1369,29,1398,0.1388
1399,26,1425,0.1388
1410,26,1436,0.1388
1427,27,1454,0.1388
1429,27,1456,0.1388
1426,28,1454,0.1388
1434,29,1463,0.1388
1462,28,1490,0.1388
1454,26,1480,0.1388
1474,30,1504,0.1388
1476,30,1506,0.1388
1474,29,1503,0.1388
1468,27,1495,0.1388
1476,29,1505,0.1388
1471,29,1500,0.1388
1461,30,1491,0.1388
1460,31,1491,0.1388
1458,30,1488,0.1388
1457,32,1489,0.1388
1470,31,1501,0.1388
1469,30,1499,0.1388
1475,30,1505,0.1388
1470,30,1500,0.1388
1474,30,1504,0.1388
1478,29,1507,0.1388
1481,30,1511,0.1388
1483,30,1513,0.1388
1479,30,1509,0.1388
1480,30,1510,0.1388
1480,29,1509,0.1388
1489,27,1516,0.1388
1478,28,1506,0.1388
1475,28,1503,0.1388
1473,28,1501,0.1388
1481,29,1510,0.1388
1495,28,1523,0.1388
1481,29,1510,0.1388
1464,31,1495,0.1388
1463,32,1495,0.1388
1462,32,1494,0.1388
1455,33,1488,0.1388
1460,32,1492,0.1388
1465,32,1497,0.1388
1448,36,1484,0.1388
1447,38,1485,0.1388
1445,38,1483,0.1388
1460,37,1497,0.1388
1454,36,1490,0.1388
1455,38,1493,0.1388
1468,38,1506,0.1388
1466,41,1507,0.1388
1460,41,1501,0.1388
1460,40,1500,0.1388
1469,41,1510,0.1388
1472,40,1512,0.1388
1468,39,1507,0.1388
1478,42,1520,0.1388
1457,43,1500,0.1388
1447,44,1491,0.1388
1430,44,1474,0.1388
1427,46,1473,0.1388
1436,47,1483,0.1388
1439,48,1487,0.1388
1442,50,1492,0.1388
1442,50,1492,0.1388
1442,51,1493,0.1388
1434,55,1489,0.1388
1428,54,1482,0.1388
1440,54,1494,0.1388
1441,55,1496,0.1388
1449,54,1503,0.1388
1447,55,1502,0.1388
1445,55,1500,0.1388
1436,54,1490,0.1388
1433,54,1487,0.1388
1440,56,1496,0.1388
1446,56,1502,0.1388
1439,60,1499,0.1388
1441,62,1503,0.1388
1435,61,1496,0.1388
1421,62,1483,0.1388
1436,62,1498,0.1388
1442,64,1506,0.1388
1436,64,1500,0.1388
1438,64,1502,0.1388
1446,64,1510,0.1388
1429,64,1493,0.1388
1425,64,1489,0.1388
1430,62,1492,0.1388
1437,63,1500,0.1388
1421,63,1484,0.1388
1416,64,1480,0.1388
1422,64,1486,0.1388
1421,63,1484,0.1388
1424,65,1489,0.1388
1426,68,1494,0.1388
1421,66,1487,0.1388
1424,64,1488,0.1388
1424,68,1492,0.1388
1415,73,1488,0.1388
1411,72,1483,0.1388
1417,71,1488,0.1388
1425,71,1496,0.1388
1422,75,1497,0.1388
1408,75,1483,0.1388
1397,75,1472,0.1388
1401,80,1481,0.1388
1416,80,1496,0.1388
1415,82,1497,0.1388
1410,82,1492,0.1388
1410,85,1495,0.1388
1416,87,1503,0.1388
1398,92,1490,0.1388
1413,90,1503,0.1388
1410,93,1503,0.1388
1406,95,1501,0.1388
1400,93,1493,0.1388
1390,94,1484,0.1388
1384,97,1481,0.1388
1392,99,1491,0.1388
1388,98,1486,0.1388
1390,98,1488,0.1388
1391,100,1491,0.1388
1392,104,1496,0.1388
1392,106,1498,0.1388
1392,109,1501,0.1388
1380,107,1487,0.1388
1373,107,1480,0.1388
1383,107,1490,0.1388
1396,110,1506,0.1388
1387,112,1499,0.1388
1388,113,1501,0.1388
1388,111,1499,0.1388
1380,113,1493,0.1388
1368,110,1478,0.1388
1368,112,1480,0.1388
1378,110,1488,0.1388
1381,112,1493,0.1388
1385,116,1501,0.1388
1369,120,1489,0.1388
1380,119,1499,0.1388
1389,121,1510,0.1388
1389,122,1511,0.1388
1383,117,1500,0.1388
1369,115,1484,0.1388
1352,120,1472,0.1388
1351,121,1472,0.1388
1360,124,1484,0.1388
1353,123,1476,0.1388
1355,125,1480,0.1388
1368,127,1495,0.1388
1363,125,1488,0.1388
1364,128,1492,0.1388
1350,131,1481,0.1388
1359,130,1489,0.1388
1345,129,1474,0.1388
1357,131,1488,0.1388
1355,133,1488,0.1388
1358,137,1495,0.1388
1352,140,1492,0.1388
1363,143,1506,0.1388
1361,145,1506,0.1388
1352,142,1494,0.1388
1344,144,1488,0.1388
1350,149,1499,0.1388
1336,150,1486,0.1388
1338,154,1492,0.1388
1338,150,1488,0.1388
1354,152,1506,0.1388
1355,151,1506,0.1388
1354,149,1503,0.1388
1344,147,1491,0.1388
1351,145,1496,0.1388
1361,148,1509,0.1388
1340,154,1494,0.1388
1332,158,1490,0.1388
1326,156,1482,0.1388
1324,157,1481,0.1388
1319,155,1474,0.1388
1317,160,1477,0.1388
1312,166,1478,0.1388
1322,163,1485,0.1388
1312,167,1479,0.1388
1325,164,1489,0.1388
1325,165,1490,0.1388
1333,168,1501,0.1388
1332,170,1502,0.1388
1323,169,1492,0.1388
1331,171,1502,0.1388
1328,168,1496,0.1388
1332,170,1502,0.1388
1331,170,1501,0.1388
1332,174,1506,0.1388
1334,174,1508,0.1388
1338,178,1516,0.1388
1329,176,1505,0.1388
1322,178,1500,0.1388
1314,180,1494,0.1388
1315,179,1494,0.1388
1313,178,1491,0.1388
1320,179,1499,0.1388
1313,180,1493,0.1388
1307,181,1488,0.1388
1301,180,1481,0.1388
1282,185,1467,0.1388
1295,186,1481,0.1388
1300,190,1490,0.1388
1313,193,1506,0.1388
1306,194,1500,0.1388
1300,199,1499,0.1388
1295,198,1493,0.1388
1293,199,1492,0.1388
1293,198,1491,0.1388
1291,197,1488,0.1388
1275,199,1474,0.1388
1275,199,1474,0.1388
1288,198,1486,0.1388
1285,198,1483,0.1388
1287,196,1483,0.1388
1290,193,1483,0.1388
1289,192,1481,0.1388
1296,196,1492,0.1388
1298,198,1496,0.1388
1296,198,1494,0.1388
1283,205,1488,0.1388
1284,204,1488,0.1388
1288,202,1490,0.1388
1285,205,1490,0.1388
1285,205,1490,0.1388
1289,213,1502,0.1388
1298,207,1505,0.1388
1298,198,1496,0.1388
1291,198,1489,0.1388
1279,195,1474,0.1388
1289,198,1487,0.1388
1287,202,1489,0.1388
1280,208,1488,0.1388
1284,212,1496,0.1388
1269,214,1483,0.1388
1271,211,1482,0.1388
1269,210,1479,0.1388
1273,212,1485,0.1388
1271,218,1489,0.1388
1271,219,1490,0.1388
1269,225,1494,0.1388
1267,222,1489,0.1388
1272,226,1498,0.1388
1284,225,1509,0.1388
1279,227,1506,0.1388
1261,229,1490,0.1388
1252,228,1480,0.1388
1252,228,1480,0.1388
1247,231,1478,0.1388
1243,237,1480,0.1388
1241,244,1485,0.1388
1247,243,1490,0.1388
1246,245,1491,0.1388
1257,239,1496,0.1388
1255,242,1497,0.1388
1246,244,1490,0.1388
1252,244,1496,0.1388
1256,244,1500,0.1388
1252,241,1493,0.1388
1269,241,1510,0.1388
1272,240,1512,0.1388
1262,242,1504,0.1388
1246,245,1491,0.1388
1234,245,1479,0.1388
1242,248,1490,0.1388
1242,247,1489,0.1388
1249,248,1497,0.1388
1261,243,1504,0.1388
1258,242,1500,0.1388
1263,246,1509,0.1388
1258,250,1508,0.1388
1265,249,1514,0.1388
1260,245,1505,0.1388
1251,247,1498,0.1388
1251,246,1497,0.1388
1249,248,1497,0.1388
1256,243,1499,0.1388
1253,243,1496,0.1388
1250,243,1493,0.1388
1256,247,1503,0.1388
1266,245,1511,0.1388
1266,240,1506,0.1388
1277,245,1522,0.1388
1269,244,1513,0.1388
1259,249,1508,0.1388
1252,248,1500,0.1388
1244,245,1489,0.1388
1249,243,1492,0.1388
1247,242,1489,0.1388
1242,248,1490,0.1388
1247,245,1492,0.1388
1251,251,1502,0.1388
1247,251,1498,0.1388
1251,252,1503,0.1388
1254,250,1504,0.1388
1247,253,1500,0.1388
1249,242,1491,0.1388
1249,242,1491,0.1388
1258,246,1504,0.1388
1254,247,1501,0.1388
1248,244,1492,0.1388
1257,243,1500,0.1388
1255,242,1497,0.1388
1257,244,1501,0.1388
1256,252,1508,0.1388
1255,248,1503,0.1388
1259,248,1507,0.1388
1263,246,1509,0.1388
1269,244,1513,0.1388
1271,238,1509,0.1388
1270,239,1509,0.1388
1249,244,1493,0.1388
1235,242,1477,0.1388
1237,237,1474,0.1388
1241,235,1476,0.1388
1249,233,1482,0.1388
1248,237,1485,0.1388
1256,237,1493,0.1388
1256,239,1495,0.1388
1240,243,1483,0.1388
1245,244,1489,0.1388
1250,244,1494,0.1388
1241,239,1480,0.1388
1244,242,1486,0.1388
1245,238,1483,0.1388
1243,240,1483,0.1388
1242,246,1488,0.1388
1251,249,1500,0.1388
1247,247,1494,0.1388
1235,241,1476,0.1388
1225,243,1468,0.1388
1238,248,1486,0.1388
1239,245,1484,0.1388
1237,246,1483,0.1388
1236,246,1482,0.1388
1253,252,1505,0.1388
1257,257,1514,0.1388
1247,257,1504,0.1388
1241,254,1495,0.1388
1234,254,1488,0.1388
1237,254,1491,0.1388
1233,257,1490,0.1388
1217,258,1475,0.1388
1225,260,1485,0.1388
1212,263,1475,0.1388
1238,261,1499,0.1388
1234,264,1498,0.1388
1225,264,1489,0.1388
1223,270,1493,0.1388
1216,273,1489,0.1388
1211,269,1480,0.1388
1221,273,1494,0.1388
1225,269,1494,0.1388
1234,263,1497,0.1388
1221,267,1488,0.1388
1235,272,1507,0.1388
1222,270,1492,0.1388
1226,264,1490,0.1388
1234,267,1501,0.1388
1233,270,1503,0.1388
1220,278,1498,0.1388
1223,280,1503,0.1388
1232,278,1510,0.1388
1224,278,1502,0.1388
1220,279,1499,0.1388
1208,279,1487,0.1388
1210,281,1491,0.1388
1216,287,1503,0.1388
1222,291,1513,0.1388
1222,288,1510,0.1388
1230,277,1507,0.1388
1228,277,1505,0.1388
1224,279,1503,0.1388
1221,277,1498,0.1388
1227,280,1507,0.1388
1213,289,1502,0.1388
1205,287,1492,0.1388
1204,286,1490,0.1388
1204,288,1492,0.1388
1204,289,1493,0.1388
1217,286,1503,0.1388
1213,292,1505,0.1388
1203,293,1496,0.1388
1202,294,1496,0.1388
1197,302,1499,0.1388
1202,298,1500,0.1388
1197,298,1495,0.1388
1203,301,1504,0.1388
1198,302,1500,0.1388
1191,303,1494,0.1388
1192,302,1494,0.1388
1199,300,1499,0.1388
1183,298,1481,0.1388
1183,301,1484,0.1388
1181,305,1486,0.1388
1181,306,1487,0.1388
1179,311,1490,0.1388
1183,311,1494,0.1388
1178,311,1489,0.1388
1182,315,1497,0.1388
1174,317,1491,0.1388
1185,315,1500,0.1388
1173,318,1491,0.1388
1171,323,1494,0.1388
1176,317,1493,0.1388
1172,327,1499,0.1388
1177,329,1506,0.1388
1167,332,1499,0.1388
1160,339,1499,0.1388
1150,341,1491,0.1388
1153,335,1488,0.1388
1155,338,1493,0.1388
1150,338,1488,0.1388
1153,341,1494,0.1388
1149,338,1487,0.1388
1150,340,1490,0.1388
1156,341,1497,0.1388
1166,333,1499,0.1388
1161,336,1497,0.1388
1158,331,1489,0.1388
1154,322,1476,0.1388
1157,328,1485,0.1388
1157,326,1483,0.1388
1165,335,1500,0.1388
1159,339,1498,0.1388
1161,335,1496,0.1388
1174,332,1506,0.1388
1181,337,1518,0.1388
1169,336,1505,0.1388
1161,337,1498,0.1388
1155,341,1496,0.1388
1151,346,1497,0.1388
1153,347,1500,0.1388
1149,351,1500,0.1388
1148,352,1500,0.1388
1139,354,1493,0.1388
1138,353,1491,0.1388
1142,356,1498,0.1388
1140,362,1502,0.1388
1135,359,1494,0.1388
1127,364,1491,0.1388
1137,353,1490,0.1388
1132,358,1490,0.1388
1134,352,1486,0.1388
1138,353,1491,0.1388
1126,356,1482,0.1388
1112,356,1468,0.1388
1121,363,1484,0.1388
1123,368,1491,0.1388
1139,368,1507,0.1388
1148,365,1513,0.1388
1138,362,1500,0.1388
1140,361,1501,0.1388
1148,357,1505,0.1388
1154,353,1507,0.1388
1152,360,1512,0.1388
1143,365,1508,0.1388
1142,361,1503,0.1388
1138,355,1493,0.1388
1136,355,1491,0.1388
1140,357,1497,0.1388
1142,352,1494,0.1388
1142,356,1498,0.1388
1157,351,1508,0.1388
1151,352,1503,0.1388
1153,352,1505,0.1388
1143,356,1499,0.1388
1148,356,1504,0.1388
1143,366,1509,0.1388
1138,371,1509,0.1388
1134,372,1506,0.1388
1132,374,1506,0.1388
1129,369,1498,0.1388
1131,367,1498,0.1388
1138,373,1511,0.1388
1129,365,1494,0.1388
1143,360,1503,0.1388
1150,363,1513,0.1388
1140,366,1506,0.1388
1138,367,1505,0.1388
1133,371,1504,0.1388
1133,370,1503,0.1388
1139,363,1502,0.1388
1122,367,1489,0.1388
1128,375,1503,0.1388
1110,373,1483,0.1388
1109,382,1491,0.1388
1103,379,1482,0.1388
1100,384,1484,0.1388
1100,388,1488,0.1388
1097,393,1490,0.1388
1101,389,1490,0.1388
1095,392,1487,0.1388
1112,380,1492,0.1388
1108,377,1485,0.1388
1098,384,1482,0.1388
1107,384,1491,0.1388
1102,384,1486,0.1388
1106,384,1490,0.1388
1101,393,1494,0.1388
1102,392,1494,0.1388
1099,391,1490,0.1388
1097,405,1502,0.1388
1093,399,1492,0.1388
1092,403,1495,0.1388
1092,409,1501,0.1388
1092,406,1498,0.1388
1075,407,1482,0.1388
1078,405,1483,0.1388
1068,409,1477,0.1388
1075,409,1484,0.1388
1081,415,1496,0.1388
1085,417,1502,0.1388
1083,422,1505,0.1388
1087,422,1509,0.1388
1075,418,1493,0.1388
1082,424,1506,0.1388
1079,424,1503,0.1388
1074,427,1501,0.1388
1067,426,1493,0.1388
1072,419,1491,0.1388
1065,423,1488,0.1388
1060,429,1489,0.1388
1058,427,1485,0.1388
1057,432,1489,0.1388
1059,430,1489,0.1388
1060,429,1489,0.1388
1050,429,1479,0.1388
1052,426,1478,0.1388
1057,432,1489,0.1388
1051,436,1487,0.1388
1061,444,1505,0.1388
1056,440,1496,0.1388
1057,450,1507,0.1388
1064,441,1505,0.1388
1050,445,1495,0.1388
1056,444,1500,0.1388
1042,444,1486,0.1388
1047,444,1491,0.1388
1052,447,1499,0.1388
1051,446,1497,0.1388
1051,447,1498,0.1388
1052,450,1502,0.1388
1055,452,1507,0.1388
1061,449,1510,0.1388
1060,457,1517,0.1388
1054,455,1509,0.1388
1064,451,1515,0.1388
1054,459,1513,0.1388
1050,456,1506,0.1388
1050,457,1507,0.1388
1046,448,1494,0.1388
1042,450,1492,0.1388
1059,444,1503,0.1388
1051,455,1506,0.1388
1055,454,1509,0.1388
1041,452,1493,0.1388
1042,457,1499,0.1388
1044,456,1500,0.1388
1032,458,1490,0.1388
1034,462,1496,0.1388
1023,460,1483,0.1388
1023,458,1481,0.1388
1022,459,1481,0.1388
1033,455,1488,0.1388
1045,456,1501,0.1388
1031,458,1489,0.1388
1034,452,1486,0.1388
1028,454,1482,0.1388
1018,459,1477,0.1388
1022,464,1486,0.1388
1040,461,1501,0.1388
1039,464,1503,0.1388
1039,465,1504,0.1388
1042,455,1497,0.1388
1053,455,1508,0.1388
1048,451,1499,0.1388
1031,453,1484,0.1388
1040,457,1497,0.1388
1035,468,1503,0.1388
1036,467,1503,0.1388
1043,455,1498,0.1388
1044,460,1504,0.1388
1046,466,1512,0.1388
1047,472,1519,0.1388
1034,470,1504,0.1388
1033,462,1495,0.1388
1030,459,1489,0.1388
1033,455,1488,0.1388
1041,469,1510,0.1388
1039,466,1505,0.1388
1045,461,1506,0.1388
1043,466,1509,0.1388
1044,464,1508,0.1388
1050,463,1513,0.1388
1047,466,1513,0.1388
1040,468,1508,0.1388
1029,465,1494,0.1388
1018,466,1484,0.1388
1023,461,1484,0.1388
1019,477,1496,0.1388
1024,475,1499,0.1388
1026,478,1504,0.1388
1024,481,1505,0.1388
1025,469,1494,0.1388
1012,477,1489,0.1388
1022,467,1489,0.1388
1020,462,1482,0.1388
1022,460,1482,0.1388
1030,465,1495,0.1388
1024,473,1497,0.1388
1025,480,1505,0.1388
1019,484,1503,0.1388
1021,484,1505,0.1388
1012,489,1501,0.1388
1008,490,1498,0.1388
1004,497,1501,0.1388
1000,497,1497,0.1388
996,499,1495,0.1388
1000,501,1501,0.1388
1000,502,1502,0.1388
997,502,1499,0.1388
1001,499,1500,0.1388
997,507,1504,0.1388
1000,505,1505,0.1388
993,508,1501,0.1388
990,511,1501,0.1388
987,508,1495,0.1388
984,510,1494,0.1388
991,506,1497,0.1388
999,510,1509,0.1388
997,511,1508,0.1388
996,512,1508,0.1388
990,509,1499,0.1388
980,509,1489,0.1388
970,517,1487,0.1388
970,514,1484,0.1388
958,518,1476,0.1388
961,522,1483,0.1388
959,524,1483,0.1388
964,526,1490,0.1388
953,534,1487,0.1388
960,536,1496,0.1388
966,542,1508,0.1388
972,535,1507,0.1388
965,537,1502,0.1388
980,539,1519,0.1388
980,538,1518,0.1388
976,536,1512,0.1388
973,533,1506,0.1388
953,535,1488,0.1388
955,545,1500,0.1388
947,533,1480,0.1388
952,550,1502,0.1388
950,553,1503,0.1388
959,552,1511,0.1388
950,549,1499,0.1388
943,539,1482,0.1388
961,540,1501,0.1388
958,539,1497,0.1388
955,548,1503,0.1388
951,543,1494,0.1388
955,546,1501,0.1388
954,546,1500,0.1388
942,542,1484,0.1388
949,541,1490,0.1388
943,549,1492,0.1388
946,555,1501,0.1388
946,553,1499,0.1388
943,543,1486,0.1388
937,548,1485,0.1388
937,547,1484,0.1388
937,545,1482,0.1388
946,548,1494,0.1388
963,552,1515,0.1388
953,549,1502,0.1388
944,546,1490,0.1388
945,546,1491,0.1388
951,547,1498,0.1388
949,547,1496,0.1388
947,551,1498,0.1388
946,547,1493,0.1388
946,554,1500,0.1388
951,552,1503,0.1388
955,547,1502,0.1388
967,544,1511,0.1388
957,547,1504,0.1388
949,547,1496,0.1388
957,542,1499,0.1388
968,541,1509,0.1388
950,546,1496,0.1388
941,554,1495,0.1388
931,570,1501,0.1388
937,572,1509,0.1388
943,570,1513,0.1388
936,570,1506,0.1388
937,581,1518,0.1388
932,576,1508,0.1388
934,570,1504,0.1388
929,554,1483,0.1388
933,558,1491,0.1388
923,556,1479,0.1388
929,564,1493,0.1388
944,570,1514,0.1388
946,576,1522,0.1388
937,574,1511,0.1388
933,578,1511,0.1388
938,576,1514,0.1388
943,572,1515,0.1388
945,581,1526,0.1388
937,579,1516,0.1388
926,576,1502,0.1388
924,574,1498,0.1388
921,572,1493,0.1388
934,565,1499,0.1388
939,561,1500,0.1388
938,561,1499,0.1388
928,565,1493,0.1388
938,562,1500,0.1388
934,562,1496,0.1388
940,566,1506,0.1388
942,558,1500,0.1388
940,558,1498,0.1388
936,568,1504,0.1388
940,569,1509,0.1388
937,569,1506,0.1388
929,573,1502,0.1388
934,570,1504,0.1388
941,573,1514,0.1388
940,573,1513,0.1388
935,569,1504,0.1388
937,567,1504,0.1388
932,563,1495,0.1388
931,562,1493,0.1388
944,559,1503,0.1388
938,566,1504,0.1388
944,562,1506,0.1388
925,561,1486,0.1388
925,566,1491,0.1388
939,566,1505,0.1388
932,564,1496,0.1388
943,565,1508,0.1388
935,569,1504,0.1388
944,575,1519,0.1388
937,574,1511,0.1388
945,575,1520,0.1388
941,572,1513,0.1388
940,573,1513,0.1388
937,579,1516,0.1388
931,578,1509,0.1388
937,571,1508,0.1388
932,582,1514,0.1388
926,572,1498,0.1388
927,576,1503,0.1388
932,573,1505,0.1388
914,582,1496,0.1388
909,584,1493,0.1388
909,590,1499,0.1388
910,586,1496,0.1388
924,577,1501,0.1388
918,581,1499,0.1388
917,581,1498,0.1388
916,585,1501,0.1388
921,578,1499,0.1388
913,576,1489,0.1388
908,587,1495,0.1388
903,588,1491,0.1388
910,589,1499,0.1388
924,582,1506,0.1388
924,582,1506,0.1388
924,585,1509,0.1388
924,583,1507,0.1388
917,599,1516,0.1388
920,598,1518,0.1388
921,595,1516,0.1388
921,591,1512,0.1388
914,598,1512,0.1388
914,597,1511,0.1388
905,597,1502,0.1388
911,603,1514,0.1388
912,602,1514,0.1388
899,611,1510,0.1388
900,609,1509,0.1388
897,604,1501,0.1388
888,610,1498,0.1388
894,612,1506,0.1388
894,604,1498,0.1388
882,612,1494,0.1388
873,614,1487,0.1388
872,610,1482,0.1388
867,614,1481,0.1388
865,613,1478,0.1388
862,610,1472,0.1388
867,613,1480,0.1388
873,615,1488,0.1388
872,619,1491,0.1388
873,623,1496,0.1388
868,620,1488,0.1388
872,622,1494,0.1388
871,617,1488,0.1388
873,623,1496,0.1388
877,622,1499,0.1388
880,626,1506,0.1388
879,631,1510,0.1388
880,632,1512,0.1388
874,632,1506,0.1388
873,630,1503,0.1388
880,626,1506,0.1388
884,626,1510,0.1388
878,628,1506,0.1388
877,630,1507,0.1388
873,626,1499,0.1388
876,630,1506,0.1388
867,630,1497,0.1388
862,633,1495,0.1388
861,639,1500,0.1388
869,641,1510,0.1388
875,632,1507,0.1388
868,635,1503,0.1388
876,628,1504,0.1388
865,636,1501,0.1388
868,645,1513,0.1388
866,636,1502,0.1388
860,637,1497,0.1388
859,641,1500,0.1388
855,652,1507,0.1388
858,643,1501,0.1388
860,646,1506,0.1388
843,654,1497,0.1388
835,656,1491,0.1388
847,663,1510,0.1388
852,652,1504,0.1388
841,656,1497,0.1388
846,661,1507,0.1388
847,655,1502,0.1388
836,655,1491,0.1388
833,665,1498,0.1388
836,673,1509,0.1388
834,674,1508,0.1388
833,673,1506,0.1388
821,671,1492,0.1388
822,671,1493,0.1388
824,658,1482,0.1388
822,666,1488,0.1388
819,678,1497,0.1388
816,678,1494,0.1388
812,668,1480,0.1388
811,676,1487,0.1388
817,672,1489,0.1388
817,676,1493,0.1388
819,679,1498,0.1388
823,681,1504,0.1388
822,680,1502,0.1388
820,676,1496,0.1388
832,670,1502,0.1388
828,670,1498,0.1388
826,665,1491,0.1388
826,662,1488,0.1388
824,662,1486,0.1388
825,662,1487,0.1388
827,677,1504,0.1388
819,682,1501,0.1388
820,686,1506,0.1388
814,687,1501,0.1388
816,693,1509,0.1388
803,700,1503,0.1388
799,706,1505,0.1388
798,699,1497,0.1388
794,699,1493,0.1388
797,710,1507,0.1388
796,716,1512,0.1388
789,713,1502,0.1388
789,711,1500,0.1388
779,716,1495,0.1388
776,722,1498,0.1388
782,730,1512,0.1388
783,724,1507,0.1388
773,722,1495,0.1388
773,719,1492,0.1388
768,730,1498,0.1388
770,741,1511,0.1388
772,736,1508,0.1388
777,740,1517,0.1388
766,740,1506,0.1388
762,739,1501,0.1388
765,740,1505,0.1388
756,749,1505,0.1388
741,759,1500,0.1388
744,761,1505,0.1388
738,755,1493,0.1388
746,765,1511,0.1388
736,766,1502,0.1388
729,768,1497,0.1388
742,774,1516,0.1388
741,766,1507,0.1388
738,766,1504,0.1388
739,772,1511,0.1388
743,781,1524,0.1388
740,775,1515,0.1388
740,767,1507,0.1388
735,775,1510,0.1388
738,776,1514,0.1388
737,771,1508,0.1388
728,775,1503,0.1388
733,783,1516,0.1388
728,785,1513,0.1388
742,774,1516,0.1388
730,763,1493,0.1388
730,769,1499,0.1388
734,778,1512,0.1388
723,780,1503,0.1388
722,772,1494,0.1388
720,787,1507,0.1388
718,781,1499,0.1388
726,789,1515,0.1388
730,788,1518,0.1388
735,778,1513,0.1388
733,781,1514,0.1388
725,786,1511,0.1388
718,773,1491,0.1388
719,781,1500,0.1388
730,780,1510,0.1388
732,784,1516,0.1388
730,777,1507,0.1388
724,771,1495,0.1388
722,776,1498,0.1388
729,785,1514,0.1388
729,782,1511,0.1388
723,784,1507,0.1388
712,776,1488,0.1388
708,783,1491,0.1388
710,781,1491,0.1388
710,785,1495,0.1388
721,778,1499,0.1388
725,783,1508,0.1388
721,797,1518,0.1388
724,801,1525,0.1388
726,796,1522,0.1388
724,786,1510,0.1388
725,782,1507,0.1388
734,776,1510,0.1388
729,761,1490,0.1388
724,771,1495,0.1388
728,768,1496,0.1388
732,776,1508,0.1388
732,785,1517,0.1388
725,779,1504,0.1388
727,786,1513,0.1388
725,783,1508,0.1388
718,803,1521,0.1388
716,796,1512,0.1388
720,804,1524,0.1388
716,798,1514,0.1388
711,795,1506,0.1388
704,806,1510,0.1388
700,802,1502,0.1388
690,799,1489,0.1388
682,812,1494,0.1388
683,816,1499,0.1388
683,810,1493,0.1388
679,812,1491,0.1388
688,821,1509,0.1388
681,826,1507,0.1388
686,832,1518,0.1388
676,830,1506,0.1388
678,830,1508,0.1388
669,825,1494,0.1388
675,833,1508,0.1388
675,832,1507,0.1388
674,841,1515,0.1388
679,839,1518,0.1388
677,829,1506,0.1388
670,842,1512,0.1388
666,841,1507,0.1388
658,845,1503,0.1388
656,848,1504,0.1388
648,845,1493,0.1388
653,843,1496,0.1388
646,838,1484,0.1388
654,848,1502,0.1388
651,851,1502,0.1388
654,849,1503,0.1388
646,855,1501,0.1388
654,854,1508,0.1388
651,855,1506,0.1388
647,846,1493,0.1388
641,851,1492,0.1388
649,858,1507,0.1388
648,864,1512,0.1388
659,856,1515,0.1388
651,853,1504,0.1388
642,856,1498,0.1388
634,861,1495,0.1388
645,853,1498,0.1388
641,864,1505,0.1388
640,866,1506,0.1388
636,866,1502,0.1388
638,867,1505,0.1388
639,867,1506,0.1388
637,859,1496,0.1388
648,868,1516,0.1388
653,876,1529,0.1388
653,866,1519,0.1388
639,861,1500,0.1388
644,872,1516,0.1388
645,872,1517,0.1388
636,864,1500,0.1388
631,871,1502,0.1388
632,869,1501,0.1388
630,876,1506,0.1388
628,881,1509,0.1388
618,879,1497,0.1388
623,883,1506,0.1388
616,882,1498,0.1388
610,895,1505,0.1388
607,902,1509,0.1388
595,900,1495,0.1388
599,915,1514,0.1388
604,915,1519,0.1388
595,907,1502,0.1388
596,915,1511,0.1388
597,909,1506,0.1388
603,910,1513,0.1388
597,909,1506,0.1388
588,909,1497,0.1388
589,914,1503,0.1388
578,917,1495,0.1388
586,916,1502,0.1388
579,919,1498,0.1388
564,919,1483,0.1388
569,926,1495,0.1388
562,931,1493,0.1388
552,947,1499,0.1388
557,949,1506,0.1388
554,948,1502,0.1388
560,939,1499,0.1388
562,946,1508,0.1388
571,946,1517,0.1388
567,950,1517,0.1388
560,948,1508,0.1388
560,953,1513,0.1388
563,948,1511,0.1388
564,945,1509,0.1388
562,947,1509,0.1388
563,940,1503,0.1388
560,950,1510,0.1388
554,961,1515,0.1388
565,951,1516,0.1388
566,961,1527,0.1388
559,960,1519,0.1388
550,965,1515,0.1388
545,963,1508,0.1388
540,956,1496,0.1388
539,963,1502,0.1388
546,968,1514,0.1388
552,967,1519,0.1388
561,962,1523,0.1388
560,958,1518,0.1388
567,953,1520,0.1388
565,955,1520,0.1388
563,959,1522,0.1388
556,965,1521,0.1388
546,964,1510,0.1388
543,969,1512,0.1388
557,965,1522,0.1388
549,957,1506,0.1388
547,967,1514,0.1388
538,963,1501,0.1388
537,962,1499,0.1388
540,968,1508,0.1388
539,969,1508,0.1388
541,963,1504,0.1388
547,956,1503,0.1388
547,961,1508,0.1388
548,964,1512,0.1388
545,964,1509,0.1388
550,968,1518,0.1388
545,976,1521,0.1388
545,978,1523,0.1388
549,984,1533,0.1388
538,987,1525,0.1388
533,985,1518,0.1388
526,989,1515,0.1388
517,993,1510,0.1388
515,987,1502,0.1388
513,973,1486,0.1388
517,981,1498,0.1388
519,981,1500,0.1388
513,990,1503,0.1388
508,1002,1510,0.1388
513,1006,1519,0.1388
509,1007,1516,0.1388
500,1001,1501,0.1388
499,1006,1505,0.1388
497,1009,1506,0.1388
496,1001,1497,0.1388
496,1007,1503,0.1388
501,997,1498,0.1388
506,1004,1510,0.1388
502,1006,1508,0.1388
505,989,1494,0.1388
512,1002,1514,0.1388
514,1019,1533,0.1388
504,1014,1518,0.1388
505,1007,1512,0.1388
502,1014,1516,0.1388
503,1015,1518,0.1388
508,1020,1528,0.1388
510,1016,1526,0.1388
500,1019,1519,0.1388
501,1019,1520,0.1388
495,1024,1519,0.1388
489,1032,1521,0.1388
488,1025,1513,0.1388
479,1023,1502,0.1388
487,1012,1499,0.1388
482,1018,1500,0.1388
478,1007,1485,0.1388
482,1017,1499,0.1388
481,1028,1509,0.1388
475,1032,1507,0.1388
475,1034,1509,0.1388
473,1035,1508,0.1388
470,1047,1517,0.1388
472,1039,1511,0.1388
479,1043,1522,0.1388
479,1048,1527,0.1388
472,1056,1528,0.1388
464,1057,1521,0.1388
457,1055,1512,0.1388
458,1050,1508,0.1388
458,1056,1514,0.1388
455,1050,1505,0.1388
452,1050,1502,0.1388
456,1052,1508,0.1388
453,1048,1501,0.1388
446,1052,1498,0.1388
450,1061,1511,0.1388
446,1050,1496,0.1388
445,1060,1505,0.1388
446,1052,1498,0.1388
445,1057,1502,0.1388
448,1067,1515,0.1388
449,1063,1512,0.1388
451,1060,1511,0.1388
450,1063,1513,0.1388
449,1070,1519,0.1388
450,1064,1514,0.1388
447,1071,1518,0.1388
449,1069,1518,0.1388
445,1074,1519,0.1388
436,1065,1501,0.1388
432,1075,1507,0.1388
428,1072,1500,0.1388
429,1085,1514,0.1388
430,1080,1510,0.1388
428,1079,1507,0.1388
429,1083,1512,0.1388
429,1088,1517,0.1388
426,1084,1510,0.1388
429,1079,1508,0.1388
425,1081,1506,0.1388
426,1081,1507,0.1388
423,1078,1501,0.1388
419,1095,1514,0.1388
423,1083,1506,0.1388
421,1073,1494,0.1388
420,1069,1489,0.1388
417,1067,1484,0.1388
415,1069,1484,0.1388
417,1061,1478,0.1388
418,1078,1496,0.1388
425,1081,1506,0.1388
426,1090,1516,0.1388
430,1093,1523,0.1388
424,1085,1509,0.1388
420,1066,1486,0.1388
420,1067,1487,0.1388
419,1069,1488,0.1388
418,1076,1494,0.1388
418,1078,1496,0.1388
419,1090,1509,0.1388
427,1094,1521,0.1388
432,1092,1524,0.1388
421,1093,1514,0.1388
417,1099,1516,0.1388
417,1100,1517,0.1388
415,1108,1523,0.1388
413,1095,1508,0.1388
410,1097,1507,0.1388
407,1099,1506,0.1388
414,1112,1526,0.1388
417,1104,1521,0.1388
416,1103,1519,0.1388
419,1103,1522,0.1388
418,1105,1523,0.1388
412,1106,1518,0.1388
410,1111,1521,0.1388
410,1110,1520,0.1388
410,1111,1521,0.1388
400,1115,1515,0.1388
395,1111,1506,0.1388
396,1110,1506,0.1388
405,1119,1524,0.1388
400,1109,1509,0.1388
402,1106,1508,0.1388
404,1115,1519,0.1388
405,1095,1500,0.1388
414,1108,1522,0.1388
411,1116,1527,0.1388
411,1104,1515,0.1388
411,1106,1517,0.1388
411,1098,1509,0.1388
412,1093,1505,0.1388
410,1093,1503,0.1388
412,1107,1519,0.1388
414,1088,1502,0.1388
416,1094,1510,0.1388
412,1100,1512,0.1388
415,1102,1517,0.1388
414,1110,1524,0.1388
407,1101,1508,0.1388
410,1095,1505,0.1388
408,1101,1509,0.1388
419,1097,1516,0.1388
412,1099,1511,0.1388
403,1109,1512,0.1388
401,1101,1502,0.1388
402,1103,1505,0.1388
408,1100,1508,0.1388
406,1114,1520,0.1388
409,1105,1514,0.1388
408,1107,1515,0.1388
412,1098,1510,0.1388
409,1112,1521,0.1388
407,1102,1509,0.1388
405,1092,1497,0.1388
405,1111,1516,0.1388
405,1108,1513,0.1388
400,1118,1518,0.1388
403,1113,1516,0.1388
391,1113,1504,0.1388
393,1120,1513,0.1388
395,1108,1503,0.1388
392,1114,1506,0.1388
394,1120,1514,0.1388
390,1123,1513,0.1388
390,1128,1518,0.1388
382,1130,1512,0.1388
382,1135,1517,0.1388
383,1131,1514,0.1388
389,1128,1517,0.1388
388,1130,1518,0.1388
386,1133,1519,0.1388
386,1137,1523,0.1388
386,1142,1528,0.1388
381,1141,1522,0.1388
375,1141,1516,0.1388
371,1141,1512,0.1388
372,1136,1508,0.1388
366,1141,1507,0.1388
368,1142,1510,0.1388
370,1130,1500,0.1388
369,1128,1497,0.1388
367,1146,1513,0.1388
368,1149,1517,0.1388
370,1136,1506,0.1388
369,1134,1503,0.1388
373,1139,1512,0.1388
371,1148,1519,0.1388
371,1149,1520,0.1388
369,1153,1522,0.1388
366,1146,1512,0.1388
368,1156,1524,0.1388
366,1158,1524,0.1388
361,1158,1519,0.1388
354,1155,1509,0.1388
351,1153,1504,0.1388
345,1149,1494,0.1388
347,1169,1516,0.1388
346,1165,1511,0.1388
344,1160,1504,0.1388
349,1162,1511,0.1388
359,1172,1531,0.1388
351,1167,1518,0.1388
347,1171,1518,0.1388
347,1168,1515,0.1388
337,1171,1508,0.1388
338,1172,1510,0.1388
343,1180,1523,0.1388
336,1181,1517,0.1388
340,1192,1532,0.1388
345,1183,1528,0.1388
341,1191,1532,0.1388
335,1185,1520,0.1388
339,1173,1512,0.1388
337,1172,1509,0.1388
339,1172,1511,0.1388
340,1176,1516,0.1388
340,1186,1526,0.1388
335,1178,1513,0.1388
326,1181,1507,0.1388
323,1186,1509,0.1388
322,1183,1505,0.1388
316,1192,1508,0.1388
316,1203,1519,0.1388
318,1200,1518,0.1388
314,1183,1497,0.1388
317,1192,1509,0.1388
325,1198,1523,0.1388
320,1204,1524,0.1388
318,1199,1517,0.1388
312,1203,1515,0.1388
305,1201,1506,0.1388
306,1207,1513,0.1388
311,1210,1521,0.1388
304,1215,1519,0.1388
306,1213,1519,0.1388
305,1208,1513,0.1388
299,1224,1523,0.1388
290,1207,1497,0.1388
287,1216,1503,0.1388
290,1216,1506,0.1388
285,1222,1507,0.1388
288,1234,1522,0.1388
286,1231,1517,0.1388
287,1240,1527,0.1388
285,1237,1522,0.1388
283,1234,1517,0.1388
284,1239,1523,0.1388
280,1223,1503,0.1388
282,1218,1500,0.1388
279,1215,1494,0.1388
279,1218,1497,0.1388
278,1214,1492,0.1388
278,1230,1508,0.1388
275,1237,1512,0.1388
276,1237,1513,0.1388
281,1239,1520,0.1388
279,1249,1528,0.1388
276,1244,1520,0.1388
278,1232,1510,0.1388
278,1235,1513,0.1388
275,1235,1510,0.1388
272,1248,1520,0.1388
274,1236,1510,0.1388
274,1235,1509,0.1388
273,1226,1499,0.1388
272,1246,1518,0.1388
267,1244,1511,0.1388
268,1235,1503,0.1388
268,1236,1504,0.1388
264,1241,1505,0.1388
260,1235,1495,0.1388
256,1231,1487,0.1388
253,1247,1500,0.1388
250,1243,1493,0.1388
242,1246,1488,0.1388
244,1256,1500,0.1388
249,1238,1487,0.1388
248,1257,1505,0.1388
243,1261,1504,0.1388
249,1272,1521,0.1388
250,1280,1530,0.1388
251,1275,1526,0.1388
250,1276,1526,0.1388
246,1279,1525,0.1388
242,1281,1523,0.1388
244,1269,1513,0.1388
246,1273,1519,0.1388
241,1284,1525,0.1388
241,1283,1524,0.1388
237,1279,1516,0.1388
238,1269,1507,0.1388
235,1279,1514,0.1388
231,1286,1517,0.1388
222,1287,1509,0.1388
216,1284,1500,0.1388
222,1285,1507,0.1388
223,1290,1513,0.1388
225,1281,1506,0.1388
221,1282,1503,0.1388
219,1290,1509,0.1388
223,1291,1514,0.1388
226,1302,1528,0.1388
225,1292,1517,0.1388
227,1287,1514,0.1388
229,1287,1516,0.1388
229,1274,1503,0.1388
233,1275,1508,0.1388
233,1280,1513,0.1388
234,1285,1519,0.1388
235,1297,1532,0.1388
235,1289,1524,0.1388
236,1268,1504,0.1388
233,1278,1511,0.1388
231,1275,1506,0.1388
231,1275,1506,0.1388
234,1286,1520,0.1388
236,1292,1528,0.1388
234,1285,1519,0.1388
225,1294,1519,0.1388
222,1299,1521,0.1388
223,1301,1524,0.1388
223,1310,1533,0.1388
224,1299,1523,0.1388
222,1298,1520,0.1388
216,1299,1515,0.1388
212,1306,1518,0.1388
211,1302,1513,0.1388
214,1298,1512,0.1388
213,1288,1501,0.1388
209,1280,1489,0.1388
206,1286,1492,0.1388
204,1293,1497,0.1388
205,1304,1509,0.1388
202,1316,1518,0.1388
199,1314,1513,0.1388
199,1315,1514,0.1388
196,1328,1524,0.1388
198,1329,1527,0.1388
199,1331,1530,0.1388
193,1321,1514,0.1388
192,1310,1502,0.1388
191,1309,1500,0.1388
192,1318,1510,0.1388
191,1326,1517,0.1388
188,1324,1512,0.1388
185,1326,1511,0.1388
180,1341,1521,0.1388
181,1339,1520,0.1388
182,1345,1527,0.1388
183,1345,1528,0.1388
183,1337,1520,0.1388
185,1332,1517,0.1388
182,1340,1522,0.1388
183,1341,1524,0.1388
186,1332,1518,0.1388
191,1334,1525,0.1388
188,1329,1517,0.1388
182,1340,1522,0.1388
176,1342,1518,0.1388
176,1333,1509,0.1388
177,1335,1512,0.1388
180,1344,1524,0.1388
180,1340,1520,0.1388
181,1347,1528,0.1388
176,1351,1527,0.1388
173,1342,1515,0.1388
176,1343,1519,0.1388
172,1340,1512,0.1388
172,1336,1508,0.1388
168,1338,1506,0.1388
170,1341,1511,0.1388
168,1349,1517,0.1388
170,1354,1524,0.1388
170,1344,1514,0.1388
169,1341,1510,0.1388
169,1345,1514,0.1388
166,1350,1516,0.1388
166,1348,1514,0.1388
165,1353,1518,0.1388
161,1358,1519,0.1388
163,1362,1525,0.1388
161,1355,1516,0.1388
158,1356,1514,0.1388
161,1359,1520,0.1388
156,1352,1508,0.1388
157,1358,1515,0.1388
160,1359,1519,0.1388
165,1354,1519,0.1388
167,1342,1509,0.1388
171,1349,1520,0.1388
170,1358,1528,0.1388
170,1365,1535,0.1388
163,1373,1536,0.1388
162,1367,1529,0.1388
161,1362,1523,0.1388
168,1350,1518,0.1388
164,1365,1529,0.1388
162,1354,1516,0.1388
168,1347,1515,0.1388
167,1354,1521,0.1388
166,1358,1524,0.1388
169,1344,1513,0.1388
168,1347,1515,0.1388
166,1358,1524,0.1388
161,1356,1517,0.1388
156,1349,1505,0.1388
158,1335,1493,0.1388
158,1358,1516,0.1388
160,1347,1507,0.1388
159,1357,1516,0.1388
154,1358,1512,0.1388
154,1360,1514,0.1388
155,1361,1516,0.1388
157,1360,1517,0.1388
160,1351,1511,0.1388
157,1347,1504,0.1388
157,1350,1507,0.1388
157,1363,1520,0.1388
157,1359,1516,0.1388
157,1370,1527,0.1388
156,1376,1532,0.1388
156,1368,1524,0.1388
155,1372,1527,0.1388
153,1358,1511,0.1388
152,1358,1510,0.1388
154,1357,1511,0.1388
147,1363,1510,0.1388
147,1355,1502,0.1388
144,1361,1505,0.1388
140,1371,1511,0.1388
140,1368,1508,0.1388
143,1372,1515,0.1388
146,1376,1522,0.1388
145,1381,1526,0.1388
149,1381,1530,0.1388
149,1383,1532,0.1388
147,1384,1531,0.1388
147,1388,1535,0.1388
145,1386,1531,0.1388
143,1376,1519,0.1388
142,1386,1528,0.1388
146,1386,1532,0.1388
143,1374,1517,0.1388
143,1378,1521,0.1388
141,1358,1499,0.1388
146,1364,1510,0.1388
145,1362,1507,0.1388
142,1364,1506,0.1388
141,1369,1510,0.1388
141,1375,1516,0.1388
143,1365,1508,0.1388
144,1361,1505,0.1388
139,1368,1507,0.1388
140,1371,1511,0.1388
141,1367,1508,0.1388
142,1372,1514,0.1388
139,1375,1514,0.1388
139,1361,1500,0.1388
136,1368,1504,0.1388
134,1365,1499,0.1388
136,1363,1499,0.1388
142,1369,1511,0.1388
144,1365,1509,0.1388
147,1371,1518,0.1388
148,1387,1535,0.1388
149,1375,1524,0.1388
145,1377,1522,0.1388
142,1374,1516,0.1388
142,1370,1512,0.1388
144,1364,1508,0.1388
143,1355,1498,0.1388
140,1364,1504,0.1388
143,1361,1504,0.1388
144,1362,1506,0.1388
147,1378,1525,0.1388
146,1367,1513,0.1388
143,1374,1517,0.1388
142,1375,1517,0.1388
142,1387,1529,0.1388
141,1393,1534,0.1388
136,1389,1525,0.1388
138,1393,1531,0.1388
135,1398,1533,0.1388
129,1395,1524,0.1388
122,1390,1512,0.1388
124,1397,1521,0.1388
126,1393,1519,0.1388
120,1403,1523,0.1388
119,1406,1525,0.1388
120,1413,1533,0.1388
121,1404,1525,0.1388
116,1398,1514,0.1388
116,1381,1497,0.1388
115,1393,1508,0.1388
115,1412,1527,0.1388
115,1400,1515,0.1388
117,1406,1523,0.1388
117,1414,1531,0.1388
119,1414,1533,0.1388
115,1417,1532,0.1388
111,1416,1527,0.1388
110,1409,1519,0.1388
108,1410,1518,0.1388
108,1412,1520,0.1388
107,1413,1520,0.1388
107,1402,1509,0.1388
107,1400,1507,0.1388
109,1407,1516,0.1388
110,1400,1510,0.1388
107,1407,1514,0.1388
108,1415,1523,0.1388
108,1399,1507,0.1388
111,1405,1516,0.1388
108,1403,1511,0.1388
104,1411,1515,0.1388
100,1432,1532,0.1388
96,1440,1536,0.1388
97,1433,1530,0.1388
101,1427,1528,0.1388
99,1423,1522,0.1388
100,1432,1532,0.1388
101,1418,1519,0.1388
104,1417,1521,0.1388
104,1416,1520,0.1388
104,1425,1529,0.1388
103,1428,1531,0.1388
104,1425,1529,0.1388
103,1429,1532,0.1388
102,1424,1526,0.1388
103,1412,1515,0.1388
102,1432,1534,0.1388
100,1427,1527,0.1388
103,1427,1530,0.1388
105,1415,1520,0.1388
105,1416,1521,0.1388
103,1418,1521,0.1388
103,1406,1509,0.1388
104,1408,1512,0.1388
104,1398,1502,0.1388
106,1407,1513,0.1388
106,1397,1503,0.1388
105,1408,1513,0.1388
105,1413,1518,0.1388
102,1422,1524,0.1388
103,1422,1525,0.1388
106,1414,1520,0.1388
101,1433,1534,0.1388
97,1427,1524,0.1388
98,1438,1536,0.1388
99,1438,1537,0.1388
94,1446,1540,0.1388
91,1439,1530,0.1388
91,1440,1531,0.1388
90,1413,1503,0.1388
90,1432,1522,0.1388
89,1428,1517,0.1388
90,1413,1503,0.1388
87,1403,1490,0.1388
87,1410,1497,0.1388
86,1413,1499,0.1388
85,1432,1517,0.1388
85,1432,1517,0.1388
87,1434,1521,0.1388
86,1418,1504,0.1388
82,1419,1501,0.1388
82,1444,1526,0.1388
79,1417,1496,0.1388
77,1422,1499,0.1388
78,1449,1527,0.1388
78,1450,1528,0.1388
77,1446,1523,0.1388
74,1442,1516,0.1388
74,1448,1522,0.1388
75,1444,1519,0.1388
72,1456,1528,0.1388
73,1452,1525,0.1388
75,1447,1522,0.1388
75,1450,1525,0.1388
74,1451,1525,0.1388
72,1442,1514,0.1388
74,1457,1531,0.1388
75,1448,1523,0.1388
76,1434,1510,0.1388
79,1428,1507,0.1388
80,1431,1511,0.1388
81,1424,1505,0.1388
80,1444,1524,0.1388
80,1427,1507,0.1388
81,1432,1513,0.1388
82,1438,1520,0.1388
84,1435,1519,0.1388
84,1435,1519,0.1388
82,1448,1530,0.1388
83,1444,1527,0.1388
86,1442,1528,0.1388
87,1431,1518,0.1388
88,1434,1522,0.1388
87,1445,1532,0.1388
88,1446,1534,0.1388
87,1437,1524,0.1388
85,1433,1518,0.1388
88,1435,1523,0.1388
86,1435,1521,0.1388
86,1421,1507,0.1388
87,1421,1508,0.1388
87,1420,1507,0.1388
87,1424,1511,0.1388
83,1427,1510,0.1388
82,1439,1521,0.1388
82,1447,1529,0.1388
80,1430,1510,0.1388
77,1429,1506,0.1388
71,1422,1493,0.1388
73,1423,1496,0.1388
73,1426,1499,0.1388
74,1434,1508,0.1388
74,1442,1516,0.1388
73,1441,1514,0.1388
71,1443,1514,0.1388
70,1447,1517,0.1388
72,1446,1518,0.1388
74,1444,1518,0.1388
74,1436,1510,0.1388
73,1450,1523,0.1388
71,1439,1510,0.1388
70,1437,1507,0.1388
72,1454,1526,0.1388
71,1450,1521,0.1388
68,1452,1520,0.1388
69,1435,1504,0.1388
70,1441,1511,0.1388
69,1442,1511,0.1388
70,1444,1514,0.1388
68,1436,1504,0.1388
66,1443,1509,0.1388
65,1444,1509,0.1388
67,1440,1507,0.1388
65,1425,1490,0.1388
65,1428,1493,0.1388
65,1436,1501,0.1388
66,1447,1513,0.1388
67,1438,1505,0.1388
64,1441,1505,0.1388
62,1437,1499,0.1388
63,1437,1500,0.1388
65,1446,1511,0.1388
63,1452,1515,0.1388
61,1447,1508,0.1388
60,1457,1517,0.1388
58,1460,1518,0.1388
57,1456,1513,0.1388
58,1467,1525,0.1388
61,1468,1529,0.1388
60,1457,1517,0.1388
58,1464,1522,0.1388
57,1460,1517,0.1388
57,1456,1513,0.1388
59,1454,1513,0.1388
59,1446,1505,0.1388
59,1458,1517,0.1388
58,1458,1516,0.1388
60,1457,1517,0.1388
65,1466,1531,0.1388
65,1456,1521,0.1388
65,1458,1523,0.1388
62,1448,1510,0.1388
63,1450,1513,0.1388
60,1447,1507,0.1388
61,1451,1512,0.1388
58,1452,1510,0.1388
54,1459,1513,0.1388
55,1452,1507,0.1388
53,1447,1500,0.1388
53,1457,1510,0.1388
54,1456,1510,0.1388
58,1447,1505,0.1388
58,1459,1517,0.1388
57,1453,1510,0.1388
57,1447,1504,0.1388
56,1453,1509,0.1388
57,1459,1516,0.1388
59,1455,1514,0.1388
56,1457,1513,0.1388
56,1450,1506,0.1388
55,1451,1506,0.1388
54,1449,1503,0.1388
54,1460,1514,0.1388
55,1459,1514,0.1388
55,1462,1517,0.1388
55,1467,1522,0.1388
57,1471,1528,0.1388
58,1476,1534,0.1388
58,1458,1516,0.1388
58,1452,1510,0.1388
57,1453,1510,0.1388
57,1449,1506,0.1388
57,1453,1510,0.1388
58,1460,1518,0.1388
55,1464,1519,0.1388
56,1452,1508,0.1388
58,1463,1521,0.1388
58,1461,1519,0.1388
57,1458,1515,0.1388
59,1465,1524,0.1388
56,1468,1524,0.1388
56,1467,1523,0.1388
58,1461,1519,0.1388
56,1465,1521,0.1388
50,1460,1510,0.1388
51,1467,1518,0.1388
49,1473,1522,0.1388
50,1474,1524,0.1388
50,1463,1513,0.1388
50,1470,1520,0.1388
48,1482,1530,0.1388
47,1474,1521,0.1388
46,1469,1515,0.1388
45,1463,1508,0.1388
48,1464,1512,0.1388
46,1455,1501,0.1388
46,1472,1518,0.1388
46,1474,1520,0.1388
47,1462,1509,0.1388
47,1462,1509,0.1388
44,1465,1509,0.1388
44,1477,1521,0.1388
43,1461,1504,0.1388
44,1476,1520,0.1388
43,1486,1529,0.1388
41,1482,1523,0.1388
41,1486,1527,0.1388
42,1492,1534,0.1388
42,1493,1535,0.1388
40,1476,1516,0.1388
39,1473,1512,0.1388
39,1481,1520,0.1388
38,1469,1507,0.1388
36,1455,1491,0.1388
37,1457,1494,0.1388
39,1459,1498,0.1388
38,1469,1507,0.1388
38,1476,1514,0.1388
40,1466,1506,0.1388
39,1453,1492,0.1388
40,1462,1502,0.1388
40,1466,1506,0.1388
41,1454,1495,0.1388
42,1469,1511,0.1388
44,1473,1517,0.1388
44,1468,1512,0.1388
45,1468,1513,0.1388
50,1469,1519,0.1388
49,1468,1517,0.1388
49,1474,1523,0.1388
47,1466,1513,0.1388
52,1491,1543,0.1388
49,1483,1532,0.1388
48,1478,1526,0.1388
47,1461,1508,0.1388
44,1471,1515,0.1388
45,1484,1529,0.1388
47,1466,1513,0.1388
48,1461,1509,0.1388
48,1468,1516,0.1388
47,1472,1519,0.1388
48,1458,1506,0.1388
45,1466,1511,0.1388
43,1470,1513,0.1388
45,1485,1530,0.1388
42,1488,1530,0.1388
42,1471,1513,0.1388
41,1475,1516,0.1388
40,1469,1509,0.1388
39,1480,1519,0.1388
38,1478,1516,0.1388
38,1473,1511,0.1388
38,1463,1501,0.1388
37,1465,1502,0.1388
37,1469,1506,0.1388
35,1477,1512,0.1388
35,1471,1506,0.1388
34,1479,1513,0.1388
34,1479,1513,0.1388
34,1475,1509,0.1388
34,1479,1513,0.1388
33,1473,1506,0.1388
33,1475,1508,0.1388
31,1478,1509,0.1388
31,1493,1524,0.1388
32,1492,1524,0.1388
31,1495,1526,0.1388
32,1491,1523,0.1388
32,1482,1514,0.1388
31,1491,1522,0.1388
29,1497,1526,0.1388
28,1497,1525,0.1388
28,1500,1528,0.1388
30,1492,1522,0.1388
30,1491,1521,0.1388
29,1494,1523,0.1388
28,1500,1528,0.1388
26,1496,1522,0.1388
27,1492,1519,0.1388
26,1506,1532,0.1388
24,1506,1530,0.1388
28,1502,1530,0.1388
27,1505,1532,0.1388
27,1503,1530,0.1388
26,1483,1509,0.1388
26,1499,1525,0.1388
27,1494,1521,0.1388
28,1496,1524,0.1388
28,1499,1527,0.1388
26,1488,1514,0.1388
26,1483,1509,0.1388
26,1498,1524,0.1388
26,1483,1509,0.1388
26,1492,1518,0.1388
26,1495,1521,0.1388
23,1489,1512,0.1388
23,1500,1523,0.1388
24,1495,1519,0.1388
24,1478,1502,0.1388
24,1477,1501,0.1388
27,1481,1508,0.1388
27,1484,1511,0.1388
25,1485,1510,0.1388
22,1480,1502,0.1388
24,1495,1519,0.1388
24,1482,1506,0.1388
22,1488,1510,0.1388
23,1486,1509,0.1388
24,1476,1500,0.1388
26,1484,1510,0.1388
26,1504,1530,0.1388
26,1511,1537,0.1388
26,1497,1523,0.1388
26,1499,1525,0.1388
26,1487,1513,0.1388
26,1490,1516,0.1388
26,1492,1518,0.1388
26,1479,1505,0.1388
26,1481,1507,0.1388
24,1483,1507,0.1388
23,1489,1512,0.1388
23,1488,1511,0.1388
22,1490,1512,0.1388
20,1483,1503,0.1388
20,1490,1510,0.1388
19,1477,1496,0.1388
20,1487,1507,0.1388
21,1481,1502,0.1388
21,1493,1514,0.1388
20,1495,1515,0.1388
19,1490,1509,0.1388
18,1496,1514,0.1388
14,1485,1499,0.1388
15,1500,1515,0.1388
15,1503,1518,0.1388
13,1495,1508,0.1388
15,1503,1518,0.1388
16,1503,1519,0.1388
17,1490,1507,0.1388
17,1494,1511,0.1388
17,1497,1514,0.1388
18,1496,1514,0.1388
17,1502,1519,0.1388
16,1486,1502,0.1388
17,1498,1515,0.1388
16,1489,1505,0.1388
17,1483,1500,0.1388
17,1485,1502,0.1388
18,1490,1508,0.1388
17,1500,1517,0.1388
17,1502,1519,0.1388
16,1508,1524,0.1388
15,1492,1507,0.1388
14,1486,1500,0.1388
15,1499,1514,0.1388
16,1498,1514,0.1388
15,1497,1512,0.1388
15,1493,1508,0.1388
13,1497,1510,0.1388
13,1489,1502,0.1388
14,1490,1504,0.1388
16,1495,1511,0.1388
15,1489,1504,0.1388
16,1491,1507,0.1388
16,1495,1511,0.1388
16,1489,1505,0.1388
16,1497,1513,0.1388
16,1499,1515,0.1388
17,1499,1516,0.1388
16,1506,1522,0.1388
15,1518,1533,0.1388
15,1501,1516,0.1388
14,1486,1500,0.1388
12,1496,1508,0.1388
11,1510,1521,0.1388
11,1501,1512,0.1388
10,1483,1493,0.1388
10,1488,1498,0.1388
10,1488,1498,0.1388
10,1474,1484,0.1388
10,1482,1492,0.1388
8,1493,1501,0.1388
8,1499,1507,0.1388
8,1506,1514,0.1388
8,1516,1524,0.1388
9,1504,1513,0.1388
9,1504,1513,0.1388
9,1500,1509,0.1388
8,1503,1511,0.1388
7,1507,1514,0.1388
8,1506,1514,0.1388
8,1502,1510,0.1388
7,1497,1504,0.1388
7,1498,1505,0.1388
7,1488,1495,0.1388
7,1498,1505,0.1388
7,1513,1520,0.1388
5,1497,1502,0.1388
5,1494,1499,0.1388
6,1485,1491,0.1388
6,1493,1499,0.1388
6,1514,1520,0.1388
6,1509,1515,0.1388
5,1518,1523,0.1388
5,1520,1525,0.1388
5,1509,1514,0.1388
6,1500,1506,0.1388
6,1504,1510,0.1388
6,1493,1499,0.1388
6,1494,1500,0.1388
6,1499,1505,0.1388
6,1499,1505,0.1388
6,1508,1514,0.1388
6,1499,1505,0.1388
5,1496,1501,0.1388
5,1514,1519,0.1388
5,1510,1515,0.1388
5,1512,1517,0.1388
3,1517,1520,0.1388
3,1495,1498,0.1388
3,1503,1506,0.1388
3,1502,1505,0.1388
3,1498,1501,0.1388
3,1502,1505,0.1388
3,1497,1500,0.1388
3,1505,1508,0.1388
3,1506,1509,0.1388
3,1511,1514,0.1388
3,1518,1521,0.1388
2,1514,1516,0.1388
2,1509,1511,0.1388
2,1511,1513,0.1388
2,1506,1508,0.1388
2,1504,1506,0.1388
2,1489,1491,0.1388
2,1511,1513,0.1388
2,1519,1521,0.1388
2,1507,1509,0.1388
2,1494,1496,0.1388
2,1506,1508,0.1388
2,1507,1509,0.1388
2,1519,1521,0.1388
2,1513,1515,0.1388
2,1513,1515,0.1388
2,1508,1510,0.1388
2,1499,1501,0.1388
2,1518,1520,0.1388
1,1507,1508,0.1388
1,1523,1524,0.1388
1,1516,1517,0.1388
1,1517,1518,0.1388
1,1508,1509,0.1388
1,1509,1510,0.1388
1,1512,1513,0.1388
1,1523,1524,0.1388
1,1516,1517,0.1388
1,1508,1509,0.1388
1,1502,1503,0.1388
1,1502,1503,0.1388
2,1505,1507,0.1388
2,1515,1517,0.1388
2,1510,1512,0.1388
2,1505,1507,0.1388
2,1520,1522,0.1388
2,1524,1526,0.1388
2,1517,1519,0.1388
2,1524,1526,0.1388
2,1523,1525,0.1388
2,1516,1518,0.1388
2,1513,1515,0.1388
2,1512,1514,0.1388
2,1520,1522,0.1388
2,1514,1516,0.1388
2,1513,1515,0.1388
2,1518,1520,0.1388
2,1519,1521,0.1388
2,1518,1520,0.1388
1,1518,1519,0.1388
1,1516,1517,0.1388
0,1516,1516,0.1388
