1374,27,1401,0.1388
1394,27,1421,0.1388
1411,27,1438,0.1388
1428,27,1455,0.1388
1436,27,1463,0.1388
1455,26,1481,0.1388
1453,26,1479,0.1388
1463,25,1488,0.1388
1475,24,1499,0.1388
1474,24,1498,0.1388
1473,24,1497,0.1388
1461,24,1485,0.1388
1474,23,1497,0.1388
1470,23,1493,0.1388
1477,23,1500,0.1388
1469,24,1493,0.1388
1468,25,1493,0.1388
1461,25,1486,0.1388
1471,25,1496,0.1388
1462,25,1487,0.1388
1462,25,1487,0.1388
1456,27,1483,0.1388
1471,26,1497,0.1388
1479,27,1506,0.1388
1473,27,1500,0.1388
1468,26,1494,0.1388
1472,25,1497,0.1388
1469,23,1492,0.1388
1471,23,1494,0.1388
1469,23,1492,0.1388
1465,22,1487,0.1388
1470,22,1492,0.1388
1476,23,1499,0.1388
1466,23,1489,0.1388
1454,23,1477,0.1388
1467,25,1492,0.1388
1468,26,1494,0.1388
1476,25,1501,0.1388
1482,25,1507,0.1388
1485,25,1510,0.1388
1480,25,1505,0.1388
1471,26,1497,0.1388
1465,24,1489,0.1388
1477,25,1502,0.1388
1461,25,1486,0.1388
1470,26,1496,0.1388
1476,25,1501,0.1388
1481,27,1508,0.1388
1466,27,1493,0.1388
1470,27,1497,0.1388
1476,26,1502,0.1388
1456,27,1483,0.1388
1472,25,1497,0.1388
1458,23,1481,0.1388
1463,23,1486,0.1388
1456,23,1479,0.1388
1466,23,1489,0.1388
1463,22,1485,0.1388
1456,23,1479,0.1388
1475,23,1498,0.1388
1477,23,1500,0.1388
1482,23,1505,0.1388
1477,23,1500,0.1388
1480,23,1503,0.1388
1467,24,1491,0.1388
1459,24,1483,0.1388
1468,25,1493,0.1388
1469,28,1497,0.1388
1468,28,1496,0.1388
1463,29,1492,0.1388
1464,29,1493,0.1388
1469,30,1499,0.1388
1471,30,1501,0.1388
1475,30,1505,0.1388
1457,29,1486,0.1388
1478,28,1506,0.1388
1472,28,1500,0.1388
1468,28,1496,0.1388
1453,26,1479,0.1388
1461,25,1486,0.1388
1465,24,1489,0.1388
1468,24,1492,0.1388
1464,25,1489,0.1388
1462,25,1487,0.1388
1465,24,1489,0.1388
1475,24,1499,0.1388
1466,24,1490,0.1388
1461,24,1485,0.1388
1450,25,1475,0.1388
1441,24,1465,0.1388
1448,24,1472,0.1388
1456,23,1479,0.1388
1444,23,1467,0.1388
1449,24,1473,0.1388
1459,26,1485,0.1388
1458,27,1485,0.1388
1457,28,1485,0.1388
1458,29,1487,0.1388
1460,31,1491,0.1388
1461,29,1490,0.1388
1464,26,1490,0.1388
1454,26,1480,0.1388
1460,27,1487,0.1388
1456,26,1482,0.1388
1467,27,1494,0.1388
1477,28,1505,0.1388
1480,30,1510,0.1388
1483,30,1513,0.1388
1481,30,1511,0.1388
1474,28,1502,0.1388
1472,28,1500,0.1388
1463,31,1494,0.1388
1476,32,1508,0.1388
1465,32,1497,0.1388
1458,33,1491,0.1388
1454,33,1487,0.1388
1448,33,1481,0.1388
1455,33,1488,0.1388
1453,33,1486,0.1388
1454,32,1486,0.1388
1454,32,1486,0.1388
1454,30,1484,0.1388
1441,31,1472,0.1388
1460,32,1492,0.1388
1459,31,1490,0.1388
1463,32,1495,0.1388
1465,33,1498,0.1388
1464,36,1500,0.1388
1466,37,1503,0.1388
1461,38,1499,0.1388
1461,35,1496,0.1388
1452,34,1486,0.1388
1445,33,1478,0.1388
1450,34,1484,0.1388
1458,35,1493,0.1388
1451,37,1488,0.1388
1447,37,1484,0.1388
1442,36,1478,0.1388
1461,35,1496,0.1388
1453,35,1488,0.1388
1460,36,1496,0.1388
1478,35,1513,0.1388
1475,34,1509,0.1388
1465,35,1500,0.1388
1467,33,1500,0.1388
1456,32,1488,0.1388
1454,32,1486,0.1388
1451,32,1483,0.1388
1469,32,1501,0.1388
1476,32,1508,0.1388
1469,33,1502,0.1388
1463,33,1496,0.1388
1459,33,1492,0.1388
1473,33,1506,0.1388
1465,35,1500,0.1388
1466,35,1501,0.1388
1457,36,1493,0.1388
1452,34,1486,0.1388
1446,34,1480,0.1388
1448,35,1483,0.1388
1445,36,1481,0.1388
1452,34,1486,0.1388
1441,32,1473,0.1388
1452,31,1483,0.1388
1450,31,1481,0.1388
1451,31,1482,0.1388
1446,31,1477,0.1388
1464,30,1494,0.1388
1473,30,1503,0.1388
1474,30,1504,0.1388
1481,30,1511,0.1388
1476,31,1507,0.1388
1475,29,1504,0.1388
1469,30,1499,0.1388
1472,31,1503,0.1388
1465,30,1495,0.1388
1460,29,1489,0.1388
1454,29,1483,0.1388
1456,30,1486,0.1388
1454,31,1485,0.1388
1459,30,1489,0.1388
1457,30,1487,0.1388
1454,30,1484,0.1388
1446,32,1478,0.1388
1454,32,1486,0.1388
1471,31,1502,0.1388
1466,31,1497,0.1388
1459,31,1490,0.1388
1456,30,1486,0.1388
1445,31,1476,0.1388
1443,33,1476,0.1388
1449,33,1482,0.1388
1443,33,1476,0.1388
1446,33,1479,0.1388
1441,34,1475,0.1388
1444,35,1479,0.1388
1439,34,1473,0.1388
1438,33,1471,0.1388
1442,33,1475,0.1388
1443,32,1475,0.1388
1436,33,1469,0.1388
1441,33,1474,0.1388
1450,34,1484,0.1388
1458,34,1492,0.1388
1457,34,1491,0.1388
1466,32,1498,0.1388
1459,33,1492,0.1388
1470,33,1503,0.1388
1479,34,1513,0.1388
1471,34,1505,0.1388
1466,35,1501,0.1388
1466,35,1501,0.1388
1469,34,1503,0.1388
1459,34,1493,0.1388
1463,34,1497,0.1388
1463,35,1498,0.1388
1467,37,1504,0.1388
1460,36,1496,0.1388
1463,38,1501,0.1388
1454,38,1492,0.1388
1455,38,1493,0.1388
1446,40,1486,0.1388
1443,42,1485,0.1388
1442,42,1484,0.1388
1437,42,1479,0.1388
1436,44,1480,0.1388
1421,43,1464,0.1388
1445,42,1487,0.1388
1443,42,1485,0.1388
1453,41,1494,0.1388
1466,42,1508,0.1388
1457,42,1499,0.1388
1464,43,1507,0.1388
1463,43,1506,0.1388
1461,43,1504,0.1388
1452,43,1495,0.1388
1450,44,1494,0.1388
1458,46,1504,0.1388
1462,46,1508,0.1388
1456,45,1501,0.1388
1451,46,1497,0.1388
1449,45,1494,0.1388
1445,45,1490,0.1388
1456,45,1501,0.1388
1461,44,1505,0.1388
1440,44,1484,0.1388
1438,42,1480,0.1388
1443,43,1486,0.1388
1448,45,1493,0.1388
1448,44,1492,0.1388
1455,46,1501,0.1388
1464,46,1510,0.1388
1468,43,1511,0.1388
1470,44,1514,0.1388
1467,41,1508,0.1388
1466,39,1505,0.1388
1471,40,1511,0.1388
1453,40,1493,0.1388
1462,42,1504,0.1388
1446,40,1486,0.1388
1439,40,1479,0.1388
1450,41,1491,0.1388
1452,44,1496,0.1388
1465,44,1509,0.1388
1456,45,1501,0.1388
1457,46,1503,0.1388
1463,44,1507,0.1388
1447,42,1489,0.1388
1454,44,1498,0.1388
1466,43,1509,0.1388
1470,44,1514,0.1388
1473,41,1514,0.1388
1467,42,1509,0.1388
1461,43,1504,0.1388
1470,42,1512,0.1388
1469,42,1511,0.1388
1456,42,1498,0.1388
1444,42,1486,0.1388
1459,41,1500,0.1388
1456,41,1497,0.1388
1447,43,1490,0.1388
1449,41,1490,0.1388
1461,42,1503,0.1388
1446,43,1489,0.1388
1428,44,1472,0.1388
1436,47,1483,0.1388
1439,46,1485,0.1388
1446,47,1493,0.1388
1456,45,1501,0.1388
1457,46,1503,0.1388
1460,46,1506,0.1388
1451,47,1498,0.1388
1453,45,1498,0.1388
1443,44,1487,0.1388
1431,46,1477,0.1388
1433,46,1479,0.1388
1439,46,1485,0.1388
1449,47,1496,0.1388
1448,47,1495,0.1388
1451,48,1499,0.1388
1451,49,1500,0.1388
1454,50,1504,0.1388
1452,49,1501,0.1388
1440,49,1489,0.1388
1436,50,1486,0.1388
1437,54,1491,0.1388
1432,54,1486,0.1388
1424,52,1476,0.1388
1407,55,1462,0.1388
1396,57,1453,0.1388
1412,59,1471,0.1388
1418,57,1475,0.1388
1424,56,1480,0.1388
1418,57,1475,0.1388
1425,59,1484,0.1388
1417,59,1476,0.1388
1421,57,1478,0.1388
1422,60,1482,0.1388
1418,63,1481,0.1388
1413,63,1476,0.1388
1405,62,1467,0.1388
1417,62,1479,0.1388
1408,62,1470,0.1388
1420,61,1481,0.1388
1432,59,1491,0.1388
1455,60,1515,0.1388
1434,61,1495,0.1388
1437,60,1497,0.1388
1426,66,1492,0.1388
1413,65,1478,0.1388
1424,65,1489,0.1388
1428,64,1492,0.1388
1427,68,1495,0.1388
1432,68,1500,0.1388
1428,70,1498,0.1388
1430,70,1500,0.1388
1424,71,1495,0.1388
1433,69,1502,0.1388
1431,68,1499,0.1388
1422,65,1487,0.1388
1420,69,1489,0.1388
1419,70,1489,0.1388
1420,70,1490,0.1388
1426,72,1498,0.1388
1426,70,1496,0.1388
1436,69,1505,0.1388
1431,72,1503,0.1388
1429,75,1504,0.1388
1416,73,1489,0.1388
1411,76,1487,0.1388
1417,74,1491,0.1388
1420,72,1492,0.1388
1425,73,1498,0.1388
1422,73,1495,0.1388
1411,74,1485,0.1388
1410,77,1487,0.1388
1387,78,1465,0.1388
1372,83,1455,0.1388
1384,84,1468,0.1388
1385,83,1468,0.1388
1399,85,1484,0.1388
1401,83,1484,0.1388
1418,83,1501,0.1388
1429,84,1513,0.1388
1419,80,1499,0.1388
1422,79,1501,0.1388
1422,77,1499,0.1388
1426,79,1505,0.1388
1422,81,1503,0.1388
1428,83,1511,0.1388
1413,79,1492,0.1388
1414,76,1490,0.1388
1414,77,1491,0.1388
1430,78,1508,0.1388
1433,77,1510,0.1388
1442,80,1522,0.1388
1430,83,1513,0.1388
1418,85,1503,0.1388
1403,86,1489,0.1388
1406,85,1491,0.1388
1392,85,1477,0.1388
1398,86,1484,0.1388
1385,85,1470,0.1388
1388,83,1471,0.1388
1385,83,1468,0.1388
1402,84,1486,0.1388
1398,80,1478,0.1388
1411,81,1492,0.1388
1416,87,1503,0.1388
1411,88,1499,0.1388
1414,88,1502,0.1388
1411,88,1499,0.1388
1419,87,1506,0.1388
1409,86,1495,0.1388
1413,85,1498,0.1388
1414,83,1497,0.1388
1401,80,1481,0.1388
1399,84,1483,0.1388
1404,84,1488,0.1388
1416,85,1501,0.1388
1419,85,1504,0.1388
1418,84,1502,0.1388
1428,84,1512,0.1388
1422,85,1507,0.1388
1424,88,1512,0.1388
1423,86,1509,0.1388
1420,85,1505,0.1388
1433,85,1518,0.1388
1415,87,1502,0.1388
1411,88,1499,0.1388
1398,89,1487,0.1388
1382,87,1469,0.1388
1396,86,1482,0.1388
1409,85,1494,0.1388
1390,86,1476,0.1388
1395,83,1478,0.1388
1406,86,1492,0.1388
1407,84,1491,0.1388
1419,81,1500,0.1388
1409,82,1491,0.1388
1422,83,1505,0.1388
1419,86,1505,0.1388
1423,87,1510,0.1388
1411,86,1497,0.1388
1411,83,1494,0.1388
1404,88,1492,0.1388
1410,86,1496,0.1388
1406,88,1494,0.1388
1397,87,1484,0.1388
1405,86,1491,0.1388
1419,83,1502,0.1388
1419,82,1501,0.1388
1400,82,1482,0.1388
1391,80,1471,0.1388
1386,79,1465,0.1388
1410,80,1490,0.1388
1403,83,1486,0.1388
1400,84,1484,0.1388
1390,85,1475,0.1388
1398,85,1483,0.1388
1393,86,1479,0.1388
1391,84,1475,0.1388
1398,87,1485,0.1388
1416,88,1504,0.1388
1412,90,1502,0.1388
1416,91,1507,0.1388
1414,92,1506,0.1388
1417,87,1504,0.1388
1400,90,1490,0.1388
1408,90,1498,0.1388
1411,90,1501,0.1388
1410,89,1499,0.1388
1419,88,1507,0.1388
1410,94,1504,0.1388
1401,91,1492,0.1388
1405,94,1499,0.1388
1390,95,1485,0.1388
1403,94,1497,0.1388
1407,94,1501,0.1388
1404,94,1498,0.1388
1397,94,1491,0.1388
1392,96,1488,0.1388
1389,96,1485,0.1388
1393,99,1492,0.1388
1395,98,1493,0.1388
1396,101,1497,0.1388
1385,102,1487,0.1388
1396,99,1495,0.1388
1396,98,1494,0.1388
1380,102,1482,0.1388
1374,109,1483,0.1388
1371,108,1479,0.1388
1368,110,1478,0.1388
1366,107,1473,0.1388
1371,113,1484,0.1388
1373,115,1488,0.1388
1373,116,1489,0.1388
1363,117,1480,0.1388
1369,121,1490,0.1388
1373,124,1497,0.1388
1369,127,1496,0.1388
1368,125,1493,0.1388
1373,123,1496,0.1388
1350,124,1474,0.1388
1341,125,1466,0.1388
1348,122,1470,0.1388
1356,124,1480,0.1388
1370,125,1495,0.1388
1363,121,1484,0.1388
1355,121,1476,0.1388
1355,122,1477,0.1388
1359,124,1483,0.1388
1355,124,1479,0.1388
1354,121,1475,0.1388
1355,125,1480,0.1388
1356,125,1481,0.1388
1351,128,1479,0.1388
1356,129,1485,0.1388
1360,127,1487,0.1388
1360,128,1488,0.1388
1352,130,1482,0.1388
1358,133,1491,0.1388
1356,133,1489,0.1388
1337,133,1470,0.1388
1351,134,1485,0.1388
1351,134,1485,0.1388
1358,134,1492,0.1388
1366,136,1502,0.1388
1359,135,1494,0.1388
1356,137,1493,0.1388
1350,137,1487,0.1388
1345,135,1480,0.1388
1344,138,1482,0.1388
1345,136,1481,0.1388
1351,135,1486,0.1388
1350,138,1488,0.1388
1334,139,1473,0.1388
1344,139,1483,0.1388
1360,140,1500,0.1388
1346,138,1484,0.1388
1344,142,1486,0.1388
1330,139,1469,0.1388
1351,137,1488,0.1388
1361,141,1502,0.1388
1349,142,1491,0.1388
1353,144,1497,0.1388
1350,144,1494,0.1388
1351,149,1500,0.1388
1361,148,1509,0.1388
1341,151,1492,0.1388
1336,145,1481,0.1388
1342,140,1482,0.1388
1351,141,1492,0.1388
1348,144,1492,0.1388
1332,144,1476,0.1388
1337,143,1480,0.1388
1336,146,1482,0.1388
1351,149,1500,0.1388
1368,151,1519,0.1388
1363,145,1508,0.1388
1371,147,1518,0.1388
1364,144,1508,0.1388
1347,141,1488,0.1388
1357,141,1498,0.1388
1338,143,1481,0.1388
1345,146,1491,0.1388
1340,143,1483,0.1388
1348,140,1488,0.1388
1362,141,1503,0.1388
1371,142,1513,0.1388
1349,143,1492,0.1388
1352,143,1495,0.1388
1339,141,1480,0.1388
1325,148,1473,0.1388
1333,150,1483,0.1388
1333,149,1482,0.1388
1330,148,1478,0.1388
1327,147,1474,0.1388
1332,150,1482,0.1388
1335,148,1483,0.1388
1339,146,1485,0.1388
1342,147,1489,0.1388
1347,147,1494,0.1388
1352,148,1500,0.1388
1359,146,1505,0.1388
1353,149,1502,0.1388
1350,152,1502,0.1388
1344,155,1499,0.1388
1350,160,1510,0.1388
1343,159,1502,0.1388
1333,163,1496,0.1388
1341,159,1500,0.1388
1350,162,1512,0.1388
1351,162,1513,0.1388
1351,160,1511,0.1388
1339,164,1503,0.1388
1339,166,1505,0.1388
1336,167,1503,0.1388
1318,166,1484,0.1388
1312,164,1476,0.1388
1317,169,1486,0.1388
1335,168,1503,0.1388
1340,162,1502,0.1388
1339,164,1503,0.1388
1325,162,1487,0.1388
1310,167,1477,0.1388
1312,165,1477,0.1388
1301,165,1466,0.1388
1306,172,1478,0.1388
1318,172,1490,0.1388
1329,173,1502,0.1388
1325,172,1497,0.1388
1332,172,1504,0.1388
1324,170,1494,0.1388
1329,175,1504,0.1388
1324,176,1500,0.1388
1326,173,1499,0.1388
1322,175,1497,0.1388
1324,177,1501,0.1388
1316,179,1495,0.1388
1321,180,1501,0.1388
1320,178,1498,0.1388
1318,179,1497,0.1388
1320,176,1496,0.1388
1316,174,1490,0.1388
1319,180,1499,0.1388
1318,178,1496,0.1388
1310,179,1489,0.1388
1316,180,1496,0.1388
1315,185,1500,0.1388
1308,182,1490,0.1388
1298,185,1483,0.1388
1300,183,1483,0.1388
1300,188,1488,0.1388
1300,185,1485,0.1388
1306,189,1495,0.1388
1307,185,1492,0.1388
1293,186,1479,0.1388
1298,187,1485,0.1388
1298,185,1483,0.1388
1300,191,1491,0.1388
1293,200,1493,0.1388
1302,201,1503,0.1388
1300,204,1504,0.1388
1300,204,1504,0.1388
1314,205,1519,0.1388
1302,204,1506,0.1388
1312,201,1513,0.1388
1316,198,1514,0.1388
1307,203,1510,0.1388
1304,205,1509,0.1388
1296,206,1502,0.1388
1292,205,1497,0.1388
1288,206,1494,0.1388
1293,199,1492,0.1388
1292,202,1494,0.1388
1286,200,1486,0.1388
1302,202,1504,0.1388
1305,197,1502,0.1388
1303,197,1500,0.1388
1288,203,1491,0.1388
1288,203,1491,0.1388
1279,199,1478,0.1388
1271,202,1473,0.1388
1266,203,1469,0.1388
1276,204,1480,0.1388
1276,206,1482,0.1388
1273,212,1485,0.1388
1281,216,1497,0.1388
1284,215,1499,0.1388
1279,216,1495,0.1388
1279,213,1492,0.1388
1278,215,1493,0.1388
1273,217,1490,0.1388
1287,218,1505,0.1388
1287,214,1501,0.1388
1266,216,1482,0.1388
1267,217,1484,0.1388
1265,216,1481,0.1388
1263,221,1484,0.1388
1273,229,1502,0.1388
1267,227,1494,0.1388
1271,231,1502,0.1388
1264,229,1493,0.1388
1278,228,1506,0.1388
1263,238,1501,0.1388
1269,237,1506,0.1388
1256,236,1492,0.1388
1252,238,1490,0.1388
1256,240,1496,0.1388
1263,240,1503,0.1388
1249,239,1488,0.1388
1242,240,1482,0.1388
1249,241,1490,0.1388
1251,241,1492,0.1388
1257,240,1497,0.1388
1264,240,1504,0.1388
1250,244,1494,0.1388
1254,246,1500,0.1388
1249,253,1502,0.1388
1249,254,1503,0.1388
1241,251,1492,0.1388
1240,249,1489,0.1388
1242,252,1494,0.1388
1235,248,1483,0.1388
1240,245,1485,0.1388
1241,243,1484,0.1388
1241,242,1483,0.1388
1249,243,1492,0.1388
1242,244,1486,0.1388
1240,248,1488,0.1388
1234,254,1488,0.1388
1240,250,1490,0.1388
1234,251,1485,0.1388
1237,252,1489,0.1388
1244,251,1495,0.1388
1247,252,1499,0.1388
1236,247,1483,0.1388
1254,254,1508,0.1388
1241,251,1492,0.1388
1250,260,1510,0.1388
1257,255,1512,0.1388
1247,257,1504,0.1388
1246,257,1503,0.1388
1238,257,1495,0.1388
1233,262,1495,0.1388
1241,259,1500,0.1388
1241,256,1497,0.1388
1248,255,1503,0.1388
1246,253,1499,0.1388
1239,254,1493,0.1388
1240,250,1490,0.1388
1258,251,1509,0.1388
1256,254,1510,0.1388
1254,255,1509,0.1388
1264,254,1518,0.1388
1263,254,1517,0.1388
1256,255,1511,0.1388
1258,254,1512,0.1388
1248,257,1505,0.1388
1247,255,1502,0.1388
1245,255,1500,0.1388
1242,258,1500,0.1388
1231,257,1488,0.1388
1223,259,1482,0.1388
1218,258,1476,0.1388
1239,261,1500,0.1388
1236,263,1499,0.1388
1242,269,1511,0.1388
1244,268,1512,0.1388
1253,263,1516,0.1388
1254,264,1518,0.1388
1231,262,1493,0.1388
1232,260,1492,0.1388
1234,264,1498,0.1388
1228,268,1496,0.1388
1234,271,1505,0.1388
1241,275,1516,0.1388
1235,275,1510,0.1388
1222,277,1499,0.1388
1217,271,1488,0.1388
1206,271,1477,0.1388
1201,277,1478,0.1388
1213,280,1493,0.1388
1214,283,1497,0.1388
1215,287,1502,0.1388
1215,285,1500,0.1388
1209,282,1491,0.1388
1198,289,1487,0.1388
1196,285,1481,0.1388
1204,286,1490,0.1388
1209,283,1492,0.1388
1215,290,1505,0.1388
1216,292,1508,0.1388
1222,289,1511,0.1388
1216,292,1508,0.1388
1206,289,1495,0.1388
1204,291,1495,0.1388
1199,288,1487,0.1388
1208,293,1501,0.1388
1210,291,1501,0.1388
1201,302,1503,0.1388
1202,304,1506,0.1388
1206,300,1506,0.1388
1195,297,1492,0.1388
1197,303,1500,0.1388
1194,297,1491,0.1388
1204,296,1500,0.1388
1188,297,1485,0.1388
1183,302,1485,0.1388
1185,301,1486,0.1388
1193,297,1490,0.1388
1202,301,1503,0.1388
1199,306,1505,0.1388
1195,310,1505,0.1388
1201,302,1503,0.1388
1191,307,1498,0.1388
1189,307,1496,0.1388
1187,310,1497,0.1388
1186,311,1497,0.1388
1196,312,1508,0.1388
1204,311,1515,0.1388
1201,314,1515,0.1388
1198,315,1513,0.1388
1198,312,1510,0.1388
1198,309,1507,0.1388
1202,308,1510,0.1388
1201,300,1501,0.1388
1200,306,1506,0.1388
1204,305,1509,0.1388
1202,306,1508,0.1388
1196,299,1495,0.1388
1201,304,1505,0.1388
1198,299,1497,0.1388
1193,297,1490,0.1388
1197,302,1499,0.1388
1197,302,1499,0.1388
1199,300,1499,0.1388
1199,302,1501,0.1388
1208,304,1512,0.1388
1203,301,1504,0.1388
1199,301,1500,0.1388
1194,304,1498,0.1388
1192,304,1496,0.1388
1185,305,1490,0.1388
1183,302,1485,0.1388
1200,302,1502,0.1388
1194,299,1493,0.1388
1190,297,1487,0.1388
1201,293,1494,0.1388
1188,292,1480,0.1388
1189,290,1479,0.1388
1194,292,1486,0.1388
1185,290,1475,0.1388
1189,294,1483,0.1388
1198,291,1489,0.1388
1197,299,1496,0.1388
1199,292,1491,0.1388
1194,294,1488,0.1388
1195,298,1493,0.1388
1203,302,1505,0.1388
1197,307,1504,0.1388
1196,309,1505,0.1388
1197,306,1503,0.1388
1190,310,1500,0.1388
1181,311,1492,0.1388
1191,313,1504,0.1388
1191,310,1501,0.1388
1189,308,1497,0.1388
1197,304,1501,0.1388
1195,307,1502,0.1388
1183,302,1485,0.1388
1184,303,1487,0.1388
1184,310,1494,0.1388
1190,307,1497,0.1388
1176,311,1487,0.1388
1172,311,1483,0.1388
1171,314,1485,0.1388
1171,315,1486,0.1388
1158,321,1479,0.1388
1152,321,1473,0.1388
1159,324,1483,0.1388
1167,324,1491,0.1388
1168,323,1491,0.1388
1176,328,1504,0.1388
1191,333,1524,0.1388
1180,328,1508,0.1388
1184,323,1507,0.1388
1179,321,1500,0.1388
1178,322,1500,0.1388
1174,318,1492,0.1388
1166,320,1486,0.1388
1182,323,1505,0.1388
1182,321,1503,0.1388
1181,326,1507,0.1388
1177,329,1506,0.1388
1189,333,1522,0.1388
1177,331,1508,0.1388
1179,332,1511,0.1388
1162,335,1497,0.1388
1163,335,1498,0.1388
1164,334,1498,0.1388
1168,344,1512,0.1388
1161,339,1500,0.1388
1153,338,1491,0.1388
1152,343,1495,0.1388
1148,344,1492,0.1388
1140,339,1479,0.1388
1138,339,1477,0.1388
1139,338,1477,0.1388
1141,349,1490,0.1388
1153,352,1505,0.1388
1162,350,1512,0.1388
1165,352,1517,0.1388
1146,349,1495,0.1388
1149,347,1496,0.1388
1154,352,1506,0.1388
1155,354,1509,0.1388
1163,350,1513,0.1388
1152,355,1507,0.1388
1150,358,1508,0.1388
1152,362,1514,0.1388
1145,356,1501,0.1388
1140,357,1497,0.1388
1144,360,1504,0.1388
1147,367,1514,0.1388
1133,363,1496,0.1388
1134,361,1495,0.1388
1132,354,1486,0.1388
1123,366,1489,0.1388
1134,360,1494,0.1388
1136,373,1509,0.1388
1143,377,1520,0.1388
1142,375,1517,0.1388
1129,375,1504,0.1388
1133,365,1498,0.1388
1125,360,1485,0.1388
1123,361,1484,0.1388
1119,361,1480,0.1388
1121,362,1483,0.1388
1114,363,1477,0.1388
1119,364,1483,0.1388
1128,362,1490,0.1388
1122,362,1484,0.1388
1123,369,1492,0.1388
1126,368,1494,0.1388
1119,370,1489,0.1388
1115,372,1487,0.1388
1126,375,1501,0.1388
1118,372,1490,0.1388
1113,373,1486,0.1388
1119,373,1492,0.1388
1114,370,1484,0.1388
1114,368,1482,0.1388
1119,368,1487,0.1388
1119,370,1489,0.1388
1127,377,1504,0.1388
1116,379,1495,0.1388
1131,375,1506,0.1388
1122,370,1492,0.1388
1118,373,1491,0.1388
1133,379,1512,0.1388
1129,373,1502,0.1388
1129,369,1498,0.1388
1131,362,1493,0.1388
1128,363,1491,0.1388
1132,364,1496,0.1388
1128,373,1501,0.1388
1121,369,1490,0.1388
1125,366,1491,0.1388
1112,371,1483,0.1388
1115,368,1483,0.1388
1117,368,1485,0.1388
1121,369,1490,0.1388
1134,374,1508,0.1388
1129,377,1506,0.1388
1127,379,1506,0.1388
1138,374,1512,0.1388
1133,379,1512,0.1388
1129,373,1502,0.1388
1131,369,1500,0.1388
1132,372,1504,0.1388
1135,370,1505,0.1388
1136,370,1506,0.1388
1125,368,1493,0.1388
1123,374,1497,0.1388
1119,375,1494,0.1388
1114,377,1491,0.1388
1102,370,1472,0.1388
1119,377,1496,0.1388
1122,377,1499,0.1388
1116,379,1495,0.1388
1109,380,1489,0.1388
1110,382,1492,0.1388
1116,383,1499,0.1388
1113,385,1498,0.1388
1124,386,1510,0.1388
1112,385,1497,0.1388
1116,388,1504,0.1388
1119,396,1515,0.1388
1110,395,1505,0.1388
1119,394,1513,0.1388
1116,389,1505,0.1388
1121,391,1512,0.1388
1106,388,1494,0.1388
1100,387,1487,0.1388
1096,390,1486,0.1388
1098,387,1485,0.1388
1102,398,1500,0.1388
1100,393,1493,0.1388
1105,389,1494,0.1388
1111,390,1501,0.1388
1102,389,1491,0.1388
1086,391,1477,0.1388
1097,391,1488,0.1388
1092,398,1490,0.1388
1084,395,1479,0.1388
1102,394,1496,0.1388
1103,389,1492,0.1388
1106,381,1487,0.1388
1113,387,1500,0.1388
1108,387,1495,0.1388
1098,391,1489,0.1388
1101,394,1495,0.1388
1111,390,1501,0.1388
1094,389,1483,0.1388
1104,403,1507,0.1388
1094,401,1495,0.1388
1092,397,1489,0.1388
1101,394,1495,0.1388
1106,397,1503,0.1388
1096,398,1494,0.1388
1096,391,1487,0.1388
1087,391,1478,0.1388
1089,392,1481,0.1388
1099,403,1502,0.1388
1093,406,1499,0.1388
1096,402,1498,0.1388
1095,395,1490,0.1388
1091,389,1480,0.1388
1096,386,1482,0.1388
1099,386,1485,0.1388
1095,386,1481,0.1388
1104,387,1491,0.1388
1114,396,1510,0.1388
1111,408,1519,0.1388
1108,405,1513,0.1388
1099,403,1502,0.1388
1096,406,1502,0.1388
1100,406,1506,0.1388
1104,405,1509,0.1388
1114,398,1512,0.1388
1105,389,1494,0.1388
1110,391,1501,0.1388
1104,395,1499,0.1388
1086,398,1484,0.1388
1092,398,1490,0.1388
1082,402,1484,0.1388
1094,401,1495,0.1388
1100,400,1500,0.1388
1101,397,1498,0.1388
1103,392,1495,0.1388
1100,399,1499,0.1388
1091,398,1489,0.1388
1092,399,1491,0.1388
1084,397,1481,0.1388
1078,403,1481,0.1388
1090,401,1491,0.1388
1093,404,1497,0.1388
1095,399,1494,0.1388
1089,402,1491,0.1388
1093,397,1490,0.1388
1087,395,1482,0.1388
1091,392,1483,0.1388
1097,396,1493,0.1388
1088,394,1482,0.1388
1079,402,1481,0.1388
1091,404,1495,0.1388
1098,399,1497,0.1388
1091,404,1495,0.1388
1092,407,1499,0.1388
1088,401,1489,0.1388
1098,403,1501,0.1388
1100,409,1509,0.1388
1108,410,1518,0.1388
1100,413,1513,0.1388
1105,406,1511,0.1388
1104,400,1504,0.1388
1103,395,1498,0.1388
1103,392,1495,0.1388
1098,399,1497,0.1388
1090,407,1497,0.1388
1081,409,1490,0.1388
1092,416,1508,0.1388
1086,415,1501,0.1388
1081,419,1500,0.1388
1079,414,1493,0.1388
1088,411,1499,0.1388
1090,406,1496,0.1388
1099,407,1506,0.1388
1089,412,1501,0.1388
1093,411,1504,0.1388
1104,411,1515,0.1388
1105,406,1511,0.1388
1099,408,1507,0.1388
1094,406,1500,0.1388
1085,413,1498,0.1388
1076,409,1485,0.1388
1085,412,1497,0.1388
1091,416,1507,0.1388
1089,419,1508,0.1388
1089,417,1506,0.1388
1094,418,1512,0.1388
1098,412,1510,0.1388
1095,422,1517,0.1388
1089,424,1513,0.1388
1088,418,1506,0.1388
1084,413,1497,0.1388
1088,417,1505,0.1388
1083,424,1507,0.1388
1082,420,1502,0.1388
1083,420,1503,0.1388
1083,423,1506,0.1388
1081,422,1503,0.1388
1087,419,1506,0.1388
1081,422,1503,0.1388
1077,427,1504,0.1388
1086,431,1517,0.1388
1079,427,1506,0.1388
1072,430,1502,0.1388
1064,436,1500,0.1388
1070,436,1506,0.1388
1071,431,1502,0.1388
1068,432,1500,0.1388
1071,425,1496,0.1388
1072,427,1499,0.1388
1075,431,1506,0.1388
1064,431,1495,0.1388
1067,438,1505,0.1388
1058,442,1500,0.1388
1046,445,1491,0.1388
1050,438,1488,0.1388
1054,438,1492,0.1388
1069,442,1511,0.1388
1060,447,1507,0.1388
1057,449,1506,0.1388
1058,448,1506,0.1388
1048,451,1499,0.1388
1047,459,1506,0.1388
1054,459,1513,0.1388
1049,462,1511,0.1388
1056,460,1516,0.1388
1049,464,1513,0.1388
1041,460,1501,0.1388
1026,469,1495,0.1388
1020,468,1488,0.1388
1028,474,1502,0.1388
1028,468,1496,0.1388
1041,466,1507,0.1388
1024,467,1491,0.1388
1038,473,1511,0.1388
1029,474,1503,0.1388
1039,465,1504,0.1388
1037,468,1505,0.1388
1046,476,1522,0.1388
1048,477,1525,0.1388
1030,482,1512,0.1388
1034,474,1508,0.1388
1023,471,1494,0.1388
1023,472,1495,0.1388
1031,474,1505,0.1388
1037,469,1506,0.1388
1037,470,1507,0.1388
1036,472,1508,0.1388
1029,471,1500,0.1388
1027,473,1500,0.1388
1022,476,1498,0.1388
1032,472,1504,0.1388
1028,465,1493,0.1388
1034,476,1510,0.1388
1026,474,1500,0.1388
1024,484,1508,0.1388
1026,480,1506,0.1388
1017,480,1497,0.1388
1005,478,1483,0.1388
1002,477,1479,0.1388
1014,478,1492,0.1388
1013,481,1494,0.1388
1018,478,1496,0.1388
1021,477,1498,0.1388
1025,484,1509,0.1388
1009,484,1493,0.1388
1009,487,1496,0.1388
1004,488,1492,0.1388
1018,500,1518,0.1388
1013,493,1506,0.1388
997,495,1492,0.1388
1005,489,1494,0.1388
1001,492,1493,0.1388
997,492,1489,0.1388
1004,496,1500,0.1388
1004,496,1500,0.1388
999,493,1492,0.1388
1006,493,1499,0.1388
999,493,1492,0.1388
999,496,1495,0.1388
996,497,1493,0.1388
997,502,1499,0.1388
1008,508,1516,0.1388
1006,508,1514,0.1388
1003,507,1510,0.1388
992,507,1499,0.1388
984,505,1489,0.1388
993,504,1497,0.1388
1004,505,1509,0.1388
999,512,1511,0.1388
997,515,1512,0.1388
998,513,1511,0.1388
998,512,1510,0.1388
1005,521,1526,0.1388
1007,524,1531,0.1388
998,522,1520,0.1388
1001,521,1522,0.1388
998,517,1515,0.1388
1002,512,1514,0.1388
991,514,1505,0.1388
991,516,1507,0.1388
987,528,1515,0.1388
994,527,1521,0.1388
994,532,1526,0.1388
995,531,1526,0.1388
981,526,1507,0.1388
972,532,1504,0.1388
978,520,1498,0.1388
970,513,1483,0.1388
987,518,1505,0.1388
987,520,1507,0.1388
976,523,1499,0.1388
968,528,1496,0.1388
975,534,1509,0.1388
971,537,1508,0.1388
972,540,1512,0.1388
969,535,1504,0.1388
970,536,1506,0.1388
977,539,1516,0.1388
974,542,1516,0.1388
972,533,1505,0.1388
972,526,1498,0.1388
968,540,1508,0.1388
961,535,1496,0.1388
945,538,1483,0.1388
953,545,1498,0.1388
956,539,1495,0.1388
946,545,1491,0.1388
957,551,1508,0.1388
955,550,1505,0.1388
944,557,1501,0.1388
940,564,1504,0.1388
941,573,1514,0.1388
941,573,1514,0.1388
943,564,1507,0.1388
944,566,1510,0.1388
939,573,1512,0.1388
936,570,1506,0.1388
938,580,1518,0.1388
933,583,1516,0.1388
928,584,1512,0.1388
924,577,1501,0.1388
914,584,1498,0.1388
917,579,1496,0.1388
923,578,1501,0.1388
923,583,1506,0.1388
918,590,1508,0.1388
918,591,1509,0.1388
925,579,1504,0.1388
924,578,1502,0.1388
920,579,1499,0.1388
917,583,1500,0.1388
917,592,1509,0.1388
905,587,1492,0.1388
906,592,1498,0.1388
925,592,1517,0.1388
921,587,1508,0.1388
916,589,1505,0.1388
921,591,1512,0.1388
926,588,1514,0.1388
931,589,1520,0.1388
927,591,1518,0.1388
921,585,1506,0.1388
925,589,1514,0.1388
920,596,1516,0.1388
909,604,1513,0.1388
907,607,1514,0.1388
896,604,1500,0.1388
892,602,1494,0.1388
891,599,1490,0.1388
901,605,1506,0.1388
899,608,1507,0.1388
899,594,1493,0.1388
902,596,1498,0.1388
896,599,1495,0.1388
897,607,1504,0.1388
897,609,1506,0.1388
905,608,1513,0.1388
913,608,1521,0.1388
895,610,1505,0.1388
900,611,1511,0.1388
904,612,1516,0.1388
909,612,1521,0.1388
896,616,1512,0.1388
900,616,1516,0.1388
910,607,1517,0.1388
906,602,1508,0.1388
900,604,1504,0.1388
898,614,1512,0.1388
884,619,1503,0.1388
883,620,1503,0.1388
876,616,1492,0.1388
884,615,1499,0.1388
888,610,1498,0.1388
893,613,1506,0.1388
896,614,1510,0.1388
884,604,1488,0.1388
886,606,1492,0.1388
882,607,1489,0.1388
883,604,1487,0.1388
883,612,1495,0.1388
878,613,1491,0.1388
876,609,1485,0.1388
877,618,1495,0.1388
872,616,1488,0.1388
882,608,1490,0.1388
888,613,1501,0.1388
896,611,1507,0.1388
876,607,1483,0.1388
878,610,1488,0.1388
872,627,1499,0.1388
871,617,1488,0.1388
873,612,1485,0.1388
866,615,1481,0.1388
869,618,1487,0.1388
872,627,1499,0.1388
868,639,1507,0.1388
856,645,1501,0.1388
863,639,1502,0.1388
869,640,1509,0.1388
862,635,1497,0.1388
863,635,1498,0.1388
863,635,1498,0.1388
854,644,1498,0.1388
865,640,1505,0.1388
861,646,1507,0.1388
859,641,1500,0.1388
859,637,1496,0.1388
864,644,1508,0.1388
859,639,1498,0.1388
853,634,1487,0.1388
857,632,1489,0.1388
860,637,1497,0.1388
850,643,1493,0.1388
851,649,1500,0.1388
841,652,1493,0.1388
863,649,1512,0.1388
865,647,1512,0.1388
866,646,1512,0.1388
861,645,1506,0.1388
863,652,1515,0.1388
859,651,1510,0.1388
856,648,1504,0.1388
851,646,1497,0.1388
853,639,1492,0.1388
853,640,1493,0.1388
849,644,1493,0.1388
867,651,1518,0.1388
861,652,1513,0.1388
860,651,1511,0.1388
855,648,1503,0.1388
849,645,1494,0.1388
843,649,1492,0.1388
841,647,1488,0.1388
842,653,1495,0.1388
844,657,1501,0.1388
846,657,1503,0.1388
846,658,1504,0.1388
846,663,1509,0.1388
852,661,1513,0.1388
849,661,1510,0.1388
840,670,1510,0.1388
826,669,1495,0.1388
825,668,1493,0.1388
827,661,1488,0.1388
827,666,1493,0.1388
826,669,1495,0.1388
829,666,1495,0.1388
831,673,1504,0.1388
829,672,1501,0.1388
828,671,1499,0.1388
814,688,1502,0.1388
815,686,1501,0.1388
814,692,1506,0.1388
822,685,1507,0.1388
820,692,1512,0.1388
823,690,1513,0.1388
827,691,1518,0.1388
816,686,1502,0.1388
817,689,1506,0.1388
808,689,1497,0.1388
812,693,1505,0.1388
818,694,1512,0.1388
814,696,1510,0.1388
816,696,1512,0.1388
812,697,1509,0.1388
817,701,1518,0.1388
805,702,1507,0.1388
814,700,1514,0.1388
815,695,1510,0.1388
822,689,1511,0.1388
817,680,1497,0.1388
807,688,1495,0.1388
798,687,1485,0.1388
804,696,1500,0.1388
798,695,1493,0.1388
804,693,1497,0.1388
809,701,1510,0.1388
798,704,1502,0.1388
800,707,1507,0.1388
801,710,1511,0.1388
803,704,1507,0.1388
811,707,1518,0.1388
807,709,1516,0.1388
806,698,1504,0.1388
807,709,1516,0.1388
809,709,1518,0.1388
798,707,1505,0.1388
796,708,1504,0.1388
799,710,1509,0.1388
800,714,1514,0.1388
804,712,1516,0.1388
803,713,1516,0.1388
797,715,1512,0.1388
798,715,1513,0.1388
798,719,1517,0.1388
803,719,1522,0.1388
799,714,1513,0.1388
792,716,1508,0.1388
790,718,1508,0.1388
781,721,1502,0.1388
776,720,1496,0.1388
774,726,1500,0.1388
777,714,1491,0.1388
772,712,1484,0.1388
775,717,1492,0.1388
775,716,1491,0.1388
762,716,1478,0.1388
768,724,1492,0.1388
766,732,1498,0.1388
781,721,1502,0.1388
786,721,1507,0.1388
779,724,1503,0.1388
768,728,1496,0.1388
768,733,1501,0.1388
760,730,1490,0.1388
752,730,1482,0.1388
752,737,1489,0.1388
764,734,1498,0.1388
757,736,1493,0.1388
754,731,1485,0.1388
755,728,1483,0.1388
756,746,1502,0.1388
755,746,1501,0.1388
759,749,1508,0.1388
760,746,1506,0.1388
752,752,1504,0.1388
755,756,1511,0.1388
761,747,1508,0.1388
748,753,1501,0.1388
745,755,1500,0.1388
750,763,1513,0.1388
757,761,1518,0.1388
760,766,1526,0.1388
753,770,1523,0.1388
742,770,1512,0.1388
740,773,1513,0.1388
742,778,1520,0.1388
731,772,1503,0.1388
726,778,1504,0.1388
730,774,1504,0.1388
735,776,1511,0.1388
732,776,1508,0.1388
727,776,1503,0.1388
721,792,1513,0.1388
716,794,1510,0.1388
727,781,1508,0.1388
720,784,1504,0.1388
728,784,1512,0.1388
728,784,1512,0.1388
729,793,1522,0.1388
725,786,1511,0.1388
717,783,1500,0.1388
705,788,1493,0.1388
714,777,1491,0.1388
715,782,1497,0.1388
724,781,1505,0.1388
710,798,1508,0.1388
717,801,1518,0.1388
715,789,1504,0.1388
710,786,1496,0.1388
710,794,1504,0.1388
713,800,1513,0.1388
717,797,1514,0.1388
716,795,1511,0.1388
720,788,1508,0.1388
706,785,1491,0.1388
707,790,1497,0.1388
712,803,1515,0.1388
711,796,1507,0.1388
716,790,1506,0.1388
713,798,1511,0.1388
707,794,1501,0.1388
702,798,1500,0.1388
702,792,1494,0.1388
707,798,1505,0.1388
719,797,1516,0.1388
711,796,1507,0.1388
716,788,1504,0.1388
710,787,1497,0.1388
708,793,1501,0.1388
708,799,1507,0.1388
709,799,1508,0.1388
710,792,1502,0.1388
717,794,1511,0.1388
720,792,1512,0.1388
716,791,1507,0.1388
710,792,1502,0.1388
708,776,1484,0.1388
718,778,1496,0.1388
721,783,1504,0.1388
718,786,1504,0.1388
724,786,1510,0.1388
717,785,1502,0.1388
715,786,1501,0.1388
713,790,1503,0.1388
717,792,1509,0.1388
713,789,1502,0.1388
720,791,1511,0.1388
722,791,1513,0.1388
718,776,1494,0.1388
712,777,1489,0.1388
716,774,1490,0.1388
726,776,1502,0.1388
721,775,1496,0.1388
729,781,1510,0.1388
731,788,1519,0.1388
730,791,1521,0.1388
729,793,1522,0.1388
716,796,1512,0.1388
710,804,1514,0.1388
703,799,1502,0.1388
712,804,1516,0.1388
715,802,1517,0.1388
725,796,1521,0.1388
721,797,1518,0.1388
722,802,1524,0.1388
720,794,1514,0.1388
710,798,1508,0.1388
711,793,1504,0.1388
710,789,1499,0.1388
712,792,1504,0.1388
705,789,1494,0.1388
704,796,1500,0.1388
707,790,1497,0.1388
699,801,1500,0.1388
702,803,1505,0.1388
695,800,1495,0.1388
701,792,1493,0.1388
698,793,1491,0.1388
701,795,1496,0.1388
697,803,1500,0.1388
697,801,1498,0.1388
696,802,1498,0.1388
694,810,1504,0.1388
687,807,1494,0.1388
688,806,1494,0.1388
693,819,1512,0.1388
690,820,1510,0.1388
688,821,1509,0.1388
687,821,1508,0.1388
683,820,1503,0.1388
687,807,1494,0.1388
689,810,1499,0.1388
697,816,1513,0.1388
692,819,1511,0.1388
677,809,1486,0.1388
680,812,1492,0.1388
681,822,1503,0.1388
688,824,1512,0.1388
674,824,1498,0.1388
675,830,1505,0.1388
674,839,1513,0.1388
664,839,1503,0.1388
670,842,1512,0.1388
676,842,1518,0.1388
676,836,1512,0.1388
683,837,1520,0.1388
677,824,1501,0.1388
671,824,1495,0.1388
676,823,1499,0.1388
675,818,1493,0.1388
674,823,1497,0.1388
678,825,1503,0.1388
677,826,1503,0.1388
679,831,1510,0.1388
675,826,1501,0.1388
673,824,1497,0.1388
675,841,1516,0.1388
675,832,1507,0.1388
668,835,1503,0.1388
663,835,1498,0.1388
668,845,1513,0.1388
653,839,1492,0.1388
661,846,1507,0.1388
660,852,1512,0.1388
654,852,1506,0.1388
649,846,1495,0.1388
651,839,1490,0.1388
642,844,1486,0.1388
641,845,1486,0.1388
640,861,1501,0.1388
634,867,1501,0.1388
637,863,1500,0.1388
638,871,1509,0.1388
643,861,1504,0.1388
645,857,1502,0.1388
639,861,1500,0.1388
637,869,1506,0.1388
634,863,1497,0.1388
633,860,1493,0.1388
632,860,1492,0.1388
628,855,1483,0.1388
644,863,1507,0.1388
637,866,1503,0.1388
636,865,1501,0.1388
639,876,1515,0.1388
643,868,1511,0.1388
643,865,1508,0.1388
635,865,1500,0.1388
635,869,1504,0.1388
630,870,1500,0.1388
629,874,1503,0.1388
626,885,1511,0.1388
626,884,1510,0.1388
621,880,1501,0.1388
623,881,1504,0.1388
621,881,1502,0.1388
623,890,1513,0.1388
619,885,1504,0.1388
619,882,1501,0.1388
614,888,1502,0.1388
611,884,1495,0.1388
608,902,1510,0.1388
616,896,1512,0.1388
616,891,1507,0.1388
615,894,1509,0.1388
618,894,1512,0.1388
615,889,1504,0.1388
613,893,1506,0.1388
621,887,1508,0.1388
611,892,1503,0.1388
614,887,1501,0.1388
609,903,1512,0.1388
609,897,1506,0.1388
611,893,1504,0.1388
603,894,1497,0.1388
608,899,1507,0.1388
605,888,1493,0.1388
602,895,1497,0.1388
601,888,1489,0.1388
592,888,1480,0.1388
594,891,1485,0.1388
596,903,1499,0.1388
594,902,1496,0.1388
596,899,1495,0.1388
596,897,1493,0.1388
603,900,1503,0.1388
600,897,1497,0.1388
592,902,1494,0.1388
596,900,1496,0.1388
608,899,1507,0.1388
608,906,1514,0.1388
594,901,1495,0.1388
595,911,1506,0.1388
601,914,1515,0.1388
597,919,1516,0.1388
594,919,1513,0.1388
597,924,1521,0.1388
600,917,1517,0.1388
595,922,1517,0.1388
588,924,1512,0.1388
592,924,1516,0.1388
592,915,1507,0.1388
584,909,1493,0.1388
582,914,1496,0.1388
578,927,1505,0.1388
575,930,1505,0.1388
566,934,1500,0.1388
582,934,1516,0.1388
581,936,1517,0.1388
573,936,1509,0.1388
568,945,1513,0.1388
569,942,1511,0.1388
569,945,1514,0.1388
569,941,1510,0.1388
567,942,1509,0.1388
558,924,1482,0.1388
565,917,1482,0.1388
573,931,1504,0.1388
576,924,1500,0.1388
569,939,1508,0.1388
564,932,1496,0.1388
564,938,1502,0.1388
563,942,1505,0.1388
559,948,1507,0.1388
553,944,1497,0.1388
562,947,1509,0.1388
570,954,1524,0.1388
577,945,1522,0.1388
571,955,1526,0.1388
570,949,1519,0.1388
567,954,1521,0.1388
566,948,1514,0.1388
563,949,1512,0.1388
552,952,1504,0.1388
560,958,1518,0.1388
554,947,1501,0.1388
560,947,1507,0.1388
554,942,1496,0.1388
559,949,1508,0.1388
563,952,1515,0.1388
563,960,1523,0.1388
556,954,1510,0.1388
550,946,1496,0.1388
546,948,1494,0.1388
553,955,1508,0.1388
557,955,1512,0.1388
550,962,1512,0.1388
549,967,1516,0.1388
545,955,1500,0.1388
541,945,1486,0.1388
548,940,1488,0.1388
550,958,1508,0.1388
546,958,1504,0.1388
536,955,1491,0.1388
536,952,1488,0.1388
538,961,1499,0.1388
537,968,1505,0.1388
535,966,1501,0.1388
543,956,1499,0.1388
543,962,1505,0.1388
538,967,1505,0.1388
531,968,1499,0.1388
534,969,1503,0.1388
538,965,1503,0.1388
537,974,1511,0.1388
528,976,1504,0.1388
525,979,1504,0.1388
535,968,1503,0.1388
534,973,1507,0.1388
542,973,1515,0.1388
544,978,1522,0.1388
539,979,1518,0.1388
531,989,1520,0.1388
532,989,1521,0.1388
532,990,1522,0.1388
532,977,1509,0.1388
539,972,1511,0.1388
535,978,1513,0.1388
536,967,1503,0.1388
531,973,1504,0.1388
524,977,1501,0.1388
521,976,1497,0.1388
527,978,1505,0.1388
526,986,1512,0.1388
532,978,1510,0.1388
528,978,1506,0.1388
523,985,1508,0.1388
522,978,1500,0.1388
515,991,1506,0.1388
512,996,1508,0.1388
505,994,1499,0.1388
511,996,1507,0.1388
522,984,1506,0.1388
526,984,1510,0.1388
524,979,1503,0.1388
524,976,1500,0.1388
520,985,1505,0.1388
515,995,1510,0.1388
509,999,1508,0.1388
504,1000,1504,0.1388
508,1007,1515,0.1388
510,1008,1518,0.1388
504,1005,1509,0.1388
499,1002,1501,0.1388
507,1008,1515,0.1388
506,1009,1515,0.1388
511,1016,1527,0.1388
512,1009,1521,0.1388
514,1013,1527,0.1388
506,1014,1520,0.1388
506,1012,1518,0.1388
503,1017,1520,0.1388
501,1010,1511,0.1388
496,1021,1517,0.1388
493,1026,1519,0.1388
488,1028,1516,0.1388
494,1022,1516,0.1388
485,1027,1512,0.1388
484,1026,1510,0.1388
486,1033,1519,0.1388
484,1027,1511,0.1388
474,1039,1513,0.1388
470,1042,1512,0.1388
476,1038,1514,0.1388
478,1025,1503,0.1388
480,1031,1511,0.1388
480,1040,1520,0.1388
478,1021,1499,0.1388
481,1033,1514,0.1388
486,1037,1523,0.1388
479,1041,1520,0.1388
469,1039,1508,0.1388
474,1049,1523,0.1388
460,1040,1500,0.1388
454,1043,1497,0.1388
459,1054,1513,0.1388
460,1055,1515,0.1388
466,1041,1507,0.1388
460,1037,1497,0.1388
464,1045,1509,0.1388
464,1052,1516,0.1388
457,1053,1510,0.1388
463,1045,1508,0.1388
466,1050,1516,0.1388
472,1051,1523,0.1388
477,1043,1520,0.1388
477,1044,1521,0.1388
474,1050,1524,0.1388
459,1049,1508,0.1388
466,1050,1516,0.1388
475,1040,1515,0.1388
474,1036,1510,0.1388
476,1039,1515,0.1388
477,1047,1524,0.1388
474,1052,1526,0.1388
475,1034,1509,0.1388
472,1031,1503,0.1388
468,1035,1503,0.1388
471,1045,1516,0.1388
461,1050,1511,0.1388
461,1051,1512,0.1388
465,1047,1512,0.1388
461,1043,1504,0.1388
457,1047,1504,0.1388
461,1040,1501,0.1388
456,1057,1513,0.1388
459,1048,1507,0.1388
459,1050,1509,0.1388
457,1040,1497,0.1388
463,1049,1512,0.1388
460,1052,1512,0.1388
459,1051,1510,0.1388
466,1063,1529,0.1388
461,1059,1520,0.1388
458,1061,1519,0.1388
460,1059,1519,0.1388
462,1045,1507,0.1388
457,1047,1504,0.1388
454,1057,1511,0.1388
458,1060,1518,0.1388
454,1059,1513,0.1388
449,1076,1525,0.1388
448,1064,1512,0.1388
450,1057,1507,0.1388
446,1056,1502,0.1388
449,1054,1503,0.1388
442,1053,1495,0.1388
442,1059,1501,0.1388
446,1064,1510,0.1388
447,1071,1518,0.1388
441,1074,1515,0.1388
441,1077,1518,0.1388
445,1075,1520,0.1388
439,1065,1504,0.1388
437,1066,1503,0.1388
441,1075,1516,0.1388
441,1072,1513,0.1388
444,1066,1510,0.1388
444,1073,1517,0.1388
433,1078,1511,0.1388
433,1072,1505,0.1388
439,1064,1503,0.1388
442,1068,1510,0.1388
446,1075,1521,0.1388
448,1070,1518,0.1388
443,1063,1506,0.1388
437,1061,1498,0.1388
435,1046,1481,0.1388
434,1049,1483,0.1388
434,1061,1495,0.1388
433,1071,1504,0.1388
434,1074,1508,0.1388
431,1077,1508,0.1388
431,1075,1506,0.1388
434,1084,1518,0.1388
430,1084,1514,0.1388
432,1081,1513,0.1388
426,1075,1501,0.1388
426,1079,1505,0.1388
425,1092,1517,0.1388
418,1091,1509,0.1388
421,1104,1525,0.1388
414,1101,1515,0.1388
416,1097,1513,0.1388
416,1094,1510,0.1388
415,1090,1505,0.1388
420,1085,1505,0.1388
425,1087,1512,0.1388
427,1088,1515,0.1388
420,1098,1518,0.1388
417,1100,1517,0.1388
419,1106,1525,0.1388
418,1112,1530,0.1388
412,1098,1510,0.1388
407,1107,1514,0.1388
407,1105,1512,0.1388
410,1107,1517,0.1388
406,1111,1517,0.1388
404,1110,1514,0.1388
408,1111,1519,0.1388
409,1107,1516,0.1388
403,1116,1519,0.1388
408,1108,1516,0.1388
404,1108,1512,0.1388
406,1107,1513,0.1388
400,1111,1511,0.1388
398,1098,1496,0.1388
401,1101,1502,0.1388
404,1112,1516,0.1388
400,1111,1511,0.1388
402,1102,1504,0.1388
404,1107,1511,0.1388
404,1097,1501,0.1388
402,1106,1508,0.1388
392,1105,1497,0.1388
391,1117,1508,0.1388
393,1119,1512,0.1388
395,1109,1504,0.1388
400,1120,1520,0.1388
396,1117,1513,0.1388
388,1122,1510,0.1388
388,1116,1504,0.1388
387,1131,1518,0.1388
385,1129,1514,0.1388
392,1134,1526,0.1388
385,1142,1527,0.1388
377,1143,1520,0.1388
377,1149,1526,0.1388
379,1133,1512,0.1388
378,1127,1505,0.1388
377,1128,1505,0.1388
379,1126,1505,0.1388
378,1131,1509,0.1388
377,1136,1513,0.1388
368,1139,1507,0.1388
368,1149,1517,0.1388
361,1141,1502,0.1388
360,1143,1503,0.1388
353,1149,1502,0.1388
356,1153,1509,0.1388
352,1146,1498,0.1388
352,1143,1495,0.1388
353,1136,1489,0.1388
362,1149,1511,0.1388
360,1149,1509,0.1388
358,1155,1513,0.1388
356,1158,1514,0.1388
356,1156,1512,0.1388
354,1164,1518,0.1388
350,1155,1505,0.1388
347,1154,1501,0.1388
355,1145,1500,0.1388
360,1154,1514,0.1388
355,1147,1502,0.1388
353,1154,1507,0.1388
349,1164,1513,0.1388
343,1174,1517,0.1388
338,1160,1498,0.1388
343,1161,1504,0.1388
337,1167,1504,0.1388
345,1157,1502,0.1388
350,1154,1504,0.1388
349,1158,1507,0.1388
349,1161,1510,0.1388
356,1150,1506,0.1388
349,1157,1506,0.1388
351,1161,1512,0.1388
353,1157,1510,0.1388
358,1171,1529,0.1388
352,1174,1526,0.1388
345,1178,1523,0.1388
349,1175,1524,0.1388
355,1157,1512,0.1388
357,1165,1522,0.1388
358,1161,1519,0.1388
361,1158,1519,0.1388
364,1165,1529,0.1388
363,1158,1521,0.1388
359,1162,1521,0.1388
355,1159,1514,0.1388
358,1160,1518,0.1388
355,1154,1509,0.1388
357,1149,1506,0.1388
358,1145,1503,0.1388
353,1145,1498,0.1388
346,1154,1500,0.1388
341,1155,1496,0.1388
341,1166,1507,0.1388
342,1179,1521,0.1388
343,1185,1528,0.1388
342,1181,1523,0.1388
343,1170,1513,0.1388
340,1171,1511,0.1388
337,1170,1507,0.1388
334,1177,1511,0.1388
336,1179,1515,0.1388
332,1180,1512,0.1388
332,1171,1503,0.1388
332,1178,1510,0.1388
326,1174,1500,0.1388
338,1180,1518,0.1388
334,1173,1507,0.1388
334,1172,1506,0.1388
331,1174,1505,0.1388
329,1189,1518,0.1388
332,1177,1509,0.1388
330,1179,1509,0.1388
326,1187,1513,0.1388
324,1184,1508,0.1388
327,1187,1514,0.1388
328,1192,1520,0.1388
325,1191,1516,0.1388
327,1190,1517,0.1388
331,1186,1517,0.1388
331,1185,1516,0.1388
328,1171,1499,0.1388
332,1178,1510,0.1388
327,1174,1501,0.1388
329,1164,1493,0.1388
329,1172,1501,0.1388
330,1187,1517,0.1388
329,1177,1506,0.1388
326,1191,1517,0.1388
329,1185,1514,0.1388
319,1183,1502,0.1388
329,1167,1496,0.1388
329,1195,1524,0.1388
326,1197,1523,0.1388
325,1194,1519,0.1388
322,1197,1519,0.1388
316,1194,1510,0.1388
318,1192,1510,0.1388
318,1189,1507,0.1388
313,1189,1502,0.1388
322,1193,1515,0.1388
324,1203,1527,0.1388
323,1194,1517,0.1388
315,1188,1503,0.1388
316,1180,1496,0.1388
315,1197,1512,0.1388
322,1192,1514,0.1388
322,1192,1514,0.1388
317,1190,1507,0.1388
321,1195,1516,0.1388
319,1202,1521,0.1388
318,1207,1525,0.1388
313,1207,1520,0.1388
313,1193,1506,0.1388
307,1201,1508,0.1388
301,1193,1494,0.1388
297,1192,1489,0.1388
296,1194,1490,0.1388
298,1202,1500,0.1388
302,1207,1509,0.1388
308,1213,1521,0.1388
307,1213,1520,0.1388
306,1214,1520,0.1388
306,1216,1522,0.1388
305,1208,1513,0.1388
304,1216,1520,0.1388
298,1218,1516,0.1388
297,1213,1510,0.1388
297,1218,1515,0.1388
302,1210,1512,0.1388
304,1210,1514,0.1388
303,1214,1517,0.1388
300,1206,1506,0.1388
304,1199,1503,0.1388
302,1207,1509,0.1388
298,1204,1502,0.1388
301,1213,1514,0.1388
297,1220,1517,0.1388
290,1225,1515,0.1388
280,1222,1502,0.1388
278,1227,1505,0.1388
272,1236,1508,0.1388
279,1233,1512,0.1388
280,1234,1514,0.1388
278,1241,1519,0.1388
277,1239,1516,0.1388
274,1233,1507,0.1388
276,1227,1503,0.1388
277,1233,1510,0.1388
282,1232,1514,0.1388
280,1232,1512,0.1388
273,1238,1511,0.1388
281,1235,1516,0.1388
279,1223,1502,0.1388
278,1236,1514,0.1388
281,1226,1507,0.1388
280,1225,1505,0.1388
280,1234,1514,0.1388
282,1229,1511,0.1388
276,1233,1509,0.1388
275,1230,1505,0.1388
276,1234,1510,0.1388
271,1227,1498,0.1388
277,1227,1504,0.1388
275,1234,1509,0.1388
268,1227,1495,0.1388
271,1236,1507,0.1388
275,1232,1507,0.1388
277,1243,1520,0.1388
274,1255,1529,0.1388
271,1256,1527,0.1388
268,1244,1512,0.1388
271,1248,1519,0.1388
272,1244,1516,0.1388
265,1238,1503,0.1388
267,1244,1511,0.1388
268,1238,1506,0.1388
264,1243,1507,0.1388
265,1244,1509,0.1388
256,1249,1505,0.1388
261,1243,1504,0.1388
262,1245,1507,0.1388
263,1248,1511,0.1388
261,1250,1511,0.1388
259,1256,1515,0.1388
254,1257,1511,0.1388
257,1261,1518,0.1388
255,1265,1520,0.1388
254,1263,1517,0.1388
251,1260,1511,0.1388
249,1260,1509,0.1388
247,1268,1515,0.1388
246,1264,1510,0.1388
249,1267,1516,0.1388
248,1258,1506,0.1388
247,1258,1505,0.1388
248,1262,1510,0.1388
253,1258,1511,0.1388
259,1248,1507,0.1388
261,1259,1520,0.1388
256,1263,1519,0.1388
255,1264,1519,0.1388
253,1259,1512,0.1388
248,1262,1510,0.1388
251,1269,1520,0.1388
248,1259,1507,0.1388
251,1259,1510,0.1388
256,1249,1505,0.1388
259,1250,1509,0.1388
257,1259,1516,0.1388
261,1246,1507,0.1388
263,1251,1514,0.1388
263,1249,1512,0.1388
262,1247,1509,0.1388
257,1251,1508,0.1388
259,1254,1513,0.1388
258,1264,1522,0.1388
260,1271,1531,0.1388
257,1274,1531,0.1388
256,1269,1525,0.1388
260,1273,1533,0.1388
262,1268,1530,0.1388
258,1264,1522,0.1388
252,1255,1507,0.1388
252,1262,1514,0.1388
253,1274,1527,0.1388
254,1269,1523,0.1388
252,1271,1523,0.1388
252,1263,1515,0.1388
252,1253,1505,0.1388
249,1249,1498,0.1388
248,1251,1499,0.1388
251,1251,1502,0.1388
246,1270,1516,0.1388
254,1271,1525,0.1388
251,1271,1522,0.1388
249,1272,1521,0.1388
251,1263,1514,0.1388
252,1265,1517,0.1388
250,1272,1522,0.1388
247,1283,1530,0.1388
248,1283,1531,0.1388
245,1269,1514,0.1388
245,1262,1507,0.1388
248,1269,1517,0.1388
248,1277,1525,0.1388
246,1270,1516,0.1388
244,1276,1520,0.1388
241,1261,1502,0.1388
244,1259,1503,0.1388
245,1271,1516,0.1388
242,1277,1519,0.1388
241,1282,1523,0.1388
239,1271,1510,0.1388
240,1258,1498,0.1388
236,1259,1495,0.1388
234,1263,1497,0.1388
233,1270,1503,0.1388
227,1267,1494,0.1388
227,1265,1492,0.1388
231,1278,1509,0.1388
231,1261,1492,0.1388
231,1263,1494,0.1388
230,1265,1495,0.1388
234,1277,1511,0.1388
233,1287,1520,0.1388
234,1272,1506,0.1388
237,1268,1505,0.1388
238,1273,1511,0.1388
236,1269,1505,0.1388
242,1274,1516,0.1388
240,1273,1513,0.1388
236,1268,1504,0.1388
237,1281,1518,0.1388
235,1269,1504,0.1388
229,1269,1498,0.1388
233,1274,1507,0.1388
234,1278,1512,0.1388
233,1268,1501,0.1388
236,1275,1511,0.1388
237,1269,1506,0.1388
231,1276,1507,0.1388
232,1281,1513,0.1388
237,1279,1516,0.1388
235,1275,1510,0.1388
238,1284,1522,0.1388
233,1285,1518,0.1388
230,1278,1508,0.1388
237,1280,1517,0.1388
240,1276,1516,0.1388
237,1292,1529,0.1388
232,1274,1506,0.1388
233,1273,1506,0.1388
232,1278,1510,0.1388
235,1273,1508,0.1388
238,1273,1511,0.1388
233,1276,1509,0.1388
232,1278,1510,0.1388
234,1286,1520,0.1388
236,1288,1524,0.1388
234,1280,1514,0.1388
234,1275,1509,0.1388
234,1281,1515,0.1388
230,1276,1506,0.1388
226,1277,1503,0.1388
232,1283,1515,0.1388
227,1268,1495,0.1388
234,1275,1509,0.1388
235,1278,1513,0.1388
240,1272,1512,0.1388
236,1274,1510,0.1388
237,1269,1506,0.1388
235,1260,1495,0.1388
236,1264,1500,0.1388
236,1269,1505,0.1388
232,1274,1506,0.1388
230,1273,1503,0.1388
231,1278,1509,0.1388
227,1280,1507,0.1388
232,1286,1518,0.1388
228,1279,1507,0.1388
229,1271,1500,0.1388
234,1278,1512,0.1388
232,1282,1514,0.1388
232,1292,1524,0.1388
228,1293,1521,0.1388
228,1291,1519,0.1388
230,1280,1510,0.1388
230,1286,1516,0.1388
234,1275,1509,0.1388
230,1271,1501,0.1388
233,1274,1507,0.1388
234,1276,1510,0.1388
234,1283,1517,0.1388
237,1285,1522,0.1388
239,1272,1511,0.1388
236,1265,1501,0.1388
237,1278,1515,0.1388
237,1272,1509,0.1388
243,1277,1520,0.1388
239,1272,1511,0.1388
242,1268,1510,0.1388
242,1273,1515,0.1388
240,1279,1519,0.1388
241,1278,1519,0.1388
245,1273,1518,0.1388
248,1267,1515,0.1388
246,1271,1517,0.1388
245,1268,1513,0.1388
245,1268,1513,0.1388
242,1265,1507,0.1388
243,1275,1518,0.1388
244,1272,1516,0.1388
238,1275,1513,0.1388
235,1284,1519,0.1388
238,1287,1525,0.1388
235,1290,1525,0.1388
234,1295,1529,0.1388
232,1298,1530,0.1388
234,1296,1530,0.1388
232,1293,1525,0.1388
238,1300,1538,0.1388
237,1290,1527,0.1388
237,1285,1522,0.1388
233,1285,1518,0.1388
231,1273,1504,0.1388
228,1283,1511,0.1388
225,1291,1516,0.1388
224,1295,1519,0.1388
221,1290,1511,0.1388
218,1287,1505,0.1388
217,1287,1504,0.1388
218,1285,1503,0.1388
216,1299,1515,0.1388
214,1292,1506,0.1388
215,1297,1512,0.1388
208,1293,1501,0.1388
207,1291,1498,0.1388
208,1303,1511,0.1388
208,1305,1513,0.1388
206,1302,1508,0.1388
208,1303,1511,0.1388
209,1305,1514,0.1388
210,1302,1512,0.1388
210,1309,1519,0.1388
212,1305,1517,0.1388
210,1301,1511,0.1388
207,1315,1522,0.1388
207,1323,1530,0.1388
198,1315,1513,0.1388
205,1306,1511,0.1388
208,1310,1518,0.1388
201,1306,1507,0.1388
198,1298,1496,0.1388
203,1299,1502,0.1388
206,1310,1516,0.1388
203,1307,1510,0.1388
203,1309,1512,0.1388
206,1301,1507,0.1388
209,1303,1512,0.1388
207,1306,1513,0.1388
207,1303,1510,0.1388
208,1311,1519,0.1388
202,1292,1494,0.1388
198,1296,1494,0.1388
199,1303,1502,0.1388
201,1315,1516,0.1388
201,1315,1516,0.1388
204,1310,1514,0.1388
204,1321,1525,0.1388
202,1318,1520,0.1388
205,1312,1517,0.1388
206,1320,1526,0.1388
207,1305,1512,0.1388
208,1312,1520,0.1388
200,1307,1507,0.1388
199,1301,1500,0.1388
198,1298,1496,0.1388
199,1309,1508,0.1388
203,1306,1509,0.1388
203,1302,1505,0.1388
200,1307,1507,0.1388
197,1308,1505,0.1388
196,1312,1508,0.1388
194,1302,1496,0.1388
194,1303,1497,0.1388
196,1315,1511,0.1388
193,1312,1505,0.1388
194,1317,1511,0.1388
194,1316,1510,0.1388
191,1325,1516,0.1388
193,1319,1512,0.1388
188,1320,1508,0.1388
193,1317,1510,0.1388
192,1324,1516,0.1388
187,1337,1524,0.1388
187,1337,1524,0.1388
185,1344,1529,0.1388
183,1339,1522,0.1388
190,1326,1516,0.1388
188,1315,1503,0.1388
190,1312,1502,0.1388
188,1310,1498,0.1388
187,1321,1508,0.1388
187,1325,1512,0.1388
186,1315,1501,0.1388
190,1325,1515,0.1388
189,1329,1518,0.1388
184,1328,1512,0.1388
181,1322,1503,0.1388
183,1324,1507,0.1388
180,1326,1506,0.1388
183,1329,1512,0.1388
179,1335,1514,0.1388
180,1329,1509,0.1388
184,1340,1524,0.1388
186,1332,1518,0.1388
186,1333,1519,0.1388
185,1323,1508,0.1388
189,1325,1514,0.1388
186,1337,1523,0.1388
189,1338,1527,0.1388
185,1333,1518,0.1388
186,1329,1515,0.1388
190,1334,1524,0.1388
188,1351,1539,0.1388
183,1344,1527,0.1388
182,1340,1522,0.1388
184,1341,1525,0.1388
183,1334,1517,0.1388
184,1330,1514,0.1388
186,1325,1511,0.1388
187,1332,1519,0.1388
189,1324,1513,0.1388
186,1332,1518,0.1388
185,1317,1502,0.1388
181,1321,1502,0.1388
179,1322,1501,0.1388
179,1337,1516,0.1388
181,1341,1522,0.1388
176,1340,1516,0.1388
175,1343,1518,0.1388
178,1336,1514,0.1388
175,1342,1517,0.1388
176,1334,1510,0.1388
173,1336,1509,0.1388
172,1342,1514,0.1388
168,1337,1505,0.1388
170,1345,1515,0.1388
168,1346,1514,0.1388
165,1348,1513,0.1388
159,1340,1499,0.1388
159,1350,1509,0.1388
160,1338,1498,0.1388
161,1342,1503,0.1388
160,1339,1499,0.1388
163,1343,1506,0.1388
160,1348,1508,0.1388
162,1363,1525,0.1388
154,1365,1519,0.1388
152,1361,1513,0.1388
151,1377,1528,0.1388
153,1386,1539,0.1388
153,1380,1533,0.1388
153,1383,1536,0.1388
150,1375,1525,0.1388
144,1373,1517,0.1388
143,1376,1519,0.1388
143,1378,1521,0.1388
142,1382,1524,0.1388
140,1370,1510,0.1388
137,1370,1507,0.1388
133,1377,1510,0.1388
141,1372,1513,0.1388
140,1378,1518,0.1388
139,1388,1527,0.1388
135,1379,1514,0.1388
134,1378,1512,0.1388
131,1385,1516,0.1388
132,1371,1503,0.1388
136,1384,1520,0.1388
138,1379,1517,0.1388
135,1390,1525,0.1388
140,1387,1527,0.1388
138,1382,1520,0.1388
141,1388,1529,0.1388
140,1388,1528,0.1388
143,1390,1533,0.1388
141,1390,1531,0.1388
138,1387,1525,0.1388
137,1396,1533,0.1388
137,1386,1523,0.1388
137,1388,1525,0.1388
134,1394,1528,0.1388
135,1393,1528,0.1388
135,1386,1521,0.1388
135,1372,1507,0.1388
133,1383,1516,0.1388
131,1386,1517,0.1388
131,1401,1532,0.1388
129,1400,1529,0.1388
130,1396,1526,0.1388
127,1409,1536,0.1388
126,1397,1523,0.1388
122,1391,1513,0.1388
124,1391,1515,0.1388
125,1392,1517,0.1388
127,1384,1511,0.1388
124,1383,1507,0.1388
123,1384,1507,0.1388
125,1374,1499,0.1388
120,1387,1507,0.1388
122,1393,1515,0.1388
128,1391,1519,0.1388
124,1382,1506,0.1388
122,1388,1510,0.1388
122,1398,1520,0.1388
123,1391,1514,0.1388
121,1398,1519,0.1388
126,1391,1517,0.1388
127,1379,1506,0.1388
120,1381,1501,0.1388
120,1400,1520,0.1388
122,1397,1519,0.1388
125,1394,1519,0.1388
124,1407,1531,0.1388
122,1406,1528,0.1388
126,1396,1522,0.1388
125,1395,1520,0.1388
126,1387,1513,0.1388
126,1390,1516,0.1388
126,1385,1511,0.1388
129,1395,1524,0.1388
127,1401,1528,0.1388
128,1394,1522,0.1388
125,1406,1531,0.1388
126,1410,1536,0.1388
123,1404,1527,0.1388
122,1401,1523,0.1388
123,1412,1535,0.1388
121,1408,1529,0.1388
118,1407,1525,0.1388
122,1408,1530,0.1388
120,1404,1524,0.1388
124,1398,1522,0.1388
125,1408,1533,0.1388
124,1398,1522,0.1388
124,1395,1519,0.1388
124,1390,1514,0.1388
119,1385,1504,0.1388
115,1384,1499,0.1388
113,1386,1499,0.1388
115,1389,1504,0.1388
112,1388,1500,0.1388
112,1413,1525,0.1388
115,1415,1530,0.1388
116,1423,1539,0.1388
113,1426,1539,0.1388
116,1407,1523,0.1388
114,1396,1510,0.1388
115,1404,1519,0.1388
115,1398,1513,0.1388
116,1401,1517,0.1388
116,1416,1532,0.1388
117,1409,1526,0.1388
119,1408,1527,0.1388
116,1413,1529,0.1388
117,1402,1519,0.1388
114,1393,1507,0.1388
116,1392,1508,0.1388
118,1400,1518,0.1388
115,1400,1515,0.1388
111,1407,1518,0.1388
108,1409,1517,0.1388
110,1409,1519,0.1388
112,1405,1517,0.1388
112,1416,1528,0.1388
110,1409,1519,0.1388
111,1403,1514,0.1388
111,1407,1518,0.1388
110,1400,1510,0.1388
113,1401,1514,0.1388
114,1400,1514,0.1388
111,1409,1520,0.1388
108,1399,1507,0.1388
106,1408,1514,0.1388
108,1400,1508,0.1388
106,1409,1515,0.1388
99,1419,1518,0.1388
96,1425,1521,0.1388
96,1429,1525,0.1388
90,1423,1513,0.1388
90,1424,1514,0.1388
89,1419,1508,0.1388
87,1418,1505,0.1388
86,1417,1503,0.1388
86,1424,1510,0.1388
90,1432,1522,0.1388
90,1434,1524,0.1388
91,1450,1541,0.1388
89,1428,1517,0.1388
88,1426,1514,0.1388
88,1426,1514,0.1388
87,1423,1510,0.1388
85,1434,1519,0.1388
86,1432,1518,0.1388
84,1421,1505,0.1388
83,1427,1510,0.1388
82,1440,1522,0.1388
78,1428,1506,0.1388
79,1432,1511,0.1388
79,1430,1509,0.1388
81,1437,1518,0.1388
79,1441,1520,0.1388
77,1444,1521,0.1388
76,1449,1525,0.1388
78,1439,1517,0.1388
79,1438,1517,0.1388
79,1432,1511,0.1388
83,1425,1508,0.1388
83,1419,1502,0.1388
78,1413,1491,0.1388
79,1434,1513,0.1388
81,1440,1521,0.1388
79,1454,1533,0.1388
79,1447,1526,0.1388
76,1442,1518,0.1388
76,1445,1521,0.1388
73,1438,1511,0.1388
76,1444,1520,0.1388
78,1431,1509,0.1388
80,1434,1514,0.1388
78,1420,1498,0.1388
83,1423,1506,0.1388
82,1430,1512,0.1388
79,1441,1520,0.1388
77,1434,1511,0.1388
75,1443,1518,0.1388
74,1434,1508,0.1388
74,1437,1511,0.1388
73,1435,1508,0.1388
75,1438,1513,0.1388
73,1438,1511,0.1388
73,1447,1520,0.1388
74,1456,1530,0.1388
77,1446,1523,0.1388
76,1439,1515,0.1388
79,1437,1516,0.1388
76,1448,1524,0.1388
78,1456,1534,0.1388
78,1448,1526,0.1388
78,1437,1515,0.1388
75,1433,1508,0.1388
77,1439,1516,0.1388
77,1443,1520,0.1388
79,1434,1513,0.1388
79,1429,1508,0.1388
80,1432,1512,0.1388
80,1427,1507,0.1388
79,1432,1511,0.1388
77,1438,1515,0.1388
74,1420,1494,0.1388
78,1422,1500,0.1388
76,1427,1503,0.1388
76,1428,1504,0.1388
75,1425,1500,0.1388
74,1423,1497,0.1388
68,1434,1502,0.1388
66,1442,1508,0.1388
64,1448,1512,0.1388
65,1450,1515,0.1388
64,1437,1501,0.1388
62,1445,1507,0.1388
61,1449,1510,0.1388
62,1459,1521,0.1388
59,1460,1519,0.1388
61,1453,1514,0.1388
60,1443,1503,0.1388
57,1452,1509,0.1388
57,1455,1512,0.1388
56,1455,1511,0.1388
56,1453,1509,0.1388
58,1467,1525,0.1388
57,1466,1523,0.1388
58,1448,1506,0.1388
55,1447,1502,0.1388
57,1447,1504,0.1388
60,1448,1508,0.1388
60,1449,1509,0.1388
61,1457,1518,0.1388
61,1455,1516,0.1388
61,1441,1502,0.1388
61,1444,1505,0.1388
63,1447,1510,0.1388
62,1447,1509,0.1388
62,1445,1507,0.1388
63,1439,1502,0.1388
65,1442,1507,0.1388
67,1443,1510,0.1388
65,1445,1510,0.1388
66,1449,1515,0.1388
65,1432,1497,0.1388
66,1450,1516,0.1388
61,1456,1517,0.1388
64,1451,1515,0.1388
64,1450,1514,0.1388
63,1444,1507,0.1388
64,1454,1518,0.1388
61,1457,1518,0.1388
61,1459,1520,0.1388
60,1450,1510,0.1388
60,1462,1522,0.1388
59,1455,1514,0.1388
57,1449,1506,0.1388
59,1444,1503,0.1388
60,1453,1513,0.1388
61,1458,1519,0.1388
59,1461,1520,0.1388
58,1463,1521,0.1388
62,1449,1511,0.1388
61,1458,1519,0.1388
59,1454,1513,0.1388
59,1451,1510,0.1388
59,1448,1507,0.1388
59,1452,1511,0.1388
59,1452,1511,0.1388
59,1461,1520,0.1388
61,1448,1509,0.1388
60,1462,1522,0.1388
60,1467,1527,0.1388
57,1475,1532,0.1388
55,1469,1524,0.1388
54,1472,1526,0.1388
53,1471,1524,0.1388
52,1467,1519,0.1388
53,1470,1523,0.1388
53,1464,1517,0.1388
54,1457,1511,0.1388
54,1454,1508,0.1388
54,1473,1527,0.1388
53,1475,1528,0.1388
51,1470,1521,0.1388
49,1468,1517,0.1388
48,1480,1528,0.1388
47,1473,1520,0.1388
46,1462,1508,0.1388
45,1458,1503,0.1388
45,1472,1517,0.1388
44,1457,1501,0.1388
45,1462,1507,0.1388
46,1458,1504,0.1388
46,1464,1510,0.1388
48,1465,1513,0.1388
48,1467,1515,0.1388
48,1465,1513,0.1388
48,1476,1524,0.1388
46,1474,1520,0.1388
47,1470,1517,0.1388
46,1471,1517,0.1388
47,1473,1520,0.1388
45,1463,1508,0.1388
44,1469,1513,0.1388
46,1476,1522,0.1388
44,1481,1525,0.1388
46,1473,1519,0.1388
47,1466,1513,0.1388
50,1450,1500,0.1388
49,1457,1506,0.1388
50,1466,1516,0.1388
50,1459,1509,0.1388
48,1462,1510,0.1388
52,1449,1501,0.1388
53,1461,1514,0.1388
55,1467,1522,0.1388
54,1454,1508,0.1388
52,1467,1519,0.1388
52,1458,1510,0.1388
53,1458,1511,0.1388
51,1467,1518,0.1388
51,1453,1504,0.1388
50,1465,1515,0.1388
51,1460,1511,0.1388
48,1461,1509,0.1388
50,1468,1518,0.1388
50,1478,1528,0.1388
51,1470,1521,0.1388
49,1468,1517,0.1388
48,1484,1532,0.1388
47,1481,1528,0.1388
47,1469,1516,0.1388
48,1470,1518,0.1388
48,1475,1523,0.1388
48,1459,1507,0.1388
49,1463,1512,0.1388
51,1467,1518,0.1388
51,1466,1517,0.1388
51,1470,1521,0.1388
51,1461,1512,0.1388
51,1467,1518,0.1388
50,1470,1520,0.1388
49,1467,1516,0.1388
46,1469,1515,0.1388
46,1453,1499,0.1388
45,1464,1509,0.1388
46,1470,1516,0.1388
45,1475,1520,0.1388
47,1465,1512,0.1388
47,1466,1513,0.1388
47,1472,1519,0.1388
45,1473,1518,0.1388
46,1478,1524,0.1388
44,1484,1528,0.1388
44,1499,1543,0.1388
43,1488,1531,0.1388
44,1480,1524,0.1388
43,1480,1523,0.1388
42,1476,1518,0.1388
40,1481,1521,0.1388
39,1477,1516,0.1388
38,1475,1513,0.1388
39,1474,1513,0.1388
39,1477,1516,0.1388
37,1473,1510,0.1388
39,1470,1509,0.1388
39,1474,1513,0.1388
40,1484,1524,0.1388
39,1486,1525,0.1388
40,1488,1528,0.1388
40,1496,1536,0.1388
39,1486,1525,0.1388
40,1492,1532,0.1388
38,1492,1530,0.1388
37,1486,1523,0.1388
38,1490,1528,0.1388
36,1492,1528,0.1388
34,1481,1515,0.1388
34,1468,1502,0.1388
33,1463,1496,0.1388
33,1469,1502,0.1388
33,1475,1508,0.1388
34,1482,1516,0.1388
34,1480,1514,0.1388
36,1486,1522,0.1388
35,1492,1527,0.1388
35,1481,1516,0.1388
33,1466,1499,0.1388
34,1476,1510,0.1388
34,1474,1508,0.1388
34,1483,1517,0.1388
34,1481,1515,0.1388
36,1476,1512,0.1388
33,1479,1512,0.1388
33,1478,1511,0.1388
33,1459,1492,0.1388
35,1483,1518,0.1388
35,1492,1527,0.1388
33,1494,1527,0.1388
30,1490,1520,0.1388
28,1476,1504,0.1388
29,1477,1506,0.1388
32,1486,1518,0.1388
31,1491,1522,0.1388
31,1487,1518,0.1388
31,1474,1505,0.1388
29,1475,1504,0.1388
29,1484,1513,0.1388
29,1473,1502,0.1388
30,1492,1522,0.1388
29,1482,1511,0.1388
30,1483,1513,0.1388
27,1488,1515,0.1388
27,1501,1528,0.1388
28,1492,1520,0.1388
28,1495,1523,0.1388
28,1491,1519,0.1388
26,1477,1503,0.1388
26,1491,1517,0.1388
26,1502,1528,0.1388
26,1502,1528,0.1388
27,1504,1531,0.1388
27,1500,1527,0.1388
28,1494,1522,0.1388
30,1499,1529,0.1388
30,1496,1526,0.1388
31,1496,1527,0.1388
31,1502,1533,0.1388
32,1506,1538,0.1388
32,1489,1521,0.1388
32,1502,1534,0.1388
31,1494,1525,0.1388
31,1497,1528,0.1388
30,1473,1503,0.1388
30,1480,1510,0.1388
28,1478,1506,0.1388
28,1495,1523,0.1388
27,1498,1525,0.1388
28,1483,1511,0.1388
31,1480,1511,0.1388
30,1481,1511,0.1388
29,1473,1502,0.1388
29,1472,1501,0.1388
28,1488,1516,0.1388
27,1494,1521,0.1388
26,1484,1510,0.1388
25,1486,1511,0.1388
24,1496,1520,0.1388
26,1502,1528,0.1388
26,1498,1524,0.1388
26,1496,1522,0.1388
26,1498,1524,0.1388
26,1505,1531,0.1388
26,1499,1525,0.1388
27,1502,1529,0.1388
27,1490,1517,0.1388
26,1484,1510,0.1388
25,1490,1515,0.1388
24,1483,1507,0.1388
25,1477,1502,0.1388
26,1475,1501,0.1388
26,1485,1511,0.1388
27,1487,1514,0.1388
27,1486,1513,0.1388
25,1490,1515,0.1388
25,1480,1505,0.1388
25,1490,1515,0.1388
26,1494,1520,0.1388
27,1506,1533,0.1388
27,1490,1517,0.1388
28,1485,1513,0.1388
28,1478,1506,0.1388
27,1481,1508,0.1388
27,1486,1513,0.1388
27,1488,1515,0.1388
28,1501,1529,0.1388
29,1491,1520,0.1388
29,1494,1523,0.1388
28,1509,1537,0.1388
26,1502,1528,0.1388
26,1502,1528,0.1388
24,1509,1533,0.1388
23,1495,1518,0.1388
22,1498,1520,0.1388
22,1484,1506,0.1388
22,1487,1509,0.1388
22,1505,1527,0.1388
20,1516,1536,0.1388
21,1504,1525,0.1388
23,1494,1517,0.1388
22,1491,1513,0.1388
23,1485,1508,0.1388
22,1490,1512,0.1388
22,1479,1501,0.1388
22,1489,1511,0.1388
22,1489,1511,0.1388
22,1497,1519,0.1388
23,1500,1523,0.1388
23,1490,1513,0.1388
24,1500,1524,0.1388
24,1505,1529,0.1388
24,1504,1528,0.1388
22,1497,1519,0.1388
22,1489,1511,0.1388
22,1481,1503,0.1388
23,1479,1502,0.1388
25,1494,1519,0.1388
26,1497,1523,0.1388
26,1491,1517,0.1388
24,1489,1513,0.1388
24,1498,1522,0.1388
24,1505,1529,0.1388
23,1503,1526,0.1388
23,1502,1525,0.1388
22,1505,1527,0.1388
22,1498,1520,0.1388
21,1497,1518,0.1388
21,1509,1530,0.1388
20,1497,1517,0.1388
20,1490,1510,0.1388
18,1497,1515,0.1388
18,1495,1513,0.1388
15,1512,1527,0.1388
17,1516,1533,0.1388
20,1501,1521,0.1388
19,1505,1524,0.1388
19,1490,1509,0.1388
18,1510,1528,0.1388
19,1497,1516,0.1388
19,1492,1511,0.1388
21,1500,1521,0.1388
19,1497,1516,0.1388
20,1480,1500,0.1388
20,1483,1503,0.1388
19,1483,1502,0.1388
18,1494,1512,0.1388
17,1516,1533,0.1388
17,1511,1528,0.1388
15,1507,1522,0.1388
13,1503,1516,0.1388
13,1505,1518,0.1388
12,1503,1515,0.1388
11,1495,1506,0.1388
12,1498,1510,0.1388
13,1494,1507,0.1388
14,1506,1520,0.1388
14,1507,1521,0.1388
13,1498,1511,0.1388
13,1505,1518,0.1388
12,1520,1532,0.1388
12,1508,1520,0.1388
12,1493,1505,0.1388
13,1493,1506,0.1388
13,1508,1521,0.1388
12,1509,1521,0.1388
13,1499,1512,0.1388
13,1502,1515,0.1388
13,1512,1525,0.1388
14,1517,1531,0.1388
14,1512,1526,0.1388
14,1504,1518,0.1388
13,1510,1523,0.1388
13,1502,1515,0.1388
13,1512,1525,0.1388
13,1516,1529,0.1388
11,1520,1531,0.1388
11,1512,1523,0.1388
12,1506,1518,0.1388
11,1516,1527,0.1388
10,1509,1519,0.1388
11,1510,1521,0.1388
11,1505,1516,0.1388
11,1500,1511,0.1388
11,1495,1506,0.1388
11,1487,1498,0.1388
11,1490,1501,0.1388
11,1497,1508,0.1388
11,1501,1512,0.1388
10,1493,1503,0.1388
11,1495,1506,0.1388
12,1499,1511,0.1388
12,1498,1510,0.1388
12,1492,1504,0.1388
12,1502,1514,0.1388
11,1514,1525,0.1388
11,1510,1521,0.1388
12,1498,1510,0.1388
12,1507,1519,0.1388
12,1502,1514,0.1388
12,1502,1514,0.1388
14,1506,1520,0.1388
14,1506,1520,0.1388
14,1508,1522,0.1388
14,1508,1522,0.1388
14,1498,1512,0.1388
14,1495,1509,0.1388
14,1503,1517,0.1388
14,1514,1528,0.1388
14,1507,1521,0.1388
14,1493,1507,0.1388
15,1495,1510,0.1388
15,1479,1494,0.1388
15,1494,1509,0.1388
15,1491,1506,0.1388
16,1499,1515,0.1388
16,1495,1511,0.1388
16,1504,1520,0.1388
16,1497,1513,0.1388
15,1505,1520,0.1388
14,1500,1514,0.1388
13,1497,1510,0.1388
14,1497,1511,0.1388
15,1480,1495,0.1388
14,1475,1489,0.1388
13,1469,1482,0.1388
12,1476,1488,0.1388
12,1480,1492,0.1388
13,1477,1490,0.1388
15,1486,1501,0.1388
15,1479,1494,0.1388
14,1500,1514,0.1388
15,1492,1507,0.1388
15,1505,1520,0.1388
14,1500,1514,0.1388
15,1502,1517,0.1388
16,1500,1516,0.1388
17,1512,1529,0.1388
16,1509,1525,0.1388
16,1500,1516,0.1388
14,1511,1525,0.1388
15,1500,1515,0.1388
16,1503,1519,0.1388
16,1493,1509,0.1388
16,1493,1509,0.1388
17,1490,1507,0.1388
16,1489,1505,0.1388
16,1503,1519,0.1388
16,1500,1516,0.1388
14,1496,1510,0.1388
15,1502,1517,0.1388
15,1513,1528,0.1388
14,1507,1521,0.1388
15,1516,1531,0.1388
15,1508,1523,0.1388
15,1521,1536,0.1388
15,1525,1540,0.1388
15,1527,1542,0.1388
15,1519,1534,0.1388
16,1516,1532,0.1388
16,1514,1530,0.1388
15,1495,1510,0.1388
14,1493,1507,0.1388
14,1496,1510,0.1388
14,1490,1504,0.1388
14,1486,1500,0.1388
13,1490,1503,0.1388
15,1502,1517,0.1388
15,1507,1522,0.1388
14,1502,1516,0.1388
16,1498,1514,0.1388
16,1511,1527,0.1388
16,1499,1515,0.1388
16,1507,1523,0.1388
16,1502,1518,0.1388
17,1506,1523,0.1388
17,1502,1519,0.1388
17,1495,1512,0.1388
16,1486,1502,0.1388
15,1499,1514,0.1388
15,1501,1516,0.1388
16,1493,1509,0.1388
17,1496,1513,0.1388
17,1493,1510,0.1388
17,1502,1519,0.1388
17,1500,1517,0.1388
18,1506,1524,0.1388
16,1498,1514,0.1388
16,1494,1510,0.1388
17,1488,1505,0.1388
18,1486,1504,0.1388
18,1484,1502,0.1388
18,1485,1503,0.1388
18,1502,1520,0.1388
18,1498,1516,0.1388
18,1484,1502,0.1388
18,1480,1498,0.1388
18,1508,1526,0.1388
18,1513,1531,0.1388
18,1509,1527,0.1388
17,1510,1527,0.1388
16,1497,1513,0.1388
16,1497,1513,0.1388
15,1500,1515,0.1388
14,1502,1516,0.1388
15,1506,1521,0.1388
15,1511,1526,0.1388
16,1502,1518,0.1388
18,1501,1519,0.1388
18,1497,1515,0.1388
18,1495,1513,0.1388
19,1491,1510,0.1388
19,1485,1504,0.1388
18,1480,1498,0.1388
17,1494,1511,0.1388
16,1481,1497,0.1388
18,1486,1504,0.1388
19,1495,1514,0.1388
21,1486,1507,0.1388
21,1490,1511,0.1388
21,1494,1515,0.1388
21,1494,1515,0.1388
20,1492,1512,0.1388
19,1493,1512,0.1388
19,1489,1508,0.1388
19,1484,1503,0.1388
20,1489,1509,0.1388
21,1477,1498,0.1388
21,1475,1496,0.1388
21,1483,1504,0.1388
21,1493,1514,0.1388
21,1507,1528,0.1388
19,1505,1524,0.1388
20,1498,1518,0.1388
20,1485,1505,0.1388
19,1496,1515,0.1388
19,1502,1521,0.1388
21,1503,1524,0.1388
21,1488,1509,0.1388
22,1486,1508,0.1388
22,1490,1512,0.1388
22,1489,1511,0.1388
22,1484,1506,0.1388
20,1483,1503,0.1388
20,1495,1515,0.1388
20,1494,1514,0.1388
19,1509,1528,0.1388
19,1507,1526,0.1388
18,1503,1521,0.1388
20,1488,1508,0.1388
21,1493,1514,0.1388
22,1487,1509,0.1388
22,1478,1500,0.1388
20,1490,1510,0.1388
20,1491,1511,0.1388
20,1483,1503,0.1388
19,1490,1509,0.1388
19,1489,1508,0.1388
17,1500,1517,0.1388
16,1496,1512,0.1388
17,1490,1507,0.1388
16,1497,1513,0.1388
16,1505,1521,0.1388
17,1511,1528,0.1388
18,1516,1534,0.1388
19,1507,1526,0.1388
19,1500,1519,0.1388
19,1505,1524,0.1388
19,1509,1528,0.1388
19,1515,1534,0.1388
21,1503,1524,0.1388
21,1503,1524,0.1388
19,1504,1523,0.1388
19,1500,1519,0.1388
17,1492,1509,0.1388
17,1495,1512,0.1388
16,1491,1507,0.1388
17,1496,1513,0.1388
17,1489,1506,0.1388
17,1497,1514,0.1388
17,1504,1521,0.1388
18,1505,1523,0.1388
18,1514,1532,0.1388
19,1504,1523,0.1388
19,1491,1510,0.1388
19,1484,1503,0.1388
20,1498,1518,0.1388
20,1507,1527,0.1388
20,1506,1526,0.1388
19,1503,1522,0.1388
18,1489,1507,0.1388
18,1499,1517,0.1388
18,1495,1513,0.1388
18,1499,1517,0.1388
19,1499,1518,0.1388
19,1498,1517,0.1388
18,1485,1503,0.1388
18,1493,1511,0.1388
19,1500,1519,0.1388
19,1501,1520,0.1388
19,1506,1525,0.1388
19,1511,1530,0.1388
19,1505,1524,0.1388
19,1505,1524,0.1388
19,1498,1517,0.1388
19,1506,1525,0.1388
19,1508,1527,0.1388
20,1498,1518,0.1388
20,1503,1523,0.1388
20,1517,1537,0.1388
18,1500,1518,0.1388
18,1497,1515,0.1388
19,1501,1520,0.1388
18,1502,1520,0.1388
18,1501,1519,0.1388
17,1510,1527,0.1388
18,1500,1518,0.1388
18,1493,1511,0.1388
17,1500,1517,0.1388
18,1511,1529,0.1388
18,1510,1528,0.1388
18,1510,1528,0.1388
18,1512,1530,0.1388
18,1500,1518,0.1388
18,1507,1525,0.1388
18,1497,1515,0.1388
18,1500,1518,0.1388
18,1507,1525,0.1388
17,1491,1508,0.1388
17,1491,1508,0.1388
18,1496,1514,0.1388
18,1510,1528,0.1388
19,1485,1504,0.1388
19,1498,1517,0.1388
19,1492,1511,0.1388
19,1495,1514,0.1388
17,1498,1515,0.1388
18,1497,1515,0.1388
18,1500,1518,0.1388
18,1495,1513,0.1388
19,1505,1524,0.1388
19,1505,1524,0.1388
18,1508,1526,0.1388
17,1507,1524,0.1388
16,1499,1515,0.1388
18,1486,1504,0.1388
17,1503,1520,0.1388
18,1507,1525,0.1388
17,1510,1527,0.1388
16,1505,1521,0.1388
17,1495,1512,0.1388
18,1488,1506,0.1388
18,1486,1504,0.1388
18,1484,1502,0.1388
17,1486,1503,0.1388
16,1498,1514,0.1388
16,1508,1524,0.1388
16,1494,1510,0.1388
16,1502,1518,0.1388
14,1516,1530,0.1388
14,1511,1525,0.1388
14,1507,1521,0.1388
14,1505,1519,0.1388
15,1508,1523,0.1388
16,1506,1522,0.1388
16,1510,1526,0.1388
16,1498,1514,0.1388
16,1504,1520,0.1388
16,1510,1526,0.1388
16,1509,1525,0.1388
15,1499,1514,0.1388
15,1499,1514,0.1388
15,1491,1506,0.1388
15,1500,1515,0.1388
16,1505,1521,0.1388
17,1503,1520,0.1388
17,1490,1507,0.1388
17,1486,1503,0.1388
18,1485,1503,0.1388
17,1505,1522,0.1388
17,1502,1519,0.1388
16,1508,1524,0.1388
16,1518,1534,0.1388
16,1510,1526,0.1388
17,1511,1528,0.1388
16,1503,1519,0.1388
17,1482,1499,0.1388
18,1490,1508,0.1388
18,1486,1504,0.1388
17,1499,1516,0.1388
17,1504,1521,0.1388
16,1498,1514,0.1388
14,1498,1512,0.1388
14,1496,1510,0.1388
13,1502,1515,0.1388
14,1504,1518,0.1388
14,1502,1516,0.1388
13,1505,1518,0.1388
13,1506,1519,0.1388
15,1504,1519,0.1388
14,1501,1515,0.1388
12,1500,1512,0.1388
10,1503,1513,0.1388
10,1499,1509,0.1388
9,1511,1520,0.1388
10,1509,1519,0.1388
10,1517,1527,0.1388
11,1521,1532,0.1388
11,1529,1540,0.1388
11,1530,1541,0.1388
12,1521,1533,0.1388
12,1522,1534,0.1388
11,1514,1525,0.1388
11,1504,1515,0.1388
10,1507,1517,0.1388
12,1498,1510,0.1388
12,1496,1508,0.1388
12,1490,1502,0.1388
11,1494,1505,0.1388
10,1509,1519,0.1388
10,1500,1510,0.1388
10,1496,1506,0.1388
9,1503,1512,0.1388
9,1505,1514,0.1388
9,1510,1519,0.1388
10,1507,1517,0.1388
9,1522,1531,0.1388
9,1511,1520,0.1388
7,1514,1521,0.1388
7,1517,1524,0.1388
8,1519,1527,0.1388
8,1518,1526,0.1388
8,1526,1534,0.1388
7,1524,1531,0.1388
7,1524,1531,0.1388
7,1525,1532,0.1388
8,1517,1525,0.1388
8,1522,1530,0.1388
8,1518,1526,0.1388
8,1513,1521,0.1388
7,1521,1528,0.1388
7,1518,1525,0.1388
7,1518,1525,0.1388
7,1520,1527,0.1388
7,1510,1517,0.1388
7,1515,1522,0.1388
8,1510,1518,0.1388
8,1518,1526,0.1388
8,1518,1526,0.1388
8,1512,1520,0.1388
7,1503,1510,0.1388
7,1498,1505,0.1388
7,1504,1511,0.1388
8,1512,1520,0.1388
9,1516,1525,0.1388
9,1513,1522,0.1388
9,1506,1515,0.1388
9,1500,1509,0.1388
9,1514,1523,0.1388
9,1520,1529,0.1388
8,1519,1527,0.1388
8,1508,1516,0.1388
8,1512,1520,0.1388
8,1515,1523,0.1388
7,1512,1519,0.1388
5,1512,1517,0.1388
5,1513,1518,0.1388
6,1515,1521,0.1388
6,1526,1532,0.1388
6,1517,1523,0.1388
6,1518,1524,0.1388
6,1527,1533,0.1388
6,1522,1528,0.1388
8,1517,1525,0.1388
8,1513,1521,0.1388
9,1522,1531,0.1388
8,1510,1518,0.1388
8,1506,1514,0.1388
8,1508,1516,0.1388
9,1503,1512,0.1388
9,1502,1511,0.1388
9,1511,1520,0.1388
9,1496,1505,0.1388
8,1500,1508,0.1388
9,1499,1508,0.1388
9,1510,1519,0.1388
9,1501,1510,0.1388
9,1513,1522,0.1388
9,1510,1519,0.1388
9,1499,1508,0.1388
10,1506,1516,0.1388
10,1516,1526,0.1388
10,1511,1521,0.1388
10,1497,1507,0.1388
10,1497,1507,0.1388
10,1490,1500,0.1388
10,1495,1505,0.1388
10,1500,1510,0.1388
11,1494,1505,0.1388
10,1487,1497,0.1388
10,1496,1506,0.1388
10,1513,1523,0.1388
10,1516,1526,0.1388
11,1514,1525,0.1388
11,1520,1531,0.1388
11,1524,1535,0.1388
11,1517,1528,0.1388
11,1511,1522,0.1388
11,1527,1538,0.1388
11,1515,1526,0.1388
12,1517,1529,0.1388
12,1520,1532,0.1388
12,1512,1524,0.1388
12,1510,1522,0.1388
12,1505,1517,0.1388
12,1528,1540,0.1388
12,1522,1534,0.1388
12,1519,1531,0.1388
11,1524,1535,0.1388
11,1520,1531,0.1388
11,1506,1517,0.1388
11,1510,1521,0.1388
14,1502,1516,0.1388
13,1512,1525,0.1388
13,1502,1515,0.1388
13,1495,1508,0.1388
14,1485,1499,0.1388
15,1499,1514,0.1388
14,1493,1507,0.1388
14,1484,1498,0.1388
15,1483,1498,0.1388
15,1499,1514,0.1388
15,1514,1529,0.1388
16,1504,1520,0.1388
15,1491,1506,0.1388
15,1490,1505,0.1388
14,1501,1515,0.1388
15,1510,1525,0.1388
17,1499,1516,0.1388
17,1492,1509,0.1388
18,1496,1514,0.1388
19,1497,1516,0.1388
18,1495,1513,0.1388
18,1492,1510,0.1388
19,1498,1517,0.1388
20,1487,1507,0.1388
18,1497,1515,0.1388
17,1480,1497,0.1388
18,1480,1498,0.1388
17,1477,1494,0.1388
16,1488,1504,0.1388
16,1498,1514,0.1388
15,1493,1508,0.1388
15,1503,1518,0.1388
15,1502,1517,0.1388
14,1490,1504,0.1388
15,1495,1510,0.1388
15,1495,1510,0.1388
15,1501,1516,0.1388
15,1502,1517,0.1388
16,1505,1521,0.1388
16,1502,1518,0.1388
15,1501,1516,0.1388
15,1511,1526,0.1388
14,1501,1515,0.1388
14,1503,1517,0.1388
15,1497,1512,0.1388
15,1485,1500,0.1388
14,1475,1489,0.1388
14,1485,1499,0.1388
15,1489,1504,0.1388
15,1499,1514,0.1388
15,1497,1512,0.1388
15,1494,1509,0.1388
15,1495,1510,0.1388
15,1503,1518,0.1388
14,1514,1528,0.1388
13,1498,1511,0.1388
13,1511,1524,0.1388
13,1517,1530,0.1388
14,1515,1529,0.1388
13,1519,1532,0.1388
14,1512,1526,0.1388
13,1502,1515,0.1388
13,1503,1516,0.1388
12,1506,1518,0.1388
12,1505,1517,0.1388
10,1515,1525,0.1388
9,1519,1528,0.1388
9,1506,1515,0.1388
9,1511,1520,0.1388
9,1519,1528,0.1388
9,1500,1509,0.1388
9,1502,1511,0.1388
9,1498,1507,0.1388
9,1505,1514,0.1388
9,1494,1503,0.1388
9,1504,1513,0.1388
9,1512,1521,0.1388
9,1505,1514,0.1388
9,1505,1514,0.1388
9,1510,1519,0.1388
8,1507,1515,0.1388
8,1507,1515,0.1388
8,1509,1517,0.1388
8,1515,1523,0.1388
8,1526,1534,0.1388
8,1520,1528,0.1388
8,1516,1524,0.1388
7,1515,1522,0.1388
6,1515,1521,0.1388
6,1507,1513,0.1388
6,1515,1521,0.1388
4,1508,1512,0.1388
4,1506,1510,0.1388
4,1500,1504,0.1388
5,1503,1508,0.1388
5,1500,1505,0.1388
5,1510,1515,0.1388
4,1511,1515,0.1388
4,1507,1511,0.1388
4,1511,1515,0.1388
4,1501,1505,0.1388
4,1509,1513,0.1388
4,1497,1501,0.1388
4,1490,1494,0.1388
4,1504,1508,0.1388
6,1502,1508,0.1388
6,1491,1497,0.1388
6,1493,1499,0.1388
6,1517,1523,0.1388
6,1507,1513,0.1388
5,1522,1527,0.1388
5,1527,1532,0.1388
6,1525,1531,0.1388
6,1513,1519,0.1388
6,1503,1509,0.1388
6,1493,1499,0.1388
6,1504,1510,0.1388
5,1532,1537,0.1388
5,1529,1534,0.1388
5,1518,1523,0.1388
5,1497,1502,0.1388
5,1498,1503,0.1388
5,1508,1513,0.1388
5,1506,1511,0.1388
5,1505,1510,0.1388
5,1504,1509,0.1388
5,1507,1512,0.1388
5,1512,1517,0.1388
6,1523,1529,0.1388
5,1529,1534,0.1388
5,1516,1521,0.1388
5,1506,1511,0.1388
5,1499,1504,0.1388
5,1504,1509,0.1388
5,1506,1511,0.1388
5,1503,1508,0.1388
5,1509,1514,0.1388
5,1499,1504,0.1388
5,1504,1509,0.1388
5,1499,1504,0.1388
5,1505,1510,0.1388
5,1497,1502,0.1388
5,1505,1510,0.1388
5,1511,1516,0.1388
5,1516,1521,0.1388
5,1505,1510,0.1388
5,1518,1523,0.1388
5,1515,1520,0.1388
5,1520,1525,0.1388
5,1511,1516,0.1388
5,1500,1505,0.1388
5,1501,1506,0.1388
3,1508,1511,0.1388
4,1507,1511,0.1388
4,1507,1511,0.1388
4,1521,1525,0.1388
4,1520,1524,0.1388
4,1514,1518,0.1388
4,1506,1510,0.1388
4,1505,1509,0.1388
3,1518,1521,0.1388
4,1519,1523,0.1388
4,1527,1531,0.1388
4,1534,1538,0.1388
4,1540,1544,0.1388
4,1524,1528,0.1388
4,1513,1517,0.1388
4,1498,1502,0.1388
4,1506,1510,0.1388
3,1516,1519,0.1388
4,1520,1524,0.1388
4,1523,1527,0.1388
4,1520,1524,0.1388
4,1507,1511,0.1388
4,1508,1512,0.1388
4,1519,1523,0.1388
4,1516,1520,0.1388
4,1509,1513,0.1388
4,1501,1505,0.1388
4,1505,1509,0.1388
4,1519,1523,0.1388
4,1526,1530,0.1388
3,1538,1541,0.1388
3,1520,1523,0.1388
3,1517,1520,0.1388
3,1507,1510,0.1388
3,1507,1510,0.1388
3,1518,1521,0.1388
3,1520,1523,0.1388
3,1524,1527,0.1388
2,1513,1515,0.1388
1,1508,1509,0.1388
1,1517,1518,0.1388
1,1518,1519,0.1388
1,1510,1511,0.1388
1,1520,1521,0.1388
1,1521,1522,0.1388
1,1539,1540,0.1388
1,1528,1529,0.1388
1,1517,1518,0.1388
1,1514,1515,0.1388
1,1517,1518,0.1388
1,1509,1510,0.1388
1,1515,1516,0.1388
1,1511,1512,0.1388
2,1519,1521,0.1388
2,1517,1519,0.1388
2,1505,1507,0.1388
2,1511,1513,0.1388
2,1514,1516,0.1388
2,1505,1507,0.1388
2,1504,1506,0.1388
2,1512,1514,0.1388
2,1512,1514,0.1388
2,1511,1513,0.1388
2,1508,1510,0.1388
2,1509,1511,0.1388
2,1513,1515,0.1388
2,1518,1520,0.1388
2,1522,1524,0.1388
2,1526,1528,0.1388
2,1515,1517,0.1388
2,1516,1518,0.1388
2,1524,1526,0.1388
2,1514,1516,0.1388
2,1504,1506,0.1388
2,1518,1520,0.1388
2,1513,1515,0.1388
2,1521,1523,0.1388
2,1516,1518,0.1388
2,1501,1503,0.1388
1,1498,1499,0.1388
1,1502,1503,0.1388
1,1511,1512,0.1388
1,1525,1526,0.1388
1,1522,1523,0.1388
1,1514,1515,0.1388
1,1515,1516,0.1388
0,1521,1521,0.1388
