1377,33,1410,0.1388
1401,34,1435,0.1388
1407,33,1440,0.1388
1453,34,1487,0.1388
1461,35,1496,0.1388
1459,37,1496,0.1388
1462,37,1499,0.1388
1461,39,1500,0.1388
1464,39,1503,0.1388
1461,38,1499,0.1388
1463,40,1503,0.1388
1453,40,1493,0.1388
1459,42,1501,0.1388
1446,42,1488,0.1388
1435,43,1478,0.1388
1440,43,1483,0.1388
1442,43,1485,0.1388
1448,42,1490,0.1388
1452,44,1496,0.1388
1454,44,1498,0.1388
1447,44,1491,0.1388
1444,44,1488,0.1388
1445,46,1491,0.1388
1441,42,1483,0.1388
1432,42,1474,0.1388
1449,40,1489,0.1388
1455,37,1492,0.1388
1463,37,1500,0.1388
1458,36,1494,0.1388
1457,37,1494,0.1388
1458,37,1495,0.1388
1463,35,1498,0.1388
1475,34,1509,0.1388
1484,33,1517,0.1388
1483,33,1516,0.1388
1477,33,1510,0.1388
1479,34,1513,0.1388
1473,31,1504,0.1388
1457,34,1491,0.1388
1461,36,1497,0.1388
1464,35,1499,0.1388
1472,35,1507,0.1388
1467,35,1502,0.1388
1453,36,1489,0.1388
1451,39,1490,0.1388
1445,35,1480,0.1388
1455,35,1490,0.1388
1447,38,1485,0.1388
1457,36,1493,0.1388
1457,34,1491,0.1388
1440,36,1476,0.1388
1460,34,1494,0.1388
1464,35,1499,0.1388
1459,37,1496,0.1388
1452,40,1492,0.1388
1465,41,1506,0.1388
1461,43,1504,0.1388
1458,40,1498,0.1388
1452,39,1491,0.1388
1454,41,1495,0.1388
1446,42,1488,0.1388
1449,44,1493,0.1388
1451,44,1495,0.1388
1441,42,1483,0.1388
1448,45,1493,0.1388
1451,44,1495,0.1388
1452,43,1495,0.1388
1458,46,1504,0.1388
1458,45,1503,0.1388
1466,43,1509,0.1388
1470,44,1514,0.1388
1460,44,1504,0.1388
1443,45,1488,0.1388
1452,47,1499,0.1388
1443,46,1489,0.1388
1451,45,1496,0.1388
1440,48,1488,0.1388
1430,48,1478,0.1388
1426,51,1477,0.1388
1424,53,1477,0.1388
1443,54,1497,0.1388
1444,57,1501,0.1388
1442,56,1498,0.1388
1442,59,1501,0.1388
1446,57,1503,0.1388
1447,59,1506,0.1388
1452,59,1511,0.1388
1438,55,1493,0.1388
1449,54,1503,0.1388
1446,54,1500,0.1388
1439,53,1492,0.1388
1448,54,1502,0.1388
1444,54,1498,0.1388
1456,55,1511,0.1388
1456,58,1514,0.1388
1443,57,1500,0.1388
1443,58,1501,0.1388
1440,57,1497,0.1388
1427,60,1487,0.1388
1436,63,1499,0.1388
1436,66,1502,0.1388
1432,67,1499,0.1388
1442,65,1507,0.1388
1445,64,1509,0.1388
1434,64,1498,0.1388
1435,64,1499,0.1388
1438,62,1500,0.1388
1437,63,1500,0.1388
1433,67,1500,0.1388
1429,67,1496,0.1388
1422,68,1490,0.1388
1431,69,1500,0.1388
1428,69,1497,0.1388
1424,66,1490,0.1388
1431,65,1496,0.1388
1436,68,1504,0.1388
1435,70,1505,0.1388
1421,69,1490,0.1388
1425,68,1493,0.1388
1425,68,1493,0.1388
1442,75,1517,0.1388
1439,76,1515,0.1388
1434,76,1510,0.1388
1419,75,1494,0.1388
1417,73,1490,0.1388
1428,73,1501,0.1388
1424,74,1498,0.1388
1422,72,1494,0.1388
1432,68,1500,0.1388
1439,68,1507,0.1388
1435,70,1505,0.1388
1424,70,1494,0.1388
1441,70,1511,0.1388
1428,68,1496,0.1388
1436,67,1503,0.1388
1424,68,1492,0.1388
1420,70,1490,0.1388
1421,70,1491,0.1388
1425,70,1495,0.1388
1424,70,1494,0.1388
1432,73,1505,0.1388
1426,71,1497,0.1388
1429,72,1501,0.1388
1428,70,1498,0.1388
1424,71,1495,0.1388
1424,73,1497,0.1388
1422,72,1494,0.1388
1417,76,1493,0.1388
1411,76,1487,0.1388
1400,77,1477,0.1388
1400,78,1478,0.1388
1404,76,1480,0.1388
1408,74,1482,0.1388
1418,76,1494,0.1388
1424,78,1502,0.1388
1406,79,1485,0.1388
1398,78,1476,0.1388
1402,75,1477,0.1388
1399,75,1474,0.1388
1405,76,1481,0.1388
1406,77,1483,0.1388
1416,78,1494,0.1388
1420,75,1495,0.1388
1417,77,1494,0.1388
1410,77,1487,0.1388
1410,77,1487,0.1388
1409,76,1485,0.1388
1408,77,1485,0.1388
1408,80,1488,0.1388
1407,79,1486,0.1388
1406,78,1484,0.1388
1408,82,1490,0.1388
1402,82,1484,0.1388
1405,85,1490,0.1388
1408,86,1494,0.1388
1420,84,1504,0.1388
1403,81,1484,0.1388
1408,84,1492,0.1388
1398,85,1483,0.1388
1403,88,1491,0.1388
1401,91,1492,0.1388
1400,92,1492,0.1388
1409,93,1502,0.1388
1410,95,1505,0.1388
1406,93,1499,0.1388
1415,94,1509,0.1388
1423,95,1518,0.1388
1417,97,1514,0.1388
1423,97,1520,0.1388
1403,97,1500,0.1388
1388,99,1487,0.1388
1395,103,1498,0.1388
1413,104,1517,0.1388
1416,107,1523,0.1388
1407,107,1514,0.1388
1391,109,1500,0.1388
1384,109,1493,0.1388
1381,105,1486,0.1388
1381,107,1488,0.1388
1379,109,1488,0.1388
1362,111,1473,0.1388
1371,110,1481,0.1388
1373,111,1484,0.1388
1375,113,1488,0.1388
1378,113,1491,0.1388
1375,115,1490,0.1388
1373,117,1490,0.1388
1380,116,1496,0.1388
1380,118,1498,0.1388
1387,123,1510,0.1388
1372,123,1495,0.1388
1371,120,1491,0.1388
1369,116,1485,0.1388
1370,116,1486,0.1388
1372,117,1489,0.1388
1385,118,1503,0.1388
1381,118,1499,0.1388
1374,122,1496,0.1388
1380,115,1495,0.1388
1380,116,1496,0.1388
1375,118,1493,0.1388
1382,116,1498,0.1388
1392,119,1511,0.1388
1397,118,1515,0.1388
1405,118,1523,0.1388
1400,114,1514,0.1388
1388,113,1501,0.1388
1399,113,1512,0.1388
1398,111,1509,0.1388
1383,108,1491,0.1388
1382,106,1488,0.1388
1385,106,1491,0.1388
1398,106,1504,0.1388
1401,109,1510,0.1388
1391,111,1502,0.1388
1402,110,1512,0.1388
1398,112,1510,0.1388
1387,103,1490,0.1388
1395,104,1499,0.1388
1394,97,1491,0.1388
1400,94,1494,0.1388
1396,92,1488,0.1388
1394,95,1489,0.1388
1409,94,1503,0.1388
1396,94,1490,0.1388
1408,92,1500,0.1388
1408,95,1503,0.1388
1400,94,1494,0.1388
1397,92,1489,0.1388
1403,96,1499,0.1388
1399,97,1496,0.1388
1399,99,1498,0.1388
1399,98,1497,0.1388
1404,95,1499,0.1388
1398,96,1494,0.1388
1397,99,1496,0.1388
1401,105,1506,0.1388
1383,101,1484,0.1388
1398,105,1503,0.1388
1394,107,1501,0.1388
1395,102,1497,0.1388
1387,103,1490,0.1388
1393,103,1496,0.1388
1395,100,1495,0.1388
1385,109,1494,0.1388
1367,107,1474,0.1388
1369,107,1476,0.1388
1371,109,1480,0.1388
1368,109,1477,0.1388
1372,107,1479,0.1388
1381,110,1491,0.1388
1384,110,1494,0.1388
1372,111,1483,0.1388
1377,108,1485,0.1388
1378,109,1487,0.1388
1381,106,1487,0.1388
1380,104,1484,0.1388
1384,104,1488,0.1388
1387,102,1489,0.1388
1389,99,1488,0.1388
1387,100,1487,0.1388
1383,101,1484,0.1388
1388,104,1492,0.1388
1378,109,1487,0.1388
1397,114,1511,0.1388
1400,111,1511,0.1388
1399,114,1513,0.1388
1398,114,1512,0.1388
1390,111,1501,0.1388
1383,114,1497,0.1388
1376,115,1491,0.1388
1378,111,1489,0.1388
1374,110,1484,0.1388
1375,112,1487,0.1388
1379,111,1490,0.1388
1371,110,1481,0.1388
1396,113,1509,0.1388
1398,112,1510,0.1388
1380,115,1495,0.1388
1389,113,1502,0.1388
1377,120,1497,0.1388
1377,121,1498,0.1388
1379,121,1500,0.1388
1370,120,1490,0.1388
1370,119,1489,0.1388
1367,126,1493,0.1388
1358,128,1486,0.1388
1353,128,1481,0.1388
1358,129,1487,0.1388
1354,131,1485,0.1388
1364,129,1493,0.1388
1369,127,1496,0.1388
1354,127,1481,0.1388
1362,130,1492,0.1388
1359,130,1489,0.1388
1364,129,1493,0.1388
1365,125,1490,0.1388
1364,123,1487,0.1388
1359,123,1482,0.1388
1361,125,1486,0.1388
1372,127,1499,0.1388
1365,130,1495,0.1388
1377,131,1508,0.1388
1380,132,1512,0.1388
1388,127,1515,0.1388
1392,128,1520,0.1388
1375,128,1503,0.1388
1361,128,1489,0.1388
1359,125,1484,0.1388
1362,120,1482,0.1388
1366,127,1493,0.1388
1361,125,1486,0.1388
1372,126,1498,0.1388
1370,127,1497,0.1388
1352,132,1484,0.1388
1354,136,1490,0.1388
1348,134,1482,0.1388
1358,129,1487,0.1388
1359,130,1489,0.1388
1369,131,1500,0.1388
1366,132,1498,0.1388
1371,133,1504,0.1388
1372,132,1504,0.1388
1367,134,1501,0.1388
1378,137,1515,0.1388
1373,134,1507,0.1388
1363,137,1500,0.1388
1371,134,1505,0.1388
1370,133,1503,0.1388
1383,132,1515,0.1388
1384,130,1514,0.1388
1375,132,1507,0.1388
1369,135,1504,0.1388
1360,133,1493,0.1388
1364,133,1497,0.1388
1376,134,1510,0.1388
1364,136,1500,0.1388
1350,133,1483,0.1388
1351,129,1480,0.1388
1354,129,1483,0.1388
1356,129,1485,0.1388
1360,128,1488,0.1388
1365,129,1494,0.1388
1353,127,1480,0.1388
1354,125,1479,0.1388
1361,130,1491,0.1388
1361,134,1495,0.1388
1352,138,1490,0.1388
1352,142,1494,0.1388
1359,139,1498,0.1388
1349,143,1492,0.1388
1358,142,1500,0.1388
1348,141,1489,0.1388
1354,141,1495,0.1388
1354,141,1495,0.1388
1346,139,1485,0.1388
1347,141,1488,0.1388
1358,143,1501,0.1388
1345,145,1490,0.1388
1336,149,1485,0.1388
1351,148,1499,0.1388
1356,150,1506,0.1388
1358,146,1504,0.1388
1362,141,1503,0.1388
1358,140,1498,0.1388
1348,146,1494,0.1388
1347,142,1489,0.1388
1344,142,1486,0.1388
1343,145,1488,0.1388
1352,143,1495,0.1388
1349,148,1497,0.1388
1350,150,1500,0.1388
1344,148,1492,0.1388
1347,151,1498,0.1388
1341,151,1492,0.1388
1343,154,1497,0.1388
1342,152,1494,0.1388
1348,147,1495,0.1388
1352,147,1499,0.1388
1352,150,1502,0.1388
1355,148,1503,0.1388
1364,148,1512,0.1388
1358,151,1509,0.1388
1355,154,1509,0.1388
1360,155,1515,0.1388
1370,159,1529,0.1388
1366,159,1525,0.1388
1359,153,1512,0.1388
1344,152,1496,0.1388
1349,152,1501,0.1388
1347,154,1501,0.1388
1349,154,1503,0.1388
1350,150,1500,0.1388
1356,152,1508,0.1388
1357,149,1506,0.1388
1351,149,1500,0.1388
1354,149,1503,0.1388
1342,147,1489,0.1388
1344,153,1497,0.1388
1342,154,1496,0.1388
1340,151,1491,0.1388
1360,149,1509,0.1388
1364,153,1517,0.1388
1360,152,1512,0.1388
1365,151,1516,0.1388
1359,145,1504,0.1388
1352,144,1496,0.1388
1363,145,1508,0.1388
1369,150,1519,0.1388
1363,147,1510,0.1388
1363,148,1511,0.1388
1355,150,1505,0.1388
1354,154,1508,0.1388
1362,153,1515,0.1388
1356,157,1513,0.1388
1345,157,1502,0.1388
1346,156,1502,0.1388
1351,159,1510,0.1388
1342,157,1499,0.1388
1337,161,1498,0.1388
1339,162,1501,0.1388
1348,164,1512,0.1388
1349,159,1508,0.1388
1354,157,1511,0.1388
1346,160,1506,0.1388
1341,153,1494,0.1388
1348,154,1502,0.1388
1357,148,1505,0.1388
1366,154,1520,0.1388
1354,157,1511,0.1388
1343,157,1500,0.1388
1327,161,1488,0.1388
1334,156,1490,0.1388
1320,158,1478,0.1388
1329,157,1486,0.1388
1338,157,1495,0.1388
1338,152,1490,0.1388
1348,150,1498,0.1388
1337,159,1496,0.1388
1332,155,1487,0.1388
1336,156,1492,0.1388
1332,158,1490,0.1388
1334,161,1495,0.1388
1336,159,1495,0.1388
1350,154,1504,0.1388
1351,154,1505,0.1388
1339,157,1496,0.1388
1334,156,1490,0.1388
1330,158,1488,0.1388
1328,161,1489,0.1388
1319,160,1479,0.1388
1328,157,1485,0.1388
1319,156,1475,0.1388
1328,153,1481,0.1388
1345,151,1496,0.1388
1341,158,1499,0.1388
1333,161,1494,0.1388
1326,157,1483,0.1388
1331,158,1489,0.1388
1340,162,1502,0.1388
1337,160,1497,0.1388
1334,161,1495,0.1388
1330,160,1490,0.1388
1322,165,1487,0.1388
1331,166,1497,0.1388
1333,165,1498,0.1388
1332,165,1497,0.1388
1346,166,1512,0.1388
1340,164,1504,0.1388
1330,168,1498,0.1388
1325,173,1498,0.1388
1331,173,1504,0.1388
1326,170,1496,0.1388
1333,173,1506,0.1388
1338,170,1508,0.1388
1337,172,1509,0.1388
1327,175,1502,0.1388
1323,174,1497,0.1388
1332,175,1507,0.1388
1310,176,1486,0.1388
1306,180,1486,0.1388
1312,181,1493,0.1388
1310,181,1491,0.1388
1315,185,1500,0.1388
1314,185,1499,0.1388
1315,184,1499,0.1388
1311,185,1496,0.1388
1310,183,1493,0.1388
1300,181,1481,0.1388
1317,179,1496,0.1388
1303,179,1482,0.1388
1280,183,1463,0.1388
1288,190,1478,0.1388
1291,191,1482,0.1388
1302,187,1489,0.1388
1304,186,1490,0.1388
1309,185,1494,0.1388
1302,189,1491,0.1388
1286,191,1477,0.1388
1309,197,1506,0.1388
1310,195,1505,0.1388
1323,192,1515,0.1388
1305,190,1495,0.1388
1306,193,1499,0.1388
1305,188,1493,0.1388
1298,194,1492,0.1388
1306,193,1499,0.1388
1304,187,1491,0.1388
1306,190,1496,0.1388
1291,193,1484,0.1388
1310,190,1500,0.1388
1296,194,1490,0.1388
1306,191,1497,0.1388
1308,194,1502,0.1388
1308,195,1503,0.1388
1311,192,1503,0.1388
1313,192,1505,0.1388
1303,194,1497,0.1388
1301,191,1492,0.1388
1301,198,1499,0.1388
1302,198,1500,0.1388
1304,200,1504,0.1388
1309,200,1509,0.1388
1302,203,1505,0.1388
1298,202,1500,0.1388
1295,201,1496,0.1388
1289,201,1490,0.1388
1275,206,1481,0.1388
1289,207,1496,0.1388
1290,203,1493,0.1388
1294,202,1496,0.1388
1303,201,1504,0.1388
1302,205,1507,0.1388
1315,208,1523,0.1388
1308,211,1519,0.1388
1304,210,1514,0.1388
1294,209,1503,0.1388
1296,209,1505,0.1388
1294,206,1500,0.1388
1291,208,1499,0.1388
1281,213,1494,0.1388
1282,208,1490,0.1388
1276,210,1486,0.1388
1291,216,1507,0.1388
1280,217,1497,0.1388
1287,213,1500,0.1388
1293,213,1506,0.1388
1298,218,1516,0.1388
1300,219,1519,0.1388
1303,219,1522,0.1388
1299,219,1518,0.1388
1293,217,1510,0.1388
1290,211,1501,0.1388
1280,221,1501,0.1388
1289,222,1511,0.1388
1274,228,1502,0.1388
1278,229,1507,0.1388
1265,229,1494,0.1388
1274,229,1503,0.1388
1275,228,1503,0.1388
1267,227,1494,0.1388
1267,227,1494,0.1388
1262,226,1488,0.1388
1281,228,1509,0.1388
1289,230,1519,0.1388
1263,230,1493,0.1388
1262,232,1494,0.1388
1266,230,1496,0.1388
1280,231,1511,0.1388
1281,228,1509,0.1388
1269,230,1499,0.1388
1263,233,1496,0.1388
1265,236,1501,0.1388
1263,237,1500,0.1388
1263,233,1496,0.1388
1248,232,1480,0.1388
1253,234,1487,0.1388
1254,227,1481,0.1388
1271,223,1494,0.1388
1259,219,1478,0.1388
1261,219,1480,0.1388
1268,220,1488,0.1388
1265,227,1492,0.1388
1258,225,1483,0.1388
1259,232,1491,0.1388
1260,227,1487,0.1388
1272,230,1502,0.1388
1271,231,1502,0.1388
1265,239,1504,0.1388
1270,233,1503,0.1388
1269,230,1499,0.1388
1268,228,1496,0.1388
1256,228,1484,0.1388
1243,229,1472,0.1388
1246,230,1476,0.1388
1252,230,1482,0.1388
1257,235,1492,0.1388
1246,236,1482,0.1388
1252,237,1489,0.1388
1258,239,1497,0.1388
1264,238,1502,0.1388
1262,238,1500,0.1388
1259,233,1492,0.1388
1250,233,1483,0.1388
1251,233,1484,0.1388
1257,235,1492,0.1388
1261,238,1499,0.1388
1259,230,1489,0.1388
1244,232,1476,0.1388
1252,236,1488,0.1388
1264,238,1502,0.1388
1266,235,1501,0.1388
1276,234,1510,0.1388
1261,233,1494,0.1388
1255,235,1490,0.1388
1262,232,1494,0.1388
1264,231,1495,0.1388
1251,228,1479,0.1388
1246,235,1481,0.1388
1253,228,1481,0.1388
1266,231,1497,0.1388
1244,237,1481,0.1388
1256,240,1496,0.1388
1254,239,1493,0.1388
1266,236,1502,0.1388
1263,234,1497,0.1388
1256,235,1491,0.1388
1257,236,1493,0.1388
1270,237,1507,0.1388
1262,234,1496,0.1388
1253,232,1485,0.1388
1255,232,1487,0.1388
1260,233,1493,0.1388
1255,233,1488,0.1388
1266,232,1498,0.1388
1260,233,1493,0.1388
1267,231,1498,0.1388
1263,234,1497,0.1388
1249,232,1481,0.1388
1256,234,1490,0.1388
1251,233,1484,0.1388
1249,227,1476,0.1388
1258,229,1487,0.1388
1265,227,1492,0.1388
1269,229,1498,0.1388
1274,223,1497,0.1388
1274,231,1505,0.1388
1279,233,1512,0.1388
1269,237,1506,0.1388
1257,237,1494,0.1388
1262,235,1497,0.1388
1259,238,1497,0.1388
1254,238,1492,0.1388
1259,235,1494,0.1388
1265,238,1503,0.1388
1256,236,1492,0.1388
1263,235,1498,0.1388
1257,236,1493,0.1388
1269,237,1506,0.1388
1275,235,1510,0.1388
1266,234,1500,0.1388
1271,236,1507,0.1388
1259,244,1503,0.1388
1251,246,1497,0.1388
1250,245,1495,0.1388
1246,250,1496,0.1388
1253,253,1506,0.1388
1242,251,1493,0.1388
1250,247,1497,0.1388
1253,244,1497,0.1388
1243,248,1491,0.1388
1243,243,1486,0.1388
1245,243,1488,0.1388
1257,247,1504,0.1388
1249,246,1495,0.1388
1262,245,1507,0.1388
1258,251,1509,0.1388
1246,252,1498,0.1388
1262,248,1510,0.1388
1268,244,1512,0.1388
1250,245,1495,0.1388
1247,245,1492,0.1388
1248,244,1492,0.1388
1249,247,1496,0.1388
1243,246,1489,0.1388
1241,250,1491,0.1388
1253,248,1501,0.1388
1246,249,1495,0.1388
1246,245,1491,0.1388
1251,245,1496,0.1388
1252,247,1499,0.1388
1250,248,1498,0.1388
1248,245,1493,0.1388
1242,249,1491,0.1388
1242,251,1493,0.1388
1239,246,1485,0.1388
1247,247,1494,0.1388
1248,251,1499,0.1388
1234,249,1483,0.1388
1222,252,1474,0.1388
1218,254,1472,0.1388
1225,254,1479,0.1388
1220,259,1479,0.1388
1237,263,1500,0.1388
1238,267,1505,0.1388
1237,259,1496,0.1388
1222,261,1483,0.1388
1230,267,1497,0.1388
1225,267,1492,0.1388
1238,260,1498,0.1388
1257,260,1517,0.1388
1253,261,1514,0.1388
1228,261,1489,0.1388
1222,258,1480,0.1388
1224,258,1482,0.1388
1210,262,1472,0.1388
1218,268,1486,0.1388
1222,267,1489,0.1388
1214,277,1491,0.1388
1220,273,1493,0.1388
1215,273,1488,0.1388
1218,273,1491,0.1388
1229,277,1506,0.1388
1234,277,1511,0.1388
1231,277,1508,0.1388
1232,281,1513,0.1388
1216,285,1501,0.1388
1205,284,1489,0.1388
1211,283,1494,0.1388
1214,282,1496,0.1388
1222,285,1507,0.1388
1210,284,1494,0.1388
1205,277,1482,0.1388
1207,277,1484,0.1388
1217,281,1498,0.1388
1219,285,1504,0.1388
1216,282,1498,0.1388
1210,277,1487,0.1388
1211,275,1486,0.1388
1220,283,1503,0.1388
1221,283,1504,0.1388
1214,286,1500,0.1388
1210,283,1493,0.1388
1220,285,1505,0.1388
1216,284,1500,0.1388
1212,286,1498,0.1388
1222,287,1509,0.1388
1213,285,1498,0.1388
1203,278,1481,0.1388
1221,284,1505,0.1388
1220,285,1505,0.1388
1219,287,1506,0.1388
1222,284,1506,0.1388
1210,279,1489,0.1388
1207,280,1487,0.1388
1220,279,1499,0.1388
1205,279,1484,0.1388
1207,286,1493,0.1388
1216,281,1497,0.1388
1209,288,1497,0.1388
1201,292,1493,0.1388
1205,292,1497,0.1388
1208,295,1503,0.1388
1203,294,1497,0.1388
1213,291,1504,0.1388
1207,284,1491,0.1388
1220,286,1506,0.1388
1211,288,1499,0.1388
1209,290,1499,0.1388
1196,291,1487,0.1388
1195,292,1487,0.1388
1197,291,1488,0.1388
1204,292,1496,0.1388
1208,293,1501,0.1388
1206,296,1502,0.1388
1213,297,1510,0.1388
1213,296,1509,0.1388
1218,295,1513,0.1388
1218,297,1515,0.1388
1217,300,1517,0.1388
1212,298,1510,0.1388
1206,303,1509,0.1388
1197,303,1500,0.1388
1202,306,1508,0.1388
1197,303,1500,0.1388
1199,299,1498,0.1388
1205,299,1504,0.1388
1202,295,1497,0.1388
1212,302,1514,0.1388
1210,303,1513,0.1388
1209,301,1510,0.1388
1203,310,1513,0.1388
1200,315,1515,0.1388
1197,320,1517,0.1388
1184,312,1496,0.1388
1181,320,1501,0.1388
1162,319,1481,0.1388
1165,318,1483,0.1388
1172,317,1489,0.1388
1164,326,1490,0.1388
1166,329,1495,0.1388
1167,325,1492,0.1388
1167,323,1490,0.1388
1156,323,1479,0.1388
1173,318,1491,0.1388
1178,308,1486,0.1388
1170,316,1486,0.1388
1163,318,1481,0.1388
1173,321,1494,0.1388
1174,326,1500,0.1388
1176,326,1502,0.1388
1182,329,1511,0.1388
1178,331,1509,0.1388
1176,331,1507,0.1388
1183,324,1507,0.1388
1190,329,1519,0.1388
1186,322,1508,0.1388
1180,319,1499,0.1388
1179,317,1496,0.1388
1182,314,1496,0.1388
1184,313,1497,0.1388
1182,315,1497,0.1388
1177,319,1496,0.1388
1164,325,1489,0.1388
1171,328,1499,0.1388
1170,330,1500,0.1388
1178,329,1507,0.1388
1175,321,1496,0.1388
1170,319,1489,0.1388
1161,319,1480,0.1388
1167,322,1489,0.1388
1160,318,1478,0.1388
1179,323,1502,0.1388
1174,325,1499,0.1388
1169,314,1483,0.1388
1171,320,1491,0.1388
1164,327,1491,0.1388
1167,323,1490,0.1388
1174,324,1498,0.1388
1169,331,1500,0.1388
1170,334,1504,0.1388
1163,334,1497,0.1388
1164,337,1501,0.1388
1176,330,1506,0.1388
1172,336,1508,0.1388
1170,330,1500,0.1388
1167,318,1485,0.1388
1165,321,1486,0.1388
1166,322,1488,0.1388
1162,324,1486,0.1388
1169,325,1494,0.1388
1158,328,1486,0.1388
1160,327,1487,0.1388
1167,333,1500,0.1388
1174,334,1508,0.1388
1169,328,1497,0.1388
1154,329,1483,0.1388
1161,331,1492,0.1388
1160,328,1488,0.1388
1168,329,1497,0.1388
1180,333,1513,0.1388
1170,333,1503,0.1388
1161,341,1502,0.1388
1157,337,1494,0.1388
1167,339,1506,0.1388
1169,344,1513,0.1388
1166,351,1517,0.1388
1151,347,1498,0.1388
1162,351,1513,0.1388
1157,344,1501,0.1388
1147,337,1484,0.1388
1149,339,1488,0.1388
1163,340,1503,0.1388
1157,341,1498,0.1388
1146,348,1494,0.1388
1155,349,1504,0.1388
1157,353,1510,0.1388
1166,351,1517,0.1388
1158,353,1511,0.1388
1150,357,1507,0.1388
1158,352,1510,0.1388
1154,354,1508,0.1388
1155,356,1511,0.1388
1148,350,1498,0.1388
1143,351,1494,0.1388
1133,342,1475,0.1388
1136,347,1483,0.1388
1127,346,1473,0.1388
1136,350,1486,0.1388
1137,353,1490,0.1388
1147,358,1505,0.1388
1148,362,1510,0.1388
1143,358,1501,0.1388
1138,355,1493,0.1388
1143,352,1495,0.1388
1142,355,1497,0.1388
1148,359,1507,0.1388
1144,364,1508,0.1388
1138,366,1504,0.1388
1139,369,1508,0.1388
1134,368,1502,0.1388
1127,377,1504,0.1388
1119,379,1498,0.1388
1116,383,1499,0.1388
1112,382,1494,0.1388
1099,380,1479,0.1388
1100,386,1486,0.1388
1095,386,1481,0.1388
1090,386,1476,0.1388
1099,394,1493,0.1388
1108,390,1498,0.1388
1117,389,1506,0.1388
1117,393,1510,0.1388
1109,394,1503,0.1388
1104,396,1500,0.1388
1100,393,1493,0.1388
1106,391,1497,0.1388
1113,392,1505,0.1388
1110,391,1501,0.1388
1111,389,1500,0.1388
1121,394,1515,0.1388
1123,402,1525,0.1388
1115,405,1520,0.1388
1111,398,1509,0.1388
1115,402,1517,0.1388
1109,400,1509,0.1388
1115,395,1510,0.1388
1105,403,1508,0.1388
1100,402,1502,0.1388
1095,409,1504,0.1388
1101,406,1507,0.1388
1101,409,1510,0.1388
1093,403,1496,0.1388
1090,395,1485,0.1388
1085,400,1485,0.1388
1084,405,1489,0.1388
1091,404,1495,0.1388
1090,403,1493,0.1388
1082,411,1493,0.1388
1099,403,1502,0.1388
1098,405,1503,0.1388
1101,405,1506,0.1388
1097,398,1495,0.1388
1091,400,1491,0.1388
1083,406,1489,0.1388
1071,411,1482,0.1388
1067,410,1477,0.1388
1073,419,1492,0.1388
1075,420,1495,0.1388
1074,422,1496,0.1388
1057,421,1478,0.1388
1058,433,1491,0.1388
1065,431,1496,0.1388
1063,428,1491,0.1388
1056,426,1482,0.1388
1062,424,1486,0.1388
1069,426,1495,0.1388
1085,429,1514,0.1388
1075,432,1507,0.1388
1064,433,1497,0.1388
1071,434,1505,0.1388
1065,432,1497,0.1388
1052,442,1494,0.1388
1058,442,1500,0.1388
1067,442,1509,0.1388
1061,443,1504,0.1388
1055,442,1497,0.1388
1049,451,1500,0.1388
1054,440,1494,0.1388
1058,440,1498,0.1388
1053,443,1496,0.1388
1042,446,1488,0.1388
1045,443,1488,0.1388
1040,453,1493,0.1388
1040,457,1497,0.1388
1043,451,1494,0.1388
1050,444,1494,0.1388
1030,454,1484,0.1388
1034,463,1497,0.1388
1032,468,1500,0.1388
1040,470,1510,0.1388
1034,475,1509,0.1388
1036,471,1507,0.1388
1031,475,1506,0.1388
1033,470,1503,0.1388
1036,472,1508,0.1388
1035,470,1505,0.1388
1041,469,1510,0.1388
1049,473,1522,0.1388
1050,470,1520,0.1388
1045,468,1513,0.1388
1042,458,1500,0.1388
1053,458,1511,0.1388
1043,461,1504,0.1388
1041,464,1505,0.1388
1047,466,1513,0.1388
1052,476,1528,0.1388
1039,474,1513,0.1388
1034,468,1502,0.1388
1034,470,1504,0.1388
1019,467,1486,0.1388
1002,467,1469,0.1388
1022,468,1490,0.1388
1018,474,1492,0.1388
1023,474,1497,0.1388
1027,477,1504,0.1388
1019,476,1495,0.1388
1023,471,1494,0.1388
1021,474,1495,0.1388
1021,480,1501,0.1388
1014,482,1496,0.1388
1017,481,1498,0.1388
1010,471,1481,0.1388
1022,475,1497,0.1388
1031,478,1509,0.1388
1031,482,1513,0.1388
1033,484,1517,0.1388
1022,485,1507,0.1388
1024,488,1512,0.1388
1020,485,1505,0.1388
1010,490,1500,0.1388
1006,493,1499,0.1388
1000,494,1494,0.1388
991,493,1484,0.1388
988,491,1479,0.1388
983,496,1479,0.1388
986,497,1483,0.1388
989,497,1486,0.1388
986,507,1493,0.1388
999,508,1507,0.1388
1006,507,1513,0.1388
1007,504,1511,0.1388
999,500,1499,0.1388
991,501,1492,0.1388
1002,498,1500,0.1388
1010,504,1514,0.1388
1002,497,1499,0.1388
1002,503,1505,0.1388
997,510,1507,0.1388
1003,518,1521,0.1388
1003,515,1518,0.1388
1001,515,1516,0.1388
1006,508,1514,0.1388
1005,509,1514,0.1388
992,503,1495,0.1388
986,505,1491,0.1388
995,499,1494,0.1388
984,500,1484,0.1388
990,506,1496,0.1388
980,504,1484,0.1388
972,508,1480,0.1388
979,513,1492,0.1388
989,509,1498,0.1388
984,507,1491,0.1388
979,502,1481,0.1388
979,504,1483,0.1388
975,504,1479,0.1388
978,511,1489,0.1388
989,512,1501,0.1388
992,512,1504,0.1388
983,503,1486,0.1388
982,506,1488,0.1388
982,500,1482,0.1388
991,506,1497,0.1388
986,506,1492,0.1388
982,512,1494,0.1388
987,518,1505,0.1388
987,524,1511,0.1388
989,515,1504,0.1388
988,516,1504,0.1388
982,522,1504,0.1388
959,534,1493,0.1388
965,536,1501,0.1388
981,530,1511,0.1388
969,528,1497,0.1388
975,534,1509,0.1388
978,531,1509,0.1388
987,531,1518,0.1388
972,533,1505,0.1388
976,533,1509,0.1388
964,534,1498,0.1388
976,535,1511,0.1388
966,537,1503,0.1388
957,526,1483,0.1388
962,536,1498,0.1388
960,537,1497,0.1388
952,541,1493,0.1388
950,545,1495,0.1388
955,541,1496,0.1388
953,534,1487,0.1388
938,536,1474,0.1388
935,543,1478,0.1388
940,551,1491,0.1388
937,553,1490,0.1388
932,559,1491,0.1388
937,560,1497,0.1388
940,564,1504,0.1388
936,566,1502,0.1388
919,559,1478,0.1388
930,560,1490,0.1388
938,564,1502,0.1388
935,570,1505,0.1388
936,566,1502,0.1388
934,575,1509,0.1388
930,565,1495,0.1388
939,559,1498,0.1388
945,564,1509,0.1388
950,572,1522,0.1388
937,569,1506,0.1388
935,569,1504,0.1388
932,571,1503,0.1388
933,567,1500,0.1388
915,575,1490,0.1388
922,576,1498,0.1388
919,577,1496,0.1388
922,588,1510,0.1388
922,579,1501,0.1388
924,576,1500,0.1388
928,572,1500,0.1388
925,573,1498,0.1388
940,583,1523,0.1388
930,583,1513,0.1388
928,573,1501,0.1388
929,571,1500,0.1388
925,570,1495,0.1388
918,575,1493,0.1388
911,580,1491,0.1388
913,583,1496,0.1388
918,582,1500,0.1388
923,579,1502,0.1388
931,581,1512,0.1388
942,580,1522,0.1388
935,581,1516,0.1388
920,586,1506,0.1388
925,584,1509,0.1388
935,587,1522,0.1388
944,586,1530,0.1388
935,585,1520,0.1388
930,593,1523,0.1388
923,590,1513,0.1388
913,595,1508,0.1388
911,590,1501,0.1388
895,591,1486,0.1388
902,593,1495,0.1388
896,595,1491,0.1388
898,587,1485,0.1388
896,594,1490,0.1388
893,610,1503,0.1388
902,608,1510,0.1388
905,609,1514,0.1388
898,608,1506,0.1388
894,609,1503,0.1388
890,608,1498,0.1388
889,607,1496,0.1388
882,600,1482,0.1388
871,608,1479,0.1388
879,610,1489,0.1388
889,610,1499,0.1388
879,600,1479,0.1388
885,607,1492,0.1388
885,608,1493,0.1388
892,604,1496,0.1388
892,602,1494,0.1388
890,602,1492,0.1388
884,598,1482,0.1388
876,609,1485,0.1388
876,623,1499,0.1388
873,627,1500,0.1388
869,626,1495,0.1388
868,630,1498,0.1388
877,632,1509,0.1388
873,635,1508,0.1388
861,636,1497,0.1388
867,641,1508,0.1388
874,626,1500,0.1388
872,629,1501,0.1388
879,633,1512,0.1388
890,630,1520,0.1388
876,627,1503,0.1388
864,630,1494,0.1388
857,634,1491,0.1388
865,641,1506,0.1388
854,650,1504,0.1388
849,654,1503,0.1388
852,656,1508,0.1388
848,652,1500,0.1388
847,656,1503,0.1388
856,654,1510,0.1388
841,661,1502,0.1388
846,657,1503,0.1388
848,654,1502,0.1388
841,662,1503,0.1388
852,667,1519,0.1388
843,668,1511,0.1388
844,672,1516,0.1388
847,674,1521,0.1388
858,662,1520,0.1388
858,655,1513,0.1388
853,658,1511,0.1388
847,654,1501,0.1388
838,669,1507,0.1388
827,671,1498,0.1388
821,674,1495,0.1388
823,677,1500,0.1388
830,678,1508,0.1388
824,682,1506,0.1388
825,676,1501,0.1388
824,677,1501,0.1388
839,675,1514,0.1388
831,669,1500,0.1388
832,680,1512,0.1388
826,679,1505,0.1388
830,670,1500,0.1388
829,678,1507,0.1388
822,677,1499,0.1388
823,675,1498,0.1388
819,677,1496,0.1388
819,675,1494,0.1388
819,685,1504,0.1388
819,675,1494,0.1388
823,673,1496,0.1388
814,675,1489,0.1388
810,669,1479,0.1388
797,681,1478,0.1388
801,687,1488,0.1388
803,693,1496,0.1388
796,694,1490,0.1388
811,686,1497,0.1388
816,692,1508,0.1388
816,692,1508,0.1388
823,696,1519,0.1388
811,691,1502,0.1388
810,692,1502,0.1388
817,681,1498,0.1388
819,689,1508,0.1388
816,688,1504,0.1388
823,685,1508,0.1388
830,679,1509,0.1388
829,685,1514,0.1388
817,677,1494,0.1388
821,675,1496,0.1388
832,668,1500,0.1388
835,673,1508,0.1388
836,679,1515,0.1388
830,680,1510,0.1388
835,683,1518,0.1388
826,685,1511,0.1388
821,688,1509,0.1388
817,692,1509,0.1388
819,689,1508,0.1388
821,694,1515,0.1388
809,690,1499,0.1388
810,698,1508,0.1388
814,701,1515,0.1388
816,693,1509,0.1388
822,689,1511,0.1388
825,685,1510,0.1388
822,685,1507,0.1388
816,690,1506,0.1388
820,696,1516,0.1388
811,698,1509,0.1388
802,705,1507,0.1388
808,710,1518,0.1388
804,705,1509,0.1388
804,713,1517,0.1388
793,721,1514,0.1388
786,723,1509,0.1388
782,722,1504,0.1388
770,718,1488,0.1388
775,721,1496,0.1388
775,712,1487,0.1388
780,717,1497,0.1388
780,725,1505,0.1388
776,725,1501,0.1388
775,737,1512,0.1388
766,742,1508,0.1388
773,744,1517,0.1388
772,741,1513,0.1388
759,746,1505,0.1388
753,751,1504,0.1388
767,743,1510,0.1388
753,752,1505,0.1388
751,752,1503,0.1388
745,756,1501,0.1388
749,754,1503,0.1388
755,763,1518,0.1388
750,765,1515,0.1388
748,760,1508,0.1388
750,761,1511,0.1388
737,758,1495,0.1388
735,760,1495,0.1388
742,753,1495,0.1388
735,751,1486,0.1388
734,764,1498,0.1388
738,772,1510,0.1388
735,773,1508,0.1388
744,779,1523,0.1388
739,777,1516,0.1388
736,783,1519,0.1388
737,776,1513,0.1388
734,778,1512,0.1388
725,778,1503,0.1388
728,774,1502,0.1388
722,784,1506,0.1388
723,778,1501,0.1388
729,788,1517,0.1388
727,787,1514,0.1388
724,789,1513,0.1388
727,792,1519,0.1388
721,794,1515,0.1388
717,787,1504,0.1388
714,788,1502,0.1388
712,800,1512,0.1388
706,800,1506,0.1388
709,794,1503,0.1388
714,796,1510,0.1388
704,797,1501,0.1388
704,797,1501,0.1388
713,803,1516,0.1388
707,813,1520,0.1388
709,799,1508,0.1388
707,801,1508,0.1388
702,810,1512,0.1388
701,806,1507,0.1388
699,803,1502,0.1388
686,807,1493,0.1388
686,812,1498,0.1388
684,813,1497,0.1388
690,830,1520,0.1388
683,832,1515,0.1388
685,830,1515,0.1388
680,828,1508,0.1388
674,826,1500,0.1388
670,831,1501,0.1388
670,822,1492,0.1388
667,821,1488,0.1388
661,825,1486,0.1388
665,839,1504,0.1388
668,836,1504,0.1388
662,832,1494,0.1388
661,837,1498,0.1388
660,828,1488,0.1388
662,824,1486,0.1388
666,821,1487,0.1388
666,829,1495,0.1388
671,827,1498,0.1388
679,829,1508,0.1388
673,831,1504,0.1388
669,836,1505,0.1388
663,840,1503,0.1388
663,840,1503,0.1388
664,852,1516,0.1388
659,848,1507,0.1388
663,847,1510,0.1388
655,850,1505,0.1388
663,841,1504,0.1388
664,842,1506,0.1388
663,842,1505,0.1388
655,843,1498,0.1388
651,840,1491,0.1388
647,843,1490,0.1388
643,832,1475,0.1388
642,837,1479,0.1388
650,846,1496,0.1388
645,853,1498,0.1388
634,859,1493,0.1388
634,854,1488,0.1388
636,852,1488,0.1388
645,853,1498,0.1388
644,855,1499,0.1388
643,853,1496,0.1388
647,862,1509,0.1388
653,856,1509,0.1388
657,851,1508,0.1388
654,854,1508,0.1388
659,850,1509,0.1388
664,850,1514,0.1388
659,846,1505,0.1388
665,850,1515,0.1388
661,856,1517,0.1388
657,853,1510,0.1388
653,856,1509,0.1388
649,852,1501,0.1388
644,860,1504,0.1388
634,864,1498,0.1388
629,868,1497,0.1388
635,856,1491,0.1388
632,871,1503,0.1388
634,878,1512,0.1388
645,878,1523,0.1388
633,879,1512,0.1388
630,881,1511,0.1388
626,880,1506,0.1388
633,882,1515,0.1388
626,880,1506,0.1388
624,878,1502,0.1388
629,883,1512,0.1388
626,885,1511,0.1388
628,893,1521,0.1388
624,876,1500,0.1388
627,883,1510,0.1388
623,885,1508,0.1388
623,891,1514,0.1388
628,896,1524,0.1388
614,897,1511,0.1388
613,901,1514,0.1388
601,907,1508,0.1388
596,906,1502,0.1388
595,912,1507,0.1388
596,908,1504,0.1388
592,917,1509,0.1388
598,915,1513,0.1388
584,914,1498,0.1388
578,915,1493,0.1388
583,911,1494,0.1388
589,919,1508,0.1388
591,926,1517,0.1388
594,926,1520,0.1388
584,928,1512,0.1388
591,935,1526,0.1388
589,926,1515,0.1388
580,934,1514,0.1388
573,931,1504,0.1388
572,918,1490,0.1388
569,927,1496,0.1388
571,927,1498,0.1388
567,924,1491,0.1388
564,940,1504,0.1388
552,937,1489,0.1388
549,948,1497,0.1388
553,956,1509,0.1388
551,962,1513,0.1388
546,964,1510,0.1388
544,962,1506,0.1388
543,960,1503,0.1388
541,977,1518,0.1388
536,959,1495,0.1388
537,967,1504,0.1388
533,962,1495,0.1388
534,968,1502,0.1388
532,975,1507,0.1388
529,980,1509,0.1388
522,989,1511,0.1388
515,997,1512,0.1388
521,996,1517,0.1388
523,988,1511,0.1388
518,981,1499,0.1388
518,978,1496,0.1388
513,975,1488,0.1388
513,982,1495,0.1388
505,986,1491,0.1388
509,988,1497,0.1388
512,990,1502,0.1388
517,991,1508,0.1388
514,987,1501,0.1388
518,980,1498,0.1388
514,980,1494,0.1388
523,985,1508,0.1388
514,987,1501,0.1388
518,976,1494,0.1388
516,983,1499,0.1388
515,989,1504,0.1388
515,1004,1519,0.1388
516,999,1515,0.1388
511,1004,1515,0.1388
508,1001,1509,0.1388
504,1023,1527,0.1388
510,1029,1539,0.1388
497,1035,1532,0.1388
501,1019,1520,0.1388
494,1016,1510,0.1388
496,1018,1514,0.1388
492,1016,1508,0.1388
490,1017,1507,0.1388
490,1013,1503,0.1388
483,1022,1505,0.1388
482,1019,1501,0.1388
483,1012,1495,0.1388
490,1003,1493,0.1388
495,1011,1506,0.1388
492,1007,1499,0.1388
502,1011,1513,0.1388
504,1013,1517,0.1388
499,1003,1502,0.1388
498,1009,1507,0.1388
503,1001,1504,0.1388
502,1015,1517,0.1388
502,1014,1516,0.1388
506,1004,1510,0.1388
498,1014,1512,0.1388
502,1000,1502,0.1388
499,1000,1499,0.1388
481,995,1476,0.1388
483,988,1471,0.1388
483,1003,1486,0.1388
480,1006,1486,0.1388
487,1008,1495,0.1388
485,1006,1491,0.1388
481,1010,1491,0.1388
478,1019,1497,0.1388
479,1022,1501,0.1388
487,1018,1505,0.1388
489,1023,1512,0.1388
491,1020,1511,0.1388
488,1025,1513,0.1388
492,1029,1521,0.1388
492,1027,1519,0.1388
480,1025,1505,0.1388
487,1023,1510,0.1388
482,1017,1499,0.1388
479,1033,1512,0.1388
480,1024,1504,0.1388
478,1022,1500,0.1388
472,1034,1506,0.1388
473,1031,1504,0.1388
467,1037,1504,0.1388
468,1043,1511,0.1388
465,1055,1520,0.1388
463,1054,1517,0.1388
460,1042,1502,0.1388
463,1055,1518,0.1388
463,1063,1526,0.1388
456,1062,1518,0.1388
447,1066,1513,0.1388
445,1058,1503,0.1388
441,1069,1510,0.1388
428,1067,1495,0.1388
422,1081,1503,0.1388
426,1086,1512,0.1388
429,1076,1505,0.1388
428,1081,1509,0.1388
435,1069,1504,0.1388
429,1062,1491,0.1388
437,1065,1502,0.1388
432,1070,1502,0.1388
436,1064,1500,0.1388
438,1069,1507,0.1388
429,1070,1499,0.1388
424,1075,1499,0.1388
420,1076,1496,0.1388
422,1077,1499,0.1388
427,1074,1501,0.1388
427,1081,1508,0.1388
424,1088,1512,0.1388
419,1098,1517,0.1388
418,1096,1514,0.1388
421,1082,1503,0.1388
420,1080,1500,0.1388
424,1085,1509,0.1388
429,1086,1515,0.1388
437,1084,1521,0.1388
432,1081,1513,0.1388
440,1077,1517,0.1388
435,1075,1510,0.1388
437,1075,1512,0.1388
434,1073,1507,0.1388
431,1074,1505,0.1388
434,1079,1513,0.1388
428,1091,1519,0.1388
427,1088,1515,0.1388
426,1087,1513,0.1388
427,1079,1506,0.1388
422,1070,1492,0.1388
426,1073,1499,0.1388
421,1089,1510,0.1388
422,1102,1524,0.1388
417,1102,1519,0.1388
416,1089,1505,0.1388
413,1098,1511,0.1388
412,1100,1512,0.1388
412,1101,1513,0.1388
408,1105,1513,0.1388
402,1102,1504,0.1388
398,1108,1506,0.1388
399,1118,1517,0.1388
396,1122,1518,0.1388
399,1114,1513,0.1388
398,1118,1516,0.1388
400,1116,1516,0.1388
388,1126,1514,0.1388
385,1118,1503,0.1388
386,1119,1505,0.1388
388,1126,1514,0.1388
381,1131,1512,0.1388
384,1136,1520,0.1388
383,1137,1520,0.1388
382,1142,1524,0.1388
375,1146,1521,0.1388
375,1150,1525,0.1388
370,1139,1509,0.1388
370,1146,1516,0.1388
372,1152,1524,0.1388
369,1143,1512,0.1388
366,1143,1509,0.1388
365,1140,1505,0.1388
364,1151,1515,0.1388
368,1142,1510,0.1388
360,1144,1504,0.1388
357,1148,1505,0.1388
362,1138,1500,0.1388
357,1149,1506,0.1388
366,1145,1511,0.1388
365,1131,1496,0.1388
362,1137,1499,0.1388
364,1139,1503,0.1388
365,1142,1507,0.1388
364,1143,1507,0.1388
354,1137,1491,0.1388
365,1143,1508,0.1388
362,1136,1498,0.1388
354,1146,1500,0.1388
357,1153,1510,0.1388
351,1141,1492,0.1388
349,1144,1493,0.1388
353,1158,1511,0.1388
348,1158,1506,0.1388
348,1156,1504,0.1388
345,1148,1493,0.1388
340,1150,1490,0.1388
346,1161,1507,0.1388
350,1158,1508,0.1388
350,1160,1510,0.1388
349,1158,1507,0.1388
350,1157,1507,0.1388
346,1160,1506,0.1388
348,1170,1518,0.1388
347,1171,1518,0.1388
348,1160,1508,0.1388
343,1167,1510,0.1388
337,1159,1496,0.1388
335,1178,1513,0.1388
338,1181,1519,0.1388
329,1173,1502,0.1388
326,1187,1513,0.1388
326,1188,1514,0.1388
324,1197,1521,0.1388
330,1191,1521,0.1388
327,1188,1515,0.1388
322,1191,1513,0.1388
326,1173,1499,0.1388
329,1174,1503,0.1388
324,1174,1498,0.1388
320,1181,1501,0.1388
322,1194,1516,0.1388
321,1183,1504,0.1388
321,1175,1496,0.1388
322,1183,1505,0.1388
327,1184,1511,0.1388
332,1191,1523,0.1388
329,1186,1515,0.1388
326,1194,1520,0.1388
323,1186,1509,0.1388
323,1191,1514,0.1388
322,1197,1519,0.1388
320,1187,1507,0.1388
322,1190,1512,0.1388
322,1191,1513,0.1388
319,1192,1511,0.1388
317,1182,1499,0.1388
320,1207,1527,0.1388
318,1208,1526,0.1388
323,1206,1529,0.1388
329,1206,1535,0.1388
324,1211,1535,0.1388
326,1198,1524,0.1388
322,1190,1512,0.1388
318,1199,1517,0.1388
315,1195,1510,0.1388
315,1187,1502,0.1388
312,1205,1517,0.1388
314,1200,1514,0.1388
316,1208,1524,0.1388
306,1218,1524,0.1388
305,1227,1532,0.1388
302,1222,1524,0.1388
302,1222,1524,0.1388
294,1219,1513,0.1388
302,1216,1518,0.1388
304,1223,1527,0.1388
298,1216,1514,0.1388
299,1224,1523,0.1388
299,1224,1523,0.1388
295,1231,1526,0.1388
294,1228,1522,0.1388
296,1220,1516,0.1388
293,1222,1515,0.1388
301,1214,1515,0.1388
297,1205,1502,0.1388
299,1206,1505,0.1388
295,1215,1510,0.1388
294,1213,1507,0.1388
300,1216,1516,0.1388
300,1225,1525,0.1388
301,1217,1518,0.1388
299,1215,1514,0.1388
300,1206,1506,0.1388
301,1219,1520,0.1388
298,1219,1517,0.1388
291,1218,1509,0.1388
288,1220,1508,0.1388
281,1226,1507,0.1388
281,1233,1514,0.1388
278,1234,1512,0.1388
280,1236,1516,0.1388
279,1235,1514,0.1388
277,1242,1519,0.1388
269,1229,1498,0.1388
268,1230,1498,0.1388
267,1227,1494,0.1388
272,1230,1502,0.1388
268,1234,1502,0.1388
272,1231,1503,0.1388
274,1238,1512,0.1388
272,1241,1513,0.1388
275,1229,1504,0.1388
275,1226,1501,0.1388
278,1236,1514,0.1388
273,1236,1509,0.1388
269,1231,1500,0.1388
263,1237,1500,0.1388
265,1238,1503,0.1388
265,1243,1508,0.1388
260,1243,1503,0.1388
259,1235,1494,0.1388
258,1240,1498,0.1388
260,1245,1505,0.1388
266,1257,1523,0.1388
264,1266,1530,0.1388
263,1260,1523,0.1388
257,1252,1509,0.1388
259,1255,1514,0.1388
257,1265,1522,0.1388
260,1265,1525,0.1388
261,1254,1515,0.1388
261,1237,1498,0.1388
261,1242,1503,0.1388
263,1234,1497,0.1388
266,1254,1520,0.1388
269,1247,1516,0.1388
268,1248,1516,0.1388
275,1239,1514,0.1388
273,1231,1504,0.1388
272,1225,1497,0.1388
268,1231,1499,0.1388
268,1249,1517,0.1388
273,1243,1516,0.1388
274,1234,1508,0.1388
274,1235,1509,0.1388
263,1247,1510,0.1388
268,1252,1520,0.1388
270,1228,1498,0.1388
272,1230,1502,0.1388
275,1237,1512,0.1388
270,1244,1514,0.1388
274,1238,1512,0.1388
271,1247,1518,0.1388
270,1238,1508,0.1388
268,1242,1510,0.1388
270,1242,1512,0.1388
267,1249,1516,0.1388
265,1253,1518,0.1388
263,1250,1513,0.1388
261,1255,1516,0.1388
259,1258,1517,0.1388
256,1259,1515,0.1388
262,1256,1518,0.1388
255,1258,1513,0.1388
253,1248,1501,0.1388
254,1252,1506,0.1388
253,1249,1502,0.1388
253,1260,1513,0.1388
255,1261,1516,0.1388
251,1282,1533,0.1388
247,1275,1522,0.1388
243,1262,1505,0.1388
244,1263,1507,0.1388
248,1260,1508,0.1388
249,1260,1509,0.1388
245,1268,1513,0.1388
251,1264,1515,0.1388
246,1261,1507,0.1388
247,1248,1495,0.1388
248,1234,1482,0.1388
249,1247,1496,0.1388
245,1263,1508,0.1388
247,1271,1518,0.1388
244,1265,1509,0.1388
241,1257,1498,0.1388
240,1270,1510,0.1388
246,1270,1516,0.1388
240,1270,1510,0.1388
240,1260,1500,0.1388
240,1266,1506,0.1388
240,1259,1499,0.1388
244,1266,1510,0.1388
242,1259,1501,0.1388
242,1256,1498,0.1388
245,1253,1498,0.1388
247,1258,1505,0.1388
243,1268,1511,0.1388
241,1265,1506,0.1388
234,1260,1494,0.1388
236,1268,1504,0.1388
234,1259,1493,0.1388
239,1256,1495,0.1388
232,1274,1506,0.1388
236,1282,1518,0.1388
239,1272,1511,0.1388
244,1276,1520,0.1388
241,1270,1511,0.1388
238,1277,1515,0.1388
238,1275,1513,0.1388
241,1276,1517,0.1388
239,1286,1525,0.1388
235,1278,1513,0.1388
233,1289,1522,0.1388
229,1293,1522,0.1388
232,1292,1524,0.1388
232,1284,1516,0.1388
229,1289,1518,0.1388
225,1281,1506,0.1388
224,1299,1523,0.1388
227,1287,1514,0.1388
228,1299,1527,0.1388
225,1294,1519,0.1388
219,1290,1509,0.1388
221,1290,1511,0.1388
219,1292,1511,0.1388
218,1304,1522,0.1388
218,1299,1517,0.1388
221,1302,1523,0.1388
220,1301,1521,0.1388
220,1294,1514,0.1388
223,1293,1516,0.1388
222,1291,1513,0.1388
221,1284,1505,0.1388
216,1270,1486,0.1388
216,1293,1509,0.1388
216,1306,1522,0.1388
214,1309,1523,0.1388
213,1309,1522,0.1388
211,1310,1521,0.1388
206,1313,1519,0.1388
203,1312,1515,0.1388
212,1319,1531,0.1388
204,1319,1523,0.1388
206,1307,1513,0.1388
204,1303,1507,0.1388
200,1306,1506,0.1388
200,1314,1514,0.1388
200,1313,1513,0.1388
201,1312,1513,0.1388
202,1319,1521,0.1388
201,1315,1516,0.1388
204,1314,1518,0.1388
200,1308,1508,0.1388
197,1312,1509,0.1388
200,1300,1500,0.1388
202,1296,1498,0.1388
203,1292,1495,0.1388
204,1308,1512,0.1388
200,1294,1494,0.1388
207,1310,1517,0.1388
208,1304,1512,0.1388
207,1306,1513,0.1388
204,1303,1507,0.1388
200,1292,1492,0.1388
203,1292,1495,0.1388
205,1308,1513,0.1388
204,1298,1502,0.1388
199,1303,1502,0.1388
198,1309,1507,0.1388
193,1319,1512,0.1388
194,1323,1517,0.1388
187,1313,1500,0.1388
187,1318,1505,0.1388
189,1308,1497,0.1388
195,1313,1508,0.1388
196,1312,1508,0.1388
195,1321,1516,0.1388
197,1322,1519,0.1388
195,1328,1523,0.1388
194,1324,1518,0.1388
187,1323,1510,0.1388
188,1321,1509,0.1388
190,1316,1506,0.1388
192,1325,1517,0.1388
193,1330,1523,0.1388
196,1316,1512,0.1388
197,1315,1512,0.1388
202,1319,1521,0.1388
196,1325,1521,0.1388
196,1322,1518,0.1388
193,1330,1523,0.1388
186,1335,1521,0.1388
184,1329,1513,0.1388
178,1331,1509,0.1388
179,1332,1511,0.1388
184,1340,1524,0.1388
182,1345,1527,0.1388
184,1338,1522,0.1388
188,1344,1532,0.1388
188,1340,1528,0.1388
185,1342,1527,0.1388
185,1325,1510,0.1388
180,1335,1515,0.1388
174,1342,1516,0.1388
178,1339,1517,0.1388
175,1333,1508,0.1388
179,1339,1518,0.1388
174,1338,1512,0.1388
173,1337,1510,0.1388
168,1344,1512,0.1388
165,1343,1508,0.1388
168,1350,1518,0.1388
166,1346,1512,0.1388
167,1351,1518,0.1388
166,1343,1509,0.1388
164,1350,1514,0.1388
161,1356,1517,0.1388
159,1351,1510,0.1388
158,1354,1512,0.1388
155,1363,1518,0.1388
154,1358,1512,0.1388
160,1350,1510,0.1388
160,1354,1514,0.1388
159,1363,1522,0.1388
150,1357,1507,0.1388
153,1359,1512,0.1388
159,1349,1508,0.1388
162,1364,1526,0.1388
154,1357,1511,0.1388
151,1365,1516,0.1388
156,1377,1533,0.1388
158,1377,1535,0.1388
158,1373,1531,0.1388
155,1378,1533,0.1388
153,1364,1517,0.1388
152,1379,1531,0.1388
151,1377,1528,0.1388
153,1371,1524,0.1388
153,1369,1522,0.1388
147,1361,1508,0.1388
144,1356,1500,0.1388
149,1364,1513,0.1388
149,1384,1533,0.1388
150,1382,1532,0.1388
147,1378,1525,0.1388
143,1380,1523,0.1388
140,1382,1522,0.1388
135,1374,1509,0.1388
133,1375,1508,0.1388
137,1380,1517,0.1388
138,1372,1510,0.1388
137,1372,1509,0.1388
135,1380,1515,0.1388
133,1378,1511,0.1388
134,1370,1504,0.1388
133,1376,1509,0.1388
128,1385,1513,0.1388
125,1391,1516,0.1388
127,1386,1513,0.1388
133,1385,1518,0.1388
129,1390,1519,0.1388
127,1382,1509,0.1388
132,1368,1500,0.1388
128,1389,1517,0.1388
130,1391,1521,0.1388
127,1392,1519,0.1388
126,1386,1512,0.1388
121,1383,1504,0.1388
123,1381,1504,0.1388
122,1377,1499,0.1388
121,1392,1513,0.1388
126,1395,1521,0.1388
133,1386,1519,0.1388
133,1378,1511,0.1388
128,1376,1504,0.1388
129,1396,1525,0.1388
133,1389,1522,0.1388
129,1393,1522,0.1388
128,1392,1520,0.1388
131,1389,1520,0.1388
128,1380,1508,0.1388
125,1397,1522,0.1388
125,1392,1517,0.1388
123,1391,1514,0.1388
124,1401,1525,0.1388
122,1399,1521,0.1388
122,1404,1526,0.1388
120,1406,1526,0.1388
120,1405,1525,0.1388
118,1396,1514,0.1388
118,1392,1510,0.1388
118,1390,1508,0.1388
118,1403,1521,0.1388
116,1402,1518,0.1388
114,1399,1513,0.1388
114,1403,1517,0.1388
109,1404,1513,0.1388
106,1401,1507,0.1388
109,1388,1497,0.1388
108,1403,1511,0.1388
104,1404,1508,0.1388
101,1404,1505,0.1388
105,1400,1505,0.1388
103,1407,1510,0.1388
100,1418,1518,0.1388
99,1423,1522,0.1388
97,1416,1513,0.1388
94,1418,1512,0.1388
93,1419,1512,0.1388
89,1434,1523,0.1388
95,1437,1532,0.1388
93,1428,1521,0.1388
93,1417,1510,0.1388
93,1418,1511,0.1388
95,1423,1518,0.1388
94,1422,1516,0.1388
93,1422,1515,0.1388
92,1402,1494,0.1388
93,1409,1502,0.1388
92,1415,1507,0.1388
94,1416,1510,0.1388
92,1424,1516,0.1388
92,1427,1519,0.1388
90,1438,1528,0.1388
92,1421,1513,0.1388
94,1427,1521,0.1388
94,1428,1522,0.1388
95,1425,1520,0.1388
94,1417,1511,0.1388
92,1429,1521,0.1388
92,1432,1524,0.1388
92,1427,1519,0.1388
90,1428,1518,0.1388
90,1431,1521,0.1388
89,1433,1522,0.1388
90,1435,1525,0.1388
87,1421,1508,0.1388
85,1417,1502,0.1388
87,1427,1514,0.1388
85,1424,1509,0.1388
85,1419,1504,0.1388
87,1420,1507,0.1388
85,1428,1513,0.1388
83,1430,1513,0.1388
84,1418,1502,0.1388
85,1435,1520,0.1388
86,1430,1516,0.1388
87,1430,1517,0.1388
85,1429,1514,0.1388
84,1437,1521,0.1388
82,1434,1516,0.1388
81,1431,1512,0.1388
83,1439,1522,0.1388
82,1435,1517,0.1388
84,1434,1518,0.1388
86,1441,1527,0.1388
84,1445,1529,0.1388
81,1446,1527,0.1388
83,1440,1523,0.1388
83,1430,1513,0.1388
82,1432,1514,0.1388
83,1440,1523,0.1388
82,1441,1523,0.1388
80,1444,1524,0.1388
81,1446,1527,0.1388
83,1440,1523,0.1388
84,1427,1511,0.1388
81,1427,1508,0.1388
83,1433,1516,0.1388
83,1435,1518,0.1388
83,1426,1509,0.1388
84,1435,1519,0.1388
83,1437,1520,0.1388
82,1423,1505,0.1388
79,1415,1494,0.1388
77,1422,1499,0.1388
79,1426,1505,0.1388
74,1438,1512,0.1388
70,1437,1507,0.1388
75,1437,1512,0.1388
74,1428,1502,0.1388
75,1442,1517,0.1388
75,1443,1518,0.1388
75,1444,1519,0.1388
75,1449,1524,0.1388
75,1462,1537,0.1388
73,1455,1528,0.1388
76,1446,1522,0.1388
76,1446,1522,0.1388
74,1451,1525,0.1388
74,1447,1521,0.1388
77,1457,1534,0.1388
77,1445,1522,0.1388
75,1452,1527,0.1388
79,1454,1533,0.1388
79,1455,1534,0.1388
78,1449,1527,0.1388
76,1458,1534,0.1388
76,1454,1530,0.1388
77,1442,1519,0.1388
76,1438,1514,0.1388
76,1447,1523,0.1388
76,1448,1524,0.1388
77,1435,1512,0.1388
77,1439,1516,0.1388
79,1439,1518,0.1388
80,1444,1524,0.1388
78,1431,1509,0.1388
77,1431,1508,0.1388
77,1436,1513,0.1388
76,1426,1502,0.1388
77,1432,1509,0.1388
80,1443,1523,0.1388
81,1437,1518,0.1388
79,1445,1524,0.1388
79,1445,1524,0.1388
80,1452,1532,0.1388
78,1451,1529,0.1388
80,1449,1529,0.1388
78,1428,1506,0.1388
75,1441,1516,0.1388
75,1433,1508,0.1388
73,1437,1510,0.1388
74,1431,1505,0.1388
73,1438,1511,0.1388
75,1445,1520,0.1388
75,1452,1527,0.1388
72,1455,1527,0.1388
71,1454,1525,0.1388
69,1454,1523,0.1388
69,1435,1504,0.1388
67,1450,1517,0.1388
68,1460,1528,0.1388
67,1454,1521,0.1388
72,1457,1529,0.1388
72,1443,1515,0.1388
70,1449,1519,0.1388
70,1445,1515,0.1388
71,1457,1528,0.1388
68,1437,1505,0.1388
68,1449,1517,0.1388
65,1445,1510,0.1388
65,1443,1508,0.1388
65,1438,1503,0.1388
67,1443,1510,0.1388
67,1446,1513,0.1388
66,1446,1512,0.1388
66,1451,1517,0.1388
68,1466,1534,0.1388
66,1449,1515,0.1388
66,1452,1518,0.1388
67,1454,1521,0.1388
66,1451,1517,0.1388
66,1458,1524,0.1388
65,1466,1531,0.1388
67,1459,1526,0.1388
68,1454,1522,0.1388
69,1445,1514,0.1388
68,1446,1514,0.1388
68,1447,1515,0.1388
67,1462,1529,0.1388
68,1451,1519,0.1388
66,1448,1514,0.1388
64,1447,1511,0.1388
65,1455,1520,0.1388
65,1454,1519,0.1388
64,1465,1529,0.1388
60,1455,1515,0.1388
61,1440,1501,0.1388
59,1454,1513,0.1388
57,1445,1502,0.1388
60,1445,1505,0.1388
55,1458,1513,0.1388
55,1460,1515,0.1388
54,1458,1512,0.1388
56,1465,1521,0.1388
54,1459,1513,0.1388
51,1472,1523,0.1388
51,1468,1519,0.1388
53,1460,1513,0.1388
54,1453,1507,0.1388
52,1462,1514,0.1388
54,1461,1515,0.1388
53,1462,1515,0.1388
54,1457,1511,0.1388
53,1470,1523,0.1388
53,1465,1518,0.1388
54,1460,1514,0.1388
53,1466,1519,0.1388
51,1487,1538,0.1388
51,1486,1537,0.1388
51,1483,1534,0.1388
51,1474,1525,0.1388
52,1463,1515,0.1388
53,1470,1523,0.1388
56,1468,1524,0.1388
54,1459,1513,0.1388
54,1460,1514,0.1388
54,1457,1511,0.1388
52,1456,1508,0.1388
52,1456,1508,0.1388
52,1459,1511,0.1388
52,1466,1518,0.1388
51,1467,1518,0.1388
47,1453,1500,0.1388
49,1477,1526,0.1388
49,1473,1522,0.1388
48,1476,1524,0.1388
48,1478,1526,0.1388
49,1473,1522,0.1388
50,1467,1517,0.1388
51,1466,1517,0.1388
52,1462,1514,0.1388
52,1451,1503,0.1388
52,1458,1510,0.1388
54,1459,1513,0.1388
56,1458,1514,0.1388
56,1474,1530,0.1388
55,1470,1525,0.1388
55,1469,1524,0.1388
56,1470,1526,0.1388
54,1481,1535,0.1388
53,1450,1503,0.1388
52,1456,1508,0.1388
51,1464,1515,0.1388
53,1467,1520,0.1388
54,1463,1517,0.1388
55,1459,1514,0.1388
56,1459,1515,0.1388
56,1458,1514,0.1388
56,1458,1514,0.1388
55,1462,1517,0.1388
54,1464,1518,0.1388
52,1463,1515,0.1388
55,1471,1526,0.1388
53,1457,1510,0.1388
54,1463,1517,0.1388
50,1468,1518,0.1388
53,1469,1522,0.1388
55,1470,1525,0.1388
53,1460,1513,0.1388
52,1439,1491,0.1388
55,1451,1506,0.1388
54,1454,1508,0.1388
55,1467,1522,0.1388
52,1460,1512,0.1388
52,1462,1514,0.1388
53,1469,1522,0.1388
52,1454,1506,0.1388
52,1459,1511,0.1388
53,1469,1522,0.1388
51,1476,1527,0.1388
54,1470,1524,0.1388
55,1462,1517,0.1388
54,1455,1509,0.1388
54,1474,1528,0.1388
55,1466,1521,0.1388
54,1459,1513,0.1388
55,1459,1514,0.1388
56,1449,1505,0.1388
56,1452,1508,0.1388
56,1448,1504,0.1388
60,1443,1503,0.1388
59,1453,1512,0.1388
58,1453,1511,0.1388
60,1453,1513,0.1388
58,1461,1519,0.1388
60,1464,1524,0.1388
58,1463,1521,0.1388
55,1458,1513,0.1388
57,1466,1523,0.1388
57,1462,1519,0.1388
58,1458,1516,0.1388
56,1471,1527,0.1388
56,1464,1520,0.1388
57,1464,1521,0.1388
57,1457,1514,0.1388
59,1462,1521,0.1388
58,1465,1523,0.1388
59,1457,1516,0.1388
59,1455,1514,0.1388
59,1454,1513,0.1388
60,1438,1498,0.1388
60,1435,1495,0.1388
58,1448,1506,0.1388
61,1450,1511,0.1388
63,1441,1504,0.1388
64,1434,1498,0.1388
63,1439,1502,0.1388
64,1440,1504,0.1388
63,1422,1485,0.1388
59,1431,1490,0.1388
57,1440,1497,0.1388
58,1439,1497,0.1388
60,1453,1513,0.1388
60,1454,1514,0.1388
58,1466,1524,0.1388
59,1464,1523,0.1388
61,1457,1518,0.1388
61,1463,1524,0.1388
59,1452,1511,0.1388
59,1450,1509,0.1388
59,1465,1524,0.1388
61,1465,1526,0.1388
59,1468,1527,0.1388
59,1464,1523,0.1388
59,1461,1520,0.1388
58,1454,1512,0.1388
59,1466,1525,0.1388
59,1479,1538,0.1388
59,1470,1529,0.1388
55,1460,1515,0.1388
57,1458,1515,0.1388
57,1456,1513,0.1388
59,1453,1512,0.1388
61,1440,1501,0.1388
58,1438,1496,0.1388
55,1441,1496,0.1388
54,1467,1521,0.1388
55,1461,1516,0.1388
54,1457,1511,0.1388
54,1449,1503,0.1388
53,1452,1505,0.1388
54,1465,1519,0.1388
56,1468,1524,0.1388
54,1459,1513,0.1388
55,1463,1518,0.1388
52,1462,1514,0.1388
52,1473,1525,0.1388
52,1476,1528,0.1388
51,1469,1520,0.1388
51,1470,1521,0.1388
50,1467,1517,0.1388
48,1462,1510,0.1388
49,1468,1517,0.1388
54,1469,1523,0.1388
54,1471,1525,0.1388
51,1471,1522,0.1388
49,1469,1518,0.1388
48,1466,1514,0.1388
47,1465,1512,0.1388
46,1462,1508,0.1388
49,1471,1520,0.1388
48,1480,1528,0.1388
46,1489,1535,0.1388
48,1485,1533,0.1388
48,1486,1534,0.1388
48,1469,1517,0.1388
48,1466,1514,0.1388
47,1477,1524,0.1388
47,1485,1532,0.1388
46,1465,1511,0.1388
46,1476,1522,0.1388
46,1472,1518,0.1388
45,1469,1514,0.1388
48,1475,1523,0.1388
48,1477,1525,0.1388
46,1471,1517,0.1388
45,1471,1516,0.1388
47,1468,1515,0.1388
47,1460,1507,0.1388
44,1472,1516,0.1388
45,1459,1504,0.1388
46,1471,1517,0.1388
47,1479,1526,0.1388
47,1481,1528,0.1388
48,1471,1519,0.1388
48,1465,1513,0.1388
48,1462,1510,0.1388
50,1459,1509,0.1388
51,1459,1510,0.1388
51,1482,1533,0.1388
50,1487,1537,0.1388
52,1467,1519,0.1388
52,1479,1531,0.1388
50,1468,1518,0.1388
49,1474,1523,0.1388
49,1470,1519,0.1388
52,1470,1522,0.1388
51,1468,1519,0.1388
51,1469,1520,0.1388
52,1455,1507,0.1388
52,1470,1522,0.1388
51,1470,1521,0.1388
50,1473,1523,0.1388
49,1478,1527,0.1388
49,1475,1524,0.1388
50,1472,1522,0.1388
50,1469,1519,0.1388
49,1474,1523,0.1388
49,1466,1515,0.1388
49,1485,1534,0.1388
48,1458,1506,0.1388
47,1461,1508,0.1388
46,1468,1514,0.1388
46,1477,1523,0.1388
47,1482,1529,0.1388
43,1487,1530,0.1388
46,1497,1543,0.1388
48,1490,1538,0.1388
45,1488,1533,0.1388
45,1483,1528,0.1388
47,1481,1528,0.1388
47,1468,1515,0.1388
46,1471,1517,0.1388
48,1466,1514,0.1388
48,1463,1511,0.1388
46,1456,1502,0.1388
48,1454,1502,0.1388
48,1454,1502,0.1388
43,1450,1493,0.1388
47,1460,1507,0.1388
47,1463,1510,0.1388
50,1459,1509,0.1388
49,1473,1522,0.1388
45,1477,1522,0.1388
45,1468,1513,0.1388
43,1455,1498,0.1388
41,1473,1514,0.1388
46,1476,1522,0.1388
48,1462,1510,0.1388
47,1467,1514,0.1388
46,1459,1505,0.1388
47,1462,1509,0.1388
47,1470,1517,0.1388
47,1466,1513,0.1388
46,1473,1519,0.1388
47,1477,1524,0.1388
48,1478,1526,0.1388
48,1481,1529,0.1388
46,1469,1515,0.1388
45,1465,1510,0.1388
47,1461,1508,0.1388
47,1456,1503,0.1388
45,1462,1507,0.1388
46,1466,1512,0.1388
46,1463,1509,0.1388
45,1466,1511,0.1388
46,1469,1515,0.1388
47,1464,1511,0.1388
45,1464,1509,0.1388
45,1460,1505,0.1388
44,1466,1510,0.1388
44,1466,1510,0.1388
43,1475,1518,0.1388
43,1460,1503,0.1388
44,1458,1502,0.1388
45,1468,1513,0.1388
46,1478,1524,0.1388
45,1472,1517,0.1388
42,1480,1522,0.1388
45,1483,1528,0.1388
45,1480,1525,0.1388
45,1480,1525,0.1388
47,1477,1524,0.1388
47,1483,1530,0.1388
45,1474,1519,0.1388
44,1473,1517,0.1388
45,1478,1523,0.1388
42,1469,1511,0.1388
44,1469,1513,0.1388
44,1472,1516,0.1388
45,1473,1518,0.1388
45,1475,1520,0.1388
43,1471,1514,0.1388
41,1468,1509,0.1388
41,1470,1511,0.1388
44,1478,1522,0.1388
45,1476,1521,0.1388
44,1469,1513,0.1388
43,1459,1502,0.1388
42,1479,1521,0.1388
41,1478,1519,0.1388
40,1466,1506,0.1388
41,1444,1485,0.1388
43,1455,1498,0.1388
43,1473,1516,0.1388
44,1469,1513,0.1388
45,1472,1517,0.1388
45,1476,1521,0.1388
45,1465,1510,0.1388
45,1463,1508,0.1388
45,1470,1515,0.1388
43,1474,1517,0.1388
39,1473,1512,0.1388
42,1472,1514,0.1388
43,1475,1518,0.1388
40,1466,1506,0.1388
41,1481,1522,0.1388
39,1486,1525,0.1388
39,1492,1531,0.1388
40,1490,1530,0.1388
39,1495,1534,0.1388
40,1483,1523,0.1388
39,1476,1515,0.1388
40,1485,1525,0.1388
43,1483,1526,0.1388
41,1485,1526,0.1388
45,1475,1520,0.1388
43,1480,1523,0.1388
44,1469,1513,0.1388
44,1467,1511,0.1388
43,1475,1518,0.1388
44,1486,1530,0.1388
43,1476,1519,0.1388
41,1475,1516,0.1388
40,1480,1520,0.1388
37,1473,1510,0.1388
38,1478,1516,0.1388
37,1477,1514,0.1388
39,1482,1521,0.1388
41,1463,1504,0.1388
41,1469,1510,0.1388
41,1476,1517,0.1388
42,1475,1517,0.1388
40,1479,1519,0.1388
40,1469,1509,0.1388
42,1456,1498,0.1388
42,1459,1501,0.1388
42,1465,1507,0.1388
39,1470,1509,0.1388
39,1469,1508,0.1388
39,1460,1499,0.1388
39,1469,1508,0.1388
39,1480,1519,0.1388
38,1484,1522,0.1388
40,1478,1518,0.1388
39,1487,1526,0.1388
40,1486,1526,0.1388
40,1486,1526,0.1388
41,1481,1522,0.1388
41,1481,1522,0.1388
42,1477,1519,0.1388
41,1475,1516,0.1388
41,1485,1526,0.1388
40,1488,1528,0.1388
41,1486,1527,0.1388
41,1486,1527,0.1388
44,1477,1521,0.1388
42,1483,1525,0.1388
42,1493,1535,0.1388
41,1488,1529,0.1388
41,1491,1532,0.1388
41,1486,1527,0.1388
44,1482,1526,0.1388
45,1476,1521,0.1388
45,1480,1525,0.1388
42,1491,1533,0.1388
39,1488,1527,0.1388
40,1471,1511,0.1388
37,1463,1500,0.1388
35,1467,1502,0.1388
34,1462,1496,0.1388
34,1461,1495,0.1388
34,1460,1494,0.1388
34,1455,1489,0.1388
35,1461,1496,0.1388
35,1478,1513,0.1388
35,1485,1520,0.1388
36,1482,1518,0.1388
35,1472,1507,0.1388
36,1482,1518,0.1388
35,1485,1520,0.1388
36,1476,1512,0.1388
35,1477,1512,0.1388
36,1493,1529,0.1388
38,1498,1536,0.1388
39,1490,1529,0.1388
39,1478,1517,0.1388
39,1485,1524,0.1388
39,1481,1520,0.1388
39,1480,1519,0.1388
39,1476,1515,0.1388
37,1478,1515,0.1388
36,1480,1516,0.1388
33,1484,1517,0.1388
35,1476,1511,0.1388
34,1476,1510,0.1388
34,1481,1515,0.1388
35,1489,1524,0.1388
36,1487,1523,0.1388
37,1466,1503,0.1388
36,1486,1522,0.1388
36,1499,1535,0.1388
34,1495,1529,0.1388
34,1497,1531,0.1388
37,1499,1536,0.1388
37,1485,1522,0.1388
36,1482,1518,0.1388
36,1490,1526,0.1388
37,1500,1537,0.1388
38,1495,1533,0.1388
38,1503,1541,0.1388
36,1499,1535,0.1388
36,1502,1538,0.1388
36,1494,1530,0.1388
37,1483,1520,0.1388
37,1495,1532,0.1388
37,1485,1522,0.1388
37,1482,1519,0.1388
37,1470,1507,0.1388
37,1485,1522,0.1388
37,1475,1512,0.1388
39,1476,1515,0.1388
36,1477,1513,0.1388
35,1476,1511,0.1388
34,1479,1513,0.1388
35,1471,1506,0.1388
34,1477,1511,0.1388
32,1473,1505,0.1388
32,1475,1507,0.1388
36,1480,1516,0.1388
34,1482,1516,0.1388
36,1474,1510,0.1388
39,1460,1499,0.1388
36,1463,1499,0.1388
36,1465,1501,0.1388
36,1473,1509,0.1388
35,1459,1494,0.1388
38,1472,1510,0.1388
38,1485,1523,0.1388
37,1479,1516,0.1388
38,1476,1514,0.1388
36,1475,1511,0.1388
37,1480,1517,0.1388
36,1476,1512,0.1388
35,1486,1521,0.1388
36,1477,1513,0.1388
38,1469,1507,0.1388
36,1483,1519,0.1388
36,1472,1508,0.1388
37,1489,1526,0.1388
36,1498,1534,0.1388
35,1496,1531,0.1388
34,1500,1534,0.1388
36,1498,1534,0.1388
37,1483,1520,0.1388
36,1480,1516,0.1388
34,1489,1523,0.1388
32,1489,1521,0.1388
32,1483,1515,0.1388
32,1487,1519,0.1388
31,1491,1522,0.1388
31,1480,1511,0.1388
32,1498,1530,0.1388
31,1495,1526,0.1388
34,1492,1526,0.1388
32,1493,1525,0.1388
33,1486,1519,0.1388
34,1485,1519,0.1388
33,1486,1519,0.1388
34,1485,1519,0.1388
33,1481,1514,0.1388
33,1469,1502,0.1388
33,1470,1503,0.1388
32,1468,1500,0.1388
33,1463,1496,0.1388
34,1461,1495,0.1388
37,1475,1512,0.1388
36,1469,1505,0.1388
34,1465,1499,0.1388
36,1471,1507,0.1388
37,1472,1509,0.1388
38,1486,1524,0.1388
37,1462,1499,0.1388
37,1461,1498,0.1388
35,1468,1503,0.1388
36,1477,1513,0.1388
36,1492,1528,0.1388
35,1494,1529,0.1388
34,1492,1526,0.1388
34,1485,1519,0.1388
32,1483,1515,0.1388
34,1481,1515,0.1388
33,1476,1509,0.1388
33,1482,1515,0.1388
34,1469,1503,0.1388
33,1474,1507,0.1388
33,1475,1508,0.1388
33,1461,1494,0.1388
32,1474,1506,0.1388
35,1483,1518,0.1388
34,1490,1524,0.1388
35,1497,1532,0.1388
36,1479,1515,0.1388
32,1478,1510,0.1388
33,1487,1520,0.1388
33,1492,1525,0.1388
33,1480,1513,0.1388
31,1481,1512,0.1388
30,1474,1504,0.1388
31,1467,1498,0.1388
30,1473,1503,0.1388
32,1460,1492,0.1388
33,1490,1523,0.1388
32,1478,1510,0.1388
32,1487,1519,0.1388
33,1480,1513,0.1388
33,1472,1505,0.1388
33,1473,1506,0.1388
33,1482,1515,0.1388
33,1486,1519,0.1388
32,1491,1523,0.1388
32,1498,1530,0.1388
31,1481,1512,0.1388
31,1491,1522,0.1388
32,1483,1515,0.1388
33,1473,1506,0.1388
33,1467,1500,0.1388
31,1471,1502,0.1388
30,1476,1506,0.1388
31,1479,1510,0.1388
30,1493,1523,0.1388
30,1476,1506,0.1388
30,1472,1502,0.1388
27,1470,1497,0.1388
26,1487,1513,0.1388
25,1487,1512,0.1388
27,1491,1518,0.1388
28,1486,1514,0.1388
27,1492,1519,0.1388
28,1488,1516,0.1388
29,1490,1519,0.1388
27,1496,1523,0.1388
26,1507,1533,0.1388
29,1494,1523,0.1388
30,1502,1532,0.1388
29,1507,1536,0.1388
29,1502,1531,0.1388
28,1500,1528,0.1388
28,1496,1524,0.1388
28,1485,1513,0.1388
27,1487,1514,0.1388
27,1488,1515,0.1388
26,1482,1508,0.1388
27,1477,1504,0.1388
27,1482,1509,0.1388
27,1495,1522,0.1388
27,1489,1516,0.1388
27,1486,1513,0.1388
27,1480,1507,0.1388
25,1488,1513,0.1388
24,1488,1512,0.1388
28,1489,1517,0.1388
27,1502,1529,0.1388
27,1502,1529,0.1388
27,1487,1514,0.1388
23,1492,1515,0.1388
25,1490,1515,0.1388
25,1490,1515,0.1388
25,1487,1512,0.1388
25,1490,1515,0.1388
26,1486,1512,0.1388
26,1483,1509,0.1388
24,1487,1511,0.1388
25,1492,1517,0.1388
25,1491,1516,0.1388
25,1494,1519,0.1388
23,1503,1526,0.1388
22,1492,1514,0.1388
22,1498,1520,0.1388
23,1503,1526,0.1388
23,1487,1510,0.1388
21,1485,1506,0.1388
19,1482,1501,0.1388
19,1498,1517,0.1388
19,1501,1520,0.1388
19,1513,1532,0.1388
19,1498,1517,0.1388
19,1491,1510,0.1388
20,1485,1505,0.1388
21,1485,1506,0.1388
21,1493,1514,0.1388
21,1497,1518,0.1388
21,1509,1530,0.1388
20,1505,1525,0.1388
20,1498,1518,0.1388
18,1486,1504,0.1388
19,1498,1517,0.1388
19,1498,1517,0.1388
19,1499,1518,0.1388
18,1488,1506,0.1388
19,1491,1510,0.1388
20,1491,1511,0.1388
21,1489,1510,0.1388
21,1495,1516,0.1388
20,1495,1515,0.1388
20,1504,1524,0.1388
19,1497,1516,0.1388
19,1487,1506,0.1388
19,1484,1503,0.1388
18,1489,1507,0.1388
18,1489,1507,0.1388
20,1491,1511,0.1388
19,1482,1501,0.1388
19,1487,1506,0.1388
19,1484,1503,0.1388
19,1474,1493,0.1388
19,1482,1501,0.1388
19,1480,1499,0.1388
20,1486,1506,0.1388
20,1490,1510,0.1388
20,1498,1518,0.1388
21,1492,1513,0.1388
21,1498,1519,0.1388
21,1507,1528,0.1388
19,1498,1517,0.1388
17,1500,1517,0.1388
17,1492,1509,0.1388
18,1482,1500,0.1388
18,1486,1504,0.1388
18,1492,1510,0.1388
18,1500,1518,0.1388
18,1497,1515,0.1388
17,1493,1510,0.1388
15,1500,1515,0.1388
12,1497,1509,0.1388
12,1499,1511,0.1388
12,1503,1515,0.1388
12,1498,1510,0.1388
12,1487,1499,0.1388
12,1501,1513,0.1388
13,1500,1513,0.1388
15,1504,1519,0.1388
15,1500,1515,0.1388
15,1494,1509,0.1388
15,1498,1513,0.1388
15,1505,1520,0.1388
14,1512,1526,0.1388
12,1511,1523,0.1388
12,1505,1517,0.1388
14,1499,1513,0.1388
17,1507,1524,0.1388
18,1496,1514,0.1388
15,1497,1512,0.1388
14,1503,1517,0.1388
13,1512,1525,0.1388
13,1503,1516,0.1388
13,1500,1513,0.1388
13,1519,1532,0.1388
13,1515,1528,0.1388
11,1498,1509,0.1388
13,1505,1518,0.1388
13,1505,1518,0.1388
13,1512,1525,0.1388
13,1506,1519,0.1388
13,1515,1528,0.1388
13,1497,1510,0.1388
13,1492,1505,0.1388
12,1504,1516,0.1388
13,1505,1518,0.1388
13,1514,1527,0.1388
12,1527,1539,0.1388
12,1529,1541,0.1388
12,1530,1542,0.1388
12,1529,1541,0.1388
11,1532,1543,0.1388
12,1517,1529,0.1388
12,1526,1538,0.1388
12,1506,1518,0.1388
12,1499,1511,0.1388
12,1496,1508,0.1388
12,1495,1507,0.1388
12,1492,1504,0.1388
12,1503,1515,0.1388
12,1508,1520,0.1388
11,1510,1521,0.1388
11,1511,1522,0.1388
11,1521,1532,0.1388
11,1518,1529,0.1388
11,1518,1529,0.1388
12,1518,1530,0.1388
11,1507,1518,0.1388
11,1507,1518,0.1388
11,1503,1514,0.1388
11,1516,1527,0.1388
11,1514,1525,0.1388
11,1514,1525,0.1388
11,1504,1515,0.1388
11,1515,1526,0.1388
11,1507,1518,0.1388
11,1514,1525,0.1388
11,1511,1522,0.1388
11,1511,1522,0.1388
11,1501,1512,0.1388
11,1508,1519,0.1388
10,1501,1511,0.1388
9,1501,1510,0.1388
9,1517,1526,0.1388
9,1516,1525,0.1388
8,1515,1523,0.1388
8,1514,1522,0.1388
8,1515,1523,0.1388
8,1515,1523,0.1388
7,1513,1520,0.1388
8,1504,1512,0.1388
8,1496,1504,0.1388
9,1502,1511,0.1388
10,1499,1509,0.1388
11,1506,1517,0.1388
11,1504,1515,0.1388
11,1502,1513,0.1388
9,1506,1515,0.1388
9,1511,1520,0.1388
10,1508,1518,0.1388
10,1500,1510,0.1388
10,1498,1508,0.1388
10,1510,1520,0.1388
10,1499,1509,0.1388
10,1510,1520,0.1388
9,1508,1517,0.1388
9,1504,1513,0.1388
10,1507,1517,0.1388
10,1512,1522,0.1388
10,1501,1511,0.1388
10,1507,1517,0.1388
10,1502,1512,0.1388
10,1501,1511,0.1388
10,1511,1521,0.1388
10,1515,1525,0.1388
9,1509,1518,0.1388
9,1511,1520,0.1388
9,1505,1514,0.1388
9,1508,1517,0.1388
10,1504,1514,0.1388
9,1510,1519,0.1388
8,1499,1507,0.1388
7,1501,1508,0.1388
7,1507,1514,0.1388
7,1511,1518,0.1388
7,1518,1525,0.1388
7,1526,1533,0.1388
7,1520,1527,0.1388
7,1525,1532,0.1388
7,1514,1521,0.1388
7,1519,1526,0.1388
7,1514,1521,0.1388
7,1511,1518,0.1388
7,1512,1519,0.1388
6,1506,1512,0.1388
7,1513,1520,0.1388
7,1521,1528,0.1388
6,1507,1513,0.1388
6,1524,1530,0.1388
6,1515,1521,0.1388
6,1516,1522,0.1388
6,1518,1524,0.1388
6,1505,1511,0.1388
6,1514,1520,0.1388
5,1514,1519,0.1388
3,1519,1522,0.1388
3,1512,1515,0.1388
3,1505,1508,0.1388
3,1496,1499,0.1388
3,1510,1513,0.1388
3,1517,1520,0.1388
3,1523,1526,0.1388
3,1507,1510,0.1388
4,1501,1505,0.1388
4,1512,1516,0.1388
4,1500,1504,0.1388
4,1511,1515,0.1388
4,1498,1502,0.1388
4,1509,1513,0.1388
4,1507,1511,0.1388
4,1506,1510,0.1388
4,1500,1504,0.1388
4,1507,1511,0.1388
4,1504,1508,0.1388
4,1511,1515,0.1388
4,1510,1514,0.1388
4,1521,1525,0.1388
4,1522,1526,0.1388
4,1531,1535,0.1388
4,1520,1524,0.1388
4,1538,1542,0.1388
4,1525,1529,0.1388
4,1518,1522,0.1388
4,1509,1513,0.1388
4,1523,1527,0.1388
4,1531,1535,0.1388
4,1524,1528,0.1388
3,1512,1515,0.1388
4,1509,1513,0.1388
4,1502,1506,0.1388
4,1504,1508,0.1388
4,1512,1516,0.1388
4,1503,1507,0.1388
4,1521,1525,0.1388
4,1515,1519,0.1388
3,1511,1514,0.1388
3,1506,1509,0.1388
4,1513,1517,0.1388
4,1521,1525,0.1388
4,1521,1525,0.1388
4,1526,1530,0.1388
4,1517,1521,0.1388
5,1514,1519,0.1388
5,1521,1526,0.1388
5,1531,1536,0.1388
5,1527,1532,0.1388
5,1519,1524,0.1388
6,1520,1526,0.1388
6,1514,1520,0.1388
6,1501,1507,0.1388
5,1512,1517,0.1388
6,1514,1520,0.1388
5,1515,1520,0.1388
5,1507,1512,0.1388
5,1514,1519,0.1388
6,1519,1525,0.1388
6,1514,1520,0.1388
6,1501,1507,0.1388
6,1493,1499,0.1388
6,1498,1504,0.1388
6,1518,1524,0.1388
6,1513,1519,0.1388
6,1506,1512,0.1388
6,1501,1507,0.1388
6,1506,1512,0.1388
6,1504,1510,0.1388
6,1503,1509,0.1388
6,1510,1516,0.1388
5,1506,1511,0.1388
6,1502,1508,0.1388
6,1498,1504,0.1388
6,1493,1499,0.1388
6,1500,1506,0.1388
6,1510,1516,0.1388
6,1503,1509,0.1388
6,1507,1513,0.1388
5,1491,1496,0.1388
6,1503,1509,0.1388
6,1503,1509,0.1388
6,1503,1509,0.1388
7,1502,1509,0.1388
7,1511,1518,0.1388
7,1506,1513,0.1388
7,1500,1507,0.1388
7,1509,1516,0.1388
7,1518,1525,0.1388
5,1517,1522,0.1388
5,1514,1519,0.1388
6,1517,1523,0.1388
7,1511,1518,0.1388
7,1507,1514,0.1388
7,1517,1524,0.1388
6,1524,1530,0.1388
3,1520,1523,0.1388
5,1520,1525,0.1388
5,1525,1530,0.1388
5,1523,1528,0.1388
5,1506,1511,0.1388
5,1506,1511,0.1388
5,1514,1519,0.1388
5,1505,1510,0.1388
5,1506,1511,0.1388
6,1507,1513,0.1388
6,1518,1524,0.1388
6,1520,1526,0.1388
6,1520,1526,0.1388
6,1509,1515,0.1388
7,1502,1509,0.1388
7,1503,1510,0.1388
7,1504,1511,0.1388
8,1504,1512,0.1388
8,1511,1519,0.1388
8,1523,1531,0.1388
8,1517,1525,0.1388
8,1518,1526,0.1388
8,1512,1520,0.1388
7,1511,1518,0.1388
7,1515,1522,0.1388
7,1504,1511,0.1388
7,1522,1529,0.1388
7,1531,1538,0.1388
8,1536,1544,0.1388
8,1528,1536,0.1388
8,1516,1524,0.1388
8,1509,1517,0.1388
8,1494,1502,0.1388
8,1503,1511,0.1388
7,1512,1519,0.1388
7,1494,1501,0.1388
7,1504,1511,0.1388
7,1508,1515,0.1388
7,1492,1499,0.1388
7,1500,1507,0.1388
7,1503,1510,0.1388
6,1499,1505,0.1388
5,1500,1505,0.1388
5,1509,1514,0.1388
5,1517,1522,0.1388
5,1518,1523,0.1388
5,1517,1522,0.1388
5,1509,1514,0.1388
5,1517,1522,0.1388
5,1502,1507,0.1388
5,1514,1519,0.1388
5,1503,1508,0.1388
5,1505,1510,0.1388
5,1498,1503,0.1388
4,1521,1525,0.1388
5,1511,1516,0.1388
4,1514,1518,0.1388
4,1516,1520,0.1388
4,1516,1520,0.1388
4,1510,1514,0.1388
2,1515,1517,0.1388
2,1525,1527,0.1388
2,1520,1522,0.1388
2,1514,1516,0.1388
2,1513,1515,0.1388
1,1513,1514,0.1388
1,1513,1514,0.1388
1,1527,1528,0.1388
1,1521,1522,0.1388
1,1517,1518,0.1388
1,1514,1515,0.1388
1,1500,1501,0.1388
1,1502,1503,0.1388
1,1513,1514,0.1388
1,1506,1507,0.1388
1,1512,1513,0.1388
1,1511,1512,0.1388
1,1506,1507,0.1388
1,1507,1508,0.1388
1,1508,1509,0.1388
1,1510,1511,0.1388
1,1520,1521,0.1388
1,1519,1520,0.1388
2,1529,1531,0.1388
2,1537,1539,0.1388
2,1525,1527,0.1388
2,1510,1512,0.1388
2,1505,1507,0.1388
2,1498,1500,0.1388
3,1507,1510,0.1388
3,1513,1516,0.1388
3,1522,1525,0.1388
3,1517,1520,0.1388
3,1503,1506,0.1388
2,1490,1492,0.1388
2,1506,1508,0.1388
2,1504,1506,0.1388
1,1510,1511,0.1388
1,1508,1509,0.1388
1,1510,1511,0.1388
1,1510,1511,0.1388
1,1528,1529,0.1388
1,1530,1531,0.1388
1,1520,1521,0.1388
1,1514,1515,0.1388
1,1509,1510,0.1388
1,1515,1516,0.1388
1,1520,1521,0.1388
1,1512,1513,0.1388
1,1515,1516,0.1388
1,1506,1507,0.1388
1,1510,1511,0.1388
2,1509,1511,0.1388
2,1508,1510,0.1388
2,1503,1505,0.1388
2,1508,1510,0.1388
2,1516,1518,0.1388
2,1531,1533,0.1388
2,1517,1519,0.1388
2,1506,1508,0.1388
2,1519,1521,0.1388
2,1501,1503,0.1388
2,1509,1511,0.1388
2,1514,1516,0.1388
2,1518,1520,0.1388
2,1521,1523,0.1388
2,1518,1520,0.1388
2,1527,1529,0.1388
2,1527,1529,0.1388
2,1519,1521,0.1388
2,1505,1507,0.1388
2,1511,1513,0.1388
2,1517,1519,0.1388
2,1511,1513,0.1388
2,1512,1514,0.1388
2,1516,1518,0.1388
2,1503,1505,0.1388
2,1518,1520,0.1388
2,1520,1522,0.1388
2,1521,1523,0.1388
2,1518,1520,0.1388
2,1516,1518,0.1388
1,1513,1514,0.1388
1,1514,1515,0.1388
0,1509,1509,0.1388
