1351,26,1377,0.1388
1412,26,1438,0.1388
1445,24,1469,0.1388
1458,24,1482,0.1388
1465,24,1489,0.1388
1470,24,1494,0.1388
1474,25,1499,0.1388
1466,26,1492,0.1388
1478,27,1505,0.1388
1479,27,1506,0.1388
1473,28,1501,0.1388
1470,28,1498,0.1388
1456,26,1482,0.1388
1465,25,1490,0.1388
1471,24,1495,0.1388
1474,24,1498,0.1388
1476,23,1499,0.1388
1471,22,1493,0.1388
1461,22,1483,0.1388
1453,22,1475,0.1388
1438,24,1462,0.1388
1431,23,1454,0.1388
1431,23,1454,0.1388
1438,23,1461,0.1388
1442,23,1465,0.1388
1450,24,1474,0.1388
1457,23,1480,0.1388
1446,23,1469,0.1388
1460,21,1481,0.1388
1459,20,1479,0.1388
1480,22,1502,0.1388
1467,22,1489,0.1388
1462,19,1481,0.1388
1467,20,1487,0.1388
1487,20,1507,0.1388
1493,20,1513,0.1388
1477,21,1498,0.1388
1476,22,1498,0.1388
1455,22,1477,0.1388
1460,23,1483,0.1388
1458,22,1480,0.1388
1455,23,1478,0.1388
1452,22,1474,0.1388
1452,23,1475,0.1388
1469,24,1493,0.1388
1466,23,1489,0.1388
1458,22,1480,0.1388
1456,24,1480,0.1388
1469,24,1493,0.1388
1456,23,1479,0.1388
1464,23,1487,0.1388
1466,23,1489,0.1388
1464,23,1487,0.1388
1473,23,1496,0.1388
1465,23,1488,0.1388
1458,23,1481,0.1388
1464,24,1488,0.1388
1465,24,1489,0.1388
1470,24,1494,0.1388
1477,24,1501,0.1388
1464,25,1489,0.1388
1455,25,1480,0.1388
1473,25,1498,0.1388
1484,25,1509,0.1388
1478,24,1502,0.1388
1473,26,1499,0.1388
1464,27,1491,0.1388
1454,28,1482,0.1388
1463,28,1491,0.1388
1470,28,1498,0.1388
1461,28,1489,0.1388
1457,26,1483,0.1388
1458,26,1484,0.1388
1457,25,1482,0.1388
1455,24,1479,0.1388
1446,27,1473,0.1388
1457,30,1487,0.1388
1464,30,1494,0.1388
1452,30,1482,0.1388
1446,29,1475,0.1388
1456,31,1487,0.1388
1450,29,1479,0.1388
1459,33,1492,0.1388
1442,32,1474,0.1388
1453,34,1487,0.1388
1457,34,1491,0.1388
1461,33,1494,0.1388
1464,34,1498,0.1388
1450,36,1486,0.1388
1456,37,1493,0.1388
1448,39,1487,0.1388
1452,40,1492,0.1388
1457,40,1497,0.1388
1453,40,1493,0.1388
1463,39,1502,0.1388
1463,37,1500,0.1388
1471,39,1510,0.1388
1485,39,1524,0.1388
1477,38,1515,0.1388
1470,39,1509,0.1388
1452,39,1491,0.1388
1448,38,1486,0.1388
1459,40,1499,0.1388
1453,44,1497,0.1388
1465,43,1508,0.1388
1452,43,1495,0.1388
1438,43,1481,0.1388
1445,42,1487,0.1388
1447,42,1489,0.1388
1450,45,1495,0.1388
1453,44,1497,0.1388
1448,45,1493,0.1388
1450,45,1495,0.1388
1447,50,1497,0.1388
1445,50,1495,0.1388
1441,50,1491,0.1388
1452,51,1503,0.1388
1452,52,1504,0.1388
1458,52,1510,0.1388
1445,50,1495,0.1388
1441,50,1491,0.1388
1436,51,1487,0.1388
1431,51,1482,0.1388
1442,54,1496,0.1388
1440,56,1496,0.1388
1448,58,1506,0.1388
1443,56,1499,0.1388
1423,56,1479,0.1388
1424,58,1482,0.1388
1435,60,1495,0.1388
1426,60,1486,0.1388
1421,59,1480,0.1388
1428,59,1487,0.1388
1428,57,1485,0.1388
1422,56,1478,0.1388
1427,60,1487,0.1388
1427,59,1486,0.1388
1430,60,1490,0.1388
1443,58,1501,0.1388
1451,59,1510,0.1388
1452,59,1511,0.1388
1452,60,1512,0.1388
1438,58,1496,0.1388
1431,57,1488,0.1388
1430,58,1488,0.1388
1440,58,1498,0.1388
1441,60,1501,0.1388
1436,59,1495,0.1388
1428,62,1490,0.1388
1426,62,1488,0.1388
1432,62,1494,0.1388
1437,62,1499,0.1388
1440,62,1502,0.1388
1433,60,1493,0.1388
1437,60,1497,0.1388
1434,59,1493,0.1388
1442,60,1502,0.1388
1450,63,1513,0.1388
1439,63,1502,0.1388
1433,67,1500,0.1388
1430,67,1497,0.1388
1431,68,1499,0.1388
1440,69,1509,0.1388
1424,66,1490,0.1388
1429,65,1494,0.1388
1437,71,1508,0.1388
1431,73,1504,0.1388
1419,72,1491,0.1388
1421,77,1498,0.1388
1416,76,1492,0.1388
1419,75,1494,0.1388
1421,79,1500,0.1388
1413,78,1491,0.1388
1414,79,1493,0.1388
1414,78,1492,0.1388
1420,79,1499,0.1388
1408,81,1489,0.1388
1413,82,1495,0.1388
1413,85,1498,0.1388
1421,85,1506,0.1388
1418,87,1505,0.1388
1412,88,1500,0.1388
1404,91,1495,0.1388
1402,92,1494,0.1388
1393,91,1484,0.1388
1401,92,1493,0.1388
1403,93,1496,0.1388
1401,93,1494,0.1388
1392,90,1482,0.1388
1385,92,1477,0.1388
1407,90,1497,0.1388
1420,91,1511,0.1388
1418,88,1506,0.1388
1414,95,1509,0.1388
1406,96,1502,0.1388
1400,94,1494,0.1388
1392,94,1486,0.1388
1398,90,1488,0.1388
1411,91,1502,0.1388
1408,95,1503,0.1388
1398,99,1497,0.1388
1402,100,1502,0.1388
1409,102,1511,0.1388
1399,100,1499,0.1388
1390,102,1492,0.1388
1376,106,1482,0.1388
1371,108,1479,0.1388
1366,109,1475,0.1388
1381,110,1491,0.1388
1371,110,1481,0.1388
1369,107,1476,0.1388
1383,110,1493,0.1388
1375,105,1480,0.1388
1390,106,1496,0.1388
1388,105,1493,0.1388
1373,105,1478,0.1388
1366,107,1473,0.1388
1361,106,1467,0.1388
1381,104,1485,0.1388
1381,107,1488,0.1388
1394,111,1505,0.1388
1393,111,1504,0.1388
1400,115,1515,0.1388
1379,115,1494,0.1388
1370,117,1487,0.1388
1363,115,1478,0.1388
1371,116,1487,0.1388
1387,118,1505,0.1388
1395,116,1511,0.1388
1385,114,1499,0.1388
1384,114,1498,0.1388
1388,113,1501,0.1388
1397,116,1513,0.1388
1395,118,1513,0.1388
1401,118,1519,0.1388
1391,119,1510,0.1388
1381,118,1499,0.1388
1384,121,1505,0.1388
1373,122,1495,0.1388
1367,121,1488,0.1388
1367,122,1489,0.1388
1367,124,1491,0.1388
1382,125,1507,0.1388
1386,126,1512,0.1388
1384,125,1509,0.1388
1388,125,1513,0.1388
1369,127,1496,0.1388
1372,126,1498,0.1388
1365,130,1495,0.1388
1370,131,1501,0.1388
1369,133,1502,0.1388
1375,134,1509,0.1388
1354,138,1492,0.1388
1347,141,1488,0.1388
1356,137,1493,0.1388
1352,140,1492,0.1388
1352,138,1490,0.1388
1355,143,1498,0.1388
1355,145,1500,0.1388
1349,146,1495,0.1388
1344,146,1490,0.1388
1339,146,1485,0.1388
1333,147,1480,0.1388
1328,154,1482,0.1388
1329,154,1483,0.1388
1335,156,1491,0.1388
1340,159,1499,0.1388
1328,163,1491,0.1388
1318,163,1481,0.1388
1315,162,1477,0.1388
1329,169,1498,0.1388
1333,168,1501,0.1388
1329,167,1496,0.1388
1333,166,1499,0.1388
1325,165,1490,0.1388
1322,164,1486,0.1388
1323,166,1489,0.1388
1324,168,1492,0.1388
1326,168,1494,0.1388
1315,171,1486,0.1388
1319,172,1491,0.1388
1322,168,1490,0.1388
1334,167,1501,0.1388
1320,171,1491,0.1388
1316,177,1493,0.1388
1325,179,1504,0.1388
1306,181,1487,0.1388
1307,184,1491,0.1388
1303,180,1483,0.1388
1293,184,1477,0.1388
1303,186,1489,0.1388
1310,185,1495,0.1388
1302,185,1487,0.1388
1300,187,1487,0.1388
1292,188,1480,0.1388
1302,189,1491,0.1388
1302,179,1481,0.1388
1294,181,1475,0.1388
1294,187,1481,0.1388
1306,188,1494,0.1388
1312,187,1499,0.1388
1318,184,1502,0.1388
1304,188,1492,0.1388
1286,187,1473,0.1388
1297,191,1488,0.1388
1301,190,1491,0.1388
1284,191,1475,0.1388
1298,190,1488,0.1388
1290,193,1483,0.1388
1298,189,1487,0.1388
1311,193,1504,0.1388
1300,191,1491,0.1388
1301,195,1496,0.1388
1304,193,1497,0.1388
1298,190,1488,0.1388
1280,199,1479,0.1388
1280,200,1480,0.1388
1281,199,1480,0.1388
1290,201,1491,0.1388
1277,203,1480,0.1388
1288,210,1498,0.1388
1292,211,1503,0.1388
1273,211,1484,0.1388
1282,214,1496,0.1388
1271,210,1481,0.1388
1274,210,1484,0.1388
1280,209,1489,0.1388
1290,210,1500,0.1388
1283,207,1490,0.1388
1290,210,1500,0.1388
1290,210,1500,0.1388
1287,209,1496,0.1388
1291,209,1500,0.1388
1299,211,1510,0.1388
1288,208,1496,0.1388
1281,203,1484,0.1388
1281,201,1482,0.1388
1286,201,1487,0.1388
1282,205,1487,0.1388
1295,204,1499,0.1388
1286,202,1488,0.1388
1297,205,1502,0.1388
1285,210,1495,0.1388
1275,214,1489,0.1388
1267,207,1474,0.1388
1279,211,1490,0.1388
1275,215,1490,0.1388
1269,223,1492,0.1388
1273,225,1498,0.1388
1262,226,1488,0.1388
1262,226,1488,0.1388
1251,227,1478,0.1388
1250,224,1474,0.1388
1258,228,1486,0.1388
1261,229,1490,0.1388
1267,223,1490,0.1388
1258,223,1481,0.1388
1258,222,1480,0.1388
1271,230,1501,0.1388
1268,233,1501,0.1388
1271,229,1500,0.1388
1275,226,1501,0.1388
1272,227,1499,0.1388
1277,221,1498,0.1388
1278,229,1507,0.1388
1289,233,1522,0.1388
1275,235,1510,0.1388
1255,235,1490,0.1388
1252,242,1494,0.1388
1258,244,1502,0.1388
1261,247,1508,0.1388
1250,247,1497,0.1388
1254,245,1499,0.1388
1250,252,1502,0.1388
1252,249,1501,0.1388
1252,250,1502,0.1388
1241,252,1493,0.1388
1241,259,1500,0.1388
1240,260,1500,0.1388
1243,260,1503,0.1388
1233,261,1494,0.1388
1246,263,1509,0.1388
1240,260,1500,0.1388
1245,257,1502,0.1388
1237,264,1501,0.1388
1230,260,1490,0.1388
1228,261,1489,0.1388
1220,264,1484,0.1388
1217,270,1487,0.1388
1223,272,1495,0.1388
1212,273,1485,0.1388
1214,274,1488,0.1388
1210,280,1490,0.1388
1204,277,1481,0.1388
1205,281,1486,0.1388
1206,280,1486,0.1388
1203,281,1484,0.1388
1209,283,1492,0.1388
1222,284,1506,0.1388
1215,285,1500,0.1388
1209,285,1494,0.1388
1210,283,1493,0.1388
1202,282,1484,0.1388
1203,281,1484,0.1388
1224,280,1504,0.1388
1222,284,1506,0.1388
1224,288,1512,0.1388
1224,289,1513,0.1388
1225,292,1517,0.1388
1215,293,1508,0.1388
1207,295,1502,0.1388
1216,299,1515,0.1388
1211,298,1509,0.1388
1207,295,1502,0.1388
1213,307,1520,0.1388
1215,304,1519,0.1388
1210,296,1506,0.1388
1198,298,1496,0.1388
1184,301,1485,0.1388
1179,306,1485,0.1388
1193,303,1496,0.1388
1190,308,1498,0.1388
1191,309,1500,0.1388
1198,307,1505,0.1388
1185,312,1497,0.1388
1174,315,1489,0.1388
1173,318,1491,0.1388
1174,318,1492,0.1388
1190,324,1514,0.1388
1189,322,1511,0.1388
1188,325,1513,0.1388
1178,326,1504,0.1388
1185,327,1512,0.1388
1180,327,1507,0.1388
1174,327,1501,0.1388
1187,329,1516,0.1388
1173,330,1503,0.1388
1165,330,1495,0.1388
1163,334,1497,0.1388
1158,335,1493,0.1388
1164,335,1499,0.1388
1155,334,1489,0.1388
1162,335,1497,0.1388
1159,333,1492,0.1388
1162,341,1503,0.1388
1159,342,1501,0.1388
1153,332,1485,0.1388
1155,329,1484,0.1388
1149,332,1481,0.1388
1149,341,1490,0.1388
1155,347,1502,0.1388
1166,349,1515,0.1388
1150,344,1494,0.1388
1148,343,1491,0.1388
1146,346,1492,0.1388
1156,353,1509,0.1388
1153,347,1500,0.1388
1148,342,1490,0.1388
1146,341,1487,0.1388
1151,344,1495,0.1388
1165,340,1505,0.1388
1176,337,1513,0.1388
1166,337,1503,0.1388
1169,329,1498,0.1388
1165,331,1496,0.1388
1159,335,1494,0.1388
1175,333,1508,0.1388
1168,334,1502,0.1388
1167,335,1502,0.1388
1164,332,1496,0.1388
1182,331,1513,0.1388
1172,335,1507,0.1388
1172,349,1521,0.1388
1164,350,1514,0.1388
1155,347,1502,0.1388
1145,347,1492,0.1388
1140,343,1483,0.1388
1143,345,1488,0.1388
1152,348,1500,0.1388
1147,353,1500,0.1388
1148,351,1499,0.1388
1150,354,1504,0.1388
1141,355,1496,0.1388
1154,358,1512,0.1388
1154,358,1512,0.1388
1154,357,1511,0.1388
1154,352,1506,0.1388
1144,357,1501,0.1388
1147,357,1504,0.1388
1148,366,1514,0.1388
1153,366,1519,0.1388
1147,364,1511,0.1388
1155,364,1519,0.1388
1157,368,1525,0.1388
1146,362,1508,0.1388
1144,361,1505,0.1388
1138,365,1503,0.1388
1142,361,1503,0.1388
1138,355,1493,0.1388
1128,361,1489,0.1388
1120,362,1482,0.1388
1111,364,1475,0.1388
1111,366,1477,0.1388
1115,370,1485,0.1388
1117,377,1494,0.1388
1117,380,1497,0.1388
1119,377,1496,0.1388
1126,373,1499,0.1388
1121,372,1493,0.1388
1111,374,1485,0.1388
1119,381,1500,0.1388
1121,382,1503,0.1388
1119,386,1505,0.1388
1123,390,1513,0.1388
1130,388,1518,0.1388
1107,384,1491,0.1388
1106,385,1491,0.1388
1115,389,1504,0.1388
1115,383,1498,0.1388
1112,375,1487,0.1388
1116,377,1493,0.1388
1112,373,1485,0.1388
1112,379,1491,0.1388
1122,384,1506,0.1388
1126,382,1508,0.1388
1126,386,1512,0.1388
1106,389,1495,0.1388
1107,389,1496,0.1388
1117,389,1506,0.1388
1108,393,1501,0.1388
1103,393,1496,0.1388
1107,394,1501,0.1388
1109,396,1505,0.1388
1107,389,1496,0.1388
1111,393,1504,0.1388
1099,396,1495,0.1388
1096,399,1495,0.1388
1085,400,1485,0.1388
1090,401,1491,0.1388
1099,403,1502,0.1388
1101,400,1501,0.1388
1101,402,1503,0.1388
1119,401,1520,0.1388
1109,401,1510,0.1388
1101,400,1501,0.1388
1099,397,1496,0.1388
1091,398,1489,0.1388
1093,397,1490,0.1388
1098,403,1501,0.1388
1097,408,1505,0.1388
1090,409,1499,0.1388
1079,409,1488,0.1388
1076,411,1487,0.1388
1079,414,1493,0.1388
1093,415,1508,0.1388
1083,417,1500,0.1388
1083,420,1503,0.1388
1077,417,1494,0.1388
1077,417,1494,0.1388
1081,422,1503,0.1388
1085,420,1505,0.1388
1081,419,1500,0.1388
1070,421,1491,0.1388
1070,424,1494,0.1388
1068,416,1484,0.1388
1065,406,1471,0.1388
1077,407,1484,0.1388
1079,414,1493,0.1388
1076,420,1496,0.1388
1077,424,1501,0.1388
1074,420,1494,0.1388
1068,424,1492,0.1388
1070,421,1491,0.1388
1060,421,1481,0.1388
1052,427,1479,0.1388
1062,431,1493,0.1388
1059,432,1491,0.1388
1056,436,1492,0.1388
1064,437,1501,0.1388
1060,439,1499,0.1388
1074,432,1506,0.1388
1076,427,1503,0.1388
1072,435,1507,0.1388
1068,439,1507,0.1388
1067,434,1501,0.1388
1063,434,1497,0.1388
1056,436,1492,0.1388
1052,439,1491,0.1388
1056,441,1497,0.1388
1052,435,1487,0.1388
1048,435,1483,0.1388
1054,439,1493,0.1388
1061,441,1502,0.1388
1059,442,1501,0.1388
1052,435,1487,0.1388
1049,436,1485,0.1388
1063,440,1503,0.1388
1054,450,1504,0.1388
1058,453,1511,0.1388
1061,452,1513,0.1388
1058,444,1502,0.1388
1055,445,1500,0.1388
1064,448,1512,0.1388
1051,450,1501,0.1388
1053,440,1493,0.1388
1063,436,1499,0.1388
1062,440,1502,0.1388
1074,442,1516,0.1388
1071,437,1508,0.1388
1070,429,1499,0.1388
1070,425,1495,0.1388
1070,428,1498,0.1388
1070,431,1501,0.1388
1056,437,1493,0.1388
1052,442,1494,0.1388
1046,439,1485,0.1388
1045,444,1489,0.1388
1052,444,1496,0.1388
1040,447,1487,0.1388
1031,449,1480,0.1388
1032,445,1477,0.1388
1044,441,1485,0.1388
1044,437,1481,0.1388
1037,444,1481,0.1388
1039,446,1485,0.1388
1040,444,1484,0.1388
1043,442,1485,0.1388
1047,449,1496,0.1388
1046,439,1485,0.1388
1050,446,1496,0.1388
1066,448,1514,0.1388
1062,443,1505,0.1388
1059,445,1504,0.1388
1059,443,1502,0.1388
1057,440,1497,0.1388
1059,439,1498,0.1388
1055,441,1496,0.1388
1062,445,1507,0.1388
1066,445,1511,0.1388
1055,443,1498,0.1388
1049,447,1496,0.1388
1041,440,1481,0.1388
1046,445,1491,0.1388
1046,442,1488,0.1388
1047,444,1491,0.1388
1041,451,1492,0.1388
1034,469,1503,0.1388
1029,462,1491,0.1388
1022,466,1488,0.1388
1019,465,1484,0.1388
1016,468,1484,0.1388
1027,467,1494,0.1388
1033,467,1500,0.1388
1033,465,1498,0.1388
1034,470,1504,0.1388
1029,470,1499,0.1388
1042,478,1520,0.1388
1041,475,1516,0.1388
1034,475,1509,0.1388
1018,481,1499,0.1388
1023,477,1500,0.1388
1019,481,1500,0.1388
1018,480,1498,0.1388
1020,476,1496,0.1388
1009,481,1490,0.1388
1019,485,1504,0.1388
1021,482,1503,0.1388
1021,476,1497,0.1388
1020,481,1501,0.1388
1012,480,1492,0.1388
1004,483,1487,0.1388
1003,482,1485,0.1388
987,487,1474,0.1388
986,497,1483,0.1388
996,495,1491,0.1388
1000,493,1493,0.1388
995,501,1496,0.1388
1007,503,1510,0.1388
1006,503,1509,0.1388
1002,494,1496,0.1388
1004,486,1490,0.1388
1008,493,1501,0.1388
994,495,1489,0.1388
985,496,1481,0.1388
995,492,1487,0.1388
995,498,1493,0.1388
993,499,1492,0.1388
992,505,1497,0.1388
994,504,1498,0.1388
1002,511,1513,0.1388
997,515,1512,0.1388
998,513,1511,0.1388
998,511,1509,0.1388
1004,519,1523,0.1388
1004,515,1519,0.1388
1006,510,1516,0.1388
1013,510,1523,0.1388
1007,513,1520,0.1388
1000,518,1518,0.1388
1005,520,1525,0.1388
1011,510,1521,0.1388
989,506,1495,0.1388
1002,514,1516,0.1388
996,509,1505,0.1388
991,513,1504,0.1388
981,507,1488,0.1388
977,508,1485,0.1388
976,503,1479,0.1388
981,514,1495,0.1388
983,519,1502,0.1388
982,513,1495,0.1388
977,511,1488,0.1388
983,502,1485,0.1388
979,504,1483,0.1388
990,498,1488,0.1388
1000,501,1501,0.1388
993,507,1500,0.1388
995,502,1497,0.1388
992,503,1495,0.1388
989,504,1493,0.1388
989,498,1487,0.1388
984,504,1488,0.1388
988,510,1498,0.1388
989,512,1501,0.1388
979,516,1495,0.1388
985,523,1508,0.1388
989,528,1517,0.1388
985,528,1513,0.1388
986,529,1515,0.1388
976,525,1501,0.1388
972,528,1500,0.1388
959,525,1484,0.1388
967,514,1481,0.1388
960,530,1490,0.1388
967,519,1486,0.1388
975,526,1501,0.1388
989,530,1519,0.1388
984,535,1519,0.1388
982,537,1519,0.1388
983,530,1513,0.1388
978,532,1510,0.1388
967,532,1499,0.1388
956,538,1494,0.1388
958,542,1500,0.1388
956,544,1500,0.1388
955,543,1498,0.1388
956,547,1503,0.1388
954,542,1496,0.1388
948,542,1490,0.1388
946,541,1487,0.1388
949,544,1493,0.1388
946,552,1498,0.1388
957,546,1503,0.1388
959,548,1507,0.1388
949,560,1509,0.1388
944,559,1503,0.1388
935,570,1505,0.1388
922,576,1498,0.1388
923,571,1494,0.1388
919,571,1490,0.1388
925,570,1495,0.1388
932,569,1501,0.1388
926,579,1505,0.1388
927,574,1501,0.1388
934,575,1509,0.1388
929,574,1503,0.1388
926,567,1493,0.1388
935,567,1502,0.1388
939,570,1509,0.1388
938,563,1501,0.1388
931,562,1493,0.1388
930,577,1507,0.1388
932,575,1507,0.1388
931,570,1501,0.1388
925,583,1508,0.1388
935,580,1515,0.1388
920,583,1503,0.1388
920,582,1502,0.1388
925,581,1506,0.1388
942,577,1519,0.1388
928,571,1499,0.1388
910,573,1483,0.1388
917,581,1498,0.1388
920,587,1507,0.1388
917,582,1499,0.1388
928,585,1513,0.1388
933,579,1512,0.1388
928,584,1512,0.1388
927,583,1510,0.1388
928,584,1512,0.1388
924,589,1513,0.1388
926,597,1523,0.1388
924,593,1517,0.1388
924,595,1519,0.1388
930,594,1524,0.1388
931,587,1518,0.1388
925,587,1512,0.1388
916,583,1499,0.1388
919,585,1504,0.1388
917,588,1505,0.1388
905,593,1498,0.1388
901,603,1504,0.1388
908,601,1509,0.1388
911,598,1509,0.1388
904,593,1497,0.1388
892,593,1485,0.1388
879,592,1471,0.1388
890,590,1480,0.1388
881,591,1472,0.1388
895,601,1496,0.1388
898,602,1500,0.1388
895,602,1497,0.1388
893,611,1504,0.1388
887,615,1502,0.1388
874,619,1493,0.1388
868,622,1490,0.1388
873,626,1499,0.1388
878,626,1504,0.1388
873,624,1497,0.1388
879,629,1508,0.1388
877,627,1504,0.1388
874,627,1501,0.1388
882,629,1511,0.1388
884,633,1517,0.1388
877,633,1510,0.1388
878,637,1515,0.1388
870,632,1502,0.1388
870,630,1500,0.1388
866,637,1503,0.1388
866,647,1513,0.1388
864,640,1504,0.1388
870,638,1508,0.1388
869,637,1506,0.1388
873,628,1501,0.1388
879,631,1510,0.1388
874,627,1501,0.1388
871,629,1500,0.1388
879,635,1514,0.1388
880,629,1509,0.1388
867,635,1502,0.1388
869,640,1509,0.1388
868,641,1509,0.1388
868,642,1510,0.1388
860,652,1512,0.1388
865,659,1524,0.1388
865,653,1518,0.1388
861,656,1517,0.1388
856,658,1514,0.1388
853,651,1504,0.1388
849,655,1504,0.1388
847,660,1507,0.1388
841,658,1499,0.1388
852,662,1514,0.1388
854,659,1513,0.1388
854,662,1516,0.1388
850,663,1513,0.1388
847,666,1513,0.1388
840,669,1509,0.1388
846,669,1515,0.1388
846,679,1525,0.1388
830,679,1509,0.1388
831,683,1514,0.1388
833,671,1504,0.1388
827,674,1501,0.1388
819,675,1494,0.1388
818,678,1496,0.1388
810,689,1499,0.1388
820,685,1505,0.1388
827,681,1508,0.1388
828,680,1508,0.1388
818,688,1506,0.1388
815,689,1504,0.1388
813,688,1501,0.1388
823,695,1518,0.1388
816,703,1519,0.1388
824,704,1528,0.1388
824,690,1514,0.1388
819,695,1514,0.1388
820,701,1521,0.1388
810,693,1503,0.1388
819,693,1512,0.1388
818,694,1512,0.1388
823,695,1518,0.1388
819,697,1516,0.1388
812,703,1515,0.1388
812,705,1517,0.1388
811,704,1515,0.1388
804,711,1515,0.1388
809,705,1514,0.1388
808,706,1514,0.1388
802,709,1511,0.1388
796,698,1494,0.1388
800,706,1506,0.1388
802,706,1508,0.1388
809,709,1518,0.1388
797,710,1507,0.1388
791,717,1508,0.1388
792,720,1512,0.1388
790,722,1512,0.1388
778,729,1507,0.1388
781,730,1511,0.1388
779,730,1509,0.1388
784,725,1509,0.1388
778,734,1512,0.1388
778,731,1509,0.1388
780,740,1520,0.1388
783,729,1512,0.1388
772,735,1507,0.1388
775,741,1516,0.1388
765,735,1500,0.1388
763,732,1495,0.1388
766,729,1495,0.1388
756,726,1482,0.1388
753,730,1483,0.1388
762,735,1497,0.1388
757,731,1488,0.1388
762,737,1499,0.1388
753,740,1493,0.1388
757,747,1504,0.1388
759,751,1510,0.1388
756,744,1500,0.1388
752,734,1486,0.1388
751,741,1492,0.1388
761,740,1501,0.1388
766,748,1514,0.1388
752,751,1503,0.1388
749,753,1502,0.1388
752,756,1508,0.1388
751,760,1511,0.1388
747,761,1508,0.1388
744,758,1502,0.1388
739,754,1493,0.1388
747,760,1507,0.1388
745,763,1508,0.1388
745,765,1510,0.1388
752,766,1518,0.1388
755,761,1516,0.1388
747,766,1513,0.1388
749,776,1525,0.1388
755,771,1526,0.1388
756,758,1514,0.1388
763,759,1522,0.1388
746,756,1502,0.1388
747,755,1502,0.1388
747,749,1496,0.1388
743,754,1497,0.1388
738,753,1491,0.1388
735,770,1505,0.1388
727,770,1497,0.1388
728,770,1498,0.1388
727,778,1505,0.1388
730,768,1498,0.1388
736,770,1506,0.1388
732,781,1513,0.1388
730,778,1508,0.1388
726,791,1517,0.1388
726,785,1511,0.1388
728,789,1517,0.1388
722,787,1509,0.1388
724,791,1515,0.1388
720,788,1508,0.1388
725,782,1507,0.1388
728,780,1508,0.1388
719,789,1508,0.1388
712,809,1521,0.1388
709,815,1524,0.1388
704,813,1517,0.1388
708,806,1514,0.1388
710,800,1510,0.1388
699,790,1489,0.1388
690,800,1490,0.1388
694,813,1507,0.1388
698,815,1513,0.1388
696,819,1515,0.1388
696,820,1516,0.1388
686,816,1502,0.1388
684,819,1503,0.1388
686,826,1512,0.1388
677,837,1514,0.1388
674,836,1510,0.1388
672,832,1504,0.1388
675,837,1512,0.1388
667,846,1513,0.1388
660,847,1507,0.1388
658,846,1504,0.1388
657,849,1506,0.1388
648,854,1502,0.1388
649,844,1493,0.1388
646,849,1495,0.1388
654,852,1506,0.1388
647,847,1494,0.1388
653,853,1506,0.1388
653,863,1516,0.1388
652,858,1510,0.1388
637,865,1502,0.1388
650,869,1519,0.1388
649,871,1520,0.1388
649,874,1523,0.1388
639,869,1508,0.1388
643,870,1513,0.1388
635,874,1509,0.1388
638,868,1506,0.1388
636,862,1498,0.1388
645,860,1505,0.1388
643,854,1497,0.1388
641,856,1497,0.1388
648,854,1502,0.1388
637,865,1502,0.1388
648,865,1513,0.1388
647,868,1515,0.1388
654,859,1513,0.1388
654,859,1513,0.1388
649,867,1516,0.1388
648,867,1515,0.1388
654,865,1519,0.1388
650,872,1522,0.1388
643,861,1504,0.1388
643,874,1517,0.1388
642,880,1522,0.1388
635,876,1511,0.1388
633,879,1512,0.1388
639,879,1518,0.1388
640,888,1528,0.1388
631,896,1527,0.1388
633,888,1521,0.1388
619,888,1507,0.1388
620,881,1501,0.1388
614,878,1492,0.1388
609,879,1488,0.1388
606,892,1498,0.1388
616,904,1520,0.1388
614,901,1515,0.1388
604,904,1508,0.1388
604,904,1508,0.1388
608,908,1516,0.1388
607,904,1511,0.1388
608,908,1516,0.1388
611,900,1511,0.1388
616,892,1508,0.1388
620,902,1522,0.1388
621,904,1525,0.1388
616,895,1511,0.1388
609,892,1501,0.1388
614,902,1516,0.1388
606,908,1514,0.1388
610,910,1520,0.1388
597,916,1513,0.1388
600,931,1531,0.1388
592,926,1518,0.1388
599,921,1520,0.1388
603,913,1516,0.1388
600,904,1504,0.1388
599,909,1508,0.1388
597,893,1490,0.1388
597,911,1508,0.1388
602,905,1507,0.1388
601,909,1510,0.1388
601,902,1503,0.1388
596,907,1503,0.1388
592,914,1506,0.1388
587,916,1503,0.1388
582,923,1505,0.1388
582,924,1506,0.1388
586,924,1510,0.1388
584,931,1515,0.1388
592,926,1518,0.1388
594,927,1521,0.1388
594,920,1514,0.1388
595,923,1518,0.1388
585,937,1522,0.1388
583,926,1509,0.1388
574,925,1499,0.1388
567,919,1486,0.1388
562,927,1489,0.1388
567,940,1507,0.1388
563,934,1497,0.1388
570,949,1519,0.1388
561,947,1508,0.1388
562,947,1509,0.1388
563,945,1508,0.1388
555,945,1500,0.1388
563,945,1508,0.1388
561,943,1504,0.1388
559,945,1504,0.1388
542,960,1502,0.1388
549,959,1508,0.1388
552,954,1506,0.1388
558,961,1519,0.1388
545,957,1502,0.1388
549,950,1499,0.1388
545,951,1496,0.1388
538,949,1487,0.1388
540,954,1494,0.1388
546,954,1500,0.1388
544,946,1490,0.1388
547,958,1505,0.1388
543,962,1505,0.1388
541,966,1507,0.1388
532,963,1495,0.1388
530,957,1487,0.1388
529,959,1488,0.1388
532,956,1488,0.1388
531,969,1500,0.1388
542,973,1515,0.1388
541,967,1508,0.1388
539,958,1497,0.1388
537,956,1493,0.1388
529,960,1489,0.1388
532,962,1494,0.1388
532,959,1491,0.1388
535,955,1490,0.1388
537,965,1502,0.1388
528,963,1491,0.1388
528,970,1498,0.1388
527,984,1511,0.1388
534,981,1515,0.1388
529,980,1509,0.1388
523,990,1513,0.1388
520,992,1512,0.1388
522,995,1517,0.1388
511,992,1503,0.1388
525,985,1510,0.1388
526,986,1512,0.1388
517,982,1499,0.1388
518,992,1510,0.1388
520,992,1512,0.1388
521,985,1506,0.1388
514,982,1496,0.1388
515,992,1507,0.1388
524,994,1518,0.1388
527,996,1523,0.1388
525,988,1513,0.1388
522,983,1505,0.1388
522,988,1510,0.1388
516,997,1513,0.1388
520,997,1517,0.1388
517,990,1507,0.1388
510,994,1504,0.1388
510,1007,1517,0.1388
511,996,1507,0.1388
508,986,1494,0.1388
509,996,1505,0.1388
502,995,1497,0.1388
503,1004,1507,0.1388
507,996,1503,0.1388
510,987,1497,0.1388
504,985,1489,0.1388
504,1001,1505,0.1388
505,1001,1506,0.1388
509,1002,1511,0.1388
512,1007,1519,0.1388
520,998,1518,0.1388
518,1003,1521,0.1388
518,1007,1525,0.1388
513,997,1510,0.1388
520,990,1510,0.1388
523,994,1517,0.1388
517,985,1502,0.1388
518,990,1508,0.1388
510,993,1503,0.1388
512,989,1501,0.1388
509,987,1496,0.1388
509,1000,1509,0.1388
507,995,1502,0.1388
509,999,1508,0.1388
508,1010,1518,0.1388
508,1019,1527,0.1388
505,1024,1529,0.1388
500,1028,1528,0.1388
502,1022,1524,0.1388
499,1012,1511,0.1388
491,1004,1495,0.1388
489,1000,1489,0.1388
488,1007,1495,0.1388
482,1005,1487,0.1388
482,1012,1494,0.1388
485,1010,1495,0.1388
486,1020,1506,0.1388
485,1024,1509,0.1388
481,1028,1509,0.1388
484,1030,1514,0.1388
489,1033,1522,0.1388
488,1034,1522,0.1388
483,1033,1516,0.1388
477,1037,1514,0.1388
474,1039,1513,0.1388
471,1039,1510,0.1388
473,1043,1516,0.1388
470,1038,1508,0.1388
460,1037,1497,0.1388
453,1050,1503,0.1388
451,1049,1500,0.1388
449,1047,1496,0.1388
453,1055,1508,0.1388
449,1055,1504,0.1388
455,1058,1513,0.1388
452,1058,1510,0.1388
456,1058,1514,0.1388
447,1059,1506,0.1388
442,1055,1497,0.1388
441,1063,1504,0.1388
431,1055,1486,0.1388
432,1051,1483,0.1388
438,1052,1490,0.1388
444,1054,1498,0.1388
449,1069,1518,0.1388
449,1079,1528,0.1388
441,1072,1513,0.1388
441,1075,1516,0.1388
443,1077,1520,0.1388
440,1072,1512,0.1388
441,1070,1511,0.1388
442,1071,1513,0.1388
447,1060,1507,0.1388
441,1057,1498,0.1388
440,1063,1503,0.1388
453,1059,1512,0.1388
454,1058,1512,0.1388
452,1043,1495,0.1388
449,1044,1493,0.1388
450,1054,1504,0.1388
451,1054,1505,0.1388
456,1059,1515,0.1388
457,1056,1513,0.1388
452,1054,1506,0.1388
458,1055,1513,0.1388
454,1059,1513,0.1388
456,1063,1519,0.1388
464,1062,1526,0.1388
459,1064,1523,0.1388
454,1064,1518,0.1388
455,1062,1517,0.1388
449,1046,1495,0.1388
455,1043,1498,0.1388
453,1050,1503,0.1388
458,1049,1507,0.1388
455,1049,1504,0.1388
457,1060,1517,0.1388
456,1056,1512,0.1388
453,1068,1521,0.1388
456,1060,1516,0.1388
450,1057,1507,0.1388
451,1047,1498,0.1388
450,1041,1491,0.1388
456,1056,1512,0.1388
452,1064,1516,0.1388
455,1055,1510,0.1388
461,1050,1511,0.1388
457,1057,1514,0.1388
460,1051,1511,0.1388
451,1049,1500,0.1388
461,1049,1510,0.1388
455,1057,1512,0.1388
452,1055,1507,0.1388
457,1051,1508,0.1388
459,1058,1517,0.1388
460,1063,1523,0.1388
459,1053,1512,0.1388
457,1058,1515,0.1388
453,1050,1503,0.1388
455,1048,1503,0.1388
454,1046,1500,0.1388
446,1047,1493,0.1388
442,1054,1496,0.1388
445,1051,1496,0.1388
446,1069,1515,0.1388
453,1064,1517,0.1388
458,1062,1520,0.1388
450,1070,1520,0.1388
444,1064,1508,0.1388
445,1073,1518,0.1388
446,1072,1518,0.1388
434,1070,1504,0.1388
436,1072,1508,0.1388
439,1073,1512,0.1388
441,1067,1508,0.1388
448,1066,1514,0.1388
450,1062,1512,0.1388
449,1068,1517,0.1388
444,1063,1507,0.1388
448,1064,1512,0.1388
448,1063,1511,0.1388
452,1060,1512,0.1388
454,1068,1522,0.1388
458,1059,1517,0.1388
459,1054,1513,0.1388
457,1062,1519,0.1388
450,1060,1510,0.1388
447,1054,1501,0.1388
446,1044,1490,0.1388
452,1054,1506,0.1388
452,1056,1508,0.1388
456,1065,1521,0.1388
445,1054,1499,0.1388
448,1067,1515,0.1388
448,1061,1509,0.1388
446,1065,1511,0.1388
451,1067,1518,0.1388
443,1067,1510,0.1388
447,1060,1507,0.1388
446,1057,1503,0.1388
449,1061,1510,0.1388
448,1055,1503,0.1388
446,1049,1495,0.1388
444,1036,1480,0.1388
447,1051,1498,0.1388
447,1067,1514,0.1388
447,1057,1504,0.1388
454,1064,1518,0.1388
462,1060,1522,0.1388
462,1071,1533,0.1388
461,1064,1525,0.1388
463,1055,1518,0.1388
457,1060,1517,0.1388
453,1058,1511,0.1388
450,1060,1510,0.1388
449,1058,1507,0.1388
445,1058,1503,0.1388
444,1052,1496,0.1388
439,1052,1491,0.1388
442,1046,1488,0.1388
448,1055,1503,0.1388
443,1052,1495,0.1388
453,1055,1508,0.1388
453,1064,1517,0.1388
453,1068,1521,0.1388
451,1071,1522,0.1388
455,1070,1525,0.1388
452,1064,1516,0.1388
452,1065,1517,0.1388
445,1078,1523,0.1388
438,1069,1507,0.1388
434,1073,1507,0.1388
430,1075,1505,0.1388
431,1078,1509,0.1388
433,1076,1509,0.1388
428,1085,1513,0.1388
421,1074,1495,0.1388
423,1077,1500,0.1388
426,1074,1500,0.1388
423,1086,1509,0.1388
415,1087,1502,0.1388
419,1091,1510,0.1388
422,1093,1515,0.1388
429,1103,1532,0.1388
428,1096,1524,0.1388
422,1092,1514,0.1388
420,1082,1502,0.1388
424,1078,1502,0.1388
421,1094,1515,0.1388
415,1097,1512,0.1388
415,1103,1518,0.1388
407,1107,1514,0.1388
412,1101,1513,0.1388
409,1106,1515,0.1388
405,1098,1503,0.1388
403,1102,1505,0.1388
405,1112,1517,0.1388
403,1100,1503,0.1388
396,1099,1495,0.1388
399,1105,1504,0.1388
399,1095,1494,0.1388
399,1102,1501,0.1388
398,1114,1512,0.1388
395,1108,1503,0.1388
393,1107,1500,0.1388
396,1124,1520,0.1388
401,1119,1520,0.1388
399,1116,1515,0.1388
407,1117,1524,0.1388
400,1110,1510,0.1388
407,1109,1516,0.1388
407,1113,1520,0.1388
404,1111,1515,0.1388
397,1102,1499,0.1388
399,1097,1496,0.1388
402,1097,1499,0.1388
399,1091,1490,0.1388
405,1103,1508,0.1388
407,1105,1512,0.1388
410,1112,1522,0.1388
413,1114,1527,0.1388
410,1123,1533,0.1388
408,1117,1525,0.1388
398,1103,1501,0.1388
402,1102,1504,0.1388
407,1098,1505,0.1388
406,1094,1500,0.1388
404,1114,1518,0.1388
407,1117,1524,0.1388
404,1126,1530,0.1388
404,1118,1522,0.1388
393,1114,1507,0.1388
404,1111,1515,0.1388
401,1100,1501,0.1388
402,1093,1495,0.1388
406,1086,1492,0.1388
404,1086,1490,0.1388
402,1095,1497,0.1388
404,1096,1500,0.1388
404,1093,1497,0.1388
403,1090,1493,0.1388
406,1093,1499,0.1388
405,1100,1505,0.1388
406,1093,1499,0.1388
407,1101,1508,0.1388
407,1101,1508,0.1388
410,1103,1513,0.1388
408,1095,1503,0.1388
409,1109,1518,0.1388
412,1103,1515,0.1388
406,1097,1503,0.1388
408,1110,1518,0.1388
405,1107,1512,0.1388
411,1110,1521,0.1388
407,1108,1515,0.1388
412,1117,1529,0.1388
409,1112,1521,0.1388
410,1106,1516,0.1388
411,1102,1513,0.1388
405,1089,1494,0.1388
404,1090,1494,0.1388
407,1103,1510,0.1388
404,1102,1506,0.1388
399,1115,1514,0.1388
404,1107,1511,0.1388
399,1110,1509,0.1388
397,1102,1499,0.1388
403,1104,1507,0.1388
401,1103,1504,0.1388
397,1115,1512,0.1388
397,1125,1522,0.1388
393,1121,1514,0.1388
396,1116,1512,0.1388
388,1118,1506,0.1388
394,1124,1518,0.1388
389,1122,1511,0.1388
384,1128,1512,0.1388
392,1131,1523,0.1388
381,1137,1518,0.1388
383,1135,1518,0.1388
387,1132,1519,0.1388
383,1132,1515,0.1388
380,1131,1511,0.1388
377,1124,1501,0.1388
374,1137,1511,0.1388
376,1141,1517,0.1388
376,1137,1513,0.1388
376,1128,1504,0.1388
371,1128,1499,0.1388
377,1125,1502,0.1388
375,1117,1492,0.1388
379,1116,1495,0.1388
374,1119,1493,0.1388
382,1118,1500,0.1388
377,1130,1507,0.1388
374,1137,1511,0.1388
382,1134,1516,0.1388
387,1128,1515,0.1388
386,1134,1520,0.1388
387,1142,1529,0.1388
386,1136,1522,0.1388
385,1132,1517,0.1388
384,1132,1516,0.1388
376,1140,1516,0.1388
380,1141,1521,0.1388
365,1145,1510,0.1388
366,1146,1512,0.1388
368,1145,1513,0.1388
376,1143,1519,0.1388
375,1130,1505,0.1388
380,1132,1512,0.1388
382,1132,1514,0.1388
380,1130,1510,0.1388
378,1135,1513,0.1388
379,1125,1504,0.1388
376,1133,1509,0.1388
383,1138,1521,0.1388
376,1135,1511,0.1388
364,1135,1499,0.1388
361,1149,1510,0.1388
361,1147,1508,0.1388
372,1143,1515,0.1388
372,1142,1514,0.1388
368,1140,1508,0.1388
369,1147,1516,0.1388
372,1134,1506,0.1388
371,1138,1509,0.1388
372,1139,1511,0.1388
364,1143,1507,0.1388
365,1147,1512,0.1388
363,1155,1518,0.1388
366,1158,1524,0.1388
373,1158,1531,0.1388
380,1152,1532,0.1388
379,1156,1535,0.1388
377,1136,1513,0.1388
377,1131,1508,0.1388
379,1126,1505,0.1388
380,1136,1516,0.1388
378,1141,1519,0.1388
379,1138,1517,0.1388
381,1133,1514,0.1388
381,1132,1513,0.1388
381,1142,1523,0.1388
381,1148,1529,0.1388
376,1145,1521,0.1388
375,1146,1521,0.1388
375,1146,1521,0.1388
375,1142,1517,0.1388
378,1152,1530,0.1388
371,1143,1514,0.1388
359,1132,1491,0.1388
368,1142,1510,0.1388
372,1143,1515,0.1388
364,1138,1502,0.1388
373,1144,1517,0.1388
368,1147,1515,0.1388
368,1154,1522,0.1388
368,1150,1518,0.1388
363,1128,1491,0.1388
369,1136,1505,0.1388
372,1145,1517,0.1388
373,1143,1516,0.1388
374,1136,1510,0.1388
372,1138,1510,0.1388
375,1144,1519,0.1388
373,1149,1522,0.1388
375,1145,1520,0.1388
378,1138,1516,0.1388
383,1141,1524,0.1388
384,1149,1533,0.1388
378,1138,1516,0.1388
383,1139,1522,0.1388
383,1140,1523,0.1388
381,1148,1529,0.1388
383,1143,1526,0.1388
378,1136,1514,0.1388
370,1135,1505,0.1388
374,1129,1503,0.1388
374,1146,1520,0.1388
378,1131,1509,0.1388
377,1139,1516,0.1388
378,1134,1512,0.1388
377,1131,1508,0.1388
375,1134,1509,0.1388
370,1133,1503,0.1388
368,1141,1509,0.1388
366,1141,1507,0.1388
355,1153,1508,0.1388
354,1159,1513,0.1388
351,1152,1503,0.1388
359,1151,1510,0.1388
363,1162,1525,0.1388
352,1155,1507,0.1388
361,1152,1513,0.1388
359,1158,1517,0.1388
356,1157,1513,0.1388
354,1155,1509,0.1388
352,1160,1512,0.1388
344,1156,1500,0.1388
349,1163,1512,0.1388
351,1165,1516,0.1388
342,1162,1504,0.1388
342,1159,1501,0.1388
349,1174,1523,0.1388
351,1162,1513,0.1388
351,1167,1518,0.1388
347,1176,1523,0.1388
346,1170,1516,0.1388
343,1174,1517,0.1388
343,1170,1513,0.1388
337,1175,1512,0.1388
337,1186,1523,0.1388
336,1177,1513,0.1388
332,1183,1515,0.1388
329,1187,1516,0.1388
331,1189,1520,0.1388
326,1193,1519,0.1388
328,1189,1517,0.1388
329,1191,1520,0.1388
333,1181,1514,0.1388
334,1176,1510,0.1388
339,1186,1525,0.1388
337,1178,1515,0.1388
333,1169,1502,0.1388
340,1172,1512,0.1388
337,1170,1507,0.1388
335,1165,1500,0.1388
328,1166,1494,0.1388
331,1156,1487,0.1388
338,1164,1502,0.1388
333,1167,1500,0.1388
334,1171,1505,0.1388
337,1179,1516,0.1388
339,1176,1515,0.1388
335,1177,1512,0.1388
336,1181,1517,0.1388
336,1181,1517,0.1388
333,1171,1504,0.1388
322,1182,1504,0.1388
327,1185,1512,0.1388
320,1194,1514,0.1388
317,1200,1517,0.1388
323,1196,1519,0.1388
326,1190,1516,0.1388
319,1192,1511,0.1388
322,1191,1513,0.1388
325,1189,1514,0.1388
323,1190,1513,0.1388
324,1199,1523,0.1388
330,1194,1524,0.1388
328,1186,1514,0.1388
331,1190,1521,0.1388
327,1189,1516,0.1388
329,1190,1519,0.1388
322,1193,1515,0.1388
323,1200,1523,0.1388
318,1188,1506,0.1388
316,1177,1493,0.1388
310,1177,1487,0.1388
309,1176,1485,0.1388
313,1193,1506,0.1388
309,1187,1496,0.1388
316,1180,1496,0.1388
315,1187,1502,0.1388
313,1191,1504,0.1388
317,1189,1506,0.1388
319,1196,1515,0.1388
321,1200,1521,0.1388
320,1190,1510,0.1388
318,1197,1515,0.1388
318,1202,1520,0.1388
313,1210,1523,0.1388
310,1196,1506,0.1388
307,1183,1490,0.1388
307,1185,1492,0.1388
308,1190,1498,0.1388
308,1195,1503,0.1388
309,1205,1514,0.1388
310,1212,1522,0.1388
308,1218,1526,0.1388
307,1209,1516,0.1388
303,1210,1513,0.1388
302,1204,1506,0.1388
312,1203,1515,0.1388
311,1212,1523,0.1388
312,1208,1520,0.1388
309,1204,1513,0.1388
309,1207,1516,0.1388
308,1212,1520,0.1388
311,1215,1526,0.1388
311,1206,1517,0.1388
307,1204,1511,0.1388
310,1192,1502,0.1388
307,1191,1498,0.1388
304,1191,1495,0.1388
301,1202,1503,0.1388
297,1207,1504,0.1388
295,1215,1510,0.1388
293,1216,1509,0.1388
289,1229,1518,0.1388
289,1229,1518,0.1388
294,1244,1538,0.1388
288,1237,1525,0.1388
281,1230,1511,0.1388
282,1232,1514,0.1388
284,1238,1522,0.1388
285,1239,1524,0.1388
286,1227,1513,0.1388
287,1227,1514,0.1388
283,1236,1519,0.1388
275,1231,1506,0.1388
277,1239,1516,0.1388
275,1243,1518,0.1388
274,1237,1511,0.1388
276,1242,1518,0.1388
274,1248,1522,0.1388
275,1244,1519,0.1388
274,1250,1524,0.1388
270,1257,1527,0.1388
268,1254,1522,0.1388
267,1254,1521,0.1388
269,1264,1533,0.1388
267,1261,1528,0.1388
268,1254,1522,0.1388
270,1251,1521,0.1388
270,1246,1516,0.1388
267,1250,1517,0.1388
263,1252,1515,0.1388
259,1254,1513,0.1388
263,1246,1509,0.1388
263,1261,1524,0.1388
259,1255,1514,0.1388
261,1250,1511,0.1388
259,1250,1509,0.1388
259,1243,1502,0.1388
259,1245,1504,0.1388
259,1249,1508,0.1388
258,1257,1515,0.1388
253,1265,1518,0.1388
251,1261,1512,0.1388
250,1270,1520,0.1388
253,1254,1507,0.1388
255,1262,1517,0.1388
254,1252,1506,0.1388
256,1263,1519,0.1388
256,1259,1515,0.1388
253,1275,1528,0.1388
249,1276,1525,0.1388
249,1270,1519,0.1388
249,1266,1515,0.1388
247,1268,1515,0.1388
246,1273,1519,0.1388
244,1285,1529,0.1388
243,1282,1525,0.1388
241,1289,1530,0.1388
248,1280,1528,0.1388
252,1274,1526,0.1388
250,1270,1520,0.1388
252,1262,1514,0.1388
250,1252,1502,0.1388
252,1254,1506,0.1388
244,1260,1504,0.1388
238,1263,1501,0.1388
238,1278,1516,0.1388
235,1284,1519,0.1388
234,1279,1513,0.1388
242,1266,1508,0.1388
247,1254,1501,0.1388
243,1267,1510,0.1388
243,1275,1518,0.1388
245,1292,1537,0.1388
247,1296,1543,0.1388
241,1291,1532,0.1388
240,1281,1521,0.1388
234,1283,1517,0.1388
236,1280,1516,0.1388
237,1280,1517,0.1388
237,1275,1512,0.1388
238,1272,1510,0.1388
231,1282,1513,0.1388
228,1281,1509,0.1388
225,1286,1511,0.1388
221,1283,1504,0.1388
220,1287,1507,0.1388
225,1298,1523,0.1388
231,1288,1519,0.1388
225,1283,1508,0.1388
224,1288,1512,0.1388
224,1284,1508,0.1388
224,1282,1506,0.1388
226,1274,1500,0.1388
227,1281,1508,0.1388
224,1283,1507,0.1388
226,1277,1503,0.1388
222,1285,1507,0.1388
219,1297,1516,0.1388
221,1295,1516,0.1388
213,1307,1520,0.1388
216,1303,1519,0.1388
221,1292,1513,0.1388
217,1295,1512,0.1388
219,1305,1524,0.1388
224,1301,1525,0.1388
217,1288,1505,0.1388
223,1288,1511,0.1388
222,1296,1518,0.1388
224,1293,1517,0.1388
229,1294,1523,0.1388
227,1298,1525,0.1388
227,1310,1537,0.1388
225,1313,1538,0.1388
227,1296,1523,0.1388
224,1273,1497,0.1388
221,1289,1510,0.1388
220,1282,1502,0.1388
223,1287,1510,0.1388
223,1309,1532,0.1388
221,1295,1516,0.1388
219,1301,1520,0.1388
221,1296,1517,0.1388
221,1310,1531,0.1388
217,1318,1535,0.1388
215,1313,1528,0.1388
216,1313,1529,0.1388
214,1314,1528,0.1388
213,1321,1534,0.1388
212,1306,1518,0.1388
209,1301,1510,0.1388
210,1296,1506,0.1388
211,1308,1519,0.1388
206,1302,1508,0.1388
209,1290,1499,0.1388
211,1291,1502,0.1388
210,1282,1492,0.1388
210,1292,1502,0.1388
205,1290,1495,0.1388
200,1298,1498,0.1388
203,1308,1511,0.1388
205,1299,1504,0.1388
203,1301,1504,0.1388
201,1305,1506,0.1388
203,1318,1521,0.1388
208,1312,1520,0.1388
204,1318,1522,0.1388
203,1316,1519,0.1388
204,1322,1526,0.1388
199,1319,1518,0.1388
196,1315,1511,0.1388
193,1309,1502,0.1388
190,1303,1493,0.1388
191,1316,1507,0.1388
193,1315,1508,0.1388
192,1311,1503,0.1388
191,1318,1509,0.1388
193,1321,1514,0.1388
192,1318,1510,0.1388
191,1320,1511,0.1388
193,1326,1519,0.1388
193,1314,1507,0.1388
194,1321,1515,0.1388
193,1321,1514,0.1388
187,1336,1523,0.1388
187,1338,1525,0.1388
186,1331,1517,0.1388
186,1331,1517,0.1388
185,1327,1512,0.1388
184,1333,1517,0.1388
185,1342,1527,0.1388
180,1326,1506,0.1388
182,1337,1519,0.1388
182,1342,1524,0.1388
183,1325,1508,0.1388
183,1315,1498,0.1388
179,1329,1508,0.1388
187,1334,1521,0.1388
189,1327,1516,0.1388
188,1327,1515,0.1388
188,1323,1511,0.1388
187,1328,1515,0.1388
187,1325,1512,0.1388
186,1322,1508,0.1388
185,1330,1515,0.1388
188,1312,1500,0.1388
187,1316,1503,0.1388
189,1326,1515,0.1388
191,1330,1521,0.1388
191,1318,1509,0.1388
192,1323,1515,0.1388
189,1314,1503,0.1388
186,1328,1514,0.1388
186,1325,1511,0.1388
185,1331,1516,0.1388
186,1338,1524,0.1388
180,1344,1524,0.1388
177,1343,1520,0.1388
176,1337,1513,0.1388
173,1341,1514,0.1388
172,1354,1526,0.1388
174,1348,1522,0.1388
174,1349,1523,0.1388
173,1344,1517,0.1388
173,1344,1517,0.1388
167,1343,1510,0.1388
168,1339,1507,0.1388
165,1348,1513,0.1388
166,1345,1511,0.1388
164,1348,1512,0.1388
165,1353,1518,0.1388
161,1361,1522,0.1388
162,1356,1518,0.1388
162,1352,1514,0.1388
158,1356,1514,0.1388
159,1347,1506,0.1388
157,1344,1501,0.1388
162,1358,1520,0.1388
163,1350,1513,0.1388
165,1349,1514,0.1388
164,1339,1503,0.1388
164,1345,1509,0.1388
164,1341,1505,0.1388
167,1351,1518,0.1388
163,1342,1505,0.1388
161,1358,1519,0.1388
157,1354,1511,0.1388
159,1355,1514,0.1388
157,1366,1523,0.1388
156,1372,1528,0.1388
157,1371,1528,0.1388
159,1360,1519,0.1388
157,1363,1520,0.1388
157,1356,1513,0.1388
160,1358,1518,0.1388
153,1365,1518,0.1388
156,1366,1522,0.1388
154,1373,1527,0.1388
156,1374,1530,0.1388
158,1380,1538,0.1388
158,1376,1534,0.1388
158,1373,1531,0.1388
154,1365,1519,0.1388
152,1357,1509,0.1388
153,1360,1513,0.1388
156,1361,1517,0.1388
154,1367,1521,0.1388
159,1358,1517,0.1388
151,1357,1508,0.1388
153,1361,1514,0.1388
156,1361,1517,0.1388
155,1362,1517,0.1388
150,1356,1506,0.1388
150,1363,1513,0.1388
150,1379,1529,0.1388
150,1376,1526,0.1388
150,1362,1512,0.1388
150,1361,1511,0.1388
147,1366,1513,0.1388
144,1370,1514,0.1388
143,1367,1510,0.1388
141,1374,1515,0.1388
138,1375,1513,0.1388
135,1379,1514,0.1388
134,1374,1508,0.1388
135,1364,1499,0.1388
135,1381,1516,0.1388
131,1385,1516,0.1388
131,1378,1509,0.1388
132,1383,1515,0.1388
135,1391,1526,0.1388
129,1383,1512,0.1388
131,1384,1515,0.1388
134,1380,1514,0.1388
138,1375,1513,0.1388
135,1381,1516,0.1388
136,1375,1511,0.1388
134,1369,1503,0.1388
139,1379,1518,0.1388
136,1376,1512,0.1388
137,1383,1520,0.1388
141,1391,1532,0.1388
140,1387,1527,0.1388
141,1379,1520,0.1388
139,1379,1518,0.1388
142,1378,1520,0.1388
143,1369,1512,0.1388
140,1372,1512,0.1388
139,1370,1509,0.1388
141,1382,1523,0.1388
143,1375,1518,0.1388
143,1371,1514,0.1388
141,1362,1503,0.1388
140,1364,1504,0.1388
138,1370,1508,0.1388
138,1374,1512,0.1388
138,1368,1506,0.1388
134,1368,1502,0.1388
133,1378,1511,0.1388
130,1370,1500,0.1388
128,1371,1499,0.1388
128,1368,1496,0.1388
126,1375,1501,0.1388
128,1369,1497,0.1388
132,1379,1511,0.1388
129,1386,1515,0.1388
134,1394,1528,0.1388
133,1393,1526,0.1388
133,1388,1521,0.1388
132,1392,1524,0.1388
136,1390,1526,0.1388
133,1395,1528,0.1388
134,1387,1521,0.1388
134,1397,1531,0.1388
127,1394,1521,0.1388
123,1382,1505,0.1388
124,1388,1512,0.1388
122,1381,1503,0.1388
118,1390,1508,0.1388
117,1393,1510,0.1388
116,1397,1513,0.1388
121,1409,1530,0.1388
124,1404,1528,0.1388
121,1400,1521,0.1388
119,1394,1513,0.1388
114,1390,1504,0.1388
112,1404,1516,0.1388
111,1391,1502,0.1388
109,1389,1498,0.1388
107,1396,1503,0.1388
107,1406,1513,0.1388
107,1405,1512,0.1388
101,1409,1510,0.1388
103,1408,1511,0.1388
105,1404,1509,0.1388
101,1403,1504,0.1388
105,1422,1527,0.1388
106,1411,1517,0.1388
108,1417,1525,0.1388
109,1425,1534,0.1388
106,1419,1525,0.1388
107,1427,1534,0.1388
104,1422,1526,0.1388
103,1425,1528,0.1388
102,1426,1528,0.1388
102,1427,1529,0.1388
101,1428,1529,0.1388
101,1421,1522,0.1388
101,1416,1517,0.1388
104,1411,1515,0.1388
98,1408,1506,0.1388
96,1414,1510,0.1388
96,1416,1512,0.1388
99,1431,1530,0.1388
97,1421,1518,0.1388
93,1419,1512,0.1388
90,1420,1510,0.1388
90,1429,1519,0.1388
92,1428,1520,0.1388
92,1420,1512,0.1388
92,1407,1499,0.1388
93,1407,1500,0.1388
91,1408,1499,0.1388
89,1407,1496,0.1388
90,1407,1497,0.1388
95,1420,1515,0.1388
91,1430,1521,0.1388
90,1431,1521,0.1388
90,1428,1518,0.1388
91,1433,1524,0.1388
90,1426,1516,0.1388
89,1418,1507,0.1388
88,1422,1510,0.1388
88,1426,1514,0.1388
88,1427,1515,0.1388
91,1431,1522,0.1388
93,1423,1516,0.1388
92,1432,1524,0.1388
93,1427,1520,0.1388
93,1421,1514,0.1388
93,1422,1515,0.1388
93,1426,1519,0.1388
97,1412,1509,0.1388
98,1426,1524,0.1388
98,1409,1507,0.1388
97,1413,1510,0.1388
96,1410,1506,0.1388
95,1419,1514,0.1388
94,1412,1506,0.1388
96,1420,1516,0.1388
92,1414,1506,0.1388
91,1412,1503,0.1388
93,1426,1519,0.1388
90,1432,1522,0.1388
91,1424,1515,0.1388
88,1416,1504,0.1388
87,1410,1497,0.1388
91,1431,1522,0.1388
87,1432,1519,0.1388
90,1424,1514,0.1388
91,1425,1516,0.1388
94,1432,1526,0.1388
90,1420,1510,0.1388
92,1425,1517,0.1388
96,1425,1521,0.1388
93,1423,1516,0.1388
91,1421,1512,0.1388
90,1419,1509,0.1388
86,1430,1516,0.1388
80,1422,1502,0.1388
81,1434,1515,0.1388
81,1425,1506,0.1388
79,1415,1494,0.1388
80,1432,1512,0.1388
83,1440,1523,0.1388
85,1432,1517,0.1388
84,1431,1515,0.1388
88,1427,1515,0.1388
89,1426,1515,0.1388
89,1426,1515,0.1388
89,1415,1504,0.1388
93,1429,1522,0.1388
95,1407,1502,0.1388
95,1419,1514,0.1388
94,1429,1523,0.1388
92,1418,1510,0.1388
90,1420,1510,0.1388
88,1418,1506,0.1388
90,1419,1509,0.1388
91,1424,1515,0.1388
92,1424,1516,0.1388
93,1417,1510,0.1388
89,1423,1512,0.1388
90,1418,1508,0.1388
90,1419,1509,0.1388
90,1413,1503,0.1388
91,1420,1511,0.1388
90,1421,1511,0.1388
92,1423,1515,0.1388
96,1412,1508,0.1388
95,1416,1511,0.1388
94,1418,1512,0.1388
95,1416,1511,0.1388
97,1429,1526,0.1388
96,1428,1524,0.1388
93,1433,1526,0.1388
95,1432,1527,0.1388
92,1424,1516,0.1388
94,1415,1509,0.1388
95,1416,1511,0.1388
95,1422,1517,0.1388
99,1420,1519,0.1388
97,1419,1516,0.1388
99,1423,1522,0.1388
98,1413,1511,0.1388
100,1415,1515,0.1388
97,1405,1502,0.1388
98,1405,1503,0.1388
96,1407,1503,0.1388
96,1405,1501,0.1388
97,1423,1520,0.1388
98,1423,1521,0.1388
97,1416,1513,0.1388
97,1408,1505,0.1388
99,1408,1507,0.1388
98,1422,1520,0.1388
96,1418,1514,0.1388
96,1433,1529,0.1388
96,1413,1509,0.1388
96,1419,1515,0.1388
96,1416,1512,0.1388
99,1417,1516,0.1388
98,1417,1515,0.1388
97,1427,1524,0.1388
95,1428,1523,0.1388
96,1415,1511,0.1388
96,1424,1520,0.1388
95,1421,1516,0.1388
94,1424,1518,0.1388
94,1425,1519,0.1388
95,1413,1508,0.1388
96,1418,1514,0.1388
95,1420,1515,0.1388
97,1412,1509,0.1388
98,1414,1512,0.1388
98,1415,1513,0.1388
96,1419,1515,0.1388
96,1407,1503,0.1388
99,1423,1522,0.1388
100,1414,1514,0.1388
100,1416,1516,0.1388
100,1423,1523,0.1388
99,1423,1522,0.1388
98,1429,1527,0.1388
96,1420,1516,0.1388
97,1423,1520,0.1388
98,1419,1517,0.1388
99,1418,1517,0.1388
99,1419,1518,0.1388
98,1405,1503,0.1388
97,1400,1497,0.1388
99,1406,1505,0.1388
99,1416,1515,0.1388
99,1421,1520,0.1388
96,1416,1512,0.1388
97,1415,1512,0.1388
96,1415,1511,0.1388
95,1412,1507,0.1388
96,1405,1501,0.1388
96,1410,1506,0.1388
98,1417,1515,0.1388
98,1419,1517,0.1388
94,1424,1518,0.1388
91,1415,1506,0.1388
88,1420,1508,0.1388
87,1414,1501,0.1388
92,1419,1511,0.1388
89,1421,1510,0.1388
90,1425,1515,0.1388
91,1427,1518,0.1388
90,1419,1509,0.1388
91,1425,1516,0.1388
90,1419,1509,0.1388
89,1411,1500,0.1388
91,1435,1526,0.1388
92,1417,1509,0.1388
88,1431,1519,0.1388
89,1433,1522,0.1388
87,1431,1518,0.1388
85,1429,1514,0.1388
87,1438,1525,0.1388
87,1425,1512,0.1388
86,1424,1510,0.1388
86,1445,1531,0.1388
87,1433,1520,0.1388
86,1427,1513,0.1388
85,1431,1516,0.1388
87,1435,1522,0.1388
87,1446,1533,0.1388
87,1443,1530,0.1388
86,1445,1531,0.1388
86,1439,1525,0.1388
87,1426,1513,0.1388
89,1436,1525,0.1388
90,1431,1521,0.1388
90,1433,1523,0.1388
90,1431,1521,0.1388
90,1437,1527,0.1388
90,1428,1518,0.1388
88,1425,1513,0.1388
88,1417,1505,0.1388
91,1419,1510,0.1388
88,1437,1525,0.1388
87,1431,1518,0.1388
90,1445,1535,0.1388
90,1436,1526,0.1388
94,1437,1531,0.1388
94,1437,1531,0.1388
96,1431,1527,0.1388
91,1437,1528,0.1388
91,1429,1520,0.1388
89,1417,1506,0.1388
90,1421,1511,0.1388
91,1431,1522,0.1388
90,1423,1513,0.1388
91,1427,1518,0.1388
92,1439,1531,0.1388
94,1426,1520,0.1388
92,1423,1515,0.1388
88,1447,1535,0.1388
88,1436,1524,0.1388
87,1421,1508,0.1388
88,1419,1507,0.1388
89,1408,1497,0.1388
87,1411,1498,0.1388
88,1421,1509,0.1388
88,1413,1501,0.1388
88,1406,1494,0.1388
90,1410,1500,0.1388
88,1424,1512,0.1388
85,1437,1522,0.1388
87,1439,1526,0.1388
89,1423,1512,0.1388
87,1405,1492,0.1388
88,1407,1495,0.1388
90,1412,1502,0.1388
91,1416,1507,0.1388
91,1415,1506,0.1388
90,1425,1515,0.1388
90,1415,1505,0.1388
90,1421,1511,0.1388
87,1430,1517,0.1388
88,1435,1523,0.1388
89,1436,1525,0.1388
89,1425,1514,0.1388
90,1435,1525,0.1388
89,1442,1531,0.1388
90,1421,1511,0.1388
93,1416,1509,0.1388
88,1416,1504,0.1388
92,1407,1499,0.1388
89,1407,1496,0.1388
89,1407,1496,0.1388
87,1398,1485,0.1388
89,1400,1489,0.1388
90,1421,1511,0.1388
88,1435,1523,0.1388
91,1435,1526,0.1388
89,1429,1518,0.1388
88,1425,1513,0.1388
87,1437,1524,0.1388
85,1434,1519,0.1388
87,1437,1524,0.1388
89,1440,1529,0.1388
87,1430,1517,0.1388
88,1428,1516,0.1388
86,1441,1527,0.1388
85,1427,1512,0.1388
85,1430,1515,0.1388
86,1424,1510,0.1388
85,1421,1506,0.1388
89,1434,1523,0.1388
89,1434,1523,0.1388
90,1432,1522,0.1388
88,1422,1510,0.1388
90,1422,1512,0.1388
92,1429,1521,0.1388
91,1430,1521,0.1388
87,1420,1507,0.1388
89,1420,1509,0.1388
89,1415,1504,0.1388
88,1412,1500,0.1388
82,1420,1502,0.1388
80,1413,1493,0.1388
81,1418,1499,0.1388
83,1419,1502,0.1388
83,1407,1490,0.1388
81,1408,1489,0.1388
81,1415,1496,0.1388
82,1423,1505,0.1388
82,1425,1507,0.1388
84,1430,1514,0.1388
84,1426,1510,0.1388
81,1424,1505,0.1388
80,1424,1504,0.1388
79,1408,1487,0.1388
80,1420,1500,0.1388
78,1442,1520,0.1388
73,1442,1515,0.1388
74,1440,1514,0.1388
75,1433,1508,0.1388
72,1436,1508,0.1388
75,1447,1522,0.1388
74,1443,1517,0.1388
68,1441,1509,0.1388
67,1442,1509,0.1388
67,1444,1511,0.1388
69,1451,1520,0.1388
70,1455,1525,0.1388
69,1451,1520,0.1388
69,1453,1522,0.1388
70,1460,1530,0.1388
70,1447,1517,0.1388
68,1452,1520,0.1388
66,1452,1518,0.1388
67,1460,1527,0.1388
69,1456,1525,0.1388
70,1448,1518,0.1388
73,1454,1527,0.1388
73,1442,1515,0.1388
69,1448,1517,0.1388
71,1440,1511,0.1388
72,1430,1502,0.1388
68,1436,1504,0.1388
70,1439,1509,0.1388
72,1438,1510,0.1388
74,1439,1513,0.1388
77,1452,1529,0.1388
76,1441,1517,0.1388
72,1439,1511,0.1388
71,1452,1523,0.1388
73,1455,1528,0.1388
72,1451,1523,0.1388
72,1443,1515,0.1388
69,1438,1507,0.1388
72,1437,1509,0.1388
72,1450,1522,0.1388
72,1448,1520,0.1388
70,1438,1508,0.1388
70,1448,1518,0.1388
67,1453,1520,0.1388
67,1452,1519,0.1388
67,1455,1522,0.1388
68,1449,1517,0.1388
67,1442,1509,0.1388
68,1455,1523,0.1388
67,1440,1507,0.1388
59,1454,1513,0.1388
59,1462,1521,0.1388
58,1452,1510,0.1388
60,1451,1511,0.1388
60,1441,1501,0.1388
57,1459,1516,0.1388
58,1471,1529,0.1388
53,1460,1513,0.1388
53,1469,1522,0.1388
51,1470,1521,0.1388
53,1463,1516,0.1388
52,1466,1518,0.1388
54,1467,1521,0.1388
55,1461,1516,0.1388
56,1455,1511,0.1388
54,1457,1511,0.1388
55,1450,1505,0.1388
55,1450,1505,0.1388
56,1457,1513,0.1388
57,1466,1523,0.1388
57,1476,1533,0.1388
56,1473,1529,0.1388
54,1469,1523,0.1388
53,1473,1526,0.1388
53,1469,1522,0.1388
51,1473,1524,0.1388
50,1464,1514,0.1388
50,1459,1509,0.1388
51,1461,1512,0.1388
51,1449,1500,0.1388
49,1439,1488,0.1388
50,1437,1487,0.1388
50,1448,1498,0.1388
48,1465,1513,0.1388
50,1464,1514,0.1388
49,1461,1510,0.1388
50,1452,1502,0.1388
51,1462,1513,0.1388
57,1456,1513,0.1388
56,1464,1520,0.1388
56,1468,1524,0.1388
56,1465,1521,0.1388
57,1466,1523,0.1388
56,1454,1510,0.1388
57,1459,1516,0.1388
58,1460,1518,0.1388
58,1462,1520,0.1388
60,1461,1521,0.1388
61,1466,1527,0.1388
60,1464,1524,0.1388
58,1474,1532,0.1388
62,1475,1537,0.1388
62,1468,1530,0.1388
61,1472,1533,0.1388
58,1471,1529,0.1388
60,1467,1527,0.1388
59,1459,1518,0.1388
60,1453,1513,0.1388
58,1447,1505,0.1388
58,1454,1512,0.1388
57,1459,1516,0.1388
58,1454,1512,0.1388
56,1460,1516,0.1388
56,1463,1519,0.1388
57,1471,1528,0.1388
57,1461,1518,0.1388
57,1465,1522,0.1388
55,1470,1525,0.1388
55,1463,1518,0.1388
55,1468,1523,0.1388
53,1464,1517,0.1388
53,1454,1507,0.1388
51,1456,1507,0.1388
51,1453,1504,0.1388
52,1456,1508,0.1388
50,1461,1511,0.1388
53,1464,1517,0.1388
52,1463,1515,0.1388
50,1472,1522,0.1388
50,1469,1519,0.1388
49,1462,1511,0.1388
49,1465,1514,0.1388
45,1464,1509,0.1388
46,1466,1512,0.1388
45,1469,1514,0.1388
44,1462,1506,0.1388
42,1477,1519,0.1388
38,1482,1520,0.1388
38,1479,1517,0.1388
39,1464,1503,0.1388
38,1466,1504,0.1388
40,1476,1516,0.1388
42,1474,1516,0.1388
42,1474,1516,0.1388
42,1472,1514,0.1388
40,1478,1518,0.1388
40,1491,1531,0.1388
39,1474,1513,0.1388
37,1484,1521,0.1388
40,1476,1516,0.1388
40,1485,1525,0.1388
42,1469,1511,0.1388
42,1472,1514,0.1388
41,1477,1518,0.1388
43,1478,1521,0.1388
43,1469,1512,0.1388
42,1467,1509,0.1388
40,1458,1498,0.1388
38,1482,1520,0.1388
39,1483,1522,0.1388
40,1484,1524,0.1388
41,1488,1529,0.1388
40,1472,1512,0.1388
40,1473,1513,0.1388
40,1474,1514,0.1388
40,1474,1514,0.1388
39,1477,1516,0.1388
37,1470,1507,0.1388
38,1488,1526,0.1388
37,1492,1529,0.1388
37,1496,1533,0.1388
36,1504,1540,0.1388
35,1494,1529,0.1388
35,1482,1517,0.1388
34,1478,1512,0.1388
35,1486,1521,0.1388
34,1489,1523,0.1388
35,1496,1531,0.1388
37,1482,1519,0.1388
37,1466,1503,0.1388
38,1477,1515,0.1388
36,1473,1509,0.1388
37,1473,1510,0.1388
36,1471,1507,0.1388
37,1481,1518,0.1388
38,1480,1518,0.1388
38,1492,1530,0.1388
39,1491,1530,0.1388
37,1490,1527,0.1388
36,1495,1531,0.1388
36,1490,1526,0.1388
36,1466,1502,0.1388
37,1461,1498,0.1388
38,1474,1512,0.1388
38,1470,1508,0.1388
39,1485,1524,0.1388
38,1475,1513,0.1388
37,1471,1508,0.1388
37,1478,1515,0.1388
36,1487,1523,0.1388
36,1473,1509,0.1388
36,1476,1512,0.1388
37,1462,1499,0.1388
36,1471,1507,0.1388
36,1478,1514,0.1388
36,1474,1510,0.1388
37,1479,1516,0.1388
39,1484,1523,0.1388
39,1485,1524,0.1388
36,1477,1513,0.1388
38,1486,1524,0.1388
40,1480,1520,0.1388
40,1466,1506,0.1388
40,1493,1533,0.1388
40,1501,1541,0.1388
40,1494,1534,0.1388
37,1495,1532,0.1388
37,1484,1521,0.1388
37,1476,1513,0.1388
38,1464,1502,0.1388
36,1476,1512,0.1388
36,1483,1519,0.1388
34,1483,1517,0.1388
32,1497,1529,0.1388
33,1497,1530,0.1388
32,1496,1528,0.1388
32,1501,1533,0.1388
31,1490,1521,0.1388
30,1488,1518,0.1388
31,1488,1519,0.1388
31,1487,1518,0.1388
28,1477,1505,0.1388
29,1491,1520,0.1388
30,1491,1521,0.1388
29,1505,1534,0.1388
29,1502,1531,0.1388
27,1507,1534,0.1388
28,1515,1543,0.1388
27,1508,1535,0.1388
26,1510,1536,0.1388
27,1509,1536,0.1388
26,1506,1532,0.1388
26,1500,1526,0.1388
26,1495,1521,0.1388
25,1494,1519,0.1388
25,1484,1509,0.1388
27,1482,1509,0.1388
27,1489,1516,0.1388
26,1494,1520,0.1388
26,1499,1525,0.1388
25,1497,1522,0.1388
26,1480,1506,0.1388
26,1482,1508,0.1388
27,1489,1516,0.1388
27,1502,1529,0.1388
26,1489,1515,0.1388
26,1499,1525,0.1388
26,1488,1514,0.1388
25,1486,1511,0.1388
26,1492,1518,0.1388
27,1480,1507,0.1388
27,1492,1519,0.1388
27,1494,1521,0.1388
27,1491,1518,0.1388
27,1492,1519,0.1388
28,1494,1522,0.1388
27,1498,1525,0.1388
28,1498,1526,0.1388
28,1491,1519,0.1388
28,1500,1528,0.1388
28,1501,1529,0.1388
26,1494,1520,0.1388
26,1477,1503,0.1388
24,1484,1508,0.1388
24,1487,1511,0.1388
24,1483,1507,0.1388
26,1481,1507,0.1388
27,1480,1507,0.1388
26,1481,1507,0.1388
27,1471,1498,0.1388
26,1479,1505,0.1388
26,1483,1509,0.1388
26,1496,1522,0.1388
25,1497,1522,0.1388
25,1506,1531,0.1388
24,1508,1532,0.1388
25,1502,1527,0.1388
26,1501,1527,0.1388
25,1502,1527,0.1388
24,1506,1530,0.1388
25,1509,1534,0.1388
26,1494,1520,0.1388
25,1503,1528,0.1388
24,1505,1529,0.1388
25,1509,1534,0.1388
26,1515,1541,0.1388
24,1508,1532,0.1388
24,1487,1511,0.1388
24,1486,1510,0.1388
24,1501,1525,0.1388
23,1502,1525,0.1388
22,1496,1518,0.1388
21,1497,1518,0.1388
22,1495,1517,0.1388
22,1498,1520,0.1388
21,1499,1520,0.1388
21,1502,1523,0.1388
21,1506,1527,0.1388
22,1502,1524,0.1388
21,1516,1537,0.1388
21,1497,1518,0.1388
20,1488,1508,0.1388
20,1486,1506,0.1388
20,1489,1509,0.1388
19,1504,1523,0.1388
19,1491,1510,0.1388
18,1495,1513,0.1388
18,1493,1511,0.1388
18,1501,1519,0.1388
18,1507,1525,0.1388
18,1496,1514,0.1388
18,1492,1510,0.1388
17,1478,1495,0.1388
19,1488,1507,0.1388
18,1484,1502,0.1388
18,1493,1511,0.1388
17,1501,1518,0.1388
16,1504,1520,0.1388
16,1498,1514,0.1388
16,1507,1523,0.1388
15,1514,1529,0.1388
13,1509,1522,0.1388
12,1506,1518,0.1388
12,1512,1524,0.1388
13,1509,1522,0.1388
15,1500,1515,0.1388
16,1491,1507,0.1388
16,1488,1504,0.1388
16,1490,1506,0.1388
16,1479,1495,0.1388
17,1506,1523,0.1388
17,1498,1515,0.1388
16,1508,1524,0.1388
17,1509,1526,0.1388
15,1488,1503,0.1388
15,1494,1509,0.1388
15,1495,1510,0.1388
15,1501,1516,0.1388
14,1496,1510,0.1388
15,1494,1509,0.1388
15,1494,1509,0.1388
15,1495,1510,0.1388
13,1493,1506,0.1388
12,1485,1497,0.1388
13,1500,1513,0.1388
13,1493,1506,0.1388
12,1502,1514,0.1388
12,1496,1508,0.1388
12,1497,1509,0.1388
12,1497,1509,0.1388
12,1502,1514,0.1388
11,1511,1522,0.1388
11,1502,1513,0.1388
10,1502,1512,0.1388
10,1508,1518,0.1388
10,1504,1514,0.1388
10,1507,1517,0.1388
9,1497,1506,0.1388
9,1491,1500,0.1388
9,1497,1506,0.1388
9,1511,1520,0.1388
8,1510,1518,0.1388
8,1495,1503,0.1388
8,1502,1510,0.1388
8,1499,1507,0.1388
7,1491,1498,0.1388
7,1498,1505,0.1388
6,1493,1499,0.1388
6,1492,1498,0.1388
6,1497,1503,0.1388
5,1502,1507,0.1388
5,1506,1511,0.1388
5,1509,1514,0.1388
5,1508,1513,0.1388
5,1503,1508,0.1388
5,1502,1507,0.1388
5,1496,1501,0.1388
4,1509,1513,0.1388
4,1513,1517,0.1388
4,1514,1518,0.1388
5,1516,1521,0.1388
5,1502,1507,0.1388
6,1505,1511,0.1388
6,1506,1512,0.1388
7,1515,1522,0.1388
7,1520,1527,0.1388
6,1501,1507,0.1388
6,1502,1508,0.1388
6,1501,1507,0.1388
6,1501,1507,0.1388
6,1500,1506,0.1388
6,1502,1508,0.1388
7,1509,1516,0.1388
7,1503,1510,0.1388
7,1501,1508,0.1388
7,1503,1510,0.1388
7,1515,1522,0.1388
7,1514,1521,0.1388
7,1507,1514,0.1388
7,1513,1520,0.1388
7,1501,1508,0.1388
7,1501,1508,0.1388
8,1500,1508,0.1388
7,1504,1511,0.1388
7,1497,1504,0.1388
6,1510,1516,0.1388
6,1503,1509,0.1388
6,1504,1510,0.1388
6,1504,1510,0.1388
5,1509,1514,0.1388
5,1510,1515,0.1388
5,1523,1528,0.1388
5,1528,1533,0.1388
5,1520,1525,0.1388
5,1516,1521,0.1388
6,1507,1513,0.1388
6,1516,1522,0.1388
6,1500,1506,0.1388
6,1482,1488,0.1388
6,1508,1514,0.1388
6,1496,1502,0.1388
5,1500,1505,0.1388
5,1502,1507,0.1388
6,1517,1523,0.1388
6,1512,1518,0.1388
7,1507,1514,0.1388
6,1523,1529,0.1388
6,1522,1528,0.1388
6,1519,1525,0.1388
6,1504,1510,0.1388
6,1507,1513,0.1388
6,1509,1515,0.1388
6,1509,1515,0.1388
6,1510,1516,0.1388
6,1517,1523,0.1388
6,1520,1526,0.1388
6,1506,1512,0.1388
6,1518,1524,0.1388
6,1515,1521,0.1388
5,1522,1527,0.1388
5,1517,1522,0.1388
5,1515,1520,0.1388
5,1511,1516,0.1388
5,1515,1520,0.1388
5,1497,1502,0.1388
4,1507,1511,0.1388
4,1505,1509,0.1388
4,1521,1525,0.1388
4,1531,1535,0.1388
4,1520,1524,0.1388
4,1517,1521,0.1388
4,1519,1523,0.1388
4,1513,1517,0.1388
4,1519,1523,0.1388
4,1518,1522,0.1388
4,1514,1518,0.1388
4,1505,1509,0.1388
4,1495,1499,0.1388
4,1499,1503,0.1388
4,1503,1507,0.1388
4,1505,1509,0.1388
4,1505,1509,0.1388
4,1511,1515,0.1388
4,1505,1509,0.1388
4,1517,1521,0.1388
5,1514,1519,0.1388
5,1517,1522,0.1388
5,1520,1525,0.1388
5,1518,1523,0.1388
5,1507,1512,0.1388
5,1515,1520,0.1388
5,1507,1512,0.1388
5,1503,1508,0.1388
5,1519,1524,0.1388
5,1517,1522,0.1388
5,1517,1522,0.1388
5,1517,1522,0.1388
5,1514,1519,0.1388
5,1518,1523,0.1388
5,1521,1526,0.1388
5,1530,1535,0.1388
5,1526,1531,0.1388
5,1527,1532,0.1388
5,1522,1527,0.1388
5,1520,1525,0.1388
5,1516,1521,0.1388
5,1524,1529,0.1388
5,1517,1522,0.1388
5,1518,1523,0.1388
6,1507,1513,0.1388
6,1506,1512,0.1388
6,1518,1524,0.1388
6,1513,1519,0.1388
5,1521,1526,0.1388
5,1527,1532,0.1388
5,1527,1532,0.1388
5,1522,1527,0.1388
5,1517,1522,0.1388
5,1522,1527,0.1388
5,1520,1525,0.1388
5,1516,1521,0.1388
5,1506,1511,0.1388
4,1498,1502,0.1388
4,1499,1503,0.1388
4,1511,1515,0.1388
4,1506,1510,0.1388
5,1513,1518,0.1388
5,1512,1517,0.1388
5,1497,1502,0.1388
6,1515,1521,0.1388
5,1515,1520,0.1388
5,1508,1513,0.1388
5,1502,1507,0.1388
5,1513,1518,0.1388
5,1516,1521,0.1388
4,1528,1532,0.1388
4,1529,1533,0.1388
5,1518,1523,0.1388
6,1514,1520,0.1388
6,1501,1507,0.1388
7,1512,1519,0.1388
8,1513,1521,0.1388
8,1512,1520,0.1388
8,1513,1521,0.1388
8,1515,1523,0.1388
8,1517,1525,0.1388
8,1512,1520,0.1388
8,1507,1515,0.1388
8,1500,1508,0.1388
9,1492,1501,0.1388
9,1507,1516,0.1388
9,1507,1516,0.1388
9,1506,1515,0.1388
9,1496,1505,0.1388
9,1514,1523,0.1388
9,1514,1523,0.1388
9,1505,1514,0.1388
9,1522,1531,0.1388
9,1525,1534,0.1388
9,1521,1530,0.1388
8,1508,1516,0.1388
9,1515,1524,0.1388
9,1506,1515,0.1388
9,1513,1522,0.1388
9,1513,1522,0.1388
9,1513,1522,0.1388
9,1508,1517,0.1388
9,1514,1523,0.1388
9,1509,1518,0.1388
10,1507,1517,0.1388
9,1499,1508,0.1388
10,1493,1503,0.1388
10,1499,1509,0.1388
10,1512,1522,0.1388
10,1507,1517,0.1388
9,1501,1510,0.1388
9,1503,1512,0.1388
9,1511,1520,0.1388
9,1529,1538,0.1388
9,1515,1524,0.1388
8,1500,1508,0.1388
8,1493,1501,0.1388
8,1496,1504,0.1388
7,1501,1508,0.1388
7,1516,1523,0.1388
7,1507,1514,0.1388
7,1512,1519,0.1388
8,1504,1512,0.1388
8,1505,1513,0.1388
8,1521,1529,0.1388
7,1518,1525,0.1388
7,1517,1524,0.1388
7,1517,1524,0.1388
7,1520,1527,0.1388
6,1515,1521,0.1388
6,1505,1511,0.1388
5,1513,1518,0.1388
5,1515,1520,0.1388
5,1508,1513,0.1388
5,1512,1517,0.1388
5,1506,1511,0.1388
5,1505,1510,0.1388
5,1495,1500,0.1388
5,1499,1504,0.1388
5,1508,1513,0.1388
5,1527,1532,0.1388
4,1519,1523,0.1388
3,1517,1520,0.1388
2,1527,1529,0.1388
2,1526,1528,0.1388
2,1517,1519,0.1388
2,1518,1520,0.1388
2,1506,1508,0.1388
2,1506,1508,0.1388
2,1507,1509,0.1388
2,1517,1519,0.1388
2,1529,1531,0.1388
2,1519,1521,0.1388
2,1509,1511,0.1388
2,1515,1517,0.1388
2,1524,1526,0.1388
2,1516,1518,0.1388
2,1515,1517,0.1388
2,1508,1510,0.1388
2,1517,1519,0.1388
2,1516,1518,0.1388
2,1512,1514,0.1388
2,1515,1517,0.1388
1,1505,1506,0.1388
1,1504,1505,0.1388
2,1511,1513,0.1388
3,1520,1523,0.1388
3,1516,1519,0.1388
3,1516,1519,0.1388
3,1511,1514,0.1388
2,1510,1512,0.1388
2,1519,1521,0.1388
2,1515,1517,0.1388
2,1506,1508,0.1388
2,1509,1511,0.1388
2,1517,1519,0.1388
3,1527,1530,0.1388
4,1528,1532,0.1388
4,1521,1525,0.1388
4,1518,1522,0.1388
4,1507,1511,0.1388
4,1509,1513,0.1388
5,1497,1502,0.1388
5,1506,1511,0.1388
5,1513,1518,0.1388
5,1514,1519,0.1388
5,1515,1520,0.1388
5,1524,1529,0.1388
4,1527,1531,0.1388
4,1523,1527,0.1388
4,1506,1510,0.1388
3,1514,1517,0.1388
5,1519,1524,0.1388
6,1513,1519,0.1388
6,1516,1522,0.1388
6,1517,1523,0.1388
6,1514,1520,0.1388
6,1512,1518,0.1388
6,1515,1521,0.1388
6,1516,1522,0.1388
6,1517,1523,0.1388
6,1515,1521,0.1388
5,1512,1517,0.1388
5,1506,1511,0.1388
5,1515,1520,0.1388
5,1510,1515,0.1388
6,1493,1499,0.1388
5,1524,1529,0.1388
5,1511,1516,0.1388
5,1505,1510,0.1388
5,1512,1517,0.1388
5,1515,1520,0.1388
5,1523,1528,0.1388
6,1520,1526,0.1388
6,1527,1533,0.1388
6,1538,1544,0.1388
5,1522,1527,0.1388
6,1524,1530,0.1388
6,1526,1532,0.1388
6,1512,1518,0.1388
6,1515,1521,0.1388
5,1520,1525,0.1388
4,1507,1511,0.1388
4,1511,1515,0.1388
5,1509,1514,0.1388
5,1513,1518,0.1388
4,1509,1513,0.1388
5,1510,1515,0.1388
5,1515,1520,0.1388
5,1518,1523,0.1388
4,1512,1516,0.1388
4,1531,1535,0.1388
4,1530,1534,0.1388
4,1515,1519,0.1388
4,1525,1529,0.1388
4,1502,1506,0.1388
4,1493,1497,0.1388
4,1493,1497,0.1388
4,1507,1511,0.1388
4,1510,1514,0.1388
4,1511,1515,0.1388
4,1521,1525,0.1388
4,1517,1521,0.1388
4,1513,1517,0.1388
4,1522,1526,0.1388
3,1508,1511,0.1388
3,1515,1518,0.1388
3,1510,1513,0.1388
3,1509,1512,0.1388
3,1508,1511,0.1388
3,1513,1516,0.1388
3,1516,1519,0.1388
3,1514,1517,0.1388
4,1521,1525,0.1388
5,1507,1512,0.1388
5,1511,1516,0.1388
5,1511,1516,0.1388
5,1519,1524,0.1388
4,1516,1520,0.1388
4,1517,1521,0.1388
4,1510,1514,0.1388
4,1518,1522,0.1388
4,1521,1525,0.1388
4,1521,1525,0.1388
4,1532,1536,0.1388
4,1513,1517,0.1388
4,1516,1520,0.1388
4,1509,1513,0.1388
4,1518,1522,0.1388
2,1509,1511,0.1388
3,1515,1518,0.1388
4,1528,1532,0.1388
3,1522,1525,0.1388
3,1514,1517,0.1388
3,1507,1510,0.1388
3,1511,1514,0.1388
3,1510,1513,0.1388
3,1525,1528,0.1388
3,1525,1528,0.1388
3,1532,1535,0.1388
3,1535,1538,0.1388
3,1514,1517,0.1388
3,1528,1531,0.1388
3,1516,1519,0.1388
3,1515,1518,0.1388
3,1527,1530,0.1388
3,1519,1522,0.1388
3,1513,1516,0.1388
4,1518,1522,0.1388
4,1521,1525,0.1388
4,1513,1517,0.1388
4,1508,1512,0.1388
4,1510,1514,0.1388
4,1505,1509,0.1388
4,1505,1509,0.1388
4,1512,1516,0.1388
5,1531,1536,0.1388
5,1524,1529,0.1388
5,1522,1527,0.1388
5,1528,1533,0.1388
5,1520,1525,0.1388
5,1521,1526,0.1388
5,1522,1527,0.1388
5,1515,1520,0.1388
5,1510,1515,0.1388
5,1495,1500,0.1388
5,1503,1508,0.1388
5,1517,1522,0.1388
5,1516,1521,0.1388
4,1520,1524,0.1388
4,1508,1512,0.1388
4,1507,1511,0.1388
4,1509,1513,0.1388
5,1499,1504,0.1388
5,1513,1518,0.1388
5,1522,1527,0.1388
6,1525,1531,0.1388
6,1518,1524,0.1388
6,1519,1525,0.1388
6,1507,1513,0.1388
6,1501,1507,0.1388
6,1521,1527,0.1388
6,1514,1520,0.1388
6,1517,1523,0.1388
5,1518,1523,0.1388
5,1511,1516,0.1388
5,1508,1513,0.1388
5,1509,1514,0.1388
5,1519,1524,0.1388
5,1505,1510,0.1388
5,1513,1518,0.1388
5,1507,1512,0.1388
5,1526,1531,0.1388
5,1514,1519,0.1388
5,1512,1517,0.1388
5,1507,1512,0.1388
5,1507,1512,0.1388
5,1508,1513,0.1388
5,1507,1512,0.1388
6,1507,1513,0.1388
7,1498,1505,0.1388
7,1504,1511,0.1388
7,1521,1528,0.1388
7,1516,1523,0.1388
8,1506,1514,0.1388
6,1520,1526,0.1388
6,1510,1516,0.1388
6,1517,1523,0.1388
5,1512,1517,0.1388
5,1519,1524,0.1388
5,1505,1510,0.1388
6,1501,1507,0.1388
6,1512,1518,0.1388
6,1515,1521,0.1388
4,1515,1519,0.1388
4,1512,1516,0.1388
4,1493,1497,0.1388
4,1498,1502,0.1388
5,1504,1509,0.1388
5,1507,1512,0.1388
5,1503,1508,0.1388
5,1498,1503,0.1388
5,1509,1514,0.1388
6,1508,1514,0.1388
6,1505,1511,0.1388
7,1507,1514,0.1388
7,1510,1517,0.1388
7,1510,1517,0.1388
7,1515,1522,0.1388
7,1505,1512,0.1388
7,1505,1512,0.1388
7,1520,1527,0.1388
6,1510,1516,0.1388
6,1512,1518,0.1388
6,1509,1515,0.1388
6,1510,1516,0.1388
6,1496,1502,0.1388
7,1503,1510,0.1388
7,1504,1511,0.1388
8,1508,1516,0.1388
8,1498,1506,0.1388
7,1503,1510,0.1388
7,1489,1496,0.1388
6,1495,1501,0.1388
6,1506,1512,0.1388
6,1503,1509,0.1388
6,1506,1512,0.1388
6,1497,1503,0.1388
6,1498,1504,0.1388
6,1495,1501,0.1388
6,1486,1492,0.1388
6,1504,1510,0.1388
6,1499,1505,0.1388
6,1506,1512,0.1388
7,1493,1500,0.1388
7,1493,1500,0.1388
8,1499,1507,0.1388
8,1505,1513,0.1388
7,1508,1515,0.1388
7,1517,1524,0.1388
7,1526,1533,0.1388
6,1515,1521,0.1388
6,1509,1515,0.1388
5,1515,1520,0.1388
5,1519,1524,0.1388
4,1516,1520,0.1388
4,1510,1514,0.1388
5,1515,1520,0.1388
5,1520,1525,0.1388
5,1518,1523,0.1388
5,1521,1526,0.1388
5,1518,1523,0.1388
5,1520,1525,0.1388
5,1527,1532,0.1388
5,1504,1509,0.1388
5,1509,1514,0.1388
5,1514,1519,0.1388
5,1507,1512,0.1388
5,1513,1518,0.1388
5,1506,1511,0.1388
4,1505,1509,0.1388
3,1519,1522,0.1388
3,1509,1512,0.1388
3,1493,1496,0.1388
3,1489,1492,0.1388
3,1492,1495,0.1388
3,1501,1504,0.1388
3,1500,1503,0.1388
3,1505,1508,0.1388
3,1507,1510,0.1388
3,1495,1498,0.1388
4,1499,1503,0.1388
3,1509,1512,0.1388
2,1519,1521,0.1388
2,1521,1523,0.1388
2,1521,1523,0.1388
3,1515,1518,0.1388
3,1522,1525,0.1388
3,1518,1521,0.1388
3,1512,1515,0.1388
3,1506,1509,0.1388
3,1502,1505,0.1388
3,1495,1498,0.1388
3,1511,1514,0.1388
3,1511,1514,0.1388
3,1523,1526,0.1388
3,1504,1507,0.1388
3,1496,1499,0.1388
3,1492,1495,0.1388
3,1499,1502,0.1388
3,1508,1511,0.1388
3,1513,1516,0.1388
3,1517,1520,0.1388
3,1523,1526,0.1388
3,1520,1523,0.1388
3,1526,1529,0.1388
4,1515,1519,0.1388
3,1526,1529,0.1388
3,1521,1524,0.1388
2,1522,1524,0.1388
2,1519,1521,0.1388
2,1509,1511,0.1388
2,1517,1519,0.1388
2,1524,1526,0.1388
2,1497,1499,0.1388
2,1500,1502,0.1388
2,1496,1498,0.1388
2,1495,1497,0.1388
2,1501,1503,0.1388
2,1500,1502,0.1388
2,1503,1505,0.1388
2,1499,1501,0.1388
2,1502,1504,0.1388
2,1508,1510,0.1388
2,1505,1507,0.1388
1,1513,1514,0.1388
2,1504,1506,0.1388
2,1523,1525,0.1388
2,1510,1512,0.1388
3,1518,1521,0.1388
3,1517,1520,0.1388
3,1508,1511,0.1388
3,1498,1501,0.1388
3,1513,1516,0.1388
3,1519,1522,0.1388
2,1522,1524,0.1388
2,1517,1519,0.1388
2,1514,1516,0.1388
2,1512,1514,0.1388
1,1508,1509,0.1388
2,1517,1519,0.1388
2,1516,1518,0.1388
2,1512,1514,0.1388
2,1511,1513,0.1388
2,1507,1509,0.1388
2,1509,1511,0.1388
3,1507,1510,0.1388
4,1520,1524,0.1388
4,1521,1525,0.1388
5,1528,1533,0.1388
5,1515,1520,0.1388
5,1525,1530,0.1388
5,1526,1531,0.1388
5,1520,1525,0.1388
5,1519,1524,0.1388
5,1524,1529,0.1388
6,1515,1521,0.1388
6,1515,1521,0.1388
6,1515,1521,0.1388
6,1517,1523,0.1388
6,1527,1533,0.1388
6,1521,1527,0.1388
6,1509,1515,0.1388
6,1502,1508,0.1388
5,1514,1519,0.1388
5,1498,1503,0.1388
4,1510,1514,0.1388
4,1517,1521,0.1388
2,1510,1512,0.1388
2,1514,1516,0.1388
2,1512,1514,0.1388
2,1515,1517,0.1388
2,1524,1526,0.1388
2,1527,1529,0.1388
2,1517,1519,0.1388
2,1523,1525,0.1388
3,1517,1520,0.1388
3,1514,1517,0.1388
3,1504,1507,0.1388
3,1496,1499,0.1388
3,1503,1506,0.1388
3,1515,1518,0.1388
3,1533,1536,0.1388
3,1523,1526,0.1388
3,1517,1520,0.1388
3,1525,1528,0.1388
4,1522,1526,0.1388
3,1533,1536,0.1388
3,1528,1531,0.1388
3,1523,1526,0.1388
3,1519,1522,0.1388
3,1524,1527,0.1388
3,1522,1525,0.1388
3,1519,1522,0.1388
3,1521,1524,0.1388
3,1510,1513,0.1388
3,1502,1505,0.1388
3,1505,1508,0.1388
3,1512,1515,0.1388
3,1503,1506,0.1388
4,1504,1508,0.1388
4,1504,1508,0.1388
4,1505,1509,0.1388
3,1504,1507,0.1388
3,1509,1512,0.1388
3,1515,1518,0.1388
3,1526,1529,0.1388
2,1527,1529,0.1388
2,1533,1535,0.1388
2,1537,1539,0.1388
2,1529,1531,0.1388
2,1528,1530,0.1388
2,1520,1522,0.1388
2,1503,1505,0.1388
2,1513,1515,0.1388
2,1521,1523,0.1388
2,1533,1535,0.1388
2,1535,1537,0.1388
2,1520,1522,0.1388
2,1515,1517,0.1388
2,1508,1510,0.1388
2,1501,1503,0.1388
2,1518,1520,0.1388
2,1516,1518,0.1388
1,1510,1511,0.1388
1,1502,1503,0.1388
1,1492,1493,0.1388
1,1510,1511,0.1388
1,1516,1517,0.1388
1,1522,1523,0.1388
1,1516,1517,0.1388
1,1524,1525,0.1388
1,1510,1511,0.1388
1,1512,1513,0.1388
1,1519,1520,0.1388
1,1516,1517,0.1388
1,1513,1514,0.1388
1,1515,1516,0.1388
1,1519,1520,0.1388
1,1523,1524,0.1388
1,1517,1518,0.1388
1,1502,1503,0.1388
1,1502,1503,0.1388
1,1503,1504,0.1388
2,1507,1509,0.1388
2,1520,1522,0.1388
2,1514,1516,0.1388
2,1525,1527,0.1388
2,1520,1522,0.1388
1,1521,1522,0.1388
1,1516,1517,0.1388
1,1521,1522,0.1388
1,1509,1510,0.1388
1,1509,1510,0.1388
1,1500,1501,0.1388
1,1503,1504,0.1388
1,1505,1506,0.1388
1,1504,1505,0.1388
1,1512,1513,0.1388
1,1518,1519,0.1388
1,1521,1522,0.1388
1,1522,1523,0.1388
1,1515,1516,0.1388
1,1522,1523,0.1388
1,1519,1520,0.1388
0,1507,1507,0.1388
