1369,28,1397,0.1388
1397,27,1424,0.1388
1424,28,1452,0.1388
1427,27,1454,0.1388
1438,29,1467,0.1388
1469,28,1497,0.1388
1462,27,1489,0.1388
1446,26,1472,0.1388
1456,25,1481,0.1388
1460,25,1485,0.1388
1468,23,1491,0.1388
1466,22,1488,0.1388
1476,23,1499,0.1388
1477,23,1500,0.1388
1481,22,1503,0.1388
1471,21,1492,0.1388
1482,20,1502,0.1388
1486,20,1506,0.1388
1471,19,1490,0.1388
1466,21,1487,0.1388
1466,19,1485,0.1388
1478,20,1498,0.1388
1471,22,1493,0.1388
1474,21,1495,0.1388
1472,20,1492,0.1388
1471,21,1492,0.1388
1468,20,1488,0.1388
1471,19,1490,0.1388
1464,18,1482,0.1388
1480,20,1500,0.1388
1463,20,1483,0.1388
1472,20,1492,0.1388
1468,20,1488,0.1388
1473,20,1493,0.1388
1474,19,1493,0.1388
1482,19,1501,0.1388
1483,20,1503,0.1388
1478,21,1499,0.1388
1475,19,1494,0.1388
1465,19,1484,0.1388
1476,19,1495,0.1388
1471,19,1490,0.1388
1485,21,1506,0.1388
1481,21,1502,0.1388
1478,22,1500,0.1388
1468,24,1492,0.1388
1471,23,1494,0.1388
1468,24,1492,0.1388
1464,25,1489,0.1388
1456,24,1480,0.1388
1455,24,1479,0.1388
1469,22,1491,0.1388
1489,21,1510,0.1388
1481,21,1502,0.1388
1479,21,1500,0.1388
1470,21,1491,0.1388
1466,21,1487,0.1388
1459,21,1480,0.1388
1476,21,1497,0.1388
1471,21,1492,0.1388
1463,21,1484,0.1388
1475,22,1497,0.1388
1491,20,1511,0.1388
1470,22,1492,0.1388
1465,22,1487,0.1388
1477,22,1499,0.1388
1468,20,1488,0.1388
1473,22,1495,0.1388
1473,22,1495,0.1388
1454,21,1475,0.1388
1460,22,1482,0.1388
1467,24,1491,0.1388
1482,24,1506,0.1388
1471,24,1495,0.1388
1470,26,1496,0.1388
1488,26,1514,0.1388
1487,26,1513,0.1388
1484,27,1511,0.1388
1474,27,1501,0.1388
1468,27,1495,0.1388
1462,26,1488,0.1388
1463,26,1489,0.1388
1465,25,1490,0.1388
1460,27,1487,0.1388
1458,26,1484,0.1388
1455,25,1480,0.1388
1449,26,1475,0.1388
1460,28,1488,0.1388
1460,28,1488,0.1388
1458,29,1487,0.1388
1465,29,1494,0.1388
1469,30,1499,0.1388
1462,30,1492,0.1388
1471,28,1499,0.1388
1471,29,1500,0.1388
1462,29,1491,0.1388
1462,30,1492,0.1388
1462,29,1491,0.1388
1461,30,1491,0.1388
1459,31,1490,0.1388
1449,33,1482,0.1388
1462,34,1496,0.1388
1453,33,1486,0.1388
1467,34,1501,0.1388
1474,32,1506,0.1388
1481,31,1512,0.1388
1476,30,1506,0.1388
1480,30,1510,0.1388
1475,34,1509,0.1388
1466,35,1501,0.1388
1470,34,1504,0.1388
1470,33,1503,0.1388
1476,34,1510,0.1388
1459,33,1492,0.1388
1466,33,1499,0.1388
1461,33,1494,0.1388
1455,31,1486,0.1388
1473,31,1504,0.1388
1474,30,1504,0.1388
1469,34,1503,0.1388
1451,36,1487,0.1388
1456,34,1490,0.1388
1469,36,1505,0.1388
1464,36,1500,0.1388
1461,35,1496,0.1388
1461,33,1494,0.1388
1449,30,1479,0.1388
1438,31,1469,0.1388
1466,31,1497,0.1388
1468,32,1500,0.1388
1474,32,1506,0.1388
1480,32,1512,0.1388
1478,32,1510,0.1388
1471,33,1504,0.1388
1468,33,1501,0.1388
1467,27,1494,0.1388
1464,26,1490,0.1388
1460,27,1487,0.1388
1473,29,1502,0.1388
1471,27,1498,0.1388
1461,29,1490,0.1388
1453,29,1482,0.1388
1468,28,1496,0.1388
1465,27,1492,0.1388
1459,28,1487,0.1388
1466,29,1495,0.1388
1472,27,1499,0.1388
1481,30,1511,0.1388
1479,31,1510,0.1388
1469,29,1498,0.1388
1462,29,1491,0.1388
1463,29,1492,0.1388
1464,31,1495,0.1388
1455,30,1485,0.1388
1458,30,1488,0.1388
1459,29,1488,0.1388
1463,30,1493,0.1388
1445,30,1475,0.1388
1452,29,1481,0.1388
1462,29,1491,0.1388
1467,29,1496,0.1388
1478,30,1508,0.1388
1465,32,1497,0.1388
1461,32,1493,0.1388
1443,33,1476,0.1388
1449,34,1483,0.1388
1437,33,1470,0.1388
1444,33,1477,0.1388
1455,34,1489,0.1388
1453,35,1488,0.1388
1463,34,1497,0.1388
1460,34,1494,0.1388
1466,37,1503,0.1388
1474,36,1510,0.1388
1471,35,1506,0.1388
1461,34,1495,0.1388
1469,33,1502,0.1388
1465,32,1497,0.1388
1458,33,1491,0.1388
1470,34,1504,0.1388
1478,38,1516,0.1388
1474,37,1511,0.1388
1482,35,1517,0.1388
1483,34,1517,0.1388
1465,33,1498,0.1388
1468,34,1502,0.1388
1461,35,1496,0.1388
1452,34,1486,0.1388
1460,34,1494,0.1388
1465,35,1500,0.1388
1463,35,1498,0.1388
1468,36,1504,0.1388
1476,36,1512,0.1388
1466,34,1500,0.1388
1461,34,1495,0.1388
1480,36,1516,0.1388
1482,37,1519,0.1388
1485,37,1522,0.1388
1472,37,1509,0.1388
1466,38,1504,0.1388
1468,36,1504,0.1388
1470,35,1505,0.1388
1459,38,1497,0.1388
1445,38,1483,0.1388
1431,38,1469,0.1388
1433,38,1471,0.1388
1440,38,1478,0.1388
1448,40,1488,0.1388
1456,43,1499,0.1388
1463,41,1504,0.1388
1470,40,1510,0.1388
1469,39,1508,0.1388
1468,39,1507,0.1388
1452,38,1490,0.1388
1447,39,1486,0.1388
1452,39,1491,0.1388
1438,40,1478,0.1388
1446,41,1487,0.1388
1451,43,1494,0.1388
1446,46,1492,0.1388
1451,48,1499,0.1388
1441,48,1489,0.1388
1443,47,1490,0.1388
1449,46,1495,0.1388
1454,44,1498,0.1388
1459,43,1502,0.1388
1457,43,1500,0.1388
1454,45,1499,0.1388
1445,45,1490,0.1388
1442,46,1488,0.1388
1442,50,1492,0.1388
1431,49,1480,0.1388
1442,51,1493,0.1388
1434,51,1485,0.1388
1426,52,1478,0.1388
1428,51,1479,0.1388
1424,52,1476,0.1388
1430,52,1482,0.1388
1433,50,1483,0.1388
1441,50,1491,0.1388
1431,48,1479,0.1388
1435,47,1482,0.1388
1437,48,1485,0.1388
1445,50,1495,0.1388
1449,51,1500,0.1388
1450,50,1500,0.1388
1446,49,1495,0.1388
1429,51,1480,0.1388
1431,52,1483,0.1388
1424,53,1477,0.1388
1425,55,1480,0.1388
1430,55,1485,0.1388
1434,58,1492,0.1388
1441,58,1499,0.1388
1436,58,1494,0.1388
1442,57,1499,0.1388
1449,55,1504,0.1388
1435,55,1490,0.1388
1435,54,1489,0.1388
1435,52,1487,0.1388
1445,56,1501,0.1388
1429,56,1485,0.1388
1427,58,1485,0.1388
1429,59,1488,0.1388
1436,56,1492,0.1388
1415,56,1471,0.1388
1429,57,1486,0.1388
1432,56,1488,0.1388
1443,55,1498,0.1388
1433,56,1489,0.1388
1437,53,1490,0.1388
1430,53,1483,0.1388
1434,57,1491,0.1388
1429,57,1486,0.1388
1429,58,1487,0.1388
1420,59,1479,0.1388
1433,56,1489,0.1388
1434,61,1495,0.1388
1438,63,1501,0.1388
1430,62,1492,0.1388
1417,63,1480,0.1388
1435,65,1500,0.1388
1432,61,1493,0.1388
1438,60,1498,0.1388
1436,61,1497,0.1388
1428,61,1489,0.1388
1430,64,1494,0.1388
1435,65,1500,0.1388
1430,65,1495,0.1388
1438,64,1502,0.1388
1436,63,1499,0.1388
1445,63,1508,0.1388
1429,65,1494,0.1388
1436,64,1500,0.1388
1441,65,1506,0.1388
1431,66,1497,0.1388
1431,65,1496,0.1388
1436,62,1498,0.1388
1433,60,1493,0.1388
1434,59,1493,0.1388
1440,60,1500,0.1388
1408,58,1466,0.1388
1403,60,1463,0.1388
1414,60,1474,0.1388
1414,62,1476,0.1388
1432,63,1495,0.1388
1425,63,1488,0.1388
1433,64,1497,0.1388
1440,63,1503,0.1388
1423,64,1487,0.1388
1429,66,1495,0.1388
1425,64,1489,0.1388
1427,67,1494,0.1388
1425,64,1489,0.1388
1416,64,1480,0.1388
1420,67,1487,0.1388
1416,68,1484,0.1388
1422,67,1489,0.1388
1426,64,1490,0.1388
1426,64,1490,0.1388
1437,64,1501,0.1388
1431,65,1496,0.1388
1438,66,1504,0.1388
1428,65,1493,0.1388
1433,64,1497,0.1388
1426,64,1490,0.1388
1419,63,1482,0.1388
1413,65,1478,0.1388
1418,64,1482,0.1388
1415,65,1480,0.1388
1406,65,1471,0.1388
1412,64,1476,0.1388
1423,67,1490,0.1388
1429,68,1497,0.1388
1431,69,1500,0.1388
1420,71,1491,0.1388
1413,71,1484,0.1388
1420,69,1489,0.1388
1424,67,1491,0.1388
1420,67,1487,0.1388
1429,69,1498,0.1388
1427,67,1494,0.1388
1423,69,1492,0.1388
1417,74,1491,0.1388
1413,75,1488,0.1388
1415,76,1491,0.1388
1419,75,1494,0.1388
1419,75,1494,0.1388
1413,76,1489,0.1388
1423,75,1498,0.1388
1423,73,1496,0.1388
1414,72,1486,0.1388
1407,73,1480,0.1388
1428,72,1500,0.1388
1422,71,1493,0.1388
1417,68,1485,0.1388
1417,74,1491,0.1388
1403,74,1477,0.1388
1394,75,1469,0.1388
1421,75,1496,0.1388
1419,74,1493,0.1388
1419,73,1492,0.1388
1408,75,1483,0.1388
1411,72,1483,0.1388
1419,69,1488,0.1388
1405,71,1476,0.1388
1414,73,1487,0.1388
1423,73,1496,0.1388
1431,73,1504,0.1388
1418,74,1492,0.1388
1411,76,1487,0.1388
1402,79,1481,0.1388
1402,80,1482,0.1388
1404,81,1485,0.1388
1391,85,1476,0.1388
1389,87,1476,0.1388
1389,87,1476,0.1388
1382,78,1460,0.1388
1393,78,1471,0.1388
1394,77,1471,0.1388
1398,78,1476,0.1388
1400,75,1475,0.1388
1402,77,1479,0.1388
1399,77,1476,0.1388
1409,78,1487,0.1388
1409,77,1486,0.1388
1410,78,1488,0.1388
1411,83,1494,0.1388
1421,83,1504,0.1388
1409,85,1494,0.1388
1412,84,1496,0.1388
1399,85,1484,0.1388
1391,85,1476,0.1388
1407,85,1492,0.1388
1419,83,1502,0.1388
1418,83,1501,0.1388
1406,84,1490,0.1388
1395,84,1479,0.1388
1406,82,1488,0.1388
1405,82,1487,0.1388
1410,79,1489,0.1388
1408,79,1487,0.1388
1408,80,1488,0.1388
1418,81,1499,0.1388
1408,78,1486,0.1388
1403,83,1486,0.1388
1421,83,1504,0.1388
1422,85,1507,0.1388
1412,84,1496,0.1388
1417,87,1504,0.1388
1413,86,1499,0.1388
1407,85,1492,0.1388
1401,85,1486,0.1388
1399,85,1484,0.1388
1409,86,1495,0.1388
1411,84,1495,0.1388
1410,82,1492,0.1388
1396,82,1478,0.1388
1400,86,1486,0.1388
1390,87,1477,0.1388
1382,88,1470,0.1388
1382,91,1473,0.1388
1384,94,1478,0.1388
1400,94,1494,0.1388
1402,92,1494,0.1388
1399,95,1494,0.1388
1402,94,1496,0.1388
1411,90,1501,0.1388
1404,93,1497,0.1388
1393,90,1483,0.1388
1396,95,1491,0.1388
1391,98,1489,0.1388
1389,102,1491,0.1388
1397,99,1496,0.1388
1386,99,1485,0.1388
1394,100,1494,0.1388
1387,103,1490,0.1388
1393,102,1495,0.1388
1404,101,1505,0.1388
1398,100,1498,0.1388
1410,99,1509,0.1388
1397,100,1497,0.1388
1384,103,1487,0.1388
1389,104,1493,0.1388
1377,105,1482,0.1388
1373,104,1477,0.1388
1379,104,1483,0.1388
1394,102,1496,0.1388
1406,102,1508,0.1388
1402,105,1507,0.1388
1396,103,1499,0.1388
1390,105,1495,0.1388
1398,103,1501,0.1388
1397,106,1503,0.1388
1397,103,1500,0.1388
1394,106,1500,0.1388
1403,108,1511,0.1388
1405,110,1515,0.1388
1407,113,1520,0.1388
1393,111,1504,0.1388
1395,107,1502,0.1388
1398,107,1505,0.1388
1404,107,1511,0.1388
1388,111,1499,0.1388
1365,112,1477,0.1388
1359,112,1471,0.1388
1376,111,1487,0.1388
1386,109,1495,0.1388
1387,111,1498,0.1388
1384,113,1497,0.1388
1383,113,1496,0.1388
1383,114,1497,0.1388
1365,115,1480,0.1388
1370,112,1482,0.1388
1379,111,1490,0.1388
1382,109,1491,0.1388
1373,109,1482,0.1388
1372,105,1477,0.1388
1384,107,1491,0.1388
1386,111,1497,0.1388
1378,114,1492,0.1388
1384,115,1499,0.1388
1381,117,1498,0.1388
1387,116,1503,0.1388
1379,117,1496,0.1388
1370,114,1484,0.1388
1377,113,1490,0.1388
1385,114,1499,0.1388
1382,112,1494,0.1388
1378,116,1494,0.1388
1383,114,1497,0.1388
1373,110,1483,0.1388
1381,112,1493,0.1388
1376,111,1487,0.1388
1378,112,1490,0.1388
1386,109,1495,0.1388
1387,111,1498,0.1388
1371,109,1480,0.1388
1384,109,1493,0.1388
1393,107,1500,0.1388
1379,109,1488,0.1388
1386,112,1498,0.1388
1389,113,1502,0.1388
1391,115,1506,0.1388
1397,117,1514,0.1388
1394,119,1513,0.1388
1385,116,1501,0.1388
1376,118,1494,0.1388
1372,120,1492,0.1388
1374,120,1494,0.1388
1368,121,1489,0.1388
1350,121,1471,0.1388
1359,122,1481,0.1388
1362,121,1483,0.1388
1367,121,1488,0.1388
1375,121,1496,0.1388
1375,125,1500,0.1388
1356,125,1481,0.1388
1348,130,1478,0.1388
1353,131,1484,0.1388
1348,134,1482,0.1388
1343,137,1480,0.1388
1353,135,1488,0.1388
1360,132,1492,0.1388
1370,131,1501,0.1388
1364,128,1492,0.1388
1371,129,1500,0.1388
1375,130,1505,0.1388
1358,130,1488,0.1388
1365,129,1494,0.1388
1349,134,1483,0.1388
1347,134,1481,0.1388
1360,134,1494,0.1388
1353,133,1486,0.1388
1351,135,1486,0.1388
1349,141,1490,0.1388
1350,138,1488,0.1388
1349,137,1486,0.1388
1346,144,1490,0.1388
1328,150,1478,0.1388
1327,149,1476,0.1388
1334,145,1479,0.1388
1340,151,1491,0.1388
1333,149,1482,0.1388
1340,149,1489,0.1388
1337,147,1484,0.1388
1340,143,1483,0.1388
1343,144,1487,0.1388
1350,146,1496,0.1388
1345,145,1490,0.1388
1341,146,1487,0.1388
1338,148,1486,0.1388
1329,149,1478,0.1388
1331,151,1482,0.1388
1343,152,1495,0.1388
1340,152,1492,0.1388
1343,154,1497,0.1388
1332,152,1484,0.1388
1340,155,1495,0.1388
1339,152,1491,0.1388
1341,152,1493,0.1388
1349,153,1502,0.1388
1332,151,1483,0.1388
1326,154,1480,0.1388
1325,158,1483,0.1388
1329,152,1481,0.1388
1347,148,1495,0.1388
1342,145,1487,0.1388
1349,150,1499,0.1388
1335,151,1486,0.1388
1337,153,1490,0.1388
1341,155,1496,0.1388
1335,156,1491,0.1388
1342,157,1499,0.1388
1346,156,1502,0.1388
1358,157,1515,0.1388
1353,155,1508,0.1388
1341,156,1497,0.1388
1346,151,1497,0.1388
1347,151,1498,0.1388
1348,152,1500,0.1388
1332,150,1482,0.1388
1339,151,1490,0.1388
1347,150,1497,0.1388
1362,154,1516,0.1388
1368,152,1520,0.1388
1347,150,1497,0.1388
1351,150,1501,0.1388
1344,156,1500,0.1388
1329,158,1487,0.1388
1342,160,1502,0.1388
1345,162,1507,0.1388
1343,168,1511,0.1388
1342,167,1509,0.1388
1338,163,1501,0.1388
1341,166,1507,0.1388
1346,168,1514,0.1388
1329,170,1499,0.1388
1327,174,1501,0.1388
1337,171,1508,0.1388
1331,173,1504,0.1388
1315,174,1489,0.1388
1320,174,1494,0.1388
1331,175,1506,0.1388
1337,176,1513,0.1388
1324,180,1504,0.1388
1313,182,1495,0.1388
1318,185,1503,0.1388
1322,183,1505,0.1388
1327,181,1508,0.1388
1316,177,1493,0.1388
1320,175,1495,0.1388
1314,174,1488,0.1388
1308,179,1487,0.1388
1307,181,1488,0.1388
1308,183,1491,0.1388
1306,186,1492,0.1388
1309,189,1498,0.1388
1306,187,1493,0.1388
1307,190,1497,0.1388
1302,191,1493,0.1388
1298,190,1488,0.1388
1300,188,1488,0.1388
1309,190,1499,0.1388
1295,191,1486,0.1388
1298,192,1490,0.1388
1312,194,1506,0.1388
1315,194,1509,0.1388
1320,192,1512,0.1388
1323,191,1514,0.1388
1309,192,1501,0.1388
1291,195,1486,0.1388
1278,199,1477,0.1388
1278,200,1478,0.1388
1293,198,1491,0.1388
1298,199,1497,0.1388
1308,202,1510,0.1388
1311,196,1507,0.1388
1311,200,1511,0.1388
1302,199,1501,0.1388
1302,198,1500,0.1388
1300,198,1498,0.1388
1305,200,1505,0.1388
1299,197,1496,0.1388
1301,196,1497,0.1388
1306,207,1513,0.1388
1295,209,1504,0.1388
1301,208,1509,0.1388
1290,209,1499,0.1388
1299,207,1506,0.1388
1289,207,1496,0.1388
1293,207,1500,0.1388
1283,206,1489,0.1388
1287,210,1497,0.1388
1298,206,1504,0.1388
1305,208,1513,0.1388
1305,211,1516,0.1388
1290,214,1504,0.1388
1290,216,1506,0.1388
1291,211,1502,0.1388
1271,207,1478,0.1388
1271,213,1484,0.1388
1276,217,1493,0.1388
1275,220,1495,0.1388
1286,217,1503,0.1388
1293,223,1516,0.1388
1291,221,1512,0.1388
1285,220,1505,0.1388
1268,221,1489,0.1388
1284,221,1505,0.1388
1272,224,1496,0.1388
1279,222,1501,0.1388
1271,221,1492,0.1388
1268,221,1489,0.1388
1273,224,1497,0.1388
1278,227,1505,0.1388
1279,233,1512,0.1388
1265,234,1499,0.1388
1276,236,1512,0.1388
1263,238,1501,0.1388
1265,236,1501,0.1388
1267,235,1502,0.1388
1250,240,1490,0.1388
1240,243,1483,0.1388
1256,246,1502,0.1388
1255,248,1503,0.1388
1251,247,1498,0.1388
1249,249,1498,0.1388
1243,252,1495,0.1388
1251,253,1504,0.1388
1240,250,1490,0.1388
1245,252,1497,0.1388
1241,249,1490,0.1388
1240,251,1491,0.1388
1246,255,1501,0.1388
1243,255,1498,0.1388
1240,259,1499,0.1388
1242,255,1497,0.1388
1243,256,1499,0.1388
1242,262,1504,0.1388
1249,261,1510,0.1388
1243,260,1503,0.1388
1240,258,1498,0.1388
1244,258,1502,0.1388
1226,260,1486,0.1388
1220,257,1477,0.1388
1229,253,1482,0.1388
1236,253,1489,0.1388
1225,255,1480,0.1388
1228,258,1486,0.1388
1234,260,1494,0.1388
1232,258,1490,0.1388
1229,259,1488,0.1388
1232,257,1489,0.1388
1238,260,1498,0.1388
1240,265,1505,0.1388
1246,264,1510,0.1388
1229,265,1494,0.1388
1229,264,1493,0.1388
1224,265,1489,0.1388
1232,263,1495,0.1388
1235,266,1501,0.1388
1226,266,1492,0.1388
1236,270,1506,0.1388
1240,271,1511,0.1388
1227,273,1500,0.1388
1219,269,1488,0.1388
1240,275,1515,0.1388
1238,274,1512,0.1388
1219,276,1495,0.1388
1218,269,1487,0.1388
1216,265,1481,0.1388
1224,261,1485,0.1388
1213,263,1476,0.1388
1214,268,1482,0.1388
1219,277,1496,0.1388
1229,274,1503,0.1388
1229,272,1501,0.1388
1224,269,1493,0.1388
1231,275,1506,0.1388
1234,278,1512,0.1388
1218,281,1499,0.1388
1218,277,1495,0.1388
1227,273,1500,0.1388
1223,266,1489,0.1388
1229,270,1499,0.1388
1238,270,1508,0.1388
1238,270,1508,0.1388
1244,268,1512,0.1388
1240,266,1506,0.1388
1240,262,1502,0.1388
1245,262,1507,0.1388
1228,263,1491,0.1388
1242,262,1504,0.1388
1247,266,1513,0.1388
1243,264,1507,0.1388
1243,263,1506,0.1388
1246,262,1508,0.1388
1241,265,1506,0.1388
1244,264,1508,0.1388
1238,268,1506,0.1388
1238,263,1501,0.1388
1243,263,1506,0.1388
1238,261,1499,0.1388
1237,264,1501,0.1388
1235,264,1499,0.1388
1225,266,1491,0.1388
1224,268,1492,0.1388
1235,268,1503,0.1388
1238,268,1506,0.1388
1239,266,1505,0.1388
1222,266,1488,0.1388
1217,269,1486,0.1388
1217,272,1489,0.1388
1210,275,1485,0.1388
1210,274,1484,0.1388
1230,274,1504,0.1388
1237,275,1512,0.1388
1227,276,1503,0.1388
1225,271,1496,0.1388
1225,271,1496,0.1388
1221,281,1502,0.1388
1216,285,1501,0.1388
1209,279,1488,0.1388
1215,273,1488,0.1388
1212,271,1483,0.1388
1212,279,1491,0.1388
1204,277,1481,0.1388
1199,278,1477,0.1388
1203,284,1487,0.1388
1210,288,1498,0.1388
1218,282,1500,0.1388
1212,288,1500,0.1388
1210,285,1495,0.1388
1194,289,1483,0.1388
1204,296,1500,0.1388
1200,293,1493,0.1388
1207,293,1500,0.1388
1206,291,1497,0.1388
1195,288,1483,0.1388
1202,292,1494,0.1388
1199,304,1503,0.1388
1192,300,1492,0.1388
1203,303,1506,0.1388
1185,300,1485,0.1388
1196,291,1487,0.1388
1204,297,1501,0.1388
1202,299,1501,0.1388
1200,299,1499,0.1388
1199,295,1494,0.1388
1200,301,1501,0.1388
1195,302,1497,0.1388
1202,305,1507,0.1388
1196,304,1500,0.1388
1197,306,1503,0.1388
1187,304,1491,0.1388
1187,299,1486,0.1388
1171,306,1477,0.1388
1179,312,1491,0.1388
1196,306,1502,0.1388
1200,300,1500,0.1388
1197,310,1507,0.1388
1188,308,1496,0.1388
1183,307,1490,0.1388
1187,304,1491,0.1388
1180,310,1490,0.1388
1189,313,1502,0.1388
1164,313,1477,0.1388
1167,314,1481,0.1388
1164,317,1481,0.1388
1162,317,1479,0.1388
1169,312,1481,0.1388
1183,311,1494,0.1388
1170,313,1483,0.1388
1178,320,1498,0.1388
1181,312,1493,0.1388
1169,312,1481,0.1388
1167,315,1482,0.1388
1172,317,1489,0.1388
1165,324,1489,0.1388
1161,330,1491,0.1388
1147,328,1475,0.1388
1154,325,1479,0.1388
1161,336,1497,0.1388
1156,339,1495,0.1388
1158,338,1496,0.1388
1165,340,1505,0.1388
1161,341,1502,0.1388
1161,343,1504,0.1388
1171,340,1511,0.1388
1164,340,1504,0.1388
1157,341,1498,0.1388
1162,339,1501,0.1388
1170,341,1511,0.1388
1165,334,1499,0.1388
1167,343,1510,0.1388
1153,345,1498,0.1388
1164,352,1516,0.1388
1150,352,1502,0.1388
1154,350,1504,0.1388
1162,354,1516,0.1388
1158,358,1516,0.1388
1135,355,1490,0.1388
1148,354,1502,0.1388
1143,363,1506,0.1388
1140,363,1503,0.1388
1123,369,1492,0.1388
1123,373,1496,0.1388
1123,370,1493,0.1388
1116,370,1486,0.1388
1126,377,1503,0.1388
1118,385,1503,0.1388
1116,381,1497,0.1388
1111,380,1491,0.1388
1112,389,1501,0.1388
1114,390,1504,0.1388
1114,397,1511,0.1388
1106,396,1502,0.1388
1103,397,1500,0.1388
1107,407,1514,0.1388
1093,405,1498,0.1388
1101,406,1507,0.1388
1105,408,1513,0.1388
1097,418,1515,0.1388
1093,417,1510,0.1388
1098,424,1522,0.1388
1101,418,1519,0.1388
1094,424,1518,0.1388
1087,423,1510,0.1388
1085,423,1508,0.1388
1072,420,1492,0.1388
1091,418,1509,0.1388
1083,409,1492,0.1388
1089,410,1499,0.1388
1096,421,1517,0.1388
1097,421,1518,0.1388
1080,424,1504,0.1388
1084,422,1506,0.1388
1083,422,1505,0.1388
1078,422,1500,0.1388
1081,423,1504,0.1388
1084,419,1503,0.1388
1085,422,1507,0.1388
1088,415,1503,0.1388
1090,420,1510,0.1388
1091,414,1505,0.1388
1086,421,1507,0.1388
1090,416,1506,0.1388
1090,415,1505,0.1388
1088,423,1511,0.1388
1090,424,1514,0.1388
1080,424,1504,0.1388
1089,420,1509,0.1388
1082,426,1508,0.1388
1072,424,1496,0.1388
1068,423,1491,0.1388
1072,430,1502,0.1388
1067,420,1487,0.1388
1077,421,1498,0.1388
1081,421,1502,0.1388
1070,421,1491,0.1388
1071,424,1495,0.1388
1065,424,1489,0.1388
1064,424,1488,0.1388
1066,426,1492,0.1388
1069,429,1498,0.1388
1069,426,1495,0.1388
1056,424,1480,0.1388
1044,429,1473,0.1388
1050,433,1483,0.1388
1054,435,1489,0.1388
1053,437,1490,0.1388
1067,444,1511,0.1388
1066,444,1510,0.1388
1073,432,1505,0.1388
1059,433,1492,0.1388
1053,438,1491,0.1388
1042,441,1483,0.1388
1043,441,1484,0.1388
1053,445,1498,0.1388
1051,451,1502,0.1388
1048,450,1498,0.1388
1049,448,1497,0.1388
1038,456,1494,0.1388
1041,464,1505,0.1388
1032,464,1496,0.1388
1043,462,1505,0.1388
1050,462,1512,0.1388
1029,455,1484,0.1388
1030,458,1488,0.1388
1038,461,1499,0.1388
1041,461,1502,0.1388
1042,464,1506,0.1388
1033,467,1500,0.1388
1026,475,1501,0.1388
1037,471,1508,0.1388
1036,478,1514,0.1388
1032,474,1506,0.1388
1033,481,1514,0.1388
1034,485,1519,0.1388
1020,487,1507,0.1388
1010,484,1494,0.1388
1016,488,1504,0.1388
1008,488,1496,0.1388
1005,487,1492,0.1388
1009,489,1498,0.1388
1011,492,1503,0.1388
1000,486,1486,0.1388
997,488,1485,0.1388
997,495,1492,0.1388
995,495,1490,0.1388
1006,496,1502,0.1388
1001,504,1505,0.1388
997,505,1502,0.1388
1001,507,1508,0.1388
996,508,1504,0.1388
992,501,1493,0.1388
1004,499,1503,0.1388
1006,503,1509,0.1388
1000,499,1499,0.1388
1002,502,1504,0.1388
1001,503,1504,0.1388
1007,497,1504,0.1388
1005,500,1505,0.1388
1012,509,1521,0.1388
1010,505,1515,0.1388
998,504,1502,0.1388
985,509,1494,0.1388
977,510,1487,0.1388
981,513,1494,0.1388
988,515,1503,0.1388
975,518,1493,0.1388
968,524,1492,0.1388
981,517,1498,0.1388
973,518,1491,0.1388
969,525,1494,0.1388
964,524,1488,0.1388
975,532,1507,0.1388
970,536,1506,0.1388
974,537,1511,0.1388
966,531,1497,0.1388
963,533,1496,0.1388
957,538,1495,0.1388
964,525,1489,0.1388
974,524,1498,0.1388
974,532,1506,0.1388
961,531,1492,0.1388
960,529,1489,0.1388
956,526,1482,0.1388
949,539,1488,0.1388
950,537,1487,0.1388
938,539,1477,0.1388
938,555,1493,0.1388
948,558,1506,0.1388
950,565,1515,0.1388
949,559,1508,0.1388
944,562,1506,0.1388
948,559,1507,0.1388
937,565,1502,0.1388
940,559,1499,0.1388
930,561,1491,0.1388
940,564,1504,0.1388
939,567,1506,0.1388
938,571,1509,0.1388
942,571,1513,0.1388
931,576,1507,0.1388
923,568,1491,0.1388
939,570,1509,0.1388
941,565,1506,0.1388
935,567,1502,0.1388
922,571,1493,0.1388
927,574,1501,0.1388
924,581,1505,0.1388
927,582,1509,0.1388
930,565,1495,0.1388
933,564,1497,0.1388
925,574,1499,0.1388
924,581,1505,0.1388
917,581,1498,0.1388
924,585,1509,0.1388
918,591,1509,0.1388
927,586,1513,0.1388
923,590,1513,0.1388
919,587,1506,0.1388
921,588,1509,0.1388
918,587,1505,0.1388
925,583,1508,0.1388
912,584,1496,0.1388
916,583,1499,0.1388
911,583,1494,0.1388
908,579,1487,0.1388
907,583,1490,0.1388
899,592,1491,0.1388
906,594,1500,0.1388
902,608,1510,0.1388
904,614,1518,0.1388
900,612,1512,0.1388
901,619,1520,0.1388
893,623,1516,0.1388
873,620,1493,0.1388
876,613,1489,0.1388
877,619,1496,0.1388
862,626,1488,0.1388
860,624,1484,0.1388
857,630,1487,0.1388
843,638,1481,0.1388
846,633,1479,0.1388
840,641,1481,0.1388
851,647,1498,0.1388
857,649,1506,0.1388
858,652,1510,0.1388
859,646,1505,0.1388
854,643,1497,0.1388
861,646,1507,0.1388
861,645,1506,0.1388
853,636,1489,0.1388
840,640,1480,0.1388
835,648,1483,0.1388
835,651,1486,0.1388
832,662,1494,0.1388
828,667,1495,0.1388
833,665,1498,0.1388
840,674,1514,0.1388
841,679,1520,0.1388
840,674,1514,0.1388
842,672,1514,0.1388
845,673,1518,0.1388
853,672,1525,0.1388
854,666,1520,0.1388
847,673,1520,0.1388
833,676,1509,0.1388
824,678,1502,0.1388
827,682,1509,0.1388
830,679,1509,0.1388
836,676,1512,0.1388
830,688,1518,0.1388
831,688,1519,0.1388
818,690,1508,0.1388
823,693,1516,0.1388
822,701,1523,0.1388
816,706,1522,0.1388
809,708,1517,0.1388
822,695,1517,0.1388
812,703,1515,0.1388
803,707,1510,0.1388
803,697,1500,0.1388
797,712,1509,0.1388
802,709,1511,0.1388
806,708,1514,0.1388
800,706,1506,0.1388
800,709,1509,0.1388
798,708,1506,0.1388
803,699,1502,0.1388
796,706,1502,0.1388
789,716,1505,0.1388
789,721,1510,0.1388
796,718,1514,0.1388
788,717,1505,0.1388
794,716,1510,0.1388
797,709,1506,0.1388
800,707,1507,0.1388
800,713,1513,0.1388
810,714,1524,0.1388
806,717,1523,0.1388
801,721,1522,0.1388
796,722,1518,0.1388
792,727,1519,0.1388
789,722,1511,0.1388
790,725,1515,0.1388
781,736,1517,0.1388
782,732,1514,0.1388
774,732,1506,0.1388
785,741,1526,0.1388
785,732,1517,0.1388
789,734,1523,0.1388
783,735,1518,0.1388
773,731,1504,0.1388
774,735,1509,0.1388
772,742,1514,0.1388
763,745,1508,0.1388
761,739,1500,0.1388
759,748,1507,0.1388
765,749,1514,0.1388
760,757,1517,0.1388
752,751,1503,0.1388
745,770,1515,0.1388
734,776,1510,0.1388
731,765,1496,0.1388
727,774,1501,0.1388
730,761,1491,0.1388
730,766,1496,0.1388
743,761,1504,0.1388
730,750,1480,0.1388
736,766,1502,0.1388
735,772,1507,0.1388
729,768,1497,0.1388
733,767,1500,0.1388
737,776,1513,0.1388
738,785,1523,0.1388
738,782,1520,0.1388
741,786,1527,0.1388
730,784,1514,0.1388
738,780,1518,0.1388
731,789,1520,0.1388
733,795,1528,0.1388
717,802,1519,0.1388
710,795,1505,0.1388
699,781,1480,0.1388
707,785,1492,0.1388
706,793,1499,0.1388
710,787,1497,0.1388
710,784,1494,0.1388
707,785,1492,0.1388
705,785,1490,0.1388
704,794,1498,0.1388
700,798,1498,0.1388
701,798,1499,0.1388
701,789,1490,0.1388
692,796,1488,0.1388
688,790,1478,0.1388
691,785,1476,0.1388
694,788,1482,0.1388
692,797,1489,0.1388
688,803,1491,0.1388
691,802,1493,0.1388
692,805,1497,0.1388
697,812,1509,0.1388
690,819,1509,0.1388
691,811,1502,0.1388
698,803,1501,0.1388
696,804,1500,0.1388
696,798,1494,0.1388
687,802,1489,0.1388
686,815,1501,0.1388
688,815,1503,0.1388
683,817,1500,0.1388
683,813,1496,0.1388
680,810,1490,0.1388
686,814,1500,0.1388
688,804,1492,0.1388
698,807,1505,0.1388
692,815,1507,0.1388
697,823,1520,0.1388
692,811,1503,0.1388
687,817,1504,0.1388
690,817,1507,0.1388
681,807,1488,0.1388
690,812,1502,0.1388
687,827,1514,0.1388
687,826,1513,0.1388
681,811,1492,0.1388
684,826,1510,0.1388
674,825,1499,0.1388
681,825,1506,0.1388
685,827,1512,0.1388
679,830,1509,0.1388
669,825,1494,0.1388
673,830,1503,0.1388
675,833,1508,0.1388
675,835,1510,0.1388
670,828,1498,0.1388
675,827,1502,0.1388
670,824,1494,0.1388
672,821,1493,0.1388
678,828,1506,0.1388
672,835,1507,0.1388
676,840,1516,0.1388
677,835,1512,0.1388
671,828,1499,0.1388
667,833,1500,0.1388
676,841,1517,0.1388
668,836,1504,0.1388
667,839,1506,0.1388
675,839,1514,0.1388
669,837,1506,0.1388
660,839,1499,0.1388
664,849,1513,0.1388
663,854,1517,0.1388
670,845,1515,0.1388
668,846,1514,0.1388
661,848,1509,0.1388
662,842,1504,0.1388
663,836,1499,0.1388
660,845,1505,0.1388
654,845,1499,0.1388
665,843,1508,0.1388
655,834,1489,0.1388
662,832,1494,0.1388
656,826,1482,0.1388
659,828,1487,0.1388
665,831,1496,0.1388
666,839,1505,0.1388
662,841,1503,0.1388
662,842,1504,0.1388
654,857,1511,0.1388
664,858,1522,0.1388
663,857,1520,0.1388
654,865,1519,0.1388
649,862,1511,0.1388
646,872,1518,0.1388
655,870,1525,0.1388
651,869,1520,0.1388
654,867,1521,0.1388
657,863,1520,0.1388
656,867,1523,0.1388
662,873,1535,0.1388
652,870,1522,0.1388
644,866,1510,0.1388
636,866,1502,0.1388
636,854,1490,0.1388
639,854,1493,0.1388
633,861,1494,0.1388
634,869,1503,0.1388
632,872,1504,0.1388
634,871,1505,0.1388
636,866,1502,0.1388
633,868,1501,0.1388
637,866,1503,0.1388
639,875,1514,0.1388
633,878,1511,0.1388
634,868,1502,0.1388
635,870,1505,0.1388
632,867,1499,0.1388
632,868,1500,0.1388
631,875,1506,0.1388
634,870,1504,0.1388
638,876,1514,0.1388
642,873,1515,0.1388
643,868,1511,0.1388
639,881,1520,0.1388
630,876,1506,0.1388
625,882,1507,0.1388
624,884,1508,0.1388
620,889,1509,0.1388
614,881,1495,0.1388
613,885,1498,0.1388
614,893,1507,0.1388
603,885,1488,0.1388
614,885,1499,0.1388
624,884,1508,0.1388
621,883,1504,0.1388
627,892,1519,0.1388
633,889,1522,0.1388
633,881,1514,0.1388
622,887,1509,0.1388
614,890,1504,0.1388
612,890,1502,0.1388
615,893,1508,0.1388
618,888,1506,0.1388
618,884,1502,0.1388
614,881,1495,0.1388
612,875,1487,0.1388
611,890,1501,0.1388
612,890,1502,0.1388
616,890,1506,0.1388
616,893,1509,0.1388
603,902,1505,0.1388
611,895,1506,0.1388
618,896,1514,0.1388
609,906,1515,0.1388
602,899,1501,0.1388
605,901,1506,0.1388
602,899,1501,0.1388
608,910,1518,0.1388
606,914,1520,0.1388
591,917,1508,0.1388
590,917,1507,0.1388
590,911,1501,0.1388
597,912,1509,0.1388
596,910,1506,0.1388
590,913,1503,0.1388
594,917,1511,0.1388
600,925,1525,0.1388
594,921,1515,0.1388
597,923,1520,0.1388
582,925,1507,0.1388
577,926,1503,0.1388
567,926,1493,0.1388
561,936,1497,0.1388
561,935,1496,0.1388
561,935,1496,0.1388
566,940,1506,0.1388
565,956,1521,0.1388
558,954,1512,0.1388
559,950,1509,0.1388
555,957,1512,0.1388
550,961,1511,0.1388
545,960,1505,0.1388
545,967,1512,0.1388
538,966,1504,0.1388
540,977,1517,0.1388
527,972,1499,0.1388
532,975,1507,0.1388
533,975,1508,0.1388
532,977,1509,0.1388
538,987,1525,0.1388
527,989,1516,0.1388
519,998,1517,0.1388
515,993,1508,0.1388
520,998,1518,0.1388
519,1010,1529,0.1388
525,999,1524,0.1388
525,1000,1525,0.1388
520,990,1510,0.1388
520,988,1508,0.1388
515,972,1487,0.1388
511,986,1497,0.1388
509,997,1506,0.1388
505,997,1502,0.1388
509,1005,1514,0.1388
510,995,1505,0.1388
514,1003,1517,0.1388
513,1006,1519,0.1388
512,1001,1513,0.1388
518,984,1502,0.1388
520,981,1501,0.1388
519,975,1494,0.1388
517,980,1497,0.1388
504,986,1490,0.1388
505,992,1497,0.1388
507,992,1499,0.1388
506,992,1498,0.1388
514,998,1512,0.1388
510,999,1509,0.1388
515,996,1511,0.1388
518,1004,1522,0.1388
509,991,1500,0.1388
506,989,1495,0.1388
513,994,1507,0.1388
524,989,1513,0.1388
527,982,1509,0.1388
526,990,1516,0.1388
525,989,1514,0.1388
530,987,1517,0.1388
523,981,1504,0.1388
525,991,1516,0.1388
530,975,1505,0.1388
527,984,1511,0.1388
523,982,1505,0.1388
525,977,1502,0.1388
521,989,1510,0.1388
525,974,1499,0.1388
523,980,1503,0.1388
517,988,1505,0.1388
519,996,1515,0.1388
522,984,1506,0.1388
514,986,1500,0.1388
512,981,1493,0.1388
521,983,1504,0.1388
528,983,1511,0.1388
519,988,1507,0.1388
525,986,1511,0.1388
525,980,1505,0.1388
522,981,1503,0.1388
510,979,1489,0.1388
506,996,1502,0.1388
502,989,1491,0.1388
511,993,1504,0.1388
516,988,1504,0.1388
523,988,1511,0.1388
520,988,1508,0.1388
521,981,1502,0.1388
518,977,1495,0.1388
518,978,1496,0.1388
523,974,1497,0.1388
523,992,1515,0.1388
513,1001,1514,0.1388
511,998,1509,0.1388
507,991,1498,0.1388
506,1002,1508,0.1388
504,1001,1505,0.1388
501,1002,1503,0.1388
500,1006,1506,0.1388
500,1017,1517,0.1388
509,1009,1518,0.1388
499,1001,1500,0.1388
496,1005,1501,0.1388
500,999,1499,0.1388
493,997,1490,0.1388
491,1002,1493,0.1388
494,1008,1502,0.1388
492,1008,1500,0.1388
497,1014,1511,0.1388
496,1010,1506,0.1388
495,1019,1514,0.1388
501,1013,1514,0.1388
490,1033,1523,0.1388
484,1024,1508,0.1388
489,1023,1512,0.1388
488,1016,1504,0.1388
496,1027,1523,0.1388
497,1039,1536,0.1388
494,1041,1535,0.1388
503,1030,1533,0.1388
494,1028,1522,0.1388
494,1031,1525,0.1388
483,1024,1507,0.1388
489,1019,1508,0.1388
486,1029,1515,0.1388
482,1031,1513,0.1388
475,1042,1517,0.1388
475,1049,1524,0.1388
467,1048,1515,0.1388
465,1053,1518,0.1388
468,1051,1519,0.1388
466,1045,1511,0.1388
471,1049,1520,0.1388
470,1047,1517,0.1388
471,1040,1511,0.1388
461,1039,1500,0.1388
457,1042,1499,0.1388
458,1038,1496,0.1388
465,1034,1499,0.1388
473,1021,1494,0.1388
477,1029,1506,0.1388
478,1040,1518,0.1388
471,1035,1506,0.1388
468,1037,1505,0.1388
470,1048,1518,0.1388
472,1042,1514,0.1388
473,1040,1513,0.1388
471,1042,1513,0.1388
482,1030,1512,0.1388
478,1037,1515,0.1388
469,1031,1500,0.1388
469,1042,1511,0.1388
476,1042,1518,0.1388
476,1046,1522,0.1388
471,1049,1520,0.1388
470,1050,1520,0.1388
468,1053,1521,0.1388
467,1046,1513,0.1388
462,1043,1505,0.1388
460,1047,1507,0.1388
464,1048,1512,0.1388
459,1041,1500,0.1388
456,1048,1504,0.1388
460,1043,1503,0.1388
452,1044,1496,0.1388
447,1049,1496,0.1388
444,1061,1505,0.1388
446,1051,1497,0.1388
451,1055,1506,0.1388
460,1050,1510,0.1388
455,1057,1512,0.1388
450,1057,1507,0.1388
452,1060,1512,0.1388
448,1063,1511,0.1388
445,1069,1514,0.1388
446,1076,1522,0.1388
445,1067,1512,0.1388
447,1066,1513,0.1388
439,1072,1511,0.1388
435,1082,1517,0.1388
429,1085,1514,0.1388
433,1086,1519,0.1388
430,1080,1510,0.1388
433,1074,1507,0.1388
434,1069,1503,0.1388
433,1084,1517,0.1388
436,1090,1526,0.1388
436,1087,1523,0.1388
433,1092,1525,0.1388
429,1088,1517,0.1388
433,1090,1523,0.1388
426,1097,1523,0.1388
420,1100,1520,0.1388
420,1106,1526,0.1388
418,1091,1509,0.1388
413,1089,1502,0.1388
413,1085,1498,0.1388
410,1096,1506,0.1388
411,1091,1502,0.1388
412,1094,1506,0.1388
412,1096,1508,0.1388
417,1097,1514,0.1388
421,1092,1513,0.1388
413,1089,1502,0.1388
412,1083,1495,0.1388
419,1072,1491,0.1388
422,1081,1503,0.1388
412,1087,1499,0.1388
411,1092,1503,0.1388
410,1101,1511,0.1388
406,1104,1510,0.1388
400,1102,1502,0.1388
403,1101,1504,0.1388
407,1101,1508,0.1388
409,1099,1508,0.1388
408,1097,1505,0.1388
403,1106,1509,0.1388
402,1110,1512,0.1388
404,1104,1508,0.1388
404,1110,1514,0.1388
404,1124,1528,0.1388
400,1124,1524,0.1388
399,1123,1522,0.1388
393,1118,1511,0.1388
400,1105,1505,0.1388
398,1109,1507,0.1388
401,1105,1506,0.1388
397,1108,1505,0.1388
398,1116,1514,0.1388
402,1111,1513,0.1388
396,1104,1500,0.1388
393,1117,1510,0.1388
393,1115,1508,0.1388
387,1120,1507,0.1388
393,1117,1510,0.1388
390,1117,1507,0.1388
386,1127,1513,0.1388
387,1133,1520,0.1388
384,1133,1517,0.1388
380,1127,1507,0.1388
380,1125,1505,0.1388
389,1128,1517,0.1388
390,1129,1519,0.1388
390,1134,1524,0.1388
388,1115,1503,0.1388
388,1115,1503,0.1388
390,1121,1511,0.1388
389,1116,1505,0.1388
387,1118,1505,0.1388
385,1120,1505,0.1388
390,1128,1518,0.1388
393,1137,1530,0.1388
390,1137,1527,0.1388
389,1134,1523,0.1388
388,1140,1528,0.1388
381,1133,1514,0.1388
383,1131,1514,0.1388
378,1134,1512,0.1388
376,1137,1513,0.1388
375,1136,1511,0.1388
375,1145,1520,0.1388
378,1135,1513,0.1388
373,1149,1522,0.1388
373,1138,1511,0.1388
366,1143,1509,0.1388
369,1144,1513,0.1388
374,1152,1526,0.1388
368,1149,1517,0.1388
361,1151,1512,0.1388
361,1142,1503,0.1388
369,1139,1508,0.1388
375,1145,1520,0.1388
372,1141,1513,0.1388
362,1145,1507,0.1388
363,1147,1510,0.1388
362,1160,1522,0.1388
361,1162,1523,0.1388
368,1156,1524,0.1388
366,1145,1511,0.1388
362,1149,1511,0.1388
363,1148,1511,0.1388
362,1144,1506,0.1388
367,1144,1511,0.1388
367,1139,1506,0.1388
365,1144,1509,0.1388
365,1148,1513,0.1388
363,1144,1507,0.1388
370,1139,1509,0.1388
370,1146,1516,0.1388
369,1151,1520,0.1388
367,1158,1525,0.1388
373,1153,1526,0.1388
368,1142,1510,0.1388
361,1142,1503,0.1388
361,1143,1504,0.1388
359,1140,1499,0.1388
360,1139,1499,0.1388
349,1155,1504,0.1388
351,1149,1500,0.1388
343,1166,1509,0.1388
346,1166,1512,0.1388
350,1164,1514,0.1388
354,1160,1514,0.1388
356,1164,1520,0.1388
349,1169,1518,0.1388
347,1176,1523,0.1388
347,1173,1520,0.1388
340,1180,1520,0.1388
344,1183,1527,0.1388
344,1175,1519,0.1388
350,1177,1527,0.1388
347,1168,1515,0.1388
352,1155,1507,0.1388
355,1159,1514,0.1388
348,1161,1509,0.1388
349,1159,1508,0.1388
349,1162,1511,0.1388
351,1162,1513,0.1388
349,1162,1511,0.1388
345,1158,1503,0.1388
339,1166,1505,0.1388
339,1166,1505,0.1388
343,1176,1519,0.1388
336,1178,1514,0.1388
341,1174,1515,0.1388
331,1182,1513,0.1388
328,1193,1521,0.1388
323,1185,1508,0.1388
321,1172,1493,0.1388
333,1178,1511,0.1388
334,1183,1517,0.1388
332,1184,1516,0.1388
325,1193,1518,0.1388
325,1188,1513,0.1388
330,1186,1516,0.1388
327,1183,1510,0.1388
324,1187,1511,0.1388
325,1187,1512,0.1388
322,1182,1504,0.1388
321,1176,1497,0.1388
326,1178,1504,0.1388
324,1188,1512,0.1388
327,1185,1512,0.1388
326,1174,1500,0.1388
326,1178,1504,0.1388
321,1182,1503,0.1388
319,1175,1494,0.1388
317,1187,1504,0.1388
320,1187,1507,0.1388
322,1182,1504,0.1388
324,1177,1501,0.1388
323,1181,1504,0.1388
325,1184,1509,0.1388
325,1173,1498,0.1388
328,1190,1518,0.1388
323,1197,1520,0.1388
322,1199,1521,0.1388
322,1206,1528,0.1388
318,1200,1518,0.1388
321,1210,1531,0.1388
316,1197,1513,0.1388
324,1192,1516,0.1388
320,1191,1511,0.1388
321,1194,1515,0.1388
322,1196,1518,0.1388
325,1208,1533,0.1388
319,1198,1517,0.1388
315,1196,1511,0.1388
314,1196,1510,0.1388
317,1200,1517,0.1388
315,1197,1512,0.1388
318,1202,1520,0.1388
318,1200,1518,0.1388
319,1195,1514,0.1388
317,1194,1511,0.1388
322,1202,1524,0.1388
324,1195,1519,0.1388
320,1199,1519,0.1388
318,1189,1507,0.1388
315,1185,1500,0.1388
316,1198,1514,0.1388
312,1199,1511,0.1388
313,1190,1503,0.1388
306,1208,1514,0.1388
305,1223,1528,0.1388
309,1216,1525,0.1388
306,1210,1516,0.1388
308,1209,1517,0.1388
314,1207,1521,0.1388
311,1219,1530,0.1388
305,1220,1525,0.1388
304,1213,1517,0.1388
297,1211,1508,0.1388
299,1209,1508,0.1388
289,1200,1489,0.1388
288,1209,1497,0.1388
291,1204,1495,0.1388
292,1216,1508,0.1388
295,1201,1496,0.1388
296,1193,1489,0.1388
306,1194,1500,0.1388
312,1204,1516,0.1388
309,1201,1510,0.1388
310,1188,1498,0.1388
306,1188,1494,0.1388
306,1193,1499,0.1388
305,1201,1506,0.1388
300,1207,1507,0.1388
295,1208,1503,0.1388
298,1214,1512,0.1388
299,1213,1512,0.1388
306,1215,1521,0.1388
309,1222,1531,0.1388
313,1222,1535,0.1388
312,1220,1532,0.1388
303,1211,1514,0.1388
310,1218,1528,0.1388
310,1204,1514,0.1388
310,1201,1511,0.1388
313,1203,1516,0.1388
313,1187,1500,0.1388
317,1196,1513,0.1388
313,1209,1522,0.1388
307,1203,1510,0.1388
307,1213,1520,0.1388
305,1210,1515,0.1388
304,1211,1515,0.1388
313,1214,1527,0.1388
310,1217,1527,0.1388
308,1220,1528,0.1388
308,1216,1524,0.1388
307,1206,1513,0.1388
310,1199,1509,0.1388
310,1194,1504,0.1388
314,1205,1519,0.1388
311,1209,1520,0.1388
302,1203,1505,0.1388
306,1203,1509,0.1388
303,1200,1503,0.1388
306,1203,1509,0.1388
309,1197,1506,0.1388
305,1214,1519,0.1388
299,1213,1512,0.1388
292,1220,1512,0.1388
288,1222,1510,0.1388
288,1217,1505,0.1388
288,1220,1508,0.1388
294,1218,1512,0.1388
302,1210,1512,0.1388
300,1224,1524,0.1388
294,1214,1508,0.1388
290,1218,1508,0.1388
285,1223,1508,0.1388
282,1225,1507,0.1388
284,1230,1514,0.1388
288,1230,1518,0.1388
291,1236,1527,0.1388
298,1225,1523,0.1388
289,1224,1513,0.1388
294,1226,1520,0.1388
293,1222,1515,0.1388
289,1224,1513,0.1388
288,1228,1516,0.1388
289,1229,1518,0.1388
281,1215,1496,0.1388
282,1218,1500,0.1388
274,1227,1501,0.1388
276,1218,1494,0.1388
274,1228,1502,0.1388
278,1235,1513,0.1388
284,1230,1514,0.1388
282,1227,1509,0.1388
278,1234,1512,0.1388
280,1246,1526,0.1388
279,1242,1521,0.1388
278,1243,1521,0.1388
275,1243,1518,0.1388
279,1245,1524,0.1388
275,1250,1525,0.1388
277,1230,1507,0.1388
280,1230,1510,0.1388
281,1228,1509,0.1388
285,1234,1519,0.1388
285,1233,1518,0.1388
285,1245,1530,0.1388
286,1242,1528,0.1388
290,1234,1524,0.1388
285,1224,1509,0.1388
282,1230,1512,0.1388
276,1243,1519,0.1388
271,1245,1516,0.1388
275,1250,1525,0.1388
275,1255,1530,0.1388
281,1259,1540,0.1388
269,1254,1523,0.1388
271,1249,1520,0.1388
260,1250,1510,0.1388
261,1252,1513,0.1388
267,1249,1516,0.1388
271,1253,1524,0.1388
273,1252,1525,0.1388
277,1256,1533,0.1388
275,1236,1511,0.1388
272,1229,1501,0.1388
272,1241,1513,0.1388
278,1241,1519,0.1388
274,1238,1512,0.1388
277,1236,1513,0.1388
274,1230,1504,0.1388
276,1235,1511,0.1388
281,1236,1517,0.1388
282,1236,1518,0.1388
278,1237,1515,0.1388
285,1233,1518,0.1388
281,1223,1504,0.1388
283,1225,1508,0.1388
275,1233,1508,0.1388
274,1226,1500,0.1388
282,1227,1509,0.1388
279,1234,1513,0.1388
275,1238,1513,0.1388
280,1246,1526,0.1388
276,1250,1526,0.1388
275,1241,1516,0.1388
267,1233,1500,0.1388
267,1244,1511,0.1388
262,1244,1506,0.1388
267,1246,1513,0.1388
264,1251,1515,0.1388
260,1249,1509,0.1388
256,1244,1500,0.1388
258,1239,1497,0.1388
259,1240,1499,0.1388
261,1244,1505,0.1388
263,1235,1498,0.1388
258,1244,1502,0.1388
263,1234,1497,0.1388
261,1228,1489,0.1388
262,1238,1500,0.1388
260,1251,1511,0.1388
260,1245,1505,0.1388
260,1244,1504,0.1388
261,1247,1508,0.1388
267,1253,1520,0.1388
263,1258,1521,0.1388
261,1256,1517,0.1388
259,1259,1518,0.1388
263,1265,1528,0.1388
259,1259,1518,0.1388
252,1253,1505,0.1388
257,1252,1509,0.1388
253,1254,1507,0.1388
255,1260,1515,0.1388
256,1255,1511,0.1388
257,1260,1517,0.1388
255,1268,1523,0.1388
250,1263,1513,0.1388
254,1258,1512,0.1388
257,1254,1511,0.1388
257,1261,1518,0.1388
253,1259,1512,0.1388
254,1253,1507,0.1388
254,1254,1508,0.1388
253,1262,1515,0.1388
253,1258,1511,0.1388
255,1255,1510,0.1388
257,1258,1515,0.1388
258,1261,1519,0.1388
261,1250,1511,0.1388
264,1253,1517,0.1388
269,1257,1526,0.1388
268,1259,1527,0.1388
266,1253,1519,0.1388
264,1254,1518,0.1388
266,1255,1521,0.1388
266,1246,1512,0.1388
259,1245,1504,0.1388
258,1252,1510,0.1388
256,1246,1502,0.1388
257,1242,1499,0.1388
252,1256,1508,0.1388
250,1268,1518,0.1388
247,1261,1508,0.1388
248,1252,1500,0.1388
237,1264,1501,0.1388
243,1270,1513,0.1388
243,1271,1514,0.1388
242,1278,1520,0.1388
239,1279,1518,0.1388
239,1278,1517,0.1388
235,1271,1506,0.1388
237,1265,1502,0.1388
238,1267,1505,0.1388
237,1281,1518,0.1388
237,1286,1523,0.1388
237,1286,1523,0.1388
237,1274,1511,0.1388
235,1278,1513,0.1388
237,1284,1521,0.1388
241,1277,1518,0.1388
242,1279,1521,0.1388
239,1271,1510,0.1388
238,1267,1505,0.1388
238,1271,1509,0.1388
234,1281,1515,0.1388
236,1280,1516,0.1388
236,1277,1513,0.1388
233,1274,1507,0.1388
233,1263,1496,0.1388
233,1272,1505,0.1388
232,1285,1517,0.1388
230,1281,1511,0.1388
223,1274,1497,0.1388
227,1284,1511,0.1388
223,1283,1506,0.1388
216,1274,1490,0.1388
215,1284,1499,0.1388
219,1275,1494,0.1388
216,1276,1492,0.1388
216,1288,1504,0.1388
214,1296,1510,0.1388
216,1298,1514,0.1388
217,1293,1510,0.1388
217,1298,1515,0.1388
224,1289,1513,0.1388
223,1302,1525,0.1388
220,1284,1504,0.1388
214,1288,1502,0.1388
217,1290,1507,0.1388
215,1286,1501,0.1388
218,1283,1501,0.1388
210,1297,1507,0.1388
216,1305,1521,0.1388
218,1303,1521,0.1388
216,1299,1515,0.1388
216,1287,1503,0.1388
216,1281,1497,0.1388
212,1288,1500,0.1388
216,1293,1509,0.1388
218,1293,1511,0.1388
215,1297,1512,0.1388
214,1299,1513,0.1388
213,1295,1508,0.1388
215,1301,1516,0.1388
217,1306,1523,0.1388
217,1299,1516,0.1388
211,1301,1512,0.1388
213,1299,1512,0.1388
216,1298,1514,0.1388
219,1291,1510,0.1388
211,1298,1509,0.1388
205,1299,1504,0.1388
204,1306,1510,0.1388
205,1303,1508,0.1388
205,1305,1510,0.1388
210,1297,1507,0.1388
209,1298,1507,0.1388
208,1305,1513,0.1388
211,1309,1520,0.1388
205,1310,1515,0.1388
199,1316,1515,0.1388
200,1307,1507,0.1388
200,1307,1507,0.1388
200,1318,1518,0.1388
202,1310,1512,0.1388
200,1305,1505,0.1388
202,1311,1513,0.1388
203,1310,1513,0.1388
206,1311,1517,0.1388
204,1306,1510,0.1388
196,1299,1495,0.1388
199,1317,1516,0.1388
199,1320,1519,0.1388
197,1320,1517,0.1388
199,1322,1521,0.1388
196,1318,1514,0.1388
198,1318,1516,0.1388
195,1318,1513,0.1388
192,1323,1515,0.1388
191,1317,1508,0.1388
184,1335,1519,0.1388
183,1332,1515,0.1388
184,1318,1502,0.1388
186,1325,1511,0.1388
189,1321,1510,0.1388
185,1324,1509,0.1388
189,1329,1518,0.1388
183,1323,1506,0.1388
185,1318,1503,0.1388
180,1330,1510,0.1388
175,1333,1508,0.1388
170,1348,1518,0.1388
169,1360,1529,0.1388
166,1360,1526,0.1388
168,1356,1524,0.1388
163,1351,1514,0.1388
162,1353,1515,0.1388
165,1357,1522,0.1388
164,1361,1525,0.1388
163,1358,1521,0.1388
158,1351,1509,0.1388
156,1352,1508,0.1388
155,1355,1510,0.1388
156,1357,1513,0.1388
153,1348,1501,0.1388
155,1355,1510,0.1388
151,1348,1499,0.1388
152,1346,1498,0.1388
151,1354,1505,0.1388
153,1364,1517,0.1388
150,1372,1522,0.1388
147,1385,1532,0.1388
150,1369,1519,0.1388
153,1359,1512,0.1388
148,1357,1505,0.1388
149,1363,1512,0.1388
154,1366,1520,0.1388
148,1361,1509,0.1388
143,1365,1508,0.1388
146,1357,1503,0.1388
147,1368,1515,0.1388
151,1366,1517,0.1388
153,1359,1512,0.1388
152,1361,1513,0.1388
153,1364,1517,0.1388
155,1366,1521,0.1388
155,1367,1522,0.1388
152,1367,1519,0.1388
154,1359,1513,0.1388
154,1360,1514,0.1388
155,1358,1513,0.1388
152,1360,1512,0.1388
153,1359,1512,0.1388
157,1347,1504,0.1388
158,1349,1507,0.1388
156,1342,1498,0.1388
158,1349,1507,0.1388
160,1368,1528,0.1388
157,1358,1515,0.1388
159,1359,1518,0.1388
157,1349,1506,0.1388
156,1356,1512,0.1388
158,1363,1521,0.1388
160,1363,1523,0.1388
159,1353,1512,0.1388
163,1349,1512,0.1388
161,1361,1522,0.1388
162,1363,1525,0.1388
161,1359,1520,0.1388
159,1357,1516,0.1388
155,1353,1508,0.1388
156,1351,1507,0.1388
154,1357,1511,0.1388
155,1343,1498,0.1388
155,1346,1501,0.1388
158,1359,1517,0.1388
153,1366,1519,0.1388
147,1370,1517,0.1388
149,1370,1519,0.1388
149,1370,1519,0.1388
150,1366,1516,0.1388
155,1361,1516,0.1388
155,1374,1529,0.1388
153,1362,1515,0.1388
153,1370,1523,0.1388
150,1356,1506,0.1388
152,1357,1509,0.1388
150,1364,1514,0.1388
148,1364,1512,0.1388
147,1373,1520,0.1388
142,1377,1519,0.1388
146,1380,1526,0.1388
145,1364,1509,0.1388
144,1366,1510,0.1388
142,1365,1507,0.1388
145,1358,1503,0.1388
145,1361,1506,0.1388
144,1366,1510,0.1388
152,1362,1514,0.1388
152,1360,1512,0.1388
154,1363,1517,0.1388
147,1374,1521,0.1388
150,1370,1520,0.1388
152,1362,1514,0.1388
150,1365,1515,0.1388
148,1363,1511,0.1388
149,1370,1519,0.1388
146,1376,1522,0.1388
148,1370,1518,0.1388
147,1372,1519,0.1388
146,1367,1513,0.1388
145,1368,1513,0.1388
143,1360,1503,0.1388
144,1376,1520,0.1388
144,1366,1510,0.1388
145,1377,1522,0.1388
142,1368,1510,0.1388
145,1363,1508,0.1388
142,1366,1508,0.1388
142,1373,1515,0.1388
145,1361,1506,0.1388
147,1366,1513,0.1388
147,1372,1519,0.1388
151,1360,1511,0.1388
148,1364,1512,0.1388
153,1352,1505,0.1388
150,1353,1503,0.1388
148,1355,1503,0.1388
150,1351,1501,0.1388
152,1355,1507,0.1388
153,1364,1517,0.1388
150,1362,1512,0.1388
152,1368,1520,0.1388
151,1363,1514,0.1388
148,1349,1497,0.1388
149,1358,1507,0.1388
150,1356,1506,0.1388
151,1366,1517,0.1388
150,1374,1524,0.1388
153,1370,1523,0.1388
154,1370,1524,0.1388
155,1360,1515,0.1388
154,1358,1512,0.1388
156,1363,1519,0.1388
150,1368,1518,0.1388
151,1364,1515,0.1388
151,1360,1511,0.1388
145,1369,1514,0.1388
149,1364,1513,0.1388
151,1357,1508,0.1388
151,1355,1506,0.1388
149,1373,1522,0.1388
145,1366,1511,0.1388
146,1364,1510,0.1388
147,1361,1508,0.1388
149,1370,1519,0.1388
154,1368,1522,0.1388
152,1364,1516,0.1388
149,1359,1508,0.1388
150,1369,1519,0.1388
151,1360,1511,0.1388
151,1355,1506,0.1388
152,1355,1507,0.1388
150,1361,1511,0.1388
148,1357,1505,0.1388
147,1351,1498,0.1388
148,1366,1514,0.1388
141,1356,1497,0.1388
136,1364,1500,0.1388
140,1374,1514,0.1388
139,1379,1518,0.1388
139,1369,1508,0.1388
141,1379,1520,0.1388
144,1381,1525,0.1388
144,1375,1519,0.1388
142,1362,1504,0.1388
140,1378,1518,0.1388
139,1362,1501,0.1388
137,1361,1498,0.1388
140,1366,1506,0.1388
141,1371,1512,0.1388
142,1365,1507,0.1388
144,1376,1520,0.1388
141,1362,1503,0.1388
139,1360,1499,0.1388
135,1346,1481,0.1388
137,1363,1500,0.1388
140,1360,1500,0.1388
140,1356,1496,0.1388
137,1357,1494,0.1388
128,1380,1508,0.1388
127,1374,1501,0.1388
133,1378,1511,0.1388
136,1385,1521,0.1388
137,1383,1520,0.1388
134,1379,1513,0.1388
133,1377,1510,0.1388
136,1370,1506,0.1388
139,1363,1502,0.1388
137,1366,1503,0.1388
138,1368,1506,0.1388
131,1359,1490,0.1388
134,1368,1502,0.1388
135,1377,1512,0.1388
133,1384,1517,0.1388
130,1379,1509,0.1388
130,1383,1513,0.1388
126,1392,1518,0.1388
128,1386,1514,0.1388
131,1392,1523,0.1388
135,1405,1540,0.1388
138,1402,1540,0.1388
137,1396,1533,0.1388
137,1390,1527,0.1388
130,1394,1524,0.1388
126,1383,1509,0.1388
127,1388,1515,0.1388
130,1379,1509,0.1388
128,1385,1513,0.1388
129,1395,1524,0.1388
125,1395,1520,0.1388
125,1392,1517,0.1388
128,1385,1513,0.1388
128,1385,1513,0.1388
129,1392,1521,0.1388
125,1405,1530,0.1388
121,1405,1526,0.1388
124,1394,1518,0.1388
122,1396,1518,0.1388
129,1383,1512,0.1388
132,1388,1520,0.1388
135,1386,1521,0.1388
134,1385,1519,0.1388
132,1389,1521,0.1388
128,1392,1520,0.1388
131,1382,1513,0.1388
131,1384,1515,0.1388
132,1395,1527,0.1388
130,1393,1523,0.1388
128,1388,1516,0.1388
125,1375,1500,0.1388
124,1387,1511,0.1388
127,1386,1513,0.1388
124,1385,1509,0.1388
125,1394,1519,0.1388
122,1381,1503,0.1388
125,1389,1514,0.1388
127,1396,1523,0.1388
119,1399,1518,0.1388
123,1397,1520,0.1388
122,1404,1526,0.1388
120,1411,1531,0.1388
116,1402,1518,0.1388
115,1389,1504,0.1388
121,1395,1516,0.1388
118,1389,1507,0.1388
118,1392,1510,0.1388
118,1401,1519,0.1388
117,1400,1517,0.1388
119,1389,1508,0.1388
119,1392,1511,0.1388
119,1403,1522,0.1388
117,1401,1518,0.1388
114,1405,1519,0.1388
120,1412,1532,0.1388
118,1397,1515,0.1388
116,1391,1507,0.1388
113,1383,1496,0.1388
114,1394,1508,0.1388
111,1410,1521,0.1388
112,1403,1515,0.1388
110,1403,1513,0.1388
114,1412,1526,0.1388
111,1415,1526,0.1388
115,1409,1524,0.1388
118,1400,1518,0.1388
119,1394,1513,0.1388
118,1385,1503,0.1388
121,1384,1505,0.1388
125,1394,1519,0.1388
122,1401,1523,0.1388
124,1399,1523,0.1388
120,1390,1510,0.1388
118,1381,1499,0.1388
120,1368,1488,0.1388
122,1381,1503,0.1388
123,1393,1516,0.1388
126,1383,1509,0.1388
123,1390,1513,0.1388
118,1383,1501,0.1388
117,1386,1503,0.1388
119,1381,1500,0.1388
119,1393,1512,0.1388
120,1409,1529,0.1388
119,1398,1517,0.1388
120,1393,1513,0.1388
119,1403,1522,0.1388
117,1388,1505,0.1388
118,1386,1504,0.1388
114,1392,1506,0.1388
115,1392,1507,0.1388
109,1391,1500,0.1388
108,1409,1517,0.1388
107,1401,1508,0.1388
106,1405,1511,0.1388
106,1407,1513,0.1388
109,1408,1517,0.1388
112,1400,1512,0.1388
113,1386,1499,0.1388
113,1400,1513,0.1388
113,1393,1506,0.1388
115,1403,1518,0.1388
116,1421,1537,0.1388
115,1422,1537,0.1388
110,1428,1538,0.1388
112,1400,1512,0.1388
113,1392,1505,0.1388
110,1387,1497,0.1388
112,1394,1506,0.1388
111,1397,1508,0.1388
112,1391,1503,0.1388
115,1399,1514,0.1388
115,1402,1517,0.1388
113,1414,1527,0.1388
109,1423,1532,0.1388
113,1424,1537,0.1388
108,1414,1522,0.1388
108,1405,1513,0.1388
107,1408,1515,0.1388
108,1407,1515,0.1388
107,1406,1513,0.1388
104,1413,1517,0.1388
99,1414,1513,0.1388
101,1421,1522,0.1388
104,1415,1519,0.1388
105,1412,1517,0.1388
104,1410,1514,0.1388
106,1407,1513,0.1388
107,1404,1511,0.1388
105,1420,1525,0.1388
105,1402,1507,0.1388
108,1411,1519,0.1388
105,1418,1523,0.1388
104,1414,1518,0.1388
105,1396,1501,0.1388
106,1399,1505,0.1388
102,1398,1500,0.1388
101,1396,1497,0.1388
102,1402,1504,0.1388
105,1414,1519,0.1388
104,1417,1521,0.1388
102,1415,1517,0.1388
102,1422,1524,0.1388
99,1405,1504,0.1388
99,1416,1515,0.1388
97,1416,1513,0.1388
96,1414,1510,0.1388
97,1414,1511,0.1388
96,1420,1516,0.1388
97,1416,1513,0.1388
100,1419,1519,0.1388
100,1416,1516,0.1388
101,1394,1495,0.1388
100,1403,1503,0.1388
97,1418,1515,0.1388
98,1403,1501,0.1388
96,1404,1500,0.1388
95,1412,1507,0.1388
94,1412,1506,0.1388
91,1422,1513,0.1388
93,1419,1512,0.1388
90,1420,1510,0.1388
92,1423,1515,0.1388
92,1409,1501,0.1388
93,1414,1507,0.1388
93,1416,1509,0.1388
94,1410,1504,0.1388
91,1416,1507,0.1388
91,1409,1500,0.1388
90,1415,1505,0.1388
87,1411,1498,0.1388
90,1419,1509,0.1388
93,1428,1521,0.1388
95,1424,1519,0.1388
96,1429,1525,0.1388
90,1434,1524,0.1388
87,1421,1508,0.1388
90,1419,1509,0.1388
89,1427,1516,0.1388
88,1437,1525,0.1388
88,1429,1517,0.1388
90,1420,1510,0.1388
91,1422,1513,0.1388
90,1426,1516,0.1388
88,1436,1524,0.1388
84,1421,1505,0.1388
88,1419,1507,0.1388
90,1423,1513,0.1388
90,1428,1518,0.1388
88,1425,1513,0.1388
88,1428,1516,0.1388
90,1435,1525,0.1388
91,1429,1520,0.1388
91,1419,1510,0.1388
92,1425,1517,0.1388
92,1433,1525,0.1388
92,1433,1525,0.1388
92,1430,1522,0.1388
90,1427,1517,0.1388
90,1447,1537,0.1388
88,1448,1536,0.1388
88,1439,1527,0.1388
88,1427,1515,0.1388
88,1432,1520,0.1388
89,1428,1517,0.1388
88,1409,1497,0.1388
90,1418,1508,0.1388
91,1424,1515,0.1388
89,1422,1511,0.1388
89,1411,1500,0.1388
89,1419,1508,0.1388
88,1418,1506,0.1388
85,1428,1513,0.1388
85,1417,1502,0.1388
83,1421,1504,0.1388
83,1422,1505,0.1388
88,1435,1523,0.1388
87,1429,1516,0.1388
86,1442,1528,0.1388
83,1442,1525,0.1388
82,1432,1514,0.1388
84,1420,1504,0.1388
86,1430,1516,0.1388
84,1426,1510,0.1388
82,1427,1509,0.1388
79,1436,1515,0.1388
79,1429,1508,0.1388
80,1424,1504,0.1388
81,1425,1506,0.1388
79,1424,1503,0.1388
80,1437,1517,0.1388
80,1438,1518,0.1388
83,1436,1519,0.1388
85,1438,1523,0.1388
84,1439,1523,0.1388
88,1430,1518,0.1388
89,1416,1505,0.1388
89,1420,1509,0.1388
89,1420,1509,0.1388
93,1426,1519,0.1388
93,1431,1524,0.1388
93,1434,1527,0.1388
93,1436,1529,0.1388
94,1436,1530,0.1388
89,1440,1529,0.1388
88,1444,1532,0.1388
89,1440,1529,0.1388
88,1439,1527,0.1388
88,1440,1528,0.1388
89,1438,1527,0.1388
89,1433,1522,0.1388
89,1430,1519,0.1388
88,1429,1517,0.1388
87,1423,1510,0.1388
90,1422,1512,0.1388
89,1434,1523,0.1388
93,1422,1515,0.1388
93,1434,1527,0.1388
94,1426,1520,0.1388
96,1417,1513,0.1388
91,1420,1511,0.1388
91,1417,1508,0.1388
86,1424,1510,0.1388
87,1415,1502,0.1388
83,1420,1503,0.1388
81,1416,1497,0.1388
79,1407,1486,0.1388
86,1422,1508,0.1388
86,1413,1499,0.1388
88,1407,1495,0.1388
87,1420,1507,0.1388
87,1433,1520,0.1388
85,1427,1512,0.1388
84,1425,1509,0.1388
82,1421,1503,0.1388
84,1410,1494,0.1388
85,1409,1494,0.1388
89,1430,1519,0.1388
90,1436,1526,0.1388
88,1444,1532,0.1388
90,1451,1541,0.1388
88,1444,1532,0.1388
87,1446,1533,0.1388
87,1441,1528,0.1388
86,1436,1522,0.1388
84,1450,1534,0.1388
84,1445,1529,0.1388
86,1447,1533,0.1388
84,1444,1528,0.1388
84,1434,1518,0.1388
83,1422,1505,0.1388
84,1417,1501,0.1388
83,1414,1497,0.1388
85,1424,1509,0.1388
83,1421,1504,0.1388
82,1432,1514,0.1388
81,1434,1515,0.1388
79,1430,1509,0.1388
79,1435,1514,0.1388
79,1426,1505,0.1388
80,1417,1497,0.1388
77,1419,1496,0.1388
76,1416,1492,0.1388
78,1426,1504,0.1388
79,1434,1513,0.1388
76,1440,1516,0.1388
78,1425,1503,0.1388
81,1441,1522,0.1388
84,1438,1522,0.1388
82,1431,1513,0.1388
80,1439,1519,0.1388
85,1438,1523,0.1388
84,1450,1534,0.1388
83,1447,1530,0.1388
82,1436,1518,0.1388
84,1430,1514,0.1388
84,1418,1502,0.1388
85,1413,1498,0.1388
82,1422,1504,0.1388
83,1441,1524,0.1388
83,1442,1525,0.1388
84,1435,1519,0.1388
83,1437,1520,0.1388
83,1424,1507,0.1388
80,1431,1511,0.1388
79,1433,1512,0.1388
82,1433,1515,0.1388
79,1424,1503,0.1388
78,1439,1517,0.1388
82,1440,1522,0.1388
86,1433,1519,0.1388
86,1431,1517,0.1388
87,1430,1517,0.1388
85,1434,1519,0.1388
83,1438,1521,0.1388
85,1439,1524,0.1388
85,1441,1526,0.1388
84,1420,1504,0.1388
81,1423,1504,0.1388
82,1435,1517,0.1388
80,1417,1497,0.1388
80,1423,1503,0.1388
80,1422,1502,0.1388
82,1431,1513,0.1388
81,1429,1510,0.1388
82,1435,1517,0.1388
81,1431,1512,0.1388
81,1439,1520,0.1388
83,1437,1520,0.1388
84,1442,1526,0.1388
83,1436,1519,0.1388
85,1448,1533,0.1388
85,1445,1530,0.1388
86,1450,1536,0.1388
86,1448,1534,0.1388
86,1449,1535,0.1388
87,1443,1530,0.1388
87,1438,1525,0.1388
84,1429,1513,0.1388
82,1444,1526,0.1388
83,1433,1516,0.1388
80,1432,1512,0.1388
76,1431,1507,0.1388
75,1447,1522,0.1388
73,1434,1507,0.1388
72,1439,1511,0.1388
71,1437,1508,0.1388
71,1434,1505,0.1388
72,1440,1512,0.1388
69,1441,1510,0.1388
70,1431,1501,0.1388
70,1455,1525,0.1388
69,1446,1515,0.1388
70,1459,1529,0.1388
70,1454,1524,0.1388
72,1456,1528,0.1388
72,1450,1522,0.1388
71,1464,1535,0.1388
68,1447,1515,0.1388
67,1441,1508,0.1388
68,1437,1505,0.1388
68,1428,1496,0.1388
69,1453,1522,0.1388
67,1451,1518,0.1388
62,1455,1517,0.1388
63,1451,1514,0.1388
63,1451,1514,0.1388
63,1442,1505,0.1388
61,1439,1500,0.1388
60,1448,1508,0.1388
61,1466,1527,0.1388
61,1463,1524,0.1388
61,1460,1521,0.1388
61,1458,1519,0.1388
61,1457,1518,0.1388
61,1473,1534,0.1388
63,1461,1524,0.1388
63,1462,1525,0.1388
60,1468,1528,0.1388
59,1461,1520,0.1388
57,1466,1523,0.1388
57,1454,1511,0.1388
59,1454,1513,0.1388
60,1451,1511,0.1388
60,1444,1504,0.1388
61,1438,1499,0.1388
61,1442,1503,0.1388
62,1440,1502,0.1388
59,1456,1515,0.1388
56,1448,1504,0.1388
58,1472,1530,0.1388
59,1452,1511,0.1388
57,1446,1503,0.1388
56,1449,1505,0.1388
56,1444,1500,0.1388
55,1447,1502,0.1388
52,1458,1510,0.1388
53,1450,1503,0.1388
51,1466,1517,0.1388
51,1478,1529,0.1388
50,1488,1538,0.1388
51,1483,1534,0.1388
50,1483,1533,0.1388
50,1479,1529,0.1388
48,1472,1520,0.1388
50,1477,1527,0.1388
51,1460,1511,0.1388
48,1466,1514,0.1388
50,1472,1522,0.1388
48,1472,1520,0.1388
47,1468,1515,0.1388
48,1456,1504,0.1388
49,1454,1503,0.1388
49,1469,1518,0.1388
51,1468,1519,0.1388
49,1460,1509,0.1388
46,1462,1508,0.1388
46,1474,1520,0.1388
46,1482,1528,0.1388
47,1492,1539,0.1388
48,1476,1524,0.1388
47,1477,1524,0.1388
47,1473,1520,0.1388
47,1476,1523,0.1388
48,1475,1523,0.1388
46,1477,1523,0.1388
43,1484,1527,0.1388
42,1484,1526,0.1388
44,1476,1520,0.1388
43,1470,1513,0.1388
44,1471,1515,0.1388
45,1474,1519,0.1388
46,1474,1520,0.1388
45,1474,1519,0.1388
44,1476,1520,0.1388
45,1484,1529,0.1388
44,1475,1519,0.1388
43,1476,1519,0.1388
43,1469,1512,0.1388
41,1468,1509,0.1388
41,1462,1503,0.1388
42,1465,1507,0.1388
44,1477,1521,0.1388
45,1472,1517,0.1388
43,1465,1508,0.1388
44,1472,1516,0.1388
43,1486,1529,0.1388
46,1476,1522,0.1388
47,1488,1535,0.1388
45,1472,1517,0.1388
45,1476,1521,0.1388
48,1470,1518,0.1388
49,1463,1512,0.1388
51,1460,1511,0.1388
51,1450,1501,0.1388
48,1464,1512,0.1388
46,1463,1509,0.1388
47,1469,1516,0.1388
49,1473,1522,0.1388
49,1461,1510,0.1388
48,1466,1514,0.1388
45,1463,1508,0.1388
45,1458,1503,0.1388
44,1461,1505,0.1388
45,1467,1512,0.1388
46,1464,1510,0.1388
47,1458,1505,0.1388
48,1451,1499,0.1388
48,1454,1502,0.1388
49,1462,1511,0.1388
48,1465,1513,0.1388
48,1471,1519,0.1388
48,1468,1516,0.1388
45,1472,1517,0.1388
43,1475,1518,0.1388
41,1466,1507,0.1388
41,1463,1504,0.1388
43,1471,1514,0.1388
42,1471,1513,0.1388
43,1463,1506,0.1388
44,1453,1497,0.1388
44,1447,1491,0.1388
44,1455,1499,0.1388
43,1463,1506,0.1388
43,1470,1513,0.1388
44,1466,1510,0.1388
44,1467,1511,0.1388
43,1460,1503,0.1388
43,1473,1516,0.1388
44,1472,1516,0.1388
40,1478,1518,0.1388
40,1488,1528,0.1388
41,1494,1535,0.1388
42,1495,1537,0.1388
41,1482,1523,0.1388
40,1488,1528,0.1388
42,1473,1515,0.1388
43,1473,1516,0.1388
42,1477,1519,0.1388
40,1475,1515,0.1388
41,1472,1513,0.1388
41,1468,1509,0.1388
41,1462,1503,0.1388
40,1454,1494,0.1388
38,1469,1507,0.1388
40,1470,1510,0.1388
40,1479,1519,0.1388
39,1479,1518,0.1388
38,1480,1518,0.1388
34,1471,1505,0.1388
36,1470,1506,0.1388
38,1465,1503,0.1388
38,1466,1504,0.1388
37,1464,1501,0.1388
36,1465,1501,0.1388
40,1470,1510,0.1388
41,1463,1504,0.1388
38,1472,1510,0.1388
38,1456,1494,0.1388
37,1459,1496,0.1388
36,1470,1506,0.1388
34,1483,1517,0.1388
34,1485,1519,0.1388
33,1492,1525,0.1388
31,1492,1523,0.1388
31,1492,1523,0.1388
30,1499,1529,0.1388
32,1510,1542,0.1388
31,1493,1524,0.1388
31,1490,1521,0.1388
31,1481,1512,0.1388
31,1481,1512,0.1388
32,1498,1530,0.1388
33,1488,1521,0.1388
33,1487,1520,0.1388
33,1493,1526,0.1388
34,1498,1532,0.1388
34,1483,1517,0.1388
35,1479,1514,0.1388
33,1477,1510,0.1388
34,1457,1491,0.1388
35,1466,1501,0.1388
35,1466,1501,0.1388
33,1486,1519,0.1388
31,1486,1517,0.1388
31,1489,1520,0.1388
33,1482,1515,0.1388
34,1489,1523,0.1388
32,1485,1517,0.1388
31,1486,1517,0.1388
31,1479,1510,0.1388
31,1484,1515,0.1388
32,1484,1516,0.1388
32,1488,1520,0.1388
33,1484,1517,0.1388
33,1493,1526,0.1388
33,1494,1527,0.1388
33,1489,1522,0.1388
34,1497,1531,0.1388
34,1487,1521,0.1388
34,1488,1522,0.1388
34,1493,1527,0.1388
35,1489,1524,0.1388
34,1483,1517,0.1388
34,1475,1509,0.1388
35,1470,1505,0.1388
36,1469,1505,0.1388
36,1460,1496,0.1388
35,1475,1510,0.1388
32,1486,1518,0.1388
33,1474,1507,0.1388
34,1472,1506,0.1388
34,1479,1513,0.1388
31,1478,1509,0.1388
31,1485,1516,0.1388
30,1481,1511,0.1388
31,1480,1511,0.1388
31,1475,1506,0.1388
30,1486,1516,0.1388
31,1489,1520,0.1388
32,1483,1515,0.1388
31,1477,1508,0.1388
31,1492,1523,0.1388
32,1496,1528,0.1388
32,1489,1521,0.1388
31,1480,1511,0.1388
32,1487,1519,0.1388
31,1482,1513,0.1388
31,1490,1521,0.1388
31,1485,1516,0.1388
32,1494,1526,0.1388
32,1496,1528,0.1388
32,1489,1521,0.1388
31,1488,1519,0.1388
31,1493,1524,0.1388
31,1490,1521,0.1388
31,1476,1507,0.1388
30,1471,1501,0.1388
30,1483,1513,0.1388
30,1476,1506,0.1388
31,1484,1515,0.1388
31,1491,1522,0.1388
30,1495,1525,0.1388
30,1500,1530,0.1388
31,1500,1531,0.1388
32,1488,1520,0.1388
32,1490,1522,0.1388
33,1492,1525,0.1388
32,1486,1518,0.1388
32,1492,1524,0.1388
33,1489,1522,0.1388
34,1485,1519,0.1388
33,1479,1512,0.1388
32,1478,1510,0.1388
33,1472,1505,0.1388
29,1478,1507,0.1388
29,1486,1515,0.1388
28,1484,1512,0.1388
29,1494,1523,0.1388
27,1483,1510,0.1388
26,1485,1511,0.1388
26,1478,1504,0.1388
27,1490,1517,0.1388
26,1486,1512,0.1388
25,1495,1520,0.1388
25,1498,1523,0.1388
24,1494,1518,0.1388
24,1497,1521,0.1388
24,1492,1516,0.1388
26,1488,1514,0.1388
26,1486,1512,0.1388
26,1492,1518,0.1388
27,1478,1505,0.1388
27,1485,1512,0.1388
28,1491,1519,0.1388
27,1500,1527,0.1388
26,1484,1510,0.1388
26,1494,1520,0.1388
27,1486,1513,0.1388
28,1484,1512,0.1388
25,1493,1518,0.1388
26,1490,1516,0.1388
25,1498,1523,0.1388
24,1491,1515,0.1388
24,1493,1517,0.1388
24,1502,1526,0.1388
23,1507,1530,0.1388
26,1506,1532,0.1388
23,1497,1520,0.1388
22,1500,1522,0.1388
22,1497,1519,0.1388
21,1493,1514,0.1388
20,1505,1525,0.1388
19,1494,1513,0.1388
19,1507,1526,0.1388
19,1498,1517,0.1388
20,1491,1511,0.1388
19,1504,1523,0.1388
19,1499,1518,0.1388
19,1484,1503,0.1388
19,1485,1504,0.1388
19,1481,1500,0.1388
19,1484,1503,0.1388
19,1484,1503,0.1388
19,1505,1524,0.1388
18,1502,1520,0.1388
18,1498,1516,0.1388
18,1509,1527,0.1388
18,1500,1518,0.1388
18,1501,1519,0.1388
18,1493,1511,0.1388
18,1489,1507,0.1388
16,1488,1504,0.1388
15,1497,1512,0.1388
14,1504,1518,0.1388
14,1506,1520,0.1388
15,1503,1518,0.1388
15,1490,1505,0.1388
16,1499,1515,0.1388
15,1495,1510,0.1388
15,1493,1508,0.1388
15,1497,1512,0.1388
14,1503,1517,0.1388
14,1507,1521,0.1388
14,1510,1524,0.1388
14,1523,1537,0.1388
14,1502,1516,0.1388
14,1502,1516,0.1388
15,1491,1506,0.1388
15,1491,1506,0.1388
15,1509,1524,0.1388
11,1511,1522,0.1388
12,1511,1523,0.1388
12,1513,1525,0.1388
13,1509,1522,0.1388
12,1492,1504,0.1388
11,1496,1507,0.1388
11,1501,1512,0.1388
12,1510,1522,0.1388
12,1508,1520,0.1388
12,1504,1516,0.1388
12,1499,1511,0.1388
12,1520,1532,0.1388
13,1513,1526,0.1388
12,1514,1526,0.1388
12,1503,1515,0.1388
13,1499,1512,0.1388
14,1498,1512,0.1388
13,1508,1521,0.1388
13,1507,1520,0.1388
13,1505,1518,0.1388
14,1503,1517,0.1388
14,1516,1530,0.1388
14,1496,1510,0.1388
13,1499,1512,0.1388
13,1487,1500,0.1388
13,1489,1502,0.1388
12,1496,1508,0.1388
11,1513,1524,0.1388
11,1517,1528,0.1388
11,1505,1516,0.1388
12,1517,1529,0.1388
11,1507,1518,0.1388
10,1502,1512,0.1388
10,1501,1511,0.1388
11,1488,1499,0.1388
11,1503,1514,0.1388
11,1511,1522,0.1388
12,1515,1527,0.1388
12,1516,1528,0.1388
12,1497,1509,0.1388
12,1507,1519,0.1388
14,1499,1513,0.1388
14,1507,1521,0.1388
14,1507,1521,0.1388
16,1501,1517,0.1388
16,1492,1508,0.1388
16,1487,1503,0.1388
16,1500,1516,0.1388
16,1499,1515,0.1388
17,1490,1507,0.1388
17,1495,1512,0.1388
18,1491,1509,0.1388
18,1495,1513,0.1388
18,1499,1517,0.1388
17,1494,1511,0.1388
17,1497,1514,0.1388
16,1499,1515,0.1388
15,1487,1502,0.1388
15,1487,1502,0.1388
15,1505,1520,0.1388
15,1510,1525,0.1388
16,1508,1524,0.1388
17,1505,1522,0.1388
17,1510,1527,0.1388
18,1495,1513,0.1388
18,1496,1514,0.1388
16,1497,1513,0.1388
15,1497,1512,0.1388
15,1503,1518,0.1388
17,1503,1520,0.1388
16,1490,1506,0.1388
14,1499,1513,0.1388
14,1488,1502,0.1388
15,1489,1504,0.1388
16,1493,1509,0.1388
16,1499,1515,0.1388
16,1493,1509,0.1388
15,1494,1509,0.1388
15,1496,1511,0.1388
15,1491,1506,0.1388
14,1501,1515,0.1388
13,1509,1522,0.1388
13,1499,1512,0.1388
13,1477,1490,0.1388
16,1476,1492,0.1388
16,1493,1509,0.1388
16,1481,1497,0.1388
16,1483,1499,0.1388
15,1490,1505,0.1388
15,1500,1515,0.1388
16,1510,1526,0.1388
15,1502,1517,0.1388
16,1500,1516,0.1388
16,1503,1519,0.1388
17,1503,1520,0.1388
17,1497,1514,0.1388
16,1490,1506,0.1388
16,1497,1513,0.1388
17,1496,1513,0.1388
17,1497,1514,0.1388
17,1500,1517,0.1388
17,1506,1523,0.1388
17,1495,1512,0.1388
17,1492,1509,0.1388
17,1500,1517,0.1388
18,1505,1523,0.1388
16,1495,1511,0.1388
16,1511,1527,0.1388
16,1515,1531,0.1388
16,1501,1517,0.1388
16,1493,1509,0.1388
16,1493,1509,0.1388
16,1497,1513,0.1388
17,1512,1529,0.1388
15,1501,1516,0.1388
13,1509,1522,0.1388
12,1520,1532,0.1388
12,1517,1529,0.1388
13,1508,1521,0.1388
12,1507,1519,0.1388
12,1511,1523,0.1388
12,1504,1516,0.1388
12,1498,1510,0.1388
11,1494,1505,0.1388
11,1500,1511,0.1388
11,1495,1506,0.1388
11,1504,1515,0.1388
10,1504,1514,0.1388
10,1500,1510,0.1388
10,1501,1511,0.1388
11,1518,1529,0.1388
11,1511,1522,0.1388
11,1515,1526,0.1388
11,1508,1519,0.1388
11,1507,1518,0.1388
11,1501,1512,0.1388
11,1510,1521,0.1388
12,1509,1521,0.1388
12,1513,1525,0.1388
13,1500,1513,0.1388
13,1503,1516,0.1388
14,1515,1529,0.1388
14,1506,1520,0.1388
16,1497,1513,0.1388
16,1516,1532,0.1388
17,1504,1521,0.1388
16,1505,1521,0.1388
16,1493,1509,0.1388
16,1500,1516,0.1388
16,1518,1534,0.1388
16,1501,1517,0.1388
16,1511,1527,0.1388
16,1501,1517,0.1388
16,1488,1504,0.1388
16,1499,1515,0.1388
15,1499,1514,0.1388
15,1498,1513,0.1388
16,1508,1524,0.1388
17,1502,1519,0.1388
18,1493,1511,0.1388
18,1495,1513,0.1388
18,1497,1515,0.1388
19,1492,1511,0.1388
18,1492,1510,0.1388
18,1497,1515,0.1388
18,1496,1514,0.1388
17,1495,1512,0.1388
19,1505,1524,0.1388
17,1497,1514,0.1388
16,1512,1528,0.1388
14,1501,1515,0.1388
16,1506,1522,0.1388
16,1501,1517,0.1388
16,1501,1517,0.1388
17,1502,1519,0.1388
17,1500,1517,0.1388
17,1501,1518,0.1388
17,1498,1515,0.1388
17,1492,1509,0.1388
17,1494,1511,0.1388
17,1475,1492,0.1388
17,1481,1498,0.1388
17,1486,1503,0.1388
17,1484,1501,0.1388
16,1495,1511,0.1388
16,1508,1524,0.1388
16,1518,1534,0.1388
16,1501,1517,0.1388
16,1498,1514,0.1388
16,1509,1525,0.1388
15,1507,1522,0.1388
15,1512,1527,0.1388
15,1515,1530,0.1388
15,1512,1527,0.1388
15,1502,1517,0.1388
16,1512,1528,0.1388
16,1511,1527,0.1388
16,1501,1517,0.1388
15,1504,1519,0.1388
15,1516,1531,0.1388
13,1507,1520,0.1388
13,1505,1518,0.1388
13,1501,1514,0.1388
13,1508,1521,0.1388
14,1508,1522,0.1388
14,1505,1519,0.1388
14,1504,1518,0.1388
13,1511,1524,0.1388
12,1516,1528,0.1388
12,1508,1520,0.1388
11,1509,1520,0.1388
10,1516,1526,0.1388
12,1514,1526,0.1388
12,1510,1522,0.1388
12,1509,1521,0.1388
12,1508,1520,0.1388
13,1501,1514,0.1388
13,1503,1516,0.1388
13,1495,1508,0.1388
13,1510,1523,0.1388
13,1491,1504,0.1388
12,1496,1508,0.1388
12,1508,1520,0.1388
12,1507,1519,0.1388
12,1512,1524,0.1388
11,1519,1530,0.1388
11,1513,1524,0.1388
12,1509,1521,0.1388
12,1503,1515,0.1388
11,1487,1498,0.1388
11,1496,1507,0.1388
10,1497,1507,0.1388
9,1504,1513,0.1388
10,1503,1513,0.1388
10,1507,1517,0.1388
9,1516,1525,0.1388
9,1522,1531,0.1388
9,1518,1527,0.1388
9,1506,1515,0.1388
9,1513,1522,0.1388
9,1508,1517,0.1388
9,1510,1519,0.1388
9,1517,1526,0.1388
9,1518,1527,0.1388
9,1523,1532,0.1388
9,1510,1519,0.1388
9,1510,1519,0.1388
8,1507,1515,0.1388
7,1521,1528,0.1388
7,1514,1521,0.1388
7,1513,1520,0.1388
7,1495,1502,0.1388
7,1504,1511,0.1388
7,1516,1523,0.1388
7,1515,1522,0.1388
7,1522,1529,0.1388
7,1506,1513,0.1388
7,1512,1519,0.1388
7,1510,1517,0.1388
7,1519,1526,0.1388
7,1519,1526,0.1388
7,1517,1524,0.1388
6,1520,1526,0.1388
6,1517,1523,0.1388
6,1522,1528,0.1388
5,1517,1522,0.1388
5,1516,1521,0.1388
5,1511,1516,0.1388
5,1508,1513,0.1388
5,1507,1512,0.1388
5,1492,1497,0.1388
6,1507,1513,0.1388
6,1501,1507,0.1388
6,1506,1512,0.1388
6,1498,1504,0.1388
6,1499,1505,0.1388
7,1498,1505,0.1388
5,1513,1518,0.1388
5,1510,1515,0.1388
5,1511,1516,0.1388
5,1505,1510,0.1388
5,1499,1504,0.1388
5,1506,1511,0.1388
5,1497,1502,0.1388
6,1513,1519,0.1388
6,1507,1513,0.1388
6,1523,1529,0.1388
6,1525,1531,0.1388
7,1531,1538,0.1388
7,1528,1535,0.1388
7,1532,1539,0.1388
8,1516,1524,0.1388
9,1514,1523,0.1388
9,1497,1506,0.1388
9,1488,1497,0.1388
9,1484,1493,0.1388
9,1491,1500,0.1388
10,1504,1514,0.1388
9,1510,1519,0.1388
9,1503,1512,0.1388
9,1503,1512,0.1388
9,1520,1529,0.1388
9,1522,1531,0.1388
9,1521,1530,0.1388
8,1521,1529,0.1388
7,1499,1506,0.1388
7,1504,1511,0.1388
6,1507,1513,0.1388
6,1505,1511,0.1388
5,1500,1505,0.1388
4,1495,1499,0.1388
5,1505,1510,0.1388
5,1514,1519,0.1388
5,1515,1520,0.1388
5,1500,1505,0.1388
4,1497,1501,0.1388
4,1496,1500,0.1388
5,1516,1521,0.1388
5,1523,1528,0.1388
5,1513,1518,0.1388
3,1521,1524,0.1388
3,1522,1525,0.1388
3,1513,1516,0.1388
3,1513,1516,0.1388
3,1519,1522,0.1388
3,1519,1522,0.1388
3,1520,1523,0.1388
3,1515,1518,0.1388
3,1517,1520,0.1388
3,1511,1514,0.1388
2,1509,1511,0.1388
2,1512,1514,0.1388
2,1526,1528,0.1388
2,1525,1527,0.1388
2,1519,1521,0.1388
1,1510,1511,0.1388
1,1509,1510,0.1388
1,1509,1510,0.1388
1,1512,1513,0.1388
1,1523,1524,0.1388
1,1536,1537,0.1388
1,1532,1533,0.1388
1,1519,1520,0.1388
1,1510,1511,0.1388
1,1513,1514,0.1388
1,1510,1511,0.1388
1,1517,1518,0.1388
0,1514,1514,0.1388
