1376,27,1403,0.1388
1414,28,1442,0.1388
1424,30,1454,0.1388
1436,33,1469,0.1388
1428,34,1462,0.1388
1445,33,1478,0.1388
1432,34,1466,0.1388
1444,33,1477,0.1388
1458,33,1491,0.1388
1458,34,1492,0.1388
1431,39,1470,0.1388
1445,39,1484,0.1388
1457,39,1496,0.1388
1453,39,1492,0.1388
1456,41,1497,0.1388
1428,42,1470,0.1388
1430,46,1476,0.1388
1445,43,1488,0.1388
1450,40,1490,0.1388
1446,40,1486,0.1388
1454,42,1496,0.1388
1456,42,1498,0.1388
1453,42,1495,0.1388
1453,40,1493,0.1388
1447,40,1487,0.1388
1450,43,1493,0.1388
1448,45,1493,0.1388
1454,45,1499,0.1388
1462,45,1507,0.1388
1453,43,1496,0.1388
1448,47,1495,0.1388
1464,46,1510,0.1388
1471,42,1513,0.1388
1459,43,1502,0.1388
1456,41,1497,0.1388
1475,42,1517,0.1388
1466,42,1508,0.1388
1468,41,1509,0.1388
1458,38,1496,0.1388
1453,37,1490,0.1388
1456,37,1493,0.1388
1450,39,1489,0.1388
1464,37,1501,0.1388
1460,35,1495,0.1388
1457,35,1492,0.1388
1456,34,1490,0.1388
1464,34,1498,0.1388
1451,32,1483,0.1388
1458,32,1490,0.1388
1444,30,1474,0.1388
1455,31,1486,0.1388
1447,29,1476,0.1388
1449,28,1477,0.1388
1462,28,1490,0.1388
1459,26,1485,0.1388
1460,24,1484,0.1388
1469,24,1493,0.1388
1463,24,1487,0.1388
1461,23,1484,0.1388
1466,23,1489,0.1388
1460,24,1484,0.1388
1469,26,1495,0.1388
1480,26,1506,0.1388
1485,26,1511,0.1388
1487,27,1514,0.1388
1488,28,1516,0.1388
1476,26,1502,0.1388
1465,27,1492,0.1388
1461,26,1487,0.1388
1455,26,1481,0.1388
1458,25,1483,0.1388
1447,25,1472,0.1388
1457,25,1482,0.1388
1458,25,1483,0.1388
1477,27,1504,0.1388
1480,26,1506,0.1388
1471,27,1498,0.1388
1464,30,1494,0.1388
1467,29,1496,0.1388
1475,29,1504,0.1388
1477,29,1506,0.1388
1480,29,1509,0.1388
1474,28,1502,0.1388
1479,26,1505,0.1388
1481,27,1508,0.1388
1475,28,1503,0.1388
1474,29,1503,0.1388
1460,30,1490,0.1388
1458,28,1486,0.1388
1451,29,1480,0.1388
1459,28,1487,0.1388
1458,29,1487,0.1388
1459,31,1490,0.1388
1452,31,1483,0.1388
1462,32,1494,0.1388
1453,32,1485,0.1388
1453,34,1487,0.1388
1455,36,1491,0.1388
1449,38,1487,0.1388
1466,39,1505,0.1388
1461,40,1501,0.1388
1457,41,1498,0.1388
1462,41,1503,0.1388
1444,40,1484,0.1388
1458,39,1497,0.1388
1459,39,1498,0.1388
1468,39,1507,0.1388
1463,38,1501,0.1388
1447,39,1486,0.1388
1454,39,1493,0.1388
1441,41,1482,0.1388
1439,40,1479,0.1388
1451,41,1492,0.1388
1451,43,1494,0.1388
1459,43,1502,0.1388
1456,44,1500,0.1388
1456,48,1504,0.1388
1447,48,1495,0.1388
1447,50,1497,0.1388
1439,50,1489,0.1388
1440,50,1490,0.1388
1443,50,1493,0.1388
1460,50,1510,0.1388
1457,52,1509,0.1388
1446,54,1500,0.1388
1439,52,1491,0.1388
1433,53,1486,0.1388
1442,50,1492,0.1388
1440,51,1491,0.1388
1430,52,1482,0.1388
1421,48,1469,0.1388
1426,48,1474,0.1388
1427,49,1476,0.1388
1418,54,1472,0.1388
1435,54,1489,0.1388
1428,55,1483,0.1388
1434,56,1490,0.1388
1425,57,1482,0.1388
1424,62,1486,0.1388
1425,64,1489,0.1388
1432,63,1495,0.1388
1425,65,1490,0.1388
1411,68,1479,0.1388
1425,67,1492,0.1388
1429,67,1496,0.1388
1430,65,1495,0.1388
1435,67,1502,0.1388
1441,68,1509,0.1388
1437,69,1506,0.1388
1427,69,1496,0.1388
1421,67,1488,0.1388
1428,66,1494,0.1388
1431,63,1494,0.1388
1426,64,1490,0.1388
1414,62,1476,0.1388
1412,62,1474,0.1388
1429,62,1491,0.1388
1428,62,1490,0.1388
1432,62,1494,0.1388
1426,59,1485,0.1388
1426,59,1485,0.1388
1433,64,1497,0.1388
1438,61,1499,0.1388
1435,59,1494,0.1388
1439,61,1500,0.1388
1430,62,1492,0.1388
1439,61,1500,0.1388
1427,59,1486,0.1388
1434,61,1495,0.1388
1431,64,1495,0.1388
1425,66,1491,0.1388
1422,67,1489,0.1388
1417,65,1482,0.1388
1421,68,1489,0.1388
1418,69,1487,0.1388
1417,68,1485,0.1388
1416,68,1484,0.1388
1412,69,1481,0.1388
1416,69,1485,0.1388
1414,69,1483,0.1388
1418,68,1486,0.1388
1427,68,1495,0.1388
1415,70,1485,0.1388
1416,70,1486,0.1388
1427,67,1494,0.1388
1423,67,1490,0.1388
1419,71,1490,0.1388
1429,70,1499,0.1388
1434,69,1503,0.1388
1424,69,1493,0.1388
1432,73,1505,0.1388
1412,71,1483,0.1388
1417,70,1487,0.1388
1407,72,1479,0.1388
1407,74,1481,0.1388
1406,74,1480,0.1388
1405,75,1480,0.1388
1411,77,1488,0.1388
1419,79,1498,0.1388
1421,80,1501,0.1388
1418,79,1497,0.1388
1424,81,1505,0.1388
1419,81,1500,0.1388
1409,87,1496,0.1388
1416,84,1500,0.1388
1424,85,1509,0.1388
1415,83,1498,0.1388
1406,91,1497,0.1388
1402,91,1493,0.1388
1416,88,1504,0.1388
1422,87,1509,0.1388
1417,85,1502,0.1388
1409,83,1492,0.1388
1420,82,1502,0.1388
1421,82,1503,0.1388
1421,80,1501,0.1388
1423,84,1507,0.1388
1416,86,1502,0.1388
1408,86,1494,0.1388
1408,84,1492,0.1388
1412,83,1495,0.1388
1417,80,1497,0.1388
1411,82,1493,0.1388
1428,82,1510,0.1388
1418,76,1494,0.1388
1429,78,1507,0.1388
1419,79,1498,0.1388
1412,78,1490,0.1388
1417,78,1495,0.1388
1409,80,1489,0.1388
1405,80,1485,0.1388
1402,81,1483,0.1388
1407,82,1489,0.1388
1414,80,1494,0.1388
1419,82,1501,0.1388
1424,82,1506,0.1388
1422,84,1506,0.1388
1425,84,1509,0.1388
1434,86,1520,0.1388
1411,85,1496,0.1388
1385,87,1472,0.1388
1389,88,1477,0.1388
1399,85,1484,0.1388
1394,83,1477,0.1388
1418,83,1501,0.1388
1426,86,1512,0.1388
1436,84,1520,0.1388
1422,81,1503,0.1388
1414,88,1502,0.1388
1410,85,1495,0.1388
1401,87,1488,0.1388
1406,87,1493,0.1388
1394,89,1483,0.1388
1399,91,1490,0.1388
1395,92,1487,0.1388
1405,92,1497,0.1388
1405,92,1497,0.1388
1392,93,1485,0.1388
1373,91,1464,0.1388
1368,92,1460,0.1388
1381,92,1473,0.1388
1387,90,1477,0.1388
1393,91,1484,0.1388
1385,96,1481,0.1388
1380,97,1477,0.1388
1382,98,1480,0.1388
1390,98,1488,0.1388
1389,101,1490,0.1388
1388,100,1488,0.1388
1402,100,1502,0.1388
1399,98,1497,0.1388
1412,101,1513,0.1388
1419,100,1519,0.1388
1421,100,1521,0.1388
1415,99,1514,0.1388
1420,97,1517,0.1388
1412,99,1511,0.1388
1404,100,1504,0.1388
1397,102,1499,0.1388
1391,100,1491,0.1388
1405,100,1505,0.1388
1401,101,1502,0.1388
1390,102,1492,0.1388
1403,104,1507,0.1388
1394,104,1498,0.1388
1413,101,1514,0.1388
1405,102,1507,0.1388
1397,99,1496,0.1388
1372,98,1470,0.1388
1377,100,1477,0.1388
1396,104,1500,0.1388
1399,108,1507,0.1388
1393,109,1502,0.1388
1392,109,1501,0.1388
1397,108,1505,0.1388
1382,109,1491,0.1388
1391,111,1502,0.1388
1386,112,1498,0.1388
1387,115,1502,0.1388
1377,116,1493,0.1388
1380,115,1495,0.1388
1378,118,1496,0.1388
1366,118,1484,0.1388
1369,119,1488,0.1388
1375,123,1498,0.1388
1367,122,1489,0.1388
1359,124,1483,0.1388
1359,122,1481,0.1388
1355,123,1478,0.1388
1373,123,1496,0.1388
1360,123,1483,0.1388
1354,127,1481,0.1388
1370,128,1498,0.1388
1380,129,1509,0.1388
1374,124,1498,0.1388
1375,128,1503,0.1388
1371,126,1497,0.1388
1375,129,1504,0.1388
1366,130,1496,0.1388
1362,130,1492,0.1388
1373,130,1503,0.1388
1363,128,1491,0.1388
1371,130,1501,0.1388
1374,128,1502,0.1388
1381,126,1507,0.1388
1375,128,1503,0.1388
1373,129,1502,0.1388
1367,130,1497,0.1388
1370,133,1503,0.1388
1359,132,1491,0.1388
1360,133,1493,0.1388
1358,131,1489,0.1388
1376,132,1508,0.1388
1370,131,1501,0.1388
1363,133,1496,0.1388
1357,137,1494,0.1388
1351,139,1490,0.1388
1332,139,1471,0.1388
1332,137,1469,0.1388
1340,137,1477,0.1388
1350,137,1487,0.1388
1346,137,1483,0.1388
1355,135,1490,0.1388
1354,134,1488,0.1388
1356,132,1488,0.1388
1369,132,1501,0.1388
1365,134,1499,0.1388
1364,132,1496,0.1388
1361,132,1493,0.1388
1354,136,1490,0.1388
1357,136,1493,0.1388
1353,139,1492,0.1388
1361,137,1498,0.1388
1364,140,1504,0.1388
1348,144,1492,0.1388
1345,142,1487,0.1388
1334,139,1473,0.1388
1339,140,1479,0.1388
1357,141,1498,0.1388
1358,141,1499,0.1388
1354,143,1497,0.1388
1347,141,1488,0.1388
1349,141,1490,0.1388
1357,141,1498,0.1388
1365,141,1506,0.1388
1361,144,1505,0.1388
1365,145,1510,0.1388
1349,148,1497,0.1388
1337,146,1483,0.1388
1337,146,1483,0.1388
1349,148,1497,0.1388
1342,150,1492,0.1388
1336,151,1487,0.1388
1337,153,1490,0.1388
1331,149,1480,0.1388
1318,151,1469,0.1388
1317,147,1464,0.1388
1323,147,1470,0.1388
1318,159,1477,0.1388
1327,158,1485,0.1388
1326,160,1486,0.1388
1325,160,1485,0.1388
1332,157,1489,0.1388
1338,159,1497,0.1388
1333,154,1487,0.1388
1344,152,1496,0.1388
1357,150,1507,0.1388
1360,152,1512,0.1388
1351,157,1508,0.1388
1339,156,1495,0.1388
1338,155,1493,0.1388
1332,156,1488,0.1388
1331,159,1490,0.1388
1329,159,1488,0.1388
1330,161,1491,0.1388
1328,161,1489,0.1388
1336,169,1505,0.1388
1331,173,1504,0.1388
1341,172,1513,0.1388
1318,167,1485,0.1388
1309,169,1478,0.1388
1316,168,1484,0.1388
1309,176,1485,0.1388
1320,180,1500,0.1388
1326,182,1508,0.1388
1333,181,1514,0.1388
1322,180,1502,0.1388
1323,180,1503,0.1388
1324,174,1498,0.1388
1307,175,1482,0.1388
1320,180,1500,0.1388
1309,175,1484,0.1388
1323,180,1503,0.1388
1316,174,1490,0.1388
1308,176,1484,0.1388
1305,178,1483,0.1388
1299,178,1477,0.1388
1298,182,1480,0.1388
1294,182,1476,0.1388
1297,185,1482,0.1388
1301,183,1484,0.1388
1302,177,1479,0.1388
1309,178,1487,0.1388
1307,179,1486,0.1388
1313,179,1492,0.1388
1296,183,1479,0.1388
1294,188,1482,0.1388
1303,182,1485,0.1388
1302,183,1485,0.1388
1313,179,1492,0.1388
1311,186,1497,0.1388
1299,188,1487,0.1388
1283,192,1475,0.1388
1297,189,1486,0.1388
1306,192,1498,0.1388
1312,193,1505,0.1388
1312,198,1510,0.1388
1312,199,1511,0.1388
1302,198,1500,0.1388
1306,194,1500,0.1388
1305,193,1498,0.1388
1313,202,1515,0.1388
1298,202,1500,0.1388
1301,201,1502,0.1388
1294,203,1497,0.1388
1296,197,1493,0.1388
1291,197,1488,0.1388
1292,194,1486,0.1388
1307,192,1499,0.1388
1299,195,1494,0.1388
1290,195,1485,0.1388
1294,197,1491,0.1388
1294,197,1491,0.1388
1295,196,1491,0.1388
1291,198,1489,0.1388
1295,197,1492,0.1388
1299,198,1497,0.1388
1317,196,1513,0.1388
1320,194,1514,0.1388
1305,196,1501,0.1388
1307,197,1504,0.1388
1303,195,1498,0.1388
1307,195,1502,0.1388
1289,196,1485,0.1388
1293,203,1496,0.1388
1294,198,1492,0.1388
1302,199,1501,0.1388
1299,197,1496,0.1388
1288,198,1486,0.1388
1299,200,1499,0.1388
1305,204,1509,0.1388
1312,203,1515,0.1388
1299,202,1501,0.1388
1293,199,1492,0.1388
1300,197,1497,0.1388
1295,197,1492,0.1388
1303,200,1503,0.1388
1300,203,1503,0.1388
1289,207,1496,0.1388
1293,206,1499,0.1388
1291,205,1496,0.1388
1297,210,1507,0.1388
1299,205,1504,0.1388
1289,203,1492,0.1388
1295,201,1496,0.1388
1300,205,1505,0.1388
1291,210,1501,0.1388
1295,212,1507,0.1388
1298,215,1513,0.1388
1292,216,1508,0.1388
1286,216,1502,0.1388
1286,219,1505,0.1388
1272,217,1489,0.1388
1284,216,1500,0.1388
1297,215,1512,0.1388
1293,218,1511,0.1388
1284,214,1498,0.1388
1292,218,1510,0.1388
1292,218,1510,0.1388
1296,221,1517,0.1388
1298,219,1517,0.1388
1287,219,1506,0.1388
1277,223,1500,0.1388
1275,226,1501,0.1388
1270,224,1494,0.1388
1265,227,1492,0.1388
1263,220,1483,0.1388
1277,228,1505,0.1388
1281,222,1503,0.1388
1276,221,1497,0.1388
1275,228,1503,0.1388
1275,228,1503,0.1388
1272,233,1505,0.1388
1269,231,1500,0.1388
1264,230,1494,0.1388
1263,234,1497,0.1388
1262,231,1493,0.1388
1255,232,1487,0.1388
1267,235,1502,0.1388
1255,234,1489,0.1388
1260,238,1498,0.1388
1266,239,1505,0.1388
1264,237,1501,0.1388
1277,237,1514,0.1388
1265,239,1504,0.1388
1272,240,1512,0.1388
1262,237,1499,0.1388
1263,234,1497,0.1388
1269,233,1502,0.1388
1269,235,1504,0.1388
1272,233,1505,0.1388
1263,233,1496,0.1388
1257,229,1486,0.1388
1261,234,1495,0.1388
1266,239,1505,0.1388
1277,242,1519,0.1388
1266,239,1505,0.1388
1265,234,1499,0.1388
1273,238,1511,0.1388
1270,242,1512,0.1388
1272,242,1514,0.1388
1268,238,1506,0.1388
1257,233,1490,0.1388
1250,236,1486,0.1388
1261,236,1497,0.1388
1257,238,1495,0.1388
1253,237,1490,0.1388
1244,236,1480,0.1388
1249,239,1488,0.1388
1269,240,1509,0.1388
1264,239,1503,0.1388
1262,244,1506,0.1388
1245,252,1497,0.1388
1237,254,1491,0.1388
1237,257,1494,0.1388
1233,254,1487,0.1388
1241,256,1497,0.1388
1258,258,1516,0.1388
1245,259,1504,0.1388
1244,266,1510,0.1388
1238,267,1505,0.1388
1223,267,1490,0.1388
1227,265,1492,0.1388
1217,271,1488,0.1388
1231,269,1500,0.1388
1239,270,1509,0.1388
1241,269,1510,0.1388
1232,269,1501,0.1388
1232,265,1497,0.1388
1226,259,1485,0.1388
1227,267,1494,0.1388
1223,267,1490,0.1388
1218,272,1490,0.1388
1214,271,1485,0.1388
1214,266,1480,0.1388
1221,265,1486,0.1388
1218,274,1492,0.1388
1224,272,1496,0.1388
1221,267,1488,0.1388
1222,270,1492,0.1388
1230,269,1499,0.1388
1227,271,1498,0.1388
1222,274,1496,0.1388
1222,270,1492,0.1388
1208,268,1476,0.1388
1215,274,1489,0.1388
1223,276,1499,0.1388
1222,283,1505,0.1388
1222,288,1510,0.1388
1218,283,1501,0.1388
1214,278,1492,0.1388
1218,280,1498,0.1388
1215,278,1493,0.1388
1227,274,1501,0.1388
1224,272,1496,0.1388
1225,277,1502,0.1388
1218,277,1495,0.1388
1219,274,1493,0.1388
1223,271,1494,0.1388
1236,268,1504,0.1388
1243,270,1513,0.1388
1235,271,1506,0.1388
1227,274,1501,0.1388
1229,271,1500,0.1388
1226,271,1497,0.1388
1224,276,1500,0.1388
1214,284,1498,0.1388
1223,287,1510,0.1388
1223,282,1505,0.1388
1227,283,1510,0.1388
1221,283,1504,0.1388
1221,278,1499,0.1388
1218,271,1489,0.1388
1220,268,1488,0.1388
1223,274,1497,0.1388
1226,272,1498,0.1388
1223,277,1500,0.1388
1217,270,1487,0.1388
1208,279,1487,0.1388
1216,272,1488,0.1388
1222,271,1493,0.1388
1222,277,1499,0.1388
1217,279,1496,0.1388
1215,281,1496,0.1388
1226,288,1514,0.1388
1222,284,1506,0.1388
1224,288,1512,0.1388
1225,288,1513,0.1388
1223,284,1507,0.1388
1219,283,1502,0.1388
1219,285,1504,0.1388
1209,294,1503,0.1388
1215,291,1506,0.1388
1223,284,1507,0.1388
1228,286,1514,0.1388
1224,289,1513,0.1388
1205,287,1492,0.1388
1199,283,1482,0.1388
1210,288,1498,0.1388
1218,285,1503,0.1388
1213,280,1493,0.1388
1214,284,1498,0.1388
1207,290,1497,0.1388
1212,291,1503,0.1388
1213,284,1497,0.1388
1219,286,1505,0.1388
1223,285,1508,0.1388
1215,283,1498,0.1388
1216,287,1503,0.1388
1218,286,1504,0.1388
1218,284,1502,0.1388
1215,287,1502,0.1388
1223,288,1511,0.1388
1220,285,1505,0.1388
1221,281,1502,0.1388
1218,281,1499,0.1388
1218,289,1507,0.1388
1220,287,1507,0.1388
1199,290,1489,0.1388
1216,290,1506,0.1388
1215,289,1504,0.1388
1205,288,1493,0.1388
1207,292,1499,0.1388
1204,293,1497,0.1388
1188,294,1482,0.1388
1199,295,1494,0.1388
1205,293,1498,0.1388
1213,294,1507,0.1388
1204,293,1497,0.1388
1201,289,1490,0.1388
1201,294,1495,0.1388
1204,294,1498,0.1388
1196,292,1488,0.1388
1200,288,1488,0.1388
1197,292,1489,0.1388
1197,297,1494,0.1388
1194,288,1482,0.1388
1194,295,1489,0.1388
1186,283,1469,0.1388
1190,283,1473,0.1388
1189,281,1470,0.1388
1185,292,1477,0.1388
1193,292,1485,0.1388
1191,290,1481,0.1388
1193,283,1476,0.1388
1204,285,1489,0.1388
1202,280,1482,0.1388
1200,278,1478,0.1388
1211,280,1491,0.1388
1210,279,1489,0.1388
1216,278,1494,0.1388
1217,277,1494,0.1388
1220,272,1492,0.1388
1222,275,1497,0.1388
1225,270,1495,0.1388
1229,268,1497,0.1388
1216,272,1488,0.1388
1220,269,1489,0.1388
1220,274,1494,0.1388
1228,277,1505,0.1388
1220,272,1492,0.1388
1221,276,1497,0.1388
1220,275,1495,0.1388
1210,272,1482,0.1388
1217,275,1492,0.1388
1221,276,1497,0.1388
1223,287,1510,0.1388
1224,287,1511,0.1388
1229,286,1515,0.1388
1222,283,1505,0.1388
1223,292,1515,0.1388
1218,289,1507,0.1388
1223,292,1515,0.1388
1217,298,1515,0.1388
1212,296,1508,0.1388
1213,299,1512,0.1388
1207,297,1504,0.1388
1219,292,1511,0.1388
1209,291,1500,0.1388
1201,293,1494,0.1388
1215,294,1509,0.1388
1208,303,1511,0.1388
1204,302,1506,0.1388
1187,304,1491,0.1388
1183,302,1485,0.1388
1171,305,1476,0.1388
1176,310,1486,0.1388
1186,305,1491,0.1388
1179,308,1487,0.1388
1180,307,1487,0.1388
1175,307,1482,0.1388
1177,312,1489,0.1388
1173,318,1491,0.1388
1172,321,1493,0.1388
1176,320,1496,0.1388
1168,320,1488,0.1388
1170,319,1489,0.1388
1170,320,1490,0.1388
1182,325,1507,0.1388
1175,328,1503,0.1388
1159,327,1486,0.1388
1170,331,1501,0.1388
1165,328,1493,0.1388
1169,327,1496,0.1388
1152,324,1476,0.1388
1150,328,1478,0.1388
1159,327,1486,0.1388
1155,324,1479,0.1388
1162,325,1487,0.1388
1164,323,1487,0.1388
1168,322,1490,0.1388
1178,324,1502,0.1388
1169,324,1493,0.1388
1172,328,1500,0.1388
1180,329,1509,0.1388
1182,323,1505,0.1388
1179,319,1498,0.1388
1174,316,1490,0.1388
1174,317,1491,0.1388
1172,309,1481,0.1388
1170,316,1486,0.1388
1174,315,1489,0.1388
1176,321,1497,0.1388
1176,324,1500,0.1388
1179,326,1505,0.1388
1169,325,1494,0.1388
1174,328,1502,0.1388
1180,334,1514,0.1388
1181,323,1504,0.1388
1187,317,1504,0.1388
1187,320,1507,0.1388
1193,318,1511,0.1388
1189,318,1507,0.1388
1188,313,1501,0.1388
1176,308,1484,0.1388
1171,313,1484,0.1388
1174,312,1486,0.1388
1191,310,1501,0.1388
1189,311,1500,0.1388
1193,308,1501,0.1388
1183,305,1488,0.1388
1174,306,1480,0.1388
1181,307,1488,0.1388
1185,310,1495,0.1388
1190,313,1503,0.1388
1182,315,1497,0.1388
1186,316,1502,0.1388
1177,319,1496,0.1388
1177,315,1492,0.1388
1175,311,1486,0.1388
1185,311,1496,0.1388
1187,308,1495,0.1388
1182,311,1493,0.1388
1190,319,1509,0.1388
1191,316,1507,0.1388
1191,318,1509,0.1388
1196,318,1514,0.1388
1184,318,1502,0.1388
1196,315,1511,0.1388
1185,313,1498,0.1388
1192,315,1507,0.1388
1192,322,1514,0.1388
1190,326,1516,0.1388
1196,330,1526,0.1388
1184,327,1511,0.1388
1190,330,1520,0.1388
1184,322,1506,0.1388
1184,325,1509,0.1388
1178,314,1492,0.1388
1172,318,1490,0.1388
1177,319,1496,0.1388
1169,325,1494,0.1388
1179,316,1495,0.1388
1181,322,1503,0.1388
1182,323,1505,0.1388
1186,320,1506,0.1388
1174,321,1495,0.1388
1180,321,1501,0.1388
1172,328,1500,0.1388
1177,331,1508,0.1388
1167,328,1495,0.1388
1165,337,1502,0.1388
1173,333,1506,0.1388
1170,336,1506,0.1388
1173,330,1503,0.1388
1166,331,1497,0.1388
1164,344,1508,0.1388
1165,344,1509,0.1388
1153,340,1493,0.1388
1163,336,1499,0.1388
1159,328,1487,0.1388
1177,332,1509,0.1388
1178,328,1506,0.1388
1175,323,1498,0.1388
1175,327,1502,0.1388
1166,329,1495,0.1388
1156,333,1489,0.1388
1162,331,1493,0.1388
1167,321,1488,0.1388
1165,323,1488,0.1388
1171,325,1496,0.1388
1174,329,1503,0.1388
1168,332,1500,0.1388
1169,336,1505,0.1388
1170,328,1498,0.1388
1165,325,1490,0.1388
1169,320,1489,0.1388
1169,325,1494,0.1388
1157,332,1489,0.1388
1156,323,1479,0.1388
1157,328,1485,0.1388
1158,332,1490,0.1388
1176,333,1509,0.1388
1174,338,1512,0.1388
1165,339,1504,0.1388
1160,340,1500,0.1388
1156,340,1496,0.1388
1151,338,1489,0.1388
1154,332,1486,0.1388
1172,336,1508,0.1388
1168,337,1505,0.1388
1152,341,1493,0.1388
1146,337,1483,0.1388
1145,331,1476,0.1388
1143,332,1475,0.1388
1160,334,1494,0.1388
1154,338,1492,0.1388
1144,344,1488,0.1388
1144,345,1489,0.1388
1146,344,1490,0.1388
1150,346,1496,0.1388
1141,349,1490,0.1388
1134,347,1481,0.1388
1148,349,1497,0.1388
1145,348,1493,0.1388
1148,349,1497,0.1388
1138,355,1493,0.1388
1142,354,1496,0.1388
1135,353,1488,0.1388
1141,359,1500,0.1388
1139,360,1499,0.1388
1142,355,1497,0.1388
1149,356,1505,0.1388
1152,358,1510,0.1388
1150,358,1508,0.1388
1150,359,1509,0.1388
1151,361,1512,0.1388
1144,362,1506,0.1388
1138,360,1498,0.1388
1143,363,1506,0.1388
1126,353,1479,0.1388
1118,360,1478,0.1388
1121,366,1487,0.1388
1125,374,1499,0.1388
1129,369,1498,0.1388
1124,369,1493,0.1388
1120,371,1491,0.1388
1121,376,1497,0.1388
1117,372,1489,0.1388
1111,378,1489,0.1388
1122,378,1500,0.1388
1118,378,1496,0.1388
1127,382,1509,0.1388
1121,383,1504,0.1388
1123,380,1503,0.1388
1117,381,1498,0.1388
1112,390,1502,0.1388
1107,392,1499,0.1388
1111,391,1502,0.1388
1110,391,1501,0.1388
1117,395,1512,0.1388
1119,396,1515,0.1388
1113,393,1506,0.1388
1114,397,1511,0.1388
1101,395,1496,0.1388
1094,398,1492,0.1388
1098,403,1501,0.1388
1098,405,1503,0.1388
1107,408,1515,0.1388
1097,406,1503,0.1388
1086,413,1499,0.1388
1086,406,1492,0.1388
1088,402,1490,0.1388
1087,405,1492,0.1388
1082,411,1493,0.1388
1088,413,1501,0.1388
1085,416,1501,0.1388
1089,418,1507,0.1388
1077,406,1483,0.1388
1089,408,1497,0.1388
1088,412,1500,0.1388
1075,411,1486,0.1388
1077,417,1494,0.1388
1079,422,1501,0.1388
1094,420,1514,0.1388
1082,422,1504,0.1388
1077,421,1498,0.1388
1071,421,1492,0.1388
1075,419,1494,0.1388
1077,416,1493,0.1388
1081,425,1506,0.1388
1075,417,1492,0.1388
1075,425,1500,0.1388
1079,424,1503,0.1388
1070,426,1496,0.1388
1072,433,1505,0.1388
1057,428,1485,0.1388
1064,433,1497,0.1388
1077,436,1513,0.1388
1066,431,1497,0.1388
1065,433,1498,0.1388
1073,434,1507,0.1388
1051,435,1486,0.1388
1040,434,1474,0.1388
1048,431,1479,0.1388
1052,429,1481,0.1388
1063,435,1498,0.1388
1047,438,1485,0.1388
1054,440,1494,0.1388
1059,433,1492,0.1388
1056,439,1495,0.1388
1057,440,1497,0.1388
1053,443,1496,0.1388
1056,442,1498,0.1388
1048,444,1492,0.1388
1053,448,1501,0.1388
1054,452,1506,0.1388
1060,448,1508,0.1388
1070,450,1520,0.1388
1059,445,1504,0.1388
1053,438,1491,0.1388
1051,445,1496,0.1388
1046,448,1494,0.1388
1050,452,1502,0.1388
1044,454,1498,0.1388
1048,457,1505,0.1388
1051,464,1515,0.1388
1040,462,1502,0.1388
1047,457,1504,0.1388
1046,456,1502,0.1388
1058,456,1514,0.1388
1051,456,1507,0.1388
1053,449,1502,0.1388
1054,457,1511,0.1388
1057,453,1510,0.1388
1058,454,1512,0.1388
1045,451,1496,0.1388
1042,460,1502,0.1388
1037,460,1497,0.1388
1031,462,1493,0.1388
1028,467,1495,0.1388
1023,471,1494,0.1388
1018,472,1490,0.1388
1030,473,1503,0.1388
1029,471,1500,0.1388
1020,475,1495,0.1388
1019,479,1498,0.1388
1021,480,1501,0.1388
1022,479,1501,0.1388
1028,476,1504,0.1388
1025,474,1499,0.1388
1024,465,1489,0.1388
1027,475,1502,0.1388
1021,481,1502,0.1388
1009,482,1491,0.1388
1005,491,1496,0.1388
1004,496,1500,0.1388
1012,491,1503,0.1388
1007,496,1503,0.1388
1009,497,1506,0.1388
1006,510,1516,0.1388
989,503,1492,0.1388
993,501,1494,0.1388
996,503,1499,0.1388
996,503,1499,0.1388
987,498,1485,0.1388
1004,495,1499,0.1388
1014,507,1521,0.1388
1010,506,1516,0.1388
998,506,1504,0.1388
998,514,1512,0.1388
990,511,1501,0.1388
990,514,1504,0.1388
1001,507,1508,0.1388
999,516,1515,0.1388
993,516,1509,0.1388
1001,519,1520,0.1388
1011,510,1521,0.1388
1009,505,1514,0.1388
994,505,1499,0.1388
996,517,1513,0.1388
993,521,1514,0.1388
996,521,1517,0.1388
983,524,1507,0.1388
976,521,1497,0.1388
982,521,1503,0.1388
988,514,1502,0.1388
990,503,1493,0.1388
976,511,1487,0.1388
978,514,1492,0.1388
982,519,1501,0.1388
984,513,1497,0.1388
983,514,1497,0.1388
990,513,1503,0.1388
988,512,1500,0.1388
991,519,1510,0.1388
989,523,1512,0.1388
990,517,1507,0.1388
976,512,1488,0.1388
975,517,1492,0.1388
966,534,1500,0.1388
957,539,1496,0.1388
958,530,1488,0.1388
957,538,1495,0.1388
968,536,1504,0.1388
977,538,1515,0.1388
967,536,1503,0.1388
961,535,1496,0.1388
963,533,1496,0.1388
961,543,1504,0.1388
964,542,1506,0.1388
963,542,1505,0.1388
964,539,1503,0.1388
966,540,1506,0.1388
967,540,1507,0.1388
976,531,1507,0.1388
984,536,1520,0.1388
981,536,1517,0.1388
985,538,1523,0.1388
976,532,1508,0.1388
966,533,1499,0.1388
973,541,1514,0.1388
966,537,1503,0.1388
971,542,1513,0.1388
969,550,1519,0.1388
974,539,1513,0.1388
979,541,1520,0.1388
976,540,1516,0.1388
969,536,1505,0.1388
971,535,1506,0.1388
969,535,1504,0.1388
959,538,1497,0.1388
956,538,1494,0.1388
963,543,1506,0.1388
958,543,1501,0.1388
962,547,1509,0.1388
958,554,1512,0.1388
964,561,1525,0.1388
957,558,1515,0.1388
947,561,1508,0.1388
950,562,1512,0.1388
962,565,1527,0.1388
964,568,1532,0.1388
952,563,1515,0.1388
946,564,1510,0.1388
961,555,1516,0.1388
947,557,1504,0.1388
948,566,1514,0.1388
941,569,1510,0.1388
937,563,1500,0.1388
952,570,1522,0.1388
945,567,1512,0.1388
945,572,1517,0.1388
946,580,1526,0.1388
943,581,1524,0.1388
939,582,1521,0.1388
941,578,1519,0.1388
935,584,1519,0.1388
924,579,1503,0.1388
923,569,1492,0.1388
921,570,1491,0.1388
924,575,1499,0.1388
932,570,1502,0.1388
934,572,1506,0.1388
924,587,1511,0.1388
923,584,1507,0.1388
928,587,1515,0.1388
926,588,1514,0.1388
934,586,1520,0.1388
926,587,1513,0.1388
925,579,1504,0.1388
916,581,1497,0.1388
922,576,1498,0.1388
926,581,1507,0.1388
928,581,1509,0.1388
930,583,1513,0.1388
928,585,1513,0.1388
938,584,1522,0.1388
931,582,1513,0.1388
923,583,1506,0.1388
915,572,1487,0.1388
914,587,1501,0.1388
914,589,1503,0.1388
908,585,1493,0.1388
908,586,1494,0.1388
911,585,1496,0.1388
914,584,1498,0.1388
913,590,1503,0.1388
910,594,1504,0.1388
911,596,1507,0.1388
911,595,1506,0.1388
904,590,1494,0.1388
906,595,1501,0.1388
905,586,1491,0.1388
909,596,1505,0.1388
906,597,1503,0.1388
889,594,1483,0.1388
891,601,1492,0.1388
912,601,1513,0.1388
915,596,1511,0.1388
907,595,1502,0.1388
913,600,1513,0.1388
919,601,1520,0.1388
914,596,1510,0.1388
913,601,1514,0.1388
905,596,1501,0.1388
896,590,1486,0.1388
888,592,1480,0.1388
897,601,1498,0.1388
893,599,1492,0.1388
890,604,1494,0.1388
893,593,1486,0.1388
904,597,1501,0.1388
899,589,1488,0.1388
904,586,1490,0.1388
905,597,1502,0.1388
905,600,1505,0.1388
906,601,1507,0.1388
903,601,1504,0.1388
899,596,1495,0.1388
882,604,1486,0.1388
879,604,1483,0.1388
873,610,1483,0.1388
872,613,1485,0.1388
878,601,1479,0.1388
876,604,1480,0.1388
882,604,1486,0.1388
887,611,1498,0.1388
882,613,1495,0.1388
887,614,1501,0.1388
874,608,1482,0.1388
869,609,1478,0.1388
875,620,1495,0.1388
871,615,1486,0.1388
871,615,1486,0.1388
866,628,1494,0.1388
867,631,1498,0.1388
873,624,1497,0.1388
875,623,1498,0.1388
864,625,1489,0.1388
862,626,1488,0.1388
872,608,1480,0.1388
879,615,1494,0.1388
878,623,1501,0.1388
886,616,1502,0.1388
881,618,1499,0.1388
880,617,1497,0.1388
871,623,1494,0.1388
861,615,1476,0.1388
861,626,1487,0.1388
860,626,1486,0.1388
862,627,1489,0.1388
871,628,1499,0.1388
873,631,1504,0.1388
877,629,1506,0.1388
875,624,1499,0.1388
879,629,1508,0.1388
882,620,1502,0.1388
879,626,1505,0.1388
876,628,1504,0.1388
862,636,1498,0.1388
867,633,1500,0.1388
874,636,1510,0.1388
873,635,1508,0.1388
871,630,1501,0.1388
879,636,1515,0.1388
874,620,1494,0.1388
869,623,1492,0.1388
876,619,1495,0.1388
877,632,1509,0.1388
868,636,1504,0.1388
860,637,1497,0.1388
866,637,1503,0.1388
871,639,1510,0.1388
875,639,1514,0.1388
876,640,1516,0.1388
873,640,1513,0.1388
872,640,1512,0.1388
869,633,1502,0.1388
871,627,1498,0.1388
859,634,1493,0.1388
856,633,1489,0.1388
868,639,1507,0.1388
862,644,1506,0.1388
870,643,1513,0.1388
869,641,1510,0.1388
869,644,1513,0.1388
858,650,1508,0.1388
847,653,1500,0.1388
841,650,1491,0.1388
838,656,1494,0.1388
848,650,1498,0.1388
843,652,1495,0.1388
848,656,1504,0.1388
849,671,1520,0.1388
847,666,1513,0.1388
852,667,1519,0.1388
850,657,1507,0.1388
852,658,1510,0.1388
837,658,1495,0.1388
832,655,1487,0.1388
841,669,1510,0.1388
827,668,1495,0.1388
828,666,1494,0.1388
830,668,1498,0.1388
830,666,1496,0.1388
831,676,1507,0.1388
821,675,1496,0.1388
823,678,1501,0.1388
823,679,1502,0.1388
823,688,1511,0.1388
815,686,1501,0.1388
818,690,1508,0.1388
816,695,1511,0.1388
813,695,1508,0.1388
817,693,1510,0.1388
812,690,1502,0.1388
825,689,1514,0.1388
817,690,1507,0.1388
804,691,1495,0.1388
814,698,1512,0.1388
810,694,1504,0.1388
819,695,1514,0.1388
819,705,1524,0.1388
812,700,1512,0.1388
815,697,1512,0.1388
813,695,1508,0.1388
813,701,1514,0.1388
813,703,1516,0.1388
810,703,1513,0.1388
800,707,1507,0.1388
796,708,1504,0.1388
794,711,1505,0.1388
801,709,1510,0.1388
798,711,1509,0.1388
793,706,1499,0.1388
791,711,1502,0.1388
789,712,1501,0.1388
786,719,1505,0.1388
791,717,1508,0.1388
794,722,1516,0.1388
795,726,1521,0.1388
792,717,1509,0.1388
788,713,1501,0.1388
797,712,1509,0.1388
790,704,1494,0.1388
788,720,1508,0.1388
791,718,1509,0.1388
791,727,1518,0.1388
788,717,1505,0.1388
786,722,1508,0.1388
786,721,1507,0.1388
777,715,1492,0.1388
778,728,1506,0.1388
779,725,1504,0.1388
775,724,1499,0.1388
774,731,1505,0.1388
778,730,1508,0.1388
783,726,1509,0.1388
783,731,1514,0.1388
777,730,1507,0.1388
782,728,1510,0.1388
779,720,1499,0.1388
783,722,1505,0.1388
781,721,1502,0.1388
779,727,1506,0.1388
781,722,1503,0.1388
783,726,1509,0.1388
785,730,1515,0.1388
778,729,1507,0.1388
773,739,1512,0.1388
776,739,1515,0.1388
771,747,1518,0.1388
766,756,1522,0.1388
764,751,1515,0.1388
751,746,1497,0.1388
758,750,1508,0.1388
746,749,1495,0.1388
741,751,1492,0.1388
749,758,1507,0.1388
736,758,1494,0.1388
742,769,1511,0.1388
741,764,1505,0.1388
742,764,1506,0.1388
729,760,1489,0.1388
735,746,1481,0.1388
737,761,1498,0.1388
737,762,1499,0.1388
728,755,1483,0.1388
726,761,1487,0.1388
720,765,1485,0.1388
730,759,1489,0.1388
732,768,1500,0.1388
723,760,1483,0.1388
715,757,1472,0.1388
719,764,1483,0.1388
723,773,1496,0.1388
720,780,1500,0.1388
717,775,1492,0.1388
727,776,1503,0.1388
736,779,1515,0.1388
729,775,1504,0.1388
726,779,1505,0.1388
725,785,1510,0.1388
727,793,1520,0.1388
723,793,1516,0.1388
721,792,1513,0.1388
719,794,1513,0.1388
717,798,1515,0.1388
712,805,1517,0.1388
714,810,1524,0.1388
714,803,1517,0.1388
709,805,1514,0.1388
703,804,1507,0.1388
704,811,1515,0.1388
696,808,1504,0.1388
701,802,1503,0.1388
699,809,1508,0.1388
700,805,1505,0.1388
700,808,1508,0.1388
699,806,1505,0.1388
702,804,1506,0.1388
706,822,1528,0.1388
701,813,1514,0.1388
701,805,1506,0.1388
691,808,1499,0.1388
698,803,1501,0.1388
694,808,1502,0.1388
695,816,1511,0.1388
693,818,1511,0.1388
693,814,1507,0.1388
693,821,1514,0.1388
687,823,1510,0.1388
674,817,1491,0.1388
682,807,1489,0.1388
684,817,1501,0.1388
683,818,1501,0.1388
687,813,1500,0.1388
683,829,1512,0.1388
687,811,1498,0.1388
689,814,1503,0.1388
688,817,1505,0.1388
685,826,1511,0.1388
688,825,1513,0.1388
686,824,1510,0.1388
693,820,1513,0.1388
701,830,1531,0.1388
710,825,1535,0.1388
707,814,1521,0.1388
712,816,1528,0.1388
698,809,1507,0.1388
699,822,1521,0.1388
692,818,1510,0.1388
696,816,1512,0.1388
701,822,1523,0.1388
691,822,1513,0.1388
687,814,1501,0.1388
689,825,1514,0.1388
690,825,1515,0.1388
696,818,1514,0.1388
697,815,1512,0.1388
689,820,1509,0.1388
692,816,1508,0.1388
696,818,1514,0.1388
701,826,1527,0.1388
695,818,1513,0.1388
689,813,1502,0.1388
693,811,1504,0.1388
686,820,1506,0.1388
687,821,1508,0.1388
686,821,1507,0.1388
685,817,1502,0.1388
683,819,1502,0.1388
684,810,1494,0.1388
685,822,1507,0.1388
680,821,1501,0.1388
681,822,1503,0.1388
684,824,1508,0.1388
686,825,1511,0.1388
684,829,1513,0.1388
683,822,1505,0.1388
680,833,1513,0.1388
677,838,1515,0.1388
676,831,1507,0.1388
657,830,1487,0.1388
658,835,1493,0.1388
655,828,1483,0.1388
665,830,1495,0.1388
671,836,1507,0.1388
673,832,1505,0.1388
677,844,1521,0.1388
676,834,1510,0.1388
677,832,1509,0.1388
686,834,1520,0.1388
684,831,1515,0.1388
677,835,1512,0.1388
674,831,1505,0.1388
677,828,1505,0.1388
676,835,1511,0.1388
673,836,1509,0.1388
678,840,1518,0.1388
669,847,1516,0.1388
670,848,1518,0.1388
672,841,1513,0.1388
668,838,1506,0.1388
668,848,1516,0.1388
668,849,1517,0.1388
670,853,1523,0.1388
667,845,1512,0.1388
662,848,1510,0.1388
660,843,1503,0.1388
654,850,1504,0.1388
647,843,1490,0.1388
649,850,1499,0.1388
663,857,1520,0.1388
663,860,1523,0.1388
657,860,1517,0.1388
654,856,1510,0.1388
655,848,1503,0.1388
652,857,1509,0.1388
644,860,1504,0.1388
650,859,1509,0.1388
639,865,1504,0.1388
636,866,1502,0.1388
636,871,1507,0.1388
638,866,1504,0.1388
629,866,1495,0.1388
632,875,1507,0.1388
636,873,1509,0.1388
638,869,1507,0.1388
639,863,1502,0.1388
640,860,1500,0.1388
644,874,1518,0.1388
638,877,1515,0.1388
637,869,1506,0.1388
633,870,1503,0.1388
633,882,1515,0.1388
629,884,1513,0.1388
622,886,1508,0.1388
627,881,1508,0.1388
631,881,1512,0.1388
620,872,1492,0.1388
625,867,1492,0.1388
628,869,1497,0.1388
630,872,1502,0.1388
624,882,1506,0.1388
617,882,1499,0.1388
617,886,1503,0.1388
620,892,1512,0.1388
615,892,1507,0.1388
619,888,1507,0.1388
614,890,1504,0.1388
622,891,1513,0.1388
625,890,1515,0.1388
611,889,1500,0.1388
614,902,1516,0.1388
618,888,1506,0.1388
611,891,1502,0.1388
614,887,1501,0.1388
614,883,1497,0.1388
611,890,1501,0.1388
608,887,1495,0.1388
606,893,1499,0.1388
607,890,1497,0.1388
604,897,1501,0.1388
608,902,1510,0.1388
609,900,1509,0.1388
609,904,1513,0.1388
609,905,1514,0.1388
604,909,1513,0.1388
606,903,1509,0.1388
606,901,1507,0.1388
600,897,1497,0.1388
604,894,1498,0.1388
602,907,1509,0.1388
602,907,1509,0.1388
603,912,1515,0.1388
598,914,1512,0.1388
598,921,1519,0.1388
593,913,1506,0.1388
591,915,1506,0.1388
594,909,1503,0.1388
591,906,1497,0.1388
602,913,1515,0.1388
602,907,1509,0.1388
603,902,1505,0.1388
596,907,1503,0.1388
590,910,1500,0.1388
596,908,1504,0.1388
592,906,1498,0.1388
588,911,1499,0.1388
587,905,1492,0.1388
587,904,1491,0.1388
584,910,1494,0.1388
580,917,1497,0.1388
576,928,1504,0.1388
586,939,1525,0.1388
586,940,1526,0.1388
568,949,1517,0.1388
577,945,1522,0.1388
578,929,1507,0.1388
576,926,1502,0.1388
570,927,1497,0.1388
579,929,1508,0.1388
584,926,1510,0.1388
587,932,1519,0.1388
592,928,1520,0.1388
591,927,1518,0.1388
595,933,1528,0.1388
591,922,1513,0.1388
593,919,1512,0.1388
591,940,1531,0.1388
593,929,1522,0.1388
585,923,1508,0.1388
582,937,1519,0.1388
582,933,1515,0.1388
581,931,1512,0.1388
582,925,1507,0.1388
579,928,1507,0.1388
588,928,1516,0.1388
579,929,1508,0.1388
575,927,1502,0.1388
582,928,1510,0.1388
582,933,1515,0.1388
574,938,1512,0.1388
570,944,1514,0.1388
571,940,1511,0.1388
574,946,1520,0.1388
578,947,1525,0.1388
570,937,1507,0.1388
574,941,1515,0.1388
571,933,1504,0.1388
566,940,1506,0.1388
562,947,1509,0.1388
567,937,1504,0.1388
574,941,1515,0.1388
570,941,1511,0.1388
573,944,1517,0.1388
577,948,1525,0.1388
567,948,1515,0.1388
559,954,1513,0.1388
558,954,1512,0.1388
562,957,1519,0.1388
565,953,1518,0.1388
562,948,1510,0.1388
556,947,1503,0.1388
560,947,1507,0.1388
559,943,1502,0.1388
563,949,1512,0.1388
559,937,1496,0.1388
552,950,1502,0.1388
555,948,1503,0.1388
557,954,1511,0.1388
562,953,1515,0.1388
567,939,1506,0.1388
565,940,1505,0.1388
556,944,1500,0.1388
560,945,1505,0.1388
569,943,1512,0.1388
565,955,1520,0.1388
561,956,1517,0.1388
561,952,1513,0.1388
560,941,1501,0.1388
552,943,1495,0.1388
547,955,1502,0.1388
552,959,1511,0.1388
552,966,1518,0.1388
559,968,1527,0.1388
545,958,1503,0.1388
546,965,1511,0.1388
548,961,1509,0.1388
547,958,1505,0.1388
555,957,1512,0.1388
548,952,1500,0.1388
535,964,1499,0.1388
535,971,1506,0.1388
540,964,1504,0.1388
543,963,1506,0.1388
544,964,1508,0.1388
539,968,1507,0.1388
545,960,1505,0.1388
546,953,1499,0.1388
541,956,1497,0.1388
537,954,1491,0.1388
540,959,1499,0.1388
539,967,1506,0.1388
532,971,1503,0.1388
531,976,1507,0.1388
533,967,1500,0.1388
534,973,1507,0.1388
543,979,1522,0.1388
536,981,1517,0.1388
536,977,1513,0.1388
539,972,1511,0.1388
541,970,1511,0.1388
548,962,1510,0.1388
547,960,1507,0.1388
549,963,1512,0.1388
547,965,1512,0.1388
536,969,1505,0.1388
537,965,1502,0.1388
541,955,1496,0.1388
537,954,1491,0.1388
539,962,1501,0.1388
544,962,1506,0.1388
546,963,1509,0.1388
541,963,1504,0.1388
543,961,1504,0.1388
545,961,1506,0.1388
537,961,1498,0.1388
533,967,1500,0.1388
531,980,1511,0.1388
530,982,1512,0.1388
528,970,1498,0.1388
528,980,1508,0.1388
525,986,1511,0.1388
523,989,1512,0.1388
525,990,1515,0.1388
521,994,1515,0.1388
511,1001,1512,0.1388
515,988,1503,0.1388
514,998,1512,0.1388
510,1001,1511,0.1388
517,1003,1520,0.1388
515,1004,1519,0.1388
514,998,1512,0.1388
509,993,1502,0.1388
518,999,1517,0.1388
516,993,1509,0.1388
508,999,1507,0.1388
505,986,1491,0.1388
516,990,1506,0.1388
508,996,1504,0.1388
511,993,1504,0.1388
514,989,1503,0.1388
515,991,1506,0.1388
511,986,1497,0.1388
503,995,1498,0.1388
499,1005,1504,0.1388
492,1002,1494,0.1388
493,1009,1502,0.1388
495,1006,1501,0.1388
503,1000,1503,0.1388
502,1007,1509,0.1388
499,1004,1503,0.1388
497,1004,1501,0.1388
496,1006,1502,0.1388
496,1001,1497,0.1388
497,1008,1505,0.1388
498,1017,1515,0.1388
496,1026,1522,0.1388
499,1023,1522,0.1388
500,1020,1520,0.1388
497,1022,1519,0.1388
492,1024,1516,0.1388
495,1025,1520,0.1388
488,1019,1507,0.1388
501,1010,1511,0.1388
502,1015,1517,0.1388
496,1010,1506,0.1388
500,1021,1521,0.1388
501,1015,1516,0.1388
499,1009,1508,0.1388
500,993,1493,0.1388
501,1003,1504,0.1388
503,1001,1504,0.1388
501,997,1498,0.1388
494,1002,1496,0.1388
490,1006,1496,0.1388
494,1014,1508,0.1388
489,1014,1503,0.1388
485,1008,1493,0.1388
492,1013,1505,0.1388
493,1015,1508,0.1388
492,1020,1512,0.1388
484,1019,1503,0.1388
485,1011,1496,0.1388
483,1024,1507,0.1388
485,1026,1511,0.1388
484,1032,1516,0.1388
479,1030,1509,0.1388
481,1025,1506,0.1388
488,1019,1507,0.1388
485,1031,1516,0.1388
490,1023,1513,0.1388
495,1032,1527,0.1388
493,1018,1511,0.1388
489,1027,1516,0.1388
480,1014,1494,0.1388
485,1011,1496,0.1388
481,1012,1493,0.1388
489,1013,1502,0.1388
484,1000,1484,0.1388
489,1016,1505,0.1388
483,1032,1515,0.1388
489,1024,1513,0.1388
488,1028,1516,0.1388
486,1024,1510,0.1388
478,1029,1507,0.1388
486,1036,1522,0.1388
488,1026,1514,0.1388
482,1026,1508,0.1388
483,1010,1493,0.1388
488,1003,1491,0.1388
491,1015,1506,0.1388
487,1021,1508,0.1388
485,1019,1504,0.1388
483,1036,1519,0.1388
488,1036,1524,0.1388
489,1036,1525,0.1388
495,1027,1522,0.1388
494,1036,1530,0.1388
491,1029,1520,0.1388
480,1027,1507,0.1388
475,1036,1511,0.1388
468,1033,1501,0.1388
477,1039,1516,0.1388
482,1044,1526,0.1388
475,1040,1515,0.1388
474,1030,1504,0.1388
476,1029,1505,0.1388
468,1033,1501,0.1388
471,1032,1503,0.1388
471,1047,1518,0.1388
470,1045,1515,0.1388
468,1045,1513,0.1388
476,1050,1526,0.1388
473,1046,1519,0.1388
464,1045,1509,0.1388
455,1046,1501,0.1388
470,1046,1516,0.1388
479,1052,1531,0.1388
478,1046,1524,0.1388
467,1050,1517,0.1388
464,1051,1515,0.1388
463,1054,1517,0.1388
465,1042,1507,0.1388
458,1042,1500,0.1388
459,1044,1503,0.1388
456,1053,1509,0.1388
454,1057,1511,0.1388
453,1055,1508,0.1388
448,1071,1519,0.1388
450,1062,1512,0.1388
447,1057,1504,0.1388
448,1061,1509,0.1388
442,1063,1505,0.1388
445,1072,1517,0.1388
445,1074,1519,0.1388
449,1069,1518,0.1388
450,1075,1525,0.1388
454,1084,1538,0.1388
454,1070,1524,0.1388
451,1065,1516,0.1388
445,1066,1511,0.1388
448,1055,1503,0.1388
447,1057,1504,0.1388
449,1068,1517,0.1388
453,1066,1519,0.1388
448,1058,1506,0.1388
452,1061,1513,0.1388
444,1056,1500,0.1388
443,1064,1507,0.1388
450,1050,1500,0.1388
453,1050,1503,0.1388
458,1056,1514,0.1388
461,1050,1511,0.1388
449,1048,1497,0.1388
457,1045,1502,0.1388
462,1046,1508,0.1388
462,1051,1513,0.1388
463,1053,1516,0.1388
460,1062,1522,0.1388
457,1061,1518,0.1388
455,1045,1500,0.1388
460,1046,1506,0.1388
456,1047,1503,0.1388
451,1049,1500,0.1388
448,1049,1497,0.1388
452,1045,1497,0.1388
450,1049,1499,0.1388
452,1054,1506,0.1388
457,1046,1503,0.1388
457,1063,1520,0.1388
451,1048,1499,0.1388
454,1053,1507,0.1388
451,1041,1492,0.1388
450,1037,1487,0.1388
448,1059,1507,0.1388
448,1058,1506,0.1388
447,1073,1520,0.1388
446,1064,1510,0.1388
441,1055,1496,0.1388
443,1053,1496,0.1388
447,1054,1501,0.1388
454,1060,1514,0.1388
445,1060,1505,0.1388
448,1054,1502,0.1388
452,1043,1495,0.1388
455,1045,1500,0.1388
464,1049,1513,0.1388
464,1041,1505,0.1388
462,1043,1505,0.1388
460,1054,1514,0.1388
462,1060,1522,0.1388
460,1070,1530,0.1388
453,1059,1512,0.1388
457,1071,1528,0.1388
449,1065,1514,0.1388
444,1052,1496,0.1388
439,1059,1498,0.1388
450,1067,1517,0.1388
449,1064,1513,0.1388
450,1059,1509,0.1388
446,1065,1511,0.1388
446,1067,1513,0.1388
449,1073,1522,0.1388
450,1076,1526,0.1388
443,1084,1527,0.1388
439,1084,1523,0.1388
436,1081,1517,0.1388
428,1071,1499,0.1388
428,1077,1505,0.1388
419,1072,1491,0.1388
427,1086,1513,0.1388
429,1084,1513,0.1388
432,1075,1507,0.1388
435,1082,1517,0.1388
435,1083,1518,0.1388
437,1082,1519,0.1388
433,1096,1529,0.1388
424,1090,1514,0.1388
430,1082,1512,0.1388
428,1094,1522,0.1388
432,1101,1533,0.1388
424,1098,1522,0.1388
418,1086,1504,0.1388
417,1090,1507,0.1388
409,1089,1498,0.1388
419,1079,1498,0.1388
416,1084,1500,0.1388
411,1093,1504,0.1388
400,1098,1498,0.1388
394,1107,1501,0.1388
387,1101,1488,0.1388
384,1114,1498,0.1388
383,1115,1498,0.1388
387,1112,1499,0.1388
388,1125,1513,0.1388
385,1122,1507,0.1388
385,1133,1518,0.1388
384,1136,1520,0.1388
375,1140,1515,0.1388
378,1141,1519,0.1388
374,1135,1509,0.1388
373,1138,1511,0.1388
376,1146,1522,0.1388
374,1143,1517,0.1388
381,1146,1527,0.1388
373,1139,1512,0.1388
374,1135,1509,0.1388
374,1138,1512,0.1388
374,1131,1505,0.1388
374,1145,1519,0.1388
375,1135,1510,0.1388
379,1140,1519,0.1388
377,1136,1513,0.1388
372,1131,1503,0.1388
370,1143,1513,0.1388
368,1133,1501,0.1388
371,1133,1504,0.1388
372,1136,1508,0.1388
371,1137,1508,0.1388
380,1136,1516,0.1388
379,1138,1517,0.1388
376,1142,1518,0.1388
376,1131,1507,0.1388
377,1130,1507,0.1388
378,1139,1517,0.1388
378,1146,1524,0.1388
369,1157,1526,0.1388
362,1151,1513,0.1388
368,1145,1513,0.1388
371,1144,1515,0.1388
368,1152,1520,0.1388
364,1150,1514,0.1388
361,1145,1506,0.1388
359,1154,1513,0.1388
352,1168,1520,0.1388
358,1161,1519,0.1388
361,1145,1506,0.1388
356,1146,1502,0.1388
347,1161,1508,0.1388
342,1154,1496,0.1388
349,1158,1507,0.1388
353,1156,1509,0.1388
357,1153,1510,0.1388
359,1164,1523,0.1388
358,1177,1535,0.1388
349,1170,1519,0.1388
342,1176,1518,0.1388
349,1154,1503,0.1388
348,1162,1510,0.1388
348,1166,1514,0.1388
344,1179,1523,0.1388
341,1190,1531,0.1388
336,1195,1531,0.1388
334,1180,1514,0.1388
333,1169,1502,0.1388
330,1175,1505,0.1388
326,1185,1511,0.1388
324,1193,1517,0.1388
321,1193,1514,0.1388
321,1198,1519,0.1388
321,1195,1516,0.1388
320,1196,1516,0.1388
317,1198,1515,0.1388
303,1207,1510,0.1388
304,1209,1513,0.1388
304,1210,1514,0.1388
304,1205,1509,0.1388
306,1193,1499,0.1388
309,1210,1519,0.1388
302,1215,1517,0.1388
303,1230,1533,0.1388
304,1227,1531,0.1388
301,1217,1518,0.1388
303,1219,1522,0.1388
305,1215,1520,0.1388
307,1217,1524,0.1388
303,1200,1503,0.1388
305,1211,1516,0.1388
301,1218,1519,0.1388
293,1207,1500,0.1388
291,1217,1508,0.1388
297,1210,1507,0.1388
298,1212,1510,0.1388
291,1214,1505,0.1388
292,1221,1513,0.1388
296,1228,1524,0.1388
285,1235,1520,0.1388
287,1220,1507,0.1388
294,1226,1520,0.1388
292,1234,1526,0.1388
292,1244,1536,0.1388
288,1231,1519,0.1388
280,1234,1514,0.1388
281,1241,1522,0.1388
286,1236,1522,0.1388
285,1231,1516,0.1388
280,1229,1509,0.1388
279,1234,1513,0.1388
279,1237,1516,0.1388
282,1229,1511,0.1388
283,1225,1508,0.1388
283,1224,1507,0.1388
280,1227,1507,0.1388
282,1232,1514,0.1388
282,1239,1521,0.1388
282,1241,1523,0.1388
279,1228,1507,0.1388
284,1224,1508,0.1388
276,1223,1499,0.1388
276,1219,1495,0.1388
272,1226,1498,0.1388
273,1237,1510,0.1388
273,1245,1518,0.1388
270,1247,1517,0.1388
271,1249,1520,0.1388
272,1244,1516,0.1388
274,1248,1522,0.1388
271,1250,1521,0.1388
274,1245,1519,0.1388
275,1250,1525,0.1388
269,1249,1518,0.1388
268,1244,1512,0.1388
266,1249,1515,0.1388
268,1245,1513,0.1388
268,1246,1514,0.1388
261,1239,1500,0.1388
261,1244,1505,0.1388
258,1243,1501,0.1388
259,1243,1502,0.1388
263,1254,1517,0.1388
258,1255,1513,0.1388
256,1239,1495,0.1388
255,1249,1504,0.1388
255,1245,1500,0.1388
264,1242,1506,0.1388
260,1258,1518,0.1388
258,1257,1515,0.1388
263,1257,1520,0.1388
256,1269,1525,0.1388
254,1276,1530,0.1388
249,1276,1525,0.1388
255,1252,1507,0.1388
249,1261,1510,0.1388
251,1271,1522,0.1388
253,1264,1517,0.1388
257,1265,1522,0.1388
256,1273,1529,0.1388
256,1268,1524,0.1388
258,1267,1525,0.1388
249,1266,1515,0.1388
256,1253,1509,0.1388
255,1271,1526,0.1388
252,1280,1532,0.1388
241,1278,1519,0.1388
241,1273,1514,0.1388
238,1278,1516,0.1388
237,1270,1507,0.1388
234,1279,1513,0.1388
238,1288,1526,0.1388
244,1275,1519,0.1388
244,1280,1524,0.1388
243,1279,1522,0.1388
239,1282,1521,0.1388
241,1268,1509,0.1388
246,1260,1506,0.1388
243,1265,1508,0.1388
244,1269,1513,0.1388
238,1278,1516,0.1388
236,1279,1515,0.1388
237,1273,1510,0.1388
236,1272,1508,0.1388
229,1267,1496,0.1388
230,1255,1485,0.1388
229,1265,1494,0.1388
231,1268,1499,0.1388
233,1272,1505,0.1388
233,1275,1508,0.1388
228,1279,1507,0.1388
224,1286,1510,0.1388
227,1276,1503,0.1388
224,1280,1504,0.1388
224,1283,1507,0.1388
221,1282,1503,0.1388
219,1283,1502,0.1388
220,1278,1498,0.1388
219,1277,1496,0.1388
223,1278,1501,0.1388
226,1289,1515,0.1388
227,1285,1512,0.1388
224,1290,1514,0.1388
228,1288,1516,0.1388
224,1291,1515,0.1388
223,1279,1502,0.1388
225,1287,1512,0.1388
225,1278,1503,0.1388
225,1275,1500,0.1388
223,1269,1492,0.1388
230,1273,1503,0.1388
218,1290,1508,0.1388
219,1290,1509,0.1388
220,1288,1508,0.1388
222,1289,1511,0.1388
221,1296,1517,0.1388
212,1298,1510,0.1388
221,1289,1510,0.1388
223,1290,1513,0.1388
222,1299,1521,0.1388
218,1292,1510,0.1388
216,1295,1511,0.1388
212,1305,1517,0.1388
210,1303,1513,0.1388
213,1302,1515,0.1388
207,1299,1506,0.1388
206,1309,1515,0.1388
202,1303,1505,0.1388
211,1309,1520,0.1388
214,1309,1523,0.1388
211,1310,1521,0.1388
211,1310,1521,0.1388
211,1304,1515,0.1388
208,1305,1513,0.1388
214,1299,1513,0.1388
210,1296,1506,0.1388
208,1292,1500,0.1388
202,1312,1514,0.1388
204,1316,1520,0.1388
205,1322,1527,0.1388
207,1316,1523,0.1388
203,1320,1523,0.1388
199,1318,1517,0.1388
198,1314,1512,0.1388
199,1311,1510,0.1388
196,1311,1507,0.1388
193,1314,1507,0.1388
193,1320,1513,0.1388
193,1311,1504,0.1388
197,1300,1497,0.1388
197,1315,1512,0.1388
202,1312,1514,0.1388
207,1312,1519,0.1388
208,1309,1517,0.1388
209,1307,1516,0.1388
209,1313,1522,0.1388
205,1321,1526,0.1388
204,1315,1519,0.1388
205,1310,1515,0.1388
202,1302,1504,0.1388
205,1299,1504,0.1388
204,1301,1505,0.1388
200,1318,1518,0.1388
196,1307,1503,0.1388
196,1320,1516,0.1388
193,1321,1514,0.1388
193,1319,1512,0.1388
191,1319,1510,0.1388
191,1316,1507,0.1388
196,1315,1511,0.1388
192,1314,1506,0.1388
193,1330,1523,0.1388
193,1325,1518,0.1388
197,1331,1528,0.1388
194,1326,1520,0.1388
191,1313,1504,0.1388
190,1319,1509,0.1388
193,1331,1524,0.1388
188,1321,1509,0.1388
194,1315,1509,0.1388
192,1315,1507,0.1388
188,1309,1497,0.1388
189,1320,1509,0.1388
190,1320,1510,0.1388
188,1334,1522,0.1388
184,1330,1514,0.1388
186,1331,1517,0.1388
185,1336,1521,0.1388
184,1337,1521,0.1388
186,1329,1515,0.1388
188,1328,1516,0.1388
189,1337,1526,0.1388
188,1326,1514,0.1388
189,1328,1517,0.1388
185,1328,1513,0.1388
188,1327,1515,0.1388
180,1322,1502,0.1388
180,1317,1497,0.1388
180,1315,1495,0.1388
178,1317,1495,0.1388
179,1330,1509,0.1388
182,1320,1502,0.1388
185,1334,1519,0.1388
185,1322,1507,0.1388
191,1329,1520,0.1388
192,1323,1515,0.1388
190,1325,1515,0.1388
182,1325,1507,0.1388
183,1325,1508,0.1388
191,1324,1515,0.1388
190,1328,1518,0.1388
189,1326,1515,0.1388
184,1323,1507,0.1388
182,1325,1507,0.1388
185,1333,1518,0.1388
180,1330,1510,0.1388
182,1333,1515,0.1388
184,1338,1522,0.1388
184,1349,1533,0.1388
186,1341,1527,0.1388
185,1330,1515,0.1388
181,1330,1511,0.1388
181,1334,1515,0.1388
184,1313,1497,0.1388
181,1325,1506,0.1388
178,1329,1507,0.1388
177,1327,1504,0.1388
181,1334,1515,0.1388
181,1328,1509,0.1388
184,1331,1515,0.1388
178,1333,1511,0.1388
179,1337,1516,0.1388
177,1348,1525,0.1388
177,1348,1525,0.1388
176,1349,1525,0.1388
178,1347,1525,0.1388
178,1346,1524,0.1388
176,1352,1528,0.1388
175,1334,1509,0.1388
176,1347,1523,0.1388
173,1342,1515,0.1388
174,1332,1506,0.1388
171,1346,1517,0.1388
170,1345,1515,0.1388
172,1347,1519,0.1388
169,1349,1518,0.1388
165,1353,1518,0.1388
166,1353,1519,0.1388
162,1354,1516,0.1388
163,1342,1505,0.1388
165,1338,1503,0.1388
168,1346,1514,0.1388
166,1347,1513,0.1388
169,1348,1517,0.1388
170,1341,1511,0.1388
166,1350,1516,0.1388
160,1363,1523,0.1388
158,1353,1511,0.1388
153,1344,1497,0.1388
153,1357,1510,0.1388
153,1359,1512,0.1388
152,1362,1514,0.1388
155,1358,1513,0.1388
155,1362,1517,0.1388
151,1354,1505,0.1388
152,1366,1518,0.1388
156,1358,1514,0.1388
158,1368,1526,0.1388
156,1362,1518,0.1388
155,1369,1524,0.1388
157,1362,1519,0.1388
153,1364,1517,0.1388
153,1355,1508,0.1388
154,1355,1509,0.1388
152,1356,1508,0.1388
150,1365,1515,0.1388
153,1375,1528,0.1388
155,1361,1516,0.1388
155,1357,1512,0.1388
158,1350,1508,0.1388
156,1359,1515,0.1388
156,1358,1514,0.1388
154,1361,1515,0.1388
151,1359,1510,0.1388
155,1350,1505,0.1388
154,1353,1507,0.1388
155,1361,1516,0.1388
158,1361,1519,0.1388
156,1365,1521,0.1388
157,1371,1528,0.1388
155,1368,1523,0.1388
149,1352,1501,0.1388
147,1363,1510,0.1388
142,1365,1507,0.1388
146,1377,1523,0.1388
143,1368,1511,0.1388
144,1363,1507,0.1388
143,1361,1504,0.1388
140,1374,1514,0.1388
140,1363,1503,0.1388
139,1374,1513,0.1388
139,1380,1519,0.1388
138,1384,1522,0.1388
139,1375,1514,0.1388
139,1370,1509,0.1388
143,1381,1524,0.1388
143,1374,1517,0.1388
135,1373,1508,0.1388
134,1373,1507,0.1388
131,1363,1494,0.1388
135,1360,1495,0.1388
137,1366,1503,0.1388
136,1384,1520,0.1388
134,1390,1524,0.1388
133,1390,1523,0.1388
131,1395,1526,0.1388
128,1384,1512,0.1388
130,1390,1520,0.1388
129,1393,1522,0.1388
131,1379,1510,0.1388
135,1388,1523,0.1388
136,1392,1528,0.1388
136,1392,1528,0.1388
136,1384,1520,0.1388
134,1368,1502,0.1388
135,1372,1507,0.1388
130,1379,1509,0.1388
131,1399,1530,0.1388
129,1391,1520,0.1388
129,1387,1516,0.1388
127,1376,1503,0.1388
127,1383,1510,0.1388
129,1380,1509,0.1388
122,1386,1508,0.1388
121,1394,1515,0.1388
123,1378,1501,0.1388
123,1377,1500,0.1388
124,1376,1500,0.1388
119,1368,1487,0.1388
123,1376,1499,0.1388
122,1380,1502,0.1388
120,1388,1508,0.1388
117,1375,1492,0.1388
117,1375,1492,0.1388
119,1379,1498,0.1388
121,1398,1519,0.1388
116,1397,1513,0.1388
117,1387,1504,0.1388
117,1402,1519,0.1388
118,1394,1512,0.1388
119,1388,1507,0.1388
125,1386,1511,0.1388
122,1391,1513,0.1388
121,1381,1502,0.1388
120,1390,1510,0.1388
119,1394,1513,0.1388
120,1392,1512,0.1388
120,1387,1507,0.1388
119,1399,1518,0.1388
120,1411,1531,0.1388
121,1416,1537,0.1388
119,1408,1527,0.1388
119,1403,1522,0.1388
115,1409,1524,0.1388
119,1402,1521,0.1388
119,1395,1514,0.1388
125,1384,1509,0.1388
123,1406,1529,0.1388
121,1412,1533,0.1388
122,1405,1527,0.1388
125,1398,1523,0.1388
129,1395,1524,0.1388
128,1396,1524,0.1388
128,1396,1524,0.1388
126,1404,1530,0.1388
129,1398,1527,0.1388
129,1397,1526,0.1388
124,1400,1524,0.1388
120,1405,1525,0.1388
122,1398,1520,0.1388
120,1400,1520,0.1388
124,1391,1515,0.1388
123,1404,1527,0.1388
119,1412,1531,0.1388
119,1401,1520,0.1388
118,1411,1529,0.1388
117,1408,1525,0.1388
117,1406,1523,0.1388
111,1414,1525,0.1388
112,1417,1529,0.1388
113,1419,1532,0.1388
115,1426,1541,0.1388
118,1415,1533,0.1388
120,1406,1526,0.1388
120,1404,1524,0.1388
119,1402,1521,0.1388
120,1400,1520,0.1388
118,1393,1511,0.1388
117,1394,1511,0.1388
124,1394,1518,0.1388
123,1395,1518,0.1388
122,1392,1514,0.1388
120,1386,1506,0.1388
119,1395,1514,0.1388
112,1395,1507,0.1388
112,1402,1514,0.1388
111,1402,1513,0.1388
112,1405,1517,0.1388
110,1406,1516,0.1388
109,1402,1511,0.1388
107,1401,1508,0.1388
109,1413,1522,0.1388
114,1399,1513,0.1388
114,1395,1509,0.1388
115,1393,1508,0.1388
116,1391,1507,0.1388
117,1398,1515,0.1388
115,1394,1509,0.1388
118,1385,1503,0.1388
116,1382,1498,0.1388
115,1377,1492,0.1388
118,1385,1503,0.1388
116,1389,1505,0.1388
121,1400,1521,0.1388
117,1398,1515,0.1388
118,1385,1503,0.1388
116,1397,1513,0.1388
112,1404,1516,0.1388
108,1392,1500,0.1388
108,1395,1503,0.1388
105,1389,1494,0.1388
107,1396,1503,0.1388
104,1398,1502,0.1388
102,1395,1497,0.1388
102,1397,1499,0.1388
104,1398,1502,0.1388
107,1414,1521,0.1388
104,1408,1512,0.1388
105,1382,1487,0.1388
106,1390,1496,0.1388
110,1396,1506,0.1388
110,1400,1510,0.1388
108,1411,1519,0.1388
103,1407,1510,0.1388
99,1411,1510,0.1388
98,1399,1497,0.1388
101,1390,1491,0.1388
107,1392,1499,0.1388
106,1418,1524,0.1388
105,1399,1504,0.1388
107,1406,1513,0.1388
109,1405,1514,0.1388
110,1392,1502,0.1388
107,1404,1511,0.1388
109,1410,1519,0.1388
110,1409,1519,0.1388
109,1422,1531,0.1388
103,1420,1523,0.1388
102,1429,1531,0.1388
99,1430,1529,0.1388
101,1425,1526,0.1388
103,1419,1522,0.1388
105,1413,1518,0.1388
103,1421,1524,0.1388
102,1410,1512,0.1388
100,1410,1510,0.1388
97,1414,1511,0.1388
96,1416,1512,0.1388
94,1412,1506,0.1388
90,1415,1505,0.1388
90,1426,1516,0.1388
90,1435,1525,0.1388
88,1438,1526,0.1388
89,1428,1517,0.1388
88,1412,1500,0.1388
85,1415,1500,0.1388
84,1425,1509,0.1388
84,1421,1505,0.1388
84,1436,1520,0.1388
82,1443,1525,0.1388
85,1432,1517,0.1388
82,1425,1507,0.1388
83,1429,1512,0.1388
85,1435,1520,0.1388
84,1424,1508,0.1388
83,1425,1508,0.1388
82,1423,1505,0.1388
81,1432,1513,0.1388
81,1435,1516,0.1388
82,1443,1525,0.1388
81,1442,1523,0.1388
80,1443,1523,0.1388
76,1447,1523,0.1388
78,1443,1521,0.1388
78,1443,1521,0.1388
78,1432,1510,0.1388
75,1441,1516,0.1388
80,1447,1527,0.1388
79,1455,1534,0.1388
80,1452,1532,0.1388
80,1440,1520,0.1388
80,1436,1516,0.1388
76,1446,1522,0.1388
77,1450,1527,0.1388
79,1434,1513,0.1388
78,1437,1515,0.1388
79,1449,1528,0.1388
80,1447,1527,0.1388
81,1443,1524,0.1388
80,1443,1523,0.1388
80,1423,1503,0.1388
76,1442,1518,0.1388
77,1438,1515,0.1388
74,1444,1518,0.1388
75,1432,1507,0.1388
77,1421,1498,0.1388
72,1429,1501,0.1388
73,1435,1508,0.1388
75,1435,1510,0.1388
79,1435,1514,0.1388
77,1434,1511,0.1388
75,1443,1518,0.1388
76,1451,1527,0.1388
79,1452,1531,0.1388
78,1451,1529,0.1388
77,1459,1536,0.1388
76,1456,1532,0.1388
73,1460,1533,0.1388
73,1461,1534,0.1388
71,1455,1526,0.1388
71,1453,1524,0.1388
71,1450,1521,0.1388
71,1448,1519,0.1388
71,1458,1529,0.1388
71,1447,1518,0.1388
73,1462,1535,0.1388
70,1451,1521,0.1388
72,1441,1513,0.1388
71,1437,1508,0.1388
73,1447,1520,0.1388
72,1455,1527,0.1388
71,1445,1516,0.1388
73,1452,1525,0.1388
75,1443,1518,0.1388
73,1448,1521,0.1388
71,1451,1522,0.1388
72,1443,1515,0.1388
73,1449,1522,0.1388
74,1441,1515,0.1388
73,1444,1517,0.1388
70,1431,1501,0.1388
73,1443,1516,0.1388
73,1437,1510,0.1388
74,1450,1524,0.1388
73,1456,1529,0.1388
74,1451,1525,0.1388
75,1451,1526,0.1388
73,1451,1524,0.1388
71,1456,1527,0.1388
73,1435,1508,0.1388
70,1438,1508,0.1388
68,1439,1507,0.1388
71,1446,1517,0.1388
73,1446,1519,0.1388
72,1439,1511,0.1388
71,1437,1508,0.1388
73,1441,1514,0.1388
71,1446,1517,0.1388
70,1435,1505,0.1388
66,1433,1499,0.1388
66,1440,1506,0.1388
66,1439,1505,0.1388
65,1437,1502,0.1388
67,1444,1511,0.1388
68,1451,1519,0.1388
67,1440,1507,0.1388
68,1443,1511,0.1388
68,1452,1520,0.1388
69,1459,1528,0.1388
66,1446,1512,0.1388
64,1441,1505,0.1388
65,1448,1513,0.1388
60,1460,1520,0.1388
57,1459,1516,0.1388
56,1458,1514,0.1388
54,1458,1512,0.1388
58,1447,1505,0.1388
58,1451,1509,0.1388
58,1452,1510,0.1388
56,1451,1507,0.1388
59,1460,1519,0.1388
60,1450,1510,0.1388
63,1452,1515,0.1388
68,1450,1518,0.1388
68,1457,1525,0.1388
65,1442,1507,0.1388
64,1437,1501,0.1388
64,1440,1504,0.1388
66,1447,1513,0.1388
63,1432,1495,0.1388
64,1445,1509,0.1388
62,1441,1503,0.1388
62,1457,1519,0.1388
63,1450,1513,0.1388
60,1454,1514,0.1388
59,1461,1520,0.1388
62,1468,1530,0.1388
60,1456,1516,0.1388
61,1458,1519,0.1388
63,1463,1526,0.1388
60,1450,1510,0.1388
58,1443,1501,0.1388
59,1448,1507,0.1388
61,1453,1514,0.1388
61,1452,1513,0.1388
61,1444,1505,0.1388
60,1464,1524,0.1388
60,1460,1520,0.1388
56,1463,1519,0.1388
57,1465,1522,0.1388
59,1467,1526,0.1388
59,1463,1522,0.1388
60,1448,1508,0.1388
59,1450,1509,0.1388
58,1458,1516,0.1388
59,1445,1504,0.1388
58,1454,1512,0.1388
59,1459,1518,0.1388
61,1460,1521,0.1388
59,1471,1530,0.1388
61,1465,1526,0.1388
59,1471,1530,0.1388
59,1480,1539,0.1388
59,1469,1528,0.1388
59,1466,1525,0.1388
58,1466,1524,0.1388
57,1459,1516,0.1388
56,1461,1517,0.1388
56,1471,1527,0.1388
54,1471,1525,0.1388
52,1475,1527,0.1388
52,1471,1523,0.1388
52,1469,1521,0.1388
52,1464,1516,0.1388
53,1461,1514,0.1388
52,1451,1503,0.1388
51,1452,1503,0.1388
49,1451,1500,0.1388
48,1465,1513,0.1388
50,1471,1521,0.1388
50,1465,1515,0.1388
50,1460,1510,0.1388
47,1476,1523,0.1388
49,1470,1519,0.1388
49,1476,1525,0.1388
52,1461,1513,0.1388
52,1459,1511,0.1388
52,1459,1511,0.1388
49,1463,1512,0.1388
50,1462,1512,0.1388
55,1466,1521,0.1388
55,1465,1520,0.1388
57,1471,1528,0.1388
57,1472,1529,0.1388
55,1470,1525,0.1388
56,1464,1520,0.1388
56,1467,1523,0.1388
55,1482,1537,0.1388
53,1468,1521,0.1388
53,1467,1520,0.1388
53,1472,1525,0.1388
53,1472,1525,0.1388
50,1481,1531,0.1388
52,1467,1519,0.1388
52,1467,1519,0.1388
54,1470,1524,0.1388
53,1470,1523,0.1388
54,1472,1526,0.1388
52,1470,1522,0.1388
51,1470,1521,0.1388
54,1460,1514,0.1388
54,1462,1516,0.1388
53,1472,1525,0.1388
51,1465,1516,0.1388
51,1461,1512,0.1388
48,1462,1510,0.1388
49,1467,1516,0.1388
46,1472,1518,0.1388
45,1478,1523,0.1388
45,1476,1521,0.1388
43,1470,1513,0.1388
39,1473,1512,0.1388
39,1474,1513,0.1388
38,1480,1518,0.1388
36,1480,1516,0.1388
38,1483,1521,0.1388
38,1480,1518,0.1388
38,1484,1522,0.1388
39,1480,1519,0.1388
38,1470,1508,0.1388
38,1467,1505,0.1388
37,1478,1515,0.1388
35,1492,1527,0.1388
35,1482,1517,0.1388
34,1489,1523,0.1388
36,1484,1520,0.1388
37,1473,1510,0.1388
38,1477,1515,0.1388
38,1485,1523,0.1388
38,1483,1521,0.1388
38,1472,1510,0.1388
38,1472,1510,0.1388
37,1476,1513,0.1388
36,1470,1506,0.1388
35,1479,1514,0.1388
36,1478,1514,0.1388
36,1485,1521,0.1388
36,1502,1538,0.1388
36,1496,1532,0.1388
36,1488,1524,0.1388
36,1483,1519,0.1388
33,1482,1515,0.1388
35,1485,1520,0.1388
34,1491,1525,0.1388
35,1482,1517,0.1388
34,1482,1516,0.1388
34,1475,1509,0.1388
34,1478,1512,0.1388
31,1486,1517,0.1388
32,1482,1514,0.1388
33,1485,1518,0.1388
31,1480,1511,0.1388
31,1473,1504,0.1388
30,1479,1509,0.1388
31,1474,1505,0.1388
32,1489,1521,0.1388
33,1496,1529,0.1388
31,1490,1521,0.1388
33,1493,1526,0.1388
33,1498,1531,0.1388
32,1493,1525,0.1388
32,1482,1514,0.1388
30,1484,1514,0.1388
30,1473,1503,0.1388
30,1476,1506,0.1388
29,1483,1512,0.1388
29,1488,1517,0.1388
28,1490,1518,0.1388
29,1488,1517,0.1388
30,1492,1522,0.1388
30,1493,1523,0.1388
29,1486,1515,0.1388
28,1485,1513,0.1388
29,1490,1519,0.1388
29,1467,1496,0.1388
31,1477,1508,0.1388
32,1480,1512,0.1388
34,1488,1522,0.1388
32,1488,1520,0.1388
31,1495,1526,0.1388
30,1495,1525,0.1388
31,1501,1532,0.1388
31,1477,1508,0.1388
32,1485,1517,0.1388
31,1482,1513,0.1388
32,1484,1516,0.1388
32,1481,1513,0.1388
31,1484,1515,0.1388
32,1485,1517,0.1388
29,1486,1515,0.1388
27,1483,1510,0.1388
26,1494,1520,0.1388
25,1490,1515,0.1388
27,1486,1513,0.1388
27,1481,1508,0.1388
26,1492,1518,0.1388
26,1488,1514,0.1388
28,1481,1509,0.1388
27,1484,1511,0.1388
28,1486,1514,0.1388
30,1473,1503,0.1388
28,1481,1509,0.1388
27,1493,1520,0.1388
26,1497,1523,0.1388
26,1485,1511,0.1388
26,1472,1498,0.1388
26,1478,1504,0.1388
27,1474,1501,0.1388
24,1488,1512,0.1388
25,1489,1514,0.1388
25,1476,1501,0.1388
27,1478,1505,0.1388
27,1487,1514,0.1388
29,1471,1500,0.1388
29,1474,1503,0.1388
28,1476,1504,0.1388
27,1488,1515,0.1388
28,1490,1518,0.1388
27,1477,1504,0.1388
27,1473,1500,0.1388
27,1480,1507,0.1388
27,1498,1525,0.1388
25,1487,1512,0.1388
27,1481,1508,0.1388
28,1478,1506,0.1388
28,1475,1503,0.1388
29,1488,1517,0.1388
28,1490,1518,0.1388
26,1479,1505,0.1388
26,1481,1507,0.1388
26,1490,1516,0.1388
26,1510,1536,0.1388
24,1503,1527,0.1388
25,1487,1512,0.1388
24,1487,1511,0.1388
24,1511,1535,0.1388
23,1512,1535,0.1388
22,1499,1521,0.1388
21,1492,1513,0.1388
22,1488,1510,0.1388
21,1482,1503,0.1388
21,1499,1520,0.1388
21,1510,1531,0.1388
22,1510,1532,0.1388
21,1501,1522,0.1388
17,1500,1517,0.1388
17,1501,1518,0.1388
17,1516,1533,0.1388
17,1503,1520,0.1388
17,1502,1519,0.1388
17,1495,1512,0.1388
16,1486,1502,0.1388
17,1482,1499,0.1388
17,1486,1503,0.1388
16,1487,1503,0.1388
17,1488,1505,0.1388
17,1482,1499,0.1388
17,1488,1505,0.1388
17,1504,1521,0.1388
18,1496,1514,0.1388
18,1493,1511,0.1388
17,1495,1512,0.1388
17,1500,1517,0.1388
17,1500,1517,0.1388
18,1506,1524,0.1388
18,1509,1527,0.1388
19,1505,1524,0.1388
20,1493,1513,0.1388
20,1501,1521,0.1388
19,1503,1522,0.1388
18,1494,1512,0.1388
17,1495,1512,0.1388
15,1503,1518,0.1388
16,1493,1509,0.1388
15,1481,1496,0.1388
15,1483,1498,0.1388
15,1490,1505,0.1388
15,1494,1509,0.1388
15,1491,1506,0.1388
14,1487,1501,0.1388
14,1481,1495,0.1388
13,1498,1511,0.1388
12,1495,1507,0.1388
12,1498,1510,0.1388
12,1500,1512,0.1388
12,1516,1528,0.1388
12,1518,1530,0.1388
13,1515,1528,0.1388
13,1520,1533,0.1388
13,1522,1535,0.1388
13,1506,1519,0.1388
13,1502,1515,0.1388
13,1512,1525,0.1388
14,1506,1520,0.1388
14,1510,1524,0.1388
14,1514,1528,0.1388
13,1510,1523,0.1388
13,1498,1511,0.1388
13,1495,1508,0.1388
11,1504,1515,0.1388
14,1510,1524,0.1388
13,1512,1525,0.1388
13,1503,1516,0.1388
12,1504,1516,0.1388
13,1510,1523,0.1388
12,1507,1519,0.1388
11,1515,1526,0.1388
11,1525,1536,0.1388
10,1527,1537,0.1388
10,1517,1527,0.1388
10,1516,1526,0.1388
10,1499,1509,0.1388
9,1503,1512,0.1388
8,1510,1518,0.1388
8,1511,1519,0.1388
8,1507,1515,0.1388
8,1509,1517,0.1388
8,1503,1511,0.1388
9,1515,1524,0.1388
10,1497,1507,0.1388
10,1509,1519,0.1388
10,1510,1520,0.1388
10,1509,1519,0.1388
10,1513,1523,0.1388
10,1509,1519,0.1388
9,1511,1520,0.1388
10,1518,1528,0.1388
10,1525,1535,0.1388
9,1521,1530,0.1388
9,1515,1524,0.1388
9,1494,1503,0.1388
9,1516,1525,0.1388
8,1513,1521,0.1388
8,1521,1529,0.1388
7,1519,1526,0.1388
7,1506,1513,0.1388
7,1500,1507,0.1388
8,1502,1510,0.1388
7,1506,1513,0.1388
6,1518,1524,0.1388
7,1509,1516,0.1388
7,1511,1518,0.1388
7,1500,1507,0.1388
7,1509,1516,0.1388
7,1508,1515,0.1388
7,1504,1511,0.1388
7,1511,1518,0.1388
7,1502,1509,0.1388
7,1514,1521,0.1388
7,1523,1530,0.1388
7,1505,1512,0.1388
7,1508,1515,0.1388
7,1512,1519,0.1388
7,1520,1527,0.1388
7,1507,1514,0.1388
7,1513,1520,0.1388
7,1516,1523,0.1388
7,1519,1526,0.1388
7,1512,1519,0.1388
8,1509,1517,0.1388
7,1503,1510,0.1388
7,1503,1510,0.1388
7,1495,1502,0.1388
7,1498,1505,0.1388
7,1480,1487,0.1388
6,1494,1500,0.1388
7,1494,1501,0.1388
6,1504,1510,0.1388
6,1513,1519,0.1388
7,1506,1513,0.1388
7,1513,1520,0.1388
8,1499,1507,0.1388
8,1517,1525,0.1388
8,1518,1526,0.1388
7,1511,1518,0.1388
7,1521,1528,0.1388
7,1511,1518,0.1388
6,1513,1519,0.1388
6,1506,1512,0.1388
6,1513,1519,0.1388
6,1517,1523,0.1388
7,1534,1541,0.1388
7,1534,1541,0.1388
7,1525,1532,0.1388
7,1528,1535,0.1388
7,1522,1529,0.1388
7,1512,1519,0.1388
7,1511,1518,0.1388
7,1505,1512,0.1388
6,1500,1506,0.1388
6,1517,1523,0.1388
6,1525,1531,0.1388
6,1517,1523,0.1388
6,1522,1528,0.1388
6,1512,1518,0.1388
6,1497,1503,0.1388
6,1491,1497,0.1388
6,1484,1490,0.1388
6,1490,1496,0.1388
6,1510,1516,0.1388
6,1515,1521,0.1388
6,1522,1528,0.1388
6,1518,1524,0.1388
5,1514,1519,0.1388
5,1495,1500,0.1388
5,1504,1509,0.1388
5,1502,1507,0.1388
4,1519,1523,0.1388
4,1525,1529,0.1388
4,1518,1522,0.1388
4,1508,1512,0.1388
4,1516,1520,0.1388
4,1518,1522,0.1388
4,1513,1517,0.1388
4,1513,1517,0.1388
5,1501,1506,0.1388
5,1510,1515,0.1388
6,1510,1516,0.1388
6,1504,1510,0.1388
6,1515,1521,0.1388
6,1513,1519,0.1388
6,1511,1517,0.1388
6,1524,1530,0.1388
8,1520,1528,0.1388
9,1518,1527,0.1388
10,1512,1522,0.1388
11,1506,1517,0.1388
11,1500,1511,0.1388
12,1495,1507,0.1388
12,1495,1507,0.1388
13,1494,1507,0.1388
14,1500,1514,0.1388
13,1493,1506,0.1388
14,1502,1516,0.1388
12,1500,1512,0.1388
12,1502,1514,0.1388
12,1508,1520,0.1388
12,1511,1523,0.1388
11,1506,1517,0.1388
11,1512,1523,0.1388
11,1507,1518,0.1388
11,1501,1512,0.1388
11,1496,1507,0.1388
11,1494,1505,0.1388
11,1485,1496,0.1388
10,1485,1495,0.1388
11,1489,1500,0.1388
12,1497,1509,0.1388
12,1508,1520,0.1388
12,1501,1513,0.1388
12,1509,1521,0.1388
11,1503,1514,0.1388
12,1500,1512,0.1388
12,1505,1517,0.1388
12,1511,1523,0.1388
11,1500,1511,0.1388
11,1500,1511,0.1388
11,1515,1526,0.1388
13,1517,1530,0.1388
14,1494,1508,0.1388
13,1492,1505,0.1388
13,1502,1515,0.1388
12,1496,1508,0.1388
12,1491,1503,0.1388
11,1496,1507,0.1388
11,1495,1506,0.1388
12,1502,1514,0.1388
11,1501,1512,0.1388
11,1502,1513,0.1388
11,1484,1495,0.1388
11,1492,1503,0.1388
11,1505,1516,0.1388
10,1494,1504,0.1388
10,1498,1508,0.1388
10,1493,1503,0.1388
10,1486,1496,0.1388
11,1496,1507,0.1388
11,1493,1504,0.1388
11,1495,1506,0.1388
11,1502,1513,0.1388
11,1517,1528,0.1388
11,1510,1521,0.1388
12,1496,1508,0.1388
11,1502,1513,0.1388
13,1503,1516,0.1388
11,1498,1509,0.1388
12,1494,1506,0.1388
12,1493,1505,0.1388
12,1488,1500,0.1388
13,1490,1503,0.1388
13,1500,1513,0.1388
13,1488,1501,0.1388
13,1490,1503,0.1388
11,1485,1496,0.1388
11,1485,1496,0.1388
12,1497,1509,0.1388
13,1499,1512,0.1388
15,1492,1507,0.1388
15,1505,1520,0.1388
15,1499,1514,0.1388
15,1496,1511,0.1388
16,1500,1516,0.1388
14,1515,1529,0.1388
14,1497,1511,0.1388
15,1506,1521,0.1388
15,1514,1529,0.1388
14,1504,1518,0.1388
14,1501,1515,0.1388
15,1506,1521,0.1388
16,1513,1529,0.1388
15,1517,1532,0.1388
16,1513,1529,0.1388
17,1505,1522,0.1388
17,1501,1518,0.1388
17,1506,1523,0.1388
19,1506,1525,0.1388
17,1514,1531,0.1388
17,1504,1521,0.1388
16,1505,1521,0.1388
16,1496,1512,0.1388
16,1501,1517,0.1388
15,1514,1529,0.1388
15,1500,1515,0.1388
14,1504,1518,0.1388
13,1495,1508,0.1388
13,1490,1503,0.1388
13,1506,1519,0.1388
13,1501,1514,0.1388
13,1489,1502,0.1388
12,1495,1507,0.1388
12,1496,1508,0.1388
12,1505,1517,0.1388
12,1513,1525,0.1388
11,1506,1517,0.1388
11,1502,1513,0.1388
12,1504,1516,0.1388
11,1508,1519,0.1388
11,1509,1520,0.1388
11,1505,1516,0.1388
10,1515,1525,0.1388
11,1511,1522,0.1388
11,1507,1518,0.1388
12,1502,1514,0.1388
12,1497,1509,0.1388
13,1496,1509,0.1388
13,1499,1512,0.1388
12,1493,1505,0.1388
13,1488,1501,0.1388
13,1484,1497,0.1388
14,1487,1501,0.1388
15,1497,1512,0.1388
14,1511,1525,0.1388
14,1524,1538,0.1388
14,1508,1522,0.1388
13,1506,1519,0.1388
13,1503,1516,0.1388
13,1500,1513,0.1388
14,1508,1522,0.1388
13,1510,1523,0.1388
13,1507,1520,0.1388
13,1504,1517,0.1388
14,1515,1529,0.1388
14,1515,1529,0.1388
14,1511,1525,0.1388
14,1505,1519,0.1388
14,1510,1524,0.1388
14,1508,1522,0.1388
14,1498,1512,0.1388
14,1499,1513,0.1388
14,1512,1526,0.1388
14,1497,1511,0.1388
15,1495,1510,0.1388
15,1506,1521,0.1388
15,1515,1530,0.1388
15,1504,1519,0.1388
17,1508,1525,0.1388
18,1505,1523,0.1388
17,1507,1524,0.1388
17,1505,1522,0.1388
16,1515,1531,0.1388
16,1508,1524,0.1388
17,1519,1536,0.1388
17,1511,1528,0.1388
17,1518,1535,0.1388
17,1501,1518,0.1388
16,1491,1507,0.1388
17,1504,1521,0.1388
16,1507,1523,0.1388
15,1510,1525,0.1388
14,1523,1537,0.1388
14,1504,1518,0.1388
17,1507,1524,0.1388
17,1503,1520,0.1388
16,1503,1519,0.1388
16,1484,1500,0.1388
16,1501,1517,0.1388
14,1495,1509,0.1388
14,1498,1512,0.1388
14,1493,1507,0.1388
14,1499,1513,0.1388
14,1499,1513,0.1388
15,1508,1523,0.1388
14,1508,1522,0.1388
15,1497,1512,0.1388
14,1514,1528,0.1388
14,1502,1516,0.1388
14,1513,1527,0.1388
14,1498,1512,0.1388
13,1512,1525,0.1388
13,1489,1502,0.1388
15,1494,1509,0.1388
15,1501,1516,0.1388
15,1504,1519,0.1388
15,1524,1539,0.1388
15,1516,1531,0.1388
14,1516,1530,0.1388
14,1509,1523,0.1388
13,1514,1527,0.1388
15,1508,1523,0.1388
14,1506,1520,0.1388
13,1497,1510,0.1388
12,1505,1517,0.1388
12,1506,1518,0.1388
11,1485,1496,0.1388
11,1496,1507,0.1388
11,1490,1501,0.1388
12,1493,1505,0.1388
12,1500,1512,0.1388
12,1511,1523,0.1388
13,1514,1527,0.1388
13,1512,1525,0.1388
12,1497,1509,0.1388
11,1490,1501,0.1388
10,1484,1494,0.1388
10,1490,1500,0.1388
10,1497,1507,0.1388
10,1490,1500,0.1388
10,1502,1512,0.1388
10,1500,1510,0.1388
10,1506,1516,0.1388
11,1502,1513,0.1388
11,1507,1518,0.1388
10,1508,1518,0.1388
10,1504,1514,0.1388
9,1513,1522,0.1388
9,1518,1527,0.1388
9,1529,1538,0.1388
8,1527,1535,0.1388
9,1510,1519,0.1388
8,1520,1528,0.1388
9,1506,1515,0.1388
10,1513,1523,0.1388
12,1520,1532,0.1388
12,1516,1528,0.1388
12,1505,1517,0.1388
12,1513,1525,0.1388
11,1511,1522,0.1388
10,1503,1513,0.1388
9,1502,1511,0.1388
9,1487,1496,0.1388
10,1506,1516,0.1388
10,1499,1509,0.1388
11,1505,1516,0.1388
11,1497,1508,0.1388
11,1497,1508,0.1388
11,1498,1509,0.1388
12,1509,1521,0.1388
10,1508,1518,0.1388
11,1509,1520,0.1388
12,1510,1522,0.1388
13,1506,1519,0.1388
13,1498,1511,0.1388
12,1496,1508,0.1388
11,1493,1504,0.1388
10,1498,1508,0.1388
9,1501,1510,0.1388
9,1498,1507,0.1388
9,1503,1512,0.1388
9,1511,1520,0.1388
9,1511,1520,0.1388
9,1510,1519,0.1388
10,1506,1516,0.1388
9,1503,1512,0.1388
9,1508,1517,0.1388
8,1494,1502,0.1388
9,1497,1506,0.1388
9,1499,1508,0.1388
9,1496,1505,0.1388
9,1491,1500,0.1388
9,1499,1508,0.1388
9,1496,1505,0.1388
9,1509,1518,0.1388
9,1507,1516,0.1388
7,1498,1505,0.1388
7,1503,1510,0.1388
8,1502,1510,0.1388
8,1500,1508,0.1388
8,1500,1508,0.1388
8,1497,1505,0.1388
7,1502,1509,0.1388
7,1506,1513,0.1388
7,1506,1513,0.1388
6,1502,1508,0.1388
6,1500,1506,0.1388
6,1496,1502,0.1388
6,1500,1506,0.1388
6,1502,1508,0.1388
6,1514,1520,0.1388
6,1513,1519,0.1388
6,1505,1511,0.1388
7,1502,1509,0.1388
7,1493,1500,0.1388
7,1498,1505,0.1388
7,1493,1500,0.1388
7,1501,1508,0.1388
7,1508,1515,0.1388
7,1515,1522,0.1388
7,1520,1527,0.1388
7,1509,1516,0.1388
7,1502,1509,0.1388
7,1505,1512,0.1388
6,1501,1507,0.1388
6,1502,1508,0.1388
6,1508,1514,0.1388
6,1503,1509,0.1388
6,1492,1498,0.1388
7,1497,1504,0.1388
7,1497,1504,0.1388
8,1499,1507,0.1388
9,1500,1509,0.1388
9,1498,1507,0.1388
10,1492,1502,0.1388
10,1501,1511,0.1388
12,1493,1505,0.1388
12,1493,1505,0.1388
12,1503,1515,0.1388
12,1509,1521,0.1388
13,1503,1516,0.1388
12,1509,1521,0.1388
12,1504,1516,0.1388
12,1503,1515,0.1388
12,1502,1514,0.1388
12,1497,1509,0.1388
13,1501,1514,0.1388
14,1503,1517,0.1388
15,1492,1507,0.1388
14,1488,1502,0.1388
14,1516,1530,0.1388
13,1513,1526,0.1388
13,1508,1521,0.1388
14,1511,1525,0.1388
13,1513,1526,0.1388
14,1501,1515,0.1388
15,1507,1522,0.1388
15,1498,1513,0.1388
16,1497,1513,0.1388
15,1502,1517,0.1388
14,1495,1509,0.1388
15,1489,1504,0.1388
14,1503,1517,0.1388
13,1498,1511,0.1388
13,1493,1506,0.1388
14,1491,1505,0.1388
14,1508,1522,0.1388
15,1520,1535,0.1388
14,1505,1519,0.1388
14,1514,1528,0.1388
14,1508,1522,0.1388
14,1511,1525,0.1388
14,1507,1521,0.1388
13,1508,1521,0.1388
13,1512,1525,0.1388
13,1511,1524,0.1388
14,1513,1527,0.1388
14,1513,1527,0.1388
13,1509,1522,0.1388
13,1505,1518,0.1388
11,1508,1519,0.1388
11,1505,1516,0.1388
11,1495,1506,0.1388
11,1498,1509,0.1388
10,1499,1509,0.1388
10,1508,1518,0.1388
10,1492,1502,0.1388
10,1492,1502,0.1388
11,1505,1516,0.1388
9,1508,1517,0.1388
8,1514,1522,0.1388
9,1519,1528,0.1388
9,1517,1526,0.1388
8,1509,1517,0.1388
8,1504,1512,0.1388
8,1500,1508,0.1388
7,1504,1511,0.1388
7,1515,1522,0.1388
7,1511,1518,0.1388
6,1510,1516,0.1388
5,1517,1522,0.1388
5,1519,1524,0.1388
5,1537,1542,0.1388
5,1529,1534,0.1388
5,1518,1523,0.1388
5,1520,1525,0.1388
5,1511,1516,0.1388
5,1515,1520,0.1388
5,1515,1520,0.1388
5,1512,1517,0.1388
5,1508,1513,0.1388
5,1512,1517,0.1388
5,1515,1520,0.1388
5,1514,1519,0.1388
5,1508,1513,0.1388
5,1509,1514,0.1388
7,1525,1532,0.1388
6,1520,1526,0.1388
6,1512,1518,0.1388
4,1515,1519,0.1388
4,1521,1525,0.1388
4,1520,1524,0.1388
4,1512,1516,0.1388
3,1516,1519,0.1388
3,1522,1525,0.1388
3,1532,1535,0.1388
3,1525,1528,0.1388
2,1519,1521,0.1388
2,1517,1519,0.1388
2,1522,1524,0.1388
2,1506,1508,0.1388
2,1520,1522,0.1388
2,1522,1524,0.1388
2,1522,1524,0.1388
2,1524,1526,0.1388
2,1521,1523,0.1388
2,1517,1519,0.1388
2,1507,1509,0.1388
2,1502,1504,0.1388
3,1495,1498,0.1388
3,1515,1518,0.1388
3,1506,1509,0.1388
3,1495,1498,0.1388
3,1489,1492,0.1388
2,1493,1495,0.1388
2,1507,1509,0.1388
2,1501,1503,0.1388
2,1515,1517,0.1388
2,1514,1516,0.1388
2,1516,1518,0.1388
2,1522,1524,0.1388
2,1529,1531,0.1388
2,1534,1536,0.1388
2,1524,1526,0.1388
2,1523,1525,0.1388
3,1517,1520,0.1388
3,1513,1516,0.1388
3,1516,1519,0.1388
2,1513,1515,0.1388
2,1502,1504,0.1388
2,1510,1512,0.1388
3,1532,1535,0.1388
3,1540,1543,0.1388
4,1530,1534,0.1388
4,1527,1531,0.1388
4,1521,1525,0.1388
4,1513,1517,0.1388
4,1510,1514,0.1388
4,1522,1526,0.1388
4,1521,1525,0.1388
4,1512,1516,0.1388
4,1519,1523,0.1388
4,1520,1524,0.1388
3,1506,1509,0.1388
3,1508,1511,0.1388
3,1509,1512,0.1388
3,1510,1513,0.1388
3,1505,1508,0.1388
3,1500,1503,0.1388
3,1502,1505,0.1388
4,1493,1497,0.1388
4,1499,1503,0.1388
4,1504,1508,0.1388
4,1513,1517,0.1388
4,1512,1516,0.1388
4,1506,1510,0.1388
4,1522,1526,0.1388
4,1525,1529,0.1388
4,1527,1531,0.1388
5,1522,1527,0.1388
5,1521,1526,0.1388
5,1503,1508,0.1388
7,1506,1513,0.1388
7,1517,1524,0.1388
6,1516,1522,0.1388
6,1519,1525,0.1388
7,1525,1532,0.1388
7,1512,1519,0.1388
8,1518,1526,0.1388
8,1510,1518,0.1388
7,1514,1521,0.1388
7,1519,1526,0.1388
8,1513,1521,0.1388
8,1516,1524,0.1388
8,1522,1530,0.1388
9,1517,1526,0.1388
9,1519,1528,0.1388
9,1505,1514,0.1388
9,1501,1510,0.1388
9,1502,1511,0.1388
9,1496,1505,0.1388
9,1504,1513,0.1388
8,1495,1503,0.1388
8,1503,1511,0.1388
8,1502,1510,0.1388
8,1513,1521,0.1388
8,1506,1514,0.1388
8,1498,1506,0.1388
7,1496,1503,0.1388
7,1502,1509,0.1388
7,1497,1504,0.1388
7,1496,1503,0.1388
7,1490,1497,0.1388
7,1517,1524,0.1388
7,1529,1536,0.1388
7,1527,1534,0.1388
8,1522,1530,0.1388
8,1497,1505,0.1388
8,1493,1501,0.1388
8,1506,1514,0.1388
8,1524,1532,0.1388
8,1534,1542,0.1388
8,1514,1522,0.1388
7,1521,1528,0.1388
6,1514,1520,0.1388
6,1515,1521,0.1388
6,1511,1517,0.1388
6,1495,1501,0.1388
6,1510,1516,0.1388
7,1506,1513,0.1388
7,1503,1510,0.1388
7,1498,1505,0.1388
7,1514,1521,0.1388
7,1508,1515,0.1388
7,1515,1522,0.1388
7,1512,1519,0.1388
6,1518,1524,0.1388
6,1527,1533,0.1388
5,1522,1527,0.1388
5,1523,1528,0.1388
6,1515,1521,0.1388
6,1525,1531,0.1388
6,1522,1528,0.1388
6,1519,1525,0.1388
7,1510,1517,0.1388
7,1514,1521,0.1388
6,1514,1520,0.1388
6,1503,1509,0.1388
6,1506,1512,0.1388
6,1517,1523,0.1388
5,1510,1515,0.1388
5,1508,1513,0.1388
5,1511,1516,0.1388
5,1508,1513,0.1388
4,1510,1514,0.1388
4,1505,1509,0.1388
3,1508,1511,0.1388
3,1505,1508,0.1388
3,1509,1512,0.1388
3,1523,1526,0.1388
3,1522,1525,0.1388
3,1512,1515,0.1388
3,1522,1525,0.1388
3,1525,1528,0.1388
3,1517,1520,0.1388
3,1515,1518,0.1388
3,1515,1518,0.1388
4,1516,1520,0.1388
4,1520,1524,0.1388
4,1514,1518,0.1388
4,1511,1515,0.1388
4,1512,1516,0.1388
4,1515,1519,0.1388
4,1518,1522,0.1388
3,1514,1517,0.1388
3,1516,1519,0.1388
3,1517,1520,0.1388
3,1517,1520,0.1388
3,1516,1519,0.1388
3,1510,1513,0.1388
3,1516,1519,0.1388
3,1509,1512,0.1388
3,1512,1515,0.1388
3,1513,1516,0.1388
3,1507,1510,0.1388
3,1500,1503,0.1388
3,1503,1506,0.1388
3,1509,1512,0.1388
3,1518,1521,0.1388
3,1511,1514,0.1388
3,1516,1519,0.1388
3,1503,1506,0.1388
3,1510,1513,0.1388
3,1517,1520,0.1388
3,1507,1510,0.1388
2,1494,1496,0.1388
2,1503,1505,0.1388
2,1509,1511,0.1388
2,1516,1518,0.1388
2,1510,1512,0.1388
2,1524,1526,0.1388
2,1516,1518,0.1388
1,1520,1521,0.1388
1,1518,1519,0.1388
1,1509,1510,0.1388
1,1510,1511,0.1388
1,1513,1514,0.1388
1,1519,1520,0.1388
1,1510,1511,0.1388
1,1505,1506,0.1388
1,1512,1513,0.1388
1,1517,1518,0.1388
1,1509,1510,0.1388
1,1505,1506,0.1388
2,1521,1523,0.1388
2,1525,1527,0.1388
2,1515,1517,0.1388
2,1506,1508,0.1388
2,1505,1507,0.1388
2,1500,1502,0.1388
2,1516,1518,0.1388
2,1512,1514,0.1388
2,1514,1516,0.1388
2,1517,1519,0.1388
2,1512,1514,0.1388
2,1513,1515,0.1388
2,1508,1510,0.1388
2,1508,1510,0.1388
2,1509,1511,0.1388
2,1499,1501,0.1388
2,1526,1528,0.1388
2,1520,1522,0.1388
2,1517,1519,0.1388
2,1520,1522,0.1388
2,1520,1522,0.1388
2,1515,1517,0.1388
2,1506,1508,0.1388
2,1513,1515,0.1388
2,1514,1516,0.1388
2,1519,1521,0.1388
3,1510,1513,0.1388
3,1513,1516,0.1388
3,1510,1513,0.1388
2,1511,1513,0.1388
2,1520,1522,0.1388
2,1534,1536,0.1388
2,1538,1540,0.1388
2,1526,1528,0.1388
2,1522,1524,0.1388
2,1515,1517,0.1388
2,1521,1523,0.1388
2,1516,1518,0.1388
2,1513,1515,0.1388
2,1523,1525,0.1388
2,1530,1532,0.1388
1,1533,1534,0.1388
1,1518,1519,0.1388
1,1513,1514,0.1388
1,1510,1511,0.1388
1,1513,1514,0.1388
1,1504,1505,0.1388
1,1521,1522,0.1388
1,1513,1514,0.1388
1,1510,1511,0.1388
1,1507,1508,0.1388
1,1521,1522,0.1388
1,1518,1519,0.1388
1,1525,1526,0.1388
1,1525,1526,0.1388
1,1508,1509,0.1388
1,1516,1517,0.1388
1,1522,1523,0.1388
2,1526,1528,0.1388
2,1525,1527,0.1388
2,1523,1525,0.1388
2,1519,1521,0.1388
2,1530,1532,0.1388
2,1521,1523,0.1388
2,1529,1531,0.1388
2,1517,1519,0.1388
2,1515,1517,0.1388
2,1526,1528,0.1388
2,1517,1519,0.1388
2,1518,1520,0.1388
2,1514,1516,0.1388
2,1518,1520,0.1388
2,1500,1502,0.1388
2,1509,1511,0.1388
2,1519,1521,0.1388
2,1511,1513,0.1388
2,1517,1519,0.1388
2,1516,1518,0.1388
1,1503,1504,0.1388
0,1522,1522,0.1388
