1373,26,1399,0.1388
1411,27,1438,0.1388
1430,32,1462,0.1388
1433,33,1466,0.1388
1444,33,1477,0.1388
1443,35,1478,0.1388
1450,35,1485,0.1388
1453,36,1489,0.1388
1450,37,1487,0.1388
1457,36,1493,0.1388
1463,39,1502,0.1388
1480,37,1517,0.1388
1484,39,1523,0.1388
1470,39,1509,0.1388
1474,41,1515,0.1388
1470,43,1513,0.1388
1471,42,1513,0.1388
1455,43,1498,0.1388
1459,42,1501,0.1388
1442,41,1483,0.1388
1437,42,1479,0.1388
1429,46,1475,0.1388
1422,46,1468,0.1388
1428,50,1478,0.1388
1436,55,1491,0.1388
1440,56,1496,0.1388
1442,54,1496,0.1388
1441,53,1494,0.1388
1449,51,1500,0.1388
1455,49,1504,0.1388
1448,48,1496,0.1388
1446,51,1497,0.1388
1454,52,1506,0.1388
1447,53,1500,0.1388
1440,53,1493,0.1388
1459,54,1513,0.1388
1449,56,1505,0.1388
1434,57,1491,0.1388
1435,58,1493,0.1388
1424,60,1484,0.1388
1431,61,1492,0.1388
1413,60,1473,0.1388
1402,58,1460,0.1388
1414,60,1474,0.1388
1415,61,1476,0.1388
1419,59,1478,0.1388
1425,62,1487,0.1388
1444,61,1505,0.1388
1444,59,1503,0.1388
1442,60,1502,0.1388
1446,59,1505,0.1388
1450,63,1513,0.1388
1442,63,1505,0.1388
1440,59,1499,0.1388
1432,61,1493,0.1388
1441,63,1504,0.1388
1430,66,1496,0.1388
1416,66,1482,0.1388
1420,66,1486,0.1388
1411,64,1475,0.1388
1414,65,1479,0.1388
1416,67,1483,0.1388
1421,70,1491,0.1388
1402,72,1474,0.1388
1400,70,1470,0.1388
1408,71,1479,0.1388
1421,70,1491,0.1388
1430,71,1501,0.1388
1443,71,1514,0.1388
1432,72,1504,0.1388
1419,75,1494,0.1388
1427,72,1499,0.1388
1428,73,1501,0.1388
1419,74,1493,0.1388
1420,75,1495,0.1388
1430,74,1504,0.1388
1438,75,1513,0.1388
1445,77,1522,0.1388
1442,78,1520,0.1388
1430,77,1507,0.1388
1430,73,1503,0.1388
1433,74,1507,0.1388
1433,69,1502,0.1388
1443,70,1513,0.1388
1444,68,1512,0.1388
1433,69,1502,0.1388
1415,69,1484,0.1388
1407,69,1476,0.1388
1400,68,1468,0.1388
1405,74,1479,0.1388
1416,76,1492,0.1388
1423,75,1498,0.1388
1412,77,1489,0.1388
1418,78,1496,0.1388
1409,78,1487,0.1388
1402,76,1478,0.1388
1408,76,1484,0.1388
1419,74,1493,0.1388
1411,73,1484,0.1388
1415,73,1488,0.1388
1406,76,1482,0.1388
1420,82,1502,0.1388
1415,81,1496,0.1388
1418,84,1502,0.1388
1419,87,1506,0.1388
1417,84,1501,0.1388
1418,85,1503,0.1388
1419,85,1504,0.1388
1403,89,1492,0.1388
1394,88,1482,0.1388
1398,91,1489,0.1388
1397,87,1484,0.1388
1403,92,1495,0.1388
1414,89,1503,0.1388
1411,91,1502,0.1388
1399,89,1488,0.1388
1398,88,1486,0.1388
1394,89,1483,0.1388
1397,88,1485,0.1388
1390,89,1479,0.1388
1401,91,1492,0.1388
1401,88,1489,0.1388
1407,92,1499,0.1388
1411,92,1503,0.1388
1410,93,1503,0.1388
1408,94,1502,0.1388
1417,93,1510,0.1388
1410,94,1504,0.1388
1405,94,1499,0.1388
1392,92,1484,0.1388
1397,92,1489,0.1388
1397,91,1488,0.1388
1397,85,1482,0.1388
1403,84,1487,0.1388
1408,86,1494,0.1388
1408,87,1495,0.1388
1414,91,1505,0.1388
1412,91,1503,0.1388
1397,90,1487,0.1388
1385,88,1473,0.1388
1380,89,1469,0.1388
1377,90,1467,0.1388
1381,91,1472,0.1388
1375,95,1470,0.1388
1381,98,1479,0.1388
1395,98,1493,0.1388
1394,102,1496,0.1388
1389,102,1491,0.1388
1394,102,1496,0.1388
1394,98,1492,0.1388
1388,99,1487,0.1388
1389,100,1489,0.1388
1385,98,1483,0.1388
1396,96,1492,0.1388
1401,96,1497,0.1388
1411,98,1509,0.1388
1418,97,1515,0.1388
1405,98,1503,0.1388
1392,97,1489,0.1388
1389,99,1488,0.1388
1383,97,1480,0.1388
1390,98,1488,0.1388
1376,96,1472,0.1388
1388,98,1486,0.1388
1383,97,1480,0.1388
1388,100,1488,0.1388
1385,102,1487,0.1388
1396,98,1494,0.1388
1388,96,1484,0.1388
1385,101,1486,0.1388
1386,105,1491,0.1388
1384,105,1489,0.1388
1396,106,1502,0.1388
1410,105,1515,0.1388
1404,108,1512,0.1388
1395,107,1502,0.1388
1389,111,1500,0.1388
1386,108,1494,0.1388
1381,105,1486,0.1388
1379,107,1486,0.1388
1376,112,1488,0.1388
1381,110,1491,0.1388
1371,115,1486,0.1388
1378,117,1495,0.1388
1376,118,1494,0.1388
1383,117,1500,0.1388
1381,118,1499,0.1388
1381,118,1499,0.1388
1373,117,1490,0.1388
1386,118,1504,0.1388
1389,120,1509,0.1388
1389,115,1504,0.1388
1374,112,1486,0.1388
1376,117,1493,0.1388
1374,116,1490,0.1388
1372,118,1490,0.1388
1369,120,1489,0.1388
1366,122,1488,0.1388
1380,119,1499,0.1388
1389,119,1508,0.1388
1382,117,1499,0.1388
1380,118,1498,0.1388
1385,121,1506,0.1388
1373,121,1494,0.1388
1379,117,1496,0.1388
1390,124,1514,0.1388
1387,122,1509,0.1388
1382,121,1503,0.1388
1382,122,1504,0.1388
1375,120,1495,0.1388
1392,121,1513,0.1388
1384,121,1505,0.1388
1390,125,1515,0.1388
1381,124,1505,0.1388
1372,121,1493,0.1388
1379,125,1504,0.1388
1375,125,1500,0.1388
1377,121,1498,0.1388
1375,123,1498,0.1388
1366,126,1492,0.1388
1364,130,1494,0.1388
1376,127,1503,0.1388
1365,128,1493,0.1388
1362,129,1491,0.1388
1350,129,1479,0.1388
1353,127,1480,0.1388
1371,131,1502,0.1388
1360,130,1490,0.1388
1359,130,1489,0.1388
1349,131,1480,0.1388
1345,133,1478,0.1388
1355,134,1489,0.1388
1364,133,1497,0.1388
1362,137,1499,0.1388
1360,136,1496,0.1388
1360,137,1497,0.1388
1349,140,1489,0.1388
1346,141,1487,0.1388
1348,141,1489,0.1388
1360,142,1502,0.1388
1365,143,1508,0.1388
1355,143,1498,0.1388
1354,146,1500,0.1388
1346,146,1492,0.1388
1336,145,1481,0.1388
1334,143,1477,0.1388
1324,144,1468,0.1388
1340,139,1479,0.1388
1344,140,1484,0.1388
1350,142,1492,0.1388
1356,145,1501,0.1388
1345,145,1490,0.1388
1334,144,1478,0.1388
1356,143,1499,0.1388
1360,145,1505,0.1388
1358,147,1505,0.1388
1357,148,1505,0.1388
1354,152,1506,0.1388
1351,155,1506,0.1388
1346,153,1499,0.1388
1341,149,1490,0.1388
1336,153,1489,0.1388
1331,150,1481,0.1388
1347,154,1501,0.1388
1341,155,1496,0.1388
1346,149,1495,0.1388
1360,149,1509,0.1388
1353,152,1505,0.1388
1345,151,1496,0.1388
1348,153,1501,0.1388
1352,157,1509,0.1388
1354,159,1513,0.1388
1350,154,1504,0.1388
1348,155,1503,0.1388
1353,156,1509,0.1388
1343,160,1503,0.1388
1341,160,1501,0.1388
1342,163,1505,0.1388
1338,164,1502,0.1388
1344,161,1505,0.1388
1355,165,1520,0.1388
1340,163,1503,0.1388
1328,163,1491,0.1388
1326,163,1489,0.1388
1346,160,1506,0.1388
1338,161,1499,0.1388
1331,164,1495,0.1388
1333,164,1497,0.1388
1329,165,1494,0.1388
1331,163,1494,0.1388
1322,167,1489,0.1388
1327,165,1492,0.1388
1334,163,1497,0.1388
1337,162,1499,0.1388
1345,158,1503,0.1388
1336,158,1494,0.1388
1337,158,1495,0.1388
1337,161,1498,0.1388
1323,167,1490,0.1388
1325,164,1489,0.1388
1335,162,1497,0.1388
1334,160,1494,0.1388
1326,165,1491,0.1388
1339,165,1504,0.1388
1325,166,1491,0.1388
1327,163,1490,0.1388
1317,162,1479,0.1388
1318,162,1480,0.1388
1327,158,1485,0.1388
1328,157,1485,0.1388
1326,159,1485,0.1388
1331,157,1488,0.1388
1326,163,1489,0.1388
1341,161,1502,0.1388
1341,160,1501,0.1388
1334,163,1497,0.1388
1324,161,1485,0.1388
1315,165,1480,0.1388
1313,164,1477,0.1388
1320,162,1482,0.1388
1321,163,1484,0.1388
1326,164,1490,0.1388
1324,163,1487,0.1388
1324,167,1491,0.1388
1327,168,1495,0.1388
1335,170,1505,0.1388
1337,168,1505,0.1388
1340,166,1506,0.1388
1337,166,1503,0.1388
1338,167,1505,0.1388
1333,167,1500,0.1388
1341,168,1509,0.1388
1348,168,1516,0.1388
1344,167,1511,0.1388
1340,168,1508,0.1388
1341,171,1512,0.1388
1320,174,1494,0.1388
1330,177,1507,0.1388
1335,177,1512,0.1388
1341,176,1517,0.1388
1333,177,1510,0.1388
1335,179,1514,0.1388
1328,180,1508,0.1388
1322,179,1501,0.1388
1312,182,1494,0.1388
1317,188,1505,0.1388
1308,184,1492,0.1388
1311,187,1498,0.1388
1308,185,1493,0.1388
1314,184,1498,0.1388
1300,186,1486,0.1388
1310,186,1496,0.1388
1291,192,1483,0.1388
1299,190,1489,0.1388
1308,188,1496,0.1388
1316,187,1503,0.1388
1305,190,1495,0.1388
1296,191,1487,0.1388
1288,189,1477,0.1388
1304,191,1495,0.1388
1288,191,1479,0.1388
1295,193,1488,0.1388
1284,193,1477,0.1388
1293,192,1485,0.1388
1296,192,1488,0.1388
1297,193,1490,0.1388
1292,200,1492,0.1388
1306,200,1506,0.1388
1297,201,1498,0.1388
1278,202,1480,0.1388
1278,202,1480,0.1388
1280,196,1476,0.1388
1275,199,1474,0.1388
1280,202,1482,0.1388
1282,201,1483,0.1388
1273,205,1478,0.1388
1272,208,1480,0.1388
1272,205,1477,0.1388
1274,205,1479,0.1388
1277,204,1481,0.1388
1272,205,1477,0.1388
1290,214,1504,0.1388
1301,214,1515,0.1388
1294,214,1508,0.1388
1297,212,1509,0.1388
1291,211,1502,0.1388
1276,217,1493,0.1388
1271,215,1486,0.1388
1285,218,1503,0.1388
1292,223,1515,0.1388
1281,220,1501,0.1388
1291,226,1517,0.1388
1281,224,1505,0.1388
1288,226,1514,0.1388
1281,226,1507,0.1388
1282,224,1506,0.1388
1280,228,1508,0.1388
1269,228,1497,0.1388
1273,230,1503,0.1388
1279,230,1509,0.1388
1281,231,1512,0.1388
1269,234,1503,0.1388
1265,235,1500,0.1388
1257,242,1499,0.1388
1250,244,1494,0.1388
1247,245,1492,0.1388
1253,246,1499,0.1388
1264,249,1513,0.1388
1261,251,1512,0.1388
1249,252,1501,0.1388
1262,254,1516,0.1388
1255,251,1506,0.1388
1248,256,1504,0.1388
1254,253,1507,0.1388
1249,258,1507,0.1388
1243,263,1506,0.1388
1233,266,1499,0.1388
1231,267,1498,0.1388
1234,264,1498,0.1388
1230,256,1486,0.1388
1239,267,1506,0.1388
1233,265,1498,0.1388
1236,268,1504,0.1388
1237,271,1508,0.1388
1248,268,1516,0.1388
1243,268,1511,0.1388
1238,272,1510,0.1388
1237,263,1500,0.1388
1237,258,1495,0.1388
1241,262,1503,0.1388
1239,259,1498,0.1388
1237,264,1501,0.1388
1242,264,1506,0.1388
1245,265,1510,0.1388
1235,266,1501,0.1388
1234,268,1502,0.1388
1241,265,1506,0.1388
1241,267,1508,0.1388
1227,270,1497,0.1388
1220,266,1486,0.1388
1221,265,1486,0.1388
1225,267,1492,0.1388
1237,265,1502,0.1388
1225,273,1498,0.1388
1220,276,1496,0.1388
1233,281,1514,0.1388
1229,277,1506,0.1388
1233,276,1509,0.1388
1249,276,1525,0.1388
1230,281,1511,0.1388
1220,280,1500,0.1388
1216,283,1499,0.1388
1217,279,1496,0.1388
1230,275,1505,0.1388
1230,270,1500,0.1388
1224,268,1492,0.1388
1213,270,1483,0.1388
1222,279,1501,0.1388
1227,275,1502,0.1388
1227,275,1502,0.1388
1228,275,1503,0.1388
1233,263,1496,0.1388
1222,269,1491,0.1388
1226,273,1499,0.1388
1231,274,1505,0.1388
1220,272,1492,0.1388
1218,272,1490,0.1388
1220,271,1491,0.1388
1223,278,1501,0.1388
1238,280,1518,0.1388
1242,273,1515,0.1388
1245,274,1519,0.1388
1241,271,1512,0.1388
1241,267,1508,0.1388
1244,266,1510,0.1388
1238,267,1505,0.1388
1233,269,1502,0.1388
1239,270,1509,0.1388
1236,273,1509,0.1388
1246,271,1517,0.1388
1239,269,1508,0.1388
1231,271,1502,0.1388
1228,271,1499,0.1388
1224,271,1495,0.1388
1229,271,1500,0.1388
1227,269,1496,0.1388
1224,267,1491,0.1388
1241,270,1511,0.1388
1240,273,1513,0.1388
1237,270,1507,0.1388
1228,271,1499,0.1388
1231,272,1503,0.1388
1230,272,1502,0.1388
1221,272,1493,0.1388
1218,267,1485,0.1388
1226,274,1500,0.1388
1224,278,1502,0.1388
1221,277,1498,0.1388
1215,278,1493,0.1388
1211,281,1492,0.1388
1209,279,1488,0.1388
1215,279,1494,0.1388
1228,275,1503,0.1388
1223,279,1502,0.1388
1211,277,1488,0.1388
1219,278,1497,0.1388
1217,280,1497,0.1388
1220,284,1504,0.1388
1217,278,1495,0.1388
1216,276,1492,0.1388
1216,279,1495,0.1388
1218,275,1493,0.1388
1214,277,1491,0.1388
1219,283,1502,0.1388
1208,289,1497,0.1388
1204,286,1490,0.1388
1203,287,1490,0.1388
1202,284,1486,0.1388
1211,279,1490,0.1388
1209,281,1490,0.1388
1213,281,1494,0.1388
1205,281,1486,0.1388
1210,286,1496,0.1388
1199,286,1485,0.1388
1200,290,1490,0.1388
1207,295,1502,0.1388
1224,296,1520,0.1388
1214,297,1511,0.1388
1205,294,1499,0.1388
1200,298,1498,0.1388
1215,299,1514,0.1388
1219,300,1519,0.1388
1216,294,1510,0.1388
1218,298,1516,0.1388
1218,308,1526,0.1388
1219,308,1527,0.1388
1210,306,1516,0.1388
1190,309,1499,0.1388
1190,304,1494,0.1388
1200,305,1505,0.1388
1197,308,1505,0.1388
1186,309,1495,0.1388
1185,315,1500,0.1388
1181,317,1498,0.1388
1190,328,1518,0.1388
1174,330,1504,0.1388
1170,326,1496,0.1388
1164,330,1494,0.1388
1163,322,1485,0.1388
1163,331,1494,0.1388
1172,332,1504,0.1388
1168,339,1507,0.1388
1150,344,1494,0.1388
1154,342,1496,0.1388
1151,346,1497,0.1388
1166,340,1506,0.1388
1159,344,1503,0.1388
1160,345,1505,0.1388
1170,338,1508,0.1388
1172,330,1502,0.1388
1166,337,1503,0.1388
1165,349,1514,0.1388
1151,344,1495,0.1388
1151,349,1500,0.1388
1136,350,1486,0.1388
1148,353,1501,0.1388
1147,350,1497,0.1388
1139,353,1492,0.1388
1139,350,1489,0.1388
1134,356,1490,0.1388
1131,351,1482,0.1388
1150,355,1505,0.1388
1157,354,1511,0.1388
1147,354,1501,0.1388
1157,359,1516,0.1388
1155,360,1515,0.1388
1146,366,1512,0.1388
1148,367,1515,0.1388
1141,365,1506,0.1388
1134,366,1500,0.1388
1135,366,1501,0.1388
1131,367,1498,0.1388
1128,371,1499,0.1388
1129,368,1497,0.1388
1135,369,1504,0.1388
1132,373,1505,0.1388
1120,370,1490,0.1388
1126,375,1501,0.1388
1130,372,1502,0.1388
1142,372,1514,0.1388
1133,374,1507,0.1388
1136,361,1497,0.1388
1143,369,1512,0.1388
1140,368,1508,0.1388
1141,369,1510,0.1388
1144,370,1514,0.1388
1146,370,1516,0.1388
1142,369,1511,0.1388
1145,370,1515,0.1388
1136,369,1505,0.1388
1132,372,1504,0.1388
1130,367,1497,0.1388
1123,363,1486,0.1388
1120,366,1486,0.1388
1117,369,1486,0.1388
1113,365,1478,0.1388
1116,373,1489,0.1388
1102,369,1471,0.1388
1100,373,1473,0.1388
1115,386,1501,0.1388
1126,386,1512,0.1388
1119,386,1505,0.1388
1113,384,1497,0.1388
1113,385,1498,0.1388
1124,378,1502,0.1388
1109,382,1491,0.1388
1096,392,1488,0.1388
1093,395,1488,0.1388
1104,402,1506,0.1388
1104,400,1504,0.1388
1104,395,1499,0.1388
1100,401,1501,0.1388
1101,403,1504,0.1388
1114,403,1517,0.1388
1108,406,1514,0.1388
1120,405,1525,0.1388
1115,403,1518,0.1388
1116,406,1522,0.1388
1106,411,1517,0.1388
1092,412,1504,0.1388
1098,409,1507,0.1388
1086,407,1493,0.1388
1086,408,1494,0.1388
1080,401,1481,0.1388
1089,407,1496,0.1388
1091,408,1499,0.1388
1096,414,1510,0.1388
1083,420,1503,0.1388
1090,419,1509,0.1388
1080,421,1501,0.1388
1076,424,1500,0.1388
1065,428,1493,0.1388
1057,426,1483,0.1388
1067,426,1493,0.1388
1078,422,1500,0.1388
1072,423,1495,0.1388
1071,420,1491,0.1388
1081,425,1506,0.1388
1070,430,1500,0.1388
1064,428,1492,0.1388
1067,434,1501,0.1388
1054,437,1491,0.1388
1078,432,1510,0.1388
1084,430,1514,0.1388
1083,431,1514,0.1388
1079,437,1516,0.1388
1078,438,1516,0.1388
1073,441,1514,0.1388
1076,439,1515,0.1388
1068,433,1501,0.1388
1068,440,1508,0.1388
1060,440,1500,0.1388
1062,439,1501,0.1388
1054,437,1491,0.1388
1066,434,1500,0.1388
1062,433,1495,0.1388
1061,431,1492,0.1388
1053,428,1481,0.1388
1060,436,1496,0.1388
1059,438,1497,0.1388
1054,441,1495,0.1388
1057,446,1503,0.1388
1042,445,1487,0.1388
1039,446,1485,0.1388
1044,456,1500,0.1388
1041,456,1497,0.1388
1055,451,1506,0.1388
1050,454,1504,0.1388
1035,451,1486,0.1388
1041,456,1497,0.1388
1041,459,1500,0.1388
1044,469,1513,0.1388
1043,467,1510,0.1388
1036,458,1494,0.1388
1040,465,1505,0.1388
1033,471,1504,0.1388
1031,470,1501,0.1388
1023,467,1490,0.1388
1034,469,1503,0.1388
1045,468,1513,0.1388
1025,473,1498,0.1388
1021,472,1493,0.1388
1039,467,1506,0.1388
1033,463,1496,0.1388
1025,464,1489,0.1388
1019,466,1485,0.1388
1024,465,1489,0.1388
1011,468,1479,0.1388
1013,471,1484,0.1388
1012,486,1498,0.1388
1013,484,1497,0.1388
1006,488,1494,0.1388
1018,491,1509,0.1388
1003,494,1497,0.1388
1007,494,1501,0.1388
1013,491,1504,0.1388
1005,481,1486,0.1388
1007,487,1494,0.1388
1009,484,1493,0.1388
1012,485,1497,0.1388
1026,488,1514,0.1388
1034,479,1513,0.1388
1022,474,1496,0.1388
1028,479,1507,0.1388
1022,481,1503,0.1388
1018,479,1497,0.1388
1011,485,1496,0.1388
1016,482,1498,0.1388
1022,484,1506,0.1388
1029,493,1522,0.1388
1013,490,1503,0.1388
1005,498,1503,0.1388
994,488,1482,0.1388
1008,491,1499,0.1388
1012,491,1503,0.1388
1007,491,1498,0.1388
1013,491,1504,0.1388
1008,492,1500,0.1388
1009,498,1507,0.1388
1002,498,1500,0.1388
990,498,1488,0.1388
985,499,1484,0.1388
989,494,1483,0.1388
998,501,1499,0.1388
1000,503,1503,0.1388
993,500,1493,0.1388
992,497,1489,0.1388
989,499,1488,0.1388
986,510,1496,0.1388
975,508,1483,0.1388
989,520,1509,0.1388
979,514,1493,0.1388
978,516,1494,0.1388
982,522,1504,0.1388
987,523,1510,0.1388
979,525,1504,0.1388
985,523,1508,0.1388
976,521,1497,0.1388
970,518,1488,0.1388
971,520,1491,0.1388
962,523,1485,0.1388
960,525,1485,0.1388
965,515,1480,0.1388
975,521,1496,0.1388
968,532,1500,0.1388
967,533,1500,0.1388
961,539,1500,0.1388
959,541,1500,0.1388
960,542,1502,0.1388
964,537,1501,0.1388
960,534,1494,0.1388
945,532,1477,0.1388
941,537,1478,0.1388
948,549,1497,0.1388
945,552,1497,0.1388
941,551,1492,0.1388
944,552,1496,0.1388
949,554,1503,0.1388
947,554,1501,0.1388
943,559,1502,0.1388
943,551,1494,0.1388
942,554,1496,0.1388
936,557,1493,0.1388
934,559,1493,0.1388
933,565,1498,0.1388
931,571,1502,0.1388
942,567,1509,0.1388
943,564,1507,0.1388
945,561,1506,0.1388
944,567,1511,0.1388
939,565,1504,0.1388
926,569,1495,0.1388
934,574,1508,0.1388
922,581,1503,0.1388
927,576,1503,0.1388
919,581,1500,0.1388
920,585,1505,0.1388
923,583,1506,0.1388
919,591,1510,0.1388
919,588,1507,0.1388
914,586,1500,0.1388
911,585,1496,0.1388
918,593,1511,0.1388
909,593,1502,0.1388
907,591,1498,0.1388
917,584,1501,0.1388
921,579,1500,0.1388
921,573,1494,0.1388
922,588,1510,0.1388
911,591,1502,0.1388
900,601,1501,0.1388
904,605,1509,0.1388
898,610,1508,0.1388
893,616,1509,0.1388
901,611,1512,0.1388
893,611,1504,0.1388
901,608,1509,0.1388
901,602,1503,0.1388
895,609,1504,0.1388
897,609,1506,0.1388
898,609,1507,0.1388
898,611,1509,0.1388
891,613,1504,0.1388
893,613,1506,0.1388
885,609,1494,0.1388
879,608,1487,0.1388
888,607,1495,0.1388
891,617,1508,0.1388
890,616,1506,0.1388
882,616,1498,0.1388
882,628,1510,0.1388
873,619,1492,0.1388
877,625,1502,0.1388
877,627,1504,0.1388
867,632,1499,0.1388
882,635,1517,0.1388
873,642,1515,0.1388
865,645,1510,0.1388
874,634,1508,0.1388
864,631,1495,0.1388
869,634,1503,0.1388
870,642,1512,0.1388
878,642,1520,0.1388
880,642,1522,0.1388
864,647,1511,0.1388
860,646,1506,0.1388
859,635,1494,0.1388
865,640,1505,0.1388
866,639,1505,0.1388
877,635,1512,0.1388
875,638,1513,0.1388
871,643,1514,0.1388
872,643,1515,0.1388
854,647,1501,0.1388
858,644,1502,0.1388
860,643,1503,0.1388
860,645,1505,0.1388
859,645,1504,0.1388
854,650,1504,0.1388
846,653,1499,0.1388
846,654,1500,0.1388
853,656,1509,0.1388
863,659,1522,0.1388
862,655,1517,0.1388
863,657,1520,0.1388
856,657,1513,0.1388
853,656,1509,0.1388
852,662,1514,0.1388
859,662,1521,0.1388
851,664,1515,0.1388
840,661,1501,0.1388
839,655,1494,0.1388
848,652,1500,0.1388
846,654,1500,0.1388
846,665,1511,0.1388
842,665,1507,0.1388
844,665,1509,0.1388
850,663,1513,0.1388
842,665,1507,0.1388
835,677,1512,0.1388
838,674,1512,0.1388
839,680,1519,0.1388
834,678,1512,0.1388
835,679,1514,0.1388
835,684,1519,0.1388
838,681,1519,0.1388
833,675,1508,0.1388
828,684,1512,0.1388
824,688,1512,0.1388
826,688,1514,0.1388
822,684,1506,0.1388
824,682,1506,0.1388
819,683,1502,0.1388
818,684,1502,0.1388
818,676,1494,0.1388
818,673,1491,0.1388
815,682,1497,0.1388
816,692,1508,0.1388
811,688,1499,0.1388
807,688,1495,0.1388
813,685,1498,0.1388
806,681,1487,0.1388
807,685,1492,0.1388
812,688,1500,0.1388
820,690,1510,0.1388
819,692,1511,0.1388
827,693,1520,0.1388
821,687,1508,0.1388
810,695,1505,0.1388
811,689,1500,0.1388
810,690,1500,0.1388
806,705,1511,0.1388
815,706,1521,0.1388
823,708,1531,0.1388
823,698,1521,0.1388
816,701,1517,0.1388
811,702,1513,0.1388
811,705,1516,0.1388
817,701,1518,0.1388
814,705,1519,0.1388
816,707,1523,0.1388
803,708,1511,0.1388
795,711,1506,0.1388
803,700,1503,0.1388
800,700,1500,0.1388
810,702,1512,0.1388
813,701,1514,0.1388
805,705,1510,0.1388
800,707,1507,0.1388
795,717,1512,0.1388
796,715,1511,0.1388
800,716,1516,0.1388
798,712,1510,0.1388
792,718,1510,0.1388
799,711,1510,0.1388
795,714,1509,0.1388
799,717,1516,0.1388
789,719,1508,0.1388
793,719,1512,0.1388
794,711,1505,0.1388
796,719,1515,0.1388
796,721,1517,0.1388
787,709,1496,0.1388
786,709,1495,0.1388
792,709,1501,0.1388
793,715,1508,0.1388
789,703,1492,0.1388
792,701,1493,0.1388
806,696,1502,0.1388
807,691,1498,0.1388
793,695,1488,0.1388
807,692,1499,0.1388
807,693,1500,0.1388
808,695,1503,0.1388
814,690,1504,0.1388
802,691,1493,0.1388
809,689,1498,0.1388
806,694,1500,0.1388
811,697,1508,0.1388
806,705,1511,0.1388
807,697,1504,0.1388
815,703,1518,0.1388
816,711,1527,0.1388
806,701,1507,0.1388
809,702,1511,0.1388
805,705,1510,0.1388
805,703,1508,0.1388
804,714,1518,0.1388
795,713,1508,0.1388
792,728,1520,0.1388
782,726,1508,0.1388
780,717,1497,0.1388
780,716,1496,0.1388
782,709,1491,0.1388
784,711,1495,0.1388
785,716,1501,0.1388
798,709,1507,0.1388
789,709,1498,0.1388
784,715,1499,0.1388
786,717,1503,0.1388
786,713,1499,0.1388
788,721,1509,0.1388
776,718,1494,0.1388
775,720,1495,0.1388
765,719,1484,0.1388
768,723,1491,0.1388
779,723,1502,0.1388
786,726,1512,0.1388
785,721,1506,0.1388
785,732,1517,0.1388
776,732,1508,0.1388
775,724,1499,0.1388
768,728,1496,0.1388
774,735,1509,0.1388
771,737,1508,0.1388
780,732,1512,0.1388
769,733,1502,0.1388
772,741,1513,0.1388
779,738,1517,0.1388
770,735,1505,0.1388
756,737,1493,0.1388
748,736,1484,0.1388
763,729,1492,0.1388
765,745,1510,0.1388
760,741,1501,0.1388
754,741,1495,0.1388
753,739,1492,0.1388
764,730,1494,0.1388
773,739,1512,0.1388
778,739,1517,0.1388
774,741,1515,0.1388
778,731,1509,0.1388
787,729,1516,0.1388
782,731,1513,0.1388
780,742,1522,0.1388
773,745,1518,0.1388
773,755,1528,0.1388
768,756,1524,0.1388
767,758,1525,0.1388
756,765,1521,0.1388
752,769,1521,0.1388
747,769,1516,0.1388
753,762,1515,0.1388
742,758,1500,0.1388
752,763,1515,0.1388
742,770,1512,0.1388
744,768,1512,0.1388
750,770,1520,0.1388
743,775,1518,0.1388
746,780,1526,0.1388
742,787,1529,0.1388
746,776,1522,0.1388
753,767,1520,0.1388
754,776,1530,0.1388
755,773,1528,0.1388
746,780,1526,0.1388
740,790,1530,0.1388
739,789,1528,0.1388
737,785,1522,0.1388
740,791,1531,0.1388
733,787,1520,0.1388
734,786,1520,0.1388
727,781,1508,0.1388
713,778,1491,0.1388
720,789,1509,0.1388
714,779,1493,0.1388
720,783,1503,0.1388
717,787,1504,0.1388
727,785,1512,0.1388
725,782,1507,0.1388
715,771,1486,0.1388
713,784,1497,0.1388
706,777,1483,0.1388
707,789,1496,0.1388
711,796,1507,0.1388
708,792,1500,0.1388
709,793,1502,0.1388
708,791,1499,0.1388
704,794,1498,0.1388
713,802,1515,0.1388
712,798,1510,0.1388
714,803,1517,0.1388
712,801,1513,0.1388
713,799,1512,0.1388
704,803,1507,0.1388
704,802,1506,0.1388
698,802,1500,0.1388
700,807,1507,0.1388
704,801,1505,0.1388
702,801,1503,0.1388
705,805,1510,0.1388
699,814,1513,0.1388
704,811,1515,0.1388
699,815,1514,0.1388
704,810,1514,0.1388
696,801,1497,0.1388
690,805,1495,0.1388
686,809,1495,0.1388
674,817,1491,0.1388
672,828,1500,0.1388
682,828,1510,0.1388
678,830,1508,0.1388
669,830,1499,0.1388
681,822,1503,0.1388
666,826,1492,0.1388
660,838,1498,0.1388
658,839,1497,0.1388
648,838,1486,0.1388
640,836,1476,0.1388
646,829,1475,0.1388
653,844,1497,0.1388
658,848,1506,0.1388
659,847,1506,0.1388
655,847,1502,0.1388
658,837,1495,0.1388
648,843,1491,0.1388
650,844,1494,0.1388
657,844,1501,0.1388
651,839,1490,0.1388
648,831,1479,0.1388
647,844,1491,0.1388
650,845,1495,0.1388
646,852,1498,0.1388
645,851,1496,0.1388
640,842,1482,0.1388
653,853,1506,0.1388
653,851,1504,0.1388
653,860,1513,0.1388
654,870,1524,0.1388
648,879,1527,0.1388
633,877,1510,0.1388
635,878,1513,0.1388
633,872,1505,0.1388
635,874,1509,0.1388
640,876,1516,0.1388
640,867,1507,0.1388
635,880,1515,0.1388
644,873,1517,0.1388
647,872,1519,0.1388
646,871,1517,0.1388
643,867,1510,0.1388
639,876,1515,0.1388
636,881,1517,0.1388
638,879,1517,0.1388
637,879,1516,0.1388
627,874,1501,0.1388
625,885,1510,0.1388
626,885,1511,0.1388
630,875,1505,0.1388
632,869,1501,0.1388
626,880,1506,0.1388
628,883,1511,0.1388
630,880,1510,0.1388
625,881,1506,0.1388
629,876,1505,0.1388
631,883,1514,0.1388
622,889,1511,0.1388
624,883,1507,0.1388
620,879,1499,0.1388
622,885,1507,0.1388
633,884,1517,0.1388
631,880,1511,0.1388
629,885,1514,0.1388
625,896,1521,0.1388
623,901,1524,0.1388
628,905,1533,0.1388
624,890,1514,0.1388
612,882,1494,0.1388
616,881,1497,0.1388
615,889,1504,0.1388
615,887,1502,0.1388
620,893,1513,0.1388
630,894,1524,0.1388
620,896,1516,0.1388
617,897,1514,0.1388
624,896,1520,0.1388
617,895,1512,0.1388
616,893,1509,0.1388
614,901,1515,0.1388
597,900,1497,0.1388
601,901,1502,0.1388
606,907,1513,0.1388
607,909,1516,0.1388
607,909,1516,0.1388
604,909,1513,0.1388
593,911,1504,0.1388
598,915,1513,0.1388
599,909,1508,0.1388
602,911,1513,0.1388
603,905,1508,0.1388
602,897,1499,0.1388
599,907,1506,0.1388
603,909,1512,0.1388
602,914,1516,0.1388
606,908,1514,0.1388
598,910,1508,0.1388
595,908,1503,0.1388
602,905,1507,0.1388
604,902,1506,0.1388
604,913,1517,0.1388
596,919,1515,0.1388
602,917,1519,0.1388
589,914,1503,0.1388
590,917,1507,0.1388
592,921,1513,0.1388
587,919,1506,0.1388
585,921,1506,0.1388
583,921,1504,0.1388
584,930,1514,0.1388
586,920,1506,0.1388
580,921,1501,0.1388
589,927,1516,0.1388
590,921,1511,0.1388
595,915,1510,0.1388
596,920,1516,0.1388
589,927,1516,0.1388
585,926,1511,0.1388
580,928,1508,0.1388
583,936,1519,0.1388
575,938,1513,0.1388
574,925,1499,0.1388
564,935,1499,0.1388
565,933,1498,0.1388
558,934,1492,0.1388
560,936,1496,0.1388
561,945,1506,0.1388
567,942,1509,0.1388
562,945,1507,0.1388
567,949,1516,0.1388
557,944,1501,0.1388
554,944,1498,0.1388
550,945,1495,0.1388
547,952,1499,0.1388
547,948,1495,0.1388
545,953,1498,0.1388
547,953,1500,0.1388
553,954,1507,0.1388
556,948,1504,0.1388
554,951,1505,0.1388
554,958,1512,0.1388
544,947,1491,0.1388
541,948,1489,0.1388
541,956,1497,0.1388
542,965,1507,0.1388
546,971,1517,0.1388
543,973,1516,0.1388
537,975,1512,0.1388
532,978,1510,0.1388
530,980,1510,0.1388
530,978,1508,0.1388
528,970,1498,0.1388
525,968,1493,0.1388
533,973,1506,0.1388
533,980,1513,0.1388
528,980,1508,0.1388
531,987,1518,0.1388
528,993,1521,0.1388
523,995,1518,0.1388
522,991,1513,0.1388
515,993,1508,0.1388
513,995,1508,0.1388
512,1005,1517,0.1388
513,1010,1523,0.1388
510,1013,1523,0.1388
503,1006,1509,0.1388
506,1000,1506,0.1388
505,1004,1509,0.1388
505,1001,1506,0.1388
500,1009,1509,0.1388
504,1015,1519,0.1388
498,1016,1514,0.1388
506,1018,1524,0.1388
510,1013,1523,0.1388
510,1017,1527,0.1388
515,1011,1526,0.1388
503,1008,1511,0.1388
502,1003,1505,0.1388
493,999,1492,0.1388
503,1013,1516,0.1388
504,996,1500,0.1388
504,992,1496,0.1388
500,1009,1509,0.1388
500,1012,1512,0.1388
507,1003,1510,0.1388
504,1010,1514,0.1388
510,1011,1521,0.1388
515,1015,1530,0.1388
519,1005,1524,0.1388
514,1003,1517,0.1388
509,997,1506,0.1388
510,1004,1514,0.1388
506,1005,1511,0.1388
501,1006,1507,0.1388
496,1008,1504,0.1388
497,1010,1507,0.1388
497,1004,1501,0.1388
508,1007,1515,0.1388
499,1003,1502,0.1388
502,1007,1509,0.1388
499,990,1489,0.1388
505,1003,1508,0.1388
498,997,1495,0.1388
492,1009,1501,0.1388
491,1014,1505,0.1388
499,1013,1512,0.1388
496,1016,1512,0.1388
486,1021,1507,0.1388
491,1021,1512,0.1388
489,1032,1521,0.1388
491,1024,1515,0.1388
488,1019,1507,0.1388
489,1018,1507,0.1388
483,1012,1495,0.1388
489,1006,1495,0.1388
494,1018,1512,0.1388
492,1028,1520,0.1388
494,1025,1519,0.1388
497,1017,1514,0.1388
493,1023,1516,0.1388
494,1016,1510,0.1388
490,1020,1510,0.1388
480,1031,1511,0.1388
484,1030,1514,0.1388
488,1024,1512,0.1388
488,1033,1521,0.1388
485,1024,1509,0.1388
484,1028,1512,0.1388
484,1018,1502,0.1388
477,1024,1501,0.1388
473,1029,1502,0.1388
480,1031,1511,0.1388
482,1023,1505,0.1388
484,1029,1513,0.1388
485,1040,1525,0.1388
485,1030,1515,0.1388
484,1045,1529,0.1388
483,1035,1518,0.1388
488,1026,1514,0.1388
487,1026,1513,0.1388
480,1030,1510,0.1388
483,1021,1504,0.1388
481,1025,1506,0.1388
480,1014,1494,0.1388
483,1026,1509,0.1388
478,1032,1510,0.1388
481,1032,1513,0.1388
488,1033,1521,0.1388
478,1042,1520,0.1388
484,1036,1520,0.1388
488,1031,1519,0.1388
486,1033,1519,0.1388
482,1028,1510,0.1388
481,1030,1511,0.1388
488,1030,1518,0.1388
491,1031,1522,0.1388
495,1039,1534,0.1388
488,1031,1519,0.1388
486,1031,1517,0.1388
480,1025,1505,0.1388
479,1028,1507,0.1388
473,1038,1511,0.1388
468,1053,1521,0.1388
471,1050,1521,0.1388
470,1044,1514,0.1388
471,1043,1514,0.1388
474,1040,1514,0.1388
467,1041,1508,0.1388
466,1045,1511,0.1388
465,1042,1507,0.1388
467,1042,1509,0.1388
459,1037,1496,0.1388
462,1038,1500,0.1388
458,1040,1498,0.1388
453,1040,1493,0.1388
459,1046,1505,0.1388
460,1048,1508,0.1388
461,1040,1501,0.1388
453,1052,1505,0.1388
457,1053,1510,0.1388
457,1065,1522,0.1388
449,1061,1510,0.1388
445,1065,1510,0.1388
443,1060,1503,0.1388
447,1071,1518,0.1388
456,1064,1520,0.1388
455,1071,1526,0.1388
450,1061,1511,0.1388
456,1054,1510,0.1388
451,1066,1517,0.1388
447,1067,1514,0.1388
451,1072,1523,0.1388
452,1059,1511,0.1388
456,1049,1505,0.1388
454,1062,1516,0.1388
453,1059,1512,0.1388
448,1063,1511,0.1388
450,1064,1514,0.1388
442,1070,1512,0.1388
440,1077,1517,0.1388
436,1077,1513,0.1388
438,1073,1511,0.1388
439,1071,1510,0.1388
445,1063,1508,0.1388
438,1063,1501,0.1388
438,1069,1507,0.1388
439,1060,1499,0.1388
442,1060,1502,0.1388
438,1068,1506,0.1388
436,1072,1508,0.1388
438,1071,1509,0.1388
440,1079,1519,0.1388
443,1076,1519,0.1388
442,1074,1516,0.1388
438,1072,1510,0.1388
435,1060,1495,0.1388
435,1072,1507,0.1388
434,1063,1497,0.1388
439,1064,1503,0.1388
441,1063,1504,0.1388
434,1085,1519,0.1388
444,1076,1520,0.1388
431,1080,1511,0.1388
432,1080,1512,0.1388
432,1080,1512,0.1388
429,1085,1514,0.1388
432,1075,1507,0.1388
428,1064,1492,0.1388
430,1063,1493,0.1388
428,1066,1494,0.1388
434,1080,1514,0.1388
438,1085,1523,0.1388
437,1083,1520,0.1388
435,1081,1516,0.1388
439,1077,1516,0.1388
434,1083,1517,0.1388
435,1089,1524,0.1388
436,1083,1519,0.1388
425,1077,1502,0.1388
428,1080,1508,0.1388
429,1098,1527,0.1388
416,1083,1499,0.1388
415,1082,1497,0.1388
409,1091,1500,0.1388
407,1095,1502,0.1388
400,1092,1492,0.1388
403,1093,1496,0.1388
397,1099,1496,0.1388
400,1094,1494,0.1388
398,1093,1491,0.1388
398,1088,1486,0.1388
398,1086,1484,0.1388
400,1089,1489,0.1388
414,1089,1503,0.1388
415,1082,1497,0.1388
420,1087,1507,0.1388
415,1091,1506,0.1388
411,1090,1501,0.1388
420,1089,1509,0.1388
415,1088,1503,0.1388
423,1088,1511,0.1388
424,1098,1522,0.1388
424,1093,1517,0.1388
423,1095,1518,0.1388
409,1092,1501,0.1388
412,1093,1505,0.1388
411,1094,1505,0.1388
411,1101,1512,0.1388
408,1105,1513,0.1388
412,1104,1516,0.1388
410,1090,1500,0.1388
409,1099,1508,0.1388
413,1082,1495,0.1388
413,1085,1498,0.1388
413,1082,1495,0.1388
412,1084,1496,0.1388
409,1099,1508,0.1388
410,1094,1504,0.1388
415,1105,1520,0.1388
403,1110,1513,0.1388
401,1109,1510,0.1388
403,1118,1521,0.1388
401,1116,1517,0.1388
404,1107,1511,0.1388
406,1104,1510,0.1388
401,1110,1511,0.1388
399,1119,1518,0.1388
402,1127,1529,0.1388
400,1114,1514,0.1388
395,1120,1515,0.1388
391,1108,1499,0.1388
392,1100,1492,0.1388
392,1114,1506,0.1388
394,1104,1498,0.1388
395,1112,1507,0.1388
391,1113,1504,0.1388
388,1118,1506,0.1388
384,1117,1501,0.1388
382,1120,1502,0.1388
378,1123,1501,0.1388
382,1120,1502,0.1388
377,1129,1506,0.1388
378,1125,1503,0.1388
379,1129,1508,0.1388
378,1135,1513,0.1388
381,1135,1516,0.1388
376,1139,1515,0.1388
380,1137,1517,0.1388
375,1135,1510,0.1388
368,1132,1500,0.1388
374,1134,1508,0.1388
366,1149,1515,0.1388
371,1146,1517,0.1388
369,1138,1507,0.1388
374,1155,1529,0.1388
374,1136,1510,0.1388
374,1130,1504,0.1388
373,1140,1513,0.1388
371,1151,1522,0.1388
368,1153,1521,0.1388
367,1160,1527,0.1388
366,1150,1516,0.1388
371,1153,1524,0.1388
359,1156,1515,0.1388
364,1149,1513,0.1388
356,1160,1516,0.1388
356,1162,1518,0.1388
355,1168,1523,0.1388
349,1156,1505,0.1388
353,1153,1506,0.1388
341,1168,1509,0.1388
334,1170,1504,0.1388
340,1166,1506,0.1388
344,1173,1517,0.1388
349,1170,1519,0.1388
342,1176,1518,0.1388
345,1164,1509,0.1388
345,1162,1507,0.1388
348,1173,1521,0.1388
346,1162,1508,0.1388
335,1166,1501,0.1388
336,1170,1506,0.1388
345,1162,1507,0.1388
353,1172,1525,0.1388
345,1181,1526,0.1388
343,1177,1520,0.1388
344,1175,1519,0.1388
345,1181,1526,0.1388
342,1165,1507,0.1388
339,1175,1514,0.1388
331,1178,1509,0.1388
336,1190,1526,0.1388
335,1183,1518,0.1388
334,1192,1526,0.1388
338,1192,1530,0.1388
335,1200,1535,0.1388
331,1200,1531,0.1388
329,1184,1513,0.1388
332,1179,1511,0.1388
330,1183,1513,0.1388
331,1194,1525,0.1388
323,1193,1516,0.1388
329,1187,1516,0.1388
325,1193,1518,0.1388
327,1184,1511,0.1388
326,1188,1514,0.1388
329,1191,1520,0.1388
326,1200,1526,0.1388
325,1180,1505,0.1388
328,1202,1530,0.1388
329,1198,1527,0.1388
325,1199,1524,0.1388
323,1197,1520,0.1388
330,1187,1517,0.1388
325,1181,1506,0.1388
316,1184,1500,0.1388
319,1195,1514,0.1388
327,1187,1514,0.1388
327,1186,1513,0.1388
327,1184,1511,0.1388
321,1202,1523,0.1388
324,1200,1524,0.1388
321,1192,1513,0.1388
320,1193,1513,0.1388
330,1200,1530,0.1388
325,1186,1511,0.1388
321,1193,1514,0.1388
318,1193,1511,0.1388
319,1193,1512,0.1388
319,1184,1503,0.1388
316,1197,1513,0.1388
314,1193,1507,0.1388
311,1189,1500,0.1388
310,1184,1494,0.1388
306,1185,1491,0.1388
314,1195,1509,0.1388
305,1188,1493,0.1388
304,1207,1511,0.1388
308,1216,1524,0.1388
304,1223,1527,0.1388
306,1210,1516,0.1388
308,1199,1507,0.1388
305,1202,1507,0.1388
315,1182,1497,0.1388
311,1194,1505,0.1388
312,1197,1509,0.1388
320,1203,1523,0.1388
323,1199,1522,0.1388
323,1187,1510,0.1388
328,1198,1526,0.1388
321,1187,1508,0.1388
314,1193,1507,0.1388
314,1197,1511,0.1388
315,1198,1513,0.1388
317,1195,1512,0.1388
323,1195,1518,0.1388
320,1182,1502,0.1388
311,1189,1500,0.1388
313,1201,1514,0.1388
309,1203,1512,0.1388
313,1211,1524,0.1388
321,1215,1536,0.1388
324,1209,1533,0.1388
322,1191,1513,0.1388
317,1189,1506,0.1388
316,1194,1510,0.1388
320,1181,1501,0.1388
324,1183,1507,0.1388
311,1182,1493,0.1388
308,1199,1507,0.1388
314,1194,1508,0.1388
315,1195,1510,0.1388
322,1190,1512,0.1388
326,1175,1501,0.1388
326,1183,1509,0.1388
329,1190,1519,0.1388
327,1183,1510,0.1388
324,1191,1515,0.1388
316,1201,1517,0.1388
312,1185,1497,0.1388
315,1190,1505,0.1388
312,1196,1508,0.1388
312,1209,1521,0.1388
316,1199,1515,0.1388
315,1190,1505,0.1388
310,1185,1495,0.1388
307,1195,1502,0.1388
307,1195,1502,0.1388
310,1204,1514,0.1388
308,1199,1507,0.1388
304,1203,1507,0.1388
306,1206,1512,0.1388
303,1213,1516,0.1388
300,1218,1518,0.1388
296,1226,1522,0.1388
295,1215,1510,0.1388
301,1215,1516,0.1388
292,1205,1497,0.1388
294,1214,1508,0.1388
295,1217,1512,0.1388
292,1214,1506,0.1388
294,1218,1512,0.1388
295,1230,1525,0.1388
291,1217,1508,0.1388
294,1212,1506,0.1388
295,1215,1510,0.1388
293,1222,1515,0.1388
296,1214,1510,0.1388
291,1215,1506,0.1388
287,1215,1502,0.1388
285,1199,1484,0.1388
294,1217,1511,0.1388
291,1213,1504,0.1388
289,1214,1503,0.1388
290,1214,1504,0.1388
287,1221,1508,0.1388
292,1220,1512,0.1388
291,1221,1512,0.1388
290,1223,1513,0.1388
294,1232,1526,0.1388
290,1227,1517,0.1388
287,1222,1509,0.1388
295,1207,1502,0.1388
293,1223,1516,0.1388
291,1222,1513,0.1388
289,1228,1517,0.1388
287,1214,1501,0.1388
286,1208,1494,0.1388
286,1213,1499,0.1388
287,1219,1506,0.1388
286,1221,1507,0.1388
285,1223,1508,0.1388
277,1221,1498,0.1388
280,1225,1505,0.1388
282,1227,1509,0.1388
283,1227,1510,0.1388
283,1225,1508,0.1388
284,1231,1515,0.1388
285,1230,1515,0.1388
285,1225,1510,0.1388
285,1212,1497,0.1388
287,1216,1503,0.1388
290,1225,1515,0.1388
290,1233,1523,0.1388
290,1238,1528,0.1388
285,1242,1527,0.1388
286,1225,1511,0.1388
280,1218,1498,0.1388
284,1231,1515,0.1388
285,1230,1515,0.1388
285,1223,1508,0.1388
282,1223,1505,0.1388
286,1219,1505,0.1388
285,1221,1506,0.1388
286,1234,1520,0.1388
286,1227,1513,0.1388
289,1225,1514,0.1388
286,1216,1502,0.1388
291,1215,1506,0.1388
291,1216,1507,0.1388
289,1213,1502,0.1388
286,1218,1504,0.1388
278,1215,1493,0.1388
282,1220,1502,0.1388
280,1224,1504,0.1388
279,1239,1518,0.1388
282,1231,1513,0.1388
283,1229,1512,0.1388
283,1227,1510,0.1388
276,1240,1516,0.1388
278,1231,1509,0.1388
280,1238,1518,0.1388
279,1242,1521,0.1388
281,1231,1512,0.1388
272,1213,1485,0.1388
274,1223,1497,0.1388
275,1221,1496,0.1388
275,1216,1491,0.1388
278,1229,1507,0.1388
277,1224,1501,0.1388
281,1229,1510,0.1388
278,1241,1519,0.1388
278,1232,1510,0.1388
277,1234,1511,0.1388
271,1236,1507,0.1388
263,1234,1497,0.1388
270,1249,1519,0.1388
274,1248,1522,0.1388
276,1247,1523,0.1388
275,1241,1516,0.1388
273,1243,1516,0.1388
271,1242,1513,0.1388
273,1245,1518,0.1388
270,1245,1515,0.1388
266,1238,1504,0.1388
265,1245,1510,0.1388
265,1251,1516,0.1388
263,1245,1508,0.1388
261,1248,1509,0.1388
264,1249,1513,0.1388
267,1248,1515,0.1388
268,1244,1512,0.1388
262,1246,1508,0.1388
265,1238,1503,0.1388
266,1254,1520,0.1388
267,1254,1521,0.1388
260,1260,1520,0.1388
259,1250,1509,0.1388
265,1241,1506,0.1388
259,1251,1510,0.1388
256,1250,1506,0.1388
257,1242,1499,0.1388
258,1232,1490,0.1388
255,1238,1493,0.1388
261,1250,1511,0.1388
260,1251,1511,0.1388
255,1261,1516,0.1388
257,1252,1509,0.1388
266,1254,1520,0.1388
266,1267,1533,0.1388
264,1271,1535,0.1388
259,1264,1523,0.1388
258,1267,1525,0.1388
253,1266,1519,0.1388
251,1270,1521,0.1388
246,1273,1519,0.1388
250,1273,1523,0.1388
248,1279,1527,0.1388
247,1275,1522,0.1388
239,1271,1510,0.1388
237,1269,1506,0.1388
238,1284,1522,0.1388
237,1270,1507,0.1388
239,1272,1511,0.1388
238,1267,1505,0.1388
237,1265,1502,0.1388
235,1269,1504,0.1388
241,1271,1512,0.1388
243,1266,1509,0.1388
245,1275,1520,0.1388
243,1273,1516,0.1388
244,1288,1532,0.1388
242,1282,1524,0.1388
242,1278,1520,0.1388
238,1278,1516,0.1388
244,1274,1518,0.1388
246,1282,1528,0.1388
244,1282,1526,0.1388
241,1292,1533,0.1388
242,1290,1532,0.1388
246,1286,1532,0.1388
247,1282,1529,0.1388
245,1296,1541,0.1388
243,1295,1538,0.1388
241,1275,1516,0.1388
243,1276,1519,0.1388
236,1268,1504,0.1388
240,1261,1501,0.1388
237,1264,1501,0.1388
240,1271,1511,0.1388
239,1276,1515,0.1388
240,1273,1513,0.1388
240,1272,1512,0.1388
243,1279,1522,0.1388
240,1285,1525,0.1388
238,1283,1521,0.1388
235,1269,1504,0.1388
235,1274,1509,0.1388
235,1270,1505,0.1388
235,1280,1515,0.1388
227,1286,1513,0.1388
228,1283,1511,0.1388
228,1279,1507,0.1388
231,1288,1519,0.1388
229,1273,1502,0.1388
231,1279,1510,0.1388
232,1289,1521,0.1388
223,1285,1508,0.1388
227,1274,1501,0.1388
226,1275,1501,0.1388
222,1286,1508,0.1388
224,1281,1505,0.1388
227,1278,1505,0.1388
219,1285,1504,0.1388
227,1294,1521,0.1388
219,1296,1515,0.1388
222,1286,1508,0.1388
222,1288,1510,0.1388
221,1290,1511,0.1388
218,1296,1514,0.1388
221,1286,1507,0.1388
214,1291,1505,0.1388
212,1287,1499,0.1388
212,1284,1496,0.1388
211,1296,1507,0.1388
217,1296,1513,0.1388
224,1302,1526,0.1388
229,1297,1526,0.1388
233,1294,1527,0.1388
236,1293,1529,0.1388
233,1281,1514,0.1388
231,1277,1508,0.1388
231,1286,1517,0.1388
231,1288,1519,0.1388
228,1282,1510,0.1388
227,1295,1522,0.1388
224,1287,1511,0.1388
222,1296,1518,0.1388
220,1294,1514,0.1388
227,1284,1511,0.1388
229,1285,1514,0.1388
227,1293,1520,0.1388
225,1300,1525,0.1388
225,1289,1514,0.1388
224,1293,1517,0.1388
224,1292,1516,0.1388
222,1290,1512,0.1388
216,1276,1492,0.1388
214,1278,1492,0.1388
219,1279,1498,0.1388
219,1293,1512,0.1388
221,1282,1503,0.1388
223,1290,1513,0.1388
223,1284,1507,0.1388
215,1278,1493,0.1388
219,1294,1513,0.1388
216,1301,1517,0.1388
218,1297,1515,0.1388
218,1303,1521,0.1388
214,1306,1520,0.1388
211,1312,1523,0.1388
211,1317,1528,0.1388
214,1308,1522,0.1388
218,1302,1520,0.1388
212,1316,1528,0.1388
215,1320,1535,0.1388
214,1314,1528,0.1388
213,1314,1527,0.1388
217,1317,1534,0.1388
214,1308,1522,0.1388
210,1317,1527,0.1388
212,1319,1531,0.1388
207,1305,1512,0.1388
212,1298,1510,0.1388
209,1309,1518,0.1388
213,1309,1522,0.1388
212,1307,1519,0.1388
211,1318,1529,0.1388
208,1319,1527,0.1388
205,1309,1514,0.1388
206,1315,1521,0.1388
202,1309,1511,0.1388
200,1310,1510,0.1388
204,1308,1512,0.1388
209,1306,1515,0.1388
209,1308,1517,0.1388
206,1308,1514,0.1388
209,1308,1517,0.1388
213,1308,1521,0.1388
208,1311,1519,0.1388
203,1311,1514,0.1388
202,1307,1509,0.1388
206,1299,1505,0.1388
206,1308,1514,0.1388
204,1312,1516,0.1388
201,1315,1516,0.1388
204,1316,1520,0.1388
204,1310,1514,0.1388
205,1308,1513,0.1388
202,1306,1508,0.1388
202,1306,1508,0.1388
200,1309,1509,0.1388
202,1302,1504,0.1388
204,1303,1507,0.1388
206,1319,1525,0.1388
202,1316,1518,0.1388
199,1307,1506,0.1388
198,1310,1508,0.1388
194,1304,1498,0.1388
196,1310,1506,0.1388
198,1305,1503,0.1388
199,1307,1506,0.1388
199,1312,1511,0.1388
199,1304,1503,0.1388
202,1308,1510,0.1388
203,1315,1518,0.1388
201,1306,1507,0.1388
200,1304,1504,0.1388
204,1297,1501,0.1388
204,1292,1496,0.1388
200,1290,1490,0.1388
200,1311,1511,0.1388
198,1322,1520,0.1388
195,1318,1513,0.1388
196,1326,1522,0.1388
195,1327,1522,0.1388
195,1315,1510,0.1388
189,1309,1498,0.1388
190,1322,1512,0.1388
179,1335,1514,0.1388
182,1329,1511,0.1388
188,1330,1518,0.1388
179,1335,1514,0.1388
182,1343,1525,0.1388
176,1331,1507,0.1388
176,1322,1498,0.1388
176,1319,1495,0.1388
179,1330,1509,0.1388
182,1327,1509,0.1388
183,1332,1515,0.1388
184,1335,1519,0.1388
185,1338,1523,0.1388
181,1334,1515,0.1388
182,1323,1505,0.1388
185,1333,1518,0.1388
184,1344,1528,0.1388
179,1333,1512,0.1388
173,1338,1511,0.1388
171,1335,1506,0.1388
172,1339,1511,0.1388
174,1340,1514,0.1388
172,1341,1513,0.1388
171,1334,1505,0.1388
176,1327,1503,0.1388
179,1328,1507,0.1388
177,1339,1516,0.1388
176,1331,1507,0.1388
172,1320,1492,0.1388
178,1319,1497,0.1388
180,1325,1505,0.1388
181,1326,1507,0.1388
178,1330,1508,0.1388
175,1335,1510,0.1388
171,1336,1507,0.1388
174,1340,1514,0.1388
175,1338,1513,0.1388
174,1335,1509,0.1388
173,1339,1512,0.1388
171,1337,1508,0.1388
175,1343,1518,0.1388
174,1348,1522,0.1388
175,1346,1521,0.1388
171,1336,1507,0.1388
172,1351,1523,0.1388
174,1344,1518,0.1388
178,1345,1523,0.1388
176,1347,1523,0.1388
173,1342,1515,0.1388
177,1342,1519,0.1388
174,1347,1521,0.1388
170,1342,1512,0.1388
170,1340,1510,0.1388
169,1353,1522,0.1388
162,1351,1513,0.1388
163,1348,1511,0.1388
165,1342,1507,0.1388
161,1345,1506,0.1388
161,1358,1519,0.1388
163,1364,1527,0.1388
167,1361,1528,0.1388
168,1357,1525,0.1388
168,1351,1519,0.1388
164,1356,1520,0.1388
159,1355,1514,0.1388
156,1361,1517,0.1388
160,1356,1516,0.1388
158,1359,1517,0.1388
149,1364,1513,0.1388
148,1370,1518,0.1388
149,1364,1513,0.1388
148,1364,1512,0.1388
145,1378,1523,0.1388
148,1364,1512,0.1388
149,1368,1517,0.1388
149,1375,1524,0.1388
151,1365,1516,0.1388
147,1367,1514,0.1388
146,1366,1512,0.1388
151,1362,1513,0.1388
147,1380,1527,0.1388
149,1372,1521,0.1388
150,1366,1516,0.1388
151,1363,1514,0.1388
148,1362,1510,0.1388
149,1376,1525,0.1388
149,1368,1517,0.1388
150,1365,1515,0.1388
151,1368,1519,0.1388
149,1376,1525,0.1388
148,1371,1519,0.1388
146,1370,1516,0.1388
145,1365,1510,0.1388
144,1361,1505,0.1388
146,1373,1519,0.1388
148,1373,1521,0.1388
150,1365,1515,0.1388
150,1368,1518,0.1388
153,1363,1516,0.1388
155,1359,1514,0.1388
157,1350,1507,0.1388
156,1362,1518,0.1388
156,1363,1519,0.1388
153,1350,1503,0.1388
157,1359,1516,0.1388
156,1366,1522,0.1388
159,1374,1533,0.1388
158,1370,1528,0.1388
159,1365,1524,0.1388
161,1359,1520,0.1388
158,1344,1502,0.1388
156,1354,1510,0.1388
152,1372,1524,0.1388
155,1350,1505,0.1388
154,1343,1497,0.1388
151,1351,1502,0.1388
150,1350,1500,0.1388
151,1345,1496,0.1388
148,1359,1507,0.1388
146,1358,1504,0.1388
145,1361,1506,0.1388
142,1366,1508,0.1388
142,1378,1520,0.1388
141,1377,1518,0.1388
141,1370,1511,0.1388
140,1373,1513,0.1388
138,1385,1523,0.1388
140,1375,1515,0.1388
137,1377,1514,0.1388
137,1373,1510,0.1388
140,1378,1518,0.1388
137,1387,1524,0.1388
136,1377,1513,0.1388
134,1370,1504,0.1388
134,1378,1512,0.1388
134,1374,1508,0.1388
134,1381,1515,0.1388
135,1373,1508,0.1388
136,1378,1514,0.1388
128,1380,1508,0.1388
131,1362,1493,0.1388
137,1368,1505,0.1388
136,1374,1510,0.1388
135,1376,1511,0.1388
136,1381,1517,0.1388
136,1385,1521,0.1388
140,1403,1543,0.1388
141,1399,1540,0.1388
142,1397,1539,0.1388
144,1384,1528,0.1388
144,1381,1525,0.1388
143,1391,1534,0.1388
144,1375,1519,0.1388
138,1363,1501,0.1388
138,1367,1505,0.1388
140,1373,1513,0.1388
139,1372,1511,0.1388
139,1385,1524,0.1388
140,1398,1538,0.1388
141,1378,1519,0.1388
141,1374,1515,0.1388
135,1379,1514,0.1388
133,1379,1512,0.1388
137,1379,1516,0.1388
131,1384,1515,0.1388
127,1388,1515,0.1388
134,1388,1522,0.1388
133,1392,1525,0.1388
130,1383,1513,0.1388
130,1382,1512,0.1388
131,1396,1527,0.1388
129,1381,1510,0.1388
128,1386,1514,0.1388
126,1388,1514,0.1388
126,1395,1521,0.1388
127,1387,1514,0.1388
125,1382,1507,0.1388
122,1384,1506,0.1388
118,1386,1504,0.1388
120,1384,1504,0.1388
120,1393,1513,0.1388
121,1391,1512,0.1388
120,1399,1519,0.1388
119,1395,1514,0.1388
120,1397,1517,0.1388
118,1414,1532,0.1388
115,1403,1518,0.1388
115,1400,1515,0.1388
116,1399,1515,0.1388
113,1400,1513,0.1388
118,1398,1516,0.1388
120,1411,1531,0.1388
124,1397,1521,0.1388
118,1399,1517,0.1388
116,1405,1521,0.1388
117,1406,1523,0.1388
116,1406,1522,0.1388
117,1415,1532,0.1388
117,1413,1530,0.1388
117,1399,1516,0.1388
115,1402,1517,0.1388
113,1391,1504,0.1388
111,1390,1501,0.1388
113,1396,1509,0.1388
108,1406,1514,0.1388
111,1394,1505,0.1388
113,1398,1511,0.1388
115,1404,1519,0.1388
115,1408,1523,0.1388
112,1407,1519,0.1388
114,1417,1531,0.1388
112,1411,1523,0.1388
116,1415,1531,0.1388
114,1416,1530,0.1388
111,1416,1527,0.1388
107,1410,1517,0.1388
109,1408,1517,0.1388
112,1418,1530,0.1388
109,1419,1528,0.1388
105,1419,1524,0.1388
102,1408,1510,0.1388
108,1400,1508,0.1388
106,1415,1521,0.1388
108,1407,1515,0.1388
109,1411,1520,0.1388
109,1405,1514,0.1388
106,1400,1506,0.1388
106,1409,1515,0.1388
106,1416,1522,0.1388
106,1420,1526,0.1388
107,1421,1528,0.1388
105,1413,1518,0.1388
105,1415,1520,0.1388
109,1408,1517,0.1388
109,1410,1519,0.1388
109,1385,1494,0.1388
109,1384,1493,0.1388
110,1400,1510,0.1388
113,1403,1516,0.1388
113,1398,1511,0.1388
109,1398,1507,0.1388
108,1394,1502,0.1388
113,1402,1515,0.1388
114,1409,1523,0.1388
117,1405,1522,0.1388
116,1411,1527,0.1388
112,1406,1518,0.1388
116,1407,1523,0.1388
118,1401,1519,0.1388
119,1396,1515,0.1388
119,1399,1518,0.1388
123,1401,1524,0.1388
123,1396,1519,0.1388
119,1389,1508,0.1388
119,1397,1516,0.1388
120,1394,1514,0.1388
119,1391,1510,0.1388
119,1390,1509,0.1388
114,1405,1519,0.1388
116,1407,1523,0.1388
117,1412,1529,0.1388
117,1409,1526,0.1388
117,1417,1534,0.1388
117,1401,1518,0.1388
114,1396,1510,0.1388
113,1400,1513,0.1388
107,1407,1514,0.1388
110,1402,1512,0.1388
114,1408,1522,0.1388
121,1398,1519,0.1388
119,1406,1525,0.1388
117,1408,1525,0.1388
119,1404,1523,0.1388
120,1409,1529,0.1388
119,1393,1512,0.1388
117,1394,1511,0.1388
116,1398,1514,0.1388
116,1404,1520,0.1388
118,1407,1525,0.1388
118,1394,1512,0.1388
117,1387,1504,0.1388
116,1401,1517,0.1388
117,1407,1524,0.1388
116,1400,1516,0.1388
115,1396,1511,0.1388
117,1408,1525,0.1388
118,1396,1514,0.1388
117,1389,1506,0.1388
118,1400,1518,0.1388
117,1395,1512,0.1388
120,1397,1517,0.1388
116,1399,1515,0.1388
119,1395,1514,0.1388
116,1381,1497,0.1388
118,1394,1512,0.1388
120,1382,1502,0.1388
123,1379,1502,0.1388
119,1393,1512,0.1388
120,1383,1503,0.1388
118,1385,1503,0.1388
119,1393,1512,0.1388
113,1387,1500,0.1388
114,1391,1505,0.1388
117,1402,1519,0.1388
118,1401,1519,0.1388
120,1398,1518,0.1388
119,1392,1511,0.1388
116,1405,1521,0.1388
111,1395,1506,0.1388
113,1394,1507,0.1388
117,1401,1518,0.1388
118,1397,1515,0.1388
118,1389,1507,0.1388
118,1393,1511,0.1388
116,1400,1516,0.1388
114,1394,1508,0.1388
112,1387,1499,0.1388
113,1402,1515,0.1388
114,1408,1522,0.1388
111,1397,1508,0.1388
108,1403,1511,0.1388
107,1415,1522,0.1388
107,1417,1524,0.1388
107,1421,1528,0.1388
108,1412,1520,0.1388
105,1403,1508,0.1388
105,1406,1511,0.1388
103,1399,1502,0.1388
103,1411,1514,0.1388
96,1430,1526,0.1388
96,1425,1521,0.1388
94,1423,1517,0.1388
96,1407,1503,0.1388
97,1420,1517,0.1388
99,1421,1520,0.1388
100,1425,1525,0.1388
100,1424,1524,0.1388
101,1428,1529,0.1388
101,1425,1526,0.1388
104,1423,1527,0.1388
105,1417,1522,0.1388
102,1419,1521,0.1388
101,1426,1527,0.1388
99,1421,1520,0.1388
101,1417,1518,0.1388
104,1423,1527,0.1388
104,1422,1526,0.1388
105,1421,1526,0.1388
104,1409,1513,0.1388
103,1409,1512,0.1388
104,1411,1515,0.1388
103,1423,1526,0.1388
107,1411,1518,0.1388
107,1420,1527,0.1388
108,1416,1524,0.1388
104,1419,1523,0.1388
104,1410,1514,0.1388
103,1416,1519,0.1388
101,1427,1528,0.1388
98,1414,1512,0.1388
98,1412,1510,0.1388
97,1412,1509,0.1388
97,1410,1507,0.1388
94,1418,1512,0.1388
95,1430,1525,0.1388
94,1432,1526,0.1388
89,1433,1522,0.1388
89,1437,1526,0.1388
89,1431,1520,0.1388
89,1424,1513,0.1388
90,1426,1516,0.1388
87,1436,1523,0.1388
88,1430,1518,0.1388
88,1430,1518,0.1388
88,1432,1520,0.1388
89,1429,1518,0.1388
88,1424,1512,0.1388
85,1423,1508,0.1388
84,1425,1509,0.1388
84,1423,1507,0.1388
83,1408,1491,0.1388
84,1437,1521,0.1388
83,1446,1529,0.1388
84,1455,1539,0.1388
84,1445,1529,0.1388
83,1437,1520,0.1388
83,1437,1520,0.1388
85,1426,1511,0.1388
83,1432,1515,0.1388
79,1437,1516,0.1388
78,1430,1508,0.1388
80,1432,1512,0.1388
78,1437,1515,0.1388
77,1437,1514,0.1388
77,1428,1505,0.1388
76,1421,1497,0.1388
76,1430,1506,0.1388
77,1421,1498,0.1388
77,1415,1492,0.1388
77,1430,1507,0.1388
80,1442,1522,0.1388
78,1434,1512,0.1388
77,1425,1502,0.1388
77,1431,1508,0.1388
76,1431,1507,0.1388
73,1434,1507,0.1388
75,1432,1507,0.1388
76,1450,1526,0.1388
75,1447,1522,0.1388
74,1439,1513,0.1388
73,1454,1527,0.1388
72,1444,1516,0.1388
70,1454,1524,0.1388
72,1451,1523,0.1388
72,1450,1522,0.1388
71,1456,1527,0.1388
70,1447,1517,0.1388
68,1444,1512,0.1388
69,1446,1515,0.1388
67,1447,1514,0.1388
69,1449,1518,0.1388
71,1455,1526,0.1388
69,1447,1516,0.1388
69,1445,1514,0.1388
64,1448,1512,0.1388
65,1449,1514,0.1388
60,1436,1496,0.1388
61,1434,1495,0.1388
62,1442,1504,0.1388
63,1447,1510,0.1388
66,1450,1516,0.1388
62,1450,1512,0.1388
61,1448,1509,0.1388
65,1439,1504,0.1388
66,1447,1513,0.1388
68,1461,1529,0.1388
69,1452,1521,0.1388
69,1464,1533,0.1388
71,1452,1523,0.1388
69,1455,1524,0.1388
70,1451,1521,0.1388
69,1446,1515,0.1388
68,1443,1511,0.1388
67,1447,1514,0.1388
68,1449,1517,0.1388
70,1446,1516,0.1388
69,1453,1522,0.1388
69,1462,1531,0.1388
69,1460,1529,0.1388
66,1466,1532,0.1388
64,1455,1519,0.1388
65,1439,1504,0.1388
65,1441,1506,0.1388
65,1443,1508,0.1388
66,1453,1519,0.1388
68,1447,1515,0.1388
69,1448,1517,0.1388
67,1443,1510,0.1388
68,1443,1511,0.1388
69,1449,1518,0.1388
72,1438,1510,0.1388
73,1420,1493,0.1388
74,1424,1498,0.1388
72,1436,1508,0.1388
73,1444,1517,0.1388
72,1446,1518,0.1388
74,1444,1518,0.1388
76,1441,1517,0.1388
74,1442,1516,0.1388
76,1442,1518,0.1388
76,1436,1512,0.1388
78,1452,1530,0.1388
78,1446,1524,0.1388
75,1439,1514,0.1388
76,1448,1524,0.1388
77,1448,1525,0.1388
78,1448,1526,0.1388
79,1447,1526,0.1388
76,1437,1513,0.1388
75,1431,1506,0.1388
76,1424,1500,0.1388
73,1424,1497,0.1388
74,1446,1520,0.1388
71,1445,1516,0.1388
73,1461,1534,0.1388
74,1449,1523,0.1388
72,1441,1513,0.1388
74,1434,1508,0.1388
74,1419,1493,0.1388
74,1434,1508,0.1388
71,1447,1518,0.1388
70,1445,1515,0.1388
70,1447,1517,0.1388
72,1443,1515,0.1388
72,1451,1523,0.1388
71,1453,1524,0.1388
70,1450,1520,0.1388
69,1446,1515,0.1388
72,1453,1525,0.1388
71,1454,1525,0.1388
71,1441,1512,0.1388
71,1441,1512,0.1388
68,1440,1508,0.1388
67,1434,1501,0.1388
70,1444,1514,0.1388
71,1449,1520,0.1388
66,1448,1514,0.1388
64,1449,1513,0.1388
62,1449,1511,0.1388
64,1458,1522,0.1388
63,1452,1515,0.1388
66,1445,1511,0.1388
65,1450,1515,0.1388
63,1453,1516,0.1388
63,1446,1509,0.1388
64,1445,1509,0.1388
60,1449,1509,0.1388
58,1448,1506,0.1388
60,1447,1507,0.1388
61,1436,1497,0.1388
59,1443,1502,0.1388
59,1446,1505,0.1388
59,1446,1505,0.1388
61,1448,1509,0.1388
60,1456,1516,0.1388
63,1462,1525,0.1388
63,1460,1523,0.1388
63,1456,1519,0.1388
61,1460,1521,0.1388
62,1460,1522,0.1388
60,1454,1514,0.1388
61,1455,1516,0.1388
59,1448,1507,0.1388
60,1443,1503,0.1388
59,1440,1499,0.1388
59,1438,1497,0.1388
58,1443,1501,0.1388
57,1438,1495,0.1388
58,1451,1509,0.1388
58,1443,1501,0.1388
56,1447,1503,0.1388
55,1451,1506,0.1388
56,1452,1508,0.1388
57,1449,1506,0.1388
60,1453,1513,0.1388
59,1452,1511,0.1388
57,1455,1512,0.1388
56,1448,1504,0.1388
55,1451,1506,0.1388
57,1455,1512,0.1388
57,1460,1517,0.1388
56,1464,1520,0.1388
56,1458,1514,0.1388
56,1455,1511,0.1388
54,1466,1520,0.1388
54,1474,1528,0.1388
51,1478,1529,0.1388
49,1460,1509,0.1388
50,1469,1519,0.1388
47,1465,1512,0.1388
46,1474,1520,0.1388
45,1476,1521,0.1388
47,1479,1526,0.1388
48,1478,1526,0.1388
46,1493,1539,0.1388
46,1475,1521,0.1388
44,1487,1531,0.1388
43,1487,1530,0.1388
41,1484,1525,0.1388
42,1478,1520,0.1388
42,1472,1514,0.1388
38,1466,1504,0.1388
37,1467,1504,0.1388
36,1469,1505,0.1388
38,1464,1502,0.1388
37,1463,1500,0.1388
37,1471,1508,0.1388
37,1478,1515,0.1388
39,1463,1502,0.1388
39,1465,1504,0.1388
41,1462,1503,0.1388
41,1474,1515,0.1388
43,1484,1527,0.1388
43,1481,1524,0.1388
43,1488,1531,0.1388
42,1492,1534,0.1388
39,1494,1533,0.1388
38,1479,1517,0.1388
37,1486,1523,0.1388
38,1467,1505,0.1388
36,1486,1522,0.1388
33,1492,1525,0.1388
30,1480,1510,0.1388
29,1496,1525,0.1388
28,1488,1516,0.1388
28,1501,1529,0.1388
28,1496,1524,0.1388
27,1505,1532,0.1388
27,1493,1520,0.1388
27,1500,1527,0.1388
27,1472,1499,0.1388
29,1483,1512,0.1388
31,1488,1519,0.1388
31,1480,1511,0.1388
32,1468,1500,0.1388
31,1479,1510,0.1388
30,1485,1515,0.1388
30,1478,1508,0.1388
30,1491,1521,0.1388
32,1493,1525,0.1388
32,1497,1529,0.1388
31,1495,1526,0.1388
32,1498,1530,0.1388
32,1495,1527,0.1388
32,1492,1524,0.1388
32,1491,1523,0.1388
31,1484,1515,0.1388
31,1492,1523,0.1388
30,1489,1519,0.1388
31,1496,1527,0.1388
32,1475,1507,0.1388
32,1485,1517,0.1388
33,1480,1513,0.1388
33,1472,1505,0.1388
34,1472,1506,0.1388
36,1481,1517,0.1388
36,1486,1522,0.1388
36,1470,1506,0.1388
37,1476,1513,0.1388
35,1481,1516,0.1388
35,1468,1503,0.1388
34,1483,1517,0.1388
32,1485,1517,0.1388
36,1480,1516,0.1388
35,1480,1515,0.1388
33,1479,1512,0.1388
32,1491,1523,0.1388
33,1477,1510,0.1388
33,1475,1508,0.1388
32,1488,1520,0.1388
32,1483,1515,0.1388
31,1495,1526,0.1388
32,1486,1518,0.1388
30,1492,1522,0.1388
30,1486,1516,0.1388
30,1492,1522,0.1388
30,1492,1522,0.1388
27,1502,1529,0.1388
26,1500,1526,0.1388
26,1493,1519,0.1388
27,1494,1521,0.1388
28,1496,1524,0.1388
26,1493,1519,0.1388
24,1496,1520,0.1388
25,1504,1529,0.1388
24,1489,1513,0.1388
25,1476,1501,0.1388
26,1487,1513,0.1388
27,1476,1503,0.1388
27,1482,1509,0.1388
24,1471,1495,0.1388
23,1494,1517,0.1388
24,1496,1520,0.1388
23,1488,1511,0.1388
22,1482,1504,0.1388
20,1487,1507,0.1388
20,1486,1506,0.1388
20,1490,1510,0.1388
21,1481,1502,0.1388
20,1496,1516,0.1388
20,1490,1510,0.1388
22,1491,1513,0.1388
22,1504,1526,0.1388
22,1504,1526,0.1388
22,1508,1530,0.1388
21,1498,1519,0.1388
22,1497,1519,0.1388
22,1487,1509,0.1388
22,1496,1518,0.1388
21,1504,1525,0.1388
20,1502,1522,0.1388
21,1505,1526,0.1388
21,1503,1524,0.1388
21,1498,1519,0.1388
20,1495,1515,0.1388
17,1505,1522,0.1388
16,1502,1518,0.1388
16,1489,1505,0.1388
17,1499,1516,0.1388
17,1505,1522,0.1388
17,1501,1518,0.1388
16,1503,1519,0.1388
17,1500,1517,0.1388
17,1499,1516,0.1388
17,1509,1526,0.1388
16,1503,1519,0.1388
18,1516,1534,0.1388
19,1497,1516,0.1388
20,1509,1529,0.1388
20,1504,1524,0.1388
20,1501,1521,0.1388
21,1493,1514,0.1388
21,1478,1499,0.1388
21,1494,1515,0.1388
20,1494,1514,0.1388
20,1500,1520,0.1388
20,1494,1514,0.1388
20,1482,1502,0.1388
19,1498,1517,0.1388
19,1504,1523,0.1388
20,1505,1525,0.1388
20,1509,1529,0.1388
20,1505,1525,0.1388
19,1505,1524,0.1388
19,1506,1525,0.1388
19,1509,1528,0.1388
20,1497,1517,0.1388
20,1500,1520,0.1388
20,1504,1524,0.1388
20,1504,1524,0.1388
19,1504,1523,0.1388
21,1494,1515,0.1388
20,1505,1525,0.1388
18,1514,1532,0.1388
19,1507,1526,0.1388
19,1500,1519,0.1388
21,1490,1511,0.1388
21,1500,1521,0.1388
16,1497,1513,0.1388
16,1493,1509,0.1388
16,1505,1521,0.1388
16,1510,1526,0.1388
16,1500,1516,0.1388
15,1498,1513,0.1388
14,1493,1507,0.1388
14,1501,1515,0.1388
14,1502,1516,0.1388
15,1504,1519,0.1388
16,1494,1510,0.1388
16,1485,1501,0.1388
16,1486,1502,0.1388
16,1495,1511,0.1388
15,1490,1505,0.1388
15,1497,1512,0.1388
15,1509,1524,0.1388
14,1515,1529,0.1388
14,1512,1526,0.1388
14,1510,1524,0.1388
14,1502,1516,0.1388
14,1496,1510,0.1388
13,1497,1510,0.1388
13,1502,1515,0.1388
13,1504,1517,0.1388
12,1522,1534,0.1388
11,1531,1542,0.1388
10,1516,1526,0.1388
10,1529,1539,0.1388
11,1526,1537,0.1388
11,1514,1525,0.1388
11,1517,1528,0.1388
11,1511,1522,0.1388
11,1501,1512,0.1388
11,1508,1519,0.1388
11,1516,1527,0.1388
10,1511,1521,0.1388
10,1500,1510,0.1388
11,1490,1501,0.1388
11,1501,1512,0.1388
11,1509,1520,0.1388
11,1508,1519,0.1388
11,1505,1516,0.1388
11,1508,1519,0.1388
11,1515,1526,0.1388
11,1507,1518,0.1388
12,1513,1525,0.1388
10,1503,1513,0.1388
10,1494,1504,0.1388
10,1508,1518,0.1388
10,1513,1523,0.1388
11,1506,1517,0.1388
11,1506,1517,0.1388
11,1508,1519,0.1388
11,1495,1506,0.1388
11,1498,1509,0.1388
12,1504,1516,0.1388
11,1501,1512,0.1388
11,1498,1509,0.1388
12,1494,1506,0.1388
11,1503,1514,0.1388
12,1505,1517,0.1388
12,1503,1515,0.1388
12,1488,1500,0.1388
12,1482,1494,0.1388
12,1494,1506,0.1388
10,1505,1515,0.1388
10,1505,1515,0.1388
9,1494,1503,0.1388
13,1490,1503,0.1388
14,1495,1509,0.1388
14,1499,1513,0.1388
14,1490,1504,0.1388
15,1494,1509,0.1388
14,1496,1510,0.1388
14,1508,1522,0.1388
14,1504,1518,0.1388
14,1507,1521,0.1388
14,1489,1503,0.1388
14,1503,1517,0.1388
14,1509,1523,0.1388
14,1498,1512,0.1388
13,1487,1500,0.1388
12,1480,1492,0.1388
12,1492,1504,0.1388
11,1498,1509,0.1388
10,1496,1506,0.1388
11,1492,1503,0.1388
10,1505,1515,0.1388
10,1507,1517,0.1388
9,1517,1526,0.1388
9,1523,1532,0.1388
10,1524,1534,0.1388
11,1508,1519,0.1388
11,1520,1531,0.1388
11,1522,1533,0.1388
11,1521,1532,0.1388
11,1522,1533,0.1388
10,1517,1527,0.1388
10,1520,1530,0.1388
10,1517,1527,0.1388
10,1503,1513,0.1388
10,1488,1498,0.1388
11,1500,1511,0.1388
11,1503,1514,0.1388
12,1500,1512,0.1388
12,1500,1512,0.1388
11,1493,1504,0.1388
10,1496,1506,0.1388
12,1505,1517,0.1388
12,1501,1513,0.1388
12,1492,1504,0.1388
11,1493,1504,0.1388
10,1495,1505,0.1388
10,1502,1512,0.1388
9,1501,1510,0.1388
8,1502,1510,0.1388
9,1501,1510,0.1388
9,1515,1524,0.1388
9,1503,1512,0.1388
8,1501,1509,0.1388
8,1504,1512,0.1388
9,1510,1519,0.1388
9,1502,1511,0.1388
8,1504,1512,0.1388
9,1505,1514,0.1388
9,1510,1519,0.1388
9,1511,1520,0.1388
10,1509,1519,0.1388
10,1512,1522,0.1388
10,1514,1524,0.1388
10,1513,1523,0.1388
9,1512,1521,0.1388
9,1514,1523,0.1388
9,1511,1520,0.1388
9,1511,1520,0.1388
8,1506,1514,0.1388
9,1497,1506,0.1388
8,1511,1519,0.1388
7,1518,1525,0.1388
7,1519,1526,0.1388
7,1504,1511,0.1388
7,1497,1504,0.1388
7,1505,1512,0.1388
8,1507,1515,0.1388
8,1509,1517,0.1388
10,1511,1521,0.1388
10,1514,1524,0.1388
11,1510,1521,0.1388
11,1506,1517,0.1388
11,1508,1519,0.1388
11,1510,1521,0.1388
11,1512,1523,0.1388
11,1509,1520,0.1388
11,1510,1521,0.1388
11,1524,1535,0.1388
10,1518,1528,0.1388
10,1498,1508,0.1388
10,1501,1511,0.1388
8,1504,1512,0.1388
9,1495,1504,0.1388
9,1498,1507,0.1388
9,1506,1515,0.1388
9,1512,1521,0.1388
9,1510,1519,0.1388
9,1516,1525,0.1388
8,1523,1531,0.1388
8,1521,1529,0.1388
7,1514,1521,0.1388
8,1512,1520,0.1388
8,1507,1515,0.1388
8,1512,1520,0.1388
8,1512,1520,0.1388
8,1516,1524,0.1388
6,1520,1526,0.1388
6,1511,1517,0.1388
8,1505,1513,0.1388
8,1508,1516,0.1388
9,1493,1502,0.1388
9,1495,1504,0.1388
9,1493,1502,0.1388
9,1497,1506,0.1388
9,1504,1513,0.1388
9,1506,1515,0.1388
9,1504,1513,0.1388
9,1505,1514,0.1388
9,1505,1514,0.1388
9,1510,1519,0.1388
9,1507,1516,0.1388
9,1516,1525,0.1388
9,1532,1541,0.1388
8,1521,1529,0.1388
8,1510,1518,0.1388
7,1507,1514,0.1388
7,1513,1520,0.1388
8,1502,1510,0.1388
8,1492,1500,0.1388
8,1509,1517,0.1388
8,1512,1520,0.1388
8,1511,1519,0.1388
8,1498,1506,0.1388
8,1496,1504,0.1388
8,1495,1503,0.1388
8,1501,1509,0.1388
8,1506,1514,0.1388
9,1504,1513,0.1388
9,1511,1520,0.1388
9,1520,1529,0.1388
9,1518,1527,0.1388
10,1509,1519,0.1388
10,1495,1505,0.1388
10,1513,1523,0.1388
10,1511,1521,0.1388
9,1523,1532,0.1388
9,1522,1531,0.1388
9,1503,1512,0.1388
9,1506,1515,0.1388
8,1508,1516,0.1388
8,1510,1518,0.1388
8,1523,1531,0.1388
8,1514,1522,0.1388
7,1510,1517,0.1388
7,1515,1522,0.1388
7,1514,1521,0.1388
7,1517,1524,0.1388
6,1512,1518,0.1388
7,1528,1535,0.1388
8,1520,1528,0.1388
8,1515,1523,0.1388
8,1516,1524,0.1388
8,1516,1524,0.1388
8,1512,1520,0.1388
8,1520,1528,0.1388
8,1528,1536,0.1388
8,1534,1542,0.1388
8,1523,1531,0.1388
8,1518,1526,0.1388
7,1512,1519,0.1388
6,1513,1519,0.1388
6,1530,1536,0.1388
6,1517,1523,0.1388
5,1516,1521,0.1388
5,1522,1527,0.1388
5,1514,1519,0.1388
5,1511,1516,0.1388
5,1505,1510,0.1388
4,1507,1511,0.1388
4,1518,1522,0.1388
4,1514,1518,0.1388
4,1522,1526,0.1388
4,1515,1519,0.1388
4,1512,1516,0.1388
4,1513,1517,0.1388
4,1523,1527,0.1388
4,1512,1516,0.1388
5,1501,1506,0.1388
5,1499,1504,0.1388
5,1500,1505,0.1388
5,1498,1503,0.1388
6,1507,1513,0.1388
6,1511,1517,0.1388
6,1518,1524,0.1388
6,1507,1513,0.1388
6,1507,1513,0.1388
6,1514,1520,0.1388
6,1517,1523,0.1388
6,1524,1530,0.1388
6,1509,1515,0.1388
5,1507,1512,0.1388
5,1508,1513,0.1388
5,1510,1515,0.1388
5,1528,1533,0.1388
5,1527,1532,0.1388
5,1526,1531,0.1388
5,1526,1531,0.1388
5,1507,1512,0.1388
4,1490,1494,0.1388
4,1486,1490,0.1388
4,1489,1493,0.1388
4,1513,1517,0.1388
4,1531,1535,0.1388
3,1532,1535,0.1388
4,1533,1537,0.1388
4,1526,1530,0.1388
4,1516,1520,0.1388
4,1516,1520,0.1388
2,1525,1527,0.1388
3,1524,1527,0.1388
3,1512,1515,0.1388
3,1522,1525,0.1388
2,1515,1517,0.1388
2,1514,1516,0.1388
2,1518,1520,0.1388
2,1515,1517,0.1388
2,1513,1515,0.1388
2,1509,1511,0.1388
2,1508,1510,0.1388
2,1500,1502,0.1388
2,1502,1504,0.1388
2,1527,1529,0.1388
2,1525,1527,0.1388
2,1517,1519,0.1388
2,1515,1517,0.1388
2,1506,1508,0.1388
2,1501,1503,0.1388
2,1484,1486,0.1388
2,1488,1490,0.1388
2,1504,1506,0.1388
1,1503,1504,0.1388
1,1507,1508,0.1388
1,1503,1504,0.1388
1,1506,1507,0.1388
1,1517,1518,0.1388
1,1529,1530,0.1388
1,1510,1511,0.1388
1,1510,1511,0.1388
1,1519,1520,0.1388
1,1520,1521,0.1388
1,1530,1531,0.1388
1,1530,1531,0.1388
1,1513,1514,0.1388
1,1511,1512,0.1388
1,1510,1511,0.1388
1,1503,1504,0.1388
1,1521,1522,0.1388
1,1519,1520,0.1388
0,1523,1523,0.1388
