1368,31,1399,0.1388
1389,32,1421,0.1388
1416,32,1448,0.1388
1424,33,1457,0.1388
1422,32,1454,0.1388
1436,32,1468,0.1388
1443,35,1478,0.1388
1447,37,1484,0.1388
1454,37,1491,0.1388
1469,38,1507,0.1388
1482,37,1519,0.1388
1477,35,1512,0.1388
1461,36,1497,0.1388
1464,36,1500,0.1388
1462,35,1497,0.1388
1452,36,1488,0.1388
1456,38,1494,0.1388
1457,39,1496,0.1388
1463,40,1503,0.1388
1457,41,1498,0.1388
1467,41,1508,0.1388
1465,41,1506,0.1388
1470,40,1510,0.1388
1459,38,1497,0.1388
1471,38,1509,0.1388
1455,39,1494,0.1388
1454,38,1492,0.1388
1460,40,1500,0.1388
1459,42,1501,0.1388
1441,43,1484,0.1388
1439,44,1483,0.1388
1456,44,1500,0.1388
1454,46,1500,0.1388
1439,50,1489,0.1388
1449,46,1495,0.1388
1442,45,1487,0.1388
1442,49,1491,0.1388
1435,51,1486,0.1388
1429,50,1479,0.1388
1417,52,1469,0.1388
1431,51,1482,0.1388
1426,50,1476,0.1388
1439,49,1488,0.1388
1435,52,1487,0.1388
1446,54,1500,0.1388
1455,54,1509,0.1388
1457,54,1511,0.1388
1440,55,1495,0.1388
1440,55,1495,0.1388
1428,54,1482,0.1388
1431,54,1485,0.1388
1426,57,1483,0.1388
1436,56,1492,0.1388
1441,60,1501,0.1388
1436,62,1498,0.1388
1445,62,1507,0.1388
1455,62,1517,0.1388
1447,64,1511,0.1388
1440,64,1504,0.1388
1445,64,1509,0.1388
1455,64,1519,0.1388
1444,65,1509,0.1388
1439,67,1506,0.1388
1434,68,1502,0.1388
1430,67,1497,0.1388
1445,63,1508,0.1388
1434,62,1496,0.1388
1433,62,1495,0.1388
1434,63,1497,0.1388
1441,63,1504,0.1388
1441,60,1501,0.1388
1438,63,1501,0.1388
1434,64,1498,0.1388
1442,62,1504,0.1388
1444,64,1508,0.1388
1441,62,1503,0.1388
1436,62,1498,0.1388
1433,60,1493,0.1388
1440,60,1500,0.1388
1447,60,1507,0.1388
1438,61,1499,0.1388
1446,63,1509,0.1388
1444,62,1506,0.1388
1460,62,1522,0.1388
1446,63,1509,0.1388
1449,61,1510,0.1388
1431,62,1493,0.1388
1416,60,1476,0.1388
1423,63,1486,0.1388
1423,60,1483,0.1388
1432,60,1492,0.1388
1430,59,1489,0.1388
1430,57,1487,0.1388
1420,58,1478,0.1388
1421,57,1478,0.1388
1430,57,1487,0.1388
1433,58,1491,0.1388
1431,61,1492,0.1388
1433,62,1495,0.1388
1443,61,1504,0.1388
1442,61,1503,0.1388
1444,60,1504,0.1388
1446,60,1506,0.1388
1431,62,1493,0.1388
1429,62,1491,0.1388
1431,62,1493,0.1388
1434,59,1493,0.1388
1427,58,1485,0.1388
1422,56,1478,0.1388
1431,58,1489,0.1388
1445,59,1504,0.1388
1433,56,1489,0.1388
1444,58,1502,0.1388
1441,62,1503,0.1388
1437,63,1500,0.1388
1441,64,1505,0.1388
1420,62,1482,0.1388
1430,66,1496,0.1388
1428,65,1493,0.1388
1429,65,1494,0.1388
1431,63,1494,0.1388
1428,65,1493,0.1388
1423,67,1490,0.1388
1420,67,1487,0.1388
1431,67,1498,0.1388
1439,68,1507,0.1388
1440,68,1508,0.1388
1423,69,1492,0.1388
1431,70,1501,0.1388
1443,66,1509,0.1388
1437,64,1501,0.1388
1427,61,1488,0.1388
1417,60,1477,0.1388
1429,60,1489,0.1388
1439,63,1502,0.1388
1444,64,1508,0.1388
1443,66,1509,0.1388
1442,67,1509,0.1388
1439,67,1506,0.1388
1437,64,1501,0.1388
1441,67,1508,0.1388
1453,64,1517,0.1388
1456,67,1523,0.1388
1450,65,1515,0.1388
1442,70,1512,0.1388
1422,68,1490,0.1388
1427,69,1496,0.1388
1433,71,1504,0.1388
1424,71,1495,0.1388
1421,71,1492,0.1388
1402,70,1472,0.1388
1419,71,1490,0.1388
1415,70,1485,0.1388
1420,69,1489,0.1388
1432,69,1501,0.1388
1422,69,1491,0.1388
1422,70,1492,0.1388
1426,72,1498,0.1388
1424,74,1498,0.1388
1419,74,1493,0.1388
1418,72,1490,0.1388
1416,75,1491,0.1388
1411,78,1489,0.1388
1420,81,1501,0.1388
1416,79,1495,0.1388
1413,80,1493,0.1388
1408,77,1485,0.1388
1407,78,1485,0.1388
1405,74,1479,0.1388
1404,76,1480,0.1388
1417,75,1492,0.1388
1417,77,1494,0.1388
1424,77,1501,0.1388
1410,78,1488,0.1388
1410,79,1489,0.1388
1414,78,1492,0.1388
1426,77,1503,0.1388
1419,78,1497,0.1388
1424,79,1503,0.1388
1426,81,1507,0.1388
1419,83,1502,0.1388
1402,83,1485,0.1388
1404,84,1488,0.1388
1404,83,1487,0.1388
1419,83,1502,0.1388
1412,82,1494,0.1388
1409,84,1493,0.1388
1411,88,1499,0.1388
1414,87,1501,0.1388
1428,85,1513,0.1388
1411,83,1494,0.1388
1415,84,1499,0.1388
1401,84,1485,0.1388
1390,85,1475,0.1388
1390,87,1477,0.1388
1399,86,1485,0.1388
1394,93,1487,0.1388
1393,90,1483,0.1388
1396,90,1486,0.1388
1391,92,1483,0.1388
1401,94,1495,0.1388
1392,93,1485,0.1388
1390,88,1478,0.1388
1394,91,1485,0.1388
1404,92,1496,0.1388
1391,93,1484,0.1388
1396,98,1494,0.1388
1395,95,1490,0.1388
1400,94,1494,0.1388
1393,95,1488,0.1388
1404,94,1498,0.1388
1414,96,1510,0.1388
1420,97,1517,0.1388
1406,96,1502,0.1388
1415,92,1507,0.1388
1412,95,1507,0.1388
1409,95,1504,0.1388
1404,97,1501,0.1388
1412,97,1509,0.1388
1409,98,1507,0.1388
1401,95,1496,0.1388
1393,96,1489,0.1388
1391,97,1488,0.1388
1393,97,1490,0.1388
1390,96,1486,0.1388
1403,98,1501,0.1388
1388,99,1487,0.1388
1390,99,1489,0.1388
1382,100,1482,0.1388
1387,101,1488,0.1388
1401,95,1496,0.1388
1412,94,1506,0.1388
1410,96,1506,0.1388
1405,98,1503,0.1388
1399,94,1493,0.1388
1390,94,1484,0.1388
1383,97,1480,0.1388
1389,104,1493,0.1388
1390,107,1497,0.1388
1395,110,1505,0.1388
1391,109,1500,0.1388
1388,110,1498,0.1388
1381,112,1493,0.1388
1394,110,1504,0.1388
1395,112,1507,0.1388
1397,114,1511,0.1388
1394,115,1509,0.1388
1382,111,1493,0.1388
1381,108,1489,0.1388
1377,111,1488,0.1388
1366,113,1479,0.1388
1370,113,1483,0.1388
1372,115,1487,0.1388
1380,118,1498,0.1388
1364,121,1485,0.1388
1365,119,1484,0.1388
1366,121,1487,0.1388
1368,125,1493,0.1388
1374,122,1496,0.1388
1367,124,1491,0.1388
1372,117,1489,0.1388
1371,121,1492,0.1388
1376,119,1495,0.1388
1375,116,1491,0.1388
1377,116,1493,0.1388
1381,118,1499,0.1388
1378,117,1495,0.1388
1366,116,1482,0.1388
1365,118,1483,0.1388
1368,123,1491,0.1388
1370,119,1489,0.1388
1373,120,1493,0.1388
1379,121,1500,0.1388
1388,118,1506,0.1388
1398,115,1513,0.1388
1382,116,1498,0.1388
1380,121,1501,0.1388
1386,123,1509,0.1388
1382,120,1502,0.1388
1380,121,1501,0.1388
1391,119,1510,0.1388
1390,119,1509,0.1388
1385,118,1503,0.1388
1400,122,1522,0.1388
1385,118,1503,0.1388
1368,124,1492,0.1388
1363,122,1485,0.1388
1359,125,1484,0.1388
1352,125,1477,0.1388
1370,127,1497,0.1388
1373,127,1500,0.1388
1386,128,1514,0.1388
1376,125,1501,0.1388
1356,128,1484,0.1388
1369,129,1498,0.1388
1370,126,1496,0.1388
1369,126,1495,0.1388
1379,128,1507,0.1388
1368,130,1498,0.1388
1369,130,1499,0.1388
1378,131,1509,0.1388
1369,133,1502,0.1388
1364,131,1495,0.1388
1345,135,1480,0.1388
1353,136,1489,0.1388
1347,135,1482,0.1388
1332,141,1473,0.1388
1326,146,1472,0.1388
1338,147,1485,0.1388
1355,146,1501,0.1388
1341,150,1491,0.1388
1349,151,1500,0.1388
1342,151,1493,0.1388
1349,150,1499,0.1388
1350,153,1503,0.1388
1350,149,1499,0.1388
1352,149,1501,0.1388
1348,150,1498,0.1388
1353,148,1501,0.1388
1337,152,1489,0.1388
1336,155,1491,0.1388
1321,151,1472,0.1388
1322,156,1478,0.1388
1324,163,1487,0.1388
1337,165,1502,0.1388
1336,166,1502,0.1388
1358,165,1523,0.1388
1352,163,1515,0.1388
1343,160,1503,0.1388
1329,156,1485,0.1388
1326,160,1486,0.1388
1313,156,1469,0.1388
1327,156,1483,0.1388
1342,155,1497,0.1388
1344,153,1497,0.1388
1331,155,1486,0.1388
1337,150,1487,0.1388
1346,148,1494,0.1388
1346,149,1495,0.1388
1354,146,1500,0.1388
1352,151,1503,0.1388
1334,149,1483,0.1388
1313,151,1464,0.1388
1322,150,1472,0.1388
1324,152,1476,0.1388
1329,151,1480,0.1388
1340,151,1491,0.1388
1338,150,1488,0.1388
1332,151,1483,0.1388
1338,150,1488,0.1388
1348,154,1502,0.1388
1348,157,1505,0.1388
1346,154,1500,0.1388
1352,156,1508,0.1388
1335,159,1494,0.1388
1320,156,1476,0.1388
1339,154,1493,0.1388
1340,147,1487,0.1388
1344,148,1492,0.1388
1345,154,1499,0.1388
1330,159,1489,0.1388
1328,160,1488,0.1388
1324,158,1482,0.1388
1336,160,1496,0.1388
1344,152,1496,0.1388
1349,154,1503,0.1388
1353,155,1508,0.1388
1344,160,1504,0.1388
1341,164,1505,0.1388
1358,166,1524,0.1388
1349,168,1517,0.1388
1333,167,1500,0.1388
1335,170,1505,0.1388
1341,169,1510,0.1388
1325,172,1497,0.1388
1328,173,1501,0.1388
1322,174,1496,0.1388
1329,175,1504,0.1388
1334,173,1507,0.1388
1335,170,1505,0.1388
1328,167,1495,0.1388
1334,171,1505,0.1388
1339,176,1515,0.1388
1327,176,1503,0.1388
1323,176,1499,0.1388
1321,176,1497,0.1388
1320,183,1503,0.1388
1316,180,1496,0.1388
1308,183,1491,0.1388
1331,182,1513,0.1388
1320,178,1498,0.1388
1319,178,1497,0.1388
1333,177,1510,0.1388
1331,179,1510,0.1388
1324,178,1502,0.1388
1313,183,1496,0.1388
1290,185,1475,0.1388
1309,186,1495,0.1388
1303,186,1489,0.1388
1300,186,1486,0.1388
1307,190,1497,0.1388
1310,190,1500,0.1388
1309,193,1502,0.1388
1312,191,1503,0.1388
1319,194,1513,0.1388
1311,194,1505,0.1388
1303,192,1495,0.1388
1297,189,1486,0.1388
1294,191,1485,0.1388
1294,197,1491,0.1388
1309,196,1505,0.1388
1300,193,1493,0.1388
1287,193,1480,0.1388
1292,192,1484,0.1388
1291,198,1489,0.1388
1295,199,1494,0.1388
1305,192,1497,0.1388
1313,194,1507,0.1388
1299,192,1491,0.1388
1298,191,1489,0.1388
1301,190,1491,0.1388
1313,190,1503,0.1388
1313,191,1504,0.1388
1312,190,1502,0.1388
1306,188,1494,0.1388
1309,188,1497,0.1388
1302,187,1489,0.1388
1304,188,1492,0.1388
1303,185,1488,0.1388
1299,187,1486,0.1388
1296,188,1484,0.1388
1299,190,1489,0.1388
1307,185,1492,0.1388
1299,190,1489,0.1388
1295,194,1489,0.1388
1301,191,1492,0.1388
1303,188,1491,0.1388
1295,188,1483,0.1388
1309,190,1499,0.1388
1304,190,1494,0.1388
1299,190,1489,0.1388
1299,191,1490,0.1388
1302,194,1496,0.1388
1301,195,1496,0.1388
1299,194,1493,0.1388
1300,192,1492,0.1388
1300,196,1496,0.1388
1292,192,1484,0.1388
1287,187,1474,0.1388
1295,192,1487,0.1388
1297,189,1486,0.1388
1294,188,1482,0.1388
1304,186,1490,0.1388
1290,187,1477,0.1388
1295,189,1484,0.1388
1286,190,1476,0.1388
1292,189,1481,0.1388
1315,184,1499,0.1388
1313,189,1502,0.1388
1296,187,1483,0.1388
1308,190,1498,0.1388
1302,190,1492,0.1388
1300,194,1494,0.1388
1293,197,1490,0.1388
1301,192,1493,0.1388
1287,196,1483,0.1388
1273,196,1469,0.1388
1289,199,1488,0.1388
1288,202,1490,0.1388
1289,207,1496,0.1388
1283,196,1479,0.1388
1276,197,1473,0.1388
1276,194,1470,0.1388
1275,193,1468,0.1388
1288,199,1487,0.1388
1278,205,1483,0.1388
1287,209,1496,0.1388
1283,209,1492,0.1388
1282,205,1487,0.1388
1271,201,1472,0.1388
1284,209,1493,0.1388
1273,213,1486,0.1388
1268,217,1485,0.1388
1263,211,1474,0.1388
1262,211,1473,0.1388
1268,205,1473,0.1388
1262,213,1475,0.1388
1264,207,1471,0.1388
1272,209,1481,0.1388
1277,206,1483,0.1388
1280,203,1483,0.1388
1284,203,1487,0.1388
1289,199,1488,0.1388
1286,202,1488,0.1388
1276,205,1481,0.1388
1283,205,1488,0.1388
1289,202,1491,0.1388
1274,207,1481,0.1388
1280,211,1491,0.1388
1280,208,1488,0.1388
1280,206,1486,0.1388
1275,216,1491,0.1388
1264,222,1486,0.1388
1250,228,1478,0.1388
1254,233,1487,0.1388
1259,233,1492,0.1388
1263,229,1492,0.1388
1257,228,1485,0.1388
1260,231,1491,0.1388
1259,240,1499,0.1388
1266,235,1501,0.1388
1261,234,1495,0.1388
1271,236,1507,0.1388
1274,234,1508,0.1388
1279,235,1514,0.1388
1269,237,1506,0.1388
1267,245,1512,0.1388
1265,251,1516,0.1388
1269,251,1520,0.1388
1253,249,1502,0.1388
1250,253,1503,0.1388
1251,248,1499,0.1388
1257,246,1503,0.1388
1250,246,1496,0.1388
1259,249,1508,0.1388
1247,246,1493,0.1388
1252,244,1496,0.1388
1239,242,1481,0.1388
1236,236,1472,0.1388
1246,239,1485,0.1388
1250,236,1486,0.1388
1245,241,1486,0.1388
1239,242,1481,0.1388
1236,241,1477,0.1388
1252,241,1493,0.1388
1248,248,1496,0.1388
1248,249,1497,0.1388
1262,244,1506,0.1388
1247,251,1498,0.1388
1255,248,1503,0.1388
1252,251,1503,0.1388
1262,255,1517,0.1388
1256,249,1505,0.1388
1263,250,1513,0.1388
1262,248,1510,0.1388
1253,249,1502,0.1388
1240,248,1488,0.1388
1242,246,1488,0.1388
1253,245,1498,0.1388
1250,253,1503,0.1388
1236,258,1494,0.1388
1238,258,1496,0.1388
1250,254,1504,0.1388
1246,247,1493,0.1388
1232,252,1484,0.1388
1232,261,1493,0.1388
1236,260,1496,0.1388
1235,263,1498,0.1388
1230,263,1493,0.1388
1225,263,1488,0.1388
1239,257,1496,0.1388
1232,259,1491,0.1388
1222,255,1477,0.1388
1231,252,1483,0.1388
1239,256,1495,0.1388
1245,258,1503,0.1388
1241,261,1502,0.1388
1236,264,1500,0.1388
1236,259,1495,0.1388
1235,265,1500,0.1388
1233,268,1501,0.1388
1238,267,1505,0.1388
1231,266,1497,0.1388
1243,268,1511,0.1388
1239,269,1508,0.1388
1225,279,1504,0.1388
1218,280,1498,0.1388
1212,283,1495,0.1388
1221,284,1505,0.1388
1222,282,1504,0.1388
1208,282,1490,0.1388
1196,281,1477,0.1388
1191,286,1477,0.1388
1204,288,1492,0.1388
1195,287,1482,0.1388
1195,289,1484,0.1388
1190,295,1485,0.1388
1191,296,1487,0.1388
1200,294,1494,0.1388
1189,298,1487,0.1388
1193,299,1492,0.1388
1191,292,1483,0.1388
1200,302,1502,0.1388
1197,303,1500,0.1388
1205,305,1510,0.1388
1202,302,1504,0.1388
1206,294,1500,0.1388
1205,297,1502,0.1388
1198,299,1497,0.1388
1189,300,1489,0.1388
1195,302,1497,0.1388
1192,302,1494,0.1388
1192,299,1491,0.1388
1200,301,1501,0.1388
1195,304,1499,0.1388
1205,306,1511,0.1388
1198,308,1506,0.1388
1185,308,1493,0.1388
1193,312,1505,0.1388
1185,315,1500,0.1388
1200,315,1515,0.1388
1195,316,1511,0.1388
1190,316,1506,0.1388
1187,323,1510,0.1388
1182,324,1506,0.1388
1169,321,1490,0.1388
1165,319,1484,0.1388
1171,317,1488,0.1388
1161,326,1487,0.1388
1160,327,1487,0.1388
1159,325,1484,0.1388
1165,324,1489,0.1388
1159,321,1480,0.1388
1153,328,1481,0.1388
1159,323,1482,0.1388
1172,322,1494,0.1388
1159,324,1483,0.1388
1164,327,1491,0.1388
1166,322,1488,0.1388
1168,321,1489,0.1388
1167,317,1484,0.1388
1169,315,1484,0.1388
1165,315,1480,0.1388
1164,313,1477,0.1388
1178,318,1496,0.1388
1176,317,1493,0.1388
1171,317,1488,0.1388
1174,319,1493,0.1388
1167,317,1484,0.1388
1173,314,1487,0.1388
1174,315,1489,0.1388
1184,308,1492,0.1388
1196,306,1502,0.1388
1199,313,1512,0.1388
1185,319,1504,0.1388
1165,318,1483,0.1388
1171,322,1493,0.1388
1176,324,1500,0.1388
1170,319,1489,0.1388
1187,314,1501,0.1388
1194,311,1505,0.1388
1190,318,1508,0.1388
1184,323,1507,0.1388
1169,322,1491,0.1388
1164,326,1490,0.1388
1177,329,1506,0.1388
1183,324,1507,0.1388
1185,317,1502,0.1388
1180,321,1501,0.1388
1169,324,1493,0.1388
1162,325,1487,0.1388
1180,324,1504,0.1388
1187,321,1508,0.1388
1177,317,1494,0.1388
1174,317,1491,0.1388
1184,320,1504,0.1388
1180,318,1498,0.1388
1177,318,1495,0.1388
1181,319,1500,0.1388
1170,321,1491,0.1388
1162,323,1485,0.1388
1159,328,1487,0.1388
1162,330,1492,0.1388
1160,328,1488,0.1388
1156,328,1484,0.1388
1164,339,1503,0.1388
1171,336,1507,0.1388
1174,337,1511,0.1388
1166,343,1509,0.1388
1165,341,1506,0.1388
1161,344,1505,0.1388
1155,342,1497,0.1388
1161,337,1498,0.1388
1147,340,1487,0.1388
1152,344,1496,0.1388
1147,347,1494,0.1388
1147,353,1500,0.1388
1152,351,1503,0.1388
1152,350,1502,0.1388
1144,347,1491,0.1388
1140,352,1492,0.1388
1138,353,1491,0.1388
1144,354,1498,0.1388
1135,355,1490,0.1388
1132,358,1490,0.1388
1147,365,1512,0.1388
1143,369,1512,0.1388
1151,367,1518,0.1388
1147,356,1503,0.1388
1132,355,1487,0.1388
1128,349,1477,0.1388
1133,349,1482,0.1388
1129,349,1478,0.1388
1130,360,1490,0.1388
1124,365,1489,0.1388
1134,366,1500,0.1388
1141,365,1506,0.1388
1130,371,1501,0.1388
1129,376,1505,0.1388
1141,378,1519,0.1388
1131,386,1517,0.1388
1128,390,1518,0.1388
1121,388,1509,0.1388
1108,390,1498,0.1388
1102,397,1499,0.1388
1103,397,1500,0.1388
1100,400,1500,0.1388
1097,389,1486,0.1388
1100,392,1492,0.1388
1094,398,1492,0.1388
1100,396,1496,0.1388
1085,394,1479,0.1388
1084,398,1482,0.1388
1081,409,1490,0.1388
1085,411,1496,0.1388
1095,421,1516,0.1388
1087,418,1505,0.1388
1076,415,1491,0.1388
1066,414,1480,0.1388
1074,416,1490,0.1388
1077,421,1498,0.1388
1070,422,1492,0.1388
1070,426,1496,0.1388
1067,432,1499,0.1388
1058,427,1485,0.1388
1066,432,1498,0.1388
1070,427,1497,0.1388
1077,426,1503,0.1388
1078,425,1503,0.1388
1079,431,1510,0.1388
1086,424,1510,0.1388
1089,420,1509,0.1388
1078,419,1497,0.1388
1072,426,1498,0.1388
1077,425,1502,0.1388
1072,430,1502,0.1388
1065,439,1504,0.1388
1052,436,1488,0.1388
1059,429,1488,0.1388
1056,431,1487,0.1388
1049,436,1485,0.1388
1053,446,1499,0.1388
1041,449,1490,0.1388
1047,442,1489,0.1388
1041,447,1488,0.1388
1046,457,1503,0.1388
1036,465,1501,0.1388
1049,468,1517,0.1388
1043,470,1513,0.1388
1038,461,1499,0.1388
1036,472,1508,0.1388
1029,470,1499,0.1388
1032,471,1503,0.1388
1032,474,1506,0.1388
1044,473,1517,0.1388
1034,477,1511,0.1388
1033,478,1511,0.1388
1038,474,1512,0.1388
1035,475,1510,0.1388
1044,477,1521,0.1388
1046,474,1520,0.1388
1037,479,1516,0.1388
1038,480,1518,0.1388
1027,473,1500,0.1388
1024,476,1500,0.1388
1017,477,1494,0.1388
1020,478,1498,0.1388
1031,484,1515,0.1388
1030,484,1514,0.1388
1026,482,1508,0.1388
1029,482,1511,0.1388
1024,478,1502,0.1388
1021,477,1498,0.1388
1021,483,1504,0.1388
1018,486,1504,0.1388
1016,480,1496,0.1388
1025,487,1512,0.1388
1026,486,1512,0.1388
1015,485,1500,0.1388
1006,491,1497,0.1388
1015,493,1508,0.1388
1017,491,1508,0.1388
1016,486,1502,0.1388
1025,489,1514,0.1388
1027,491,1518,0.1388
1033,496,1529,0.1388
1026,495,1521,0.1388
1023,490,1513,0.1388
1025,488,1513,0.1388
1028,485,1513,0.1388
1031,486,1517,0.1388
1016,491,1507,0.1388
1017,494,1511,0.1388
1018,491,1509,0.1388
1004,498,1502,0.1388
994,501,1495,0.1388
991,499,1490,0.1388
987,500,1487,0.1388
992,503,1495,0.1388
984,505,1489,0.1388
989,507,1496,0.1388
990,501,1491,0.1388
993,504,1497,0.1388
985,502,1487,0.1388
987,517,1504,0.1388
982,523,1505,0.1388
986,525,1511,0.1388
983,523,1506,0.1388
978,529,1507,0.1388
979,522,1501,0.1388
974,527,1501,0.1388
970,531,1501,0.1388
963,530,1493,0.1388
967,535,1502,0.1388
965,531,1496,0.1388
962,532,1494,0.1388
965,536,1501,0.1388
967,533,1500,0.1388
958,528,1486,0.1388
950,528,1478,0.1388
965,536,1501,0.1388
964,533,1497,0.1388
956,544,1500,0.1388
958,542,1500,0.1388
957,545,1502,0.1388
939,545,1484,0.1388
939,554,1493,0.1388
941,559,1500,0.1388
929,562,1491,0.1388
933,572,1505,0.1388
927,577,1504,0.1388
933,583,1516,0.1388
931,578,1509,0.1388
924,573,1497,0.1388
923,577,1500,0.1388
920,596,1516,0.1388
912,597,1509,0.1388
908,588,1496,0.1388
911,589,1500,0.1388
904,590,1494,0.1388
908,598,1506,0.1388
904,597,1501,0.1388
911,603,1514,0.1388
901,600,1501,0.1388
898,594,1492,0.1388
882,597,1479,0.1388
881,596,1477,0.1388
875,593,1468,0.1388
882,600,1482,0.1388
885,594,1479,0.1388
892,603,1495,0.1388
894,597,1491,0.1388
891,592,1483,0.1388
886,605,1491,0.1388
877,615,1492,0.1388
878,607,1485,0.1388
897,600,1497,0.1388
902,604,1506,0.1388
901,607,1508,0.1388
902,607,1509,0.1388
900,617,1517,0.1388
903,618,1521,0.1388
906,610,1516,0.1388
903,610,1513,0.1388
896,612,1508,0.1388
901,616,1517,0.1388
899,618,1517,0.1388
892,620,1512,0.1388
882,619,1501,0.1388
880,634,1514,0.1388
879,632,1511,0.1388
876,634,1510,0.1388
875,637,1512,0.1388
872,628,1500,0.1388
883,635,1518,0.1388
875,639,1514,0.1388
880,636,1516,0.1388
876,629,1505,0.1388
875,630,1505,0.1388
870,624,1494,0.1388
882,631,1513,0.1388
885,626,1511,0.1388
888,623,1511,0.1388
881,624,1505,0.1388
873,631,1504,0.1388
883,628,1511,0.1388
883,624,1507,0.1388
872,626,1498,0.1388
876,620,1496,0.1388
885,621,1506,0.1388
884,638,1522,0.1388
878,642,1520,0.1388
879,641,1520,0.1388
871,640,1511,0.1388
853,645,1498,0.1388
854,634,1488,0.1388
859,644,1503,0.1388
851,644,1495,0.1388
867,649,1516,0.1388
858,656,1514,0.1388
860,657,1517,0.1388
868,656,1524,0.1388
869,656,1525,0.1388
865,664,1529,0.1388
851,654,1505,0.1388
849,657,1506,0.1388
852,655,1507,0.1388
851,653,1504,0.1388
849,656,1505,0.1388
844,654,1498,0.1388
846,656,1502,0.1388
843,664,1507,0.1388
838,662,1500,0.1388
826,658,1484,0.1388
834,665,1499,0.1388
839,665,1504,0.1388
838,672,1510,0.1388
842,672,1514,0.1388
836,677,1513,0.1388
830,674,1504,0.1388
833,678,1511,0.1388
826,680,1506,0.1388
819,679,1498,0.1388
817,684,1501,0.1388
818,681,1499,0.1388
823,684,1507,0.1388
816,679,1495,0.1388
815,686,1501,0.1388
815,684,1499,0.1388
808,693,1501,0.1388
809,701,1510,0.1388
814,697,1511,0.1388
805,699,1504,0.1388
803,698,1501,0.1388
808,702,1510,0.1388
802,689,1491,0.1388
795,689,1484,0.1388
785,697,1482,0.1388
779,704,1483,0.1388
792,696,1488,0.1388
786,698,1484,0.1388
782,697,1479,0.1388
794,700,1494,0.1388
799,694,1493,0.1388
807,708,1515,0.1388
803,713,1516,0.1388
792,710,1502,0.1388
783,712,1495,0.1388
788,725,1513,0.1388
785,727,1512,0.1388
777,731,1508,0.1388
789,726,1515,0.1388
788,733,1521,0.1388
775,731,1506,0.1388
764,730,1494,0.1388
766,731,1497,0.1388
766,721,1487,0.1388
777,727,1504,0.1388
779,735,1514,0.1388
780,730,1510,0.1388
796,727,1523,0.1388
791,726,1517,0.1388
789,734,1523,0.1388
787,733,1520,0.1388
781,725,1506,0.1388
776,729,1505,0.1388
783,737,1520,0.1388
788,730,1518,0.1388
791,716,1507,0.1388
782,715,1497,0.1388
781,724,1505,0.1388
786,718,1504,0.1388
785,720,1505,0.1388
776,719,1495,0.1388
772,722,1494,0.1388
776,726,1502,0.1388
778,722,1500,0.1388
772,719,1491,0.1388
768,727,1495,0.1388
773,730,1503,0.1388
764,733,1497,0.1388
761,731,1492,0.1388
761,735,1496,0.1388
767,736,1503,0.1388
767,729,1496,0.1388
768,726,1494,0.1388
769,733,1502,0.1388
772,732,1504,0.1388
775,747,1522,0.1388
765,740,1505,0.1388
767,745,1512,0.1388
765,748,1513,0.1388
761,748,1509,0.1388
763,755,1518,0.1388
757,758,1515,0.1388
752,753,1505,0.1388
755,750,1505,0.1388
755,742,1497,0.1388
752,736,1488,0.1388
751,753,1504,0.1388
756,753,1509,0.1388
753,747,1500,0.1388
748,751,1499,0.1388
741,754,1495,0.1388
750,767,1517,0.1388
755,767,1522,0.1388
750,771,1521,0.1388
739,774,1513,0.1388
739,775,1514,0.1388
733,769,1502,0.1388
731,773,1504,0.1388
731,761,1492,0.1388
740,766,1506,0.1388
749,762,1511,0.1388
747,768,1515,0.1388
737,768,1505,0.1388
737,775,1512,0.1388
744,773,1517,0.1388
744,786,1530,0.1388
747,777,1524,0.1388
754,773,1527,0.1388
741,769,1510,0.1388
742,773,1515,0.1388
749,764,1513,0.1388
740,768,1508,0.1388
744,764,1508,0.1388
741,769,1510,0.1388
742,769,1511,0.1388
741,763,1504,0.1388
744,765,1509,0.1388
748,760,1508,0.1388
741,768,1509,0.1388
731,775,1506,0.1388
729,780,1509,0.1388
736,780,1516,0.1388
735,782,1517,0.1388
737,791,1528,0.1388
733,787,1520,0.1388
721,784,1505,0.1388
724,783,1507,0.1388
725,790,1515,0.1388
736,793,1529,0.1388
731,795,1526,0.1388
718,797,1515,0.1388
721,798,1519,0.1388
724,782,1506,0.1388
725,780,1505,0.1388
721,778,1499,0.1388
709,778,1487,0.1388
704,787,1491,0.1388
716,796,1512,0.1388
706,794,1500,0.1388
709,798,1507,0.1388
709,799,1508,0.1388
715,801,1516,0.1388
699,811,1510,0.1388
700,812,1512,0.1388
703,810,1513,0.1388
696,804,1500,0.1388
696,799,1495,0.1388
697,800,1497,0.1388
684,801,1485,0.1388
701,794,1495,0.1388
697,795,1492,0.1388
706,799,1505,0.1388
705,801,1506,0.1388
707,805,1512,0.1388
696,806,1502,0.1388
700,816,1516,0.1388
702,814,1516,0.1388
703,804,1507,0.1388
705,808,1513,0.1388
706,817,1523,0.1388
699,811,1510,0.1388
696,816,1512,0.1388
698,805,1503,0.1388
702,807,1509,0.1388
696,816,1512,0.1388
690,821,1511,0.1388
691,813,1504,0.1388
704,815,1519,0.1388
697,812,1509,0.1388
683,820,1503,0.1388
684,830,1514,0.1388
683,826,1509,0.1388
692,830,1522,0.1388
696,833,1529,0.1388
692,828,1520,0.1388
695,822,1517,0.1388
696,821,1517,0.1388
697,823,1520,0.1388
688,816,1504,0.1388
687,811,1498,0.1388
684,817,1501,0.1388
674,822,1496,0.1388
683,825,1508,0.1388
671,837,1508,0.1388
673,819,1492,0.1388
686,828,1514,0.1388
682,832,1514,0.1388
675,835,1510,0.1388
678,844,1522,0.1388
678,833,1511,0.1388
677,829,1506,0.1388
675,826,1501,0.1388
678,828,1506,0.1388
673,826,1499,0.1388
661,825,1486,0.1388
659,829,1488,0.1388
666,839,1505,0.1388
661,832,1493,0.1388
673,833,1506,0.1388
668,844,1512,0.1388
662,845,1507,0.1388
660,853,1513,0.1388
657,845,1502,0.1388
653,856,1509,0.1388
650,838,1488,0.1388
648,842,1490,0.1388
645,847,1492,0.1388
644,840,1484,0.1388
650,842,1492,0.1388
653,848,1501,0.1388
644,856,1500,0.1388
655,849,1504,0.1388
643,851,1494,0.1388
642,863,1505,0.1388
650,858,1508,0.1388
646,858,1504,0.1388
638,861,1499,0.1388
639,858,1497,0.1388
641,859,1500,0.1388
644,862,1506,0.1388
649,866,1515,0.1388
645,865,1510,0.1388
639,856,1495,0.1388
640,861,1501,0.1388
638,865,1503,0.1388
636,870,1506,0.1388
638,861,1499,0.1388
638,861,1499,0.1388
637,861,1498,0.1388
636,870,1506,0.1388
632,864,1496,0.1388
623,860,1483,0.1388
632,865,1497,0.1388
634,865,1499,0.1388
633,873,1506,0.1388
635,869,1504,0.1388
626,864,1490,0.1388
635,862,1497,0.1388
637,870,1507,0.1388
635,877,1512,0.1388
632,879,1511,0.1388
634,886,1520,0.1388
628,887,1515,0.1388
623,887,1510,0.1388
619,885,1504,0.1388
610,881,1491,0.1388
610,885,1495,0.1388
618,890,1508,0.1388
622,881,1503,0.1388
610,890,1500,0.1388
613,890,1503,0.1388
612,897,1509,0.1388
606,898,1504,0.1388
599,897,1496,0.1388
603,899,1502,0.1388
601,903,1504,0.1388
601,912,1513,0.1388
597,910,1507,0.1388
604,915,1519,0.1388
604,912,1516,0.1388
602,914,1516,0.1388
593,914,1507,0.1388
589,913,1502,0.1388
586,906,1492,0.1388
579,916,1495,0.1388
579,922,1501,0.1388
583,921,1504,0.1388
588,926,1514,0.1388
579,925,1504,0.1388
587,931,1518,0.1388
586,925,1511,0.1388
585,915,1500,0.1388
576,920,1496,0.1388
573,929,1502,0.1388
564,930,1494,0.1388
568,922,1490,0.1388
565,931,1496,0.1388
568,930,1498,0.1388
569,934,1503,0.1388
562,918,1480,0.1388
565,927,1492,0.1388
565,928,1493,0.1388
571,931,1502,0.1388
566,932,1498,0.1388
559,935,1494,0.1388
567,935,1502,0.1388
568,938,1506,0.1388
566,939,1505,0.1388
568,943,1511,0.1388
566,945,1511,0.1388
567,943,1510,0.1388
565,936,1501,0.1388
561,936,1497,0.1388
557,946,1503,0.1388
561,950,1511,0.1388
558,952,1510,0.1388
561,965,1526,0.1388
563,955,1518,0.1388
554,955,1509,0.1388
560,956,1516,0.1388
558,966,1524,0.1388
541,967,1508,0.1388
541,956,1497,0.1388
544,964,1508,0.1388
548,969,1517,0.1388
551,973,1524,0.1388
556,968,1524,0.1388
554,962,1516,0.1388
554,973,1527,0.1388
548,972,1520,0.1388
537,980,1517,0.1388
531,985,1516,0.1388
527,979,1506,0.1388
525,974,1499,0.1388
532,972,1504,0.1388
522,976,1498,0.1388
527,972,1499,0.1388
532,973,1505,0.1388
529,966,1495,0.1388
523,976,1499,0.1388
520,987,1507,0.1388
523,992,1515,0.1388
522,998,1520,0.1388
523,989,1512,0.1388
519,984,1503,0.1388
515,1005,1520,0.1388
514,1010,1524,0.1388
507,1011,1518,0.1388
505,1002,1507,0.1388
497,1003,1500,0.1388
505,999,1504,0.1388
507,992,1499,0.1388
507,996,1503,0.1388
512,987,1499,0.1388
516,991,1507,0.1388
509,984,1493,0.1388
517,994,1511,0.1388
518,992,1510,0.1388
519,989,1508,0.1388
516,994,1510,0.1388
522,998,1520,0.1388
523,1007,1530,0.1388
527,1001,1528,0.1388
524,988,1512,0.1388
523,985,1508,0.1388
525,992,1517,0.1388
522,991,1513,0.1388
525,993,1518,0.1388
521,1003,1524,0.1388
522,988,1510,0.1388
521,987,1508,0.1388
527,1000,1527,0.1388
522,993,1515,0.1388
519,1007,1526,0.1388
519,1000,1519,0.1388
509,1008,1517,0.1388
501,1006,1507,0.1388
507,1004,1511,0.1388
498,1011,1509,0.1388
498,1013,1511,0.1388
496,1017,1513,0.1388
490,1013,1503,0.1388
473,1029,1502,0.1388
486,1019,1505,0.1388
490,1022,1512,0.1388
486,1014,1500,0.1388
484,1022,1506,0.1388
485,1015,1500,0.1388
486,1014,1500,0.1388
487,1002,1489,0.1388
485,1003,1488,0.1388
482,1018,1500,0.1388
483,1017,1500,0.1388
477,1011,1488,0.1388
482,1021,1503,0.1388
481,1022,1503,0.1388
472,1019,1491,0.1388
477,1021,1498,0.1388
479,1023,1502,0.1388
488,1020,1508,0.1388
489,1016,1505,0.1388
494,1014,1508,0.1388
500,1028,1528,0.1388
504,1030,1534,0.1388
494,1030,1524,0.1388
489,1021,1510,0.1388
492,1019,1511,0.1388
490,1017,1507,0.1388
491,1018,1509,0.1388
501,1008,1509,0.1388
497,1012,1509,0.1388
499,1016,1515,0.1388
499,1022,1521,0.1388
497,1010,1507,0.1388
493,1015,1508,0.1388
494,1021,1515,0.1388
485,1035,1520,0.1388
478,1034,1512,0.1388
477,1030,1507,0.1388
477,1026,1503,0.1388
474,1044,1518,0.1388
468,1049,1517,0.1388
465,1042,1507,0.1388
464,1045,1509,0.1388
453,1040,1493,0.1388
461,1046,1507,0.1388
462,1048,1510,0.1388
458,1058,1516,0.1388
456,1049,1505,0.1388
454,1051,1505,0.1388
455,1050,1505,0.1388
457,1043,1500,0.1388
463,1036,1499,0.1388
465,1041,1506,0.1388
459,1050,1509,0.1388
459,1040,1499,0.1388
461,1041,1502,0.1388
461,1047,1508,0.1388
459,1044,1503,0.1388
461,1041,1502,0.1388
460,1048,1508,0.1388
454,1049,1503,0.1388
450,1045,1495,0.1388
455,1066,1521,0.1388
450,1059,1509,0.1388
451,1055,1506,0.1388
455,1060,1515,0.1388
456,1051,1507,0.1388
455,1063,1518,0.1388
460,1066,1526,0.1388
457,1076,1533,0.1388
451,1066,1517,0.1388
448,1058,1506,0.1388
441,1060,1501,0.1388
453,1065,1518,0.1388
450,1060,1510,0.1388
452,1052,1504,0.1388
449,1057,1506,0.1388
442,1075,1517,0.1388
436,1064,1500,0.1388
440,1063,1503,0.1388
434,1060,1494,0.1388
434,1077,1511,0.1388
434,1074,1508,0.1388
425,1067,1492,0.1388
419,1078,1497,0.1388
421,1079,1500,0.1388
427,1080,1507,0.1388
431,1085,1516,0.1388
438,1072,1510,0.1388
439,1067,1506,0.1388
433,1072,1505,0.1388
428,1071,1499,0.1388
429,1073,1502,0.1388
419,1085,1504,0.1388
417,1090,1507,0.1388
419,1086,1505,0.1388
419,1087,1506,0.1388
420,1084,1504,0.1388
421,1085,1506,0.1388
418,1091,1509,0.1388
417,1089,1506,0.1388
417,1091,1508,0.1388
421,1105,1526,0.1388
417,1098,1515,0.1388
422,1096,1518,0.1388
417,1096,1513,0.1388
414,1088,1502,0.1388
417,1086,1503,0.1388
417,1089,1506,0.1388
417,1092,1509,0.1388
412,1086,1498,0.1388
408,1092,1500,0.1388
410,1110,1520,0.1388
411,1114,1525,0.1388
405,1105,1510,0.1388
405,1109,1514,0.1388
404,1108,1512,0.1388
395,1102,1497,0.1388
403,1096,1499,0.1388
406,1095,1501,0.1388
400,1094,1494,0.1388
395,1100,1495,0.1388
399,1094,1493,0.1388
390,1111,1501,0.1388
389,1116,1505,0.1388
396,1114,1510,0.1388
391,1118,1509,0.1388
390,1125,1515,0.1388
394,1112,1506,0.1388
395,1112,1507,0.1388
395,1120,1515,0.1388
399,1128,1527,0.1388
396,1127,1523,0.1388
390,1135,1525,0.1388
399,1122,1521,0.1388
396,1114,1510,0.1388
392,1122,1514,0.1388
387,1123,1510,0.1388
390,1128,1518,0.1388
384,1136,1520,0.1388
379,1130,1509,0.1388
385,1133,1518,0.1388
383,1138,1521,0.1388
381,1139,1520,0.1388
373,1143,1516,0.1388
375,1136,1511,0.1388
375,1144,1519,0.1388
370,1148,1518,0.1388
366,1151,1517,0.1388
363,1145,1508,0.1388
365,1142,1507,0.1388
367,1149,1516,0.1388
365,1135,1500,0.1388
351,1141,1492,0.1388
351,1146,1497,0.1388
347,1150,1497,0.1388
348,1149,1497,0.1388
355,1161,1516,0.1388
355,1156,1511,0.1388
352,1155,1507,0.1388
353,1163,1516,0.1388
354,1168,1522,0.1388
355,1159,1514,0.1388
356,1168,1524,0.1388
356,1164,1520,0.1388
348,1169,1517,0.1388
348,1161,1509,0.1388
352,1168,1520,0.1388
352,1170,1522,0.1388
347,1176,1523,0.1388
351,1165,1516,0.1388
352,1173,1525,0.1388
351,1167,1518,0.1388
347,1157,1504,0.1388
347,1149,1496,0.1388
347,1158,1505,0.1388
348,1156,1504,0.1388
352,1157,1509,0.1388
346,1145,1491,0.1388
346,1151,1497,0.1388
347,1148,1495,0.1388
342,1153,1495,0.1388
348,1164,1512,0.1388
342,1162,1504,0.1388
343,1168,1511,0.1388
341,1173,1514,0.1388
338,1172,1510,0.1388
337,1169,1506,0.1388
333,1171,1504,0.1388
327,1169,1496,0.1388
332,1163,1495,0.1388
330,1174,1504,0.1388
328,1181,1509,0.1388
330,1184,1514,0.1388
331,1177,1508,0.1388
331,1176,1507,0.1388
337,1178,1515,0.1388
336,1173,1509,0.1388
337,1181,1518,0.1388
340,1185,1525,0.1388
345,1181,1526,0.1388
342,1175,1517,0.1388
342,1171,1513,0.1388
347,1171,1518,0.1388
349,1174,1523,0.1388
351,1167,1518,0.1388
349,1167,1516,0.1388
340,1178,1518,0.1388
341,1178,1519,0.1388
336,1168,1504,0.1388
341,1173,1514,0.1388
338,1181,1519,0.1388
330,1176,1506,0.1388
334,1185,1519,0.1388
333,1165,1498,0.1388
336,1180,1516,0.1388
338,1195,1533,0.1388
335,1186,1521,0.1388
336,1188,1524,0.1388
329,1185,1514,0.1388
333,1180,1513,0.1388
331,1183,1514,0.1388
323,1183,1506,0.1388
318,1184,1502,0.1388
320,1181,1501,0.1388
320,1175,1495,0.1388
327,1191,1518,0.1388
322,1185,1507,0.1388
320,1192,1512,0.1388
322,1191,1513,0.1388
319,1186,1505,0.1388
318,1193,1511,0.1388
322,1189,1511,0.1388
329,1181,1510,0.1388
324,1179,1503,0.1388
327,1177,1504,0.1388
331,1173,1504,0.1388
328,1176,1504,0.1388
325,1183,1508,0.1388
325,1200,1525,0.1388
317,1194,1511,0.1388
315,1196,1511,0.1388
319,1203,1522,0.1388
320,1204,1524,0.1388
313,1198,1511,0.1388
316,1197,1513,0.1388
313,1206,1519,0.1388
309,1210,1519,0.1388
315,1208,1523,0.1388
308,1201,1509,0.1388
310,1193,1503,0.1388
310,1199,1509,0.1388
306,1205,1511,0.1388
307,1214,1521,0.1388
306,1207,1513,0.1388
301,1199,1500,0.1388
301,1198,1499,0.1388
297,1200,1497,0.1388
295,1202,1497,0.1388
298,1210,1508,0.1388
300,1213,1513,0.1388
295,1207,1502,0.1388
292,1214,1506,0.1388
297,1222,1519,0.1388
296,1222,1518,0.1388
300,1213,1513,0.1388
302,1225,1527,0.1388
304,1227,1531,0.1388
299,1217,1516,0.1388
296,1214,1510,0.1388
294,1212,1506,0.1388
295,1215,1510,0.1388
291,1214,1505,0.1388
290,1209,1499,0.1388
290,1205,1495,0.1388
299,1211,1510,0.1388
298,1212,1510,0.1388
296,1213,1509,0.1388
298,1217,1515,0.1388
294,1205,1499,0.1388
294,1207,1501,0.1388
296,1209,1505,0.1388
299,1219,1518,0.1388
297,1216,1513,0.1388
298,1216,1514,0.1388
297,1222,1519,0.1388
298,1210,1508,0.1388
296,1215,1511,0.1388
293,1217,1510,0.1388
295,1217,1512,0.1388
299,1211,1510,0.1388
299,1215,1514,0.1388
299,1212,1511,0.1388
299,1217,1516,0.1388
300,1233,1533,0.1388
292,1231,1523,0.1388
284,1224,1508,0.1388
278,1224,1502,0.1388
278,1226,1504,0.1388
280,1226,1506,0.1388
279,1232,1511,0.1388
279,1230,1509,0.1388
276,1225,1501,0.1388
281,1225,1506,0.1388
278,1216,1494,0.1388
283,1226,1509,0.1388
280,1227,1507,0.1388
282,1239,1521,0.1388
271,1235,1506,0.1388
270,1248,1518,0.1388
269,1243,1512,0.1388
264,1244,1508,0.1388
270,1246,1516,0.1388
266,1247,1513,0.1388
261,1251,1512,0.1388
261,1250,1511,0.1388
259,1238,1497,0.1388
262,1249,1511,0.1388
256,1249,1505,0.1388
256,1255,1511,0.1388
259,1247,1506,0.1388
259,1254,1513,0.1388
258,1273,1531,0.1388
254,1258,1512,0.1388
254,1263,1517,0.1388
256,1256,1512,0.1388
249,1265,1514,0.1388
249,1260,1509,0.1388
251,1258,1509,0.1388
249,1261,1510,0.1388
244,1257,1501,0.1388
241,1266,1507,0.1388
239,1264,1503,0.1388
238,1267,1505,0.1388
231,1259,1490,0.1388
238,1268,1506,0.1388
236,1267,1503,0.1388
230,1272,1502,0.1388
230,1268,1498,0.1388
233,1276,1509,0.1388
231,1260,1491,0.1388
235,1264,1499,0.1388
234,1273,1507,0.1388
234,1276,1510,0.1388
236,1268,1504,0.1388
233,1281,1514,0.1388
235,1284,1519,0.1388
229,1284,1513,0.1388
230,1282,1512,0.1388
230,1278,1508,0.1388
232,1287,1519,0.1388
230,1279,1509,0.1388
232,1277,1509,0.1388
231,1268,1499,0.1388
229,1271,1500,0.1388
225,1285,1510,0.1388
229,1288,1517,0.1388
222,1293,1515,0.1388
223,1294,1517,0.1388
219,1288,1507,0.1388
218,1291,1509,0.1388
216,1298,1514,0.1388
216,1310,1526,0.1388
211,1315,1526,0.1388
211,1300,1511,0.1388
207,1309,1516,0.1388
209,1294,1503,0.1388
203,1305,1508,0.1388
206,1306,1512,0.1388
204,1311,1515,0.1388
201,1313,1514,0.1388
198,1324,1522,0.1388
203,1334,1537,0.1388
202,1333,1535,0.1388
200,1340,1540,0.1388
198,1322,1520,0.1388
196,1315,1511,0.1388
194,1317,1511,0.1388
189,1321,1510,0.1388
195,1326,1521,0.1388
197,1320,1517,0.1388
198,1316,1514,0.1388
194,1313,1507,0.1388
194,1333,1527,0.1388
190,1334,1524,0.1388
191,1333,1524,0.1388
185,1331,1516,0.1388
186,1334,1520,0.1388
182,1341,1523,0.1388
183,1335,1518,0.1388
181,1330,1511,0.1388
183,1329,1512,0.1388
179,1329,1508,0.1388
177,1337,1514,0.1388
182,1338,1520,0.1388
178,1347,1525,0.1388
174,1346,1520,0.1388
176,1338,1514,0.1388
173,1344,1517,0.1388
172,1344,1516,0.1388
169,1338,1507,0.1388
169,1336,1505,0.1388
165,1336,1501,0.1388
166,1334,1500,0.1388
164,1346,1510,0.1388
166,1351,1517,0.1388
168,1348,1516,0.1388
169,1344,1513,0.1388
169,1353,1522,0.1388
169,1350,1519,0.1388
166,1340,1506,0.1388
161,1348,1509,0.1388
162,1362,1524,0.1388
157,1354,1511,0.1388
160,1355,1515,0.1388
158,1358,1516,0.1388
160,1354,1514,0.1388
157,1353,1510,0.1388
156,1365,1521,0.1388
154,1364,1518,0.1388
153,1367,1520,0.1388
156,1364,1520,0.1388
156,1364,1520,0.1388
159,1351,1510,0.1388
156,1344,1500,0.1388
151,1362,1513,0.1388
155,1378,1533,0.1388
153,1378,1531,0.1388
152,1373,1525,0.1388
151,1370,1521,0.1388
149,1365,1514,0.1388
148,1369,1517,0.1388
151,1358,1509,0.1388
152,1366,1518,0.1388
150,1363,1513,0.1388
146,1355,1501,0.1388
147,1350,1497,0.1388
150,1357,1507,0.1388
147,1359,1506,0.1388
152,1378,1530,0.1388
151,1375,1526,0.1388
153,1371,1524,0.1388
147,1349,1496,0.1388
147,1350,1497,0.1388
147,1346,1493,0.1388
147,1356,1503,0.1388
150,1358,1508,0.1388
155,1364,1519,0.1388
152,1376,1528,0.1388
148,1367,1515,0.1388
146,1368,1514,0.1388
147,1372,1519,0.1388
146,1372,1518,0.1388
143,1365,1508,0.1388
138,1373,1511,0.1388
135,1365,1500,0.1388
136,1363,1499,0.1388
145,1363,1508,0.1388
141,1355,1496,0.1388
141,1357,1498,0.1388
143,1353,1496,0.1388
143,1345,1488,0.1388
142,1350,1492,0.1388
142,1365,1507,0.1388
138,1372,1510,0.1388
137,1373,1510,0.1388
140,1370,1510,0.1388
136,1384,1520,0.1388
135,1378,1513,0.1388
135,1387,1522,0.1388
141,1383,1524,0.1388
137,1379,1516,0.1388
138,1392,1530,0.1388
137,1385,1522,0.1388
136,1389,1525,0.1388
137,1385,1522,0.1388
128,1393,1521,0.1388
126,1396,1522,0.1388
123,1395,1518,0.1388
125,1389,1514,0.1388
124,1399,1523,0.1388
121,1389,1510,0.1388
119,1383,1502,0.1388
122,1390,1512,0.1388
119,1395,1514,0.1388
116,1401,1517,0.1388
116,1404,1520,0.1388
118,1406,1524,0.1388
118,1408,1526,0.1388
119,1405,1524,0.1388
116,1394,1510,0.1388
117,1398,1515,0.1388
118,1399,1517,0.1388
117,1403,1520,0.1388
117,1404,1521,0.1388
117,1399,1516,0.1388
119,1395,1514,0.1388
117,1408,1525,0.1388
117,1409,1526,0.1388
116,1415,1531,0.1388
115,1415,1530,0.1388
115,1413,1528,0.1388
111,1409,1520,0.1388
112,1403,1515,0.1388
108,1399,1507,0.1388
109,1400,1509,0.1388
111,1406,1517,0.1388
112,1405,1517,0.1388
113,1403,1516,0.1388
113,1414,1527,0.1388
109,1405,1514,0.1388
107,1408,1515,0.1388
107,1424,1531,0.1388
105,1412,1517,0.1388
106,1409,1515,0.1388
103,1414,1517,0.1388
102,1416,1518,0.1388
102,1425,1527,0.1388
98,1419,1517,0.1388
100,1417,1517,0.1388
99,1423,1522,0.1388
97,1423,1520,0.1388
97,1426,1523,0.1388
99,1430,1529,0.1388
92,1421,1513,0.1388
88,1417,1505,0.1388
90,1427,1517,0.1388
88,1426,1514,0.1388
86,1420,1506,0.1388
87,1427,1514,0.1388
87,1423,1510,0.1388
90,1427,1517,0.1388
92,1428,1520,0.1388
92,1436,1528,0.1388
92,1430,1522,0.1388
89,1436,1525,0.1388
87,1449,1536,0.1388
86,1437,1523,0.1388
89,1441,1530,0.1388
89,1448,1537,0.1388
87,1434,1521,0.1388
88,1423,1511,0.1388
86,1433,1519,0.1388
83,1426,1509,0.1388
83,1426,1509,0.1388
82,1433,1515,0.1388
82,1420,1502,0.1388
84,1429,1513,0.1388
80,1428,1508,0.1388
80,1434,1514,0.1388
84,1438,1522,0.1388
85,1426,1511,0.1388
83,1431,1514,0.1388
82,1433,1515,0.1388
82,1435,1517,0.1388
82,1440,1522,0.1388
83,1429,1512,0.1388
83,1428,1511,0.1388
83,1424,1507,0.1388
83,1431,1514,0.1388
80,1420,1500,0.1388
79,1423,1502,0.1388
77,1421,1498,0.1388
77,1425,1502,0.1388
76,1441,1517,0.1388
78,1446,1524,0.1388
80,1430,1510,0.1388
79,1434,1513,0.1388
78,1442,1520,0.1388
75,1424,1499,0.1388
76,1428,1504,0.1388
75,1425,1500,0.1388
70,1424,1494,0.1388
71,1445,1516,0.1388
70,1456,1526,0.1388
70,1462,1532,0.1388
69,1467,1536,0.1388
70,1465,1535,0.1388
73,1466,1539,0.1388
71,1446,1517,0.1388
72,1449,1521,0.1388
71,1447,1518,0.1388
70,1432,1502,0.1388
67,1432,1499,0.1388
68,1431,1499,0.1388
71,1436,1507,0.1388
69,1436,1505,0.1388
70,1431,1501,0.1388
69,1433,1502,0.1388
71,1442,1513,0.1388
69,1439,1508,0.1388
69,1445,1514,0.1388
70,1437,1507,0.1388
69,1438,1507,0.1388
71,1444,1515,0.1388
72,1432,1504,0.1388
72,1424,1496,0.1388
73,1447,1520,0.1388
70,1437,1507,0.1388
71,1432,1503,0.1388
71,1431,1502,0.1388
71,1435,1506,0.1388
68,1439,1507,0.1388
69,1453,1522,0.1388
71,1449,1520,0.1388
72,1428,1500,0.1388
70,1435,1505,0.1388
70,1451,1521,0.1388
70,1455,1525,0.1388
71,1460,1531,0.1388
68,1467,1535,0.1388
66,1455,1521,0.1388
66,1463,1529,0.1388
64,1458,1522,0.1388
65,1466,1531,0.1388
65,1452,1517,0.1388
65,1446,1511,0.1388
63,1449,1512,0.1388
61,1462,1523,0.1388
62,1465,1527,0.1388
64,1461,1525,0.1388
67,1454,1521,0.1388
67,1444,1511,0.1388
64,1452,1516,0.1388
67,1435,1502,0.1388
66,1443,1509,0.1388
67,1450,1517,0.1388
65,1454,1519,0.1388
66,1459,1525,0.1388
63,1458,1521,0.1388
66,1456,1522,0.1388
66,1454,1520,0.1388
65,1457,1522,0.1388
65,1468,1533,0.1388
64,1451,1515,0.1388
63,1436,1499,0.1388
60,1441,1501,0.1388
60,1439,1499,0.1388
61,1444,1505,0.1388
62,1443,1505,0.1388
62,1439,1501,0.1388
64,1451,1515,0.1388
63,1452,1515,0.1388
65,1454,1519,0.1388
66,1452,1518,0.1388
67,1448,1515,0.1388
66,1441,1507,0.1388
73,1440,1513,0.1388
75,1431,1506,0.1388
73,1433,1506,0.1388
72,1445,1517,0.1388
74,1442,1516,0.1388
73,1450,1523,0.1388
72,1451,1523,0.1388
72,1447,1519,0.1388
70,1443,1513,0.1388
66,1447,1513,0.1388
66,1458,1524,0.1388
66,1469,1535,0.1388
62,1459,1521,0.1388
63,1470,1533,0.1388
66,1465,1531,0.1388
65,1453,1518,0.1388
64,1457,1521,0.1388
64,1458,1522,0.1388
66,1452,1518,0.1388
66,1443,1509,0.1388
69,1441,1510,0.1388
71,1449,1520,0.1388
72,1448,1520,0.1388
70,1457,1527,0.1388
70,1449,1519,0.1388
68,1455,1523,0.1388
69,1452,1521,0.1388
70,1451,1521,0.1388
67,1435,1502,0.1388
66,1442,1508,0.1388
65,1439,1504,0.1388
66,1437,1503,0.1388
66,1450,1516,0.1388
64,1459,1523,0.1388
65,1456,1521,0.1388
64,1463,1527,0.1388
63,1461,1524,0.1388
65,1463,1528,0.1388
64,1456,1520,0.1388
61,1454,1515,0.1388
61,1438,1499,0.1388
64,1441,1505,0.1388
66,1442,1508,0.1388
67,1457,1524,0.1388
64,1453,1517,0.1388
68,1462,1530,0.1388
68,1465,1533,0.1388
67,1457,1524,0.1388
67,1465,1532,0.1388
67,1448,1515,0.1388
67,1443,1510,0.1388
67,1446,1513,0.1388
66,1452,1518,0.1388
67,1455,1522,0.1388
65,1456,1521,0.1388
66,1449,1515,0.1388
63,1448,1511,0.1388
65,1440,1505,0.1388
65,1440,1505,0.1388
66,1441,1507,0.1388
67,1448,1515,0.1388
65,1456,1521,0.1388
66,1460,1526,0.1388
65,1464,1529,0.1388
66,1462,1528,0.1388
66,1460,1526,0.1388
66,1460,1526,0.1388
67,1459,1526,0.1388
68,1453,1521,0.1388
68,1446,1514,0.1388
68,1445,1513,0.1388
68,1445,1513,0.1388
68,1447,1515,0.1388
68,1433,1501,0.1388
66,1437,1503,0.1388
64,1448,1512,0.1388
62,1436,1498,0.1388
64,1443,1507,0.1388
67,1446,1513,0.1388
66,1456,1522,0.1388
65,1447,1512,0.1388
62,1442,1504,0.1388
60,1447,1507,0.1388
56,1463,1519,0.1388
54,1453,1507,0.1388
53,1463,1516,0.1388
52,1459,1511,0.1388
50,1469,1519,0.1388
51,1466,1517,0.1388
55,1443,1498,0.1388
57,1458,1515,0.1388
60,1440,1500,0.1388
60,1450,1510,0.1388
60,1460,1520,0.1388
58,1458,1516,0.1388
60,1458,1518,0.1388
57,1463,1520,0.1388
55,1471,1526,0.1388
54,1464,1518,0.1388
53,1459,1512,0.1388
52,1448,1500,0.1388
52,1444,1496,0.1388
51,1449,1500,0.1388
52,1464,1516,0.1388
47,1463,1510,0.1388
48,1458,1506,0.1388
48,1467,1515,0.1388
51,1463,1514,0.1388
51,1450,1501,0.1388
51,1472,1523,0.1388
51,1466,1517,0.1388
51,1467,1518,0.1388
50,1464,1514,0.1388
55,1457,1512,0.1388
54,1463,1517,0.1388
52,1470,1522,0.1388
51,1472,1523,0.1388
50,1470,1520,0.1388
51,1457,1508,0.1388
47,1452,1499,0.1388
48,1469,1517,0.1388
48,1477,1525,0.1388
50,1462,1512,0.1388
48,1459,1507,0.1388
48,1462,1510,0.1388
46,1474,1520,0.1388
45,1472,1517,0.1388
45,1466,1511,0.1388
45,1466,1511,0.1388
42,1464,1506,0.1388
44,1467,1511,0.1388
48,1458,1506,0.1388
47,1473,1520,0.1388
49,1475,1524,0.1388
49,1480,1529,0.1388
52,1474,1526,0.1388
51,1481,1532,0.1388
50,1475,1525,0.1388
48,1478,1526,0.1388
46,1473,1519,0.1388
47,1476,1523,0.1388
48,1473,1521,0.1388
50,1480,1530,0.1388
51,1471,1522,0.1388
50,1466,1516,0.1388
49,1462,1511,0.1388
48,1449,1497,0.1388
49,1450,1499,0.1388
51,1450,1501,0.1388
52,1456,1508,0.1388
51,1462,1513,0.1388
50,1474,1524,0.1388
52,1473,1525,0.1388
50,1476,1526,0.1388
54,1475,1529,0.1388
52,1470,1522,0.1388
52,1463,1515,0.1388
54,1464,1518,0.1388
56,1463,1519,0.1388
53,1469,1522,0.1388
52,1487,1539,0.1388
47,1480,1527,0.1388
47,1479,1526,0.1388
44,1475,1519,0.1388
43,1480,1523,0.1388
44,1477,1521,0.1388
43,1471,1514,0.1388
42,1453,1495,0.1388
42,1466,1508,0.1388
40,1462,1502,0.1388
40,1466,1506,0.1388
41,1470,1511,0.1388
40,1474,1514,0.1388
38,1471,1509,0.1388
40,1481,1521,0.1388
42,1480,1522,0.1388
44,1475,1519,0.1388
44,1469,1513,0.1388
42,1477,1519,0.1388
42,1468,1510,0.1388
41,1471,1512,0.1388
42,1461,1503,0.1388
41,1463,1504,0.1388
43,1453,1496,0.1388
43,1459,1502,0.1388
44,1452,1496,0.1388
43,1460,1503,0.1388
44,1465,1509,0.1388
44,1468,1512,0.1388
44,1458,1502,0.1388
44,1453,1497,0.1388
43,1464,1507,0.1388
43,1461,1504,0.1388
42,1469,1511,0.1388
42,1476,1518,0.1388
40,1483,1523,0.1388
41,1491,1532,0.1388
40,1480,1520,0.1388
40,1480,1520,0.1388
39,1485,1524,0.1388
39,1476,1515,0.1388
38,1477,1515,0.1388
38,1473,1511,0.1388
38,1477,1515,0.1388
37,1492,1529,0.1388
39,1482,1521,0.1388
39,1487,1526,0.1388
37,1481,1518,0.1388
37,1480,1517,0.1388
37,1471,1508,0.1388
36,1484,1520,0.1388
36,1478,1514,0.1388
37,1486,1523,0.1388
38,1491,1529,0.1388
39,1476,1515,0.1388
39,1486,1525,0.1388
37,1488,1525,0.1388
36,1490,1526,0.1388
36,1470,1506,0.1388
36,1467,1503,0.1388
35,1485,1520,0.1388
34,1478,1512,0.1388
34,1476,1510,0.1388
36,1472,1508,0.1388
35,1478,1513,0.1388
33,1487,1520,0.1388
34,1489,1523,0.1388
34,1474,1508,0.1388
34,1478,1512,0.1388
34,1485,1519,0.1388
35,1489,1524,0.1388
35,1494,1529,0.1388
34,1482,1516,0.1388
32,1482,1514,0.1388
29,1469,1498,0.1388
31,1476,1507,0.1388
32,1496,1528,0.1388
30,1489,1519,0.1388
29,1487,1516,0.1388
28,1490,1518,0.1388
28,1491,1519,0.1388
27,1497,1524,0.1388
25,1497,1522,0.1388
25,1504,1529,0.1388
25,1503,1528,0.1388
24,1487,1511,0.1388
23,1492,1515,0.1388
24,1485,1509,0.1388
23,1475,1498,0.1388
22,1490,1512,0.1388
23,1497,1520,0.1388
23,1495,1518,0.1388
23,1496,1519,0.1388
22,1496,1518,0.1388
22,1494,1516,0.1388
21,1484,1505,0.1388
21,1488,1509,0.1388
22,1490,1512,0.1388
21,1488,1509,0.1388
21,1481,1502,0.1388
21,1478,1499,0.1388
22,1473,1495,0.1388
22,1489,1511,0.1388
22,1500,1522,0.1388
23,1502,1525,0.1388
24,1499,1523,0.1388
23,1495,1518,0.1388
24,1494,1518,0.1388
22,1496,1518,0.1388
22,1502,1524,0.1388
23,1496,1519,0.1388
23,1504,1527,0.1388
22,1494,1516,0.1388
20,1482,1502,0.1388
20,1468,1488,0.1388
19,1487,1506,0.1388
19,1478,1497,0.1388
19,1471,1490,0.1388
19,1475,1494,0.1388
19,1502,1521,0.1388
19,1507,1526,0.1388
18,1502,1520,0.1388
17,1507,1524,0.1388
17,1500,1517,0.1388
18,1492,1510,0.1388
19,1489,1508,0.1388
19,1487,1506,0.1388
18,1504,1522,0.1388
18,1502,1520,0.1388
18,1499,1517,0.1388
18,1502,1520,0.1388
18,1512,1530,0.1388
18,1507,1525,0.1388
19,1510,1529,0.1388
18,1500,1518,0.1388
17,1492,1509,0.1388
18,1493,1511,0.1388
17,1501,1518,0.1388
17,1490,1507,0.1388
17,1502,1519,0.1388
17,1498,1515,0.1388
17,1501,1518,0.1388
17,1499,1516,0.1388
16,1476,1492,0.1388
17,1501,1518,0.1388
17,1497,1514,0.1388
17,1489,1506,0.1388
16,1498,1514,0.1388
15,1497,1512,0.1388
15,1482,1497,0.1388
16,1487,1503,0.1388
15,1495,1510,0.1388
15,1499,1514,0.1388
15,1503,1518,0.1388
16,1511,1527,0.1388
14,1515,1529,0.1388
14,1512,1526,0.1388
14,1497,1511,0.1388
14,1488,1502,0.1388
13,1495,1508,0.1388
13,1510,1523,0.1388
14,1504,1518,0.1388
13,1493,1506,0.1388
13,1490,1503,0.1388
13,1498,1511,0.1388
13,1505,1518,0.1388
14,1493,1507,0.1388
13,1512,1525,0.1388
15,1507,1522,0.1388
15,1509,1524,0.1388
15,1512,1527,0.1388
16,1505,1521,0.1388
16,1493,1509,0.1388
16,1495,1511,0.1388
16,1505,1521,0.1388
15,1515,1530,0.1388
14,1503,1517,0.1388
15,1510,1525,0.1388
16,1504,1520,0.1388
15,1508,1523,0.1388
15,1512,1527,0.1388
13,1506,1519,0.1388
13,1513,1526,0.1388
13,1492,1505,0.1388
13,1494,1507,0.1388
14,1489,1503,0.1388
13,1492,1505,0.1388
14,1492,1506,0.1388
13,1496,1509,0.1388
13,1505,1518,0.1388
14,1493,1507,0.1388
12,1505,1517,0.1388
12,1507,1519,0.1388
12,1510,1522,0.1388
12,1515,1527,0.1388
12,1498,1510,0.1388
12,1500,1512,0.1388
12,1498,1510,0.1388
13,1501,1514,0.1388
13,1502,1515,0.1388
14,1506,1520,0.1388
15,1498,1513,0.1388
14,1497,1511,0.1388
14,1504,1518,0.1388
12,1498,1510,0.1388
10,1502,1512,0.1388
10,1509,1519,0.1388
11,1515,1526,0.1388
11,1504,1515,0.1388
12,1495,1507,0.1388
12,1493,1505,0.1388
13,1500,1513,0.1388
13,1498,1511,0.1388
13,1513,1526,0.1388
12,1510,1522,0.1388
11,1524,1535,0.1388
12,1513,1525,0.1388
10,1518,1528,0.1388
11,1504,1515,0.1388
10,1501,1511,0.1388
10,1513,1523,0.1388
10,1502,1512,0.1388
10,1497,1507,0.1388
10,1508,1518,0.1388
10,1513,1523,0.1388
10,1523,1533,0.1388
10,1521,1531,0.1388
9,1511,1520,0.1388
9,1523,1532,0.1388
9,1518,1527,0.1388
9,1497,1506,0.1388
9,1491,1500,0.1388
10,1495,1505,0.1388
9,1510,1519,0.1388
9,1517,1526,0.1388
9,1526,1535,0.1388
8,1517,1525,0.1388
10,1522,1532,0.1388
11,1511,1522,0.1388
11,1522,1533,0.1388
11,1511,1522,0.1388
10,1511,1521,0.1388
10,1517,1527,0.1388
10,1516,1526,0.1388
10,1512,1522,0.1388
11,1510,1521,0.1388
11,1496,1507,0.1388
12,1500,1512,0.1388
12,1490,1502,0.1388
11,1492,1503,0.1388
11,1499,1510,0.1388
11,1505,1516,0.1388
9,1506,1515,0.1388
9,1502,1511,0.1388
8,1505,1513,0.1388
10,1491,1501,0.1388
10,1478,1488,0.1388
10,1494,1504,0.1388
10,1491,1501,0.1388
10,1505,1515,0.1388
10,1515,1525,0.1388
10,1511,1521,0.1388
10,1513,1523,0.1388
10,1516,1526,0.1388
9,1513,1522,0.1388
9,1502,1511,0.1388
8,1500,1508,0.1388
8,1506,1514,0.1388
8,1508,1516,0.1388
8,1506,1514,0.1388
8,1503,1511,0.1388
8,1517,1525,0.1388
8,1510,1518,0.1388
8,1504,1512,0.1388
8,1516,1524,0.1388
9,1509,1518,0.1388
9,1525,1534,0.1388
9,1506,1515,0.1388
9,1512,1521,0.1388
9,1509,1518,0.1388
9,1508,1517,0.1388
9,1513,1522,0.1388
9,1509,1518,0.1388
9,1512,1521,0.1388
10,1503,1513,0.1388
10,1512,1522,0.1388
10,1523,1533,0.1388
8,1525,1533,0.1388
8,1504,1512,0.1388
10,1504,1514,0.1388
11,1509,1520,0.1388
11,1510,1521,0.1388
13,1504,1517,0.1388
14,1511,1525,0.1388
14,1505,1519,0.1388
14,1498,1512,0.1388
14,1508,1522,0.1388
13,1497,1510,0.1388
14,1504,1518,0.1388
14,1513,1527,0.1388
14,1518,1532,0.1388
13,1516,1529,0.1388
14,1500,1514,0.1388
14,1492,1506,0.1388
12,1491,1503,0.1388
13,1508,1521,0.1388
15,1488,1503,0.1388
14,1493,1507,0.1388
15,1507,1522,0.1388
16,1505,1521,0.1388
16,1507,1523,0.1388
16,1497,1513,0.1388
15,1484,1499,0.1388
15,1486,1501,0.1388
15,1501,1516,0.1388
14,1502,1516,0.1388
14,1489,1503,0.1388
14,1492,1506,0.1388
14,1486,1500,0.1388
12,1493,1505,0.1388
12,1503,1515,0.1388
12,1504,1516,0.1388
13,1509,1522,0.1388
13,1513,1526,0.1388
13,1505,1518,0.1388
14,1490,1504,0.1388
14,1505,1519,0.1388
14,1510,1524,0.1388
14,1503,1517,0.1388
14,1500,1514,0.1388
13,1507,1520,0.1388
13,1517,1530,0.1388
13,1502,1515,0.1388
14,1493,1507,0.1388
14,1499,1513,0.1388
14,1496,1510,0.1388
15,1502,1517,0.1388
14,1503,1517,0.1388
14,1485,1499,0.1388
15,1508,1523,0.1388
14,1514,1528,0.1388
15,1506,1521,0.1388
16,1498,1514,0.1388
17,1498,1515,0.1388
15,1492,1507,0.1388
15,1493,1508,0.1388
15,1491,1506,0.1388
15,1497,1512,0.1388
16,1504,1520,0.1388
14,1494,1508,0.1388
13,1497,1510,0.1388
13,1499,1512,0.1388
11,1507,1518,0.1388
11,1514,1525,0.1388
11,1520,1531,0.1388
11,1522,1533,0.1388
12,1501,1513,0.1388
13,1507,1520,0.1388
12,1507,1519,0.1388
13,1500,1513,0.1388
13,1495,1508,0.1388
13,1506,1519,0.1388
13,1494,1507,0.1388
12,1499,1511,0.1388
12,1502,1514,0.1388
11,1505,1516,0.1388
12,1502,1514,0.1388
12,1510,1522,0.1388
13,1507,1520,0.1388
13,1493,1506,0.1388
14,1499,1513,0.1388
16,1504,1520,0.1388
15,1503,1518,0.1388
16,1511,1527,0.1388
15,1502,1517,0.1388
15,1491,1506,0.1388
13,1492,1505,0.1388
14,1485,1499,0.1388
16,1489,1505,0.1388
16,1505,1521,0.1388
16,1507,1523,0.1388
16,1511,1527,0.1388
15,1520,1535,0.1388
15,1507,1522,0.1388
16,1511,1527,0.1388
16,1502,1518,0.1388
16,1498,1514,0.1388
16,1499,1515,0.1388
14,1497,1511,0.1388
13,1501,1514,0.1388
14,1488,1502,0.1388
15,1502,1517,0.1388
17,1502,1519,0.1388
18,1505,1523,0.1388
17,1502,1519,0.1388
17,1504,1521,0.1388
17,1500,1517,0.1388
18,1497,1515,0.1388
19,1497,1516,0.1388
20,1494,1514,0.1388
19,1488,1507,0.1388
19,1493,1512,0.1388
19,1500,1519,0.1388
19,1492,1511,0.1388
19,1493,1512,0.1388
19,1502,1521,0.1388
20,1487,1507,0.1388
20,1497,1517,0.1388
21,1501,1522,0.1388
24,1496,1520,0.1388
24,1484,1508,0.1388
24,1478,1502,0.1388
24,1482,1506,0.1388
24,1485,1509,0.1388
24,1479,1503,0.1388
24,1480,1504,0.1388
24,1494,1518,0.1388
25,1500,1525,0.1388
25,1498,1523,0.1388
25,1496,1521,0.1388
25,1503,1528,0.1388
26,1492,1518,0.1388
25,1488,1513,0.1388
25,1488,1513,0.1388
25,1488,1513,0.1388
26,1489,1515,0.1388
27,1491,1518,0.1388
27,1486,1513,0.1388
26,1479,1505,0.1388
26,1494,1520,0.1388
26,1489,1515,0.1388
26,1485,1511,0.1388
25,1487,1512,0.1388
25,1474,1499,0.1388
25,1477,1502,0.1388
24,1490,1514,0.1388
24,1485,1509,0.1388
23,1485,1508,0.1388
22,1490,1512,0.1388
22,1495,1517,0.1388
20,1491,1511,0.1388
19,1496,1515,0.1388
19,1494,1513,0.1388
19,1501,1520,0.1388
17,1513,1530,0.1388
19,1509,1528,0.1388
20,1500,1520,0.1388
20,1500,1520,0.1388
19,1494,1513,0.1388
19,1506,1525,0.1388
20,1505,1525,0.1388
17,1501,1518,0.1388
17,1501,1518,0.1388
18,1507,1525,0.1388
19,1504,1523,0.1388
20,1496,1516,0.1388
19,1495,1514,0.1388
18,1492,1510,0.1388
18,1503,1521,0.1388
18,1507,1525,0.1388
18,1507,1525,0.1388
18,1507,1525,0.1388
19,1500,1519,0.1388
19,1508,1527,0.1388
18,1497,1515,0.1388
19,1484,1503,0.1388
21,1484,1505,0.1388
20,1486,1506,0.1388
19,1494,1513,0.1388
17,1500,1517,0.1388
18,1485,1503,0.1388
19,1488,1507,0.1388
20,1494,1514,0.1388
21,1501,1522,0.1388
20,1505,1525,0.1388
18,1508,1526,0.1388
19,1504,1523,0.1388
18,1491,1509,0.1388
18,1491,1509,0.1388
17,1491,1508,0.1388
16,1496,1512,0.1388
16,1504,1520,0.1388
17,1498,1515,0.1388
17,1494,1511,0.1388
16,1498,1514,0.1388
15,1495,1510,0.1388
15,1508,1523,0.1388
16,1503,1519,0.1388
15,1499,1514,0.1388
16,1498,1514,0.1388
16,1508,1524,0.1388
15,1508,1523,0.1388
15,1495,1510,0.1388
15,1498,1513,0.1388
15,1489,1504,0.1388
16,1483,1499,0.1388
16,1484,1500,0.1388
17,1499,1516,0.1388
17,1501,1518,0.1388
16,1513,1529,0.1388
16,1507,1523,0.1388
16,1504,1520,0.1388
15,1500,1515,0.1388
16,1504,1520,0.1388
17,1505,1522,0.1388
17,1501,1518,0.1388
17,1488,1505,0.1388
17,1499,1516,0.1388
17,1503,1520,0.1388
17,1502,1519,0.1388
17,1483,1500,0.1388
17,1509,1526,0.1388
17,1506,1523,0.1388
15,1508,1523,0.1388
14,1499,1513,0.1388
14,1500,1514,0.1388
13,1500,1513,0.1388
14,1501,1515,0.1388
14,1483,1497,0.1388
13,1511,1524,0.1388
15,1504,1519,0.1388
15,1504,1519,0.1388
14,1499,1513,0.1388
15,1490,1505,0.1388
15,1489,1504,0.1388
15,1502,1517,0.1388
15,1506,1521,0.1388
15,1498,1513,0.1388
15,1502,1517,0.1388
16,1499,1515,0.1388
16,1487,1503,0.1388
14,1501,1515,0.1388
14,1509,1523,0.1388
13,1510,1523,0.1388
14,1509,1523,0.1388
15,1507,1522,0.1388
15,1502,1517,0.1388
14,1501,1515,0.1388
15,1514,1529,0.1388
15,1504,1519,0.1388
15,1503,1518,0.1388
16,1492,1508,0.1388
15,1497,1512,0.1388
15,1501,1516,0.1388
15,1507,1522,0.1388
15,1494,1509,0.1388
16,1509,1525,0.1388
16,1512,1528,0.1388
15,1503,1518,0.1388
15,1508,1523,0.1388
15,1498,1513,0.1388
15,1494,1509,0.1388
14,1497,1511,0.1388
14,1497,1511,0.1388
14,1487,1501,0.1388
13,1485,1498,0.1388
13,1481,1494,0.1388
13,1478,1491,0.1388
14,1476,1490,0.1388
14,1475,1489,0.1388
14,1473,1487,0.1388
14,1469,1483,0.1388
14,1477,1491,0.1388
14,1486,1500,0.1388
14,1496,1510,0.1388
14,1505,1519,0.1388
15,1496,1511,0.1388
14,1506,1520,0.1388
14,1502,1516,0.1388
14,1501,1515,0.1388
15,1511,1526,0.1388
14,1507,1521,0.1388
14,1502,1516,0.1388
14,1507,1521,0.1388
14,1492,1506,0.1388
14,1497,1511,0.1388
13,1504,1517,0.1388
14,1493,1507,0.1388
14,1501,1515,0.1388
13,1494,1507,0.1388
13,1493,1506,0.1388
13,1510,1523,0.1388
12,1515,1527,0.1388
12,1519,1531,0.1388
13,1518,1531,0.1388
12,1512,1524,0.1388
11,1516,1527,0.1388
12,1514,1526,0.1388
12,1513,1525,0.1388
13,1516,1529,0.1388
11,1512,1523,0.1388
12,1497,1509,0.1388
11,1482,1493,0.1388
10,1485,1495,0.1388
11,1498,1509,0.1388
12,1495,1507,0.1388
12,1503,1515,0.1388
12,1502,1514,0.1388
13,1502,1515,0.1388
13,1506,1519,0.1388
12,1504,1516,0.1388
13,1493,1506,0.1388
13,1485,1498,0.1388
13,1491,1504,0.1388
13,1491,1504,0.1388
13,1493,1506,0.1388
13,1506,1519,0.1388
13,1510,1523,0.1388
14,1502,1516,0.1388
13,1505,1518,0.1388
13,1508,1521,0.1388
13,1499,1512,0.1388
13,1496,1509,0.1388
13,1489,1502,0.1388
13,1493,1506,0.1388
14,1500,1514,0.1388
14,1500,1514,0.1388
13,1507,1520,0.1388
11,1517,1528,0.1388
11,1494,1505,0.1388
11,1497,1508,0.1388
9,1503,1512,0.1388
10,1506,1516,0.1388
10,1514,1524,0.1388
9,1510,1519,0.1388
10,1521,1531,0.1388
10,1505,1515,0.1388
10,1505,1515,0.1388
9,1516,1525,0.1388
10,1517,1527,0.1388
10,1518,1528,0.1388
10,1516,1526,0.1388
10,1509,1519,0.1388
10,1516,1526,0.1388
10,1518,1528,0.1388
10,1507,1517,0.1388
10,1518,1528,0.1388
10,1515,1525,0.1388
10,1505,1515,0.1388
10,1515,1525,0.1388
10,1502,1512,0.1388
10,1506,1516,0.1388
9,1517,1526,0.1388
10,1503,1513,0.1388
10,1499,1509,0.1388
9,1492,1501,0.1388
10,1494,1504,0.1388
10,1504,1514,0.1388
10,1507,1517,0.1388
10,1504,1514,0.1388
10,1508,1518,0.1388
10,1518,1528,0.1388
10,1524,1534,0.1388
10,1510,1520,0.1388
9,1508,1517,0.1388
8,1503,1511,0.1388
8,1510,1518,0.1388
9,1497,1506,0.1388
9,1506,1515,0.1388
9,1507,1516,0.1388
9,1509,1518,0.1388
9,1499,1508,0.1388
9,1495,1504,0.1388
9,1493,1502,0.1388
8,1512,1520,0.1388
7,1515,1522,0.1388
7,1516,1523,0.1388
6,1519,1525,0.1388
7,1517,1524,0.1388
7,1515,1522,0.1388
8,1507,1515,0.1388
7,1507,1514,0.1388
7,1493,1500,0.1388
10,1502,1512,0.1388
10,1493,1503,0.1388
9,1508,1517,0.1388
9,1513,1522,0.1388
9,1513,1522,0.1388
8,1508,1516,0.1388
7,1518,1525,0.1388
7,1520,1527,0.1388
6,1521,1527,0.1388
7,1508,1515,0.1388
7,1511,1518,0.1388
7,1509,1516,0.1388
7,1511,1518,0.1388
6,1509,1515,0.1388
6,1516,1522,0.1388
5,1509,1514,0.1388
5,1508,1513,0.1388
4,1501,1505,0.1388
4,1514,1518,0.1388
4,1528,1532,0.1388
4,1525,1529,0.1388
4,1514,1518,0.1388
4,1506,1510,0.1388
4,1481,1485,0.1388
4,1498,1502,0.1388
4,1507,1511,0.1388
4,1505,1509,0.1388
4,1510,1514,0.1388
4,1514,1518,0.1388
4,1518,1522,0.1388
4,1518,1522,0.1388
3,1513,1516,0.1388
3,1505,1508,0.1388
3,1508,1511,0.1388
3,1502,1505,0.1388
3,1512,1515,0.1388
3,1517,1520,0.1388
3,1505,1508,0.1388
3,1512,1515,0.1388
3,1515,1518,0.1388
3,1513,1516,0.1388
3,1507,1510,0.1388
3,1515,1518,0.1388
3,1512,1515,0.1388
3,1508,1511,0.1388
4,1502,1506,0.1388
4,1500,1504,0.1388
4,1507,1511,0.1388
4,1506,1510,0.1388
4,1505,1509,0.1388
4,1509,1513,0.1388
4,1503,1507,0.1388
5,1511,1516,0.1388
5,1514,1519,0.1388
5,1512,1517,0.1388
5,1505,1510,0.1388
5,1514,1519,0.1388
5,1516,1521,0.1388
5,1510,1515,0.1388
5,1503,1508,0.1388
5,1498,1503,0.1388
5,1506,1511,0.1388
4,1518,1522,0.1388
4,1515,1519,0.1388
3,1510,1513,0.1388
3,1521,1524,0.1388
3,1522,1525,0.1388
3,1522,1525,0.1388
3,1519,1522,0.1388
3,1514,1517,0.1388
3,1517,1520,0.1388
2,1520,1522,0.1388
2,1511,1513,0.1388
2,1505,1507,0.1388
2,1495,1497,0.1388
2,1508,1510,0.1388
2,1515,1517,0.1388
2,1521,1523,0.1388
2,1527,1529,0.1388
2,1522,1524,0.1388
2,1517,1519,0.1388
2,1524,1526,0.1388
2,1522,1524,0.1388
3,1516,1519,0.1388
2,1506,1508,0.1388
2,1495,1497,0.1388
2,1505,1507,0.1388
2,1511,1513,0.1388
2,1507,1509,0.1388
2,1522,1524,0.1388
2,1505,1507,0.1388
2,1513,1515,0.1388
2,1514,1516,0.1388
2,1526,1528,0.1388
2,1531,1533,0.1388
2,1536,1538,0.1388
2,1532,1534,0.1388
2,1541,1543,0.1388
2,1524,1526,0.1388
2,1519,1521,0.1388
2,1516,1518,0.1388
2,1497,1499,0.1388
2,1516,1518,0.1388
2,1513,1515,0.1388
2,1513,1515,0.1388
2,1508,1510,0.1388
1,1521,1522,0.1388
1,1528,1529,0.1388
1,1529,1530,0.1388
1,1517,1518,0.1388
1,1521,1522,0.1388
1,1523,1524,0.1388
1,1533,1534,0.1388
1,1520,1521,0.1388
1,1515,1516,0.1388
1,1510,1511,0.1388
1,1514,1515,0.1388
1,1513,1514,0.1388
1,1514,1515,0.1388
1,1518,1519,0.1388
1,1534,1535,0.1388
1,1524,1525,0.1388
1,1526,1527,0.1388
1,1523,1524,0.1388
1,1522,1523,0.1388
1,1521,1522,0.1388
1,1518,1519,0.1388
1,1524,1525,0.1388
1,1507,1508,0.1388
1,1514,1515,0.1388
1,1525,1526,0.1388
1,1519,1520,0.1388
1,1500,1501,0.1388
1,1504,1505,0.1388
1,1505,1506,0.1388
1,1511,1512,0.1388
1,1503,1504,0.1388
1,1505,1506,0.1388
1,1499,1500,0.1388
1,1504,1505,0.1388
1,1501,1502,0.1388
1,1512,1513,0.1388
1,1535,1536,0.1388
1,1527,1528,0.1388
1,1529,1530,0.1388
1,1516,1517,0.1388
1,1526,1527,0.1388
1,1510,1511,0.1388
1,1506,1507,0.1388
1,1497,1498,0.1388
1,1501,1502,0.1388
1,1490,1491,0.1388
1,1508,1509,0.1388
1,1499,1500,0.1388
1,1509,1510,0.1388
1,1499,1500,0.1388
1,1515,1516,0.1388
3,1513,1516,0.1388
2,1502,1504,0.1388
2,1502,1504,0.1388
2,1509,1511,0.1388
2,1511,1513,0.1388
2,1510,1512,0.1388
2,1506,1508,0.1388
2,1514,1516,0.1388
2,1508,1510,0.1388
2,1512,1514,0.1388
2,1517,1519,0.1388
2,1522,1524,0.1388
2,1514,1516,0.1388
2,1517,1519,0.1388
2,1513,1515,0.1388
2,1518,1520,0.1388
2,1525,1527,0.1388
2,1519,1521,0.1388
2,1515,1517,0.1388
2,1530,1532,0.1388
2,1522,1524,0.1388
2,1525,1527,0.1388
2,1527,1529,0.1388
2,1514,1516,0.1388
2,1522,1524,0.1388
2,1530,1532,0.1388
2,1518,1520,0.1388
2,1521,1523,0.1388
2,1521,1523,0.1388
2,1518,1520,0.1388
2,1497,1499,0.1388
2,1502,1504,0.1388
3,1502,1505,0.1388
3,1504,1507,0.1388
4,1507,1511,0.1388
4,1514,1518,0.1388
4,1520,1524,0.1388
4,1518,1522,0.1388
4,1526,1530,0.1388
4,1511,1515,0.1388
4,1500,1504,0.1388
4,1501,1505,0.1388
4,1512,1516,0.1388
4,1510,1514,0.1388
3,1512,1515,0.1388
4,1517,1521,0.1388
4,1517,1521,0.1388
4,1519,1523,0.1388
4,1517,1521,0.1388
4,1506,1510,0.1388
4,1509,1513,0.1388
4,1509,1513,0.1388
4,1514,1518,0.1388
4,1521,1525,0.1388
4,1529,1533,0.1388
4,1523,1527,0.1388
4,1521,1525,0.1388
4,1518,1522,0.1388
4,1524,1528,0.1388
4,1518,1522,0.1388
4,1514,1518,0.1388
4,1513,1517,0.1388
4,1519,1523,0.1388
4,1515,1519,0.1388
4,1518,1522,0.1388
4,1515,1519,0.1388
4,1497,1501,0.1388
4,1503,1507,0.1388
3,1508,1511,0.1388
3,1521,1524,0.1388
3,1513,1516,0.1388
3,1515,1518,0.1388
3,1519,1522,0.1388
4,1528,1532,0.1388
4,1522,1526,0.1388
4,1529,1533,0.1388
4,1533,1537,0.1388
4,1537,1541,0.1388
5,1522,1527,0.1388
4,1517,1521,0.1388
4,1509,1513,0.1388
3,1518,1521,0.1388
3,1526,1529,0.1388
3,1502,1505,0.1388
2,1501,1503,0.1388
2,1505,1507,0.1388
1,1512,1513,0.1388
1,1505,1506,0.1388
1,1516,1517,0.1388
1,1507,1508,0.1388
1,1506,1507,0.1388
1,1500,1501,0.1388
1,1510,1511,0.1388
1,1513,1514,0.1388
1,1511,1512,0.1388
1,1508,1509,0.1388
1,1525,1526,0.1388
1,1531,1532,0.1388
1,1524,1525,0.1388
1,1517,1518,0.1388
1,1533,1534,0.1388
1,1520,1521,0.1388
1,1520,1521,0.1388
1,1517,1518,0.1388
1,1517,1518,0.1388
1,1522,1523,0.1388
1,1516,1517,0.1388
1,1518,1519,0.1388
1,1527,1528,0.1388
1,1522,1523,0.1388
1,1511,1512,0.1388
1,1513,1514,0.1388
1,1523,1524,0.1388
1,1510,1511,0.1388
1,1518,1519,0.1388
1,1526,1527,0.1388
1,1533,1534,0.1388
1,1532,1533,0.1388
1,1529,1530,0.1388
1,1515,1516,0.1388
1,1515,1516,0.1388
1,1500,1501,0.1388
1,1501,1502,0.1388
1,1522,1523,0.1388
1,1524,1525,0.1388
1,1507,1508,0.1388
1,1510,1511,0.1388
1,1510,1511,0.1388
1,1512,1513,0.1388
1,1516,1517,0.1388
1,1515,1516,0.1388
1,1508,1509,0.1388
1,1509,1510,0.1388
1,1502,1503,0.1388
1,1507,1508,0.1388
1,1518,1519,0.1388
1,1527,1528,0.1388
1,1514,1515,0.1388
1,1517,1518,0.1388
1,1504,1505,0.1388
1,1510,1511,0.1388
1,1502,1503,0.1388
1,1511,1512,0.1388
1,1506,1507,0.1388
1,1522,1523,0.1388
1,1522,1523,0.1388
1,1532,1533,0.1388
1,1536,1537,0.1388
1,1525,1526,0.1388
1,1531,1532,0.1388
1,1529,1530,0.1388
1,1526,1527,0.1388
1,1520,1521,0.1388
1,1514,1515,0.1388
1,1511,1512,0.1388
1,1510,1511,0.1388
1,1525,1526,0.1388
1,1517,1518,0.1388
1,1526,1527,0.1388
1,1513,1514,0.1388
1,1515,1516,0.1388
1,1503,1504,0.1388
1,1516,1517,0.1388
1,1512,1513,0.1388
1,1511,1512,0.1388
1,1510,1511,0.1388
1,1511,1512,0.1388
1,1509,1510,0.1388
1,1505,1506,0.1388
1,1519,1520,0.1388
1,1520,1521,0.1388
1,1523,1524,0.1388
1,1530,1531,0.1388
1,1519,1520,0.1388
1,1521,1522,0.1388
1,1531,1532,0.1388
1,1537,1538,0.1388
1,1534,1535,0.1388
1,1538,1539,0.1388
1,1531,1532,0.1388
1,1528,1529,0.1388
1,1524,1525,0.1388
1,1517,1518,0.1388
1,1513,1514,0.1388
1,1513,1514,0.1388
1,1520,1521,0.1388
1,1517,1518,0.1388
1,1513,1514,0.1388
1,1522,1523,0.1388
1,1512,1513,0.1388
1,1497,1498,0.1388
1,1499,1500,0.1388
1,1512,1513,0.1388
1,1514,1515,0.1388
1,1519,1520,0.1388
1,1513,1514,0.1388
1,1512,1513,0.1388
1,1505,1506,0.1388
1,1513,1514,0.1388
1,1514,1515,0.1388
1,1522,1523,0.1388
1,1514,1515,0.1388
1,1527,1528,0.1388
1,1527,1528,0.1388
1,1512,1513,0.1388
1,1508,1509,0.1388
1,1514,1515,0.1388
1,1516,1517,0.1388
1,1503,1504,0.1388
1,1492,1493,0.1388
1,1511,1512,0.1388
1,1509,1510,0.1388
1,1497,1498,0.1388
1,1491,1492,0.1388
1,1492,1493,0.1388
1,1500,1501,0.1388
0,1504,1504,0.1388
