1374,27,1401,0.1388
1409,27,1436,0.1388
1415,26,1441,0.1388
1436,25,1461,0.1388
1451,26,1477,0.1388
1448,25,1473,0.1388
1452,25,1477,0.1388
1450,28,1478,0.1388
1454,28,1482,0.1388
1449,29,1478,0.1388
1465,31,1496,0.1388
1450,30,1480,0.1388
1469,30,1499,0.1388
1462,30,1492,0.1388
1465,29,1494,0.1388
1477,27,1504,0.1388
1478,26,1504,0.1388
1471,25,1496,0.1388
1482,27,1509,0.1388
1467,27,1494,0.1388
1471,29,1500,0.1388
1464,30,1494,0.1388
1458,30,1488,0.1388
1453,31,1484,0.1388
1450,33,1483,0.1388
1466,30,1496,0.1388
1452,29,1481,0.1388
1453,30,1483,0.1388
1457,33,1490,0.1388
1457,32,1489,0.1388
1469,32,1501,0.1388
1456,31,1487,0.1388
1448,29,1477,0.1388
1428,28,1456,0.1388
1439,28,1467,0.1388
1448,29,1477,0.1388
1445,28,1473,0.1388
1458,29,1487,0.1388
1466,29,1495,0.1388
1466,30,1496,0.1388
1463,31,1494,0.1388
1461,33,1494,0.1388
1471,33,1504,0.1388
1466,34,1500,0.1388
1468,34,1502,0.1388
1460,34,1494,0.1388
1454,31,1485,0.1388
1454,29,1483,0.1388
1455,31,1486,0.1388
1455,29,1484,0.1388
1441,28,1469,0.1388
1432,29,1461,0.1388
1451,29,1480,0.1388
1448,29,1477,0.1388
1452,31,1483,0.1388
1457,30,1487,0.1388
1455,29,1484,0.1388
1454,28,1482,0.1388
1465,30,1495,0.1388
1466,30,1496,0.1388
1463,31,1494,0.1388
1457,32,1489,0.1388
1456,32,1488,0.1388
1451,30,1481,0.1388
1435,33,1468,0.1388
1443,33,1476,0.1388
1450,32,1482,0.1388
1456,31,1487,0.1388
1450,33,1483,0.1388
1463,32,1495,0.1388
1456,34,1490,0.1388
1460,35,1495,0.1388
1464,36,1500,0.1388
1458,38,1496,0.1388
1475,37,1512,0.1388
1467,41,1508,0.1388
1456,42,1498,0.1388
1445,44,1489,0.1388
1430,47,1477,0.1388
1417,50,1467,0.1388
1434,50,1484,0.1388
1441,51,1492,0.1388
1448,53,1501,0.1388
1453,53,1506,0.1388
1447,54,1501,0.1388
1448,51,1499,0.1388
1452,50,1502,0.1388
1437,51,1488,0.1388
1443,51,1494,0.1388
1444,53,1497,0.1388
1437,54,1491,0.1388
1435,54,1489,0.1388
1441,54,1495,0.1388
1433,55,1488,0.1388
1430,57,1487,0.1388
1436,59,1495,0.1388
1444,61,1505,0.1388
1433,60,1493,0.1388
1422,60,1482,0.1388
1406,61,1467,0.1388
1405,64,1469,0.1388
1409,68,1477,0.1388
1425,67,1492,0.1388
1432,68,1500,0.1388
1424,65,1489,0.1388
1425,62,1487,0.1388
1423,61,1484,0.1388
1431,59,1490,0.1388
1447,61,1508,0.1388
1462,60,1522,0.1388
1453,62,1515,0.1388
1448,65,1513,0.1388
1433,65,1498,0.1388
1442,66,1508,0.1388
1437,67,1504,0.1388
1442,69,1511,0.1388
1436,64,1500,0.1388
1437,66,1503,0.1388
1432,69,1501,0.1388
1421,71,1492,0.1388
1412,68,1480,0.1388
1408,64,1472,0.1388
1406,67,1473,0.1388
1402,69,1471,0.1388
1408,68,1476,0.1388
1420,68,1488,0.1388
1409,70,1479,0.1388
1416,69,1485,0.1388
1412,70,1482,0.1388
1415,68,1483,0.1388
1423,70,1493,0.1388
1418,70,1488,0.1388
1418,70,1488,0.1388
1422,72,1494,0.1388
1419,72,1491,0.1388
1425,73,1498,0.1388
1411,72,1483,0.1388
1415,74,1489,0.1388
1419,78,1497,0.1388
1424,78,1502,0.1388
1412,77,1489,0.1388
1412,79,1491,0.1388
1402,81,1483,0.1388
1399,83,1482,0.1388
1400,83,1483,0.1388
1410,86,1496,0.1388
1417,90,1507,0.1388
1413,83,1496,0.1388
1411,85,1496,0.1388
1416,89,1505,0.1388
1406,90,1496,0.1388
1419,89,1508,0.1388
1405,90,1495,0.1388
1419,88,1507,0.1388
1423,86,1509,0.1388
1421,88,1509,0.1388
1406,91,1497,0.1388
1411,93,1504,0.1388
1407,92,1499,0.1388
1409,90,1499,0.1388
1417,93,1510,0.1388
1412,91,1503,0.1388
1399,92,1491,0.1388
1401,94,1495,0.1388
1389,96,1485,0.1388
1390,94,1484,0.1388
1398,95,1493,0.1388
1401,98,1499,0.1388
1398,97,1495,0.1388
1389,94,1483,0.1388
1395,97,1492,0.1388
1385,101,1486,0.1388
1385,99,1484,0.1388
1399,104,1503,0.1388
1382,103,1485,0.1388
1383,104,1487,0.1388
1371,102,1473,0.1388
1370,100,1470,0.1388
1373,104,1477,0.1388
1376,105,1481,0.1388
1385,105,1490,0.1388
1401,99,1500,0.1388
1386,94,1480,0.1388
1390,102,1492,0.1388
1395,101,1496,0.1388
1381,102,1483,0.1388
1392,103,1495,0.1388
1397,103,1500,0.1388
1392,101,1493,0.1388
1398,105,1503,0.1388
1383,109,1492,0.1388
1385,113,1498,0.1388
1377,117,1494,0.1388
1371,114,1485,0.1388
1361,116,1477,0.1388
1369,126,1495,0.1388
1372,127,1499,0.1388
1361,127,1488,0.1388
1360,130,1490,0.1388
1351,128,1479,0.1388
1367,130,1497,0.1388
1370,133,1503,0.1388
1377,134,1511,0.1388
1367,132,1499,0.1388
1358,129,1487,0.1388
1356,134,1490,0.1388
1362,137,1499,0.1388
1366,137,1503,0.1388
1358,141,1499,0.1388
1349,138,1487,0.1388
1362,143,1505,0.1388
1374,144,1518,0.1388
1368,142,1510,0.1388
1362,144,1506,0.1388
1357,142,1499,0.1388
1355,139,1494,0.1388
1353,136,1489,0.1388
1352,137,1489,0.1388
1358,141,1499,0.1388
1351,142,1493,0.1388
1342,144,1486,0.1388
1331,139,1470,0.1388
1338,138,1476,0.1388
1349,141,1490,0.1388
1348,143,1491,0.1388
1344,143,1487,0.1388
1345,140,1485,0.1388
1340,140,1480,0.1388
1351,144,1495,0.1388
1343,144,1487,0.1388
1339,147,1486,0.1388
1339,143,1482,0.1388
1353,145,1498,0.1388
1334,146,1480,0.1388
1335,147,1482,0.1388
1336,144,1480,0.1388
1343,144,1487,0.1388
1340,144,1484,0.1388
1339,142,1481,0.1388
1351,144,1495,0.1388
1356,143,1499,0.1388
1342,149,1491,0.1388
1343,146,1489,0.1388
1342,143,1485,0.1388
1344,146,1490,0.1388
1349,143,1492,0.1388
1340,145,1485,0.1388
1345,150,1495,0.1388
1360,151,1511,0.1388
1362,148,1510,0.1388
1363,147,1510,0.1388
1366,149,1515,0.1388
1362,155,1517,0.1388
1365,150,1515,0.1388
1365,147,1512,0.1388
1340,145,1485,0.1388
1343,146,1489,0.1388
1352,149,1501,0.1388
1360,147,1507,0.1388
1354,147,1501,0.1388
1360,145,1505,0.1388
1359,143,1502,0.1388
1355,142,1497,0.1388
1357,140,1497,0.1388
1360,147,1507,0.1388
1349,145,1494,0.1388
1367,144,1511,0.1388
1360,150,1510,0.1388
1363,153,1516,0.1388
1342,152,1494,0.1388
1352,152,1504,0.1388
1353,153,1506,0.1388
1347,160,1507,0.1388
1331,161,1492,0.1388
1339,159,1498,0.1388
1327,159,1486,0.1388
1333,157,1490,0.1388
1343,162,1505,0.1388
1338,158,1496,0.1388
1338,158,1496,0.1388
1327,155,1482,0.1388
1339,161,1500,0.1388
1330,164,1494,0.1388
1340,168,1508,0.1388
1331,169,1500,0.1388
1335,166,1501,0.1388
1332,168,1500,0.1388
1320,166,1486,0.1388
1332,167,1499,0.1388
1330,168,1498,0.1388
1325,168,1493,0.1388
1317,170,1487,0.1388
1313,175,1488,0.1388
1318,177,1495,0.1388
1312,180,1492,0.1388
1310,177,1487,0.1388
1320,176,1496,0.1388
1326,178,1504,0.1388
1325,178,1503,0.1388
1315,180,1495,0.1388
1322,181,1503,0.1388
1325,183,1508,0.1388
1323,183,1506,0.1388
1322,180,1502,0.1388
1328,177,1505,0.1388
1326,175,1501,0.1388
1325,174,1499,0.1388
1318,175,1493,0.1388
1325,170,1495,0.1388
1339,171,1510,0.1388
1336,172,1508,0.1388
1321,172,1493,0.1388
1322,178,1500,0.1388
1308,182,1490,0.1388
1326,180,1506,0.1388
1333,186,1519,0.1388
1318,187,1505,0.1388
1316,188,1504,0.1388
1309,183,1492,0.1388
1303,184,1487,0.1388
1322,184,1506,0.1388
1328,182,1510,0.1388
1318,185,1503,0.1388
1308,191,1499,0.1388
1314,193,1507,0.1388
1310,195,1505,0.1388
1308,190,1498,0.1388
1315,189,1504,0.1388
1310,191,1501,0.1388
1310,189,1499,0.1388
1306,184,1490,0.1388
1300,184,1484,0.1388
1306,185,1491,0.1388
1306,183,1489,0.1388
1308,182,1490,0.1388
1312,181,1493,0.1388
1312,182,1494,0.1388
1322,179,1501,0.1388
1322,178,1500,0.1388
1319,182,1501,0.1388
1314,185,1499,0.1388
1319,184,1503,0.1388
1311,184,1495,0.1388
1307,181,1488,0.1388
1313,180,1493,0.1388
1303,178,1481,0.1388
1301,185,1486,0.1388
1313,185,1498,0.1388
1310,187,1497,0.1388
1304,190,1494,0.1388
1295,193,1488,0.1388
1306,188,1494,0.1388
1317,186,1503,0.1388
1322,185,1507,0.1388
1318,183,1501,0.1388
1319,183,1502,0.1388
1321,191,1512,0.1388
1318,195,1513,0.1388
1308,193,1501,0.1388
1308,187,1495,0.1388
1311,187,1498,0.1388
1318,194,1512,0.1388
1316,197,1513,0.1388
1316,194,1510,0.1388
1305,196,1501,0.1388
1291,200,1491,0.1388
1295,201,1496,0.1388
1281,205,1486,0.1388
1285,210,1495,0.1388
1277,206,1483,0.1388
1283,209,1492,0.1388
1285,214,1499,0.1388
1275,221,1496,0.1388
1275,220,1495,0.1388
1269,221,1490,0.1388
1271,221,1492,0.1388
1269,223,1492,0.1388
1255,223,1478,0.1388
1259,228,1487,0.1388
1271,226,1497,0.1388
1272,228,1500,0.1388
1275,221,1496,0.1388
1267,224,1491,0.1388
1257,224,1481,0.1388
1253,229,1482,0.1388
1264,227,1491,0.1388
1258,218,1476,0.1388
1268,215,1483,0.1388
1271,211,1482,0.1388
1267,216,1483,0.1388
1260,216,1476,0.1388
1256,220,1476,0.1388
1271,214,1485,0.1388
1276,213,1489,0.1388
1281,213,1494,0.1388
1270,214,1484,0.1388
1265,223,1488,0.1388
1255,228,1483,0.1388
1253,225,1478,0.1388
1262,227,1489,0.1388
1258,227,1485,0.1388
1253,229,1482,0.1388
1255,230,1485,0.1388
1254,234,1488,0.1388
1247,235,1482,0.1388
1248,238,1486,0.1388
1252,242,1494,0.1388
1254,243,1497,0.1388
1276,238,1514,0.1388
1270,239,1509,0.1388
1260,237,1497,0.1388
1253,237,1490,0.1388
1258,232,1490,0.1388
1273,237,1510,0.1388
1261,239,1500,0.1388
1264,237,1501,0.1388
1266,233,1499,0.1388
1265,231,1496,0.1388
1257,227,1484,0.1388
1268,229,1497,0.1388
1265,230,1495,0.1388
1269,226,1495,0.1388
1275,225,1500,0.1388
1282,223,1505,0.1388
1274,222,1496,0.1388
1269,230,1499,0.1388
1277,230,1507,0.1388
1275,231,1506,0.1388
1284,228,1512,0.1388
1274,230,1504,0.1388
1275,230,1505,0.1388
1277,228,1505,0.1388
1281,234,1515,0.1388
1276,232,1508,0.1388
1272,229,1501,0.1388
1278,231,1509,0.1388
1265,234,1499,0.1388
1249,231,1480,0.1388
1257,240,1497,0.1388
1250,242,1492,0.1388
1250,245,1495,0.1388
1243,244,1487,0.1388
1250,245,1495,0.1388
1255,247,1502,0.1388
1257,248,1505,0.1388
1259,248,1507,0.1388
1240,253,1493,0.1388
1234,255,1489,0.1388
1233,254,1487,0.1388
1234,249,1483,0.1388
1233,245,1478,0.1388
1237,249,1486,0.1388
1237,250,1487,0.1388
1239,249,1488,0.1388
1234,260,1494,0.1388
1230,262,1492,0.1388
1222,260,1482,0.1388
1215,264,1479,0.1388
1228,266,1494,0.1388
1228,263,1491,0.1388
1217,262,1479,0.1388
1219,259,1478,0.1388
1233,265,1498,0.1388
1230,260,1490,0.1388
1227,256,1483,0.1388
1225,261,1486,0.1388
1226,261,1487,0.1388
1232,255,1487,0.1388
1237,262,1499,0.1388
1245,260,1505,0.1388
1241,268,1509,0.1388
1232,267,1499,0.1388
1233,267,1500,0.1388
1231,267,1498,0.1388
1237,266,1503,0.1388
1234,265,1499,0.1388
1231,268,1499,0.1388
1237,272,1509,0.1388
1233,276,1509,0.1388
1230,274,1504,0.1388
1219,271,1490,0.1388
1214,264,1478,0.1388
1208,267,1475,0.1388
1199,270,1469,0.1388
1206,272,1478,0.1388
1208,268,1476,0.1388
1202,269,1471,0.1388
1214,270,1484,0.1388
1218,269,1487,0.1388
1209,270,1479,0.1388
1210,267,1477,0.1388
1224,274,1498,0.1388
1226,271,1497,0.1388
1223,274,1497,0.1388
1217,274,1491,0.1388
1223,273,1496,0.1388
1226,277,1503,0.1388
1223,276,1499,0.1388
1212,273,1485,0.1388
1218,277,1495,0.1388
1214,277,1491,0.1388
1211,290,1501,0.1388
1214,287,1501,0.1388
1214,290,1504,0.1388
1205,291,1496,0.1388
1206,293,1499,0.1388
1205,289,1494,0.1388
1204,289,1493,0.1388
1201,288,1489,0.1388
1205,285,1490,0.1388
1212,296,1508,0.1388
1203,298,1501,0.1388
1206,302,1508,0.1388
1208,302,1510,0.1388
1194,299,1493,0.1388
1199,306,1505,0.1388
1207,306,1513,0.1388
1200,307,1507,0.1388
1198,301,1499,0.1388
1188,296,1484,0.1388
1189,304,1493,0.1388
1183,305,1488,0.1388
1173,314,1487,0.1388
1177,320,1497,0.1388
1186,326,1512,0.1388
1172,328,1500,0.1388
1168,328,1496,0.1388
1164,325,1489,0.1388
1175,319,1494,0.1388
1181,324,1505,0.1388
1182,322,1504,0.1388
1176,320,1496,0.1388
1177,319,1496,0.1388
1177,321,1498,0.1388
1186,327,1513,0.1388
1186,321,1507,0.1388
1175,320,1495,0.1388
1174,329,1503,0.1388
1169,329,1498,0.1388
1171,322,1493,0.1388
1163,322,1485,0.1388
1171,318,1489,0.1388
1156,325,1481,0.1388
1165,327,1492,0.1388
1168,333,1501,0.1388
1166,338,1504,0.1388
1159,339,1498,0.1388
1160,335,1495,0.1388
1156,335,1491,0.1388
1146,338,1484,0.1388
1144,338,1482,0.1388
1139,343,1482,0.1388
1155,346,1501,0.1388
1152,347,1499,0.1388
1151,344,1495,0.1388
1134,346,1480,0.1388
1137,350,1487,0.1388
1146,355,1501,0.1388
1145,362,1507,0.1388
1145,356,1501,0.1388
1157,355,1512,0.1388
1152,357,1509,0.1388
1148,354,1502,0.1388
1141,360,1501,0.1388
1146,367,1513,0.1388
1146,364,1510,0.1388
1144,366,1510,0.1388
1150,367,1517,0.1388
1138,372,1510,0.1388
1127,371,1498,0.1388
1124,366,1490,0.1388
1126,361,1487,0.1388
1125,356,1481,0.1388
1133,355,1488,0.1388
1137,343,1480,0.1388
1137,352,1489,0.1388
1143,353,1496,0.1388
1147,352,1499,0.1388
1155,355,1510,0.1388
1160,349,1509,0.1388
1160,349,1509,0.1388
1166,349,1515,0.1388
1167,351,1518,0.1388
1166,354,1520,0.1388
1153,355,1508,0.1388
1157,351,1508,0.1388
1153,345,1498,0.1388
1155,346,1501,0.1388
1143,343,1486,0.1388
1146,342,1488,0.1388
1152,347,1499,0.1388
1155,342,1497,0.1388
1138,347,1485,0.1388
1142,351,1493,0.1388
1154,351,1505,0.1388
1146,348,1494,0.1388
1149,346,1495,0.1388
1140,340,1480,0.1388
1144,346,1490,0.1388
1154,347,1501,0.1388
1148,340,1488,0.1388
1161,341,1502,0.1388
1160,339,1499,0.1388
1166,338,1504,0.1388
1161,336,1497,0.1388
1159,345,1504,0.1388
1151,343,1494,0.1388
1158,347,1505,0.1388
1147,345,1492,0.1388
1149,351,1500,0.1388
1144,348,1492,0.1388
1142,349,1491,0.1388
1143,352,1495,0.1388
1148,350,1498,0.1388
1139,356,1495,0.1388
1132,352,1484,0.1388
1138,352,1490,0.1388
1138,357,1495,0.1388
1145,360,1505,0.1388
1141,360,1501,0.1388
1145,360,1505,0.1388
1134,353,1487,0.1388
1142,352,1494,0.1388
1142,354,1496,0.1388
1132,357,1489,0.1388
1128,354,1482,0.1388
1128,357,1485,0.1388
1122,362,1484,0.1388
1128,362,1490,0.1388
1124,362,1486,0.1388
1141,360,1501,0.1388
1138,355,1493,0.1388
1147,349,1496,0.1388
1145,352,1497,0.1388
1156,354,1510,0.1388
1155,351,1506,0.1388
1150,354,1504,0.1388
1151,346,1497,0.1388
1160,349,1509,0.1388
1158,349,1507,0.1388
1147,347,1494,0.1388
1144,344,1488,0.1388
1147,343,1490,0.1388
1145,343,1488,0.1388
1147,354,1501,0.1388
1137,349,1486,0.1388
1131,351,1482,0.1388
1136,351,1487,0.1388
1132,356,1488,0.1388
1113,362,1475,0.1388
1111,358,1469,0.1388
1126,359,1485,0.1388
1139,362,1501,0.1388
1129,351,1480,0.1388
1126,351,1477,0.1388
1131,352,1483,0.1388
1133,358,1491,0.1388
1125,364,1489,0.1388
1127,368,1495,0.1388
1130,371,1501,0.1388
1128,367,1495,0.1388
1133,369,1502,0.1388
1131,370,1501,0.1388
1136,362,1498,0.1388
1137,370,1507,0.1388
1144,377,1521,0.1388
1139,371,1510,0.1388
1123,379,1502,0.1388
1114,371,1485,0.1388
1119,366,1485,0.1388
1122,370,1492,0.1388
1131,365,1496,0.1388
1136,361,1497,0.1388
1127,372,1499,0.1388
1128,372,1500,0.1388
1129,377,1506,0.1388
1131,380,1511,0.1388
1119,380,1499,0.1388
1112,373,1485,0.1388
1116,373,1489,0.1388
1120,386,1506,0.1388
1116,390,1506,0.1388
1121,380,1501,0.1388
1120,373,1493,0.1388
1125,369,1494,0.1388
1129,368,1497,0.1388
1134,373,1507,0.1388
1122,381,1503,0.1388
1122,384,1506,0.1388
1125,391,1516,0.1388
1115,392,1507,0.1388
1120,395,1515,0.1388
1111,391,1502,0.1388
1105,389,1494,0.1388
1093,393,1486,0.1388
1102,389,1491,0.1388
1104,386,1490,0.1388
1117,380,1497,0.1388
1128,387,1515,0.1388
1131,384,1515,0.1388
1128,383,1511,0.1388
1116,388,1504,0.1388
1107,392,1499,0.1388
1107,392,1499,0.1388
1106,391,1497,0.1388
1103,381,1484,0.1388
1104,385,1489,0.1388
1103,395,1498,0.1388
1100,397,1497,0.1388
1102,393,1495,0.1388
1098,392,1490,0.1388
1097,394,1491,0.1388
1091,399,1490,0.1388
1094,404,1498,0.1388
1088,406,1494,0.1388
1088,401,1489,0.1388
1077,399,1476,0.1388
1095,400,1495,0.1388
1096,399,1495,0.1388
1084,395,1479,0.1388
1092,390,1482,0.1388
1108,394,1502,0.1388
1110,394,1504,0.1388
1110,404,1514,0.1388
1109,405,1514,0.1388
1113,397,1510,0.1388
1102,399,1501,0.1388
1105,409,1514,0.1388
1087,410,1497,0.1388
1077,408,1485,0.1388
1071,412,1483,0.1388
1075,414,1489,0.1388
1066,422,1488,0.1388
1074,421,1495,0.1388
1067,416,1483,0.1388
1084,415,1499,0.1388
1074,413,1487,0.1388
1074,413,1487,0.1388
1084,419,1503,0.1388
1085,420,1505,0.1388
1091,419,1510,0.1388
1092,418,1510,0.1388
1088,420,1508,0.1388
1081,422,1503,0.1388
1091,422,1513,0.1388
1078,422,1500,0.1388
1081,421,1502,0.1388
1091,420,1511,0.1388
1096,421,1517,0.1388
1094,422,1516,0.1388
1089,417,1506,0.1388
1090,419,1509,0.1388
1081,419,1500,0.1388
1082,428,1510,0.1388
1076,427,1503,0.1388
1082,430,1512,0.1388
1073,434,1507,0.1388
1074,431,1505,0.1388
1072,427,1499,0.1388
1066,431,1497,0.1388
1067,428,1495,0.1388
1060,429,1489,0.1388
1055,431,1486,0.1388
1053,433,1486,0.1388
1066,437,1503,0.1388
1069,437,1506,0.1388
1062,448,1510,0.1388
1056,446,1502,0.1388
1053,455,1508,0.1388
1057,452,1509,0.1388
1053,456,1509,0.1388
1040,456,1496,0.1388
1038,460,1498,0.1388
1034,459,1493,0.1388
1045,453,1498,0.1388
1037,457,1494,0.1388
1042,465,1507,0.1388
1038,470,1508,0.1388
1025,469,1494,0.1388
1028,467,1495,0.1388
1028,459,1487,0.1388
1034,465,1499,0.1388
1037,470,1507,0.1388
1024,470,1494,0.1388
1017,469,1486,0.1388
1023,470,1493,0.1388
1025,477,1502,0.1388
1015,477,1492,0.1388
1020,480,1500,0.1388
1010,482,1492,0.1388
1001,483,1484,0.1388
1004,485,1489,0.1388
999,488,1487,0.1388
999,481,1480,0.1388
996,487,1483,0.1388
1010,485,1495,0.1388
1003,484,1487,0.1388
1005,485,1490,0.1388
1008,487,1495,0.1388
999,497,1496,0.1388
1004,510,1514,0.1388
1000,502,1502,0.1388
1001,502,1503,0.1388
1002,493,1495,0.1388
1002,499,1501,0.1388
1008,495,1503,0.1388
993,494,1487,0.1388
1003,501,1504,0.1388
1006,497,1503,0.1388
997,487,1484,0.1388
1002,491,1493,0.1388
1005,495,1500,0.1388
994,499,1493,0.1388
992,498,1490,0.1388
994,499,1493,0.1388
993,505,1498,0.1388
996,506,1502,0.1388
995,504,1499,0.1388
990,504,1494,0.1388
995,500,1495,0.1388
994,505,1499,0.1388
987,511,1498,0.1388
981,517,1498,0.1388
989,514,1503,0.1388
1019,512,1531,0.1388
1003,509,1512,0.1388
1000,515,1515,0.1388
1011,510,1521,0.1388
998,508,1506,0.1388
997,511,1508,0.1388
1005,510,1515,0.1388
1009,507,1516,0.1388
1006,511,1517,0.1388
1000,511,1511,0.1388
1005,512,1517,0.1388
998,504,1502,0.1388
996,502,1498,0.1388
1003,496,1499,0.1388
998,503,1501,0.1388
994,507,1501,0.1388
990,511,1501,0.1388
990,517,1507,0.1388
990,512,1502,0.1388
994,516,1510,0.1388
994,518,1512,0.1388
976,516,1492,0.1388
971,518,1489,0.1388
971,519,1490,0.1388
972,529,1501,0.1388
972,533,1505,0.1388
972,537,1509,0.1388
964,536,1500,0.1388
976,531,1507,0.1388
981,529,1510,0.1388
978,529,1507,0.1388
974,531,1505,0.1388
968,536,1504,0.1388
976,540,1516,0.1388
978,540,1518,0.1388
976,543,1519,0.1388
970,537,1507,0.1388
958,541,1499,0.1388
960,548,1508,0.1388
966,532,1498,0.1388
971,542,1513,0.1388
979,545,1524,0.1388
984,544,1528,0.1388
981,536,1517,0.1388
979,525,1504,0.1388
977,524,1501,0.1388
971,535,1506,0.1388
966,546,1512,0.1388
953,544,1497,0.1388
954,546,1500,0.1388
952,546,1498,0.1388
957,553,1510,0.1388
942,556,1498,0.1388
931,562,1493,0.1388
935,561,1496,0.1388
934,565,1499,0.1388
946,563,1509,0.1388
945,556,1501,0.1388
948,551,1499,0.1388
947,557,1504,0.1388
953,571,1524,0.1388
959,567,1526,0.1388
957,570,1527,0.1388
949,570,1519,0.1388
948,570,1518,0.1388
952,570,1522,0.1388
940,578,1518,0.1388
922,576,1498,0.1388
924,574,1498,0.1388
918,570,1488,0.1388
922,573,1495,0.1388
919,571,1490,0.1388
906,580,1486,0.1388
907,582,1489,0.1388
910,587,1497,0.1388
909,593,1502,0.1388
907,591,1498,0.1388
905,600,1505,0.1388
905,604,1509,0.1388
890,607,1497,0.1388
892,616,1508,0.1388
892,620,1512,0.1388
891,616,1507,0.1388
886,613,1499,0.1388
889,610,1499,0.1388
881,611,1492,0.1388
885,619,1504,0.1388
885,623,1508,0.1388
870,626,1496,0.1388
872,636,1508,0.1388
872,631,1503,0.1388
874,629,1503,0.1388
881,632,1513,0.1388
879,632,1511,0.1388
864,636,1500,0.1388
866,645,1511,0.1388
862,641,1503,0.1388
855,643,1498,0.1388
851,642,1493,0.1388
845,647,1492,0.1388
843,654,1497,0.1388
848,658,1506,0.1388
842,656,1498,0.1388
848,652,1500,0.1388
839,665,1504,0.1388
845,660,1505,0.1388
836,668,1504,0.1388
825,667,1492,0.1388
828,664,1492,0.1388
839,665,1504,0.1388
846,668,1514,0.1388
848,658,1506,0.1388
848,662,1510,0.1388
843,667,1510,0.1388
838,666,1504,0.1388
844,678,1522,0.1388
847,666,1513,0.1388
838,669,1507,0.1388
829,663,1492,0.1388
833,668,1501,0.1388
831,669,1500,0.1388
837,662,1499,0.1388
847,665,1512,0.1388
854,669,1523,0.1388
851,670,1521,0.1388
844,674,1518,0.1388
844,676,1520,0.1388
844,682,1526,0.1388
837,679,1516,0.1388
826,680,1506,0.1388
830,680,1510,0.1388
826,676,1502,0.1388
827,675,1502,0.1388
836,675,1511,0.1388
826,676,1502,0.1388
825,674,1499,0.1388
813,676,1489,0.1388
819,674,1493,0.1388
821,671,1492,0.1388
819,680,1499,0.1388
816,680,1496,0.1388
805,677,1482,0.1388
809,677,1486,0.1388
809,688,1497,0.1388
815,687,1502,0.1388
808,689,1497,0.1388
809,694,1503,0.1388
817,695,1512,0.1388
817,697,1514,0.1388
818,683,1501,0.1388
804,688,1492,0.1388
808,695,1503,0.1388
816,687,1503,0.1388
813,686,1499,0.1388
820,693,1513,0.1388
824,697,1521,0.1388
819,692,1511,0.1388
818,697,1515,0.1388
814,690,1504,0.1388
819,694,1513,0.1388
819,698,1517,0.1388
818,691,1509,0.1388
820,693,1513,0.1388
810,693,1503,0.1388
802,696,1498,0.1388
805,694,1499,0.1388
801,689,1490,0.1388
800,688,1488,0.1388
800,697,1497,0.1388
797,702,1499,0.1388
790,705,1495,0.1388
794,715,1509,0.1388
790,706,1496,0.1388
792,714,1506,0.1388
782,716,1498,0.1388
782,720,1502,0.1388
785,717,1502,0.1388
793,717,1510,0.1388
777,712,1489,0.1388
790,718,1508,0.1388
792,720,1512,0.1388
789,717,1506,0.1388
794,715,1509,0.1388
787,722,1509,0.1388
782,731,1513,0.1388
773,742,1515,0.1388
772,736,1508,0.1388
773,734,1507,0.1388
784,733,1517,0.1388
790,731,1521,0.1388
789,734,1523,0.1388
803,732,1535,0.1388
795,727,1522,0.1388
791,737,1528,0.1388
793,734,1527,0.1388
795,727,1522,0.1388
782,727,1509,0.1388
782,722,1504,0.1388
783,721,1504,0.1388
791,711,1502,0.1388
795,703,1498,0.1388
802,715,1517,0.1388
799,711,1510,0.1388
786,703,1489,0.1388
777,714,1491,0.1388
783,723,1506,0.1388
780,724,1504,0.1388
770,727,1497,0.1388
758,731,1489,0.1388
766,727,1493,0.1388
762,729,1491,0.1388
767,733,1500,0.1388
775,724,1499,0.1388
780,723,1503,0.1388
770,727,1497,0.1388
772,731,1503,0.1388
763,739,1502,0.1388
757,745,1502,0.1388
761,738,1499,0.1388
768,741,1509,0.1388
763,743,1506,0.1388
750,738,1488,0.1388
750,748,1498,0.1388
760,744,1504,0.1388
757,750,1507,0.1388
758,752,1510,0.1388
753,749,1502,0.1388
745,753,1498,0.1388
747,749,1496,0.1388
733,757,1490,0.1388
736,755,1491,0.1388
736,756,1492,0.1388
744,762,1506,0.1388
743,769,1512,0.1388
743,778,1521,0.1388
739,788,1527,0.1388
739,792,1531,0.1388
735,798,1533,0.1388
728,786,1514,0.1388
737,779,1516,0.1388
719,788,1507,0.1388
724,785,1509,0.1388
727,779,1506,0.1388
718,784,1502,0.1388
727,783,1510,0.1388
718,792,1510,0.1388
711,792,1503,0.1388
701,794,1495,0.1388
707,799,1506,0.1388
705,784,1489,0.1388
703,796,1499,0.1388
695,799,1494,0.1388
690,802,1492,0.1388
692,805,1497,0.1388
697,812,1509,0.1388
693,816,1509,0.1388
697,819,1516,0.1388
696,822,1518,0.1388
692,824,1516,0.1388
704,820,1524,0.1388
706,823,1529,0.1388
700,824,1524,0.1388
690,823,1513,0.1388
682,829,1511,0.1388
675,830,1505,0.1388
673,833,1506,0.1388
680,824,1504,0.1388
685,831,1516,0.1388
681,832,1513,0.1388
678,840,1518,0.1388
673,845,1518,0.1388
677,841,1518,0.1388
671,835,1506,0.1388
671,842,1513,0.1388
663,840,1503,0.1388
665,847,1512,0.1388
661,849,1510,0.1388
655,848,1503,0.1388
654,869,1523,0.1388
656,861,1517,0.1388
648,864,1512,0.1388
653,862,1515,0.1388
644,871,1515,0.1388
644,861,1505,0.1388
649,863,1512,0.1388
653,860,1513,0.1388
646,852,1498,0.1388
646,848,1494,0.1388
635,852,1487,0.1388
634,858,1492,0.1388
631,866,1497,0.1388
639,875,1514,0.1388
637,873,1510,0.1388
625,874,1499,0.1388
626,878,1504,0.1388
627,875,1502,0.1388
628,870,1498,0.1388
635,873,1508,0.1388
631,885,1516,0.1388
640,888,1528,0.1388
636,886,1522,0.1388
637,884,1521,0.1388
633,884,1517,0.1388
634,883,1517,0.1388
630,882,1512,0.1388
633,866,1499,0.1388
641,877,1518,0.1388
626,886,1512,0.1388
629,891,1520,0.1388
621,888,1509,0.1388
625,889,1514,0.1388
622,892,1514,0.1388
618,899,1517,0.1388
612,903,1515,0.1388
608,905,1513,0.1388
606,905,1511,0.1388
605,904,1509,0.1388
602,901,1503,0.1388
603,905,1508,0.1388
602,907,1509,0.1388
598,894,1492,0.1388
599,896,1495,0.1388
593,902,1495,0.1388
596,891,1487,0.1388
602,895,1497,0.1388
598,898,1496,0.1388
598,911,1509,0.1388
602,907,1509,0.1388
605,900,1505,0.1388
602,900,1502,0.1388
597,902,1499,0.1388
598,904,1502,0.1388
602,910,1512,0.1388
600,905,1505,0.1388
594,913,1507,0.1388
582,926,1508,0.1388
585,926,1511,0.1388
596,926,1522,0.1388
594,933,1527,0.1388
591,934,1525,0.1388
575,934,1509,0.1388
575,929,1504,0.1388
573,923,1496,0.1388
571,933,1504,0.1388
572,934,1506,0.1388
567,933,1500,0.1388
571,924,1495,0.1388
574,917,1491,0.1388
563,922,1485,0.1388
571,921,1492,0.1388
572,933,1505,0.1388
574,937,1511,0.1388
576,934,1510,0.1388
576,935,1511,0.1388
577,924,1501,0.1388
582,920,1502,0.1388
584,919,1503,0.1388
583,917,1500,0.1388
594,927,1521,0.1388
595,924,1519,0.1388
596,929,1525,0.1388
595,924,1519,0.1388
590,924,1514,0.1388
590,929,1519,0.1388
585,927,1512,0.1388
583,932,1515,0.1388
584,944,1528,0.1388
579,940,1519,0.1388
579,939,1518,0.1388
577,933,1510,0.1388
585,938,1523,0.1388
575,934,1509,0.1388
570,939,1509,0.1388
570,947,1517,0.1388
563,956,1519,0.1388
562,948,1510,0.1388
557,940,1497,0.1388
560,934,1494,0.1388
562,946,1508,0.1388
560,939,1499,0.1388
557,944,1501,0.1388
557,943,1500,0.1388
554,951,1505,0.1388
546,952,1498,0.1388
558,950,1508,0.1388
565,950,1515,0.1388
563,942,1505,0.1388
564,944,1508,0.1388
564,952,1516,0.1388
564,958,1522,0.1388
564,954,1518,0.1388
563,959,1522,0.1388
561,954,1515,0.1388
559,959,1518,0.1388
557,954,1511,0.1388
552,952,1504,0.1388
550,951,1501,0.1388
556,956,1512,0.1388
546,958,1504,0.1388
554,959,1513,0.1388
549,965,1514,0.1388
554,979,1533,0.1388
550,966,1516,0.1388
552,966,1518,0.1388
540,970,1510,0.1388
544,955,1499,0.1388
539,959,1498,0.1388
548,959,1507,0.1388
547,973,1520,0.1388
543,973,1516,0.1388
533,973,1506,0.1388
529,974,1503,0.1388
528,974,1502,0.1388
537,978,1515,0.1388
535,994,1529,0.1388
527,991,1518,0.1388
520,999,1519,0.1388
514,999,1513,0.1388
513,1008,1521,0.1388
498,1003,1501,0.1388
487,1008,1495,0.1388
481,1005,1486,0.1388
483,1004,1487,0.1388
479,1013,1492,0.1388
477,1026,1503,0.1388
478,1020,1498,0.1388
483,1022,1505,0.1388
476,1021,1497,0.1388
478,1032,1510,0.1388
479,1038,1517,0.1388
468,1034,1502,0.1388
473,1029,1502,0.1388
475,1025,1500,0.1388
469,1042,1511,0.1388
460,1041,1501,0.1388
459,1037,1496,0.1388
460,1041,1501,0.1388
459,1031,1490,0.1388
471,1037,1508,0.1388
462,1050,1512,0.1388
460,1053,1513,0.1388
467,1063,1530,0.1388
469,1059,1528,0.1388
473,1061,1534,0.1388
465,1054,1519,0.1388
461,1065,1526,0.1388
454,1058,1512,0.1388
453,1056,1509,0.1388
454,1039,1493,0.1388
453,1045,1498,0.1388
453,1049,1502,0.1388
453,1063,1516,0.1388
443,1069,1512,0.1388
445,1066,1511,0.1388
453,1066,1519,0.1388
447,1063,1510,0.1388
440,1072,1512,0.1388
441,1070,1511,0.1388
438,1064,1502,0.1388
442,1061,1503,0.1388
439,1066,1505,0.1388
440,1051,1491,0.1388
443,1062,1505,0.1388
431,1064,1495,0.1388
427,1068,1495,0.1388
426,1083,1509,0.1388
424,1082,1506,0.1388
432,1085,1517,0.1388
436,1076,1512,0.1388
434,1088,1522,0.1388
431,1088,1519,0.1388
434,1084,1518,0.1388
435,1080,1515,0.1388
440,1067,1507,0.1388
443,1063,1506,0.1388
444,1071,1515,0.1388
438,1065,1503,0.1388
437,1079,1516,0.1388
427,1076,1503,0.1388
433,1076,1509,0.1388
436,1071,1507,0.1388
434,1073,1507,0.1388
437,1048,1485,0.1388
437,1070,1507,0.1388
439,1069,1508,0.1388
446,1069,1515,0.1388
445,1071,1516,0.1388
450,1086,1536,0.1388
438,1085,1523,0.1388
441,1091,1532,0.1388
435,1093,1528,0.1388
429,1086,1515,0.1388
423,1085,1508,0.1388
425,1096,1521,0.1388
422,1093,1515,0.1388
416,1093,1509,0.1388
416,1091,1507,0.1388
412,1101,1513,0.1388
416,1100,1516,0.1388
409,1092,1501,0.1388
407,1095,1502,0.1388
406,1081,1487,0.1388
412,1092,1504,0.1388
414,1098,1512,0.1388
415,1082,1497,0.1388
411,1093,1504,0.1388
418,1101,1519,0.1388
417,1097,1514,0.1388
413,1098,1511,0.1388
414,1091,1505,0.1388
408,1105,1513,0.1388
407,1100,1507,0.1388
404,1095,1499,0.1388
402,1089,1491,0.1388
408,1091,1499,0.1388
415,1092,1507,0.1388
412,1097,1509,0.1388
406,1094,1500,0.1388
406,1096,1502,0.1388
417,1108,1525,0.1388
413,1106,1519,0.1388
413,1106,1519,0.1388
408,1098,1506,0.1388
411,1109,1520,0.1388
408,1100,1508,0.1388
410,1118,1528,0.1388
408,1115,1523,0.1388
396,1105,1501,0.1388
400,1107,1507,0.1388
401,1106,1507,0.1388
399,1115,1514,0.1388
398,1121,1519,0.1388
400,1134,1534,0.1388
392,1128,1520,0.1388
390,1127,1517,0.1388
386,1119,1505,0.1388
384,1123,1507,0.1388
386,1128,1514,0.1388
386,1125,1511,0.1388
379,1128,1507,0.1388
371,1141,1512,0.1388
365,1144,1509,0.1388
367,1152,1519,0.1388
367,1143,1510,0.1388
368,1144,1512,0.1388
362,1147,1509,0.1388
363,1150,1513,0.1388
364,1149,1513,0.1388
370,1148,1518,0.1388
374,1151,1525,0.1388
372,1147,1519,0.1388
369,1147,1516,0.1388
370,1141,1511,0.1388
373,1144,1517,0.1388
378,1141,1519,0.1388
368,1151,1519,0.1388
368,1152,1520,0.1388
365,1146,1511,0.1388
365,1153,1518,0.1388
362,1161,1523,0.1388
360,1154,1514,0.1388
359,1148,1507,0.1388
355,1144,1499,0.1388
359,1142,1501,0.1388
358,1149,1507,0.1388
356,1156,1512,0.1388
355,1144,1499,0.1388
358,1154,1512,0.1388
352,1148,1500,0.1388
356,1145,1501,0.1388
357,1148,1505,0.1388
359,1143,1502,0.1388
359,1147,1506,0.1388
358,1157,1515,0.1388
352,1156,1508,0.1388
356,1155,1511,0.1388
357,1156,1513,0.1388
359,1164,1523,0.1388
358,1163,1521,0.1388
356,1156,1512,0.1388
350,1156,1506,0.1388
354,1153,1507,0.1388
357,1149,1506,0.1388
351,1148,1499,0.1388
349,1154,1503,0.1388
348,1156,1504,0.1388
348,1164,1512,0.1388
344,1176,1520,0.1388
339,1183,1522,0.1388
336,1172,1508,0.1388
329,1173,1502,0.1388
331,1169,1500,0.1388
332,1169,1501,0.1388
332,1173,1505,0.1388
331,1175,1506,0.1388
329,1172,1501,0.1388
323,1187,1510,0.1388
323,1198,1521,0.1388
320,1200,1520,0.1388
325,1196,1521,0.1388
328,1185,1513,0.1388
324,1180,1504,0.1388
319,1180,1499,0.1388
320,1190,1510,0.1388
322,1197,1519,0.1388
324,1195,1519,0.1388
319,1191,1510,0.1388
317,1206,1523,0.1388
315,1210,1525,0.1388
318,1210,1528,0.1388
318,1213,1531,0.1388
316,1204,1520,0.1388
313,1199,1512,0.1388
317,1205,1522,0.1388
321,1191,1512,0.1388
311,1203,1514,0.1388
313,1210,1523,0.1388
314,1209,1523,0.1388
315,1205,1520,0.1388
314,1214,1528,0.1388
315,1203,1518,0.1388
315,1196,1511,0.1388
312,1205,1517,0.1388
311,1207,1518,0.1388
314,1203,1517,0.1388
312,1207,1519,0.1388
312,1209,1521,0.1388
310,1206,1516,0.1388
307,1206,1513,0.1388
314,1204,1518,0.1388
312,1203,1515,0.1388
309,1201,1510,0.1388
308,1204,1512,0.1388
307,1201,1508,0.1388
299,1203,1502,0.1388
299,1201,1500,0.1388
301,1208,1509,0.1388
299,1216,1515,0.1388
302,1211,1513,0.1388
299,1217,1516,0.1388
304,1222,1526,0.1388
299,1226,1525,0.1388
298,1224,1522,0.1388
294,1224,1518,0.1388
294,1219,1513,0.1388
291,1219,1510,0.1388
285,1215,1500,0.1388
282,1219,1501,0.1388
274,1227,1501,0.1388
278,1225,1503,0.1388
279,1238,1517,0.1388
276,1224,1500,0.1388
269,1229,1498,0.1388
274,1225,1499,0.1388
280,1230,1510,0.1388
285,1224,1509,0.1388
286,1224,1510,0.1388
279,1224,1503,0.1388
287,1225,1512,0.1388
292,1215,1507,0.1388
291,1212,1503,0.1388
288,1203,1491,0.1388
289,1215,1504,0.1388
285,1219,1504,0.1388
283,1235,1518,0.1388
284,1218,1502,0.1388
281,1227,1508,0.1388
277,1240,1517,0.1388
278,1240,1518,0.1388
271,1238,1509,0.1388
272,1227,1499,0.1388
268,1228,1496,0.1388
261,1227,1488,0.1388
262,1224,1486,0.1388
265,1242,1507,0.1388
266,1242,1508,0.1388
268,1248,1516,0.1388
269,1246,1515,0.1388
271,1231,1502,0.1388
274,1228,1502,0.1388
269,1239,1508,0.1388
274,1241,1515,0.1388
269,1249,1518,0.1388
267,1256,1523,0.1388
266,1245,1511,0.1388
264,1239,1503,0.1388
266,1243,1509,0.1388
266,1232,1498,0.1388
269,1242,1511,0.1388
260,1244,1504,0.1388
263,1245,1508,0.1388
259,1238,1497,0.1388
263,1251,1514,0.1388
259,1236,1495,0.1388
259,1245,1504,0.1388
256,1256,1512,0.1388
261,1252,1513,0.1388
256,1252,1508,0.1388
260,1240,1500,0.1388
267,1260,1527,0.1388
272,1262,1534,0.1388
269,1260,1529,0.1388
273,1262,1535,0.1388
275,1264,1539,0.1388
270,1260,1530,0.1388
269,1257,1526,0.1388
267,1255,1522,0.1388
263,1249,1512,0.1388
261,1240,1501,0.1388
263,1246,1509,0.1388
263,1249,1512,0.1388
262,1250,1512,0.1388
262,1263,1525,0.1388
260,1259,1519,0.1388
257,1241,1498,0.1388
260,1245,1505,0.1388
258,1250,1508,0.1388
259,1246,1505,0.1388
260,1253,1513,0.1388
265,1250,1515,0.1388
260,1247,1507,0.1388
262,1253,1515,0.1388
263,1252,1515,0.1388
264,1259,1523,0.1388
263,1255,1518,0.1388
260,1263,1523,0.1388
258,1263,1521,0.1388
252,1263,1515,0.1388
255,1271,1526,0.1388
250,1264,1514,0.1388
253,1270,1523,0.1388
250,1272,1522,0.1388
248,1271,1519,0.1388
246,1272,1518,0.1388
241,1286,1527,0.1388
242,1281,1523,0.1388
242,1278,1520,0.1388
240,1274,1514,0.1388
236,1280,1516,0.1388
238,1279,1517,0.1388
231,1278,1509,0.1388
236,1267,1503,0.1388
240,1271,1511,0.1388
237,1277,1514,0.1388
235,1269,1504,0.1388
239,1277,1516,0.1388
243,1281,1524,0.1388
243,1275,1518,0.1388
233,1275,1508,0.1388
233,1270,1503,0.1388
232,1282,1514,0.1388
236,1278,1514,0.1388
235,1271,1506,0.1388
235,1274,1509,0.1388
233,1275,1508,0.1388
234,1285,1519,0.1388
232,1289,1521,0.1388
232,1301,1533,0.1388
231,1290,1521,0.1388
228,1284,1512,0.1388
233,1276,1509,0.1388
225,1280,1505,0.1388
227,1291,1518,0.1388
224,1292,1516,0.1388
224,1268,1492,0.1388
225,1269,1494,0.1388
230,1283,1513,0.1388
234,1272,1506,0.1388
233,1288,1521,0.1388
225,1283,1508,0.1388
223,1277,1500,0.1388
222,1282,1504,0.1388
225,1290,1515,0.1388
224,1306,1530,0.1388
225,1306,1531,0.1388
225,1301,1526,0.1388
223,1292,1515,0.1388
225,1295,1520,0.1388
229,1282,1511,0.1388
224,1278,1502,0.1388
226,1273,1499,0.1388
228,1281,1509,0.1388
225,1288,1513,0.1388
228,1282,1510,0.1388
226,1281,1507,0.1388
227,1286,1513,0.1388
229,1295,1524,0.1388
228,1291,1519,0.1388
226,1274,1500,0.1388
222,1264,1486,0.1388
222,1274,1496,0.1388
228,1276,1504,0.1388
226,1266,1492,0.1388
235,1284,1519,0.1388
229,1285,1514,0.1388
230,1286,1516,0.1388
226,1281,1507,0.1388
225,1279,1504,0.1388
221,1287,1508,0.1388
222,1291,1513,0.1388
226,1299,1525,0.1388
225,1293,1518,0.1388
220,1296,1516,0.1388
221,1293,1514,0.1388
221,1287,1508,0.1388
221,1295,1516,0.1388
215,1307,1522,0.1388
213,1309,1522,0.1388
206,1318,1524,0.1388
205,1320,1525,0.1388
207,1304,1511,0.1388
205,1311,1516,0.1388
200,1311,1511,0.1388
198,1302,1500,0.1388
197,1317,1514,0.1388
194,1317,1511,0.1388
191,1321,1512,0.1388
192,1328,1520,0.1388
192,1319,1511,0.1388
190,1328,1518,0.1388
192,1323,1515,0.1388
187,1330,1517,0.1388
187,1333,1520,0.1388
183,1331,1514,0.1388
189,1335,1524,0.1388
180,1341,1521,0.1388
179,1345,1524,0.1388
181,1340,1521,0.1388
180,1347,1527,0.1388
178,1347,1525,0.1388
176,1346,1522,0.1388
172,1342,1514,0.1388
171,1346,1517,0.1388
167,1349,1516,0.1388
163,1349,1512,0.1388
162,1352,1514,0.1388
160,1360,1520,0.1388
155,1360,1515,0.1388
161,1354,1515,0.1388
160,1356,1516,0.1388
154,1357,1511,0.1388
155,1344,1499,0.1388
151,1357,1508,0.1388
149,1369,1518,0.1388
154,1358,1512,0.1388
153,1361,1514,0.1388
153,1376,1529,0.1388
146,1369,1515,0.1388
144,1372,1516,0.1388
138,1377,1515,0.1388
142,1376,1518,0.1388
143,1377,1520,0.1388
144,1363,1507,0.1388
140,1376,1516,0.1388
141,1378,1519,0.1388
142,1372,1514,0.1388
143,1363,1506,0.1388
143,1367,1510,0.1388
144,1364,1508,0.1388
142,1366,1508,0.1388
146,1375,1521,0.1388
148,1378,1526,0.1388
149,1375,1524,0.1388
146,1366,1512,0.1388
147,1369,1516,0.1388
144,1359,1503,0.1388
146,1357,1503,0.1388
148,1360,1508,0.1388
150,1360,1510,0.1388
149,1374,1523,0.1388
151,1371,1522,0.1388
155,1372,1527,0.1388
154,1363,1517,0.1388
159,1355,1514,0.1388
155,1359,1514,0.1388
157,1354,1511,0.1388
154,1374,1528,0.1388
149,1383,1532,0.1388
148,1370,1518,0.1388
145,1368,1513,0.1388
144,1369,1513,0.1388
144,1371,1515,0.1388
144,1354,1498,0.1388
143,1369,1512,0.1388
142,1370,1512,0.1388
142,1369,1511,0.1388
139,1372,1511,0.1388
139,1376,1515,0.1388
140,1373,1513,0.1388
141,1369,1510,0.1388
137,1374,1511,0.1388
137,1379,1516,0.1388
136,1378,1514,0.1388
137,1389,1526,0.1388
136,1398,1534,0.1388
134,1403,1537,0.1388
133,1398,1531,0.1388
132,1393,1525,0.1388
126,1393,1519,0.1388
127,1400,1527,0.1388
126,1393,1519,0.1388
123,1386,1509,0.1388
119,1384,1503,0.1388
120,1396,1516,0.1388
117,1401,1518,0.1388
118,1406,1524,0.1388
122,1399,1521,0.1388
121,1390,1511,0.1388
120,1397,1517,0.1388
119,1398,1517,0.1388
117,1398,1515,0.1388
117,1397,1514,0.1388
117,1397,1514,0.1388
115,1384,1499,0.1388
115,1387,1502,0.1388
114,1394,1508,0.1388
109,1407,1516,0.1388
112,1402,1514,0.1388
109,1400,1509,0.1388
106,1405,1511,0.1388
108,1386,1494,0.1388
113,1401,1514,0.1388
106,1402,1508,0.1388
104,1391,1495,0.1388
106,1404,1510,0.1388
104,1406,1510,0.1388
106,1399,1505,0.1388
103,1404,1507,0.1388
103,1415,1518,0.1388
103,1416,1519,0.1388
103,1412,1515,0.1388
103,1404,1507,0.1388
106,1409,1515,0.1388
107,1401,1508,0.1388
107,1410,1517,0.1388
104,1402,1506,0.1388
104,1401,1505,0.1388
106,1395,1501,0.1388
106,1403,1509,0.1388
105,1407,1512,0.1388
105,1407,1512,0.1388
105,1407,1512,0.1388
108,1412,1520,0.1388
108,1409,1517,0.1388
109,1410,1519,0.1388
106,1408,1514,0.1388
107,1398,1505,0.1388
106,1396,1502,0.1388
105,1409,1514,0.1388
107,1405,1512,0.1388
109,1408,1517,0.1388
110,1408,1518,0.1388
107,1407,1514,0.1388
107,1406,1513,0.1388
107,1408,1515,0.1388
110,1411,1521,0.1388
107,1414,1521,0.1388
108,1415,1523,0.1388
107,1401,1508,0.1388
105,1406,1511,0.1388
104,1416,1520,0.1388
109,1420,1529,0.1388
109,1424,1533,0.1388
108,1415,1523,0.1388
107,1418,1525,0.1388
109,1415,1524,0.1388
111,1412,1523,0.1388
109,1414,1523,0.1388
107,1408,1515,0.1388
109,1409,1518,0.1388
110,1395,1505,0.1388
108,1409,1517,0.1388
105,1414,1519,0.1388
104,1416,1520,0.1388
100,1402,1502,0.1388
98,1408,1506,0.1388
99,1413,1512,0.1388
98,1426,1524,0.1388
95,1426,1521,0.1388
97,1418,1515,0.1388
95,1418,1513,0.1388
94,1411,1505,0.1388
96,1421,1517,0.1388
97,1412,1509,0.1388
98,1412,1510,0.1388
99,1417,1516,0.1388
98,1424,1522,0.1388
98,1412,1510,0.1388
98,1403,1501,0.1388
100,1419,1519,0.1388
99,1416,1515,0.1388
96,1419,1515,0.1388
95,1421,1516,0.1388
91,1421,1512,0.1388
92,1417,1509,0.1388
94,1413,1507,0.1388
94,1416,1510,0.1388
89,1419,1508,0.1388
90,1419,1509,0.1388
89,1431,1520,0.1388
90,1427,1517,0.1388
87,1415,1502,0.1388
88,1402,1490,0.1388
86,1420,1506,0.1388
87,1426,1513,0.1388
86,1443,1529,0.1388
84,1431,1515,0.1388
84,1427,1511,0.1388
85,1422,1507,0.1388
82,1427,1509,0.1388
79,1425,1504,0.1388
79,1427,1506,0.1388
81,1447,1528,0.1388
83,1443,1526,0.1388
80,1449,1529,0.1388
76,1438,1514,0.1388
71,1430,1501,0.1388
73,1429,1502,0.1388
73,1424,1497,0.1388
72,1435,1507,0.1388
74,1436,1510,0.1388
72,1442,1514,0.1388
75,1455,1530,0.1388
75,1453,1528,0.1388
73,1453,1526,0.1388
75,1454,1529,0.1388
76,1447,1523,0.1388
77,1445,1522,0.1388
72,1442,1514,0.1388
70,1447,1517,0.1388
73,1453,1526,0.1388
72,1452,1524,0.1388
74,1444,1518,0.1388
70,1446,1516,0.1388
72,1445,1517,0.1388
72,1448,1520,0.1388
71,1431,1502,0.1388
70,1426,1496,0.1388
68,1444,1512,0.1388
67,1441,1508,0.1388
66,1433,1499,0.1388
66,1435,1501,0.1388
66,1444,1510,0.1388
66,1445,1511,0.1388
65,1453,1518,0.1388
67,1444,1511,0.1388
63,1444,1507,0.1388
64,1450,1514,0.1388
64,1450,1514,0.1388
64,1456,1520,0.1388
63,1446,1509,0.1388
63,1464,1527,0.1388
65,1460,1525,0.1388
65,1459,1524,0.1388
64,1459,1523,0.1388
61,1464,1525,0.1388
63,1465,1528,0.1388
62,1459,1521,0.1388
61,1447,1508,0.1388
59,1448,1507,0.1388
60,1468,1528,0.1388
63,1463,1526,0.1388
63,1467,1530,0.1388
63,1449,1512,0.1388
64,1454,1518,0.1388
64,1448,1512,0.1388
64,1447,1511,0.1388
66,1451,1517,0.1388
66,1459,1525,0.1388
67,1449,1516,0.1388
69,1443,1512,0.1388
69,1455,1524,0.1388
69,1460,1529,0.1388
67,1457,1524,0.1388
66,1445,1511,0.1388
64,1444,1508,0.1388
62,1442,1504,0.1388
65,1448,1513,0.1388
66,1454,1520,0.1388
65,1439,1504,0.1388
65,1430,1495,0.1388
64,1420,1484,0.1388
63,1439,1502,0.1388
63,1439,1502,0.1388
64,1440,1504,0.1388
63,1430,1493,0.1388
65,1452,1517,0.1388
64,1448,1512,0.1388
63,1458,1521,0.1388
64,1450,1514,0.1388
67,1462,1529,0.1388
68,1462,1530,0.1388
70,1449,1519,0.1388
69,1445,1514,0.1388
67,1445,1512,0.1388
68,1454,1522,0.1388
66,1455,1521,0.1388
66,1455,1521,0.1388
67,1454,1521,0.1388
68,1454,1522,0.1388
66,1450,1516,0.1388
66,1456,1522,0.1388
66,1455,1521,0.1388
63,1461,1524,0.1388
60,1466,1526,0.1388
60,1472,1532,0.1388
59,1465,1524,0.1388
60,1462,1522,0.1388
60,1455,1515,0.1388
60,1456,1516,0.1388
61,1456,1517,0.1388
63,1457,1520,0.1388
63,1459,1522,0.1388
63,1447,1510,0.1388
63,1439,1502,0.1388
66,1443,1509,0.1388
66,1460,1526,0.1388
69,1453,1522,0.1388
71,1440,1511,0.1388
71,1436,1507,0.1388
72,1431,1503,0.1388
71,1417,1488,0.1388
71,1427,1498,0.1388
72,1442,1514,0.1388
69,1451,1520,0.1388
70,1452,1522,0.1388
68,1436,1504,0.1388
65,1447,1512,0.1388
64,1451,1515,0.1388
64,1452,1516,0.1388
63,1451,1514,0.1388
61,1460,1521,0.1388
61,1460,1521,0.1388
62,1449,1511,0.1388
63,1445,1508,0.1388
66,1446,1512,0.1388
67,1459,1526,0.1388
67,1464,1531,0.1388
66,1463,1529,0.1388
68,1456,1524,0.1388
69,1446,1515,0.1388
65,1448,1513,0.1388
67,1449,1516,0.1388
69,1445,1514,0.1388
69,1437,1506,0.1388
72,1449,1521,0.1388
77,1455,1532,0.1388
77,1454,1531,0.1388
73,1446,1519,0.1388
71,1441,1512,0.1388
73,1442,1515,0.1388
79,1446,1525,0.1388
76,1441,1517,0.1388
76,1453,1529,0.1388
75,1446,1521,0.1388
75,1446,1521,0.1388
75,1452,1527,0.1388
74,1442,1516,0.1388
75,1450,1525,0.1388
74,1453,1527,0.1388
77,1447,1524,0.1388
81,1445,1526,0.1388
81,1438,1519,0.1388
81,1440,1521,0.1388
83,1441,1524,0.1388
78,1439,1517,0.1388
77,1432,1509,0.1388
76,1442,1518,0.1388
74,1443,1517,0.1388
75,1448,1523,0.1388
74,1440,1514,0.1388
74,1438,1512,0.1388
71,1433,1504,0.1388
69,1436,1505,0.1388
68,1448,1516,0.1388
68,1458,1526,0.1388
65,1454,1519,0.1388
67,1452,1519,0.1388
66,1459,1525,0.1388
63,1453,1516,0.1388
65,1463,1528,0.1388
66,1448,1514,0.1388
65,1446,1511,0.1388
63,1449,1512,0.1388
64,1442,1506,0.1388
64,1434,1498,0.1388
65,1459,1524,0.1388
61,1450,1511,0.1388
61,1452,1513,0.1388
61,1457,1518,0.1388
62,1458,1520,0.1388
62,1464,1526,0.1388
62,1462,1524,0.1388
60,1466,1526,0.1388
59,1463,1522,0.1388
61,1461,1522,0.1388
61,1467,1528,0.1388
62,1469,1531,0.1388
63,1454,1517,0.1388
61,1462,1523,0.1388
59,1454,1513,0.1388
58,1436,1494,0.1388
54,1443,1497,0.1388
52,1449,1501,0.1388
53,1467,1520,0.1388
56,1450,1506,0.1388
58,1450,1508,0.1388
59,1445,1504,0.1388
58,1457,1515,0.1388
60,1444,1504,0.1388
61,1441,1502,0.1388
62,1446,1508,0.1388
62,1446,1508,0.1388
61,1453,1514,0.1388
61,1455,1516,0.1388
63,1459,1522,0.1388
62,1458,1520,0.1388
63,1452,1515,0.1388
63,1453,1516,0.1388
63,1453,1516,0.1388
63,1463,1526,0.1388
62,1466,1528,0.1388
59,1458,1517,0.1388
59,1471,1530,0.1388
59,1469,1528,0.1388
57,1465,1522,0.1388
59,1460,1519,0.1388
60,1457,1517,0.1388
60,1464,1524,0.1388
59,1464,1523,0.1388
58,1450,1508,0.1388
59,1458,1517,0.1388
60,1463,1523,0.1388
57,1451,1508,0.1388
58,1457,1515,0.1388
60,1444,1504,0.1388
58,1451,1509,0.1388
60,1466,1526,0.1388
61,1474,1535,0.1388
62,1461,1523,0.1388
62,1471,1533,0.1388
61,1466,1527,0.1388
60,1464,1524,0.1388
61,1455,1516,0.1388
60,1451,1511,0.1388
61,1461,1522,0.1388
60,1456,1516,0.1388
59,1449,1508,0.1388
57,1448,1505,0.1388
62,1450,1512,0.1388
62,1461,1523,0.1388
62,1451,1513,0.1388
63,1445,1508,0.1388
62,1452,1514,0.1388
63,1463,1526,0.1388
65,1463,1528,0.1388
66,1461,1527,0.1388
62,1467,1529,0.1388
63,1473,1536,0.1388
63,1472,1535,0.1388
58,1461,1519,0.1388
57,1448,1505,0.1388
54,1449,1503,0.1388
55,1455,1510,0.1388
55,1453,1508,0.1388
56,1451,1507,0.1388
58,1460,1518,0.1388
61,1456,1517,0.1388
60,1445,1505,0.1388
60,1452,1512,0.1388
61,1455,1516,0.1388
60,1459,1519,0.1388
61,1469,1530,0.1388
61,1459,1520,0.1388
59,1462,1521,0.1388
61,1462,1523,0.1388
59,1458,1517,0.1388
58,1456,1514,0.1388
59,1462,1521,0.1388
58,1451,1509,0.1388
59,1453,1512,0.1388
59,1456,1515,0.1388
56,1459,1515,0.1388
57,1460,1517,0.1388
58,1462,1520,0.1388
58,1448,1506,0.1388
58,1467,1525,0.1388
56,1469,1525,0.1388
56,1481,1537,0.1388
57,1474,1531,0.1388
55,1464,1519,0.1388
54,1467,1521,0.1388
55,1464,1519,0.1388
55,1463,1518,0.1388
55,1457,1512,0.1388
57,1455,1512,0.1388
54,1455,1509,0.1388
56,1458,1514,0.1388
57,1454,1511,0.1388
58,1441,1499,0.1388
60,1455,1515,0.1388
60,1462,1522,0.1388
62,1460,1522,0.1388
60,1447,1507,0.1388
60,1442,1502,0.1388
60,1446,1506,0.1388
59,1455,1514,0.1388
57,1458,1515,0.1388
58,1458,1516,0.1388
59,1446,1505,0.1388
60,1457,1517,0.1388
58,1461,1519,0.1388
57,1467,1524,0.1388
55,1458,1513,0.1388
56,1447,1503,0.1388
57,1458,1515,0.1388
57,1454,1511,0.1388
59,1448,1507,0.1388
59,1451,1510,0.1388
60,1462,1522,0.1388
59,1466,1525,0.1388
58,1461,1519,0.1388
61,1463,1524,0.1388
61,1456,1517,0.1388
60,1451,1511,0.1388
59,1450,1509,0.1388
60,1448,1508,0.1388
62,1450,1512,0.1388
60,1440,1500,0.1388
59,1440,1499,0.1388
58,1450,1508,0.1388
58,1460,1518,0.1388
57,1450,1507,0.1388
57,1446,1503,0.1388
58,1458,1516,0.1388
58,1454,1512,0.1388
57,1461,1518,0.1388
58,1465,1523,0.1388
60,1459,1519,0.1388
62,1458,1520,0.1388
60,1457,1517,0.1388
60,1451,1511,0.1388
58,1448,1506,0.1388
60,1453,1513,0.1388
60,1451,1511,0.1388
58,1450,1508,0.1388
57,1456,1513,0.1388
56,1452,1508,0.1388
56,1457,1513,0.1388
55,1439,1494,0.1388
54,1439,1493,0.1388
54,1452,1506,0.1388
54,1455,1509,0.1388
54,1453,1507,0.1388
53,1448,1501,0.1388
54,1462,1516,0.1388
57,1463,1520,0.1388
58,1457,1515,0.1388
56,1464,1520,0.1388
56,1463,1519,0.1388
55,1443,1498,0.1388
54,1472,1526,0.1388
54,1462,1516,0.1388
53,1476,1529,0.1388
50,1468,1518,0.1388
51,1467,1518,0.1388
51,1463,1514,0.1388
51,1474,1525,0.1388
51,1456,1507,0.1388
49,1466,1515,0.1388
51,1481,1532,0.1388
51,1475,1526,0.1388
50,1476,1526,0.1388
50,1467,1517,0.1388
49,1463,1512,0.1388
46,1481,1527,0.1388
44,1480,1524,0.1388
44,1482,1526,0.1388
43,1482,1525,0.1388
42,1479,1521,0.1388
43,1472,1515,0.1388
42,1484,1526,0.1388
42,1471,1513,0.1388
42,1473,1515,0.1388
44,1482,1526,0.1388
44,1476,1520,0.1388
43,1482,1525,0.1388
41,1485,1526,0.1388
41,1482,1523,0.1388
41,1473,1514,0.1388
41,1472,1513,0.1388
40,1485,1525,0.1388
38,1476,1514,0.1388
36,1484,1520,0.1388
37,1478,1515,0.1388
38,1480,1518,0.1388
40,1469,1509,0.1388
41,1470,1511,0.1388
41,1470,1511,0.1388
39,1470,1509,0.1388
38,1482,1520,0.1388
37,1487,1524,0.1388
38,1489,1527,0.1388
36,1486,1522,0.1388
37,1482,1519,0.1388
37,1477,1514,0.1388
37,1478,1515,0.1388
36,1466,1502,0.1388
38,1474,1512,0.1388
37,1471,1508,0.1388
34,1464,1498,0.1388
36,1469,1505,0.1388
35,1474,1509,0.1388
35,1479,1514,0.1388
33,1481,1514,0.1388
34,1489,1523,0.1388
33,1486,1519,0.1388
32,1482,1514,0.1388
34,1487,1521,0.1388
35,1494,1529,0.1388
34,1485,1519,0.1388
35,1494,1529,0.1388
35,1486,1521,0.1388
33,1497,1530,0.1388
35,1486,1521,0.1388
36,1480,1516,0.1388
36,1488,1524,0.1388
37,1479,1516,0.1388
37,1487,1524,0.1388
35,1487,1522,0.1388
36,1484,1520,0.1388
33,1488,1521,0.1388
34,1485,1519,0.1388
27,1481,1508,0.1388
27,1490,1517,0.1388
27,1497,1524,0.1388
26,1489,1515,0.1388
28,1480,1508,0.1388
27,1476,1503,0.1388
25,1499,1524,0.1388
25,1499,1524,0.1388
26,1486,1512,0.1388
25,1485,1510,0.1388
24,1487,1511,0.1388
23,1496,1519,0.1388
24,1491,1515,0.1388
24,1486,1510,0.1388
24,1491,1515,0.1388
24,1490,1514,0.1388
25,1491,1516,0.1388
25,1502,1527,0.1388
24,1492,1516,0.1388
24,1485,1509,0.1388
23,1491,1514,0.1388
23,1497,1520,0.1388
22,1507,1529,0.1388
21,1503,1524,0.1388
21,1504,1525,0.1388
22,1493,1515,0.1388
23,1492,1515,0.1388
24,1485,1509,0.1388
24,1495,1519,0.1388
23,1486,1509,0.1388
22,1498,1520,0.1388
23,1493,1516,0.1388
22,1496,1518,0.1388
23,1493,1516,0.1388
24,1489,1513,0.1388
24,1496,1520,0.1388
22,1501,1523,0.1388
22,1503,1525,0.1388
21,1500,1521,0.1388
19,1499,1518,0.1388
20,1501,1521,0.1388
20,1506,1526,0.1388
20,1497,1517,0.1388
20,1480,1500,0.1388
21,1479,1500,0.1388
20,1474,1494,0.1388
19,1484,1503,0.1388
20,1479,1499,0.1388
20,1494,1514,0.1388
19,1492,1511,0.1388
19,1488,1507,0.1388
19,1499,1518,0.1388
21,1487,1508,0.1388
21,1499,1520,0.1388
21,1494,1515,0.1388
22,1490,1512,0.1388
22,1498,1520,0.1388
23,1498,1521,0.1388
22,1502,1524,0.1388
22,1494,1516,0.1388
21,1487,1508,0.1388
22,1487,1509,0.1388
21,1499,1520,0.1388
21,1506,1527,0.1388
21,1502,1523,0.1388
23,1501,1524,0.1388
22,1496,1518,0.1388
22,1481,1503,0.1388
20,1486,1506,0.1388
18,1502,1520,0.1388
19,1507,1526,0.1388
20,1502,1522,0.1388
20,1504,1524,0.1388
21,1508,1529,0.1388
22,1514,1536,0.1388
22,1509,1531,0.1388
21,1502,1523,0.1388
21,1494,1515,0.1388
20,1494,1514,0.1388
21,1491,1512,0.1388
21,1479,1500,0.1388
21,1502,1523,0.1388
19,1495,1514,0.1388
19,1484,1503,0.1388
19,1492,1511,0.1388
19,1509,1528,0.1388
18,1496,1514,0.1388
19,1498,1517,0.1388
20,1510,1530,0.1388
21,1505,1526,0.1388
23,1495,1518,0.1388
23,1493,1516,0.1388
24,1494,1518,0.1388
23,1487,1510,0.1388
23,1480,1503,0.1388
23,1482,1505,0.1388
25,1467,1492,0.1388
25,1480,1505,0.1388
23,1491,1514,0.1388
23,1485,1508,0.1388
24,1483,1507,0.1388
24,1487,1511,0.1388
22,1497,1519,0.1388
23,1498,1521,0.1388
23,1496,1519,0.1388
22,1507,1529,0.1388
22,1511,1533,0.1388
23,1505,1528,0.1388
23,1509,1532,0.1388
24,1498,1522,0.1388
23,1495,1518,0.1388
24,1493,1517,0.1388
23,1485,1508,0.1388
24,1505,1529,0.1388
24,1500,1524,0.1388
23,1490,1513,0.1388
23,1491,1514,0.1388
25,1487,1512,0.1388
26,1502,1528,0.1388
26,1496,1522,0.1388
25,1497,1522,0.1388
24,1491,1515,0.1388
24,1495,1519,0.1388
23,1486,1509,0.1388
22,1481,1503,0.1388
23,1487,1510,0.1388
23,1481,1504,0.1388
22,1482,1504,0.1388
25,1485,1510,0.1388
25,1483,1508,0.1388
26,1492,1518,0.1388
25,1490,1515,0.1388
24,1498,1522,0.1388
23,1506,1529,0.1388
24,1502,1526,0.1388
25,1494,1519,0.1388
24,1493,1517,0.1388
23,1505,1528,0.1388
23,1490,1513,0.1388
24,1498,1522,0.1388
26,1486,1512,0.1388
27,1482,1509,0.1388
27,1471,1498,0.1388
28,1486,1514,0.1388
28,1479,1507,0.1388
28,1489,1517,0.1388
27,1492,1519,0.1388
27,1482,1509,0.1388
26,1483,1509,0.1388
26,1489,1515,0.1388
28,1485,1513,0.1388
28,1500,1528,0.1388
28,1486,1514,0.1388
29,1479,1508,0.1388
29,1479,1508,0.1388
31,1477,1508,0.1388
30,1470,1500,0.1388
32,1474,1506,0.1388
31,1481,1512,0.1388
32,1483,1515,0.1388
33,1483,1516,0.1388
35,1495,1530,0.1388
33,1502,1535,0.1388
33,1505,1538,0.1388
34,1502,1536,0.1388
35,1494,1529,0.1388
32,1488,1520,0.1388
31,1485,1516,0.1388
33,1490,1523,0.1388
31,1484,1515,0.1388
29,1496,1525,0.1388
29,1478,1507,0.1388
28,1487,1515,0.1388
28,1489,1517,0.1388
29,1487,1516,0.1388
28,1484,1512,0.1388
28,1479,1507,0.1388
26,1491,1517,0.1388
24,1498,1522,0.1388
24,1494,1518,0.1388
26,1492,1518,0.1388
26,1497,1523,0.1388
26,1494,1520,0.1388
27,1498,1525,0.1388
27,1503,1530,0.1388
27,1495,1522,0.1388
25,1490,1515,0.1388
28,1480,1508,0.1388
27,1487,1514,0.1388
29,1487,1516,0.1388
30,1486,1516,0.1388
28,1495,1523,0.1388
27,1491,1518,0.1388
26,1493,1519,0.1388
26,1481,1507,0.1388
27,1484,1511,0.1388
28,1496,1524,0.1388
28,1508,1536,0.1388
28,1498,1526,0.1388
26,1492,1518,0.1388
25,1488,1513,0.1388
24,1497,1521,0.1388
25,1498,1523,0.1388
25,1484,1509,0.1388
24,1484,1508,0.1388
25,1491,1516,0.1388
24,1495,1519,0.1388
24,1494,1518,0.1388
25,1477,1502,0.1388
25,1479,1504,0.1388
23,1490,1513,0.1388
23,1501,1524,0.1388
24,1501,1525,0.1388
22,1503,1525,0.1388
23,1507,1530,0.1388
23,1501,1524,0.1388
21,1485,1506,0.1388
20,1483,1503,0.1388
22,1484,1506,0.1388
21,1490,1511,0.1388
19,1491,1510,0.1388
20,1496,1516,0.1388
20,1500,1520,0.1388
19,1500,1519,0.1388
20,1503,1523,0.1388
18,1489,1507,0.1388
19,1482,1501,0.1388
19,1487,1506,0.1388
19,1493,1512,0.1388
18,1490,1508,0.1388
18,1497,1515,0.1388
18,1497,1515,0.1388
19,1511,1530,0.1388
18,1501,1519,0.1388
19,1504,1523,0.1388
19,1496,1515,0.1388
18,1506,1524,0.1388
19,1512,1531,0.1388
20,1503,1523,0.1388
18,1496,1514,0.1388
18,1492,1510,0.1388
16,1488,1504,0.1388
17,1483,1500,0.1388
17,1488,1505,0.1388
16,1486,1502,0.1388
17,1484,1501,0.1388
17,1497,1514,0.1388
17,1503,1520,0.1388
18,1499,1517,0.1388
18,1505,1523,0.1388
17,1491,1508,0.1388
15,1506,1521,0.1388
15,1506,1521,0.1388
15,1507,1522,0.1388
15,1501,1516,0.1388
15,1504,1519,0.1388
15,1501,1516,0.1388
15,1505,1520,0.1388
13,1488,1501,0.1388
13,1496,1509,0.1388
13,1501,1514,0.1388
13,1508,1521,0.1388
12,1499,1511,0.1388
12,1501,1513,0.1388
11,1492,1503,0.1388
11,1505,1516,0.1388
10,1500,1510,0.1388
9,1511,1520,0.1388
9,1509,1518,0.1388
9,1496,1505,0.1388
8,1493,1501,0.1388
8,1488,1496,0.1388
8,1489,1497,0.1388
9,1511,1520,0.1388
9,1511,1520,0.1388
9,1520,1529,0.1388
10,1512,1522,0.1388
10,1516,1526,0.1388
9,1516,1525,0.1388
9,1506,1515,0.1388
9,1502,1511,0.1388
9,1492,1501,0.1388
10,1499,1509,0.1388
10,1512,1522,0.1388
10,1506,1516,0.1388
10,1503,1513,0.1388
11,1507,1518,0.1388
11,1506,1517,0.1388
11,1501,1512,0.1388
11,1509,1520,0.1388
11,1509,1520,0.1388
11,1514,1525,0.1388
11,1502,1513,0.1388
10,1511,1521,0.1388
10,1512,1522,0.1388
10,1499,1509,0.1388
10,1500,1510,0.1388
10,1502,1512,0.1388
9,1497,1506,0.1388
10,1507,1517,0.1388
10,1502,1512,0.1388
10,1512,1522,0.1388
10,1517,1527,0.1388
9,1507,1516,0.1388
9,1509,1518,0.1388
9,1507,1516,0.1388
9,1509,1518,0.1388
9,1507,1516,0.1388
9,1514,1523,0.1388
9,1508,1517,0.1388
10,1504,1514,0.1388
9,1521,1530,0.1388
9,1507,1516,0.1388
9,1514,1523,0.1388
9,1526,1535,0.1388
9,1528,1537,0.1388
10,1525,1535,0.1388
10,1503,1513,0.1388
10,1495,1505,0.1388
10,1505,1515,0.1388
10,1488,1498,0.1388
10,1486,1496,0.1388
10,1500,1510,0.1388
10,1505,1515,0.1388
12,1497,1509,0.1388
12,1499,1511,0.1388
12,1512,1524,0.1388
11,1515,1526,0.1388
12,1518,1530,0.1388
12,1526,1538,0.1388
11,1505,1516,0.1388
10,1514,1524,0.1388
12,1501,1513,0.1388
11,1508,1519,0.1388
11,1503,1514,0.1388
10,1502,1512,0.1388
11,1497,1508,0.1388
13,1505,1518,0.1388
14,1500,1514,0.1388
13,1509,1522,0.1388
13,1506,1519,0.1388
13,1496,1509,0.1388
12,1505,1517,0.1388
12,1501,1513,0.1388
12,1499,1511,0.1388
12,1492,1504,0.1388
12,1501,1513,0.1388
12,1499,1511,0.1388
11,1508,1519,0.1388
11,1500,1511,0.1388
10,1493,1503,0.1388
10,1500,1510,0.1388
10,1499,1509,0.1388
9,1497,1506,0.1388
8,1495,1503,0.1388
7,1493,1500,0.1388
8,1504,1512,0.1388
8,1500,1508,0.1388
9,1503,1512,0.1388
8,1521,1529,0.1388
9,1518,1527,0.1388
11,1514,1525,0.1388
10,1499,1509,0.1388
9,1488,1497,0.1388
9,1486,1495,0.1388
9,1481,1490,0.1388
10,1486,1496,0.1388
12,1487,1499,0.1388
12,1488,1500,0.1388
11,1503,1514,0.1388
11,1496,1507,0.1388
11,1514,1525,0.1388
10,1504,1514,0.1388
10,1508,1518,0.1388
9,1508,1517,0.1388
9,1508,1517,0.1388
9,1508,1517,0.1388
9,1500,1509,0.1388
9,1491,1500,0.1388
9,1507,1516,0.1388
9,1495,1504,0.1388
9,1503,1512,0.1388
10,1512,1522,0.1388
10,1516,1526,0.1388
9,1512,1521,0.1388
10,1505,1515,0.1388
10,1493,1503,0.1388
10,1489,1499,0.1388
10,1506,1516,0.1388
11,1495,1506,0.1388
9,1497,1506,0.1388
11,1507,1518,0.1388
11,1499,1510,0.1388
10,1512,1522,0.1388
10,1507,1517,0.1388
9,1491,1500,0.1388
9,1495,1504,0.1388
10,1504,1514,0.1388
10,1518,1528,0.1388
9,1506,1515,0.1388
10,1494,1504,0.1388
10,1486,1496,0.1388
10,1483,1493,0.1388
10,1506,1516,0.1388
10,1502,1512,0.1388
10,1504,1514,0.1388
10,1490,1500,0.1388
10,1504,1514,0.1388
10,1505,1515,0.1388
10,1505,1515,0.1388
10,1514,1524,0.1388
11,1502,1513,0.1388
11,1507,1518,0.1388
11,1509,1520,0.1388
11,1500,1511,0.1388
11,1506,1517,0.1388
11,1510,1521,0.1388
10,1514,1524,0.1388
10,1513,1523,0.1388
10,1502,1512,0.1388
10,1502,1512,0.1388
9,1502,1511,0.1388
9,1501,1510,0.1388
9,1506,1515,0.1388
9,1509,1518,0.1388
10,1516,1526,0.1388
10,1523,1533,0.1388
9,1518,1527,0.1388
8,1508,1516,0.1388
8,1512,1520,0.1388
8,1509,1517,0.1388
8,1517,1525,0.1388
8,1520,1528,0.1388
8,1526,1534,0.1388
8,1516,1524,0.1388
8,1511,1519,0.1388
8,1518,1526,0.1388
8,1498,1506,0.1388
7,1494,1501,0.1388
7,1512,1519,0.1388
7,1516,1523,0.1388
7,1515,1522,0.1388
7,1512,1519,0.1388
7,1526,1533,0.1388
7,1524,1531,0.1388
7,1514,1521,0.1388
6,1505,1511,0.1388
6,1511,1517,0.1388
6,1509,1515,0.1388
6,1512,1518,0.1388
6,1511,1517,0.1388
6,1521,1527,0.1388
6,1528,1534,0.1388
6,1509,1515,0.1388
6,1507,1513,0.1388
5,1518,1523,0.1388
5,1525,1530,0.1388
5,1517,1522,0.1388
5,1512,1517,0.1388
5,1519,1524,0.1388
6,1507,1513,0.1388
6,1502,1508,0.1388
5,1519,1524,0.1388
4,1510,1514,0.1388
5,1518,1523,0.1388
5,1523,1528,0.1388
5,1521,1526,0.1388
5,1526,1531,0.1388
5,1518,1523,0.1388
5,1516,1521,0.1388
5,1522,1527,0.1388
5,1509,1514,0.1388
5,1510,1515,0.1388
5,1521,1526,0.1388
5,1516,1521,0.1388
5,1503,1508,0.1388
5,1509,1514,0.1388
5,1515,1520,0.1388
4,1507,1511,0.1388
4,1511,1515,0.1388
4,1512,1516,0.1388
4,1527,1531,0.1388
4,1528,1532,0.1388
4,1515,1519,0.1388
4,1499,1503,0.1388
4,1507,1511,0.1388
4,1521,1525,0.1388
4,1522,1526,0.1388
4,1512,1516,0.1388
3,1521,1524,0.1388
3,1514,1517,0.1388
3,1507,1510,0.1388
3,1507,1510,0.1388
3,1512,1515,0.1388
3,1523,1526,0.1388
3,1525,1528,0.1388
3,1532,1535,0.1388
4,1531,1535,0.1388
4,1526,1530,0.1388
4,1527,1531,0.1388
3,1528,1531,0.1388
4,1503,1507,0.1388
4,1512,1516,0.1388
4,1528,1532,0.1388
4,1525,1529,0.1388
3,1524,1527,0.1388
3,1529,1532,0.1388
3,1540,1543,0.1388
3,1520,1523,0.1388
3,1512,1515,0.1388
3,1516,1519,0.1388
3,1518,1521,0.1388
3,1525,1528,0.1388
3,1515,1518,0.1388
3,1516,1519,0.1388
3,1504,1507,0.1388
3,1503,1506,0.1388
3,1492,1495,0.1388
3,1493,1496,0.1388
3,1504,1507,0.1388
3,1512,1515,0.1388
3,1520,1523,0.1388
2,1516,1518,0.1388
2,1520,1522,0.1388
2,1524,1526,0.1388
2,1527,1529,0.1388
2,1520,1522,0.1388
2,1516,1518,0.1388
2,1498,1500,0.1388
2,1509,1511,0.1388
2,1509,1511,0.1388
2,1505,1507,0.1388
2,1512,1514,0.1388
2,1507,1509,0.1388
2,1517,1519,0.1388
1,1530,1531,0.1388
1,1527,1528,0.1388
1,1509,1510,0.1388
1,1511,1512,0.1388
1,1502,1503,0.1388
1,1505,1506,0.1388
1,1517,1518,0.1388
1,1529,1530,0.1388
1,1517,1518,0.1388
1,1529,1530,0.1388
1,1517,1518,0.1388
2,1518,1520,0.1388
2,1518,1520,0.1388
2,1514,1516,0.1388
2,1513,1515,0.1388
2,1522,1524,0.1388
1,1533,1534,0.1388
1,1524,1525,0.1388
1,1502,1503,0.1388
1,1505,1506,0.1388
1,1499,1500,0.1388
1,1503,1504,0.1388
0,1506,1506,0.1388
