1372,29,1401,0.1388
1397,33,1430,0.1388
1411,34,1445,0.1388
1446,34,1480,0.1388
1443,37,1480,0.1388
1449,36,1485,0.1388
1452,37,1489,0.1388
1452,37,1489,0.1388
1458,37,1495,0.1388
1455,37,1492,0.1388
1447,38,1485,0.1388
1455,39,1494,0.1388
1454,44,1498,0.1388
1453,42,1495,0.1388
1454,41,1495,0.1388
1449,39,1488,0.1388
1466,42,1508,0.1388
1468,45,1513,0.1388
1462,43,1505,0.1388
1476,43,1519,0.1388
1464,44,1508,0.1388
1458,43,1501,0.1388
1454,42,1496,0.1388
1451,42,1493,0.1388
1451,42,1493,0.1388
1452,41,1493,0.1388
1440,39,1479,0.1388
1445,36,1481,0.1388
1440,38,1478,0.1388
1446,36,1482,0.1388
1451,34,1485,0.1388
1458,36,1494,0.1388
1458,41,1499,0.1388
1457,41,1498,0.1388
1452,38,1490,0.1388
1452,38,1490,0.1388
1455,37,1492,0.1388
1454,36,1490,0.1388
1457,34,1491,0.1388
1475,34,1509,0.1388
1473,33,1506,0.1388
1468,32,1500,0.1388
1467,31,1498,0.1388
1449,30,1479,0.1388
1444,30,1474,0.1388
1461,30,1491,0.1388
1466,30,1496,0.1388
1470,28,1498,0.1388
1460,30,1490,0.1388
1456,32,1488,0.1388
1463,32,1495,0.1388
1465,33,1498,0.1388
1464,32,1496,0.1388
1473,30,1503,0.1388
1470,29,1499,0.1388
1478,29,1507,0.1388
1472,31,1503,0.1388
1457,32,1489,0.1388
1454,33,1487,0.1388
1463,34,1497,0.1388
1454,35,1489,0.1388
1469,34,1503,0.1388
1466,35,1501,0.1388
1474,34,1508,0.1388
1462,35,1497,0.1388
1453,34,1487,0.1388
1455,34,1489,0.1388
1452,32,1484,0.1388
1448,32,1480,0.1388
1448,34,1482,0.1388
1446,33,1479,0.1388
1460,33,1493,0.1388
1460,35,1495,0.1388
1458,34,1492,0.1388
1475,37,1512,0.1388
1455,39,1494,0.1388
1452,40,1492,0.1388
1462,39,1501,0.1388
1456,39,1495,0.1388
1443,40,1483,0.1388
1432,40,1472,0.1388
1447,39,1486,0.1388
1449,37,1486,0.1388
1451,38,1489,0.1388
1451,36,1487,0.1388
1453,36,1489,0.1388
1447,39,1486,0.1388
1444,41,1485,0.1388
1433,39,1472,0.1388
1426,39,1465,0.1388
1434,39,1473,0.1388
1445,39,1484,0.1388
1444,39,1483,0.1388
1442,39,1481,0.1388
1434,39,1473,0.1388
1442,40,1482,0.1388
1450,38,1488,0.1388
1445,37,1482,0.1388
1463,39,1502,0.1388
1466,39,1505,0.1388
1464,39,1503,0.1388
1462,39,1501,0.1388
1464,39,1503,0.1388
1453,39,1492,0.1388
1454,40,1494,0.1388
1455,40,1495,0.1388
1456,39,1495,0.1388
1447,39,1486,0.1388
1454,36,1490,0.1388
1446,37,1483,0.1388
1446,38,1484,0.1388
1459,36,1495,0.1388
1458,38,1496,0.1388
1452,37,1489,0.1388
1462,35,1497,0.1388
1457,36,1493,0.1388
1464,36,1500,0.1388
1458,36,1494,0.1388
1470,34,1504,0.1388
1458,36,1494,0.1388
1459,38,1497,0.1388
1448,36,1484,0.1388
1452,37,1489,0.1388
1447,38,1485,0.1388
1443,37,1480,0.1388
1442,36,1478,0.1388
1451,38,1489,0.1388
1446,38,1484,0.1388
1447,39,1486,0.1388
1449,39,1488,0.1388
1446,40,1486,0.1388
1451,40,1491,0.1388
1442,40,1482,0.1388
1442,39,1481,0.1388
1455,40,1495,0.1388
1446,41,1487,0.1388
1439,43,1482,0.1388
1445,44,1489,0.1388
1433,43,1476,0.1388
1437,44,1481,0.1388
1438,45,1483,0.1388
1446,45,1491,0.1388
1430,47,1477,0.1388
1432,47,1479,0.1388
1436,47,1483,0.1388
1439,46,1485,0.1388
1447,46,1493,0.1388
1452,48,1500,0.1388
1445,49,1494,0.1388
1450,49,1499,0.1388
1454,48,1502,0.1388
1461,46,1507,0.1388
1451,48,1499,0.1388
1449,47,1496,0.1388
1452,45,1497,0.1388
1445,43,1488,0.1388
1446,43,1489,0.1388
1440,44,1484,0.1388
1438,42,1480,0.1388
1447,43,1490,0.1388
1451,43,1494,0.1388
1450,44,1494,0.1388
1447,44,1491,0.1388
1445,46,1491,0.1388
1445,43,1488,0.1388
1438,45,1483,0.1388
1442,46,1488,0.1388
1435,45,1480,0.1388
1434,46,1480,0.1388
1449,49,1498,0.1388
1445,51,1496,0.1388
1430,50,1480,0.1388
1430,51,1481,0.1388
1428,53,1481,0.1388
1423,52,1475,0.1388
1413,53,1466,0.1388
1429,55,1484,0.1388
1437,54,1491,0.1388
1442,51,1493,0.1388
1443,51,1494,0.1388
1439,51,1490,0.1388
1442,53,1495,0.1388
1432,56,1488,0.1388
1429,56,1485,0.1388
1424,57,1481,0.1388
1418,55,1473,0.1388
1418,56,1474,0.1388
1417,58,1475,0.1388
1420,60,1480,0.1388
1420,58,1478,0.1388
1430,58,1488,0.1388
1441,60,1501,0.1388
1428,61,1489,0.1388
1437,62,1499,0.1388
1438,59,1497,0.1388
1427,59,1486,0.1388
1419,63,1482,0.1388
1431,60,1491,0.1388
1421,60,1481,0.1388
1424,60,1484,0.1388
1426,61,1487,0.1388
1422,62,1484,0.1388
1417,65,1482,0.1388
1431,64,1495,0.1388
1426,61,1487,0.1388
1432,61,1493,0.1388
1431,61,1492,0.1388
1429,63,1492,0.1388
1415,62,1477,0.1388
1422,63,1485,0.1388
1424,62,1486,0.1388
1415,62,1477,0.1388
1411,61,1472,0.1388
1423,59,1482,0.1388
1426,63,1489,0.1388
1436,64,1500,0.1388
1422,62,1484,0.1388
1426,63,1489,0.1388
1415,64,1479,0.1388
1436,64,1500,0.1388
1415,61,1476,0.1388
1424,63,1487,0.1388
1427,63,1490,0.1388
1428,63,1491,0.1388
1423,65,1488,0.1388
1432,71,1503,0.1388
1422,70,1492,0.1388
1419,71,1490,0.1388
1402,73,1475,0.1388
1410,73,1483,0.1388
1420,74,1494,0.1388
1425,72,1497,0.1388
1407,73,1480,0.1388
1420,73,1493,0.1388
1418,73,1491,0.1388
1421,76,1497,0.1388
1422,73,1495,0.1388
1431,70,1501,0.1388
1435,68,1503,0.1388
1420,68,1488,0.1388
1418,69,1487,0.1388
1422,73,1495,0.1388
1425,75,1500,0.1388
1429,71,1500,0.1388
1433,71,1504,0.1388
1433,70,1503,0.1388
1426,73,1499,0.1388
1416,74,1490,0.1388
1429,75,1504,0.1388
1430,73,1503,0.1388
1417,74,1491,0.1388
1424,78,1502,0.1388
1411,78,1489,0.1388
1417,77,1494,0.1388
1418,76,1494,0.1388
1423,71,1494,0.1388
1427,72,1499,0.1388
1424,75,1499,0.1388
1436,73,1509,0.1388
1430,73,1503,0.1388
1430,75,1505,0.1388
1423,78,1501,0.1388
1428,80,1508,0.1388
1413,78,1491,0.1388
1430,81,1511,0.1388
1424,80,1504,0.1388
1424,78,1502,0.1388
1405,81,1486,0.1388
1409,82,1491,0.1388
1401,82,1483,0.1388
1401,84,1485,0.1388
1398,84,1482,0.1388
1416,85,1501,0.1388
1406,87,1493,0.1388
1404,86,1490,0.1388
1390,86,1476,0.1388
1402,87,1489,0.1388
1396,89,1485,0.1388
1398,84,1482,0.1388
1414,85,1499,0.1388
1413,83,1496,0.1388
1405,82,1487,0.1388
1401,83,1484,0.1388
1401,85,1486,0.1388
1401,85,1486,0.1388
1395,88,1483,0.1388
1411,88,1499,0.1388
1412,86,1498,0.1388
1396,83,1479,0.1388
1419,84,1503,0.1388
1415,85,1500,0.1388
1407,86,1493,0.1388
1410,86,1496,0.1388
1412,88,1500,0.1388
1407,89,1496,0.1388
1406,90,1496,0.1388
1413,88,1501,0.1388
1403,89,1492,0.1388
1399,89,1488,0.1388
1414,85,1499,0.1388
1398,89,1487,0.1388
1405,91,1496,0.1388
1407,91,1498,0.1388
1414,95,1509,0.1388
1399,95,1494,0.1388
1394,97,1491,0.1388
1388,95,1483,0.1388
1392,95,1487,0.1388
1406,96,1502,0.1388
1402,95,1497,0.1388
1400,99,1499,0.1388
1412,99,1511,0.1388
1420,99,1519,0.1388
1422,100,1522,0.1388
1410,98,1508,0.1388
1402,98,1500,0.1388
1407,95,1502,0.1388
1408,93,1501,0.1388
1412,94,1506,0.1388
1406,93,1499,0.1388
1389,94,1483,0.1388
1408,93,1501,0.1388
1394,91,1485,0.1388
1395,94,1489,0.1388
1406,95,1501,0.1388
1393,94,1487,0.1388
1389,96,1485,0.1388
1392,94,1486,0.1388
1390,95,1485,0.1388
1381,99,1480,0.1388
1392,100,1492,0.1388
1389,99,1488,0.1388
1407,97,1504,0.1388
1402,97,1499,0.1388
1405,95,1500,0.1388
1401,94,1495,0.1388
1403,95,1498,0.1388
1410,99,1509,0.1388
1398,97,1495,0.1388
1389,96,1485,0.1388
1393,98,1491,0.1388
1402,97,1499,0.1388
1398,95,1493,0.1388
1390,96,1486,0.1388
1403,98,1501,0.1388
1391,99,1490,0.1388
1396,100,1496,0.1388
1382,101,1483,0.1388
1390,101,1491,0.1388
1395,103,1498,0.1388
1373,102,1475,0.1388
1370,100,1470,0.1388
1371,105,1476,0.1388
1380,103,1483,0.1388
1391,100,1491,0.1388
1383,101,1484,0.1388
1392,102,1494,0.1388
1398,104,1502,0.1388
1392,105,1497,0.1388
1405,103,1508,0.1388
1399,101,1500,0.1388
1390,103,1493,0.1388
1395,103,1498,0.1388
1396,103,1499,0.1388
1396,104,1500,0.1388
1384,105,1489,0.1388
1388,105,1493,0.1388
1392,104,1496,0.1388
1387,105,1492,0.1388
1387,109,1496,0.1388
1395,105,1500,0.1388
1397,106,1503,0.1388
1393,103,1496,0.1388
1397,101,1498,0.1388
1400,96,1496,0.1388
1390,96,1486,0.1388
1396,100,1496,0.1388
1396,100,1496,0.1388
1378,102,1480,0.1388
1379,102,1481,0.1388
1378,106,1484,0.1388
1374,108,1482,0.1388
1378,105,1483,0.1388
1380,106,1486,0.1388
1386,109,1495,0.1388
1380,108,1488,0.1388
1374,114,1488,0.1388
1383,115,1498,0.1388
1387,112,1499,0.1388
1384,113,1497,0.1388
1379,114,1493,0.1388
1382,111,1493,0.1388
1379,111,1490,0.1388
1374,113,1487,0.1388
1377,118,1495,0.1388
1377,118,1495,0.1388
1382,114,1496,0.1388
1389,119,1508,0.1388
1384,119,1503,0.1388
1387,120,1507,0.1388
1380,123,1503,0.1388
1377,123,1500,0.1388
1381,123,1504,0.1388
1379,120,1499,0.1388
1368,122,1490,0.1388
1369,123,1492,0.1388
1376,120,1496,0.1388
1382,119,1501,0.1388
1374,115,1489,0.1388
1369,118,1487,0.1388
1380,116,1496,0.1388
1385,116,1501,0.1388
1380,117,1497,0.1388
1375,116,1491,0.1388
1367,110,1477,0.1388
1374,112,1486,0.1388
1365,115,1480,0.1388
1358,115,1473,0.1388
1370,115,1485,0.1388
1371,116,1487,0.1388
1380,116,1496,0.1388
1375,118,1493,0.1388
1376,119,1495,0.1388
1374,117,1491,0.1388
1376,111,1487,0.1388
1386,113,1499,0.1388
1401,116,1517,0.1388
1380,116,1496,0.1388
1372,118,1490,0.1388
1378,118,1496,0.1388
1382,120,1502,0.1388
1376,124,1500,0.1388
1385,121,1506,0.1388
1388,120,1508,0.1388
1374,118,1492,0.1388
1368,117,1485,0.1388
1376,116,1492,0.1388
1387,114,1501,0.1388
1382,114,1496,0.1388
1380,111,1491,0.1388
1373,109,1482,0.1388
1383,112,1495,0.1388
1390,113,1503,0.1388
1377,112,1489,0.1388
1382,110,1492,0.1388
1393,105,1498,0.1388
1391,107,1498,0.1388
1379,112,1491,0.1388
1381,113,1494,0.1388
1386,111,1497,0.1388
1388,111,1499,0.1388
1389,107,1496,0.1388
1392,107,1499,0.1388
1401,108,1509,0.1388
1386,109,1495,0.1388
1382,110,1492,0.1388
1377,109,1486,0.1388
1382,112,1494,0.1388
1385,110,1495,0.1388
1386,107,1493,0.1388
1380,108,1488,0.1388
1378,108,1486,0.1388
1371,109,1480,0.1388
1369,110,1479,0.1388
1380,108,1488,0.1388
1382,108,1490,0.1388
1394,109,1503,0.1388
1387,110,1497,0.1388
1385,110,1495,0.1388
1382,108,1490,0.1388
1383,111,1494,0.1388
1390,111,1501,0.1388
1385,112,1497,0.1388
1383,111,1494,0.1388
1374,113,1487,0.1388
1372,114,1486,0.1388
1383,116,1499,0.1388
1384,119,1503,0.1388
1379,116,1495,0.1388
1368,121,1489,0.1388
1379,120,1499,0.1388
1387,122,1509,0.1388
1391,124,1515,0.1388
1390,121,1511,0.1388
1383,122,1505,0.1388
1386,119,1505,0.1388
1388,119,1507,0.1388
1387,120,1507,0.1388
1382,118,1500,0.1388
1378,121,1499,0.1388
1368,125,1493,0.1388
1361,125,1486,0.1388
1372,127,1499,0.1388
1371,127,1498,0.1388
1375,127,1502,0.1388
1368,125,1493,0.1388
1371,126,1497,0.1388
1368,132,1500,0.1388
1366,137,1503,0.1388
1357,137,1494,0.1388
1368,135,1503,0.1388
1368,135,1503,0.1388
1361,136,1497,0.1388
1364,139,1503,0.1388
1347,135,1482,0.1388
1359,136,1495,0.1388
1368,134,1502,0.1388
1371,142,1513,0.1388
1369,140,1509,0.1388
1365,140,1505,0.1388
1346,138,1484,0.1388
1354,141,1495,0.1388
1351,145,1496,0.1388
1339,144,1483,0.1388
1342,150,1492,0.1388
1338,145,1483,0.1388
1353,151,1504,0.1388
1354,147,1501,0.1388
1359,153,1512,0.1388
1355,153,1508,0.1388
1350,153,1503,0.1388
1353,161,1514,0.1388
1347,159,1506,0.1388
1344,161,1505,0.1388
1341,162,1503,0.1388
1334,161,1495,0.1388
1338,169,1507,0.1388
1340,167,1507,0.1388
1335,165,1500,0.1388
1336,170,1506,0.1388
1322,172,1494,0.1388
1330,166,1496,0.1388
1327,164,1491,0.1388
1325,167,1492,0.1388
1316,166,1482,0.1388
1319,166,1485,0.1388
1314,164,1478,0.1388
1322,171,1493,0.1388
1312,173,1485,0.1388
1330,172,1502,0.1388
1334,172,1506,0.1388
1314,177,1491,0.1388
1318,174,1492,0.1388
1311,176,1487,0.1388
1308,178,1486,0.1388
1311,176,1487,0.1388
1306,177,1483,0.1388
1298,177,1475,0.1388
1312,182,1494,0.1388
1311,185,1496,0.1388
1311,184,1495,0.1388
1312,183,1495,0.1388
1317,185,1502,0.1388
1323,185,1508,0.1388
1317,190,1507,0.1388
1317,191,1508,0.1388
1324,192,1516,0.1388
1312,194,1506,0.1388
1306,195,1501,0.1388
1298,195,1493,0.1388
1290,196,1486,0.1388
1290,196,1486,0.1388
1296,193,1489,0.1388
1300,191,1491,0.1388
1298,197,1495,0.1388
1300,199,1499,0.1388
1315,197,1512,0.1388
1317,198,1515,0.1388
1312,200,1512,0.1388
1313,198,1511,0.1388
1298,198,1496,0.1388
1299,198,1497,0.1388
1292,199,1491,0.1388
1289,203,1492,0.1388
1282,208,1490,0.1388
1289,207,1496,0.1388
1293,204,1497,0.1388
1301,206,1507,0.1388
1299,198,1497,0.1388
1292,204,1496,0.1388
1295,204,1499,0.1388
1292,205,1497,0.1388
1290,201,1491,0.1388
1295,198,1493,0.1388
1307,203,1510,0.1388
1302,202,1504,0.1388
1290,200,1490,0.1388
1282,203,1485,0.1388
1287,206,1493,0.1388
1289,205,1494,0.1388
1301,206,1507,0.1388
1299,205,1504,0.1388
1303,207,1510,0.1388
1298,204,1502,0.1388
1297,203,1500,0.1388
1297,209,1506,0.1388
1306,203,1509,0.1388
1310,197,1507,0.1388
1296,203,1499,0.1388
1288,208,1496,0.1388
1293,208,1501,0.1388
1293,203,1496,0.1388
1279,206,1485,0.1388
1283,211,1494,0.1388
1279,214,1493,0.1388
1276,211,1487,0.1388
1283,210,1493,0.1388
1278,216,1494,0.1388
1287,215,1502,0.1388
1294,214,1508,0.1388
1288,223,1511,0.1388
1291,226,1517,0.1388
1289,225,1514,0.1388
1274,222,1496,0.1388
1276,223,1499,0.1388
1283,224,1507,0.1388
1279,225,1504,0.1388
1284,220,1504,0.1388
1276,221,1497,0.1388
1266,223,1489,0.1388
1254,230,1484,0.1388
1260,228,1488,0.1388
1259,219,1478,0.1388
1274,225,1499,0.1388
1287,224,1511,0.1388
1287,226,1513,0.1388
1273,229,1502,0.1388
1268,232,1500,0.1388
1267,235,1502,0.1388
1264,235,1499,0.1388
1266,235,1501,0.1388
1249,234,1483,0.1388
1251,228,1479,0.1388
1268,234,1502,0.1388
1280,237,1517,0.1388
1272,235,1507,0.1388
1275,234,1509,0.1388
1285,235,1520,0.1388
1276,236,1512,0.1388
1282,237,1519,0.1388
1275,239,1514,0.1388
1261,238,1499,0.1388
1257,241,1498,0.1388
1255,237,1492,0.1388
1252,239,1491,0.1388
1255,241,1496,0.1388
1262,244,1506,0.1388
1265,245,1510,0.1388
1266,243,1509,0.1388
1257,237,1494,0.1388
1251,233,1484,0.1388
1259,237,1496,0.1388
1257,241,1498,0.1388
1258,244,1502,0.1388
1257,243,1500,0.1388
1266,243,1509,0.1388
1276,242,1518,0.1388
1267,242,1509,0.1388
1260,245,1505,0.1388
1253,246,1499,0.1388
1253,246,1499,0.1388
1252,250,1502,0.1388
1251,254,1505,0.1388
1256,252,1508,0.1388
1252,257,1509,0.1388
1249,257,1506,0.1388
1249,255,1504,0.1388
1239,259,1498,0.1388
1242,265,1507,0.1388
1247,266,1513,0.1388
1246,271,1517,0.1388
1246,262,1508,0.1388
1241,262,1503,0.1388
1239,262,1501,0.1388
1249,265,1514,0.1388
1258,264,1522,0.1388
1256,267,1523,0.1388
1246,263,1509,0.1388
1241,259,1500,0.1388
1246,259,1505,0.1388
1237,258,1495,0.1388
1249,252,1501,0.1388
1252,259,1511,0.1388
1245,260,1505,0.1388
1247,255,1502,0.1388
1241,256,1497,0.1388
1239,256,1495,0.1388
1235,255,1490,0.1388
1232,253,1485,0.1388
1238,258,1496,0.1388
1233,258,1491,0.1388
1250,257,1507,0.1388
1245,258,1503,0.1388
1240,259,1499,0.1388
1244,256,1500,0.1388
1247,251,1498,0.1388
1253,252,1505,0.1388
1243,254,1497,0.1388
1250,259,1509,0.1388
1248,260,1508,0.1388
1238,260,1498,0.1388
1234,261,1495,0.1388
1233,261,1494,0.1388
1233,256,1489,0.1388
1228,260,1488,0.1388
1232,261,1493,0.1388
1221,262,1483,0.1388
1210,268,1478,0.1388
1205,268,1473,0.1388
1209,266,1475,0.1388
1225,266,1491,0.1388
1241,268,1509,0.1388
1230,264,1494,0.1388
1228,263,1491,0.1388
1233,265,1498,0.1388
1228,264,1492,0.1388
1223,266,1489,0.1388
1223,266,1489,0.1388
1222,269,1491,0.1388
1225,270,1495,0.1388
1219,264,1483,0.1388
1219,262,1481,0.1388
1230,258,1488,0.1388
1226,259,1485,0.1388
1237,258,1495,0.1388
1238,261,1499,0.1388
1229,268,1497,0.1388
1215,269,1484,0.1388
1219,268,1487,0.1388
1218,270,1488,0.1388
1232,269,1501,0.1388
1234,266,1500,0.1388
1229,267,1496,0.1388
1215,269,1484,0.1388
1225,262,1487,0.1388
1226,257,1483,0.1388
1218,267,1485,0.1388
1215,267,1482,0.1388
1219,271,1490,0.1388
1217,279,1496,0.1388
1220,281,1501,0.1388
1219,280,1499,0.1388
1218,278,1496,0.1388
1220,274,1494,0.1388
1233,275,1508,0.1388
1233,273,1506,0.1388
1222,279,1501,0.1388
1231,273,1504,0.1388
1239,278,1517,0.1388
1238,276,1514,0.1388
1230,278,1508,0.1388
1222,277,1499,0.1388
1221,278,1499,0.1388
1218,286,1504,0.1388
1222,287,1509,0.1388
1215,291,1506,0.1388
1220,287,1507,0.1388
1211,285,1496,0.1388
1206,288,1494,0.1388
1218,283,1501,0.1388
1207,287,1494,0.1388
1205,290,1495,0.1388
1208,294,1502,0.1388
1197,293,1490,0.1388
1206,290,1496,0.1388
1197,292,1489,0.1388
1209,293,1502,0.1388
1216,294,1510,0.1388
1219,296,1515,0.1388
1206,300,1506,0.1388
1210,296,1506,0.1388
1195,298,1493,0.1388
1193,295,1488,0.1388
1192,295,1487,0.1388
1202,297,1499,0.1388
1188,296,1484,0.1388
1188,292,1480,0.1388
1195,295,1490,0.1388
1194,299,1493,0.1388
1188,303,1491,0.1388
1178,308,1486,0.1388
1189,301,1490,0.1388
1200,297,1497,0.1388
1192,299,1491,0.1388
1183,307,1490,0.1388
1183,299,1482,0.1388
1198,307,1505,0.1388
1205,312,1517,0.1388
1190,319,1509,0.1388
1177,315,1492,0.1388
1182,313,1495,0.1388
1188,313,1501,0.1388
1199,315,1514,0.1388
1209,312,1521,0.1388
1207,314,1521,0.1388
1199,314,1513,0.1388
1194,313,1507,0.1388
1197,312,1509,0.1388
1197,312,1509,0.1388
1196,313,1509,0.1388
1189,317,1506,0.1388
1188,313,1501,0.1388
1180,313,1493,0.1388
1180,314,1494,0.1388
1179,314,1493,0.1388
1179,314,1493,0.1388
1173,311,1484,0.1388
1190,306,1496,0.1388
1180,311,1491,0.1388
1183,318,1501,0.1388
1188,312,1500,0.1388
1187,315,1502,0.1388
1193,321,1514,0.1388
1194,316,1510,0.1388
1182,321,1503,0.1388
1181,323,1504,0.1388
1178,321,1499,0.1388
1171,324,1495,0.1388
1176,321,1497,0.1388
1175,320,1495,0.1388
1178,327,1505,0.1388
1184,325,1509,0.1388
1182,327,1509,0.1388
1163,328,1491,0.1388
1164,328,1492,0.1388
1163,320,1483,0.1388
1152,324,1476,0.1388
1150,326,1476,0.1388
1160,324,1484,0.1388
1158,323,1481,0.1388
1147,325,1472,0.1388
1161,327,1488,0.1388
1159,331,1490,0.1388
1162,337,1499,0.1388
1168,342,1510,0.1388
1155,342,1497,0.1388
1152,344,1496,0.1388
1151,343,1494,0.1388
1161,345,1506,0.1388
1157,345,1502,0.1388
1165,342,1507,0.1388
1179,344,1523,0.1388
1167,345,1512,0.1388
1161,346,1507,0.1388
1153,341,1494,0.1388
1150,337,1487,0.1388
1149,339,1488,0.1388
1149,339,1488,0.1388
1142,340,1482,0.1388
1147,350,1497,0.1388
1153,345,1498,0.1388
1159,348,1507,0.1388
1172,340,1512,0.1388
1175,345,1520,0.1388
1170,350,1520,0.1388
1173,350,1523,0.1388
1160,342,1502,0.1388
1151,348,1499,0.1388
1163,346,1509,0.1388
1174,348,1522,0.1388
1158,338,1496,0.1388
1162,334,1496,0.1388
1162,341,1503,0.1388
1152,343,1495,0.1388
1143,352,1495,0.1388
1142,355,1497,0.1388
1145,356,1501,0.1388
1138,354,1492,0.1388
1140,357,1497,0.1388
1146,353,1499,0.1388
1155,347,1502,0.1388
1156,349,1505,0.1388
1141,347,1488,0.1388
1139,343,1482,0.1388
1139,344,1483,0.1388
1137,344,1481,0.1388
1137,342,1479,0.1388
1143,346,1489,0.1388
1141,341,1482,0.1388
1152,340,1492,0.1388
1151,341,1492,0.1388
1158,336,1494,0.1388
1153,340,1493,0.1388
1153,347,1500,0.1388
1157,351,1508,0.1388
1158,350,1508,0.1388
1155,347,1502,0.1388
1146,343,1489,0.1388
1139,350,1489,0.1388
1140,348,1488,0.1388
1140,349,1489,0.1388
1137,344,1481,0.1388
1144,346,1490,0.1388
1137,343,1480,0.1388
1153,331,1484,0.1388
1156,339,1495,0.1388
1160,345,1505,0.1388
1170,348,1518,0.1388
1165,353,1518,0.1388
1156,350,1506,0.1388
1160,341,1501,0.1388
1155,341,1496,0.1388
1163,342,1505,0.1388
1152,347,1499,0.1388
1153,345,1498,0.1388
1160,350,1510,0.1388
1156,353,1509,0.1388
1157,355,1512,0.1388
1159,356,1515,0.1388
1151,356,1507,0.1388
1156,352,1508,0.1388
1149,352,1501,0.1388
1157,354,1511,0.1388
1136,354,1490,0.1388
1147,354,1501,0.1388
1146,348,1494,0.1388
1144,345,1489,0.1388
1149,344,1493,0.1388
1154,342,1496,0.1388
1158,339,1497,0.1388
1155,338,1493,0.1388
1153,341,1494,0.1388
1152,343,1495,0.1388
1146,334,1480,0.1388
1149,339,1488,0.1388
1137,339,1476,0.1388
1138,344,1482,0.1388
1149,345,1494,0.1388
1143,341,1484,0.1388
1139,341,1480,0.1388
1127,346,1473,0.1388
1130,346,1476,0.1388
1150,350,1500,0.1388
1144,349,1493,0.1388
1150,346,1496,0.1388
1151,354,1505,0.1388
1148,355,1503,0.1388
1154,358,1512,0.1388
1156,358,1514,0.1388
1148,352,1500,0.1388
1145,357,1502,0.1388
1137,352,1489,0.1388
1145,352,1497,0.1388
1142,355,1497,0.1388
1149,361,1510,0.1388
1139,359,1498,0.1388
1137,361,1498,0.1388
1133,353,1486,0.1388
1138,355,1493,0.1388
1124,356,1480,0.1388
1134,359,1493,0.1388
1145,358,1503,0.1388
1153,348,1501,0.1388
1144,344,1488,0.1388
1149,352,1501,0.1388
1139,349,1488,0.1388
1155,349,1504,0.1388
1160,350,1510,0.1388
1165,352,1517,0.1388
1165,354,1519,0.1388
1161,354,1515,0.1388
1155,349,1504,0.1388
1166,354,1520,0.1388
1170,350,1520,0.1388
1168,346,1514,0.1388
1153,346,1499,0.1388
1139,345,1484,0.1388
1133,355,1488,0.1388
1147,354,1501,0.1388
1132,352,1484,0.1388
1131,356,1487,0.1388
1140,355,1495,0.1388
1140,359,1499,0.1388
1150,359,1509,0.1388
1147,358,1505,0.1388
1145,360,1505,0.1388
1145,351,1496,0.1388
1146,346,1492,0.1388
1149,351,1500,0.1388
1142,353,1495,0.1388
1137,356,1493,0.1388
1142,362,1504,0.1388
1151,358,1509,0.1388
1145,366,1511,0.1388
1150,366,1516,0.1388
1142,367,1509,0.1388
1140,370,1510,0.1388
1141,368,1509,0.1388
1141,365,1506,0.1388
1148,365,1513,0.1388
1152,360,1512,0.1388
1150,362,1512,0.1388
1143,357,1500,0.1388
1146,361,1507,0.1388
1145,360,1505,0.1388
1138,364,1502,0.1388
1136,365,1501,0.1388
1134,365,1499,0.1388
1136,360,1496,0.1388
1117,363,1480,0.1388
1128,360,1488,0.1388
1125,360,1485,0.1388
1139,357,1496,0.1388
1149,359,1508,0.1388
1146,352,1498,0.1388
1151,352,1503,0.1388
1150,359,1509,0.1388
1142,356,1498,0.1388
1141,363,1504,0.1388
1139,368,1507,0.1388
1140,360,1500,0.1388
1139,360,1499,0.1388
1153,360,1513,0.1388
1152,354,1506,0.1388
1147,341,1488,0.1388
1151,342,1493,0.1388
1151,350,1501,0.1388
1155,351,1506,0.1388
1149,345,1494,0.1388
1143,351,1494,0.1388
1146,353,1499,0.1388
1146,350,1496,0.1388
1147,355,1502,0.1388
1143,359,1502,0.1388
1141,357,1498,0.1388
1142,351,1493,0.1388
1144,350,1494,0.1388
1137,347,1484,0.1388
1133,350,1483,0.1388
1141,353,1494,0.1388
1136,354,1490,0.1388
1126,357,1483,0.1388
1124,364,1488,0.1388
1123,361,1484,0.1388
1130,360,1490,0.1388
1122,368,1490,0.1388
1122,372,1494,0.1388
1130,368,1498,0.1388
1123,364,1487,0.1388
1122,366,1488,0.1388
1129,369,1498,0.1388
1128,373,1501,0.1388
1122,376,1498,0.1388
1117,371,1488,0.1388
1122,377,1499,0.1388
1122,382,1504,0.1388
1112,380,1492,0.1388
1121,384,1505,0.1388
1110,387,1497,0.1388
1109,391,1500,0.1388
1112,394,1506,0.1388
1106,395,1501,0.1388
1096,391,1487,0.1388
1109,392,1501,0.1388
1108,394,1502,0.1388
1097,399,1496,0.1388
1080,401,1481,0.1388
1091,407,1498,0.1388
1088,403,1491,0.1388
1093,401,1494,0.1388
1086,402,1488,0.1388
1078,401,1479,0.1388
1077,402,1479,0.1388
1098,397,1495,0.1388
1109,395,1504,0.1388
1096,389,1485,0.1388
1095,389,1484,0.1388
1088,384,1472,0.1388
1098,384,1482,0.1388
1092,385,1477,0.1388
1091,391,1482,0.1388
1091,389,1480,0.1388
1100,391,1491,0.1388
1102,393,1495,0.1388
1092,393,1485,0.1388
1081,386,1467,0.1388
1093,388,1481,0.1388
1093,393,1486,0.1388
1080,393,1473,0.1388
1097,396,1493,0.1388
1097,393,1490,0.1388
1092,389,1481,0.1388
1093,397,1490,0.1388
1100,396,1496,0.1388
1105,389,1494,0.1388
1098,389,1487,0.1388
1100,394,1494,0.1388
1108,392,1500,0.1388
1103,394,1497,0.1388
1099,399,1498,0.1388
1083,397,1480,0.1388
1097,405,1502,0.1388
1102,404,1506,0.1388
1109,406,1515,0.1388
1099,401,1500,0.1388
1106,400,1506,0.1388
1096,403,1499,0.1388
1103,401,1504,0.1388
1097,405,1502,0.1388
1104,405,1509,0.1388
1102,401,1503,0.1388
1108,405,1513,0.1388
1102,410,1512,0.1388
1111,408,1519,0.1388
1102,408,1510,0.1388
1102,407,1509,0.1388
1093,410,1503,0.1388
1089,414,1503,0.1388
1089,412,1501,0.1388
1094,414,1508,0.1388
1088,415,1503,0.1388
1085,412,1497,0.1388
1079,412,1491,0.1388
1086,412,1498,0.1388
1078,422,1500,0.1388
1076,417,1493,0.1388
1067,417,1484,0.1388
1074,414,1488,0.1388
1086,415,1501,0.1388
1079,421,1500,0.1388
1075,419,1494,0.1388
1066,426,1492,0.1388
1080,429,1509,0.1388
1079,440,1519,0.1388
1069,441,1510,0.1388
1068,437,1505,0.1388
1077,433,1510,0.1388
1075,431,1506,0.1388
1063,437,1500,0.1388
1055,433,1488,0.1388
1056,439,1495,0.1388
1046,438,1484,0.1388
1053,441,1494,0.1388
1055,435,1490,0.1388
1056,441,1497,0.1388
1065,439,1504,0.1388
1062,437,1499,0.1388
1058,436,1494,0.1388
1062,429,1491,0.1388
1070,434,1504,0.1388
1079,433,1512,0.1388
1075,425,1500,0.1388
1074,431,1505,0.1388
1063,422,1485,0.1388
1056,434,1490,0.1388
1056,437,1493,0.1388
1063,439,1502,0.1388
1070,440,1510,0.1388
1069,439,1508,0.1388
1067,444,1511,0.1388
1062,445,1507,0.1388
1058,452,1510,0.1388
1062,448,1510,0.1388
1045,442,1487,0.1388
1041,442,1483,0.1388
1032,443,1475,0.1388
1036,450,1486,0.1388
1042,451,1493,0.1388
1041,453,1494,0.1388
1039,455,1494,0.1388
1036,451,1487,0.1388
1040,454,1494,0.1388
1041,460,1501,0.1388
1045,459,1504,0.1388
1049,464,1513,0.1388
1043,464,1507,0.1388
1049,463,1512,0.1388
1048,458,1506,0.1388
1054,472,1526,0.1388
1033,477,1510,0.1388
1024,473,1497,0.1388
1029,473,1502,0.1388
1028,476,1504,0.1388
1020,471,1491,0.1388
1017,470,1487,0.1388
1024,479,1503,0.1388
1019,481,1500,0.1388
1023,480,1503,0.1388
1016,485,1501,0.1388
1014,484,1498,0.1388
1016,481,1497,0.1388
1022,484,1506,0.1388
1027,486,1513,0.1388
1026,486,1512,0.1388
1024,483,1507,0.1388
1024,478,1502,0.1388
1023,480,1503,0.1388
1039,481,1520,0.1388
1036,482,1518,0.1388
1030,478,1508,0.1388
1028,479,1507,0.1388
1016,479,1495,0.1388
1022,489,1511,0.1388
1026,477,1503,0.1388
1025,472,1497,0.1388
1015,477,1492,0.1388
1021,482,1503,0.1388
1030,484,1514,0.1388
1018,484,1502,0.1388
1017,489,1506,0.1388
1007,488,1495,0.1388
1005,486,1491,0.1388
1006,487,1493,0.1388
1011,492,1503,0.1388
1005,482,1487,0.1388
1005,486,1491,0.1388
1014,493,1507,0.1388
1010,495,1505,0.1388
1008,499,1507,0.1388
1008,503,1511,0.1388
1009,495,1504,0.1388
1009,495,1504,0.1388
1013,501,1514,0.1388
1017,497,1514,0.1388
1018,500,1518,0.1388
1003,499,1502,0.1388
999,502,1501,0.1388
1002,502,1504,0.1388
1001,499,1500,0.1388
1000,499,1499,0.1388
987,495,1482,0.1388
991,496,1487,0.1388
993,500,1493,0.1388
1001,496,1497,0.1388
1003,496,1499,0.1388
1009,496,1505,0.1388
1021,499,1520,0.1388
1019,497,1516,0.1388
1010,491,1501,0.1388
995,494,1489,0.1388
998,495,1493,0.1388
992,492,1484,0.1388
994,493,1487,0.1388
987,501,1488,0.1388
997,496,1493,0.1388
988,489,1477,0.1388
977,501,1478,0.1388
977,504,1481,0.1388
981,512,1493,0.1388
985,508,1493,0.1388
983,510,1493,0.1388
991,509,1500,0.1388
993,508,1501,0.1388
991,508,1499,0.1388
991,501,1492,0.1388
991,504,1495,0.1388
991,503,1494,0.1388
993,509,1502,0.1388
989,510,1499,0.1388
995,516,1511,0.1388
989,516,1505,0.1388
988,501,1489,0.1388
978,502,1480,0.1388
973,505,1478,0.1388
977,514,1491,0.1388
974,517,1491,0.1388
968,522,1490,0.1388
986,518,1504,0.1388
989,515,1504,0.1388
986,511,1497,0.1388
981,508,1489,0.1388
983,518,1501,0.1388
977,519,1496,0.1388
976,527,1503,0.1388
983,525,1508,0.1388
985,526,1511,0.1388
981,530,1511,0.1388
983,531,1514,0.1388
975,539,1514,0.1388
973,537,1510,0.1388
966,539,1505,0.1388
963,532,1495,0.1388
956,539,1495,0.1388
955,542,1497,0.1388
960,545,1505,0.1388
956,541,1497,0.1388
943,544,1487,0.1388
939,544,1483,0.1388
942,541,1483,0.1388
944,550,1494,0.1388
944,550,1494,0.1388
943,544,1487,0.1388
940,550,1490,0.1388
936,557,1493,0.1388
934,555,1489,0.1388
935,550,1485,0.1388
934,554,1488,0.1388
918,552,1470,0.1388
920,565,1485,0.1388
919,566,1485,0.1388
926,558,1484,0.1388
928,567,1495,0.1388
929,572,1501,0.1388
922,570,1492,0.1388
934,568,1502,0.1388
938,570,1508,0.1388
932,572,1504,0.1388
931,580,1511,0.1388
930,579,1509,0.1388
927,578,1505,0.1388
929,588,1517,0.1388
928,584,1512,0.1388
937,588,1525,0.1388
929,583,1512,0.1388
930,584,1514,0.1388
932,586,1518,0.1388
920,585,1505,0.1388
919,585,1504,0.1388
914,581,1495,0.1388
920,587,1507,0.1388
915,591,1506,0.1388
924,589,1513,0.1388
932,589,1521,0.1388
929,586,1515,0.1388
927,575,1502,0.1388
931,572,1503,0.1388
930,571,1501,0.1388
935,569,1504,0.1388
931,572,1503,0.1388
937,574,1511,0.1388
923,580,1503,0.1388
921,579,1500,0.1388
933,581,1514,0.1388
930,584,1514,0.1388
935,582,1517,0.1388
925,592,1517,0.1388
924,590,1514,0.1388
924,597,1521,0.1388
929,585,1514,0.1388
924,592,1516,0.1388
917,572,1489,0.1388
916,585,1501,0.1388
911,583,1494,0.1388
908,592,1500,0.1388
903,596,1499,0.1388
917,589,1506,0.1388
914,590,1504,0.1388
916,590,1506,0.1388
920,588,1508,0.1388
918,592,1510,0.1388
919,590,1509,0.1388
901,581,1482,0.1388
904,579,1483,0.1388
902,585,1487,0.1388
909,585,1494,0.1388
913,597,1510,0.1388
908,607,1515,0.1388
902,609,1511,0.1388
903,603,1506,0.1388
897,600,1497,0.1388
882,603,1485,0.1388
893,607,1500,0.1388
894,607,1501,0.1388
893,609,1502,0.1388
896,606,1502,0.1388
899,608,1507,0.1388
894,616,1510,0.1388
894,630,1524,0.1388
893,617,1510,0.1388
881,609,1490,0.1388
885,613,1498,0.1388
888,613,1501,0.1388
887,602,1489,0.1388
888,598,1486,0.1388
881,613,1494,0.1388
881,605,1486,0.1388
889,603,1492,0.1388
895,606,1501,0.1388
885,618,1503,0.1388
884,614,1498,0.1388
890,617,1507,0.1388
890,618,1508,0.1388
889,630,1519,0.1388
886,635,1521,0.1388
884,642,1526,0.1388
891,634,1525,0.1388
878,630,1508,0.1388
866,634,1500,0.1388
870,636,1506,0.1388
870,639,1509,0.1388
871,637,1508,0.1388
885,643,1528,0.1388
883,640,1523,0.1388
877,646,1523,0.1388
869,642,1511,0.1388
870,636,1506,0.1388
861,640,1501,0.1388
858,655,1513,0.1388
857,652,1509,0.1388
861,651,1512,0.1388
866,656,1522,0.1388
858,652,1510,0.1388
856,652,1508,0.1388
854,664,1518,0.1388
861,665,1526,0.1388
855,671,1526,0.1388
849,663,1512,0.1388
852,663,1515,0.1388
855,665,1520,0.1388
842,667,1509,0.1388
848,666,1514,0.1388
849,672,1521,0.1388
845,663,1508,0.1388
835,668,1503,0.1388
837,665,1502,0.1388
839,662,1501,0.1388
833,663,1496,0.1388
844,667,1511,0.1388
847,670,1517,0.1388
846,664,1510,0.1388
833,659,1492,0.1388
838,675,1513,0.1388
835,681,1516,0.1388
831,675,1506,0.1388
830,673,1503,0.1388
834,670,1504,0.1388
838,669,1507,0.1388
831,663,1494,0.1388
834,673,1507,0.1388
832,669,1501,0.1388
829,682,1511,0.1388
828,673,1501,0.1388
830,666,1496,0.1388
835,662,1497,0.1388
830,659,1489,0.1388
830,672,1502,0.1388
827,676,1503,0.1388
819,675,1494,0.1388
817,672,1489,0.1388
803,687,1490,0.1388
809,678,1487,0.1388
812,685,1497,0.1388
812,679,1491,0.1388
818,686,1504,0.1388
819,689,1508,0.1388
808,690,1498,0.1388
819,684,1503,0.1388
820,676,1496,0.1388
808,677,1485,0.1388
812,682,1494,0.1388
817,676,1493,0.1388
817,674,1491,0.1388
817,682,1499,0.1388
819,690,1509,0.1388
817,689,1506,0.1388
808,701,1509,0.1388
805,702,1507,0.1388
800,693,1493,0.1388
799,699,1498,0.1388
799,702,1501,0.1388
796,704,1500,0.1388
787,709,1496,0.1388
787,712,1499,0.1388
790,719,1509,0.1388
788,716,1504,0.1388
778,719,1497,0.1388
773,718,1491,0.1388
778,723,1501,0.1388
780,718,1498,0.1388
782,715,1497,0.1388
786,710,1496,0.1388
788,704,1492,0.1388
793,713,1506,0.1388
801,705,1506,0.1388
804,705,1509,0.1388
804,704,1508,0.1388
807,716,1523,0.1388
795,710,1505,0.1388
793,700,1493,0.1388
790,710,1500,0.1388
785,715,1500,0.1388
790,712,1502,0.1388
799,714,1513,0.1388
798,706,1504,0.1388
796,717,1513,0.1388
794,715,1509,0.1388
792,714,1506,0.1388
788,707,1495,0.1388
790,711,1501,0.1388
783,712,1495,0.1388
768,717,1485,0.1388
764,731,1495,0.1388
758,732,1490,0.1388
767,724,1491,0.1388
767,739,1506,0.1388
761,734,1495,0.1388
751,734,1485,0.1388
756,735,1491,0.1388
765,736,1501,0.1388
756,734,1490,0.1388
761,738,1499,0.1388
766,746,1512,0.1388
768,747,1515,0.1388
758,754,1512,0.1388
759,741,1500,0.1388
754,750,1504,0.1388
750,751,1501,0.1388
750,755,1505,0.1388
749,759,1508,0.1388
751,760,1511,0.1388
743,759,1502,0.1388
738,774,1512,0.1388
736,772,1508,0.1388
724,776,1500,0.1388
719,769,1488,0.1388
716,774,1490,0.1388
714,779,1493,0.1388
720,784,1504,0.1388
730,779,1509,0.1388
733,775,1508,0.1388
730,775,1505,0.1388
737,776,1513,0.1388
740,775,1515,0.1388
733,782,1515,0.1388
737,782,1519,0.1388
737,789,1526,0.1388
732,795,1527,0.1388
733,790,1523,0.1388
739,788,1527,0.1388
744,783,1527,0.1388
733,787,1520,0.1388
721,791,1512,0.1388
726,784,1510,0.1388
724,785,1509,0.1388
720,785,1505,0.1388
726,793,1519,0.1388
711,787,1498,0.1388
715,786,1501,0.1388
715,788,1503,0.1388
717,799,1516,0.1388
714,799,1513,0.1388
712,795,1507,0.1388
704,795,1499,0.1388
697,779,1476,0.1388
696,780,1476,0.1388
702,781,1483,0.1388
695,784,1479,0.1388
702,775,1477,0.1388
717,779,1496,0.1388
718,769,1487,0.1388
731,779,1510,0.1388
715,781,1496,0.1388
722,780,1502,0.1388
729,781,1510,0.1388
724,786,1510,0.1388
712,794,1506,0.1388
706,798,1504,0.1388
712,795,1507,0.1388
713,799,1512,0.1388
710,800,1510,0.1388
714,800,1514,0.1388
709,812,1521,0.1388
705,812,1517,0.1388
687,818,1505,0.1388
689,823,1512,0.1388
700,815,1515,0.1388
689,819,1508,0.1388
688,825,1513,0.1388
682,831,1513,0.1388
681,824,1505,0.1388
677,835,1512,0.1388
673,829,1502,0.1388
672,830,1502,0.1388
665,828,1493,0.1388
664,835,1499,0.1388
675,833,1508,0.1388
675,830,1505,0.1388
674,825,1499,0.1388
664,837,1501,0.1388
663,828,1491,0.1388
666,833,1499,0.1388
662,831,1493,0.1388
663,834,1497,0.1388
658,838,1496,0.1388
651,839,1490,0.1388
650,841,1491,0.1388
653,844,1497,0.1388
653,851,1504,0.1388
653,849,1502,0.1388
659,852,1511,0.1388
660,860,1520,0.1388
653,864,1517,0.1388
657,872,1529,0.1388
652,875,1527,0.1388
654,868,1522,0.1388
638,857,1495,0.1388
636,857,1493,0.1388
633,862,1495,0.1388
633,864,1497,0.1388
639,871,1510,0.1388
647,871,1518,0.1388
640,871,1511,0.1388
636,877,1513,0.1388
644,873,1517,0.1388
639,877,1516,0.1388
633,865,1498,0.1388
632,858,1490,0.1388
639,859,1498,0.1388
634,863,1497,0.1388
635,876,1511,0.1388
628,886,1514,0.1388
618,887,1505,0.1388
624,885,1509,0.1388
626,890,1516,0.1388
618,891,1509,0.1388
620,897,1517,0.1388
619,898,1517,0.1388
624,887,1511,0.1388
610,901,1511,0.1388
613,909,1522,0.1388
620,903,1523,0.1388
619,905,1524,0.1388
610,902,1512,0.1388
609,904,1513,0.1388
606,904,1510,0.1388
607,918,1525,0.1388
600,918,1518,0.1388
599,913,1512,0.1388
593,909,1502,0.1388
593,921,1514,0.1388
590,916,1506,0.1388
591,911,1502,0.1388
587,917,1504,0.1388
586,923,1509,0.1388
586,920,1506,0.1388
585,925,1510,0.1388
590,926,1516,0.1388
580,921,1501,0.1388
579,925,1504,0.1388
573,931,1504,0.1388
579,930,1509,0.1388
588,929,1517,0.1388
592,933,1525,0.1388
587,931,1518,0.1388
584,924,1508,0.1388
581,935,1516,0.1388
582,936,1518,0.1388
585,924,1509,0.1388
589,924,1513,0.1388
591,913,1504,0.1388
593,927,1520,0.1388
585,928,1513,0.1388
585,924,1509,0.1388
579,937,1516,0.1388
579,929,1508,0.1388
581,931,1512,0.1388
580,927,1507,0.1388
585,925,1510,0.1388
585,920,1505,0.1388
586,912,1498,0.1388
581,917,1498,0.1388
579,910,1489,0.1388
576,919,1495,0.1388
571,919,1490,0.1388
577,910,1487,0.1388
584,913,1497,0.1388
588,907,1495,0.1388
595,911,1506,0.1388
591,905,1496,0.1388
584,914,1498,0.1388
584,925,1509,0.1388
576,923,1499,0.1388
574,930,1504,0.1388
578,937,1515,0.1388
585,937,1522,0.1388
584,929,1513,0.1388
590,931,1521,0.1388
582,946,1528,0.1388
577,942,1519,0.1388
579,938,1517,0.1388
573,918,1491,0.1388
568,926,1494,0.1388
564,932,1496,0.1388
562,938,1500,0.1388
565,951,1516,0.1388
566,946,1512,0.1388
570,941,1511,0.1388
574,949,1523,0.1388
569,947,1516,0.1388
552,942,1494,0.1388
542,943,1485,0.1388
542,948,1490,0.1388
539,956,1495,0.1388
545,970,1515,0.1388
543,970,1513,0.1388
536,967,1503,0.1388
532,965,1497,0.1388
537,973,1510,0.1388
533,979,1512,0.1388
537,982,1519,0.1388
529,972,1501,0.1388
529,973,1502,0.1388
532,979,1511,0.1388
535,987,1522,0.1388
536,989,1525,0.1388
525,988,1513,0.1388
521,989,1510,0.1388
524,996,1520,0.1388
523,986,1509,0.1388
521,988,1509,0.1388
518,999,1517,0.1388
518,1006,1524,0.1388
516,996,1512,0.1388
514,992,1506,0.1388
522,986,1508,0.1388
529,970,1499,0.1388
527,984,1511,0.1388
530,988,1518,0.1388
527,976,1503,0.1388
529,975,1504,0.1388
529,975,1504,0.1388
526,978,1504,0.1388
526,989,1515,0.1388
521,990,1511,0.1388
517,1001,1518,0.1388
522,1012,1534,0.1388
515,1007,1522,0.1388
512,1014,1526,0.1388
509,1017,1526,0.1388
511,1013,1524,0.1388
505,1006,1511,0.1388
497,1001,1498,0.1388
498,1008,1506,0.1388
498,1010,1508,0.1388
497,1017,1514,0.1388
495,1013,1508,0.1388
493,1017,1510,0.1388
488,1019,1507,0.1388
485,1034,1519,0.1388
483,1029,1512,0.1388
483,1036,1519,0.1388
481,1032,1513,0.1388
475,1031,1506,0.1388
479,1031,1510,0.1388
484,1034,1518,0.1388
487,1026,1513,0.1388
476,1036,1512,0.1388
471,1038,1509,0.1388
466,1034,1500,0.1388
467,1041,1508,0.1388
475,1041,1516,0.1388
469,1045,1514,0.1388
457,1044,1501,0.1388
454,1055,1509,0.1388
453,1046,1499,0.1388
454,1041,1495,0.1388
455,1047,1502,0.1388
447,1055,1502,0.1388
450,1057,1507,0.1388
450,1056,1506,0.1388
449,1060,1509,0.1388
446,1062,1508,0.1388
438,1070,1508,0.1388
434,1071,1505,0.1388
432,1072,1504,0.1388
442,1074,1516,0.1388
439,1074,1513,0.1388
443,1060,1503,0.1388
439,1074,1513,0.1388
444,1062,1506,0.1388
445,1060,1505,0.1388
440,1059,1499,0.1388
445,1057,1502,0.1388
441,1067,1508,0.1388
442,1067,1509,0.1388
438,1059,1497,0.1388
441,1062,1503,0.1388
446,1071,1517,0.1388
439,1078,1517,0.1388
440,1073,1513,0.1388
437,1084,1521,0.1388
431,1085,1516,0.1388
431,1086,1517,0.1388
440,1085,1525,0.1388
438,1072,1510,0.1388
440,1071,1511,0.1388
434,1083,1517,0.1388
426,1086,1512,0.1388
421,1087,1508,0.1388
425,1096,1521,0.1388
427,1093,1520,0.1388
429,1094,1523,0.1388
418,1082,1500,0.1388
418,1082,1500,0.1388
420,1082,1502,0.1388
427,1089,1516,0.1388
427,1085,1512,0.1388
428,1083,1511,0.1388
425,1078,1503,0.1388
418,1086,1504,0.1388
419,1091,1510,0.1388
421,1087,1508,0.1388
420,1087,1507,0.1388
423,1088,1511,0.1388
415,1085,1500,0.1388
416,1102,1518,0.1388
422,1091,1513,0.1388
418,1092,1510,0.1388
418,1092,1510,0.1388
417,1090,1507,0.1388
421,1098,1519,0.1388
418,1092,1510,0.1388
425,1093,1518,0.1388
410,1098,1508,0.1388
408,1111,1519,0.1388
404,1119,1523,0.1388
407,1112,1519,0.1388
405,1097,1502,0.1388
410,1086,1496,0.1388
414,1091,1505,0.1388
403,1084,1487,0.1388
400,1089,1489,0.1388
399,1097,1496,0.1388
398,1093,1491,0.1388
399,1096,1495,0.1388
402,1113,1515,0.1388
401,1113,1514,0.1388
397,1110,1507,0.1388
402,1110,1512,0.1388
409,1112,1521,0.1388
409,1116,1525,0.1388
415,1110,1525,0.1388
417,1104,1521,0.1388
409,1112,1521,0.1388
406,1117,1523,0.1388
404,1117,1521,0.1388
398,1122,1520,0.1388
402,1119,1521,0.1388
403,1107,1510,0.1388
394,1120,1514,0.1388
397,1118,1515,0.1388
392,1131,1523,0.1388
400,1124,1524,0.1388
398,1120,1518,0.1388
395,1116,1511,0.1388
387,1120,1507,0.1388
391,1112,1503,0.1388
392,1112,1504,0.1388
394,1116,1510,0.1388
399,1126,1525,0.1388
404,1127,1531,0.1388
402,1121,1523,0.1388
398,1115,1513,0.1388
396,1122,1518,0.1388
400,1129,1529,0.1388
395,1126,1521,0.1388
397,1119,1516,0.1388
393,1136,1529,0.1388
392,1135,1527,0.1388
383,1132,1515,0.1388
380,1120,1500,0.1388
380,1114,1494,0.1388
380,1114,1494,0.1388
381,1118,1499,0.1388
383,1115,1498,0.1388
385,1129,1514,0.1388
379,1138,1517,0.1388
383,1129,1512,0.1388
383,1122,1505,0.1388
384,1133,1517,0.1388
377,1135,1512,0.1388
379,1144,1523,0.1388
376,1139,1515,0.1388
370,1124,1494,0.1388
376,1132,1508,0.1388
377,1127,1504,0.1388
377,1145,1522,0.1388
381,1141,1522,0.1388
386,1137,1523,0.1388
382,1144,1526,0.1388
379,1141,1520,0.1388
386,1151,1537,0.1388
386,1139,1525,0.1388
380,1134,1514,0.1388
371,1147,1518,0.1388
372,1156,1528,0.1388
370,1156,1526,0.1388
373,1148,1521,0.1388
372,1144,1516,0.1388
374,1141,1515,0.1388
376,1132,1508,0.1388
381,1144,1525,0.1388
382,1125,1507,0.1388
379,1121,1500,0.1388
384,1117,1501,0.1388
379,1135,1514,0.1388
381,1124,1505,0.1388
376,1134,1510,0.1388
375,1146,1521,0.1388
378,1139,1517,0.1388
371,1140,1511,0.1388
376,1137,1513,0.1388
374,1135,1509,0.1388
372,1141,1513,0.1388
373,1142,1515,0.1388
372,1142,1514,0.1388
364,1149,1513,0.1388
355,1140,1495,0.1388
362,1154,1516,0.1388
358,1150,1508,0.1388
358,1143,1501,0.1388
360,1153,1513,0.1388
362,1142,1504,0.1388
366,1151,1517,0.1388
362,1151,1513,0.1388
354,1143,1497,0.1388
356,1145,1501,0.1388
362,1137,1499,0.1388
360,1141,1501,0.1388
370,1145,1515,0.1388
366,1141,1507,0.1388
369,1153,1522,0.1388
367,1145,1512,0.1388
369,1138,1507,0.1388
363,1147,1510,0.1388
364,1151,1515,0.1388
362,1146,1508,0.1388
366,1149,1515,0.1388
368,1144,1512,0.1388
373,1146,1519,0.1388
374,1136,1510,0.1388
369,1146,1515,0.1388
367,1133,1500,0.1388
364,1136,1500,0.1388
362,1133,1495,0.1388
363,1148,1511,0.1388
366,1155,1521,0.1388
367,1159,1526,0.1388
363,1154,1517,0.1388
362,1155,1517,0.1388
365,1145,1510,0.1388
363,1149,1512,0.1388
354,1168,1522,0.1388
358,1165,1523,0.1388
353,1162,1515,0.1388
354,1158,1512,0.1388
348,1146,1494,0.1388
356,1158,1514,0.1388
354,1163,1517,0.1388
352,1161,1513,0.1388
350,1171,1521,0.1388
351,1167,1518,0.1388
352,1159,1511,0.1388
348,1161,1509,0.1388
346,1155,1501,0.1388
342,1149,1491,0.1388
348,1150,1498,0.1388
354,1166,1520,0.1388
349,1166,1515,0.1388
349,1171,1520,0.1388
343,1171,1514,0.1388
342,1171,1513,0.1388
340,1166,1506,0.1388
332,1173,1505,0.1388
336,1176,1512,0.1388
343,1166,1509,0.1388
343,1164,1507,0.1388
347,1159,1506,0.1388
351,1167,1518,0.1388
353,1165,1518,0.1388
352,1158,1510,0.1388
350,1150,1500,0.1388
349,1162,1511,0.1388
342,1164,1506,0.1388
345,1172,1517,0.1388
351,1175,1526,0.1388
349,1161,1510,0.1388
342,1166,1508,0.1388
332,1172,1504,0.1388
330,1172,1502,0.1388
333,1173,1506,0.1388
333,1174,1507,0.1388
331,1175,1506,0.1388
333,1176,1509,0.1388
332,1172,1504,0.1388
335,1190,1525,0.1388
332,1185,1517,0.1388
330,1189,1519,0.1388
328,1187,1515,0.1388
325,1172,1497,0.1388
328,1185,1513,0.1388
326,1187,1513,0.1388
329,1176,1505,0.1388
327,1175,1502,0.1388
321,1176,1497,0.1388
321,1192,1513,0.1388
323,1193,1516,0.1388
318,1193,1511,0.1388
315,1197,1512,0.1388
313,1201,1514,0.1388
308,1205,1513,0.1388
312,1210,1522,0.1388
306,1208,1514,0.1388
305,1212,1517,0.1388
303,1226,1529,0.1388
301,1222,1523,0.1388
297,1224,1521,0.1388
307,1210,1517,0.1388
309,1199,1508,0.1388
307,1207,1514,0.1388
305,1217,1522,0.1388
300,1209,1509,0.1388
296,1214,1510,0.1388
291,1210,1501,0.1388
293,1224,1517,0.1388
299,1215,1514,0.1388
299,1218,1517,0.1388
300,1213,1513,0.1388
298,1219,1517,0.1388
295,1226,1521,0.1388
298,1217,1515,0.1388
295,1216,1511,0.1388
298,1214,1512,0.1388
294,1210,1504,0.1388
290,1199,1489,0.1388
293,1198,1491,0.1388
294,1213,1507,0.1388
287,1205,1492,0.1388
289,1213,1502,0.1388
288,1217,1505,0.1388
283,1224,1507,0.1388
286,1217,1503,0.1388
288,1218,1506,0.1388
285,1229,1514,0.1388
284,1218,1502,0.1388
286,1216,1502,0.1388
277,1211,1488,0.1388
281,1223,1504,0.1388
281,1231,1512,0.1388
276,1221,1497,0.1388
280,1220,1500,0.1388
285,1228,1513,0.1388
281,1236,1517,0.1388
284,1229,1513,0.1388
285,1230,1515,0.1388
280,1237,1517,0.1388
280,1231,1511,0.1388
283,1243,1526,0.1388
280,1253,1533,0.1388
281,1241,1522,0.1388
284,1232,1516,0.1388
276,1243,1519,0.1388
278,1242,1520,0.1388
278,1235,1513,0.1388
277,1237,1514,0.1388
269,1244,1513,0.1388
267,1246,1513,0.1388
268,1235,1503,0.1388
267,1235,1502,0.1388
262,1245,1507,0.1388
263,1252,1515,0.1388
257,1261,1518,0.1388
248,1255,1503,0.1388
247,1249,1496,0.1388
248,1268,1516,0.1388
246,1266,1512,0.1388
246,1282,1528,0.1388
249,1277,1526,0.1388
249,1277,1526,0.1388
250,1264,1514,0.1388
251,1261,1512,0.1388
254,1254,1508,0.1388
260,1256,1516,0.1388
262,1270,1532,0.1388
258,1264,1522,0.1388
254,1252,1506,0.1388
256,1262,1518,0.1388
255,1262,1517,0.1388
258,1268,1526,0.1388
262,1270,1532,0.1388
263,1258,1521,0.1388
259,1259,1518,0.1388
264,1263,1527,0.1388
258,1261,1519,0.1388
255,1259,1514,0.1388
254,1267,1521,0.1388
248,1257,1505,0.1388
248,1268,1516,0.1388
246,1264,1510,0.1388
245,1266,1511,0.1388
251,1263,1514,0.1388
252,1248,1500,0.1388
249,1259,1508,0.1388
249,1260,1509,0.1388
250,1252,1502,0.1388
245,1261,1506,0.1388
245,1270,1515,0.1388
249,1256,1505,0.1388
245,1250,1495,0.1388
244,1251,1495,0.1388
240,1262,1502,0.1388
241,1268,1509,0.1388
242,1264,1506,0.1388
242,1258,1500,0.1388
244,1268,1512,0.1388
246,1256,1502,0.1388
244,1264,1508,0.1388
245,1266,1511,0.1388
246,1259,1505,0.1388
248,1270,1518,0.1388
245,1280,1525,0.1388
244,1273,1517,0.1388
239,1269,1508,0.1388
242,1265,1507,0.1388
240,1268,1508,0.1388
244,1270,1514,0.1388
243,1267,1510,0.1388
242,1267,1509,0.1388
240,1262,1502,0.1388
239,1276,1515,0.1388
237,1280,1517,0.1388
235,1276,1511,0.1388
237,1275,1512,0.1388
240,1278,1518,0.1388
240,1277,1517,0.1388
236,1278,1514,0.1388
240,1279,1519,0.1388
242,1284,1526,0.1388
243,1271,1514,0.1388
235,1279,1514,0.1388
235,1281,1516,0.1388
237,1266,1503,0.1388
240,1266,1506,0.1388
245,1261,1506,0.1388
246,1261,1507,0.1388
244,1268,1512,0.1388
245,1265,1510,0.1388
244,1280,1524,0.1388
240,1287,1527,0.1388
242,1276,1518,0.1388
238,1278,1516,0.1388
241,1280,1521,0.1388
243,1274,1517,0.1388
237,1271,1508,0.1388
236,1262,1498,0.1388
225,1277,1502,0.1388
230,1268,1498,0.1388
227,1285,1512,0.1388
229,1287,1516,0.1388
229,1281,1510,0.1388
224,1284,1508,0.1388
225,1283,1508,0.1388
226,1284,1510,0.1388
227,1286,1513,0.1388
226,1292,1518,0.1388
224,1288,1512,0.1388
224,1285,1509,0.1388
220,1287,1507,0.1388
218,1290,1508,0.1388
221,1296,1517,0.1388
222,1288,1510,0.1388
226,1293,1519,0.1388
222,1294,1516,0.1388
227,1288,1515,0.1388
223,1284,1507,0.1388
220,1283,1503,0.1388
222,1275,1497,0.1388
215,1275,1490,0.1388
218,1281,1499,0.1388
221,1280,1501,0.1388
219,1290,1509,0.1388
221,1297,1518,0.1388
220,1295,1515,0.1388
212,1308,1520,0.1388
209,1309,1518,0.1388
212,1302,1514,0.1388
204,1295,1499,0.1388
202,1285,1487,0.1388
205,1299,1504,0.1388
207,1310,1517,0.1388
205,1315,1520,0.1388
203,1304,1507,0.1388
200,1309,1509,0.1388
199,1296,1495,0.1388
195,1300,1495,0.1388
204,1304,1508,0.1388
204,1303,1507,0.1388
201,1318,1519,0.1388
205,1314,1519,0.1388
205,1317,1522,0.1388
206,1324,1530,0.1388
203,1327,1530,0.1388
201,1323,1524,0.1388
201,1305,1506,0.1388
202,1316,1518,0.1388
205,1317,1522,0.1388
205,1309,1514,0.1388
205,1294,1499,0.1388
200,1299,1499,0.1388
200,1292,1492,0.1388
202,1307,1509,0.1388
202,1305,1507,0.1388
201,1302,1503,0.1388
202,1297,1499,0.1388
203,1302,1505,0.1388
201,1297,1498,0.1388
200,1314,1514,0.1388
196,1309,1505,0.1388
192,1320,1512,0.1388
195,1314,1509,0.1388
195,1313,1508,0.1388
196,1311,1507,0.1388
193,1323,1516,0.1388
192,1318,1510,0.1388
197,1319,1516,0.1388
202,1327,1529,0.1388
200,1337,1537,0.1388
201,1336,1537,0.1388
198,1329,1527,0.1388
198,1330,1528,0.1388
201,1316,1517,0.1388
197,1325,1522,0.1388
193,1327,1520,0.1388
189,1324,1513,0.1388
192,1330,1522,0.1388
194,1334,1528,0.1388
192,1319,1511,0.1388
199,1334,1533,0.1388
197,1323,1520,0.1388
199,1317,1516,0.1388
199,1319,1518,0.1388
201,1319,1520,0.1388
196,1304,1500,0.1388
196,1317,1513,0.1388
202,1326,1528,0.1388
203,1329,1532,0.1388
202,1321,1523,0.1388
203,1330,1533,0.1388
197,1323,1520,0.1388
199,1322,1521,0.1388
193,1318,1511,0.1388
191,1305,1496,0.1388
191,1327,1518,0.1388
189,1343,1532,0.1388
191,1338,1529,0.1388
187,1328,1515,0.1388
187,1330,1517,0.1388
184,1326,1510,0.1388
180,1330,1510,0.1388
177,1331,1508,0.1388
173,1327,1500,0.1388
173,1328,1501,0.1388
171,1335,1506,0.1388
175,1338,1513,0.1388
178,1332,1510,0.1388
175,1328,1503,0.1388
179,1330,1509,0.1388
182,1322,1504,0.1388
183,1318,1501,0.1388
185,1338,1523,0.1388
179,1345,1524,0.1388
183,1351,1534,0.1388
181,1337,1518,0.1388
181,1338,1519,0.1388
182,1334,1516,0.1388
182,1343,1525,0.1388
181,1340,1521,0.1388
181,1340,1521,0.1388
182,1332,1514,0.1388
186,1329,1515,0.1388
184,1324,1508,0.1388
187,1323,1510,0.1388
185,1327,1512,0.1388
187,1321,1508,0.1388
190,1321,1511,0.1388
190,1338,1528,0.1388
189,1340,1529,0.1388
191,1340,1531,0.1388
187,1325,1512,0.1388
186,1335,1521,0.1388
189,1334,1523,0.1388
188,1331,1519,0.1388
183,1332,1515,0.1388
185,1329,1514,0.1388
186,1328,1514,0.1388
183,1328,1511,0.1388
182,1332,1514,0.1388
183,1327,1510,0.1388
185,1328,1513,0.1388
184,1318,1502,0.1388
187,1331,1518,0.1388
184,1319,1503,0.1388
184,1320,1504,0.1388
186,1339,1525,0.1388
188,1343,1531,0.1388
190,1333,1523,0.1388
186,1325,1511,0.1388
189,1325,1514,0.1388
186,1326,1512,0.1388
183,1336,1519,0.1388
184,1338,1522,0.1388
182,1346,1528,0.1388
179,1332,1511,0.1388
173,1335,1508,0.1388
172,1347,1519,0.1388
171,1336,1507,0.1388
176,1335,1511,0.1388
178,1341,1519,0.1388
177,1342,1519,0.1388
178,1351,1529,0.1388
179,1353,1532,0.1388
178,1362,1540,0.1388
172,1345,1517,0.1388
176,1348,1524,0.1388
173,1347,1520,0.1388
171,1341,1512,0.1388
170,1337,1507,0.1388
171,1328,1499,0.1388
172,1348,1520,0.1388
169,1358,1527,0.1388
170,1351,1521,0.1388
171,1350,1521,0.1388
170,1352,1522,0.1388
167,1343,1510,0.1388
163,1349,1512,0.1388
163,1354,1517,0.1388
162,1354,1516,0.1388
163,1360,1523,0.1388
164,1356,1520,0.1388
166,1348,1514,0.1388
166,1354,1520,0.1388
163,1359,1522,0.1388
165,1358,1523,0.1388
167,1346,1513,0.1388
165,1361,1526,0.1388
164,1369,1533,0.1388
159,1366,1525,0.1388
159,1377,1536,0.1388
157,1388,1545,0.1388
157,1374,1531,0.1388
152,1358,1510,0.1388
157,1359,1516,0.1388
157,1360,1517,0.1388
159,1356,1515,0.1388
161,1361,1522,0.1388
159,1355,1514,0.1388
155,1346,1501,0.1388
155,1355,1510,0.1388
151,1360,1511,0.1388
149,1371,1520,0.1388
152,1381,1533,0.1388
147,1362,1509,0.1388
145,1362,1507,0.1388
148,1359,1507,0.1388
154,1360,1514,0.1388
155,1370,1525,0.1388
152,1384,1536,0.1388
156,1374,1530,0.1388
153,1368,1521,0.1388
153,1375,1528,0.1388
153,1362,1515,0.1388
155,1356,1511,0.1388
149,1367,1516,0.1388
152,1357,1509,0.1388
155,1372,1527,0.1388
149,1358,1507,0.1388
150,1361,1511,0.1388
150,1369,1519,0.1388
150,1377,1527,0.1388
147,1364,1511,0.1388
147,1367,1514,0.1388
145,1364,1509,0.1388
142,1370,1512,0.1388
143,1363,1506,0.1388
140,1369,1509,0.1388
141,1379,1520,0.1388
143,1386,1529,0.1388
140,1377,1517,0.1388
137,1372,1509,0.1388
138,1384,1522,0.1388
138,1382,1520,0.1388
139,1378,1517,0.1388
139,1375,1514,0.1388
142,1364,1506,0.1388
137,1356,1493,0.1388
135,1360,1495,0.1388
135,1359,1494,0.1388
138,1355,1493,0.1388
140,1363,1503,0.1388
136,1379,1515,0.1388
141,1391,1532,0.1388
139,1384,1523,0.1388
145,1382,1527,0.1388
141,1360,1501,0.1388
137,1358,1495,0.1388
133,1363,1496,0.1388
135,1362,1497,0.1388
133,1369,1502,0.1388
137,1368,1505,0.1388
135,1377,1512,0.1388
135,1378,1513,0.1388
133,1366,1499,0.1388
126,1385,1511,0.1388
126,1390,1516,0.1388
129,1378,1507,0.1388
132,1386,1518,0.1388
129,1377,1506,0.1388
130,1395,1525,0.1388
126,1403,1529,0.1388
129,1392,1521,0.1388
129,1385,1514,0.1388
131,1382,1513,0.1388
134,1385,1519,0.1388
135,1394,1529,0.1388
137,1393,1530,0.1388
141,1381,1522,0.1388
139,1373,1512,0.1388
134,1377,1511,0.1388
140,1377,1517,0.1388
136,1369,1505,0.1388
134,1371,1505,0.1388
130,1382,1512,0.1388
132,1386,1518,0.1388
128,1386,1514,0.1388
131,1379,1510,0.1388
138,1396,1534,0.1388
138,1392,1530,0.1388
137,1385,1522,0.1388
135,1398,1533,0.1388
137,1384,1521,0.1388
137,1378,1515,0.1388
135,1383,1518,0.1388
136,1385,1521,0.1388
134,1371,1505,0.1388
133,1383,1516,0.1388
134,1378,1512,0.1388
136,1374,1510,0.1388
131,1374,1505,0.1388
134,1375,1509,0.1388
130,1382,1512,0.1388
132,1383,1515,0.1388
131,1373,1504,0.1388
130,1377,1507,0.1388
131,1378,1509,0.1388
131,1395,1526,0.1388
129,1388,1517,0.1388
128,1383,1511,0.1388
131,1370,1501,0.1388
129,1367,1496,0.1388
133,1361,1494,0.1388
133,1378,1511,0.1388
136,1380,1516,0.1388
131,1385,1516,0.1388
132,1390,1522,0.1388
132,1383,1515,0.1388
135,1379,1514,0.1388
135,1376,1511,0.1388
134,1385,1519,0.1388
133,1382,1515,0.1388
132,1378,1510,0.1388
130,1385,1515,0.1388
130,1390,1520,0.1388
133,1382,1515,0.1388
133,1388,1521,0.1388
133,1386,1519,0.1388
133,1387,1520,0.1388
132,1391,1523,0.1388
130,1380,1510,0.1388
130,1370,1500,0.1388
132,1386,1518,0.1388
129,1389,1518,0.1388
124,1384,1508,0.1388
119,1375,1494,0.1388
121,1380,1501,0.1388
119,1372,1491,0.1388
121,1383,1504,0.1388
121,1383,1504,0.1388
123,1383,1506,0.1388
122,1381,1503,0.1388
121,1376,1497,0.1388
117,1384,1501,0.1388
117,1391,1508,0.1388
120,1380,1500,0.1388
119,1391,1510,0.1388
116,1401,1517,0.1388
118,1413,1531,0.1388
119,1398,1517,0.1388
120,1395,1515,0.1388
123,1387,1510,0.1388
124,1394,1518,0.1388
124,1405,1529,0.1388
125,1403,1528,0.1388
127,1388,1515,0.1388
127,1385,1512,0.1388
129,1392,1521,0.1388
126,1383,1509,0.1388
120,1405,1525,0.1388
119,1402,1521,0.1388
118,1400,1518,0.1388
118,1408,1526,0.1388
118,1403,1521,0.1388
118,1402,1520,0.1388
117,1404,1521,0.1388
119,1403,1522,0.1388
118,1407,1525,0.1388
118,1403,1521,0.1388
118,1403,1521,0.1388
114,1387,1501,0.1388
113,1388,1501,0.1388
112,1385,1497,0.1388
114,1375,1489,0.1388
119,1374,1493,0.1388
119,1380,1499,0.1388
120,1402,1522,0.1388
119,1415,1534,0.1388
120,1403,1523,0.1388
125,1401,1526,0.1388
122,1408,1530,0.1388
121,1417,1538,0.1388
116,1398,1514,0.1388
114,1400,1514,0.1388
114,1398,1512,0.1388
113,1409,1522,0.1388
110,1431,1541,0.1388
116,1416,1532,0.1388
117,1410,1527,0.1388
114,1398,1512,0.1388
112,1398,1510,0.1388
114,1412,1526,0.1388
114,1407,1521,0.1388
115,1405,1520,0.1388
115,1423,1538,0.1388
113,1415,1528,0.1388
111,1400,1511,0.1388
110,1399,1509,0.1388
110,1401,1511,0.1388
113,1403,1516,0.1388
114,1420,1534,0.1388
115,1404,1519,0.1388
114,1405,1519,0.1388
113,1396,1509,0.1388
115,1395,1510,0.1388
116,1404,1520,0.1388
115,1411,1526,0.1388
116,1396,1512,0.1388
117,1390,1507,0.1388
116,1397,1513,0.1388
116,1411,1527,0.1388
111,1401,1512,0.1388
115,1396,1511,0.1388
115,1405,1520,0.1388
114,1411,1525,0.1388
119,1395,1514,0.1388
118,1398,1516,0.1388
118,1394,1512,0.1388
116,1399,1515,0.1388
115,1398,1513,0.1388
111,1403,1514,0.1388
106,1398,1504,0.1388
107,1413,1520,0.1388
107,1409,1516,0.1388
107,1411,1518,0.1388
110,1422,1532,0.1388
110,1424,1534,0.1388
110,1406,1516,0.1388
114,1408,1522,0.1388
113,1405,1518,0.1388
112,1406,1518,0.1388
113,1404,1517,0.1388
111,1402,1513,0.1388
110,1411,1521,0.1388
108,1416,1524,0.1388
111,1410,1521,0.1388
109,1415,1524,0.1388
107,1405,1512,0.1388
104,1402,1506,0.1388
104,1395,1499,0.1388
103,1407,1510,0.1388
103,1417,1520,0.1388
100,1395,1495,0.1388
97,1392,1489,0.1388
99,1412,1511,0.1388
99,1402,1501,0.1388
102,1410,1512,0.1388
102,1423,1525,0.1388
101,1417,1518,0.1388
102,1415,1517,0.1388
100,1410,1510,0.1388
102,1404,1506,0.1388
99,1418,1517,0.1388
97,1423,1520,0.1388
99,1414,1513,0.1388
97,1422,1519,0.1388
95,1421,1516,0.1388
93,1419,1512,0.1388
90,1409,1499,0.1388
92,1416,1508,0.1388
93,1421,1514,0.1388
93,1430,1523,0.1388
96,1425,1521,0.1388
98,1418,1516,0.1388
93,1416,1509,0.1388
95,1401,1496,0.1388
94,1418,1512,0.1388
92,1417,1509,0.1388
92,1413,1505,0.1388
92,1412,1504,0.1388
93,1412,1505,0.1388
95,1419,1514,0.1388
95,1428,1523,0.1388
96,1435,1531,0.1388
93,1423,1516,0.1388
90,1424,1514,0.1388
91,1426,1517,0.1388
91,1424,1515,0.1388
91,1429,1520,0.1388
92,1415,1507,0.1388
92,1415,1507,0.1388
95,1415,1510,0.1388
96,1419,1515,0.1388
96,1405,1501,0.1388
90,1420,1510,0.1388
92,1417,1509,0.1388
89,1432,1521,0.1388
89,1435,1524,0.1388
90,1422,1512,0.1388
89,1413,1502,0.1388
87,1420,1507,0.1388
88,1425,1513,0.1388
88,1425,1513,0.1388
91,1428,1519,0.1388
94,1414,1508,0.1388
94,1400,1494,0.1388
95,1406,1501,0.1388
94,1426,1520,0.1388
93,1430,1523,0.1388
92,1421,1513,0.1388
92,1423,1515,0.1388
91,1415,1506,0.1388
91,1408,1499,0.1388
92,1427,1519,0.1388
89,1439,1528,0.1388
92,1438,1530,0.1388
92,1442,1534,0.1388
94,1435,1529,0.1388
94,1433,1527,0.1388
88,1432,1520,0.1388
88,1428,1516,0.1388
90,1423,1513,0.1388
88,1417,1505,0.1388
90,1416,1506,0.1388
91,1426,1517,0.1388
94,1442,1536,0.1388
92,1443,1535,0.1388
92,1429,1521,0.1388
89,1432,1521,0.1388
87,1432,1519,0.1388
86,1443,1529,0.1388
85,1435,1520,0.1388
87,1429,1516,0.1388
86,1417,1503,0.1388
86,1428,1514,0.1388
87,1430,1517,0.1388
83,1427,1510,0.1388
77,1441,1518,0.1388
81,1446,1527,0.1388
79,1439,1518,0.1388
80,1433,1513,0.1388
78,1438,1516,0.1388
79,1439,1518,0.1388
80,1437,1517,0.1388
80,1442,1522,0.1388
80,1446,1526,0.1388
78,1456,1534,0.1388
78,1454,1532,0.1388
78,1441,1519,0.1388
81,1444,1525,0.1388
81,1434,1515,0.1388
80,1439,1519,0.1388
79,1450,1529,0.1388
78,1452,1530,0.1388
78,1465,1543,0.1388
75,1444,1519,0.1388
75,1438,1513,0.1388
75,1442,1517,0.1388
74,1442,1516,0.1388
75,1432,1507,0.1388
74,1441,1515,0.1388
75,1435,1510,0.1388
76,1438,1514,0.1388
74,1433,1507,0.1388
70,1435,1505,0.1388
71,1441,1512,0.1388
69,1439,1508,0.1388
76,1445,1521,0.1388
76,1437,1513,0.1388
77,1433,1510,0.1388
76,1441,1517,0.1388
73,1437,1510,0.1388
71,1442,1513,0.1388
72,1443,1515,0.1388
71,1426,1497,0.1388
68,1422,1490,0.1388
70,1447,1517,0.1388
72,1449,1521,0.1388
69,1443,1512,0.1388
66,1439,1505,0.1388
66,1437,1503,0.1388
67,1427,1494,0.1388
65,1435,1500,0.1388
63,1447,1510,0.1388
62,1436,1498,0.1388
59,1446,1505,0.1388
60,1459,1519,0.1388
58,1465,1523,0.1388
56,1462,1518,0.1388
56,1462,1518,0.1388
57,1448,1505,0.1388
53,1459,1512,0.1388
52,1453,1505,0.1388
51,1457,1508,0.1388
51,1472,1523,0.1388
50,1480,1530,0.1388
50,1455,1505,0.1388
55,1467,1522,0.1388
57,1468,1525,0.1388
56,1461,1517,0.1388
55,1464,1519,0.1388
57,1467,1524,0.1388
58,1448,1506,0.1388
55,1449,1504,0.1388
50,1454,1504,0.1388
51,1462,1513,0.1388
54,1466,1520,0.1388
55,1471,1526,0.1388
54,1462,1516,0.1388
54,1463,1517,0.1388
55,1458,1513,0.1388
54,1467,1521,0.1388
56,1463,1519,0.1388
54,1456,1510,0.1388
52,1466,1518,0.1388
52,1471,1523,0.1388
52,1473,1525,0.1388
54,1453,1507,0.1388
54,1452,1506,0.1388
51,1462,1513,0.1388
52,1463,1515,0.1388
53,1455,1508,0.1388
54,1475,1529,0.1388
51,1473,1524,0.1388
52,1474,1526,0.1388
51,1464,1515,0.1388
54,1453,1507,0.1388
54,1460,1514,0.1388
53,1470,1523,0.1388
54,1472,1526,0.1388
52,1462,1514,0.1388
49,1463,1512,0.1388
50,1464,1514,0.1388
48,1471,1519,0.1388
47,1469,1516,0.1388
46,1468,1514,0.1388
46,1463,1509,0.1388
45,1481,1526,0.1388
45,1475,1520,0.1388
46,1468,1514,0.1388
46,1466,1512,0.1388
45,1460,1505,0.1388
49,1469,1518,0.1388
50,1456,1506,0.1388
50,1460,1510,0.1388
48,1469,1517,0.1388
48,1474,1522,0.1388
49,1476,1525,0.1388
47,1468,1515,0.1388
46,1467,1513,0.1388
46,1477,1523,0.1388
46,1482,1528,0.1388
46,1479,1525,0.1388
47,1467,1514,0.1388
46,1460,1506,0.1388
48,1460,1508,0.1388
48,1451,1499,0.1388
46,1472,1518,0.1388
48,1475,1523,0.1388
49,1459,1508,0.1388
53,1458,1511,0.1388
55,1452,1507,0.1388
55,1448,1503,0.1388
55,1450,1505,0.1388
53,1445,1498,0.1388
55,1446,1501,0.1388
56,1454,1510,0.1388
57,1459,1516,0.1388
58,1455,1513,0.1388
59,1455,1514,0.1388
56,1455,1511,0.1388
57,1456,1513,0.1388
57,1456,1513,0.1388
57,1457,1514,0.1388
58,1440,1498,0.1388
59,1438,1497,0.1388
60,1449,1509,0.1388
59,1460,1519,0.1388
57,1460,1517,0.1388
55,1458,1513,0.1388
58,1446,1504,0.1388
55,1445,1500,0.1388
55,1459,1514,0.1388
56,1452,1508,0.1388
56,1455,1511,0.1388
58,1457,1515,0.1388
59,1459,1518,0.1388
59,1454,1513,0.1388
56,1451,1507,0.1388
57,1463,1520,0.1388
57,1467,1524,0.1388
56,1474,1530,0.1388
57,1461,1518,0.1388
59,1469,1528,0.1388
57,1468,1525,0.1388
57,1471,1528,0.1388
54,1476,1530,0.1388
54,1474,1528,0.1388
51,1479,1530,0.1388
49,1468,1517,0.1388
49,1466,1515,0.1388
50,1466,1516,0.1388
49,1454,1503,0.1388
49,1459,1508,0.1388
46,1472,1518,0.1388
45,1469,1514,0.1388
46,1480,1526,0.1388
46,1471,1517,0.1388
45,1469,1514,0.1388
46,1464,1510,0.1388
47,1476,1523,0.1388
47,1472,1519,0.1388
46,1477,1523,0.1388
48,1473,1521,0.1388
50,1463,1513,0.1388
50,1478,1528,0.1388
52,1480,1532,0.1388
51,1484,1535,0.1388
51,1491,1542,0.1388
52,1479,1531,0.1388
52,1473,1525,0.1388
52,1472,1524,0.1388
51,1477,1528,0.1388
48,1477,1525,0.1388
50,1475,1525,0.1388
48,1468,1516,0.1388
48,1475,1523,0.1388
47,1469,1516,0.1388
47,1478,1525,0.1388
48,1471,1519,0.1388
47,1471,1518,0.1388
47,1486,1533,0.1388
46,1482,1528,0.1388
47,1466,1513,0.1388
46,1469,1515,0.1388
44,1462,1506,0.1388
45,1453,1498,0.1388
45,1459,1504,0.1388
46,1448,1494,0.1388
47,1450,1497,0.1388
46,1448,1494,0.1388
46,1465,1511,0.1388
49,1472,1521,0.1388
49,1472,1521,0.1388
48,1470,1518,0.1388
46,1469,1515,0.1388
44,1467,1511,0.1388
47,1465,1512,0.1388
47,1480,1527,0.1388
46,1475,1521,0.1388
44,1465,1509,0.1388
42,1462,1504,0.1388
43,1466,1509,0.1388
43,1467,1510,0.1388
45,1457,1502,0.1388
46,1463,1509,0.1388
45,1474,1519,0.1388
46,1470,1516,0.1388
45,1479,1524,0.1388
46,1479,1525,0.1388
45,1470,1515,0.1388
45,1482,1527,0.1388
46,1459,1505,0.1388
46,1475,1521,0.1388
45,1468,1513,0.1388
44,1476,1520,0.1388
43,1456,1499,0.1388
45,1458,1503,0.1388
45,1454,1499,0.1388
43,1451,1494,0.1388
41,1452,1493,0.1388
40,1468,1508,0.1388
44,1476,1520,0.1388
43,1482,1525,0.1388
43,1482,1525,0.1388
41,1483,1524,0.1388
39,1479,1518,0.1388
40,1475,1515,0.1388
40,1474,1514,0.1388
39,1482,1521,0.1388
41,1479,1520,0.1388
43,1472,1515,0.1388
44,1473,1517,0.1388
44,1477,1521,0.1388
44,1482,1526,0.1388
44,1470,1514,0.1388
43,1470,1513,0.1388
43,1467,1510,0.1388
43,1462,1505,0.1388
43,1456,1499,0.1388
46,1465,1511,0.1388
46,1462,1508,0.1388
45,1464,1509,0.1388
45,1473,1518,0.1388
44,1477,1521,0.1388
43,1482,1525,0.1388
41,1471,1512,0.1388
40,1491,1531,0.1388
39,1489,1528,0.1388
38,1481,1519,0.1388
39,1474,1513,0.1388
41,1471,1512,0.1388
41,1480,1521,0.1388
40,1477,1517,0.1388
41,1480,1521,0.1388
42,1464,1506,0.1388
43,1465,1508,0.1388
41,1455,1496,0.1388
40,1457,1497,0.1388
39,1463,1502,0.1388
38,1463,1501,0.1388
39,1467,1506,0.1388
39,1469,1508,0.1388
39,1478,1517,0.1388
38,1483,1521,0.1388
39,1489,1528,0.1388
39,1467,1506,0.1388
40,1462,1502,0.1388
40,1464,1504,0.1388
39,1473,1512,0.1388
39,1472,1511,0.1388
39,1479,1518,0.1388
38,1469,1507,0.1388
37,1472,1509,0.1388
39,1466,1505,0.1388
40,1467,1507,0.1388
40,1464,1504,0.1388
39,1473,1512,0.1388
39,1461,1500,0.1388
39,1462,1501,0.1388
38,1467,1505,0.1388
36,1471,1507,0.1388
34,1473,1507,0.1388
36,1476,1512,0.1388
37,1470,1507,0.1388
38,1476,1514,0.1388
37,1478,1515,0.1388
37,1476,1513,0.1388
37,1472,1509,0.1388
38,1485,1523,0.1388
40,1475,1515,0.1388
40,1477,1517,0.1388
40,1485,1525,0.1388
39,1490,1529,0.1388
37,1486,1523,0.1388
38,1477,1515,0.1388
38,1486,1524,0.1388
38,1480,1518,0.1388
37,1488,1525,0.1388
38,1479,1517,0.1388
40,1476,1516,0.1388
41,1472,1513,0.1388
40,1489,1529,0.1388
38,1481,1519,0.1388
39,1470,1509,0.1388
40,1493,1533,0.1388
40,1486,1526,0.1388
39,1482,1521,0.1388
37,1476,1513,0.1388
35,1450,1485,0.1388
32,1465,1497,0.1388
34,1468,1502,0.1388
34,1481,1515,0.1388
34,1475,1509,0.1388
36,1482,1518,0.1388
35,1482,1517,0.1388
33,1496,1529,0.1388
32,1498,1530,0.1388
32,1485,1517,0.1388
32,1471,1503,0.1388
32,1481,1513,0.1388
31,1488,1519,0.1388
32,1483,1515,0.1388
32,1494,1526,0.1388
32,1477,1509,0.1388
32,1478,1510,0.1388
33,1482,1515,0.1388
35,1485,1520,0.1388
34,1482,1516,0.1388
33,1479,1512,0.1388
31,1489,1520,0.1388
29,1493,1522,0.1388
28,1493,1521,0.1388
27,1483,1510,0.1388
24,1490,1514,0.1388
26,1489,1515,0.1388
25,1477,1502,0.1388
25,1491,1516,0.1388
24,1477,1501,0.1388
24,1478,1502,0.1388
26,1489,1515,0.1388
26,1488,1514,0.1388
25,1496,1521,0.1388
23,1496,1519,0.1388
24,1495,1519,0.1388
23,1497,1520,0.1388
22,1491,1513,0.1388
22,1498,1520,0.1388
23,1492,1515,0.1388
22,1492,1514,0.1388
21,1498,1519,0.1388
20,1500,1520,0.1388
19,1510,1529,0.1388
19,1484,1503,0.1388
20,1481,1501,0.1388
20,1489,1509,0.1388
20,1475,1495,0.1388
20,1473,1493,0.1388
22,1481,1503,0.1388
22,1476,1498,0.1388
22,1479,1501,0.1388
20,1471,1491,0.1388
21,1483,1504,0.1388
22,1486,1508,0.1388
21,1485,1506,0.1388
21,1491,1512,0.1388
20,1480,1500,0.1388
20,1491,1511,0.1388
20,1501,1521,0.1388
20,1502,1522,0.1388
20,1495,1515,0.1388
19,1499,1518,0.1388
19,1514,1533,0.1388
20,1505,1525,0.1388
19,1501,1520,0.1388
21,1507,1528,0.1388
20,1505,1525,0.1388
20,1501,1521,0.1388
18,1496,1514,0.1388
18,1495,1513,0.1388
18,1481,1499,0.1388
17,1490,1507,0.1388
18,1497,1515,0.1388
17,1502,1519,0.1388
18,1499,1517,0.1388
18,1491,1509,0.1388
18,1503,1521,0.1388
18,1504,1522,0.1388
18,1491,1509,0.1388
17,1493,1510,0.1388
15,1500,1515,0.1388
15,1505,1520,0.1388
14,1506,1520,0.1388
14,1507,1521,0.1388
14,1492,1506,0.1388
14,1499,1513,0.1388
14,1504,1518,0.1388
15,1501,1516,0.1388
15,1497,1512,0.1388
16,1502,1518,0.1388
16,1505,1521,0.1388
16,1494,1510,0.1388
16,1488,1504,0.1388
16,1493,1509,0.1388
15,1488,1503,0.1388
14,1488,1502,0.1388
16,1499,1515,0.1388
16,1516,1532,0.1388
16,1507,1523,0.1388
16,1517,1533,0.1388
17,1513,1530,0.1388
18,1503,1521,0.1388
16,1502,1518,0.1388
16,1492,1508,0.1388
17,1485,1502,0.1388
17,1493,1510,0.1388
18,1505,1523,0.1388
18,1509,1527,0.1388
18,1501,1519,0.1388
19,1503,1522,0.1388
20,1507,1527,0.1388
19,1510,1529,0.1388
19,1509,1528,0.1388
19,1506,1525,0.1388
18,1502,1520,0.1388
18,1492,1510,0.1388
19,1494,1513,0.1388
18,1503,1521,0.1388
19,1500,1519,0.1388
20,1503,1523,0.1388
20,1504,1524,0.1388
20,1507,1527,0.1388
20,1500,1520,0.1388
20,1502,1522,0.1388
19,1480,1499,0.1388
19,1478,1497,0.1388
20,1480,1500,0.1388
20,1498,1518,0.1388
21,1489,1510,0.1388
21,1494,1515,0.1388
22,1497,1519,0.1388
22,1514,1536,0.1388
21,1516,1537,0.1388
21,1499,1520,0.1388
19,1485,1504,0.1388
18,1494,1512,0.1388
19,1494,1513,0.1388
18,1499,1517,0.1388
18,1507,1525,0.1388
17,1501,1518,0.1388
16,1504,1520,0.1388
16,1504,1520,0.1388
16,1509,1525,0.1388
17,1513,1530,0.1388
17,1520,1537,0.1388
17,1513,1530,0.1388
15,1518,1533,0.1388
15,1530,1545,0.1388
15,1517,1532,0.1388
15,1518,1533,0.1388
16,1507,1523,0.1388
15,1509,1524,0.1388
14,1511,1525,0.1388
15,1504,1519,0.1388
15,1508,1523,0.1388
16,1509,1525,0.1388
16,1517,1533,0.1388
16,1507,1523,0.1388
13,1507,1520,0.1388
14,1509,1523,0.1388
13,1517,1530,0.1388
12,1514,1526,0.1388
12,1500,1512,0.1388
12,1508,1520,0.1388
13,1516,1529,0.1388
14,1513,1527,0.1388
13,1513,1526,0.1388
13,1524,1537,0.1388
12,1507,1519,0.1388
11,1510,1521,0.1388
10,1514,1524,0.1388
10,1515,1525,0.1388
11,1508,1519,0.1388
11,1500,1511,0.1388
12,1497,1509,0.1388
11,1491,1502,0.1388
11,1489,1500,0.1388
11,1496,1507,0.1388
14,1494,1508,0.1388
14,1500,1514,0.1388
13,1512,1525,0.1388
13,1508,1521,0.1388
11,1509,1520,0.1388
11,1503,1514,0.1388
13,1496,1509,0.1388
14,1499,1513,0.1388
14,1493,1507,0.1388
13,1501,1514,0.1388
12,1497,1509,0.1388
11,1501,1512,0.1388
11,1496,1507,0.1388
11,1491,1502,0.1388
11,1504,1515,0.1388
11,1501,1512,0.1388
11,1519,1530,0.1388
10,1515,1525,0.1388
10,1520,1530,0.1388
11,1511,1522,0.1388
11,1507,1518,0.1388
10,1503,1513,0.1388
9,1504,1513,0.1388
9,1497,1506,0.1388
10,1516,1526,0.1388
10,1515,1525,0.1388
11,1506,1517,0.1388
11,1493,1504,0.1388
11,1504,1515,0.1388
11,1500,1511,0.1388
12,1502,1514,0.1388
13,1499,1512,0.1388
14,1487,1501,0.1388
14,1496,1510,0.1388
14,1503,1517,0.1388
12,1502,1514,0.1388
13,1505,1518,0.1388
13,1517,1530,0.1388
13,1500,1513,0.1388
12,1511,1523,0.1388
12,1509,1521,0.1388
12,1507,1519,0.1388
12,1502,1514,0.1388
11,1514,1525,0.1388
9,1515,1524,0.1388
9,1512,1521,0.1388
9,1509,1518,0.1388
9,1508,1517,0.1388
9,1501,1510,0.1388
9,1493,1502,0.1388
10,1495,1505,0.1388
10,1500,1510,0.1388
10,1494,1504,0.1388
10,1506,1516,0.1388
9,1514,1523,0.1388
9,1514,1523,0.1388
9,1510,1519,0.1388
9,1508,1517,0.1388
9,1512,1521,0.1388
9,1517,1526,0.1388
8,1505,1513,0.1388
7,1511,1518,0.1388
6,1498,1504,0.1388
6,1514,1520,0.1388
6,1506,1512,0.1388
5,1516,1521,0.1388
5,1514,1519,0.1388
5,1526,1531,0.1388
6,1523,1529,0.1388
6,1525,1531,0.1388
6,1510,1516,0.1388
5,1519,1524,0.1388
5,1514,1519,0.1388
5,1501,1506,0.1388
5,1501,1506,0.1388
5,1523,1528,0.1388
5,1523,1528,0.1388
5,1513,1518,0.1388
5,1509,1514,0.1388
5,1498,1503,0.1388
5,1498,1503,0.1388
4,1485,1489,0.1388
4,1494,1498,0.1388
4,1505,1509,0.1388
4,1529,1533,0.1388
4,1521,1525,0.1388
5,1507,1512,0.1388
4,1499,1503,0.1388
4,1524,1528,0.1388
4,1539,1543,0.1388
3,1525,1528,0.1388
3,1528,1531,0.1388
3,1507,1510,0.1388
3,1526,1529,0.1388
3,1515,1518,0.1388
3,1518,1521,0.1388
4,1513,1517,0.1388
4,1511,1515,0.1388
4,1517,1521,0.1388
4,1508,1512,0.1388
4,1522,1526,0.1388
4,1524,1528,0.1388
5,1515,1520,0.1388
5,1515,1520,0.1388
5,1508,1513,0.1388
5,1513,1518,0.1388
5,1524,1529,0.1388
4,1511,1515,0.1388
3,1515,1518,0.1388
3,1519,1522,0.1388
3,1514,1517,0.1388
3,1518,1521,0.1388
3,1525,1528,0.1388
3,1521,1524,0.1388
3,1518,1521,0.1388
4,1505,1509,0.1388
4,1518,1522,0.1388
3,1509,1512,0.1388
3,1507,1510,0.1388
3,1511,1514,0.1388
3,1504,1507,0.1388
3,1505,1508,0.1388
2,1512,1514,0.1388
3,1511,1514,0.1388
4,1512,1516,0.1388
4,1507,1511,0.1388
5,1505,1510,0.1388
4,1512,1516,0.1388
4,1512,1516,0.1388
4,1513,1517,0.1388
4,1501,1505,0.1388
5,1496,1501,0.1388
5,1503,1508,0.1388
6,1515,1521,0.1388
6,1514,1520,0.1388
6,1512,1518,0.1388
4,1513,1517,0.1388
5,1525,1530,0.1388
6,1502,1508,0.1388
6,1496,1502,0.1388
6,1495,1501,0.1388
6,1511,1517,0.1388
6,1510,1516,0.1388
6,1510,1516,0.1388
6,1511,1517,0.1388
6,1503,1509,0.1388
6,1499,1505,0.1388
6,1504,1510,0.1388
6,1505,1511,0.1388
6,1510,1516,0.1388
5,1516,1521,0.1388
5,1511,1516,0.1388
5,1500,1505,0.1388
5,1503,1508,0.1388
5,1520,1525,0.1388
5,1514,1519,0.1388
5,1518,1523,0.1388
4,1508,1512,0.1388
4,1518,1522,0.1388
3,1510,1513,0.1388
4,1506,1510,0.1388
4,1507,1511,0.1388
4,1489,1493,0.1388
4,1498,1502,0.1388
4,1502,1506,0.1388
4,1499,1503,0.1388
4,1511,1515,0.1388
3,1518,1521,0.1388
3,1508,1511,0.1388
3,1520,1523,0.1388
2,1511,1513,0.1388
2,1512,1514,0.1388
3,1511,1514,0.1388
3,1517,1520,0.1388
3,1519,1522,0.1388
3,1512,1515,0.1388
3,1509,1512,0.1388
3,1513,1516,0.1388
3,1517,1520,0.1388
3,1512,1515,0.1388
3,1513,1516,0.1388
3,1510,1513,0.1388
3,1520,1523,0.1388
3,1519,1522,0.1388
3,1505,1508,0.1388
3,1513,1516,0.1388
3,1525,1528,0.1388
3,1507,1510,0.1388
3,1507,1510,0.1388
3,1521,1524,0.1388
3,1506,1509,0.1388
3,1505,1508,0.1388
3,1510,1513,0.1388
3,1515,1518,0.1388
4,1519,1523,0.1388
4,1510,1514,0.1388
4,1510,1514,0.1388
4,1507,1511,0.1388
4,1525,1529,0.1388
4,1523,1527,0.1388
4,1524,1528,0.1388
4,1530,1534,0.1388
4,1536,1540,0.1388
4,1526,1530,0.1388
2,1518,1520,0.1388
3,1525,1528,0.1388
3,1510,1513,0.1388
4,1506,1510,0.1388
4,1510,1514,0.1388
4,1501,1505,0.1388
4,1504,1508,0.1388
4,1511,1515,0.1388
4,1506,1510,0.1388
4,1520,1524,0.1388
4,1516,1520,0.1388
4,1509,1513,0.1388
3,1501,1504,0.1388
3,1501,1504,0.1388
3,1486,1489,0.1388
3,1501,1504,0.1388
3,1505,1508,0.1388
6,1509,1515,0.1388
6,1494,1500,0.1388
6,1496,1502,0.1388
6,1489,1495,0.1388
6,1505,1511,0.1388
8,1521,1529,0.1388
8,1520,1528,0.1388
9,1513,1522,0.1388
9,1514,1523,0.1388
9,1525,1534,0.1388
8,1534,1542,0.1388
8,1524,1532,0.1388
8,1529,1537,0.1388
8,1512,1520,0.1388
8,1517,1525,0.1388
8,1515,1523,0.1388
7,1521,1528,0.1388
7,1516,1523,0.1388
7,1518,1525,0.1388
8,1512,1520,0.1388
7,1512,1519,0.1388
7,1509,1516,0.1388
6,1505,1511,0.1388
5,1519,1524,0.1388
5,1519,1524,0.1388
5,1515,1520,0.1388
5,1514,1519,0.1388
5,1513,1518,0.1388
5,1514,1519,0.1388
5,1523,1528,0.1388
5,1523,1528,0.1388
5,1508,1513,0.1388
5,1496,1501,0.1388
5,1496,1501,0.1388
6,1492,1498,0.1388
6,1495,1501,0.1388
6,1491,1497,0.1388
6,1506,1512,0.1388
6,1508,1514,0.1388
6,1515,1521,0.1388
7,1524,1531,0.1388
6,1515,1521,0.1388
7,1496,1503,0.1388
7,1502,1509,0.1388
7,1498,1505,0.1388
7,1506,1513,0.1388
7,1511,1518,0.1388
7,1503,1510,0.1388
7,1527,1534,0.1388
7,1518,1525,0.1388
7,1522,1529,0.1388
7,1518,1525,0.1388
7,1518,1525,0.1388
7,1522,1529,0.1388
7,1520,1527,0.1388
8,1508,1516,0.1388
8,1504,1512,0.1388
8,1507,1515,0.1388
8,1493,1501,0.1388
8,1494,1502,0.1388
8,1488,1496,0.1388
9,1501,1510,0.1388
9,1511,1520,0.1388
8,1507,1515,0.1388
8,1503,1511,0.1388
8,1515,1523,0.1388
8,1522,1530,0.1388
8,1522,1530,0.1388
8,1526,1534,0.1388
7,1500,1507,0.1388
9,1496,1505,0.1388
8,1492,1500,0.1388
8,1500,1508,0.1388
7,1500,1507,0.1388
7,1513,1520,0.1388
7,1511,1518,0.1388
7,1507,1514,0.1388
7,1497,1504,0.1388
7,1494,1501,0.1388
7,1502,1509,0.1388
7,1505,1512,0.1388
7,1501,1508,0.1388
6,1505,1511,0.1388
6,1490,1496,0.1388
6,1490,1496,0.1388
8,1504,1512,0.1388
7,1497,1504,0.1388
7,1499,1506,0.1388
8,1504,1512,0.1388
8,1502,1510,0.1388
6,1510,1516,0.1388
5,1512,1517,0.1388
5,1511,1516,0.1388
5,1520,1525,0.1388
5,1523,1528,0.1388
4,1519,1523,0.1388
5,1513,1518,0.1388
5,1508,1513,0.1388
6,1508,1514,0.1388
6,1512,1518,0.1388
6,1497,1503,0.1388
6,1496,1502,0.1388
6,1484,1490,0.1388
6,1491,1497,0.1388
5,1504,1509,0.1388
5,1510,1515,0.1388
5,1508,1513,0.1388
5,1505,1510,0.1388
5,1518,1523,0.1388
5,1509,1514,0.1388
5,1518,1523,0.1388
5,1519,1524,0.1388
5,1529,1534,0.1388
5,1520,1525,0.1388
5,1516,1521,0.1388
5,1521,1526,0.1388
5,1510,1515,0.1388
5,1516,1521,0.1388
5,1522,1527,0.1388
5,1521,1526,0.1388
5,1511,1516,0.1388
5,1503,1508,0.1388
5,1508,1513,0.1388
5,1507,1512,0.1388
5,1499,1504,0.1388
7,1497,1504,0.1388
7,1505,1512,0.1388
8,1517,1525,0.1388
8,1506,1514,0.1388
8,1516,1524,0.1388
8,1509,1517,0.1388
7,1496,1503,0.1388
6,1487,1493,0.1388
6,1489,1495,0.1388
6,1491,1497,0.1388
5,1485,1490,0.1388
4,1498,1502,0.1388
4,1513,1517,0.1388
5,1519,1524,0.1388
5,1520,1525,0.1388
4,1516,1520,0.1388
4,1524,1528,0.1388
3,1512,1515,0.1388
3,1520,1523,0.1388
3,1507,1510,0.1388
3,1510,1513,0.1388
3,1510,1513,0.1388
3,1522,1525,0.1388
3,1515,1518,0.1388
3,1518,1521,0.1388
3,1519,1522,0.1388
3,1517,1520,0.1388
3,1514,1517,0.1388
2,1506,1508,0.1388
2,1512,1514,0.1388
2,1520,1522,0.1388
2,1507,1509,0.1388
2,1502,1504,0.1388
3,1512,1515,0.1388
3,1514,1517,0.1388
4,1517,1521,0.1388
4,1518,1522,0.1388
4,1520,1524,0.1388
4,1508,1512,0.1388
4,1519,1523,0.1388
3,1528,1531,0.1388
3,1524,1527,0.1388
3,1506,1509,0.1388
3,1514,1517,0.1388
3,1516,1519,0.1388
3,1502,1505,0.1388
3,1510,1513,0.1388
3,1515,1518,0.1388
3,1515,1518,0.1388
2,1521,1523,0.1388
2,1522,1524,0.1388
2,1525,1527,0.1388
2,1521,1523,0.1388
2,1525,1527,0.1388
2,1513,1515,0.1388
2,1499,1501,0.1388
2,1505,1507,0.1388
2,1504,1506,0.1388
2,1513,1515,0.1388
1,1515,1516,0.1388
1,1514,1515,0.1388
1,1516,1517,0.1388
0,1516,1516,0.1388
