1364,28,1392,0.1388
1395,29,1424,0.1388
1433,30,1463,0.1388
1456,29,1485,0.1388
1460,30,1490,0.1388
1465,33,1498,0.1388
1466,31,1497,0.1388
1456,30,1486,0.1388
1465,31,1496,0.1388
1453,31,1484,0.1388
1471,31,1502,0.1388
1458,32,1490,0.1388
1445,32,1477,0.1388
1451,32,1483,0.1388
1447,32,1479,0.1388
1447,30,1477,0.1388
1466,33,1499,0.1388
1461,33,1494,0.1388
1456,34,1490,0.1388
1438,36,1474,0.1388
1448,40,1488,0.1388
1448,39,1487,0.1388
1451,39,1490,0.1388
1458,38,1496,0.1388
1458,38,1496,0.1388
1464,37,1501,0.1388
1459,37,1496,0.1388
1457,37,1494,0.1388
1450,38,1488,0.1388
1447,38,1485,0.1388
1459,35,1494,0.1388
1469,35,1504,0.1388
1476,34,1510,0.1388
1472,34,1506,0.1388
1465,36,1501,0.1388
1469,37,1506,0.1388
1481,36,1517,0.1388
1467,36,1503,0.1388
1466,38,1504,0.1388
1459,40,1499,0.1388
1441,41,1482,0.1388
1439,44,1483,0.1388
1446,44,1490,0.1388
1440,44,1484,0.1388
1455,43,1498,0.1388
1462,43,1505,0.1388
1450,44,1494,0.1388
1461,46,1507,0.1388
1463,48,1511,0.1388
1453,48,1501,0.1388
1455,48,1503,0.1388
1464,48,1512,0.1388
1445,49,1494,0.1388
1443,52,1495,0.1388
1442,56,1498,0.1388
1432,57,1489,0.1388
1432,60,1492,0.1388
1431,61,1492,0.1388
1420,62,1482,0.1388
1438,60,1498,0.1388
1435,61,1496,0.1388
1438,60,1498,0.1388
1428,63,1491,0.1388
1425,62,1487,0.1388
1422,62,1484,0.1388
1419,67,1486,0.1388
1427,67,1494,0.1388
1423,66,1489,0.1388
1433,64,1497,0.1388
1440,63,1503,0.1388
1448,65,1513,0.1388
1441,64,1505,0.1388
1443,65,1508,0.1388
1445,65,1510,0.1388
1440,64,1504,0.1388
1434,61,1495,0.1388
1435,59,1494,0.1388
1432,61,1493,0.1388
1438,60,1498,0.1388
1443,58,1501,0.1388
1441,55,1496,0.1388
1448,55,1503,0.1388
1434,56,1490,0.1388
1435,58,1493,0.1388
1442,59,1501,0.1388
1442,61,1503,0.1388
1438,62,1500,0.1388
1432,62,1494,0.1388
1429,62,1491,0.1388
1441,60,1501,0.1388
1436,61,1497,0.1388
1440,65,1505,0.1388
1445,64,1509,0.1388
1443,65,1508,0.1388
1455,62,1517,0.1388
1449,62,1511,0.1388
1457,61,1518,0.1388
1455,60,1515,0.1388
1446,62,1508,0.1388
1440,65,1505,0.1388
1435,66,1501,0.1388
1431,67,1498,0.1388
1429,67,1496,0.1388
1427,67,1494,0.1388
1425,66,1491,0.1388
1423,65,1488,0.1388
1418,68,1486,0.1388
1425,70,1495,0.1388
1425,70,1495,0.1388
1423,69,1492,0.1388
1422,70,1492,0.1388
1426,66,1492,0.1388
1424,63,1487,0.1388
1423,63,1486,0.1388
1414,64,1478,0.1388
1416,66,1482,0.1388
1425,68,1493,0.1388
1435,67,1502,0.1388
1426,65,1491,0.1388
1434,67,1501,0.1388
1413,67,1480,0.1388
1411,67,1478,0.1388
1413,66,1479,0.1388
1412,67,1479,0.1388
1418,72,1490,0.1388
1423,73,1496,0.1388
1414,74,1488,0.1388
1433,75,1508,0.1388
1429,78,1507,0.1388
1414,81,1495,0.1388
1419,80,1499,0.1388
1424,83,1507,0.1388
1419,82,1501,0.1388
1422,80,1502,0.1388
1419,78,1497,0.1388
1404,75,1479,0.1388
1407,78,1485,0.1388
1401,81,1482,0.1388
1403,81,1484,0.1388
1404,82,1486,0.1388
1403,83,1486,0.1388
1400,84,1484,0.1388
1398,85,1483,0.1388
1399,85,1484,0.1388
1405,88,1493,0.1388
1402,87,1489,0.1388
1407,88,1495,0.1388
1411,88,1499,0.1388
1403,88,1491,0.1388
1395,87,1482,0.1388
1389,92,1481,0.1388
1391,91,1482,0.1388
1384,94,1478,0.1388
1391,94,1485,0.1388
1392,95,1487,0.1388
1394,99,1493,0.1388
1400,98,1498,0.1388
1397,99,1496,0.1388
1387,98,1485,0.1388
1390,103,1493,0.1388
1401,104,1505,0.1388
1400,101,1501,0.1388
1393,102,1495,0.1388
1400,103,1503,0.1388
1405,102,1507,0.1388
1396,105,1501,0.1388
1384,107,1491,0.1388
1380,107,1487,0.1388
1371,109,1480,0.1388
1375,108,1483,0.1388
1381,105,1486,0.1388
1390,108,1498,0.1388
1376,108,1484,0.1388
1369,109,1478,0.1388
1353,111,1464,0.1388
1357,109,1466,0.1388
1359,111,1470,0.1388
1363,108,1471,0.1388
1354,107,1461,0.1388
1363,107,1470,0.1388
1368,110,1478,0.1388
1363,113,1476,0.1388
1359,116,1475,0.1388
1366,115,1481,0.1388
1362,116,1478,0.1388
1364,119,1483,0.1388
1380,120,1500,0.1388
1396,119,1515,0.1388
1386,118,1504,0.1388
1390,120,1510,0.1388
1378,119,1497,0.1388
1378,121,1499,0.1388
1389,117,1506,0.1388
1387,113,1500,0.1388
1386,114,1500,0.1388
1387,115,1502,0.1388
1385,118,1503,0.1388
1385,116,1501,0.1388
1392,119,1511,0.1388
1385,117,1502,0.1388
1384,116,1500,0.1388
1385,117,1502,0.1388
1376,120,1496,0.1388
1367,125,1492,0.1388
1358,130,1488,0.1388
1347,131,1478,0.1388
1347,131,1478,0.1388
1349,133,1482,0.1388
1342,135,1477,0.1388
1356,140,1496,0.1388
1361,136,1497,0.1388
1359,137,1496,0.1388
1355,140,1495,0.1388
1360,136,1496,0.1388
1357,135,1492,0.1388
1365,136,1501,0.1388
1367,139,1506,0.1388
1358,141,1499,0.1388
1361,143,1504,0.1388
1355,142,1497,0.1388
1351,144,1495,0.1388
1348,145,1493,0.1388
1341,145,1486,0.1388
1340,146,1486,0.1388
1350,146,1496,0.1388
1359,151,1510,0.1388
1357,151,1508,0.1388
1344,152,1496,0.1388
1344,154,1498,0.1388
1341,152,1493,0.1388
1340,147,1487,0.1388
1343,140,1483,0.1388
1339,141,1480,0.1388
1335,142,1477,0.1388
1333,147,1480,0.1388
1324,148,1472,0.1388
1348,152,1500,0.1388
1346,155,1501,0.1388
1350,155,1505,0.1388
1334,155,1489,0.1388
1346,150,1496,0.1388
1345,155,1500,0.1388
1341,151,1492,0.1388
1318,156,1474,0.1388
1321,157,1478,0.1388
1319,157,1476,0.1388
1323,159,1482,0.1388
1311,163,1474,0.1388
1325,165,1490,0.1388
1321,168,1489,0.1388
1325,176,1501,0.1388
1313,181,1494,0.1388
1319,179,1498,0.1388
1321,184,1505,0.1388
1312,186,1498,0.1388
1308,186,1494,0.1388
1313,191,1504,0.1388
1317,189,1506,0.1388
1317,189,1506,0.1388
1312,189,1501,0.1388
1310,187,1497,0.1388
1308,187,1495,0.1388
1296,183,1479,0.1388
1310,186,1496,0.1388
1308,187,1495,0.1388
1314,192,1506,0.1388
1312,191,1503,0.1388
1324,191,1515,0.1388
1317,189,1506,0.1388
1317,187,1504,0.1388
1319,193,1512,0.1388
1308,196,1504,0.1388
1290,199,1489,0.1388
1294,200,1494,0.1388
1298,202,1500,0.1388
1305,198,1503,0.1388
1312,192,1504,0.1388
1291,193,1484,0.1388
1297,190,1487,0.1388
1295,198,1493,0.1388
1291,197,1488,0.1388
1290,195,1485,0.1388
1305,195,1500,0.1388
1304,200,1504,0.1388
1305,205,1510,0.1388
1291,203,1494,0.1388
1292,207,1499,0.1388
1283,210,1493,0.1388
1278,207,1485,0.1388
1284,210,1494,0.1388
1267,216,1483,0.1388
1276,211,1487,0.1388
1274,213,1487,0.1388
1258,215,1473,0.1388
1262,215,1477,0.1388
1263,214,1477,0.1388
1258,212,1470,0.1388
1274,210,1484,0.1388
1268,215,1483,0.1388
1277,217,1494,0.1388
1267,218,1485,0.1388
1267,225,1492,0.1388
1255,227,1482,0.1388
1262,220,1482,0.1388
1260,233,1493,0.1388
1256,231,1487,0.1388
1260,230,1490,0.1388
1271,230,1501,0.1388
1275,230,1505,0.1388
1273,230,1503,0.1388
1278,227,1505,0.1388
1275,231,1506,0.1388
1276,232,1508,0.1388
1282,236,1518,0.1388
1285,236,1521,0.1388
1259,237,1496,0.1388
1254,238,1492,0.1388
1256,236,1492,0.1388
1238,236,1474,0.1388
1252,232,1484,0.1388
1269,232,1501,0.1388
1267,235,1502,0.1388
1274,239,1513,0.1388
1244,241,1485,0.1388
1249,243,1492,0.1388
1252,243,1495,0.1388
1241,249,1490,0.1388
1245,249,1494,0.1388
1252,252,1504,0.1388
1244,253,1497,0.1388
1236,261,1497,0.1388
1245,257,1502,0.1388
1247,264,1511,0.1388
1250,263,1513,0.1388
1254,264,1518,0.1388
1246,266,1512,0.1388
1240,264,1504,0.1388
1244,267,1511,0.1388
1251,268,1519,0.1388
1259,269,1528,0.1388
1247,266,1513,0.1388
1255,266,1521,0.1388
1254,268,1522,0.1388
1240,275,1515,0.1388
1233,276,1509,0.1388
1230,274,1504,0.1388
1223,270,1493,0.1388
1221,268,1489,0.1388
1219,271,1490,0.1388
1205,276,1481,0.1388
1199,275,1474,0.1388
1211,286,1497,0.1388
1205,291,1496,0.1388
1198,290,1488,0.1388
1202,287,1489,0.1388
1208,284,1492,0.1388
1211,292,1503,0.1388
1219,295,1514,0.1388
1214,291,1505,0.1388
1223,294,1517,0.1388
1226,298,1524,0.1388
1212,302,1514,0.1388
1201,299,1500,0.1388
1200,306,1506,0.1388
1201,311,1512,0.1388
1200,308,1508,0.1388
1192,306,1498,0.1388
1187,308,1495,0.1388
1183,305,1488,0.1388
1190,313,1503,0.1388
1197,317,1514,0.1388
1189,316,1505,0.1388
1191,315,1506,0.1388
1185,317,1502,0.1388
1175,320,1495,0.1388
1184,311,1495,0.1388
1183,311,1494,0.1388
1176,310,1486,0.1388
1168,313,1481,0.1388
1178,315,1493,0.1388
1168,320,1488,0.1388
1180,319,1499,0.1388
1173,320,1493,0.1388
1174,324,1498,0.1388
1169,325,1494,0.1388
1159,326,1485,0.1388
1160,330,1490,0.1388
1162,335,1497,0.1388
1170,341,1511,0.1388
1166,335,1501,0.1388
1164,337,1501,0.1388
1170,340,1510,0.1388
1152,343,1495,0.1388
1145,341,1486,0.1388
1165,340,1505,0.1388
1146,342,1488,0.1388
1142,347,1489,0.1388
1139,345,1484,0.1388
1150,343,1493,0.1388
1142,348,1490,0.1388
1145,349,1494,0.1388
1146,346,1492,0.1388
1144,349,1493,0.1388
1149,346,1495,0.1388
1151,346,1497,0.1388
1164,347,1511,0.1388
1161,347,1508,0.1388
1160,345,1505,0.1388
1164,344,1508,0.1388
1175,341,1516,0.1388
1156,341,1497,0.1388
1159,333,1492,0.1388
1161,335,1496,0.1388
1173,339,1512,0.1388
1150,344,1494,0.1388
1153,341,1494,0.1388
1149,344,1493,0.1388
1149,344,1493,0.1388
1152,346,1498,0.1388
1148,349,1497,0.1388
1156,344,1500,0.1388
1166,350,1516,0.1388
1159,350,1509,0.1388
1157,355,1512,0.1388
1161,349,1510,0.1388
1153,356,1509,0.1388
1142,355,1497,0.1388
1136,357,1493,0.1388
1135,357,1492,0.1388
1138,351,1489,0.1388
1136,353,1489,0.1388
1139,353,1492,0.1388
1130,355,1485,0.1388
1148,346,1494,0.1388
1146,344,1490,0.1388
1149,356,1505,0.1388
1150,354,1504,0.1388
1135,363,1498,0.1388
1137,362,1499,0.1388
1121,362,1483,0.1388
1115,367,1482,0.1388
1119,364,1483,0.1388
1126,372,1498,0.1388
1117,374,1491,0.1388
1134,372,1506,0.1388
1133,379,1512,0.1388
1123,382,1505,0.1388
1119,379,1498,0.1388
1120,380,1500,0.1388
1117,374,1491,0.1388
1117,375,1492,0.1388
1117,382,1499,0.1388
1102,382,1484,0.1388
1102,377,1479,0.1388
1103,381,1484,0.1388
1111,385,1496,0.1388
1106,385,1491,0.1388
1108,383,1491,0.1388
1115,379,1494,0.1388
1119,385,1504,0.1388
1132,387,1519,0.1388
1116,389,1505,0.1388
1116,391,1507,0.1388
1124,390,1514,0.1388
1123,390,1513,0.1388
1119,389,1508,0.1388
1113,393,1506,0.1388
1115,397,1512,0.1388
1103,404,1507,0.1388
1092,401,1493,0.1388
1094,398,1492,0.1388
1100,398,1498,0.1388
1106,402,1508,0.1388
1097,403,1500,0.1388
1077,407,1484,0.1388
1091,411,1502,0.1388
1082,413,1495,0.1388
1084,402,1486,0.1388
1084,397,1481,0.1388
1103,397,1500,0.1388
1089,396,1485,0.1388
1095,394,1489,0.1388
1091,402,1493,0.1388
1096,398,1494,0.1388
1097,394,1491,0.1388
1101,390,1491,0.1388
1097,395,1492,0.1388
1102,403,1505,0.1388
1102,404,1506,0.1388
1103,397,1500,0.1388
1105,393,1498,0.1388
1105,394,1499,0.1388
1104,400,1504,0.1388
1101,400,1501,0.1388
1101,404,1505,0.1388
1102,399,1501,0.1388
1113,397,1510,0.1388
1105,401,1506,0.1388
1116,401,1517,0.1388
1105,402,1507,0.1388
1102,403,1505,0.1388
1095,399,1494,0.1388
1096,405,1501,0.1388
1087,409,1496,0.1388
1082,413,1495,0.1388
1086,410,1496,0.1388
1085,414,1499,0.1388
1087,417,1504,0.1388
1080,419,1499,0.1388
1073,414,1487,0.1388
1075,409,1484,0.1388
1071,418,1489,0.1388
1086,422,1508,0.1388
1082,420,1502,0.1388
1077,418,1495,0.1388
1071,423,1494,0.1388
1055,422,1477,0.1388
1059,419,1478,0.1388
1064,425,1489,0.1388
1070,436,1506,0.1388
1066,437,1503,0.1388
1064,435,1499,0.1388
1062,428,1490,0.1388
1046,435,1481,0.1388
1048,431,1479,0.1388
1052,436,1488,0.1388
1066,441,1507,0.1388
1070,437,1507,0.1388
1066,441,1507,0.1388
1065,439,1504,0.1388
1052,444,1496,0.1388
1051,451,1502,0.1388
1037,452,1489,0.1388
1043,457,1500,0.1388
1049,464,1513,0.1388
1036,465,1501,0.1388
1025,468,1493,0.1388
1024,471,1495,0.1388
1026,473,1499,0.1388
1033,474,1507,0.1388
1024,471,1495,0.1388
1022,478,1500,0.1388
1029,476,1505,0.1388
1024,476,1500,0.1388
1010,480,1490,0.1388
1019,480,1499,0.1388
1009,486,1495,0.1388
1024,486,1510,0.1388
1022,479,1501,0.1388
1032,488,1520,0.1388
1016,489,1505,0.1388
1013,488,1501,0.1388
1018,489,1507,0.1388
1014,491,1505,0.1388
1018,498,1516,0.1388
1014,493,1507,0.1388
1012,492,1504,0.1388
1009,491,1500,0.1388
1010,492,1502,0.1388
1003,500,1503,0.1388
996,503,1499,0.1388
996,501,1497,0.1388
995,501,1496,0.1388
1000,499,1499,0.1388
997,506,1503,0.1388
995,501,1496,0.1388
1009,505,1514,0.1388
1006,507,1513,0.1388
1003,511,1514,0.1388
996,517,1513,0.1388
997,511,1508,0.1388
989,506,1495,0.1388
986,502,1488,0.1388
978,500,1478,0.1388
980,508,1488,0.1388
984,518,1502,0.1388
983,515,1498,0.1388
983,522,1505,0.1388
974,523,1497,0.1388
972,533,1505,0.1388
969,534,1503,0.1388
968,535,1503,0.1388
966,538,1504,0.1388
968,545,1513,0.1388
973,542,1515,0.1388
972,533,1505,0.1388
968,537,1505,0.1388
973,540,1513,0.1388
966,543,1509,0.1388
958,540,1498,0.1388
957,544,1501,0.1388
961,547,1508,0.1388
965,547,1512,0.1388
964,546,1510,0.1388
959,545,1504,0.1388
960,549,1509,0.1388
952,549,1501,0.1388
954,555,1509,0.1388
949,549,1498,0.1388
954,556,1510,0.1388
948,544,1492,0.1388
952,550,1502,0.1388
953,560,1513,0.1388
956,562,1518,0.1388
953,565,1518,0.1388
951,565,1516,0.1388
944,564,1508,0.1388
947,558,1505,0.1388
945,561,1506,0.1388
947,561,1508,0.1388
946,564,1510,0.1388
942,566,1508,0.1388
946,573,1519,0.1388
937,579,1516,0.1388
942,577,1519,0.1388
942,583,1525,0.1388
933,575,1508,0.1388
928,578,1506,0.1388
925,576,1501,0.1388
915,586,1501,0.1388
919,588,1507,0.1388
920,589,1509,0.1388
915,592,1507,0.1388
919,601,1520,0.1388
919,602,1521,0.1388
917,593,1510,0.1388
918,593,1511,0.1388
912,594,1506,0.1388
919,584,1503,0.1388
922,593,1515,0.1388
913,595,1508,0.1388
909,601,1510,0.1388
906,598,1504,0.1388
906,598,1504,0.1388
896,593,1489,0.1388
900,599,1499,0.1388
914,600,1514,0.1388
923,600,1523,0.1388
915,605,1520,0.1388
914,612,1526,0.1388
919,607,1526,0.1388
926,599,1525,0.1388
909,598,1507,0.1388
914,599,1513,0.1388
910,606,1516,0.1388
920,605,1525,0.1388
925,597,1522,0.1388
921,590,1511,0.1388
916,588,1504,0.1388
913,599,1512,0.1388
915,596,1511,0.1388
914,600,1514,0.1388
908,607,1515,0.1388
912,610,1522,0.1388
913,610,1523,0.1388
901,604,1505,0.1388
898,613,1511,0.1388
900,616,1516,0.1388
889,619,1508,0.1388
886,610,1496,0.1388
880,617,1497,0.1388
870,617,1487,0.1388
870,619,1489,0.1388
875,619,1494,0.1388
878,617,1495,0.1388
881,621,1502,0.1388
883,632,1515,0.1388
879,634,1513,0.1388
874,639,1513,0.1388
860,641,1501,0.1388
864,630,1494,0.1388
859,631,1490,0.1388
867,627,1494,0.1388
871,635,1506,0.1388
865,628,1493,0.1388
862,630,1492,0.1388
868,631,1499,0.1388
872,640,1512,0.1388
873,646,1519,0.1388
875,636,1511,0.1388
876,641,1517,0.1388
871,635,1506,0.1388
865,633,1498,0.1388
869,630,1499,0.1388
857,625,1482,0.1388
859,624,1483,0.1388
856,623,1479,0.1388
862,633,1495,0.1388
859,635,1494,0.1388
857,646,1503,0.1388
848,651,1499,0.1388
850,643,1493,0.1388
845,634,1479,0.1388
850,638,1488,0.1388
851,645,1496,0.1388
856,648,1504,0.1388
850,644,1494,0.1388
849,640,1489,0.1388
850,641,1491,0.1388
856,650,1506,0.1388
853,656,1509,0.1388
853,654,1507,0.1388
852,667,1519,0.1388
849,671,1520,0.1388
850,670,1520,0.1388
842,668,1510,0.1388
839,663,1502,0.1388
843,666,1509,0.1388
837,665,1502,0.1388
838,668,1506,0.1388
833,675,1508,0.1388
832,678,1510,0.1388
821,678,1499,0.1388
826,689,1515,0.1388
839,685,1524,0.1388
829,693,1522,0.1388
832,701,1533,0.1388
826,697,1523,0.1388
831,694,1525,0.1388
839,686,1525,0.1388
830,687,1517,0.1388
822,683,1505,0.1388
828,692,1520,0.1388
821,697,1518,0.1388
820,698,1518,0.1388
811,695,1506,0.1388
802,704,1506,0.1388
812,706,1518,0.1388
815,708,1523,0.1388
811,705,1516,0.1388
805,702,1507,0.1388
798,702,1500,0.1388
789,712,1501,0.1388
780,723,1503,0.1388
774,722,1496,0.1388
769,736,1505,0.1388
777,728,1505,0.1388
777,732,1509,0.1388
772,734,1506,0.1388
769,721,1490,0.1388
783,723,1506,0.1388
780,720,1500,0.1388
783,720,1503,0.1388
784,719,1503,0.1388
779,727,1506,0.1388
777,726,1503,0.1388
772,720,1492,0.1388
775,724,1499,0.1388
775,735,1510,0.1388
779,733,1512,0.1388
779,731,1510,0.1388
781,729,1510,0.1388
777,733,1510,0.1388
778,725,1503,0.1388
762,729,1491,0.1388
755,730,1485,0.1388
758,732,1490,0.1388
763,727,1490,0.1388
763,740,1503,0.1388
766,740,1506,0.1388
764,741,1505,0.1388
765,741,1506,0.1388
761,739,1500,0.1388
756,734,1490,0.1388
752,727,1479,0.1388
759,732,1491,0.1388
764,735,1499,0.1388
765,732,1497,0.1388
752,741,1493,0.1388
753,753,1506,0.1388
750,755,1505,0.1388
737,764,1501,0.1388
737,750,1487,0.1388
730,749,1479,0.1388
741,754,1495,0.1388
741,765,1506,0.1388
746,768,1514,0.1388
735,764,1499,0.1388
737,764,1501,0.1388
733,759,1492,0.1388
724,753,1477,0.1388
729,751,1480,0.1388
733,759,1492,0.1388
734,769,1503,0.1388
730,770,1500,0.1388
728,774,1502,0.1388
726,781,1507,0.1388
721,783,1504,0.1388
718,782,1500,0.1388
717,778,1495,0.1388
720,790,1510,0.1388
714,779,1493,0.1388
726,775,1501,0.1388
723,769,1492,0.1388
736,766,1502,0.1388
738,778,1516,0.1388
742,772,1514,0.1388
750,764,1514,0.1388
731,769,1500,0.1388
719,775,1494,0.1388
722,764,1486,0.1388
726,768,1494,0.1388
730,773,1503,0.1388
724,783,1507,0.1388
724,785,1509,0.1388
726,793,1519,0.1388
723,802,1525,0.1388
729,801,1530,0.1388
725,804,1529,0.1388
722,810,1532,0.1388
722,809,1531,0.1388
715,808,1523,0.1388
703,799,1502,0.1388
709,798,1507,0.1388
706,802,1508,0.1388
703,811,1514,0.1388
702,812,1514,0.1388
702,814,1516,0.1388
698,809,1507,0.1388
692,810,1502,0.1388
690,804,1494,0.1388
691,808,1499,0.1388
693,818,1511,0.1388
695,800,1495,0.1388
696,812,1508,0.1388
695,817,1512,0.1388
687,814,1501,0.1388
690,810,1500,0.1388
686,807,1493,0.1388
687,808,1495,0.1388
680,814,1494,0.1388
670,818,1488,0.1388
669,828,1497,0.1388
667,830,1497,0.1388
668,829,1497,0.1388
662,827,1489,0.1388
662,828,1490,0.1388
653,839,1492,0.1388
658,842,1500,0.1388
660,851,1511,0.1388
651,860,1511,0.1388
646,870,1516,0.1388
655,864,1519,0.1388
644,861,1505,0.1388
644,852,1496,0.1388
638,854,1492,0.1388
643,852,1495,0.1388
642,856,1498,0.1388
649,865,1514,0.1388
650,862,1512,0.1388
643,858,1501,0.1388
643,858,1501,0.1388
637,862,1499,0.1388
631,867,1498,0.1388
639,873,1512,0.1388
642,865,1507,0.1388
642,875,1517,0.1388
638,875,1513,0.1388
630,880,1510,0.1388
620,877,1497,0.1388
616,886,1502,0.1388
628,879,1507,0.1388
627,873,1500,0.1388
622,884,1506,0.1388
614,894,1508,0.1388
617,898,1515,0.1388
612,889,1501,0.1388
618,889,1507,0.1388
622,891,1513,0.1388
618,897,1515,0.1388
608,898,1506,0.1388
599,908,1507,0.1388
599,914,1513,0.1388
605,918,1523,0.1388
609,907,1516,0.1388
609,902,1511,0.1388
604,906,1510,0.1388
602,906,1508,0.1388
603,911,1514,0.1388
599,900,1499,0.1388
599,910,1509,0.1388
595,920,1515,0.1388
593,926,1519,0.1388
587,917,1504,0.1388
582,919,1501,0.1388
588,927,1515,0.1388
591,924,1515,0.1388
587,920,1507,0.1388
577,920,1497,0.1388
585,931,1516,0.1388
589,929,1518,0.1388
583,923,1506,0.1388
584,930,1514,0.1388
586,944,1530,0.1388
570,943,1513,0.1388
557,956,1513,0.1388
568,955,1523,0.1388
576,959,1535,0.1388
575,955,1530,0.1388
566,946,1512,0.1388
569,951,1520,0.1388
571,950,1521,0.1388
572,953,1525,0.1388
567,954,1521,0.1388
572,954,1526,0.1388
579,951,1530,0.1388
571,950,1521,0.1388
568,948,1516,0.1388
574,955,1529,0.1388
573,963,1536,0.1388
572,966,1538,0.1388
562,958,1520,0.1388
549,963,1512,0.1388
546,955,1501,0.1388
551,956,1507,0.1388
544,964,1508,0.1388
540,969,1509,0.1388
537,970,1507,0.1388
535,965,1500,0.1388
528,965,1493,0.1388
523,976,1499,0.1388
532,969,1501,0.1388
539,964,1503,0.1388
532,962,1494,0.1388
538,966,1504,0.1388
534,970,1504,0.1388
538,974,1512,0.1388
528,962,1490,0.1388
534,963,1497,0.1388
528,973,1501,0.1388
530,963,1493,0.1388
527,961,1488,0.1388
527,979,1506,0.1388
521,974,1495,0.1388
520,980,1500,0.1388
524,981,1505,0.1388
523,977,1500,0.1388
518,984,1502,0.1388
520,1001,1521,0.1388
526,986,1512,0.1388
527,983,1510,0.1388
523,987,1510,0.1388
512,993,1505,0.1388
512,996,1508,0.1388
516,1000,1516,0.1388
525,1004,1529,0.1388
515,1003,1518,0.1388
512,1012,1524,0.1388
519,1002,1521,0.1388
511,1011,1522,0.1388
504,1000,1504,0.1388
502,1012,1514,0.1388
487,1015,1502,0.1388
483,1020,1503,0.1388
485,1021,1506,0.1388
485,1018,1503,0.1388
470,1034,1504,0.1388
470,1039,1509,0.1388
473,1045,1518,0.1388
472,1050,1522,0.1388
481,1042,1523,0.1388
476,1037,1513,0.1388
478,1026,1504,0.1388
475,1028,1503,0.1388
477,1031,1508,0.1388
477,1027,1504,0.1388
472,1026,1498,0.1388
469,1012,1481,0.1388
474,1011,1485,0.1388
481,1008,1489,0.1388
480,1016,1496,0.1388
470,1022,1492,0.1388
471,1035,1506,0.1388
471,1033,1504,0.1388
469,1036,1505,0.1388
467,1028,1495,0.1388
465,1029,1494,0.1388
458,1045,1503,0.1388
456,1043,1499,0.1388
456,1033,1489,0.1388
456,1045,1501,0.1388
450,1060,1510,0.1388
442,1057,1499,0.1388
436,1059,1495,0.1388
437,1063,1500,0.1388
431,1051,1482,0.1388
442,1065,1507,0.1388
442,1058,1500,0.1388
439,1080,1519,0.1388
434,1084,1518,0.1388
432,1092,1524,0.1388
425,1090,1515,0.1388
419,1084,1503,0.1388
420,1089,1509,0.1388
413,1091,1504,0.1388
406,1093,1499,0.1388
408,1079,1487,0.1388
411,1087,1498,0.1388
413,1093,1506,0.1388
412,1089,1501,0.1388
410,1103,1513,0.1388
408,1100,1508,0.1388
401,1120,1521,0.1388
398,1118,1516,0.1388
399,1109,1508,0.1388
401,1107,1508,0.1388
396,1097,1493,0.1388
397,1097,1494,0.1388
385,1106,1491,0.1388
387,1109,1496,0.1388
387,1120,1507,0.1388
384,1123,1507,0.1388
384,1116,1500,0.1388
386,1121,1507,0.1388
386,1119,1505,0.1388
386,1128,1514,0.1388
390,1131,1521,0.1388
385,1125,1510,0.1388
380,1114,1494,0.1388
389,1115,1504,0.1388
385,1119,1504,0.1388
388,1128,1516,0.1388
388,1129,1517,0.1388
389,1128,1517,0.1388
391,1134,1525,0.1388
396,1139,1535,0.1388
396,1127,1523,0.1388
402,1128,1530,0.1388
396,1126,1522,0.1388
396,1121,1517,0.1388
400,1120,1520,0.1388
391,1116,1507,0.1388
391,1120,1511,0.1388
386,1120,1506,0.1388
383,1128,1511,0.1388
379,1129,1508,0.1388
379,1130,1509,0.1388
373,1134,1507,0.1388
370,1125,1495,0.1388
368,1125,1493,0.1388
365,1132,1497,0.1388
367,1140,1507,0.1388
367,1138,1505,0.1388
367,1128,1495,0.1388
368,1128,1496,0.1388
373,1142,1515,0.1388
377,1140,1517,0.1388
365,1125,1490,0.1388
368,1138,1506,0.1388
367,1134,1501,0.1388
361,1134,1495,0.1388
362,1153,1515,0.1388
357,1164,1521,0.1388
362,1174,1536,0.1388
361,1174,1535,0.1388
357,1170,1527,0.1388
355,1160,1515,0.1388
356,1174,1530,0.1388
358,1164,1522,0.1388
358,1151,1509,0.1388
355,1153,1508,0.1388
358,1166,1524,0.1388
351,1165,1516,0.1388
349,1171,1520,0.1388
349,1157,1506,0.1388
342,1156,1498,0.1388
342,1163,1505,0.1388
353,1169,1522,0.1388
344,1171,1515,0.1388
341,1170,1511,0.1388
343,1165,1508,0.1388
345,1163,1508,0.1388
344,1144,1488,0.1388
343,1153,1496,0.1388
342,1148,1490,0.1388
339,1161,1500,0.1388
338,1183,1521,0.1388
335,1181,1516,0.1388
332,1175,1507,0.1388
329,1180,1509,0.1388
328,1194,1522,0.1388
329,1187,1516,0.1388
316,1192,1508,0.1388
314,1202,1516,0.1388
320,1195,1515,0.1388
322,1196,1518,0.1388
318,1205,1523,0.1388
312,1200,1512,0.1388
306,1205,1511,0.1388
306,1203,1509,0.1388
304,1207,1511,0.1388
301,1205,1506,0.1388
305,1197,1502,0.1388
317,1190,1507,0.1388
313,1179,1492,0.1388
319,1181,1500,0.1388
318,1178,1496,0.1388
311,1175,1486,0.1388
308,1173,1481,0.1388
313,1189,1502,0.1388
315,1201,1516,0.1388
316,1204,1520,0.1388
314,1198,1512,0.1388
318,1214,1532,0.1388
313,1206,1519,0.1388
310,1212,1522,0.1388
309,1215,1524,0.1388
306,1204,1510,0.1388
302,1195,1497,0.1388
296,1203,1499,0.1388
298,1205,1503,0.1388
301,1211,1512,0.1388
300,1206,1506,0.1388
298,1200,1498,0.1388
298,1197,1495,0.1388
304,1199,1503,0.1388
296,1211,1507,0.1388
292,1221,1513,0.1388
290,1237,1527,0.1388
282,1236,1518,0.1388
283,1231,1514,0.1388
276,1233,1509,0.1388
283,1237,1520,0.1388
280,1239,1519,0.1388
278,1251,1529,0.1388
278,1249,1527,0.1388
276,1244,1520,0.1388
277,1236,1513,0.1388
274,1239,1513,0.1388
270,1245,1515,0.1388
270,1241,1511,0.1388
265,1245,1510,0.1388
268,1244,1512,0.1388
268,1252,1520,0.1388
266,1253,1519,0.1388
267,1252,1519,0.1388
263,1249,1512,0.1388
258,1246,1504,0.1388
260,1265,1525,0.1388
264,1265,1529,0.1388
265,1243,1508,0.1388
267,1252,1519,0.1388
272,1250,1522,0.1388
272,1263,1535,0.1388
273,1267,1540,0.1388
272,1247,1519,0.1388
271,1241,1512,0.1388
274,1249,1523,0.1388
269,1241,1510,0.1388
263,1239,1502,0.1388
269,1240,1509,0.1388
271,1246,1517,0.1388
270,1245,1515,0.1388
271,1240,1511,0.1388
269,1248,1517,0.1388
261,1249,1510,0.1388
262,1249,1511,0.1388
260,1251,1511,0.1388
264,1258,1522,0.1388
262,1254,1516,0.1388
263,1269,1532,0.1388
256,1271,1527,0.1388
254,1271,1525,0.1388
255,1267,1522,0.1388
252,1269,1521,0.1388
246,1272,1518,0.1388
246,1270,1516,0.1388
244,1271,1515,0.1388
241,1266,1507,0.1388
244,1267,1511,0.1388
245,1266,1511,0.1388
243,1272,1515,0.1388
244,1268,1512,0.1388
248,1267,1515,0.1388
248,1275,1523,0.1388
246,1286,1532,0.1388
243,1282,1525,0.1388
244,1285,1529,0.1388
250,1271,1521,0.1388
244,1267,1511,0.1388
238,1256,1494,0.1388
240,1272,1512,0.1388
238,1262,1500,0.1388
235,1282,1517,0.1388
237,1295,1532,0.1388
230,1297,1527,0.1388
230,1293,1523,0.1388
230,1273,1503,0.1388
231,1275,1506,0.1388
226,1278,1504,0.1388
225,1295,1520,0.1388
227,1285,1512,0.1388
228,1281,1509,0.1388
229,1280,1509,0.1388
233,1286,1519,0.1388
226,1278,1504,0.1388
223,1285,1508,0.1388
222,1271,1493,0.1388
223,1284,1507,0.1388
225,1284,1509,0.1388
226,1284,1510,0.1388
227,1275,1502,0.1388
229,1277,1506,0.1388
231,1289,1520,0.1388
231,1291,1522,0.1388
226,1295,1521,0.1388
226,1298,1524,0.1388
225,1296,1521,0.1388
223,1295,1518,0.1388
222,1295,1517,0.1388
222,1301,1523,0.1388
219,1290,1509,0.1388
218,1288,1506,0.1388
214,1302,1516,0.1388
210,1307,1517,0.1388
214,1306,1520,0.1388
220,1294,1514,0.1388
215,1296,1511,0.1388
208,1288,1496,0.1388
208,1307,1515,0.1388
203,1312,1515,0.1388
201,1309,1510,0.1388
200,1306,1506,0.1388
199,1308,1507,0.1388
202,1304,1506,0.1388
200,1299,1499,0.1388
199,1301,1500,0.1388
194,1313,1507,0.1388
196,1312,1508,0.1388
197,1312,1509,0.1388
197,1318,1515,0.1388
202,1305,1507,0.1388
205,1313,1518,0.1388
198,1315,1513,0.1388
196,1317,1513,0.1388
195,1335,1530,0.1388
192,1347,1539,0.1388
186,1331,1517,0.1388
188,1343,1531,0.1388
190,1329,1519,0.1388
188,1305,1493,0.1388
190,1330,1520,0.1388
191,1330,1521,0.1388
195,1333,1528,0.1388
195,1345,1540,0.1388
196,1336,1532,0.1388
195,1330,1525,0.1388
198,1331,1529,0.1388
196,1328,1524,0.1388
193,1330,1523,0.1388
186,1321,1507,0.1388
181,1332,1513,0.1388
180,1337,1517,0.1388
185,1333,1518,0.1388
183,1325,1508,0.1388
181,1336,1517,0.1388
183,1339,1522,0.1388
180,1341,1521,0.1388
178,1342,1520,0.1388
175,1342,1517,0.1388
176,1337,1513,0.1388
177,1331,1508,0.1388
177,1333,1510,0.1388
176,1330,1506,0.1388
174,1328,1502,0.1388
176,1344,1520,0.1388
173,1334,1507,0.1388
169,1336,1505,0.1388
168,1337,1505,0.1388
163,1336,1499,0.1388
164,1338,1502,0.1388
166,1337,1503,0.1388
170,1328,1498,0.1388
164,1335,1499,0.1388
160,1342,1502,0.1388
155,1343,1498,0.1388
162,1360,1522,0.1388
162,1359,1521,0.1388
160,1361,1521,0.1388
157,1349,1506,0.1388
154,1355,1509,0.1388
154,1353,1507,0.1388
150,1352,1502,0.1388
146,1341,1487,0.1388
147,1347,1494,0.1388
142,1353,1495,0.1388
146,1361,1507,0.1388
147,1361,1508,0.1388
151,1367,1518,0.1388
151,1375,1526,0.1388
146,1367,1513,0.1388
140,1379,1519,0.1388
138,1380,1518,0.1388
139,1373,1512,0.1388
141,1380,1521,0.1388
136,1376,1512,0.1388
136,1382,1518,0.1388
136,1372,1508,0.1388
135,1363,1498,0.1388
135,1367,1502,0.1388
135,1383,1518,0.1388
135,1379,1514,0.1388
132,1381,1513,0.1388
129,1380,1509,0.1388
130,1372,1502,0.1388
132,1365,1497,0.1388
130,1378,1508,0.1388
129,1384,1513,0.1388
128,1385,1513,0.1388
126,1383,1509,0.1388
124,1397,1521,0.1388
126,1399,1525,0.1388
126,1392,1518,0.1388
127,1387,1514,0.1388
128,1395,1523,0.1388
126,1397,1523,0.1388
122,1405,1527,0.1388
122,1416,1538,0.1388
120,1402,1522,0.1388
121,1398,1519,0.1388
117,1395,1512,0.1388
118,1401,1519,0.1388
117,1410,1527,0.1388
118,1410,1528,0.1388
119,1413,1532,0.1388
122,1408,1530,0.1388
121,1405,1526,0.1388
118,1399,1517,0.1388
118,1412,1530,0.1388
117,1405,1522,0.1388
115,1412,1527,0.1388
117,1414,1531,0.1388
112,1406,1518,0.1388
115,1411,1526,0.1388
116,1412,1528,0.1388
119,1409,1528,0.1388
120,1402,1522,0.1388
119,1407,1526,0.1388
119,1407,1526,0.1388
119,1406,1525,0.1388
117,1407,1524,0.1388
115,1403,1518,0.1388
113,1391,1504,0.1388
112,1403,1515,0.1388
111,1415,1526,0.1388
108,1416,1524,0.1388
109,1422,1531,0.1388
107,1418,1525,0.1388
106,1407,1513,0.1388
107,1400,1507,0.1388
105,1401,1506,0.1388
101,1389,1490,0.1388
98,1406,1504,0.1388
98,1402,1500,0.1388
97,1429,1526,0.1388
95,1414,1509,0.1388
90,1425,1515,0.1388
86,1429,1515,0.1388
90,1427,1517,0.1388
88,1424,1512,0.1388
89,1429,1518,0.1388
89,1421,1510,0.1388
89,1426,1515,0.1388
89,1421,1510,0.1388
87,1424,1511,0.1388
83,1435,1518,0.1388
83,1423,1506,0.1388
82,1428,1510,0.1388
82,1434,1516,0.1388
80,1452,1532,0.1388
80,1450,1530,0.1388
80,1442,1522,0.1388
76,1431,1507,0.1388
77,1444,1521,0.1388
77,1438,1515,0.1388
75,1441,1516,0.1388
75,1444,1519,0.1388
73,1432,1505,0.1388
71,1442,1513,0.1388
72,1448,1520,0.1388
68,1454,1522,0.1388
66,1453,1519,0.1388
68,1458,1526,0.1388
67,1454,1521,0.1388
65,1452,1517,0.1388
66,1450,1516,0.1388
65,1452,1517,0.1388
65,1447,1512,0.1388
65,1460,1525,0.1388
65,1465,1530,0.1388
63,1474,1537,0.1388
63,1461,1524,0.1388
63,1465,1528,0.1388
59,1464,1523,0.1388
59,1459,1518,0.1388
59,1464,1523,0.1388
58,1460,1518,0.1388
58,1448,1506,0.1388
59,1446,1505,0.1388
58,1452,1510,0.1388
60,1461,1521,0.1388
60,1466,1526,0.1388
59,1468,1527,0.1388
60,1467,1527,0.1388
61,1468,1529,0.1388
61,1466,1527,0.1388
60,1462,1522,0.1388
60,1462,1522,0.1388
59,1470,1529,0.1388
58,1478,1536,0.1388
55,1473,1528,0.1388
53,1476,1529,0.1388
53,1470,1523,0.1388
55,1468,1523,0.1388
54,1468,1522,0.1388
52,1469,1521,0.1388
51,1484,1535,0.1388
47,1479,1526,0.1388
47,1483,1530,0.1388
47,1469,1516,0.1388
47,1478,1525,0.1388
46,1471,1517,0.1388
44,1462,1506,0.1388
42,1481,1523,0.1388
43,1472,1515,0.1388
41,1469,1510,0.1388
42,1467,1509,0.1388
42,1479,1521,0.1388
41,1488,1529,0.1388
42,1479,1521,0.1388
44,1481,1525,0.1388
46,1454,1500,0.1388
45,1467,1512,0.1388
42,1477,1519,0.1388
42,1464,1506,0.1388
39,1490,1529,0.1388
39,1480,1519,0.1388
39,1493,1532,0.1388
41,1475,1516,0.1388
40,1476,1516,0.1388
40,1493,1533,0.1388
38,1490,1528,0.1388
38,1477,1515,0.1388
37,1472,1509,0.1388
36,1469,1505,0.1388
35,1481,1516,0.1388
35,1498,1533,0.1388
36,1486,1522,0.1388
36,1483,1519,0.1388
36,1488,1524,0.1388
35,1482,1517,0.1388
37,1471,1508,0.1388
37,1472,1509,0.1388
36,1484,1520,0.1388
37,1476,1513,0.1388
42,1477,1519,0.1388
40,1473,1513,0.1388
40,1464,1504,0.1388
37,1470,1507,0.1388
37,1471,1508,0.1388
37,1475,1512,0.1388
36,1480,1516,0.1388
36,1477,1513,0.1388
37,1470,1507,0.1388
37,1478,1515,0.1388
38,1450,1488,0.1388
37,1466,1503,0.1388
37,1465,1502,0.1388
36,1465,1501,0.1388
37,1461,1498,0.1388
38,1473,1511,0.1388
37,1458,1495,0.1388
34,1456,1490,0.1388
37,1457,1494,0.1388
35,1474,1509,0.1388
38,1487,1525,0.1388
38,1483,1521,0.1388
36,1464,1500,0.1388
37,1476,1513,0.1388
38,1469,1507,0.1388
38,1470,1508,0.1388
38,1473,1511,0.1388
40,1471,1511,0.1388
40,1472,1512,0.1388
39,1470,1509,0.1388
40,1467,1507,0.1388
41,1477,1518,0.1388
42,1488,1530,0.1388
44,1472,1516,0.1388
44,1474,1518,0.1388
42,1470,1512,0.1388
44,1468,1512,0.1388
42,1455,1497,0.1388
41,1459,1500,0.1388
41,1473,1514,0.1388
40,1478,1518,0.1388
40,1482,1522,0.1388
40,1483,1523,0.1388
41,1479,1520,0.1388
41,1488,1529,0.1388
43,1476,1519,0.1388
41,1478,1519,0.1388
41,1474,1515,0.1388
40,1475,1515,0.1388
39,1478,1517,0.1388
42,1487,1529,0.1388
42,1485,1527,0.1388
40,1488,1528,0.1388
40,1483,1523,0.1388
42,1484,1526,0.1388
43,1476,1519,0.1388
43,1473,1516,0.1388
43,1486,1529,0.1388
43,1481,1524,0.1388
42,1489,1531,0.1388
42,1481,1523,0.1388
42,1468,1510,0.1388
43,1466,1509,0.1388
43,1470,1513,0.1388
42,1485,1527,0.1388
41,1476,1517,0.1388
42,1478,1520,0.1388
42,1477,1519,0.1388
40,1472,1512,0.1388
38,1481,1519,0.1388
39,1493,1532,0.1388
38,1479,1517,0.1388
39,1476,1515,0.1388
38,1486,1524,0.1388
37,1485,1522,0.1388
36,1488,1524,0.1388
35,1487,1522,0.1388
37,1489,1526,0.1388
36,1487,1523,0.1388
35,1480,1515,0.1388
35,1492,1527,0.1388
37,1485,1522,0.1388
37,1486,1523,0.1388
36,1475,1511,0.1388
36,1479,1515,0.1388
36,1464,1500,0.1388
34,1473,1507,0.1388
36,1480,1516,0.1388
35,1477,1512,0.1388
35,1487,1522,0.1388
35,1487,1522,0.1388
35,1480,1515,0.1388
35,1481,1516,0.1388
35,1486,1521,0.1388
36,1483,1519,0.1388
34,1489,1523,0.1388
35,1488,1523,0.1388
36,1464,1500,0.1388
37,1455,1492,0.1388
37,1469,1506,0.1388
38,1478,1516,0.1388
37,1469,1506,0.1388
36,1467,1503,0.1388
36,1478,1514,0.1388
36,1469,1505,0.1388
34,1483,1517,0.1388
36,1485,1521,0.1388
34,1497,1531,0.1388
34,1494,1528,0.1388
34,1488,1522,0.1388
35,1496,1531,0.1388
34,1497,1531,0.1388
35,1490,1525,0.1388
37,1483,1520,0.1388
37,1487,1524,0.1388
34,1477,1511,0.1388
33,1474,1507,0.1388
34,1490,1524,0.1388
34,1487,1521,0.1388
32,1475,1507,0.1388
32,1483,1515,0.1388
32,1478,1510,0.1388
31,1471,1502,0.1388
31,1482,1513,0.1388
31,1488,1519,0.1388
30,1493,1523,0.1388
29,1491,1520,0.1388
28,1496,1524,0.1388
28,1502,1530,0.1388
25,1495,1520,0.1388
25,1494,1519,0.1388
26,1492,1518,0.1388
26,1484,1510,0.1388
26,1497,1523,0.1388
25,1492,1517,0.1388
26,1483,1509,0.1388
25,1489,1514,0.1388
27,1494,1521,0.1388
25,1477,1502,0.1388
27,1475,1502,0.1388
25,1475,1500,0.1388
24,1478,1502,0.1388
25,1476,1501,0.1388
25,1495,1520,0.1388
22,1504,1526,0.1388
22,1492,1514,0.1388
24,1479,1503,0.1388
24,1476,1500,0.1388
21,1491,1512,0.1388
21,1490,1511,0.1388
22,1486,1508,0.1388
21,1498,1519,0.1388
21,1504,1525,0.1388
22,1506,1528,0.1388
22,1492,1514,0.1388
21,1494,1515,0.1388
21,1490,1511,0.1388
21,1504,1525,0.1388
21,1508,1529,0.1388
21,1505,1526,0.1388
21,1491,1512,0.1388
21,1507,1528,0.1388
20,1505,1525,0.1388
20,1507,1527,0.1388
18,1494,1512,0.1388
18,1499,1517,0.1388
17,1505,1522,0.1388
18,1495,1513,0.1388
16,1494,1510,0.1388
16,1495,1511,0.1388
16,1500,1516,0.1388
16,1494,1510,0.1388
16,1503,1519,0.1388
16,1499,1515,0.1388
16,1498,1514,0.1388
16,1497,1513,0.1388
16,1508,1524,0.1388
16,1496,1512,0.1388
16,1493,1509,0.1388
16,1493,1509,0.1388
16,1506,1522,0.1388
16,1497,1513,0.1388
21,1501,1522,0.1388
20,1500,1520,0.1388
20,1495,1515,0.1388
20,1501,1521,0.1388
22,1492,1514,0.1388
21,1488,1509,0.1388
22,1481,1503,0.1388
23,1487,1510,0.1388
22,1488,1510,0.1388
23,1496,1519,0.1388
23,1484,1507,0.1388
24,1483,1507,0.1388
24,1487,1511,0.1388
23,1485,1508,0.1388
22,1509,1531,0.1388
21,1511,1532,0.1388
21,1504,1525,0.1388
23,1504,1527,0.1388
21,1499,1520,0.1388
20,1510,1530,0.1388
21,1505,1526,0.1388
21,1493,1514,0.1388
20,1488,1508,0.1388
20,1492,1512,0.1388
19,1493,1512,0.1388
17,1488,1505,0.1388
17,1486,1503,0.1388
14,1493,1507,0.1388
14,1495,1509,0.1388
14,1498,1512,0.1388
13,1506,1519,0.1388
12,1515,1527,0.1388
12,1514,1526,0.1388
12,1514,1526,0.1388
11,1502,1513,0.1388
12,1514,1526,0.1388
12,1508,1520,0.1388
12,1514,1526,0.1388
13,1514,1527,0.1388
13,1505,1518,0.1388
14,1502,1516,0.1388
16,1510,1526,0.1388
15,1506,1521,0.1388
15,1503,1518,0.1388
14,1506,1520,0.1388
14,1487,1501,0.1388
14,1493,1507,0.1388
13,1496,1509,0.1388
11,1500,1511,0.1388
11,1506,1517,0.1388
11,1500,1511,0.1388
11,1485,1496,0.1388
11,1500,1511,0.1388
11,1495,1506,0.1388
12,1491,1503,0.1388
11,1489,1500,0.1388
11,1499,1510,0.1388
11,1505,1516,0.1388
10,1509,1519,0.1388
10,1514,1524,0.1388
10,1515,1525,0.1388
10,1512,1522,0.1388
10,1511,1521,0.1388
11,1512,1523,0.1388
11,1505,1516,0.1388
11,1516,1527,0.1388
10,1517,1527,0.1388
10,1519,1529,0.1388
9,1507,1516,0.1388
8,1497,1505,0.1388
8,1507,1515,0.1388
8,1524,1532,0.1388
8,1522,1530,0.1388
8,1510,1518,0.1388
8,1503,1511,0.1388
8,1502,1510,0.1388
8,1502,1510,0.1388
9,1517,1526,0.1388
9,1503,1512,0.1388
9,1504,1513,0.1388
9,1504,1513,0.1388
9,1507,1516,0.1388
9,1506,1515,0.1388
9,1503,1512,0.1388
8,1514,1522,0.1388
8,1513,1521,0.1388
8,1513,1521,0.1388
7,1507,1514,0.1388
7,1504,1511,0.1388
7,1517,1524,0.1388
7,1526,1533,0.1388
7,1528,1535,0.1388
7,1520,1527,0.1388
7,1516,1523,0.1388
7,1521,1528,0.1388
6,1520,1526,0.1388
5,1514,1519,0.1388
5,1514,1519,0.1388
3,1506,1509,0.1388
3,1522,1525,0.1388
3,1530,1533,0.1388
3,1525,1528,0.1388
3,1522,1525,0.1388
4,1525,1529,0.1388
4,1525,1529,0.1388
4,1517,1521,0.1388
3,1513,1516,0.1388
3,1510,1513,0.1388
3,1516,1519,0.1388
3,1523,1526,0.1388
3,1517,1520,0.1388
2,1520,1522,0.1388
2,1524,1526,0.1388
2,1530,1532,0.1388
2,1516,1518,0.1388
2,1522,1524,0.1388
2,1523,1525,0.1388
2,1524,1526,0.1388
2,1527,1529,0.1388
2,1520,1522,0.1388
2,1503,1505,0.1388
2,1504,1506,0.1388
2,1513,1515,0.1388
2,1519,1521,0.1388
2,1523,1525,0.1388
2,1513,1515,0.1388
2,1524,1526,0.1388
2,1517,1519,0.1388
1,1518,1519,0.1388
1,1518,1519,0.1388
1,1515,1516,0.1388
0,1521,1521,0.1388
