1368,28,1396,0.1388
1390,30,1420,0.1388
1428,31,1459,0.1388
1443,34,1477,0.1388
1458,37,1495,0.1388
1459,37,1496,0.1388
1456,37,1493,0.1388
1452,37,1489,0.1388
1457,38,1495,0.1388
1461,38,1499,0.1388
1461,37,1498,0.1388
1455,39,1494,0.1388
1469,38,1507,0.1388
1481,38,1519,0.1388
1462,38,1500,0.1388
1468,37,1505,0.1388
1460,36,1496,0.1388
1464,34,1498,0.1388
1462,32,1494,0.1388
1462,32,1494,0.1388
1455,34,1489,0.1388
1455,34,1489,0.1388
1463,36,1499,0.1388
1462,35,1497,0.1388
1457,33,1490,0.1388
1445,33,1478,0.1388
1450,33,1483,0.1388
1447,33,1480,0.1388
1450,36,1486,0.1388
1433,35,1468,0.1388
1442,38,1480,0.1388
1449,37,1486,0.1388
1457,37,1494,0.1388
1462,38,1500,0.1388
1467,39,1506,0.1388
1457,41,1498,0.1388
1456,40,1496,0.1388
1462,42,1504,0.1388
1449,43,1492,0.1388
1467,43,1510,0.1388
1464,44,1508,0.1388
1456,44,1500,0.1388
1448,42,1490,0.1388
1450,37,1487,0.1388
1450,35,1485,0.1388
1456,36,1492,0.1388
1445,38,1483,0.1388
1461,42,1503,0.1388
1461,43,1504,0.1388
1479,42,1521,0.1388
1468,42,1510,0.1388
1456,41,1497,0.1388
1469,42,1511,0.1388
1460,41,1501,0.1388
1456,45,1501,0.1388
1451,50,1501,0.1388
1454,51,1505,0.1388
1451,53,1504,0.1388
1439,52,1491,0.1388
1436,52,1488,0.1388
1453,52,1505,0.1388
1428,53,1481,0.1388
1426,52,1478,0.1388
1446,53,1499,0.1388
1446,50,1496,0.1388
1449,53,1502,0.1388
1447,55,1502,0.1388
1437,52,1489,0.1388
1444,50,1494,0.1388
1452,51,1503,0.1388
1453,52,1505,0.1388
1452,57,1509,0.1388
1452,58,1510,0.1388
1440,60,1500,0.1388
1434,61,1495,0.1388
1425,59,1484,0.1388
1434,59,1493,0.1388
1441,61,1502,0.1388
1444,60,1504,0.1388
1439,62,1501,0.1388
1437,62,1499,0.1388
1441,63,1504,0.1388
1438,65,1503,0.1388
1439,63,1502,0.1388
1438,67,1505,0.1388
1436,69,1505,0.1388
1425,69,1494,0.1388
1405,67,1472,0.1388
1423,68,1491,0.1388
1429,73,1502,0.1388
1435,75,1510,0.1388
1424,75,1499,0.1388
1425,78,1503,0.1388
1429,75,1504,0.1388
1435,75,1510,0.1388
1426,78,1504,0.1388
1422,77,1499,0.1388
1428,76,1504,0.1388
1423,76,1499,0.1388
1422,80,1502,0.1388
1430,77,1507,0.1388
1427,76,1503,0.1388
1426,79,1505,0.1388
1428,80,1508,0.1388
1437,84,1521,0.1388
1426,86,1512,0.1388
1422,86,1508,0.1388
1416,87,1503,0.1388
1403,89,1492,0.1388
1392,90,1482,0.1388
1407,93,1500,0.1388
1410,91,1501,0.1388
1404,91,1495,0.1388
1393,90,1483,0.1388
1378,92,1470,0.1388
1392,92,1484,0.1388
1388,92,1480,0.1388
1392,91,1483,0.1388
1399,90,1489,0.1388
1403,95,1498,0.1388
1414,94,1508,0.1388
1403,94,1497,0.1388
1405,94,1499,0.1388
1408,98,1506,0.1388
1406,96,1502,0.1388
1396,98,1494,0.1388
1393,99,1492,0.1388
1394,101,1495,0.1388
1396,102,1498,0.1388
1400,101,1501,0.1388
1399,101,1500,0.1388
1411,102,1513,0.1388
1396,95,1491,0.1388
1398,95,1493,0.1388
1397,98,1495,0.1388
1391,95,1486,0.1388
1387,97,1484,0.1388
1398,95,1493,0.1388
1401,94,1495,0.1388
1402,92,1494,0.1388
1393,96,1489,0.1388
1407,95,1502,0.1388
1416,99,1515,0.1388
1410,99,1509,0.1388
1391,95,1486,0.1388
1394,97,1491,0.1388
1404,99,1503,0.1388
1405,99,1504,0.1388
1404,104,1508,0.1388
1386,103,1489,0.1388
1372,104,1476,0.1388
1366,109,1475,0.1388
1364,114,1478,0.1388
1380,112,1492,0.1388
1375,111,1486,0.1388
1375,112,1487,0.1388
1372,113,1485,0.1388
1387,114,1501,0.1388
1385,114,1499,0.1388
1392,111,1503,0.1388
1401,115,1516,0.1388
1391,110,1501,0.1388
1402,108,1510,0.1388
1400,104,1504,0.1388
1400,108,1508,0.1388
1397,110,1507,0.1388
1383,112,1495,0.1388
1384,116,1500,0.1388
1383,119,1502,0.1388
1372,122,1494,0.1388
1344,123,1467,0.1388
1349,122,1471,0.1388
1361,122,1483,0.1388
1369,121,1490,0.1388
1375,121,1496,0.1388
1370,125,1495,0.1388
1368,123,1491,0.1388
1376,126,1502,0.1388
1366,128,1494,0.1388
1373,126,1499,0.1388
1374,126,1500,0.1388
1368,128,1496,0.1388
1370,127,1497,0.1388
1355,124,1479,0.1388
1362,127,1489,0.1388
1362,126,1488,0.1388
1362,130,1492,0.1388
1359,133,1492,0.1388
1362,133,1495,0.1388
1355,135,1490,0.1388
1353,133,1486,0.1388
1355,131,1486,0.1388
1361,137,1498,0.1388
1374,141,1515,0.1388
1365,139,1504,0.1388
1353,141,1494,0.1388
1348,140,1488,0.1388
1363,139,1502,0.1388
1363,143,1506,0.1388
1357,143,1500,0.1388
1343,144,1487,0.1388
1351,142,1493,0.1388
1356,145,1501,0.1388
1368,147,1515,0.1388
1370,145,1515,0.1388
1367,143,1510,0.1388
1359,142,1501,0.1388
1355,146,1501,0.1388
1343,148,1491,0.1388
1345,148,1493,0.1388
1346,152,1498,0.1388
1354,152,1506,0.1388
1343,155,1498,0.1388
1347,155,1502,0.1388
1339,153,1492,0.1388
1336,153,1489,0.1388
1332,152,1484,0.1388
1319,156,1475,0.1388
1319,159,1478,0.1388
1332,165,1497,0.1388
1332,163,1495,0.1388
1323,168,1491,0.1388
1312,170,1482,0.1388
1304,169,1473,0.1388
1313,169,1482,0.1388
1325,170,1495,0.1388
1321,167,1488,0.1388
1317,169,1486,0.1388
1310,168,1478,0.1388
1314,166,1480,0.1388
1336,163,1499,0.1388
1342,165,1507,0.1388
1334,165,1499,0.1388
1323,164,1487,0.1388
1332,168,1500,0.1388
1331,169,1500,0.1388
1329,169,1498,0.1388
1333,173,1506,0.1388
1343,173,1516,0.1388
1342,174,1516,0.1388
1332,169,1501,0.1388
1340,170,1510,0.1388
1339,168,1507,0.1388
1325,172,1497,0.1388
1320,171,1491,0.1388
1327,171,1498,0.1388
1310,169,1479,0.1388
1324,169,1493,0.1388
1331,170,1501,0.1388
1325,169,1494,0.1388
1341,172,1513,0.1388
1325,172,1497,0.1388
1321,175,1496,0.1388
1334,175,1509,0.1388
1321,176,1497,0.1388
1317,172,1489,0.1388
1314,174,1488,0.1388
1302,182,1484,0.1388
1294,181,1475,0.1388
1318,180,1498,0.1388
1316,179,1495,0.1388
1305,182,1487,0.1388
1304,180,1484,0.1388
1302,185,1487,0.1388
1315,185,1500,0.1388
1311,185,1496,0.1388
1303,184,1487,0.1388
1289,182,1471,0.1388
1306,182,1488,0.1388
1309,179,1488,0.1388
1303,181,1484,0.1388
1293,176,1469,0.1388
1290,176,1466,0.1388
1294,181,1475,0.1388
1316,183,1499,0.1388
1300,182,1482,0.1388
1306,190,1496,0.1388
1307,185,1492,0.1388
1311,178,1489,0.1388
1304,180,1484,0.1388
1309,177,1486,0.1388
1318,175,1493,0.1388
1316,177,1493,0.1388
1315,181,1496,0.1388
1314,181,1495,0.1388
1306,183,1489,0.1388
1316,182,1498,0.1388
1331,183,1514,0.1388
1313,183,1496,0.1388
1315,181,1496,0.1388
1331,177,1508,0.1388
1313,177,1490,0.1388
1313,181,1494,0.1388
1315,180,1495,0.1388
1324,180,1504,0.1388
1318,181,1499,0.1388
1310,183,1493,0.1388
1318,183,1501,0.1388
1318,178,1496,0.1388
1311,185,1496,0.1388
1327,188,1515,0.1388
1320,183,1503,0.1388
1310,184,1494,0.1388
1299,187,1486,0.1388
1308,190,1498,0.1388
1290,192,1482,0.1388
1294,198,1492,0.1388
1293,197,1490,0.1388
1303,198,1501,0.1388
1304,198,1502,0.1388
1303,198,1501,0.1388
1291,197,1488,0.1388
1304,201,1505,0.1388
1296,201,1497,0.1388
1300,207,1507,0.1388
1302,204,1506,0.1388
1299,204,1503,0.1388
1300,204,1504,0.1388
1298,209,1507,0.1388
1296,214,1510,0.1388
1296,214,1510,0.1388
1289,211,1500,0.1388
1294,213,1507,0.1388
1284,217,1501,0.1388
1289,217,1506,0.1388
1288,213,1501,0.1388
1284,212,1496,0.1388
1285,212,1497,0.1388
1291,215,1506,0.1388
1295,212,1507,0.1388
1293,212,1505,0.1388
1299,213,1512,0.1388
1291,216,1507,0.1388
1278,210,1488,0.1388
1286,209,1495,0.1388
1295,206,1501,0.1388
1287,206,1493,0.1388
1281,210,1491,0.1388
1297,210,1507,0.1388
1299,207,1506,0.1388
1309,204,1513,0.1388
1300,207,1507,0.1388
1296,209,1505,0.1388
1292,208,1500,0.1388
1296,212,1508,0.1388
1295,211,1506,0.1388
1291,211,1502,0.1388
1286,211,1497,0.1388
1294,216,1510,0.1388
1293,215,1508,0.1388
1292,209,1501,0.1388
1284,213,1497,0.1388
1285,211,1496,0.1388
1274,209,1483,0.1388
1285,217,1502,0.1388
1279,212,1491,0.1388
1288,211,1499,0.1388
1285,207,1492,0.1388
1287,206,1493,0.1388
1293,215,1508,0.1388
1296,214,1510,0.1388
1292,214,1506,0.1388
1299,211,1510,0.1388
1281,202,1483,0.1388
1292,203,1495,0.1388
1298,205,1503,0.1388
1286,202,1488,0.1388
1299,205,1504,0.1388
1292,216,1508,0.1388
1290,213,1503,0.1388
1283,216,1499,0.1388
1296,214,1510,0.1388
1300,219,1519,0.1388
1288,219,1507,0.1388
1283,222,1505,0.1388
1298,218,1516,0.1388
1288,215,1503,0.1388
1290,216,1506,0.1388
1295,216,1511,0.1388
1282,216,1498,0.1388
1287,220,1507,0.1388
1271,218,1489,0.1388
1264,220,1484,0.1388
1271,217,1488,0.1388
1275,216,1491,0.1388
1259,222,1481,0.1388
1249,223,1472,0.1388
1263,223,1486,0.1388
1268,227,1495,0.1388
1267,231,1498,0.1388
1265,229,1494,0.1388
1266,225,1491,0.1388
1275,223,1498,0.1388
1282,226,1508,0.1388
1271,224,1495,0.1388
1284,228,1512,0.1388
1290,225,1515,0.1388
1280,229,1509,0.1388
1285,227,1512,0.1388
1275,226,1501,0.1388
1287,228,1515,0.1388
1290,230,1520,0.1388
1290,232,1522,0.1388
1282,230,1512,0.1388
1275,231,1506,0.1388
1279,231,1510,0.1388
1274,235,1509,0.1388
1271,236,1507,0.1388
1276,234,1510,0.1388
1270,232,1502,0.1388
1270,235,1505,0.1388
1279,237,1516,0.1388
1271,238,1509,0.1388
1274,234,1508,0.1388
1280,232,1512,0.1388
1267,231,1498,0.1388
1270,233,1503,0.1388
1267,233,1500,0.1388
1269,231,1500,0.1388
1263,232,1495,0.1388
1251,236,1487,0.1388
1258,241,1499,0.1388
1258,237,1495,0.1388
1261,236,1497,0.1388
1267,233,1500,0.1388
1256,233,1489,0.1388
1262,233,1495,0.1388
1268,231,1499,0.1388
1273,232,1505,0.1388
1266,236,1502,0.1388
1271,239,1510,0.1388
1271,238,1509,0.1388
1254,239,1493,0.1388
1261,236,1497,0.1388
1268,237,1505,0.1388
1278,232,1510,0.1388
1277,226,1503,0.1388
1269,225,1494,0.1388
1272,230,1502,0.1388
1257,227,1484,0.1388
1257,233,1490,0.1388
1249,237,1486,0.1388
1262,240,1502,0.1388
1280,241,1521,0.1388
1269,242,1511,0.1388
1265,239,1504,0.1388
1261,240,1501,0.1388
1252,237,1489,0.1388
1251,240,1491,0.1388
1235,246,1481,0.1388
1235,244,1479,0.1388
1231,246,1477,0.1388
1216,250,1466,0.1388
1216,251,1467,0.1388
1234,260,1494,0.1388
1238,262,1500,0.1388
1237,263,1500,0.1388
1241,264,1505,0.1388
1243,260,1503,0.1388
1228,264,1492,0.1388
1234,264,1498,0.1388
1226,272,1498,0.1388
1219,270,1489,0.1388
1226,268,1494,0.1388
1234,269,1503,0.1388
1242,272,1514,0.1388
1227,269,1496,0.1388
1232,269,1501,0.1388
1237,265,1502,0.1388
1240,264,1504,0.1388
1240,268,1508,0.1388
1242,265,1507,0.1388
1238,265,1503,0.1388
1234,266,1500,0.1388
1239,261,1500,0.1388
1235,267,1502,0.1388
1230,272,1502,0.1388
1234,272,1506,0.1388
1222,280,1502,0.1388
1225,283,1508,0.1388
1212,280,1492,0.1388
1222,283,1505,0.1388
1213,283,1496,0.1388
1205,285,1490,0.1388
1202,286,1488,0.1388
1217,289,1506,0.1388
1210,286,1496,0.1388
1196,290,1486,0.1388
1190,300,1490,0.1388
1190,299,1489,0.1388
1193,296,1489,0.1388
1198,295,1493,0.1388
1197,294,1491,0.1388
1199,293,1492,0.1388
1199,294,1493,0.1388
1196,304,1500,0.1388
1206,303,1509,0.1388
1203,301,1504,0.1388
1206,297,1503,0.1388
1204,293,1497,0.1388
1213,303,1516,0.1388
1199,306,1505,0.1388
1203,299,1502,0.1388
1210,299,1509,0.1388
1193,299,1492,0.1388
1205,303,1508,0.1388
1195,304,1499,0.1388
1197,301,1498,0.1388
1195,304,1499,0.1388
1195,302,1497,0.1388
1197,292,1489,0.1388
1194,297,1491,0.1388
1197,296,1493,0.1388
1200,297,1497,0.1388
1196,301,1497,0.1388
1200,293,1493,0.1388
1198,293,1491,0.1388
1206,297,1503,0.1388
1204,292,1496,0.1388
1193,296,1489,0.1388
1187,298,1485,0.1388
1209,294,1503,0.1388
1199,301,1500,0.1388
1200,298,1498,0.1388
1206,297,1503,0.1388
1202,297,1499,0.1388
1195,294,1489,0.1388
1176,297,1473,0.1388
1187,293,1480,0.1388
1196,300,1496,0.1388
1192,300,1492,0.1388
1199,310,1509,0.1388
1194,313,1507,0.1388
1188,313,1501,0.1388
1186,314,1500,0.1388
1176,311,1487,0.1388
1175,313,1488,0.1388
1173,314,1487,0.1388
1185,311,1496,0.1388
1192,315,1507,0.1388
1186,318,1504,0.1388
1186,322,1508,0.1388
1185,321,1506,0.1388
1183,319,1502,0.1388
1196,317,1513,0.1388
1183,309,1492,0.1388
1186,312,1498,0.1388
1187,313,1500,0.1388
1175,311,1486,0.1388
1177,318,1495,0.1388
1180,324,1504,0.1388
1169,323,1492,0.1388
1166,326,1492,0.1388
1160,323,1483,0.1388
1170,322,1492,0.1388
1167,319,1486,0.1388
1168,321,1489,0.1388
1175,319,1494,0.1388
1173,323,1496,0.1388
1171,321,1492,0.1388
1175,323,1498,0.1388
1158,323,1481,0.1388
1157,324,1481,0.1388
1165,328,1493,0.1388
1164,331,1495,0.1388
1152,325,1477,0.1388
1154,329,1483,0.1388
1146,327,1473,0.1388
1147,336,1483,0.1388
1144,333,1477,0.1388
1153,334,1487,0.1388
1159,332,1491,0.1388
1157,330,1487,0.1388
1152,333,1485,0.1388
1153,334,1487,0.1388
1160,335,1495,0.1388
1151,340,1491,0.1388
1152,340,1492,0.1388
1140,346,1486,0.1388
1135,351,1486,0.1388
1143,346,1489,0.1388
1147,346,1493,0.1388
1151,348,1499,0.1388
1154,345,1499,0.1388
1159,353,1512,0.1388
1155,355,1510,0.1388
1157,358,1515,0.1388
1155,361,1516,0.1388
1140,364,1504,0.1388
1130,365,1495,0.1388
1131,362,1493,0.1388
1114,364,1478,0.1388
1121,366,1487,0.1388
1123,373,1496,0.1388
1108,377,1485,0.1388
1115,376,1491,0.1388
1125,381,1506,0.1388
1132,376,1508,0.1388
1130,387,1517,0.1388
1125,396,1521,0.1388
1112,391,1503,0.1388
1110,389,1499,0.1388
1097,395,1492,0.1388
1097,399,1496,0.1388
1100,395,1495,0.1388
1106,400,1506,0.1388
1105,407,1512,0.1388
1101,410,1511,0.1388
1102,407,1509,0.1388
1100,410,1510,0.1388
1097,409,1506,0.1388
1094,413,1507,0.1388
1095,413,1508,0.1388
1075,408,1483,0.1388
1085,404,1489,0.1388
1092,408,1500,0.1388
1096,405,1501,0.1388
1095,405,1500,0.1388
1109,412,1521,0.1388
1110,411,1521,0.1388
1106,405,1511,0.1388
1099,413,1512,0.1388
1086,411,1497,0.1388
1094,408,1502,0.1388
1077,402,1479,0.1388
1071,401,1472,0.1388
1085,408,1493,0.1388
1092,414,1506,0.1388
1096,417,1513,0.1388
1093,411,1504,0.1388
1086,399,1485,0.1388
1091,399,1490,0.1388
1090,402,1492,0.1388
1095,404,1499,0.1388
1097,405,1502,0.1388
1088,399,1487,0.1388
1095,399,1494,0.1388
1092,404,1496,0.1388
1090,408,1498,0.1388
1090,409,1499,0.1388
1090,406,1496,0.1388
1079,410,1489,0.1388
1081,409,1490,0.1388
1071,418,1489,0.1388
1079,419,1498,0.1388
1062,418,1480,0.1388
1065,422,1487,0.1388
1054,424,1478,0.1388
1063,417,1480,0.1388
1061,417,1478,0.1388
1056,419,1475,0.1388
1053,424,1477,0.1388
1059,430,1489,0.1388
1064,432,1496,0.1388
1060,434,1494,0.1388
1057,435,1492,0.1388
1061,439,1500,0.1388
1058,438,1496,0.1388
1056,441,1497,0.1388
1059,443,1502,0.1388
1067,448,1515,0.1388
1078,449,1527,0.1388
1074,447,1521,0.1388
1078,439,1517,0.1388
1084,440,1524,0.1388
1072,440,1512,0.1388
1062,445,1507,0.1388
1066,440,1506,0.1388
1068,435,1503,0.1388
1056,438,1494,0.1388
1055,432,1487,0.1388
1062,429,1491,0.1388
1060,430,1490,0.1388
1061,432,1493,0.1388
1050,437,1487,0.1388
1058,442,1500,0.1388
1060,443,1503,0.1388
1051,446,1497,0.1388
1049,440,1489,0.1388
1044,442,1486,0.1388
1054,455,1509,0.1388
1049,456,1505,0.1388
1040,455,1495,0.1388
1053,449,1502,0.1388
1060,452,1512,0.1388
1047,455,1502,0.1388
1045,453,1498,0.1388
1041,450,1491,0.1388
1048,452,1500,0.1388
1049,453,1502,0.1388
1050,457,1507,0.1388
1050,456,1506,0.1388
1041,453,1494,0.1388
1032,452,1484,0.1388
1037,453,1490,0.1388
1042,457,1499,0.1388
1036,453,1489,0.1388
1046,451,1497,0.1388
1038,458,1496,0.1388
1044,459,1503,0.1388
1048,463,1511,0.1388
1037,460,1497,0.1388
1044,468,1512,0.1388
1037,468,1505,0.1388
1037,470,1507,0.1388
1039,466,1505,0.1388
1035,462,1497,0.1388
1027,458,1485,0.1388
1033,463,1496,0.1388
1028,470,1498,0.1388
1020,466,1486,0.1388
1036,459,1495,0.1388
1032,466,1498,0.1388
1019,475,1494,0.1388
1017,477,1494,0.1388
1020,475,1495,0.1388
1019,485,1504,0.1388
1011,490,1501,0.1388
1015,486,1501,0.1388
1020,480,1500,0.1388
1017,492,1509,0.1388
1018,499,1517,0.1388
1018,497,1515,0.1388
1019,500,1519,0.1388
1006,505,1511,0.1388
1008,506,1514,0.1388
984,512,1496,0.1388
986,513,1499,0.1388
997,515,1512,0.1388
1002,514,1516,0.1388
996,502,1498,0.1388
994,500,1494,0.1388
999,500,1499,0.1388
1001,504,1505,0.1388
1000,502,1502,0.1388
1000,506,1506,0.1388
995,510,1505,0.1388
1009,508,1517,0.1388
1007,504,1511,0.1388
991,508,1499,0.1388
988,512,1500,0.1388
986,516,1502,0.1388
984,517,1501,0.1388
979,519,1498,0.1388
975,516,1491,0.1388
977,513,1490,0.1388
979,518,1497,0.1388
983,523,1506,0.1388
974,525,1499,0.1388
975,525,1500,0.1388
969,528,1497,0.1388
973,531,1504,0.1388
982,529,1511,0.1388
979,528,1507,0.1388
980,533,1513,0.1388
962,524,1486,0.1388
964,520,1484,0.1388
963,526,1489,0.1388
961,530,1491,0.1388
973,538,1511,0.1388
971,532,1503,0.1388
972,537,1509,0.1388
969,539,1508,0.1388
964,541,1505,0.1388
957,541,1498,0.1388
968,535,1503,0.1388
950,539,1489,0.1388
935,544,1479,0.1388
927,545,1472,0.1388
927,544,1471,0.1388
945,550,1495,0.1388
943,558,1501,0.1388
945,553,1498,0.1388
951,550,1501,0.1388
960,545,1505,0.1388
962,549,1511,0.1388
966,548,1514,0.1388
957,556,1513,0.1388
955,559,1514,0.1388
959,561,1520,0.1388
941,560,1501,0.1388
947,560,1507,0.1388
939,557,1496,0.1388
945,561,1506,0.1388
935,560,1495,0.1388
944,558,1502,0.1388
949,566,1515,0.1388
954,562,1516,0.1388
951,563,1514,0.1388
951,560,1511,0.1388
955,555,1510,0.1388
955,558,1513,0.1388
948,558,1506,0.1388
951,555,1506,0.1388
946,556,1502,0.1388
940,560,1500,0.1388
932,557,1489,0.1388
944,561,1505,0.1388
930,558,1488,0.1388
929,561,1490,0.1388
932,566,1498,0.1388
931,568,1499,0.1388
927,562,1489,0.1388
934,568,1502,0.1388
930,563,1493,0.1388
918,561,1479,0.1388
919,563,1482,0.1388
920,568,1488,0.1388
926,571,1497,0.1388
931,568,1499,0.1388
931,560,1491,0.1388
919,566,1485,0.1388
934,575,1509,0.1388
929,578,1507,0.1388
935,581,1516,0.1388
928,583,1511,0.1388
924,580,1504,0.1388
917,584,1501,0.1388
913,588,1501,0.1388
914,582,1496,0.1388
918,579,1497,0.1388
926,570,1496,0.1388
934,570,1504,0.1388
948,565,1513,0.1388
932,577,1509,0.1388
921,587,1508,0.1388
929,580,1509,0.1388
936,572,1508,0.1388
916,573,1489,0.1388
915,567,1482,0.1388
911,566,1477,0.1388
916,569,1485,0.1388
923,583,1506,0.1388
935,573,1508,0.1388
932,577,1509,0.1388
934,578,1512,0.1388
928,579,1507,0.1388
925,580,1505,0.1388
923,583,1506,0.1388
912,576,1488,0.1388
916,585,1501,0.1388
919,579,1498,0.1388
904,580,1484,0.1388
917,573,1490,0.1388
919,569,1488,0.1388
925,577,1502,0.1388
914,573,1487,0.1388
921,576,1497,0.1388
918,575,1493,0.1388
912,576,1488,0.1388
906,582,1488,0.1388
895,589,1484,0.1388
900,595,1495,0.1388
904,592,1496,0.1388
901,592,1493,0.1388
900,595,1495,0.1388
899,598,1497,0.1388
898,597,1495,0.1388
904,599,1503,0.1388
907,600,1507,0.1388
903,595,1498,0.1388
908,589,1497,0.1388
920,597,1517,0.1388
907,589,1496,0.1388
899,588,1487,0.1388
901,589,1490,0.1388
904,594,1498,0.1388
907,597,1504,0.1388
912,600,1512,0.1388
897,591,1488,0.1388
902,595,1497,0.1388
897,592,1489,0.1388
892,606,1498,0.1388
895,601,1496,0.1388
896,605,1501,0.1388
901,597,1498,0.1388
901,612,1513,0.1388
901,603,1504,0.1388
900,608,1508,0.1388
896,613,1509,0.1388
885,619,1504,0.1388
886,614,1500,0.1388
890,606,1496,0.1388
889,612,1501,0.1388
889,614,1503,0.1388
889,608,1497,0.1388
893,606,1499,0.1388
893,613,1506,0.1388
902,617,1519,0.1388
893,601,1494,0.1388
886,594,1480,0.1388
888,597,1485,0.1388
885,607,1492,0.1388
899,604,1503,0.1388
891,614,1505,0.1388
899,622,1521,0.1388
891,632,1523,0.1388
892,631,1523,0.1388
883,621,1504,0.1388
885,617,1502,0.1388
892,626,1518,0.1388
879,632,1511,0.1388
882,627,1509,0.1388
884,629,1513,0.1388
876,637,1513,0.1388
871,638,1509,0.1388
871,637,1508,0.1388
875,630,1505,0.1388
880,624,1504,0.1388
878,633,1511,0.1388
874,631,1505,0.1388
869,636,1505,0.1388
883,633,1516,0.1388
885,635,1520,0.1388
890,628,1518,0.1388
888,626,1514,0.1388
892,628,1520,0.1388
879,622,1501,0.1388
870,629,1499,0.1388
866,631,1497,0.1388
864,637,1501,0.1388
866,636,1502,0.1388
876,624,1500,0.1388
884,610,1494,0.1388
889,610,1499,0.1388
872,610,1482,0.1388
863,612,1475,0.1388
860,614,1474,0.1388
868,622,1490,0.1388
877,613,1490,0.1388
874,620,1494,0.1388
870,614,1484,0.1388
877,616,1493,0.1388
888,626,1514,0.1388
880,633,1513,0.1388
875,628,1503,0.1388
875,627,1502,0.1388
869,625,1494,0.1388
863,630,1493,0.1388
869,630,1499,0.1388
884,627,1511,0.1388
885,636,1521,0.1388
881,642,1523,0.1388
876,639,1515,0.1388
863,641,1504,0.1388
853,641,1494,0.1388
852,637,1489,0.1388
864,641,1505,0.1388
865,653,1518,0.1388
870,655,1525,0.1388
863,664,1527,0.1388
865,663,1528,0.1388
850,664,1514,0.1388
844,660,1504,0.1388
839,661,1500,0.1388
843,665,1508,0.1388
841,664,1505,0.1388
837,664,1501,0.1388
834,674,1508,0.1388
837,670,1507,0.1388
836,674,1510,0.1388
830,679,1509,0.1388
828,667,1495,0.1388
818,670,1488,0.1388
836,678,1514,0.1388
814,689,1503,0.1388
822,679,1501,0.1388
823,685,1508,0.1388
829,685,1514,0.1388
833,693,1526,0.1388
833,687,1520,0.1388
828,683,1511,0.1388
818,689,1507,0.1388
828,680,1508,0.1388
823,682,1505,0.1388
817,679,1496,0.1388
823,673,1496,0.1388
827,677,1504,0.1388
828,679,1507,0.1388
825,673,1498,0.1388
818,675,1493,0.1388
813,689,1502,0.1388
810,685,1495,0.1388
818,692,1510,0.1388
815,694,1509,0.1388
816,696,1512,0.1388
819,691,1510,0.1388
816,674,1490,0.1388
817,667,1484,0.1388
811,679,1490,0.1388
805,670,1475,0.1388
803,677,1480,0.1388
811,676,1487,0.1388
812,679,1491,0.1388
813,684,1497,0.1388
818,688,1506,0.1388
820,685,1505,0.1388
821,687,1508,0.1388
817,689,1506,0.1388
823,676,1499,0.1388
826,682,1508,0.1388
822,680,1502,0.1388
822,679,1501,0.1388
829,682,1511,0.1388
819,673,1492,0.1388
827,681,1508,0.1388
830,684,1514,0.1388
827,685,1512,0.1388
826,680,1506,0.1388
818,680,1498,0.1388
822,686,1508,0.1388
823,687,1510,0.1388
827,691,1518,0.1388
823,690,1513,0.1388
822,687,1509,0.1388
817,686,1503,0.1388
815,678,1493,0.1388
814,686,1500,0.1388
812,696,1508,0.1388
806,695,1501,0.1388
801,687,1488,0.1388
800,705,1505,0.1388
802,704,1506,0.1388
806,698,1504,0.1388
812,709,1521,0.1388
803,714,1517,0.1388
791,721,1512,0.1388
783,723,1506,0.1388
785,719,1504,0.1388
786,706,1492,0.1388
787,705,1492,0.1388
789,709,1498,0.1388
791,702,1493,0.1388
797,701,1498,0.1388
794,713,1507,0.1388
773,721,1494,0.1388
754,718,1472,0.1388
760,725,1485,0.1388
764,721,1485,0.1388
762,722,1484,0.1388
770,726,1496,0.1388
763,739,1502,0.1388
773,735,1508,0.1388
776,734,1510,0.1388
777,739,1516,0.1388
771,745,1516,0.1388
770,739,1509,0.1388
762,737,1499,0.1388
765,736,1501,0.1388
763,739,1502,0.1388
762,748,1510,0.1388
766,749,1515,0.1388
769,752,1521,0.1388
764,751,1515,0.1388
758,752,1510,0.1388
757,751,1508,0.1388
754,749,1503,0.1388
748,758,1506,0.1388
744,754,1498,0.1388
736,761,1497,0.1388
739,760,1499,0.1388
742,759,1501,0.1388
738,776,1514,0.1388
739,781,1520,0.1388
734,778,1512,0.1388
729,774,1503,0.1388
725,770,1495,0.1388
729,777,1506,0.1388
724,785,1509,0.1388
724,785,1509,0.1388
729,786,1515,0.1388
726,786,1512,0.1388
731,788,1519,0.1388
721,793,1514,0.1388
718,794,1512,0.1388
720,789,1509,0.1388
715,781,1496,0.1388
710,788,1498,0.1388
704,787,1491,0.1388
696,789,1485,0.1388
700,783,1483,0.1388
707,783,1490,0.1388
709,791,1500,0.1388
715,800,1515,0.1388
716,803,1519,0.1388
709,803,1512,0.1388
704,800,1504,0.1388
705,799,1504,0.1388
711,809,1520,0.1388
717,808,1525,0.1388
714,813,1527,0.1388
709,811,1520,0.1388
702,810,1512,0.1388
706,803,1509,0.1388
702,801,1503,0.1388
698,807,1505,0.1388
685,804,1489,0.1388
689,796,1485,0.1388
694,802,1496,0.1388
690,815,1505,0.1388
676,821,1497,0.1388
681,837,1518,0.1388
686,834,1520,0.1388
687,828,1515,0.1388
685,822,1507,0.1388
691,831,1522,0.1388
680,840,1520,0.1388
681,838,1519,0.1388
684,827,1511,0.1388
680,824,1504,0.1388
694,816,1510,0.1388
691,815,1506,0.1388
704,817,1521,0.1388
705,814,1519,0.1388
697,819,1516,0.1388
703,816,1519,0.1388
701,809,1510,0.1388
707,819,1526,0.1388
694,821,1515,0.1388
700,808,1508,0.1388
697,798,1495,0.1388
697,810,1507,0.1388
688,809,1497,0.1388
685,818,1503,0.1388
693,818,1511,0.1388
692,825,1517,0.1388
688,822,1510,0.1388
678,829,1507,0.1388
675,825,1500,0.1388
680,831,1511,0.1388
680,828,1508,0.1388
682,825,1507,0.1388
673,836,1509,0.1388
677,846,1523,0.1388
670,840,1510,0.1388
660,850,1510,0.1388
664,843,1507,0.1388
674,844,1518,0.1388
677,850,1527,0.1388
670,856,1526,0.1388
662,860,1522,0.1388
662,857,1519,0.1388
658,854,1512,0.1388
660,856,1516,0.1388
662,846,1508,0.1388
653,840,1493,0.1388
650,843,1493,0.1388
653,845,1498,0.1388
655,835,1490,0.1388
654,835,1489,0.1388
655,849,1504,0.1388
652,852,1504,0.1388
661,851,1512,0.1388
662,850,1512,0.1388
656,850,1506,0.1388
655,856,1511,0.1388
651,865,1516,0.1388
642,870,1512,0.1388
650,855,1505,0.1388
658,842,1500,0.1388
661,843,1504,0.1388
655,843,1498,0.1388
659,850,1509,0.1388
661,856,1517,0.1388
659,843,1502,0.1388
653,841,1494,0.1388
659,848,1507,0.1388
653,842,1495,0.1388
649,855,1504,0.1388
637,864,1501,0.1388
635,868,1503,0.1388
635,867,1502,0.1388
633,866,1499,0.1388
635,866,1501,0.1388
629,875,1504,0.1388
630,878,1508,0.1388
621,878,1499,0.1388
626,890,1516,0.1388
618,900,1518,0.1388
620,898,1518,0.1388
611,899,1510,0.1388
611,903,1514,0.1388
607,908,1515,0.1388
617,900,1517,0.1388
618,901,1519,0.1388
608,896,1504,0.1388
607,895,1502,0.1388
612,895,1507,0.1388
610,889,1499,0.1388
607,891,1498,0.1388
605,893,1498,0.1388
605,897,1502,0.1388
598,899,1497,0.1388
595,902,1497,0.1388
595,906,1501,0.1388
601,914,1515,0.1388
592,911,1503,0.1388
589,918,1507,0.1388
580,921,1501,0.1388
584,935,1519,0.1388
578,935,1513,0.1388
581,931,1512,0.1388
582,927,1509,0.1388
590,925,1515,0.1388
588,916,1504,0.1388
586,925,1511,0.1388
582,937,1519,0.1388
576,936,1512,0.1388
585,929,1514,0.1388
592,924,1516,0.1388
589,929,1518,0.1388
594,928,1522,0.1388
595,925,1520,0.1388
591,927,1518,0.1388
587,924,1511,0.1388
585,918,1503,0.1388
585,907,1492,0.1388
576,917,1493,0.1388
573,918,1491,0.1388
577,923,1500,0.1388
579,927,1506,0.1388
577,923,1500,0.1388
581,926,1507,0.1388
581,926,1507,0.1388
584,926,1510,0.1388
588,926,1514,0.1388
583,932,1515,0.1388
573,931,1504,0.1388
571,933,1504,0.1388
575,932,1507,0.1388
573,939,1512,0.1388
575,948,1523,0.1388
573,934,1507,0.1388
564,948,1512,0.1388
556,948,1504,0.1388
555,942,1497,0.1388
559,951,1510,0.1388
567,953,1520,0.1388
563,945,1508,0.1388
558,948,1506,0.1388
565,942,1507,0.1388
567,945,1512,0.1388
562,955,1517,0.1388
563,958,1521,0.1388
569,958,1527,0.1388
574,954,1528,0.1388
565,952,1517,0.1388
570,958,1528,0.1388
565,958,1523,0.1388
557,959,1516,0.1388
566,958,1524,0.1388
561,953,1514,0.1388
561,956,1517,0.1388
562,943,1505,0.1388
557,935,1492,0.1388
555,941,1496,0.1388
557,948,1505,0.1388
545,957,1502,0.1388
541,963,1504,0.1388
550,960,1510,0.1388
549,964,1513,0.1388
554,974,1528,0.1388
552,969,1521,0.1388
553,968,1521,0.1388
551,966,1517,0.1388
554,963,1517,0.1388
552,958,1510,0.1388
542,958,1500,0.1388
539,955,1494,0.1388
537,969,1506,0.1388
534,970,1504,0.1388
536,972,1508,0.1388
544,966,1510,0.1388
546,963,1509,0.1388
541,967,1508,0.1388
541,968,1509,0.1388
537,964,1501,0.1388
535,967,1502,0.1388
539,964,1503,0.1388
544,970,1514,0.1388
550,967,1517,0.1388
544,962,1506,0.1388
550,958,1508,0.1388
546,962,1508,0.1388
548,961,1509,0.1388
549,962,1511,0.1388
547,969,1516,0.1388
542,973,1515,0.1388
540,975,1515,0.1388
535,969,1504,0.1388
539,970,1509,0.1388
541,964,1505,0.1388
545,971,1516,0.1388
536,979,1515,0.1388
533,981,1514,0.1388
532,989,1521,0.1388
529,985,1514,0.1388
527,984,1511,0.1388
527,989,1516,0.1388
532,986,1518,0.1388
534,984,1518,0.1388
526,976,1502,0.1388
532,971,1503,0.1388
538,970,1508,0.1388
541,980,1521,0.1388
535,981,1516,0.1388
535,989,1524,0.1388
524,992,1516,0.1388
527,996,1523,0.1388
529,998,1527,0.1388
519,996,1515,0.1388
517,1001,1518,0.1388
514,1004,1518,0.1388
518,998,1516,0.1388
514,989,1503,0.1388
516,984,1500,0.1388
509,995,1504,0.1388
510,1000,1510,0.1388
506,1005,1511,0.1388
496,1006,1502,0.1388
492,1001,1493,0.1388
495,1002,1497,0.1388
494,1001,1495,0.1388
494,1004,1498,0.1388
489,996,1485,0.1388
490,1003,1493,0.1388
491,1002,1493,0.1388
489,998,1487,0.1388
486,1001,1487,0.1388
485,1016,1501,0.1388
491,1005,1496,0.1388
492,1007,1499,0.1388
494,1014,1508,0.1388
495,1019,1514,0.1388
499,1011,1510,0.1388
502,1004,1506,0.1388
502,1011,1513,0.1388
497,1002,1499,0.1388
490,996,1486,0.1388
487,998,1485,0.1388
498,992,1490,0.1388
500,1012,1512,0.1388
499,1023,1522,0.1388
501,1016,1517,0.1388
512,1010,1522,0.1388
527,999,1526,0.1388
522,992,1514,0.1388
515,999,1514,0.1388
509,991,1500,0.1388
511,993,1504,0.1388
512,997,1509,0.1388
504,1001,1505,0.1388
507,1005,1512,0.1388
506,1008,1514,0.1388
502,1012,1514,0.1388
511,999,1510,0.1388
509,996,1505,0.1388
511,999,1510,0.1388
513,1001,1514,0.1388
509,1005,1514,0.1388
501,1014,1515,0.1388
499,1013,1512,0.1388
495,1016,1511,0.1388
504,1014,1518,0.1388
506,1019,1525,0.1388
493,1018,1511,0.1388
495,1018,1513,0.1388
497,1014,1511,0.1388
494,1026,1520,0.1388
498,1020,1518,0.1388
494,1026,1520,0.1388
493,1024,1517,0.1388
498,1022,1520,0.1388
493,1009,1502,0.1388
499,1006,1505,0.1388
493,1028,1521,0.1388
495,1017,1512,0.1388
497,1022,1519,0.1388
496,1022,1518,0.1388
500,1020,1520,0.1388
506,1019,1525,0.1388
509,1007,1516,0.1388
506,995,1501,0.1388
507,998,1505,0.1388
509,1005,1514,0.1388
498,1013,1511,0.1388
494,1009,1503,0.1388
494,1006,1500,0.1388
481,1012,1493,0.1388
485,1011,1496,0.1388
489,1025,1514,0.1388
483,1033,1516,0.1388
481,1037,1518,0.1388
482,1035,1517,0.1388
481,1032,1513,0.1388
478,1030,1508,0.1388
477,1036,1513,0.1388
472,1040,1512,0.1388
478,1040,1518,0.1388
476,1025,1501,0.1388
480,1035,1515,0.1388
468,1031,1499,0.1388
468,1026,1494,0.1388
474,1035,1509,0.1388
477,1051,1528,0.1388
468,1055,1523,0.1388
471,1057,1528,0.1388
464,1047,1511,0.1388
464,1043,1507,0.1388
467,1043,1510,0.1388
464,1053,1517,0.1388
462,1063,1525,0.1388
462,1055,1517,0.1388
460,1059,1519,0.1388
461,1056,1517,0.1388
459,1042,1501,0.1388
461,1041,1502,0.1388
461,1041,1502,0.1388
464,1042,1506,0.1388
467,1045,1512,0.1388
464,1035,1499,0.1388
467,1045,1512,0.1388
458,1049,1507,0.1388
457,1052,1509,0.1388
450,1065,1515,0.1388
445,1060,1505,0.1388
441,1060,1501,0.1388
442,1062,1504,0.1388
437,1077,1514,0.1388
442,1080,1522,0.1388
452,1079,1531,0.1388
452,1076,1528,0.1388
449,1076,1525,0.1388
450,1064,1514,0.1388
452,1070,1522,0.1388
448,1063,1511,0.1388
445,1074,1519,0.1388
444,1070,1514,0.1388
451,1071,1522,0.1388
444,1059,1503,0.1388
449,1066,1515,0.1388
452,1064,1516,0.1388
447,1063,1510,0.1388
441,1063,1504,0.1388
442,1064,1506,0.1388
451,1065,1516,0.1388
452,1070,1522,0.1388
449,1066,1515,0.1388
450,1066,1516,0.1388
451,1070,1521,0.1388
445,1066,1511,0.1388
456,1067,1523,0.1388
438,1070,1508,0.1388
435,1053,1488,0.1388
436,1051,1487,0.1388
432,1065,1497,0.1388
436,1077,1513,0.1388
439,1078,1517,0.1388
445,1065,1510,0.1388
441,1080,1521,0.1388
432,1077,1509,0.1388
433,1074,1507,0.1388
428,1082,1510,0.1388
431,1083,1514,0.1388
429,1089,1518,0.1388
430,1082,1512,0.1388
429,1089,1518,0.1388
424,1085,1509,0.1388
428,1080,1508,0.1388
429,1071,1500,0.1388
428,1062,1490,0.1388
434,1058,1492,0.1388
435,1064,1499,0.1388
440,1064,1504,0.1388
430,1068,1498,0.1388
433,1081,1514,0.1388
437,1065,1502,0.1388
437,1060,1497,0.1388
436,1067,1503,0.1388
442,1073,1515,0.1388
445,1074,1519,0.1388
449,1055,1504,0.1388
446,1063,1509,0.1388
445,1079,1524,0.1388
447,1075,1522,0.1388
450,1073,1523,0.1388
442,1079,1521,0.1388
440,1090,1530,0.1388
436,1080,1516,0.1388
438,1074,1512,0.1388
446,1077,1523,0.1388
441,1087,1528,0.1388
439,1096,1535,0.1388
443,1092,1535,0.1388
445,1087,1532,0.1388
442,1074,1516,0.1388
443,1069,1512,0.1388
439,1067,1506,0.1388
441,1059,1500,0.1388
442,1075,1517,0.1388
441,1074,1515,0.1388
434,1077,1511,0.1388
437,1077,1514,0.1388
435,1077,1512,0.1388
436,1077,1513,0.1388
437,1079,1516,0.1388
434,1066,1500,0.1388
439,1072,1511,0.1388
435,1065,1500,0.1388
433,1069,1502,0.1388
428,1079,1507,0.1388
418,1085,1503,0.1388
412,1091,1503,0.1388
414,1093,1507,0.1388
417,1095,1512,0.1388
413,1096,1509,0.1388
415,1097,1512,0.1388
414,1105,1519,0.1388
416,1101,1517,0.1388
423,1084,1507,0.1388
419,1091,1510,0.1388
418,1090,1508,0.1388
417,1094,1511,0.1388
413,1087,1500,0.1388
412,1087,1499,0.1388
409,1105,1514,0.1388
410,1104,1514,0.1388
403,1123,1526,0.1388
403,1116,1519,0.1388
407,1114,1521,0.1388
405,1105,1510,0.1388
406,1096,1502,0.1388
403,1095,1498,0.1388
407,1095,1502,0.1388
406,1098,1504,0.1388
407,1105,1512,0.1388
405,1103,1508,0.1388
407,1093,1500,0.1388
399,1103,1502,0.1388
398,1112,1510,0.1388
396,1099,1495,0.1388
388,1095,1483,0.1388
391,1102,1493,0.1388
382,1110,1492,0.1388
386,1116,1502,0.1388
391,1114,1505,0.1388
386,1109,1495,0.1388
382,1109,1491,0.1388
382,1112,1494,0.1388
376,1125,1501,0.1388
383,1120,1503,0.1388
383,1124,1507,0.1388
382,1116,1498,0.1388
378,1123,1501,0.1388
379,1108,1487,0.1388
376,1117,1493,0.1388
384,1124,1508,0.1388
381,1137,1518,0.1388
387,1132,1519,0.1388
379,1138,1517,0.1388
373,1123,1496,0.1388
372,1123,1495,0.1388
370,1127,1497,0.1388
362,1133,1495,0.1388
360,1147,1507,0.1388
360,1150,1510,0.1388
355,1154,1509,0.1388
355,1154,1509,0.1388
356,1148,1504,0.1388
355,1157,1512,0.1388
357,1160,1517,0.1388
352,1156,1508,0.1388
355,1149,1504,0.1388
353,1142,1495,0.1388
356,1155,1511,0.1388
360,1161,1521,0.1388
353,1156,1509,0.1388
355,1164,1519,0.1388
350,1164,1514,0.1388
346,1159,1505,0.1388
338,1170,1508,0.1388
334,1177,1511,0.1388
336,1181,1517,0.1388
339,1168,1507,0.1388
339,1170,1509,0.1388
339,1169,1508,0.1388
343,1168,1511,0.1388
342,1164,1506,0.1388
345,1166,1511,0.1388
345,1159,1504,0.1388
351,1156,1507,0.1388
348,1149,1497,0.1388
354,1161,1515,0.1388
352,1143,1495,0.1388
348,1152,1500,0.1388
353,1153,1506,0.1388
356,1143,1499,0.1388
361,1143,1504,0.1388
359,1151,1510,0.1388
358,1147,1505,0.1388
357,1146,1503,0.1388
356,1154,1510,0.1388
353,1146,1499,0.1388
347,1137,1484,0.1388
353,1150,1503,0.1388
347,1143,1490,0.1388
347,1154,1501,0.1388
350,1152,1502,0.1388
348,1152,1500,0.1388
349,1157,1506,0.1388
344,1154,1498,0.1388
345,1161,1506,0.1388
342,1154,1496,0.1388
340,1156,1496,0.1388
348,1169,1517,0.1388
344,1162,1506,0.1388
342,1163,1505,0.1388
343,1154,1497,0.1388
344,1160,1504,0.1388
341,1157,1498,0.1388
344,1166,1510,0.1388
346,1173,1519,0.1388
345,1159,1504,0.1388
341,1168,1509,0.1388
339,1166,1505,0.1388
334,1167,1501,0.1388
343,1164,1507,0.1388
342,1167,1509,0.1388
339,1166,1505,0.1388
347,1169,1516,0.1388
352,1166,1518,0.1388
353,1173,1526,0.1388
351,1169,1520,0.1388
347,1172,1519,0.1388
349,1161,1510,0.1388
345,1168,1513,0.1388
339,1175,1514,0.1388
342,1179,1521,0.1388
347,1178,1525,0.1388
344,1176,1520,0.1388
345,1181,1526,0.1388
339,1184,1523,0.1388
338,1166,1504,0.1388
336,1172,1508,0.1388
335,1173,1508,0.1388
346,1173,1519,0.1388
344,1177,1521,0.1388
340,1176,1516,0.1388
340,1174,1514,0.1388
341,1187,1528,0.1388
335,1171,1506,0.1388
331,1176,1507,0.1388
330,1177,1507,0.1388
330,1169,1499,0.1388
328,1173,1501,0.1388
329,1173,1502,0.1388
327,1172,1499,0.1388
325,1173,1498,0.1388
323,1164,1487,0.1388
328,1168,1496,0.1388
329,1186,1515,0.1388
322,1187,1509,0.1388
327,1187,1514,0.1388
328,1191,1519,0.1388
328,1199,1527,0.1388
332,1190,1522,0.1388
329,1199,1528,0.1388
328,1197,1525,0.1388
334,1179,1513,0.1388
331,1183,1514,0.1388
328,1182,1510,0.1388
332,1186,1518,0.1388
333,1181,1514,0.1388
333,1187,1520,0.1388
329,1184,1513,0.1388
327,1182,1509,0.1388
325,1189,1514,0.1388
324,1189,1513,0.1388
321,1188,1509,0.1388
319,1177,1496,0.1388
326,1187,1513,0.1388
332,1187,1519,0.1388
326,1197,1523,0.1388
329,1180,1509,0.1388
324,1184,1508,0.1388
325,1186,1511,0.1388
322,1183,1505,0.1388
323,1183,1506,0.1388
323,1201,1524,0.1388
316,1206,1522,0.1388
320,1200,1520,0.1388
323,1201,1524,0.1388
314,1199,1513,0.1388
313,1201,1514,0.1388
309,1196,1505,0.1388
310,1179,1489,0.1388
315,1180,1495,0.1388
310,1204,1514,0.1388
311,1198,1509,0.1388
308,1208,1516,0.1388
308,1211,1519,0.1388
302,1202,1504,0.1388
304,1213,1517,0.1388
299,1216,1515,0.1388
301,1222,1523,0.1388
295,1212,1507,0.1388
299,1213,1512,0.1388
298,1211,1509,0.1388
298,1213,1511,0.1388
302,1216,1518,0.1388
301,1230,1531,0.1388
304,1216,1520,0.1388
304,1209,1513,0.1388
298,1200,1498,0.1388
300,1208,1508,0.1388
295,1215,1510,0.1388
292,1220,1512,0.1388
295,1219,1514,0.1388
296,1216,1512,0.1388
296,1209,1505,0.1388
301,1216,1517,0.1388
298,1224,1522,0.1388
298,1214,1512,0.1388
292,1214,1506,0.1388
297,1214,1511,0.1388
300,1213,1513,0.1388
303,1203,1506,0.1388
301,1206,1507,0.1388
296,1203,1499,0.1388
305,1189,1494,0.1388
311,1195,1506,0.1388
312,1207,1519,0.1388
309,1205,1514,0.1388
307,1208,1515,0.1388
311,1203,1514,0.1388
307,1213,1520,0.1388
308,1204,1512,0.1388
307,1203,1510,0.1388
309,1200,1509,0.1388
306,1204,1510,0.1388
297,1192,1489,0.1388
300,1201,1501,0.1388
296,1206,1502,0.1388
296,1209,1505,0.1388
291,1193,1484,0.1388
293,1190,1483,0.1388
298,1204,1502,0.1388
292,1212,1504,0.1388
296,1204,1500,0.1388
299,1200,1499,0.1388
298,1207,1505,0.1388
301,1199,1500,0.1388
296,1200,1496,0.1388
288,1209,1497,0.1388
289,1207,1496,0.1388
285,1218,1503,0.1388
283,1232,1515,0.1388
288,1230,1518,0.1388
289,1226,1515,0.1388
285,1221,1506,0.1388
284,1230,1514,0.1388
283,1231,1514,0.1388
276,1241,1517,0.1388
279,1248,1527,0.1388
271,1243,1514,0.1388
268,1241,1509,0.1388
273,1248,1521,0.1388
282,1245,1527,0.1388
277,1260,1537,0.1388
270,1259,1529,0.1388
269,1259,1528,0.1388
270,1241,1511,0.1388
274,1235,1509,0.1388
273,1244,1517,0.1388
272,1230,1502,0.1388
269,1235,1504,0.1388
265,1230,1495,0.1388
268,1218,1486,0.1388
269,1242,1511,0.1388
270,1242,1512,0.1388
269,1238,1507,0.1388
270,1248,1518,0.1388
266,1238,1504,0.1388
268,1236,1504,0.1388
263,1243,1506,0.1388
258,1245,1503,0.1388
256,1251,1507,0.1388
254,1253,1507,0.1388
256,1257,1513,0.1388
258,1260,1518,0.1388
260,1259,1519,0.1388
263,1252,1515,0.1388
263,1257,1520,0.1388
263,1256,1519,0.1388
264,1257,1521,0.1388
267,1250,1517,0.1388
270,1246,1516,0.1388
268,1251,1519,0.1388
268,1264,1532,0.1388
263,1258,1521,0.1388
262,1257,1519,0.1388
263,1268,1531,0.1388
259,1264,1523,0.1388
256,1250,1506,0.1388
255,1254,1509,0.1388
254,1266,1520,0.1388
257,1265,1522,0.1388
260,1268,1528,0.1388
258,1261,1519,0.1388
260,1260,1520,0.1388
259,1264,1523,0.1388
259,1263,1522,0.1388
257,1250,1507,0.1388
255,1238,1493,0.1388
258,1249,1507,0.1388
255,1256,1511,0.1388
261,1266,1527,0.1388
263,1265,1528,0.1388
257,1257,1514,0.1388
261,1259,1520,0.1388
257,1265,1522,0.1388
251,1254,1505,0.1388
247,1250,1497,0.1388
246,1249,1495,0.1388
246,1268,1514,0.1388
248,1265,1513,0.1388
253,1271,1524,0.1388
253,1259,1512,0.1388
247,1257,1504,0.1388
247,1262,1509,0.1388
247,1268,1515,0.1388
245,1278,1523,0.1388
248,1271,1519,0.1388
245,1275,1520,0.1388
244,1278,1522,0.1388
248,1279,1527,0.1388
244,1277,1521,0.1388
238,1278,1516,0.1388
239,1279,1518,0.1388
234,1275,1509,0.1388
242,1266,1508,0.1388
241,1268,1509,0.1388
242,1273,1515,0.1388
242,1263,1505,0.1388
243,1262,1505,0.1388
246,1259,1505,0.1388
242,1269,1511,0.1388
241,1270,1511,0.1388
237,1266,1503,0.1388
238,1280,1518,0.1388
239,1297,1536,0.1388
243,1289,1532,0.1388
241,1283,1524,0.1388
237,1275,1512,0.1388
238,1271,1509,0.1388
239,1263,1502,0.1388
237,1260,1497,0.1388
238,1264,1502,0.1388
237,1270,1507,0.1388
233,1289,1522,0.1388
234,1283,1517,0.1388
236,1288,1524,0.1388
238,1280,1518,0.1388
238,1290,1528,0.1388
238,1283,1521,0.1388
235,1279,1514,0.1388
233,1281,1514,0.1388
234,1277,1511,0.1388
231,1279,1510,0.1388
233,1282,1515,0.1388
234,1292,1526,0.1388
237,1286,1523,0.1388
236,1277,1513,0.1388
235,1287,1522,0.1388
234,1288,1522,0.1388
234,1283,1517,0.1388
233,1278,1511,0.1388
230,1271,1501,0.1388
230,1264,1494,0.1388
232,1281,1513,0.1388
232,1282,1514,0.1388
228,1271,1499,0.1388
226,1275,1501,0.1388
225,1281,1506,0.1388
224,1283,1507,0.1388
228,1267,1495,0.1388
229,1277,1506,0.1388
233,1278,1511,0.1388
231,1278,1509,0.1388
227,1274,1501,0.1388
229,1280,1509,0.1388
227,1271,1498,0.1388
227,1267,1494,0.1388
232,1269,1501,0.1388
235,1278,1513,0.1388
235,1285,1520,0.1388
233,1281,1514,0.1388
228,1290,1518,0.1388
234,1289,1523,0.1388
233,1288,1521,0.1388
234,1289,1523,0.1388
227,1277,1504,0.1388
236,1279,1515,0.1388
235,1294,1529,0.1388
231,1285,1516,0.1388
233,1270,1503,0.1388
233,1285,1518,0.1388
233,1299,1532,0.1388
223,1294,1517,0.1388
218,1298,1516,0.1388
220,1299,1519,0.1388
215,1288,1503,0.1388
212,1281,1493,0.1388
211,1273,1484,0.1388
206,1281,1487,0.1388
206,1283,1489,0.1388
205,1298,1503,0.1388
204,1290,1494,0.1388
207,1297,1504,0.1388
207,1296,1503,0.1388
209,1308,1517,0.1388
209,1313,1522,0.1388
206,1310,1516,0.1388
211,1326,1537,0.1388
210,1319,1529,0.1388
212,1323,1535,0.1388
209,1331,1540,0.1388
206,1321,1527,0.1388
202,1322,1524,0.1388
198,1310,1508,0.1388
194,1316,1510,0.1388
191,1322,1513,0.1388
194,1331,1525,0.1388
198,1316,1514,0.1388
196,1313,1509,0.1388
195,1321,1516,0.1388
192,1319,1511,0.1388
190,1319,1509,0.1388
192,1323,1515,0.1388
189,1329,1518,0.1388
185,1332,1517,0.1388
183,1335,1518,0.1388
184,1323,1507,0.1388
190,1311,1501,0.1388
186,1313,1499,0.1388
188,1330,1518,0.1388
192,1322,1514,0.1388
192,1326,1518,0.1388
195,1333,1528,0.1388
193,1333,1526,0.1388
188,1343,1531,0.1388
187,1342,1529,0.1388
187,1326,1513,0.1388
193,1316,1509,0.1388
191,1329,1520,0.1388
191,1335,1526,0.1388
191,1327,1518,0.1388
188,1324,1512,0.1388
187,1329,1516,0.1388
185,1334,1519,0.1388
186,1328,1514,0.1388
186,1313,1499,0.1388
181,1302,1483,0.1388
182,1312,1494,0.1388
183,1322,1505,0.1388
185,1327,1512,0.1388
186,1334,1520,0.1388
187,1330,1517,0.1388
187,1335,1522,0.1388
183,1331,1514,0.1388
183,1329,1512,0.1388
182,1327,1509,0.1388
182,1335,1517,0.1388
183,1334,1517,0.1388
180,1353,1533,0.1388
180,1342,1522,0.1388
179,1332,1511,0.1388
176,1339,1515,0.1388
176,1337,1513,0.1388
178,1334,1512,0.1388
179,1337,1516,0.1388
185,1335,1520,0.1388
179,1341,1520,0.1388
176,1340,1516,0.1388
171,1342,1513,0.1388
167,1349,1516,0.1388
169,1342,1511,0.1388
172,1346,1518,0.1388
168,1351,1519,0.1388
169,1360,1529,0.1388
171,1339,1510,0.1388
170,1347,1517,0.1388
166,1352,1518,0.1388
172,1351,1523,0.1388
172,1355,1527,0.1388
168,1349,1517,0.1388
167,1347,1514,0.1388
170,1327,1497,0.1388
176,1338,1514,0.1388
182,1334,1516,0.1388
184,1335,1519,0.1388
181,1337,1518,0.1388
180,1337,1517,0.1388
172,1340,1512,0.1388
174,1344,1518,0.1388
174,1330,1504,0.1388
174,1336,1510,0.1388
174,1336,1510,0.1388
171,1340,1511,0.1388
170,1349,1519,0.1388
171,1354,1525,0.1388
171,1359,1530,0.1388
170,1347,1517,0.1388
170,1343,1513,0.1388
168,1346,1514,0.1388
172,1346,1518,0.1388
167,1345,1512,0.1388
164,1339,1503,0.1388
162,1342,1504,0.1388
163,1346,1509,0.1388
164,1347,1511,0.1388
160,1359,1519,0.1388
159,1355,1514,0.1388
159,1357,1516,0.1388
158,1350,1508,0.1388
155,1355,1510,0.1388
157,1351,1508,0.1388
161,1355,1516,0.1388
159,1352,1511,0.1388
159,1338,1497,0.1388
158,1341,1499,0.1388
159,1347,1506,0.1388
158,1355,1513,0.1388
160,1362,1522,0.1388
160,1359,1519,0.1388
158,1345,1503,0.1388
159,1350,1509,0.1388
159,1350,1509,0.1388
158,1349,1507,0.1388
150,1346,1496,0.1388
151,1357,1508,0.1388
151,1356,1507,0.1388
150,1368,1518,0.1388
146,1360,1506,0.1388
144,1353,1497,0.1388
142,1346,1488,0.1388
131,1366,1497,0.1388
136,1362,1498,0.1388
141,1376,1517,0.1388
146,1375,1521,0.1388
143,1381,1524,0.1388
148,1379,1527,0.1388
148,1377,1525,0.1388
146,1370,1516,0.1388
145,1371,1516,0.1388
145,1376,1521,0.1388
144,1373,1517,0.1388
144,1371,1515,0.1388
141,1372,1513,0.1388
138,1363,1501,0.1388
138,1362,1500,0.1388
141,1372,1513,0.1388
145,1359,1504,0.1388
142,1362,1504,0.1388
141,1358,1499,0.1388
145,1365,1510,0.1388
147,1367,1514,0.1388
145,1366,1511,0.1388
148,1362,1510,0.1388
146,1353,1499,0.1388
145,1357,1502,0.1388
143,1362,1505,0.1388
140,1368,1508,0.1388
135,1371,1506,0.1388
137,1376,1513,0.1388
138,1384,1522,0.1388
139,1370,1509,0.1388
135,1373,1508,0.1388
137,1376,1513,0.1388
136,1380,1516,0.1388
133,1375,1508,0.1388
137,1375,1512,0.1388
139,1380,1519,0.1388
142,1379,1521,0.1388
141,1368,1509,0.1388
144,1372,1516,0.1388
146,1369,1515,0.1388
145,1373,1518,0.1388
143,1365,1508,0.1388
144,1363,1507,0.1388
145,1353,1498,0.1388
144,1356,1500,0.1388
142,1357,1499,0.1388
140,1365,1505,0.1388
141,1363,1504,0.1388
142,1364,1506,0.1388
141,1376,1517,0.1388
140,1372,1512,0.1388
145,1373,1518,0.1388
141,1380,1521,0.1388
138,1375,1513,0.1388
141,1376,1517,0.1388
137,1375,1512,0.1388
137,1363,1500,0.1388
139,1380,1519,0.1388
138,1380,1518,0.1388
138,1387,1525,0.1388
143,1377,1520,0.1388
140,1373,1513,0.1388
140,1376,1516,0.1388
134,1377,1511,0.1388
131,1385,1516,0.1388
138,1370,1508,0.1388
136,1383,1519,0.1388
134,1391,1525,0.1388
132,1381,1513,0.1388
134,1381,1515,0.1388
137,1386,1523,0.1388
138,1389,1527,0.1388
135,1384,1519,0.1388
135,1385,1520,0.1388
137,1386,1523,0.1388
138,1383,1521,0.1388
141,1380,1521,0.1388
141,1380,1521,0.1388
139,1379,1518,0.1388
138,1362,1500,0.1388
137,1363,1500,0.1388
135,1352,1487,0.1388
136,1367,1503,0.1388
135,1373,1508,0.1388
138,1368,1506,0.1388
138,1370,1508,0.1388
139,1361,1500,0.1388
140,1353,1493,0.1388
139,1365,1504,0.1388
138,1374,1512,0.1388
138,1374,1512,0.1388
134,1373,1507,0.1388
135,1372,1507,0.1388
135,1374,1509,0.1388
131,1383,1514,0.1388
133,1375,1508,0.1388
135,1374,1509,0.1388
134,1380,1514,0.1388
135,1378,1513,0.1388
140,1384,1524,0.1388
136,1380,1516,0.1388
138,1384,1522,0.1388
136,1391,1527,0.1388
134,1397,1531,0.1388
130,1388,1518,0.1388
131,1388,1519,0.1388
126,1379,1505,0.1388
126,1376,1502,0.1388
127,1383,1510,0.1388
124,1379,1503,0.1388
129,1384,1513,0.1388
126,1377,1503,0.1388
127,1378,1505,0.1388
131,1390,1521,0.1388
127,1383,1510,0.1388
126,1380,1506,0.1388
130,1378,1508,0.1388
131,1388,1519,0.1388
129,1376,1505,0.1388
129,1374,1503,0.1388
132,1372,1504,0.1388
129,1371,1500,0.1388
129,1360,1489,0.1388
129,1366,1495,0.1388
131,1371,1502,0.1388
133,1350,1483,0.1388
132,1351,1483,0.1388
131,1363,1494,0.1388
132,1372,1504,0.1388
132,1377,1509,0.1388
131,1382,1513,0.1388
130,1387,1517,0.1388
127,1389,1516,0.1388
127,1402,1529,0.1388
129,1403,1532,0.1388
126,1391,1517,0.1388
127,1386,1513,0.1388
121,1381,1502,0.1388
124,1387,1511,0.1388
126,1391,1517,0.1388
130,1392,1522,0.1388
130,1381,1511,0.1388
130,1386,1516,0.1388
134,1389,1523,0.1388
128,1391,1519,0.1388
127,1381,1508,0.1388
124,1382,1506,0.1388
124,1404,1528,0.1388
126,1404,1530,0.1388
124,1400,1524,0.1388
123,1401,1524,0.1388
124,1393,1517,0.1388
124,1390,1514,0.1388
120,1389,1509,0.1388
120,1377,1497,0.1388
124,1380,1504,0.1388
122,1397,1519,0.1388
117,1401,1518,0.1388
117,1406,1523,0.1388
118,1397,1515,0.1388
117,1388,1505,0.1388
118,1387,1505,0.1388
123,1388,1511,0.1388
125,1405,1530,0.1388
123,1398,1521,0.1388
126,1396,1522,0.1388
125,1399,1524,0.1388
121,1402,1523,0.1388
119,1398,1517,0.1388
123,1398,1521,0.1388
125,1387,1512,0.1388
125,1384,1509,0.1388
124,1392,1516,0.1388
121,1390,1511,0.1388
119,1398,1517,0.1388
120,1407,1527,0.1388
119,1402,1521,0.1388
114,1400,1514,0.1388
115,1400,1515,0.1388
109,1397,1506,0.1388
112,1386,1498,0.1388
111,1387,1498,0.1388
114,1403,1517,0.1388
112,1413,1525,0.1388
113,1401,1514,0.1388
113,1396,1509,0.1388
111,1403,1514,0.1388
109,1404,1513,0.1388
109,1388,1497,0.1388
111,1394,1505,0.1388
112,1387,1499,0.1388
112,1389,1501,0.1388
114,1398,1512,0.1388
112,1407,1519,0.1388
110,1410,1520,0.1388
111,1400,1511,0.1388
115,1401,1516,0.1388
120,1404,1524,0.1388
118,1379,1497,0.1388
118,1395,1513,0.1388
120,1405,1525,0.1388
120,1399,1519,0.1388
123,1397,1520,0.1388
122,1394,1516,0.1388
120,1402,1522,0.1388
117,1401,1518,0.1388
117,1412,1529,0.1388
116,1410,1526,0.1388
115,1418,1533,0.1388
119,1413,1532,0.1388
119,1414,1533,0.1388
119,1413,1532,0.1388
116,1396,1512,0.1388
115,1402,1517,0.1388
116,1416,1532,0.1388
115,1406,1521,0.1388
115,1406,1521,0.1388
114,1403,1517,0.1388
113,1412,1525,0.1388
111,1417,1528,0.1388
110,1394,1504,0.1388
110,1396,1506,0.1388
112,1400,1512,0.1388
107,1401,1508,0.1388
105,1397,1502,0.1388
110,1382,1492,0.1388
109,1385,1494,0.1388
110,1389,1499,0.1388
108,1401,1509,0.1388
112,1403,1515,0.1388
113,1401,1514,0.1388
115,1389,1504,0.1388
114,1388,1502,0.1388
115,1404,1519,0.1388
118,1416,1534,0.1388
116,1413,1529,0.1388
114,1408,1522,0.1388
115,1412,1527,0.1388
111,1413,1524,0.1388
113,1409,1522,0.1388
112,1415,1527,0.1388
113,1410,1523,0.1388
111,1404,1515,0.1388
113,1397,1510,0.1388
111,1399,1510,0.1388
113,1411,1524,0.1388
113,1417,1530,0.1388
110,1416,1526,0.1388
109,1409,1518,0.1388
106,1399,1505,0.1388
104,1401,1505,0.1388
107,1399,1506,0.1388
106,1404,1510,0.1388
107,1408,1515,0.1388
105,1415,1520,0.1388
105,1413,1518,0.1388
107,1411,1518,0.1388
106,1409,1515,0.1388
105,1413,1518,0.1388
103,1416,1519,0.1388
103,1402,1505,0.1388
107,1404,1511,0.1388
108,1402,1510,0.1388
112,1408,1520,0.1388
112,1413,1525,0.1388
113,1408,1521,0.1388
113,1406,1519,0.1388
114,1402,1516,0.1388
112,1398,1510,0.1388
107,1402,1509,0.1388
104,1399,1503,0.1388
105,1376,1481,0.1388
105,1384,1489,0.1388
105,1389,1494,0.1388
107,1399,1506,0.1388
109,1410,1519,0.1388
109,1408,1517,0.1388
110,1395,1505,0.1388
109,1411,1520,0.1388
107,1412,1519,0.1388
108,1405,1513,0.1388
110,1417,1527,0.1388
109,1413,1522,0.1388
110,1421,1531,0.1388
110,1416,1526,0.1388
110,1409,1519,0.1388
111,1409,1520,0.1388
110,1408,1518,0.1388
108,1403,1511,0.1388
105,1398,1503,0.1388
105,1391,1496,0.1388
105,1380,1485,0.1388
108,1397,1505,0.1388
110,1403,1513,0.1388
115,1396,1511,0.1388
113,1388,1501,0.1388
113,1390,1503,0.1388
112,1400,1512,0.1388
112,1410,1522,0.1388
108,1401,1509,0.1388
111,1411,1522,0.1388
112,1405,1517,0.1388
109,1400,1509,0.1388
114,1402,1516,0.1388
113,1404,1517,0.1388
113,1391,1504,0.1388
113,1402,1515,0.1388
111,1410,1521,0.1388
108,1400,1508,0.1388
109,1396,1505,0.1388
107,1397,1504,0.1388
105,1398,1503,0.1388
104,1404,1508,0.1388
103,1409,1512,0.1388
104,1417,1521,0.1388
109,1412,1521,0.1388
110,1407,1517,0.1388
113,1406,1519,0.1388
107,1411,1518,0.1388
108,1416,1524,0.1388
107,1414,1521,0.1388
107,1418,1525,0.1388
109,1420,1529,0.1388
107,1417,1524,0.1388
106,1411,1517,0.1388
109,1407,1516,0.1388
107,1403,1510,0.1388
105,1409,1514,0.1388
111,1407,1518,0.1388
111,1402,1513,0.1388
109,1387,1496,0.1388
113,1394,1507,0.1388
112,1401,1513,0.1388
109,1399,1508,0.1388
111,1404,1515,0.1388
108,1400,1508,0.1388
112,1398,1510,0.1388
112,1403,1515,0.1388
109,1407,1516,0.1388
112,1401,1513,0.1388
109,1391,1500,0.1388
109,1392,1501,0.1388
109,1399,1508,0.1388
111,1413,1524,0.1388
108,1404,1512,0.1388
108,1403,1511,0.1388
107,1412,1519,0.1388
106,1396,1502,0.1388
104,1402,1506,0.1388
105,1406,1511,0.1388
101,1399,1500,0.1388
103,1403,1506,0.1388
106,1390,1496,0.1388
106,1386,1492,0.1388
106,1391,1497,0.1388
107,1401,1508,0.1388
104,1403,1507,0.1388
106,1418,1524,0.1388
109,1418,1527,0.1388
109,1406,1515,0.1388
109,1398,1507,0.1388
109,1405,1514,0.1388
108,1400,1508,0.1388
111,1413,1524,0.1388
112,1409,1521,0.1388
110,1407,1517,0.1388
111,1413,1524,0.1388
115,1398,1513,0.1388
114,1401,1515,0.1388
111,1396,1507,0.1388
112,1403,1515,0.1388
112,1411,1523,0.1388
112,1413,1525,0.1388
112,1409,1521,0.1388
112,1413,1525,0.1388
109,1414,1523,0.1388
109,1415,1524,0.1388
106,1419,1525,0.1388
106,1406,1512,0.1388
106,1407,1513,0.1388
107,1412,1519,0.1388
109,1420,1529,0.1388
111,1418,1529,0.1388
112,1420,1532,0.1388
113,1414,1527,0.1388
109,1403,1512,0.1388
109,1397,1506,0.1388
112,1401,1513,0.1388
108,1407,1515,0.1388
110,1411,1521,0.1388
110,1411,1521,0.1388
113,1413,1526,0.1388
112,1406,1518,0.1388
111,1411,1522,0.1388
109,1405,1514,0.1388
104,1401,1505,0.1388
106,1400,1506,0.1388
108,1393,1501,0.1388
109,1397,1506,0.1388
105,1405,1510,0.1388
105,1416,1521,0.1388
105,1411,1516,0.1388
105,1417,1522,0.1388
105,1403,1508,0.1388
102,1405,1507,0.1388
107,1404,1511,0.1388
108,1402,1510,0.1388
103,1400,1503,0.1388
97,1404,1501,0.1388
99,1394,1493,0.1388
100,1404,1504,0.1388
102,1396,1498,0.1388
101,1407,1508,0.1388
104,1410,1514,0.1388
104,1403,1507,0.1388
105,1397,1502,0.1388
105,1398,1503,0.1388
105,1415,1520,0.1388
101,1426,1527,0.1388
103,1417,1520,0.1388
103,1409,1512,0.1388
104,1397,1501,0.1388
105,1403,1508,0.1388
103,1411,1514,0.1388
102,1415,1517,0.1388
104,1414,1518,0.1388
101,1425,1526,0.1388
100,1414,1514,0.1388
99,1417,1516,0.1388
98,1426,1524,0.1388
97,1423,1520,0.1388
103,1433,1536,0.1388
108,1427,1535,0.1388
108,1426,1534,0.1388
108,1419,1527,0.1388
105,1412,1517,0.1388
105,1408,1513,0.1388
104,1404,1508,0.1388
103,1404,1507,0.1388
102,1386,1488,0.1388
103,1398,1501,0.1388
101,1406,1507,0.1388
99,1413,1512,0.1388
103,1414,1517,0.1388
103,1416,1519,0.1388
107,1418,1525,0.1388
107,1414,1521,0.1388
105,1402,1507,0.1388
107,1402,1509,0.1388
105,1398,1503,0.1388
106,1408,1514,0.1388
103,1408,1511,0.1388
104,1410,1514,0.1388
108,1399,1507,0.1388
107,1401,1508,0.1388
103,1398,1501,0.1388
104,1399,1503,0.1388
106,1408,1514,0.1388
106,1403,1509,0.1388
105,1397,1502,0.1388
107,1399,1506,0.1388
109,1404,1513,0.1388
109,1406,1515,0.1388
107,1401,1508,0.1388
107,1414,1521,0.1388
103,1411,1514,0.1388
104,1405,1509,0.1388
106,1403,1509,0.1388
104,1412,1516,0.1388
107,1408,1515,0.1388
109,1408,1517,0.1388
110,1410,1520,0.1388
108,1392,1500,0.1388
107,1396,1503,0.1388
111,1393,1504,0.1388
110,1385,1495,0.1388
111,1393,1504,0.1388
113,1410,1523,0.1388
113,1397,1510,0.1388
114,1405,1519,0.1388
110,1393,1503,0.1388
111,1398,1509,0.1388
112,1400,1512,0.1388
112,1407,1519,0.1388
110,1412,1522,0.1388
107,1410,1517,0.1388
106,1408,1514,0.1388
107,1407,1514,0.1388
108,1396,1504,0.1388
105,1401,1506,0.1388
106,1405,1511,0.1388
103,1407,1510,0.1388
102,1405,1507,0.1388
98,1393,1491,0.1388
101,1399,1500,0.1388
100,1401,1501,0.1388
105,1400,1505,0.1388
107,1395,1502,0.1388
106,1407,1513,0.1388
106,1415,1521,0.1388
107,1413,1520,0.1388
105,1419,1524,0.1388
104,1419,1523,0.1388
100,1415,1515,0.1388
103,1419,1522,0.1388
102,1420,1522,0.1388
101,1429,1530,0.1388
95,1422,1517,0.1388
95,1422,1517,0.1388
95,1425,1520,0.1388
96,1431,1527,0.1388
94,1427,1521,0.1388
92,1428,1520,0.1388
93,1415,1508,0.1388
91,1423,1514,0.1388
89,1426,1515,0.1388
91,1433,1524,0.1388
92,1424,1516,0.1388
92,1418,1510,0.1388
90,1419,1509,0.1388
88,1420,1508,0.1388
88,1421,1509,0.1388
89,1419,1508,0.1388
88,1435,1523,0.1388
86,1436,1522,0.1388
86,1429,1515,0.1388
85,1440,1525,0.1388
86,1445,1531,0.1388
83,1447,1530,0.1388
86,1435,1521,0.1388
80,1426,1506,0.1388
77,1430,1507,0.1388
76,1439,1515,0.1388
78,1434,1512,0.1388
76,1439,1515,0.1388
78,1443,1521,0.1388
78,1453,1531,0.1388
76,1456,1532,0.1388
76,1451,1527,0.1388
78,1446,1524,0.1388
76,1443,1519,0.1388
78,1445,1523,0.1388
76,1443,1519,0.1388
79,1452,1531,0.1388
78,1446,1524,0.1388
76,1455,1531,0.1388
76,1439,1515,0.1388
77,1442,1519,0.1388
77,1441,1518,0.1388
76,1437,1513,0.1388
79,1429,1508,0.1388
77,1430,1507,0.1388
78,1434,1512,0.1388
77,1428,1505,0.1388
76,1428,1504,0.1388
76,1423,1499,0.1388
77,1435,1512,0.1388
75,1441,1516,0.1388
78,1445,1523,0.1388
78,1447,1525,0.1388
74,1436,1510,0.1388
73,1442,1515,0.1388
71,1439,1510,0.1388
73,1443,1516,0.1388
74,1443,1517,0.1388
77,1442,1519,0.1388
76,1444,1520,0.1388
75,1443,1518,0.1388
74,1443,1517,0.1388
73,1453,1526,0.1388
74,1449,1523,0.1388
72,1443,1515,0.1388
73,1455,1528,0.1388
75,1453,1528,0.1388
72,1445,1517,0.1388
72,1441,1513,0.1388
70,1440,1510,0.1388
73,1429,1502,0.1388
70,1419,1489,0.1388
73,1418,1491,0.1388
70,1434,1504,0.1388
71,1444,1515,0.1388
75,1427,1502,0.1388
74,1429,1503,0.1388
75,1427,1502,0.1388
76,1437,1513,0.1388
78,1434,1512,0.1388
78,1435,1513,0.1388
81,1434,1515,0.1388
80,1445,1525,0.1388
77,1434,1511,0.1388
76,1441,1517,0.1388
75,1434,1509,0.1388
76,1439,1515,0.1388
77,1432,1509,0.1388
79,1437,1516,0.1388
78,1455,1533,0.1388
79,1441,1520,0.1388
78,1457,1535,0.1388
76,1448,1524,0.1388
75,1442,1517,0.1388
77,1440,1517,0.1388
73,1446,1519,0.1388
75,1446,1521,0.1388
76,1429,1505,0.1388
76,1445,1521,0.1388
78,1450,1528,0.1388
76,1435,1511,0.1388
79,1444,1523,0.1388
77,1440,1517,0.1388
77,1436,1513,0.1388
76,1432,1508,0.1388
74,1435,1509,0.1388
74,1435,1509,0.1388
73,1455,1528,0.1388
70,1457,1527,0.1388
72,1458,1530,0.1388
73,1443,1516,0.1388
74,1431,1505,0.1388
73,1427,1500,0.1388
72,1431,1503,0.1388
70,1428,1498,0.1388
69,1435,1504,0.1388
73,1440,1513,0.1388
69,1436,1505,0.1388
68,1435,1503,0.1388
66,1451,1517,0.1388
65,1449,1514,0.1388
70,1433,1503,0.1388
70,1441,1511,0.1388
70,1434,1504,0.1388
73,1436,1509,0.1388
70,1439,1509,0.1388
71,1446,1517,0.1388
73,1436,1509,0.1388
71,1432,1503,0.1388
68,1432,1500,0.1388
68,1443,1511,0.1388
68,1456,1524,0.1388
66,1446,1512,0.1388
63,1439,1502,0.1388
66,1444,1510,0.1388
65,1451,1516,0.1388
65,1444,1509,0.1388
66,1441,1507,0.1388
69,1445,1514,0.1388
68,1456,1524,0.1388
70,1461,1531,0.1388
73,1451,1524,0.1388
73,1446,1519,0.1388
75,1447,1522,0.1388
74,1442,1516,0.1388
74,1438,1512,0.1388
73,1443,1516,0.1388
73,1441,1514,0.1388
75,1428,1503,0.1388
76,1428,1504,0.1388
74,1429,1503,0.1388
75,1435,1510,0.1388
72,1446,1518,0.1388
71,1450,1521,0.1388
71,1461,1532,0.1388
71,1448,1519,0.1388
72,1453,1525,0.1388
71,1452,1523,0.1388
66,1440,1506,0.1388
68,1454,1522,0.1388
68,1439,1507,0.1388
68,1442,1510,0.1388
70,1444,1514,0.1388
65,1446,1511,0.1388
68,1438,1506,0.1388
67,1444,1511,0.1388
68,1437,1505,0.1388
67,1442,1509,0.1388
68,1439,1507,0.1388
68,1432,1500,0.1388
69,1434,1503,0.1388
67,1431,1498,0.1388
65,1439,1504,0.1388
66,1453,1519,0.1388
67,1454,1521,0.1388
67,1456,1523,0.1388
66,1450,1516,0.1388
68,1457,1525,0.1388
69,1452,1521,0.1388
69,1457,1526,0.1388
67,1459,1526,0.1388
67,1459,1526,0.1388
67,1448,1515,0.1388
68,1446,1514,0.1388
65,1443,1508,0.1388
66,1459,1525,0.1388
65,1461,1526,0.1388
64,1456,1520,0.1388
66,1439,1505,0.1388
66,1436,1502,0.1388
69,1431,1500,0.1388
69,1442,1511,0.1388
70,1436,1506,0.1388
72,1443,1515,0.1388
68,1475,1543,0.1388
70,1465,1535,0.1388
69,1444,1513,0.1388
69,1456,1525,0.1388
69,1453,1522,0.1388
65,1455,1520,0.1388
68,1434,1502,0.1388
68,1436,1504,0.1388
69,1438,1507,0.1388
66,1432,1498,0.1388
68,1430,1498,0.1388
62,1434,1496,0.1388
63,1443,1506,0.1388
62,1448,1510,0.1388
61,1461,1522,0.1388
59,1454,1513,0.1388
65,1450,1515,0.1388
65,1455,1520,0.1388
64,1454,1518,0.1388
62,1460,1522,0.1388
64,1448,1512,0.1388
64,1437,1501,0.1388
66,1437,1503,0.1388
66,1441,1507,0.1388
65,1449,1514,0.1388
62,1456,1518,0.1388
63,1452,1515,0.1388
64,1449,1513,0.1388
66,1455,1521,0.1388
65,1459,1524,0.1388
66,1451,1517,0.1388
66,1443,1509,0.1388
69,1456,1525,0.1388
66,1453,1519,0.1388
70,1459,1529,0.1388
68,1462,1530,0.1388
69,1458,1527,0.1388
68,1454,1522,0.1388
69,1453,1522,0.1388
68,1462,1530,0.1388
66,1453,1519,0.1388
68,1444,1512,0.1388
68,1445,1513,0.1388
66,1447,1513,0.1388
64,1441,1505,0.1388
61,1435,1496,0.1388
64,1442,1506,0.1388
66,1446,1512,0.1388
62,1437,1499,0.1388
61,1437,1498,0.1388
63,1444,1507,0.1388
64,1441,1505,0.1388
67,1444,1511,0.1388
65,1446,1511,0.1388
63,1453,1516,0.1388
63,1451,1514,0.1388
67,1442,1509,0.1388
69,1442,1511,0.1388
69,1433,1502,0.1388
68,1439,1507,0.1388
67,1445,1512,0.1388
67,1454,1521,0.1388
70,1457,1527,0.1388
70,1452,1522,0.1388
68,1443,1511,0.1388
67,1451,1518,0.1388
67,1444,1511,0.1388
67,1444,1511,0.1388
64,1443,1507,0.1388
66,1455,1521,0.1388
69,1453,1522,0.1388
74,1443,1517,0.1388
73,1448,1521,0.1388
73,1453,1526,0.1388
74,1454,1528,0.1388
75,1462,1537,0.1388
75,1455,1530,0.1388
73,1447,1520,0.1388
72,1453,1525,0.1388
69,1456,1525,0.1388
71,1452,1523,0.1388
72,1444,1516,0.1388
70,1443,1513,0.1388
67,1446,1513,0.1388
66,1437,1503,0.1388
68,1439,1507,0.1388
69,1447,1516,0.1388
68,1445,1513,0.1388
67,1444,1511,0.1388
69,1439,1508,0.1388
70,1434,1504,0.1388
66,1440,1506,0.1388
69,1440,1509,0.1388
67,1437,1504,0.1388
67,1436,1503,0.1388
66,1449,1515,0.1388
70,1462,1532,0.1388
70,1449,1519,0.1388
72,1449,1521,0.1388
69,1452,1521,0.1388
70,1447,1517,0.1388
72,1447,1519,0.1388
69,1446,1515,0.1388
70,1439,1509,0.1388
73,1449,1522,0.1388
75,1443,1518,0.1388
73,1441,1514,0.1388
74,1444,1518,0.1388
71,1438,1509,0.1388
72,1448,1520,0.1388
72,1448,1520,0.1388
74,1444,1518,0.1388
75,1449,1524,0.1388
73,1448,1521,0.1388
71,1434,1505,0.1388
71,1448,1519,0.1388
71,1443,1514,0.1388
74,1450,1524,0.1388
75,1443,1518,0.1388
75,1450,1525,0.1388
77,1451,1528,0.1388
75,1443,1518,0.1388
71,1437,1508,0.1388
68,1439,1507,0.1388
68,1445,1513,0.1388
67,1444,1511,0.1388
66,1438,1504,0.1388
66,1444,1510,0.1388
68,1444,1512,0.1388
66,1447,1513,0.1388
66,1456,1522,0.1388
68,1442,1510,0.1388
68,1445,1513,0.1388
67,1448,1515,0.1388
65,1447,1512,0.1388
64,1457,1521,0.1388
61,1449,1510,0.1388
61,1453,1514,0.1388
63,1458,1521,0.1388
62,1448,1510,0.1388
62,1457,1519,0.1388
62,1448,1510,0.1388
65,1449,1514,0.1388
61,1450,1511,0.1388
59,1467,1526,0.1388
62,1463,1525,0.1388
63,1446,1509,0.1388
64,1444,1508,0.1388
62,1443,1505,0.1388
63,1444,1507,0.1388
62,1446,1508,0.1388
63,1449,1512,0.1388
62,1454,1516,0.1388
59,1456,1515,0.1388
57,1461,1518,0.1388
56,1461,1517,0.1388
57,1459,1516,0.1388
57,1455,1512,0.1388
55,1471,1526,0.1388
54,1470,1524,0.1388
52,1476,1528,0.1388
52,1478,1530,0.1388
53,1478,1531,0.1388
51,1476,1527,0.1388
51,1470,1521,0.1388
52,1460,1512,0.1388
52,1454,1506,0.1388
52,1453,1505,0.1388
50,1458,1508,0.1388
48,1457,1505,0.1388
50,1461,1511,0.1388
50,1465,1515,0.1388
50,1455,1505,0.1388
49,1455,1504,0.1388
49,1461,1510,0.1388
51,1466,1517,0.1388
49,1472,1521,0.1388
49,1475,1524,0.1388
49,1480,1529,0.1388
49,1473,1522,0.1388
49,1467,1516,0.1388
49,1468,1517,0.1388
51,1473,1524,0.1388
49,1468,1517,0.1388
49,1472,1521,0.1388
48,1475,1523,0.1388
48,1480,1528,0.1388
47,1478,1525,0.1388
48,1479,1527,0.1388
48,1466,1514,0.1388
46,1460,1506,0.1388
45,1467,1512,0.1388
41,1469,1510,0.1388
44,1473,1517,0.1388
45,1460,1505,0.1388
47,1459,1506,0.1388
46,1460,1506,0.1388
48,1470,1518,0.1388
48,1466,1514,0.1388
48,1473,1521,0.1388
47,1466,1513,0.1388
48,1461,1509,0.1388
49,1465,1514,0.1388
44,1472,1516,0.1388
42,1471,1513,0.1388
41,1463,1504,0.1388
40,1478,1518,0.1388
41,1476,1517,0.1388
42,1479,1521,0.1388
41,1488,1529,0.1388
41,1482,1523,0.1388
42,1478,1520,0.1388
40,1478,1518,0.1388
39,1487,1526,0.1388
39,1480,1519,0.1388
38,1487,1525,0.1388
37,1491,1528,0.1388
34,1478,1512,0.1388
33,1468,1501,0.1388
33,1463,1496,0.1388
33,1476,1509,0.1388
33,1484,1517,0.1388
34,1481,1515,0.1388
32,1478,1510,0.1388
34,1472,1506,0.1388
36,1484,1520,0.1388
35,1479,1514,0.1388
36,1478,1514,0.1388
36,1475,1511,0.1388
36,1463,1499,0.1388
37,1476,1513,0.1388
36,1484,1520,0.1388
35,1479,1514,0.1388
38,1479,1517,0.1388
37,1477,1514,0.1388
35,1473,1508,0.1388
35,1487,1522,0.1388
34,1495,1529,0.1388
34,1494,1528,0.1388
33,1494,1527,0.1388
32,1492,1524,0.1388
31,1481,1512,0.1388
31,1500,1531,0.1388
30,1490,1520,0.1388
30,1487,1517,0.1388
30,1489,1519,0.1388
30,1490,1520,0.1388
30,1493,1523,0.1388
31,1490,1521,0.1388
30,1484,1514,0.1388
30,1494,1524,0.1388
31,1474,1505,0.1388
32,1482,1514,0.1388
31,1478,1509,0.1388
30,1473,1503,0.1388
32,1481,1513,0.1388
31,1482,1513,0.1388
32,1486,1518,0.1388
32,1485,1517,0.1388
30,1479,1509,0.1388
30,1480,1510,0.1388
29,1480,1509,0.1388
28,1465,1493,0.1388
27,1469,1496,0.1388
26,1463,1489,0.1388
24,1481,1505,0.1388
23,1485,1508,0.1388
26,1494,1520,0.1388
26,1497,1523,0.1388
26,1507,1533,0.1388
25,1505,1530,0.1388
24,1500,1524,0.1388
23,1503,1526,0.1388
23,1493,1516,0.1388
23,1499,1522,0.1388
24,1489,1513,0.1388
24,1489,1513,0.1388
23,1488,1511,0.1388
26,1490,1516,0.1388
27,1482,1509,0.1388
28,1472,1500,0.1388
28,1475,1503,0.1388
27,1483,1510,0.1388
25,1493,1518,0.1388
25,1497,1522,0.1388
23,1493,1516,0.1388
24,1499,1523,0.1388
24,1499,1523,0.1388
24,1485,1509,0.1388
22,1494,1516,0.1388
22,1492,1514,0.1388
23,1494,1517,0.1388
22,1491,1513,0.1388
23,1501,1524,0.1388
23,1503,1526,0.1388
22,1504,1526,0.1388
22,1490,1512,0.1388
23,1493,1516,0.1388
22,1498,1520,0.1388
20,1503,1523,0.1388
20,1502,1522,0.1388
20,1497,1517,0.1388
17,1500,1517,0.1388
18,1495,1513,0.1388
19,1481,1500,0.1388
20,1501,1521,0.1388
20,1503,1523,0.1388
20,1502,1522,0.1388
21,1496,1517,0.1388
21,1508,1529,0.1388
19,1497,1516,0.1388
19,1501,1520,0.1388
19,1502,1521,0.1388
19,1494,1513,0.1388
19,1500,1519,0.1388
17,1489,1506,0.1388
19,1496,1515,0.1388
20,1501,1521,0.1388
20,1497,1517,0.1388
20,1504,1524,0.1388
20,1499,1519,0.1388
20,1507,1527,0.1388
19,1496,1515,0.1388
19,1506,1525,0.1388
20,1513,1533,0.1388
21,1521,1542,0.1388
21,1497,1518,0.1388
21,1500,1521,0.1388
21,1496,1517,0.1388
19,1497,1516,0.1388
19,1500,1519,0.1388
20,1499,1519,0.1388
21,1499,1520,0.1388
21,1498,1519,0.1388
20,1501,1521,0.1388
21,1490,1511,0.1388
21,1473,1494,0.1388
21,1480,1501,0.1388
20,1502,1522,0.1388
19,1499,1518,0.1388
19,1503,1522,0.1388
19,1495,1514,0.1388
17,1498,1515,0.1388
18,1490,1508,0.1388
17,1494,1511,0.1388
18,1494,1512,0.1388
20,1490,1510,0.1388
20,1478,1498,0.1388
21,1484,1505,0.1388
21,1502,1523,0.1388
20,1507,1527,0.1388
20,1496,1516,0.1388
20,1498,1518,0.1388
21,1493,1514,0.1388
23,1502,1525,0.1388
23,1490,1513,0.1388
21,1484,1505,0.1388
21,1486,1507,0.1388
20,1492,1512,0.1388
20,1501,1521,0.1388
21,1498,1519,0.1388
20,1501,1521,0.1388
20,1498,1518,0.1388
19,1499,1518,0.1388
19,1503,1522,0.1388
16,1490,1506,0.1388
18,1489,1507,0.1388
17,1489,1506,0.1388
18,1497,1515,0.1388
21,1496,1517,0.1388
22,1492,1514,0.1388
20,1488,1508,0.1388
19,1491,1510,0.1388
21,1491,1512,0.1388
20,1506,1526,0.1388
19,1495,1514,0.1388
19,1499,1518,0.1388
20,1486,1506,0.1388
19,1489,1508,0.1388
20,1488,1508,0.1388
21,1494,1515,0.1388
22,1491,1513,0.1388
23,1478,1501,0.1388
23,1469,1492,0.1388
22,1478,1500,0.1388
21,1485,1506,0.1388
20,1484,1504,0.1388
21,1481,1502,0.1388
23,1481,1504,0.1388
23,1489,1512,0.1388
21,1487,1508,0.1388
21,1491,1512,0.1388
20,1500,1520,0.1388
19,1492,1511,0.1388
20,1506,1526,0.1388
21,1508,1529,0.1388
21,1504,1525,0.1388
20,1492,1512,0.1388
18,1487,1505,0.1388
18,1489,1507,0.1388
19,1486,1505,0.1388
19,1472,1491,0.1388
20,1490,1510,0.1388
20,1483,1503,0.1388
22,1480,1502,0.1388
21,1487,1508,0.1388
23,1485,1508,0.1388
23,1487,1510,0.1388
23,1486,1509,0.1388
24,1493,1517,0.1388
23,1501,1524,0.1388
23,1509,1532,0.1388
23,1496,1519,0.1388
22,1497,1519,0.1388
23,1484,1507,0.1388
22,1483,1505,0.1388
22,1490,1512,0.1388
22,1485,1507,0.1388
20,1495,1515,0.1388
22,1500,1522,0.1388
21,1511,1532,0.1388
20,1496,1516,0.1388
20,1486,1506,0.1388
21,1496,1517,0.1388
22,1517,1539,0.1388
22,1503,1525,0.1388
22,1499,1521,0.1388
22,1493,1515,0.1388
21,1495,1516,0.1388
21,1495,1516,0.1388
20,1490,1510,0.1388
20,1503,1523,0.1388
17,1501,1518,0.1388
18,1499,1517,0.1388
17,1489,1506,0.1388
18,1505,1523,0.1388
19,1493,1512,0.1388
17,1502,1519,0.1388
17,1501,1518,0.1388
18,1506,1524,0.1388
19,1505,1524,0.1388
20,1499,1519,0.1388
19,1495,1514,0.1388
18,1491,1509,0.1388
18,1499,1517,0.1388
17,1515,1532,0.1388
17,1512,1529,0.1388
17,1506,1523,0.1388
18,1505,1523,0.1388
18,1513,1531,0.1388
19,1508,1527,0.1388
20,1497,1517,0.1388
21,1499,1520,0.1388
21,1496,1517,0.1388
21,1500,1521,0.1388
21,1506,1527,0.1388
21,1512,1533,0.1388
22,1501,1523,0.1388
21,1490,1511,0.1388
21,1497,1518,0.1388
22,1502,1524,0.1388
21,1505,1526,0.1388
20,1507,1527,0.1388
21,1496,1517,0.1388
21,1484,1505,0.1388
20,1495,1515,0.1388
21,1492,1513,0.1388
21,1486,1507,0.1388
21,1490,1511,0.1388
22,1480,1502,0.1388
22,1486,1508,0.1388
21,1493,1514,0.1388
20,1504,1524,0.1388
19,1505,1524,0.1388
19,1494,1513,0.1388
19,1497,1516,0.1388
19,1510,1529,0.1388
20,1500,1520,0.1388
20,1487,1507,0.1388
20,1500,1520,0.1388
22,1507,1529,0.1388
22,1503,1525,0.1388
22,1490,1512,0.1388
22,1498,1520,0.1388
21,1500,1521,0.1388
23,1492,1515,0.1388
24,1501,1525,0.1388
23,1489,1512,0.1388
23,1495,1518,0.1388
23,1493,1516,0.1388
23,1493,1516,0.1388
24,1490,1514,0.1388
24,1504,1528,0.1388
23,1516,1539,0.1388
24,1515,1539,0.1388
24,1502,1526,0.1388
25,1507,1532,0.1388
24,1504,1528,0.1388
23,1507,1530,0.1388
23,1504,1527,0.1388
23,1503,1526,0.1388
23,1492,1515,0.1388
23,1495,1518,0.1388
23,1496,1519,0.1388
23,1501,1524,0.1388
22,1491,1513,0.1388
21,1492,1513,0.1388
23,1507,1530,0.1388
23,1501,1524,0.1388
23,1509,1532,0.1388
23,1498,1521,0.1388
23,1501,1524,0.1388
23,1493,1516,0.1388
23,1497,1520,0.1388
21,1483,1504,0.1388
21,1481,1502,0.1388
21,1487,1508,0.1388
22,1488,1510,0.1388
22,1499,1521,0.1388
23,1492,1515,0.1388
23,1499,1522,0.1388
24,1498,1522,0.1388
24,1512,1536,0.1388
23,1506,1529,0.1388
22,1507,1529,0.1388
20,1502,1522,0.1388
22,1491,1513,0.1388
22,1498,1520,0.1388
22,1485,1507,0.1388
23,1484,1507,0.1388
24,1486,1510,0.1388
24,1495,1519,0.1388
23,1495,1518,0.1388
24,1496,1520,0.1388
22,1500,1522,0.1388
22,1491,1513,0.1388
20,1494,1514,0.1388
18,1494,1512,0.1388
19,1495,1514,0.1388
21,1496,1517,0.1388
21,1483,1504,0.1388
22,1491,1513,0.1388
22,1494,1516,0.1388
23,1486,1509,0.1388
22,1494,1516,0.1388
21,1495,1516,0.1388
21,1491,1512,0.1388
22,1486,1508,0.1388
22,1495,1517,0.1388
21,1493,1514,0.1388
23,1502,1525,0.1388
23,1512,1535,0.1388
23,1508,1531,0.1388
23,1483,1506,0.1388
23,1499,1522,0.1388
22,1495,1517,0.1388
22,1498,1520,0.1388
22,1499,1521,0.1388
23,1507,1530,0.1388
21,1498,1519,0.1388
21,1514,1535,0.1388
21,1516,1537,0.1388
21,1519,1540,0.1388
20,1517,1537,0.1388
21,1513,1534,0.1388
23,1507,1530,0.1388
25,1500,1525,0.1388
26,1496,1522,0.1388
27,1503,1530,0.1388
27,1509,1536,0.1388
27,1504,1531,0.1388
26,1509,1535,0.1388
26,1502,1528,0.1388
24,1490,1514,0.1388
23,1494,1517,0.1388
22,1507,1529,0.1388
20,1509,1529,0.1388
20,1498,1518,0.1388
21,1509,1530,0.1388
24,1505,1529,0.1388
24,1504,1528,0.1388
23,1497,1520,0.1388
21,1486,1507,0.1388
19,1478,1497,0.1388
22,1484,1506,0.1388
22,1480,1502,0.1388
21,1480,1501,0.1388
20,1496,1516,0.1388
21,1490,1511,0.1388
21,1500,1521,0.1388
21,1497,1518,0.1388
22,1495,1517,0.1388
20,1484,1504,0.1388
18,1486,1504,0.1388
22,1491,1513,0.1388
22,1503,1525,0.1388
21,1502,1523,0.1388
19,1493,1512,0.1388
20,1495,1515,0.1388
20,1494,1514,0.1388
20,1497,1517,0.1388
20,1492,1512,0.1388
20,1503,1523,0.1388
20,1499,1519,0.1388
19,1495,1514,0.1388
20,1490,1510,0.1388
19,1482,1501,0.1388
20,1491,1511,0.1388
20,1491,1511,0.1388
21,1486,1507,0.1388
21,1498,1519,0.1388
21,1502,1523,0.1388
21,1509,1530,0.1388
21,1499,1520,0.1388
20,1493,1513,0.1388
19,1500,1519,0.1388
18,1504,1522,0.1388
21,1502,1523,0.1388
20,1506,1526,0.1388
20,1499,1519,0.1388
21,1507,1528,0.1388
19,1500,1519,0.1388
18,1489,1507,0.1388
19,1497,1516,0.1388
19,1485,1504,0.1388
20,1500,1520,0.1388
20,1505,1525,0.1388
21,1502,1523,0.1388
22,1497,1519,0.1388
21,1477,1498,0.1388
21,1469,1490,0.1388
21,1498,1519,0.1388
21,1493,1514,0.1388
21,1509,1530,0.1388
21,1504,1525,0.1388
23,1498,1521,0.1388
23,1505,1528,0.1388
23,1509,1532,0.1388
21,1494,1515,0.1388
21,1490,1511,0.1388
20,1512,1532,0.1388
19,1504,1523,0.1388
20,1512,1532,0.1388
21,1504,1525,0.1388
22,1499,1521,0.1388
22,1506,1528,0.1388
22,1500,1522,0.1388
22,1508,1530,0.1388
21,1500,1521,0.1388
20,1489,1509,0.1388
19,1488,1507,0.1388
20,1482,1502,0.1388
21,1501,1522,0.1388
21,1496,1517,0.1388
20,1497,1517,0.1388
20,1494,1514,0.1388
20,1501,1521,0.1388
20,1515,1535,0.1388
19,1512,1531,0.1388
19,1498,1517,0.1388
19,1491,1510,0.1388
20,1491,1511,0.1388
21,1493,1514,0.1388
23,1489,1512,0.1388
23,1476,1499,0.1388
23,1478,1501,0.1388
24,1490,1514,0.1388
23,1481,1504,0.1388
24,1484,1508,0.1388
24,1481,1505,0.1388
24,1483,1507,0.1388
24,1491,1515,0.1388
24,1504,1528,0.1388
23,1499,1522,0.1388
22,1488,1510,0.1388
21,1488,1509,0.1388
22,1488,1510,0.1388
21,1481,1502,0.1388
20,1488,1508,0.1388
20,1491,1511,0.1388
21,1490,1511,0.1388
21,1490,1511,0.1388
21,1507,1528,0.1388
20,1482,1502,0.1388
20,1482,1502,0.1388
20,1490,1510,0.1388
21,1499,1520,0.1388
20,1493,1513,0.1388
20,1484,1504,0.1388
20,1486,1506,0.1388
20,1489,1509,0.1388
19,1501,1520,0.1388
18,1498,1516,0.1388
17,1508,1525,0.1388
17,1505,1522,0.1388
19,1499,1518,0.1388
18,1482,1500,0.1388
18,1486,1504,0.1388
18,1491,1509,0.1388
18,1490,1508,0.1388
17,1483,1500,0.1388
17,1480,1497,0.1388
19,1483,1502,0.1388
20,1486,1506,0.1388
20,1510,1530,0.1388
21,1511,1532,0.1388
20,1506,1526,0.1388
19,1499,1518,0.1388
20,1504,1524,0.1388
19,1510,1529,0.1388
18,1517,1535,0.1388
17,1506,1523,0.1388
16,1502,1518,0.1388
15,1487,1502,0.1388
15,1502,1517,0.1388
16,1495,1511,0.1388
15,1497,1512,0.1388
15,1498,1513,0.1388
14,1508,1522,0.1388
13,1506,1519,0.1388
13,1508,1521,0.1388
14,1493,1507,0.1388
15,1499,1514,0.1388
15,1501,1516,0.1388
14,1492,1506,0.1388
14,1493,1507,0.1388
15,1488,1503,0.1388
15,1483,1498,0.1388
15,1488,1503,0.1388
15,1485,1500,0.1388
14,1479,1493,0.1388
13,1496,1509,0.1388
14,1503,1517,0.1388
14,1499,1513,0.1388
13,1492,1505,0.1388
12,1517,1529,0.1388
12,1523,1535,0.1388
12,1525,1537,0.1388
12,1513,1525,0.1388
11,1512,1523,0.1388
11,1498,1509,0.1388
11,1494,1505,0.1388
10,1496,1506,0.1388
11,1499,1510,0.1388
10,1514,1524,0.1388
11,1517,1528,0.1388
11,1503,1514,0.1388
11,1491,1502,0.1388
11,1496,1507,0.1388
12,1512,1524,0.1388
13,1511,1524,0.1388
12,1507,1519,0.1388
12,1497,1509,0.1388
12,1494,1506,0.1388
9,1494,1503,0.1388
10,1491,1501,0.1388
10,1498,1508,0.1388
10,1504,1514,0.1388
12,1501,1513,0.1388
12,1512,1524,0.1388
12,1496,1508,0.1388
12,1499,1511,0.1388
11,1497,1508,0.1388
11,1495,1506,0.1388
11,1487,1498,0.1388
11,1498,1509,0.1388
11,1508,1519,0.1388
11,1498,1509,0.1388
11,1506,1517,0.1388
11,1504,1515,0.1388
11,1506,1517,0.1388
9,1512,1521,0.1388
9,1518,1527,0.1388
9,1519,1528,0.1388
10,1508,1518,0.1388
10,1509,1519,0.1388
10,1519,1529,0.1388
10,1520,1530,0.1388
10,1525,1535,0.1388
10,1509,1519,0.1388
10,1507,1517,0.1388
10,1504,1514,0.1388
11,1501,1512,0.1388
11,1499,1510,0.1388
11,1511,1522,0.1388
12,1517,1529,0.1388
12,1517,1529,0.1388
11,1517,1528,0.1388
12,1510,1522,0.1388
14,1500,1514,0.1388
15,1500,1515,0.1388
16,1492,1508,0.1388
16,1489,1505,0.1388
16,1492,1508,0.1388
17,1489,1506,0.1388
17,1491,1508,0.1388
17,1484,1501,0.1388
17,1491,1508,0.1388
16,1493,1509,0.1388
15,1501,1516,0.1388
16,1508,1524,0.1388
16,1509,1525,0.1388
14,1517,1531,0.1388
14,1505,1519,0.1388
13,1502,1515,0.1388
13,1504,1517,0.1388
14,1505,1519,0.1388
14,1513,1527,0.1388
14,1515,1529,0.1388
14,1523,1537,0.1388
14,1531,1545,0.1388
14,1516,1530,0.1388
13,1514,1527,0.1388
13,1505,1518,0.1388
13,1494,1507,0.1388
14,1509,1523,0.1388
14,1498,1512,0.1388
16,1507,1523,0.1388
16,1493,1509,0.1388
15,1500,1515,0.1388
15,1511,1526,0.1388
13,1505,1518,0.1388
13,1496,1509,0.1388
13,1493,1506,0.1388
11,1494,1505,0.1388
12,1499,1511,0.1388
12,1505,1517,0.1388
12,1507,1519,0.1388
13,1511,1524,0.1388
12,1514,1526,0.1388
11,1503,1514,0.1388
11,1502,1513,0.1388
10,1504,1514,0.1388
11,1500,1511,0.1388
10,1497,1507,0.1388
11,1495,1506,0.1388
11,1499,1510,0.1388
11,1511,1522,0.1388
11,1512,1523,0.1388
11,1496,1507,0.1388
11,1501,1512,0.1388
10,1494,1504,0.1388
11,1495,1506,0.1388
10,1495,1505,0.1388
9,1496,1505,0.1388
10,1485,1495,0.1388
10,1500,1510,0.1388
10,1494,1504,0.1388
9,1501,1510,0.1388
9,1509,1518,0.1388
9,1504,1513,0.1388
9,1516,1525,0.1388
9,1514,1523,0.1388
9,1523,1532,0.1388
9,1515,1524,0.1388
9,1516,1525,0.1388
8,1512,1520,0.1388
8,1517,1525,0.1388
6,1513,1519,0.1388
6,1503,1509,0.1388
4,1517,1521,0.1388
4,1525,1529,0.1388
4,1518,1522,0.1388
4,1518,1522,0.1388
4,1520,1524,0.1388
4,1523,1527,0.1388
4,1525,1529,0.1388
4,1520,1524,0.1388
3,1514,1517,0.1388
3,1510,1513,0.1388
3,1503,1506,0.1388
3,1504,1507,0.1388
3,1506,1509,0.1388
3,1516,1519,0.1388
3,1525,1528,0.1388
3,1529,1532,0.1388
3,1524,1527,0.1388
3,1522,1525,0.1388
3,1534,1537,0.1388
3,1527,1530,0.1388
3,1516,1519,0.1388
3,1520,1523,0.1388
3,1518,1521,0.1388
3,1520,1523,0.1388
4,1508,1512,0.1388
4,1514,1518,0.1388
4,1513,1517,0.1388
4,1515,1519,0.1388
4,1522,1526,0.1388
4,1506,1510,0.1388
5,1498,1503,0.1388
5,1504,1509,0.1388
5,1512,1517,0.1388
4,1511,1515,0.1388
4,1514,1518,0.1388
4,1506,1510,0.1388
4,1499,1503,0.1388
4,1509,1513,0.1388
4,1506,1510,0.1388
3,1521,1524,0.1388
3,1508,1511,0.1388
4,1513,1517,0.1388
4,1500,1504,0.1388
4,1513,1517,0.1388
4,1509,1513,0.1388
4,1523,1527,0.1388
4,1520,1524,0.1388
5,1519,1524,0.1388
5,1519,1524,0.1388
5,1522,1527,0.1388
5,1509,1514,0.1388
4,1517,1521,0.1388
4,1518,1522,0.1388
4,1515,1519,0.1388
4,1519,1523,0.1388
4,1519,1523,0.1388
4,1516,1520,0.1388
4,1511,1515,0.1388
4,1505,1509,0.1388
3,1527,1530,0.1388
3,1530,1533,0.1388
3,1518,1521,0.1388
3,1520,1523,0.1388
3,1526,1529,0.1388
3,1530,1533,0.1388
3,1515,1518,0.1388
3,1524,1527,0.1388
3,1514,1517,0.1388
3,1502,1505,0.1388
3,1493,1496,0.1388
3,1508,1511,0.1388
3,1517,1520,0.1388
3,1509,1512,0.1388
3,1516,1519,0.1388
3,1510,1513,0.1388
3,1520,1523,0.1388
3,1513,1516,0.1388
3,1515,1518,0.1388
3,1513,1516,0.1388
3,1525,1528,0.1388
3,1518,1521,0.1388
3,1519,1522,0.1388
3,1522,1525,0.1388
3,1522,1525,0.1388
3,1518,1521,0.1388
3,1515,1518,0.1388
3,1517,1520,0.1388
3,1510,1513,0.1388
3,1511,1514,0.1388
3,1510,1513,0.1388
3,1515,1518,0.1388
3,1505,1508,0.1388
3,1503,1506,0.1388
3,1499,1502,0.1388
3,1513,1516,0.1388
3,1520,1523,0.1388
3,1506,1509,0.1388
3,1499,1502,0.1388
3,1507,1510,0.1388
3,1498,1501,0.1388
4,1509,1513,0.1388
4,1517,1521,0.1388
4,1527,1531,0.1388
4,1504,1508,0.1388
4,1508,1512,0.1388
5,1518,1523,0.1388
5,1530,1535,0.1388
5,1520,1525,0.1388
5,1532,1537,0.1388
5,1518,1523,0.1388
6,1513,1519,0.1388
6,1521,1527,0.1388
6,1518,1524,0.1388
6,1507,1513,0.1388
6,1491,1497,0.1388
7,1501,1508,0.1388
8,1527,1535,0.1388
8,1524,1532,0.1388
8,1515,1523,0.1388
9,1495,1504,0.1388
9,1497,1506,0.1388
10,1490,1500,0.1388
10,1498,1508,0.1388
10,1505,1515,0.1388
9,1510,1519,0.1388
9,1514,1523,0.1388
9,1511,1520,0.1388
9,1505,1514,0.1388
8,1512,1520,0.1388
8,1512,1520,0.1388
8,1514,1522,0.1388
8,1506,1514,0.1388
8,1510,1518,0.1388
8,1505,1513,0.1388
8,1505,1513,0.1388
8,1503,1511,0.1388
6,1511,1517,0.1388
6,1519,1525,0.1388
6,1520,1526,0.1388
6,1519,1525,0.1388
6,1516,1522,0.1388
6,1518,1524,0.1388
6,1518,1524,0.1388
6,1515,1521,0.1388
6,1505,1511,0.1388
6,1503,1509,0.1388
7,1503,1510,0.1388
7,1512,1519,0.1388
7,1503,1510,0.1388
7,1512,1519,0.1388
7,1505,1512,0.1388
7,1500,1507,0.1388
7,1508,1515,0.1388
7,1511,1518,0.1388
6,1511,1517,0.1388
5,1499,1504,0.1388
5,1512,1517,0.1388
5,1505,1510,0.1388
5,1499,1504,0.1388
5,1505,1510,0.1388
5,1514,1519,0.1388
5,1512,1517,0.1388
5,1518,1523,0.1388
5,1515,1520,0.1388
5,1524,1529,0.1388
5,1526,1531,0.1388
4,1533,1537,0.1388
4,1522,1526,0.1388
4,1531,1535,0.1388
4,1525,1529,0.1388
4,1510,1514,0.1388
4,1521,1525,0.1388
4,1516,1520,0.1388
4,1499,1503,0.1388
4,1499,1503,0.1388
4,1499,1503,0.1388
4,1498,1502,0.1388
4,1508,1512,0.1388
3,1524,1527,0.1388
2,1510,1512,0.1388
2,1502,1504,0.1388
2,1501,1503,0.1388
2,1510,1512,0.1388
2,1509,1511,0.1388
2,1509,1511,0.1388
2,1508,1510,0.1388
3,1520,1523,0.1388
3,1504,1507,0.1388
3,1504,1507,0.1388
3,1509,1512,0.1388
3,1507,1510,0.1388
3,1521,1524,0.1388
3,1519,1522,0.1388
3,1514,1517,0.1388
3,1516,1519,0.1388
3,1517,1520,0.1388
3,1510,1513,0.1388
3,1510,1513,0.1388
3,1514,1517,0.1388
4,1523,1527,0.1388
4,1519,1523,0.1388
4,1523,1527,0.1388
4,1515,1519,0.1388
5,1514,1519,0.1388
5,1519,1524,0.1388
5,1525,1530,0.1388
5,1516,1521,0.1388
5,1526,1531,0.1388
5,1519,1524,0.1388
4,1540,1544,0.1388
4,1531,1535,0.1388
4,1525,1529,0.1388
4,1516,1520,0.1388
4,1515,1519,0.1388
3,1507,1510,0.1388
3,1516,1519,0.1388
3,1524,1527,0.1388
3,1522,1525,0.1388
3,1509,1512,0.1388
3,1523,1526,0.1388
3,1523,1526,0.1388
3,1521,1524,0.1388
3,1523,1526,0.1388
3,1519,1522,0.1388
3,1520,1523,0.1388
3,1516,1519,0.1388
3,1517,1520,0.1388
3,1515,1518,0.1388
3,1518,1521,0.1388
3,1516,1519,0.1388
3,1495,1498,0.1388
3,1503,1506,0.1388
3,1519,1522,0.1388
4,1521,1525,0.1388
4,1516,1520,0.1388
4,1510,1514,0.1388
4,1521,1525,0.1388
4,1521,1525,0.1388
4,1509,1513,0.1388
5,1517,1522,0.1388
5,1522,1527,0.1388
5,1525,1530,0.1388
4,1512,1516,0.1388
4,1512,1516,0.1388
4,1504,1508,0.1388
4,1498,1502,0.1388
4,1497,1501,0.1388
5,1496,1501,0.1388
6,1505,1511,0.1388
6,1508,1514,0.1388
6,1501,1507,0.1388
6,1504,1510,0.1388
6,1511,1517,0.1388
5,1503,1508,0.1388
5,1519,1524,0.1388
5,1514,1519,0.1388
5,1519,1524,0.1388
5,1507,1512,0.1388
5,1521,1526,0.1388
5,1511,1516,0.1388
5,1502,1507,0.1388
5,1508,1513,0.1388
5,1509,1514,0.1388
4,1514,1518,0.1388
4,1511,1515,0.1388
4,1504,1508,0.1388
3,1514,1517,0.1388
3,1520,1523,0.1388
3,1510,1513,0.1388
4,1497,1501,0.1388
3,1502,1505,0.1388
3,1504,1507,0.1388
3,1511,1514,0.1388
3,1505,1508,0.1388
3,1510,1513,0.1388
3,1504,1507,0.1388
3,1510,1513,0.1388
3,1499,1502,0.1388
3,1509,1512,0.1388
3,1512,1515,0.1388
3,1509,1512,0.1388
3,1512,1515,0.1388
3,1511,1514,0.1388
3,1506,1509,0.1388
3,1515,1518,0.1388
3,1498,1501,0.1388
2,1506,1508,0.1388
2,1510,1512,0.1388
2,1513,1515,0.1388
2,1521,1523,0.1388
2,1515,1517,0.1388
2,1525,1527,0.1388
2,1528,1530,0.1388
2,1522,1524,0.1388
3,1516,1519,0.1388
3,1521,1524,0.1388
3,1511,1514,0.1388
3,1514,1517,0.1388
3,1512,1515,0.1388
3,1508,1511,0.1388
3,1513,1516,0.1388
3,1512,1515,0.1388
3,1516,1519,0.1388
3,1512,1515,0.1388
2,1514,1516,0.1388
2,1510,1512,0.1388
2,1522,1524,0.1388
2,1516,1518,0.1388
2,1514,1516,0.1388
2,1516,1518,0.1388
2,1523,1525,0.1388
2,1526,1528,0.1388
2,1532,1534,0.1388
2,1523,1525,0.1388
2,1528,1530,0.1388
2,1530,1532,0.1388
2,1534,1536,0.1388
3,1521,1524,0.1388
2,1526,1528,0.1388
2,1510,1512,0.1388
2,1512,1514,0.1388
2,1509,1511,0.1388
2,1511,1513,0.1388
2,1501,1503,0.1388
2,1507,1509,0.1388
1,1516,1517,0.1388
1,1527,1528,0.1388
1,1512,1513,0.1388
2,1519,1521,0.1388
2,1511,1513,0.1388
0,1495,1495,0.1388
