1371,30,1401,0.1388
1403,29,1432,0.1388
1427,28,1455,0.1388
1446,29,1475,0.1388
1466,28,1494,0.1388
1465,27,1492,0.1388
1470,27,1497,0.1388
1474,26,1500,0.1388
1471,26,1497,0.1388
1465,25,1490,0.1388
1462,26,1488,0.1388
1465,29,1494,0.1388
1453,30,1483,0.1388
1456,32,1488,0.1388
1443,32,1475,0.1388
1463,32,1495,0.1388
1462,32,1494,0.1388
1458,34,1492,0.1388
1468,31,1499,0.1388
1473,29,1502,0.1388
1480,28,1508,0.1388
1474,27,1501,0.1388
1474,28,1502,0.1388
1462,28,1490,0.1388
1474,28,1502,0.1388
1467,29,1496,0.1388
1463,29,1492,0.1388
1468,29,1497,0.1388
1462,28,1490,0.1388
1465,28,1493,0.1388
1450,28,1478,0.1388
1452,29,1481,0.1388
1445,32,1477,0.1388
1457,33,1490,0.1388
1446,33,1479,0.1388
1462,35,1497,0.1388
1465,36,1501,0.1388
1465,35,1500,0.1388
1479,32,1511,0.1388
1471,34,1505,0.1388
1467,33,1500,0.1388
1466,33,1499,0.1388
1457,33,1490,0.1388
1451,34,1485,0.1388
1454,32,1486,0.1388
1454,31,1485,0.1388
1454,33,1487,0.1388
1450,31,1481,0.1388
1442,31,1473,0.1388
1437,32,1469,0.1388
1446,31,1477,0.1388
1463,31,1494,0.1388
1467,31,1498,0.1388
1469,30,1499,0.1388
1484,32,1516,0.1388
1471,32,1503,0.1388
1475,32,1507,0.1388
1464,32,1496,0.1388
1463,31,1494,0.1388
1476,32,1508,0.1388
1476,33,1509,0.1388
1471,34,1505,0.1388
1472,34,1506,0.1388
1473,35,1508,0.1388
1481,36,1517,0.1388
1469,36,1505,0.1388
1458,36,1494,0.1388
1457,36,1493,0.1388
1451,37,1488,0.1388
1461,36,1497,0.1388
1465,37,1502,0.1388
1469,37,1506,0.1388
1467,37,1504,0.1388
1475,36,1511,0.1388
1468,37,1505,0.1388
1457,38,1495,0.1388
1471,37,1508,0.1388
1460,36,1496,0.1388
1445,36,1481,0.1388
1460,33,1493,0.1388
1451,35,1486,0.1388
1459,38,1497,0.1388
1461,39,1500,0.1388
1471,40,1511,0.1388
1460,41,1501,0.1388
1464,42,1506,0.1388
1447,40,1487,0.1388
1450,41,1491,0.1388
1458,42,1500,0.1388
1462,43,1505,0.1388
1460,44,1504,0.1388
1472,44,1516,0.1388
1455,42,1497,0.1388
1449,43,1492,0.1388
1454,43,1497,0.1388
1463,46,1509,0.1388
1456,47,1503,0.1388
1447,47,1494,0.1388
1437,48,1485,0.1388
1439,47,1486,0.1388
1443,47,1490,0.1388
1450,46,1496,0.1388
1459,46,1505,0.1388
1444,42,1486,0.1388
1442,44,1486,0.1388
1445,44,1489,0.1388
1432,45,1477,0.1388
1435,43,1478,0.1388
1449,44,1493,0.1388
1427,45,1472,0.1388
1429,45,1474,0.1388
1442,45,1487,0.1388
1437,47,1484,0.1388
1442,49,1491,0.1388
1440,48,1488,0.1388
1440,46,1486,0.1388
1446,47,1493,0.1388
1445,46,1491,0.1388
1452,48,1500,0.1388
1445,47,1492,0.1388
1441,47,1488,0.1388
1448,48,1496,0.1388
1458,48,1506,0.1388
1455,49,1504,0.1388
1454,48,1502,0.1388
1452,50,1502,0.1388
1454,50,1504,0.1388
1445,47,1492,0.1388
1432,48,1480,0.1388
1450,47,1497,0.1388
1456,47,1503,0.1388
1455,47,1502,0.1388
1446,47,1493,0.1388
1439,46,1485,0.1388
1442,44,1486,0.1388
1431,45,1476,0.1388
1440,46,1486,0.1388
1439,47,1486,0.1388
1440,47,1487,0.1388
1440,51,1491,0.1388
1441,52,1493,0.1388
1436,52,1488,0.1388
1434,52,1486,0.1388
1429,53,1482,0.1388
1431,54,1485,0.1388
1429,55,1484,0.1388
1438,56,1494,0.1388
1445,56,1501,0.1388
1447,57,1504,0.1388
1432,53,1485,0.1388
1432,54,1486,0.1388
1426,55,1481,0.1388
1429,54,1483,0.1388
1427,53,1480,0.1388
1424,51,1475,0.1388
1415,52,1467,0.1388
1412,51,1463,0.1388
1427,45,1472,0.1388
1435,46,1481,0.1388
1436,44,1480,0.1388
1459,43,1502,0.1388
1444,45,1489,0.1388
1448,46,1494,0.1388
1446,48,1494,0.1388
1438,49,1487,0.1388
1446,48,1494,0.1388
1456,50,1506,0.1388
1450,50,1500,0.1388
1433,52,1485,0.1388
1424,52,1476,0.1388
1430,52,1482,0.1388
1428,52,1480,0.1388
1453,54,1507,0.1388
1448,55,1503,0.1388
1444,57,1501,0.1388
1431,57,1488,0.1388
1446,59,1505,0.1388
1458,58,1516,0.1388
1451,56,1507,0.1388
1455,58,1513,0.1388
1459,57,1516,0.1388
1450,57,1507,0.1388
1429,57,1486,0.1388
1439,59,1498,0.1388
1429,58,1487,0.1388
1430,61,1491,0.1388
1433,61,1494,0.1388
1423,61,1484,0.1388
1422,59,1481,0.1388
1421,61,1482,0.1388
1420,65,1485,0.1388
1424,63,1487,0.1388
1428,66,1494,0.1388
1432,66,1498,0.1388
1419,66,1485,0.1388
1423,67,1490,0.1388
1432,66,1498,0.1388
1432,69,1501,0.1388
1434,70,1504,0.1388
1423,67,1490,0.1388
1413,71,1484,0.1388
1411,69,1480,0.1388
1414,72,1486,0.1388
1417,67,1484,0.1388
1417,68,1485,0.1388
1417,67,1484,0.1388
1431,67,1498,0.1388
1436,67,1503,0.1388
1432,70,1502,0.1388
1430,71,1501,0.1388
1425,72,1497,0.1388
1424,75,1499,0.1388
1420,73,1493,0.1388
1431,71,1502,0.1388
1416,71,1487,0.1388
1426,72,1498,0.1388
1418,71,1489,0.1388
1417,70,1487,0.1388
1430,71,1501,0.1388
1425,71,1496,0.1388
1437,68,1505,0.1388
1442,70,1512,0.1388
1447,67,1514,0.1388
1444,68,1512,0.1388
1433,66,1499,0.1388
1431,68,1499,0.1388
1427,69,1496,0.1388
1427,71,1498,0.1388
1419,73,1492,0.1388
1427,72,1499,0.1388
1415,74,1489,0.1388
1410,74,1484,0.1388
1413,76,1489,0.1388
1420,77,1497,0.1388
1425,79,1504,0.1388
1431,78,1509,0.1388
1431,78,1509,0.1388
1415,80,1495,0.1388
1413,78,1491,0.1388
1414,79,1493,0.1388
1408,80,1488,0.1388
1404,77,1481,0.1388
1398,78,1476,0.1388
1415,78,1493,0.1388
1409,81,1490,0.1388
1418,79,1497,0.1388
1407,76,1483,0.1388
1420,78,1498,0.1388
1412,79,1491,0.1388
1426,80,1506,0.1388
1426,80,1506,0.1388
1423,77,1500,0.1388
1434,79,1513,0.1388
1428,79,1507,0.1388
1427,82,1509,0.1388
1431,83,1514,0.1388
1422,83,1505,0.1388
1396,84,1480,0.1388
1407,85,1492,0.1388
1388,88,1476,0.1388
1391,87,1478,0.1388
1403,89,1492,0.1388
1398,88,1486,0.1388
1393,92,1485,0.1388
1406,92,1498,0.1388
1398,96,1494,0.1388
1384,96,1480,0.1388
1382,95,1477,0.1388
1391,97,1488,0.1388
1403,96,1499,0.1388
1411,94,1505,0.1388
1402,97,1499,0.1388
1393,97,1490,0.1388
1406,99,1505,0.1388
1397,96,1493,0.1388
1408,95,1503,0.1388
1406,97,1503,0.1388
1396,96,1492,0.1388
1390,96,1486,0.1388
1392,95,1487,0.1388
1392,91,1483,0.1388
1400,89,1489,0.1388
1403,89,1492,0.1388
1404,90,1494,0.1388
1401,88,1489,0.1388
1402,93,1495,0.1388
1410,96,1506,0.1388
1407,93,1500,0.1388
1408,91,1499,0.1388
1393,91,1484,0.1388
1398,93,1491,0.1388
1403,95,1498,0.1388
1395,94,1489,0.1388
1395,97,1492,0.1388
1394,98,1492,0.1388
1401,98,1499,0.1388
1391,101,1492,0.1388
1392,105,1497,0.1388
1397,103,1500,0.1388
1397,100,1497,0.1388
1406,99,1505,0.1388
1403,98,1501,0.1388
1418,99,1517,0.1388
1409,99,1508,0.1388
1387,95,1482,0.1388
1393,100,1493,0.1388
1393,101,1494,0.1388
1389,103,1492,0.1388
1386,101,1487,0.1388
1387,101,1488,0.1388
1390,101,1491,0.1388
1391,102,1493,0.1388
1385,101,1486,0.1388
1377,100,1477,0.1388
1381,102,1483,0.1388
1390,110,1500,0.1388
1391,112,1503,0.1388
1390,112,1502,0.1388
1380,108,1488,0.1388
1389,108,1497,0.1388
1390,105,1495,0.1388
1388,106,1494,0.1388
1383,103,1486,0.1388
1377,102,1479,0.1388
1388,109,1497,0.1388
1375,109,1484,0.1388
1360,107,1467,0.1388
1366,108,1474,0.1388
1379,108,1487,0.1388
1379,106,1485,0.1388
1362,109,1471,0.1388
1367,113,1480,0.1388
1356,117,1473,0.1388
1359,117,1476,0.1388
1347,120,1467,0.1388
1367,118,1485,0.1388
1366,116,1482,0.1388
1350,118,1468,0.1388
1368,121,1489,0.1388
1366,117,1483,0.1388
1366,119,1485,0.1388
1371,119,1490,0.1388
1369,122,1491,0.1388
1371,125,1496,0.1388
1363,131,1494,0.1388
1364,131,1495,0.1388
1368,131,1499,0.1388
1382,134,1516,0.1388
1380,130,1510,0.1388
1383,137,1520,0.1388
1372,139,1511,0.1388
1367,142,1509,0.1388
1371,142,1513,0.1388
1383,140,1523,0.1388
1363,139,1502,0.1388
1357,135,1492,0.1388
1363,137,1500,0.1388
1367,138,1505,0.1388
1350,138,1488,0.1388
1343,139,1482,0.1388
1334,138,1472,0.1388
1342,138,1480,0.1388
1347,139,1486,0.1388
1347,134,1481,0.1388
1365,137,1502,0.1388
1359,135,1494,0.1388
1364,140,1504,0.1388
1366,138,1504,0.1388
1367,139,1506,0.1388
1368,137,1505,0.1388
1360,137,1497,0.1388
1362,138,1500,0.1388
1357,131,1488,0.1388
1357,137,1494,0.1388
1353,142,1495,0.1388
1347,145,1492,0.1388
1345,143,1488,0.1388
1354,146,1500,0.1388
1339,146,1485,0.1388
1337,146,1483,0.1388
1343,150,1493,0.1388
1342,149,1491,0.1388
1336,150,1486,0.1388
1337,149,1486,0.1388
1341,152,1493,0.1388
1345,156,1501,0.1388
1344,155,1499,0.1388
1339,158,1497,0.1388
1353,160,1513,0.1388
1352,158,1510,0.1388
1341,161,1502,0.1388
1340,160,1500,0.1388
1331,161,1492,0.1388
1320,163,1483,0.1388
1321,157,1478,0.1388
1341,160,1501,0.1388
1323,159,1482,0.1388
1340,162,1502,0.1388
1345,162,1507,0.1388
1342,159,1501,0.1388
1333,156,1489,0.1388
1331,154,1485,0.1388
1330,157,1487,0.1388
1329,155,1484,0.1388
1329,159,1488,0.1388
1324,156,1480,0.1388
1323,156,1479,0.1388
1325,159,1484,0.1388
1327,158,1485,0.1388
1332,161,1493,0.1388
1329,162,1491,0.1388
1325,165,1490,0.1388
1342,171,1513,0.1388
1336,172,1508,0.1388
1335,171,1506,0.1388
1328,171,1499,0.1388
1323,171,1494,0.1388
1318,171,1489,0.1388
1329,173,1502,0.1388
1329,174,1503,0.1388
1329,167,1496,0.1388
1321,167,1488,0.1388
1337,163,1500,0.1388
1342,165,1507,0.1388
1345,162,1507,0.1388
1339,163,1502,0.1388
1330,166,1496,0.1388
1332,165,1497,0.1388
1340,164,1504,0.1388
1322,167,1489,0.1388
1326,164,1490,0.1388
1329,162,1491,0.1388
1331,165,1496,0.1388
1318,165,1483,0.1388
1325,165,1490,0.1388
1342,167,1509,0.1388
1334,164,1498,0.1388
1337,160,1497,0.1388
1332,162,1494,0.1388
1326,160,1486,0.1388
1338,159,1497,0.1388
1338,160,1498,0.1388
1336,158,1494,0.1388
1353,154,1507,0.1388
1344,158,1502,0.1388
1335,161,1496,0.1388
1332,162,1494,0.1388
1324,158,1482,0.1388
1324,156,1480,0.1388
1333,158,1491,0.1388
1346,161,1507,0.1388
1339,160,1499,0.1388
1340,155,1495,0.1388
1345,157,1502,0.1388
1349,153,1502,0.1388
1347,147,1494,0.1388
1348,154,1502,0.1388
1363,148,1511,0.1388
1355,151,1506,0.1388
1355,151,1506,0.1388
1358,148,1506,0.1388
1348,152,1500,0.1388
1348,156,1504,0.1388
1355,160,1515,0.1388
1346,160,1506,0.1388
1343,160,1503,0.1388
1338,160,1498,0.1388
1333,160,1493,0.1388
1334,167,1501,0.1388
1329,168,1497,0.1388
1321,168,1489,0.1388
1331,165,1496,0.1388
1321,165,1486,0.1388
1327,171,1498,0.1388
1325,168,1493,0.1388
1317,170,1487,0.1388
1313,171,1484,0.1388
1305,171,1476,0.1388
1306,178,1484,0.1388
1312,176,1488,0.1388
1306,179,1485,0.1388
1307,182,1489,0.1388
1302,180,1482,0.1388
1301,183,1484,0.1388
1311,183,1494,0.1388
1302,182,1484,0.1388
1296,187,1483,0.1388
1307,189,1496,0.1388
1305,184,1489,0.1388
1307,185,1492,0.1388
1315,183,1498,0.1388
1315,189,1504,0.1388
1310,186,1496,0.1388
1323,186,1509,0.1388
1311,183,1494,0.1388
1301,189,1490,0.1388
1311,187,1498,0.1388
1305,188,1493,0.1388
1307,190,1497,0.1388
1304,189,1493,0.1388
1302,194,1496,0.1388
1305,192,1497,0.1388
1303,191,1494,0.1388
1297,196,1493,0.1388
1297,195,1492,0.1388
1297,195,1492,0.1388
1301,197,1498,0.1388
1292,196,1488,0.1388
1282,188,1470,0.1388
1291,188,1479,0.1388
1291,192,1483,0.1388
1279,198,1477,0.1388
1288,197,1485,0.1388
1281,199,1480,0.1388
1286,202,1488,0.1388
1306,204,1510,0.1388
1299,205,1504,0.1388
1294,202,1496,0.1388
1284,205,1489,0.1388
1289,206,1495,0.1388
1295,203,1498,0.1388
1293,208,1501,0.1388
1291,211,1502,0.1388
1295,208,1503,0.1388
1296,207,1503,0.1388
1297,211,1508,0.1388
1279,210,1489,0.1388
1269,209,1478,0.1388
1282,209,1491,0.1388
1277,213,1490,0.1388
1274,216,1490,0.1388
1267,214,1481,0.1388
1257,217,1474,0.1388
1262,217,1479,0.1388
1255,219,1474,0.1388
1249,219,1468,0.1388
1266,218,1484,0.1388
1276,209,1485,0.1388
1275,219,1494,0.1388
1284,218,1502,0.1388
1280,217,1497,0.1388
1268,212,1480,0.1388
1279,216,1495,0.1388
1285,215,1500,0.1388
1292,213,1505,0.1388
1285,209,1494,0.1388
1288,205,1493,0.1388
1274,205,1479,0.1388
1288,205,1493,0.1388
1293,199,1492,0.1388
1283,208,1491,0.1388
1268,218,1486,0.1388
1274,220,1494,0.1388
1265,221,1486,0.1388
1265,220,1485,0.1388
1258,225,1483,0.1388
1258,223,1481,0.1388
1259,225,1484,0.1388
1262,218,1480,0.1388
1279,228,1507,0.1388
1276,232,1508,0.1388
1274,232,1506,0.1388
1271,226,1497,0.1388
1263,226,1489,0.1388
1263,228,1491,0.1388
1266,229,1495,0.1388
1261,229,1490,0.1388
1257,234,1491,0.1388
1268,236,1504,0.1388
1262,238,1500,0.1388
1263,237,1500,0.1388
1263,239,1502,0.1388
1248,235,1483,0.1388
1242,242,1484,0.1388
1258,239,1497,0.1388
1257,243,1500,0.1388
1266,245,1511,0.1388
1258,242,1500,0.1388
1249,245,1494,0.1388
1258,248,1506,0.1388
1256,248,1504,0.1388
1256,247,1503,0.1388
1253,240,1493,0.1388
1242,243,1485,0.1388
1240,249,1489,0.1388
1232,247,1479,0.1388
1242,245,1487,0.1388
1245,248,1493,0.1388
1249,241,1490,0.1388
1253,245,1498,0.1388
1243,248,1491,0.1388
1241,245,1486,0.1388
1243,249,1492,0.1388
1249,248,1497,0.1388
1247,255,1502,0.1388
1255,253,1508,0.1388
1254,251,1505,0.1388
1243,253,1496,0.1388
1236,252,1488,0.1388
1235,258,1493,0.1388
1238,253,1491,0.1388
1238,252,1490,0.1388
1236,255,1491,0.1388
1234,252,1486,0.1388
1242,249,1491,0.1388
1231,245,1476,0.1388
1234,249,1483,0.1388
1241,253,1494,0.1388
1238,255,1493,0.1388
1232,255,1487,0.1388
1238,255,1493,0.1388
1244,260,1504,0.1388
1239,263,1502,0.1388
1227,264,1491,0.1388
1224,263,1487,0.1388
1230,265,1495,0.1388
1234,267,1501,0.1388
1230,266,1496,0.1388
1209,275,1484,0.1388
1219,273,1492,0.1388
1217,276,1493,0.1388
1209,270,1479,0.1388
1209,272,1481,0.1388
1209,274,1483,0.1388
1207,276,1483,0.1388
1204,278,1482,0.1388
1220,275,1495,0.1388
1220,273,1493,0.1388
1224,274,1498,0.1388
1225,276,1501,0.1388
1218,283,1501,0.1388
1219,283,1502,0.1388
1218,276,1494,0.1388
1224,275,1499,0.1388
1230,277,1507,0.1388
1228,276,1504,0.1388
1224,278,1502,0.1388
1229,282,1511,0.1388
1237,280,1517,0.1388
1232,275,1507,0.1388
1236,284,1520,0.1388
1230,279,1509,0.1388
1230,276,1506,0.1388
1230,272,1502,0.1388
1222,281,1503,0.1388
1231,281,1512,0.1388
1230,285,1515,0.1388
1222,284,1506,0.1388
1220,284,1504,0.1388
1213,287,1500,0.1388
1211,290,1501,0.1388
1197,289,1486,0.1388
1198,289,1487,0.1388
1196,295,1491,0.1388
1205,304,1509,0.1388
1196,303,1499,0.1388
1194,302,1496,0.1388
1195,306,1501,0.1388
1200,304,1504,0.1388
1195,297,1492,0.1388
1195,300,1495,0.1388
1214,304,1518,0.1388
1200,302,1502,0.1388
1203,305,1508,0.1388
1205,303,1508,0.1388
1209,307,1516,0.1388
1196,308,1504,0.1388
1197,308,1505,0.1388
1203,305,1508,0.1388
1197,307,1504,0.1388
1192,311,1503,0.1388
1207,310,1517,0.1388
1201,311,1512,0.1388
1196,309,1505,0.1388
1200,315,1515,0.1388
1194,308,1502,0.1388
1191,313,1504,0.1388
1177,315,1492,0.1388
1171,313,1484,0.1388
1168,316,1484,0.1388
1172,317,1489,0.1388
1175,316,1491,0.1388
1185,315,1500,0.1388
1184,317,1501,0.1388
1173,315,1488,0.1388
1184,321,1505,0.1388
1184,325,1509,0.1388
1171,325,1496,0.1388
1163,326,1489,0.1388
1163,321,1484,0.1388
1170,324,1494,0.1388
1171,329,1500,0.1388
1159,340,1499,0.1388
1163,335,1498,0.1388
1162,340,1502,0.1388
1160,346,1506,0.1388
1162,344,1506,0.1388
1156,347,1503,0.1388
1153,343,1496,0.1388
1144,343,1487,0.1388
1145,346,1491,0.1388
1158,343,1501,0.1388
1153,338,1491,0.1388
1154,342,1496,0.1388
1150,339,1489,0.1388
1142,332,1474,0.1388
1143,336,1479,0.1388
1147,340,1487,0.1388
1158,340,1498,0.1388
1158,344,1502,0.1388
1165,339,1504,0.1388
1161,344,1505,0.1388
1154,355,1509,0.1388
1165,361,1526,0.1388
1154,358,1512,0.1388
1151,356,1507,0.1388
1149,362,1511,0.1388
1137,362,1499,0.1388
1131,363,1494,0.1388
1131,367,1498,0.1388
1132,361,1493,0.1388
1139,355,1494,0.1388
1136,351,1487,0.1388
1136,358,1494,0.1388
1130,354,1484,0.1388
1126,362,1488,0.1388
1137,361,1498,0.1388
1138,366,1504,0.1388
1128,369,1497,0.1388
1118,370,1488,0.1388
1113,369,1482,0.1388
1119,372,1491,0.1388
1116,369,1485,0.1388
1113,373,1486,0.1388
1107,372,1479,0.1388
1110,376,1486,0.1388
1105,385,1490,0.1388
1109,384,1493,0.1388
1109,381,1490,0.1388
1115,379,1494,0.1388
1111,382,1493,0.1388
1111,380,1491,0.1388
1111,394,1505,0.1388
1107,393,1500,0.1388
1092,396,1488,0.1388
1095,401,1496,0.1388
1104,405,1509,0.1388
1094,406,1500,0.1388
1092,404,1496,0.1388
1093,404,1497,0.1388
1091,409,1500,0.1388
1091,415,1506,0.1388
1087,410,1497,0.1388
1095,408,1503,0.1388
1095,401,1496,0.1388
1100,397,1497,0.1388
1091,398,1489,0.1388
1092,396,1488,0.1388
1093,402,1495,0.1388
1087,407,1494,0.1388
1080,413,1493,0.1388
1083,413,1496,0.1388
1076,410,1486,0.1388
1080,399,1479,0.1388
1091,411,1502,0.1388
1094,402,1496,0.1388
1087,398,1485,0.1388
1088,397,1485,0.1388
1107,392,1499,0.1388
1110,395,1505,0.1388
1101,398,1499,0.1388
1097,401,1498,0.1388
1084,406,1490,0.1388
1082,405,1487,0.1388
1087,416,1503,0.1388
1086,411,1497,0.1388
1085,410,1495,0.1388
1091,408,1499,0.1388
1085,416,1501,0.1388
1074,419,1493,0.1388
1068,413,1481,0.1388
1085,419,1504,0.1388
1086,421,1507,0.1388
1083,415,1498,0.1388
1076,425,1501,0.1388
1085,429,1514,0.1388
1084,428,1512,0.1388
1081,427,1508,0.1388
1083,427,1510,0.1388
1081,422,1503,0.1388
1086,417,1503,0.1388
1085,422,1507,0.1388
1080,427,1507,0.1388
1070,424,1494,0.1388
1081,427,1508,0.1388
1076,424,1500,0.1388
1073,419,1492,0.1388
1075,431,1506,0.1388
1072,426,1498,0.1388
1073,433,1506,0.1388
1075,435,1510,0.1388
1064,440,1504,0.1388
1067,436,1503,0.1388
1067,434,1501,0.1388
1072,435,1507,0.1388
1079,434,1513,0.1388
1082,434,1516,0.1388
1085,431,1516,0.1388
1083,432,1515,0.1388
1079,431,1510,0.1388
1078,434,1512,0.1388
1069,435,1504,0.1388
1075,443,1518,0.1388
1065,438,1503,0.1388
1059,442,1501,0.1388
1072,437,1509,0.1388
1065,439,1504,0.1388
1060,439,1499,0.1388
1047,442,1489,0.1388
1058,445,1503,0.1388
1056,444,1500,0.1388
1062,449,1511,0.1388
1054,449,1503,0.1388
1047,452,1499,0.1388
1040,445,1485,0.1388
1051,449,1500,0.1388
1045,446,1491,0.1388
1044,450,1494,0.1388
1042,450,1492,0.1388
1048,442,1490,0.1388
1056,451,1507,0.1388
1053,449,1502,0.1388
1051,448,1499,0.1388
1049,458,1507,0.1388
1036,460,1496,0.1388
1042,462,1504,0.1388
1038,467,1505,0.1388
1035,472,1507,0.1388
1032,473,1505,0.1388
1039,471,1510,0.1388
1044,471,1515,0.1388
1036,468,1504,0.1388
1046,473,1519,0.1388
1047,473,1520,0.1388
1039,470,1509,0.1388
1022,460,1482,0.1388
1021,471,1492,0.1388
1025,470,1495,0.1388
1027,472,1499,0.1388
1026,472,1498,0.1388
1031,473,1504,0.1388
1033,474,1507,0.1388
1028,484,1512,0.1388
1036,474,1510,0.1388
1034,471,1505,0.1388
1029,474,1503,0.1388
1022,480,1502,0.1388
1021,487,1508,0.1388
1025,489,1514,0.1388
1028,484,1512,0.1388
1029,482,1511,0.1388
1028,476,1504,0.1388
1025,480,1505,0.1388
1023,479,1502,0.1388
1014,478,1492,0.1388
1022,485,1507,0.1388
1028,481,1509,0.1388
1041,482,1523,0.1388
1025,472,1497,0.1388
1024,477,1501,0.1388
1027,480,1507,0.1388
1018,477,1495,0.1388
1012,481,1493,0.1388
1011,459,1470,0.1388
1023,468,1491,0.1388
1020,474,1494,0.1388
1034,472,1506,0.1388
1040,470,1510,0.1388
1037,469,1506,0.1388
1041,472,1513,0.1388
1024,479,1503,0.1388
1032,487,1519,0.1388
1037,480,1517,0.1388
1030,475,1505,0.1388
1036,472,1508,0.1388
1030,472,1502,0.1388
1037,473,1510,0.1388
1037,474,1511,0.1388
1024,478,1502,0.1388
1016,479,1495,0.1388
1012,480,1492,0.1388
1007,478,1485,0.1388
1016,480,1496,0.1388
1016,486,1502,0.1388
1018,487,1505,0.1388
1029,480,1509,0.1388
1010,484,1494,0.1388
1011,484,1495,0.1388
1002,484,1486,0.1388
1011,489,1500,0.1388
1005,490,1495,0.1388
1007,475,1482,0.1388
1021,483,1504,0.1388
1023,482,1505,0.1388
1015,483,1498,0.1388
1013,484,1497,0.1388
1023,487,1510,0.1388
1023,479,1502,0.1388
1030,486,1516,0.1388
1025,479,1504,0.1388
1021,480,1501,0.1388
1021,478,1499,0.1388
1018,483,1501,0.1388
1012,480,1492,0.1388
1018,483,1501,0.1388
1014,491,1505,0.1388
1020,492,1512,0.1388
1008,495,1503,0.1388
1007,497,1504,0.1388
1009,486,1495,0.1388
1011,485,1496,0.1388
1015,487,1502,0.1388
1015,489,1504,0.1388
1014,487,1501,0.1388
1013,493,1506,0.1388
1008,498,1506,0.1388
1013,496,1509,0.1388
1009,498,1507,0.1388
1020,500,1520,0.1388
1007,498,1505,0.1388
1007,501,1508,0.1388
1007,502,1509,0.1388
1004,510,1514,0.1388
1001,510,1511,0.1388
1000,517,1517,0.1388
998,512,1510,0.1388
985,510,1495,0.1388
995,507,1502,0.1388
984,505,1489,0.1388
979,510,1489,0.1388
973,513,1486,0.1388
974,517,1491,0.1388
980,515,1495,0.1388
984,524,1508,0.1388
989,523,1512,0.1388
989,513,1502,0.1388
994,515,1509,0.1388
993,515,1508,0.1388
996,519,1515,0.1388
987,519,1506,0.1388
997,522,1519,0.1388
1001,528,1529,0.1388
1006,523,1529,0.1388
1004,530,1534,0.1388
990,526,1516,0.1388
977,520,1497,0.1388
979,518,1497,0.1388
976,514,1490,0.1388
981,516,1497,0.1388
988,518,1506,0.1388
981,510,1491,0.1388
986,500,1486,0.1388
997,514,1511,0.1388
992,513,1505,0.1388
998,517,1515,0.1388
1000,515,1515,0.1388
988,513,1501,0.1388
977,517,1494,0.1388
981,516,1497,0.1388
986,511,1497,0.1388
982,521,1503,0.1388
989,521,1510,0.1388
992,524,1516,0.1388
988,519,1507,0.1388
995,518,1513,0.1388
986,512,1498,0.1388
988,509,1497,0.1388
980,504,1484,0.1388
971,501,1472,0.1388
985,511,1496,0.1388
981,522,1503,0.1388
985,516,1501,0.1388
979,514,1493,0.1388
985,525,1510,0.1388
979,525,1504,0.1388
993,527,1520,0.1388
990,524,1514,0.1388
987,519,1506,0.1388
979,516,1495,0.1388
981,521,1502,0.1388
966,524,1490,0.1388
966,519,1485,0.1388
990,514,1504,0.1388
993,528,1521,0.1388
989,524,1513,0.1388
970,524,1494,0.1388
967,519,1486,0.1388
977,520,1497,0.1388
987,521,1508,0.1388
989,521,1510,0.1388
987,524,1511,0.1388
991,529,1520,0.1388
990,531,1521,0.1388
983,530,1513,0.1388
965,528,1493,0.1388
978,520,1498,0.1388
973,533,1506,0.1388
967,541,1508,0.1388
957,544,1501,0.1388
951,543,1494,0.1388
946,534,1480,0.1388
956,526,1482,0.1388
947,526,1473,0.1388
948,539,1487,0.1388
947,544,1491,0.1388
947,553,1500,0.1388
938,549,1487,0.1388
945,550,1495,0.1388
941,551,1492,0.1388
939,554,1493,0.1388
934,557,1491,0.1388
934,560,1494,0.1388
933,573,1506,0.1388
925,573,1498,0.1388
915,567,1482,0.1388
924,580,1504,0.1388
922,576,1498,0.1388
937,581,1518,0.1388
934,584,1518,0.1388
932,580,1512,0.1388
921,577,1498,0.1388
922,576,1498,0.1388
931,581,1512,0.1388
914,584,1498,0.1388
919,586,1505,0.1388
909,596,1505,0.1388
920,600,1520,0.1388
916,598,1514,0.1388
909,592,1501,0.1388
901,590,1491,0.1388
902,595,1497,0.1388
900,594,1494,0.1388
907,600,1507,0.1388
905,596,1501,0.1388
898,600,1498,0.1388
882,604,1486,0.1388
876,614,1490,0.1388
879,616,1495,0.1388
866,614,1480,0.1388
865,622,1487,0.1388
862,630,1492,0.1388
848,626,1474,0.1388
855,630,1485,0.1388
861,636,1497,0.1388
856,637,1493,0.1388
858,633,1491,0.1388
860,637,1497,0.1388
872,641,1513,0.1388
868,649,1517,0.1388
862,648,1510,0.1388
867,647,1514,0.1388
872,635,1507,0.1388
868,639,1507,0.1388
879,640,1519,0.1388
878,646,1524,0.1388
876,644,1520,0.1388
872,647,1519,0.1388
871,636,1507,0.1388
862,629,1491,0.1388
862,632,1494,0.1388
859,637,1496,0.1388
866,643,1509,0.1388
859,640,1499,0.1388
865,636,1501,0.1388
868,626,1494,0.1388
872,638,1510,0.1388
875,635,1510,0.1388
876,641,1517,0.1388
886,642,1528,0.1388
876,639,1515,0.1388
875,630,1505,0.1388
877,630,1507,0.1388
872,634,1506,0.1388
868,639,1507,0.1388
867,627,1494,0.1388
865,621,1486,0.1388
870,620,1490,0.1388
869,616,1485,0.1388
871,620,1491,0.1388
878,619,1497,0.1388
868,624,1492,0.1388
876,628,1504,0.1388
878,634,1512,0.1388
881,621,1502,0.1388
880,626,1506,0.1388
891,624,1515,0.1388
897,630,1527,0.1388
877,626,1503,0.1388
877,621,1498,0.1388
870,624,1494,0.1388
871,623,1494,0.1388
868,617,1485,0.1388
841,625,1466,0.1388
845,631,1476,0.1388
851,638,1489,0.1388
855,647,1502,0.1388
862,646,1508,0.1388
867,641,1508,0.1388
860,636,1496,0.1388
852,640,1492,0.1388
858,645,1503,0.1388
851,648,1499,0.1388
852,644,1496,0.1388
851,656,1507,0.1388
851,660,1511,0.1388
842,656,1498,0.1388
843,654,1497,0.1388
854,653,1507,0.1388
852,655,1507,0.1388
859,655,1514,0.1388
857,649,1506,0.1388
863,653,1516,0.1388
860,660,1520,0.1388
839,664,1503,0.1388
844,672,1516,0.1388
833,662,1495,0.1388
831,662,1493,0.1388
834,666,1500,0.1388
833,669,1502,0.1388
833,672,1505,0.1388
835,677,1512,0.1388
831,679,1510,0.1388
829,670,1499,0.1388
825,677,1502,0.1388
829,681,1510,0.1388
828,690,1518,0.1388
822,691,1513,0.1388
816,681,1497,0.1388
822,684,1506,0.1388
826,675,1501,0.1388
828,682,1510,0.1388
822,686,1508,0.1388
815,684,1499,0.1388
807,679,1486,0.1388
801,689,1490,0.1388
803,689,1492,0.1388
797,690,1487,0.1388
799,704,1503,0.1388
801,706,1507,0.1388
796,709,1505,0.1388
792,708,1500,0.1388
793,707,1500,0.1388
790,708,1498,0.1388
782,712,1494,0.1388
784,720,1504,0.1388
796,711,1507,0.1388
799,698,1497,0.1388
798,704,1502,0.1388
804,702,1506,0.1388
802,697,1499,0.1388
803,700,1503,0.1388
799,706,1505,0.1388
789,713,1502,0.1388
804,713,1517,0.1388
795,708,1503,0.1388
808,706,1514,0.1388
798,713,1511,0.1388
785,714,1499,0.1388
786,719,1505,0.1388
790,729,1519,0.1388
780,732,1512,0.1388
775,734,1509,0.1388
770,733,1503,0.1388
767,729,1496,0.1388
762,733,1495,0.1388
764,728,1492,0.1388
748,727,1475,0.1388
743,731,1474,0.1388
739,733,1472,0.1388
749,731,1480,0.1388
750,735,1485,0.1388
749,741,1490,0.1388
747,751,1498,0.1388
753,754,1507,0.1388
757,753,1510,0.1388
755,746,1501,0.1388
749,746,1495,0.1388
744,747,1491,0.1388
754,748,1502,0.1388
757,748,1505,0.1388
760,749,1509,0.1388
756,742,1498,0.1388
760,751,1511,0.1388
759,753,1512,0.1388
756,751,1507,0.1388
741,751,1492,0.1388
745,755,1500,0.1388
745,758,1503,0.1388
748,761,1509,0.1388
744,767,1511,0.1388
742,751,1493,0.1388
750,764,1514,0.1388
744,759,1503,0.1388
741,772,1513,0.1388
742,780,1522,0.1388
742,777,1519,0.1388
740,766,1506,0.1388
746,773,1519,0.1388
736,782,1518,0.1388
734,777,1511,0.1388
736,783,1519,0.1388
738,780,1518,0.1388
740,784,1524,0.1388
749,779,1528,0.1388
743,784,1527,0.1388
740,785,1525,0.1388
725,782,1507,0.1388
727,780,1507,0.1388
734,781,1515,0.1388
734,796,1530,0.1388
736,794,1530,0.1388
725,797,1522,0.1388
711,793,1504,0.1388
720,798,1518,0.1388
715,798,1513,0.1388
714,803,1517,0.1388
723,798,1521,0.1388
714,791,1505,0.1388
711,806,1517,0.1388
708,803,1511,0.1388
717,801,1518,0.1388
718,803,1521,0.1388
713,808,1521,0.1388
716,810,1526,0.1388
713,806,1519,0.1388
711,809,1520,0.1388
714,806,1520,0.1388
708,800,1508,0.1388
709,813,1522,0.1388
707,805,1512,0.1388
700,806,1506,0.1388
706,805,1511,0.1388
697,815,1512,0.1388
694,810,1504,0.1388
699,805,1504,0.1388
699,810,1509,0.1388
692,811,1503,0.1388
692,807,1499,0.1388
689,803,1492,0.1388
680,804,1484,0.1388
679,803,1482,0.1388
684,803,1487,0.1388
692,809,1501,0.1388
678,818,1496,0.1388
676,818,1494,0.1388
671,828,1499,0.1388
669,827,1496,0.1388
668,830,1498,0.1388
673,825,1498,0.1388
666,818,1484,0.1388
665,824,1489,0.1388
655,821,1476,0.1388
654,818,1472,0.1388
665,832,1497,0.1388
666,842,1508,0.1388
664,845,1509,0.1388
665,834,1499,0.1388
671,832,1503,0.1388
671,830,1501,0.1388
664,826,1490,0.1388
664,832,1496,0.1388
671,831,1502,0.1388
675,838,1513,0.1388
671,842,1513,0.1388
675,840,1515,0.1388
674,828,1502,0.1388
672,820,1492,0.1388
680,815,1495,0.1388
678,818,1496,0.1388
659,821,1480,0.1388
658,828,1486,0.1388
659,838,1497,0.1388
666,842,1508,0.1388
668,850,1518,0.1388
665,843,1508,0.1388
666,845,1511,0.1388
663,849,1512,0.1388
666,843,1509,0.1388
665,847,1512,0.1388
664,849,1513,0.1388
662,852,1514,0.1388
664,849,1513,0.1388
668,847,1515,0.1388
668,851,1519,0.1388
665,865,1530,0.1388
666,855,1521,0.1388
664,868,1532,0.1388
655,852,1507,0.1388
649,857,1506,0.1388
644,865,1509,0.1388
642,856,1498,0.1388
641,852,1493,0.1388
639,855,1494,0.1388
637,868,1505,0.1388
641,869,1510,0.1388
639,882,1521,0.1388
646,879,1525,0.1388
644,878,1522,0.1388
641,872,1513,0.1388
630,858,1488,0.1388
629,861,1490,0.1388
627,862,1489,0.1388
623,859,1482,0.1388
628,871,1499,0.1388
629,875,1504,0.1388
620,878,1498,0.1388
624,880,1504,0.1388
627,879,1506,0.1388
624,892,1516,0.1388
621,889,1510,0.1388
626,891,1517,0.1388
627,895,1522,0.1388
624,887,1511,0.1388
613,887,1500,0.1388
619,891,1510,0.1388
610,893,1503,0.1388
610,893,1503,0.1388
608,900,1508,0.1388
611,902,1513,0.1388
605,905,1510,0.1388
603,910,1513,0.1388
614,906,1520,0.1388
617,905,1522,0.1388
610,896,1506,0.1388
610,887,1497,0.1388
611,884,1495,0.1388
622,877,1499,0.1388
612,880,1492,0.1388
621,883,1504,0.1388
615,884,1499,0.1388
610,881,1491,0.1388
608,886,1494,0.1388
611,902,1513,0.1388
606,900,1506,0.1388
607,901,1508,0.1388
604,907,1511,0.1388
608,907,1515,0.1388
612,906,1518,0.1388
600,905,1505,0.1388
598,896,1494,0.1388
594,912,1506,0.1388
597,909,1506,0.1388
588,917,1505,0.1388
592,911,1503,0.1388
588,921,1509,0.1388
587,924,1511,0.1388
584,924,1508,0.1388
578,928,1506,0.1388
581,922,1503,0.1388
574,931,1505,0.1388
568,940,1508,0.1388
566,945,1511,0.1388
562,938,1500,0.1388
561,934,1495,0.1388
568,941,1509,0.1388
562,942,1504,0.1388
569,936,1505,0.1388
567,941,1508,0.1388
578,955,1533,0.1388
576,959,1535,0.1388
567,956,1523,0.1388
570,957,1527,0.1388
565,965,1530,0.1388
565,955,1520,0.1388
565,955,1520,0.1388
557,957,1514,0.1388
554,953,1507,0.1388
557,958,1515,0.1388
556,971,1527,0.1388
555,965,1520,0.1388
550,961,1511,0.1388
553,958,1511,0.1388
544,956,1500,0.1388
541,961,1502,0.1388
538,961,1499,0.1388
540,953,1493,0.1388
550,953,1503,0.1388
546,957,1503,0.1388
550,954,1504,0.1388
551,960,1511,0.1388
548,971,1519,0.1388
543,967,1510,0.1388
550,976,1526,0.1388
541,967,1508,0.1388
536,980,1516,0.1388
535,982,1517,0.1388
532,980,1512,0.1388
528,993,1521,0.1388
527,985,1512,0.1388
522,982,1504,0.1388
521,976,1497,0.1388
515,976,1491,0.1388
510,986,1496,0.1388
508,991,1499,0.1388
502,1009,1511,0.1388
499,1010,1509,0.1388
506,1007,1513,0.1388
497,1008,1505,0.1388
495,1011,1506,0.1388
490,1022,1512,0.1388
489,1016,1505,0.1388
489,1011,1500,0.1388
480,1010,1490,0.1388
477,1010,1487,0.1388
477,1014,1491,0.1388
479,1012,1491,0.1388
480,1019,1499,0.1388
480,1014,1494,0.1388
476,1022,1498,0.1388
480,1024,1504,0.1388
487,1027,1514,0.1388
486,1031,1517,0.1388
477,1033,1510,0.1388
472,1025,1497,0.1388
470,1044,1514,0.1388
462,1043,1505,0.1388
464,1048,1512,0.1388
466,1051,1517,0.1388
467,1044,1511,0.1388
467,1047,1514,0.1388
468,1037,1505,0.1388
470,1028,1498,0.1388
477,1033,1510,0.1388
473,1041,1514,0.1388
474,1051,1525,0.1388
476,1040,1516,0.1388
476,1034,1510,0.1388
469,1041,1510,0.1388
473,1055,1528,0.1388
469,1052,1521,0.1388
470,1044,1514,0.1388
469,1055,1524,0.1388
471,1059,1530,0.1388
466,1058,1524,0.1388
464,1058,1522,0.1388
452,1072,1524,0.1388
453,1061,1514,0.1388
456,1058,1514,0.1388
456,1060,1516,0.1388
453,1061,1514,0.1388
451,1054,1505,0.1388
456,1049,1505,0.1388
456,1048,1504,0.1388
449,1049,1498,0.1388
443,1050,1493,0.1388
451,1054,1505,0.1388
455,1056,1511,0.1388
453,1061,1514,0.1388
445,1061,1506,0.1388
443,1066,1509,0.1388
445,1062,1507,0.1388
445,1065,1510,0.1388
445,1063,1508,0.1388
444,1068,1512,0.1388
442,1071,1513,0.1388
440,1070,1510,0.1388
446,1063,1509,0.1388
446,1066,1512,0.1388
441,1075,1516,0.1388
437,1072,1509,0.1388
443,1064,1507,0.1388
451,1070,1521,0.1388
450,1074,1524,0.1388
447,1077,1524,0.1388
445,1082,1527,0.1388
441,1071,1512,0.1388
444,1078,1522,0.1388
436,1081,1517,0.1388
433,1075,1508,0.1388
429,1082,1511,0.1388
434,1079,1513,0.1388
430,1079,1509,0.1388
426,1063,1489,0.1388
428,1070,1498,0.1388
425,1075,1500,0.1388
419,1071,1490,0.1388
418,1074,1492,0.1388
422,1088,1510,0.1388
421,1075,1496,0.1388
413,1076,1489,0.1388
421,1069,1490,0.1388
422,1079,1501,0.1388
421,1080,1501,0.1388
416,1089,1505,0.1388
418,1091,1509,0.1388
419,1100,1519,0.1388
416,1103,1519,0.1388
417,1097,1514,0.1388
423,1091,1514,0.1388
422,1089,1511,0.1388
421,1095,1516,0.1388
423,1086,1509,0.1388
420,1101,1521,0.1388
422,1098,1520,0.1388
416,1101,1517,0.1388
417,1093,1510,0.1388
407,1100,1507,0.1388
408,1103,1511,0.1388
411,1100,1511,0.1388
415,1101,1516,0.1388
413,1093,1506,0.1388
411,1099,1510,0.1388
411,1101,1512,0.1388
408,1116,1524,0.1388
407,1114,1521,0.1388
410,1114,1524,0.1388
405,1120,1525,0.1388
407,1113,1520,0.1388
406,1111,1517,0.1388
404,1108,1512,0.1388
400,1112,1512,0.1388
403,1102,1505,0.1388
407,1108,1515,0.1388
394,1109,1503,0.1388
395,1123,1518,0.1388
401,1106,1507,0.1388
404,1107,1511,0.1388
400,1099,1499,0.1388
399,1112,1511,0.1388
393,1117,1510,0.1388
390,1125,1515,0.1388
383,1126,1509,0.1388
387,1131,1518,0.1388
387,1129,1516,0.1388
389,1129,1518,0.1388
389,1130,1519,0.1388
386,1136,1522,0.1388
391,1133,1524,0.1388
384,1139,1523,0.1388
382,1141,1523,0.1388
386,1147,1533,0.1388
382,1138,1520,0.1388
381,1130,1511,0.1388
377,1133,1510,0.1388
375,1131,1506,0.1388
379,1134,1513,0.1388
380,1130,1510,0.1388
378,1123,1501,0.1388
376,1134,1510,0.1388
376,1130,1506,0.1388
381,1135,1516,0.1388
378,1137,1515,0.1388
371,1130,1501,0.1388
375,1129,1504,0.1388
373,1134,1507,0.1388
371,1135,1506,0.1388
374,1145,1519,0.1388
377,1139,1516,0.1388
381,1114,1495,0.1388
379,1134,1513,0.1388
385,1135,1520,0.1388
380,1138,1518,0.1388
391,1134,1525,0.1388
394,1118,1512,0.1388
393,1121,1514,0.1388
385,1117,1502,0.1388
378,1129,1507,0.1388
376,1144,1520,0.1388
374,1143,1517,0.1388
368,1141,1509,0.1388
372,1144,1516,0.1388
372,1144,1516,0.1388
365,1137,1502,0.1388
366,1139,1505,0.1388
366,1134,1500,0.1388
368,1134,1502,0.1388
366,1142,1508,0.1388
367,1138,1505,0.1388
371,1139,1510,0.1388
365,1129,1494,0.1388
362,1137,1499,0.1388
365,1131,1496,0.1388
365,1142,1507,0.1388
362,1136,1498,0.1388
362,1151,1513,0.1388
356,1151,1507,0.1388
360,1154,1514,0.1388
358,1159,1517,0.1388
357,1169,1526,0.1388
360,1165,1525,0.1388
355,1162,1517,0.1388
348,1160,1508,0.1388
350,1162,1512,0.1388
355,1161,1516,0.1388
350,1155,1505,0.1388
341,1164,1505,0.1388
344,1164,1508,0.1388
346,1164,1510,0.1388
346,1160,1506,0.1388
349,1165,1514,0.1388
352,1168,1520,0.1388
352,1176,1528,0.1388
351,1163,1514,0.1388
350,1163,1513,0.1388
349,1169,1518,0.1388
350,1171,1521,0.1388
353,1168,1521,0.1388
354,1166,1520,0.1388
355,1170,1525,0.1388
349,1168,1517,0.1388
345,1174,1519,0.1388
346,1172,1518,0.1388
346,1171,1517,0.1388
348,1161,1509,0.1388
351,1165,1516,0.1388
352,1156,1508,0.1388
354,1161,1515,0.1388
350,1169,1519,0.1388
347,1161,1508,0.1388
348,1171,1519,0.1388
357,1176,1533,0.1388
350,1168,1518,0.1388
349,1169,1518,0.1388
347,1166,1513,0.1388
350,1169,1519,0.1388
346,1174,1520,0.1388
349,1179,1528,0.1388
348,1180,1528,0.1388
347,1176,1523,0.1388
343,1179,1522,0.1388
343,1173,1516,0.1388
350,1181,1531,0.1388
349,1181,1530,0.1388
352,1185,1537,0.1388
346,1174,1520,0.1388
339,1163,1502,0.1388
342,1169,1511,0.1388
349,1160,1509,0.1388
349,1167,1516,0.1388
352,1165,1517,0.1388
352,1172,1524,0.1388
353,1170,1523,0.1388
355,1168,1523,0.1388
346,1170,1516,0.1388
343,1176,1519,0.1388
344,1179,1523,0.1388
341,1174,1515,0.1388
343,1161,1504,0.1388
344,1167,1511,0.1388
347,1154,1501,0.1388
345,1159,1504,0.1388
337,1159,1496,0.1388
339,1165,1504,0.1388
339,1162,1501,0.1388
337,1169,1506,0.1388
336,1172,1508,0.1388
332,1182,1514,0.1388
330,1172,1502,0.1388
332,1178,1510,0.1388
335,1168,1503,0.1388
338,1173,1511,0.1388
332,1172,1504,0.1388
336,1180,1516,0.1388
336,1184,1520,0.1388
336,1175,1511,0.1388
336,1175,1511,0.1388
333,1177,1510,0.1388
335,1188,1523,0.1388
331,1194,1525,0.1388
333,1182,1515,0.1388
330,1165,1495,0.1388
326,1172,1498,0.1388
326,1170,1496,0.1388
329,1176,1505,0.1388
323,1167,1490,0.1388
326,1185,1511,0.1388
326,1184,1510,0.1388
327,1186,1513,0.1388
329,1192,1521,0.1388
327,1181,1508,0.1388
323,1170,1493,0.1388
319,1175,1494,0.1388
326,1179,1505,0.1388
327,1186,1513,0.1388
321,1187,1508,0.1388
323,1194,1517,0.1388
327,1196,1523,0.1388
321,1197,1518,0.1388
321,1191,1512,0.1388
323,1188,1511,0.1388
323,1181,1504,0.1388
324,1185,1509,0.1388
318,1191,1509,0.1388
320,1202,1522,0.1388
326,1193,1519,0.1388
326,1187,1513,0.1388
328,1196,1524,0.1388
323,1198,1521,0.1388
325,1192,1517,0.1388
324,1194,1518,0.1388
322,1199,1521,0.1388
324,1203,1527,0.1388
323,1196,1519,0.1388
318,1196,1514,0.1388
312,1200,1512,0.1388
311,1188,1499,0.1388
308,1190,1498,0.1388
310,1181,1491,0.1388
311,1184,1495,0.1388
308,1185,1493,0.1388
309,1209,1518,0.1388
311,1192,1503,0.1388
311,1191,1502,0.1388
314,1199,1513,0.1388
314,1193,1507,0.1388
310,1197,1507,0.1388
308,1192,1500,0.1388
304,1200,1504,0.1388
306,1207,1513,0.1388
306,1203,1509,0.1388
297,1205,1502,0.1388
303,1204,1507,0.1388
298,1203,1501,0.1388
298,1203,1501,0.1388
297,1214,1511,0.1388
295,1207,1502,0.1388
297,1218,1515,0.1388
293,1222,1515,0.1388
292,1228,1520,0.1388
292,1225,1517,0.1388
291,1223,1514,0.1388
288,1216,1504,0.1388
289,1218,1507,0.1388
290,1224,1514,0.1388
290,1221,1511,0.1388
291,1231,1522,0.1388
289,1223,1512,0.1388
287,1216,1503,0.1388
293,1214,1507,0.1388
288,1217,1505,0.1388
288,1230,1518,0.1388
289,1236,1525,0.1388
291,1244,1535,0.1388
285,1231,1516,0.1388
274,1236,1510,0.1388
270,1234,1504,0.1388
271,1233,1504,0.1388
268,1233,1501,0.1388
266,1240,1506,0.1388
268,1231,1499,0.1388
273,1232,1505,0.1388
268,1224,1492,0.1388
278,1240,1518,0.1388
278,1239,1517,0.1388
276,1237,1513,0.1388
270,1223,1493,0.1388
275,1226,1501,0.1388
283,1228,1511,0.1388
277,1229,1506,0.1388
273,1240,1513,0.1388
268,1238,1506,0.1388
267,1221,1488,0.1388
263,1225,1488,0.1388
266,1233,1499,0.1388
268,1232,1500,0.1388
271,1225,1496,0.1388
268,1228,1496,0.1388
269,1229,1498,0.1388
275,1237,1512,0.1388
275,1250,1525,0.1388
277,1245,1522,0.1388
274,1239,1513,0.1388
269,1245,1514,0.1388
271,1241,1512,0.1388
274,1247,1521,0.1388
269,1246,1515,0.1388
265,1256,1521,0.1388
264,1242,1506,0.1388
271,1240,1511,0.1388
270,1239,1509,0.1388
274,1233,1507,0.1388
274,1248,1522,0.1388
268,1252,1520,0.1388
268,1238,1506,0.1388
265,1245,1510,0.1388
266,1250,1516,0.1388
260,1261,1521,0.1388
264,1255,1519,0.1388
263,1251,1514,0.1388
269,1249,1518,0.1388
274,1246,1520,0.1388
280,1244,1524,0.1388
274,1247,1521,0.1388
275,1241,1516,0.1388
277,1239,1516,0.1388
276,1242,1518,0.1388
273,1244,1517,0.1388
275,1227,1502,0.1388
279,1245,1524,0.1388
280,1248,1528,0.1388
273,1247,1520,0.1388
276,1245,1521,0.1388
268,1250,1518,0.1388
271,1250,1521,0.1388
271,1246,1517,0.1388
269,1252,1521,0.1388
268,1253,1521,0.1388
269,1238,1507,0.1388
266,1252,1518,0.1388
264,1247,1511,0.1388
263,1247,1510,0.1388
259,1254,1513,0.1388
256,1266,1522,0.1388
258,1250,1508,0.1388
262,1251,1513,0.1388
257,1247,1504,0.1388
258,1254,1512,0.1388
264,1262,1526,0.1388
266,1267,1533,0.1388
262,1270,1532,0.1388
256,1262,1518,0.1388
256,1256,1512,0.1388
253,1246,1499,0.1388
257,1241,1498,0.1388
260,1243,1503,0.1388
254,1237,1491,0.1388
258,1236,1494,0.1388
262,1254,1516,0.1388
259,1247,1506,0.1388
256,1255,1511,0.1388
257,1248,1505,0.1388
256,1244,1500,0.1388
257,1248,1505,0.1388
257,1260,1517,0.1388
259,1265,1524,0.1388
255,1259,1514,0.1388
254,1260,1514,0.1388
257,1264,1521,0.1388
253,1257,1510,0.1388
251,1262,1513,0.1388
244,1253,1497,0.1388
247,1257,1504,0.1388
251,1260,1511,0.1388
247,1259,1506,0.1388
252,1264,1516,0.1388
247,1265,1512,0.1388
246,1273,1519,0.1388
248,1282,1530,0.1388
244,1269,1513,0.1388
244,1266,1510,0.1388
245,1273,1518,0.1388
243,1280,1523,0.1388
241,1269,1510,0.1388
239,1269,1508,0.1388
241,1283,1524,0.1388
237,1279,1516,0.1388
235,1275,1510,0.1388
232,1274,1506,0.1388
235,1265,1500,0.1388
229,1260,1489,0.1388
238,1263,1501,0.1388
238,1266,1504,0.1388
237,1264,1501,0.1388
240,1269,1509,0.1388
233,1265,1498,0.1388
233,1251,1484,0.1388
234,1265,1499,0.1388
233,1264,1497,0.1388
230,1264,1494,0.1388
231,1275,1506,0.1388
232,1287,1519,0.1388
238,1278,1516,0.1388
232,1280,1512,0.1388
240,1271,1511,0.1388
240,1284,1524,0.1388
243,1277,1520,0.1388
237,1274,1511,0.1388
234,1270,1504,0.1388
232,1284,1516,0.1388
236,1287,1523,0.1388
238,1278,1516,0.1388
236,1279,1515,0.1388
233,1287,1520,0.1388
232,1279,1511,0.1388
237,1280,1517,0.1388
233,1282,1515,0.1388
230,1275,1505,0.1388
233,1274,1507,0.1388
233,1272,1505,0.1388
236,1288,1524,0.1388
230,1289,1519,0.1388
226,1290,1516,0.1388
229,1285,1514,0.1388
225,1290,1515,0.1388
226,1286,1512,0.1388
231,1296,1527,0.1388
235,1296,1531,0.1388
238,1299,1537,0.1388
237,1290,1527,0.1388
231,1280,1511,0.1388
230,1271,1501,0.1388
234,1288,1522,0.1388
229,1292,1521,0.1388
226,1286,1512,0.1388
227,1284,1511,0.1388
227,1277,1504,0.1388
227,1278,1505,0.1388
228,1292,1520,0.1388
228,1302,1530,0.1388
226,1301,1527,0.1388
225,1301,1526,0.1388
219,1301,1520,0.1388
215,1301,1516,0.1388
217,1291,1508,0.1388
219,1287,1506,0.1388
215,1291,1506,0.1388
213,1310,1523,0.1388
212,1293,1505,0.1388
210,1299,1509,0.1388
209,1300,1509,0.1388
214,1302,1516,0.1388
216,1294,1510,0.1388
213,1283,1496,0.1388
219,1278,1497,0.1388
219,1277,1496,0.1388
216,1287,1503,0.1388
211,1279,1490,0.1388
211,1291,1502,0.1388
211,1291,1502,0.1388
212,1306,1518,0.1388
210,1310,1520,0.1388
209,1313,1522,0.1388
208,1316,1524,0.1388
207,1318,1525,0.1388
204,1320,1524,0.1388
206,1316,1522,0.1388
208,1319,1527,0.1388
205,1307,1512,0.1388
206,1303,1509,0.1388
208,1318,1526,0.1388
206,1316,1522,0.1388
205,1318,1523,0.1388
200,1306,1506,0.1388
197,1312,1509,0.1388
198,1310,1508,0.1388
197,1313,1510,0.1388
197,1310,1507,0.1388
197,1296,1493,0.1388
202,1296,1498,0.1388
198,1300,1498,0.1388
193,1306,1499,0.1388
187,1313,1500,0.1388
184,1332,1516,0.1388
180,1340,1520,0.1388
174,1352,1526,0.1388
170,1350,1520,0.1388
169,1353,1522,0.1388
168,1353,1521,0.1388
169,1330,1499,0.1388
170,1354,1524,0.1388
170,1339,1509,0.1388
171,1340,1511,0.1388
165,1332,1497,0.1388
165,1339,1504,0.1388
164,1350,1514,0.1388
166,1352,1518,0.1388
163,1341,1504,0.1388
162,1348,1510,0.1388
163,1339,1502,0.1388
162,1340,1502,0.1388
163,1355,1518,0.1388
162,1369,1531,0.1388
158,1357,1515,0.1388
159,1363,1522,0.1388
155,1361,1516,0.1388
155,1357,1512,0.1388
158,1351,1509,0.1388
154,1349,1503,0.1388
158,1342,1500,0.1388
157,1349,1506,0.1388
157,1353,1510,0.1388
160,1349,1509,0.1388
156,1354,1510,0.1388
156,1358,1514,0.1388
157,1351,1508,0.1388
153,1352,1505,0.1388
151,1364,1515,0.1388
154,1361,1515,0.1388
153,1364,1517,0.1388
150,1370,1520,0.1388
151,1374,1525,0.1388
151,1377,1528,0.1388
148,1368,1516,0.1388
147,1373,1520,0.1388
144,1356,1500,0.1388
145,1361,1506,0.1388
145,1371,1516,0.1388
147,1361,1508,0.1388
149,1360,1509,0.1388
146,1367,1513,0.1388
145,1360,1505,0.1388
145,1379,1524,0.1388
145,1386,1531,0.1388
144,1369,1513,0.1388
142,1366,1508,0.1388
139,1365,1504,0.1388
138,1378,1516,0.1388
138,1375,1513,0.1388
141,1382,1523,0.1388
138,1379,1517,0.1388
138,1386,1524,0.1388
135,1389,1524,0.1388
135,1388,1523,0.1388
131,1384,1515,0.1388
133,1393,1526,0.1388
129,1374,1503,0.1388
131,1375,1506,0.1388
136,1379,1515,0.1388
140,1381,1521,0.1388
140,1378,1518,0.1388
141,1393,1534,0.1388
139,1373,1512,0.1388
138,1375,1513,0.1388
135,1369,1504,0.1388
138,1351,1489,0.1388
135,1369,1504,0.1388
137,1371,1508,0.1388
136,1369,1505,0.1388
138,1360,1498,0.1388
139,1362,1501,0.1388
139,1374,1513,0.1388
136,1367,1503,0.1388
139,1377,1516,0.1388
137,1376,1513,0.1388
136,1371,1507,0.1388
136,1391,1527,0.1388
141,1389,1530,0.1388
140,1389,1529,0.1388
135,1387,1522,0.1388
131,1390,1521,0.1388
132,1387,1519,0.1388
134,1384,1518,0.1388
135,1384,1519,0.1388
133,1399,1532,0.1388
138,1395,1533,0.1388
141,1383,1524,0.1388
140,1375,1515,0.1388
142,1375,1517,0.1388
145,1366,1511,0.1388
144,1360,1504,0.1388
142,1372,1514,0.1388
142,1365,1507,0.1388
145,1366,1511,0.1388
138,1369,1507,0.1388
136,1377,1513,0.1388
133,1378,1511,0.1388
130,1387,1517,0.1388
128,1377,1505,0.1388
127,1377,1504,0.1388
129,1391,1520,0.1388
128,1382,1510,0.1388
125,1379,1504,0.1388
122,1374,1496,0.1388
125,1387,1512,0.1388
127,1383,1510,0.1388
126,1375,1501,0.1388
125,1363,1488,0.1388
129,1378,1507,0.1388
129,1383,1512,0.1388
132,1382,1514,0.1388
132,1382,1514,0.1388
129,1384,1513,0.1388
127,1396,1523,0.1388
126,1396,1522,0.1388
125,1386,1511,0.1388
122,1380,1502,0.1388
124,1381,1505,0.1388
127,1373,1500,0.1388
127,1380,1507,0.1388
125,1370,1495,0.1388
117,1395,1512,0.1388
120,1384,1504,0.1388
122,1389,1511,0.1388
122,1387,1509,0.1388
128,1392,1520,0.1388
127,1393,1520,0.1388
132,1384,1516,0.1388
129,1388,1517,0.1388
126,1384,1510,0.1388
124,1383,1507,0.1388
126,1382,1508,0.1388
128,1394,1522,0.1388
130,1397,1527,0.1388
129,1409,1538,0.1388
126,1402,1528,0.1388
125,1401,1526,0.1388
124,1400,1524,0.1388
121,1393,1514,0.1388
119,1399,1518,0.1388
121,1396,1517,0.1388
122,1386,1508,0.1388
120,1389,1509,0.1388
119,1395,1514,0.1388
116,1391,1507,0.1388
119,1404,1523,0.1388
118,1406,1524,0.1388
120,1409,1529,0.1388
121,1417,1538,0.1388
120,1404,1524,0.1388
120,1395,1515,0.1388
118,1398,1516,0.1388
118,1389,1507,0.1388
119,1390,1509,0.1388
124,1400,1524,0.1388
122,1396,1518,0.1388
119,1394,1513,0.1388
116,1394,1510,0.1388
114,1391,1505,0.1388
119,1392,1511,0.1388
123,1385,1508,0.1388
121,1395,1516,0.1388
123,1398,1521,0.1388
123,1398,1521,0.1388
120,1399,1519,0.1388
120,1397,1517,0.1388
121,1398,1519,0.1388
120,1398,1518,0.1388
117,1384,1501,0.1388
114,1389,1503,0.1388
115,1401,1516,0.1388
116,1404,1520,0.1388
116,1414,1530,0.1388
112,1406,1518,0.1388
113,1386,1499,0.1388
114,1395,1509,0.1388
118,1408,1526,0.1388
119,1416,1535,0.1388
119,1414,1533,0.1388
120,1404,1524,0.1388
117,1402,1519,0.1388
118,1405,1523,0.1388
116,1410,1526,0.1388
117,1408,1525,0.1388
114,1404,1518,0.1388
108,1393,1501,0.1388
107,1403,1510,0.1388
112,1401,1513,0.1388
114,1417,1531,0.1388
109,1405,1514,0.1388
111,1412,1523,0.1388
108,1424,1532,0.1388
104,1412,1516,0.1388
99,1409,1508,0.1388
99,1421,1520,0.1388
100,1420,1520,0.1388
99,1410,1509,0.1388
99,1413,1512,0.1388
101,1401,1502,0.1388
99,1394,1493,0.1388
103,1407,1510,0.1388
101,1415,1516,0.1388
100,1428,1528,0.1388
104,1425,1529,0.1388
103,1421,1524,0.1388
102,1416,1518,0.1388
102,1418,1520,0.1388
105,1407,1512,0.1388
103,1406,1509,0.1388
102,1400,1502,0.1388
104,1397,1501,0.1388
106,1401,1507,0.1388
107,1402,1509,0.1388
105,1413,1518,0.1388
106,1400,1506,0.1388
100,1388,1488,0.1388
100,1389,1489,0.1388
100,1403,1503,0.1388
105,1408,1513,0.1388
106,1408,1514,0.1388
104,1409,1513,0.1388
105,1394,1499,0.1388
102,1399,1501,0.1388
101,1417,1518,0.1388
98,1409,1507,0.1388
105,1409,1514,0.1388
106,1418,1524,0.1388
106,1432,1538,0.1388
105,1419,1524,0.1388
98,1414,1512,0.1388
97,1414,1511,0.1388
95,1414,1509,0.1388
92,1427,1519,0.1388
94,1413,1507,0.1388
94,1414,1508,0.1388
96,1407,1503,0.1388
97,1414,1511,0.1388
97,1422,1519,0.1388
97,1414,1511,0.1388
97,1415,1512,0.1388
99,1419,1518,0.1388
99,1413,1512,0.1388
99,1410,1509,0.1388
101,1416,1517,0.1388
101,1411,1512,0.1388
103,1397,1500,0.1388
103,1394,1497,0.1388
102,1408,1510,0.1388
100,1405,1505,0.1388
103,1418,1521,0.1388
102,1420,1522,0.1388
99,1416,1515,0.1388
101,1415,1516,0.1388
101,1412,1513,0.1388
101,1429,1530,0.1388
99,1427,1526,0.1388
98,1415,1513,0.1388
96,1422,1518,0.1388
90,1431,1521,0.1388
88,1422,1510,0.1388
91,1412,1503,0.1388
88,1405,1493,0.1388
91,1404,1495,0.1388
91,1411,1502,0.1388
89,1413,1502,0.1388
89,1414,1503,0.1388
87,1416,1503,0.1388
88,1430,1518,0.1388
88,1415,1503,0.1388
89,1411,1500,0.1388
87,1414,1501,0.1388
86,1421,1507,0.1388
86,1423,1509,0.1388
89,1432,1521,0.1388
86,1432,1518,0.1388
86,1431,1517,0.1388
88,1431,1519,0.1388
89,1431,1520,0.1388
88,1424,1512,0.1388
87,1434,1521,0.1388
85,1415,1500,0.1388
88,1415,1503,0.1388
89,1408,1497,0.1388
91,1400,1491,0.1388
93,1427,1520,0.1388
95,1429,1524,0.1388
97,1433,1530,0.1388
95,1433,1528,0.1388
93,1433,1526,0.1388
92,1430,1522,0.1388
92,1429,1521,0.1388
91,1426,1517,0.1388
90,1432,1522,0.1388
90,1429,1519,0.1388
94,1415,1509,0.1388
88,1416,1504,0.1388
90,1416,1506,0.1388
88,1399,1487,0.1388
86,1400,1486,0.1388
86,1409,1495,0.1388
85,1412,1497,0.1388
87,1412,1499,0.1388
89,1429,1518,0.1388
90,1432,1522,0.1388
90,1430,1520,0.1388
90,1441,1531,0.1388
85,1430,1515,0.1388
85,1427,1512,0.1388
84,1430,1514,0.1388
87,1443,1530,0.1388
90,1432,1522,0.1388
90,1443,1533,0.1388
89,1439,1528,0.1388
89,1441,1530,0.1388
86,1442,1528,0.1388
85,1430,1515,0.1388
85,1431,1516,0.1388
84,1434,1518,0.1388
85,1420,1505,0.1388
85,1410,1495,0.1388
88,1423,1511,0.1388
87,1428,1515,0.1388
86,1431,1517,0.1388
85,1431,1516,0.1388
84,1430,1514,0.1388
83,1426,1509,0.1388
87,1430,1517,0.1388
87,1421,1508,0.1388
86,1427,1513,0.1388
85,1419,1504,0.1388
85,1408,1493,0.1388
87,1415,1502,0.1388
85,1420,1505,0.1388
82,1419,1501,0.1388
84,1427,1511,0.1388
85,1432,1517,0.1388
84,1432,1516,0.1388
85,1427,1512,0.1388
84,1435,1519,0.1388
84,1439,1523,0.1388
84,1423,1507,0.1388
82,1426,1508,0.1388
81,1433,1514,0.1388
82,1427,1509,0.1388
82,1429,1511,0.1388
75,1430,1505,0.1388
72,1437,1509,0.1388
71,1434,1505,0.1388
70,1442,1512,0.1388
69,1429,1498,0.1388
66,1442,1508,0.1388
65,1426,1491,0.1388
66,1434,1500,0.1388
63,1443,1506,0.1388
63,1447,1510,0.1388
63,1450,1513,0.1388
62,1451,1513,0.1388
62,1450,1512,0.1388
61,1457,1518,0.1388
64,1465,1529,0.1388
65,1451,1516,0.1388
64,1468,1532,0.1388
64,1449,1513,0.1388
61,1438,1499,0.1388
61,1437,1498,0.1388
58,1435,1493,0.1388
60,1437,1497,0.1388
58,1444,1502,0.1388
60,1454,1514,0.1388
57,1464,1521,0.1388
58,1453,1511,0.1388
58,1457,1515,0.1388
56,1473,1529,0.1388
56,1454,1510,0.1388
57,1457,1514,0.1388
58,1459,1517,0.1388
56,1457,1513,0.1388
56,1465,1521,0.1388
56,1465,1521,0.1388
57,1456,1513,0.1388
58,1458,1516,0.1388
61,1458,1519,0.1388
58,1452,1510,0.1388
57,1453,1510,0.1388
58,1449,1507,0.1388
60,1435,1495,0.1388
61,1439,1500,0.1388
61,1451,1512,0.1388
61,1447,1508,0.1388
59,1455,1514,0.1388
60,1451,1511,0.1388
60,1450,1510,0.1388
57,1460,1517,0.1388
57,1472,1529,0.1388
59,1473,1532,0.1388
61,1470,1531,0.1388
62,1470,1532,0.1388
58,1460,1518,0.1388
58,1462,1520,0.1388
57,1458,1515,0.1388
55,1467,1522,0.1388
54,1477,1531,0.1388
49,1467,1516,0.1388
50,1458,1508,0.1388
50,1458,1508,0.1388
51,1470,1521,0.1388
51,1460,1511,0.1388
51,1454,1505,0.1388
49,1461,1510,0.1388
49,1465,1514,0.1388
49,1472,1521,0.1388
48,1475,1523,0.1388
49,1474,1523,0.1388
47,1476,1523,0.1388
47,1473,1520,0.1388
49,1464,1513,0.1388
47,1468,1515,0.1388
43,1473,1516,0.1388
44,1478,1522,0.1388
45,1469,1514,0.1388
44,1471,1515,0.1388
46,1486,1532,0.1388
45,1473,1518,0.1388
45,1474,1519,0.1388
47,1475,1522,0.1388
47,1478,1525,0.1388
45,1468,1513,0.1388
43,1471,1514,0.1388
45,1476,1521,0.1388
45,1479,1524,0.1388
45,1468,1513,0.1388
45,1461,1506,0.1388
44,1473,1517,0.1388
44,1470,1514,0.1388
43,1477,1520,0.1388
40,1475,1515,0.1388
40,1472,1512,0.1388
41,1472,1513,0.1388
42,1468,1510,0.1388
43,1466,1509,0.1388
44,1459,1503,0.1388
45,1449,1494,0.1388
45,1473,1518,0.1388
48,1480,1528,0.1388
47,1470,1517,0.1388
45,1463,1508,0.1388
44,1465,1509,0.1388
44,1475,1519,0.1388
42,1474,1516,0.1388
42,1475,1517,0.1388
44,1474,1518,0.1388
44,1479,1523,0.1388
45,1477,1522,0.1388
45,1479,1524,0.1388
45,1471,1516,0.1388
47,1471,1518,0.1388
49,1473,1522,0.1388
49,1465,1514,0.1388
48,1463,1511,0.1388
50,1470,1520,0.1388
52,1461,1513,0.1388
51,1462,1513,0.1388
50,1460,1510,0.1388
51,1472,1523,0.1388
52,1489,1541,0.1388
48,1466,1514,0.1388
49,1455,1504,0.1388
49,1464,1513,0.1388
44,1473,1517,0.1388
46,1468,1514,0.1388
44,1464,1508,0.1388
43,1471,1514,0.1388
45,1461,1506,0.1388
47,1462,1509,0.1388
48,1459,1507,0.1388
49,1444,1493,0.1388
48,1450,1498,0.1388
50,1455,1505,0.1388
51,1471,1522,0.1388
48,1475,1523,0.1388
49,1463,1512,0.1388
48,1478,1526,0.1388
49,1470,1519,0.1388
49,1468,1517,0.1388
48,1464,1512,0.1388
48,1456,1504,0.1388
49,1451,1500,0.1388
48,1467,1515,0.1388
45,1457,1502,0.1388
45,1453,1498,0.1388
43,1460,1503,0.1388
41,1470,1511,0.1388
43,1473,1516,0.1388
40,1481,1521,0.1388
39,1480,1519,0.1388
41,1475,1516,0.1388
41,1474,1515,0.1388
41,1475,1516,0.1388
40,1469,1509,0.1388
40,1469,1509,0.1388
41,1467,1508,0.1388
42,1482,1524,0.1388
45,1483,1528,0.1388
45,1475,1520,0.1388
43,1478,1521,0.1388
43,1463,1506,0.1388
43,1464,1507,0.1388
43,1461,1504,0.1388
43,1465,1508,0.1388
43,1470,1513,0.1388
44,1479,1523,0.1388
43,1458,1501,0.1388
44,1460,1504,0.1388
43,1456,1499,0.1388
43,1465,1508,0.1388
40,1468,1508,0.1388
40,1458,1498,0.1388
39,1474,1513,0.1388
42,1468,1510,0.1388
40,1472,1512,0.1388
37,1470,1507,0.1388
37,1472,1509,0.1388
39,1482,1521,0.1388
40,1476,1516,0.1388
39,1473,1512,0.1388
38,1476,1514,0.1388
38,1479,1517,0.1388
38,1478,1516,0.1388
37,1480,1517,0.1388
38,1482,1520,0.1388
38,1488,1526,0.1388
39,1488,1527,0.1388
40,1475,1515,0.1388
41,1485,1526,0.1388
39,1489,1528,0.1388
38,1479,1517,0.1388
37,1473,1510,0.1388
36,1474,1510,0.1388
39,1472,1511,0.1388
38,1487,1525,0.1388
38,1491,1529,0.1388
39,1486,1525,0.1388
39,1476,1515,0.1388
38,1478,1516,0.1388
38,1482,1520,0.1388
37,1479,1516,0.1388
37,1475,1512,0.1388
39,1474,1513,0.1388
39,1472,1511,0.1388
38,1484,1522,0.1388
36,1481,1517,0.1388
34,1482,1516,0.1388
34,1486,1520,0.1388
32,1482,1514,0.1388
32,1474,1506,0.1388
31,1491,1522,0.1388
31,1495,1526,0.1388
31,1499,1530,0.1388
31,1482,1513,0.1388
30,1479,1509,0.1388
28,1482,1510,0.1388
27,1483,1510,0.1388
27,1491,1518,0.1388
28,1487,1515,0.1388
29,1500,1529,0.1388
29,1502,1531,0.1388
30,1493,1523,0.1388
29,1483,1512,0.1388
28,1493,1521,0.1388
26,1493,1519,0.1388
26,1498,1524,0.1388
25,1499,1524,0.1388
25,1505,1530,0.1388
25,1520,1545,0.1388
24,1510,1534,0.1388
24,1506,1530,0.1388
23,1505,1528,0.1388
23,1503,1526,0.1388
23,1497,1520,0.1388
23,1508,1531,0.1388
22,1501,1523,0.1388
22,1502,1524,0.1388
22,1502,1524,0.1388
20,1500,1520,0.1388
19,1489,1508,0.1388
20,1483,1503,0.1388
20,1483,1503,0.1388
20,1491,1511,0.1388
20,1483,1503,0.1388
21,1485,1506,0.1388
20,1483,1503,0.1388
20,1503,1523,0.1388
19,1506,1525,0.1388
19,1516,1535,0.1388
18,1509,1527,0.1388
17,1510,1527,0.1388
18,1520,1538,0.1388
17,1513,1530,0.1388
17,1505,1522,0.1388
17,1502,1519,0.1388
16,1501,1517,0.1388
16,1496,1512,0.1388
15,1509,1524,0.1388
15,1517,1532,0.1388
15,1510,1525,0.1388
14,1500,1514,0.1388
14,1501,1515,0.1388
14,1513,1527,0.1388
14,1503,1517,0.1388
14,1498,1512,0.1388
14,1505,1519,0.1388
14,1502,1516,0.1388
15,1488,1503,0.1388
15,1507,1522,0.1388
15,1507,1522,0.1388
13,1493,1506,0.1388
12,1499,1511,0.1388
12,1493,1505,0.1388
11,1499,1510,0.1388
11,1513,1524,0.1388
10,1506,1516,0.1388
10,1516,1526,0.1388
10,1508,1518,0.1388
11,1491,1502,0.1388
11,1502,1513,0.1388
12,1512,1524,0.1388
12,1502,1514,0.1388
12,1510,1522,0.1388
12,1500,1512,0.1388
13,1502,1515,0.1388
13,1506,1519,0.1388
13,1504,1517,0.1388
13,1511,1524,0.1388
11,1507,1518,0.1388
11,1497,1508,0.1388
13,1493,1506,0.1388
13,1487,1500,0.1388
13,1483,1496,0.1388
13,1495,1508,0.1388
13,1500,1513,0.1388
12,1505,1517,0.1388
14,1499,1513,0.1388
15,1491,1506,0.1388
15,1498,1513,0.1388
15,1491,1506,0.1388
15,1482,1497,0.1388
15,1507,1522,0.1388
16,1504,1520,0.1388
16,1507,1523,0.1388
16,1508,1524,0.1388
16,1515,1531,0.1388
16,1505,1521,0.1388
17,1504,1521,0.1388
17,1509,1526,0.1388
17,1494,1511,0.1388
17,1497,1514,0.1388
17,1510,1527,0.1388
17,1505,1522,0.1388
18,1507,1525,0.1388
18,1505,1523,0.1388
18,1503,1521,0.1388
19,1509,1528,0.1388
20,1500,1520,0.1388
19,1510,1529,0.1388
18,1517,1535,0.1388
19,1516,1535,0.1388
19,1503,1522,0.1388
19,1491,1510,0.1388
19,1494,1513,0.1388
19,1492,1511,0.1388
17,1507,1524,0.1388
17,1495,1512,0.1388
16,1504,1520,0.1388
16,1493,1509,0.1388
15,1499,1514,0.1388
15,1485,1500,0.1388
14,1483,1497,0.1388
16,1488,1504,0.1388
13,1499,1512,0.1388
13,1502,1515,0.1388
12,1483,1495,0.1388
12,1499,1511,0.1388
12,1504,1516,0.1388
12,1501,1513,0.1388
12,1504,1516,0.1388
12,1513,1525,0.1388
10,1516,1526,0.1388
10,1502,1512,0.1388
11,1503,1514,0.1388
12,1499,1511,0.1388
12,1509,1521,0.1388
12,1518,1530,0.1388
12,1497,1509,0.1388
12,1485,1497,0.1388
12,1492,1504,0.1388
12,1499,1511,0.1388
12,1499,1511,0.1388
12,1500,1512,0.1388
13,1503,1516,0.1388
13,1520,1533,0.1388
14,1510,1524,0.1388
14,1507,1521,0.1388
15,1501,1516,0.1388
15,1499,1514,0.1388
15,1490,1505,0.1388
15,1495,1510,0.1388
13,1510,1523,0.1388
14,1504,1518,0.1388
12,1495,1507,0.1388
14,1506,1520,0.1388
14,1506,1520,0.1388
14,1506,1520,0.1388
14,1506,1520,0.1388
15,1501,1516,0.1388
15,1495,1510,0.1388
15,1498,1513,0.1388
15,1488,1503,0.1388
13,1494,1507,0.1388
13,1506,1519,0.1388
14,1512,1526,0.1388
14,1504,1518,0.1388
14,1498,1512,0.1388
14,1507,1521,0.1388
14,1510,1524,0.1388
13,1501,1514,0.1388
13,1503,1516,0.1388
13,1515,1528,0.1388
12,1514,1526,0.1388
11,1514,1525,0.1388
12,1515,1527,0.1388
12,1518,1530,0.1388
13,1516,1529,0.1388
13,1496,1509,0.1388
13,1497,1510,0.1388
12,1518,1530,0.1388
12,1513,1525,0.1388
13,1511,1524,0.1388
14,1517,1531,0.1388
14,1513,1527,0.1388
14,1501,1515,0.1388
15,1502,1517,0.1388
15,1504,1519,0.1388
14,1501,1515,0.1388
14,1497,1511,0.1388
13,1498,1511,0.1388
13,1493,1506,0.1388
13,1504,1517,0.1388
13,1517,1530,0.1388
13,1506,1519,0.1388
12,1493,1505,0.1388
12,1500,1512,0.1388
13,1498,1511,0.1388
14,1501,1515,0.1388
14,1495,1509,0.1388
13,1496,1509,0.1388
13,1501,1514,0.1388
13,1492,1505,0.1388
13,1502,1515,0.1388
13,1499,1512,0.1388
13,1501,1514,0.1388
13,1496,1509,0.1388
14,1493,1507,0.1388
15,1489,1504,0.1388
15,1488,1503,0.1388
15,1481,1496,0.1388
15,1486,1501,0.1388
13,1494,1507,0.1388
13,1499,1512,0.1388
13,1519,1532,0.1388
14,1515,1529,0.1388
14,1496,1510,0.1388
14,1510,1524,0.1388
14,1513,1527,0.1388
15,1512,1527,0.1388
15,1513,1528,0.1388
15,1507,1522,0.1388
16,1510,1526,0.1388
16,1511,1527,0.1388
16,1511,1527,0.1388
16,1511,1527,0.1388
16,1501,1517,0.1388
15,1498,1513,0.1388
14,1494,1508,0.1388
15,1491,1506,0.1388
15,1497,1512,0.1388
15,1485,1500,0.1388
15,1493,1508,0.1388
15,1495,1510,0.1388
16,1492,1508,0.1388
15,1473,1488,0.1388
15,1483,1498,0.1388
15,1492,1507,0.1388
16,1495,1511,0.1388
16,1500,1516,0.1388
15,1498,1513,0.1388
15,1501,1516,0.1388
15,1502,1517,0.1388
16,1493,1509,0.1388
15,1494,1509,0.1388
15,1500,1515,0.1388
15,1509,1524,0.1388
15,1507,1522,0.1388
15,1506,1521,0.1388
15,1503,1518,0.1388
16,1496,1512,0.1388
16,1495,1511,0.1388
16,1487,1503,0.1388
16,1485,1501,0.1388
16,1496,1512,0.1388
15,1489,1504,0.1388
15,1507,1522,0.1388
14,1514,1528,0.1388
14,1518,1532,0.1388
14,1513,1527,0.1388
14,1516,1530,0.1388
15,1514,1529,0.1388
15,1507,1522,0.1388
14,1512,1526,0.1388
14,1508,1522,0.1388
14,1505,1519,0.1388
14,1499,1513,0.1388
14,1503,1517,0.1388
16,1497,1513,0.1388
16,1503,1519,0.1388
16,1495,1511,0.1388
15,1498,1513,0.1388
15,1483,1498,0.1388
15,1482,1497,0.1388
14,1485,1499,0.1388
14,1484,1498,0.1388
14,1487,1501,0.1388
14,1500,1514,0.1388
14,1501,1515,0.1388
14,1514,1528,0.1388
14,1514,1528,0.1388
12,1522,1534,0.1388
11,1526,1537,0.1388
10,1517,1527,0.1388
9,1510,1519,0.1388
9,1511,1520,0.1388
9,1521,1530,0.1388
9,1514,1523,0.1388
10,1513,1523,0.1388
11,1510,1521,0.1388
12,1498,1510,0.1388
11,1497,1508,0.1388
10,1499,1509,0.1388
11,1487,1498,0.1388
11,1487,1498,0.1388
11,1498,1509,0.1388
10,1505,1515,0.1388
10,1501,1511,0.1388
9,1506,1515,0.1388
8,1500,1508,0.1388
8,1506,1514,0.1388
8,1500,1508,0.1388
8,1515,1523,0.1388
8,1513,1521,0.1388
8,1511,1519,0.1388
8,1502,1510,0.1388
8,1508,1516,0.1388
8,1520,1528,0.1388
9,1518,1527,0.1388
9,1510,1519,0.1388
9,1498,1507,0.1388
9,1509,1518,0.1388
9,1505,1514,0.1388
7,1505,1512,0.1388
8,1511,1519,0.1388
10,1503,1513,0.1388
10,1505,1515,0.1388
10,1495,1505,0.1388
10,1510,1520,0.1388
10,1509,1519,0.1388
11,1500,1511,0.1388
9,1511,1520,0.1388
9,1507,1516,0.1388
11,1494,1505,0.1388
10,1503,1513,0.1388
9,1502,1511,0.1388
9,1515,1524,0.1388
9,1516,1525,0.1388
9,1509,1518,0.1388
9,1511,1520,0.1388
10,1500,1510,0.1388
11,1500,1511,0.1388
11,1498,1509,0.1388
11,1510,1521,0.1388
11,1509,1520,0.1388
10,1510,1520,0.1388
11,1511,1522,0.1388
12,1497,1509,0.1388
12,1500,1512,0.1388
12,1487,1499,0.1388
11,1505,1516,0.1388
11,1516,1527,0.1388
11,1519,1530,0.1388
11,1513,1524,0.1388
11,1485,1496,0.1388
11,1491,1502,0.1388
11,1502,1513,0.1388
10,1515,1525,0.1388
10,1513,1523,0.1388
10,1513,1523,0.1388
10,1504,1514,0.1388
10,1505,1515,0.1388
10,1499,1509,0.1388
10,1511,1521,0.1388
10,1510,1520,0.1388
10,1512,1522,0.1388
10,1506,1516,0.1388
10,1495,1505,0.1388
10,1497,1507,0.1388
9,1504,1513,0.1388
9,1513,1522,0.1388
9,1512,1521,0.1388
9,1506,1515,0.1388
9,1508,1517,0.1388
9,1498,1507,0.1388
9,1494,1503,0.1388
9,1505,1514,0.1388
10,1501,1511,0.1388
9,1510,1519,0.1388
9,1500,1509,0.1388
9,1500,1509,0.1388
9,1510,1519,0.1388
9,1510,1519,0.1388
9,1515,1524,0.1388
9,1511,1520,0.1388
8,1511,1519,0.1388
8,1501,1509,0.1388
8,1504,1512,0.1388
10,1503,1513,0.1388
10,1513,1523,0.1388
10,1514,1524,0.1388
11,1508,1519,0.1388
11,1513,1524,0.1388
11,1513,1524,0.1388
11,1511,1522,0.1388
11,1490,1501,0.1388
11,1492,1503,0.1388
11,1494,1505,0.1388
11,1495,1506,0.1388
11,1501,1512,0.1388
11,1511,1522,0.1388
11,1517,1528,0.1388
12,1519,1531,0.1388
12,1526,1538,0.1388
10,1498,1508,0.1388
11,1493,1504,0.1388
11,1495,1506,0.1388
11,1496,1507,0.1388
11,1507,1518,0.1388
12,1524,1536,0.1388
12,1514,1526,0.1388
12,1511,1523,0.1388
12,1496,1508,0.1388
11,1497,1508,0.1388
12,1513,1525,0.1388
13,1514,1527,0.1388
12,1504,1516,0.1388
12,1514,1526,0.1388
12,1509,1521,0.1388
11,1496,1507,0.1388
11,1508,1519,0.1388
12,1506,1518,0.1388
12,1493,1505,0.1388
12,1491,1503,0.1388
11,1500,1511,0.1388
10,1508,1518,0.1388
10,1490,1500,0.1388
9,1505,1514,0.1388
8,1492,1500,0.1388
8,1509,1517,0.1388
8,1514,1522,0.1388
8,1505,1513,0.1388
8,1522,1530,0.1388
8,1528,1536,0.1388
8,1517,1525,0.1388
9,1515,1524,0.1388
9,1507,1516,0.1388
9,1504,1513,0.1388
9,1496,1505,0.1388
9,1498,1507,0.1388
9,1507,1516,0.1388
9,1508,1517,0.1388
9,1514,1523,0.1388
8,1519,1527,0.1388
8,1518,1526,0.1388
8,1503,1511,0.1388
8,1491,1499,0.1388
8,1505,1513,0.1388
8,1504,1512,0.1388
10,1510,1520,0.1388
10,1520,1530,0.1388
10,1513,1523,0.1388
10,1513,1523,0.1388
8,1502,1510,0.1388
9,1490,1499,0.1388
10,1501,1511,0.1388
9,1503,1512,0.1388
9,1513,1522,0.1388
10,1512,1522,0.1388
10,1506,1516,0.1388
10,1505,1515,0.1388
9,1505,1514,0.1388
9,1500,1509,0.1388
9,1499,1508,0.1388
9,1493,1502,0.1388
10,1507,1517,0.1388
10,1509,1519,0.1388
8,1514,1522,0.1388
8,1491,1499,0.1388
9,1513,1522,0.1388
9,1519,1528,0.1388
10,1522,1532,0.1388
11,1512,1523,0.1388
11,1517,1528,0.1388
11,1522,1533,0.1388
11,1514,1525,0.1388
11,1506,1517,0.1388
12,1510,1522,0.1388
12,1507,1519,0.1388
12,1497,1509,0.1388
12,1506,1518,0.1388
12,1504,1516,0.1388
14,1495,1509,0.1388
14,1497,1511,0.1388
13,1504,1517,0.1388
12,1507,1519,0.1388
12,1498,1510,0.1388
12,1501,1513,0.1388
13,1501,1514,0.1388
13,1514,1527,0.1388
13,1511,1524,0.1388
15,1517,1532,0.1388
15,1507,1522,0.1388
14,1511,1525,0.1388
14,1509,1523,0.1388
14,1506,1520,0.1388
14,1509,1523,0.1388
12,1496,1508,0.1388
11,1486,1497,0.1388
13,1487,1500,0.1388
12,1490,1502,0.1388
11,1495,1506,0.1388
12,1510,1522,0.1388
12,1512,1524,0.1388
13,1507,1520,0.1388
13,1517,1530,0.1388
13,1495,1508,0.1388
13,1500,1513,0.1388
12,1488,1500,0.1388
11,1504,1515,0.1388
11,1517,1528,0.1388
10,1517,1527,0.1388
10,1522,1532,0.1388
9,1516,1525,0.1388
9,1517,1526,0.1388
9,1518,1527,0.1388
9,1503,1512,0.1388
9,1504,1513,0.1388
9,1487,1496,0.1388
9,1499,1508,0.1388
8,1495,1503,0.1388
8,1496,1504,0.1388
8,1499,1507,0.1388
8,1513,1521,0.1388
7,1500,1507,0.1388
7,1503,1510,0.1388
7,1509,1516,0.1388
8,1502,1510,0.1388
8,1517,1525,0.1388
7,1514,1521,0.1388
8,1515,1523,0.1388
8,1503,1511,0.1388
8,1514,1522,0.1388
9,1497,1506,0.1388
9,1504,1513,0.1388
10,1497,1507,0.1388
10,1504,1514,0.1388
10,1508,1518,0.1388
10,1515,1525,0.1388
10,1508,1518,0.1388
11,1502,1513,0.1388
11,1496,1507,0.1388
11,1499,1510,0.1388
11,1504,1515,0.1388
11,1499,1510,0.1388
12,1502,1514,0.1388
12,1503,1515,0.1388
11,1508,1519,0.1388
11,1503,1514,0.1388
9,1513,1522,0.1388
9,1509,1518,0.1388
10,1495,1505,0.1388
10,1499,1509,0.1388
10,1501,1511,0.1388
11,1506,1517,0.1388
9,1509,1518,0.1388
11,1502,1513,0.1388
12,1488,1500,0.1388
12,1498,1510,0.1388
13,1488,1501,0.1388
13,1487,1500,0.1388
12,1491,1503,0.1388
12,1495,1507,0.1388
12,1498,1510,0.1388
12,1504,1516,0.1388
12,1503,1515,0.1388
12,1510,1522,0.1388
11,1523,1534,0.1388
12,1523,1535,0.1388
13,1522,1535,0.1388
12,1527,1539,0.1388
12,1522,1534,0.1388
13,1493,1506,0.1388
12,1503,1515,0.1388
12,1505,1517,0.1388
13,1510,1523,0.1388
13,1520,1533,0.1388
13,1509,1522,0.1388
13,1507,1520,0.1388
13,1504,1517,0.1388
13,1486,1499,0.1388
13,1501,1514,0.1388
13,1498,1511,0.1388
12,1497,1509,0.1388
11,1489,1500,0.1388
10,1495,1505,0.1388
10,1511,1521,0.1388
10,1512,1522,0.1388
10,1512,1522,0.1388
9,1505,1514,0.1388
10,1511,1521,0.1388
10,1504,1514,0.1388
10,1504,1514,0.1388
9,1505,1514,0.1388
9,1510,1519,0.1388
9,1508,1517,0.1388
9,1501,1510,0.1388
7,1493,1500,0.1388
7,1494,1501,0.1388
6,1504,1510,0.1388
6,1512,1518,0.1388
6,1522,1528,0.1388
6,1501,1507,0.1388
7,1494,1501,0.1388
7,1498,1505,0.1388
7,1507,1514,0.1388
7,1505,1512,0.1388
7,1507,1514,0.1388
7,1507,1514,0.1388
7,1495,1502,0.1388
7,1505,1512,0.1388
7,1504,1511,0.1388
7,1502,1509,0.1388
6,1502,1508,0.1388
6,1505,1511,0.1388
6,1507,1513,0.1388
5,1499,1504,0.1388
5,1488,1493,0.1388
6,1493,1499,0.1388
6,1502,1508,0.1388
6,1504,1510,0.1388
5,1500,1505,0.1388
5,1513,1518,0.1388
5,1519,1524,0.1388
5,1512,1517,0.1388
5,1509,1514,0.1388
5,1506,1511,0.1388
5,1502,1507,0.1388
5,1502,1507,0.1388
4,1506,1510,0.1388
4,1511,1515,0.1388
4,1499,1503,0.1388
4,1503,1507,0.1388
4,1505,1509,0.1388
4,1502,1506,0.1388
4,1497,1501,0.1388
4,1499,1503,0.1388
4,1498,1502,0.1388
4,1500,1504,0.1388
4,1503,1507,0.1388
4,1508,1512,0.1388
4,1505,1509,0.1388
4,1506,1510,0.1388
3,1512,1515,0.1388
2,1521,1523,0.1388
2,1526,1528,0.1388
2,1506,1508,0.1388
2,1517,1519,0.1388
2,1513,1515,0.1388
2,1513,1515,0.1388
2,1520,1522,0.1388
3,1520,1523,0.1388
3,1528,1531,0.1388
3,1530,1533,0.1388
3,1523,1526,0.1388
3,1523,1526,0.1388
3,1525,1528,0.1388
3,1511,1514,0.1388
3,1523,1526,0.1388
3,1518,1521,0.1388
3,1519,1522,0.1388
3,1512,1515,0.1388
3,1514,1517,0.1388
3,1529,1532,0.1388
2,1529,1531,0.1388
2,1521,1523,0.1388
2,1520,1522,0.1388
2,1528,1530,0.1388
2,1517,1519,0.1388
2,1527,1529,0.1388
2,1530,1532,0.1388
2,1527,1529,0.1388
2,1524,1526,0.1388
2,1528,1530,0.1388
2,1524,1526,0.1388
2,1511,1513,0.1388
2,1512,1514,0.1388
2,1511,1513,0.1388
2,1512,1514,0.1388
2,1512,1514,0.1388
2,1525,1527,0.1388
2,1518,1520,0.1388
2,1517,1519,0.1388
2,1508,1510,0.1388
2,1523,1525,0.1388
2,1521,1523,0.1388
2,1519,1521,0.1388
2,1521,1523,0.1388
2,1525,1527,0.1388
2,1526,1528,0.1388
2,1520,1522,0.1388
2,1517,1519,0.1388
2,1511,1513,0.1388
2,1514,1516,0.1388
2,1522,1524,0.1388
2,1507,1509,0.1388
2,1509,1511,0.1388
2,1518,1520,0.1388
2,1501,1503,0.1388
2,1504,1506,0.1388
2,1498,1500,0.1388
2,1513,1515,0.1388
2,1518,1520,0.1388
2,1517,1519,0.1388
2,1514,1516,0.1388
1,1509,1510,0.1388
1,1511,1512,0.1388
0,1515,1515,0.1388
