1364,28,1392,0.1388
1393,30,1423,0.1388
1420,31,1451,0.1388
1416,31,1447,0.1388
1427,32,1459,0.1388
1431,32,1463,0.1388
1446,33,1479,0.1388
1456,34,1490,0.1388
1461,33,1494,0.1388
1474,32,1506,0.1388
1455,33,1488,0.1388
1452,32,1484,0.1388
1449,35,1484,0.1388
1460,37,1497,0.1388
1463,38,1501,0.1388
1462,35,1497,0.1388
1462,33,1495,0.1388
1448,35,1483,0.1388
1464,37,1501,0.1388
1456,37,1493,0.1388
1451,36,1487,0.1388
1465,39,1504,0.1388
1455,39,1494,0.1388
1443,41,1484,0.1388
1438,38,1476,0.1388
1441,38,1479,0.1388
1443,38,1481,0.1388
1450,37,1487,0.1388
1450,37,1487,0.1388
1447,38,1485,0.1388
1459,36,1495,0.1388
1450,36,1486,0.1388
1453,36,1489,0.1388
1433,36,1469,0.1388
1422,35,1457,0.1388
1425,37,1462,0.1388
1446,38,1484,0.1388
1438,37,1475,0.1388
1441,37,1478,0.1388
1430,39,1469,0.1388
1437,35,1472,0.1388
1446,33,1479,0.1388
1444,35,1479,0.1388
1442,36,1478,0.1388
1450,37,1487,0.1388
1462,36,1498,0.1388
1451,36,1487,0.1388
1445,32,1477,0.1388
1447,33,1480,0.1388
1452,35,1487,0.1388
1458,37,1495,0.1388
1456,39,1495,0.1388
1463,38,1501,0.1388
1464,38,1502,0.1388
1468,38,1506,0.1388
1465,38,1503,0.1388
1456,41,1497,0.1388
1451,41,1492,0.1388
1448,43,1491,0.1388
1450,43,1493,0.1388
1453,45,1498,0.1388
1454,45,1499,0.1388
1450,46,1496,0.1388
1462,47,1509,0.1388
1446,46,1492,0.1388
1447,45,1492,0.1388
1447,48,1495,0.1388
1449,48,1497,0.1388
1451,48,1499,0.1388
1455,47,1502,0.1388
1455,50,1505,0.1388
1461,51,1512,0.1388
1450,52,1502,0.1388
1441,51,1492,0.1388
1433,51,1484,0.1388
1445,52,1497,0.1388
1455,48,1503,0.1388
1448,51,1499,0.1388
1446,50,1496,0.1388
1443,51,1494,0.1388
1447,50,1497,0.1388
1442,51,1493,0.1388
1447,52,1499,0.1388
1441,53,1494,0.1388
1448,50,1498,0.1388
1451,50,1501,0.1388
1456,50,1506,0.1388
1454,49,1503,0.1388
1454,53,1507,0.1388
1444,54,1498,0.1388
1442,56,1498,0.1388
1435,56,1491,0.1388
1441,60,1501,0.1388
1432,57,1489,0.1388
1415,59,1474,0.1388
1403,59,1462,0.1388
1398,62,1460,0.1388
1413,62,1475,0.1388
1418,63,1481,0.1388
1410,62,1472,0.1388
1412,64,1476,0.1388
1430,64,1494,0.1388
1445,60,1505,0.1388
1433,60,1493,0.1388
1448,61,1509,0.1388
1435,62,1497,0.1388
1423,65,1488,0.1388
1420,66,1486,0.1388
1421,66,1487,0.1388
1415,64,1479,0.1388
1419,63,1482,0.1388
1417,65,1482,0.1388
1416,66,1482,0.1388
1430,65,1495,0.1388
1428,64,1492,0.1388
1422,66,1488,0.1388
1431,67,1498,0.1388
1447,67,1514,0.1388
1428,64,1492,0.1388
1421,62,1483,0.1388
1418,62,1480,0.1388
1421,60,1481,0.1388
1424,62,1486,0.1388
1435,63,1498,0.1388
1435,60,1495,0.1388
1427,60,1487,0.1388
1435,60,1495,0.1388
1444,62,1506,0.1388
1448,60,1508,0.1388
1443,61,1504,0.1388
1450,60,1510,0.1388
1428,62,1490,0.1388
1426,62,1488,0.1388
1429,62,1491,0.1388
1421,61,1482,0.1388
1408,61,1469,0.1388
1413,61,1474,0.1388
1410,63,1473,0.1388
1429,64,1493,0.1388
1434,61,1495,0.1388
1432,63,1495,0.1388
1427,65,1492,0.1388
1430,67,1497,0.1388
1416,69,1485,0.1388
1417,75,1492,0.1388
1418,74,1492,0.1388
1407,73,1480,0.1388
1395,72,1467,0.1388
1398,71,1469,0.1388
1416,70,1486,0.1388
1412,68,1480,0.1388
1407,72,1479,0.1388
1406,72,1478,0.1388
1410,71,1481,0.1388
1400,68,1468,0.1388
1403,73,1476,0.1388
1401,73,1474,0.1388
1403,72,1475,0.1388
1400,73,1473,0.1388
1399,74,1473,0.1388
1420,73,1493,0.1388
1416,71,1487,0.1388
1417,70,1487,0.1388
1404,69,1473,0.1388
1412,74,1486,0.1388
1408,77,1485,0.1388
1401,78,1479,0.1388
1414,78,1492,0.1388
1414,77,1491,0.1388
1427,79,1506,0.1388
1421,80,1501,0.1388
1423,79,1502,0.1388
1416,77,1493,0.1388
1406,80,1486,0.1388
1397,81,1478,0.1388
1406,81,1487,0.1388
1400,84,1484,0.1388
1393,85,1478,0.1388
1395,84,1479,0.1388
1398,85,1483,0.1388
1400,84,1484,0.1388
1399,87,1486,0.1388
1394,87,1481,0.1388
1405,87,1492,0.1388
1398,88,1486,0.1388
1404,86,1490,0.1388
1410,85,1495,0.1388
1403,87,1490,0.1388
1406,86,1492,0.1388
1409,89,1498,0.1388
1400,89,1489,0.1388
1409,87,1496,0.1388
1418,87,1505,0.1388
1414,89,1503,0.1388
1406,86,1492,0.1388
1408,86,1494,0.1388
1397,87,1484,0.1388
1405,85,1490,0.1388
1404,84,1488,0.1388
1403,85,1488,0.1388
1408,86,1494,0.1388
1399,90,1489,0.1388
1392,88,1480,0.1388
1401,88,1489,0.1388
1397,91,1488,0.1388
1408,91,1499,0.1388
1391,93,1484,0.1388
1394,92,1486,0.1388
1399,93,1492,0.1388
1394,96,1490,0.1388
1403,94,1497,0.1388
1403,97,1500,0.1388
1397,94,1491,0.1388
1414,93,1507,0.1388
1423,89,1512,0.1388
1414,92,1506,0.1388
1422,93,1515,0.1388
1432,96,1528,0.1388
1426,97,1523,0.1388
1426,99,1525,0.1388
1408,96,1504,0.1388
1404,94,1498,0.1388
1414,92,1506,0.1388
1408,92,1500,0.1388
1401,91,1492,0.1388
1397,90,1487,0.1388
1401,88,1489,0.1388
1406,85,1491,0.1388
1402,86,1488,0.1388
1411,85,1496,0.1388
1387,83,1470,0.1388
1393,83,1476,0.1388
1408,81,1489,0.1388
1402,82,1484,0.1388
1407,79,1486,0.1388
1412,80,1492,0.1388
1396,80,1476,0.1388
1398,77,1475,0.1388
1408,76,1484,0.1388
1404,73,1477,0.1388
1407,77,1484,0.1388
1405,78,1483,0.1388
1412,81,1493,0.1388
1407,84,1491,0.1388
1405,84,1489,0.1388
1401,83,1484,0.1388
1404,83,1487,0.1388
1402,84,1486,0.1388
1395,88,1483,0.1388
1384,88,1472,0.1388
1380,88,1468,0.1388
1401,88,1489,0.1388
1396,90,1486,0.1388
1392,94,1486,0.1388
1396,95,1491,0.1388
1400,95,1495,0.1388
1384,97,1481,0.1388
1388,96,1484,0.1388
1398,94,1492,0.1388
1409,92,1501,0.1388
1406,89,1495,0.1388
1417,92,1509,0.1388
1414,94,1508,0.1388
1415,95,1510,0.1388
1417,96,1513,0.1388
1410,94,1504,0.1388
1407,91,1498,0.1388
1404,93,1497,0.1388
1403,95,1498,0.1388
1406,96,1502,0.1388
1397,94,1491,0.1388
1395,89,1484,0.1388
1404,90,1494,0.1388
1410,92,1502,0.1388
1407,95,1502,0.1388
1413,95,1508,0.1388
1407,94,1501,0.1388
1396,96,1492,0.1388
1397,95,1492,0.1388
1397,100,1497,0.1388
1401,96,1497,0.1388
1401,97,1498,0.1388
1413,96,1509,0.1388
1412,95,1507,0.1388
1398,94,1492,0.1388
1397,96,1493,0.1388
1396,95,1491,0.1388
1414,95,1509,0.1388
1390,95,1485,0.1388
1381,96,1477,0.1388
1377,97,1474,0.1388
1378,95,1473,0.1388
1374,100,1474,0.1388
1389,103,1492,0.1388
1389,104,1493,0.1388
1377,107,1484,0.1388
1370,111,1481,0.1388
1359,114,1473,0.1388
1363,114,1477,0.1388
1369,112,1481,0.1388
1368,112,1480,0.1388
1384,111,1495,0.1388
1383,114,1497,0.1388
1373,113,1486,0.1388
1372,113,1485,0.1388
1367,117,1484,0.1388
1373,114,1487,0.1388
1375,120,1495,0.1388
1371,120,1491,0.1388
1374,116,1490,0.1388
1378,116,1494,0.1388
1383,120,1503,0.1388
1372,125,1497,0.1388
1375,127,1502,0.1388
1374,125,1499,0.1388
1381,125,1506,0.1388
1371,121,1492,0.1388
1365,123,1488,0.1388
1359,126,1485,0.1388
1359,123,1482,0.1388
1366,119,1485,0.1388
1364,122,1486,0.1388
1376,121,1497,0.1388
1367,124,1491,0.1388
1372,123,1495,0.1388
1379,120,1499,0.1388
1377,118,1495,0.1388
1376,120,1496,0.1388
1370,120,1490,0.1388
1367,123,1490,0.1388
1375,122,1497,0.1388
1366,124,1490,0.1388
1378,121,1499,0.1388
1372,124,1496,0.1388
1364,125,1489,0.1388
1361,129,1490,0.1388
1369,129,1498,0.1388
1376,129,1505,0.1388
1372,127,1499,0.1388
1368,133,1501,0.1388
1364,131,1495,0.1388
1351,134,1485,0.1388
1366,134,1500,0.1388
1363,133,1496,0.1388
1364,138,1502,0.1388
1367,137,1504,0.1388
1356,134,1490,0.1388
1361,134,1495,0.1388
1363,134,1497,0.1388
1367,137,1504,0.1388
1367,134,1501,0.1388
1366,132,1498,0.1388
1357,130,1487,0.1388
1356,130,1486,0.1388
1340,130,1470,0.1388
1343,132,1475,0.1388
1345,136,1481,0.1388
1353,139,1492,0.1388
1355,138,1493,0.1388
1359,137,1496,0.1388
1362,138,1500,0.1388
1361,139,1500,0.1388
1373,141,1514,0.1388
1367,140,1507,0.1388
1358,136,1494,0.1388
1355,137,1492,0.1388
1345,137,1482,0.1388
1352,140,1492,0.1388
1347,139,1486,0.1388
1348,139,1487,0.1388
1345,141,1486,0.1388
1348,143,1491,0.1388
1350,143,1493,0.1388
1342,146,1488,0.1388
1346,147,1493,0.1388
1343,148,1491,0.1388
1346,145,1491,0.1388
1345,150,1495,0.1388
1356,149,1505,0.1388
1341,153,1494,0.1388
1351,156,1507,0.1388
1343,157,1500,0.1388
1348,158,1506,0.1388
1344,158,1502,0.1388
1342,158,1500,0.1388
1335,164,1499,0.1388
1326,160,1486,0.1388
1325,155,1480,0.1388
1326,155,1481,0.1388
1315,158,1473,0.1388
1315,164,1479,0.1388
1325,165,1490,0.1388
1329,167,1496,0.1388
1334,168,1502,0.1388
1328,167,1495,0.1388
1327,167,1494,0.1388
1340,166,1506,0.1388
1333,167,1500,0.1388
1346,162,1508,0.1388
1342,159,1501,0.1388
1328,162,1490,0.1388
1331,168,1499,0.1388
1330,167,1497,0.1388
1329,170,1499,0.1388
1316,165,1481,0.1388
1321,167,1488,0.1388
1321,176,1497,0.1388
1316,181,1497,0.1388
1317,181,1498,0.1388
1315,177,1492,0.1388
1307,178,1485,0.1388
1317,186,1503,0.1388
1304,187,1491,0.1388
1306,186,1492,0.1388
1307,185,1492,0.1388
1304,188,1492,0.1388
1310,190,1500,0.1388
1302,189,1491,0.1388
1284,189,1473,0.1388
1292,190,1482,0.1388
1315,193,1508,0.1388
1319,190,1509,0.1388
1318,196,1514,0.1388
1305,193,1498,0.1388
1303,196,1499,0.1388
1303,195,1498,0.1388
1296,195,1491,0.1388
1290,196,1486,0.1388
1290,200,1490,0.1388
1305,198,1503,0.1388
1305,203,1508,0.1388
1312,203,1515,0.1388
1316,201,1517,0.1388
1314,202,1516,0.1388
1308,206,1514,0.1388
1309,203,1512,0.1388
1309,203,1512,0.1388
1298,210,1508,0.1388
1285,211,1496,0.1388
1283,208,1491,0.1388
1287,214,1501,0.1388
1286,211,1497,0.1388
1288,214,1502,0.1388
1284,211,1495,0.1388
1287,212,1499,0.1388
1277,216,1493,0.1388
1283,212,1495,0.1388
1276,213,1489,0.1388
1273,213,1486,0.1388
1276,218,1494,0.1388
1269,220,1489,0.1388
1274,223,1497,0.1388
1275,226,1501,0.1388
1281,217,1498,0.1388
1289,211,1500,0.1388
1286,220,1506,0.1388
1275,220,1495,0.1388
1265,224,1489,0.1388
1264,222,1486,0.1388
1267,224,1491,0.1388
1270,226,1496,0.1388
1256,232,1488,0.1388
1262,231,1493,0.1388
1262,231,1493,0.1388
1245,237,1482,0.1388
1256,236,1492,0.1388
1259,242,1501,0.1388
1247,248,1495,0.1388
1251,244,1495,0.1388
1248,250,1498,0.1388
1254,250,1504,0.1388
1248,254,1502,0.1388
1251,252,1503,0.1388
1247,249,1496,0.1388
1243,251,1494,0.1388
1253,247,1500,0.1388
1246,247,1493,0.1388
1240,247,1487,0.1388
1249,247,1496,0.1388
1259,251,1510,0.1388
1255,250,1505,0.1388
1240,251,1491,0.1388
1233,248,1481,0.1388
1245,250,1495,0.1388
1248,250,1498,0.1388
1229,251,1480,0.1388
1228,255,1483,0.1388
1236,259,1495,0.1388
1234,257,1491,0.1388
1243,257,1500,0.1388
1239,266,1505,0.1388
1240,270,1510,0.1388
1229,278,1507,0.1388
1225,278,1503,0.1388
1240,281,1521,0.1388
1216,276,1492,0.1388
1218,281,1499,0.1388
1217,282,1499,0.1388
1214,279,1493,0.1388
1210,280,1490,0.1388
1212,282,1494,0.1388
1218,285,1503,0.1388
1201,285,1486,0.1388
1210,283,1493,0.1388
1203,287,1490,0.1388
1201,284,1485,0.1388
1196,278,1474,0.1388
1197,284,1481,0.1388
1188,285,1473,0.1388
1194,284,1478,0.1388
1207,285,1492,0.1388
1204,289,1493,0.1388
1205,291,1496,0.1388
1212,297,1509,0.1388
1206,292,1498,0.1388
1217,289,1506,0.1388
1212,291,1503,0.1388
1216,298,1514,0.1388
1210,303,1513,0.1388
1195,301,1496,0.1388
1199,309,1508,0.1388
1187,309,1496,0.1388
1195,304,1499,0.1388
1188,298,1486,0.1388
1194,296,1490,0.1388
1197,295,1492,0.1388
1195,308,1503,0.1388
1198,311,1509,0.1388
1197,311,1508,0.1388
1185,312,1497,0.1388
1184,317,1501,0.1388
1178,319,1497,0.1388
1177,317,1494,0.1388
1193,315,1508,0.1388
1187,319,1506,0.1388
1179,320,1499,0.1388
1181,322,1503,0.1388
1166,329,1495,0.1388
1169,329,1498,0.1388
1172,324,1496,0.1388
1170,322,1492,0.1388
1177,322,1499,0.1388
1182,329,1511,0.1388
1185,324,1509,0.1388
1185,322,1507,0.1388
1176,326,1502,0.1388
1170,322,1492,0.1388
1168,326,1494,0.1388
1173,329,1502,0.1388
1165,338,1503,0.1388
1159,341,1500,0.1388
1156,341,1497,0.1388
1150,342,1492,0.1388
1142,344,1486,0.1388
1140,341,1481,0.1388
1146,348,1494,0.1388
1147,350,1497,0.1388
1151,354,1505,0.1388
1152,349,1501,0.1388
1150,343,1493,0.1388
1144,340,1484,0.1388
1143,345,1488,0.1388
1138,347,1485,0.1388
1138,347,1485,0.1388
1129,354,1483,0.1388
1142,357,1499,0.1388
1146,355,1501,0.1388
1143,356,1499,0.1388
1148,353,1501,0.1388
1143,354,1497,0.1388
1144,352,1496,0.1388
1157,348,1505,0.1388
1158,350,1508,0.1388
1158,346,1504,0.1388
1165,349,1514,0.1388
1175,344,1519,0.1388
1168,344,1512,0.1388
1175,340,1515,0.1388
1157,343,1500,0.1388
1161,339,1500,0.1388
1147,340,1487,0.1388
1142,346,1488,0.1388
1159,351,1510,0.1388
1152,344,1496,0.1388
1149,340,1489,0.1388
1157,343,1500,0.1388
1133,342,1475,0.1388
1136,346,1482,0.1388
1137,349,1486,0.1388
1162,349,1511,0.1388
1163,351,1514,0.1388
1156,349,1505,0.1388
1158,355,1513,0.1388
1159,355,1514,0.1388
1131,351,1482,0.1388
1131,355,1486,0.1388
1139,367,1506,0.1388
1132,365,1497,0.1388
1140,366,1506,0.1388
1145,360,1505,0.1388
1132,355,1487,0.1388
1142,356,1498,0.1388
1146,364,1510,0.1388
1134,361,1495,0.1388
1130,361,1491,0.1388
1128,361,1489,0.1388
1110,367,1477,0.1388
1119,369,1488,0.1388
1125,378,1503,0.1388
1118,377,1495,0.1388
1129,373,1502,0.1388
1125,370,1495,0.1388
1122,371,1493,0.1388
1125,372,1497,0.1388
1117,373,1490,0.1388
1115,372,1487,0.1388
1120,369,1489,0.1388
1126,375,1501,0.1388
1128,377,1505,0.1388
1121,381,1502,0.1388
1133,379,1512,0.1388
1125,380,1505,0.1388
1127,380,1507,0.1388
1126,388,1514,0.1388
1131,387,1518,0.1388
1128,387,1515,0.1388
1130,385,1515,0.1388
1126,380,1506,0.1388
1122,387,1509,0.1388
1122,381,1503,0.1388
1128,383,1511,0.1388
1120,383,1503,0.1388
1117,382,1499,0.1388
1119,388,1507,0.1388
1120,387,1507,0.1388
1117,387,1504,0.1388
1103,382,1485,0.1388
1110,382,1492,0.1388
1108,382,1490,0.1388
1118,384,1502,0.1388
1105,382,1487,0.1388
1111,386,1497,0.1388
1124,398,1522,0.1388
1121,395,1516,0.1388
1110,395,1505,0.1388
1110,395,1505,0.1388
1107,389,1496,0.1388
1103,392,1495,0.1388
1099,389,1488,0.1388
1105,393,1498,0.1388
1110,393,1503,0.1388
1112,391,1503,0.1388
1105,395,1500,0.1388
1108,392,1500,0.1388
1114,394,1508,0.1388
1106,401,1507,0.1388
1112,403,1515,0.1388
1101,406,1507,0.1388
1098,403,1501,0.1388
1088,413,1501,0.1388
1083,418,1501,0.1388
1076,417,1493,0.1388
1080,424,1504,0.1388
1082,420,1502,0.1388
1085,415,1500,0.1388
1086,420,1506,0.1388
1092,423,1515,0.1388
1088,427,1515,0.1388
1085,431,1516,0.1388
1081,428,1509,0.1388
1079,431,1510,0.1388
1073,436,1509,0.1388
1064,434,1498,0.1388
1067,425,1492,0.1388
1066,425,1491,0.1388
1073,429,1502,0.1388
1069,428,1497,0.1388
1071,422,1493,0.1388
1077,423,1500,0.1388
1064,422,1486,0.1388
1061,423,1484,0.1388
1063,420,1483,0.1388
1068,413,1481,0.1388
1074,417,1491,0.1388
1077,422,1499,0.1388
1077,422,1499,0.1388
1085,421,1506,0.1388
1076,414,1490,0.1388
1074,420,1494,0.1388
1072,416,1488,0.1388
1086,426,1512,0.1388
1071,430,1501,0.1388
1069,427,1496,0.1388
1070,423,1493,0.1388
1081,432,1513,0.1388
1062,434,1496,0.1388
1072,437,1509,0.1388
1069,434,1503,0.1388
1076,435,1511,0.1388
1067,432,1499,0.1388
1064,440,1504,0.1388
1057,437,1494,0.1388
1055,426,1481,0.1388
1061,424,1485,0.1388
1051,433,1484,0.1388
1063,442,1505,0.1388
1059,451,1510,0.1388
1049,445,1494,0.1388
1048,454,1502,0.1388
1046,449,1495,0.1388
1052,446,1498,0.1388
1058,447,1505,0.1388
1061,450,1511,0.1388
1061,444,1505,0.1388
1059,451,1510,0.1388
1056,452,1508,0.1388
1060,452,1512,0.1388
1060,456,1516,0.1388
1052,461,1513,0.1388
1050,463,1513,0.1388
1050,453,1503,0.1388
1043,446,1489,0.1388
1033,456,1489,0.1388
1031,462,1493,0.1388
1034,466,1500,0.1388
1037,465,1502,0.1388
1029,469,1498,0.1388
1030,473,1503,0.1388
1028,475,1503,0.1388
1033,477,1510,0.1388
1032,478,1510,0.1388
1025,484,1509,0.1388
1027,491,1518,0.1388
1018,494,1512,0.1388
1016,491,1507,0.1388
1012,496,1508,0.1388
1004,500,1504,0.1388
1011,498,1509,0.1388
1005,502,1507,0.1388
998,506,1504,0.1388
993,498,1491,0.1388
995,495,1490,0.1388
999,489,1488,0.1388
997,495,1492,0.1388
1006,492,1498,0.1388
1007,494,1501,0.1388
1007,500,1507,0.1388
1006,502,1508,0.1388
989,504,1493,0.1388
994,509,1503,0.1388
1002,502,1504,0.1388
1006,499,1505,0.1388
1000,498,1498,0.1388
1004,501,1505,0.1388
1007,501,1508,0.1388
1016,501,1517,0.1388
1007,506,1513,0.1388
1002,492,1494,0.1388
1013,496,1509,0.1388
1000,501,1501,0.1388
1006,500,1506,0.1388
1009,498,1507,0.1388
1002,499,1501,0.1388
1006,500,1506,0.1388
1011,497,1508,0.1388
1017,497,1514,0.1388
1009,508,1517,0.1388
995,503,1498,0.1388
992,509,1501,0.1388
1003,513,1516,0.1388
993,515,1508,0.1388
996,520,1516,0.1388
1000,519,1519,0.1388
994,516,1510,0.1388
993,516,1509,0.1388
984,518,1502,0.1388
994,515,1509,0.1388
988,517,1505,0.1388
991,513,1504,0.1388
997,511,1508,0.1388
993,518,1511,0.1388
1003,506,1509,0.1388
1004,498,1502,0.1388
1008,500,1508,0.1388
1002,510,1512,0.1388
1001,502,1503,0.1388
996,501,1497,0.1388
994,490,1484,0.1388
992,489,1481,0.1388
987,489,1476,0.1388
994,486,1480,0.1388
1008,506,1514,0.1388
1007,505,1512,0.1388
1004,498,1502,0.1388
1003,499,1502,0.1388
1003,498,1501,0.1388
1012,500,1512,0.1388
1008,499,1507,0.1388
1009,503,1512,0.1388
1008,507,1515,0.1388
1005,509,1514,0.1388
1007,514,1521,0.1388
1006,512,1518,0.1388
993,507,1500,0.1388
990,503,1493,0.1388
989,513,1502,0.1388
987,503,1490,0.1388
980,506,1486,0.1388
977,503,1480,0.1388
992,498,1490,0.1388
994,502,1496,0.1388
993,503,1496,0.1388
996,511,1507,0.1388
996,509,1505,0.1388
983,512,1495,0.1388
981,517,1498,0.1388
987,518,1505,0.1388
977,518,1495,0.1388
975,519,1494,0.1388
976,512,1488,0.1388
986,522,1508,0.1388
993,518,1511,0.1388
984,525,1509,0.1388
986,529,1515,0.1388
984,526,1510,0.1388
987,523,1510,0.1388
981,523,1504,0.1388
985,526,1511,0.1388
994,535,1529,0.1388
992,531,1523,0.1388
988,528,1516,0.1388
986,526,1512,0.1388
986,532,1518,0.1388
974,535,1509,0.1388
963,535,1498,0.1388
970,539,1509,0.1388
973,535,1508,0.1388
959,540,1499,0.1388
952,545,1497,0.1388
949,547,1496,0.1388
945,546,1491,0.1388
957,552,1509,0.1388
952,550,1502,0.1388
955,545,1500,0.1388
942,542,1484,0.1388
956,547,1503,0.1388
951,549,1500,0.1388
952,545,1497,0.1388
961,543,1504,0.1388
961,547,1508,0.1388
952,545,1497,0.1388
953,552,1505,0.1388
948,557,1505,0.1388
955,556,1511,0.1388
967,557,1524,0.1388
945,555,1500,0.1388
942,558,1500,0.1388
940,561,1501,0.1388
945,554,1499,0.1388
949,565,1514,0.1388
950,567,1517,0.1388
948,565,1513,0.1388
942,567,1509,0.1388
939,565,1504,0.1388
938,567,1505,0.1388
943,569,1512,0.1388
955,571,1526,0.1388
942,577,1519,0.1388
943,581,1524,0.1388
932,579,1511,0.1388
922,582,1504,0.1388
924,581,1505,0.1388
911,584,1495,0.1388
931,588,1519,0.1388
912,591,1503,0.1388
901,591,1492,0.1388
903,595,1498,0.1388
912,602,1514,0.1388
908,599,1507,0.1388
911,592,1503,0.1388
915,593,1508,0.1388
915,597,1512,0.1388
918,591,1509,0.1388
920,584,1504,0.1388
916,583,1499,0.1388
908,584,1492,0.1388
914,589,1503,0.1388
912,585,1497,0.1388
917,589,1506,0.1388
911,590,1501,0.1388
908,594,1502,0.1388
908,596,1504,0.1388
911,594,1505,0.1388
910,594,1504,0.1388
909,603,1512,0.1388
899,609,1508,0.1388
891,608,1499,0.1388
886,608,1494,0.1388
895,601,1496,0.1388
889,607,1496,0.1388
908,597,1505,0.1388
893,589,1482,0.1388
896,603,1499,0.1388
889,607,1496,0.1388
887,609,1496,0.1388
879,617,1496,0.1388
895,623,1518,0.1388
889,627,1516,0.1388
879,628,1507,0.1388
887,634,1521,0.1388
880,638,1518,0.1388
874,645,1519,0.1388
883,653,1536,0.1388
878,640,1518,0.1388
875,633,1508,0.1388
877,629,1506,0.1388
864,629,1493,0.1388
867,625,1492,0.1388
871,628,1499,0.1388
868,630,1498,0.1388
872,633,1505,0.1388
865,634,1499,0.1388
861,640,1501,0.1388
853,646,1499,0.1388
864,637,1501,0.1388
863,639,1502,0.1388
866,644,1510,0.1388
855,645,1500,0.1388
861,650,1511,0.1388
854,660,1514,0.1388
844,655,1499,0.1388
842,660,1502,0.1388
853,664,1517,0.1388
853,664,1517,0.1388
861,657,1518,0.1388
865,655,1520,0.1388
855,652,1507,0.1388
846,648,1494,0.1388
855,658,1513,0.1388
848,663,1511,0.1388
842,677,1519,0.1388
847,670,1517,0.1388
850,664,1514,0.1388
847,661,1508,0.1388
847,661,1508,0.1388
842,675,1517,0.1388
841,668,1509,0.1388
840,671,1511,0.1388
844,672,1516,0.1388
841,674,1515,0.1388
844,677,1521,0.1388
843,673,1516,0.1388
842,668,1510,0.1388
832,663,1495,0.1388
839,655,1494,0.1388
839,666,1505,0.1388
845,656,1501,0.1388
840,663,1503,0.1388
836,665,1501,0.1388
843,664,1507,0.1388
845,665,1510,0.1388
839,666,1505,0.1388
838,664,1502,0.1388
833,673,1506,0.1388
833,675,1508,0.1388
821,678,1499,0.1388
816,678,1494,0.1388
825,684,1509,0.1388
836,685,1521,0.1388
830,682,1512,0.1388
830,679,1509,0.1388
829,674,1503,0.1388
821,675,1496,0.1388
820,683,1503,0.1388
825,685,1510,0.1388
819,683,1502,0.1388
813,685,1498,0.1388
809,683,1492,0.1388
812,689,1501,0.1388
806,689,1495,0.1388
805,685,1490,0.1388
817,688,1505,0.1388
822,690,1512,0.1388
822,692,1514,0.1388
813,692,1505,0.1388
801,700,1501,0.1388
799,709,1508,0.1388
815,706,1521,0.1388
805,703,1508,0.1388
799,702,1501,0.1388
800,699,1499,0.1388
804,705,1509,0.1388
806,701,1507,0.1388
812,704,1516,0.1388
812,695,1507,0.1388
809,706,1515,0.1388
809,702,1511,0.1388
797,700,1497,0.1388
802,709,1511,0.1388
803,698,1501,0.1388
807,708,1515,0.1388
809,707,1516,0.1388
808,703,1511,0.1388
807,701,1508,0.1388
798,708,1506,0.1388
788,704,1492,0.1388
784,707,1491,0.1388
788,709,1497,0.1388
796,703,1499,0.1388
805,711,1516,0.1388
802,714,1516,0.1388
797,718,1515,0.1388
794,724,1518,0.1388
791,730,1521,0.1388
788,721,1509,0.1388
784,718,1502,0.1388
784,719,1503,0.1388
789,718,1507,0.1388
793,721,1514,0.1388
794,722,1516,0.1388
800,723,1523,0.1388
797,730,1527,0.1388
793,727,1520,0.1388
800,720,1520,0.1388
794,722,1516,0.1388
795,710,1505,0.1388
804,716,1520,0.1388
792,715,1507,0.1388
781,712,1493,0.1388
782,714,1496,0.1388
777,721,1498,0.1388
779,725,1504,0.1388
779,721,1500,0.1388
779,718,1497,0.1388
774,720,1494,0.1388
775,709,1484,0.1388
775,721,1496,0.1388
784,732,1516,0.1388
787,733,1520,0.1388
786,736,1522,0.1388
780,735,1515,0.1388
780,719,1499,0.1388
787,727,1514,0.1388
786,731,1517,0.1388
781,726,1507,0.1388
779,727,1506,0.1388
771,718,1489,0.1388
767,726,1493,0.1388
773,721,1494,0.1388
782,722,1504,0.1388
787,726,1513,0.1388
780,729,1509,0.1388
772,728,1500,0.1388
777,717,1494,0.1388
772,715,1487,0.1388
775,722,1497,0.1388
771,728,1499,0.1388
769,729,1498,0.1388
779,733,1512,0.1388
771,733,1504,0.1388
771,733,1504,0.1388
787,732,1519,0.1388
782,728,1510,0.1388
775,738,1513,0.1388
769,745,1514,0.1388
759,737,1496,0.1388
752,747,1499,0.1388
747,746,1493,0.1388
755,756,1511,0.1388
751,752,1503,0.1388
744,740,1484,0.1388
744,755,1499,0.1388
738,760,1498,0.1388
738,770,1508,0.1388
752,765,1517,0.1388
731,761,1492,0.1388
740,758,1498,0.1388
744,765,1509,0.1388
744,763,1507,0.1388
744,760,1504,0.1388
746,764,1510,0.1388
748,753,1501,0.1388
744,756,1500,0.1388
742,763,1505,0.1388
740,761,1501,0.1388
738,763,1501,0.1388
738,774,1512,0.1388
749,774,1523,0.1388
744,768,1512,0.1388
737,777,1514,0.1388
730,770,1500,0.1388
730,779,1509,0.1388
723,791,1514,0.1388
721,783,1504,0.1388
725,789,1514,0.1388
731,789,1520,0.1388
736,796,1532,0.1388
725,796,1521,0.1388
737,798,1535,0.1388
732,786,1518,0.1388
734,774,1508,0.1388
740,777,1517,0.1388
737,777,1514,0.1388
726,776,1502,0.1388
728,776,1504,0.1388
728,779,1507,0.1388
740,771,1511,0.1388
739,774,1513,0.1388
727,775,1502,0.1388
720,778,1498,0.1388
724,795,1519,0.1388
714,803,1517,0.1388
716,803,1519,0.1388
719,794,1513,0.1388
722,799,1521,0.1388
721,799,1520,0.1388
716,802,1518,0.1388
717,805,1522,0.1388
716,816,1532,0.1388
707,807,1514,0.1388
700,806,1506,0.1388
701,806,1507,0.1388
707,798,1505,0.1388
707,799,1506,0.1388
706,807,1513,0.1388
706,814,1520,0.1388
698,813,1511,0.1388
702,806,1508,0.1388
706,807,1513,0.1388
706,806,1512,0.1388
712,809,1521,0.1388
713,807,1520,0.1388
714,796,1510,0.1388
718,800,1518,0.1388
715,796,1511,0.1388
714,800,1514,0.1388
704,804,1508,0.1388
696,805,1501,0.1388
706,795,1501,0.1388
699,804,1503,0.1388
701,809,1510,0.1388
704,808,1512,0.1388
702,811,1513,0.1388
689,818,1507,0.1388
689,814,1503,0.1388
681,811,1492,0.1388
689,814,1503,0.1388
687,813,1500,0.1388
691,810,1501,0.1388
695,814,1509,0.1388
689,811,1500,0.1388
690,813,1503,0.1388
690,814,1504,0.1388
683,809,1492,0.1388
688,822,1510,0.1388
684,819,1503,0.1388
679,824,1503,0.1388
682,826,1508,0.1388
681,823,1504,0.1388
685,834,1519,0.1388
685,831,1516,0.1388
678,825,1503,0.1388
676,827,1503,0.1388
688,832,1520,0.1388
681,833,1514,0.1388
686,828,1514,0.1388
681,829,1510,0.1388
687,826,1513,0.1388
682,819,1501,0.1388
688,831,1519,0.1388
687,825,1512,0.1388
685,830,1515,0.1388
686,839,1525,0.1388
686,840,1526,0.1388
676,849,1525,0.1388
671,845,1516,0.1388
663,840,1503,0.1388
667,844,1511,0.1388
663,845,1508,0.1388
664,849,1513,0.1388
667,850,1517,0.1388
661,863,1524,0.1388
652,867,1519,0.1388
652,869,1521,0.1388
654,873,1527,0.1388
651,872,1523,0.1388
637,873,1510,0.1388
646,864,1510,0.1388
642,856,1498,0.1388
640,845,1485,0.1388
637,852,1489,0.1388
637,863,1500,0.1388
638,868,1506,0.1388
645,871,1516,0.1388
651,861,1512,0.1388
642,866,1508,0.1388
645,867,1512,0.1388
648,877,1525,0.1388
641,864,1505,0.1388
634,861,1495,0.1388
636,874,1510,0.1388
627,871,1498,0.1388
637,871,1508,0.1388
640,866,1506,0.1388
639,864,1503,0.1388
637,871,1508,0.1388
636,870,1506,0.1388
640,876,1516,0.1388
636,885,1521,0.1388
632,874,1506,0.1388
625,876,1501,0.1388
633,878,1511,0.1388
640,885,1525,0.1388
629,882,1511,0.1388
633,887,1520,0.1388
621,883,1504,0.1388
630,892,1522,0.1388
628,893,1521,0.1388
625,885,1510,0.1388
628,901,1529,0.1388
619,899,1518,0.1388
610,890,1500,0.1388
611,876,1487,0.1388
608,878,1486,0.1388
605,891,1496,0.1388
609,892,1501,0.1388
612,897,1509,0.1388
604,907,1511,0.1388
603,911,1514,0.1388
602,910,1512,0.1388
603,904,1507,0.1388
602,905,1507,0.1388
607,901,1508,0.1388
609,903,1512,0.1388
615,902,1517,0.1388
612,906,1518,0.1388
602,892,1494,0.1388
597,892,1489,0.1388
589,910,1499,0.1388
597,911,1508,0.1388
592,913,1505,0.1388
587,923,1510,0.1388
590,924,1514,0.1388
591,924,1515,0.1388
595,930,1525,0.1388
579,933,1512,0.1388
579,934,1513,0.1388
572,936,1508,0.1388
571,935,1506,0.1388
572,943,1515,0.1388
564,945,1509,0.1388
570,940,1510,0.1388
577,929,1506,0.1388
569,941,1510,0.1388
566,947,1513,0.1388
561,942,1503,0.1388
559,947,1506,0.1388
557,942,1499,0.1388
550,944,1494,0.1388
546,935,1481,0.1388
560,942,1502,0.1388
558,940,1498,0.1388
558,940,1498,0.1388
557,954,1511,0.1388
559,957,1516,0.1388
560,951,1511,0.1388
556,951,1507,0.1388
553,943,1496,0.1388
550,944,1494,0.1388
546,956,1502,0.1388
546,953,1499,0.1388
551,956,1507,0.1388
543,962,1505,0.1388
535,957,1492,0.1388
533,955,1488,0.1388
539,959,1498,0.1388
539,968,1507,0.1388
537,974,1511,0.1388
535,969,1504,0.1388
535,972,1507,0.1388
526,971,1497,0.1388
529,988,1517,0.1388
525,987,1512,0.1388
529,980,1509,0.1388
527,984,1511,0.1388
522,999,1521,0.1388
523,999,1522,0.1388
525,996,1521,0.1388
521,998,1519,0.1388
521,1000,1521,0.1388
522,998,1520,0.1388
517,997,1514,0.1388
514,998,1512,0.1388
507,997,1504,0.1388
502,992,1494,0.1388
506,991,1497,0.1388
509,990,1499,0.1388
513,992,1505,0.1388
512,988,1500,0.1388
519,999,1518,0.1388
511,998,1509,0.1388
510,998,1508,0.1388
512,1005,1517,0.1388
511,1013,1524,0.1388
513,993,1506,0.1388
520,994,1514,0.1388
524,984,1508,0.1388
524,982,1506,0.1388
519,978,1497,0.1388
525,990,1515,0.1388
533,984,1517,0.1388
522,989,1511,0.1388
527,986,1513,0.1388
524,985,1509,0.1388
526,978,1504,0.1388
524,993,1517,0.1388
519,990,1509,0.1388
509,987,1496,0.1388
511,989,1500,0.1388
507,986,1493,0.1388
507,993,1500,0.1388
507,1005,1512,0.1388
507,1000,1507,0.1388
500,1000,1500,0.1388
498,1004,1502,0.1388
498,1013,1511,0.1388
504,1015,1519,0.1388
507,1012,1519,0.1388
512,1001,1513,0.1388
510,1005,1515,0.1388
504,1009,1513,0.1388
497,1007,1504,0.1388
493,1011,1504,0.1388
492,1015,1507,0.1388
488,1019,1507,0.1388
487,1024,1511,0.1388
490,1022,1512,0.1388
492,1013,1505,0.1388
487,1025,1512,0.1388
480,1021,1501,0.1388
486,1022,1508,0.1388
490,1020,1510,0.1388
489,1016,1505,0.1388
481,1021,1502,0.1388
479,1036,1515,0.1388
477,1024,1501,0.1388
471,1033,1504,0.1388
464,1038,1502,0.1388
461,1038,1499,0.1388
461,1035,1496,0.1388
463,1044,1507,0.1388
463,1057,1520,0.1388
462,1042,1504,0.1388
458,1032,1490,0.1388
457,1044,1501,0.1388
460,1046,1506,0.1388
459,1061,1520,0.1388
455,1059,1514,0.1388
456,1054,1510,0.1388
448,1047,1495,0.1388
451,1060,1511,0.1388
445,1073,1518,0.1388
445,1068,1513,0.1388
443,1074,1517,0.1388
443,1076,1519,0.1388
438,1060,1498,0.1388
438,1068,1506,0.1388
446,1065,1511,0.1388
439,1073,1512,0.1388
443,1077,1520,0.1388
446,1064,1510,0.1388
450,1061,1511,0.1388
449,1072,1521,0.1388
448,1070,1518,0.1388
442,1065,1507,0.1388
430,1076,1506,0.1388
424,1077,1501,0.1388
422,1079,1501,0.1388
418,1085,1503,0.1388
414,1087,1501,0.1388
421,1094,1515,0.1388
424,1088,1512,0.1388
419,1082,1501,0.1388
423,1096,1519,0.1388
428,1092,1520,0.1388
426,1102,1528,0.1388
427,1102,1529,0.1388
423,1112,1535,0.1388
421,1103,1524,0.1388
415,1100,1515,0.1388
417,1096,1513,0.1388
417,1109,1526,0.1388
416,1106,1522,0.1388
413,1093,1506,0.1388
409,1092,1501,0.1388
413,1091,1504,0.1388
411,1104,1515,0.1388
413,1112,1525,0.1388
405,1118,1523,0.1388
406,1111,1517,0.1388
403,1113,1516,0.1388
400,1120,1520,0.1388
402,1116,1518,0.1388
392,1112,1504,0.1388
395,1108,1503,0.1388
393,1104,1497,0.1388
400,1121,1521,0.1388
396,1120,1516,0.1388
401,1115,1516,0.1388
400,1115,1515,0.1388
398,1107,1505,0.1388
394,1103,1497,0.1388
389,1117,1506,0.1388
390,1104,1494,0.1388
399,1116,1515,0.1388
398,1120,1518,0.1388
395,1124,1519,0.1388
393,1118,1511,0.1388
394,1118,1512,0.1388
396,1113,1509,0.1388
397,1106,1503,0.1388
394,1115,1509,0.1388
388,1114,1502,0.1388
390,1111,1501,0.1388
390,1115,1505,0.1388
386,1114,1500,0.1388
388,1120,1508,0.1388
391,1117,1508,0.1388
394,1129,1523,0.1388
394,1132,1526,0.1388
386,1138,1524,0.1388
382,1130,1512,0.1388
379,1133,1512,0.1388
380,1121,1501,0.1388
380,1117,1497,0.1388
388,1119,1507,0.1388
384,1119,1503,0.1388
381,1130,1511,0.1388
387,1125,1512,0.1388
386,1122,1508,0.1388
382,1123,1505,0.1388
384,1130,1514,0.1388
381,1137,1518,0.1388
383,1136,1519,0.1388
382,1135,1517,0.1388
378,1131,1509,0.1388
379,1118,1497,0.1388
381,1119,1500,0.1388
385,1123,1508,0.1388
388,1118,1506,0.1388
388,1123,1511,0.1388
388,1128,1516,0.1388
388,1122,1510,0.1388
390,1132,1522,0.1388
386,1129,1515,0.1388
384,1127,1511,0.1388
382,1119,1501,0.1388
384,1127,1511,0.1388
387,1125,1512,0.1388
393,1121,1514,0.1388
390,1125,1515,0.1388
379,1119,1498,0.1388
377,1121,1498,0.1388
379,1135,1514,0.1388
377,1136,1513,0.1388
375,1137,1512,0.1388
375,1130,1505,0.1388
372,1137,1509,0.1388
374,1132,1506,0.1388
378,1138,1516,0.1388
371,1128,1499,0.1388
372,1140,1512,0.1388
374,1137,1511,0.1388
386,1130,1516,0.1388
379,1146,1525,0.1388
381,1146,1527,0.1388
379,1151,1530,0.1388
376,1151,1527,0.1388
371,1144,1515,0.1388
369,1147,1516,0.1388
364,1146,1510,0.1388
361,1148,1509,0.1388
360,1147,1507,0.1388
363,1144,1507,0.1388
368,1140,1508,0.1388
364,1145,1509,0.1388
366,1139,1505,0.1388
369,1135,1504,0.1388
364,1147,1511,0.1388
361,1156,1517,0.1388
363,1159,1522,0.1388
364,1156,1520,0.1388
356,1158,1514,0.1388
358,1150,1508,0.1388
365,1137,1502,0.1388
363,1141,1504,0.1388
360,1142,1502,0.1388
357,1136,1493,0.1388
353,1146,1499,0.1388
350,1145,1495,0.1388
350,1144,1494,0.1388
358,1147,1505,0.1388
362,1143,1505,0.1388
359,1142,1501,0.1388
358,1139,1497,0.1388
357,1136,1493,0.1388
366,1134,1500,0.1388
362,1141,1503,0.1388
363,1143,1506,0.1388
359,1140,1499,0.1388
360,1140,1500,0.1388
355,1148,1503,0.1388
355,1142,1497,0.1388
353,1144,1497,0.1388
355,1144,1499,0.1388
349,1156,1505,0.1388
343,1162,1505,0.1388
346,1157,1503,0.1388
346,1160,1506,0.1388
344,1178,1522,0.1388
343,1179,1522,0.1388
339,1180,1519,0.1388
334,1180,1514,0.1388
332,1165,1497,0.1388
323,1177,1500,0.1388
329,1187,1516,0.1388
325,1189,1514,0.1388
325,1191,1516,0.1388
316,1184,1500,0.1388
314,1198,1512,0.1388
318,1200,1518,0.1388
318,1197,1515,0.1388
325,1192,1517,0.1388
324,1198,1522,0.1388
319,1185,1504,0.1388
324,1184,1508,0.1388
325,1183,1508,0.1388
322,1184,1506,0.1388
322,1180,1502,0.1388
321,1191,1512,0.1388
325,1196,1521,0.1388
328,1200,1528,0.1388
332,1192,1524,0.1388
327,1196,1523,0.1388
323,1191,1514,0.1388
320,1197,1517,0.1388
315,1205,1520,0.1388
311,1207,1518,0.1388
316,1194,1510,0.1388
314,1213,1527,0.1388
311,1205,1516,0.1388
308,1195,1503,0.1388
307,1191,1498,0.1388
311,1198,1509,0.1388
313,1189,1502,0.1388
307,1205,1512,0.1388
304,1204,1508,0.1388
301,1212,1513,0.1388
304,1214,1518,0.1388
304,1212,1516,0.1388
302,1206,1508,0.1388
300,1206,1506,0.1388
299,1216,1515,0.1388
300,1212,1512,0.1388
296,1227,1523,0.1388
290,1227,1517,0.1388
296,1231,1527,0.1388
300,1216,1516,0.1388
298,1221,1519,0.1388
295,1220,1515,0.1388
296,1225,1521,0.1388
296,1213,1509,0.1388
293,1207,1500,0.1388
297,1208,1505,0.1388
290,1213,1503,0.1388
290,1220,1510,0.1388
294,1212,1506,0.1388
294,1219,1513,0.1388
290,1223,1513,0.1388
291,1227,1518,0.1388
289,1230,1519,0.1388
287,1230,1517,0.1388
285,1230,1515,0.1388
282,1223,1505,0.1388
290,1225,1515,0.1388
287,1222,1509,0.1388
285,1227,1512,0.1388
281,1234,1515,0.1388
280,1243,1523,0.1388
282,1246,1528,0.1388
281,1237,1518,0.1388
271,1235,1506,0.1388
272,1236,1508,0.1388
271,1230,1501,0.1388
266,1232,1498,0.1388
265,1236,1501,0.1388
266,1228,1494,0.1388
264,1231,1495,0.1388
271,1243,1514,0.1388
273,1249,1522,0.1388
267,1243,1510,0.1388
261,1243,1504,0.1388
258,1242,1500,0.1388
262,1238,1500,0.1388
264,1241,1505,0.1388
263,1249,1512,0.1388
256,1261,1517,0.1388
257,1258,1515,0.1388
258,1255,1513,0.1388
256,1252,1508,0.1388
256,1253,1509,0.1388
257,1261,1518,0.1388
254,1273,1527,0.1388
259,1263,1522,0.1388
255,1256,1511,0.1388
257,1249,1506,0.1388
252,1252,1504,0.1388
243,1251,1494,0.1388
248,1258,1506,0.1388
250,1262,1512,0.1388
251,1270,1521,0.1388
245,1246,1491,0.1388
246,1255,1501,0.1388
249,1261,1510,0.1388
245,1256,1501,0.1388
240,1255,1495,0.1388
239,1264,1503,0.1388
242,1260,1502,0.1388
244,1260,1504,0.1388
243,1264,1507,0.1388
241,1269,1510,0.1388
234,1272,1506,0.1388
237,1280,1517,0.1388
234,1275,1509,0.1388
231,1278,1509,0.1388
229,1272,1501,0.1388
230,1280,1510,0.1388
231,1292,1523,0.1388
238,1290,1528,0.1388
239,1291,1530,0.1388
237,1271,1508,0.1388
230,1283,1513,0.1388
229,1277,1506,0.1388
227,1279,1506,0.1388
229,1279,1508,0.1388
231,1283,1514,0.1388
235,1265,1500,0.1388
231,1291,1522,0.1388
232,1300,1532,0.1388
231,1296,1527,0.1388
232,1291,1523,0.1388
231,1295,1526,0.1388
230,1292,1522,0.1388
227,1284,1511,0.1388
228,1284,1512,0.1388
223,1287,1510,0.1388
222,1280,1502,0.1388
223,1279,1502,0.1388
221,1288,1509,0.1388
220,1291,1511,0.1388
227,1279,1506,0.1388
228,1288,1516,0.1388
225,1290,1515,0.1388
227,1283,1510,0.1388
224,1284,1508,0.1388
224,1294,1518,0.1388
220,1298,1518,0.1388
222,1293,1515,0.1388
223,1280,1503,0.1388
218,1280,1498,0.1388
217,1277,1494,0.1388
220,1288,1508,0.1388
216,1288,1504,0.1388
216,1289,1505,0.1388
218,1288,1506,0.1388
219,1280,1499,0.1388
219,1290,1509,0.1388
220,1277,1497,0.1388
222,1287,1509,0.1388
224,1285,1509,0.1388
223,1290,1513,0.1388
223,1302,1525,0.1388
221,1309,1530,0.1388
219,1293,1512,0.1388
217,1283,1500,0.1388
213,1279,1492,0.1388
209,1289,1498,0.1388
213,1298,1511,0.1388
212,1299,1511,0.1388
206,1309,1515,0.1388
205,1298,1503,0.1388
206,1303,1509,0.1388
205,1296,1501,0.1388
213,1295,1508,0.1388
212,1304,1516,0.1388
208,1291,1499,0.1388
205,1306,1511,0.1388
206,1295,1501,0.1388
203,1300,1503,0.1388
201,1306,1507,0.1388
200,1318,1518,0.1388
202,1318,1520,0.1388
193,1319,1512,0.1388
197,1318,1515,0.1388
198,1310,1508,0.1388
202,1314,1516,0.1388
199,1316,1515,0.1388
199,1321,1520,0.1388
201,1324,1525,0.1388
200,1315,1515,0.1388
203,1316,1519,0.1388
207,1309,1516,0.1388
210,1314,1524,0.1388
209,1321,1530,0.1388
211,1313,1524,0.1388
207,1317,1524,0.1388
205,1320,1525,0.1388
205,1324,1529,0.1388
206,1315,1521,0.1388
204,1297,1501,0.1388
200,1298,1498,0.1388
198,1305,1503,0.1388
198,1316,1514,0.1388
199,1326,1525,0.1388
196,1323,1519,0.1388
194,1333,1527,0.1388
203,1302,1505,0.1388
205,1306,1511,0.1388
203,1311,1514,0.1388
202,1313,1515,0.1388
203,1313,1516,0.1388
203,1318,1521,0.1388
199,1333,1532,0.1388
200,1325,1525,0.1388
205,1318,1523,0.1388
207,1316,1523,0.1388
205,1312,1517,0.1388
205,1308,1513,0.1388
202,1324,1526,0.1388
199,1316,1515,0.1388
200,1319,1519,0.1388
205,1324,1529,0.1388
205,1301,1506,0.1388
203,1303,1506,0.1388
202,1316,1518,0.1388
203,1311,1514,0.1388
202,1323,1525,0.1388
204,1314,1518,0.1388
201,1308,1509,0.1388
204,1315,1519,0.1388
207,1321,1528,0.1388
205,1314,1519,0.1388
206,1320,1526,0.1388
204,1314,1518,0.1388
200,1309,1509,0.1388
203,1314,1517,0.1388
202,1315,1517,0.1388
204,1313,1517,0.1388
202,1305,1507,0.1388
199,1304,1503,0.1388
193,1308,1501,0.1388
193,1309,1502,0.1388
191,1311,1502,0.1388
191,1317,1508,0.1388
190,1324,1514,0.1388
193,1318,1511,0.1388
189,1318,1507,0.1388
187,1315,1502,0.1388
186,1319,1505,0.1388
182,1316,1498,0.1388
179,1334,1513,0.1388
176,1316,1492,0.1388
181,1332,1513,0.1388
177,1336,1513,0.1388
175,1332,1507,0.1388
176,1335,1511,0.1388
177,1345,1522,0.1388
179,1342,1521,0.1388
178,1346,1524,0.1388
177,1347,1524,0.1388
178,1334,1512,0.1388
180,1344,1524,0.1388
178,1337,1515,0.1388
179,1329,1508,0.1388
178,1320,1498,0.1388
177,1328,1505,0.1388
176,1328,1504,0.1388
177,1336,1513,0.1388
182,1335,1517,0.1388
183,1344,1527,0.1388
181,1359,1540,0.1388
177,1359,1536,0.1388
177,1359,1536,0.1388
171,1350,1521,0.1388
166,1357,1523,0.1388
165,1357,1522,0.1388
166,1354,1520,0.1388
167,1356,1523,0.1388
162,1343,1505,0.1388
167,1351,1518,0.1388
165,1347,1512,0.1388
170,1354,1524,0.1388
170,1360,1530,0.1388
171,1361,1532,0.1388
164,1351,1515,0.1388
163,1348,1511,0.1388
162,1348,1510,0.1388
161,1342,1503,0.1388
163,1339,1502,0.1388
166,1339,1505,0.1388
161,1354,1515,0.1388
160,1345,1505,0.1388
153,1347,1500,0.1388
156,1339,1495,0.1388
158,1344,1502,0.1388
157,1346,1503,0.1388
161,1353,1514,0.1388
162,1366,1528,0.1388
163,1368,1531,0.1388
164,1357,1521,0.1388
162,1352,1514,0.1388
161,1351,1512,0.1388
159,1359,1518,0.1388
156,1354,1510,0.1388
150,1354,1504,0.1388
158,1360,1518,0.1388
156,1353,1509,0.1388
154,1354,1508,0.1388
158,1356,1514,0.1388
156,1347,1503,0.1388
159,1349,1508,0.1388
161,1338,1499,0.1388
163,1349,1512,0.1388
163,1355,1518,0.1388
163,1348,1511,0.1388
163,1348,1511,0.1388
163,1361,1524,0.1388
161,1352,1513,0.1388
158,1362,1520,0.1388
154,1373,1527,0.1388
151,1369,1520,0.1388
145,1370,1515,0.1388
144,1363,1507,0.1388
143,1365,1508,0.1388
142,1368,1510,0.1388
139,1386,1525,0.1388
139,1381,1520,0.1388
137,1385,1522,0.1388
138,1378,1516,0.1388
138,1377,1515,0.1388
139,1373,1512,0.1388
136,1383,1519,0.1388
138,1384,1522,0.1388
141,1388,1529,0.1388
141,1399,1540,0.1388
139,1390,1529,0.1388
140,1389,1529,0.1388
143,1378,1521,0.1388
141,1358,1499,0.1388
139,1365,1504,0.1388
143,1358,1501,0.1388
141,1366,1507,0.1388
140,1371,1511,0.1388
136,1384,1520,0.1388
136,1382,1518,0.1388
133,1375,1508,0.1388
132,1394,1526,0.1388
135,1394,1529,0.1388
135,1380,1515,0.1388
135,1384,1519,0.1388
134,1391,1525,0.1388
132,1401,1533,0.1388
131,1390,1521,0.1388
123,1388,1511,0.1388
117,1392,1509,0.1388
112,1388,1500,0.1388
110,1392,1502,0.1388
113,1398,1511,0.1388
114,1401,1515,0.1388
117,1408,1525,0.1388
112,1419,1531,0.1388
108,1415,1523,0.1388
104,1422,1526,0.1388
99,1413,1512,0.1388
100,1410,1510,0.1388
99,1420,1519,0.1388
104,1418,1522,0.1388
103,1415,1518,0.1388
101,1418,1519,0.1388
100,1418,1518,0.1388
104,1406,1510,0.1388
104,1411,1515,0.1388
106,1410,1516,0.1388
103,1425,1528,0.1388
106,1421,1527,0.1388
109,1414,1523,0.1388
105,1409,1514,0.1388
105,1425,1530,0.1388
105,1422,1527,0.1388
106,1422,1528,0.1388
108,1424,1532,0.1388
110,1425,1535,0.1388
110,1414,1524,0.1388
111,1419,1530,0.1388
111,1403,1514,0.1388
108,1402,1510,0.1388
106,1404,1510,0.1388
105,1401,1506,0.1388
107,1404,1511,0.1388
106,1410,1516,0.1388
107,1409,1516,0.1388
108,1409,1517,0.1388
111,1412,1523,0.1388
111,1422,1533,0.1388
111,1425,1536,0.1388
109,1415,1524,0.1388
107,1417,1524,0.1388
107,1419,1526,0.1388
104,1424,1528,0.1388
107,1422,1529,0.1388
107,1424,1531,0.1388
106,1420,1526,0.1388
106,1425,1531,0.1388
106,1417,1523,0.1388
108,1414,1522,0.1388
106,1409,1515,0.1388
102,1412,1514,0.1388
104,1421,1525,0.1388
105,1424,1529,0.1388
105,1421,1526,0.1388
104,1424,1528,0.1388
102,1432,1534,0.1388
103,1433,1536,0.1388
99,1430,1529,0.1388
100,1418,1518,0.1388
99,1418,1517,0.1388
95,1415,1510,0.1388
94,1424,1518,0.1388
93,1420,1513,0.1388
93,1422,1515,0.1388
95,1444,1539,0.1388
93,1419,1512,0.1388
95,1420,1515,0.1388
95,1434,1529,0.1388
94,1422,1516,0.1388
92,1423,1515,0.1388
89,1423,1512,0.1388
89,1425,1514,0.1388
90,1439,1529,0.1388
90,1441,1531,0.1388
91,1425,1516,0.1388
91,1425,1516,0.1388
92,1423,1515,0.1388
90,1419,1509,0.1388
88,1423,1511,0.1388
87,1432,1519,0.1388
87,1430,1517,0.1388
86,1431,1517,0.1388
83,1435,1518,0.1388
81,1436,1517,0.1388
78,1438,1516,0.1388
82,1447,1529,0.1388
83,1444,1527,0.1388
81,1433,1514,0.1388
79,1433,1512,0.1388
75,1426,1501,0.1388
74,1415,1489,0.1388
74,1431,1505,0.1388
77,1448,1525,0.1388
77,1450,1527,0.1388
82,1439,1521,0.1388
81,1429,1510,0.1388
83,1427,1510,0.1388
81,1416,1497,0.1388
81,1427,1508,0.1388
80,1435,1515,0.1388
80,1441,1521,0.1388
76,1433,1509,0.1388
74,1424,1498,0.1388
76,1423,1499,0.1388
73,1437,1510,0.1388
76,1435,1511,0.1388
77,1434,1511,0.1388
74,1443,1517,0.1388
77,1434,1511,0.1388
76,1433,1509,0.1388
76,1432,1508,0.1388
73,1437,1510,0.1388
73,1436,1509,0.1388
74,1435,1509,0.1388
75,1442,1517,0.1388
75,1426,1501,0.1388
75,1435,1510,0.1388
73,1431,1504,0.1388
70,1433,1503,0.1388
69,1429,1498,0.1388
69,1440,1509,0.1388
67,1431,1498,0.1388
64,1443,1507,0.1388
61,1445,1506,0.1388
60,1463,1523,0.1388
63,1457,1520,0.1388
65,1456,1521,0.1388
63,1450,1513,0.1388
62,1449,1511,0.1388
63,1454,1517,0.1388
66,1449,1515,0.1388
68,1454,1522,0.1388
65,1453,1518,0.1388
63,1448,1511,0.1388
66,1438,1504,0.1388
65,1454,1519,0.1388
65,1451,1516,0.1388
66,1445,1511,0.1388
64,1452,1516,0.1388
64,1442,1506,0.1388
62,1455,1517,0.1388
61,1461,1522,0.1388
64,1459,1523,0.1388
65,1459,1524,0.1388
65,1455,1520,0.1388
65,1456,1521,0.1388
64,1464,1528,0.1388
65,1467,1532,0.1388
64,1454,1518,0.1388
61,1458,1519,0.1388
62,1458,1520,0.1388
61,1455,1516,0.1388
60,1454,1514,0.1388
58,1443,1501,0.1388
58,1461,1519,0.1388
57,1461,1518,0.1388
60,1465,1525,0.1388
60,1473,1533,0.1388
60,1469,1529,0.1388
60,1482,1542,0.1388
59,1471,1530,0.1388
58,1460,1518,0.1388
57,1452,1509,0.1388
58,1456,1514,0.1388
58,1454,1512,0.1388
57,1456,1513,0.1388
58,1453,1511,0.1388
59,1456,1515,0.1388
57,1459,1516,0.1388
59,1468,1527,0.1388
60,1476,1536,0.1388
56,1460,1516,0.1388
58,1450,1508,0.1388
59,1456,1515,0.1388
60,1458,1518,0.1388
60,1454,1514,0.1388
61,1451,1512,0.1388
64,1455,1519,0.1388
63,1446,1509,0.1388
64,1449,1513,0.1388
66,1462,1528,0.1388
66,1459,1525,0.1388
66,1452,1518,0.1388
67,1450,1517,0.1388
65,1438,1503,0.1388
65,1444,1509,0.1388
66,1446,1512,0.1388
66,1452,1518,0.1388
63,1456,1519,0.1388
60,1457,1517,0.1388
62,1457,1519,0.1388
61,1455,1516,0.1388
62,1454,1516,0.1388
62,1459,1521,0.1388
61,1455,1516,0.1388
57,1471,1528,0.1388
60,1467,1527,0.1388
61,1461,1522,0.1388
59,1466,1525,0.1388
59,1455,1514,0.1388
58,1460,1518,0.1388
55,1462,1517,0.1388
56,1465,1521,0.1388
56,1470,1526,0.1388
55,1467,1522,0.1388
50,1477,1527,0.1388
52,1460,1512,0.1388
52,1457,1509,0.1388
52,1473,1525,0.1388
52,1471,1523,0.1388
54,1472,1526,0.1388
54,1469,1523,0.1388
57,1476,1533,0.1388
57,1461,1518,0.1388
56,1477,1533,0.1388
59,1460,1519,0.1388
59,1460,1519,0.1388
59,1464,1523,0.1388
55,1465,1520,0.1388
55,1457,1512,0.1388
53,1463,1516,0.1388
49,1471,1520,0.1388
49,1473,1522,0.1388
48,1475,1523,0.1388
46,1479,1525,0.1388
46,1469,1515,0.1388
47,1489,1536,0.1388
48,1482,1530,0.1388
48,1474,1522,0.1388
48,1464,1512,0.1388
48,1466,1514,0.1388
45,1468,1513,0.1388
45,1467,1512,0.1388
45,1462,1507,0.1388
43,1464,1507,0.1388
44,1466,1510,0.1388
43,1481,1524,0.1388
45,1481,1526,0.1388
45,1491,1536,0.1388
43,1494,1537,0.1388
47,1482,1529,0.1388
47,1475,1522,0.1388
48,1464,1512,0.1388
48,1463,1511,0.1388
50,1467,1517,0.1388
51,1471,1522,0.1388
53,1465,1518,0.1388
51,1469,1520,0.1388
50,1471,1521,0.1388
50,1457,1507,0.1388
52,1464,1516,0.1388
52,1460,1512,0.1388
53,1470,1523,0.1388
53,1462,1515,0.1388
53,1471,1524,0.1388
53,1465,1518,0.1388
50,1470,1520,0.1388
50,1459,1509,0.1388
49,1454,1503,0.1388
49,1467,1516,0.1388
49,1475,1524,0.1388
49,1477,1526,0.1388
49,1471,1520,0.1388
50,1474,1524,0.1388
48,1475,1523,0.1388
50,1465,1515,0.1388
50,1458,1508,0.1388
51,1458,1509,0.1388
52,1464,1516,0.1388
50,1471,1521,0.1388
49,1482,1531,0.1388
47,1471,1518,0.1388
47,1469,1516,0.1388
47,1462,1509,0.1388
47,1457,1504,0.1388
45,1467,1512,0.1388
44,1477,1521,0.1388
42,1469,1511,0.1388
43,1469,1512,0.1388
42,1482,1524,0.1388
42,1479,1521,0.1388
42,1483,1525,0.1388
41,1460,1501,0.1388
40,1472,1512,0.1388
40,1457,1497,0.1388
40,1466,1506,0.1388
41,1467,1508,0.1388
40,1465,1505,0.1388
41,1459,1500,0.1388
41,1455,1496,0.1388
41,1464,1505,0.1388
41,1471,1512,0.1388
42,1487,1529,0.1388
40,1489,1529,0.1388
40,1488,1528,0.1388
41,1496,1537,0.1388
41,1491,1532,0.1388
40,1487,1527,0.1388
39,1482,1521,0.1388
37,1497,1534,0.1388
37,1480,1517,0.1388
37,1458,1495,0.1388
39,1457,1496,0.1388
40,1480,1520,0.1388
41,1469,1510,0.1388
42,1484,1526,0.1388
44,1477,1521,0.1388
44,1472,1516,0.1388
43,1467,1510,0.1388
44,1464,1508,0.1388
44,1459,1503,0.1388
44,1466,1510,0.1388
44,1475,1519,0.1388
43,1478,1521,0.1388
44,1462,1506,0.1388
44,1465,1509,0.1388
42,1470,1512,0.1388
42,1460,1502,0.1388
42,1460,1502,0.1388
41,1473,1514,0.1388
41,1476,1517,0.1388
40,1474,1514,0.1388
37,1478,1515,0.1388
36,1484,1520,0.1388
36,1483,1519,0.1388
34,1475,1509,0.1388
33,1478,1511,0.1388
33,1479,1512,0.1388
33,1479,1512,0.1388
33,1491,1524,0.1388
33,1496,1529,0.1388
33,1493,1526,0.1388
31,1477,1508,0.1388
28,1492,1520,0.1388
25,1491,1516,0.1388
26,1475,1501,0.1388
26,1491,1517,0.1388
26,1494,1520,0.1388
26,1484,1510,0.1388
26,1493,1519,0.1388
26,1503,1529,0.1388
27,1500,1527,0.1388
25,1488,1513,0.1388
27,1486,1513,0.1388
27,1490,1517,0.1388
28,1481,1509,0.1388
28,1477,1505,0.1388
27,1469,1496,0.1388
26,1467,1493,0.1388
25,1472,1497,0.1388
26,1476,1502,0.1388
27,1477,1504,0.1388
29,1470,1499,0.1388
28,1475,1503,0.1388
28,1470,1498,0.1388
27,1474,1501,0.1388
30,1473,1503,0.1388
31,1469,1500,0.1388
30,1481,1511,0.1388
29,1488,1517,0.1388
27,1478,1505,0.1388
28,1473,1501,0.1388
30,1484,1514,0.1388
30,1481,1511,0.1388
30,1474,1504,0.1388
29,1470,1499,0.1388
29,1476,1505,0.1388
31,1494,1525,0.1388
33,1490,1523,0.1388
33,1494,1527,0.1388
34,1497,1531,0.1388
32,1487,1519,0.1388
32,1483,1515,0.1388
30,1487,1517,0.1388
27,1486,1513,0.1388
28,1489,1517,0.1388
28,1486,1514,0.1388
28,1470,1498,0.1388
27,1483,1510,0.1388
27,1469,1496,0.1388
28,1470,1498,0.1388
27,1472,1499,0.1388
27,1489,1516,0.1388
29,1485,1514,0.1388
28,1478,1506,0.1388
28,1471,1499,0.1388
28,1481,1509,0.1388
30,1480,1510,0.1388
30,1490,1520,0.1388
30,1504,1534,0.1388
31,1496,1527,0.1388
30,1497,1527,0.1388
31,1485,1516,0.1388
30,1475,1505,0.1388
31,1467,1498,0.1388
31,1480,1511,0.1388
30,1477,1507,0.1388
30,1490,1520,0.1388
30,1487,1517,0.1388
27,1489,1516,0.1388
27,1497,1524,0.1388
28,1504,1532,0.1388
28,1490,1518,0.1388
29,1497,1526,0.1388
28,1499,1527,0.1388
28,1487,1515,0.1388
28,1477,1505,0.1388
26,1483,1509,0.1388
25,1482,1507,0.1388
26,1468,1494,0.1388
26,1465,1491,0.1388
28,1468,1496,0.1388
28,1477,1505,0.1388
27,1476,1503,0.1388
26,1479,1505,0.1388
30,1479,1509,0.1388
30,1476,1506,0.1388
32,1485,1517,0.1388
32,1488,1520,0.1388
32,1489,1521,0.1388
32,1492,1524,0.1388
29,1492,1521,0.1388
26,1500,1526,0.1388
27,1498,1525,0.1388
28,1497,1525,0.1388
28,1488,1516,0.1388
27,1491,1518,0.1388
30,1493,1523,0.1388
29,1501,1530,0.1388
28,1497,1525,0.1388
29,1486,1515,0.1388
30,1481,1511,0.1388
27,1485,1512,0.1388
25,1488,1513,0.1388
25,1478,1503,0.1388
24,1489,1513,0.1388
23,1485,1508,0.1388
22,1497,1519,0.1388
20,1496,1516,0.1388
21,1495,1516,0.1388
22,1495,1517,0.1388
22,1498,1520,0.1388
22,1485,1507,0.1388
22,1491,1513,0.1388
21,1501,1522,0.1388
21,1492,1513,0.1388
21,1509,1530,0.1388
22,1496,1518,0.1388
22,1494,1516,0.1388
23,1491,1514,0.1388
23,1490,1513,0.1388
22,1488,1510,0.1388
23,1493,1516,0.1388
23,1488,1511,0.1388
24,1493,1517,0.1388
24,1506,1530,0.1388
23,1508,1531,0.1388
24,1506,1530,0.1388
26,1492,1518,0.1388
27,1491,1518,0.1388
25,1491,1516,0.1388
24,1485,1509,0.1388
24,1493,1517,0.1388
24,1495,1519,0.1388
24,1492,1516,0.1388
25,1495,1520,0.1388
24,1498,1522,0.1388
24,1495,1519,0.1388
24,1506,1530,0.1388
25,1505,1530,0.1388
26,1494,1520,0.1388
26,1497,1523,0.1388
26,1495,1521,0.1388
24,1498,1522,0.1388
23,1491,1514,0.1388
22,1492,1514,0.1388
21,1505,1526,0.1388
21,1490,1511,0.1388
20,1484,1504,0.1388
19,1486,1505,0.1388
20,1492,1512,0.1388
19,1500,1519,0.1388
18,1504,1522,0.1388
17,1511,1528,0.1388
17,1501,1518,0.1388
18,1495,1513,0.1388
18,1499,1517,0.1388
18,1503,1521,0.1388
18,1493,1511,0.1388
19,1487,1506,0.1388
19,1474,1493,0.1388
20,1482,1502,0.1388
19,1489,1508,0.1388
19,1491,1510,0.1388
18,1493,1511,0.1388
20,1507,1527,0.1388
20,1500,1520,0.1388
20,1494,1514,0.1388
20,1495,1515,0.1388
21,1489,1510,0.1388
20,1482,1502,0.1388
20,1486,1506,0.1388
20,1479,1499,0.1388
20,1482,1502,0.1388
17,1500,1517,0.1388
18,1509,1527,0.1388
16,1502,1518,0.1388
16,1499,1515,0.1388
16,1496,1512,0.1388
17,1497,1514,0.1388
17,1510,1527,0.1388
17,1515,1532,0.1388
17,1516,1533,0.1388
14,1507,1521,0.1388
14,1489,1503,0.1388
14,1490,1504,0.1388
14,1495,1509,0.1388
14,1500,1514,0.1388
14,1513,1527,0.1388
14,1501,1515,0.1388
13,1500,1513,0.1388
13,1511,1524,0.1388
13,1513,1526,0.1388
13,1510,1523,0.1388
11,1527,1538,0.1388
10,1521,1531,0.1388
10,1516,1526,0.1388
8,1510,1518,0.1388
8,1505,1513,0.1388
8,1500,1508,0.1388
8,1500,1508,0.1388
8,1504,1512,0.1388
8,1509,1517,0.1388
8,1527,1535,0.1388
8,1520,1528,0.1388
8,1529,1537,0.1388
8,1526,1534,0.1388
8,1517,1525,0.1388
8,1520,1528,0.1388
7,1512,1519,0.1388
7,1523,1530,0.1388
8,1524,1532,0.1388
8,1515,1523,0.1388
9,1524,1533,0.1388
9,1520,1529,0.1388
9,1514,1523,0.1388
9,1503,1512,0.1388
9,1498,1507,0.1388
9,1501,1510,0.1388
9,1500,1509,0.1388
9,1508,1517,0.1388
8,1498,1506,0.1388
8,1504,1512,0.1388
8,1495,1503,0.1388
8,1501,1509,0.1388
8,1506,1514,0.1388
8,1503,1511,0.1388
7,1504,1511,0.1388
7,1504,1511,0.1388
7,1515,1522,0.1388
7,1506,1513,0.1388
7,1495,1502,0.1388
7,1495,1502,0.1388
7,1491,1498,0.1388
7,1504,1511,0.1388
7,1510,1517,0.1388
7,1492,1499,0.1388
6,1504,1510,0.1388
6,1497,1503,0.1388
6,1499,1505,0.1388
7,1503,1510,0.1388
6,1507,1513,0.1388
6,1507,1513,0.1388
5,1505,1510,0.1388
5,1512,1517,0.1388
6,1503,1509,0.1388
6,1504,1510,0.1388
6,1507,1513,0.1388
6,1510,1516,0.1388
6,1509,1515,0.1388
5,1492,1497,0.1388
5,1490,1495,0.1388
5,1505,1510,0.1388
5,1512,1517,0.1388
5,1497,1502,0.1388
5,1492,1497,0.1388
5,1512,1517,0.1388
5,1523,1528,0.1388
6,1523,1529,0.1388
6,1517,1523,0.1388
6,1519,1525,0.1388
6,1503,1509,0.1388
6,1511,1517,0.1388
5,1507,1512,0.1388
5,1513,1518,0.1388
5,1519,1524,0.1388
6,1526,1532,0.1388
6,1524,1530,0.1388
6,1524,1530,0.1388
6,1513,1519,0.1388
6,1502,1508,0.1388
6,1511,1517,0.1388
6,1518,1524,0.1388
6,1533,1539,0.1388
6,1526,1532,0.1388
6,1500,1506,0.1388
6,1501,1507,0.1388
6,1518,1524,0.1388
6,1511,1517,0.1388
6,1521,1527,0.1388
6,1519,1525,0.1388
6,1510,1516,0.1388
6,1512,1518,0.1388
7,1517,1524,0.1388
6,1515,1521,0.1388
6,1511,1517,0.1388
6,1507,1513,0.1388
6,1494,1500,0.1388
6,1499,1505,0.1388
6,1507,1513,0.1388
5,1497,1502,0.1388
5,1493,1498,0.1388
5,1493,1498,0.1388
5,1510,1515,0.1388
6,1507,1513,0.1388
6,1511,1517,0.1388
6,1505,1511,0.1388
7,1525,1532,0.1388
7,1519,1526,0.1388
7,1515,1522,0.1388
7,1518,1525,0.1388
7,1513,1520,0.1388
7,1512,1519,0.1388
7,1501,1508,0.1388
7,1502,1509,0.1388
8,1498,1506,0.1388
7,1505,1512,0.1388
7,1516,1523,0.1388
8,1511,1519,0.1388
7,1520,1527,0.1388
7,1510,1517,0.1388
7,1513,1520,0.1388
8,1508,1516,0.1388
6,1519,1525,0.1388
6,1503,1509,0.1388
8,1511,1519,0.1388
8,1508,1516,0.1388
8,1508,1516,0.1388
8,1508,1516,0.1388
8,1514,1522,0.1388
8,1510,1518,0.1388
8,1508,1516,0.1388
8,1514,1522,0.1388
7,1520,1527,0.1388
7,1507,1514,0.1388
7,1518,1525,0.1388
7,1511,1518,0.1388
7,1507,1514,0.1388
7,1496,1503,0.1388
7,1496,1503,0.1388
8,1498,1506,0.1388
7,1487,1494,0.1388
6,1502,1508,0.1388
6,1495,1501,0.1388
6,1518,1524,0.1388
8,1496,1504,0.1388
8,1504,1512,0.1388
9,1500,1509,0.1388
9,1504,1513,0.1388
8,1500,1508,0.1388
9,1499,1508,0.1388
9,1511,1520,0.1388
9,1495,1504,0.1388
8,1509,1517,0.1388
9,1507,1516,0.1388
9,1508,1517,0.1388
9,1501,1510,0.1388
9,1518,1527,0.1388
9,1503,1512,0.1388
10,1501,1511,0.1388
10,1502,1512,0.1388
10,1501,1511,0.1388
10,1507,1517,0.1388
9,1515,1524,0.1388
9,1525,1534,0.1388
9,1516,1525,0.1388
9,1523,1532,0.1388
9,1516,1525,0.1388
9,1497,1506,0.1388
9,1506,1515,0.1388
9,1510,1519,0.1388
9,1509,1518,0.1388
9,1501,1510,0.1388
9,1502,1511,0.1388
9,1505,1514,0.1388
9,1495,1504,0.1388
8,1514,1522,0.1388
8,1513,1521,0.1388
8,1504,1512,0.1388
8,1511,1519,0.1388
9,1511,1520,0.1388
9,1501,1510,0.1388
8,1505,1513,0.1388
8,1509,1517,0.1388
8,1500,1508,0.1388
7,1514,1521,0.1388
6,1504,1510,0.1388
6,1510,1516,0.1388
6,1499,1505,0.1388
6,1490,1496,0.1388
6,1502,1508,0.1388
7,1500,1507,0.1388
7,1507,1514,0.1388
8,1530,1538,0.1388
8,1515,1523,0.1388
8,1511,1519,0.1388
8,1501,1509,0.1388
8,1506,1514,0.1388
7,1511,1518,0.1388
7,1509,1516,0.1388
7,1516,1523,0.1388
7,1509,1516,0.1388
7,1507,1514,0.1388
7,1504,1511,0.1388
7,1505,1512,0.1388
8,1505,1513,0.1388
8,1517,1525,0.1388
8,1527,1535,0.1388
8,1511,1519,0.1388
7,1504,1511,0.1388
7,1500,1507,0.1388
7,1504,1511,0.1388
7,1501,1508,0.1388
7,1498,1505,0.1388
7,1501,1508,0.1388
7,1504,1511,0.1388
7,1519,1526,0.1388
7,1521,1528,0.1388
7,1515,1522,0.1388
7,1510,1517,0.1388
7,1495,1502,0.1388
7,1505,1512,0.1388
6,1510,1516,0.1388
6,1505,1511,0.1388
6,1501,1507,0.1388
7,1517,1524,0.1388
8,1520,1528,0.1388
8,1505,1513,0.1388
8,1506,1514,0.1388
8,1507,1515,0.1388
8,1506,1514,0.1388
8,1507,1515,0.1388
8,1504,1512,0.1388
8,1499,1507,0.1388
8,1499,1507,0.1388
8,1492,1500,0.1388
8,1505,1513,0.1388
8,1512,1520,0.1388
8,1528,1536,0.1388
8,1527,1535,0.1388
8,1525,1533,0.1388
8,1511,1519,0.1388
8,1517,1525,0.1388
8,1521,1529,0.1388
8,1522,1530,0.1388
9,1516,1525,0.1388
8,1530,1538,0.1388
8,1526,1534,0.1388
9,1520,1529,0.1388
9,1520,1529,0.1388
9,1516,1525,0.1388
9,1509,1518,0.1388
8,1523,1531,0.1388
8,1512,1520,0.1388
8,1509,1517,0.1388
7,1520,1527,0.1388
7,1509,1516,0.1388
8,1501,1509,0.1388
8,1492,1500,0.1388
8,1507,1515,0.1388
8,1518,1526,0.1388
8,1513,1521,0.1388
8,1505,1513,0.1388
8,1503,1511,0.1388
8,1495,1503,0.1388
8,1494,1502,0.1388
8,1495,1503,0.1388
8,1500,1508,0.1388
8,1503,1511,0.1388
8,1507,1515,0.1388
9,1497,1506,0.1388
9,1506,1515,0.1388
9,1508,1517,0.1388
9,1503,1512,0.1388
10,1498,1508,0.1388
10,1503,1513,0.1388
10,1498,1508,0.1388
9,1497,1506,0.1388
9,1497,1506,0.1388
9,1505,1514,0.1388
8,1514,1522,0.1388
8,1501,1509,0.1388
7,1506,1513,0.1388
7,1503,1510,0.1388
7,1517,1524,0.1388
7,1531,1538,0.1388
7,1509,1516,0.1388
7,1525,1532,0.1388
7,1512,1519,0.1388
7,1511,1518,0.1388
7,1510,1517,0.1388
7,1501,1508,0.1388
6,1494,1500,0.1388
6,1500,1506,0.1388
6,1495,1501,0.1388
6,1497,1503,0.1388
5,1491,1496,0.1388
5,1505,1510,0.1388
6,1496,1502,0.1388
6,1515,1521,0.1388
5,1515,1520,0.1388
5,1526,1531,0.1388
4,1519,1523,0.1388
5,1512,1517,0.1388
4,1511,1515,0.1388
4,1511,1515,0.1388
4,1505,1509,0.1388
4,1501,1505,0.1388
4,1504,1508,0.1388
4,1505,1509,0.1388
4,1519,1523,0.1388
4,1524,1528,0.1388
4,1532,1536,0.1388
5,1534,1539,0.1388
5,1518,1523,0.1388
5,1499,1504,0.1388
5,1506,1511,0.1388
5,1508,1513,0.1388
5,1512,1517,0.1388
4,1512,1516,0.1388
5,1509,1514,0.1388
5,1500,1505,0.1388
5,1499,1504,0.1388
5,1507,1512,0.1388
5,1517,1522,0.1388
4,1515,1519,0.1388
4,1520,1524,0.1388
4,1503,1507,0.1388
4,1513,1517,0.1388
4,1527,1531,0.1388
4,1518,1522,0.1388
4,1522,1526,0.1388
3,1522,1525,0.1388
4,1516,1520,0.1388
4,1526,1530,0.1388
4,1521,1525,0.1388
4,1509,1513,0.1388
4,1509,1513,0.1388
4,1516,1520,0.1388
4,1509,1513,0.1388
4,1512,1516,0.1388
4,1501,1505,0.1388
4,1499,1503,0.1388
4,1511,1515,0.1388
4,1515,1519,0.1388
4,1516,1520,0.1388
3,1520,1523,0.1388
3,1516,1519,0.1388
3,1514,1517,0.1388
3,1523,1526,0.1388
4,1522,1526,0.1388
2,1507,1509,0.1388
2,1514,1516,0.1388
2,1507,1509,0.1388
2,1503,1505,0.1388
2,1509,1511,0.1388
2,1504,1506,0.1388
2,1500,1502,0.1388
2,1505,1507,0.1388
2,1509,1511,0.1388
2,1511,1513,0.1388
2,1520,1522,0.1388
2,1519,1521,0.1388
2,1521,1523,0.1388
1,1532,1533,0.1388
1,1513,1514,0.1388
1,1516,1517,0.1388
1,1516,1517,0.1388
1,1523,1524,0.1388
1,1521,1522,0.1388
1,1514,1515,0.1388
1,1524,1525,0.1388
1,1518,1519,0.1388
1,1518,1519,0.1388
1,1519,1520,0.1388
1,1515,1516,0.1388
1,1514,1515,0.1388
1,1526,1527,0.1388
0,1526,1526,0.1388
