1364,29,1393,0.1388
1393,32,1425,0.1388
1423,32,1455,0.1388
1429,32,1461,0.1388
1432,33,1465,0.1388
1439,33,1472,0.1388
1448,37,1485,0.1388
1453,36,1489,0.1388
1468,37,1505,0.1388
1466,35,1501,0.1388
1457,34,1491,0.1388
1468,35,1503,0.1388
1458,36,1494,0.1388
1454,33,1487,0.1388
1457,35,1492,0.1388
1453,34,1487,0.1388
1453,34,1487,0.1388
1459,34,1493,0.1388
1457,37,1494,0.1388
1460,37,1497,0.1388
1473,39,1512,0.1388
1469,39,1508,0.1388
1456,39,1495,0.1388
1452,40,1492,0.1388
1458,38,1496,0.1388
1462,37,1499,0.1388
1457,39,1496,0.1388
1439,40,1479,0.1388
1444,38,1482,0.1388
1438,38,1476,0.1388
1434,39,1473,0.1388
1445,39,1484,0.1388
1443,41,1484,0.1388
1439,38,1477,0.1388
1436,41,1477,0.1388
1431,43,1474,0.1388
1448,41,1489,0.1388
1462,40,1502,0.1388
1452,42,1494,0.1388
1439,43,1482,0.1388
1450,42,1492,0.1388
1453,43,1496,0.1388
1458,42,1500,0.1388
1457,42,1499,0.1388
1451,41,1492,0.1388
1444,45,1489,0.1388
1432,44,1476,0.1388
1432,42,1474,0.1388
1427,43,1470,0.1388
1435,46,1481,0.1388
1455,43,1498,0.1388
1454,42,1496,0.1388
1456,45,1501,0.1388
1448,45,1493,0.1388
1425,43,1468,0.1388
1448,44,1492,0.1388
1454,45,1499,0.1388
1450,46,1496,0.1388
1453,46,1499,0.1388
1451,45,1496,0.1388
1449,45,1494,0.1388
1458,44,1502,0.1388
1463,45,1508,0.1388
1456,45,1501,0.1388
1452,45,1497,0.1388
1449,45,1494,0.1388
1446,46,1492,0.1388
1434,46,1480,0.1388
1422,46,1468,0.1388
1436,46,1482,0.1388
1434,47,1481,0.1388
1447,46,1493,0.1388
1450,46,1496,0.1388
1456,41,1497,0.1388
1461,43,1504,0.1388
1449,42,1491,0.1388
1457,42,1499,0.1388
1440,41,1481,0.1388
1444,41,1485,0.1388
1438,40,1478,0.1388
1447,42,1489,0.1388
1454,41,1495,0.1388
1456,39,1495,0.1388
1461,38,1499,0.1388
1467,36,1503,0.1388
1479,37,1516,0.1388
1472,35,1507,0.1388
1464,36,1500,0.1388
1458,36,1494,0.1388
1449,37,1486,0.1388
1448,36,1484,0.1388
1445,35,1480,0.1388
1443,36,1479,0.1388
1455,35,1490,0.1388
1471,35,1506,0.1388
1471,36,1507,0.1388
1455,37,1492,0.1388
1462,36,1498,0.1388
1459,34,1493,0.1388
1463,35,1498,0.1388
1461,38,1499,0.1388
1454,37,1491,0.1388
1449,38,1487,0.1388
1452,37,1489,0.1388
1449,38,1487,0.1388
1450,36,1486,0.1388
1444,37,1481,0.1388
1451,37,1488,0.1388
1448,35,1483,0.1388
1450,36,1486,0.1388
1459,36,1495,0.1388
1448,37,1485,0.1388
1457,36,1493,0.1388
1459,35,1494,0.1388
1455,35,1490,0.1388
1444,38,1482,0.1388
1448,37,1485,0.1388
1465,35,1500,0.1388
1472,34,1506,0.1388
1467,35,1502,0.1388
1461,35,1496,0.1388
1456,38,1494,0.1388
1455,37,1492,0.1388
1442,38,1480,0.1388
1435,39,1474,0.1388
1441,38,1479,0.1388
1442,40,1482,0.1388
1462,40,1502,0.1388
1461,40,1501,0.1388
1467,41,1508,0.1388
1467,38,1505,0.1388
1458,38,1496,0.1388
1460,39,1499,0.1388
1474,40,1514,0.1388
1463,43,1506,0.1388
1455,42,1497,0.1388
1451,40,1491,0.1388
1452,41,1493,0.1388
1456,40,1496,0.1388
1449,41,1490,0.1388
1449,41,1490,0.1388
1464,38,1502,0.1388
1452,37,1489,0.1388
1451,36,1487,0.1388
1449,35,1484,0.1388
1447,33,1480,0.1388
1436,33,1469,0.1388
1455,32,1487,0.1388
1460,31,1491,0.1388
1454,31,1485,0.1388
1457,30,1487,0.1388
1462,30,1492,0.1388
1464,31,1495,0.1388
1460,32,1492,0.1388
1466,34,1500,0.1388
1461,37,1498,0.1388
1465,39,1504,0.1388
1464,39,1503,0.1388
1458,37,1495,0.1388
1459,39,1498,0.1388
1468,37,1505,0.1388
1451,38,1489,0.1388
1441,36,1477,0.1388
1460,37,1497,0.1388
1472,40,1512,0.1388
1463,39,1502,0.1388
1459,39,1498,0.1388
1457,37,1494,0.1388
1462,39,1501,0.1388
1450,39,1489,0.1388
1446,40,1486,0.1388
1445,40,1485,0.1388
1446,40,1486,0.1388
1446,38,1484,0.1388
1448,39,1487,0.1388
1452,41,1493,0.1388
1462,42,1504,0.1388
1448,41,1489,0.1388
1441,41,1482,0.1388
1440,42,1482,0.1388
1436,42,1478,0.1388
1451,44,1495,0.1388
1453,49,1502,0.1388
1457,49,1506,0.1388
1460,49,1509,0.1388
1456,49,1505,0.1388
1449,51,1500,0.1388
1432,49,1481,0.1388
1437,50,1487,0.1388
1442,50,1492,0.1388
1440,49,1489,0.1388
1444,50,1494,0.1388
1451,49,1500,0.1388
1442,51,1493,0.1388
1454,50,1504,0.1388
1448,49,1497,0.1388
1442,48,1490,0.1388
1439,45,1484,0.1388
1437,49,1486,0.1388
1439,48,1487,0.1388
1427,53,1480,0.1388
1422,53,1475,0.1388
1439,56,1495,0.1388
1432,55,1487,0.1388
1426,56,1482,0.1388
1441,56,1497,0.1388
1434,58,1492,0.1388
1430,58,1488,0.1388
1435,57,1492,0.1388
1444,56,1500,0.1388
1437,58,1495,0.1388
1439,57,1496,0.1388
1434,56,1490,0.1388
1448,57,1505,0.1388
1440,53,1493,0.1388
1431,56,1487,0.1388
1427,56,1483,0.1388
1427,54,1481,0.1388
1435,55,1490,0.1388
1444,55,1499,0.1388
1441,53,1494,0.1388
1435,53,1488,0.1388
1425,52,1477,0.1388
1445,53,1498,0.1388
1449,53,1502,0.1388
1437,51,1488,0.1388
1444,53,1497,0.1388
1451,58,1509,0.1388
1432,60,1492,0.1388
1436,56,1492,0.1388
1432,56,1488,0.1388
1420,56,1476,0.1388
1436,58,1494,0.1388
1437,56,1493,0.1388
1445,56,1501,0.1388
1443,56,1499,0.1388
1439,56,1495,0.1388
1437,56,1493,0.1388
1438,54,1492,0.1388
1428,56,1484,0.1388
1435,54,1489,0.1388
1438,57,1495,0.1388
1433,59,1492,0.1388
1434,57,1491,0.1388
1431,57,1488,0.1388
1429,57,1486,0.1388
1426,56,1482,0.1388
1430,61,1491,0.1388
1442,60,1502,0.1388
1448,60,1508,0.1388
1439,59,1498,0.1388
1445,60,1505,0.1388
1453,60,1513,0.1388
1445,61,1506,0.1388
1445,59,1504,0.1388
1443,57,1500,0.1388
1439,59,1498,0.1388
1442,60,1502,0.1388
1444,60,1504,0.1388
1435,61,1496,0.1388
1432,60,1492,0.1388
1435,58,1493,0.1388
1439,59,1498,0.1388
1438,60,1498,0.1388
1442,61,1503,0.1388
1445,65,1510,0.1388
1443,63,1506,0.1388
1446,62,1508,0.1388
1450,64,1514,0.1388
1438,66,1504,0.1388
1437,64,1501,0.1388
1434,63,1497,0.1388
1435,61,1496,0.1388
1425,63,1488,0.1388
1425,63,1488,0.1388
1427,63,1490,0.1388
1426,67,1493,0.1388
1426,68,1494,0.1388
1415,68,1483,0.1388
1421,71,1492,0.1388
1420,74,1494,0.1388
1425,74,1499,0.1388
1426,77,1503,0.1388
1420,79,1499,0.1388
1426,78,1504,0.1388
1415,78,1493,0.1388
1408,76,1484,0.1388
1415,74,1489,0.1388
1415,75,1490,0.1388
1419,72,1491,0.1388
1420,72,1492,0.1388
1417,73,1490,0.1388
1404,74,1478,0.1388
1417,72,1489,0.1388
1415,75,1490,0.1388
1417,75,1492,0.1388
1414,74,1488,0.1388
1422,73,1495,0.1388
1405,75,1480,0.1388
1404,75,1479,0.1388
1417,73,1490,0.1388
1423,73,1496,0.1388
1416,74,1490,0.1388
1420,74,1494,0.1388
1416,74,1490,0.1388
1412,80,1492,0.1388
1403,79,1482,0.1388
1404,77,1481,0.1388
1410,78,1488,0.1388
1412,77,1489,0.1388
1416,71,1487,0.1388
1424,75,1499,0.1388
1416,76,1492,0.1388
1405,77,1482,0.1388
1406,79,1485,0.1388
1412,80,1492,0.1388
1401,82,1483,0.1388
1401,82,1483,0.1388
1416,82,1498,0.1388
1410,82,1492,0.1388
1401,85,1486,0.1388
1416,85,1501,0.1388
1419,84,1503,0.1388
1429,80,1509,0.1388
1430,81,1511,0.1388
1416,83,1499,0.1388
1412,80,1492,0.1388
1413,83,1496,0.1388
1412,83,1495,0.1388
1407,85,1492,0.1388
1406,88,1494,0.1388
1410,89,1499,0.1388
1413,86,1499,0.1388
1399,85,1484,0.1388
1397,84,1481,0.1388
1397,82,1479,0.1388
1391,81,1472,0.1388
1395,83,1478,0.1388
1386,83,1469,0.1388
1399,81,1480,0.1388
1404,78,1482,0.1388
1405,80,1485,0.1388
1412,82,1494,0.1388
1409,82,1491,0.1388
1427,82,1509,0.1388
1426,81,1507,0.1388
1412,83,1495,0.1388
1406,85,1491,0.1388
1404,90,1494,0.1388
1400,91,1491,0.1388
1401,93,1494,0.1388
1398,89,1487,0.1388
1388,92,1480,0.1388
1396,89,1485,0.1388
1403,91,1494,0.1388
1414,89,1503,0.1388
1419,92,1511,0.1388
1424,92,1516,0.1388
1412,90,1502,0.1388
1406,95,1501,0.1388
1399,92,1491,0.1388
1403,91,1494,0.1388
1405,89,1494,0.1388
1403,90,1493,0.1388
1392,94,1486,0.1388
1393,93,1486,0.1388
1386,90,1476,0.1388
1398,89,1487,0.1388
1408,91,1499,0.1388
1405,96,1501,0.1388
1408,97,1505,0.1388
1405,98,1503,0.1388
1391,98,1489,0.1388
1394,98,1492,0.1388
1381,100,1481,0.1388
1378,99,1477,0.1388
1390,98,1488,0.1388
1387,99,1486,0.1388
1393,98,1491,0.1388
1401,95,1496,0.1388
1393,98,1491,0.1388
1399,99,1498,0.1388
1394,102,1496,0.1388
1390,99,1489,0.1388
1389,100,1489,0.1388
1379,102,1481,0.1388
1387,104,1491,0.1388
1380,99,1479,0.1388
1397,99,1496,0.1388
1413,100,1513,0.1388
1411,103,1514,0.1388
1392,103,1495,0.1388
1381,104,1485,0.1388
1404,105,1509,0.1388
1401,102,1503,0.1388
1399,105,1504,0.1388
1390,106,1496,0.1388
1390,107,1497,0.1388
1381,110,1491,0.1388
1385,114,1499,0.1388
1388,115,1503,0.1388
1383,115,1498,0.1388
1387,115,1502,0.1388
1382,113,1495,0.1388
1381,113,1494,0.1388
1391,116,1507,0.1388
1393,113,1506,0.1388
1386,107,1493,0.1388
1398,108,1506,0.1388
1389,107,1496,0.1388
1385,106,1491,0.1388
1391,107,1498,0.1388
1374,112,1486,0.1388
1370,116,1486,0.1388
1389,112,1501,0.1388
1383,112,1495,0.1388
1369,115,1484,0.1388
1383,111,1494,0.1388
1360,111,1471,0.1388
1371,116,1487,0.1388
1367,120,1487,0.1388
1367,121,1488,0.1388
1368,122,1490,0.1388
1378,120,1498,0.1388
1387,118,1505,0.1388
1381,121,1502,0.1388
1394,118,1512,0.1388
1385,124,1509,0.1388
1393,127,1520,0.1388
1378,128,1506,0.1388
1378,132,1510,0.1388
1367,133,1500,0.1388
1370,133,1503,0.1388
1357,134,1491,0.1388
1362,134,1496,0.1388
1354,136,1490,0.1388
1355,136,1491,0.1388
1360,135,1495,0.1388
1363,133,1496,0.1388
1367,133,1500,0.1388
1363,133,1496,0.1388
1356,134,1490,0.1388
1358,134,1492,0.1388
1349,136,1485,0.1388
1345,140,1485,0.1388
1345,139,1484,0.1388
1357,136,1493,0.1388
1363,136,1499,0.1388
1352,134,1486,0.1388
1347,140,1487,0.1388
1350,140,1490,0.1388
1360,139,1499,0.1388
1362,139,1501,0.1388
1363,141,1504,0.1388
1356,141,1497,0.1388
1357,142,1499,0.1388
1362,143,1505,0.1388
1357,146,1503,0.1388
1356,149,1505,0.1388
1359,153,1512,0.1388
1349,150,1499,0.1388
1341,155,1496,0.1388
1341,152,1493,0.1388
1337,157,1494,0.1388
1351,153,1504,0.1388
1362,153,1515,0.1388
1351,156,1507,0.1388
1346,153,1499,0.1388
1339,155,1494,0.1388
1333,151,1484,0.1388
1331,152,1483,0.1388
1341,147,1488,0.1388
1349,152,1501,0.1388
1341,151,1492,0.1388
1338,150,1488,0.1388
1348,146,1494,0.1388
1348,145,1493,0.1388
1347,145,1492,0.1388
1354,149,1503,0.1388
1355,151,1506,0.1388
1337,151,1488,0.1388
1341,152,1493,0.1388
1324,156,1480,0.1388
1323,155,1478,0.1388
1321,156,1477,0.1388
1322,156,1478,0.1388
1326,163,1489,0.1388
1325,163,1488,0.1388
1332,161,1493,0.1388
1332,165,1497,0.1388
1345,163,1508,0.1388
1336,162,1498,0.1388
1339,166,1505,0.1388
1327,167,1494,0.1388
1324,164,1488,0.1388
1310,166,1476,0.1388
1315,163,1478,0.1388
1316,162,1478,0.1388
1323,164,1487,0.1388
1342,165,1507,0.1388
1342,162,1504,0.1388
1326,159,1485,0.1388
1331,166,1497,0.1388
1337,168,1505,0.1388
1332,167,1499,0.1388
1335,169,1504,0.1388
1334,169,1503,0.1388
1325,167,1492,0.1388
1326,172,1498,0.1388
1331,172,1503,0.1388
1344,174,1518,0.1388
1343,176,1519,0.1388
1339,174,1513,0.1388
1341,169,1510,0.1388
1342,169,1511,0.1388
1348,167,1515,0.1388
1331,168,1499,0.1388
1328,169,1497,0.1388
1326,168,1494,0.1388
1320,169,1489,0.1388
1334,171,1505,0.1388
1327,167,1494,0.1388
1332,170,1502,0.1388
1334,169,1503,0.1388
1332,170,1502,0.1388
1329,172,1501,0.1388
1351,166,1517,0.1388
1354,170,1524,0.1388
1350,168,1518,0.1388
1344,169,1513,0.1388
1345,173,1518,0.1388
1336,171,1507,0.1388
1336,169,1505,0.1388
1332,167,1499,0.1388
1332,165,1497,0.1388
1331,171,1502,0.1388
1334,171,1505,0.1388
1336,173,1509,0.1388
1331,176,1507,0.1388
1335,171,1506,0.1388
1335,167,1502,0.1388
1318,166,1484,0.1388
1319,168,1487,0.1388
1318,168,1486,0.1388
1326,171,1497,0.1388
1318,171,1489,0.1388
1321,180,1501,0.1388
1310,178,1488,0.1388
1301,174,1475,0.1388
1312,175,1487,0.1388
1315,174,1489,0.1388
1322,177,1499,0.1388
1318,177,1495,0.1388
1318,176,1494,0.1388
1318,177,1495,0.1388
1300,178,1478,0.1388
1308,176,1484,0.1388
1305,176,1481,0.1388
1311,175,1486,0.1388
1310,167,1477,0.1388
1319,166,1485,0.1388
1311,168,1479,0.1388
1329,174,1503,0.1388
1340,178,1518,0.1388
1335,173,1508,0.1388
1325,172,1497,0.1388
1341,174,1515,0.1388
1339,173,1512,0.1388
1344,171,1515,0.1388
1345,170,1515,0.1388
1332,172,1504,0.1388
1337,169,1506,0.1388
1347,165,1512,0.1388
1340,161,1501,0.1388
1342,166,1508,0.1388
1338,167,1505,0.1388
1346,163,1509,0.1388
1322,166,1488,0.1388
1327,165,1492,0.1388
1327,171,1498,0.1388
1328,174,1502,0.1388
1307,173,1480,0.1388
1323,169,1492,0.1388
1330,170,1500,0.1388
1335,173,1508,0.1388
1335,167,1502,0.1388
1342,173,1515,0.1388
1339,177,1516,0.1388
1343,175,1518,0.1388
1336,180,1516,0.1388
1327,182,1509,0.1388
1330,179,1509,0.1388
1326,182,1508,0.1388
1320,183,1503,0.1388
1307,180,1487,0.1388
1302,182,1484,0.1388
1310,181,1491,0.1388
1313,180,1493,0.1388
1304,180,1484,0.1388
1314,178,1492,0.1388
1322,176,1498,0.1388
1318,181,1499,0.1388
1315,183,1498,0.1388
1311,179,1490,0.1388
1309,175,1484,0.1388
1319,172,1491,0.1388
1322,174,1496,0.1388
1319,177,1496,0.1388
1316,176,1492,0.1388
1308,179,1487,0.1388
1317,179,1496,0.1388
1320,187,1507,0.1388
1308,187,1495,0.1388
1301,193,1494,0.1388
1296,199,1495,0.1388
1295,201,1496,0.1388
1298,202,1500,0.1388
1298,200,1498,0.1388
1295,202,1497,0.1388
1285,200,1485,0.1388
1286,198,1484,0.1388
1275,201,1476,0.1388
1279,203,1482,0.1388
1290,207,1497,0.1388
1288,209,1497,0.1388
1283,213,1496,0.1388
1284,215,1499,0.1388
1280,217,1497,0.1388
1294,218,1512,0.1388
1298,215,1513,0.1388
1282,212,1494,0.1388
1276,215,1491,0.1388
1289,220,1509,0.1388
1291,219,1510,0.1388
1290,211,1501,0.1388
1284,210,1494,0.1388
1294,211,1505,0.1388
1301,214,1515,0.1388
1284,210,1494,0.1388
1288,208,1496,0.1388
1289,206,1495,0.1388
1281,205,1486,0.1388
1297,212,1509,0.1388
1287,215,1502,0.1388
1277,216,1493,0.1388
1275,218,1493,0.1388
1266,215,1481,0.1388
1286,215,1501,0.1388
1279,215,1494,0.1388
1280,212,1492,0.1388
1264,216,1480,0.1388
1274,214,1488,0.1388
1279,213,1492,0.1388
1272,212,1484,0.1388
1271,215,1486,0.1388
1271,213,1484,0.1388
1276,210,1486,0.1388
1272,209,1481,0.1388
1276,212,1488,0.1388
1282,218,1500,0.1388
1283,219,1502,0.1388
1286,216,1502,0.1388
1282,220,1502,0.1388
1282,217,1499,0.1388
1283,210,1493,0.1388
1271,215,1486,0.1388
1282,215,1497,0.1388
1283,215,1498,0.1388
1292,220,1512,0.1388
1280,211,1491,0.1388
1271,211,1482,0.1388
1275,215,1490,0.1388
1278,216,1494,0.1388
1271,217,1488,0.1388
1280,219,1499,0.1388
1284,219,1503,0.1388
1294,217,1511,0.1388
1285,218,1503,0.1388
1290,218,1508,0.1388
1294,219,1513,0.1388
1283,218,1501,0.1388
1277,222,1499,0.1388
1273,223,1496,0.1388
1269,223,1492,0.1388
1267,217,1484,0.1388
1266,224,1490,0.1388
1282,216,1498,0.1388
1281,216,1497,0.1388
1287,217,1504,0.1388
1290,222,1512,0.1388
1293,220,1513,0.1388
1291,215,1506,0.1388
1289,208,1497,0.1388
1289,209,1498,0.1388
1298,212,1510,0.1388
1301,207,1508,0.1388
1294,209,1503,0.1388
1281,219,1500,0.1388
1279,218,1497,0.1388
1288,221,1509,0.1388
1286,221,1507,0.1388
1281,226,1507,0.1388
1272,224,1496,0.1388
1276,227,1503,0.1388
1266,228,1494,0.1388
1261,223,1484,0.1388
1272,227,1499,0.1388
1272,234,1506,0.1388
1274,230,1504,0.1388
1263,231,1494,0.1388
1264,239,1503,0.1388
1260,236,1496,0.1388
1253,227,1480,0.1388
1266,229,1495,0.1388
1271,222,1493,0.1388
1267,224,1491,0.1388
1270,222,1492,0.1388
1267,221,1488,0.1388
1272,225,1497,0.1388
1283,227,1510,0.1388
1268,229,1497,0.1388
1261,230,1491,0.1388
1265,231,1496,0.1388
1263,237,1500,0.1388
1262,235,1497,0.1388
1259,239,1498,0.1388
1239,237,1476,0.1388
1233,240,1473,0.1388
1247,239,1486,0.1388
1246,233,1479,0.1388
1264,227,1491,0.1388
1273,231,1504,0.1388
1266,232,1498,0.1388
1263,236,1499,0.1388
1261,231,1492,0.1388
1271,231,1502,0.1388
1285,227,1512,0.1388
1269,230,1499,0.1388
1265,227,1492,0.1388
1273,228,1501,0.1388
1279,233,1512,0.1388
1284,232,1516,0.1388
1279,236,1515,0.1388
1274,235,1509,0.1388
1274,237,1511,0.1388
1270,231,1501,0.1388
1274,233,1507,0.1388
1261,237,1498,0.1388
1260,242,1502,0.1388
1259,242,1501,0.1388
1265,238,1503,0.1388
1255,235,1490,0.1388
1263,233,1496,0.1388
1260,232,1492,0.1388
1260,234,1494,0.1388
1261,231,1492,0.1388
1267,231,1498,0.1388
1254,232,1486,0.1388
1265,232,1497,0.1388
1270,236,1506,0.1388
1265,234,1499,0.1388
1272,230,1502,0.1388
1263,228,1491,0.1388
1270,229,1499,0.1388
1274,233,1507,0.1388
1260,234,1494,0.1388
1267,230,1497,0.1388
1269,228,1497,0.1388
1265,230,1495,0.1388
1262,231,1493,0.1388
1255,231,1486,0.1388
1250,234,1484,0.1388
1263,235,1498,0.1388
1262,238,1500,0.1388
1269,236,1505,0.1388
1272,232,1504,0.1388
1277,233,1510,0.1388
1274,230,1504,0.1388
1271,228,1499,0.1388
1274,228,1502,0.1388
1267,235,1502,0.1388
1279,236,1515,0.1388
1274,230,1504,0.1388
1281,231,1512,0.1388
1271,231,1502,0.1388
1277,231,1508,0.1388
1271,230,1501,0.1388
1266,230,1496,0.1388
1259,232,1491,0.1388
1265,229,1494,0.1388
1269,231,1500,0.1388
1257,228,1485,0.1388
1253,228,1481,0.1388
1257,229,1486,0.1388
1261,225,1486,0.1388
1267,229,1496,0.1388
1258,232,1490,0.1388
1257,235,1492,0.1388
1253,235,1488,0.1388
1250,238,1488,0.1388
1254,237,1491,0.1388
1251,233,1484,0.1388
1250,238,1488,0.1388
1252,236,1488,0.1388
1267,227,1494,0.1388
1275,233,1508,0.1388
1272,233,1505,0.1388
1259,239,1498,0.1388
1249,240,1489,0.1388
1249,234,1483,0.1388
1254,235,1489,0.1388
1262,241,1503,0.1388
1252,244,1496,0.1388
1245,241,1486,0.1388
1253,239,1492,0.1388
1255,234,1489,0.1388
1260,238,1498,0.1388
1275,236,1511,0.1388
1256,239,1495,0.1388
1249,239,1488,0.1388
1243,236,1479,0.1388
1259,237,1496,0.1388
1255,237,1492,0.1388
1257,238,1495,0.1388
1261,246,1507,0.1388
1253,248,1501,0.1388
1244,245,1489,0.1388
1233,247,1480,0.1388
1233,245,1478,0.1388
1240,244,1484,0.1388
1251,245,1496,0.1388
1245,244,1489,0.1388
1247,241,1488,0.1388
1249,240,1489,0.1388
1253,241,1494,0.1388
1246,244,1490,0.1388
1255,240,1495,0.1388
1251,237,1488,0.1388
1251,241,1492,0.1388
1246,242,1488,0.1388
1242,240,1482,0.1388
1234,246,1480,0.1388
1244,248,1492,0.1388
1247,252,1499,0.1388
1243,257,1500,0.1388
1238,257,1495,0.1388
1236,257,1493,0.1388
1245,260,1505,0.1388
1249,257,1506,0.1388
1248,259,1507,0.1388
1254,255,1509,0.1388
1237,257,1494,0.1388
1233,256,1489,0.1388
1234,252,1486,0.1388
1231,257,1488,0.1388
1236,253,1489,0.1388
1243,253,1496,0.1388
1243,255,1498,0.1388
1242,254,1496,0.1388
1248,255,1503,0.1388
1247,257,1504,0.1388
1243,258,1501,0.1388
1243,254,1497,0.1388
1251,253,1504,0.1388
1244,256,1500,0.1388
1255,258,1513,0.1388
1266,259,1525,0.1388
1263,254,1517,0.1388
1251,252,1503,0.1388
1243,254,1497,0.1388
1246,259,1505,0.1388
1232,262,1494,0.1388
1235,258,1493,0.1388
1233,261,1494,0.1388
1228,261,1489,0.1388
1237,270,1507,0.1388
1235,266,1501,0.1388
1235,261,1496,0.1388
1225,260,1485,0.1388
1228,257,1485,0.1388
1242,261,1503,0.1388
1236,257,1493,0.1388
1232,262,1494,0.1388
1234,261,1495,0.1388
1237,262,1499,0.1388
1233,264,1497,0.1388
1238,263,1501,0.1388
1236,258,1494,0.1388
1236,260,1496,0.1388
1240,261,1501,0.1388
1233,262,1495,0.1388
1233,253,1486,0.1388
1234,251,1485,0.1388
1237,254,1491,0.1388
1239,250,1489,0.1388
1231,254,1485,0.1388
1232,259,1491,0.1388
1226,258,1484,0.1388
1240,261,1501,0.1388
1239,261,1500,0.1388
1227,260,1487,0.1388
1226,251,1477,0.1388
1221,255,1476,0.1388
1218,260,1478,0.1388
1227,263,1490,0.1388
1244,269,1513,0.1388
1246,270,1516,0.1388
1242,270,1512,0.1388
1236,271,1507,0.1388
1235,268,1503,0.1388
1230,274,1504,0.1388
1230,269,1499,0.1388
1238,272,1510,0.1388
1250,279,1529,0.1388
1241,277,1518,0.1388
1235,276,1511,0.1388
1220,277,1497,0.1388
1220,276,1496,0.1388
1209,280,1489,0.1388
1210,278,1488,0.1388
1215,278,1493,0.1388
1209,275,1484,0.1388
1210,279,1489,0.1388
1218,282,1500,0.1388
1218,278,1496,0.1388
1221,286,1507,0.1388
1206,286,1492,0.1388
1219,282,1501,0.1388
1209,296,1505,0.1388
1213,299,1512,0.1388
1213,294,1507,0.1388
1197,298,1495,0.1388
1193,299,1492,0.1388
1191,297,1488,0.1388
1206,294,1500,0.1388
1192,306,1498,0.1388
1198,302,1500,0.1388
1202,300,1502,0.1388
1193,301,1494,0.1388
1197,305,1502,0.1388
1193,306,1499,0.1388
1196,306,1502,0.1388
1195,305,1500,0.1388
1199,304,1503,0.1388
1206,305,1511,0.1388
1206,301,1507,0.1388
1183,313,1496,0.1388
1193,315,1508,0.1388
1184,320,1504,0.1388
1169,315,1484,0.1388
1175,318,1493,0.1388
1176,318,1494,0.1388
1182,315,1497,0.1388
1175,322,1497,0.1388
1171,324,1495,0.1388
1174,325,1499,0.1388
1183,329,1512,0.1388
1177,326,1503,0.1388
1188,328,1516,0.1388
1173,327,1500,0.1388
1180,332,1512,0.1388
1179,326,1505,0.1388
1184,324,1508,0.1388
1182,327,1509,0.1388
1186,325,1511,0.1388
1181,320,1501,0.1388
1186,327,1513,0.1388
1177,319,1496,0.1388
1164,318,1482,0.1388
1174,322,1496,0.1388
1174,326,1500,0.1388
1174,332,1506,0.1388
1173,324,1497,0.1388
1167,325,1492,0.1388
1179,327,1506,0.1388
1167,324,1491,0.1388
1172,329,1501,0.1388
1169,331,1500,0.1388
1160,332,1492,0.1388
1173,334,1507,0.1388
1176,334,1510,0.1388
1165,330,1495,0.1388
1147,329,1476,0.1388
1163,326,1489,0.1388
1161,335,1496,0.1388
1161,334,1495,0.1388
1165,346,1511,0.1388
1166,341,1507,0.1388
1181,333,1514,0.1388
1174,337,1511,0.1388
1167,333,1500,0.1388
1152,340,1492,0.1388
1172,330,1502,0.1388
1172,333,1505,0.1388
1177,329,1506,0.1388
1169,332,1501,0.1388
1174,326,1500,0.1388
1166,329,1495,0.1388
1169,330,1499,0.1388
1167,334,1501,0.1388
1162,334,1496,0.1388
1164,332,1496,0.1388
1165,328,1493,0.1388
1173,325,1498,0.1388
1185,326,1511,0.1388
1180,329,1509,0.1388
1175,328,1503,0.1388
1171,330,1501,0.1388
1163,340,1503,0.1388
1165,338,1503,0.1388
1176,337,1513,0.1388
1164,336,1500,0.1388
1163,331,1494,0.1388
1170,339,1509,0.1388
1174,333,1507,0.1388
1169,336,1505,0.1388
1174,335,1509,0.1388
1172,336,1508,0.1388
1162,335,1497,0.1388
1157,336,1493,0.1388
1163,336,1499,0.1388
1169,336,1505,0.1388
1167,333,1500,0.1388
1164,336,1500,0.1388
1160,331,1491,0.1388
1152,335,1487,0.1388
1153,333,1486,0.1388
1156,345,1501,0.1388
1159,348,1507,0.1388
1153,346,1499,0.1388
1165,347,1512,0.1388
1175,344,1519,0.1388
1153,350,1503,0.1388
1166,345,1511,0.1388
1163,343,1506,0.1388
1157,341,1498,0.1388
1159,342,1501,0.1388
1158,346,1504,0.1388
1144,351,1495,0.1388
1154,352,1506,0.1388
1150,354,1504,0.1388
1149,350,1499,0.1388
1155,350,1505,0.1388
1162,349,1511,0.1388
1150,352,1502,0.1388
1140,352,1492,0.1388
1134,355,1489,0.1388
1136,362,1498,0.1388
1121,363,1484,0.1388
1124,365,1489,0.1388
1139,364,1503,0.1388
1123,368,1491,0.1388
1123,364,1487,0.1388
1127,362,1489,0.1388
1117,361,1478,0.1388
1117,359,1476,0.1388
1112,362,1474,0.1388
1121,373,1494,0.1388
1118,373,1491,0.1388
1125,377,1502,0.1388
1115,384,1499,0.1388
1116,370,1486,0.1388
1117,374,1491,0.1388
1112,385,1497,0.1388
1110,382,1492,0.1388
1110,377,1487,0.1388
1108,380,1488,0.1388
1102,387,1489,0.1388
1110,390,1500,0.1388
1110,395,1505,0.1388
1112,394,1506,0.1388
1116,391,1507,0.1388
1118,386,1504,0.1388
1112,398,1510,0.1388
1112,394,1506,0.1388
1111,398,1509,0.1388
1098,405,1503,0.1388
1094,403,1497,0.1388
1105,408,1513,0.1388
1093,412,1505,0.1388
1094,411,1505,0.1388
1097,414,1511,0.1388
1076,415,1491,0.1388
1081,412,1493,0.1388
1066,413,1479,0.1388
1066,417,1483,0.1388
1079,411,1490,0.1388
1081,412,1493,0.1388
1090,421,1511,0.1388
1088,418,1506,0.1388
1082,413,1495,0.1388
1081,410,1491,0.1388
1086,415,1501,0.1388
1080,414,1494,0.1388
1083,409,1492,0.1388
1096,410,1506,0.1388
1092,406,1498,0.1388
1094,410,1504,0.1388
1103,408,1511,0.1388
1103,409,1512,0.1388
1110,410,1520,0.1388
1113,406,1519,0.1388
1097,407,1504,0.1388
1083,405,1488,0.1388
1084,412,1496,0.1388
1090,418,1508,0.1388
1088,420,1508,0.1388
1081,416,1497,0.1388
1089,418,1507,0.1388
1097,419,1516,0.1388
1094,417,1511,0.1388
1083,412,1495,0.1388
1071,418,1489,0.1388
1070,412,1482,0.1388
1079,412,1491,0.1388
1090,417,1507,0.1388
1089,420,1509,0.1388
1084,418,1502,0.1388
1081,422,1503,0.1388
1077,418,1495,0.1388
1068,416,1484,0.1388
1074,412,1486,0.1388
1071,416,1487,0.1388
1067,428,1495,0.1388
1061,425,1486,0.1388
1062,427,1489,0.1388
1055,436,1491,0.1388
1061,436,1497,0.1388
1064,434,1498,0.1388
1064,442,1506,0.1388
1065,434,1499,0.1388
1051,439,1490,0.1388
1054,433,1487,0.1388
1058,427,1485,0.1388
1060,431,1491,0.1388
1061,434,1495,0.1388
1060,434,1494,0.1388
1048,436,1484,0.1388
1051,442,1493,0.1388
1050,450,1500,0.1388
1048,452,1500,0.1388
1054,449,1503,0.1388
1058,456,1514,0.1388
1047,452,1499,0.1388
1040,454,1494,0.1388
1037,452,1489,0.1388
1046,455,1501,0.1388
1047,456,1503,0.1388
1044,460,1504,0.1388
1040,462,1502,0.1388
1033,458,1491,0.1388
1036,456,1492,0.1388
1019,453,1472,0.1388
1041,454,1495,0.1388
1042,453,1495,0.1388
1044,459,1503,0.1388
1050,457,1507,0.1388
1038,459,1497,0.1388
1038,449,1487,0.1388
1042,444,1486,0.1388
1044,451,1495,0.1388
1037,455,1492,0.1388
1040,465,1505,0.1388
1026,464,1490,0.1388
1028,470,1498,0.1388
1027,468,1495,0.1388
1024,469,1493,0.1388
1031,466,1497,0.1388
1029,464,1493,0.1388
1040,464,1504,0.1388
1049,461,1510,0.1388
1044,464,1508,0.1388
1052,460,1512,0.1388
1040,462,1502,0.1388
1045,469,1514,0.1388
1042,457,1499,0.1388
1044,470,1514,0.1388
1039,468,1507,0.1388
1032,468,1500,0.1388
1043,465,1508,0.1388
1040,466,1506,0.1388
1044,462,1506,0.1388
1046,456,1502,0.1388
1045,451,1496,0.1388
1040,449,1489,0.1388
1046,457,1503,0.1388
1053,460,1513,0.1388
1055,458,1513,0.1388
1041,457,1498,0.1388
1040,457,1497,0.1388
1036,460,1496,0.1388
1034,462,1496,0.1388
1037,455,1492,0.1388
1044,453,1497,0.1388
1033,456,1489,0.1388
1027,459,1486,0.1388
1027,462,1489,0.1388
1042,463,1505,0.1388
1035,466,1501,0.1388
1037,459,1496,0.1388
1038,461,1499,0.1388
1039,470,1509,0.1388
1032,477,1509,0.1388
1043,479,1522,0.1388
1023,469,1492,0.1388
1027,468,1495,0.1388
1044,480,1524,0.1388
1026,483,1509,0.1388
1034,482,1516,0.1388
1020,482,1502,0.1388
1021,486,1507,0.1388
1026,482,1508,0.1388
1020,488,1508,0.1388
1025,480,1505,0.1388
1023,487,1510,0.1388
1008,489,1497,0.1388
1008,493,1501,0.1388
1006,496,1502,0.1388
1010,504,1514,0.1388
1011,500,1511,0.1388
1008,504,1512,0.1388
1010,509,1519,0.1388
1010,502,1512,0.1388
1005,503,1508,0.1388
1013,503,1516,0.1388
1011,494,1505,0.1388
1012,494,1506,0.1388
1016,494,1510,0.1388
1016,488,1504,0.1388
1011,483,1494,0.1388
998,490,1488,0.1388
996,485,1481,0.1388
1001,496,1497,0.1388
996,510,1506,0.1388
991,504,1495,0.1388
986,505,1491,0.1388
987,500,1487,0.1388
989,498,1487,0.1388
973,506,1479,0.1388
989,513,1502,0.1388
990,506,1496,0.1388
998,510,1508,0.1388
1005,508,1513,0.1388
1000,508,1508,0.1388
992,512,1504,0.1388
989,515,1504,0.1388
997,512,1509,0.1388
1001,503,1504,0.1388
991,507,1498,0.1388
990,511,1501,0.1388
980,503,1483,0.1388
981,504,1485,0.1388
984,503,1487,0.1388
986,503,1489,0.1388
977,512,1489,0.1388
968,510,1478,0.1388
972,509,1481,0.1388
985,497,1482,0.1388
987,501,1488,0.1388
982,501,1483,0.1388
983,506,1489,0.1388
991,507,1498,0.1388
987,511,1498,0.1388
981,504,1485,0.1388
977,512,1489,0.1388
977,516,1493,0.1388
986,518,1504,0.1388
990,527,1517,0.1388
988,519,1507,0.1388
985,525,1510,0.1388
975,527,1502,0.1388
969,537,1506,0.1388
975,535,1510,0.1388
975,541,1516,0.1388
981,537,1518,0.1388
984,535,1519,0.1388
981,538,1519,0.1388
982,537,1519,0.1388
986,530,1516,0.1388
978,531,1509,0.1388
978,530,1508,0.1388
976,536,1512,0.1388
978,534,1512,0.1388
983,531,1514,0.1388
974,538,1512,0.1388
978,533,1511,0.1388
977,529,1506,0.1388
962,535,1497,0.1388
966,527,1493,0.1388
965,533,1498,0.1388
966,532,1498,0.1388
973,526,1499,0.1388
982,529,1511,0.1388
972,539,1511,0.1388
955,544,1499,0.1388
960,545,1505,0.1388
958,545,1503,0.1388
953,543,1496,0.1388
948,545,1493,0.1388
966,549,1515,0.1388
960,549,1509,0.1388
953,550,1503,0.1388
948,548,1496,0.1388
945,557,1502,0.1388
941,563,1504,0.1388
938,566,1504,0.1388
938,561,1499,0.1388
937,560,1497,0.1388
935,556,1491,0.1388
933,562,1495,0.1388
944,556,1500,0.1388
934,555,1489,0.1388
934,561,1495,0.1388
937,560,1497,0.1388
942,566,1508,0.1388
936,564,1500,0.1388
944,558,1502,0.1388
944,554,1498,0.1388
938,557,1495,0.1388
944,561,1505,0.1388
946,557,1503,0.1388
947,563,1510,0.1388
946,565,1511,0.1388
947,558,1505,0.1388
946,553,1499,0.1388
936,561,1497,0.1388
931,561,1492,0.1388
936,559,1495,0.1388
936,563,1499,0.1388
937,553,1490,0.1388
948,555,1503,0.1388
948,563,1511,0.1388
952,565,1517,0.1388
945,556,1501,0.1388
945,558,1503,0.1388
947,553,1500,0.1388
942,551,1493,0.1388
944,554,1498,0.1388
942,549,1491,0.1388
941,549,1490,0.1388
944,540,1484,0.1388
947,549,1496,0.1388
933,550,1483,0.1388
937,557,1494,0.1388
928,556,1484,0.1388
920,566,1486,0.1388
919,562,1481,0.1388
914,560,1474,0.1388
914,562,1476,0.1388
909,570,1479,0.1388
907,569,1476,0.1388
898,573,1471,0.1388
915,575,1490,0.1388
912,580,1492,0.1388
909,577,1486,0.1388
916,580,1496,0.1388
910,581,1491,0.1388
915,583,1498,0.1388
912,591,1503,0.1388
915,593,1508,0.1388
910,585,1495,0.1388
914,594,1508,0.1388
913,595,1508,0.1388
915,597,1512,0.1388
906,594,1500,0.1388
912,586,1498,0.1388
905,587,1492,0.1388
904,593,1497,0.1388
911,588,1499,0.1388
914,593,1507,0.1388
905,591,1496,0.1388
909,592,1501,0.1388
913,592,1505,0.1388
913,586,1499,0.1388
894,600,1494,0.1388
907,608,1515,0.1388
902,608,1510,0.1388
904,610,1514,0.1388
901,601,1502,0.1388
900,597,1497,0.1388
894,600,1494,0.1388
887,604,1491,0.1388
894,601,1495,0.1388
890,602,1492,0.1388
896,596,1492,0.1388
888,615,1503,0.1388
893,609,1502,0.1388
898,606,1504,0.1388
893,608,1501,0.1388
893,607,1500,0.1388
895,612,1507,0.1388
886,614,1500,0.1388
888,616,1504,0.1388
889,620,1509,0.1388
886,617,1503,0.1388
884,624,1508,0.1388
886,622,1508,0.1388
884,623,1507,0.1388
882,625,1507,0.1388
879,616,1495,0.1388
887,627,1514,0.1388
885,623,1508,0.1388
880,628,1508,0.1388
878,613,1491,0.1388
879,609,1488,0.1388
880,622,1502,0.1388
886,617,1503,0.1388
890,618,1508,0.1388
895,626,1521,0.1388
884,629,1513,0.1388
873,626,1499,0.1388
878,621,1499,0.1388
875,634,1509,0.1388
879,628,1507,0.1388
891,637,1528,0.1388
874,640,1514,0.1388
883,640,1523,0.1388
876,626,1502,0.1388
884,628,1512,0.1388
888,632,1520,0.1388
881,628,1509,0.1388
878,632,1510,0.1388
876,628,1504,0.1388
877,625,1502,0.1388
872,627,1499,0.1388
864,639,1503,0.1388
861,641,1502,0.1388
847,640,1487,0.1388
847,642,1489,0.1388
841,646,1487,0.1388
854,658,1512,0.1388
853,662,1515,0.1388
853,662,1515,0.1388
852,655,1507,0.1388
859,649,1508,0.1388
856,656,1512,0.1388
850,657,1507,0.1388
849,656,1505,0.1388
832,658,1490,0.1388
838,667,1505,0.1388
831,670,1501,0.1388
825,686,1511,0.1388
826,685,1511,0.1388
827,683,1510,0.1388
819,679,1498,0.1388
815,687,1502,0.1388
816,688,1504,0.1388
814,695,1509,0.1388
815,694,1509,0.1388
809,694,1503,0.1388
813,696,1509,0.1388
814,697,1511,0.1388
813,694,1507,0.1388
811,680,1491,0.1388
808,683,1491,0.1388
804,688,1492,0.1388
808,690,1498,0.1388
808,694,1502,0.1388
808,700,1508,0.1388
804,692,1496,0.1388
797,696,1493,0.1388
800,696,1496,0.1388
808,705,1513,0.1388
812,706,1518,0.1388
816,698,1514,0.1388
806,701,1507,0.1388
800,698,1498,0.1388
799,697,1496,0.1388
804,692,1496,0.1388
804,701,1505,0.1388
798,705,1503,0.1388
796,702,1498,0.1388
794,708,1502,0.1388
796,715,1511,0.1388
793,713,1506,0.1388
792,705,1497,0.1388
799,709,1508,0.1388
797,708,1505,0.1388
801,711,1512,0.1388
800,712,1512,0.1388
798,706,1504,0.1388
789,708,1497,0.1388
786,709,1495,0.1388
785,705,1490,0.1388
786,712,1498,0.1388
788,711,1499,0.1388
778,716,1494,0.1388
773,725,1498,0.1388
773,734,1507,0.1388
779,724,1503,0.1388
776,721,1497,0.1388
782,721,1503,0.1388
769,715,1484,0.1388
772,739,1511,0.1388
766,748,1514,0.1388
761,753,1514,0.1388
763,743,1506,0.1388
765,747,1512,0.1388
776,752,1528,0.1388
760,759,1519,0.1388
767,759,1526,0.1388
763,758,1521,0.1388
761,752,1513,0.1388
754,749,1503,0.1388
748,751,1499,0.1388
750,753,1503,0.1388
749,746,1495,0.1388
755,749,1504,0.1388
755,745,1500,0.1388
748,745,1493,0.1388
753,750,1503,0.1388
749,748,1497,0.1388
748,762,1510,0.1388
734,766,1500,0.1388
739,755,1494,0.1388
742,759,1501,0.1388
738,763,1501,0.1388
737,769,1506,0.1388
743,773,1516,0.1388
739,773,1512,0.1388
736,775,1511,0.1388
737,780,1517,0.1388
747,772,1519,0.1388
746,768,1514,0.1388
749,761,1510,0.1388
748,770,1518,0.1388
740,760,1500,0.1388
741,776,1517,0.1388
740,766,1506,0.1388
738,768,1506,0.1388
736,773,1509,0.1388
742,773,1515,0.1388
724,777,1501,0.1388
722,788,1510,0.1388
729,787,1516,0.1388
728,794,1522,0.1388
727,789,1516,0.1388
718,794,1512,0.1388
713,785,1498,0.1388
714,790,1504,0.1388
705,784,1489,0.1388
705,788,1493,0.1388
716,784,1500,0.1388
725,792,1517,0.1388
728,790,1518,0.1388
724,794,1518,0.1388
721,801,1522,0.1388
722,803,1525,0.1388
723,795,1518,0.1388
716,795,1511,0.1388
702,791,1493,0.1388
703,793,1496,0.1388
705,802,1507,0.1388
704,807,1511,0.1388
709,803,1512,0.1388
702,809,1511,0.1388
712,803,1515,0.1388
705,808,1513,0.1388
707,803,1510,0.1388
703,805,1508,0.1388
710,802,1512,0.1388
708,804,1512,0.1388
696,799,1495,0.1388
688,799,1487,0.1388
693,810,1503,0.1388
698,817,1515,0.1388
693,818,1511,0.1388
689,813,1502,0.1388
683,814,1497,0.1388
684,825,1509,0.1388
682,826,1508,0.1388
684,819,1503,0.1388
680,822,1502,0.1388
678,823,1501,0.1388
680,825,1505,0.1388
672,821,1493,0.1388
667,828,1495,0.1388
666,835,1501,0.1388
658,846,1504,0.1388
654,854,1508,0.1388
661,850,1511,0.1388
661,852,1513,0.1388
660,847,1507,0.1388
665,844,1509,0.1388
665,833,1498,0.1388
664,843,1507,0.1388
669,849,1518,0.1388
659,837,1496,0.1388
654,843,1497,0.1388
653,847,1500,0.1388
655,849,1504,0.1388
666,853,1519,0.1388
657,849,1506,0.1388
647,848,1495,0.1388
644,850,1494,0.1388
639,860,1499,0.1388
644,859,1503,0.1388
653,863,1516,0.1388
658,860,1518,0.1388
655,849,1504,0.1388
658,845,1503,0.1388
654,848,1502,0.1388
644,851,1495,0.1388
647,861,1508,0.1388
647,854,1501,0.1388
638,860,1498,0.1388
645,848,1493,0.1388
643,836,1479,0.1388
649,840,1489,0.1388
648,830,1478,0.1388
653,846,1499,0.1388
646,856,1502,0.1388
650,851,1501,0.1388
653,869,1522,0.1388
648,868,1516,0.1388
641,868,1509,0.1388
644,869,1513,0.1388
645,873,1518,0.1388
639,872,1511,0.1388
634,871,1505,0.1388
629,868,1497,0.1388
631,870,1501,0.1388
628,883,1511,0.1388
625,885,1510,0.1388
621,877,1498,0.1388
622,884,1506,0.1388
624,880,1504,0.1388
633,878,1511,0.1388
638,878,1516,0.1388
644,865,1509,0.1388
647,863,1510,0.1388
640,866,1506,0.1388
636,868,1504,0.1388
631,877,1508,0.1388
634,881,1515,0.1388
642,877,1519,0.1388
636,884,1520,0.1388
636,881,1517,0.1388
634,884,1518,0.1388
638,880,1518,0.1388
633,877,1510,0.1388
630,879,1509,0.1388
626,878,1504,0.1388
617,876,1493,0.1388
620,882,1502,0.1388
618,878,1496,0.1388
613,875,1488,0.1388
612,887,1499,0.1388
611,903,1514,0.1388
607,897,1504,0.1388
601,894,1495,0.1388
612,903,1515,0.1388
608,902,1510,0.1388
611,915,1526,0.1388
603,911,1514,0.1388
602,910,1512,0.1388
607,908,1515,0.1388
606,900,1506,0.1388
612,904,1516,0.1388
606,907,1513,0.1388
600,904,1504,0.1388
594,899,1493,0.1388
587,912,1499,0.1388
590,911,1501,0.1388
592,914,1506,0.1388
588,916,1504,0.1388
591,917,1508,0.1388
600,918,1518,0.1388
598,926,1524,0.1388
589,934,1523,0.1388
583,932,1515,0.1388
584,928,1512,0.1388
587,933,1520,0.1388
585,931,1516,0.1388
579,938,1517,0.1388
575,940,1515,0.1388
572,946,1518,0.1388
566,950,1516,0.1388
561,946,1507,0.1388
556,951,1507,0.1388
558,948,1506,0.1388
556,955,1511,0.1388
550,962,1512,0.1388
551,959,1510,0.1388
543,954,1497,0.1388
539,953,1492,0.1388
548,950,1498,0.1388
550,953,1503,0.1388
551,961,1512,0.1388
553,971,1524,0.1388
553,965,1518,0.1388
560,962,1522,0.1388
557,953,1510,0.1388
555,957,1512,0.1388
550,958,1508,0.1388
550,943,1493,0.1388
562,949,1511,0.1388
565,947,1512,0.1388
558,945,1503,0.1388
551,952,1503,0.1388
551,960,1511,0.1388
554,955,1509,0.1388
546,960,1506,0.1388
547,957,1504,0.1388
542,960,1502,0.1388
540,959,1499,0.1388
542,958,1500,0.1388
542,962,1504,0.1388
540,971,1511,0.1388
533,962,1495,0.1388
536,978,1514,0.1388
533,993,1526,0.1388
536,982,1518,0.1388
533,973,1506,0.1388
535,968,1503,0.1388
533,963,1496,0.1388
533,970,1503,0.1388
534,975,1509,0.1388
533,969,1502,0.1388
537,975,1512,0.1388
536,969,1505,0.1388
534,973,1507,0.1388
528,977,1505,0.1388
531,984,1515,0.1388
523,981,1504,0.1388
533,984,1517,0.1388
535,981,1516,0.1388
530,993,1523,0.1388
525,985,1510,0.1388
525,991,1516,0.1388
526,983,1509,0.1388
526,989,1515,0.1388
522,987,1509,0.1388
512,984,1496,0.1388
518,974,1492,0.1388
514,991,1505,0.1388
511,996,1507,0.1388
511,999,1510,0.1388
516,1005,1521,0.1388
509,1003,1512,0.1388
499,996,1495,0.1388
510,990,1500,0.1388
507,988,1495,0.1388
510,998,1508,0.1388
516,995,1511,0.1388
509,1001,1510,0.1388
517,995,1512,0.1388
518,995,1513,0.1388
507,1006,1513,0.1388
512,1005,1517,0.1388
512,1008,1520,0.1388
510,1008,1518,0.1388
503,1008,1511,0.1388
492,1010,1502,0.1388
492,1016,1508,0.1388
491,1009,1500,0.1388
500,1001,1501,0.1388
496,997,1493,0.1388
497,1005,1502,0.1388
502,1004,1506,0.1388
499,1027,1526,0.1388
503,1013,1516,0.1388
503,1003,1506,0.1388
495,1018,1513,0.1388
488,1026,1514,0.1388
490,1027,1517,0.1388
491,1025,1516,0.1388
493,1038,1531,0.1388
492,1033,1525,0.1388
483,1032,1515,0.1388
485,1026,1511,0.1388
484,1024,1508,0.1388
481,1029,1510,0.1388
482,1033,1515,0.1388
478,1029,1507,0.1388
467,1031,1498,0.1388
476,1025,1501,0.1388
477,1027,1504,0.1388
483,1032,1515,0.1388
478,1024,1502,0.1388
477,1026,1503,0.1388
474,1033,1507,0.1388
478,1025,1503,0.1388
468,1041,1509,0.1388
472,1044,1516,0.1388
478,1034,1512,0.1388
473,1042,1515,0.1388
472,1034,1506,0.1388
476,1042,1518,0.1388
472,1048,1520,0.1388
470,1038,1508,0.1388
474,1036,1510,0.1388
475,1040,1515,0.1388
474,1048,1522,0.1388
474,1054,1528,0.1388
476,1046,1522,0.1388
469,1046,1515,0.1388
469,1040,1509,0.1388
469,1053,1522,0.1388
464,1056,1520,0.1388
471,1057,1528,0.1388
461,1053,1514,0.1388
472,1053,1525,0.1388
470,1051,1521,0.1388
467,1051,1518,0.1388
469,1045,1514,0.1388
465,1051,1516,0.1388
459,1052,1511,0.1388
449,1054,1503,0.1388
450,1052,1502,0.1388
451,1056,1507,0.1388
449,1053,1502,0.1388
448,1060,1508,0.1388
456,1059,1515,0.1388
459,1057,1516,0.1388
456,1056,1512,0.1388
458,1059,1517,0.1388
459,1068,1527,0.1388
451,1064,1515,0.1388
453,1070,1523,0.1388
452,1058,1510,0.1388
455,1061,1516,0.1388
452,1064,1516,0.1388
448,1069,1517,0.1388
453,1055,1508,0.1388
455,1060,1515,0.1388
457,1061,1518,0.1388
450,1061,1511,0.1388
445,1064,1509,0.1388
439,1061,1500,0.1388
443,1068,1511,0.1388
439,1070,1509,0.1388
445,1071,1516,0.1388
446,1065,1511,0.1388
443,1066,1509,0.1388
438,1058,1496,0.1388
429,1068,1497,0.1388
437,1075,1512,0.1388
434,1085,1519,0.1388
423,1080,1503,0.1388
424,1092,1516,0.1388
436,1098,1534,0.1388
432,1090,1522,0.1388
428,1084,1512,0.1388
430,1081,1511,0.1388
434,1071,1505,0.1388
428,1069,1497,0.1388
428,1079,1507,0.1388
426,1090,1516,0.1388
428,1092,1520,0.1388
425,1083,1508,0.1388
418,1081,1499,0.1388
424,1082,1506,0.1388
425,1089,1514,0.1388
423,1089,1512,0.1388
419,1086,1505,0.1388
424,1095,1519,0.1388
429,1077,1506,0.1388
423,1072,1495,0.1388
423,1086,1509,0.1388
415,1080,1495,0.1388
412,1086,1498,0.1388
415,1087,1502,0.1388
419,1087,1506,0.1388
416,1087,1503,0.1388
419,1079,1498,0.1388
416,1064,1480,0.1388
416,1060,1476,0.1388
413,1075,1488,0.1388
410,1075,1485,0.1388
413,1083,1496,0.1388
413,1087,1500,0.1388
416,1095,1511,0.1388
417,1097,1514,0.1388
416,1095,1511,0.1388
412,1089,1501,0.1388
413,1096,1509,0.1388
409,1097,1506,0.1388
401,1089,1490,0.1388
402,1094,1496,0.1388
408,1103,1511,0.1388
413,1100,1513,0.1388
411,1106,1517,0.1388
408,1105,1513,0.1388
402,1087,1489,0.1388
398,1091,1489,0.1388
398,1093,1491,0.1388
396,1116,1512,0.1388
392,1109,1501,0.1388
392,1114,1506,0.1388
385,1122,1507,0.1388
386,1127,1513,0.1388
392,1135,1527,0.1388
397,1136,1533,0.1388
388,1119,1507,0.1388
391,1129,1520,0.1388
385,1126,1511,0.1388
382,1142,1524,0.1388
380,1146,1526,0.1388
383,1138,1521,0.1388
377,1126,1503,0.1388
375,1127,1502,0.1388
379,1137,1516,0.1388
378,1131,1509,0.1388
370,1140,1510,0.1388
368,1132,1500,0.1388
370,1146,1516,0.1388
371,1140,1511,0.1388
369,1152,1521,0.1388
369,1161,1530,0.1388
364,1164,1528,0.1388
364,1155,1519,0.1388
359,1156,1515,0.1388
357,1150,1507,0.1388
359,1154,1513,0.1388
355,1147,1502,0.1388
359,1158,1517,0.1388
350,1167,1517,0.1388
354,1163,1517,0.1388
352,1157,1509,0.1388
350,1154,1504,0.1388
350,1162,1512,0.1388
351,1160,1511,0.1388
337,1156,1493,0.1388
334,1156,1490,0.1388
340,1167,1507,0.1388
341,1179,1520,0.1388
341,1180,1521,0.1388
340,1178,1518,0.1388
338,1185,1523,0.1388
341,1180,1521,0.1388
343,1180,1523,0.1388
344,1176,1520,0.1388
348,1166,1514,0.1388
347,1170,1517,0.1388
351,1155,1506,0.1388
353,1162,1515,0.1388
348,1161,1509,0.1388
352,1159,1511,0.1388
351,1164,1515,0.1388
350,1176,1526,0.1388
353,1162,1515,0.1388
347,1169,1516,0.1388
339,1182,1521,0.1388
341,1187,1528,0.1388
337,1183,1520,0.1388
338,1172,1510,0.1388
341,1175,1516,0.1388
342,1184,1526,0.1388
336,1168,1504,0.1388
336,1175,1511,0.1388
335,1182,1517,0.1388
336,1182,1518,0.1388
330,1163,1493,0.1388
327,1175,1502,0.1388
324,1177,1501,0.1388
323,1187,1510,0.1388
325,1177,1502,0.1388
315,1180,1495,0.1388
320,1183,1503,0.1388
319,1187,1506,0.1388
322,1183,1505,0.1388
323,1188,1511,0.1388
324,1196,1520,0.1388
328,1202,1530,0.1388
327,1203,1530,0.1388
329,1179,1508,0.1388
329,1184,1513,0.1388
326,1194,1520,0.1388
322,1188,1510,0.1388
325,1198,1523,0.1388
315,1199,1514,0.1388
317,1201,1518,0.1388
315,1202,1517,0.1388
312,1196,1508,0.1388
316,1188,1504,0.1388
311,1204,1515,0.1388
310,1202,1512,0.1388
316,1198,1514,0.1388
320,1194,1514,0.1388
311,1205,1516,0.1388
313,1208,1521,0.1388
303,1228,1531,0.1388
306,1211,1517,0.1388
305,1207,1512,0.1388
307,1198,1505,0.1388
304,1197,1501,0.1388
302,1213,1515,0.1388
294,1220,1514,0.1388
299,1208,1507,0.1388
296,1211,1507,0.1388
290,1205,1495,0.1388
297,1205,1502,0.1388
291,1220,1511,0.1388
290,1222,1512,0.1388
288,1236,1524,0.1388
283,1219,1502,0.1388
281,1211,1492,0.1388
283,1213,1496,0.1388
284,1228,1512,0.1388
283,1240,1523,0.1388
282,1237,1519,0.1388
286,1234,1520,0.1388
281,1239,1520,0.1388
277,1236,1513,0.1388
277,1235,1512,0.1388
278,1230,1508,0.1388
274,1227,1501,0.1388
281,1228,1509,0.1388
277,1228,1505,0.1388
275,1235,1510,0.1388
273,1249,1522,0.1388
266,1246,1512,0.1388
269,1243,1512,0.1388
271,1231,1502,0.1388
270,1243,1513,0.1388
263,1232,1495,0.1388
258,1228,1486,0.1388
257,1242,1499,0.1388
258,1248,1506,0.1388
259,1237,1496,0.1388
254,1240,1494,0.1388
257,1248,1505,0.1388
257,1258,1515,0.1388
255,1263,1518,0.1388
256,1252,1508,0.1388
251,1263,1514,0.1388
251,1270,1521,0.1388
251,1265,1516,0.1388
254,1253,1507,0.1388
250,1250,1500,0.1388
244,1255,1499,0.1388
249,1261,1510,0.1388
245,1262,1507,0.1388
244,1264,1508,0.1388
245,1273,1518,0.1388
243,1262,1505,0.1388
247,1262,1509,0.1388
249,1261,1510,0.1388
253,1267,1520,0.1388
251,1265,1516,0.1388
249,1264,1513,0.1388
246,1270,1516,0.1388
237,1264,1501,0.1388
237,1273,1510,0.1388
233,1277,1510,0.1388
235,1274,1509,0.1388
235,1265,1500,0.1388
236,1268,1504,0.1388
235,1272,1507,0.1388
236,1274,1510,0.1388
233,1285,1518,0.1388
231,1287,1518,0.1388
232,1285,1517,0.1388
234,1293,1527,0.1388
238,1291,1529,0.1388
239,1277,1516,0.1388
241,1275,1516,0.1388
239,1271,1510,0.1388
240,1268,1508,0.1388
235,1284,1519,0.1388
237,1278,1515,0.1388
234,1275,1509,0.1388
231,1274,1505,0.1388
229,1289,1518,0.1388
233,1289,1522,0.1388
231,1291,1522,0.1388
229,1284,1513,0.1388
227,1277,1504,0.1388
240,1275,1515,0.1388
241,1276,1517,0.1388
239,1281,1520,0.1388
242,1295,1537,0.1388
244,1285,1529,0.1388
241,1279,1520,0.1388
241,1281,1522,0.1388
242,1279,1521,0.1388
240,1283,1523,0.1388
234,1289,1523,0.1388
230,1282,1512,0.1388
228,1281,1509,0.1388
225,1290,1515,0.1388
224,1300,1524,0.1388
224,1300,1524,0.1388
218,1288,1506,0.1388
226,1301,1527,0.1388
223,1296,1519,0.1388
223,1293,1516,0.1388
225,1281,1506,0.1388
224,1287,1511,0.1388
223,1295,1518,0.1388
222,1287,1509,0.1388
224,1296,1520,0.1388
221,1304,1525,0.1388
219,1297,1516,0.1388
216,1295,1511,0.1388
223,1298,1521,0.1388
221,1295,1516,0.1388
220,1288,1508,0.1388
215,1287,1502,0.1388
217,1291,1508,0.1388
220,1296,1516,0.1388
215,1302,1517,0.1388
210,1299,1509,0.1388
206,1302,1508,0.1388
213,1309,1522,0.1388
215,1319,1534,0.1388
212,1312,1524,0.1388
213,1309,1522,0.1388
214,1296,1510,0.1388
214,1289,1503,0.1388
217,1306,1523,0.1388
215,1301,1516,0.1388
212,1295,1507,0.1388
211,1309,1520,0.1388
212,1305,1517,0.1388
210,1300,1510,0.1388
210,1296,1506,0.1388
214,1301,1515,0.1388
217,1296,1513,0.1388
215,1308,1523,0.1388
218,1306,1524,0.1388
209,1296,1505,0.1388
210,1294,1504,0.1388
205,1316,1521,0.1388
205,1307,1512,0.1388
203,1304,1507,0.1388
207,1309,1516,0.1388
206,1306,1512,0.1388
207,1311,1518,0.1388
210,1309,1519,0.1388
212,1312,1524,0.1388
212,1313,1525,0.1388
210,1302,1512,0.1388
205,1298,1503,0.1388
211,1302,1513,0.1388
210,1302,1512,0.1388
215,1310,1525,0.1388
215,1299,1514,0.1388
213,1306,1519,0.1388
215,1303,1518,0.1388
205,1307,1512,0.1388
200,1310,1510,0.1388
203,1298,1501,0.1388
200,1299,1499,0.1388
200,1294,1494,0.1388
202,1294,1496,0.1388
203,1288,1491,0.1388
204,1305,1509,0.1388
204,1302,1506,0.1388
204,1308,1512,0.1388
204,1309,1513,0.1388
204,1312,1516,0.1388
208,1307,1515,0.1388
207,1299,1506,0.1388
206,1317,1523,0.1388
206,1312,1518,0.1388
208,1301,1509,0.1388
210,1306,1516,0.1388
204,1299,1503,0.1388
211,1300,1511,0.1388
210,1313,1523,0.1388
210,1313,1523,0.1388
209,1318,1527,0.1388
210,1314,1524,0.1388
215,1305,1520,0.1388
213,1301,1514,0.1388
209,1300,1509,0.1388
207,1297,1504,0.1388
213,1302,1515,0.1388
213,1301,1514,0.1388
206,1315,1521,0.1388
203,1311,1514,0.1388
201,1299,1500,0.1388
204,1309,1513,0.1388
203,1298,1501,0.1388
207,1289,1496,0.1388
203,1305,1508,0.1388
203,1312,1515,0.1388
203,1311,1514,0.1388
196,1305,1501,0.1388
198,1303,1501,0.1388
197,1318,1515,0.1388
203,1316,1519,0.1388
199,1317,1516,0.1388
201,1311,1512,0.1388
199,1301,1500,0.1388
199,1307,1506,0.1388
193,1316,1509,0.1388
194,1319,1513,0.1388
190,1326,1516,0.1388
193,1329,1522,0.1388
193,1319,1512,0.1388
193,1318,1511,0.1388
191,1330,1521,0.1388
187,1339,1526,0.1388
189,1331,1520,0.1388
191,1323,1514,0.1388
189,1327,1516,0.1388
191,1318,1509,0.1388
195,1315,1510,0.1388
196,1329,1525,0.1388
194,1324,1518,0.1388
193,1325,1518,0.1388
196,1326,1522,0.1388
195,1326,1521,0.1388
191,1311,1502,0.1388
189,1313,1502,0.1388
187,1317,1504,0.1388
191,1320,1511,0.1388
194,1311,1505,0.1388
190,1323,1513,0.1388
189,1321,1510,0.1388
197,1319,1516,0.1388
197,1315,1512,0.1388
195,1318,1513,0.1388
195,1307,1502,0.1388
200,1313,1513,0.1388
199,1303,1502,0.1388
202,1298,1500,0.1388
199,1305,1504,0.1388
197,1301,1498,0.1388
199,1294,1493,0.1388
198,1302,1500,0.1388
196,1311,1507,0.1388
195,1316,1511,0.1388
194,1325,1519,0.1388
195,1308,1503,0.1388
196,1313,1509,0.1388
199,1315,1514,0.1388
198,1318,1516,0.1388
196,1316,1512,0.1388
197,1308,1505,0.1388
201,1317,1518,0.1388
197,1325,1522,0.1388
194,1324,1518,0.1388
194,1324,1518,0.1388
196,1321,1517,0.1388
191,1313,1504,0.1388
188,1315,1503,0.1388
191,1316,1507,0.1388
194,1324,1518,0.1388
191,1319,1510,0.1388
191,1318,1509,0.1388
182,1319,1501,0.1388
179,1323,1502,0.1388
183,1320,1503,0.1388
184,1325,1509,0.1388
189,1333,1522,0.1388
184,1333,1517,0.1388
185,1333,1518,0.1388
182,1333,1515,0.1388
181,1334,1515,0.1388
185,1329,1514,0.1388
181,1332,1513,0.1388
175,1338,1513,0.1388
174,1341,1515,0.1388
168,1343,1511,0.1388
168,1342,1510,0.1388
165,1353,1518,0.1388
162,1357,1519,0.1388
161,1355,1516,0.1388
163,1367,1530,0.1388
162,1354,1516,0.1388
161,1365,1526,0.1388
156,1367,1523,0.1388
154,1353,1507,0.1388
160,1347,1507,0.1388
160,1354,1514,0.1388
158,1354,1512,0.1388
161,1355,1516,0.1388
163,1359,1522,0.1388
162,1354,1516,0.1388
164,1344,1508,0.1388
166,1336,1502,0.1388
168,1336,1504,0.1388
171,1332,1503,0.1388
172,1339,1511,0.1388
170,1346,1516,0.1388
169,1345,1514,0.1388
167,1356,1523,0.1388
165,1364,1529,0.1388
164,1362,1526,0.1388
159,1363,1522,0.1388
155,1357,1512,0.1388
152,1363,1515,0.1388
152,1355,1507,0.1388
158,1358,1516,0.1388
160,1359,1519,0.1388
156,1355,1511,0.1388
158,1360,1518,0.1388
159,1355,1514,0.1388
158,1347,1505,0.1388
155,1360,1515,0.1388
156,1358,1514,0.1388
160,1358,1518,0.1388
156,1368,1524,0.1388
157,1362,1519,0.1388
153,1355,1508,0.1388
152,1356,1508,0.1388
155,1352,1507,0.1388
156,1355,1511,0.1388
157,1359,1516,0.1388
161,1356,1517,0.1388
162,1355,1517,0.1388
165,1353,1518,0.1388
164,1358,1522,0.1388
165,1365,1530,0.1388
160,1357,1517,0.1388
160,1357,1517,0.1388
159,1347,1506,0.1388
160,1347,1507,0.1388
163,1336,1499,0.1388
163,1342,1505,0.1388
162,1351,1513,0.1388
160,1344,1504,0.1388
159,1340,1499,0.1388
155,1351,1506,0.1388
157,1368,1525,0.1388
154,1361,1515,0.1388
154,1359,1513,0.1388
155,1357,1512,0.1388
159,1358,1517,0.1388
160,1354,1514,0.1388
161,1354,1515,0.1388
160,1358,1518,0.1388
157,1351,1508,0.1388
161,1360,1521,0.1388
159,1357,1516,0.1388
154,1364,1518,0.1388
156,1363,1519,0.1388
156,1352,1508,0.1388
156,1359,1515,0.1388
155,1347,1502,0.1388
153,1354,1507,0.1388
147,1359,1506,0.1388
141,1365,1506,0.1388
138,1368,1506,0.1388
141,1367,1508,0.1388
145,1353,1498,0.1388
145,1367,1512,0.1388
141,1372,1513,0.1388
138,1371,1509,0.1388
137,1370,1507,0.1388
139,1385,1524,0.1388
136,1387,1523,0.1388
139,1385,1524,0.1388
137,1386,1523,0.1388
135,1388,1523,0.1388
132,1382,1514,0.1388
130,1375,1505,0.1388
130,1374,1504,0.1388
130,1373,1503,0.1388
129,1387,1516,0.1388
132,1376,1508,0.1388
133,1382,1515,0.1388
134,1384,1518,0.1388
132,1391,1523,0.1388
128,1387,1515,0.1388
126,1398,1524,0.1388
126,1391,1517,0.1388
128,1384,1512,0.1388
126,1389,1515,0.1388
126,1397,1523,0.1388
124,1395,1519,0.1388
123,1406,1529,0.1388
123,1408,1531,0.1388
123,1393,1516,0.1388
122,1394,1516,0.1388
124,1386,1510,0.1388
125,1389,1514,0.1388
127,1388,1515,0.1388
127,1403,1530,0.1388
126,1402,1528,0.1388
125,1410,1535,0.1388
125,1401,1526,0.1388
121,1399,1520,0.1388
121,1384,1505,0.1388
118,1401,1519,0.1388
116,1395,1511,0.1388
116,1400,1516,0.1388
114,1397,1511,0.1388
112,1391,1503,0.1388
111,1399,1510,0.1388
115,1398,1513,0.1388
113,1399,1512,0.1388
104,1411,1515,0.1388
99,1418,1517,0.1388
98,1421,1519,0.1388
95,1422,1517,0.1388
97,1423,1520,0.1388
95,1428,1523,0.1388
96,1416,1512,0.1388
95,1417,1512,0.1388
92,1435,1527,0.1388
88,1433,1521,0.1388
87,1435,1522,0.1388
85,1431,1516,0.1388
84,1422,1506,0.1388
89,1426,1515,0.1388
86,1422,1508,0.1388
90,1417,1507,0.1388
91,1428,1519,0.1388
89,1429,1518,0.1388
88,1432,1520,0.1388
86,1423,1509,0.1388
86,1430,1516,0.1388
80,1442,1522,0.1388
84,1437,1521,0.1388
84,1428,1512,0.1388
88,1435,1523,0.1388
87,1438,1525,0.1388
88,1438,1526,0.1388
85,1427,1512,0.1388
83,1424,1507,0.1388
84,1428,1512,0.1388
82,1435,1517,0.1388
80,1437,1517,0.1388
80,1446,1526,0.1388
79,1447,1526,0.1388
79,1440,1519,0.1388
80,1439,1519,0.1388
82,1421,1503,0.1388
83,1436,1519,0.1388
86,1436,1522,0.1388
82,1438,1520,0.1388
83,1438,1521,0.1388
84,1439,1523,0.1388
85,1429,1514,0.1388
82,1429,1511,0.1388
82,1430,1512,0.1388
85,1425,1510,0.1388
84,1432,1516,0.1388
81,1437,1518,0.1388
81,1450,1531,0.1388
81,1427,1508,0.1388
81,1436,1517,0.1388
80,1437,1517,0.1388
78,1419,1497,0.1388
79,1428,1507,0.1388
81,1439,1520,0.1388
82,1458,1540,0.1388
83,1455,1538,0.1388
84,1449,1533,0.1388
83,1447,1530,0.1388
84,1431,1515,0.1388
88,1447,1535,0.1388
89,1446,1535,0.1388
88,1441,1529,0.1388
87,1429,1516,0.1388
83,1444,1527,0.1388
85,1431,1516,0.1388
82,1435,1517,0.1388
84,1436,1520,0.1388
84,1427,1511,0.1388
85,1418,1503,0.1388
85,1420,1505,0.1388
81,1426,1507,0.1388
83,1431,1514,0.1388
86,1427,1513,0.1388
84,1432,1516,0.1388
82,1431,1513,0.1388
85,1440,1525,0.1388
84,1439,1523,0.1388
85,1444,1529,0.1388
85,1438,1523,0.1388
86,1444,1530,0.1388
88,1451,1539,0.1388
86,1433,1519,0.1388
87,1429,1516,0.1388
82,1422,1504,0.1388
79,1440,1519,0.1388
78,1442,1520,0.1388
77,1447,1524,0.1388
79,1444,1523,0.1388
80,1434,1514,0.1388
79,1435,1514,0.1388
80,1437,1517,0.1388
80,1433,1513,0.1388
83,1436,1519,0.1388
82,1432,1514,0.1388
80,1444,1524,0.1388
79,1443,1522,0.1388
79,1448,1527,0.1388
79,1443,1522,0.1388
80,1449,1529,0.1388
79,1452,1531,0.1388
77,1455,1532,0.1388
77,1449,1526,0.1388
76,1443,1519,0.1388
75,1438,1513,0.1388
75,1436,1511,0.1388
78,1442,1520,0.1388
80,1451,1531,0.1388
81,1438,1519,0.1388
81,1434,1515,0.1388
83,1428,1511,0.1388
82,1424,1506,0.1388
82,1423,1505,0.1388
80,1435,1515,0.1388
76,1443,1519,0.1388
76,1437,1513,0.1388
75,1456,1531,0.1388
70,1433,1503,0.1388
70,1440,1510,0.1388
71,1438,1509,0.1388
68,1441,1509,0.1388
67,1437,1504,0.1388
67,1440,1507,0.1388
66,1432,1498,0.1388
65,1437,1502,0.1388
65,1446,1511,0.1388
62,1450,1512,0.1388
59,1449,1508,0.1388
62,1450,1512,0.1388
62,1458,1520,0.1388
64,1466,1530,0.1388
65,1469,1534,0.1388
65,1461,1526,0.1388
64,1446,1510,0.1388
61,1458,1519,0.1388
61,1451,1512,0.1388
59,1447,1506,0.1388
60,1455,1515,0.1388
59,1446,1505,0.1388
60,1457,1517,0.1388
60,1455,1515,0.1388
58,1440,1498,0.1388
58,1445,1503,0.1388
56,1442,1498,0.1388
54,1446,1500,0.1388
51,1446,1497,0.1388
51,1454,1505,0.1388
48,1472,1520,0.1388
50,1470,1520,0.1388
51,1478,1529,0.1388
50,1473,1523,0.1388
48,1476,1524,0.1388
48,1477,1525,0.1388
47,1482,1529,0.1388
48,1476,1524,0.1388
47,1476,1523,0.1388
47,1474,1521,0.1388
45,1476,1521,0.1388
44,1471,1515,0.1388
44,1479,1523,0.1388
45,1478,1523,0.1388
44,1461,1505,0.1388
40,1467,1507,0.1388
39,1478,1517,0.1388
38,1478,1516,0.1388
38,1479,1517,0.1388
40,1484,1524,0.1388
39,1492,1531,0.1388
38,1490,1528,0.1388
37,1475,1512,0.1388
38,1482,1520,0.1388
37,1481,1518,0.1388
36,1467,1503,0.1388
36,1474,1510,0.1388
36,1471,1507,0.1388
35,1484,1519,0.1388
37,1476,1513,0.1388
39,1488,1527,0.1388
38,1488,1526,0.1388
38,1481,1519,0.1388
39,1474,1513,0.1388
38,1477,1515,0.1388
37,1471,1508,0.1388
36,1484,1520,0.1388
36,1485,1521,0.1388
38,1469,1507,0.1388
38,1475,1513,0.1388
38,1484,1522,0.1388
37,1469,1506,0.1388
36,1482,1518,0.1388
36,1477,1513,0.1388
35,1485,1520,0.1388
34,1489,1523,0.1388
34,1483,1517,0.1388
33,1467,1500,0.1388
33,1477,1510,0.1388
33,1481,1514,0.1388
34,1489,1523,0.1388
33,1490,1523,0.1388
34,1495,1529,0.1388
34,1492,1526,0.1388
33,1492,1525,0.1388
34,1487,1521,0.1388
34,1482,1516,0.1388
33,1477,1510,0.1388
33,1478,1511,0.1388
34,1467,1501,0.1388
35,1478,1513,0.1388
33,1476,1509,0.1388
33,1477,1510,0.1388
34,1472,1506,0.1388
33,1470,1503,0.1388
33,1458,1491,0.1388
32,1448,1480,0.1388
31,1450,1481,0.1388
31,1454,1485,0.1388
33,1461,1494,0.1388
33,1481,1514,0.1388
33,1478,1511,0.1388
34,1475,1509,0.1388
35,1482,1517,0.1388
33,1485,1518,0.1388
33,1481,1514,0.1388
34,1475,1509,0.1388
33,1476,1509,0.1388
32,1489,1521,0.1388
32,1473,1505,0.1388
34,1481,1515,0.1388
33,1483,1516,0.1388
34,1478,1512,0.1388
32,1462,1494,0.1388
33,1463,1496,0.1388
33,1470,1503,0.1388
34,1479,1513,0.1388
36,1476,1512,0.1388
38,1467,1505,0.1388
36,1464,1500,0.1388
36,1474,1510,0.1388
38,1487,1525,0.1388
40,1491,1531,0.1388
40,1483,1523,0.1388
37,1484,1521,0.1388
36,1486,1522,0.1388
35,1480,1515,0.1388
35,1486,1521,0.1388
34,1484,1518,0.1388
34,1482,1516,0.1388
35,1474,1509,0.1388
34,1475,1509,0.1388
35,1482,1517,0.1388
35,1481,1516,0.1388
33,1475,1508,0.1388
34,1489,1523,0.1388
35,1486,1521,0.1388
36,1472,1508,0.1388
37,1481,1518,0.1388
35,1475,1510,0.1388
35,1473,1508,0.1388
34,1484,1518,0.1388
34,1483,1517,0.1388
34,1485,1519,0.1388
33,1489,1522,0.1388
34,1484,1518,0.1388
36,1485,1521,0.1388
38,1485,1523,0.1388
37,1471,1508,0.1388
36,1473,1509,0.1388
35,1476,1511,0.1388
35,1478,1513,0.1388
33,1474,1507,0.1388
32,1487,1519,0.1388
31,1484,1515,0.1388
31,1470,1501,0.1388
33,1478,1511,0.1388
32,1478,1510,0.1388
31,1486,1517,0.1388
32,1482,1514,0.1388
32,1484,1516,0.1388
32,1501,1533,0.1388
34,1502,1536,0.1388
34,1483,1517,0.1388
33,1482,1515,0.1388
32,1489,1521,0.1388
31,1483,1514,0.1388
30,1479,1509,0.1388
30,1475,1505,0.1388
28,1492,1520,0.1388
30,1486,1516,0.1388
31,1484,1515,0.1388
32,1486,1518,0.1388
33,1474,1507,0.1388
30,1490,1520,0.1388
28,1497,1525,0.1388
29,1485,1514,0.1388
27,1494,1521,0.1388
25,1492,1517,0.1388
26,1498,1524,0.1388
25,1502,1527,0.1388
24,1501,1525,0.1388
24,1506,1530,0.1388
22,1497,1519,0.1388
22,1504,1526,0.1388
22,1501,1523,0.1388
23,1512,1535,0.1388
23,1501,1524,0.1388
24,1493,1517,0.1388
25,1484,1509,0.1388
23,1481,1504,0.1388
23,1495,1518,0.1388
21,1497,1518,0.1388
21,1502,1523,0.1388
24,1505,1529,0.1388
23,1493,1516,0.1388
22,1491,1513,0.1388
21,1492,1513,0.1388
20,1494,1514,0.1388
20,1506,1526,0.1388
19,1499,1518,0.1388
19,1509,1528,0.1388
19,1517,1536,0.1388
19,1522,1541,0.1388
19,1509,1528,0.1388
20,1503,1523,0.1388
20,1502,1522,0.1388
21,1499,1520,0.1388
21,1502,1523,0.1388
21,1500,1521,0.1388
23,1486,1509,0.1388
22,1499,1521,0.1388
20,1502,1522,0.1388
21,1490,1511,0.1388
23,1505,1528,0.1388
23,1508,1531,0.1388
22,1494,1516,0.1388
21,1498,1519,0.1388
21,1500,1521,0.1388
20,1493,1513,0.1388
18,1507,1525,0.1388
18,1497,1515,0.1388
19,1502,1521,0.1388
19,1498,1517,0.1388
18,1498,1516,0.1388
18,1498,1516,0.1388
18,1503,1521,0.1388
17,1490,1507,0.1388
17,1499,1516,0.1388
17,1498,1515,0.1388
19,1493,1512,0.1388
18,1490,1508,0.1388
18,1503,1521,0.1388
17,1493,1510,0.1388
17,1496,1513,0.1388
17,1500,1517,0.1388
17,1498,1515,0.1388
17,1497,1514,0.1388
17,1494,1511,0.1388
17,1510,1527,0.1388
17,1506,1523,0.1388
15,1503,1518,0.1388
15,1491,1506,0.1388
16,1491,1507,0.1388
16,1488,1504,0.1388
15,1495,1510,0.1388
15,1499,1514,0.1388
16,1510,1526,0.1388
16,1498,1514,0.1388
16,1491,1507,0.1388
14,1508,1522,0.1388
14,1503,1517,0.1388
13,1506,1519,0.1388
14,1505,1519,0.1388
14,1510,1524,0.1388
14,1513,1527,0.1388
14,1517,1531,0.1388
14,1514,1528,0.1388
13,1501,1514,0.1388
13,1504,1517,0.1388
13,1514,1527,0.1388
13,1522,1535,0.1388
13,1520,1533,0.1388
13,1506,1519,0.1388
13,1510,1523,0.1388
11,1504,1515,0.1388
12,1498,1510,0.1388
12,1496,1508,0.1388
11,1495,1506,0.1388
11,1500,1511,0.1388
10,1506,1516,0.1388
9,1519,1528,0.1388
9,1511,1520,0.1388
9,1515,1524,0.1388
7,1500,1507,0.1388
7,1502,1509,0.1388
7,1503,1510,0.1388
7,1498,1505,0.1388
8,1493,1501,0.1388
9,1508,1517,0.1388
9,1509,1518,0.1388
9,1493,1502,0.1388
9,1477,1486,0.1388
9,1497,1506,0.1388
9,1502,1511,0.1388
8,1512,1520,0.1388
9,1505,1514,0.1388
10,1510,1520,0.1388
10,1512,1522,0.1388
11,1501,1512,0.1388
11,1497,1508,0.1388
10,1499,1509,0.1388
11,1506,1517,0.1388
12,1499,1511,0.1388
12,1502,1514,0.1388
12,1504,1516,0.1388
12,1504,1516,0.1388
12,1503,1515,0.1388
10,1503,1513,0.1388
10,1500,1510,0.1388
10,1515,1525,0.1388
9,1499,1508,0.1388
9,1497,1506,0.1388
9,1510,1519,0.1388
9,1510,1519,0.1388
9,1508,1517,0.1388
9,1496,1505,0.1388
9,1501,1510,0.1388
10,1491,1501,0.1388
10,1500,1510,0.1388
10,1491,1501,0.1388
10,1506,1516,0.1388
10,1508,1518,0.1388
8,1517,1525,0.1388
9,1502,1511,0.1388
10,1496,1506,0.1388
10,1497,1507,0.1388
10,1498,1508,0.1388
10,1502,1512,0.1388
9,1491,1500,0.1388
10,1494,1504,0.1388
8,1499,1507,0.1388
8,1492,1500,0.1388
9,1506,1515,0.1388
10,1500,1510,0.1388
10,1508,1518,0.1388
9,1502,1511,0.1388
10,1505,1515,0.1388
12,1511,1523,0.1388
11,1512,1523,0.1388
11,1510,1521,0.1388
10,1512,1522,0.1388
10,1510,1520,0.1388
10,1514,1524,0.1388
10,1528,1538,0.1388
10,1524,1534,0.1388
10,1531,1541,0.1388
10,1519,1529,0.1388
11,1500,1511,0.1388
11,1497,1508,0.1388
12,1498,1510,0.1388
12,1506,1518,0.1388
12,1507,1519,0.1388
12,1511,1523,0.1388
12,1516,1528,0.1388
12,1517,1529,0.1388
12,1519,1531,0.1388
12,1524,1536,0.1388
12,1523,1535,0.1388
12,1514,1526,0.1388
13,1508,1521,0.1388
12,1505,1517,0.1388
12,1507,1519,0.1388
11,1509,1520,0.1388
11,1505,1516,0.1388
11,1491,1502,0.1388
13,1496,1509,0.1388
14,1498,1512,0.1388
14,1509,1523,0.1388
14,1502,1516,0.1388
15,1507,1522,0.1388
17,1493,1510,0.1388
18,1501,1519,0.1388
19,1500,1519,0.1388
19,1499,1518,0.1388
19,1503,1522,0.1388
18,1492,1510,0.1388
17,1496,1513,0.1388
16,1505,1521,0.1388
17,1506,1523,0.1388
16,1501,1517,0.1388
16,1499,1515,0.1388
17,1502,1519,0.1388
16,1498,1514,0.1388
17,1509,1526,0.1388
17,1500,1517,0.1388
17,1484,1501,0.1388
15,1486,1501,0.1388
15,1493,1508,0.1388
16,1494,1510,0.1388
18,1496,1514,0.1388
17,1496,1513,0.1388
17,1489,1506,0.1388
18,1517,1535,0.1388
18,1507,1525,0.1388
18,1502,1520,0.1388
18,1503,1521,0.1388
17,1496,1513,0.1388
17,1482,1499,0.1388
17,1480,1497,0.1388
18,1483,1501,0.1388
17,1483,1500,0.1388
17,1487,1504,0.1388
17,1497,1514,0.1388
16,1508,1524,0.1388
16,1504,1520,0.1388
17,1499,1516,0.1388
17,1499,1516,0.1388
18,1493,1511,0.1388
18,1496,1514,0.1388
16,1499,1515,0.1388
16,1506,1522,0.1388
16,1498,1514,0.1388
16,1508,1524,0.1388
16,1505,1521,0.1388
15,1507,1522,0.1388
15,1490,1505,0.1388
16,1493,1509,0.1388
17,1491,1508,0.1388
19,1485,1504,0.1388
19,1489,1508,0.1388
18,1487,1505,0.1388
17,1490,1507,0.1388
18,1489,1507,0.1388
16,1489,1505,0.1388
15,1481,1496,0.1388
16,1485,1501,0.1388
16,1499,1515,0.1388
16,1495,1511,0.1388
16,1502,1518,0.1388
17,1508,1525,0.1388
16,1509,1525,0.1388
16,1509,1525,0.1388
15,1495,1510,0.1388
15,1499,1514,0.1388
15,1486,1501,0.1388
14,1493,1507,0.1388
14,1511,1525,0.1388
15,1499,1514,0.1388
15,1495,1510,0.1388
15,1499,1514,0.1388
15,1504,1519,0.1388
15,1502,1517,0.1388
15,1514,1529,0.1388
13,1516,1529,0.1388
14,1514,1528,0.1388
14,1512,1526,0.1388
14,1507,1521,0.1388
14,1508,1522,0.1388
15,1508,1523,0.1388
13,1501,1514,0.1388
13,1513,1526,0.1388
13,1504,1517,0.1388
13,1503,1516,0.1388
13,1505,1518,0.1388
13,1508,1521,0.1388
13,1511,1524,0.1388
13,1506,1519,0.1388
12,1502,1514,0.1388
14,1497,1511,0.1388
15,1508,1523,0.1388
15,1507,1522,0.1388
15,1497,1512,0.1388
15,1500,1515,0.1388
14,1501,1515,0.1388
14,1495,1509,0.1388
14,1498,1512,0.1388
14,1504,1518,0.1388
14,1497,1511,0.1388
14,1509,1523,0.1388
13,1499,1512,0.1388
13,1504,1517,0.1388
13,1495,1508,0.1388
13,1494,1507,0.1388
14,1499,1513,0.1388
14,1491,1505,0.1388
13,1501,1514,0.1388
12,1503,1515,0.1388
12,1503,1515,0.1388
11,1507,1518,0.1388
13,1491,1504,0.1388
15,1496,1511,0.1388
15,1500,1515,0.1388
14,1510,1524,0.1388
15,1498,1513,0.1388
16,1498,1514,0.1388
16,1500,1516,0.1388
16,1503,1519,0.1388
17,1499,1516,0.1388
17,1498,1515,0.1388
16,1505,1521,0.1388
17,1489,1506,0.1388
17,1485,1502,0.1388
17,1482,1499,0.1388
17,1483,1500,0.1388
17,1492,1509,0.1388
16,1497,1513,0.1388
15,1500,1515,0.1388
14,1516,1530,0.1388
14,1508,1522,0.1388
15,1501,1516,0.1388
15,1508,1523,0.1388
16,1503,1519,0.1388
15,1505,1520,0.1388
15,1495,1510,0.1388
15,1494,1509,0.1388
15,1499,1514,0.1388
15,1499,1514,0.1388
16,1515,1531,0.1388
16,1517,1533,0.1388
17,1506,1523,0.1388
17,1502,1519,0.1388
16,1505,1521,0.1388
16,1504,1520,0.1388
16,1505,1521,0.1388
15,1502,1517,0.1388
15,1498,1513,0.1388
15,1502,1517,0.1388
14,1488,1502,0.1388
14,1497,1511,0.1388
13,1494,1507,0.1388
12,1498,1510,0.1388
11,1495,1506,0.1388
12,1502,1514,0.1388
12,1493,1505,0.1388
14,1488,1502,0.1388
14,1484,1498,0.1388
14,1482,1496,0.1388
11,1486,1497,0.1388
10,1494,1504,0.1388
10,1483,1493,0.1388
10,1481,1491,0.1388
10,1484,1494,0.1388
10,1494,1504,0.1388
10,1506,1516,0.1388
10,1506,1516,0.1388
9,1498,1507,0.1388
9,1493,1502,0.1388
10,1504,1514,0.1388
8,1501,1509,0.1388
8,1504,1512,0.1388
7,1500,1507,0.1388
8,1497,1505,0.1388
8,1507,1515,0.1388
8,1502,1510,0.1388
8,1515,1523,0.1388
8,1505,1513,0.1388
8,1498,1506,0.1388
8,1500,1508,0.1388
9,1492,1501,0.1388
9,1483,1492,0.1388
7,1502,1509,0.1388
7,1501,1508,0.1388
7,1515,1522,0.1388
7,1522,1529,0.1388
7,1507,1514,0.1388
7,1522,1529,0.1388
7,1521,1528,0.1388
7,1522,1529,0.1388
6,1521,1527,0.1388
6,1521,1527,0.1388
6,1506,1512,0.1388
5,1514,1519,0.1388
5,1512,1517,0.1388
5,1523,1528,0.1388
5,1518,1523,0.1388
5,1503,1508,0.1388
5,1486,1491,0.1388
5,1496,1501,0.1388
5,1512,1517,0.1388
5,1509,1514,0.1388
5,1522,1527,0.1388
6,1510,1516,0.1388
6,1521,1527,0.1388
6,1527,1533,0.1388
6,1519,1525,0.1388
6,1514,1520,0.1388
7,1508,1515,0.1388
7,1518,1525,0.1388
7,1519,1526,0.1388
7,1522,1529,0.1388
7,1515,1522,0.1388
7,1513,1520,0.1388
7,1517,1524,0.1388
7,1512,1519,0.1388
8,1515,1523,0.1388
8,1515,1523,0.1388
8,1517,1525,0.1388
7,1525,1532,0.1388
7,1517,1524,0.1388
5,1530,1535,0.1388
6,1515,1521,0.1388
6,1508,1514,0.1388
6,1501,1507,0.1388
6,1505,1511,0.1388
6,1504,1510,0.1388
5,1507,1512,0.1388
5,1506,1511,0.1388
5,1507,1512,0.1388
4,1504,1508,0.1388
3,1514,1517,0.1388
3,1499,1502,0.1388
3,1496,1499,0.1388
2,1505,1507,0.1388
2,1511,1513,0.1388
2,1515,1517,0.1388
2,1512,1514,0.1388
2,1513,1515,0.1388
2,1510,1512,0.1388
2,1503,1505,0.1388
2,1512,1514,0.1388
2,1515,1517,0.1388
2,1515,1517,0.1388
1,1506,1507,0.1388
1,1515,1516,0.1388
1,1515,1516,0.1388
1,1522,1523,0.1388
1,1533,1534,0.1388
1,1529,1530,0.1388
1,1533,1534,0.1388
1,1507,1508,0.1388
1,1521,1522,0.1388
1,1518,1519,0.1388
1,1523,1524,0.1388
1,1505,1506,0.1388
1,1519,1520,0.1388
1,1518,1519,0.1388
1,1528,1529,0.1388
1,1524,1525,0.1388
1,1520,1521,0.1388
1,1513,1514,0.1388
1,1526,1527,0.1388
1,1522,1523,0.1388
1,1526,1527,0.1388
1,1526,1527,0.1388
1,1527,1528,0.1388
1,1519,1520,0.1388
1,1521,1522,0.1388
1,1520,1521,0.1388
1,1524,1525,0.1388
1,1528,1529,0.1388
1,1526,1527,0.1388
1,1517,1518,0.1388
1,1520,1521,0.1388
1,1520,1521,0.1388
1,1520,1521,0.1388
1,1524,1525,0.1388
1,1516,1517,0.1388
1,1515,1516,0.1388
1,1520,1521,0.1388
1,1513,1514,0.1388
1,1513,1514,0.1388
1,1519,1520,0.1388
1,1530,1531,0.1388
1,1532,1533,0.1388
1,1535,1536,0.1388
1,1528,1529,0.1388
1,1519,1520,0.1388
1,1509,1510,0.1388
1,1508,1509,0.1388
1,1500,1501,0.1388
1,1488,1489,0.1388
1,1494,1495,0.1388
1,1508,1509,0.1388
1,1515,1516,0.1388
1,1510,1511,0.1388
1,1511,1512,0.1388
1,1511,1512,0.1388
1,1505,1506,0.1388
1,1506,1507,0.1388
1,1515,1516,0.1388
1,1506,1507,0.1388
1,1506,1507,0.1388
1,1513,1514,0.1388
1,1509,1510,0.1388
1,1502,1503,0.1388
1,1516,1517,0.1388
1,1526,1527,0.1388
1,1517,1518,0.1388
1,1518,1519,0.1388
1,1509,1510,0.1388
1,1498,1499,0.1388
1,1499,1500,0.1388
1,1504,1505,0.1388
1,1513,1514,0.1388
1,1505,1506,0.1388
0,1510,1510,0.1388
