1375,28,1403,0.1388
1396,29,1425,0.1388
1413,30,1443,0.1388
1439,31,1470,0.1388
1428,30,1458,0.1388
1430,27,1457,0.1388
1453,27,1480,0.1388
1458,24,1482,0.1388
1453,25,1478,0.1388
1459,26,1485,0.1388
1454,27,1481,0.1388
1466,26,1492,0.1388
1467,25,1492,0.1388
1468,25,1493,0.1388
1480,25,1505,0.1388
1481,25,1506,0.1388
1489,25,1514,0.1388
1478,23,1501,0.1388
1487,24,1511,0.1388
1481,24,1505,0.1388
1471,24,1495,0.1388
1476,23,1499,0.1388
1467,23,1490,0.1388
1475,24,1499,0.1388
1460,23,1483,0.1388
1452,23,1475,0.1388
1467,23,1490,0.1388
1460,23,1483,0.1388
1465,24,1489,0.1388
1470,23,1493,0.1388
1462,23,1485,0.1388
1472,23,1495,0.1388
1465,23,1488,0.1388
1467,22,1489,0.1388
1470,21,1491,0.1388
1453,21,1474,0.1388
1453,21,1474,0.1388
1452,22,1474,0.1388
1448,22,1470,0.1388
1462,23,1485,0.1388
1453,23,1476,0.1388
1453,25,1478,0.1388
1459,25,1484,0.1388
1473,28,1501,0.1388
1468,28,1496,0.1388
1450,30,1480,0.1388
1440,31,1471,0.1388
1441,31,1472,0.1388
1457,31,1488,0.1388
1461,31,1492,0.1388
1457,32,1489,0.1388
1452,35,1487,0.1388
1452,37,1489,0.1388
1446,36,1482,0.1388
1458,37,1495,0.1388
1452,38,1490,0.1388
1462,36,1498,0.1388
1466,37,1503,0.1388
1455,41,1496,0.1388
1455,42,1497,0.1388
1469,41,1510,0.1388
1458,41,1499,0.1388
1453,42,1495,0.1388
1461,44,1505,0.1388
1449,45,1494,0.1388
1456,46,1502,0.1388
1453,42,1495,0.1388
1443,41,1484,0.1388
1432,41,1473,0.1388
1447,40,1487,0.1388
1464,41,1505,0.1388
1451,43,1494,0.1388
1452,41,1493,0.1388
1463,41,1504,0.1388
1456,42,1498,0.1388
1451,42,1493,0.1388
1444,42,1486,0.1388
1439,43,1482,0.1388
1433,44,1477,0.1388
1428,44,1472,0.1388
1433,44,1477,0.1388
1440,44,1484,0.1388
1435,43,1478,0.1388
1435,44,1479,0.1388
1438,45,1483,0.1388
1433,47,1480,0.1388
1441,48,1489,0.1388
1441,48,1489,0.1388
1436,50,1486,0.1388
1436,49,1485,0.1388
1443,48,1491,0.1388
1435,48,1483,0.1388
1435,50,1485,0.1388
1437,53,1490,0.1388
1449,56,1505,0.1388
1447,53,1500,0.1388
1450,53,1503,0.1388
1443,51,1494,0.1388
1443,51,1494,0.1388
1435,52,1487,0.1388
1430,52,1482,0.1388
1430,55,1485,0.1388
1433,55,1488,0.1388
1432,52,1484,0.1388
1433,51,1484,0.1388
1428,49,1477,0.1388
1442,48,1490,0.1388
1447,48,1495,0.1388
1451,49,1500,0.1388
1447,48,1495,0.1388
1452,48,1500,0.1388
1444,46,1490,0.1388
1442,48,1490,0.1388
1437,48,1485,0.1388
1451,50,1501,0.1388
1433,48,1481,0.1388
1432,51,1483,0.1388
1425,52,1477,0.1388
1428,53,1481,0.1388
1426,52,1478,0.1388
1428,52,1480,0.1388
1428,55,1483,0.1388
1425,55,1480,0.1388
1423,57,1480,0.1388
1419,58,1477,0.1388
1424,60,1484,0.1388
1419,60,1479,0.1388
1418,60,1478,0.1388
1437,57,1494,0.1388
1437,59,1496,0.1388
1456,57,1513,0.1388
1446,59,1505,0.1388
1442,60,1502,0.1388
1436,59,1495,0.1388
1427,60,1487,0.1388
1431,60,1491,0.1388
1448,61,1509,0.1388
1435,59,1494,0.1388
1429,65,1494,0.1388
1437,63,1500,0.1388
1416,64,1480,0.1388
1420,62,1482,0.1388
1416,61,1477,0.1388
1415,63,1478,0.1388
1402,64,1466,0.1388
1412,63,1475,0.1388
1410,64,1474,0.1388
1420,68,1488,0.1388
1434,68,1502,0.1388
1435,70,1505,0.1388
1437,70,1507,0.1388
1440,71,1511,0.1388
1443,69,1512,0.1388
1436,70,1506,0.1388
1438,68,1506,0.1388
1445,71,1516,0.1388
1424,73,1497,0.1388
1415,72,1487,0.1388
1422,70,1492,0.1388
1437,69,1506,0.1388
1444,70,1514,0.1388
1432,69,1501,0.1388
1442,68,1510,0.1388
1439,67,1506,0.1388
1439,68,1507,0.1388
1446,68,1514,0.1388
1435,69,1504,0.1388
1427,69,1496,0.1388
1414,71,1485,0.1388
1418,74,1492,0.1388
1408,75,1483,0.1388
1412,76,1488,0.1388
1409,74,1483,0.1388
1431,73,1504,0.1388
1422,73,1495,0.1388
1427,72,1499,0.1388
1417,72,1489,0.1388
1422,72,1494,0.1388
1422,71,1493,0.1388
1429,68,1497,0.1388
1415,67,1482,0.1388
1422,66,1488,0.1388
1425,67,1492,0.1388
1410,68,1478,0.1388
1406,66,1472,0.1388
1421,69,1490,0.1388
1422,70,1492,0.1388
1419,72,1491,0.1388
1408,70,1478,0.1388
1411,67,1478,0.1388
1415,67,1482,0.1388
1417,73,1490,0.1388
1413,72,1485,0.1388
1417,73,1490,0.1388
1413,74,1487,0.1388
1414,74,1488,0.1388
1417,74,1491,0.1388
1421,75,1496,0.1388
1412,73,1485,0.1388
1408,70,1478,0.1388
1405,71,1476,0.1388
1406,70,1476,0.1388
1424,70,1494,0.1388
1414,71,1485,0.1388
1409,68,1477,0.1388
1407,67,1474,0.1388
1399,70,1469,0.1388
1399,71,1470,0.1388
1411,73,1484,0.1388
1418,75,1493,0.1388
1426,74,1500,0.1388
1442,73,1515,0.1388
1437,76,1513,0.1388
1435,75,1510,0.1388
1440,74,1514,0.1388
1436,76,1512,0.1388
1429,76,1505,0.1388
1420,78,1498,0.1388
1417,78,1495,0.1388
1420,79,1499,0.1388
1417,79,1496,0.1388
1426,79,1505,0.1388
1427,74,1501,0.1388
1426,75,1501,0.1388
1426,75,1501,0.1388
1417,77,1494,0.1388
1413,76,1489,0.1388
1406,76,1482,0.1388
1403,77,1480,0.1388
1418,78,1496,0.1388
1430,78,1508,0.1388
1428,78,1506,0.1388
1426,78,1504,0.1388
1426,76,1502,0.1388
1431,75,1506,0.1388
1421,74,1495,0.1388
1423,75,1498,0.1388
1419,72,1491,0.1388
1426,74,1500,0.1388
1425,72,1497,0.1388
1423,74,1497,0.1388
1427,74,1501,0.1388
1405,74,1479,0.1388
1419,71,1490,0.1388
1420,71,1491,0.1388
1415,69,1484,0.1388
1416,73,1489,0.1388
1415,72,1487,0.1388
1419,75,1494,0.1388
1410,77,1487,0.1388
1406,78,1484,0.1388
1405,78,1483,0.1388
1402,78,1480,0.1388
1403,80,1483,0.1388
1417,77,1494,0.1388
1415,75,1490,0.1388
1417,73,1490,0.1388
1416,73,1489,0.1388
1409,73,1482,0.1388
1413,73,1486,0.1388
1409,72,1481,0.1388
1426,69,1495,0.1388
1415,65,1480,0.1388
1416,67,1483,0.1388
1436,64,1500,0.1388
1439,63,1502,0.1388
1426,61,1487,0.1388
1418,63,1481,0.1388
1416,62,1478,0.1388
1424,60,1484,0.1388
1435,61,1496,0.1388
1431,64,1495,0.1388
1428,65,1493,0.1388
1428,67,1495,0.1388
1424,66,1490,0.1388
1424,66,1490,0.1388
1425,67,1492,0.1388
1422,66,1488,0.1388
1421,69,1490,0.1388
1426,72,1498,0.1388
1438,70,1508,0.1388
1428,73,1501,0.1388
1432,75,1507,0.1388
1431,78,1509,0.1388
1435,78,1513,0.1388
1434,81,1515,0.1388
1427,86,1513,0.1388
1419,83,1502,0.1388
1427,86,1513,0.1388
1411,87,1498,0.1388
1409,86,1495,0.1388
1401,90,1491,0.1388
1401,91,1492,0.1388
1395,90,1485,0.1388
1411,89,1500,0.1388
1401,90,1491,0.1388
1401,91,1492,0.1388
1394,89,1483,0.1388
1394,89,1483,0.1388
1407,92,1499,0.1388
1405,94,1499,0.1388
1412,93,1505,0.1388
1404,94,1498,0.1388
1387,93,1480,0.1388
1393,89,1482,0.1388
1382,93,1475,0.1388
1388,91,1479,0.1388
1400,91,1491,0.1388
1402,92,1494,0.1388
1401,89,1490,0.1388
1414,89,1503,0.1388
1410,88,1498,0.1388
1412,88,1500,0.1388
1407,90,1497,0.1388
1406,93,1499,0.1388
1397,92,1489,0.1388
1401,97,1498,0.1388
1394,96,1490,0.1388
1402,96,1498,0.1388
1396,95,1491,0.1388
1402,92,1494,0.1388
1407,91,1498,0.1388
1408,96,1504,0.1388
1413,95,1508,0.1388
1409,97,1506,0.1388
1406,99,1505,0.1388
1401,99,1500,0.1388
1404,93,1497,0.1388
1396,93,1489,0.1388
1399,95,1494,0.1388
1400,95,1495,0.1388
1404,93,1497,0.1388
1399,94,1493,0.1388
1406,94,1500,0.1388
1410,99,1509,0.1388
1405,97,1502,0.1388
1403,95,1498,0.1388
1407,96,1503,0.1388
1403,94,1497,0.1388
1389,98,1487,0.1388
1391,96,1487,0.1388
1399,93,1492,0.1388
1406,96,1502,0.1388
1406,96,1502,0.1388
1408,96,1504,0.1388
1406,97,1503,0.1388
1395,95,1490,0.1388
1393,95,1488,0.1388
1404,95,1499,0.1388
1401,96,1497,0.1388
1395,96,1491,0.1388
1400,93,1493,0.1388
1417,93,1510,0.1388
1425,89,1514,0.1388
1424,92,1516,0.1388
1413,89,1502,0.1388
1419,87,1506,0.1388
1405,84,1489,0.1388
1415,83,1498,0.1388
1423,84,1507,0.1388
1422,83,1505,0.1388
1416,83,1499,0.1388
1411,86,1497,0.1388
1405,86,1491,0.1388
1402,85,1487,0.1388
1403,84,1487,0.1388
1400,83,1483,0.1388
1404,83,1487,0.1388
1407,87,1494,0.1388
1388,86,1474,0.1388
1395,87,1482,0.1388
1403,90,1493,0.1388
1403,86,1489,0.1388
1401,91,1492,0.1388
1414,89,1503,0.1388
1416,87,1503,0.1388
1413,89,1502,0.1388
1416,89,1505,0.1388
1404,91,1495,0.1388
1404,87,1491,0.1388
1410,87,1497,0.1388
1418,88,1506,0.1388
1420,88,1508,0.1388
1410,93,1503,0.1388
1409,93,1502,0.1388
1403,92,1495,0.1388
1399,90,1489,0.1388
1393,92,1485,0.1388
1385,95,1480,0.1388
1394,95,1489,0.1388
1382,98,1480,0.1388
1378,99,1477,0.1388
1368,98,1466,0.1388
1375,101,1476,0.1388
1379,98,1477,0.1388
1387,98,1485,0.1388
1386,101,1487,0.1388
1385,100,1485,0.1388
1396,102,1498,0.1388
1400,105,1505,0.1388
1397,104,1501,0.1388
1399,103,1502,0.1388
1412,105,1517,0.1388
1390,101,1491,0.1388
1386,103,1489,0.1388
1398,105,1503,0.1388
1396,105,1501,0.1388
1382,103,1485,0.1388
1383,104,1487,0.1388
1385,104,1489,0.1388
1390,110,1500,0.1388
1385,110,1495,0.1388
1373,109,1482,0.1388
1370,112,1482,0.1388
1370,113,1483,0.1388
1376,115,1491,0.1388
1363,117,1480,0.1388
1363,118,1481,0.1388
1367,123,1490,0.1388
1379,124,1503,0.1388
1379,120,1499,0.1388
1381,120,1501,0.1388
1374,121,1495,0.1388
1378,123,1501,0.1388
1378,123,1501,0.1388
1372,123,1495,0.1388
1369,122,1491,0.1388
1375,125,1500,0.1388
1372,124,1496,0.1388
1376,124,1500,0.1388
1378,126,1504,0.1388
1367,123,1490,0.1388
1376,119,1495,0.1388
1377,118,1495,0.1388
1381,122,1503,0.1388
1388,122,1510,0.1388
1388,125,1513,0.1388
1386,121,1507,0.1388
1387,125,1512,0.1388
1374,125,1499,0.1388
1377,127,1504,0.1388
1386,122,1508,0.1388
1369,122,1491,0.1388
1353,120,1473,0.1388
1360,122,1482,0.1388
1361,122,1483,0.1388
1368,125,1493,0.1388
1368,120,1488,0.1388
1365,122,1487,0.1388
1358,125,1483,0.1388
1362,129,1491,0.1388
1374,125,1499,0.1388
1383,122,1505,0.1388
1367,122,1489,0.1388
1376,124,1500,0.1388
1379,125,1504,0.1388
1355,123,1478,0.1388
1367,124,1491,0.1388
1360,124,1484,0.1388
1370,122,1492,0.1388
1380,124,1504,0.1388
1379,126,1505,0.1388
1372,128,1500,0.1388
1362,129,1491,0.1388
1353,125,1478,0.1388
1351,127,1478,0.1388
1356,129,1485,0.1388
1352,129,1481,0.1388
1351,132,1483,0.1388
1354,132,1486,0.1388
1363,133,1496,0.1388
1355,135,1490,0.1388
1352,133,1485,0.1388
1343,133,1476,0.1388
1349,136,1485,0.1388
1352,136,1488,0.1388
1350,145,1495,0.1388
1353,144,1497,0.1388
1367,142,1509,0.1388
1366,144,1510,0.1388
1360,141,1501,0.1388
1346,147,1493,0.1388
1342,141,1483,0.1388
1349,141,1490,0.1388
1341,144,1485,0.1388
1338,143,1481,0.1388
1336,138,1474,0.1388
1337,140,1477,0.1388
1345,138,1483,0.1388
1332,144,1476,0.1388
1332,144,1476,0.1388
1342,149,1491,0.1388
1354,143,1497,0.1388
1351,143,1494,0.1388
1357,144,1501,0.1388
1359,146,1505,0.1388
1372,144,1516,0.1388
1372,143,1515,0.1388
1364,146,1510,0.1388
1356,146,1502,0.1388
1346,143,1489,0.1388
1350,147,1497,0.1388
1357,148,1505,0.1388
1360,147,1507,0.1388
1359,146,1505,0.1388
1356,147,1503,0.1388
1358,149,1507,0.1388
1355,148,1503,0.1388
1357,152,1509,0.1388
1366,146,1512,0.1388
1364,146,1510,0.1388
1358,148,1506,0.1388
1347,147,1494,0.1388
1345,142,1487,0.1388
1352,144,1496,0.1388
1338,147,1485,0.1388
1346,141,1487,0.1388
1355,144,1499,0.1388
1353,143,1496,0.1388
1351,141,1492,0.1388
1343,141,1484,0.1388
1352,145,1497,0.1388
1353,140,1493,0.1388
1350,146,1496,0.1388
1358,143,1501,0.1388
1347,141,1488,0.1388
1330,140,1470,0.1388
1342,140,1482,0.1388
1336,143,1479,0.1388
1339,143,1482,0.1388
1340,143,1483,0.1388
1353,145,1498,0.1388
1352,143,1495,0.1388
1340,144,1484,0.1388
1339,149,1488,0.1388
1341,140,1481,0.1388
1355,140,1495,0.1388
1358,144,1502,0.1388
1364,146,1510,0.1388
1360,146,1506,0.1388
1358,148,1506,0.1388
1351,146,1497,0.1388
1350,153,1503,0.1388
1354,152,1506,0.1388
1350,154,1504,0.1388
1346,154,1500,0.1388
1330,159,1489,0.1388
1331,162,1493,0.1388
1329,164,1493,0.1388
1329,164,1493,0.1388
1336,168,1504,0.1388
1335,168,1503,0.1388
1332,165,1497,0.1388
1337,167,1504,0.1388
1350,165,1515,0.1388
1341,167,1508,0.1388
1329,166,1495,0.1388
1341,164,1505,0.1388
1335,166,1501,0.1388
1343,165,1508,0.1388
1343,165,1508,0.1388
1344,166,1510,0.1388
1336,165,1501,0.1388
1337,162,1499,0.1388
1323,165,1488,0.1388
1312,166,1478,0.1388
1324,163,1487,0.1388
1321,165,1486,0.1388
1324,162,1486,0.1388
1331,167,1498,0.1388
1347,166,1513,0.1388
1352,163,1515,0.1388
1334,165,1499,0.1388
1326,165,1491,0.1388
1323,169,1492,0.1388
1319,167,1486,0.1388
1322,169,1491,0.1388
1321,168,1489,0.1388
1321,167,1488,0.1388
1324,163,1487,0.1388
1323,165,1488,0.1388
1329,168,1497,0.1388
1327,168,1495,0.1388
1325,170,1495,0.1388
1331,168,1499,0.1388
1331,164,1495,0.1388
1334,166,1500,0.1388
1334,169,1503,0.1388
1324,160,1484,0.1388
1330,159,1489,0.1388
1329,156,1485,0.1388
1332,153,1485,0.1388
1334,156,1490,0.1388
1330,160,1490,0.1388
1328,159,1487,0.1388
1323,162,1485,0.1388
1334,165,1499,0.1388
1322,165,1487,0.1388
1311,169,1480,0.1388
1307,172,1479,0.1388
1319,177,1496,0.1388
1322,173,1495,0.1388
1319,171,1490,0.1388
1316,172,1488,0.1388
1305,167,1472,0.1388
1325,164,1489,0.1388
1329,169,1498,0.1388
1333,167,1500,0.1388
1331,163,1494,0.1388
1326,162,1488,0.1388
1328,166,1494,0.1388
1327,168,1495,0.1388
1337,169,1506,0.1388
1334,168,1502,0.1388
1332,166,1498,0.1388
1324,171,1495,0.1388
1336,166,1502,0.1388
1340,162,1502,0.1388
1341,164,1505,0.1388
1351,165,1516,0.1388
1349,168,1517,0.1388
1340,171,1511,0.1388
1339,170,1509,0.1388
1333,176,1509,0.1388
1331,173,1504,0.1388
1328,168,1496,0.1388
1319,170,1489,0.1388
1304,171,1475,0.1388
1301,172,1473,0.1388
1306,175,1481,0.1388
1321,178,1499,0.1388
1318,180,1498,0.1388
1319,183,1502,0.1388
1315,179,1494,0.1388
1312,179,1491,0.1388
1324,181,1505,0.1388
1320,183,1503,0.1388
1310,181,1491,0.1388
1309,179,1488,0.1388
1305,182,1487,0.1388
1305,179,1484,0.1388
1304,185,1489,0.1388
1311,181,1492,0.1388
1307,184,1491,0.1388
1310,187,1497,0.1388
1304,191,1495,0.1388
1297,192,1489,0.1388
1299,197,1496,0.1388
1294,194,1488,0.1388
1295,197,1492,0.1388
1295,196,1491,0.1388
1306,196,1502,0.1388
1301,195,1496,0.1388
1301,195,1496,0.1388
1301,195,1496,0.1388
1303,196,1499,0.1388
1289,197,1486,0.1388
1300,193,1493,0.1388
1307,196,1503,0.1388
1307,196,1503,0.1388
1299,194,1493,0.1388
1302,188,1490,0.1388
1297,189,1486,0.1388
1309,193,1502,0.1388
1314,195,1509,0.1388
1309,196,1505,0.1388
1306,198,1504,0.1388
1316,195,1511,0.1388
1297,198,1495,0.1388
1295,195,1490,0.1388
1307,198,1505,0.1388
1319,199,1518,0.1388
1300,197,1497,0.1388
1310,198,1508,0.1388
1297,201,1498,0.1388
1305,196,1501,0.1388
1301,194,1495,0.1388
1317,195,1512,0.1388
1326,194,1520,0.1388
1322,191,1513,0.1388
1312,191,1503,0.1388
1330,191,1521,0.1388
1316,195,1511,0.1388
1313,197,1510,0.1388
1312,194,1506,0.1388
1310,195,1505,0.1388
1298,192,1490,0.1388
1297,188,1485,0.1388
1296,186,1482,0.1388
1288,186,1474,0.1388
1278,183,1461,0.1388
1284,184,1468,0.1388
1299,187,1486,0.1388
1305,190,1495,0.1388
1294,191,1485,0.1388
1294,188,1482,0.1388
1294,193,1487,0.1388
1298,196,1494,0.1388
1296,198,1494,0.1388
1293,191,1484,0.1388
1293,192,1485,0.1388
1306,191,1497,0.1388
1300,197,1497,0.1388
1299,198,1497,0.1388
1294,192,1486,0.1388
1307,190,1497,0.1388
1301,197,1498,0.1388
1289,194,1483,0.1388
1301,197,1498,0.1388
1295,193,1488,0.1388
1304,190,1494,0.1388
1297,192,1489,0.1388
1306,191,1497,0.1388
1302,193,1495,0.1388
1313,192,1505,0.1388
1316,196,1512,0.1388
1305,196,1501,0.1388
1302,200,1502,0.1388
1309,202,1511,0.1388
1302,198,1500,0.1388
1295,203,1498,0.1388
1294,196,1490,0.1388
1302,203,1505,0.1388
1306,199,1505,0.1388
1305,205,1510,0.1388
1305,209,1514,0.1388
1311,205,1516,0.1388
1309,204,1513,0.1388
1300,209,1509,0.1388
1291,206,1497,0.1388
1294,209,1503,0.1388
1297,213,1510,0.1388
1289,209,1498,0.1388
1275,212,1487,0.1388
1272,216,1488,0.1388
1278,213,1491,0.1388
1274,212,1486,0.1388
1280,215,1495,0.1388
1287,214,1501,0.1388
1290,209,1499,0.1388
1284,213,1497,0.1388
1288,218,1506,0.1388
1294,212,1506,0.1388
1295,215,1510,0.1388
1289,212,1501,0.1388
1288,212,1500,0.1388
1285,212,1497,0.1388
1283,213,1496,0.1388
1294,213,1507,0.1388
1275,214,1489,0.1388
1280,212,1492,0.1388
1284,213,1497,0.1388
1285,222,1507,0.1388
1297,220,1517,0.1388
1295,221,1516,0.1388
1280,222,1502,0.1388
1282,223,1505,0.1388
1278,223,1501,0.1388
1265,220,1485,0.1388
1264,223,1487,0.1388
1266,229,1495,0.1388
1270,229,1499,0.1388
1263,229,1492,0.1388
1277,234,1511,0.1388
1266,237,1503,0.1388
1260,238,1498,0.1388
1268,234,1502,0.1388
1262,240,1502,0.1388
1253,235,1488,0.1388
1260,235,1495,0.1388
1254,232,1486,0.1388
1258,242,1500,0.1388
1254,241,1495,0.1388
1260,239,1499,0.1388
1263,236,1499,0.1388
1262,242,1504,0.1388
1262,242,1504,0.1388
1271,239,1510,0.1388
1260,238,1498,0.1388
1254,237,1491,0.1388
1260,235,1495,0.1388
1246,234,1480,0.1388
1263,240,1503,0.1388
1265,241,1506,0.1388
1271,241,1512,0.1388
1269,243,1512,0.1388
1260,241,1501,0.1388
1255,239,1494,0.1388
1256,237,1493,0.1388
1251,236,1487,0.1388
1251,235,1486,0.1388
1247,238,1485,0.1388
1248,237,1485,0.1388
1246,241,1487,0.1388
1243,244,1487,0.1388
1244,246,1490,0.1388
1234,247,1481,0.1388
1260,245,1505,0.1388
1259,247,1506,0.1388
1248,246,1494,0.1388
1249,245,1494,0.1388
1248,243,1491,0.1388
1251,244,1495,0.1388
1254,243,1497,0.1388
1257,245,1502,0.1388
1266,243,1509,0.1388
1267,247,1514,0.1388
1263,248,1511,0.1388
1271,246,1517,0.1388
1261,247,1508,0.1388
1247,247,1494,0.1388
1242,242,1484,0.1388
1234,245,1479,0.1388
1241,245,1486,0.1388
1246,247,1493,0.1388
1250,247,1497,0.1388
1245,246,1491,0.1388
1250,249,1499,0.1388
1258,254,1512,0.1388
1242,253,1495,0.1388
1246,255,1501,0.1388
1258,254,1512,0.1388
1249,253,1502,0.1388
1265,253,1518,0.1388
1254,255,1509,0.1388
1244,258,1502,0.1388
1238,256,1494,0.1388
1240,264,1504,0.1388
1238,265,1503,0.1388
1253,261,1514,0.1388
1251,257,1508,0.1388
1248,255,1503,0.1388
1246,256,1502,0.1388
1250,257,1507,0.1388
1244,254,1498,0.1388
1230,256,1486,0.1388
1238,260,1498,0.1388
1238,253,1491,0.1388
1233,254,1487,0.1388
1240,255,1495,0.1388
1230,258,1488,0.1388
1245,256,1501,0.1388
1245,253,1498,0.1388
1244,251,1495,0.1388
1252,250,1502,0.1388
1261,251,1512,0.1388
1276,249,1525,0.1388
1263,255,1518,0.1388
1251,257,1508,0.1388
1240,260,1500,0.1388
1252,261,1513,0.1388
1235,263,1498,0.1388
1233,267,1500,0.1388
1230,266,1496,0.1388
1244,265,1509,0.1388
1245,263,1508,0.1388
1243,264,1507,0.1388
1249,261,1510,0.1388
1243,265,1508,0.1388
1227,262,1489,0.1388
1225,262,1487,0.1388
1228,258,1486,0.1388
1230,256,1486,0.1388
1233,261,1494,0.1388
1234,268,1502,0.1388
1230,267,1497,0.1388
1223,266,1489,0.1388
1227,259,1486,0.1388
1229,256,1485,0.1388
1232,257,1489,0.1388
1234,261,1495,0.1388
1244,259,1503,0.1388
1243,260,1503,0.1388
1235,263,1498,0.1388
1240,263,1503,0.1388
1228,265,1493,0.1388
1239,264,1503,0.1388
1232,261,1493,0.1388
1233,265,1498,0.1388
1233,262,1495,0.1388
1216,263,1479,0.1388
1223,264,1487,0.1388
1224,268,1492,0.1388
1228,274,1502,0.1388
1227,269,1496,0.1388
1225,266,1491,0.1388
1215,269,1484,0.1388
1225,270,1495,0.1388
1226,266,1492,0.1388
1232,272,1504,0.1388
1217,270,1487,0.1388
1224,273,1497,0.1388
1228,268,1496,0.1388
1228,267,1495,0.1388
1229,263,1492,0.1388
1232,261,1493,0.1388
1223,270,1493,0.1388
1224,267,1491,0.1388
1227,266,1493,0.1388
1230,272,1502,0.1388
1231,268,1499,0.1388
1231,271,1502,0.1388
1226,270,1496,0.1388
1237,268,1505,0.1388
1231,267,1498,0.1388
1233,274,1507,0.1388
1220,280,1500,0.1388
1225,279,1504,0.1388
1226,276,1502,0.1388
1223,281,1504,0.1388
1230,279,1509,0.1388
1216,282,1498,0.1388
1213,284,1497,0.1388
1209,289,1498,0.1388
1198,284,1482,0.1388
1213,291,1504,0.1388
1203,292,1495,0.1388
1202,287,1489,0.1388
1191,285,1476,0.1388
1198,290,1488,0.1388
1196,292,1488,0.1388
1205,294,1499,0.1388
1194,292,1486,0.1388
1192,298,1490,0.1388
1186,303,1489,0.1388
1194,294,1488,0.1388
1207,303,1510,0.1388
1218,305,1523,0.1388
1213,306,1519,0.1388
1209,308,1517,0.1388
1208,312,1520,0.1388
1201,311,1512,0.1388
1199,310,1509,0.1388
1189,315,1504,0.1388
1192,321,1513,0.1388
1181,319,1500,0.1388
1176,319,1495,0.1388
1172,315,1487,0.1388
1171,316,1487,0.1388
1179,324,1503,0.1388
1181,320,1501,0.1388
1181,314,1495,0.1388
1178,319,1497,0.1388
1177,318,1495,0.1388
1178,314,1492,0.1388
1180,314,1494,0.1388
1178,315,1493,0.1388
1181,317,1498,0.1388
1175,315,1490,0.1388
1183,317,1500,0.1388
1181,315,1496,0.1388
1186,315,1501,0.1388
1186,318,1504,0.1388
1186,317,1503,0.1388
1185,319,1504,0.1388
1175,325,1500,0.1388
1178,324,1502,0.1388
1175,319,1494,0.1388
1167,317,1484,0.1388
1178,318,1496,0.1388
1178,327,1505,0.1388
1176,330,1506,0.1388
1178,331,1509,0.1388
1176,332,1508,0.1388
1182,334,1516,0.1388
1178,334,1512,0.1388
1170,338,1508,0.1388
1162,338,1500,0.1388
1164,340,1504,0.1388
1160,339,1499,0.1388
1154,336,1490,0.1388
1167,328,1495,0.1388
1152,336,1488,0.1388
1156,342,1498,0.1388
1153,337,1490,0.1388
1164,335,1499,0.1388
1160,334,1494,0.1388
1163,331,1494,0.1388
1163,328,1491,0.1388
1172,331,1503,0.1388
1168,329,1497,0.1388
1156,329,1485,0.1388
1170,332,1502,0.1388
1178,332,1510,0.1388
1175,331,1506,0.1388
1169,335,1504,0.1388
1171,332,1503,0.1388
1176,329,1505,0.1388
1168,327,1495,0.1388
1162,328,1490,0.1388
1160,332,1492,0.1388
1164,327,1491,0.1388
1162,326,1488,0.1388
1166,325,1491,0.1388
1173,330,1503,0.1388
1173,332,1505,0.1388
1170,336,1506,0.1388
1163,340,1503,0.1388
1151,335,1486,0.1388
1155,340,1495,0.1388
1170,334,1504,0.1388
1166,336,1502,0.1388
1158,333,1491,0.1388
1150,341,1491,0.1388
1154,337,1491,0.1388
1167,345,1512,0.1388
1152,342,1494,0.1388
1148,339,1487,0.1388
1154,342,1496,0.1388
1164,339,1503,0.1388
1174,341,1515,0.1388
1166,337,1503,0.1388
1181,336,1517,0.1388
1172,341,1513,0.1388
1160,333,1493,0.1388
1153,334,1487,0.1388
1155,338,1493,0.1388
1156,335,1491,0.1388
1150,337,1487,0.1388
1154,337,1491,0.1388
1151,343,1494,0.1388
1144,337,1481,0.1388
1151,339,1490,0.1388
1146,339,1485,0.1388
1133,337,1470,0.1388
1136,342,1478,0.1388
1143,343,1486,0.1388
1149,345,1494,0.1388
1157,345,1502,0.1388
1164,344,1508,0.1388
1167,344,1511,0.1388
1162,347,1509,0.1388
1149,345,1494,0.1388
1129,352,1481,0.1388
1144,351,1495,0.1388
1149,353,1502,0.1388
1132,354,1486,0.1388
1142,358,1500,0.1388
1142,358,1500,0.1388
1155,363,1518,0.1388
1155,362,1517,0.1388
1166,356,1522,0.1388
1162,358,1520,0.1388
1153,350,1503,0.1388
1152,344,1496,0.1388
1152,350,1502,0.1388
1150,351,1501,0.1388
1147,354,1501,0.1388
1143,351,1494,0.1388
1142,354,1496,0.1388
1135,357,1492,0.1388
1148,360,1508,0.1388
1133,361,1494,0.1388
1126,358,1484,0.1388
1130,360,1490,0.1388
1131,352,1483,0.1388
1126,349,1475,0.1388
1129,357,1486,0.1388
1132,361,1493,0.1388
1144,353,1497,0.1388
1146,353,1499,0.1388
1143,351,1494,0.1388
1145,351,1496,0.1388
1141,361,1502,0.1388
1145,358,1503,0.1388
1149,352,1501,0.1388
1149,355,1504,0.1388
1137,344,1481,0.1388
1130,348,1478,0.1388
1127,355,1482,0.1388
1140,363,1503,0.1388
1135,361,1496,0.1388
1135,367,1502,0.1388
1122,363,1485,0.1388
1129,366,1495,0.1388
1119,369,1488,0.1388
1132,368,1500,0.1388
1134,369,1503,0.1388
1134,375,1509,0.1388
1126,372,1498,0.1388
1138,368,1506,0.1388
1135,360,1495,0.1388
1137,361,1498,0.1388
1134,368,1502,0.1388
1132,374,1506,0.1388
1133,377,1510,0.1388
1135,372,1507,0.1388
1119,370,1489,0.1388
1112,376,1488,0.1388
1119,373,1492,0.1388
1123,374,1497,0.1388
1123,377,1500,0.1388
1121,377,1498,0.1388
1124,385,1509,0.1388
1115,388,1503,0.1388
1115,386,1501,0.1388
1106,379,1485,0.1388
1102,388,1490,0.1388
1106,390,1496,0.1388
1112,386,1498,0.1388
1103,387,1490,0.1388
1110,390,1500,0.1388
1108,395,1503,0.1388
1102,396,1498,0.1388
1098,399,1497,0.1388
1107,396,1503,0.1388
1104,393,1497,0.1388
1108,395,1503,0.1388
1101,400,1501,0.1388
1085,404,1489,0.1388
1086,404,1490,0.1388
1090,405,1495,0.1388
1087,404,1491,0.1388
1088,406,1494,0.1388
1086,404,1490,0.1388
1088,407,1495,0.1388
1080,405,1485,0.1388
1082,400,1482,0.1388
1090,405,1495,0.1388
1094,416,1510,0.1388
1087,420,1507,0.1388
1077,423,1500,0.1388
1077,416,1493,0.1388
1083,423,1506,0.1388
1083,426,1509,0.1388
1079,427,1506,0.1388
1081,427,1508,0.1388
1085,420,1505,0.1388
1088,416,1504,0.1388
1086,425,1511,0.1388
1082,431,1513,0.1388
1068,435,1503,0.1388
1077,437,1514,0.1388
1068,433,1501,0.1388
1067,441,1508,0.1388
1065,436,1501,0.1388
1065,436,1501,0.1388
1051,440,1491,0.1388
1055,435,1490,0.1388
1051,435,1486,0.1388
1052,441,1493,0.1388
1065,434,1499,0.1388
1051,442,1493,0.1388
1053,438,1491,0.1388
1057,439,1496,0.1388
1058,438,1496,0.1388
1054,444,1498,0.1388
1058,450,1508,0.1388
1050,459,1509,0.1388
1057,456,1513,0.1388
1048,452,1500,0.1388
1055,455,1510,0.1388
1040,446,1486,0.1388
1041,447,1488,0.1388
1037,450,1487,0.1388
1035,453,1488,0.1388
1026,454,1480,0.1388
1019,469,1488,0.1388
1027,457,1484,0.1388
1028,456,1484,0.1388
1035,455,1490,0.1388
1028,459,1487,0.1388
1024,464,1488,0.1388
1018,462,1480,0.1388
1026,475,1501,0.1388
1031,479,1510,0.1388
1032,482,1514,0.1388
1037,484,1521,0.1388
1024,481,1505,0.1388
1023,476,1499,0.1388
1018,479,1497,0.1388
1025,478,1503,0.1388
1032,477,1509,0.1388
1031,476,1507,0.1388
1040,476,1516,0.1388
1030,473,1503,0.1388
1035,466,1501,0.1388
1039,467,1506,0.1388
1031,475,1506,0.1388
1027,481,1508,0.1388
1012,482,1494,0.1388
1020,480,1500,0.1388
1022,476,1498,0.1388
1022,481,1503,0.1388
1021,478,1499,0.1388
1016,483,1499,0.1388
1020,476,1496,0.1388
1012,475,1487,0.1388
1010,483,1493,0.1388
1010,484,1494,0.1388
1009,488,1497,0.1388
1012,488,1500,0.1388
1006,488,1494,0.1388
1013,484,1497,0.1388
1016,481,1497,0.1388
1014,482,1496,0.1388
1013,480,1493,0.1388
1007,480,1487,0.1388
1010,486,1496,0.1388
1015,487,1502,0.1388
1015,490,1505,0.1388
1014,489,1503,0.1388
1011,484,1495,0.1388
1010,483,1493,0.1388
1005,494,1499,0.1388
1007,495,1502,0.1388
1007,496,1503,0.1388
1010,508,1518,0.1388
1004,511,1515,0.1388
1009,513,1522,0.1388
1009,509,1518,0.1388
999,509,1508,0.1388
982,513,1495,0.1388
984,518,1502,0.1388
978,519,1497,0.1388
982,515,1497,0.1388
989,501,1490,0.1388
990,500,1490,0.1388
994,504,1498,0.1388
1001,509,1510,0.1388
1009,509,1518,0.1388
1007,506,1513,0.1388
986,505,1491,0.1388
985,506,1491,0.1388
991,501,1492,0.1388
992,508,1500,0.1388
989,516,1505,0.1388
976,514,1490,0.1388
968,523,1491,0.1388
961,523,1484,0.1388
962,527,1489,0.1388
961,528,1489,0.1388
962,535,1497,0.1388
971,532,1503,0.1388
974,529,1503,0.1388
975,527,1502,0.1388
979,526,1505,0.1388
975,525,1500,0.1388
981,527,1508,0.1388
979,528,1507,0.1388
973,535,1508,0.1388
965,536,1501,0.1388
969,531,1500,0.1388
959,528,1487,0.1388
963,535,1498,0.1388
965,532,1497,0.1388
961,531,1492,0.1388
975,532,1507,0.1388
978,524,1502,0.1388
977,534,1511,0.1388
976,535,1511,0.1388
960,532,1492,0.1388
954,531,1485,0.1388
972,530,1502,0.1388
969,530,1499,0.1388
983,529,1512,0.1388
986,526,1512,0.1388
992,531,1523,0.1388
998,525,1523,0.1388
994,524,1518,0.1388
994,521,1515,0.1388
1001,521,1522,0.1388
987,528,1515,0.1388
980,523,1503,0.1388
983,513,1496,0.1388
983,516,1499,0.1388
988,519,1507,0.1388
986,524,1510,0.1388
980,531,1511,0.1388
989,525,1514,0.1388
983,524,1507,0.1388
977,522,1499,0.1388
982,522,1504,0.1388
986,524,1510,0.1388
974,530,1504,0.1388
973,537,1510,0.1388
969,526,1495,0.1388
971,519,1490,0.1388
969,526,1495,0.1388
967,528,1495,0.1388
955,539,1494,0.1388
947,540,1487,0.1388
957,531,1488,0.1388
969,539,1508,0.1388
983,540,1523,0.1388
968,537,1505,0.1388
948,542,1490,0.1388
946,547,1493,0.1388
960,542,1502,0.1388
956,540,1496,0.1388
941,532,1473,0.1388
948,540,1488,0.1388
948,539,1487,0.1388
961,538,1499,0.1388
959,542,1501,0.1388
954,540,1494,0.1388
954,536,1490,0.1388
949,540,1489,0.1388
953,541,1494,0.1388
943,536,1479,0.1388
945,536,1481,0.1388
937,540,1477,0.1388
949,550,1499,0.1388
943,552,1495,0.1388
955,556,1511,0.1388
952,543,1495,0.1388
955,544,1499,0.1388
954,550,1504,0.1388
964,550,1514,0.1388
961,547,1508,0.1388
968,547,1515,0.1388
958,541,1499,0.1388
960,545,1505,0.1388
949,556,1505,0.1388
953,554,1507,0.1388
951,551,1502,0.1388
950,552,1502,0.1388
943,553,1496,0.1388
948,555,1503,0.1388
946,560,1506,0.1388
933,559,1492,0.1388
929,560,1489,0.1388
930,558,1488,0.1388
933,561,1494,0.1388
926,572,1498,0.1388
934,574,1508,0.1388
929,576,1505,0.1388
924,568,1492,0.1388
937,574,1511,0.1388
924,570,1494,0.1388
924,565,1489,0.1388
939,570,1509,0.1388
932,566,1498,0.1388
919,579,1498,0.1388
920,579,1499,0.1388
922,579,1501,0.1388
921,586,1507,0.1388
921,586,1507,0.1388
926,587,1513,0.1388
932,584,1516,0.1388
931,584,1515,0.1388
915,576,1491,0.1388
910,580,1490,0.1388
910,577,1487,0.1388
920,574,1494,0.1388
921,578,1499,0.1388
928,594,1522,0.1388
918,590,1508,0.1388
908,595,1503,0.1388
909,593,1502,0.1388
920,595,1515,0.1388
917,595,1512,0.1388
918,595,1513,0.1388
918,580,1498,0.1388
904,587,1491,0.1388
909,595,1504,0.1388
899,596,1495,0.1388
895,598,1493,0.1388
907,610,1517,0.1388
897,605,1502,0.1388
901,606,1507,0.1388
883,611,1494,0.1388
885,606,1491,0.1388
893,601,1494,0.1388
885,611,1496,0.1388
889,613,1502,0.1388
889,618,1507,0.1388
897,626,1523,0.1388
893,621,1514,0.1388
902,622,1524,0.1388
887,619,1506,0.1388
888,615,1503,0.1388
886,610,1496,0.1388
888,609,1497,0.1388
897,617,1514,0.1388
887,618,1505,0.1388
878,619,1497,0.1388
870,620,1490,0.1388
863,617,1480,0.1388
865,617,1482,0.1388
869,621,1490,0.1388
877,628,1505,0.1388
872,624,1496,0.1388
870,630,1500,0.1388
876,622,1498,0.1388
878,634,1512,0.1388
874,625,1499,0.1388
879,621,1500,0.1388
879,624,1503,0.1388
870,626,1496,0.1388
871,632,1503,0.1388
866,627,1493,0.1388
870,625,1495,0.1388
864,637,1501,0.1388
862,641,1503,0.1388
873,631,1504,0.1388
871,624,1495,0.1388
869,622,1491,0.1388
870,629,1499,0.1388
874,636,1510,0.1388
875,637,1512,0.1388
865,630,1495,0.1388
858,635,1493,0.1388
864,640,1504,0.1388
861,640,1501,0.1388
859,647,1506,0.1388
864,649,1513,0.1388
862,655,1517,0.1388
866,652,1518,0.1388
857,652,1509,0.1388
855,653,1508,0.1388
850,654,1504,0.1388
846,641,1487,0.1388
841,643,1484,0.1388
838,638,1476,0.1388
840,636,1476,0.1388
841,639,1480,0.1388
847,657,1504,0.1388
840,665,1505,0.1388
852,670,1522,0.1388
841,678,1519,0.1388
834,677,1511,0.1388
832,679,1511,0.1388
828,682,1510,0.1388
823,674,1497,0.1388
820,681,1501,0.1388
815,678,1493,0.1388
812,683,1495,0.1388
813,671,1484,0.1388
821,669,1490,0.1388
824,674,1498,0.1388
828,684,1512,0.1388
826,681,1507,0.1388
821,685,1506,0.1388
816,683,1499,0.1388
812,681,1493,0.1388
803,699,1502,0.1388
799,693,1492,0.1388
802,698,1500,0.1388
809,691,1500,0.1388
808,692,1500,0.1388
802,696,1498,0.1388
802,691,1493,0.1388
805,687,1492,0.1388
806,694,1500,0.1388
810,689,1499,0.1388
808,690,1498,0.1388
807,684,1491,0.1388
809,688,1497,0.1388
804,688,1492,0.1388
808,697,1505,0.1388
806,699,1505,0.1388
803,695,1498,0.1388
806,701,1507,0.1388
804,704,1508,0.1388
807,704,1511,0.1388
802,708,1510,0.1388
795,704,1499,0.1388
790,696,1486,0.1388
788,697,1485,0.1388
797,691,1488,0.1388
800,697,1497,0.1388
803,698,1501,0.1388
794,700,1494,0.1388
797,704,1501,0.1388
798,705,1503,0.1388
794,712,1506,0.1388
805,705,1510,0.1388
810,712,1522,0.1388
811,705,1516,0.1388
803,711,1514,0.1388
786,701,1487,0.1388
802,700,1502,0.1388
800,699,1499,0.1388
799,689,1488,0.1388
795,693,1488,0.1388
789,701,1490,0.1388
794,702,1496,0.1388
796,710,1506,0.1388
797,712,1509,0.1388
793,707,1500,0.1388
794,708,1502,0.1388
796,708,1504,0.1388
798,698,1496,0.1388
794,707,1501,0.1388
789,705,1494,0.1388
795,701,1496,0.1388
793,702,1495,0.1388
790,706,1496,0.1388
792,708,1500,0.1388
784,714,1498,0.1388
780,733,1513,0.1388
787,724,1511,0.1388
787,725,1512,0.1388
793,719,1512,0.1388
795,717,1512,0.1388
789,716,1505,0.1388
793,716,1509,0.1388
786,722,1508,0.1388
783,727,1510,0.1388
783,727,1510,0.1388
770,720,1490,0.1388
778,718,1496,0.1388
784,723,1507,0.1388
775,727,1502,0.1388
774,730,1504,0.1388
773,729,1502,0.1388
773,727,1500,0.1388
771,718,1489,0.1388
772,723,1495,0.1388
774,737,1511,0.1388
778,726,1504,0.1388
773,729,1502,0.1388
761,730,1491,0.1388
773,726,1499,0.1388
769,731,1500,0.1388
763,742,1505,0.1388
772,744,1516,0.1388
765,739,1504,0.1388
760,747,1507,0.1388
753,759,1512,0.1388
751,755,1506,0.1388
757,758,1515,0.1388
758,744,1502,0.1388
757,757,1514,0.1388
754,758,1512,0.1388
747,756,1503,0.1388
749,764,1513,0.1388
748,765,1513,0.1388
750,759,1509,0.1388
752,771,1523,0.1388
751,767,1518,0.1388
740,776,1516,0.1388
745,772,1517,0.1388
747,761,1508,0.1388
736,761,1497,0.1388
728,761,1489,0.1388
720,766,1486,0.1388
733,763,1496,0.1388
737,762,1499,0.1388
747,773,1520,0.1388
743,774,1517,0.1388
740,772,1512,0.1388
736,771,1507,0.1388
736,764,1500,0.1388
734,767,1501,0.1388
735,763,1498,0.1388
729,762,1491,0.1388
722,763,1485,0.1388
733,762,1495,0.1388
734,777,1511,0.1388
730,781,1511,0.1388
733,781,1514,0.1388
737,775,1512,0.1388
735,770,1505,0.1388
740,766,1506,0.1388
741,769,1510,0.1388
744,767,1511,0.1388
752,761,1513,0.1388
748,770,1518,0.1388
748,767,1515,0.1388
736,765,1501,0.1388
739,766,1505,0.1388
735,758,1493,0.1388
736,771,1507,0.1388
728,775,1503,0.1388
726,784,1510,0.1388
729,776,1505,0.1388
735,782,1517,0.1388
733,780,1513,0.1388
728,783,1511,0.1388
731,772,1503,0.1388
729,774,1503,0.1388
721,769,1490,0.1388
716,783,1499,0.1388
724,777,1501,0.1388
725,779,1504,0.1388
725,772,1497,0.1388
732,777,1509,0.1388
727,781,1508,0.1388
721,785,1506,0.1388
712,788,1500,0.1388
710,794,1504,0.1388
707,791,1498,0.1388
708,788,1496,0.1388
701,794,1495,0.1388
690,802,1492,0.1388
692,804,1496,0.1388
704,810,1514,0.1388
704,791,1495,0.1388
718,795,1513,0.1388
709,801,1510,0.1388
706,799,1505,0.1388
710,793,1503,0.1388
713,791,1504,0.1388
705,797,1502,0.1388
712,802,1514,0.1388
716,796,1512,0.1388
712,791,1503,0.1388
711,794,1505,0.1388
696,797,1493,0.1388
703,791,1494,0.1388
703,785,1488,0.1388
708,786,1494,0.1388
720,792,1512,0.1388
718,786,1504,0.1388
724,791,1515,0.1388
725,793,1518,0.1388
722,790,1512,0.1388
719,792,1511,0.1388
711,801,1512,0.1388
698,798,1496,0.1388
698,802,1500,0.1388
689,797,1486,0.1388
692,791,1483,0.1388
688,800,1488,0.1388
677,807,1484,0.1388
685,812,1497,0.1388
696,801,1497,0.1388
696,806,1502,0.1388
681,813,1494,0.1388
682,813,1495,0.1388
686,820,1506,0.1388
675,832,1507,0.1388
670,832,1502,0.1388
673,831,1504,0.1388
661,837,1498,0.1388
667,833,1500,0.1388
668,844,1512,0.1388
667,836,1503,0.1388
658,839,1497,0.1388
650,840,1490,0.1388
644,854,1498,0.1388
647,857,1504,0.1388
647,866,1513,0.1388
645,863,1508,0.1388
642,873,1515,0.1388
639,869,1508,0.1388
639,857,1496,0.1388
638,865,1503,0.1388
634,853,1487,0.1388
640,857,1497,0.1388
641,853,1494,0.1388
645,861,1506,0.1388
648,868,1516,0.1388
640,870,1510,0.1388
635,879,1514,0.1388
634,870,1504,0.1388
632,870,1502,0.1388
633,865,1498,0.1388
623,869,1492,0.1388
620,871,1491,0.1388
623,866,1489,0.1388
622,877,1499,0.1388
633,874,1507,0.1388
632,878,1510,0.1388
629,873,1502,0.1388
630,872,1502,0.1388
618,872,1490,0.1388
623,870,1493,0.1388
620,869,1489,0.1388
630,872,1502,0.1388
631,877,1508,0.1388
643,881,1524,0.1388
635,887,1522,0.1388
628,881,1509,0.1388
625,881,1506,0.1388
635,881,1516,0.1388
628,883,1511,0.1388
625,881,1506,0.1388
613,890,1503,0.1388
602,901,1503,0.1388
600,904,1504,0.1388
604,902,1506,0.1388
605,897,1502,0.1388
601,894,1495,0.1388
600,898,1498,0.1388
601,905,1506,0.1388
605,909,1514,0.1388
601,905,1506,0.1388
592,912,1504,0.1388
595,918,1513,0.1388
597,921,1518,0.1388
595,920,1515,0.1388
592,929,1521,0.1388
596,924,1520,0.1388
592,931,1523,0.1388
581,938,1519,0.1388
581,931,1512,0.1388
580,927,1507,0.1388
586,925,1511,0.1388
591,931,1522,0.1388
594,935,1529,0.1388
584,930,1514,0.1388
583,937,1520,0.1388
582,940,1522,0.1388
582,932,1514,0.1388
591,929,1520,0.1388
583,925,1508,0.1388
578,934,1512,0.1388
572,943,1515,0.1388
569,943,1512,0.1388
568,942,1510,0.1388
568,946,1514,0.1388
564,951,1515,0.1388
567,955,1522,0.1388
566,954,1520,0.1388
567,946,1513,0.1388
567,948,1515,0.1388
568,959,1527,0.1388
565,955,1520,0.1388
571,934,1505,0.1388
565,933,1498,0.1388
563,946,1509,0.1388
564,938,1502,0.1388
563,937,1500,0.1388
555,938,1493,0.1388
548,942,1490,0.1388
558,943,1501,0.1388
563,950,1513,0.1388
568,950,1518,0.1388
567,948,1515,0.1388
561,944,1505,0.1388
567,944,1511,0.1388
569,953,1522,0.1388
562,941,1503,0.1388
565,955,1520,0.1388
564,960,1524,0.1388
562,958,1520,0.1388
550,949,1499,0.1388
552,950,1502,0.1388
560,955,1515,0.1388
555,949,1504,0.1388
551,952,1503,0.1388
548,953,1501,0.1388
549,953,1502,0.1388
551,958,1509,0.1388
550,959,1509,0.1388
551,959,1510,0.1388
544,964,1508,0.1388
545,971,1516,0.1388
535,967,1502,0.1388
539,953,1492,0.1388
544,959,1503,0.1388
549,953,1502,0.1388
539,958,1497,0.1388
534,957,1491,0.1388
526,965,1491,0.1388
534,969,1503,0.1388
538,970,1508,0.1388
536,975,1511,0.1388
525,976,1501,0.1388
530,974,1504,0.1388
531,980,1511,0.1388
528,979,1507,0.1388
523,978,1501,0.1388
528,980,1508,0.1388
525,977,1502,0.1388
526,983,1509,0.1388
519,983,1502,0.1388
517,990,1507,0.1388
522,986,1508,0.1388
527,980,1507,0.1388
527,991,1518,0.1388
518,991,1509,0.1388
529,986,1515,0.1388
521,987,1508,0.1388
519,985,1504,0.1388
519,992,1511,0.1388
525,984,1509,0.1388
523,989,1512,0.1388
521,994,1515,0.1388
521,995,1516,0.1388
524,995,1519,0.1388
520,997,1517,0.1388
513,997,1510,0.1388
515,988,1503,0.1388
510,991,1501,0.1388
514,990,1504,0.1388
518,993,1511,0.1388
524,986,1510,0.1388
521,998,1519,0.1388
517,997,1514,0.1388
513,993,1506,0.1388
511,986,1497,0.1388
510,996,1506,0.1388
507,1000,1507,0.1388
514,996,1510,0.1388
507,992,1499,0.1388
511,987,1498,0.1388
509,996,1505,0.1388
508,1002,1510,0.1388
504,1001,1505,0.1388
510,994,1504,0.1388
512,995,1507,0.1388
504,1007,1511,0.1388
507,1017,1524,0.1388
508,1010,1518,0.1388
507,1007,1514,0.1388
502,1009,1511,0.1388
499,995,1494,0.1388
498,996,1494,0.1388
508,990,1498,0.1388
507,996,1503,0.1388
503,1002,1505,0.1388
508,1011,1519,0.1388
497,1024,1521,0.1388
494,1012,1506,0.1388
491,1020,1511,0.1388
487,1019,1506,0.1388
495,1025,1520,0.1388
490,1018,1508,0.1388
489,1014,1503,0.1388
496,1019,1515,0.1388
488,1014,1502,0.1388
490,1019,1509,0.1388
491,1026,1517,0.1388
486,1025,1511,0.1388
485,1027,1512,0.1388
477,1016,1493,0.1388
475,1023,1498,0.1388
483,1016,1499,0.1388
479,1029,1508,0.1388
486,1037,1523,0.1388
478,1030,1508,0.1388
473,1023,1496,0.1388
470,1019,1489,0.1388
468,1024,1492,0.1388
469,1037,1506,0.1388
464,1037,1501,0.1388
475,1031,1506,0.1388
476,1033,1509,0.1388
474,1032,1506,0.1388
474,1028,1502,0.1388
483,1027,1510,0.1388
487,1026,1513,0.1388
489,1030,1519,0.1388
490,1030,1520,0.1388
489,1021,1510,0.1388
487,1027,1514,0.1388
485,1024,1509,0.1388
486,1018,1504,0.1388
498,1018,1516,0.1388
498,1011,1509,0.1388
497,1009,1506,0.1388
497,1021,1518,0.1388
490,1018,1508,0.1388
491,1024,1515,0.1388
483,1011,1494,0.1388
480,1019,1499,0.1388
488,1029,1517,0.1388
494,1026,1520,0.1388
493,1034,1527,0.1388
485,1030,1515,0.1388
476,1029,1505,0.1388
479,1022,1501,0.1388
479,1034,1513,0.1388
476,1030,1506,0.1388
473,1033,1506,0.1388
471,1037,1508,0.1388
474,1032,1506,0.1388
472,1033,1505,0.1388
475,1036,1511,0.1388
475,1034,1509,0.1388
473,1031,1504,0.1388
479,1022,1501,0.1388
480,1018,1498,0.1388
483,1025,1508,0.1388
479,1027,1506,0.1388
486,1027,1513,0.1388
485,1021,1506,0.1388
490,1024,1514,0.1388
490,1032,1522,0.1388
495,1031,1526,0.1388
489,1034,1523,0.1388
480,1031,1511,0.1388
476,1028,1504,0.1388
484,1028,1512,0.1388
485,1033,1518,0.1388
483,1031,1514,0.1388
482,1025,1507,0.1388
475,1029,1504,0.1388
477,1026,1503,0.1388
474,1021,1495,0.1388
482,1028,1510,0.1388
484,1023,1507,0.1388
484,1027,1511,0.1388
485,1026,1511,0.1388
479,1017,1496,0.1388
483,1012,1495,0.1388
485,1015,1500,0.1388
488,1025,1513,0.1388
487,1021,1508,0.1388
491,1020,1511,0.1388
481,1008,1489,0.1388
479,1019,1498,0.1388
480,1018,1498,0.1388
477,1027,1504,0.1388
482,1026,1508,0.1388
482,1031,1513,0.1388
478,1035,1513,0.1388
485,1033,1518,0.1388
484,1032,1516,0.1388
473,1029,1502,0.1388
480,1029,1509,0.1388
482,1026,1508,0.1388
479,1039,1518,0.1388
478,1032,1510,0.1388
475,1029,1504,0.1388
467,1032,1499,0.1388
461,1036,1497,0.1388
468,1048,1516,0.1388
467,1047,1514,0.1388
463,1060,1523,0.1388
454,1060,1514,0.1388
454,1067,1521,0.1388
463,1051,1514,0.1388
457,1057,1514,0.1388
456,1045,1501,0.1388
457,1049,1506,0.1388
453,1049,1502,0.1388
451,1056,1507,0.1388
452,1061,1513,0.1388
456,1050,1506,0.1388
456,1043,1499,0.1388
449,1047,1496,0.1388
447,1055,1502,0.1388
445,1050,1495,0.1388
447,1056,1503,0.1388
440,1057,1497,0.1388
454,1055,1509,0.1388
446,1070,1516,0.1388
445,1071,1516,0.1388
451,1071,1522,0.1388
454,1075,1529,0.1388
451,1067,1518,0.1388
449,1074,1523,0.1388
445,1076,1521,0.1388
438,1069,1507,0.1388
444,1072,1516,0.1388
440,1066,1506,0.1388
435,1070,1505,0.1388
438,1064,1502,0.1388
437,1070,1507,0.1388
440,1079,1519,0.1388
447,1073,1520,0.1388
448,1069,1517,0.1388
436,1064,1500,0.1388
451,1074,1525,0.1388
448,1071,1519,0.1388
442,1072,1514,0.1388
443,1083,1526,0.1388
442,1074,1516,0.1388
440,1063,1503,0.1388
436,1067,1503,0.1388
434,1073,1507,0.1388
428,1076,1504,0.1388
431,1078,1509,0.1388
437,1075,1512,0.1388
441,1073,1514,0.1388
434,1077,1511,0.1388
434,1082,1516,0.1388
440,1079,1519,0.1388
439,1082,1521,0.1388
436,1082,1518,0.1388
444,1072,1516,0.1388
448,1072,1520,0.1388
435,1063,1498,0.1388
433,1078,1511,0.1388
435,1078,1513,0.1388
427,1081,1508,0.1388
432,1079,1511,0.1388
425,1073,1498,0.1388
425,1079,1504,0.1388
424,1075,1499,0.1388
428,1071,1499,0.1388
429,1079,1508,0.1388
424,1068,1492,0.1388
423,1067,1490,0.1388
423,1083,1506,0.1388
420,1093,1513,0.1388
416,1104,1520,0.1388
419,1095,1514,0.1388
419,1101,1520,0.1388
413,1100,1513,0.1388
408,1104,1512,0.1388
409,1104,1513,0.1388
409,1103,1512,0.1388
411,1102,1513,0.1388
409,1095,1504,0.1388
407,1097,1504,0.1388
413,1101,1514,0.1388
406,1103,1509,0.1388
402,1114,1516,0.1388
400,1113,1513,0.1388
398,1112,1510,0.1388
398,1118,1516,0.1388
393,1123,1516,0.1388
396,1112,1508,0.1388
389,1112,1501,0.1388
389,1106,1495,0.1388
389,1111,1500,0.1388
387,1122,1509,0.1388
385,1121,1506,0.1388
382,1121,1503,0.1388
386,1116,1502,0.1388
383,1120,1503,0.1388
381,1125,1506,0.1388
380,1123,1503,0.1388
375,1118,1493,0.1388
379,1124,1503,0.1388
376,1144,1520,0.1388
375,1131,1506,0.1388
370,1144,1514,0.1388
370,1136,1506,0.1388
373,1147,1520,0.1388
377,1148,1525,0.1388
381,1144,1525,0.1388
386,1137,1523,0.1388
390,1134,1524,0.1388
388,1133,1521,0.1388
386,1138,1524,0.1388
385,1140,1525,0.1388
380,1137,1517,0.1388
368,1134,1502,0.1388
367,1134,1501,0.1388
361,1141,1502,0.1388
364,1143,1507,0.1388
368,1148,1516,0.1388
370,1136,1506,0.1388
373,1134,1507,0.1388
375,1134,1509,0.1388
370,1135,1505,0.1388
362,1136,1498,0.1388
359,1132,1491,0.1388
364,1134,1498,0.1388
368,1124,1492,0.1388
373,1133,1506,0.1388
372,1141,1513,0.1388
365,1148,1513,0.1388
358,1166,1524,0.1388
360,1163,1523,0.1388
365,1160,1525,0.1388
362,1167,1529,0.1388
363,1163,1526,0.1388
352,1157,1509,0.1388
348,1153,1501,0.1388
344,1159,1503,0.1388
333,1165,1498,0.1388
332,1174,1506,0.1388
335,1187,1522,0.1388
336,1183,1519,0.1388
333,1184,1517,0.1388
329,1175,1504,0.1388
332,1181,1513,0.1388
331,1180,1511,0.1388
324,1189,1513,0.1388
327,1186,1513,0.1388
323,1186,1509,0.1388
325,1181,1506,0.1388
318,1188,1506,0.1388
325,1187,1512,0.1388
327,1197,1524,0.1388
322,1190,1512,0.1388
322,1192,1514,0.1388
316,1196,1512,0.1388
310,1196,1506,0.1388
312,1187,1499,0.1388
318,1196,1514,0.1388
323,1192,1515,0.1388
319,1189,1508,0.1388
323,1176,1499,0.1388
313,1192,1505,0.1388
315,1193,1508,0.1388
314,1197,1511,0.1388
309,1196,1505,0.1388
306,1192,1498,0.1388
307,1198,1505,0.1388
309,1196,1505,0.1388
307,1203,1510,0.1388
307,1189,1496,0.1388
309,1198,1507,0.1388
303,1201,1504,0.1388
295,1212,1507,0.1388
299,1208,1507,0.1388
298,1207,1505,0.1388
304,1212,1516,0.1388
309,1225,1534,0.1388
308,1220,1528,0.1388
304,1216,1520,0.1388
309,1221,1530,0.1388
302,1214,1516,0.1388
301,1207,1508,0.1388
302,1198,1500,0.1388
299,1202,1501,0.1388
303,1204,1507,0.1388
303,1199,1502,0.1388
303,1195,1498,0.1388
298,1196,1494,0.1388
299,1223,1522,0.1388
293,1223,1516,0.1388
288,1224,1512,0.1388
290,1224,1514,0.1388
290,1224,1514,0.1388
291,1221,1512,0.1388
287,1216,1503,0.1388
294,1208,1502,0.1388
293,1213,1506,0.1388
291,1221,1512,0.1388
290,1219,1509,0.1388
289,1229,1518,0.1388
286,1237,1523,0.1388
283,1238,1521,0.1388
280,1227,1507,0.1388
278,1217,1495,0.1388
276,1230,1506,0.1388
280,1227,1507,0.1388
276,1221,1497,0.1388
278,1222,1500,0.1388
279,1232,1511,0.1388
278,1239,1517,0.1388
277,1241,1518,0.1388
278,1234,1512,0.1388
272,1234,1506,0.1388
270,1246,1516,0.1388
266,1248,1514,0.1388
263,1251,1514,0.1388
268,1249,1517,0.1388
268,1237,1505,0.1388
265,1243,1508,0.1388
264,1239,1503,0.1388
260,1241,1501,0.1388
261,1240,1501,0.1388
261,1236,1497,0.1388
263,1246,1509,0.1388
260,1247,1507,0.1388
254,1262,1516,0.1388
257,1263,1520,0.1388
256,1262,1518,0.1388
255,1262,1517,0.1388
253,1254,1507,0.1388
252,1249,1501,0.1388
251,1253,1504,0.1388
253,1251,1504,0.1388
251,1257,1508,0.1388
253,1273,1526,0.1388
254,1269,1523,0.1388
259,1282,1541,0.1388
258,1271,1529,0.1388
259,1262,1521,0.1388
254,1265,1519,0.1388
255,1272,1527,0.1388
254,1269,1523,0.1388
254,1279,1533,0.1388
251,1278,1529,0.1388
251,1283,1534,0.1388
251,1277,1528,0.1388
244,1270,1514,0.1388
241,1270,1511,0.1388
243,1262,1505,0.1388
238,1255,1493,0.1388
233,1256,1489,0.1388
235,1258,1493,0.1388
236,1266,1502,0.1388
240,1259,1499,0.1388
244,1257,1501,0.1388
244,1252,1496,0.1388
240,1253,1493,0.1388
239,1267,1506,0.1388
237,1262,1499,0.1388
237,1252,1489,0.1388
241,1271,1512,0.1388
242,1281,1523,0.1388
239,1269,1508,0.1388
245,1268,1513,0.1388
245,1268,1513,0.1388
240,1264,1504,0.1388
234,1265,1499,0.1388
235,1282,1517,0.1388
233,1273,1506,0.1388
237,1273,1510,0.1388
239,1273,1512,0.1388
233,1276,1509,0.1388
238,1267,1505,0.1388
239,1260,1499,0.1388
236,1273,1509,0.1388
234,1261,1495,0.1388
231,1270,1501,0.1388
228,1280,1508,0.1388
228,1269,1497,0.1388
229,1280,1509,0.1388
234,1279,1513,0.1388
227,1280,1507,0.1388
223,1291,1514,0.1388
225,1282,1507,0.1388
231,1274,1505,0.1388
230,1271,1501,0.1388
230,1273,1503,0.1388
234,1269,1503,0.1388
232,1271,1503,0.1388
234,1271,1505,0.1388
231,1280,1511,0.1388
232,1285,1517,0.1388
227,1283,1510,0.1388
230,1296,1526,0.1388
229,1283,1512,0.1388
232,1279,1511,0.1388
230,1288,1518,0.1388
228,1294,1522,0.1388
230,1285,1515,0.1388
230,1292,1522,0.1388
227,1277,1504,0.1388
225,1285,1510,0.1388
225,1300,1525,0.1388
228,1291,1519,0.1388
227,1290,1517,0.1388
226,1281,1507,0.1388
226,1273,1499,0.1388
226,1275,1501,0.1388
229,1270,1499,0.1388
230,1266,1496,0.1388
234,1278,1512,0.1388
234,1265,1499,0.1388
235,1284,1519,0.1388
233,1282,1515,0.1388
232,1286,1518,0.1388
231,1287,1518,0.1388
231,1271,1502,0.1388
229,1274,1503,0.1388
226,1272,1498,0.1388
232,1270,1502,0.1388
225,1283,1508,0.1388
222,1288,1510,0.1388
231,1284,1515,0.1388
230,1282,1512,0.1388
231,1275,1506,0.1388
231,1275,1506,0.1388
231,1275,1506,0.1388
237,1288,1525,0.1388
233,1286,1519,0.1388
232,1279,1511,0.1388
233,1263,1496,0.1388
230,1255,1485,0.1388
225,1272,1497,0.1388
225,1280,1505,0.1388
225,1283,1508,0.1388
224,1284,1508,0.1388
230,1274,1504,0.1388
235,1268,1503,0.1388
234,1276,1510,0.1388
235,1284,1519,0.1388
234,1283,1517,0.1388
236,1288,1524,0.1388
238,1282,1520,0.1388
238,1274,1512,0.1388
235,1280,1515,0.1388
230,1292,1522,0.1388
228,1275,1503,0.1388
227,1278,1505,0.1388
224,1278,1502,0.1388
224,1280,1504,0.1388
220,1280,1500,0.1388
227,1291,1518,0.1388
225,1290,1515,0.1388
230,1278,1508,0.1388
225,1281,1506,0.1388
225,1276,1501,0.1388
223,1281,1504,0.1388
225,1282,1507,0.1388
228,1283,1511,0.1388
227,1285,1512,0.1388
227,1289,1516,0.1388
228,1273,1501,0.1388
224,1272,1496,0.1388
226,1273,1499,0.1388
224,1286,1510,0.1388
224,1290,1514,0.1388
224,1276,1500,0.1388
227,1278,1505,0.1388
230,1279,1509,0.1388
229,1275,1504,0.1388
229,1284,1513,0.1388
230,1274,1504,0.1388
234,1277,1511,0.1388
226,1280,1506,0.1388
225,1288,1513,0.1388
222,1286,1508,0.1388
217,1275,1492,0.1388
220,1288,1508,0.1388
223,1289,1512,0.1388
220,1296,1516,0.1388
224,1300,1524,0.1388
225,1303,1528,0.1388
220,1296,1516,0.1388
220,1302,1522,0.1388
218,1295,1513,0.1388
216,1299,1515,0.1388
213,1295,1508,0.1388
215,1293,1508,0.1388
217,1300,1517,0.1388
221,1296,1517,0.1388
227,1302,1529,0.1388
222,1304,1526,0.1388
225,1305,1530,0.1388
222,1284,1506,0.1388
219,1284,1503,0.1388
218,1299,1517,0.1388
217,1302,1519,0.1388
218,1303,1521,0.1388
223,1303,1526,0.1388
219,1292,1511,0.1388
218,1274,1492,0.1388
221,1280,1501,0.1388
222,1283,1505,0.1388
217,1263,1480,0.1388
217,1292,1509,0.1388
214,1294,1508,0.1388
214,1284,1498,0.1388
219,1282,1501,0.1388
217,1282,1499,0.1388
220,1294,1514,0.1388
219,1296,1515,0.1388
220,1302,1522,0.1388
221,1300,1521,0.1388
214,1292,1506,0.1388
214,1306,1520,0.1388
205,1308,1513,0.1388
208,1302,1510,0.1388
208,1295,1503,0.1388
207,1300,1507,0.1388
204,1290,1494,0.1388
205,1298,1503,0.1388
210,1300,1510,0.1388
201,1306,1507,0.1388
196,1319,1515,0.1388
201,1306,1507,0.1388
201,1307,1508,0.1388
204,1316,1520,0.1388
198,1304,1502,0.1388
194,1315,1509,0.1388
195,1311,1506,0.1388
194,1317,1511,0.1388
193,1322,1515,0.1388
188,1319,1507,0.1388
185,1314,1499,0.1388
191,1312,1503,0.1388
191,1319,1510,0.1388
193,1308,1501,0.1388
196,1314,1510,0.1388
194,1319,1513,0.1388
193,1336,1529,0.1388
187,1324,1511,0.1388
189,1319,1508,0.1388
184,1322,1506,0.1388
185,1313,1498,0.1388
187,1323,1510,0.1388
182,1336,1518,0.1388
182,1343,1525,0.1388
184,1338,1522,0.1388
188,1337,1525,0.1388
191,1340,1531,0.1388
188,1340,1528,0.1388
190,1348,1538,0.1388
186,1334,1520,0.1388
181,1331,1512,0.1388
182,1333,1515,0.1388
184,1335,1519,0.1388
182,1328,1510,0.1388
175,1342,1517,0.1388
174,1341,1515,0.1388
180,1337,1517,0.1388
179,1345,1524,0.1388
182,1347,1529,0.1388
183,1342,1525,0.1388
185,1333,1518,0.1388
181,1332,1513,0.1388
179,1326,1505,0.1388
176,1336,1512,0.1388
177,1346,1523,0.1388
175,1339,1514,0.1388
175,1338,1513,0.1388
172,1350,1522,0.1388
173,1348,1521,0.1388
171,1348,1519,0.1388
169,1349,1518,0.1388
170,1347,1517,0.1388
168,1333,1501,0.1388
167,1335,1502,0.1388
169,1339,1508,0.1388
166,1359,1525,0.1388
164,1346,1510,0.1388
164,1351,1515,0.1388
164,1356,1520,0.1388
161,1347,1508,0.1388
159,1349,1508,0.1388
162,1355,1517,0.1388
167,1345,1512,0.1388
164,1347,1511,0.1388
157,1350,1507,0.1388
157,1349,1506,0.1388
163,1340,1503,0.1388
166,1342,1508,0.1388
163,1366,1529,0.1388
162,1366,1528,0.1388
160,1365,1525,0.1388
158,1365,1523,0.1388
156,1361,1517,0.1388
156,1345,1501,0.1388
160,1363,1523,0.1388
159,1351,1510,0.1388
155,1341,1496,0.1388
152,1347,1499,0.1388
150,1360,1510,0.1388
152,1365,1517,0.1388
151,1357,1508,0.1388
144,1368,1512,0.1388
139,1364,1503,0.1388
134,1360,1494,0.1388
138,1366,1504,0.1388
140,1364,1504,0.1388
140,1371,1511,0.1388
139,1385,1524,0.1388
140,1384,1524,0.1388
139,1385,1524,0.1388
142,1382,1524,0.1388
138,1392,1530,0.1388
137,1375,1512,0.1388
136,1385,1521,0.1388
135,1387,1522,0.1388
138,1384,1522,0.1388
136,1380,1516,0.1388
134,1376,1510,0.1388
134,1377,1511,0.1388
139,1384,1523,0.1388
134,1382,1516,0.1388
135,1379,1514,0.1388
134,1378,1512,0.1388
134,1386,1520,0.1388
133,1395,1528,0.1388
135,1388,1523,0.1388
132,1385,1517,0.1388
131,1392,1523,0.1388
133,1385,1518,0.1388
135,1372,1507,0.1388
135,1380,1515,0.1388
132,1379,1511,0.1388
135,1394,1529,0.1388
135,1371,1506,0.1388
135,1392,1527,0.1388
137,1388,1525,0.1388
137,1393,1530,0.1388
135,1383,1518,0.1388
134,1385,1519,0.1388
136,1380,1516,0.1388
135,1380,1515,0.1388
134,1379,1513,0.1388
130,1375,1505,0.1388
130,1371,1501,0.1388
132,1382,1514,0.1388
136,1376,1512,0.1388
134,1367,1501,0.1388
135,1369,1504,0.1388
133,1377,1510,0.1388
134,1376,1510,0.1388
134,1382,1516,0.1388
133,1374,1507,0.1388
134,1384,1518,0.1388
137,1384,1521,0.1388
136,1388,1524,0.1388
136,1374,1510,0.1388
133,1380,1513,0.1388
133,1387,1520,0.1388
135,1389,1524,0.1388
135,1387,1522,0.1388
137,1381,1518,0.1388
138,1386,1524,0.1388
137,1383,1520,0.1388
138,1383,1521,0.1388
139,1398,1537,0.1388
138,1389,1527,0.1388
140,1385,1525,0.1388
141,1388,1529,0.1388
139,1387,1526,0.1388
136,1378,1514,0.1388
139,1389,1528,0.1388
139,1383,1522,0.1388
138,1375,1513,0.1388
137,1372,1509,0.1388
135,1386,1521,0.1388
130,1378,1508,0.1388
130,1382,1512,0.1388
132,1390,1522,0.1388
130,1379,1509,0.1388
130,1384,1514,0.1388
130,1387,1517,0.1388
130,1385,1515,0.1388
127,1396,1523,0.1388
127,1401,1528,0.1388
124,1400,1524,0.1388
124,1388,1512,0.1388
127,1381,1508,0.1388
129,1385,1514,0.1388
127,1382,1509,0.1388
126,1366,1492,0.1388
123,1385,1508,0.1388
126,1389,1515,0.1388
123,1391,1514,0.1388
122,1390,1512,0.1388
123,1386,1509,0.1388
123,1385,1508,0.1388
123,1374,1497,0.1388
123,1374,1497,0.1388
120,1377,1497,0.1388
123,1372,1495,0.1388
127,1372,1499,0.1388
128,1378,1506,0.1388
127,1373,1500,0.1388
127,1376,1503,0.1388
125,1391,1516,0.1388
121,1402,1523,0.1388
121,1397,1518,0.1388
121,1391,1512,0.1388
121,1388,1509,0.1388
122,1401,1523,0.1388
118,1403,1521,0.1388
114,1400,1514,0.1388
116,1399,1515,0.1388
114,1400,1514,0.1388
115,1397,1512,0.1388
117,1398,1515,0.1388
115,1391,1506,0.1388
118,1397,1515,0.1388
123,1393,1516,0.1388
124,1396,1520,0.1388
117,1391,1508,0.1388
115,1391,1506,0.1388
111,1394,1505,0.1388
109,1394,1503,0.1388
113,1384,1497,0.1388
114,1386,1500,0.1388
111,1397,1508,0.1388
116,1390,1506,0.1388
114,1392,1506,0.1388
115,1406,1521,0.1388
114,1406,1520,0.1388
111,1404,1515,0.1388
113,1403,1516,0.1388
112,1402,1514,0.1388
114,1408,1522,0.1388
114,1405,1519,0.1388
115,1407,1522,0.1388
115,1392,1507,0.1388
115,1392,1507,0.1388
113,1405,1518,0.1388
114,1420,1534,0.1388
111,1406,1517,0.1388
111,1416,1527,0.1388
112,1412,1524,0.1388
113,1408,1521,0.1388
115,1406,1521,0.1388
112,1396,1508,0.1388
111,1409,1520,0.1388
109,1417,1526,0.1388
108,1412,1520,0.1388
110,1414,1524,0.1388
112,1420,1532,0.1388
113,1412,1525,0.1388
111,1410,1521,0.1388
113,1397,1510,0.1388
115,1387,1502,0.1388
120,1383,1503,0.1388
115,1395,1510,0.1388
116,1397,1513,0.1388
113,1397,1510,0.1388
110,1405,1515,0.1388
105,1406,1511,0.1388
106,1411,1517,0.1388
106,1403,1509,0.1388
107,1399,1506,0.1388
109,1402,1511,0.1388
111,1411,1522,0.1388
111,1409,1520,0.1388
112,1421,1533,0.1388
111,1420,1531,0.1388
111,1421,1532,0.1388
112,1422,1534,0.1388
112,1419,1531,0.1388
109,1417,1526,0.1388
107,1402,1509,0.1388
104,1394,1498,0.1388
103,1411,1514,0.1388
102,1403,1505,0.1388
102,1403,1505,0.1388
105,1396,1501,0.1388
106,1390,1496,0.1388
103,1387,1490,0.1388
103,1374,1477,0.1388
102,1381,1483,0.1388
104,1397,1501,0.1388
107,1414,1521,0.1388
106,1403,1509,0.1388
103,1419,1522,0.1388
99,1415,1514,0.1388
100,1418,1518,0.1388
100,1416,1516,0.1388
101,1416,1517,0.1388
100,1414,1514,0.1388
100,1403,1503,0.1388
101,1415,1516,0.1388
97,1409,1506,0.1388
98,1425,1523,0.1388
99,1434,1533,0.1388
97,1422,1519,0.1388
94,1419,1513,0.1388
98,1419,1517,0.1388
98,1427,1525,0.1388
97,1413,1510,0.1388
95,1412,1507,0.1388
97,1414,1511,0.1388
96,1424,1520,0.1388
99,1424,1523,0.1388
100,1424,1524,0.1388
98,1436,1534,0.1388
100,1425,1525,0.1388
105,1427,1532,0.1388
107,1427,1534,0.1388
110,1423,1533,0.1388
110,1419,1529,0.1388
106,1415,1521,0.1388
108,1410,1518,0.1388
105,1419,1524,0.1388
103,1407,1510,0.1388
106,1404,1510,0.1388
102,1407,1509,0.1388
103,1414,1517,0.1388
104,1418,1522,0.1388
101,1418,1519,0.1388
100,1431,1531,0.1388
99,1424,1523,0.1388
97,1415,1512,0.1388
101,1412,1513,0.1388
100,1415,1515,0.1388
99,1401,1500,0.1388
100,1414,1514,0.1388
99,1411,1510,0.1388
96,1412,1508,0.1388
95,1411,1506,0.1388
99,1437,1536,0.1388
91,1423,1514,0.1388
92,1427,1519,0.1388
90,1420,1510,0.1388
88,1423,1511,0.1388
83,1422,1505,0.1388
82,1427,1509,0.1388
81,1418,1499,0.1388
82,1417,1499,0.1388
81,1425,1506,0.1388
84,1430,1514,0.1388
86,1421,1507,0.1388
84,1435,1519,0.1388
86,1431,1517,0.1388
84,1417,1501,0.1388
84,1439,1523,0.1388
84,1433,1517,0.1388
81,1434,1515,0.1388
76,1432,1508,0.1388
79,1432,1511,0.1388
83,1426,1509,0.1388
84,1419,1503,0.1388
83,1427,1510,0.1388
81,1433,1514,0.1388
80,1430,1510,0.1388
77,1440,1517,0.1388
82,1435,1517,0.1388
80,1435,1515,0.1388
77,1446,1523,0.1388
78,1449,1527,0.1388
78,1439,1517,0.1388
80,1426,1506,0.1388
80,1419,1499,0.1388
81,1440,1521,0.1388
81,1443,1524,0.1388
82,1448,1530,0.1388
79,1451,1530,0.1388
75,1444,1519,0.1388
77,1429,1506,0.1388
80,1420,1500,0.1388
82,1427,1509,0.1388
86,1409,1495,0.1388
87,1425,1512,0.1388
85,1438,1523,0.1388
87,1422,1509,0.1388
89,1421,1510,0.1388
89,1418,1507,0.1388
88,1432,1520,0.1388
86,1424,1510,0.1388
83,1436,1519,0.1388
83,1436,1519,0.1388
85,1432,1517,0.1388
87,1430,1517,0.1388
90,1416,1506,0.1388
89,1428,1517,0.1388
87,1432,1519,0.1388
88,1428,1516,0.1388
90,1417,1507,0.1388
90,1419,1509,0.1388
88,1418,1506,0.1388
88,1428,1516,0.1388
89,1423,1512,0.1388
89,1435,1524,0.1388
89,1444,1533,0.1388
88,1436,1524,0.1388
93,1426,1519,0.1388
94,1423,1517,0.1388
88,1436,1524,0.1388
87,1440,1527,0.1388
84,1437,1521,0.1388
84,1442,1526,0.1388
83,1445,1528,0.1388
82,1448,1530,0.1388
81,1438,1519,0.1388
83,1438,1521,0.1388
85,1431,1516,0.1388
84,1440,1524,0.1388
87,1427,1514,0.1388
92,1432,1524,0.1388
92,1438,1530,0.1388
92,1430,1522,0.1388
91,1423,1514,0.1388
90,1422,1512,0.1388
94,1417,1511,0.1388
93,1423,1516,0.1388
92,1436,1528,0.1388
93,1436,1529,0.1388
91,1429,1520,0.1388
87,1419,1506,0.1388
91,1430,1521,0.1388
90,1423,1513,0.1388
90,1440,1530,0.1388
92,1431,1523,0.1388
91,1419,1510,0.1388
90,1420,1510,0.1388
91,1421,1512,0.1388
92,1424,1516,0.1388
94,1422,1516,0.1388
90,1420,1510,0.1388
88,1419,1507,0.1388
87,1424,1511,0.1388
91,1431,1522,0.1388
90,1430,1520,0.1388
90,1414,1504,0.1388
89,1423,1512,0.1388
90,1423,1513,0.1388
91,1423,1514,0.1388
92,1424,1516,0.1388
90,1416,1506,0.1388
91,1422,1513,0.1388
90,1435,1525,0.1388
91,1441,1532,0.1388
91,1428,1519,0.1388
91,1420,1511,0.1388
86,1417,1503,0.1388
85,1432,1517,0.1388
86,1433,1519,0.1388
84,1430,1514,0.1388
87,1418,1505,0.1388
87,1417,1504,0.1388
88,1428,1516,0.1388
88,1436,1524,0.1388
88,1440,1528,0.1388
85,1434,1519,0.1388
86,1444,1530,0.1388
89,1422,1511,0.1388
89,1422,1511,0.1388
89,1419,1508,0.1388
89,1427,1516,0.1388
89,1428,1517,0.1388
91,1427,1518,0.1388
91,1426,1517,0.1388
91,1429,1520,0.1388
90,1429,1519,0.1388
87,1416,1503,0.1388
85,1413,1498,0.1388
82,1424,1506,0.1388
85,1425,1510,0.1388
84,1427,1511,0.1388
85,1421,1506,0.1388
84,1421,1505,0.1388
85,1438,1523,0.1388
85,1428,1513,0.1388
86,1427,1513,0.1388
89,1424,1513,0.1388
88,1423,1511,0.1388
91,1416,1507,0.1388
90,1415,1505,0.1388
92,1427,1519,0.1388
88,1432,1520,0.1388
88,1420,1508,0.1388
85,1431,1516,0.1388
85,1426,1511,0.1388
84,1426,1510,0.1388
83,1425,1508,0.1388
86,1435,1521,0.1388
88,1441,1529,0.1388
86,1438,1524,0.1388
84,1429,1513,0.1388
82,1428,1510,0.1388
81,1439,1520,0.1388
81,1432,1513,0.1388
83,1426,1509,0.1388
83,1425,1508,0.1388
82,1429,1511,0.1388
81,1425,1506,0.1388
81,1424,1505,0.1388
84,1433,1517,0.1388
84,1445,1529,0.1388
82,1443,1525,0.1388
84,1435,1519,0.1388
80,1443,1523,0.1388
76,1425,1501,0.1388
78,1420,1498,0.1388
78,1431,1509,0.1388
74,1431,1505,0.1388
76,1429,1505,0.1388
75,1414,1489,0.1388
73,1424,1497,0.1388
75,1440,1515,0.1388
79,1444,1523,0.1388
78,1451,1529,0.1388
77,1448,1525,0.1388
75,1440,1515,0.1388
75,1443,1518,0.1388
76,1432,1508,0.1388
72,1441,1513,0.1388
71,1447,1518,0.1388
74,1442,1516,0.1388
74,1441,1515,0.1388
74,1438,1512,0.1388
74,1442,1516,0.1388
72,1448,1520,0.1388
70,1454,1524,0.1388
67,1460,1527,0.1388
63,1455,1518,0.1388
61,1460,1521,0.1388
61,1454,1515,0.1388
62,1464,1526,0.1388
61,1475,1536,0.1388
62,1464,1526,0.1388
61,1466,1527,0.1388
60,1465,1525,0.1388
61,1467,1528,0.1388
63,1470,1533,0.1388
64,1465,1529,0.1388
62,1457,1519,0.1388
64,1456,1520,0.1388
65,1458,1523,0.1388
64,1460,1524,0.1388
65,1458,1523,0.1388
62,1456,1518,0.1388
59,1456,1515,0.1388
58,1459,1517,0.1388
58,1462,1520,0.1388
62,1464,1526,0.1388
60,1464,1524,0.1388
61,1451,1512,0.1388
62,1453,1515,0.1388
62,1452,1514,0.1388
61,1439,1500,0.1388
58,1447,1505,0.1388
60,1446,1506,0.1388
62,1442,1504,0.1388
56,1433,1489,0.1388
62,1444,1506,0.1388
64,1445,1509,0.1388
64,1451,1515,0.1388
66,1451,1517,0.1388
66,1452,1518,0.1388
66,1449,1515,0.1388
64,1453,1517,0.1388
64,1452,1516,0.1388
63,1452,1515,0.1388
62,1452,1514,0.1388
62,1449,1511,0.1388
60,1466,1526,0.1388
60,1464,1524,0.1388
61,1469,1530,0.1388
60,1465,1525,0.1388
61,1455,1516,0.1388
60,1452,1512,0.1388
60,1455,1515,0.1388
61,1455,1516,0.1388
58,1454,1512,0.1388
62,1436,1498,0.1388
62,1458,1520,0.1388
62,1466,1528,0.1388
61,1461,1522,0.1388
60,1463,1523,0.1388
58,1461,1519,0.1388
60,1461,1521,0.1388
59,1452,1511,0.1388
62,1463,1525,0.1388
63,1452,1515,0.1388
62,1455,1517,0.1388
61,1465,1526,0.1388
61,1464,1525,0.1388
60,1472,1532,0.1388
60,1461,1521,0.1388
60,1461,1521,0.1388
58,1467,1525,0.1388
59,1467,1526,0.1388
57,1469,1526,0.1388
56,1472,1528,0.1388
55,1478,1533,0.1388
54,1477,1531,0.1388
54,1466,1520,0.1388
54,1471,1525,0.1388
55,1458,1513,0.1388
57,1450,1507,0.1388
57,1460,1517,0.1388
56,1466,1522,0.1388
59,1459,1518,0.1388
56,1465,1521,0.1388
58,1458,1516,0.1388
56,1461,1517,0.1388
58,1456,1514,0.1388
60,1457,1517,0.1388
58,1467,1525,0.1388
59,1471,1530,0.1388
57,1467,1524,0.1388
59,1461,1520,0.1388
60,1469,1529,0.1388
62,1451,1513,0.1388
60,1465,1525,0.1388
60,1467,1527,0.1388
58,1477,1535,0.1388
54,1474,1528,0.1388
52,1467,1519,0.1388
53,1465,1518,0.1388
55,1463,1518,0.1388
53,1460,1513,0.1388
52,1460,1512,0.1388
53,1456,1509,0.1388
56,1443,1499,0.1388
55,1432,1487,0.1388
54,1430,1484,0.1388
52,1433,1485,0.1388
53,1444,1497,0.1388
53,1445,1498,0.1388
52,1460,1512,0.1388
51,1464,1515,0.1388
49,1458,1507,0.1388
48,1460,1508,0.1388
49,1464,1513,0.1388
48,1461,1509,0.1388
47,1469,1516,0.1388
47,1467,1514,0.1388
44,1460,1504,0.1388
42,1466,1508,0.1388
40,1477,1517,0.1388
39,1484,1523,0.1388
39,1487,1526,0.1388
39,1485,1524,0.1388
39,1480,1519,0.1388
39,1477,1516,0.1388
39,1483,1522,0.1388
39,1480,1519,0.1388
39,1480,1519,0.1388
38,1485,1523,0.1388
37,1477,1514,0.1388
40,1472,1512,0.1388
39,1468,1507,0.1388
37,1465,1502,0.1388
34,1477,1511,0.1388
34,1489,1523,0.1388
34,1476,1510,0.1388
35,1490,1525,0.1388
36,1497,1533,0.1388
36,1484,1520,0.1388
36,1482,1518,0.1388
35,1469,1504,0.1388
35,1471,1506,0.1388
36,1486,1522,0.1388
36,1491,1527,0.1388
35,1480,1515,0.1388
34,1481,1515,0.1388
34,1471,1505,0.1388
35,1492,1527,0.1388
34,1490,1524,0.1388
34,1485,1519,0.1388
33,1484,1517,0.1388
32,1484,1516,0.1388
32,1485,1517,0.1388
33,1491,1524,0.1388
33,1487,1520,0.1388
34,1485,1519,0.1388
34,1471,1505,0.1388
34,1474,1508,0.1388
34,1483,1517,0.1388
34,1476,1510,0.1388
36,1474,1510,0.1388
37,1479,1516,0.1388
37,1482,1519,0.1388
37,1482,1519,0.1388
35,1489,1524,0.1388
36,1490,1526,0.1388
36,1495,1531,0.1388
36,1489,1525,0.1388
36,1488,1524,0.1388
37,1487,1524,0.1388
38,1486,1524,0.1388
37,1472,1509,0.1388
35,1472,1507,0.1388
35,1463,1498,0.1388
33,1466,1499,0.1388
36,1472,1508,0.1388
36,1474,1510,0.1388
35,1486,1521,0.1388
33,1492,1525,0.1388
32,1488,1520,0.1388
31,1482,1513,0.1388
32,1494,1526,0.1388
34,1487,1521,0.1388
32,1498,1530,0.1388
32,1489,1521,0.1388
33,1485,1518,0.1388
34,1485,1519,0.1388
33,1469,1502,0.1388
32,1483,1515,0.1388
32,1487,1519,0.1388
33,1486,1519,0.1388
31,1483,1514,0.1388
30,1481,1511,0.1388
30,1485,1515,0.1388
29,1485,1514,0.1388
30,1501,1531,0.1388
31,1502,1533,0.1388
30,1491,1521,0.1388
29,1491,1520,0.1388
29,1488,1517,0.1388
30,1487,1517,0.1388
31,1489,1520,0.1388
28,1491,1519,0.1388
33,1495,1528,0.1388
34,1493,1527,0.1388
34,1480,1514,0.1388
33,1482,1515,0.1388
34,1491,1525,0.1388
33,1476,1509,0.1388
33,1466,1499,0.1388
34,1475,1509,0.1388
37,1463,1500,0.1388
37,1459,1496,0.1388
39,1462,1501,0.1388
38,1459,1497,0.1388
39,1465,1504,0.1388
37,1479,1516,0.1388
37,1472,1509,0.1388
37,1476,1513,0.1388
38,1481,1519,0.1388
36,1484,1520,0.1388
37,1480,1517,0.1388
37,1472,1509,0.1388
36,1486,1522,0.1388
36,1498,1534,0.1388
33,1496,1529,0.1388
32,1489,1521,0.1388
33,1490,1523,0.1388
33,1480,1513,0.1388
32,1479,1511,0.1388
33,1481,1514,0.1388
32,1486,1518,0.1388
32,1481,1513,0.1388
33,1472,1505,0.1388
34,1485,1519,0.1388
34,1492,1526,0.1388
35,1472,1507,0.1388
36,1486,1522,0.1388
36,1496,1532,0.1388
36,1478,1514,0.1388
36,1478,1514,0.1388
36,1480,1516,0.1388
35,1484,1519,0.1388
37,1472,1509,0.1388
36,1469,1505,0.1388
36,1468,1504,0.1388
35,1473,1508,0.1388
36,1477,1513,0.1388
37,1484,1521,0.1388
37,1473,1510,0.1388
37,1474,1511,0.1388
38,1477,1515,0.1388
37,1476,1513,0.1388
37,1477,1514,0.1388
37,1476,1513,0.1388
38,1470,1508,0.1388
38,1476,1514,0.1388
37,1479,1516,0.1388
37,1482,1519,0.1388
36,1484,1520,0.1388
35,1476,1511,0.1388
34,1475,1509,0.1388
36,1479,1515,0.1388
33,1470,1503,0.1388
32,1469,1501,0.1388
34,1478,1512,0.1388
35,1476,1511,0.1388
35,1497,1532,0.1388
35,1495,1530,0.1388
35,1488,1523,0.1388
37,1494,1531,0.1388
35,1481,1516,0.1388
35,1495,1530,0.1388
32,1500,1532,0.1388
31,1503,1534,0.1388
30,1488,1518,0.1388
33,1466,1499,0.1388
34,1477,1511,0.1388
34,1492,1526,0.1388
35,1492,1527,0.1388
35,1477,1512,0.1388
32,1488,1520,0.1388
32,1493,1525,0.1388
31,1497,1528,0.1388
28,1492,1520,0.1388
28,1484,1512,0.1388
27,1479,1506,0.1388
27,1500,1527,0.1388
27,1490,1517,0.1388
27,1489,1516,0.1388
25,1488,1513,0.1388
25,1492,1517,0.1388
24,1504,1528,0.1388
24,1487,1511,0.1388
23,1476,1499,0.1388
24,1495,1519,0.1388
25,1494,1519,0.1388
27,1494,1521,0.1388
27,1499,1526,0.1388
27,1491,1518,0.1388
27,1490,1517,0.1388
27,1494,1521,0.1388
28,1493,1521,0.1388
28,1498,1526,0.1388
28,1502,1530,0.1388
28,1500,1528,0.1388
28,1498,1526,0.1388
28,1501,1529,0.1388
28,1497,1525,0.1388
24,1500,1524,0.1388
23,1505,1528,0.1388
22,1501,1523,0.1388
21,1485,1506,0.1388
21,1482,1503,0.1388
21,1495,1516,0.1388
21,1491,1512,0.1388
20,1500,1520,0.1388
19,1494,1513,0.1388
18,1488,1506,0.1388
19,1481,1500,0.1388
18,1495,1513,0.1388
18,1493,1511,0.1388
17,1505,1522,0.1388
16,1510,1526,0.1388
16,1516,1532,0.1388
15,1510,1525,0.1388
14,1510,1524,0.1388
14,1490,1504,0.1388
14,1498,1512,0.1388
14,1504,1518,0.1388
14,1509,1523,0.1388
14,1510,1524,0.1388
14,1506,1520,0.1388
14,1505,1519,0.1388
13,1513,1526,0.1388
13,1505,1518,0.1388
13,1493,1506,0.1388
13,1494,1507,0.1388
14,1504,1518,0.1388
14,1507,1521,0.1388
13,1502,1515,0.1388
13,1502,1515,0.1388
13,1504,1517,0.1388
13,1510,1523,0.1388
13,1511,1524,0.1388
13,1498,1511,0.1388
13,1505,1518,0.1388
13,1503,1516,0.1388
11,1500,1511,0.1388
11,1495,1506,0.1388
8,1501,1509,0.1388
9,1498,1507,0.1388
9,1500,1509,0.1388
9,1517,1526,0.1388
9,1531,1540,0.1388
9,1524,1533,0.1388
8,1521,1529,0.1388
7,1510,1517,0.1388
7,1497,1504,0.1388
7,1501,1508,0.1388
7,1512,1519,0.1388
7,1516,1523,0.1388
7,1517,1524,0.1388
7,1519,1526,0.1388
7,1508,1515,0.1388
9,1496,1505,0.1388
10,1484,1494,0.1388
9,1504,1513,0.1388
10,1496,1506,0.1388
9,1498,1507,0.1388
9,1504,1513,0.1388
9,1506,1515,0.1388
9,1501,1510,0.1388
9,1494,1503,0.1388
8,1493,1501,0.1388
6,1483,1489,0.1388
6,1495,1501,0.1388
7,1502,1509,0.1388
7,1509,1516,0.1388
7,1514,1521,0.1388
6,1505,1511,0.1388
7,1497,1504,0.1388
8,1492,1500,0.1388
8,1490,1498,0.1388
9,1512,1521,0.1388
9,1507,1516,0.1388
8,1507,1515,0.1388
8,1502,1510,0.1388
8,1517,1525,0.1388
7,1513,1520,0.1388
7,1511,1518,0.1388
7,1515,1522,0.1388
7,1512,1519,0.1388
6,1506,1512,0.1388
6,1522,1528,0.1388
6,1514,1520,0.1388
6,1521,1527,0.1388
6,1513,1519,0.1388
5,1509,1514,0.1388
5,1518,1523,0.1388
6,1516,1522,0.1388
6,1495,1501,0.1388
6,1501,1507,0.1388
7,1489,1496,0.1388
8,1509,1517,0.1388
9,1505,1514,0.1388
9,1500,1509,0.1388
9,1498,1507,0.1388
8,1523,1531,0.1388
7,1516,1523,0.1388
7,1517,1524,0.1388
7,1515,1522,0.1388
7,1515,1522,0.1388
7,1520,1527,0.1388
7,1506,1513,0.1388
8,1513,1521,0.1388
8,1517,1525,0.1388
8,1516,1524,0.1388
9,1508,1517,0.1388
9,1500,1509,0.1388
9,1513,1522,0.1388
9,1499,1508,0.1388
9,1493,1502,0.1388
9,1498,1507,0.1388
9,1504,1513,0.1388
9,1502,1511,0.1388
8,1502,1510,0.1388
8,1480,1488,0.1388
8,1486,1494,0.1388
8,1502,1510,0.1388
8,1502,1510,0.1388
8,1505,1513,0.1388
8,1512,1520,0.1388
8,1490,1498,0.1388
8,1490,1498,0.1388
6,1494,1500,0.1388
6,1504,1510,0.1388
6,1504,1510,0.1388
6,1512,1518,0.1388
6,1503,1509,0.1388
6,1502,1508,0.1388
6,1508,1514,0.1388
6,1499,1505,0.1388
6,1499,1505,0.1388
5,1496,1501,0.1388
5,1494,1499,0.1388
5,1509,1514,0.1388
5,1530,1535,0.1388
4,1513,1517,0.1388
4,1519,1523,0.1388
4,1523,1527,0.1388
4,1510,1514,0.1388
5,1512,1517,0.1388
5,1509,1514,0.1388
5,1509,1514,0.1388
5,1507,1512,0.1388
5,1515,1520,0.1388
5,1517,1522,0.1388
5,1516,1521,0.1388
5,1517,1522,0.1388
4,1515,1519,0.1388
4,1520,1524,0.1388
4,1530,1534,0.1388
4,1529,1533,0.1388
4,1542,1546,0.1388
4,1521,1525,0.1388
4,1514,1518,0.1388
5,1525,1530,0.1388
5,1522,1527,0.1388
4,1518,1522,0.1388
4,1518,1522,0.1388
4,1512,1516,0.1388
4,1521,1525,0.1388
4,1522,1526,0.1388
4,1516,1520,0.1388
4,1523,1527,0.1388
3,1527,1530,0.1388
3,1517,1520,0.1388
3,1511,1514,0.1388
4,1505,1509,0.1388
4,1509,1513,0.1388
4,1517,1521,0.1388
4,1532,1536,0.1388
4,1529,1533,0.1388
4,1521,1525,0.1388
4,1518,1522,0.1388
4,1513,1517,0.1388
4,1517,1521,0.1388
4,1507,1511,0.1388
4,1512,1516,0.1388
4,1518,1522,0.1388
4,1506,1510,0.1388
4,1511,1515,0.1388
4,1512,1516,0.1388
4,1517,1521,0.1388
3,1513,1516,0.1388
3,1524,1527,0.1388
2,1517,1519,0.1388
2,1517,1519,0.1388
2,1501,1503,0.1388
2,1507,1509,0.1388
2,1507,1509,0.1388
2,1517,1519,0.1388
2,1519,1521,0.1388
1,1511,1512,0.1388
1,1513,1514,0.1388
1,1499,1500,0.1388
1,1505,1506,0.1388
1,1516,1517,0.1388
1,1515,1516,0.1388
1,1511,1512,0.1388
1,1506,1507,0.1388
1,1506,1507,0.1388
1,1507,1508,0.1388
1,1510,1511,0.1388
1,1508,1509,0.1388
1,1525,1526,0.1388
1,1528,1529,0.1388
1,1523,1524,0.1388
1,1529,1530,0.1388
1,1529,1530,0.1388
1,1525,1526,0.1388
1,1527,1528,0.1388
1,1524,1525,0.1388
1,1515,1516,0.1388
1,1526,1527,0.1388
1,1523,1524,0.1388
2,1519,1521,0.1388
2,1519,1521,0.1388
2,1514,1516,0.1388
2,1510,1512,0.1388
2,1510,1512,0.1388
2,1504,1506,0.1388
2,1501,1503,0.1388
1,1510,1511,0.1388
2,1506,1508,0.1388
3,1516,1519,0.1388
2,1514,1516,0.1388
2,1520,1522,0.1388
2,1513,1515,0.1388
2,1525,1527,0.1388
2,1517,1519,0.1388
2,1505,1507,0.1388
2,1510,1512,0.1388
2,1533,1535,0.1388
2,1526,1528,0.1388
2,1522,1524,0.1388
2,1527,1529,0.1388
2,1513,1515,0.1388
2,1529,1531,0.1388
2,1519,1521,0.1388
2,1516,1518,0.1388
2,1518,1520,0.1388
2,1528,1530,0.1388
2,1527,1529,0.1388
2,1521,1523,0.1388
2,1523,1525,0.1388
2,1514,1516,0.1388
2,1511,1513,0.1388
3,1508,1511,0.1388
3,1522,1525,0.1388
3,1517,1520,0.1388
3,1514,1517,0.1388
3,1515,1518,0.1388
3,1513,1516,0.1388
3,1514,1517,0.1388
3,1516,1519,0.1388
3,1514,1517,0.1388
3,1512,1515,0.1388
3,1505,1508,0.1388
3,1503,1506,0.1388
3,1509,1512,0.1388
3,1514,1517,0.1388
3,1511,1514,0.1388
3,1519,1522,0.1388
3,1517,1520,0.1388
4,1518,1522,0.1388
4,1523,1527,0.1388
4,1529,1533,0.1388
4,1525,1529,0.1388
4,1527,1531,0.1388
4,1518,1522,0.1388
4,1511,1515,0.1388
2,1503,1505,0.1388
2,1505,1507,0.1388
2,1519,1521,0.1388
2,1521,1523,0.1388
2,1502,1504,0.1388
3,1506,1509,0.1388
2,1510,1512,0.1388
2,1513,1515,0.1388
2,1502,1504,0.1388
2,1502,1504,0.1388
2,1508,1510,0.1388
2,1505,1507,0.1388
2,1508,1510,0.1388
2,1506,1508,0.1388
2,1505,1507,0.1388
2,1501,1503,0.1388
2,1512,1514,0.1388
2,1509,1511,0.1388
2,1516,1518,0.1388
2,1512,1514,0.1388
2,1517,1519,0.1388
2,1517,1519,0.1388
2,1507,1509,0.1388
2,1513,1515,0.1388
2,1506,1508,0.1388
2,1510,1512,0.1388
2,1505,1507,0.1388
2,1511,1513,0.1388
2,1511,1513,0.1388
2,1504,1506,0.1388
2,1498,1500,0.1388
2,1511,1513,0.1388
2,1509,1511,0.1388
2,1509,1511,0.1388
2,1515,1517,0.1388
2,1509,1511,0.1388
2,1512,1514,0.1388
2,1525,1527,0.1388
2,1528,1530,0.1388
2,1515,1517,0.1388
2,1519,1521,0.1388
2,1511,1513,0.1388
2,1527,1529,0.1388
2,1515,1517,0.1388
2,1506,1508,0.1388
2,1514,1516,0.1388
2,1509,1511,0.1388
2,1512,1514,0.1388
2,1506,1508,0.1388
2,1504,1506,0.1388
2,1506,1508,0.1388
2,1495,1497,0.1388
2,1513,1515,0.1388
2,1514,1516,0.1388
2,1525,1527,0.1388
2,1518,1520,0.1388
1,1506,1507,0.1388
1,1513,1514,0.1388
1,1523,1524,0.1388
1,1535,1536,0.1388
1,1507,1508,0.1388
1,1489,1490,0.1388
1,1502,1503,0.1388
1,1527,1528,0.1388
1,1527,1528,0.1388
1,1521,1522,0.1388
1,1514,1515,0.1388
1,1518,1519,0.1388
1,1512,1513,0.1388
1,1512,1513,0.1388
1,1500,1501,0.1388
1,1508,1509,0.1388
1,1516,1517,0.1388
1,1512,1513,0.1388
1,1513,1514,0.1388
1,1516,1517,0.1388
1,1513,1514,0.1388
1,1512,1513,0.1388
1,1512,1513,0.1388
1,1512,1513,0.1388
1,1505,1506,0.1388
0,1506,1506,0.1388
