1372,28,1400,0.1388
1415,32,1447,0.1388
1424,35,1459,0.1388
1431,35,1466,0.1388
1439,39,1478,0.1388
1447,38,1485,0.1388
1455,38,1493,0.1388
1459,37,1496,0.1388
1467,37,1504,0.1388
1459,34,1493,0.1388
1465,37,1502,0.1388
1465,38,1503,0.1388
1461,38,1499,0.1388
1460,41,1501,0.1388
1453,38,1491,0.1388
1456,38,1494,0.1388
1465,39,1504,0.1388
1459,38,1497,0.1388
1451,37,1488,0.1388
1450,38,1488,0.1388
1460,37,1497,0.1388
1471,38,1509,0.1388
1470,37,1507,0.1388
1461,36,1497,0.1388
1457,36,1493,0.1388
1450,35,1485,0.1388
1453,38,1491,0.1388
1457,39,1496,0.1388
1458,38,1496,0.1388
1463,39,1502,0.1388
1469,38,1507,0.1388
1476,40,1516,0.1388
1460,38,1498,0.1388
1463,39,1502,0.1388
1462,40,1502,0.1388
1449,40,1489,0.1388
1461,40,1501,0.1388
1444,41,1485,0.1388
1447,40,1487,0.1388
1452,41,1493,0.1388
1458,41,1499,0.1388
1446,44,1490,0.1388
1448,46,1494,0.1388
1434,46,1480,0.1388
1442,46,1488,0.1388
1454,47,1501,0.1388
1469,43,1512,0.1388
1456,42,1498,0.1388
1467,43,1510,0.1388
1468,41,1509,0.1388
1461,43,1504,0.1388
1459,44,1503,0.1388
1450,44,1494,0.1388
1429,46,1475,0.1388
1439,47,1486,0.1388
1447,48,1495,0.1388
1454,48,1502,0.1388
1464,46,1510,0.1388
1466,46,1512,0.1388
1453,47,1500,0.1388
1448,48,1496,0.1388
1431,49,1480,0.1388
1432,51,1483,0.1388
1438,53,1491,0.1388
1444,52,1496,0.1388
1444,51,1495,0.1388
1448,51,1499,0.1388
1444,53,1497,0.1388
1453,51,1504,0.1388
1441,51,1492,0.1388
1427,51,1478,0.1388
1440,50,1490,0.1388
1443,49,1492,0.1388
1449,49,1498,0.1388
1446,49,1495,0.1388
1438,50,1488,0.1388
1445,48,1493,0.1388
1450,48,1498,0.1388
1452,48,1500,0.1388
1448,49,1497,0.1388
1447,50,1497,0.1388
1438,50,1488,0.1388
1441,53,1494,0.1388
1435,50,1485,0.1388
1446,50,1496,0.1388
1447,52,1499,0.1388
1438,51,1489,0.1388
1436,52,1488,0.1388
1435,55,1490,0.1388
1429,56,1485,0.1388
1431,53,1484,0.1388
1414,56,1470,0.1388
1421,57,1478,0.1388
1430,56,1486,0.1388
1423,54,1477,0.1388
1437,50,1487,0.1388
1439,51,1490,0.1388
1434,52,1486,0.1388
1424,56,1480,0.1388
1440,55,1495,0.1388
1441,56,1497,0.1388
1448,57,1505,0.1388
1444,57,1501,0.1388
1450,57,1507,0.1388
1457,56,1513,0.1388
1458,56,1514,0.1388
1442,58,1500,0.1388
1446,57,1503,0.1388
1448,60,1508,0.1388
1450,60,1510,0.1388
1454,57,1511,0.1388
1454,59,1513,0.1388
1440,58,1498,0.1388
1446,57,1503,0.1388
1444,58,1502,0.1388
1434,61,1495,0.1388
1440,62,1502,0.1388
1433,64,1497,0.1388
1441,64,1505,0.1388
1435,63,1498,0.1388
1439,62,1501,0.1388
1425,63,1488,0.1388
1430,64,1494,0.1388
1427,63,1490,0.1388
1416,62,1478,0.1388
1423,65,1488,0.1388
1426,63,1489,0.1388
1426,64,1490,0.1388
1450,64,1514,0.1388
1441,67,1508,0.1388
1439,66,1505,0.1388
1441,66,1507,0.1388
1424,66,1490,0.1388
1428,67,1495,0.1388
1425,64,1489,0.1388
1421,61,1482,0.1388
1427,61,1488,0.1388
1417,63,1480,0.1388
1420,63,1483,0.1388
1413,64,1477,0.1388
1413,66,1479,0.1388
1424,62,1486,0.1388
1425,62,1487,0.1388
1411,62,1473,0.1388
1413,61,1474,0.1388
1422,60,1482,0.1388
1426,61,1487,0.1388
1422,62,1484,0.1388
1417,63,1480,0.1388
1408,61,1469,0.1388
1407,63,1470,0.1388
1421,64,1485,0.1388
1422,64,1486,0.1388
1428,64,1492,0.1388
1438,66,1504,0.1388
1424,64,1488,0.1388
1429,64,1493,0.1388
1430,69,1499,0.1388
1425,70,1495,0.1388
1414,70,1484,0.1388
1414,68,1482,0.1388
1419,70,1489,0.1388
1409,72,1481,0.1388
1400,72,1472,0.1388
1414,71,1485,0.1388
1407,72,1479,0.1388
1409,69,1478,0.1388
1398,69,1467,0.1388
1407,71,1478,0.1388
1420,71,1491,0.1388
1426,71,1497,0.1388
1436,71,1507,0.1388
1439,71,1510,0.1388
1430,73,1503,0.1388
1416,74,1490,0.1388
1421,77,1498,0.1388
1411,78,1489,0.1388
1420,83,1503,0.1388
1421,85,1506,0.1388
1416,84,1500,0.1388
1413,84,1497,0.1388
1402,83,1485,0.1388
1406,82,1488,0.1388
1399,83,1482,0.1388
1398,84,1482,0.1388
1406,79,1485,0.1388
1411,77,1488,0.1388
1405,78,1483,0.1388
1408,78,1486,0.1388
1409,79,1488,0.1388
1421,84,1505,0.1388
1409,82,1491,0.1388
1393,83,1476,0.1388
1391,82,1473,0.1388
1392,84,1476,0.1388
1402,85,1487,0.1388
1405,85,1490,0.1388
1405,86,1491,0.1388
1404,85,1489,0.1388
1404,83,1487,0.1388
1392,83,1475,0.1388
1398,84,1482,0.1388
1401,85,1486,0.1388
1398,92,1490,0.1388
1410,96,1506,0.1388
1407,92,1499,0.1388
1412,92,1504,0.1388
1415,90,1505,0.1388
1407,88,1495,0.1388
1415,88,1503,0.1388
1401,91,1492,0.1388
1417,94,1511,0.1388
1422,96,1518,0.1388
1410,94,1504,0.1388
1417,92,1509,0.1388
1410,93,1503,0.1388
1417,92,1509,0.1388
1416,92,1508,0.1388
1407,93,1500,0.1388
1401,90,1491,0.1388
1403,91,1494,0.1388
1398,91,1489,0.1388
1403,90,1493,0.1388
1410,91,1501,0.1388
1428,95,1523,0.1388
1416,94,1510,0.1388
1406,95,1501,0.1388
1399,93,1492,0.1388
1408,95,1503,0.1388
1409,91,1500,0.1388
1411,92,1503,0.1388
1415,88,1503,0.1388
1413,83,1496,0.1388
1415,86,1501,0.1388
1416,85,1501,0.1388
1405,86,1491,0.1388
1396,87,1483,0.1388
1389,88,1477,0.1388
1387,86,1473,0.1388
1397,86,1483,0.1388
1403,86,1489,0.1388
1410,89,1499,0.1388
1387,83,1470,0.1388
1391,83,1474,0.1388
1402,82,1484,0.1388
1404,82,1486,0.1388
1399,84,1483,0.1388
1409,86,1495,0.1388
1421,85,1506,0.1388
1422,85,1507,0.1388
1409,88,1497,0.1388
1400,87,1487,0.1388
1405,87,1492,0.1388
1407,89,1496,0.1388
1391,91,1482,0.1388
1402,87,1489,0.1388
1408,87,1495,0.1388
1416,82,1498,0.1388
1419,83,1502,0.1388
1399,86,1485,0.1388
1405,86,1491,0.1388
1400,88,1488,0.1388
1401,86,1487,0.1388
1412,87,1499,0.1388
1406,88,1494,0.1388
1399,86,1485,0.1388
1388,84,1472,0.1388
1406,86,1492,0.1388
1410,85,1495,0.1388
1401,82,1483,0.1388
1411,77,1488,0.1388
1409,80,1489,0.1388
1410,83,1493,0.1388
1400,85,1485,0.1388
1389,85,1474,0.1388
1400,88,1488,0.1388
1407,86,1493,0.1388
1408,87,1495,0.1388
1413,87,1500,0.1388
1410,90,1500,0.1388
1416,90,1506,0.1388
1400,92,1492,0.1388
1398,94,1492,0.1388
1395,98,1493,0.1388
1374,96,1470,0.1388
1378,97,1475,0.1388
1382,99,1481,0.1388
1384,99,1483,0.1388
1391,99,1490,0.1388
1399,102,1501,0.1388
1402,99,1501,0.1388
1402,102,1504,0.1388
1380,101,1481,0.1388
1386,99,1485,0.1388
1393,105,1498,0.1388
1386,102,1488,0.1388
1382,104,1486,0.1388
1393,97,1490,0.1388
1386,98,1484,0.1388
1382,97,1479,0.1388
1395,101,1496,0.1388
1399,101,1500,0.1388
1389,102,1491,0.1388
1375,99,1474,0.1388
1378,103,1481,0.1388
1386,106,1492,0.1388
1392,105,1497,0.1388
1398,105,1503,0.1388
1387,107,1494,0.1388
1385,107,1492,0.1388
1380,107,1487,0.1388
1376,106,1482,0.1388
1371,103,1474,0.1388
1383,103,1486,0.1388
1383,103,1486,0.1388
1390,103,1493,0.1388
1390,102,1492,0.1388
1397,100,1497,0.1388
1385,103,1488,0.1388
1379,103,1482,0.1388
1395,101,1496,0.1388
1387,102,1489,0.1388
1394,101,1495,0.1388
1390,99,1489,0.1388
1381,102,1483,0.1388
1389,103,1492,0.1388
1372,103,1475,0.1388
1377,102,1479,0.1388
1387,100,1487,0.1388
1386,98,1484,0.1388
1402,103,1505,0.1388
1401,102,1503,0.1388
1401,103,1504,0.1388
1392,105,1497,0.1388
1389,101,1490,0.1388
1388,102,1490,0.1388
1409,101,1510,0.1388
1406,105,1511,0.1388
1387,107,1494,0.1388
1381,103,1484,0.1388
1384,106,1490,0.1388
1373,107,1480,0.1388
1379,105,1484,0.1388
1390,103,1493,0.1388
1389,109,1498,0.1388
1390,105,1495,0.1388
1389,110,1499,0.1388
1393,110,1503,0.1388
1378,110,1488,0.1388
1387,114,1501,0.1388
1373,116,1489,0.1388
1374,118,1492,0.1388
1380,121,1501,0.1388
1382,120,1502,0.1388
1391,116,1507,0.1388
1380,111,1491,0.1388
1376,112,1488,0.1388
1374,114,1488,0.1388
1369,116,1485,0.1388
1379,118,1497,0.1388
1380,116,1496,0.1388
1378,119,1497,0.1388
1373,122,1495,0.1388
1381,121,1502,0.1388
1369,122,1491,0.1388
1379,122,1501,0.1388
1369,122,1491,0.1388
1372,119,1491,0.1388
1379,120,1499,0.1388
1376,120,1496,0.1388
1374,123,1497,0.1388
1363,123,1486,0.1388
1370,119,1489,0.1388
1376,119,1495,0.1388
1381,122,1503,0.1388
1367,122,1489,0.1388
1377,126,1503,0.1388
1366,121,1487,0.1388
1368,122,1490,0.1388
1362,124,1486,0.1388
1369,121,1490,0.1388
1366,126,1492,0.1388
1364,128,1492,0.1388
1365,133,1498,0.1388
1365,131,1496,0.1388
1359,125,1484,0.1388
1357,130,1487,0.1388
1350,133,1483,0.1388
1353,135,1488,0.1388
1356,138,1494,0.1388
1355,142,1497,0.1388
1351,141,1492,0.1388
1361,139,1500,0.1388
1346,140,1486,0.1388
1347,142,1489,0.1388
1343,144,1487,0.1388
1354,147,1501,0.1388
1353,144,1497,0.1388
1348,151,1499,0.1388
1351,146,1497,0.1388
1343,147,1490,0.1388
1339,144,1483,0.1388
1334,145,1479,0.1388
1345,142,1487,0.1388
1335,139,1474,0.1388
1340,135,1475,0.1388
1361,136,1497,0.1388
1353,139,1492,0.1388
1348,143,1491,0.1388
1339,149,1488,0.1388
1346,151,1497,0.1388
1339,152,1491,0.1388
1348,151,1499,0.1388
1344,149,1493,0.1388
1331,150,1481,0.1388
1336,153,1489,0.1388
1334,154,1488,0.1388
1338,159,1497,0.1388
1343,158,1501,0.1388
1334,160,1494,0.1388
1336,162,1498,0.1388
1335,164,1499,0.1388
1346,168,1514,0.1388
1348,169,1517,0.1388
1341,169,1510,0.1388
1339,171,1510,0.1388
1335,170,1505,0.1388
1337,167,1504,0.1388
1339,171,1510,0.1388
1338,173,1511,0.1388
1341,170,1511,0.1388
1348,172,1520,0.1388
1343,174,1517,0.1388
1334,176,1510,0.1388
1333,175,1508,0.1388
1336,179,1515,0.1388
1328,182,1510,0.1388
1314,186,1500,0.1388
1316,180,1496,0.1388
1316,184,1500,0.1388
1306,185,1491,0.1388
1311,182,1493,0.1388
1307,189,1496,0.1388
1312,182,1494,0.1388
1305,184,1489,0.1388
1300,185,1485,0.1388
1309,184,1493,0.1388
1308,186,1494,0.1388
1311,183,1494,0.1388
1316,189,1505,0.1388
1315,185,1500,0.1388
1310,184,1494,0.1388
1310,187,1497,0.1388
1300,188,1488,0.1388
1313,187,1500,0.1388
1313,190,1503,0.1388
1308,183,1491,0.1388
1308,189,1497,0.1388
1313,192,1505,0.1388
1301,194,1495,0.1388
1304,197,1501,0.1388
1302,201,1503,0.1388
1300,200,1500,0.1388
1294,203,1497,0.1388
1291,207,1498,0.1388
1286,210,1496,0.1388
1289,210,1499,0.1388
1292,205,1497,0.1388
1304,202,1506,0.1388
1289,202,1491,0.1388
1294,207,1501,0.1388
1283,202,1485,0.1388
1283,204,1487,0.1388
1288,205,1493,0.1388
1282,204,1486,0.1388
1280,205,1485,0.1388
1278,214,1492,0.1388
1285,218,1503,0.1388
1287,217,1504,0.1388
1292,213,1505,0.1388
1277,211,1488,0.1388
1281,211,1492,0.1388
1271,206,1477,0.1388
1278,206,1484,0.1388
1275,213,1488,0.1388
1283,214,1497,0.1388
1277,215,1492,0.1388
1267,211,1478,0.1388
1260,211,1471,0.1388
1274,210,1484,0.1388
1292,213,1505,0.1388
1275,216,1491,0.1388
1274,216,1490,0.1388
1277,216,1493,0.1388
1268,219,1487,0.1388
1256,220,1476,0.1388
1252,224,1476,0.1388
1256,229,1485,0.1388
1259,238,1497,0.1388
1256,235,1491,0.1388
1240,231,1471,0.1388
1249,235,1484,0.1388
1248,240,1488,0.1388
1260,238,1498,0.1388
1257,237,1494,0.1388
1251,246,1497,0.1388
1253,244,1497,0.1388
1265,244,1509,0.1388
1270,241,1511,0.1388
1266,236,1502,0.1388
1274,235,1509,0.1388
1262,233,1495,0.1388
1260,237,1497,0.1388
1259,242,1501,0.1388
1252,244,1496,0.1388
1250,241,1491,0.1388
1261,246,1507,0.1388
1265,251,1516,0.1388
1278,249,1527,0.1388
1267,253,1520,0.1388
1246,254,1500,0.1388
1230,252,1482,0.1388
1238,258,1496,0.1388
1250,257,1507,0.1388
1246,258,1504,0.1388
1244,259,1503,0.1388
1240,255,1495,0.1388
1235,253,1488,0.1388
1241,256,1497,0.1388
1244,254,1498,0.1388
1238,255,1493,0.1388
1232,258,1490,0.1388
1246,262,1508,0.1388
1246,259,1505,0.1388
1239,257,1496,0.1388
1228,262,1490,0.1388
1233,262,1495,0.1388
1236,267,1503,0.1388
1246,265,1511,0.1388
1245,260,1505,0.1388
1246,262,1508,0.1388
1239,255,1494,0.1388
1245,261,1506,0.1388
1238,262,1500,0.1388
1227,260,1487,0.1388
1232,267,1499,0.1388
1239,268,1507,0.1388
1223,264,1487,0.1388
1234,257,1491,0.1388
1228,258,1486,0.1388
1232,259,1491,0.1388
1246,263,1509,0.1388
1250,262,1512,0.1388
1256,265,1521,0.1388
1236,260,1496,0.1388
1229,261,1490,0.1388
1246,264,1510,0.1388
1248,261,1509,0.1388
1228,265,1493,0.1388
1223,266,1489,0.1388
1220,266,1486,0.1388
1231,264,1495,0.1388
1245,269,1514,0.1388
1231,271,1502,0.1388
1217,274,1491,0.1388
1229,274,1503,0.1388
1234,270,1504,0.1388
1241,269,1510,0.1388
1239,272,1511,0.1388
1239,271,1510,0.1388
1243,271,1514,0.1388
1229,272,1501,0.1388
1229,264,1493,0.1388
1239,268,1507,0.1388
1233,265,1498,0.1388
1239,267,1506,0.1388
1226,272,1498,0.1388
1242,273,1515,0.1388
1244,274,1518,0.1388
1233,277,1510,0.1388
1236,272,1508,0.1388
1233,275,1508,0.1388
1238,276,1514,0.1388
1234,273,1507,0.1388
1224,278,1502,0.1388
1216,283,1499,0.1388
1207,290,1497,0.1388
1218,295,1513,0.1388
1213,294,1507,0.1388
1213,299,1512,0.1388
1213,296,1509,0.1388
1216,291,1507,0.1388
1208,300,1508,0.1388
1202,300,1502,0.1388
1194,301,1495,0.1388
1202,305,1507,0.1388
1202,303,1505,0.1388
1199,308,1507,0.1388
1201,302,1503,0.1388
1204,305,1509,0.1388
1209,312,1521,0.1388
1202,313,1515,0.1388
1205,307,1512,0.1388
1199,311,1510,0.1388
1206,310,1516,0.1388
1213,315,1528,0.1388
1204,317,1521,0.1388
1203,318,1521,0.1388
1186,318,1504,0.1388
1193,320,1513,0.1388
1197,322,1519,0.1388
1182,325,1507,0.1388
1176,327,1503,0.1388
1180,323,1503,0.1388
1179,326,1505,0.1388
1172,328,1500,0.1388
1172,317,1489,0.1388
1179,312,1491,0.1388
1169,315,1484,0.1388
1167,318,1485,0.1388
1172,315,1487,0.1388
1179,313,1492,0.1388
1172,318,1490,0.1388
1163,324,1487,0.1388
1157,324,1481,0.1388
1151,327,1478,0.1388
1170,318,1488,0.1388
1180,322,1502,0.1388
1176,320,1496,0.1388
1176,321,1497,0.1388
1164,322,1486,0.1388
1168,319,1487,0.1388
1174,320,1494,0.1388
1165,328,1493,0.1388
1166,331,1497,0.1388
1159,328,1487,0.1388
1158,330,1488,0.1388
1165,332,1497,0.1388
1170,326,1496,0.1388
1168,326,1494,0.1388
1173,330,1503,0.1388
1159,331,1490,0.1388
1150,331,1481,0.1388
1160,332,1492,0.1388
1163,332,1495,0.1388
1157,335,1492,0.1388
1160,341,1501,0.1388
1167,339,1506,0.1388
1169,345,1514,0.1388
1145,341,1486,0.1388
1150,341,1491,0.1388
1152,335,1487,0.1388
1160,337,1497,0.1388
1150,343,1493,0.1388
1152,344,1496,0.1388
1146,343,1489,0.1388
1137,339,1476,0.1388
1141,339,1480,0.1388
1147,352,1499,0.1388
1145,355,1500,0.1388
1126,359,1485,0.1388
1132,356,1488,0.1388
1133,359,1492,0.1388
1150,366,1516,0.1388
1143,359,1502,0.1388
1147,354,1501,0.1388
1142,357,1499,0.1388
1139,359,1498,0.1388
1144,358,1502,0.1388
1143,359,1502,0.1388
1133,360,1493,0.1388
1126,360,1486,0.1388
1129,362,1491,0.1388
1134,364,1498,0.1388
1129,362,1491,0.1388
1136,367,1503,0.1388
1134,368,1502,0.1388
1140,370,1510,0.1388
1129,369,1498,0.1388
1131,370,1501,0.1388
1133,377,1510,0.1388
1138,377,1515,0.1388
1127,379,1506,0.1388
1121,383,1504,0.1388
1119,380,1499,0.1388
1116,386,1502,0.1388
1129,385,1514,0.1388
1126,387,1513,0.1388
1135,390,1525,0.1388
1120,386,1506,0.1388
1108,379,1487,0.1388
1108,378,1486,0.1388
1101,376,1477,0.1388
1101,379,1480,0.1388
1108,375,1483,0.1388
1118,372,1490,0.1388
1126,374,1500,0.1388
1119,383,1502,0.1388
1119,382,1501,0.1388
1123,377,1500,0.1388
1116,374,1490,0.1388
1134,373,1507,0.1388
1132,378,1510,0.1388
1135,379,1514,0.1388
1120,372,1492,0.1388
1128,371,1499,0.1388
1132,371,1503,0.1388
1135,371,1506,0.1388
1130,371,1501,0.1388
1112,374,1486,0.1388
1115,376,1491,0.1388
1125,378,1503,0.1388
1138,370,1508,0.1388
1124,366,1490,0.1388
1125,371,1496,0.1388
1122,376,1498,0.1388
1118,375,1493,0.1388
1129,376,1505,0.1388
1109,371,1480,0.1388
1114,378,1492,0.1388
1131,378,1509,0.1388
1127,379,1506,0.1388
1127,376,1503,0.1388
1125,375,1500,0.1388
1114,372,1486,0.1388
1115,376,1491,0.1388
1114,376,1490,0.1388
1123,371,1494,0.1388
1115,373,1488,0.1388
1112,380,1492,0.1388
1114,384,1498,0.1388
1114,389,1503,0.1388
1117,386,1503,0.1388
1110,385,1495,0.1388
1106,387,1493,0.1388
1105,387,1492,0.1388
1104,386,1490,0.1388
1100,386,1486,0.1388
1107,384,1491,0.1388
1109,382,1491,0.1388
1105,384,1489,0.1388
1109,387,1496,0.1388
1102,387,1489,0.1388
1102,393,1495,0.1388
1105,396,1501,0.1388
1107,384,1491,0.1388
1111,390,1501,0.1388
1106,386,1492,0.1388
1112,389,1501,0.1388
1113,388,1501,0.1388
1112,384,1496,0.1388
1120,382,1502,0.1388
1115,386,1501,0.1388
1111,392,1503,0.1388
1106,395,1501,0.1388
1108,393,1501,0.1388
1101,399,1500,0.1388
1110,403,1513,0.1388
1118,397,1515,0.1388
1109,401,1510,0.1388
1100,400,1500,0.1388
1092,387,1479,0.1388
1106,392,1498,0.1388
1104,390,1494,0.1388
1103,391,1494,0.1388
1097,393,1490,0.1388
1090,402,1492,0.1388
1071,405,1476,0.1388
1080,407,1487,0.1388
1079,408,1487,0.1388
1084,407,1491,0.1388
1086,396,1482,0.1388
1084,396,1480,0.1388
1096,395,1491,0.1388
1104,397,1501,0.1388
1103,396,1499,0.1388
1096,396,1492,0.1388
1096,395,1491,0.1388
1113,395,1508,0.1388
1106,398,1504,0.1388
1114,401,1515,0.1388
1112,391,1503,0.1388
1116,395,1511,0.1388
1115,394,1509,0.1388
1115,388,1503,0.1388
1106,393,1499,0.1388
1111,405,1516,0.1388
1110,395,1505,0.1388
1102,404,1506,0.1388
1104,407,1511,0.1388
1093,412,1505,0.1388
1102,410,1512,0.1388
1099,404,1503,0.1388
1102,403,1505,0.1388
1089,403,1492,0.1388
1081,404,1485,0.1388
1081,400,1481,0.1388
1086,400,1486,0.1388
1089,399,1488,0.1388
1088,401,1489,0.1388
1091,406,1497,0.1388
1087,401,1488,0.1388
1084,404,1488,0.1388
1082,402,1484,0.1388
1093,403,1496,0.1388
1096,399,1495,0.1388
1089,403,1492,0.1388
1091,402,1493,0.1388
1093,410,1503,0.1388
1094,404,1498,0.1388
1096,404,1500,0.1388
1091,406,1497,0.1388
1088,408,1496,0.1388
1091,420,1511,0.1388
1091,422,1513,0.1388
1088,417,1505,0.1388
1085,414,1499,0.1388
1079,418,1497,0.1388
1080,421,1501,0.1388
1084,418,1502,0.1388
1075,408,1483,0.1388
1073,412,1485,0.1388
1062,414,1476,0.1388
1072,417,1489,0.1388
1076,417,1493,0.1388
1071,415,1486,0.1388
1069,419,1488,0.1388
1075,420,1495,0.1388
1078,422,1500,0.1388
1080,422,1502,0.1388
1072,422,1494,0.1388
1074,427,1501,0.1388
1051,426,1477,0.1388
1066,426,1492,0.1388
1076,426,1502,0.1388
1086,425,1511,0.1388
1079,437,1516,0.1388
1076,435,1511,0.1388
1080,432,1512,0.1388
1078,439,1517,0.1388
1067,442,1509,0.1388
1067,433,1500,0.1388
1073,428,1501,0.1388
1066,426,1492,0.1388
1060,428,1488,0.1388
1065,426,1491,0.1388
1068,415,1483,0.1388
1063,410,1473,0.1388
1071,413,1484,0.1388
1064,418,1482,0.1388
1065,426,1491,0.1388
1057,428,1485,0.1388
1062,429,1491,0.1388
1067,435,1502,0.1388
1078,431,1509,0.1388
1071,438,1509,0.1388
1060,432,1492,0.1388
1054,445,1499,0.1388
1045,447,1492,0.1388
1060,444,1504,0.1388
1052,449,1501,0.1388
1057,456,1513,0.1388
1047,454,1501,0.1388
1048,459,1507,0.1388
1052,452,1504,0.1388
1070,450,1520,0.1388
1056,446,1502,0.1388
1067,446,1513,0.1388
1065,445,1510,0.1388
1065,433,1498,0.1388
1065,440,1505,0.1388
1060,442,1502,0.1388
1072,438,1510,0.1388
1065,441,1506,0.1388
1059,439,1498,0.1388
1064,441,1505,0.1388
1058,437,1495,0.1388
1054,448,1502,0.1388
1058,451,1509,0.1388
1052,441,1493,0.1388
1061,439,1500,0.1388
1053,441,1494,0.1388
1059,439,1498,0.1388
1063,439,1502,0.1388
1069,442,1511,0.1388
1065,456,1521,0.1388
1053,452,1505,0.1388
1046,451,1497,0.1388
1046,446,1492,0.1388
1060,440,1500,0.1388
1060,441,1501,0.1388
1069,446,1515,0.1388
1056,443,1499,0.1388
1047,442,1489,0.1388
1064,441,1505,0.1388
1058,438,1496,0.1388
1054,435,1489,0.1388
1046,430,1476,0.1388
1045,434,1479,0.1388
1038,438,1476,0.1388
1047,444,1491,0.1388
1048,444,1492,0.1388
1041,447,1488,0.1388
1052,447,1499,0.1388
1042,460,1502,0.1388
1039,467,1506,0.1388
1045,470,1515,0.1388
1053,468,1521,0.1388
1046,467,1513,0.1388
1039,472,1511,0.1388
1026,475,1501,0.1388
1033,474,1507,0.1388
1020,483,1503,0.1388
1006,493,1499,0.1388
1004,491,1495,0.1388
1004,492,1496,0.1388
1001,490,1491,0.1388
1000,493,1493,0.1388
1005,503,1508,0.1388
1002,494,1496,0.1388
1002,496,1498,0.1388
995,497,1492,0.1388
985,504,1489,0.1388
978,507,1485,0.1388
986,499,1485,0.1388
991,501,1492,0.1388
992,508,1500,0.1388
984,504,1488,0.1388
991,515,1506,0.1388
985,521,1506,0.1388
979,517,1496,0.1388
970,520,1490,0.1388
969,519,1488,0.1388
967,517,1484,0.1388
976,523,1499,0.1388
973,512,1485,0.1388
978,524,1502,0.1388
981,527,1508,0.1388
981,527,1508,0.1388
993,531,1524,0.1388
996,529,1525,0.1388
969,531,1500,0.1388
977,532,1509,0.1388
975,527,1502,0.1388
976,527,1503,0.1388
966,524,1490,0.1388
967,524,1491,0.1388
966,526,1492,0.1388
959,531,1490,0.1388
959,543,1502,0.1388
974,540,1514,0.1388
961,532,1493,0.1388
967,527,1494,0.1388
972,525,1497,0.1388
973,531,1504,0.1388
969,534,1503,0.1388
971,532,1503,0.1388
974,525,1499,0.1388
964,527,1491,0.1388
966,535,1501,0.1388
961,530,1491,0.1388
967,536,1503,0.1388
972,546,1518,0.1388
964,542,1506,0.1388
971,530,1501,0.1388
972,528,1500,0.1388
965,532,1497,0.1388
963,534,1497,0.1388
969,534,1503,0.1388
974,543,1517,0.1388
975,541,1516,0.1388
975,536,1511,0.1388
966,537,1503,0.1388
966,549,1515,0.1388
964,545,1509,0.1388
958,542,1500,0.1388
963,537,1500,0.1388
958,540,1498,0.1388
968,545,1513,0.1388
964,543,1507,0.1388
971,547,1518,0.1388
977,548,1525,0.1388
972,549,1521,0.1388
966,549,1515,0.1388
962,552,1514,0.1388
958,549,1507,0.1388
936,560,1496,0.1388
936,551,1487,0.1388
937,548,1485,0.1388
937,546,1483,0.1388
937,547,1484,0.1388
936,552,1488,0.1388
948,558,1506,0.1388
951,566,1517,0.1388
954,563,1517,0.1388
941,559,1500,0.1388
940,558,1498,0.1388
953,558,1511,0.1388
935,556,1491,0.1388
937,556,1493,0.1388
940,561,1501,0.1388
932,568,1500,0.1388
927,557,1484,0.1388
944,552,1496,0.1388
938,552,1490,0.1388
944,549,1493,0.1388
946,545,1491,0.1388
952,540,1492,0.1388
958,547,1505,0.1388
955,545,1500,0.1388
958,555,1513,0.1388
955,554,1509,0.1388
958,558,1516,0.1388
953,560,1513,0.1388
945,567,1512,0.1388
952,563,1515,0.1388
955,568,1523,0.1388
942,564,1506,0.1388
940,570,1510,0.1388
932,565,1497,0.1388
938,564,1502,0.1388
945,568,1513,0.1388
943,572,1515,0.1388
944,568,1512,0.1388
939,561,1500,0.1388
936,560,1496,0.1388
937,574,1511,0.1388
936,567,1503,0.1388
933,574,1507,0.1388
941,582,1523,0.1388
938,576,1514,0.1388
941,572,1513,0.1388
934,577,1511,0.1388
932,576,1508,0.1388
920,573,1493,0.1388
916,571,1487,0.1388
926,568,1494,0.1388
930,570,1500,0.1388
919,574,1493,0.1388
917,571,1488,0.1388
916,570,1486,0.1388
917,570,1487,0.1388
918,579,1497,0.1388
919,577,1496,0.1388
917,581,1498,0.1388
911,583,1494,0.1388
910,576,1486,0.1388
918,579,1497,0.1388
923,583,1506,0.1388
915,590,1505,0.1388
914,588,1502,0.1388
905,586,1491,0.1388
915,592,1507,0.1388
917,594,1511,0.1388
912,594,1506,0.1388
915,600,1515,0.1388
915,602,1517,0.1388
912,603,1515,0.1388
912,600,1512,0.1388
911,597,1508,0.1388
912,606,1518,0.1388
915,598,1513,0.1388
917,603,1520,0.1388
903,604,1507,0.1388
890,612,1502,0.1388
894,605,1499,0.1388
893,614,1507,0.1388
902,608,1510,0.1388
893,609,1502,0.1388
900,608,1508,0.1388
902,609,1511,0.1388
890,608,1498,0.1388
870,621,1491,0.1388
865,632,1497,0.1388
880,629,1509,0.1388
873,623,1496,0.1388
873,619,1492,0.1388
873,617,1490,0.1388
871,627,1498,0.1388
882,619,1501,0.1388
897,620,1517,0.1388
889,618,1507,0.1388
885,615,1500,0.1388
883,623,1506,0.1388
883,623,1506,0.1388
883,627,1510,0.1388
865,631,1496,0.1388
865,635,1500,0.1388
870,625,1495,0.1388
867,630,1497,0.1388
872,634,1506,0.1388
865,632,1497,0.1388
874,633,1507,0.1388
872,637,1509,0.1388
871,637,1508,0.1388
870,636,1506,0.1388
868,633,1501,0.1388
857,637,1494,0.1388
859,646,1505,0.1388
865,656,1521,0.1388
855,660,1515,0.1388
848,660,1508,0.1388
844,659,1503,0.1388
844,662,1506,0.1388
834,664,1498,0.1388
830,653,1483,0.1388
839,652,1491,0.1388
848,670,1518,0.1388
845,663,1508,0.1388
849,660,1509,0.1388
851,665,1516,0.1388
836,659,1495,0.1388
836,657,1493,0.1388
846,658,1504,0.1388
851,658,1509,0.1388
848,651,1499,0.1388
838,651,1489,0.1388
837,652,1489,0.1388
841,661,1502,0.1388
838,665,1503,0.1388
843,666,1509,0.1388
840,665,1505,0.1388
842,668,1510,0.1388
833,661,1494,0.1388
843,673,1516,0.1388
844,673,1517,0.1388
841,673,1514,0.1388
833,668,1501,0.1388
834,665,1499,0.1388
823,671,1494,0.1388
823,673,1496,0.1388
821,671,1492,0.1388
823,675,1498,0.1388
825,684,1509,0.1388
824,683,1507,0.1388
826,686,1512,0.1388
831,688,1519,0.1388
823,694,1517,0.1388
822,695,1517,0.1388
823,683,1506,0.1388
829,684,1513,0.1388
826,684,1510,0.1388
816,684,1500,0.1388
804,689,1493,0.1388
808,692,1500,0.1388
809,688,1497,0.1388
815,686,1501,0.1388
815,690,1505,0.1388
823,687,1510,0.1388
817,681,1498,0.1388
816,686,1502,0.1388
809,686,1495,0.1388
803,684,1487,0.1388
807,691,1498,0.1388
798,695,1493,0.1388
800,697,1497,0.1388
806,711,1517,0.1388
813,703,1516,0.1388
816,697,1513,0.1388
808,697,1505,0.1388
808,702,1510,0.1388
812,709,1521,0.1388
809,701,1510,0.1388
809,692,1501,0.1388
804,695,1499,0.1388
806,690,1496,0.1388
821,693,1514,0.1388
817,691,1508,0.1388
817,686,1503,0.1388
814,686,1500,0.1388
820,686,1506,0.1388
813,696,1509,0.1388
817,693,1510,0.1388
817,695,1512,0.1388
812,698,1510,0.1388
810,706,1516,0.1388
812,707,1519,0.1388
813,702,1515,0.1388
802,707,1509,0.1388
797,705,1502,0.1388
797,705,1502,0.1388
790,708,1498,0.1388
785,708,1493,0.1388
793,715,1508,0.1388
783,724,1507,0.1388
789,733,1522,0.1388
776,728,1504,0.1388
771,714,1485,0.1388
775,713,1488,0.1388
776,720,1496,0.1388
779,726,1505,0.1388
785,728,1513,0.1388
777,736,1513,0.1388
776,731,1507,0.1388
777,731,1508,0.1388
768,737,1505,0.1388
770,739,1509,0.1388
771,734,1505,0.1388
776,730,1506,0.1388
777,736,1513,0.1388
773,735,1508,0.1388
792,736,1528,0.1388
781,734,1515,0.1388
775,740,1515,0.1388
774,729,1503,0.1388
774,713,1487,0.1388
785,720,1505,0.1388
785,725,1510,0.1388
787,729,1516,0.1388
792,722,1514,0.1388
784,717,1501,0.1388
771,716,1487,0.1388
772,721,1493,0.1388
773,730,1503,0.1388
769,727,1496,0.1388
773,731,1504,0.1388
767,730,1497,0.1388
774,733,1507,0.1388
771,727,1498,0.1388
778,722,1500,0.1388
784,735,1519,0.1388
783,740,1523,0.1388
786,734,1520,0.1388
773,731,1504,0.1388
774,732,1506,0.1388
783,730,1513,0.1388
776,725,1501,0.1388
779,735,1514,0.1388
788,726,1514,0.1388
786,730,1516,0.1388
777,732,1509,0.1388
780,731,1511,0.1388
772,722,1494,0.1388
772,725,1497,0.1388
777,729,1506,0.1388
769,728,1497,0.1388
759,737,1496,0.1388
757,739,1496,0.1388
759,741,1500,0.1388
759,736,1495,0.1388
765,737,1502,0.1388
760,740,1500,0.1388
751,742,1493,0.1388
749,737,1486,0.1388
745,740,1485,0.1388
746,753,1499,0.1388
750,752,1502,0.1388
754,751,1505,0.1388
753,753,1506,0.1388
754,753,1507,0.1388
749,764,1513,0.1388
743,757,1500,0.1388
734,755,1489,0.1388
744,763,1507,0.1388
758,766,1524,0.1388
756,773,1529,0.1388
761,773,1534,0.1388
760,768,1528,0.1388
756,760,1516,0.1388
750,763,1513,0.1388
752,760,1512,0.1388
747,762,1509,0.1388
750,757,1507,0.1388
753,749,1502,0.1388
756,756,1512,0.1388
750,755,1505,0.1388
758,762,1520,0.1388
748,763,1511,0.1388
741,764,1505,0.1388
744,768,1512,0.1388
746,778,1524,0.1388
738,766,1504,0.1388
737,779,1516,0.1388
735,776,1511,0.1388
729,765,1494,0.1388
724,775,1499,0.1388
724,770,1494,0.1388
721,775,1496,0.1388
720,772,1492,0.1388
725,774,1499,0.1388
721,774,1495,0.1388
711,776,1487,0.1388
716,780,1496,0.1388
721,779,1500,0.1388
725,787,1512,0.1388
733,786,1519,0.1388
723,789,1512,0.1388
716,788,1504,0.1388
716,792,1508,0.1388
720,795,1515,0.1388
718,788,1506,0.1388
710,796,1506,0.1388
707,802,1509,0.1388
714,802,1516,0.1388
712,804,1516,0.1388
707,806,1513,0.1388
697,806,1503,0.1388
702,804,1506,0.1388
709,816,1525,0.1388
700,805,1505,0.1388
707,808,1515,0.1388
701,805,1506,0.1388
702,821,1523,0.1388
703,821,1524,0.1388
695,827,1522,0.1388
691,818,1509,0.1388
681,814,1495,0.1388
694,818,1512,0.1388
691,817,1508,0.1388
682,815,1497,0.1388
688,818,1506,0.1388
681,834,1515,0.1388
680,837,1517,0.1388
675,843,1518,0.1388
677,830,1507,0.1388
678,833,1511,0.1388
666,832,1498,0.1388
671,839,1510,0.1388
673,839,1512,0.1388
671,833,1504,0.1388
654,838,1492,0.1388
659,836,1495,0.1388
664,837,1501,0.1388
658,844,1502,0.1388
656,842,1498,0.1388
666,839,1505,0.1388
665,841,1506,0.1388
668,843,1511,0.1388
659,839,1498,0.1388
659,839,1498,0.1388
665,842,1507,0.1388
656,837,1493,0.1388
662,837,1499,0.1388
652,855,1507,0.1388
652,863,1515,0.1388
655,858,1513,0.1388
646,861,1507,0.1388
656,854,1510,0.1388
652,854,1506,0.1388
649,860,1509,0.1388
654,856,1510,0.1388
651,871,1522,0.1388
653,863,1516,0.1388
659,844,1503,0.1388
646,847,1493,0.1388
656,848,1504,0.1388
659,849,1508,0.1388
658,842,1500,0.1388
666,843,1509,0.1388
659,843,1502,0.1388
651,852,1503,0.1388
658,841,1499,0.1388
663,847,1510,0.1388
663,842,1505,0.1388
660,835,1495,0.1388
658,845,1503,0.1388
664,847,1511,0.1388
661,844,1505,0.1388
650,847,1497,0.1388
653,845,1498,0.1388
648,852,1500,0.1388
662,851,1513,0.1388
662,848,1510,0.1388
666,841,1507,0.1388
663,836,1499,0.1388
660,843,1503,0.1388
670,840,1510,0.1388
675,830,1505,0.1388
675,832,1507,0.1388
675,846,1521,0.1388
678,847,1525,0.1388
671,846,1517,0.1388
674,845,1519,0.1388
670,848,1518,0.1388
676,842,1518,0.1388
667,841,1508,0.1388
664,840,1504,0.1388
665,833,1498,0.1388
664,828,1492,0.1388
662,832,1494,0.1388
659,836,1495,0.1388
660,838,1498,0.1388
653,854,1507,0.1388
659,857,1516,0.1388
661,856,1517,0.1388
662,852,1514,0.1388
659,852,1511,0.1388
663,847,1510,0.1388
652,853,1505,0.1388
651,862,1513,0.1388
647,859,1506,0.1388
642,857,1499,0.1388
643,862,1505,0.1388
640,861,1501,0.1388
639,859,1498,0.1388
641,859,1500,0.1388
642,858,1500,0.1388
643,863,1506,0.1388
631,863,1494,0.1388
632,865,1497,0.1388
634,871,1505,0.1388
626,871,1497,0.1388
629,875,1504,0.1388
622,877,1499,0.1388
630,882,1512,0.1388
614,881,1495,0.1388
620,875,1495,0.1388
624,874,1498,0.1388
615,877,1492,0.1388
617,880,1497,0.1388
613,887,1500,0.1388
607,894,1501,0.1388
614,902,1516,0.1388
612,900,1512,0.1388
616,903,1519,0.1388
608,904,1512,0.1388
611,903,1514,0.1388
612,906,1518,0.1388
612,904,1516,0.1388
610,899,1509,0.1388
606,899,1505,0.1388
608,904,1512,0.1388
605,909,1514,0.1388
595,907,1502,0.1388
600,923,1523,0.1388
592,919,1511,0.1388
581,931,1512,0.1388
586,928,1514,0.1388
586,920,1506,0.1388
590,918,1508,0.1388
584,924,1508,0.1388
580,919,1499,0.1388
584,926,1510,0.1388
589,917,1506,0.1388
583,912,1495,0.1388
581,914,1495,0.1388
586,918,1504,0.1388
578,906,1484,0.1388
593,905,1498,0.1388
590,902,1492,0.1388
593,911,1504,0.1388
594,905,1499,0.1388
593,912,1505,0.1388
593,914,1507,0.1388
596,923,1519,0.1388
592,923,1515,0.1388
591,924,1515,0.1388
577,926,1503,0.1388
573,927,1500,0.1388
579,931,1510,0.1388
582,927,1509,0.1388
580,930,1510,0.1388
580,928,1508,0.1388
587,918,1505,0.1388
596,921,1517,0.1388
584,925,1509,0.1388
579,925,1504,0.1388
578,937,1515,0.1388
575,924,1499,0.1388
585,919,1504,0.1388
585,914,1499,0.1388
587,918,1505,0.1388
587,914,1501,0.1388
591,914,1505,0.1388
584,925,1509,0.1388
586,925,1511,0.1388
584,927,1511,0.1388
585,924,1509,0.1388
579,924,1503,0.1388
576,910,1486,0.1388
575,911,1486,0.1388
573,919,1492,0.1388
575,918,1493,0.1388
582,932,1514,0.1388
582,924,1506,0.1388
586,926,1512,0.1388
575,935,1510,0.1388
573,924,1497,0.1388
563,926,1489,0.1388
564,942,1506,0.1388
565,951,1516,0.1388
562,955,1517,0.1388
552,949,1501,0.1388
559,944,1503,0.1388
557,951,1508,0.1388
556,955,1511,0.1388
554,951,1505,0.1388
557,945,1502,0.1388
559,951,1510,0.1388
566,954,1520,0.1388
562,957,1519,0.1388
566,958,1524,0.1388
553,961,1514,0.1388
551,955,1506,0.1388
559,961,1520,0.1388
562,958,1520,0.1388
562,957,1519,0.1388
565,954,1519,0.1388
564,955,1519,0.1388
557,956,1513,0.1388
560,964,1524,0.1388
560,969,1529,0.1388
555,973,1528,0.1388
554,966,1520,0.1388
556,962,1518,0.1388
560,952,1512,0.1388
552,951,1503,0.1388
548,950,1498,0.1388
544,962,1506,0.1388
553,960,1513,0.1388
544,968,1512,0.1388
538,970,1508,0.1388
541,969,1510,0.1388
544,974,1518,0.1388
541,965,1506,0.1388
542,968,1510,0.1388
538,978,1516,0.1388
543,965,1508,0.1388
546,962,1508,0.1388
544,973,1517,0.1388
539,967,1506,0.1388
549,965,1514,0.1388
549,965,1514,0.1388
536,969,1505,0.1388
536,970,1506,0.1388
533,976,1509,0.1388
530,986,1516,0.1388
537,984,1521,0.1388
533,991,1524,0.1388
530,989,1519,0.1388
541,991,1532,0.1388
536,994,1530,0.1388
534,989,1523,0.1388
524,981,1505,0.1388
528,981,1509,0.1388
531,979,1510,0.1388
531,983,1514,0.1388
522,989,1511,0.1388
527,986,1513,0.1388
528,981,1509,0.1388
527,978,1505,0.1388
533,981,1514,0.1388
547,972,1519,0.1388
532,971,1503,0.1388
511,980,1491,0.1388
519,976,1495,0.1388
519,971,1490,0.1388
514,969,1483,0.1388
518,980,1498,0.1388
525,972,1497,0.1388
523,978,1501,0.1388
530,980,1510,0.1388
529,985,1514,0.1388
524,991,1515,0.1388
529,992,1521,0.1388
523,987,1510,0.1388
526,996,1522,0.1388
523,991,1514,0.1388
519,1004,1523,0.1388
521,998,1519,0.1388
521,991,1512,0.1388
521,978,1499,0.1388
525,982,1507,0.1388
523,975,1498,0.1388
525,976,1501,0.1388
519,978,1497,0.1388
523,983,1506,0.1388
517,984,1501,0.1388
521,989,1510,0.1388
517,985,1502,0.1388
514,988,1502,0.1388
520,986,1506,0.1388
524,990,1514,0.1388
522,986,1508,0.1388
518,989,1507,0.1388
512,987,1499,0.1388
512,1000,1512,0.1388
504,1010,1514,0.1388
501,1012,1513,0.1388
506,1009,1515,0.1388
501,1012,1513,0.1388
496,1006,1502,0.1388
503,1010,1513,0.1388
502,1005,1507,0.1388
510,1015,1525,0.1388
502,1016,1518,0.1388
501,1008,1509,0.1388
505,1011,1516,0.1388
506,1013,1519,0.1388
503,1015,1518,0.1388
496,1020,1516,0.1388
490,1016,1506,0.1388
492,1018,1510,0.1388
489,1013,1502,0.1388
497,1019,1516,0.1388
490,1023,1513,0.1388
477,1023,1500,0.1388
474,1025,1499,0.1388
473,1034,1507,0.1388
476,1043,1519,0.1388
484,1036,1520,0.1388
487,1042,1529,0.1388
486,1040,1526,0.1388
481,1054,1535,0.1388
481,1052,1533,0.1388
480,1048,1528,0.1388
471,1058,1529,0.1388
471,1048,1519,0.1388
475,1046,1521,0.1388
482,1043,1525,0.1388
478,1052,1530,0.1388
471,1049,1520,0.1388
470,1053,1523,0.1388
472,1037,1509,0.1388
476,1034,1510,0.1388
472,1025,1497,0.1388
472,1034,1506,0.1388
473,1035,1508,0.1388
475,1039,1514,0.1388
476,1031,1507,0.1388
475,1027,1502,0.1388
471,1029,1500,0.1388
465,1037,1502,0.1388
464,1040,1504,0.1388
454,1051,1505,0.1388
460,1046,1506,0.1388
463,1040,1503,0.1388
452,1027,1479,0.1388
450,1032,1482,0.1388
447,1029,1476,0.1388
449,1032,1481,0.1388
453,1052,1505,0.1388
454,1042,1496,0.1388
452,1047,1499,0.1388
454,1055,1509,0.1388
457,1062,1519,0.1388
455,1058,1513,0.1388
450,1064,1514,0.1388
443,1052,1495,0.1388
437,1057,1494,0.1388
438,1066,1504,0.1388
439,1071,1510,0.1388
438,1072,1510,0.1388
442,1071,1513,0.1388
442,1067,1509,0.1388
448,1069,1517,0.1388
453,1069,1522,0.1388
448,1071,1519,0.1388
441,1081,1522,0.1388
436,1078,1514,0.1388
428,1083,1511,0.1388
424,1088,1512,0.1388
424,1086,1510,0.1388
426,1087,1513,0.1388
426,1079,1505,0.1388
426,1079,1505,0.1388
428,1079,1507,0.1388
427,1083,1510,0.1388
425,1074,1499,0.1388
424,1089,1513,0.1388
425,1097,1522,0.1388
433,1091,1524,0.1388
430,1088,1518,0.1388
426,1107,1533,0.1388
416,1098,1514,0.1388
414,1099,1513,0.1388
410,1101,1511,0.1388
411,1091,1502,0.1388
401,1106,1507,0.1388
408,1101,1509,0.1388
408,1101,1509,0.1388
408,1098,1506,0.1388
407,1112,1519,0.1388
409,1109,1518,0.1388
405,1114,1519,0.1388
399,1121,1520,0.1388
395,1117,1512,0.1388
399,1110,1509,0.1388
402,1110,1512,0.1388
402,1102,1504,0.1388
394,1108,1502,0.1388
384,1114,1498,0.1388
383,1129,1512,0.1388
388,1129,1517,0.1388
384,1132,1516,0.1388
385,1119,1504,0.1388
384,1130,1514,0.1388
384,1130,1514,0.1388
380,1118,1498,0.1388
377,1118,1495,0.1388
376,1113,1489,0.1388
378,1129,1507,0.1388
371,1134,1505,0.1388
375,1126,1501,0.1388
375,1132,1507,0.1388
382,1128,1510,0.1388
380,1135,1515,0.1388
372,1133,1505,0.1388
374,1124,1498,0.1388
382,1129,1511,0.1388
380,1143,1523,0.1388
381,1124,1505,0.1388
377,1131,1508,0.1388
369,1128,1497,0.1388
371,1137,1508,0.1388
372,1153,1525,0.1388
368,1150,1518,0.1388
358,1149,1507,0.1388
356,1159,1515,0.1388
364,1143,1507,0.1388
367,1143,1510,0.1388
364,1146,1510,0.1388
361,1151,1512,0.1388
357,1152,1509,0.1388
355,1156,1511,0.1388
354,1154,1508,0.1388
357,1150,1507,0.1388
355,1150,1505,0.1388
352,1181,1533,0.1388
343,1174,1517,0.1388
347,1169,1516,0.1388
347,1161,1508,0.1388
343,1166,1509,0.1388
335,1175,1510,0.1388
334,1185,1519,0.1388
339,1189,1528,0.1388
336,1182,1518,0.1388
331,1179,1510,0.1388
329,1185,1514,0.1388
329,1184,1513,0.1388
333,1185,1518,0.1388
331,1183,1514,0.1388
335,1178,1513,0.1388
329,1179,1508,0.1388
322,1185,1507,0.1388
328,1179,1507,0.1388
330,1184,1514,0.1388
323,1185,1508,0.1388
328,1194,1522,0.1388
329,1194,1523,0.1388
323,1183,1506,0.1388
325,1185,1510,0.1388
322,1182,1504,0.1388
325,1200,1525,0.1388
322,1189,1511,0.1388
325,1195,1520,0.1388
327,1185,1512,0.1388
322,1185,1507,0.1388
314,1196,1510,0.1388
318,1196,1514,0.1388
315,1206,1521,0.1388
306,1202,1508,0.1388
302,1210,1512,0.1388
305,1204,1509,0.1388
300,1200,1500,0.1388
299,1207,1506,0.1388
299,1204,1503,0.1388
304,1205,1509,0.1388
302,1208,1510,0.1388
297,1210,1507,0.1388
295,1213,1508,0.1388
303,1212,1515,0.1388
297,1199,1496,0.1388
298,1202,1500,0.1388
295,1201,1496,0.1388
300,1213,1513,0.1388
299,1216,1515,0.1388
299,1212,1511,0.1388
297,1209,1506,0.1388
301,1212,1513,0.1388
296,1214,1510,0.1388
289,1220,1509,0.1388
290,1231,1521,0.1388
280,1230,1510,0.1388
288,1235,1523,0.1388
291,1235,1526,0.1388
288,1225,1513,0.1388
292,1223,1515,0.1388
290,1224,1514,0.1388
290,1235,1525,0.1388
287,1228,1515,0.1388
284,1223,1507,0.1388
286,1231,1517,0.1388
285,1241,1526,0.1388
285,1225,1510,0.1388
286,1218,1504,0.1388
292,1220,1512,0.1388
289,1225,1514,0.1388
300,1230,1530,0.1388
296,1233,1529,0.1388
298,1231,1529,0.1388
292,1219,1511,0.1388
289,1224,1513,0.1388
293,1223,1516,0.1388
288,1213,1501,0.1388
294,1205,1499,0.1388
296,1205,1501,0.1388
296,1213,1509,0.1388
297,1205,1502,0.1388
299,1193,1492,0.1388
300,1208,1508,0.1388
299,1204,1503,0.1388
299,1204,1503,0.1388
297,1207,1504,0.1388
292,1215,1507,0.1388
301,1211,1512,0.1388
301,1210,1511,0.1388
298,1206,1504,0.1388
298,1212,1510,0.1388
297,1217,1514,0.1388
302,1216,1518,0.1388
301,1212,1513,0.1388
303,1220,1523,0.1388
299,1229,1528,0.1388
293,1225,1518,0.1388
288,1206,1494,0.1388
283,1211,1494,0.1388
288,1215,1503,0.1388
289,1204,1493,0.1388
289,1223,1512,0.1388
293,1229,1522,0.1388
293,1220,1513,0.1388
291,1208,1499,0.1388
290,1224,1514,0.1388
288,1219,1507,0.1388
283,1229,1512,0.1388
286,1226,1512,0.1388
287,1222,1509,0.1388
283,1242,1525,0.1388
280,1244,1524,0.1388
282,1245,1527,0.1388
278,1250,1528,0.1388
277,1230,1507,0.1388
273,1236,1509,0.1388
266,1233,1499,0.1388
264,1243,1507,0.1388
266,1228,1494,0.1388
272,1225,1497,0.1388
270,1226,1496,0.1388
270,1235,1505,0.1388
270,1239,1509,0.1388
268,1239,1507,0.1388
263,1247,1510,0.1388
269,1239,1508,0.1388
263,1242,1505,0.1388
261,1240,1501,0.1388
262,1255,1517,0.1388
260,1255,1515,0.1388
256,1251,1507,0.1388
258,1256,1514,0.1388
251,1250,1501,0.1388
253,1257,1510,0.1388
251,1258,1509,0.1388
249,1249,1498,0.1388
248,1254,1502,0.1388
244,1272,1516,0.1388
242,1279,1521,0.1388
234,1283,1517,0.1388
238,1273,1511,0.1388
240,1273,1513,0.1388
238,1272,1510,0.1388
236,1270,1506,0.1388
238,1263,1501,0.1388
243,1268,1511,0.1388
252,1274,1526,0.1388
246,1286,1532,0.1388
249,1284,1533,0.1388
248,1288,1536,0.1388
242,1287,1529,0.1388
239,1287,1526,0.1388
234,1268,1502,0.1388
238,1277,1515,0.1388
236,1279,1515,0.1388
241,1278,1519,0.1388
242,1273,1515,0.1388
238,1281,1519,0.1388
239,1290,1529,0.1388
233,1285,1518,0.1388
239,1296,1535,0.1388
232,1296,1528,0.1388
234,1299,1533,0.1388
232,1291,1523,0.1388
230,1286,1516,0.1388
226,1292,1518,0.1388
230,1294,1524,0.1388
228,1292,1520,0.1388
232,1288,1520,0.1388
228,1299,1527,0.1388
234,1282,1516,0.1388
233,1293,1526,0.1388
232,1293,1525,0.1388
229,1280,1509,0.1388
229,1294,1523,0.1388
221,1294,1515,0.1388
222,1290,1512,0.1388
225,1296,1521,0.1388
220,1288,1508,0.1388
220,1292,1512,0.1388
217,1308,1525,0.1388
217,1308,1525,0.1388
221,1301,1522,0.1388
227,1298,1525,0.1388
232,1294,1526,0.1388
228,1299,1527,0.1388
225,1293,1518,0.1388
222,1284,1506,0.1388
224,1293,1517,0.1388
222,1305,1527,0.1388
220,1307,1527,0.1388
220,1311,1531,0.1388
214,1298,1512,0.1388
212,1297,1509,0.1388
212,1303,1515,0.1388
209,1305,1514,0.1388
208,1305,1513,0.1388
206,1312,1518,0.1388
203,1307,1510,0.1388
206,1306,1512,0.1388
207,1306,1513,0.1388
207,1308,1515,0.1388
207,1302,1509,0.1388
214,1296,1510,0.1388
214,1294,1508,0.1388
210,1290,1500,0.1388
213,1302,1515,0.1388
211,1306,1517,0.1388
214,1300,1514,0.1388
215,1302,1517,0.1388
213,1298,1511,0.1388
214,1305,1519,0.1388
217,1300,1517,0.1388
218,1304,1522,0.1388
219,1305,1524,0.1388
219,1301,1520,0.1388
217,1298,1515,0.1388
218,1298,1516,0.1388
212,1299,1511,0.1388
208,1308,1516,0.1388
210,1306,1516,0.1388
211,1299,1510,0.1388
214,1299,1513,0.1388
209,1304,1513,0.1388
211,1297,1508,0.1388
211,1292,1503,0.1388
207,1292,1499,0.1388
202,1293,1495,0.1388
201,1308,1509,0.1388
200,1307,1507,0.1388
197,1308,1505,0.1388
196,1295,1491,0.1388
201,1315,1516,0.1388
208,1302,1510,0.1388
207,1304,1511,0.1388
207,1290,1497,0.1388
206,1295,1501,0.1388
207,1306,1513,0.1388
211,1315,1526,0.1388
213,1308,1521,0.1388
202,1311,1513,0.1388
205,1305,1510,0.1388
205,1321,1526,0.1388
206,1322,1528,0.1388
206,1316,1522,0.1388
203,1324,1527,0.1388
202,1317,1519,0.1388
200,1318,1518,0.1388
201,1301,1502,0.1388
206,1300,1506,0.1388
200,1302,1502,0.1388
198,1299,1497,0.1388
200,1311,1511,0.1388
199,1320,1519,0.1388
198,1326,1524,0.1388
199,1325,1524,0.1388
194,1317,1511,0.1388
191,1329,1520,0.1388
193,1335,1528,0.1388
193,1338,1531,0.1388
190,1346,1536,0.1388
187,1336,1523,0.1388
185,1324,1509,0.1388
183,1320,1503,0.1388
185,1321,1506,0.1388
184,1319,1503,0.1388
183,1321,1504,0.1388
182,1325,1507,0.1388
183,1326,1509,0.1388
182,1315,1497,0.1388
181,1316,1497,0.1388
186,1315,1501,0.1388
181,1325,1506,0.1388
180,1332,1512,0.1388
178,1338,1516,0.1388
171,1335,1506,0.1388
174,1338,1512,0.1388
179,1324,1503,0.1388
179,1331,1510,0.1388
180,1341,1521,0.1388
175,1326,1501,0.1388
177,1338,1515,0.1388
172,1333,1505,0.1388
178,1328,1506,0.1388
178,1330,1508,0.1388
181,1327,1508,0.1388
176,1334,1510,0.1388
178,1338,1516,0.1388
179,1325,1504,0.1388
175,1334,1509,0.1388
173,1347,1520,0.1388
175,1332,1507,0.1388
180,1337,1517,0.1388
181,1335,1516,0.1388
181,1344,1525,0.1388
180,1342,1522,0.1388
177,1338,1515,0.1388
173,1340,1513,0.1388
171,1333,1504,0.1388
174,1349,1523,0.1388
169,1339,1508,0.1388
170,1334,1504,0.1388
166,1333,1499,0.1388
168,1335,1503,0.1388
165,1348,1513,0.1388
167,1337,1504,0.1388
171,1337,1508,0.1388
173,1341,1514,0.1388
175,1329,1504,0.1388
177,1340,1517,0.1388
170,1326,1496,0.1388
175,1332,1507,0.1388
175,1339,1514,0.1388
177,1344,1521,0.1388
179,1350,1529,0.1388
179,1358,1537,0.1388
170,1350,1520,0.1388
169,1349,1518,0.1388
167,1341,1508,0.1388
168,1334,1502,0.1388
171,1327,1498,0.1388
171,1322,1493,0.1388
169,1326,1495,0.1388
168,1337,1505,0.1388
171,1340,1511,0.1388
174,1341,1515,0.1388
176,1343,1519,0.1388
176,1349,1525,0.1388
169,1337,1506,0.1388
169,1334,1503,0.1388
171,1331,1502,0.1388
170,1337,1507,0.1388
169,1336,1505,0.1388
171,1343,1514,0.1388
167,1353,1520,0.1388
169,1351,1520,0.1388
169,1351,1520,0.1388
164,1341,1505,0.1388
169,1331,1500,0.1388
171,1336,1507,0.1388
176,1343,1519,0.1388
171,1344,1515,0.1388
173,1344,1517,0.1388
176,1348,1524,0.1388
171,1347,1518,0.1388
173,1347,1520,0.1388
167,1345,1512,0.1388
169,1341,1510,0.1388
162,1349,1511,0.1388
162,1351,1513,0.1388
166,1344,1510,0.1388
168,1340,1508,0.1388
169,1346,1515,0.1388
166,1345,1511,0.1388
169,1347,1516,0.1388
167,1331,1498,0.1388
166,1328,1494,0.1388
169,1335,1504,0.1388
167,1346,1513,0.1388
168,1347,1515,0.1388
170,1353,1523,0.1388
173,1347,1520,0.1388
171,1356,1527,0.1388
172,1344,1516,0.1388
168,1352,1520,0.1388
167,1366,1533,0.1388
169,1369,1538,0.1388
170,1365,1535,0.1388
171,1359,1530,0.1388
169,1341,1510,0.1388
166,1345,1511,0.1388
168,1361,1529,0.1388
164,1349,1513,0.1388
167,1361,1528,0.1388
165,1365,1530,0.1388
157,1357,1514,0.1388
157,1364,1521,0.1388
165,1372,1537,0.1388
159,1379,1538,0.1388
158,1368,1526,0.1388
157,1350,1507,0.1388
153,1349,1502,0.1388
151,1356,1507,0.1388
149,1354,1503,0.1388
149,1375,1524,0.1388
147,1374,1521,0.1388
148,1372,1520,0.1388
152,1367,1519,0.1388
153,1357,1510,0.1388
154,1368,1522,0.1388
153,1356,1509,0.1388
156,1355,1511,0.1388
153,1352,1505,0.1388
154,1360,1514,0.1388
152,1358,1510,0.1388
150,1368,1518,0.1388
149,1358,1507,0.1388
154,1357,1511,0.1388
155,1351,1506,0.1388
154,1359,1513,0.1388
154,1350,1504,0.1388
152,1343,1495,0.1388
153,1336,1489,0.1388
154,1340,1494,0.1388
157,1351,1508,0.1388
153,1361,1514,0.1388
153,1355,1508,0.1388
154,1367,1521,0.1388
152,1357,1509,0.1388
149,1362,1511,0.1388
146,1366,1512,0.1388
147,1361,1508,0.1388
144,1356,1500,0.1388
140,1364,1504,0.1388
143,1371,1514,0.1388
142,1366,1508,0.1388
137,1369,1506,0.1388
135,1377,1512,0.1388
136,1369,1505,0.1388
133,1376,1509,0.1388
138,1385,1523,0.1388
139,1386,1525,0.1388
137,1388,1525,0.1388
136,1385,1521,0.1388
137,1380,1517,0.1388
137,1359,1496,0.1388
134,1363,1497,0.1388
134,1370,1504,0.1388
135,1363,1498,0.1388
134,1379,1513,0.1388
137,1373,1510,0.1388
133,1375,1508,0.1388
133,1376,1509,0.1388
128,1374,1502,0.1388
123,1385,1508,0.1388
123,1383,1506,0.1388
128,1377,1505,0.1388
130,1381,1511,0.1388
132,1377,1509,0.1388
128,1370,1498,0.1388
130,1370,1500,0.1388
133,1371,1504,0.1388
132,1386,1518,0.1388
131,1379,1510,0.1388
129,1394,1523,0.1388
134,1381,1515,0.1388
130,1387,1517,0.1388
128,1388,1516,0.1388
127,1370,1497,0.1388
130,1376,1506,0.1388
134,1381,1515,0.1388
136,1381,1517,0.1388
133,1392,1525,0.1388
131,1386,1517,0.1388
130,1394,1524,0.1388
131,1388,1519,0.1388
131,1390,1521,0.1388
129,1377,1506,0.1388
131,1381,1512,0.1388
131,1392,1523,0.1388
128,1400,1528,0.1388
127,1383,1510,0.1388
125,1388,1513,0.1388
119,1392,1511,0.1388
122,1394,1516,0.1388
123,1394,1517,0.1388
125,1394,1519,0.1388
125,1398,1523,0.1388
119,1408,1527,0.1388
121,1405,1526,0.1388
118,1394,1512,0.1388
116,1387,1503,0.1388
114,1392,1506,0.1388
117,1403,1520,0.1388
113,1407,1520,0.1388
113,1402,1515,0.1388
115,1405,1520,0.1388
114,1394,1508,0.1388
116,1399,1515,0.1388
113,1390,1503,0.1388
113,1394,1507,0.1388
113,1399,1512,0.1388
117,1388,1505,0.1388
117,1407,1524,0.1388
112,1397,1509,0.1388
111,1390,1501,0.1388
111,1389,1500,0.1388
109,1402,1511,0.1388
109,1408,1517,0.1388
111,1405,1516,0.1388
110,1405,1515,0.1388
109,1411,1520,0.1388
108,1407,1515,0.1388
107,1400,1507,0.1388
109,1383,1492,0.1388
109,1378,1487,0.1388
107,1393,1500,0.1388
107,1399,1506,0.1388
108,1401,1509,0.1388
106,1413,1519,0.1388
104,1424,1528,0.1388
106,1416,1522,0.1388
107,1408,1515,0.1388
104,1417,1521,0.1388
103,1420,1523,0.1388
106,1420,1526,0.1388
107,1410,1517,0.1388
105,1419,1524,0.1388
99,1416,1515,0.1388
99,1412,1511,0.1388
97,1423,1520,0.1388
97,1412,1509,0.1388
100,1409,1509,0.1388
101,1412,1513,0.1388
101,1409,1510,0.1388
102,1405,1507,0.1388
98,1425,1523,0.1388
94,1421,1515,0.1388
94,1420,1514,0.1388
92,1417,1509,0.1388
88,1431,1519,0.1388
92,1430,1522,0.1388
95,1428,1523,0.1388
94,1419,1513,0.1388
95,1427,1522,0.1388
95,1437,1532,0.1388
94,1425,1519,0.1388
94,1430,1524,0.1388
94,1431,1525,0.1388
90,1432,1522,0.1388
87,1443,1530,0.1388
87,1446,1533,0.1388
87,1453,1540,0.1388
88,1445,1533,0.1388
86,1442,1528,0.1388
86,1436,1522,0.1388
86,1432,1518,0.1388
86,1436,1522,0.1388
82,1445,1527,0.1388
80,1450,1530,0.1388
81,1442,1523,0.1388
79,1443,1522,0.1388
76,1433,1509,0.1388
74,1434,1508,0.1388
73,1430,1503,0.1388
74,1426,1500,0.1388
75,1417,1492,0.1388
75,1432,1507,0.1388
76,1446,1522,0.1388
76,1463,1539,0.1388
73,1466,1539,0.1388
73,1461,1534,0.1388
73,1440,1513,0.1388
73,1437,1510,0.1388
72,1440,1512,0.1388
72,1441,1513,0.1388
72,1440,1512,0.1388
73,1437,1510,0.1388
71,1439,1510,0.1388
75,1441,1516,0.1388
75,1443,1518,0.1388
74,1437,1511,0.1388
74,1429,1503,0.1388
74,1437,1511,0.1388
75,1444,1519,0.1388
79,1432,1511,0.1388
80,1429,1509,0.1388
82,1410,1492,0.1388
81,1407,1488,0.1388
81,1411,1492,0.1388
83,1416,1499,0.1388
84,1415,1499,0.1388
84,1425,1509,0.1388
84,1426,1510,0.1388
85,1430,1515,0.1388
85,1431,1516,0.1388
85,1448,1533,0.1388
84,1439,1523,0.1388
86,1431,1517,0.1388
88,1431,1519,0.1388
87,1442,1529,0.1388
86,1438,1524,0.1388
85,1436,1521,0.1388
83,1431,1514,0.1388
82,1428,1510,0.1388
81,1422,1503,0.1388
81,1436,1517,0.1388
80,1439,1519,0.1388
83,1434,1517,0.1388
84,1427,1511,0.1388
86,1435,1521,0.1388
84,1427,1511,0.1388
83,1428,1511,0.1388
83,1430,1513,0.1388
81,1437,1518,0.1388
81,1444,1525,0.1388
79,1435,1514,0.1388
79,1441,1520,0.1388
80,1437,1517,0.1388
81,1426,1507,0.1388
78,1440,1518,0.1388
72,1456,1528,0.1388
69,1451,1520,0.1388
68,1435,1503,0.1388
68,1442,1510,0.1388
69,1443,1512,0.1388
68,1446,1514,0.1388
67,1444,1511,0.1388
68,1458,1526,0.1388
67,1456,1523,0.1388
71,1443,1514,0.1388
72,1448,1520,0.1388
73,1447,1520,0.1388
75,1438,1513,0.1388
73,1454,1527,0.1388
72,1460,1532,0.1388
72,1451,1523,0.1388
72,1454,1526,0.1388
70,1442,1512,0.1388
71,1441,1512,0.1388
68,1442,1510,0.1388
68,1447,1515,0.1388
68,1448,1516,0.1388
67,1446,1513,0.1388
66,1443,1509,0.1388
68,1443,1511,0.1388
65,1435,1500,0.1388
62,1453,1515,0.1388
61,1452,1513,0.1388
63,1462,1525,0.1388
61,1447,1508,0.1388
62,1450,1512,0.1388
60,1456,1516,0.1388
61,1464,1525,0.1388
58,1458,1516,0.1388
62,1451,1513,0.1388
63,1445,1508,0.1388
62,1443,1505,0.1388
61,1451,1512,0.1388
61,1459,1520,0.1388
59,1464,1523,0.1388
58,1458,1516,0.1388
56,1459,1515,0.1388
55,1467,1522,0.1388
53,1465,1518,0.1388
53,1472,1525,0.1388
52,1484,1536,0.1388
52,1470,1522,0.1388
52,1460,1512,0.1388
49,1458,1507,0.1388
52,1463,1515,0.1388
52,1471,1523,0.1388
50,1462,1512,0.1388
50,1455,1505,0.1388
50,1460,1510,0.1388
48,1472,1520,0.1388
46,1476,1522,0.1388
46,1474,1520,0.1388
46,1464,1510,0.1388
47,1467,1514,0.1388
48,1458,1506,0.1388
49,1460,1509,0.1388
48,1469,1517,0.1388
49,1466,1515,0.1388
49,1473,1522,0.1388
48,1469,1517,0.1388
49,1461,1510,0.1388
48,1462,1510,0.1388
47,1466,1513,0.1388
46,1475,1521,0.1388
46,1474,1520,0.1388
45,1473,1518,0.1388
42,1480,1522,0.1388
41,1474,1515,0.1388
41,1467,1508,0.1388
42,1477,1519,0.1388
40,1491,1531,0.1388
40,1475,1515,0.1388
42,1481,1523,0.1388
41,1484,1525,0.1388
40,1493,1533,0.1388
39,1478,1517,0.1388
39,1465,1504,0.1388
40,1480,1520,0.1388
42,1482,1524,0.1388
42,1478,1520,0.1388
42,1475,1517,0.1388
42,1480,1522,0.1388
43,1465,1508,0.1388
41,1468,1509,0.1388
41,1471,1512,0.1388
39,1480,1519,0.1388
40,1473,1513,0.1388
37,1468,1505,0.1388
38,1465,1503,0.1388
40,1480,1520,0.1388
40,1481,1521,0.1388
40,1489,1529,0.1388
39,1488,1527,0.1388
37,1467,1504,0.1388
38,1465,1503,0.1388
40,1468,1508,0.1388
39,1473,1512,0.1388
38,1482,1520,0.1388
35,1472,1507,0.1388
36,1472,1508,0.1388
36,1478,1514,0.1388
38,1474,1512,0.1388
38,1480,1518,0.1388
38,1471,1509,0.1388
37,1468,1505,0.1388
37,1467,1504,0.1388
35,1474,1509,0.1388
35,1478,1513,0.1388
34,1485,1519,0.1388
35,1478,1513,0.1388
36,1477,1513,0.1388
37,1480,1517,0.1388
35,1486,1521,0.1388
33,1472,1505,0.1388
35,1462,1497,0.1388
35,1475,1510,0.1388
35,1461,1496,0.1388
33,1476,1509,0.1388
33,1482,1515,0.1388
32,1476,1508,0.1388
32,1479,1511,0.1388
33,1491,1524,0.1388
32,1492,1524,0.1388
33,1495,1528,0.1388
32,1483,1515,0.1388
33,1466,1499,0.1388
35,1477,1512,0.1388
36,1471,1507,0.1388
36,1486,1522,0.1388
35,1481,1516,0.1388
34,1470,1504,0.1388
35,1477,1512,0.1388
33,1473,1506,0.1388
33,1472,1505,0.1388
32,1493,1525,0.1388
32,1488,1520,0.1388
34,1491,1525,0.1388
33,1489,1522,0.1388
33,1478,1511,0.1388
31,1490,1521,0.1388
32,1486,1518,0.1388
32,1465,1497,0.1388
31,1483,1514,0.1388
35,1488,1523,0.1388
35,1496,1531,0.1388
34,1491,1525,0.1388
35,1483,1518,0.1388
35,1482,1517,0.1388
36,1483,1519,0.1388
36,1487,1523,0.1388
35,1494,1529,0.1388
35,1496,1531,0.1388
36,1492,1528,0.1388
33,1487,1520,0.1388
31,1495,1526,0.1388
32,1493,1525,0.1388
31,1492,1523,0.1388
31,1485,1516,0.1388
33,1473,1506,0.1388
34,1490,1524,0.1388
34,1487,1521,0.1388
32,1493,1525,0.1388
33,1495,1528,0.1388
31,1485,1516,0.1388
31,1484,1515,0.1388
32,1467,1499,0.1388
32,1483,1515,0.1388
31,1492,1523,0.1388
33,1501,1534,0.1388
33,1496,1529,0.1388
32,1492,1524,0.1388
30,1504,1534,0.1388
31,1503,1534,0.1388
31,1501,1532,0.1388
31,1486,1517,0.1388
31,1503,1534,0.1388
30,1505,1535,0.1388
31,1495,1526,0.1388
31,1482,1513,0.1388
30,1481,1511,0.1388
32,1481,1513,0.1388
31,1487,1518,0.1388
31,1482,1513,0.1388
32,1471,1503,0.1388
31,1481,1512,0.1388
31,1483,1514,0.1388
32,1482,1514,0.1388
30,1487,1517,0.1388
30,1491,1521,0.1388
30,1488,1518,0.1388
30,1493,1523,0.1388
29,1495,1524,0.1388
31,1486,1517,0.1388
29,1495,1524,0.1388
27,1496,1523,0.1388
27,1501,1528,0.1388
25,1518,1543,0.1388
25,1500,1525,0.1388
25,1487,1512,0.1388
27,1486,1513,0.1388
30,1492,1522,0.1388
31,1499,1530,0.1388
31,1495,1526,0.1388
30,1485,1515,0.1388
32,1482,1514,0.1388
32,1485,1517,0.1388
31,1487,1518,0.1388
32,1487,1519,0.1388
34,1487,1521,0.1388
33,1476,1509,0.1388
35,1473,1508,0.1388
36,1466,1502,0.1388
38,1456,1494,0.1388
37,1468,1505,0.1388
34,1474,1508,0.1388
33,1493,1526,0.1388
34,1490,1524,0.1388
33,1491,1524,0.1388
33,1483,1516,0.1388
33,1491,1524,0.1388
32,1489,1521,0.1388
33,1489,1522,0.1388
32,1481,1513,0.1388
33,1475,1508,0.1388
34,1480,1514,0.1388
33,1483,1516,0.1388
32,1484,1516,0.1388
32,1478,1510,0.1388
30,1472,1502,0.1388
30,1480,1510,0.1388
30,1471,1501,0.1388
29,1476,1505,0.1388
29,1480,1509,0.1388
29,1493,1522,0.1388
31,1492,1523,0.1388
30,1486,1516,0.1388
29,1488,1517,0.1388
29,1500,1529,0.1388
28,1498,1526,0.1388
27,1489,1516,0.1388
27,1491,1518,0.1388
28,1484,1512,0.1388
28,1480,1508,0.1388
27,1478,1505,0.1388
27,1497,1524,0.1388
27,1499,1526,0.1388
27,1492,1519,0.1388
26,1492,1518,0.1388
27,1491,1518,0.1388
26,1480,1506,0.1388
27,1484,1511,0.1388
26,1485,1511,0.1388
24,1485,1509,0.1388
22,1505,1527,0.1388
22,1501,1523,0.1388
23,1501,1524,0.1388
22,1510,1532,0.1388
23,1496,1519,0.1388
22,1493,1515,0.1388
21,1493,1514,0.1388
22,1498,1520,0.1388
21,1505,1526,0.1388
21,1493,1514,0.1388
20,1507,1527,0.1388
20,1508,1528,0.1388
19,1509,1528,0.1388
20,1508,1528,0.1388
20,1508,1528,0.1388
20,1497,1517,0.1388
20,1498,1518,0.1388
20,1501,1521,0.1388
20,1498,1518,0.1388
20,1492,1512,0.1388
19,1499,1518,0.1388
18,1493,1511,0.1388
19,1502,1521,0.1388
22,1503,1525,0.1388
23,1498,1521,0.1388
23,1501,1524,0.1388
21,1494,1515,0.1388
23,1502,1525,0.1388
24,1488,1512,0.1388
23,1487,1510,0.1388
22,1510,1532,0.1388
22,1498,1520,0.1388
21,1490,1511,0.1388
21,1486,1507,0.1388
20,1481,1501,0.1388
20,1499,1519,0.1388
20,1491,1511,0.1388
20,1486,1506,0.1388
20,1492,1512,0.1388
21,1491,1512,0.1388
22,1495,1517,0.1388
22,1486,1508,0.1388
21,1489,1510,0.1388
22,1505,1527,0.1388
21,1494,1515,0.1388
21,1496,1517,0.1388
21,1490,1511,0.1388
21,1500,1521,0.1388
22,1493,1515,0.1388
22,1491,1513,0.1388
20,1484,1504,0.1388
19,1488,1507,0.1388
20,1486,1506,0.1388
20,1495,1515,0.1388
19,1497,1516,0.1388
19,1500,1519,0.1388
19,1501,1520,0.1388
19,1511,1530,0.1388
16,1509,1525,0.1388
16,1513,1529,0.1388
17,1497,1514,0.1388
17,1503,1520,0.1388
17,1500,1517,0.1388
18,1502,1520,0.1388
16,1506,1522,0.1388
16,1497,1513,0.1388
15,1504,1519,0.1388
14,1514,1528,0.1388
15,1502,1517,0.1388
15,1493,1508,0.1388
15,1507,1522,0.1388
14,1499,1513,0.1388
13,1504,1517,0.1388
13,1502,1515,0.1388
13,1513,1526,0.1388
13,1499,1512,0.1388
13,1498,1511,0.1388
13,1503,1516,0.1388
13,1501,1514,0.1388
13,1500,1513,0.1388
14,1495,1509,0.1388
16,1483,1499,0.1388
16,1506,1522,0.1388
17,1506,1523,0.1388
17,1503,1520,0.1388
16,1515,1531,0.1388
15,1517,1532,0.1388
16,1508,1524,0.1388
16,1508,1524,0.1388
15,1513,1528,0.1388
15,1499,1514,0.1388
13,1499,1512,0.1388
12,1509,1521,0.1388
13,1503,1516,0.1388
13,1495,1508,0.1388
12,1501,1513,0.1388
13,1503,1516,0.1388
12,1499,1511,0.1388
12,1502,1514,0.1388
13,1501,1514,0.1388
13,1522,1535,0.1388
13,1519,1532,0.1388
13,1513,1526,0.1388
13,1522,1535,0.1388
13,1501,1514,0.1388
14,1509,1523,0.1388
13,1489,1502,0.1388
14,1505,1519,0.1388
14,1488,1502,0.1388
14,1486,1500,0.1388
15,1505,1520,0.1388
14,1505,1519,0.1388
14,1495,1509,0.1388
15,1494,1509,0.1388
15,1508,1523,0.1388
15,1508,1523,0.1388
15,1507,1522,0.1388
14,1505,1519,0.1388
14,1504,1518,0.1388
15,1515,1530,0.1388
15,1511,1526,0.1388
15,1504,1519,0.1388
16,1505,1521,0.1388
15,1518,1533,0.1388
15,1508,1523,0.1388
15,1503,1518,0.1388
14,1495,1509,0.1388
15,1489,1504,0.1388
16,1482,1498,0.1388
15,1492,1507,0.1388
15,1481,1496,0.1388
15,1495,1510,0.1388
15,1500,1515,0.1388
14,1514,1528,0.1388
13,1503,1516,0.1388
13,1506,1519,0.1388
12,1510,1522,0.1388
11,1511,1522,0.1388
12,1502,1514,0.1388
12,1502,1514,0.1388
12,1500,1512,0.1388
12,1517,1529,0.1388
12,1515,1527,0.1388
12,1511,1523,0.1388
12,1495,1507,0.1388
12,1500,1512,0.1388
12,1508,1520,0.1388
12,1506,1518,0.1388
12,1497,1509,0.1388
12,1500,1512,0.1388
11,1502,1513,0.1388
11,1514,1525,0.1388
11,1502,1513,0.1388
11,1501,1512,0.1388
11,1507,1518,0.1388
11,1521,1532,0.1388
11,1509,1520,0.1388
11,1517,1528,0.1388
12,1528,1540,0.1388
12,1514,1526,0.1388
12,1522,1534,0.1388
13,1522,1535,0.1388
13,1509,1522,0.1388
14,1506,1520,0.1388
16,1503,1519,0.1388
16,1511,1527,0.1388
15,1503,1518,0.1388
15,1509,1524,0.1388
15,1526,1541,0.1388
16,1514,1530,0.1388
15,1511,1526,0.1388
15,1510,1525,0.1388
15,1520,1535,0.1388
15,1510,1525,0.1388
15,1509,1524,0.1388
16,1493,1509,0.1388
17,1494,1511,0.1388
17,1496,1513,0.1388
17,1502,1519,0.1388
17,1513,1530,0.1388
17,1513,1530,0.1388
16,1521,1537,0.1388
16,1509,1525,0.1388
17,1503,1520,0.1388
16,1499,1515,0.1388
16,1499,1515,0.1388
16,1506,1522,0.1388
16,1502,1518,0.1388
15,1497,1512,0.1388
13,1498,1511,0.1388
13,1504,1517,0.1388
13,1511,1524,0.1388
14,1512,1526,0.1388
14,1514,1528,0.1388
14,1517,1531,0.1388
14,1505,1519,0.1388
13,1501,1514,0.1388
12,1500,1512,0.1388
12,1500,1512,0.1388
13,1502,1515,0.1388
12,1503,1515,0.1388
12,1514,1526,0.1388
13,1502,1515,0.1388
13,1496,1509,0.1388
13,1504,1517,0.1388
10,1500,1510,0.1388
10,1509,1519,0.1388
9,1507,1516,0.1388
9,1507,1516,0.1388
8,1502,1510,0.1388
7,1509,1516,0.1388
7,1508,1515,0.1388
7,1514,1521,0.1388
7,1514,1521,0.1388
8,1517,1525,0.1388
7,1516,1523,0.1388
7,1514,1521,0.1388
8,1500,1508,0.1388
7,1506,1513,0.1388
6,1506,1512,0.1388
6,1504,1510,0.1388
6,1513,1519,0.1388
7,1501,1508,0.1388
8,1522,1530,0.1388
8,1511,1519,0.1388
7,1509,1516,0.1388
7,1515,1522,0.1388
7,1521,1528,0.1388
8,1521,1529,0.1388
8,1518,1526,0.1388
8,1510,1518,0.1388
8,1512,1520,0.1388
8,1518,1526,0.1388
7,1506,1513,0.1388
7,1501,1508,0.1388
7,1505,1512,0.1388
7,1484,1491,0.1388
7,1495,1502,0.1388
8,1498,1506,0.1388
8,1503,1511,0.1388
8,1517,1525,0.1388
8,1518,1526,0.1388
9,1526,1535,0.1388
8,1520,1528,0.1388
8,1522,1530,0.1388
8,1527,1535,0.1388
9,1527,1536,0.1388
9,1532,1541,0.1388
9,1530,1539,0.1388
9,1532,1541,0.1388
9,1527,1536,0.1388
10,1524,1534,0.1388
10,1503,1513,0.1388
10,1501,1511,0.1388
10,1499,1509,0.1388
10,1497,1507,0.1388
9,1490,1499,0.1388
9,1497,1506,0.1388
9,1518,1527,0.1388
9,1512,1521,0.1388
8,1498,1506,0.1388
9,1489,1498,0.1388
9,1503,1512,0.1388
9,1502,1511,0.1388
9,1496,1505,0.1388
10,1502,1512,0.1388
10,1513,1523,0.1388
9,1510,1519,0.1388
9,1505,1514,0.1388
11,1501,1512,0.1388
10,1481,1491,0.1388
9,1489,1498,0.1388
9,1493,1502,0.1388
10,1497,1507,0.1388
10,1496,1506,0.1388
10,1513,1523,0.1388
10,1511,1521,0.1388
10,1494,1504,0.1388
11,1505,1516,0.1388
11,1495,1506,0.1388
11,1497,1508,0.1388
12,1502,1514,0.1388
13,1507,1520,0.1388
13,1504,1517,0.1388
13,1498,1511,0.1388
13,1500,1513,0.1388
12,1505,1517,0.1388
12,1511,1523,0.1388
12,1497,1509,0.1388
13,1498,1511,0.1388
14,1509,1523,0.1388
14,1504,1518,0.1388
14,1512,1526,0.1388
14,1514,1528,0.1388
15,1515,1530,0.1388
15,1502,1517,0.1388
15,1503,1518,0.1388
15,1503,1518,0.1388
14,1496,1510,0.1388
14,1491,1505,0.1388
14,1504,1518,0.1388
14,1502,1516,0.1388
14,1498,1512,0.1388
13,1512,1525,0.1388
13,1511,1524,0.1388
13,1500,1513,0.1388
14,1508,1522,0.1388
14,1503,1517,0.1388
12,1499,1511,0.1388
13,1505,1518,0.1388
14,1509,1523,0.1388
13,1498,1511,0.1388
13,1499,1512,0.1388
13,1501,1514,0.1388
13,1510,1523,0.1388
13,1503,1516,0.1388
12,1504,1516,0.1388
13,1500,1513,0.1388
13,1499,1512,0.1388
13,1507,1520,0.1388
12,1508,1520,0.1388
13,1490,1503,0.1388
14,1493,1507,0.1388
15,1497,1512,0.1388
15,1503,1518,0.1388
14,1510,1524,0.1388
15,1512,1527,0.1388
15,1505,1520,0.1388
15,1502,1517,0.1388
15,1506,1521,0.1388
16,1493,1509,0.1388
17,1480,1497,0.1388
17,1481,1498,0.1388
17,1506,1523,0.1388
18,1503,1521,0.1388
18,1498,1516,0.1388
18,1494,1512,0.1388
16,1488,1504,0.1388
16,1496,1512,0.1388
16,1511,1527,0.1388
15,1503,1518,0.1388
15,1506,1521,0.1388
16,1497,1513,0.1388
16,1491,1507,0.1388
16,1497,1513,0.1388
14,1497,1511,0.1388
14,1503,1517,0.1388
14,1499,1513,0.1388
14,1493,1507,0.1388
13,1508,1521,0.1388
13,1508,1521,0.1388
12,1510,1522,0.1388
13,1502,1515,0.1388
12,1504,1516,0.1388
11,1505,1516,0.1388
12,1502,1514,0.1388
12,1516,1528,0.1388
12,1508,1520,0.1388
12,1509,1521,0.1388
12,1511,1523,0.1388
13,1521,1534,0.1388
13,1515,1528,0.1388
12,1505,1517,0.1388
12,1489,1501,0.1388
12,1490,1502,0.1388
12,1503,1515,0.1388
13,1511,1524,0.1388
12,1512,1524,0.1388
12,1506,1518,0.1388
12,1503,1515,0.1388
14,1505,1519,0.1388
14,1514,1528,0.1388
14,1505,1519,0.1388
15,1489,1504,0.1388
15,1478,1493,0.1388
15,1491,1506,0.1388
15,1503,1518,0.1388
15,1504,1519,0.1388
15,1501,1516,0.1388
14,1502,1516,0.1388
13,1500,1513,0.1388
13,1505,1518,0.1388
13,1517,1530,0.1388
11,1510,1521,0.1388
11,1513,1524,0.1388
11,1516,1527,0.1388
11,1521,1532,0.1388
12,1516,1528,0.1388
11,1518,1529,0.1388
12,1509,1521,0.1388
12,1500,1512,0.1388
12,1507,1519,0.1388
12,1511,1523,0.1388
12,1505,1517,0.1388
11,1514,1525,0.1388
9,1521,1530,0.1388
8,1504,1512,0.1388
9,1509,1518,0.1388
8,1511,1519,0.1388
8,1516,1524,0.1388
8,1506,1514,0.1388
8,1511,1519,0.1388
8,1512,1520,0.1388
7,1516,1523,0.1388
7,1513,1520,0.1388
7,1514,1521,0.1388
6,1505,1511,0.1388
6,1514,1520,0.1388
6,1524,1530,0.1388
6,1524,1530,0.1388
8,1508,1516,0.1388
8,1503,1511,0.1388
8,1514,1522,0.1388
8,1525,1533,0.1388
10,1511,1521,0.1388
10,1508,1518,0.1388
10,1514,1524,0.1388
9,1509,1518,0.1388
10,1508,1518,0.1388
11,1508,1519,0.1388
12,1500,1512,0.1388
12,1503,1515,0.1388
11,1489,1500,0.1388
12,1493,1505,0.1388
12,1491,1503,0.1388
12,1500,1512,0.1388
12,1500,1512,0.1388
12,1499,1511,0.1388
11,1500,1511,0.1388
12,1506,1518,0.1388
11,1498,1509,0.1388
11,1493,1504,0.1388
10,1503,1513,0.1388
8,1501,1509,0.1388
7,1512,1519,0.1388
8,1519,1527,0.1388
8,1524,1532,0.1388
8,1522,1530,0.1388
7,1516,1523,0.1388
7,1503,1510,0.1388
7,1495,1502,0.1388
7,1490,1497,0.1388
7,1506,1513,0.1388
7,1507,1514,0.1388
7,1499,1506,0.1388
5,1507,1512,0.1388
5,1502,1507,0.1388
5,1502,1507,0.1388
5,1514,1519,0.1388
5,1514,1519,0.1388
5,1520,1525,0.1388
5,1509,1514,0.1388
6,1511,1517,0.1388
7,1516,1523,0.1388
7,1508,1515,0.1388
7,1501,1508,0.1388
7,1494,1501,0.1388
7,1507,1514,0.1388
7,1513,1520,0.1388
7,1507,1514,0.1388
7,1514,1521,0.1388
7,1509,1516,0.1388
7,1521,1528,0.1388
6,1514,1520,0.1388
6,1507,1513,0.1388
7,1500,1507,0.1388
7,1504,1511,0.1388
7,1511,1518,0.1388
8,1511,1519,0.1388
8,1521,1529,0.1388
8,1508,1516,0.1388
8,1507,1515,0.1388
8,1499,1507,0.1388
8,1500,1508,0.1388
8,1493,1501,0.1388
8,1496,1504,0.1388
7,1498,1505,0.1388
7,1510,1517,0.1388
7,1517,1524,0.1388
6,1505,1511,0.1388
6,1501,1507,0.1388
6,1514,1520,0.1388
6,1522,1528,0.1388
6,1516,1522,0.1388
6,1506,1512,0.1388
6,1505,1511,0.1388
7,1520,1527,0.1388
7,1521,1528,0.1388
7,1519,1526,0.1388
7,1515,1522,0.1388
7,1517,1524,0.1388
7,1527,1534,0.1388
7,1525,1532,0.1388
8,1525,1533,0.1388
8,1522,1530,0.1388
7,1528,1535,0.1388
7,1522,1529,0.1388
6,1512,1518,0.1388
6,1499,1505,0.1388
6,1503,1509,0.1388
6,1500,1506,0.1388
6,1506,1512,0.1388
5,1501,1506,0.1388
5,1508,1513,0.1388
5,1510,1515,0.1388
5,1501,1506,0.1388
5,1509,1514,0.1388
5,1517,1522,0.1388
4,1529,1533,0.1388
4,1529,1533,0.1388
5,1537,1542,0.1388
5,1531,1536,0.1388
5,1525,1530,0.1388
5,1535,1540,0.1388
5,1522,1527,0.1388
4,1531,1535,0.1388
4,1524,1528,0.1388
4,1511,1515,0.1388
4,1516,1520,0.1388
4,1525,1529,0.1388
4,1521,1525,0.1388
4,1518,1522,0.1388
4,1520,1524,0.1388
4,1508,1512,0.1388
4,1521,1525,0.1388
4,1523,1527,0.1388
4,1522,1526,0.1388
4,1511,1515,0.1388
4,1521,1525,0.1388
4,1517,1521,0.1388
3,1516,1519,0.1388
3,1499,1502,0.1388
3,1486,1489,0.1388
3,1499,1502,0.1388
3,1508,1511,0.1388
4,1514,1518,0.1388
4,1505,1509,0.1388
4,1507,1511,0.1388
4,1506,1510,0.1388
4,1511,1515,0.1388
4,1501,1505,0.1388
4,1502,1506,0.1388
4,1500,1504,0.1388
4,1504,1508,0.1388
5,1510,1515,0.1388
5,1524,1529,0.1388
5,1510,1515,0.1388
5,1504,1509,0.1388
5,1492,1497,0.1388
5,1502,1507,0.1388
5,1496,1501,0.1388
5,1508,1513,0.1388
5,1516,1521,0.1388
5,1518,1523,0.1388
5,1517,1522,0.1388
5,1517,1522,0.1388
5,1519,1524,0.1388
6,1521,1527,0.1388
6,1514,1520,0.1388
6,1510,1516,0.1388
6,1506,1512,0.1388
6,1499,1505,0.1388
6,1494,1500,0.1388
6,1495,1501,0.1388
6,1487,1493,0.1388
5,1495,1500,0.1388
6,1505,1511,0.1388
6,1508,1514,0.1388
6,1516,1522,0.1388
6,1518,1524,0.1388
7,1524,1531,0.1388
6,1525,1531,0.1388
7,1516,1523,0.1388
7,1527,1534,0.1388
7,1517,1524,0.1388
7,1510,1517,0.1388
7,1511,1518,0.1388
6,1511,1517,0.1388
6,1518,1524,0.1388
5,1518,1523,0.1388
5,1517,1522,0.1388
5,1503,1508,0.1388
4,1517,1521,0.1388
4,1513,1517,0.1388
4,1516,1520,0.1388
4,1513,1517,0.1388
4,1518,1522,0.1388
4,1515,1519,0.1388
4,1512,1516,0.1388
4,1507,1511,0.1388
5,1514,1519,0.1388
5,1521,1526,0.1388
5,1528,1533,0.1388
5,1512,1517,0.1388
5,1500,1505,0.1388
5,1499,1504,0.1388
5,1519,1524,0.1388
4,1504,1508,0.1388
4,1515,1519,0.1388
5,1504,1509,0.1388
4,1503,1507,0.1388
3,1514,1517,0.1388
3,1513,1516,0.1388
3,1523,1526,0.1388
2,1523,1525,0.1388
2,1527,1529,0.1388
2,1534,1536,0.1388
2,1521,1523,0.1388
2,1518,1520,0.1388
2,1515,1517,0.1388
2,1526,1528,0.1388
3,1512,1515,0.1388
3,1505,1508,0.1388
3,1490,1493,0.1388
3,1489,1492,0.1388
3,1496,1499,0.1388
3,1507,1510,0.1388
3,1505,1508,0.1388
3,1497,1500,0.1388
2,1492,1494,0.1388
2,1511,1513,0.1388
2,1518,1520,0.1388
2,1514,1516,0.1388
3,1519,1522,0.1388
3,1517,1520,0.1388
3,1510,1513,0.1388
3,1518,1521,0.1388
3,1523,1526,0.1388
3,1521,1524,0.1388
3,1517,1520,0.1388
3,1513,1516,0.1388
3,1514,1517,0.1388
2,1517,1519,0.1388
2,1527,1529,0.1388
2,1518,1520,0.1388
2,1514,1516,0.1388
2,1512,1514,0.1388
2,1514,1516,0.1388
2,1510,1512,0.1388
2,1515,1517,0.1388
2,1510,1512,0.1388
2,1514,1516,0.1388
2,1516,1518,0.1388
2,1525,1527,0.1388
2,1525,1527,0.1388
2,1533,1535,0.1388
2,1535,1537,0.1388
2,1526,1528,0.1388
2,1528,1530,0.1388
2,1530,1532,0.1388
2,1527,1529,0.1388
2,1523,1525,0.1388
2,1522,1524,0.1388
2,1516,1518,0.1388
2,1513,1515,0.1388
2,1512,1514,0.1388
2,1514,1516,0.1388
2,1514,1516,0.1388
2,1509,1511,0.1388
2,1507,1509,0.1388
2,1516,1518,0.1388
2,1511,1513,0.1388
2,1507,1509,0.1388
2,1506,1508,0.1388
2,1513,1515,0.1388
2,1510,1512,0.1388
2,1515,1517,0.1388
2,1520,1522,0.1388
2,1509,1511,0.1388
2,1511,1513,0.1388
2,1514,1516,0.1388
2,1510,1512,0.1388
2,1513,1515,0.1388
2,1501,1503,0.1388
2,1517,1519,0.1388
2,1524,1526,0.1388
2,1519,1521,0.1388
2,1510,1512,0.1388
2,1510,1512,0.1388
2,1503,1505,0.1388
2,1497,1499,0.1388
1,1500,1501,0.1388
1,1518,1519,0.1388
1,1524,1525,0.1388
1,1501,1502,0.1388
0,1495,1495,0.1388
