1348,28,1376,0.1388
1370,32,1402,0.1388
1405,33,1438,0.1388
1414,33,1447,0.1388
1425,36,1461,0.1388
1437,35,1472,0.1388
1445,35,1480,0.1388
1451,35,1486,0.1388
1467,34,1501,0.1388
1467,35,1502,0.1388
1465,35,1500,0.1388
1456,33,1489,0.1388
1459,35,1494,0.1388
1469,35,1504,0.1388
1457,35,1492,0.1388
1445,38,1483,0.1388
1442,40,1482,0.1388
1451,39,1490,0.1388
1451,39,1490,0.1388
1462,41,1503,0.1388
1455,41,1496,0.1388
1454,42,1496,0.1388
1460,40,1500,0.1388
1451,42,1493,0.1388
1444,42,1486,0.1388
1436,43,1479,0.1388
1437,44,1481,0.1388
1437,41,1478,0.1388
1431,43,1474,0.1388
1441,43,1484,0.1388
1429,41,1470,0.1388
1439,43,1482,0.1388
1443,41,1484,0.1388
1461,43,1504,0.1388
1459,46,1505,0.1388
1458,44,1502,0.1388
1455,45,1500,0.1388
1449,45,1494,0.1388
1445,50,1495,0.1388
1430,52,1482,0.1388
1439,53,1492,0.1388
1451,57,1508,0.1388
1451,60,1511,0.1388
1449,60,1509,0.1388
1440,59,1499,0.1388
1431,60,1491,0.1388
1429,63,1492,0.1388
1425,64,1489,0.1388
1437,64,1501,0.1388
1440,64,1504,0.1388
1446,69,1515,0.1388
1445,71,1516,0.1388
1439,68,1507,0.1388
1425,70,1495,0.1388
1420,72,1492,0.1388
1419,71,1490,0.1388
1419,74,1493,0.1388
1425,73,1498,0.1388
1437,74,1511,0.1388
1440,73,1513,0.1388
1434,71,1505,0.1388
1427,72,1499,0.1388
1424,73,1497,0.1388
1420,79,1499,0.1388
1414,78,1492,0.1388
1408,75,1483,0.1388
1429,73,1502,0.1388
1432,73,1505,0.1388
1434,71,1505,0.1388
1431,73,1504,0.1388
1420,72,1492,0.1388
1417,73,1490,0.1388
1429,73,1502,0.1388
1418,73,1491,0.1388
1407,77,1484,0.1388
1417,79,1496,0.1388
1413,79,1492,0.1388
1419,82,1501,0.1388
1412,80,1492,0.1388
1421,81,1502,0.1388
1418,79,1497,0.1388
1403,79,1482,0.1388
1408,83,1491,0.1388
1404,84,1488,0.1388
1417,81,1498,0.1388
1425,79,1504,0.1388
1423,79,1502,0.1388
1434,76,1510,0.1388
1433,75,1508,0.1388
1444,74,1518,0.1388
1427,73,1500,0.1388
1416,78,1494,0.1388
1414,79,1493,0.1388
1422,80,1502,0.1388
1417,81,1498,0.1388
1415,81,1496,0.1388
1405,83,1488,0.1388
1411,76,1487,0.1388
1410,77,1487,0.1388
1415,81,1496,0.1388
1416,79,1495,0.1388
1415,83,1498,0.1388
1408,82,1490,0.1388
1411,80,1491,0.1388
1401,77,1478,0.1388
1405,80,1485,0.1388
1404,85,1489,0.1388
1404,85,1489,0.1388
1392,88,1480,0.1388
1393,89,1482,0.1388
1404,91,1495,0.1388
1415,90,1505,0.1388
1408,90,1498,0.1388
1405,91,1496,0.1388
1400,92,1492,0.1388
1388,95,1483,0.1388
1379,97,1476,0.1388
1386,98,1484,0.1388
1400,98,1498,0.1388
1395,95,1490,0.1388
1387,99,1486,0.1388
1390,103,1493,0.1388
1387,104,1491,0.1388
1389,103,1492,0.1388
1396,100,1496,0.1388
1386,100,1486,0.1388
1381,106,1487,0.1388
1383,106,1489,0.1388
1389,107,1496,0.1388
1387,109,1496,0.1388
1389,109,1498,0.1388
1390,108,1498,0.1388
1390,106,1496,0.1388
1392,110,1502,0.1388
1384,115,1499,0.1388
1378,114,1492,0.1388
1384,114,1498,0.1388
1390,115,1505,0.1388
1385,115,1500,0.1388
1379,115,1494,0.1388
1382,115,1497,0.1388
1367,116,1483,0.1388
1377,116,1493,0.1388
1374,117,1491,0.1388
1373,119,1492,0.1388
1371,121,1492,0.1388
1369,119,1488,0.1388
1357,116,1473,0.1388
1360,120,1480,0.1388
1375,122,1497,0.1388
1369,118,1487,0.1388
1357,119,1476,0.1388
1361,115,1476,0.1388
1372,117,1489,0.1388
1379,118,1497,0.1388
1371,123,1494,0.1388
1373,122,1495,0.1388
1365,121,1486,0.1388
1373,126,1499,0.1388
1374,125,1499,0.1388
1373,129,1502,0.1388
1371,127,1498,0.1388
1370,126,1496,0.1388
1364,127,1491,0.1388
1361,130,1491,0.1388
1373,129,1502,0.1388
1366,130,1496,0.1388
1364,131,1495,0.1388
1351,130,1481,0.1388
1354,129,1483,0.1388
1358,132,1490,0.1388
1336,137,1473,0.1388
1349,142,1491,0.1388
1357,145,1502,0.1388
1343,145,1488,0.1388
1341,148,1489,0.1388
1335,152,1487,0.1388
1346,156,1502,0.1388
1342,160,1502,0.1388
1331,157,1488,0.1388
1333,161,1494,0.1388
1328,162,1490,0.1388
1329,165,1494,0.1388
1312,162,1474,0.1388
1308,167,1475,0.1388
1306,163,1469,0.1388
1313,167,1480,0.1388
1301,169,1470,0.1388
1306,172,1478,0.1388
1303,171,1474,0.1388
1314,173,1487,0.1388
1323,181,1504,0.1388
1311,181,1492,0.1388
1317,185,1502,0.1388
1312,178,1490,0.1388
1313,178,1491,0.1388
1307,179,1486,0.1388
1304,179,1483,0.1388
1312,180,1492,0.1388
1305,180,1485,0.1388
1320,181,1501,0.1388
1322,182,1504,0.1388
1313,183,1496,0.1388
1326,181,1507,0.1388
1321,185,1506,0.1388
1320,183,1503,0.1388
1312,189,1501,0.1388
1312,183,1495,0.1388
1306,185,1491,0.1388
1308,184,1492,0.1388
1313,185,1498,0.1388
1316,184,1500,0.1388
1313,182,1495,0.1388
1326,190,1516,0.1388
1328,193,1521,0.1388
1324,193,1517,0.1388
1323,193,1516,0.1388
1319,199,1518,0.1388
1309,196,1505,0.1388
1306,191,1497,0.1388
1299,197,1496,0.1388
1303,194,1497,0.1388
1312,193,1505,0.1388
1314,195,1509,0.1388
1312,191,1503,0.1388
1310,195,1505,0.1388
1313,193,1506,0.1388
1319,189,1508,0.1388
1321,194,1515,0.1388
1321,192,1513,0.1388
1321,195,1516,0.1388
1312,193,1505,0.1388
1314,194,1508,0.1388
1308,192,1500,0.1388
1324,188,1512,0.1388
1321,191,1512,0.1388
1310,189,1499,0.1388
1307,194,1501,0.1388
1304,195,1499,0.1388
1295,191,1486,0.1388
1300,199,1499,0.1388
1302,197,1499,0.1388
1311,192,1503,0.1388
1300,196,1496,0.1388
1306,197,1503,0.1388
1298,198,1496,0.1388
1289,201,1490,0.1388
1288,204,1492,0.1388
1291,198,1489,0.1388
1299,198,1497,0.1388
1292,197,1489,0.1388
1291,196,1487,0.1388
1280,207,1487,0.1388
1281,204,1485,0.1388
1284,204,1488,0.1388
1288,205,1493,0.1388
1292,207,1499,0.1388
1284,206,1490,0.1388
1289,207,1496,0.1388
1293,199,1492,0.1388
1293,200,1493,0.1388
1289,207,1496,0.1388
1290,209,1499,0.1388
1279,207,1486,0.1388
1281,209,1490,0.1388
1271,217,1488,0.1388
1270,216,1486,0.1388
1259,218,1477,0.1388
1282,222,1504,0.1388
1276,219,1495,0.1388
1282,216,1498,0.1388
1267,218,1485,0.1388
1267,217,1484,0.1388
1284,220,1504,0.1388
1284,220,1504,0.1388
1267,226,1493,0.1388
1270,229,1499,0.1388
1261,226,1487,0.1388
1262,224,1486,0.1388
1270,227,1497,0.1388
1274,226,1500,0.1388
1278,231,1509,0.1388
1277,231,1508,0.1388
1265,229,1494,0.1388
1272,227,1499,0.1388
1258,226,1484,0.1388
1258,230,1488,0.1388
1259,229,1488,0.1388
1268,226,1494,0.1388
1272,230,1502,0.1388
1274,235,1509,0.1388
1258,243,1501,0.1388
1261,238,1499,0.1388
1268,236,1504,0.1388
1276,241,1517,0.1388
1274,240,1514,0.1388
1281,237,1518,0.1388
1273,237,1510,0.1388
1259,236,1495,0.1388
1270,244,1514,0.1388
1261,248,1509,0.1388
1261,248,1509,0.1388
1257,244,1501,0.1388
1262,245,1507,0.1388
1258,246,1504,0.1388
1259,248,1507,0.1388
1262,245,1507,0.1388
1261,247,1508,0.1388
1262,244,1506,0.1388
1252,246,1498,0.1388
1246,246,1492,0.1388
1257,249,1506,0.1388
1249,247,1496,0.1388
1241,251,1492,0.1388
1246,257,1503,0.1388
1243,261,1504,0.1388
1244,259,1503,0.1388
1248,256,1504,0.1388
1241,256,1497,0.1388
1246,253,1499,0.1388
1234,258,1492,0.1388
1233,258,1491,0.1388
1224,256,1480,0.1388
1231,255,1486,0.1388
1241,256,1497,0.1388
1249,256,1505,0.1388
1249,259,1508,0.1388
1253,258,1511,0.1388
1243,258,1501,0.1388
1240,260,1500,0.1388
1228,259,1487,0.1388
1246,258,1504,0.1388
1251,259,1510,0.1388
1244,259,1503,0.1388
1246,258,1504,0.1388
1248,263,1511,0.1388
1239,254,1493,0.1388
1237,258,1495,0.1388
1239,263,1502,0.1388
1246,261,1507,0.1388
1241,258,1499,0.1388
1237,260,1497,0.1388
1237,261,1498,0.1388
1219,264,1483,0.1388
1228,261,1489,0.1388
1233,264,1497,0.1388
1206,270,1476,0.1388
1212,268,1480,0.1388
1215,269,1484,0.1388
1207,273,1480,0.1388
1198,277,1475,0.1388
1192,280,1472,0.1388
1195,285,1480,0.1388
1194,283,1477,0.1388
1194,287,1481,0.1388
1200,285,1485,0.1388
1212,288,1500,0.1388
1198,289,1487,0.1388
1202,285,1487,0.1388
1204,280,1484,0.1388
1203,282,1485,0.1388
1210,285,1495,0.1388
1210,286,1496,0.1388
1212,290,1502,0.1388
1198,287,1485,0.1388
1204,287,1491,0.1388
1199,289,1488,0.1388
1196,291,1487,0.1388
1207,294,1501,0.1388
1201,293,1494,0.1388
1210,293,1503,0.1388
1216,293,1509,0.1388
1212,295,1507,0.1388
1213,292,1505,0.1388
1212,294,1506,0.1388
1202,296,1498,0.1388
1205,294,1499,0.1388
1198,296,1494,0.1388
1204,296,1500,0.1388
1192,301,1493,0.1388
1194,306,1500,0.1388
1198,307,1505,0.1388
1189,303,1492,0.1388
1201,304,1505,0.1388
1195,301,1496,0.1388
1184,303,1487,0.1388
1189,299,1488,0.1388
1183,299,1482,0.1388
1195,306,1501,0.1388
1185,310,1495,0.1388
1186,315,1501,0.1388
1185,321,1506,0.1388
1189,327,1516,0.1388
1184,324,1508,0.1388
1181,330,1511,0.1388
1183,335,1518,0.1388
1176,331,1507,0.1388
1174,321,1495,0.1388
1186,320,1506,0.1388
1182,322,1504,0.1388
1188,316,1504,0.1388
1179,316,1495,0.1388
1183,321,1504,0.1388
1187,316,1503,0.1388
1180,320,1500,0.1388
1165,319,1484,0.1388
1171,317,1488,0.1388
1178,319,1497,0.1388
1170,327,1497,0.1388
1169,326,1495,0.1388
1172,330,1502,0.1388
1186,326,1512,0.1388
1184,328,1512,0.1388
1179,329,1508,0.1388
1173,328,1501,0.1388
1168,337,1505,0.1388
1169,342,1511,0.1388
1161,346,1507,0.1388
1143,349,1492,0.1388
1147,346,1493,0.1388
1146,345,1491,0.1388
1150,348,1498,0.1388
1156,347,1503,0.1388
1147,344,1491,0.1388
1156,350,1506,0.1388
1159,345,1504,0.1388
1149,349,1498,0.1388
1163,355,1518,0.1388
1155,356,1511,0.1388
1155,360,1515,0.1388
1150,357,1507,0.1388
1159,356,1515,0.1388
1153,353,1506,0.1388
1158,361,1519,0.1388
1154,359,1513,0.1388
1150,363,1513,0.1388
1139,366,1505,0.1388
1136,365,1501,0.1388
1131,363,1494,0.1388
1142,364,1506,0.1388
1131,365,1496,0.1388
1139,366,1505,0.1388
1137,365,1502,0.1388
1137,366,1503,0.1388
1132,367,1499,0.1388
1122,364,1486,0.1388
1123,366,1489,0.1388
1118,364,1482,0.1388
1122,372,1494,0.1388
1121,374,1495,0.1388
1120,371,1491,0.1388
1110,375,1485,0.1388
1104,375,1479,0.1388
1108,385,1493,0.1388
1106,392,1498,0.1388
1108,397,1505,0.1388
1103,392,1495,0.1388
1115,396,1511,0.1388
1114,395,1509,0.1388
1110,394,1504,0.1388
1100,395,1495,0.1388
1101,406,1507,0.1388
1081,406,1487,0.1388
1086,408,1494,0.1388
1100,415,1515,0.1388
1093,414,1507,0.1388
1090,428,1518,0.1388
1088,427,1515,0.1388
1092,426,1518,0.1388
1094,428,1522,0.1388
1088,425,1513,0.1388
1085,422,1507,0.1388
1079,418,1497,0.1388
1076,419,1495,0.1388
1065,425,1490,0.1388
1060,428,1488,0.1388
1061,433,1494,0.1388
1057,427,1484,0.1388
1069,436,1505,0.1388
1068,442,1510,0.1388
1061,447,1508,0.1388
1062,443,1505,0.1388
1060,444,1504,0.1388
1074,442,1516,0.1388
1080,440,1520,0.1388
1077,439,1516,0.1388
1073,437,1510,0.1388
1083,435,1518,0.1388
1075,438,1513,0.1388
1078,438,1516,0.1388
1070,440,1510,0.1388
1065,441,1506,0.1388
1056,443,1499,0.1388
1057,445,1502,0.1388
1062,449,1511,0.1388
1065,454,1519,0.1388
1052,452,1504,0.1388
1055,452,1507,0.1388
1059,452,1511,0.1388
1049,450,1499,0.1388
1052,457,1509,0.1388
1046,455,1501,0.1388
1054,449,1503,0.1388
1058,447,1505,0.1388
1059,451,1510,0.1388
1054,453,1507,0.1388
1044,453,1497,0.1388
1047,445,1492,0.1388
1053,449,1502,0.1388
1052,445,1497,0.1388
1055,446,1501,0.1388
1042,455,1497,0.1388
1037,446,1483,0.1388
1037,457,1494,0.1388
1046,458,1504,0.1388
1041,457,1498,0.1388
1048,452,1500,0.1388
1047,450,1497,0.1388
1042,458,1500,0.1388
1053,465,1518,0.1388
1051,467,1518,0.1388
1044,469,1513,0.1388
1043,474,1517,0.1388
1031,477,1508,0.1388
1033,473,1506,0.1388
1033,471,1504,0.1388
1028,469,1497,0.1388
1032,470,1502,0.1388
1022,479,1501,0.1388
1011,466,1477,0.1388
1017,478,1495,0.1388
1018,492,1510,0.1388
1013,488,1501,0.1388
1008,487,1495,0.1388
1012,488,1500,0.1388
1017,490,1507,0.1388
1018,489,1507,0.1388
1023,493,1516,0.1388
1023,490,1513,0.1388
1016,491,1507,0.1388
1018,485,1503,0.1388
1013,484,1497,0.1388
1020,495,1515,0.1388
1023,495,1518,0.1388
1010,489,1499,0.1388
1021,491,1512,0.1388
1025,493,1518,0.1388
1013,491,1504,0.1388
1022,491,1513,0.1388
1021,490,1511,0.1388
1010,498,1508,0.1388
1009,507,1516,0.1388
987,511,1498,0.1388
985,503,1488,0.1388
992,504,1496,0.1388
986,509,1495,0.1388
999,509,1508,0.1388
992,509,1501,0.1388
1002,508,1510,0.1388
1003,506,1509,0.1388
993,515,1508,0.1388
1005,515,1520,0.1388
997,514,1511,0.1388
1001,516,1517,0.1388
1000,514,1514,0.1388
991,510,1501,0.1388
992,512,1504,0.1388
997,505,1502,0.1388
1001,503,1504,0.1388
1009,507,1516,0.1388
1003,508,1511,0.1388
990,512,1502,0.1388
988,512,1500,0.1388
983,517,1500,0.1388
964,524,1488,0.1388
979,521,1500,0.1388
985,519,1504,0.1388
993,526,1519,0.1388
986,532,1518,0.1388
986,543,1529,0.1388
980,534,1514,0.1388
973,534,1507,0.1388
979,538,1517,0.1388
973,538,1511,0.1388
964,542,1506,0.1388
967,541,1508,0.1388
971,545,1516,0.1388
969,542,1511,0.1388
972,550,1522,0.1388
976,549,1525,0.1388
972,541,1513,0.1388
964,546,1510,0.1388
968,549,1517,0.1388
955,547,1502,0.1388
956,551,1507,0.1388
951,554,1505,0.1388
957,557,1514,0.1388
946,556,1502,0.1388
948,558,1506,0.1388
946,558,1504,0.1388
953,554,1507,0.1388
959,560,1519,0.1388
953,561,1514,0.1388
951,559,1510,0.1388
942,555,1497,0.1388
936,559,1495,0.1388
929,559,1488,0.1388
936,562,1498,0.1388
937,568,1505,0.1388
934,561,1495,0.1388
930,565,1495,0.1388
921,575,1496,0.1388
911,581,1492,0.1388
926,586,1512,0.1388
919,589,1508,0.1388
915,590,1505,0.1388
914,590,1504,0.1388
908,593,1501,0.1388
891,593,1484,0.1388
883,601,1484,0.1388
890,599,1489,0.1388
895,594,1489,0.1388
886,598,1484,0.1388
887,610,1497,0.1388
870,617,1487,0.1388
872,615,1487,0.1388
872,620,1492,0.1388
883,627,1510,0.1388
887,628,1515,0.1388
886,625,1511,0.1388
873,625,1498,0.1388
880,620,1500,0.1388
878,615,1493,0.1388
873,612,1485,0.1388
866,613,1479,0.1388
866,609,1475,0.1388
872,604,1476,0.1388
869,617,1486,0.1388
865,620,1485,0.1388
865,623,1488,0.1388
868,629,1497,0.1388
873,627,1500,0.1388
876,619,1495,0.1388
881,621,1502,0.1388
878,631,1509,0.1388
879,635,1514,0.1388
867,639,1506,0.1388
857,628,1485,0.1388
861,622,1483,0.1388
857,630,1487,0.1388
856,634,1490,0.1388
853,624,1477,0.1388
857,623,1480,0.1388
865,627,1492,0.1388
863,622,1485,0.1388
865,623,1488,0.1388
857,625,1482,0.1388
849,624,1473,0.1388
859,636,1495,0.1388
866,639,1505,0.1388
862,649,1511,0.1388
851,650,1501,0.1388
851,645,1496,0.1388
853,634,1487,0.1388
841,635,1476,0.1388
846,643,1489,0.1388
852,655,1507,0.1388
844,654,1498,0.1388
842,655,1497,0.1388
850,660,1510,0.1388
845,642,1487,0.1388
842,642,1484,0.1388
844,656,1500,0.1388
849,653,1502,0.1388
845,645,1490,0.1388
849,656,1505,0.1388
844,667,1511,0.1388
828,673,1501,0.1388
830,672,1502,0.1388
825,677,1502,0.1388
830,679,1509,0.1388
831,675,1506,0.1388
832,680,1512,0.1388
819,677,1496,0.1388
811,682,1493,0.1388
814,674,1488,0.1388
818,674,1492,0.1388
814,675,1489,0.1388
815,681,1496,0.1388
828,684,1512,0.1388
819,685,1504,0.1388
819,687,1506,0.1388
820,691,1511,0.1388
812,690,1502,0.1388
806,700,1506,0.1388
797,701,1498,0.1388
793,707,1500,0.1388
801,698,1499,0.1388
799,700,1499,0.1388
800,708,1508,0.1388
807,717,1524,0.1388
793,714,1507,0.1388
779,721,1500,0.1388
773,730,1503,0.1388
773,733,1506,0.1388
786,732,1518,0.1388
787,727,1514,0.1388
778,722,1500,0.1388
771,728,1499,0.1388
769,732,1501,0.1388
765,730,1495,0.1388
768,725,1493,0.1388
778,734,1512,0.1388
783,732,1515,0.1388
778,738,1516,0.1388
770,742,1512,0.1388
772,737,1509,0.1388
769,737,1506,0.1388
771,738,1509,0.1388
770,743,1513,0.1388
764,747,1511,0.1388
763,751,1514,0.1388
758,737,1495,0.1388
751,739,1490,0.1388
754,737,1491,0.1388
753,741,1494,0.1388
752,740,1492,0.1388
749,748,1497,0.1388
763,755,1518,0.1388
764,755,1519,0.1388
754,765,1519,0.1388
753,762,1515,0.1388
749,747,1496,0.1388
754,759,1513,0.1388
752,762,1514,0.1388
747,766,1513,0.1388
741,759,1500,0.1388
738,758,1496,0.1388
729,761,1490,0.1388
728,772,1500,0.1388
725,773,1498,0.1388
732,778,1510,0.1388
735,779,1514,0.1388
729,772,1501,0.1388
734,774,1508,0.1388
721,775,1496,0.1388
726,768,1494,0.1388
734,783,1517,0.1388
728,769,1497,0.1388
729,774,1503,0.1388
727,782,1509,0.1388
729,780,1509,0.1388
718,776,1494,0.1388
711,785,1496,0.1388
713,788,1501,0.1388
714,791,1505,0.1388
710,795,1505,0.1388
715,794,1509,0.1388
704,807,1511,0.1388
702,808,1510,0.1388
692,820,1512,0.1388
691,818,1509,0.1388
691,817,1508,0.1388
690,814,1504,0.1388
700,819,1519,0.1388
697,822,1519,0.1388
685,825,1510,0.1388
678,824,1502,0.1388
670,832,1502,0.1388
674,822,1496,0.1388
681,823,1504,0.1388
677,827,1504,0.1388
679,820,1499,0.1388
682,817,1499,0.1388
683,822,1505,0.1388
693,821,1514,0.1388
694,820,1514,0.1388
687,822,1509,0.1388
685,821,1506,0.1388
686,821,1507,0.1388
671,833,1504,0.1388
680,834,1514,0.1388
689,831,1520,0.1388
675,830,1505,0.1388
683,829,1512,0.1388
680,832,1512,0.1388
684,831,1515,0.1388
677,826,1503,0.1388
677,815,1492,0.1388
686,810,1496,0.1388
686,819,1505,0.1388
685,816,1501,0.1388
689,831,1520,0.1388
683,840,1523,0.1388
684,837,1521,0.1388
683,822,1505,0.1388
692,826,1518,0.1388
674,825,1499,0.1388
675,824,1499,0.1388
670,829,1499,0.1388
670,828,1498,0.1388
665,837,1502,0.1388
680,834,1514,0.1388
669,854,1523,0.1388
664,856,1520,0.1388
655,861,1516,0.1388
661,853,1514,0.1388
643,859,1502,0.1388
648,856,1504,0.1388
650,855,1505,0.1388
650,857,1507,0.1388
637,856,1493,0.1388
635,841,1476,0.1388
635,850,1485,0.1388
639,858,1497,0.1388
644,865,1509,0.1388
637,864,1501,0.1388
639,864,1503,0.1388
641,869,1510,0.1388
648,874,1522,0.1388
640,869,1509,0.1388
634,872,1506,0.1388
641,872,1513,0.1388
638,878,1516,0.1388
634,876,1510,0.1388
632,874,1506,0.1388
632,876,1508,0.1388
626,865,1491,0.1388
620,869,1489,0.1388
631,880,1511,0.1388
634,875,1509,0.1388
629,879,1508,0.1388
632,878,1510,0.1388
635,875,1510,0.1388
633,879,1512,0.1388
639,867,1506,0.1388
642,870,1512,0.1388
643,872,1515,0.1388
650,869,1519,0.1388
644,854,1498,0.1388
639,865,1504,0.1388
639,867,1506,0.1388
643,866,1509,0.1388
641,866,1507,0.1388
651,873,1524,0.1388
653,872,1525,0.1388
651,861,1512,0.1388
651,863,1514,0.1388
655,863,1518,0.1388
660,868,1528,0.1388
662,866,1528,0.1388
656,877,1533,0.1388
649,857,1506,0.1388
644,873,1517,0.1388
637,872,1509,0.1388
635,870,1505,0.1388
638,880,1518,0.1388
635,870,1505,0.1388
638,879,1517,0.1388
636,877,1513,0.1388
636,884,1520,0.1388
625,881,1506,0.1388
612,874,1486,0.1388
617,886,1503,0.1388
619,892,1511,0.1388
618,897,1515,0.1388
618,907,1525,0.1388
615,902,1517,0.1388
608,902,1510,0.1388
616,901,1517,0.1388
611,908,1519,0.1388
605,908,1513,0.1388
601,904,1505,0.1388
605,911,1516,0.1388
595,912,1507,0.1388
590,927,1517,0.1388
596,919,1515,0.1388
605,920,1525,0.1388
600,917,1517,0.1388
595,914,1509,0.1388
603,912,1515,0.1388
604,915,1519,0.1388
613,916,1529,0.1388
607,910,1517,0.1388
602,896,1498,0.1388
606,902,1508,0.1388
598,906,1504,0.1388
597,909,1506,0.1388
591,905,1496,0.1388
598,911,1509,0.1388
596,914,1510,0.1388
604,908,1512,0.1388
604,916,1520,0.1388
600,922,1522,0.1388
593,922,1515,0.1388
589,928,1517,0.1388
591,929,1520,0.1388
593,923,1516,0.1388
586,909,1495,0.1388
595,915,1510,0.1388
597,911,1508,0.1388
598,920,1518,0.1388
591,914,1505,0.1388
585,918,1503,0.1388
596,912,1508,0.1388
598,924,1522,0.1388
591,918,1509,0.1388
578,919,1497,0.1388
577,927,1504,0.1388
572,925,1497,0.1388
564,940,1504,0.1388
570,939,1509,0.1388
578,945,1523,0.1388
577,952,1529,0.1388
576,942,1518,0.1388
576,926,1502,0.1388
582,926,1508,0.1388
581,930,1511,0.1388
582,925,1507,0.1388
578,934,1512,0.1388
576,933,1509,0.1388
573,940,1513,0.1388
574,949,1523,0.1388
565,941,1506,0.1388
558,940,1498,0.1388
555,943,1498,0.1388
556,947,1503,0.1388
555,948,1503,0.1388
552,954,1506,0.1388
555,944,1499,0.1388
558,952,1510,0.1388
553,943,1496,0.1388
545,959,1504,0.1388
552,965,1517,0.1388
558,965,1523,0.1388
549,977,1526,0.1388
556,973,1529,0.1388
548,972,1520,0.1388
549,973,1522,0.1388
558,965,1523,0.1388
550,967,1517,0.1388
540,955,1495,0.1388
542,959,1501,0.1388
531,967,1498,0.1388
531,974,1505,0.1388
528,973,1501,0.1388
531,968,1499,0.1388
528,968,1496,0.1388
530,978,1508,0.1388
530,974,1504,0.1388
525,979,1504,0.1388
528,984,1512,0.1388
524,985,1509,0.1388
523,979,1502,0.1388
527,989,1516,0.1388
531,986,1517,0.1388
526,978,1504,0.1388
534,979,1513,0.1388
540,984,1524,0.1388
532,992,1524,0.1388
531,990,1521,0.1388
524,992,1516,0.1388
517,977,1494,0.1388
512,977,1489,0.1388
507,987,1494,0.1388
509,988,1497,0.1388
511,989,1500,0.1388
514,989,1503,0.1388
517,988,1505,0.1388
521,991,1512,0.1388
519,1001,1520,0.1388
518,998,1516,0.1388
517,1003,1520,0.1388
518,1007,1525,0.1388
514,1001,1515,0.1388
514,991,1505,0.1388
517,1001,1518,0.1388
510,997,1507,0.1388
510,982,1492,0.1388
502,988,1490,0.1388
504,1001,1505,0.1388
504,999,1503,0.1388
503,998,1501,0.1388
505,1010,1515,0.1388
507,1008,1515,0.1388
506,1016,1522,0.1388
511,1025,1536,0.1388
503,1021,1524,0.1388
498,1009,1507,0.1388
503,1022,1525,0.1388
508,1026,1534,0.1388
499,1026,1525,0.1388
498,1030,1528,0.1388
494,1019,1513,0.1388
496,1026,1522,0.1388
498,1018,1516,0.1388
507,1005,1512,0.1388
512,1010,1522,0.1388
514,1004,1518,0.1388
514,1006,1520,0.1388
516,999,1515,0.1388
509,1001,1510,0.1388
499,997,1496,0.1388
502,1006,1508,0.1388
495,1009,1504,0.1388
500,1006,1506,0.1388
505,1006,1511,0.1388
503,1009,1512,0.1388
499,1005,1504,0.1388
495,1013,1508,0.1388
482,1015,1497,0.1388
479,1030,1509,0.1388
475,1033,1508,0.1388
477,1029,1506,0.1388
479,1035,1514,0.1388
480,1037,1517,0.1388
477,1048,1525,0.1388
473,1055,1528,0.1388
467,1060,1527,0.1388
468,1067,1535,0.1388
460,1049,1509,0.1388
459,1048,1507,0.1388
459,1043,1502,0.1388
459,1055,1514,0.1388
456,1047,1503,0.1388
455,1037,1492,0.1388
452,1050,1502,0.1388
450,1061,1511,0.1388
444,1063,1507,0.1388
446,1060,1506,0.1388
444,1064,1508,0.1388
442,1067,1509,0.1388
441,1063,1504,0.1388
447,1071,1518,0.1388
444,1062,1506,0.1388
452,1073,1525,0.1388
448,1071,1519,0.1388
444,1069,1513,0.1388
441,1065,1506,0.1388
439,1066,1505,0.1388
440,1068,1508,0.1388
438,1058,1496,0.1388
439,1065,1504,0.1388
426,1084,1510,0.1388
429,1077,1506,0.1388
427,1074,1501,0.1388
423,1071,1494,0.1388
422,1080,1502,0.1388
424,1090,1514,0.1388
422,1088,1510,0.1388
418,1080,1498,0.1388
424,1096,1520,0.1388
423,1093,1516,0.1388
426,1094,1520,0.1388
419,1096,1515,0.1388
412,1093,1505,0.1388
404,1085,1489,0.1388
405,1084,1489,0.1388
413,1088,1501,0.1388
411,1091,1502,0.1388
417,1105,1522,0.1388
415,1107,1522,0.1388
412,1104,1516,0.1388
400,1104,1504,0.1388
403,1096,1499,0.1388
411,1096,1507,0.1388
412,1110,1522,0.1388
415,1112,1527,0.1388
412,1104,1516,0.1388
408,1100,1508,0.1388
409,1104,1513,0.1388
410,1107,1517,0.1388
408,1118,1526,0.1388
402,1124,1526,0.1388
398,1122,1520,0.1388
396,1117,1513,0.1388
393,1118,1511,0.1388
388,1125,1513,0.1388
384,1123,1507,0.1388
388,1118,1506,0.1388
390,1118,1508,0.1388
395,1115,1510,0.1388
391,1118,1509,0.1388
397,1116,1513,0.1388
397,1108,1505,0.1388
398,1116,1514,0.1388
388,1114,1502,0.1388
384,1118,1502,0.1388
382,1130,1512,0.1388
384,1139,1523,0.1388
378,1140,1518,0.1388
373,1147,1520,0.1388
374,1130,1504,0.1388
369,1142,1511,0.1388
360,1143,1503,0.1388
367,1143,1510,0.1388
360,1153,1513,0.1388
361,1150,1511,0.1388
362,1142,1504,0.1388
357,1144,1501,0.1388
356,1144,1500,0.1388
362,1149,1511,0.1388
364,1150,1514,0.1388
361,1147,1508,0.1388
358,1153,1511,0.1388
360,1155,1515,0.1388
361,1156,1517,0.1388
360,1167,1527,0.1388
353,1162,1515,0.1388
351,1172,1523,0.1388
354,1169,1523,0.1388
355,1166,1521,0.1388
350,1166,1516,0.1388
349,1158,1507,0.1388
349,1167,1516,0.1388
352,1161,1513,0.1388
354,1167,1521,0.1388
351,1159,1510,0.1388
351,1165,1516,0.1388
345,1161,1506,0.1388
342,1164,1506,0.1388
343,1168,1511,0.1388
335,1171,1506,0.1388
325,1172,1497,0.1388
332,1177,1509,0.1388
335,1170,1505,0.1388
331,1171,1502,0.1388
331,1187,1518,0.1388
327,1192,1519,0.1388
328,1177,1505,0.1388
322,1180,1502,0.1388
331,1179,1510,0.1388
329,1176,1505,0.1388
325,1180,1505,0.1388
318,1183,1501,0.1388
316,1188,1504,0.1388
312,1191,1503,0.1388
308,1188,1496,0.1388
309,1193,1502,0.1388
313,1181,1494,0.1388
317,1192,1509,0.1388
318,1193,1511,0.1388
318,1194,1512,0.1388
313,1203,1516,0.1388
313,1210,1523,0.1388
315,1215,1530,0.1388
316,1203,1519,0.1388
317,1183,1500,0.1388
315,1198,1513,0.1388
313,1189,1502,0.1388
313,1210,1523,0.1388
317,1200,1517,0.1388
309,1205,1514,0.1388
306,1202,1508,0.1388
310,1207,1517,0.1388
315,1203,1518,0.1388
313,1196,1509,0.1388
316,1189,1505,0.1388
315,1198,1513,0.1388
309,1208,1517,0.1388
310,1217,1527,0.1388
309,1218,1527,0.1388
311,1227,1538,0.1388
307,1199,1506,0.1388
306,1208,1514,0.1388
304,1208,1512,0.1388
303,1216,1519,0.1388
297,1219,1516,0.1388
303,1208,1511,0.1388
302,1205,1507,0.1388
305,1207,1512,0.1388
311,1192,1503,0.1388
312,1196,1508,0.1388
309,1195,1504,0.1388
307,1200,1507,0.1388
304,1211,1515,0.1388
306,1199,1505,0.1388
303,1208,1511,0.1388
301,1211,1512,0.1388
301,1213,1514,0.1388
297,1216,1513,0.1388
290,1218,1508,0.1388
287,1212,1499,0.1388
291,1209,1500,0.1388
296,1214,1510,0.1388
293,1219,1512,0.1388
295,1206,1501,0.1388
293,1212,1505,0.1388
293,1224,1517,0.1388
292,1218,1510,0.1388
294,1223,1517,0.1388
295,1214,1509,0.1388
299,1201,1500,0.1388
294,1226,1520,0.1388
301,1218,1519,0.1388
292,1206,1498,0.1388
297,1217,1514,0.1388
296,1215,1511,0.1388
301,1196,1497,0.1388
300,1190,1490,0.1388
302,1196,1498,0.1388
304,1191,1495,0.1388
307,1208,1515,0.1388
307,1213,1520,0.1388
302,1202,1504,0.1388
303,1205,1508,0.1388
306,1208,1514,0.1388
308,1214,1522,0.1388
311,1210,1521,0.1388
303,1204,1507,0.1388
296,1215,1511,0.1388
295,1224,1519,0.1388
291,1229,1520,0.1388
284,1230,1514,0.1388
284,1223,1507,0.1388
285,1226,1511,0.1388
287,1219,1506,0.1388
284,1219,1503,0.1388
279,1238,1517,0.1388
280,1229,1509,0.1388
283,1220,1503,0.1388
286,1231,1517,0.1388
284,1243,1527,0.1388
286,1236,1522,0.1388
283,1240,1523,0.1388
282,1242,1524,0.1388
283,1237,1520,0.1388
283,1243,1526,0.1388
278,1234,1512,0.1388
278,1237,1515,0.1388
276,1230,1506,0.1388
270,1230,1500,0.1388
273,1227,1500,0.1388
278,1234,1512,0.1388
277,1244,1521,0.1388
276,1243,1519,0.1388
269,1254,1523,0.1388
276,1248,1524,0.1388
278,1259,1537,0.1388
281,1242,1523,0.1388
275,1241,1516,0.1388
274,1235,1509,0.1388
270,1230,1500,0.1388
269,1242,1511,0.1388
262,1247,1509,0.1388
260,1254,1514,0.1388
262,1257,1519,0.1388
260,1265,1525,0.1388
262,1270,1532,0.1388
260,1275,1535,0.1388
258,1259,1517,0.1388
248,1257,1505,0.1388
247,1263,1510,0.1388
246,1264,1510,0.1388
245,1272,1517,0.1388
242,1270,1512,0.1388
249,1268,1517,0.1388
244,1272,1516,0.1388
244,1286,1530,0.1388
245,1282,1527,0.1388
240,1276,1516,0.1388
240,1272,1512,0.1388
238,1287,1525,0.1388
234,1276,1510,0.1388
234,1266,1500,0.1388
235,1272,1507,0.1388
232,1278,1510,0.1388
234,1280,1514,0.1388
236,1273,1509,0.1388
243,1273,1516,0.1388
240,1269,1509,0.1388
239,1275,1514,0.1388
240,1268,1508,0.1388
234,1276,1510,0.1388
239,1267,1506,0.1388
239,1276,1515,0.1388
241,1277,1518,0.1388
243,1286,1529,0.1388
238,1290,1528,0.1388
238,1277,1515,0.1388
236,1286,1522,0.1388
230,1285,1515,0.1388
230,1288,1518,0.1388
225,1292,1517,0.1388
227,1288,1515,0.1388
223,1283,1506,0.1388
221,1292,1513,0.1388
226,1288,1514,0.1388
224,1274,1498,0.1388
215,1270,1485,0.1388
218,1281,1499,0.1388
218,1268,1486,0.1388
217,1284,1501,0.1388
214,1282,1496,0.1388
207,1280,1487,0.1388
204,1292,1496,0.1388
202,1302,1504,0.1388
203,1307,1510,0.1388
201,1313,1514,0.1388
198,1312,1510,0.1388
200,1307,1507,0.1388
204,1309,1513,0.1388
203,1311,1514,0.1388
196,1303,1499,0.1388
195,1303,1498,0.1388
193,1306,1499,0.1388
189,1312,1501,0.1388
193,1323,1516,0.1388
204,1321,1525,0.1388
201,1315,1516,0.1388
201,1315,1516,0.1388
197,1317,1514,0.1388
192,1328,1520,0.1388
191,1331,1522,0.1388
194,1323,1517,0.1388
193,1334,1527,0.1388
197,1327,1524,0.1388
194,1324,1518,0.1388
191,1320,1511,0.1388
193,1309,1502,0.1388
192,1305,1497,0.1388
194,1310,1504,0.1388
191,1313,1504,0.1388
190,1315,1505,0.1388
189,1317,1506,0.1388
187,1322,1509,0.1388
194,1311,1505,0.1388
195,1307,1502,0.1388
193,1318,1511,0.1388
187,1323,1510,0.1388
188,1331,1519,0.1388
188,1326,1514,0.1388
185,1319,1504,0.1388
193,1335,1528,0.1388
194,1337,1531,0.1388
188,1331,1519,0.1388
189,1333,1522,0.1388
187,1341,1528,0.1388
186,1328,1514,0.1388
183,1331,1514,0.1388
184,1335,1519,0.1388
184,1338,1522,0.1388
181,1327,1508,0.1388
184,1332,1516,0.1388
181,1334,1515,0.1388
188,1330,1518,0.1388
186,1328,1514,0.1388
179,1337,1516,0.1388
180,1346,1526,0.1388
183,1339,1522,0.1388
184,1331,1515,0.1388
182,1338,1520,0.1388
180,1340,1520,0.1388
180,1327,1507,0.1388
177,1326,1503,0.1388
176,1339,1515,0.1388
172,1329,1501,0.1388
169,1343,1512,0.1388
167,1341,1508,0.1388
167,1326,1493,0.1388
165,1333,1498,0.1388
167,1347,1514,0.1388
167,1353,1520,0.1388
169,1342,1511,0.1388
169,1347,1516,0.1388
173,1340,1513,0.1388
171,1340,1511,0.1388
171,1354,1525,0.1388
170,1358,1528,0.1388
169,1369,1538,0.1388
169,1358,1527,0.1388
172,1359,1531,0.1388
171,1356,1527,0.1388
169,1362,1531,0.1388
169,1355,1524,0.1388
170,1350,1520,0.1388
172,1345,1517,0.1388
177,1348,1525,0.1388
176,1333,1509,0.1388
170,1336,1506,0.1388
166,1342,1508,0.1388
167,1353,1520,0.1388
167,1350,1517,0.1388
166,1351,1517,0.1388
170,1351,1521,0.1388
165,1345,1510,0.1388
166,1354,1520,0.1388
167,1354,1521,0.1388
167,1356,1523,0.1388
170,1338,1508,0.1388
172,1351,1523,0.1388
175,1360,1535,0.1388
171,1350,1521,0.1388
166,1355,1521,0.1388
165,1338,1503,0.1388
166,1350,1516,0.1388
161,1357,1518,0.1388
163,1366,1529,0.1388
163,1362,1525,0.1388
160,1371,1531,0.1388
159,1354,1513,0.1388
162,1359,1521,0.1388
162,1358,1520,0.1388
165,1359,1524,0.1388
167,1361,1528,0.1388
168,1366,1534,0.1388
162,1368,1530,0.1388
162,1370,1532,0.1388
163,1367,1530,0.1388
162,1352,1514,0.1388
161,1362,1523,0.1388
159,1352,1511,0.1388
152,1363,1515,0.1388
152,1363,1515,0.1388
152,1359,1511,0.1388
157,1350,1507,0.1388
155,1356,1511,0.1388
155,1354,1509,0.1388
154,1361,1515,0.1388
155,1366,1521,0.1388
151,1370,1521,0.1388
150,1366,1516,0.1388
149,1360,1509,0.1388
147,1368,1515,0.1388
146,1372,1518,0.1388
142,1369,1511,0.1388
143,1363,1506,0.1388
145,1364,1509,0.1388
147,1352,1499,0.1388
149,1362,1511,0.1388
148,1359,1507,0.1388
145,1369,1514,0.1388
145,1357,1502,0.1388
148,1361,1509,0.1388
146,1368,1514,0.1388
147,1368,1515,0.1388
146,1361,1507,0.1388
144,1354,1498,0.1388
142,1364,1506,0.1388
138,1356,1494,0.1388
140,1360,1500,0.1388
140,1370,1510,0.1388
140,1380,1520,0.1388
139,1381,1520,0.1388
138,1369,1507,0.1388
140,1375,1515,0.1388
143,1376,1519,0.1388
141,1370,1511,0.1388
143,1371,1514,0.1388
143,1360,1503,0.1388
143,1378,1521,0.1388
149,1370,1519,0.1388
144,1383,1527,0.1388
142,1384,1526,0.1388
139,1392,1531,0.1388
140,1384,1524,0.1388
140,1376,1516,0.1388
140,1389,1529,0.1388
140,1381,1521,0.1388
141,1366,1507,0.1388
143,1369,1512,0.1388
144,1374,1518,0.1388
143,1365,1508,0.1388
142,1374,1516,0.1388
141,1379,1520,0.1388
136,1366,1502,0.1388
139,1366,1505,0.1388
137,1371,1508,0.1388
141,1379,1520,0.1388
144,1368,1512,0.1388
140,1365,1505,0.1388
141,1359,1500,0.1388
141,1366,1507,0.1388
142,1362,1504,0.1388
141,1359,1500,0.1388
144,1368,1512,0.1388
144,1365,1509,0.1388
141,1361,1502,0.1388
143,1371,1514,0.1388
143,1383,1526,0.1388
141,1380,1521,0.1388
141,1374,1515,0.1388
142,1363,1505,0.1388
144,1364,1508,0.1388
145,1371,1516,0.1388
145,1365,1510,0.1388
146,1363,1509,0.1388
142,1369,1511,0.1388
142,1371,1513,0.1388
144,1367,1511,0.1388
149,1373,1522,0.1388
146,1371,1517,0.1388
148,1368,1516,0.1388
148,1369,1517,0.1388
148,1377,1525,0.1388
151,1359,1510,0.1388
152,1349,1501,0.1388
149,1351,1500,0.1388
147,1350,1497,0.1388
149,1360,1509,0.1388
151,1364,1515,0.1388
157,1368,1525,0.1388
152,1379,1531,0.1388
151,1380,1531,0.1388
147,1366,1513,0.1388
144,1363,1507,0.1388
142,1366,1508,0.1388
143,1366,1509,0.1388
143,1377,1520,0.1388
142,1377,1519,0.1388
144,1377,1521,0.1388
147,1373,1520,0.1388
148,1366,1514,0.1388
147,1354,1501,0.1388
149,1356,1505,0.1388
151,1359,1510,0.1388
150,1358,1508,0.1388
152,1370,1522,0.1388
156,1361,1517,0.1388
156,1369,1525,0.1388
156,1368,1524,0.1388
161,1369,1530,0.1388
161,1365,1526,0.1388
163,1356,1519,0.1388
160,1361,1521,0.1388
156,1345,1501,0.1388
156,1356,1512,0.1388
157,1347,1504,0.1388
158,1343,1501,0.1388
160,1346,1506,0.1388
165,1340,1505,0.1388
165,1338,1503,0.1388
167,1346,1513,0.1388
163,1354,1517,0.1388
161,1356,1517,0.1388
160,1356,1516,0.1388
159,1356,1515,0.1388
157,1344,1501,0.1388
156,1354,1510,0.1388
154,1347,1501,0.1388
156,1356,1512,0.1388
157,1351,1508,0.1388
158,1353,1511,0.1388
153,1357,1510,0.1388
152,1357,1509,0.1388
152,1369,1521,0.1388
149,1359,1508,0.1388
149,1352,1501,0.1388
144,1358,1502,0.1388
145,1355,1500,0.1388
140,1365,1505,0.1388
142,1363,1505,0.1388
136,1356,1492,0.1388
141,1362,1503,0.1388
147,1355,1502,0.1388
148,1358,1506,0.1388
142,1359,1501,0.1388
143,1354,1497,0.1388
141,1365,1506,0.1388
139,1371,1510,0.1388
142,1376,1518,0.1388
140,1385,1525,0.1388
141,1376,1517,0.1388
141,1379,1520,0.1388
143,1378,1521,0.1388
135,1379,1514,0.1388
127,1377,1504,0.1388
128,1383,1511,0.1388
128,1381,1509,0.1388
128,1380,1508,0.1388
134,1376,1510,0.1388
136,1369,1505,0.1388
136,1373,1509,0.1388
136,1364,1500,0.1388
137,1373,1510,0.1388
131,1388,1519,0.1388
133,1398,1531,0.1388
133,1387,1520,0.1388
135,1385,1520,0.1388
132,1380,1512,0.1388
132,1382,1514,0.1388
131,1393,1524,0.1388
134,1394,1528,0.1388
133,1392,1525,0.1388
134,1399,1533,0.1388
133,1399,1532,0.1388
133,1392,1525,0.1388
133,1388,1521,0.1388
135,1374,1509,0.1388
130,1383,1513,0.1388
130,1383,1513,0.1388
130,1379,1509,0.1388
128,1396,1524,0.1388
129,1391,1520,0.1388
128,1387,1515,0.1388
128,1398,1526,0.1388
129,1387,1516,0.1388
130,1393,1523,0.1388
132,1397,1529,0.1388
131,1390,1521,0.1388
131,1382,1513,0.1388
126,1383,1509,0.1388
127,1383,1510,0.1388
122,1389,1511,0.1388
129,1393,1522,0.1388
126,1401,1527,0.1388
122,1386,1508,0.1388
123,1385,1508,0.1388
125,1392,1517,0.1388
127,1391,1518,0.1388
128,1411,1539,0.1388
125,1400,1525,0.1388
124,1399,1523,0.1388
122,1391,1513,0.1388
120,1399,1519,0.1388
122,1396,1518,0.1388
126,1388,1514,0.1388
126,1396,1522,0.1388
124,1387,1511,0.1388
124,1398,1522,0.1388
122,1390,1512,0.1388
122,1394,1516,0.1388
121,1402,1523,0.1388
117,1394,1511,0.1388
117,1392,1509,0.1388
112,1398,1510,0.1388
110,1390,1500,0.1388
110,1408,1518,0.1388
107,1404,1511,0.1388
109,1407,1516,0.1388
104,1408,1512,0.1388
105,1412,1517,0.1388
109,1419,1528,0.1388
106,1405,1511,0.1388
105,1415,1520,0.1388
103,1405,1508,0.1388
106,1407,1513,0.1388
108,1420,1528,0.1388
103,1429,1532,0.1388
105,1426,1531,0.1388
105,1419,1524,0.1388
107,1422,1529,0.1388
107,1401,1508,0.1388
109,1398,1507,0.1388
111,1405,1516,0.1388
110,1400,1510,0.1388
112,1407,1519,0.1388
110,1419,1529,0.1388
111,1418,1529,0.1388
111,1411,1522,0.1388
113,1397,1510,0.1388
112,1415,1527,0.1388
111,1411,1522,0.1388
113,1400,1513,0.1388
112,1404,1516,0.1388
110,1408,1518,0.1388
112,1419,1531,0.1388
111,1417,1528,0.1388
112,1413,1525,0.1388
110,1402,1512,0.1388
107,1407,1514,0.1388
103,1404,1507,0.1388
105,1416,1521,0.1388
103,1413,1516,0.1388
106,1406,1512,0.1388
105,1415,1520,0.1388
107,1418,1525,0.1388
106,1412,1518,0.1388
103,1407,1510,0.1388
99,1417,1516,0.1388
97,1395,1492,0.1388
96,1408,1504,0.1388
94,1404,1498,0.1388
92,1419,1511,0.1388
92,1419,1511,0.1388
90,1412,1502,0.1388
90,1419,1509,0.1388
89,1415,1504,0.1388
92,1408,1500,0.1388
90,1401,1491,0.1388
90,1417,1507,0.1388
91,1418,1509,0.1388
87,1433,1520,0.1388
85,1420,1505,0.1388
85,1429,1514,0.1388
88,1431,1519,0.1388
84,1447,1531,0.1388
87,1440,1527,0.1388
89,1440,1529,0.1388
86,1431,1517,0.1388
88,1430,1518,0.1388
87,1434,1521,0.1388
86,1433,1519,0.1388
85,1426,1511,0.1388
81,1435,1516,0.1388
83,1426,1509,0.1388
82,1439,1521,0.1388
84,1446,1530,0.1388
82,1439,1521,0.1388
85,1437,1522,0.1388
83,1439,1522,0.1388
84,1435,1519,0.1388
83,1436,1519,0.1388
84,1443,1527,0.1388
84,1439,1523,0.1388
85,1442,1527,0.1388
83,1431,1514,0.1388
84,1433,1517,0.1388
87,1425,1512,0.1388
84,1422,1506,0.1388
84,1434,1518,0.1388
81,1442,1523,0.1388
81,1440,1521,0.1388
79,1443,1522,0.1388
77,1448,1525,0.1388
79,1445,1524,0.1388
79,1433,1512,0.1388
79,1428,1507,0.1388
79,1432,1511,0.1388
80,1418,1498,0.1388
80,1429,1509,0.1388
82,1416,1498,0.1388
81,1425,1506,0.1388
77,1432,1509,0.1388
75,1429,1504,0.1388
73,1433,1506,0.1388
74,1443,1517,0.1388
72,1444,1516,0.1388
71,1429,1500,0.1388
72,1443,1515,0.1388
70,1444,1514,0.1388
68,1448,1516,0.1388
68,1446,1514,0.1388
67,1451,1518,0.1388
67,1442,1509,0.1388
67,1448,1515,0.1388
63,1440,1503,0.1388
61,1439,1500,0.1388
61,1440,1501,0.1388
60,1450,1510,0.1388
62,1458,1520,0.1388
62,1452,1514,0.1388
60,1451,1511,0.1388
60,1446,1506,0.1388
62,1454,1516,0.1388
61,1452,1513,0.1388
62,1445,1507,0.1388
62,1451,1513,0.1388
62,1448,1510,0.1388
59,1453,1512,0.1388
61,1458,1519,0.1388
63,1460,1523,0.1388
62,1461,1523,0.1388
59,1456,1515,0.1388
58,1459,1517,0.1388
57,1470,1527,0.1388
56,1465,1521,0.1388
57,1469,1526,0.1388
59,1459,1518,0.1388
59,1462,1521,0.1388
59,1465,1524,0.1388
59,1460,1519,0.1388
58,1447,1505,0.1388
59,1455,1514,0.1388
58,1454,1512,0.1388
58,1463,1521,0.1388
59,1464,1523,0.1388
62,1457,1519,0.1388
62,1464,1526,0.1388
61,1459,1520,0.1388
62,1463,1525,0.1388
67,1475,1542,0.1388
63,1460,1523,0.1388
63,1461,1524,0.1388
63,1470,1533,0.1388
61,1458,1519,0.1388
61,1463,1524,0.1388
60,1456,1516,0.1388
61,1457,1518,0.1388
62,1458,1520,0.1388
61,1476,1537,0.1388
59,1462,1521,0.1388
59,1442,1501,0.1388
61,1445,1506,0.1388
59,1451,1510,0.1388
58,1444,1502,0.1388
60,1438,1498,0.1388
60,1448,1508,0.1388
58,1458,1516,0.1388
58,1456,1514,0.1388
56,1463,1519,0.1388
54,1463,1517,0.1388
55,1462,1517,0.1388
55,1467,1522,0.1388
52,1453,1505,0.1388
52,1454,1506,0.1388
49,1463,1512,0.1388
48,1464,1512,0.1388
46,1464,1510,0.1388
46,1468,1514,0.1388
47,1462,1509,0.1388
47,1471,1518,0.1388
47,1460,1507,0.1388
45,1468,1513,0.1388
45,1461,1506,0.1388
44,1463,1507,0.1388
44,1470,1514,0.1388
46,1458,1504,0.1388
47,1458,1505,0.1388
47,1456,1503,0.1388
50,1466,1516,0.1388
50,1471,1521,0.1388
50,1478,1528,0.1388
49,1486,1535,0.1388
49,1474,1523,0.1388
51,1474,1525,0.1388
51,1481,1532,0.1388
52,1480,1532,0.1388
53,1482,1535,0.1388
51,1485,1536,0.1388
48,1478,1526,0.1388
49,1471,1520,0.1388
48,1457,1505,0.1388
46,1463,1509,0.1388
45,1471,1516,0.1388
43,1466,1509,0.1388
42,1466,1508,0.1388
43,1481,1524,0.1388
43,1474,1517,0.1388
43,1482,1525,0.1388
45,1477,1522,0.1388
44,1472,1516,0.1388
42,1469,1511,0.1388
43,1472,1515,0.1388
43,1476,1519,0.1388
44,1472,1516,0.1388
42,1471,1513,0.1388
44,1467,1511,0.1388
44,1459,1503,0.1388
44,1462,1506,0.1388
44,1470,1514,0.1388
42,1476,1518,0.1388
41,1491,1532,0.1388
42,1498,1540,0.1388
41,1483,1524,0.1388
41,1484,1525,0.1388
39,1494,1533,0.1388
38,1479,1517,0.1388
37,1491,1528,0.1388
37,1480,1517,0.1388
37,1478,1515,0.1388
37,1487,1524,0.1388
36,1483,1519,0.1388
38,1490,1528,0.1388
39,1488,1527,0.1388
38,1509,1547,0.1388
36,1493,1529,0.1388
36,1493,1529,0.1388
34,1500,1534,0.1388
33,1494,1527,0.1388
33,1497,1530,0.1388
33,1491,1524,0.1388
32,1496,1528,0.1388
32,1487,1519,0.1388
32,1484,1516,0.1388
34,1483,1517,0.1388
34,1491,1525,0.1388
34,1494,1528,0.1388
34,1481,1515,0.1388
34,1480,1514,0.1388
33,1484,1517,0.1388
33,1485,1518,0.1388
33,1486,1519,0.1388
33,1475,1508,0.1388
32,1497,1529,0.1388
32,1489,1521,0.1388
31,1477,1508,0.1388
30,1486,1516,0.1388
29,1492,1521,0.1388
31,1503,1534,0.1388
31,1488,1519,0.1388
30,1495,1525,0.1388
29,1495,1524,0.1388
31,1478,1509,0.1388
33,1484,1517,0.1388
33,1479,1512,0.1388
33,1481,1514,0.1388
32,1477,1509,0.1388
32,1481,1513,0.1388
31,1486,1517,0.1388
31,1491,1522,0.1388
31,1490,1521,0.1388
32,1485,1517,0.1388
31,1483,1514,0.1388
31,1484,1515,0.1388
29,1482,1511,0.1388
31,1479,1510,0.1388
32,1477,1509,0.1388
33,1467,1500,0.1388
35,1473,1508,0.1388
36,1479,1515,0.1388
36,1480,1516,0.1388
35,1471,1506,0.1388
36,1474,1510,0.1388
35,1479,1514,0.1388
36,1480,1516,0.1388
36,1489,1525,0.1388
36,1480,1516,0.1388
34,1487,1521,0.1388
34,1486,1520,0.1388
32,1490,1522,0.1388
29,1483,1512,0.1388
29,1487,1516,0.1388
31,1485,1516,0.1388
33,1477,1510,0.1388
32,1474,1506,0.1388
33,1472,1505,0.1388
34,1470,1504,0.1388
35,1470,1505,0.1388
35,1471,1506,0.1388
36,1455,1491,0.1388
36,1460,1496,0.1388
35,1456,1491,0.1388
32,1464,1496,0.1388
33,1465,1498,0.1388
34,1458,1492,0.1388
33,1456,1489,0.1388
31,1473,1504,0.1388
29,1475,1504,0.1388
30,1481,1511,0.1388
30,1488,1518,0.1388
32,1489,1521,0.1388
34,1484,1518,0.1388
33,1482,1515,0.1388
34,1471,1505,0.1388
32,1468,1500,0.1388
32,1475,1507,0.1388
32,1491,1523,0.1388
32,1494,1526,0.1388
31,1490,1521,0.1388
30,1478,1508,0.1388
30,1483,1513,0.1388
31,1483,1514,0.1388
32,1477,1509,0.1388
32,1497,1529,0.1388
31,1485,1516,0.1388
31,1473,1504,0.1388
31,1477,1508,0.1388
29,1473,1502,0.1388
29,1482,1511,0.1388
28,1485,1513,0.1388
28,1486,1514,0.1388
26,1492,1518,0.1388
26,1506,1532,0.1388
26,1497,1523,0.1388
25,1507,1532,0.1388
24,1498,1522,0.1388
25,1491,1516,0.1388
24,1486,1510,0.1388
25,1499,1524,0.1388
26,1500,1526,0.1388
24,1498,1522,0.1388
24,1493,1517,0.1388
23,1485,1508,0.1388
23,1480,1503,0.1388
25,1488,1513,0.1388
25,1475,1500,0.1388
24,1489,1513,0.1388
24,1482,1506,0.1388
25,1489,1514,0.1388
25,1486,1511,0.1388
25,1485,1510,0.1388
24,1484,1508,0.1388
23,1497,1520,0.1388
23,1503,1526,0.1388
22,1502,1524,0.1388
22,1484,1506,0.1388
22,1491,1513,0.1388
22,1481,1503,0.1388
21,1489,1510,0.1388
21,1484,1505,0.1388
22,1481,1503,0.1388
22,1490,1512,0.1388
21,1494,1515,0.1388
21,1490,1511,0.1388
19,1501,1520,0.1388
19,1499,1518,0.1388
17,1493,1510,0.1388
17,1499,1516,0.1388
17,1503,1520,0.1388
17,1504,1521,0.1388
16,1501,1517,0.1388
16,1495,1511,0.1388
17,1494,1511,0.1388
17,1488,1505,0.1388
16,1500,1516,0.1388
17,1506,1523,0.1388
18,1503,1521,0.1388
20,1502,1522,0.1388
20,1498,1518,0.1388
19,1472,1491,0.1388
20,1483,1503,0.1388
21,1486,1507,0.1388
20,1493,1513,0.1388
21,1498,1519,0.1388
21,1494,1515,0.1388
20,1498,1518,0.1388
20,1504,1524,0.1388
20,1501,1521,0.1388
21,1498,1519,0.1388
21,1498,1519,0.1388
20,1507,1527,0.1388
21,1504,1525,0.1388
20,1516,1536,0.1388
20,1508,1528,0.1388
18,1513,1531,0.1388
19,1508,1527,0.1388
20,1502,1522,0.1388
19,1498,1517,0.1388
20,1502,1522,0.1388
16,1503,1519,0.1388
16,1503,1519,0.1388
16,1504,1520,0.1388
17,1504,1521,0.1388
18,1505,1523,0.1388
16,1517,1533,0.1388
17,1515,1532,0.1388
18,1507,1525,0.1388
18,1493,1511,0.1388
18,1499,1517,0.1388
19,1514,1533,0.1388
20,1512,1532,0.1388
20,1520,1540,0.1388
18,1487,1505,0.1388
18,1495,1513,0.1388
19,1498,1517,0.1388
18,1510,1528,0.1388
17,1507,1524,0.1388
18,1509,1527,0.1388
18,1502,1520,0.1388
17,1499,1516,0.1388
17,1497,1514,0.1388
17,1506,1523,0.1388
16,1502,1518,0.1388
15,1502,1517,0.1388
15,1501,1516,0.1388
15,1509,1524,0.1388
16,1515,1531,0.1388
17,1503,1520,0.1388
17,1499,1516,0.1388
18,1506,1524,0.1388
18,1503,1521,0.1388
17,1493,1510,0.1388
18,1498,1516,0.1388
17,1496,1513,0.1388
17,1503,1520,0.1388
14,1506,1520,0.1388
14,1495,1509,0.1388
16,1494,1510,0.1388
16,1500,1516,0.1388
16,1494,1510,0.1388
16,1502,1518,0.1388
15,1501,1516,0.1388
15,1496,1511,0.1388
15,1494,1509,0.1388
15,1501,1516,0.1388
16,1492,1508,0.1388
15,1512,1527,0.1388
15,1509,1524,0.1388
14,1493,1507,0.1388
14,1507,1521,0.1388
13,1509,1522,0.1388
13,1504,1517,0.1388
13,1502,1515,0.1388
13,1511,1524,0.1388
13,1493,1506,0.1388
14,1505,1519,0.1388
14,1504,1518,0.1388
13,1518,1531,0.1388
12,1518,1530,0.1388
12,1523,1535,0.1388
12,1515,1527,0.1388
12,1508,1520,0.1388
14,1489,1503,0.1388
14,1499,1513,0.1388
14,1494,1508,0.1388
14,1489,1503,0.1388
14,1482,1496,0.1388
14,1479,1493,0.1388
14,1503,1517,0.1388
14,1506,1520,0.1388
14,1506,1520,0.1388
14,1508,1522,0.1388
12,1511,1523,0.1388
13,1500,1513,0.1388
13,1503,1516,0.1388
13,1515,1528,0.1388
13,1503,1516,0.1388
12,1509,1521,0.1388
12,1503,1515,0.1388
12,1521,1533,0.1388
12,1515,1527,0.1388
12,1513,1525,0.1388
12,1507,1519,0.1388
12,1519,1531,0.1388
12,1510,1522,0.1388
12,1507,1519,0.1388
12,1522,1534,0.1388
12,1508,1520,0.1388
12,1508,1520,0.1388
12,1507,1519,0.1388
12,1509,1521,0.1388
11,1498,1509,0.1388
11,1504,1515,0.1388
10,1510,1520,0.1388
10,1508,1518,0.1388
9,1501,1510,0.1388
10,1483,1493,0.1388
10,1486,1496,0.1388
10,1492,1502,0.1388
11,1507,1518,0.1388
12,1506,1518,0.1388
12,1504,1516,0.1388
13,1510,1523,0.1388
13,1499,1512,0.1388
14,1499,1513,0.1388
14,1504,1518,0.1388
15,1499,1514,0.1388
15,1495,1510,0.1388
17,1489,1506,0.1388
17,1502,1519,0.1388
18,1481,1499,0.1388
18,1479,1497,0.1388
18,1491,1509,0.1388
18,1490,1508,0.1388
18,1497,1515,0.1388
18,1499,1517,0.1388
17,1502,1519,0.1388
17,1497,1514,0.1388
17,1502,1519,0.1388
18,1499,1517,0.1388
17,1499,1516,0.1388
16,1506,1522,0.1388
16,1502,1518,0.1388
15,1494,1509,0.1388
15,1497,1512,0.1388
15,1499,1514,0.1388
15,1498,1513,0.1388
15,1496,1511,0.1388
15,1491,1506,0.1388
16,1487,1503,0.1388
16,1492,1508,0.1388
15,1504,1519,0.1388
15,1492,1507,0.1388
15,1506,1521,0.1388
15,1495,1510,0.1388
15,1506,1521,0.1388
16,1507,1523,0.1388
15,1517,1532,0.1388
15,1509,1524,0.1388
15,1517,1532,0.1388
15,1512,1527,0.1388
15,1493,1508,0.1388
16,1500,1516,0.1388
15,1481,1496,0.1388
14,1476,1490,0.1388
15,1469,1484,0.1388
15,1477,1492,0.1388
15,1480,1495,0.1388
15,1502,1517,0.1388
14,1503,1517,0.1388
14,1491,1505,0.1388
14,1495,1509,0.1388
14,1495,1509,0.1388
14,1501,1515,0.1388
14,1499,1513,0.1388
14,1501,1515,0.1388
15,1488,1503,0.1388
14,1495,1509,0.1388
15,1497,1512,0.1388
16,1498,1514,0.1388
16,1502,1518,0.1388
16,1508,1524,0.1388
16,1501,1517,0.1388
16,1498,1514,0.1388
15,1506,1521,0.1388
15,1508,1523,0.1388
13,1506,1519,0.1388
14,1504,1518,0.1388
13,1512,1525,0.1388
13,1507,1520,0.1388
14,1516,1530,0.1388
14,1517,1531,0.1388
13,1519,1532,0.1388
13,1532,1545,0.1388
13,1524,1537,0.1388
13,1509,1522,0.1388
13,1501,1514,0.1388
12,1494,1506,0.1388
11,1494,1505,0.1388
10,1493,1503,0.1388
10,1508,1518,0.1388
11,1505,1516,0.1388
11,1509,1520,0.1388
11,1503,1514,0.1388
11,1496,1507,0.1388
11,1496,1507,0.1388
10,1496,1506,0.1388
10,1510,1520,0.1388
11,1518,1529,0.1388
11,1516,1527,0.1388
11,1502,1513,0.1388
11,1510,1521,0.1388
11,1514,1525,0.1388
11,1514,1525,0.1388
11,1510,1521,0.1388
11,1515,1526,0.1388
12,1519,1531,0.1388
12,1524,1536,0.1388
11,1521,1532,0.1388
10,1517,1527,0.1388
10,1517,1527,0.1388
11,1515,1526,0.1388
11,1526,1537,0.1388
11,1513,1524,0.1388
11,1507,1518,0.1388
11,1503,1514,0.1388
10,1503,1513,0.1388
12,1504,1516,0.1388
13,1514,1527,0.1388
12,1510,1522,0.1388
12,1511,1523,0.1388
12,1501,1513,0.1388
12,1493,1505,0.1388
13,1501,1514,0.1388
14,1500,1514,0.1388
14,1481,1495,0.1388
14,1495,1509,0.1388
14,1496,1510,0.1388
14,1501,1515,0.1388
14,1509,1523,0.1388
14,1495,1509,0.1388
14,1501,1515,0.1388
14,1515,1529,0.1388
14,1520,1534,0.1388
13,1517,1530,0.1388
12,1523,1535,0.1388
11,1516,1527,0.1388
10,1504,1514,0.1388
11,1505,1516,0.1388
11,1516,1527,0.1388
11,1524,1535,0.1388
12,1513,1525,0.1388
11,1503,1514,0.1388
11,1509,1520,0.1388
10,1515,1525,0.1388
9,1508,1517,0.1388
9,1502,1511,0.1388
10,1487,1497,0.1388
10,1498,1508,0.1388
9,1495,1504,0.1388
9,1512,1521,0.1388
9,1525,1534,0.1388
9,1518,1527,0.1388
9,1510,1519,0.1388
8,1499,1507,0.1388
8,1507,1515,0.1388
8,1519,1527,0.1388
8,1529,1537,0.1388
8,1522,1530,0.1388
8,1517,1525,0.1388
8,1510,1518,0.1388
8,1506,1514,0.1388
7,1510,1517,0.1388
7,1516,1523,0.1388
7,1516,1523,0.1388
7,1523,1530,0.1388
7,1514,1521,0.1388
7,1510,1517,0.1388
7,1513,1520,0.1388
7,1501,1508,0.1388
6,1501,1507,0.1388
6,1500,1506,0.1388
6,1514,1520,0.1388
6,1516,1522,0.1388
6,1510,1516,0.1388
6,1516,1522,0.1388
6,1514,1520,0.1388
6,1515,1521,0.1388
6,1515,1521,0.1388
6,1512,1518,0.1388
6,1509,1515,0.1388
6,1508,1514,0.1388
6,1507,1513,0.1388
6,1508,1514,0.1388
5,1505,1510,0.1388
5,1495,1500,0.1388
5,1508,1513,0.1388
5,1499,1504,0.1388
4,1513,1517,0.1388
5,1512,1517,0.1388
5,1509,1514,0.1388
4,1512,1516,0.1388
4,1504,1508,0.1388
3,1510,1513,0.1388
4,1520,1524,0.1388
4,1516,1520,0.1388
4,1501,1505,0.1388
4,1505,1509,0.1388
6,1504,1510,0.1388
7,1516,1523,0.1388
7,1503,1510,0.1388
7,1507,1514,0.1388
7,1493,1500,0.1388
7,1508,1515,0.1388
8,1514,1522,0.1388
8,1515,1523,0.1388
8,1524,1532,0.1388
7,1518,1525,0.1388
7,1512,1519,0.1388
7,1511,1518,0.1388
7,1497,1504,0.1388
6,1506,1512,0.1388
6,1508,1514,0.1388
6,1511,1517,0.1388
6,1515,1521,0.1388
6,1509,1515,0.1388
6,1518,1524,0.1388
6,1519,1525,0.1388
6,1508,1514,0.1388
6,1512,1518,0.1388
6,1505,1511,0.1388
6,1507,1513,0.1388
5,1498,1503,0.1388
5,1514,1519,0.1388
5,1507,1512,0.1388
5,1513,1518,0.1388
5,1515,1520,0.1388
4,1516,1520,0.1388
4,1519,1523,0.1388
5,1524,1529,0.1388
5,1531,1536,0.1388
5,1524,1529,0.1388
5,1505,1510,0.1388
5,1512,1517,0.1388
6,1510,1516,0.1388
5,1503,1508,0.1388
5,1491,1496,0.1388
5,1505,1510,0.1388
5,1507,1512,0.1388
5,1513,1518,0.1388
5,1529,1534,0.1388
5,1530,1535,0.1388
5,1525,1530,0.1388
4,1527,1531,0.1388
3,1504,1507,0.1388
3,1503,1506,0.1388
2,1499,1501,0.1388
4,1510,1514,0.1388
4,1513,1517,0.1388
4,1508,1512,0.1388
3,1522,1525,0.1388
3,1519,1522,0.1388
3,1525,1528,0.1388
3,1513,1516,0.1388
3,1523,1526,0.1388
3,1518,1521,0.1388
3,1519,1522,0.1388
3,1500,1503,0.1388
3,1509,1512,0.1388
3,1509,1512,0.1388
3,1503,1506,0.1388
3,1504,1507,0.1388
3,1494,1497,0.1388
3,1513,1516,0.1388
3,1511,1514,0.1388
2,1513,1515,0.1388
1,1517,1518,0.1388
1,1517,1518,0.1388
1,1524,1525,0.1388
1,1520,1521,0.1388
1,1518,1519,0.1388
1,1515,1516,0.1388
1,1513,1514,0.1388
1,1513,1514,0.1388
1,1506,1507,0.1388
1,1510,1511,0.1388
1,1512,1513,0.1388
1,1519,1520,0.1388
1,1525,1526,0.1388
1,1513,1514,0.1388
1,1516,1517,0.1388
1,1501,1502,0.1388
1,1506,1507,0.1388
1,1508,1509,0.1388
1,1503,1504,0.1388
1,1506,1507,0.1388
1,1511,1512,0.1388
0,1501,1501,0.1388
