1368,32,1400,0.1388
1403,33,1436,0.1388
1417,33,1450,0.1388
1431,32,1463,0.1388
1433,31,1464,0.1388
1447,32,1479,0.1388
1457,33,1490,0.1388
1457,33,1490,0.1388
1448,32,1480,0.1388
1460,32,1492,0.1388
1464,33,1497,0.1388
1475,34,1509,0.1388
1459,35,1494,0.1388
1468,36,1504,0.1388
1470,38,1508,0.1388
1454,37,1491,0.1388
1435,38,1473,0.1388
1455,38,1493,0.1388
1448,38,1486,0.1388
1451,40,1491,0.1388
1461,41,1502,0.1388
1456,40,1496,0.1388
1458,39,1497,0.1388
1440,38,1478,0.1388
1453,37,1490,0.1388
1451,37,1488,0.1388
1454,39,1493,0.1388
1458,38,1496,0.1388
1464,38,1502,0.1388
1465,40,1505,0.1388
1466,42,1508,0.1388
1468,43,1511,0.1388
1463,43,1506,0.1388
1454,41,1495,0.1388
1453,41,1494,0.1388
1456,40,1496,0.1388
1457,40,1497,0.1388
1465,39,1504,0.1388
1457,42,1499,0.1388
1457,42,1499,0.1388
1457,40,1497,0.1388
1439,42,1481,0.1388
1458,42,1500,0.1388
1450,44,1494,0.1388
1458,45,1503,0.1388
1470,44,1514,0.1388
1466,44,1510,0.1388
1452,46,1498,0.1388
1448,47,1495,0.1388
1449,50,1499,0.1388
1451,51,1502,0.1388
1435,48,1483,0.1388
1436,50,1486,0.1388
1445,49,1494,0.1388
1443,47,1490,0.1388
1462,48,1510,0.1388
1444,47,1491,0.1388
1439,47,1486,0.1388
1449,48,1497,0.1388
1439,50,1489,0.1388
1434,47,1481,0.1388
1433,51,1484,0.1388
1439,49,1488,0.1388
1428,49,1477,0.1388
1432,53,1485,0.1388
1430,55,1485,0.1388
1434,55,1489,0.1388
1434,54,1488,0.1388
1428,53,1481,0.1388
1430,53,1483,0.1388
1425,54,1479,0.1388
1413,55,1468,0.1388
1418,56,1474,0.1388
1416,56,1472,0.1388
1417,55,1472,0.1388
1428,60,1488,0.1388
1421,64,1485,0.1388
1416,62,1478,0.1388
1422,66,1488,0.1388
1427,67,1494,0.1388
1434,69,1503,0.1388
1438,71,1509,0.1388
1442,71,1513,0.1388
1446,68,1514,0.1388
1432,68,1500,0.1388
1432,65,1497,0.1388
1446,62,1508,0.1388
1434,61,1495,0.1388
1428,63,1491,0.1388
1445,60,1505,0.1388
1432,61,1493,0.1388
1439,62,1501,0.1388
1441,62,1503,0.1388
1435,62,1497,0.1388
1441,64,1505,0.1388
1432,65,1497,0.1388
1433,64,1497,0.1388
1434,62,1496,0.1388
1425,62,1487,0.1388
1418,65,1483,0.1388
1423,64,1487,0.1388
1428,66,1494,0.1388
1430,67,1497,0.1388
1427,63,1490,0.1388
1437,67,1504,0.1388
1440,66,1506,0.1388
1440,63,1503,0.1388
1437,61,1498,0.1388
1446,60,1506,0.1388
1432,63,1495,0.1388
1435,62,1497,0.1388
1434,63,1497,0.1388
1437,64,1501,0.1388
1433,62,1495,0.1388
1423,61,1484,0.1388
1421,63,1484,0.1388
1431,64,1495,0.1388
1424,62,1486,0.1388
1431,63,1494,0.1388
1431,62,1493,0.1388
1432,61,1493,0.1388
1437,60,1497,0.1388
1434,60,1494,0.1388
1428,60,1488,0.1388
1425,61,1486,0.1388
1432,60,1492,0.1388
1443,61,1504,0.1388
1438,65,1503,0.1388
1430,65,1495,0.1388
1430,65,1495,0.1388
1429,67,1496,0.1388
1427,69,1496,0.1388
1427,72,1499,0.1388
1429,72,1501,0.1388
1437,73,1510,0.1388
1428,71,1499,0.1388
1426,72,1498,0.1388
1424,71,1495,0.1388
1433,75,1508,0.1388
1417,74,1491,0.1388
1428,74,1502,0.1388
1428,76,1504,0.1388
1421,79,1500,0.1388
1424,79,1503,0.1388
1428,80,1508,0.1388
1426,84,1510,0.1388
1425,84,1509,0.1388
1424,81,1505,0.1388
1409,81,1490,0.1388
1405,81,1486,0.1388
1399,81,1480,0.1388
1393,79,1472,0.1388
1394,78,1472,0.1388
1396,78,1474,0.1388
1400,78,1478,0.1388
1391,76,1467,0.1388
1394,79,1473,0.1388
1401,79,1480,0.1388
1405,79,1484,0.1388
1397,77,1474,0.1388
1409,77,1486,0.1388
1421,76,1497,0.1388
1413,74,1487,0.1388
1411,74,1485,0.1388
1426,74,1500,0.1388
1412,73,1485,0.1388
1419,71,1490,0.1388
1407,72,1479,0.1388
1422,77,1499,0.1388
1425,77,1502,0.1388
1418,74,1492,0.1388
1418,76,1494,0.1388
1425,75,1500,0.1388
1431,72,1503,0.1388
1435,72,1507,0.1388
1436,75,1511,0.1388
1427,74,1501,0.1388
1420,75,1495,0.1388
1409,79,1488,0.1388
1409,79,1488,0.1388
1410,80,1490,0.1388
1397,82,1479,0.1388
1408,84,1492,0.1388
1406,83,1489,0.1388
1409,78,1487,0.1388
1407,79,1486,0.1388
1413,77,1490,0.1388
1413,74,1487,0.1388
1428,75,1503,0.1388
1419,73,1492,0.1388
1426,75,1501,0.1388
1427,77,1504,0.1388
1416,77,1493,0.1388
1419,78,1497,0.1388
1430,77,1507,0.1388
1414,77,1491,0.1388
1414,78,1492,0.1388
1407,79,1486,0.1388
1407,80,1487,0.1388
1405,79,1484,0.1388
1409,80,1489,0.1388
1402,80,1482,0.1388
1417,78,1495,0.1388
1416,79,1495,0.1388
1419,79,1498,0.1388
1426,80,1506,0.1388
1428,81,1509,0.1388
1424,80,1504,0.1388
1422,82,1504,0.1388
1400,83,1483,0.1388
1416,80,1496,0.1388
1426,86,1512,0.1388
1406,85,1491,0.1388
1402,88,1490,0.1388
1408,86,1494,0.1388
1387,87,1474,0.1388
1387,87,1474,0.1388
1370,89,1459,0.1388
1371,91,1462,0.1388
1369,96,1465,0.1388
1369,99,1468,0.1388
1369,99,1468,0.1388
1385,101,1486,0.1388
1387,102,1489,0.1388
1387,102,1489,0.1388
1390,105,1495,0.1388
1401,106,1507,0.1388
1411,109,1520,0.1388
1421,107,1528,0.1388
1397,104,1501,0.1388
1398,105,1503,0.1388
1397,105,1502,0.1388
1383,105,1488,0.1388
1370,101,1471,0.1388
1377,106,1483,0.1388
1376,111,1487,0.1388
1376,109,1485,0.1388
1373,111,1484,0.1388
1369,110,1479,0.1388
1379,113,1492,0.1388
1378,115,1493,0.1388
1373,111,1484,0.1388
1376,111,1487,0.1388
1388,110,1498,0.1388
1383,110,1493,0.1388
1386,112,1498,0.1388
1395,114,1509,0.1388
1395,110,1505,0.1388
1383,110,1493,0.1388
1389,110,1499,0.1388
1381,110,1491,0.1388
1378,111,1489,0.1388
1390,110,1500,0.1388
1383,108,1491,0.1388
1377,112,1489,0.1388
1374,116,1490,0.1388
1364,117,1481,0.1388
1365,115,1480,0.1388
1389,118,1507,0.1388
1385,120,1505,0.1388
1373,119,1492,0.1388
1370,121,1491,0.1388
1378,124,1502,0.1388
1365,126,1491,0.1388
1363,124,1487,0.1388
1358,124,1482,0.1388
1346,126,1472,0.1388
1341,128,1469,0.1388
1351,126,1477,0.1388
1351,124,1475,0.1388
1359,127,1486,0.1388
1352,127,1479,0.1388
1350,128,1478,0.1388
1353,129,1482,0.1388
1347,132,1479,0.1388
1355,133,1488,0.1388
1353,134,1487,0.1388
1359,131,1490,0.1388
1356,134,1490,0.1388
1346,130,1476,0.1388
1347,129,1476,0.1388
1347,129,1476,0.1388
1339,128,1467,0.1388
1339,130,1469,0.1388
1346,132,1478,0.1388
1354,129,1483,0.1388
1352,133,1485,0.1388
1359,137,1496,0.1388
1360,139,1499,0.1388
1358,136,1494,0.1388
1354,135,1489,0.1388
1349,140,1489,0.1388
1355,141,1496,0.1388
1358,141,1499,0.1388
1346,138,1484,0.1388
1355,139,1494,0.1388
1354,140,1494,0.1388
1342,145,1487,0.1388
1345,149,1494,0.1388
1343,148,1491,0.1388
1348,146,1494,0.1388
1346,144,1490,0.1388
1355,146,1501,0.1388
1355,146,1501,0.1388
1351,147,1498,0.1388
1356,149,1505,0.1388
1370,152,1522,0.1388
1363,157,1520,0.1388
1347,155,1502,0.1388
1342,157,1499,0.1388
1336,158,1494,0.1388
1335,160,1495,0.1388
1321,167,1488,0.1388
1333,168,1501,0.1388
1326,169,1495,0.1388
1317,170,1487,0.1388
1311,171,1482,0.1388
1329,173,1502,0.1388
1329,177,1506,0.1388
1328,177,1505,0.1388
1322,179,1501,0.1388
1311,179,1490,0.1388
1319,181,1500,0.1388
1324,179,1503,0.1388
1331,181,1512,0.1388
1321,180,1501,0.1388
1316,182,1498,0.1388
1324,186,1510,0.1388
1326,189,1515,0.1388
1325,190,1515,0.1388
1323,191,1514,0.1388
1317,191,1508,0.1388
1315,194,1509,0.1388
1306,190,1496,0.1388
1295,190,1485,0.1388
1306,190,1496,0.1388
1294,184,1478,0.1388
1300,183,1483,0.1388
1302,182,1484,0.1388
1311,184,1495,0.1388
1309,185,1494,0.1388
1294,194,1488,0.1388
1301,198,1499,0.1388
1295,200,1495,0.1388
1298,199,1497,0.1388
1303,202,1505,0.1388
1300,203,1503,0.1388
1298,206,1504,0.1388
1289,209,1498,0.1388
1288,201,1489,0.1388
1281,200,1481,0.1388
1287,204,1491,0.1388
1293,203,1496,0.1388
1291,205,1496,0.1388
1289,203,1492,0.1388
1283,200,1483,0.1388
1291,208,1499,0.1388
1298,203,1501,0.1388
1302,202,1504,0.1388
1297,204,1501,0.1388
1281,207,1488,0.1388
1279,213,1492,0.1388
1279,209,1488,0.1388
1286,208,1494,0.1388
1285,205,1490,0.1388
1285,199,1484,0.1388
1277,202,1479,0.1388
1288,200,1488,0.1388
1291,200,1491,0.1388
1276,205,1481,0.1388
1279,206,1485,0.1388
1274,213,1487,0.1388
1268,214,1482,0.1388
1272,214,1486,0.1388
1263,217,1480,0.1388
1268,218,1486,0.1388
1286,219,1505,0.1388
1286,216,1502,0.1388
1278,211,1489,0.1388
1282,218,1500,0.1388
1280,216,1496,0.1388
1284,211,1495,0.1388
1287,208,1495,0.1388
1280,205,1485,0.1388
1287,205,1492,0.1388
1285,210,1495,0.1388
1303,211,1514,0.1388
1296,213,1509,0.1388
1300,210,1510,0.1388
1299,211,1510,0.1388
1301,207,1508,0.1388
1289,210,1499,0.1388
1284,209,1493,0.1388
1276,211,1487,0.1388
1282,214,1496,0.1388
1287,214,1501,0.1388
1295,216,1511,0.1388
1282,214,1496,0.1388
1282,211,1493,0.1388
1289,211,1500,0.1388
1279,216,1495,0.1388
1277,219,1496,0.1388
1280,219,1499,0.1388
1284,221,1505,0.1388
1270,224,1494,0.1388
1269,225,1494,0.1388
1259,222,1481,0.1388
1275,223,1498,0.1388
1270,220,1490,0.1388
1261,221,1482,0.1388
1260,223,1483,0.1388
1259,225,1484,0.1388
1273,226,1499,0.1388
1274,229,1503,0.1388
1283,224,1507,0.1388
1282,225,1507,0.1388
1288,227,1515,0.1388
1272,227,1499,0.1388
1276,228,1504,0.1388
1275,232,1507,0.1388
1270,231,1501,0.1388
1266,230,1496,0.1388
1252,228,1480,0.1388
1266,232,1498,0.1388
1262,235,1497,0.1388
1260,240,1500,0.1388
1257,238,1495,0.1388
1262,234,1496,0.1388
1251,238,1489,0.1388
1259,234,1493,0.1388
1266,242,1508,0.1388
1259,241,1500,0.1388
1259,248,1507,0.1388
1254,249,1503,0.1388
1262,246,1508,0.1388
1260,245,1505,0.1388
1261,247,1508,0.1388
1266,247,1513,0.1388
1271,248,1519,0.1388
1258,250,1508,0.1388
1245,254,1499,0.1388
1244,251,1495,0.1388
1224,247,1471,0.1388
1224,252,1476,0.1388
1243,250,1493,0.1388
1232,250,1482,0.1388
1235,256,1491,0.1388
1234,257,1491,0.1388
1237,263,1500,0.1388
1238,263,1501,0.1388
1243,258,1501,0.1388
1244,258,1502,0.1388
1237,260,1497,0.1388
1240,261,1501,0.1388
1242,261,1503,0.1388
1234,266,1500,0.1388
1251,265,1516,0.1388
1249,267,1516,0.1388
1243,271,1514,0.1388
1225,271,1496,0.1388
1232,268,1500,0.1388
1228,271,1499,0.1388
1237,268,1505,0.1388
1225,271,1496,0.1388
1227,270,1497,0.1388
1217,270,1487,0.1388
1214,276,1490,0.1388
1188,277,1465,0.1388
1189,278,1467,0.1388
1196,271,1467,0.1388
1197,276,1473,0.1388
1200,276,1476,0.1388
1207,281,1488,0.1388
1213,280,1493,0.1388
1213,283,1496,0.1388
1208,288,1496,0.1388
1201,286,1487,0.1388
1192,284,1476,0.1388
1203,288,1491,0.1388
1217,290,1507,0.1388
1213,286,1499,0.1388
1205,288,1493,0.1388
1199,291,1490,0.1388
1203,285,1488,0.1388
1197,288,1485,0.1388
1195,287,1482,0.1388
1212,286,1498,0.1388
1221,286,1507,0.1388
1214,292,1506,0.1388
1214,295,1509,0.1388
1220,294,1514,0.1388
1206,295,1501,0.1388
1211,296,1507,0.1388
1215,296,1511,0.1388
1211,292,1503,0.1388
1194,295,1489,0.1388
1195,293,1488,0.1388
1202,298,1500,0.1388
1207,296,1503,0.1388
1195,301,1496,0.1388
1200,300,1500,0.1388
1188,298,1486,0.1388
1193,297,1490,0.1388
1200,299,1499,0.1388
1205,297,1502,0.1388
1203,295,1498,0.1388
1209,299,1508,0.1388
1200,299,1499,0.1388
1195,302,1497,0.1388
1198,301,1499,0.1388
1208,300,1508,0.1388
1201,307,1508,0.1388
1187,308,1495,0.1388
1187,309,1496,0.1388
1193,311,1504,0.1388
1206,309,1515,0.1388
1205,309,1514,0.1388
1207,314,1521,0.1388
1199,315,1514,0.1388
1198,316,1514,0.1388
1203,315,1518,0.1388
1194,316,1510,0.1388
1183,313,1496,0.1388
1181,317,1498,0.1388
1185,314,1499,0.1388
1182,317,1499,0.1388
1179,320,1499,0.1388
1179,318,1497,0.1388
1180,316,1496,0.1388
1179,318,1497,0.1388
1169,314,1483,0.1388
1171,313,1484,0.1388
1177,316,1493,0.1388
1160,322,1482,0.1388
1150,326,1476,0.1388
1145,327,1472,0.1388
1148,323,1471,0.1388
1152,316,1468,0.1388
1158,321,1479,0.1388
1177,320,1497,0.1388
1188,327,1515,0.1388
1182,326,1508,0.1388
1179,324,1503,0.1388
1168,325,1493,0.1388
1164,325,1489,0.1388
1175,328,1503,0.1388
1175,328,1503,0.1388
1182,324,1506,0.1388
1178,327,1505,0.1388
1175,325,1500,0.1388
1163,329,1492,0.1388
1160,329,1489,0.1388
1166,325,1491,0.1388
1172,334,1506,0.1388
1167,335,1502,0.1388
1165,333,1498,0.1388
1165,330,1495,0.1388
1156,328,1484,0.1388
1161,331,1492,0.1388
1165,334,1499,0.1388
1171,334,1505,0.1388
1175,337,1512,0.1388
1163,333,1496,0.1388
1162,331,1493,0.1388
1159,329,1488,0.1388
1164,334,1498,0.1388
1152,334,1486,0.1388
1162,339,1501,0.1388
1154,340,1494,0.1388
1160,336,1496,0.1388
1159,335,1494,0.1388
1168,342,1510,0.1388
1167,342,1509,0.1388
1163,338,1501,0.1388
1142,341,1483,0.1388
1159,344,1503,0.1388
1146,341,1487,0.1388
1136,339,1475,0.1388
1152,340,1492,0.1388
1143,347,1490,0.1388
1136,347,1483,0.1388
1124,351,1475,0.1388
1132,352,1484,0.1388
1136,357,1493,0.1388
1133,356,1489,0.1388
1132,358,1490,0.1388
1140,363,1503,0.1388
1136,366,1502,0.1388
1144,363,1507,0.1388
1138,363,1501,0.1388
1133,358,1491,0.1388
1146,367,1513,0.1388
1135,365,1500,0.1388
1139,370,1509,0.1388
1133,369,1502,0.1388
1134,369,1503,0.1388
1134,366,1500,0.1388
1135,366,1501,0.1388
1136,371,1507,0.1388
1132,375,1507,0.1388
1126,376,1502,0.1388
1131,367,1498,0.1388
1130,365,1495,0.1388
1128,373,1501,0.1388
1121,372,1493,0.1388
1137,370,1507,0.1388
1128,374,1502,0.1388
1123,375,1498,0.1388
1112,373,1485,0.1388
1107,377,1484,0.1388
1109,386,1495,0.1388
1106,389,1495,0.1388
1111,386,1497,0.1388
1119,382,1501,0.1388
1115,385,1500,0.1388
1114,395,1509,0.1388
1111,393,1504,0.1388
1095,397,1492,0.1388
1104,400,1504,0.1388
1096,399,1495,0.1388
1088,400,1488,0.1388
1087,402,1489,0.1388
1080,406,1486,0.1388
1079,415,1494,0.1388
1066,412,1478,0.1388
1070,412,1482,0.1388
1071,414,1485,0.1388
1077,416,1493,0.1388
1067,420,1487,0.1388
1073,424,1497,0.1388
1060,413,1473,0.1388
1069,423,1492,0.1388
1067,431,1498,0.1388
1065,435,1500,0.1388
1065,430,1495,0.1388
1065,431,1496,0.1388
1067,433,1500,0.1388
1067,434,1501,0.1388
1061,433,1494,0.1388
1048,436,1484,0.1388
1062,439,1501,0.1388
1061,434,1495,0.1388
1060,439,1499,0.1388
1062,437,1499,0.1388
1066,436,1502,0.1388
1050,447,1497,0.1388
1047,452,1499,0.1388
1042,445,1487,0.1388
1052,449,1501,0.1388
1053,453,1506,0.1388
1051,462,1513,0.1388
1047,458,1505,0.1388
1047,456,1503,0.1388
1043,459,1502,0.1388
1034,468,1502,0.1388
1025,472,1497,0.1388
1030,472,1502,0.1388
1040,474,1514,0.1388
1038,470,1508,0.1388
1031,470,1501,0.1388
1031,484,1515,0.1388
1025,483,1508,0.1388
1026,487,1513,0.1388
1025,489,1514,0.1388
1026,488,1514,0.1388
1021,488,1509,0.1388
1009,492,1501,0.1388
1013,501,1514,0.1388
1011,497,1508,0.1388
1005,506,1511,0.1388
1005,500,1505,0.1388
1002,495,1497,0.1388
999,497,1496,0.1388
994,495,1489,0.1388
1006,488,1494,0.1388
1009,490,1499,0.1388
1002,488,1490,0.1388
1008,487,1495,0.1388
1006,482,1488,0.1388
1007,484,1491,0.1388
1009,477,1486,0.1388
1021,478,1499,0.1388
1013,473,1486,0.1388
1020,482,1502,0.1388
1019,481,1500,0.1388
1017,483,1500,0.1388
1020,472,1492,0.1388
1031,481,1512,0.1388
1029,463,1492,0.1388
1021,473,1494,0.1388
1010,476,1486,0.1388
1017,478,1495,0.1388
1013,480,1493,0.1388
1010,490,1500,0.1388
1016,489,1505,0.1388
1012,496,1508,0.1388
1013,500,1513,0.1388
1015,499,1514,0.1388
1024,503,1527,0.1388
1019,499,1518,0.1388
1014,492,1506,0.1388
1011,490,1501,0.1388
1008,497,1505,0.1388
1005,491,1496,0.1388
1003,498,1501,0.1388
1004,496,1500,0.1388
1001,497,1498,0.1388
996,496,1492,0.1388
992,495,1487,0.1388
986,501,1487,0.1388
989,502,1491,0.1388
993,497,1490,0.1388
988,496,1484,0.1388
987,502,1489,0.1388
982,504,1486,0.1388
993,508,1501,0.1388
991,516,1507,0.1388
994,515,1509,0.1388
987,511,1498,0.1388
984,506,1490,0.1388
994,506,1500,0.1388
997,508,1505,0.1388
1000,513,1513,0.1388
988,513,1501,0.1388
988,515,1503,0.1388
984,512,1496,0.1388
982,518,1500,0.1388
985,517,1502,0.1388
976,516,1492,0.1388
979,517,1496,0.1388
977,517,1494,0.1388
987,513,1500,0.1388
985,515,1500,0.1388
980,518,1498,0.1388
969,526,1495,0.1388
967,530,1497,0.1388
963,535,1498,0.1388
955,529,1484,0.1388
954,533,1487,0.1388
963,530,1493,0.1388
971,524,1495,0.1388
989,526,1515,0.1388
983,525,1508,0.1388
982,513,1495,0.1388
985,521,1506,0.1388
970,526,1496,0.1388
964,523,1487,0.1388
976,518,1494,0.1388
972,522,1494,0.1388
972,534,1506,0.1388
973,531,1504,0.1388
973,535,1508,0.1388
971,540,1511,0.1388
965,543,1508,0.1388
966,542,1508,0.1388
963,545,1508,0.1388
951,550,1501,0.1388
949,543,1492,0.1388
946,546,1492,0.1388
942,545,1487,0.1388
954,548,1502,0.1388
943,547,1490,0.1388
940,543,1483,0.1388
947,545,1492,0.1388
942,534,1476,0.1388
940,537,1477,0.1388
948,546,1494,0.1388
946,549,1495,0.1388
957,554,1511,0.1388
951,549,1500,0.1388
955,553,1508,0.1388
942,553,1495,0.1388
939,558,1497,0.1388
943,568,1511,0.1388
937,565,1502,0.1388
933,573,1506,0.1388
939,578,1517,0.1388
938,569,1507,0.1388
924,562,1486,0.1388
932,566,1498,0.1388
930,562,1492,0.1388
937,564,1501,0.1388
942,570,1512,0.1388
933,566,1499,0.1388
930,565,1495,0.1388
941,569,1510,0.1388
937,561,1498,0.1388
932,560,1492,0.1388
929,558,1487,0.1388
923,559,1482,0.1388
919,552,1471,0.1388
925,550,1475,0.1388
936,558,1494,0.1388
936,561,1497,0.1388
933,564,1497,0.1388
934,565,1499,0.1388
927,573,1500,0.1388
936,576,1512,0.1388
947,568,1515,0.1388
943,570,1513,0.1388
930,567,1497,0.1388
910,573,1483,0.1388
913,579,1492,0.1388
918,583,1501,0.1388
921,583,1504,0.1388
916,582,1498,0.1388
913,575,1488,0.1388
918,581,1499,0.1388
915,579,1494,0.1388
933,571,1504,0.1388
935,574,1509,0.1388
936,577,1513,0.1388
934,576,1510,0.1388
928,579,1507,0.1388
933,574,1507,0.1388
923,588,1511,0.1388
928,585,1513,0.1388
926,588,1514,0.1388
926,590,1516,0.1388
919,583,1502,0.1388
914,588,1502,0.1388
898,590,1488,0.1388
898,591,1489,0.1388
899,592,1491,0.1388
900,599,1499,0.1388
907,595,1502,0.1388
905,594,1499,0.1388
908,590,1498,0.1388
898,595,1493,0.1388
906,597,1503,0.1388
909,609,1518,0.1388
907,606,1513,0.1388
895,615,1510,0.1388
900,602,1502,0.1388
891,609,1500,0.1388
893,609,1502,0.1388
881,618,1499,0.1388
879,613,1492,0.1388
877,615,1492,0.1388
877,621,1498,0.1388
882,626,1508,0.1388
885,624,1509,0.1388
889,629,1518,0.1388
887,627,1514,0.1388
878,631,1509,0.1388
874,627,1501,0.1388
870,627,1497,0.1388
864,627,1491,0.1388
852,639,1491,0.1388
857,650,1507,0.1388
858,645,1503,0.1388
855,647,1502,0.1388
853,646,1499,0.1388
849,637,1486,0.1388
851,643,1494,0.1388
852,639,1491,0.1388
850,639,1489,0.1388
867,641,1508,0.1388
854,637,1491,0.1388
847,645,1492,0.1388
845,638,1483,0.1388
845,637,1482,0.1388
852,644,1496,0.1388
850,653,1503,0.1388
839,653,1492,0.1388
824,662,1486,0.1388
821,654,1475,0.1388
829,659,1488,0.1388
828,658,1486,0.1388
831,657,1488,0.1388
832,659,1491,0.1388
834,654,1488,0.1388
838,656,1494,0.1388
835,661,1496,0.1388
833,657,1490,0.1388
828,657,1485,0.1388
828,654,1482,0.1388
824,671,1495,0.1388
817,674,1491,0.1388
821,685,1506,0.1388
822,686,1508,0.1388
826,680,1506,0.1388
832,678,1510,0.1388
834,680,1514,0.1388
831,684,1515,0.1388
822,682,1504,0.1388
828,690,1518,0.1388
825,696,1521,0.1388
821,693,1514,0.1388
818,697,1515,0.1388
821,692,1513,0.1388
812,681,1493,0.1388
811,681,1492,0.1388
813,686,1499,0.1388
809,689,1498,0.1388
812,695,1507,0.1388
804,692,1496,0.1388
802,691,1493,0.1388
802,683,1485,0.1388
802,693,1495,0.1388
800,701,1501,0.1388
807,707,1514,0.1388
809,704,1513,0.1388
806,701,1507,0.1388
805,700,1505,0.1388
805,692,1497,0.1388
800,706,1506,0.1388
809,711,1520,0.1388
804,711,1515,0.1388
798,714,1512,0.1388
801,714,1515,0.1388
803,714,1517,0.1388
804,713,1517,0.1388
791,711,1502,0.1388
789,710,1499,0.1388
784,707,1491,0.1388
786,705,1491,0.1388
795,711,1506,0.1388
798,717,1515,0.1388
809,721,1530,0.1388
804,717,1521,0.1388
796,709,1505,0.1388
791,713,1504,0.1388
798,710,1508,0.1388
800,703,1503,0.1388
792,707,1499,0.1388
790,711,1501,0.1388
784,720,1504,0.1388
786,725,1511,0.1388
772,720,1492,0.1388
770,717,1487,0.1388
770,722,1492,0.1388
770,721,1491,0.1388
774,732,1506,0.1388
770,735,1505,0.1388
774,736,1510,0.1388
777,742,1519,0.1388
787,746,1533,0.1388
780,738,1518,0.1388
767,734,1501,0.1388
746,734,1480,0.1388
756,730,1486,0.1388
750,742,1492,0.1388
748,747,1495,0.1388
751,745,1496,0.1388
757,749,1506,0.1388
752,752,1504,0.1388
758,748,1506,0.1388
755,741,1496,0.1388
760,740,1500,0.1388
761,746,1507,0.1388
747,746,1493,0.1388
755,754,1509,0.1388
740,763,1503,0.1388
754,759,1513,0.1388
760,755,1515,0.1388
757,754,1511,0.1388
755,754,1509,0.1388
745,750,1495,0.1388
745,752,1497,0.1388
747,739,1486,0.1388
752,742,1494,0.1388
755,738,1493,0.1388
766,737,1503,0.1388
767,731,1498,0.1388
756,740,1496,0.1388
752,753,1505,0.1388
760,750,1510,0.1388
760,748,1508,0.1388
751,743,1494,0.1388
748,747,1495,0.1388
751,760,1511,0.1388
754,754,1508,0.1388
759,747,1506,0.1388
755,756,1511,0.1388
761,757,1518,0.1388
761,756,1517,0.1388
762,754,1516,0.1388
758,756,1514,0.1388
753,755,1508,0.1388
756,754,1510,0.1388
749,759,1508,0.1388
749,756,1505,0.1388
743,755,1498,0.1388
739,758,1497,0.1388
744,769,1513,0.1388
742,774,1516,0.1388
739,774,1513,0.1388
732,780,1512,0.1388
732,784,1516,0.1388
731,790,1521,0.1388
735,789,1524,0.1388
725,780,1505,0.1388
733,771,1504,0.1388
726,770,1496,0.1388
719,771,1490,0.1388
724,771,1495,0.1388
728,765,1493,0.1388
731,769,1500,0.1388
723,779,1502,0.1388
719,787,1506,0.1388
716,777,1493,0.1388
712,783,1495,0.1388
711,788,1499,0.1388
704,789,1493,0.1388
705,792,1497,0.1388
701,801,1502,0.1388
700,801,1501,0.1388
711,805,1516,0.1388
702,800,1502,0.1388
706,809,1515,0.1388
701,810,1511,0.1388
704,806,1510,0.1388
717,802,1519,0.1388
719,800,1519,0.1388
724,802,1526,0.1388
721,790,1511,0.1388
716,794,1510,0.1388
710,789,1499,0.1388
715,796,1511,0.1388
710,809,1519,0.1388
712,816,1528,0.1388
707,811,1518,0.1388
705,804,1509,0.1388
706,800,1506,0.1388
710,795,1505,0.1388
698,799,1497,0.1388
699,808,1507,0.1388
701,812,1513,0.1388
701,797,1498,0.1388
702,806,1508,0.1388
706,806,1512,0.1388
712,811,1523,0.1388
716,806,1522,0.1388
716,797,1513,0.1388
713,803,1516,0.1388
717,798,1515,0.1388
721,794,1515,0.1388
709,799,1508,0.1388
709,799,1508,0.1388
697,797,1494,0.1388
695,790,1485,0.1388
703,798,1501,0.1388
710,799,1509,0.1388
706,806,1512,0.1388
699,803,1502,0.1388
703,792,1495,0.1388
698,797,1495,0.1388
699,793,1492,0.1388
706,792,1498,0.1388
708,799,1507,0.1388
703,803,1506,0.1388
693,813,1506,0.1388
692,812,1504,0.1388
689,808,1497,0.1388
684,824,1508,0.1388
684,818,1502,0.1388
685,816,1501,0.1388
686,812,1498,0.1388
678,818,1496,0.1388
683,821,1504,0.1388
688,826,1514,0.1388
681,818,1499,0.1388
670,821,1491,0.1388
662,822,1484,0.1388
661,837,1498,0.1388
666,841,1507,0.1388
664,843,1507,0.1388
659,850,1509,0.1388
658,850,1508,0.1388
659,859,1518,0.1388
660,863,1523,0.1388
663,867,1530,0.1388
658,861,1519,0.1388
647,857,1504,0.1388
648,867,1515,0.1388
639,867,1506,0.1388
650,872,1522,0.1388
641,881,1522,0.1388
632,879,1511,0.1388
615,878,1493,0.1388
619,875,1494,0.1388
614,883,1497,0.1388
625,879,1504,0.1388
626,882,1508,0.1388
626,880,1506,0.1388
625,881,1506,0.1388
634,878,1512,0.1388
627,886,1513,0.1388
631,877,1508,0.1388
631,875,1506,0.1388
637,882,1519,0.1388
638,878,1516,0.1388
638,875,1513,0.1388
645,869,1514,0.1388
635,871,1506,0.1388
633,873,1506,0.1388
626,883,1509,0.1388
625,877,1502,0.1388
623,881,1504,0.1388
624,882,1506,0.1388
633,891,1524,0.1388
624,881,1505,0.1388
628,885,1513,0.1388
628,870,1498,0.1388
632,857,1489,0.1388
635,864,1499,0.1388
631,862,1493,0.1388
627,866,1493,0.1388
629,862,1491,0.1388
633,860,1493,0.1388
629,870,1499,0.1388
623,868,1491,0.1388
634,873,1507,0.1388
640,875,1515,0.1388
643,877,1520,0.1388
634,877,1511,0.1388
622,877,1499,0.1388
633,877,1510,0.1388
634,882,1516,0.1388
634,883,1517,0.1388
635,881,1516,0.1388
625,880,1505,0.1388
630,883,1513,0.1388
619,884,1503,0.1388
625,881,1506,0.1388
630,883,1513,0.1388
617,889,1506,0.1388
609,882,1491,0.1388
597,894,1491,0.1388
610,899,1509,0.1388
613,897,1510,0.1388
614,881,1495,0.1388
612,883,1495,0.1388
615,887,1502,0.1388
608,894,1502,0.1388
610,898,1508,0.1388
608,902,1510,0.1388
608,904,1512,0.1388
608,908,1516,0.1388
600,911,1511,0.1388
596,924,1520,0.1388
592,924,1516,0.1388
586,927,1513,0.1388
585,923,1508,0.1388
594,915,1509,0.1388
593,913,1506,0.1388
590,903,1493,0.1388
593,901,1494,0.1388
586,896,1482,0.1388
594,904,1498,0.1388
591,919,1510,0.1388
592,915,1507,0.1388
596,918,1514,0.1388
592,915,1507,0.1388
585,915,1500,0.1388
584,927,1511,0.1388
586,920,1506,0.1388
576,910,1486,0.1388
585,921,1506,0.1388
575,920,1495,0.1388
578,925,1503,0.1388
571,928,1499,0.1388
567,936,1503,0.1388
565,928,1493,0.1388
567,945,1512,0.1388
575,944,1519,0.1388
575,941,1516,0.1388
583,942,1525,0.1388
579,946,1525,0.1388
573,941,1514,0.1388
571,942,1513,0.1388
575,936,1511,0.1388
567,929,1496,0.1388
573,931,1504,0.1388
565,928,1493,0.1388
579,931,1510,0.1388
574,936,1510,0.1388
568,941,1509,0.1388
572,933,1505,0.1388
568,921,1489,0.1388
570,914,1484,0.1388
576,906,1482,0.1388
586,915,1501,0.1388
588,920,1508,0.1388
579,919,1498,0.1388
589,929,1518,0.1388
591,929,1520,0.1388
592,928,1520,0.1388
581,937,1518,0.1388
590,934,1524,0.1388
579,929,1508,0.1388
583,923,1506,0.1388
589,926,1515,0.1388
588,938,1526,0.1388
586,933,1519,0.1388
577,934,1511,0.1388
573,930,1503,0.1388
583,923,1506,0.1388
585,921,1506,0.1388
587,915,1502,0.1388
585,911,1496,0.1388
590,919,1509,0.1388
585,909,1494,0.1388
577,925,1502,0.1388
573,926,1499,0.1388
578,923,1501,0.1388
579,927,1506,0.1388
577,931,1508,0.1388
584,929,1513,0.1388
584,929,1513,0.1388
580,925,1505,0.1388
578,922,1500,0.1388
582,926,1508,0.1388
568,934,1502,0.1388
573,927,1500,0.1388
579,933,1512,0.1388
576,931,1507,0.1388
567,931,1498,0.1388
575,926,1501,0.1388
571,926,1497,0.1388
577,921,1498,0.1388
571,921,1492,0.1388
580,929,1509,0.1388
585,928,1513,0.1388
577,925,1502,0.1388
574,928,1502,0.1388
572,929,1501,0.1388
568,931,1499,0.1388
572,927,1499,0.1388
567,933,1500,0.1388
567,938,1505,0.1388
564,934,1498,0.1388
569,946,1515,0.1388
570,938,1508,0.1388
571,934,1505,0.1388
570,930,1500,0.1388
566,941,1507,0.1388
551,930,1481,0.1388
559,940,1499,0.1388
564,940,1504,0.1388
564,953,1517,0.1388
559,949,1508,0.1388
555,950,1505,0.1388
556,958,1514,0.1388
559,954,1513,0.1388
557,945,1502,0.1388
553,946,1499,0.1388
559,947,1506,0.1388
558,960,1518,0.1388
551,962,1513,0.1388
557,960,1517,0.1388
555,965,1520,0.1388
559,951,1510,0.1388
565,962,1527,0.1388
563,965,1528,0.1388
555,969,1524,0.1388
545,961,1506,0.1388
544,958,1502,0.1388
548,951,1499,0.1388
554,937,1491,0.1388
557,952,1509,0.1388
557,954,1511,0.1388
556,950,1506,0.1388
558,946,1504,0.1388
561,946,1507,0.1388
556,945,1501,0.1388
558,949,1507,0.1388
556,951,1507,0.1388
558,949,1507,0.1388
553,949,1502,0.1388
548,955,1503,0.1388
546,961,1507,0.1388
545,965,1510,0.1388
547,960,1507,0.1388
541,960,1501,0.1388
533,972,1505,0.1388
528,963,1491,0.1388
527,965,1492,0.1388
529,962,1491,0.1388
525,963,1488,0.1388
530,972,1502,0.1388
532,977,1509,0.1388
535,977,1512,0.1388
534,972,1506,0.1388
523,986,1509,0.1388
517,993,1510,0.1388
521,978,1499,0.1388
523,986,1509,0.1388
525,981,1506,0.1388
520,990,1510,0.1388
527,991,1518,0.1388
523,992,1515,0.1388
512,993,1505,0.1388
502,998,1500,0.1388
506,1000,1506,0.1388
517,994,1511,0.1388
517,993,1510,0.1388
512,1000,1512,0.1388
510,1001,1511,0.1388
511,1006,1517,0.1388
507,1003,1510,0.1388
504,1007,1511,0.1388
503,1005,1508,0.1388
503,998,1501,0.1388
504,1001,1505,0.1388
509,1003,1512,0.1388
514,1005,1519,0.1388
511,1012,1523,0.1388
513,1004,1517,0.1388
502,1012,1514,0.1388
504,1007,1511,0.1388
493,1005,1498,0.1388
502,994,1496,0.1388
497,998,1495,0.1388
496,1001,1497,0.1388
490,1013,1503,0.1388
490,1000,1490,0.1388
491,1009,1500,0.1388
487,1018,1505,0.1388
492,1012,1504,0.1388
491,1027,1518,0.1388
496,1009,1505,0.1388
486,1027,1513,0.1388
484,1031,1515,0.1388
481,1024,1505,0.1388
491,1027,1518,0.1388
488,1038,1526,0.1388
478,1039,1517,0.1388
469,1047,1516,0.1388
467,1033,1500,0.1388
466,1031,1497,0.1388
465,1034,1499,0.1388
467,1028,1495,0.1388
470,1035,1505,0.1388
471,1021,1492,0.1388
472,1024,1496,0.1388
468,1036,1504,0.1388
468,1028,1496,0.1388
467,1044,1511,0.1388
471,1036,1507,0.1388
472,1035,1507,0.1388
480,1041,1521,0.1388
482,1044,1526,0.1388
487,1038,1525,0.1388
474,1037,1511,0.1388
476,1042,1518,0.1388
474,1032,1506,0.1388
480,1036,1516,0.1388
487,1040,1527,0.1388
477,1045,1522,0.1388
470,1047,1517,0.1388
468,1042,1510,0.1388
464,1049,1513,0.1388
467,1042,1509,0.1388
467,1037,1504,0.1388
473,1038,1511,0.1388
467,1046,1513,0.1388
467,1043,1510,0.1388
467,1039,1506,0.1388
466,1047,1513,0.1388
458,1043,1501,0.1388
453,1045,1498,0.1388
452,1053,1505,0.1388
454,1064,1518,0.1388
449,1069,1518,0.1388
451,1053,1504,0.1388
449,1055,1504,0.1388
451,1062,1513,0.1388
450,1070,1520,0.1388
451,1069,1520,0.1388
454,1065,1519,0.1388
455,1052,1507,0.1388
446,1063,1509,0.1388
444,1062,1506,0.1388
447,1065,1512,0.1388
448,1067,1515,0.1388
446,1061,1507,0.1388
442,1078,1520,0.1388
441,1067,1508,0.1388
439,1078,1517,0.1388
434,1076,1510,0.1388
439,1063,1502,0.1388
440,1074,1514,0.1388
437,1069,1506,0.1388
434,1070,1504,0.1388
437,1070,1507,0.1388
435,1070,1505,0.1388
441,1064,1505,0.1388
436,1064,1500,0.1388
438,1061,1499,0.1388
420,1065,1485,0.1388
428,1063,1491,0.1388
423,1077,1500,0.1388
427,1088,1515,0.1388
423,1097,1520,0.1388
421,1091,1512,0.1388
423,1097,1520,0.1388
418,1100,1518,0.1388
413,1095,1508,0.1388
411,1102,1513,0.1388
409,1102,1511,0.1388
408,1096,1504,0.1388
409,1097,1506,0.1388
408,1101,1509,0.1388
411,1102,1513,0.1388
411,1108,1519,0.1388
405,1108,1513,0.1388
403,1111,1514,0.1388
404,1111,1515,0.1388
402,1111,1513,0.1388
401,1110,1511,0.1388
399,1116,1515,0.1388
402,1113,1515,0.1388
402,1122,1524,0.1388
391,1115,1506,0.1388
398,1122,1520,0.1388
397,1107,1504,0.1388
408,1105,1513,0.1388
405,1105,1510,0.1388
408,1101,1509,0.1388
410,1106,1516,0.1388
404,1109,1513,0.1388
407,1116,1523,0.1388
406,1108,1514,0.1388
402,1112,1514,0.1388
404,1120,1524,0.1388
407,1116,1523,0.1388
405,1111,1516,0.1388
414,1113,1527,0.1388
413,1112,1525,0.1388
413,1109,1522,0.1388
408,1105,1513,0.1388
406,1105,1511,0.1388
410,1103,1513,0.1388
405,1102,1507,0.1388
396,1107,1503,0.1388
401,1114,1515,0.1388
397,1111,1508,0.1388
399,1112,1511,0.1388
395,1115,1510,0.1388
397,1114,1511,0.1388
398,1107,1505,0.1388
394,1111,1505,0.1388
384,1108,1492,0.1388
379,1115,1494,0.1388
381,1119,1500,0.1388
381,1122,1503,0.1388
383,1125,1508,0.1388
385,1127,1512,0.1388
387,1130,1517,0.1388
391,1129,1520,0.1388
392,1122,1514,0.1388
386,1134,1520,0.1388
382,1137,1519,0.1388
393,1121,1514,0.1388
391,1123,1514,0.1388
396,1127,1523,0.1388
388,1137,1525,0.1388
387,1132,1519,0.1388
385,1117,1502,0.1388
383,1124,1507,0.1388
382,1119,1501,0.1388
380,1111,1491,0.1388
376,1119,1495,0.1388
385,1118,1503,0.1388
378,1121,1499,0.1388
379,1116,1495,0.1388
377,1123,1500,0.1388
379,1123,1502,0.1388
377,1119,1496,0.1388
375,1133,1508,0.1388
381,1128,1509,0.1388
384,1130,1514,0.1388
382,1122,1504,0.1388
376,1118,1494,0.1388
381,1132,1513,0.1388
377,1141,1518,0.1388
376,1135,1511,0.1388
380,1127,1507,0.1388
382,1139,1521,0.1388
382,1151,1533,0.1388
378,1151,1529,0.1388
372,1140,1512,0.1388
374,1135,1509,0.1388
377,1137,1514,0.1388
377,1137,1514,0.1388
375,1138,1513,0.1388
376,1120,1496,0.1388
381,1124,1505,0.1388
380,1123,1503,0.1388
377,1133,1510,0.1388
375,1138,1513,0.1388
381,1142,1523,0.1388
377,1147,1524,0.1388
376,1140,1516,0.1388
376,1140,1516,0.1388
360,1146,1506,0.1388
367,1151,1518,0.1388
363,1159,1522,0.1388
361,1158,1519,0.1388
365,1152,1517,0.1388
363,1144,1507,0.1388
366,1141,1507,0.1388
366,1139,1505,0.1388
372,1136,1508,0.1388
367,1143,1510,0.1388
372,1150,1522,0.1388
370,1152,1522,0.1388
366,1148,1514,0.1388
370,1141,1511,0.1388
370,1148,1518,0.1388
359,1144,1503,0.1388
356,1144,1500,0.1388
361,1144,1505,0.1388
355,1153,1508,0.1388
353,1148,1501,0.1388
354,1150,1504,0.1388
350,1155,1505,0.1388
350,1166,1516,0.1388
351,1175,1526,0.1388
353,1177,1530,0.1388
348,1171,1519,0.1388
348,1179,1527,0.1388
351,1178,1529,0.1388
349,1174,1523,0.1388
346,1180,1526,0.1388
346,1181,1527,0.1388
347,1186,1533,0.1388
342,1181,1523,0.1388
341,1180,1521,0.1388
339,1185,1524,0.1388
336,1179,1515,0.1388
331,1178,1509,0.1388
321,1191,1512,0.1388
321,1185,1506,0.1388
325,1186,1511,0.1388
327,1182,1509,0.1388
326,1175,1501,0.1388
329,1182,1511,0.1388
335,1178,1513,0.1388
337,1183,1520,0.1388
333,1179,1512,0.1388
330,1178,1508,0.1388
336,1177,1513,0.1388
331,1191,1522,0.1388
335,1183,1518,0.1388
333,1172,1505,0.1388
334,1183,1517,0.1388
332,1185,1517,0.1388
327,1200,1527,0.1388
322,1196,1518,0.1388
322,1198,1520,0.1388
316,1209,1525,0.1388
318,1211,1529,0.1388
313,1210,1523,0.1388
311,1203,1514,0.1388
309,1202,1511,0.1388
306,1217,1523,0.1388
307,1216,1523,0.1388
311,1212,1523,0.1388
310,1211,1521,0.1388
305,1212,1517,0.1388
303,1208,1511,0.1388
307,1209,1516,0.1388
307,1213,1520,0.1388
301,1208,1509,0.1388
303,1220,1523,0.1388
307,1210,1517,0.1388
309,1221,1530,0.1388
304,1221,1525,0.1388
298,1208,1506,0.1388
297,1217,1514,0.1388
297,1222,1519,0.1388
293,1225,1518,0.1388
290,1219,1509,0.1388
289,1225,1514,0.1388
287,1223,1510,0.1388
286,1228,1514,0.1388
291,1226,1517,0.1388
293,1233,1526,0.1388
291,1232,1523,0.1388
287,1232,1519,0.1388
289,1234,1523,0.1388
287,1230,1517,0.1388
288,1232,1520,0.1388
287,1231,1518,0.1388
280,1233,1513,0.1388
277,1237,1514,0.1388
276,1232,1508,0.1388
278,1240,1518,0.1388
278,1238,1516,0.1388
277,1237,1514,0.1388
279,1234,1513,0.1388
273,1241,1514,0.1388
280,1235,1515,0.1388
282,1237,1519,0.1388
283,1233,1516,0.1388
284,1228,1512,0.1388
287,1230,1517,0.1388
287,1227,1514,0.1388
283,1222,1505,0.1388
283,1222,1505,0.1388
278,1211,1489,0.1388
274,1219,1493,0.1388
273,1222,1495,0.1388
267,1230,1497,0.1388
280,1226,1506,0.1388
284,1230,1514,0.1388
280,1231,1511,0.1388
282,1237,1519,0.1388
278,1243,1521,0.1388
278,1239,1517,0.1388
273,1245,1518,0.1388
275,1232,1507,0.1388
273,1241,1514,0.1388
275,1241,1516,0.1388
272,1235,1507,0.1388
272,1230,1502,0.1388
267,1242,1509,0.1388
260,1243,1503,0.1388
260,1253,1513,0.1388
262,1257,1519,0.1388
268,1246,1514,0.1388
266,1238,1504,0.1388
263,1246,1509,0.1388
263,1227,1490,0.1388
268,1233,1501,0.1388
267,1233,1500,0.1388
266,1252,1518,0.1388
264,1245,1509,0.1388
262,1254,1516,0.1388
262,1264,1526,0.1388
256,1260,1516,0.1388
259,1256,1515,0.1388
251,1270,1521,0.1388
242,1269,1511,0.1388
244,1270,1514,0.1388
237,1268,1505,0.1388
237,1273,1510,0.1388
234,1279,1513,0.1388
235,1259,1494,0.1388
239,1269,1508,0.1388
238,1271,1509,0.1388
236,1280,1516,0.1388
242,1288,1530,0.1388
240,1272,1512,0.1388
238,1282,1520,0.1388
237,1283,1520,0.1388
237,1276,1513,0.1388
236,1271,1507,0.1388
239,1266,1505,0.1388
241,1280,1521,0.1388
238,1284,1522,0.1388
233,1281,1514,0.1388
231,1274,1505,0.1388
233,1277,1510,0.1388
231,1275,1506,0.1388
233,1270,1503,0.1388
234,1264,1498,0.1388
236,1263,1499,0.1388
238,1259,1497,0.1388
243,1275,1518,0.1388
244,1285,1529,0.1388
237,1286,1523,0.1388
228,1280,1508,0.1388
231,1274,1505,0.1388
231,1278,1509,0.1388
231,1283,1514,0.1388
230,1282,1512,0.1388
228,1276,1504,0.1388
230,1280,1510,0.1388
234,1288,1522,0.1388
236,1290,1526,0.1388
230,1287,1517,0.1388
231,1284,1515,0.1388
232,1276,1508,0.1388
229,1281,1510,0.1388
221,1279,1500,0.1388
224,1281,1505,0.1388
225,1283,1508,0.1388
226,1299,1525,0.1388
222,1302,1524,0.1388
219,1301,1520,0.1388
219,1305,1524,0.1388
223,1311,1534,0.1388
219,1303,1522,0.1388
225,1296,1521,0.1388
230,1299,1529,0.1388
228,1289,1517,0.1388
229,1290,1519,0.1388
227,1294,1521,0.1388
230,1287,1517,0.1388
235,1297,1532,0.1388
233,1300,1533,0.1388
231,1288,1519,0.1388
220,1285,1505,0.1388
216,1286,1502,0.1388
218,1288,1506,0.1388
217,1296,1513,0.1388
217,1295,1512,0.1388
218,1296,1514,0.1388
221,1295,1516,0.1388
216,1292,1508,0.1388
216,1295,1511,0.1388
211,1286,1497,0.1388
212,1296,1508,0.1388
208,1299,1507,0.1388
212,1303,1515,0.1388
214,1304,1518,0.1388
209,1309,1518,0.1388
212,1314,1526,0.1388
217,1308,1525,0.1388
211,1303,1514,0.1388
216,1314,1530,0.1388
212,1297,1509,0.1388
208,1289,1497,0.1388
207,1308,1515,0.1388
213,1325,1538,0.1388
212,1321,1533,0.1388
203,1323,1526,0.1388
204,1326,1530,0.1388
204,1308,1512,0.1388
203,1304,1507,0.1388
206,1309,1515,0.1388
205,1308,1513,0.1388
205,1305,1510,0.1388
204,1299,1503,0.1388
202,1309,1511,0.1388
202,1309,1511,0.1388
196,1306,1502,0.1388
200,1309,1509,0.1388
201,1312,1513,0.1388
205,1304,1509,0.1388
204,1321,1525,0.1388
203,1309,1512,0.1388
204,1314,1518,0.1388
205,1308,1513,0.1388
204,1322,1526,0.1388
207,1313,1520,0.1388
207,1305,1512,0.1388
206,1303,1509,0.1388
213,1309,1522,0.1388
213,1322,1535,0.1388
214,1318,1532,0.1388
214,1309,1523,0.1388
215,1297,1512,0.1388
213,1300,1513,0.1388
207,1301,1508,0.1388
205,1302,1507,0.1388
203,1294,1497,0.1388
202,1301,1503,0.1388
203,1293,1496,0.1388
211,1301,1512,0.1388
211,1300,1511,0.1388
210,1302,1512,0.1388
210,1300,1510,0.1388
208,1301,1509,0.1388
203,1309,1512,0.1388
206,1302,1508,0.1388
205,1311,1516,0.1388
203,1323,1526,0.1388
198,1310,1508,0.1388
189,1318,1507,0.1388
191,1317,1508,0.1388
188,1319,1507,0.1388
191,1322,1513,0.1388
191,1325,1516,0.1388
192,1333,1525,0.1388
194,1331,1525,0.1388
195,1334,1529,0.1388
195,1334,1529,0.1388
199,1330,1529,0.1388
195,1312,1507,0.1388
194,1315,1509,0.1388
194,1319,1513,0.1388
193,1314,1507,0.1388
196,1316,1512,0.1388
191,1314,1505,0.1388
185,1321,1506,0.1388
178,1329,1507,0.1388
178,1318,1496,0.1388
178,1332,1510,0.1388
179,1323,1502,0.1388
177,1326,1503,0.1388
177,1334,1511,0.1388
172,1330,1502,0.1388
175,1335,1510,0.1388
175,1332,1507,0.1388
177,1350,1527,0.1388
174,1347,1521,0.1388
174,1341,1515,0.1388
176,1355,1531,0.1388
176,1341,1517,0.1388
177,1329,1506,0.1388
170,1332,1502,0.1388
169,1341,1510,0.1388
169,1330,1499,0.1388
167,1334,1501,0.1388
166,1342,1508,0.1388
170,1345,1515,0.1388
174,1342,1516,0.1388
173,1326,1499,0.1388
173,1329,1502,0.1388
173,1335,1508,0.1388
170,1353,1523,0.1388
168,1340,1508,0.1388
173,1348,1521,0.1388
173,1355,1528,0.1388
171,1342,1513,0.1388
172,1338,1510,0.1388
167,1333,1500,0.1388
171,1340,1511,0.1388
169,1358,1527,0.1388
168,1344,1512,0.1388
172,1341,1513,0.1388
171,1339,1510,0.1388
173,1340,1513,0.1388
169,1334,1503,0.1388
173,1340,1513,0.1388
178,1335,1513,0.1388
178,1333,1511,0.1388
179,1329,1508,0.1388
179,1315,1494,0.1388
176,1340,1516,0.1388
174,1338,1512,0.1388
170,1350,1520,0.1388
170,1345,1515,0.1388
167,1341,1508,0.1388
167,1351,1518,0.1388
165,1351,1516,0.1388
165,1347,1512,0.1388
166,1343,1509,0.1388
165,1341,1506,0.1388
162,1349,1511,0.1388
163,1340,1503,0.1388
164,1344,1508,0.1388
164,1354,1518,0.1388
164,1346,1510,0.1388
161,1354,1515,0.1388
164,1367,1531,0.1388
163,1358,1521,0.1388
161,1350,1511,0.1388
163,1342,1505,0.1388
158,1352,1510,0.1388
154,1353,1507,0.1388
162,1358,1520,0.1388
163,1355,1518,0.1388
164,1361,1525,0.1388
163,1352,1515,0.1388
162,1354,1516,0.1388
163,1349,1512,0.1388
156,1345,1501,0.1388
153,1356,1509,0.1388
152,1358,1510,0.1388
152,1348,1500,0.1388
148,1354,1502,0.1388
155,1358,1513,0.1388
162,1348,1510,0.1388
163,1352,1515,0.1388
163,1347,1510,0.1388
165,1355,1520,0.1388
167,1355,1522,0.1388
167,1348,1515,0.1388
166,1347,1513,0.1388
168,1336,1504,0.1388
168,1342,1510,0.1388
169,1363,1532,0.1388
170,1353,1523,0.1388
167,1348,1515,0.1388
174,1347,1521,0.1388
166,1352,1518,0.1388
166,1352,1518,0.1388
165,1357,1522,0.1388
162,1371,1533,0.1388
164,1361,1525,0.1388
163,1363,1526,0.1388
161,1373,1534,0.1388
161,1383,1544,0.1388
159,1378,1537,0.1388
158,1365,1523,0.1388
158,1360,1518,0.1388
159,1371,1530,0.1388
155,1366,1521,0.1388
153,1365,1518,0.1388
149,1366,1515,0.1388
148,1361,1509,0.1388
148,1371,1519,0.1388
150,1359,1509,0.1388
149,1349,1498,0.1388
147,1360,1507,0.1388
148,1361,1509,0.1388
146,1365,1511,0.1388
149,1365,1514,0.1388
148,1377,1525,0.1388
147,1378,1525,0.1388
145,1374,1519,0.1388
149,1372,1521,0.1388
147,1357,1504,0.1388
150,1364,1514,0.1388
151,1361,1512,0.1388
148,1360,1508,0.1388
148,1363,1511,0.1388
147,1357,1504,0.1388
148,1354,1502,0.1388
149,1367,1516,0.1388
148,1359,1507,0.1388
146,1366,1512,0.1388
144,1363,1507,0.1388
144,1363,1507,0.1388
145,1362,1507,0.1388
147,1366,1513,0.1388
149,1359,1508,0.1388
150,1363,1513,0.1388
151,1369,1520,0.1388
151,1353,1504,0.1388
149,1365,1514,0.1388
150,1362,1512,0.1388
148,1354,1502,0.1388
149,1358,1507,0.1388
149,1364,1513,0.1388
152,1361,1513,0.1388
153,1361,1514,0.1388
153,1365,1518,0.1388
147,1370,1517,0.1388
151,1369,1520,0.1388
149,1370,1519,0.1388
154,1374,1528,0.1388
150,1363,1513,0.1388
153,1353,1506,0.1388
149,1361,1510,0.1388
149,1360,1509,0.1388
151,1363,1514,0.1388
153,1365,1518,0.1388
154,1371,1525,0.1388
155,1370,1525,0.1388
154,1362,1516,0.1388
155,1352,1507,0.1388
153,1359,1512,0.1388
150,1373,1523,0.1388
148,1371,1519,0.1388
152,1360,1512,0.1388
147,1349,1496,0.1388
146,1353,1499,0.1388
146,1357,1503,0.1388
147,1357,1504,0.1388
151,1375,1526,0.1388
146,1385,1531,0.1388
149,1372,1521,0.1388
146,1369,1515,0.1388
145,1379,1524,0.1388
141,1376,1517,0.1388
144,1376,1520,0.1388
144,1368,1512,0.1388
145,1361,1506,0.1388
143,1373,1516,0.1388
139,1372,1511,0.1388
137,1387,1524,0.1388
138,1383,1521,0.1388
139,1387,1526,0.1388
142,1388,1530,0.1388
139,1376,1515,0.1388
144,1370,1514,0.1388
143,1373,1516,0.1388
142,1383,1525,0.1388
144,1379,1523,0.1388
139,1385,1524,0.1388
134,1382,1516,0.1388
135,1393,1528,0.1388
135,1384,1519,0.1388
133,1386,1519,0.1388
130,1391,1521,0.1388
134,1386,1520,0.1388
135,1390,1525,0.1388
131,1383,1514,0.1388
128,1391,1519,0.1388
125,1375,1500,0.1388
124,1373,1497,0.1388
123,1378,1501,0.1388
124,1392,1516,0.1388
128,1389,1517,0.1388
128,1389,1517,0.1388
129,1394,1523,0.1388
125,1396,1521,0.1388
127,1383,1510,0.1388
126,1377,1503,0.1388
121,1387,1508,0.1388
120,1384,1504,0.1388
124,1381,1505,0.1388
120,1383,1503,0.1388
123,1390,1513,0.1388
126,1381,1507,0.1388
126,1394,1520,0.1388
126,1393,1519,0.1388
123,1380,1503,0.1388
123,1386,1509,0.1388
122,1395,1517,0.1388
118,1397,1515,0.1388
112,1398,1510,0.1388
116,1394,1510,0.1388
119,1397,1516,0.1388
121,1406,1527,0.1388
120,1414,1534,0.1388
118,1417,1535,0.1388
117,1421,1538,0.1388
114,1415,1529,0.1388
115,1418,1533,0.1388
113,1418,1531,0.1388
113,1425,1538,0.1388
111,1430,1541,0.1388
109,1417,1526,0.1388
111,1410,1521,0.1388
109,1413,1522,0.1388
112,1405,1517,0.1388
109,1396,1505,0.1388
109,1411,1520,0.1388
107,1423,1530,0.1388
108,1415,1523,0.1388
104,1419,1523,0.1388
109,1404,1513,0.1388
108,1404,1512,0.1388
105,1405,1510,0.1388
105,1399,1504,0.1388
112,1396,1508,0.1388
117,1397,1514,0.1388
121,1404,1525,0.1388
122,1398,1520,0.1388
123,1407,1530,0.1388
117,1407,1524,0.1388
118,1409,1527,0.1388
118,1400,1518,0.1388
115,1395,1510,0.1388
114,1392,1506,0.1388
116,1399,1515,0.1388
110,1415,1525,0.1388
113,1407,1520,0.1388
114,1413,1527,0.1388
115,1404,1519,0.1388
112,1408,1520,0.1388
112,1412,1524,0.1388
111,1409,1520,0.1388
109,1410,1519,0.1388
108,1411,1519,0.1388
112,1399,1511,0.1388
112,1411,1523,0.1388
111,1398,1509,0.1388
107,1409,1516,0.1388
109,1401,1510,0.1388
110,1395,1505,0.1388
107,1395,1502,0.1388
105,1404,1509,0.1388
109,1412,1521,0.1388
109,1413,1522,0.1388
110,1401,1511,0.1388
111,1412,1523,0.1388
111,1398,1509,0.1388
110,1400,1510,0.1388
115,1406,1521,0.1388
117,1399,1516,0.1388
118,1410,1528,0.1388
115,1402,1517,0.1388
110,1398,1508,0.1388
107,1391,1498,0.1388
106,1402,1508,0.1388
107,1403,1510,0.1388
110,1389,1499,0.1388
111,1380,1491,0.1388
114,1392,1506,0.1388
115,1391,1506,0.1388
115,1388,1503,0.1388
114,1411,1525,0.1388
114,1418,1532,0.1388
112,1407,1519,0.1388
112,1422,1534,0.1388
109,1424,1533,0.1388
110,1412,1522,0.1388
111,1416,1527,0.1388
115,1397,1512,0.1388
116,1385,1501,0.1388
118,1393,1511,0.1388
116,1398,1514,0.1388
116,1398,1514,0.1388
112,1397,1509,0.1388
110,1398,1508,0.1388
115,1400,1515,0.1388
118,1401,1519,0.1388
117,1396,1513,0.1388
117,1400,1517,0.1388
119,1382,1501,0.1388
117,1386,1503,0.1388
112,1391,1503,0.1388
117,1384,1501,0.1388
117,1390,1507,0.1388
118,1393,1511,0.1388
118,1402,1520,0.1388
117,1401,1518,0.1388
117,1413,1530,0.1388
117,1402,1519,0.1388
118,1392,1510,0.1388
117,1401,1518,0.1388
115,1387,1502,0.1388
116,1394,1510,0.1388
116,1400,1516,0.1388
116,1397,1513,0.1388
118,1387,1505,0.1388
119,1385,1504,0.1388
116,1382,1498,0.1388
118,1389,1507,0.1388
115,1390,1505,0.1388
116,1393,1509,0.1388
118,1406,1524,0.1388
114,1400,1514,0.1388
119,1391,1510,0.1388
118,1369,1487,0.1388
120,1393,1513,0.1388
118,1382,1500,0.1388
114,1388,1502,0.1388
116,1399,1515,0.1388
113,1394,1507,0.1388
111,1403,1514,0.1388
117,1401,1518,0.1388
117,1396,1513,0.1388
119,1395,1514,0.1388
119,1389,1508,0.1388
118,1388,1506,0.1388
119,1385,1504,0.1388
117,1397,1514,0.1388
112,1407,1519,0.1388
114,1402,1516,0.1388
114,1403,1517,0.1388
112,1404,1516,0.1388
110,1400,1510,0.1388
110,1405,1515,0.1388
110,1402,1512,0.1388
109,1401,1510,0.1388
107,1416,1523,0.1388
108,1417,1525,0.1388
109,1420,1529,0.1388
107,1412,1519,0.1388
104,1411,1515,0.1388
106,1410,1516,0.1388
105,1419,1524,0.1388
106,1425,1531,0.1388
107,1416,1523,0.1388
110,1413,1523,0.1388
106,1416,1522,0.1388
103,1420,1523,0.1388
102,1413,1515,0.1388
106,1416,1522,0.1388
105,1412,1517,0.1388
105,1411,1516,0.1388
103,1411,1514,0.1388
102,1419,1521,0.1388
101,1406,1507,0.1388
101,1401,1502,0.1388
103,1410,1513,0.1388
100,1415,1515,0.1388
102,1433,1535,0.1388
101,1426,1527,0.1388
104,1422,1526,0.1388
107,1418,1525,0.1388
105,1421,1526,0.1388
102,1423,1525,0.1388
99,1433,1532,0.1388
103,1418,1521,0.1388
107,1411,1518,0.1388
106,1408,1514,0.1388
110,1395,1505,0.1388
108,1408,1516,0.1388
106,1418,1524,0.1388
108,1411,1519,0.1388
108,1414,1522,0.1388
108,1415,1523,0.1388
109,1403,1512,0.1388
112,1407,1519,0.1388
110,1416,1526,0.1388
110,1422,1532,0.1388
109,1412,1521,0.1388
110,1407,1517,0.1388
109,1412,1521,0.1388
112,1418,1530,0.1388
112,1427,1539,0.1388
115,1416,1531,0.1388
120,1418,1538,0.1388
118,1415,1533,0.1388
118,1400,1518,0.1388
113,1401,1514,0.1388
113,1409,1522,0.1388
112,1409,1521,0.1388
111,1404,1515,0.1388
112,1412,1524,0.1388
115,1401,1516,0.1388
116,1408,1524,0.1388
116,1405,1521,0.1388
114,1411,1525,0.1388
109,1415,1524,0.1388
107,1418,1525,0.1388
109,1416,1525,0.1388
107,1414,1521,0.1388
109,1410,1519,0.1388
107,1391,1498,0.1388
103,1389,1492,0.1388
104,1400,1504,0.1388
106,1405,1511,0.1388
111,1404,1515,0.1388
111,1412,1523,0.1388
113,1413,1526,0.1388
115,1408,1523,0.1388
113,1410,1523,0.1388
117,1399,1516,0.1388
112,1392,1504,0.1388
115,1393,1508,0.1388
116,1396,1512,0.1388
113,1389,1502,0.1388
112,1385,1497,0.1388
112,1398,1510,0.1388
114,1410,1524,0.1388
109,1407,1516,0.1388
108,1413,1521,0.1388
113,1406,1519,0.1388
111,1421,1532,0.1388
107,1414,1521,0.1388
108,1408,1516,0.1388
112,1416,1528,0.1388
113,1411,1524,0.1388
111,1402,1513,0.1388
110,1393,1503,0.1388
106,1392,1498,0.1388
105,1413,1518,0.1388
107,1405,1512,0.1388
104,1409,1513,0.1388
107,1400,1507,0.1388
107,1398,1505,0.1388
104,1409,1513,0.1388
106,1405,1511,0.1388
110,1401,1511,0.1388
109,1391,1500,0.1388
111,1394,1505,0.1388
112,1412,1524,0.1388
112,1404,1516,0.1388
115,1398,1513,0.1388
116,1384,1500,0.1388
115,1392,1507,0.1388
116,1393,1509,0.1388
116,1380,1496,0.1388
115,1386,1501,0.1388
114,1395,1509,0.1388
116,1404,1520,0.1388
113,1408,1521,0.1388
114,1409,1523,0.1388
113,1421,1534,0.1388
109,1412,1521,0.1388
109,1410,1519,0.1388
108,1415,1523,0.1388
109,1410,1519,0.1388
104,1402,1506,0.1388
106,1398,1504,0.1388
104,1408,1512,0.1388
113,1403,1516,0.1388
113,1404,1517,0.1388
113,1394,1507,0.1388
112,1379,1491,0.1388
110,1394,1504,0.1388
112,1400,1512,0.1388
115,1390,1505,0.1388
114,1393,1507,0.1388
111,1394,1505,0.1388
114,1398,1512,0.1388
112,1411,1523,0.1388
111,1428,1539,0.1388
107,1414,1521,0.1388
106,1420,1526,0.1388
106,1412,1518,0.1388
110,1420,1530,0.1388
109,1408,1517,0.1388
109,1406,1515,0.1388
107,1399,1506,0.1388
106,1404,1510,0.1388
106,1410,1516,0.1388
103,1415,1518,0.1388
104,1414,1518,0.1388
103,1405,1508,0.1388
104,1412,1516,0.1388
101,1413,1514,0.1388
100,1421,1521,0.1388
104,1410,1514,0.1388
104,1405,1509,0.1388
101,1411,1512,0.1388
105,1413,1518,0.1388
104,1417,1521,0.1388
105,1419,1524,0.1388
103,1427,1530,0.1388
106,1431,1537,0.1388
104,1419,1523,0.1388
104,1408,1512,0.1388
100,1402,1502,0.1388
97,1405,1502,0.1388
94,1406,1500,0.1388
97,1420,1517,0.1388
101,1418,1519,0.1388
104,1411,1515,0.1388
106,1402,1508,0.1388
108,1408,1516,0.1388
103,1416,1519,0.1388
99,1420,1519,0.1388
102,1422,1524,0.1388
103,1422,1525,0.1388
97,1425,1522,0.1388
99,1429,1528,0.1388
99,1427,1526,0.1388
102,1432,1534,0.1388
100,1423,1523,0.1388
100,1416,1516,0.1388
97,1424,1521,0.1388
102,1414,1516,0.1388
97,1403,1500,0.1388
100,1414,1514,0.1388
100,1415,1515,0.1388
101,1418,1519,0.1388
102,1423,1525,0.1388
102,1419,1521,0.1388
101,1419,1520,0.1388
100,1412,1512,0.1388
95,1414,1509,0.1388
95,1421,1516,0.1388
93,1414,1507,0.1388
94,1413,1507,0.1388
93,1400,1493,0.1388
94,1418,1512,0.1388
91,1406,1497,0.1388
90,1412,1502,0.1388
91,1423,1514,0.1388
94,1422,1516,0.1388
92,1417,1509,0.1388
88,1416,1504,0.1388
88,1422,1510,0.1388
89,1420,1509,0.1388
91,1425,1516,0.1388
91,1426,1517,0.1388
89,1443,1532,0.1388
89,1443,1532,0.1388
88,1443,1531,0.1388
87,1424,1511,0.1388
86,1434,1520,0.1388
85,1429,1514,0.1388
84,1429,1513,0.1388
85,1432,1517,0.1388
84,1429,1513,0.1388
83,1425,1508,0.1388
86,1427,1513,0.1388
84,1437,1521,0.1388
86,1434,1520,0.1388
88,1428,1516,0.1388
91,1432,1523,0.1388
90,1431,1521,0.1388
87,1442,1529,0.1388
88,1444,1532,0.1388
87,1442,1529,0.1388
87,1436,1523,0.1388
87,1450,1537,0.1388
82,1438,1520,0.1388
81,1443,1524,0.1388
82,1449,1531,0.1388
80,1448,1528,0.1388
81,1440,1521,0.1388
81,1436,1517,0.1388
80,1423,1503,0.1388
80,1414,1494,0.1388
79,1423,1502,0.1388
81,1428,1509,0.1388
80,1433,1513,0.1388
77,1438,1515,0.1388
76,1439,1515,0.1388
77,1442,1519,0.1388
79,1445,1524,0.1388
79,1451,1530,0.1388
82,1440,1522,0.1388
78,1434,1512,0.1388
79,1445,1524,0.1388
80,1434,1514,0.1388
80,1448,1528,0.1388
78,1437,1515,0.1388
82,1431,1513,0.1388
79,1438,1517,0.1388
78,1446,1524,0.1388
76,1436,1512,0.1388
78,1430,1508,0.1388
75,1433,1508,0.1388
79,1427,1506,0.1388
82,1437,1519,0.1388
83,1431,1514,0.1388
80,1433,1513,0.1388
80,1432,1512,0.1388
77,1416,1493,0.1388
82,1427,1509,0.1388
84,1426,1510,0.1388
85,1426,1511,0.1388
87,1434,1521,0.1388
89,1432,1521,0.1388
87,1429,1516,0.1388
86,1432,1518,0.1388
87,1426,1513,0.1388
85,1432,1517,0.1388
86,1443,1529,0.1388
85,1442,1527,0.1388
86,1439,1525,0.1388
86,1424,1510,0.1388
85,1434,1519,0.1388
84,1441,1525,0.1388
87,1442,1529,0.1388
86,1432,1518,0.1388
86,1433,1519,0.1388
86,1436,1522,0.1388
85,1431,1516,0.1388
79,1423,1502,0.1388
78,1434,1512,0.1388
75,1434,1509,0.1388
77,1445,1522,0.1388
75,1441,1516,0.1388
76,1450,1526,0.1388
80,1447,1527,0.1388
81,1448,1529,0.1388
77,1442,1519,0.1388
77,1441,1518,0.1388
75,1439,1514,0.1388
77,1428,1505,0.1388
75,1428,1503,0.1388
76,1421,1497,0.1388
76,1427,1503,0.1388
74,1430,1504,0.1388
74,1437,1511,0.1388
74,1437,1511,0.1388
73,1437,1510,0.1388
71,1436,1507,0.1388
67,1447,1514,0.1388
71,1447,1518,0.1388
69,1433,1502,0.1388
70,1445,1515,0.1388
70,1444,1514,0.1388
74,1432,1506,0.1388
74,1430,1504,0.1388
75,1434,1509,0.1388
72,1440,1512,0.1388
73,1439,1512,0.1388
71,1446,1517,0.1388
73,1436,1509,0.1388
75,1430,1505,0.1388
75,1430,1505,0.1388
73,1423,1496,0.1388
72,1419,1491,0.1388
72,1437,1509,0.1388
74,1441,1515,0.1388
75,1443,1518,0.1388
72,1444,1516,0.1388
68,1439,1507,0.1388
69,1438,1507,0.1388
69,1445,1514,0.1388
69,1445,1514,0.1388
67,1451,1518,0.1388
69,1446,1515,0.1388
67,1440,1507,0.1388
65,1450,1515,0.1388
63,1451,1514,0.1388
63,1452,1515,0.1388
63,1446,1509,0.1388
66,1448,1514,0.1388
65,1448,1513,0.1388
63,1450,1513,0.1388
61,1455,1516,0.1388
64,1454,1518,0.1388
65,1456,1521,0.1388
65,1444,1509,0.1388
66,1454,1520,0.1388
68,1441,1509,0.1388
68,1434,1502,0.1388
67,1448,1515,0.1388
64,1447,1511,0.1388
65,1448,1513,0.1388
63,1437,1500,0.1388
64,1445,1509,0.1388
63,1436,1499,0.1388
63,1441,1504,0.1388
67,1450,1517,0.1388
67,1462,1529,0.1388
65,1444,1509,0.1388
65,1451,1516,0.1388
64,1454,1518,0.1388
65,1457,1522,0.1388
65,1451,1516,0.1388
65,1450,1515,0.1388
66,1453,1519,0.1388
64,1462,1526,0.1388
65,1451,1516,0.1388
67,1454,1521,0.1388
64,1467,1531,0.1388
67,1459,1526,0.1388
68,1450,1518,0.1388
67,1447,1514,0.1388
67,1440,1507,0.1388
67,1454,1521,0.1388
67,1454,1521,0.1388
68,1468,1536,0.1388
66,1456,1522,0.1388
65,1448,1513,0.1388
65,1446,1511,0.1388
63,1443,1506,0.1388
64,1435,1499,0.1388
64,1435,1499,0.1388
68,1440,1508,0.1388
68,1445,1513,0.1388
70,1443,1513,0.1388
70,1447,1517,0.1388
71,1438,1509,0.1388
73,1429,1502,0.1388
73,1435,1508,0.1388
71,1437,1508,0.1388
72,1442,1514,0.1388
71,1431,1502,0.1388
74,1430,1504,0.1388
75,1440,1515,0.1388
77,1434,1511,0.1388
78,1443,1521,0.1388
75,1441,1516,0.1388
76,1443,1519,0.1388
75,1456,1531,0.1388
72,1458,1530,0.1388
72,1444,1516,0.1388
69,1456,1525,0.1388
66,1450,1516,0.1388
67,1452,1519,0.1388
70,1456,1526,0.1388
71,1440,1511,0.1388
69,1423,1492,0.1388
67,1421,1488,0.1388
65,1438,1503,0.1388
70,1429,1499,0.1388
70,1444,1514,0.1388
70,1446,1516,0.1388
71,1458,1529,0.1388
72,1452,1524,0.1388
72,1456,1528,0.1388
67,1433,1500,0.1388
68,1440,1508,0.1388
67,1450,1517,0.1388
66,1465,1531,0.1388
65,1459,1524,0.1388
66,1457,1523,0.1388
66,1447,1513,0.1388
65,1448,1513,0.1388
63,1454,1517,0.1388
66,1456,1522,0.1388
67,1453,1520,0.1388
69,1457,1526,0.1388
68,1454,1522,0.1388
67,1453,1520,0.1388
66,1462,1528,0.1388
65,1445,1510,0.1388
65,1461,1526,0.1388
66,1453,1519,0.1388
66,1461,1527,0.1388
63,1466,1529,0.1388
62,1464,1526,0.1388
62,1461,1523,0.1388
62,1460,1522,0.1388
62,1465,1527,0.1388
61,1467,1528,0.1388
59,1469,1528,0.1388
62,1457,1519,0.1388
62,1453,1515,0.1388
61,1442,1503,0.1388
63,1450,1513,0.1388
62,1452,1514,0.1388
58,1471,1529,0.1388
60,1458,1518,0.1388
59,1447,1506,0.1388
56,1441,1497,0.1388
58,1457,1515,0.1388
58,1460,1518,0.1388
59,1457,1516,0.1388
60,1455,1515,0.1388
57,1463,1520,0.1388
57,1464,1521,0.1388
57,1465,1522,0.1388
56,1470,1526,0.1388
55,1461,1516,0.1388
57,1452,1509,0.1388
52,1467,1519,0.1388
52,1467,1519,0.1388
53,1461,1514,0.1388
56,1463,1519,0.1388
56,1464,1520,0.1388
55,1452,1507,0.1388
56,1454,1510,0.1388
55,1455,1510,0.1388
52,1450,1502,0.1388
51,1474,1525,0.1388
51,1475,1526,0.1388
45,1483,1528,0.1388
45,1483,1528,0.1388
46,1476,1522,0.1388
45,1474,1519,0.1388
43,1472,1515,0.1388
44,1472,1516,0.1388
46,1482,1528,0.1388
45,1476,1521,0.1388
45,1478,1523,0.1388
45,1482,1527,0.1388
46,1481,1527,0.1388
47,1469,1516,0.1388
47,1452,1499,0.1388
46,1475,1521,0.1388
46,1485,1531,0.1388
46,1476,1522,0.1388
46,1464,1510,0.1388
43,1464,1507,0.1388
42,1452,1494,0.1388
42,1467,1509,0.1388
39,1467,1506,0.1388
40,1482,1522,0.1388
40,1483,1523,0.1388
41,1481,1522,0.1388
39,1487,1526,0.1388
39,1478,1517,0.1388
41,1460,1501,0.1388
43,1458,1501,0.1388
42,1474,1516,0.1388
40,1474,1514,0.1388
41,1473,1514,0.1388
42,1476,1518,0.1388
42,1485,1527,0.1388
41,1478,1519,0.1388
42,1474,1516,0.1388
43,1470,1513,0.1388
43,1481,1524,0.1388
43,1470,1513,0.1388
42,1477,1519,0.1388
42,1470,1512,0.1388
40,1479,1519,0.1388
41,1470,1511,0.1388
41,1488,1529,0.1388
39,1483,1522,0.1388
42,1468,1510,0.1388
42,1459,1501,0.1388
41,1471,1512,0.1388
43,1480,1523,0.1388
41,1486,1527,0.1388
41,1474,1515,0.1388
41,1470,1511,0.1388
42,1471,1513,0.1388
39,1471,1510,0.1388
39,1469,1508,0.1388
39,1472,1511,0.1388
40,1476,1516,0.1388
40,1479,1519,0.1388
40,1473,1513,0.1388
43,1473,1516,0.1388
44,1469,1513,0.1388
42,1472,1514,0.1388
43,1473,1516,0.1388
41,1482,1523,0.1388
39,1474,1513,0.1388
39,1469,1508,0.1388
38,1460,1498,0.1388
40,1474,1514,0.1388
40,1461,1501,0.1388
40,1467,1507,0.1388
41,1468,1509,0.1388
41,1459,1500,0.1388
42,1471,1513,0.1388
38,1463,1501,0.1388
39,1464,1503,0.1388
37,1472,1509,0.1388
36,1475,1511,0.1388
36,1478,1514,0.1388
38,1484,1522,0.1388
37,1474,1511,0.1388
39,1465,1504,0.1388
39,1472,1511,0.1388
40,1470,1510,0.1388
42,1479,1521,0.1388
39,1488,1527,0.1388
38,1491,1529,0.1388
38,1478,1516,0.1388
37,1481,1518,0.1388
38,1480,1518,0.1388
38,1481,1519,0.1388
38,1492,1530,0.1388
39,1491,1530,0.1388
40,1497,1537,0.1388
40,1473,1513,0.1388
39,1471,1510,0.1388
39,1477,1516,0.1388
39,1471,1510,0.1388
39,1458,1497,0.1388
38,1471,1509,0.1388
38,1484,1522,0.1388
39,1479,1518,0.1388
37,1483,1520,0.1388
38,1484,1522,0.1388
34,1476,1510,0.1388
34,1479,1513,0.1388
36,1479,1515,0.1388
36,1477,1513,0.1388
35,1485,1520,0.1388
36,1489,1525,0.1388
36,1491,1527,0.1388
37,1486,1523,0.1388
38,1481,1519,0.1388
39,1481,1520,0.1388
38,1471,1509,0.1388
36,1474,1510,0.1388
38,1468,1506,0.1388
37,1473,1510,0.1388
37,1471,1508,0.1388
36,1463,1499,0.1388
38,1457,1495,0.1388
37,1464,1501,0.1388
37,1463,1500,0.1388
34,1464,1498,0.1388
35,1478,1513,0.1388
33,1482,1515,0.1388
34,1489,1523,0.1388
33,1476,1509,0.1388
33,1471,1504,0.1388
32,1466,1498,0.1388
34,1458,1492,0.1388
34,1467,1501,0.1388
33,1488,1521,0.1388
31,1492,1523,0.1388
31,1496,1527,0.1388
34,1487,1521,0.1388
34,1478,1512,0.1388
34,1481,1515,0.1388
34,1492,1526,0.1388
33,1484,1517,0.1388
34,1478,1512,0.1388
34,1467,1501,0.1388
35,1480,1515,0.1388
36,1482,1518,0.1388
38,1491,1529,0.1388
37,1484,1521,0.1388
37,1487,1524,0.1388
34,1498,1532,0.1388
32,1498,1530,0.1388
29,1512,1541,0.1388
31,1511,1542,0.1388
30,1508,1538,0.1388
30,1497,1527,0.1388
30,1500,1530,0.1388
29,1511,1540,0.1388
29,1504,1533,0.1388
27,1508,1535,0.1388
26,1496,1522,0.1388
26,1483,1509,0.1388
26,1486,1512,0.1388
29,1489,1518,0.1388
29,1477,1506,0.1388
29,1480,1509,0.1388
31,1477,1508,0.1388
31,1485,1516,0.1388
31,1481,1512,0.1388
32,1484,1516,0.1388
33,1489,1522,0.1388
32,1477,1509,0.1388
31,1478,1509,0.1388
32,1478,1510,0.1388
32,1491,1523,0.1388
32,1498,1530,0.1388
33,1502,1535,0.1388
34,1498,1532,0.1388
33,1478,1511,0.1388
34,1469,1503,0.1388
34,1483,1517,0.1388
33,1483,1516,0.1388
30,1478,1508,0.1388
30,1485,1515,0.1388
30,1480,1510,0.1388
31,1473,1504,0.1388
31,1485,1516,0.1388
32,1480,1512,0.1388
32,1473,1505,0.1388
32,1474,1506,0.1388
31,1481,1512,0.1388
33,1487,1520,0.1388
30,1485,1515,0.1388
29,1474,1503,0.1388
30,1477,1507,0.1388
29,1481,1510,0.1388
28,1476,1504,0.1388
28,1471,1499,0.1388
29,1464,1493,0.1388
31,1463,1494,0.1388
30,1474,1504,0.1388
29,1487,1516,0.1388
31,1491,1522,0.1388
29,1485,1514,0.1388
28,1493,1521,0.1388
29,1483,1512,0.1388
29,1500,1529,0.1388
27,1503,1530,0.1388
26,1499,1525,0.1388
27,1492,1519,0.1388
27,1492,1519,0.1388
27,1490,1517,0.1388
27,1487,1514,0.1388
27,1480,1507,0.1388
29,1491,1520,0.1388
30,1489,1519,0.1388
32,1479,1511,0.1388
31,1479,1510,0.1388
29,1482,1511,0.1388
30,1489,1519,0.1388
30,1486,1516,0.1388
29,1488,1517,0.1388
30,1484,1514,0.1388
30,1484,1514,0.1388
30,1474,1504,0.1388
30,1484,1514,0.1388
30,1478,1508,0.1388
31,1481,1512,0.1388
29,1487,1516,0.1388
28,1483,1511,0.1388
29,1491,1520,0.1388
29,1479,1508,0.1388
30,1487,1517,0.1388
31,1488,1519,0.1388
31,1482,1513,0.1388
32,1478,1510,0.1388
30,1491,1521,0.1388
29,1500,1529,0.1388
29,1481,1510,0.1388
30,1482,1512,0.1388
30,1482,1512,0.1388
31,1477,1508,0.1388
31,1483,1514,0.1388
30,1494,1524,0.1388
30,1496,1526,0.1388
30,1490,1520,0.1388
30,1493,1523,0.1388
32,1492,1524,0.1388
32,1483,1515,0.1388
32,1486,1518,0.1388
31,1472,1503,0.1388
31,1476,1507,0.1388
32,1481,1513,0.1388
31,1477,1508,0.1388
32,1480,1512,0.1388
32,1492,1524,0.1388
31,1489,1520,0.1388
32,1489,1521,0.1388
32,1463,1495,0.1388
32,1474,1506,0.1388
33,1479,1512,0.1388
33,1481,1514,0.1388
37,1479,1516,0.1388
38,1490,1528,0.1388
39,1495,1534,0.1388
38,1479,1517,0.1388
39,1471,1510,0.1388
37,1468,1505,0.1388
37,1464,1501,0.1388
34,1477,1511,0.1388
35,1478,1513,0.1388
35,1473,1508,0.1388
37,1480,1517,0.1388
37,1486,1523,0.1388
37,1484,1521,0.1388
39,1476,1515,0.1388
37,1467,1504,0.1388
38,1468,1506,0.1388
40,1473,1513,0.1388
39,1469,1508,0.1388
41,1488,1529,0.1388
40,1488,1528,0.1388
40,1486,1526,0.1388
40,1488,1528,0.1388
38,1485,1523,0.1388
38,1492,1530,0.1388
37,1486,1523,0.1388
37,1489,1526,0.1388
34,1495,1529,0.1388
34,1481,1515,0.1388
36,1480,1516,0.1388
36,1479,1515,0.1388
37,1470,1507,0.1388
35,1470,1505,0.1388
33,1489,1522,0.1388
32,1484,1516,0.1388
34,1476,1510,0.1388
35,1464,1499,0.1388
34,1480,1514,0.1388
34,1475,1509,0.1388
33,1483,1516,0.1388
35,1494,1529,0.1388
34,1484,1518,0.1388
36,1488,1524,0.1388
35,1479,1514,0.1388
34,1488,1522,0.1388
35,1487,1522,0.1388
33,1493,1526,0.1388
30,1501,1531,0.1388
31,1483,1514,0.1388
32,1487,1519,0.1388
31,1499,1530,0.1388
31,1488,1519,0.1388
30,1481,1511,0.1388
29,1489,1518,0.1388
27,1496,1523,0.1388
26,1477,1503,0.1388
25,1487,1512,0.1388
26,1502,1528,0.1388
28,1511,1539,0.1388
28,1498,1526,0.1388
27,1491,1518,0.1388
29,1488,1517,0.1388
31,1478,1509,0.1388
33,1470,1503,0.1388
35,1485,1520,0.1388
34,1489,1523,0.1388
33,1480,1513,0.1388
34,1491,1525,0.1388
34,1485,1519,0.1388
34,1485,1519,0.1388
34,1481,1515,0.1388
35,1484,1519,0.1388
37,1481,1518,0.1388
38,1490,1528,0.1388
38,1474,1512,0.1388
38,1481,1519,0.1388
39,1485,1524,0.1388
41,1489,1530,0.1388
42,1493,1535,0.1388
42,1472,1514,0.1388
41,1475,1516,0.1388
41,1465,1506,0.1388
42,1475,1517,0.1388
42,1479,1521,0.1388
41,1481,1522,0.1388
41,1477,1518,0.1388
41,1478,1519,0.1388
41,1477,1518,0.1388
41,1487,1528,0.1388
40,1482,1522,0.1388
41,1491,1532,0.1388
40,1489,1529,0.1388
39,1481,1520,0.1388
38,1495,1533,0.1388
42,1481,1523,0.1388
42,1473,1515,0.1388
41,1465,1506,0.1388
41,1474,1515,0.1388
42,1481,1523,0.1388
40,1472,1512,0.1388
38,1482,1520,0.1388
36,1497,1533,0.1388
35,1483,1518,0.1388
34,1484,1518,0.1388
31,1476,1507,0.1388
33,1477,1510,0.1388
32,1485,1517,0.1388
31,1489,1520,0.1388
32,1479,1511,0.1388
32,1465,1497,0.1388
31,1461,1492,0.1388
32,1465,1497,0.1388
34,1476,1510,0.1388
34,1471,1505,0.1388
33,1473,1506,0.1388
32,1463,1495,0.1388
32,1462,1494,0.1388
32,1458,1490,0.1388
30,1455,1485,0.1388
29,1459,1488,0.1388
28,1476,1504,0.1388
26,1481,1507,0.1388
28,1483,1511,0.1388
28,1494,1522,0.1388
27,1491,1518,0.1388
29,1479,1508,0.1388
29,1482,1511,0.1388
29,1502,1531,0.1388
28,1502,1530,0.1388
27,1490,1517,0.1388
28,1498,1526,0.1388
28,1491,1519,0.1388
28,1486,1514,0.1388
27,1489,1516,0.1388
26,1490,1516,0.1388
26,1494,1520,0.1388
28,1508,1536,0.1388
28,1507,1535,0.1388
28,1488,1516,0.1388
26,1492,1518,0.1388
27,1483,1510,0.1388
27,1483,1510,0.1388
24,1486,1510,0.1388
24,1484,1508,0.1388
24,1479,1503,0.1388
24,1485,1509,0.1388
24,1478,1502,0.1388
25,1500,1525,0.1388
25,1484,1509,0.1388
25,1485,1510,0.1388
24,1493,1517,0.1388
23,1501,1524,0.1388
22,1490,1512,0.1388
21,1499,1520,0.1388
18,1495,1513,0.1388
19,1493,1512,0.1388
19,1489,1508,0.1388
19,1494,1513,0.1388
20,1500,1520,0.1388
21,1489,1510,0.1388
20,1494,1514,0.1388
20,1488,1508,0.1388
20,1491,1511,0.1388
20,1491,1511,0.1388
20,1500,1520,0.1388
18,1481,1499,0.1388
18,1480,1498,0.1388
19,1489,1508,0.1388
19,1497,1516,0.1388
19,1500,1519,0.1388
17,1502,1519,0.1388
18,1517,1535,0.1388
20,1517,1537,0.1388
20,1509,1529,0.1388
19,1511,1530,0.1388
20,1491,1511,0.1388
20,1510,1530,0.1388
20,1505,1525,0.1388
21,1511,1532,0.1388
21,1508,1529,0.1388
21,1507,1528,0.1388
22,1508,1530,0.1388
23,1503,1526,0.1388
21,1503,1524,0.1388
21,1503,1524,0.1388
19,1493,1512,0.1388
20,1488,1508,0.1388
18,1486,1504,0.1388
19,1493,1512,0.1388
19,1506,1525,0.1388
18,1499,1517,0.1388
19,1497,1516,0.1388
19,1500,1519,0.1388
19,1507,1526,0.1388
19,1506,1525,0.1388
19,1490,1509,0.1388
18,1490,1508,0.1388
18,1502,1520,0.1388
18,1500,1518,0.1388
16,1501,1517,0.1388
15,1492,1507,0.1388
13,1489,1502,0.1388
14,1495,1509,0.1388
16,1498,1514,0.1388
17,1500,1517,0.1388
16,1504,1520,0.1388
16,1505,1521,0.1388
16,1517,1533,0.1388
16,1506,1522,0.1388
15,1512,1527,0.1388
16,1514,1530,0.1388
16,1503,1519,0.1388
15,1503,1518,0.1388
15,1508,1523,0.1388
15,1509,1524,0.1388
16,1506,1522,0.1388
16,1504,1520,0.1388
17,1496,1513,0.1388
17,1486,1503,0.1388
17,1481,1498,0.1388
17,1486,1503,0.1388
16,1489,1505,0.1388
16,1497,1513,0.1388
16,1501,1517,0.1388
16,1505,1521,0.1388
16,1511,1527,0.1388
16,1513,1529,0.1388
16,1519,1535,0.1388
15,1529,1544,0.1388
14,1530,1544,0.1388
14,1508,1522,0.1388
14,1513,1527,0.1388
13,1515,1528,0.1388
13,1506,1519,0.1388
12,1504,1516,0.1388
13,1509,1522,0.1388
13,1518,1531,0.1388
11,1506,1517,0.1388
11,1502,1513,0.1388
12,1503,1515,0.1388
12,1495,1507,0.1388
12,1494,1506,0.1388
12,1505,1517,0.1388
11,1512,1523,0.1388
10,1517,1527,0.1388
10,1508,1518,0.1388
12,1513,1525,0.1388
12,1512,1524,0.1388
12,1515,1527,0.1388
12,1520,1532,0.1388
13,1515,1528,0.1388
13,1504,1517,0.1388
13,1511,1524,0.1388
14,1527,1541,0.1388
13,1525,1538,0.1388
12,1502,1514,0.1388
12,1506,1518,0.1388
11,1506,1517,0.1388
10,1515,1525,0.1388
10,1520,1530,0.1388
10,1525,1535,0.1388
9,1515,1524,0.1388
10,1526,1536,0.1388
10,1518,1528,0.1388
10,1519,1529,0.1388
11,1521,1532,0.1388
11,1514,1525,0.1388
11,1508,1519,0.1388
10,1512,1522,0.1388
10,1520,1530,0.1388
11,1511,1522,0.1388
11,1508,1519,0.1388
12,1502,1514,0.1388
11,1487,1498,0.1388
11,1490,1501,0.1388
11,1485,1496,0.1388
10,1490,1500,0.1388
11,1477,1488,0.1388
11,1495,1506,0.1388
11,1486,1497,0.1388
12,1493,1505,0.1388
13,1494,1507,0.1388
13,1495,1508,0.1388
13,1506,1519,0.1388
12,1500,1512,0.1388
10,1515,1525,0.1388
10,1510,1520,0.1388
9,1515,1524,0.1388
8,1520,1528,0.1388
7,1505,1512,0.1388
7,1520,1527,0.1388
7,1506,1513,0.1388
8,1505,1513,0.1388
8,1504,1512,0.1388
8,1503,1511,0.1388
8,1515,1523,0.1388
7,1518,1525,0.1388
8,1521,1529,0.1388
8,1510,1518,0.1388
8,1507,1515,0.1388
8,1502,1510,0.1388
8,1515,1523,0.1388
8,1518,1526,0.1388
9,1523,1532,0.1388
9,1504,1513,0.1388
9,1513,1522,0.1388
10,1503,1513,0.1388
10,1489,1499,0.1388
10,1501,1511,0.1388
10,1501,1511,0.1388
10,1506,1516,0.1388
9,1522,1531,0.1388
9,1514,1523,0.1388
9,1512,1521,0.1388
10,1500,1510,0.1388
9,1513,1522,0.1388
9,1506,1515,0.1388
9,1503,1512,0.1388
9,1501,1510,0.1388
9,1487,1496,0.1388
9,1488,1497,0.1388
9,1504,1513,0.1388
10,1501,1511,0.1388
10,1486,1496,0.1388
10,1497,1507,0.1388
10,1498,1508,0.1388
10,1498,1508,0.1388
10,1511,1521,0.1388
10,1511,1521,0.1388
10,1503,1513,0.1388
10,1508,1518,0.1388
10,1519,1529,0.1388
10,1510,1520,0.1388
10,1521,1531,0.1388
10,1526,1536,0.1388
9,1523,1532,0.1388
9,1534,1543,0.1388
9,1521,1530,0.1388
9,1523,1532,0.1388
9,1511,1520,0.1388
9,1500,1509,0.1388
8,1492,1500,0.1388
7,1503,1510,0.1388
6,1508,1514,0.1388
6,1506,1512,0.1388
6,1511,1517,0.1388
6,1509,1515,0.1388
5,1493,1498,0.1388
4,1491,1495,0.1388
4,1502,1506,0.1388
4,1510,1514,0.1388
4,1512,1516,0.1388
5,1516,1521,0.1388
5,1505,1510,0.1388
5,1515,1520,0.1388
4,1513,1517,0.1388
3,1509,1512,0.1388
4,1500,1504,0.1388
4,1498,1502,0.1388
5,1501,1506,0.1388
5,1508,1513,0.1388
5,1514,1519,0.1388
5,1507,1512,0.1388
6,1508,1514,0.1388
6,1519,1525,0.1388
6,1508,1514,0.1388
6,1514,1520,0.1388
6,1526,1532,0.1388
6,1522,1528,0.1388
6,1509,1515,0.1388
6,1504,1510,0.1388
7,1511,1518,0.1388
7,1502,1509,0.1388
6,1515,1521,0.1388
6,1513,1519,0.1388
5,1509,1514,0.1388
5,1514,1519,0.1388
5,1518,1523,0.1388
4,1506,1510,0.1388
4,1508,1512,0.1388
4,1514,1518,0.1388
4,1504,1508,0.1388
4,1482,1486,0.1388
4,1490,1494,0.1388
4,1498,1502,0.1388
4,1501,1505,0.1388
5,1506,1511,0.1388
4,1513,1517,0.1388
5,1511,1516,0.1388
5,1511,1516,0.1388
6,1501,1507,0.1388
7,1495,1502,0.1388
8,1503,1511,0.1388
8,1500,1508,0.1388
8,1492,1500,0.1388
9,1504,1513,0.1388
9,1503,1512,0.1388
9,1519,1528,0.1388
9,1513,1522,0.1388
9,1508,1517,0.1388
9,1504,1513,0.1388
8,1496,1504,0.1388
8,1503,1511,0.1388
8,1506,1514,0.1388
9,1509,1518,0.1388
9,1499,1508,0.1388
11,1495,1506,0.1388
12,1484,1496,0.1388
12,1491,1503,0.1388
13,1479,1492,0.1388
11,1486,1497,0.1388
12,1498,1510,0.1388
11,1504,1515,0.1388
12,1502,1514,0.1388
11,1504,1515,0.1388
9,1513,1522,0.1388
9,1504,1513,0.1388
9,1504,1513,0.1388
9,1501,1510,0.1388
9,1501,1510,0.1388
8,1508,1516,0.1388
8,1504,1512,0.1388
8,1502,1510,0.1388
8,1487,1495,0.1388
9,1491,1500,0.1388
9,1515,1524,0.1388
8,1503,1511,0.1388
9,1500,1509,0.1388
9,1506,1515,0.1388
9,1506,1515,0.1388
9,1503,1512,0.1388
9,1510,1519,0.1388
9,1516,1525,0.1388
9,1531,1540,0.1388
10,1528,1538,0.1388
10,1525,1535,0.1388
10,1520,1530,0.1388
9,1509,1518,0.1388
8,1511,1519,0.1388
8,1515,1523,0.1388
8,1510,1518,0.1388
9,1498,1507,0.1388
9,1504,1513,0.1388
10,1507,1517,0.1388
10,1508,1518,0.1388
11,1497,1508,0.1388
10,1506,1516,0.1388
10,1503,1513,0.1388
10,1507,1517,0.1388
10,1504,1514,0.1388
10,1512,1522,0.1388
10,1522,1532,0.1388
9,1523,1532,0.1388
9,1512,1521,0.1388
9,1510,1519,0.1388
9,1508,1517,0.1388
9,1518,1527,0.1388
8,1501,1509,0.1388
9,1508,1517,0.1388
8,1509,1517,0.1388
8,1491,1499,0.1388
8,1489,1497,0.1388
7,1496,1503,0.1388
8,1497,1505,0.1388
9,1503,1512,0.1388
9,1487,1496,0.1388
10,1494,1504,0.1388
10,1498,1508,0.1388
9,1521,1530,0.1388
9,1515,1524,0.1388
8,1519,1527,0.1388
8,1517,1525,0.1388
8,1516,1524,0.1388
8,1495,1503,0.1388
8,1497,1505,0.1388
7,1502,1509,0.1388
8,1504,1512,0.1388
8,1495,1503,0.1388
8,1495,1503,0.1388
8,1505,1513,0.1388
7,1504,1511,0.1388
7,1510,1517,0.1388
7,1503,1510,0.1388
6,1502,1508,0.1388
7,1504,1511,0.1388
7,1498,1505,0.1388
7,1489,1496,0.1388
7,1505,1512,0.1388
7,1500,1507,0.1388
7,1508,1515,0.1388
7,1496,1503,0.1388
7,1509,1516,0.1388
7,1502,1509,0.1388
7,1504,1511,0.1388
7,1500,1507,0.1388
7,1501,1508,0.1388
7,1501,1508,0.1388
7,1510,1517,0.1388
8,1520,1528,0.1388
7,1515,1522,0.1388
8,1523,1531,0.1388
8,1514,1522,0.1388
8,1505,1513,0.1388
8,1514,1522,0.1388
8,1512,1520,0.1388
8,1508,1516,0.1388
8,1510,1518,0.1388
8,1495,1503,0.1388
8,1508,1516,0.1388
8,1506,1514,0.1388
8,1510,1518,0.1388
8,1527,1535,0.1388
8,1509,1517,0.1388
8,1527,1535,0.1388
8,1525,1533,0.1388
8,1507,1515,0.1388
8,1501,1509,0.1388
8,1504,1512,0.1388
8,1505,1513,0.1388
7,1495,1502,0.1388
7,1491,1498,0.1388
7,1492,1499,0.1388
8,1501,1509,0.1388
7,1503,1510,0.1388
7,1514,1521,0.1388
7,1503,1510,0.1388
6,1512,1518,0.1388
7,1508,1515,0.1388
7,1509,1516,0.1388
8,1509,1517,0.1388
8,1504,1512,0.1388
7,1509,1516,0.1388
7,1494,1501,0.1388
7,1495,1502,0.1388
7,1502,1509,0.1388
7,1499,1506,0.1388
6,1512,1518,0.1388
7,1503,1510,0.1388
7,1506,1513,0.1388
7,1505,1512,0.1388
7,1507,1514,0.1388
6,1500,1506,0.1388
6,1504,1510,0.1388
6,1502,1508,0.1388
6,1505,1511,0.1388
6,1505,1511,0.1388
5,1504,1509,0.1388
4,1515,1519,0.1388
4,1513,1517,0.1388
5,1518,1523,0.1388
6,1518,1524,0.1388
6,1507,1513,0.1388
6,1516,1522,0.1388
6,1531,1537,0.1388
6,1531,1537,0.1388
6,1522,1528,0.1388
6,1508,1514,0.1388
6,1505,1511,0.1388
6,1513,1519,0.1388
6,1504,1510,0.1388
6,1498,1504,0.1388
6,1496,1502,0.1388
5,1504,1509,0.1388
5,1512,1517,0.1388
5,1516,1521,0.1388
5,1500,1505,0.1388
4,1499,1503,0.1388
4,1504,1508,0.1388
4,1489,1493,0.1388
4,1480,1484,0.1388
4,1494,1498,0.1388
4,1502,1506,0.1388
4,1510,1514,0.1388
4,1521,1525,0.1388
4,1520,1524,0.1388
4,1491,1495,0.1388
4,1489,1493,0.1388
4,1502,1506,0.1388
4,1505,1509,0.1388
4,1516,1520,0.1388
4,1505,1509,0.1388
4,1512,1516,0.1388
5,1496,1501,0.1388
5,1505,1510,0.1388
5,1497,1502,0.1388
5,1511,1516,0.1388
6,1523,1529,0.1388
5,1521,1526,0.1388
6,1524,1530,0.1388
5,1512,1517,0.1388
5,1511,1516,0.1388
5,1503,1508,0.1388
4,1498,1502,0.1388
4,1501,1505,0.1388
4,1509,1513,0.1388
4,1520,1524,0.1388
4,1514,1518,0.1388
4,1517,1521,0.1388
4,1517,1521,0.1388
4,1512,1516,0.1388
4,1521,1525,0.1388
4,1515,1519,0.1388
4,1523,1527,0.1388
4,1517,1521,0.1388
4,1527,1531,0.1388
4,1519,1523,0.1388
4,1517,1521,0.1388
4,1529,1533,0.1388
4,1515,1519,0.1388
4,1518,1522,0.1388
4,1517,1521,0.1388
4,1519,1523,0.1388
4,1526,1530,0.1388
4,1521,1525,0.1388
3,1512,1515,0.1388
3,1513,1516,0.1388
3,1513,1516,0.1388
3,1527,1530,0.1388
3,1523,1526,0.1388
3,1521,1524,0.1388
3,1505,1508,0.1388
3,1503,1506,0.1388
3,1511,1514,0.1388
3,1511,1514,0.1388
3,1514,1517,0.1388
3,1507,1510,0.1388
3,1507,1510,0.1388
2,1514,1516,0.1388
2,1516,1518,0.1388
2,1521,1523,0.1388
2,1532,1534,0.1388
2,1530,1532,0.1388
2,1525,1527,0.1388
2,1517,1519,0.1388
1,1512,1513,0.1388
1,1530,1531,0.1388
1,1523,1524,0.1388
1,1527,1528,0.1388
1,1524,1525,0.1388
1,1519,1520,0.1388
1,1527,1528,0.1388
1,1520,1521,0.1388
1,1516,1517,0.1388
1,1513,1514,0.1388
1,1513,1514,0.1388
1,1522,1523,0.1388
1,1507,1508,0.1388
1,1517,1518,0.1388
1,1512,1513,0.1388
1,1504,1505,0.1388
1,1504,1505,0.1388
1,1502,1503,0.1388
1,1515,1516,0.1388
1,1509,1510,0.1388
1,1508,1509,0.1388
1,1512,1513,0.1388
0,1525,1525,0.1388
