1368,29,1397,0.1388
1400,29,1429,0.1388
1419,27,1446,0.1388
1428,28,1456,0.1388
1440,27,1467,0.1388
1445,27,1472,0.1388
1457,28,1485,0.1388
1456,28,1484,0.1388
1451,28,1479,0.1388
1448,29,1477,0.1388
1447,28,1475,0.1388
1443,28,1471,0.1388
1435,29,1464,0.1388
1436,29,1465,0.1388
1448,31,1479,0.1388
1449,32,1481,0.1388
1458,31,1489,0.1388
1470,31,1501,0.1388
1463,29,1492,0.1388
1471,31,1502,0.1388
1466,30,1496,0.1388
1460,28,1488,0.1388
1467,28,1495,0.1388
1456,29,1485,0.1388
1465,30,1495,0.1388
1475,31,1506,0.1388
1463,29,1492,0.1388
1466,30,1496,0.1388
1471,30,1501,0.1388
1463,32,1495,0.1388
1458,32,1490,0.1388
1472,33,1505,0.1388
1465,33,1498,0.1388
1455,35,1490,0.1388
1458,34,1492,0.1388
1447,33,1480,0.1388
1456,35,1491,0.1388
1456,36,1492,0.1388
1456,37,1493,0.1388
1443,36,1479,0.1388
1444,37,1481,0.1388
1438,38,1476,0.1388
1442,36,1478,0.1388
1441,36,1477,0.1388
1451,35,1486,0.1388
1460,34,1494,0.1388
1461,33,1494,0.1388
1462,32,1494,0.1388
1466,30,1496,0.1388
1473,29,1502,0.1388
1457,30,1487,0.1388
1467,30,1497,0.1388
1467,31,1498,0.1388
1475,29,1504,0.1388
1471,30,1501,0.1388
1474,28,1502,0.1388
1478,28,1506,0.1388
1480,29,1509,0.1388
1476,27,1503,0.1388
1463,27,1490,0.1388
1468,27,1495,0.1388
1459,29,1488,0.1388
1458,29,1487,0.1388
1454,30,1484,0.1388
1473,32,1505,0.1388
1468,31,1499,0.1388
1469,31,1500,0.1388
1479,31,1510,0.1388
1466,33,1499,0.1388
1459,33,1492,0.1388
1462,33,1495,0.1388
1459,32,1491,0.1388
1465,31,1496,0.1388
1452,32,1484,0.1388
1445,33,1478,0.1388
1446,32,1478,0.1388
1439,32,1471,0.1388
1456,32,1488,0.1388
1449,31,1480,0.1388
1454,32,1486,0.1388
1458,32,1490,0.1388
1456,33,1489,0.1388
1461,33,1494,0.1388
1468,32,1500,0.1388
1463,29,1492,0.1388
1461,28,1489,0.1388
1453,28,1481,0.1388
1459,26,1485,0.1388
1466,24,1490,0.1388
1463,24,1487,0.1388
1455,24,1479,0.1388
1467,26,1493,0.1388
1461,26,1487,0.1388
1468,25,1493,0.1388
1466,25,1491,0.1388
1468,26,1494,0.1388
1468,26,1494,0.1388
1462,25,1487,0.1388
1464,26,1490,0.1388
1453,26,1479,0.1388
1461,26,1487,0.1388
1456,26,1482,0.1388
1463,26,1489,0.1388
1452,26,1478,0.1388
1444,27,1471,0.1388
1449,27,1476,0.1388
1451,28,1479,0.1388
1438,28,1466,0.1388
1431,28,1459,0.1388
1436,27,1463,0.1388
1438,27,1465,0.1388
1439,27,1466,0.1388
1452,26,1478,0.1388
1453,25,1478,0.1388
1453,26,1479,0.1388
1457,27,1484,0.1388
1466,25,1491,0.1388
1473,28,1501,0.1388
1464,29,1493,0.1388
1461,29,1490,0.1388
1476,30,1506,0.1388
1461,34,1495,0.1388
1455,33,1488,0.1388
1457,33,1490,0.1388
1461,33,1494,0.1388
1468,33,1501,0.1388
1466,34,1500,0.1388
1467,35,1502,0.1388
1467,34,1501,0.1388
1463,34,1497,0.1388
1454,37,1491,0.1388
1448,37,1485,0.1388
1434,36,1470,0.1388
1437,36,1473,0.1388
1442,38,1480,0.1388
1445,37,1482,0.1388
1453,37,1490,0.1388
1458,38,1496,0.1388
1450,36,1486,0.1388
1458,38,1496,0.1388
1458,40,1498,0.1388
1464,38,1502,0.1388
1456,38,1494,0.1388
1466,37,1503,0.1388
1460,35,1495,0.1388
1474,36,1510,0.1388
1472,36,1508,0.1388
1454,37,1491,0.1388
1452,36,1488,0.1388
1441,34,1475,0.1388
1445,35,1480,0.1388
1446,34,1480,0.1388
1446,36,1482,0.1388
1454,37,1491,0.1388
1447,36,1483,0.1388
1459,37,1496,0.1388
1458,40,1498,0.1388
1450,38,1488,0.1388
1458,37,1495,0.1388
1457,33,1490,0.1388
1463,33,1496,0.1388
1471,34,1505,0.1388
1472,33,1505,0.1388
1462,30,1492,0.1388
1450,31,1481,0.1388
1456,32,1488,0.1388
1467,34,1501,0.1388
1470,35,1505,0.1388
1462,34,1496,0.1388
1461,34,1495,0.1388
1468,32,1500,0.1388
1461,34,1495,0.1388
1461,35,1496,0.1388
1476,34,1510,0.1388
1481,36,1517,0.1388
1472,36,1508,0.1388
1476,35,1511,0.1388
1472,35,1507,0.1388
1460,36,1496,0.1388
1480,37,1517,0.1388
1459,38,1497,0.1388
1458,38,1496,0.1388
1456,38,1494,0.1388
1462,38,1500,0.1388
1452,39,1491,0.1388
1455,37,1492,0.1388
1467,34,1501,0.1388
1460,35,1495,0.1388
1460,35,1495,0.1388
1464,35,1499,0.1388
1469,37,1506,0.1388
1469,38,1507,0.1388
1470,37,1507,0.1388
1466,36,1502,0.1388
1457,37,1494,0.1388
1453,38,1491,0.1388
1433,41,1474,0.1388
1439,41,1480,0.1388
1439,41,1480,0.1388
1438,39,1477,0.1388
1447,37,1484,0.1388
1457,36,1493,0.1388
1454,33,1487,0.1388
1450,34,1484,0.1388
1450,37,1487,0.1388
1446,35,1481,0.1388
1460,37,1497,0.1388
1447,38,1485,0.1388
1446,37,1483,0.1388
1452,37,1489,0.1388
1461,38,1499,0.1388
1463,40,1503,0.1388
1448,39,1487,0.1388
1451,38,1489,0.1388
1453,39,1492,0.1388
1447,37,1484,0.1388
1440,35,1475,0.1388
1453,39,1492,0.1388
1451,39,1490,0.1388
1449,36,1485,0.1388
1451,36,1487,0.1388
1444,36,1480,0.1388
1450,38,1488,0.1388
1455,39,1494,0.1388
1438,40,1478,0.1388
1437,41,1478,0.1388
1435,41,1476,0.1388
1448,43,1491,0.1388
1443,42,1485,0.1388
1441,43,1484,0.1388
1441,41,1482,0.1388
1447,40,1487,0.1388
1447,43,1490,0.1388
1455,44,1499,0.1388
1452,44,1496,0.1388
1463,44,1507,0.1388
1461,46,1507,0.1388
1466,48,1514,0.1388
1461,48,1509,0.1388
1462,47,1509,0.1388
1466,45,1511,0.1388
1458,45,1503,0.1388
1452,46,1498,0.1388
1444,45,1489,0.1388
1459,45,1504,0.1388
1446,46,1492,0.1388
1465,46,1511,0.1388
1456,49,1505,0.1388
1444,50,1494,0.1388
1438,49,1487,0.1388
1429,46,1475,0.1388
1432,45,1477,0.1388
1441,45,1486,0.1388
1452,45,1497,0.1388
1460,46,1506,0.1388
1448,47,1495,0.1388
1450,46,1496,0.1388
1434,48,1482,0.1388
1430,49,1479,0.1388
1439,47,1486,0.1388
1446,47,1493,0.1388
1456,50,1506,0.1388
1451,47,1498,0.1388
1437,48,1485,0.1388
1412,48,1460,0.1388
1426,50,1476,0.1388
1431,50,1481,0.1388
1420,50,1470,0.1388
1420,49,1469,0.1388
1420,48,1468,0.1388
1420,53,1473,0.1388
1419,52,1471,0.1388
1417,51,1468,0.1388
1438,53,1491,0.1388
1441,52,1493,0.1388
1433,52,1485,0.1388
1436,50,1486,0.1388
1425,53,1478,0.1388
1420,53,1473,0.1388
1438,54,1492,0.1388
1425,55,1480,0.1388
1422,57,1479,0.1388
1424,59,1483,0.1388
1427,60,1487,0.1388
1425,57,1482,0.1388
1423,58,1481,0.1388
1413,58,1471,0.1388
1432,60,1492,0.1388
1436,61,1497,0.1388
1427,65,1492,0.1388
1434,67,1501,0.1388
1432,70,1502,0.1388
1429,71,1500,0.1388
1425,74,1499,0.1388
1418,75,1493,0.1388
1410,73,1483,0.1388
1414,73,1487,0.1388
1418,74,1492,0.1388
1413,73,1486,0.1388
1403,74,1477,0.1388
1407,73,1480,0.1388
1427,75,1502,0.1388
1427,76,1503,0.1388
1422,74,1496,0.1388
1419,74,1493,0.1388
1413,76,1489,0.1388
1416,73,1489,0.1388
1423,70,1493,0.1388
1409,74,1483,0.1388
1406,76,1482,0.1388
1413,77,1490,0.1388
1411,79,1490,0.1388
1433,82,1515,0.1388
1423,80,1503,0.1388
1423,78,1501,0.1388
1427,80,1507,0.1388
1418,79,1497,0.1388
1415,81,1496,0.1388
1404,84,1488,0.1388
1404,84,1488,0.1388
1402,83,1485,0.1388
1404,79,1483,0.1388
1392,81,1473,0.1388
1395,80,1475,0.1388
1402,82,1484,0.1388
1409,85,1494,0.1388
1415,82,1497,0.1388
1413,82,1495,0.1388
1415,78,1493,0.1388
1420,79,1499,0.1388
1416,79,1495,0.1388
1416,79,1495,0.1388
1423,81,1504,0.1388
1424,79,1503,0.1388
1412,79,1491,0.1388
1399,82,1481,0.1388
1394,85,1479,0.1388
1408,83,1491,0.1388
1415,83,1498,0.1388
1397,86,1483,0.1388
1401,86,1487,0.1388
1399,87,1486,0.1388
1392,91,1483,0.1388
1390,92,1482,0.1388
1394,94,1488,0.1388
1405,96,1501,0.1388
1393,99,1492,0.1388
1386,99,1485,0.1388
1395,101,1496,0.1388
1387,104,1491,0.1388
1388,104,1492,0.1388
1386,103,1489,0.1388
1398,103,1501,0.1388
1396,101,1497,0.1388
1390,100,1490,0.1388
1392,98,1490,0.1388
1404,99,1503,0.1388
1395,99,1494,0.1388
1394,101,1495,0.1388
1397,102,1499,0.1388
1388,103,1491,0.1388
1382,105,1487,0.1388
1385,109,1494,0.1388
1393,112,1505,0.1388
1390,114,1504,0.1388
1394,114,1508,0.1388
1419,119,1538,0.1388
1410,119,1529,0.1388
1402,114,1516,0.1388
1380,113,1493,0.1388
1383,118,1501,0.1388
1361,117,1478,0.1388
1361,119,1480,0.1388
1367,121,1488,0.1388
1366,119,1485,0.1388
1364,123,1487,0.1388
1376,122,1498,0.1388
1378,120,1498,0.1388
1364,125,1489,0.1388
1367,128,1495,0.1388
1370,126,1496,0.1388
1371,122,1493,0.1388
1366,124,1490,0.1388
1359,127,1486,0.1388
1377,125,1502,0.1388
1371,124,1495,0.1388
1361,127,1488,0.1388
1349,126,1475,0.1388
1362,122,1484,0.1388
1358,128,1486,0.1388
1366,127,1493,0.1388
1366,128,1494,0.1388
1373,123,1496,0.1388
1368,125,1493,0.1388
1362,125,1487,0.1388
1368,122,1490,0.1388
1380,125,1505,0.1388
1384,127,1511,0.1388
1375,128,1503,0.1388
1379,126,1505,0.1388
1387,130,1517,0.1388
1366,126,1492,0.1388
1367,121,1488,0.1388
1361,125,1486,0.1388
1363,125,1488,0.1388
1358,126,1484,0.1388
1357,124,1481,0.1388
1357,122,1479,0.1388
1358,120,1478,0.1388
1356,124,1480,0.1388
1363,123,1486,0.1388
1349,127,1476,0.1388
1352,127,1479,0.1388
1374,128,1502,0.1388
1378,130,1508,0.1388
1369,132,1501,0.1388
1373,128,1501,0.1388
1383,130,1513,0.1388
1366,133,1499,0.1388
1371,131,1502,0.1388
1370,131,1501,0.1388
1375,127,1502,0.1388
1363,127,1490,0.1388
1375,132,1507,0.1388
1371,135,1506,0.1388
1356,136,1492,0.1388
1370,137,1507,0.1388
1360,134,1494,0.1388
1354,131,1485,0.1388
1357,133,1490,0.1388
1360,134,1494,0.1388
1353,141,1494,0.1388
1359,142,1501,0.1388
1374,140,1514,0.1388
1380,143,1523,0.1388
1367,144,1511,0.1388
1361,147,1508,0.1388
1363,145,1508,0.1388
1345,141,1486,0.1388
1354,142,1496,0.1388
1358,143,1501,0.1388
1364,141,1505,0.1388
1360,143,1503,0.1388
1367,142,1509,0.1388
1374,148,1522,0.1388
1363,146,1509,0.1388
1345,147,1492,0.1388
1356,152,1508,0.1388
1340,146,1486,0.1388
1341,151,1492,0.1388
1347,152,1499,0.1388
1350,153,1503,0.1388
1330,148,1478,0.1388
1335,151,1486,0.1388
1344,151,1495,0.1388
1347,151,1498,0.1388
1343,148,1491,0.1388
1341,151,1492,0.1388
1338,155,1493,0.1388
1328,151,1479,0.1388
1337,152,1489,0.1388
1346,150,1496,0.1388
1333,150,1483,0.1388
1327,151,1478,0.1388
1334,150,1484,0.1388
1347,152,1499,0.1388
1361,151,1512,0.1388
1364,149,1513,0.1388
1361,148,1509,0.1388
1355,150,1505,0.1388
1348,152,1500,0.1388
1364,151,1515,0.1388
1351,150,1501,0.1388
1350,146,1496,0.1388
1341,146,1487,0.1388
1339,145,1484,0.1388
1346,150,1496,0.1388
1343,152,1495,0.1388
1344,150,1494,0.1388
1360,151,1511,0.1388
1347,153,1500,0.1388
1351,150,1501,0.1388
1358,149,1507,0.1388
1363,153,1516,0.1388
1350,154,1504,0.1388
1342,156,1498,0.1388
1341,154,1495,0.1388
1334,153,1487,0.1388
1331,151,1482,0.1388
1333,150,1483,0.1388
1338,151,1489,0.1388
1331,151,1482,0.1388
1335,152,1487,0.1388
1331,154,1485,0.1388
1326,154,1480,0.1388
1333,154,1487,0.1388
1337,158,1495,0.1388
1346,162,1508,0.1388
1347,159,1506,0.1388
1339,162,1501,0.1388
1337,159,1496,0.1388
1337,162,1499,0.1388
1339,160,1499,0.1388
1343,161,1504,0.1388
1345,162,1507,0.1388
1337,157,1494,0.1388
1335,157,1492,0.1388
1329,160,1489,0.1388
1329,159,1488,0.1388
1332,160,1492,0.1388
1327,161,1488,0.1388
1336,157,1493,0.1388
1332,157,1489,0.1388
1335,161,1496,0.1388
1335,161,1496,0.1388
1340,167,1507,0.1388
1329,161,1490,0.1388
1329,164,1493,0.1388
1330,164,1494,0.1388
1339,166,1505,0.1388
1344,168,1512,0.1388
1345,175,1520,0.1388
1340,176,1516,0.1388
1337,175,1512,0.1388
1335,172,1507,0.1388
1331,167,1498,0.1388
1329,169,1498,0.1388
1335,168,1503,0.1388
1332,166,1498,0.1388
1335,167,1502,0.1388
1321,170,1491,0.1388
1318,174,1492,0.1388
1315,169,1484,0.1388
1313,169,1482,0.1388
1313,170,1483,0.1388
1307,172,1479,0.1388
1305,170,1475,0.1388
1296,172,1468,0.1388
1306,177,1483,0.1388
1318,179,1497,0.1388
1320,184,1504,0.1388
1311,186,1497,0.1388
1303,183,1486,0.1388
1311,183,1494,0.1388
1317,183,1500,0.1388
1300,187,1487,0.1388
1308,184,1492,0.1388
1311,189,1500,0.1388
1315,192,1507,0.1388
1321,189,1510,0.1388
1321,185,1506,0.1388
1312,189,1501,0.1388
1312,193,1505,0.1388
1300,192,1492,0.1388
1300,190,1490,0.1388
1293,189,1482,0.1388
1300,194,1494,0.1388
1306,187,1493,0.1388
1278,192,1470,0.1388
1272,196,1468,0.1388
1278,199,1477,0.1388
1296,204,1500,0.1388
1295,194,1489,0.1388
1285,198,1483,0.1388
1294,197,1491,0.1388
1289,202,1491,0.1388
1285,203,1488,0.1388
1297,203,1500,0.1388
1316,201,1517,0.1388
1301,209,1510,0.1388
1289,208,1497,0.1388
1294,208,1502,0.1388
1290,205,1495,0.1388
1291,206,1497,0.1388
1282,210,1492,0.1388
1289,215,1504,0.1388
1288,213,1501,0.1388
1287,215,1502,0.1388
1285,214,1499,0.1388
1274,212,1486,0.1388
1276,217,1493,0.1388
1280,225,1505,0.1388
1277,223,1500,0.1388
1264,228,1492,0.1388
1268,224,1492,0.1388
1278,228,1506,0.1388
1271,228,1499,0.1388
1268,232,1500,0.1388
1273,231,1504,0.1388
1271,227,1498,0.1388
1273,231,1504,0.1388
1259,229,1488,0.1388
1272,228,1500,0.1388
1270,226,1496,0.1388
1267,231,1498,0.1388
1261,232,1493,0.1388
1279,227,1506,0.1388
1285,233,1518,0.1388
1277,225,1502,0.1388
1272,226,1498,0.1388
1273,232,1505,0.1388
1273,231,1504,0.1388
1260,234,1494,0.1388
1274,229,1503,0.1388
1272,225,1497,0.1388
1279,227,1506,0.1388
1277,224,1501,0.1388
1271,223,1494,0.1388
1285,225,1510,0.1388
1285,223,1508,0.1388
1277,220,1497,0.1388
1279,219,1498,0.1388
1288,222,1510,0.1388
1293,218,1511,0.1388
1287,218,1505,0.1388
1275,217,1492,0.1388
1276,216,1492,0.1388
1286,215,1501,0.1388
1279,214,1493,0.1388
1287,213,1500,0.1388
1289,213,1502,0.1388
1287,212,1499,0.1388
1280,215,1495,0.1388
1273,211,1484,0.1388
1284,210,1494,0.1388
1287,214,1501,0.1388
1293,216,1509,0.1388
1284,221,1505,0.1388
1281,220,1501,0.1388
1276,222,1498,0.1388
1275,224,1499,0.1388
1265,228,1493,0.1388
1257,222,1479,0.1388
1262,229,1491,0.1388
1271,230,1501,0.1388
1254,237,1491,0.1388
1260,243,1503,0.1388
1259,244,1503,0.1388
1264,241,1505,0.1388
1268,245,1513,0.1388
1276,245,1521,0.1388
1275,243,1518,0.1388
1269,242,1511,0.1388
1252,244,1496,0.1388
1249,247,1496,0.1388
1243,245,1488,0.1388
1238,245,1483,0.1388
1240,248,1488,0.1388
1244,245,1489,0.1388
1241,244,1485,0.1388
1242,245,1487,0.1388
1228,247,1475,0.1388
1222,251,1473,0.1388
1216,252,1468,0.1388
1226,255,1481,0.1388
1236,255,1491,0.1388
1225,256,1481,0.1388
1224,253,1477,0.1388
1228,256,1484,0.1388
1234,253,1487,0.1388
1243,253,1496,0.1388
1251,254,1505,0.1388
1244,255,1499,0.1388
1240,250,1490,0.1388
1247,248,1495,0.1388
1258,247,1505,0.1388
1264,250,1514,0.1388
1252,254,1506,0.1388
1253,254,1507,0.1388
1254,254,1508,0.1388
1245,255,1500,0.1388
1240,254,1494,0.1388
1238,253,1491,0.1388
1237,249,1486,0.1388
1235,251,1486,0.1388
1233,255,1488,0.1388
1239,260,1499,0.1388
1245,259,1504,0.1388
1243,258,1501,0.1388
1252,259,1511,0.1388
1240,257,1497,0.1388
1247,252,1499,0.1388
1239,259,1498,0.1388
1238,256,1494,0.1388
1227,261,1488,0.1388
1234,267,1501,0.1388
1241,269,1510,0.1388
1233,272,1505,0.1388
1228,275,1503,0.1388
1227,277,1504,0.1388
1237,281,1518,0.1388
1229,284,1513,0.1388
1215,281,1496,0.1388
1215,285,1500,0.1388
1214,282,1496,0.1388
1228,282,1510,0.1388
1224,284,1508,0.1388
1229,287,1516,0.1388
1226,286,1512,0.1388
1224,288,1512,0.1388
1221,294,1515,0.1388
1195,293,1488,0.1388
1199,294,1493,0.1388
1211,297,1508,0.1388
1212,291,1503,0.1388
1199,290,1489,0.1388
1202,294,1496,0.1388
1201,298,1499,0.1388
1193,297,1490,0.1388
1191,304,1495,0.1388
1191,303,1494,0.1388
1175,306,1481,0.1388
1175,304,1479,0.1388
1189,318,1507,0.1388
1159,316,1475,0.1388
1170,318,1488,0.1388
1173,313,1486,0.1388
1166,319,1485,0.1388
1162,318,1480,0.1388
1167,323,1490,0.1388
1165,328,1493,0.1388
1164,332,1496,0.1388
1157,334,1491,0.1388
1150,333,1483,0.1388
1159,329,1488,0.1388
1157,327,1484,0.1388
1148,327,1475,0.1388
1155,329,1484,0.1388
1162,338,1500,0.1388
1154,341,1495,0.1388
1151,338,1489,0.1388
1148,340,1488,0.1388
1141,342,1483,0.1388
1156,337,1493,0.1388
1165,339,1504,0.1388
1176,343,1519,0.1388
1167,344,1511,0.1388
1161,340,1501,0.1388
1156,350,1506,0.1388
1151,347,1498,0.1388
1145,347,1492,0.1388
1146,348,1494,0.1388
1158,347,1505,0.1388
1147,346,1493,0.1388
1149,346,1495,0.1388
1141,348,1489,0.1388
1147,351,1498,0.1388
1148,349,1497,0.1388
1145,352,1497,0.1388
1140,353,1493,0.1388
1139,357,1496,0.1388
1138,368,1506,0.1388
1130,360,1490,0.1388
1125,358,1483,0.1388
1125,357,1482,0.1388
1131,358,1489,0.1388
1125,358,1483,0.1388
1124,357,1481,0.1388
1113,368,1481,0.1388
1117,369,1486,0.1388
1124,370,1494,0.1388
1123,370,1493,0.1388
1126,366,1492,0.1388
1115,366,1481,0.1388
1109,375,1484,0.1388
1104,379,1483,0.1388
1091,383,1474,0.1388
1100,383,1483,0.1388
1111,383,1494,0.1388
1111,380,1491,0.1388
1115,386,1501,0.1388
1130,385,1515,0.1388
1127,379,1506,0.1388
1122,382,1504,0.1388
1114,382,1496,0.1388
1113,383,1496,0.1388
1108,384,1492,0.1388
1112,383,1495,0.1388
1101,388,1489,0.1388
1099,396,1495,0.1388
1098,401,1499,0.1388
1088,402,1490,0.1388
1093,404,1497,0.1388
1092,403,1495,0.1388
1091,401,1492,0.1388
1105,401,1506,0.1388
1088,396,1484,0.1388
1090,403,1493,0.1388
1091,402,1493,0.1388
1075,400,1475,0.1388
1078,403,1481,0.1388
1080,407,1487,0.1388
1097,405,1502,0.1388
1084,413,1497,0.1388
1079,416,1495,0.1388
1079,408,1487,0.1388
1081,414,1495,0.1388
1082,411,1493,0.1388
1083,411,1494,0.1388
1091,413,1504,0.1388
1090,412,1502,0.1388
1085,416,1501,0.1388
1074,417,1491,0.1388
1070,424,1494,0.1388
1052,420,1472,0.1388
1051,429,1480,0.1388
1054,430,1484,0.1388
1050,439,1489,0.1388
1067,436,1503,0.1388
1068,447,1515,0.1388
1076,445,1521,0.1388
1079,440,1519,0.1388
1076,440,1516,0.1388
1057,442,1499,0.1388
1060,438,1498,0.1388
1058,438,1496,0.1388
1063,438,1501,0.1388
1066,437,1503,0.1388
1054,435,1489,0.1388
1061,432,1493,0.1388
1074,436,1510,0.1388
1070,436,1506,0.1388
1069,434,1503,0.1388
1062,432,1494,0.1388
1069,439,1508,0.1388
1071,438,1509,0.1388
1063,438,1501,0.1388
1056,443,1499,0.1388
1048,442,1490,0.1388
1049,440,1489,0.1388
1055,436,1491,0.1388
1059,437,1496,0.1388
1065,441,1506,0.1388
1064,440,1504,0.1388
1058,452,1510,0.1388
1052,450,1502,0.1388
1056,441,1497,0.1388
1061,435,1496,0.1388
1058,447,1505,0.1388
1064,454,1518,0.1388
1060,456,1516,0.1388
1064,456,1520,0.1388
1061,456,1517,0.1388
1051,454,1505,0.1388
1045,457,1502,0.1388
1052,453,1505,0.1388
1046,454,1500,0.1388
1040,456,1496,0.1388
1041,460,1501,0.1388
1039,456,1495,0.1388
1041,464,1505,0.1388
1034,461,1495,0.1388
1030,467,1497,0.1388
1031,463,1494,0.1388
1024,463,1487,0.1388
1022,470,1492,0.1388
1015,467,1482,0.1388
1015,477,1492,0.1388
1018,479,1497,0.1388
1023,485,1508,0.1388
1016,484,1500,0.1388
1018,487,1505,0.1388
1017,494,1511,0.1388
1017,490,1507,0.1388
1013,496,1509,0.1388
1007,504,1511,0.1388
1006,499,1505,0.1388
1000,497,1497,0.1388
997,498,1495,0.1388
1002,497,1499,0.1388
999,498,1497,0.1388
1002,503,1505,0.1388
1004,504,1508,0.1388
989,492,1481,0.1388
988,502,1490,0.1388
982,502,1484,0.1388
986,494,1480,0.1388
989,501,1490,0.1388
986,494,1480,0.1388
984,499,1483,0.1388
995,501,1496,0.1388
996,495,1491,0.1388
991,502,1493,0.1388
992,500,1492,0.1388
988,493,1481,0.1388
992,503,1495,0.1388
986,502,1488,0.1388
998,502,1500,0.1388
989,501,1490,0.1388
978,505,1483,0.1388
984,511,1495,0.1388
986,520,1506,0.1388
989,518,1507,0.1388
974,524,1498,0.1388
968,520,1488,0.1388
969,519,1488,0.1388
975,521,1496,0.1388
969,525,1494,0.1388
962,537,1499,0.1388
965,543,1508,0.1388
952,541,1493,0.1388
960,542,1502,0.1388
961,547,1508,0.1388
955,552,1507,0.1388
959,553,1512,0.1388
951,554,1505,0.1388
955,553,1508,0.1388
953,556,1509,0.1388
945,557,1502,0.1388
948,559,1507,0.1388
950,565,1515,0.1388
940,554,1494,0.1388
937,559,1496,0.1388
927,569,1496,0.1388
931,572,1503,0.1388
935,573,1508,0.1388
923,569,1492,0.1388
927,569,1496,0.1388
934,566,1500,0.1388
935,569,1504,0.1388
933,569,1502,0.1388
928,572,1500,0.1388
921,575,1496,0.1388
923,572,1495,0.1388
926,574,1500,0.1388
927,571,1498,0.1388
924,580,1504,0.1388
916,573,1489,0.1388
918,569,1487,0.1388
918,569,1487,0.1388
915,580,1495,0.1388
925,580,1505,0.1388
922,574,1496,0.1388
928,578,1506,0.1388
931,582,1513,0.1388
933,584,1517,0.1388
921,584,1505,0.1388
926,583,1509,0.1388
928,578,1506,0.1388
922,578,1500,0.1388
918,573,1491,0.1388
916,587,1503,0.1388
918,584,1502,0.1388
917,585,1502,0.1388
915,592,1507,0.1388
908,594,1502,0.1388
914,587,1501,0.1388
909,579,1488,0.1388
901,594,1495,0.1388
895,607,1502,0.1388
883,613,1496,0.1388
888,624,1512,0.1388
897,617,1514,0.1388
885,615,1500,0.1388
888,613,1501,0.1388
903,616,1519,0.1388
909,612,1521,0.1388
903,617,1520,0.1388
900,613,1513,0.1388
897,612,1509,0.1388
898,598,1496,0.1388
898,589,1487,0.1388
901,588,1489,0.1388
887,605,1492,0.1388
895,604,1499,0.1388
894,607,1501,0.1388
896,608,1504,0.1388
893,606,1499,0.1388
885,597,1482,0.1388
883,603,1486,0.1388
887,601,1488,0.1388
876,607,1483,0.1388
885,620,1505,0.1388
887,620,1507,0.1388
881,617,1498,0.1388
884,619,1503,0.1388
875,625,1500,0.1388
885,622,1507,0.1388
879,619,1498,0.1388
881,618,1499,0.1388
885,618,1503,0.1388
891,614,1505,0.1388
877,627,1504,0.1388
882,622,1504,0.1388
873,626,1499,0.1388
872,623,1495,0.1388
871,615,1486,0.1388
867,614,1481,0.1388
871,625,1496,0.1388
864,629,1493,0.1388
877,622,1499,0.1388
878,625,1503,0.1388
882,625,1507,0.1388
879,621,1500,0.1388
874,623,1497,0.1388
867,616,1483,0.1388
872,617,1489,0.1388
867,621,1488,0.1388
868,636,1504,0.1388
866,633,1499,0.1388
864,630,1494,0.1388
854,634,1488,0.1388
865,634,1499,0.1388
855,643,1498,0.1388
849,642,1491,0.1388
862,645,1507,0.1388
860,645,1505,0.1388
866,639,1505,0.1388
852,648,1500,0.1388
846,653,1499,0.1388
851,656,1507,0.1388
850,660,1510,0.1388
857,657,1514,0.1388
858,658,1516,0.1388
851,669,1520,0.1388
851,663,1514,0.1388
856,663,1519,0.1388
860,657,1517,0.1388
853,656,1509,0.1388
851,649,1500,0.1388
849,664,1513,0.1388
840,666,1506,0.1388
838,673,1511,0.1388
831,672,1503,0.1388
831,673,1504,0.1388
830,677,1507,0.1388
825,676,1501,0.1388
828,667,1495,0.1388
822,664,1486,0.1388
828,674,1502,0.1388
833,678,1511,0.1388
824,681,1505,0.1388
836,676,1512,0.1388
833,679,1512,0.1388
823,677,1500,0.1388
826,675,1501,0.1388
818,681,1499,0.1388
819,678,1497,0.1388
816,683,1499,0.1388
816,686,1502,0.1388
820,685,1505,0.1388
816,685,1501,0.1388
823,692,1515,0.1388
826,679,1505,0.1388
810,671,1481,0.1388
817,676,1493,0.1388
812,689,1501,0.1388
806,689,1495,0.1388
825,693,1518,0.1388
829,699,1528,0.1388
835,702,1537,0.1388
821,706,1527,0.1388
817,706,1523,0.1388
811,694,1505,0.1388
811,705,1516,0.1388
809,712,1521,0.1388
804,712,1516,0.1388
803,708,1511,0.1388
798,719,1517,0.1388
796,719,1515,0.1388
784,724,1508,0.1388
787,724,1511,0.1388
789,720,1509,0.1388
791,728,1519,0.1388
784,724,1508,0.1388
781,718,1499,0.1388
777,717,1494,0.1388
771,711,1482,0.1388
768,711,1479,0.1388
768,715,1483,0.1388
771,721,1492,0.1388
778,726,1504,0.1388
777,724,1501,0.1388
767,720,1487,0.1388
777,722,1499,0.1388
777,729,1506,0.1388
766,730,1496,0.1388
774,734,1508,0.1388
772,724,1496,0.1388
751,737,1488,0.1388
761,744,1505,0.1388
757,750,1507,0.1388
757,743,1500,0.1388
752,740,1492,0.1388
753,743,1496,0.1388
750,750,1500,0.1388
749,748,1497,0.1388
755,744,1499,0.1388
744,744,1488,0.1388
743,748,1491,0.1388
751,759,1510,0.1388
760,760,1520,0.1388
760,753,1513,0.1388
756,758,1514,0.1388
762,758,1520,0.1388
759,753,1512,0.1388
755,753,1508,0.1388
755,757,1512,0.1388
759,760,1519,0.1388
753,766,1519,0.1388
749,753,1502,0.1388
739,759,1498,0.1388
746,759,1505,0.1388
743,751,1494,0.1388
736,759,1495,0.1388
740,747,1487,0.1388
738,757,1495,0.1388
737,747,1484,0.1388
752,741,1493,0.1388
749,742,1491,0.1388
739,740,1479,0.1388
751,747,1498,0.1388
749,752,1501,0.1388
743,753,1496,0.1388
740,749,1489,0.1388
740,754,1494,0.1388
743,755,1498,0.1388
735,761,1496,0.1388
737,767,1504,0.1388
738,771,1509,0.1388
736,768,1504,0.1388
744,756,1500,0.1388
746,758,1504,0.1388
741,772,1513,0.1388
736,770,1506,0.1388
736,776,1512,0.1388
741,781,1522,0.1388
741,772,1513,0.1388
739,777,1516,0.1388
742,779,1521,0.1388
733,772,1505,0.1388
735,769,1504,0.1388
748,777,1525,0.1388
746,779,1525,0.1388
739,787,1526,0.1388
734,775,1509,0.1388
730,766,1496,0.1388
735,770,1505,0.1388
721,775,1496,0.1388
724,771,1495,0.1388
724,771,1495,0.1388
728,782,1510,0.1388
719,787,1506,0.1388
721,776,1497,0.1388
718,780,1498,0.1388
722,782,1504,0.1388
726,783,1509,0.1388
729,787,1516,0.1388
727,791,1518,0.1388
729,793,1522,0.1388
731,797,1528,0.1388
716,784,1500,0.1388
716,780,1496,0.1388
720,776,1496,0.1388
714,793,1507,0.1388
716,792,1508,0.1388
710,797,1507,0.1388
713,803,1516,0.1388
720,798,1518,0.1388
722,800,1522,0.1388
715,803,1518,0.1388
713,809,1522,0.1388
712,801,1513,0.1388
702,804,1506,0.1388
698,804,1502,0.1388
699,806,1505,0.1388
695,809,1504,0.1388
699,815,1514,0.1388
695,813,1508,0.1388
693,804,1497,0.1388
680,811,1491,0.1388
681,808,1489,0.1388
694,811,1505,0.1388
695,809,1504,0.1388
697,813,1510,0.1388
702,813,1515,0.1388
697,811,1508,0.1388
688,814,1502,0.1388
692,807,1499,0.1388
694,809,1503,0.1388
696,808,1504,0.1388
698,806,1504,0.1388
692,811,1503,0.1388
683,817,1500,0.1388
675,827,1502,0.1388
677,815,1492,0.1388
670,825,1495,0.1388
673,825,1498,0.1388
675,832,1507,0.1388
671,835,1506,0.1388
679,843,1522,0.1388
669,837,1506,0.1388
671,835,1506,0.1388
665,846,1511,0.1388
673,846,1519,0.1388
667,842,1509,0.1388
662,846,1508,0.1388
657,847,1504,0.1388
661,854,1515,0.1388
664,849,1513,0.1388
666,849,1515,0.1388
657,846,1503,0.1388
650,860,1510,0.1388
648,857,1505,0.1388
655,854,1509,0.1388
650,854,1504,0.1388
648,861,1509,0.1388
654,857,1511,0.1388
655,849,1504,0.1388
634,849,1483,0.1388
639,852,1491,0.1388
638,864,1502,0.1388
631,859,1490,0.1388
640,866,1506,0.1388
651,870,1521,0.1388
656,868,1524,0.1388
653,859,1512,0.1388
646,861,1507,0.1388
651,851,1502,0.1388
650,846,1496,0.1388
639,860,1499,0.1388
639,863,1502,0.1388
634,860,1494,0.1388
630,867,1497,0.1388
640,864,1504,0.1388
639,861,1500,0.1388
634,866,1500,0.1388
636,881,1517,0.1388
638,885,1523,0.1388
638,872,1510,0.1388
638,880,1518,0.1388
630,880,1510,0.1388
625,877,1502,0.1388
619,877,1496,0.1388
624,872,1496,0.1388
617,861,1478,0.1388
616,871,1487,0.1388
625,865,1490,0.1388
620,877,1497,0.1388
624,880,1504,0.1388
615,900,1515,0.1388
616,894,1510,0.1388
615,894,1509,0.1388
613,897,1510,0.1388
610,897,1507,0.1388
611,900,1511,0.1388
607,899,1506,0.1388
610,906,1516,0.1388
606,897,1503,0.1388
605,893,1498,0.1388
610,897,1507,0.1388
613,895,1508,0.1388
615,893,1508,0.1388
611,889,1500,0.1388
612,901,1513,0.1388
610,890,1500,0.1388
615,889,1504,0.1388
619,880,1499,0.1388
608,899,1507,0.1388
605,907,1512,0.1388
608,898,1506,0.1388
601,905,1506,0.1388
598,892,1490,0.1388
596,893,1489,0.1388
599,890,1489,0.1388
599,896,1495,0.1388
597,896,1493,0.1388
598,908,1506,0.1388
604,909,1513,0.1388
604,907,1511,0.1388
599,907,1506,0.1388
603,901,1504,0.1388
599,898,1497,0.1388
604,902,1506,0.1388
597,894,1491,0.1388
596,904,1500,0.1388
589,911,1500,0.1388
591,924,1515,0.1388
596,915,1511,0.1388
600,920,1520,0.1388
592,930,1522,0.1388
592,921,1513,0.1388
586,918,1504,0.1388
584,930,1514,0.1388
582,937,1519,0.1388
575,943,1518,0.1388
574,945,1519,0.1388
565,946,1511,0.1388
570,940,1510,0.1388
567,932,1499,0.1388
571,933,1504,0.1388
566,944,1510,0.1388
560,936,1496,0.1388
563,944,1507,0.1388
561,948,1509,0.1388
561,942,1503,0.1388
551,956,1507,0.1388
548,964,1512,0.1388
548,961,1509,0.1388
548,947,1495,0.1388
561,962,1523,0.1388
557,977,1534,0.1388
546,978,1524,0.1388
548,978,1526,0.1388
543,971,1514,0.1388
543,960,1503,0.1388
538,970,1508,0.1388
541,976,1517,0.1388
538,966,1504,0.1388
544,973,1517,0.1388
540,972,1512,0.1388
542,963,1505,0.1388
536,955,1491,0.1388
539,961,1500,0.1388
540,973,1513,0.1388
542,965,1507,0.1388
535,969,1504,0.1388
525,970,1495,0.1388
529,972,1501,0.1388
536,963,1499,0.1388
543,955,1498,0.1388
549,960,1509,0.1388
550,957,1507,0.1388
543,960,1503,0.1388
546,963,1509,0.1388
547,958,1505,0.1388
541,962,1503,0.1388
548,957,1505,0.1388
545,966,1511,0.1388
540,961,1501,0.1388
534,977,1511,0.1388
529,981,1510,0.1388
522,978,1500,0.1388
524,975,1499,0.1388
525,976,1501,0.1388
529,981,1510,0.1388
524,984,1508,0.1388
528,981,1509,0.1388
525,995,1520,0.1388
530,983,1513,0.1388
524,982,1506,0.1388
521,984,1505,0.1388
521,989,1510,0.1388
522,994,1516,0.1388
524,997,1521,0.1388
521,990,1511,0.1388
520,996,1516,0.1388
523,1001,1524,0.1388
517,1002,1519,0.1388
512,997,1509,0.1388
519,994,1513,0.1388
517,999,1516,0.1388
519,1002,1521,0.1388
509,1012,1521,0.1388
508,1019,1527,0.1388
507,1028,1535,0.1388
505,1024,1529,0.1388
502,1012,1514,0.1388
502,1008,1510,0.1388
501,1000,1501,0.1388
504,991,1495,0.1388
504,1000,1504,0.1388
501,994,1495,0.1388
504,995,1499,0.1388
503,983,1486,0.1388
495,995,1490,0.1388
502,1006,1508,0.1388
509,1000,1509,0.1388
498,1001,1499,0.1388
493,1001,1494,0.1388
489,1007,1496,0.1388
495,1014,1509,0.1388
488,1019,1507,0.1388
480,1020,1500,0.1388
491,1015,1506,0.1388
485,1013,1498,0.1388
483,1020,1503,0.1388
480,1015,1495,0.1388
484,1020,1504,0.1388
484,1024,1508,0.1388
486,1020,1506,0.1388
484,1022,1506,0.1388
487,1021,1508,0.1388
482,1021,1503,0.1388
486,1025,1511,0.1388
487,1026,1513,0.1388
484,1019,1503,0.1388
477,1028,1505,0.1388
477,1020,1497,0.1388
469,1023,1492,0.1388
469,1019,1488,0.1388
462,1023,1485,0.1388
454,1036,1490,0.1388
459,1025,1484,0.1388
462,1043,1505,0.1388
472,1029,1501,0.1388
470,1030,1500,0.1388
470,1029,1499,0.1388
468,1029,1497,0.1388
471,1035,1506,0.1388
467,1040,1507,0.1388
471,1031,1502,0.1388
463,1034,1497,0.1388
466,1046,1512,0.1388
465,1049,1514,0.1388
467,1049,1516,0.1388
455,1037,1492,0.1388
463,1045,1508,0.1388
458,1058,1516,0.1388
465,1046,1511,0.1388
466,1049,1515,0.1388
466,1046,1512,0.1388
474,1042,1516,0.1388
468,1041,1509,0.1388
466,1049,1515,0.1388
470,1058,1528,0.1388
460,1056,1516,0.1388
456,1051,1507,0.1388
458,1057,1515,0.1388
461,1049,1510,0.1388
462,1044,1506,0.1388
466,1052,1518,0.1388
463,1046,1509,0.1388
466,1056,1522,0.1388
467,1047,1514,0.1388
465,1055,1520,0.1388
463,1066,1529,0.1388
459,1061,1520,0.1388
457,1062,1519,0.1388
459,1068,1527,0.1388
453,1071,1524,0.1388
448,1065,1513,0.1388
451,1061,1512,0.1388
443,1054,1497,0.1388
448,1061,1509,0.1388
441,1069,1510,0.1388
444,1073,1517,0.1388
446,1063,1509,0.1388
448,1061,1509,0.1388
444,1071,1515,0.1388
441,1072,1513,0.1388
437,1068,1505,0.1388
435,1067,1502,0.1388
431,1078,1509,0.1388
431,1083,1514,0.1388
438,1079,1517,0.1388
435,1079,1514,0.1388
436,1084,1520,0.1388
434,1081,1515,0.1388
433,1088,1521,0.1388
424,1085,1509,0.1388
419,1081,1500,0.1388
409,1075,1484,0.1388
413,1090,1503,0.1388
418,1089,1507,0.1388
424,1105,1529,0.1388
420,1094,1514,0.1388
405,1101,1506,0.1388
410,1090,1500,0.1388
407,1086,1493,0.1388
408,1084,1492,0.1388
416,1095,1511,0.1388
410,1100,1510,0.1388
412,1109,1521,0.1388
410,1106,1516,0.1388
411,1109,1520,0.1388
414,1097,1511,0.1388
415,1101,1516,0.1388
418,1098,1516,0.1388
421,1100,1521,0.1388
416,1086,1502,0.1388
415,1086,1501,0.1388
409,1096,1505,0.1388
409,1096,1505,0.1388
408,1102,1510,0.1388
409,1091,1500,0.1388
412,1108,1520,0.1388
413,1107,1520,0.1388
415,1113,1528,0.1388
410,1109,1519,0.1388
407,1114,1521,0.1388
405,1115,1520,0.1388
409,1108,1517,0.1388
412,1094,1506,0.1388
413,1093,1506,0.1388
409,1095,1504,0.1388
407,1106,1513,0.1388
400,1106,1506,0.1388
404,1105,1509,0.1388
403,1114,1517,0.1388
404,1101,1505,0.1388
397,1098,1495,0.1388
398,1099,1497,0.1388
400,1098,1498,0.1388
393,1106,1499,0.1388
388,1116,1504,0.1388
391,1124,1515,0.1388
395,1123,1518,0.1388
390,1120,1510,0.1388
386,1117,1503,0.1388
391,1126,1517,0.1388
394,1124,1518,0.1388
397,1124,1521,0.1388
388,1119,1507,0.1388
391,1117,1508,0.1388
390,1113,1503,0.1388
385,1110,1495,0.1388
378,1109,1487,0.1388
379,1133,1512,0.1388
381,1139,1520,0.1388
383,1143,1526,0.1388
384,1135,1519,0.1388
378,1135,1513,0.1388
372,1131,1503,0.1388
366,1130,1496,0.1388
363,1123,1486,0.1388
366,1128,1494,0.1388
366,1134,1500,0.1388
365,1136,1501,0.1388
362,1143,1505,0.1388
364,1137,1501,0.1388
352,1132,1484,0.1388
354,1137,1491,0.1388
351,1149,1500,0.1388
360,1143,1503,0.1388
357,1135,1492,0.1388
363,1140,1503,0.1388
364,1141,1505,0.1388
360,1129,1489,0.1388
360,1143,1503,0.1388
359,1135,1494,0.1388
364,1137,1501,0.1388
358,1130,1488,0.1388
359,1137,1496,0.1388
356,1134,1490,0.1388
352,1137,1489,0.1388
354,1155,1509,0.1388
361,1162,1523,0.1388
351,1171,1522,0.1388
347,1165,1512,0.1388
346,1164,1510,0.1388
349,1161,1510,0.1388
341,1163,1504,0.1388
342,1163,1505,0.1388
346,1170,1516,0.1388
348,1173,1521,0.1388
355,1170,1525,0.1388
355,1162,1517,0.1388
359,1175,1534,0.1388
350,1171,1521,0.1388
352,1172,1524,0.1388
352,1161,1513,0.1388
343,1170,1513,0.1388
343,1172,1515,0.1388
341,1156,1497,0.1388
340,1161,1501,0.1388
344,1161,1505,0.1388
335,1157,1492,0.1388
341,1168,1509,0.1388
340,1171,1511,0.1388
345,1176,1521,0.1388
343,1172,1515,0.1388
338,1179,1517,0.1388
338,1180,1518,0.1388
334,1180,1514,0.1388
331,1179,1510,0.1388
325,1181,1506,0.1388
328,1178,1506,0.1388
326,1182,1508,0.1388
332,1188,1520,0.1388
332,1205,1537,0.1388
329,1206,1535,0.1388
325,1199,1524,0.1388
321,1191,1512,0.1388
318,1190,1508,0.1388
322,1189,1511,0.1388
326,1180,1506,0.1388
327,1184,1511,0.1388
327,1179,1506,0.1388
328,1182,1510,0.1388
327,1186,1513,0.1388
328,1185,1513,0.1388
324,1192,1516,0.1388
324,1193,1517,0.1388
323,1195,1518,0.1388
319,1200,1519,0.1388
320,1198,1518,0.1388
323,1188,1511,0.1388
321,1192,1513,0.1388
322,1192,1514,0.1388
317,1196,1513,0.1388
317,1198,1515,0.1388
323,1192,1515,0.1388
315,1199,1514,0.1388
317,1193,1510,0.1388
330,1198,1528,0.1388
332,1192,1524,0.1388
333,1189,1522,0.1388
329,1188,1517,0.1388
328,1194,1522,0.1388
329,1188,1517,0.1388
320,1189,1509,0.1388
314,1199,1513,0.1388
318,1196,1514,0.1388
322,1203,1525,0.1388
330,1200,1530,0.1388
324,1201,1525,0.1388
326,1202,1528,0.1388
325,1194,1519,0.1388
322,1182,1504,0.1388
322,1189,1511,0.1388
319,1192,1511,0.1388
318,1199,1517,0.1388
314,1208,1522,0.1388
321,1195,1516,0.1388
320,1196,1516,0.1388
320,1197,1517,0.1388
320,1204,1524,0.1388
318,1182,1500,0.1388
306,1189,1495,0.1388
312,1186,1498,0.1388
312,1188,1500,0.1388
315,1184,1499,0.1388
317,1195,1512,0.1388
314,1198,1512,0.1388
310,1187,1497,0.1388
310,1188,1498,0.1388
311,1181,1492,0.1388
306,1201,1507,0.1388
311,1213,1524,0.1388
301,1209,1510,0.1388
302,1203,1505,0.1388
303,1209,1512,0.1388
304,1198,1502,0.1388
303,1201,1504,0.1388
300,1216,1516,0.1388
302,1207,1509,0.1388
299,1189,1488,0.1388
306,1194,1500,0.1388
305,1194,1499,0.1388
305,1198,1503,0.1388
311,1193,1504,0.1388
308,1187,1495,0.1388
301,1199,1500,0.1388
302,1204,1506,0.1388
303,1219,1522,0.1388
297,1215,1512,0.1388
295,1217,1512,0.1388
293,1211,1504,0.1388
292,1211,1503,0.1388
285,1218,1503,0.1388
286,1220,1506,0.1388
280,1220,1500,0.1388
287,1219,1506,0.1388
287,1225,1512,0.1388
280,1224,1504,0.1388
280,1225,1505,0.1388
281,1223,1504,0.1388
285,1230,1515,0.1388
289,1233,1522,0.1388
294,1214,1508,0.1388
290,1209,1499,0.1388
291,1206,1497,0.1388
291,1203,1494,0.1388
289,1209,1498,0.1388
294,1211,1505,0.1388
294,1217,1511,0.1388
296,1217,1513,0.1388
293,1223,1516,0.1388
295,1229,1524,0.1388
296,1231,1527,0.1388
293,1229,1522,0.1388
284,1217,1501,0.1388
281,1211,1492,0.1388
282,1227,1509,0.1388
280,1230,1510,0.1388
283,1230,1513,0.1388
283,1230,1513,0.1388
285,1223,1508,0.1388
288,1212,1500,0.1388
289,1229,1518,0.1388
282,1214,1496,0.1388
284,1230,1514,0.1388
283,1226,1509,0.1388
279,1230,1509,0.1388
276,1229,1505,0.1388
277,1224,1501,0.1388
276,1226,1502,0.1388
276,1227,1503,0.1388
282,1230,1512,0.1388
281,1226,1507,0.1388
282,1226,1508,0.1388
284,1226,1510,0.1388
284,1225,1509,0.1388
278,1213,1491,0.1388
275,1232,1507,0.1388
279,1233,1512,0.1388
277,1239,1516,0.1388
276,1243,1519,0.1388
276,1241,1517,0.1388
276,1247,1523,0.1388
269,1243,1512,0.1388
269,1247,1516,0.1388
274,1252,1526,0.1388
280,1243,1523,0.1388
275,1249,1524,0.1388
268,1249,1517,0.1388
267,1243,1510,0.1388
264,1253,1517,0.1388
267,1257,1524,0.1388
262,1251,1513,0.1388
262,1251,1513,0.1388
266,1257,1523,0.1388
264,1240,1504,0.1388
260,1252,1512,0.1388
266,1260,1526,0.1388
266,1253,1519,0.1388
251,1243,1494,0.1388
242,1260,1502,0.1388
242,1256,1498,0.1388
248,1252,1500,0.1388
253,1260,1513,0.1388
255,1260,1515,0.1388
252,1262,1514,0.1388
245,1273,1518,0.1388
250,1271,1521,0.1388
248,1281,1529,0.1388
248,1268,1516,0.1388
250,1265,1515,0.1388
247,1272,1519,0.1388
244,1276,1520,0.1388
247,1280,1527,0.1388
248,1280,1528,0.1388
250,1277,1527,0.1388
245,1273,1518,0.1388
246,1258,1504,0.1388
251,1256,1507,0.1388
252,1271,1523,0.1388
253,1265,1518,0.1388
251,1275,1526,0.1388
252,1277,1529,0.1388
252,1269,1521,0.1388
249,1257,1506,0.1388
245,1269,1514,0.1388
240,1257,1497,0.1388
245,1261,1506,0.1388
248,1269,1517,0.1388
247,1274,1521,0.1388
252,1275,1527,0.1388
254,1264,1518,0.1388
247,1265,1512,0.1388
245,1267,1512,0.1388
246,1270,1516,0.1388
239,1281,1520,0.1388
242,1272,1514,0.1388
245,1262,1507,0.1388
244,1278,1522,0.1388
242,1261,1503,0.1388
243,1257,1500,0.1388
241,1272,1513,0.1388
239,1275,1514,0.1388
238,1274,1512,0.1388
240,1272,1512,0.1388
243,1268,1511,0.1388
241,1275,1516,0.1388
239,1273,1512,0.1388
241,1281,1522,0.1388
240,1274,1514,0.1388
237,1286,1523,0.1388
234,1272,1506,0.1388
232,1283,1515,0.1388
236,1285,1521,0.1388
236,1296,1532,0.1388
230,1295,1525,0.1388
226,1301,1527,0.1388
226,1281,1507,0.1388
224,1284,1508,0.1388
221,1289,1510,0.1388
224,1292,1516,0.1388
223,1300,1523,0.1388
220,1287,1507,0.1388
223,1288,1511,0.1388
224,1288,1512,0.1388
226,1292,1518,0.1388
224,1274,1498,0.1388
222,1282,1504,0.1388
226,1285,1511,0.1388
225,1293,1518,0.1388
228,1289,1517,0.1388
227,1275,1502,0.1388
228,1282,1510,0.1388
226,1272,1498,0.1388
223,1293,1516,0.1388
221,1299,1520,0.1388
224,1296,1520,0.1388
226,1294,1520,0.1388
216,1293,1509,0.1388
216,1287,1503,0.1388
215,1303,1518,0.1388
218,1296,1514,0.1388
225,1298,1523,0.1388
223,1294,1517,0.1388
218,1294,1512,0.1388
220,1308,1528,0.1388
220,1306,1526,0.1388
222,1301,1523,0.1388
217,1296,1513,0.1388
216,1294,1510,0.1388
220,1296,1516,0.1388
217,1297,1514,0.1388
220,1305,1525,0.1388
217,1293,1510,0.1388
216,1287,1503,0.1388
216,1290,1506,0.1388
219,1280,1499,0.1388
223,1279,1502,0.1388
221,1284,1505,0.1388
228,1286,1514,0.1388
231,1295,1526,0.1388
227,1300,1527,0.1388
230,1305,1535,0.1388
235,1292,1527,0.1388
232,1294,1526,0.1388
234,1289,1523,0.1388
236,1279,1515,0.1388
240,1270,1510,0.1388
235,1277,1512,0.1388
233,1273,1506,0.1388
230,1277,1507,0.1388
228,1268,1496,0.1388
230,1273,1503,0.1388
230,1277,1507,0.1388
236,1277,1513,0.1388
237,1281,1518,0.1388
235,1281,1516,0.1388
228,1284,1512,0.1388
233,1281,1514,0.1388
232,1286,1518,0.1388
235,1284,1519,0.1388
234,1278,1512,0.1388
235,1275,1510,0.1388
236,1279,1515,0.1388
233,1280,1513,0.1388
229,1281,1510,0.1388
228,1288,1516,0.1388
230,1304,1534,0.1388
230,1297,1527,0.1388
232,1304,1536,0.1388
235,1294,1529,0.1388
232,1301,1533,0.1388
229,1289,1518,0.1388
226,1294,1520,0.1388
228,1288,1516,0.1388
224,1285,1509,0.1388
226,1284,1510,0.1388
221,1287,1508,0.1388
219,1289,1508,0.1388
218,1292,1510,0.1388
216,1294,1510,0.1388
215,1305,1520,0.1388
213,1294,1507,0.1388
211,1295,1506,0.1388
207,1301,1508,0.1388
206,1308,1514,0.1388
204,1302,1506,0.1388
205,1311,1516,0.1388
210,1306,1516,0.1388
209,1289,1498,0.1388
208,1299,1507,0.1388
212,1311,1523,0.1388
211,1314,1525,0.1388
214,1312,1526,0.1388
214,1309,1523,0.1388
207,1306,1513,0.1388
207,1310,1517,0.1388
205,1314,1519,0.1388
211,1319,1530,0.1388
210,1317,1527,0.1388
212,1310,1522,0.1388
201,1308,1509,0.1388
202,1309,1511,0.1388
205,1298,1503,0.1388
205,1295,1500,0.1388
207,1300,1507,0.1388
208,1309,1517,0.1388
209,1323,1532,0.1388
203,1324,1527,0.1388
204,1319,1523,0.1388
200,1322,1522,0.1388
201,1313,1514,0.1388
203,1314,1517,0.1388
203,1316,1519,0.1388
203,1316,1519,0.1388
201,1326,1527,0.1388
201,1324,1525,0.1388
198,1322,1520,0.1388
197,1323,1520,0.1388
195,1329,1524,0.1388
198,1321,1519,0.1388
198,1311,1509,0.1388
200,1308,1508,0.1388
202,1306,1508,0.1388
202,1306,1508,0.1388
207,1301,1508,0.1388
200,1324,1524,0.1388
195,1325,1520,0.1388
196,1327,1523,0.1388
197,1325,1522,0.1388
192,1326,1518,0.1388
199,1333,1532,0.1388
198,1320,1518,0.1388
201,1308,1509,0.1388
201,1311,1512,0.1388
198,1320,1518,0.1388
202,1301,1503,0.1388
201,1294,1495,0.1388
202,1308,1510,0.1388
200,1318,1518,0.1388
196,1321,1517,0.1388
194,1337,1531,0.1388
192,1339,1531,0.1388
194,1330,1524,0.1388
186,1323,1509,0.1388
191,1326,1517,0.1388
189,1338,1527,0.1388
184,1338,1522,0.1388
187,1343,1530,0.1388
189,1336,1525,0.1388
191,1332,1523,0.1388
184,1323,1507,0.1388
185,1318,1503,0.1388
183,1317,1500,0.1388
185,1316,1501,0.1388
187,1320,1507,0.1388
182,1321,1503,0.1388
180,1328,1508,0.1388
182,1336,1518,0.1388
182,1336,1518,0.1388
183,1336,1519,0.1388
184,1329,1513,0.1388
181,1316,1497,0.1388
179,1316,1495,0.1388
178,1319,1497,0.1388
179,1324,1503,0.1388
179,1339,1518,0.1388
177,1343,1520,0.1388
181,1332,1513,0.1388
184,1326,1510,0.1388
178,1330,1508,0.1388
178,1329,1507,0.1388
178,1325,1503,0.1388
178,1326,1504,0.1388
176,1319,1495,0.1388
176,1335,1511,0.1388
178,1332,1510,0.1388
177,1319,1496,0.1388
175,1336,1511,0.1388
178,1332,1510,0.1388
176,1327,1503,0.1388
174,1346,1520,0.1388
176,1341,1517,0.1388
178,1344,1522,0.1388
180,1350,1530,0.1388
180,1350,1530,0.1388
179,1351,1530,0.1388
181,1352,1533,0.1388
179,1339,1518,0.1388
177,1333,1510,0.1388
175,1344,1519,0.1388
177,1342,1519,0.1388
177,1338,1515,0.1388
175,1327,1502,0.1388
178,1335,1513,0.1388
178,1335,1513,0.1388
177,1330,1507,0.1388
173,1339,1512,0.1388
173,1331,1504,0.1388
171,1337,1508,0.1388
172,1340,1512,0.1388
173,1328,1501,0.1388
179,1334,1513,0.1388
179,1329,1508,0.1388
183,1326,1509,0.1388
182,1331,1513,0.1388
179,1331,1510,0.1388
178,1350,1528,0.1388
172,1345,1517,0.1388
170,1333,1503,0.1388
172,1327,1499,0.1388
172,1323,1495,0.1388
173,1321,1494,0.1388
178,1324,1502,0.1388
177,1327,1504,0.1388
173,1344,1517,0.1388
175,1347,1522,0.1388
176,1328,1504,0.1388
173,1335,1508,0.1388
178,1344,1522,0.1388
177,1353,1530,0.1388
180,1348,1528,0.1388
183,1354,1537,0.1388
182,1344,1526,0.1388
183,1342,1525,0.1388
182,1337,1519,0.1388
181,1339,1520,0.1388
185,1338,1523,0.1388
182,1338,1520,0.1388
186,1343,1529,0.1388
182,1338,1520,0.1388
182,1335,1517,0.1388
183,1343,1526,0.1388
179,1339,1518,0.1388
184,1333,1517,0.1388
187,1332,1519,0.1388
181,1335,1516,0.1388
176,1336,1512,0.1388
180,1334,1514,0.1388
182,1346,1528,0.1388
187,1339,1526,0.1388
184,1346,1530,0.1388
183,1346,1529,0.1388
183,1345,1528,0.1388
179,1347,1526,0.1388
178,1351,1529,0.1388
182,1352,1534,0.1388
184,1351,1535,0.1388
181,1354,1535,0.1388
184,1347,1531,0.1388
181,1363,1544,0.1388
181,1350,1531,0.1388
182,1343,1525,0.1388
183,1332,1515,0.1388
182,1336,1518,0.1388
184,1335,1519,0.1388
186,1338,1524,0.1388
181,1340,1521,0.1388
174,1324,1498,0.1388
176,1329,1505,0.1388
182,1324,1506,0.1388
178,1332,1510,0.1388
181,1340,1521,0.1388
183,1342,1525,0.1388
181,1351,1532,0.1388
174,1337,1511,0.1388
180,1338,1518,0.1388
178,1340,1518,0.1388
187,1333,1520,0.1388
187,1330,1517,0.1388
185,1331,1516,0.1388
179,1332,1511,0.1388
175,1337,1512,0.1388
180,1337,1517,0.1388
176,1343,1519,0.1388
176,1337,1513,0.1388
173,1339,1512,0.1388
177,1331,1508,0.1388
177,1320,1497,0.1388
174,1327,1501,0.1388
177,1338,1515,0.1388
178,1340,1518,0.1388
180,1344,1524,0.1388
179,1335,1514,0.1388
180,1332,1512,0.1388
179,1340,1519,0.1388
179,1337,1516,0.1388
176,1334,1510,0.1388
180,1338,1518,0.1388
179,1340,1519,0.1388
180,1347,1527,0.1388
184,1350,1534,0.1388
180,1335,1515,0.1388
179,1342,1521,0.1388
175,1355,1530,0.1388
173,1353,1526,0.1388
176,1340,1516,0.1388
176,1333,1509,0.1388
175,1343,1518,0.1388
175,1348,1523,0.1388
178,1335,1513,0.1388
175,1335,1510,0.1388
173,1349,1522,0.1388
168,1341,1509,0.1388
167,1339,1506,0.1388
166,1342,1508,0.1388
170,1353,1523,0.1388
164,1345,1509,0.1388
164,1352,1516,0.1388
170,1341,1511,0.1388
167,1328,1495,0.1388
168,1336,1504,0.1388
168,1345,1513,0.1388
168,1336,1504,0.1388
164,1337,1501,0.1388
165,1335,1500,0.1388
168,1352,1520,0.1388
168,1345,1513,0.1388
169,1349,1518,0.1388
167,1346,1513,0.1388
167,1338,1505,0.1388
164,1350,1514,0.1388
167,1360,1527,0.1388
164,1368,1532,0.1388
163,1342,1505,0.1388
170,1351,1521,0.1388
168,1348,1516,0.1388
167,1348,1515,0.1388
166,1351,1517,0.1388
162,1350,1512,0.1388
161,1346,1507,0.1388
161,1343,1504,0.1388
161,1348,1509,0.1388
164,1346,1510,0.1388
161,1358,1519,0.1388
160,1346,1506,0.1388
154,1339,1493,0.1388
157,1345,1502,0.1388
159,1345,1504,0.1388
160,1351,1511,0.1388
158,1346,1504,0.1388
153,1353,1506,0.1388
160,1351,1511,0.1388
155,1357,1512,0.1388
154,1354,1508,0.1388
159,1357,1516,0.1388
158,1347,1505,0.1388
159,1346,1505,0.1388
154,1346,1500,0.1388
156,1338,1494,0.1388
159,1347,1506,0.1388
159,1334,1493,0.1388
164,1352,1516,0.1388
165,1361,1526,0.1388
163,1344,1507,0.1388
160,1344,1504,0.1388
161,1352,1513,0.1388
157,1356,1513,0.1388
158,1350,1508,0.1388
158,1335,1493,0.1388
154,1345,1499,0.1388
154,1347,1501,0.1388
157,1352,1509,0.1388
154,1358,1512,0.1388
156,1363,1519,0.1388
155,1362,1517,0.1388
154,1371,1525,0.1388
154,1377,1531,0.1388
155,1365,1520,0.1388
156,1357,1513,0.1388
151,1355,1506,0.1388
148,1362,1510,0.1388
150,1361,1511,0.1388
151,1353,1504,0.1388
150,1363,1513,0.1388
148,1354,1502,0.1388
146,1362,1508,0.1388
147,1361,1508,0.1388
143,1366,1509,0.1388
143,1365,1508,0.1388
143,1365,1508,0.1388
142,1367,1509,0.1388
138,1358,1496,0.1388
139,1363,1502,0.1388
138,1366,1504,0.1388
139,1367,1506,0.1388
141,1363,1504,0.1388
139,1370,1509,0.1388
142,1353,1495,0.1388
141,1358,1499,0.1388
145,1370,1515,0.1388
142,1366,1508,0.1388
145,1366,1511,0.1388
144,1367,1511,0.1388
144,1362,1506,0.1388
141,1354,1495,0.1388
143,1361,1504,0.1388
144,1362,1506,0.1388
145,1347,1492,0.1388
145,1356,1501,0.1388
145,1363,1508,0.1388
144,1356,1500,0.1388
145,1363,1508,0.1388
143,1368,1511,0.1388
139,1371,1510,0.1388
136,1363,1499,0.1388
135,1368,1503,0.1388
139,1370,1509,0.1388
136,1366,1502,0.1388
138,1363,1501,0.1388
139,1364,1503,0.1388
139,1353,1492,0.1388
139,1356,1495,0.1388
139,1363,1502,0.1388
142,1372,1514,0.1388
139,1387,1526,0.1388
140,1379,1519,0.1388
141,1377,1518,0.1388
139,1359,1498,0.1388
136,1362,1498,0.1388
135,1379,1514,0.1388
131,1377,1508,0.1388
133,1375,1508,0.1388
133,1366,1499,0.1388
136,1370,1506,0.1388
135,1381,1516,0.1388
138,1371,1509,0.1388
139,1376,1515,0.1388
138,1366,1504,0.1388
137,1367,1504,0.1388
137,1375,1512,0.1388
134,1387,1521,0.1388
136,1381,1517,0.1388
137,1384,1521,0.1388
140,1375,1515,0.1388
139,1365,1504,0.1388
136,1382,1518,0.1388
138,1377,1515,0.1388
141,1381,1522,0.1388
144,1366,1510,0.1388
148,1381,1529,0.1388
147,1381,1528,0.1388
144,1362,1506,0.1388
146,1369,1515,0.1388
147,1369,1516,0.1388
146,1378,1524,0.1388
142,1363,1505,0.1388
141,1361,1502,0.1388
140,1369,1509,0.1388
148,1365,1513,0.1388
143,1374,1517,0.1388
144,1381,1525,0.1388
141,1387,1528,0.1388
139,1392,1531,0.1388
137,1390,1527,0.1388
137,1390,1527,0.1388
139,1379,1518,0.1388
141,1379,1520,0.1388
137,1368,1505,0.1388
134,1374,1508,0.1388
133,1374,1507,0.1388
129,1374,1503,0.1388
127,1390,1517,0.1388
128,1397,1525,0.1388
125,1401,1526,0.1388
125,1375,1500,0.1388
126,1377,1503,0.1388
124,1382,1506,0.1388
124,1383,1507,0.1388
119,1388,1507,0.1388
116,1397,1513,0.1388
116,1407,1523,0.1388
118,1409,1527,0.1388
118,1404,1522,0.1388
122,1392,1514,0.1388
120,1399,1519,0.1388
121,1407,1528,0.1388
120,1391,1511,0.1388
121,1393,1514,0.1388
119,1391,1510,0.1388
115,1392,1507,0.1388
113,1386,1499,0.1388
115,1394,1509,0.1388
114,1401,1515,0.1388
110,1408,1518,0.1388
110,1407,1517,0.1388
109,1414,1523,0.1388
111,1426,1537,0.1388
113,1409,1522,0.1388
113,1392,1505,0.1388
109,1397,1506,0.1388
107,1396,1503,0.1388
111,1380,1491,0.1388
109,1394,1503,0.1388
109,1393,1502,0.1388
107,1389,1496,0.1388
105,1395,1500,0.1388
102,1410,1512,0.1388
102,1407,1509,0.1388
103,1416,1519,0.1388
101,1402,1503,0.1388
100,1409,1509,0.1388
101,1407,1508,0.1388
105,1410,1515,0.1388
105,1408,1513,0.1388
107,1399,1506,0.1388
110,1401,1511,0.1388
105,1409,1514,0.1388
105,1420,1525,0.1388
104,1414,1518,0.1388
103,1409,1512,0.1388
99,1407,1506,0.1388
101,1413,1514,0.1388
101,1422,1523,0.1388
102,1416,1518,0.1388
103,1418,1521,0.1388
103,1441,1544,0.1388
102,1431,1533,0.1388
100,1429,1529,0.1388
100,1426,1526,0.1388
100,1428,1528,0.1388
101,1434,1535,0.1388
100,1420,1520,0.1388
100,1409,1509,0.1388
100,1411,1511,0.1388
99,1407,1506,0.1388
97,1397,1494,0.1388
100,1414,1514,0.1388
103,1405,1508,0.1388
102,1410,1512,0.1388
99,1419,1518,0.1388
97,1420,1517,0.1388
94,1420,1514,0.1388
92,1433,1525,0.1388
92,1433,1525,0.1388
92,1419,1511,0.1388
92,1415,1507,0.1388
94,1422,1516,0.1388
94,1431,1525,0.1388
95,1415,1510,0.1388
94,1410,1504,0.1388
96,1411,1507,0.1388
95,1412,1507,0.1388
95,1413,1508,0.1388
95,1419,1514,0.1388
96,1419,1515,0.1388
95,1425,1520,0.1388
95,1421,1516,0.1388
95,1420,1515,0.1388
93,1416,1509,0.1388
93,1408,1501,0.1388
92,1416,1508,0.1388
88,1424,1512,0.1388
88,1431,1519,0.1388
93,1423,1516,0.1388
92,1425,1517,0.1388
93,1423,1516,0.1388
93,1416,1509,0.1388
91,1420,1511,0.1388
92,1410,1502,0.1388
88,1412,1500,0.1388
89,1412,1501,0.1388
88,1408,1496,0.1388
89,1413,1502,0.1388
92,1413,1505,0.1388
88,1416,1504,0.1388
89,1409,1498,0.1388
89,1407,1496,0.1388
87,1406,1493,0.1388
87,1414,1501,0.1388
86,1411,1497,0.1388
86,1416,1502,0.1388
86,1432,1518,0.1388
86,1436,1522,0.1388
90,1430,1520,0.1388
89,1416,1505,0.1388
89,1413,1502,0.1388
88,1422,1510,0.1388
86,1436,1522,0.1388
84,1436,1520,0.1388
83,1427,1510,0.1388
88,1420,1508,0.1388
86,1420,1506,0.1388
84,1433,1517,0.1388
84,1427,1511,0.1388
85,1429,1514,0.1388
84,1428,1512,0.1388
83,1437,1520,0.1388
84,1433,1517,0.1388
83,1437,1520,0.1388
82,1448,1530,0.1388
82,1432,1514,0.1388
81,1434,1515,0.1388
82,1456,1538,0.1388
82,1448,1530,0.1388
78,1431,1509,0.1388
81,1425,1506,0.1388
83,1417,1500,0.1388
81,1429,1510,0.1388
80,1438,1518,0.1388
81,1434,1515,0.1388
79,1438,1517,0.1388
79,1432,1511,0.1388
78,1425,1503,0.1388
81,1428,1509,0.1388
80,1426,1506,0.1388
77,1428,1505,0.1388
76,1428,1504,0.1388
76,1433,1509,0.1388
77,1435,1512,0.1388
77,1430,1507,0.1388
75,1433,1508,0.1388
75,1440,1515,0.1388
75,1443,1518,0.1388
75,1424,1499,0.1388
75,1416,1491,0.1388
79,1433,1512,0.1388
77,1436,1513,0.1388
76,1429,1505,0.1388
73,1437,1510,0.1388
74,1424,1498,0.1388
74,1427,1501,0.1388
72,1433,1505,0.1388
73,1451,1524,0.1388
75,1447,1522,0.1388
76,1440,1516,0.1388
75,1427,1502,0.1388
78,1441,1519,0.1388
79,1449,1528,0.1388
79,1451,1530,0.1388
80,1440,1520,0.1388
82,1441,1523,0.1388
78,1438,1516,0.1388
80,1442,1522,0.1388
78,1440,1518,0.1388
77,1437,1514,0.1388
73,1439,1512,0.1388
76,1443,1519,0.1388
74,1436,1510,0.1388
71,1442,1513,0.1388
72,1444,1516,0.1388
75,1444,1519,0.1388
74,1456,1530,0.1388
73,1446,1519,0.1388
72,1439,1511,0.1388
74,1447,1521,0.1388
73,1451,1524,0.1388
70,1449,1519,0.1388
72,1439,1511,0.1388
71,1448,1519,0.1388
72,1456,1528,0.1388
74,1461,1535,0.1388
73,1463,1536,0.1388
74,1455,1529,0.1388
72,1449,1521,0.1388
68,1460,1528,0.1388
68,1459,1527,0.1388
68,1462,1530,0.1388
68,1459,1527,0.1388
68,1438,1506,0.1388
67,1435,1502,0.1388
68,1446,1514,0.1388
68,1449,1517,0.1388
66,1451,1517,0.1388
68,1439,1507,0.1388
66,1445,1511,0.1388
66,1453,1519,0.1388
67,1446,1513,0.1388
70,1450,1520,0.1388
69,1445,1514,0.1388
69,1446,1515,0.1388
69,1452,1521,0.1388
66,1458,1524,0.1388
67,1452,1519,0.1388
65,1441,1506,0.1388
64,1445,1509,0.1388
65,1442,1507,0.1388
66,1443,1509,0.1388
65,1457,1522,0.1388
65,1462,1527,0.1388
62,1452,1514,0.1388
63,1451,1514,0.1388
64,1456,1520,0.1388
63,1452,1515,0.1388
66,1442,1508,0.1388
65,1444,1509,0.1388
63,1451,1514,0.1388
64,1450,1514,0.1388
63,1456,1519,0.1388
65,1444,1509,0.1388
66,1441,1507,0.1388
63,1450,1513,0.1388
64,1458,1522,0.1388
63,1461,1524,0.1388
58,1442,1500,0.1388
60,1448,1508,0.1388
59,1433,1492,0.1388
60,1438,1498,0.1388
60,1436,1496,0.1388
60,1444,1504,0.1388
61,1444,1505,0.1388
59,1451,1510,0.1388
59,1462,1521,0.1388
56,1453,1509,0.1388
54,1451,1505,0.1388
55,1457,1512,0.1388
56,1459,1515,0.1388
52,1474,1526,0.1388
54,1465,1519,0.1388
58,1465,1523,0.1388
57,1464,1521,0.1388
55,1455,1510,0.1388
54,1465,1519,0.1388
54,1471,1525,0.1388
54,1459,1513,0.1388
52,1449,1501,0.1388
52,1450,1502,0.1388
53,1463,1516,0.1388
53,1477,1530,0.1388
53,1475,1528,0.1388
52,1473,1525,0.1388
51,1468,1519,0.1388
53,1469,1522,0.1388
51,1454,1505,0.1388
50,1448,1498,0.1388
50,1445,1495,0.1388
48,1454,1502,0.1388
48,1458,1506,0.1388
48,1465,1513,0.1388
47,1460,1507,0.1388
45,1463,1508,0.1388
45,1463,1508,0.1388
43,1471,1514,0.1388
48,1467,1515,0.1388
48,1474,1522,0.1388
50,1465,1515,0.1388
48,1474,1522,0.1388
46,1471,1517,0.1388
48,1464,1512,0.1388
47,1470,1517,0.1388
47,1462,1509,0.1388
47,1462,1509,0.1388
48,1473,1521,0.1388
49,1474,1523,0.1388
48,1456,1504,0.1388
48,1451,1499,0.1388
45,1453,1498,0.1388
45,1463,1508,0.1388
45,1453,1498,0.1388
45,1452,1497,0.1388
46,1460,1506,0.1388
47,1451,1498,0.1388
49,1467,1516,0.1388
48,1459,1507,0.1388
47,1453,1500,0.1388
47,1470,1517,0.1388
48,1454,1502,0.1388
47,1462,1509,0.1388
47,1470,1517,0.1388
47,1463,1510,0.1388
48,1472,1520,0.1388
47,1473,1520,0.1388
47,1476,1523,0.1388
44,1472,1516,0.1388
41,1478,1519,0.1388
44,1484,1528,0.1388
43,1498,1541,0.1388
40,1492,1532,0.1388
40,1469,1509,0.1388
42,1471,1513,0.1388
42,1471,1513,0.1388
43,1468,1511,0.1388
42,1479,1521,0.1388
41,1468,1509,0.1388
41,1459,1500,0.1388
43,1459,1502,0.1388
42,1476,1518,0.1388
43,1469,1512,0.1388
42,1468,1510,0.1388
42,1474,1516,0.1388
42,1478,1520,0.1388
42,1468,1510,0.1388
44,1468,1512,0.1388
43,1461,1504,0.1388
43,1457,1500,0.1388
42,1467,1509,0.1388
41,1479,1520,0.1388
42,1480,1522,0.1388
40,1476,1516,0.1388
41,1466,1507,0.1388
41,1471,1512,0.1388
42,1477,1519,0.1388
43,1481,1524,0.1388
43,1481,1524,0.1388
43,1479,1522,0.1388
42,1473,1515,0.1388
40,1469,1509,0.1388
40,1476,1516,0.1388
40,1465,1505,0.1388
42,1474,1516,0.1388
42,1485,1527,0.1388
44,1479,1523,0.1388
45,1485,1530,0.1388
44,1481,1525,0.1388
44,1458,1502,0.1388
45,1465,1510,0.1388
45,1462,1507,0.1388
45,1473,1518,0.1388
44,1465,1509,0.1388
45,1473,1518,0.1388
43,1468,1511,0.1388
42,1472,1514,0.1388
41,1454,1495,0.1388
42,1452,1494,0.1388
42,1463,1505,0.1388
41,1478,1519,0.1388
41,1477,1518,0.1388
39,1490,1529,0.1388
41,1479,1520,0.1388
42,1476,1518,0.1388
42,1476,1518,0.1388
42,1478,1520,0.1388
41,1485,1526,0.1388
41,1482,1523,0.1388
39,1488,1527,0.1388
38,1488,1526,0.1388
39,1478,1517,0.1388
38,1478,1516,0.1388
37,1484,1521,0.1388
37,1485,1522,0.1388
40,1471,1511,0.1388
38,1477,1515,0.1388
37,1475,1512,0.1388
36,1485,1521,0.1388
34,1488,1522,0.1388
32,1479,1511,0.1388
33,1481,1514,0.1388
31,1485,1516,0.1388
31,1491,1522,0.1388
29,1482,1511,0.1388
29,1488,1517,0.1388
31,1475,1506,0.1388
31,1471,1502,0.1388
30,1479,1509,0.1388
30,1468,1498,0.1388
30,1456,1486,0.1388
28,1470,1498,0.1388
26,1476,1502,0.1388
26,1477,1503,0.1388
26,1470,1496,0.1388
25,1481,1506,0.1388
26,1489,1515,0.1388
28,1474,1502,0.1388
30,1478,1508,0.1388
30,1469,1499,0.1388
30,1488,1518,0.1388
30,1476,1506,0.1388
29,1474,1503,0.1388
30,1469,1499,0.1388
32,1463,1495,0.1388
35,1486,1521,0.1388
35,1486,1521,0.1388
34,1473,1507,0.1388
33,1478,1511,0.1388
34,1495,1529,0.1388
34,1489,1523,0.1388
33,1486,1519,0.1388
32,1489,1521,0.1388
30,1461,1491,0.1388
31,1464,1495,0.1388
30,1468,1498,0.1388
30,1466,1496,0.1388
30,1477,1507,0.1388
31,1492,1523,0.1388
31,1496,1527,0.1388
32,1488,1520,0.1388
32,1495,1527,0.1388
31,1475,1506,0.1388
30,1485,1515,0.1388
29,1488,1517,0.1388
27,1482,1509,0.1388
31,1493,1524,0.1388
32,1507,1539,0.1388
31,1503,1534,0.1388
29,1498,1527,0.1388
29,1496,1525,0.1388
30,1479,1509,0.1388
31,1482,1513,0.1388
31,1481,1512,0.1388
30,1485,1515,0.1388
32,1482,1514,0.1388
33,1485,1518,0.1388
33,1467,1500,0.1388
33,1474,1507,0.1388
34,1489,1523,0.1388
35,1480,1515,0.1388
36,1480,1516,0.1388
34,1489,1523,0.1388
32,1492,1524,0.1388
32,1492,1524,0.1388
28,1493,1521,0.1388
29,1498,1527,0.1388
29,1495,1524,0.1388
27,1500,1527,0.1388
27,1500,1527,0.1388
28,1500,1528,0.1388
27,1484,1511,0.1388
27,1490,1517,0.1388
28,1480,1508,0.1388
28,1477,1505,0.1388
28,1481,1509,0.1388
26,1489,1515,0.1388
27,1496,1523,0.1388
27,1491,1518,0.1388
26,1475,1501,0.1388
26,1483,1509,0.1388
28,1485,1513,0.1388
28,1490,1518,0.1388
29,1497,1526,0.1388
30,1485,1515,0.1388
29,1485,1514,0.1388
29,1492,1521,0.1388
28,1491,1519,0.1388
29,1497,1526,0.1388
29,1488,1517,0.1388
30,1492,1522,0.1388
29,1499,1528,0.1388
30,1493,1523,0.1388
29,1489,1518,0.1388
31,1482,1513,0.1388
30,1477,1507,0.1388
28,1472,1500,0.1388
27,1475,1502,0.1388
30,1472,1502,0.1388
30,1467,1497,0.1388
30,1472,1502,0.1388
30,1475,1505,0.1388
29,1481,1510,0.1388
29,1486,1515,0.1388
31,1495,1526,0.1388
31,1490,1521,0.1388
29,1485,1514,0.1388
28,1494,1522,0.1388
27,1497,1524,0.1388
27,1493,1520,0.1388
26,1484,1510,0.1388
27,1489,1516,0.1388
25,1491,1516,0.1388
25,1499,1524,0.1388
25,1489,1514,0.1388
25,1483,1508,0.1388
24,1474,1498,0.1388
25,1482,1507,0.1388
25,1494,1519,0.1388
24,1500,1524,0.1388
24,1498,1522,0.1388
24,1486,1510,0.1388
24,1499,1523,0.1388
24,1499,1523,0.1388
24,1505,1529,0.1388
23,1500,1523,0.1388
24,1498,1522,0.1388
24,1503,1527,0.1388
23,1501,1524,0.1388
23,1497,1520,0.1388
21,1504,1525,0.1388
20,1498,1518,0.1388
20,1498,1518,0.1388
19,1502,1521,0.1388
20,1498,1518,0.1388
20,1504,1524,0.1388
21,1499,1520,0.1388
23,1493,1516,0.1388
22,1493,1515,0.1388
22,1480,1502,0.1388
22,1481,1503,0.1388
21,1476,1497,0.1388
22,1468,1490,0.1388
22,1481,1503,0.1388
23,1480,1503,0.1388
23,1477,1500,0.1388
23,1478,1501,0.1388
23,1488,1511,0.1388
23,1476,1499,0.1388
23,1488,1511,0.1388
22,1495,1517,0.1388
21,1492,1513,0.1388
21,1490,1511,0.1388
21,1496,1517,0.1388
19,1496,1515,0.1388
20,1510,1530,0.1388
18,1502,1520,0.1388
17,1502,1519,0.1388
17,1520,1537,0.1388
17,1514,1531,0.1388
17,1512,1529,0.1388
17,1489,1506,0.1388
16,1489,1505,0.1388
15,1498,1513,0.1388
13,1504,1517,0.1388
11,1508,1519,0.1388
11,1499,1510,0.1388
12,1493,1505,0.1388
11,1495,1506,0.1388
11,1495,1506,0.1388
11,1503,1514,0.1388
11,1499,1510,0.1388
11,1515,1526,0.1388
11,1509,1520,0.1388
12,1503,1515,0.1388
12,1512,1524,0.1388
13,1518,1531,0.1388
13,1510,1523,0.1388
13,1504,1517,0.1388
13,1506,1519,0.1388
13,1488,1501,0.1388
13,1496,1509,0.1388
13,1510,1523,0.1388
14,1511,1525,0.1388
14,1501,1515,0.1388
14,1509,1523,0.1388
14,1490,1504,0.1388
15,1495,1510,0.1388
14,1495,1509,0.1388
13,1504,1517,0.1388
14,1509,1523,0.1388
14,1498,1512,0.1388
15,1507,1522,0.1388
12,1496,1508,0.1388
13,1503,1516,0.1388
14,1509,1523,0.1388
15,1494,1509,0.1388
15,1504,1519,0.1388
14,1494,1508,0.1388
13,1518,1531,0.1388
14,1507,1521,0.1388
12,1504,1516,0.1388
12,1493,1505,0.1388
12,1488,1500,0.1388
12,1487,1499,0.1388
12,1503,1515,0.1388
12,1494,1506,0.1388
13,1491,1504,0.1388
13,1496,1509,0.1388
13,1506,1519,0.1388
13,1493,1506,0.1388
13,1472,1485,0.1388
12,1490,1502,0.1388
13,1496,1509,0.1388
13,1503,1516,0.1388
12,1507,1519,0.1388
11,1507,1518,0.1388
12,1509,1521,0.1388
12,1515,1527,0.1388
13,1494,1507,0.1388
13,1501,1514,0.1388
11,1497,1508,0.1388
11,1498,1509,0.1388
13,1479,1492,0.1388
13,1482,1495,0.1388
12,1487,1499,0.1388
12,1485,1497,0.1388
12,1491,1503,0.1388
12,1513,1525,0.1388
12,1510,1522,0.1388
12,1505,1517,0.1388
12,1508,1520,0.1388
11,1503,1514,0.1388
11,1505,1516,0.1388
11,1518,1529,0.1388
11,1509,1520,0.1388
13,1501,1514,0.1388
13,1505,1518,0.1388
13,1503,1516,0.1388
13,1499,1512,0.1388
12,1510,1522,0.1388
12,1509,1521,0.1388
11,1504,1515,0.1388
10,1509,1519,0.1388
10,1504,1514,0.1388
10,1498,1508,0.1388
10,1507,1517,0.1388
9,1512,1521,0.1388
10,1505,1515,0.1388
10,1483,1493,0.1388
10,1498,1508,0.1388
10,1504,1514,0.1388
10,1496,1506,0.1388
10,1512,1522,0.1388
10,1505,1515,0.1388
10,1507,1517,0.1388
10,1503,1513,0.1388
12,1511,1523,0.1388
11,1517,1528,0.1388
12,1519,1531,0.1388
11,1512,1523,0.1388
11,1511,1522,0.1388
12,1510,1522,0.1388
12,1509,1521,0.1388
11,1503,1514,0.1388
12,1497,1509,0.1388
11,1484,1495,0.1388
9,1500,1509,0.1388
8,1492,1500,0.1388
8,1505,1513,0.1388
9,1498,1507,0.1388
10,1495,1505,0.1388
10,1504,1514,0.1388
11,1502,1513,0.1388
11,1496,1507,0.1388
11,1505,1516,0.1388
12,1503,1515,0.1388
11,1511,1522,0.1388
11,1501,1512,0.1388
11,1498,1509,0.1388
11,1500,1511,0.1388
10,1510,1520,0.1388
11,1504,1515,0.1388
11,1504,1515,0.1388
12,1511,1523,0.1388
12,1505,1517,0.1388
12,1514,1526,0.1388
11,1508,1519,0.1388
11,1497,1508,0.1388
11,1489,1500,0.1388
11,1486,1497,0.1388
11,1493,1504,0.1388
11,1496,1507,0.1388
11,1485,1496,0.1388
10,1495,1505,0.1388
10,1493,1503,0.1388
10,1504,1514,0.1388
9,1508,1517,0.1388
9,1503,1512,0.1388
8,1503,1511,0.1388
7,1498,1505,0.1388
7,1505,1512,0.1388
9,1495,1504,0.1388
8,1495,1503,0.1388
6,1507,1513,0.1388
6,1504,1510,0.1388
7,1511,1518,0.1388
6,1525,1531,0.1388
5,1517,1522,0.1388
5,1517,1522,0.1388
5,1505,1510,0.1388
5,1515,1520,0.1388
5,1512,1517,0.1388
6,1505,1511,0.1388
6,1498,1504,0.1388
6,1501,1507,0.1388
6,1507,1513,0.1388
6,1513,1519,0.1388
5,1510,1515,0.1388
5,1514,1519,0.1388
7,1505,1512,0.1388
6,1501,1507,0.1388
6,1523,1529,0.1388
7,1519,1526,0.1388
7,1518,1525,0.1388
6,1506,1512,0.1388
6,1503,1509,0.1388
6,1514,1520,0.1388
6,1514,1520,0.1388
6,1524,1530,0.1388
6,1513,1519,0.1388
6,1515,1521,0.1388
6,1524,1530,0.1388
6,1521,1527,0.1388
6,1523,1529,0.1388
6,1519,1525,0.1388
2,1525,1527,0.1388
1,1530,1531,0.1388
1,1521,1522,0.1388
1,1513,1514,0.1388
1,1502,1503,0.1388
1,1497,1498,0.1388
1,1517,1518,0.1388
1,1524,1525,0.1388
1,1520,1521,0.1388
1,1509,1510,0.1388
1,1518,1519,0.1388
1,1518,1519,0.1388
1,1517,1518,0.1388
1,1508,1509,0.1388
1,1505,1506,0.1388
1,1497,1498,0.1388
1,1501,1502,0.1388
1,1513,1514,0.1388
1,1521,1522,0.1388
1,1515,1516,0.1388
1,1522,1523,0.1388
1,1529,1530,0.1388
1,1530,1531,0.1388
1,1510,1511,0.1388
1,1505,1506,0.1388
1,1502,1503,0.1388
1,1526,1527,0.1388
1,1532,1533,0.1388
1,1543,1544,0.1388
1,1525,1526,0.1388
1,1542,1543,0.1388
1,1527,1528,0.1388
1,1510,1511,0.1388
1,1508,1509,0.1388
1,1515,1516,0.1388
1,1511,1512,0.1388
1,1500,1501,0.1388
1,1503,1504,0.1388
1,1502,1503,0.1388
1,1499,1500,0.1388
1,1513,1514,0.1388
1,1515,1516,0.1388
1,1520,1521,0.1388
1,1515,1516,0.1388
0,1519,1519,0.1388
