1366,30,1396,0.1388
1395,32,1427,0.1388
1421,34,1455,0.1388
1430,34,1464,0.1388
1433,37,1470,0.1388
1435,37,1472,0.1388
1447,38,1485,0.1388
1448,36,1484,0.1388
1441,38,1479,0.1388
1451,41,1492,0.1388
1440,43,1483,0.1388
1434,44,1478,0.1388
1428,46,1474,0.1388
1425,47,1472,0.1388
1431,47,1478,0.1388
1435,55,1490,0.1388
1445,55,1500,0.1388
1439,56,1495,0.1388
1445,54,1499,0.1388
1455,55,1510,0.1388
1454,56,1510,0.1388
1439,55,1494,0.1388
1452,57,1509,0.1388
1437,56,1493,0.1388
1419,58,1477,0.1388
1425,60,1485,0.1388
1411,62,1473,0.1388
1418,61,1479,0.1388
1434,59,1493,0.1388
1437,60,1497,0.1388
1441,63,1504,0.1388
1449,62,1511,0.1388
1445,62,1507,0.1388
1446,64,1510,0.1388
1442,67,1509,0.1388
1424,69,1493,0.1388
1428,74,1502,0.1388
1412,73,1485,0.1388
1415,70,1485,0.1388
1417,70,1487,0.1388
1426,70,1496,0.1388
1428,71,1499,0.1388
1419,73,1492,0.1388
1415,73,1488,0.1388
1410,75,1485,0.1388
1399,77,1476,0.1388
1391,76,1467,0.1388
1409,77,1486,0.1388
1418,78,1496,0.1388
1414,78,1492,0.1388
1407,77,1484,0.1388
1419,78,1497,0.1388
1418,77,1495,0.1388
1416,75,1491,0.1388
1424,75,1499,0.1388
1428,75,1503,0.1388
1432,75,1507,0.1388
1428,77,1505,0.1388
1427,75,1502,0.1388
1423,75,1498,0.1388
1424,74,1498,0.1388
1410,76,1486,0.1388
1412,76,1488,0.1388
1429,70,1499,0.1388
1432,71,1503,0.1388
1437,73,1510,0.1388
1421,75,1496,0.1388
1424,71,1495,0.1388
1416,70,1486,0.1388
1417,73,1490,0.1388
1424,68,1492,0.1388
1422,69,1491,0.1388
1419,66,1485,0.1388
1432,68,1500,0.1388
1423,68,1491,0.1388
1418,68,1486,0.1388
1428,66,1494,0.1388
1424,68,1492,0.1388
1415,68,1483,0.1388
1416,68,1484,0.1388
1425,70,1495,0.1388
1432,72,1504,0.1388
1427,70,1497,0.1388
1421,67,1488,0.1388
1434,67,1501,0.1388
1428,67,1495,0.1388
1427,67,1494,0.1388
1427,66,1493,0.1388
1424,69,1493,0.1388
1417,68,1485,0.1388
1424,65,1489,0.1388
1416,66,1482,0.1388
1415,66,1481,0.1388
1425,68,1493,0.1388
1425,69,1494,0.1388
1432,71,1503,0.1388
1429,72,1501,0.1388
1423,65,1488,0.1388
1430,67,1497,0.1388
1438,66,1504,0.1388
1430,65,1495,0.1388
1422,66,1488,0.1388
1420,67,1487,0.1388
1424,65,1489,0.1388
1445,66,1511,0.1388
1448,66,1514,0.1388
1438,66,1504,0.1388
1430,66,1496,0.1388
1426,69,1495,0.1388
1421,68,1489,0.1388
1416,70,1486,0.1388
1416,69,1485,0.1388
1410,68,1478,0.1388
1419,68,1487,0.1388
1424,68,1492,0.1388
1426,68,1494,0.1388
1417,68,1485,0.1388
1418,69,1487,0.1388
1422,68,1490,0.1388
1402,69,1471,0.1388
1416,71,1487,0.1388
1420,69,1489,0.1388
1421,66,1487,0.1388
1428,68,1496,0.1388
1423,67,1490,0.1388
1425,67,1492,0.1388
1418,68,1486,0.1388
1421,73,1494,0.1388
1427,72,1499,0.1388
1420,72,1492,0.1388
1422,72,1494,0.1388
1425,71,1496,0.1388
1411,75,1486,0.1388
1414,75,1489,0.1388
1418,72,1490,0.1388
1421,73,1494,0.1388
1404,77,1481,0.1388
1402,76,1478,0.1388
1406,75,1481,0.1388
1407,73,1480,0.1388
1415,72,1487,0.1388
1424,73,1497,0.1388
1439,74,1513,0.1388
1424,76,1500,0.1388
1416,76,1492,0.1388
1425,77,1502,0.1388
1417,77,1494,0.1388
1433,77,1510,0.1388
1422,75,1497,0.1388
1431,74,1505,0.1388
1425,78,1503,0.1388
1434,80,1514,0.1388
1428,78,1506,0.1388
1430,79,1509,0.1388
1417,79,1496,0.1388
1405,79,1484,0.1388
1413,79,1492,0.1388
1405,80,1485,0.1388
1398,79,1477,0.1388
1393,81,1474,0.1388
1409,84,1493,0.1388
1405,82,1487,0.1388
1400,81,1481,0.1388
1400,84,1484,0.1388
1405,85,1490,0.1388
1395,87,1482,0.1388
1417,89,1506,0.1388
1417,91,1508,0.1388
1422,91,1513,0.1388
1413,93,1506,0.1388
1407,97,1504,0.1388
1394,96,1490,0.1388
1391,97,1488,0.1388
1391,93,1484,0.1388
1392,94,1486,0.1388
1413,96,1509,0.1388
1406,93,1499,0.1388
1406,94,1500,0.1388
1395,94,1489,0.1388
1391,96,1487,0.1388
1391,95,1486,0.1388
1385,97,1482,0.1388
1393,97,1490,0.1388
1405,101,1506,0.1388
1392,99,1491,0.1388
1389,100,1489,0.1388
1389,101,1490,0.1388
1389,104,1493,0.1388
1383,103,1486,0.1388
1386,103,1489,0.1388
1390,103,1493,0.1388
1404,104,1508,0.1388
1395,106,1501,0.1388
1392,108,1500,0.1388
1398,110,1508,0.1388
1384,111,1495,0.1388
1387,111,1498,0.1388
1376,112,1488,0.1388
1384,111,1495,0.1388
1380,108,1488,0.1388
1376,104,1480,0.1388
1375,117,1492,0.1388
1388,120,1508,0.1388
1390,119,1509,0.1388
1392,119,1511,0.1388
1388,117,1505,0.1388
1390,115,1505,0.1388
1394,116,1510,0.1388
1380,116,1496,0.1388
1363,115,1478,0.1388
1374,115,1489,0.1388
1369,115,1484,0.1388
1375,119,1494,0.1388
1380,119,1499,0.1388
1372,119,1491,0.1388
1377,117,1494,0.1388
1374,121,1495,0.1388
1369,123,1492,0.1388
1358,125,1483,0.1388
1359,124,1483,0.1388
1369,125,1494,0.1388
1375,126,1501,0.1388
1367,126,1493,0.1388
1374,129,1503,0.1388
1368,127,1495,0.1388
1371,125,1496,0.1388
1379,127,1506,0.1388
1367,128,1495,0.1388
1372,127,1499,0.1388
1387,130,1517,0.1388
1378,132,1510,0.1388
1370,136,1506,0.1388
1370,138,1508,0.1388
1366,135,1501,0.1388
1367,134,1501,0.1388
1375,134,1509,0.1388
1362,132,1494,0.1388
1362,135,1497,0.1388
1374,133,1507,0.1388
1379,132,1511,0.1388
1363,134,1497,0.1388
1362,136,1498,0.1388
1364,131,1495,0.1388
1371,132,1503,0.1388
1373,133,1506,0.1388
1354,138,1492,0.1388
1344,141,1485,0.1388
1350,138,1488,0.1388
1349,140,1489,0.1388
1348,137,1485,0.1388
1354,141,1495,0.1388
1366,142,1508,0.1388
1355,140,1495,0.1388
1363,141,1504,0.1388
1372,138,1510,0.1388
1370,134,1504,0.1388
1370,134,1504,0.1388
1368,137,1505,0.1388
1368,137,1505,0.1388
1367,140,1507,0.1388
1353,141,1494,0.1388
1353,141,1494,0.1388
1357,141,1498,0.1388
1365,142,1507,0.1388
1362,136,1498,0.1388
1368,137,1505,0.1388
1359,135,1494,0.1388
1358,136,1494,0.1388
1348,134,1482,0.1388
1360,138,1498,0.1388
1352,140,1492,0.1388
1346,142,1488,0.1388
1350,140,1490,0.1388
1345,140,1485,0.1388
1354,140,1494,0.1388
1368,140,1508,0.1388
1347,140,1487,0.1388
1343,142,1485,0.1388
1340,145,1485,0.1388
1358,139,1497,0.1388
1366,137,1503,0.1388
1364,134,1498,0.1388
1367,129,1496,0.1388
1359,132,1491,0.1388
1374,141,1515,0.1388
1370,140,1510,0.1388
1369,140,1509,0.1388
1374,143,1517,0.1388
1355,145,1500,0.1388
1346,146,1492,0.1388
1340,149,1489,0.1388
1342,148,1490,0.1388
1346,154,1500,0.1388
1339,157,1496,0.1388
1338,155,1493,0.1388
1327,156,1483,0.1388
1334,158,1492,0.1388
1326,160,1486,0.1388
1324,162,1486,0.1388
1325,165,1490,0.1388
1331,166,1497,0.1388
1327,168,1495,0.1388
1330,169,1499,0.1388
1329,174,1503,0.1388
1337,173,1510,0.1388
1324,172,1496,0.1388
1314,172,1486,0.1388
1314,170,1484,0.1388
1307,171,1478,0.1388
1314,174,1488,0.1388
1315,172,1487,0.1388
1315,167,1482,0.1388
1322,165,1487,0.1388
1329,163,1492,0.1388
1341,168,1509,0.1388
1330,164,1494,0.1388
1328,170,1498,0.1388
1334,171,1505,0.1388
1330,167,1497,0.1388
1332,164,1496,0.1388
1327,163,1490,0.1388
1318,165,1483,0.1388
1320,165,1485,0.1388
1315,169,1484,0.1388
1318,167,1485,0.1388
1314,168,1482,0.1388
1303,170,1473,0.1388
1317,169,1486,0.1388
1322,167,1489,0.1388
1318,171,1489,0.1388
1321,172,1493,0.1388
1327,167,1494,0.1388
1320,166,1486,0.1388
1330,162,1492,0.1388
1338,169,1507,0.1388
1332,171,1503,0.1388
1327,169,1496,0.1388
1329,171,1500,0.1388
1332,175,1507,0.1388
1315,176,1491,0.1388
1309,174,1483,0.1388
1304,175,1479,0.1388
1305,174,1479,0.1388
1314,177,1491,0.1388
1311,175,1486,0.1388
1303,177,1480,0.1388
1306,177,1483,0.1388
1311,177,1488,0.1388
1306,178,1484,0.1388
1311,182,1493,0.1388
1324,179,1503,0.1388
1329,182,1511,0.1388
1321,188,1509,0.1388
1321,186,1507,0.1388
1325,184,1509,0.1388
1320,187,1507,0.1388
1309,184,1493,0.1388
1319,189,1508,0.1388
1321,191,1512,0.1388
1313,187,1500,0.1388
1310,186,1496,0.1388
1316,184,1500,0.1388
1305,182,1487,0.1388
1307,182,1489,0.1388
1309,185,1494,0.1388
1307,188,1495,0.1388
1305,186,1491,0.1388
1299,185,1484,0.1388
1306,191,1497,0.1388
1315,194,1509,0.1388
1323,193,1516,0.1388
1322,189,1511,0.1388
1311,197,1508,0.1388
1311,198,1509,0.1388
1302,200,1502,0.1388
1306,200,1506,0.1388
1310,201,1511,0.1388
1298,201,1499,0.1388
1285,209,1494,0.1388
1294,210,1504,0.1388
1292,205,1497,0.1388
1287,206,1493,0.1388
1305,209,1514,0.1388
1301,211,1512,0.1388
1298,213,1511,0.1388
1294,204,1498,0.1388
1288,202,1490,0.1388
1292,204,1496,0.1388
1294,203,1497,0.1388
1291,209,1500,0.1388
1282,210,1492,0.1388
1277,215,1492,0.1388
1275,212,1487,0.1388
1264,210,1474,0.1388
1270,218,1488,0.1388
1280,221,1501,0.1388
1276,222,1498,0.1388
1270,228,1498,0.1388
1253,237,1490,0.1388
1255,239,1494,0.1388
1259,239,1498,0.1388
1262,232,1494,0.1388
1258,237,1495,0.1388
1256,243,1499,0.1388
1258,246,1504,0.1388
1263,245,1508,0.1388
1252,247,1499,0.1388
1251,252,1503,0.1388
1265,253,1518,0.1388
1255,255,1510,0.1388
1250,254,1504,0.1388
1236,256,1492,0.1388
1243,255,1498,0.1388
1237,252,1489,0.1388
1245,258,1503,0.1388
1243,262,1505,0.1388
1244,255,1499,0.1388
1237,249,1486,0.1388
1242,252,1494,0.1388
1236,261,1497,0.1388
1242,262,1504,0.1388
1231,261,1492,0.1388
1212,263,1475,0.1388
1215,270,1485,0.1388
1214,272,1486,0.1388
1220,273,1493,0.1388
1226,278,1504,0.1388
1220,281,1501,0.1388
1223,284,1507,0.1388
1225,282,1507,0.1388
1230,279,1509,0.1388
1226,280,1506,0.1388
1227,274,1501,0.1388
1222,277,1499,0.1388
1225,279,1504,0.1388
1215,284,1499,0.1388
1205,282,1487,0.1388
1204,285,1489,0.1388
1196,287,1483,0.1388
1204,293,1497,0.1388
1209,291,1500,0.1388
1206,286,1492,0.1388
1213,286,1499,0.1388
1202,281,1483,0.1388
1212,287,1499,0.1388
1203,282,1485,0.1388
1211,274,1485,0.1388
1211,280,1491,0.1388
1213,282,1495,0.1388
1211,286,1497,0.1388
1219,288,1507,0.1388
1217,284,1501,0.1388
1199,286,1485,0.1388
1205,287,1492,0.1388
1211,290,1501,0.1388
1213,290,1503,0.1388
1205,287,1492,0.1388
1206,288,1494,0.1388
1200,287,1487,0.1388
1214,283,1497,0.1388
1213,289,1502,0.1388
1208,289,1497,0.1388
1208,288,1496,0.1388
1213,293,1506,0.1388
1224,296,1520,0.1388
1223,296,1519,0.1388
1228,297,1525,0.1388
1223,305,1528,0.1388
1213,306,1519,0.1388
1203,305,1508,0.1388
1206,308,1514,0.1388
1202,308,1510,0.1388
1196,302,1498,0.1388
1200,307,1507,0.1388
1197,305,1502,0.1388
1187,302,1489,0.1388
1189,298,1487,0.1388
1198,302,1500,0.1388
1196,305,1501,0.1388
1192,302,1494,0.1388
1190,308,1498,0.1388
1188,308,1496,0.1388
1186,301,1487,0.1388
1188,301,1489,0.1388
1191,308,1499,0.1388
1188,312,1500,0.1388
1195,313,1508,0.1388
1201,320,1521,0.1388
1194,316,1510,0.1388
1191,317,1508,0.1388
1191,318,1509,0.1388
1191,320,1511,0.1388
1186,318,1504,0.1388
1191,320,1511,0.1388
1183,327,1510,0.1388
1185,326,1511,0.1388
1181,316,1497,0.1388
1160,315,1475,0.1388
1162,322,1484,0.1388
1177,319,1496,0.1388
1173,314,1487,0.1388
1184,317,1501,0.1388
1174,329,1503,0.1388
1162,330,1492,0.1388
1161,330,1491,0.1388
1159,337,1496,0.1388
1163,336,1499,0.1388
1163,335,1498,0.1388
1168,342,1510,0.1388
1169,336,1505,0.1388
1175,336,1511,0.1388
1169,333,1502,0.1388
1158,334,1492,0.1388
1162,340,1502,0.1388
1163,336,1499,0.1388
1165,340,1505,0.1388
1163,343,1506,0.1388
1160,340,1500,0.1388
1146,341,1487,0.1388
1148,345,1493,0.1388
1146,341,1487,0.1388
1153,346,1499,0.1388
1143,350,1493,0.1388
1160,352,1512,0.1388
1142,354,1496,0.1388
1145,356,1501,0.1388
1145,350,1495,0.1388
1139,351,1490,0.1388
1132,358,1490,0.1388
1131,364,1495,0.1388
1129,367,1496,0.1388
1134,368,1502,0.1388
1140,368,1508,0.1388
1134,369,1503,0.1388
1130,371,1501,0.1388
1130,368,1498,0.1388
1130,376,1506,0.1388
1142,378,1520,0.1388
1131,383,1514,0.1388
1136,381,1517,0.1388
1124,386,1510,0.1388
1109,389,1498,0.1388
1108,391,1499,0.1388
1108,394,1502,0.1388
1102,394,1496,0.1388
1100,391,1491,0.1388
1103,389,1492,0.1388
1106,392,1498,0.1388
1100,393,1493,0.1388
1114,397,1511,0.1388
1101,395,1496,0.1388
1096,394,1490,0.1388
1099,401,1500,0.1388
1094,402,1496,0.1388
1096,395,1491,0.1388
1095,397,1492,0.1388
1088,396,1484,0.1388
1081,400,1481,0.1388
1091,406,1497,0.1388
1089,410,1499,0.1388
1090,413,1503,0.1388
1083,415,1498,0.1388
1092,416,1508,0.1388
1088,423,1511,0.1388
1080,423,1503,0.1388
1088,419,1507,0.1388
1095,419,1514,0.1388
1096,419,1515,0.1388
1083,427,1510,0.1388
1077,425,1502,0.1388
1069,429,1498,0.1388
1063,428,1491,0.1388
1070,426,1496,0.1388
1065,424,1489,0.1388
1055,434,1489,0.1388
1063,435,1498,0.1388
1073,431,1504,0.1388
1081,430,1511,0.1388
1079,429,1508,0.1388
1080,428,1508,0.1388
1085,431,1516,0.1388
1082,430,1512,0.1388
1078,430,1508,0.1388
1059,430,1489,0.1388
1066,434,1500,0.1388
1079,429,1508,0.1388
1064,432,1496,0.1388
1062,441,1503,0.1388
1063,442,1505,0.1388
1060,438,1498,0.1388
1061,439,1500,0.1388
1055,439,1494,0.1388
1055,440,1495,0.1388
1049,444,1493,0.1388
1043,442,1485,0.1388
1040,447,1487,0.1388
1040,458,1498,0.1388
1033,459,1492,0.1388
1038,460,1498,0.1388
1045,456,1501,0.1388
1039,457,1496,0.1388
1043,448,1491,0.1388
1048,455,1503,0.1388
1044,451,1495,0.1388
1041,454,1495,0.1388
1029,461,1490,0.1388
1040,463,1503,0.1388
1041,473,1514,0.1388
1041,468,1509,0.1388
1028,474,1502,0.1388
1036,477,1513,0.1388
1028,470,1498,0.1388
1030,467,1497,0.1388
1035,469,1504,0.1388
1028,470,1498,0.1388
1032,465,1497,0.1388
1023,465,1488,0.1388
1029,477,1506,0.1388
1027,474,1501,0.1388
1032,475,1507,0.1388
1026,482,1508,0.1388
1025,489,1514,0.1388
1011,494,1505,0.1388
1012,491,1503,0.1388
1012,503,1515,0.1388
1011,497,1508,0.1388
995,503,1498,0.1388
988,508,1496,0.1388
981,508,1489,0.1388
981,512,1493,0.1388
988,511,1499,0.1388
987,506,1493,0.1388
978,508,1486,0.1388
980,514,1494,0.1388
972,519,1491,0.1388
961,513,1474,0.1388
969,517,1486,0.1388
967,523,1490,0.1388
973,522,1495,0.1388
979,524,1503,0.1388
983,524,1507,0.1388
972,517,1489,0.1388
973,525,1498,0.1388
973,525,1498,0.1388
982,522,1504,0.1388
982,524,1506,0.1388
985,532,1517,0.1388
982,529,1511,0.1388
965,531,1496,0.1388
958,528,1486,0.1388
973,533,1506,0.1388
954,534,1488,0.1388
959,535,1494,0.1388
949,528,1477,0.1388
953,536,1489,0.1388
953,540,1493,0.1388
948,547,1495,0.1388
946,548,1494,0.1388
956,545,1501,0.1388
953,542,1495,0.1388
952,548,1500,0.1388
946,557,1503,0.1388
957,568,1525,0.1388
961,563,1524,0.1388
958,563,1521,0.1388
951,555,1506,0.1388
951,567,1518,0.1388
945,565,1510,0.1388
944,566,1510,0.1388
935,570,1505,0.1388
934,568,1502,0.1388
935,572,1507,0.1388
925,577,1502,0.1388
935,585,1520,0.1388
926,580,1506,0.1388
932,589,1521,0.1388
926,582,1508,0.1388
939,578,1517,0.1388
940,582,1522,0.1388
932,581,1513,0.1388
935,581,1516,0.1388
935,573,1508,0.1388
934,564,1498,0.1388
936,572,1508,0.1388
932,574,1506,0.1388
930,576,1506,0.1388
919,578,1497,0.1388
913,578,1491,0.1388
922,589,1511,0.1388
922,584,1506,0.1388
922,587,1509,0.1388
919,594,1513,0.1388
919,594,1513,0.1388
922,597,1519,0.1388
906,608,1514,0.1388
905,614,1519,0.1388
900,603,1503,0.1388
897,602,1499,0.1388
890,611,1501,0.1388
883,607,1490,0.1388
885,609,1494,0.1388
888,607,1495,0.1388
890,611,1501,0.1388
891,615,1506,0.1388
894,606,1500,0.1388
890,600,1490,0.1388
898,600,1498,0.1388
898,603,1501,0.1388
895,601,1496,0.1388
901,619,1520,0.1388
897,626,1523,0.1388
894,622,1516,0.1388
893,619,1512,0.1388
892,612,1504,0.1388
873,609,1482,0.1388
870,615,1485,0.1388
874,616,1490,0.1388
879,620,1499,0.1388
881,623,1504,0.1388
877,620,1497,0.1388
881,623,1504,0.1388
887,618,1505,0.1388
874,623,1497,0.1388
872,613,1485,0.1388
882,606,1488,0.1388
876,609,1485,0.1388
881,612,1493,0.1388
884,613,1497,0.1388
885,605,1490,0.1388
890,601,1491,0.1388
889,611,1500,0.1388
886,605,1491,0.1388
889,618,1507,0.1388
896,619,1515,0.1388
894,611,1505,0.1388
885,612,1497,0.1388
875,614,1489,0.1388
887,621,1508,0.1388
881,619,1500,0.1388
879,611,1490,0.1388
884,623,1507,0.1388
882,617,1499,0.1388
901,616,1517,0.1388
899,613,1512,0.1388
895,606,1501,0.1388
897,610,1507,0.1388
889,612,1501,0.1388
885,615,1500,0.1388
882,615,1497,0.1388
890,620,1510,0.1388
885,617,1502,0.1388
879,613,1492,0.1388
881,620,1501,0.1388
867,615,1482,0.1388
867,621,1488,0.1388
872,631,1503,0.1388
874,634,1508,0.1388
873,647,1520,0.1388
857,636,1493,0.1388
860,640,1500,0.1388
874,646,1520,0.1388
866,648,1514,0.1388
856,656,1512,0.1388
840,665,1505,0.1388
836,661,1497,0.1388
839,668,1507,0.1388
841,672,1513,0.1388
831,679,1510,0.1388
835,678,1513,0.1388
844,679,1523,0.1388
833,678,1511,0.1388
826,675,1501,0.1388
825,680,1505,0.1388
812,680,1492,0.1388
816,687,1503,0.1388
820,697,1517,0.1388
817,698,1515,0.1388
816,694,1510,0.1388
807,687,1494,0.1388
809,695,1504,0.1388
799,697,1496,0.1388
804,690,1494,0.1388
804,692,1496,0.1388
801,699,1500,0.1388
805,707,1512,0.1388
802,704,1506,0.1388
805,699,1504,0.1388
799,697,1496,0.1388
805,706,1511,0.1388
802,710,1512,0.1388
797,704,1501,0.1388
797,696,1493,0.1388
793,703,1496,0.1388
798,706,1504,0.1388
794,708,1502,0.1388
794,721,1515,0.1388
790,722,1512,0.1388
788,715,1503,0.1388
789,708,1497,0.1388
784,710,1494,0.1388
787,714,1501,0.1388
781,713,1494,0.1388
779,716,1495,0.1388
771,713,1484,0.1388
770,714,1484,0.1388
766,720,1486,0.1388
767,721,1488,0.1388
765,725,1490,0.1388
752,727,1479,0.1388
762,729,1491,0.1388
766,731,1497,0.1388
768,746,1514,0.1388
759,754,1513,0.1388
762,743,1505,0.1388
767,746,1513,0.1388
766,741,1507,0.1388
755,751,1506,0.1388
753,749,1502,0.1388
747,755,1502,0.1388
741,751,1492,0.1388
743,764,1507,0.1388
739,765,1504,0.1388
742,768,1510,0.1388
738,768,1506,0.1388
743,774,1517,0.1388
747,775,1522,0.1388
749,777,1526,0.1388
743,770,1513,0.1388
744,759,1503,0.1388
739,760,1499,0.1388
745,766,1511,0.1388
743,776,1519,0.1388
740,774,1514,0.1388
741,774,1515,0.1388
730,778,1508,0.1388
735,779,1514,0.1388
731,769,1500,0.1388
734,774,1508,0.1388
732,779,1511,0.1388
731,781,1512,0.1388
728,774,1502,0.1388
720,775,1495,0.1388
725,781,1506,0.1388
720,772,1492,0.1388
713,780,1493,0.1388
704,784,1488,0.1388
708,784,1492,0.1388
714,787,1501,0.1388
713,783,1496,0.1388
707,796,1503,0.1388
714,801,1515,0.1388
712,800,1512,0.1388
709,793,1502,0.1388
702,792,1494,0.1388
700,795,1495,0.1388
693,808,1501,0.1388
689,811,1500,0.1388
682,808,1490,0.1388
683,809,1492,0.1388
693,807,1500,0.1388
692,818,1510,0.1388
692,819,1511,0.1388
687,822,1509,0.1388
685,822,1507,0.1388
684,831,1515,0.1388
680,832,1512,0.1388
687,833,1520,0.1388
690,825,1515,0.1388
690,821,1511,0.1388
687,820,1507,0.1388
687,824,1511,0.1388
688,833,1521,0.1388
678,823,1501,0.1388
675,828,1503,0.1388
685,822,1507,0.1388
688,817,1505,0.1388
683,817,1500,0.1388
684,816,1500,0.1388
677,822,1499,0.1388
680,825,1505,0.1388
694,827,1521,0.1388
696,816,1512,0.1388
691,812,1503,0.1388
688,822,1510,0.1388
682,812,1494,0.1388
679,824,1503,0.1388
684,826,1510,0.1388
694,829,1523,0.1388
691,837,1528,0.1388
687,836,1523,0.1388
681,829,1510,0.1388
680,829,1509,0.1388
688,829,1517,0.1388
682,831,1513,0.1388
678,828,1506,0.1388
675,826,1501,0.1388
669,829,1498,0.1388
674,828,1502,0.1388
678,838,1516,0.1388
676,833,1509,0.1388
671,833,1504,0.1388
669,830,1499,0.1388
678,830,1508,0.1388
676,840,1516,0.1388
672,839,1511,0.1388
671,835,1506,0.1388
668,839,1507,0.1388
660,836,1496,0.1388
669,837,1506,0.1388
674,833,1507,0.1388
676,835,1511,0.1388
672,832,1504,0.1388
679,824,1503,0.1388
687,825,1512,0.1388
677,830,1507,0.1388
672,827,1499,0.1388
673,835,1508,0.1388
670,836,1506,0.1388
673,856,1529,0.1388
668,852,1520,0.1388
667,848,1515,0.1388
664,851,1515,0.1388
662,838,1500,0.1388
653,838,1491,0.1388
650,847,1497,0.1388
657,858,1515,0.1388
662,863,1525,0.1388
658,852,1510,0.1388
654,840,1494,0.1388
654,848,1502,0.1388
644,847,1491,0.1388
644,851,1495,0.1388
645,859,1504,0.1388
643,859,1502,0.1388
638,861,1499,0.1388
642,858,1500,0.1388
647,855,1502,0.1388
648,857,1505,0.1388
640,855,1495,0.1388
634,852,1486,0.1388
641,868,1509,0.1388
641,861,1502,0.1388
638,862,1500,0.1388
636,861,1497,0.1388
641,867,1508,0.1388
630,859,1489,0.1388
633,867,1500,0.1388
633,868,1501,0.1388
633,865,1498,0.1388
639,876,1515,0.1388
638,874,1512,0.1388
629,873,1502,0.1388
629,867,1496,0.1388
640,869,1509,0.1388
635,879,1514,0.1388
630,884,1514,0.1388
627,874,1501,0.1388
642,867,1509,0.1388
647,877,1524,0.1388
642,866,1508,0.1388
629,880,1509,0.1388
631,882,1513,0.1388
634,884,1518,0.1388
636,881,1517,0.1388
638,875,1513,0.1388
627,870,1497,0.1388
623,877,1500,0.1388
632,883,1515,0.1388
636,870,1506,0.1388
636,866,1502,0.1388
639,866,1505,0.1388
629,869,1498,0.1388
629,877,1506,0.1388
633,880,1513,0.1388
641,873,1514,0.1388
636,862,1498,0.1388
635,875,1510,0.1388
622,872,1494,0.1388
619,881,1500,0.1388
617,886,1503,0.1388
625,887,1512,0.1388
633,885,1518,0.1388
625,880,1505,0.1388
616,882,1498,0.1388
621,890,1511,0.1388
615,892,1507,0.1388
619,893,1512,0.1388
618,888,1506,0.1388
625,899,1524,0.1388
611,885,1496,0.1388
608,887,1495,0.1388
611,890,1501,0.1388
617,889,1506,0.1388
609,894,1503,0.1388
601,899,1500,0.1388
610,907,1517,0.1388
614,906,1520,0.1388
607,901,1508,0.1388
605,904,1509,0.1388
610,896,1506,0.1388
606,903,1509,0.1388
607,910,1517,0.1388
597,907,1504,0.1388
592,915,1507,0.1388
589,918,1507,0.1388
598,915,1513,0.1388
597,920,1517,0.1388
596,909,1505,0.1388
594,909,1503,0.1388
589,909,1498,0.1388
589,919,1508,0.1388
586,918,1504,0.1388
581,915,1496,0.1388
582,918,1500,0.1388
577,919,1496,0.1388
577,939,1516,0.1388
575,945,1520,0.1388
573,934,1507,0.1388
578,933,1511,0.1388
572,934,1506,0.1388
577,935,1512,0.1388
584,926,1510,0.1388
576,935,1511,0.1388
575,934,1509,0.1388
569,934,1503,0.1388
567,938,1505,0.1388
570,955,1525,0.1388
567,958,1525,0.1388
569,957,1526,0.1388
568,947,1515,0.1388
565,946,1511,0.1388
560,950,1510,0.1388
564,943,1507,0.1388
573,945,1518,0.1388
571,942,1513,0.1388
571,941,1512,0.1388
575,946,1521,0.1388
567,937,1504,0.1388
558,939,1497,0.1388
559,944,1503,0.1388
563,947,1510,0.1388
563,950,1513,0.1388
562,953,1515,0.1388
559,953,1512,0.1388
558,955,1513,0.1388
566,963,1529,0.1388
563,952,1515,0.1388
556,950,1506,0.1388
557,964,1521,0.1388
569,972,1541,0.1388
572,968,1540,0.1388
557,962,1519,0.1388
554,962,1516,0.1388
548,960,1508,0.1388
547,949,1496,0.1388
552,956,1508,0.1388
548,956,1504,0.1388
550,969,1519,0.1388
552,971,1523,0.1388
548,973,1521,0.1388
544,971,1515,0.1388
541,959,1500,0.1388
542,977,1519,0.1388
542,979,1521,0.1388
545,966,1511,0.1388
548,965,1513,0.1388
545,958,1503,0.1388
535,960,1495,0.1388
540,957,1497,0.1388
546,966,1512,0.1388
540,959,1499,0.1388
538,961,1499,0.1388
537,965,1502,0.1388
543,958,1501,0.1388
538,954,1492,0.1388
536,963,1499,0.1388
544,956,1500,0.1388
535,960,1495,0.1388
538,957,1495,0.1388
547,963,1510,0.1388
544,970,1514,0.1388
545,971,1516,0.1388
548,970,1518,0.1388
539,963,1502,0.1388
539,970,1509,0.1388
531,978,1509,0.1388
538,983,1521,0.1388
532,977,1509,0.1388
522,972,1494,0.1388
533,973,1506,0.1388
531,976,1507,0.1388
538,974,1512,0.1388
532,979,1511,0.1388
533,968,1501,0.1388
533,958,1491,0.1388
533,966,1499,0.1388
535,979,1514,0.1388
535,984,1519,0.1388
532,986,1518,0.1388
537,996,1533,0.1388
537,992,1529,0.1388
533,987,1520,0.1388
529,983,1512,0.1388
522,986,1508,0.1388
521,996,1517,0.1388
519,991,1510,0.1388
522,983,1505,0.1388
525,968,1493,0.1388
524,974,1498,0.1388
522,963,1485,0.1388
525,971,1496,0.1388
522,974,1496,0.1388
525,994,1519,0.1388
522,995,1517,0.1388
512,998,1510,0.1388
517,1008,1525,0.1388
515,1011,1526,0.1388
517,1012,1529,0.1388
514,1008,1522,0.1388
519,1007,1526,0.1388
513,1005,1518,0.1388
513,1006,1519,0.1388
510,997,1507,0.1388
505,1002,1507,0.1388
493,1001,1494,0.1388
491,1010,1501,0.1388
492,1017,1509,0.1388
495,1017,1512,0.1388
493,1013,1506,0.1388
495,1019,1514,0.1388
492,1027,1519,0.1388
485,1029,1514,0.1388
483,1032,1515,0.1388
491,1032,1523,0.1388
485,1029,1514,0.1388
485,1037,1522,0.1388
485,1034,1519,0.1388
484,1030,1514,0.1388
484,1028,1512,0.1388
483,1023,1506,0.1388
477,1020,1497,0.1388
477,1018,1495,0.1388
479,1025,1504,0.1388
464,1021,1485,0.1388
464,1039,1503,0.1388
466,1039,1505,0.1388
456,1040,1496,0.1388
454,1047,1501,0.1388
453,1047,1500,0.1388
443,1043,1486,0.1388
453,1047,1500,0.1388
447,1059,1506,0.1388
451,1050,1501,0.1388
448,1051,1499,0.1388
449,1046,1495,0.1388
447,1042,1489,0.1388
446,1057,1503,0.1388
443,1076,1519,0.1388
442,1084,1526,0.1388
441,1082,1523,0.1388
441,1075,1516,0.1388
446,1069,1515,0.1388
443,1062,1505,0.1388
442,1062,1504,0.1388
443,1075,1518,0.1388
436,1071,1507,0.1388
426,1068,1494,0.1388
433,1076,1509,0.1388
436,1077,1513,0.1388
426,1086,1512,0.1388
426,1099,1525,0.1388
420,1099,1519,0.1388
416,1097,1513,0.1388
411,1103,1514,0.1388
412,1101,1513,0.1388
410,1095,1505,0.1388
414,1094,1508,0.1388
411,1100,1511,0.1388
407,1104,1511,0.1388
412,1106,1518,0.1388
411,1104,1515,0.1388
409,1099,1508,0.1388
406,1109,1515,0.1388
408,1109,1517,0.1388
396,1113,1509,0.1388
401,1123,1524,0.1388
396,1123,1519,0.1388
392,1108,1500,0.1388
387,1101,1488,0.1388
393,1107,1500,0.1388
389,1101,1490,0.1388
388,1111,1499,0.1388
390,1116,1506,0.1388
389,1105,1494,0.1388
382,1108,1490,0.1388
385,1118,1503,0.1388
383,1133,1516,0.1388
386,1133,1519,0.1388
384,1132,1516,0.1388
383,1136,1519,0.1388
388,1141,1529,0.1388
384,1141,1525,0.1388
382,1136,1518,0.1388
381,1135,1516,0.1388
384,1139,1523,0.1388
382,1138,1520,0.1388
370,1130,1500,0.1388
373,1129,1502,0.1388
376,1129,1505,0.1388
372,1142,1514,0.1388
371,1137,1508,0.1388
370,1139,1509,0.1388
369,1144,1513,0.1388
368,1143,1511,0.1388
365,1144,1509,0.1388
372,1147,1519,0.1388
373,1127,1500,0.1388
377,1125,1502,0.1388
369,1124,1493,0.1388
376,1124,1500,0.1388
375,1126,1501,0.1388
377,1133,1510,0.1388
375,1138,1513,0.1388
375,1137,1512,0.1388
379,1132,1511,0.1388
379,1134,1513,0.1388
379,1136,1515,0.1388
383,1148,1531,0.1388
380,1139,1519,0.1388
383,1138,1521,0.1388
379,1125,1504,0.1388
377,1121,1498,0.1388
376,1122,1498,0.1388
383,1130,1513,0.1388
384,1137,1521,0.1388
384,1138,1522,0.1388
388,1129,1517,0.1388
393,1127,1520,0.1388
391,1114,1505,0.1388
391,1104,1495,0.1388
379,1113,1492,0.1388
380,1129,1509,0.1388
381,1127,1508,0.1388
388,1122,1510,0.1388
386,1109,1495,0.1388
392,1118,1510,0.1388
398,1120,1518,0.1388
396,1121,1517,0.1388
397,1113,1510,0.1388
402,1105,1507,0.1388
403,1103,1506,0.1388
407,1101,1508,0.1388
406,1103,1509,0.1388
410,1098,1508,0.1388
405,1106,1511,0.1388
409,1104,1513,0.1388
407,1104,1511,0.1388
408,1100,1508,0.1388
409,1096,1505,0.1388
407,1089,1496,0.1388
410,1090,1500,0.1388
410,1101,1511,0.1388
414,1105,1519,0.1388
410,1094,1504,0.1388
418,1102,1520,0.1388
420,1107,1527,0.1388
414,1096,1510,0.1388
410,1094,1504,0.1388
413,1098,1511,0.1388
420,1091,1511,0.1388
413,1093,1506,0.1388
415,1100,1515,0.1388
410,1111,1521,0.1388
415,1109,1524,0.1388
413,1115,1528,0.1388
416,1118,1534,0.1388
411,1122,1533,0.1388
412,1117,1529,0.1388
416,1110,1526,0.1388
413,1111,1524,0.1388
404,1116,1520,0.1388
399,1120,1519,0.1388
400,1121,1521,0.1388
399,1115,1514,0.1388
392,1106,1498,0.1388
392,1105,1497,0.1388
390,1109,1499,0.1388
398,1118,1516,0.1388
392,1124,1516,0.1388
391,1125,1516,0.1388
398,1123,1521,0.1388
395,1125,1520,0.1388
388,1126,1514,0.1388
394,1124,1518,0.1388
395,1123,1518,0.1388
395,1107,1502,0.1388
393,1106,1499,0.1388
387,1112,1499,0.1388
387,1113,1500,0.1388
386,1108,1494,0.1388
388,1106,1494,0.1388
391,1116,1507,0.1388
387,1122,1509,0.1388
384,1130,1514,0.1388
382,1127,1509,0.1388
382,1130,1512,0.1388
385,1136,1521,0.1388
381,1133,1514,0.1388
382,1133,1515,0.1388
384,1138,1522,0.1388
377,1133,1510,0.1388
377,1140,1517,0.1388
376,1145,1521,0.1388
374,1163,1537,0.1388
368,1150,1518,0.1388
366,1151,1517,0.1388
371,1150,1521,0.1388
366,1151,1517,0.1388
364,1154,1518,0.1388
369,1152,1521,0.1388
359,1148,1507,0.1388
361,1149,1510,0.1388
368,1151,1519,0.1388
367,1154,1521,0.1388
365,1143,1508,0.1388
362,1143,1505,0.1388
359,1153,1512,0.1388
358,1158,1516,0.1388
360,1163,1523,0.1388
359,1156,1515,0.1388
360,1160,1520,0.1388
354,1156,1510,0.1388
354,1157,1511,0.1388
353,1155,1508,0.1388
354,1153,1507,0.1388
360,1143,1503,0.1388
354,1145,1499,0.1388
357,1141,1498,0.1388
360,1143,1503,0.1388
359,1146,1505,0.1388
355,1144,1499,0.1388
360,1140,1500,0.1388
357,1157,1514,0.1388
352,1159,1511,0.1388
347,1159,1506,0.1388
344,1154,1498,0.1388
336,1151,1487,0.1388
338,1157,1495,0.1388
345,1150,1495,0.1388
343,1157,1500,0.1388
341,1155,1496,0.1388
347,1159,1506,0.1388
354,1157,1511,0.1388
354,1158,1512,0.1388
353,1156,1509,0.1388
349,1151,1500,0.1388
351,1149,1500,0.1388
352,1157,1509,0.1388
349,1147,1496,0.1388
342,1154,1496,0.1388
331,1165,1496,0.1388
339,1173,1512,0.1388
343,1173,1516,0.1388
344,1162,1506,0.1388
337,1168,1505,0.1388
334,1177,1511,0.1388
332,1169,1501,0.1388
328,1177,1505,0.1388
329,1179,1508,0.1388
332,1173,1505,0.1388
335,1175,1510,0.1388
335,1179,1514,0.1388
332,1182,1514,0.1388
332,1182,1514,0.1388
328,1179,1507,0.1388
324,1192,1516,0.1388
329,1176,1505,0.1388
329,1181,1510,0.1388
332,1176,1508,0.1388
335,1181,1516,0.1388
329,1193,1522,0.1388
334,1184,1518,0.1388
331,1180,1511,0.1388
329,1183,1512,0.1388
330,1184,1514,0.1388
324,1197,1521,0.1388
325,1190,1515,0.1388
328,1180,1508,0.1388
322,1171,1493,0.1388
315,1180,1495,0.1388
321,1178,1499,0.1388
326,1187,1513,0.1388
324,1183,1507,0.1388
325,1179,1504,0.1388
318,1168,1486,0.1388
325,1178,1503,0.1388
321,1178,1499,0.1388
331,1171,1502,0.1388
326,1177,1503,0.1388
323,1185,1508,0.1388
320,1195,1515,0.1388
311,1199,1510,0.1388
310,1200,1510,0.1388
315,1196,1511,0.1388
320,1187,1507,0.1388
322,1172,1494,0.1388
319,1183,1502,0.1388
321,1180,1501,0.1388
317,1185,1502,0.1388
320,1184,1504,0.1388
317,1186,1503,0.1388
314,1194,1508,0.1388
311,1200,1511,0.1388
314,1196,1510,0.1388
313,1188,1501,0.1388
310,1194,1504,0.1388
312,1188,1500,0.1388
311,1199,1510,0.1388
308,1186,1494,0.1388
309,1192,1501,0.1388
308,1203,1511,0.1388
315,1200,1515,0.1388
317,1195,1512,0.1388
315,1198,1513,0.1388
314,1204,1518,0.1388
311,1208,1519,0.1388
312,1193,1505,0.1388
313,1196,1509,0.1388
316,1204,1520,0.1388
312,1203,1515,0.1388
309,1198,1507,0.1388
319,1194,1513,0.1388
313,1201,1514,0.1388
310,1197,1507,0.1388
313,1208,1521,0.1388
311,1211,1522,0.1388
306,1210,1516,0.1388
302,1216,1518,0.1388
301,1221,1522,0.1388
299,1226,1525,0.1388
301,1213,1514,0.1388
294,1212,1506,0.1388
294,1212,1506,0.1388
294,1216,1510,0.1388
291,1218,1509,0.1388
292,1223,1515,0.1388
293,1220,1513,0.1388
288,1222,1510,0.1388
293,1220,1513,0.1388
286,1218,1504,0.1388
281,1222,1503,0.1388
275,1236,1511,0.1388
278,1227,1505,0.1388
275,1231,1506,0.1388
283,1228,1511,0.1388
285,1230,1515,0.1388
288,1232,1520,0.1388
288,1227,1515,0.1388
278,1222,1500,0.1388
277,1233,1510,0.1388
278,1237,1515,0.1388
279,1235,1514,0.1388
275,1236,1511,0.1388
280,1243,1523,0.1388
274,1240,1514,0.1388
274,1242,1516,0.1388
276,1242,1518,0.1388
275,1237,1512,0.1388
276,1242,1518,0.1388
275,1249,1524,0.1388
273,1251,1524,0.1388
271,1253,1524,0.1388
268,1241,1509,0.1388
270,1242,1512,0.1388
262,1247,1509,0.1388
261,1244,1505,0.1388
264,1256,1520,0.1388
255,1259,1514,0.1388
249,1252,1501,0.1388
254,1243,1497,0.1388
252,1240,1492,0.1388
253,1241,1494,0.1388
250,1243,1493,0.1388
262,1250,1512,0.1388
265,1253,1518,0.1388
259,1256,1515,0.1388
252,1261,1513,0.1388
258,1275,1533,0.1388
261,1265,1526,0.1388
257,1259,1516,0.1388
258,1248,1506,0.1388
257,1251,1508,0.1388
259,1249,1508,0.1388
266,1250,1516,0.1388
263,1266,1529,0.1388
261,1255,1516,0.1388
268,1249,1517,0.1388
264,1254,1518,0.1388
265,1241,1506,0.1388
266,1245,1511,0.1388
263,1240,1503,0.1388
266,1239,1505,0.1388
266,1246,1512,0.1388
267,1256,1523,0.1388
268,1254,1522,0.1388
267,1265,1532,0.1388
266,1266,1532,0.1388
264,1258,1522,0.1388
258,1268,1526,0.1388
253,1276,1529,0.1388
254,1265,1519,0.1388
260,1281,1541,0.1388
259,1267,1526,0.1388
256,1251,1507,0.1388
257,1257,1514,0.1388
251,1267,1518,0.1388
257,1260,1517,0.1388
250,1252,1502,0.1388
252,1263,1515,0.1388
251,1254,1505,0.1388
249,1258,1507,0.1388
251,1247,1498,0.1388
246,1255,1501,0.1388
246,1261,1507,0.1388
245,1263,1508,0.1388
246,1262,1508,0.1388
249,1261,1510,0.1388
248,1253,1501,0.1388
247,1261,1508,0.1388
243,1264,1507,0.1388
248,1263,1511,0.1388
249,1270,1519,0.1388
245,1271,1516,0.1388
247,1275,1522,0.1388
248,1283,1531,0.1388
246,1275,1521,0.1388
248,1278,1526,0.1388
246,1273,1519,0.1388
248,1267,1515,0.1388
251,1269,1520,0.1388
244,1277,1521,0.1388
248,1272,1520,0.1388
246,1271,1517,0.1388
245,1266,1511,0.1388
249,1256,1505,0.1388
250,1258,1508,0.1388
252,1252,1504,0.1388
254,1267,1521,0.1388
253,1255,1508,0.1388
253,1258,1511,0.1388
251,1263,1514,0.1388
252,1265,1517,0.1388
252,1254,1506,0.1388
249,1268,1517,0.1388
248,1254,1502,0.1388
251,1264,1515,0.1388
251,1270,1521,0.1388
251,1267,1518,0.1388
253,1276,1529,0.1388
248,1276,1524,0.1388
250,1266,1516,0.1388
245,1266,1511,0.1388
254,1266,1520,0.1388
254,1261,1515,0.1388
253,1267,1520,0.1388
248,1263,1511,0.1388
246,1266,1512,0.1388
249,1262,1511,0.1388
248,1269,1517,0.1388
252,1263,1515,0.1388
249,1257,1506,0.1388
253,1269,1522,0.1388
251,1274,1525,0.1388
260,1280,1540,0.1388
254,1281,1535,0.1388
252,1264,1516,0.1388
250,1245,1495,0.1388
249,1256,1505,0.1388
242,1257,1499,0.1388
241,1256,1497,0.1388
243,1267,1510,0.1388
237,1275,1512,0.1388
236,1274,1510,0.1388
234,1274,1508,0.1388
234,1280,1514,0.1388
240,1276,1516,0.1388
244,1280,1524,0.1388
244,1270,1514,0.1388
240,1270,1510,0.1388
240,1276,1516,0.1388
240,1269,1509,0.1388
234,1264,1498,0.1388
240,1268,1508,0.1388
239,1271,1510,0.1388
242,1272,1514,0.1388
246,1270,1516,0.1388
242,1280,1522,0.1388
242,1277,1519,0.1388
243,1271,1514,0.1388
241,1278,1519,0.1388
232,1278,1510,0.1388
230,1279,1509,0.1388
228,1281,1509,0.1388
228,1279,1507,0.1388
231,1274,1505,0.1388
231,1266,1497,0.1388
234,1284,1518,0.1388
233,1277,1510,0.1388
228,1282,1510,0.1388
219,1294,1513,0.1388
218,1294,1512,0.1388
218,1290,1508,0.1388
219,1293,1512,0.1388
215,1293,1508,0.1388
214,1311,1525,0.1388
210,1309,1519,0.1388
215,1303,1518,0.1388
218,1286,1504,0.1388
216,1297,1513,0.1388
217,1296,1513,0.1388
220,1289,1509,0.1388
219,1289,1508,0.1388
219,1279,1498,0.1388
218,1283,1501,0.1388
219,1289,1508,0.1388
220,1291,1511,0.1388
219,1296,1515,0.1388
211,1306,1517,0.1388
218,1308,1526,0.1388
216,1305,1521,0.1388
214,1310,1524,0.1388
213,1306,1519,0.1388
211,1312,1523,0.1388
206,1318,1524,0.1388
206,1294,1500,0.1388
210,1286,1496,0.1388
209,1297,1506,0.1388
208,1301,1509,0.1388
206,1287,1493,0.1388
206,1308,1514,0.1388
204,1324,1528,0.1388
207,1318,1525,0.1388
206,1317,1523,0.1388
213,1307,1520,0.1388
216,1304,1520,0.1388
221,1291,1512,0.1388
223,1298,1521,0.1388
222,1283,1505,0.1388
221,1271,1492,0.1388
223,1275,1498,0.1388
223,1287,1510,0.1388
222,1286,1508,0.1388
225,1296,1521,0.1388
220,1310,1530,0.1388
219,1295,1514,0.1388
217,1297,1514,0.1388
219,1306,1525,0.1388
220,1307,1527,0.1388
216,1307,1523,0.1388
207,1310,1517,0.1388
207,1304,1511,0.1388
209,1312,1521,0.1388
208,1316,1524,0.1388
204,1317,1521,0.1388
202,1305,1507,0.1388
201,1303,1504,0.1388
204,1307,1511,0.1388
197,1312,1509,0.1388
195,1311,1506,0.1388
198,1304,1502,0.1388
195,1305,1500,0.1388
193,1314,1507,0.1388
197,1318,1515,0.1388
197,1313,1510,0.1388
192,1321,1513,0.1388
186,1322,1508,0.1388
188,1326,1514,0.1388
195,1316,1511,0.1388
197,1331,1528,0.1388
193,1327,1520,0.1388
194,1327,1521,0.1388
194,1334,1528,0.1388
192,1326,1518,0.1388
187,1319,1506,0.1388
190,1307,1497,0.1388
193,1301,1494,0.1388
192,1306,1498,0.1388
194,1323,1517,0.1388
189,1331,1520,0.1388
191,1335,1526,0.1388
190,1349,1539,0.1388
188,1340,1528,0.1388
183,1340,1523,0.1388
184,1338,1522,0.1388
180,1343,1523,0.1388
179,1345,1524,0.1388
179,1348,1527,0.1388
178,1339,1517,0.1388
176,1338,1514,0.1388
171,1346,1517,0.1388
171,1354,1525,0.1388
174,1341,1515,0.1388
170,1350,1520,0.1388
170,1352,1522,0.1388
166,1353,1519,0.1388
167,1368,1535,0.1388
171,1359,1530,0.1388
169,1357,1526,0.1388
163,1348,1511,0.1388
157,1344,1501,0.1388
160,1338,1498,0.1388
164,1335,1499,0.1388
167,1341,1508,0.1388
165,1351,1516,0.1388
165,1345,1510,0.1388
168,1358,1526,0.1388
168,1347,1515,0.1388
172,1350,1522,0.1388
172,1348,1520,0.1388
173,1355,1528,0.1388
173,1350,1523,0.1388
170,1344,1514,0.1388
174,1343,1517,0.1388
174,1341,1515,0.1388
171,1357,1528,0.1388
166,1358,1524,0.1388
166,1355,1521,0.1388
167,1349,1516,0.1388
168,1341,1509,0.1388
168,1343,1511,0.1388
166,1340,1506,0.1388
164,1349,1513,0.1388
169,1335,1504,0.1388
167,1339,1506,0.1388
171,1349,1520,0.1388
167,1342,1509,0.1388
164,1348,1512,0.1388
161,1343,1504,0.1388
165,1355,1520,0.1388
166,1343,1509,0.1388
167,1346,1513,0.1388
165,1352,1517,0.1388
164,1359,1523,0.1388
165,1356,1521,0.1388
163,1358,1521,0.1388
160,1361,1521,0.1388
161,1350,1511,0.1388
166,1351,1517,0.1388
163,1342,1505,0.1388
163,1347,1510,0.1388
163,1331,1494,0.1388
166,1337,1503,0.1388
165,1341,1506,0.1388
162,1351,1513,0.1388
165,1359,1524,0.1388
162,1356,1518,0.1388
163,1359,1522,0.1388
159,1361,1520,0.1388
162,1356,1518,0.1388
164,1355,1519,0.1388
162,1360,1522,0.1388
161,1376,1537,0.1388
162,1377,1539,0.1388
163,1367,1530,0.1388
158,1361,1519,0.1388
151,1356,1507,0.1388
151,1359,1510,0.1388
153,1352,1505,0.1388
149,1365,1514,0.1388
154,1372,1526,0.1388
156,1365,1521,0.1388
157,1368,1525,0.1388
157,1372,1529,0.1388
155,1363,1518,0.1388
155,1367,1522,0.1388
156,1374,1530,0.1388
157,1365,1522,0.1388
153,1386,1539,0.1388
152,1389,1541,0.1388
150,1368,1518,0.1388
147,1367,1514,0.1388
150,1372,1522,0.1388
150,1367,1517,0.1388
150,1369,1519,0.1388
150,1376,1526,0.1388
147,1372,1519,0.1388
147,1347,1494,0.1388
151,1347,1498,0.1388
151,1353,1504,0.1388
148,1362,1510,0.1388
148,1379,1527,0.1388
146,1373,1519,0.1388
146,1372,1518,0.1388
145,1380,1525,0.1388
144,1374,1518,0.1388
145,1365,1510,0.1388
141,1363,1504,0.1388
139,1362,1501,0.1388
144,1374,1518,0.1388
143,1375,1518,0.1388
143,1374,1517,0.1388
146,1376,1522,0.1388
148,1374,1522,0.1388
147,1380,1527,0.1388
141,1378,1519,0.1388
138,1390,1528,0.1388
137,1386,1523,0.1388
141,1387,1528,0.1388
143,1387,1530,0.1388
141,1389,1530,0.1388
143,1381,1524,0.1388
138,1377,1515,0.1388
139,1379,1518,0.1388
138,1379,1517,0.1388
137,1378,1515,0.1388
137,1384,1521,0.1388
135,1381,1516,0.1388
131,1390,1521,0.1388
130,1384,1514,0.1388
122,1388,1510,0.1388
123,1393,1516,0.1388
124,1390,1514,0.1388
127,1392,1519,0.1388
124,1394,1518,0.1388
123,1387,1510,0.1388
117,1394,1511,0.1388
118,1397,1515,0.1388
117,1401,1518,0.1388
113,1400,1513,0.1388
112,1401,1513,0.1388
107,1395,1502,0.1388
103,1394,1497,0.1388
106,1411,1517,0.1388
106,1414,1520,0.1388
104,1414,1518,0.1388
102,1401,1503,0.1388
101,1402,1503,0.1388
107,1408,1515,0.1388
103,1413,1516,0.1388
103,1419,1522,0.1388
100,1410,1510,0.1388
100,1415,1515,0.1388
103,1419,1522,0.1388
104,1414,1518,0.1388
106,1414,1520,0.1388
104,1414,1518,0.1388
102,1420,1522,0.1388
99,1406,1505,0.1388
99,1405,1504,0.1388
100,1406,1506,0.1388
101,1416,1517,0.1388
100,1417,1517,0.1388
101,1425,1526,0.1388
101,1416,1517,0.1388
104,1416,1520,0.1388
99,1421,1520,0.1388
99,1409,1508,0.1388
98,1399,1497,0.1388
99,1407,1506,0.1388
97,1413,1510,0.1388
99,1412,1511,0.1388
99,1413,1512,0.1388
100,1409,1509,0.1388
98,1421,1519,0.1388
98,1419,1517,0.1388
96,1430,1526,0.1388
93,1422,1515,0.1388
92,1409,1501,0.1388
92,1411,1503,0.1388
90,1424,1514,0.1388
89,1420,1509,0.1388
89,1425,1514,0.1388
89,1432,1521,0.1388
85,1443,1528,0.1388
84,1441,1525,0.1388
84,1440,1524,0.1388
85,1434,1519,0.1388
81,1434,1515,0.1388
79,1440,1519,0.1388
78,1440,1518,0.1388
79,1432,1511,0.1388
80,1439,1519,0.1388
79,1420,1499,0.1388
80,1426,1506,0.1388
77,1440,1517,0.1388
78,1432,1510,0.1388
80,1433,1513,0.1388
78,1435,1513,0.1388
79,1427,1506,0.1388
81,1440,1521,0.1388
80,1439,1519,0.1388
78,1440,1518,0.1388
78,1440,1518,0.1388
77,1451,1528,0.1388
79,1461,1540,0.1388
78,1434,1512,0.1388
81,1453,1534,0.1388
79,1458,1537,0.1388
77,1463,1540,0.1388
76,1452,1528,0.1388
78,1441,1519,0.1388
78,1436,1514,0.1388
76,1431,1507,0.1388
76,1425,1501,0.1388
78,1446,1524,0.1388
80,1441,1521,0.1388
80,1433,1513,0.1388
79,1428,1507,0.1388
80,1442,1522,0.1388
74,1439,1513,0.1388
75,1438,1513,0.1388
74,1454,1528,0.1388
74,1451,1525,0.1388
74,1461,1535,0.1388
75,1439,1514,0.1388
73,1454,1527,0.1388
71,1434,1505,0.1388
70,1444,1514,0.1388
72,1432,1504,0.1388
72,1439,1511,0.1388
74,1439,1513,0.1388
74,1447,1521,0.1388
69,1452,1521,0.1388
71,1454,1525,0.1388
71,1453,1524,0.1388
70,1465,1535,0.1388
70,1466,1536,0.1388
72,1463,1535,0.1388
72,1454,1526,0.1388
71,1442,1513,0.1388
70,1449,1519,0.1388
68,1457,1525,0.1388
69,1444,1513,0.1388
69,1431,1500,0.1388
71,1446,1517,0.1388
70,1442,1512,0.1388
67,1449,1516,0.1388
67,1442,1509,0.1388
67,1431,1498,0.1388
69,1443,1512,0.1388
71,1459,1530,0.1388
72,1454,1526,0.1388
72,1450,1522,0.1388
73,1457,1530,0.1388
73,1456,1529,0.1388
73,1453,1526,0.1388
75,1456,1531,0.1388
74,1441,1515,0.1388
72,1436,1508,0.1388
73,1441,1514,0.1388
73,1447,1520,0.1388
72,1457,1529,0.1388
71,1462,1533,0.1388
73,1465,1538,0.1388
71,1460,1531,0.1388
69,1447,1516,0.1388
70,1437,1507,0.1388
70,1444,1514,0.1388
71,1422,1493,0.1388
71,1448,1519,0.1388
72,1431,1503,0.1388
71,1428,1499,0.1388
70,1433,1503,0.1388
67,1430,1497,0.1388
68,1446,1514,0.1388
68,1445,1513,0.1388
65,1455,1520,0.1388
64,1453,1517,0.1388
65,1442,1507,0.1388
65,1441,1506,0.1388
65,1455,1520,0.1388
66,1459,1525,0.1388
63,1447,1510,0.1388
64,1448,1512,0.1388
62,1443,1505,0.1388
65,1437,1502,0.1388
63,1431,1494,0.1388
59,1448,1507,0.1388
60,1452,1512,0.1388
60,1443,1503,0.1388
61,1445,1506,0.1388
61,1444,1505,0.1388
61,1447,1508,0.1388
59,1459,1518,0.1388
59,1473,1532,0.1388
60,1472,1532,0.1388
55,1461,1516,0.1388
56,1469,1525,0.1388
53,1467,1520,0.1388
51,1473,1524,0.1388
53,1474,1527,0.1388
53,1467,1520,0.1388
53,1457,1510,0.1388
54,1461,1515,0.1388
51,1461,1512,0.1388
54,1463,1517,0.1388
58,1468,1526,0.1388
56,1463,1519,0.1388
58,1466,1524,0.1388
58,1467,1525,0.1388
57,1464,1521,0.1388
58,1462,1520,0.1388
60,1449,1509,0.1388
59,1452,1511,0.1388
62,1450,1512,0.1388
62,1468,1530,0.1388
61,1450,1511,0.1388
57,1449,1506,0.1388
57,1448,1505,0.1388
56,1443,1499,0.1388
56,1448,1504,0.1388
56,1468,1524,0.1388
55,1453,1508,0.1388
53,1457,1510,0.1388
51,1464,1515,0.1388
54,1471,1525,0.1388
54,1471,1525,0.1388
56,1472,1528,0.1388
58,1463,1521,0.1388
60,1468,1528,0.1388
58,1469,1527,0.1388
57,1468,1525,0.1388
56,1463,1519,0.1388
55,1465,1520,0.1388
54,1456,1510,0.1388
52,1455,1507,0.1388
56,1456,1512,0.1388
59,1445,1504,0.1388
57,1443,1500,0.1388
57,1449,1506,0.1388
57,1450,1507,0.1388
56,1451,1507,0.1388
57,1460,1517,0.1388
55,1470,1525,0.1388
58,1466,1524,0.1388
57,1460,1517,0.1388
54,1471,1525,0.1388
55,1473,1528,0.1388
56,1468,1524,0.1388
55,1468,1523,0.1388
57,1460,1517,0.1388
56,1475,1531,0.1388
55,1481,1536,0.1388
52,1474,1526,0.1388
53,1463,1516,0.1388
49,1462,1511,0.1388
52,1450,1502,0.1388
55,1454,1509,0.1388
56,1462,1518,0.1388
53,1448,1501,0.1388
53,1455,1508,0.1388
52,1472,1524,0.1388
53,1469,1522,0.1388
53,1456,1509,0.1388
55,1449,1504,0.1388
58,1450,1508,0.1388
59,1456,1515,0.1388
58,1451,1509,0.1388
56,1450,1506,0.1388
55,1460,1515,0.1388
56,1456,1512,0.1388
57,1458,1515,0.1388
57,1450,1507,0.1388
58,1459,1517,0.1388
56,1457,1513,0.1388
55,1462,1517,0.1388
55,1466,1521,0.1388
53,1468,1521,0.1388
55,1474,1529,0.1388
56,1470,1526,0.1388
55,1471,1526,0.1388
56,1460,1516,0.1388
57,1454,1511,0.1388
58,1460,1518,0.1388
57,1465,1522,0.1388
57,1460,1517,0.1388
59,1460,1519,0.1388
61,1463,1524,0.1388
59,1458,1517,0.1388
63,1446,1509,0.1388
64,1440,1504,0.1388
60,1447,1507,0.1388
60,1460,1520,0.1388
60,1459,1519,0.1388
57,1457,1514,0.1388
62,1455,1517,0.1388
60,1458,1518,0.1388
60,1449,1509,0.1388
60,1449,1509,0.1388
60,1459,1519,0.1388
60,1463,1523,0.1388
59,1458,1517,0.1388
60,1451,1511,0.1388
59,1457,1516,0.1388
58,1463,1521,0.1388
57,1457,1514,0.1388
56,1463,1519,0.1388
52,1454,1506,0.1388
50,1455,1505,0.1388
52,1447,1499,0.1388
54,1465,1519,0.1388
57,1471,1528,0.1388
56,1460,1516,0.1388
58,1462,1520,0.1388
60,1457,1517,0.1388
57,1452,1509,0.1388
60,1448,1508,0.1388
59,1450,1509,0.1388
56,1456,1512,0.1388
55,1448,1503,0.1388
54,1449,1503,0.1388
55,1457,1512,0.1388
54,1459,1513,0.1388
56,1476,1532,0.1388
55,1464,1519,0.1388
55,1466,1521,0.1388
53,1462,1515,0.1388
53,1464,1517,0.1388
54,1471,1525,0.1388
54,1455,1509,0.1388
52,1463,1515,0.1388
53,1463,1516,0.1388
54,1467,1521,0.1388
55,1468,1523,0.1388
55,1476,1531,0.1388
54,1471,1525,0.1388
52,1469,1521,0.1388
49,1467,1516,0.1388
51,1474,1525,0.1388
51,1470,1521,0.1388
49,1465,1514,0.1388
46,1461,1507,0.1388
47,1467,1514,0.1388
45,1465,1510,0.1388
46,1466,1512,0.1388
47,1470,1517,0.1388
48,1480,1528,0.1388
49,1485,1534,0.1388
48,1472,1520,0.1388
45,1461,1506,0.1388
46,1467,1513,0.1388
45,1474,1519,0.1388
43,1466,1509,0.1388
44,1471,1515,0.1388
44,1460,1504,0.1388
43,1471,1514,0.1388
42,1479,1521,0.1388
43,1466,1509,0.1388
46,1473,1519,0.1388
47,1462,1509,0.1388
47,1465,1512,0.1388
47,1461,1508,0.1388
47,1457,1504,0.1388
45,1462,1507,0.1388
45,1454,1499,0.1388
45,1474,1519,0.1388
43,1473,1516,0.1388
41,1468,1509,0.1388
40,1470,1510,0.1388
38,1476,1514,0.1388
38,1480,1518,0.1388
36,1473,1509,0.1388
36,1476,1512,0.1388
36,1488,1524,0.1388
34,1495,1529,0.1388
34,1489,1523,0.1388
34,1477,1511,0.1388
33,1474,1507,0.1388
33,1481,1514,0.1388
32,1481,1513,0.1388
32,1477,1509,0.1388
32,1485,1517,0.1388
31,1493,1524,0.1388
33,1494,1527,0.1388
34,1493,1527,0.1388
34,1500,1534,0.1388
34,1510,1544,0.1388
34,1498,1532,0.1388
35,1467,1502,0.1388
34,1467,1501,0.1388
35,1478,1513,0.1388
36,1482,1518,0.1388
37,1494,1531,0.1388
36,1497,1533,0.1388
37,1497,1534,0.1388
35,1491,1526,0.1388
35,1487,1522,0.1388
36,1489,1525,0.1388
35,1484,1519,0.1388
34,1495,1529,0.1388
33,1493,1526,0.1388
33,1494,1527,0.1388
31,1506,1537,0.1388
31,1493,1524,0.1388
31,1499,1530,0.1388
31,1502,1533,0.1388
29,1494,1523,0.1388
27,1489,1516,0.1388
27,1504,1531,0.1388
26,1508,1534,0.1388
26,1500,1526,0.1388
25,1487,1512,0.1388
25,1492,1517,0.1388
24,1493,1517,0.1388
24,1488,1512,0.1388
25,1497,1522,0.1388
27,1478,1505,0.1388
27,1488,1515,0.1388
27,1497,1524,0.1388
27,1492,1519,0.1388
28,1492,1520,0.1388
27,1486,1513,0.1388
26,1495,1521,0.1388
26,1496,1522,0.1388
27,1491,1518,0.1388
28,1492,1520,0.1388
29,1482,1511,0.1388
30,1498,1528,0.1388
31,1499,1530,0.1388
32,1483,1515,0.1388
33,1479,1512,0.1388
31,1475,1506,0.1388
31,1475,1506,0.1388
31,1474,1505,0.1388
31,1476,1507,0.1388
31,1490,1521,0.1388
31,1484,1515,0.1388
30,1484,1514,0.1388
29,1477,1506,0.1388
30,1483,1513,0.1388
31,1495,1526,0.1388
31,1494,1525,0.1388
29,1493,1522,0.1388
28,1476,1504,0.1388
28,1499,1527,0.1388
28,1489,1517,0.1388
26,1499,1525,0.1388
28,1500,1528,0.1388
27,1494,1521,0.1388
28,1488,1516,0.1388
27,1488,1515,0.1388
28,1490,1518,0.1388
28,1482,1510,0.1388
29,1491,1520,0.1388
28,1493,1521,0.1388
28,1488,1516,0.1388
28,1490,1518,0.1388
25,1480,1505,0.1388
24,1474,1498,0.1388
26,1484,1510,0.1388
26,1485,1511,0.1388
25,1491,1516,0.1388
25,1478,1503,0.1388
24,1491,1515,0.1388
24,1491,1515,0.1388
25,1498,1523,0.1388
25,1503,1528,0.1388
24,1507,1531,0.1388
25,1506,1531,0.1388
26,1502,1528,0.1388
27,1492,1519,0.1388
25,1493,1518,0.1388
25,1483,1508,0.1388
25,1494,1519,0.1388
23,1493,1516,0.1388
23,1497,1520,0.1388
20,1500,1520,0.1388
22,1507,1529,0.1388
23,1490,1513,0.1388
22,1491,1513,0.1388
22,1481,1503,0.1388
23,1491,1514,0.1388
23,1502,1525,0.1388
22,1499,1521,0.1388
23,1487,1510,0.1388
22,1504,1526,0.1388
24,1492,1516,0.1388
23,1488,1511,0.1388
23,1493,1516,0.1388
22,1493,1515,0.1388
22,1491,1513,0.1388
22,1497,1519,0.1388
22,1495,1517,0.1388
23,1490,1513,0.1388
24,1487,1511,0.1388
23,1493,1516,0.1388
24,1496,1520,0.1388
21,1494,1515,0.1388
20,1503,1523,0.1388
19,1496,1515,0.1388
19,1508,1527,0.1388
18,1502,1520,0.1388
19,1488,1507,0.1388
19,1487,1506,0.1388
20,1496,1516,0.1388
21,1496,1517,0.1388
21,1482,1503,0.1388
21,1482,1503,0.1388
21,1478,1499,0.1388
22,1478,1500,0.1388
23,1476,1499,0.1388
23,1477,1500,0.1388
22,1476,1498,0.1388
23,1478,1501,0.1388
23,1480,1503,0.1388
23,1473,1496,0.1388
23,1478,1501,0.1388
23,1494,1517,0.1388
23,1494,1517,0.1388
22,1508,1530,0.1388
22,1511,1533,0.1388
20,1515,1535,0.1388
22,1509,1531,0.1388
20,1504,1524,0.1388
20,1506,1526,0.1388
19,1502,1521,0.1388
20,1487,1507,0.1388
21,1483,1504,0.1388
22,1492,1514,0.1388
22,1496,1518,0.1388
20,1501,1521,0.1388
20,1487,1507,0.1388
22,1498,1520,0.1388
24,1493,1517,0.1388
24,1488,1512,0.1388
24,1484,1508,0.1388
23,1488,1511,0.1388
23,1485,1508,0.1388
23,1480,1503,0.1388
24,1486,1510,0.1388
23,1492,1515,0.1388
23,1483,1506,0.1388
24,1476,1500,0.1388
23,1487,1510,0.1388
23,1500,1523,0.1388
24,1504,1528,0.1388
23,1488,1511,0.1388
23,1501,1524,0.1388
21,1502,1523,0.1388
20,1494,1514,0.1388
19,1498,1517,0.1388
19,1496,1515,0.1388
19,1494,1513,0.1388
19,1490,1509,0.1388
20,1492,1512,0.1388
19,1493,1512,0.1388
19,1489,1508,0.1388
18,1487,1505,0.1388
18,1483,1501,0.1388
18,1484,1502,0.1388
20,1495,1515,0.1388
19,1504,1523,0.1388
20,1491,1511,0.1388
20,1500,1520,0.1388
19,1506,1525,0.1388
21,1502,1523,0.1388
20,1503,1523,0.1388
22,1498,1520,0.1388
22,1506,1528,0.1388
22,1509,1531,0.1388
22,1498,1520,0.1388
22,1503,1525,0.1388
22,1492,1514,0.1388
21,1484,1505,0.1388
21,1506,1527,0.1388
20,1501,1521,0.1388
20,1496,1516,0.1388
21,1503,1524,0.1388
22,1493,1515,0.1388
22,1490,1512,0.1388
22,1492,1514,0.1388
21,1508,1529,0.1388
20,1495,1515,0.1388
19,1498,1517,0.1388
19,1506,1525,0.1388
18,1505,1523,0.1388
19,1497,1516,0.1388
18,1510,1528,0.1388
18,1505,1523,0.1388
18,1506,1524,0.1388
19,1495,1514,0.1388
17,1506,1523,0.1388
18,1495,1513,0.1388
19,1504,1523,0.1388
19,1514,1533,0.1388
19,1510,1529,0.1388
20,1499,1519,0.1388
19,1494,1513,0.1388
19,1491,1510,0.1388
19,1487,1506,0.1388
19,1494,1513,0.1388
19,1494,1513,0.1388
18,1482,1500,0.1388
18,1492,1510,0.1388
17,1503,1520,0.1388
17,1488,1505,0.1388
17,1490,1507,0.1388
17,1485,1502,0.1388
17,1502,1519,0.1388
17,1499,1516,0.1388
17,1501,1518,0.1388
18,1507,1525,0.1388
18,1513,1531,0.1388
16,1510,1526,0.1388
17,1504,1521,0.1388
17,1506,1523,0.1388
17,1503,1520,0.1388
16,1500,1516,0.1388
16,1507,1523,0.1388
16,1505,1521,0.1388
17,1506,1523,0.1388
17,1507,1524,0.1388
17,1498,1515,0.1388
17,1507,1524,0.1388
17,1490,1507,0.1388
17,1507,1524,0.1388
17,1503,1520,0.1388
17,1498,1515,0.1388
17,1479,1496,0.1388
15,1493,1508,0.1388
15,1499,1514,0.1388
15,1494,1509,0.1388
15,1492,1507,0.1388
14,1488,1502,0.1388
14,1487,1501,0.1388
13,1504,1517,0.1388
14,1499,1513,0.1388
14,1503,1517,0.1388
14,1497,1511,0.1388
14,1500,1514,0.1388
13,1512,1525,0.1388
13,1506,1519,0.1388
13,1515,1528,0.1388
14,1516,1530,0.1388
14,1502,1516,0.1388
13,1499,1512,0.1388
12,1491,1503,0.1388
12,1516,1528,0.1388
12,1508,1520,0.1388
12,1513,1525,0.1388
12,1503,1515,0.1388
12,1500,1512,0.1388
12,1496,1508,0.1388
12,1490,1502,0.1388
12,1497,1509,0.1388
12,1502,1514,0.1388
12,1499,1511,0.1388
12,1500,1512,0.1388
11,1494,1505,0.1388
11,1507,1518,0.1388
10,1517,1527,0.1388
9,1518,1527,0.1388
9,1503,1512,0.1388
9,1517,1526,0.1388
9,1507,1516,0.1388
8,1510,1518,0.1388
8,1523,1531,0.1388
7,1521,1528,0.1388
7,1521,1528,0.1388
7,1512,1519,0.1388
7,1510,1517,0.1388
6,1504,1510,0.1388
6,1506,1512,0.1388
6,1489,1495,0.1388
6,1489,1495,0.1388
7,1495,1502,0.1388
7,1496,1503,0.1388
7,1489,1496,0.1388
6,1503,1509,0.1388
5,1498,1503,0.1388
5,1495,1500,0.1388
5,1506,1511,0.1388
5,1500,1505,0.1388
5,1504,1509,0.1388
4,1514,1518,0.1388
4,1510,1514,0.1388
4,1501,1505,0.1388
4,1494,1498,0.1388
4,1503,1507,0.1388
4,1502,1506,0.1388
4,1514,1518,0.1388
5,1521,1526,0.1388
6,1512,1518,0.1388
6,1502,1508,0.1388
6,1510,1516,0.1388
7,1507,1514,0.1388
8,1517,1525,0.1388
8,1512,1520,0.1388
8,1506,1514,0.1388
9,1508,1517,0.1388
9,1509,1518,0.1388
8,1510,1518,0.1388
7,1508,1515,0.1388
8,1513,1521,0.1388
7,1510,1517,0.1388
7,1504,1511,0.1388
7,1493,1500,0.1388
8,1495,1503,0.1388
8,1497,1505,0.1388
8,1513,1521,0.1388
8,1506,1514,0.1388
9,1495,1504,0.1388
9,1501,1510,0.1388
8,1506,1514,0.1388
9,1505,1514,0.1388
9,1509,1518,0.1388
9,1514,1523,0.1388
9,1510,1519,0.1388
9,1518,1527,0.1388
8,1503,1511,0.1388
8,1493,1501,0.1388
8,1494,1502,0.1388
8,1492,1500,0.1388
8,1506,1514,0.1388
8,1501,1509,0.1388
9,1509,1518,0.1388
9,1510,1519,0.1388
9,1509,1518,0.1388
7,1504,1511,0.1388
8,1518,1526,0.1388
8,1515,1523,0.1388
8,1516,1524,0.1388
8,1517,1525,0.1388
8,1516,1524,0.1388
8,1508,1516,0.1388
8,1506,1514,0.1388
8,1512,1520,0.1388
9,1526,1535,0.1388
9,1513,1522,0.1388
9,1510,1519,0.1388
7,1512,1519,0.1388
8,1504,1512,0.1388
8,1502,1510,0.1388
8,1510,1518,0.1388
8,1507,1515,0.1388
8,1512,1520,0.1388
8,1514,1522,0.1388
8,1523,1531,0.1388
8,1523,1531,0.1388
8,1516,1524,0.1388
8,1524,1532,0.1388
8,1524,1532,0.1388
8,1517,1525,0.1388
8,1507,1515,0.1388
8,1519,1527,0.1388
9,1506,1515,0.1388
9,1515,1524,0.1388
9,1502,1511,0.1388
9,1498,1507,0.1388
9,1509,1518,0.1388
9,1505,1514,0.1388
9,1499,1508,0.1388
10,1508,1518,0.1388
12,1505,1517,0.1388
12,1501,1513,0.1388
12,1504,1516,0.1388
13,1513,1526,0.1388
12,1501,1513,0.1388
12,1507,1519,0.1388
13,1509,1522,0.1388
13,1505,1518,0.1388
13,1526,1539,0.1388
13,1519,1532,0.1388
13,1516,1529,0.1388
14,1512,1526,0.1388
13,1499,1512,0.1388
15,1499,1514,0.1388
14,1501,1515,0.1388
14,1502,1516,0.1388
13,1497,1510,0.1388
13,1499,1512,0.1388
13,1494,1507,0.1388
13,1494,1507,0.1388
12,1494,1506,0.1388
11,1489,1500,0.1388
11,1502,1513,0.1388
11,1496,1507,0.1388
12,1510,1522,0.1388
12,1512,1524,0.1388
13,1506,1519,0.1388
14,1499,1513,0.1388
14,1504,1518,0.1388
14,1506,1520,0.1388
13,1505,1518,0.1388
13,1513,1526,0.1388
13,1516,1529,0.1388
12,1505,1517,0.1388
12,1511,1523,0.1388
12,1511,1523,0.1388
12,1508,1520,0.1388
13,1507,1520,0.1388
15,1491,1506,0.1388
15,1496,1511,0.1388
14,1498,1512,0.1388
13,1497,1510,0.1388
12,1507,1519,0.1388
14,1492,1506,0.1388
15,1496,1511,0.1388
16,1489,1505,0.1388
16,1509,1525,0.1388
16,1505,1521,0.1388
15,1510,1525,0.1388
16,1512,1528,0.1388
16,1518,1534,0.1388
15,1505,1520,0.1388
15,1513,1528,0.1388
17,1510,1527,0.1388
18,1507,1525,0.1388
18,1505,1523,0.1388
18,1504,1522,0.1388
19,1510,1529,0.1388
20,1504,1524,0.1388
19,1503,1522,0.1388
19,1480,1499,0.1388
20,1477,1497,0.1388
20,1483,1503,0.1388
19,1490,1509,0.1388
20,1481,1501,0.1388
19,1507,1526,0.1388
19,1502,1521,0.1388
20,1517,1537,0.1388
19,1511,1530,0.1388
19,1512,1531,0.1388
19,1501,1520,0.1388
18,1499,1517,0.1388
19,1499,1518,0.1388
19,1484,1503,0.1388
19,1486,1505,0.1388
18,1494,1512,0.1388
17,1490,1507,0.1388
18,1500,1518,0.1388
17,1499,1516,0.1388
17,1502,1519,0.1388
18,1499,1517,0.1388
21,1511,1532,0.1388
21,1515,1536,0.1388
21,1512,1533,0.1388
20,1503,1523,0.1388
20,1499,1519,0.1388
21,1497,1518,0.1388
21,1502,1523,0.1388
21,1501,1522,0.1388
19,1495,1514,0.1388
20,1494,1514,0.1388
22,1507,1529,0.1388
23,1516,1539,0.1388
23,1493,1516,0.1388
23,1491,1514,0.1388
21,1500,1521,0.1388
20,1481,1501,0.1388
16,1504,1520,0.1388
15,1500,1515,0.1388
14,1499,1513,0.1388
16,1504,1520,0.1388
16,1503,1519,0.1388
16,1503,1519,0.1388
16,1501,1517,0.1388
17,1507,1524,0.1388
16,1507,1523,0.1388
16,1499,1515,0.1388
15,1500,1515,0.1388
15,1503,1518,0.1388
16,1496,1512,0.1388
16,1508,1524,0.1388
15,1503,1518,0.1388
16,1510,1526,0.1388
18,1505,1523,0.1388
17,1507,1524,0.1388
17,1494,1511,0.1388
16,1491,1507,0.1388
16,1487,1503,0.1388
18,1506,1524,0.1388
18,1486,1504,0.1388
18,1495,1513,0.1388
18,1495,1513,0.1388
18,1495,1513,0.1388
18,1495,1513,0.1388
18,1503,1521,0.1388
19,1516,1535,0.1388
18,1510,1528,0.1388
19,1501,1520,0.1388
19,1489,1508,0.1388
19,1498,1517,0.1388
19,1490,1509,0.1388
18,1493,1511,0.1388
18,1507,1525,0.1388
17,1512,1529,0.1388
17,1504,1521,0.1388
17,1510,1527,0.1388
17,1511,1528,0.1388
18,1508,1526,0.1388
18,1499,1517,0.1388
18,1495,1513,0.1388
18,1499,1517,0.1388
18,1503,1521,0.1388
18,1508,1526,0.1388
18,1501,1519,0.1388
18,1502,1520,0.1388
18,1507,1525,0.1388
18,1498,1516,0.1388
19,1499,1518,0.1388
18,1499,1517,0.1388
18,1511,1529,0.1388
18,1510,1528,0.1388
19,1506,1525,0.1388
19,1512,1531,0.1388
18,1513,1531,0.1388
17,1516,1533,0.1388
17,1506,1523,0.1388
16,1509,1525,0.1388
15,1509,1524,0.1388
14,1508,1522,0.1388
14,1493,1507,0.1388
14,1496,1510,0.1388
15,1506,1521,0.1388
15,1508,1523,0.1388
14,1497,1511,0.1388
14,1490,1504,0.1388
14,1493,1507,0.1388
14,1493,1507,0.1388
16,1491,1507,0.1388
16,1508,1524,0.1388
17,1504,1521,0.1388
16,1500,1516,0.1388
17,1488,1505,0.1388
17,1498,1515,0.1388
16,1495,1511,0.1388
16,1499,1515,0.1388
16,1502,1518,0.1388
15,1508,1523,0.1388
15,1514,1529,0.1388
15,1508,1523,0.1388
14,1516,1530,0.1388
14,1516,1530,0.1388
14,1514,1528,0.1388
14,1513,1527,0.1388
14,1498,1512,0.1388
14,1496,1510,0.1388
14,1505,1519,0.1388
14,1512,1526,0.1388
14,1500,1514,0.1388
14,1506,1520,0.1388
15,1502,1517,0.1388
14,1498,1512,0.1388
12,1503,1515,0.1388
12,1501,1513,0.1388
11,1507,1518,0.1388
13,1499,1512,0.1388
14,1492,1506,0.1388
14,1488,1502,0.1388
13,1494,1507,0.1388
14,1501,1515,0.1388
15,1507,1522,0.1388
15,1510,1525,0.1388
13,1495,1508,0.1388
13,1495,1508,0.1388
12,1497,1509,0.1388
12,1492,1504,0.1388
11,1485,1496,0.1388
11,1492,1503,0.1388
10,1490,1500,0.1388
10,1506,1516,0.1388
11,1495,1506,0.1388
11,1495,1506,0.1388
11,1492,1503,0.1388
11,1501,1512,0.1388
11,1494,1505,0.1388
11,1498,1509,0.1388
12,1497,1509,0.1388
11,1494,1505,0.1388
11,1497,1508,0.1388
10,1508,1518,0.1388
10,1503,1513,0.1388
10,1506,1516,0.1388
9,1507,1516,0.1388
9,1504,1513,0.1388
7,1498,1505,0.1388
8,1500,1508,0.1388
8,1491,1499,0.1388
8,1486,1494,0.1388
8,1487,1495,0.1388
8,1483,1491,0.1388
8,1498,1506,0.1388
8,1506,1514,0.1388
8,1501,1509,0.1388
8,1494,1502,0.1388
8,1495,1503,0.1388
8,1504,1512,0.1388
7,1508,1515,0.1388
7,1514,1521,0.1388
8,1507,1515,0.1388
8,1504,1512,0.1388
8,1501,1509,0.1388
8,1496,1504,0.1388
8,1501,1509,0.1388
7,1506,1513,0.1388
8,1496,1504,0.1388
8,1494,1502,0.1388
8,1497,1505,0.1388
8,1496,1504,0.1388
8,1492,1500,0.1388
8,1495,1503,0.1388
8,1501,1509,0.1388
8,1514,1522,0.1388
8,1511,1519,0.1388
7,1519,1526,0.1388
7,1520,1527,0.1388
6,1502,1508,0.1388
5,1500,1505,0.1388
5,1521,1526,0.1388
5,1506,1511,0.1388
5,1497,1502,0.1388
5,1500,1505,0.1388
5,1497,1502,0.1388
5,1501,1506,0.1388
5,1507,1512,0.1388
5,1518,1523,0.1388
4,1511,1515,0.1388
4,1510,1514,0.1388
4,1520,1524,0.1388
4,1525,1529,0.1388
4,1515,1519,0.1388
4,1511,1515,0.1388
4,1499,1503,0.1388
4,1512,1516,0.1388
4,1516,1520,0.1388
3,1511,1514,0.1388
4,1503,1507,0.1388
4,1499,1503,0.1388
4,1493,1497,0.1388
4,1498,1502,0.1388
3,1510,1513,0.1388
3,1512,1515,0.1388
3,1516,1519,0.1388
3,1520,1523,0.1388
3,1515,1518,0.1388
3,1509,1512,0.1388
3,1505,1508,0.1388
3,1519,1522,0.1388
3,1508,1511,0.1388
3,1501,1504,0.1388
3,1501,1504,0.1388
3,1508,1511,0.1388
3,1511,1514,0.1388
3,1510,1513,0.1388
3,1509,1512,0.1388
3,1512,1515,0.1388
3,1513,1516,0.1388
3,1518,1521,0.1388
3,1519,1522,0.1388
3,1501,1504,0.1388
3,1495,1498,0.1388
2,1513,1515,0.1388
2,1506,1508,0.1388
2,1512,1514,0.1388
1,1512,1513,0.1388
1,1519,1520,0.1388
1,1532,1533,0.1388
1,1510,1511,0.1388
1,1526,1527,0.1388
1,1514,1515,0.1388
1,1518,1519,0.1388
1,1518,1519,0.1388
1,1507,1508,0.1388
1,1504,1505,0.1388
1,1492,1493,0.1388
1,1501,1502,0.1388
1,1501,1502,0.1388
1,1506,1507,0.1388
1,1518,1519,0.1388
1,1523,1524,0.1388
1,1527,1528,0.1388
1,1532,1533,0.1388
1,1515,1516,0.1388
1,1523,1524,0.1388
1,1539,1540,0.1388
1,1521,1522,0.1388
1,1514,1515,0.1388
1,1496,1497,0.1388
1,1505,1506,0.1388
1,1520,1521,0.1388
1,1520,1521,0.1388
1,1523,1524,0.1388
1,1512,1513,0.1388
1,1493,1494,0.1388
1,1514,1515,0.1388
1,1508,1509,0.1388
1,1515,1516,0.1388
1,1513,1514,0.1388
1,1518,1519,0.1388
1,1522,1523,0.1388
1,1514,1515,0.1388
1,1508,1509,0.1388
1,1512,1513,0.1388
1,1505,1506,0.1388
2,1506,1508,0.1388
2,1532,1534,0.1388
2,1530,1532,0.1388
2,1523,1525,0.1388
2,1521,1523,0.1388
2,1520,1522,0.1388
2,1504,1506,0.1388
2,1516,1518,0.1388
2,1512,1514,0.1388
2,1522,1524,0.1388
2,1531,1533,0.1388
2,1540,1542,0.1388
2,1532,1534,0.1388
2,1518,1520,0.1388
2,1516,1518,0.1388
2,1513,1515,0.1388
2,1511,1513,0.1388
2,1505,1507,0.1388
2,1520,1522,0.1388
1,1520,1521,0.1388
1,1505,1506,0.1388
0,1517,1517,0.1388
