1381,31,1412,0.1388
1407,34,1441,0.1388
1427,32,1459,0.1388
1428,33,1461,0.1388
1441,34,1475,0.1388
1451,35,1486,0.1388
1458,34,1492,0.1388
1464,34,1498,0.1388
1443,33,1476,0.1388
1445,35,1480,0.1388
1445,33,1478,0.1388
1460,34,1494,0.1388
1456,33,1489,0.1388
1460,35,1495,0.1388
1452,34,1486,0.1388
1453,35,1488,0.1388
1454,35,1489,0.1388
1463,35,1498,0.1388
1459,33,1492,0.1388
1447,32,1479,0.1388
1454,32,1486,0.1388
1453,31,1484,0.1388
1461,30,1491,0.1388
1459,32,1491,0.1388
1451,35,1486,0.1388
1463,36,1499,0.1388
1466,36,1502,0.1388
1456,37,1493,0.1388
1448,37,1485,0.1388
1464,33,1497,0.1388
1474,33,1507,0.1388
1461,31,1492,0.1388
1462,31,1493,0.1388
1471,28,1499,0.1388
1455,27,1482,0.1388
1460,29,1489,0.1388
1456,29,1485,0.1388
1467,30,1497,0.1388
1474,31,1505,0.1388
1473,32,1505,0.1388
1469,32,1501,0.1388
1466,33,1499,0.1388
1457,34,1491,0.1388
1461,34,1495,0.1388
1454,36,1490,0.1388
1465,37,1502,0.1388
1457,36,1493,0.1388
1460,37,1497,0.1388
1470,37,1507,0.1388
1473,34,1507,0.1388
1469,36,1505,0.1388
1476,36,1512,0.1388
1457,37,1494,0.1388
1448,37,1485,0.1388
1456,36,1492,0.1388
1444,32,1476,0.1388
1449,32,1481,0.1388
1455,32,1487,0.1388
1449,31,1480,0.1388
1458,31,1489,0.1388
1457,31,1488,0.1388
1443,30,1473,0.1388
1458,29,1487,0.1388
1464,30,1494,0.1388
1449,31,1480,0.1388
1457,28,1485,0.1388
1463,26,1489,0.1388
1475,26,1501,0.1388
1474,26,1500,0.1388
1466,26,1492,0.1388
1450,25,1475,0.1388
1442,25,1467,0.1388
1449,26,1475,0.1388
1450,27,1477,0.1388
1456,27,1483,0.1388
1460,26,1486,0.1388
1456,31,1487,0.1388
1449,32,1481,0.1388
1456,32,1488,0.1388
1467,31,1498,0.1388
1458,31,1489,0.1388
1456,32,1488,0.1388
1458,31,1489,0.1388
1454,34,1488,0.1388
1439,35,1474,0.1388
1429,33,1462,0.1388
1451,35,1486,0.1388
1434,36,1470,0.1388
1435,38,1473,0.1388
1450,36,1486,0.1388
1441,36,1477,0.1388
1445,37,1482,0.1388
1445,39,1484,0.1388
1453,40,1493,0.1388
1467,40,1507,0.1388
1462,39,1501,0.1388
1463,39,1502,0.1388
1454,39,1493,0.1388
1458,39,1497,0.1388
1465,42,1507,0.1388
1455,40,1495,0.1388
1449,43,1492,0.1388
1450,45,1495,0.1388
1454,43,1497,0.1388
1459,41,1500,0.1388
1445,44,1489,0.1388
1452,44,1496,0.1388
1446,43,1489,0.1388
1442,43,1485,0.1388
1454,42,1496,0.1388
1438,43,1481,0.1388
1440,47,1487,0.1388
1448,48,1496,0.1388
1451,48,1499,0.1388
1444,49,1493,0.1388
1443,50,1493,0.1388
1432,54,1486,0.1388
1438,55,1493,0.1388
1430,56,1486,0.1388
1434,56,1490,0.1388
1441,56,1497,0.1388
1440,58,1498,0.1388
1439,61,1500,0.1388
1436,62,1498,0.1388
1441,61,1502,0.1388
1448,60,1508,0.1388
1440,65,1505,0.1388
1417,66,1483,0.1388
1424,67,1491,0.1388
1421,64,1485,0.1388
1423,70,1493,0.1388
1415,70,1485,0.1388
1424,73,1497,0.1388
1435,75,1510,0.1388
1448,72,1520,0.1388
1445,69,1514,0.1388
1437,71,1508,0.1388
1431,70,1501,0.1388
1429,68,1497,0.1388
1438,68,1506,0.1388
1443,66,1509,0.1388
1420,65,1485,0.1388
1413,64,1477,0.1388
1413,61,1474,0.1388
1425,62,1487,0.1388
1425,62,1487,0.1388
1419,65,1484,0.1388
1413,65,1478,0.1388
1432,64,1496,0.1388
1431,63,1494,0.1388
1435,60,1495,0.1388
1438,64,1502,0.1388
1419,68,1487,0.1388
1429,67,1496,0.1388
1449,65,1514,0.1388
1444,65,1509,0.1388
1449,64,1513,0.1388
1443,63,1506,0.1388
1441,62,1503,0.1388
1433,62,1495,0.1388
1423,64,1487,0.1388
1434,66,1500,0.1388
1434,64,1498,0.1388
1432,64,1496,0.1388
1431,67,1498,0.1388
1443,67,1510,0.1388
1449,66,1515,0.1388
1450,66,1516,0.1388
1445,67,1512,0.1388
1433,69,1502,0.1388
1429,71,1500,0.1388
1430,72,1502,0.1388
1416,71,1487,0.1388
1432,72,1504,0.1388
1433,70,1503,0.1388
1418,70,1488,0.1388
1415,71,1486,0.1388
1406,75,1481,0.1388
1410,78,1488,0.1388
1391,79,1470,0.1388
1393,80,1473,0.1388
1416,80,1496,0.1388
1419,79,1498,0.1388
1419,82,1501,0.1388
1415,86,1501,0.1388
1424,89,1513,0.1388
1413,88,1501,0.1388
1407,87,1494,0.1388
1411,87,1498,0.1388
1408,87,1495,0.1388
1413,87,1500,0.1388
1416,83,1499,0.1388
1424,81,1505,0.1388
1414,83,1497,0.1388
1415,82,1497,0.1388
1409,81,1490,0.1388
1406,84,1490,0.1388
1411,88,1499,0.1388
1407,89,1496,0.1388
1406,89,1495,0.1388
1404,87,1491,0.1388
1397,92,1489,0.1388
1415,90,1505,0.1388
1420,90,1510,0.1388
1409,89,1498,0.1388
1402,91,1493,0.1388
1407,95,1502,0.1388
1404,97,1501,0.1388
1404,96,1500,0.1388
1402,96,1498,0.1388
1405,98,1503,0.1388
1406,97,1503,0.1388
1406,100,1506,0.1388
1403,99,1502,0.1388
1386,99,1485,0.1388
1398,100,1498,0.1388
1400,101,1501,0.1388
1393,101,1494,0.1388
1402,102,1504,0.1388
1396,97,1493,0.1388
1390,96,1486,0.1388
1388,93,1481,0.1388
1390,93,1483,0.1388
1391,96,1487,0.1388
1394,97,1491,0.1388
1393,97,1490,0.1388
1392,100,1492,0.1388
1388,96,1484,0.1388
1383,95,1478,0.1388
1392,98,1490,0.1388
1396,96,1492,0.1388
1402,99,1501,0.1388
1396,100,1496,0.1388
1394,100,1494,0.1388
1393,98,1491,0.1388
1388,97,1485,0.1388
1397,97,1494,0.1388
1395,100,1495,0.1388
1410,99,1509,0.1388
1396,103,1499,0.1388
1387,103,1490,0.1388
1380,105,1485,0.1388
1390,103,1493,0.1388
1395,102,1497,0.1388
1373,101,1474,0.1388
1379,101,1480,0.1388
1382,105,1487,0.1388
1381,107,1488,0.1388
1391,108,1499,0.1388
1380,110,1490,0.1388
1370,111,1481,0.1388
1372,113,1485,0.1388
1383,114,1497,0.1388
1379,111,1490,0.1388
1377,108,1485,0.1388
1379,110,1489,0.1388
1383,114,1497,0.1388
1373,116,1489,0.1388
1375,119,1494,0.1388
1374,121,1495,0.1388
1374,120,1494,0.1388
1369,119,1488,0.1388
1379,117,1496,0.1388
1382,117,1499,0.1388
1387,119,1506,0.1388
1386,124,1510,0.1388
1389,127,1516,0.1388
1388,126,1514,0.1388
1376,125,1501,0.1388
1379,127,1506,0.1388
1374,129,1503,0.1388
1364,131,1495,0.1388
1357,130,1487,0.1388
1361,132,1493,0.1388
1367,133,1500,0.1388
1361,136,1497,0.1388
1363,135,1498,0.1388
1368,136,1504,0.1388
1368,136,1504,0.1388
1379,131,1510,0.1388
1377,131,1508,0.1388
1375,132,1507,0.1388
1369,136,1505,0.1388
1356,138,1494,0.1388
1345,141,1486,0.1388
1344,140,1484,0.1388
1354,139,1493,0.1388
1363,140,1503,0.1388
1355,138,1493,0.1388
1361,140,1501,0.1388
1356,142,1498,0.1388
1348,141,1489,0.1388
1338,140,1478,0.1388
1349,144,1493,0.1388
1342,140,1482,0.1388
1342,141,1483,0.1388
1350,140,1490,0.1388
1354,146,1500,0.1388
1357,146,1503,0.1388
1347,144,1491,0.1388
1338,148,1486,0.1388
1341,148,1489,0.1388
1347,149,1496,0.1388
1350,147,1497,0.1388
1344,145,1489,0.1388
1345,142,1487,0.1388
1324,144,1468,0.1388
1328,146,1474,0.1388
1328,151,1479,0.1388
1340,155,1495,0.1388
1348,154,1502,0.1388
1351,154,1505,0.1388
1360,153,1513,0.1388
1359,151,1510,0.1388
1342,154,1496,0.1388
1346,148,1494,0.1388
1360,147,1507,0.1388
1349,145,1494,0.1388
1349,146,1495,0.1388
1334,145,1479,0.1388
1331,149,1480,0.1388
1321,151,1472,0.1388
1319,156,1475,0.1388
1333,157,1490,0.1388
1327,160,1487,0.1388
1327,162,1489,0.1388
1333,165,1498,0.1388
1335,164,1499,0.1388
1323,165,1488,0.1388
1329,167,1496,0.1388
1335,163,1498,0.1388
1341,162,1503,0.1388
1345,160,1505,0.1388
1349,157,1506,0.1388
1340,153,1493,0.1388
1351,156,1507,0.1388
1348,157,1505,0.1388
1354,152,1506,0.1388
1350,154,1504,0.1388
1350,154,1504,0.1388
1348,155,1503,0.1388
1341,152,1493,0.1388
1341,154,1495,0.1388
1332,155,1487,0.1388
1332,158,1490,0.1388
1337,162,1499,0.1388
1341,158,1499,0.1388
1335,153,1488,0.1388
1346,155,1501,0.1388
1337,158,1495,0.1388
1336,160,1496,0.1388
1325,161,1486,0.1388
1325,163,1488,0.1388
1332,163,1495,0.1388
1335,161,1496,0.1388
1329,161,1490,0.1388
1309,160,1469,0.1388
1327,164,1491,0.1388
1321,164,1485,0.1388
1315,165,1480,0.1388
1329,166,1495,0.1388
1331,162,1493,0.1388
1340,160,1500,0.1388
1349,159,1508,0.1388
1334,163,1497,0.1388
1333,160,1493,0.1388
1337,161,1498,0.1388
1335,158,1493,0.1388
1318,161,1479,0.1388
1324,163,1487,0.1388
1309,160,1469,0.1388
1320,165,1485,0.1388
1316,167,1483,0.1388
1331,164,1495,0.1388
1327,164,1491,0.1388
1331,167,1498,0.1388
1335,168,1503,0.1388
1336,168,1504,0.1388
1333,165,1498,0.1388
1335,168,1503,0.1388
1323,170,1493,0.1388
1314,166,1480,0.1388
1299,165,1464,0.1388
1298,166,1464,0.1388
1311,167,1478,0.1388
1317,166,1483,0.1388
1330,169,1499,0.1388
1330,170,1500,0.1388
1338,172,1510,0.1388
1343,173,1516,0.1388
1340,171,1511,0.1388
1337,175,1512,0.1388
1332,175,1507,0.1388
1321,171,1492,0.1388
1304,170,1474,0.1388
1306,165,1471,0.1388
1306,165,1471,0.1388
1301,164,1465,0.1388
1313,168,1481,0.1388
1322,174,1496,0.1388
1332,168,1500,0.1388
1327,167,1494,0.1388
1324,167,1491,0.1388
1328,168,1496,0.1388
1335,169,1504,0.1388
1331,169,1500,0.1388
1332,173,1505,0.1388
1332,170,1502,0.1388
1334,176,1510,0.1388
1329,180,1509,0.1388
1318,177,1495,0.1388
1324,175,1499,0.1388
1318,174,1492,0.1388
1320,172,1492,0.1388
1329,171,1500,0.1388
1323,175,1498,0.1388
1324,172,1496,0.1388
1330,169,1499,0.1388
1324,167,1491,0.1388
1330,166,1496,0.1388
1319,170,1489,0.1388
1322,180,1502,0.1388
1338,179,1517,0.1388
1331,182,1513,0.1388
1321,185,1506,0.1388
1309,183,1492,0.1388
1309,192,1501,0.1388
1295,192,1487,0.1388
1296,192,1488,0.1388
1285,198,1483,0.1388
1287,198,1485,0.1388
1273,198,1471,0.1388
1283,202,1485,0.1388
1299,201,1500,0.1388
1294,204,1498,0.1388
1286,206,1492,0.1388
1286,204,1490,0.1388
1285,202,1487,0.1388
1278,209,1487,0.1388
1274,206,1480,0.1388
1278,205,1483,0.1388
1281,201,1482,0.1388
1301,192,1493,0.1388
1313,193,1506,0.1388
1293,194,1487,0.1388
1292,194,1486,0.1388
1288,194,1482,0.1388
1295,193,1488,0.1388
1293,193,1486,0.1388
1298,193,1491,0.1388
1298,191,1489,0.1388
1306,196,1502,0.1388
1303,193,1496,0.1388
1295,196,1491,0.1388
1291,199,1490,0.1388
1276,199,1475,0.1388
1284,200,1484,0.1388
1281,204,1485,0.1388
1286,205,1491,0.1388
1289,207,1496,0.1388
1276,211,1487,0.1388
1288,212,1500,0.1388
1285,207,1492,0.1388
1273,207,1480,0.1388
1272,208,1480,0.1388
1291,207,1498,0.1388
1289,213,1502,0.1388
1282,213,1495,0.1388
1276,216,1492,0.1388
1269,211,1480,0.1388
1258,209,1467,0.1388
1285,212,1497,0.1388
1285,216,1501,0.1388
1285,218,1503,0.1388
1285,215,1500,0.1388
1283,208,1491,0.1388
1283,206,1489,0.1388
1265,210,1475,0.1388
1269,212,1481,0.1388
1265,217,1482,0.1388
1276,218,1494,0.1388
1278,224,1502,0.1388
1267,222,1489,0.1388
1278,223,1501,0.1388
1286,221,1507,0.1388
1285,223,1508,0.1388
1281,223,1504,0.1388
1260,219,1479,0.1388
1268,225,1493,0.1388
1267,218,1485,0.1388
1265,227,1492,0.1388
1269,231,1500,0.1388
1263,230,1493,0.1388
1265,230,1495,0.1388
1271,232,1503,0.1388
1268,231,1499,0.1388
1273,232,1505,0.1388
1276,230,1506,0.1388
1274,229,1503,0.1388
1275,231,1506,0.1388
1266,229,1495,0.1388
1256,232,1488,0.1388
1254,228,1482,0.1388
1256,228,1484,0.1388
1264,226,1490,0.1388
1257,232,1489,0.1388
1254,236,1490,0.1388
1255,238,1493,0.1388
1253,235,1488,0.1388
1252,233,1485,0.1388
1266,245,1511,0.1388
1265,239,1504,0.1388
1252,240,1492,0.1388
1258,240,1498,0.1388
1261,237,1498,0.1388
1260,236,1496,0.1388
1268,238,1506,0.1388
1267,236,1503,0.1388
1264,234,1498,0.1388
1254,238,1492,0.1388
1251,240,1491,0.1388
1259,237,1496,0.1388
1270,239,1509,0.1388
1278,239,1517,0.1388
1274,235,1509,0.1388
1260,237,1497,0.1388
1248,237,1485,0.1388
1270,237,1507,0.1388
1267,231,1498,0.1388
1262,236,1498,0.1388
1256,238,1494,0.1388
1261,238,1499,0.1388
1275,238,1513,0.1388
1266,240,1506,0.1388
1256,241,1497,0.1388
1262,242,1504,0.1388
1248,243,1491,0.1388
1249,243,1492,0.1388
1248,240,1488,0.1388
1258,244,1502,0.1388
1258,244,1502,0.1388
1264,243,1507,0.1388
1266,250,1516,0.1388
1259,249,1508,0.1388
1251,250,1501,0.1388
1247,249,1496,0.1388
1241,251,1492,0.1388
1241,255,1496,0.1388
1239,255,1494,0.1388
1223,257,1480,0.1388
1223,255,1478,0.1388
1229,259,1488,0.1388
1234,262,1496,0.1388
1227,261,1488,0.1388
1234,259,1493,0.1388
1234,257,1491,0.1388
1226,258,1484,0.1388
1230,257,1487,0.1388
1235,261,1496,0.1388
1237,260,1497,0.1388
1242,265,1507,0.1388
1232,263,1495,0.1388
1227,259,1486,0.1388
1219,264,1483,0.1388
1230,266,1496,0.1388
1222,268,1490,0.1388
1208,272,1480,0.1388
1217,272,1489,0.1388
1226,273,1499,0.1388
1232,274,1506,0.1388
1229,268,1497,0.1388
1226,271,1497,0.1388
1219,269,1488,0.1388
1212,273,1485,0.1388
1217,272,1489,0.1388
1209,271,1480,0.1388
1205,279,1484,0.1388
1213,283,1496,0.1388
1215,283,1498,0.1388
1221,285,1506,0.1388
1218,285,1503,0.1388
1217,293,1510,0.1388
1217,291,1508,0.1388
1201,294,1495,0.1388
1214,290,1504,0.1388
1223,294,1517,0.1388
1209,291,1500,0.1388
1221,289,1510,0.1388
1207,289,1496,0.1388
1205,285,1490,0.1388
1204,283,1487,0.1388
1196,284,1480,0.1388
1204,283,1487,0.1388
1207,286,1493,0.1388
1199,290,1489,0.1388
1203,289,1492,0.1388
1202,290,1492,0.1388
1196,287,1483,0.1388
1193,287,1480,0.1388
1185,286,1471,0.1388
1179,277,1456,0.1388
1183,282,1465,0.1388
1177,287,1464,0.1388
1182,294,1476,0.1388
1181,297,1478,0.1388
1192,301,1493,0.1388
1196,301,1497,0.1388
1188,304,1492,0.1388
1190,302,1492,0.1388
1203,302,1505,0.1388
1193,306,1499,0.1388
1198,307,1505,0.1388
1205,304,1509,0.1388
1193,309,1502,0.1388
1190,310,1500,0.1388
1188,313,1501,0.1388
1186,308,1494,0.1388
1180,311,1491,0.1388
1178,313,1491,0.1388
1180,312,1492,0.1388
1184,310,1494,0.1388
1178,306,1484,0.1388
1183,303,1486,0.1388
1187,300,1487,0.1388
1188,301,1489,0.1388
1196,295,1491,0.1388
1192,293,1485,0.1388
1188,292,1480,0.1388
1196,292,1488,0.1388
1207,292,1499,0.1388
1194,296,1490,0.1388
1194,305,1499,0.1388
1196,309,1505,0.1388
1185,317,1502,0.1388
1184,321,1505,0.1388
1187,316,1503,0.1388
1191,312,1503,0.1388
1202,311,1513,0.1388
1199,309,1508,0.1388
1198,307,1505,0.1388
1193,313,1506,0.1388
1185,313,1498,0.1388
1175,315,1490,0.1388
1177,314,1491,0.1388
1174,309,1483,0.1388
1174,312,1486,0.1388
1161,317,1478,0.1388
1157,319,1476,0.1388
1161,321,1482,0.1388
1175,325,1500,0.1388
1171,324,1495,0.1388
1177,322,1499,0.1388
1177,315,1492,0.1388
1173,314,1487,0.1388
1180,312,1492,0.1388
1184,319,1503,0.1388
1188,319,1507,0.1388
1186,312,1498,0.1388
1192,312,1504,0.1388
1197,311,1508,0.1388
1203,315,1518,0.1388
1207,308,1515,0.1388
1209,314,1523,0.1388
1201,318,1519,0.1388
1178,313,1491,0.1388
1163,314,1477,0.1388
1173,312,1485,0.1388
1166,318,1484,0.1388
1170,313,1483,0.1388
1174,310,1484,0.1388
1164,316,1480,0.1388
1169,322,1491,0.1388
1164,328,1492,0.1388
1158,327,1485,0.1388
1165,326,1491,0.1388
1177,329,1506,0.1388
1174,325,1499,0.1388
1178,327,1505,0.1388
1181,327,1508,0.1388
1178,334,1512,0.1388
1176,331,1507,0.1388
1165,335,1500,0.1388
1164,337,1501,0.1388
1164,335,1499,0.1388
1153,339,1492,0.1388
1160,340,1500,0.1388
1152,330,1482,0.1388
1158,335,1493,0.1388
1160,337,1497,0.1388
1161,345,1506,0.1388
1154,347,1501,0.1388
1166,335,1501,0.1388
1168,337,1505,0.1388
1161,341,1502,0.1388
1158,339,1497,0.1388
1153,336,1489,0.1388
1160,336,1496,0.1388
1161,337,1498,0.1388
1163,337,1500,0.1388
1167,338,1505,0.1388
1159,341,1500,0.1388
1153,350,1503,0.1388
1146,349,1495,0.1388
1143,357,1500,0.1388
1132,355,1487,0.1388
1137,355,1492,0.1388
1137,357,1494,0.1388
1139,351,1490,0.1388
1136,346,1482,0.1388
1131,350,1481,0.1388
1139,352,1491,0.1388
1125,353,1478,0.1388
1135,351,1486,0.1388
1136,354,1490,0.1388
1131,358,1489,0.1388
1122,364,1486,0.1388
1119,365,1484,0.1388
1112,369,1481,0.1388
1109,367,1476,0.1388
1113,364,1477,0.1388
1110,366,1476,0.1388
1127,379,1506,0.1388
1129,373,1502,0.1388
1128,376,1504,0.1388
1122,376,1498,0.1388
1124,380,1504,0.1388
1127,386,1513,0.1388
1121,389,1510,0.1388
1120,393,1513,0.1388
1105,391,1496,0.1388
1097,397,1494,0.1388
1098,394,1492,0.1388
1104,399,1503,0.1388
1106,403,1509,0.1388
1107,403,1510,0.1388
1119,402,1521,0.1388
1105,403,1508,0.1388
1110,405,1515,0.1388
1101,406,1507,0.1388
1091,410,1501,0.1388
1086,414,1500,0.1388
1087,414,1501,0.1388
1088,413,1501,0.1388
1079,414,1493,0.1388
1082,424,1506,0.1388
1083,426,1509,0.1388
1078,425,1503,0.1388
1067,424,1491,0.1388
1069,418,1487,0.1388
1073,413,1486,0.1388
1072,412,1484,0.1388
1072,413,1485,0.1388
1068,408,1476,0.1388
1086,408,1494,0.1388
1086,415,1501,0.1388
1087,408,1495,0.1388
1090,417,1507,0.1388
1085,427,1512,0.1388
1074,432,1506,0.1388
1061,428,1489,0.1388
1063,440,1503,0.1388
1061,448,1509,0.1388
1055,440,1495,0.1388
1054,439,1493,0.1388
1050,442,1492,0.1388
1050,438,1488,0.1388
1058,439,1497,0.1388
1063,443,1506,0.1388
1072,448,1520,0.1388
1068,448,1516,0.1388
1066,445,1511,0.1388
1060,443,1503,0.1388
1063,443,1506,0.1388
1046,447,1493,0.1388
1055,444,1499,0.1388
1050,445,1495,0.1388
1052,441,1493,0.1388
1052,443,1495,0.1388
1050,441,1491,0.1388
1062,445,1507,0.1388
1054,445,1499,0.1388
1069,442,1511,0.1388
1064,443,1507,0.1388
1056,449,1505,0.1388
1058,447,1505,0.1388
1049,448,1497,0.1388
1040,447,1487,0.1388
1044,443,1487,0.1388
1053,443,1496,0.1388
1049,449,1498,0.1388
1045,441,1486,0.1388
1037,443,1480,0.1388
1029,443,1472,0.1388
1035,449,1484,0.1388
1029,453,1482,0.1388
1030,452,1482,0.1388
1026,449,1475,0.1388
1031,454,1485,0.1388
1047,459,1506,0.1388
1051,460,1511,0.1388
1045,461,1506,0.1388
1046,460,1506,0.1388
1063,458,1521,0.1388
1054,451,1505,0.1388
1050,460,1510,0.1388
1046,468,1514,0.1388
1047,470,1517,0.1388
1039,469,1508,0.1388
1032,468,1500,0.1388
1033,458,1491,0.1388
1033,462,1495,0.1388
1027,467,1494,0.1388
1027,468,1495,0.1388
1033,475,1508,0.1388
1026,483,1509,0.1388
1022,479,1501,0.1388
1030,475,1505,0.1388
1033,478,1511,0.1388
1032,480,1512,0.1388
1028,472,1500,0.1388
1032,469,1501,0.1388
1030,470,1500,0.1388
1038,468,1506,0.1388
1041,466,1507,0.1388
1047,464,1511,0.1388
1051,465,1516,0.1388
1041,469,1510,0.1388
1043,465,1508,0.1388
1045,461,1506,0.1388
1037,467,1504,0.1388
1028,473,1501,0.1388
1030,475,1505,0.1388
1025,482,1507,0.1388
1029,474,1503,0.1388
1028,472,1500,0.1388
1026,472,1498,0.1388
1024,474,1498,0.1388
1023,475,1498,0.1388
1009,479,1488,0.1388
1009,481,1490,0.1388
1014,492,1506,0.1388
1016,485,1501,0.1388
1022,480,1502,0.1388
1025,484,1509,0.1388
1015,489,1504,0.1388
1011,490,1501,0.1388
1010,486,1496,0.1388
1010,486,1496,0.1388
1014,497,1511,0.1388
1005,495,1500,0.1388
998,504,1502,0.1388
997,505,1502,0.1388
983,517,1500,0.1388
980,528,1508,0.1388
985,526,1511,0.1388
980,515,1495,0.1388
959,518,1477,0.1388
974,524,1498,0.1388
979,522,1501,0.1388
971,521,1492,0.1388
961,523,1484,0.1388
962,532,1494,0.1388
961,533,1494,0.1388
950,540,1490,0.1388
961,545,1506,0.1388
961,548,1509,0.1388
963,544,1507,0.1388
956,534,1490,0.1388
957,537,1494,0.1388
952,540,1492,0.1388
961,539,1500,0.1388
956,548,1504,0.1388
951,552,1503,0.1388
945,554,1499,0.1388
943,554,1497,0.1388
936,561,1497,0.1388
947,570,1517,0.1388
939,573,1512,0.1388
937,564,1501,0.1388
936,568,1504,0.1388
933,568,1501,0.1388
929,559,1488,0.1388
927,566,1493,0.1388
934,560,1494,0.1388
940,564,1504,0.1388
951,557,1508,0.1388
950,570,1520,0.1388
949,567,1516,0.1388
941,567,1508,0.1388
942,574,1516,0.1388
942,574,1516,0.1388
931,583,1514,0.1388
931,583,1514,0.1388
927,581,1508,0.1388
920,581,1501,0.1388
924,577,1501,0.1388
918,583,1501,0.1388
915,584,1499,0.1388
924,586,1510,0.1388
930,593,1523,0.1388
925,589,1514,0.1388
926,594,1520,0.1388
921,592,1513,0.1388
920,590,1510,0.1388
925,596,1521,0.1388
921,595,1516,0.1388
910,601,1511,0.1388
899,602,1501,0.1388
902,603,1505,0.1388
901,599,1500,0.1388
896,596,1492,0.1388
889,602,1491,0.1388
914,601,1515,0.1388
928,598,1526,0.1388
907,594,1501,0.1388
903,590,1493,0.1388
904,585,1489,0.1388
896,592,1488,0.1388
894,598,1492,0.1388
893,602,1495,0.1388
895,605,1500,0.1388
893,596,1489,0.1388
895,600,1495,0.1388
899,602,1501,0.1388
892,606,1498,0.1388
880,614,1494,0.1388
880,628,1508,0.1388
883,609,1492,0.1388
876,609,1485,0.1388
893,616,1509,0.1388
893,607,1500,0.1388
903,610,1513,0.1388
894,607,1501,0.1388
883,611,1494,0.1388
889,610,1499,0.1388
882,615,1497,0.1388
886,611,1497,0.1388
903,613,1516,0.1388
895,616,1511,0.1388
890,618,1508,0.1388
894,626,1520,0.1388
882,621,1503,0.1388
866,619,1485,0.1388
881,618,1499,0.1388
873,626,1499,0.1388
860,621,1481,0.1388
853,622,1475,0.1388
862,630,1492,0.1388
864,641,1505,0.1388
863,639,1502,0.1388
853,637,1490,0.1388
853,643,1496,0.1388
852,641,1493,0.1388
851,632,1483,0.1388
852,638,1490,0.1388
858,634,1492,0.1388
852,634,1486,0.1388
852,648,1500,0.1388
847,654,1501,0.1388
842,665,1507,0.1388
846,672,1518,0.1388
857,671,1528,0.1388
856,662,1518,0.1388
856,663,1519,0.1388
849,656,1505,0.1388
862,647,1509,0.1388
860,646,1506,0.1388
861,638,1499,0.1388
867,633,1500,0.1388
862,639,1501,0.1388
873,648,1521,0.1388
863,647,1510,0.1388
854,647,1501,0.1388
851,642,1493,0.1388
851,649,1500,0.1388
855,650,1505,0.1388
855,660,1515,0.1388
845,661,1506,0.1388
841,650,1491,0.1388
841,652,1493,0.1388
840,652,1492,0.1388
841,656,1497,0.1388
843,660,1503,0.1388
842,667,1509,0.1388
846,669,1515,0.1388
837,666,1503,0.1388
841,664,1505,0.1388
838,665,1503,0.1388
830,670,1500,0.1388
822,678,1500,0.1388
831,670,1501,0.1388
834,670,1504,0.1388
836,674,1510,0.1388
831,678,1509,0.1388
830,673,1503,0.1388
832,660,1492,0.1388
839,660,1499,0.1388
835,671,1506,0.1388
827,669,1496,0.1388
837,671,1508,0.1388
842,673,1515,0.1388
837,678,1515,0.1388
832,684,1516,0.1388
819,691,1510,0.1388
821,687,1508,0.1388
824,681,1505,0.1388
816,683,1499,0.1388
819,682,1501,0.1388
805,689,1494,0.1388
805,687,1492,0.1388
805,688,1493,0.1388
803,690,1493,0.1388
807,695,1502,0.1388
810,694,1504,0.1388
810,692,1502,0.1388
809,698,1507,0.1388
806,694,1500,0.1388
811,692,1503,0.1388
815,691,1506,0.1388
815,683,1498,0.1388
814,695,1509,0.1388
799,702,1501,0.1388
804,705,1509,0.1388
800,700,1500,0.1388
806,702,1508,0.1388
807,708,1515,0.1388
802,699,1501,0.1388
801,698,1499,0.1388
804,689,1493,0.1388
800,697,1497,0.1388
808,698,1506,0.1388
807,695,1502,0.1388
813,700,1513,0.1388
811,707,1518,0.1388
803,705,1508,0.1388
800,708,1508,0.1388
789,706,1495,0.1388
795,706,1501,0.1388
804,714,1518,0.1388
805,716,1521,0.1388
798,719,1517,0.1388
803,717,1520,0.1388
798,718,1516,0.1388
794,712,1506,0.1388
801,723,1524,0.1388
810,714,1524,0.1388
811,707,1518,0.1388
806,709,1515,0.1388
805,703,1508,0.1388
793,705,1498,0.1388
799,710,1509,0.1388
801,706,1507,0.1388
798,703,1501,0.1388
805,704,1509,0.1388
797,698,1495,0.1388
801,705,1506,0.1388
793,709,1502,0.1388
794,704,1498,0.1388
789,704,1493,0.1388
785,704,1489,0.1388
793,710,1503,0.1388
789,708,1497,0.1388
786,705,1491,0.1388
790,706,1496,0.1388
795,714,1509,0.1388
792,721,1513,0.1388
806,720,1526,0.1388
797,717,1514,0.1388
794,724,1518,0.1388
792,721,1513,0.1388
786,724,1510,0.1388
794,723,1517,0.1388
790,732,1522,0.1388
793,733,1526,0.1388
787,722,1509,0.1388
774,728,1502,0.1388
778,725,1503,0.1388
776,721,1497,0.1388
782,727,1509,0.1388
772,731,1503,0.1388
770,738,1508,0.1388
772,736,1508,0.1388
772,738,1510,0.1388
759,735,1494,0.1388
754,742,1496,0.1388
763,737,1500,0.1388
761,733,1494,0.1388
768,739,1507,0.1388
782,730,1512,0.1388
781,735,1516,0.1388
760,739,1499,0.1388
760,743,1503,0.1388
756,745,1501,0.1388
749,745,1494,0.1388
755,751,1506,0.1388
760,761,1521,0.1388
757,750,1507,0.1388
753,751,1504,0.1388
755,745,1500,0.1388
754,744,1498,0.1388
749,743,1492,0.1388
752,749,1501,0.1388
755,750,1505,0.1388
758,749,1507,0.1388
759,746,1505,0.1388
762,755,1517,0.1388
764,755,1519,0.1388
753,758,1511,0.1388
748,758,1506,0.1388
741,761,1502,0.1388
742,749,1491,0.1388
731,750,1481,0.1388
735,754,1489,0.1388
734,745,1479,0.1388
737,756,1493,0.1388
746,761,1507,0.1388
744,760,1504,0.1388
745,759,1504,0.1388
753,760,1513,0.1388
757,757,1514,0.1388
748,751,1499,0.1388
743,756,1499,0.1388
737,761,1498,0.1388
735,768,1503,0.1388
746,757,1503,0.1388
747,770,1517,0.1388
751,765,1516,0.1388
734,761,1495,0.1388
740,756,1496,0.1388
742,768,1510,0.1388
738,774,1512,0.1388
736,770,1506,0.1388
735,769,1504,0.1388
728,771,1499,0.1388
720,784,1504,0.1388
726,783,1509,0.1388
732,778,1510,0.1388
737,778,1515,0.1388
735,786,1521,0.1388
723,791,1514,0.1388
725,786,1511,0.1388
724,785,1509,0.1388
730,790,1520,0.1388
727,790,1517,0.1388
730,797,1527,0.1388
714,790,1504,0.1388
718,790,1508,0.1388
719,792,1511,0.1388
716,794,1510,0.1388
718,803,1521,0.1388
718,789,1507,0.1388
712,786,1498,0.1388
711,793,1504,0.1388
715,803,1518,0.1388
716,806,1522,0.1388
710,802,1512,0.1388
712,809,1521,0.1388
703,810,1513,0.1388
703,804,1507,0.1388
692,807,1499,0.1388
696,804,1500,0.1388
699,822,1521,0.1388
691,820,1511,0.1388
692,820,1512,0.1388
680,823,1503,0.1388
678,828,1506,0.1388
669,840,1509,0.1388
677,831,1508,0.1388
670,830,1500,0.1388
671,838,1509,0.1388
674,844,1518,0.1388
671,848,1519,0.1388
670,850,1520,0.1388
680,852,1532,0.1388
678,847,1525,0.1388
677,842,1519,0.1388
673,843,1516,0.1388
678,839,1517,0.1388
669,855,1524,0.1388
670,848,1518,0.1388
669,842,1511,0.1388
661,843,1504,0.1388
661,835,1496,0.1388
660,831,1491,0.1388
660,830,1490,0.1388
655,823,1478,0.1388
662,834,1496,0.1388
663,848,1511,0.1388
661,851,1512,0.1388
658,848,1506,0.1388
657,856,1513,0.1388
661,858,1519,0.1388
659,870,1529,0.1388
656,861,1517,0.1388
652,852,1504,0.1388
653,860,1513,0.1388
647,860,1507,0.1388
653,861,1514,0.1388
662,863,1525,0.1388
658,859,1517,0.1388
656,865,1521,0.1388
649,858,1507,0.1388
640,857,1497,0.1388
637,867,1504,0.1388
632,857,1489,0.1388
634,871,1505,0.1388
643,863,1506,0.1388
647,870,1517,0.1388
636,882,1518,0.1388
647,880,1527,0.1388
641,881,1522,0.1388
640,878,1518,0.1388
636,869,1505,0.1388
627,872,1499,0.1388
627,876,1503,0.1388
629,874,1503,0.1388
631,870,1501,0.1388
633,871,1504,0.1388
633,862,1495,0.1388
636,862,1498,0.1388
623,854,1477,0.1388
628,852,1480,0.1388
612,861,1473,0.1388
615,867,1482,0.1388
626,873,1499,0.1388
629,884,1513,0.1388
626,887,1513,0.1388
636,890,1526,0.1388
641,887,1528,0.1388
627,879,1506,0.1388
625,882,1507,0.1388
625,886,1511,0.1388
617,879,1496,0.1388
611,878,1489,0.1388
606,884,1490,0.1388
606,880,1486,0.1388
602,890,1492,0.1388
605,894,1499,0.1388
606,892,1498,0.1388
603,899,1502,0.1388
600,905,1505,0.1388
604,907,1511,0.1388
599,911,1510,0.1388
591,917,1508,0.1388
594,926,1520,0.1388
591,923,1514,0.1388
600,920,1520,0.1388
597,918,1515,0.1388
596,918,1514,0.1388
590,927,1517,0.1388
589,937,1526,0.1388
594,928,1522,0.1388
588,925,1513,0.1388
586,927,1513,0.1388
579,936,1515,0.1388
579,926,1505,0.1388
573,922,1495,0.1388
573,931,1504,0.1388
581,942,1523,0.1388
581,925,1506,0.1388
572,921,1493,0.1388
578,931,1509,0.1388
586,932,1518,0.1388
583,928,1511,0.1388
580,928,1508,0.1388
574,937,1511,0.1388
567,938,1505,0.1388
563,940,1503,0.1388
559,947,1506,0.1388
567,949,1516,0.1388
573,948,1521,0.1388
568,940,1508,0.1388
557,944,1501,0.1388
549,941,1490,0.1388
556,946,1502,0.1388
551,946,1497,0.1388
549,953,1502,0.1388
544,947,1491,0.1388
551,949,1500,0.1388
551,951,1502,0.1388
552,944,1496,0.1388
557,954,1511,0.1388
551,960,1511,0.1388
545,964,1509,0.1388
552,953,1505,0.1388
551,964,1515,0.1388
548,978,1526,0.1388
551,978,1529,0.1388
540,971,1511,0.1388
539,968,1507,0.1388
540,961,1501,0.1388
546,958,1504,0.1388
551,966,1517,0.1388
544,963,1507,0.1388
542,960,1502,0.1388
544,962,1506,0.1388
544,968,1512,0.1388
542,965,1507,0.1388
548,956,1504,0.1388
545,956,1501,0.1388
554,961,1515,0.1388
553,949,1502,0.1388
556,948,1504,0.1388
558,952,1510,0.1388
552,964,1516,0.1388
553,955,1508,0.1388
543,942,1485,0.1388
547,957,1504,0.1388
544,965,1509,0.1388
543,970,1513,0.1388
545,963,1508,0.1388
547,968,1515,0.1388
546,961,1507,0.1388
552,949,1501,0.1388
547,954,1501,0.1388
549,956,1505,0.1388
548,954,1502,0.1388
550,966,1516,0.1388
541,969,1510,0.1388
550,968,1518,0.1388
549,968,1517,0.1388
548,967,1515,0.1388
543,973,1516,0.1388
543,975,1518,0.1388
542,973,1515,0.1388
549,970,1519,0.1388
547,973,1520,0.1388
538,966,1504,0.1388
533,961,1494,0.1388
538,971,1509,0.1388
539,983,1522,0.1388
535,985,1520,0.1388
534,975,1509,0.1388
538,961,1499,0.1388
536,965,1501,0.1388
537,970,1507,0.1388
531,978,1509,0.1388
539,979,1518,0.1388
533,969,1502,0.1388
534,967,1501,0.1388
533,975,1508,0.1388
531,968,1499,0.1388
532,966,1498,0.1388
534,976,1510,0.1388
535,970,1505,0.1388
535,961,1496,0.1388
521,977,1498,0.1388
528,974,1502,0.1388
532,968,1500,0.1388
541,977,1518,0.1388
528,986,1514,0.1388
533,984,1517,0.1388
539,982,1521,0.1388
538,986,1524,0.1388
541,978,1519,0.1388
538,977,1515,0.1388
544,972,1516,0.1388
541,968,1509,0.1388
548,969,1517,0.1388
546,975,1521,0.1388
538,972,1510,0.1388
532,965,1497,0.1388
531,976,1507,0.1388
531,984,1515,0.1388
523,983,1506,0.1388
526,972,1498,0.1388
525,980,1505,0.1388
526,979,1505,0.1388
532,981,1513,0.1388
530,981,1511,0.1388
526,984,1510,0.1388
521,998,1519,0.1388
518,1000,1518,0.1388
514,998,1512,0.1388
516,1004,1520,0.1388
517,993,1510,0.1388
517,987,1504,0.1388
512,993,1505,0.1388
513,992,1505,0.1388
516,1004,1520,0.1388
514,993,1507,0.1388
516,995,1511,0.1388
519,995,1514,0.1388
513,987,1500,0.1388
515,990,1505,0.1388
519,999,1518,0.1388
509,998,1507,0.1388
512,991,1503,0.1388
512,990,1502,0.1388
506,986,1492,0.1388
512,987,1499,0.1388
520,987,1507,0.1388
526,992,1518,0.1388
522,994,1516,0.1388
522,987,1509,0.1388
517,998,1515,0.1388
513,995,1508,0.1388
509,995,1504,0.1388
517,988,1505,0.1388
522,983,1505,0.1388
527,993,1520,0.1388
529,997,1526,0.1388
525,1010,1535,0.1388
522,999,1521,0.1388
514,1001,1515,0.1388
518,999,1517,0.1388
518,989,1507,0.1388
516,992,1508,0.1388
513,1000,1513,0.1388
513,994,1507,0.1388
511,992,1503,0.1388
519,992,1511,0.1388
518,990,1508,0.1388
516,986,1502,0.1388
514,1000,1514,0.1388
517,1002,1519,0.1388
509,1008,1517,0.1388
501,1008,1509,0.1388
500,1010,1510,0.1388
506,999,1505,0.1388
507,1002,1509,0.1388
497,1009,1506,0.1388
497,1016,1513,0.1388
502,1020,1522,0.1388
508,1010,1518,0.1388
498,1018,1516,0.1388
494,1018,1512,0.1388
492,1030,1522,0.1388
492,1028,1520,0.1388
490,1029,1519,0.1388
487,1027,1514,0.1388
485,1025,1510,0.1388
485,1012,1497,0.1388
491,1012,1503,0.1388
489,1005,1494,0.1388
489,1011,1500,0.1388
488,1009,1497,0.1388
492,1015,1507,0.1388
489,1020,1509,0.1388
487,1027,1514,0.1388
490,1025,1515,0.1388
483,1029,1512,0.1388
483,1020,1503,0.1388
486,1013,1499,0.1388
483,1017,1500,0.1388
486,1016,1502,0.1388
488,1012,1500,0.1388
487,1012,1499,0.1388
501,1019,1520,0.1388
498,1023,1521,0.1388
494,1011,1505,0.1388
487,1021,1508,0.1388
492,1014,1506,0.1388
494,1012,1506,0.1388
487,1018,1505,0.1388
487,1023,1510,0.1388
489,1027,1516,0.1388
488,1033,1521,0.1388
491,1026,1517,0.1388
485,1022,1507,0.1388
480,1023,1503,0.1388
480,1024,1504,0.1388
474,1020,1494,0.1388
475,1027,1502,0.1388
476,1025,1501,0.1388
477,1018,1495,0.1388
480,1022,1502,0.1388
475,1026,1501,0.1388
484,1018,1502,0.1388
475,1018,1493,0.1388
480,1018,1498,0.1388
485,1012,1497,0.1388
482,1027,1509,0.1388
479,1032,1511,0.1388
480,1035,1515,0.1388
481,1035,1516,0.1388
486,1030,1516,0.1388
481,1024,1505,0.1388
479,1024,1503,0.1388
481,1024,1505,0.1388
485,1020,1505,0.1388
484,1016,1500,0.1388
484,1019,1503,0.1388
474,1021,1495,0.1388
480,1019,1499,0.1388
476,1034,1510,0.1388
481,1040,1521,0.1388
481,1036,1517,0.1388
480,1032,1512,0.1388
478,1032,1510,0.1388
484,1032,1516,0.1388
482,1029,1511,0.1388
479,1039,1518,0.1388
481,1041,1522,0.1388
483,1037,1520,0.1388
489,1039,1528,0.1388
491,1033,1524,0.1388
481,1028,1509,0.1388
474,1021,1495,0.1388
470,1026,1496,0.1388
478,1016,1494,0.1388
485,1016,1501,0.1388
473,1030,1503,0.1388
479,1025,1504,0.1388
472,1033,1505,0.1388
475,1043,1518,0.1388
477,1043,1520,0.1388
475,1037,1512,0.1388
474,1039,1513,0.1388
480,1044,1524,0.1388
483,1036,1519,0.1388
481,1039,1520,0.1388
478,1041,1519,0.1388
469,1036,1505,0.1388
476,1036,1512,0.1388
468,1043,1511,0.1388
467,1045,1512,0.1388
461,1047,1508,0.1388
463,1045,1508,0.1388
467,1058,1525,0.1388
457,1052,1509,0.1388
460,1041,1501,0.1388
466,1040,1506,0.1388
463,1042,1505,0.1388
469,1038,1507,0.1388
470,1049,1519,0.1388
477,1052,1529,0.1388
472,1045,1517,0.1388
484,1047,1531,0.1388
483,1043,1526,0.1388
477,1044,1521,0.1388
478,1041,1519,0.1388
477,1050,1527,0.1388
472,1039,1511,0.1388
462,1047,1509,0.1388
449,1053,1502,0.1388
452,1040,1492,0.1388
455,1052,1507,0.1388
451,1058,1509,0.1388
454,1054,1508,0.1388
453,1057,1510,0.1388
450,1065,1515,0.1388
453,1064,1517,0.1388
455,1061,1516,0.1388
454,1056,1510,0.1388
454,1060,1514,0.1388
456,1063,1519,0.1388
454,1063,1517,0.1388
451,1059,1510,0.1388
446,1057,1503,0.1388
441,1060,1501,0.1388
442,1076,1518,0.1388
448,1072,1520,0.1388
449,1075,1524,0.1388
439,1070,1509,0.1388
445,1070,1515,0.1388
440,1074,1514,0.1388
439,1069,1508,0.1388
439,1081,1520,0.1388
437,1071,1508,0.1388
437,1074,1511,0.1388
437,1076,1513,0.1388
435,1070,1505,0.1388
436,1066,1502,0.1388
434,1067,1501,0.1388
431,1063,1494,0.1388
428,1079,1507,0.1388
426,1075,1501,0.1388
433,1083,1516,0.1388
429,1083,1512,0.1388
426,1080,1506,0.1388
419,1087,1506,0.1388
421,1093,1514,0.1388
420,1098,1518,0.1388
421,1090,1511,0.1388
418,1091,1509,0.1388
417,1104,1521,0.1388
417,1111,1528,0.1388
418,1098,1516,0.1388
416,1100,1516,0.1388
418,1090,1508,0.1388
415,1088,1503,0.1388
411,1091,1502,0.1388
413,1093,1506,0.1388
414,1102,1516,0.1388
412,1109,1521,0.1388
412,1116,1528,0.1388
405,1105,1510,0.1388
404,1115,1519,0.1388
408,1116,1524,0.1388
403,1123,1526,0.1388
402,1117,1519,0.1388
402,1122,1524,0.1388
396,1107,1503,0.1388
395,1103,1498,0.1388
391,1107,1498,0.1388
398,1121,1519,0.1388
404,1111,1515,0.1388
402,1115,1517,0.1388
402,1117,1519,0.1388
400,1119,1519,0.1388
399,1120,1519,0.1388
399,1122,1521,0.1388
404,1121,1525,0.1388
402,1112,1514,0.1388
401,1112,1513,0.1388
395,1112,1507,0.1388
394,1115,1509,0.1388
393,1109,1502,0.1388
381,1110,1491,0.1388
387,1114,1501,0.1388
394,1113,1507,0.1388
389,1118,1507,0.1388
382,1127,1509,0.1388
374,1131,1505,0.1388
371,1133,1504,0.1388
363,1131,1494,0.1388
371,1134,1505,0.1388
373,1133,1506,0.1388
368,1133,1501,0.1388
370,1130,1500,0.1388
363,1139,1502,0.1388
369,1153,1522,0.1388
366,1151,1517,0.1388
360,1157,1517,0.1388
361,1150,1511,0.1388
357,1153,1510,0.1388
361,1157,1518,0.1388
359,1162,1521,0.1388
361,1159,1520,0.1388
358,1160,1518,0.1388
356,1168,1524,0.1388
356,1169,1525,0.1388
351,1160,1511,0.1388
353,1154,1507,0.1388
353,1145,1498,0.1388
364,1152,1516,0.1388
361,1158,1519,0.1388
358,1164,1522,0.1388
361,1164,1525,0.1388
359,1165,1524,0.1388
358,1168,1526,0.1388
349,1159,1508,0.1388
346,1161,1507,0.1388
351,1154,1505,0.1388
352,1162,1514,0.1388
350,1164,1514,0.1388
351,1166,1517,0.1388
346,1166,1512,0.1388
348,1170,1518,0.1388
349,1175,1524,0.1388
353,1174,1527,0.1388
347,1177,1524,0.1388
343,1177,1520,0.1388
348,1170,1518,0.1388
344,1165,1509,0.1388
337,1166,1503,0.1388
332,1180,1512,0.1388
333,1177,1510,0.1388
331,1188,1519,0.1388
325,1197,1522,0.1388
326,1191,1517,0.1388
323,1182,1505,0.1388
322,1186,1508,0.1388
323,1189,1512,0.1388
321,1192,1513,0.1388
325,1197,1522,0.1388
323,1207,1530,0.1388
321,1210,1531,0.1388
324,1202,1526,0.1388
321,1197,1518,0.1388
317,1187,1504,0.1388
320,1184,1504,0.1388
320,1181,1501,0.1388
316,1177,1493,0.1388
319,1170,1489,0.1388
320,1174,1494,0.1388
319,1171,1490,0.1388
320,1170,1490,0.1388
324,1173,1497,0.1388
319,1184,1503,0.1388
316,1194,1510,0.1388
317,1192,1509,0.1388
319,1184,1503,0.1388
321,1190,1511,0.1388
327,1197,1524,0.1388
321,1190,1511,0.1388
322,1190,1512,0.1388
317,1189,1506,0.1388
319,1196,1515,0.1388
323,1183,1506,0.1388
321,1195,1516,0.1388
318,1192,1510,0.1388
320,1187,1507,0.1388
320,1199,1519,0.1388
321,1191,1512,0.1388
322,1190,1512,0.1388
322,1187,1509,0.1388
319,1182,1501,0.1388
316,1180,1496,0.1388
313,1177,1490,0.1388
316,1189,1505,0.1388
323,1201,1524,0.1388
323,1197,1520,0.1388
313,1200,1513,0.1388
313,1202,1515,0.1388
314,1198,1512,0.1388
314,1193,1507,0.1388
311,1195,1506,0.1388
317,1204,1521,0.1388
316,1205,1521,0.1388
316,1210,1526,0.1388
315,1196,1511,0.1388
309,1200,1509,0.1388
305,1206,1511,0.1388
315,1200,1515,0.1388
313,1192,1505,0.1388
315,1195,1510,0.1388
314,1204,1518,0.1388
312,1197,1509,0.1388
305,1202,1507,0.1388
310,1196,1506,0.1388
307,1190,1497,0.1388
310,1178,1488,0.1388
311,1188,1499,0.1388
314,1188,1502,0.1388
311,1193,1504,0.1388
312,1192,1504,0.1388
320,1190,1510,0.1388
317,1199,1516,0.1388
317,1196,1513,0.1388
320,1196,1516,0.1388
319,1195,1514,0.1388
314,1187,1501,0.1388
316,1193,1509,0.1388
322,1200,1522,0.1388
321,1186,1507,0.1388
316,1193,1509,0.1388
317,1195,1512,0.1388
316,1195,1511,0.1388
315,1193,1508,0.1388
309,1200,1509,0.1388
310,1198,1508,0.1388
306,1192,1498,0.1388
313,1200,1513,0.1388
306,1199,1505,0.1388
308,1194,1502,0.1388
303,1208,1511,0.1388
300,1211,1511,0.1388
295,1223,1518,0.1388
296,1222,1518,0.1388
294,1208,1502,0.1388
293,1203,1496,0.1388
296,1207,1503,0.1388
299,1199,1498,0.1388
297,1202,1499,0.1388
296,1211,1507,0.1388
296,1212,1508,0.1388
292,1217,1509,0.1388
286,1209,1495,0.1388
291,1208,1499,0.1388
292,1211,1503,0.1388
300,1214,1514,0.1388
295,1215,1510,0.1388
297,1227,1524,0.1388
303,1219,1522,0.1388
300,1208,1508,0.1388
299,1213,1512,0.1388
299,1231,1530,0.1388
298,1234,1532,0.1388
290,1225,1515,0.1388
285,1228,1513,0.1388
292,1229,1521,0.1388
292,1219,1511,0.1388
292,1216,1508,0.1388
283,1217,1500,0.1388
288,1227,1515,0.1388
287,1240,1527,0.1388
276,1241,1517,0.1388
281,1239,1520,0.1388
280,1236,1516,0.1388
276,1237,1513,0.1388
278,1236,1514,0.1388
279,1238,1517,0.1388
286,1240,1526,0.1388
283,1242,1525,0.1388
281,1235,1516,0.1388
277,1230,1507,0.1388
277,1238,1515,0.1388
274,1238,1512,0.1388
274,1253,1527,0.1388
278,1238,1516,0.1388
274,1217,1491,0.1388
274,1235,1509,0.1388
275,1228,1503,0.1388
270,1239,1509,0.1388
271,1243,1514,0.1388
271,1235,1506,0.1388
269,1232,1501,0.1388
272,1239,1511,0.1388
265,1244,1509,0.1388
263,1233,1496,0.1388
263,1227,1490,0.1388
272,1237,1509,0.1388
269,1240,1509,0.1388
267,1246,1513,0.1388
270,1246,1516,0.1388
269,1238,1507,0.1388
275,1241,1516,0.1388
275,1242,1517,0.1388
281,1236,1517,0.1388
282,1227,1509,0.1388
279,1230,1509,0.1388
286,1223,1509,0.1388
282,1225,1507,0.1388
280,1230,1510,0.1388
282,1232,1514,0.1388
276,1233,1509,0.1388
274,1221,1495,0.1388
278,1222,1500,0.1388
281,1221,1502,0.1388
282,1223,1505,0.1388
278,1230,1508,0.1388
276,1237,1513,0.1388
274,1246,1520,0.1388
266,1260,1526,0.1388
267,1262,1529,0.1388
267,1254,1521,0.1388
269,1247,1516,0.1388
264,1249,1513,0.1388
261,1250,1511,0.1388
260,1260,1520,0.1388
258,1247,1505,0.1388
254,1256,1510,0.1388
249,1262,1511,0.1388
254,1266,1520,0.1388
254,1267,1521,0.1388
252,1256,1508,0.1388
252,1258,1510,0.1388
252,1269,1521,0.1388
245,1267,1512,0.1388
243,1273,1516,0.1388
249,1274,1523,0.1388
247,1273,1520,0.1388
239,1267,1506,0.1388
237,1258,1495,0.1388
235,1267,1502,0.1388
239,1286,1525,0.1388
241,1281,1522,0.1388
238,1277,1515,0.1388
240,1268,1508,0.1388
240,1281,1521,0.1388
242,1278,1520,0.1388
243,1276,1519,0.1388
241,1279,1520,0.1388
237,1290,1527,0.1388
234,1283,1517,0.1388
233,1282,1515,0.1388
233,1284,1517,0.1388
233,1283,1516,0.1388
227,1280,1507,0.1388
227,1292,1519,0.1388
223,1286,1509,0.1388
226,1287,1513,0.1388
221,1283,1504,0.1388
216,1293,1509,0.1388
213,1279,1492,0.1388
206,1303,1509,0.1388
207,1287,1494,0.1388
214,1283,1497,0.1388
214,1287,1501,0.1388
213,1289,1502,0.1388
208,1300,1508,0.1388
210,1312,1522,0.1388
206,1302,1508,0.1388
208,1301,1509,0.1388
207,1298,1505,0.1388
209,1295,1504,0.1388
206,1297,1503,0.1388
205,1311,1516,0.1388
208,1295,1503,0.1388
207,1302,1509,0.1388
204,1314,1518,0.1388
203,1318,1521,0.1388
203,1316,1519,0.1388
212,1304,1516,0.1388
211,1305,1516,0.1388
214,1294,1508,0.1388
209,1303,1512,0.1388
209,1300,1509,0.1388
208,1290,1498,0.1388
215,1291,1506,0.1388
216,1302,1518,0.1388
208,1284,1492,0.1388
212,1288,1500,0.1388
207,1301,1508,0.1388
209,1299,1508,0.1388
203,1296,1499,0.1388
202,1308,1510,0.1388
202,1311,1513,0.1388
205,1313,1518,0.1388
210,1326,1536,0.1388
207,1320,1527,0.1388
206,1333,1539,0.1388
209,1323,1532,0.1388
210,1324,1534,0.1388
204,1320,1524,0.1388
193,1332,1525,0.1388
194,1318,1512,0.1388
193,1314,1507,0.1388
191,1324,1515,0.1388
196,1318,1514,0.1388
199,1319,1518,0.1388
199,1323,1522,0.1388
199,1317,1516,0.1388
194,1325,1519,0.1388
189,1324,1513,0.1388
191,1340,1531,0.1388
189,1342,1531,0.1388
186,1341,1527,0.1388
182,1333,1515,0.1388
184,1329,1513,0.1388
188,1328,1516,0.1388
182,1325,1507,0.1388
181,1335,1516,0.1388
186,1334,1520,0.1388
185,1335,1520,0.1388
187,1333,1520,0.1388
185,1331,1516,0.1388
184,1335,1519,0.1388
178,1335,1513,0.1388
179,1343,1522,0.1388
181,1340,1521,0.1388
181,1348,1529,0.1388
179,1339,1518,0.1388
171,1328,1499,0.1388
174,1329,1503,0.1388
174,1351,1525,0.1388
171,1342,1513,0.1388
174,1340,1514,0.1388
174,1338,1512,0.1388
176,1346,1522,0.1388
172,1341,1513,0.1388
171,1336,1507,0.1388
173,1327,1500,0.1388
173,1332,1505,0.1388
171,1341,1512,0.1388
173,1334,1507,0.1388
173,1343,1516,0.1388
173,1337,1510,0.1388
173,1345,1518,0.1388
171,1347,1518,0.1388
166,1338,1504,0.1388
166,1350,1516,0.1388
167,1355,1522,0.1388
166,1353,1519,0.1388
166,1354,1520,0.1388
162,1355,1517,0.1388
159,1362,1521,0.1388
161,1354,1515,0.1388
161,1352,1513,0.1388
160,1344,1504,0.1388
153,1336,1489,0.1388
155,1349,1504,0.1388
157,1344,1501,0.1388
161,1341,1502,0.1388
156,1350,1506,0.1388
159,1351,1510,0.1388
159,1350,1509,0.1388
156,1348,1504,0.1388
157,1355,1512,0.1388
159,1338,1497,0.1388
157,1353,1510,0.1388
166,1350,1516,0.1388
165,1350,1515,0.1388
160,1347,1507,0.1388
163,1365,1528,0.1388
156,1371,1527,0.1388
153,1368,1521,0.1388
153,1370,1523,0.1388
150,1375,1525,0.1388
149,1371,1520,0.1388
147,1370,1517,0.1388
146,1372,1518,0.1388
142,1368,1510,0.1388
142,1372,1514,0.1388
142,1383,1525,0.1388
139,1374,1513,0.1388
140,1367,1507,0.1388
143,1381,1524,0.1388
143,1382,1525,0.1388
142,1372,1514,0.1388
148,1381,1529,0.1388
144,1368,1512,0.1388
146,1365,1511,0.1388
143,1366,1509,0.1388
146,1364,1510,0.1388
145,1378,1523,0.1388
143,1366,1509,0.1388
143,1347,1490,0.1388
142,1364,1506,0.1388
136,1358,1494,0.1388
137,1375,1512,0.1388
140,1385,1525,0.1388
140,1383,1523,0.1388
141,1391,1532,0.1388
141,1393,1534,0.1388
141,1389,1530,0.1388
141,1382,1523,0.1388
140,1390,1530,0.1388
139,1386,1525,0.1388
136,1375,1511,0.1388
139,1368,1507,0.1388
140,1363,1503,0.1388
139,1368,1507,0.1388
141,1373,1514,0.1388
142,1368,1510,0.1388
140,1369,1509,0.1388
139,1375,1514,0.1388
137,1373,1510,0.1388
137,1370,1507,0.1388
134,1368,1502,0.1388
134,1371,1505,0.1388
132,1371,1503,0.1388
129,1365,1494,0.1388
133,1364,1497,0.1388
128,1388,1516,0.1388
125,1379,1504,0.1388
124,1374,1498,0.1388
125,1396,1521,0.1388
118,1390,1508,0.1388
122,1379,1501,0.1388
122,1375,1497,0.1388
123,1378,1501,0.1388
123,1392,1515,0.1388
122,1387,1509,0.1388
119,1410,1529,0.1388
117,1408,1525,0.1388
116,1401,1517,0.1388
115,1403,1518,0.1388
115,1408,1523,0.1388
113,1415,1528,0.1388
110,1415,1525,0.1388
108,1403,1511,0.1388
102,1403,1505,0.1388
104,1406,1510,0.1388
107,1393,1500,0.1388
108,1401,1509,0.1388
111,1396,1507,0.1388
114,1410,1524,0.1388
117,1416,1533,0.1388
118,1412,1530,0.1388
118,1401,1519,0.1388
119,1404,1523,0.1388
122,1400,1522,0.1388
118,1397,1515,0.1388
114,1387,1501,0.1388
116,1377,1493,0.1388
114,1380,1494,0.1388
113,1389,1502,0.1388
113,1403,1516,0.1388
114,1393,1507,0.1388
112,1389,1501,0.1388
112,1393,1505,0.1388
111,1395,1506,0.1388
109,1401,1510,0.1388
111,1400,1511,0.1388
111,1402,1513,0.1388
111,1405,1516,0.1388
111,1413,1524,0.1388
112,1406,1518,0.1388
112,1399,1511,0.1388
109,1413,1522,0.1388
105,1400,1505,0.1388
105,1400,1505,0.1388
106,1390,1496,0.1388
107,1388,1495,0.1388
111,1396,1507,0.1388
108,1402,1510,0.1388
107,1407,1514,0.1388
107,1387,1494,0.1388
108,1399,1507,0.1388
109,1410,1519,0.1388
112,1405,1517,0.1388
108,1410,1518,0.1388
105,1419,1524,0.1388
104,1427,1531,0.1388
105,1407,1512,0.1388
106,1407,1513,0.1388
104,1406,1510,0.1388
101,1406,1507,0.1388
102,1415,1517,0.1388
98,1415,1513,0.1388
97,1407,1504,0.1388
100,1415,1515,0.1388
97,1422,1519,0.1388
97,1415,1512,0.1388
98,1416,1514,0.1388
99,1417,1516,0.1388
98,1419,1517,0.1388
99,1420,1519,0.1388
97,1414,1511,0.1388
93,1407,1500,0.1388
96,1418,1514,0.1388
98,1415,1513,0.1388
99,1414,1513,0.1388
99,1419,1518,0.1388
97,1427,1524,0.1388
96,1421,1517,0.1388
95,1417,1512,0.1388
94,1416,1510,0.1388
91,1408,1499,0.1388
92,1406,1498,0.1388
93,1401,1494,0.1388
89,1414,1503,0.1388
85,1419,1504,0.1388
85,1425,1510,0.1388
88,1424,1512,0.1388
85,1433,1518,0.1388
86,1436,1522,0.1388
85,1433,1518,0.1388
85,1430,1515,0.1388
84,1420,1504,0.1388
88,1423,1511,0.1388
84,1434,1518,0.1388
82,1427,1509,0.1388
80,1430,1510,0.1388
80,1431,1511,0.1388
78,1435,1513,0.1388
79,1434,1513,0.1388
80,1435,1515,0.1388
80,1445,1525,0.1388
77,1453,1530,0.1388
76,1446,1522,0.1388
76,1441,1517,0.1388
74,1437,1511,0.1388
78,1442,1520,0.1388
79,1427,1506,0.1388
78,1436,1514,0.1388
77,1445,1522,0.1388
76,1439,1515,0.1388
77,1425,1502,0.1388
74,1428,1502,0.1388
75,1432,1507,0.1388
77,1437,1514,0.1388
78,1437,1515,0.1388
77,1430,1507,0.1388
74,1436,1510,0.1388
74,1416,1490,0.1388
75,1432,1507,0.1388
72,1438,1510,0.1388
72,1448,1520,0.1388
70,1448,1518,0.1388
72,1445,1517,0.1388
72,1444,1516,0.1388
70,1449,1519,0.1388
70,1455,1525,0.1388
70,1452,1522,0.1388
69,1461,1530,0.1388
72,1462,1534,0.1388
71,1454,1525,0.1388
70,1448,1518,0.1388
70,1454,1524,0.1388
67,1463,1530,0.1388
67,1454,1521,0.1388
68,1447,1515,0.1388
67,1449,1516,0.1388
68,1458,1526,0.1388
67,1442,1509,0.1388
69,1448,1517,0.1388
72,1441,1513,0.1388
73,1433,1506,0.1388
72,1437,1509,0.1388
71,1448,1519,0.1388
69,1456,1525,0.1388
70,1451,1521,0.1388
71,1454,1525,0.1388
70,1457,1527,0.1388
69,1457,1526,0.1388
70,1447,1517,0.1388
69,1442,1511,0.1388
69,1451,1520,0.1388
68,1448,1516,0.1388
69,1447,1516,0.1388
69,1459,1528,0.1388
69,1462,1531,0.1388
70,1463,1533,0.1388
67,1465,1532,0.1388
62,1441,1503,0.1388
66,1454,1520,0.1388
66,1455,1521,0.1388
63,1460,1523,0.1388
62,1457,1519,0.1388
64,1461,1525,0.1388
63,1453,1516,0.1388
65,1440,1505,0.1388
67,1437,1504,0.1388
68,1431,1499,0.1388
67,1447,1514,0.1388
66,1442,1508,0.1388
64,1461,1525,0.1388
64,1456,1520,0.1388
63,1456,1519,0.1388
64,1446,1510,0.1388
61,1451,1512,0.1388
57,1449,1506,0.1388
58,1454,1512,0.1388
59,1454,1513,0.1388
58,1456,1514,0.1388
58,1454,1512,0.1388
60,1454,1514,0.1388
59,1455,1514,0.1388
59,1452,1511,0.1388
60,1461,1521,0.1388
58,1449,1507,0.1388
57,1452,1509,0.1388
57,1461,1518,0.1388
56,1462,1518,0.1388
57,1463,1520,0.1388
59,1459,1518,0.1388
59,1456,1515,0.1388
59,1449,1508,0.1388
60,1452,1512,0.1388
61,1455,1516,0.1388
62,1455,1517,0.1388
60,1463,1523,0.1388
59,1470,1529,0.1388
57,1472,1529,0.1388
59,1477,1536,0.1388
61,1459,1520,0.1388
61,1455,1516,0.1388
60,1455,1515,0.1388
57,1460,1517,0.1388
57,1460,1517,0.1388
61,1479,1540,0.1388
62,1468,1530,0.1388
62,1459,1521,0.1388
62,1452,1514,0.1388
61,1455,1516,0.1388
62,1449,1511,0.1388
63,1457,1520,0.1388
62,1455,1517,0.1388
60,1452,1512,0.1388
62,1459,1521,0.1388
62,1453,1515,0.1388
63,1447,1510,0.1388
62,1448,1510,0.1388
62,1437,1499,0.1388
62,1449,1511,0.1388
62,1458,1520,0.1388
61,1469,1530,0.1388
60,1464,1524,0.1388
58,1455,1513,0.1388
57,1468,1525,0.1388
55,1471,1526,0.1388
55,1459,1514,0.1388
53,1465,1518,0.1388
57,1480,1537,0.1388
58,1466,1524,0.1388
60,1459,1519,0.1388
58,1460,1518,0.1388
58,1462,1520,0.1388
59,1459,1518,0.1388
59,1460,1519,0.1388
59,1480,1539,0.1388
58,1463,1521,0.1388
59,1469,1528,0.1388
59,1466,1525,0.1388
60,1467,1527,0.1388
60,1463,1523,0.1388
60,1473,1533,0.1388
60,1471,1531,0.1388
58,1466,1524,0.1388
60,1464,1524,0.1388
60,1463,1523,0.1388
58,1471,1529,0.1388
60,1467,1527,0.1388
59,1463,1522,0.1388
57,1478,1535,0.1388
56,1470,1526,0.1388
55,1464,1519,0.1388
54,1462,1516,0.1388
52,1454,1506,0.1388
53,1454,1507,0.1388
55,1452,1507,0.1388
55,1453,1508,0.1388
56,1455,1511,0.1388
58,1449,1507,0.1388
58,1451,1509,0.1388
56,1462,1518,0.1388
56,1461,1517,0.1388
56,1471,1527,0.1388
57,1460,1517,0.1388
57,1458,1515,0.1388
57,1466,1523,0.1388
56,1460,1516,0.1388
53,1462,1515,0.1388
51,1466,1517,0.1388
48,1476,1524,0.1388
48,1475,1523,0.1388
51,1472,1523,0.1388
50,1480,1530,0.1388
49,1479,1528,0.1388
51,1485,1536,0.1388
53,1477,1530,0.1388
53,1484,1537,0.1388
52,1478,1530,0.1388
52,1463,1515,0.1388
53,1476,1529,0.1388
52,1477,1529,0.1388
51,1467,1518,0.1388
50,1471,1521,0.1388
52,1460,1512,0.1388
51,1454,1505,0.1388
51,1457,1508,0.1388
52,1458,1510,0.1388
52,1454,1506,0.1388
53,1459,1512,0.1388
54,1472,1526,0.1388
54,1465,1519,0.1388
54,1464,1518,0.1388
54,1475,1529,0.1388
54,1471,1525,0.1388
52,1470,1522,0.1388
52,1457,1509,0.1388
54,1456,1510,0.1388
53,1468,1521,0.1388
53,1466,1519,0.1388
55,1454,1509,0.1388
57,1459,1516,0.1388
58,1469,1527,0.1388
57,1459,1516,0.1388
58,1456,1514,0.1388
59,1467,1526,0.1388
60,1467,1527,0.1388
61,1448,1509,0.1388
61,1468,1529,0.1388
62,1458,1520,0.1388
63,1454,1517,0.1388
63,1444,1507,0.1388
64,1440,1504,0.1388
65,1443,1508,0.1388
64,1431,1495,0.1388
63,1440,1503,0.1388
61,1457,1518,0.1388
58,1448,1506,0.1388
59,1446,1505,0.1388
62,1464,1526,0.1388
63,1445,1508,0.1388
62,1458,1520,0.1388
63,1442,1505,0.1388
63,1450,1513,0.1388
63,1451,1514,0.1388
63,1457,1520,0.1388
60,1456,1516,0.1388
60,1459,1519,0.1388
60,1461,1521,0.1388
57,1455,1512,0.1388
59,1451,1510,0.1388
56,1446,1502,0.1388
55,1465,1520,0.1388
54,1458,1512,0.1388
57,1469,1526,0.1388
56,1458,1514,0.1388
55,1461,1516,0.1388
56,1455,1511,0.1388
58,1469,1527,0.1388
59,1457,1516,0.1388
57,1467,1524,0.1388
56,1477,1533,0.1388
57,1477,1534,0.1388
57,1470,1527,0.1388
56,1459,1515,0.1388
54,1479,1533,0.1388
56,1469,1525,0.1388
57,1457,1514,0.1388
57,1472,1529,0.1388
58,1472,1530,0.1388
57,1453,1510,0.1388
59,1457,1516,0.1388
55,1462,1517,0.1388
55,1453,1508,0.1388
58,1456,1514,0.1388
58,1464,1522,0.1388
56,1483,1539,0.1388
54,1470,1524,0.1388
53,1469,1522,0.1388
56,1468,1524,0.1388
56,1458,1514,0.1388
57,1468,1525,0.1388
57,1464,1521,0.1388
56,1471,1527,0.1388
57,1456,1513,0.1388
56,1449,1505,0.1388
58,1447,1505,0.1388
59,1453,1512,0.1388
57,1466,1523,0.1388
55,1460,1515,0.1388
52,1462,1514,0.1388
51,1454,1505,0.1388
52,1449,1501,0.1388
52,1469,1521,0.1388
52,1471,1523,0.1388
53,1464,1517,0.1388
55,1464,1519,0.1388
56,1454,1510,0.1388
55,1446,1501,0.1388
57,1465,1522,0.1388
57,1466,1523,0.1388
53,1463,1516,0.1388
55,1470,1525,0.1388
54,1471,1525,0.1388
53,1458,1511,0.1388
53,1456,1509,0.1388
52,1466,1518,0.1388
51,1465,1516,0.1388
48,1466,1514,0.1388
49,1470,1519,0.1388
47,1467,1514,0.1388
49,1462,1511,0.1388
49,1460,1509,0.1388
51,1462,1513,0.1388
51,1460,1511,0.1388
50,1453,1503,0.1388
49,1449,1498,0.1388
53,1455,1508,0.1388
54,1448,1502,0.1388
52,1458,1510,0.1388
51,1463,1514,0.1388
52,1474,1526,0.1388
53,1455,1508,0.1388
50,1465,1515,0.1388
49,1464,1513,0.1388
52,1470,1522,0.1388
53,1461,1514,0.1388
55,1466,1521,0.1388
55,1463,1518,0.1388
52,1467,1519,0.1388
51,1465,1516,0.1388
52,1469,1521,0.1388
50,1467,1517,0.1388
49,1467,1516,0.1388
48,1462,1510,0.1388
50,1457,1507,0.1388
50,1462,1512,0.1388
49,1467,1516,0.1388
49,1459,1508,0.1388
48,1458,1506,0.1388
46,1468,1514,0.1388
44,1467,1511,0.1388
44,1465,1509,0.1388
40,1460,1500,0.1388
37,1464,1501,0.1388
34,1465,1499,0.1388
36,1462,1498,0.1388
35,1483,1518,0.1388
35,1496,1531,0.1388
34,1475,1509,0.1388
33,1461,1494,0.1388
32,1469,1501,0.1388
35,1484,1519,0.1388
36,1485,1521,0.1388
36,1477,1513,0.1388
35,1482,1517,0.1388
35,1486,1521,0.1388
36,1494,1530,0.1388
35,1481,1516,0.1388
35,1472,1507,0.1388
35,1482,1517,0.1388
36,1475,1511,0.1388
36,1473,1509,0.1388
36,1468,1504,0.1388
37,1482,1519,0.1388
36,1489,1525,0.1388
37,1481,1518,0.1388
36,1477,1513,0.1388
34,1484,1518,0.1388
34,1474,1508,0.1388
35,1477,1512,0.1388
35,1469,1504,0.1388
35,1479,1514,0.1388
35,1473,1508,0.1388
33,1482,1515,0.1388
33,1478,1511,0.1388
34,1478,1512,0.1388
34,1476,1510,0.1388
35,1485,1520,0.1388
34,1468,1502,0.1388
32,1480,1512,0.1388
32,1500,1532,0.1388
31,1495,1526,0.1388
30,1497,1527,0.1388
31,1501,1532,0.1388
29,1491,1520,0.1388
30,1494,1524,0.1388
29,1487,1516,0.1388
27,1480,1507,0.1388
27,1484,1511,0.1388
29,1483,1512,0.1388
29,1485,1514,0.1388
30,1494,1524,0.1388
30,1498,1528,0.1388
32,1488,1520,0.1388
33,1481,1514,0.1388
32,1486,1518,0.1388
32,1474,1506,0.1388
32,1480,1512,0.1388
31,1482,1513,0.1388
32,1479,1511,0.1388
31,1487,1518,0.1388
31,1491,1522,0.1388
32,1486,1518,0.1388
32,1493,1525,0.1388
32,1493,1525,0.1388
32,1493,1525,0.1388
32,1489,1521,0.1388
31,1492,1523,0.1388
32,1497,1529,0.1388
32,1502,1534,0.1388
32,1490,1522,0.1388
35,1488,1523,0.1388
36,1477,1513,0.1388
35,1476,1511,0.1388
35,1476,1511,0.1388
35,1482,1517,0.1388
35,1491,1526,0.1388
35,1484,1519,0.1388
34,1483,1517,0.1388
35,1488,1523,0.1388
37,1486,1523,0.1388
37,1472,1509,0.1388
37,1471,1508,0.1388
39,1471,1510,0.1388
39,1475,1514,0.1388
40,1464,1504,0.1388
41,1467,1508,0.1388
40,1466,1506,0.1388
38,1484,1522,0.1388
36,1470,1506,0.1388
40,1483,1523,0.1388
39,1465,1504,0.1388
39,1475,1514,0.1388
39,1473,1512,0.1388
39,1482,1521,0.1388
41,1478,1519,0.1388
40,1483,1523,0.1388
38,1484,1522,0.1388
36,1478,1514,0.1388
38,1484,1522,0.1388
37,1487,1524,0.1388
36,1494,1530,0.1388
36,1486,1522,0.1388
38,1465,1503,0.1388
37,1470,1507,0.1388
36,1490,1526,0.1388
36,1475,1511,0.1388
38,1471,1509,0.1388
37,1474,1511,0.1388
37,1473,1510,0.1388
35,1481,1516,0.1388
36,1477,1513,0.1388
38,1471,1509,0.1388
40,1467,1507,0.1388
39,1472,1511,0.1388
38,1476,1514,0.1388
37,1484,1521,0.1388
37,1468,1505,0.1388
36,1466,1502,0.1388
36,1476,1512,0.1388
34,1487,1521,0.1388
36,1475,1511,0.1388
33,1480,1513,0.1388
35,1477,1512,0.1388
36,1473,1509,0.1388
37,1483,1520,0.1388
38,1474,1512,0.1388
34,1469,1503,0.1388
36,1472,1508,0.1388
36,1476,1512,0.1388
36,1478,1514,0.1388
37,1480,1517,0.1388
35,1484,1519,0.1388
37,1494,1531,0.1388
37,1497,1534,0.1388
38,1484,1522,0.1388
37,1489,1526,0.1388
37,1485,1522,0.1388
36,1488,1524,0.1388
34,1470,1504,0.1388
33,1478,1511,0.1388
30,1489,1519,0.1388
31,1480,1511,0.1388
32,1481,1513,0.1388
33,1479,1512,0.1388
33,1483,1516,0.1388
33,1489,1522,0.1388
32,1487,1519,0.1388
30,1490,1520,0.1388
31,1489,1520,0.1388
31,1497,1528,0.1388
31,1491,1522,0.1388
30,1482,1512,0.1388
28,1480,1508,0.1388
31,1477,1508,0.1388
31,1489,1520,0.1388
29,1495,1524,0.1388
29,1490,1519,0.1388
28,1485,1513,0.1388
26,1481,1507,0.1388
25,1490,1515,0.1388
27,1494,1521,0.1388
27,1498,1525,0.1388
28,1507,1535,0.1388
27,1501,1528,0.1388
27,1506,1533,0.1388
28,1500,1528,0.1388
28,1492,1520,0.1388
29,1489,1518,0.1388
29,1492,1521,0.1388
26,1499,1525,0.1388
27,1499,1526,0.1388
26,1501,1527,0.1388
27,1492,1519,0.1388
27,1498,1525,0.1388
26,1492,1518,0.1388
26,1477,1503,0.1388
25,1489,1514,0.1388
25,1488,1513,0.1388
25,1496,1521,0.1388
27,1506,1533,0.1388
26,1507,1533,0.1388
25,1512,1537,0.1388
26,1496,1522,0.1388
26,1486,1512,0.1388
26,1477,1503,0.1388
26,1466,1492,0.1388
25,1482,1507,0.1388
24,1484,1508,0.1388
25,1492,1517,0.1388
26,1486,1512,0.1388
27,1485,1512,0.1388
27,1481,1508,0.1388
26,1494,1520,0.1388
26,1491,1517,0.1388
25,1493,1518,0.1388
25,1494,1519,0.1388
25,1496,1521,0.1388
25,1494,1519,0.1388
25,1492,1517,0.1388
25,1494,1519,0.1388
26,1495,1521,0.1388
26,1486,1512,0.1388
26,1494,1520,0.1388
24,1488,1512,0.1388
22,1487,1509,0.1388
22,1497,1519,0.1388
22,1496,1518,0.1388
22,1486,1508,0.1388
23,1480,1503,0.1388
23,1493,1516,0.1388
24,1484,1508,0.1388
23,1474,1497,0.1388
23,1479,1502,0.1388
22,1476,1498,0.1388
21,1498,1519,0.1388
21,1492,1513,0.1388
21,1492,1513,0.1388
21,1501,1522,0.1388
21,1490,1511,0.1388
22,1481,1503,0.1388
24,1484,1508,0.1388
25,1485,1510,0.1388
24,1493,1517,0.1388
25,1500,1525,0.1388
24,1488,1512,0.1388
25,1494,1519,0.1388
24,1478,1502,0.1388
22,1495,1517,0.1388
20,1505,1525,0.1388
21,1492,1513,0.1388
21,1491,1512,0.1388
22,1482,1504,0.1388
22,1498,1520,0.1388
22,1495,1517,0.1388
22,1485,1507,0.1388
20,1493,1513,0.1388
20,1481,1501,0.1388
19,1491,1510,0.1388
20,1498,1518,0.1388
21,1506,1527,0.1388
23,1502,1525,0.1388
22,1500,1522,0.1388
22,1502,1524,0.1388
21,1492,1513,0.1388
22,1502,1524,0.1388
19,1501,1520,0.1388
19,1504,1523,0.1388
21,1509,1530,0.1388
21,1497,1518,0.1388
25,1483,1508,0.1388
24,1477,1501,0.1388
25,1483,1508,0.1388
26,1483,1509,0.1388
26,1476,1502,0.1388
26,1476,1502,0.1388
26,1485,1511,0.1388
25,1476,1501,0.1388
25,1480,1505,0.1388
23,1489,1512,0.1388
23,1476,1499,0.1388
24,1479,1503,0.1388
24,1478,1502,0.1388
24,1503,1527,0.1388
23,1502,1525,0.1388
24,1486,1510,0.1388
24,1489,1513,0.1388
24,1493,1517,0.1388
25,1492,1517,0.1388
25,1499,1524,0.1388
23,1500,1523,0.1388
23,1509,1532,0.1388
20,1501,1521,0.1388
20,1483,1503,0.1388
21,1491,1512,0.1388
21,1499,1520,0.1388
21,1502,1523,0.1388
20,1485,1505,0.1388
21,1484,1505,0.1388
19,1485,1504,0.1388
18,1499,1517,0.1388
17,1506,1523,0.1388
17,1511,1528,0.1388
16,1497,1513,0.1388
16,1504,1520,0.1388
16,1505,1521,0.1388
17,1497,1514,0.1388
19,1493,1512,0.1388
19,1500,1519,0.1388
19,1497,1516,0.1388
18,1494,1512,0.1388
18,1497,1515,0.1388
19,1506,1525,0.1388
17,1502,1519,0.1388
17,1501,1518,0.1388
17,1508,1525,0.1388
16,1506,1522,0.1388
18,1493,1511,0.1388
16,1489,1505,0.1388
17,1496,1513,0.1388
18,1494,1512,0.1388
18,1495,1513,0.1388
17,1501,1518,0.1388
16,1495,1511,0.1388
16,1488,1504,0.1388
16,1496,1512,0.1388
17,1495,1512,0.1388
18,1501,1519,0.1388
18,1502,1520,0.1388
17,1509,1526,0.1388
17,1505,1522,0.1388
16,1507,1523,0.1388
15,1504,1519,0.1388
15,1501,1516,0.1388
15,1504,1519,0.1388
15,1502,1517,0.1388
15,1492,1507,0.1388
15,1494,1509,0.1388
15,1499,1514,0.1388
15,1496,1511,0.1388
16,1501,1517,0.1388
16,1496,1512,0.1388
16,1493,1509,0.1388
17,1492,1509,0.1388
17,1503,1520,0.1388
16,1503,1519,0.1388
17,1504,1521,0.1388
18,1494,1512,0.1388
17,1486,1503,0.1388
17,1492,1509,0.1388
16,1497,1513,0.1388
16,1503,1519,0.1388
17,1497,1514,0.1388
17,1496,1513,0.1388
15,1514,1529,0.1388
15,1509,1524,0.1388
15,1515,1530,0.1388
14,1495,1509,0.1388
14,1507,1521,0.1388
14,1510,1524,0.1388
14,1499,1513,0.1388
12,1499,1511,0.1388
13,1494,1507,0.1388
13,1489,1502,0.1388
11,1479,1490,0.1388
11,1505,1516,0.1388
10,1504,1514,0.1388
10,1498,1508,0.1388
10,1516,1526,0.1388
10,1513,1523,0.1388
11,1519,1530,0.1388
10,1510,1520,0.1388
10,1514,1524,0.1388
10,1505,1515,0.1388
10,1511,1521,0.1388
10,1518,1528,0.1388
10,1503,1513,0.1388
10,1510,1520,0.1388
10,1508,1518,0.1388
10,1506,1516,0.1388
11,1508,1519,0.1388
11,1506,1517,0.1388
10,1522,1532,0.1388
11,1515,1526,0.1388
11,1509,1520,0.1388
11,1501,1512,0.1388
11,1490,1501,0.1388
10,1488,1498,0.1388
10,1490,1500,0.1388
11,1512,1523,0.1388
11,1517,1528,0.1388
12,1507,1519,0.1388
13,1504,1517,0.1388
11,1494,1505,0.1388
11,1505,1516,0.1388
12,1509,1521,0.1388
12,1497,1509,0.1388
11,1501,1512,0.1388
10,1509,1519,0.1388
10,1517,1527,0.1388
11,1497,1508,0.1388
11,1496,1507,0.1388
12,1493,1505,0.1388
12,1506,1518,0.1388
11,1520,1531,0.1388
11,1506,1517,0.1388
11,1503,1514,0.1388
13,1502,1515,0.1388
13,1510,1523,0.1388
12,1503,1515,0.1388
12,1494,1506,0.1388
12,1508,1520,0.1388
12,1507,1519,0.1388
12,1506,1518,0.1388
12,1505,1517,0.1388
12,1503,1515,0.1388
13,1501,1514,0.1388
13,1508,1521,0.1388
13,1495,1508,0.1388
12,1499,1511,0.1388
12,1498,1510,0.1388
12,1507,1519,0.1388
12,1502,1514,0.1388
12,1501,1513,0.1388
12,1492,1504,0.1388
12,1483,1495,0.1388
12,1489,1501,0.1388
12,1510,1522,0.1388
12,1504,1516,0.1388
12,1515,1527,0.1388
12,1520,1532,0.1388
11,1507,1518,0.1388
12,1503,1515,0.1388
11,1509,1520,0.1388
11,1517,1528,0.1388
11,1503,1514,0.1388
12,1505,1517,0.1388
14,1502,1516,0.1388
14,1495,1509,0.1388
12,1500,1512,0.1388
13,1499,1512,0.1388
14,1509,1523,0.1388
14,1503,1517,0.1388
14,1503,1517,0.1388
16,1510,1526,0.1388
15,1508,1523,0.1388
14,1514,1528,0.1388
14,1505,1519,0.1388
14,1513,1527,0.1388
14,1500,1514,0.1388
14,1496,1510,0.1388
15,1506,1521,0.1388
16,1503,1519,0.1388
15,1507,1522,0.1388
15,1506,1521,0.1388
14,1505,1519,0.1388
13,1503,1516,0.1388
15,1496,1511,0.1388
13,1492,1505,0.1388
14,1497,1511,0.1388
14,1505,1519,0.1388
14,1503,1517,0.1388
13,1507,1520,0.1388
13,1500,1513,0.1388
12,1508,1520,0.1388
11,1515,1526,0.1388
10,1503,1513,0.1388
10,1506,1516,0.1388
10,1505,1515,0.1388
10,1504,1514,0.1388
10,1518,1528,0.1388
10,1499,1509,0.1388
10,1496,1506,0.1388
10,1500,1510,0.1388
10,1502,1512,0.1388
10,1511,1521,0.1388
10,1517,1527,0.1388
10,1505,1515,0.1388
9,1496,1505,0.1388
9,1488,1497,0.1388
9,1499,1508,0.1388
9,1509,1518,0.1388
9,1518,1527,0.1388
9,1523,1532,0.1388
9,1517,1526,0.1388
9,1518,1527,0.1388
9,1515,1524,0.1388
9,1511,1520,0.1388
9,1496,1505,0.1388
9,1491,1500,0.1388
9,1506,1515,0.1388
9,1487,1496,0.1388
9,1514,1523,0.1388
8,1523,1531,0.1388
8,1519,1527,0.1388
8,1530,1538,0.1388
7,1517,1524,0.1388
7,1528,1535,0.1388
7,1526,1533,0.1388
7,1531,1538,0.1388
7,1530,1537,0.1388
7,1526,1533,0.1388
7,1522,1529,0.1388
7,1518,1525,0.1388
8,1515,1523,0.1388
9,1525,1534,0.1388
9,1514,1523,0.1388
9,1494,1503,0.1388
9,1518,1527,0.1388
9,1526,1535,0.1388
9,1506,1515,0.1388
9,1518,1527,0.1388
9,1517,1526,0.1388
9,1500,1509,0.1388
8,1496,1504,0.1388
8,1498,1506,0.1388
7,1499,1506,0.1388
6,1499,1505,0.1388
5,1500,1505,0.1388
5,1501,1506,0.1388
5,1505,1510,0.1388
5,1507,1512,0.1388
5,1520,1525,0.1388
5,1525,1530,0.1388
6,1525,1531,0.1388
6,1516,1522,0.1388
7,1519,1526,0.1388
7,1514,1521,0.1388
6,1505,1511,0.1388
6,1522,1528,0.1388
7,1514,1521,0.1388
6,1515,1521,0.1388
6,1512,1518,0.1388
6,1508,1514,0.1388
6,1516,1522,0.1388
7,1523,1530,0.1388
7,1510,1517,0.1388
6,1526,1532,0.1388
6,1519,1525,0.1388
6,1515,1521,0.1388
6,1527,1533,0.1388
6,1525,1531,0.1388
6,1524,1530,0.1388
7,1529,1536,0.1388
7,1521,1528,0.1388
7,1516,1523,0.1388
6,1527,1533,0.1388
6,1510,1516,0.1388
5,1509,1514,0.1388
5,1506,1511,0.1388
6,1503,1509,0.1388
6,1507,1513,0.1388
6,1507,1513,0.1388
6,1511,1517,0.1388
6,1505,1511,0.1388
6,1504,1510,0.1388
6,1511,1517,0.1388
6,1517,1523,0.1388
6,1508,1514,0.1388
6,1496,1502,0.1388
6,1501,1507,0.1388
6,1499,1505,0.1388
6,1517,1523,0.1388
6,1514,1520,0.1388
6,1507,1513,0.1388
5,1515,1520,0.1388
5,1516,1521,0.1388
4,1519,1523,0.1388
3,1507,1510,0.1388
3,1510,1513,0.1388
3,1499,1502,0.1388
3,1514,1517,0.1388
3,1511,1514,0.1388
3,1526,1529,0.1388
3,1517,1520,0.1388
4,1530,1534,0.1388
4,1507,1511,0.1388
4,1505,1509,0.1388
4,1506,1510,0.1388
5,1509,1514,0.1388
5,1509,1514,0.1388
5,1507,1512,0.1388
5,1516,1521,0.1388
5,1513,1518,0.1388
6,1507,1513,0.1388
6,1506,1512,0.1388
6,1510,1516,0.1388
6,1517,1523,0.1388
6,1505,1511,0.1388
6,1505,1511,0.1388
6,1510,1516,0.1388
6,1501,1507,0.1388
6,1498,1504,0.1388
6,1499,1505,0.1388
6,1496,1502,0.1388
6,1511,1517,0.1388
6,1505,1511,0.1388
6,1509,1515,0.1388
6,1526,1532,0.1388
5,1533,1538,0.1388
8,1527,1535,0.1388
8,1522,1530,0.1388
8,1517,1525,0.1388
8,1511,1519,0.1388
8,1496,1504,0.1388
8,1498,1506,0.1388
8,1512,1520,0.1388
8,1511,1519,0.1388
8,1501,1509,0.1388
8,1513,1521,0.1388
8,1507,1515,0.1388
8,1511,1519,0.1388
8,1514,1522,0.1388
8,1505,1513,0.1388
8,1503,1511,0.1388
8,1502,1510,0.1388
10,1512,1522,0.1388
9,1516,1525,0.1388
8,1519,1527,0.1388
8,1511,1519,0.1388
8,1515,1523,0.1388
8,1521,1529,0.1388
8,1509,1517,0.1388
8,1515,1523,0.1388
8,1502,1510,0.1388
8,1506,1514,0.1388
8,1511,1519,0.1388
8,1511,1519,0.1388
8,1510,1518,0.1388
8,1516,1524,0.1388
8,1508,1516,0.1388
8,1517,1525,0.1388
8,1522,1530,0.1388
8,1513,1521,0.1388
7,1509,1516,0.1388
7,1493,1500,0.1388
8,1494,1502,0.1388
9,1503,1512,0.1388
9,1511,1520,0.1388
8,1504,1512,0.1388
8,1499,1507,0.1388
8,1497,1505,0.1388
9,1500,1509,0.1388
9,1502,1511,0.1388
8,1500,1508,0.1388
8,1509,1517,0.1388
8,1510,1518,0.1388
9,1516,1525,0.1388
10,1502,1512,0.1388
10,1513,1523,0.1388
10,1513,1523,0.1388
9,1504,1513,0.1388
9,1513,1522,0.1388
8,1507,1515,0.1388
9,1517,1526,0.1388
9,1521,1530,0.1388
9,1507,1516,0.1388
9,1500,1509,0.1388
9,1495,1504,0.1388
9,1509,1518,0.1388
10,1511,1521,0.1388
10,1527,1537,0.1388
10,1522,1532,0.1388
9,1525,1534,0.1388
9,1512,1521,0.1388
9,1506,1515,0.1388
9,1493,1502,0.1388
9,1508,1517,0.1388
9,1505,1514,0.1388
8,1513,1521,0.1388
8,1514,1522,0.1388
8,1493,1501,0.1388
7,1496,1503,0.1388
7,1514,1521,0.1388
7,1521,1528,0.1388
7,1523,1530,0.1388
7,1521,1528,0.1388
7,1519,1526,0.1388
7,1521,1528,0.1388
6,1526,1532,0.1388
7,1518,1525,0.1388
7,1512,1519,0.1388
7,1511,1518,0.1388
7,1519,1526,0.1388
7,1510,1517,0.1388
7,1503,1510,0.1388
7,1501,1508,0.1388
7,1502,1509,0.1388
7,1508,1515,0.1388
7,1508,1515,0.1388
8,1505,1513,0.1388
8,1519,1527,0.1388
8,1510,1518,0.1388
8,1507,1515,0.1388
8,1503,1511,0.1388
8,1511,1519,0.1388
9,1503,1512,0.1388
9,1513,1522,0.1388
10,1508,1518,0.1388
10,1507,1517,0.1388
10,1507,1517,0.1388
11,1499,1510,0.1388
10,1504,1514,0.1388
10,1504,1514,0.1388
10,1500,1510,0.1388
9,1506,1515,0.1388
9,1506,1515,0.1388
9,1520,1529,0.1388
9,1513,1522,0.1388
9,1507,1516,0.1388
9,1508,1517,0.1388
9,1514,1523,0.1388
9,1511,1520,0.1388
9,1510,1519,0.1388
9,1510,1519,0.1388
9,1529,1538,0.1388
9,1524,1533,0.1388
9,1512,1521,0.1388
9,1507,1516,0.1388
8,1511,1519,0.1388
8,1495,1503,0.1388
8,1520,1528,0.1388
8,1516,1524,0.1388
8,1509,1517,0.1388
8,1510,1518,0.1388
7,1519,1526,0.1388
7,1522,1529,0.1388
7,1509,1516,0.1388
7,1508,1515,0.1388
7,1502,1509,0.1388
7,1506,1513,0.1388
7,1505,1512,0.1388
7,1509,1516,0.1388
7,1508,1515,0.1388
7,1513,1520,0.1388
7,1515,1522,0.1388
7,1520,1527,0.1388
6,1513,1519,0.1388
5,1487,1492,0.1388
5,1492,1497,0.1388
5,1496,1501,0.1388
5,1509,1514,0.1388
4,1507,1511,0.1388
4,1508,1512,0.1388
4,1521,1525,0.1388
4,1518,1522,0.1388
3,1525,1528,0.1388
3,1524,1527,0.1388
3,1519,1522,0.1388
3,1503,1506,0.1388
3,1509,1512,0.1388
3,1499,1502,0.1388
3,1492,1495,0.1388
3,1502,1505,0.1388
4,1515,1519,0.1388
4,1517,1521,0.1388
4,1523,1527,0.1388
4,1524,1528,0.1388
4,1519,1523,0.1388
4,1515,1519,0.1388
4,1511,1515,0.1388
4,1521,1525,0.1388
4,1520,1524,0.1388
3,1513,1516,0.1388
3,1508,1511,0.1388
3,1506,1509,0.1388
3,1521,1524,0.1388
4,1519,1523,0.1388
3,1522,1525,0.1388
3,1521,1524,0.1388
3,1520,1523,0.1388
3,1521,1524,0.1388
3,1508,1511,0.1388
3,1506,1509,0.1388
3,1502,1505,0.1388
3,1499,1502,0.1388
3,1496,1499,0.1388
2,1501,1503,0.1388
2,1510,1512,0.1388
3,1527,1530,0.1388
3,1521,1524,0.1388
3,1516,1519,0.1388
4,1521,1525,0.1388
4,1510,1514,0.1388
4,1498,1502,0.1388
4,1515,1519,0.1388
4,1497,1501,0.1388
4,1503,1507,0.1388
4,1506,1510,0.1388
4,1516,1520,0.1388
4,1513,1517,0.1388
4,1515,1519,0.1388
4,1505,1509,0.1388
4,1511,1515,0.1388
2,1508,1510,0.1388
3,1515,1518,0.1388
3,1520,1523,0.1388
3,1507,1510,0.1388
3,1504,1507,0.1388
3,1508,1511,0.1388
3,1500,1503,0.1388
3,1506,1509,0.1388
3,1505,1508,0.1388
3,1506,1509,0.1388
3,1513,1516,0.1388
3,1508,1511,0.1388
2,1505,1507,0.1388
2,1510,1512,0.1388
2,1511,1513,0.1388
2,1509,1511,0.1388
2,1513,1515,0.1388
2,1518,1520,0.1388
2,1509,1511,0.1388
2,1512,1514,0.1388
2,1506,1508,0.1388
2,1500,1502,0.1388
2,1510,1512,0.1388
2,1506,1508,0.1388
2,1516,1518,0.1388
2,1530,1532,0.1388
2,1526,1528,0.1388
2,1531,1533,0.1388
2,1523,1525,0.1388
2,1518,1520,0.1388
2,1517,1519,0.1388
1,1505,1506,0.1388
1,1522,1523,0.1388
1,1521,1522,0.1388
1,1514,1515,0.1388
1,1503,1504,0.1388
1,1507,1508,0.1388
1,1512,1513,0.1388
1,1517,1518,0.1388
1,1510,1511,0.1388
1,1502,1503,0.1388
1,1500,1501,0.1388
1,1502,1503,0.1388
1,1502,1503,0.1388
1,1497,1498,0.1388
1,1498,1499,0.1388
1,1505,1506,0.1388
1,1521,1522,0.1388
1,1530,1531,0.1388
1,1531,1532,0.1388
1,1521,1522,0.1388
1,1515,1516,0.1388
1,1505,1506,0.1388
1,1490,1491,0.1388
1,1494,1495,0.1388
1,1497,1498,0.1388
1,1514,1515,0.1388
1,1515,1516,0.1388
1,1512,1513,0.1388
1,1524,1525,0.1388
1,1525,1526,0.1388
1,1528,1529,0.1388
1,1523,1524,0.1388
1,1519,1520,0.1388
1,1522,1523,0.1388
1,1520,1521,0.1388
1,1519,1520,0.1388
1,1525,1526,0.1388
1,1534,1535,0.1388
1,1516,1517,0.1388
1,1513,1514,0.1388
1,1510,1511,0.1388
1,1527,1528,0.1388
1,1510,1511,0.1388
1,1507,1508,0.1388
1,1515,1516,0.1388
1,1518,1519,0.1388
1,1522,1523,0.1388
1,1530,1531,0.1388
1,1525,1526,0.1388
1,1521,1522,0.1388
1,1518,1519,0.1388
1,1521,1522,0.1388
1,1519,1520,0.1388
1,1512,1513,0.1388
1,1504,1505,0.1388
1,1508,1509,0.1388
1,1518,1519,0.1388
1,1518,1519,0.1388
1,1525,1526,0.1388
1,1520,1521,0.1388
1,1518,1519,0.1388
0,1507,1507,0.1388
