1365,31,1396,0.1388
1391,32,1423,0.1388
1426,37,1463,0.1388
1434,35,1469,0.1388
1443,36,1479,0.1388
1446,35,1481,0.1388
1449,34,1483,0.1388
1454,36,1490,0.1388
1446,34,1480,0.1388
1446,33,1479,0.1388
1438,34,1472,0.1388
1445,31,1476,0.1388
1455,30,1485,0.1388
1454,31,1485,0.1388
1468,30,1498,0.1388
1474,32,1506,0.1388
1466,33,1499,0.1388
1457,33,1490,0.1388
1462,31,1493,0.1388
1464,31,1495,0.1388
1448,30,1478,0.1388
1453,31,1484,0.1388
1452,30,1482,0.1388
1457,32,1489,0.1388
1469,31,1500,0.1388
1474,32,1506,0.1388
1474,30,1504,0.1388
1468,30,1498,0.1388
1463,32,1495,0.1388
1457,31,1488,0.1388
1468,31,1499,0.1388
1450,31,1481,0.1388
1470,32,1502,0.1388
1472,31,1503,0.1388
1458,29,1487,0.1388
1471,28,1499,0.1388
1471,26,1497,0.1388
1470,28,1498,0.1388
1465,32,1497,0.1388
1466,32,1498,0.1388
1468,30,1498,0.1388
1462,31,1493,0.1388
1474,31,1505,0.1388
1476,31,1507,0.1388
1468,31,1499,0.1388
1471,29,1500,0.1388
1453,33,1486,0.1388
1463,35,1498,0.1388
1470,33,1503,0.1388
1459,32,1491,0.1388
1446,31,1477,0.1388
1442,31,1473,0.1388
1445,31,1476,0.1388
1443,31,1474,0.1388
1440,33,1473,0.1388
1442,33,1475,0.1388
1458,31,1489,0.1388
1446,28,1474,0.1388
1464,24,1488,0.1388
1456,27,1483,0.1388
1461,27,1488,0.1388
1451,27,1478,0.1388
1452,27,1479,0.1388
1463,27,1490,0.1388
1451,28,1479,0.1388
1454,28,1482,0.1388
1454,28,1482,0.1388
1449,29,1478,0.1388
1456,26,1482,0.1388
1454,26,1480,0.1388
1445,25,1470,0.1388
1444,26,1470,0.1388
1459,27,1486,0.1388
1466,28,1494,0.1388
1466,28,1494,0.1388
1472,29,1501,0.1388
1474,28,1502,0.1388
1471,30,1501,0.1388
1486,30,1516,0.1388
1478,30,1508,0.1388
1479,32,1511,0.1388
1475,32,1507,0.1388
1482,31,1513,0.1388
1478,32,1510,0.1388
1473,31,1504,0.1388
1466,31,1497,0.1388
1461,29,1490,0.1388
1462,28,1490,0.1388
1463,31,1494,0.1388
1463,29,1492,0.1388
1463,28,1491,0.1388
1473,29,1502,0.1388
1472,27,1499,0.1388
1459,29,1488,0.1388
1467,29,1496,0.1388
1479,29,1508,0.1388
1470,30,1500,0.1388
1477,30,1507,0.1388
1478,30,1508,0.1388
1466,32,1498,0.1388
1469,33,1502,0.1388
1459,33,1492,0.1388
1454,33,1487,0.1388
1448,32,1480,0.1388
1446,29,1475,0.1388
1455,30,1485,0.1388
1459,30,1489,0.1388
1467,32,1499,0.1388
1458,35,1493,0.1388
1467,35,1502,0.1388
1456,39,1495,0.1388
1435,39,1474,0.1388
1444,39,1483,0.1388
1451,39,1490,0.1388
1450,39,1489,0.1388
1451,40,1491,0.1388
1447,40,1487,0.1388
1446,38,1484,0.1388
1459,39,1498,0.1388
1460,40,1500,0.1388
1462,39,1501,0.1388
1454,39,1493,0.1388
1441,39,1480,0.1388
1450,39,1489,0.1388
1454,39,1493,0.1388
1473,40,1513,0.1388
1456,37,1493,0.1388
1460,39,1499,0.1388
1455,38,1493,0.1388
1454,35,1489,0.1388
1456,35,1491,0.1388
1458,38,1496,0.1388
1461,37,1498,0.1388
1464,38,1502,0.1388
1454,38,1492,0.1388
1448,39,1487,0.1388
1456,39,1495,0.1388
1467,39,1506,0.1388
1470,41,1511,0.1388
1466,40,1506,0.1388
1459,41,1500,0.1388
1464,43,1507,0.1388
1455,44,1499,0.1388
1455,41,1496,0.1388
1458,40,1498,0.1388
1449,42,1491,0.1388
1443,41,1484,0.1388
1440,37,1477,0.1388
1435,36,1471,0.1388
1430,37,1467,0.1388
1444,38,1482,0.1388
1446,39,1485,0.1388
1452,41,1493,0.1388
1450,44,1494,0.1388
1439,44,1483,0.1388
1440,42,1482,0.1388
1451,41,1492,0.1388
1456,40,1496,0.1388
1450,40,1490,0.1388
1451,39,1490,0.1388
1461,43,1504,0.1388
1460,47,1507,0.1388
1458,48,1506,0.1388
1464,46,1510,0.1388
1452,50,1502,0.1388
1456,49,1505,0.1388
1457,50,1507,0.1388
1465,52,1517,0.1388
1462,51,1513,0.1388
1443,50,1493,0.1388
1446,48,1494,0.1388
1441,49,1490,0.1388
1442,50,1492,0.1388
1429,48,1477,0.1388
1440,50,1490,0.1388
1437,51,1488,0.1388
1437,51,1488,0.1388
1436,50,1486,0.1388
1445,48,1493,0.1388
1451,47,1498,0.1388
1438,48,1486,0.1388
1427,49,1476,0.1388
1434,48,1482,0.1388
1440,48,1488,0.1388
1440,51,1491,0.1388
1439,50,1489,0.1388
1426,50,1476,0.1388
1428,45,1473,0.1388
1428,48,1476,0.1388
1436,49,1485,0.1388
1449,47,1496,0.1388
1446,45,1491,0.1388
1431,45,1476,0.1388
1435,49,1484,0.1388
1444,51,1495,0.1388
1450,51,1501,0.1388
1444,51,1495,0.1388
1436,51,1487,0.1388
1435,50,1485,0.1388
1439,49,1488,0.1388
1435,51,1486,0.1388
1444,48,1492,0.1388
1449,46,1495,0.1388
1441,45,1486,0.1388
1445,45,1490,0.1388
1448,45,1493,0.1388
1448,45,1493,0.1388
1448,47,1495,0.1388
1447,50,1497,0.1388
1442,52,1494,0.1388
1446,52,1498,0.1388
1434,51,1485,0.1388
1434,51,1485,0.1388
1434,52,1486,0.1388
1425,49,1474,0.1388
1420,52,1472,0.1388
1423,53,1476,0.1388
1427,52,1479,0.1388
1435,54,1489,0.1388
1430,52,1482,0.1388
1420,48,1468,0.1388
1429,47,1476,0.1388
1443,49,1492,0.1388
1437,49,1486,0.1388
1438,47,1485,0.1388
1441,49,1490,0.1388
1444,48,1492,0.1388
1435,50,1485,0.1388
1440,52,1492,0.1388
1436,51,1487,0.1388
1417,52,1469,0.1388
1429,53,1482,0.1388
1439,54,1493,0.1388
1440,57,1497,0.1388
1436,57,1493,0.1388
1436,57,1493,0.1388
1443,58,1501,0.1388
1445,56,1501,0.1388
1463,57,1520,0.1388
1457,56,1513,0.1388
1437,55,1492,0.1388
1437,56,1493,0.1388
1443,58,1501,0.1388
1434,59,1493,0.1388
1440,58,1498,0.1388
1451,55,1506,0.1388
1453,53,1506,0.1388
1433,55,1488,0.1388
1425,56,1481,0.1388
1430,55,1485,0.1388
1434,57,1491,0.1388
1431,58,1489,0.1388
1445,55,1500,0.1388
1442,54,1496,0.1388
1443,54,1497,0.1388
1442,56,1498,0.1388
1434,54,1488,0.1388
1440,55,1495,0.1388
1442,55,1497,0.1388
1444,55,1499,0.1388
1436,55,1491,0.1388
1436,55,1491,0.1388
1433,55,1488,0.1388
1431,55,1486,0.1388
1430,58,1488,0.1388
1446,57,1503,0.1388
1443,56,1499,0.1388
1436,54,1490,0.1388
1454,56,1510,0.1388
1448,58,1506,0.1388
1446,55,1501,0.1388
1449,56,1505,0.1388
1449,54,1503,0.1388
1450,54,1504,0.1388
1449,52,1501,0.1388
1447,51,1498,0.1388
1446,53,1499,0.1388
1453,51,1504,0.1388
1449,53,1502,0.1388
1442,51,1493,0.1388
1429,50,1479,0.1388
1444,48,1492,0.1388
1451,49,1500,0.1388
1458,51,1509,0.1388
1457,50,1507,0.1388
1461,50,1511,0.1388
1457,50,1507,0.1388
1452,49,1501,0.1388
1451,50,1501,0.1388
1456,49,1505,0.1388
1450,50,1500,0.1388
1438,51,1489,0.1388
1440,52,1492,0.1388
1442,54,1496,0.1388
1442,57,1499,0.1388
1449,57,1506,0.1388
1427,56,1483,0.1388
1418,50,1468,0.1388
1441,47,1488,0.1388
1452,51,1503,0.1388
1452,50,1502,0.1388
1446,51,1497,0.1388
1456,54,1510,0.1388
1459,53,1512,0.1388
1455,52,1507,0.1388
1446,53,1499,0.1388
1455,55,1510,0.1388
1460,55,1515,0.1388
1443,53,1496,0.1388
1451,53,1504,0.1388
1453,52,1505,0.1388
1454,53,1507,0.1388
1450,53,1503,0.1388
1460,53,1513,0.1388
1447,52,1499,0.1388
1449,53,1502,0.1388
1456,50,1506,0.1388
1448,50,1498,0.1388
1433,52,1485,0.1388
1435,54,1489,0.1388
1439,57,1496,0.1388
1432,54,1486,0.1388
1450,52,1502,0.1388
1459,52,1511,0.1388
1445,50,1495,0.1388
1449,49,1498,0.1388
1461,48,1509,0.1388
1448,51,1499,0.1388
1440,54,1494,0.1388
1446,54,1500,0.1388
1439,51,1490,0.1388
1439,53,1492,0.1388
1434,61,1495,0.1388
1441,64,1505,0.1388
1433,59,1492,0.1388
1432,59,1491,0.1388
1445,60,1505,0.1388
1443,58,1501,0.1388
1431,59,1490,0.1388
1421,59,1480,0.1388
1415,60,1475,0.1388
1436,60,1496,0.1388
1433,58,1491,0.1388
1452,60,1512,0.1388
1450,62,1512,0.1388
1454,62,1516,0.1388
1448,64,1512,0.1388
1440,63,1503,0.1388
1431,62,1493,0.1388
1439,62,1501,0.1388
1426,61,1487,0.1388
1425,59,1484,0.1388
1431,60,1491,0.1388
1436,60,1496,0.1388
1445,61,1506,0.1388
1452,60,1512,0.1388
1452,59,1511,0.1388
1440,59,1499,0.1388
1438,60,1498,0.1388
1434,58,1492,0.1388
1428,59,1487,0.1388
1432,60,1492,0.1388
1421,61,1482,0.1388
1422,62,1484,0.1388
1426,63,1489,0.1388
1423,63,1486,0.1388
1435,63,1498,0.1388
1443,63,1506,0.1388
1446,65,1511,0.1388
1445,65,1510,0.1388
1433,64,1497,0.1388
1444,64,1508,0.1388
1426,65,1491,0.1388
1432,64,1496,0.1388
1430,62,1492,0.1388
1416,60,1476,0.1388
1419,57,1476,0.1388
1412,62,1474,0.1388
1430,65,1495,0.1388
1449,65,1514,0.1388
1437,62,1499,0.1388
1434,67,1501,0.1388
1432,67,1499,0.1388
1432,72,1504,0.1388
1436,69,1505,0.1388
1433,69,1502,0.1388
1433,70,1503,0.1388
1419,71,1490,0.1388
1411,71,1482,0.1388
1413,71,1484,0.1388
1411,71,1482,0.1388
1422,71,1493,0.1388
1406,79,1485,0.1388
1400,80,1480,0.1388
1402,79,1481,0.1388
1405,80,1485,0.1388
1414,77,1491,0.1388
1423,79,1502,0.1388
1432,77,1509,0.1388
1420,79,1499,0.1388
1418,80,1498,0.1388
1415,81,1496,0.1388
1408,80,1488,0.1388
1408,83,1491,0.1388
1396,85,1481,0.1388
1399,84,1483,0.1388
1387,88,1475,0.1388
1377,87,1464,0.1388
1381,88,1469,0.1388
1375,89,1464,0.1388
1386,88,1474,0.1388
1388,87,1475,0.1388
1386,92,1478,0.1388
1389,95,1484,0.1388
1396,91,1487,0.1388
1387,92,1479,0.1388
1394,94,1488,0.1388
1411,95,1506,0.1388
1415,96,1511,0.1388
1422,95,1517,0.1388
1420,91,1511,0.1388
1413,90,1503,0.1388
1419,90,1509,0.1388
1417,90,1507,0.1388
1422,94,1516,0.1388
1396,95,1491,0.1388
1402,97,1499,0.1388
1399,98,1497,0.1388
1404,97,1501,0.1388
1399,97,1496,0.1388
1405,99,1504,0.1388
1398,102,1500,0.1388
1411,97,1508,0.1388
1397,98,1495,0.1388
1411,96,1507,0.1388
1404,95,1499,0.1388
1388,97,1485,0.1388
1388,97,1485,0.1388
1388,99,1487,0.1388
1384,99,1483,0.1388
1397,97,1494,0.1388
1396,100,1496,0.1388
1405,101,1506,0.1388
1408,97,1505,0.1388
1408,95,1503,0.1388
1390,94,1484,0.1388
1378,96,1474,0.1388
1373,97,1470,0.1388
1386,98,1484,0.1388
1374,98,1472,0.1388
1370,99,1469,0.1388
1378,97,1475,0.1388
1377,96,1473,0.1388
1381,99,1480,0.1388
1389,99,1488,0.1388
1381,97,1478,0.1388
1391,97,1488,0.1388
1392,96,1488,0.1388
1405,96,1501,0.1388
1401,97,1498,0.1388
1383,98,1481,0.1388
1377,102,1479,0.1388
1372,102,1474,0.1388
1366,101,1467,0.1388
1364,100,1464,0.1388
1360,102,1462,0.1388
1369,105,1474,0.1388
1364,102,1466,0.1388
1389,105,1494,0.1388
1399,103,1502,0.1388
1384,103,1487,0.1388
1380,104,1484,0.1388
1392,104,1496,0.1388
1405,107,1512,0.1388
1411,106,1517,0.1388
1388,105,1493,0.1388
1397,106,1503,0.1388
1396,104,1500,0.1388
1393,107,1500,0.1388
1379,105,1484,0.1388
1379,101,1480,0.1388
1383,97,1480,0.1388
1394,96,1490,0.1388
1385,97,1482,0.1388
1400,96,1496,0.1388
1395,94,1489,0.1388
1394,98,1492,0.1388
1389,96,1485,0.1388
1404,97,1501,0.1388
1409,97,1506,0.1388
1395,94,1489,0.1388
1405,95,1500,0.1388
1405,94,1499,0.1388
1400,94,1494,0.1388
1397,95,1492,0.1388
1400,96,1496,0.1388
1400,100,1500,0.1388
1403,102,1505,0.1388
1391,103,1494,0.1388
1388,102,1490,0.1388
1398,107,1505,0.1388
1406,105,1511,0.1388
1405,105,1510,0.1388
1387,103,1490,0.1388
1394,103,1497,0.1388
1397,105,1502,0.1388
1410,105,1515,0.1388
1402,104,1506,0.1388
1403,102,1505,0.1388
1395,104,1499,0.1388
1395,104,1499,0.1388
1393,105,1498,0.1388
1385,106,1491,0.1388
1385,108,1493,0.1388
1384,110,1494,0.1388
1389,108,1497,0.1388
1375,109,1484,0.1388
1382,108,1490,0.1388
1391,110,1501,0.1388
1397,108,1505,0.1388
1400,107,1507,0.1388
1403,107,1510,0.1388
1408,111,1519,0.1388
1398,107,1505,0.1388
1404,110,1514,0.1388
1402,111,1513,0.1388
1400,111,1511,0.1388
1387,110,1497,0.1388
1379,110,1489,0.1388
1391,110,1501,0.1388
1393,108,1501,0.1388
1391,107,1498,0.1388
1383,109,1492,0.1388
1385,105,1490,0.1388
1386,110,1496,0.1388
1399,107,1506,0.1388
1393,111,1504,0.1388
1394,110,1504,0.1388
1394,112,1506,0.1388
1380,113,1493,0.1388
1379,114,1493,0.1388
1392,117,1509,0.1388
1398,117,1515,0.1388
1386,115,1501,0.1388
1380,116,1496,0.1388
1384,118,1502,0.1388
1396,117,1513,0.1388
1378,116,1494,0.1388
1382,119,1501,0.1388
1376,117,1493,0.1388
1373,115,1488,0.1388
1384,117,1501,0.1388
1372,116,1488,0.1388
1385,113,1498,0.1388
1374,119,1493,0.1388
1378,121,1499,0.1388
1379,119,1498,0.1388
1380,118,1498,0.1388
1379,119,1498,0.1388
1378,119,1497,0.1388
1364,118,1482,0.1388
1366,120,1486,0.1388
1367,117,1484,0.1388
1365,120,1485,0.1388
1362,123,1485,0.1388
1369,124,1493,0.1388
1371,122,1493,0.1388
1374,121,1495,0.1388
1379,121,1500,0.1388
1387,122,1509,0.1388
1385,123,1508,0.1388
1361,120,1481,0.1388
1361,123,1484,0.1388
1367,120,1487,0.1388
1365,122,1487,0.1388
1357,123,1480,0.1388
1369,122,1491,0.1388
1373,119,1492,0.1388
1358,116,1474,0.1388
1376,117,1493,0.1388
1364,117,1481,0.1388
1365,116,1481,0.1388
1357,114,1471,0.1388
1371,120,1491,0.1388
1373,123,1496,0.1388
1366,124,1490,0.1388
1363,126,1489,0.1388
1368,124,1492,0.1388
1375,122,1497,0.1388
1378,126,1504,0.1388
1384,124,1508,0.1388
1378,126,1504,0.1388
1375,124,1499,0.1388
1378,126,1504,0.1388
1379,127,1506,0.1388
1386,125,1511,0.1388
1376,123,1499,0.1388
1391,125,1516,0.1388
1389,130,1519,0.1388
1378,128,1506,0.1388
1368,131,1499,0.1388
1363,131,1494,0.1388
1366,131,1497,0.1388
1362,133,1495,0.1388
1353,139,1492,0.1388
1359,140,1499,0.1388
1358,143,1501,0.1388
1343,142,1485,0.1388
1345,145,1490,0.1388
1345,147,1492,0.1388
1343,150,1493,0.1388
1350,149,1499,0.1388
1351,150,1501,0.1388
1360,154,1514,0.1388
1344,153,1497,0.1388
1350,151,1501,0.1388
1349,148,1497,0.1388
1356,149,1505,0.1388
1352,148,1500,0.1388
1344,149,1493,0.1388
1339,152,1491,0.1388
1347,150,1497,0.1388
1348,151,1499,0.1388
1348,151,1499,0.1388
1350,158,1508,0.1388
1365,158,1523,0.1388
1367,154,1521,0.1388
1343,153,1496,0.1388
1340,157,1497,0.1388
1330,153,1483,0.1388
1314,152,1466,0.1388
1328,154,1482,0.1388
1339,157,1496,0.1388
1338,157,1495,0.1388
1342,156,1498,0.1388
1350,156,1506,0.1388
1338,156,1494,0.1388
1338,158,1496,0.1388
1331,164,1495,0.1388
1333,162,1495,0.1388
1331,167,1498,0.1388
1328,167,1495,0.1388
1335,167,1502,0.1388
1335,167,1502,0.1388
1323,168,1491,0.1388
1318,168,1486,0.1388
1318,164,1482,0.1388
1321,167,1488,0.1388
1320,176,1496,0.1388
1324,170,1494,0.1388
1328,167,1495,0.1388
1328,163,1491,0.1388
1316,164,1480,0.1388
1307,171,1478,0.1388
1310,168,1478,0.1388
1311,167,1478,0.1388
1314,168,1482,0.1388
1312,170,1482,0.1388
1320,175,1495,0.1388
1321,179,1500,0.1388
1324,182,1506,0.1388
1326,177,1503,0.1388
1331,178,1509,0.1388
1323,181,1504,0.1388
1331,180,1511,0.1388
1318,179,1497,0.1388
1312,181,1493,0.1388
1308,183,1491,0.1388
1308,184,1492,0.1388
1301,185,1486,0.1388
1309,184,1493,0.1388
1306,188,1494,0.1388
1305,190,1495,0.1388
1301,189,1490,0.1388
1288,194,1482,0.1388
1309,189,1498,0.1388
1311,183,1494,0.1388
1301,188,1489,0.1388
1313,194,1507,0.1388
1317,190,1507,0.1388
1302,194,1496,0.1388
1303,193,1496,0.1388
1296,196,1492,0.1388
1290,195,1485,0.1388
1284,199,1483,0.1388
1283,203,1486,0.1388
1278,201,1479,0.1388
1273,195,1468,0.1388
1273,197,1470,0.1388
1284,199,1483,0.1388
1282,203,1485,0.1388
1284,207,1491,0.1388
1293,209,1502,0.1388
1284,205,1489,0.1388
1280,206,1486,0.1388
1287,204,1491,0.1388
1288,202,1490,0.1388
1285,193,1478,0.1388
1276,194,1470,0.1388
1291,192,1483,0.1388
1296,194,1490,0.1388
1294,199,1493,0.1388
1291,197,1488,0.1388
1292,197,1489,0.1388
1291,198,1489,0.1388
1297,194,1491,0.1388
1302,196,1498,0.1388
1297,197,1494,0.1388
1309,199,1508,0.1388
1308,199,1507,0.1388
1315,196,1511,0.1388
1313,198,1511,0.1388
1307,203,1510,0.1388
1305,200,1505,0.1388
1307,194,1501,0.1388
1302,192,1494,0.1388
1298,197,1495,0.1388
1294,200,1494,0.1388
1300,198,1498,0.1388
1304,192,1496,0.1388
1304,192,1496,0.1388
1307,190,1497,0.1388
1315,188,1503,0.1388
1306,189,1495,0.1388
1309,186,1495,0.1388
1308,187,1495,0.1388
1307,186,1493,0.1388
1304,192,1496,0.1388
1302,196,1498,0.1388
1303,194,1497,0.1388
1288,200,1488,0.1388
1295,204,1499,0.1388
1291,205,1496,0.1388
1296,203,1499,0.1388
1296,208,1504,0.1388
1293,210,1503,0.1388
1282,209,1491,0.1388
1273,211,1484,0.1388
1279,211,1490,0.1388
1281,219,1500,0.1388
1270,221,1491,0.1388
1280,217,1497,0.1388
1284,220,1504,0.1388
1280,221,1501,0.1388
1276,227,1503,0.1388
1269,225,1494,0.1388
1271,227,1498,0.1388
1269,230,1499,0.1388
1265,226,1491,0.1388
1268,231,1499,0.1388
1263,232,1495,0.1388
1258,230,1488,0.1388
1275,232,1507,0.1388
1283,233,1516,0.1388
1286,233,1519,0.1388
1273,233,1506,0.1388
1273,231,1504,0.1388
1270,231,1501,0.1388
1265,235,1500,0.1388
1252,234,1486,0.1388
1257,235,1492,0.1388
1244,235,1479,0.1388
1254,237,1491,0.1388
1269,236,1505,0.1388
1279,231,1510,0.1388
1280,233,1513,0.1388
1272,240,1512,0.1388
1255,242,1497,0.1388
1256,247,1503,0.1388
1247,255,1502,0.1388
1243,256,1499,0.1388
1237,252,1489,0.1388
1228,246,1474,0.1388
1231,254,1485,0.1388
1243,257,1500,0.1388
1251,262,1513,0.1388
1255,264,1519,0.1388
1249,257,1506,0.1388
1247,254,1501,0.1388
1236,256,1492,0.1388
1236,258,1494,0.1388
1229,260,1489,0.1388
1231,260,1491,0.1388
1227,267,1494,0.1388
1227,273,1500,0.1388
1231,272,1503,0.1388
1229,274,1503,0.1388
1233,280,1513,0.1388
1233,276,1509,0.1388
1233,274,1507,0.1388
1228,277,1505,0.1388
1235,277,1512,0.1388
1226,279,1505,0.1388
1220,276,1496,0.1388
1215,283,1498,0.1388
1220,279,1499,0.1388
1224,289,1513,0.1388
1229,285,1514,0.1388
1226,284,1510,0.1388
1222,287,1509,0.1388
1221,279,1500,0.1388
1216,282,1498,0.1388
1201,286,1487,0.1388
1191,283,1474,0.1388
1202,285,1487,0.1388
1217,291,1508,0.1388
1211,292,1503,0.1388
1224,296,1520,0.1388
1217,288,1505,0.1388
1211,290,1501,0.1388
1211,293,1504,0.1388
1216,292,1508,0.1388
1216,290,1506,0.1388
1197,287,1484,0.1388
1192,285,1477,0.1388
1203,288,1491,0.1388
1199,288,1487,0.1388
1200,283,1483,0.1388
1200,287,1487,0.1388
1190,289,1479,0.1388
1198,295,1493,0.1388
1206,295,1501,0.1388
1218,291,1509,0.1388
1207,286,1493,0.1388
1225,286,1511,0.1388
1220,288,1508,0.1388
1208,290,1498,0.1388
1207,289,1496,0.1388
1215,291,1506,0.1388
1206,291,1497,0.1388
1209,290,1499,0.1388
1215,295,1510,0.1388
1203,290,1493,0.1388
1204,293,1497,0.1388
1207,293,1500,0.1388
1220,300,1520,0.1388
1223,296,1519,0.1388
1229,289,1518,0.1388
1209,286,1495,0.1388
1218,291,1509,0.1388
1214,299,1513,0.1388
1210,300,1510,0.1388
1213,303,1516,0.1388
1202,299,1501,0.1388
1202,297,1499,0.1388
1196,292,1488,0.1388
1201,293,1494,0.1388
1203,292,1495,0.1388
1211,300,1511,0.1388
1207,306,1513,0.1388
1196,300,1496,0.1388
1198,300,1498,0.1388
1212,304,1516,0.1388
1208,303,1511,0.1388
1212,299,1511,0.1388
1205,300,1505,0.1388
1202,298,1500,0.1388
1198,301,1499,0.1388
1202,302,1504,0.1388
1200,309,1509,0.1388
1195,305,1500,0.1388
1194,310,1504,0.1388
1182,306,1488,0.1388
1162,312,1474,0.1388
1163,309,1472,0.1388
1174,307,1481,0.1388
1175,309,1484,0.1388
1194,312,1506,0.1388
1196,304,1500,0.1388
1189,305,1494,0.1388
1201,301,1502,0.1388
1199,299,1498,0.1388
1197,303,1500,0.1388
1184,309,1493,0.1388
1187,311,1498,0.1388
1195,313,1508,0.1388
1180,311,1491,0.1388
1183,312,1495,0.1388
1180,310,1490,0.1388
1188,312,1500,0.1388
1174,312,1486,0.1388
1176,317,1493,0.1388
1182,324,1506,0.1388
1172,325,1497,0.1388
1169,320,1489,0.1388
1155,326,1481,0.1388
1154,330,1484,0.1388
1156,329,1485,0.1388
1156,333,1489,0.1388
1169,337,1506,0.1388
1175,335,1510,0.1388
1168,334,1502,0.1388
1167,340,1507,0.1388
1168,338,1506,0.1388
1170,333,1503,0.1388
1155,328,1483,0.1388
1151,328,1479,0.1388
1153,321,1474,0.1388
1145,327,1472,0.1388
1148,334,1482,0.1388
1144,335,1479,0.1388
1158,338,1496,0.1388
1163,340,1503,0.1388
1150,340,1490,0.1388
1161,342,1503,0.1388
1161,340,1501,0.1388
1161,341,1502,0.1388
1169,339,1508,0.1388
1160,341,1501,0.1388
1163,339,1502,0.1388
1154,346,1500,0.1388
1152,350,1502,0.1388
1150,355,1505,0.1388
1151,354,1505,0.1388
1147,359,1506,0.1388
1154,362,1516,0.1388
1161,362,1523,0.1388
1162,368,1530,0.1388
1146,367,1513,0.1388
1154,367,1521,0.1388
1129,368,1497,0.1388
1144,369,1513,0.1388
1135,362,1497,0.1388
1144,361,1505,0.1388
1141,368,1509,0.1388
1131,371,1502,0.1388
1120,366,1486,0.1388
1118,367,1485,0.1388
1125,366,1491,0.1388
1126,372,1498,0.1388
1116,368,1484,0.1388
1120,358,1478,0.1388
1127,359,1486,0.1388
1140,360,1500,0.1388
1146,365,1511,0.1388
1136,373,1509,0.1388
1128,370,1498,0.1388
1116,371,1487,0.1388
1124,373,1497,0.1388
1110,369,1479,0.1388
1113,368,1481,0.1388
1114,363,1477,0.1388
1109,365,1474,0.1388
1120,360,1480,0.1388
1130,358,1488,0.1388
1138,360,1498,0.1388
1132,365,1497,0.1388
1136,368,1504,0.1388
1131,361,1492,0.1388
1125,360,1485,0.1388
1117,360,1477,0.1388
1119,364,1483,0.1388
1126,366,1492,0.1388
1124,372,1496,0.1388
1132,375,1507,0.1388
1123,376,1499,0.1388
1126,387,1513,0.1388
1130,382,1512,0.1388
1124,382,1506,0.1388
1121,390,1511,0.1388
1106,389,1495,0.1388
1104,386,1490,0.1388
1100,390,1490,0.1388
1105,389,1494,0.1388
1102,396,1498,0.1388
1109,397,1506,0.1388
1114,401,1515,0.1388
1113,399,1512,0.1388
1109,404,1513,0.1388
1104,398,1502,0.1388
1102,406,1508,0.1388
1103,409,1512,0.1388
1089,408,1497,0.1388
1095,409,1504,0.1388
1096,410,1506,0.1388
1094,412,1506,0.1388
1083,410,1493,0.1388
1078,411,1489,0.1388
1076,415,1491,0.1388
1075,416,1491,0.1388
1081,416,1497,0.1388
1066,422,1488,0.1388
1062,425,1487,0.1388
1063,428,1491,0.1388
1050,426,1476,0.1388
1057,424,1481,0.1388
1071,425,1496,0.1388
1070,430,1500,0.1388
1072,423,1495,0.1388
1068,429,1497,0.1388
1064,429,1493,0.1388
1074,431,1505,0.1388
1069,428,1497,0.1388
1063,435,1498,0.1388
1065,436,1501,0.1388
1059,438,1497,0.1388
1060,436,1496,0.1388
1085,435,1520,0.1388
1073,429,1502,0.1388
1078,426,1504,0.1388
1065,431,1496,0.1388
1073,431,1504,0.1388
1062,436,1498,0.1388
1061,433,1494,0.1388
1061,437,1498,0.1388
1071,440,1511,0.1388
1068,436,1504,0.1388
1064,434,1498,0.1388
1057,433,1490,0.1388
1054,428,1482,0.1388
1048,438,1486,0.1388
1050,444,1494,0.1388
1045,450,1495,0.1388
1046,446,1492,0.1388
1039,451,1490,0.1388
1041,447,1488,0.1388
1045,449,1494,0.1388
1027,459,1486,0.1388
1022,463,1485,0.1388
1021,467,1488,0.1388
1022,465,1487,0.1388
1034,457,1491,0.1388
1039,452,1491,0.1388
1031,450,1481,0.1388
1046,451,1497,0.1388
1044,468,1512,0.1388
1046,461,1507,0.1388
1040,459,1499,0.1388
1042,463,1505,0.1388
1032,462,1494,0.1388
1032,464,1496,0.1388
1032,463,1495,0.1388
1040,460,1500,0.1388
1050,468,1518,0.1388
1035,470,1505,0.1388
1045,471,1516,0.1388
1029,471,1500,0.1388
1035,481,1516,0.1388
1014,478,1492,0.1388
1003,478,1481,0.1388
999,488,1487,0.1388
999,483,1482,0.1388
1002,489,1491,0.1388
1010,495,1505,0.1388
1021,489,1510,0.1388
1010,490,1500,0.1388
1018,496,1514,0.1388
1017,497,1514,0.1388
1015,510,1525,0.1388
1007,498,1505,0.1388
1006,503,1509,0.1388
1001,498,1499,0.1388
1009,497,1506,0.1388
1021,496,1517,0.1388
1015,485,1500,0.1388
1010,488,1498,0.1388
994,504,1498,0.1388
991,507,1498,0.1388
988,500,1488,0.1388
978,501,1479,0.1388
979,509,1488,0.1388
993,511,1504,0.1388
998,511,1509,0.1388
993,508,1501,0.1388
992,513,1505,0.1388
991,515,1506,0.1388
980,503,1483,0.1388
985,500,1485,0.1388
980,493,1473,0.1388
979,498,1477,0.1388
987,507,1494,0.1388
988,512,1500,0.1388
986,516,1502,0.1388
981,518,1499,0.1388
990,520,1510,0.1388
985,512,1497,0.1388
985,512,1497,0.1388
995,507,1502,0.1388
995,516,1511,0.1388
1005,519,1524,0.1388
995,515,1510,0.1388
1002,514,1516,0.1388
991,509,1500,0.1388
994,511,1505,0.1388
997,506,1503,0.1388
992,517,1509,0.1388
995,510,1505,0.1388
990,517,1507,0.1388
992,516,1508,0.1388
995,516,1511,0.1388
994,511,1505,0.1388
983,509,1492,0.1388
980,517,1497,0.1388
979,504,1483,0.1388
982,513,1495,0.1388
980,513,1493,0.1388
981,521,1502,0.1388
985,517,1502,0.1388
982,513,1495,0.1388
992,520,1512,0.1388
987,520,1507,0.1388
995,524,1519,0.1388
993,522,1515,0.1388
982,526,1508,0.1388
977,523,1500,0.1388
973,521,1494,0.1388
985,519,1504,0.1388
983,519,1502,0.1388
985,511,1496,0.1388
976,508,1484,0.1388
972,507,1479,0.1388
976,504,1480,0.1388
974,510,1484,0.1388
974,499,1473,0.1388
981,491,1472,0.1388
978,509,1487,0.1388
983,513,1496,0.1388
982,514,1496,0.1388
992,513,1505,0.1388
993,516,1509,0.1388
984,519,1503,0.1388
980,513,1493,0.1388
983,515,1498,0.1388
981,518,1499,0.1388
979,514,1493,0.1388
979,510,1489,0.1388
997,507,1504,0.1388
990,510,1500,0.1388
984,520,1504,0.1388
984,512,1496,0.1388
986,515,1501,0.1388
976,515,1491,0.1388
981,514,1495,0.1388
975,515,1490,0.1388
980,516,1496,0.1388
977,520,1497,0.1388
973,518,1491,0.1388
980,519,1499,0.1388
990,513,1503,0.1388
976,516,1492,0.1388
985,515,1500,0.1388
973,508,1481,0.1388
972,508,1480,0.1388
987,515,1502,0.1388
977,512,1489,0.1388
988,513,1501,0.1388
995,518,1513,0.1388
986,520,1506,0.1388
995,518,1513,0.1388
991,520,1511,0.1388
987,512,1499,0.1388
985,519,1504,0.1388
989,512,1501,0.1388
996,509,1505,0.1388
988,507,1495,0.1388
988,507,1495,0.1388
994,505,1499,0.1388
996,506,1502,0.1388
1000,508,1508,0.1388
996,504,1500,0.1388
1002,501,1503,0.1388
988,510,1498,0.1388
990,509,1499,0.1388
986,515,1501,0.1388
981,519,1500,0.1388
984,508,1492,0.1388
983,515,1498,0.1388
990,505,1495,0.1388
999,507,1506,0.1388
1000,512,1512,0.1388
992,513,1505,0.1388
992,514,1506,0.1388
987,520,1507,0.1388
983,522,1505,0.1388
990,511,1501,0.1388
988,508,1496,0.1388
987,508,1495,0.1388
991,519,1510,0.1388
991,512,1503,0.1388
984,508,1492,0.1388
979,509,1488,0.1388
987,520,1507,0.1388
986,524,1510,0.1388
989,526,1515,0.1388
970,525,1495,0.1388
957,537,1494,0.1388
958,531,1489,0.1388
967,529,1496,0.1388
968,523,1491,0.1388
974,531,1505,0.1388
970,539,1509,0.1388
964,538,1502,0.1388
962,537,1499,0.1388
963,538,1501,0.1388
956,544,1500,0.1388
952,537,1489,0.1388
957,530,1487,0.1388
965,533,1498,0.1388
972,528,1500,0.1388
975,536,1511,0.1388
973,533,1506,0.1388
971,532,1503,0.1388
969,535,1504,0.1388
968,543,1511,0.1388
958,545,1503,0.1388
964,543,1507,0.1388
970,555,1525,0.1388
964,547,1511,0.1388
959,554,1513,0.1388
950,551,1501,0.1388
946,550,1496,0.1388
953,551,1504,0.1388
945,548,1493,0.1388
932,552,1484,0.1388
946,549,1495,0.1388
958,547,1505,0.1388
953,547,1500,0.1388
954,545,1499,0.1388
962,543,1505,0.1388
952,540,1492,0.1388
965,537,1502,0.1388
956,541,1497,0.1388
954,541,1495,0.1388
950,536,1486,0.1388
941,539,1480,0.1388
943,547,1490,0.1388
962,550,1512,0.1388
959,547,1506,0.1388
949,543,1492,0.1388
961,547,1508,0.1388
940,547,1487,0.1388
944,550,1494,0.1388
941,550,1491,0.1388
943,559,1502,0.1388
942,561,1503,0.1388
944,561,1505,0.1388
941,559,1500,0.1388
939,563,1502,0.1388
949,566,1515,0.1388
946,570,1516,0.1388
943,572,1515,0.1388
931,568,1499,0.1388
933,572,1505,0.1388
931,568,1499,0.1388
930,572,1502,0.1388
925,572,1497,0.1388
927,580,1507,0.1388
943,574,1517,0.1388
947,569,1516,0.1388
936,563,1499,0.1388
938,570,1508,0.1388
935,569,1504,0.1388
929,561,1490,0.1388
933,568,1501,0.1388
918,561,1479,0.1388
923,567,1490,0.1388
927,574,1501,0.1388
943,571,1514,0.1388
937,578,1515,0.1388
929,588,1517,0.1388
924,595,1519,0.1388
917,586,1503,0.1388
924,590,1514,0.1388
918,582,1500,0.1388
919,593,1512,0.1388
915,596,1511,0.1388
913,596,1509,0.1388
914,605,1519,0.1388
898,607,1505,0.1388
899,608,1507,0.1388
900,611,1511,0.1388
905,605,1510,0.1388
907,603,1510,0.1388
901,604,1505,0.1388
905,600,1505,0.1388
893,595,1488,0.1388
892,595,1487,0.1388
889,601,1490,0.1388
892,603,1495,0.1388
898,606,1504,0.1388
891,604,1495,0.1388
881,596,1477,0.1388
888,605,1493,0.1388
892,607,1499,0.1388
895,606,1501,0.1388
885,601,1486,0.1388
884,600,1484,0.1388
885,603,1488,0.1388
879,607,1486,0.1388
874,614,1488,0.1388
872,611,1483,0.1388
873,610,1483,0.1388
872,621,1493,0.1388
888,621,1509,0.1388
895,615,1510,0.1388
892,613,1505,0.1388
880,620,1500,0.1388
878,624,1502,0.1388
879,615,1494,0.1388
886,624,1510,0.1388
876,622,1498,0.1388
876,613,1489,0.1388
874,617,1491,0.1388
868,630,1498,0.1388
864,629,1493,0.1388
870,628,1498,0.1388
868,630,1498,0.1388
863,628,1491,0.1388
865,627,1492,0.1388
875,630,1505,0.1388
867,624,1491,0.1388
871,620,1491,0.1388
865,622,1487,0.1388
866,626,1492,0.1388
868,627,1495,0.1388
856,620,1476,0.1388
867,624,1491,0.1388
870,621,1491,0.1388
865,636,1501,0.1388
868,643,1511,0.1388
872,641,1513,0.1388
863,644,1507,0.1388
863,650,1513,0.1388
865,652,1517,0.1388
869,652,1521,0.1388
862,651,1513,0.1388
862,645,1507,0.1388
854,652,1506,0.1388
856,642,1498,0.1388
853,645,1498,0.1388
853,640,1493,0.1388
853,650,1503,0.1388
853,657,1510,0.1388
853,650,1503,0.1388
854,649,1503,0.1388
853,656,1509,0.1388
841,653,1494,0.1388
845,646,1491,0.1388
836,653,1489,0.1388
838,650,1488,0.1388
845,652,1497,0.1388
849,661,1510,0.1388
847,659,1506,0.1388
849,659,1508,0.1388
840,662,1502,0.1388
834,655,1489,0.1388
827,660,1487,0.1388
835,659,1494,0.1388
839,659,1498,0.1388
834,655,1489,0.1388
834,667,1501,0.1388
840,664,1504,0.1388
843,664,1507,0.1388
841,668,1509,0.1388
834,664,1498,0.1388
834,670,1504,0.1388
830,680,1510,0.1388
834,676,1510,0.1388
828,680,1508,0.1388
827,683,1510,0.1388
827,680,1507,0.1388
830,674,1504,0.1388
823,679,1502,0.1388
821,681,1502,0.1388
816,677,1493,0.1388
814,685,1499,0.1388
809,678,1487,0.1388
800,672,1472,0.1388
803,679,1482,0.1388
812,678,1490,0.1388
824,678,1502,0.1388
826,669,1495,0.1388
821,668,1489,0.1388
828,678,1506,0.1388
824,676,1500,0.1388
824,676,1500,0.1388
816,672,1488,0.1388
818,671,1489,0.1388
822,682,1504,0.1388
822,680,1502,0.1388
821,677,1498,0.1388
807,680,1487,0.1388
814,681,1495,0.1388
818,682,1500,0.1388
813,680,1493,0.1388
806,683,1489,0.1388
803,682,1485,0.1388
796,694,1490,0.1388
798,698,1496,0.1388
805,696,1501,0.1388
798,691,1489,0.1388
809,691,1500,0.1388
790,697,1487,0.1388
791,693,1484,0.1388
808,699,1507,0.1388
790,702,1492,0.1388
782,695,1477,0.1388
790,699,1489,0.1388
789,707,1496,0.1388
790,695,1485,0.1388
794,699,1493,0.1388
796,699,1495,0.1388
792,706,1498,0.1388
791,701,1492,0.1388
799,702,1501,0.1388
791,708,1499,0.1388
795,707,1502,0.1388
790,708,1498,0.1388
810,699,1509,0.1388
811,708,1519,0.1388
806,707,1513,0.1388
798,688,1486,0.1388
802,697,1499,0.1388
795,700,1495,0.1388
801,711,1512,0.1388
792,712,1504,0.1388
796,715,1511,0.1388
799,703,1502,0.1388
806,708,1514,0.1388
801,713,1514,0.1388
787,711,1498,0.1388
792,711,1503,0.1388
798,713,1511,0.1388
791,710,1501,0.1388
791,713,1504,0.1388
783,712,1495,0.1388
786,725,1511,0.1388
789,740,1529,0.1388
790,739,1529,0.1388
780,731,1511,0.1388
770,735,1505,0.1388
767,729,1496,0.1388
773,729,1502,0.1388
768,727,1495,0.1388
765,729,1494,0.1388
755,724,1479,0.1388
751,740,1491,0.1388
760,736,1496,0.1388
752,738,1490,0.1388
753,751,1504,0.1388
755,743,1498,0.1388
751,748,1499,0.1388
750,757,1507,0.1388
751,758,1509,0.1388
749,759,1508,0.1388
741,758,1499,0.1388
738,763,1501,0.1388
739,765,1504,0.1388
736,757,1493,0.1388
745,752,1497,0.1388
739,754,1493,0.1388
740,763,1503,0.1388
743,771,1514,0.1388
745,771,1516,0.1388
738,772,1510,0.1388
744,768,1512,0.1388
744,759,1503,0.1388
740,757,1497,0.1388
738,758,1496,0.1388
735,766,1501,0.1388
739,766,1505,0.1388
737,761,1498,0.1388
739,753,1492,0.1388
737,757,1494,0.1388
739,760,1499,0.1388
740,764,1504,0.1388
736,762,1498,0.1388
745,769,1514,0.1388
736,765,1501,0.1388
740,776,1516,0.1388
735,784,1519,0.1388
731,785,1516,0.1388
732,786,1518,0.1388
742,777,1519,0.1388
743,783,1526,0.1388
735,783,1518,0.1388
734,785,1519,0.1388
730,777,1507,0.1388
730,784,1514,0.1388
734,782,1516,0.1388
729,786,1515,0.1388
726,794,1520,0.1388
713,791,1504,0.1388
710,797,1507,0.1388
708,799,1507,0.1388
703,805,1508,0.1388
701,807,1508,0.1388
695,801,1496,0.1388
693,809,1502,0.1388
698,806,1504,0.1388
704,799,1503,0.1388
701,802,1503,0.1388
701,805,1506,0.1388
695,813,1508,0.1388
686,808,1494,0.1388
683,801,1484,0.1388
684,795,1479,0.1388
677,809,1486,0.1388
675,811,1486,0.1388
684,808,1492,0.1388
683,817,1500,0.1388
682,814,1496,0.1388
679,819,1498,0.1388
683,817,1500,0.1388
684,809,1493,0.1388
692,811,1503,0.1388
694,814,1508,0.1388
698,801,1499,0.1388
704,804,1508,0.1388
698,810,1508,0.1388
696,810,1506,0.1388
690,819,1509,0.1388
693,813,1506,0.1388
684,803,1487,0.1388
688,803,1491,0.1388
696,809,1505,0.1388
696,814,1510,0.1388
699,805,1504,0.1388
697,807,1504,0.1388
690,818,1508,0.1388
686,810,1496,0.1388
682,815,1497,0.1388
693,812,1505,0.1388
693,816,1509,0.1388
705,811,1516,0.1388
698,810,1508,0.1388
691,814,1505,0.1388
692,818,1510,0.1388
692,819,1511,0.1388
694,813,1507,0.1388
690,824,1514,0.1388
689,817,1506,0.1388
685,822,1507,0.1388
683,821,1504,0.1388
684,810,1494,0.1388
696,811,1507,0.1388
685,813,1498,0.1388
687,819,1506,0.1388
686,822,1508,0.1388
690,817,1507,0.1388
681,830,1511,0.1388
678,835,1513,0.1388
681,830,1511,0.1388
679,832,1511,0.1388
676,834,1510,0.1388
673,851,1524,0.1388
682,843,1525,0.1388
674,830,1504,0.1388
678,832,1510,0.1388
677,835,1512,0.1388
670,844,1514,0.1388
672,841,1513,0.1388
668,843,1511,0.1388
659,843,1502,0.1388
660,841,1501,0.1388
661,842,1503,0.1388
655,843,1498,0.1388
653,838,1491,0.1388
655,846,1501,0.1388
661,851,1512,0.1388
661,859,1520,0.1388
652,854,1506,0.1388
643,858,1501,0.1388
652,854,1506,0.1388
655,858,1513,0.1388
652,853,1505,0.1388
648,856,1504,0.1388
647,853,1500,0.1388
648,847,1495,0.1388
648,849,1497,0.1388
649,853,1502,0.1388
659,856,1515,0.1388
656,858,1514,0.1388
657,851,1508,0.1388
664,849,1513,0.1388
670,840,1510,0.1388
668,844,1512,0.1388
660,850,1510,0.1388
664,847,1511,0.1388
662,848,1510,0.1388
660,857,1517,0.1388
649,854,1503,0.1388
652,863,1515,0.1388
656,867,1523,0.1388
650,861,1511,0.1388
654,856,1510,0.1388
657,861,1518,0.1388
659,863,1522,0.1388
649,862,1511,0.1388
644,862,1506,0.1388
648,859,1507,0.1388
647,860,1507,0.1388
644,865,1509,0.1388
645,877,1522,0.1388
639,865,1504,0.1388
635,882,1517,0.1388
629,875,1504,0.1388
627,883,1510,0.1388
631,883,1514,0.1388
625,875,1500,0.1388
627,875,1502,0.1388
624,879,1503,0.1388
619,890,1509,0.1388
619,881,1500,0.1388
621,894,1515,0.1388
625,895,1520,0.1388
627,895,1522,0.1388
631,892,1523,0.1388
626,886,1512,0.1388
628,888,1516,0.1388
624,894,1518,0.1388
618,894,1512,0.1388
617,889,1506,0.1388
609,883,1492,0.1388
614,904,1518,0.1388
612,898,1510,0.1388
623,902,1525,0.1388
618,905,1523,0.1388
613,905,1518,0.1388
611,901,1512,0.1388
603,895,1498,0.1388
608,904,1512,0.1388
609,898,1507,0.1388
612,901,1513,0.1388
615,897,1512,0.1388
620,902,1522,0.1388
611,906,1517,0.1388
603,904,1507,0.1388
602,901,1503,0.1388
604,906,1510,0.1388
592,904,1496,0.1388
599,913,1512,0.1388
604,911,1515,0.1388
597,913,1510,0.1388
599,917,1516,0.1388
603,913,1516,0.1388
600,908,1508,0.1388
602,919,1521,0.1388
595,905,1500,0.1388
593,897,1490,0.1388
587,901,1488,0.1388
591,910,1501,0.1388
591,906,1497,0.1388
592,912,1504,0.1388
585,924,1509,0.1388
586,915,1501,0.1388
591,913,1504,0.1388
582,919,1501,0.1388
574,917,1491,0.1388
574,934,1508,0.1388
581,936,1517,0.1388
579,938,1517,0.1388
587,935,1522,0.1388
584,945,1529,0.1388
579,938,1517,0.1388
576,939,1515,0.1388
585,935,1520,0.1388
586,927,1513,0.1388
583,924,1507,0.1388
577,930,1507,0.1388
578,928,1506,0.1388
569,929,1498,0.1388
573,932,1505,0.1388
565,947,1512,0.1388
563,937,1500,0.1388
554,941,1495,0.1388
548,940,1488,0.1388
548,947,1495,0.1388
550,950,1500,0.1388
552,953,1505,0.1388
556,957,1513,0.1388
557,961,1518,0.1388
559,955,1514,0.1388
553,949,1502,0.1388
552,945,1497,0.1388
559,953,1512,0.1388
554,952,1506,0.1388
562,940,1502,0.1388
562,942,1504,0.1388
562,946,1508,0.1388
556,949,1505,0.1388
555,955,1510,0.1388
543,960,1503,0.1388
534,960,1494,0.1388
531,964,1495,0.1388
527,967,1494,0.1388
529,964,1493,0.1388
529,955,1484,0.1388
540,961,1501,0.1388
537,952,1489,0.1388
538,965,1503,0.1388
536,969,1505,0.1388
533,969,1502,0.1388
535,973,1508,0.1388
523,972,1495,0.1388
530,975,1505,0.1388
527,973,1500,0.1388
517,979,1496,0.1388
523,969,1492,0.1388
524,986,1510,0.1388
519,986,1505,0.1388
515,988,1503,0.1388
501,992,1493,0.1388
500,995,1495,0.1388
502,997,1499,0.1388
499,1008,1507,0.1388
493,1003,1496,0.1388
498,1005,1503,0.1388
498,1001,1499,0.1388
502,996,1498,0.1388
501,998,1499,0.1388
510,996,1506,0.1388
499,996,1495,0.1388
499,992,1491,0.1388
511,984,1495,0.1388
517,985,1502,0.1388
511,988,1499,0.1388
512,987,1499,0.1388
512,980,1492,0.1388
511,990,1501,0.1388
513,993,1506,0.1388
519,992,1511,0.1388
511,995,1506,0.1388
507,992,1499,0.1388
511,1001,1512,0.1388
508,1005,1513,0.1388
512,1001,1513,0.1388
514,1003,1517,0.1388
512,997,1509,0.1388
510,996,1506,0.1388
500,994,1494,0.1388
496,998,1494,0.1388
501,992,1493,0.1388
508,1007,1515,0.1388
508,996,1504,0.1388
515,999,1514,0.1388
508,1003,1511,0.1388
503,999,1502,0.1388
511,1000,1511,0.1388
509,995,1504,0.1388
508,999,1507,0.1388
512,1001,1513,0.1388
518,1003,1521,0.1388
512,1000,1512,0.1388
508,991,1499,0.1388
504,999,1503,0.1388
502,1000,1502,0.1388
502,1007,1509,0.1388
509,1014,1523,0.1388
503,1002,1505,0.1388
503,1005,1508,0.1388
507,1010,1517,0.1388
509,1012,1521,0.1388
507,1007,1514,0.1388
513,1005,1518,0.1388
516,1007,1523,0.1388
515,1008,1523,0.1388
512,1008,1520,0.1388
511,1013,1524,0.1388
513,1002,1515,0.1388
514,1007,1521,0.1388
516,1002,1518,0.1388
512,997,1509,0.1388
511,994,1505,0.1388
512,1002,1514,0.1388
502,991,1493,0.1388
501,995,1496,0.1388
504,1002,1506,0.1388
492,1010,1502,0.1388
497,1010,1507,0.1388
491,1018,1509,0.1388
494,1018,1512,0.1388
502,1010,1512,0.1388
500,1018,1518,0.1388
509,1009,1518,0.1388
506,1002,1508,0.1388
513,991,1504,0.1388
500,996,1496,0.1388
495,1009,1504,0.1388
493,1006,1499,0.1388
498,1014,1512,0.1388
492,1014,1506,0.1388
486,1022,1508,0.1388
487,1028,1515,0.1388
489,1013,1502,0.1388
488,1021,1509,0.1388
493,1013,1506,0.1388
492,1013,1505,0.1388
486,1008,1494,0.1388
491,1018,1509,0.1388
486,1015,1501,0.1388
490,1018,1508,0.1388
485,1038,1523,0.1388
487,1023,1510,0.1388
483,1012,1495,0.1388
481,1021,1502,0.1388
490,1029,1519,0.1388
487,1012,1499,0.1388
476,1024,1500,0.1388
468,1034,1502,0.1388
472,1042,1514,0.1388
469,1041,1510,0.1388
468,1040,1508,0.1388
471,1035,1506,0.1388
476,1040,1516,0.1388
474,1036,1510,0.1388
479,1032,1511,0.1388
481,1044,1525,0.1388
477,1037,1514,0.1388
478,1036,1514,0.1388
478,1025,1503,0.1388
473,1031,1504,0.1388
471,1040,1511,0.1388
467,1039,1506,0.1388
469,1032,1501,0.1388
463,1032,1495,0.1388
471,1040,1511,0.1388
470,1047,1517,0.1388
474,1041,1515,0.1388
469,1053,1522,0.1388
466,1057,1523,0.1388
466,1052,1518,0.1388
461,1053,1514,0.1388
464,1042,1506,0.1388
465,1042,1507,0.1388
464,1050,1514,0.1388
468,1056,1524,0.1388
463,1063,1526,0.1388
462,1060,1522,0.1388
462,1056,1518,0.1388
451,1061,1512,0.1388
453,1051,1504,0.1388
453,1059,1512,0.1388
455,1049,1504,0.1388
454,1054,1508,0.1388
451,1058,1509,0.1388
453,1047,1500,0.1388
456,1054,1510,0.1388
456,1060,1516,0.1388
453,1057,1510,0.1388
451,1067,1518,0.1388
452,1068,1520,0.1388
450,1070,1520,0.1388
450,1061,1511,0.1388
444,1059,1503,0.1388
453,1064,1517,0.1388
450,1070,1520,0.1388
450,1066,1516,0.1388
459,1068,1527,0.1388
458,1075,1533,0.1388
459,1054,1513,0.1388
459,1056,1515,0.1388
458,1050,1508,0.1388
459,1055,1514,0.1388
447,1061,1508,0.1388
447,1063,1510,0.1388
448,1051,1499,0.1388
455,1058,1513,0.1388
452,1066,1518,0.1388
451,1070,1521,0.1388
455,1052,1507,0.1388
456,1055,1511,0.1388
453,1071,1524,0.1388
447,1053,1500,0.1388
448,1049,1497,0.1388
440,1057,1497,0.1388
440,1053,1493,0.1388
438,1055,1493,0.1388
432,1062,1494,0.1388
431,1069,1500,0.1388
429,1070,1499,0.1388
423,1075,1498,0.1388
429,1071,1500,0.1388
428,1071,1499,0.1388
430,1089,1519,0.1388
430,1089,1519,0.1388
428,1096,1524,0.1388
422,1093,1515,0.1388
429,1087,1516,0.1388
430,1088,1518,0.1388
426,1094,1520,0.1388
429,1096,1525,0.1388
429,1099,1528,0.1388
426,1084,1510,0.1388
423,1096,1519,0.1388
419,1098,1517,0.1388
427,1090,1517,0.1388
422,1085,1507,0.1388
420,1090,1510,0.1388
426,1096,1522,0.1388
419,1095,1514,0.1388
415,1101,1516,0.1388
412,1108,1520,0.1388
411,1111,1522,0.1388
410,1117,1527,0.1388
403,1111,1514,0.1388
402,1101,1503,0.1388
406,1101,1507,0.1388
403,1118,1521,0.1388
405,1110,1515,0.1388
405,1096,1501,0.1388
400,1114,1514,0.1388
401,1128,1529,0.1388
408,1120,1528,0.1388
405,1110,1515,0.1388
399,1120,1519,0.1388
401,1120,1521,0.1388
401,1132,1533,0.1388
399,1130,1529,0.1388
398,1119,1517,0.1388
402,1115,1517,0.1388
394,1114,1508,0.1388
398,1134,1532,0.1388
396,1137,1533,0.1388
397,1126,1523,0.1388
394,1130,1524,0.1388
393,1122,1515,0.1388
389,1121,1510,0.1388
386,1113,1499,0.1388
383,1114,1497,0.1388
385,1125,1510,0.1388
392,1123,1515,0.1388
391,1118,1509,0.1388
395,1116,1511,0.1388
396,1114,1510,0.1388
394,1124,1518,0.1388
388,1120,1508,0.1388
388,1124,1512,0.1388
390,1134,1524,0.1388
387,1136,1523,0.1388
385,1137,1522,0.1388
381,1134,1515,0.1388
381,1139,1520,0.1388
382,1148,1530,0.1388
381,1128,1509,0.1388
380,1137,1517,0.1388
384,1135,1519,0.1388
380,1124,1504,0.1388
376,1128,1504,0.1388
372,1137,1509,0.1388
379,1143,1522,0.1388
378,1130,1508,0.1388
374,1129,1503,0.1388
379,1128,1507,0.1388
379,1127,1506,0.1388
384,1131,1515,0.1388
387,1137,1524,0.1388
382,1146,1528,0.1388
378,1140,1518,0.1388
377,1129,1506,0.1388
376,1138,1514,0.1388
375,1126,1501,0.1388
378,1119,1497,0.1388
372,1136,1508,0.1388
370,1137,1507,0.1388
387,1137,1524,0.1388
375,1119,1494,0.1388
367,1129,1496,0.1388
366,1129,1495,0.1388
361,1131,1492,0.1388
372,1132,1504,0.1388
368,1147,1515,0.1388
364,1144,1508,0.1388
366,1153,1519,0.1388
371,1147,1518,0.1388
371,1149,1520,0.1388
369,1138,1507,0.1388
367,1139,1506,0.1388
376,1145,1521,0.1388
373,1149,1522,0.1388
379,1145,1524,0.1388
380,1149,1529,0.1388
378,1142,1520,0.1388
371,1155,1526,0.1388
364,1157,1521,0.1388
362,1149,1511,0.1388
364,1151,1515,0.1388
363,1155,1518,0.1388
359,1144,1503,0.1388
363,1141,1504,0.1388
365,1148,1513,0.1388
364,1149,1513,0.1388
359,1148,1507,0.1388
358,1158,1516,0.1388
362,1170,1532,0.1388
361,1158,1519,0.1388
358,1165,1523,0.1388
353,1161,1514,0.1388
345,1162,1507,0.1388
342,1155,1497,0.1388
334,1145,1479,0.1388
326,1144,1470,0.1388
329,1158,1487,0.1388
330,1155,1485,0.1388
328,1165,1493,0.1388
330,1176,1506,0.1388
341,1170,1511,0.1388
336,1163,1499,0.1388
333,1161,1494,0.1388
333,1169,1502,0.1388
332,1166,1498,0.1388
331,1185,1516,0.1388
330,1177,1507,0.1388
329,1181,1510,0.1388
323,1187,1510,0.1388
324,1180,1504,0.1388
321,1178,1499,0.1388
315,1187,1502,0.1388
320,1185,1505,0.1388
316,1186,1502,0.1388
316,1193,1509,0.1388
306,1192,1498,0.1388
306,1196,1502,0.1388
300,1189,1489,0.1388
298,1192,1490,0.1388
301,1195,1496,0.1388
299,1212,1511,0.1388
299,1199,1498,0.1388
301,1202,1503,0.1388
302,1197,1499,0.1388
304,1203,1507,0.1388
303,1211,1514,0.1388
301,1209,1510,0.1388
307,1199,1506,0.1388
310,1203,1513,0.1388
313,1194,1507,0.1388
313,1195,1508,0.1388
308,1185,1493,0.1388
309,1204,1513,0.1388
305,1207,1512,0.1388
303,1196,1499,0.1388
309,1208,1517,0.1388
310,1207,1517,0.1388
308,1198,1506,0.1388
311,1201,1512,0.1388
304,1199,1503,0.1388
304,1202,1506,0.1388
304,1210,1514,0.1388
307,1206,1513,0.1388
307,1210,1517,0.1388
301,1213,1514,0.1388
304,1204,1508,0.1388
298,1220,1518,0.1388
301,1214,1515,0.1388
304,1214,1518,0.1388
303,1220,1523,0.1388
305,1225,1530,0.1388
302,1228,1530,0.1388
303,1232,1535,0.1388
302,1231,1533,0.1388
291,1217,1508,0.1388
293,1216,1509,0.1388
290,1221,1511,0.1388
295,1216,1511,0.1388
294,1219,1513,0.1388
293,1225,1518,0.1388
292,1229,1521,0.1388
291,1230,1521,0.1388
288,1232,1520,0.1388
286,1222,1508,0.1388
291,1223,1514,0.1388
287,1217,1504,0.1388
286,1224,1510,0.1388
283,1229,1512,0.1388
282,1223,1505,0.1388
279,1228,1507,0.1388
282,1237,1519,0.1388
286,1222,1508,0.1388
284,1233,1517,0.1388
278,1234,1512,0.1388
278,1235,1513,0.1388
275,1239,1514,0.1388
272,1240,1512,0.1388
277,1244,1521,0.1388
279,1243,1522,0.1388
283,1234,1517,0.1388
278,1235,1513,0.1388
272,1231,1503,0.1388
269,1240,1509,0.1388
266,1252,1518,0.1388
270,1258,1528,0.1388
262,1252,1514,0.1388
263,1256,1519,0.1388
266,1250,1516,0.1388
267,1251,1518,0.1388
267,1256,1523,0.1388
261,1243,1504,0.1388
262,1253,1515,0.1388
267,1246,1513,0.1388
263,1250,1513,0.1388
262,1252,1514,0.1388
259,1254,1513,0.1388
256,1248,1504,0.1388
253,1252,1505,0.1388
259,1244,1503,0.1388
255,1242,1497,0.1388
254,1242,1496,0.1388
258,1243,1501,0.1388
257,1254,1511,0.1388
260,1245,1505,0.1388
255,1245,1500,0.1388
250,1245,1495,0.1388
249,1249,1498,0.1388
253,1264,1517,0.1388
251,1268,1519,0.1388
249,1252,1501,0.1388
245,1256,1501,0.1388
243,1251,1494,0.1388
244,1270,1514,0.1388
240,1277,1517,0.1388
242,1275,1517,0.1388
236,1280,1516,0.1388
242,1280,1522,0.1388
244,1276,1520,0.1388
245,1256,1501,0.1388
250,1256,1506,0.1388
251,1268,1519,0.1388
250,1273,1523,0.1388
254,1260,1514,0.1388
256,1271,1527,0.1388
255,1279,1534,0.1388
248,1271,1519,0.1388
242,1273,1515,0.1388
238,1287,1525,0.1388
233,1283,1516,0.1388
235,1284,1519,0.1388
235,1280,1515,0.1388
237,1278,1515,0.1388
237,1274,1511,0.1388
235,1270,1505,0.1388
234,1271,1505,0.1388
234,1285,1519,0.1388
237,1275,1512,0.1388
240,1282,1522,0.1388
237,1282,1519,0.1388
231,1289,1520,0.1388
231,1286,1517,0.1388
229,1281,1510,0.1388
224,1298,1522,0.1388
231,1285,1516,0.1388
230,1291,1521,0.1388
231,1285,1516,0.1388
240,1281,1521,0.1388
237,1279,1516,0.1388
229,1273,1502,0.1388
227,1268,1495,0.1388
223,1265,1488,0.1388
226,1270,1496,0.1388
229,1266,1495,0.1388
232,1272,1504,0.1388
230,1272,1502,0.1388
232,1280,1512,0.1388
228,1283,1511,0.1388
223,1283,1506,0.1388
221,1284,1505,0.1388
223,1283,1506,0.1388
219,1281,1500,0.1388
216,1293,1509,0.1388
220,1285,1505,0.1388
218,1276,1494,0.1388
220,1281,1501,0.1388
221,1285,1506,0.1388
223,1285,1508,0.1388
228,1289,1517,0.1388
233,1293,1526,0.1388
229,1294,1523,0.1388
224,1289,1513,0.1388
221,1294,1515,0.1388
227,1290,1517,0.1388
228,1281,1509,0.1388
230,1282,1512,0.1388
232,1281,1513,0.1388
229,1280,1509,0.1388
227,1292,1519,0.1388
226,1289,1515,0.1388
224,1290,1514,0.1388
225,1283,1508,0.1388
226,1286,1512,0.1388
229,1289,1518,0.1388
223,1283,1506,0.1388
225,1279,1504,0.1388
224,1284,1508,0.1388
227,1274,1501,0.1388
221,1280,1501,0.1388
219,1282,1501,0.1388
221,1279,1500,0.1388
221,1277,1498,0.1388
226,1283,1509,0.1388
231,1277,1508,0.1388
228,1275,1503,0.1388
226,1281,1507,0.1388
231,1274,1505,0.1388
231,1277,1508,0.1388
231,1270,1501,0.1388
229,1285,1514,0.1388
229,1267,1496,0.1388
228,1285,1513,0.1388
229,1289,1518,0.1388
232,1288,1520,0.1388
227,1300,1527,0.1388
229,1297,1526,0.1388
225,1285,1510,0.1388
231,1291,1522,0.1388
225,1285,1510,0.1388
229,1282,1511,0.1388
232,1274,1506,0.1388
232,1272,1504,0.1388
227,1279,1506,0.1388
235,1279,1514,0.1388
232,1265,1497,0.1388
230,1275,1505,0.1388
232,1289,1521,0.1388
230,1280,1510,0.1388
231,1278,1509,0.1388
229,1284,1513,0.1388
232,1285,1517,0.1388
233,1282,1515,0.1388
230,1287,1517,0.1388
231,1296,1527,0.1388
228,1302,1530,0.1388
224,1300,1524,0.1388
223,1276,1499,0.1388
228,1272,1500,0.1388
227,1286,1513,0.1388
225,1293,1518,0.1388
222,1289,1511,0.1388
224,1282,1506,0.1388
221,1291,1512,0.1388
224,1296,1520,0.1388
224,1302,1526,0.1388
227,1294,1521,0.1388
225,1283,1508,0.1388
223,1278,1501,0.1388
221,1292,1513,0.1388
220,1288,1508,0.1388
225,1287,1512,0.1388
222,1294,1516,0.1388
219,1300,1519,0.1388
220,1298,1518,0.1388
217,1298,1515,0.1388
212,1301,1513,0.1388
206,1302,1508,0.1388
206,1316,1522,0.1388
202,1322,1524,0.1388
203,1313,1516,0.1388
201,1314,1515,0.1388
206,1308,1514,0.1388
201,1311,1512,0.1388
199,1313,1512,0.1388
199,1316,1515,0.1388
192,1317,1509,0.1388
194,1317,1511,0.1388
193,1313,1506,0.1388
184,1311,1495,0.1388
182,1331,1513,0.1388
181,1333,1514,0.1388
182,1328,1510,0.1388
186,1320,1506,0.1388
187,1324,1511,0.1388
183,1315,1498,0.1388
179,1320,1499,0.1388
183,1331,1514,0.1388
182,1339,1521,0.1388
181,1340,1521,0.1388
175,1343,1518,0.1388
177,1340,1517,0.1388
180,1333,1513,0.1388
179,1332,1511,0.1388
179,1331,1510,0.1388
180,1323,1503,0.1388
178,1334,1512,0.1388
182,1334,1516,0.1388
183,1337,1520,0.1388
181,1331,1512,0.1388
182,1321,1503,0.1388
186,1324,1510,0.1388
183,1321,1504,0.1388
184,1338,1522,0.1388
183,1337,1520,0.1388
180,1338,1518,0.1388
181,1330,1511,0.1388
179,1324,1503,0.1388
179,1328,1507,0.1388
179,1330,1509,0.1388
181,1342,1523,0.1388
183,1348,1531,0.1388
181,1336,1517,0.1388
174,1345,1519,0.1388
170,1339,1509,0.1388
174,1348,1522,0.1388
175,1347,1522,0.1388
177,1330,1507,0.1388
174,1320,1494,0.1388
175,1334,1509,0.1388
167,1326,1493,0.1388
172,1335,1507,0.1388
176,1346,1522,0.1388
177,1333,1510,0.1388
176,1331,1507,0.1388
176,1336,1512,0.1388
169,1343,1512,0.1388
168,1340,1508,0.1388
171,1338,1509,0.1388
170,1341,1511,0.1388
169,1336,1505,0.1388
168,1336,1504,0.1388
168,1341,1509,0.1388
167,1349,1516,0.1388
166,1358,1524,0.1388
170,1366,1536,0.1388
170,1354,1524,0.1388
167,1352,1519,0.1388
171,1350,1521,0.1388
170,1363,1533,0.1388
170,1363,1533,0.1388
171,1344,1515,0.1388
165,1345,1510,0.1388
165,1361,1526,0.1388
164,1341,1505,0.1388
160,1367,1527,0.1388
164,1371,1535,0.1388
161,1356,1517,0.1388
162,1353,1515,0.1388
161,1347,1508,0.1388
159,1348,1507,0.1388
162,1353,1515,0.1388
163,1351,1514,0.1388
162,1347,1509,0.1388
167,1352,1519,0.1388
167,1361,1528,0.1388
163,1355,1518,0.1388
163,1366,1529,0.1388
160,1360,1520,0.1388
162,1355,1517,0.1388
163,1345,1508,0.1388
159,1333,1492,0.1388
163,1359,1522,0.1388
162,1368,1530,0.1388
160,1350,1510,0.1388
159,1365,1524,0.1388
163,1367,1530,0.1388
163,1366,1529,0.1388
164,1367,1531,0.1388
156,1355,1511,0.1388
161,1352,1513,0.1388
164,1349,1513,0.1388
172,1347,1519,0.1388
168,1350,1518,0.1388
169,1352,1521,0.1388
170,1357,1527,0.1388
170,1349,1519,0.1388
167,1349,1516,0.1388
168,1359,1527,0.1388
170,1350,1520,0.1388
168,1348,1516,0.1388
167,1345,1512,0.1388
167,1335,1502,0.1388
169,1356,1525,0.1388
166,1367,1533,0.1388
170,1359,1529,0.1388
171,1349,1520,0.1388
171,1357,1528,0.1388
170,1351,1521,0.1388
167,1340,1507,0.1388
167,1354,1521,0.1388
166,1348,1514,0.1388
163,1348,1511,0.1388
158,1340,1498,0.1388
159,1356,1515,0.1388
163,1363,1526,0.1388
161,1364,1525,0.1388
160,1340,1500,0.1388
156,1334,1490,0.1388
155,1342,1497,0.1388
152,1349,1501,0.1388
150,1337,1487,0.1388
149,1348,1497,0.1388
151,1344,1495,0.1388
149,1355,1504,0.1388
149,1357,1506,0.1388
147,1364,1511,0.1388
152,1364,1516,0.1388
154,1373,1527,0.1388
154,1357,1511,0.1388
155,1356,1511,0.1388
158,1352,1510,0.1388
158,1364,1522,0.1388
161,1358,1519,0.1388
158,1354,1512,0.1388
156,1362,1518,0.1388
155,1379,1534,0.1388
158,1371,1529,0.1388
157,1364,1521,0.1388
159,1351,1510,0.1388
155,1344,1499,0.1388
148,1351,1499,0.1388
148,1367,1515,0.1388
142,1369,1511,0.1388
144,1369,1513,0.1388
142,1354,1496,0.1388
141,1353,1494,0.1388
145,1363,1508,0.1388
146,1359,1505,0.1388
145,1358,1503,0.1388
143,1357,1500,0.1388
144,1368,1512,0.1388
147,1372,1519,0.1388
143,1379,1522,0.1388
141,1373,1514,0.1388
143,1370,1513,0.1388
140,1377,1517,0.1388
143,1389,1532,0.1388
138,1394,1532,0.1388
131,1365,1496,0.1388
131,1361,1492,0.1388
129,1361,1490,0.1388
134,1366,1500,0.1388
136,1377,1513,0.1388
135,1385,1520,0.1388
136,1379,1515,0.1388
139,1372,1511,0.1388
140,1372,1512,0.1388
136,1361,1497,0.1388
134,1365,1499,0.1388
135,1364,1499,0.1388
132,1374,1506,0.1388
135,1378,1513,0.1388
132,1386,1518,0.1388
138,1382,1520,0.1388
139,1364,1503,0.1388
140,1368,1508,0.1388
140,1355,1495,0.1388
138,1359,1497,0.1388
135,1362,1497,0.1388
135,1369,1504,0.1388
137,1374,1511,0.1388
138,1384,1522,0.1388
139,1385,1524,0.1388
138,1379,1517,0.1388
135,1375,1510,0.1388
135,1381,1516,0.1388
134,1381,1515,0.1388
132,1371,1503,0.1388
136,1382,1518,0.1388
139,1383,1522,0.1388
138,1375,1513,0.1388
140,1384,1524,0.1388
136,1380,1516,0.1388
139,1368,1507,0.1388
137,1380,1517,0.1388
136,1386,1522,0.1388
135,1383,1518,0.1388
131,1376,1507,0.1388
135,1376,1511,0.1388
141,1375,1516,0.1388
144,1375,1519,0.1388
146,1375,1521,0.1388
139,1380,1519,0.1388
140,1367,1507,0.1388
143,1367,1510,0.1388
140,1381,1521,0.1388
145,1380,1525,0.1388
145,1380,1525,0.1388
140,1368,1508,0.1388
138,1379,1517,0.1388
137,1374,1511,0.1388
133,1373,1506,0.1388
137,1376,1513,0.1388
137,1375,1512,0.1388
130,1372,1502,0.1388
131,1382,1513,0.1388
133,1387,1520,0.1388
134,1376,1510,0.1388
131,1380,1511,0.1388
134,1387,1521,0.1388
132,1389,1521,0.1388
130,1389,1519,0.1388
125,1398,1523,0.1388
124,1389,1513,0.1388
126,1393,1519,0.1388
126,1388,1514,0.1388
126,1399,1525,0.1388
123,1401,1524,0.1388
125,1401,1526,0.1388
122,1388,1510,0.1388
120,1396,1516,0.1388
120,1390,1510,0.1388
119,1399,1518,0.1388
119,1393,1512,0.1388
122,1405,1527,0.1388
123,1405,1528,0.1388
126,1381,1507,0.1388
124,1387,1511,0.1388
123,1401,1524,0.1388
125,1411,1536,0.1388
121,1398,1519,0.1388
121,1379,1500,0.1388
123,1387,1510,0.1388
124,1395,1519,0.1388
127,1395,1522,0.1388
126,1392,1518,0.1388
127,1398,1525,0.1388
127,1399,1526,0.1388
126,1394,1520,0.1388
122,1392,1514,0.1388
124,1390,1514,0.1388
123,1391,1514,0.1388
121,1393,1514,0.1388
116,1387,1503,0.1388
119,1404,1523,0.1388
117,1402,1519,0.1388
118,1392,1510,0.1388
118,1386,1504,0.1388
120,1384,1504,0.1388
119,1400,1519,0.1388
116,1404,1520,0.1388
115,1403,1518,0.1388
114,1384,1498,0.1388
115,1398,1513,0.1388
113,1415,1528,0.1388
108,1406,1514,0.1388
107,1398,1505,0.1388
106,1410,1516,0.1388
109,1401,1510,0.1388
109,1397,1506,0.1388
111,1399,1510,0.1388
111,1395,1506,0.1388
114,1385,1499,0.1388
117,1397,1514,0.1388
122,1378,1500,0.1388
123,1384,1507,0.1388
125,1388,1513,0.1388
127,1390,1517,0.1388
125,1386,1511,0.1388
123,1396,1519,0.1388
123,1391,1514,0.1388
121,1383,1504,0.1388
123,1358,1481,0.1388
125,1383,1508,0.1388
127,1394,1521,0.1388
124,1396,1520,0.1388
124,1393,1517,0.1388
121,1393,1514,0.1388
117,1391,1508,0.1388
116,1403,1519,0.1388
120,1399,1519,0.1388
119,1410,1529,0.1388
116,1398,1514,0.1388
114,1390,1504,0.1388
114,1402,1516,0.1388
117,1401,1518,0.1388
116,1403,1519,0.1388
117,1399,1516,0.1388
112,1408,1520,0.1388
113,1400,1513,0.1388
110,1405,1515,0.1388
112,1404,1516,0.1388
110,1404,1514,0.1388
113,1403,1516,0.1388
112,1406,1518,0.1388
112,1403,1515,0.1388
112,1410,1522,0.1388
110,1412,1522,0.1388
112,1412,1524,0.1388
110,1413,1523,0.1388
106,1412,1518,0.1388
104,1411,1515,0.1388
101,1426,1527,0.1388
103,1426,1529,0.1388
97,1433,1530,0.1388
99,1435,1534,0.1388
99,1421,1520,0.1388
94,1418,1512,0.1388
96,1417,1513,0.1388
98,1420,1518,0.1388
101,1414,1515,0.1388
100,1393,1493,0.1388
99,1404,1503,0.1388
96,1419,1515,0.1388
100,1417,1517,0.1388
98,1425,1523,0.1388
96,1422,1518,0.1388
93,1423,1516,0.1388
92,1423,1515,0.1388
92,1423,1515,0.1388
90,1425,1515,0.1388
88,1427,1515,0.1388
90,1427,1517,0.1388
94,1438,1532,0.1388
92,1444,1536,0.1388
88,1435,1523,0.1388
85,1431,1516,0.1388
86,1438,1524,0.1388
85,1434,1519,0.1388
85,1435,1520,0.1388
81,1435,1516,0.1388
80,1438,1518,0.1388
80,1427,1507,0.1388
79,1434,1513,0.1388
79,1439,1518,0.1388
77,1438,1515,0.1388
76,1448,1524,0.1388
75,1439,1514,0.1388
75,1453,1528,0.1388
75,1456,1531,0.1388
74,1451,1525,0.1388
74,1443,1517,0.1388
72,1437,1509,0.1388
74,1447,1521,0.1388
74,1449,1523,0.1388
75,1453,1528,0.1388
69,1456,1525,0.1388
71,1459,1530,0.1388
70,1462,1532,0.1388
70,1453,1523,0.1388
70,1443,1513,0.1388
70,1450,1520,0.1388
70,1455,1525,0.1388
69,1454,1523,0.1388
69,1453,1522,0.1388
68,1452,1520,0.1388
70,1445,1515,0.1388
70,1457,1527,0.1388
66,1455,1521,0.1388
66,1456,1522,0.1388
64,1452,1516,0.1388
64,1459,1523,0.1388
65,1453,1518,0.1388
66,1463,1529,0.1388
65,1465,1530,0.1388
65,1461,1526,0.1388
65,1461,1526,0.1388
63,1447,1510,0.1388
65,1449,1514,0.1388
68,1443,1511,0.1388
67,1443,1510,0.1388
67,1453,1520,0.1388
66,1457,1523,0.1388
63,1460,1523,0.1388
64,1460,1524,0.1388
60,1449,1509,0.1388
57,1450,1507,0.1388
57,1447,1504,0.1388
58,1452,1510,0.1388
60,1451,1511,0.1388
61,1450,1511,0.1388
64,1443,1507,0.1388
59,1453,1512,0.1388
58,1458,1516,0.1388
58,1455,1513,0.1388
61,1457,1518,0.1388
60,1465,1525,0.1388
59,1449,1508,0.1388
57,1445,1502,0.1388
55,1453,1508,0.1388
55,1442,1497,0.1388
57,1445,1502,0.1388
56,1438,1494,0.1388
55,1472,1527,0.1388
60,1466,1526,0.1388
60,1476,1536,0.1388
61,1475,1536,0.1388
60,1471,1531,0.1388
58,1465,1523,0.1388
57,1457,1514,0.1388
57,1455,1512,0.1388
54,1460,1514,0.1388
54,1461,1515,0.1388
57,1463,1520,0.1388
58,1461,1519,0.1388
55,1471,1526,0.1388
56,1455,1511,0.1388
56,1460,1516,0.1388
57,1462,1519,0.1388
58,1455,1513,0.1388
57,1462,1519,0.1388
55,1457,1512,0.1388
55,1459,1514,0.1388
53,1464,1517,0.1388
53,1472,1525,0.1388
55,1474,1529,0.1388
53,1470,1523,0.1388
50,1461,1511,0.1388
50,1473,1523,0.1388
52,1474,1526,0.1388
52,1463,1515,0.1388
51,1466,1517,0.1388
49,1463,1512,0.1388
50,1459,1509,0.1388
50,1449,1499,0.1388
48,1469,1517,0.1388
45,1477,1522,0.1388
45,1476,1521,0.1388
45,1465,1510,0.1388
43,1467,1510,0.1388
41,1485,1526,0.1388
40,1485,1525,0.1388
40,1480,1520,0.1388
40,1483,1523,0.1388
40,1492,1532,0.1388
39,1466,1505,0.1388
39,1467,1506,0.1388
39,1464,1503,0.1388
41,1466,1507,0.1388
44,1454,1498,0.1388
43,1459,1502,0.1388
39,1461,1500,0.1388
39,1462,1501,0.1388
37,1476,1513,0.1388
36,1480,1516,0.1388
36,1477,1513,0.1388
39,1472,1511,0.1388
41,1457,1498,0.1388
40,1464,1504,0.1388
40,1471,1511,0.1388
42,1480,1522,0.1388
43,1481,1524,0.1388
41,1467,1508,0.1388
41,1480,1521,0.1388
38,1497,1535,0.1388
39,1494,1533,0.1388
38,1487,1525,0.1388
39,1489,1528,0.1388
37,1482,1519,0.1388
37,1479,1516,0.1388
37,1485,1522,0.1388
37,1486,1523,0.1388
36,1480,1516,0.1388
34,1476,1510,0.1388
35,1473,1508,0.1388
33,1476,1509,0.1388
33,1472,1505,0.1388
31,1476,1507,0.1388
32,1478,1510,0.1388
32,1472,1504,0.1388
31,1484,1515,0.1388
32,1476,1508,0.1388
31,1481,1512,0.1388
31,1469,1500,0.1388
33,1474,1507,0.1388
33,1470,1503,0.1388
33,1484,1517,0.1388
31,1490,1521,0.1388
32,1481,1513,0.1388
32,1479,1511,0.1388
34,1468,1502,0.1388
35,1476,1511,0.1388
38,1485,1523,0.1388
37,1477,1514,0.1388
36,1480,1516,0.1388
37,1478,1515,0.1388
37,1486,1523,0.1388
36,1481,1517,0.1388
35,1477,1512,0.1388
36,1479,1515,0.1388
36,1479,1515,0.1388
36,1481,1517,0.1388
35,1478,1513,0.1388
37,1473,1510,0.1388
37,1473,1510,0.1388
36,1478,1514,0.1388
33,1491,1524,0.1388
33,1480,1513,0.1388
33,1501,1534,0.1388
34,1502,1536,0.1388
35,1488,1523,0.1388
33,1498,1531,0.1388
33,1496,1529,0.1388
35,1490,1525,0.1388
36,1478,1514,0.1388
36,1486,1522,0.1388
36,1472,1508,0.1388
35,1482,1517,0.1388
36,1474,1510,0.1388
36,1465,1501,0.1388
36,1465,1501,0.1388
36,1463,1499,0.1388
36,1476,1512,0.1388
36,1484,1520,0.1388
36,1489,1525,0.1388
34,1492,1526,0.1388
34,1481,1515,0.1388
33,1482,1515,0.1388
33,1491,1524,0.1388
32,1480,1512,0.1388
31,1473,1504,0.1388
31,1482,1513,0.1388
30,1489,1519,0.1388
31,1474,1505,0.1388
31,1470,1501,0.1388
32,1485,1517,0.1388
31,1478,1509,0.1388
31,1474,1505,0.1388
32,1482,1514,0.1388
31,1477,1508,0.1388
33,1489,1522,0.1388
34,1492,1526,0.1388
33,1495,1528,0.1388
33,1492,1525,0.1388
34,1486,1520,0.1388
36,1480,1516,0.1388
35,1483,1518,0.1388
34,1485,1519,0.1388
35,1485,1520,0.1388
34,1490,1524,0.1388
31,1487,1518,0.1388
35,1495,1530,0.1388
33,1475,1508,0.1388
35,1484,1519,0.1388
35,1471,1506,0.1388
38,1470,1508,0.1388
38,1470,1508,0.1388
39,1463,1502,0.1388
39,1462,1501,0.1388
37,1466,1503,0.1388
39,1470,1509,0.1388
37,1468,1505,0.1388
38,1470,1508,0.1388
38,1480,1518,0.1388
38,1479,1517,0.1388
39,1485,1524,0.1388
41,1477,1518,0.1388
41,1478,1519,0.1388
40,1478,1518,0.1388
43,1478,1521,0.1388
43,1467,1510,0.1388
44,1479,1523,0.1388
45,1478,1523,0.1388
46,1473,1519,0.1388
43,1471,1514,0.1388
46,1484,1530,0.1388
45,1484,1529,0.1388
45,1478,1523,0.1388
45,1476,1521,0.1388
46,1470,1516,0.1388
46,1474,1520,0.1388
48,1470,1518,0.1388
49,1477,1526,0.1388
48,1477,1525,0.1388
49,1489,1538,0.1388
50,1478,1528,0.1388
53,1467,1520,0.1388
51,1472,1523,0.1388
51,1474,1525,0.1388
48,1475,1523,0.1388
49,1472,1521,0.1388
46,1460,1506,0.1388
48,1466,1514,0.1388
48,1472,1520,0.1388
46,1475,1521,0.1388
48,1469,1517,0.1388
46,1481,1527,0.1388
46,1482,1528,0.1388
46,1477,1523,0.1388
45,1479,1524,0.1388
45,1477,1522,0.1388
43,1480,1523,0.1388
43,1472,1515,0.1388
42,1469,1511,0.1388
43,1471,1514,0.1388
43,1475,1518,0.1388
44,1471,1515,0.1388
42,1472,1514,0.1388
42,1472,1514,0.1388
40,1468,1508,0.1388
39,1473,1512,0.1388
40,1477,1517,0.1388
40,1476,1516,0.1388
40,1468,1508,0.1388
36,1473,1509,0.1388
35,1479,1514,0.1388
35,1479,1514,0.1388
37,1482,1519,0.1388
39,1468,1507,0.1388
37,1462,1499,0.1388
40,1469,1509,0.1388
39,1463,1502,0.1388
40,1472,1512,0.1388
40,1461,1501,0.1388
39,1465,1504,0.1388
37,1476,1513,0.1388
37,1485,1522,0.1388
36,1487,1523,0.1388
36,1468,1504,0.1388
35,1468,1503,0.1388
31,1461,1492,0.1388
31,1474,1505,0.1388
31,1470,1501,0.1388
31,1471,1502,0.1388
34,1481,1515,0.1388
35,1482,1517,0.1388
34,1492,1526,0.1388
32,1495,1527,0.1388
32,1494,1526,0.1388
31,1504,1535,0.1388
31,1498,1529,0.1388
31,1497,1528,0.1388
32,1492,1524,0.1388
32,1486,1518,0.1388
31,1467,1498,0.1388
32,1465,1497,0.1388
33,1476,1509,0.1388
33,1481,1514,0.1388
33,1471,1504,0.1388
33,1475,1508,0.1388
33,1481,1514,0.1388
32,1483,1515,0.1388
32,1477,1509,0.1388
31,1480,1511,0.1388
31,1484,1515,0.1388
29,1482,1511,0.1388
30,1472,1502,0.1388
28,1477,1505,0.1388
28,1479,1507,0.1388
27,1493,1520,0.1388
28,1491,1519,0.1388
27,1485,1512,0.1388
28,1483,1511,0.1388
28,1493,1521,0.1388
29,1498,1527,0.1388
29,1492,1521,0.1388
29,1485,1514,0.1388
29,1489,1518,0.1388
29,1495,1524,0.1388
27,1486,1513,0.1388
27,1501,1528,0.1388
26,1501,1527,0.1388
27,1496,1523,0.1388
27,1489,1516,0.1388
27,1484,1511,0.1388
29,1493,1522,0.1388
29,1501,1530,0.1388
30,1490,1520,0.1388
29,1489,1518,0.1388
28,1486,1514,0.1388
27,1486,1513,0.1388
28,1490,1518,0.1388
25,1494,1519,0.1388
27,1483,1510,0.1388
27,1473,1500,0.1388
29,1477,1506,0.1388
30,1463,1493,0.1388
28,1467,1495,0.1388
27,1491,1518,0.1388
26,1490,1516,0.1388
25,1495,1520,0.1388
25,1493,1518,0.1388
25,1493,1518,0.1388
24,1504,1528,0.1388
23,1499,1522,0.1388
25,1493,1518,0.1388
25,1487,1512,0.1388
24,1497,1521,0.1388
26,1503,1529,0.1388
28,1507,1535,0.1388
29,1503,1532,0.1388
30,1479,1509,0.1388
30,1485,1515,0.1388
30,1492,1522,0.1388
31,1488,1519,0.1388
33,1494,1527,0.1388
32,1490,1522,0.1388
29,1488,1517,0.1388
29,1480,1509,0.1388
31,1473,1504,0.1388
31,1469,1500,0.1388
32,1470,1502,0.1388
33,1477,1510,0.1388
33,1476,1509,0.1388
32,1484,1516,0.1388
29,1478,1507,0.1388
29,1476,1505,0.1388
29,1473,1502,0.1388
30,1475,1505,0.1388
29,1483,1512,0.1388
30,1477,1507,0.1388
31,1489,1520,0.1388
31,1479,1510,0.1388
30,1475,1505,0.1388
30,1488,1518,0.1388
33,1476,1509,0.1388
31,1485,1516,0.1388
31,1470,1501,0.1388
32,1465,1497,0.1388
31,1467,1498,0.1388
31,1473,1504,0.1388
31,1486,1517,0.1388
32,1473,1505,0.1388
31,1468,1499,0.1388
31,1460,1491,0.1388
33,1467,1500,0.1388
33,1477,1510,0.1388
35,1473,1508,0.1388
35,1478,1513,0.1388
34,1492,1526,0.1388
35,1485,1520,0.1388
36,1481,1517,0.1388
35,1482,1517,0.1388
34,1485,1519,0.1388
32,1482,1514,0.1388
32,1490,1522,0.1388
33,1494,1527,0.1388
33,1490,1523,0.1388
32,1481,1513,0.1388
33,1492,1525,0.1388
34,1482,1516,0.1388
32,1487,1519,0.1388
32,1484,1516,0.1388
33,1490,1523,0.1388
32,1489,1521,0.1388
30,1498,1528,0.1388
30,1493,1523,0.1388
30,1494,1524,0.1388
31,1487,1518,0.1388
29,1483,1512,0.1388
29,1477,1506,0.1388
29,1481,1510,0.1388
30,1482,1512,0.1388
29,1495,1524,0.1388
27,1494,1521,0.1388
25,1496,1521,0.1388
25,1476,1501,0.1388
26,1488,1514,0.1388
24,1494,1518,0.1388
24,1487,1511,0.1388
25,1482,1507,0.1388
24,1485,1509,0.1388
25,1471,1496,0.1388
25,1480,1505,0.1388
24,1482,1506,0.1388
24,1491,1515,0.1388
25,1494,1519,0.1388
25,1494,1519,0.1388
27,1487,1514,0.1388
28,1484,1512,0.1388
27,1487,1514,0.1388
29,1478,1507,0.1388
29,1489,1518,0.1388
29,1489,1518,0.1388
28,1504,1532,0.1388
28,1499,1527,0.1388
28,1490,1518,0.1388
26,1498,1524,0.1388
26,1495,1521,0.1388
27,1493,1520,0.1388
26,1486,1512,0.1388
26,1493,1519,0.1388
26,1475,1501,0.1388
27,1483,1510,0.1388
29,1482,1511,0.1388
30,1485,1515,0.1388
32,1492,1524,0.1388
32,1490,1522,0.1388
32,1490,1522,0.1388
32,1477,1509,0.1388
32,1478,1510,0.1388
33,1479,1512,0.1388
32,1477,1509,0.1388
31,1478,1509,0.1388
32,1488,1520,0.1388
30,1484,1514,0.1388
29,1487,1516,0.1388
29,1494,1523,0.1388
28,1472,1500,0.1388
27,1477,1504,0.1388
26,1478,1504,0.1388
26,1481,1507,0.1388
26,1472,1498,0.1388
26,1476,1502,0.1388
26,1487,1513,0.1388
28,1505,1533,0.1388
28,1493,1521,0.1388
28,1480,1508,0.1388
28,1475,1503,0.1388
27,1476,1503,0.1388
29,1476,1505,0.1388
28,1501,1529,0.1388
28,1498,1526,0.1388
28,1484,1512,0.1388
27,1487,1514,0.1388
27,1487,1514,0.1388
27,1505,1532,0.1388
26,1501,1527,0.1388
27,1498,1525,0.1388
28,1494,1522,0.1388
27,1495,1522,0.1388
25,1500,1525,0.1388
24,1502,1526,0.1388
24,1490,1514,0.1388
25,1485,1510,0.1388
25,1483,1508,0.1388
25,1492,1517,0.1388
26,1498,1524,0.1388
28,1497,1525,0.1388
26,1492,1518,0.1388
25,1492,1517,0.1388
25,1504,1529,0.1388
26,1501,1527,0.1388
28,1504,1532,0.1388
28,1489,1517,0.1388
27,1508,1535,0.1388
27,1506,1533,0.1388
29,1501,1530,0.1388
28,1498,1526,0.1388
28,1499,1527,0.1388
26,1491,1517,0.1388
27,1491,1518,0.1388
27,1491,1518,0.1388
29,1487,1516,0.1388
31,1477,1508,0.1388
31,1490,1521,0.1388
29,1480,1509,0.1388
28,1478,1506,0.1388
28,1495,1523,0.1388
27,1486,1513,0.1388
27,1487,1514,0.1388
31,1485,1516,0.1388
31,1487,1518,0.1388
31,1483,1514,0.1388
31,1475,1506,0.1388
31,1481,1512,0.1388
33,1468,1501,0.1388
32,1479,1511,0.1388
32,1485,1517,0.1388
33,1497,1530,0.1388
33,1488,1521,0.1388
32,1489,1521,0.1388
31,1494,1525,0.1388
30,1478,1508,0.1388
30,1475,1505,0.1388
30,1483,1513,0.1388
31,1488,1519,0.1388
32,1481,1513,0.1388
31,1466,1497,0.1388
31,1478,1509,0.1388
29,1483,1512,0.1388
30,1488,1518,0.1388
28,1495,1523,0.1388
31,1501,1532,0.1388
30,1491,1521,0.1388
31,1491,1522,0.1388
32,1485,1517,0.1388
32,1483,1515,0.1388
33,1485,1518,0.1388
33,1480,1513,0.1388
33,1495,1528,0.1388
33,1493,1526,0.1388
32,1498,1530,0.1388
32,1495,1527,0.1388
32,1495,1527,0.1388
32,1488,1520,0.1388
31,1482,1513,0.1388
31,1485,1516,0.1388
30,1481,1511,0.1388
28,1475,1503,0.1388
29,1485,1514,0.1388
29,1480,1509,0.1388
28,1479,1507,0.1388
27,1482,1509,0.1388
28,1480,1508,0.1388
29,1490,1519,0.1388
28,1488,1516,0.1388
27,1492,1519,0.1388
28,1493,1521,0.1388
27,1488,1515,0.1388
26,1502,1528,0.1388
26,1505,1531,0.1388
26,1499,1525,0.1388
27,1509,1536,0.1388
27,1493,1520,0.1388
28,1487,1515,0.1388
27,1474,1501,0.1388
27,1486,1513,0.1388
29,1483,1512,0.1388
29,1473,1502,0.1388
29,1474,1503,0.1388
30,1487,1517,0.1388
33,1477,1510,0.1388
31,1486,1517,0.1388
31,1485,1516,0.1388
32,1499,1531,0.1388
34,1491,1525,0.1388
36,1489,1525,0.1388
34,1494,1528,0.1388
33,1493,1526,0.1388
32,1501,1533,0.1388
32,1486,1518,0.1388
28,1489,1517,0.1388
27,1496,1523,0.1388
28,1483,1511,0.1388
30,1469,1499,0.1388
29,1476,1505,0.1388
29,1490,1519,0.1388
28,1477,1505,0.1388
28,1485,1513,0.1388
27,1490,1517,0.1388
28,1475,1503,0.1388
29,1495,1524,0.1388
30,1499,1529,0.1388
31,1492,1523,0.1388
32,1490,1522,0.1388
32,1494,1526,0.1388
28,1472,1500,0.1388
29,1468,1497,0.1388
29,1464,1493,0.1388
30,1488,1518,0.1388
29,1483,1512,0.1388
32,1488,1520,0.1388
31,1494,1525,0.1388
32,1501,1533,0.1388
32,1485,1517,0.1388
32,1477,1509,0.1388
32,1495,1527,0.1388
32,1495,1527,0.1388
31,1492,1523,0.1388
29,1487,1516,0.1388
29,1496,1525,0.1388
30,1501,1531,0.1388
29,1499,1528,0.1388
29,1488,1517,0.1388
27,1480,1507,0.1388
28,1484,1512,0.1388
28,1488,1516,0.1388
28,1482,1510,0.1388
32,1481,1513,0.1388
31,1480,1511,0.1388
31,1480,1511,0.1388
31,1503,1534,0.1388
31,1504,1535,0.1388
31,1489,1520,0.1388
30,1487,1517,0.1388
31,1489,1520,0.1388
30,1479,1509,0.1388
31,1478,1509,0.1388
32,1484,1516,0.1388
33,1487,1520,0.1388
33,1483,1516,0.1388
33,1484,1517,0.1388
32,1489,1521,0.1388
33,1484,1517,0.1388
32,1487,1519,0.1388
31,1488,1519,0.1388
30,1474,1504,0.1388
31,1476,1507,0.1388
31,1485,1516,0.1388
31,1473,1504,0.1388
31,1476,1507,0.1388
30,1485,1515,0.1388
31,1483,1514,0.1388
32,1482,1514,0.1388
33,1476,1509,0.1388
34,1474,1508,0.1388
33,1490,1523,0.1388
33,1487,1520,0.1388
33,1486,1519,0.1388
32,1490,1522,0.1388
30,1483,1513,0.1388
31,1480,1511,0.1388
33,1476,1509,0.1388
32,1472,1504,0.1388
32,1476,1508,0.1388
31,1482,1513,0.1388
32,1479,1511,0.1388
31,1479,1510,0.1388
33,1468,1501,0.1388
32,1472,1504,0.1388
32,1483,1515,0.1388
31,1481,1512,0.1388
32,1484,1516,0.1388
29,1484,1513,0.1388
31,1480,1511,0.1388
30,1470,1500,0.1388
30,1470,1500,0.1388
29,1479,1508,0.1388
31,1489,1520,0.1388
29,1504,1533,0.1388
28,1477,1505,0.1388
28,1484,1512,0.1388
28,1493,1521,0.1388
29,1487,1516,0.1388
29,1483,1512,0.1388
27,1502,1529,0.1388
30,1492,1522,0.1388
29,1494,1523,0.1388
30,1502,1532,0.1388
30,1491,1521,0.1388
29,1505,1534,0.1388
30,1479,1509,0.1388
31,1477,1508,0.1388
32,1473,1505,0.1388
32,1486,1518,0.1388
31,1490,1521,0.1388
30,1494,1524,0.1388
30,1488,1518,0.1388
31,1487,1518,0.1388
31,1469,1500,0.1388
31,1466,1497,0.1388
28,1484,1512,0.1388
27,1474,1501,0.1388
25,1500,1525,0.1388
27,1490,1517,0.1388
27,1487,1514,0.1388
26,1485,1511,0.1388
26,1487,1513,0.1388
26,1478,1504,0.1388
26,1468,1494,0.1388
28,1485,1513,0.1388
28,1480,1508,0.1388
27,1486,1513,0.1388
27,1490,1517,0.1388
26,1506,1532,0.1388
25,1490,1515,0.1388
24,1488,1512,0.1388
24,1503,1527,0.1388
23,1499,1522,0.1388
20,1490,1510,0.1388
21,1496,1517,0.1388
20,1481,1501,0.1388
21,1472,1493,0.1388
21,1490,1511,0.1388
21,1479,1500,0.1388
21,1486,1507,0.1388
23,1493,1516,0.1388
22,1501,1523,0.1388
23,1499,1522,0.1388
23,1498,1521,0.1388
23,1507,1530,0.1388
23,1499,1522,0.1388
23,1497,1520,0.1388
19,1501,1520,0.1388
20,1506,1526,0.1388
20,1509,1529,0.1388
21,1487,1508,0.1388
19,1497,1516,0.1388
18,1495,1513,0.1388
17,1497,1514,0.1388
17,1485,1502,0.1388
16,1507,1523,0.1388
16,1509,1525,0.1388
16,1503,1519,0.1388
17,1499,1516,0.1388
17,1506,1523,0.1388
17,1498,1515,0.1388
17,1490,1507,0.1388
15,1506,1521,0.1388
13,1496,1509,0.1388
15,1504,1519,0.1388
15,1507,1522,0.1388
15,1499,1514,0.1388
15,1503,1518,0.1388
15,1508,1523,0.1388
14,1507,1521,0.1388
15,1501,1516,0.1388
16,1506,1522,0.1388
17,1512,1529,0.1388
15,1510,1525,0.1388
16,1524,1540,0.1388
16,1513,1529,0.1388
16,1508,1524,0.1388
17,1502,1519,0.1388
17,1508,1525,0.1388
16,1503,1519,0.1388
14,1499,1513,0.1388
13,1492,1505,0.1388
13,1512,1525,0.1388
10,1497,1507,0.1388
11,1503,1514,0.1388
12,1518,1530,0.1388
12,1514,1526,0.1388
12,1498,1510,0.1388
10,1503,1513,0.1388
10,1506,1516,0.1388
11,1493,1504,0.1388
12,1497,1509,0.1388
11,1503,1514,0.1388
12,1510,1522,0.1388
13,1506,1519,0.1388
14,1498,1512,0.1388
13,1494,1507,0.1388
13,1497,1510,0.1388
14,1499,1513,0.1388
14,1493,1507,0.1388
13,1489,1502,0.1388
12,1494,1506,0.1388
12,1480,1492,0.1388
12,1488,1500,0.1388
11,1498,1509,0.1388
11,1497,1508,0.1388
10,1498,1508,0.1388
10,1495,1505,0.1388
10,1506,1516,0.1388
10,1506,1516,0.1388
10,1504,1514,0.1388
10,1498,1508,0.1388
10,1507,1517,0.1388
10,1511,1521,0.1388
10,1509,1519,0.1388
10,1518,1528,0.1388
10,1506,1516,0.1388
9,1507,1516,0.1388
9,1508,1517,0.1388
9,1512,1521,0.1388
8,1524,1532,0.1388
8,1529,1537,0.1388
8,1516,1524,0.1388
8,1511,1519,0.1388
9,1520,1529,0.1388
9,1530,1539,0.1388
9,1517,1526,0.1388
9,1516,1525,0.1388
8,1518,1526,0.1388
7,1499,1506,0.1388
6,1512,1518,0.1388
5,1506,1511,0.1388
5,1511,1516,0.1388
5,1494,1499,0.1388
5,1496,1501,0.1388
5,1498,1503,0.1388
5,1505,1510,0.1388
5,1514,1519,0.1388
5,1504,1509,0.1388
6,1511,1517,0.1388
6,1513,1519,0.1388
6,1507,1513,0.1388
5,1513,1518,0.1388
5,1519,1524,0.1388
4,1508,1512,0.1388
4,1520,1524,0.1388
5,1521,1526,0.1388
5,1515,1520,0.1388
5,1513,1518,0.1388
4,1510,1514,0.1388
4,1508,1512,0.1388
4,1519,1523,0.1388
4,1511,1515,0.1388
4,1520,1524,0.1388
4,1515,1519,0.1388
5,1512,1517,0.1388
5,1512,1517,0.1388
5,1505,1510,0.1388
5,1497,1502,0.1388
4,1510,1514,0.1388
4,1518,1522,0.1388
5,1501,1506,0.1388
5,1498,1503,0.1388
4,1500,1504,0.1388
5,1483,1488,0.1388
6,1497,1503,0.1388
6,1490,1496,0.1388
6,1510,1516,0.1388
5,1512,1517,0.1388
5,1518,1523,0.1388
5,1515,1520,0.1388
5,1514,1519,0.1388
4,1501,1505,0.1388
4,1509,1513,0.1388
3,1505,1508,0.1388
3,1515,1518,0.1388
3,1510,1513,0.1388
4,1523,1527,0.1388
3,1516,1519,0.1388
4,1517,1521,0.1388
4,1519,1523,0.1388
4,1520,1524,0.1388
4,1533,1537,0.1388
4,1522,1526,0.1388
5,1516,1521,0.1388
6,1514,1520,0.1388
6,1510,1516,0.1388
6,1497,1503,0.1388
6,1497,1503,0.1388
6,1495,1501,0.1388
7,1506,1513,0.1388
7,1499,1506,0.1388
7,1509,1516,0.1388
6,1502,1508,0.1388
6,1505,1511,0.1388
5,1514,1519,0.1388
5,1517,1522,0.1388
6,1510,1516,0.1388
6,1505,1511,0.1388
5,1518,1523,0.1388
5,1499,1504,0.1388
6,1495,1501,0.1388
6,1494,1500,0.1388
6,1501,1507,0.1388
6,1502,1508,0.1388
6,1493,1499,0.1388
7,1492,1499,0.1388
8,1494,1502,0.1388
8,1503,1511,0.1388
7,1505,1512,0.1388
7,1514,1521,0.1388
6,1515,1521,0.1388
5,1503,1508,0.1388
5,1498,1503,0.1388
5,1486,1491,0.1388
5,1484,1489,0.1388
5,1490,1495,0.1388
5,1497,1502,0.1388
5,1504,1509,0.1388
5,1510,1515,0.1388
5,1519,1524,0.1388
5,1520,1525,0.1388
5,1521,1526,0.1388
5,1506,1511,0.1388
5,1512,1517,0.1388
5,1510,1515,0.1388
5,1505,1510,0.1388
5,1515,1520,0.1388
5,1511,1516,0.1388
5,1503,1508,0.1388
5,1506,1511,0.1388
6,1529,1535,0.1388
6,1542,1548,0.1388
5,1515,1520,0.1388
5,1505,1510,0.1388
5,1519,1524,0.1388
6,1523,1529,0.1388
6,1527,1533,0.1388
6,1529,1535,0.1388
6,1519,1525,0.1388
6,1520,1526,0.1388
6,1517,1523,0.1388
6,1516,1522,0.1388
6,1511,1517,0.1388
6,1521,1527,0.1388
6,1517,1523,0.1388
6,1515,1521,0.1388
5,1527,1532,0.1388
5,1536,1541,0.1388
5,1539,1544,0.1388
6,1532,1538,0.1388
6,1511,1517,0.1388
6,1503,1509,0.1388
6,1484,1490,0.1388
7,1505,1512,0.1388
6,1501,1507,0.1388
6,1506,1512,0.1388
6,1505,1511,0.1388
6,1508,1514,0.1388
6,1510,1516,0.1388
6,1513,1519,0.1388
6,1526,1532,0.1388
6,1514,1520,0.1388
5,1519,1524,0.1388
6,1520,1526,0.1388
6,1523,1529,0.1388
6,1527,1533,0.1388
6,1526,1532,0.1388
6,1519,1525,0.1388
6,1521,1527,0.1388
5,1521,1526,0.1388
5,1511,1516,0.1388
5,1502,1507,0.1388
5,1504,1509,0.1388
5,1510,1515,0.1388
4,1513,1517,0.1388
4,1507,1511,0.1388
5,1509,1514,0.1388
5,1513,1518,0.1388
5,1522,1527,0.1388
5,1517,1522,0.1388
5,1510,1515,0.1388
5,1502,1507,0.1388
5,1509,1514,0.1388
5,1512,1517,0.1388
6,1519,1525,0.1388
7,1513,1520,0.1388
7,1518,1525,0.1388
7,1519,1526,0.1388
6,1531,1537,0.1388
6,1518,1524,0.1388
6,1520,1526,0.1388
8,1528,1536,0.1388
8,1518,1526,0.1388
7,1508,1515,0.1388
7,1506,1513,0.1388
6,1519,1525,0.1388
6,1513,1519,0.1388
6,1515,1521,0.1388
6,1508,1514,0.1388
7,1513,1520,0.1388
7,1513,1520,0.1388
6,1506,1512,0.1388
6,1510,1516,0.1388
6,1514,1520,0.1388
6,1516,1522,0.1388
6,1517,1523,0.1388
6,1510,1516,0.1388
6,1512,1518,0.1388
6,1511,1517,0.1388
6,1514,1520,0.1388
6,1511,1517,0.1388
5,1490,1495,0.1388
6,1494,1500,0.1388
6,1508,1514,0.1388
6,1520,1526,0.1388
6,1517,1523,0.1388
6,1526,1532,0.1388
6,1523,1529,0.1388
6,1521,1527,0.1388
6,1525,1531,0.1388
6,1514,1520,0.1388
6,1506,1512,0.1388
6,1508,1514,0.1388
6,1512,1518,0.1388
6,1526,1532,0.1388
5,1516,1521,0.1388
5,1506,1511,0.1388
6,1503,1509,0.1388
6,1506,1512,0.1388
6,1512,1518,0.1388
6,1516,1522,0.1388
6,1526,1532,0.1388
6,1527,1533,0.1388
6,1522,1528,0.1388
6,1516,1522,0.1388
6,1519,1525,0.1388
6,1516,1522,0.1388
6,1506,1512,0.1388
7,1511,1518,0.1388
7,1515,1522,0.1388
6,1514,1520,0.1388
6,1521,1527,0.1388
6,1501,1507,0.1388
6,1512,1518,0.1388
6,1523,1529,0.1388
6,1527,1533,0.1388
5,1520,1525,0.1388
5,1523,1528,0.1388
5,1515,1520,0.1388
4,1515,1519,0.1388
4,1512,1516,0.1388
5,1514,1519,0.1388
5,1507,1512,0.1388
6,1514,1520,0.1388
6,1527,1533,0.1388
6,1513,1519,0.1388
6,1522,1528,0.1388
6,1520,1526,0.1388
7,1513,1520,0.1388
8,1516,1524,0.1388
9,1505,1514,0.1388
8,1505,1513,0.1388
7,1511,1518,0.1388
7,1512,1519,0.1388
7,1511,1518,0.1388
7,1512,1519,0.1388
7,1510,1517,0.1388
7,1515,1522,0.1388
7,1522,1529,0.1388
7,1525,1532,0.1388
6,1520,1526,0.1388
7,1509,1516,0.1388
7,1506,1513,0.1388
7,1504,1511,0.1388
6,1502,1508,0.1388
7,1503,1510,0.1388
8,1510,1518,0.1388
8,1522,1530,0.1388
8,1516,1524,0.1388
8,1502,1510,0.1388
8,1515,1523,0.1388
7,1513,1520,0.1388
7,1515,1522,0.1388
7,1512,1519,0.1388
7,1502,1509,0.1388
7,1504,1511,0.1388
7,1504,1511,0.1388
7,1509,1516,0.1388
7,1499,1506,0.1388
7,1496,1503,0.1388
6,1505,1511,0.1388
6,1507,1513,0.1388
7,1517,1524,0.1388
7,1521,1528,0.1388
7,1520,1527,0.1388
7,1497,1504,0.1388
7,1503,1510,0.1388
7,1509,1516,0.1388
7,1513,1520,0.1388
7,1509,1516,0.1388
7,1507,1514,0.1388
7,1518,1525,0.1388
7,1517,1524,0.1388
7,1521,1528,0.1388
7,1501,1508,0.1388
7,1504,1511,0.1388
7,1505,1512,0.1388
8,1513,1521,0.1388
8,1503,1511,0.1388
8,1502,1510,0.1388
8,1510,1518,0.1388
8,1515,1523,0.1388
8,1507,1515,0.1388
8,1514,1522,0.1388
8,1520,1528,0.1388
8,1512,1520,0.1388
8,1515,1523,0.1388
8,1516,1524,0.1388
7,1524,1531,0.1388
7,1525,1532,0.1388
8,1516,1524,0.1388
7,1507,1514,0.1388
7,1508,1515,0.1388
6,1514,1520,0.1388
6,1518,1524,0.1388
6,1516,1522,0.1388
5,1515,1520,0.1388
5,1504,1509,0.1388
5,1508,1513,0.1388
7,1509,1516,0.1388
7,1508,1515,0.1388
7,1509,1516,0.1388
8,1510,1518,0.1388
8,1521,1529,0.1388
8,1512,1520,0.1388
8,1518,1526,0.1388
8,1514,1522,0.1388
8,1509,1517,0.1388
8,1520,1528,0.1388
8,1517,1525,0.1388
8,1511,1519,0.1388
8,1508,1516,0.1388
8,1523,1531,0.1388
8,1514,1522,0.1388
7,1511,1518,0.1388
7,1514,1521,0.1388
7,1518,1525,0.1388
7,1512,1519,0.1388
7,1517,1524,0.1388
7,1525,1532,0.1388
7,1527,1534,0.1388
7,1506,1513,0.1388
8,1506,1514,0.1388
8,1493,1501,0.1388
7,1507,1514,0.1388
7,1517,1524,0.1388
7,1513,1520,0.1388
7,1512,1519,0.1388
7,1509,1516,0.1388
8,1502,1510,0.1388
9,1509,1518,0.1388
9,1507,1516,0.1388
9,1521,1530,0.1388
9,1516,1525,0.1388
9,1503,1512,0.1388
9,1503,1512,0.1388
8,1511,1519,0.1388
8,1497,1505,0.1388
8,1509,1517,0.1388
7,1499,1506,0.1388
9,1504,1513,0.1388
9,1500,1509,0.1388
8,1508,1516,0.1388
8,1498,1506,0.1388
8,1514,1522,0.1388
8,1518,1526,0.1388
8,1526,1534,0.1388
8,1506,1514,0.1388
8,1512,1520,0.1388
7,1510,1517,0.1388
7,1505,1512,0.1388
7,1512,1519,0.1388
7,1504,1511,0.1388
7,1494,1501,0.1388
7,1503,1510,0.1388
7,1508,1515,0.1388
7,1509,1516,0.1388
6,1510,1516,0.1388
6,1523,1529,0.1388
6,1518,1524,0.1388
6,1517,1523,0.1388
6,1518,1524,0.1388
6,1512,1518,0.1388
6,1511,1517,0.1388
5,1511,1516,0.1388
6,1511,1517,0.1388
7,1508,1515,0.1388
8,1506,1514,0.1388
8,1509,1517,0.1388
7,1507,1514,0.1388
6,1497,1503,0.1388
5,1509,1514,0.1388
6,1516,1522,0.1388
6,1503,1509,0.1388
6,1516,1522,0.1388
6,1516,1522,0.1388
5,1517,1522,0.1388
5,1516,1521,0.1388
5,1499,1504,0.1388
5,1496,1501,0.1388
5,1512,1517,0.1388
5,1514,1519,0.1388
5,1508,1513,0.1388
5,1511,1516,0.1388
6,1490,1496,0.1388
6,1506,1512,0.1388
5,1517,1522,0.1388
5,1505,1510,0.1388
5,1499,1504,0.1388
6,1528,1534,0.1388
6,1527,1533,0.1388
6,1516,1522,0.1388
6,1524,1530,0.1388
6,1524,1530,0.1388
7,1504,1511,0.1388
7,1507,1514,0.1388
7,1504,1511,0.1388
7,1507,1514,0.1388
6,1507,1513,0.1388
7,1509,1516,0.1388
6,1511,1517,0.1388
5,1507,1512,0.1388
4,1503,1507,0.1388
4,1497,1501,0.1388
4,1500,1504,0.1388
5,1503,1508,0.1388
5,1519,1524,0.1388
5,1515,1520,0.1388
5,1515,1520,0.1388
5,1514,1519,0.1388
5,1507,1512,0.1388
5,1500,1505,0.1388
5,1509,1514,0.1388
5,1506,1511,0.1388
5,1519,1524,0.1388
4,1512,1516,0.1388
4,1506,1510,0.1388
4,1501,1505,0.1388
4,1509,1513,0.1388
4,1497,1501,0.1388
4,1508,1512,0.1388
5,1511,1516,0.1388
6,1528,1534,0.1388
6,1529,1535,0.1388
6,1525,1531,0.1388
6,1512,1518,0.1388
7,1514,1521,0.1388
6,1503,1509,0.1388
6,1507,1513,0.1388
6,1513,1519,0.1388
6,1518,1524,0.1388
6,1515,1521,0.1388
6,1519,1525,0.1388
6,1519,1525,0.1388
6,1528,1534,0.1388
6,1521,1527,0.1388
6,1517,1523,0.1388
6,1516,1522,0.1388
6,1506,1512,0.1388
6,1502,1508,0.1388
6,1499,1505,0.1388
6,1486,1492,0.1388
4,1495,1499,0.1388
4,1503,1507,0.1388
3,1510,1513,0.1388
3,1507,1510,0.1388
3,1507,1510,0.1388
3,1513,1516,0.1388
3,1516,1519,0.1388
3,1511,1514,0.1388
3,1512,1515,0.1388
3,1504,1507,0.1388
3,1499,1502,0.1388
3,1503,1506,0.1388
4,1503,1507,0.1388
4,1514,1518,0.1388
4,1517,1521,0.1388
4,1520,1524,0.1388
4,1523,1527,0.1388
4,1518,1522,0.1388
4,1523,1527,0.1388
4,1517,1521,0.1388
5,1530,1535,0.1388
5,1517,1522,0.1388
5,1510,1515,0.1388
5,1507,1512,0.1388
5,1511,1516,0.1388
4,1513,1517,0.1388
4,1507,1511,0.1388
4,1530,1534,0.1388
3,1513,1516,0.1388
3,1507,1510,0.1388
3,1495,1498,0.1388
3,1495,1498,0.1388
2,1500,1502,0.1388
1,1523,1524,0.1388
1,1514,1515,0.1388
1,1520,1521,0.1388
1,1518,1519,0.1388
1,1513,1514,0.1388
1,1518,1519,0.1388
1,1513,1514,0.1388
1,1518,1519,0.1388
1,1512,1513,0.1388
1,1517,1518,0.1388
1,1502,1503,0.1388
1,1503,1504,0.1388
1,1511,1512,0.1388
1,1524,1525,0.1388
1,1528,1529,0.1388
1,1530,1531,0.1388
1,1531,1532,0.1388
1,1523,1524,0.1388
1,1530,1531,0.1388
1,1522,1523,0.1388
1,1524,1525,0.1388
1,1513,1514,0.1388
1,1504,1505,0.1388
1,1514,1515,0.1388
1,1519,1520,0.1388
1,1525,1526,0.1388
1,1515,1516,0.1388
1,1503,1504,0.1388
1,1510,1511,0.1388
1,1506,1507,0.1388
1,1531,1532,0.1388
1,1531,1532,0.1388
0,1517,1517,0.1388
