1356,30,1386,0.1388
1397,31,1428,0.1388
1418,34,1452,0.1388
1444,32,1476,0.1388
1454,31,1485,0.1388
1450,33,1483,0.1388
1447,31,1478,0.1388
1453,31,1484,0.1388
1466,30,1496,0.1388
1462,31,1493,0.1388
1462,31,1493,0.1388
1457,30,1487,0.1388
1466,31,1497,0.1388
1458,29,1487,0.1388
1467,30,1497,0.1388
1470,31,1501,0.1388
1472,32,1504,0.1388
1481,33,1514,0.1388
1479,31,1510,0.1388
1477,31,1508,0.1388
1473,30,1503,0.1388
1468,30,1498,0.1388
1464,28,1492,0.1388
1481,29,1510,0.1388
1480,30,1510,0.1388
1467,29,1496,0.1388
1461,33,1494,0.1388
1445,32,1477,0.1388
1451,34,1485,0.1388
1461,37,1498,0.1388
1471,38,1509,0.1388
1457,38,1495,0.1388
1444,38,1482,0.1388
1461,39,1500,0.1388
1455,38,1493,0.1388
1463,36,1499,0.1388
1462,37,1499,0.1388
1463,37,1500,0.1388
1464,40,1504,0.1388
1462,38,1500,0.1388
1448,37,1485,0.1388
1432,37,1469,0.1388
1435,38,1473,0.1388
1441,39,1480,0.1388
1441,38,1479,0.1388
1449,37,1486,0.1388
1453,37,1490,0.1388
1460,38,1498,0.1388
1454,37,1491,0.1388
1447,39,1486,0.1388
1459,41,1500,0.1388
1451,42,1493,0.1388
1437,40,1477,0.1388
1440,39,1479,0.1388
1457,38,1495,0.1388
1453,39,1492,0.1388
1461,39,1500,0.1388
1457,37,1494,0.1388
1451,37,1488,0.1388
1463,36,1499,0.1388
1469,38,1507,0.1388
1469,38,1507,0.1388
1466,38,1504,0.1388
1463,37,1500,0.1388
1466,38,1504,0.1388
1468,37,1505,0.1388
1469,37,1506,0.1388
1466,36,1502,0.1388
1472,35,1507,0.1388
1478,35,1513,0.1388
1471,38,1509,0.1388
1475,36,1511,0.1388
1460,36,1496,0.1388
1449,36,1485,0.1388
1442,37,1479,0.1388
1442,36,1478,0.1388
1454,40,1494,0.1388
1436,41,1477,0.1388
1442,43,1485,0.1388
1441,42,1483,0.1388
1445,40,1485,0.1388
1442,39,1481,0.1388
1444,39,1483,0.1388
1451,40,1491,0.1388
1440,42,1482,0.1388
1451,44,1495,0.1388
1446,44,1490,0.1388
1447,46,1493,0.1388
1443,46,1489,0.1388
1457,49,1506,0.1388
1450,47,1497,0.1388
1439,47,1486,0.1388
1440,46,1486,0.1388
1447,47,1494,0.1388
1454,44,1498,0.1388
1464,45,1509,0.1388
1465,44,1509,0.1388
1479,42,1521,0.1388
1470,41,1511,0.1388
1458,39,1497,0.1388
1457,39,1496,0.1388
1462,42,1504,0.1388
1437,44,1481,0.1388
1437,43,1480,0.1388
1429,42,1471,0.1388
1438,42,1480,0.1388
1450,42,1492,0.1388
1436,43,1479,0.1388
1451,43,1494,0.1388
1427,44,1471,0.1388
1431,44,1475,0.1388
1446,45,1491,0.1388
1440,45,1485,0.1388
1433,43,1476,0.1388
1434,44,1478,0.1388
1443,41,1484,0.1388
1442,41,1483,0.1388
1445,40,1485,0.1388
1435,45,1480,0.1388
1448,44,1492,0.1388
1436,44,1480,0.1388
1436,41,1477,0.1388
1453,39,1492,0.1388
1456,38,1494,0.1388
1455,39,1494,0.1388
1457,41,1498,0.1388
1467,39,1506,0.1388
1453,38,1491,0.1388
1453,37,1490,0.1388
1458,39,1497,0.1388
1442,39,1481,0.1388
1441,40,1481,0.1388
1450,39,1489,0.1388
1454,41,1495,0.1388
1452,44,1496,0.1388
1455,45,1500,0.1388
1465,45,1510,0.1388
1462,45,1507,0.1388
1459,45,1504,0.1388
1455,46,1501,0.1388
1455,49,1504,0.1388
1446,49,1495,0.1388
1447,49,1496,0.1388
1449,49,1498,0.1388
1454,48,1502,0.1388
1449,51,1500,0.1388
1451,51,1502,0.1388
1433,51,1484,0.1388
1452,54,1506,0.1388
1453,53,1506,0.1388
1453,51,1504,0.1388
1456,52,1508,0.1388
1462,51,1513,0.1388
1453,50,1503,0.1388
1451,53,1504,0.1388
1449,54,1503,0.1388
1443,55,1498,0.1388
1440,56,1496,0.1388
1439,57,1496,0.1388
1428,58,1486,0.1388
1437,55,1492,0.1388
1439,55,1494,0.1388
1435,54,1489,0.1388
1425,54,1479,0.1388
1427,59,1486,0.1388
1431,62,1493,0.1388
1430,64,1494,0.1388
1425,62,1487,0.1388
1426,59,1485,0.1388
1420,61,1481,0.1388
1423,61,1484,0.1388
1432,61,1493,0.1388
1422,60,1482,0.1388
1412,62,1474,0.1388
1412,63,1475,0.1388
1416,64,1480,0.1388
1414,65,1479,0.1388
1419,67,1486,0.1388
1399,69,1468,0.1388
1419,68,1487,0.1388
1413,67,1480,0.1388
1413,71,1484,0.1388
1420,69,1489,0.1388
1418,68,1486,0.1388
1423,66,1489,0.1388
1431,67,1498,0.1388
1431,70,1501,0.1388
1423,68,1491,0.1388
1434,68,1502,0.1388
1433,65,1498,0.1388
1424,65,1489,0.1388
1413,68,1481,0.1388
1428,68,1496,0.1388
1428,69,1497,0.1388
1417,68,1485,0.1388
1417,67,1484,0.1388
1437,68,1505,0.1388
1433,68,1501,0.1388
1425,69,1494,0.1388
1430,67,1497,0.1388
1425,65,1490,0.1388
1432,65,1497,0.1388
1423,66,1489,0.1388
1425,66,1491,0.1388
1413,69,1482,0.1388
1401,69,1470,0.1388
1401,71,1472,0.1388
1408,70,1478,0.1388
1418,69,1487,0.1388
1423,67,1490,0.1388
1413,65,1478,0.1388
1412,65,1477,0.1388
1403,68,1471,0.1388
1422,66,1488,0.1388
1431,66,1497,0.1388
1439,66,1505,0.1388
1429,66,1495,0.1388
1426,68,1494,0.1388
1444,68,1512,0.1388
1428,69,1497,0.1388
1428,70,1498,0.1388
1416,70,1486,0.1388
1430,68,1498,0.1388
1426,70,1496,0.1388
1422,69,1491,0.1388
1433,75,1508,0.1388
1413,77,1490,0.1388
1401,83,1484,0.1388
1410,83,1493,0.1388
1402,83,1485,0.1388
1407,82,1489,0.1388
1401,84,1485,0.1388
1390,82,1472,0.1388
1398,84,1482,0.1388
1399,84,1483,0.1388
1394,83,1477,0.1388
1399,85,1484,0.1388
1398,89,1487,0.1388
1400,92,1492,0.1388
1408,86,1494,0.1388
1408,88,1496,0.1388
1409,86,1495,0.1388
1408,85,1493,0.1388
1407,84,1491,0.1388
1399,84,1483,0.1388
1386,85,1471,0.1388
1387,86,1473,0.1388
1400,89,1489,0.1388
1404,90,1494,0.1388
1410,90,1500,0.1388
1404,91,1495,0.1388
1399,90,1489,0.1388
1393,93,1486,0.1388
1396,94,1490,0.1388
1386,95,1481,0.1388
1376,94,1470,0.1388
1389,94,1483,0.1388
1401,96,1497,0.1388
1409,94,1503,0.1388
1404,92,1496,0.1388
1402,91,1493,0.1388
1399,94,1493,0.1388
1397,94,1491,0.1388
1402,98,1500,0.1388
1405,97,1502,0.1388
1411,97,1508,0.1388
1407,97,1504,0.1388
1393,99,1492,0.1388
1399,104,1503,0.1388
1412,105,1517,0.1388
1410,106,1516,0.1388
1406,107,1513,0.1388
1393,107,1500,0.1388
1393,110,1503,0.1388
1391,111,1502,0.1388
1393,112,1505,0.1388
1395,112,1507,0.1388
1390,114,1504,0.1388
1384,115,1499,0.1388
1383,114,1497,0.1388
1388,115,1503,0.1388
1384,113,1497,0.1388
1386,112,1498,0.1388
1378,112,1490,0.1388
1377,112,1489,0.1388
1369,111,1480,0.1388
1376,112,1488,0.1388
1374,113,1487,0.1388
1380,116,1496,0.1388
1380,115,1495,0.1388
1372,112,1484,0.1388
1379,114,1493,0.1388
1397,114,1511,0.1388
1386,114,1500,0.1388
1373,115,1488,0.1388
1375,111,1486,0.1388
1364,114,1478,0.1388
1377,115,1492,0.1388
1376,115,1491,0.1388
1367,118,1485,0.1388
1366,118,1484,0.1388
1357,119,1476,0.1388
1357,120,1477,0.1388
1362,115,1477,0.1388
1370,114,1484,0.1388
1366,117,1483,0.1388
1371,118,1489,0.1388
1370,117,1487,0.1388
1373,118,1491,0.1388
1365,118,1483,0.1388
1361,117,1478,0.1388
1375,122,1497,0.1388
1385,122,1507,0.1388
1383,119,1502,0.1388
1370,120,1490,0.1388
1372,119,1491,0.1388
1363,120,1483,0.1388
1371,124,1495,0.1388
1373,129,1502,0.1388
1364,131,1495,0.1388
1370,134,1504,0.1388
1376,136,1512,0.1388
1373,138,1511,0.1388
1380,139,1519,0.1388
1381,136,1517,0.1388
1375,135,1510,0.1388
1362,135,1497,0.1388
1360,130,1490,0.1388
1362,138,1500,0.1388
1360,137,1497,0.1388
1364,137,1501,0.1388
1366,140,1506,0.1388
1353,142,1495,0.1388
1356,137,1493,0.1388
1343,138,1481,0.1388
1358,137,1495,0.1388
1367,133,1500,0.1388
1351,133,1484,0.1388
1348,135,1483,0.1388
1348,132,1480,0.1388
1357,135,1492,0.1388
1354,138,1492,0.1388
1356,144,1500,0.1388
1351,142,1493,0.1388
1353,140,1493,0.1388
1357,140,1497,0.1388
1357,142,1499,0.1388
1351,143,1494,0.1388
1350,140,1490,0.1388
1353,143,1496,0.1388
1369,142,1511,0.1388
1365,144,1509,0.1388
1368,147,1515,0.1388
1362,149,1511,0.1388
1358,153,1511,0.1388
1361,154,1515,0.1388
1368,152,1520,0.1388
1356,156,1512,0.1388
1358,153,1511,0.1388
1352,155,1507,0.1388
1356,153,1509,0.1388
1351,158,1509,0.1388
1343,158,1501,0.1388
1342,159,1501,0.1388
1341,156,1497,0.1388
1346,154,1500,0.1388
1335,158,1493,0.1388
1341,157,1498,0.1388
1339,154,1493,0.1388
1334,159,1493,0.1388
1338,155,1493,0.1388
1336,156,1492,0.1388
1326,154,1480,0.1388
1337,155,1492,0.1388
1333,158,1491,0.1388
1338,163,1501,0.1388
1322,162,1484,0.1388
1318,163,1481,0.1388
1331,167,1498,0.1388
1338,168,1506,0.1388
1334,175,1509,0.1388
1338,174,1512,0.1388
1324,172,1496,0.1388
1321,170,1491,0.1388
1329,171,1500,0.1388
1318,175,1493,0.1388
1320,176,1496,0.1388
1323,178,1501,0.1388
1321,185,1506,0.1388
1315,181,1496,0.1388
1310,183,1493,0.1388
1308,185,1493,0.1388
1311,184,1495,0.1388
1317,184,1501,0.1388
1324,184,1508,0.1388
1311,188,1499,0.1388
1318,186,1504,0.1388
1309,185,1494,0.1388
1307,184,1491,0.1388
1300,189,1489,0.1388
1304,191,1495,0.1388
1315,190,1505,0.1388
1306,187,1493,0.1388
1296,194,1490,0.1388
1291,193,1484,0.1388
1296,197,1493,0.1388
1291,199,1490,0.1388
1282,198,1480,0.1388
1287,199,1486,0.1388
1293,201,1494,0.1388
1289,201,1490,0.1388
1277,201,1478,0.1388
1281,202,1483,0.1388
1294,196,1490,0.1388
1294,196,1490,0.1388
1302,196,1498,0.1388
1293,195,1488,0.1388
1302,199,1501,0.1388
1302,205,1507,0.1388
1291,202,1493,0.1388
1287,200,1487,0.1388
1294,200,1494,0.1388
1289,200,1489,0.1388
1279,205,1484,0.1388
1279,210,1489,0.1388
1284,216,1500,0.1388
1291,214,1505,0.1388
1283,211,1494,0.1388
1278,208,1486,0.1388
1271,206,1477,0.1388
1267,213,1480,0.1388
1260,210,1470,0.1388
1265,206,1471,0.1388
1269,208,1477,0.1388
1252,210,1462,0.1388
1238,214,1452,0.1388
1250,223,1473,0.1388
1261,224,1485,0.1388
1255,227,1482,0.1388
1265,222,1487,0.1388
1258,223,1481,0.1388
1259,231,1490,0.1388
1262,233,1495,0.1388
1263,237,1500,0.1388
1267,235,1502,0.1388
1266,236,1502,0.1388
1261,234,1495,0.1388
1257,232,1489,0.1388
1245,236,1481,0.1388
1236,236,1472,0.1388
1227,239,1466,0.1388
1232,247,1479,0.1388
1229,245,1474,0.1388
1252,245,1497,0.1388
1261,239,1500,0.1388
1260,238,1498,0.1388
1251,242,1493,0.1388
1247,244,1491,0.1388
1259,243,1502,0.1388
1257,246,1503,0.1388
1255,243,1498,0.1388
1245,244,1489,0.1388
1244,240,1484,0.1388
1246,244,1490,0.1388
1249,244,1493,0.1388
1251,250,1501,0.1388
1256,252,1508,0.1388
1240,253,1493,0.1388
1245,256,1501,0.1388
1252,255,1507,0.1388
1250,265,1515,0.1388
1245,265,1510,0.1388
1244,267,1511,0.1388
1238,269,1507,0.1388
1238,270,1508,0.1388
1241,267,1508,0.1388
1232,269,1501,0.1388
1227,271,1498,0.1388
1212,274,1486,0.1388
1218,273,1491,0.1388
1218,275,1493,0.1388
1207,274,1481,0.1388
1212,279,1491,0.1388
1216,286,1502,0.1388
1213,289,1502,0.1388
1211,290,1501,0.1388
1203,289,1492,0.1388
1205,287,1492,0.1388
1210,284,1494,0.1388
1206,282,1488,0.1388
1199,282,1481,0.1388
1195,284,1479,0.1388
1192,282,1474,0.1388
1194,291,1485,0.1388
1209,290,1499,0.1388
1205,283,1488,0.1388
1205,286,1491,0.1388
1199,290,1489,0.1388
1210,292,1502,0.1388
1213,296,1509,0.1388
1215,291,1506,0.1388
1215,291,1506,0.1388
1207,298,1505,0.1388
1197,287,1484,0.1388
1208,282,1490,0.1388
1207,284,1491,0.1388
1212,286,1498,0.1388
1217,283,1500,0.1388
1217,283,1500,0.1388
1214,284,1498,0.1388
1205,292,1497,0.1388
1215,297,1512,0.1388
1205,290,1495,0.1388
1211,291,1502,0.1388
1219,288,1507,0.1388
1201,288,1489,0.1388
1196,293,1489,0.1388
1200,290,1490,0.1388
1203,291,1494,0.1388
1200,294,1494,0.1388
1205,298,1503,0.1388
1198,297,1495,0.1388
1197,295,1492,0.1388
1190,300,1490,0.1388
1185,298,1483,0.1388
1189,299,1488,0.1388
1192,297,1489,0.1388
1190,298,1488,0.1388
1190,308,1498,0.1388
1198,307,1505,0.1388
1193,305,1498,0.1388
1190,308,1498,0.1388
1196,308,1504,0.1388
1205,313,1518,0.1388
1196,313,1509,0.1388
1193,312,1505,0.1388
1197,308,1505,0.1388
1191,308,1499,0.1388
1199,309,1508,0.1388
1198,322,1520,0.1388
1187,316,1503,0.1388
1179,319,1498,0.1388
1170,320,1490,0.1388
1166,323,1489,0.1388
1163,326,1489,0.1388
1154,319,1473,0.1388
1154,323,1477,0.1388
1160,328,1488,0.1388
1160,331,1491,0.1388
1173,335,1508,0.1388
1167,337,1504,0.1388
1165,339,1504,0.1388
1159,342,1501,0.1388
1160,332,1492,0.1388
1160,338,1498,0.1388
1167,340,1507,0.1388
1166,339,1505,0.1388
1164,333,1497,0.1388
1181,332,1513,0.1388
1171,330,1501,0.1388
1162,339,1501,0.1388
1157,346,1503,0.1388
1154,349,1503,0.1388
1153,341,1494,0.1388
1140,345,1485,0.1388
1147,347,1494,0.1388
1142,351,1493,0.1388
1147,349,1496,0.1388
1154,348,1502,0.1388
1163,349,1512,0.1388
1163,343,1506,0.1388
1148,348,1496,0.1388
1163,348,1511,0.1388
1158,346,1504,0.1388
1158,346,1504,0.1388
1161,344,1505,0.1388
1154,347,1501,0.1388
1156,353,1509,0.1388
1153,350,1503,0.1388
1155,354,1509,0.1388
1139,348,1487,0.1388
1140,360,1500,0.1388
1143,361,1504,0.1388
1133,366,1499,0.1388
1133,364,1497,0.1388
1131,358,1489,0.1388
1119,371,1490,0.1388
1117,377,1494,0.1388
1109,377,1486,0.1388
1120,373,1493,0.1388
1117,382,1499,0.1388
1128,381,1509,0.1388
1124,381,1505,0.1388
1135,375,1510,0.1388
1129,379,1508,0.1388
1108,372,1480,0.1388
1111,376,1487,0.1388
1113,381,1494,0.1388
1105,379,1484,0.1388
1105,378,1483,0.1388
1110,383,1493,0.1388
1106,387,1493,0.1388
1104,386,1490,0.1388
1111,389,1500,0.1388
1112,383,1495,0.1388
1123,387,1510,0.1388
1128,390,1518,0.1388
1121,391,1512,0.1388
1123,387,1510,0.1388
1124,386,1510,0.1388
1114,380,1494,0.1388
1126,377,1503,0.1388
1120,379,1499,0.1388
1118,384,1502,0.1388
1121,383,1504,0.1388
1121,379,1500,0.1388
1110,378,1488,0.1388
1113,389,1502,0.1388
1115,386,1501,0.1388
1112,378,1490,0.1388
1109,378,1487,0.1388
1109,390,1499,0.1388
1105,391,1496,0.1388
1112,396,1508,0.1388
1106,400,1506,0.1388
1107,400,1507,0.1388
1101,405,1506,0.1388
1096,406,1502,0.1388
1103,410,1513,0.1388
1097,411,1508,0.1388
1094,410,1504,0.1388
1094,412,1506,0.1388
1084,410,1494,0.1388
1087,409,1496,0.1388
1081,405,1486,0.1388
1087,410,1497,0.1388
1092,412,1504,0.1388
1091,413,1504,0.1388
1080,409,1489,0.1388
1088,407,1495,0.1388
1085,415,1500,0.1388
1076,414,1490,0.1388
1084,411,1495,0.1388
1082,415,1497,0.1388
1080,414,1494,0.1388
1079,415,1494,0.1388
1092,418,1510,0.1388
1086,419,1505,0.1388
1090,415,1505,0.1388
1088,426,1514,0.1388
1087,417,1504,0.1388
1075,419,1494,0.1388
1069,415,1484,0.1388
1073,420,1493,0.1388
1060,424,1484,0.1388
1074,429,1503,0.1388
1072,423,1495,0.1388
1068,426,1494,0.1388
1073,424,1497,0.1388
1080,425,1505,0.1388
1076,423,1499,0.1388
1087,420,1507,0.1388
1086,426,1512,0.1388
1063,421,1484,0.1388
1062,425,1487,0.1388
1074,429,1503,0.1388
1069,430,1499,0.1388
1067,430,1497,0.1388
1073,424,1497,0.1388
1070,420,1490,0.1388
1065,423,1488,0.1388
1068,435,1503,0.1388
1064,439,1503,0.1388
1065,441,1506,0.1388
1064,435,1499,0.1388
1061,435,1496,0.1388
1065,435,1500,0.1388
1067,438,1505,0.1388
1077,442,1519,0.1388
1074,445,1519,0.1388
1071,439,1510,0.1388
1079,435,1514,0.1388
1071,426,1497,0.1388
1065,424,1489,0.1388
1060,437,1497,0.1388
1057,445,1502,0.1388
1055,447,1502,0.1388
1057,447,1504,0.1388
1052,445,1497,0.1388
1043,451,1494,0.1388
1040,455,1495,0.1388
1037,449,1486,0.1388
1053,454,1507,0.1388
1056,450,1506,0.1388
1049,458,1507,0.1388
1049,465,1514,0.1388
1058,459,1517,0.1388
1051,455,1506,0.1388
1047,461,1508,0.1388
1045,464,1509,0.1388
1044,469,1513,0.1388
1038,472,1510,0.1388
1042,474,1516,0.1388
1041,472,1513,0.1388
1040,466,1506,0.1388
1032,467,1499,0.1388
1038,463,1501,0.1388
1034,467,1501,0.1388
1037,468,1505,0.1388
1043,481,1524,0.1388
1038,475,1513,0.1388
1019,484,1503,0.1388
1010,480,1490,0.1388
1010,479,1489,0.1388
1012,481,1493,0.1388
997,481,1478,0.1388
998,487,1485,0.1388
1008,488,1496,0.1388
1001,486,1487,0.1388
994,496,1490,0.1388
1001,491,1492,0.1388
1009,499,1508,0.1388
1007,498,1505,0.1388
1007,501,1508,0.1388
1009,497,1506,0.1388
1013,501,1514,0.1388
1008,498,1506,0.1388
1003,501,1504,0.1388
990,504,1494,0.1388
997,504,1501,0.1388
1007,498,1505,0.1388
1001,496,1497,0.1388
998,499,1497,0.1388
996,506,1502,0.1388
999,502,1501,0.1388
1001,511,1512,0.1388
998,514,1512,0.1388
993,513,1506,0.1388
986,512,1498,0.1388
978,509,1487,0.1388
984,502,1486,0.1388
979,505,1484,0.1388
981,505,1486,0.1388
988,511,1499,0.1388
987,512,1499,0.1388
983,519,1502,0.1388
982,522,1504,0.1388
989,523,1512,0.1388
978,519,1497,0.1388
981,530,1511,0.1388
980,532,1512,0.1388
979,532,1511,0.1388
975,529,1504,0.1388
965,531,1496,0.1388
961,537,1498,0.1388
951,530,1481,0.1388
965,528,1493,0.1388
965,525,1490,0.1388
960,518,1478,0.1388
973,524,1497,0.1388
974,534,1508,0.1388
958,534,1492,0.1388
957,523,1480,0.1388
956,528,1484,0.1388
950,524,1474,0.1388
955,532,1487,0.1388
959,535,1494,0.1388
960,533,1493,0.1388
975,533,1508,0.1388
966,539,1505,0.1388
954,547,1501,0.1388
957,537,1494,0.1388
972,539,1511,0.1388
960,534,1494,0.1388
967,539,1506,0.1388
973,544,1517,0.1388
969,539,1508,0.1388
959,545,1504,0.1388
964,542,1506,0.1388
964,544,1508,0.1388
962,546,1508,0.1388
957,553,1510,0.1388
954,551,1505,0.1388
948,553,1501,0.1388
949,557,1506,0.1388
948,562,1510,0.1388
945,550,1495,0.1388
943,543,1486,0.1388
943,545,1488,0.1388
947,550,1497,0.1388
950,551,1501,0.1388
947,546,1493,0.1388
937,555,1492,0.1388
936,554,1490,0.1388
938,560,1498,0.1388
936,556,1492,0.1388
929,555,1484,0.1388
934,558,1492,0.1388
939,561,1500,0.1388
935,556,1491,0.1388
937,556,1493,0.1388
935,555,1490,0.1388
931,545,1476,0.1388
935,553,1488,0.1388
925,555,1480,0.1388
936,561,1497,0.1388
949,564,1513,0.1388
950,558,1508,0.1388
954,560,1514,0.1388
957,570,1527,0.1388
954,567,1521,0.1388
943,560,1503,0.1388
933,549,1482,0.1388
939,556,1495,0.1388
941,563,1504,0.1388
945,570,1515,0.1388
944,561,1505,0.1388
946,569,1515,0.1388
942,567,1509,0.1388
938,566,1504,0.1388
937,565,1502,0.1388
936,570,1506,0.1388
939,563,1502,0.1388
947,566,1513,0.1388
955,565,1520,0.1388
945,571,1516,0.1388
930,576,1506,0.1388
921,571,1492,0.1388
917,583,1500,0.1388
902,588,1490,0.1388
918,590,1508,0.1388
922,588,1510,0.1388
925,583,1508,0.1388
926,581,1507,0.1388
921,582,1503,0.1388
927,583,1510,0.1388
932,585,1517,0.1388
941,579,1520,0.1388
934,576,1510,0.1388
926,586,1512,0.1388
931,592,1523,0.1388
915,591,1506,0.1388
915,589,1504,0.1388
905,597,1502,0.1388
912,595,1507,0.1388
910,594,1504,0.1388
905,601,1506,0.1388
891,601,1492,0.1388
908,609,1517,0.1388
913,602,1515,0.1388
908,601,1509,0.1388
912,594,1506,0.1388
905,592,1497,0.1388
907,602,1509,0.1388
913,614,1527,0.1388
904,609,1513,0.1388
892,614,1506,0.1388
896,605,1501,0.1388
899,603,1502,0.1388
895,609,1504,0.1388
896,607,1503,0.1388
893,604,1497,0.1388
890,605,1495,0.1388
892,610,1502,0.1388
888,616,1504,0.1388
889,624,1513,0.1388
887,633,1520,0.1388
874,633,1507,0.1388
873,628,1501,0.1388
869,629,1498,0.1388
869,631,1500,0.1388
867,640,1507,0.1388
867,640,1507,0.1388
859,643,1502,0.1388
864,639,1503,0.1388
863,634,1497,0.1388
867,642,1509,0.1388
850,644,1494,0.1388
864,650,1514,0.1388
865,658,1523,0.1388
860,648,1508,0.1388
850,643,1493,0.1388
860,653,1513,0.1388
860,653,1513,0.1388
855,657,1512,0.1388
842,649,1491,0.1388
841,655,1496,0.1388
843,655,1498,0.1388
839,653,1492,0.1388
838,655,1493,0.1388
845,649,1494,0.1388
863,659,1522,0.1388
858,655,1513,0.1388
846,654,1500,0.1388
854,653,1507,0.1388
853,644,1497,0.1388
858,644,1502,0.1388
853,641,1494,0.1388
851,652,1503,0.1388
855,661,1516,0.1388
862,664,1526,0.1388
857,667,1524,0.1388
850,662,1512,0.1388
857,662,1519,0.1388
853,655,1508,0.1388
854,655,1509,0.1388
859,647,1506,0.1388
857,647,1504,0.1388
857,649,1506,0.1388
861,652,1513,0.1388
866,647,1513,0.1388
861,651,1512,0.1388
851,661,1512,0.1388
849,664,1513,0.1388
851,667,1518,0.1388
850,665,1515,0.1388
853,658,1511,0.1388
856,654,1510,0.1388
852,653,1505,0.1388
853,653,1506,0.1388
859,644,1503,0.1388
856,653,1509,0.1388
848,658,1506,0.1388
852,654,1506,0.1388
850,649,1499,0.1388
846,649,1495,0.1388
838,645,1483,0.1388
845,648,1493,0.1388
848,665,1513,0.1388
844,670,1514,0.1388
831,661,1492,0.1388
835,658,1493,0.1388
836,649,1485,0.1388
827,661,1488,0.1388
833,665,1498,0.1388
827,665,1492,0.1388
835,674,1509,0.1388
831,685,1516,0.1388
828,676,1504,0.1388
831,674,1505,0.1388
821,681,1502,0.1388
826,689,1515,0.1388
821,683,1504,0.1388
806,686,1492,0.1388
814,690,1504,0.1388
808,689,1497,0.1388
812,695,1507,0.1388
808,689,1497,0.1388
788,703,1491,0.1388
788,700,1488,0.1388
793,705,1498,0.1388
798,705,1503,0.1388
796,707,1503,0.1388
792,713,1505,0.1388
796,714,1510,0.1388
790,718,1508,0.1388
782,717,1499,0.1388
786,718,1504,0.1388
780,718,1498,0.1388
767,720,1487,0.1388
776,720,1496,0.1388
770,720,1490,0.1388
768,728,1496,0.1388
767,731,1498,0.1388
759,742,1501,0.1388
766,742,1508,0.1388
766,740,1506,0.1388
763,730,1493,0.1388
755,725,1480,0.1388
761,729,1490,0.1388
759,726,1485,0.1388
758,726,1484,0.1388
757,731,1488,0.1388
752,739,1491,0.1388
748,743,1491,0.1388
758,738,1496,0.1388
765,740,1505,0.1388
764,744,1508,0.1388
764,743,1507,0.1388
768,740,1508,0.1388
767,748,1515,0.1388
767,748,1515,0.1388
768,744,1512,0.1388
765,739,1504,0.1388
763,733,1496,0.1388
754,733,1487,0.1388
756,745,1501,0.1388
763,735,1498,0.1388
764,741,1505,0.1388
762,746,1508,0.1388
769,738,1507,0.1388
756,728,1484,0.1388
761,720,1481,0.1388
765,728,1493,0.1388
762,725,1487,0.1388
756,729,1485,0.1388
752,735,1487,0.1388
759,743,1502,0.1388
763,742,1505,0.1388
770,748,1518,0.1388
770,747,1517,0.1388
759,749,1508,0.1388
761,745,1506,0.1388
760,748,1508,0.1388
763,748,1511,0.1388
760,740,1500,0.1388
762,739,1501,0.1388
764,742,1506,0.1388
768,744,1512,0.1388
768,745,1513,0.1388
764,742,1506,0.1388
756,743,1499,0.1388
756,752,1508,0.1388
744,748,1492,0.1388
741,746,1487,0.1388
741,755,1496,0.1388
738,764,1502,0.1388
748,765,1513,0.1388
748,768,1516,0.1388
750,761,1511,0.1388
754,762,1516,0.1388
756,761,1517,0.1388
746,769,1515,0.1388
743,766,1509,0.1388
740,766,1506,0.1388
745,769,1514,0.1388
741,771,1512,0.1388
733,775,1508,0.1388
730,777,1507,0.1388
722,776,1498,0.1388
729,770,1499,0.1388
731,766,1497,0.1388
742,759,1501,0.1388
742,766,1508,0.1388
741,762,1503,0.1388
745,769,1514,0.1388
731,769,1500,0.1388
715,763,1478,0.1388
709,767,1476,0.1388
721,782,1503,0.1388
730,782,1512,0.1388
737,779,1516,0.1388
730,786,1516,0.1388
725,786,1511,0.1388
717,789,1506,0.1388
719,788,1507,0.1388
712,792,1504,0.1388
707,791,1498,0.1388
702,792,1494,0.1388
698,806,1504,0.1388
696,800,1496,0.1388
687,806,1493,0.1388
687,812,1499,0.1388
691,810,1501,0.1388
685,809,1494,0.1388
692,818,1510,0.1388
679,811,1490,0.1388
677,814,1491,0.1388
686,816,1502,0.1388
690,822,1512,0.1388
693,823,1516,0.1388
689,820,1509,0.1388
689,816,1505,0.1388
688,811,1499,0.1388
696,820,1516,0.1388
699,815,1514,0.1388
695,821,1516,0.1388
686,822,1508,0.1388
686,817,1503,0.1388
686,818,1504,0.1388
681,828,1509,0.1388
687,825,1512,0.1388
683,825,1508,0.1388
684,828,1512,0.1388
688,831,1519,0.1388
690,832,1522,0.1388
681,839,1520,0.1388
679,846,1525,0.1388
672,844,1516,0.1388
675,841,1516,0.1388
670,838,1508,0.1388
681,834,1515,0.1388
677,844,1521,0.1388
679,836,1515,0.1388
676,844,1520,0.1388
675,837,1512,0.1388
673,835,1508,0.1388
664,837,1501,0.1388
675,831,1506,0.1388
667,832,1499,0.1388
676,842,1518,0.1388
669,832,1501,0.1388
669,826,1495,0.1388
670,818,1488,0.1388
673,829,1502,0.1388
667,825,1492,0.1388
673,823,1496,0.1388
666,825,1491,0.1388
669,837,1506,0.1388
667,842,1509,0.1388
666,839,1505,0.1388
660,842,1502,0.1388
656,837,1493,0.1388
662,850,1512,0.1388
662,848,1510,0.1388
666,852,1518,0.1388
670,837,1507,0.1388
663,841,1504,0.1388
662,839,1501,0.1388
658,847,1505,0.1388
661,848,1509,0.1388
665,854,1519,0.1388
658,857,1515,0.1388
648,861,1509,0.1388
651,859,1510,0.1388
656,854,1510,0.1388
657,849,1506,0.1388
663,848,1511,0.1388
666,847,1513,0.1388
669,854,1523,0.1388
667,851,1518,0.1388
670,855,1525,0.1388
667,851,1518,0.1388
674,843,1517,0.1388
665,828,1493,0.1388
674,832,1506,0.1388
674,834,1508,0.1388
672,837,1509,0.1388
666,833,1499,0.1388
662,829,1491,0.1388
667,831,1498,0.1388
669,832,1501,0.1388
668,827,1495,0.1388
662,834,1496,0.1388
664,832,1496,0.1388
668,844,1512,0.1388
666,841,1507,0.1388
660,851,1511,0.1388
663,850,1513,0.1388
661,850,1511,0.1388
675,854,1529,0.1388
664,853,1517,0.1388
660,852,1512,0.1388
664,847,1511,0.1388
664,851,1515,0.1388
673,860,1533,0.1388
661,852,1513,0.1388
655,865,1520,0.1388
655,871,1526,0.1388
653,858,1511,0.1388
643,860,1503,0.1388
643,863,1506,0.1388
645,853,1498,0.1388
646,850,1496,0.1388
651,847,1498,0.1388
653,857,1510,0.1388
652,858,1510,0.1388
645,869,1514,0.1388
652,867,1519,0.1388
643,876,1519,0.1388
643,869,1512,0.1388
642,868,1510,0.1388
631,863,1494,0.1388
627,864,1491,0.1388
630,865,1495,0.1388
637,869,1506,0.1388
642,872,1514,0.1388
641,865,1506,0.1388
638,862,1500,0.1388
632,876,1508,0.1388
634,874,1508,0.1388
630,876,1506,0.1388
630,871,1501,0.1388
642,870,1512,0.1388
646,871,1517,0.1388
646,867,1513,0.1388
637,875,1512,0.1388
633,878,1511,0.1388
638,891,1529,0.1388
635,889,1524,0.1388
637,890,1527,0.1388
641,890,1531,0.1388
639,890,1529,0.1388
639,886,1525,0.1388
630,886,1516,0.1388
628,883,1511,0.1388
621,886,1507,0.1388
623,886,1509,0.1388
627,893,1520,0.1388
630,890,1520,0.1388
629,881,1510,0.1388
627,885,1512,0.1388
625,887,1512,0.1388
616,887,1503,0.1388
608,890,1498,0.1388
618,900,1518,0.1388
635,899,1534,0.1388
628,893,1521,0.1388
629,898,1527,0.1388
627,894,1521,0.1388
622,889,1511,0.1388
616,899,1515,0.1388
615,890,1505,0.1388
611,889,1500,0.1388
614,894,1508,0.1388
621,898,1519,0.1388
615,897,1512,0.1388
619,895,1514,0.1388
620,889,1509,0.1388
623,888,1511,0.1388
612,888,1500,0.1388
607,894,1501,0.1388
595,901,1496,0.1388
592,908,1500,0.1388
586,911,1497,0.1388
591,901,1492,0.1388
592,901,1493,0.1388
589,910,1499,0.1388
595,910,1505,0.1388
593,909,1502,0.1388
589,919,1508,0.1388
593,917,1510,0.1388
594,913,1507,0.1388
601,912,1513,0.1388
596,925,1521,0.1388
583,928,1511,0.1388
582,926,1508,0.1388
579,912,1491,0.1388
577,905,1482,0.1388
573,917,1490,0.1388
581,919,1500,0.1388
589,917,1506,0.1388
597,917,1514,0.1388
589,916,1505,0.1388
592,921,1513,0.1388
588,923,1511,0.1388
586,925,1511,0.1388
581,926,1507,0.1388
581,931,1512,0.1388
579,934,1513,0.1388
585,923,1508,0.1388
585,924,1509,0.1388
583,935,1518,0.1388
584,926,1510,0.1388
579,933,1512,0.1388
580,935,1515,0.1388
578,937,1515,0.1388
582,942,1524,0.1388
576,927,1503,0.1388
579,936,1515,0.1388
577,936,1513,0.1388
580,935,1515,0.1388
575,935,1510,0.1388
576,942,1518,0.1388
574,948,1522,0.1388
567,944,1511,0.1388
569,946,1515,0.1388
560,942,1502,0.1388
561,952,1513,0.1388
561,954,1515,0.1388
561,953,1514,0.1388
557,949,1506,0.1388
569,953,1522,0.1388
566,943,1509,0.1388
566,948,1514,0.1388
562,954,1516,0.1388
567,956,1523,0.1388
566,946,1512,0.1388
562,949,1511,0.1388
553,955,1508,0.1388
560,963,1523,0.1388
552,955,1507,0.1388
548,956,1504,0.1388
545,950,1495,0.1388
548,956,1504,0.1388
549,967,1516,0.1388
546,968,1514,0.1388
537,981,1518,0.1388
540,988,1528,0.1388
535,981,1516,0.1388
536,963,1499,0.1388
537,969,1506,0.1388
539,976,1515,0.1388
539,972,1511,0.1388
541,967,1508,0.1388
535,974,1509,0.1388
538,975,1513,0.1388
543,970,1513,0.1388
541,992,1533,0.1388
540,979,1519,0.1388
541,976,1517,0.1388
534,977,1511,0.1388
533,980,1513,0.1388
538,976,1514,0.1388
523,966,1489,0.1388
531,969,1500,0.1388
525,985,1510,0.1388
528,986,1514,0.1388
535,980,1515,0.1388
531,967,1498,0.1388
530,971,1501,0.1388
531,973,1504,0.1388
525,958,1483,0.1388
536,965,1501,0.1388
542,969,1511,0.1388
546,975,1521,0.1388
542,977,1519,0.1388
541,986,1527,0.1388
541,968,1509,0.1388
541,968,1509,0.1388
531,976,1507,0.1388
532,986,1518,0.1388
526,995,1521,0.1388
523,993,1516,0.1388
519,1006,1525,0.1388
516,993,1509,0.1388
512,979,1491,0.1388
512,988,1500,0.1388
516,994,1510,0.1388
515,994,1509,0.1388
523,1005,1528,0.1388
519,1008,1527,0.1388
509,1005,1514,0.1388
513,1004,1517,0.1388
507,1008,1515,0.1388
509,997,1506,0.1388
507,1002,1509,0.1388
504,1002,1506,0.1388
498,997,1495,0.1388
504,993,1497,0.1388
500,1007,1507,0.1388
493,1004,1497,0.1388
498,1006,1504,0.1388
499,1006,1505,0.1388
495,1006,1501,0.1388
493,1008,1501,0.1388
490,1007,1497,0.1388
494,1003,1497,0.1388
489,1017,1506,0.1388
484,1020,1504,0.1388
490,1007,1497,0.1388
487,1014,1501,0.1388
482,1015,1497,0.1388
479,1025,1504,0.1388
477,1038,1515,0.1388
474,1033,1507,0.1388
467,1024,1491,0.1388
471,1026,1497,0.1388
476,1026,1502,0.1388
481,1038,1519,0.1388
473,1040,1513,0.1388
480,1043,1523,0.1388
481,1040,1521,0.1388
479,1033,1512,0.1388
481,1028,1509,0.1388
481,1037,1518,0.1388
483,1026,1509,0.1388
471,1026,1497,0.1388
473,1032,1505,0.1388
468,1018,1486,0.1388
470,1030,1500,0.1388
466,1036,1502,0.1388
466,1038,1504,0.1388
460,1038,1498,0.1388
469,1032,1501,0.1388
469,1037,1506,0.1388
477,1043,1520,0.1388
478,1042,1520,0.1388
474,1041,1515,0.1388
475,1041,1516,0.1388
466,1043,1509,0.1388
468,1051,1519,0.1388
473,1046,1519,0.1388
473,1049,1522,0.1388
468,1050,1518,0.1388
464,1048,1512,0.1388
461,1046,1507,0.1388
468,1050,1518,0.1388
474,1054,1528,0.1388
469,1054,1523,0.1388
464,1044,1508,0.1388
459,1042,1501,0.1388
454,1050,1504,0.1388
457,1049,1506,0.1388
469,1056,1525,0.1388
460,1054,1514,0.1388
454,1060,1514,0.1388
461,1053,1514,0.1388
462,1049,1511,0.1388
462,1029,1491,0.1388
459,1051,1510,0.1388
465,1054,1519,0.1388
463,1049,1512,0.1388
463,1043,1506,0.1388
467,1047,1514,0.1388
470,1055,1525,0.1388
466,1051,1517,0.1388
461,1041,1502,0.1388
460,1042,1502,0.1388
454,1045,1499,0.1388
448,1051,1499,0.1388
450,1042,1492,0.1388
444,1040,1484,0.1388
451,1044,1495,0.1388
455,1055,1510,0.1388
458,1064,1522,0.1388
462,1063,1525,0.1388
455,1059,1514,0.1388
447,1058,1505,0.1388
443,1056,1499,0.1388
441,1057,1498,0.1388
448,1062,1510,0.1388
442,1067,1509,0.1388
451,1063,1514,0.1388
445,1071,1516,0.1388
440,1068,1508,0.1388
445,1060,1505,0.1388
449,1049,1498,0.1388
445,1055,1500,0.1388
439,1061,1500,0.1388
441,1068,1509,0.1388
446,1059,1505,0.1388
442,1054,1496,0.1388
451,1059,1510,0.1388
448,1064,1512,0.1388
442,1061,1503,0.1388
445,1058,1503,0.1388
442,1057,1499,0.1388
437,1056,1493,0.1388
435,1062,1497,0.1388
426,1066,1492,0.1388
423,1064,1487,0.1388
431,1069,1500,0.1388
436,1080,1516,0.1388
437,1078,1515,0.1388
438,1071,1509,0.1388
444,1060,1504,0.1388
438,1080,1518,0.1388
438,1080,1518,0.1388
428,1076,1504,0.1388
412,1083,1495,0.1388
414,1097,1511,0.1388
412,1101,1513,0.1388
416,1101,1517,0.1388
419,1103,1522,0.1388
424,1098,1522,0.1388
417,1098,1515,0.1388
411,1104,1515,0.1388
410,1098,1508,0.1388
407,1095,1502,0.1388
409,1104,1513,0.1388
408,1103,1511,0.1388
406,1100,1506,0.1388
402,1108,1510,0.1388
397,1101,1498,0.1388
393,1102,1495,0.1388
395,1107,1502,0.1388
393,1110,1503,0.1388
391,1112,1503,0.1388
394,1110,1504,0.1388
394,1112,1506,0.1388
393,1096,1489,0.1388
393,1109,1502,0.1388
391,1114,1505,0.1388
390,1122,1512,0.1388
391,1129,1520,0.1388
389,1123,1512,0.1388
386,1118,1504,0.1388
380,1121,1501,0.1388
380,1117,1497,0.1388
378,1105,1483,0.1388
385,1111,1496,0.1388
393,1121,1514,0.1388
389,1122,1511,0.1388
390,1128,1518,0.1388
389,1132,1521,0.1388
400,1125,1525,0.1388
399,1133,1532,0.1388
399,1136,1535,0.1388
398,1127,1525,0.1388
397,1118,1515,0.1388
394,1117,1511,0.1388
389,1115,1504,0.1388
387,1126,1513,0.1388
388,1136,1524,0.1388
379,1133,1512,0.1388
382,1124,1506,0.1388
384,1110,1494,0.1388
384,1123,1507,0.1388
389,1121,1510,0.1388
389,1120,1509,0.1388
393,1136,1529,0.1388
385,1131,1516,0.1388
386,1131,1517,0.1388
389,1127,1516,0.1388
385,1117,1502,0.1388
378,1119,1497,0.1388
375,1131,1506,0.1388
370,1137,1507,0.1388
372,1145,1517,0.1388
369,1153,1522,0.1388
374,1144,1518,0.1388
379,1146,1525,0.1388
375,1160,1535,0.1388
367,1149,1516,0.1388
369,1161,1530,0.1388
365,1159,1524,0.1388
358,1155,1513,0.1388
361,1157,1518,0.1388
357,1165,1522,0.1388
359,1160,1519,0.1388
356,1156,1512,0.1388
354,1164,1518,0.1388
360,1157,1517,0.1388
351,1168,1519,0.1388
352,1173,1525,0.1388
354,1175,1529,0.1388
343,1181,1524,0.1388
344,1176,1520,0.1388
343,1176,1519,0.1388
341,1173,1514,0.1388
343,1191,1534,0.1388
343,1178,1521,0.1388
343,1186,1529,0.1388
338,1183,1521,0.1388
342,1168,1510,0.1388
348,1161,1509,0.1388
341,1172,1513,0.1388
343,1172,1515,0.1388
340,1172,1512,0.1388
340,1169,1509,0.1388
337,1177,1514,0.1388
340,1175,1515,0.1388
343,1177,1520,0.1388
342,1175,1517,0.1388
334,1172,1506,0.1388
341,1171,1512,0.1388
341,1175,1516,0.1388
343,1178,1521,0.1388
350,1167,1517,0.1388
350,1173,1523,0.1388
351,1174,1525,0.1388
353,1177,1530,0.1388
345,1183,1528,0.1388
335,1177,1512,0.1388
336,1179,1515,0.1388
334,1183,1517,0.1388
340,1180,1520,0.1388
330,1185,1515,0.1388
327,1170,1497,0.1388
327,1164,1491,0.1388
329,1174,1503,0.1388
325,1170,1495,0.1388
325,1181,1506,0.1388
328,1178,1506,0.1388
327,1177,1504,0.1388
323,1187,1510,0.1388
317,1183,1500,0.1388
318,1182,1500,0.1388
317,1182,1499,0.1388
317,1179,1496,0.1388
316,1182,1498,0.1388
314,1178,1492,0.1388
312,1177,1489,0.1388
309,1188,1497,0.1388
313,1194,1507,0.1388
310,1196,1506,0.1388
313,1195,1508,0.1388
312,1195,1507,0.1388
309,1202,1511,0.1388
313,1198,1511,0.1388
314,1197,1511,0.1388
313,1200,1513,0.1388
308,1185,1493,0.1388
306,1191,1497,0.1388
308,1210,1518,0.1388
307,1216,1523,0.1388
306,1214,1520,0.1388
308,1212,1520,0.1388
301,1222,1523,0.1388
299,1217,1516,0.1388
294,1215,1509,0.1388
294,1203,1497,0.1388
293,1206,1499,0.1388
294,1210,1504,0.1388
291,1204,1495,0.1388
294,1209,1503,0.1388
296,1206,1502,0.1388
296,1213,1509,0.1388
293,1199,1492,0.1388
295,1192,1487,0.1388
288,1218,1506,0.1388
291,1227,1518,0.1388
289,1228,1517,0.1388
282,1234,1516,0.1388
273,1231,1504,0.1388
277,1233,1510,0.1388
278,1230,1508,0.1388
277,1223,1500,0.1388
279,1226,1505,0.1388
281,1223,1504,0.1388
278,1225,1503,0.1388
283,1229,1512,0.1388
289,1227,1516,0.1388
289,1235,1524,0.1388
284,1230,1514,0.1388
279,1227,1506,0.1388
275,1232,1507,0.1388
278,1239,1517,0.1388
279,1230,1509,0.1388
275,1234,1509,0.1388
276,1230,1506,0.1388
277,1226,1503,0.1388
274,1237,1511,0.1388
277,1252,1529,0.1388
272,1247,1519,0.1388
269,1241,1510,0.1388
273,1246,1519,0.1388
271,1249,1520,0.1388
271,1243,1514,0.1388
271,1231,1502,0.1388
272,1231,1503,0.1388
272,1225,1497,0.1388
273,1231,1504,0.1388
266,1240,1506,0.1388
266,1240,1506,0.1388
264,1233,1497,0.1388
264,1233,1497,0.1388
264,1245,1509,0.1388
267,1258,1525,0.1388
266,1245,1511,0.1388
264,1250,1514,0.1388
265,1253,1518,0.1388
269,1240,1509,0.1388
262,1240,1502,0.1388
261,1251,1512,0.1388
264,1248,1512,0.1388
268,1248,1516,0.1388
267,1242,1509,0.1388
265,1236,1501,0.1388
259,1262,1521,0.1388
259,1271,1530,0.1388
263,1264,1527,0.1388
262,1248,1510,0.1388
259,1243,1502,0.1388
260,1260,1520,0.1388
265,1262,1527,0.1388
260,1264,1524,0.1388
258,1259,1517,0.1388
257,1268,1525,0.1388
257,1268,1525,0.1388
258,1267,1525,0.1388
252,1253,1505,0.1388
244,1261,1505,0.1388
241,1255,1496,0.1388
247,1244,1491,0.1388
243,1267,1510,0.1388
245,1263,1508,0.1388
246,1275,1521,0.1388
243,1283,1526,0.1388
246,1278,1524,0.1388
248,1266,1514,0.1388
247,1259,1506,0.1388
242,1256,1498,0.1388
244,1261,1505,0.1388
243,1272,1515,0.1388
240,1276,1516,0.1388
247,1266,1513,0.1388
249,1262,1511,0.1388
251,1248,1499,0.1388
248,1246,1494,0.1388
242,1255,1497,0.1388
242,1264,1506,0.1388
239,1264,1503,0.1388
240,1259,1499,0.1388
241,1269,1510,0.1388
244,1274,1518,0.1388
247,1270,1517,0.1388
252,1260,1512,0.1388
252,1258,1510,0.1388
258,1246,1504,0.1388
262,1245,1507,0.1388
256,1245,1501,0.1388
260,1261,1521,0.1388
260,1262,1522,0.1388
263,1265,1528,0.1388
266,1269,1535,0.1388
266,1256,1522,0.1388
264,1266,1530,0.1388
261,1265,1526,0.1388
261,1250,1511,0.1388
255,1265,1520,0.1388
257,1253,1510,0.1388
257,1259,1516,0.1388
258,1263,1521,0.1388
257,1241,1498,0.1388
255,1249,1504,0.1388
258,1263,1521,0.1388
249,1261,1510,0.1388
248,1259,1507,0.1388
255,1252,1507,0.1388
253,1270,1523,0.1388
256,1268,1524,0.1388
256,1259,1515,0.1388
260,1262,1522,0.1388
254,1255,1509,0.1388
255,1250,1505,0.1388
260,1255,1515,0.1388
259,1260,1519,0.1388
258,1263,1521,0.1388
256,1270,1526,0.1388
253,1267,1520,0.1388
251,1267,1518,0.1388
250,1268,1518,0.1388
248,1272,1520,0.1388
246,1269,1515,0.1388
243,1268,1511,0.1388
245,1259,1504,0.1388
248,1257,1505,0.1388
254,1248,1502,0.1388
254,1266,1520,0.1388
256,1268,1524,0.1388
252,1274,1526,0.1388
255,1276,1531,0.1388
246,1278,1524,0.1388
246,1273,1519,0.1388
247,1271,1518,0.1388
243,1266,1509,0.1388
245,1269,1514,0.1388
245,1266,1511,0.1388
240,1274,1514,0.1388
240,1274,1514,0.1388
240,1267,1507,0.1388
239,1260,1499,0.1388
240,1272,1512,0.1388
243,1278,1521,0.1388
238,1276,1514,0.1388
236,1278,1514,0.1388
231,1286,1517,0.1388
229,1292,1521,0.1388
231,1279,1510,0.1388
230,1295,1525,0.1388
227,1282,1509,0.1388
229,1299,1528,0.1388
225,1294,1519,0.1388
225,1293,1518,0.1388
225,1283,1508,0.1388
229,1280,1509,0.1388
231,1268,1499,0.1388
229,1280,1509,0.1388
229,1284,1513,0.1388
232,1276,1508,0.1388
236,1278,1514,0.1388
236,1274,1510,0.1388
229,1294,1523,0.1388
226,1291,1517,0.1388
229,1284,1513,0.1388
226,1276,1502,0.1388
224,1286,1510,0.1388
225,1282,1507,0.1388
225,1282,1507,0.1388
227,1274,1501,0.1388
225,1276,1501,0.1388
223,1285,1508,0.1388
222,1301,1523,0.1388
225,1287,1512,0.1388
222,1289,1511,0.1388
222,1279,1501,0.1388
220,1286,1506,0.1388
222,1278,1500,0.1388
228,1281,1509,0.1388
230,1282,1512,0.1388
231,1282,1513,0.1388
227,1279,1506,0.1388
224,1282,1506,0.1388
224,1286,1510,0.1388
218,1299,1517,0.1388
220,1289,1509,0.1388
218,1284,1502,0.1388
220,1288,1508,0.1388
219,1293,1512,0.1388
219,1301,1520,0.1388
223,1299,1522,0.1388
221,1287,1508,0.1388
223,1291,1514,0.1388
227,1292,1519,0.1388
223,1284,1507,0.1388
220,1297,1517,0.1388
222,1305,1527,0.1388
221,1306,1527,0.1388
216,1298,1514,0.1388
214,1299,1513,0.1388
212,1296,1508,0.1388
213,1301,1514,0.1388
206,1313,1519,0.1388
203,1307,1510,0.1388
206,1311,1517,0.1388
200,1317,1517,0.1388
200,1305,1505,0.1388
204,1307,1511,0.1388
205,1307,1512,0.1388
203,1306,1509,0.1388
198,1302,1500,0.1388
198,1306,1504,0.1388
196,1315,1511,0.1388
200,1312,1512,0.1388
201,1313,1514,0.1388
199,1313,1512,0.1388
201,1313,1514,0.1388
205,1302,1507,0.1388
206,1297,1503,0.1388
210,1304,1514,0.1388
206,1308,1514,0.1388
206,1301,1507,0.1388
205,1323,1528,0.1388
203,1323,1526,0.1388
199,1310,1509,0.1388
197,1318,1515,0.1388
195,1340,1535,0.1388
199,1328,1527,0.1388
196,1309,1505,0.1388
191,1320,1511,0.1388
190,1311,1501,0.1388
195,1315,1510,0.1388
193,1312,1505,0.1388
188,1309,1497,0.1388
185,1318,1503,0.1388
186,1312,1498,0.1388
185,1312,1497,0.1388
178,1319,1497,0.1388
178,1315,1493,0.1388
176,1317,1493,0.1388
179,1329,1508,0.1388
176,1320,1496,0.1388
181,1343,1524,0.1388
178,1339,1517,0.1388
177,1335,1512,0.1388
178,1342,1520,0.1388
178,1339,1517,0.1388
176,1336,1512,0.1388
176,1355,1531,0.1388
172,1335,1507,0.1388
171,1338,1509,0.1388
170,1333,1503,0.1388
176,1342,1518,0.1388
175,1342,1517,0.1388
175,1336,1511,0.1388
171,1355,1526,0.1388
169,1339,1508,0.1388
172,1342,1514,0.1388
174,1343,1517,0.1388
169,1351,1520,0.1388
166,1356,1522,0.1388
167,1349,1516,0.1388
167,1336,1503,0.1388
174,1330,1504,0.1388
175,1335,1510,0.1388
172,1343,1515,0.1388
176,1337,1513,0.1388
177,1332,1509,0.1388
173,1322,1495,0.1388
174,1332,1506,0.1388
172,1321,1493,0.1388
179,1323,1502,0.1388
178,1332,1510,0.1388
174,1345,1519,0.1388
166,1326,1492,0.1388
166,1333,1499,0.1388
172,1324,1496,0.1388
168,1332,1500,0.1388
167,1339,1506,0.1388
162,1349,1511,0.1388
161,1347,1508,0.1388
164,1335,1499,0.1388
162,1354,1516,0.1388
158,1360,1518,0.1388
159,1354,1513,0.1388
161,1359,1520,0.1388
165,1347,1512,0.1388
163,1361,1524,0.1388
162,1362,1524,0.1388
158,1357,1515,0.1388
160,1348,1508,0.1388
163,1334,1497,0.1388
165,1341,1506,0.1388
165,1341,1506,0.1388
164,1352,1516,0.1388
166,1355,1521,0.1388
166,1365,1531,0.1388
166,1350,1516,0.1388
165,1346,1511,0.1388
161,1360,1521,0.1388
160,1348,1508,0.1388
158,1356,1514,0.1388
161,1354,1515,0.1388
157,1355,1512,0.1388
155,1350,1505,0.1388
155,1356,1511,0.1388
156,1359,1515,0.1388
154,1367,1521,0.1388
151,1369,1520,0.1388
150,1376,1526,0.1388
146,1367,1513,0.1388
147,1372,1519,0.1388
145,1366,1511,0.1388
143,1368,1511,0.1388
142,1363,1505,0.1388
141,1349,1490,0.1388
142,1360,1502,0.1388
143,1367,1510,0.1388
137,1378,1515,0.1388
140,1375,1515,0.1388
136,1385,1521,0.1388
135,1391,1526,0.1388
135,1399,1534,0.1388
132,1386,1518,0.1388
130,1387,1517,0.1388
131,1380,1511,0.1388
133,1384,1517,0.1388
131,1376,1507,0.1388
133,1364,1497,0.1388
132,1366,1498,0.1388
129,1369,1498,0.1388
127,1370,1497,0.1388
126,1370,1496,0.1388
127,1391,1518,0.1388
125,1391,1516,0.1388
122,1398,1520,0.1388
124,1385,1509,0.1388
122,1389,1511,0.1388
125,1400,1525,0.1388
123,1393,1516,0.1388
122,1394,1516,0.1388
121,1406,1527,0.1388
120,1389,1509,0.1388
121,1395,1516,0.1388
121,1393,1514,0.1388
123,1395,1518,0.1388
123,1387,1510,0.1388
121,1382,1503,0.1388
119,1390,1509,0.1388
115,1404,1519,0.1388
112,1421,1533,0.1388
110,1426,1536,0.1388
112,1415,1527,0.1388
116,1420,1536,0.1388
117,1407,1524,0.1388
118,1402,1520,0.1388
117,1410,1527,0.1388
115,1418,1533,0.1388
118,1400,1518,0.1388
116,1392,1508,0.1388
116,1398,1514,0.1388
117,1403,1520,0.1388
113,1406,1519,0.1388
112,1390,1502,0.1388
116,1388,1504,0.1388
117,1400,1517,0.1388
117,1403,1520,0.1388
119,1395,1514,0.1388
118,1394,1512,0.1388
127,1381,1508,0.1388
127,1384,1511,0.1388
124,1400,1524,0.1388
125,1400,1525,0.1388
123,1406,1529,0.1388
124,1403,1527,0.1388
118,1396,1514,0.1388
116,1399,1515,0.1388
119,1387,1506,0.1388
120,1387,1507,0.1388
119,1393,1512,0.1388
118,1403,1521,0.1388
117,1410,1527,0.1388
122,1409,1531,0.1388
125,1401,1526,0.1388
124,1403,1527,0.1388
120,1401,1521,0.1388
122,1397,1519,0.1388
119,1386,1505,0.1388
116,1392,1508,0.1388
114,1406,1520,0.1388
120,1404,1524,0.1388
120,1391,1511,0.1388
117,1405,1522,0.1388
118,1395,1513,0.1388
116,1403,1519,0.1388
115,1400,1515,0.1388
116,1397,1513,0.1388
118,1407,1525,0.1388
120,1410,1530,0.1388
116,1421,1537,0.1388
118,1419,1537,0.1388
119,1412,1531,0.1388
117,1413,1530,0.1388
120,1410,1530,0.1388
120,1400,1520,0.1388
120,1409,1529,0.1388
116,1402,1518,0.1388
116,1403,1519,0.1388
116,1396,1512,0.1388
116,1396,1512,0.1388
115,1404,1519,0.1388
117,1402,1519,0.1388
117,1389,1506,0.1388
116,1388,1504,0.1388
120,1394,1514,0.1388
118,1385,1503,0.1388
118,1379,1497,0.1388
120,1394,1514,0.1388
120,1387,1507,0.1388
118,1400,1518,0.1388
116,1391,1507,0.1388
115,1389,1504,0.1388
118,1394,1512,0.1388
115,1401,1516,0.1388
116,1394,1510,0.1388
116,1398,1514,0.1388
116,1396,1512,0.1388
116,1390,1506,0.1388
113,1406,1519,0.1388
108,1405,1513,0.1388
107,1407,1514,0.1388
107,1414,1521,0.1388
109,1407,1516,0.1388
110,1401,1511,0.1388
109,1407,1516,0.1388
107,1403,1510,0.1388
109,1406,1515,0.1388
110,1404,1514,0.1388
110,1408,1518,0.1388
115,1411,1526,0.1388
112,1403,1515,0.1388
111,1418,1529,0.1388
114,1413,1527,0.1388
116,1410,1526,0.1388
116,1407,1523,0.1388
116,1403,1519,0.1388
116,1410,1526,0.1388
117,1410,1527,0.1388
114,1411,1525,0.1388
111,1409,1520,0.1388
109,1415,1524,0.1388
111,1418,1529,0.1388
109,1407,1516,0.1388
112,1400,1512,0.1388
108,1410,1518,0.1388
113,1416,1529,0.1388
116,1417,1533,0.1388
116,1407,1523,0.1388
119,1399,1518,0.1388
116,1398,1514,0.1388
117,1400,1517,0.1388
119,1410,1529,0.1388
118,1401,1519,0.1388
116,1385,1501,0.1388
115,1398,1513,0.1388
113,1393,1506,0.1388
110,1397,1507,0.1388
114,1401,1515,0.1388
115,1414,1529,0.1388
115,1422,1537,0.1388
114,1411,1525,0.1388
114,1406,1520,0.1388
111,1415,1526,0.1388
110,1394,1504,0.1388
110,1395,1505,0.1388
109,1396,1505,0.1388
110,1404,1514,0.1388
112,1409,1521,0.1388
111,1406,1517,0.1388
113,1410,1523,0.1388
109,1408,1517,0.1388
110,1399,1509,0.1388
110,1407,1517,0.1388
110,1413,1523,0.1388
112,1420,1532,0.1388
112,1412,1524,0.1388
111,1409,1520,0.1388
105,1406,1511,0.1388
111,1404,1515,0.1388
110,1422,1532,0.1388
111,1428,1539,0.1388
106,1423,1529,0.1388
101,1414,1515,0.1388
97,1419,1516,0.1388
102,1423,1525,0.1388
104,1425,1529,0.1388
104,1410,1514,0.1388
101,1400,1501,0.1388
97,1417,1514,0.1388
98,1423,1521,0.1388
99,1424,1523,0.1388
97,1423,1520,0.1388
99,1420,1519,0.1388
99,1417,1516,0.1388
100,1426,1526,0.1388
96,1425,1521,0.1388
96,1429,1525,0.1388
98,1428,1526,0.1388
96,1413,1509,0.1388
97,1409,1506,0.1388
97,1405,1502,0.1388
95,1393,1488,0.1388
94,1400,1494,0.1388
94,1409,1503,0.1388
97,1415,1512,0.1388
98,1414,1512,0.1388
99,1434,1533,0.1388
98,1420,1518,0.1388
98,1414,1512,0.1388
96,1426,1522,0.1388
93,1429,1522,0.1388
93,1418,1511,0.1388
96,1423,1519,0.1388
96,1422,1518,0.1388
97,1430,1527,0.1388
95,1433,1528,0.1388
94,1429,1523,0.1388
95,1433,1528,0.1388
92,1436,1528,0.1388
88,1435,1523,0.1388
88,1424,1512,0.1388
88,1428,1516,0.1388
88,1429,1517,0.1388
87,1429,1516,0.1388
90,1447,1537,0.1388
89,1444,1533,0.1388
90,1446,1536,0.1388
90,1435,1525,0.1388
91,1426,1517,0.1388
92,1432,1524,0.1388
93,1437,1530,0.1388
91,1416,1507,0.1388
92,1410,1502,0.1388
92,1425,1517,0.1388
91,1408,1499,0.1388
93,1414,1507,0.1388
94,1429,1523,0.1388
93,1424,1517,0.1388
92,1420,1512,0.1388
91,1416,1507,0.1388
92,1418,1510,0.1388
92,1425,1517,0.1388
88,1436,1524,0.1388
89,1422,1511,0.1388
88,1430,1518,0.1388
90,1422,1512,0.1388
87,1424,1511,0.1388
84,1428,1512,0.1388
83,1419,1502,0.1388
80,1411,1491,0.1388
84,1431,1515,0.1388
84,1426,1510,0.1388
78,1431,1509,0.1388
78,1434,1512,0.1388
78,1431,1509,0.1388
78,1437,1515,0.1388
79,1447,1526,0.1388
80,1445,1525,0.1388
80,1426,1506,0.1388
81,1430,1511,0.1388
82,1438,1520,0.1388
83,1445,1528,0.1388
81,1434,1515,0.1388
81,1440,1521,0.1388
83,1432,1515,0.1388
80,1437,1517,0.1388
81,1436,1517,0.1388
81,1412,1493,0.1388
83,1433,1516,0.1388
87,1433,1520,0.1388
86,1434,1520,0.1388
85,1440,1525,0.1388
86,1435,1521,0.1388
84,1434,1518,0.1388
83,1431,1514,0.1388
76,1429,1505,0.1388
75,1427,1502,0.1388
78,1425,1503,0.1388
81,1438,1519,0.1388
76,1438,1514,0.1388
73,1445,1518,0.1388
73,1449,1522,0.1388
72,1455,1527,0.1388
71,1445,1516,0.1388
67,1429,1496,0.1388
66,1434,1500,0.1388
64,1445,1509,0.1388
65,1446,1511,0.1388
63,1446,1509,0.1388
64,1448,1512,0.1388
65,1445,1510,0.1388
61,1455,1516,0.1388
61,1459,1520,0.1388
59,1458,1517,0.1388
61,1452,1513,0.1388
61,1453,1514,0.1388
63,1448,1511,0.1388
63,1448,1511,0.1388
61,1444,1505,0.1388
63,1451,1514,0.1388
64,1456,1520,0.1388
66,1456,1522,0.1388
63,1450,1513,0.1388
62,1453,1515,0.1388
61,1453,1514,0.1388
61,1424,1485,0.1388
61,1448,1509,0.1388
62,1451,1513,0.1388
57,1470,1527,0.1388
58,1468,1526,0.1388
57,1463,1520,0.1388
59,1452,1511,0.1388
58,1448,1506,0.1388
60,1449,1509,0.1388
62,1451,1513,0.1388
62,1445,1507,0.1388
60,1459,1519,0.1388
60,1472,1532,0.1388
62,1477,1539,0.1388
63,1475,1538,0.1388
61,1458,1519,0.1388
60,1456,1516,0.1388
58,1466,1524,0.1388
58,1462,1520,0.1388
59,1465,1524,0.1388
60,1466,1526,0.1388
61,1471,1532,0.1388
61,1467,1528,0.1388
61,1448,1509,0.1388
64,1451,1515,0.1388
65,1438,1503,0.1388
66,1449,1515,0.1388
64,1444,1508,0.1388
62,1447,1509,0.1388
62,1432,1494,0.1388
63,1447,1510,0.1388
61,1448,1509,0.1388
63,1449,1512,0.1388
65,1452,1517,0.1388
65,1464,1529,0.1388
65,1453,1518,0.1388
62,1452,1514,0.1388
62,1461,1523,0.1388
60,1455,1515,0.1388
61,1447,1508,0.1388
60,1446,1506,0.1388
61,1446,1507,0.1388
60,1452,1512,0.1388
59,1452,1511,0.1388
58,1451,1509,0.1388
57,1445,1502,0.1388
58,1457,1515,0.1388
59,1462,1521,0.1388
58,1457,1515,0.1388
56,1449,1505,0.1388
57,1459,1516,0.1388
58,1450,1508,0.1388
57,1445,1502,0.1388
56,1464,1520,0.1388
59,1470,1529,0.1388
56,1470,1526,0.1388
59,1475,1534,0.1388
61,1467,1528,0.1388
60,1458,1518,0.1388
60,1459,1519,0.1388
60,1457,1517,0.1388
60,1445,1505,0.1388
63,1438,1501,0.1388
63,1447,1510,0.1388
63,1461,1524,0.1388
61,1458,1519,0.1388
65,1461,1526,0.1388
64,1462,1526,0.1388
65,1457,1522,0.1388
64,1453,1517,0.1388
61,1452,1513,0.1388
59,1456,1515,0.1388
58,1457,1515,0.1388
60,1446,1506,0.1388
61,1451,1512,0.1388
60,1460,1520,0.1388
59,1456,1515,0.1388
56,1450,1506,0.1388
56,1453,1509,0.1388
59,1448,1507,0.1388
61,1441,1502,0.1388
62,1447,1509,0.1388
62,1450,1512,0.1388
64,1463,1527,0.1388
63,1445,1508,0.1388
67,1451,1518,0.1388
66,1458,1524,0.1388
66,1454,1520,0.1388
61,1443,1504,0.1388
63,1449,1512,0.1388
62,1454,1516,0.1388
60,1458,1518,0.1388
59,1462,1521,0.1388
55,1456,1511,0.1388
54,1450,1504,0.1388
51,1453,1504,0.1388
50,1466,1516,0.1388
50,1463,1513,0.1388
48,1462,1510,0.1388
48,1469,1517,0.1388
50,1472,1522,0.1388
48,1473,1521,0.1388
47,1473,1520,0.1388
47,1477,1524,0.1388
45,1478,1523,0.1388
44,1464,1508,0.1388
43,1465,1508,0.1388
43,1466,1509,0.1388
44,1467,1511,0.1388
45,1474,1519,0.1388
43,1460,1503,0.1388
43,1475,1518,0.1388
43,1467,1510,0.1388
39,1478,1517,0.1388
41,1463,1504,0.1388
41,1466,1507,0.1388
41,1469,1510,0.1388
43,1477,1520,0.1388
39,1470,1509,0.1388
40,1485,1525,0.1388
37,1495,1532,0.1388
36,1488,1524,0.1388
37,1493,1530,0.1388
36,1496,1532,0.1388
37,1496,1533,0.1388
38,1488,1526,0.1388
35,1491,1526,0.1388
34,1482,1516,0.1388
31,1485,1516,0.1388
31,1483,1514,0.1388
30,1484,1514,0.1388
31,1491,1522,0.1388
31,1485,1516,0.1388
32,1482,1514,0.1388
31,1486,1517,0.1388
32,1472,1504,0.1388
31,1475,1506,0.1388
30,1473,1503,0.1388
30,1474,1504,0.1388
31,1475,1506,0.1388
31,1476,1507,0.1388
31,1480,1511,0.1388
30,1474,1504,0.1388
29,1472,1501,0.1388
29,1482,1511,0.1388
30,1483,1513,0.1388
28,1491,1519,0.1388
28,1483,1511,0.1388
29,1489,1518,0.1388
30,1480,1510,0.1388
29,1487,1516,0.1388
31,1487,1518,0.1388
31,1498,1529,0.1388
30,1501,1531,0.1388
31,1482,1513,0.1388
31,1470,1501,0.1388
30,1474,1504,0.1388
31,1483,1514,0.1388
31,1482,1513,0.1388
30,1490,1520,0.1388
30,1485,1515,0.1388
30,1476,1506,0.1388
31,1481,1512,0.1388
31,1474,1505,0.1388
31,1481,1512,0.1388
33,1483,1516,0.1388
33,1486,1519,0.1388
33,1484,1517,0.1388
33,1483,1516,0.1388
33,1486,1519,0.1388
34,1485,1519,0.1388
34,1493,1527,0.1388
33,1495,1528,0.1388
33,1484,1517,0.1388
31,1484,1515,0.1388
32,1471,1503,0.1388
32,1479,1511,0.1388
32,1477,1509,0.1388
32,1485,1517,0.1388
31,1489,1520,0.1388
32,1491,1523,0.1388
33,1484,1517,0.1388
33,1486,1519,0.1388
32,1478,1510,0.1388
31,1475,1506,0.1388
31,1474,1505,0.1388
31,1473,1504,0.1388
31,1464,1495,0.1388
32,1478,1510,0.1388
32,1481,1513,0.1388
33,1477,1510,0.1388
36,1474,1510,0.1388
35,1470,1505,0.1388
34,1473,1507,0.1388
36,1472,1508,0.1388
37,1489,1526,0.1388
36,1475,1511,0.1388
35,1474,1509,0.1388
33,1468,1501,0.1388
30,1484,1514,0.1388
32,1482,1514,0.1388
29,1485,1514,0.1388
30,1500,1530,0.1388
29,1502,1531,0.1388
28,1494,1522,0.1388
26,1500,1526,0.1388
25,1498,1523,0.1388
25,1496,1521,0.1388
25,1500,1525,0.1388
24,1497,1521,0.1388
25,1503,1528,0.1388
24,1504,1528,0.1388
25,1514,1539,0.1388
25,1497,1522,0.1388
24,1491,1515,0.1388
25,1496,1521,0.1388
25,1497,1522,0.1388
25,1486,1511,0.1388
26,1487,1513,0.1388
25,1500,1525,0.1388
27,1518,1545,0.1388
27,1511,1538,0.1388
27,1501,1528,0.1388
25,1491,1516,0.1388
27,1479,1506,0.1388
26,1471,1497,0.1388
25,1479,1504,0.1388
25,1481,1506,0.1388
24,1490,1514,0.1388
26,1497,1523,0.1388
24,1488,1512,0.1388
22,1507,1529,0.1388
21,1502,1523,0.1388
20,1514,1534,0.1388
20,1504,1524,0.1388
20,1500,1520,0.1388
20,1506,1526,0.1388
20,1497,1517,0.1388
19,1505,1524,0.1388
19,1496,1515,0.1388
18,1504,1522,0.1388
19,1511,1530,0.1388
19,1494,1513,0.1388
19,1489,1508,0.1388
18,1508,1526,0.1388
17,1506,1523,0.1388
16,1509,1525,0.1388
17,1507,1524,0.1388
17,1506,1523,0.1388
17,1496,1513,0.1388
16,1487,1503,0.1388
16,1486,1502,0.1388
17,1499,1516,0.1388
17,1513,1530,0.1388
17,1516,1533,0.1388
17,1517,1534,0.1388
18,1500,1518,0.1388
18,1498,1516,0.1388
17,1498,1515,0.1388
19,1484,1503,0.1388
17,1499,1516,0.1388
17,1488,1505,0.1388
18,1491,1509,0.1388
17,1490,1507,0.1388
18,1488,1506,0.1388
17,1492,1509,0.1388
17,1490,1507,0.1388
17,1499,1516,0.1388
17,1497,1514,0.1388
17,1500,1517,0.1388
16,1510,1526,0.1388
15,1506,1521,0.1388
14,1504,1518,0.1388
13,1505,1518,0.1388
11,1509,1520,0.1388
10,1506,1516,0.1388
9,1514,1523,0.1388
10,1508,1518,0.1388
9,1500,1509,0.1388
9,1507,1516,0.1388
9,1500,1509,0.1388
9,1503,1512,0.1388
9,1505,1514,0.1388
9,1512,1521,0.1388
9,1503,1512,0.1388
9,1524,1533,0.1388
9,1503,1512,0.1388
9,1500,1509,0.1388
10,1508,1518,0.1388
10,1505,1515,0.1388
10,1515,1525,0.1388
10,1505,1515,0.1388
10,1498,1508,0.1388
10,1509,1519,0.1388
10,1513,1523,0.1388
10,1512,1522,0.1388
10,1516,1526,0.1388
10,1515,1525,0.1388
10,1512,1522,0.1388
10,1508,1518,0.1388
10,1504,1514,0.1388
10,1513,1523,0.1388
10,1509,1519,0.1388
10,1505,1515,0.1388
10,1515,1525,0.1388
10,1504,1514,0.1388
10,1517,1527,0.1388
10,1510,1520,0.1388
9,1516,1525,0.1388
8,1506,1514,0.1388
8,1501,1509,0.1388
9,1499,1508,0.1388
9,1503,1512,0.1388
10,1499,1509,0.1388
10,1511,1521,0.1388
10,1510,1520,0.1388
11,1510,1521,0.1388
11,1519,1530,0.1388
12,1516,1528,0.1388
12,1513,1525,0.1388
12,1507,1519,0.1388
13,1502,1515,0.1388
14,1491,1505,0.1388
14,1501,1515,0.1388
15,1511,1526,0.1388
15,1508,1523,0.1388
16,1501,1517,0.1388
14,1478,1492,0.1388
13,1495,1508,0.1388
14,1506,1520,0.1388
14,1499,1513,0.1388
14,1495,1509,0.1388
13,1493,1506,0.1388
13,1499,1512,0.1388
14,1504,1518,0.1388
13,1503,1516,0.1388
13,1491,1504,0.1388
13,1490,1503,0.1388
11,1505,1516,0.1388
11,1507,1518,0.1388
10,1495,1505,0.1388
10,1494,1504,0.1388
10,1497,1507,0.1388
11,1501,1512,0.1388
11,1508,1519,0.1388
11,1502,1513,0.1388
11,1514,1525,0.1388
10,1509,1519,0.1388
11,1513,1524,0.1388
11,1516,1527,0.1388
11,1507,1518,0.1388
10,1512,1522,0.1388
10,1519,1529,0.1388
10,1506,1516,0.1388
10,1523,1533,0.1388
10,1520,1530,0.1388
10,1522,1532,0.1388
10,1517,1527,0.1388
10,1519,1529,0.1388
9,1524,1533,0.1388
8,1519,1527,0.1388
8,1504,1512,0.1388
7,1504,1511,0.1388
7,1508,1515,0.1388
7,1509,1516,0.1388
7,1509,1516,0.1388
6,1529,1535,0.1388
6,1523,1529,0.1388
6,1517,1523,0.1388
5,1514,1519,0.1388
5,1521,1526,0.1388
5,1512,1517,0.1388
5,1512,1517,0.1388
5,1516,1521,0.1388
5,1509,1514,0.1388
6,1520,1526,0.1388
6,1524,1530,0.1388
6,1522,1528,0.1388
6,1513,1519,0.1388
6,1512,1518,0.1388
6,1501,1507,0.1388
6,1514,1520,0.1388
6,1504,1510,0.1388
6,1508,1514,0.1388
6,1526,1532,0.1388
6,1518,1524,0.1388
6,1510,1516,0.1388
6,1513,1519,0.1388
7,1516,1523,0.1388
7,1517,1524,0.1388
7,1518,1525,0.1388
7,1526,1533,0.1388
7,1518,1525,0.1388
8,1521,1529,0.1388
8,1527,1535,0.1388
9,1511,1520,0.1388
9,1514,1523,0.1388
9,1505,1514,0.1388
8,1510,1518,0.1388
8,1514,1522,0.1388
8,1518,1526,0.1388
8,1533,1541,0.1388
8,1525,1533,0.1388
8,1523,1531,0.1388
8,1517,1525,0.1388
8,1505,1513,0.1388
8,1506,1514,0.1388
8,1510,1518,0.1388
9,1510,1519,0.1388
9,1493,1502,0.1388
9,1492,1501,0.1388
9,1494,1503,0.1388
9,1491,1500,0.1388
7,1503,1510,0.1388
7,1504,1511,0.1388
10,1506,1516,0.1388
10,1494,1504,0.1388
10,1492,1502,0.1388
10,1512,1522,0.1388
10,1499,1509,0.1388
10,1501,1511,0.1388
10,1502,1512,0.1388
10,1492,1502,0.1388
10,1504,1514,0.1388
9,1495,1504,0.1388
9,1513,1522,0.1388
9,1506,1515,0.1388
9,1513,1522,0.1388
9,1519,1528,0.1388
9,1510,1519,0.1388
10,1509,1519,0.1388
10,1502,1512,0.1388
10,1490,1500,0.1388
11,1492,1503,0.1388
10,1515,1525,0.1388
11,1513,1524,0.1388
11,1512,1523,0.1388
10,1505,1515,0.1388
10,1512,1522,0.1388
9,1509,1518,0.1388
6,1521,1527,0.1388
6,1519,1525,0.1388
6,1521,1527,0.1388
6,1508,1514,0.1388
6,1513,1519,0.1388
6,1515,1521,0.1388
6,1517,1523,0.1388
7,1518,1525,0.1388
7,1503,1510,0.1388
7,1507,1514,0.1388
7,1501,1508,0.1388
7,1502,1509,0.1388
7,1495,1502,0.1388
7,1491,1498,0.1388
7,1517,1524,0.1388
7,1524,1531,0.1388
6,1527,1533,0.1388
6,1528,1534,0.1388
7,1527,1534,0.1388
6,1516,1522,0.1388
6,1513,1519,0.1388
6,1520,1526,0.1388
6,1515,1521,0.1388
5,1518,1523,0.1388
5,1520,1525,0.1388
4,1525,1529,0.1388
4,1514,1518,0.1388
4,1516,1520,0.1388
4,1510,1514,0.1388
4,1512,1516,0.1388
4,1508,1512,0.1388
4,1511,1515,0.1388
4,1516,1520,0.1388
4,1513,1517,0.1388
5,1499,1504,0.1388
3,1499,1502,0.1388
3,1522,1525,0.1388
3,1509,1512,0.1388
3,1518,1521,0.1388
3,1519,1522,0.1388
3,1519,1522,0.1388
3,1519,1522,0.1388
3,1505,1508,0.1388
3,1510,1513,0.1388
3,1517,1520,0.1388
3,1510,1513,0.1388
3,1515,1518,0.1388
3,1517,1520,0.1388
3,1514,1517,0.1388
2,1519,1521,0.1388
2,1524,1526,0.1388
2,1510,1512,0.1388
2,1518,1520,0.1388
2,1525,1527,0.1388
2,1521,1523,0.1388
2,1514,1516,0.1388
2,1507,1509,0.1388
2,1506,1508,0.1388
2,1505,1507,0.1388
2,1510,1512,0.1388
1,1514,1515,0.1388
1,1512,1513,0.1388
1,1507,1508,0.1388
1,1506,1507,0.1388
1,1518,1519,0.1388
1,1512,1513,0.1388
1,1522,1523,0.1388
1,1520,1521,0.1388
1,1510,1511,0.1388
1,1512,1513,0.1388
1,1518,1519,0.1388
1,1525,1526,0.1388
1,1507,1508,0.1388
1,1506,1507,0.1388
1,1504,1505,0.1388
1,1492,1493,0.1388
1,1505,1506,0.1388
1,1518,1519,0.1388
1,1514,1515,0.1388
2,1514,1516,0.1388
2,1511,1513,0.1388
2,1505,1507,0.1388
2,1510,1512,0.1388
2,1510,1512,0.1388
2,1516,1518,0.1388
2,1518,1520,0.1388
2,1507,1509,0.1388
2,1508,1510,0.1388
2,1494,1496,0.1388
2,1503,1505,0.1388
2,1517,1519,0.1388
2,1516,1518,0.1388
2,1512,1514,0.1388
2,1519,1521,0.1388
2,1507,1509,0.1388
2,1520,1522,0.1388
2,1515,1517,0.1388
2,1515,1517,0.1388
2,1524,1526,0.1388
2,1519,1521,0.1388
2,1510,1512,0.1388
2,1501,1503,0.1388
2,1516,1518,0.1388
3,1508,1511,0.1388
3,1517,1520,0.1388
3,1518,1521,0.1388
3,1514,1517,0.1388
4,1528,1532,0.1388
4,1514,1518,0.1388
5,1510,1515,0.1388
5,1518,1523,0.1388
5,1522,1527,0.1388
5,1515,1520,0.1388
4,1513,1517,0.1388
5,1521,1526,0.1388
5,1516,1521,0.1388
5,1510,1515,0.1388
5,1501,1506,0.1388
5,1520,1525,0.1388
5,1516,1521,0.1388
5,1504,1509,0.1388
4,1510,1514,0.1388
4,1508,1512,0.1388
5,1497,1502,0.1388
5,1506,1511,0.1388
4,1512,1516,0.1388
4,1513,1517,0.1388
5,1510,1515,0.1388
4,1516,1520,0.1388
4,1518,1522,0.1388
4,1503,1507,0.1388
4,1490,1494,0.1388
4,1492,1496,0.1388
5,1500,1505,0.1388
6,1517,1523,0.1388
6,1490,1496,0.1388
6,1502,1508,0.1388
6,1503,1509,0.1388
6,1504,1510,0.1388
6,1484,1490,0.1388
6,1506,1512,0.1388
6,1523,1529,0.1388
7,1508,1515,0.1388
7,1500,1507,0.1388
6,1500,1506,0.1388
6,1494,1500,0.1388
6,1502,1508,0.1388
6,1510,1516,0.1388
6,1507,1513,0.1388
6,1516,1522,0.1388
6,1499,1505,0.1388
6,1498,1504,0.1388
6,1512,1518,0.1388
6,1509,1515,0.1388
6,1501,1507,0.1388
6,1498,1504,0.1388
6,1500,1506,0.1388
6,1497,1503,0.1388
5,1511,1516,0.1388
5,1507,1512,0.1388
5,1506,1511,0.1388
5,1520,1525,0.1388
5,1512,1517,0.1388
5,1511,1516,0.1388
5,1505,1510,0.1388
5,1514,1519,0.1388
4,1504,1508,0.1388
3,1515,1518,0.1388
3,1515,1518,0.1388
3,1514,1517,0.1388
3,1515,1518,0.1388
3,1517,1520,0.1388
3,1518,1521,0.1388
3,1514,1517,0.1388
3,1507,1510,0.1388
3,1512,1515,0.1388
3,1522,1525,0.1388
3,1521,1524,0.1388
3,1507,1510,0.1388
3,1509,1512,0.1388
3,1504,1507,0.1388
3,1503,1506,0.1388
3,1518,1521,0.1388
3,1526,1529,0.1388
4,1521,1525,0.1388
3,1503,1506,0.1388
3,1518,1521,0.1388
3,1513,1516,0.1388
3,1508,1511,0.1388
3,1511,1514,0.1388
3,1517,1520,0.1388
3,1513,1516,0.1388
3,1513,1516,0.1388
3,1522,1525,0.1388
3,1508,1511,0.1388
3,1506,1509,0.1388
3,1523,1526,0.1388
3,1521,1524,0.1388
3,1508,1511,0.1388
3,1509,1512,0.1388
3,1514,1517,0.1388
2,1516,1518,0.1388
4,1506,1510,0.1388
4,1515,1519,0.1388
4,1516,1520,0.1388
3,1515,1518,0.1388
3,1517,1520,0.1388
3,1524,1527,0.1388
2,1504,1506,0.1388
2,1501,1503,0.1388
4,1517,1521,0.1388
4,1530,1534,0.1388
4,1526,1530,0.1388
4,1526,1530,0.1388
5,1520,1525,0.1388
5,1520,1525,0.1388
5,1522,1527,0.1388
5,1509,1514,0.1388
5,1515,1520,0.1388
4,1515,1519,0.1388
5,1503,1508,0.1388
5,1511,1516,0.1388
5,1527,1532,0.1388
5,1522,1527,0.1388
5,1524,1529,0.1388
5,1522,1527,0.1388
4,1524,1528,0.1388
3,1504,1507,0.1388
4,1506,1510,0.1388
4,1505,1509,0.1388
4,1512,1516,0.1388
4,1500,1504,0.1388
4,1502,1506,0.1388
4,1500,1504,0.1388
4,1501,1505,0.1388
4,1514,1518,0.1388
4,1504,1508,0.1388
4,1508,1512,0.1388
4,1512,1516,0.1388
4,1507,1511,0.1388
4,1506,1510,0.1388
4,1512,1516,0.1388
4,1517,1521,0.1388
4,1515,1519,0.1388
4,1513,1517,0.1388
4,1506,1510,0.1388
4,1501,1505,0.1388
4,1502,1506,0.1388
3,1507,1510,0.1388
2,1505,1507,0.1388
4,1504,1508,0.1388
4,1500,1504,0.1388
4,1510,1514,0.1388
3,1515,1518,0.1388
3,1507,1510,0.1388
3,1501,1504,0.1388
3,1513,1516,0.1388
3,1504,1507,0.1388
3,1505,1508,0.1388
3,1517,1520,0.1388
3,1518,1521,0.1388
3,1509,1512,0.1388
3,1523,1526,0.1388
3,1516,1519,0.1388
3,1510,1513,0.1388
3,1498,1501,0.1388
3,1500,1503,0.1388
3,1502,1505,0.1388
3,1515,1518,0.1388
3,1516,1519,0.1388
3,1519,1522,0.1388
3,1521,1524,0.1388
3,1511,1514,0.1388
3,1508,1511,0.1388
3,1494,1497,0.1388
3,1499,1502,0.1388
3,1496,1499,0.1388
3,1507,1510,0.1388
3,1521,1524,0.1388
3,1513,1516,0.1388
3,1511,1514,0.1388
3,1521,1524,0.1388
3,1508,1511,0.1388
3,1506,1509,0.1388
4,1514,1518,0.1388
3,1520,1523,0.1388
3,1532,1535,0.1388
3,1523,1526,0.1388
2,1536,1538,0.1388
2,1529,1531,0.1388
2,1517,1519,0.1388
1,1511,1512,0.1388
1,1510,1511,0.1388
1,1518,1519,0.1388
1,1511,1512,0.1388
1,1511,1512,0.1388
1,1509,1510,0.1388
1,1514,1515,0.1388
1,1523,1524,0.1388
1,1527,1528,0.1388
1,1524,1525,0.1388
1,1520,1521,0.1388
1,1523,1524,0.1388
1,1519,1520,0.1388
1,1524,1525,0.1388
1,1523,1524,0.1388
1,1526,1527,0.1388
1,1528,1529,0.1388
2,1517,1519,0.1388
2,1514,1516,0.1388
2,1524,1526,0.1388
2,1502,1504,0.1388
1,1506,1507,0.1388
1,1507,1508,0.1388
1,1514,1515,0.1388
1,1525,1526,0.1388
1,1516,1517,0.1388
1,1515,1516,0.1388
1,1513,1514,0.1388
1,1509,1510,0.1388
1,1516,1517,0.1388
1,1514,1515,0.1388
1,1514,1515,0.1388
1,1528,1529,0.1388
1,1528,1529,0.1388
1,1514,1515,0.1388
1,1503,1504,0.1388
0,1513,1513,0.1388
