1381,25,1406,0.1388
1413,26,1439,0.1388
1432,28,1460,0.1388
1452,27,1479,0.1388
1443,28,1471,0.1388
1470,31,1501,0.1388
1476,32,1508,0.1388
1467,32,1499,0.1388
1466,31,1497,0.1388
1478,32,1510,0.1388
1464,32,1496,0.1388
1463,35,1498,0.1388
1471,33,1504,0.1388
1468,32,1500,0.1388
1459,32,1491,0.1388
1457,33,1490,0.1388
1458,33,1491,0.1388
1463,33,1496,0.1388
1470,33,1503,0.1388
1464,33,1497,0.1388
1460,34,1494,0.1388
1454,34,1488,0.1388
1454,34,1488,0.1388
1456,34,1490,0.1388
1455,36,1491,0.1388
1458,35,1493,0.1388
1446,36,1482,0.1388
1450,36,1486,0.1388
1461,36,1497,0.1388
1470,36,1506,0.1388
1470,38,1508,0.1388
1458,37,1495,0.1388
1475,36,1511,0.1388
1475,32,1507,0.1388
1469,32,1501,0.1388
1473,33,1506,0.1388
1464,33,1497,0.1388
1457,32,1489,0.1388
1454,33,1487,0.1388
1452,36,1488,0.1388
1437,34,1471,0.1388
1447,35,1482,0.1388
1454,35,1489,0.1388
1439,35,1474,0.1388
1459,33,1492,0.1388
1472,34,1506,0.1388
1471,35,1506,0.1388
1475,32,1507,0.1388
1479,33,1512,0.1388
1465,34,1499,0.1388
1477,35,1512,0.1388
1465,35,1500,0.1388
1447,37,1484,0.1388
1459,37,1496,0.1388
1464,37,1501,0.1388
1445,38,1483,0.1388
1458,37,1495,0.1388
1469,36,1505,0.1388
1471,37,1508,0.1388
1451,37,1488,0.1388
1463,37,1500,0.1388
1468,36,1504,0.1388
1472,36,1508,0.1388
1474,34,1508,0.1388
1477,36,1513,0.1388
1480,34,1514,0.1388
1473,34,1507,0.1388
1458,34,1492,0.1388
1459,35,1494,0.1388
1446,37,1483,0.1388
1451,38,1489,0.1388
1435,41,1476,0.1388
1447,44,1491,0.1388
1446,43,1489,0.1388
1443,44,1487,0.1388
1446,47,1493,0.1388
1424,49,1473,0.1388
1435,48,1483,0.1388
1442,48,1490,0.1388
1436,49,1485,0.1388
1424,50,1474,0.1388
1435,49,1484,0.1388
1437,50,1487,0.1388
1425,51,1476,0.1388
1427,51,1478,0.1388
1441,51,1492,0.1388
1457,50,1507,0.1388
1448,52,1500,0.1388
1447,51,1498,0.1388
1431,51,1482,0.1388
1434,51,1485,0.1388
1434,48,1482,0.1388
1425,49,1474,0.1388
1412,48,1460,0.1388
1434,51,1485,0.1388
1445,51,1496,0.1388
1454,51,1505,0.1388
1440,54,1494,0.1388
1433,54,1487,0.1388
1432,53,1485,0.1388
1441,53,1494,0.1388
1446,53,1499,0.1388
1446,51,1497,0.1388
1443,51,1494,0.1388
1448,50,1498,0.1388
1449,50,1499,0.1388
1460,50,1510,0.1388
1436,50,1486,0.1388
1443,50,1493,0.1388
1444,47,1491,0.1388
1448,47,1495,0.1388
1438,49,1487,0.1388
1437,48,1485,0.1388
1431,50,1481,0.1388
1435,49,1484,0.1388
1444,50,1494,0.1388
1439,52,1491,0.1388
1440,53,1493,0.1388
1432,54,1486,0.1388
1444,52,1496,0.1388
1440,53,1493,0.1388
1447,54,1501,0.1388
1448,55,1503,0.1388
1453,55,1508,0.1388
1457,57,1514,0.1388
1454,57,1511,0.1388
1446,59,1505,0.1388
1446,61,1507,0.1388
1443,62,1505,0.1388
1428,59,1487,0.1388
1426,60,1486,0.1388
1424,62,1486,0.1388
1423,59,1482,0.1388
1436,62,1498,0.1388
1428,60,1488,0.1388
1425,60,1485,0.1388
1429,59,1488,0.1388
1432,57,1489,0.1388
1430,59,1489,0.1388
1428,60,1488,0.1388
1408,59,1467,0.1388
1403,59,1462,0.1388
1414,56,1470,0.1388
1425,60,1485,0.1388
1419,62,1481,0.1388
1422,64,1486,0.1388
1421,62,1483,0.1388
1421,65,1486,0.1388
1422,67,1489,0.1388
1420,70,1490,0.1388
1413,69,1482,0.1388
1416,67,1483,0.1388
1409,70,1479,0.1388
1421,69,1490,0.1388
1427,71,1498,0.1388
1425,74,1499,0.1388
1425,75,1500,0.1388
1414,73,1487,0.1388
1418,76,1494,0.1388
1420,74,1494,0.1388
1421,73,1494,0.1388
1418,74,1492,0.1388
1413,74,1487,0.1388
1426,73,1499,0.1388
1430,74,1504,0.1388
1423,73,1496,0.1388
1414,73,1487,0.1388
1414,75,1489,0.1388
1424,77,1501,0.1388
1436,77,1513,0.1388
1427,75,1502,0.1388
1419,72,1491,0.1388
1419,75,1494,0.1388
1431,74,1505,0.1388
1419,73,1492,0.1388
1417,70,1487,0.1388
1413,70,1483,0.1388
1421,73,1494,0.1388
1406,73,1479,0.1388
1418,74,1492,0.1388
1416,75,1491,0.1388
1427,77,1504,0.1388
1414,82,1496,0.1388
1424,79,1503,0.1388
1423,79,1502,0.1388
1428,80,1508,0.1388
1419,80,1499,0.1388
1420,84,1504,0.1388
1418,83,1501,0.1388
1412,83,1495,0.1388
1411,84,1495,0.1388
1402,83,1485,0.1388
1420,81,1501,0.1388
1423,77,1500,0.1388
1421,79,1500,0.1388
1404,81,1485,0.1388
1408,84,1492,0.1388
1402,83,1485,0.1388
1436,85,1521,0.1388
1440,88,1528,0.1388
1433,85,1518,0.1388
1430,85,1515,0.1388
1424,85,1509,0.1388
1414,84,1498,0.1388
1404,81,1485,0.1388
1405,79,1484,0.1388
1408,82,1490,0.1388
1407,81,1488,0.1388
1410,83,1493,0.1388
1425,87,1512,0.1388
1424,86,1510,0.1388
1426,88,1514,0.1388
1425,89,1514,0.1388
1418,94,1512,0.1388
1405,93,1498,0.1388
1395,97,1492,0.1388
1401,94,1495,0.1388
1400,95,1495,0.1388
1403,95,1498,0.1388
1400,97,1497,0.1388
1398,95,1493,0.1388
1395,97,1492,0.1388
1392,99,1491,0.1388
1390,98,1488,0.1388
1389,101,1490,0.1388
1391,101,1492,0.1388
1398,96,1494,0.1388
1399,94,1493,0.1388
1384,94,1478,0.1388
1384,99,1483,0.1388
1383,99,1482,0.1388
1396,99,1495,0.1388
1399,99,1498,0.1388
1391,102,1493,0.1388
1379,105,1484,0.1388
1375,105,1480,0.1388
1365,108,1473,0.1388
1369,107,1476,0.1388
1369,107,1476,0.1388
1373,106,1479,0.1388
1386,106,1492,0.1388
1388,110,1498,0.1388
1384,107,1491,0.1388
1378,109,1487,0.1388
1383,110,1493,0.1388
1371,107,1478,0.1388
1376,104,1480,0.1388
1373,103,1476,0.1388
1380,102,1482,0.1388
1382,101,1483,0.1388
1394,101,1495,0.1388
1396,105,1501,0.1388
1394,102,1496,0.1388
1394,100,1494,0.1388
1399,98,1497,0.1388
1402,99,1501,0.1388
1405,101,1506,0.1388
1404,101,1505,0.1388
1407,101,1508,0.1388
1389,103,1492,0.1388
1399,100,1499,0.1388
1403,98,1501,0.1388
1403,100,1503,0.1388
1416,99,1515,0.1388
1406,98,1504,0.1388
1390,103,1493,0.1388
1391,103,1494,0.1388
1398,104,1502,0.1388
1385,102,1487,0.1388
1384,105,1489,0.1388
1379,108,1487,0.1388
1394,112,1506,0.1388
1380,113,1493,0.1388
1372,114,1486,0.1388
1378,115,1493,0.1388
1383,114,1497,0.1388
1371,116,1487,0.1388
1379,113,1492,0.1388
1378,108,1486,0.1388
1384,111,1495,0.1388
1382,110,1492,0.1388
1378,111,1489,0.1388
1386,116,1502,0.1388
1371,113,1484,0.1388
1378,112,1490,0.1388
1365,113,1478,0.1388
1368,113,1481,0.1388
1368,116,1484,0.1388
1349,117,1466,0.1388
1377,119,1496,0.1388
1378,119,1497,0.1388
1367,117,1484,0.1388
1384,118,1502,0.1388
1375,116,1491,0.1388
1371,114,1485,0.1388
1382,112,1494,0.1388
1382,122,1504,0.1388
1379,120,1499,0.1388
1375,121,1496,0.1388
1373,122,1495,0.1388
1358,124,1482,0.1388
1360,121,1481,0.1388
1348,121,1469,0.1388
1358,119,1477,0.1388
1358,124,1482,0.1388
1357,122,1479,0.1388
1361,128,1489,0.1388
1373,130,1503,0.1388
1374,130,1504,0.1388
1377,138,1515,0.1388
1368,133,1501,0.1388
1369,136,1505,0.1388
1366,136,1502,0.1388
1361,139,1500,0.1388
1352,137,1489,0.1388
1342,140,1482,0.1388
1361,136,1497,0.1388
1359,134,1493,0.1388
1362,130,1492,0.1388
1362,132,1494,0.1388
1351,132,1483,0.1388
1350,131,1481,0.1388
1336,129,1465,0.1388
1332,133,1465,0.1388
1335,136,1471,0.1388
1329,136,1465,0.1388
1341,135,1476,0.1388
1352,139,1491,0.1388
1360,137,1497,0.1388
1361,139,1500,0.1388
1372,139,1511,0.1388
1368,138,1506,0.1388
1355,137,1492,0.1388
1353,138,1491,0.1388
1355,138,1493,0.1388
1356,138,1494,0.1388
1359,141,1500,0.1388
1352,141,1493,0.1388
1342,143,1485,0.1388
1335,145,1480,0.1388
1338,141,1479,0.1388
1349,137,1486,0.1388
1362,141,1503,0.1388
1350,146,1496,0.1388
1343,146,1489,0.1388
1338,140,1478,0.1388
1339,142,1481,0.1388
1335,140,1475,0.1388
1339,142,1481,0.1388
1338,143,1481,0.1388
1347,141,1488,0.1388
1359,140,1499,0.1388
1348,142,1490,0.1388
1359,144,1503,0.1388
1371,148,1519,0.1388
1370,144,1514,0.1388
1373,145,1518,0.1388
1357,143,1500,0.1388
1367,146,1513,0.1388
1369,145,1514,0.1388
1359,142,1501,0.1388
1350,143,1493,0.1388
1362,147,1509,0.1388
1372,150,1522,0.1388
1362,146,1508,0.1388
1352,146,1498,0.1388
1356,144,1500,0.1388
1349,144,1493,0.1388
1348,142,1490,0.1388
1354,143,1497,0.1388
1366,142,1508,0.1388
1366,141,1507,0.1388
1351,138,1489,0.1388
1356,143,1499,0.1388
1360,143,1503,0.1388
1357,145,1502,0.1388
1363,144,1507,0.1388
1359,145,1504,0.1388
1363,141,1504,0.1388
1351,137,1488,0.1388
1364,136,1500,0.1388
1366,141,1507,0.1388
1360,141,1501,0.1388
1356,145,1501,0.1388
1352,146,1498,0.1388
1361,145,1506,0.1388
1363,148,1511,0.1388
1350,151,1501,0.1388
1343,147,1490,0.1388
1346,147,1493,0.1388
1350,149,1499,0.1388
1357,146,1503,0.1388
1355,149,1504,0.1388
1346,153,1499,0.1388
1340,152,1492,0.1388
1345,152,1497,0.1388
1356,147,1503,0.1388
1351,150,1501,0.1388
1353,150,1503,0.1388
1337,152,1489,0.1388
1335,150,1485,0.1388
1336,151,1487,0.1388
1336,153,1489,0.1388
1329,156,1485,0.1388
1335,159,1494,0.1388
1346,153,1499,0.1388
1332,153,1485,0.1388
1337,161,1498,0.1388
1324,164,1488,0.1388
1313,161,1474,0.1388
1318,160,1478,0.1388
1320,156,1476,0.1388
1330,157,1487,0.1388
1314,165,1479,0.1388
1317,162,1479,0.1388
1341,164,1505,0.1388
1325,159,1484,0.1388
1325,163,1488,0.1388
1333,158,1491,0.1388
1343,158,1501,0.1388
1352,164,1516,0.1388
1348,164,1512,0.1388
1341,166,1507,0.1388
1335,164,1499,0.1388
1336,164,1500,0.1388
1321,162,1483,0.1388
1326,159,1485,0.1388
1335,165,1500,0.1388
1330,165,1495,0.1388
1333,170,1503,0.1388
1334,171,1505,0.1388
1330,174,1504,0.1388
1330,170,1500,0.1388
1317,168,1485,0.1388
1323,172,1495,0.1388
1333,171,1504,0.1388
1339,168,1507,0.1388
1335,171,1506,0.1388
1326,165,1491,0.1388
1328,167,1495,0.1388
1333,169,1502,0.1388
1337,168,1505,0.1388
1332,169,1501,0.1388
1330,169,1499,0.1388
1335,169,1504,0.1388
1331,168,1499,0.1388
1336,170,1506,0.1388
1331,174,1505,0.1388
1330,174,1504,0.1388
1329,175,1504,0.1388
1332,179,1511,0.1388
1333,178,1511,0.1388
1326,174,1500,0.1388
1313,181,1494,0.1388
1312,182,1494,0.1388
1312,182,1494,0.1388
1304,182,1486,0.1388
1311,185,1496,0.1388
1305,185,1490,0.1388
1308,185,1493,0.1388
1305,187,1492,0.1388
1307,188,1495,0.1388
1315,192,1507,0.1388
1317,194,1511,0.1388
1309,192,1501,0.1388
1307,190,1497,0.1388
1309,194,1503,0.1388
1302,201,1503,0.1388
1313,203,1516,0.1388
1305,204,1509,0.1388
1310,203,1513,0.1388
1310,202,1512,0.1388
1304,201,1505,0.1388
1287,202,1489,0.1388
1294,206,1500,0.1388
1294,207,1501,0.1388
1290,207,1497,0.1388
1295,208,1503,0.1388
1285,202,1487,0.1388
1288,200,1488,0.1388
1289,197,1486,0.1388
1297,199,1496,0.1388
1291,207,1498,0.1388
1296,211,1507,0.1388
1295,208,1503,0.1388
1296,209,1505,0.1388
1290,205,1495,0.1388
1295,208,1503,0.1388
1288,211,1499,0.1388
1277,217,1494,0.1388
1282,214,1496,0.1388
1280,214,1494,0.1388
1272,218,1490,0.1388
1286,217,1503,0.1388
1282,215,1497,0.1388
1291,220,1511,0.1388
1290,217,1507,0.1388
1275,216,1491,0.1388
1275,215,1490,0.1388
1266,218,1484,0.1388
1265,222,1487,0.1388
1263,229,1492,0.1388
1254,226,1480,0.1388
1262,227,1489,0.1388
1251,230,1481,0.1388
1269,232,1501,0.1388
1275,232,1507,0.1388
1264,235,1499,0.1388
1255,245,1500,0.1388
1253,240,1493,0.1388
1260,234,1494,0.1388
1248,238,1486,0.1388
1265,235,1500,0.1388
1262,235,1497,0.1388
1255,235,1490,0.1388
1264,231,1495,0.1388
1266,233,1499,0.1388
1269,242,1511,0.1388
1270,237,1507,0.1388
1259,233,1492,0.1388
1264,229,1493,0.1388
1270,228,1498,0.1388
1264,232,1496,0.1388
1269,225,1494,0.1388
1281,225,1506,0.1388
1283,226,1509,0.1388
1278,227,1505,0.1388
1285,226,1511,0.1388
1271,226,1497,0.1388
1261,232,1493,0.1388
1270,232,1502,0.1388
1267,234,1501,0.1388
1267,238,1505,0.1388
1265,239,1504,0.1388
1261,237,1498,0.1388
1254,240,1494,0.1388
1270,230,1500,0.1388
1270,228,1498,0.1388
1253,227,1480,0.1388
1253,227,1480,0.1388
1254,223,1477,0.1388
1259,229,1488,0.1388
1257,230,1487,0.1388
1256,234,1490,0.1388
1264,234,1498,0.1388
1261,235,1496,0.1388
1261,242,1503,0.1388
1253,245,1498,0.1388
1254,243,1497,0.1388
1269,248,1517,0.1388
1264,247,1511,0.1388
1263,243,1506,0.1388
1251,247,1498,0.1388
1245,248,1493,0.1388
1243,253,1496,0.1388
1244,252,1496,0.1388
1244,254,1498,0.1388
1243,255,1498,0.1388
1243,256,1499,0.1388
1233,252,1485,0.1388
1232,254,1486,0.1388
1223,255,1478,0.1388
1233,259,1492,0.1388
1242,259,1501,0.1388
1238,260,1498,0.1388
1234,258,1492,0.1388
1242,259,1501,0.1388
1228,256,1484,0.1388
1229,257,1486,0.1388
1244,256,1500,0.1388
1237,260,1497,0.1388
1226,260,1486,0.1388
1232,260,1492,0.1388
1230,262,1492,0.1388
1220,264,1484,0.1388
1219,265,1484,0.1388
1225,265,1490,0.1388
1225,268,1493,0.1388
1225,262,1487,0.1388
1227,265,1492,0.1388
1212,264,1476,0.1388
1222,265,1487,0.1388
1218,261,1479,0.1388
1229,253,1482,0.1388
1235,255,1490,0.1388
1245,254,1499,0.1388
1250,252,1502,0.1388
1239,252,1491,0.1388
1244,251,1495,0.1388
1231,254,1485,0.1388
1223,256,1479,0.1388
1213,254,1467,0.1388
1222,266,1488,0.1388
1221,267,1488,0.1388
1232,266,1498,0.1388
1235,271,1506,0.1388
1239,265,1504,0.1388
1242,269,1511,0.1388
1233,270,1503,0.1388
1230,268,1498,0.1388
1228,268,1496,0.1388
1211,274,1485,0.1388
1228,277,1505,0.1388
1218,278,1496,0.1388
1218,279,1497,0.1388
1218,284,1502,0.1388
1214,283,1497,0.1388
1207,281,1488,0.1388
1201,287,1488,0.1388
1200,287,1487,0.1388
1201,283,1484,0.1388
1204,281,1485,0.1388
1208,279,1487,0.1388
1202,282,1484,0.1388
1210,290,1500,0.1388
1200,287,1487,0.1388
1200,283,1483,0.1388
1204,282,1486,0.1388
1192,284,1476,0.1388
1206,277,1483,0.1388
1209,285,1494,0.1388
1214,285,1499,0.1388
1217,291,1508,0.1388
1214,290,1504,0.1388
1223,290,1513,0.1388
1225,292,1517,0.1388
1221,290,1511,0.1388
1225,295,1520,0.1388
1225,286,1511,0.1388
1221,289,1510,0.1388
1217,292,1509,0.1388
1216,295,1511,0.1388
1210,293,1503,0.1388
1199,301,1500,0.1388
1199,304,1503,0.1388
1213,304,1517,0.1388
1219,298,1517,0.1388
1219,291,1510,0.1388
1214,289,1503,0.1388
1211,291,1502,0.1388
1211,297,1508,0.1388
1214,293,1507,0.1388
1207,295,1502,0.1388
1204,293,1497,0.1388
1208,298,1506,0.1388
1208,292,1500,0.1388
1209,295,1504,0.1388
1198,295,1493,0.1388
1194,289,1483,0.1388
1201,293,1494,0.1388
1207,295,1502,0.1388
1201,295,1496,0.1388
1199,293,1492,0.1388
1199,295,1494,0.1388
1189,299,1488,0.1388
1182,299,1481,0.1388
1171,301,1472,0.1388
1182,303,1485,0.1388
1187,300,1487,0.1388
1197,309,1506,0.1388
1202,308,1510,0.1388
1197,310,1507,0.1388
1198,305,1503,0.1388
1193,304,1497,0.1388
1198,301,1499,0.1388
1196,306,1502,0.1388
1201,307,1508,0.1388
1193,310,1503,0.1388
1193,313,1506,0.1388
1204,308,1512,0.1388
1198,308,1506,0.1388
1200,307,1507,0.1388
1185,311,1496,0.1388
1183,313,1496,0.1388
1189,313,1502,0.1388
1184,321,1505,0.1388
1180,317,1497,0.1388
1172,317,1489,0.1388
1182,316,1498,0.1388
1186,314,1500,0.1388
1182,315,1497,0.1388
1186,320,1506,0.1388
1184,329,1513,0.1388
1191,329,1520,0.1388
1178,329,1507,0.1388
1172,327,1499,0.1388
1169,323,1492,0.1388
1174,322,1496,0.1388
1161,320,1481,0.1388
1169,313,1482,0.1388
1173,311,1484,0.1388
1171,310,1481,0.1388
1162,319,1481,0.1388
1161,326,1487,0.1388
1160,327,1487,0.1388
1157,331,1488,0.1388
1167,331,1498,0.1388
1170,330,1500,0.1388
1161,332,1493,0.1388
1161,329,1490,0.1388
1158,332,1490,0.1388
1161,338,1499,0.1388
1156,335,1491,0.1388
1160,342,1502,0.1388
1156,340,1496,0.1388
1161,341,1502,0.1388
1167,333,1500,0.1388
1159,333,1492,0.1388
1167,337,1504,0.1388
1165,334,1499,0.1388
1163,331,1494,0.1388
1157,334,1491,0.1388
1155,334,1489,0.1388
1154,338,1492,0.1388
1160,337,1497,0.1388
1143,347,1490,0.1388
1149,349,1498,0.1388
1143,348,1491,0.1388
1141,345,1486,0.1388
1147,345,1492,0.1388
1147,354,1501,0.1388
1155,344,1499,0.1388
1163,348,1511,0.1388
1149,346,1495,0.1388
1144,343,1487,0.1388
1139,345,1484,0.1388
1146,349,1495,0.1388
1151,348,1499,0.1388
1151,351,1502,0.1388
1152,357,1509,0.1388
1149,365,1514,0.1388
1139,364,1503,0.1388
1130,366,1496,0.1388
1136,356,1492,0.1388
1142,354,1496,0.1388
1151,357,1508,0.1388
1147,363,1510,0.1388
1140,367,1507,0.1388
1139,367,1506,0.1388
1140,366,1506,0.1388
1154,361,1515,0.1388
1145,360,1505,0.1388
1138,356,1494,0.1388
1135,355,1490,0.1388
1141,354,1495,0.1388
1132,357,1489,0.1388
1118,362,1480,0.1388
1123,355,1478,0.1388
1132,355,1487,0.1388
1135,355,1490,0.1388
1131,364,1495,0.1388
1148,369,1517,0.1388
1153,366,1519,0.1388
1136,371,1507,0.1388
1140,369,1509,0.1388
1135,364,1499,0.1388
1131,365,1496,0.1388
1140,364,1504,0.1388
1138,370,1508,0.1388
1144,368,1512,0.1388
1129,365,1494,0.1388
1136,360,1496,0.1388
1124,360,1484,0.1388
1123,367,1490,0.1388
1115,363,1478,0.1388
1118,361,1479,0.1388
1125,368,1493,0.1388
1124,362,1486,0.1388
1112,370,1482,0.1388
1116,364,1480,0.1388
1123,366,1489,0.1388
1119,369,1488,0.1388
1118,371,1489,0.1388
1120,371,1491,0.1388
1113,376,1489,0.1388
1116,379,1495,0.1388
1123,380,1503,0.1388
1118,380,1498,0.1388
1111,383,1494,0.1388
1114,386,1500,0.1388
1124,382,1506,0.1388
1120,382,1502,0.1388
1117,387,1504,0.1388
1110,387,1497,0.1388
1104,379,1483,0.1388
1099,379,1478,0.1388
1111,380,1491,0.1388
1111,382,1493,0.1388
1116,382,1498,0.1388
1113,383,1496,0.1388
1112,383,1495,0.1388
1119,393,1512,0.1388
1116,382,1498,0.1388
1105,390,1495,0.1388
1105,397,1502,0.1388
1105,397,1502,0.1388
1105,399,1504,0.1388
1097,396,1493,0.1388
1092,396,1488,0.1388
1093,395,1488,0.1388
1094,385,1479,0.1388
1096,385,1481,0.1388
1109,392,1501,0.1388
1111,397,1508,0.1388
1103,397,1500,0.1388
1109,390,1499,0.1388
1103,385,1488,0.1388
1104,386,1490,0.1388
1107,383,1490,0.1388
1109,389,1498,0.1388
1096,395,1491,0.1388
1104,396,1500,0.1388
1108,393,1501,0.1388
1113,393,1506,0.1388
1107,398,1505,0.1388
1112,395,1507,0.1388
1112,400,1512,0.1388
1119,395,1514,0.1388
1109,394,1503,0.1388
1103,395,1498,0.1388
1099,394,1493,0.1388
1101,404,1505,0.1388
1104,404,1508,0.1388
1113,399,1512,0.1388
1106,401,1507,0.1388
1088,398,1486,0.1388
1079,401,1480,0.1388
1085,406,1491,0.1388
1091,411,1502,0.1388
1092,412,1504,0.1388
1090,415,1505,0.1388
1086,411,1497,0.1388
1071,410,1481,0.1388
1073,413,1486,0.1388
1075,418,1493,0.1388
1072,418,1490,0.1388
1077,419,1496,0.1388
1071,417,1488,0.1388
1070,417,1487,0.1388
1083,411,1494,0.1388
1070,423,1493,0.1388
1080,420,1500,0.1388
1081,418,1499,0.1388
1079,418,1497,0.1388
1066,418,1484,0.1388
1073,421,1494,0.1388
1076,428,1504,0.1388
1078,424,1502,0.1388
1062,429,1491,0.1388
1069,428,1497,0.1388
1057,423,1480,0.1388
1066,426,1492,0.1388
1051,435,1486,0.1388
1061,433,1494,0.1388
1062,434,1496,0.1388
1059,430,1489,0.1388
1055,428,1483,0.1388
1048,435,1483,0.1388
1045,437,1482,0.1388
1044,443,1487,0.1388
1039,451,1490,0.1388
1029,455,1484,0.1388
1034,458,1492,0.1388
1030,460,1490,0.1388
1025,452,1477,0.1388
1034,453,1487,0.1388
1043,451,1494,0.1388
1044,455,1499,0.1388
1046,452,1498,0.1388
1043,447,1490,0.1388
1052,448,1500,0.1388
1061,453,1514,0.1388
1053,459,1512,0.1388
1047,460,1507,0.1388
1045,453,1498,0.1388
1038,453,1491,0.1388
1041,449,1490,0.1388
1043,454,1497,0.1388
1039,456,1495,0.1388
1036,458,1494,0.1388
1036,462,1498,0.1388
1033,465,1498,0.1388
1040,479,1519,0.1388
1032,480,1512,0.1388
1027,478,1505,0.1388
1028,486,1514,0.1388
1028,482,1510,0.1388
1020,474,1494,0.1388
1025,476,1501,0.1388
1032,469,1501,0.1388
1028,475,1503,0.1388
1029,475,1504,0.1388
1025,474,1499,0.1388
1024,475,1499,0.1388
1017,479,1496,0.1388
1012,483,1495,0.1388
1022,495,1517,0.1388
1018,496,1514,0.1388
1022,493,1515,0.1388
1016,488,1504,0.1388
1016,489,1505,0.1388
1028,492,1520,0.1388
1023,496,1519,0.1388
1016,497,1513,0.1388
999,494,1493,0.1388
1012,497,1509,0.1388
1003,498,1501,0.1388
1001,498,1499,0.1388
1003,493,1496,0.1388
993,495,1488,0.1388
990,500,1490,0.1388
983,500,1483,0.1388
981,505,1486,0.1388
978,505,1483,0.1388
986,509,1495,0.1388
974,509,1483,0.1388
987,513,1500,0.1388
997,511,1508,0.1388
999,504,1503,0.1388
1000,506,1506,0.1388
997,507,1504,0.1388
994,508,1502,0.1388
1000,510,1510,0.1388
989,513,1502,0.1388
993,509,1502,0.1388
1008,506,1514,0.1388
1006,500,1506,0.1388
1003,501,1504,0.1388
1013,498,1511,0.1388
1013,499,1512,0.1388
1007,490,1497,0.1388
1007,491,1498,0.1388
1005,488,1493,0.1388
1008,502,1510,0.1388
994,502,1496,0.1388
1001,507,1508,0.1388
1001,505,1506,0.1388
986,506,1492,0.1388
986,521,1507,0.1388
997,516,1513,0.1388
994,521,1515,0.1388
990,519,1509,0.1388
991,527,1518,0.1388
986,531,1517,0.1388
980,526,1506,0.1388
980,521,1501,0.1388
972,524,1496,0.1388
977,526,1503,0.1388
980,524,1504,0.1388
974,518,1492,0.1388
964,523,1487,0.1388
963,524,1487,0.1388
964,531,1495,0.1388
956,538,1494,0.1388
962,539,1501,0.1388
956,539,1495,0.1388
958,544,1502,0.1388
960,548,1508,0.1388
952,542,1494,0.1388
956,545,1501,0.1388
959,543,1502,0.1388
948,538,1486,0.1388
954,547,1501,0.1388
949,552,1501,0.1388
944,551,1495,0.1388
941,554,1495,0.1388
941,556,1497,0.1388
940,559,1499,0.1388
937,560,1497,0.1388
931,571,1502,0.1388
935,578,1513,0.1388
934,577,1511,0.1388
928,570,1498,0.1388
923,569,1492,0.1388
925,569,1494,0.1388
913,574,1487,0.1388
916,577,1493,0.1388
915,582,1497,0.1388
920,584,1504,0.1388
918,582,1500,0.1388
907,575,1482,0.1388
921,578,1499,0.1388
920,592,1512,0.1388
920,586,1506,0.1388
918,584,1502,0.1388
907,584,1491,0.1388
910,592,1502,0.1388
913,593,1506,0.1388
911,602,1513,0.1388
910,611,1521,0.1388
900,617,1517,0.1388
902,608,1510,0.1388
897,612,1509,0.1388
897,612,1509,0.1388
895,610,1505,0.1388
890,609,1499,0.1388
910,610,1520,0.1388
906,607,1513,0.1388
900,606,1506,0.1388
900,604,1504,0.1388
906,607,1513,0.1388
913,618,1531,0.1388
899,618,1517,0.1388
891,622,1513,0.1388
888,621,1509,0.1388
889,618,1507,0.1388
885,632,1517,0.1388
885,626,1511,0.1388
876,622,1498,0.1388
870,630,1500,0.1388
884,618,1502,0.1388
893,619,1512,0.1388
890,603,1493,0.1388
879,607,1486,0.1388
876,608,1484,0.1388
880,608,1488,0.1388
884,614,1498,0.1388
886,606,1492,0.1388
871,622,1493,0.1388
861,627,1488,0.1388
878,618,1496,0.1388
885,625,1510,0.1388
883,624,1507,0.1388
870,629,1499,0.1388
873,624,1497,0.1388
874,632,1506,0.1388
874,630,1504,0.1388
874,633,1507,0.1388
869,636,1505,0.1388
866,646,1512,0.1388
854,650,1504,0.1388
850,648,1498,0.1388
853,654,1507,0.1388
854,649,1503,0.1388
857,654,1511,0.1388
861,648,1509,0.1388
858,653,1511,0.1388
854,649,1503,0.1388
857,652,1509,0.1388
852,655,1507,0.1388
844,656,1500,0.1388
850,659,1509,0.1388
849,661,1510,0.1388
849,668,1517,0.1388
840,662,1502,0.1388
831,671,1502,0.1388
831,672,1503,0.1388
837,671,1508,0.1388
826,670,1496,0.1388
833,674,1507,0.1388
829,681,1510,0.1388
822,679,1501,0.1388
817,674,1491,0.1388
825,667,1492,0.1388
817,669,1486,0.1388
826,681,1507,0.1388
825,670,1495,0.1388
821,651,1472,0.1388
816,675,1491,0.1388
815,678,1493,0.1388
812,675,1487,0.1388
820,683,1503,0.1388
825,679,1504,0.1388
822,677,1499,0.1388
825,680,1505,0.1388
824,687,1511,0.1388
828,684,1512,0.1388
835,680,1515,0.1388
834,679,1513,0.1388
834,683,1517,0.1388
824,690,1514,0.1388
825,677,1502,0.1388
827,683,1510,0.1388
828,685,1513,0.1388
825,682,1507,0.1388
826,675,1501,0.1388
819,678,1497,0.1388
816,676,1492,0.1388
820,681,1501,0.1388
821,686,1507,0.1388
825,692,1517,0.1388
822,689,1511,0.1388
819,688,1507,0.1388
819,690,1509,0.1388
823,687,1510,0.1388
827,686,1513,0.1388
830,688,1518,0.1388
833,682,1515,0.1388
831,687,1518,0.1388
834,687,1521,0.1388
828,685,1513,0.1388
822,680,1502,0.1388
822,681,1503,0.1388
826,681,1507,0.1388
824,689,1513,0.1388
822,684,1506,0.1388
831,680,1511,0.1388
824,677,1501,0.1388
815,687,1502,0.1388
810,687,1497,0.1388
820,694,1514,0.1388
830,693,1523,0.1388
822,696,1518,0.1388
813,692,1505,0.1388
817,690,1507,0.1388
804,687,1491,0.1388
809,691,1500,0.1388
805,695,1500,0.1388
808,683,1491,0.1388
814,684,1498,0.1388
826,685,1511,0.1388
825,673,1498,0.1388
818,684,1502,0.1388
816,686,1502,0.1388
825,681,1506,0.1388
818,688,1506,0.1388
817,689,1506,0.1388
816,693,1509,0.1388
820,693,1513,0.1388
822,691,1513,0.1388
816,693,1509,0.1388
817,692,1509,0.1388
821,699,1520,0.1388
819,701,1520,0.1388
821,697,1518,0.1388
818,701,1519,0.1388
811,707,1518,0.1388
817,708,1525,0.1388
824,706,1530,0.1388
805,708,1513,0.1388
811,707,1518,0.1388
807,705,1512,0.1388
800,706,1506,0.1388
787,701,1488,0.1388
781,710,1491,0.1388
791,711,1502,0.1388
794,702,1496,0.1388
794,708,1502,0.1388
792,719,1511,0.1388
793,714,1507,0.1388
790,721,1511,0.1388
783,729,1512,0.1388
785,724,1509,0.1388
780,727,1507,0.1388
789,729,1518,0.1388
785,728,1513,0.1388
782,725,1507,0.1388
777,725,1502,0.1388
778,721,1499,0.1388
784,724,1508,0.1388
775,721,1496,0.1388
774,728,1502,0.1388
779,729,1508,0.1388
784,733,1517,0.1388
778,734,1512,0.1388
782,728,1510,0.1388
794,727,1521,0.1388
797,720,1517,0.1388
786,721,1507,0.1388
787,718,1505,0.1388
782,725,1507,0.1388
773,719,1492,0.1388
780,716,1496,0.1388
784,719,1503,0.1388
780,712,1492,0.1388
776,710,1486,0.1388
773,702,1475,0.1388
775,706,1481,0.1388
769,712,1481,0.1388
770,718,1488,0.1388
784,735,1519,0.1388
780,728,1508,0.1388
783,741,1524,0.1388
780,737,1517,0.1388
784,733,1517,0.1388
778,736,1514,0.1388
774,737,1511,0.1388
778,748,1526,0.1388
778,751,1529,0.1388
772,748,1520,0.1388
767,753,1520,0.1388
762,762,1524,0.1388
768,752,1520,0.1388
767,752,1519,0.1388
759,762,1521,0.1388
751,759,1510,0.1388
746,763,1509,0.1388
748,752,1500,0.1388
751,751,1502,0.1388
738,749,1487,0.1388
741,759,1500,0.1388
738,757,1495,0.1388
747,763,1510,0.1388
742,769,1511,0.1388
738,775,1513,0.1388
733,770,1503,0.1388
734,769,1503,0.1388
726,772,1498,0.1388
730,767,1497,0.1388
725,771,1496,0.1388
737,770,1507,0.1388
740,777,1517,0.1388
735,785,1520,0.1388
728,787,1515,0.1388
729,783,1512,0.1388
733,773,1506,0.1388
734,776,1510,0.1388
737,770,1507,0.1388
734,764,1498,0.1388
729,764,1493,0.1388
727,780,1507,0.1388
730,779,1509,0.1388
726,776,1502,0.1388
725,769,1494,0.1388
719,764,1483,0.1388
715,776,1491,0.1388
717,772,1489,0.1388
719,781,1500,0.1388
714,782,1496,0.1388
700,785,1485,0.1388
699,776,1475,0.1388
693,787,1480,0.1388
685,784,1469,0.1388
685,786,1471,0.1388
684,791,1475,0.1388
692,799,1491,0.1388
686,809,1495,0.1388
693,807,1500,0.1388
698,806,1504,0.1388
694,798,1492,0.1388
693,809,1502,0.1388
703,812,1515,0.1388
695,816,1511,0.1388
689,813,1502,0.1388
687,821,1508,0.1388
696,818,1514,0.1388
700,827,1527,0.1388
691,824,1515,0.1388
692,827,1519,0.1388
684,839,1523,0.1388
671,816,1487,0.1388
674,819,1493,0.1388
678,825,1503,0.1388
674,836,1510,0.1388
667,840,1507,0.1388
670,841,1511,0.1388
666,844,1510,0.1388
663,849,1512,0.1388
666,844,1510,0.1388
665,843,1508,0.1388
669,842,1511,0.1388
658,835,1493,0.1388
651,841,1492,0.1388
655,849,1504,0.1388
658,856,1514,0.1388
656,852,1508,0.1388
654,845,1499,0.1388
658,851,1509,0.1388
652,856,1508,0.1388
654,854,1508,0.1388
655,861,1516,0.1388
657,861,1518,0.1388
655,841,1496,0.1388
656,849,1505,0.1388
654,855,1509,0.1388
652,856,1508,0.1388
653,863,1516,0.1388
643,864,1507,0.1388
642,870,1512,0.1388
654,878,1532,0.1388
651,870,1521,0.1388
650,875,1525,0.1388
643,875,1518,0.1388
639,868,1507,0.1388
639,863,1502,0.1388
639,860,1499,0.1388
628,863,1491,0.1388
625,877,1502,0.1388
627,888,1515,0.1388
617,887,1504,0.1388
617,896,1513,0.1388
616,885,1501,0.1388
616,892,1508,0.1388
616,886,1502,0.1388
611,895,1506,0.1388
610,908,1518,0.1388
613,908,1521,0.1388
606,907,1513,0.1388
604,907,1511,0.1388
604,899,1503,0.1388
599,901,1500,0.1388
603,893,1496,0.1388
604,907,1511,0.1388
600,913,1513,0.1388
598,925,1523,0.1388
597,920,1517,0.1388
582,903,1485,0.1388
595,913,1508,0.1388
589,918,1507,0.1388
595,920,1515,0.1388
586,931,1517,0.1388
578,929,1507,0.1388
581,929,1510,0.1388
584,926,1510,0.1388
587,938,1525,0.1388
580,940,1520,0.1388
575,936,1511,0.1388
584,933,1517,0.1388
588,919,1507,0.1388
584,923,1507,0.1388
576,936,1512,0.1388
572,931,1503,0.1388
575,920,1495,0.1388
569,926,1495,0.1388
575,937,1512,0.1388
571,934,1505,0.1388
579,938,1517,0.1388
569,931,1500,0.1388
571,928,1499,0.1388
570,931,1501,0.1388
575,932,1507,0.1388
568,935,1503,0.1388
569,940,1509,0.1388
578,929,1507,0.1388
580,935,1515,0.1388
589,932,1521,0.1388
584,936,1520,0.1388
585,925,1510,0.1388
584,932,1516,0.1388
587,914,1501,0.1388
590,919,1509,0.1388
586,919,1505,0.1388
585,922,1507,0.1388
597,922,1519,0.1388
600,925,1525,0.1388
588,921,1509,0.1388
590,930,1520,0.1388
580,927,1507,0.1388
577,922,1499,0.1388
579,922,1501,0.1388
574,926,1500,0.1388
575,927,1502,0.1388
582,934,1516,0.1388
583,927,1510,0.1388
582,928,1510,0.1388
582,925,1507,0.1388
589,932,1521,0.1388
579,923,1502,0.1388
576,919,1495,0.1388
572,916,1488,0.1388
572,926,1498,0.1388
578,937,1515,0.1388
573,935,1508,0.1388
570,936,1506,0.1388
570,936,1506,0.1388
572,940,1512,0.1388
572,943,1515,0.1388
566,934,1500,0.1388
560,947,1507,0.1388
552,949,1501,0.1388
549,960,1509,0.1388
547,955,1502,0.1388
540,952,1492,0.1388
546,954,1500,0.1388
542,960,1502,0.1388
552,968,1520,0.1388
545,958,1503,0.1388
542,956,1498,0.1388
548,956,1504,0.1388
544,967,1511,0.1388
537,975,1512,0.1388
538,964,1502,0.1388
536,964,1500,0.1388
529,967,1496,0.1388
541,969,1510,0.1388
535,968,1503,0.1388
538,983,1521,0.1388
534,980,1514,0.1388
532,972,1504,0.1388
535,957,1492,0.1388
534,967,1501,0.1388
538,973,1511,0.1388
537,966,1503,0.1388
541,980,1521,0.1388
539,981,1520,0.1388
542,977,1519,0.1388
540,974,1514,0.1388
536,979,1515,0.1388
537,980,1517,0.1388
528,971,1499,0.1388
536,975,1511,0.1388
538,973,1511,0.1388
528,972,1500,0.1388
525,976,1501,0.1388
523,991,1514,0.1388
529,987,1516,0.1388
528,986,1514,0.1388
531,990,1521,0.1388
525,994,1519,0.1388
530,994,1524,0.1388
525,982,1507,0.1388
521,981,1502,0.1388
517,984,1501,0.1388
522,983,1505,0.1388
521,985,1506,0.1388
523,988,1511,0.1388
523,995,1518,0.1388
512,978,1490,0.1388
511,978,1489,0.1388
513,985,1498,0.1388
519,995,1514,0.1388
523,993,1516,0.1388
521,998,1519,0.1388
516,993,1509,0.1388
521,1006,1527,0.1388
522,1014,1536,0.1388
512,1010,1522,0.1388
507,1001,1508,0.1388
508,995,1503,0.1388
517,988,1505,0.1388
514,995,1509,0.1388
516,999,1515,0.1388
513,994,1507,0.1388
508,994,1502,0.1388
503,995,1498,0.1388
505,1002,1507,0.1388
513,997,1510,0.1388
510,992,1502,0.1388
511,995,1506,0.1388
516,1004,1520,0.1388
518,1009,1527,0.1388
522,999,1521,0.1388
522,992,1514,0.1388
519,984,1503,0.1388
508,989,1497,0.1388
514,988,1502,0.1388
510,987,1497,0.1388
506,997,1503,0.1388
511,1000,1511,0.1388
515,997,1512,0.1388
519,997,1516,0.1388
523,999,1522,0.1388
522,1001,1523,0.1388
523,1009,1532,0.1388
520,1004,1524,0.1388
518,1005,1523,0.1388
513,1004,1517,0.1388
513,1009,1522,0.1388
510,1006,1516,0.1388
505,1014,1519,0.1388
510,1000,1510,0.1388
509,983,1492,0.1388
507,995,1502,0.1388
505,1009,1514,0.1388
503,1007,1510,0.1388
498,1013,1511,0.1388
493,1005,1498,0.1388
491,994,1485,0.1388
489,998,1487,0.1388
483,996,1479,0.1388
489,1000,1489,0.1388
492,1005,1497,0.1388
495,1022,1517,0.1388
496,1010,1506,0.1388
494,1020,1514,0.1388
490,1018,1508,0.1388
484,1015,1499,0.1388
476,1023,1499,0.1388
475,1030,1505,0.1388
471,1025,1496,0.1388
476,1034,1510,0.1388
479,1027,1506,0.1388
476,1031,1507,0.1388
477,1029,1506,0.1388
483,1040,1523,0.1388
473,1042,1515,0.1388
480,1032,1512,0.1388
480,1036,1516,0.1388
474,1027,1501,0.1388
467,1036,1503,0.1388
461,1035,1496,0.1388
454,1035,1489,0.1388
458,1022,1480,0.1388
466,1026,1492,0.1388
460,1042,1502,0.1388
462,1043,1505,0.1388
464,1039,1503,0.1388
463,1043,1506,0.1388
463,1033,1496,0.1388
454,1043,1497,0.1388
456,1044,1500,0.1388
464,1044,1508,0.1388
469,1037,1506,0.1388
471,1043,1514,0.1388
474,1043,1517,0.1388
465,1036,1501,0.1388
463,1031,1494,0.1388
465,1025,1490,0.1388
459,1050,1509,0.1388
458,1043,1501,0.1388
460,1047,1507,0.1388
455,1046,1501,0.1388
460,1040,1500,0.1388
456,1047,1503,0.1388
451,1041,1492,0.1388
448,1046,1494,0.1388
449,1049,1498,0.1388
457,1049,1506,0.1388
456,1054,1510,0.1388
452,1062,1514,0.1388
447,1070,1517,0.1388
447,1077,1524,0.1388
445,1078,1523,0.1388
436,1074,1510,0.1388
438,1067,1505,0.1388
439,1077,1516,0.1388
438,1076,1514,0.1388
445,1067,1512,0.1388
445,1075,1520,0.1388
441,1080,1521,0.1388
442,1081,1523,0.1388
442,1081,1523,0.1388
437,1083,1520,0.1388
437,1092,1529,0.1388
431,1083,1514,0.1388
437,1071,1508,0.1388
439,1086,1525,0.1388
438,1077,1515,0.1388
434,1081,1515,0.1388
437,1076,1513,0.1388
435,1086,1521,0.1388
438,1082,1520,0.1388
439,1089,1528,0.1388
430,1100,1530,0.1388
427,1106,1533,0.1388
422,1098,1520,0.1388
428,1096,1524,0.1388
424,1097,1521,0.1388
426,1107,1533,0.1388
422,1096,1518,0.1388
413,1084,1497,0.1388
410,1100,1510,0.1388
413,1098,1511,0.1388
415,1097,1512,0.1388
412,1094,1506,0.1388
409,1098,1507,0.1388
412,1094,1506,0.1388
407,1093,1500,0.1388
404,1097,1501,0.1388
407,1099,1506,0.1388
399,1100,1499,0.1388
398,1100,1498,0.1388
397,1113,1510,0.1388
398,1101,1499,0.1388
391,1108,1499,0.1388
389,1112,1501,0.1388
381,1117,1498,0.1388
380,1117,1497,0.1388
383,1127,1510,0.1388
382,1114,1496,0.1388
377,1103,1480,0.1388
379,1094,1473,0.1388
385,1110,1495,0.1388
378,1115,1493,0.1388
386,1121,1507,0.1388
394,1122,1516,0.1388
398,1122,1520,0.1388
393,1120,1513,0.1388
391,1113,1504,0.1388
386,1117,1503,0.1388
387,1120,1507,0.1388
391,1122,1513,0.1388
382,1125,1507,0.1388
388,1124,1512,0.1388
387,1126,1513,0.1388
391,1125,1516,0.1388
396,1107,1503,0.1388
394,1111,1505,0.1388
393,1114,1507,0.1388
391,1110,1501,0.1388
392,1113,1505,0.1388
386,1111,1497,0.1388
394,1103,1497,0.1388
390,1103,1493,0.1388
387,1099,1486,0.1388
388,1103,1491,0.1388
381,1107,1488,0.1388
382,1116,1498,0.1388
387,1124,1511,0.1388
397,1118,1515,0.1388
395,1123,1518,0.1388
398,1123,1521,0.1388
392,1114,1506,0.1388
386,1116,1502,0.1388
388,1116,1504,0.1388
389,1124,1513,0.1388
391,1124,1515,0.1388
384,1130,1514,0.1388
383,1134,1517,0.1388
380,1130,1510,0.1388
369,1125,1494,0.1388
371,1119,1490,0.1388
374,1126,1500,0.1388
377,1125,1502,0.1388
372,1135,1507,0.1388
369,1131,1500,0.1388
364,1144,1508,0.1388
363,1148,1511,0.1388
360,1156,1516,0.1388
359,1157,1516,0.1388
354,1150,1504,0.1388
359,1156,1515,0.1388
365,1151,1516,0.1388
363,1159,1522,0.1388
361,1164,1525,0.1388
356,1166,1522,0.1388
349,1149,1498,0.1388
340,1158,1498,0.1388
346,1150,1496,0.1388
345,1157,1502,0.1388
348,1154,1502,0.1388
351,1154,1505,0.1388
348,1165,1513,0.1388
349,1173,1522,0.1388
345,1168,1513,0.1388
338,1166,1504,0.1388
340,1176,1516,0.1388
334,1181,1515,0.1388
331,1180,1511,0.1388
329,1170,1499,0.1388
336,1168,1504,0.1388
335,1173,1508,0.1388
332,1172,1504,0.1388
328,1185,1513,0.1388
329,1197,1526,0.1388
327,1179,1506,0.1388
330,1188,1518,0.1388
325,1191,1516,0.1388
319,1183,1502,0.1388
316,1181,1497,0.1388
318,1188,1506,0.1388
315,1203,1518,0.1388
313,1195,1508,0.1388
312,1198,1510,0.1388
317,1189,1506,0.1388
319,1193,1512,0.1388
313,1209,1522,0.1388
312,1218,1530,0.1388
315,1214,1529,0.1388
317,1212,1529,0.1388
318,1211,1529,0.1388
319,1196,1515,0.1388
315,1200,1515,0.1388
315,1196,1511,0.1388
313,1190,1503,0.1388
315,1188,1503,0.1388
314,1197,1511,0.1388
310,1193,1503,0.1388
306,1198,1504,0.1388
303,1188,1491,0.1388
310,1192,1502,0.1388
312,1196,1508,0.1388
308,1204,1512,0.1388
309,1191,1500,0.1388
307,1194,1501,0.1388
312,1183,1495,0.1388
308,1182,1490,0.1388
310,1180,1490,0.1388
308,1183,1491,0.1388
317,1185,1502,0.1388
317,1192,1509,0.1388
321,1186,1507,0.1388
316,1188,1504,0.1388
319,1187,1506,0.1388
310,1185,1495,0.1388
316,1192,1508,0.1388
319,1182,1501,0.1388
313,1181,1494,0.1388
314,1181,1495,0.1388
314,1196,1510,0.1388
324,1183,1507,0.1388
326,1183,1509,0.1388
326,1187,1513,0.1388
319,1187,1506,0.1388
323,1188,1511,0.1388
329,1189,1518,0.1388
326,1183,1509,0.1388
328,1180,1508,0.1388
331,1178,1509,0.1388
324,1186,1510,0.1388
323,1185,1508,0.1388
322,1176,1498,0.1388
326,1188,1514,0.1388
321,1197,1518,0.1388
323,1185,1508,0.1388
326,1185,1511,0.1388
327,1191,1518,0.1388
321,1189,1510,0.1388
327,1189,1516,0.1388
333,1203,1536,0.1388
338,1196,1534,0.1388
339,1196,1535,0.1388
336,1200,1536,0.1388
333,1185,1518,0.1388
337,1185,1522,0.1388
337,1183,1520,0.1388
336,1183,1519,0.1388
334,1183,1517,0.1388
330,1169,1499,0.1388
334,1171,1505,0.1388
338,1162,1500,0.1388
338,1179,1517,0.1388
335,1184,1519,0.1388
338,1180,1518,0.1388
335,1170,1505,0.1388
334,1180,1514,0.1388
334,1184,1518,0.1388
335,1178,1513,0.1388
330,1189,1519,0.1388
328,1180,1508,0.1388
325,1178,1503,0.1388
330,1182,1512,0.1388
327,1188,1515,0.1388
323,1197,1520,0.1388
322,1180,1502,0.1388
324,1190,1514,0.1388
322,1193,1515,0.1388
325,1191,1516,0.1388
327,1191,1518,0.1388
333,1184,1517,0.1388
328,1178,1506,0.1388
328,1169,1497,0.1388
331,1173,1504,0.1388
321,1176,1497,0.1388
321,1169,1490,0.1388
322,1180,1502,0.1388
313,1188,1501,0.1388
317,1191,1508,0.1388
315,1191,1506,0.1388
323,1194,1517,0.1388
318,1196,1514,0.1388
314,1205,1519,0.1388
308,1200,1508,0.1388
309,1205,1514,0.1388
312,1204,1516,0.1388
315,1201,1516,0.1388
312,1209,1521,0.1388
308,1207,1515,0.1388
309,1195,1504,0.1388
312,1203,1515,0.1388
309,1191,1500,0.1388
311,1189,1500,0.1388
310,1200,1510,0.1388
308,1208,1516,0.1388
305,1200,1505,0.1388
297,1207,1504,0.1388
291,1201,1492,0.1388
305,1203,1508,0.1388
303,1211,1514,0.1388
303,1216,1519,0.1388
305,1213,1518,0.1388
302,1210,1512,0.1388
310,1203,1513,0.1388
306,1202,1508,0.1388
305,1209,1514,0.1388
300,1214,1514,0.1388
297,1214,1511,0.1388
299,1211,1510,0.1388
294,1222,1516,0.1388
295,1217,1512,0.1388
287,1230,1517,0.1388
286,1229,1515,0.1388
283,1233,1516,0.1388
288,1223,1511,0.1388
283,1223,1506,0.1388
272,1219,1491,0.1388
265,1231,1496,0.1388
270,1245,1515,0.1388
268,1248,1516,0.1388
270,1240,1510,0.1388
270,1244,1514,0.1388
271,1227,1498,0.1388
266,1237,1503,0.1388
263,1255,1518,0.1388
259,1250,1509,0.1388
263,1260,1523,0.1388
269,1239,1508,0.1388
270,1236,1506,0.1388
270,1231,1501,0.1388
274,1237,1511,0.1388
275,1248,1523,0.1388
274,1241,1515,0.1388
276,1226,1502,0.1388
275,1224,1499,0.1388
271,1229,1500,0.1388
273,1229,1502,0.1388
277,1236,1513,0.1388
278,1229,1507,0.1388
276,1242,1518,0.1388
284,1244,1528,0.1388
285,1230,1515,0.1388
287,1228,1515,0.1388
280,1235,1515,0.1388
282,1244,1526,0.1388
280,1238,1518,0.1388
280,1236,1516,0.1388
284,1232,1516,0.1388
280,1227,1507,0.1388
283,1227,1510,0.1388
283,1224,1507,0.1388
272,1230,1502,0.1388
271,1234,1505,0.1388
269,1239,1508,0.1388
269,1243,1512,0.1388
267,1240,1507,0.1388
270,1240,1510,0.1388
265,1236,1501,0.1388
263,1239,1502,0.1388
270,1245,1515,0.1388
272,1248,1520,0.1388
275,1245,1520,0.1388
277,1250,1527,0.1388
276,1255,1531,0.1388
276,1244,1520,0.1388
270,1238,1508,0.1388
268,1233,1501,0.1388
274,1227,1501,0.1388
271,1229,1500,0.1388
275,1227,1502,0.1388
273,1230,1503,0.1388
275,1226,1501,0.1388
271,1239,1510,0.1388
276,1241,1517,0.1388
278,1240,1518,0.1388
273,1241,1514,0.1388
272,1233,1505,0.1388
278,1236,1514,0.1388
274,1236,1510,0.1388
279,1247,1526,0.1388
282,1247,1529,0.1388
282,1253,1535,0.1388
281,1251,1532,0.1388
281,1242,1523,0.1388
282,1245,1527,0.1388
287,1240,1527,0.1388
284,1242,1526,0.1388
275,1237,1512,0.1388
270,1224,1494,0.1388
267,1239,1506,0.1388
268,1231,1499,0.1388
276,1239,1515,0.1388
274,1242,1516,0.1388
273,1232,1505,0.1388
273,1239,1512,0.1388
271,1236,1507,0.1388
267,1241,1508,0.1388
266,1235,1501,0.1388
264,1234,1498,0.1388
271,1234,1505,0.1388
274,1239,1513,0.1388
269,1245,1514,0.1388
274,1254,1528,0.1388
277,1247,1524,0.1388
272,1248,1520,0.1388
270,1237,1507,0.1388
274,1238,1512,0.1388
266,1254,1520,0.1388
269,1244,1513,0.1388
263,1234,1497,0.1388
259,1230,1489,0.1388
262,1222,1484,0.1388
258,1225,1483,0.1388
253,1225,1478,0.1388
257,1240,1497,0.1388
248,1252,1500,0.1388
251,1247,1498,0.1388
254,1249,1503,0.1388
250,1240,1490,0.1388
258,1241,1499,0.1388
254,1243,1497,0.1388
253,1253,1506,0.1388
257,1248,1505,0.1388
249,1245,1494,0.1388
254,1257,1511,0.1388
253,1265,1518,0.1388
252,1262,1514,0.1388
248,1265,1513,0.1388
248,1265,1513,0.1388
245,1267,1512,0.1388
238,1268,1506,0.1388
240,1272,1512,0.1388
243,1271,1514,0.1388
246,1279,1525,0.1388
242,1280,1522,0.1388
242,1277,1519,0.1388
242,1277,1519,0.1388
247,1273,1520,0.1388
249,1288,1537,0.1388
244,1286,1530,0.1388
242,1284,1526,0.1388
241,1274,1515,0.1388
240,1268,1508,0.1388
244,1269,1513,0.1388
241,1272,1513,0.1388
244,1278,1522,0.1388
247,1272,1519,0.1388
249,1278,1527,0.1388
246,1285,1531,0.1388
238,1283,1521,0.1388
236,1285,1521,0.1388
234,1280,1514,0.1388
237,1282,1519,0.1388
240,1285,1525,0.1388
238,1277,1515,0.1388
232,1272,1504,0.1388
236,1275,1511,0.1388
236,1270,1506,0.1388
230,1275,1505,0.1388
231,1274,1505,0.1388
227,1274,1501,0.1388
227,1275,1502,0.1388
230,1273,1503,0.1388
232,1274,1506,0.1388
236,1263,1499,0.1388
240,1259,1499,0.1388
240,1276,1516,0.1388
241,1281,1522,0.1388
236,1276,1512,0.1388
233,1266,1499,0.1388
236,1263,1499,0.1388
240,1281,1521,0.1388
238,1273,1511,0.1388
237,1282,1519,0.1388
235,1274,1509,0.1388
244,1277,1521,0.1388
246,1272,1518,0.1388
243,1258,1501,0.1388
245,1268,1513,0.1388
242,1259,1501,0.1388
238,1280,1518,0.1388
237,1275,1512,0.1388
239,1276,1515,0.1388
242,1274,1516,0.1388
244,1258,1502,0.1388
243,1275,1518,0.1388
245,1277,1522,0.1388
241,1277,1518,0.1388
236,1277,1513,0.1388
239,1274,1513,0.1388
239,1275,1514,0.1388
238,1265,1503,0.1388
237,1269,1506,0.1388
233,1272,1505,0.1388
237,1282,1519,0.1388
240,1272,1512,0.1388
237,1276,1513,0.1388
234,1285,1519,0.1388
227,1288,1515,0.1388
230,1277,1507,0.1388
231,1269,1500,0.1388
233,1263,1496,0.1388
235,1263,1498,0.1388
233,1272,1505,0.1388
232,1282,1514,0.1388
228,1274,1502,0.1388
227,1283,1510,0.1388
221,1290,1511,0.1388
222,1282,1504,0.1388
223,1285,1508,0.1388
223,1279,1502,0.1388
219,1291,1510,0.1388
212,1289,1501,0.1388
206,1290,1496,0.1388
211,1290,1501,0.1388
211,1286,1497,0.1388
206,1294,1500,0.1388
208,1304,1512,0.1388
202,1302,1504,0.1388
197,1309,1506,0.1388
202,1308,1510,0.1388
202,1318,1520,0.1388
204,1320,1524,0.1388
204,1331,1535,0.1388
203,1327,1530,0.1388
204,1321,1525,0.1388
205,1304,1509,0.1388
201,1302,1503,0.1388
202,1305,1507,0.1388
203,1311,1514,0.1388
205,1319,1524,0.1388
202,1312,1514,0.1388
203,1312,1515,0.1388
207,1312,1519,0.1388
203,1313,1516,0.1388
203,1325,1528,0.1388
202,1332,1534,0.1388
199,1314,1513,0.1388
195,1323,1518,0.1388
191,1327,1518,0.1388
185,1328,1513,0.1388
190,1334,1524,0.1388
192,1328,1520,0.1388
191,1323,1514,0.1388
190,1327,1517,0.1388
189,1324,1513,0.1388
189,1339,1528,0.1388
192,1340,1532,0.1388
191,1336,1527,0.1388
189,1315,1504,0.1388
189,1315,1504,0.1388
188,1317,1505,0.1388
189,1317,1506,0.1388
190,1326,1516,0.1388
186,1334,1520,0.1388
185,1314,1499,0.1388
184,1310,1494,0.1388
180,1307,1487,0.1388
182,1330,1512,0.1388
189,1324,1513,0.1388
183,1325,1508,0.1388
180,1329,1509,0.1388
178,1331,1509,0.1388
181,1335,1516,0.1388
174,1326,1500,0.1388
174,1334,1508,0.1388
172,1342,1514,0.1388
170,1337,1507,0.1388
166,1347,1513,0.1388
167,1346,1513,0.1388
166,1348,1514,0.1388
168,1338,1506,0.1388
167,1343,1510,0.1388
161,1353,1514,0.1388
163,1353,1516,0.1388
165,1357,1522,0.1388
164,1371,1535,0.1388
164,1368,1532,0.1388
159,1368,1527,0.1388
158,1351,1509,0.1388
162,1347,1509,0.1388
162,1342,1504,0.1388
157,1352,1509,0.1388
160,1362,1522,0.1388
157,1362,1519,0.1388
160,1367,1527,0.1388
161,1352,1513,0.1388
159,1348,1507,0.1388
162,1354,1516,0.1388
160,1360,1520,0.1388
157,1357,1514,0.1388
156,1358,1514,0.1388
157,1371,1528,0.1388
154,1365,1519,0.1388
156,1364,1520,0.1388
153,1359,1512,0.1388
153,1354,1507,0.1388
154,1367,1521,0.1388
148,1370,1518,0.1388
150,1364,1514,0.1388
146,1361,1507,0.1388
145,1357,1502,0.1388
143,1345,1488,0.1388
149,1360,1509,0.1388
145,1363,1508,0.1388
149,1365,1514,0.1388
148,1368,1516,0.1388
151,1361,1512,0.1388
148,1370,1518,0.1388
149,1378,1527,0.1388
146,1367,1513,0.1388
147,1371,1518,0.1388
146,1369,1515,0.1388
145,1366,1511,0.1388
146,1373,1519,0.1388
146,1376,1522,0.1388
145,1367,1512,0.1388
144,1368,1512,0.1388
147,1369,1516,0.1388
150,1372,1522,0.1388
147,1374,1521,0.1388
144,1372,1516,0.1388
146,1369,1515,0.1388
143,1374,1517,0.1388
138,1380,1518,0.1388
135,1368,1503,0.1388
136,1367,1503,0.1388
133,1364,1497,0.1388
134,1375,1509,0.1388
132,1386,1518,0.1388
133,1389,1522,0.1388
135,1364,1499,0.1388
133,1368,1501,0.1388
135,1383,1518,0.1388
134,1381,1515,0.1388
135,1375,1510,0.1388
134,1372,1506,0.1388
132,1368,1500,0.1388
132,1372,1504,0.1388
128,1375,1503,0.1388
128,1375,1503,0.1388
126,1377,1503,0.1388
125,1386,1511,0.1388
125,1397,1522,0.1388
125,1399,1524,0.1388
124,1392,1516,0.1388
123,1384,1507,0.1388
124,1398,1522,0.1388
119,1410,1529,0.1388
124,1407,1531,0.1388
121,1418,1539,0.1388
121,1396,1517,0.1388
119,1397,1516,0.1388
122,1400,1522,0.1388
120,1396,1516,0.1388
119,1406,1525,0.1388
118,1416,1534,0.1388
115,1416,1531,0.1388
114,1408,1522,0.1388
112,1415,1527,0.1388
112,1407,1519,0.1388
112,1413,1525,0.1388
109,1413,1522,0.1388
111,1408,1519,0.1388
111,1395,1506,0.1388
112,1404,1516,0.1388
108,1408,1516,0.1388
110,1412,1522,0.1388
115,1409,1524,0.1388
112,1404,1516,0.1388
110,1403,1513,0.1388
111,1403,1514,0.1388
117,1403,1520,0.1388
115,1413,1528,0.1388
114,1413,1527,0.1388
110,1405,1515,0.1388
109,1403,1512,0.1388
111,1408,1519,0.1388
113,1411,1524,0.1388
117,1405,1522,0.1388
115,1404,1519,0.1388
110,1411,1521,0.1388
108,1404,1512,0.1388
109,1400,1509,0.1388
108,1394,1502,0.1388
108,1403,1511,0.1388
110,1403,1513,0.1388
110,1408,1518,0.1388
109,1416,1525,0.1388
107,1407,1514,0.1388
110,1413,1523,0.1388
112,1415,1527,0.1388
112,1403,1515,0.1388
113,1403,1516,0.1388
116,1401,1517,0.1388
117,1408,1525,0.1388
112,1406,1518,0.1388
107,1410,1517,0.1388
108,1400,1508,0.1388
111,1405,1516,0.1388
108,1413,1521,0.1388
105,1405,1510,0.1388
105,1399,1504,0.1388
106,1410,1516,0.1388
106,1415,1521,0.1388
106,1416,1522,0.1388
109,1408,1517,0.1388
109,1402,1511,0.1388
108,1400,1508,0.1388
107,1406,1513,0.1388
105,1402,1507,0.1388
106,1407,1513,0.1388
106,1408,1514,0.1388
107,1409,1516,0.1388
108,1402,1510,0.1388
114,1399,1513,0.1388
113,1389,1502,0.1388
117,1388,1505,0.1388
117,1385,1502,0.1388
114,1400,1514,0.1388
115,1404,1519,0.1388
115,1392,1507,0.1388
115,1380,1495,0.1388
111,1387,1498,0.1388
111,1383,1494,0.1388
114,1392,1506,0.1388
114,1397,1511,0.1388
117,1406,1523,0.1388
117,1405,1522,0.1388
111,1402,1513,0.1388
112,1405,1517,0.1388
113,1395,1508,0.1388
112,1390,1502,0.1388
113,1392,1505,0.1388
112,1395,1507,0.1388
112,1402,1514,0.1388
111,1390,1501,0.1388
112,1397,1509,0.1388
106,1402,1508,0.1388
111,1396,1507,0.1388
112,1405,1517,0.1388
111,1410,1521,0.1388
108,1404,1512,0.1388
106,1400,1506,0.1388
106,1414,1520,0.1388
105,1405,1510,0.1388
106,1404,1510,0.1388
105,1402,1507,0.1388
107,1405,1512,0.1388
111,1399,1510,0.1388
108,1400,1508,0.1388
109,1413,1522,0.1388
111,1410,1521,0.1388
111,1413,1524,0.1388
106,1411,1517,0.1388
106,1403,1509,0.1388
107,1411,1518,0.1388
107,1407,1514,0.1388
108,1400,1508,0.1388
107,1406,1513,0.1388
102,1403,1505,0.1388
100,1388,1488,0.1388
99,1405,1504,0.1388
98,1415,1513,0.1388
98,1425,1523,0.1388
104,1420,1524,0.1388
103,1409,1512,0.1388
102,1414,1516,0.1388
101,1418,1519,0.1388
99,1432,1531,0.1388
95,1424,1519,0.1388
97,1421,1518,0.1388
99,1414,1513,0.1388
101,1429,1530,0.1388
100,1429,1529,0.1388
101,1428,1529,0.1388
96,1419,1515,0.1388
92,1421,1513,0.1388
94,1418,1512,0.1388
98,1413,1511,0.1388
96,1415,1511,0.1388
96,1412,1508,0.1388
98,1427,1525,0.1388
99,1431,1530,0.1388
98,1429,1527,0.1388
93,1432,1525,0.1388
90,1430,1520,0.1388
91,1436,1527,0.1388
92,1438,1530,0.1388
91,1429,1520,0.1388
87,1428,1515,0.1388
87,1425,1512,0.1388
86,1426,1512,0.1388
87,1437,1524,0.1388
85,1438,1523,0.1388
86,1434,1520,0.1388
87,1420,1507,0.1388
89,1427,1516,0.1388
88,1432,1520,0.1388
85,1427,1512,0.1388
84,1428,1512,0.1388
84,1425,1509,0.1388
81,1425,1506,0.1388
83,1426,1509,0.1388
83,1445,1528,0.1388
86,1438,1524,0.1388
87,1441,1528,0.1388
87,1436,1523,0.1388
89,1436,1525,0.1388
89,1434,1523,0.1388
87,1432,1519,0.1388
85,1432,1517,0.1388
85,1421,1506,0.1388
86,1439,1525,0.1388
87,1421,1508,0.1388
84,1412,1496,0.1388
83,1413,1496,0.1388
82,1425,1507,0.1388
79,1427,1506,0.1388
77,1431,1508,0.1388
76,1439,1515,0.1388
76,1445,1521,0.1388
76,1446,1522,0.1388
75,1437,1512,0.1388
72,1442,1514,0.1388
70,1440,1510,0.1388
68,1445,1513,0.1388
69,1443,1512,0.1388
70,1447,1517,0.1388
71,1444,1515,0.1388
72,1439,1511,0.1388
73,1445,1518,0.1388
73,1460,1533,0.1388
72,1464,1536,0.1388
67,1452,1519,0.1388
68,1446,1514,0.1388
72,1453,1525,0.1388
69,1449,1518,0.1388
70,1463,1533,0.1388
69,1458,1527,0.1388
68,1452,1520,0.1388
69,1465,1534,0.1388
71,1467,1538,0.1388
71,1460,1531,0.1388
63,1452,1515,0.1388
61,1453,1514,0.1388
59,1465,1524,0.1388
59,1465,1524,0.1388
62,1461,1523,0.1388
59,1448,1507,0.1388
60,1445,1505,0.1388
57,1441,1498,0.1388
58,1457,1515,0.1388
59,1461,1520,0.1388
59,1461,1520,0.1388
62,1468,1530,0.1388
61,1456,1517,0.1388
58,1463,1521,0.1388
58,1471,1529,0.1388
57,1466,1523,0.1388
58,1465,1523,0.1388
60,1462,1522,0.1388
62,1459,1521,0.1388
61,1452,1513,0.1388
59,1456,1515,0.1388
59,1461,1520,0.1388
61,1454,1515,0.1388
60,1454,1514,0.1388
60,1455,1515,0.1388
61,1458,1519,0.1388
58,1465,1523,0.1388
57,1448,1505,0.1388
56,1456,1512,0.1388
57,1449,1506,0.1388
54,1447,1501,0.1388
53,1451,1504,0.1388
54,1453,1507,0.1388
52,1460,1512,0.1388
50,1466,1516,0.1388
50,1466,1516,0.1388
49,1466,1515,0.1388
50,1464,1514,0.1388
51,1473,1524,0.1388
51,1473,1524,0.1388
51,1477,1528,0.1388
49,1466,1515,0.1388
48,1456,1504,0.1388
47,1457,1504,0.1388
47,1460,1507,0.1388
45,1470,1515,0.1388
42,1472,1514,0.1388
40,1478,1518,0.1388
39,1478,1517,0.1388
38,1469,1507,0.1388
38,1470,1508,0.1388
38,1469,1507,0.1388
38,1476,1514,0.1388
38,1476,1514,0.1388
39,1485,1524,0.1388
38,1475,1513,0.1388
37,1474,1511,0.1388
39,1468,1507,0.1388
38,1469,1507,0.1388
37,1466,1503,0.1388
36,1474,1510,0.1388
37,1479,1516,0.1388
38,1486,1524,0.1388
38,1493,1531,0.1388
36,1482,1518,0.1388
36,1491,1527,0.1388
37,1487,1524,0.1388
37,1500,1537,0.1388
36,1491,1527,0.1388
36,1493,1529,0.1388
34,1494,1528,0.1388
34,1491,1525,0.1388
33,1484,1517,0.1388
32,1474,1506,0.1388
32,1476,1508,0.1388
31,1468,1499,0.1388
31,1462,1493,0.1388
30,1489,1519,0.1388
30,1484,1514,0.1388
31,1488,1519,0.1388
32,1484,1516,0.1388
31,1485,1516,0.1388
29,1477,1506,0.1388
28,1468,1496,0.1388
27,1477,1504,0.1388
27,1496,1523,0.1388
26,1490,1516,0.1388
26,1498,1524,0.1388
25,1505,1530,0.1388
25,1512,1537,0.1388
26,1504,1530,0.1388
24,1491,1515,0.1388
24,1492,1516,0.1388
24,1486,1510,0.1388
25,1473,1498,0.1388
26,1482,1508,0.1388
26,1483,1509,0.1388
23,1477,1500,0.1388
23,1487,1510,0.1388
21,1476,1497,0.1388
21,1489,1510,0.1388
20,1485,1505,0.1388
20,1487,1507,0.1388
20,1481,1501,0.1388
20,1477,1497,0.1388
21,1480,1501,0.1388
20,1496,1516,0.1388
21,1494,1515,0.1388
22,1497,1519,0.1388
23,1497,1520,0.1388
22,1497,1519,0.1388
23,1491,1514,0.1388
24,1490,1514,0.1388
24,1509,1533,0.1388
25,1496,1521,0.1388
24,1495,1519,0.1388
23,1485,1508,0.1388
22,1486,1508,0.1388
21,1488,1509,0.1388
18,1479,1497,0.1388
18,1489,1507,0.1388
19,1489,1508,0.1388
18,1484,1502,0.1388
17,1480,1497,0.1388
17,1493,1510,0.1388
17,1481,1498,0.1388
17,1467,1484,0.1388
16,1472,1488,0.1388
17,1479,1496,0.1388
18,1490,1508,0.1388
19,1508,1527,0.1388
19,1500,1519,0.1388
19,1502,1521,0.1388
18,1492,1510,0.1388
17,1495,1512,0.1388
17,1505,1522,0.1388
17,1510,1527,0.1388
16,1513,1529,0.1388
15,1515,1530,0.1388
15,1510,1525,0.1388
14,1506,1520,0.1388
15,1511,1526,0.1388
14,1519,1533,0.1388
14,1517,1531,0.1388
13,1503,1516,0.1388
13,1503,1516,0.1388
13,1490,1503,0.1388
13,1501,1514,0.1388
13,1498,1511,0.1388
12,1510,1522,0.1388
13,1513,1526,0.1388
14,1508,1522,0.1388
13,1509,1522,0.1388
13,1513,1526,0.1388
13,1508,1521,0.1388
12,1504,1516,0.1388
11,1498,1509,0.1388
12,1496,1508,0.1388
13,1491,1504,0.1388
13,1487,1500,0.1388
14,1497,1511,0.1388
13,1498,1511,0.1388
15,1516,1531,0.1388
15,1513,1528,0.1388
14,1504,1518,0.1388
14,1507,1521,0.1388
14,1509,1523,0.1388
14,1512,1526,0.1388
14,1501,1515,0.1388
14,1516,1530,0.1388
15,1508,1523,0.1388
15,1500,1515,0.1388
15,1500,1515,0.1388
15,1508,1523,0.1388
16,1494,1510,0.1388
17,1486,1503,0.1388
17,1497,1514,0.1388
15,1506,1521,0.1388
14,1496,1510,0.1388
12,1503,1515,0.1388
11,1515,1526,0.1388
11,1530,1541,0.1388
12,1522,1534,0.1388
12,1526,1538,0.1388
12,1517,1529,0.1388
12,1507,1519,0.1388
11,1515,1526,0.1388
11,1501,1512,0.1388
11,1504,1515,0.1388
10,1509,1519,0.1388
10,1510,1520,0.1388
11,1503,1514,0.1388
12,1509,1521,0.1388
11,1511,1522,0.1388
11,1506,1517,0.1388
11,1496,1507,0.1388
12,1500,1512,0.1388
13,1491,1504,0.1388
12,1484,1496,0.1388
11,1483,1494,0.1388
12,1477,1489,0.1388
13,1494,1507,0.1388
13,1501,1514,0.1388
13,1501,1514,0.1388
14,1500,1514,0.1388
14,1499,1513,0.1388
14,1510,1524,0.1388
14,1517,1531,0.1388
15,1520,1535,0.1388
15,1510,1525,0.1388
15,1501,1516,0.1388
15,1504,1519,0.1388
15,1508,1523,0.1388
14,1492,1506,0.1388
14,1493,1507,0.1388
14,1503,1517,0.1388
13,1505,1518,0.1388
13,1499,1512,0.1388
13,1504,1517,0.1388
13,1522,1535,0.1388
13,1518,1531,0.1388
13,1517,1530,0.1388
13,1517,1530,0.1388
13,1512,1525,0.1388
14,1494,1508,0.1388
14,1489,1503,0.1388
13,1493,1506,0.1388
13,1488,1501,0.1388
14,1494,1508,0.1388
15,1490,1505,0.1388
15,1493,1508,0.1388
15,1493,1508,0.1388
15,1501,1516,0.1388
14,1502,1516,0.1388
14,1504,1518,0.1388
14,1512,1526,0.1388
15,1514,1529,0.1388
15,1506,1521,0.1388
13,1504,1517,0.1388
13,1508,1521,0.1388
13,1522,1535,0.1388
13,1499,1512,0.1388
13,1497,1510,0.1388
13,1512,1525,0.1388
13,1502,1515,0.1388
14,1511,1525,0.1388
14,1514,1528,0.1388
15,1517,1532,0.1388
15,1505,1520,0.1388
15,1508,1523,0.1388
15,1500,1515,0.1388
15,1508,1523,0.1388
14,1508,1522,0.1388
14,1507,1521,0.1388
14,1511,1525,0.1388
13,1509,1522,0.1388
13,1515,1528,0.1388
13,1512,1525,0.1388
13,1492,1505,0.1388
14,1506,1520,0.1388
14,1513,1527,0.1388
14,1498,1512,0.1388
13,1489,1502,0.1388
12,1489,1501,0.1388
12,1499,1511,0.1388
13,1488,1501,0.1388
13,1496,1509,0.1388
13,1501,1514,0.1388
11,1504,1515,0.1388
14,1499,1513,0.1388
14,1514,1528,0.1388
14,1505,1519,0.1388
13,1511,1524,0.1388
12,1506,1518,0.1388
11,1505,1516,0.1388
10,1503,1513,0.1388
11,1495,1506,0.1388
12,1498,1510,0.1388
13,1507,1520,0.1388
13,1498,1511,0.1388
12,1504,1516,0.1388
12,1500,1512,0.1388
12,1500,1512,0.1388
12,1490,1502,0.1388
12,1510,1522,0.1388
12,1513,1525,0.1388
12,1500,1512,0.1388
12,1503,1515,0.1388
12,1502,1514,0.1388
12,1502,1514,0.1388
12,1512,1524,0.1388
12,1514,1526,0.1388
12,1499,1511,0.1388
12,1496,1508,0.1388
12,1492,1504,0.1388
12,1490,1502,0.1388
12,1505,1517,0.1388
13,1507,1520,0.1388
13,1503,1516,0.1388
13,1489,1502,0.1388
15,1499,1514,0.1388
16,1506,1522,0.1388
16,1510,1526,0.1388
17,1512,1529,0.1388
16,1509,1525,0.1388
17,1503,1520,0.1388
17,1492,1509,0.1388
20,1493,1513,0.1388
21,1503,1524,0.1388
21,1504,1525,0.1388
22,1501,1523,0.1388
22,1490,1512,0.1388
22,1505,1527,0.1388
20,1501,1521,0.1388
21,1486,1507,0.1388
21,1486,1507,0.1388
21,1488,1509,0.1388
21,1487,1508,0.1388
22,1480,1502,0.1388
20,1496,1516,0.1388
21,1495,1516,0.1388
19,1492,1511,0.1388
19,1495,1514,0.1388
18,1502,1520,0.1388
17,1494,1511,0.1388
17,1487,1504,0.1388
16,1490,1506,0.1388
17,1495,1512,0.1388
18,1500,1518,0.1388
19,1503,1522,0.1388
22,1503,1525,0.1388
22,1496,1518,0.1388
23,1505,1528,0.1388
23,1508,1531,0.1388
23,1508,1531,0.1388
22,1490,1512,0.1388
21,1490,1511,0.1388
21,1480,1501,0.1388
21,1486,1507,0.1388
21,1502,1523,0.1388
21,1497,1518,0.1388
22,1486,1508,0.1388
22,1490,1512,0.1388
22,1489,1511,0.1388
22,1489,1511,0.1388
22,1492,1514,0.1388
23,1493,1516,0.1388
22,1492,1514,0.1388
22,1497,1519,0.1388
22,1501,1523,0.1388
22,1487,1509,0.1388
23,1482,1505,0.1388
24,1481,1505,0.1388
22,1483,1505,0.1388
24,1499,1523,0.1388
26,1488,1514,0.1388
26,1488,1514,0.1388
26,1496,1522,0.1388
26,1494,1520,0.1388
26,1490,1516,0.1388
24,1494,1518,0.1388
21,1483,1504,0.1388
20,1479,1499,0.1388
20,1482,1502,0.1388
20,1498,1518,0.1388
20,1504,1524,0.1388
19,1492,1511,0.1388
20,1501,1521,0.1388
20,1496,1516,0.1388
22,1497,1519,0.1388
22,1490,1512,0.1388
22,1497,1519,0.1388
21,1490,1511,0.1388
22,1493,1515,0.1388
21,1487,1508,0.1388
21,1483,1504,0.1388
23,1489,1512,0.1388
22,1482,1504,0.1388
20,1482,1502,0.1388
18,1490,1508,0.1388
19,1483,1502,0.1388
19,1493,1512,0.1388
21,1501,1522,0.1388
21,1507,1528,0.1388
21,1515,1536,0.1388
21,1508,1529,0.1388
22,1502,1524,0.1388
22,1499,1521,0.1388
19,1506,1525,0.1388
20,1505,1525,0.1388
19,1500,1519,0.1388
18,1493,1511,0.1388
17,1494,1511,0.1388
16,1492,1508,0.1388
16,1484,1500,0.1388
16,1498,1514,0.1388
15,1501,1516,0.1388
14,1502,1516,0.1388
12,1516,1528,0.1388
13,1520,1533,0.1388
14,1516,1530,0.1388
16,1507,1523,0.1388
15,1488,1503,0.1388
15,1479,1494,0.1388
15,1477,1492,0.1388
15,1480,1495,0.1388
14,1487,1501,0.1388
15,1490,1505,0.1388
15,1496,1511,0.1388
15,1517,1532,0.1388
14,1518,1532,0.1388
12,1517,1529,0.1388
13,1506,1519,0.1388
13,1507,1520,0.1388
13,1502,1515,0.1388
10,1523,1533,0.1388
10,1522,1532,0.1388
11,1530,1541,0.1388
11,1535,1546,0.1388
11,1528,1539,0.1388
11,1534,1545,0.1388
11,1524,1535,0.1388
10,1524,1534,0.1388
9,1515,1524,0.1388
8,1502,1510,0.1388
7,1524,1531,0.1388
7,1521,1528,0.1388
7,1516,1523,0.1388
7,1511,1518,0.1388
6,1504,1510,0.1388
6,1517,1523,0.1388
6,1513,1519,0.1388
6,1521,1527,0.1388
6,1510,1516,0.1388
6,1508,1514,0.1388
6,1512,1518,0.1388
6,1518,1524,0.1388
6,1511,1517,0.1388
6,1501,1507,0.1388
6,1502,1508,0.1388
6,1494,1500,0.1388
6,1502,1508,0.1388
6,1505,1511,0.1388
6,1514,1520,0.1388
6,1515,1521,0.1388
6,1530,1536,0.1388
5,1532,1537,0.1388
5,1520,1525,0.1388
5,1526,1531,0.1388
5,1523,1528,0.1388
5,1528,1533,0.1388
5,1515,1520,0.1388
5,1514,1519,0.1388
5,1512,1517,0.1388
6,1517,1523,0.1388
6,1522,1528,0.1388
5,1509,1514,0.1388
4,1520,1524,0.1388
3,1510,1513,0.1388
3,1512,1515,0.1388
3,1529,1532,0.1388
3,1523,1526,0.1388
3,1524,1527,0.1388
2,1516,1518,0.1388
2,1504,1506,0.1388
2,1507,1509,0.1388
2,1520,1522,0.1388
2,1521,1523,0.1388
2,1519,1521,0.1388
2,1513,1515,0.1388
2,1517,1519,0.1388
2,1520,1522,0.1388
1,1508,1509,0.1388
1,1510,1511,0.1388
1,1522,1523,0.1388
1,1522,1523,0.1388
1,1528,1529,0.1388
1,1528,1529,0.1388
1,1528,1529,0.1388
2,1517,1519,0.1388
1,1519,1520,0.1388
1,1525,1526,0.1388
1,1526,1527,0.1388
1,1531,1532,0.1388
1,1529,1530,0.1388
1,1525,1526,0.1388
2,1526,1528,0.1388
2,1521,1523,0.1388
2,1516,1518,0.1388
2,1517,1519,0.1388
2,1512,1514,0.1388
2,1510,1512,0.1388
2,1506,1508,0.1388
2,1496,1498,0.1388
2,1499,1501,0.1388
2,1504,1506,0.1388
3,1503,1506,0.1388
3,1493,1496,0.1388
3,1501,1504,0.1388
3,1512,1515,0.1388
3,1523,1526,0.1388
3,1518,1521,0.1388
3,1512,1515,0.1388
3,1521,1524,0.1388
3,1524,1527,0.1388
3,1517,1520,0.1388
3,1515,1518,0.1388
3,1502,1505,0.1388
4,1512,1516,0.1388
4,1514,1518,0.1388
4,1516,1520,0.1388
4,1529,1533,0.1388
4,1526,1530,0.1388
4,1511,1515,0.1388
4,1496,1500,0.1388
4,1502,1506,0.1388
4,1516,1520,0.1388
4,1511,1515,0.1388
4,1511,1515,0.1388
4,1526,1530,0.1388
4,1522,1526,0.1388
4,1528,1532,0.1388
4,1528,1532,0.1388
4,1533,1537,0.1388
3,1522,1525,0.1388
4,1516,1520,0.1388
4,1502,1506,0.1388
3,1504,1507,0.1388
3,1512,1515,0.1388
3,1519,1522,0.1388
3,1516,1519,0.1388
3,1520,1523,0.1388
3,1518,1521,0.1388
3,1524,1527,0.1388
3,1526,1529,0.1388
3,1527,1530,0.1388
3,1517,1520,0.1388
3,1499,1502,0.1388
2,1511,1513,0.1388
2,1512,1514,0.1388
2,1520,1522,0.1388
2,1527,1529,0.1388
2,1515,1517,0.1388
2,1526,1528,0.1388
2,1527,1529,0.1388
2,1522,1524,0.1388
2,1524,1526,0.1388
2,1519,1521,0.1388
3,1516,1519,0.1388
4,1522,1526,0.1388
4,1506,1510,0.1388
4,1515,1519,0.1388
4,1507,1511,0.1388
3,1518,1521,0.1388
2,1496,1498,0.1388
2,1507,1509,0.1388
3,1512,1515,0.1388
3,1497,1500,0.1388
3,1495,1498,0.1388
3,1509,1512,0.1388
3,1515,1518,0.1388
3,1526,1529,0.1388
3,1531,1534,0.1388
3,1523,1526,0.1388
3,1526,1529,0.1388
2,1516,1518,0.1388
2,1509,1511,0.1388
2,1511,1513,0.1388
2,1515,1517,0.1388
2,1507,1509,0.1388
2,1498,1500,0.1388
2,1505,1507,0.1388
2,1508,1510,0.1388
2,1518,1520,0.1388
2,1517,1519,0.1388
2,1496,1498,0.1388
2,1513,1515,0.1388
2,1504,1506,0.1388
2,1507,1509,0.1388
2,1504,1506,0.1388
2,1511,1513,0.1388
2,1506,1508,0.1388
2,1502,1504,0.1388
2,1499,1501,0.1388
2,1508,1510,0.1388
2,1511,1513,0.1388
2,1503,1505,0.1388
2,1512,1514,0.1388
2,1505,1507,0.1388
2,1518,1520,0.1388
2,1524,1526,0.1388
2,1505,1507,0.1388
2,1519,1521,0.1388
2,1516,1518,0.1388
2,1515,1517,0.1388
2,1521,1523,0.1388
2,1530,1532,0.1388
2,1529,1531,0.1388
2,1537,1539,0.1388
2,1533,1535,0.1388
3,1530,1533,0.1388
3,1517,1520,0.1388
3,1516,1519,0.1388
2,1529,1531,0.1388
2,1527,1529,0.1388
2,1522,1524,0.1388
2,1518,1520,0.1388
2,1516,1518,0.1388
2,1524,1526,0.1388
2,1529,1531,0.1388
2,1518,1520,0.1388
2,1511,1513,0.1388
2,1499,1501,0.1388
2,1502,1504,0.1388
2,1502,1504,0.1388
2,1494,1496,0.1388
2,1498,1500,0.1388
2,1499,1501,0.1388
2,1500,1502,0.1388
2,1519,1521,0.1388
2,1523,1525,0.1388
2,1519,1521,0.1388
1,1518,1519,0.1388
1,1513,1514,0.1388
1,1528,1529,0.1388
1,1522,1523,0.1388
1,1527,1528,0.1388
1,1511,1512,0.1388
1,1507,1508,0.1388
1,1511,1512,0.1388
1,1526,1527,0.1388
1,1524,1525,0.1388
1,1526,1527,0.1388
1,1525,1526,0.1388
1,1526,1527,0.1388
1,1514,1515,0.1388
1,1511,1512,0.1388
1,1501,1502,0.1388
1,1513,1514,0.1388
1,1517,1518,0.1388
0,1524,1524,0.1388
