1371,24,1395,0.1388
1393,25,1418,0.1388
1412,25,1437,0.1388
1435,27,1462,0.1388
1453,26,1479,0.1388
1467,26,1493,0.1388
1472,24,1496,0.1388
1465,23,1488,0.1388
1466,21,1487,0.1388
1455,20,1475,0.1388
1470,20,1490,0.1388
1479,21,1500,0.1388
1464,21,1485,0.1388
1466,23,1489,0.1388
1475,23,1498,0.1388
1478,24,1502,0.1388
1468,24,1492,0.1388
1469,26,1495,0.1388
1465,27,1492,0.1388
1477,28,1505,0.1388
1470,27,1497,0.1388
1444,27,1471,0.1388
1449,28,1477,0.1388
1447,27,1474,0.1388
1461,27,1488,0.1388
1451,28,1479,0.1388
1452,25,1477,0.1388
1448,25,1473,0.1388
1450,24,1474,0.1388
1454,21,1475,0.1388
1448,20,1468,0.1388
1455,22,1477,0.1388
1471,23,1494,0.1388
1460,25,1485,0.1388
1462,25,1487,0.1388
1464,24,1488,0.1388
1462,25,1487,0.1388
1475,23,1498,0.1388
1460,23,1483,0.1388
1467,24,1491,0.1388
1470,25,1495,0.1388
1457,28,1485,0.1388
1468,28,1496,0.1388
1462,29,1491,0.1388
1455,29,1484,0.1388
1444,28,1472,0.1388
1449,24,1473,0.1388
1446,23,1469,0.1388
1440,23,1463,0.1388
1452,24,1476,0.1388
1450,25,1475,0.1388
1463,27,1490,0.1388
1467,29,1496,0.1388
1454,30,1484,0.1388
1458,28,1486,0.1388
1461,27,1488,0.1388
1469,25,1494,0.1388
1491,23,1514,0.1388
1465,23,1488,0.1388
1461,24,1485,0.1388
1479,24,1503,0.1388
1461,25,1486,0.1388
1462,27,1489,0.1388
1462,30,1492,0.1388
1470,31,1501,0.1388
1469,33,1502,0.1388
1479,33,1512,0.1388
1465,32,1497,0.1388
1463,31,1494,0.1388
1465,33,1498,0.1388
1474,33,1507,0.1388
1476,34,1510,0.1388
1474,34,1508,0.1388
1471,34,1505,0.1388
1474,32,1506,0.1388
1473,30,1503,0.1388
1464,33,1497,0.1388
1454,35,1489,0.1388
1449,40,1489,0.1388
1447,40,1487,0.1388
1468,42,1510,0.1388
1466,41,1507,0.1388
1466,42,1508,0.1388
1473,43,1516,0.1388
1477,42,1519,0.1388
1480,43,1523,0.1388
1472,42,1514,0.1388
1463,42,1505,0.1388
1457,44,1501,0.1388
1445,44,1489,0.1388
1446,44,1490,0.1388
1446,43,1489,0.1388
1463,45,1508,0.1388
1461,45,1506,0.1388
1462,43,1505,0.1388
1461,42,1503,0.1388
1472,40,1512,0.1388
1487,40,1527,0.1388
1473,40,1513,0.1388
1479,41,1520,0.1388
1467,41,1508,0.1388
1456,42,1498,0.1388
1448,42,1490,0.1388
1457,42,1499,0.1388
1446,45,1491,0.1388
1451,37,1488,0.1388
1463,39,1502,0.1388
1465,41,1506,0.1388
1455,40,1495,0.1388
1452,39,1491,0.1388
1457,35,1492,0.1388
1449,34,1483,0.1388
1456,28,1484,0.1388
1453,29,1482,0.1388
1458,30,1488,0.1388
1460,29,1489,0.1388
1473,28,1501,0.1388
1466,27,1493,0.1388
1458,25,1483,0.1388
1479,24,1503,0.1388
1469,25,1494,0.1388
1471,24,1495,0.1388
1477,25,1502,0.1388
1484,25,1509,0.1388
1483,25,1508,0.1388
1475,27,1502,0.1388
1474,27,1501,0.1388
1469,29,1498,0.1388
1466,29,1495,0.1388
1464,31,1495,0.1388
1464,30,1494,0.1388
1469,29,1498,0.1388
1458,29,1487,0.1388
1458,30,1488,0.1388
1448,30,1478,0.1388
1445,29,1474,0.1388
1454,30,1484,0.1388
1472,30,1502,0.1388
1481,31,1512,0.1388
1458,31,1489,0.1388
1468,33,1501,0.1388
1468,32,1500,0.1388
1472,32,1504,0.1388
1469,32,1501,0.1388
1469,33,1502,0.1388
1449,33,1482,0.1388
1455,32,1487,0.1388
1463,32,1495,0.1388
1461,31,1492,0.1388
1457,32,1489,0.1388
1454,32,1486,0.1388
1477,31,1508,0.1388
1475,31,1506,0.1388
1473,31,1504,0.1388
1459,32,1491,0.1388
1472,33,1505,0.1388
1466,30,1496,0.1388
1463,30,1493,0.1388
1463,28,1491,0.1388
1457,27,1484,0.1388
1463,28,1491,0.1388
1462,27,1489,0.1388
1463,27,1490,0.1388
1466,27,1493,0.1388
1462,27,1489,0.1388
1466,27,1493,0.1388
1465,27,1492,0.1388
1464,26,1490,0.1388
1452,26,1478,0.1388
1453,26,1479,0.1388
1458,25,1483,0.1388
1469,26,1495,0.1388
1475,26,1501,0.1388
1480,25,1505,0.1388
1487,24,1511,0.1388
1481,25,1506,0.1388
1472,26,1498,0.1388
1448,28,1476,0.1388
1449,28,1477,0.1388
1438,27,1465,0.1388
1441,28,1469,0.1388
1442,28,1470,0.1388
1454,25,1479,0.1388
1461,26,1487,0.1388
1473,26,1499,0.1388
1478,26,1504,0.1388
1478,26,1504,0.1388
1471,26,1497,0.1388
1477,26,1503,0.1388
1471,26,1497,0.1388
1467,29,1496,0.1388
1460,29,1489,0.1388
1453,29,1482,0.1388
1439,27,1466,0.1388
1439,26,1465,0.1388
1440,28,1468,0.1388
1445,28,1473,0.1388
1448,29,1477,0.1388
1451,29,1480,0.1388
1459,30,1489,0.1388
1447,30,1477,0.1388
1440,29,1469,0.1388
1436,30,1466,0.1388
1462,31,1493,0.1388
1467,31,1498,0.1388
1458,31,1489,0.1388
1452,32,1484,0.1388
1450,33,1483,0.1388
1449,33,1482,0.1388
1446,32,1478,0.1388
1453,33,1486,0.1388
1441,33,1474,0.1388
1442,33,1475,0.1388
1443,34,1477,0.1388
1438,33,1471,0.1388
1434,34,1468,0.1388
1440,35,1475,0.1388
1440,34,1474,0.1388
1434,34,1468,0.1388
1433,34,1467,0.1388
1430,34,1464,0.1388
1439,33,1472,0.1388
1435,33,1468,0.1388
1443,32,1475,0.1388
1443,34,1477,0.1388
1447,35,1482,0.1388
1456,36,1492,0.1388
1458,39,1497,0.1388
1448,38,1486,0.1388
1436,41,1477,0.1388
1428,41,1469,0.1388
1433,43,1476,0.1388
1443,39,1482,0.1388
1447,40,1487,0.1388
1457,37,1494,0.1388
1459,38,1497,0.1388
1465,41,1506,0.1388
1459,41,1500,0.1388
1451,43,1494,0.1388
1440,42,1482,0.1388
1442,42,1484,0.1388
1446,41,1487,0.1388
1454,40,1494,0.1388
1466,42,1508,0.1388
1463,42,1505,0.1388
1448,41,1489,0.1388
1451,40,1491,0.1388
1456,38,1494,0.1388
1453,37,1490,0.1388
1451,37,1488,0.1388
1455,38,1493,0.1388
1448,40,1488,0.1388
1454,39,1493,0.1388
1469,38,1507,0.1388
1470,36,1506,0.1388
1465,37,1502,0.1388
1465,36,1501,0.1388
1469,34,1503,0.1388
1466,33,1499,0.1388
1469,32,1501,0.1388
1461,32,1493,0.1388
1449,32,1481,0.1388
1458,33,1491,0.1388
1458,33,1491,0.1388
1460,33,1493,0.1388
1463,30,1493,0.1388
1472,30,1502,0.1388
1468,31,1499,0.1388
1469,31,1500,0.1388
1470,29,1499,0.1388
1468,29,1497,0.1388
1477,30,1507,0.1388
1487,28,1515,0.1388
1482,28,1510,0.1388
1493,27,1520,0.1388
1485,28,1513,0.1388
1480,26,1506,0.1388
1473,27,1500,0.1388
1474,27,1501,0.1388
1478,28,1506,0.1388
1472,28,1500,0.1388
1478,30,1508,0.1388
1468,29,1497,0.1388
1470,28,1498,0.1388
1479,30,1509,0.1388
1483,32,1515,0.1388
1484,33,1517,0.1388
1474,31,1505,0.1388
1473,32,1505,0.1388
1487,31,1518,0.1388
1476,31,1507,0.1388
1472,32,1504,0.1388
1479,33,1512,0.1388
1477,34,1511,0.1388
1475,34,1509,0.1388
1482,31,1513,0.1388
1473,31,1504,0.1388
1480,32,1512,0.1388
1472,32,1504,0.1388
1464,33,1497,0.1388
1458,33,1491,0.1388
1449,31,1480,0.1388
1461,31,1492,0.1388
1472,33,1505,0.1388
1482,32,1514,0.1388
1472,30,1502,0.1388
1459,31,1490,0.1388
1457,30,1487,0.1388
1461,30,1491,0.1388
1466,29,1495,0.1388
1463,30,1493,0.1388
1447,29,1476,0.1388
1448,28,1476,0.1388
1440,24,1464,0.1388
1439,25,1464,0.1388
1454,25,1479,0.1388
1454,26,1480,0.1388
1460,28,1488,0.1388
1458,29,1487,0.1388
1461,29,1490,0.1388
1455,30,1485,0.1388
1457,29,1486,0.1388
1474,29,1503,0.1388
1479,29,1508,0.1388
1471,29,1500,0.1388
1472,28,1500,0.1388
1466,27,1493,0.1388
1467,27,1494,0.1388
1468,26,1494,0.1388
1476,26,1502,0.1388
1457,27,1484,0.1388
1450,26,1476,0.1388
1444,28,1472,0.1388
1446,28,1474,0.1388
1457,30,1487,0.1388
1462,27,1489,0.1388
1465,28,1493,0.1388
1453,30,1483,0.1388
1472,31,1503,0.1388
1463,31,1494,0.1388
1459,33,1492,0.1388
1477,32,1509,0.1388
1464,33,1497,0.1388
1458,34,1492,0.1388
1454,37,1491,0.1388
1449,39,1488,0.1388
1454,38,1492,0.1388
1445,37,1482,0.1388
1457,39,1496,0.1388
1465,39,1504,0.1388
1445,40,1485,0.1388
1454,41,1495,0.1388
1440,40,1480,0.1388
1438,40,1478,0.1388
1437,40,1477,0.1388
1432,41,1473,0.1388
1438,43,1481,0.1388
1439,43,1482,0.1388
1450,42,1492,0.1388
1449,39,1488,0.1388
1457,39,1496,0.1388
1453,40,1493,0.1388
1450,39,1489,0.1388
1442,41,1483,0.1388
1454,42,1496,0.1388
1449,41,1490,0.1388
1444,41,1485,0.1388
1438,43,1481,0.1388
1438,43,1481,0.1388
1436,43,1479,0.1388
1433,42,1475,0.1388
1432,42,1474,0.1388
1434,42,1476,0.1388
1431,42,1473,0.1388
1431,41,1472,0.1388
1435,37,1472,0.1388
1444,42,1486,0.1388
1447,42,1489,0.1388
1448,42,1490,0.1388
1442,43,1485,0.1388
1444,42,1486,0.1388
1454,42,1496,0.1388
1456,42,1498,0.1388
1446,42,1488,0.1388
1449,42,1491,0.1388
1455,42,1497,0.1388
1450,41,1491,0.1388
1458,41,1499,0.1388
1459,42,1501,0.1388
1461,43,1504,0.1388
1449,40,1489,0.1388
1451,41,1492,0.1388
1440,43,1483,0.1388
1437,43,1480,0.1388
1456,44,1500,0.1388
1443,44,1487,0.1388
1436,45,1481,0.1388
1435,42,1477,0.1388
1436,41,1477,0.1388
1459,40,1499,0.1388
1453,40,1493,0.1388
1456,39,1495,0.1388
1459,41,1500,0.1388
1451,41,1492,0.1388
1453,43,1496,0.1388
1450,40,1490,0.1388
1451,41,1492,0.1388
1464,39,1503,0.1388
1459,41,1500,0.1388
1458,41,1499,0.1388
1447,43,1490,0.1388
1438,44,1482,0.1388
1453,41,1494,0.1388
1447,40,1487,0.1388
1452,40,1492,0.1388
1451,37,1488,0.1388
1458,39,1497,0.1388
1467,35,1502,0.1388
1473,34,1507,0.1388
1471,34,1505,0.1388
1480,33,1513,0.1388
1477,31,1508,0.1388
1479,32,1511,0.1388
1469,34,1503,0.1388
1483,36,1519,0.1388
1471,36,1507,0.1388
1464,36,1500,0.1388
1473,36,1509,0.1388
1466,37,1503,0.1388
1458,36,1494,0.1388
1450,37,1487,0.1388
1461,36,1497,0.1388
1462,38,1500,0.1388
1445,39,1484,0.1388
1445,38,1483,0.1388
1448,39,1487,0.1388
1440,38,1478,0.1388
1449,38,1487,0.1388
1452,38,1490,0.1388
1448,38,1486,0.1388
1445,39,1484,0.1388
1449,39,1488,0.1388
1438,38,1476,0.1388
1440,38,1478,0.1388
1443,38,1481,0.1388
1453,38,1491,0.1388
1449,39,1488,0.1388
1458,41,1499,0.1388
1451,42,1493,0.1388
1433,41,1474,0.1388
1431,42,1473,0.1388
1432,40,1472,0.1388
1441,37,1478,0.1388
1459,40,1499,0.1388
1456,40,1496,0.1388
1453,39,1492,0.1388
1444,38,1482,0.1388
1455,39,1494,0.1388
1452,38,1490,0.1388
1450,38,1488,0.1388
1454,38,1492,0.1388
1465,38,1503,0.1388
1460,38,1498,0.1388
1453,39,1492,0.1388
1448,41,1489,0.1388
1455,38,1493,0.1388
1466,39,1505,0.1388
1459,39,1498,0.1388
1454,40,1494,0.1388
1449,40,1489,0.1388
1453,41,1494,0.1388
1455,40,1495,0.1388
1456,39,1495,0.1388
1445,39,1484,0.1388
1451,39,1490,0.1388
1460,39,1499,0.1388
1457,42,1499,0.1388
1462,40,1502,0.1388
1448,40,1488,0.1388
1447,42,1489,0.1388
1448,41,1489,0.1388
1449,41,1490,0.1388
1462,38,1500,0.1388
1462,39,1501,0.1388
1465,39,1504,0.1388
1468,38,1506,0.1388
1462,38,1500,0.1388
1469,39,1508,0.1388
1457,39,1496,0.1388
1464,38,1502,0.1388
1457,38,1495,0.1388
1446,38,1484,0.1388
1446,39,1485,0.1388
1456,37,1493,0.1388
1453,37,1490,0.1388
1444,35,1479,0.1388
1466,37,1503,0.1388
1467,38,1505,0.1388
1464,39,1503,0.1388
1456,39,1495,0.1388
1466,41,1507,0.1388
1459,42,1501,0.1388
1460,42,1502,0.1388
1473,45,1518,0.1388
1457,46,1503,0.1388
1450,47,1497,0.1388
1458,46,1504,0.1388
1449,43,1492,0.1388
1446,42,1488,0.1388
1436,43,1479,0.1388
1453,46,1499,0.1388
1459,49,1508,0.1388
1457,48,1505,0.1388
1457,48,1505,0.1388
1452,47,1499,0.1388
1448,45,1493,0.1388
1451,45,1496,0.1388
1441,43,1484,0.1388
1439,41,1480,0.1388
1442,40,1482,0.1388
1448,39,1487,0.1388
1458,40,1498,0.1388
1447,40,1487,0.1388
1449,42,1491,0.1388
1454,41,1495,0.1388
1457,42,1499,0.1388
1468,43,1511,0.1388
1462,44,1506,0.1388
1459,42,1501,0.1388
1460,42,1502,0.1388
1456,41,1497,0.1388
1448,42,1490,0.1388
1455,42,1497,0.1388
1460,43,1503,0.1388
1445,44,1489,0.1388
1447,40,1487,0.1388
1443,41,1484,0.1388
1436,43,1479,0.1388
1434,43,1477,0.1388
1445,42,1487,0.1388
1443,45,1488,0.1388
1440,45,1485,0.1388
1439,46,1485,0.1388
1437,47,1484,0.1388
1448,48,1496,0.1388
1466,47,1513,0.1388
1461,48,1509,0.1388
1455,46,1501,0.1388
1445,47,1492,0.1388
1451,48,1499,0.1388
1448,48,1496,0.1388
1441,46,1487,0.1388
1445,47,1492,0.1388
1445,49,1494,0.1388
1436,49,1485,0.1388
1449,49,1498,0.1388
1447,45,1492,0.1388
1464,47,1511,0.1388
1451,47,1498,0.1388
1444,47,1491,0.1388
1445,49,1494,0.1388
1439,46,1485,0.1388
1441,50,1491,0.1388
1445,44,1489,0.1388
1444,44,1488,0.1388
1442,46,1488,0.1388
1444,52,1496,0.1388
1450,50,1500,0.1388
1464,52,1516,0.1388
1458,51,1509,0.1388
1457,52,1509,0.1388
1467,48,1515,0.1388
1449,50,1499,0.1388
1445,51,1496,0.1388
1429,53,1482,0.1388
1441,52,1493,0.1388
1428,52,1480,0.1388
1424,57,1481,0.1388
1434,60,1494,0.1388
1443,59,1502,0.1388
1443,58,1501,0.1388
1441,58,1499,0.1388
1449,57,1506,0.1388
1433,57,1490,0.1388
1425,58,1483,0.1388
1433,57,1490,0.1388
1438,57,1495,0.1388
1439,58,1497,0.1388
1446,59,1505,0.1388
1453,62,1515,0.1388
1447,59,1506,0.1388
1438,58,1496,0.1388
1436,59,1495,0.1388
1431,60,1491,0.1388
1436,59,1495,0.1388
1449,57,1506,0.1388
1444,60,1504,0.1388
1456,58,1514,0.1388
1444,59,1503,0.1388
1450,62,1512,0.1388
1437,62,1499,0.1388
1434,61,1495,0.1388
1445,62,1507,0.1388
1447,64,1511,0.1388
1424,64,1488,0.1388
1434,67,1501,0.1388
1417,68,1485,0.1388
1429,66,1495,0.1388
1439,66,1505,0.1388
1430,67,1497,0.1388
1428,67,1495,0.1388
1422,63,1485,0.1388
1423,66,1489,0.1388
1418,67,1485,0.1388
1414,69,1483,0.1388
1419,70,1489,0.1388
1416,66,1482,0.1388
1411,64,1475,0.1388
1428,65,1493,0.1388
1432,67,1499,0.1388
1442,66,1508,0.1388
1448,68,1516,0.1388
1443,69,1512,0.1388
1434,66,1500,0.1388
1434,65,1499,0.1388
1437,67,1504,0.1388
1424,68,1492,0.1388
1428,68,1496,0.1388
1430,67,1497,0.1388
1426,69,1495,0.1388
1429,69,1498,0.1388
1443,69,1512,0.1388
1444,68,1512,0.1388
1429,68,1497,0.1388
1419,65,1484,0.1388
1423,68,1491,0.1388
1421,69,1490,0.1388
1419,70,1489,0.1388
1428,68,1496,0.1388
1426,68,1494,0.1388
1418,67,1485,0.1388
1414,68,1482,0.1388
1417,68,1485,0.1388
1429,72,1501,0.1388
1417,74,1491,0.1388
1416,73,1489,0.1388
1408,72,1480,0.1388
1410,70,1480,0.1388
1418,73,1491,0.1388
1417,74,1491,0.1388
1421,76,1497,0.1388
1413,74,1487,0.1388
1419,74,1493,0.1388
1410,75,1485,0.1388
1393,72,1465,0.1388
1404,75,1479,0.1388
1408,75,1483,0.1388
1408,77,1485,0.1388
1415,78,1493,0.1388
1418,78,1496,0.1388
1419,79,1498,0.1388
1426,78,1504,0.1388
1419,77,1496,0.1388
1406,78,1484,0.1388
1414,79,1493,0.1388
1411,78,1489,0.1388
1418,78,1496,0.1388
1429,76,1505,0.1388
1423,79,1502,0.1388
1415,83,1498,0.1388
1405,80,1485,0.1388
1418,83,1501,0.1388
1414,80,1494,0.1388
1418,81,1499,0.1388
1421,81,1502,0.1388
1414,81,1495,0.1388
1417,82,1499,0.1388
1427,85,1512,0.1388
1427,85,1512,0.1388
1436,84,1520,0.1388
1435,84,1519,0.1388
1435,82,1517,0.1388
1432,85,1517,0.1388
1415,87,1502,0.1388
1408,88,1496,0.1388
1407,89,1496,0.1388
1413,86,1499,0.1388
1411,88,1499,0.1388
1410,89,1499,0.1388
1415,91,1506,0.1388
1415,91,1506,0.1388
1418,93,1511,0.1388
1418,92,1510,0.1388
1403,89,1492,0.1388
1398,91,1489,0.1388
1386,91,1477,0.1388
1392,90,1482,0.1388
1396,88,1484,0.1388
1401,88,1489,0.1388
1391,89,1480,0.1388
1403,90,1493,0.1388
1406,92,1498,0.1388
1406,92,1498,0.1388
1399,95,1494,0.1388
1400,94,1494,0.1388
1400,91,1491,0.1388
1411,92,1503,0.1388
1419,86,1505,0.1388
1426,88,1514,0.1388
1414,91,1505,0.1388
1413,89,1502,0.1388
1408,89,1497,0.1388
1412,86,1498,0.1388
1416,84,1500,0.1388
1418,87,1505,0.1388
1414,89,1503,0.1388
1408,87,1495,0.1388
1400,86,1486,0.1388
1400,85,1485,0.1388
1400,86,1486,0.1388
1406,85,1491,0.1388
1417,86,1503,0.1388
1409,86,1495,0.1388
1408,85,1493,0.1388
1407,90,1497,0.1388
1421,92,1513,0.1388
1410,91,1501,0.1388
1416,91,1507,0.1388
1416,94,1510,0.1388
1399,94,1493,0.1388
1407,96,1503,0.1388
1409,95,1504,0.1388
1416,93,1509,0.1388
1420,93,1513,0.1388
1416,92,1508,0.1388
1414,92,1506,0.1388
1420,93,1513,0.1388
1418,94,1512,0.1388
1408,92,1500,0.1388
1399,92,1491,0.1388
1401,95,1496,0.1388
1397,90,1487,0.1388
1402,88,1490,0.1388
1401,89,1490,0.1388
1398,92,1490,0.1388
1418,93,1511,0.1388
1416,91,1507,0.1388
1407,96,1503,0.1388
1413,94,1507,0.1388
1403,97,1500,0.1388
1406,98,1504,0.1388
1403,94,1497,0.1388
1388,96,1484,0.1388
1402,97,1499,0.1388
1413,99,1512,0.1388
1397,98,1495,0.1388
1405,100,1505,0.1388
1401,100,1501,0.1388
1400,102,1502,0.1388
1396,100,1496,0.1388
1400,100,1500,0.1388
1381,99,1480,0.1388
1365,97,1462,0.1388
1373,95,1468,0.1388
1362,93,1455,0.1388
1364,99,1463,0.1388
1384,96,1480,0.1388
1381,98,1479,0.1388
1387,100,1487,0.1388
1388,102,1490,0.1388
1388,101,1489,0.1388
1378,102,1480,0.1388
1382,100,1482,0.1388
1384,104,1488,0.1388
1389,104,1493,0.1388
1380,107,1487,0.1388
1386,109,1495,0.1388
1384,110,1494,0.1388
1406,106,1512,0.1388
1402,105,1507,0.1388
1393,103,1496,0.1388
1395,101,1496,0.1388
1392,101,1493,0.1388
1389,103,1492,0.1388
1393,104,1497,0.1388
1402,103,1505,0.1388
1395,102,1497,0.1388
1399,108,1507,0.1388
1381,108,1489,0.1388
1382,108,1490,0.1388
1393,112,1505,0.1388
1380,112,1492,0.1388
1376,114,1490,0.1388
1381,114,1495,0.1388
1385,116,1501,0.1388
1386,117,1503,0.1388
1377,115,1492,0.1388
1365,115,1480,0.1388
1378,113,1491,0.1388
1383,115,1498,0.1388
1402,120,1522,0.1388
1394,120,1514,0.1388
1390,120,1510,0.1388
1392,120,1512,0.1388
1384,122,1506,0.1388
1375,122,1497,0.1388
1364,125,1489,0.1388
1363,127,1490,0.1388
1370,130,1500,0.1388
1368,133,1501,0.1388
1369,133,1502,0.1388
1379,132,1511,0.1388
1371,130,1501,0.1388
1382,131,1513,0.1388
1383,133,1516,0.1388
1369,133,1502,0.1388
1360,130,1490,0.1388
1368,132,1500,0.1388
1364,136,1500,0.1388
1357,133,1490,0.1388
1359,135,1494,0.1388
1346,138,1484,0.1388
1340,136,1476,0.1388
1356,136,1492,0.1388
1350,138,1488,0.1388
1347,138,1485,0.1388
1357,140,1497,0.1388
1357,141,1498,0.1388
1348,140,1488,0.1388
1345,140,1485,0.1388
1353,141,1494,0.1388
1361,139,1500,0.1388
1363,138,1501,0.1388
1366,133,1499,0.1388
1371,132,1503,0.1388
1380,130,1510,0.1388
1370,131,1501,0.1388
1363,133,1496,0.1388
1352,133,1485,0.1388
1345,131,1476,0.1388
1355,139,1494,0.1388
1360,141,1501,0.1388
1368,138,1506,0.1388
1358,140,1498,0.1388
1369,141,1510,0.1388
1356,143,1499,0.1388
1354,138,1492,0.1388
1356,144,1500,0.1388
1371,146,1517,0.1388
1368,147,1515,0.1388
1363,149,1512,0.1388
1369,152,1521,0.1388
1367,152,1519,0.1388
1357,150,1507,0.1388
1356,151,1507,0.1388
1364,148,1512,0.1388
1356,151,1507,0.1388
1347,153,1500,0.1388
1336,149,1485,0.1388
1324,147,1471,0.1388
1332,142,1474,0.1388
1333,148,1481,0.1388
1336,148,1484,0.1388
1340,154,1494,0.1388
1335,158,1493,0.1388
1345,156,1501,0.1388
1341,159,1500,0.1388
1341,158,1499,0.1388
1329,164,1493,0.1388
1329,165,1494,0.1388
1335,160,1495,0.1388
1326,158,1484,0.1388
1335,156,1491,0.1388
1333,156,1489,0.1388
1332,156,1488,0.1388
1338,157,1495,0.1388
1340,162,1502,0.1388
1338,159,1497,0.1388
1329,160,1489,0.1388
1330,163,1493,0.1388
1320,161,1481,0.1388
1320,157,1477,0.1388
1332,162,1494,0.1388
1325,162,1487,0.1388
1317,166,1483,0.1388
1307,161,1468,0.1388
1318,159,1477,0.1388
1321,163,1484,0.1388
1323,162,1485,0.1388
1334,161,1495,0.1388
1342,158,1500,0.1388
1342,160,1502,0.1388
1342,157,1499,0.1388
1350,159,1509,0.1388
1337,155,1492,0.1388
1337,157,1494,0.1388
1334,160,1494,0.1388
1333,159,1492,0.1388
1325,160,1485,0.1388
1324,161,1485,0.1388
1307,164,1471,0.1388
1311,163,1474,0.1388
1311,163,1474,0.1388
1308,165,1473,0.1388
1302,164,1466,0.1388
1329,158,1487,0.1388
1326,158,1484,0.1388
1331,160,1491,0.1388
1323,166,1489,0.1388
1323,166,1489,0.1388
1317,172,1489,0.1388
1324,170,1494,0.1388
1329,172,1501,0.1388
1338,171,1509,0.1388
1337,174,1511,0.1388
1329,178,1507,0.1388
1318,175,1493,0.1388
1317,171,1488,0.1388
1315,179,1494,0.1388
1316,178,1494,0.1388
1324,179,1503,0.1388
1323,185,1508,0.1388
1314,180,1494,0.1388
1300,179,1479,0.1388
1313,178,1491,0.1388
1322,172,1494,0.1388
1321,174,1495,0.1388
1307,174,1481,0.1388
1318,174,1492,0.1388
1323,172,1495,0.1388
1324,173,1497,0.1388
1317,170,1487,0.1388
1309,171,1480,0.1388
1313,173,1486,0.1388
1305,173,1478,0.1388
1305,175,1480,0.1388
1309,181,1490,0.1388
1302,177,1479,0.1388
1324,173,1497,0.1388
1315,173,1488,0.1388
1323,171,1494,0.1388
1305,173,1478,0.1388
1312,176,1488,0.1388
1314,170,1484,0.1388
1308,168,1476,0.1388
1316,171,1487,0.1388
1303,180,1483,0.1388
1303,183,1486,0.1388
1294,182,1476,0.1388
1295,186,1481,0.1388
1301,184,1485,0.1388
1305,191,1496,0.1388
1294,189,1483,0.1388
1296,196,1492,0.1388
1317,197,1514,0.1388
1304,197,1501,0.1388
1304,198,1502,0.1388
1300,194,1494,0.1388
1305,194,1499,0.1388
1301,199,1500,0.1388
1306,190,1496,0.1388
1314,188,1502,0.1388
1294,187,1481,0.1388
1298,191,1489,0.1388
1304,195,1499,0.1388
1290,198,1488,0.1388
1291,196,1487,0.1388
1293,193,1486,0.1388
1269,188,1457,0.1388
1270,189,1459,0.1388
1285,190,1475,0.1388
1292,192,1484,0.1388
1297,190,1487,0.1388
1297,190,1487,0.1388
1311,191,1502,0.1388
1315,191,1506,0.1388
1314,193,1507,0.1388
1320,197,1517,0.1388
1319,196,1515,0.1388
1307,197,1504,0.1388
1303,198,1501,0.1388
1300,200,1500,0.1388
1295,200,1495,0.1388
1294,197,1491,0.1388
1294,196,1490,0.1388
1287,194,1481,0.1388
1293,197,1490,0.1388
1289,198,1487,0.1388
1303,199,1502,0.1388
1291,198,1489,0.1388
1305,194,1499,0.1388
1303,197,1500,0.1388
1287,203,1490,0.1388
1288,209,1497,0.1388
1275,209,1484,0.1388
1271,209,1480,0.1388
1282,211,1493,0.1388
1276,212,1488,0.1388
1284,213,1497,0.1388
1274,210,1484,0.1388
1274,211,1485,0.1388
1270,212,1482,0.1388
1275,210,1485,0.1388
1276,210,1486,0.1388
1278,217,1495,0.1388
1275,218,1493,0.1388
1273,222,1495,0.1388
1276,221,1497,0.1388
1278,223,1501,0.1388
1286,220,1506,0.1388
1286,223,1509,0.1388
1277,222,1499,0.1388
1269,222,1491,0.1388
1264,224,1488,0.1388
1268,223,1491,0.1388
1277,225,1502,0.1388
1265,225,1490,0.1388
1255,226,1481,0.1388
1271,225,1496,0.1388
1272,221,1493,0.1388
1272,216,1488,0.1388
1286,216,1502,0.1388
1291,216,1507,0.1388
1288,216,1504,0.1388
1269,218,1487,0.1388
1278,217,1495,0.1388
1262,219,1481,0.1388
1265,223,1488,0.1388
1271,223,1494,0.1388
1274,219,1493,0.1388
1273,224,1497,0.1388
1265,224,1489,0.1388
1267,223,1490,0.1388
1264,229,1493,0.1388
1261,229,1490,0.1388
1267,229,1496,0.1388
1254,228,1482,0.1388
1260,225,1485,0.1388
1260,228,1488,0.1388
1267,227,1494,0.1388
1261,225,1486,0.1388
1267,225,1492,0.1388
1271,229,1500,0.1388
1254,226,1480,0.1388
1255,231,1486,0.1388
1260,229,1489,0.1388
1272,227,1499,0.1388
1272,229,1501,0.1388
1273,227,1500,0.1388
1281,227,1508,0.1388
1283,223,1506,0.1388
1276,225,1501,0.1388
1283,227,1510,0.1388
1276,229,1505,0.1388
1268,226,1494,0.1388
1271,227,1498,0.1388
1269,227,1496,0.1388
1280,228,1508,0.1388
1282,233,1515,0.1388
1275,227,1502,0.1388
1258,228,1486,0.1388
1265,228,1493,0.1388
1262,224,1486,0.1388
1258,229,1487,0.1388
1260,231,1491,0.1388
1269,231,1500,0.1388
1266,231,1497,0.1388
1255,229,1484,0.1388
1259,228,1487,0.1388
1270,233,1503,0.1388
1271,233,1504,0.1388
1268,232,1500,0.1388
1259,233,1492,0.1388
1264,232,1496,0.1388
1252,235,1487,0.1388
1243,236,1479,0.1388
1250,242,1492,0.1388
1245,243,1488,0.1388
1242,243,1485,0.1388
1253,246,1499,0.1388
1256,243,1499,0.1388
1261,245,1506,0.1388
1256,249,1505,0.1388
1242,248,1490,0.1388
1233,246,1479,0.1388
1242,247,1489,0.1388
1257,242,1499,0.1388
1260,240,1500,0.1388
1259,245,1504,0.1388
1249,254,1503,0.1388
1244,253,1497,0.1388
1247,255,1502,0.1388
1239,253,1492,0.1388
1238,260,1498,0.1388
1237,256,1493,0.1388
1236,254,1490,0.1388
1221,255,1476,0.1388
1239,259,1498,0.1388
1236,259,1495,0.1388
1240,248,1488,0.1388
1248,247,1495,0.1388
1251,255,1506,0.1388
1240,254,1494,0.1388
1226,257,1483,0.1388
1226,261,1487,0.1388
1228,262,1490,0.1388
1214,260,1474,0.1388
1225,261,1486,0.1388
1232,268,1500,0.1388
1236,264,1500,0.1388
1231,261,1492,0.1388
1223,258,1481,0.1388
1223,261,1484,0.1388
1224,267,1491,0.1388
1222,268,1490,0.1388
1228,270,1498,0.1388
1225,270,1495,0.1388
1228,274,1502,0.1388
1228,269,1497,0.1388
1222,274,1496,0.1388
1230,274,1504,0.1388
1235,278,1513,0.1388
1230,275,1505,0.1388
1224,277,1501,0.1388
1227,275,1502,0.1388
1238,271,1509,0.1388
1234,274,1508,0.1388
1205,268,1473,0.1388
1203,275,1478,0.1388
1206,275,1481,0.1388
1217,276,1493,0.1388
1218,278,1496,0.1388
1226,280,1506,0.1388
1225,285,1510,0.1388
1222,286,1508,0.1388
1222,290,1512,0.1388
1225,289,1514,0.1388
1229,284,1513,0.1388
1229,284,1513,0.1388
1220,283,1503,0.1388
1224,289,1513,0.1388
1215,285,1500,0.1388
1221,292,1513,0.1388
1215,291,1506,0.1388
1215,283,1498,0.1388
1228,287,1515,0.1388
1229,281,1510,0.1388
1228,289,1517,0.1388
1214,292,1506,0.1388
1214,292,1506,0.1388
1218,298,1516,0.1388
1206,301,1507,0.1388
1194,295,1489,0.1388
1190,297,1487,0.1388
1203,291,1494,0.1388
1200,293,1493,0.1388
1205,298,1503,0.1388
1211,299,1510,0.1388
1212,304,1516,0.1388
1211,297,1508,0.1388
1206,294,1500,0.1388
1213,292,1505,0.1388
1207,295,1502,0.1388
1212,292,1504,0.1388
1217,290,1507,0.1388
1216,293,1509,0.1388
1213,291,1504,0.1388
1217,290,1507,0.1388
1211,301,1512,0.1388
1204,298,1502,0.1388
1203,298,1501,0.1388
1206,302,1508,0.1388
1190,302,1492,0.1388
1197,302,1499,0.1388
1186,301,1487,0.1388
1190,303,1493,0.1388
1194,301,1495,0.1388
1192,300,1492,0.1388
1191,301,1492,0.1388
1196,295,1491,0.1388
1190,292,1482,0.1388
1193,294,1487,0.1388
1181,293,1474,0.1388
1185,289,1474,0.1388
1186,286,1472,0.1388
1189,295,1484,0.1388
1200,293,1493,0.1388
1195,301,1496,0.1388
1195,300,1495,0.1388
1189,297,1486,0.1388
1189,294,1483,0.1388
1190,292,1482,0.1388
1196,293,1489,0.1388
1185,298,1483,0.1388
1186,296,1482,0.1388
1197,297,1494,0.1388
1197,302,1499,0.1388
1212,303,1515,0.1388
1195,306,1501,0.1388
1190,305,1495,0.1388
1172,304,1476,0.1388
1184,303,1487,0.1388
1189,306,1495,0.1388
1206,310,1516,0.1388
1195,308,1503,0.1388
1194,301,1495,0.1388
1194,307,1501,0.1388
1181,310,1491,0.1388
1196,312,1508,0.1388
1192,312,1504,0.1388
1193,313,1506,0.1388
1195,310,1505,0.1388
1188,316,1504,0.1388
1191,312,1503,0.1388
1178,318,1496,0.1388
1185,311,1496,0.1388
1183,321,1504,0.1388
1188,322,1510,0.1388
1181,311,1492,0.1388
1190,317,1507,0.1388
1199,311,1510,0.1388
1194,317,1511,0.1388
1197,315,1512,0.1388
1195,314,1509,0.1388
1190,310,1500,0.1388
1183,309,1492,0.1388
1186,310,1496,0.1388
1181,320,1501,0.1388
1187,318,1505,0.1388
1185,321,1506,0.1388
1185,320,1505,0.1388
1185,313,1498,0.1388
1181,310,1491,0.1388
1182,303,1485,0.1388
1179,311,1490,0.1388
1175,307,1482,0.1388
1167,316,1483,0.1388
1187,319,1506,0.1388
1184,314,1498,0.1388
1191,318,1509,0.1388
1189,315,1504,0.1388
1183,310,1493,0.1388
1189,314,1503,0.1388
1191,323,1514,0.1388
1187,326,1513,0.1388
1196,319,1515,0.1388
1187,318,1505,0.1388
1178,318,1496,0.1388
1179,315,1494,0.1388
1170,313,1483,0.1388
1163,315,1478,0.1388
1153,318,1471,0.1388
1157,319,1476,0.1388
1164,323,1487,0.1388
1176,322,1498,0.1388
1162,320,1482,0.1388
1163,317,1480,0.1388
1156,315,1471,0.1388
1164,314,1478,0.1388
1166,310,1476,0.1388
1179,313,1492,0.1388
1176,318,1494,0.1388
1181,318,1499,0.1388
1179,322,1501,0.1388
1184,320,1504,0.1388
1179,322,1501,0.1388
1178,323,1501,0.1388
1190,323,1513,0.1388
1184,326,1510,0.1388
1169,329,1498,0.1388
1167,333,1500,0.1388
1154,337,1491,0.1388
1150,341,1491,0.1388
1164,334,1498,0.1388
1158,337,1495,0.1388
1162,344,1506,0.1388
1159,340,1499,0.1388
1159,343,1502,0.1388
1157,341,1498,0.1388
1168,341,1509,0.1388
1160,342,1502,0.1388
1170,343,1513,0.1388
1157,343,1500,0.1388
1164,343,1507,0.1388
1159,348,1507,0.1388
1162,348,1510,0.1388
1161,350,1511,0.1388
1156,347,1503,0.1388
1157,344,1501,0.1388
1170,347,1517,0.1388
1160,347,1507,0.1388
1151,345,1496,0.1388
1152,346,1498,0.1388
1145,350,1495,0.1388
1140,343,1483,0.1388
1158,341,1499,0.1388
1147,340,1487,0.1388
1141,339,1480,0.1388
1133,350,1483,0.1388
1144,355,1499,0.1388
1149,349,1498,0.1388
1150,345,1495,0.1388
1152,345,1497,0.1388
1157,348,1505,0.1388
1143,352,1495,0.1388
1134,353,1487,0.1388
1155,356,1511,0.1388
1148,355,1503,0.1388
1144,354,1498,0.1388
1143,356,1499,0.1388
1125,358,1483,0.1388
1139,350,1489,0.1388
1145,357,1502,0.1388
1145,356,1501,0.1388
1150,351,1501,0.1388
1144,355,1499,0.1388
1148,360,1508,0.1388
1148,365,1513,0.1388
1146,363,1509,0.1388
1130,361,1491,0.1388
1135,368,1503,0.1388
1130,369,1499,0.1388
1126,367,1493,0.1388
1115,366,1481,0.1388
1113,364,1477,0.1388
1123,368,1491,0.1388
1135,363,1498,0.1388
1132,365,1497,0.1388
1131,369,1500,0.1388
1131,375,1506,0.1388
1139,373,1512,0.1388
1129,371,1500,0.1388
1132,374,1506,0.1388
1135,372,1507,0.1388
1139,372,1511,0.1388
1135,372,1507,0.1388
1134,377,1511,0.1388
1129,379,1508,0.1388
1121,374,1495,0.1388
1115,375,1490,0.1388
1114,378,1492,0.1388
1114,377,1491,0.1388
1113,381,1494,0.1388
1123,376,1499,0.1388
1112,375,1487,0.1388
1117,376,1493,0.1388
1123,371,1494,0.1388
1120,374,1494,0.1388
1109,376,1485,0.1388
1107,380,1487,0.1388
1109,377,1486,0.1388
1117,380,1497,0.1388
1117,375,1492,0.1388
1123,382,1505,0.1388
1130,381,1511,0.1388
1125,379,1504,0.1388
1119,385,1504,0.1388
1118,376,1494,0.1388
1128,375,1503,0.1388
1117,371,1488,0.1388
1116,373,1489,0.1388
1118,375,1493,0.1388
1114,382,1496,0.1388
1122,383,1505,0.1388
1114,377,1491,0.1388
1111,375,1486,0.1388
1102,375,1477,0.1388
1109,378,1487,0.1388
1112,377,1489,0.1388
1118,385,1503,0.1388
1109,388,1497,0.1388
1110,381,1491,0.1388
1123,375,1498,0.1388
1123,383,1506,0.1388
1127,388,1515,0.1388
1123,381,1504,0.1388
1114,381,1495,0.1388
1106,381,1487,0.1388
1103,388,1491,0.1388
1092,382,1474,0.1388
1095,385,1480,0.1388
1099,392,1491,0.1388
1086,399,1485,0.1388
1093,395,1488,0.1388
1091,397,1488,0.1388
1085,396,1481,0.1388
1081,393,1474,0.1388
1084,391,1475,0.1388
1089,401,1490,0.1388
1098,408,1506,0.1388
1100,406,1506,0.1388
1091,404,1495,0.1388
1097,410,1507,0.1388
1098,407,1505,0.1388
1110,404,1514,0.1388
1105,407,1512,0.1388
1102,402,1504,0.1388
1109,404,1513,0.1388
1106,407,1513,0.1388
1103,408,1511,0.1388
1085,406,1491,0.1388
1093,411,1504,0.1388
1075,419,1494,0.1388
1073,419,1492,0.1388
1064,427,1491,0.1388
1066,425,1491,0.1388
1076,423,1499,0.1388
1082,418,1500,0.1388
1085,415,1500,0.1388
1080,420,1500,0.1388
1075,416,1491,0.1388
1077,421,1498,0.1388
1072,425,1497,0.1388
1076,429,1505,0.1388
1089,426,1515,0.1388
1094,427,1521,0.1388
1092,423,1515,0.1388
1085,423,1508,0.1388
1094,421,1515,0.1388
1083,434,1517,0.1388
1075,430,1505,0.1388
1067,427,1494,0.1388
1063,430,1493,0.1388
1061,435,1496,0.1388
1062,430,1492,0.1388
1080,431,1511,0.1388
1056,438,1494,0.1388
1070,437,1507,0.1388
1062,433,1495,0.1388
1067,429,1496,0.1388
1069,426,1495,0.1388
1078,425,1503,0.1388
1083,432,1515,0.1388
1073,424,1497,0.1388
1077,424,1501,0.1388
1080,430,1510,0.1388
1076,429,1505,0.1388
1074,433,1507,0.1388
1070,431,1501,0.1388
1059,439,1498,0.1388
1052,433,1485,0.1388
1052,428,1480,0.1388
1053,436,1489,0.1388
1065,439,1504,0.1388
1064,442,1506,0.1388
1067,443,1510,0.1388
1073,434,1507,0.1388
1080,429,1509,0.1388
1065,435,1500,0.1388
1065,436,1501,0.1388
1071,442,1513,0.1388
1065,439,1504,0.1388
1065,443,1508,0.1388
1063,441,1504,0.1388
1064,440,1504,0.1388
1071,430,1501,0.1388
1072,434,1506,0.1388
1069,427,1496,0.1388
1060,436,1496,0.1388
1064,436,1500,0.1388
1063,439,1502,0.1388
1070,437,1507,0.1388
1062,438,1500,0.1388
1061,434,1495,0.1388
1068,446,1514,0.1388
1069,447,1516,0.1388
1062,449,1511,0.1388
1070,449,1519,0.1388
1068,449,1517,0.1388
1059,446,1505,0.1388
1049,446,1495,0.1388
1056,450,1506,0.1388
1053,452,1505,0.1388
1054,449,1503,0.1388
1051,449,1500,0.1388
1050,449,1499,0.1388
1042,458,1500,0.1388
1041,460,1501,0.1388
1028,463,1491,0.1388
1037,466,1503,0.1388
1023,471,1494,0.1388
1013,469,1482,0.1388
1017,472,1489,0.1388
1020,481,1501,0.1388
1031,479,1510,0.1388
1022,481,1503,0.1388
1018,478,1496,0.1388
1005,481,1486,0.1388
1007,475,1482,0.1388
1019,475,1494,0.1388
1011,471,1482,0.1388
1004,463,1467,0.1388
1009,470,1479,0.1388
1006,474,1480,0.1388
1014,481,1495,0.1388
1017,481,1498,0.1388
1025,484,1509,0.1388
1030,476,1506,0.1388
1030,483,1513,0.1388
1021,484,1505,0.1388
1015,482,1497,0.1388
1018,482,1500,0.1388
1010,485,1495,0.1388
1011,493,1504,0.1388
1011,492,1503,0.1388
1004,491,1495,0.1388
1011,494,1505,0.1388
1021,496,1517,0.1388
1032,493,1525,0.1388
1034,488,1522,0.1388
1020,484,1504,0.1388
1008,490,1498,0.1388
1000,481,1481,0.1388
1003,487,1490,0.1388
1014,492,1506,0.1388
1010,483,1493,0.1388
1009,487,1496,0.1388
1003,491,1494,0.1388
1006,484,1490,0.1388
1001,476,1477,0.1388
997,480,1477,0.1388
990,484,1474,0.1388
985,486,1471,0.1388
995,493,1488,0.1388
998,491,1489,0.1388
996,488,1484,0.1388
1003,483,1486,0.1388
1012,480,1492,0.1388
1011,490,1501,0.1388
1016,485,1501,0.1388
1013,488,1501,0.1388
1017,485,1502,0.1388
1012,487,1499,0.1388
1017,491,1508,0.1388
1010,493,1503,0.1388
999,491,1490,0.1388
995,494,1489,0.1388
1005,503,1508,0.1388
997,509,1506,0.1388
1002,512,1514,0.1388
997,510,1507,0.1388
1003,507,1510,0.1388
1000,509,1509,0.1388
1001,509,1510,0.1388
998,514,1512,0.1388
992,516,1508,0.1388
983,512,1495,0.1388
987,508,1495,0.1388
997,509,1506,0.1388
1007,508,1515,0.1388
1006,504,1510,0.1388
999,500,1499,0.1388
1014,496,1510,0.1388
1009,506,1515,0.1388
1009,511,1520,0.1388
1004,515,1519,0.1388
1006,511,1517,0.1388
1007,504,1511,0.1388
994,499,1493,0.1388
992,505,1497,0.1388
987,512,1499,0.1388
986,517,1503,0.1388
992,518,1510,0.1388
977,522,1499,0.1388
981,523,1504,0.1388
970,518,1488,0.1388
971,523,1494,0.1388
966,518,1484,0.1388
973,523,1496,0.1388
973,531,1504,0.1388
981,534,1515,0.1388
989,533,1522,0.1388
984,537,1521,0.1388
978,525,1503,0.1388
979,517,1496,0.1388
975,519,1494,0.1388
972,523,1495,0.1388
971,527,1498,0.1388
961,524,1485,0.1388
970,530,1500,0.1388
968,537,1505,0.1388
972,535,1507,0.1388
955,531,1486,0.1388
961,538,1499,0.1388
965,536,1501,0.1388
962,534,1496,0.1388
959,543,1502,0.1388
961,551,1512,0.1388
972,550,1522,0.1388
956,552,1508,0.1388
955,554,1509,0.1388
960,559,1519,0.1388
960,563,1523,0.1388
954,562,1516,0.1388
957,560,1517,0.1388
954,558,1512,0.1388
950,552,1502,0.1388
934,554,1488,0.1388
944,563,1507,0.1388
941,559,1500,0.1388
925,557,1482,0.1388
932,564,1496,0.1388
935,557,1492,0.1388
948,551,1499,0.1388
952,553,1505,0.1388
954,559,1513,0.1388
946,560,1506,0.1388
951,557,1508,0.1388
935,564,1499,0.1388
930,564,1494,0.1388
925,565,1490,0.1388
928,560,1488,0.1388
926,568,1494,0.1388
933,563,1496,0.1388
932,566,1498,0.1388
927,562,1489,0.1388
929,567,1496,0.1388
924,568,1492,0.1388
919,582,1501,0.1388
915,581,1496,0.1388
911,584,1495,0.1388
915,587,1502,0.1388
911,585,1496,0.1388
910,586,1496,0.1388
912,593,1505,0.1388
906,594,1500,0.1388
909,594,1503,0.1388
906,589,1495,0.1388
912,589,1501,0.1388
905,587,1492,0.1388
906,600,1506,0.1388
903,595,1498,0.1388
907,598,1505,0.1388
912,591,1503,0.1388
912,592,1504,0.1388
905,587,1492,0.1388
909,589,1498,0.1388
913,581,1494,0.1388
906,585,1491,0.1388
905,584,1489,0.1388
902,579,1481,0.1388
905,589,1494,0.1388
902,588,1490,0.1388
904,586,1490,0.1388
905,594,1499,0.1388
911,600,1511,0.1388
912,590,1502,0.1388
907,596,1503,0.1388
903,604,1507,0.1388
899,597,1496,0.1388
895,598,1493,0.1388
889,604,1493,0.1388
891,609,1500,0.1388
887,608,1495,0.1388
893,606,1499,0.1388
891,607,1498,0.1388
900,605,1505,0.1388
905,618,1523,0.1388
898,613,1511,0.1388
894,612,1506,0.1388
892,609,1501,0.1388
891,618,1509,0.1388
884,616,1500,0.1388
894,611,1505,0.1388
889,609,1498,0.1388
883,610,1493,0.1388
878,611,1489,0.1388
886,611,1497,0.1388
895,614,1509,0.1388
900,602,1502,0.1388
896,605,1501,0.1388
892,605,1497,0.1388
891,603,1494,0.1388
886,610,1496,0.1388
888,620,1508,0.1388
878,620,1498,0.1388
883,625,1508,0.1388
881,623,1504,0.1388
879,624,1503,0.1388
877,622,1499,0.1388
876,620,1496,0.1388
869,631,1500,0.1388
864,630,1494,0.1388
862,626,1488,0.1388
873,632,1505,0.1388
882,631,1513,0.1388
889,634,1523,0.1388
886,623,1509,0.1388
885,620,1505,0.1388
876,630,1506,0.1388
879,631,1510,0.1388
883,626,1509,0.1388
882,629,1511,0.1388
882,629,1511,0.1388
885,624,1509,0.1388
882,624,1506,0.1388
890,624,1514,0.1388
876,626,1502,0.1388
881,637,1518,0.1388
871,634,1505,0.1388
873,643,1516,0.1388
875,640,1515,0.1388
872,643,1515,0.1388
878,634,1512,0.1388
873,637,1510,0.1388
874,638,1512,0.1388
874,633,1507,0.1388
876,629,1505,0.1388
871,628,1499,0.1388
875,625,1500,0.1388
868,628,1496,0.1388
868,629,1497,0.1388
865,630,1495,0.1388
865,640,1505,0.1388
862,636,1498,0.1388
867,648,1515,0.1388
865,648,1513,0.1388
866,645,1511,0.1388
862,642,1504,0.1388
858,641,1499,0.1388
856,643,1499,0.1388
849,653,1502,0.1388
841,653,1494,0.1388
855,662,1517,0.1388
857,654,1511,0.1388
853,662,1515,0.1388
850,660,1510,0.1388
846,661,1507,0.1388
841,652,1493,0.1388
848,659,1507,0.1388
845,648,1493,0.1388
849,646,1495,0.1388
845,653,1498,0.1388
848,655,1503,0.1388
845,662,1507,0.1388
850,663,1513,0.1388
838,669,1507,0.1388
837,668,1505,0.1388
829,675,1504,0.1388
825,669,1494,0.1388
819,660,1479,0.1388
810,664,1474,0.1388
811,660,1471,0.1388
813,662,1475,0.1388
814,665,1479,0.1388
823,669,1492,0.1388
825,673,1498,0.1388
818,665,1483,0.1388
825,658,1483,0.1388
822,667,1489,0.1388
831,668,1499,0.1388
828,668,1496,0.1388
825,673,1498,0.1388
829,675,1504,0.1388
835,673,1508,0.1388
833,669,1502,0.1388
834,662,1496,0.1388
832,664,1496,0.1388
816,667,1483,0.1388
811,675,1486,0.1388
821,673,1494,0.1388
823,670,1493,0.1388
818,674,1492,0.1388
818,683,1501,0.1388
826,689,1515,0.1388
824,693,1517,0.1388
823,689,1512,0.1388
826,690,1516,0.1388
819,687,1506,0.1388
814,694,1508,0.1388
823,686,1509,0.1388
809,691,1500,0.1388
798,694,1492,0.1388
789,702,1491,0.1388
785,703,1488,0.1388
785,702,1487,0.1388
799,709,1508,0.1388
795,712,1507,0.1388
793,704,1497,0.1388
800,714,1514,0.1388
790,709,1499,0.1388
800,707,1507,0.1388
794,703,1497,0.1388
800,705,1505,0.1388
795,705,1500,0.1388
809,700,1509,0.1388
811,699,1510,0.1388
809,704,1513,0.1388
812,702,1514,0.1388
807,709,1516,0.1388
809,714,1523,0.1388
801,707,1508,0.1388
797,714,1511,0.1388
809,709,1518,0.1388
804,708,1512,0.1388
796,712,1508,0.1388
795,710,1505,0.1388
789,704,1493,0.1388
803,714,1517,0.1388
788,717,1505,0.1388
783,719,1502,0.1388
797,722,1519,0.1388
781,719,1500,0.1388
783,727,1510,0.1388
782,725,1507,0.1388
783,726,1509,0.1388
787,726,1513,0.1388
781,727,1508,0.1388
782,735,1517,0.1388
788,726,1514,0.1388
780,725,1505,0.1388
775,728,1503,0.1388
752,733,1485,0.1388
761,738,1499,0.1388
764,742,1506,0.1388
770,735,1505,0.1388
769,723,1492,0.1388
775,718,1493,0.1388
780,715,1495,0.1388
777,722,1499,0.1388
771,720,1491,0.1388
769,729,1498,0.1388
778,736,1514,0.1388
781,728,1509,0.1388
777,729,1506,0.1388
787,727,1514,0.1388
788,723,1511,0.1388
791,724,1515,0.1388
787,730,1517,0.1388
789,728,1517,0.1388
790,724,1514,0.1388
778,724,1502,0.1388
783,734,1517,0.1388
786,737,1523,0.1388
783,732,1515,0.1388
782,733,1515,0.1388
785,733,1518,0.1388
782,735,1517,0.1388
776,729,1505,0.1388
767,722,1489,0.1388
769,727,1496,0.1388
775,727,1502,0.1388
771,718,1489,0.1388
766,723,1489,0.1388
761,730,1491,0.1388
759,729,1488,0.1388
775,730,1505,0.1388
768,731,1499,0.1388
778,730,1508,0.1388
775,731,1506,0.1388
765,734,1499,0.1388
764,737,1501,0.1388
768,739,1507,0.1388
758,742,1500,0.1388
760,737,1497,0.1388
761,745,1506,0.1388
760,751,1511,0.1388
760,754,1514,0.1388
765,751,1516,0.1388
761,747,1508,0.1388
757,744,1501,0.1388
740,746,1486,0.1388
746,742,1488,0.1388
751,757,1508,0.1388
742,754,1496,0.1388
736,755,1491,0.1388
737,756,1493,0.1388
739,754,1493,0.1388
740,757,1497,0.1388
742,759,1501,0.1388
729,761,1490,0.1388
727,758,1485,0.1388
724,763,1487,0.1388
738,760,1498,0.1388
740,762,1502,0.1388
736,757,1493,0.1388
745,756,1501,0.1388
746,758,1504,0.1388
743,757,1500,0.1388
744,758,1502,0.1388
738,766,1504,0.1388
734,761,1495,0.1388
742,766,1508,0.1388
738,759,1497,0.1388
737,761,1498,0.1388
731,771,1502,0.1388
728,768,1496,0.1388
733,771,1504,0.1388
738,771,1509,0.1388
736,778,1514,0.1388
730,776,1506,0.1388
730,777,1507,0.1388
726,785,1511,0.1388
722,792,1514,0.1388
727,793,1520,0.1388
722,799,1521,0.1388
714,793,1507,0.1388
714,791,1505,0.1388
720,789,1509,0.1388
707,791,1498,0.1388
704,797,1501,0.1388
702,793,1495,0.1388
709,784,1493,0.1388
723,786,1509,0.1388
720,787,1507,0.1388
725,783,1508,0.1388
731,785,1516,0.1388
722,787,1509,0.1388
716,800,1516,0.1388
710,790,1500,0.1388
717,790,1507,0.1388
712,790,1502,0.1388
707,788,1495,0.1388
712,795,1507,0.1388
705,797,1502,0.1388
702,795,1497,0.1388
691,785,1476,0.1388
699,806,1505,0.1388
698,806,1504,0.1388
699,806,1505,0.1388
697,801,1498,0.1388
695,793,1488,0.1388
689,801,1490,0.1388
688,807,1495,0.1388
684,815,1499,0.1388
688,809,1497,0.1388
697,810,1507,0.1388
692,813,1505,0.1388
688,821,1509,0.1388
689,825,1514,0.1388
682,815,1497,0.1388
685,801,1486,0.1388
687,801,1488,0.1388
699,802,1501,0.1388
700,801,1501,0.1388
698,804,1502,0.1388
697,816,1513,0.1388
701,817,1518,0.1388
693,821,1514,0.1388
692,824,1516,0.1388
692,818,1510,0.1388
687,822,1509,0.1388
687,822,1509,0.1388
683,813,1496,0.1388
681,825,1506,0.1388
678,832,1510,0.1388
687,836,1523,0.1388
688,832,1520,0.1388
686,823,1509,0.1388
683,832,1515,0.1388
682,829,1511,0.1388
686,827,1513,0.1388
680,831,1511,0.1388
693,829,1522,0.1388
679,834,1513,0.1388
680,843,1523,0.1388
674,837,1511,0.1388
677,846,1523,0.1388
682,836,1518,0.1388
680,838,1518,0.1388
671,832,1503,0.1388
668,833,1501,0.1388
673,831,1504,0.1388
681,830,1511,0.1388
676,825,1501,0.1388
681,824,1505,0.1388
684,825,1509,0.1388
679,828,1507,0.1388
678,831,1509,0.1388
675,834,1509,0.1388
682,847,1529,0.1388
676,838,1514,0.1388
673,828,1501,0.1388
677,834,1511,0.1388
684,836,1520,0.1388
676,839,1515,0.1388
671,838,1509,0.1388
669,833,1502,0.1388
673,826,1499,0.1388
668,831,1499,0.1388
665,825,1490,0.1388
665,833,1498,0.1388
668,841,1509,0.1388
662,837,1499,0.1388
666,839,1505,0.1388
662,845,1507,0.1388
658,841,1499,0.1388
662,847,1509,0.1388
668,840,1508,0.1388
667,845,1512,0.1388
662,839,1501,0.1388
665,842,1507,0.1388
660,847,1507,0.1388
654,854,1508,0.1388
655,855,1510,0.1388
647,851,1498,0.1388
646,862,1508,0.1388
653,857,1510,0.1388
664,858,1522,0.1388
663,862,1525,0.1388
657,862,1519,0.1388
653,857,1510,0.1388
654,856,1510,0.1388
650,861,1511,0.1388
647,866,1513,0.1388
650,872,1522,0.1388
645,863,1508,0.1388
647,857,1504,0.1388
643,860,1503,0.1388
646,850,1496,0.1388
648,858,1506,0.1388
642,856,1498,0.1388
643,862,1505,0.1388
644,860,1504,0.1388
638,858,1496,0.1388
636,857,1493,0.1388
630,864,1494,0.1388
636,863,1499,0.1388
631,857,1488,0.1388
634,861,1495,0.1388
638,861,1499,0.1388
635,854,1489,0.1388
634,856,1490,0.1388
627,865,1492,0.1388
626,863,1489,0.1388
628,866,1494,0.1388
632,870,1502,0.1388
631,873,1504,0.1388
627,883,1510,0.1388
627,872,1499,0.1388
632,870,1502,0.1388
639,874,1513,0.1388
642,872,1514,0.1388
636,872,1508,0.1388
641,869,1510,0.1388
635,864,1499,0.1388
631,857,1488,0.1388
628,867,1495,0.1388
624,870,1494,0.1388
630,864,1494,0.1388
625,866,1491,0.1388
631,869,1500,0.1388
636,872,1508,0.1388
640,872,1512,0.1388
630,879,1509,0.1388
634,886,1520,0.1388
635,890,1525,0.1388
645,875,1520,0.1388
644,878,1522,0.1388
637,880,1517,0.1388
625,881,1506,0.1388
631,880,1511,0.1388
638,881,1519,0.1388
640,881,1521,0.1388
637,876,1513,0.1388
632,862,1494,0.1388
627,863,1490,0.1388
632,864,1496,0.1388
618,870,1488,0.1388
617,869,1486,0.1388
618,872,1490,0.1388
619,875,1494,0.1388
618,884,1502,0.1388
622,896,1518,0.1388
618,905,1523,0.1388
609,896,1505,0.1388
603,895,1498,0.1388
612,890,1502,0.1388
602,887,1489,0.1388
612,890,1502,0.1388
614,883,1497,0.1388
612,888,1500,0.1388
614,885,1499,0.1388
615,884,1499,0.1388
615,892,1507,0.1388
610,894,1504,0.1388
610,896,1506,0.1388
616,888,1504,0.1388
616,899,1515,0.1388
612,906,1518,0.1388
606,902,1508,0.1388
602,896,1498,0.1388
606,888,1494,0.1388
610,901,1511,0.1388
612,896,1508,0.1388
615,880,1495,0.1388
610,887,1497,0.1388
612,884,1496,0.1388
606,891,1497,0.1388
610,897,1507,0.1388
604,885,1489,0.1388
605,881,1486,0.1388
602,896,1498,0.1388
600,905,1505,0.1388
602,893,1495,0.1388
608,901,1509,0.1388
608,900,1508,0.1388
610,908,1518,0.1388
600,913,1513,0.1388
608,915,1523,0.1388
600,919,1519,0.1388
602,916,1518,0.1388
600,913,1513,0.1388
603,907,1510,0.1388
605,906,1511,0.1388
600,897,1497,0.1388
598,897,1495,0.1388
602,907,1509,0.1388
590,905,1495,0.1388
592,907,1499,0.1388
596,904,1500,0.1388
588,915,1503,0.1388
586,916,1502,0.1388
584,917,1501,0.1388
590,916,1506,0.1388
584,919,1503,0.1388
581,927,1508,0.1388
591,924,1515,0.1388
580,933,1513,0.1388
582,921,1503,0.1388
575,927,1502,0.1388
581,925,1506,0.1388
577,928,1505,0.1388
578,942,1520,0.1388
581,936,1517,0.1388
578,941,1519,0.1388
584,945,1529,0.1388
580,945,1525,0.1388
583,938,1521,0.1388
573,946,1519,0.1388
571,942,1513,0.1388
568,945,1513,0.1388
565,953,1518,0.1388
568,945,1513,0.1388
563,953,1516,0.1388
559,957,1516,0.1388
555,952,1507,0.1388
546,959,1505,0.1388
545,952,1497,0.1388
549,955,1504,0.1388
552,969,1521,0.1388
558,954,1512,0.1388
556,958,1514,0.1388
553,950,1503,0.1388
547,956,1503,0.1388
546,955,1501,0.1388
546,952,1498,0.1388
550,948,1498,0.1388
548,948,1496,0.1388
551,953,1504,0.1388
559,955,1514,0.1388
564,952,1516,0.1388
563,948,1511,0.1388
570,951,1521,0.1388
569,950,1519,0.1388
567,939,1506,0.1388
562,937,1499,0.1388
568,951,1519,0.1388
567,939,1506,0.1388
567,947,1514,0.1388
564,937,1501,0.1388
562,952,1514,0.1388
559,942,1501,0.1388
559,946,1505,0.1388
564,955,1519,0.1388
562,949,1511,0.1388
556,963,1519,0.1388
555,956,1511,0.1388
558,952,1510,0.1388
563,955,1518,0.1388
559,959,1518,0.1388
552,965,1517,0.1388
553,965,1518,0.1388
550,970,1520,0.1388
548,980,1528,0.1388
551,962,1513,0.1388
556,963,1519,0.1388
549,957,1506,0.1388
551,957,1508,0.1388
552,965,1517,0.1388
548,976,1524,0.1388
543,964,1507,0.1388
539,958,1497,0.1388
547,964,1511,0.1388
543,963,1506,0.1388
553,966,1519,0.1388
552,963,1515,0.1388
547,951,1498,0.1388
563,961,1524,0.1388
559,973,1532,0.1388
562,969,1531,0.1388
562,967,1529,0.1388
553,970,1523,0.1388
558,958,1516,0.1388
549,949,1498,0.1388
546,961,1507,0.1388
545,960,1505,0.1388
538,961,1499,0.1388
538,975,1513,0.1388
536,972,1508,0.1388
533,977,1510,0.1388
546,974,1520,0.1388
542,964,1506,0.1388
538,966,1504,0.1388
539,970,1509,0.1388
542,963,1505,0.1388
540,958,1498,0.1388
543,955,1498,0.1388
551,953,1504,0.1388
548,954,1502,0.1388
540,970,1510,0.1388
540,977,1517,0.1388
542,978,1520,0.1388
546,970,1516,0.1388
546,969,1515,0.1388
550,970,1520,0.1388
539,975,1514,0.1388
540,962,1502,0.1388
537,962,1499,0.1388
537,962,1499,0.1388
537,975,1512,0.1388
533,980,1513,0.1388
536,974,1510,0.1388
535,980,1515,0.1388
540,977,1517,0.1388
537,971,1508,0.1388
538,970,1508,0.1388
541,962,1503,0.1388
532,956,1488,0.1388
525,961,1486,0.1388
522,974,1496,0.1388
531,990,1521,0.1388
526,986,1512,0.1388
520,987,1507,0.1388
521,984,1505,0.1388
526,991,1517,0.1388
527,992,1519,0.1388
529,981,1510,0.1388
517,989,1506,0.1388
516,993,1509,0.1388
516,990,1506,0.1388
516,999,1515,0.1388
511,1008,1519,0.1388
503,1010,1513,0.1388
500,1009,1509,0.1388
508,1009,1517,0.1388
512,1003,1515,0.1388
510,1001,1511,0.1388
510,1008,1518,0.1388
506,1005,1511,0.1388
506,998,1504,0.1388
504,1009,1513,0.1388
496,1000,1496,0.1388
493,1004,1497,0.1388
492,1008,1500,0.1388
494,1007,1501,0.1388
495,1010,1505,0.1388
496,1008,1504,0.1388
490,1020,1510,0.1388
494,1023,1517,0.1388
494,1027,1521,0.1388
493,1021,1514,0.1388
498,1026,1524,0.1388
495,1033,1528,0.1388
492,1023,1515,0.1388
489,1023,1512,0.1388
491,1023,1514,0.1388
488,1022,1510,0.1388
484,1019,1503,0.1388
474,1028,1502,0.1388
477,1027,1504,0.1388
466,1030,1496,0.1388
473,1032,1505,0.1388
467,1039,1506,0.1388
471,1037,1508,0.1388
469,1041,1510,0.1388
471,1043,1514,0.1388
478,1039,1517,0.1388
480,1034,1514,0.1388
482,1030,1512,0.1388
471,1034,1505,0.1388
472,1038,1510,0.1388
473,1026,1499,0.1388
480,1033,1513,0.1388
481,1030,1511,0.1388
490,1026,1516,0.1388
486,1031,1517,0.1388
480,1025,1505,0.1388
485,1031,1516,0.1388
481,1034,1515,0.1388
481,1044,1525,0.1388
484,1043,1527,0.1388
482,1045,1527,0.1388
479,1031,1510,0.1388
486,1017,1503,0.1388
491,1018,1509,0.1388
494,1017,1511,0.1388
491,1003,1494,0.1388
483,1019,1502,0.1388
480,1038,1518,0.1388
483,1039,1522,0.1388
475,1053,1528,0.1388
475,1056,1531,0.1388
472,1056,1528,0.1388
473,1046,1519,0.1388
474,1040,1514,0.1388
477,1035,1512,0.1388
474,1034,1508,0.1388
469,1042,1511,0.1388
467,1043,1510,0.1388
473,1038,1511,0.1388
471,1039,1510,0.1388
463,1045,1508,0.1388
466,1042,1508,0.1388
469,1047,1516,0.1388
472,1048,1520,0.1388
476,1051,1527,0.1388
482,1049,1531,0.1388
478,1050,1528,0.1388
483,1038,1521,0.1388
475,1035,1510,0.1388
471,1043,1514,0.1388
470,1038,1508,0.1388
470,1047,1517,0.1388
468,1049,1517,0.1388
473,1039,1512,0.1388
474,1040,1514,0.1388
477,1034,1511,0.1388
477,1027,1504,0.1388
474,1028,1502,0.1388
472,1052,1524,0.1388
476,1051,1527,0.1388
471,1046,1517,0.1388
470,1057,1527,0.1388
468,1051,1519,0.1388
456,1052,1508,0.1388
469,1048,1517,0.1388
468,1044,1512,0.1388
466,1049,1515,0.1388
463,1055,1518,0.1388
473,1050,1523,0.1388
471,1051,1522,0.1388
469,1046,1515,0.1388
466,1046,1512,0.1388
465,1040,1505,0.1388
465,1046,1511,0.1388
457,1052,1509,0.1388
461,1048,1509,0.1388
457,1049,1506,0.1388
459,1052,1511,0.1388
460,1053,1513,0.1388
459,1060,1519,0.1388
453,1065,1518,0.1388
448,1056,1504,0.1388
449,1057,1506,0.1388
447,1060,1507,0.1388
439,1066,1505,0.1388
442,1077,1519,0.1388
439,1063,1502,0.1388
443,1068,1511,0.1388
446,1074,1520,0.1388
450,1072,1522,0.1388
457,1073,1530,0.1388
452,1072,1524,0.1388
450,1063,1513,0.1388
447,1064,1511,0.1388
454,1070,1524,0.1388
458,1058,1516,0.1388
455,1059,1514,0.1388
446,1066,1512,0.1388
446,1062,1508,0.1388
447,1049,1496,0.1388
452,1056,1508,0.1388
451,1059,1510,0.1388
459,1068,1527,0.1388
458,1062,1520,0.1388
450,1058,1508,0.1388
443,1064,1507,0.1388
446,1057,1503,0.1388
454,1063,1517,0.1388
454,1059,1513,0.1388
456,1052,1508,0.1388
462,1053,1515,0.1388
473,1047,1520,0.1388
472,1050,1522,0.1388
470,1046,1516,0.1388
462,1051,1513,0.1388
456,1057,1513,0.1388
470,1048,1518,0.1388
465,1048,1513,0.1388
468,1046,1514,0.1388
460,1056,1516,0.1388
458,1054,1512,0.1388
458,1049,1507,0.1388
457,1046,1503,0.1388
462,1042,1504,0.1388
467,1044,1511,0.1388
465,1047,1512,0.1388
468,1052,1520,0.1388
471,1053,1524,0.1388
479,1057,1536,0.1388
469,1057,1526,0.1388
468,1046,1514,0.1388
467,1042,1509,0.1388
467,1039,1506,0.1388
466,1039,1505,0.1388
466,1037,1503,0.1388
465,1035,1500,0.1388
457,1039,1496,0.1388
456,1048,1504,0.1388
462,1055,1517,0.1388
463,1053,1516,0.1388
461,1052,1513,0.1388
455,1052,1507,0.1388
455,1049,1504,0.1388
459,1040,1499,0.1388
455,1039,1494,0.1388
459,1035,1494,0.1388
453,1049,1502,0.1388
451,1056,1507,0.1388
450,1065,1515,0.1388
452,1059,1511,0.1388
458,1065,1523,0.1388
455,1067,1522,0.1388
457,1061,1518,0.1388
446,1056,1502,0.1388
442,1071,1513,0.1388
439,1062,1501,0.1388
439,1066,1505,0.1388
443,1077,1520,0.1388
454,1086,1540,0.1388
449,1082,1531,0.1388
437,1083,1520,0.1388
438,1078,1516,0.1388
445,1073,1518,0.1388
441,1078,1519,0.1388
440,1074,1514,0.1388
442,1077,1519,0.1388
439,1074,1513,0.1388
447,1070,1517,0.1388
443,1075,1518,0.1388
442,1082,1524,0.1388
443,1085,1528,0.1388
435,1086,1521,0.1388
438,1079,1517,0.1388
432,1083,1515,0.1388
428,1087,1515,0.1388
424,1088,1512,0.1388
432,1087,1519,0.1388
426,1092,1518,0.1388
429,1081,1510,0.1388
430,1084,1514,0.1388
422,1088,1510,0.1388
422,1095,1517,0.1388
426,1098,1524,0.1388
422,1094,1516,0.1388
418,1085,1503,0.1388
415,1088,1503,0.1388
418,1092,1510,0.1388
408,1090,1498,0.1388
407,1089,1496,0.1388
413,1092,1505,0.1388
413,1104,1517,0.1388
412,1099,1511,0.1388
413,1088,1501,0.1388
420,1088,1508,0.1388
410,1091,1501,0.1388
402,1105,1507,0.1388
403,1100,1503,0.1388
398,1106,1504,0.1388
394,1110,1504,0.1388
399,1099,1498,0.1388
395,1096,1491,0.1388
396,1105,1501,0.1388
400,1107,1507,0.1388
399,1093,1492,0.1388
399,1095,1494,0.1388
402,1101,1503,0.1388
400,1094,1494,0.1388
401,1108,1509,0.1388
400,1108,1508,0.1388
397,1108,1505,0.1388
397,1127,1524,0.1388
403,1123,1526,0.1388
404,1115,1519,0.1388
402,1115,1517,0.1388
401,1116,1517,0.1388
405,1123,1528,0.1388
399,1123,1522,0.1388
394,1120,1514,0.1388
392,1126,1518,0.1388
395,1115,1510,0.1388
394,1123,1517,0.1388
386,1117,1503,0.1388
386,1117,1503,0.1388
385,1119,1504,0.1388
380,1132,1512,0.1388
380,1123,1503,0.1388
383,1134,1517,0.1388
383,1134,1517,0.1388
381,1127,1508,0.1388
372,1128,1500,0.1388
379,1123,1502,0.1388
381,1125,1506,0.1388
387,1130,1517,0.1388
386,1134,1520,0.1388
382,1135,1517,0.1388
380,1133,1513,0.1388
380,1131,1511,0.1388
371,1130,1501,0.1388
372,1133,1505,0.1388
377,1133,1510,0.1388
380,1140,1520,0.1388
382,1142,1524,0.1388
380,1135,1515,0.1388
387,1133,1520,0.1388
386,1141,1527,0.1388
390,1142,1532,0.1388
393,1141,1534,0.1388
388,1141,1529,0.1388
383,1139,1522,0.1388
389,1132,1521,0.1388
387,1128,1515,0.1388
386,1140,1526,0.1388
387,1138,1525,0.1388
385,1138,1523,0.1388
381,1128,1509,0.1388
383,1128,1511,0.1388
386,1136,1522,0.1388
388,1130,1518,0.1388
387,1132,1519,0.1388
390,1129,1519,0.1388
383,1127,1510,0.1388
381,1137,1518,0.1388
379,1144,1523,0.1388
381,1143,1524,0.1388
374,1146,1520,0.1388
369,1144,1513,0.1388
377,1137,1514,0.1388
375,1139,1514,0.1388
376,1138,1514,0.1388
369,1141,1510,0.1388
375,1145,1520,0.1388
372,1146,1518,0.1388
367,1150,1517,0.1388
363,1153,1516,0.1388
364,1154,1518,0.1388
361,1170,1531,0.1388
362,1166,1528,0.1388
362,1167,1529,0.1388
351,1171,1522,0.1388
351,1165,1516,0.1388
352,1166,1518,0.1388
358,1161,1519,0.1388
355,1159,1514,0.1388
349,1167,1516,0.1388
346,1170,1516,0.1388
349,1158,1507,0.1388
346,1163,1509,0.1388
350,1154,1504,0.1388
349,1158,1507,0.1388
351,1164,1515,0.1388
343,1162,1505,0.1388
340,1158,1498,0.1388
342,1171,1513,0.1388
337,1162,1499,0.1388
339,1158,1497,0.1388
337,1164,1501,0.1388
339,1163,1502,0.1388
339,1153,1492,0.1388
339,1171,1510,0.1388
339,1179,1518,0.1388
339,1169,1508,0.1388
331,1170,1501,0.1388
330,1163,1493,0.1388
330,1165,1495,0.1388
329,1184,1513,0.1388
326,1185,1511,0.1388
325,1186,1511,0.1388
331,1180,1511,0.1388
330,1186,1516,0.1388
327,1183,1510,0.1388
328,1180,1508,0.1388
319,1182,1501,0.1388
315,1174,1489,0.1388
318,1170,1488,0.1388
315,1185,1500,0.1388
309,1189,1498,0.1388
308,1194,1502,0.1388
313,1197,1510,0.1388
314,1208,1522,0.1388
317,1211,1528,0.1388
320,1199,1519,0.1388
315,1203,1518,0.1388
318,1201,1519,0.1388
317,1196,1513,0.1388
317,1200,1517,0.1388
309,1208,1517,0.1388
311,1191,1502,0.1388
311,1184,1495,0.1388
311,1199,1510,0.1388
311,1193,1504,0.1388
311,1193,1504,0.1388
308,1188,1496,0.1388
306,1191,1497,0.1388
303,1191,1494,0.1388
302,1191,1493,0.1388
307,1194,1501,0.1388
303,1216,1519,0.1388
298,1213,1511,0.1388
298,1214,1512,0.1388
293,1216,1509,0.1388
299,1212,1511,0.1388
300,1205,1505,0.1388
303,1209,1512,0.1388
307,1211,1518,0.1388
302,1225,1527,0.1388
303,1231,1534,0.1388
303,1226,1529,0.1388
302,1222,1524,0.1388
296,1209,1505,0.1388
295,1215,1510,0.1388
291,1213,1504,0.1388
299,1216,1515,0.1388
295,1217,1512,0.1388
297,1234,1531,0.1388
290,1242,1532,0.1388
288,1237,1525,0.1388
289,1226,1515,0.1388
286,1221,1507,0.1388
287,1223,1510,0.1388
295,1221,1516,0.1388
296,1223,1519,0.1388
287,1226,1513,0.1388
288,1228,1516,0.1388
294,1234,1528,0.1388
291,1226,1517,0.1388
293,1223,1516,0.1388
291,1240,1531,0.1388
287,1227,1514,0.1388
286,1210,1496,0.1388
290,1213,1503,0.1388
288,1211,1499,0.1388
287,1225,1512,0.1388
284,1230,1514,0.1388
289,1230,1519,0.1388
287,1244,1531,0.1388
286,1239,1525,0.1388
282,1222,1504,0.1388
278,1223,1501,0.1388
279,1233,1512,0.1388
277,1236,1513,0.1388
285,1239,1524,0.1388
281,1229,1510,0.1388
284,1245,1529,0.1388
283,1250,1533,0.1388
277,1238,1515,0.1388
281,1228,1509,0.1388
282,1227,1509,0.1388
277,1231,1508,0.1388
275,1238,1513,0.1388
278,1238,1516,0.1388
284,1239,1523,0.1388
280,1236,1516,0.1388
278,1247,1525,0.1388
277,1239,1516,0.1388
279,1240,1519,0.1388
284,1239,1523,0.1388
278,1235,1513,0.1388
277,1235,1512,0.1388
275,1246,1521,0.1388
271,1237,1508,0.1388
274,1242,1516,0.1388
275,1250,1525,0.1388
280,1234,1514,0.1388
286,1236,1522,0.1388
281,1224,1505,0.1388
278,1228,1506,0.1388
289,1223,1512,0.1388
291,1230,1521,0.1388
289,1239,1528,0.1388
285,1225,1510,0.1388
283,1225,1508,0.1388
284,1238,1522,0.1388
280,1234,1514,0.1388
281,1236,1517,0.1388
283,1233,1516,0.1388
282,1234,1516,0.1388
285,1224,1509,0.1388
282,1231,1513,0.1388
284,1231,1515,0.1388
280,1241,1521,0.1388
275,1230,1505,0.1388
274,1234,1508,0.1388
276,1235,1511,0.1388
273,1233,1506,0.1388
276,1233,1509,0.1388
277,1223,1500,0.1388
278,1214,1492,0.1388
281,1215,1496,0.1388
279,1233,1512,0.1388
281,1243,1524,0.1388
274,1227,1501,0.1388
275,1229,1504,0.1388
276,1240,1516,0.1388
276,1248,1524,0.1388
280,1239,1519,0.1388
277,1244,1521,0.1388
276,1243,1519,0.1388
275,1235,1510,0.1388
269,1243,1512,0.1388
261,1247,1508,0.1388
260,1255,1515,0.1388
261,1257,1518,0.1388
259,1259,1518,0.1388
259,1266,1525,0.1388
258,1276,1534,0.1388
250,1261,1511,0.1388
247,1271,1518,0.1388
252,1277,1529,0.1388
251,1264,1515,0.1388
253,1268,1521,0.1388
253,1272,1525,0.1388
252,1272,1524,0.1388
248,1275,1523,0.1388
246,1285,1531,0.1388
248,1273,1521,0.1388
250,1265,1515,0.1388
247,1265,1512,0.1388
245,1270,1515,0.1388
244,1254,1498,0.1388
244,1260,1504,0.1388
239,1263,1502,0.1388
236,1260,1496,0.1388
236,1284,1520,0.1388
237,1292,1529,0.1388
234,1286,1520,0.1388
241,1293,1534,0.1388
241,1285,1526,0.1388
235,1283,1518,0.1388
229,1283,1512,0.1388
227,1275,1502,0.1388
221,1284,1505,0.1388
227,1282,1509,0.1388
230,1290,1520,0.1388
225,1278,1503,0.1388
228,1284,1512,0.1388
229,1276,1505,0.1388
229,1281,1510,0.1388
225,1273,1498,0.1388
228,1273,1501,0.1388
224,1280,1504,0.1388
225,1283,1508,0.1388
229,1291,1520,0.1388
229,1286,1515,0.1388
225,1285,1510,0.1388
226,1298,1524,0.1388
227,1295,1522,0.1388
227,1280,1507,0.1388
230,1282,1512,0.1388
222,1284,1506,0.1388
217,1285,1502,0.1388
217,1282,1499,0.1388
215,1284,1499,0.1388
221,1282,1503,0.1388
219,1285,1504,0.1388
218,1282,1500,0.1388
209,1288,1497,0.1388
206,1285,1491,0.1388
204,1297,1501,0.1388
213,1283,1496,0.1388
211,1294,1505,0.1388
209,1307,1516,0.1388
209,1311,1520,0.1388
215,1307,1522,0.1388
221,1302,1523,0.1388
217,1302,1519,0.1388
214,1303,1517,0.1388
215,1306,1521,0.1388
215,1308,1523,0.1388
213,1296,1509,0.1388
214,1291,1505,0.1388
214,1288,1502,0.1388
216,1293,1509,0.1388
217,1298,1515,0.1388
220,1294,1514,0.1388
219,1289,1508,0.1388
219,1290,1509,0.1388
215,1295,1510,0.1388
221,1303,1524,0.1388
224,1292,1516,0.1388
223,1302,1525,0.1388
225,1287,1512,0.1388
224,1292,1516,0.1388
227,1291,1518,0.1388
226,1304,1530,0.1388
221,1291,1512,0.1388
229,1303,1532,0.1388
224,1298,1522,0.1388
223,1301,1524,0.1388
226,1297,1523,0.1388
226,1291,1517,0.1388
224,1292,1516,0.1388
217,1290,1507,0.1388
216,1296,1512,0.1388
211,1296,1507,0.1388
212,1308,1520,0.1388
218,1307,1525,0.1388
218,1290,1508,0.1388
217,1283,1500,0.1388
218,1284,1502,0.1388
219,1290,1509,0.1388
215,1290,1505,0.1388
215,1296,1511,0.1388
212,1300,1512,0.1388
215,1307,1522,0.1388
209,1296,1505,0.1388
217,1291,1508,0.1388
212,1298,1510,0.1388
213,1296,1509,0.1388
212,1299,1511,0.1388
213,1308,1521,0.1388
209,1300,1509,0.1388
209,1305,1514,0.1388
209,1289,1498,0.1388
208,1297,1505,0.1388
207,1297,1504,0.1388
208,1305,1513,0.1388
208,1303,1511,0.1388
209,1313,1522,0.1388
211,1315,1526,0.1388
210,1318,1528,0.1388
216,1313,1529,0.1388
210,1304,1514,0.1388
212,1300,1512,0.1388
217,1305,1522,0.1388
216,1303,1519,0.1388
214,1301,1515,0.1388
215,1302,1517,0.1388
213,1312,1525,0.1388
209,1316,1525,0.1388
206,1311,1517,0.1388
207,1312,1519,0.1388
203,1300,1503,0.1388
196,1301,1497,0.1388
206,1294,1500,0.1388
210,1288,1498,0.1388
213,1299,1512,0.1388
212,1300,1512,0.1388
210,1300,1510,0.1388
208,1306,1514,0.1388
205,1308,1513,0.1388
205,1305,1510,0.1388
202,1314,1516,0.1388
205,1311,1516,0.1388
209,1304,1513,0.1388
208,1314,1522,0.1388
203,1317,1520,0.1388
203,1311,1514,0.1388
191,1308,1499,0.1388
189,1306,1495,0.1388
189,1309,1498,0.1388
189,1310,1499,0.1388
191,1304,1495,0.1388
194,1305,1499,0.1388
193,1298,1491,0.1388
193,1318,1511,0.1388
191,1331,1522,0.1388
189,1335,1524,0.1388
188,1338,1526,0.1388
190,1328,1518,0.1388
194,1329,1523,0.1388
200,1322,1522,0.1388
194,1315,1509,0.1388
193,1323,1516,0.1388
189,1310,1499,0.1388
189,1316,1505,0.1388
190,1323,1513,0.1388
193,1317,1510,0.1388
193,1326,1519,0.1388
192,1328,1520,0.1388
190,1333,1523,0.1388
190,1322,1512,0.1388
190,1324,1514,0.1388
191,1325,1516,0.1388
191,1324,1515,0.1388
194,1335,1529,0.1388
193,1334,1527,0.1388
194,1337,1531,0.1388
190,1337,1527,0.1388
193,1336,1529,0.1388
187,1339,1526,0.1388
185,1342,1527,0.1388
185,1334,1519,0.1388
181,1334,1515,0.1388
188,1333,1521,0.1388
184,1324,1508,0.1388
185,1331,1516,0.1388
184,1323,1507,0.1388
186,1340,1526,0.1388
185,1344,1529,0.1388
182,1331,1513,0.1388
182,1318,1500,0.1388
183,1320,1503,0.1388
182,1329,1511,0.1388
184,1333,1517,0.1388
182,1329,1511,0.1388
180,1336,1516,0.1388
177,1338,1515,0.1388
175,1334,1509,0.1388
173,1334,1507,0.1388
173,1317,1490,0.1388
172,1322,1494,0.1388
172,1314,1486,0.1388
177,1306,1483,0.1388
176,1309,1485,0.1388
174,1316,1490,0.1388
170,1322,1492,0.1388
174,1324,1498,0.1388
172,1338,1510,0.1388
174,1337,1511,0.1388
176,1334,1510,0.1388
175,1336,1511,0.1388
176,1346,1522,0.1388
177,1343,1520,0.1388
175,1338,1513,0.1388
176,1334,1510,0.1388
170,1334,1504,0.1388
165,1353,1518,0.1388
164,1354,1518,0.1388
165,1348,1513,0.1388
167,1346,1513,0.1388
169,1344,1513,0.1388
165,1331,1496,0.1388
165,1348,1513,0.1388
167,1352,1519,0.1388
172,1342,1514,0.1388
169,1347,1516,0.1388
168,1340,1508,0.1388
173,1354,1527,0.1388
168,1355,1523,0.1388
165,1360,1525,0.1388
163,1349,1512,0.1388
165,1350,1515,0.1388
162,1342,1504,0.1388
165,1338,1503,0.1388
166,1349,1515,0.1388
165,1354,1519,0.1388
169,1353,1522,0.1388
169,1337,1506,0.1388
168,1347,1515,0.1388
170,1335,1505,0.1388
170,1340,1510,0.1388
171,1355,1526,0.1388
169,1360,1529,0.1388
167,1355,1522,0.1388
168,1355,1523,0.1388
169,1346,1515,0.1388
169,1344,1513,0.1388
169,1345,1514,0.1388
172,1357,1529,0.1388
175,1359,1534,0.1388
175,1361,1536,0.1388
174,1337,1511,0.1388
173,1335,1508,0.1388
176,1338,1514,0.1388
177,1338,1515,0.1388
176,1334,1510,0.1388
168,1337,1505,0.1388
170,1339,1509,0.1388
168,1333,1501,0.1388
168,1337,1505,0.1388
170,1335,1505,0.1388
170,1345,1515,0.1388
171,1348,1519,0.1388
169,1347,1516,0.1388
170,1345,1515,0.1388
173,1331,1504,0.1388
169,1329,1498,0.1388
174,1333,1507,0.1388
174,1334,1508,0.1388
172,1326,1498,0.1388
172,1351,1523,0.1388
167,1354,1521,0.1388
169,1340,1509,0.1388
169,1336,1505,0.1388
176,1339,1515,0.1388
175,1340,1515,0.1388
174,1341,1515,0.1388
170,1338,1508,0.1388
171,1341,1512,0.1388
171,1342,1513,0.1388
171,1343,1514,0.1388
168,1345,1513,0.1388
169,1352,1521,0.1388
169,1349,1518,0.1388
163,1340,1503,0.1388
165,1352,1517,0.1388
164,1347,1511,0.1388
163,1353,1516,0.1388
162,1351,1513,0.1388
164,1359,1523,0.1388
162,1345,1507,0.1388
167,1348,1515,0.1388
173,1351,1524,0.1388
176,1352,1528,0.1388
174,1346,1520,0.1388
177,1335,1512,0.1388
175,1330,1505,0.1388
167,1331,1498,0.1388
169,1339,1508,0.1388
173,1341,1514,0.1388
172,1325,1497,0.1388
173,1324,1497,0.1388
172,1330,1502,0.1388
169,1330,1499,0.1388
173,1333,1506,0.1388
174,1339,1513,0.1388
173,1333,1506,0.1388
174,1330,1504,0.1388
172,1340,1512,0.1388
171,1349,1520,0.1388
175,1349,1524,0.1388
174,1344,1518,0.1388
173,1347,1520,0.1388
170,1352,1522,0.1388
171,1344,1515,0.1388
172,1344,1516,0.1388
169,1339,1508,0.1388
165,1342,1507,0.1388
168,1346,1514,0.1388
170,1345,1515,0.1388
168,1340,1508,0.1388
173,1348,1521,0.1388
171,1349,1520,0.1388
167,1350,1517,0.1388
167,1348,1515,0.1388
170,1347,1517,0.1388
171,1341,1512,0.1388
168,1342,1510,0.1388
169,1357,1526,0.1388
165,1350,1515,0.1388
163,1348,1511,0.1388
162,1338,1500,0.1388
164,1339,1503,0.1388
167,1333,1500,0.1388
164,1333,1497,0.1388
165,1335,1500,0.1388
159,1344,1503,0.1388
158,1351,1509,0.1388
158,1355,1513,0.1388
160,1347,1507,0.1388
163,1356,1519,0.1388
160,1359,1519,0.1388
165,1350,1515,0.1388
164,1358,1522,0.1388
164,1355,1519,0.1388
163,1366,1529,0.1388
163,1356,1519,0.1388
166,1358,1524,0.1388
166,1367,1533,0.1388
163,1356,1519,0.1388
163,1358,1521,0.1388
164,1355,1519,0.1388
159,1348,1507,0.1388
164,1340,1504,0.1388
165,1339,1504,0.1388
167,1342,1509,0.1388
167,1344,1511,0.1388
165,1347,1512,0.1388
164,1346,1510,0.1388
165,1363,1528,0.1388
165,1357,1522,0.1388
166,1360,1526,0.1388
162,1355,1517,0.1388
166,1355,1521,0.1388
166,1369,1535,0.1388
164,1359,1523,0.1388
167,1363,1530,0.1388
170,1350,1520,0.1388
166,1353,1519,0.1388
165,1346,1511,0.1388
163,1346,1509,0.1388
163,1336,1499,0.1388
165,1337,1502,0.1388
169,1328,1497,0.1388
167,1342,1509,0.1388
168,1360,1528,0.1388
167,1355,1522,0.1388
166,1351,1517,0.1388
166,1341,1507,0.1388
166,1330,1496,0.1388
165,1340,1505,0.1388
172,1342,1514,0.1388
170,1354,1524,0.1388
170,1340,1510,0.1388
165,1354,1519,0.1388
167,1341,1508,0.1388
169,1341,1510,0.1388
168,1340,1508,0.1388
171,1331,1502,0.1388
170,1339,1509,0.1388
170,1349,1519,0.1388
170,1342,1512,0.1388
165,1326,1491,0.1388
169,1333,1502,0.1388
167,1335,1502,0.1388
164,1348,1512,0.1388
165,1351,1516,0.1388
162,1353,1515,0.1388
163,1352,1515,0.1388
159,1360,1519,0.1388
159,1347,1506,0.1388
156,1347,1503,0.1388
158,1362,1520,0.1388
161,1366,1527,0.1388
160,1359,1519,0.1388
160,1355,1515,0.1388
158,1358,1516,0.1388
161,1351,1512,0.1388
160,1369,1529,0.1388
160,1377,1537,0.1388
159,1361,1520,0.1388
158,1357,1515,0.1388
159,1363,1522,0.1388
158,1362,1520,0.1388
154,1364,1518,0.1388
150,1355,1505,0.1388
152,1361,1513,0.1388
154,1369,1523,0.1388
155,1368,1523,0.1388
153,1371,1524,0.1388
154,1374,1528,0.1388
154,1361,1515,0.1388
155,1363,1518,0.1388
154,1365,1519,0.1388
151,1356,1507,0.1388
151,1353,1504,0.1388
153,1359,1512,0.1388
151,1360,1511,0.1388
148,1382,1530,0.1388
150,1361,1511,0.1388
150,1366,1516,0.1388
149,1367,1516,0.1388
144,1376,1520,0.1388
143,1363,1506,0.1388
145,1374,1519,0.1388
147,1375,1522,0.1388
143,1372,1515,0.1388
140,1375,1515,0.1388
141,1363,1504,0.1388
141,1377,1518,0.1388
140,1380,1520,0.1388
141,1371,1512,0.1388
141,1377,1518,0.1388
142,1381,1523,0.1388
142,1378,1520,0.1388
142,1386,1528,0.1388
139,1382,1521,0.1388
140,1380,1520,0.1388
141,1375,1516,0.1388
143,1374,1517,0.1388
143,1383,1526,0.1388
140,1375,1515,0.1388
141,1376,1517,0.1388
139,1370,1509,0.1388
136,1383,1519,0.1388
134,1380,1514,0.1388
134,1390,1524,0.1388
133,1392,1525,0.1388
133,1384,1517,0.1388
130,1389,1519,0.1388
135,1371,1506,0.1388
130,1380,1510,0.1388
132,1374,1506,0.1388
133,1387,1520,0.1388
136,1376,1512,0.1388
133,1385,1518,0.1388
132,1383,1515,0.1388
135,1372,1507,0.1388
134,1387,1521,0.1388
135,1391,1526,0.1388
134,1401,1535,0.1388
129,1399,1528,0.1388
132,1390,1522,0.1388
133,1387,1520,0.1388
135,1385,1520,0.1388
134,1391,1525,0.1388
132,1393,1525,0.1388
128,1391,1519,0.1388
131,1393,1524,0.1388
133,1381,1514,0.1388
133,1377,1510,0.1388
133,1374,1507,0.1388
133,1377,1510,0.1388
133,1390,1523,0.1388
139,1387,1526,0.1388
139,1391,1530,0.1388
136,1387,1523,0.1388
139,1385,1524,0.1388
138,1381,1519,0.1388
140,1377,1517,0.1388
143,1378,1521,0.1388
145,1373,1518,0.1388
143,1364,1507,0.1388
140,1366,1506,0.1388
137,1371,1508,0.1388
136,1365,1501,0.1388
138,1361,1499,0.1388
137,1377,1514,0.1388
137,1374,1511,0.1388
135,1368,1503,0.1388
135,1379,1514,0.1388
134,1364,1498,0.1388
132,1368,1500,0.1388
132,1379,1511,0.1388
135,1383,1518,0.1388
133,1390,1523,0.1388
132,1384,1516,0.1388
129,1381,1510,0.1388
129,1381,1510,0.1388
125,1386,1511,0.1388
126,1390,1516,0.1388
121,1386,1507,0.1388
121,1385,1506,0.1388
122,1377,1499,0.1388
127,1373,1500,0.1388
124,1377,1501,0.1388
125,1380,1505,0.1388
124,1384,1508,0.1388
125,1385,1510,0.1388
123,1393,1516,0.1388
127,1397,1524,0.1388
119,1385,1504,0.1388
121,1372,1493,0.1388
122,1391,1513,0.1388
120,1397,1517,0.1388
118,1400,1518,0.1388
119,1401,1520,0.1388
118,1393,1511,0.1388
113,1387,1500,0.1388
110,1401,1511,0.1388
108,1406,1514,0.1388
108,1398,1506,0.1388
110,1401,1511,0.1388
110,1401,1511,0.1388
114,1406,1520,0.1388
115,1396,1511,0.1388
118,1385,1503,0.1388
122,1395,1517,0.1388
120,1395,1515,0.1388
120,1408,1528,0.1388
121,1400,1521,0.1388
123,1402,1525,0.1388
120,1386,1506,0.1388
119,1393,1512,0.1388
116,1399,1515,0.1388
118,1401,1519,0.1388
120,1402,1522,0.1388
124,1398,1522,0.1388
125,1398,1523,0.1388
122,1391,1513,0.1388
124,1391,1515,0.1388
124,1398,1522,0.1388
124,1400,1524,0.1388
126,1399,1525,0.1388
127,1392,1519,0.1388
126,1388,1514,0.1388
123,1385,1508,0.1388
122,1389,1511,0.1388
126,1376,1502,0.1388
127,1367,1494,0.1388
125,1370,1495,0.1388
123,1372,1495,0.1388
129,1378,1507,0.1388
126,1395,1521,0.1388
125,1400,1525,0.1388
127,1390,1517,0.1388
129,1397,1526,0.1388
128,1396,1524,0.1388
127,1394,1521,0.1388
129,1389,1518,0.1388
129,1387,1516,0.1388
132,1395,1527,0.1388
127,1397,1524,0.1388
126,1385,1511,0.1388
128,1384,1512,0.1388
127,1387,1514,0.1388
125,1380,1505,0.1388
126,1381,1507,0.1388
127,1375,1502,0.1388
126,1382,1508,0.1388
129,1400,1529,0.1388
122,1389,1511,0.1388
119,1398,1517,0.1388
117,1404,1521,0.1388
116,1397,1513,0.1388
117,1398,1515,0.1388
113,1397,1510,0.1388
114,1398,1512,0.1388
116,1397,1513,0.1388
120,1407,1527,0.1388
120,1408,1528,0.1388
121,1389,1510,0.1388
119,1390,1509,0.1388
119,1401,1520,0.1388
117,1394,1511,0.1388
116,1402,1518,0.1388
111,1392,1503,0.1388
118,1391,1509,0.1388
119,1379,1498,0.1388
113,1388,1501,0.1388
108,1413,1521,0.1388
104,1410,1514,0.1388
107,1413,1520,0.1388
108,1412,1520,0.1388
110,1407,1517,0.1388
108,1404,1512,0.1388
113,1405,1518,0.1388
112,1401,1513,0.1388
115,1409,1524,0.1388
115,1402,1517,0.1388
115,1414,1529,0.1388
115,1402,1517,0.1388
118,1387,1505,0.1388
119,1403,1522,0.1388
121,1402,1523,0.1388
120,1391,1511,0.1388
121,1388,1509,0.1388
119,1388,1507,0.1388
120,1383,1503,0.1388
119,1393,1512,0.1388
119,1403,1522,0.1388
117,1406,1523,0.1388
113,1412,1525,0.1388
110,1411,1521,0.1388
113,1403,1516,0.1388
109,1397,1506,0.1388
110,1398,1508,0.1388
113,1409,1522,0.1388
112,1407,1519,0.1388
114,1400,1514,0.1388
115,1396,1511,0.1388
117,1409,1526,0.1388
115,1402,1517,0.1388
112,1421,1533,0.1388
108,1416,1524,0.1388
107,1404,1511,0.1388
113,1409,1522,0.1388
112,1399,1511,0.1388
112,1407,1519,0.1388
115,1402,1517,0.1388
113,1400,1513,0.1388
111,1388,1499,0.1388
111,1391,1502,0.1388
111,1382,1493,0.1388
115,1395,1510,0.1388
116,1400,1516,0.1388
113,1400,1513,0.1388
110,1412,1522,0.1388
108,1420,1528,0.1388
107,1429,1536,0.1388
109,1429,1538,0.1388
105,1437,1542,0.1388
105,1429,1534,0.1388
102,1433,1535,0.1388
100,1420,1520,0.1388
99,1423,1522,0.1388
97,1421,1518,0.1388
99,1426,1525,0.1388
99,1426,1525,0.1388
98,1422,1520,0.1388
96,1410,1506,0.1388
92,1406,1498,0.1388
94,1419,1513,0.1388
94,1429,1523,0.1388
97,1428,1525,0.1388
96,1423,1519,0.1388
95,1414,1509,0.1388
95,1430,1525,0.1388
93,1420,1513,0.1388
95,1412,1507,0.1388
96,1412,1508,0.1388
96,1426,1522,0.1388
95,1426,1521,0.1388
94,1421,1515,0.1388
96,1424,1520,0.1388
96,1418,1514,0.1388
94,1424,1518,0.1388
92,1428,1520,0.1388
92,1424,1516,0.1388
94,1432,1526,0.1388
93,1422,1515,0.1388
93,1410,1503,0.1388
91,1414,1505,0.1388
91,1419,1510,0.1388
90,1420,1510,0.1388
89,1425,1514,0.1388
92,1420,1512,0.1388
90,1428,1518,0.1388
90,1428,1518,0.1388
86,1438,1524,0.1388
85,1437,1522,0.1388
83,1432,1515,0.1388
86,1422,1508,0.1388
86,1419,1505,0.1388
87,1426,1513,0.1388
90,1436,1526,0.1388
87,1427,1514,0.1388
85,1436,1521,0.1388
87,1429,1516,0.1388
86,1429,1515,0.1388
86,1427,1513,0.1388
85,1418,1503,0.1388
86,1421,1507,0.1388
87,1429,1516,0.1388
87,1425,1512,0.1388
85,1420,1505,0.1388
83,1429,1512,0.1388
85,1424,1509,0.1388
85,1427,1512,0.1388
84,1440,1524,0.1388
81,1434,1515,0.1388
79,1442,1521,0.1388
82,1437,1519,0.1388
79,1441,1520,0.1388
79,1447,1526,0.1388
77,1443,1520,0.1388
76,1433,1509,0.1388
76,1434,1510,0.1388
77,1445,1522,0.1388
75,1437,1512,0.1388
80,1441,1521,0.1388
81,1437,1518,0.1388
82,1437,1519,0.1388
82,1448,1530,0.1388
78,1445,1523,0.1388
77,1453,1530,0.1388
77,1450,1527,0.1388
77,1459,1536,0.1388
76,1456,1532,0.1388
77,1452,1529,0.1388
78,1449,1527,0.1388
77,1452,1529,0.1388
77,1444,1521,0.1388
75,1443,1518,0.1388
75,1433,1508,0.1388
70,1442,1512,0.1388
70,1438,1508,0.1388
71,1443,1514,0.1388
71,1446,1517,0.1388
70,1438,1508,0.1388
69,1437,1506,0.1388
68,1437,1505,0.1388
69,1438,1507,0.1388
68,1451,1519,0.1388
69,1444,1513,0.1388
66,1455,1521,0.1388
64,1452,1516,0.1388
65,1450,1515,0.1388
66,1452,1518,0.1388
66,1457,1523,0.1388
64,1446,1510,0.1388
64,1449,1513,0.1388
64,1447,1511,0.1388
62,1431,1493,0.1388
61,1452,1513,0.1388
62,1459,1521,0.1388
61,1461,1522,0.1388
61,1444,1505,0.1388
61,1450,1511,0.1388
64,1440,1504,0.1388
59,1441,1500,0.1388
61,1424,1485,0.1388
64,1425,1489,0.1388
65,1444,1509,0.1388
61,1447,1508,0.1388
59,1449,1508,0.1388
60,1454,1514,0.1388
60,1457,1517,0.1388
58,1448,1506,0.1388
56,1456,1512,0.1388
56,1435,1491,0.1388
59,1438,1497,0.1388
61,1452,1513,0.1388
61,1452,1513,0.1388
64,1443,1507,0.1388
61,1455,1516,0.1388
60,1460,1520,0.1388
61,1456,1517,0.1388
60,1453,1513,0.1388
60,1460,1520,0.1388
58,1467,1525,0.1388
57,1462,1519,0.1388
55,1456,1511,0.1388
57,1460,1517,0.1388
58,1453,1511,0.1388
53,1456,1509,0.1388
53,1458,1511,0.1388
55,1452,1507,0.1388
54,1460,1514,0.1388
54,1451,1505,0.1388
53,1438,1491,0.1388
55,1443,1498,0.1388
55,1442,1497,0.1388
53,1446,1499,0.1388
55,1461,1516,0.1388
55,1449,1504,0.1388
58,1443,1501,0.1388
56,1444,1500,0.1388
55,1448,1503,0.1388
58,1453,1511,0.1388
60,1461,1521,0.1388
62,1466,1528,0.1388
62,1455,1517,0.1388
61,1451,1512,0.1388
60,1454,1514,0.1388
60,1449,1509,0.1388
61,1455,1516,0.1388
64,1454,1518,0.1388
64,1450,1514,0.1388
65,1458,1523,0.1388
67,1461,1528,0.1388
64,1460,1524,0.1388
66,1458,1524,0.1388
63,1461,1524,0.1388
63,1461,1524,0.1388
60,1443,1503,0.1388
60,1451,1511,0.1388
59,1451,1510,0.1388
60,1451,1511,0.1388
56,1445,1501,0.1388
57,1441,1498,0.1388
57,1451,1508,0.1388
56,1461,1517,0.1388
56,1463,1519,0.1388
51,1466,1517,0.1388
49,1476,1525,0.1388
47,1470,1517,0.1388
46,1467,1513,0.1388
45,1488,1533,0.1388
46,1477,1523,0.1388
45,1472,1517,0.1388
45,1470,1515,0.1388
47,1470,1517,0.1388
46,1457,1503,0.1388
46,1457,1503,0.1388
48,1465,1513,0.1388
49,1471,1520,0.1388
50,1478,1528,0.1388
50,1472,1522,0.1388
52,1467,1519,0.1388
52,1467,1519,0.1388
52,1471,1523,0.1388
51,1484,1535,0.1388
50,1479,1529,0.1388
48,1473,1521,0.1388
47,1466,1513,0.1388
49,1467,1516,0.1388
49,1453,1502,0.1388
49,1453,1502,0.1388
48,1464,1512,0.1388
47,1476,1523,0.1388
48,1467,1515,0.1388
47,1458,1505,0.1388
46,1452,1498,0.1388
46,1470,1516,0.1388
47,1483,1530,0.1388
50,1476,1526,0.1388
49,1476,1525,0.1388
49,1483,1532,0.1388
47,1476,1523,0.1388
46,1481,1527,0.1388
45,1475,1520,0.1388
45,1473,1518,0.1388
43,1467,1510,0.1388
43,1470,1513,0.1388
42,1470,1512,0.1388
43,1463,1506,0.1388
41,1469,1510,0.1388
42,1470,1512,0.1388
42,1472,1514,0.1388
43,1480,1523,0.1388
44,1486,1530,0.1388
43,1477,1520,0.1388
44,1474,1518,0.1388
43,1468,1511,0.1388
44,1468,1512,0.1388
45,1461,1506,0.1388
46,1473,1519,0.1388
46,1462,1508,0.1388
47,1474,1521,0.1388
46,1467,1513,0.1388
46,1460,1506,0.1388
45,1455,1500,0.1388
44,1450,1494,0.1388
44,1461,1505,0.1388
44,1467,1511,0.1388
44,1466,1510,0.1388
42,1470,1512,0.1388
43,1475,1518,0.1388
42,1466,1508,0.1388
44,1476,1520,0.1388
43,1477,1520,0.1388
44,1465,1509,0.1388
41,1479,1520,0.1388
42,1486,1528,0.1388
42,1489,1531,0.1388
39,1481,1520,0.1388
39,1478,1517,0.1388
38,1476,1514,0.1388
38,1484,1522,0.1388
40,1479,1519,0.1388
38,1469,1507,0.1388
38,1476,1514,0.1388
38,1480,1518,0.1388
39,1478,1517,0.1388
38,1472,1510,0.1388
38,1478,1516,0.1388
39,1477,1516,0.1388
38,1470,1508,0.1388
35,1474,1509,0.1388
34,1480,1514,0.1388
33,1491,1524,0.1388
30,1501,1531,0.1388
30,1500,1530,0.1388
30,1501,1531,0.1388
29,1497,1526,0.1388
28,1498,1526,0.1388
28,1495,1523,0.1388
26,1498,1524,0.1388
24,1490,1514,0.1388
24,1487,1511,0.1388
25,1495,1520,0.1388
26,1486,1512,0.1388
27,1485,1512,0.1388
27,1487,1514,0.1388
28,1489,1517,0.1388
26,1495,1521,0.1388
27,1499,1526,0.1388
25,1498,1523,0.1388
25,1501,1526,0.1388
25,1500,1525,0.1388
25,1497,1522,0.1388
24,1488,1512,0.1388
22,1481,1503,0.1388
22,1488,1510,0.1388
22,1483,1505,0.1388
24,1480,1504,0.1388
23,1494,1517,0.1388
21,1499,1520,0.1388
20,1510,1530,0.1388
20,1485,1505,0.1388
18,1492,1510,0.1388
21,1500,1521,0.1388
19,1503,1522,0.1388
18,1506,1524,0.1388
18,1504,1522,0.1388
18,1509,1527,0.1388
18,1502,1520,0.1388
17,1506,1523,0.1388
17,1509,1526,0.1388
17,1507,1524,0.1388
18,1492,1510,0.1388
18,1480,1498,0.1388
19,1486,1505,0.1388
20,1483,1503,0.1388
21,1488,1509,0.1388
20,1479,1499,0.1388
20,1480,1500,0.1388
20,1502,1522,0.1388
20,1501,1521,0.1388
20,1495,1515,0.1388
18,1482,1500,0.1388
20,1474,1494,0.1388
21,1488,1509,0.1388
21,1486,1507,0.1388
21,1496,1517,0.1388
21,1490,1511,0.1388
22,1497,1519,0.1388
23,1496,1519,0.1388
21,1484,1505,0.1388
20,1500,1520,0.1388
20,1500,1520,0.1388
20,1504,1524,0.1388
20,1497,1517,0.1388
19,1504,1523,0.1388
20,1511,1531,0.1388
20,1504,1524,0.1388
21,1485,1506,0.1388
21,1484,1505,0.1388
21,1483,1504,0.1388
22,1484,1506,0.1388
22,1492,1514,0.1388
21,1481,1502,0.1388
22,1480,1502,0.1388
21,1474,1495,0.1388
23,1489,1512,0.1388
23,1498,1521,0.1388
22,1502,1524,0.1388
22,1508,1530,0.1388
22,1506,1528,0.1388
21,1504,1525,0.1388
21,1499,1520,0.1388
21,1488,1509,0.1388
21,1501,1522,0.1388
21,1503,1524,0.1388
21,1496,1517,0.1388
21,1497,1518,0.1388
21,1485,1506,0.1388
21,1486,1507,0.1388
21,1483,1504,0.1388
20,1490,1510,0.1388
21,1490,1511,0.1388
21,1490,1511,0.1388
21,1496,1517,0.1388
21,1504,1525,0.1388
21,1506,1527,0.1388
21,1499,1520,0.1388
21,1494,1515,0.1388
21,1478,1499,0.1388
21,1478,1499,0.1388
22,1470,1492,0.1388
22,1474,1496,0.1388
23,1492,1515,0.1388
23,1487,1510,0.1388
22,1495,1517,0.1388
22,1493,1515,0.1388
22,1496,1518,0.1388
21,1503,1524,0.1388
22,1492,1514,0.1388
20,1497,1517,0.1388
20,1488,1508,0.1388
20,1492,1512,0.1388
16,1497,1513,0.1388
16,1495,1511,0.1388
16,1495,1511,0.1388
15,1480,1495,0.1388
15,1489,1504,0.1388
16,1492,1508,0.1388
17,1498,1515,0.1388
20,1495,1515,0.1388
21,1480,1501,0.1388
20,1494,1514,0.1388
20,1502,1522,0.1388
20,1505,1525,0.1388
20,1503,1523,0.1388
19,1503,1522,0.1388
20,1510,1530,0.1388
20,1508,1528,0.1388
19,1492,1511,0.1388
16,1492,1508,0.1388
16,1496,1512,0.1388
16,1488,1504,0.1388
16,1486,1502,0.1388
15,1503,1518,0.1388
15,1498,1513,0.1388
15,1492,1507,0.1388
15,1493,1508,0.1388
15,1493,1508,0.1388
14,1490,1504,0.1388
14,1505,1519,0.1388
14,1520,1534,0.1388
14,1524,1538,0.1388
15,1503,1518,0.1388
14,1521,1535,0.1388
14,1513,1527,0.1388
12,1511,1523,0.1388
12,1516,1528,0.1388
13,1512,1525,0.1388
11,1515,1526,0.1388
11,1513,1524,0.1388
12,1507,1519,0.1388
12,1512,1524,0.1388
11,1509,1520,0.1388
10,1504,1514,0.1388
9,1507,1516,0.1388
8,1504,1512,0.1388
8,1513,1521,0.1388
7,1513,1520,0.1388
8,1507,1515,0.1388
8,1504,1512,0.1388
8,1508,1516,0.1388
7,1500,1507,0.1388
6,1512,1518,0.1388
5,1515,1520,0.1388
4,1517,1521,0.1388
4,1508,1512,0.1388
4,1509,1513,0.1388
4,1506,1510,0.1388
4,1504,1508,0.1388
4,1503,1507,0.1388
4,1511,1515,0.1388
4,1506,1510,0.1388
4,1514,1518,0.1388
4,1520,1524,0.1388
4,1513,1517,0.1388
4,1512,1516,0.1388
4,1506,1510,0.1388
4,1516,1520,0.1388
4,1521,1525,0.1388
4,1529,1533,0.1388
4,1517,1521,0.1388
4,1527,1531,0.1388
4,1524,1528,0.1388
4,1525,1529,0.1388
4,1536,1540,0.1388
4,1529,1533,0.1388
4,1521,1525,0.1388
4,1521,1525,0.1388
4,1512,1516,0.1388
5,1509,1514,0.1388
5,1518,1523,0.1388
5,1521,1526,0.1388
5,1520,1525,0.1388
5,1520,1525,0.1388
6,1513,1519,0.1388
6,1512,1518,0.1388
6,1522,1528,0.1388
6,1516,1522,0.1388
6,1512,1518,0.1388
4,1510,1514,0.1388
4,1510,1514,0.1388
4,1503,1507,0.1388
4,1511,1515,0.1388
4,1503,1507,0.1388
4,1507,1511,0.1388
4,1509,1513,0.1388
4,1514,1518,0.1388
3,1503,1506,0.1388
3,1507,1510,0.1388
3,1503,1506,0.1388
3,1520,1523,0.1388
3,1512,1515,0.1388
3,1515,1518,0.1388
3,1517,1520,0.1388
3,1527,1530,0.1388
3,1516,1519,0.1388
3,1512,1515,0.1388
3,1510,1513,0.1388
3,1505,1508,0.1388
3,1515,1518,0.1388
3,1532,1535,0.1388
3,1526,1529,0.1388
3,1533,1536,0.1388
3,1517,1520,0.1388
3,1517,1520,0.1388
3,1519,1522,0.1388
3,1521,1524,0.1388
3,1526,1529,0.1388
3,1526,1529,0.1388
3,1521,1524,0.1388
3,1529,1532,0.1388
3,1519,1522,0.1388
3,1511,1514,0.1388
3,1510,1513,0.1388
3,1514,1517,0.1388
3,1528,1531,0.1388
4,1513,1517,0.1388
4,1526,1530,0.1388
4,1528,1532,0.1388
4,1515,1519,0.1388
4,1510,1514,0.1388
4,1502,1506,0.1388
3,1497,1500,0.1388
3,1508,1511,0.1388
3,1508,1511,0.1388
3,1503,1506,0.1388
3,1515,1518,0.1388
3,1518,1521,0.1388
3,1515,1518,0.1388
3,1508,1511,0.1388
3,1520,1523,0.1388
3,1519,1522,0.1388
3,1523,1526,0.1388
3,1525,1528,0.1388
3,1526,1529,0.1388
3,1529,1532,0.1388
3,1530,1533,0.1388
3,1514,1517,0.1388
2,1514,1516,0.1388
2,1528,1530,0.1388
1,1526,1527,0.1388
1,1519,1520,0.1388
1,1516,1517,0.1388
1,1515,1516,0.1388
1,1516,1517,0.1388
1,1521,1522,0.1388
1,1519,1520,0.1388
1,1528,1529,0.1388
1,1527,1528,0.1388
1,1524,1525,0.1388
1,1530,1531,0.1388
1,1543,1544,0.1388
1,1528,1529,0.1388
1,1521,1522,0.1388
1,1523,1524,0.1388
1,1517,1518,0.1388
1,1525,1526,0.1388
1,1530,1531,0.1388
1,1513,1514,0.1388
1,1511,1512,0.1388
1,1513,1514,0.1388
1,1517,1518,0.1388
1,1503,1504,0.1388
1,1496,1497,0.1388
1,1497,1498,0.1388
1,1503,1504,0.1388
1,1508,1509,0.1388
1,1510,1511,0.1388
1,1508,1509,0.1388
1,1499,1500,0.1388
0,1496,1496,0.1388
