1366,29,1395,0.1388
1401,34,1435,0.1388
1413,37,1450,0.1388
1437,38,1475,0.1388
1445,38,1483,0.1388
1448,38,1486,0.1388
1445,38,1483,0.1388
1452,38,1490,0.1388
1462,39,1501,0.1388
1448,38,1486,0.1388
1461,38,1499,0.1388
1471,40,1511,0.1388
1466,40,1506,0.1388
1467,39,1506,0.1388
1459,38,1497,0.1388
1473,38,1511,0.1388
1464,41,1505,0.1388
1467,41,1508,0.1388
1458,41,1499,0.1388
1454,45,1499,0.1388
1457,45,1502,0.1388
1454,49,1503,0.1388
1460,48,1508,0.1388
1451,50,1501,0.1388
1439,52,1491,0.1388
1436,54,1490,0.1388
1441,56,1497,0.1388
1433,57,1490,0.1388
1427,57,1484,0.1388
1442,58,1500,0.1388
1439,60,1499,0.1388
1433,61,1494,0.1388
1441,62,1503,0.1388
1437,65,1502,0.1388
1438,62,1500,0.1388
1430,61,1491,0.1388
1431,60,1491,0.1388
1436,58,1494,0.1388
1423,58,1481,0.1388
1437,59,1496,0.1388
1427,59,1486,0.1388
1437,61,1498,0.1388
1431,60,1491,0.1388
1428,60,1488,0.1388
1430,66,1496,0.1388
1424,63,1487,0.1388
1427,68,1495,0.1388
1422,67,1489,0.1388
1420,73,1493,0.1388
1427,70,1497,0.1388
1425,71,1496,0.1388
1432,73,1505,0.1388
1432,74,1506,0.1388
1448,74,1522,0.1388
1438,75,1513,0.1388
1424,76,1500,0.1388
1440,76,1516,0.1388
1433,76,1509,0.1388
1420,81,1501,0.1388
1421,81,1502,0.1388
1424,82,1506,0.1388
1436,79,1515,0.1388
1422,83,1505,0.1388
1408,85,1493,0.1388
1413,86,1499,0.1388
1416,87,1503,0.1388
1398,89,1487,0.1388
1397,86,1483,0.1388
1399,91,1490,0.1388
1406,93,1499,0.1388
1398,91,1489,0.1388
1399,90,1489,0.1388
1410,90,1500,0.1388
1404,90,1494,0.1388
1411,86,1497,0.1388
1402,90,1492,0.1388
1414,94,1508,0.1388
1409,88,1497,0.1388
1422,91,1513,0.1388
1400,90,1490,0.1388
1393,91,1484,0.1388
1396,91,1487,0.1388
1400,88,1488,0.1388
1404,88,1492,0.1388
1402,85,1487,0.1388
1384,83,1467,0.1388
1395,83,1478,0.1388
1399,83,1482,0.1388
1402,82,1484,0.1388
1404,84,1488,0.1388
1400,84,1484,0.1388
1392,83,1475,0.1388
1396,82,1478,0.1388
1384,79,1463,0.1388
1382,81,1463,0.1388
1409,82,1491,0.1388
1412,89,1501,0.1388
1405,87,1492,0.1388
1405,86,1491,0.1388
1399,85,1484,0.1388
1397,87,1484,0.1388
1402,91,1493,0.1388
1398,91,1489,0.1388
1377,90,1467,0.1388
1384,89,1473,0.1388
1394,89,1483,0.1388
1396,88,1484,0.1388
1392,88,1480,0.1388
1385,88,1473,0.1388
1389,90,1479,0.1388
1389,90,1479,0.1388
1400,91,1491,0.1388
1393,90,1483,0.1388
1388,94,1482,0.1388
1405,97,1502,0.1388
1399,97,1496,0.1388
1393,97,1490,0.1388
1401,96,1497,0.1388
1400,95,1495,0.1388
1396,97,1493,0.1388
1401,99,1500,0.1388
1401,98,1499,0.1388
1403,95,1498,0.1388
1408,91,1499,0.1388
1406,92,1498,0.1388
1407,98,1505,0.1388
1414,95,1509,0.1388
1407,95,1502,0.1388
1402,93,1495,0.1388
1390,94,1484,0.1388
1385,98,1483,0.1388
1386,98,1484,0.1388
1392,95,1487,0.1388
1395,98,1493,0.1388
1399,90,1489,0.1388
1389,94,1483,0.1388
1388,96,1484,0.1388
1385,96,1481,0.1388
1392,97,1489,0.1388
1401,99,1500,0.1388
1410,102,1512,0.1388
1408,108,1516,0.1388
1417,108,1525,0.1388
1416,105,1521,0.1388
1401,107,1508,0.1388
1397,109,1506,0.1388
1392,112,1504,0.1388
1391,114,1505,0.1388
1378,114,1492,0.1388
1375,115,1490,0.1388
1379,120,1499,0.1388
1374,124,1498,0.1388
1369,127,1496,0.1388
1369,131,1500,0.1388
1370,133,1503,0.1388
1368,132,1500,0.1388
1373,132,1505,0.1388
1369,133,1502,0.1388
1365,127,1492,0.1388
1359,131,1490,0.1388
1351,129,1480,0.1388
1361,131,1492,0.1388
1369,127,1496,0.1388
1366,130,1496,0.1388
1372,129,1501,0.1388
1349,125,1474,0.1388
1353,126,1479,0.1388
1360,122,1482,0.1388
1370,125,1495,0.1388
1376,120,1496,0.1388
1364,123,1487,0.1388
1368,123,1491,0.1388
1362,121,1483,0.1388
1374,123,1497,0.1388
1374,123,1497,0.1388
1372,127,1499,0.1388
1365,127,1492,0.1388
1371,129,1500,0.1388
1381,126,1507,0.1388
1377,130,1507,0.1388
1372,135,1507,0.1388
1358,135,1493,0.1388
1358,138,1496,0.1388
1353,141,1494,0.1388
1352,144,1496,0.1388
1360,141,1501,0.1388
1362,140,1502,0.1388
1368,141,1509,0.1388
1371,147,1518,0.1388
1357,151,1508,0.1388
1353,151,1504,0.1388
1353,148,1501,0.1388
1351,156,1507,0.1388
1340,158,1498,0.1388
1337,160,1497,0.1388
1338,157,1495,0.1388
1338,155,1493,0.1388
1334,158,1492,0.1388
1323,154,1477,0.1388
1328,158,1486,0.1388
1340,154,1494,0.1388
1339,152,1491,0.1388
1344,157,1501,0.1388
1337,161,1498,0.1388
1341,162,1503,0.1388
1335,161,1496,0.1388
1326,161,1487,0.1388
1323,164,1487,0.1388
1329,169,1498,0.1388
1336,165,1501,0.1388
1338,169,1507,0.1388
1334,170,1504,0.1388
1329,166,1495,0.1388
1327,167,1494,0.1388
1327,166,1493,0.1388
1324,168,1492,0.1388
1314,173,1487,0.1388
1312,171,1483,0.1388
1325,173,1498,0.1388
1339,167,1506,0.1388
1345,173,1518,0.1388
1332,174,1506,0.1388
1335,176,1511,0.1388
1336,174,1510,0.1388
1335,172,1507,0.1388
1317,176,1493,0.1388
1303,173,1476,0.1388
1311,178,1489,0.1388
1297,178,1475,0.1388
1298,179,1477,0.1388
1308,179,1487,0.1388
1316,179,1495,0.1388
1309,186,1495,0.1388
1296,186,1482,0.1388
1286,183,1469,0.1388
1282,182,1464,0.1388
1297,181,1478,0.1388
1303,180,1483,0.1388
1305,186,1491,0.1388
1302,188,1490,0.1388
1307,188,1495,0.1388
1294,189,1483,0.1388
1282,189,1471,0.1388
1297,183,1480,0.1388
1313,184,1497,0.1388
1305,185,1490,0.1388
1308,188,1496,0.1388
1301,187,1488,0.1388
1311,185,1496,0.1388
1307,189,1496,0.1388
1295,184,1479,0.1388
1287,190,1477,0.1388
1284,193,1477,0.1388
1285,196,1481,0.1388
1282,194,1476,0.1388
1289,190,1479,0.1388
1290,194,1484,0.1388
1302,194,1496,0.1388
1298,192,1490,0.1388
1316,193,1509,0.1388
1301,199,1500,0.1388
1306,196,1502,0.1388
1293,204,1497,0.1388
1290,207,1497,0.1388
1293,207,1500,0.1388
1292,205,1497,0.1388
1292,209,1501,0.1388
1295,208,1503,0.1388
1286,209,1495,0.1388
1280,215,1495,0.1388
1282,209,1491,0.1388
1278,216,1494,0.1388
1272,217,1489,0.1388
1281,218,1499,0.1388
1287,216,1503,0.1388
1283,221,1504,0.1388
1275,220,1495,0.1388
1269,217,1486,0.1388
1278,223,1501,0.1388
1271,228,1499,0.1388
1280,230,1510,0.1388
1278,230,1508,0.1388
1264,232,1496,0.1388
1262,232,1494,0.1388
1259,235,1494,0.1388
1250,229,1479,0.1388
1248,228,1476,0.1388
1250,230,1480,0.1388
1261,236,1497,0.1388
1246,239,1485,0.1388
1249,233,1482,0.1388
1262,236,1498,0.1388
1252,237,1489,0.1388
1249,238,1487,0.1388
1246,237,1483,0.1388
1244,236,1480,0.1388
1236,235,1471,0.1388
1244,237,1481,0.1388
1254,239,1493,0.1388
1247,236,1483,0.1388
1250,241,1491,0.1388
1252,242,1494,0.1388
1244,249,1493,0.1388
1240,251,1491,0.1388
1254,247,1501,0.1388
1265,252,1517,0.1388
1259,253,1512,0.1388
1241,257,1498,0.1388
1249,258,1507,0.1388
1254,257,1511,0.1388
1239,260,1499,0.1388
1234,259,1493,0.1388
1235,256,1491,0.1388
1246,259,1505,0.1388
1237,252,1489,0.1388
1239,257,1496,0.1388
1236,260,1496,0.1388
1235,262,1497,0.1388
1234,261,1495,0.1388
1232,263,1495,0.1388
1232,266,1498,0.1388
1218,271,1489,0.1388
1216,269,1485,0.1388
1228,273,1501,0.1388
1232,269,1501,0.1388
1230,273,1503,0.1388
1233,274,1507,0.1388
1233,273,1506,0.1388
1232,278,1510,0.1388
1235,276,1511,0.1388
1231,270,1501,0.1388
1219,270,1489,0.1388
1205,274,1479,0.1388
1211,273,1484,0.1388
1219,276,1495,0.1388
1211,281,1492,0.1388
1214,285,1499,0.1388
1206,288,1494,0.1388
1206,293,1499,0.1388
1202,297,1499,0.1388
1198,298,1496,0.1388
1192,293,1485,0.1388
1202,295,1497,0.1388
1198,294,1492,0.1388
1195,293,1488,0.1388
1201,297,1498,0.1388
1202,296,1498,0.1388
1203,294,1497,0.1388
1203,298,1501,0.1388
1200,290,1490,0.1388
1207,290,1497,0.1388
1200,291,1491,0.1388
1201,292,1493,0.1388
1197,300,1497,0.1388
1197,304,1501,0.1388
1190,301,1491,0.1388
1183,300,1483,0.1388
1184,305,1489,0.1388
1182,312,1494,0.1388
1161,310,1471,0.1388
1153,313,1466,0.1388
1163,319,1482,0.1388
1169,321,1490,0.1388
1181,319,1500,0.1388
1198,318,1516,0.1388
1202,313,1515,0.1388
1193,308,1501,0.1388
1193,310,1503,0.1388
1191,308,1499,0.1388
1176,309,1485,0.1388
1170,313,1483,0.1388
1180,315,1495,0.1388
1184,320,1504,0.1388
1177,322,1499,0.1388
1181,323,1504,0.1388
1186,326,1512,0.1388
1173,331,1504,0.1388
1176,334,1510,0.1388
1162,330,1492,0.1388
1153,327,1480,0.1388
1146,338,1484,0.1388
1145,336,1481,0.1388
1148,344,1492,0.1388
1153,349,1502,0.1388
1148,351,1499,0.1388
1149,352,1501,0.1388
1154,352,1506,0.1388
1156,352,1508,0.1388
1145,351,1496,0.1388
1152,353,1505,0.1388
1154,347,1501,0.1388
1146,353,1499,0.1388
1141,361,1502,0.1388
1128,358,1486,0.1388
1148,357,1505,0.1388
1157,359,1516,0.1388
1153,356,1509,0.1388
1152,355,1507,0.1388
1159,354,1513,0.1388
1155,353,1508,0.1388
1154,351,1505,0.1388
1160,350,1510,0.1388
1164,352,1516,0.1388
1143,350,1493,0.1388
1142,349,1491,0.1388
1132,358,1490,0.1388
1141,354,1495,0.1388
1146,354,1500,0.1388
1144,359,1503,0.1388
1139,351,1490,0.1388
1151,347,1498,0.1388
1138,344,1482,0.1388
1139,338,1477,0.1388
1136,340,1476,0.1388
1124,341,1465,0.1388
1147,340,1487,0.1388
1153,346,1499,0.1388
1149,350,1499,0.1388
1142,349,1491,0.1388
1147,357,1504,0.1388
1131,365,1496,0.1388
1125,363,1488,0.1388
1137,364,1501,0.1388
1135,368,1503,0.1388
1140,364,1504,0.1388
1133,362,1495,0.1388
1129,358,1487,0.1388
1133,355,1488,0.1388
1124,357,1481,0.1388
1130,356,1486,0.1388
1120,360,1480,0.1388
1130,364,1494,0.1388
1134,353,1487,0.1388
1133,349,1482,0.1388
1130,353,1483,0.1388
1136,358,1494,0.1388
1124,366,1490,0.1388
1123,372,1495,0.1388
1138,372,1510,0.1388
1141,371,1512,0.1388
1137,369,1506,0.1388
1132,374,1506,0.1388
1121,373,1494,0.1388
1117,375,1492,0.1388
1117,377,1494,0.1388
1117,373,1490,0.1388
1115,377,1492,0.1388
1118,385,1503,0.1388
1109,382,1491,0.1388
1115,382,1497,0.1388
1110,384,1494,0.1388
1109,385,1494,0.1388
1114,377,1491,0.1388
1107,382,1489,0.1388
1107,378,1485,0.1388
1108,389,1497,0.1388
1104,391,1495,0.1388
1095,385,1480,0.1388
1098,390,1488,0.1388
1107,397,1504,0.1388
1099,390,1489,0.1388
1104,394,1498,0.1388
1109,391,1500,0.1388
1101,386,1487,0.1388
1113,387,1500,0.1388
1110,392,1502,0.1388
1122,386,1508,0.1388
1102,389,1491,0.1388
1104,391,1495,0.1388
1096,389,1485,0.1388
1099,390,1489,0.1388
1098,391,1489,0.1388
1093,393,1486,0.1388
1079,400,1479,0.1388
1097,405,1502,0.1388
1096,402,1498,0.1388
1096,411,1507,0.1388
1092,413,1505,0.1388
1094,412,1506,0.1388
1077,418,1495,0.1388
1082,416,1498,0.1388
1079,414,1493,0.1388
1082,419,1501,0.1388
1085,417,1502,0.1388
1080,421,1501,0.1388
1085,420,1505,0.1388
1084,429,1513,0.1388
1081,424,1505,0.1388
1076,426,1502,0.1388
1075,431,1506,0.1388
1057,441,1498,0.1388
1047,440,1487,0.1388
1043,433,1476,0.1388
1040,435,1475,0.1388
1051,437,1488,0.1388
1050,440,1490,0.1388
1049,441,1490,0.1388
1040,448,1488,0.1388
1043,454,1497,0.1388
1049,455,1504,0.1388
1039,454,1493,0.1388
1031,461,1492,0.1388
1042,462,1504,0.1388
1041,460,1501,0.1388
1042,459,1501,0.1388
1038,450,1488,0.1388
1031,459,1490,0.1388
1031,460,1491,0.1388
1045,457,1502,0.1388
1036,457,1493,0.1388
1047,453,1500,0.1388
1056,457,1513,0.1388
1051,462,1513,0.1388
1052,453,1505,0.1388
1055,456,1511,0.1388
1045,449,1494,0.1388
1054,451,1505,0.1388
1056,463,1519,0.1388
1057,459,1516,0.1388
1053,455,1508,0.1388
1048,449,1497,0.1388
1066,454,1520,0.1388
1071,456,1527,0.1388
1061,452,1513,0.1388
1067,455,1522,0.1388
1054,453,1507,0.1388
1054,446,1500,0.1388
1051,447,1498,0.1388
1060,448,1508,0.1388
1063,443,1506,0.1388
1073,447,1520,0.1388
1064,446,1510,0.1388
1057,448,1505,0.1388
1053,444,1497,0.1388
1047,443,1490,0.1388
1055,444,1499,0.1388
1047,445,1492,0.1388
1042,454,1496,0.1388
1040,457,1497,0.1388
1043,462,1505,0.1388
1044,461,1505,0.1388
1038,465,1503,0.1388
1037,469,1506,0.1388
1042,464,1506,0.1388
1038,466,1504,0.1388
1028,466,1494,0.1388
1025,467,1492,0.1388
1024,472,1496,0.1388
1026,477,1503,0.1388
1026,470,1496,0.1388
1024,468,1492,0.1388
1022,466,1488,0.1388
1013,474,1487,0.1388
1010,469,1479,0.1388
1011,472,1483,0.1388
1022,457,1479,0.1388
1013,465,1478,0.1388
1022,471,1493,0.1388
1022,471,1493,0.1388
1020,471,1491,0.1388
1017,478,1495,0.1388
1019,478,1497,0.1388
1015,485,1500,0.1388
1012,491,1503,0.1388
1008,488,1496,0.1388
1003,479,1482,0.1388
1000,491,1491,0.1388
1008,486,1494,0.1388
1004,491,1495,0.1388
1007,488,1495,0.1388
1017,491,1508,0.1388
1019,493,1512,0.1388
1012,490,1502,0.1388
1014,490,1504,0.1388
999,487,1486,0.1388
998,495,1493,0.1388
1000,498,1498,0.1388
1014,498,1512,0.1388
1009,495,1504,0.1388
1001,493,1494,0.1388
1006,499,1505,0.1388
997,507,1504,0.1388
992,502,1494,0.1388
999,507,1506,0.1388
1005,502,1507,0.1388
1000,501,1501,0.1388
993,504,1497,0.1388
987,505,1492,0.1388
991,500,1491,0.1388
1009,501,1510,0.1388
1012,500,1512,0.1388
1002,502,1504,0.1388
997,515,1512,0.1388
1001,508,1509,0.1388
1005,511,1516,0.1388
996,511,1507,0.1388
994,521,1515,0.1388
999,524,1523,0.1388
992,522,1514,0.1388
982,525,1507,0.1388
982,522,1504,0.1388
977,521,1498,0.1388
986,524,1510,0.1388
984,530,1514,0.1388
984,534,1518,0.1388
980,534,1514,0.1388
974,540,1514,0.1388
966,548,1514,0.1388
966,555,1521,0.1388
962,559,1521,0.1388
957,558,1515,0.1388
945,559,1504,0.1388
945,552,1497,0.1388
940,555,1495,0.1388
937,555,1492,0.1388
931,565,1496,0.1388
932,571,1503,0.1388
922,563,1485,0.1388
944,565,1509,0.1388
944,571,1515,0.1388
939,573,1512,0.1388
939,563,1502,0.1388
944,566,1510,0.1388
934,564,1498,0.1388
943,569,1512,0.1388
941,566,1507,0.1388
936,573,1509,0.1388
935,572,1507,0.1388
938,574,1512,0.1388
937,563,1500,0.1388
935,563,1498,0.1388
930,572,1502,0.1388
926,564,1490,0.1388
937,575,1512,0.1388
938,568,1506,0.1388
926,571,1497,0.1388
924,572,1496,0.1388
921,571,1492,0.1388
917,571,1488,0.1388
923,579,1502,0.1388
930,581,1511,0.1388
928,576,1504,0.1388
924,585,1509,0.1388
913,591,1504,0.1388
922,590,1512,0.1388
929,589,1518,0.1388
923,590,1513,0.1388
922,592,1514,0.1388
915,588,1503,0.1388
905,594,1499,0.1388
907,592,1499,0.1388
910,591,1501,0.1388
909,594,1503,0.1388
913,601,1514,0.1388
910,603,1513,0.1388
904,589,1493,0.1388
898,589,1487,0.1388
887,594,1481,0.1388
898,593,1491,0.1388
915,602,1517,0.1388
905,601,1506,0.1388
912,603,1515,0.1388
897,589,1486,0.1388
896,598,1494,0.1388
896,607,1503,0.1388
897,610,1507,0.1388
894,609,1503,0.1388
894,606,1500,0.1388
894,602,1496,0.1388
896,609,1505,0.1388
891,618,1509,0.1388
884,621,1505,0.1388
869,628,1497,0.1388
874,623,1497,0.1388
882,630,1512,0.1388
867,631,1498,0.1388
861,629,1490,0.1388
857,632,1489,0.1388
847,633,1480,0.1388
856,640,1496,0.1388
860,637,1497,0.1388
859,648,1507,0.1388
866,646,1512,0.1388
857,649,1506,0.1388
850,658,1508,0.1388
835,656,1491,0.1388
832,655,1487,0.1388
838,649,1487,0.1388
843,658,1501,0.1388
844,654,1498,0.1388
842,658,1500,0.1388
839,664,1503,0.1388
839,664,1503,0.1388
852,665,1517,0.1388
855,668,1523,0.1388
845,661,1506,0.1388
850,661,1511,0.1388
846,659,1505,0.1388
852,657,1509,0.1388
846,663,1509,0.1388
851,662,1513,0.1388
853,662,1515,0.1388
857,653,1510,0.1388
848,659,1507,0.1388
850,647,1497,0.1388
852,643,1495,0.1388
858,645,1503,0.1388
847,639,1486,0.1388
850,647,1497,0.1388
847,659,1506,0.1388
838,664,1502,0.1388
835,660,1495,0.1388
840,665,1505,0.1388
832,654,1486,0.1388
843,655,1498,0.1388
841,665,1506,0.1388
841,667,1508,0.1388
839,671,1510,0.1388
842,672,1514,0.1388
848,671,1519,0.1388
856,671,1527,0.1388
854,665,1519,0.1388
863,664,1527,0.1388
865,669,1534,0.1388
858,664,1522,0.1388
848,671,1519,0.1388
850,674,1524,0.1388
844,656,1500,0.1388
831,652,1483,0.1388
824,660,1484,0.1388
823,667,1490,0.1388
830,660,1490,0.1388
833,658,1491,0.1388
823,667,1490,0.1388
828,671,1499,0.1388
815,675,1490,0.1388
820,680,1500,0.1388
817,676,1493,0.1388
825,678,1503,0.1388
823,666,1489,0.1388
819,676,1495,0.1388
817,672,1489,0.1388
815,670,1485,0.1388
824,672,1496,0.1388
819,676,1495,0.1388
820,678,1498,0.1388
820,681,1501,0.1388
821,680,1501,0.1388
830,680,1510,0.1388
824,683,1507,0.1388
826,684,1510,0.1388
830,686,1516,0.1388
820,692,1512,0.1388
811,692,1503,0.1388
815,693,1508,0.1388
805,697,1502,0.1388
803,690,1493,0.1388
815,682,1497,0.1388
816,687,1503,0.1388
815,691,1506,0.1388
805,685,1490,0.1388
817,681,1498,0.1388
809,681,1490,0.1388
819,689,1508,0.1388
803,701,1504,0.1388
801,697,1498,0.1388
802,700,1502,0.1388
810,708,1518,0.1388
798,701,1499,0.1388
807,698,1505,0.1388
802,693,1495,0.1388
805,702,1507,0.1388
799,706,1505,0.1388
793,708,1501,0.1388
793,714,1507,0.1388
795,722,1517,0.1388
788,720,1508,0.1388
794,717,1511,0.1388
786,710,1496,0.1388
788,712,1500,0.1388
787,709,1496,0.1388
798,719,1517,0.1388
792,716,1508,0.1388
788,719,1507,0.1388
775,719,1494,0.1388
773,721,1494,0.1388
775,723,1498,0.1388
786,722,1508,0.1388
788,728,1516,0.1388
785,728,1513,0.1388
779,728,1507,0.1388
783,731,1514,0.1388
782,728,1510,0.1388
777,730,1507,0.1388
778,720,1498,0.1388
779,719,1498,0.1388
784,716,1500,0.1388
779,715,1494,0.1388
785,719,1504,0.1388
783,724,1507,0.1388
784,718,1502,0.1388
780,726,1506,0.1388
779,732,1511,0.1388
783,725,1508,0.1388
782,718,1500,0.1388
778,723,1501,0.1388
783,729,1512,0.1388
775,724,1499,0.1388
773,728,1501,0.1388
775,726,1501,0.1388
770,709,1479,0.1388
775,723,1498,0.1388
781,722,1503,0.1388
778,713,1491,0.1388
786,717,1503,0.1388
790,715,1505,0.1388
794,709,1503,0.1388
789,710,1499,0.1388
783,713,1496,0.1388
786,713,1499,0.1388
780,710,1490,0.1388
777,708,1485,0.1388
782,715,1497,0.1388
782,721,1503,0.1388
784,722,1506,0.1388
786,715,1501,0.1388
792,709,1501,0.1388
801,719,1520,0.1388
807,711,1518,0.1388
809,708,1517,0.1388
795,706,1501,0.1388
798,715,1513,0.1388
794,730,1524,0.1388
793,735,1528,0.1388
789,730,1519,0.1388
786,730,1516,0.1388
785,734,1519,0.1388
779,733,1512,0.1388
778,736,1514,0.1388
784,727,1511,0.1388
786,724,1510,0.1388
789,724,1513,0.1388
780,729,1509,0.1388
782,732,1514,0.1388
776,736,1512,0.1388
782,729,1511,0.1388
776,730,1506,0.1388
782,735,1517,0.1388
779,729,1508,0.1388
778,734,1512,0.1388
764,739,1503,0.1388
754,735,1489,0.1388
761,738,1499,0.1388
758,736,1494,0.1388
757,730,1487,0.1388
754,744,1498,0.1388
752,740,1492,0.1388
761,748,1509,0.1388
759,750,1509,0.1388
752,735,1487,0.1388
754,732,1486,0.1388
747,740,1487,0.1388
749,755,1504,0.1388
751,749,1500,0.1388
756,758,1514,0.1388
751,750,1501,0.1388
752,751,1503,0.1388
736,749,1485,0.1388
727,763,1490,0.1388
722,767,1489,0.1388
735,769,1504,0.1388
726,771,1497,0.1388
723,767,1490,0.1388
733,765,1498,0.1388
738,755,1493,0.1388
737,755,1492,0.1388
730,750,1480,0.1388
718,764,1482,0.1388
726,778,1504,0.1388
719,772,1491,0.1388
725,773,1498,0.1388
727,769,1496,0.1388
726,770,1496,0.1388
736,776,1512,0.1388
741,771,1512,0.1388
734,776,1510,0.1388
733,781,1514,0.1388
713,774,1487,0.1388
714,783,1497,0.1388
719,787,1506,0.1388
715,781,1496,0.1388
718,779,1497,0.1388
725,783,1508,0.1388
728,781,1509,0.1388
722,788,1510,0.1388
719,782,1501,0.1388
718,779,1497,0.1388
715,785,1500,0.1388
707,793,1500,0.1388
696,804,1500,0.1388
698,800,1498,0.1388
703,817,1520,0.1388
699,819,1518,0.1388
692,827,1519,0.1388
694,827,1521,0.1388
695,816,1511,0.1388
690,815,1505,0.1388
682,814,1496,0.1388
690,808,1498,0.1388
700,808,1508,0.1388
699,803,1502,0.1388
700,806,1506,0.1388
691,817,1508,0.1388
682,826,1508,0.1388
684,823,1507,0.1388
685,827,1512,0.1388
688,833,1521,0.1388
676,842,1518,0.1388
669,849,1518,0.1388
669,845,1514,0.1388
662,843,1505,0.1388
661,847,1508,0.1388
665,842,1507,0.1388
657,841,1498,0.1388
660,841,1501,0.1388
657,852,1509,0.1388
657,851,1508,0.1388
653,852,1505,0.1388
651,854,1505,0.1388
650,851,1501,0.1388
647,860,1507,0.1388
650,856,1506,0.1388
649,869,1518,0.1388
642,867,1509,0.1388
642,872,1514,0.1388
635,869,1504,0.1388
638,861,1499,0.1388
645,867,1512,0.1388
652,868,1520,0.1388
646,866,1512,0.1388
647,864,1511,0.1388
642,861,1503,0.1388
630,862,1492,0.1388
631,865,1496,0.1388
630,870,1500,0.1388
645,870,1515,0.1388
638,868,1506,0.1388
639,863,1502,0.1388
642,868,1510,0.1388
648,866,1514,0.1388
634,871,1505,0.1388
640,865,1505,0.1388
649,872,1521,0.1388
642,867,1509,0.1388
639,883,1522,0.1388
639,884,1523,0.1388
637,880,1517,0.1388
640,876,1516,0.1388
646,874,1520,0.1388
648,879,1527,0.1388
648,873,1521,0.1388
645,879,1524,0.1388
641,883,1524,0.1388
639,878,1517,0.1388
629,889,1518,0.1388
621,882,1503,0.1388
620,878,1498,0.1388
625,879,1504,0.1388
620,890,1510,0.1388
610,904,1514,0.1388
604,908,1512,0.1388
598,898,1496,0.1388
590,902,1492,0.1388
591,909,1500,0.1388
590,916,1506,0.1388
594,915,1509,0.1388
591,919,1510,0.1388
587,925,1512,0.1388
577,915,1492,0.1388
594,925,1519,0.1388
590,931,1521,0.1388
592,937,1529,0.1388
589,935,1524,0.1388
586,925,1511,0.1388
589,917,1506,0.1388
583,917,1500,0.1388
582,906,1488,0.1388
583,914,1497,0.1388
582,912,1494,0.1388
585,917,1502,0.1388
583,927,1510,0.1388
585,925,1510,0.1388
587,922,1509,0.1388
581,918,1499,0.1388
578,931,1509,0.1388
584,928,1512,0.1388
583,927,1510,0.1388
588,924,1512,0.1388
589,913,1502,0.1388
589,912,1501,0.1388
593,909,1502,0.1388
592,913,1505,0.1388
585,915,1500,0.1388
581,908,1489,0.1388
582,926,1508,0.1388
585,925,1510,0.1388
585,922,1507,0.1388
585,923,1508,0.1388
591,924,1515,0.1388
591,931,1522,0.1388
594,929,1523,0.1388
587,940,1527,0.1388
579,943,1522,0.1388
593,940,1533,0.1388
587,932,1519,0.1388
568,946,1514,0.1388
568,964,1532,0.1388
570,962,1532,0.1388
562,956,1518,0.1388
560,964,1524,0.1388
555,957,1512,0.1388
547,958,1505,0.1388
546,953,1499,0.1388
540,958,1498,0.1388
542,964,1506,0.1388
542,966,1508,0.1388
539,969,1508,0.1388
535,975,1510,0.1388
526,978,1504,0.1388
526,974,1500,0.1388
526,981,1507,0.1388
532,971,1503,0.1388
531,984,1515,0.1388
529,979,1508,0.1388
523,969,1492,0.1388
528,979,1507,0.1388
527,987,1514,0.1388
518,994,1512,0.1388
512,989,1501,0.1388
500,1000,1500,0.1388
502,1011,1513,0.1388
510,1010,1520,0.1388
507,1010,1517,0.1388
508,1011,1519,0.1388
504,1013,1517,0.1388
504,1012,1516,0.1388
499,1010,1509,0.1388
503,1008,1511,0.1388
498,1011,1509,0.1388
498,1021,1519,0.1388
501,1012,1513,0.1388
500,1009,1509,0.1388
499,1006,1505,0.1388
501,1021,1522,0.1388
497,1016,1513,0.1388
493,1012,1505,0.1388
493,1015,1508,0.1388
497,1020,1517,0.1388
489,1026,1515,0.1388
500,1026,1526,0.1388
498,1024,1522,0.1388
492,1025,1517,0.1388
486,1020,1506,0.1388
493,1025,1518,0.1388
490,1020,1510,0.1388
482,1022,1504,0.1388
487,1022,1509,0.1388
483,1018,1501,0.1388
478,1013,1491,0.1388
472,1011,1483,0.1388
478,1013,1491,0.1388
485,1023,1508,0.1388
488,1015,1503,0.1388
481,1027,1508,0.1388
486,1020,1506,0.1388
484,1024,1508,0.1388
487,1022,1509,0.1388
480,1028,1508,0.1388
488,1020,1508,0.1388
489,1011,1500,0.1388
497,1021,1518,0.1388
494,1034,1528,0.1388
492,1019,1511,0.1388
493,1026,1519,0.1388
491,1025,1516,0.1388
493,1022,1515,0.1388
491,1038,1529,0.1388
485,1031,1516,0.1388
495,1023,1518,0.1388
491,1020,1511,0.1388
493,1018,1511,0.1388
487,1018,1505,0.1388
484,1018,1502,0.1388
483,1016,1499,0.1388
484,1020,1504,0.1388
488,1026,1514,0.1388
485,1024,1509,0.1388
487,1018,1505,0.1388
470,1022,1492,0.1388
475,1032,1507,0.1388
473,1038,1511,0.1388
475,1040,1515,0.1388
471,1043,1514,0.1388
471,1038,1509,0.1388
471,1035,1506,0.1388
458,1044,1502,0.1388
463,1051,1514,0.1388
452,1046,1498,0.1388
450,1051,1501,0.1388
454,1052,1506,0.1388
462,1055,1517,0.1388
457,1058,1515,0.1388
459,1061,1520,0.1388
456,1052,1508,0.1388
458,1053,1511,0.1388
457,1053,1510,0.1388
456,1059,1515,0.1388
451,1054,1505,0.1388
457,1052,1509,0.1388
460,1067,1527,0.1388
455,1064,1519,0.1388
452,1066,1518,0.1388
450,1067,1517,0.1388
445,1069,1514,0.1388
446,1064,1510,0.1388
444,1064,1508,0.1388
445,1087,1532,0.1388
445,1078,1523,0.1388
447,1078,1525,0.1388
444,1071,1515,0.1388
444,1077,1521,0.1388
443,1068,1511,0.1388
442,1077,1519,0.1388
438,1071,1509,0.1388
438,1068,1506,0.1388
435,1077,1512,0.1388
433,1077,1510,0.1388
437,1068,1505,0.1388
437,1058,1495,0.1388
443,1069,1512,0.1388
451,1069,1520,0.1388
447,1076,1523,0.1388
445,1071,1516,0.1388
433,1072,1505,0.1388
439,1082,1521,0.1388
445,1078,1523,0.1388
442,1073,1515,0.1388
439,1065,1504,0.1388
444,1062,1506,0.1388
440,1074,1514,0.1388
436,1073,1509,0.1388
438,1067,1505,0.1388
437,1062,1499,0.1388
435,1071,1506,0.1388
435,1083,1518,0.1388
432,1073,1505,0.1388
438,1074,1512,0.1388
427,1078,1505,0.1388
431,1087,1518,0.1388
431,1087,1518,0.1388
427,1078,1505,0.1388
423,1078,1501,0.1388
428,1080,1508,0.1388
428,1086,1514,0.1388
432,1096,1528,0.1388
433,1101,1534,0.1388
427,1103,1530,0.1388
428,1097,1525,0.1388
428,1082,1510,0.1388
425,1089,1514,0.1388
423,1097,1520,0.1388
416,1100,1516,0.1388
416,1103,1519,0.1388
410,1103,1513,0.1388
416,1091,1507,0.1388
422,1076,1498,0.1388
422,1077,1499,0.1388
418,1091,1509,0.1388
413,1082,1495,0.1388
411,1096,1507,0.1388
409,1094,1503,0.1388
407,1106,1513,0.1388
408,1082,1490,0.1388
405,1105,1510,0.1388
399,1113,1512,0.1388
401,1111,1512,0.1388
395,1114,1509,0.1388
387,1127,1514,0.1388
387,1123,1510,0.1388
384,1114,1498,0.1388
383,1119,1502,0.1388
392,1111,1503,0.1388
384,1112,1496,0.1388
384,1113,1497,0.1388
382,1127,1509,0.1388
382,1136,1518,0.1388
377,1130,1507,0.1388
375,1131,1506,0.1388
364,1140,1504,0.1388
367,1145,1512,0.1388
370,1149,1519,0.1388
370,1145,1515,0.1388
368,1140,1508,0.1388
368,1155,1523,0.1388
366,1154,1520,0.1388
370,1152,1522,0.1388
374,1154,1528,0.1388
371,1149,1520,0.1388
371,1145,1516,0.1388
370,1147,1517,0.1388
362,1143,1505,0.1388
355,1151,1506,0.1388
352,1154,1506,0.1388
354,1156,1510,0.1388
355,1166,1521,0.1388
348,1172,1520,0.1388
351,1172,1523,0.1388
347,1174,1521,0.1388
348,1160,1508,0.1388
348,1160,1508,0.1388
346,1154,1500,0.1388
346,1149,1495,0.1388
346,1152,1498,0.1388
351,1164,1515,0.1388
350,1157,1507,0.1388
338,1168,1506,0.1388
336,1168,1504,0.1388
342,1164,1506,0.1388
333,1168,1501,0.1388
333,1167,1500,0.1388
339,1183,1522,0.1388
338,1181,1519,0.1388
335,1177,1512,0.1388
331,1171,1502,0.1388
333,1174,1507,0.1388
338,1184,1522,0.1388
337,1179,1516,0.1388
333,1183,1516,0.1388
327,1171,1498,0.1388
327,1178,1505,0.1388
325,1171,1496,0.1388
318,1174,1492,0.1388
325,1182,1507,0.1388
326,1192,1518,0.1388
323,1192,1515,0.1388
321,1188,1509,0.1388
320,1193,1513,0.1388
320,1192,1512,0.1388
320,1190,1510,0.1388
320,1195,1515,0.1388
314,1186,1500,0.1388
314,1194,1508,0.1388
313,1199,1512,0.1388
315,1197,1512,0.1388
314,1200,1514,0.1388
309,1204,1513,0.1388
312,1200,1512,0.1388
309,1208,1517,0.1388
303,1200,1503,0.1388
308,1196,1504,0.1388
304,1202,1506,0.1388
309,1208,1517,0.1388
308,1200,1508,0.1388
309,1201,1510,0.1388
311,1210,1521,0.1388
313,1209,1522,0.1388
311,1204,1515,0.1388
304,1203,1507,0.1388
306,1209,1515,0.1388
307,1207,1514,0.1388
313,1201,1514,0.1388
311,1212,1523,0.1388
316,1209,1525,0.1388
314,1200,1514,0.1388
307,1211,1518,0.1388
299,1214,1513,0.1388
297,1212,1509,0.1388
303,1213,1516,0.1388
303,1229,1532,0.1388
296,1225,1521,0.1388
299,1217,1516,0.1388
296,1213,1509,0.1388
300,1207,1507,0.1388
302,1211,1513,0.1388
301,1204,1505,0.1388
300,1211,1511,0.1388
300,1226,1526,0.1388
299,1230,1529,0.1388
295,1228,1523,0.1388
288,1230,1518,0.1388
289,1223,1512,0.1388
291,1211,1502,0.1388
295,1222,1517,0.1388
293,1227,1520,0.1388
295,1223,1518,0.1388
295,1225,1520,0.1388
295,1224,1519,0.1388
295,1214,1509,0.1388
297,1224,1521,0.1388
297,1226,1523,0.1388
293,1225,1518,0.1388
288,1226,1514,0.1388
282,1230,1512,0.1388
277,1246,1523,0.1388
283,1237,1520,0.1388
280,1236,1516,0.1388
274,1228,1502,0.1388
272,1236,1508,0.1388
265,1229,1494,0.1388
265,1222,1487,0.1388
264,1226,1490,0.1388
266,1236,1502,0.1388
266,1238,1504,0.1388
265,1237,1502,0.1388
263,1240,1503,0.1388
262,1235,1497,0.1388
263,1230,1493,0.1388
260,1223,1483,0.1388
260,1226,1486,0.1388
259,1246,1505,0.1388
263,1256,1519,0.1388
262,1259,1521,0.1388
262,1261,1523,0.1388
261,1254,1515,0.1388
261,1252,1513,0.1388
261,1254,1515,0.1388
253,1253,1506,0.1388
254,1246,1500,0.1388
257,1258,1515,0.1388
249,1260,1509,0.1388
245,1262,1507,0.1388
243,1269,1512,0.1388
241,1274,1515,0.1388
244,1273,1517,0.1388
247,1272,1519,0.1388
243,1255,1498,0.1388
243,1262,1505,0.1388
246,1270,1516,0.1388
244,1275,1519,0.1388
239,1286,1525,0.1388
240,1282,1522,0.1388
243,1297,1540,0.1388
239,1291,1530,0.1388
242,1286,1528,0.1388
241,1291,1532,0.1388
243,1281,1524,0.1388
244,1276,1520,0.1388
243,1276,1519,0.1388
242,1282,1524,0.1388
245,1281,1526,0.1388
243,1276,1519,0.1388
242,1280,1522,0.1388
243,1278,1521,0.1388
244,1263,1507,0.1388
241,1262,1503,0.1388
248,1271,1519,0.1388
249,1267,1516,0.1388
246,1262,1508,0.1388
244,1268,1512,0.1388
246,1269,1515,0.1388
240,1264,1504,0.1388
243,1250,1493,0.1388
245,1245,1490,0.1388
243,1275,1518,0.1388
245,1274,1519,0.1388
242,1273,1515,0.1388
239,1284,1523,0.1388
242,1269,1511,0.1388
239,1274,1513,0.1388
239,1274,1513,0.1388
244,1274,1518,0.1388
242,1260,1502,0.1388
244,1258,1502,0.1388
247,1262,1509,0.1388
247,1266,1513,0.1388
246,1266,1512,0.1388
244,1268,1512,0.1388
239,1266,1505,0.1388
238,1280,1518,0.1388
243,1279,1522,0.1388
244,1283,1527,0.1388
245,1272,1517,0.1388
242,1276,1518,0.1388
243,1272,1515,0.1388
247,1281,1528,0.1388
250,1280,1530,0.1388
247,1275,1522,0.1388
244,1277,1521,0.1388
245,1276,1521,0.1388
239,1283,1522,0.1388
237,1287,1524,0.1388
237,1285,1522,0.1388
235,1289,1524,0.1388
233,1285,1518,0.1388
235,1280,1515,0.1388
235,1270,1505,0.1388
233,1296,1529,0.1388
234,1294,1528,0.1388
227,1295,1522,0.1388
227,1287,1514,0.1388
221,1288,1509,0.1388
216,1288,1504,0.1388
220,1280,1500,0.1388
222,1289,1511,0.1388
221,1287,1508,0.1388
220,1292,1512,0.1388
223,1277,1500,0.1388
229,1290,1519,0.1388
229,1291,1520,0.1388
231,1288,1519,0.1388
231,1278,1509,0.1388
230,1285,1515,0.1388
233,1280,1513,0.1388
230,1287,1517,0.1388
230,1284,1514,0.1388
227,1295,1522,0.1388
231,1291,1522,0.1388
229,1288,1517,0.1388
228,1277,1505,0.1388
225,1280,1505,0.1388
221,1301,1522,0.1388
219,1286,1505,0.1388
220,1285,1505,0.1388
222,1282,1504,0.1388
223,1285,1508,0.1388
215,1284,1499,0.1388
213,1296,1509,0.1388
210,1292,1502,0.1388
211,1303,1514,0.1388
210,1312,1522,0.1388
212,1300,1512,0.1388
211,1314,1525,0.1388
213,1317,1530,0.1388
212,1323,1535,0.1388
206,1308,1514,0.1388
209,1305,1514,0.1388
216,1292,1508,0.1388
212,1298,1510,0.1388
211,1310,1521,0.1388
213,1300,1513,0.1388
213,1302,1515,0.1388
212,1297,1509,0.1388
210,1310,1520,0.1388
206,1317,1523,0.1388
206,1315,1521,0.1388
205,1318,1523,0.1388
209,1316,1525,0.1388
209,1315,1524,0.1388
205,1310,1515,0.1388
207,1311,1518,0.1388
209,1304,1513,0.1388
204,1320,1524,0.1388
204,1321,1525,0.1388
200,1322,1522,0.1388
198,1319,1517,0.1388
194,1316,1510,0.1388
197,1294,1491,0.1388
195,1294,1489,0.1388
193,1298,1491,0.1388
188,1318,1506,0.1388
189,1308,1497,0.1388
192,1325,1517,0.1388
192,1323,1515,0.1388
185,1327,1512,0.1388
190,1328,1518,0.1388
186,1318,1504,0.1388
187,1320,1507,0.1388
187,1338,1525,0.1388
191,1337,1528,0.1388
188,1320,1508,0.1388
188,1331,1519,0.1388
187,1319,1506,0.1388
192,1316,1508,0.1388
192,1325,1517,0.1388
192,1320,1512,0.1388
192,1319,1511,0.1388
187,1320,1507,0.1388
183,1317,1500,0.1388
185,1327,1512,0.1388
190,1334,1524,0.1388
185,1327,1512,0.1388
183,1323,1506,0.1388
185,1324,1509,0.1388
188,1340,1528,0.1388
187,1323,1510,0.1388
185,1318,1503,0.1388
183,1328,1511,0.1388
192,1326,1518,0.1388
190,1328,1518,0.1388
188,1323,1511,0.1388
191,1321,1512,0.1388
191,1329,1520,0.1388
195,1325,1520,0.1388
194,1329,1523,0.1388
194,1336,1530,0.1388
189,1323,1512,0.1388
187,1325,1512,0.1388
182,1334,1516,0.1388
182,1329,1511,0.1388
184,1329,1513,0.1388
184,1325,1509,0.1388
185,1336,1521,0.1388
179,1324,1503,0.1388
178,1332,1510,0.1388
179,1335,1514,0.1388
177,1343,1520,0.1388
174,1323,1497,0.1388
171,1334,1505,0.1388
173,1329,1502,0.1388
171,1330,1501,0.1388
170,1325,1495,0.1388
175,1327,1502,0.1388
173,1335,1508,0.1388
170,1330,1500,0.1388
167,1333,1500,0.1388
168,1334,1502,0.1388
168,1345,1513,0.1388
172,1335,1507,0.1388
173,1330,1503,0.1388
173,1343,1516,0.1388
169,1338,1507,0.1388
169,1345,1514,0.1388
172,1350,1522,0.1388
170,1350,1520,0.1388
167,1346,1513,0.1388
168,1339,1507,0.1388
166,1349,1515,0.1388
165,1347,1512,0.1388
166,1347,1513,0.1388
165,1348,1513,0.1388
163,1356,1519,0.1388
166,1347,1513,0.1388
172,1348,1520,0.1388
175,1352,1527,0.1388
170,1347,1517,0.1388
167,1352,1519,0.1388
170,1346,1516,0.1388
173,1347,1520,0.1388
172,1343,1515,0.1388
174,1355,1529,0.1388
175,1332,1507,0.1388
172,1337,1509,0.1388
171,1337,1508,0.1388
171,1333,1504,0.1388
175,1346,1521,0.1388
172,1322,1494,0.1388
172,1317,1489,0.1388
167,1337,1504,0.1388
173,1334,1507,0.1388
169,1339,1508,0.1388
171,1346,1517,0.1388
169,1343,1512,0.1388
165,1339,1504,0.1388
165,1348,1513,0.1388
168,1344,1512,0.1388
163,1339,1502,0.1388
162,1324,1486,0.1388
165,1334,1499,0.1388
161,1349,1510,0.1388
159,1346,1505,0.1388
161,1354,1515,0.1388
163,1341,1504,0.1388
163,1354,1517,0.1388
165,1355,1520,0.1388
167,1345,1512,0.1388
167,1350,1517,0.1388
170,1352,1522,0.1388
169,1361,1530,0.1388
169,1358,1527,0.1388
163,1363,1526,0.1388
164,1359,1523,0.1388
170,1338,1508,0.1388
173,1349,1522,0.1388
170,1347,1517,0.1388
172,1337,1509,0.1388
168,1346,1514,0.1388
162,1340,1502,0.1388
164,1344,1508,0.1388
169,1354,1523,0.1388
170,1352,1522,0.1388
169,1348,1517,0.1388
168,1350,1518,0.1388
167,1350,1517,0.1388
162,1344,1506,0.1388
167,1373,1540,0.1388
167,1358,1525,0.1388
165,1357,1522,0.1388
166,1352,1518,0.1388
165,1339,1504,0.1388
169,1338,1507,0.1388
168,1343,1511,0.1388
162,1345,1507,0.1388
162,1352,1514,0.1388
165,1346,1511,0.1388
164,1344,1508,0.1388
164,1331,1495,0.1388
173,1336,1509,0.1388
170,1342,1512,0.1388
167,1342,1509,0.1388
168,1357,1525,0.1388
167,1354,1521,0.1388
167,1356,1523,0.1388
167,1345,1512,0.1388
164,1339,1503,0.1388
164,1339,1503,0.1388
160,1346,1506,0.1388
164,1337,1501,0.1388
165,1349,1514,0.1388
162,1357,1519,0.1388
157,1340,1497,0.1388
153,1352,1505,0.1388
153,1353,1506,0.1388
149,1365,1514,0.1388
146,1357,1503,0.1388
150,1346,1496,0.1388
151,1357,1508,0.1388
150,1364,1514,0.1388
153,1357,1510,0.1388
150,1352,1502,0.1388
152,1348,1500,0.1388
152,1343,1495,0.1388
152,1355,1507,0.1388
152,1355,1507,0.1388
155,1372,1527,0.1388
156,1370,1526,0.1388
156,1371,1527,0.1388
155,1355,1510,0.1388
156,1357,1513,0.1388
154,1371,1525,0.1388
153,1368,1521,0.1388
157,1366,1523,0.1388
155,1361,1516,0.1388
152,1367,1519,0.1388
155,1358,1513,0.1388
156,1353,1509,0.1388
155,1342,1497,0.1388
156,1344,1500,0.1388
155,1357,1512,0.1388
154,1362,1516,0.1388
153,1361,1514,0.1388
152,1355,1507,0.1388
152,1354,1506,0.1388
154,1369,1523,0.1388
155,1371,1526,0.1388
158,1369,1527,0.1388
153,1361,1514,0.1388
152,1357,1509,0.1388
151,1351,1502,0.1388
154,1363,1517,0.1388
158,1357,1515,0.1388
153,1369,1522,0.1388
150,1379,1529,0.1388
150,1376,1526,0.1388
151,1381,1532,0.1388
149,1378,1527,0.1388
151,1369,1520,0.1388
146,1373,1519,0.1388
145,1367,1512,0.1388
149,1361,1510,0.1388
149,1370,1519,0.1388
146,1369,1515,0.1388
146,1371,1517,0.1388
147,1368,1515,0.1388
143,1371,1514,0.1388
143,1370,1513,0.1388
141,1379,1520,0.1388
143,1384,1527,0.1388
146,1382,1528,0.1388
143,1388,1531,0.1388
143,1390,1533,0.1388
145,1378,1523,0.1388
140,1386,1526,0.1388
141,1387,1528,0.1388
144,1379,1523,0.1388
141,1378,1519,0.1388
145,1383,1528,0.1388
148,1358,1506,0.1388
144,1363,1507,0.1388
141,1377,1518,0.1388
146,1370,1516,0.1388
145,1369,1514,0.1388
148,1371,1519,0.1388
143,1378,1521,0.1388
149,1378,1527,0.1388
149,1376,1525,0.1388
150,1364,1514,0.1388
147,1362,1509,0.1388
149,1369,1518,0.1388
148,1368,1516,0.1388
146,1364,1510,0.1388
143,1363,1506,0.1388
142,1362,1504,0.1388
141,1354,1495,0.1388
144,1364,1508,0.1388
143,1359,1502,0.1388
138,1355,1493,0.1388
141,1361,1502,0.1388
143,1369,1512,0.1388
139,1369,1508,0.1388
141,1381,1522,0.1388
145,1386,1531,0.1388
142,1392,1534,0.1388
140,1394,1534,0.1388
141,1382,1523,0.1388
140,1383,1523,0.1388
137,1387,1524,0.1388
133,1387,1520,0.1388
133,1386,1519,0.1388
131,1379,1510,0.1388
134,1380,1514,0.1388
136,1396,1532,0.1388
141,1400,1541,0.1388
142,1387,1529,0.1388
142,1388,1530,0.1388
143,1377,1520,0.1388
146,1378,1524,0.1388
145,1385,1530,0.1388
141,1374,1515,0.1388
137,1377,1514,0.1388
141,1374,1515,0.1388
138,1386,1524,0.1388
135,1379,1514,0.1388
135,1373,1508,0.1388
133,1378,1511,0.1388
133,1379,1512,0.1388
135,1372,1507,0.1388
137,1386,1523,0.1388
134,1383,1517,0.1388
132,1385,1517,0.1388
129,1387,1516,0.1388
130,1381,1511,0.1388
130,1373,1503,0.1388
131,1378,1509,0.1388
134,1380,1514,0.1388
133,1392,1525,0.1388
135,1395,1530,0.1388
137,1384,1521,0.1388
132,1385,1517,0.1388
132,1397,1529,0.1388
131,1385,1516,0.1388
129,1384,1513,0.1388
128,1368,1496,0.1388
128,1387,1515,0.1388
129,1393,1522,0.1388
130,1399,1529,0.1388
130,1407,1537,0.1388
126,1393,1519,0.1388
131,1390,1521,0.1388
132,1384,1516,0.1388
131,1387,1518,0.1388
131,1385,1516,0.1388
133,1356,1489,0.1388
127,1360,1487,0.1388
131,1366,1497,0.1388
127,1364,1491,0.1388
123,1367,1490,0.1388
127,1383,1510,0.1388
129,1391,1520,0.1388
131,1390,1521,0.1388
132,1388,1520,0.1388
130,1387,1517,0.1388
133,1381,1514,0.1388
134,1384,1518,0.1388
132,1382,1514,0.1388
129,1377,1506,0.1388
131,1385,1516,0.1388
130,1376,1506,0.1388
134,1389,1523,0.1388
135,1395,1530,0.1388
135,1393,1528,0.1388
135,1379,1514,0.1388
133,1374,1507,0.1388
135,1371,1506,0.1388
135,1392,1527,0.1388
135,1395,1530,0.1388
132,1396,1528,0.1388
133,1392,1525,0.1388
132,1400,1532,0.1388
129,1381,1510,0.1388
127,1375,1502,0.1388
124,1386,1510,0.1388
126,1395,1521,0.1388
125,1392,1517,0.1388
121,1398,1519,0.1388
119,1383,1502,0.1388
119,1382,1501,0.1388
120,1389,1509,0.1388
121,1385,1506,0.1388
119,1389,1508,0.1388
120,1383,1503,0.1388
117,1397,1514,0.1388
114,1386,1500,0.1388
115,1405,1520,0.1388
119,1397,1516,0.1388
117,1394,1511,0.1388
115,1406,1521,0.1388
117,1412,1529,0.1388
118,1394,1512,0.1388
115,1399,1514,0.1388
114,1407,1521,0.1388
120,1406,1526,0.1388
115,1400,1515,0.1388
111,1402,1513,0.1388
107,1416,1523,0.1388
103,1416,1519,0.1388
107,1411,1518,0.1388
109,1411,1520,0.1388
110,1413,1523,0.1388
112,1403,1515,0.1388
115,1391,1506,0.1388
114,1393,1507,0.1388
112,1405,1517,0.1388
112,1404,1516,0.1388
111,1393,1504,0.1388
108,1394,1502,0.1388
110,1393,1503,0.1388
110,1389,1499,0.1388
113,1383,1496,0.1388
114,1395,1509,0.1388
110,1382,1492,0.1388
112,1380,1492,0.1388
117,1381,1498,0.1388
114,1395,1509,0.1388
117,1403,1520,0.1388
115,1391,1506,0.1388
115,1399,1514,0.1388
119,1398,1517,0.1388
115,1394,1509,0.1388
112,1393,1505,0.1388
111,1392,1503,0.1388
108,1387,1495,0.1388
108,1400,1508,0.1388
109,1399,1508,0.1388
108,1405,1513,0.1388
110,1404,1514,0.1388
104,1407,1511,0.1388
102,1396,1498,0.1388
104,1394,1498,0.1388
105,1399,1504,0.1388
103,1395,1498,0.1388
103,1401,1504,0.1388
107,1416,1523,0.1388
105,1422,1527,0.1388
104,1421,1525,0.1388
106,1423,1529,0.1388
104,1427,1531,0.1388
101,1415,1516,0.1388
99,1411,1510,0.1388
98,1420,1518,0.1388
96,1428,1524,0.1388
97,1430,1527,0.1388
100,1426,1526,0.1388
100,1417,1517,0.1388
99,1415,1514,0.1388
98,1414,1512,0.1388
96,1413,1509,0.1388
97,1409,1506,0.1388
97,1406,1503,0.1388
99,1423,1522,0.1388
103,1417,1520,0.1388
102,1402,1504,0.1388
99,1408,1507,0.1388
99,1420,1519,0.1388
99,1423,1522,0.1388
99,1418,1517,0.1388
100,1412,1512,0.1388
98,1407,1505,0.1388
95,1402,1497,0.1388
97,1416,1513,0.1388
96,1420,1516,0.1388
94,1417,1511,0.1388
90,1421,1511,0.1388
89,1420,1509,0.1388
89,1419,1508,0.1388
89,1417,1506,0.1388
90,1416,1506,0.1388
93,1415,1508,0.1388
95,1432,1527,0.1388
91,1422,1513,0.1388
93,1422,1515,0.1388
91,1427,1518,0.1388
87,1420,1507,0.1388
89,1424,1513,0.1388
92,1416,1508,0.1388
92,1421,1513,0.1388
87,1412,1499,0.1388
88,1413,1501,0.1388
88,1421,1509,0.1388
86,1423,1509,0.1388
84,1418,1502,0.1388
87,1423,1510,0.1388
87,1428,1515,0.1388
88,1424,1512,0.1388
87,1414,1501,0.1388
88,1417,1505,0.1388
88,1410,1498,0.1388
87,1412,1499,0.1388
90,1410,1500,0.1388
91,1414,1505,0.1388
93,1412,1505,0.1388
88,1420,1508,0.1388
88,1424,1512,0.1388
91,1431,1522,0.1388
92,1426,1518,0.1388
94,1417,1511,0.1388
93,1425,1518,0.1388
89,1431,1520,0.1388
86,1425,1511,0.1388
83,1431,1514,0.1388
83,1424,1507,0.1388
87,1431,1518,0.1388
87,1423,1510,0.1388
85,1425,1510,0.1388
84,1429,1513,0.1388
83,1437,1520,0.1388
81,1438,1519,0.1388
86,1436,1522,0.1388
82,1431,1513,0.1388
82,1427,1509,0.1388
81,1429,1510,0.1388
79,1429,1508,0.1388
76,1434,1510,0.1388
76,1438,1514,0.1388
81,1435,1516,0.1388
80,1440,1520,0.1388
80,1435,1515,0.1388
78,1430,1508,0.1388
80,1432,1512,0.1388
82,1430,1512,0.1388
81,1437,1518,0.1388
79,1436,1515,0.1388
81,1446,1527,0.1388
80,1452,1532,0.1388
80,1430,1510,0.1388
79,1423,1502,0.1388
78,1440,1518,0.1388
76,1440,1516,0.1388
75,1442,1517,0.1388
74,1441,1515,0.1388
76,1456,1532,0.1388
75,1459,1534,0.1388
72,1454,1526,0.1388
73,1452,1525,0.1388
74,1457,1531,0.1388
70,1459,1529,0.1388
67,1464,1531,0.1388
67,1460,1527,0.1388
64,1453,1517,0.1388
61,1451,1512,0.1388
61,1449,1510,0.1388
59,1445,1504,0.1388
62,1448,1510,0.1388
65,1456,1521,0.1388
67,1453,1520,0.1388
68,1450,1518,0.1388
70,1436,1506,0.1388
69,1457,1526,0.1388
73,1455,1528,0.1388
73,1439,1512,0.1388
68,1447,1515,0.1388
69,1454,1523,0.1388
69,1444,1513,0.1388
67,1445,1512,0.1388
70,1450,1520,0.1388
69,1448,1517,0.1388
69,1456,1525,0.1388
68,1463,1531,0.1388
64,1469,1533,0.1388
63,1472,1535,0.1388
63,1463,1526,0.1388
64,1447,1511,0.1388
62,1451,1513,0.1388
62,1469,1531,0.1388
64,1454,1518,0.1388
64,1467,1531,0.1388
64,1470,1534,0.1388
62,1465,1527,0.1388
61,1460,1521,0.1388
61,1447,1508,0.1388
62,1463,1525,0.1388
61,1450,1511,0.1388
63,1457,1520,0.1388
61,1453,1514,0.1388
61,1455,1516,0.1388
60,1452,1512,0.1388
60,1459,1519,0.1388
59,1452,1511,0.1388
58,1456,1514,0.1388
57,1470,1527,0.1388
59,1470,1529,0.1388
56,1467,1523,0.1388
60,1465,1525,0.1388
60,1461,1521,0.1388
59,1468,1527,0.1388
58,1474,1532,0.1388
55,1478,1533,0.1388
55,1483,1538,0.1388
56,1465,1521,0.1388
58,1457,1515,0.1388
56,1468,1524,0.1388
54,1467,1521,0.1388
55,1475,1530,0.1388
58,1462,1520,0.1388
58,1453,1511,0.1388
57,1469,1526,0.1388
58,1465,1523,0.1388
59,1456,1515,0.1388
58,1456,1514,0.1388
57,1449,1506,0.1388
58,1448,1506,0.1388
58,1456,1514,0.1388
57,1460,1517,0.1388
57,1461,1518,0.1388
55,1455,1510,0.1388
55,1460,1515,0.1388
58,1453,1511,0.1388
59,1448,1507,0.1388
59,1461,1520,0.1388
58,1459,1517,0.1388
59,1462,1521,0.1388
55,1447,1502,0.1388
57,1455,1512,0.1388
59,1465,1524,0.1388
58,1461,1519,0.1388
57,1459,1516,0.1388
58,1463,1521,0.1388
60,1439,1499,0.1388
58,1438,1496,0.1388
56,1442,1498,0.1388
57,1441,1498,0.1388
57,1457,1514,0.1388
56,1457,1513,0.1388
57,1456,1513,0.1388
57,1456,1513,0.1388
59,1459,1518,0.1388
62,1462,1524,0.1388
62,1467,1529,0.1388
63,1466,1529,0.1388
61,1468,1529,0.1388
59,1462,1521,0.1388
59,1454,1513,0.1388
60,1457,1517,0.1388
60,1446,1506,0.1388
60,1458,1518,0.1388
62,1471,1533,0.1388
60,1461,1521,0.1388
61,1459,1520,0.1388
59,1461,1520,0.1388
57,1460,1517,0.1388
59,1465,1524,0.1388
58,1453,1511,0.1388
57,1449,1506,0.1388
56,1458,1514,0.1388
55,1454,1509,0.1388
55,1453,1508,0.1388
54,1461,1515,0.1388
54,1461,1515,0.1388
54,1463,1517,0.1388
51,1458,1509,0.1388
55,1456,1511,0.1388
53,1442,1495,0.1388
54,1459,1513,0.1388
53,1459,1512,0.1388
53,1457,1510,0.1388
54,1463,1517,0.1388
53,1476,1529,0.1388
53,1460,1513,0.1388
53,1464,1517,0.1388
52,1467,1519,0.1388
51,1466,1517,0.1388
51,1461,1512,0.1388
51,1483,1534,0.1388
52,1481,1533,0.1388
54,1460,1514,0.1388
54,1454,1508,0.1388
55,1445,1500,0.1388
52,1460,1512,0.1388
50,1457,1507,0.1388
50,1461,1511,0.1388
51,1458,1509,0.1388
53,1457,1510,0.1388
55,1463,1518,0.1388
54,1463,1517,0.1388
56,1453,1509,0.1388
55,1467,1522,0.1388
53,1460,1513,0.1388
55,1445,1500,0.1388
54,1462,1516,0.1388
52,1458,1510,0.1388
50,1465,1515,0.1388
50,1464,1514,0.1388
49,1456,1505,0.1388
49,1443,1492,0.1388
51,1463,1514,0.1388
51,1472,1523,0.1388
49,1468,1517,0.1388
51,1462,1513,0.1388
52,1463,1515,0.1388
54,1479,1533,0.1388
52,1466,1518,0.1388
51,1472,1523,0.1388
52,1490,1542,0.1388
52,1486,1538,0.1388
52,1485,1537,0.1388
49,1471,1520,0.1388
50,1467,1517,0.1388
51,1467,1518,0.1388
51,1471,1522,0.1388
51,1479,1530,0.1388
52,1474,1526,0.1388
53,1472,1525,0.1388
53,1461,1514,0.1388
53,1459,1512,0.1388
54,1468,1522,0.1388
53,1462,1515,0.1388
53,1457,1510,0.1388
53,1465,1518,0.1388
56,1462,1518,0.1388
55,1459,1514,0.1388
54,1457,1511,0.1388
55,1456,1511,0.1388
50,1468,1518,0.1388
52,1479,1531,0.1388
55,1471,1526,0.1388
58,1464,1522,0.1388
57,1452,1509,0.1388
56,1458,1514,0.1388
56,1452,1508,0.1388
55,1448,1503,0.1388
53,1458,1511,0.1388
50,1458,1508,0.1388
52,1469,1521,0.1388
52,1468,1520,0.1388
51,1464,1515,0.1388
51,1468,1519,0.1388
51,1476,1527,0.1388
52,1475,1527,0.1388
55,1487,1542,0.1388
52,1480,1532,0.1388
52,1468,1520,0.1388
50,1458,1508,0.1388
50,1465,1515,0.1388
51,1466,1517,0.1388
51,1463,1514,0.1388
51,1469,1520,0.1388
52,1465,1517,0.1388
50,1465,1515,0.1388
48,1469,1517,0.1388
51,1478,1529,0.1388
51,1462,1513,0.1388
54,1471,1525,0.1388
52,1462,1514,0.1388
49,1472,1521,0.1388
45,1477,1522,0.1388
49,1463,1512,0.1388
48,1468,1516,0.1388
47,1469,1516,0.1388
47,1471,1518,0.1388
47,1480,1527,0.1388
48,1476,1524,0.1388
48,1471,1519,0.1388
49,1473,1522,0.1388
49,1471,1520,0.1388
45,1471,1516,0.1388
48,1482,1530,0.1388
46,1474,1520,0.1388
45,1484,1529,0.1388
42,1474,1516,0.1388
42,1480,1522,0.1388
42,1477,1519,0.1388
42,1478,1520,0.1388
44,1473,1517,0.1388
43,1476,1519,0.1388
42,1474,1516,0.1388
43,1472,1515,0.1388
42,1468,1510,0.1388
41,1473,1514,0.1388
40,1467,1507,0.1388
40,1466,1506,0.1388
40,1478,1518,0.1388
41,1482,1523,0.1388
41,1478,1519,0.1388
41,1468,1509,0.1388
39,1450,1489,0.1388
38,1471,1509,0.1388
38,1480,1518,0.1388
39,1478,1517,0.1388
43,1469,1512,0.1388
43,1478,1521,0.1388
43,1482,1525,0.1388
43,1489,1532,0.1388
44,1491,1535,0.1388
45,1487,1532,0.1388
44,1481,1525,0.1388
42,1500,1542,0.1388
41,1496,1537,0.1388
41,1490,1531,0.1388
43,1486,1529,0.1388
39,1478,1517,0.1388
40,1471,1511,0.1388
40,1471,1511,0.1388
40,1478,1518,0.1388
39,1480,1519,0.1388
38,1469,1507,0.1388
37,1472,1509,0.1388
39,1477,1516,0.1388
38,1483,1521,0.1388
38,1486,1524,0.1388
40,1489,1529,0.1388
40,1489,1529,0.1388
38,1491,1529,0.1388
36,1487,1523,0.1388
37,1484,1521,0.1388
37,1480,1517,0.1388
38,1473,1511,0.1388
37,1475,1512,0.1388
37,1469,1506,0.1388
36,1470,1506,0.1388
35,1487,1522,0.1388
35,1493,1528,0.1388
35,1483,1518,0.1388
36,1487,1523,0.1388
37,1483,1520,0.1388
36,1484,1520,0.1388
38,1478,1516,0.1388
35,1474,1509,0.1388
35,1479,1514,0.1388
35,1481,1516,0.1388
36,1477,1513,0.1388
36,1481,1517,0.1388
36,1495,1531,0.1388
37,1477,1514,0.1388
37,1476,1513,0.1388
37,1485,1522,0.1388
34,1496,1530,0.1388
34,1492,1526,0.1388
33,1484,1517,0.1388
33,1499,1532,0.1388
32,1493,1525,0.1388
33,1489,1522,0.1388
32,1482,1514,0.1388
32,1477,1509,0.1388
29,1474,1503,0.1388
30,1474,1504,0.1388
30,1482,1512,0.1388
30,1478,1508,0.1388
29,1483,1512,0.1388
29,1484,1513,0.1388
28,1478,1506,0.1388
28,1483,1511,0.1388
28,1481,1509,0.1388
27,1477,1504,0.1388
26,1494,1520,0.1388
26,1485,1511,0.1388
25,1478,1503,0.1388
22,1475,1497,0.1388
22,1495,1517,0.1388
21,1490,1511,0.1388
21,1492,1513,0.1388
20,1489,1509,0.1388
19,1497,1516,0.1388
19,1494,1513,0.1388
17,1485,1502,0.1388
18,1483,1501,0.1388
18,1502,1520,0.1388
18,1492,1510,0.1388
18,1496,1514,0.1388
18,1494,1512,0.1388
18,1491,1509,0.1388
18,1510,1528,0.1388
18,1488,1506,0.1388
18,1483,1501,0.1388
19,1499,1518,0.1388
20,1502,1522,0.1388
19,1509,1528,0.1388
19,1492,1511,0.1388
20,1492,1512,0.1388
19,1497,1516,0.1388
20,1511,1531,0.1388
20,1497,1517,0.1388
22,1505,1527,0.1388
22,1504,1526,0.1388
22,1496,1518,0.1388
22,1500,1522,0.1388
21,1512,1533,0.1388
21,1510,1531,0.1388
21,1513,1534,0.1388
21,1512,1533,0.1388
21,1500,1521,0.1388
19,1503,1522,0.1388
19,1499,1518,0.1388
20,1502,1522,0.1388
20,1491,1511,0.1388
20,1493,1513,0.1388
20,1489,1509,0.1388
20,1485,1505,0.1388
19,1497,1516,0.1388
19,1494,1513,0.1388
19,1495,1514,0.1388
18,1504,1522,0.1388
19,1493,1512,0.1388
19,1501,1520,0.1388
20,1486,1506,0.1388
21,1480,1501,0.1388
20,1478,1498,0.1388
20,1501,1521,0.1388
20,1488,1508,0.1388
20,1498,1518,0.1388
20,1505,1525,0.1388
18,1509,1527,0.1388
19,1515,1534,0.1388
18,1498,1516,0.1388
17,1497,1514,0.1388
18,1505,1523,0.1388
18,1505,1523,0.1388
18,1500,1518,0.1388
18,1503,1521,0.1388
18,1502,1520,0.1388
17,1494,1511,0.1388
18,1493,1511,0.1388
17,1488,1505,0.1388
17,1481,1498,0.1388
16,1493,1509,0.1388
16,1500,1516,0.1388
16,1486,1502,0.1388
16,1490,1506,0.1388
17,1493,1510,0.1388
19,1488,1507,0.1388
19,1503,1522,0.1388
19,1502,1521,0.1388
21,1500,1521,0.1388
19,1493,1512,0.1388
18,1502,1520,0.1388
17,1483,1500,0.1388
16,1501,1517,0.1388
17,1502,1519,0.1388
17,1514,1531,0.1388
15,1505,1520,0.1388
14,1514,1528,0.1388
15,1507,1522,0.1388
15,1507,1522,0.1388
16,1498,1514,0.1388
17,1488,1505,0.1388
18,1475,1493,0.1388
17,1473,1490,0.1388
16,1481,1497,0.1388
17,1485,1502,0.1388
17,1491,1508,0.1388
17,1489,1506,0.1388
17,1499,1516,0.1388
18,1492,1510,0.1388
18,1507,1525,0.1388
18,1490,1508,0.1388
19,1501,1520,0.1388
19,1505,1524,0.1388
19,1500,1519,0.1388
17,1510,1527,0.1388
17,1508,1525,0.1388
18,1497,1515,0.1388
18,1482,1500,0.1388
17,1480,1497,0.1388
17,1496,1513,0.1388
16,1491,1507,0.1388
17,1496,1513,0.1388
16,1487,1503,0.1388
16,1485,1501,0.1388
17,1509,1526,0.1388
17,1502,1519,0.1388
17,1508,1525,0.1388
17,1498,1515,0.1388
16,1495,1511,0.1388
19,1489,1508,0.1388
19,1490,1509,0.1388
21,1490,1511,0.1388
21,1493,1514,0.1388
21,1512,1533,0.1388
22,1510,1532,0.1388
22,1497,1519,0.1388
19,1498,1517,0.1388
20,1497,1517,0.1388
21,1503,1524,0.1388
21,1495,1516,0.1388
21,1497,1518,0.1388
21,1496,1517,0.1388
21,1511,1532,0.1388
21,1506,1527,0.1388
21,1503,1524,0.1388
22,1488,1510,0.1388
22,1490,1512,0.1388
22,1498,1520,0.1388
24,1491,1515,0.1388
23,1476,1499,0.1388
22,1481,1503,0.1388
19,1482,1501,0.1388
18,1492,1510,0.1388
18,1487,1505,0.1388
19,1484,1503,0.1388
18,1490,1508,0.1388
20,1496,1516,0.1388
19,1500,1519,0.1388
19,1494,1513,0.1388
17,1481,1498,0.1388
17,1499,1516,0.1388
18,1488,1506,0.1388
21,1500,1521,0.1388
19,1501,1520,0.1388
18,1513,1531,0.1388
18,1500,1518,0.1388
18,1489,1507,0.1388
18,1490,1508,0.1388
18,1503,1521,0.1388
18,1501,1519,0.1388
18,1501,1519,0.1388
19,1508,1527,0.1388
19,1507,1526,0.1388
18,1518,1536,0.1388
18,1501,1519,0.1388
17,1500,1517,0.1388
17,1496,1513,0.1388
17,1498,1515,0.1388
17,1506,1523,0.1388
16,1501,1517,0.1388
16,1490,1506,0.1388
16,1485,1501,0.1388
15,1481,1496,0.1388
15,1502,1517,0.1388
16,1494,1510,0.1388
15,1502,1517,0.1388
15,1511,1526,0.1388
15,1501,1516,0.1388
16,1485,1501,0.1388
15,1498,1513,0.1388
16,1497,1513,0.1388
16,1510,1526,0.1388
16,1508,1524,0.1388
15,1497,1512,0.1388
14,1498,1512,0.1388
14,1494,1508,0.1388
14,1501,1515,0.1388
13,1483,1496,0.1388
13,1499,1512,0.1388
14,1502,1516,0.1388
14,1497,1511,0.1388
14,1502,1516,0.1388
14,1510,1524,0.1388
14,1505,1519,0.1388
12,1493,1505,0.1388
13,1500,1513,0.1388
12,1483,1495,0.1388
15,1480,1495,0.1388
16,1490,1506,0.1388
16,1501,1517,0.1388
15,1504,1519,0.1388
15,1488,1503,0.1388
15,1470,1485,0.1388
14,1479,1493,0.1388
16,1486,1502,0.1388
16,1491,1507,0.1388
16,1499,1515,0.1388
16,1497,1513,0.1388
17,1494,1511,0.1388
16,1511,1527,0.1388
17,1521,1538,0.1388
18,1516,1534,0.1388
16,1503,1519,0.1388
16,1500,1516,0.1388
15,1500,1515,0.1388
17,1484,1501,0.1388
19,1488,1507,0.1388
19,1503,1522,0.1388
18,1499,1517,0.1388
18,1506,1524,0.1388
17,1493,1510,0.1388
18,1489,1507,0.1388
18,1492,1510,0.1388
19,1489,1508,0.1388
20,1494,1514,0.1388
21,1496,1517,0.1388
20,1490,1510,0.1388
19,1487,1506,0.1388
20,1491,1511,0.1388
20,1498,1518,0.1388
21,1505,1526,0.1388
19,1489,1508,0.1388
19,1490,1509,0.1388
17,1486,1503,0.1388
16,1478,1494,0.1388
18,1495,1513,0.1388
17,1497,1514,0.1388
17,1503,1520,0.1388
16,1506,1522,0.1388
16,1503,1519,0.1388
16,1490,1506,0.1388
13,1491,1504,0.1388
13,1493,1506,0.1388
14,1505,1519,0.1388
13,1493,1506,0.1388
12,1489,1501,0.1388
12,1504,1516,0.1388
12,1510,1522,0.1388
12,1505,1517,0.1388
13,1504,1517,0.1388
13,1495,1508,0.1388
13,1492,1505,0.1388
13,1490,1503,0.1388
13,1497,1510,0.1388
13,1498,1511,0.1388
13,1504,1517,0.1388
14,1514,1528,0.1388
14,1498,1512,0.1388
13,1507,1520,0.1388
13,1521,1534,0.1388
13,1516,1529,0.1388
13,1515,1528,0.1388
13,1508,1521,0.1388
13,1514,1527,0.1388
13,1512,1525,0.1388
12,1507,1519,0.1388
11,1518,1529,0.1388
11,1518,1529,0.1388
11,1525,1536,0.1388
11,1506,1517,0.1388
11,1498,1509,0.1388
12,1502,1514,0.1388
12,1502,1514,0.1388
11,1499,1510,0.1388
11,1503,1514,0.1388
12,1503,1515,0.1388
12,1502,1514,0.1388
12,1502,1514,0.1388
12,1516,1528,0.1388
12,1506,1518,0.1388
11,1508,1519,0.1388
12,1498,1510,0.1388
10,1510,1520,0.1388
11,1515,1526,0.1388
11,1518,1529,0.1388
10,1505,1515,0.1388
10,1510,1520,0.1388
11,1506,1517,0.1388
10,1510,1520,0.1388
10,1509,1519,0.1388
10,1509,1519,0.1388
11,1484,1495,0.1388
11,1487,1498,0.1388
10,1483,1493,0.1388
10,1497,1507,0.1388
12,1488,1500,0.1388
10,1486,1496,0.1388
10,1503,1513,0.1388
11,1512,1523,0.1388
11,1522,1533,0.1388
11,1509,1520,0.1388
11,1494,1505,0.1388
12,1496,1508,0.1388
12,1499,1511,0.1388
12,1504,1516,0.1388
12,1500,1512,0.1388
11,1503,1514,0.1388
11,1502,1513,0.1388
11,1498,1509,0.1388
11,1501,1512,0.1388
11,1507,1518,0.1388
11,1506,1517,0.1388
10,1510,1520,0.1388
10,1501,1511,0.1388
10,1509,1519,0.1388
10,1507,1517,0.1388
10,1510,1520,0.1388
10,1501,1511,0.1388
9,1509,1518,0.1388
10,1506,1516,0.1388
10,1512,1522,0.1388
9,1495,1504,0.1388
9,1500,1509,0.1388
8,1499,1507,0.1388
8,1500,1508,0.1388
8,1503,1511,0.1388
8,1519,1527,0.1388
8,1501,1509,0.1388
8,1501,1509,0.1388
8,1504,1512,0.1388
9,1513,1522,0.1388
9,1507,1516,0.1388
9,1500,1509,0.1388
8,1495,1503,0.1388
7,1512,1519,0.1388
7,1514,1521,0.1388
7,1507,1514,0.1388
6,1513,1519,0.1388
6,1505,1511,0.1388
5,1506,1511,0.1388
5,1505,1510,0.1388
5,1495,1500,0.1388
5,1501,1506,0.1388
4,1518,1522,0.1388
4,1518,1522,0.1388
4,1510,1514,0.1388
4,1508,1512,0.1388
4,1522,1526,0.1388
4,1527,1531,0.1388
2,1516,1518,0.1388
2,1524,1526,0.1388
2,1520,1522,0.1388
3,1519,1522,0.1388
3,1500,1503,0.1388
3,1502,1505,0.1388
3,1496,1499,0.1388
3,1511,1514,0.1388
3,1521,1524,0.1388
4,1535,1539,0.1388
4,1520,1524,0.1388
3,1527,1530,0.1388
3,1528,1531,0.1388
3,1517,1520,0.1388
3,1518,1521,0.1388
3,1512,1515,0.1388
3,1500,1503,0.1388
3,1501,1504,0.1388
3,1500,1503,0.1388
3,1517,1520,0.1388
3,1505,1508,0.1388
3,1516,1519,0.1388
3,1516,1519,0.1388
3,1509,1512,0.1388
3,1518,1521,0.1388
3,1501,1504,0.1388
3,1514,1517,0.1388
3,1514,1517,0.1388
3,1513,1516,0.1388
3,1511,1514,0.1388
3,1509,1512,0.1388
3,1505,1508,0.1388
3,1501,1504,0.1388
3,1504,1507,0.1388
3,1503,1506,0.1388
3,1504,1507,0.1388
3,1499,1502,0.1388
3,1507,1510,0.1388
3,1518,1521,0.1388
3,1522,1525,0.1388
3,1519,1522,0.1388
2,1527,1529,0.1388
2,1531,1533,0.1388
2,1518,1520,0.1388
2,1518,1520,0.1388
2,1522,1524,0.1388
2,1524,1526,0.1388
2,1514,1516,0.1388
2,1508,1510,0.1388
2,1517,1519,0.1388
2,1519,1521,0.1388
2,1522,1524,0.1388
2,1536,1538,0.1388
2,1531,1533,0.1388
2,1509,1511,0.1388
3,1513,1516,0.1388
3,1508,1511,0.1388
3,1502,1505,0.1388
3,1497,1500,0.1388
3,1513,1516,0.1388
3,1514,1517,0.1388
3,1517,1520,0.1388
3,1541,1544,0.1388
3,1536,1539,0.1388
3,1525,1528,0.1388
3,1515,1518,0.1388
3,1502,1505,0.1388
2,1506,1508,0.1388
2,1509,1511,0.1388
2,1500,1502,0.1388
3,1508,1511,0.1388
3,1509,1512,0.1388
3,1504,1507,0.1388
3,1503,1506,0.1388
2,1501,1503,0.1388
2,1506,1508,0.1388
2,1513,1515,0.1388
2,1521,1523,0.1388
2,1524,1526,0.1388
2,1513,1515,0.1388
2,1512,1514,0.1388
2,1520,1522,0.1388
2,1514,1516,0.1388
2,1510,1512,0.1388
2,1514,1516,0.1388
2,1517,1519,0.1388
2,1525,1527,0.1388
2,1516,1518,0.1388
2,1510,1512,0.1388
2,1515,1517,0.1388
2,1523,1525,0.1388
2,1519,1521,0.1388
2,1518,1520,0.1388
2,1515,1517,0.1388
2,1519,1521,0.1388
2,1523,1525,0.1388
2,1518,1520,0.1388
2,1522,1524,0.1388
2,1532,1534,0.1388
1,1536,1537,0.1388
1,1537,1538,0.1388
1,1529,1530,0.1388
1,1519,1520,0.1388
1,1512,1513,0.1388
1,1511,1512,0.1388
1,1526,1527,0.1388
1,1516,1517,0.1388
1,1516,1517,0.1388
1,1506,1507,0.1388
1,1516,1517,0.1388
1,1522,1523,0.1388
1,1513,1514,0.1388
1,1516,1517,0.1388
1,1506,1507,0.1388
1,1518,1519,0.1388
1,1534,1535,0.1388
1,1537,1538,0.1388
1,1541,1542,0.1388
1,1543,1544,0.1388
1,1537,1538,0.1388
1,1539,1540,0.1388
1,1526,1527,0.1388
1,1518,1519,0.1388
1,1506,1507,0.1388
1,1505,1506,0.1388
1,1513,1514,0.1388
1,1500,1501,0.1388
1,1510,1511,0.1388
1,1514,1515,0.1388
1,1523,1524,0.1388
1,1519,1520,0.1388
1,1507,1508,0.1388
1,1517,1518,0.1388
1,1517,1518,0.1388
1,1512,1513,0.1388
1,1517,1518,0.1388
1,1510,1511,0.1388
1,1520,1521,0.1388
1,1516,1517,0.1388
1,1525,1526,0.1388
1,1523,1524,0.1388
1,1527,1528,0.1388
1,1527,1528,0.1388
1,1520,1521,0.1388
1,1517,1518,0.1388
1,1505,1506,0.1388
1,1510,1511,0.1388
1,1510,1511,0.1388
1,1504,1505,0.1388
1,1513,1514,0.1388
1,1525,1526,0.1388
1,1515,1516,0.1388
1,1506,1507,0.1388
1,1515,1516,0.1388
1,1517,1518,0.1388
1,1522,1523,0.1388
1,1519,1520,0.1388
1,1513,1514,0.1388
1,1505,1506,0.1388
1,1513,1514,0.1388
1,1517,1518,0.1388
1,1518,1519,0.1388
1,1524,1525,0.1388
1,1515,1516,0.1388
1,1520,1521,0.1388
1,1529,1530,0.1388
1,1523,1524,0.1388
1,1513,1514,0.1388
1,1520,1521,0.1388
1,1511,1512,0.1388
1,1514,1515,0.1388
1,1489,1490,0.1388
1,1508,1509,0.1388
1,1513,1514,0.1388
1,1520,1521,0.1388
1,1522,1523,0.1388
1,1525,1526,0.1388
1,1523,1524,0.1388
1,1518,1519,0.1388
1,1516,1517,0.1388
1,1522,1523,0.1388
1,1521,1522,0.1388
1,1516,1517,0.1388
1,1512,1513,0.1388
1,1516,1517,0.1388
1,1499,1500,0.1388
1,1497,1498,0.1388
1,1501,1502,0.1388
1,1503,1504,0.1388
1,1506,1507,0.1388
1,1514,1515,0.1388
1,1519,1520,0.1388
1,1501,1502,0.1388
0,1504,1504,0.1388
