1381,31,1412,0.1388
1406,36,1442,0.1388
1425,39,1464,0.1388
1428,39,1467,0.1388
1430,39,1469,0.1388
1433,39,1472,0.1388
1426,39,1465,0.1388
1437,39,1476,0.1388
1461,42,1503,0.1388
1465,41,1506,0.1388
1453,42,1495,0.1388
1467,43,1510,0.1388
1453,43,1496,0.1388
1436,43,1479,0.1388
1434,44,1478,0.1388
1440,45,1485,0.1388
1433,44,1477,0.1388
1422,44,1466,0.1388
1427,44,1471,0.1388
1438,45,1483,0.1388
1432,46,1478,0.1388
1441,47,1488,0.1388
1441,45,1486,0.1388
1460,44,1504,0.1388
1459,44,1503,0.1388
1457,45,1502,0.1388
1457,45,1502,0.1388
1457,47,1504,0.1388
1448,49,1497,0.1388
1448,49,1497,0.1388
1464,49,1513,0.1388
1458,46,1504,0.1388
1451,44,1495,0.1388
1446,44,1490,0.1388
1447,44,1491,0.1388
1454,42,1496,0.1388
1454,42,1496,0.1388
1453,42,1495,0.1388
1457,44,1501,0.1388
1458,45,1503,0.1388
1456,44,1500,0.1388
1464,45,1509,0.1388
1466,43,1509,0.1388
1457,42,1499,0.1388
1456,41,1497,0.1388
1446,46,1492,0.1388
1449,45,1494,0.1388
1448,44,1492,0.1388
1439,40,1479,0.1388
1444,38,1482,0.1388
1451,37,1488,0.1388
1449,40,1489,0.1388
1440,38,1478,0.1388
1441,38,1479,0.1388
1455,37,1492,0.1388
1468,39,1507,0.1388
1465,38,1503,0.1388
1462,41,1503,0.1388
1448,41,1489,0.1388
1450,41,1491,0.1388
1430,45,1475,0.1388
1424,50,1474,0.1388
1419,49,1468,0.1388
1408,52,1460,0.1388
1430,54,1484,0.1388
1437,55,1492,0.1388
1432,54,1486,0.1388
1438,55,1493,0.1388
1437,53,1490,0.1388
1440,50,1490,0.1388
1435,48,1483,0.1388
1437,49,1486,0.1388
1432,50,1482,0.1388
1439,51,1490,0.1388
1433,48,1481,0.1388
1442,48,1490,0.1388
1430,48,1478,0.1388
1426,49,1475,0.1388
1414,51,1465,0.1388
1421,48,1469,0.1388
1427,46,1473,0.1388
1431,47,1478,0.1388
1428,50,1478,0.1388
1444,50,1494,0.1388
1445,52,1497,0.1388
1445,55,1500,0.1388
1450,54,1504,0.1388
1453,56,1509,0.1388
1459,56,1515,0.1388
1446,56,1502,0.1388
1452,56,1508,0.1388
1437,59,1496,0.1388
1430,59,1489,0.1388
1435,60,1495,0.1388
1422,59,1481,0.1388
1420,57,1477,0.1388
1421,56,1477,0.1388
1431,55,1486,0.1388
1428,54,1482,0.1388
1432,54,1486,0.1388
1435,56,1491,0.1388
1430,57,1487,0.1388
1437,57,1494,0.1388
1424,58,1482,0.1388
1418,58,1476,0.1388
1423,58,1481,0.1388
1432,57,1489,0.1388
1435,57,1492,0.1388
1440,60,1500,0.1388
1439,59,1498,0.1388
1442,58,1500,0.1388
1436,60,1496,0.1388
1443,58,1501,0.1388
1435,59,1494,0.1388
1436,60,1496,0.1388
1442,59,1501,0.1388
1440,58,1498,0.1388
1430,58,1488,0.1388
1436,59,1495,0.1388
1444,58,1502,0.1388
1438,59,1497,0.1388
1438,60,1498,0.1388
1451,58,1509,0.1388
1452,55,1507,0.1388
1442,60,1502,0.1388
1439,60,1499,0.1388
1438,59,1497,0.1388
1428,60,1488,0.1388
1428,60,1488,0.1388
1423,62,1485,0.1388
1421,62,1483,0.1388
1424,62,1486,0.1388
1424,64,1488,0.1388
1428,65,1493,0.1388
1424,66,1490,0.1388
1426,66,1492,0.1388
1426,64,1490,0.1388
1411,65,1476,0.1388
1414,66,1480,0.1388
1417,62,1479,0.1388
1427,60,1487,0.1388
1430,57,1487,0.1388
1434,57,1491,0.1388
1429,57,1486,0.1388
1428,57,1485,0.1388
1428,57,1485,0.1388
1441,57,1498,0.1388
1438,65,1503,0.1388
1428,67,1495,0.1388
1432,69,1501,0.1388
1440,70,1510,0.1388
1437,73,1510,0.1388
1442,71,1513,0.1388
1439,73,1512,0.1388
1439,71,1510,0.1388
1426,69,1495,0.1388
1422,68,1490,0.1388
1432,68,1500,0.1388
1431,69,1500,0.1388
1449,70,1519,0.1388
1444,69,1513,0.1388
1439,69,1508,0.1388
1427,70,1497,0.1388
1433,67,1500,0.1388
1427,69,1496,0.1388
1436,71,1507,0.1388
1428,71,1499,0.1388
1424,72,1496,0.1388
1411,73,1484,0.1388
1414,74,1488,0.1388
1416,77,1493,0.1388
1414,80,1494,0.1388
1399,79,1478,0.1388
1406,78,1484,0.1388
1409,78,1487,0.1388
1414,78,1492,0.1388
1416,77,1493,0.1388
1405,80,1485,0.1388
1384,82,1466,0.1388
1397,79,1476,0.1388
1398,80,1478,0.1388
1409,82,1491,0.1388
1420,81,1501,0.1388
1418,82,1500,0.1388
1421,86,1507,0.1388
1417,86,1503,0.1388
1418,86,1504,0.1388
1404,85,1489,0.1388
1410,82,1492,0.1388
1408,83,1491,0.1388
1421,82,1503,0.1388
1407,84,1491,0.1388
1409,82,1491,0.1388
1418,80,1498,0.1388
1421,83,1504,0.1388
1407,82,1489,0.1388
1423,80,1503,0.1388
1418,81,1499,0.1388
1420,81,1501,0.1388
1416,79,1495,0.1388
1408,82,1490,0.1388
1412,81,1493,0.1388
1402,82,1484,0.1388
1393,84,1477,0.1388
1407,84,1491,0.1388
1409,85,1494,0.1388
1411,86,1497,0.1388
1415,87,1502,0.1388
1432,88,1520,0.1388
1420,85,1505,0.1388
1418,85,1503,0.1388
1419,84,1503,0.1388
1418,84,1502,0.1388
1404,81,1485,0.1388
1415,83,1498,0.1388
1408,83,1491,0.1388
1402,85,1487,0.1388
1406,85,1491,0.1388
1409,86,1495,0.1388
1423,85,1508,0.1388
1427,87,1514,0.1388
1423,84,1507,0.1388
1413,83,1496,0.1388
1408,84,1492,0.1388
1412,85,1497,0.1388
1418,84,1502,0.1388
1419,85,1504,0.1388
1414,85,1499,0.1388
1410,86,1496,0.1388
1410,86,1496,0.1388
1415,83,1498,0.1388
1415,87,1502,0.1388
1403,90,1493,0.1388
1412,88,1500,0.1388
1417,88,1505,0.1388
1425,88,1513,0.1388
1417,88,1505,0.1388
1411,89,1500,0.1388
1413,89,1502,0.1388
1404,86,1490,0.1388
1410,85,1495,0.1388
1396,85,1481,0.1388
1403,85,1488,0.1388
1418,84,1502,0.1388
1417,85,1502,0.1388
1426,85,1511,0.1388
1411,86,1497,0.1388
1402,85,1487,0.1388
1395,86,1481,0.1388
1395,88,1483,0.1388
1403,90,1493,0.1388
1393,92,1485,0.1388
1396,88,1484,0.1388
1402,89,1491,0.1388
1389,91,1480,0.1388
1395,92,1487,0.1388
1400,88,1488,0.1388
1393,86,1479,0.1388
1394,85,1479,0.1388
1405,83,1488,0.1388
1405,87,1492,0.1388
1409,89,1498,0.1388
1406,90,1496,0.1388
1410,91,1501,0.1388
1406,87,1493,0.1388
1403,91,1494,0.1388
1414,92,1506,0.1388
1422,95,1517,0.1388
1415,96,1511,0.1388
1414,95,1509,0.1388
1403,95,1498,0.1388
1408,95,1503,0.1388
1412,99,1511,0.1388
1396,100,1496,0.1388
1386,98,1484,0.1388
1393,98,1491,0.1388
1386,100,1486,0.1388
1386,107,1493,0.1388
1386,109,1495,0.1388
1383,109,1492,0.1388
1393,107,1500,0.1388
1389,107,1496,0.1388
1387,109,1496,0.1388
1387,107,1494,0.1388
1398,106,1504,0.1388
1393,103,1496,0.1388
1393,102,1495,0.1388
1399,102,1501,0.1388
1391,106,1497,0.1388
1384,108,1492,0.1388
1383,112,1495,0.1388
1362,112,1474,0.1388
1362,112,1474,0.1388
1369,114,1483,0.1388
1368,117,1485,0.1388
1361,115,1476,0.1388
1371,116,1487,0.1388
1381,115,1496,0.1388
1376,117,1493,0.1388
1365,118,1483,0.1388
1370,123,1493,0.1388
1370,125,1495,0.1388
1383,122,1505,0.1388
1384,122,1506,0.1388
1382,122,1504,0.1388
1379,121,1500,0.1388
1375,122,1497,0.1388
1366,123,1489,0.1388
1363,121,1484,0.1388
1363,122,1485,0.1388
1372,124,1496,0.1388
1364,124,1488,0.1388
1366,124,1490,0.1388
1368,122,1490,0.1388
1367,124,1491,0.1388
1369,126,1495,0.1388
1382,128,1510,0.1388
1384,127,1511,0.1388
1382,131,1513,0.1388
1370,129,1499,0.1388
1363,126,1489,0.1388
1359,127,1486,0.1388
1354,134,1488,0.1388
1353,132,1485,0.1388
1351,132,1483,0.1388
1355,136,1491,0.1388
1352,134,1486,0.1388
1353,129,1482,0.1388
1363,129,1492,0.1388
1360,131,1491,0.1388
1360,135,1495,0.1388
1359,135,1494,0.1388
1360,128,1488,0.1388
1364,128,1492,0.1388
1371,131,1502,0.1388
1370,131,1501,0.1388
1372,136,1508,0.1388
1364,134,1498,0.1388
1368,133,1501,0.1388
1362,138,1500,0.1388
1356,141,1497,0.1388
1356,137,1493,0.1388
1353,136,1489,0.1388
1354,136,1490,0.1388
1351,139,1490,0.1388
1338,139,1477,0.1388
1342,142,1484,0.1388
1341,143,1484,0.1388
1351,143,1494,0.1388
1342,141,1483,0.1388
1338,143,1481,0.1388
1338,151,1489,0.1388
1363,149,1512,0.1388
1359,148,1507,0.1388
1351,148,1499,0.1388
1340,147,1487,0.1388
1341,153,1494,0.1388
1330,157,1487,0.1388
1325,157,1482,0.1388
1332,157,1489,0.1388
1331,153,1484,0.1388
1334,152,1486,0.1388
1333,153,1486,0.1388
1333,154,1487,0.1388
1345,152,1497,0.1388
1341,155,1496,0.1388
1342,152,1494,0.1388
1330,152,1482,0.1388
1337,145,1482,0.1388
1323,147,1470,0.1388
1327,150,1477,0.1388
1328,152,1480,0.1388
1322,156,1478,0.1388
1324,159,1483,0.1388
1335,158,1493,0.1388
1343,164,1507,0.1388
1338,161,1499,0.1388
1343,164,1507,0.1388
1343,161,1504,0.1388
1344,162,1506,0.1388
1327,159,1486,0.1388
1320,161,1481,0.1388
1329,162,1491,0.1388
1324,161,1485,0.1388
1338,160,1498,0.1388
1341,162,1503,0.1388
1342,163,1505,0.1388
1344,161,1505,0.1388
1334,165,1499,0.1388
1326,172,1498,0.1388
1324,169,1493,0.1388
1333,171,1504,0.1388
1347,167,1514,0.1388
1340,167,1507,0.1388
1326,169,1495,0.1388
1322,166,1488,0.1388
1336,162,1498,0.1388
1339,159,1498,0.1388
1335,159,1494,0.1388
1333,156,1489,0.1388
1327,158,1485,0.1388
1340,163,1503,0.1388
1341,166,1507,0.1388
1344,161,1505,0.1388
1335,160,1495,0.1388
1332,159,1491,0.1388
1333,157,1490,0.1388
1312,159,1471,0.1388
1309,157,1466,0.1388
1305,160,1465,0.1388
1303,160,1463,0.1388
1312,155,1467,0.1388
1304,157,1461,0.1388
1314,158,1472,0.1388
1322,158,1480,0.1388
1325,161,1486,0.1388
1333,163,1496,0.1388
1339,166,1505,0.1388
1335,165,1500,0.1388
1322,168,1490,0.1388
1320,172,1492,0.1388
1320,169,1489,0.1388
1342,173,1515,0.1388
1339,173,1512,0.1388
1336,168,1504,0.1388
1330,167,1497,0.1388
1324,170,1494,0.1388
1322,170,1492,0.1388
1330,170,1500,0.1388
1321,168,1489,0.1388
1314,161,1475,0.1388
1326,160,1486,0.1388
1330,157,1487,0.1388
1312,161,1473,0.1388
1307,159,1466,0.1388
1323,162,1485,0.1388
1326,159,1485,0.1388
1316,164,1480,0.1388
1326,165,1491,0.1388
1326,164,1490,0.1388
1321,164,1485,0.1388
1320,165,1485,0.1388
1327,171,1498,0.1388
1324,168,1492,0.1388
1331,170,1501,0.1388
1346,171,1517,0.1388
1341,175,1516,0.1388
1340,174,1514,0.1388
1327,172,1499,0.1388
1325,176,1501,0.1388
1321,175,1496,0.1388
1312,179,1491,0.1388
1324,171,1495,0.1388
1319,171,1490,0.1388
1316,167,1483,0.1388
1309,170,1479,0.1388
1301,165,1466,0.1388
1308,164,1472,0.1388
1304,167,1471,0.1388
1302,163,1465,0.1388
1294,164,1458,0.1388
1305,168,1473,0.1388
1307,169,1476,0.1388
1321,170,1491,0.1388
1310,167,1477,0.1388
1330,168,1498,0.1388
1329,161,1490,0.1388
1326,161,1487,0.1388
1315,165,1480,0.1388
1310,164,1474,0.1388
1316,167,1483,0.1388
1309,166,1475,0.1388
1328,170,1498,0.1388
1335,169,1504,0.1388
1341,167,1508,0.1388
1330,170,1500,0.1388
1338,172,1510,0.1388
1338,176,1514,0.1388
1333,174,1507,0.1388
1329,175,1504,0.1388
1338,174,1512,0.1388
1341,178,1519,0.1388
1324,183,1507,0.1388
1314,178,1492,0.1388
1316,174,1490,0.1388
1301,172,1473,0.1388
1303,174,1477,0.1388
1293,176,1469,0.1388
1299,178,1477,0.1388
1316,180,1496,0.1388
1313,175,1488,0.1388
1308,180,1488,0.1388
1308,180,1488,0.1388
1308,182,1490,0.1388
1312,181,1493,0.1388
1303,185,1488,0.1388
1308,185,1493,0.1388
1317,179,1496,0.1388
1312,178,1490,0.1388
1321,177,1498,0.1388
1304,180,1484,0.1388
1293,182,1475,0.1388
1290,185,1475,0.1388
1314,187,1501,0.1388
1300,190,1490,0.1388
1301,189,1490,0.1388
1306,190,1496,0.1388
1310,190,1500,0.1388
1291,190,1481,0.1388
1294,196,1490,0.1388
1294,197,1491,0.1388
1295,198,1493,0.1388
1288,194,1482,0.1388
1302,198,1500,0.1388
1300,195,1495,0.1388
1307,198,1505,0.1388
1302,195,1497,0.1388
1302,197,1499,0.1388
1305,196,1501,0.1388
1300,197,1497,0.1388
1292,197,1489,0.1388
1299,199,1498,0.1388
1302,197,1499,0.1388
1309,188,1497,0.1388
1312,187,1499,0.1388
1313,186,1499,0.1388
1310,186,1496,0.1388
1296,184,1480,0.1388
1304,193,1497,0.1388
1306,197,1503,0.1388
1304,198,1502,0.1388
1317,195,1512,0.1388
1305,194,1499,0.1388
1311,191,1502,0.1388
1311,196,1507,0.1388
1307,198,1505,0.1388
1298,198,1496,0.1388
1293,198,1491,0.1388
1290,201,1491,0.1388
1295,207,1502,0.1388
1293,206,1499,0.1388
1277,205,1482,0.1388
1268,210,1478,0.1388
1273,205,1478,0.1388
1278,207,1485,0.1388
1298,209,1507,0.1388
1302,205,1507,0.1388
1301,207,1508,0.1388
1295,207,1502,0.1388
1293,203,1496,0.1388
1294,205,1499,0.1388
1282,199,1481,0.1388
1286,208,1494,0.1388
1281,213,1494,0.1388
1275,208,1483,0.1388
1276,214,1490,0.1388
1271,218,1489,0.1388
1273,223,1496,0.1388
1260,231,1491,0.1388
1272,233,1505,0.1388
1266,230,1496,0.1388
1255,228,1483,0.1388
1270,229,1499,0.1388
1279,227,1506,0.1388
1289,229,1518,0.1388
1284,221,1505,0.1388
1282,222,1504,0.1388
1270,225,1495,0.1388
1269,228,1497,0.1388
1266,235,1501,0.1388
1271,239,1510,0.1388
1257,241,1498,0.1388
1268,245,1513,0.1388
1261,247,1508,0.1388
1256,249,1505,0.1388
1251,247,1498,0.1388
1246,238,1484,0.1388
1248,238,1486,0.1388
1239,245,1484,0.1388
1241,241,1482,0.1388
1253,238,1491,0.1388
1265,238,1503,0.1388
1259,246,1505,0.1388
1256,250,1506,0.1388
1253,247,1500,0.1388
1250,251,1501,0.1388
1258,252,1510,0.1388
1250,256,1506,0.1388
1250,256,1506,0.1388
1253,261,1514,0.1388
1250,264,1514,0.1388
1239,263,1502,0.1388
1247,263,1510,0.1388
1248,259,1507,0.1388
1249,264,1513,0.1388
1243,264,1507,0.1388
1250,261,1511,0.1388
1245,262,1507,0.1388
1239,260,1499,0.1388
1248,256,1504,0.1388
1243,254,1497,0.1388
1241,259,1500,0.1388
1251,256,1507,0.1388
1234,253,1487,0.1388
1223,257,1480,0.1388
1230,257,1487,0.1388
1225,258,1483,0.1388
1236,261,1497,0.1388
1232,263,1495,0.1388
1226,262,1488,0.1388
1227,260,1487,0.1388
1235,263,1498,0.1388
1238,264,1502,0.1388
1241,266,1507,0.1388
1230,265,1495,0.1388
1237,271,1508,0.1388
1225,270,1495,0.1388
1234,263,1497,0.1388
1228,271,1499,0.1388
1228,272,1500,0.1388
1216,271,1487,0.1388
1220,271,1491,0.1388
1215,276,1491,0.1388
1222,276,1498,0.1388
1229,276,1505,0.1388
1221,276,1497,0.1388
1234,277,1511,0.1388
1228,274,1502,0.1388
1225,279,1504,0.1388
1220,273,1493,0.1388
1229,271,1500,0.1388
1231,269,1500,0.1388
1237,271,1508,0.1388
1230,271,1501,0.1388
1233,272,1505,0.1388
1236,276,1512,0.1388
1226,279,1505,0.1388
1227,275,1502,0.1388
1233,276,1509,0.1388
1233,278,1511,0.1388
1231,278,1509,0.1388
1222,272,1494,0.1388
1213,277,1490,0.1388
1204,276,1480,0.1388
1213,272,1485,0.1388
1211,278,1489,0.1388
1221,281,1502,0.1388
1212,285,1497,0.1388
1203,285,1488,0.1388
1204,291,1495,0.1388
1208,294,1502,0.1388
1202,290,1492,0.1388
1202,297,1499,0.1388
1205,299,1504,0.1388
1199,299,1498,0.1388
1194,295,1489,0.1388
1203,300,1503,0.1388
1198,301,1499,0.1388
1195,305,1500,0.1388
1196,306,1502,0.1388
1198,305,1503,0.1388
1193,305,1498,0.1388
1195,305,1500,0.1388
1187,303,1490,0.1388
1189,301,1490,0.1388
1195,308,1503,0.1388
1201,310,1511,0.1388
1183,314,1497,0.1388
1177,318,1495,0.1388
1169,320,1489,0.1388
1173,324,1497,0.1388
1176,323,1499,0.1388
1184,322,1506,0.1388
1182,326,1508,0.1388
1173,324,1497,0.1388
1174,328,1502,0.1388
1164,321,1485,0.1388
1169,321,1490,0.1388
1164,325,1489,0.1388
1161,329,1490,0.1388
1153,328,1481,0.1388
1154,342,1496,0.1388
1148,339,1487,0.1388
1148,348,1496,0.1388
1144,346,1490,0.1388
1149,348,1497,0.1388
1160,347,1507,0.1388
1147,346,1493,0.1388
1131,347,1478,0.1388
1140,349,1489,0.1388
1141,352,1493,0.1388
1127,357,1484,0.1388
1142,352,1494,0.1388
1140,346,1486,0.1388
1123,350,1473,0.1388
1123,353,1476,0.1388
1120,361,1481,0.1388
1122,359,1481,0.1388
1122,359,1481,0.1388
1125,364,1489,0.1388
1124,366,1490,0.1388
1134,367,1501,0.1388
1135,370,1505,0.1388
1131,364,1495,0.1388
1127,364,1491,0.1388
1131,369,1500,0.1388
1125,371,1496,0.1388
1126,373,1499,0.1388
1127,371,1498,0.1388
1124,364,1488,0.1388
1112,368,1480,0.1388
1123,372,1495,0.1388
1121,375,1496,0.1388
1129,374,1503,0.1388
1123,375,1498,0.1388
1112,376,1488,0.1388
1121,377,1498,0.1388
1108,383,1491,0.1388
1101,379,1480,0.1388
1104,389,1493,0.1388
1103,393,1496,0.1388
1108,395,1503,0.1388
1107,395,1502,0.1388
1104,396,1500,0.1388
1108,396,1504,0.1388
1098,394,1492,0.1388
1103,399,1502,0.1388
1111,403,1514,0.1388
1100,400,1500,0.1388
1105,398,1503,0.1388
1115,394,1509,0.1388
1109,405,1514,0.1388
1106,401,1507,0.1388
1108,403,1511,0.1388
1113,404,1517,0.1388
1111,401,1512,0.1388
1111,400,1511,0.1388
1110,395,1505,0.1388
1110,403,1513,0.1388
1103,403,1506,0.1388
1101,411,1512,0.1388
1101,407,1508,0.1388
1107,409,1516,0.1388
1093,411,1504,0.1388
1101,414,1515,0.1388
1098,412,1510,0.1388
1091,412,1503,0.1388
1094,405,1499,0.1388
1092,408,1500,0.1388
1089,404,1493,0.1388
1087,416,1503,0.1388
1075,413,1488,0.1388
1075,412,1487,0.1388
1066,413,1479,0.1388
1067,416,1483,0.1388
1065,423,1488,0.1388
1076,425,1501,0.1388
1082,424,1506,0.1388
1076,423,1499,0.1388
1079,421,1500,0.1388
1073,420,1493,0.1388
1081,415,1496,0.1388
1071,426,1497,0.1388
1080,428,1508,0.1388
1073,426,1499,0.1388
1070,427,1497,0.1388
1065,427,1492,0.1388
1055,429,1484,0.1388
1051,441,1492,0.1388
1053,437,1490,0.1388
1054,445,1499,0.1388
1057,451,1508,0.1388
1051,454,1505,0.1388
1045,444,1489,0.1388
1049,443,1492,0.1388
1049,447,1496,0.1388
1054,446,1500,0.1388
1048,450,1498,0.1388
1038,456,1494,0.1388
1035,459,1494,0.1388
1032,466,1498,0.1388
1023,463,1486,0.1388
1022,465,1487,0.1388
1031,469,1500,0.1388
1021,476,1497,0.1388
1031,473,1504,0.1388
1026,473,1499,0.1388
1014,468,1482,0.1388
1006,481,1487,0.1388
996,480,1476,0.1388
989,482,1471,0.1388
994,491,1485,0.1388
1001,488,1489,0.1388
997,492,1489,0.1388
996,503,1499,0.1388
1014,498,1512,0.1388
1002,494,1496,0.1388
1010,500,1510,0.1388
1006,490,1496,0.1388
1008,488,1496,0.1388
1004,496,1500,0.1388
1017,495,1512,0.1388
1020,492,1512,0.1388
1018,485,1503,0.1388
1018,490,1508,0.1388
1014,492,1506,0.1388
1009,488,1497,0.1388
1002,493,1495,0.1388
1000,497,1497,0.1388
995,493,1488,0.1388
995,499,1494,0.1388
997,497,1494,0.1388
1001,500,1501,0.1388
1013,500,1513,0.1388
1003,511,1514,0.1388
995,506,1501,0.1388
995,507,1502,0.1388
998,508,1506,0.1388
997,502,1499,0.1388
989,507,1496,0.1388
994,509,1503,0.1388
998,503,1501,0.1388
993,508,1501,0.1388
989,508,1497,0.1388
986,504,1490,0.1388
980,509,1489,0.1388
988,508,1496,0.1388
980,507,1487,0.1388
974,509,1483,0.1388
983,514,1497,0.1388
978,511,1489,0.1388
989,513,1502,0.1388
999,511,1510,0.1388
1001,506,1507,0.1388
993,509,1502,0.1388
988,512,1500,0.1388
993,509,1502,0.1388
995,516,1511,0.1388
989,509,1498,0.1388
983,508,1491,0.1388
981,512,1493,0.1388
976,511,1487,0.1388
989,516,1505,0.1388
983,520,1503,0.1388
977,521,1498,0.1388
969,524,1493,0.1388
985,530,1515,0.1388
983,530,1513,0.1388
976,521,1497,0.1388
961,524,1485,0.1388
962,521,1483,0.1388
965,526,1491,0.1388
965,532,1497,0.1388
968,535,1503,0.1388
972,545,1517,0.1388
981,542,1523,0.1388
972,540,1512,0.1388
970,544,1514,0.1388
965,544,1509,0.1388
966,541,1507,0.1388
966,540,1506,0.1388
961,540,1501,0.1388
965,539,1504,0.1388
947,551,1498,0.1388
944,551,1495,0.1388
955,553,1508,0.1388
948,550,1498,0.1388
952,549,1501,0.1388
952,549,1501,0.1388
945,558,1503,0.1388
937,557,1494,0.1388
952,556,1508,0.1388
944,563,1507,0.1388
949,564,1513,0.1388
947,568,1515,0.1388
949,566,1515,0.1388
954,565,1519,0.1388
947,563,1510,0.1388
946,567,1513,0.1388
934,569,1503,0.1388
929,572,1501,0.1388
922,571,1493,0.1388
935,573,1508,0.1388
931,568,1499,0.1388
933,558,1491,0.1388
933,560,1493,0.1388
937,556,1493,0.1388
934,562,1496,0.1388
935,571,1506,0.1388
938,585,1523,0.1388
933,580,1513,0.1388
938,581,1519,0.1388
938,587,1525,0.1388
939,579,1518,0.1388
935,576,1511,0.1388
928,579,1507,0.1388
923,572,1495,0.1388
922,581,1503,0.1388
914,581,1495,0.1388
914,573,1487,0.1388
923,588,1511,0.1388
914,594,1508,0.1388
909,590,1499,0.1388
909,583,1492,0.1388
909,595,1504,0.1388
908,603,1511,0.1388
904,604,1508,0.1388
905,596,1501,0.1388
901,598,1499,0.1388
893,599,1492,0.1388
891,599,1490,0.1388
893,605,1498,0.1388
898,611,1509,0.1388
892,605,1497,0.1388
890,613,1503,0.1388
881,616,1497,0.1388
877,621,1498,0.1388
882,625,1507,0.1388
883,625,1508,0.1388
883,617,1500,0.1388
890,612,1502,0.1388
878,616,1494,0.1388
877,619,1496,0.1388
867,616,1483,0.1388
860,620,1480,0.1388
867,626,1493,0.1388
873,628,1501,0.1388
879,625,1504,0.1388
881,625,1506,0.1388
870,627,1497,0.1388
866,629,1495,0.1388
857,630,1487,0.1388
855,631,1486,0.1388
863,635,1498,0.1388
863,634,1497,0.1388
865,641,1506,0.1388
875,641,1516,0.1388
877,638,1515,0.1388
871,639,1510,0.1388
877,640,1517,0.1388
879,642,1521,0.1388
881,642,1523,0.1388
867,638,1505,0.1388
873,636,1509,0.1388
870,636,1506,0.1388
858,641,1499,0.1388
853,643,1496,0.1388
853,641,1494,0.1388
848,643,1491,0.1388
849,641,1490,0.1388
834,635,1469,0.1388
848,645,1493,0.1388
841,644,1485,0.1388
842,660,1502,0.1388
848,655,1503,0.1388
845,659,1504,0.1388
851,651,1502,0.1388
838,650,1488,0.1388
833,654,1487,0.1388
836,658,1494,0.1388
843,667,1510,0.1388
836,660,1496,0.1388
826,659,1485,0.1388
829,662,1491,0.1388
829,669,1498,0.1388
822,667,1489,0.1388
827,662,1489,0.1388
827,665,1492,0.1388
820,677,1497,0.1388
820,678,1498,0.1388
821,671,1492,0.1388
827,680,1507,0.1388
828,689,1517,0.1388
827,679,1506,0.1388
832,680,1512,0.1388
825,680,1505,0.1388
817,681,1498,0.1388
809,686,1495,0.1388
808,698,1506,0.1388
806,691,1497,0.1388
801,679,1480,0.1388
805,684,1489,0.1388
803,689,1492,0.1388
801,688,1489,0.1388
819,681,1500,0.1388
815,685,1500,0.1388
828,689,1517,0.1388
829,688,1517,0.1388
825,685,1510,0.1388
816,691,1507,0.1388
813,690,1503,0.1388
819,693,1512,0.1388
809,692,1501,0.1388
805,697,1502,0.1388
796,691,1487,0.1388
806,697,1503,0.1388
812,689,1501,0.1388
801,692,1493,0.1388
802,692,1494,0.1388
800,698,1498,0.1388
788,709,1497,0.1388
795,714,1509,0.1388
789,719,1508,0.1388
796,713,1509,0.1388
790,722,1512,0.1388
787,719,1506,0.1388
787,714,1501,0.1388
785,710,1495,0.1388
785,720,1505,0.1388
784,720,1504,0.1388
776,720,1496,0.1388
778,733,1511,0.1388
787,727,1514,0.1388
784,725,1509,0.1388
784,718,1502,0.1388
779,721,1500,0.1388
771,725,1496,0.1388
776,728,1504,0.1388
776,738,1514,0.1388
773,733,1506,0.1388
771,741,1512,0.1388
766,738,1504,0.1388
767,731,1498,0.1388
768,729,1497,0.1388
778,732,1510,0.1388
771,734,1505,0.1388
763,736,1499,0.1388
758,744,1502,0.1388
756,743,1499,0.1388
759,742,1501,0.1388
763,745,1508,0.1388
755,741,1496,0.1388
763,752,1515,0.1388
756,760,1516,0.1388
766,759,1525,0.1388
771,754,1525,0.1388
771,753,1524,0.1388
760,749,1509,0.1388
754,744,1498,0.1388
753,745,1498,0.1388
746,742,1488,0.1388
751,759,1510,0.1388
744,756,1500,0.1388
744,761,1505,0.1388
743,769,1512,0.1388
741,765,1506,0.1388
739,767,1506,0.1388
744,755,1499,0.1388
748,757,1505,0.1388
745,769,1514,0.1388
741,763,1504,0.1388
733,757,1490,0.1388
716,757,1473,0.1388
723,757,1480,0.1388
727,766,1493,0.1388
717,773,1490,0.1388
716,782,1498,0.1388
718,784,1502,0.1388
714,783,1497,0.1388
708,789,1497,0.1388
710,790,1500,0.1388
707,780,1487,0.1388
708,790,1498,0.1388
706,792,1498,0.1388
700,797,1497,0.1388
706,801,1507,0.1388
712,806,1518,0.1388
710,803,1513,0.1388
705,797,1502,0.1388
708,798,1506,0.1388
703,798,1501,0.1388
703,806,1509,0.1388
701,822,1523,0.1388
691,818,1509,0.1388
694,819,1513,0.1388
690,824,1514,0.1388
684,823,1507,0.1388
682,825,1507,0.1388
681,826,1507,0.1388
684,826,1510,0.1388
682,825,1507,0.1388
682,820,1502,0.1388
687,821,1508,0.1388
686,815,1501,0.1388
681,815,1496,0.1388
685,812,1497,0.1388
688,820,1508,0.1388
682,832,1514,0.1388
679,833,1512,0.1388
676,835,1511,0.1388
682,833,1515,0.1388
671,834,1505,0.1388
663,827,1490,0.1388
661,832,1493,0.1388
670,828,1498,0.1388
667,832,1499,0.1388
683,828,1511,0.1388
680,828,1508,0.1388
683,833,1516,0.1388
684,833,1517,0.1388
684,831,1515,0.1388
670,833,1503,0.1388
672,837,1509,0.1388
668,839,1507,0.1388
662,837,1499,0.1388
669,833,1502,0.1388
667,828,1495,0.1388
654,844,1498,0.1388
648,838,1486,0.1388
656,841,1497,0.1388
649,835,1484,0.1388
657,842,1499,0.1388
655,840,1495,0.1388
660,839,1499,0.1388
649,835,1484,0.1388
647,844,1491,0.1388
649,843,1492,0.1388
648,851,1499,0.1388
654,860,1514,0.1388
651,861,1512,0.1388
662,855,1517,0.1388
661,854,1515,0.1388
663,859,1522,0.1388
661,857,1518,0.1388
658,847,1505,0.1388
657,846,1503,0.1388
658,845,1503,0.1388
656,844,1500,0.1388
660,851,1511,0.1388
666,855,1521,0.1388
658,864,1522,0.1388
653,851,1504,0.1388
654,848,1502,0.1388
656,846,1502,0.1388
648,851,1499,0.1388
645,855,1500,0.1388
653,864,1517,0.1388
651,867,1518,0.1388
638,866,1504,0.1388
631,869,1500,0.1388
635,873,1508,0.1388
637,871,1508,0.1388
629,873,1502,0.1388
633,871,1504,0.1388
622,879,1501,0.1388
620,881,1501,0.1388
623,872,1495,0.1388
627,875,1502,0.1388
620,885,1505,0.1388
612,885,1497,0.1388
609,887,1496,0.1388
615,891,1506,0.1388
619,895,1514,0.1388
621,887,1508,0.1388
619,879,1498,0.1388
623,884,1507,0.1388
622,883,1505,0.1388
619,883,1502,0.1388
616,880,1496,0.1388
621,880,1501,0.1388
626,883,1509,0.1388
617,890,1507,0.1388
624,890,1514,0.1388
615,900,1515,0.1388
609,916,1525,0.1388
607,909,1516,0.1388
607,904,1511,0.1388
611,900,1511,0.1388
605,898,1503,0.1388
605,902,1507,0.1388
615,896,1511,0.1388
615,892,1507,0.1388
620,886,1506,0.1388
621,884,1505,0.1388
614,889,1503,0.1388
616,890,1506,0.1388
612,895,1507,0.1388
610,899,1509,0.1388
610,890,1500,0.1388
608,894,1502,0.1388
591,906,1497,0.1388
591,914,1505,0.1388
587,913,1500,0.1388
595,921,1516,0.1388
586,922,1508,0.1388
583,918,1501,0.1388
585,917,1502,0.1388
591,922,1513,0.1388
596,920,1516,0.1388
596,917,1513,0.1388
588,914,1502,0.1388
589,922,1511,0.1388
579,928,1507,0.1388
575,929,1504,0.1388
583,927,1510,0.1388
589,925,1514,0.1388
579,940,1519,0.1388
570,936,1506,0.1388
569,929,1498,0.1388
572,934,1506,0.1388
573,931,1504,0.1388
574,927,1501,0.1388
570,930,1500,0.1388
572,936,1508,0.1388
561,939,1500,0.1388
563,945,1508,0.1388
563,947,1510,0.1388
557,950,1507,0.1388
559,957,1516,0.1388
549,957,1506,0.1388
544,954,1498,0.1388
540,958,1498,0.1388
535,961,1496,0.1388
544,967,1511,0.1388
536,960,1496,0.1388
532,963,1495,0.1388
523,957,1480,0.1388
526,964,1490,0.1388
531,954,1485,0.1388
538,960,1498,0.1388
545,966,1511,0.1388
548,964,1512,0.1388
549,967,1516,0.1388
547,971,1518,0.1388
533,963,1496,0.1388
542,962,1504,0.1388
532,963,1495,0.1388
534,954,1488,0.1388
539,958,1497,0.1388
541,957,1498,0.1388
543,962,1505,0.1388
543,968,1511,0.1388
535,970,1505,0.1388
536,969,1505,0.1388
539,969,1508,0.1388
543,958,1501,0.1388
544,959,1503,0.1388
544,970,1514,0.1388
548,970,1518,0.1388
540,974,1514,0.1388
534,963,1497,0.1388
539,973,1512,0.1388
535,962,1497,0.1388
530,964,1494,0.1388
534,966,1500,0.1388
536,970,1506,0.1388
541,966,1507,0.1388
548,970,1518,0.1388
544,976,1520,0.1388
537,978,1515,0.1388
543,982,1525,0.1388
535,968,1503,0.1388
536,979,1515,0.1388
534,977,1511,0.1388
541,970,1511,0.1388
539,966,1505,0.1388
537,971,1508,0.1388
534,971,1505,0.1388
536,976,1512,0.1388
529,979,1508,0.1388
528,975,1503,0.1388
534,980,1514,0.1388
535,975,1510,0.1388
533,976,1509,0.1388
535,983,1518,0.1388
533,986,1519,0.1388
528,984,1512,0.1388
522,963,1485,0.1388
526,952,1478,0.1388
519,967,1486,0.1388
529,972,1501,0.1388
526,970,1496,0.1388
529,993,1522,0.1388
529,994,1523,0.1388
530,993,1523,0.1388
524,1000,1524,0.1388
518,1010,1528,0.1388
517,1014,1531,0.1388
523,1006,1529,0.1388
523,1004,1527,0.1388
520,990,1510,0.1388
518,987,1505,0.1388
514,998,1512,0.1388
514,992,1506,0.1388
519,995,1514,0.1388
518,1005,1523,0.1388
511,999,1510,0.1388
509,1006,1515,0.1388
492,1016,1508,0.1388
487,1014,1501,0.1388
491,1015,1506,0.1388
488,1030,1518,0.1388
490,1018,1508,0.1388
490,1023,1513,0.1388
494,1022,1516,0.1388
490,1011,1501,0.1388
484,1009,1493,0.1388
492,1019,1511,0.1388
498,1017,1515,0.1388
500,1014,1514,0.1388
494,1014,1508,0.1388
492,1009,1501,0.1388
498,1010,1508,0.1388
498,1005,1503,0.1388
490,1015,1505,0.1388
501,1017,1518,0.1388
495,1016,1511,0.1388
496,1019,1515,0.1388
490,1023,1513,0.1388
486,1024,1510,0.1388
486,1027,1513,0.1388
481,1033,1514,0.1388
473,1024,1497,0.1388
475,1023,1498,0.1388
474,1025,1499,0.1388
478,1023,1501,0.1388
472,1020,1492,0.1388
475,1025,1500,0.1388
469,1034,1503,0.1388
470,1034,1504,0.1388
473,1036,1509,0.1388
475,1036,1511,0.1388
472,1039,1511,0.1388
465,1050,1515,0.1388
474,1050,1524,0.1388
477,1052,1529,0.1388
474,1052,1526,0.1388
475,1043,1518,0.1388
467,1045,1512,0.1388
472,1030,1502,0.1388
473,1028,1501,0.1388
473,1035,1508,0.1388
473,1042,1515,0.1388
469,1041,1510,0.1388
466,1044,1510,0.1388
463,1041,1504,0.1388
459,1051,1510,0.1388
463,1053,1516,0.1388
462,1058,1520,0.1388
465,1058,1523,0.1388
463,1055,1518,0.1388
455,1059,1514,0.1388
457,1055,1512,0.1388
449,1061,1510,0.1388
450,1060,1510,0.1388
448,1062,1510,0.1388
441,1061,1502,0.1388
434,1060,1494,0.1388
438,1063,1501,0.1388
437,1073,1510,0.1388
428,1075,1503,0.1388
435,1075,1510,0.1388
438,1077,1515,0.1388
435,1085,1520,0.1388
433,1084,1517,0.1388
430,1079,1509,0.1388
430,1072,1502,0.1388
429,1063,1492,0.1388
432,1067,1499,0.1388
434,1074,1508,0.1388
426,1083,1509,0.1388
427,1076,1503,0.1388
434,1084,1518,0.1388
432,1069,1501,0.1388
436,1076,1512,0.1388
437,1078,1515,0.1388
439,1083,1522,0.1388
436,1079,1515,0.1388
432,1075,1507,0.1388
435,1063,1498,0.1388
433,1066,1499,0.1388
428,1085,1513,0.1388
427,1090,1517,0.1388
425,1089,1514,0.1388
424,1085,1509,0.1388
423,1091,1514,0.1388
422,1090,1512,0.1388
418,1093,1511,0.1388
418,1088,1506,0.1388
423,1093,1516,0.1388
420,1093,1513,0.1388
419,1094,1513,0.1388
416,1096,1512,0.1388
411,1093,1504,0.1388
407,1101,1508,0.1388
408,1103,1511,0.1388
401,1097,1498,0.1388
408,1105,1513,0.1388
404,1107,1511,0.1388
400,1103,1503,0.1388
402,1101,1503,0.1388
409,1108,1517,0.1388
409,1111,1520,0.1388
408,1115,1523,0.1388
407,1117,1524,0.1388
397,1121,1518,0.1388
398,1118,1516,0.1388
396,1119,1515,0.1388
398,1123,1521,0.1388
401,1118,1519,0.1388
403,1113,1516,0.1388
400,1118,1518,0.1388
394,1117,1511,0.1388
396,1122,1518,0.1388
395,1133,1528,0.1388
386,1130,1516,0.1388
384,1134,1518,0.1388
387,1138,1525,0.1388
381,1125,1506,0.1388
384,1118,1502,0.1388
384,1127,1511,0.1388
384,1125,1509,0.1388
378,1132,1510,0.1388
375,1144,1519,0.1388
373,1153,1526,0.1388
369,1151,1520,0.1388
368,1142,1510,0.1388
369,1142,1511,0.1388
368,1151,1519,0.1388
365,1145,1510,0.1388
367,1138,1505,0.1388
370,1138,1508,0.1388
376,1137,1513,0.1388
374,1138,1512,0.1388
377,1139,1516,0.1388
378,1139,1517,0.1388
373,1134,1507,0.1388
367,1137,1504,0.1388
363,1138,1501,0.1388
360,1148,1508,0.1388
359,1148,1507,0.1388
356,1148,1504,0.1388
369,1146,1515,0.1388
377,1146,1523,0.1388
370,1145,1515,0.1388
371,1151,1522,0.1388
373,1161,1534,0.1388
375,1155,1530,0.1388
380,1153,1533,0.1388
373,1145,1518,0.1388
376,1146,1522,0.1388
368,1149,1517,0.1388
378,1133,1511,0.1388
377,1126,1503,0.1388
372,1132,1504,0.1388
370,1141,1511,0.1388
373,1149,1522,0.1388
371,1151,1522,0.1388
374,1159,1533,0.1388
365,1146,1511,0.1388
357,1146,1503,0.1388
352,1140,1492,0.1388
357,1143,1500,0.1388
354,1141,1495,0.1388
348,1142,1490,0.1388
343,1151,1494,0.1388
338,1155,1493,0.1388
345,1149,1494,0.1388
348,1155,1503,0.1388
348,1149,1497,0.1388
346,1152,1498,0.1388
346,1159,1505,0.1388
352,1155,1507,0.1388
349,1161,1510,0.1388
350,1158,1508,0.1388
350,1162,1512,0.1388
338,1161,1499,0.1388
334,1171,1505,0.1388
333,1186,1519,0.1388
336,1194,1530,0.1388
335,1177,1512,0.1388
332,1168,1500,0.1388
329,1168,1497,0.1388
328,1178,1506,0.1388
323,1186,1509,0.1388
323,1182,1505,0.1388
324,1169,1493,0.1388
322,1172,1494,0.1388
319,1177,1496,0.1388
314,1180,1494,0.1388
316,1192,1508,0.1388
318,1197,1515,0.1388
323,1189,1512,0.1388
322,1187,1509,0.1388
329,1190,1519,0.1388
320,1182,1502,0.1388
322,1170,1492,0.1388
327,1176,1503,0.1388
327,1177,1504,0.1388
327,1189,1516,0.1388
326,1195,1521,0.1388
324,1193,1517,0.1388
318,1186,1504,0.1388
320,1189,1509,0.1388
317,1195,1512,0.1388
310,1211,1521,0.1388
311,1201,1512,0.1388
317,1202,1519,0.1388
316,1200,1516,0.1388
313,1200,1513,0.1388
312,1200,1512,0.1388
312,1200,1512,0.1388
309,1200,1509,0.1388
308,1200,1508,0.1388
304,1202,1506,0.1388
313,1200,1513,0.1388
306,1200,1506,0.1388
306,1200,1506,0.1388
305,1191,1496,0.1388
304,1204,1508,0.1388
305,1195,1500,0.1388
307,1207,1514,0.1388
307,1204,1511,0.1388
306,1197,1503,0.1388
303,1204,1507,0.1388
306,1208,1514,0.1388
305,1210,1515,0.1388
308,1205,1513,0.1388
307,1209,1516,0.1388
302,1207,1509,0.1388
303,1207,1510,0.1388
297,1202,1499,0.1388
295,1213,1508,0.1388
296,1229,1525,0.1388
296,1219,1515,0.1388
295,1221,1516,0.1388
290,1227,1517,0.1388
290,1223,1513,0.1388
285,1225,1510,0.1388
285,1222,1507,0.1388
286,1228,1514,0.1388
284,1229,1513,0.1388
282,1228,1510,0.1388
288,1227,1515,0.1388
283,1223,1506,0.1388
281,1229,1510,0.1388
283,1227,1510,0.1388
284,1222,1506,0.1388
283,1220,1503,0.1388
287,1232,1519,0.1388
290,1242,1532,0.1388
283,1231,1514,0.1388
284,1235,1519,0.1388
284,1242,1526,0.1388
286,1243,1529,0.1388
282,1247,1529,0.1388
287,1244,1531,0.1388
291,1235,1526,0.1388
289,1223,1512,0.1388
288,1228,1516,0.1388
291,1225,1516,0.1388
290,1228,1518,0.1388
289,1228,1517,0.1388
287,1238,1525,0.1388
286,1230,1516,0.1388
283,1225,1508,0.1388
279,1221,1500,0.1388
290,1218,1508,0.1388
290,1227,1517,0.1388
288,1218,1506,0.1388
283,1233,1516,0.1388
277,1241,1518,0.1388
278,1249,1527,0.1388
283,1239,1522,0.1388
282,1241,1523,0.1388
278,1244,1522,0.1388
273,1241,1514,0.1388
269,1241,1510,0.1388
268,1251,1519,0.1388
272,1255,1527,0.1388
268,1255,1523,0.1388
269,1250,1519,0.1388
271,1245,1516,0.1388
272,1251,1523,0.1388
268,1250,1518,0.1388
266,1261,1527,0.1388
262,1257,1519,0.1388
262,1263,1525,0.1388
265,1258,1523,0.1388
265,1268,1533,0.1388
263,1257,1520,0.1388
262,1256,1518,0.1388
268,1263,1531,0.1388
265,1265,1530,0.1388
260,1256,1516,0.1388
258,1257,1515,0.1388
258,1255,1513,0.1388
255,1264,1519,0.1388
251,1260,1511,0.1388
255,1262,1517,0.1388
260,1258,1518,0.1388
261,1257,1518,0.1388
259,1260,1519,0.1388
263,1258,1521,0.1388
262,1259,1521,0.1388
265,1254,1519,0.1388
258,1253,1511,0.1388
260,1242,1502,0.1388
261,1242,1503,0.1388
260,1245,1505,0.1388
260,1252,1512,0.1388
261,1258,1519,0.1388
259,1257,1516,0.1388
264,1258,1522,0.1388
261,1270,1531,0.1388
265,1264,1529,0.1388
259,1257,1516,0.1388
255,1248,1503,0.1388
252,1255,1507,0.1388
251,1260,1511,0.1388
252,1260,1512,0.1388
251,1281,1532,0.1388
254,1280,1534,0.1388
255,1284,1539,0.1388
250,1272,1522,0.1388
250,1272,1522,0.1388
251,1264,1515,0.1388
254,1265,1519,0.1388
254,1268,1522,0.1388
254,1262,1516,0.1388
253,1271,1524,0.1388
254,1260,1514,0.1388
252,1265,1517,0.1388
251,1261,1512,0.1388
247,1260,1507,0.1388
248,1260,1508,0.1388
241,1256,1497,0.1388
240,1261,1501,0.1388
232,1261,1493,0.1388
222,1267,1489,0.1388
220,1278,1498,0.1388
219,1274,1493,0.1388
223,1277,1500,0.1388
226,1284,1510,0.1388
230,1294,1524,0.1388
234,1278,1512,0.1388
227,1270,1497,0.1388
225,1280,1505,0.1388
223,1284,1507,0.1388
221,1282,1503,0.1388
226,1282,1508,0.1388
221,1298,1519,0.1388
222,1297,1519,0.1388
221,1302,1523,0.1388
220,1312,1532,0.1388
221,1313,1534,0.1388
217,1307,1524,0.1388
216,1302,1518,0.1388
209,1302,1511,0.1388
208,1285,1493,0.1388
210,1292,1502,0.1388
208,1312,1520,0.1388
212,1307,1519,0.1388
210,1298,1508,0.1388
205,1304,1509,0.1388
207,1301,1508,0.1388
211,1294,1505,0.1388
215,1297,1512,0.1388
219,1299,1518,0.1388
215,1298,1513,0.1388
217,1300,1517,0.1388
216,1296,1512,0.1388
214,1290,1504,0.1388
214,1307,1521,0.1388
209,1304,1513,0.1388
208,1306,1514,0.1388
209,1307,1516,0.1388
206,1300,1506,0.1388
202,1314,1516,0.1388
195,1327,1522,0.1388
196,1306,1502,0.1388
195,1309,1504,0.1388
191,1321,1512,0.1388
190,1319,1509,0.1388
191,1316,1507,0.1388
191,1337,1528,0.1388
188,1338,1526,0.1388
189,1335,1524,0.1388
192,1330,1522,0.1388
196,1334,1530,0.1388
198,1337,1535,0.1388
190,1330,1520,0.1388
190,1334,1524,0.1388
194,1327,1521,0.1388
189,1319,1508,0.1388
185,1319,1504,0.1388
183,1308,1491,0.1388
182,1326,1508,0.1388
179,1330,1509,0.1388
176,1334,1510,0.1388
180,1351,1531,0.1388
181,1338,1519,0.1388
180,1341,1521,0.1388
176,1337,1513,0.1388
179,1344,1523,0.1388
177,1337,1514,0.1388
175,1337,1512,0.1388
173,1330,1503,0.1388
177,1332,1509,0.1388
176,1323,1499,0.1388
175,1336,1511,0.1388
175,1352,1527,0.1388
176,1348,1524,0.1388
177,1340,1517,0.1388
178,1345,1523,0.1388
180,1342,1522,0.1388
177,1350,1527,0.1388
173,1349,1522,0.1388
174,1343,1517,0.1388
178,1335,1513,0.1388
180,1337,1517,0.1388
178,1328,1506,0.1388
170,1328,1498,0.1388
174,1331,1505,0.1388
182,1325,1507,0.1388
184,1332,1516,0.1388
187,1340,1527,0.1388
185,1326,1511,0.1388
184,1332,1516,0.1388
183,1342,1525,0.1388
184,1346,1530,0.1388
184,1331,1515,0.1388
184,1339,1523,0.1388
183,1330,1513,0.1388
183,1324,1507,0.1388
186,1322,1508,0.1388
182,1326,1508,0.1388
178,1324,1502,0.1388
187,1317,1504,0.1388
187,1319,1506,0.1388
181,1308,1489,0.1388
189,1314,1503,0.1388
183,1316,1499,0.1388
186,1305,1491,0.1388
175,1317,1492,0.1388
170,1327,1497,0.1388
169,1334,1503,0.1388
170,1334,1504,0.1388
169,1352,1521,0.1388
169,1348,1517,0.1388
174,1342,1516,0.1388
178,1335,1513,0.1388
176,1347,1523,0.1388
175,1349,1524,0.1388
170,1344,1514,0.1388
170,1343,1513,0.1388
167,1350,1517,0.1388
165,1349,1514,0.1388
168,1351,1519,0.1388
167,1353,1520,0.1388
161,1354,1515,0.1388
159,1349,1508,0.1388
153,1352,1505,0.1388
152,1342,1494,0.1388
154,1353,1507,0.1388
157,1342,1499,0.1388
155,1355,1510,0.1388
154,1356,1510,0.1388
150,1347,1497,0.1388
149,1350,1499,0.1388
149,1353,1502,0.1388
146,1360,1506,0.1388
143,1367,1510,0.1388
144,1362,1506,0.1388
146,1366,1512,0.1388
148,1368,1516,0.1388
146,1371,1517,0.1388
144,1367,1511,0.1388
138,1379,1517,0.1388
140,1384,1524,0.1388
139,1385,1524,0.1388
135,1371,1506,0.1388
135,1367,1502,0.1388
137,1370,1507,0.1388
136,1375,1511,0.1388
135,1371,1506,0.1388
135,1389,1524,0.1388
137,1392,1529,0.1388
136,1387,1523,0.1388
134,1393,1527,0.1388
132,1393,1525,0.1388
131,1399,1530,0.1388
129,1384,1513,0.1388
129,1377,1506,0.1388
132,1371,1503,0.1388
132,1369,1501,0.1388
130,1360,1490,0.1388
131,1373,1504,0.1388
134,1374,1508,0.1388
134,1381,1515,0.1388
132,1386,1518,0.1388
127,1384,1511,0.1388
125,1386,1511,0.1388
125,1398,1523,0.1388
127,1400,1527,0.1388
126,1394,1520,0.1388
126,1385,1511,0.1388
124,1395,1519,0.1388
125,1394,1519,0.1388
122,1396,1518,0.1388
121,1395,1516,0.1388
120,1392,1512,0.1388
122,1390,1512,0.1388
121,1401,1522,0.1388
121,1397,1518,0.1388
124,1388,1512,0.1388
122,1396,1518,0.1388
119,1399,1518,0.1388
118,1391,1509,0.1388
116,1397,1513,0.1388
117,1408,1525,0.1388
119,1402,1521,0.1388
117,1400,1517,0.1388
114,1411,1525,0.1388
112,1417,1529,0.1388
112,1406,1518,0.1388
111,1394,1505,0.1388
109,1393,1502,0.1388
110,1395,1505,0.1388
110,1397,1507,0.1388
109,1401,1510,0.1388
109,1391,1500,0.1388
110,1398,1508,0.1388
109,1407,1516,0.1388
109,1413,1522,0.1388
106,1414,1520,0.1388
107,1418,1525,0.1388
106,1422,1528,0.1388
104,1424,1528,0.1388
104,1416,1520,0.1388
102,1411,1513,0.1388
100,1403,1503,0.1388
105,1404,1509,0.1388
108,1406,1514,0.1388
97,1404,1501,0.1388
99,1406,1505,0.1388
101,1410,1511,0.1388
100,1416,1516,0.1388
100,1428,1528,0.1388
98,1415,1513,0.1388
99,1416,1515,0.1388
100,1433,1533,0.1388
98,1426,1524,0.1388
94,1423,1517,0.1388
95,1423,1518,0.1388
97,1423,1520,0.1388
94,1432,1526,0.1388
97,1421,1518,0.1388
97,1426,1523,0.1388
96,1426,1522,0.1388
94,1422,1516,0.1388
95,1423,1518,0.1388
95,1419,1514,0.1388
94,1407,1501,0.1388
93,1424,1517,0.1388
92,1422,1514,0.1388
94,1435,1529,0.1388
94,1430,1524,0.1388
97,1417,1514,0.1388
97,1430,1527,0.1388
95,1418,1513,0.1388
92,1427,1519,0.1388
90,1415,1505,0.1388
90,1421,1511,0.1388
90,1425,1515,0.1388
90,1424,1514,0.1388
91,1416,1507,0.1388
91,1417,1508,0.1388
87,1418,1505,0.1388
85,1418,1503,0.1388
88,1417,1505,0.1388
90,1412,1502,0.1388
90,1416,1506,0.1388
88,1419,1507,0.1388
85,1421,1506,0.1388
85,1430,1515,0.1388
83,1425,1508,0.1388
83,1428,1511,0.1388
83,1420,1503,0.1388
82,1416,1498,0.1388
81,1425,1506,0.1388
80,1440,1520,0.1388
79,1443,1522,0.1388
78,1427,1505,0.1388
76,1436,1512,0.1388
78,1423,1501,0.1388
77,1430,1507,0.1388
78,1436,1514,0.1388
76,1437,1513,0.1388
73,1434,1507,0.1388
74,1438,1512,0.1388
74,1429,1503,0.1388
72,1445,1517,0.1388
73,1430,1503,0.1388
71,1433,1504,0.1388
74,1434,1508,0.1388
73,1442,1515,0.1388
74,1448,1522,0.1388
77,1437,1514,0.1388
78,1437,1515,0.1388
77,1437,1514,0.1388
73,1434,1507,0.1388
74,1442,1516,0.1388
73,1442,1515,0.1388
75,1440,1515,0.1388
77,1439,1516,0.1388
78,1448,1526,0.1388
74,1440,1514,0.1388
74,1445,1519,0.1388
72,1432,1504,0.1388
73,1439,1512,0.1388
73,1438,1511,0.1388
71,1436,1507,0.1388
69,1440,1509,0.1388
69,1439,1508,0.1388
69,1452,1521,0.1388
69,1451,1520,0.1388
69,1438,1507,0.1388
68,1445,1513,0.1388
67,1451,1518,0.1388
63,1456,1519,0.1388
63,1468,1531,0.1388
61,1452,1513,0.1388
62,1448,1510,0.1388
63,1458,1521,0.1388
64,1464,1528,0.1388
65,1458,1523,0.1388
67,1457,1524,0.1388
68,1452,1520,0.1388
66,1447,1513,0.1388
67,1434,1501,0.1388
63,1450,1513,0.1388
61,1454,1515,0.1388
64,1449,1513,0.1388
62,1457,1519,0.1388
63,1463,1526,0.1388
63,1466,1529,0.1388
60,1463,1523,0.1388
60,1463,1523,0.1388
60,1461,1521,0.1388
60,1461,1521,0.1388
61,1464,1525,0.1388
61,1465,1526,0.1388
59,1467,1526,0.1388
61,1461,1522,0.1388
61,1461,1522,0.1388
57,1469,1526,0.1388
56,1470,1526,0.1388
54,1468,1522,0.1388
57,1470,1527,0.1388
55,1464,1519,0.1388
53,1461,1514,0.1388
54,1453,1507,0.1388
53,1458,1511,0.1388
53,1456,1509,0.1388
54,1466,1520,0.1388
53,1465,1518,0.1388
52,1462,1514,0.1388
55,1480,1535,0.1388
53,1484,1537,0.1388
49,1483,1532,0.1388
50,1477,1527,0.1388
50,1471,1521,0.1388
49,1484,1533,0.1388
46,1484,1530,0.1388
45,1478,1523,0.1388
46,1475,1521,0.1388
47,1482,1529,0.1388
49,1477,1526,0.1388
50,1480,1530,0.1388
48,1478,1526,0.1388
45,1482,1527,0.1388
47,1476,1523,0.1388
49,1478,1527,0.1388
47,1478,1525,0.1388
45,1476,1521,0.1388
46,1470,1516,0.1388
45,1483,1528,0.1388
45,1498,1543,0.1388
46,1494,1540,0.1388
44,1498,1542,0.1388
44,1488,1532,0.1388
46,1482,1528,0.1388
44,1486,1530,0.1388
44,1481,1525,0.1388
45,1469,1514,0.1388
44,1472,1516,0.1388
43,1478,1521,0.1388
42,1463,1505,0.1388
41,1469,1510,0.1388
40,1470,1510,0.1388
38,1473,1511,0.1388
41,1474,1515,0.1388
45,1481,1526,0.1388
46,1468,1514,0.1388
44,1463,1507,0.1388
42,1462,1504,0.1388
46,1465,1511,0.1388
46,1456,1502,0.1388
49,1455,1504,0.1388
50,1454,1504,0.1388
49,1456,1505,0.1388
50,1458,1508,0.1388
50,1464,1514,0.1388
49,1477,1526,0.1388
50,1470,1520,0.1388
49,1476,1525,0.1388
49,1464,1513,0.1388
50,1477,1527,0.1388
49,1472,1521,0.1388
46,1477,1523,0.1388
46,1478,1524,0.1388
43,1472,1515,0.1388
43,1478,1521,0.1388
44,1480,1524,0.1388
45,1470,1515,0.1388
44,1465,1509,0.1388
43,1465,1508,0.1388
43,1470,1513,0.1388
45,1464,1509,0.1388
46,1462,1508,0.1388
46,1470,1516,0.1388
45,1484,1529,0.1388
45,1479,1524,0.1388
46,1467,1513,0.1388
45,1454,1499,0.1388
42,1466,1508,0.1388
40,1465,1505,0.1388
40,1489,1529,0.1388
39,1488,1527,0.1388
39,1471,1510,0.1388
39,1475,1514,0.1388
37,1472,1509,0.1388
36,1486,1522,0.1388
35,1494,1529,0.1388
35,1474,1509,0.1388
35,1465,1500,0.1388
34,1476,1510,0.1388
34,1475,1509,0.1388
32,1465,1497,0.1388
30,1471,1501,0.1388
31,1472,1503,0.1388
30,1486,1516,0.1388
28,1482,1510,0.1388
28,1481,1509,0.1388
28,1485,1513,0.1388
27,1481,1508,0.1388
29,1504,1533,0.1388
30,1507,1537,0.1388
29,1494,1523,0.1388
29,1498,1527,0.1388
29,1498,1527,0.1388
27,1500,1527,0.1388
25,1505,1530,0.1388
26,1502,1528,0.1388
24,1508,1532,0.1388
22,1505,1527,0.1388
24,1495,1519,0.1388
24,1497,1521,0.1388
25,1494,1519,0.1388
26,1494,1520,0.1388
26,1496,1522,0.1388
25,1499,1524,0.1388
25,1484,1509,0.1388
25,1494,1519,0.1388
25,1495,1520,0.1388
24,1501,1525,0.1388
24,1490,1514,0.1388
24,1493,1517,0.1388
23,1506,1529,0.1388
23,1491,1514,0.1388
23,1483,1506,0.1388
21,1493,1514,0.1388
22,1493,1515,0.1388
24,1499,1523,0.1388
24,1485,1509,0.1388
24,1479,1503,0.1388
23,1487,1510,0.1388
24,1480,1504,0.1388
23,1489,1512,0.1388
24,1495,1519,0.1388
24,1502,1526,0.1388
22,1496,1518,0.1388
22,1495,1517,0.1388
22,1502,1524,0.1388
21,1492,1513,0.1388
22,1489,1511,0.1388
21,1487,1508,0.1388
21,1482,1503,0.1388
19,1489,1508,0.1388
19,1502,1521,0.1388
19,1503,1522,0.1388
19,1504,1523,0.1388
18,1508,1526,0.1388
17,1489,1506,0.1388
17,1489,1506,0.1388
16,1494,1510,0.1388
16,1493,1509,0.1388
16,1491,1507,0.1388
15,1497,1512,0.1388
15,1503,1518,0.1388
13,1513,1526,0.1388
13,1510,1523,0.1388
14,1518,1532,0.1388
14,1508,1522,0.1388
15,1503,1518,0.1388
15,1506,1521,0.1388
14,1497,1511,0.1388
15,1499,1514,0.1388
14,1501,1515,0.1388
13,1501,1514,0.1388
13,1504,1517,0.1388
14,1508,1522,0.1388
14,1515,1529,0.1388
14,1511,1525,0.1388
14,1520,1534,0.1388
13,1511,1524,0.1388
12,1509,1521,0.1388
12,1505,1517,0.1388
12,1505,1517,0.1388
12,1506,1518,0.1388
12,1509,1521,0.1388
11,1497,1508,0.1388
12,1500,1512,0.1388
13,1503,1516,0.1388
13,1511,1524,0.1388
13,1504,1517,0.1388
15,1511,1526,0.1388
15,1497,1512,0.1388
16,1494,1510,0.1388
17,1491,1508,0.1388
17,1485,1502,0.1388
17,1488,1505,0.1388
17,1496,1513,0.1388
16,1498,1514,0.1388
15,1483,1498,0.1388
15,1489,1504,0.1388
15,1499,1514,0.1388
12,1505,1517,0.1388
11,1508,1519,0.1388
11,1497,1508,0.1388
12,1494,1506,0.1388
13,1503,1516,0.1388
12,1504,1516,0.1388
12,1507,1519,0.1388
12,1510,1522,0.1388
12,1504,1516,0.1388
12,1504,1516,0.1388
11,1488,1499,0.1388
12,1498,1510,0.1388
12,1513,1525,0.1388
12,1501,1513,0.1388
13,1506,1519,0.1388
13,1508,1521,0.1388
14,1499,1513,0.1388
14,1492,1506,0.1388
14,1500,1514,0.1388
13,1513,1526,0.1388
12,1507,1519,0.1388
11,1507,1518,0.1388
11,1510,1521,0.1388
10,1513,1523,0.1388
10,1506,1516,0.1388
10,1512,1522,0.1388
10,1504,1514,0.1388
10,1502,1512,0.1388
11,1502,1513,0.1388
11,1495,1506,0.1388
11,1494,1505,0.1388
10,1500,1510,0.1388
10,1502,1512,0.1388
9,1494,1503,0.1388
9,1498,1507,0.1388
9,1489,1498,0.1388
9,1492,1501,0.1388
9,1502,1511,0.1388
9,1493,1502,0.1388
9,1495,1504,0.1388
8,1510,1518,0.1388
8,1508,1516,0.1388
8,1500,1508,0.1388
9,1499,1508,0.1388
10,1502,1512,0.1388
10,1510,1520,0.1388
10,1511,1521,0.1388
10,1514,1524,0.1388
11,1509,1520,0.1388
10,1504,1514,0.1388
8,1514,1522,0.1388
8,1514,1522,0.1388
8,1516,1524,0.1388
8,1505,1513,0.1388
8,1517,1525,0.1388
8,1517,1525,0.1388
8,1518,1526,0.1388
8,1518,1526,0.1388
8,1523,1531,0.1388
8,1509,1517,0.1388
9,1520,1529,0.1388
10,1507,1517,0.1388
10,1484,1494,0.1388
10,1494,1504,0.1388
12,1489,1501,0.1388
12,1498,1510,0.1388
12,1495,1507,0.1388
11,1499,1510,0.1388
11,1492,1503,0.1388
11,1509,1520,0.1388
12,1508,1520,0.1388
13,1497,1510,0.1388
13,1496,1509,0.1388
13,1491,1504,0.1388
13,1490,1503,0.1388
13,1496,1509,0.1388
13,1500,1513,0.1388
13,1500,1513,0.1388
12,1503,1515,0.1388
12,1504,1516,0.1388
11,1489,1500,0.1388
11,1501,1512,0.1388
10,1501,1511,0.1388
10,1503,1513,0.1388
10,1513,1523,0.1388
10,1510,1520,0.1388
11,1519,1530,0.1388
11,1520,1531,0.1388
10,1513,1523,0.1388
9,1508,1517,0.1388
9,1509,1518,0.1388
9,1509,1518,0.1388
9,1511,1520,0.1388
9,1502,1511,0.1388
8,1495,1503,0.1388
7,1512,1519,0.1388
7,1509,1516,0.1388
7,1479,1486,0.1388
8,1501,1509,0.1388
8,1507,1515,0.1388
9,1493,1502,0.1388
9,1504,1513,0.1388
8,1511,1519,0.1388
8,1502,1510,0.1388
8,1516,1524,0.1388
8,1520,1528,0.1388
8,1519,1527,0.1388
9,1514,1523,0.1388
9,1503,1512,0.1388
9,1500,1509,0.1388
9,1499,1508,0.1388
8,1489,1497,0.1388
8,1493,1501,0.1388
9,1485,1494,0.1388
9,1484,1493,0.1388
8,1501,1509,0.1388
7,1505,1512,0.1388
7,1493,1500,0.1388
7,1485,1492,0.1388
7,1499,1506,0.1388
7,1510,1517,0.1388
7,1507,1514,0.1388
7,1517,1524,0.1388
7,1517,1524,0.1388
7,1525,1532,0.1388
8,1513,1521,0.1388
6,1498,1504,0.1388
7,1500,1507,0.1388
7,1506,1513,0.1388
7,1506,1513,0.1388
7,1501,1508,0.1388
7,1511,1518,0.1388
7,1496,1503,0.1388
7,1507,1514,0.1388
7,1506,1513,0.1388
6,1516,1522,0.1388
6,1509,1515,0.1388
7,1509,1516,0.1388
7,1513,1520,0.1388
6,1508,1514,0.1388
6,1509,1515,0.1388
6,1520,1526,0.1388
6,1520,1526,0.1388
5,1511,1516,0.1388
5,1513,1518,0.1388
5,1520,1525,0.1388
5,1537,1542,0.1388
5,1529,1534,0.1388
5,1510,1515,0.1388
5,1514,1519,0.1388
4,1525,1529,0.1388
4,1520,1524,0.1388
4,1513,1517,0.1388
4,1515,1519,0.1388
4,1517,1521,0.1388
5,1527,1532,0.1388
5,1521,1526,0.1388
5,1491,1496,0.1388
5,1508,1513,0.1388
5,1506,1511,0.1388
5,1499,1504,0.1388
5,1499,1504,0.1388
6,1488,1494,0.1388
6,1488,1494,0.1388
6,1481,1487,0.1388
7,1492,1499,0.1388
6,1492,1498,0.1388
5,1499,1504,0.1388
4,1497,1501,0.1388
4,1516,1520,0.1388
3,1535,1538,0.1388
3,1531,1534,0.1388
2,1522,1524,0.1388
2,1517,1519,0.1388
2,1517,1519,0.1388
2,1524,1526,0.1388
1,1513,1514,0.1388
0,1507,1507,0.1388
