1372,28,1400,0.1388
1393,30,1423,0.1388
1431,30,1461,0.1388
1443,30,1473,0.1388
1438,31,1469,0.1388
1447,32,1479,0.1388
1448,31,1479,0.1388
1463,33,1496,0.1388
1455,36,1491,0.1388
1455,35,1490,0.1388
1474,35,1509,0.1388
1465,35,1500,0.1388
1458,35,1493,0.1388
1458,35,1493,0.1388
1460,35,1495,0.1388
1454,35,1489,0.1388
1450,34,1484,0.1388
1452,38,1490,0.1388
1456,38,1494,0.1388
1450,39,1489,0.1388
1465,43,1508,0.1388
1459,41,1500,0.1388
1457,41,1498,0.1388
1456,41,1497,0.1388
1469,39,1508,0.1388
1474,36,1510,0.1388
1461,36,1497,0.1388
1472,37,1509,0.1388
1466,36,1502,0.1388
1471,38,1509,0.1388
1446,38,1484,0.1388
1442,39,1481,0.1388
1453,38,1491,0.1388
1464,39,1503,0.1388
1464,41,1505,0.1388
1456,40,1496,0.1388
1452,41,1493,0.1388
1451,41,1492,0.1388
1437,41,1478,0.1388
1435,41,1476,0.1388
1437,42,1479,0.1388
1430,39,1469,0.1388
1434,39,1473,0.1388
1448,39,1487,0.1388
1459,39,1498,0.1388
1463,40,1503,0.1388
1448,41,1489,0.1388
1450,44,1494,0.1388
1441,45,1486,0.1388
1438,44,1482,0.1388
1442,47,1489,0.1388
1451,44,1495,0.1388
1456,43,1499,0.1388
1456,44,1500,0.1388
1456,44,1500,0.1388
1434,46,1480,0.1388
1435,44,1479,0.1388
1441,46,1487,0.1388
1446,45,1491,0.1388
1443,44,1487,0.1388
1463,41,1504,0.1388
1465,42,1507,0.1388
1463,40,1503,0.1388
1462,40,1502,0.1388
1460,37,1497,0.1388
1455,37,1492,0.1388
1457,36,1493,0.1388
1457,34,1491,0.1388
1458,36,1494,0.1388
1470,36,1506,0.1388
1458,37,1495,0.1388
1454,37,1491,0.1388
1454,38,1492,0.1388
1457,39,1496,0.1388
1455,40,1495,0.1388
1453,38,1491,0.1388
1456,37,1493,0.1388
1463,37,1500,0.1388
1458,35,1493,0.1388
1453,36,1489,0.1388
1455,36,1491,0.1388
1452,37,1489,0.1388
1447,39,1486,0.1388
1439,40,1479,0.1388
1452,40,1492,0.1388
1461,42,1503,0.1388
1458,42,1500,0.1388
1441,42,1483,0.1388
1441,43,1484,0.1388
1437,41,1478,0.1388
1440,44,1484,0.1388
1440,45,1485,0.1388
1443,46,1489,0.1388
1442,48,1490,0.1388
1441,49,1490,0.1388
1431,52,1483,0.1388
1441,51,1492,0.1388
1444,54,1498,0.1388
1434,55,1489,0.1388
1435,56,1491,0.1388
1446,58,1504,0.1388
1438,59,1497,0.1388
1440,63,1503,0.1388
1426,62,1488,0.1388
1444,61,1505,0.1388
1439,61,1500,0.1388
1430,62,1492,0.1388
1432,61,1493,0.1388
1438,61,1499,0.1388
1438,59,1497,0.1388
1437,56,1493,0.1388
1429,57,1486,0.1388
1432,55,1487,0.1388
1427,58,1485,0.1388
1425,58,1483,0.1388
1424,56,1480,0.1388
1415,60,1475,0.1388
1425,60,1485,0.1388
1438,62,1500,0.1388
1442,63,1505,0.1388
1428,64,1492,0.1388
1412,62,1474,0.1388
1408,60,1468,0.1388
1421,60,1481,0.1388
1421,67,1488,0.1388
1420,66,1486,0.1388
1420,69,1489,0.1388
1403,69,1472,0.1388
1416,70,1486,0.1388
1405,70,1475,0.1388
1411,70,1481,0.1388
1404,71,1475,0.1388
1417,76,1493,0.1388
1417,78,1495,0.1388
1408,82,1490,0.1388
1390,84,1474,0.1388
1404,83,1487,0.1388
1412,81,1493,0.1388
1410,80,1490,0.1388
1413,83,1496,0.1388
1406,83,1489,0.1388
1405,80,1485,0.1388
1399,85,1484,0.1388
1404,84,1488,0.1388
1399,80,1479,0.1388
1404,78,1482,0.1388
1412,79,1491,0.1388
1405,81,1486,0.1388
1406,85,1491,0.1388
1411,85,1496,0.1388
1409,85,1494,0.1388
1418,83,1501,0.1388
1419,82,1501,0.1388
1416,83,1499,0.1388
1420,85,1505,0.1388
1415,85,1500,0.1388
1413,85,1498,0.1388
1410,84,1494,0.1388
1415,85,1500,0.1388
1413,88,1501,0.1388
1423,88,1511,0.1388
1421,86,1507,0.1388
1411,81,1492,0.1388
1414,81,1495,0.1388
1413,82,1495,0.1388
1428,85,1513,0.1388
1417,83,1500,0.1388
1423,83,1506,0.1388
1417,84,1501,0.1388
1406,88,1494,0.1388
1412,88,1500,0.1388
1418,90,1508,0.1388
1415,91,1506,0.1388
1418,92,1510,0.1388
1409,93,1502,0.1388
1409,92,1501,0.1388
1410,92,1502,0.1388
1391,97,1488,0.1388
1406,100,1506,0.1388
1400,96,1496,0.1388
1410,92,1502,0.1388
1411,88,1499,0.1388
1418,87,1505,0.1388
1413,83,1496,0.1388
1419,86,1505,0.1388
1412,86,1498,0.1388
1402,84,1486,0.1388
1405,85,1490,0.1388
1405,88,1493,0.1388
1420,88,1508,0.1388
1404,83,1487,0.1388
1404,86,1490,0.1388
1400,86,1486,0.1388
1412,86,1498,0.1388
1414,88,1502,0.1388
1409,89,1498,0.1388
1414,88,1502,0.1388
1419,92,1511,0.1388
1415,94,1509,0.1388
1407,90,1497,0.1388
1403,94,1497,0.1388
1409,92,1501,0.1388
1400,94,1494,0.1388
1407,96,1503,0.1388
1407,96,1503,0.1388
1408,98,1506,0.1388
1411,96,1507,0.1388
1409,97,1506,0.1388
1392,96,1488,0.1388
1398,93,1491,0.1388
1393,95,1488,0.1388
1392,97,1489,0.1388
1384,100,1484,0.1388
1382,99,1481,0.1388
1394,98,1492,0.1388
1390,99,1489,0.1388
1401,98,1499,0.1388
1380,98,1478,0.1388
1384,95,1479,0.1388
1387,96,1483,0.1388
1387,102,1489,0.1388
1384,102,1486,0.1388
1381,101,1482,0.1388
1384,102,1486,0.1388
1387,98,1485,0.1388
1384,101,1485,0.1388
1393,99,1492,0.1388
1401,101,1502,0.1388
1404,101,1505,0.1388
1407,106,1513,0.1388
1390,105,1495,0.1388
1397,106,1503,0.1388
1397,107,1504,0.1388
1386,106,1492,0.1388
1395,104,1499,0.1388
1396,102,1498,0.1388
1401,100,1501,0.1388
1381,97,1478,0.1388
1386,100,1486,0.1388
1394,101,1495,0.1388
1385,106,1491,0.1388
1377,106,1483,0.1388
1384,102,1486,0.1388
1378,103,1481,0.1388
1392,99,1491,0.1388
1396,100,1496,0.1388
1388,98,1486,0.1388
1396,100,1496,0.1388
1400,101,1501,0.1388
1402,99,1501,0.1388
1407,97,1504,0.1388
1415,95,1510,0.1388
1404,94,1498,0.1388
1401,96,1497,0.1388
1408,97,1505,0.1388
1393,96,1489,0.1388
1398,95,1493,0.1388
1390,96,1486,0.1388
1389,99,1488,0.1388
1390,96,1486,0.1388
1387,97,1484,0.1388
1387,97,1484,0.1388
1396,101,1497,0.1388
1395,97,1492,0.1388
1383,97,1480,0.1388
1381,99,1480,0.1388
1391,100,1491,0.1388
1396,100,1496,0.1388
1388,102,1490,0.1388
1399,103,1502,0.1388
1402,106,1508,0.1388
1396,106,1502,0.1388
1409,104,1513,0.1388
1399,107,1506,0.1388
1395,108,1503,0.1388
1380,111,1491,0.1388
1393,108,1501,0.1388
1388,109,1497,0.1388
1384,108,1492,0.1388
1385,109,1494,0.1388
1383,111,1494,0.1388
1374,106,1480,0.1388
1386,107,1493,0.1388
1394,111,1505,0.1388
1398,110,1508,0.1388
1396,112,1508,0.1388
1387,114,1501,0.1388
1386,115,1501,0.1388
1394,114,1508,0.1388
1393,120,1513,0.1388
1382,120,1502,0.1388
1388,119,1507,0.1388
1388,118,1506,0.1388
1369,116,1485,0.1388
1382,118,1500,0.1388
1381,120,1501,0.1388
1376,122,1498,0.1388
1377,125,1502,0.1388
1375,127,1502,0.1388
1369,127,1496,0.1388
1369,129,1498,0.1388
1377,127,1504,0.1388
1372,128,1500,0.1388
1375,127,1502,0.1388
1362,128,1490,0.1388
1380,127,1507,0.1388
1367,129,1496,0.1388
1363,127,1490,0.1388
1368,130,1498,0.1388
1373,129,1502,0.1388
1377,129,1506,0.1388
1381,127,1508,0.1388
1388,124,1512,0.1388
1397,126,1523,0.1388
1386,130,1516,0.1388
1391,124,1515,0.1388
1389,125,1514,0.1388
1383,125,1508,0.1388
1379,128,1507,0.1388
1373,128,1501,0.1388
1370,127,1497,0.1388
1371,128,1499,0.1388
1363,127,1490,0.1388
1370,129,1499,0.1388
1367,128,1495,0.1388
1381,133,1514,0.1388
1374,129,1503,0.1388
1372,126,1498,0.1388
1374,127,1501,0.1388
1369,125,1494,0.1388
1369,127,1496,0.1388
1365,127,1492,0.1388
1351,126,1477,0.1388
1374,125,1499,0.1388
1372,123,1495,0.1388
1374,123,1497,0.1388
1379,125,1504,0.1388
1378,127,1505,0.1388
1368,125,1493,0.1388
1359,126,1485,0.1388
1363,126,1489,0.1388
1368,125,1493,0.1388
1359,125,1484,0.1388
1356,126,1482,0.1388
1364,126,1490,0.1388
1386,130,1516,0.1388
1386,129,1515,0.1388
1366,131,1497,0.1388
1365,131,1496,0.1388
1357,127,1484,0.1388
1358,127,1485,0.1388
1357,132,1489,0.1388
1362,127,1489,0.1388
1360,127,1487,0.1388
1344,129,1473,0.1388
1346,136,1482,0.1388
1344,138,1482,0.1388
1355,139,1494,0.1388
1353,142,1495,0.1388
1352,143,1495,0.1388
1342,144,1486,0.1388
1351,148,1499,0.1388
1344,144,1488,0.1388
1336,147,1483,0.1388
1335,146,1481,0.1388
1333,148,1481,0.1388
1343,145,1488,0.1388
1337,143,1480,0.1388
1348,147,1495,0.1388
1350,150,1500,0.1388
1361,149,1510,0.1388
1364,149,1513,0.1388
1362,156,1518,0.1388
1356,155,1511,0.1388
1355,155,1510,0.1388
1356,157,1513,0.1388
1347,162,1509,0.1388
1333,166,1499,0.1388
1330,167,1497,0.1388
1335,170,1505,0.1388
1328,175,1503,0.1388
1338,172,1510,0.1388
1348,173,1521,0.1388
1351,172,1523,0.1388
1350,170,1520,0.1388
1351,172,1523,0.1388
1344,171,1515,0.1388
1341,171,1512,0.1388
1328,170,1498,0.1388
1324,169,1493,0.1388
1325,175,1500,0.1388
1329,176,1505,0.1388
1329,177,1506,0.1388
1318,179,1497,0.1388
1316,188,1504,0.1388
1318,188,1506,0.1388
1308,187,1495,0.1388
1306,183,1489,0.1388
1304,187,1491,0.1388
1303,183,1486,0.1388
1311,182,1493,0.1388
1327,189,1516,0.1388
1316,191,1507,0.1388
1309,191,1500,0.1388
1299,189,1488,0.1388
1310,188,1498,0.1388
1317,186,1503,0.1388
1326,190,1516,0.1388
1314,191,1505,0.1388
1315,192,1507,0.1388
1319,193,1512,0.1388
1322,191,1513,0.1388
1325,189,1514,0.1388
1321,189,1510,0.1388
1318,191,1509,0.1388
1318,192,1510,0.1388
1297,196,1493,0.1388
1303,197,1500,0.1388
1303,196,1499,0.1388
1291,200,1491,0.1388
1299,195,1494,0.1388
1310,197,1507,0.1388
1311,201,1512,0.1388
1307,202,1509,0.1388
1307,207,1514,0.1388
1307,205,1512,0.1388
1314,201,1515,0.1388
1302,203,1505,0.1388
1304,205,1509,0.1388
1303,206,1509,0.1388
1289,203,1492,0.1388
1295,205,1500,0.1388
1295,205,1500,0.1388
1284,205,1489,0.1388
1281,209,1490,0.1388
1285,205,1490,0.1388
1284,205,1489,0.1388
1296,204,1500,0.1388
1295,208,1503,0.1388
1287,205,1492,0.1388
1296,206,1502,0.1388
1288,208,1496,0.1388
1289,209,1498,0.1388
1289,209,1498,0.1388
1275,209,1484,0.1388
1289,211,1500,0.1388
1295,212,1507,0.1388
1300,215,1515,0.1388
1289,211,1500,0.1388
1300,208,1508,0.1388
1301,208,1509,0.1388
1298,210,1508,0.1388
1305,212,1517,0.1388
1298,210,1508,0.1388
1288,214,1502,0.1388
1279,209,1488,0.1388
1290,213,1503,0.1388
1290,216,1506,0.1388
1275,211,1486,0.1388
1279,208,1487,0.1388
1275,214,1489,0.1388
1269,215,1484,0.1388
1256,212,1468,0.1388
1261,214,1475,0.1388
1275,211,1486,0.1388
1268,214,1482,0.1388
1261,216,1477,0.1388
1261,212,1473,0.1388
1259,217,1476,0.1388
1270,219,1489,0.1388
1270,223,1493,0.1388
1267,221,1488,0.1388
1265,221,1486,0.1388
1272,228,1500,0.1388
1267,230,1497,0.1388
1264,236,1500,0.1388
1266,236,1502,0.1388
1269,237,1506,0.1388
1276,234,1510,0.1388
1278,230,1508,0.1388
1269,232,1501,0.1388
1275,233,1508,0.1388
1285,233,1518,0.1388
1282,230,1512,0.1388
1287,232,1519,0.1388
1279,228,1507,0.1388
1277,233,1510,0.1388
1272,230,1502,0.1388
1269,227,1496,0.1388
1262,229,1491,0.1388
1276,230,1506,0.1388
1267,231,1498,0.1388
1262,231,1493,0.1388
1258,236,1494,0.1388
1251,236,1487,0.1388
1262,242,1504,0.1388
1261,237,1498,0.1388
1262,240,1502,0.1388
1263,243,1506,0.1388
1253,243,1496,0.1388
1249,243,1492,0.1388
1252,247,1499,0.1388
1255,252,1507,0.1388
1258,247,1505,0.1388
1247,252,1499,0.1388
1250,254,1504,0.1388
1249,255,1504,0.1388
1251,254,1505,0.1388
1262,251,1513,0.1388
1263,244,1507,0.1388
1263,249,1512,0.1388
1248,245,1493,0.1388
1235,247,1482,0.1388
1239,243,1482,0.1388
1247,248,1495,0.1388
1248,247,1495,0.1388
1255,246,1501,0.1388
1264,248,1512,0.1388
1261,246,1507,0.1388
1256,246,1502,0.1388
1250,249,1499,0.1388
1252,248,1500,0.1388
1240,252,1492,0.1388
1226,261,1487,0.1388
1225,266,1491,0.1388
1244,263,1507,0.1388
1257,257,1514,0.1388
1267,256,1523,0.1388
1255,256,1511,0.1388
1251,258,1509,0.1388
1252,254,1506,0.1388
1237,260,1497,0.1388
1238,261,1499,0.1388
1239,260,1499,0.1388
1249,266,1515,0.1388
1250,262,1512,0.1388
1258,261,1519,0.1388
1248,262,1510,0.1388
1241,259,1500,0.1388
1251,259,1510,0.1388
1248,253,1501,0.1388
1245,253,1498,0.1388
1250,258,1508,0.1388
1230,258,1488,0.1388
1237,258,1495,0.1388
1230,264,1494,0.1388
1247,266,1513,0.1388
1230,258,1488,0.1388
1226,257,1483,0.1388
1247,261,1508,0.1388
1237,267,1504,0.1388
1237,261,1498,0.1388
1240,266,1506,0.1388
1242,264,1506,0.1388
1239,264,1503,0.1388
1240,267,1507,0.1388
1238,262,1500,0.1388
1225,261,1486,0.1388
1221,259,1480,0.1388
1222,261,1483,0.1388
1221,266,1487,0.1388
1233,265,1498,0.1388
1237,271,1508,0.1388
1230,273,1503,0.1388
1234,269,1503,0.1388
1226,267,1493,0.1388
1233,274,1507,0.1388
1228,274,1502,0.1388
1229,280,1509,0.1388
1228,281,1509,0.1388
1213,281,1494,0.1388
1219,277,1496,0.1388
1215,278,1493,0.1388
1220,280,1500,0.1388
1211,286,1497,0.1388
1213,288,1501,0.1388
1215,281,1496,0.1388
1218,287,1505,0.1388
1212,298,1510,0.1388
1209,295,1504,0.1388
1197,293,1490,0.1388
1196,296,1492,0.1388
1200,298,1498,0.1388
1195,297,1492,0.1388
1197,296,1493,0.1388
1205,297,1502,0.1388
1199,304,1503,0.1388
1207,299,1506,0.1388
1207,298,1505,0.1388
1205,306,1511,0.1388
1198,312,1510,0.1388
1198,299,1497,0.1388
1195,300,1495,0.1388
1194,299,1493,0.1388
1202,299,1501,0.1388
1197,295,1492,0.1388
1208,297,1505,0.1388
1195,296,1491,0.1388
1188,299,1487,0.1388
1187,298,1485,0.1388
1195,297,1492,0.1388
1193,301,1494,0.1388
1193,306,1499,0.1388
1175,303,1478,0.1388
1164,299,1463,0.1388
1186,301,1487,0.1388
1188,304,1492,0.1388
1189,304,1493,0.1388
1194,310,1504,0.1388
1200,318,1518,0.1388
1188,321,1509,0.1388
1192,326,1518,0.1388
1183,323,1506,0.1388
1179,323,1502,0.1388
1176,322,1498,0.1388
1186,321,1507,0.1388
1186,325,1511,0.1388
1179,330,1509,0.1388
1167,330,1497,0.1388
1170,332,1502,0.1388
1160,335,1495,0.1388
1168,339,1507,0.1388
1159,345,1504,0.1388
1158,344,1502,0.1388
1149,342,1491,0.1388
1142,340,1482,0.1388
1131,352,1483,0.1388
1141,347,1488,0.1388
1149,358,1507,0.1388
1145,358,1503,0.1388
1144,362,1506,0.1388
1137,360,1497,0.1388
1143,361,1504,0.1388
1144,351,1495,0.1388
1155,349,1504,0.1388
1153,348,1501,0.1388
1156,351,1507,0.1388
1152,351,1503,0.1388
1150,345,1495,0.1388
1140,346,1486,0.1388
1136,346,1482,0.1388
1156,349,1505,0.1388
1156,355,1511,0.1388
1155,358,1513,0.1388
1137,353,1490,0.1388
1141,350,1491,0.1388
1145,351,1496,0.1388
1144,351,1495,0.1388
1136,354,1490,0.1388
1138,347,1485,0.1388
1144,347,1491,0.1388
1144,354,1498,0.1388
1141,361,1502,0.1388
1141,357,1498,0.1388
1142,366,1508,0.1388
1140,362,1502,0.1388
1132,362,1494,0.1388
1141,367,1508,0.1388
1142,362,1504,0.1388
1140,368,1508,0.1388
1135,374,1509,0.1388
1126,375,1501,0.1388
1123,370,1493,0.1388
1131,371,1502,0.1388
1129,377,1506,0.1388
1129,376,1505,0.1388
1127,363,1490,0.1388
1134,368,1502,0.1388
1133,366,1499,0.1388
1137,361,1498,0.1388
1139,360,1499,0.1388
1141,359,1500,0.1388
1129,356,1485,0.1388
1132,358,1490,0.1388
1140,360,1500,0.1388
1139,366,1505,0.1388
1146,367,1513,0.1388
1157,362,1519,0.1388
1143,360,1503,0.1388
1140,363,1503,0.1388
1131,364,1495,0.1388
1134,363,1497,0.1388
1137,363,1500,0.1388
1136,363,1499,0.1388
1134,360,1494,0.1388
1137,356,1493,0.1388
1131,357,1488,0.1388
1142,359,1501,0.1388
1143,362,1505,0.1388
1148,359,1507,0.1388
1136,355,1491,0.1388
1134,361,1495,0.1388
1142,364,1506,0.1388
1132,368,1500,0.1388
1129,370,1499,0.1388
1128,374,1502,0.1388
1117,367,1484,0.1388
1117,367,1484,0.1388
1116,374,1490,0.1388
1114,375,1489,0.1388
1116,381,1497,0.1388
1117,386,1503,0.1388
1118,393,1511,0.1388
1120,390,1510,0.1388
1120,391,1511,0.1388
1110,391,1501,0.1388
1113,389,1502,0.1388
1109,388,1497,0.1388
1103,391,1494,0.1388
1098,392,1490,0.1388
1100,394,1494,0.1388
1090,397,1487,0.1388
1099,398,1497,0.1388
1092,395,1487,0.1388
1095,399,1494,0.1388
1101,394,1495,0.1388
1107,396,1503,0.1388
1092,404,1496,0.1388
1097,404,1501,0.1388
1095,398,1493,0.1388
1102,396,1498,0.1388
1087,397,1484,0.1388
1103,396,1499,0.1388
1113,390,1503,0.1388
1110,393,1503,0.1388
1109,392,1501,0.1388
1110,389,1499,0.1388
1117,398,1515,0.1388
1119,403,1522,0.1388
1113,403,1516,0.1388
1097,405,1502,0.1388
1094,402,1496,0.1388
1083,406,1489,0.1388
1087,402,1489,0.1388
1085,410,1495,0.1388
1090,408,1498,0.1388
1095,416,1511,0.1388
1088,417,1505,0.1388
1097,415,1512,0.1388
1078,419,1497,0.1388
1072,418,1490,0.1388
1079,423,1502,0.1388
1068,419,1487,0.1388
1056,425,1481,0.1388
1066,417,1483,0.1388
1067,428,1495,0.1388
1069,430,1499,0.1388
1058,437,1495,0.1388
1051,441,1492,0.1388
1056,444,1500,0.1388
1061,435,1496,0.1388
1066,443,1509,0.1388
1064,446,1510,0.1388
1054,451,1505,0.1388
1057,446,1503,0.1388
1056,445,1501,0.1388
1052,448,1500,0.1388
1056,448,1504,0.1388
1056,452,1508,0.1388
1063,449,1512,0.1388
1067,449,1516,0.1388
1063,449,1512,0.1388
1056,450,1506,0.1388
1050,453,1503,0.1388
1055,457,1512,0.1388
1051,464,1515,0.1388
1041,460,1501,0.1388
1032,464,1496,0.1388
1043,464,1507,0.1388
1043,461,1504,0.1388
1034,469,1503,0.1388
1040,465,1505,0.1388
1043,466,1509,0.1388
1041,466,1507,0.1388
1040,469,1509,0.1388
1037,467,1504,0.1388
1031,469,1500,0.1388
1024,470,1494,0.1388
1026,467,1493,0.1388
1020,469,1489,0.1388
1016,477,1493,0.1388
1009,472,1481,0.1388
1019,479,1498,0.1388
1019,483,1502,0.1388
1023,484,1507,0.1388
1017,482,1499,0.1388
1017,488,1505,0.1388
1019,488,1507,0.1388
1026,493,1519,0.1388
1017,495,1512,0.1388
1024,495,1519,0.1388
1018,496,1514,0.1388
1016,499,1515,0.1388
1016,500,1516,0.1388
1003,503,1506,0.1388
1004,513,1517,0.1388
1002,507,1509,0.1388
993,506,1499,0.1388
992,516,1508,0.1388
985,517,1502,0.1388
977,513,1490,0.1388
982,506,1488,0.1388
996,500,1496,0.1388
999,501,1500,0.1388
997,494,1491,0.1388
994,492,1486,0.1388
983,501,1484,0.1388
990,500,1490,0.1388
988,504,1492,0.1388
988,515,1503,0.1388
984,515,1499,0.1388
981,519,1500,0.1388
980,517,1497,0.1388
977,520,1497,0.1388
977,522,1499,0.1388
980,527,1507,0.1388
975,527,1502,0.1388
972,529,1501,0.1388
982,535,1517,0.1388
972,540,1512,0.1388
977,539,1516,0.1388
965,539,1504,0.1388
971,543,1514,0.1388
963,545,1508,0.1388
964,539,1503,0.1388
968,540,1508,0.1388
962,541,1503,0.1388
965,542,1507,0.1388
964,548,1512,0.1388
959,554,1513,0.1388
950,548,1498,0.1388
951,553,1504,0.1388
953,556,1509,0.1388
959,563,1522,0.1388
949,564,1513,0.1388
949,552,1501,0.1388
948,558,1506,0.1388
950,558,1508,0.1388
955,559,1514,0.1388
945,560,1505,0.1388
955,561,1516,0.1388
950,559,1509,0.1388
949,566,1515,0.1388
949,568,1517,0.1388
949,561,1510,0.1388
942,561,1503,0.1388
940,568,1508,0.1388
932,574,1506,0.1388
930,564,1494,0.1388
926,572,1498,0.1388
922,571,1493,0.1388
925,573,1498,0.1388
929,567,1496,0.1388
932,578,1510,0.1388
939,571,1510,0.1388
944,561,1505,0.1388
935,566,1501,0.1388
935,566,1501,0.1388
931,553,1484,0.1388
933,559,1492,0.1388
945,564,1509,0.1388
950,557,1507,0.1388
945,560,1505,0.1388
944,554,1498,0.1388
940,558,1498,0.1388
937,566,1503,0.1388
942,570,1512,0.1388
944,570,1514,0.1388
933,573,1506,0.1388
924,579,1503,0.1388
926,577,1503,0.1388
927,583,1510,0.1388
933,579,1512,0.1388
927,582,1509,0.1388
923,578,1501,0.1388
921,580,1501,0.1388
915,590,1505,0.1388
922,587,1509,0.1388
917,591,1508,0.1388
915,589,1504,0.1388
912,584,1496,0.1388
913,585,1498,0.1388
916,586,1502,0.1388
918,582,1500,0.1388
922,578,1500,0.1388
928,572,1500,0.1388
926,581,1507,0.1388
923,579,1502,0.1388
920,585,1505,0.1388
915,587,1502,0.1388
914,579,1493,0.1388
924,582,1506,0.1388
923,574,1497,0.1388
928,579,1507,0.1388
921,578,1499,0.1388
928,575,1503,0.1388
927,570,1497,0.1388
921,571,1492,0.1388
926,571,1497,0.1388
926,567,1493,0.1388
918,579,1497,0.1388
922,585,1507,0.1388
922,583,1505,0.1388
930,582,1512,0.1388
925,584,1509,0.1388
921,579,1500,0.1388
925,585,1510,0.1388
924,596,1520,0.1388
919,598,1517,0.1388
916,591,1507,0.1388
909,594,1503,0.1388
910,586,1496,0.1388
923,583,1506,0.1388
930,583,1513,0.1388
924,580,1504,0.1388
915,585,1500,0.1388
904,584,1488,0.1388
899,584,1483,0.1388
901,590,1491,0.1388
910,590,1500,0.1388
916,592,1508,0.1388
917,587,1504,0.1388
924,586,1510,0.1388
921,583,1504,0.1388
918,589,1507,0.1388
913,584,1497,0.1388
911,589,1500,0.1388
914,597,1511,0.1388
907,602,1509,0.1388
907,602,1509,0.1388
900,601,1501,0.1388
892,610,1502,0.1388
888,611,1499,0.1388
890,614,1504,0.1388
881,617,1498,0.1388
888,617,1505,0.1388
896,619,1515,0.1388
897,623,1520,0.1388
890,622,1512,0.1388
874,620,1494,0.1388
883,620,1503,0.1388
881,616,1497,0.1388
889,615,1504,0.1388
892,612,1504,0.1388
898,614,1512,0.1388
901,610,1511,0.1388
902,610,1512,0.1388
893,620,1513,0.1388
891,619,1510,0.1388
879,618,1497,0.1388
873,608,1481,0.1388
875,611,1486,0.1388
874,621,1495,0.1388
880,615,1495,0.1388
879,622,1501,0.1388
865,621,1486,0.1388
867,615,1482,0.1388
871,616,1487,0.1388
870,621,1491,0.1388
868,630,1498,0.1388
871,629,1500,0.1388
875,631,1506,0.1388
881,630,1511,0.1388
883,630,1513,0.1388
882,631,1513,0.1388
882,627,1509,0.1388
882,633,1515,0.1388
868,628,1496,0.1388
866,631,1497,0.1388
875,632,1507,0.1388
866,636,1502,0.1388
863,641,1504,0.1388
859,634,1493,0.1388
863,633,1496,0.1388
864,637,1501,0.1388
855,648,1503,0.1388
864,649,1513,0.1388
855,646,1501,0.1388
861,648,1509,0.1388
861,650,1511,0.1388
866,648,1514,0.1388
859,637,1496,0.1388
868,641,1509,0.1388
870,644,1514,0.1388
864,649,1513,0.1388
858,659,1517,0.1388
855,650,1505,0.1388
848,654,1502,0.1388
852,651,1503,0.1388
862,646,1508,0.1388
855,653,1508,0.1388
851,654,1505,0.1388
850,652,1502,0.1388
862,646,1508,0.1388
855,644,1499,0.1388
851,647,1498,0.1388
844,646,1490,0.1388
848,656,1504,0.1388
836,650,1486,0.1388
847,655,1502,0.1388
839,662,1501,0.1388
845,660,1505,0.1388
849,657,1506,0.1388
850,662,1512,0.1388
851,665,1516,0.1388
851,668,1519,0.1388
856,658,1514,0.1388
855,658,1513,0.1388
852,661,1513,0.1388
850,665,1515,0.1388
842,666,1508,0.1388
831,671,1502,0.1388
828,668,1496,0.1388
840,671,1511,0.1388
833,670,1503,0.1388
825,667,1492,0.1388
816,675,1491,0.1388
826,678,1504,0.1388
827,677,1504,0.1388
843,673,1516,0.1388
834,672,1506,0.1388
851,675,1526,0.1388
845,676,1521,0.1388
826,678,1504,0.1388
832,673,1505,0.1388
825,680,1505,0.1388
825,680,1505,0.1388
828,679,1507,0.1388
829,684,1513,0.1388
826,687,1513,0.1388
827,685,1512,0.1388
830,685,1515,0.1388
828,681,1509,0.1388
830,689,1519,0.1388
833,692,1525,0.1388
827,690,1517,0.1388
819,692,1511,0.1388
823,690,1513,0.1388
814,691,1505,0.1388
817,691,1508,0.1388
822,679,1501,0.1388
827,682,1509,0.1388
823,678,1501,0.1388
818,675,1493,0.1388
818,682,1500,0.1388
809,687,1496,0.1388
810,693,1503,0.1388
808,692,1500,0.1388
822,696,1518,0.1388
819,691,1510,0.1388
813,703,1516,0.1388
814,709,1523,0.1388
801,713,1514,0.1388
797,711,1508,0.1388
792,703,1495,0.1388
789,703,1492,0.1388
796,703,1499,0.1388
797,697,1494,0.1388
804,694,1498,0.1388
797,698,1495,0.1388
793,699,1492,0.1388
803,703,1506,0.1388
794,700,1494,0.1388
796,707,1503,0.1388
789,706,1495,0.1388
780,708,1488,0.1388
780,722,1502,0.1388
782,726,1508,0.1388
770,718,1488,0.1388
773,725,1498,0.1388
772,728,1500,0.1388
779,732,1511,0.1388
778,727,1505,0.1388
774,726,1500,0.1388
778,731,1509,0.1388
787,726,1513,0.1388
792,723,1515,0.1388
799,716,1515,0.1388
794,740,1534,0.1388
783,731,1514,0.1388
780,724,1504,0.1388
791,728,1519,0.1388
790,727,1517,0.1388
781,722,1503,0.1388
770,726,1496,0.1388
766,727,1493,0.1388
762,728,1490,0.1388
773,722,1495,0.1388
770,721,1491,0.1388
767,732,1499,0.1388
762,733,1495,0.1388
747,738,1485,0.1388
752,737,1489,0.1388
750,737,1487,0.1388
759,744,1503,0.1388
758,755,1513,0.1388
751,758,1509,0.1388
755,756,1511,0.1388
761,754,1515,0.1388
763,757,1520,0.1388
753,754,1507,0.1388
747,762,1509,0.1388
747,757,1504,0.1388
735,751,1486,0.1388
735,756,1491,0.1388
742,744,1486,0.1388
744,746,1490,0.1388
740,752,1492,0.1388
747,754,1501,0.1388
756,758,1514,0.1388
750,758,1508,0.1388
757,765,1522,0.1388
745,770,1515,0.1388
740,767,1507,0.1388
727,768,1495,0.1388
731,766,1497,0.1388
731,775,1506,0.1388
737,780,1517,0.1388
742,783,1525,0.1388
736,787,1523,0.1388
732,781,1513,0.1388
726,781,1507,0.1388
725,779,1504,0.1388
723,787,1510,0.1388
729,782,1511,0.1388
723,775,1498,0.1388
731,769,1500,0.1388
729,776,1505,0.1388
726,775,1501,0.1388
723,773,1496,0.1388
723,778,1501,0.1388
730,781,1511,0.1388
730,787,1517,0.1388
727,784,1511,0.1388
732,775,1507,0.1388
734,773,1507,0.1388
734,782,1516,0.1388
728,791,1519,0.1388
724,794,1518,0.1388
726,797,1523,0.1388
732,788,1520,0.1388
720,787,1507,0.1388
719,792,1511,0.1388
718,784,1502,0.1388
714,780,1494,0.1388
710,789,1499,0.1388
716,794,1510,0.1388
716,795,1511,0.1388
710,797,1507,0.1388
709,802,1511,0.1388
715,800,1515,0.1388
711,790,1501,0.1388
708,796,1504,0.1388
700,803,1503,0.1388
702,799,1501,0.1388
688,810,1498,0.1388
696,808,1504,0.1388
690,823,1513,0.1388
691,827,1518,0.1388
682,821,1503,0.1388
696,819,1515,0.1388
692,820,1512,0.1388
695,822,1517,0.1388
692,817,1509,0.1388
690,813,1503,0.1388
681,815,1496,0.1388
685,823,1508,0.1388
690,825,1515,0.1388
686,821,1507,0.1388
675,827,1502,0.1388
675,842,1517,0.1388
691,828,1519,0.1388
694,819,1513,0.1388
689,818,1507,0.1388
680,826,1506,0.1388
673,822,1495,0.1388
671,827,1498,0.1388
664,841,1505,0.1388
663,838,1501,0.1388
673,841,1514,0.1388
669,839,1508,0.1388
665,832,1497,0.1388
668,831,1499,0.1388
657,839,1496,0.1388
657,832,1489,0.1388
655,841,1496,0.1388
648,850,1498,0.1388
657,857,1514,0.1388
656,847,1503,0.1388
654,853,1507,0.1388
645,863,1508,0.1388
652,865,1517,0.1388
650,866,1516,0.1388
651,865,1516,0.1388
647,864,1511,0.1388
654,858,1512,0.1388
661,858,1519,0.1388
661,853,1514,0.1388
660,848,1508,0.1388
654,847,1501,0.1388
652,842,1494,0.1388
657,845,1502,0.1388
661,850,1511,0.1388
652,848,1500,0.1388
657,850,1507,0.1388
657,853,1510,0.1388
659,852,1511,0.1388
664,851,1515,0.1388
667,846,1513,0.1388
670,841,1511,0.1388
669,841,1510,0.1388
656,836,1492,0.1388
657,833,1490,0.1388
651,828,1479,0.1388
658,831,1489,0.1388
661,843,1504,0.1388
653,847,1500,0.1388
667,842,1509,0.1388
662,840,1502,0.1388
662,832,1494,0.1388
662,843,1505,0.1388
654,835,1489,0.1388
659,845,1504,0.1388
658,845,1503,0.1388
652,837,1489,0.1388
657,844,1501,0.1388
651,857,1508,0.1388
655,842,1497,0.1388
660,840,1500,0.1388
666,842,1508,0.1388
659,830,1489,0.1388
662,838,1500,0.1388
659,848,1507,0.1388
664,841,1505,0.1388
662,848,1510,0.1388
659,857,1516,0.1388
664,852,1516,0.1388
669,847,1516,0.1388
668,848,1516,0.1388
665,849,1514,0.1388
663,853,1516,0.1388
664,843,1507,0.1388
659,851,1510,0.1388
657,843,1500,0.1388
664,850,1514,0.1388
661,853,1514,0.1388
662,846,1508,0.1388
663,831,1494,0.1388
673,833,1506,0.1388
668,840,1508,0.1388
675,844,1519,0.1388
664,844,1508,0.1388
660,844,1504,0.1388
657,845,1502,0.1388
655,846,1501,0.1388
661,842,1503,0.1388
653,840,1493,0.1388
650,849,1499,0.1388
649,848,1497,0.1388
658,850,1508,0.1388
660,849,1509,0.1388
659,842,1501,0.1388
650,845,1495,0.1388
656,850,1506,0.1388
647,852,1499,0.1388
648,855,1503,0.1388
646,854,1500,0.1388
649,859,1508,0.1388
654,848,1502,0.1388
656,854,1510,0.1388
647,842,1489,0.1388
655,851,1506,0.1388
646,858,1504,0.1388
641,858,1499,0.1388
644,856,1500,0.1388
640,863,1503,0.1388
638,869,1507,0.1388
638,871,1509,0.1388
640,875,1515,0.1388
631,869,1500,0.1388
625,866,1491,0.1388
632,876,1508,0.1388
638,878,1516,0.1388
630,877,1507,0.1388
636,878,1514,0.1388
637,877,1514,0.1388
625,891,1516,0.1388
622,895,1517,0.1388
611,887,1498,0.1388
604,878,1482,0.1388
607,891,1498,0.1388
609,889,1498,0.1388
605,896,1501,0.1388
606,904,1510,0.1388
604,912,1516,0.1388
619,908,1527,0.1388
614,913,1527,0.1388
610,910,1520,0.1388
613,897,1510,0.1388
617,900,1517,0.1388
613,907,1520,0.1388
605,899,1504,0.1388
614,902,1516,0.1388
610,910,1520,0.1388
607,899,1506,0.1388
604,905,1509,0.1388
596,913,1509,0.1388
598,915,1513,0.1388
600,915,1515,0.1388
596,905,1501,0.1388
606,899,1505,0.1388
608,899,1507,0.1388
595,904,1499,0.1388
601,906,1507,0.1388
586,908,1494,0.1388
599,911,1510,0.1388
605,921,1526,0.1388
603,913,1516,0.1388
592,915,1507,0.1388
596,916,1512,0.1388
599,908,1507,0.1388
594,902,1496,0.1388
597,914,1511,0.1388
592,911,1503,0.1388
596,906,1502,0.1388
595,907,1502,0.1388
602,901,1503,0.1388
590,898,1488,0.1388
590,911,1501,0.1388
589,914,1503,0.1388
588,916,1504,0.1388
595,923,1518,0.1388
595,921,1516,0.1388
598,911,1509,0.1388
594,912,1506,0.1388
596,921,1517,0.1388
601,911,1512,0.1388
597,921,1518,0.1388
594,920,1514,0.1388
593,911,1504,0.1388
589,906,1495,0.1388
587,915,1502,0.1388
581,925,1506,0.1388
572,930,1502,0.1388
571,926,1497,0.1388
566,925,1491,0.1388
576,916,1492,0.1388
576,913,1489,0.1388
576,918,1494,0.1388
575,917,1492,0.1388
579,928,1507,0.1388
574,925,1499,0.1388
575,920,1495,0.1388
573,916,1489,0.1388
571,916,1487,0.1388
579,927,1506,0.1388
576,931,1507,0.1388
564,935,1499,0.1388
571,922,1493,0.1388
573,930,1503,0.1388
573,938,1511,0.1388
571,938,1509,0.1388
568,934,1502,0.1388
571,941,1512,0.1388
573,950,1523,0.1388
584,933,1517,0.1388
573,939,1512,0.1388
573,943,1516,0.1388
571,932,1503,0.1388
569,936,1505,0.1388
572,931,1503,0.1388
577,931,1508,0.1388
570,940,1510,0.1388
569,941,1510,0.1388
573,946,1519,0.1388
566,931,1497,0.1388
562,938,1500,0.1388
563,942,1505,0.1388
573,938,1511,0.1388
570,933,1503,0.1388
573,937,1510,0.1388
570,933,1503,0.1388
581,932,1513,0.1388
579,947,1526,0.1388
576,947,1523,0.1388
566,945,1511,0.1388
561,937,1498,0.1388
569,942,1511,0.1388
571,948,1519,0.1388
558,945,1503,0.1388
562,939,1501,0.1388
558,936,1494,0.1388
567,937,1504,0.1388
575,938,1513,0.1388
577,944,1521,0.1388
564,943,1507,0.1388
563,944,1507,0.1388
566,950,1516,0.1388
568,945,1513,0.1388
566,939,1505,0.1388
567,930,1497,0.1388
558,937,1495,0.1388
561,934,1495,0.1388
561,943,1504,0.1388
549,940,1489,0.1388
543,946,1489,0.1388
537,954,1491,0.1388
539,950,1489,0.1388
543,963,1506,0.1388
543,962,1505,0.1388
536,947,1483,0.1388
533,950,1483,0.1388
536,960,1496,0.1388
531,972,1503,0.1388
535,970,1505,0.1388
544,962,1506,0.1388
547,950,1497,0.1388
539,959,1498,0.1388
544,959,1503,0.1388
536,959,1495,0.1388
529,964,1493,0.1388
542,964,1506,0.1388
550,960,1510,0.1388
542,959,1501,0.1388
539,967,1506,0.1388
536,961,1497,0.1388
535,963,1498,0.1388
533,976,1509,0.1388
540,972,1512,0.1388
534,979,1513,0.1388
520,980,1500,0.1388
520,966,1486,0.1388
524,969,1493,0.1388
527,965,1492,0.1388
533,968,1501,0.1388
534,962,1496,0.1388
522,956,1478,0.1388
532,966,1498,0.1388
537,967,1504,0.1388
536,978,1514,0.1388
541,972,1513,0.1388
544,977,1521,0.1388
539,979,1518,0.1388
541,979,1520,0.1388
535,979,1514,0.1388
543,978,1521,0.1388
539,986,1525,0.1388
539,987,1526,0.1388
538,995,1533,0.1388
532,980,1512,0.1388
535,983,1518,0.1388
533,989,1522,0.1388
531,984,1515,0.1388
529,982,1511,0.1388
529,983,1512,0.1388
529,981,1510,0.1388
538,979,1517,0.1388
542,986,1528,0.1388
536,978,1514,0.1388
533,988,1521,0.1388
525,992,1517,0.1388
522,1002,1524,0.1388
519,998,1517,0.1388
512,990,1502,0.1388
517,1000,1517,0.1388
522,999,1521,0.1388
519,993,1512,0.1388
517,996,1513,0.1388
522,999,1521,0.1388
509,996,1505,0.1388
509,987,1496,0.1388
509,982,1491,0.1388
506,985,1491,0.1388
508,1000,1508,0.1388
508,1006,1514,0.1388
503,1002,1505,0.1388
503,1008,1511,0.1388
508,999,1507,0.1388
510,1005,1515,0.1388
508,1002,1510,0.1388
508,1003,1511,0.1388
507,1009,1516,0.1388
500,1002,1502,0.1388
501,1011,1512,0.1388
510,1013,1523,0.1388
499,1014,1513,0.1388
507,1020,1527,0.1388
502,1014,1516,0.1388
501,1010,1511,0.1388
503,1006,1509,0.1388
503,1008,1511,0.1388
506,1013,1519,0.1388
504,1013,1517,0.1388
504,1019,1523,0.1388
499,1007,1506,0.1388
497,1011,1508,0.1388
495,1006,1501,0.1388
497,1008,1505,0.1388
492,1012,1504,0.1388
494,1003,1497,0.1388
494,1004,1498,0.1388
489,1001,1490,0.1388
489,1003,1492,0.1388
486,1017,1503,0.1388
486,1011,1497,0.1388
488,1004,1492,0.1388
484,1008,1492,0.1388
483,1025,1508,0.1388
487,1021,1508,0.1388
480,1025,1505,0.1388
481,1018,1499,0.1388
477,1026,1503,0.1388
480,1029,1509,0.1388
481,1025,1506,0.1388
478,1035,1513,0.1388
482,1029,1511,0.1388
481,1019,1500,0.1388
483,1025,1508,0.1388
482,1025,1507,0.1388
476,1022,1498,0.1388
467,1027,1494,0.1388
469,1042,1511,0.1388
472,1043,1515,0.1388
474,1039,1513,0.1388
470,1035,1505,0.1388
466,1034,1500,0.1388
468,1039,1507,0.1388
472,1054,1526,0.1388
472,1040,1512,0.1388
476,1035,1511,0.1388
472,1056,1528,0.1388
480,1047,1527,0.1388
482,1041,1523,0.1388
483,1043,1526,0.1388
481,1052,1533,0.1388
472,1054,1526,0.1388
469,1060,1529,0.1388
475,1055,1530,0.1388
472,1052,1524,0.1388
473,1060,1533,0.1388
474,1052,1526,0.1388
481,1053,1534,0.1388
477,1046,1523,0.1388
473,1045,1518,0.1388
472,1039,1511,0.1388
468,1038,1506,0.1388
464,1044,1508,0.1388
466,1040,1506,0.1388
462,1047,1509,0.1388
464,1043,1507,0.1388
460,1043,1503,0.1388
469,1053,1522,0.1388
464,1056,1520,0.1388
467,1052,1519,0.1388
468,1052,1520,0.1388
464,1058,1522,0.1388
462,1054,1516,0.1388
458,1058,1516,0.1388
453,1050,1503,0.1388
455,1061,1516,0.1388
455,1053,1508,0.1388
451,1064,1515,0.1388
457,1053,1510,0.1388
457,1046,1503,0.1388
457,1063,1520,0.1388
452,1064,1516,0.1388
450,1067,1517,0.1388
454,1061,1515,0.1388
454,1066,1520,0.1388
448,1069,1517,0.1388
447,1059,1506,0.1388
438,1056,1494,0.1388
442,1062,1504,0.1388
443,1054,1497,0.1388
443,1061,1504,0.1388
443,1055,1498,0.1388
433,1064,1497,0.1388
440,1059,1499,0.1388
441,1061,1502,0.1388
440,1053,1493,0.1388
440,1054,1494,0.1388
438,1054,1492,0.1388
440,1053,1493,0.1388
436,1058,1494,0.1388
438,1063,1501,0.1388
435,1071,1506,0.1388
448,1085,1533,0.1388
446,1084,1530,0.1388
439,1083,1522,0.1388
439,1074,1513,0.1388
439,1071,1510,0.1388
437,1076,1513,0.1388
429,1071,1500,0.1388
424,1079,1503,0.1388
431,1075,1506,0.1388
433,1084,1517,0.1388
430,1102,1532,0.1388
434,1100,1534,0.1388
438,1098,1536,0.1388
440,1094,1534,0.1388
436,1091,1527,0.1388
433,1083,1516,0.1388
430,1082,1512,0.1388
436,1085,1521,0.1388
431,1084,1515,0.1388
436,1085,1521,0.1388
432,1081,1513,0.1388
433,1086,1519,0.1388
433,1091,1524,0.1388
432,1089,1521,0.1388
421,1079,1500,0.1388
431,1073,1504,0.1388
429,1082,1511,0.1388
429,1093,1522,0.1388
427,1094,1521,0.1388
423,1094,1517,0.1388
420,1097,1517,0.1388
414,1099,1513,0.1388
413,1101,1514,0.1388
413,1084,1497,0.1388
405,1074,1479,0.1388
404,1086,1490,0.1388
403,1088,1491,0.1388
393,1097,1490,0.1388
397,1105,1502,0.1388
400,1098,1498,0.1388
395,1106,1501,0.1388
403,1113,1516,0.1388
395,1115,1510,0.1388
401,1116,1517,0.1388
395,1114,1509,0.1388
392,1114,1506,0.1388
393,1106,1499,0.1388
393,1124,1517,0.1388
398,1126,1524,0.1388
399,1119,1518,0.1388
400,1118,1518,0.1388
394,1119,1513,0.1388
385,1116,1501,0.1388
391,1104,1495,0.1388
392,1109,1501,0.1388
397,1109,1506,0.1388
400,1125,1525,0.1388
394,1130,1524,0.1388
396,1123,1519,0.1388
394,1126,1520,0.1388
402,1119,1521,0.1388
400,1110,1510,0.1388
397,1120,1517,0.1388
394,1133,1527,0.1388
395,1129,1524,0.1388
397,1123,1520,0.1388
396,1117,1513,0.1388
392,1123,1515,0.1388
392,1118,1510,0.1388
400,1120,1520,0.1388
397,1118,1515,0.1388
395,1114,1509,0.1388
393,1102,1495,0.1388
402,1099,1501,0.1388
396,1100,1496,0.1388
392,1107,1499,0.1388
386,1113,1499,0.1388
389,1125,1514,0.1388
385,1126,1511,0.1388
386,1117,1503,0.1388
392,1118,1510,0.1388
393,1116,1509,0.1388
399,1126,1525,0.1388
395,1129,1524,0.1388
391,1133,1524,0.1388
387,1127,1514,0.1388
393,1126,1519,0.1388
394,1144,1538,0.1388
391,1140,1531,0.1388
389,1136,1525,0.1388
386,1133,1519,0.1388
384,1136,1520,0.1388
380,1139,1519,0.1388
388,1123,1511,0.1388
388,1127,1515,0.1388
383,1115,1498,0.1388
376,1110,1486,0.1388
380,1115,1495,0.1388
374,1126,1500,0.1388
380,1113,1493,0.1388
383,1113,1496,0.1388
388,1111,1499,0.1388
384,1118,1502,0.1388
388,1135,1523,0.1388
391,1142,1533,0.1388
389,1131,1520,0.1388
387,1136,1523,0.1388
392,1138,1530,0.1388
391,1134,1525,0.1388
390,1123,1513,0.1388
393,1119,1512,0.1388
388,1128,1516,0.1388
388,1141,1529,0.1388
386,1129,1515,0.1388
389,1130,1519,0.1388
390,1117,1507,0.1388
387,1114,1501,0.1388
383,1127,1510,0.1388
393,1133,1526,0.1388
390,1137,1527,0.1388
389,1126,1515,0.1388
389,1115,1504,0.1388
388,1113,1501,0.1388
383,1125,1508,0.1388
386,1121,1507,0.1388
387,1134,1521,0.1388
391,1137,1528,0.1388
388,1132,1520,0.1388
386,1134,1520,0.1388
386,1135,1521,0.1388
375,1123,1498,0.1388
373,1125,1498,0.1388
371,1116,1487,0.1388
379,1111,1490,0.1388
370,1117,1487,0.1388
372,1132,1504,0.1388
377,1136,1513,0.1388
369,1133,1502,0.1388
370,1135,1505,0.1388
372,1150,1522,0.1388
378,1152,1530,0.1388
382,1160,1542,0.1388
382,1138,1520,0.1388
385,1139,1524,0.1388
384,1137,1521,0.1388
376,1137,1513,0.1388
371,1151,1522,0.1388
373,1151,1524,0.1388
361,1157,1518,0.1388
368,1160,1528,0.1388
371,1155,1526,0.1388
365,1159,1524,0.1388
365,1157,1522,0.1388
360,1136,1496,0.1388
361,1142,1503,0.1388
357,1141,1498,0.1388
365,1132,1497,0.1388
372,1135,1507,0.1388
375,1141,1516,0.1388
382,1145,1527,0.1388
380,1147,1527,0.1388
383,1132,1515,0.1388
382,1133,1515,0.1388
372,1142,1514,0.1388
370,1136,1506,0.1388
369,1138,1507,0.1388
370,1147,1517,0.1388
365,1141,1506,0.1388
374,1125,1499,0.1388
377,1126,1503,0.1388
377,1123,1500,0.1388
379,1136,1515,0.1388
378,1138,1516,0.1388
379,1149,1528,0.1388
380,1155,1535,0.1388
374,1151,1525,0.1388
371,1152,1523,0.1388
373,1142,1515,0.1388
368,1144,1512,0.1388
364,1141,1505,0.1388
362,1144,1506,0.1388
370,1153,1523,0.1388
359,1145,1504,0.1388
356,1145,1501,0.1388
359,1150,1509,0.1388
359,1153,1512,0.1388
355,1149,1504,0.1388
346,1152,1498,0.1388
340,1164,1504,0.1388
338,1179,1517,0.1388
343,1170,1513,0.1388
348,1162,1510,0.1388
347,1165,1512,0.1388
348,1168,1516,0.1388
349,1159,1508,0.1388
347,1153,1500,0.1388
352,1138,1490,0.1388
356,1150,1506,0.1388
358,1157,1515,0.1388
356,1166,1522,0.1388
353,1163,1516,0.1388
354,1160,1514,0.1388
353,1162,1515,0.1388
351,1163,1514,0.1388
348,1180,1528,0.1388
356,1175,1531,0.1388
352,1172,1524,0.1388
348,1175,1523,0.1388
346,1173,1519,0.1388
351,1169,1520,0.1388
347,1173,1520,0.1388
347,1167,1514,0.1388
342,1165,1507,0.1388
344,1173,1517,0.1388
341,1167,1508,0.1388
334,1174,1508,0.1388
337,1175,1512,0.1388
333,1175,1508,0.1388
335,1178,1513,0.1388
336,1165,1501,0.1388
330,1176,1506,0.1388
332,1177,1509,0.1388
332,1172,1504,0.1388
340,1174,1514,0.1388
337,1177,1514,0.1388
337,1180,1517,0.1388
329,1174,1503,0.1388
334,1187,1521,0.1388
332,1182,1514,0.1388
332,1175,1507,0.1388
336,1174,1510,0.1388
337,1183,1520,0.1388
327,1170,1497,0.1388
335,1173,1508,0.1388
330,1186,1516,0.1388
331,1180,1511,0.1388
333,1186,1519,0.1388
331,1177,1508,0.1388
332,1186,1518,0.1388
329,1182,1511,0.1388
325,1178,1503,0.1388
325,1191,1516,0.1388
323,1186,1509,0.1388
322,1180,1502,0.1388
328,1184,1512,0.1388
337,1183,1520,0.1388
332,1179,1511,0.1388
334,1161,1495,0.1388
336,1180,1516,0.1388
329,1184,1513,0.1388
324,1182,1506,0.1388
332,1194,1526,0.1388
337,1190,1527,0.1388
336,1191,1527,0.1388
340,1185,1525,0.1388
341,1182,1523,0.1388
342,1180,1522,0.1388
340,1170,1510,0.1388
337,1177,1514,0.1388
339,1174,1513,0.1388
336,1181,1517,0.1388
332,1183,1515,0.1388
340,1186,1526,0.1388
342,1178,1520,0.1388
339,1172,1511,0.1388
335,1184,1519,0.1388
326,1193,1519,0.1388
329,1183,1512,0.1388
325,1183,1508,0.1388
322,1176,1498,0.1388
319,1185,1504,0.1388
319,1178,1497,0.1388
319,1187,1506,0.1388
317,1183,1500,0.1388
319,1186,1505,0.1388
315,1174,1489,0.1388
314,1180,1494,0.1388
315,1199,1514,0.1388
313,1198,1511,0.1388
318,1197,1515,0.1388
315,1192,1507,0.1388
321,1191,1512,0.1388
321,1179,1500,0.1388
317,1191,1508,0.1388
319,1184,1503,0.1388
311,1188,1499,0.1388
313,1193,1506,0.1388
316,1198,1514,0.1388
314,1195,1509,0.1388
318,1204,1522,0.1388
315,1195,1510,0.1388
318,1190,1508,0.1388
318,1187,1505,0.1388
323,1194,1517,0.1388
321,1193,1514,0.1388
323,1187,1510,0.1388
323,1187,1510,0.1388
321,1193,1514,0.1388
321,1200,1521,0.1388
313,1195,1508,0.1388
312,1192,1504,0.1388
307,1195,1502,0.1388
314,1208,1522,0.1388
317,1206,1523,0.1388
314,1199,1513,0.1388
305,1194,1499,0.1388
323,1186,1509,0.1388
322,1188,1510,0.1388
329,1180,1509,0.1388
328,1179,1507,0.1388
318,1174,1492,0.1388
324,1170,1494,0.1388
323,1164,1487,0.1388
330,1175,1505,0.1388
334,1187,1521,0.1388
333,1189,1522,0.1388
329,1183,1512,0.1388
327,1186,1513,0.1388
328,1182,1510,0.1388
334,1186,1520,0.1388
333,1191,1524,0.1388
327,1177,1504,0.1388
328,1189,1517,0.1388
328,1179,1507,0.1388
329,1182,1511,0.1388
328,1184,1512,0.1388
328,1190,1518,0.1388
328,1206,1534,0.1388
325,1201,1526,0.1388
322,1194,1516,0.1388
324,1195,1519,0.1388
322,1204,1526,0.1388
320,1216,1536,0.1388
313,1211,1524,0.1388
316,1213,1529,0.1388
319,1208,1527,0.1388
310,1197,1507,0.1388
309,1194,1503,0.1388
309,1191,1500,0.1388
312,1197,1509,0.1388
312,1210,1522,0.1388
302,1208,1510,0.1388
304,1198,1502,0.1388
306,1197,1503,0.1388
309,1208,1517,0.1388
305,1216,1521,0.1388
303,1215,1518,0.1388
307,1200,1507,0.1388
308,1203,1511,0.1388
307,1214,1521,0.1388
301,1219,1520,0.1388
309,1212,1521,0.1388
309,1213,1522,0.1388
309,1195,1504,0.1388
308,1197,1505,0.1388
314,1205,1519,0.1388
307,1207,1514,0.1388
302,1217,1519,0.1388
302,1211,1513,0.1388
304,1209,1513,0.1388
302,1208,1510,0.1388
301,1204,1505,0.1388
299,1209,1508,0.1388
302,1214,1516,0.1388
302,1210,1512,0.1388
298,1207,1505,0.1388
297,1209,1506,0.1388
294,1212,1506,0.1388
292,1215,1507,0.1388
296,1213,1509,0.1388
294,1213,1507,0.1388
292,1222,1514,0.1388
292,1229,1521,0.1388
288,1226,1514,0.1388
278,1231,1509,0.1388
275,1226,1501,0.1388
282,1223,1505,0.1388
284,1240,1524,0.1388
287,1229,1516,0.1388
280,1229,1509,0.1388
279,1240,1519,0.1388
275,1247,1522,0.1388
279,1234,1513,0.1388
272,1234,1506,0.1388
273,1239,1512,0.1388
268,1255,1523,0.1388
272,1264,1536,0.1388
266,1259,1525,0.1388
263,1248,1511,0.1388
263,1247,1510,0.1388
268,1237,1505,0.1388
269,1238,1507,0.1388
271,1234,1505,0.1388
272,1238,1510,0.1388
276,1245,1521,0.1388
276,1240,1516,0.1388
281,1235,1516,0.1388
273,1237,1510,0.1388
273,1243,1516,0.1388
273,1245,1518,0.1388
275,1241,1516,0.1388
280,1240,1520,0.1388
277,1252,1529,0.1388
274,1237,1511,0.1388
276,1235,1511,0.1388
279,1244,1523,0.1388
274,1247,1521,0.1388
277,1259,1536,0.1388
280,1252,1532,0.1388
278,1260,1538,0.1388
277,1243,1520,0.1388
274,1237,1511,0.1388
269,1249,1518,0.1388
267,1248,1515,0.1388
271,1240,1511,0.1388
274,1236,1510,0.1388
268,1252,1520,0.1388
263,1249,1512,0.1388
265,1239,1504,0.1388
275,1248,1523,0.1388
274,1236,1510,0.1388
273,1234,1507,0.1388
271,1236,1507,0.1388
272,1238,1510,0.1388
274,1236,1510,0.1388
271,1238,1509,0.1388
274,1246,1520,0.1388
267,1248,1515,0.1388
265,1251,1516,0.1388
269,1252,1521,0.1388
267,1246,1513,0.1388
262,1240,1502,0.1388
254,1248,1502,0.1388
261,1253,1514,0.1388
260,1255,1515,0.1388
263,1244,1507,0.1388
262,1244,1506,0.1388
255,1235,1490,0.1388
253,1240,1493,0.1388
255,1260,1515,0.1388
256,1251,1507,0.1388
257,1261,1518,0.1388
258,1262,1520,0.1388
261,1255,1516,0.1388
258,1253,1511,0.1388
259,1254,1513,0.1388
262,1249,1511,0.1388
264,1251,1515,0.1388
262,1254,1516,0.1388
264,1251,1515,0.1388
262,1258,1520,0.1388
259,1256,1515,0.1388
259,1254,1513,0.1388
256,1257,1513,0.1388
250,1278,1528,0.1388
254,1272,1526,0.1388
258,1261,1519,0.1388
263,1259,1522,0.1388
254,1254,1508,0.1388
257,1260,1517,0.1388
257,1257,1514,0.1388
259,1248,1507,0.1388
259,1241,1500,0.1388
266,1249,1515,0.1388
262,1244,1506,0.1388
269,1250,1519,0.1388
273,1251,1524,0.1388
268,1244,1512,0.1388
263,1240,1503,0.1388
266,1250,1516,0.1388
269,1256,1525,0.1388
268,1256,1524,0.1388
266,1243,1509,0.1388
267,1250,1517,0.1388
262,1256,1518,0.1388
265,1259,1524,0.1388
269,1264,1533,0.1388
269,1248,1517,0.1388
266,1241,1507,0.1388
266,1244,1510,0.1388
268,1234,1502,0.1388
269,1237,1506,0.1388
268,1239,1507,0.1388
271,1236,1507,0.1388
273,1249,1522,0.1388
276,1247,1523,0.1388
273,1237,1510,0.1388
273,1251,1524,0.1388
276,1244,1520,0.1388
278,1236,1514,0.1388
274,1232,1506,0.1388
271,1231,1502,0.1388
271,1232,1503,0.1388
269,1236,1505,0.1388
271,1233,1504,0.1388
275,1228,1503,0.1388
272,1230,1502,0.1388
273,1239,1512,0.1388
270,1238,1508,0.1388
268,1246,1514,0.1388
262,1248,1510,0.1388
262,1243,1505,0.1388
265,1245,1510,0.1388
262,1241,1503,0.1388
264,1245,1509,0.1388
264,1245,1509,0.1388
266,1248,1514,0.1388
268,1246,1514,0.1388
268,1238,1506,0.1388
267,1240,1507,0.1388
266,1244,1510,0.1388
266,1252,1518,0.1388
268,1249,1517,0.1388
269,1248,1517,0.1388
267,1246,1513,0.1388
270,1240,1510,0.1388
264,1239,1503,0.1388
263,1248,1511,0.1388
259,1244,1503,0.1388
261,1252,1513,0.1388
262,1250,1512,0.1388
268,1251,1519,0.1388
265,1249,1514,0.1388
264,1244,1508,0.1388
263,1244,1507,0.1388
266,1263,1529,0.1388
270,1258,1528,0.1388
270,1252,1522,0.1388
266,1248,1514,0.1388
267,1254,1521,0.1388
261,1252,1513,0.1388
255,1251,1506,0.1388
259,1252,1511,0.1388
263,1254,1517,0.1388
262,1264,1526,0.1388
261,1259,1520,0.1388
258,1267,1525,0.1388
257,1262,1519,0.1388
260,1261,1521,0.1388
259,1258,1517,0.1388
260,1277,1537,0.1388
258,1259,1517,0.1388
255,1249,1504,0.1388
256,1262,1518,0.1388
253,1261,1514,0.1388
252,1264,1516,0.1388
253,1265,1518,0.1388
257,1271,1528,0.1388
254,1255,1509,0.1388
260,1257,1517,0.1388
260,1256,1516,0.1388
262,1250,1512,0.1388
261,1258,1519,0.1388
259,1253,1512,0.1388
259,1258,1517,0.1388
252,1259,1511,0.1388
251,1256,1507,0.1388
249,1263,1512,0.1388
254,1265,1519,0.1388
251,1254,1505,0.1388
245,1257,1502,0.1388
246,1257,1503,0.1388
246,1257,1503,0.1388
244,1265,1509,0.1388
243,1276,1519,0.1388
247,1263,1510,0.1388
244,1260,1504,0.1388
241,1265,1506,0.1388
245,1281,1526,0.1388
244,1279,1523,0.1388
238,1278,1516,0.1388
236,1275,1511,0.1388
233,1268,1501,0.1388
231,1269,1500,0.1388
225,1272,1497,0.1388
229,1273,1502,0.1388
226,1279,1505,0.1388
225,1283,1508,0.1388
223,1283,1506,0.1388
226,1279,1505,0.1388
221,1285,1506,0.1388
226,1282,1508,0.1388
224,1285,1509,0.1388
229,1285,1514,0.1388
232,1275,1507,0.1388
231,1280,1511,0.1388
235,1289,1524,0.1388
233,1284,1517,0.1388
230,1277,1507,0.1388
231,1279,1510,0.1388
228,1284,1512,0.1388
228,1297,1525,0.1388
228,1293,1521,0.1388
225,1288,1513,0.1388
229,1277,1506,0.1388
232,1284,1516,0.1388
233,1286,1519,0.1388
234,1273,1507,0.1388
231,1273,1504,0.1388
234,1284,1518,0.1388
234,1273,1507,0.1388
235,1290,1525,0.1388
231,1282,1513,0.1388
226,1275,1501,0.1388
221,1287,1508,0.1388
213,1286,1499,0.1388
214,1285,1499,0.1388
216,1288,1504,0.1388
218,1295,1513,0.1388
211,1304,1515,0.1388
216,1311,1527,0.1388
214,1310,1524,0.1388
215,1314,1529,0.1388
214,1320,1534,0.1388
215,1301,1516,0.1388
211,1297,1508,0.1388
212,1298,1510,0.1388
207,1297,1504,0.1388
207,1292,1499,0.1388
213,1293,1506,0.1388
213,1297,1510,0.1388
212,1307,1519,0.1388
210,1304,1514,0.1388
208,1288,1496,0.1388
213,1291,1504,0.1388
213,1298,1511,0.1388
218,1300,1518,0.1388
216,1306,1522,0.1388
209,1312,1521,0.1388
209,1309,1518,0.1388
209,1305,1514,0.1388
209,1305,1514,0.1388
215,1298,1513,0.1388
215,1286,1501,0.1388
215,1293,1508,0.1388
216,1296,1512,0.1388
215,1302,1517,0.1388
216,1293,1509,0.1388
212,1305,1517,0.1388
210,1301,1511,0.1388
207,1314,1521,0.1388
210,1303,1513,0.1388
209,1304,1513,0.1388
210,1302,1512,0.1388
210,1301,1511,0.1388
210,1307,1517,0.1388
208,1299,1507,0.1388
211,1291,1502,0.1388
213,1291,1504,0.1388
210,1303,1513,0.1388
206,1299,1505,0.1388
199,1307,1506,0.1388
197,1313,1510,0.1388
195,1316,1511,0.1388
197,1305,1502,0.1388
195,1301,1496,0.1388
191,1314,1505,0.1388
198,1314,1512,0.1388
194,1310,1504,0.1388
196,1306,1502,0.1388
196,1302,1498,0.1388
196,1317,1513,0.1388
197,1307,1504,0.1388
194,1306,1500,0.1388
193,1302,1495,0.1388
196,1313,1509,0.1388
201,1304,1505,0.1388
197,1323,1520,0.1388
197,1319,1516,0.1388
197,1329,1526,0.1388
204,1325,1529,0.1388
204,1322,1526,0.1388
204,1320,1524,0.1388
203,1314,1517,0.1388
207,1321,1528,0.1388
202,1316,1518,0.1388
192,1312,1504,0.1388
194,1316,1510,0.1388
191,1317,1508,0.1388
187,1321,1508,0.1388
185,1324,1509,0.1388
188,1317,1505,0.1388
187,1319,1506,0.1388
192,1307,1499,0.1388
192,1309,1501,0.1388
195,1313,1508,0.1388
194,1328,1522,0.1388
193,1333,1526,0.1388
192,1332,1524,0.1388
193,1331,1524,0.1388
188,1331,1519,0.1388
185,1331,1516,0.1388
183,1338,1521,0.1388
180,1336,1516,0.1388
184,1346,1530,0.1388
186,1334,1520,0.1388
188,1330,1518,0.1388
186,1331,1517,0.1388
184,1336,1520,0.1388
179,1334,1513,0.1388
181,1328,1509,0.1388
181,1342,1523,0.1388
178,1338,1516,0.1388
173,1337,1510,0.1388
173,1341,1514,0.1388
171,1340,1511,0.1388
169,1342,1511,0.1388
171,1351,1522,0.1388
172,1347,1519,0.1388
170,1334,1504,0.1388
170,1354,1524,0.1388
171,1350,1521,0.1388
169,1336,1505,0.1388
173,1342,1515,0.1388
167,1349,1516,0.1388
165,1356,1521,0.1388
160,1348,1508,0.1388
155,1344,1499,0.1388
155,1338,1493,0.1388
158,1339,1497,0.1388
161,1347,1508,0.1388
161,1348,1509,0.1388
163,1350,1513,0.1388
160,1348,1508,0.1388
163,1354,1517,0.1388
163,1358,1521,0.1388
157,1349,1506,0.1388
157,1336,1493,0.1388
158,1348,1506,0.1388
158,1341,1499,0.1388
159,1352,1511,0.1388
158,1363,1521,0.1388
159,1359,1518,0.1388
157,1356,1513,0.1388
154,1365,1519,0.1388
156,1363,1519,0.1388
153,1357,1510,0.1388
155,1358,1513,0.1388
156,1346,1502,0.1388
155,1354,1509,0.1388
153,1353,1506,0.1388
154,1357,1511,0.1388
153,1345,1498,0.1388
154,1368,1522,0.1388
155,1368,1523,0.1388
151,1367,1518,0.1388
152,1376,1528,0.1388
152,1365,1517,0.1388
153,1377,1530,0.1388
150,1385,1535,0.1388
141,1376,1517,0.1388
140,1372,1512,0.1388
139,1379,1518,0.1388
141,1373,1514,0.1388
143,1386,1529,0.1388
140,1384,1524,0.1388
139,1380,1519,0.1388
139,1376,1515,0.1388
138,1374,1512,0.1388
135,1369,1504,0.1388
132,1382,1514,0.1388
130,1384,1514,0.1388
131,1381,1512,0.1388
128,1389,1517,0.1388
123,1394,1517,0.1388
123,1389,1512,0.1388
121,1378,1499,0.1388
120,1379,1499,0.1388
125,1389,1514,0.1388
122,1386,1508,0.1388
124,1395,1519,0.1388
120,1392,1512,0.1388
122,1392,1514,0.1388
126,1382,1508,0.1388
126,1384,1510,0.1388
126,1387,1513,0.1388
120,1392,1512,0.1388
121,1397,1518,0.1388
120,1403,1523,0.1388
118,1403,1521,0.1388
118,1394,1512,0.1388
116,1399,1515,0.1388
111,1387,1498,0.1388
110,1407,1517,0.1388
111,1405,1516,0.1388
111,1410,1521,0.1388
110,1423,1533,0.1388
113,1405,1518,0.1388
114,1393,1507,0.1388
113,1413,1526,0.1388
108,1409,1517,0.1388
108,1413,1521,0.1388
108,1404,1512,0.1388
107,1413,1520,0.1388
105,1410,1515,0.1388
105,1404,1509,0.1388
106,1420,1526,0.1388
103,1421,1524,0.1388
104,1415,1519,0.1388
106,1408,1514,0.1388
104,1407,1511,0.1388
103,1418,1521,0.1388
101,1416,1517,0.1388
99,1418,1517,0.1388
101,1413,1514,0.1388
98,1420,1518,0.1388
97,1415,1512,0.1388
99,1418,1517,0.1388
99,1411,1510,0.1388
102,1415,1517,0.1388
101,1417,1518,0.1388
103,1417,1520,0.1388
102,1410,1512,0.1388
98,1417,1515,0.1388
98,1422,1520,0.1388
97,1426,1523,0.1388
96,1419,1515,0.1388
98,1404,1502,0.1388
94,1407,1501,0.1388
98,1411,1509,0.1388
96,1408,1504,0.1388
96,1414,1510,0.1388
97,1415,1512,0.1388
96,1415,1511,0.1388
98,1414,1512,0.1388
97,1418,1515,0.1388
100,1419,1519,0.1388
102,1424,1526,0.1388
97,1415,1512,0.1388
94,1410,1504,0.1388
97,1411,1508,0.1388
96,1409,1505,0.1388
95,1411,1506,0.1388
96,1420,1516,0.1388
96,1419,1515,0.1388
92,1414,1506,0.1388
92,1409,1501,0.1388
92,1408,1500,0.1388
92,1413,1505,0.1388
90,1408,1498,0.1388
95,1415,1510,0.1388
97,1405,1502,0.1388
97,1403,1500,0.1388
95,1402,1497,0.1388
94,1429,1523,0.1388
89,1424,1513,0.1388
91,1420,1511,0.1388
87,1413,1500,0.1388
87,1427,1514,0.1388
84,1441,1525,0.1388
83,1436,1519,0.1388
79,1431,1510,0.1388
80,1428,1508,0.1388
80,1438,1518,0.1388
78,1436,1514,0.1388
80,1440,1520,0.1388
80,1441,1521,0.1388
81,1446,1527,0.1388
85,1443,1528,0.1388
84,1434,1518,0.1388
84,1438,1522,0.1388
82,1435,1517,0.1388
82,1447,1529,0.1388
82,1447,1529,0.1388
83,1453,1536,0.1388
80,1455,1535,0.1388
83,1451,1534,0.1388
83,1445,1528,0.1388
83,1445,1528,0.1388
82,1434,1516,0.1388
85,1437,1522,0.1388
81,1434,1515,0.1388
81,1443,1524,0.1388
81,1451,1532,0.1388
81,1439,1520,0.1388
78,1438,1516,0.1388
79,1441,1520,0.1388
78,1437,1515,0.1388
78,1435,1513,0.1388
78,1442,1520,0.1388
78,1459,1537,0.1388
77,1446,1523,0.1388
72,1449,1521,0.1388
74,1440,1514,0.1388
74,1431,1505,0.1388
72,1442,1514,0.1388
72,1432,1504,0.1388
71,1445,1516,0.1388
72,1447,1519,0.1388
70,1440,1510,0.1388
67,1441,1508,0.1388
68,1445,1513,0.1388
68,1449,1517,0.1388
70,1447,1517,0.1388
68,1455,1523,0.1388
66,1449,1515,0.1388
64,1449,1513,0.1388
62,1452,1514,0.1388
64,1446,1510,0.1388
62,1463,1525,0.1388
61,1475,1536,0.1388
60,1469,1529,0.1388
59,1468,1527,0.1388
61,1461,1522,0.1388
60,1464,1524,0.1388
61,1468,1529,0.1388
62,1470,1532,0.1388
60,1462,1522,0.1388
58,1464,1522,0.1388
60,1464,1524,0.1388
58,1453,1511,0.1388
57,1448,1505,0.1388
56,1446,1502,0.1388
52,1451,1503,0.1388
51,1456,1507,0.1388
54,1461,1515,0.1388
53,1461,1514,0.1388
52,1456,1508,0.1388
52,1453,1505,0.1388
51,1459,1510,0.1388
52,1476,1528,0.1388
51,1466,1517,0.1388
51,1462,1513,0.1388
51,1460,1511,0.1388
51,1466,1517,0.1388
50,1460,1510,0.1388
51,1457,1508,0.1388
52,1457,1509,0.1388
52,1462,1514,0.1388
52,1464,1516,0.1388
52,1454,1506,0.1388
53,1454,1507,0.1388
52,1456,1508,0.1388
52,1457,1509,0.1388
51,1464,1515,0.1388
51,1464,1515,0.1388
50,1462,1512,0.1388
51,1463,1514,0.1388
51,1457,1508,0.1388
50,1476,1526,0.1388
50,1483,1533,0.1388
51,1483,1534,0.1388
50,1479,1529,0.1388
52,1485,1537,0.1388
53,1475,1528,0.1388
51,1480,1531,0.1388
51,1485,1536,0.1388
50,1491,1541,0.1388
50,1479,1529,0.1388
50,1481,1531,0.1388
49,1479,1528,0.1388
49,1478,1527,0.1388
49,1473,1522,0.1388
47,1472,1519,0.1388
47,1488,1535,0.1388
45,1488,1533,0.1388
45,1488,1533,0.1388
44,1488,1532,0.1388
46,1482,1528,0.1388
47,1479,1526,0.1388
49,1474,1523,0.1388
48,1478,1526,0.1388
48,1478,1526,0.1388
48,1467,1515,0.1388
47,1465,1512,0.1388
44,1473,1517,0.1388
43,1475,1518,0.1388
45,1477,1522,0.1388
44,1462,1506,0.1388
42,1462,1504,0.1388
42,1453,1495,0.1388
42,1455,1497,0.1388
42,1460,1502,0.1388
40,1469,1509,0.1388
38,1482,1520,0.1388
39,1484,1523,0.1388
40,1486,1526,0.1388
39,1470,1509,0.1388
41,1481,1522,0.1388
40,1474,1514,0.1388
39,1487,1526,0.1388
40,1486,1526,0.1388
40,1478,1518,0.1388
39,1489,1528,0.1388
37,1472,1509,0.1388
39,1486,1525,0.1388
37,1476,1513,0.1388
37,1482,1519,0.1388
37,1480,1517,0.1388
37,1482,1519,0.1388
37,1481,1518,0.1388
36,1486,1522,0.1388
37,1464,1501,0.1388
35,1482,1517,0.1388
35,1492,1527,0.1388
36,1492,1528,0.1388
35,1496,1531,0.1388
35,1499,1534,0.1388
34,1492,1526,0.1388
34,1490,1524,0.1388
34,1483,1517,0.1388
33,1483,1516,0.1388
30,1480,1510,0.1388
31,1475,1506,0.1388
33,1472,1505,0.1388
33,1488,1521,0.1388
35,1488,1523,0.1388
34,1497,1531,0.1388
33,1497,1530,0.1388
35,1481,1516,0.1388
35,1480,1515,0.1388
34,1477,1511,0.1388
33,1479,1512,0.1388
35,1482,1517,0.1388
32,1484,1516,0.1388
30,1482,1512,0.1388
30,1467,1497,0.1388
29,1467,1496,0.1388
29,1471,1500,0.1388
27,1473,1500,0.1388
26,1488,1514,0.1388
26,1491,1517,0.1388
27,1492,1519,0.1388
26,1500,1526,0.1388
25,1507,1532,0.1388
24,1497,1521,0.1388
25,1502,1527,0.1388
25,1489,1514,0.1388
24,1497,1521,0.1388
24,1500,1524,0.1388
24,1494,1518,0.1388
25,1494,1519,0.1388
24,1502,1526,0.1388
24,1489,1513,0.1388
24,1485,1509,0.1388
24,1483,1507,0.1388
22,1490,1512,0.1388
24,1493,1517,0.1388
24,1492,1516,0.1388
24,1504,1528,0.1388
24,1508,1532,0.1388
24,1511,1535,0.1388
23,1513,1536,0.1388
22,1509,1531,0.1388
21,1505,1526,0.1388
20,1502,1522,0.1388
19,1504,1523,0.1388
19,1503,1522,0.1388
18,1504,1522,0.1388
17,1504,1521,0.1388
17,1503,1520,0.1388
15,1505,1520,0.1388
15,1497,1512,0.1388
15,1498,1513,0.1388
17,1503,1520,0.1388
16,1499,1515,0.1388
17,1492,1509,0.1388
17,1489,1506,0.1388
16,1502,1518,0.1388
17,1489,1506,0.1388
19,1501,1520,0.1388
19,1504,1523,0.1388
20,1498,1518,0.1388
21,1489,1510,0.1388
21,1494,1515,0.1388
23,1503,1526,0.1388
22,1509,1531,0.1388
21,1508,1529,0.1388
20,1515,1535,0.1388
17,1509,1526,0.1388
19,1500,1519,0.1388
20,1509,1529,0.1388
19,1502,1521,0.1388
19,1506,1525,0.1388
20,1493,1513,0.1388
18,1498,1516,0.1388
19,1504,1523,0.1388
19,1497,1516,0.1388
21,1492,1513,0.1388
19,1493,1512,0.1388
19,1499,1518,0.1388
18,1508,1526,0.1388
17,1498,1515,0.1388
16,1495,1511,0.1388
16,1504,1520,0.1388
16,1502,1518,0.1388
15,1494,1509,0.1388
13,1491,1504,0.1388
12,1514,1526,0.1388
11,1504,1515,0.1388
12,1515,1527,0.1388
12,1504,1516,0.1388
12,1511,1523,0.1388
10,1505,1515,0.1388
9,1503,1512,0.1388
10,1494,1504,0.1388
10,1494,1504,0.1388
9,1493,1502,0.1388
9,1517,1526,0.1388
9,1519,1528,0.1388
9,1510,1519,0.1388
9,1503,1512,0.1388
9,1514,1523,0.1388
8,1518,1526,0.1388
9,1515,1524,0.1388
9,1519,1528,0.1388
8,1519,1527,0.1388
9,1503,1512,0.1388
9,1502,1511,0.1388
9,1498,1507,0.1388
8,1497,1505,0.1388
8,1498,1506,0.1388
8,1512,1520,0.1388
8,1528,1536,0.1388
8,1509,1517,0.1388
8,1502,1510,0.1388
8,1512,1520,0.1388
9,1507,1516,0.1388
8,1496,1504,0.1388
8,1494,1502,0.1388
7,1511,1518,0.1388
6,1507,1513,0.1388
6,1511,1517,0.1388
7,1509,1516,0.1388
7,1502,1509,0.1388
7,1492,1499,0.1388
7,1494,1501,0.1388
8,1498,1506,0.1388
8,1505,1513,0.1388
8,1503,1511,0.1388
7,1503,1510,0.1388
7,1518,1525,0.1388
7,1519,1526,0.1388
7,1528,1535,0.1388
7,1508,1515,0.1388
7,1520,1527,0.1388
7,1507,1514,0.1388
8,1500,1508,0.1388
8,1510,1518,0.1388
8,1516,1524,0.1388
8,1515,1523,0.1388
8,1516,1524,0.1388
8,1514,1522,0.1388
8,1502,1510,0.1388
6,1501,1507,0.1388
7,1508,1515,0.1388
7,1513,1520,0.1388
7,1513,1520,0.1388
7,1504,1511,0.1388
7,1516,1523,0.1388
6,1516,1522,0.1388
5,1511,1516,0.1388
5,1504,1509,0.1388
5,1499,1504,0.1388
6,1507,1513,0.1388
6,1520,1526,0.1388
6,1505,1511,0.1388
6,1501,1507,0.1388
5,1502,1507,0.1388
6,1511,1517,0.1388
6,1519,1525,0.1388
5,1520,1525,0.1388
5,1532,1537,0.1388
5,1524,1529,0.1388
5,1512,1517,0.1388
5,1522,1527,0.1388
6,1522,1528,0.1388
6,1504,1510,0.1388
5,1515,1520,0.1388
5,1518,1523,0.1388
5,1521,1526,0.1388
4,1513,1517,0.1388
4,1502,1506,0.1388
4,1489,1493,0.1388
4,1501,1505,0.1388
4,1510,1514,0.1388
4,1514,1518,0.1388
5,1514,1519,0.1388
5,1506,1511,0.1388
5,1515,1520,0.1388
5,1518,1523,0.1388
5,1525,1530,0.1388
4,1528,1532,0.1388
4,1523,1527,0.1388
4,1512,1516,0.1388
4,1499,1503,0.1388
4,1495,1499,0.1388
4,1519,1523,0.1388
4,1518,1522,0.1388
4,1516,1520,0.1388
4,1516,1520,0.1388
4,1520,1524,0.1388
3,1522,1525,0.1388
3,1530,1533,0.1388
3,1527,1530,0.1388
3,1516,1519,0.1388
3,1509,1512,0.1388
3,1527,1530,0.1388
3,1508,1511,0.1388
3,1513,1516,0.1388
3,1510,1513,0.1388
3,1503,1506,0.1388
3,1490,1493,0.1388
3,1495,1498,0.1388
3,1505,1508,0.1388
3,1505,1508,0.1388
3,1502,1505,0.1388
2,1496,1498,0.1388
2,1512,1514,0.1388
2,1502,1504,0.1388
2,1519,1521,0.1388
2,1520,1522,0.1388
2,1535,1537,0.1388
2,1545,1547,0.1388
2,1542,1544,0.1388
2,1539,1541,0.1388
2,1529,1531,0.1388
2,1513,1515,0.1388
2,1521,1523,0.1388
2,1506,1508,0.1388
2,1515,1517,0.1388
2,1510,1512,0.1388
2,1502,1504,0.1388
2,1516,1518,0.1388
2,1511,1513,0.1388
2,1512,1514,0.1388
2,1519,1521,0.1388
2,1509,1511,0.1388
2,1514,1516,0.1388
2,1508,1510,0.1388
2,1519,1521,0.1388
2,1514,1516,0.1388
2,1500,1502,0.1388
2,1498,1500,0.1388
2,1508,1510,0.1388
2,1522,1524,0.1388
2,1514,1516,0.1388
3,1524,1527,0.1388
2,1509,1511,0.1388
2,1510,1512,0.1388
2,1520,1522,0.1388
2,1503,1505,0.1388
2,1501,1503,0.1388
2,1507,1509,0.1388
2,1503,1505,0.1388
2,1521,1523,0.1388
2,1521,1523,0.1388
2,1506,1508,0.1388
2,1498,1500,0.1388
3,1521,1524,0.1388
3,1519,1522,0.1388
4,1499,1503,0.1388
4,1513,1517,0.1388
5,1509,1514,0.1388
4,1514,1518,0.1388
4,1510,1514,0.1388
3,1510,1513,0.1388
3,1502,1505,0.1388
4,1533,1537,0.1388
3,1534,1537,0.1388
3,1526,1529,0.1388
3,1504,1507,0.1388
3,1503,1506,0.1388
3,1503,1506,0.1388
2,1512,1514,0.1388
2,1505,1507,0.1388
2,1518,1520,0.1388
1,1523,1524,0.1388
1,1519,1520,0.1388
1,1536,1537,0.1388
1,1528,1529,0.1388
1,1528,1529,0.1388
1,1517,1518,0.1388
1,1516,1517,0.1388
1,1518,1519,0.1388
1,1513,1514,0.1388
2,1502,1504,0.1388
2,1505,1507,0.1388
2,1492,1494,0.1388
2,1498,1500,0.1388
2,1509,1511,0.1388
2,1500,1502,0.1388
2,1515,1517,0.1388
2,1504,1506,0.1388
2,1509,1511,0.1388
2,1496,1498,0.1388
2,1504,1506,0.1388
1,1520,1521,0.1388
0,1514,1514,0.1388
