1387,32,1419,0.1388
1409,31,1440,0.1388
1426,31,1457,0.1388
1425,32,1457,0.1388
1443,33,1476,0.1388
1442,32,1474,0.1388
1449,32,1481,0.1388
1432,34,1466,0.1388
1445,34,1479,0.1388
1453,34,1487,0.1388
1452,36,1488,0.1388
1435,39,1474,0.1388
1435,38,1473,0.1388
1446,38,1484,0.1388
1440,39,1479,0.1388
1447,39,1486,0.1388
1453,40,1493,0.1388
1452,40,1492,0.1388
1455,41,1496,0.1388
1441,40,1481,0.1388
1435,42,1477,0.1388
1435,42,1477,0.1388
1441,44,1485,0.1388
1441,47,1488,0.1388
1449,47,1496,0.1388
1442,46,1488,0.1388
1448,43,1491,0.1388
1452,44,1496,0.1388
1452,46,1498,0.1388
1461,47,1508,0.1388
1461,48,1509,0.1388
1463,47,1510,0.1388
1464,46,1510,0.1388
1448,50,1498,0.1388
1441,52,1493,0.1388
1450,51,1501,0.1388
1440,51,1491,0.1388
1448,51,1499,0.1388
1448,51,1499,0.1388
1436,50,1486,0.1388
1433,53,1486,0.1388
1431,54,1485,0.1388
1431,54,1485,0.1388
1435,56,1491,0.1388
1449,56,1505,0.1388
1442,58,1500,0.1388
1447,61,1508,0.1388
1458,59,1517,0.1388
1446,57,1503,0.1388
1439,56,1495,0.1388
1452,55,1507,0.1388
1455,55,1510,0.1388
1461,54,1515,0.1388
1447,55,1502,0.1388
1446,58,1504,0.1388
1437,60,1497,0.1388
1439,61,1500,0.1388
1427,62,1489,0.1388
1436,60,1496,0.1388
1426,54,1480,0.1388
1438,54,1492,0.1388
1436,56,1492,0.1388
1447,57,1504,0.1388
1441,56,1497,0.1388
1437,56,1493,0.1388
1437,58,1495,0.1388
1435,60,1495,0.1388
1417,59,1476,0.1388
1408,62,1470,0.1388
1405,64,1469,0.1388
1418,65,1483,0.1388
1403,66,1469,0.1388
1414,64,1478,0.1388
1422,64,1486,0.1388
1420,64,1484,0.1388
1421,63,1484,0.1388
1424,63,1487,0.1388
1434,62,1496,0.1388
1435,61,1496,0.1388
1434,61,1495,0.1388
1427,63,1490,0.1388
1427,65,1492,0.1388
1446,66,1512,0.1388
1453,68,1521,0.1388
1451,71,1522,0.1388
1454,68,1522,0.1388
1444,68,1512,0.1388
1438,68,1506,0.1388
1451,68,1519,0.1388
1445,71,1516,0.1388
1436,69,1505,0.1388
1422,69,1491,0.1388
1418,67,1485,0.1388
1424,68,1492,0.1388
1430,69,1499,0.1388
1435,71,1506,0.1388
1415,67,1482,0.1388
1423,67,1490,0.1388
1428,65,1493,0.1388
1421,65,1486,0.1388
1408,66,1474,0.1388
1407,71,1478,0.1388
1403,71,1474,0.1388
1419,71,1490,0.1388
1428,71,1499,0.1388
1431,70,1501,0.1388
1437,68,1505,0.1388
1424,67,1491,0.1388
1433,67,1500,0.1388
1432,71,1503,0.1388
1425,73,1498,0.1388
1420,73,1493,0.1388
1410,72,1482,0.1388
1416,71,1487,0.1388
1424,69,1493,0.1388
1425,72,1497,0.1388
1428,69,1497,0.1388
1425,65,1490,0.1388
1428,65,1493,0.1388
1432,67,1499,0.1388
1428,67,1495,0.1388
1427,69,1496,0.1388
1425,71,1496,0.1388
1437,70,1507,0.1388
1423,71,1494,0.1388
1427,71,1498,0.1388
1421,69,1490,0.1388
1423,70,1493,0.1388
1408,71,1479,0.1388
1413,74,1487,0.1388
1421,72,1493,0.1388
1431,71,1502,0.1388
1417,71,1488,0.1388
1421,74,1495,0.1388
1422,73,1495,0.1388
1427,75,1502,0.1388
1420,74,1494,0.1388
1427,74,1501,0.1388
1425,74,1499,0.1388
1416,77,1493,0.1388
1401,77,1478,0.1388
1406,75,1481,0.1388
1408,73,1481,0.1388
1406,74,1480,0.1388
1409,75,1484,0.1388
1407,75,1482,0.1388
1392,73,1465,0.1388
1400,71,1471,0.1388
1389,73,1462,0.1388
1382,76,1458,0.1388
1391,78,1469,0.1388
1401,80,1481,0.1388
1406,82,1488,0.1388
1409,84,1493,0.1388
1416,83,1499,0.1388
1407,84,1491,0.1388
1409,86,1495,0.1388
1414,86,1500,0.1388
1407,86,1493,0.1388
1410,86,1496,0.1388
1407,87,1494,0.1388
1403,85,1488,0.1388
1403,87,1490,0.1388
1401,87,1488,0.1388
1403,87,1490,0.1388
1400,89,1489,0.1388
1397,86,1483,0.1388
1402,90,1492,0.1388
1398,88,1486,0.1388
1391,93,1484,0.1388
1387,96,1483,0.1388
1389,98,1487,0.1388
1386,95,1481,0.1388
1392,94,1486,0.1388
1388,95,1483,0.1388
1401,94,1495,0.1388
1413,96,1509,0.1388
1409,96,1505,0.1388
1409,97,1506,0.1388
1406,97,1503,0.1388
1394,100,1494,0.1388
1387,100,1487,0.1388
1390,99,1489,0.1388
1383,99,1482,0.1388
1381,98,1479,0.1388
1393,100,1493,0.1388
1393,101,1494,0.1388
1401,103,1504,0.1388
1394,103,1497,0.1388
1407,106,1513,0.1388
1411,107,1518,0.1388
1409,109,1518,0.1388
1387,110,1497,0.1388
1388,112,1500,0.1388
1395,113,1508,0.1388
1393,112,1505,0.1388
1388,111,1499,0.1388
1394,107,1501,0.1388
1384,111,1495,0.1388
1376,113,1489,0.1388
1384,112,1496,0.1388
1378,111,1489,0.1388
1388,108,1496,0.1388
1380,108,1488,0.1388
1397,108,1505,0.1388
1391,108,1499,0.1388
1399,107,1506,0.1388
1388,103,1491,0.1388
1387,104,1491,0.1388
1376,106,1482,0.1388
1385,110,1495,0.1388
1391,110,1501,0.1388
1389,115,1504,0.1388
1389,114,1503,0.1388
1394,111,1505,0.1388
1391,112,1503,0.1388
1383,111,1494,0.1388
1388,113,1501,0.1388
1384,117,1501,0.1388
1382,117,1499,0.1388
1391,119,1510,0.1388
1380,124,1504,0.1388
1362,127,1489,0.1388
1356,129,1485,0.1388
1356,134,1490,0.1388
1352,132,1484,0.1388
1348,134,1482,0.1388
1357,131,1488,0.1388
1359,130,1489,0.1388
1356,131,1487,0.1388
1359,131,1490,0.1388
1368,131,1499,0.1388
1364,129,1493,0.1388
1359,134,1493,0.1388
1360,134,1494,0.1388
1358,138,1496,0.1388
1353,143,1496,0.1388
1346,143,1489,0.1388
1352,145,1497,0.1388
1353,148,1501,0.1388
1357,148,1505,0.1388
1363,146,1509,0.1388
1353,143,1496,0.1388
1358,141,1499,0.1388
1343,150,1493,0.1388
1336,153,1489,0.1388
1338,154,1492,0.1388
1339,153,1492,0.1388
1333,147,1480,0.1388
1335,153,1488,0.1388
1351,153,1504,0.1388
1352,153,1505,0.1388
1351,151,1502,0.1388
1351,150,1501,0.1388
1345,148,1493,0.1388
1341,149,1490,0.1388
1346,154,1500,0.1388
1337,156,1493,0.1388
1331,156,1487,0.1388
1341,159,1500,0.1388
1343,162,1505,0.1388
1336,165,1501,0.1388
1347,163,1510,0.1388
1355,160,1515,0.1388
1345,154,1499,0.1388
1350,158,1508,0.1388
1343,160,1503,0.1388
1349,161,1510,0.1388
1342,162,1504,0.1388
1341,166,1507,0.1388
1338,166,1504,0.1388
1340,164,1504,0.1388
1325,161,1486,0.1388
1323,163,1486,0.1388
1341,162,1503,0.1388
1342,166,1508,0.1388
1341,168,1509,0.1388
1326,168,1494,0.1388
1345,170,1515,0.1388
1343,170,1513,0.1388
1346,173,1519,0.1388
1350,171,1521,0.1388
1337,169,1506,0.1388
1339,172,1511,0.1388
1328,172,1500,0.1388
1317,170,1487,0.1388
1317,173,1490,0.1388
1316,168,1484,0.1388
1319,171,1490,0.1388
1310,168,1478,0.1388
1316,169,1485,0.1388
1324,164,1488,0.1388
1313,167,1480,0.1388
1313,165,1478,0.1388
1321,163,1484,0.1388
1324,164,1488,0.1388
1330,162,1492,0.1388
1337,160,1497,0.1388
1327,160,1487,0.1388
1327,164,1491,0.1388
1323,167,1490,0.1388
1316,164,1480,0.1388
1307,165,1472,0.1388
1306,168,1474,0.1388
1324,168,1492,0.1388
1321,170,1491,0.1388
1328,171,1499,0.1388
1317,174,1491,0.1388
1312,178,1490,0.1388
1307,183,1490,0.1388
1302,183,1485,0.1388
1301,183,1484,0.1388
1307,184,1491,0.1388
1308,181,1489,0.1388
1319,185,1504,0.1388
1306,183,1489,0.1388
1312,190,1502,0.1388
1319,190,1509,0.1388
1312,191,1503,0.1388
1314,187,1501,0.1388
1314,183,1497,0.1388
1312,180,1492,0.1388
1313,179,1492,0.1388
1305,180,1485,0.1388
1304,186,1490,0.1388
1314,186,1500,0.1388
1318,188,1506,0.1388
1319,189,1508,0.1388
1314,186,1500,0.1388
1318,189,1507,0.1388
1318,187,1505,0.1388
1302,188,1490,0.1388
1300,189,1489,0.1388
1286,191,1477,0.1388
1277,195,1472,0.1388
1291,197,1488,0.1388
1294,196,1490,0.1388
1295,196,1491,0.1388
1293,197,1490,0.1388
1297,202,1499,0.1388
1302,207,1509,0.1388
1291,206,1497,0.1388
1286,207,1493,0.1388
1272,209,1481,0.1388
1271,209,1480,0.1388
1279,212,1491,0.1388
1279,211,1490,0.1388
1286,213,1499,0.1388
1295,211,1506,0.1388
1285,212,1497,0.1388
1288,212,1500,0.1388
1285,218,1503,0.1388
1280,216,1496,0.1388
1279,215,1494,0.1388
1290,213,1503,0.1388
1280,213,1493,0.1388
1290,222,1512,0.1388
1282,226,1508,0.1388
1275,228,1503,0.1388
1273,231,1504,0.1388
1278,230,1508,0.1388
1270,231,1501,0.1388
1262,228,1490,0.1388
1272,226,1498,0.1388
1252,224,1476,0.1388
1243,227,1470,0.1388
1252,233,1485,0.1388
1253,238,1491,0.1388
1251,237,1488,0.1388
1252,237,1489,0.1388
1257,240,1497,0.1388
1254,237,1491,0.1388
1249,240,1489,0.1388
1255,241,1496,0.1388
1241,241,1482,0.1388
1259,239,1498,0.1388
1255,241,1496,0.1388
1248,245,1493,0.1388
1236,245,1481,0.1388
1234,255,1489,0.1388
1237,251,1488,0.1388
1231,251,1482,0.1388
1226,257,1483,0.1388
1236,259,1495,0.1388
1232,258,1490,0.1388
1226,263,1489,0.1388
1224,260,1484,0.1388
1232,256,1488,0.1388
1235,249,1484,0.1388
1241,254,1495,0.1388
1237,259,1496,0.1388
1234,262,1496,0.1388
1228,261,1489,0.1388
1234,262,1496,0.1388
1238,256,1494,0.1388
1237,265,1502,0.1388
1233,267,1500,0.1388
1244,269,1513,0.1388
1235,265,1500,0.1388
1228,261,1489,0.1388
1229,257,1486,0.1388
1217,260,1477,0.1388
1232,258,1490,0.1388
1244,261,1505,0.1388
1232,261,1493,0.1388
1242,261,1503,0.1388
1250,264,1514,0.1388
1240,264,1504,0.1388
1229,267,1496,0.1388
1228,265,1493,0.1388
1239,269,1508,0.1388
1240,266,1506,0.1388
1229,268,1497,0.1388
1212,268,1480,0.1388
1231,272,1503,0.1388
1226,273,1499,0.1388
1221,265,1486,0.1388
1223,274,1497,0.1388
1223,272,1495,0.1388
1218,271,1489,0.1388
1229,269,1498,0.1388
1225,264,1489,0.1388
1216,266,1482,0.1388
1235,267,1502,0.1388
1244,266,1510,0.1388
1238,264,1502,0.1388
1236,265,1501,0.1388
1240,268,1508,0.1388
1261,267,1528,0.1388
1243,263,1506,0.1388
1230,262,1492,0.1388
1240,264,1504,0.1388
1238,269,1507,0.1388
1225,264,1489,0.1388
1213,262,1475,0.1388
1218,273,1491,0.1388
1220,273,1493,0.1388
1224,275,1499,0.1388
1217,273,1490,0.1388
1218,274,1492,0.1388
1230,281,1511,0.1388
1228,279,1507,0.1388
1216,278,1494,0.1388
1221,273,1494,0.1388
1230,277,1507,0.1388
1233,284,1517,0.1388
1239,284,1523,0.1388
1235,279,1514,0.1388
1222,278,1500,0.1388
1233,273,1506,0.1388
1223,275,1498,0.1388
1224,276,1500,0.1388
1226,279,1505,0.1388
1216,279,1495,0.1388
1218,280,1498,0.1388
1222,274,1496,0.1388
1217,279,1496,0.1388
1197,277,1474,0.1388
1208,282,1490,0.1388
1212,288,1500,0.1388
1204,296,1500,0.1388
1201,297,1498,0.1388
1207,293,1500,0.1388
1201,297,1498,0.1388
1195,300,1495,0.1388
1208,302,1510,0.1388
1209,299,1508,0.1388
1207,296,1503,0.1388
1197,297,1494,0.1388
1195,292,1487,0.1388
1188,293,1481,0.1388
1185,298,1483,0.1388
1203,300,1503,0.1388
1193,300,1493,0.1388
1211,298,1509,0.1388
1205,295,1500,0.1388
1201,296,1497,0.1388
1206,297,1503,0.1388
1197,300,1497,0.1388
1196,301,1497,0.1388
1189,300,1489,0.1388
1187,300,1487,0.1388
1195,306,1501,0.1388
1191,306,1497,0.1388
1189,302,1491,0.1388
1178,300,1478,0.1388
1188,304,1492,0.1388
1184,303,1487,0.1388
1177,301,1478,0.1388
1188,297,1485,0.1388
1193,297,1490,0.1388
1190,305,1495,0.1388
1178,309,1487,0.1388
1173,314,1487,0.1388
1176,318,1494,0.1388
1179,321,1500,0.1388
1188,321,1509,0.1388
1196,321,1517,0.1388
1182,315,1497,0.1388
1181,317,1498,0.1388
1186,321,1507,0.1388
1185,318,1503,0.1388
1177,318,1495,0.1388
1175,323,1498,0.1388
1180,321,1501,0.1388
1182,320,1502,0.1388
1176,317,1493,0.1388
1164,319,1483,0.1388
1175,323,1498,0.1388
1182,322,1504,0.1388
1170,323,1493,0.1388
1157,324,1481,0.1388
1150,330,1480,0.1388
1152,334,1486,0.1388
1155,331,1486,0.1388
1148,330,1478,0.1388
1143,322,1465,0.1388
1162,328,1490,0.1388
1162,328,1490,0.1388
1172,335,1507,0.1388
1170,331,1501,0.1388
1174,322,1496,0.1388
1163,315,1478,0.1388
1160,317,1477,0.1388
1161,320,1481,0.1388
1166,321,1487,0.1388
1166,331,1497,0.1388
1168,335,1503,0.1388
1160,340,1500,0.1388
1152,339,1491,0.1388
1148,343,1491,0.1388
1152,346,1498,0.1388
1132,350,1482,0.1388
1139,354,1493,0.1388
1139,358,1497,0.1388
1140,359,1499,0.1388
1149,361,1510,0.1388
1137,359,1496,0.1388
1127,364,1491,0.1388
1127,364,1491,0.1388
1131,370,1501,0.1388
1130,373,1503,0.1388
1141,368,1509,0.1388
1142,367,1509,0.1388
1150,360,1510,0.1388
1144,359,1503,0.1388
1136,364,1500,0.1388
1138,360,1498,0.1388
1132,369,1501,0.1388
1134,370,1504,0.1388
1132,372,1504,0.1388
1121,378,1499,0.1388
1114,375,1489,0.1388
1128,373,1501,0.1388
1113,374,1487,0.1388
1130,370,1500,0.1388
1126,367,1493,0.1388
1123,371,1494,0.1388
1134,370,1504,0.1388
1134,373,1507,0.1388
1135,369,1504,0.1388
1133,367,1500,0.1388
1126,368,1494,0.1388
1124,363,1487,0.1388
1110,373,1483,0.1388
1104,367,1471,0.1388
1120,367,1487,0.1388
1119,366,1485,0.1388
1129,367,1496,0.1388
1128,373,1501,0.1388
1121,371,1492,0.1388
1119,367,1486,0.1388
1107,383,1490,0.1388
1103,383,1486,0.1388
1109,384,1493,0.1388
1101,387,1488,0.1388
1095,389,1484,0.1388
1102,390,1492,0.1388
1105,388,1493,0.1388
1114,384,1498,0.1388
1105,385,1490,0.1388
1107,390,1497,0.1388
1109,384,1493,0.1388
1110,390,1500,0.1388
1114,387,1501,0.1388
1113,389,1502,0.1388
1112,393,1505,0.1388
1119,394,1513,0.1388
1108,388,1496,0.1388
1114,390,1504,0.1388
1111,384,1495,0.1388
1116,382,1498,0.1388
1111,386,1497,0.1388
1114,380,1494,0.1388
1121,390,1511,0.1388
1110,394,1504,0.1388
1106,396,1502,0.1388
1100,398,1498,0.1388
1096,394,1490,0.1388
1095,389,1484,0.1388
1100,396,1496,0.1388
1107,395,1502,0.1388
1101,392,1493,0.1388
1095,395,1490,0.1388
1094,408,1502,0.1388
1094,413,1507,0.1388
1088,418,1506,0.1388
1089,424,1513,0.1388
1097,426,1523,0.1388
1097,423,1520,0.1388
1085,418,1503,0.1388
1089,422,1511,0.1388
1084,424,1508,0.1388
1084,435,1519,0.1388
1077,430,1507,0.1388
1070,433,1503,0.1388
1067,431,1498,0.1388
1076,428,1504,0.1388
1065,426,1491,0.1388
1063,429,1492,0.1388
1064,424,1488,0.1388
1073,414,1487,0.1388
1064,410,1474,0.1388
1074,414,1488,0.1388
1075,419,1494,0.1388
1083,428,1511,0.1388
1082,422,1504,0.1388
1073,420,1493,0.1388
1078,422,1500,0.1388
1081,418,1499,0.1388
1080,423,1503,0.1388
1063,424,1487,0.1388
1060,423,1483,0.1388
1049,423,1472,0.1388
1061,427,1488,0.1388
1062,428,1490,0.1388
1066,423,1489,0.1388
1057,423,1480,0.1388
1054,426,1480,0.1388
1055,422,1477,0.1388
1049,423,1472,0.1388
1048,422,1470,0.1388
1049,430,1479,0.1388
1052,436,1488,0.1388
1057,443,1500,0.1388
1053,442,1495,0.1388
1056,433,1489,0.1388
1059,432,1491,0.1388
1067,434,1501,0.1388
1053,426,1479,0.1388
1063,428,1491,0.1388
1061,432,1493,0.1388
1060,429,1489,0.1388
1073,432,1505,0.1388
1075,434,1509,0.1388
1084,438,1522,0.1388
1093,432,1525,0.1388
1079,431,1510,0.1388
1069,436,1505,0.1388
1059,429,1488,0.1388
1057,428,1485,0.1388
1057,423,1480,0.1388
1060,429,1489,0.1388
1065,437,1502,0.1388
1062,437,1499,0.1388
1060,439,1499,0.1388
1056,438,1494,0.1388
1046,448,1494,0.1388
1048,442,1490,0.1388
1058,438,1496,0.1388
1062,439,1501,0.1388
1050,441,1491,0.1388
1057,447,1504,0.1388
1043,459,1502,0.1388
1029,464,1493,0.1388
1038,463,1501,0.1388
1026,465,1491,0.1388
1027,467,1494,0.1388
1031,477,1508,0.1388
1034,483,1517,0.1388
1022,479,1501,0.1388
1036,471,1507,0.1388
1043,469,1512,0.1388
1032,473,1505,0.1388
1035,473,1508,0.1388
1025,472,1497,0.1388
1021,470,1491,0.1388
1031,481,1512,0.1388
1025,473,1498,0.1388
1014,479,1493,0.1388
1010,476,1486,0.1388
1021,480,1501,0.1388
1016,477,1493,0.1388
1015,483,1498,0.1388
1024,474,1498,0.1388
1022,480,1502,0.1388
1016,484,1500,0.1388
1015,484,1499,0.1388
1007,489,1496,0.1388
997,489,1486,0.1388
991,493,1484,0.1388
989,502,1491,0.1388
984,501,1485,0.1388
994,508,1502,0.1388
991,504,1495,0.1388
994,505,1499,0.1388
993,507,1500,0.1388
989,506,1495,0.1388
988,494,1482,0.1388
987,504,1491,0.1388
994,502,1496,0.1388
993,500,1493,0.1388
1001,509,1510,0.1388
983,502,1485,0.1388
986,509,1495,0.1388
988,508,1496,0.1388
976,508,1484,0.1388
970,503,1473,0.1388
976,504,1480,0.1388
978,510,1488,0.1388
978,513,1491,0.1388
977,508,1485,0.1388
964,520,1484,0.1388
976,516,1492,0.1388
970,513,1483,0.1388
958,509,1467,0.1388
966,516,1482,0.1388
962,533,1495,0.1388
962,527,1489,0.1388
969,516,1485,0.1388
975,519,1494,0.1388
983,519,1502,0.1388
973,522,1495,0.1388
964,512,1476,0.1388
968,522,1490,0.1388
972,522,1494,0.1388
969,522,1491,0.1388
964,523,1487,0.1388
959,529,1488,0.1388
961,524,1485,0.1388
969,524,1493,0.1388
968,523,1491,0.1388
971,518,1489,0.1388
964,536,1500,0.1388
957,534,1491,0.1388
957,538,1495,0.1388
956,532,1488,0.1388
962,544,1506,0.1388
965,544,1509,0.1388
963,540,1503,0.1388
967,533,1500,0.1388
970,529,1499,0.1388
965,533,1498,0.1388
968,540,1508,0.1388
962,541,1503,0.1388
948,539,1487,0.1388
956,552,1508,0.1388
953,544,1497,0.1388
953,548,1501,0.1388
957,538,1495,0.1388
953,543,1496,0.1388
955,544,1499,0.1388
944,553,1497,0.1388
938,557,1495,0.1388
946,557,1503,0.1388
951,561,1512,0.1388
950,561,1511,0.1388
941,560,1501,0.1388
925,558,1483,0.1388
920,568,1488,0.1388
915,564,1479,0.1388
919,571,1490,0.1388
921,571,1492,0.1388
924,574,1498,0.1388
926,578,1504,0.1388
920,582,1502,0.1388
915,579,1494,0.1388
920,577,1497,0.1388
926,578,1504,0.1388
929,572,1501,0.1388
925,577,1502,0.1388
931,575,1506,0.1388
932,582,1514,0.1388
921,584,1505,0.1388
929,590,1519,0.1388
929,580,1509,0.1388
937,589,1526,0.1388
923,595,1518,0.1388
929,595,1524,0.1388
922,586,1508,0.1388
920,593,1513,0.1388
921,588,1509,0.1388
912,591,1503,0.1388
914,584,1498,0.1388
918,585,1503,0.1388
909,599,1508,0.1388
900,609,1509,0.1388
901,592,1493,0.1388
896,595,1491,0.1388
894,598,1492,0.1388
884,597,1481,0.1388
894,597,1491,0.1388
890,597,1487,0.1388
886,597,1483,0.1388
879,612,1491,0.1388
890,610,1500,0.1388
884,596,1480,0.1388
884,604,1488,0.1388
883,606,1489,0.1388
882,609,1491,0.1388
880,612,1492,0.1388
867,608,1475,0.1388
880,602,1482,0.1388
885,604,1489,0.1388
893,603,1496,0.1388
888,606,1494,0.1388
898,610,1508,0.1388
884,611,1495,0.1388
883,612,1495,0.1388
878,607,1485,0.1388
876,611,1487,0.1388
869,616,1485,0.1388
871,622,1493,0.1388
874,626,1500,0.1388
868,627,1495,0.1388
862,623,1485,0.1388
861,629,1490,0.1388
869,634,1503,0.1388
869,634,1503,0.1388
870,627,1497,0.1388
882,629,1511,0.1388
882,623,1505,0.1388
886,618,1504,0.1388
881,622,1503,0.1388
880,632,1512,0.1388
888,627,1515,0.1388
878,632,1510,0.1388
865,631,1496,0.1388
865,634,1499,0.1388
878,633,1511,0.1388
869,631,1500,0.1388
864,635,1499,0.1388
863,633,1496,0.1388
862,632,1494,0.1388
865,637,1502,0.1388
854,642,1496,0.1388
855,648,1503,0.1388
841,652,1493,0.1388
845,660,1505,0.1388
850,648,1498,0.1388
857,641,1498,0.1388
867,638,1505,0.1388
862,643,1505,0.1388
867,647,1514,0.1388
855,650,1505,0.1388
855,653,1508,0.1388
858,652,1510,0.1388
864,659,1523,0.1388
855,656,1511,0.1388
853,663,1516,0.1388
845,654,1499,0.1388
842,653,1495,0.1388
838,656,1494,0.1388
848,643,1491,0.1388
856,650,1506,0.1388
852,652,1504,0.1388
845,654,1499,0.1388
839,667,1506,0.1388
837,673,1510,0.1388
829,657,1486,0.1388
833,661,1494,0.1388
842,661,1503,0.1388
833,664,1497,0.1388
831,672,1503,0.1388
825,668,1493,0.1388
825,679,1504,0.1388
823,688,1511,0.1388
822,692,1514,0.1388
824,695,1519,0.1388
814,691,1505,0.1388
804,692,1496,0.1388
791,702,1493,0.1388
784,700,1484,0.1388
793,690,1483,0.1388
796,703,1499,0.1388
793,697,1490,0.1388
791,699,1490,0.1388
802,703,1505,0.1388
796,703,1499,0.1388
792,710,1502,0.1388
799,704,1503,0.1388
803,705,1508,0.1388
805,696,1501,0.1388
809,698,1507,0.1388
807,696,1503,0.1388
790,699,1489,0.1388
787,698,1485,0.1388
795,708,1503,0.1388
786,716,1502,0.1388
794,722,1516,0.1388
795,722,1517,0.1388
798,710,1508,0.1388
789,709,1498,0.1388
786,713,1499,0.1388
782,715,1497,0.1388
783,709,1492,0.1388
802,708,1510,0.1388
809,710,1519,0.1388
803,706,1509,0.1388
793,705,1498,0.1388
801,713,1514,0.1388
795,720,1515,0.1388
791,727,1518,0.1388
786,727,1513,0.1388
785,726,1511,0.1388
794,722,1516,0.1388
788,723,1511,0.1388
780,720,1500,0.1388
785,712,1497,0.1388
783,710,1493,0.1388
772,718,1490,0.1388
762,721,1483,0.1388
763,721,1484,0.1388
763,725,1488,0.1388
775,734,1509,0.1388
780,735,1515,0.1388
777,732,1509,0.1388
772,728,1500,0.1388
766,737,1503,0.1388
767,731,1498,0.1388
770,737,1507,0.1388
766,736,1502,0.1388
770,736,1506,0.1388
771,746,1517,0.1388
760,740,1500,0.1388
754,742,1496,0.1388
756,750,1506,0.1388
749,758,1507,0.1388
751,755,1506,0.1388
748,752,1500,0.1388
751,743,1494,0.1388
751,750,1501,0.1388
749,761,1510,0.1388
741,765,1506,0.1388
746,765,1511,0.1388
759,771,1530,0.1388
757,762,1519,0.1388
756,760,1516,0.1388
751,771,1522,0.1388
743,775,1518,0.1388
739,765,1504,0.1388
735,770,1505,0.1388
724,777,1501,0.1388
724,770,1494,0.1388
729,786,1515,0.1388
734,782,1516,0.1388
724,783,1507,0.1388
727,784,1511,0.1388
709,786,1495,0.1388
703,782,1485,0.1388
693,800,1493,0.1388
696,800,1496,0.1388
699,816,1515,0.1388
695,811,1506,0.1388
702,811,1513,0.1388
710,813,1523,0.1388
707,812,1519,0.1388
704,810,1514,0.1388
705,808,1513,0.1388
708,821,1529,0.1388
700,818,1518,0.1388
701,810,1511,0.1388
699,812,1511,0.1388
700,816,1516,0.1388
697,813,1510,0.1388
698,824,1522,0.1388
698,826,1524,0.1388
702,820,1522,0.1388
700,824,1524,0.1388
693,828,1521,0.1388
691,821,1512,0.1388
694,835,1529,0.1388
686,838,1524,0.1388
678,837,1515,0.1388
671,834,1505,0.1388
667,830,1497,0.1388
671,838,1509,0.1388
670,838,1508,0.1388
667,823,1490,0.1388
669,824,1493,0.1388
674,832,1506,0.1388
681,826,1507,0.1388
680,834,1514,0.1388
681,834,1515,0.1388
682,827,1509,0.1388
680,825,1505,0.1388
679,838,1517,0.1388
673,830,1503,0.1388
663,831,1494,0.1388
670,830,1500,0.1388
674,830,1504,0.1388
678,825,1503,0.1388
677,844,1521,0.1388
678,836,1514,0.1388
671,831,1502,0.1388
671,821,1492,0.1388
673,834,1507,0.1388
681,828,1509,0.1388
682,818,1500,0.1388
680,823,1503,0.1388
688,816,1504,0.1388
679,813,1492,0.1388
678,808,1486,0.1388
678,813,1491,0.1388
675,823,1498,0.1388
669,821,1490,0.1388
674,826,1500,0.1388
665,830,1495,0.1388
661,836,1497,0.1388
660,828,1488,0.1388
672,833,1505,0.1388
672,831,1503,0.1388
674,832,1506,0.1388
668,838,1506,0.1388
677,842,1519,0.1388
668,840,1508,0.1388
676,839,1515,0.1388
668,845,1513,0.1388
657,844,1501,0.1388
665,852,1517,0.1388
666,836,1502,0.1388
669,838,1507,0.1388
659,852,1511,0.1388
649,853,1502,0.1388
645,852,1497,0.1388
640,851,1491,0.1388
642,859,1501,0.1388
650,862,1512,0.1388
659,859,1518,0.1388
658,850,1508,0.1388
656,850,1506,0.1388
651,850,1501,0.1388
649,853,1502,0.1388
664,856,1520,0.1388
662,847,1509,0.1388
660,838,1498,0.1388
662,837,1499,0.1388
660,846,1506,0.1388
659,847,1506,0.1388
669,856,1525,0.1388
663,856,1519,0.1388
656,860,1516,0.1388
659,854,1513,0.1388
657,861,1518,0.1388
655,857,1512,0.1388
654,863,1517,0.1388
662,860,1522,0.1388
665,854,1519,0.1388
652,853,1505,0.1388
647,855,1502,0.1388
655,852,1507,0.1388
640,855,1495,0.1388
652,849,1501,0.1388
649,858,1507,0.1388
646,867,1513,0.1388
647,859,1506,0.1388
648,860,1508,0.1388
646,860,1506,0.1388
648,864,1512,0.1388
645,868,1513,0.1388
645,869,1514,0.1388
649,877,1526,0.1388
639,873,1512,0.1388
640,877,1517,0.1388
647,868,1515,0.1388
643,871,1514,0.1388
643,882,1525,0.1388
633,887,1520,0.1388
634,885,1519,0.1388
637,884,1521,0.1388
635,878,1513,0.1388
631,880,1511,0.1388
630,885,1515,0.1388
629,896,1525,0.1388
630,882,1512,0.1388
622,890,1512,0.1388
622,889,1511,0.1388
622,894,1516,0.1388
620,889,1509,0.1388
617,879,1496,0.1388
621,882,1503,0.1388
617,889,1506,0.1388
614,889,1503,0.1388
614,888,1502,0.1388
619,899,1518,0.1388
620,898,1518,0.1388
623,891,1514,0.1388
622,887,1509,0.1388
625,897,1522,0.1388
622,896,1518,0.1388
612,899,1511,0.1388
615,900,1515,0.1388
609,903,1512,0.1388
598,904,1502,0.1388
601,904,1505,0.1388
605,902,1507,0.1388
602,907,1509,0.1388
601,906,1507,0.1388
606,909,1515,0.1388
601,908,1509,0.1388
587,915,1502,0.1388
585,923,1508,0.1388
587,911,1498,0.1388
594,924,1518,0.1388
586,922,1508,0.1388
585,921,1506,0.1388
581,922,1503,0.1388
586,928,1514,0.1388
586,927,1513,0.1388
579,928,1507,0.1388
574,926,1500,0.1388
583,922,1505,0.1388
574,920,1494,0.1388
571,916,1487,0.1388
572,925,1497,0.1388
571,933,1504,0.1388
563,937,1500,0.1388
567,941,1508,0.1388
574,938,1512,0.1388
572,952,1524,0.1388
572,942,1514,0.1388
572,945,1517,0.1388
578,931,1509,0.1388
580,930,1510,0.1388
567,927,1494,0.1388
570,936,1506,0.1388
566,950,1516,0.1388
561,947,1508,0.1388
561,942,1503,0.1388
565,936,1501,0.1388
564,950,1514,0.1388
566,950,1516,0.1388
560,949,1509,0.1388
549,950,1499,0.1388
556,948,1504,0.1388
547,950,1497,0.1388
550,959,1509,0.1388
552,960,1512,0.1388
541,963,1504,0.1388
539,970,1509,0.1388
539,970,1509,0.1388
543,969,1512,0.1388
548,970,1518,0.1388
547,970,1517,0.1388
541,966,1507,0.1388
534,972,1506,0.1388
532,981,1513,0.1388
531,978,1509,0.1388
536,974,1510,0.1388
540,960,1500,0.1388
538,954,1492,0.1388
541,961,1502,0.1388
533,966,1499,0.1388
530,973,1503,0.1388
524,982,1506,0.1388
521,980,1501,0.1388
519,990,1509,0.1388
521,984,1505,0.1388
518,989,1507,0.1388
526,981,1507,0.1388
531,997,1528,0.1388
522,994,1516,0.1388
522,995,1517,0.1388
525,982,1507,0.1388
522,990,1512,0.1388
523,1001,1524,0.1388
519,997,1516,0.1388
522,995,1517,0.1388
527,1000,1527,0.1388
520,992,1512,0.1388
520,992,1512,0.1388
512,996,1508,0.1388
512,990,1502,0.1388
508,982,1490,0.1388
508,986,1494,0.1388
505,986,1491,0.1388
507,986,1493,0.1388
510,995,1505,0.1388
506,993,1499,0.1388
499,991,1490,0.1388
496,1001,1497,0.1388
493,1010,1503,0.1388
483,1008,1491,0.1388
483,1017,1500,0.1388
481,1005,1486,0.1388
482,1013,1495,0.1388
487,1009,1496,0.1388
485,1024,1509,0.1388
490,1021,1511,0.1388
493,1026,1519,0.1388
489,1025,1514,0.1388
488,1031,1519,0.1388
494,1026,1520,0.1388
488,1017,1505,0.1388
482,1020,1502,0.1388
485,1030,1515,0.1388
487,1032,1519,0.1388
485,1041,1526,0.1388
479,1040,1519,0.1388
480,1041,1521,0.1388
479,1033,1512,0.1388
487,1028,1515,0.1388
485,1022,1507,0.1388
484,1028,1512,0.1388
481,1027,1508,0.1388
478,1032,1510,0.1388
478,1037,1515,0.1388
476,1033,1509,0.1388
473,1031,1504,0.1388
474,1034,1508,0.1388
475,1032,1507,0.1388
477,1035,1512,0.1388
476,1022,1498,0.1388
469,1026,1495,0.1388
470,1027,1497,0.1388
467,1029,1496,0.1388
468,1045,1513,0.1388
459,1040,1499,0.1388
465,1044,1509,0.1388
466,1034,1500,0.1388
467,1050,1517,0.1388
460,1051,1511,0.1388
455,1054,1509,0.1388
457,1061,1518,0.1388
450,1063,1513,0.1388
455,1060,1515,0.1388
451,1061,1512,0.1388
454,1054,1508,0.1388
463,1059,1522,0.1388
463,1066,1529,0.1388
455,1066,1521,0.1388
451,1067,1518,0.1388
445,1064,1509,0.1388
437,1064,1501,0.1388
437,1079,1516,0.1388
438,1080,1518,0.1388
437,1092,1529,0.1388
434,1075,1509,0.1388
435,1082,1517,0.1388
435,1082,1517,0.1388
436,1089,1525,0.1388
434,1074,1508,0.1388
434,1079,1513,0.1388
427,1088,1515,0.1388
428,1090,1518,0.1388
426,1090,1516,0.1388
416,1097,1513,0.1388
415,1098,1513,0.1388
411,1101,1512,0.1388
401,1098,1499,0.1388
401,1115,1516,0.1388
403,1118,1521,0.1388
402,1115,1517,0.1388
393,1102,1495,0.1388
392,1100,1492,0.1388
380,1125,1505,0.1388
379,1141,1520,0.1388
376,1131,1507,0.1388
368,1138,1506,0.1388
372,1135,1507,0.1388
377,1128,1505,0.1388
381,1138,1519,0.1388
372,1134,1506,0.1388
365,1132,1497,0.1388
357,1135,1492,0.1388
361,1130,1491,0.1388
367,1131,1498,0.1388
371,1136,1507,0.1388
373,1155,1528,0.1388
375,1147,1522,0.1388
371,1138,1509,0.1388
365,1151,1516,0.1388
362,1155,1517,0.1388
361,1155,1516,0.1388
351,1159,1510,0.1388
354,1155,1509,0.1388
358,1160,1518,0.1388
354,1165,1519,0.1388
348,1164,1512,0.1388
349,1164,1513,0.1388
352,1158,1510,0.1388
346,1169,1515,0.1388
344,1178,1522,0.1388
343,1168,1511,0.1388
340,1178,1518,0.1388
342,1183,1525,0.1388
341,1167,1508,0.1388
346,1173,1519,0.1388
336,1169,1505,0.1388
334,1167,1501,0.1388
339,1160,1499,0.1388
343,1169,1512,0.1388
347,1174,1521,0.1388
346,1170,1516,0.1388
346,1172,1518,0.1388
350,1167,1517,0.1388
347,1169,1516,0.1388
347,1169,1516,0.1388
347,1171,1518,0.1388
347,1162,1509,0.1388
352,1172,1524,0.1388
346,1165,1511,0.1388
350,1164,1514,0.1388
353,1159,1512,0.1388
351,1168,1519,0.1388
347,1165,1512,0.1388
348,1151,1499,0.1388
350,1158,1508,0.1388
353,1160,1513,0.1388
352,1162,1514,0.1388
361,1164,1525,0.1388
354,1167,1521,0.1388
342,1172,1514,0.1388
343,1168,1511,0.1388
341,1185,1526,0.1388
342,1174,1516,0.1388
340,1168,1508,0.1388
335,1174,1509,0.1388
339,1170,1509,0.1388
330,1171,1501,0.1388
325,1182,1507,0.1388
325,1175,1500,0.1388
321,1187,1508,0.1388
328,1191,1519,0.1388
325,1193,1518,0.1388
321,1196,1517,0.1388
316,1201,1517,0.1388
321,1215,1536,0.1388
314,1203,1517,0.1388
314,1209,1523,0.1388
313,1205,1518,0.1388
314,1208,1522,0.1388
321,1211,1532,0.1388
313,1211,1524,0.1388
305,1218,1523,0.1388
305,1214,1519,0.1388
298,1218,1516,0.1388
298,1224,1522,0.1388
293,1223,1516,0.1388
285,1214,1499,0.1388
293,1234,1527,0.1388
287,1223,1510,0.1388
289,1217,1506,0.1388
286,1238,1524,0.1388
284,1231,1515,0.1388
285,1222,1507,0.1388
285,1224,1509,0.1388
286,1230,1516,0.1388
282,1232,1514,0.1388
279,1231,1510,0.1388
280,1235,1515,0.1388
283,1232,1515,0.1388
285,1234,1519,0.1388
286,1237,1523,0.1388
285,1234,1519,0.1388
285,1244,1529,0.1388
281,1245,1526,0.1388
280,1237,1517,0.1388
279,1245,1524,0.1388
273,1248,1521,0.1388
265,1255,1520,0.1388
262,1259,1521,0.1388
259,1266,1525,0.1388
260,1260,1520,0.1388
262,1262,1524,0.1388
259,1256,1515,0.1388
251,1260,1511,0.1388
245,1261,1506,0.1388
238,1256,1494,0.1388
241,1275,1516,0.1388
240,1268,1508,0.1388
238,1273,1511,0.1388
241,1274,1515,0.1388
242,1263,1505,0.1388
243,1273,1516,0.1388
241,1270,1511,0.1388
238,1279,1517,0.1388
232,1277,1509,0.1388
231,1275,1506,0.1388
234,1292,1526,0.1388
234,1292,1526,0.1388
231,1287,1518,0.1388
228,1286,1514,0.1388
231,1292,1523,0.1388
235,1296,1531,0.1388
234,1305,1539,0.1388
233,1299,1532,0.1388
226,1294,1520,0.1388
224,1301,1525,0.1388
221,1304,1525,0.1388
219,1286,1505,0.1388
217,1288,1505,0.1388
217,1289,1506,0.1388
211,1298,1509,0.1388
212,1299,1511,0.1388
212,1304,1516,0.1388
209,1312,1521,0.1388
212,1315,1527,0.1388
213,1307,1520,0.1388
210,1307,1517,0.1388
209,1297,1506,0.1388
213,1294,1507,0.1388
216,1301,1517,0.1388
217,1304,1521,0.1388
215,1302,1517,0.1388
218,1292,1510,0.1388
217,1291,1508,0.1388
213,1293,1506,0.1388
211,1288,1499,0.1388
209,1288,1497,0.1388
210,1292,1502,0.1388
208,1301,1509,0.1388
209,1303,1512,0.1388
206,1301,1507,0.1388
206,1308,1514,0.1388
203,1303,1506,0.1388
208,1303,1511,0.1388
209,1302,1511,0.1388
204,1304,1508,0.1388
205,1303,1508,0.1388
205,1298,1503,0.1388
203,1304,1507,0.1388
198,1312,1510,0.1388
198,1320,1518,0.1388
198,1320,1518,0.1388
198,1324,1522,0.1388
193,1324,1517,0.1388
192,1329,1521,0.1388
197,1325,1522,0.1388
188,1321,1509,0.1388
189,1319,1508,0.1388
184,1329,1513,0.1388
183,1334,1517,0.1388
191,1320,1511,0.1388
189,1315,1504,0.1388
186,1330,1516,0.1388
188,1328,1516,0.1388
191,1330,1521,0.1388
191,1336,1527,0.1388
188,1352,1540,0.1388
186,1343,1529,0.1388
186,1349,1535,0.1388
182,1348,1530,0.1388
179,1349,1528,0.1388
175,1343,1518,0.1388
174,1342,1516,0.1388
169,1335,1504,0.1388
169,1353,1522,0.1388
171,1360,1531,0.1388
172,1360,1532,0.1388
177,1352,1529,0.1388
181,1338,1519,0.1388
178,1347,1525,0.1388
180,1354,1534,0.1388
177,1355,1532,0.1388
176,1348,1524,0.1388
178,1345,1523,0.1388
180,1350,1530,0.1388
178,1353,1531,0.1388
177,1353,1530,0.1388
175,1350,1525,0.1388
174,1337,1511,0.1388
174,1339,1513,0.1388
175,1335,1510,0.1388
170,1343,1513,0.1388
166,1338,1504,0.1388
165,1334,1499,0.1388
171,1344,1515,0.1388
171,1344,1515,0.1388
172,1340,1512,0.1388
167,1347,1514,0.1388
165,1340,1505,0.1388
161,1349,1510,0.1388
160,1349,1509,0.1388
160,1348,1508,0.1388
162,1351,1513,0.1388
165,1353,1518,0.1388
162,1349,1511,0.1388
167,1355,1522,0.1388
169,1347,1516,0.1388
167,1345,1512,0.1388
167,1354,1521,0.1388
167,1354,1521,0.1388
167,1358,1525,0.1388
165,1349,1514,0.1388
166,1349,1515,0.1388
169,1340,1509,0.1388
170,1351,1521,0.1388
165,1344,1509,0.1388
166,1345,1511,0.1388
165,1343,1508,0.1388
166,1356,1522,0.1388
168,1359,1527,0.1388
164,1354,1518,0.1388
164,1351,1515,0.1388
167,1344,1511,0.1388
167,1328,1495,0.1388
174,1346,1520,0.1388
171,1354,1525,0.1388
168,1350,1518,0.1388
166,1347,1513,0.1388
167,1356,1523,0.1388
163,1354,1517,0.1388
161,1359,1520,0.1388
164,1357,1521,0.1388
164,1353,1517,0.1388
164,1350,1514,0.1388
163,1346,1509,0.1388
163,1359,1522,0.1388
160,1349,1509,0.1388
161,1342,1503,0.1388
162,1343,1505,0.1388
155,1341,1496,0.1388
152,1346,1498,0.1388
147,1366,1513,0.1388
148,1359,1507,0.1388
147,1363,1510,0.1388
143,1364,1507,0.1388
147,1375,1522,0.1388
147,1369,1516,0.1388
150,1350,1500,0.1388
153,1362,1515,0.1388
157,1356,1513,0.1388
156,1363,1519,0.1388
154,1365,1519,0.1388
156,1372,1528,0.1388
152,1369,1521,0.1388
149,1366,1515,0.1388
152,1366,1518,0.1388
150,1364,1514,0.1388
150,1363,1513,0.1388
149,1359,1508,0.1388
150,1367,1517,0.1388
146,1382,1528,0.1388
146,1386,1532,0.1388
149,1376,1525,0.1388
146,1379,1525,0.1388
147,1377,1524,0.1388
146,1373,1519,0.1388
144,1363,1507,0.1388
143,1363,1506,0.1388
146,1367,1513,0.1388
144,1370,1514,0.1388
151,1354,1505,0.1388
151,1373,1524,0.1388
150,1377,1527,0.1388
147,1368,1515,0.1388
142,1362,1504,0.1388
144,1368,1512,0.1388
143,1381,1524,0.1388
146,1383,1529,0.1388
148,1387,1535,0.1388
150,1378,1528,0.1388
151,1373,1524,0.1388
149,1373,1522,0.1388
151,1369,1520,0.1388
152,1369,1521,0.1388
151,1358,1509,0.1388
152,1364,1516,0.1388
153,1359,1512,0.1388
148,1373,1521,0.1388
146,1381,1527,0.1388
144,1380,1524,0.1388
142,1370,1512,0.1388
144,1367,1511,0.1388
144,1369,1513,0.1388
146,1375,1521,0.1388
144,1367,1511,0.1388
145,1367,1512,0.1388
149,1372,1521,0.1388
152,1364,1516,0.1388
151,1379,1530,0.1388
149,1391,1540,0.1388
148,1390,1538,0.1388
142,1386,1528,0.1388
141,1389,1530,0.1388
146,1381,1527,0.1388
145,1377,1522,0.1388
139,1388,1527,0.1388
145,1382,1527,0.1388
138,1391,1529,0.1388
139,1381,1520,0.1388
135,1383,1518,0.1388
139,1386,1525,0.1388
138,1381,1519,0.1388
136,1387,1523,0.1388
135,1380,1515,0.1388
132,1381,1513,0.1388
134,1379,1513,0.1388
130,1391,1521,0.1388
128,1388,1516,0.1388
131,1383,1514,0.1388
127,1381,1508,0.1388
129,1379,1508,0.1388
128,1364,1492,0.1388
128,1372,1500,0.1388
126,1383,1509,0.1388
123,1382,1505,0.1388
121,1388,1509,0.1388
118,1381,1499,0.1388
115,1399,1514,0.1388
116,1388,1504,0.1388
122,1387,1509,0.1388
119,1396,1515,0.1388
116,1385,1501,0.1388
116,1387,1503,0.1388
117,1393,1510,0.1388
112,1395,1507,0.1388
111,1402,1513,0.1388
107,1406,1513,0.1388
109,1405,1514,0.1388
111,1416,1527,0.1388
113,1416,1529,0.1388
113,1400,1513,0.1388
112,1420,1532,0.1388
111,1418,1529,0.1388
113,1410,1523,0.1388
116,1402,1518,0.1388
116,1406,1522,0.1388
110,1414,1524,0.1388
112,1402,1514,0.1388
111,1412,1523,0.1388
111,1406,1517,0.1388
110,1405,1515,0.1388
109,1404,1513,0.1388
112,1411,1523,0.1388
113,1404,1517,0.1388
118,1415,1533,0.1388
118,1415,1533,0.1388
121,1400,1521,0.1388
117,1379,1496,0.1388
118,1387,1505,0.1388
118,1374,1492,0.1388
120,1387,1507,0.1388
116,1391,1507,0.1388
119,1394,1513,0.1388
120,1387,1507,0.1388
122,1398,1520,0.1388
119,1404,1523,0.1388
120,1399,1519,0.1388
117,1398,1515,0.1388
119,1390,1509,0.1388
119,1392,1511,0.1388
116,1391,1507,0.1388
116,1413,1529,0.1388
110,1411,1521,0.1388
108,1415,1523,0.1388
109,1425,1534,0.1388
110,1419,1529,0.1388
110,1410,1520,0.1388
111,1413,1524,0.1388
111,1408,1519,0.1388
112,1402,1514,0.1388
112,1404,1516,0.1388
113,1403,1516,0.1388
113,1407,1520,0.1388
110,1420,1530,0.1388
108,1414,1522,0.1388
108,1419,1527,0.1388
107,1432,1539,0.1388
110,1413,1523,0.1388
106,1422,1528,0.1388
103,1417,1520,0.1388
105,1404,1509,0.1388
105,1393,1498,0.1388
105,1403,1508,0.1388
104,1410,1514,0.1388
102,1418,1520,0.1388
102,1410,1512,0.1388
102,1418,1520,0.1388
99,1422,1521,0.1388
98,1417,1515,0.1388
99,1406,1505,0.1388
99,1405,1504,0.1388
100,1396,1496,0.1388
99,1392,1491,0.1388
97,1390,1487,0.1388
100,1400,1500,0.1388
99,1409,1508,0.1388
100,1403,1503,0.1388
104,1417,1521,0.1388
104,1423,1527,0.1388
100,1422,1522,0.1388
97,1422,1519,0.1388
95,1417,1512,0.1388
97,1409,1506,0.1388
102,1407,1509,0.1388
102,1410,1512,0.1388
100,1411,1511,0.1388
102,1422,1524,0.1388
100,1412,1512,0.1388
100,1413,1513,0.1388
97,1406,1503,0.1388
96,1421,1517,0.1388
99,1411,1510,0.1388
101,1406,1507,0.1388
98,1432,1530,0.1388
97,1436,1533,0.1388
100,1440,1540,0.1388
98,1422,1520,0.1388
97,1422,1519,0.1388
96,1423,1519,0.1388
94,1422,1516,0.1388
94,1414,1508,0.1388
97,1426,1523,0.1388
95,1433,1528,0.1388
94,1428,1522,0.1388
95,1429,1524,0.1388
94,1424,1518,0.1388
94,1429,1523,0.1388
94,1435,1529,0.1388
92,1418,1510,0.1388
90,1429,1519,0.1388
86,1433,1519,0.1388
82,1426,1508,0.1388
86,1431,1517,0.1388
88,1419,1507,0.1388
89,1433,1522,0.1388
87,1439,1526,0.1388
85,1443,1528,0.1388
85,1420,1505,0.1388
85,1425,1510,0.1388
86,1426,1512,0.1388
88,1435,1523,0.1388
87,1435,1522,0.1388
86,1438,1524,0.1388
85,1434,1519,0.1388
85,1425,1510,0.1388
83,1427,1510,0.1388
81,1433,1514,0.1388
80,1435,1515,0.1388
79,1443,1522,0.1388
75,1436,1511,0.1388
77,1428,1505,0.1388
77,1431,1508,0.1388
78,1440,1518,0.1388
75,1456,1531,0.1388
74,1456,1530,0.1388
76,1447,1523,0.1388
74,1451,1525,0.1388
74,1464,1538,0.1388
75,1451,1526,0.1388
77,1452,1529,0.1388
80,1447,1527,0.1388
75,1437,1512,0.1388
75,1433,1508,0.1388
73,1436,1509,0.1388
74,1438,1512,0.1388
76,1442,1518,0.1388
79,1443,1522,0.1388
77,1457,1534,0.1388
77,1446,1523,0.1388
78,1435,1513,0.1388
78,1431,1509,0.1388
76,1430,1506,0.1388
74,1441,1515,0.1388
73,1430,1503,0.1388
70,1434,1504,0.1388
68,1446,1514,0.1388
66,1448,1514,0.1388
68,1435,1503,0.1388
69,1429,1498,0.1388
69,1432,1501,0.1388
68,1431,1499,0.1388
68,1436,1504,0.1388
67,1437,1504,0.1388
66,1452,1518,0.1388
66,1449,1515,0.1388
64,1433,1497,0.1388
63,1439,1502,0.1388
64,1428,1492,0.1388
65,1439,1504,0.1388
64,1443,1507,0.1388
64,1447,1511,0.1388
64,1455,1519,0.1388
65,1449,1514,0.1388
65,1458,1523,0.1388
65,1444,1509,0.1388
65,1445,1510,0.1388
64,1459,1523,0.1388
66,1454,1520,0.1388
68,1433,1501,0.1388
68,1442,1510,0.1388
68,1447,1515,0.1388
69,1456,1525,0.1388
70,1458,1528,0.1388
71,1457,1528,0.1388
69,1448,1517,0.1388
68,1453,1521,0.1388
66,1452,1518,0.1388
63,1452,1515,0.1388
58,1452,1510,0.1388
56,1464,1520,0.1388
55,1461,1516,0.1388
52,1461,1513,0.1388
51,1470,1521,0.1388
48,1454,1502,0.1388
47,1471,1518,0.1388
49,1468,1517,0.1388
47,1475,1522,0.1388
47,1459,1506,0.1388
48,1457,1505,0.1388
49,1470,1519,0.1388
49,1476,1525,0.1388
50,1469,1519,0.1388
48,1453,1501,0.1388
47,1443,1490,0.1388
47,1453,1500,0.1388
46,1461,1507,0.1388
45,1470,1515,0.1388
46,1458,1504,0.1388
47,1466,1513,0.1388
49,1471,1520,0.1388
47,1464,1511,0.1388
48,1467,1515,0.1388
46,1471,1517,0.1388
48,1467,1515,0.1388
47,1480,1527,0.1388
46,1468,1514,0.1388
40,1469,1509,0.1388
38,1471,1509,0.1388
38,1467,1505,0.1388
37,1472,1509,0.1388
37,1478,1515,0.1388
38,1481,1519,0.1388
38,1471,1509,0.1388
39,1485,1524,0.1388
39,1488,1527,0.1388
38,1480,1518,0.1388
40,1481,1521,0.1388
41,1479,1520,0.1388
39,1476,1515,0.1388
41,1478,1519,0.1388
38,1476,1514,0.1388
38,1464,1502,0.1388
36,1461,1497,0.1388
36,1476,1512,0.1388
36,1485,1521,0.1388
37,1486,1523,0.1388
37,1489,1526,0.1388
36,1477,1513,0.1388
35,1486,1521,0.1388
36,1479,1515,0.1388
37,1476,1513,0.1388
36,1484,1520,0.1388
39,1479,1518,0.1388
39,1484,1523,0.1388
37,1480,1517,0.1388
37,1489,1526,0.1388
35,1492,1527,0.1388
36,1482,1518,0.1388
33,1489,1522,0.1388
33,1480,1513,0.1388
33,1482,1515,0.1388
32,1490,1522,0.1388
32,1502,1534,0.1388
31,1501,1532,0.1388
30,1492,1522,0.1388
30,1492,1522,0.1388
32,1477,1509,0.1388
29,1473,1502,0.1388
29,1480,1509,0.1388
28,1491,1519,0.1388
30,1494,1524,0.1388
30,1490,1520,0.1388
31,1493,1524,0.1388
32,1490,1522,0.1388
31,1485,1516,0.1388
31,1488,1519,0.1388
31,1480,1511,0.1388
32,1476,1508,0.1388
31,1487,1518,0.1388
29,1482,1511,0.1388
30,1483,1513,0.1388
31,1485,1516,0.1388
31,1479,1510,0.1388
29,1496,1525,0.1388
29,1502,1531,0.1388
30,1495,1525,0.1388
30,1495,1525,0.1388
31,1489,1520,0.1388
28,1483,1511,0.1388
28,1480,1508,0.1388
32,1480,1512,0.1388
32,1480,1512,0.1388
29,1490,1519,0.1388
29,1486,1515,0.1388
30,1504,1534,0.1388
30,1494,1524,0.1388
29,1503,1532,0.1388
30,1489,1519,0.1388
33,1502,1535,0.1388
33,1486,1519,0.1388
30,1476,1506,0.1388
30,1465,1495,0.1388
29,1481,1510,0.1388
30,1483,1513,0.1388
29,1489,1518,0.1388
30,1493,1523,0.1388
30,1491,1521,0.1388
29,1486,1515,0.1388
30,1492,1522,0.1388
28,1496,1524,0.1388
29,1486,1515,0.1388
26,1481,1507,0.1388
26,1486,1512,0.1388
27,1480,1507,0.1388
27,1487,1514,0.1388
28,1476,1504,0.1388
32,1470,1502,0.1388
31,1472,1503,0.1388
32,1487,1519,0.1388
31,1494,1525,0.1388
31,1506,1537,0.1388
31,1507,1538,0.1388
31,1498,1529,0.1388
30,1497,1527,0.1388
30,1491,1521,0.1388
30,1495,1525,0.1388
30,1488,1518,0.1388
30,1487,1517,0.1388
30,1491,1521,0.1388
28,1495,1523,0.1388
27,1490,1517,0.1388
26,1507,1533,0.1388
26,1500,1526,0.1388
26,1500,1526,0.1388
24,1503,1527,0.1388
23,1502,1525,0.1388
25,1495,1520,0.1388
26,1476,1502,0.1388
26,1494,1520,0.1388
27,1489,1516,0.1388
26,1497,1523,0.1388
26,1485,1511,0.1388
27,1490,1517,0.1388
27,1492,1519,0.1388
25,1495,1520,0.1388
25,1495,1520,0.1388
25,1495,1520,0.1388
28,1488,1516,0.1388
28,1482,1510,0.1388
28,1479,1507,0.1388
27,1477,1504,0.1388
28,1481,1509,0.1388
27,1486,1513,0.1388
25,1491,1516,0.1388
26,1495,1521,0.1388
27,1486,1513,0.1388
26,1483,1509,0.1388
25,1487,1512,0.1388
26,1491,1517,0.1388
26,1486,1512,0.1388
26,1493,1519,0.1388
28,1495,1523,0.1388
29,1490,1519,0.1388
27,1484,1511,0.1388
26,1482,1508,0.1388
25,1485,1510,0.1388
25,1490,1515,0.1388
25,1491,1516,0.1388
26,1491,1517,0.1388
26,1487,1513,0.1388
28,1482,1510,0.1388
28,1496,1524,0.1388
28,1497,1525,0.1388
27,1474,1501,0.1388
25,1477,1502,0.1388
26,1485,1511,0.1388
25,1480,1505,0.1388
26,1470,1496,0.1388
25,1475,1500,0.1388
22,1486,1508,0.1388
24,1493,1517,0.1388
26,1488,1514,0.1388
26,1489,1515,0.1388
26,1497,1523,0.1388
26,1501,1527,0.1388
24,1502,1526,0.1388
24,1491,1515,0.1388
23,1494,1517,0.1388
23,1496,1519,0.1388
23,1500,1523,0.1388
23,1497,1520,0.1388
24,1501,1525,0.1388
24,1498,1522,0.1388
23,1499,1522,0.1388
24,1497,1521,0.1388
23,1497,1520,0.1388
24,1503,1527,0.1388
24,1501,1525,0.1388
24,1492,1516,0.1388
24,1499,1523,0.1388
25,1498,1523,0.1388
25,1488,1513,0.1388
24,1487,1511,0.1388
25,1485,1510,0.1388
26,1485,1511,0.1388
28,1496,1524,0.1388
28,1504,1532,0.1388
27,1506,1533,0.1388
26,1502,1528,0.1388
25,1498,1523,0.1388
24,1493,1517,0.1388
23,1485,1508,0.1388
22,1492,1514,0.1388
23,1486,1509,0.1388
23,1490,1513,0.1388
22,1489,1511,0.1388
22,1490,1512,0.1388
24,1495,1519,0.1388
24,1491,1515,0.1388
24,1497,1521,0.1388
23,1493,1516,0.1388
23,1490,1513,0.1388
23,1497,1520,0.1388
23,1483,1506,0.1388
22,1485,1507,0.1388
22,1489,1511,0.1388
21,1496,1517,0.1388
20,1497,1517,0.1388
19,1504,1523,0.1388
18,1502,1520,0.1388
17,1490,1507,0.1388
18,1488,1506,0.1388
18,1489,1507,0.1388
18,1484,1502,0.1388
19,1500,1519,0.1388
18,1496,1514,0.1388
17,1509,1526,0.1388
17,1497,1514,0.1388
19,1491,1510,0.1388
20,1506,1526,0.1388
20,1508,1528,0.1388
20,1497,1517,0.1388
20,1505,1525,0.1388
19,1496,1515,0.1388
20,1487,1507,0.1388
19,1478,1497,0.1388
18,1488,1506,0.1388
18,1494,1512,0.1388
17,1488,1505,0.1388
17,1488,1505,0.1388
16,1501,1517,0.1388
15,1504,1519,0.1388
15,1512,1527,0.1388
15,1488,1503,0.1388
14,1498,1512,0.1388
15,1494,1509,0.1388
15,1505,1520,0.1388
14,1512,1526,0.1388
14,1520,1534,0.1388
13,1511,1524,0.1388
13,1508,1521,0.1388
11,1512,1523,0.1388
12,1502,1514,0.1388
11,1496,1507,0.1388
10,1490,1500,0.1388
10,1502,1512,0.1388
11,1483,1494,0.1388
10,1500,1510,0.1388
10,1494,1504,0.1388
9,1500,1509,0.1388
8,1499,1507,0.1388
8,1500,1508,0.1388
9,1504,1513,0.1388
9,1498,1507,0.1388
9,1513,1522,0.1388
9,1520,1529,0.1388
9,1516,1525,0.1388
9,1525,1534,0.1388
10,1515,1525,0.1388
10,1501,1511,0.1388
11,1505,1516,0.1388
10,1493,1503,0.1388
9,1494,1503,0.1388
8,1501,1509,0.1388
9,1500,1509,0.1388
10,1511,1521,0.1388
10,1519,1529,0.1388
9,1510,1519,0.1388
10,1505,1515,0.1388
10,1508,1518,0.1388
10,1513,1523,0.1388
11,1513,1524,0.1388
11,1501,1512,0.1388
11,1493,1504,0.1388
11,1495,1506,0.1388
10,1497,1507,0.1388
9,1488,1497,0.1388
9,1492,1501,0.1388
9,1503,1512,0.1388
10,1507,1517,0.1388
7,1511,1518,0.1388
7,1509,1516,0.1388
6,1500,1506,0.1388
6,1499,1505,0.1388
7,1503,1510,0.1388
6,1511,1517,0.1388
7,1514,1521,0.1388
7,1513,1520,0.1388
7,1517,1524,0.1388
7,1528,1535,0.1388
7,1512,1519,0.1388
7,1520,1527,0.1388
7,1515,1522,0.1388
8,1515,1523,0.1388
8,1509,1517,0.1388
7,1514,1521,0.1388
8,1519,1527,0.1388
8,1518,1526,0.1388
8,1513,1521,0.1388
7,1505,1512,0.1388
6,1513,1519,0.1388
6,1518,1524,0.1388
6,1517,1523,0.1388
6,1514,1520,0.1388
6,1512,1518,0.1388
6,1516,1522,0.1388
5,1512,1517,0.1388
6,1508,1514,0.1388
5,1506,1511,0.1388
4,1505,1509,0.1388
4,1496,1500,0.1388
4,1484,1488,0.1388
4,1497,1501,0.1388
4,1501,1505,0.1388
4,1498,1502,0.1388
4,1487,1491,0.1388
6,1506,1512,0.1388
6,1509,1515,0.1388
5,1514,1519,0.1388
4,1505,1509,0.1388
3,1510,1513,0.1388
3,1517,1520,0.1388
4,1519,1523,0.1388
4,1516,1520,0.1388
4,1510,1514,0.1388
4,1506,1510,0.1388
4,1516,1520,0.1388
4,1516,1520,0.1388
4,1527,1531,0.1388
4,1521,1525,0.1388
3,1516,1519,0.1388
3,1510,1513,0.1388
3,1509,1512,0.1388
3,1512,1515,0.1388
3,1504,1507,0.1388
3,1507,1510,0.1388
3,1495,1498,0.1388
3,1503,1506,0.1388
3,1510,1513,0.1388
3,1507,1510,0.1388
3,1497,1500,0.1388
3,1507,1510,0.1388
2,1517,1519,0.1388
2,1519,1521,0.1388
2,1528,1530,0.1388
1,1522,1523,0.1388
1,1510,1511,0.1388
1,1518,1519,0.1388
1,1517,1518,0.1388
1,1513,1514,0.1388
1,1523,1524,0.1388
1,1523,1524,0.1388
1,1525,1526,0.1388
1,1524,1525,0.1388
1,1515,1516,0.1388
1,1519,1520,0.1388
1,1509,1510,0.1388
1,1515,1516,0.1388
1,1496,1497,0.1388
1,1517,1518,0.1388
1,1522,1523,0.1388
1,1516,1517,0.1388
1,1512,1513,0.1388
1,1521,1522,0.1388
1,1513,1514,0.1388
1,1502,1503,0.1388
1,1500,1501,0.1388
1,1500,1501,0.1388
1,1496,1497,0.1388
0,1499,1499,0.1388
