1362,29,1391,0.1388
1398,32,1430,0.1388
1417,33,1450,0.1388
1421,36,1457,0.1388
1415,37,1452,0.1388
1432,37,1469,0.1388
1433,36,1469,0.1388
1438,37,1475,0.1388
1445,39,1484,0.1388
1435,40,1475,0.1388
1446,40,1486,0.1388
1458,40,1498,0.1388
1453,41,1494,0.1388
1461,41,1502,0.1388
1468,42,1510,0.1388
1473,41,1514,0.1388
1474,41,1515,0.1388
1466,38,1504,0.1388
1456,39,1495,0.1388
1460,39,1499,0.1388
1454,38,1492,0.1388
1442,38,1480,0.1388
1438,39,1477,0.1388
1452,43,1495,0.1388
1449,43,1492,0.1388
1446,43,1489,0.1388
1454,42,1496,0.1388
1457,40,1497,0.1388
1461,38,1499,0.1388
1456,39,1495,0.1388
1475,39,1514,0.1388
1468,38,1506,0.1388
1471,40,1511,0.1388
1464,41,1505,0.1388
1444,40,1484,0.1388
1440,41,1481,0.1388
1451,44,1495,0.1388
1458,43,1501,0.1388
1458,43,1501,0.1388
1432,42,1474,0.1388
1440,45,1485,0.1388
1452,43,1495,0.1388
1448,42,1490,0.1388
1430,40,1470,0.1388
1437,40,1477,0.1388
1445,41,1486,0.1388
1461,40,1501,0.1388
1464,43,1507,0.1388
1464,45,1509,0.1388
1445,45,1490,0.1388
1445,45,1490,0.1388
1458,45,1503,0.1388
1455,47,1502,0.1388
1446,47,1493,0.1388
1447,46,1493,0.1388
1456,44,1500,0.1388
1452,45,1497,0.1388
1454,47,1501,0.1388
1455,46,1501,0.1388
1444,45,1489,0.1388
1444,45,1489,0.1388
1443,47,1490,0.1388
1445,47,1492,0.1388
1428,48,1476,0.1388
1445,50,1495,0.1388
1427,50,1477,0.1388
1427,55,1482,0.1388
1439,56,1495,0.1388
1447,57,1504,0.1388
1444,54,1498,0.1388
1451,57,1508,0.1388
1440,56,1496,0.1388
1445,56,1501,0.1388
1438,56,1494,0.1388
1441,58,1499,0.1388
1434,58,1492,0.1388
1437,57,1494,0.1388
1436,58,1494,0.1388
1438,59,1497,0.1388
1433,63,1496,0.1388
1448,61,1509,0.1388
1442,65,1507,0.1388
1434,68,1502,0.1388
1425,68,1493,0.1388
1426,70,1496,0.1388
1423,71,1494,0.1388
1425,70,1495,0.1388
1434,71,1505,0.1388
1434,73,1507,0.1388
1432,75,1507,0.1388
1428,75,1503,0.1388
1432,75,1507,0.1388
1424,77,1501,0.1388
1429,77,1506,0.1388
1429,77,1506,0.1388
1423,81,1504,0.1388
1422,83,1505,0.1388
1414,87,1501,0.1388
1411,83,1494,0.1388
1411,82,1493,0.1388
1413,81,1494,0.1388
1405,78,1483,0.1388
1414,78,1492,0.1388
1417,76,1493,0.1388
1425,76,1501,0.1388
1418,76,1494,0.1388
1413,72,1485,0.1388
1405,71,1476,0.1388
1401,73,1474,0.1388
1412,73,1485,0.1388
1427,75,1502,0.1388
1425,75,1500,0.1388
1423,71,1494,0.1388
1443,71,1514,0.1388
1440,74,1514,0.1388
1426,77,1503,0.1388
1412,79,1491,0.1388
1415,78,1493,0.1388
1412,78,1490,0.1388
1403,82,1485,0.1388
1396,81,1477,0.1388
1412,81,1493,0.1388
1408,84,1492,0.1388
1425,83,1508,0.1388
1424,83,1507,0.1388
1420,79,1499,0.1388
1429,80,1509,0.1388
1418,81,1499,0.1388
1414,77,1491,0.1388
1409,77,1486,0.1388
1412,77,1489,0.1388
1408,80,1488,0.1388
1413,79,1492,0.1388
1409,83,1492,0.1388
1407,85,1492,0.1388
1407,85,1492,0.1388
1394,84,1478,0.1388
1412,83,1495,0.1388
1403,83,1486,0.1388
1400,84,1484,0.1388
1409,85,1494,0.1388
1422,88,1510,0.1388
1425,87,1512,0.1388
1416,90,1506,0.1388
1408,90,1498,0.1388
1406,92,1498,0.1388
1406,97,1503,0.1388
1399,97,1496,0.1388
1396,98,1494,0.1388
1397,98,1495,0.1388
1403,100,1503,0.1388
1408,103,1511,0.1388
1398,103,1501,0.1388
1386,103,1489,0.1388
1381,102,1483,0.1388
1391,102,1493,0.1388
1391,103,1494,0.1388
1396,104,1500,0.1388
1385,101,1486,0.1388
1396,101,1497,0.1388
1377,105,1482,0.1388
1369,108,1477,0.1388
1359,105,1464,0.1388
1359,106,1465,0.1388
1364,104,1468,0.1388
1359,102,1461,0.1388
1364,102,1466,0.1388
1374,100,1474,0.1388
1386,104,1490,0.1388
1372,111,1483,0.1388
1371,112,1483,0.1388
1382,110,1492,0.1388
1380,112,1492,0.1388
1376,114,1490,0.1388
1364,114,1478,0.1388
1360,115,1475,0.1388
1354,114,1468,0.1388
1361,116,1477,0.1388
1355,114,1469,0.1388
1362,114,1476,0.1388
1363,114,1477,0.1388
1364,114,1478,0.1388
1366,113,1479,0.1388
1366,115,1481,0.1388
1362,115,1477,0.1388
1364,117,1481,0.1388
1366,117,1483,0.1388
1369,118,1487,0.1388
1372,117,1489,0.1388
1377,120,1497,0.1388
1388,120,1508,0.1388
1392,113,1505,0.1388
1377,114,1491,0.1388
1391,115,1506,0.1388
1386,115,1501,0.1388
1377,117,1494,0.1388
1369,121,1490,0.1388
1378,122,1500,0.1388
1373,125,1498,0.1388
1375,127,1502,0.1388
1374,132,1506,0.1388
1367,134,1501,0.1388
1344,135,1479,0.1388
1350,135,1485,0.1388
1354,133,1487,0.1388
1357,134,1491,0.1388
1351,135,1486,0.1388
1349,136,1485,0.1388
1358,138,1496,0.1388
1348,135,1483,0.1388
1351,136,1487,0.1388
1336,143,1479,0.1388
1347,144,1491,0.1388
1344,144,1488,0.1388
1342,138,1480,0.1388
1346,142,1488,0.1388
1349,145,1494,0.1388
1349,145,1494,0.1388
1351,142,1493,0.1388
1351,149,1500,0.1388
1341,145,1486,0.1388
1332,152,1484,0.1388
1331,155,1486,0.1388
1326,153,1479,0.1388
1334,155,1489,0.1388
1351,153,1504,0.1388
1356,151,1507,0.1388
1343,146,1489,0.1388
1343,145,1488,0.1388
1344,141,1485,0.1388
1350,142,1492,0.1388
1359,145,1504,0.1388
1367,145,1512,0.1388
1374,145,1519,0.1388
1361,143,1504,0.1388
1356,143,1499,0.1388
1353,142,1495,0.1388
1347,138,1485,0.1388
1363,143,1506,0.1388
1371,144,1515,0.1388
1362,139,1501,0.1388
1358,139,1497,0.1388
1364,138,1502,0.1388
1363,141,1504,0.1388
1365,139,1504,0.1388
1369,141,1510,0.1388
1368,146,1514,0.1388
1367,149,1516,0.1388
1361,146,1507,0.1388
1352,140,1492,0.1388
1354,141,1495,0.1388
1345,138,1483,0.1388
1342,146,1488,0.1388
1338,148,1486,0.1388
1349,147,1496,0.1388
1337,152,1489,0.1388
1345,155,1500,0.1388
1352,154,1506,0.1388
1353,156,1509,0.1388
1357,159,1516,0.1388
1355,160,1515,0.1388
1348,156,1504,0.1388
1339,159,1498,0.1388
1356,161,1517,0.1388
1352,162,1514,0.1388
1341,163,1504,0.1388
1334,163,1497,0.1388
1337,162,1499,0.1388
1330,161,1491,0.1388
1318,164,1482,0.1388
1332,164,1496,0.1388
1335,161,1496,0.1388
1339,163,1502,0.1388
1347,165,1512,0.1388
1343,166,1509,0.1388
1336,170,1506,0.1388
1339,172,1511,0.1388
1330,177,1507,0.1388
1315,176,1491,0.1388
1323,177,1500,0.1388
1324,180,1504,0.1388
1316,176,1492,0.1388
1321,184,1505,0.1388
1324,184,1508,0.1388
1322,185,1507,0.1388
1312,182,1494,0.1388
1308,183,1491,0.1388
1312,187,1499,0.1388
1310,187,1497,0.1388
1305,190,1495,0.1388
1293,193,1486,0.1388
1299,192,1491,0.1388
1295,200,1495,0.1388
1293,206,1499,0.1388
1304,209,1513,0.1388
1307,207,1514,0.1388
1294,209,1503,0.1388
1291,204,1495,0.1388
1280,209,1489,0.1388
1280,205,1485,0.1388
1285,205,1490,0.1388
1277,209,1486,0.1388
1279,208,1487,0.1388
1287,209,1496,0.1388
1302,208,1510,0.1388
1295,210,1505,0.1388
1291,211,1502,0.1388
1300,213,1513,0.1388
1297,212,1509,0.1388
1310,210,1520,0.1388
1302,212,1514,0.1388
1289,208,1497,0.1388
1286,215,1501,0.1388
1268,215,1483,0.1388
1282,214,1496,0.1388
1272,216,1488,0.1388
1277,222,1499,0.1388
1263,228,1491,0.1388
1263,223,1486,0.1388
1276,220,1496,0.1388
1281,227,1508,0.1388
1287,225,1512,0.1388
1273,225,1498,0.1388
1268,230,1498,0.1388
1276,230,1506,0.1388
1271,232,1503,0.1388
1274,228,1502,0.1388
1267,227,1494,0.1388
1270,231,1501,0.1388
1272,231,1503,0.1388
1261,231,1492,0.1388
1259,228,1487,0.1388
1253,229,1482,0.1388
1258,230,1488,0.1388
1242,233,1475,0.1388
1244,240,1484,0.1388
1249,242,1491,0.1388
1250,242,1492,0.1388
1249,238,1487,0.1388
1229,245,1474,0.1388
1239,245,1484,0.1388
1251,239,1490,0.1388
1254,242,1496,0.1388
1262,242,1504,0.1388
1273,240,1513,0.1388
1273,237,1510,0.1388
1259,240,1499,0.1388
1270,238,1508,0.1388
1278,238,1516,0.1388
1272,238,1510,0.1388
1266,239,1505,0.1388
1255,241,1496,0.1388
1258,245,1503,0.1388
1260,238,1498,0.1388
1262,240,1502,0.1388
1266,237,1503,0.1388
1240,235,1475,0.1388
1249,246,1495,0.1388
1246,247,1493,0.1388
1252,242,1494,0.1388
1249,240,1489,0.1388
1262,241,1503,0.1388
1266,237,1503,0.1388
1260,234,1494,0.1388
1258,237,1495,0.1388
1267,244,1511,0.1388
1248,244,1492,0.1388
1254,246,1500,0.1388
1247,250,1497,0.1388
1244,253,1497,0.1388
1240,249,1489,0.1388
1242,251,1493,0.1388
1235,252,1487,0.1388
1238,258,1496,0.1388
1236,257,1493,0.1388
1251,259,1510,0.1388
1249,261,1510,0.1388
1243,266,1509,0.1388
1225,263,1488,0.1388
1233,266,1499,0.1388
1232,267,1499,0.1388
1227,265,1492,0.1388
1234,269,1503,0.1388
1234,270,1504,0.1388
1240,268,1508,0.1388
1248,266,1514,0.1388
1232,267,1499,0.1388
1229,257,1486,0.1388
1227,261,1488,0.1388
1226,271,1497,0.1388
1231,280,1511,0.1388
1234,290,1524,0.1388
1219,282,1501,0.1388
1217,283,1500,0.1388
1203,285,1488,0.1388
1219,284,1503,0.1388
1223,285,1508,0.1388
1227,281,1508,0.1388
1230,284,1514,0.1388
1224,283,1507,0.1388
1219,285,1504,0.1388
1204,283,1487,0.1388
1212,282,1494,0.1388
1217,278,1495,0.1388
1207,285,1492,0.1388
1220,281,1501,0.1388
1213,285,1498,0.1388
1220,285,1505,0.1388
1212,285,1497,0.1388
1204,288,1492,0.1388
1206,289,1495,0.1388
1212,289,1501,0.1388
1213,280,1493,0.1388
1198,282,1480,0.1388
1196,284,1480,0.1388
1197,286,1483,0.1388
1203,294,1497,0.1388
1206,298,1504,0.1388
1219,295,1514,0.1388
1213,294,1507,0.1388
1219,293,1512,0.1388
1210,293,1503,0.1388
1209,291,1500,0.1388
1199,294,1493,0.1388
1201,300,1501,0.1388
1189,298,1487,0.1388
1188,292,1480,0.1388
1183,293,1476,0.1388
1184,296,1480,0.1388
1191,300,1491,0.1388
1192,302,1494,0.1388
1192,308,1500,0.1388
1197,302,1499,0.1388
1192,304,1496,0.1388
1192,310,1502,0.1388
1193,307,1500,0.1388
1186,309,1495,0.1388
1172,309,1481,0.1388
1169,319,1488,0.1388
1172,319,1491,0.1388
1185,319,1504,0.1388
1183,320,1503,0.1388
1182,314,1496,0.1388
1172,326,1498,0.1388
1165,323,1488,0.1388
1160,332,1492,0.1388
1161,336,1497,0.1388
1143,339,1482,0.1388
1136,343,1479,0.1388
1143,346,1489,0.1388
1135,340,1475,0.1388
1130,344,1474,0.1388
1146,345,1491,0.1388
1145,344,1489,0.1388
1157,339,1496,0.1388
1158,347,1505,0.1388
1143,351,1494,0.1388
1144,351,1495,0.1388
1146,355,1501,0.1388
1149,357,1506,0.1388
1144,359,1503,0.1388
1137,364,1501,0.1388
1141,366,1507,0.1388
1135,366,1501,0.1388
1135,368,1503,0.1388
1125,367,1492,0.1388
1130,370,1500,0.1388
1123,375,1498,0.1388
1118,377,1495,0.1388
1110,376,1486,0.1388
1122,373,1495,0.1388
1129,376,1505,0.1388
1134,375,1509,0.1388
1120,374,1494,0.1388
1106,376,1482,0.1388
1125,370,1495,0.1388
1118,376,1494,0.1388
1107,371,1478,0.1388
1105,378,1483,0.1388
1106,384,1490,0.1388
1100,386,1486,0.1388
1097,388,1485,0.1388
1098,389,1487,0.1388
1107,399,1506,0.1388
1106,398,1504,0.1388
1108,394,1502,0.1388
1110,394,1504,0.1388
1101,402,1503,0.1388
1081,400,1481,0.1388
1081,401,1482,0.1388
1085,399,1484,0.1388
1094,402,1496,0.1388
1099,401,1500,0.1388
1106,401,1507,0.1388
1098,401,1499,0.1388
1105,404,1509,0.1388
1093,407,1500,0.1388
1083,411,1494,0.1388
1073,416,1489,0.1388
1073,415,1488,0.1388
1072,413,1485,0.1388
1076,419,1495,0.1388
1084,417,1501,0.1388
1090,417,1507,0.1388
1086,429,1515,0.1388
1066,427,1493,0.1388
1071,423,1494,0.1388
1073,424,1497,0.1388
1064,423,1487,0.1388
1063,432,1495,0.1388
1069,436,1505,0.1388
1069,434,1503,0.1388
1065,436,1501,0.1388
1062,444,1506,0.1388
1061,447,1508,0.1388
1059,445,1504,0.1388
1051,441,1492,0.1388
1056,441,1497,0.1388
1057,439,1496,0.1388
1051,441,1492,0.1388
1047,447,1494,0.1388
1055,448,1503,0.1388
1063,446,1509,0.1388
1061,449,1510,0.1388
1049,451,1500,0.1388
1043,455,1498,0.1388
1043,446,1489,0.1388
1050,441,1491,0.1388
1059,441,1500,0.1388
1063,445,1508,0.1388
1062,441,1503,0.1388
1071,446,1517,0.1388
1059,434,1493,0.1388
1051,440,1491,0.1388
1059,446,1505,0.1388
1063,445,1508,0.1388
1062,440,1502,0.1388
1065,438,1503,0.1388
1059,448,1507,0.1388
1059,448,1507,0.1388
1065,451,1516,0.1388
1062,450,1512,0.1388
1065,452,1517,0.1388
1059,451,1510,0.1388
1069,444,1513,0.1388
1054,445,1499,0.1388
1065,444,1509,0.1388
1063,443,1506,0.1388
1045,441,1486,0.1388
1048,449,1497,0.1388
1051,449,1500,0.1388
1042,459,1501,0.1388
1041,464,1505,0.1388
1044,462,1506,0.1388
1047,462,1509,0.1388
1045,459,1504,0.1388
1033,459,1492,0.1388
1038,457,1495,0.1388
1044,447,1491,0.1388
1046,447,1493,0.1388
1031,445,1476,0.1388
1037,451,1488,0.1388
1031,457,1488,0.1388
1042,457,1499,0.1388
1046,467,1513,0.1388
1036,472,1508,0.1388
1023,476,1499,0.1388
1025,474,1499,0.1388
1034,475,1509,0.1388
1030,474,1504,0.1388
1030,480,1510,0.1388
1026,480,1506,0.1388
1026,476,1502,0.1388
1024,484,1508,0.1388
1010,489,1499,0.1388
1018,491,1509,0.1388
1026,491,1517,0.1388
1012,489,1501,0.1388
1001,491,1492,0.1388
1013,498,1511,0.1388
1015,499,1514,0.1388
1021,500,1521,0.1388
1018,492,1510,0.1388
1019,486,1505,0.1388
1020,489,1509,0.1388
1013,487,1500,0.1388
1008,490,1498,0.1388
998,497,1495,0.1388
990,504,1494,0.1388
982,501,1483,0.1388
987,500,1487,0.1388
976,511,1487,0.1388
988,515,1503,0.1388
988,513,1501,0.1388
993,511,1504,0.1388
1001,511,1512,0.1388
1004,518,1522,0.1388
1004,517,1521,0.1388
994,523,1517,0.1388
983,524,1507,0.1388
967,527,1494,0.1388
980,526,1506,0.1388
985,524,1509,0.1388
982,534,1516,0.1388
982,531,1513,0.1388
975,528,1503,0.1388
966,532,1498,0.1388
965,534,1499,0.1388
969,539,1508,0.1388
972,535,1507,0.1388
983,536,1519,0.1388
988,525,1513,0.1388
973,528,1501,0.1388
967,525,1492,0.1388
973,526,1499,0.1388
978,532,1510,0.1388
970,530,1500,0.1388
960,538,1498,0.1388
962,538,1500,0.1388
963,536,1499,0.1388
952,537,1489,0.1388
949,537,1486,0.1388
953,537,1490,0.1388
960,542,1502,0.1388
956,549,1505,0.1388
966,552,1518,0.1388
963,551,1514,0.1388
952,556,1508,0.1388
956,554,1510,0.1388
956,554,1510,0.1388
948,552,1500,0.1388
946,556,1502,0.1388
954,549,1503,0.1388
954,551,1505,0.1388
951,554,1505,0.1388
956,558,1514,0.1388
947,561,1508,0.1388
949,561,1510,0.1388
942,552,1494,0.1388
938,559,1497,0.1388
945,558,1503,0.1388
930,550,1480,0.1388
938,556,1494,0.1388
937,558,1495,0.1388
948,560,1508,0.1388
951,568,1519,0.1388
947,558,1505,0.1388
942,563,1505,0.1388
945,571,1516,0.1388
948,565,1513,0.1388
941,570,1511,0.1388
940,567,1507,0.1388
933,565,1498,0.1388
930,565,1495,0.1388
927,562,1489,0.1388
927,565,1492,0.1388
923,566,1489,0.1388
921,561,1482,0.1388
916,566,1482,0.1388
908,571,1479,0.1388
917,570,1487,0.1388
928,577,1505,0.1388
925,578,1503,0.1388
925,589,1514,0.1388
933,588,1521,0.1388
944,593,1537,0.1388
935,586,1521,0.1388
931,589,1520,0.1388
926,582,1508,0.1388
923,584,1507,0.1388
913,582,1495,0.1388
916,594,1510,0.1388
914,591,1505,0.1388
912,592,1504,0.1388
907,597,1504,0.1388
900,590,1490,0.1388
895,590,1485,0.1388
893,598,1491,0.1388
894,592,1486,0.1388
904,589,1493,0.1388
897,601,1498,0.1388
891,601,1492,0.1388
892,604,1496,0.1388
890,613,1503,0.1388
879,620,1499,0.1388
888,622,1510,0.1388
893,625,1518,0.1388
881,619,1500,0.1388
876,616,1492,0.1388
872,609,1481,0.1388
879,618,1497,0.1388
878,619,1497,0.1388
866,622,1488,0.1388
860,626,1486,0.1388
868,638,1506,0.1388
862,642,1504,0.1388
858,639,1497,0.1388
855,634,1489,0.1388
862,634,1496,0.1388
860,641,1501,0.1388
859,645,1504,0.1388
855,649,1504,0.1388
861,648,1509,0.1388
857,634,1491,0.1388
864,642,1506,0.1388
867,635,1502,0.1388
871,638,1509,0.1388
868,630,1498,0.1388
864,634,1498,0.1388
872,634,1506,0.1388
870,638,1508,0.1388
870,642,1512,0.1388
870,639,1509,0.1388
869,646,1515,0.1388
858,645,1503,0.1388
866,654,1520,0.1388
856,645,1501,0.1388
856,647,1503,0.1388
849,646,1495,0.1388
848,641,1489,0.1388
845,655,1500,0.1388
854,667,1521,0.1388
843,659,1502,0.1388
834,653,1487,0.1388
838,659,1497,0.1388
837,655,1492,0.1388
840,664,1504,0.1388
843,658,1501,0.1388
838,662,1500,0.1388
831,659,1490,0.1388
833,666,1499,0.1388
828,659,1487,0.1388
832,657,1489,0.1388
833,664,1497,0.1388
828,661,1489,0.1388
832,671,1503,0.1388
833,674,1507,0.1388
831,679,1510,0.1388
829,673,1502,0.1388
827,682,1509,0.1388
834,676,1510,0.1388
846,678,1524,0.1388
837,682,1519,0.1388
827,678,1505,0.1388
826,683,1509,0.1388
817,674,1491,0.1388
815,686,1501,0.1388
811,685,1496,0.1388
821,696,1517,0.1388
822,698,1520,0.1388
828,697,1525,0.1388
817,699,1516,0.1388
817,701,1518,0.1388
813,705,1518,0.1388
816,707,1523,0.1388
816,698,1514,0.1388
813,701,1514,0.1388
809,699,1508,0.1388
807,697,1504,0.1388
801,702,1503,0.1388
787,709,1496,0.1388
787,711,1498,0.1388
789,719,1508,0.1388
801,722,1523,0.1388
797,718,1515,0.1388
791,709,1500,0.1388
782,714,1496,0.1388
783,720,1503,0.1388
785,714,1499,0.1388
782,719,1501,0.1388
786,723,1509,0.1388
785,721,1506,0.1388
777,720,1497,0.1388
779,711,1490,0.1388
785,707,1492,0.1388
785,716,1501,0.1388
784,712,1496,0.1388
794,715,1509,0.1388
799,705,1504,0.1388
786,705,1491,0.1388
790,711,1501,0.1388
788,719,1507,0.1388
779,725,1504,0.1388
774,731,1505,0.1388
781,730,1511,0.1388
783,737,1520,0.1388
780,728,1508,0.1388
772,727,1499,0.1388
780,737,1517,0.1388
773,740,1513,0.1388
774,748,1522,0.1388
775,746,1521,0.1388
773,745,1518,0.1388
763,743,1506,0.1388
768,740,1508,0.1388
770,745,1515,0.1388
765,750,1515,0.1388
771,744,1515,0.1388
767,738,1505,0.1388
763,737,1500,0.1388
767,728,1495,0.1388
759,727,1486,0.1388
770,733,1503,0.1388
774,740,1514,0.1388
773,730,1503,0.1388
772,726,1498,0.1388
777,731,1508,0.1388
791,735,1526,0.1388
787,733,1520,0.1388
777,738,1515,0.1388
784,733,1517,0.1388
775,730,1505,0.1388
784,727,1511,0.1388
781,733,1514,0.1388
771,736,1507,0.1388
764,737,1501,0.1388
769,738,1507,0.1388
767,741,1508,0.1388
766,747,1513,0.1388
766,741,1507,0.1388
767,745,1512,0.1388
759,754,1513,0.1388
749,751,1500,0.1388
751,743,1494,0.1388
764,742,1506,0.1388
763,751,1514,0.1388
764,754,1518,0.1388
766,753,1519,0.1388
768,759,1527,0.1388
766,757,1523,0.1388
762,750,1512,0.1388
766,735,1501,0.1388
769,739,1508,0.1388
769,745,1514,0.1388
761,747,1508,0.1388
749,748,1497,0.1388
751,755,1506,0.1388
752,766,1518,0.1388
739,773,1512,0.1388
735,772,1507,0.1388
740,775,1515,0.1388
739,777,1516,0.1388
734,775,1509,0.1388
741,775,1516,0.1388
732,770,1502,0.1388
734,769,1503,0.1388
737,768,1505,0.1388
730,775,1505,0.1388
731,775,1506,0.1388
720,764,1484,0.1388
724,752,1476,0.1388
727,763,1490,0.1388
723,775,1498,0.1388
711,779,1490,0.1388
714,784,1498,0.1388
706,786,1492,0.1388
710,792,1502,0.1388
711,797,1508,0.1388
702,790,1492,0.1388
694,780,1474,0.1388
693,799,1492,0.1388
691,808,1499,0.1388
690,813,1503,0.1388
688,812,1500,0.1388
677,820,1497,0.1388
676,819,1495,0.1388
673,826,1499,0.1388
666,827,1493,0.1388
668,827,1495,0.1388
680,823,1503,0.1388
676,819,1495,0.1388
675,842,1517,0.1388
673,837,1510,0.1388
673,851,1524,0.1388
670,850,1520,0.1388
667,848,1515,0.1388
661,840,1501,0.1388
662,847,1509,0.1388
656,853,1509,0.1388
652,854,1506,0.1388
654,858,1512,0.1388
644,858,1502,0.1388
642,850,1492,0.1388
648,861,1509,0.1388
647,867,1514,0.1388
649,870,1519,0.1388
645,882,1527,0.1388
644,867,1511,0.1388
648,855,1503,0.1388
650,858,1508,0.1388
647,858,1505,0.1388
643,848,1491,0.1388
644,849,1493,0.1388
656,852,1508,0.1388
647,856,1503,0.1388
650,854,1504,0.1388
648,856,1504,0.1388
653,852,1505,0.1388
650,855,1505,0.1388
645,859,1504,0.1388
643,858,1501,0.1388
635,864,1499,0.1388
643,870,1513,0.1388
646,867,1513,0.1388
647,863,1510,0.1388
638,857,1495,0.1388
641,867,1508,0.1388
638,861,1499,0.1388
647,875,1522,0.1388
645,875,1520,0.1388
641,875,1516,0.1388
641,872,1513,0.1388
640,875,1515,0.1388
634,882,1516,0.1388
633,882,1515,0.1388
628,884,1512,0.1388
629,891,1520,0.1388
625,877,1502,0.1388
630,878,1508,0.1388
630,876,1506,0.1388
628,884,1512,0.1388
626,883,1509,0.1388
630,897,1527,0.1388
626,888,1514,0.1388
620,874,1494,0.1388
618,871,1489,0.1388
618,881,1499,0.1388
621,879,1500,0.1388
623,883,1506,0.1388
622,874,1496,0.1388
618,880,1498,0.1388
608,887,1495,0.1388
609,883,1492,0.1388
609,886,1495,0.1388
614,881,1495,0.1388
616,893,1509,0.1388
623,889,1512,0.1388
617,885,1502,0.1388
618,890,1508,0.1388
617,903,1520,0.1388
612,907,1519,0.1388
611,914,1525,0.1388
600,915,1515,0.1388
599,908,1507,0.1388
597,923,1520,0.1388
590,930,1520,0.1388
585,926,1511,0.1388
587,915,1502,0.1388
587,911,1498,0.1388
590,910,1500,0.1388
595,919,1514,0.1388
603,925,1528,0.1388
606,921,1527,0.1388
598,901,1499,0.1388
589,905,1494,0.1388
583,907,1490,0.1388
585,902,1487,0.1388
586,904,1490,0.1388
593,907,1500,0.1388
599,903,1502,0.1388
602,908,1510,0.1388
597,915,1512,0.1388
603,915,1518,0.1388
598,908,1506,0.1388
606,892,1498,0.1388
603,902,1505,0.1388
603,899,1502,0.1388
601,898,1499,0.1388
593,910,1503,0.1388
587,919,1506,0.1388
583,927,1510,0.1388
590,916,1506,0.1388
599,912,1511,0.1388
595,916,1511,0.1388
594,923,1517,0.1388
595,919,1514,0.1388
588,931,1519,0.1388
592,935,1527,0.1388
587,933,1520,0.1388
579,933,1512,0.1388
582,934,1516,0.1388
576,928,1504,0.1388
568,928,1496,0.1388
567,942,1509,0.1388
563,933,1496,0.1388
570,944,1514,0.1388
565,934,1499,0.1388
572,946,1518,0.1388
575,941,1516,0.1388
578,944,1522,0.1388
577,943,1520,0.1388
562,940,1502,0.1388
566,945,1511,0.1388
569,943,1512,0.1388
576,953,1529,0.1388
573,951,1524,0.1388
567,942,1509,0.1388
568,935,1503,0.1388
558,932,1490,0.1388
557,936,1493,0.1388
553,945,1498,0.1388
561,945,1506,0.1388
568,938,1506,0.1388
566,931,1497,0.1388
565,925,1490,0.1388
564,932,1496,0.1388
553,936,1489,0.1388
555,943,1498,0.1388
563,937,1500,0.1388
555,945,1500,0.1388
559,940,1499,0.1388
565,937,1502,0.1388
558,952,1510,0.1388
555,953,1508,0.1388
568,951,1519,0.1388
561,946,1507,0.1388
554,951,1505,0.1388
557,950,1507,0.1388
548,942,1490,0.1388
551,950,1501,0.1388
550,967,1517,0.1388
552,957,1509,0.1388
559,958,1517,0.1388
566,954,1520,0.1388
557,954,1511,0.1388
559,952,1511,0.1388
556,946,1502,0.1388
545,957,1502,0.1388
551,962,1513,0.1388
550,960,1510,0.1388
548,959,1507,0.1388
555,953,1508,0.1388
548,951,1499,0.1388
547,955,1502,0.1388
543,949,1492,0.1388
534,947,1481,0.1388
544,944,1488,0.1388
544,937,1481,0.1388
548,952,1500,0.1388
555,937,1492,0.1388
551,958,1509,0.1388
550,966,1516,0.1388
555,949,1504,0.1388
558,941,1499,0.1388
559,958,1517,0.1388
556,956,1512,0.1388
561,953,1514,0.1388
559,953,1512,0.1388
563,938,1501,0.1388
556,950,1506,0.1388
552,954,1506,0.1388
554,956,1510,0.1388
556,952,1508,0.1388
551,954,1505,0.1388
549,961,1510,0.1388
543,960,1503,0.1388
542,959,1501,0.1388
541,974,1515,0.1388
548,956,1504,0.1388
550,958,1508,0.1388
554,964,1518,0.1388
560,957,1517,0.1388
552,957,1509,0.1388
549,960,1509,0.1388
551,974,1525,0.1388
549,972,1521,0.1388
551,974,1525,0.1388
549,974,1523,0.1388
535,982,1517,0.1388
542,989,1531,0.1388
542,983,1525,0.1388
544,984,1528,0.1388
536,982,1518,0.1388
540,975,1515,0.1388
531,980,1511,0.1388
526,986,1512,0.1388
523,990,1513,0.1388
526,996,1522,0.1388
519,1006,1525,0.1388
520,1021,1541,0.1388
514,1009,1523,0.1388
513,1010,1523,0.1388
508,1013,1521,0.1388
513,1007,1520,0.1388
509,1005,1514,0.1388
509,1008,1517,0.1388
507,999,1506,0.1388
497,1005,1502,0.1388
485,1011,1496,0.1388
485,1015,1500,0.1388
486,1029,1515,0.1388
490,1020,1510,0.1388
489,1026,1515,0.1388
483,1026,1509,0.1388
479,1017,1496,0.1388
491,1018,1509,0.1388
495,1012,1507,0.1388
492,1019,1511,0.1388
499,1025,1524,0.1388
497,1025,1522,0.1388
489,1023,1512,0.1388
490,1023,1513,0.1388
488,1026,1514,0.1388
485,1027,1512,0.1388
483,1023,1506,0.1388
478,1023,1501,0.1388
481,1028,1509,0.1388
476,1025,1501,0.1388
474,1025,1499,0.1388
468,1028,1496,0.1388
472,1036,1508,0.1388
467,1035,1502,0.1388
477,1039,1516,0.1388
480,1041,1521,0.1388
474,1048,1522,0.1388
476,1045,1521,0.1388
474,1037,1511,0.1388
474,1033,1507,0.1388
471,1030,1501,0.1388
466,1033,1499,0.1388
458,1037,1495,0.1388
463,1045,1508,0.1388
469,1057,1526,0.1388
468,1043,1511,0.1388
465,1050,1515,0.1388
452,1066,1518,0.1388
455,1062,1517,0.1388
455,1069,1524,0.1388
451,1071,1522,0.1388
444,1070,1514,0.1388
450,1077,1527,0.1388
456,1081,1537,0.1388
453,1078,1531,0.1388
442,1083,1525,0.1388
440,1075,1515,0.1388
440,1082,1522,0.1388
436,1088,1524,0.1388
434,1077,1511,0.1388
435,1075,1510,0.1388
440,1080,1520,0.1388
437,1075,1512,0.1388
427,1077,1504,0.1388
427,1079,1506,0.1388
425,1083,1508,0.1388
427,1089,1516,0.1388
423,1093,1516,0.1388
413,1102,1515,0.1388
411,1090,1501,0.1388
413,1101,1514,0.1388
416,1098,1514,0.1388
415,1098,1513,0.1388
407,1103,1510,0.1388
407,1108,1515,0.1388
404,1096,1500,0.1388
408,1096,1504,0.1388
412,1095,1507,0.1388
414,1094,1508,0.1388
421,1097,1518,0.1388
418,1096,1514,0.1388
411,1089,1500,0.1388
413,1087,1500,0.1388
416,1091,1507,0.1388
423,1088,1511,0.1388
431,1088,1519,0.1388
432,1086,1518,0.1388
424,1090,1514,0.1388
429,1101,1530,0.1388
428,1096,1524,0.1388
433,1098,1531,0.1388
428,1088,1516,0.1388
432,1085,1517,0.1388
431,1079,1510,0.1388
432,1069,1501,0.1388
432,1079,1511,0.1388
428,1074,1502,0.1388
421,1067,1488,0.1388
413,1080,1493,0.1388
409,1094,1503,0.1388
418,1090,1508,0.1388
423,1078,1501,0.1388
417,1093,1510,0.1388
418,1091,1509,0.1388
412,1102,1514,0.1388
411,1104,1515,0.1388
409,1099,1508,0.1388
411,1094,1505,0.1388
409,1097,1506,0.1388
404,1100,1504,0.1388
404,1103,1507,0.1388
393,1109,1502,0.1388
386,1105,1491,0.1388
390,1103,1493,0.1388
389,1114,1503,0.1388
394,1119,1513,0.1388
398,1124,1522,0.1388
396,1113,1509,0.1388
399,1116,1515,0.1388
390,1114,1504,0.1388
380,1118,1498,0.1388
378,1128,1506,0.1388
376,1121,1497,0.1388
375,1107,1482,0.1388
375,1118,1493,0.1388
374,1123,1497,0.1388
365,1127,1492,0.1388
369,1128,1497,0.1388
367,1134,1501,0.1388
367,1132,1499,0.1388
364,1138,1502,0.1388
366,1133,1499,0.1388
362,1137,1499,0.1388
366,1142,1508,0.1388
366,1130,1496,0.1388
364,1143,1507,0.1388
369,1142,1511,0.1388
360,1151,1511,0.1388
362,1161,1523,0.1388
359,1157,1516,0.1388
355,1167,1522,0.1388
354,1167,1521,0.1388
350,1161,1511,0.1388
348,1159,1507,0.1388
339,1157,1496,0.1388
341,1163,1504,0.1388
339,1169,1508,0.1388
331,1176,1507,0.1388
332,1178,1510,0.1388
328,1172,1500,0.1388
333,1168,1501,0.1388
337,1160,1497,0.1388
342,1174,1516,0.1388
338,1157,1495,0.1388
332,1161,1493,0.1388
332,1168,1500,0.1388
335,1179,1514,0.1388
336,1178,1514,0.1388
340,1180,1520,0.1388
347,1174,1521,0.1388
341,1187,1528,0.1388
341,1187,1528,0.1388
341,1188,1529,0.1388
342,1184,1526,0.1388
340,1190,1530,0.1388
341,1184,1525,0.1388
334,1180,1514,0.1388
331,1183,1514,0.1388
322,1188,1510,0.1388
321,1188,1509,0.1388
317,1185,1502,0.1388
310,1185,1495,0.1388
302,1170,1472,0.1388
305,1182,1487,0.1388
304,1199,1503,0.1388
303,1208,1511,0.1388
299,1211,1510,0.1388
298,1207,1505,0.1388
305,1217,1522,0.1388
302,1230,1532,0.1388
300,1225,1525,0.1388
296,1212,1508,0.1388
299,1213,1512,0.1388
295,1202,1497,0.1388
292,1205,1497,0.1388
288,1210,1498,0.1388
282,1208,1490,0.1388
281,1204,1485,0.1388
282,1214,1496,0.1388
282,1219,1501,0.1388
283,1231,1514,0.1388
289,1228,1517,0.1388
291,1228,1519,0.1388
290,1230,1520,0.1388
285,1222,1507,0.1388
283,1220,1503,0.1388
278,1228,1506,0.1388
282,1232,1514,0.1388
279,1233,1512,0.1388
273,1241,1514,0.1388
274,1234,1508,0.1388
269,1230,1499,0.1388
273,1240,1513,0.1388
265,1250,1515,0.1388
271,1242,1513,0.1388
271,1231,1502,0.1388
269,1251,1520,0.1388
273,1249,1522,0.1388
268,1248,1516,0.1388
270,1245,1515,0.1388
268,1244,1512,0.1388
274,1246,1520,0.1388
277,1246,1523,0.1388
276,1243,1519,0.1388
277,1251,1528,0.1388
275,1243,1518,0.1388
278,1240,1518,0.1388
277,1233,1510,0.1388
283,1230,1513,0.1388
282,1226,1508,0.1388
278,1232,1510,0.1388
276,1241,1517,0.1388
269,1240,1509,0.1388
269,1249,1518,0.1388
265,1261,1526,0.1388
262,1262,1524,0.1388
265,1277,1542,0.1388
266,1258,1524,0.1388
262,1248,1510,0.1388
266,1254,1520,0.1388
267,1259,1526,0.1388
263,1265,1528,0.1388
265,1263,1528,0.1388
263,1259,1522,0.1388
262,1265,1527,0.1388
260,1261,1521,0.1388
265,1262,1527,0.1388
260,1265,1525,0.1388
261,1254,1515,0.1388
260,1252,1512,0.1388
263,1250,1513,0.1388
258,1250,1508,0.1388
258,1265,1523,0.1388
260,1267,1527,0.1388
260,1260,1520,0.1388
259,1266,1525,0.1388
253,1272,1525,0.1388
250,1270,1520,0.1388
246,1266,1512,0.1388
242,1268,1510,0.1388
239,1275,1514,0.1388
233,1277,1510,0.1388
237,1276,1513,0.1388
243,1268,1511,0.1388
241,1254,1495,0.1388
241,1262,1503,0.1388
249,1263,1512,0.1388
247,1257,1504,0.1388
241,1256,1497,0.1388
247,1245,1492,0.1388
245,1244,1489,0.1388
246,1259,1505,0.1388
250,1255,1505,0.1388
247,1252,1499,0.1388
253,1239,1492,0.1388
260,1255,1515,0.1388
256,1258,1514,0.1388
254,1258,1512,0.1388
251,1262,1513,0.1388
253,1248,1501,0.1388
255,1247,1502,0.1388
255,1247,1502,0.1388
254,1260,1514,0.1388
255,1278,1533,0.1388
252,1287,1539,0.1388
250,1278,1528,0.1388
250,1268,1518,0.1388
245,1269,1514,0.1388
244,1271,1515,0.1388
243,1267,1510,0.1388
245,1269,1514,0.1388
246,1272,1518,0.1388
239,1274,1513,0.1388
238,1278,1516,0.1388
245,1269,1514,0.1388
244,1276,1520,0.1388
239,1275,1514,0.1388
239,1276,1515,0.1388
240,1262,1502,0.1388
234,1268,1502,0.1388
236,1269,1505,0.1388
240,1269,1509,0.1388
242,1271,1513,0.1388
239,1272,1511,0.1388
237,1290,1527,0.1388
233,1289,1522,0.1388
228,1285,1513,0.1388
226,1275,1501,0.1388
224,1279,1503,0.1388
221,1295,1516,0.1388
221,1296,1517,0.1388
220,1300,1520,0.1388
214,1298,1512,0.1388
210,1299,1509,0.1388
208,1292,1500,0.1388
213,1289,1502,0.1388
215,1304,1519,0.1388
209,1297,1506,0.1388
212,1290,1502,0.1388
215,1286,1501,0.1388
202,1286,1488,0.1388
201,1293,1494,0.1388
197,1308,1505,0.1388
196,1311,1507,0.1388
192,1316,1508,0.1388
188,1328,1516,0.1388
192,1311,1503,0.1388
200,1314,1514,0.1388
203,1303,1506,0.1388
203,1308,1511,0.1388
208,1312,1520,0.1388
206,1308,1514,0.1388
204,1317,1521,0.1388
204,1317,1521,0.1388
208,1311,1519,0.1388
208,1299,1507,0.1388
203,1288,1491,0.1388
206,1292,1498,0.1388
212,1298,1510,0.1388
215,1310,1525,0.1388
219,1303,1522,0.1388
219,1308,1527,0.1388
219,1302,1521,0.1388
216,1303,1519,0.1388
216,1307,1523,0.1388
212,1296,1508,0.1388
217,1293,1510,0.1388
213,1300,1513,0.1388
215,1299,1514,0.1388
213,1305,1518,0.1388
212,1288,1500,0.1388
204,1302,1506,0.1388
201,1308,1509,0.1388
202,1308,1510,0.1388
195,1312,1507,0.1388
196,1316,1512,0.1388
195,1320,1515,0.1388
199,1311,1510,0.1388
198,1315,1513,0.1388
204,1318,1522,0.1388
202,1315,1517,0.1388
200,1316,1516,0.1388
202,1312,1514,0.1388
203,1314,1517,0.1388
204,1312,1516,0.1388
205,1314,1519,0.1388
201,1319,1520,0.1388
203,1320,1523,0.1388
198,1318,1516,0.1388
201,1324,1525,0.1388
199,1315,1514,0.1388
197,1322,1519,0.1388
200,1334,1534,0.1388
202,1324,1526,0.1388
202,1303,1505,0.1388
202,1291,1493,0.1388
200,1291,1491,0.1388
201,1286,1487,0.1388
197,1302,1499,0.1388
197,1297,1494,0.1388
196,1316,1512,0.1388
198,1313,1511,0.1388
196,1312,1508,0.1388
194,1314,1508,0.1388
198,1312,1510,0.1388
204,1303,1507,0.1388
199,1310,1509,0.1388
199,1314,1513,0.1388
196,1319,1515,0.1388
199,1309,1508,0.1388
197,1307,1504,0.1388
198,1307,1505,0.1388
194,1319,1513,0.1388
195,1326,1521,0.1388
192,1324,1516,0.1388
187,1332,1519,0.1388
187,1327,1514,0.1388
188,1322,1510,0.1388
190,1336,1526,0.1388
186,1344,1530,0.1388
186,1340,1526,0.1388
184,1327,1511,0.1388
187,1333,1520,0.1388
181,1330,1511,0.1388
179,1343,1522,0.1388
175,1352,1527,0.1388
173,1350,1523,0.1388
173,1348,1521,0.1388
172,1347,1519,0.1388
176,1345,1521,0.1388
172,1344,1516,0.1388
169,1346,1515,0.1388
169,1348,1517,0.1388
165,1351,1516,0.1388
165,1348,1513,0.1388
167,1347,1514,0.1388
167,1347,1514,0.1388
162,1364,1526,0.1388
163,1370,1533,0.1388
161,1378,1539,0.1388
161,1378,1539,0.1388
164,1368,1532,0.1388
161,1365,1526,0.1388
159,1369,1528,0.1388
160,1363,1523,0.1388
159,1361,1520,0.1388
157,1358,1515,0.1388
159,1369,1528,0.1388
156,1367,1523,0.1388
152,1369,1521,0.1388
149,1352,1501,0.1388
147,1353,1500,0.1388
152,1364,1516,0.1388
147,1375,1522,0.1388
150,1368,1518,0.1388
151,1378,1529,0.1388
153,1367,1520,0.1388
152,1362,1514,0.1388
152,1376,1528,0.1388
153,1367,1520,0.1388
152,1377,1529,0.1388
151,1386,1537,0.1388
148,1383,1531,0.1388
149,1373,1522,0.1388
146,1370,1516,0.1388
147,1376,1523,0.1388
145,1369,1514,0.1388
145,1358,1503,0.1388
142,1381,1523,0.1388
141,1368,1509,0.1388
139,1378,1517,0.1388
141,1372,1513,0.1388
140,1373,1513,0.1388
137,1383,1520,0.1388
134,1381,1515,0.1388
132,1388,1520,0.1388
134,1378,1512,0.1388
137,1380,1517,0.1388
138,1368,1506,0.1388
137,1383,1520,0.1388
137,1366,1503,0.1388
136,1361,1497,0.1388
137,1366,1503,0.1388
139,1379,1518,0.1388
133,1380,1513,0.1388
128,1387,1515,0.1388
128,1398,1526,0.1388
130,1390,1520,0.1388
129,1394,1523,0.1388
128,1389,1517,0.1388
127,1384,1511,0.1388
125,1392,1517,0.1388
127,1391,1518,0.1388
127,1384,1511,0.1388
127,1400,1527,0.1388
128,1402,1530,0.1388
130,1395,1525,0.1388
128,1399,1527,0.1388
125,1394,1519,0.1388
126,1391,1517,0.1388
125,1400,1525,0.1388
122,1395,1517,0.1388
121,1391,1512,0.1388
122,1388,1510,0.1388
122,1386,1508,0.1388
123,1403,1526,0.1388
124,1400,1524,0.1388
121,1388,1509,0.1388
122,1396,1518,0.1388
122,1393,1515,0.1388
125,1405,1530,0.1388
124,1402,1526,0.1388
121,1403,1524,0.1388
119,1399,1518,0.1388
116,1391,1507,0.1388
112,1402,1514,0.1388
109,1402,1511,0.1388
105,1406,1511,0.1388
102,1424,1526,0.1388
103,1416,1519,0.1388
102,1412,1514,0.1388
99,1412,1511,0.1388
101,1415,1516,0.1388
99,1401,1500,0.1388
97,1406,1503,0.1388
97,1419,1516,0.1388
95,1428,1523,0.1388
96,1415,1511,0.1388
94,1417,1511,0.1388
93,1413,1506,0.1388
90,1409,1499,0.1388
93,1420,1513,0.1388
93,1430,1523,0.1388
93,1438,1531,0.1388
91,1421,1512,0.1388
93,1430,1523,0.1388
93,1428,1521,0.1388
94,1423,1517,0.1388
91,1426,1517,0.1388
90,1429,1519,0.1388
91,1430,1521,0.1388
91,1427,1518,0.1388
90,1430,1520,0.1388
86,1427,1513,0.1388
88,1425,1513,0.1388
86,1423,1509,0.1388
88,1428,1516,0.1388
87,1434,1521,0.1388
85,1426,1511,0.1388
82,1418,1500,0.1388
83,1426,1509,0.1388
83,1432,1515,0.1388
84,1437,1521,0.1388
86,1430,1516,0.1388
89,1431,1520,0.1388
89,1423,1512,0.1388
89,1421,1510,0.1388
89,1416,1505,0.1388
89,1416,1505,0.1388
89,1422,1511,0.1388
91,1424,1515,0.1388
89,1423,1512,0.1388
89,1442,1531,0.1388
89,1438,1527,0.1388
87,1444,1531,0.1388
84,1446,1530,0.1388
83,1420,1503,0.1388
85,1414,1499,0.1388
89,1414,1503,0.1388
90,1417,1507,0.1388
91,1419,1510,0.1388
93,1421,1514,0.1388
93,1414,1507,0.1388
91,1418,1509,0.1388
89,1423,1512,0.1388
90,1430,1520,0.1388
88,1421,1509,0.1388
89,1428,1517,0.1388
90,1416,1506,0.1388
87,1422,1509,0.1388
86,1425,1511,0.1388
87,1422,1509,0.1388
85,1424,1509,0.1388
84,1426,1510,0.1388
86,1429,1515,0.1388
88,1437,1525,0.1388
86,1431,1517,0.1388
87,1424,1511,0.1388
89,1430,1519,0.1388
87,1421,1508,0.1388
87,1423,1510,0.1388
89,1422,1511,0.1388
89,1423,1512,0.1388
86,1420,1506,0.1388
84,1418,1502,0.1388
88,1421,1509,0.1388
87,1424,1511,0.1388
92,1416,1508,0.1388
93,1428,1521,0.1388
94,1416,1510,0.1388
94,1408,1502,0.1388
94,1409,1503,0.1388
93,1425,1518,0.1388
90,1425,1515,0.1388
86,1442,1528,0.1388
86,1434,1520,0.1388
87,1424,1511,0.1388
87,1435,1522,0.1388
87,1436,1523,0.1388
88,1442,1530,0.1388
84,1437,1521,0.1388
82,1435,1517,0.1388
84,1438,1522,0.1388
83,1449,1532,0.1388
82,1442,1524,0.1388
79,1445,1524,0.1388
82,1442,1524,0.1388
77,1446,1523,0.1388
77,1439,1516,0.1388
77,1431,1508,0.1388
79,1428,1507,0.1388
80,1436,1516,0.1388
79,1433,1512,0.1388
80,1434,1514,0.1388
78,1448,1526,0.1388
79,1441,1520,0.1388
76,1434,1510,0.1388
74,1427,1501,0.1388
75,1445,1520,0.1388
76,1436,1512,0.1388
75,1434,1509,0.1388
78,1433,1511,0.1388
76,1430,1506,0.1388
78,1425,1503,0.1388
78,1433,1511,0.1388
79,1434,1513,0.1388
78,1438,1516,0.1388
77,1440,1517,0.1388
77,1446,1523,0.1388
77,1437,1514,0.1388
75,1440,1515,0.1388
76,1427,1503,0.1388
70,1437,1507,0.1388
68,1435,1503,0.1388
70,1437,1507,0.1388
69,1440,1509,0.1388
74,1434,1508,0.1388
74,1429,1503,0.1388
71,1450,1521,0.1388
70,1447,1517,0.1388
71,1440,1511,0.1388
70,1444,1514,0.1388
70,1431,1501,0.1388
68,1447,1515,0.1388
68,1448,1516,0.1388
70,1432,1502,0.1388
73,1435,1508,0.1388
70,1445,1515,0.1388
72,1453,1525,0.1388
69,1444,1513,0.1388
71,1440,1511,0.1388
69,1459,1528,0.1388
67,1457,1524,0.1388
68,1453,1521,0.1388
68,1456,1524,0.1388
69,1462,1531,0.1388
66,1453,1519,0.1388
67,1443,1510,0.1388
66,1441,1507,0.1388
67,1446,1513,0.1388
68,1447,1515,0.1388
69,1436,1505,0.1388
67,1439,1506,0.1388
70,1442,1512,0.1388
72,1442,1514,0.1388
69,1430,1499,0.1388
70,1431,1501,0.1388
70,1430,1500,0.1388
67,1439,1506,0.1388
68,1443,1511,0.1388
67,1459,1526,0.1388
67,1458,1525,0.1388
69,1449,1518,0.1388
69,1453,1522,0.1388
67,1454,1521,0.1388
67,1464,1531,0.1388
66,1456,1522,0.1388
66,1462,1528,0.1388
64,1465,1529,0.1388
63,1453,1516,0.1388
62,1452,1514,0.1388
61,1447,1508,0.1388
60,1454,1514,0.1388
60,1439,1499,0.1388
59,1446,1505,0.1388
56,1441,1497,0.1388
56,1451,1507,0.1388
57,1450,1507,0.1388
61,1459,1520,0.1388
62,1459,1521,0.1388
62,1461,1523,0.1388
60,1463,1523,0.1388
61,1460,1521,0.1388
64,1448,1512,0.1388
66,1445,1511,0.1388
66,1438,1504,0.1388
64,1449,1513,0.1388
65,1458,1523,0.1388
65,1475,1540,0.1388
63,1473,1536,0.1388
64,1465,1529,0.1388
66,1464,1530,0.1388
67,1448,1515,0.1388
63,1461,1524,0.1388
64,1459,1523,0.1388
64,1460,1524,0.1388
63,1462,1525,0.1388
61,1451,1512,0.1388
61,1447,1508,0.1388
60,1440,1500,0.1388
60,1448,1508,0.1388
59,1454,1513,0.1388
63,1459,1522,0.1388
61,1455,1516,0.1388
63,1452,1515,0.1388
60,1459,1519,0.1388
58,1456,1514,0.1388
58,1456,1514,0.1388
58,1457,1515,0.1388
63,1466,1529,0.1388
60,1451,1511,0.1388
60,1459,1519,0.1388
60,1446,1506,0.1388
63,1447,1510,0.1388
63,1446,1509,0.1388
62,1461,1523,0.1388
59,1454,1513,0.1388
56,1446,1502,0.1388
58,1469,1527,0.1388
59,1456,1515,0.1388
58,1458,1516,0.1388
57,1474,1531,0.1388
58,1459,1517,0.1388
58,1468,1526,0.1388
58,1456,1514,0.1388
58,1467,1525,0.1388
59,1454,1513,0.1388
58,1447,1505,0.1388
58,1428,1486,0.1388
59,1440,1499,0.1388
57,1444,1501,0.1388
57,1444,1501,0.1388
57,1457,1514,0.1388
57,1458,1515,0.1388
59,1457,1516,0.1388
59,1451,1510,0.1388
60,1455,1515,0.1388
62,1456,1518,0.1388
60,1451,1511,0.1388
60,1463,1523,0.1388
60,1455,1515,0.1388
60,1472,1532,0.1388
61,1469,1530,0.1388
57,1457,1514,0.1388
56,1459,1515,0.1388
60,1453,1513,0.1388
57,1460,1517,0.1388
55,1473,1528,0.1388
56,1474,1530,0.1388
52,1463,1515,0.1388
51,1471,1522,0.1388
50,1467,1517,0.1388
48,1461,1509,0.1388
49,1452,1501,0.1388
48,1447,1495,0.1388
48,1467,1515,0.1388
49,1460,1509,0.1388
50,1461,1511,0.1388
49,1456,1505,0.1388
47,1449,1496,0.1388
47,1446,1493,0.1388
49,1450,1499,0.1388
47,1445,1492,0.1388
47,1455,1502,0.1388
47,1454,1501,0.1388
47,1463,1510,0.1388
48,1485,1533,0.1388
45,1478,1523,0.1388
44,1481,1525,0.1388
45,1466,1511,0.1388
45,1458,1503,0.1388
43,1459,1502,0.1388
44,1451,1495,0.1388
43,1450,1493,0.1388
42,1459,1501,0.1388
41,1477,1518,0.1388
40,1474,1514,0.1388
40,1479,1519,0.1388
41,1472,1513,0.1388
40,1467,1507,0.1388
39,1462,1501,0.1388
39,1465,1504,0.1388
39,1475,1514,0.1388
41,1477,1518,0.1388
43,1468,1511,0.1388
45,1469,1514,0.1388
46,1475,1521,0.1388
45,1467,1512,0.1388
48,1468,1516,0.1388
47,1476,1523,0.1388
45,1467,1512,0.1388
45,1464,1509,0.1388
44,1466,1510,0.1388
44,1465,1509,0.1388
44,1467,1511,0.1388
44,1474,1518,0.1388
47,1463,1510,0.1388
47,1473,1520,0.1388
47,1467,1514,0.1388
47,1460,1507,0.1388
47,1473,1520,0.1388
45,1481,1526,0.1388
45,1472,1517,0.1388
47,1464,1511,0.1388
47,1460,1507,0.1388
44,1461,1505,0.1388
46,1443,1489,0.1388
46,1458,1504,0.1388
45,1467,1512,0.1388
46,1469,1515,0.1388
46,1472,1518,0.1388
43,1478,1521,0.1388
42,1478,1520,0.1388
39,1474,1513,0.1388
42,1473,1515,0.1388
46,1479,1525,0.1388
47,1470,1517,0.1388
46,1466,1512,0.1388
43,1470,1513,0.1388
44,1475,1519,0.1388
44,1476,1520,0.1388
44,1468,1512,0.1388
43,1469,1512,0.1388
43,1470,1513,0.1388
42,1469,1511,0.1388
39,1475,1514,0.1388
38,1471,1509,0.1388
36,1477,1513,0.1388
37,1478,1515,0.1388
39,1465,1504,0.1388
39,1474,1513,0.1388
39,1492,1531,0.1388
39,1492,1531,0.1388
39,1481,1520,0.1388
38,1474,1512,0.1388
37,1486,1523,0.1388
39,1481,1520,0.1388
38,1473,1511,0.1388
38,1474,1512,0.1388
39,1475,1514,0.1388
39,1473,1512,0.1388
38,1483,1521,0.1388
33,1480,1513,0.1388
35,1471,1506,0.1388
33,1472,1505,0.1388
35,1468,1503,0.1388
34,1464,1498,0.1388
32,1470,1502,0.1388
32,1460,1492,0.1388
32,1482,1514,0.1388
33,1487,1520,0.1388
33,1487,1520,0.1388
32,1494,1526,0.1388
33,1485,1518,0.1388
34,1494,1528,0.1388
34,1486,1520,0.1388
36,1478,1514,0.1388
33,1479,1512,0.1388
33,1476,1509,0.1388
33,1493,1526,0.1388
33,1487,1520,0.1388
33,1480,1513,0.1388
31,1493,1524,0.1388
32,1489,1521,0.1388
31,1494,1525,0.1388
32,1499,1531,0.1388
34,1499,1533,0.1388
33,1491,1524,0.1388
31,1483,1514,0.1388
31,1476,1507,0.1388
31,1483,1514,0.1388
32,1479,1511,0.1388
31,1486,1517,0.1388
31,1494,1525,0.1388
32,1495,1527,0.1388
31,1497,1528,0.1388
33,1488,1521,0.1388
32,1487,1519,0.1388
34,1492,1526,0.1388
35,1475,1510,0.1388
35,1476,1511,0.1388
33,1488,1521,0.1388
34,1469,1503,0.1388
33,1472,1505,0.1388
32,1478,1510,0.1388
31,1474,1505,0.1388
31,1481,1512,0.1388
32,1490,1522,0.1388
31,1491,1522,0.1388
32,1488,1520,0.1388
32,1491,1523,0.1388
33,1485,1518,0.1388
34,1478,1512,0.1388
34,1473,1507,0.1388
34,1491,1525,0.1388
36,1486,1522,0.1388
35,1473,1508,0.1388
32,1481,1513,0.1388
32,1474,1506,0.1388
31,1472,1503,0.1388
33,1488,1521,0.1388
34,1485,1519,0.1388
34,1477,1511,0.1388
34,1473,1507,0.1388
34,1482,1516,0.1388
34,1480,1514,0.1388
34,1481,1515,0.1388
34,1488,1522,0.1388
33,1485,1518,0.1388
35,1473,1508,0.1388
36,1476,1512,0.1388
36,1475,1511,0.1388
35,1473,1508,0.1388
33,1477,1510,0.1388
33,1475,1508,0.1388
35,1472,1507,0.1388
33,1482,1515,0.1388
33,1479,1512,0.1388
31,1483,1514,0.1388
31,1479,1510,0.1388
31,1484,1515,0.1388
32,1487,1519,0.1388
33,1487,1520,0.1388
33,1486,1519,0.1388
31,1487,1518,0.1388
28,1493,1521,0.1388
29,1492,1521,0.1388
29,1507,1536,0.1388
29,1504,1533,0.1388
31,1484,1515,0.1388
31,1477,1508,0.1388
29,1477,1506,0.1388
29,1480,1509,0.1388
29,1478,1507,0.1388
29,1482,1511,0.1388
29,1485,1514,0.1388
29,1488,1517,0.1388
28,1485,1513,0.1388
27,1487,1514,0.1388
25,1482,1507,0.1388
26,1479,1505,0.1388
26,1476,1502,0.1388
29,1480,1509,0.1388
27,1484,1511,0.1388
24,1488,1512,0.1388
25,1491,1516,0.1388
24,1485,1509,0.1388
25,1495,1520,0.1388
24,1490,1514,0.1388
24,1497,1521,0.1388
25,1482,1507,0.1388
25,1492,1517,0.1388
25,1495,1520,0.1388
24,1499,1523,0.1388
24,1492,1516,0.1388
25,1497,1522,0.1388
25,1505,1530,0.1388
25,1505,1530,0.1388
25,1495,1520,0.1388
24,1499,1523,0.1388
23,1498,1521,0.1388
23,1479,1502,0.1388
22,1474,1496,0.1388
22,1478,1500,0.1388
22,1486,1508,0.1388
22,1487,1509,0.1388
22,1475,1497,0.1388
21,1470,1491,0.1388
22,1483,1505,0.1388
21,1482,1503,0.1388
21,1485,1506,0.1388
20,1487,1507,0.1388
19,1486,1505,0.1388
20,1493,1513,0.1388
23,1476,1499,0.1388
24,1478,1502,0.1388
24,1503,1527,0.1388
23,1512,1535,0.1388
21,1514,1535,0.1388
19,1511,1530,0.1388
20,1498,1518,0.1388
20,1501,1521,0.1388
22,1495,1517,0.1388
22,1501,1523,0.1388
23,1502,1525,0.1388
22,1507,1529,0.1388
21,1489,1510,0.1388
21,1483,1504,0.1388
19,1486,1505,0.1388
20,1490,1510,0.1388
21,1487,1508,0.1388
20,1487,1507,0.1388
21,1491,1512,0.1388
20,1482,1502,0.1388
20,1488,1508,0.1388
21,1489,1510,0.1388
21,1479,1500,0.1388
21,1487,1508,0.1388
21,1484,1505,0.1388
22,1483,1505,0.1388
22,1485,1507,0.1388
21,1489,1510,0.1388
22,1494,1516,0.1388
20,1502,1522,0.1388
19,1499,1518,0.1388
17,1506,1523,0.1388
18,1514,1532,0.1388
20,1500,1520,0.1388
22,1496,1518,0.1388
19,1495,1514,0.1388
19,1496,1515,0.1388
20,1496,1516,0.1388
20,1512,1532,0.1388
19,1503,1522,0.1388
18,1500,1518,0.1388
18,1494,1512,0.1388
18,1500,1518,0.1388
18,1501,1519,0.1388
18,1504,1522,0.1388
18,1502,1520,0.1388
19,1498,1517,0.1388
19,1494,1513,0.1388
19,1506,1525,0.1388
18,1503,1521,0.1388
18,1509,1527,0.1388
19,1500,1519,0.1388
19,1500,1519,0.1388
19,1494,1513,0.1388
18,1479,1497,0.1388
17,1478,1495,0.1388
17,1487,1504,0.1388
17,1498,1515,0.1388
16,1503,1519,0.1388
17,1506,1523,0.1388
16,1507,1523,0.1388
16,1508,1524,0.1388
16,1503,1519,0.1388
14,1501,1515,0.1388
15,1502,1517,0.1388
17,1504,1521,0.1388
18,1502,1520,0.1388
19,1494,1513,0.1388
19,1483,1502,0.1388
18,1488,1506,0.1388
17,1502,1519,0.1388
16,1486,1502,0.1388
15,1492,1507,0.1388
16,1506,1522,0.1388
17,1501,1518,0.1388
17,1507,1524,0.1388
17,1502,1519,0.1388
18,1493,1511,0.1388
19,1492,1511,0.1388
19,1486,1505,0.1388
19,1502,1521,0.1388
19,1509,1528,0.1388
18,1511,1529,0.1388
18,1496,1514,0.1388
19,1495,1514,0.1388
19,1499,1518,0.1388
20,1512,1532,0.1388
19,1505,1524,0.1388
20,1506,1526,0.1388
20,1507,1527,0.1388
20,1515,1535,0.1388
19,1512,1531,0.1388
21,1512,1533,0.1388
20,1505,1525,0.1388
19,1514,1533,0.1388
19,1504,1523,0.1388
20,1492,1512,0.1388
19,1483,1502,0.1388
20,1478,1498,0.1388
20,1484,1504,0.1388
18,1486,1504,0.1388
18,1485,1503,0.1388
18,1502,1520,0.1388
18,1498,1516,0.1388
17,1500,1517,0.1388
16,1495,1511,0.1388
19,1500,1519,0.1388
18,1500,1518,0.1388
19,1498,1517,0.1388
20,1502,1522,0.1388
21,1500,1521,0.1388
22,1489,1511,0.1388
23,1502,1525,0.1388
23,1499,1522,0.1388
22,1491,1513,0.1388
21,1506,1527,0.1388
20,1491,1511,0.1388
20,1492,1512,0.1388
19,1481,1500,0.1388
20,1473,1493,0.1388
19,1475,1494,0.1388
20,1473,1493,0.1388
21,1489,1510,0.1388
20,1489,1509,0.1388
21,1475,1496,0.1388
21,1480,1501,0.1388
21,1485,1506,0.1388
20,1496,1516,0.1388
19,1506,1525,0.1388
19,1501,1520,0.1388
17,1502,1519,0.1388
17,1500,1517,0.1388
17,1504,1521,0.1388
18,1505,1523,0.1388
17,1504,1521,0.1388
17,1510,1527,0.1388
16,1518,1534,0.1388
15,1519,1534,0.1388
14,1508,1522,0.1388
15,1503,1518,0.1388
15,1500,1515,0.1388
15,1503,1518,0.1388
15,1504,1519,0.1388
16,1491,1507,0.1388
16,1500,1516,0.1388
15,1508,1523,0.1388
16,1497,1513,0.1388
16,1502,1518,0.1388
16,1492,1508,0.1388
15,1493,1508,0.1388
16,1495,1511,0.1388
16,1505,1521,0.1388
16,1493,1509,0.1388
16,1483,1499,0.1388
16,1475,1491,0.1388
16,1485,1501,0.1388
15,1498,1513,0.1388
16,1506,1522,0.1388
16,1508,1524,0.1388
16,1501,1517,0.1388
16,1507,1523,0.1388
13,1511,1524,0.1388
13,1496,1509,0.1388
13,1500,1513,0.1388
13,1505,1518,0.1388
12,1508,1520,0.1388
12,1507,1519,0.1388
12,1510,1522,0.1388
12,1513,1525,0.1388
13,1510,1523,0.1388
12,1516,1528,0.1388
13,1512,1525,0.1388
13,1508,1521,0.1388
12,1515,1527,0.1388
12,1510,1522,0.1388
12,1509,1521,0.1388
12,1508,1520,0.1388
11,1508,1519,0.1388
11,1515,1526,0.1388
10,1507,1517,0.1388
10,1502,1512,0.1388
11,1509,1520,0.1388
11,1508,1519,0.1388
11,1510,1521,0.1388
11,1514,1525,0.1388
11,1508,1519,0.1388
11,1489,1500,0.1388
11,1494,1505,0.1388
11,1497,1508,0.1388
9,1506,1515,0.1388
8,1512,1520,0.1388
8,1513,1521,0.1388
7,1506,1513,0.1388
7,1510,1517,0.1388
7,1513,1520,0.1388
6,1516,1522,0.1388
6,1517,1523,0.1388
6,1514,1520,0.1388
6,1505,1511,0.1388
7,1516,1523,0.1388
7,1505,1512,0.1388
7,1508,1515,0.1388
7,1493,1500,0.1388
7,1483,1490,0.1388
8,1482,1490,0.1388
8,1490,1498,0.1388
8,1488,1496,0.1388
7,1491,1498,0.1388
8,1498,1506,0.1388
8,1505,1513,0.1388
8,1503,1511,0.1388
8,1509,1517,0.1388
7,1516,1523,0.1388
7,1506,1513,0.1388
7,1517,1524,0.1388
7,1504,1511,0.1388
7,1508,1515,0.1388
8,1502,1510,0.1388
8,1498,1506,0.1388
8,1511,1519,0.1388
8,1516,1524,0.1388
7,1514,1521,0.1388
5,1514,1519,0.1388
5,1499,1504,0.1388
5,1513,1518,0.1388
5,1515,1520,0.1388
5,1511,1516,0.1388
6,1518,1524,0.1388
5,1519,1524,0.1388
6,1512,1518,0.1388
6,1511,1517,0.1388
6,1512,1518,0.1388
6,1504,1510,0.1388
6,1518,1524,0.1388
6,1515,1521,0.1388
6,1499,1505,0.1388
6,1490,1496,0.1388
6,1481,1487,0.1388
6,1492,1498,0.1388
6,1492,1498,0.1388
6,1504,1510,0.1388
6,1498,1504,0.1388
6,1498,1504,0.1388
8,1501,1509,0.1388
8,1503,1511,0.1388
8,1521,1529,0.1388
8,1522,1530,0.1388
8,1515,1523,0.1388
8,1516,1524,0.1388
8,1505,1513,0.1388
8,1494,1502,0.1388
8,1503,1511,0.1388
8,1509,1517,0.1388
8,1505,1513,0.1388
8,1517,1525,0.1388
8,1529,1537,0.1388
8,1524,1532,0.1388
8,1520,1528,0.1388
8,1515,1523,0.1388
8,1527,1535,0.1388
8,1514,1522,0.1388
9,1516,1525,0.1388
7,1513,1520,0.1388
6,1499,1505,0.1388
6,1506,1512,0.1388
6,1506,1512,0.1388
6,1502,1508,0.1388
6,1510,1516,0.1388
6,1499,1505,0.1388
6,1507,1513,0.1388
6,1500,1506,0.1388
6,1501,1507,0.1388
7,1509,1516,0.1388
7,1502,1509,0.1388
7,1505,1512,0.1388
7,1498,1505,0.1388
7,1497,1504,0.1388
8,1505,1513,0.1388
8,1511,1519,0.1388
8,1508,1516,0.1388
8,1531,1539,0.1388
7,1527,1534,0.1388
7,1521,1528,0.1388
7,1517,1524,0.1388
7,1520,1527,0.1388
6,1520,1526,0.1388
6,1525,1531,0.1388
7,1528,1535,0.1388
7,1521,1528,0.1388
6,1528,1534,0.1388
5,1514,1519,0.1388
5,1504,1509,0.1388
5,1510,1515,0.1388
5,1507,1512,0.1388
5,1493,1498,0.1388
4,1504,1508,0.1388
4,1510,1514,0.1388
4,1514,1518,0.1388
3,1509,1512,0.1388
3,1513,1516,0.1388
3,1516,1519,0.1388
3,1518,1521,0.1388
3,1526,1529,0.1388
3,1521,1524,0.1388
3,1519,1522,0.1388
3,1521,1524,0.1388
3,1523,1526,0.1388
3,1514,1517,0.1388
3,1515,1518,0.1388
3,1511,1514,0.1388
3,1509,1512,0.1388
3,1509,1512,0.1388
3,1501,1504,0.1388
3,1501,1504,0.1388
3,1507,1510,0.1388
3,1510,1513,0.1388
3,1509,1512,0.1388
3,1517,1520,0.1388
4,1518,1522,0.1388
4,1511,1515,0.1388
4,1508,1512,0.1388
4,1505,1509,0.1388
3,1510,1513,0.1388
3,1518,1521,0.1388
3,1496,1499,0.1388
3,1498,1501,0.1388
2,1505,1507,0.1388
2,1508,1510,0.1388
2,1517,1519,0.1388
2,1524,1526,0.1388
2,1504,1506,0.1388
1,1489,1490,0.1388
1,1507,1508,0.1388
1,1520,1521,0.1388
1,1512,1513,0.1388
1,1505,1506,0.1388
1,1502,1503,0.1388
2,1507,1509,0.1388
2,1502,1504,0.1388
2,1498,1500,0.1388
2,1505,1507,0.1388
2,1521,1523,0.1388
2,1530,1532,0.1388
2,1512,1514,0.1388
2,1512,1514,0.1388
2,1516,1518,0.1388
2,1511,1513,0.1388
3,1511,1514,0.1388
3,1508,1511,0.1388
3,1513,1516,0.1388
3,1514,1517,0.1388
3,1523,1526,0.1388
3,1524,1527,0.1388
3,1527,1530,0.1388
3,1523,1526,0.1388
3,1519,1522,0.1388
3,1522,1525,0.1388
3,1510,1513,0.1388
3,1511,1514,0.1388
3,1525,1528,0.1388
3,1510,1513,0.1388
4,1523,1527,0.1388
5,1512,1517,0.1388
5,1517,1522,0.1388
5,1518,1523,0.1388
5,1506,1511,0.1388
5,1496,1501,0.1388
5,1500,1505,0.1388
5,1511,1516,0.1388
5,1519,1524,0.1388
5,1513,1518,0.1388
4,1509,1513,0.1388
4,1523,1527,0.1388
4,1514,1518,0.1388
4,1509,1513,0.1388
4,1507,1511,0.1388
4,1504,1508,0.1388
3,1504,1507,0.1388
4,1512,1516,0.1388
2,1515,1517,0.1388
2,1515,1517,0.1388
2,1511,1513,0.1388
2,1510,1512,0.1388
2,1505,1507,0.1388
3,1511,1514,0.1388
3,1521,1524,0.1388
3,1512,1515,0.1388
3,1517,1520,0.1388
3,1507,1510,0.1388
2,1507,1509,0.1388
2,1514,1516,0.1388
1,1518,1519,0.1388
1,1519,1520,0.1388
1,1516,1517,0.1388
1,1511,1512,0.1388
1,1505,1506,0.1388
1,1505,1506,0.1388
1,1522,1523,0.1388
1,1529,1530,0.1388
1,1505,1506,0.1388
2,1499,1501,0.1388
2,1493,1495,0.1388
3,1491,1494,0.1388
3,1513,1516,0.1388
3,1506,1509,0.1388
3,1507,1510,0.1388
3,1502,1505,0.1388
3,1516,1519,0.1388
3,1513,1516,0.1388
3,1520,1523,0.1388
3,1522,1525,0.1388
1,1520,1521,0.1388
1,1528,1529,0.1388
1,1521,1522,0.1388
1,1532,1533,0.1388
1,1513,1514,0.1388
1,1505,1506,0.1388
1,1495,1496,0.1388
1,1514,1515,0.1388
1,1522,1523,0.1388
1,1538,1539,0.1388
1,1533,1534,0.1388
1,1547,1548,0.1388
1,1524,1525,0.1388
1,1517,1518,0.1388
1,1525,1526,0.1388
2,1515,1517,0.1388
2,1509,1511,0.1388
2,1515,1517,0.1388
2,1514,1516,0.1388
2,1522,1524,0.1388
2,1518,1520,0.1388
2,1529,1531,0.1388
2,1521,1523,0.1388
2,1523,1525,0.1388
2,1520,1522,0.1388
2,1523,1525,0.1388
2,1519,1521,0.1388
2,1533,1535,0.1388
2,1524,1526,0.1388
2,1519,1521,0.1388
2,1512,1514,0.1388
2,1530,1532,0.1388
2,1516,1518,0.1388
2,1520,1522,0.1388
2,1525,1527,0.1388
2,1520,1522,0.1388
2,1517,1519,0.1388
2,1518,1520,0.1388
2,1504,1506,0.1388
2,1509,1511,0.1388
2,1520,1522,0.1388
2,1514,1516,0.1388
2,1515,1517,0.1388
1,1513,1514,0.1388
1,1514,1515,0.1388
1,1527,1528,0.1388
1,1527,1528,0.1388
1,1528,1529,0.1388
1,1532,1533,0.1388
1,1530,1531,0.1388
1,1535,1536,0.1388
1,1519,1520,0.1388
1,1519,1520,0.1388
1,1530,1531,0.1388
1,1505,1506,0.1388
1,1526,1527,0.1388
1,1521,1522,0.1388
1,1511,1512,0.1388
1,1517,1518,0.1388
1,1516,1517,0.1388
1,1529,1530,0.1388
1,1526,1527,0.1388
1,1510,1511,0.1388
1,1506,1507,0.1388
1,1505,1506,0.1388
1,1514,1515,0.1388
1,1503,1504,0.1388
1,1504,1505,0.1388
1,1507,1508,0.1388
1,1529,1530,0.1388
1,1522,1523,0.1388
1,1516,1517,0.1388
1,1504,1505,0.1388
1,1515,1516,0.1388
1,1508,1509,0.1388
1,1506,1507,0.1388
1,1516,1517,0.1388
1,1505,1506,0.1388
1,1523,1524,0.1388
1,1523,1524,0.1388
1,1526,1527,0.1388
1,1518,1519,0.1388
1,1525,1526,0.1388
1,1515,1516,0.1388
1,1512,1513,0.1388
1,1522,1523,0.1388
1,1529,1530,0.1388
1,1525,1526,0.1388
1,1521,1522,0.1388
1,1505,1506,0.1388
1,1511,1512,0.1388
1,1513,1514,0.1388
1,1512,1513,0.1388
1,1519,1520,0.1388
1,1516,1517,0.1388
0,1498,1498,0.1388
