1373,26,1399,0.1388
1400,27,1427,0.1388
1419,27,1446,0.1388
1421,28,1449,0.1388
1450,29,1479,0.1388
1457,29,1486,0.1388
1469,27,1496,0.1388
1462,26,1488,0.1388
1469,26,1495,0.1388
1456,26,1482,0.1388
1458,26,1484,0.1388
1459,26,1485,0.1388
1464,25,1489,0.1388
1464,26,1490,0.1388
1467,26,1493,0.1388
1466,25,1491,0.1388
1472,25,1497,0.1388
1468,25,1493,0.1388
1467,25,1492,0.1388
1472,24,1496,0.1388
1474,23,1497,0.1388
1483,25,1508,0.1388
1482,26,1508,0.1388
1483,24,1507,0.1388
1474,24,1498,0.1388
1469,23,1492,0.1388
1469,21,1490,0.1388
1457,21,1478,0.1388
1463,21,1484,0.1388
1462,21,1483,0.1388
1463,21,1484,0.1388
1470,21,1491,0.1388
1467,20,1487,0.1388
1480,21,1501,0.1388
1464,22,1486,0.1388
1466,21,1487,0.1388
1477,20,1497,0.1388
1474,20,1494,0.1388
1484,20,1504,0.1388
1471,20,1491,0.1388
1476,20,1496,0.1388
1489,20,1509,0.1388
1481,20,1501,0.1388
1473,20,1493,0.1388
1469,20,1489,0.1388
1466,20,1486,0.1388
1473,20,1493,0.1388
1484,19,1503,0.1388
1492,19,1511,0.1388
1482,20,1502,0.1388
1469,21,1490,0.1388
1462,22,1484,0.1388
1462,21,1483,0.1388
1465,21,1486,0.1388
1465,22,1487,0.1388
1467,21,1488,0.1388
1490,22,1512,0.1388
1480,22,1502,0.1388
1474,23,1497,0.1388
1478,22,1500,0.1388
1481,22,1503,0.1388
1485,22,1507,0.1388
1464,22,1486,0.1388
1467,23,1490,0.1388
1454,23,1477,0.1388
1457,23,1480,0.1388
1474,23,1497,0.1388
1488,21,1509,0.1388
1492,20,1512,0.1388
1494,19,1513,0.1388
1502,20,1522,0.1388
1497,20,1517,0.1388
1492,19,1511,0.1388
1480,19,1499,0.1388
1486,19,1505,0.1388
1499,19,1518,0.1388
1491,18,1509,0.1388
1496,19,1515,0.1388
1498,20,1518,0.1388
1492,21,1513,0.1388
1471,21,1492,0.1388
1471,23,1494,0.1388
1474,23,1497,0.1388
1473,24,1497,0.1388
1482,25,1507,0.1388
1488,26,1514,0.1388
1486,26,1512,0.1388
1485,26,1511,0.1388
1486,25,1511,0.1388
1466,25,1491,0.1388
1457,26,1483,0.1388
1459,26,1485,0.1388
1453,26,1479,0.1388
1459,26,1485,0.1388
1458,26,1484,0.1388
1454,24,1478,0.1388
1445,23,1468,0.1388
1460,25,1485,0.1388
1471,25,1496,0.1388
1470,25,1495,0.1388
1467,29,1496,0.1388
1472,28,1500,0.1388
1464,28,1492,0.1388
1469,28,1497,0.1388
1468,27,1495,0.1388
1476,25,1501,0.1388
1473,25,1498,0.1388
1475,25,1500,0.1388
1479,25,1504,0.1388
1475,26,1501,0.1388
1480,26,1506,0.1388
1468,25,1493,0.1388
1476,27,1503,0.1388
1470,27,1497,0.1388
1482,23,1505,0.1388
1481,23,1504,0.1388
1470,24,1494,0.1388
1467,24,1491,0.1388
1476,24,1500,0.1388
1468,26,1494,0.1388
1479,28,1507,0.1388
1483,28,1511,0.1388
1471,26,1497,0.1388
1470,26,1496,0.1388
1469,25,1494,0.1388
1469,29,1498,0.1388
1468,30,1498,0.1388
1467,30,1497,0.1388
1463,29,1492,0.1388
1467,30,1497,0.1388
1458,30,1488,0.1388
1458,31,1489,0.1388
1472,31,1503,0.1388
1470,29,1499,0.1388
1449,32,1481,0.1388
1448,34,1482,0.1388
1455,36,1491,0.1388
1443,37,1480,0.1388
1443,36,1479,0.1388
1455,36,1491,0.1388
1469,39,1508,0.1388
1467,40,1507,0.1388
1462,40,1502,0.1388
1448,39,1487,0.1388
1451,39,1490,0.1388
1458,42,1500,0.1388
1468,42,1510,0.1388
1465,42,1507,0.1388
1462,43,1505,0.1388
1456,43,1499,0.1388
1452,41,1493,0.1388
1458,40,1498,0.1388
1467,40,1507,0.1388
1459,42,1501,0.1388
1458,41,1499,0.1388
1454,42,1496,0.1388
1453,43,1496,0.1388
1451,43,1494,0.1388
1450,43,1493,0.1388
1444,42,1486,0.1388
1449,43,1492,0.1388
1458,43,1501,0.1388
1456,44,1500,0.1388
1457,42,1499,0.1388
1456,41,1497,0.1388
1450,43,1493,0.1388
1456,43,1499,0.1388
1459,41,1500,0.1388
1458,41,1499,0.1388
1449,42,1491,0.1388
1444,40,1484,0.1388
1443,41,1484,0.1388
1449,44,1493,0.1388
1442,40,1482,0.1388
1443,41,1484,0.1388
1442,44,1486,0.1388
1436,45,1481,0.1388
1445,47,1492,0.1388
1445,50,1495,0.1388
1439,49,1488,0.1388
1448,50,1498,0.1388
1445,51,1496,0.1388
1439,52,1491,0.1388
1435,51,1486,0.1388
1439,53,1492,0.1388
1440,53,1493,0.1388
1440,51,1491,0.1388
1453,51,1504,0.1388
1460,51,1511,0.1388
1465,48,1513,0.1388
1462,48,1510,0.1388
1440,52,1492,0.1388
1454,52,1506,0.1388
1463,50,1513,0.1388
1457,49,1506,0.1388
1453,49,1502,0.1388
1452,45,1497,0.1388
1455,48,1503,0.1388
1432,48,1480,0.1388
1422,49,1471,0.1388
1426,49,1475,0.1388
1427,51,1478,0.1388
1435,50,1485,0.1388
1435,51,1486,0.1388
1433,50,1483,0.1388
1438,47,1485,0.1388
1442,47,1489,0.1388
1441,47,1488,0.1388
1441,48,1489,0.1388
1440,49,1489,0.1388
1437,50,1487,0.1388
1435,51,1486,0.1388
1442,52,1494,0.1388
1455,52,1507,0.1388
1449,53,1502,0.1388
1438,52,1490,0.1388
1427,52,1479,0.1388
1435,54,1489,0.1388
1421,54,1475,0.1388
1428,52,1480,0.1388
1426,53,1479,0.1388
1435,56,1491,0.1388
1432,55,1487,0.1388
1435,54,1489,0.1388
1423,55,1478,0.1388
1420,56,1476,0.1388
1417,54,1471,0.1388
1435,54,1489,0.1388
1435,55,1490,0.1388
1416,56,1472,0.1388
1419,56,1475,0.1388
1432,59,1491,0.1388
1422,57,1479,0.1388
1425,56,1481,0.1388
1425,57,1482,0.1388
1417,54,1471,0.1388
1406,53,1459,0.1388
1410,55,1465,0.1388
1417,55,1472,0.1388
1420,57,1477,0.1388
1437,55,1492,0.1388
1442,55,1497,0.1388
1437,57,1494,0.1388
1434,57,1491,0.1388
1435,54,1489,0.1388
1428,56,1484,0.1388
1436,56,1492,0.1388
1432,55,1487,0.1388
1430,56,1486,0.1388
1440,56,1496,0.1388
1447,52,1499,0.1388
1456,51,1507,0.1388
1463,50,1513,0.1388
1446,46,1492,0.1388
1448,47,1495,0.1388
1446,48,1494,0.1388
1443,50,1493,0.1388
1451,51,1502,0.1388
1444,50,1494,0.1388
1439,51,1490,0.1388
1435,53,1488,0.1388
1436,51,1487,0.1388
1446,48,1494,0.1388
1441,47,1488,0.1388
1455,46,1501,0.1388
1464,47,1511,0.1388
1453,49,1502,0.1388
1451,49,1500,0.1388
1457,51,1508,0.1388
1448,50,1498,0.1388
1460,52,1512,0.1388
1466,52,1518,0.1388
1459,51,1510,0.1388
1452,53,1505,0.1388
1453,54,1507,0.1388
1458,53,1511,0.1388
1453,52,1505,0.1388
1452,55,1507,0.1388
1447,56,1503,0.1388
1442,54,1496,0.1388
1445,51,1496,0.1388
1435,52,1487,0.1388
1429,51,1480,0.1388
1435,51,1486,0.1388
1426,51,1477,0.1388
1424,53,1477,0.1388
1414,54,1468,0.1388
1425,55,1480,0.1388
1422,53,1475,0.1388
1440,52,1492,0.1388
1437,50,1487,0.1388
1441,52,1493,0.1388
1440,55,1495,0.1388
1442,54,1496,0.1388
1449,55,1504,0.1388
1451,57,1508,0.1388
1444,57,1501,0.1388
1443,58,1501,0.1388
1429,59,1488,0.1388
1430,57,1487,0.1388
1438,57,1495,0.1388
1440,56,1496,0.1388
1438,56,1494,0.1388
1429,56,1485,0.1388
1443,55,1498,0.1388
1435,56,1491,0.1388
1421,54,1475,0.1388
1422,55,1477,0.1388
1427,56,1483,0.1388
1430,56,1486,0.1388
1437,58,1495,0.1388
1448,57,1505,0.1388
1449,57,1506,0.1388
1463,57,1520,0.1388
1448,55,1503,0.1388
1425,55,1480,0.1388
1422,55,1477,0.1388
1427,55,1482,0.1388
1429,56,1485,0.1388
1430,59,1489,0.1388
1429,57,1486,0.1388
1428,61,1489,0.1388
1432,61,1493,0.1388
1427,64,1491,0.1388
1435,64,1499,0.1388
1427,66,1493,0.1388
1426,66,1492,0.1388
1422,62,1484,0.1388
1427,61,1488,0.1388
1441,59,1500,0.1388
1426,59,1485,0.1388
1419,60,1479,0.1388
1413,58,1471,0.1388
1417,62,1479,0.1388
1424,62,1486,0.1388
1421,65,1486,0.1388
1425,67,1492,0.1388
1430,69,1499,0.1388
1441,66,1507,0.1388
1428,67,1495,0.1388
1436,65,1501,0.1388
1435,64,1499,0.1388
1437,64,1501,0.1388
1436,65,1501,0.1388
1432,71,1503,0.1388
1438,70,1508,0.1388
1430,70,1500,0.1388
1430,68,1498,0.1388
1442,69,1511,0.1388
1433,69,1502,0.1388
1440,68,1508,0.1388
1432,68,1500,0.1388
1431,65,1496,0.1388
1425,68,1493,0.1388
1414,67,1481,0.1388
1411,67,1478,0.1388
1405,66,1471,0.1388
1423,66,1489,0.1388
1417,64,1481,0.1388
1411,65,1476,0.1388
1417,62,1479,0.1388
1423,62,1485,0.1388
1423,62,1485,0.1388
1430,64,1494,0.1388
1434,63,1497,0.1388
1423,67,1490,0.1388
1433,65,1498,0.1388
1428,64,1492,0.1388
1425,63,1488,0.1388
1424,60,1484,0.1388
1426,61,1487,0.1388
1409,63,1472,0.1388
1405,64,1469,0.1388
1414,65,1479,0.1388
1404,64,1468,0.1388
1418,67,1485,0.1388
1431,67,1498,0.1388
1442,68,1510,0.1388
1440,65,1505,0.1388
1432,68,1500,0.1388
1438,67,1505,0.1388
1430,68,1498,0.1388
1421,69,1490,0.1388
1418,69,1487,0.1388
1417,67,1484,0.1388
1429,68,1497,0.1388
1428,66,1494,0.1388
1428,63,1491,0.1388
1423,64,1487,0.1388
1421,65,1486,0.1388
1425,66,1491,0.1388
1414,68,1482,0.1388
1417,65,1482,0.1388
1414,64,1478,0.1388
1422,63,1485,0.1388
1410,65,1475,0.1388
1416,65,1481,0.1388
1407,64,1471,0.1388
1409,67,1476,0.1388
1434,65,1499,0.1388
1437,66,1503,0.1388
1442,64,1506,0.1388
1431,64,1495,0.1388
1445,65,1510,0.1388
1435,67,1502,0.1388
1426,68,1494,0.1388
1422,71,1493,0.1388
1427,70,1497,0.1388
1413,73,1486,0.1388
1413,73,1486,0.1388
1413,75,1488,0.1388
1419,72,1491,0.1388
1427,73,1500,0.1388
1413,76,1489,0.1388
1414,75,1489,0.1388
1424,75,1499,0.1388
1432,73,1505,0.1388
1435,72,1507,0.1388
1423,73,1496,0.1388
1418,72,1490,0.1388
1419,75,1494,0.1388
1445,73,1518,0.1388
1450,72,1522,0.1388
1443,65,1508,0.1388
1444,67,1511,0.1388
1430,68,1498,0.1388
1421,66,1487,0.1388
1408,64,1472,0.1388
1425,62,1487,0.1388
1411,62,1473,0.1388
1425,60,1485,0.1388
1425,56,1481,0.1388
1425,58,1483,0.1388
1413,59,1472,0.1388
1419,59,1478,0.1388
1418,59,1477,0.1388
1419,58,1477,0.1388
1400,59,1459,0.1388
1394,58,1452,0.1388
1400,57,1457,0.1388
1404,60,1464,0.1388
1408,61,1469,0.1388
1422,63,1485,0.1388
1425,64,1489,0.1388
1429,67,1496,0.1388
1411,66,1477,0.1388
1416,69,1485,0.1388
1432,66,1498,0.1388
1430,64,1494,0.1388
1425,64,1489,0.1388
1424,66,1490,0.1388
1411,66,1477,0.1388
1418,67,1485,0.1388
1427,70,1497,0.1388
1422,70,1492,0.1388
1428,70,1498,0.1388
1418,68,1486,0.1388
1415,73,1488,0.1388
1422,75,1497,0.1388
1421,76,1497,0.1388
1411,76,1487,0.1388
1412,72,1484,0.1388
1407,74,1481,0.1388
1410,76,1486,0.1388
1395,78,1473,0.1388
1421,79,1500,0.1388
1422,79,1501,0.1388
1421,79,1500,0.1388
1420,79,1499,0.1388
1423,82,1505,0.1388
1429,81,1510,0.1388
1432,80,1512,0.1388
1430,79,1509,0.1388
1422,78,1500,0.1388
1432,79,1511,0.1388
1425,79,1504,0.1388
1417,80,1497,0.1388
1420,80,1500,0.1388
1424,78,1502,0.1388
1424,75,1499,0.1388
1430,75,1505,0.1388
1425,74,1499,0.1388
1438,75,1513,0.1388
1439,76,1515,0.1388
1421,78,1499,0.1388
1406,77,1483,0.1388
1382,77,1459,0.1388
1391,78,1469,0.1388
1391,75,1466,0.1388
1398,79,1477,0.1388
1387,75,1462,0.1388
1393,75,1468,0.1388
1387,73,1460,0.1388
1404,80,1484,0.1388
1399,82,1481,0.1388
1402,82,1484,0.1388
1397,86,1483,0.1388
1384,85,1469,0.1388
1396,86,1482,0.1388
1392,82,1474,0.1388
1390,82,1472,0.1388
1391,86,1477,0.1388
1405,90,1495,0.1388
1406,91,1497,0.1388
1404,89,1493,0.1388
1407,90,1497,0.1388
1406,90,1496,0.1388
1399,92,1491,0.1388
1398,91,1489,0.1388
1414,88,1502,0.1388
1412,84,1496,0.1388
1417,83,1500,0.1388
1419,83,1502,0.1388
1425,82,1507,0.1388
1424,84,1508,0.1388
1422,82,1504,0.1388
1417,82,1499,0.1388
1419,82,1501,0.1388
1413,84,1497,0.1388
1419,85,1504,0.1388
1410,85,1495,0.1388
1409,85,1494,0.1388
1407,85,1492,0.1388
1400,85,1485,0.1388
1395,86,1481,0.1388
1395,84,1479,0.1388
1400,86,1486,0.1388
1400,87,1487,0.1388
1398,90,1488,0.1388
1398,92,1490,0.1388
1395,93,1488,0.1388
1406,91,1497,0.1388
1402,91,1493,0.1388
1408,94,1502,0.1388
1394,97,1491,0.1388
1389,93,1482,0.1388
1391,95,1486,0.1388
1390,96,1486,0.1388
1388,99,1487,0.1388
1395,102,1497,0.1388
1391,103,1494,0.1388
1397,104,1501,0.1388
1397,105,1502,0.1388
1391,103,1494,0.1388
1404,101,1505,0.1388
1403,100,1503,0.1388
1405,98,1503,0.1388
1406,102,1508,0.1388
1399,103,1502,0.1388
1392,108,1500,0.1388
1401,110,1511,0.1388
1402,110,1512,0.1388
1403,112,1515,0.1388
1400,108,1508,0.1388
1402,107,1509,0.1388
1407,106,1513,0.1388
1405,110,1515,0.1388
1402,113,1515,0.1388
1386,116,1502,0.1388
1383,116,1499,0.1388
1378,111,1489,0.1388
1369,112,1481,0.1388
1375,115,1490,0.1388
1377,116,1493,0.1388
1377,113,1490,0.1388
1377,110,1487,0.1388
1369,110,1479,0.1388
1372,112,1484,0.1388
1382,111,1493,0.1388
1382,109,1491,0.1388
1398,109,1507,0.1388
1397,110,1507,0.1388
1393,109,1502,0.1388
1381,109,1490,0.1388
1385,108,1493,0.1388
1397,110,1507,0.1388
1391,111,1502,0.1388
1401,111,1512,0.1388
1403,111,1514,0.1388
1396,110,1506,0.1388
1388,110,1498,0.1388
1392,112,1504,0.1388
1394,110,1504,0.1388
1386,112,1498,0.1388
1393,115,1508,0.1388
1388,116,1504,0.1388
1382,114,1496,0.1388
1374,112,1486,0.1388
1392,113,1505,0.1388
1378,110,1488,0.1388
1374,104,1478,0.1388
1396,105,1501,0.1388
1392,103,1495,0.1388
1399,103,1502,0.1388
1398,106,1504,0.1388
1391,109,1500,0.1388
1385,113,1498,0.1388
1376,115,1491,0.1388
1385,118,1503,0.1388
1386,115,1501,0.1388
1400,116,1516,0.1388
1399,116,1515,0.1388
1382,117,1499,0.1388
1371,123,1494,0.1388
1376,121,1497,0.1388
1379,118,1497,0.1388
1372,122,1494,0.1388
1368,126,1494,0.1388
1370,123,1493,0.1388
1361,123,1484,0.1388
1356,128,1484,0.1388
1370,127,1497,0.1388
1369,129,1498,0.1388
1368,131,1499,0.1388
1357,129,1486,0.1388
1357,132,1489,0.1388
1367,132,1499,0.1388
1376,133,1509,0.1388
1377,131,1508,0.1388
1384,131,1515,0.1388
1379,133,1512,0.1388
1372,130,1502,0.1388
1376,127,1503,0.1388
1363,131,1494,0.1388
1368,129,1497,0.1388
1370,128,1498,0.1388
1379,134,1513,0.1388
1374,135,1509,0.1388
1367,140,1507,0.1388
1361,144,1505,0.1388
1349,143,1492,0.1388
1354,140,1494,0.1388
1358,144,1502,0.1388
1353,148,1501,0.1388
1349,149,1498,0.1388
1351,145,1496,0.1388
1349,149,1498,0.1388
1356,146,1502,0.1388
1362,147,1509,0.1388
1348,143,1491,0.1388
1352,141,1493,0.1388
1362,140,1502,0.1388
1365,141,1506,0.1388
1362,141,1503,0.1388
1365,141,1506,0.1388
1370,142,1512,0.1388
1357,143,1500,0.1388
1356,140,1496,0.1388
1363,145,1508,0.1388
1357,145,1502,0.1388
1370,142,1512,0.1388
1352,140,1492,0.1388
1361,143,1504,0.1388
1350,148,1498,0.1388
1354,147,1501,0.1388
1352,149,1501,0.1388
1353,145,1498,0.1388
1352,144,1496,0.1388
1345,146,1491,0.1388
1339,144,1483,0.1388
1353,145,1498,0.1388
1357,145,1502,0.1388
1351,148,1499,0.1388
1349,143,1492,0.1388
1352,144,1496,0.1388
1364,141,1505,0.1388
1363,139,1502,0.1388
1362,139,1501,0.1388
1359,139,1498,0.1388
1362,143,1505,0.1388
1356,146,1502,0.1388
1345,145,1490,0.1388
1337,141,1478,0.1388
1337,143,1480,0.1388
1338,144,1482,0.1388
1335,148,1483,0.1388
1346,150,1496,0.1388
1342,155,1497,0.1388
1349,152,1501,0.1388
1344,155,1499,0.1388
1346,162,1508,0.1388
1346,162,1508,0.1388
1347,163,1510,0.1388
1356,162,1518,0.1388
1355,160,1515,0.1388
1357,161,1518,0.1388
1342,164,1506,0.1388
1332,163,1495,0.1388
1339,161,1500,0.1388
1338,159,1497,0.1388
1352,166,1518,0.1388
1336,165,1501,0.1388
1333,164,1497,0.1388
1319,168,1487,0.1388
1319,169,1488,0.1388
1318,172,1490,0.1388
1332,175,1507,0.1388
1322,173,1495,0.1388
1332,177,1509,0.1388
1317,177,1494,0.1388
1327,181,1508,0.1388
1321,180,1501,0.1388
1317,181,1498,0.1388
1313,181,1494,0.1388
1312,183,1495,0.1388
1325,180,1505,0.1388
1318,181,1499,0.1388
1311,178,1489,0.1388
1305,181,1486,0.1388
1302,182,1484,0.1388
1316,178,1494,0.1388
1310,184,1494,0.1388
1310,181,1491,0.1388
1319,181,1500,0.1388
1316,177,1493,0.1388
1323,175,1498,0.1388
1308,184,1492,0.1388
1310,186,1496,0.1388
1315,184,1499,0.1388
1311,183,1494,0.1388
1313,182,1495,0.1388
1304,180,1484,0.1388
1313,182,1495,0.1388
1313,181,1494,0.1388
1315,186,1501,0.1388
1314,188,1502,0.1388
1314,191,1505,0.1388
1327,188,1515,0.1388
1317,190,1507,0.1388
1318,190,1508,0.1388
1311,187,1498,0.1388
1304,182,1486,0.1388
1311,191,1502,0.1388
1302,191,1493,0.1388
1295,191,1486,0.1388
1300,193,1493,0.1388
1309,195,1504,0.1388
1309,200,1509,0.1388
1296,198,1494,0.1388
1301,196,1497,0.1388
1294,198,1492,0.1388
1299,197,1496,0.1388
1313,197,1510,0.1388
1304,199,1503,0.1388
1312,199,1511,0.1388
1308,201,1509,0.1388
1316,198,1514,0.1388
1312,196,1508,0.1388
1300,194,1494,0.1388
1294,197,1491,0.1388
1292,196,1488,0.1388
1296,200,1496,0.1388
1291,201,1492,0.1388
1293,206,1499,0.1388
1288,209,1497,0.1388
1297,210,1507,0.1388
1300,213,1513,0.1388
1298,209,1507,0.1388
1288,211,1499,0.1388
1272,208,1480,0.1388
1279,212,1491,0.1388
1286,210,1496,0.1388
1287,212,1499,0.1388
1300,212,1512,0.1388
1298,214,1512,0.1388
1283,219,1502,0.1388
1293,224,1517,0.1388
1294,223,1517,0.1388
1294,221,1515,0.1388
1281,222,1503,0.1388
1268,221,1489,0.1388
1256,221,1477,0.1388
1267,226,1493,0.1388
1272,224,1496,0.1388
1266,221,1487,0.1388
1271,221,1492,0.1388
1268,223,1491,0.1388
1265,225,1490,0.1388
1264,227,1491,0.1388
1275,224,1499,0.1388
1271,225,1496,0.1388
1279,231,1510,0.1388
1264,227,1491,0.1388
1249,229,1478,0.1388
1244,231,1475,0.1388
1245,234,1479,0.1388
1259,227,1486,0.1388
1267,229,1496,0.1388
1255,226,1481,0.1388
1264,225,1489,0.1388
1253,230,1483,0.1388
1256,230,1486,0.1388
1247,233,1480,0.1388
1255,231,1486,0.1388
1246,236,1482,0.1388
1252,236,1488,0.1388
1258,236,1494,0.1388
1248,237,1485,0.1388
1255,242,1497,0.1388
1263,238,1501,0.1388
1254,235,1489,0.1388
1255,235,1490,0.1388
1240,234,1474,0.1388
1254,236,1490,0.1388
1252,235,1487,0.1388
1243,233,1476,0.1388
1238,245,1483,0.1388
1245,247,1492,0.1388
1232,251,1483,0.1388
1239,252,1491,0.1388
1242,249,1491,0.1388
1238,253,1491,0.1388
1220,256,1476,0.1388
1229,251,1480,0.1388
1235,251,1486,0.1388
1238,249,1487,0.1388
1253,259,1512,0.1388
1248,257,1505,0.1388
1255,257,1512,0.1388
1240,260,1500,0.1388
1244,266,1510,0.1388
1240,270,1510,0.1388
1225,269,1494,0.1388
1234,267,1501,0.1388
1242,265,1507,0.1388
1243,268,1511,0.1388
1237,274,1511,0.1388
1240,272,1512,0.1388
1232,278,1510,0.1388
1221,277,1498,0.1388
1220,280,1500,0.1388
1221,282,1503,0.1388
1221,278,1499,0.1388
1220,275,1495,0.1388
1204,275,1479,0.1388
1219,277,1496,0.1388
1218,276,1494,0.1388
1229,284,1513,0.1388
1227,275,1502,0.1388
1230,277,1507,0.1388
1228,282,1510,0.1388
1212,286,1498,0.1388
1208,293,1501,0.1388
1210,293,1503,0.1388
1195,296,1491,0.1388
1199,299,1498,0.1388
1202,293,1495,0.1388
1204,289,1493,0.1388
1209,294,1503,0.1388
1211,289,1500,0.1388
1205,291,1496,0.1388
1200,294,1494,0.1388
1207,294,1501,0.1388
1207,299,1506,0.1388
1204,304,1508,0.1388
1188,296,1484,0.1388
1180,296,1476,0.1388
1179,300,1479,0.1388
1189,295,1484,0.1388
1177,292,1469,0.1388
1195,299,1494,0.1388
1204,298,1502,0.1388
1199,307,1506,0.1388
1198,310,1508,0.1388
1196,311,1507,0.1388
1199,308,1507,0.1388
1188,310,1498,0.1388
1188,309,1497,0.1388
1194,311,1505,0.1388
1185,310,1495,0.1388
1177,310,1487,0.1388
1169,305,1474,0.1388
1181,307,1488,0.1388
1177,309,1486,0.1388
1187,304,1491,0.1388
1182,304,1486,0.1388
1183,305,1488,0.1388
1186,305,1491,0.1388
1183,306,1489,0.1388
1180,314,1494,0.1388
1171,319,1490,0.1388
1168,318,1486,0.1388
1167,321,1488,0.1388
1160,321,1481,0.1388
1149,320,1469,0.1388
1136,326,1462,0.1388
1147,325,1472,0.1388
1167,329,1496,0.1388
1179,329,1508,0.1388
1180,325,1505,0.1388
1176,326,1502,0.1388
1171,328,1499,0.1388
1173,331,1504,0.1388
1168,329,1497,0.1388
1178,330,1508,0.1388
1168,328,1496,0.1388
1163,327,1490,0.1388
1174,322,1496,0.1388
1173,318,1491,0.1388
1171,323,1494,0.1388
1172,323,1495,0.1388
1161,322,1483,0.1388
1170,332,1502,0.1388
1167,328,1495,0.1388
1160,326,1486,0.1388
1162,324,1486,0.1388
1168,332,1500,0.1388
1167,335,1502,0.1388
1165,331,1496,0.1388
1163,333,1496,0.1388
1158,334,1492,0.1388
1165,330,1495,0.1388
1169,330,1499,0.1388
1163,335,1498,0.1388
1171,341,1512,0.1388
1168,345,1513,0.1388
1155,341,1496,0.1388
1157,341,1498,0.1388
1152,346,1498,0.1388
1147,351,1498,0.1388
1151,352,1503,0.1388
1139,351,1490,0.1388
1147,350,1497,0.1388
1147,348,1495,0.1388
1159,345,1504,0.1388
1155,348,1503,0.1388
1149,352,1501,0.1388
1154,345,1499,0.1388
1165,342,1507,0.1388
1163,342,1505,0.1388
1174,339,1513,0.1388
1162,337,1499,0.1388
1173,338,1511,0.1388
1173,341,1514,0.1388
1176,347,1523,0.1388
1159,346,1505,0.1388
1150,347,1497,0.1388
1146,349,1495,0.1388
1141,349,1490,0.1388
1144,347,1491,0.1388
1151,355,1506,0.1388
1148,355,1503,0.1388
1147,359,1506,0.1388
1130,364,1494,0.1388
1128,365,1493,0.1388
1123,368,1491,0.1388
1122,365,1487,0.1388
1127,369,1496,0.1388
1131,368,1499,0.1388
1134,371,1505,0.1388
1129,370,1499,0.1388
1141,370,1511,0.1388
1136,366,1502,0.1388
1135,366,1501,0.1388
1132,373,1505,0.1388
1142,370,1512,0.1388
1131,368,1499,0.1388
1129,366,1495,0.1388
1122,370,1492,0.1388
1127,363,1490,0.1388
1118,364,1482,0.1388
1113,361,1474,0.1388
1121,365,1486,0.1388
1114,370,1484,0.1388
1118,363,1481,0.1388
1132,364,1496,0.1388
1132,368,1500,0.1388
1135,364,1499,0.1388
1135,367,1502,0.1388
1130,363,1493,0.1388
1130,368,1498,0.1388
1116,376,1492,0.1388
1122,377,1499,0.1388
1113,378,1491,0.1388
1107,378,1485,0.1388
1119,381,1500,0.1388
1115,384,1499,0.1388
1108,380,1488,0.1388
1107,387,1494,0.1388
1102,383,1485,0.1388
1106,384,1490,0.1388
1105,382,1487,0.1388
1107,382,1489,0.1388
1121,382,1503,0.1388
1120,386,1506,0.1388
1121,387,1508,0.1388
1125,384,1509,0.1388
1129,383,1512,0.1388
1133,385,1518,0.1388
1115,390,1505,0.1388
1112,381,1493,0.1388
1111,387,1498,0.1388
1097,390,1487,0.1388
1107,386,1493,0.1388
1109,385,1494,0.1388
1110,380,1490,0.1388
1111,386,1497,0.1388
1112,391,1503,0.1388
1109,388,1497,0.1388
1102,381,1483,0.1388
1117,389,1506,0.1388
1118,390,1508,0.1388
1128,387,1515,0.1388
1129,389,1518,0.1388
1119,392,1511,0.1388
1121,395,1516,0.1388
1109,393,1502,0.1388
1101,389,1490,0.1388
1111,387,1498,0.1388
1100,391,1491,0.1388
1108,390,1498,0.1388
1095,383,1478,0.1388
1105,379,1484,0.1388
1102,379,1481,0.1388
1104,381,1485,0.1388
1100,374,1474,0.1388
1096,375,1471,0.1388
1100,375,1475,0.1388
1108,373,1481,0.1388
1111,372,1483,0.1388
1113,376,1489,0.1388
1103,382,1485,0.1388
1110,387,1497,0.1388
1102,395,1497,0.1388
1104,394,1498,0.1388
1104,393,1497,0.1388
1101,399,1500,0.1388
1103,395,1498,0.1388
1112,382,1494,0.1388
1116,388,1504,0.1388
1114,394,1508,0.1388
1114,391,1505,0.1388
1116,394,1510,0.1388
1106,396,1502,0.1388
1108,398,1506,0.1388
1106,390,1496,0.1388
1111,392,1503,0.1388
1095,399,1494,0.1388
1081,401,1482,0.1388
1084,401,1485,0.1388
1080,400,1480,0.1388
1086,408,1494,0.1388
1089,404,1493,0.1388
1082,408,1490,0.1388
1079,410,1489,0.1388
1080,415,1495,0.1388
1069,425,1494,0.1388
1065,422,1487,0.1388
1057,429,1486,0.1388
1059,435,1494,0.1388
1076,432,1508,0.1388
1083,432,1515,0.1388
1088,432,1520,0.1388
1089,426,1515,0.1388
1084,429,1513,0.1388
1084,431,1515,0.1388
1073,431,1504,0.1388
1079,423,1502,0.1388
1071,432,1503,0.1388
1078,427,1505,0.1388
1075,419,1494,0.1388
1074,416,1490,0.1388
1075,415,1490,0.1388
1075,420,1495,0.1388
1075,422,1497,0.1388
1079,416,1495,0.1388
1078,424,1502,0.1388
1080,430,1510,0.1388
1070,431,1501,0.1388
1071,426,1497,0.1388
1057,433,1490,0.1388
1060,429,1489,0.1388
1075,428,1503,0.1388
1084,429,1513,0.1388
1075,427,1502,0.1388
1071,425,1496,0.1388
1068,429,1497,0.1388
1065,427,1492,0.1388
1065,432,1497,0.1388
1061,432,1493,0.1388
1063,427,1490,0.1388
1059,440,1499,0.1388
1066,437,1503,0.1388
1061,439,1500,0.1388
1060,437,1497,0.1388
1055,442,1497,0.1388
1054,444,1498,0.1388
1049,435,1484,0.1388
1054,437,1491,0.1388
1050,439,1489,0.1388
1050,433,1483,0.1388
1055,435,1490,0.1388
1055,439,1494,0.1388
1060,441,1501,0.1388
1055,442,1497,0.1388
1045,440,1485,0.1388
1053,452,1505,0.1388
1063,448,1511,0.1388
1066,440,1506,0.1388
1056,441,1497,0.1388
1055,443,1498,0.1388
1051,450,1501,0.1388
1052,451,1503,0.1388
1051,454,1505,0.1388
1054,459,1513,0.1388
1057,454,1511,0.1388
1046,461,1507,0.1388
1036,455,1491,0.1388
1031,459,1490,0.1388
1029,462,1491,0.1388
1028,462,1490,0.1388
1026,459,1485,0.1388
1032,465,1497,0.1388
1044,464,1508,0.1388
1048,465,1513,0.1388
1049,467,1516,0.1388
1044,458,1502,0.1388
1031,453,1484,0.1388
1027,455,1482,0.1388
1024,464,1488,0.1388
1029,468,1497,0.1388
1025,468,1493,0.1388
1026,475,1501,0.1388
1014,478,1492,0.1388
1020,478,1498,0.1388
1016,482,1498,0.1388
1028,477,1505,0.1388
1029,475,1504,0.1388
1011,480,1491,0.1388
1011,485,1496,0.1388
1012,487,1499,0.1388
1009,480,1489,0.1388
1001,481,1482,0.1388
1005,484,1489,0.1388
1000,483,1483,0.1388
1014,486,1500,0.1388
1011,491,1502,0.1388
1005,491,1496,0.1388
1000,488,1488,0.1388
1002,490,1492,0.1388
1003,489,1492,0.1388
1003,489,1492,0.1388
1002,493,1495,0.1388
1012,502,1514,0.1388
1005,505,1510,0.1388
994,509,1503,0.1388
984,518,1502,0.1388
986,516,1502,0.1388
989,525,1514,0.1388
991,520,1511,0.1388
985,520,1505,0.1388
970,530,1500,0.1388
985,536,1521,0.1388
985,535,1520,0.1388
981,539,1520,0.1388
981,535,1516,0.1388
974,539,1513,0.1388
964,537,1501,0.1388
962,537,1499,0.1388
961,540,1501,0.1388
965,542,1507,0.1388
966,542,1508,0.1388
974,537,1511,0.1388
973,534,1507,0.1388
977,534,1511,0.1388
971,532,1503,0.1388
964,544,1508,0.1388
968,543,1511,0.1388
954,542,1496,0.1388
947,541,1488,0.1388
950,550,1500,0.1388
949,543,1492,0.1388
957,553,1510,0.1388
947,554,1501,0.1388
948,548,1496,0.1388
964,552,1516,0.1388
952,559,1511,0.1388
942,568,1510,0.1388
937,570,1507,0.1388
936,567,1503,0.1388
921,575,1496,0.1388
910,575,1485,0.1388
899,579,1478,0.1388
905,576,1481,0.1388
905,575,1480,0.1388
911,575,1486,0.1388
917,581,1498,0.1388
919,585,1504,0.1388
912,584,1496,0.1388
917,597,1514,0.1388
920,597,1517,0.1388
912,601,1513,0.1388
903,597,1500,0.1388
904,606,1510,0.1388
897,604,1501,0.1388
896,602,1498,0.1388
894,598,1492,0.1388
894,598,1492,0.1388
893,613,1506,0.1388
892,612,1504,0.1388
884,621,1505,0.1388
889,614,1503,0.1388
895,606,1501,0.1388
892,607,1499,0.1388
894,613,1507,0.1388
888,618,1506,0.1388
884,624,1508,0.1388
879,621,1500,0.1388
878,616,1494,0.1388
884,632,1516,0.1388
884,622,1506,0.1388
884,627,1511,0.1388
874,634,1508,0.1388
873,639,1512,0.1388
862,638,1500,0.1388
865,641,1506,0.1388
867,643,1510,0.1388
859,636,1495,0.1388
859,636,1495,0.1388
862,641,1503,0.1388
860,641,1501,0.1388
872,638,1510,0.1388
878,634,1512,0.1388
867,637,1504,0.1388
876,634,1510,0.1388
878,642,1520,0.1388
872,634,1506,0.1388
874,632,1506,0.1388
875,634,1509,0.1388
862,635,1497,0.1388
863,640,1503,0.1388
857,652,1509,0.1388
856,645,1501,0.1388
854,644,1498,0.1388
853,648,1501,0.1388
852,646,1498,0.1388
848,644,1492,0.1388
845,647,1492,0.1388
845,644,1489,0.1388
844,644,1488,0.1388
841,651,1492,0.1388
853,658,1511,0.1388
856,665,1521,0.1388
850,664,1514,0.1388
848,671,1519,0.1388
844,671,1515,0.1388
847,660,1507,0.1388
847,669,1516,0.1388
851,667,1518,0.1388
842,676,1518,0.1388
850,673,1523,0.1388
849,666,1515,0.1388
843,669,1512,0.1388
841,678,1519,0.1388
838,682,1520,0.1388
829,679,1508,0.1388
821,676,1497,0.1388
813,679,1492,0.1388
813,681,1494,0.1388
819,687,1506,0.1388
816,687,1503,0.1388
816,690,1506,0.1388
807,685,1492,0.1388
809,681,1490,0.1388
807,687,1494,0.1388
807,692,1499,0.1388
801,684,1485,0.1388
800,678,1478,0.1388
788,684,1472,0.1388
788,691,1479,0.1388
801,687,1488,0.1388
795,691,1486,0.1388
786,687,1473,0.1388
793,687,1480,0.1388
805,693,1498,0.1388
794,695,1489,0.1388
798,694,1492,0.1388
799,703,1502,0.1388
794,703,1497,0.1388
797,706,1503,0.1388
798,704,1502,0.1388
792,705,1497,0.1388
792,704,1496,0.1388
798,709,1507,0.1388
797,707,1504,0.1388
809,711,1520,0.1388
809,713,1522,0.1388
806,709,1515,0.1388
801,714,1515,0.1388
797,720,1517,0.1388
806,713,1519,0.1388
793,707,1500,0.1388
796,715,1511,0.1388
793,708,1501,0.1388
808,714,1522,0.1388
797,708,1505,0.1388
796,702,1498,0.1388
799,706,1505,0.1388
786,715,1501,0.1388
788,724,1512,0.1388
780,722,1502,0.1388
779,720,1499,0.1388
772,720,1492,0.1388
771,722,1493,0.1388
762,725,1487,0.1388
775,727,1502,0.1388
778,728,1506,0.1388
777,722,1499,0.1388
778,716,1494,0.1388
784,717,1501,0.1388
778,714,1492,0.1388
779,710,1489,0.1388
786,716,1502,0.1388
785,715,1500,0.1388
778,723,1501,0.1388
784,729,1513,0.1388
782,722,1504,0.1388
779,721,1500,0.1388
767,735,1502,0.1388
763,739,1502,0.1388
764,729,1493,0.1388
763,732,1495,0.1388
766,722,1488,0.1388
769,721,1490,0.1388
772,733,1505,0.1388
780,720,1500,0.1388
772,721,1493,0.1388
769,718,1487,0.1388
767,722,1489,0.1388
767,720,1487,0.1388
784,729,1513,0.1388
783,729,1512,0.1388
779,730,1509,0.1388
779,730,1509,0.1388
770,729,1499,0.1388
779,723,1502,0.1388
778,718,1496,0.1388
786,709,1495,0.1388
779,712,1491,0.1388
777,709,1486,0.1388
782,715,1497,0.1388
788,718,1506,0.1388
780,725,1505,0.1388
773,732,1505,0.1388
772,740,1512,0.1388
775,746,1521,0.1388
773,747,1520,0.1388
756,740,1496,0.1388
754,740,1494,0.1388
760,750,1510,0.1388
766,750,1516,0.1388
762,753,1515,0.1388
758,765,1523,0.1388
748,767,1515,0.1388
747,772,1519,0.1388
747,771,1518,0.1388
748,761,1509,0.1388
754,757,1511,0.1388
747,758,1505,0.1388
743,761,1504,0.1388
732,766,1498,0.1388
744,770,1514,0.1388
744,763,1507,0.1388
734,772,1506,0.1388
744,772,1516,0.1388
742,768,1510,0.1388
733,766,1499,0.1388
732,769,1501,0.1388
729,770,1499,0.1388
732,774,1506,0.1388
729,785,1514,0.1388
723,787,1510,0.1388
723,784,1507,0.1388
719,784,1503,0.1388
725,781,1506,0.1388
724,783,1507,0.1388
709,789,1498,0.1388
709,794,1503,0.1388
716,799,1515,0.1388
714,795,1509,0.1388
705,811,1516,0.1388
705,811,1516,0.1388
706,810,1516,0.1388
708,808,1516,0.1388
719,804,1523,0.1388
719,806,1525,0.1388
711,814,1525,0.1388
706,816,1522,0.1388
708,815,1523,0.1388
704,811,1515,0.1388
693,806,1499,0.1388
695,813,1508,0.1388
692,806,1498,0.1388
698,806,1504,0.1388
697,809,1506,0.1388
694,822,1516,0.1388
694,817,1511,0.1388
694,822,1516,0.1388
688,834,1522,0.1388
687,829,1516,0.1388
688,836,1524,0.1388
693,827,1520,0.1388
682,832,1514,0.1388
694,824,1518,0.1388
701,819,1520,0.1388
692,823,1515,0.1388
688,830,1518,0.1388
674,830,1504,0.1388
674,830,1504,0.1388
671,827,1498,0.1388
667,823,1490,0.1388
675,836,1511,0.1388
681,838,1519,0.1388
681,834,1515,0.1388
680,837,1517,0.1388
677,851,1528,0.1388
677,846,1523,0.1388
665,857,1522,0.1388
664,864,1528,0.1388
651,855,1506,0.1388
649,850,1499,0.1388
645,852,1497,0.1388
639,861,1500,0.1388
638,861,1499,0.1388
641,859,1500,0.1388
645,870,1515,0.1388
644,865,1509,0.1388
641,865,1506,0.1388
646,859,1505,0.1388
642,860,1502,0.1388
647,870,1517,0.1388
647,867,1514,0.1388
650,859,1509,0.1388
647,853,1500,0.1388
650,851,1501,0.1388
647,859,1506,0.1388
641,863,1504,0.1388
643,866,1509,0.1388
638,876,1514,0.1388
634,880,1514,0.1388
628,889,1517,0.1388
631,894,1525,0.1388
634,890,1524,0.1388
636,880,1516,0.1388
634,888,1522,0.1388
628,890,1518,0.1388
631,882,1513,0.1388
626,879,1505,0.1388
625,884,1509,0.1388
621,878,1499,0.1388
621,876,1497,0.1388
620,872,1492,0.1388
624,886,1510,0.1388
620,890,1510,0.1388
621,892,1513,0.1388
621,890,1511,0.1388
617,896,1513,0.1388
621,901,1522,0.1388
613,896,1509,0.1388
609,903,1512,0.1388
607,911,1518,0.1388
607,913,1520,0.1388
605,903,1508,0.1388
608,919,1527,0.1388
609,925,1534,0.1388
599,924,1523,0.1388
603,927,1530,0.1388
592,915,1507,0.1388
586,913,1499,0.1388
589,908,1497,0.1388
598,913,1511,0.1388
598,912,1510,0.1388
599,905,1504,0.1388
595,899,1494,0.1388
596,902,1498,0.1388
597,914,1511,0.1388
594,910,1504,0.1388
596,907,1503,0.1388
607,899,1506,0.1388
609,903,1512,0.1388
609,891,1500,0.1388
608,891,1499,0.1388
604,896,1500,0.1388
597,889,1486,0.1388
603,891,1494,0.1388
599,894,1493,0.1388
602,898,1500,0.1388
601,891,1492,0.1388
598,880,1478,0.1388
600,895,1495,0.1388
593,898,1491,0.1388
587,906,1493,0.1388
588,906,1494,0.1388
593,908,1501,0.1388
583,911,1494,0.1388
585,918,1503,0.1388
582,920,1502,0.1388
576,923,1499,0.1388
581,916,1497,0.1388
582,915,1497,0.1388
582,920,1502,0.1388
578,932,1510,0.1388
572,933,1505,0.1388
566,937,1503,0.1388
573,930,1503,0.1388
575,927,1502,0.1388
574,928,1502,0.1388
571,927,1498,0.1388
568,919,1487,0.1388
566,931,1497,0.1388
572,939,1511,0.1388
567,939,1506,0.1388
566,948,1514,0.1388
570,960,1530,0.1388
570,956,1526,0.1388
564,958,1522,0.1388
563,953,1516,0.1388
550,959,1509,0.1388
542,965,1507,0.1388
543,962,1505,0.1388
547,957,1504,0.1388
544,952,1496,0.1388
549,949,1498,0.1388
549,951,1500,0.1388
548,954,1502,0.1388
540,963,1503,0.1388
545,954,1499,0.1388
540,954,1494,0.1388
533,965,1498,0.1388
531,972,1503,0.1388
537,968,1505,0.1388
536,976,1512,0.1388
539,973,1512,0.1388
530,978,1508,0.1388
526,986,1512,0.1388
526,984,1510,0.1388
526,981,1507,0.1388
522,977,1499,0.1388
516,985,1501,0.1388
517,988,1505,0.1388
516,996,1512,0.1388
519,999,1518,0.1388
521,1001,1522,0.1388
520,1000,1520,0.1388
514,1005,1519,0.1388
510,996,1506,0.1388
516,991,1507,0.1388
515,985,1500,0.1388
512,987,1499,0.1388
510,1005,1515,0.1388
508,1010,1518,0.1388
502,1006,1508,0.1388
507,997,1504,0.1388
503,1016,1519,0.1388
500,1021,1521,0.1388
500,1015,1515,0.1388
504,1003,1507,0.1388
506,1013,1519,0.1388
505,1017,1522,0.1388
508,1016,1524,0.1388
492,1007,1499,0.1388
489,1003,1492,0.1388
489,1009,1498,0.1388
479,1017,1496,0.1388
481,1020,1501,0.1388
486,1019,1505,0.1388
490,1032,1522,0.1388
486,1026,1512,0.1388
486,1020,1506,0.1388
480,1027,1507,0.1388
483,1026,1509,0.1388
491,1022,1513,0.1388
492,1018,1510,0.1388
494,1016,1510,0.1388
496,1011,1507,0.1388
493,1018,1511,0.1388
486,1022,1508,0.1388
486,1008,1494,0.1388
492,1011,1503,0.1388
485,1019,1504,0.1388
491,1009,1500,0.1388
491,1004,1495,0.1388
488,1013,1501,0.1388
496,1021,1517,0.1388
495,1009,1504,0.1388
496,1007,1503,0.1388
492,1007,1499,0.1388
500,1007,1507,0.1388
505,994,1499,0.1388
492,991,1483,0.1388
502,994,1496,0.1388
497,1002,1499,0.1388
497,1016,1513,0.1388
497,1009,1506,0.1388
494,1007,1501,0.1388
494,1012,1506,0.1388
497,1012,1509,0.1388
498,1015,1513,0.1388
501,1015,1516,0.1388
509,1003,1512,0.1388
508,1003,1511,0.1388
503,1009,1512,0.1388
498,1008,1506,0.1388
497,1009,1506,0.1388
494,1019,1513,0.1388
485,1018,1503,0.1388
487,1017,1504,0.1388
488,1015,1503,0.1388
485,1017,1502,0.1388
484,1004,1488,0.1388
490,1011,1501,0.1388
483,1019,1502,0.1388
489,1027,1516,0.1388
499,1033,1532,0.1388
492,1023,1515,0.1388
481,1023,1504,0.1388
478,1032,1510,0.1388
474,1019,1493,0.1388
471,1042,1513,0.1388
478,1043,1521,0.1388
480,1045,1525,0.1388
479,1049,1528,0.1388
479,1051,1530,0.1388
477,1046,1523,0.1388
476,1034,1510,0.1388
470,1026,1496,0.1388
470,1021,1491,0.1388
479,1027,1506,0.1388
480,1038,1518,0.1388
471,1040,1511,0.1388
466,1032,1498,0.1388
459,1039,1498,0.1388
455,1026,1481,0.1388
454,1032,1486,0.1388
452,1041,1493,0.1388
458,1049,1507,0.1388
457,1054,1511,0.1388
458,1059,1517,0.1388
441,1051,1492,0.1388
456,1060,1516,0.1388
455,1051,1506,0.1388
458,1060,1518,0.1388
451,1066,1517,0.1388
443,1050,1493,0.1388
449,1062,1511,0.1388
452,1049,1501,0.1388
455,1058,1513,0.1388
457,1055,1512,0.1388
452,1061,1513,0.1388
454,1072,1526,0.1388
454,1068,1522,0.1388
449,1062,1511,0.1388
450,1062,1512,0.1388
445,1076,1521,0.1388
437,1069,1506,0.1388
438,1068,1506,0.1388
439,1075,1514,0.1388
433,1076,1509,0.1388
433,1079,1512,0.1388
434,1063,1497,0.1388
437,1070,1507,0.1388
426,1070,1496,0.1388
431,1068,1499,0.1388
437,1064,1501,0.1388
436,1081,1517,0.1388
433,1075,1508,0.1388
434,1074,1508,0.1388
430,1077,1507,0.1388
430,1060,1490,0.1388
437,1059,1496,0.1388
436,1065,1501,0.1388
446,1067,1513,0.1388
445,1080,1525,0.1388
439,1069,1508,0.1388
436,1078,1514,0.1388
436,1081,1517,0.1388
430,1085,1515,0.1388
420,1086,1506,0.1388
421,1080,1501,0.1388
423,1085,1508,0.1388
424,1081,1505,0.1388
423,1080,1503,0.1388
427,1084,1511,0.1388
417,1092,1509,0.1388
415,1098,1513,0.1388
408,1092,1500,0.1388
406,1089,1495,0.1388
409,1082,1491,0.1388
406,1084,1490,0.1388
409,1083,1492,0.1388
408,1095,1503,0.1388
408,1092,1500,0.1388
407,1088,1495,0.1388
408,1077,1485,0.1388
405,1089,1494,0.1388
402,1098,1500,0.1388
393,1109,1502,0.1388
398,1114,1512,0.1388
394,1119,1513,0.1388
387,1125,1512,0.1388
382,1136,1518,0.1388
387,1131,1518,0.1388
395,1130,1525,0.1388
391,1127,1518,0.1388
383,1142,1525,0.1388
385,1141,1526,0.1388
383,1137,1520,0.1388
380,1136,1516,0.1388
380,1129,1509,0.1388
383,1135,1518,0.1388
383,1129,1512,0.1388
385,1136,1521,0.1388
380,1142,1522,0.1388
377,1146,1523,0.1388
383,1152,1535,0.1388
371,1146,1517,0.1388
373,1136,1509,0.1388
363,1143,1506,0.1388
371,1146,1517,0.1388
372,1141,1513,0.1388
370,1137,1507,0.1388
361,1134,1495,0.1388
354,1140,1494,0.1388
358,1143,1501,0.1388
353,1149,1502,0.1388
352,1150,1502,0.1388
354,1154,1508,0.1388
350,1155,1505,0.1388
350,1163,1513,0.1388
352,1158,1510,0.1388
340,1165,1505,0.1388
340,1175,1515,0.1388
348,1166,1514,0.1388
346,1152,1498,0.1388
353,1155,1508,0.1388
356,1169,1525,0.1388
351,1169,1520,0.1388
353,1164,1517,0.1388
354,1154,1508,0.1388
356,1144,1500,0.1388
354,1156,1510,0.1388
360,1162,1522,0.1388
357,1164,1521,0.1388
357,1165,1522,0.1388
359,1165,1524,0.1388
355,1170,1525,0.1388
357,1164,1521,0.1388
356,1165,1521,0.1388
348,1164,1512,0.1388
347,1166,1513,0.1388
342,1169,1511,0.1388
340,1172,1512,0.1388
338,1183,1521,0.1388
336,1183,1519,0.1388
336,1176,1512,0.1388
337,1171,1508,0.1388
335,1172,1507,0.1388
327,1180,1507,0.1388
322,1192,1514,0.1388
321,1182,1503,0.1388
323,1194,1517,0.1388
318,1195,1513,0.1388
312,1203,1515,0.1388
311,1201,1512,0.1388
314,1204,1518,0.1388
317,1199,1516,0.1388
314,1187,1501,0.1388
308,1190,1498,0.1388
310,1202,1512,0.1388
309,1198,1507,0.1388
303,1200,1503,0.1388
300,1187,1487,0.1388
303,1204,1507,0.1388
302,1204,1506,0.1388
303,1198,1501,0.1388
308,1220,1528,0.1388
303,1224,1527,0.1388
295,1214,1509,0.1388
294,1211,1505,0.1388
285,1222,1507,0.1388
288,1217,1505,0.1388
291,1219,1510,0.1388
292,1217,1509,0.1388
285,1220,1505,0.1388
288,1227,1515,0.1388
286,1210,1496,0.1388
287,1210,1497,0.1388
289,1213,1502,0.1388
292,1217,1509,0.1388
293,1223,1516,0.1388
293,1229,1522,0.1388
287,1223,1510,0.1388
284,1223,1507,0.1388
282,1215,1497,0.1388
282,1225,1507,0.1388
284,1229,1513,0.1388
286,1223,1509,0.1388
290,1230,1520,0.1388
288,1235,1523,0.1388
291,1225,1516,0.1388
285,1227,1512,0.1388
290,1230,1520,0.1388
286,1228,1514,0.1388
285,1228,1513,0.1388
285,1226,1511,0.1388
283,1227,1510,0.1388
284,1232,1516,0.1388
283,1227,1510,0.1388
291,1238,1529,0.1388
291,1219,1510,0.1388
289,1213,1502,0.1388
288,1222,1510,0.1388
286,1227,1513,0.1388
283,1230,1513,0.1388
280,1228,1508,0.1388
285,1223,1508,0.1388
283,1229,1512,0.1388
288,1240,1528,0.1388
288,1235,1523,0.1388
288,1237,1525,0.1388
278,1235,1513,0.1388
281,1236,1517,0.1388
278,1237,1515,0.1388
279,1247,1526,0.1388
280,1243,1523,0.1388
273,1242,1515,0.1388
270,1241,1511,0.1388
266,1244,1510,0.1388
262,1238,1500,0.1388
263,1235,1498,0.1388
266,1244,1510,0.1388
264,1250,1514,0.1388
263,1255,1518,0.1388
266,1253,1519,0.1388
265,1254,1519,0.1388
259,1256,1515,0.1388
257,1251,1508,0.1388
258,1259,1517,0.1388
256,1261,1517,0.1388
257,1254,1511,0.1388
260,1271,1531,0.1388
263,1270,1533,0.1388
257,1256,1513,0.1388
255,1260,1515,0.1388
255,1265,1520,0.1388
256,1261,1517,0.1388
260,1255,1515,0.1388
256,1248,1504,0.1388
257,1244,1501,0.1388
258,1240,1498,0.1388
259,1251,1510,0.1388
268,1250,1518,0.1388
265,1249,1514,0.1388
264,1238,1502,0.1388
272,1242,1514,0.1388
267,1247,1514,0.1388
260,1266,1526,0.1388
258,1260,1518,0.1388
257,1258,1515,0.1388
252,1265,1517,0.1388
256,1262,1518,0.1388
252,1266,1518,0.1388
245,1261,1506,0.1388
244,1266,1510,0.1388
244,1276,1520,0.1388
250,1281,1531,0.1388
250,1277,1527,0.1388
251,1274,1525,0.1388
251,1269,1520,0.1388
246,1269,1515,0.1388
243,1272,1515,0.1388
245,1273,1518,0.1388
237,1278,1515,0.1388
234,1278,1512,0.1388
236,1272,1508,0.1388
239,1278,1517,0.1388
238,1274,1512,0.1388
233,1276,1509,0.1388
229,1276,1505,0.1388
232,1275,1507,0.1388
235,1277,1512,0.1388
238,1290,1528,0.1388
239,1277,1516,0.1388
238,1282,1520,0.1388
243,1280,1523,0.1388
237,1279,1516,0.1388
237,1278,1515,0.1388
241,1275,1516,0.1388
237,1275,1512,0.1388
233,1279,1512,0.1388
236,1270,1506,0.1388
238,1285,1523,0.1388
234,1287,1521,0.1388
232,1292,1524,0.1388
226,1289,1515,0.1388
228,1282,1510,0.1388
229,1288,1517,0.1388
230,1284,1514,0.1388
228,1280,1508,0.1388
225,1281,1506,0.1388
219,1279,1498,0.1388
223,1283,1506,0.1388
224,1292,1516,0.1388
221,1302,1523,0.1388
218,1302,1520,0.1388
217,1290,1507,0.1388
214,1293,1507,0.1388
218,1302,1520,0.1388
220,1310,1530,0.1388
218,1301,1519,0.1388
210,1300,1510,0.1388
212,1298,1510,0.1388
211,1300,1511,0.1388
212,1297,1509,0.1388
212,1300,1512,0.1388
215,1297,1512,0.1388
213,1295,1508,0.1388
211,1280,1491,0.1388
201,1297,1498,0.1388
202,1307,1509,0.1388
207,1303,1510,0.1388
204,1310,1514,0.1388
207,1322,1529,0.1388
209,1321,1530,0.1388
211,1314,1525,0.1388
207,1310,1517,0.1388
206,1306,1512,0.1388
205,1305,1510,0.1388
200,1296,1496,0.1388
199,1304,1503,0.1388
200,1308,1508,0.1388
198,1313,1511,0.1388
197,1301,1498,0.1388
196,1310,1506,0.1388
199,1320,1519,0.1388
199,1318,1517,0.1388
194,1318,1512,0.1388
189,1315,1504,0.1388
196,1309,1505,0.1388
192,1327,1519,0.1388
194,1318,1512,0.1388
193,1308,1501,0.1388
197,1318,1515,0.1388
193,1316,1509,0.1388
189,1312,1501,0.1388
186,1315,1501,0.1388
180,1322,1502,0.1388
184,1306,1490,0.1388
189,1318,1507,0.1388
190,1315,1505,0.1388
188,1312,1500,0.1388
180,1322,1502,0.1388
179,1323,1502,0.1388
184,1335,1519,0.1388
181,1326,1507,0.1388
182,1328,1510,0.1388
182,1311,1493,0.1388
186,1322,1508,0.1388
187,1330,1517,0.1388
188,1323,1511,0.1388
186,1328,1514,0.1388
184,1322,1506,0.1388
182,1321,1503,0.1388
185,1326,1511,0.1388
185,1329,1514,0.1388
187,1331,1518,0.1388
190,1339,1529,0.1388
189,1333,1522,0.1388
184,1331,1515,0.1388
180,1328,1508,0.1388
184,1336,1520,0.1388
178,1335,1513,0.1388
180,1337,1517,0.1388
184,1344,1528,0.1388
184,1341,1525,0.1388
188,1333,1521,0.1388
186,1330,1516,0.1388
192,1334,1526,0.1388
191,1332,1523,0.1388
188,1335,1523,0.1388
183,1331,1514,0.1388
186,1321,1507,0.1388
185,1318,1503,0.1388
182,1327,1509,0.1388
182,1337,1519,0.1388
180,1329,1509,0.1388
180,1337,1517,0.1388
176,1335,1511,0.1388
174,1339,1513,0.1388
170,1343,1513,0.1388
174,1347,1521,0.1388
175,1335,1510,0.1388
175,1347,1522,0.1388
170,1348,1518,0.1388
167,1337,1504,0.1388
169,1338,1507,0.1388
170,1334,1504,0.1388
170,1326,1496,0.1388
168,1338,1506,0.1388
167,1338,1505,0.1388
167,1336,1503,0.1388
165,1338,1503,0.1388
163,1320,1483,0.1388
160,1328,1488,0.1388
161,1344,1505,0.1388
162,1348,1510,0.1388
159,1347,1506,0.1388
155,1353,1508,0.1388
152,1351,1503,0.1388
158,1353,1511,0.1388
154,1359,1513,0.1388
157,1357,1514,0.1388
156,1361,1517,0.1388
159,1351,1510,0.1388
158,1353,1511,0.1388
161,1363,1524,0.1388
156,1364,1520,0.1388
151,1359,1510,0.1388
147,1366,1513,0.1388
149,1363,1512,0.1388
152,1364,1516,0.1388
154,1363,1517,0.1388
153,1367,1520,0.1388
156,1365,1521,0.1388
156,1361,1517,0.1388
154,1356,1510,0.1388
153,1357,1510,0.1388
148,1361,1509,0.1388
145,1368,1513,0.1388
150,1366,1516,0.1388
148,1374,1522,0.1388
148,1376,1524,0.1388
146,1379,1525,0.1388
145,1385,1530,0.1388
144,1390,1534,0.1388
146,1381,1527,0.1388
144,1386,1530,0.1388
145,1377,1522,0.1388
145,1373,1518,0.1388
144,1370,1514,0.1388
144,1384,1528,0.1388
148,1372,1520,0.1388
147,1364,1511,0.1388
147,1363,1510,0.1388
151,1361,1512,0.1388
152,1367,1519,0.1388
150,1368,1518,0.1388
145,1375,1520,0.1388
144,1378,1522,0.1388
142,1378,1520,0.1388
145,1381,1526,0.1388
147,1376,1523,0.1388
149,1378,1527,0.1388
147,1372,1519,0.1388
141,1377,1518,0.1388
140,1371,1511,0.1388
143,1376,1519,0.1388
141,1382,1523,0.1388
139,1383,1522,0.1388
139,1386,1525,0.1388
142,1376,1518,0.1388
138,1377,1515,0.1388
137,1378,1515,0.1388
137,1367,1504,0.1388
138,1365,1503,0.1388
140,1372,1512,0.1388
142,1371,1513,0.1388
141,1377,1518,0.1388
138,1376,1514,0.1388
134,1382,1516,0.1388
135,1379,1514,0.1388
138,1385,1523,0.1388
139,1382,1521,0.1388
138,1374,1512,0.1388
139,1377,1516,0.1388
137,1378,1515,0.1388
139,1385,1524,0.1388
141,1387,1528,0.1388
138,1392,1530,0.1388
136,1375,1511,0.1388
134,1377,1511,0.1388
133,1377,1510,0.1388
131,1388,1519,0.1388
129,1392,1521,0.1388
129,1392,1521,0.1388
133,1381,1514,0.1388
133,1378,1511,0.1388
128,1385,1513,0.1388
129,1372,1501,0.1388
124,1382,1506,0.1388
129,1382,1511,0.1388
128,1376,1504,0.1388
127,1380,1507,0.1388
127,1378,1505,0.1388
125,1380,1505,0.1388
126,1368,1494,0.1388
124,1371,1495,0.1388
126,1376,1502,0.1388
128,1378,1506,0.1388
123,1378,1501,0.1388
126,1388,1514,0.1388
127,1389,1516,0.1388
126,1390,1516,0.1388
127,1394,1521,0.1388
125,1384,1509,0.1388
127,1388,1515,0.1388
126,1384,1510,0.1388
125,1381,1506,0.1388
126,1378,1504,0.1388
125,1394,1519,0.1388
126,1391,1517,0.1388
128,1396,1524,0.1388
122,1407,1529,0.1388
120,1399,1519,0.1388
113,1392,1505,0.1388
113,1399,1512,0.1388
112,1416,1528,0.1388
114,1409,1523,0.1388
116,1400,1516,0.1388
116,1396,1512,0.1388
112,1398,1510,0.1388
112,1406,1518,0.1388
113,1401,1514,0.1388
114,1416,1530,0.1388
112,1409,1521,0.1388
115,1424,1539,0.1388
115,1415,1530,0.1388
110,1415,1525,0.1388
111,1407,1518,0.1388
111,1406,1517,0.1388
112,1402,1514,0.1388
113,1409,1522,0.1388
116,1408,1524,0.1388
116,1409,1525,0.1388
117,1404,1521,0.1388
115,1395,1510,0.1388
118,1399,1517,0.1388
115,1406,1521,0.1388
117,1411,1528,0.1388
115,1394,1509,0.1388
113,1404,1517,0.1388
111,1410,1521,0.1388
108,1405,1513,0.1388
106,1403,1509,0.1388
109,1408,1517,0.1388
109,1400,1509,0.1388
110,1413,1523,0.1388
110,1404,1514,0.1388
111,1396,1507,0.1388
109,1397,1506,0.1388
107,1405,1512,0.1388
107,1415,1522,0.1388
106,1415,1521,0.1388
106,1405,1511,0.1388
107,1415,1522,0.1388
105,1415,1520,0.1388
106,1406,1512,0.1388
107,1411,1518,0.1388
107,1428,1535,0.1388
106,1417,1523,0.1388
101,1427,1528,0.1388
105,1430,1535,0.1388
104,1415,1519,0.1388
105,1416,1521,0.1388
105,1410,1515,0.1388
103,1409,1512,0.1388
103,1401,1504,0.1388
99,1401,1500,0.1388
97,1409,1506,0.1388
97,1410,1507,0.1388
97,1412,1509,0.1388
99,1413,1512,0.1388
97,1415,1512,0.1388
99,1424,1523,0.1388
98,1428,1526,0.1388
99,1421,1520,0.1388
98,1417,1515,0.1388
100,1424,1524,0.1388
99,1410,1509,0.1388
98,1409,1507,0.1388
93,1422,1515,0.1388
90,1420,1510,0.1388
95,1428,1523,0.1388
92,1441,1533,0.1388
89,1424,1513,0.1388
87,1418,1505,0.1388
88,1422,1510,0.1388
88,1422,1510,0.1388
86,1423,1509,0.1388
85,1431,1516,0.1388
85,1430,1515,0.1388
83,1427,1510,0.1388
79,1416,1495,0.1388
80,1433,1513,0.1388
83,1441,1524,0.1388
83,1441,1524,0.1388
84,1439,1523,0.1388
84,1453,1537,0.1388
83,1446,1529,0.1388
75,1445,1520,0.1388
74,1437,1511,0.1388
75,1440,1515,0.1388
78,1432,1510,0.1388
80,1425,1505,0.1388
78,1441,1519,0.1388
74,1436,1510,0.1388
78,1431,1509,0.1388
77,1430,1507,0.1388
76,1435,1511,0.1388
74,1431,1505,0.1388
75,1442,1517,0.1388
74,1443,1517,0.1388
73,1441,1514,0.1388
72,1437,1509,0.1388
72,1432,1504,0.1388
73,1442,1515,0.1388
74,1439,1513,0.1388
70,1436,1506,0.1388
73,1436,1509,0.1388
72,1447,1519,0.1388
73,1444,1517,0.1388
73,1448,1521,0.1388
70,1429,1499,0.1388
70,1426,1496,0.1388
71,1432,1503,0.1388
74,1438,1512,0.1388
74,1442,1516,0.1388
73,1447,1520,0.1388
75,1433,1508,0.1388
73,1436,1509,0.1388
69,1441,1510,0.1388
66,1435,1501,0.1388
66,1429,1495,0.1388
68,1435,1503,0.1388
66,1439,1505,0.1388
67,1436,1503,0.1388
68,1431,1499,0.1388
66,1444,1510,0.1388
69,1431,1500,0.1388
71,1437,1508,0.1388
67,1445,1512,0.1388
65,1439,1504,0.1388
65,1438,1503,0.1388
63,1455,1518,0.1388
62,1447,1509,0.1388
62,1462,1524,0.1388
60,1454,1514,0.1388
62,1452,1514,0.1388
61,1459,1520,0.1388
60,1465,1525,0.1388
56,1475,1531,0.1388
56,1477,1533,0.1388
55,1469,1524,0.1388
54,1460,1514,0.1388
55,1457,1512,0.1388
58,1444,1502,0.1388
59,1442,1501,0.1388
59,1452,1511,0.1388
58,1460,1518,0.1388
54,1455,1509,0.1388
56,1462,1518,0.1388
56,1459,1515,0.1388
55,1459,1514,0.1388
57,1455,1512,0.1388
52,1459,1511,0.1388
53,1463,1516,0.1388
50,1463,1513,0.1388
46,1477,1523,0.1388
47,1471,1518,0.1388
47,1477,1524,0.1388
45,1474,1519,0.1388
43,1470,1513,0.1388
44,1468,1512,0.1388
46,1469,1515,0.1388
47,1483,1530,0.1388
49,1468,1517,0.1388
48,1462,1510,0.1388
48,1465,1513,0.1388
47,1462,1509,0.1388
46,1474,1520,0.1388
45,1467,1512,0.1388
44,1473,1517,0.1388
46,1484,1530,0.1388
47,1472,1519,0.1388
47,1474,1521,0.1388
46,1484,1530,0.1388
44,1475,1519,0.1388
44,1475,1519,0.1388
42,1461,1503,0.1388
42,1480,1522,0.1388
44,1480,1524,0.1388
42,1485,1527,0.1388
44,1489,1533,0.1388
43,1489,1532,0.1388
42,1475,1517,0.1388
42,1464,1506,0.1388
41,1471,1512,0.1388
42,1464,1506,0.1388
41,1473,1514,0.1388
41,1467,1508,0.1388
41,1469,1510,0.1388
41,1479,1520,0.1388
40,1466,1506,0.1388
42,1456,1498,0.1388
42,1454,1496,0.1388
43,1480,1523,0.1388
44,1476,1520,0.1388
44,1473,1517,0.1388
45,1476,1521,0.1388
44,1477,1521,0.1388
45,1480,1525,0.1388
46,1466,1512,0.1388
45,1460,1505,0.1388
46,1462,1508,0.1388
47,1469,1516,0.1388
48,1467,1515,0.1388
48,1477,1525,0.1388
48,1468,1516,0.1388
47,1467,1514,0.1388
47,1465,1512,0.1388
46,1471,1517,0.1388
45,1475,1520,0.1388
47,1477,1524,0.1388
45,1467,1512,0.1388
44,1447,1491,0.1388
44,1457,1501,0.1388
45,1464,1509,0.1388
44,1455,1499,0.1388
44,1463,1507,0.1388
42,1471,1513,0.1388
41,1475,1516,0.1388
42,1487,1529,0.1388
42,1478,1520,0.1388
40,1480,1520,0.1388
40,1492,1532,0.1388
39,1476,1515,0.1388
40,1463,1503,0.1388
46,1469,1515,0.1388
45,1455,1500,0.1388
46,1453,1499,0.1388
46,1472,1518,0.1388
47,1471,1518,0.1388
48,1463,1511,0.1388
43,1454,1497,0.1388
42,1468,1510,0.1388
42,1487,1529,0.1388
42,1479,1521,0.1388
45,1470,1515,0.1388
43,1469,1512,0.1388
41,1471,1512,0.1388
41,1469,1510,0.1388
39,1476,1515,0.1388
40,1485,1525,0.1388
38,1483,1521,0.1388
37,1478,1515,0.1388
40,1484,1524,0.1388
39,1482,1521,0.1388
39,1477,1516,0.1388
36,1462,1498,0.1388
37,1478,1515,0.1388
35,1472,1507,0.1388
37,1485,1522,0.1388
37,1480,1517,0.1388
35,1483,1518,0.1388
33,1473,1506,0.1388
31,1481,1512,0.1388
29,1470,1499,0.1388
30,1479,1509,0.1388
31,1490,1521,0.1388
31,1489,1520,0.1388
31,1487,1518,0.1388
32,1482,1514,0.1388
31,1472,1503,0.1388
30,1468,1498,0.1388
30,1469,1499,0.1388
30,1470,1500,0.1388
30,1477,1507,0.1388
29,1487,1516,0.1388
30,1483,1513,0.1388
30,1469,1499,0.1388
30,1480,1510,0.1388
29,1475,1504,0.1388
30,1483,1513,0.1388
29,1489,1518,0.1388
29,1488,1517,0.1388
29,1487,1516,0.1388
28,1491,1519,0.1388
26,1487,1513,0.1388
28,1486,1514,0.1388
27,1472,1499,0.1388
25,1482,1507,0.1388
26,1473,1499,0.1388
27,1480,1507,0.1388
28,1469,1497,0.1388
27,1469,1496,0.1388
27,1487,1514,0.1388
27,1490,1517,0.1388
28,1485,1513,0.1388
27,1488,1515,0.1388
27,1480,1507,0.1388
29,1472,1501,0.1388
29,1475,1504,0.1388
30,1482,1512,0.1388
32,1488,1520,0.1388
33,1484,1517,0.1388
34,1478,1512,0.1388
32,1481,1513,0.1388
33,1484,1517,0.1388
33,1472,1505,0.1388
34,1481,1515,0.1388
34,1488,1522,0.1388
35,1487,1522,0.1388
37,1491,1528,0.1388
37,1488,1525,0.1388
36,1476,1512,0.1388
35,1483,1518,0.1388
34,1487,1521,0.1388
33,1481,1514,0.1388
33,1480,1513,0.1388
34,1475,1509,0.1388
33,1487,1520,0.1388
32,1474,1506,0.1388
32,1479,1511,0.1388
32,1478,1510,0.1388
32,1481,1513,0.1388
32,1483,1515,0.1388
33,1495,1528,0.1388
34,1491,1525,0.1388
33,1483,1516,0.1388
32,1485,1517,0.1388
33,1475,1508,0.1388
34,1480,1514,0.1388
35,1482,1517,0.1388
36,1488,1524,0.1388
36,1489,1525,0.1388
36,1480,1516,0.1388
37,1488,1525,0.1388
38,1475,1513,0.1388
38,1474,1512,0.1388
40,1473,1513,0.1388
42,1474,1516,0.1388
42,1465,1507,0.1388
43,1470,1513,0.1388
42,1472,1514,0.1388
43,1480,1523,0.1388
43,1488,1531,0.1388
40,1477,1517,0.1388
40,1481,1521,0.1388
39,1464,1503,0.1388
41,1467,1508,0.1388
42,1466,1508,0.1388
41,1468,1509,0.1388
42,1470,1512,0.1388
42,1475,1517,0.1388
42,1471,1513,0.1388
40,1476,1516,0.1388
40,1474,1514,0.1388
37,1476,1513,0.1388
39,1485,1524,0.1388
41,1486,1527,0.1388
40,1482,1522,0.1388
39,1481,1520,0.1388
40,1465,1505,0.1388
38,1486,1524,0.1388
37,1486,1523,0.1388
37,1479,1516,0.1388
38,1478,1516,0.1388
36,1476,1512,0.1388
34,1486,1520,0.1388
34,1488,1522,0.1388
36,1484,1520,0.1388
36,1473,1509,0.1388
38,1471,1509,0.1388
37,1464,1501,0.1388
38,1465,1503,0.1388
42,1474,1516,0.1388
42,1480,1522,0.1388
41,1479,1520,0.1388
41,1483,1524,0.1388
39,1479,1518,0.1388
38,1494,1532,0.1388
39,1484,1523,0.1388
36,1482,1518,0.1388
34,1472,1506,0.1388
34,1470,1504,0.1388
33,1478,1511,0.1388
35,1468,1503,0.1388
37,1477,1514,0.1388
35,1486,1521,0.1388
36,1481,1517,0.1388
35,1493,1528,0.1388
36,1482,1518,0.1388
38,1481,1519,0.1388
38,1484,1522,0.1388
37,1475,1512,0.1388
36,1483,1519,0.1388
37,1479,1516,0.1388
37,1486,1523,0.1388
39,1491,1530,0.1388
37,1492,1529,0.1388
38,1476,1514,0.1388
37,1482,1519,0.1388
39,1468,1507,0.1388
37,1474,1511,0.1388
36,1484,1520,0.1388
35,1477,1512,0.1388
35,1488,1523,0.1388
34,1479,1513,0.1388
34,1477,1511,0.1388
36,1478,1514,0.1388
36,1478,1514,0.1388
35,1489,1524,0.1388
33,1490,1523,0.1388
32,1485,1517,0.1388
32,1485,1517,0.1388
33,1480,1513,0.1388
34,1482,1516,0.1388
34,1473,1507,0.1388
35,1470,1505,0.1388
35,1472,1507,0.1388
36,1478,1514,0.1388
35,1479,1514,0.1388
34,1490,1524,0.1388
34,1486,1520,0.1388
33,1476,1509,0.1388
34,1490,1524,0.1388
33,1497,1530,0.1388
33,1490,1523,0.1388
32,1497,1529,0.1388
33,1483,1516,0.1388
36,1480,1516,0.1388
35,1485,1520,0.1388
36,1481,1517,0.1388
35,1472,1507,0.1388
34,1473,1507,0.1388
34,1481,1515,0.1388
34,1466,1500,0.1388
32,1481,1513,0.1388
34,1494,1528,0.1388
35,1489,1524,0.1388
35,1474,1509,0.1388
36,1464,1500,0.1388
38,1475,1513,0.1388
39,1476,1515,0.1388
38,1470,1508,0.1388
39,1479,1518,0.1388
37,1476,1513,0.1388
36,1482,1518,0.1388
35,1476,1511,0.1388
34,1494,1528,0.1388
33,1503,1536,0.1388
35,1487,1522,0.1388
37,1483,1520,0.1388
38,1482,1520,0.1388
38,1479,1517,0.1388
38,1485,1523,0.1388
38,1473,1511,0.1388
37,1470,1507,0.1388
39,1476,1515,0.1388
39,1490,1529,0.1388
41,1489,1530,0.1388
41,1480,1521,0.1388
42,1487,1529,0.1388
42,1485,1527,0.1388
40,1474,1514,0.1388
40,1460,1500,0.1388
40,1461,1501,0.1388
40,1458,1498,0.1388
40,1453,1493,0.1388
43,1484,1527,0.1388
41,1470,1511,0.1388
42,1485,1527,0.1388
42,1474,1516,0.1388
37,1487,1524,0.1388
34,1491,1525,0.1388
35,1469,1504,0.1388
37,1476,1513,0.1388
36,1476,1512,0.1388
35,1480,1515,0.1388
35,1476,1511,0.1388
36,1482,1518,0.1388
36,1489,1525,0.1388
34,1499,1533,0.1388
35,1501,1536,0.1388
36,1492,1528,0.1388
37,1478,1515,0.1388
37,1482,1519,0.1388
38,1481,1519,0.1388
39,1479,1518,0.1388
41,1475,1516,0.1388
39,1472,1511,0.1388
39,1465,1504,0.1388
40,1477,1517,0.1388
40,1482,1522,0.1388
41,1477,1518,0.1388
41,1473,1514,0.1388
41,1471,1512,0.1388
41,1473,1514,0.1388
41,1459,1500,0.1388
43,1460,1503,0.1388
40,1472,1512,0.1388
39,1471,1510,0.1388
37,1476,1513,0.1388
36,1479,1515,0.1388
34,1477,1511,0.1388
34,1479,1513,0.1388
35,1479,1514,0.1388
35,1477,1512,0.1388
33,1470,1503,0.1388
34,1475,1509,0.1388
35,1473,1508,0.1388
33,1468,1501,0.1388
31,1473,1504,0.1388
31,1481,1512,0.1388
29,1473,1502,0.1388
30,1485,1515,0.1388
30,1479,1509,0.1388
28,1499,1527,0.1388
28,1496,1524,0.1388
29,1492,1521,0.1388
28,1493,1521,0.1388
28,1496,1524,0.1388
28,1473,1501,0.1388
27,1476,1503,0.1388
26,1481,1507,0.1388
27,1482,1509,0.1388
28,1493,1521,0.1388
26,1494,1520,0.1388
25,1492,1517,0.1388
23,1485,1508,0.1388
24,1498,1522,0.1388
24,1476,1500,0.1388
23,1481,1504,0.1388
26,1486,1512,0.1388
26,1485,1511,0.1388
28,1490,1518,0.1388
28,1486,1514,0.1388
27,1495,1522,0.1388
27,1496,1523,0.1388
26,1495,1521,0.1388
26,1501,1527,0.1388
25,1495,1520,0.1388
25,1505,1530,0.1388
25,1503,1528,0.1388
25,1501,1526,0.1388
24,1494,1518,0.1388
24,1501,1525,0.1388
23,1492,1515,0.1388
22,1488,1510,0.1388
22,1490,1512,0.1388
21,1493,1514,0.1388
21,1479,1500,0.1388
21,1487,1508,0.1388
22,1495,1517,0.1388
22,1510,1532,0.1388
23,1511,1534,0.1388
22,1508,1530,0.1388
22,1523,1545,0.1388
22,1514,1536,0.1388
21,1512,1533,0.1388
21,1516,1537,0.1388
21,1503,1524,0.1388
21,1508,1529,0.1388
21,1504,1525,0.1388
21,1492,1513,0.1388
22,1490,1512,0.1388
22,1507,1529,0.1388
23,1500,1523,0.1388
23,1491,1514,0.1388
23,1491,1514,0.1388
22,1506,1528,0.1388
21,1485,1506,0.1388
19,1495,1514,0.1388
19,1488,1507,0.1388
18,1497,1515,0.1388
17,1500,1517,0.1388
18,1508,1526,0.1388
19,1501,1520,0.1388
19,1501,1520,0.1388
18,1489,1507,0.1388
17,1508,1525,0.1388
16,1503,1519,0.1388
16,1499,1515,0.1388
16,1502,1518,0.1388
14,1507,1521,0.1388
14,1497,1511,0.1388
15,1507,1522,0.1388
15,1504,1519,0.1388
14,1495,1509,0.1388
16,1502,1518,0.1388
15,1497,1512,0.1388
15,1504,1519,0.1388
15,1495,1510,0.1388
13,1504,1517,0.1388
11,1505,1516,0.1388
13,1499,1512,0.1388
13,1499,1512,0.1388
12,1502,1514,0.1388
12,1485,1497,0.1388
12,1493,1505,0.1388
12,1495,1507,0.1388
13,1495,1508,0.1388
13,1497,1510,0.1388
12,1502,1514,0.1388
12,1500,1512,0.1388
13,1509,1522,0.1388
14,1488,1502,0.1388
13,1504,1517,0.1388
14,1513,1527,0.1388
12,1507,1519,0.1388
12,1495,1507,0.1388
11,1503,1514,0.1388
10,1488,1498,0.1388
11,1482,1493,0.1388
11,1481,1492,0.1388
11,1485,1496,0.1388
11,1497,1508,0.1388
11,1504,1515,0.1388
11,1517,1528,0.1388
11,1513,1524,0.1388
11,1508,1519,0.1388
10,1507,1517,0.1388
10,1512,1522,0.1388
10,1504,1514,0.1388
11,1514,1525,0.1388
12,1512,1524,0.1388
11,1506,1517,0.1388
11,1509,1520,0.1388
12,1508,1520,0.1388
12,1497,1509,0.1388
12,1499,1511,0.1388
12,1502,1514,0.1388
13,1506,1519,0.1388
11,1500,1511,0.1388
12,1498,1510,0.1388
11,1501,1512,0.1388
11,1508,1519,0.1388
11,1516,1527,0.1388
11,1512,1523,0.1388
10,1514,1524,0.1388
9,1498,1507,0.1388
10,1502,1512,0.1388
10,1513,1523,0.1388
10,1519,1529,0.1388
9,1525,1534,0.1388
9,1515,1524,0.1388
9,1520,1529,0.1388
9,1509,1518,0.1388
9,1510,1519,0.1388
9,1514,1523,0.1388
8,1511,1519,0.1388
8,1512,1520,0.1388
8,1499,1507,0.1388
9,1502,1511,0.1388
9,1512,1521,0.1388
9,1498,1507,0.1388
8,1506,1514,0.1388
8,1504,1512,0.1388
8,1492,1500,0.1388
9,1497,1506,0.1388
8,1506,1514,0.1388
8,1508,1516,0.1388
9,1504,1513,0.1388
8,1496,1504,0.1388
6,1497,1503,0.1388
5,1511,1516,0.1388
6,1506,1512,0.1388
6,1519,1525,0.1388
6,1521,1527,0.1388
6,1519,1525,0.1388
5,1518,1523,0.1388
5,1523,1528,0.1388
5,1526,1531,0.1388
5,1520,1525,0.1388
5,1514,1519,0.1388
4,1517,1521,0.1388
4,1523,1527,0.1388
4,1521,1525,0.1388
4,1519,1523,0.1388
4,1503,1507,0.1388
4,1503,1507,0.1388
4,1487,1491,0.1388
4,1501,1505,0.1388
3,1528,1531,0.1388
3,1526,1529,0.1388
3,1520,1523,0.1388
2,1520,1522,0.1388
2,1523,1525,0.1388
2,1514,1516,0.1388
2,1506,1508,0.1388
2,1509,1511,0.1388
3,1498,1501,0.1388
4,1505,1509,0.1388
4,1515,1519,0.1388
4,1516,1520,0.1388
3,1505,1508,0.1388
3,1511,1514,0.1388
2,1510,1512,0.1388
2,1517,1519,0.1388
2,1525,1527,0.1388
2,1521,1523,0.1388
2,1527,1529,0.1388
2,1520,1522,0.1388
2,1509,1511,0.1388
2,1514,1516,0.1388
2,1512,1514,0.1388
1,1514,1515,0.1388
1,1519,1520,0.1388
1,1519,1520,0.1388
1,1534,1535,0.1388
1,1521,1522,0.1388
0,1514,1514,0.1388
