1360,27,1387,0.1388
1397,29,1426,0.1388
1419,29,1448,0.1388
1419,29,1448,0.1388
1417,30,1447,0.1388
1445,30,1475,0.1388
1450,30,1480,0.1388
1460,32,1492,0.1388
1471,34,1505,0.1388
1484,32,1516,0.1388
1471,34,1505,0.1388
1457,33,1490,0.1388
1464,33,1497,0.1388
1470,31,1501,0.1388
1480,30,1510,0.1388
1473,30,1503,0.1388
1471,31,1502,0.1388
1451,34,1485,0.1388
1451,33,1484,0.1388
1469,33,1502,0.1388
1465,34,1499,0.1388
1462,37,1499,0.1388
1466,39,1505,0.1388
1458,36,1494,0.1388
1456,36,1492,0.1388
1466,36,1502,0.1388
1456,39,1495,0.1388
1444,41,1485,0.1388
1442,42,1484,0.1388
1444,41,1485,0.1388
1445,42,1487,0.1388
1449,39,1488,0.1388
1452,38,1490,0.1388
1469,38,1507,0.1388
1460,37,1497,0.1388
1454,37,1491,0.1388
1447,37,1484,0.1388
1446,36,1482,0.1388
1449,37,1486,0.1388
1453,38,1491,0.1388
1442,38,1480,0.1388
1437,41,1478,0.1388
1453,42,1495,0.1388
1458,39,1497,0.1388
1455,40,1495,0.1388
1447,40,1487,0.1388
1449,40,1489,0.1388
1450,39,1489,0.1388
1464,38,1502,0.1388
1449,39,1488,0.1388
1449,40,1489,0.1388
1442,40,1482,0.1388
1438,42,1480,0.1388
1452,40,1492,0.1388
1443,40,1483,0.1388
1440,39,1479,0.1388
1434,40,1474,0.1388
1435,40,1475,0.1388
1453,40,1493,0.1388
1449,41,1490,0.1388
1453,43,1496,0.1388
1444,42,1486,0.1388
1439,41,1480,0.1388
1449,41,1490,0.1388
1441,41,1482,0.1388
1455,40,1495,0.1388
1446,37,1483,0.1388
1449,41,1490,0.1388
1442,42,1484,0.1388
1452,41,1493,0.1388
1458,41,1499,0.1388
1453,41,1494,0.1388
1463,42,1505,0.1388
1442,43,1485,0.1388
1448,43,1491,0.1388
1444,42,1486,0.1388
1450,42,1492,0.1388
1450,42,1492,0.1388
1449,44,1493,0.1388
1444,45,1489,0.1388
1441,43,1484,0.1388
1425,43,1468,0.1388
1436,43,1479,0.1388
1436,42,1478,0.1388
1436,42,1478,0.1388
1430,44,1474,0.1388
1449,47,1496,0.1388
1438,48,1486,0.1388
1443,50,1493,0.1388
1442,51,1493,0.1388
1453,51,1504,0.1388
1447,49,1496,0.1388
1451,48,1499,0.1388
1443,46,1489,0.1388
1430,45,1475,0.1388
1448,46,1494,0.1388
1434,44,1478,0.1388
1437,42,1479,0.1388
1447,41,1488,0.1388
1433,43,1476,0.1388
1435,43,1478,0.1388
1448,43,1491,0.1388
1449,44,1493,0.1388
1450,43,1493,0.1388
1454,45,1499,0.1388
1452,47,1499,0.1388
1453,48,1501,0.1388
1449,48,1497,0.1388
1455,50,1505,0.1388
1449,51,1500,0.1388
1459,49,1508,0.1388
1469,49,1518,0.1388
1462,48,1510,0.1388
1461,48,1509,0.1388
1461,48,1509,0.1388
1452,47,1499,0.1388
1456,47,1503,0.1388
1436,50,1486,0.1388
1430,52,1482,0.1388
1436,52,1488,0.1388
1436,53,1489,0.1388
1436,54,1490,0.1388
1430,54,1484,0.1388
1422,52,1474,0.1388
1434,55,1489,0.1388
1444,54,1498,0.1388
1440,55,1495,0.1388
1450,57,1507,0.1388
1453,58,1511,0.1388
1448,59,1507,0.1388
1437,57,1494,0.1388
1439,58,1497,0.1388
1438,55,1493,0.1388
1447,56,1503,0.1388
1454,56,1510,0.1388
1463,52,1515,0.1388
1461,52,1513,0.1388
1449,55,1504,0.1388
1455,53,1508,0.1388
1440,53,1493,0.1388
1445,53,1498,0.1388
1432,54,1486,0.1388
1418,55,1473,0.1388
1416,58,1474,0.1388
1430,59,1489,0.1388
1435,59,1494,0.1388
1443,54,1497,0.1388
1442,55,1497,0.1388
1441,53,1494,0.1388
1441,51,1492,0.1388
1441,50,1491,0.1388
1436,50,1486,0.1388
1441,50,1491,0.1388
1435,53,1488,0.1388
1436,52,1488,0.1388
1444,55,1499,0.1388
1448,53,1501,0.1388
1453,55,1508,0.1388
1437,53,1490,0.1388
1449,54,1503,0.1388
1444,55,1499,0.1388
1443,55,1498,0.1388
1443,52,1495,0.1388
1438,51,1489,0.1388
1430,51,1481,0.1388
1435,52,1487,0.1388
1433,55,1488,0.1388
1425,54,1479,0.1388
1416,58,1474,0.1388
1431,56,1487,0.1388
1434,57,1491,0.1388
1443,56,1499,0.1388
1431,55,1486,0.1388
1427,56,1483,0.1388
1422,58,1480,0.1388
1424,59,1483,0.1388
1422,60,1482,0.1388
1411,61,1472,0.1388
1414,63,1477,0.1388
1409,63,1472,0.1388
1424,66,1490,0.1388
1436,66,1502,0.1388
1427,69,1496,0.1388
1435,70,1505,0.1388
1420,72,1492,0.1388
1427,71,1498,0.1388
1418,71,1489,0.1388
1415,71,1486,0.1388
1424,70,1494,0.1388
1419,72,1491,0.1388
1431,71,1502,0.1388
1435,73,1508,0.1388
1426,74,1500,0.1388
1415,78,1493,0.1388
1412,80,1492,0.1388
1410,78,1488,0.1388
1406,78,1484,0.1388
1391,78,1469,0.1388
1400,81,1481,0.1388
1395,83,1478,0.1388
1405,83,1488,0.1388
1414,82,1496,0.1388
1412,83,1495,0.1388
1397,81,1478,0.1388
1412,79,1491,0.1388
1416,80,1496,0.1388
1414,81,1495,0.1388
1411,81,1492,0.1388
1407,85,1492,0.1388
1404,81,1485,0.1388
1408,80,1488,0.1388
1414,82,1496,0.1388
1420,82,1502,0.1388
1413,82,1495,0.1388
1426,79,1505,0.1388
1430,80,1510,0.1388
1431,81,1512,0.1388
1426,80,1506,0.1388
1431,76,1507,0.1388
1423,80,1503,0.1388
1413,74,1487,0.1388
1411,73,1484,0.1388
1422,73,1495,0.1388
1415,74,1489,0.1388
1413,76,1489,0.1388
1398,76,1474,0.1388
1393,76,1469,0.1388
1397,83,1480,0.1388
1402,85,1487,0.1388
1392,86,1478,0.1388
1394,87,1481,0.1388
1397,87,1484,0.1388
1395,85,1480,0.1388
1399,88,1487,0.1388
1395,88,1483,0.1388
1405,91,1496,0.1388
1409,89,1498,0.1388
1404,91,1495,0.1388
1410,92,1502,0.1388
1408,96,1504,0.1388
1405,98,1503,0.1388
1398,96,1494,0.1388
1401,94,1495,0.1388
1409,94,1503,0.1388
1402,92,1494,0.1388
1405,94,1499,0.1388
1405,94,1499,0.1388
1390,96,1486,0.1388
1402,102,1504,0.1388
1414,102,1516,0.1388
1405,100,1505,0.1388
1395,98,1493,0.1388
1394,99,1493,0.1388
1400,99,1499,0.1388
1405,98,1503,0.1388
1415,101,1516,0.1388
1409,101,1510,0.1388
1406,100,1506,0.1388
1407,102,1509,0.1388
1414,102,1516,0.1388
1400,101,1501,0.1388
1413,102,1515,0.1388
1418,104,1522,0.1388
1414,102,1516,0.1388
1419,96,1515,0.1388
1412,97,1509,0.1388
1404,101,1505,0.1388
1388,104,1492,0.1388
1383,104,1487,0.1388
1390,105,1495,0.1388
1394,106,1500,0.1388
1382,102,1484,0.1388
1383,105,1488,0.1388
1381,109,1490,0.1388
1374,108,1482,0.1388
1369,110,1479,0.1388
1379,110,1489,0.1388
1382,110,1492,0.1388
1384,112,1496,0.1388
1376,114,1490,0.1388
1373,110,1483,0.1388
1362,110,1472,0.1388
1367,111,1478,0.1388
1375,112,1487,0.1388
1376,115,1491,0.1388
1377,116,1493,0.1388
1375,122,1497,0.1388
1381,122,1503,0.1388
1379,119,1498,0.1388
1371,122,1493,0.1388
1379,123,1502,0.1388
1379,124,1503,0.1388
1385,126,1511,0.1388
1384,128,1512,0.1388
1385,128,1513,0.1388
1378,130,1508,0.1388
1373,130,1503,0.1388
1348,132,1480,0.1388
1353,132,1485,0.1388
1357,132,1489,0.1388
1340,133,1473,0.1388
1352,132,1484,0.1388
1358,131,1489,0.1388
1359,129,1488,0.1388
1350,128,1478,0.1388
1339,135,1474,0.1388
1338,126,1464,0.1388
1361,123,1484,0.1388
1364,125,1489,0.1388
1363,131,1494,0.1388
1353,130,1483,0.1388
1347,134,1481,0.1388
1356,135,1491,0.1388
1345,135,1480,0.1388
1345,135,1480,0.1388
1343,137,1480,0.1388
1358,140,1498,0.1388
1344,137,1481,0.1388
1358,135,1493,0.1388
1351,129,1480,0.1388
1362,135,1497,0.1388
1367,135,1502,0.1388
1369,137,1506,0.1388
1369,139,1508,0.1388
1371,137,1508,0.1388
1364,136,1500,0.1388
1365,135,1500,0.1388
1350,131,1481,0.1388
1360,131,1491,0.1388
1365,130,1495,0.1388
1360,133,1493,0.1388
1358,134,1492,0.1388
1340,136,1476,0.1388
1344,135,1479,0.1388
1350,139,1489,0.1388
1360,140,1500,0.1388
1361,142,1503,0.1388
1368,140,1508,0.1388
1361,142,1503,0.1388
1336,137,1473,0.1388
1352,140,1492,0.1388
1370,137,1507,0.1388
1376,134,1510,0.1388
1363,132,1495,0.1388
1368,131,1499,0.1388
1371,133,1504,0.1388
1364,135,1499,0.1388
1345,131,1476,0.1388
1351,134,1485,0.1388
1356,135,1491,0.1388
1354,137,1491,0.1388
1360,136,1496,0.1388
1365,138,1503,0.1388
1366,137,1503,0.1388
1364,137,1501,0.1388
1368,138,1506,0.1388
1360,139,1499,0.1388
1357,136,1493,0.1388
1354,133,1487,0.1388
1347,136,1483,0.1388
1354,140,1494,0.1388
1340,141,1481,0.1388
1348,137,1485,0.1388
1350,142,1492,0.1388
1351,141,1492,0.1388
1351,142,1493,0.1388
1350,141,1491,0.1388
1343,145,1488,0.1388
1343,140,1483,0.1388
1349,141,1490,0.1388
1351,143,1494,0.1388
1357,142,1499,0.1388
1359,140,1499,0.1388
1359,139,1498,0.1388
1348,138,1486,0.1388
1354,140,1494,0.1388
1349,145,1494,0.1388
1360,146,1506,0.1388
1339,142,1481,0.1388
1348,143,1491,0.1388
1351,144,1495,0.1388
1349,140,1489,0.1388
1330,144,1474,0.1388
1345,138,1483,0.1388
1343,140,1483,0.1388
1351,144,1495,0.1388
1342,145,1487,0.1388
1350,143,1493,0.1388
1355,143,1498,0.1388
1350,143,1493,0.1388
1348,141,1489,0.1388
1354,139,1493,0.1388
1361,141,1502,0.1388
1343,140,1483,0.1388
1346,144,1490,0.1388
1344,142,1486,0.1388
1349,145,1494,0.1388
1349,145,1494,0.1388
1351,143,1494,0.1388
1342,145,1487,0.1388
1336,142,1478,0.1388
1333,147,1480,0.1388
1346,143,1489,0.1388
1352,143,1495,0.1388
1347,146,1493,0.1388
1342,147,1489,0.1388
1339,145,1484,0.1388
1352,143,1495,0.1388
1363,139,1502,0.1388
1362,138,1500,0.1388
1340,135,1475,0.1388
1352,134,1486,0.1388
1362,137,1499,0.1388
1373,138,1511,0.1388
1371,136,1507,0.1388
1359,140,1499,0.1388
1342,144,1486,0.1388
1346,142,1488,0.1388
1346,141,1487,0.1388
1357,143,1500,0.1388
1356,143,1499,0.1388
1351,144,1495,0.1388
1334,145,1479,0.1388
1332,148,1480,0.1388
1346,148,1494,0.1388
1339,152,1491,0.1388
1337,155,1492,0.1388
1336,155,1491,0.1388
1340,148,1488,0.1388
1349,150,1499,0.1388
1338,150,1488,0.1388
1351,147,1498,0.1388
1346,149,1495,0.1388
1341,153,1494,0.1388
1334,154,1488,0.1388
1333,154,1487,0.1388
1327,153,1480,0.1388
1331,152,1483,0.1388
1323,158,1481,0.1388
1321,160,1481,0.1388
1320,162,1482,0.1388
1323,159,1482,0.1388
1314,165,1479,0.1388
1313,166,1479,0.1388
1317,168,1485,0.1388
1319,174,1493,0.1388
1312,176,1488,0.1388
1313,178,1491,0.1388
1301,175,1476,0.1388
1300,172,1472,0.1388
1299,174,1473,0.1388
1301,178,1479,0.1388
1306,179,1485,0.1388
1307,173,1480,0.1388
1321,177,1498,0.1388
1325,173,1498,0.1388
1320,177,1497,0.1388
1311,179,1490,0.1388
1306,179,1485,0.1388
1315,178,1493,0.1388
1311,180,1491,0.1388
1303,180,1483,0.1388
1306,178,1484,0.1388
1307,179,1486,0.1388
1313,183,1496,0.1388
1319,184,1503,0.1388
1311,180,1491,0.1388
1323,178,1501,0.1388
1333,178,1511,0.1388
1324,176,1500,0.1388
1325,177,1502,0.1388
1333,172,1505,0.1388
1321,168,1489,0.1388
1327,170,1497,0.1388
1328,174,1502,0.1388
1334,174,1508,0.1388
1323,173,1496,0.1388
1326,175,1501,0.1388
1316,179,1495,0.1388
1316,182,1498,0.1388
1310,181,1491,0.1388
1307,178,1485,0.1388
1308,180,1488,0.1388
1311,181,1492,0.1388
1323,180,1503,0.1388
1326,176,1502,0.1388
1329,180,1509,0.1388
1323,176,1499,0.1388
1323,172,1495,0.1388
1320,174,1494,0.1388
1317,174,1491,0.1388
1317,173,1490,0.1388
1316,171,1487,0.1388
1313,172,1485,0.1388
1326,170,1496,0.1388
1327,168,1495,0.1388
1323,169,1492,0.1388
1333,170,1503,0.1388
1331,167,1498,0.1388
1336,171,1507,0.1388
1332,171,1503,0.1388
1326,169,1495,0.1388
1332,171,1503,0.1388
1328,169,1497,0.1388
1328,171,1499,0.1388
1322,177,1499,0.1388
1308,180,1488,0.1388
1311,183,1494,0.1388
1321,185,1506,0.1388
1317,189,1506,0.1388
1314,185,1499,0.1388
1313,185,1498,0.1388
1301,189,1490,0.1388
1292,190,1482,0.1388
1298,186,1484,0.1388
1288,195,1483,0.1388
1293,201,1494,0.1388
1300,200,1500,0.1388
1301,196,1497,0.1388
1301,190,1491,0.1388
1291,191,1482,0.1388
1288,194,1482,0.1388
1293,200,1493,0.1388
1279,204,1483,0.1388
1280,209,1489,0.1388
1267,211,1478,0.1388
1281,211,1492,0.1388
1284,213,1497,0.1388
1289,206,1495,0.1388
1293,206,1499,0.1388
1288,207,1495,0.1388
1299,205,1504,0.1388
1303,205,1508,0.1388
1301,210,1511,0.1388
1287,210,1497,0.1388
1299,209,1508,0.1388
1292,208,1500,0.1388
1272,208,1480,0.1388
1275,211,1486,0.1388
1272,213,1485,0.1388
1263,214,1477,0.1388
1265,214,1479,0.1388
1279,213,1492,0.1388
1285,214,1499,0.1388
1279,217,1496,0.1388
1274,219,1493,0.1388
1278,219,1497,0.1388
1277,215,1492,0.1388
1289,216,1505,0.1388
1277,219,1496,0.1388
1289,219,1508,0.1388
1274,222,1496,0.1388
1286,220,1506,0.1388
1280,216,1496,0.1388
1273,223,1496,0.1388
1284,216,1500,0.1388
1286,212,1498,0.1388
1272,216,1488,0.1388
1267,219,1486,0.1388
1274,224,1498,0.1388
1267,234,1501,0.1388
1275,235,1510,0.1388
1277,232,1509,0.1388
1274,230,1504,0.1388
1257,230,1487,0.1388
1259,226,1485,0.1388
1264,219,1483,0.1388
1264,218,1482,0.1388
1260,221,1481,0.1388
1257,222,1479,0.1388
1257,226,1483,0.1388
1260,227,1487,0.1388
1255,230,1485,0.1388
1261,234,1495,0.1388
1258,232,1490,0.1388
1246,226,1472,0.1388
1258,232,1490,0.1388
1253,235,1488,0.1388
1252,235,1487,0.1388
1248,234,1482,0.1388
1252,237,1489,0.1388
1257,244,1501,0.1388
1252,240,1492,0.1388
1259,247,1506,0.1388
1268,247,1515,0.1388
1262,243,1505,0.1388
1247,239,1486,0.1388
1250,242,1492,0.1388
1243,243,1486,0.1388
1255,239,1494,0.1388
1265,239,1504,0.1388
1261,239,1500,0.1388
1264,240,1504,0.1388
1264,234,1498,0.1388
1264,237,1501,0.1388
1275,247,1522,0.1388
1257,246,1503,0.1388
1258,244,1502,0.1388
1255,243,1498,0.1388
1264,245,1509,0.1388
1252,250,1502,0.1388
1256,250,1506,0.1388
1261,251,1512,0.1388
1256,249,1505,0.1388
1253,253,1506,0.1388
1249,253,1502,0.1388
1250,251,1501,0.1388
1250,249,1499,0.1388
1248,250,1498,0.1388
1246,249,1495,0.1388
1237,250,1487,0.1388
1240,249,1489,0.1388
1249,247,1496,0.1388
1236,242,1478,0.1388
1240,246,1486,0.1388
1256,244,1500,0.1388
1250,248,1498,0.1388
1255,249,1504,0.1388
1254,254,1508,0.1388
1248,255,1503,0.1388
1255,253,1508,0.1388
1261,254,1515,0.1388
1252,255,1507,0.1388
1251,252,1503,0.1388
1251,261,1512,0.1388
1251,261,1512,0.1388
1249,259,1508,0.1388
1240,267,1507,0.1388
1237,269,1506,0.1388
1239,268,1507,0.1388
1244,267,1511,0.1388
1239,262,1501,0.1388
1229,263,1492,0.1388
1225,261,1486,0.1388
1224,264,1488,0.1388
1223,270,1493,0.1388
1223,265,1488,0.1388
1242,268,1510,0.1388
1240,262,1502,0.1388
1239,264,1503,0.1388
1232,259,1491,0.1388
1232,256,1488,0.1388
1236,263,1499,0.1388
1234,268,1502,0.1388
1223,271,1494,0.1388
1224,278,1502,0.1388
1214,278,1492,0.1388
1221,280,1501,0.1388
1220,280,1500,0.1388
1218,283,1501,0.1388
1224,285,1509,0.1388
1219,285,1504,0.1388
1210,289,1499,0.1388
1200,292,1492,0.1388
1200,285,1485,0.1388
1201,281,1482,0.1388
1193,287,1480,0.1388
1195,290,1485,0.1388
1185,295,1480,0.1388
1193,295,1488,0.1388
1190,291,1481,0.1388
1182,297,1479,0.1388
1193,299,1492,0.1388
1201,300,1501,0.1388
1192,298,1490,0.1388
1196,294,1490,0.1388
1186,295,1481,0.1388
1190,303,1493,0.1388
1203,302,1505,0.1388
1216,301,1517,0.1388
1196,297,1493,0.1388
1191,302,1493,0.1388
1190,304,1494,0.1388
1185,305,1490,0.1388
1194,298,1492,0.1388
1206,295,1501,0.1388
1216,295,1511,0.1388
1194,301,1495,0.1388
1199,302,1501,0.1388
1195,305,1500,0.1388
1189,302,1491,0.1388
1192,303,1495,0.1388
1186,303,1489,0.1388
1197,299,1496,0.1388
1199,301,1500,0.1388
1181,309,1490,0.1388
1169,309,1478,0.1388
1173,318,1491,0.1388
1173,317,1490,0.1388
1174,315,1489,0.1388
1181,317,1498,0.1388
1164,321,1485,0.1388
1151,322,1473,0.1388
1149,323,1472,0.1388
1146,324,1470,0.1388
1169,320,1489,0.1388
1172,330,1502,0.1388
1179,335,1514,0.1388
1171,333,1504,0.1388
1179,329,1508,0.1388
1183,327,1510,0.1388
1186,331,1517,0.1388
1173,328,1501,0.1388
1160,331,1491,0.1388
1167,330,1497,0.1388
1162,329,1491,0.1388
1175,334,1509,0.1388
1165,335,1500,0.1388
1168,336,1504,0.1388
1160,341,1501,0.1388
1160,338,1498,0.1388
1166,332,1498,0.1388
1165,330,1495,0.1388
1165,328,1493,0.1388
1161,339,1500,0.1388
1155,335,1490,0.1388
1157,336,1493,0.1388
1154,333,1487,0.1388
1155,337,1492,0.1388
1155,336,1491,0.1388
1164,334,1498,0.1388
1170,335,1505,0.1388
1177,336,1513,0.1388
1174,329,1503,0.1388
1169,320,1489,0.1388
1159,317,1476,0.1388
1161,320,1481,0.1388
1149,324,1473,0.1388
1160,331,1491,0.1388
1151,333,1484,0.1388
1158,340,1498,0.1388
1155,339,1494,0.1388
1158,342,1500,0.1388
1145,348,1493,0.1388
1148,344,1492,0.1388
1149,345,1494,0.1388
1159,348,1507,0.1388
1153,354,1507,0.1388
1149,351,1500,0.1388
1150,347,1497,0.1388
1140,348,1488,0.1388
1138,354,1492,0.1388
1133,358,1491,0.1388
1137,352,1489,0.1388
1145,355,1500,0.1388
1146,349,1495,0.1388
1152,346,1498,0.1388
1149,346,1495,0.1388
1150,349,1499,0.1388
1154,354,1508,0.1388
1137,352,1489,0.1388
1130,354,1484,0.1388
1128,352,1480,0.1388
1129,353,1482,0.1388
1133,354,1487,0.1388
1124,361,1485,0.1388
1126,364,1490,0.1388
1125,366,1491,0.1388
1131,366,1497,0.1388
1145,363,1508,0.1388
1133,363,1496,0.1388
1141,369,1510,0.1388
1129,368,1497,0.1388
1131,375,1506,0.1388
1141,362,1503,0.1388
1133,374,1507,0.1388
1142,376,1518,0.1388
1146,367,1513,0.1388
1138,367,1505,0.1388
1138,363,1501,0.1388
1128,357,1485,0.1388
1128,359,1487,0.1388
1125,357,1482,0.1388
1123,356,1479,0.1388
1115,361,1476,0.1388
1125,362,1487,0.1388
1128,366,1494,0.1388
1133,370,1503,0.1388
1133,369,1502,0.1388
1135,365,1500,0.1388
1130,369,1499,0.1388
1127,373,1500,0.1388
1125,370,1495,0.1388
1123,373,1496,0.1388
1129,379,1508,0.1388
1113,377,1490,0.1388
1119,374,1493,0.1388
1120,383,1503,0.1388
1109,382,1491,0.1388
1121,377,1498,0.1388
1105,372,1477,0.1388
1116,376,1492,0.1388
1118,378,1496,0.1388
1113,378,1491,0.1388
1118,386,1504,0.1388
1120,382,1502,0.1388
1114,383,1497,0.1388
1115,380,1495,0.1388
1110,385,1495,0.1388
1114,388,1502,0.1388
1117,395,1512,0.1388
1133,402,1535,0.1388
1126,399,1525,0.1388
1126,400,1526,0.1388
1112,396,1508,0.1388
1113,387,1500,0.1388
1106,392,1498,0.1388
1095,397,1492,0.1388
1092,398,1490,0.1388
1097,402,1499,0.1388
1107,395,1502,0.1388
1107,399,1506,0.1388
1105,401,1506,0.1388
1107,399,1506,0.1388
1101,395,1496,0.1388
1098,395,1493,0.1388
1099,397,1496,0.1388
1099,402,1501,0.1388
1106,400,1506,0.1388
1100,401,1501,0.1388
1106,407,1513,0.1388
1090,408,1498,0.1388
1100,398,1498,0.1388
1105,401,1506,0.1388
1094,401,1495,0.1388
1079,401,1480,0.1388
1088,408,1496,0.1388
1079,404,1483,0.1388
1082,416,1498,0.1388
1085,410,1495,0.1388
1086,419,1505,0.1388
1086,418,1504,0.1388
1082,414,1496,0.1388
1077,404,1481,0.1388
1079,404,1483,0.1388
1077,404,1481,0.1388
1083,412,1495,0.1388
1092,413,1505,0.1388
1100,415,1515,0.1388
1104,416,1520,0.1388
1091,410,1501,0.1388
1108,407,1515,0.1388
1104,414,1518,0.1388
1083,409,1492,0.1388
1089,414,1503,0.1388
1083,406,1489,0.1388
1083,409,1492,0.1388
1086,416,1502,0.1388
1088,416,1504,0.1388
1079,409,1488,0.1388
1085,412,1497,0.1388
1083,421,1504,0.1388
1078,417,1495,0.1388
1081,411,1492,0.1388
1079,418,1497,0.1388
1081,424,1505,0.1388
1073,424,1497,0.1388
1081,421,1502,0.1388
1078,430,1508,0.1388
1067,423,1490,0.1388
1069,428,1497,0.1388
1076,428,1504,0.1388
1058,425,1483,0.1388
1051,432,1483,0.1388
1066,433,1499,0.1388
1068,430,1498,0.1388
1068,432,1500,0.1388
1067,426,1493,0.1388
1069,428,1497,0.1388
1070,421,1491,0.1388
1076,426,1502,0.1388
1073,428,1501,0.1388
1065,432,1497,0.1388
1062,431,1493,0.1388
1071,430,1501,0.1388
1068,424,1492,0.1388
1067,422,1489,0.1388
1073,426,1499,0.1388
1070,420,1490,0.1388
1071,418,1489,0.1388
1082,422,1504,0.1388
1077,425,1502,0.1388
1068,425,1493,0.1388
1065,434,1499,0.1388
1060,427,1487,0.1388
1065,421,1486,0.1388
1066,426,1492,0.1388
1069,423,1492,0.1388
1080,421,1501,0.1388
1075,420,1495,0.1388
1067,416,1483,0.1388
1063,416,1479,0.1388
1060,422,1482,0.1388
1062,422,1484,0.1388
1072,422,1494,0.1388
1068,424,1492,0.1388
1066,434,1500,0.1388
1072,434,1506,0.1388
1062,437,1499,0.1388
1051,440,1491,0.1388
1048,436,1484,0.1388
1049,441,1490,0.1388
1053,435,1488,0.1388
1052,431,1483,0.1388
1061,440,1501,0.1388
1058,442,1500,0.1388
1051,444,1495,0.1388
1062,443,1505,0.1388
1057,436,1493,0.1388
1048,438,1486,0.1388
1044,443,1487,0.1388
1033,449,1482,0.1388
1032,458,1490,0.1388
1040,464,1504,0.1388
1033,471,1504,0.1388
1032,475,1507,0.1388
1034,465,1499,0.1388
1033,467,1500,0.1388
1039,474,1513,0.1388
1044,467,1511,0.1388
1038,467,1505,0.1388
1026,464,1490,0.1388
1033,465,1498,0.1388
1034,470,1504,0.1388
1029,461,1490,0.1388
1044,463,1507,0.1388
1049,459,1508,0.1388
1043,462,1505,0.1388
1035,458,1493,0.1388
1040,459,1499,0.1388
1037,453,1490,0.1388
1047,456,1503,0.1388
1050,461,1511,0.1388
1039,462,1501,0.1388
1033,462,1495,0.1388
1035,469,1504,0.1388
1032,467,1499,0.1388
1036,466,1502,0.1388
1029,469,1498,0.1388
1028,473,1501,0.1388
1014,467,1481,0.1388
1026,469,1495,0.1388
1023,467,1490,0.1388
1014,468,1482,0.1388
1015,464,1479,0.1388
1011,468,1479,0.1388
1026,470,1496,0.1388
1018,481,1499,0.1388
1025,480,1505,0.1388
1026,478,1504,0.1388
1020,475,1495,0.1388
1019,473,1492,0.1388
1024,471,1495,0.1388
1023,470,1493,0.1388
1021,482,1503,0.1388
1015,485,1500,0.1388
1015,484,1499,0.1388
1022,482,1504,0.1388
1019,486,1505,0.1388
1023,487,1510,0.1388
1025,485,1510,0.1388
1014,489,1503,0.1388
1008,483,1491,0.1388
1020,488,1508,0.1388
1015,491,1506,0.1388
1019,486,1505,0.1388
1017,487,1504,0.1388
1011,485,1496,0.1388
1014,492,1506,0.1388
1029,488,1517,0.1388
1026,486,1512,0.1388
1024,488,1512,0.1388
1021,493,1514,0.1388
1022,492,1514,0.1388
1021,483,1504,0.1388
1031,480,1511,0.1388
1016,486,1502,0.1388
1019,485,1504,0.1388
1019,484,1503,0.1388
1016,494,1510,0.1388
1021,498,1519,0.1388
1022,499,1521,0.1388
1019,498,1517,0.1388
1024,494,1518,0.1388
1014,496,1510,0.1388
1022,500,1522,0.1388
1016,497,1513,0.1388
1012,490,1502,0.1388
1004,497,1501,0.1388
1007,495,1502,0.1388
1015,500,1515,0.1388
1018,502,1520,0.1388
1007,504,1511,0.1388
1003,505,1508,0.1388
995,503,1498,0.1388
995,504,1499,0.1388
1001,513,1514,0.1388
1003,512,1515,0.1388
999,516,1515,0.1388
991,504,1495,0.1388
992,515,1507,0.1388
976,518,1494,0.1388
980,530,1510,0.1388
977,531,1508,0.1388
967,529,1496,0.1388
961,531,1492,0.1388
962,541,1503,0.1388
959,537,1496,0.1388
947,527,1474,0.1388
950,532,1482,0.1388
959,536,1495,0.1388
957,542,1499,0.1388
964,543,1507,0.1388
963,551,1514,0.1388
964,557,1521,0.1388
959,555,1514,0.1388
951,551,1502,0.1388
955,552,1507,0.1388
963,548,1511,0.1388
951,548,1499,0.1388
954,548,1502,0.1388
946,553,1499,0.1388
940,557,1497,0.1388
942,552,1494,0.1388
934,558,1492,0.1388
937,556,1493,0.1388
940,552,1492,0.1388
950,557,1507,0.1388
951,555,1506,0.1388
950,550,1500,0.1388
954,545,1499,0.1388
953,545,1498,0.1388
952,552,1504,0.1388
947,550,1497,0.1388
957,540,1497,0.1388
955,549,1504,0.1388
950,553,1503,0.1388
950,554,1504,0.1388
965,553,1518,0.1388
947,551,1498,0.1388
946,555,1501,0.1388
945,555,1500,0.1388
953,554,1507,0.1388
953,555,1508,0.1388
954,561,1515,0.1388
960,553,1513,0.1388
959,551,1510,0.1388
953,554,1507,0.1388
944,562,1506,0.1388
950,554,1504,0.1388
937,552,1489,0.1388
938,563,1501,0.1388
940,557,1497,0.1388
942,555,1497,0.1388
938,563,1501,0.1388
936,565,1501,0.1388
948,561,1509,0.1388
943,553,1496,0.1388
941,563,1504,0.1388
939,571,1510,0.1388
941,565,1506,0.1388
944,568,1512,0.1388
928,561,1489,0.1388
925,567,1492,0.1388
933,575,1508,0.1388
930,577,1507,0.1388
923,582,1505,0.1388
924,585,1509,0.1388
921,582,1503,0.1388
908,583,1491,0.1388
904,591,1495,0.1388
904,598,1502,0.1388
906,594,1500,0.1388
914,591,1505,0.1388
922,590,1512,0.1388
930,591,1521,0.1388
929,591,1520,0.1388
918,588,1506,0.1388
916,600,1516,0.1388
906,598,1504,0.1388
908,590,1498,0.1388
907,597,1504,0.1388
906,601,1507,0.1388
901,608,1509,0.1388
892,601,1493,0.1388
889,610,1499,0.1388
890,615,1505,0.1388
882,620,1502,0.1388
890,619,1509,0.1388
884,619,1503,0.1388
893,615,1508,0.1388
888,611,1499,0.1388
885,609,1494,0.1388
877,615,1492,0.1388
875,628,1503,0.1388
874,634,1508,0.1388
866,637,1503,0.1388
871,629,1500,0.1388
874,629,1503,0.1388
872,633,1505,0.1388
873,631,1504,0.1388
875,634,1509,0.1388
879,627,1506,0.1388
881,636,1517,0.1388
875,625,1500,0.1388
876,633,1509,0.1388
871,636,1507,0.1388
875,632,1507,0.1388
873,629,1502,0.1388
872,632,1504,0.1388
870,641,1511,0.1388
870,634,1504,0.1388
868,636,1504,0.1388
867,641,1508,0.1388
875,640,1515,0.1388
864,645,1509,0.1388
862,643,1505,0.1388
857,639,1496,0.1388
859,644,1503,0.1388
852,640,1492,0.1388
864,640,1504,0.1388
860,646,1506,0.1388
847,650,1497,0.1388
850,651,1501,0.1388
844,652,1496,0.1388
843,643,1486,0.1388
838,658,1496,0.1388
845,659,1504,0.1388
848,662,1510,0.1388
837,660,1497,0.1388
823,658,1481,0.1388
836,667,1503,0.1388
838,675,1513,0.1388
845,668,1513,0.1388
845,677,1522,0.1388
846,669,1515,0.1388
849,675,1524,0.1388
851,674,1525,0.1388
847,677,1524,0.1388
840,677,1517,0.1388
841,679,1520,0.1388
845,675,1520,0.1388
851,675,1526,0.1388
834,676,1510,0.1388
827,681,1508,0.1388
819,685,1504,0.1388
829,677,1506,0.1388
821,687,1508,0.1388
821,692,1513,0.1388
823,683,1506,0.1388
825,680,1505,0.1388
824,678,1502,0.1388
817,681,1498,0.1388
811,695,1506,0.1388
809,686,1495,0.1388
812,692,1504,0.1388
812,684,1496,0.1388
821,687,1508,0.1388
823,693,1516,0.1388
825,687,1512,0.1388
825,680,1505,0.1388
823,681,1504,0.1388
825,674,1499,0.1388
822,681,1503,0.1388
824,691,1515,0.1388
818,692,1510,0.1388
806,693,1499,0.1388
811,691,1502,0.1388
801,690,1491,0.1388
795,699,1494,0.1388
804,693,1497,0.1388
810,691,1501,0.1388
804,696,1500,0.1388
801,702,1503,0.1388
796,703,1499,0.1388
795,712,1507,0.1388
791,703,1494,0.1388
784,710,1494,0.1388
783,711,1494,0.1388
775,714,1489,0.1388
771,719,1490,0.1388
762,724,1486,0.1388
768,731,1499,0.1388
774,725,1499,0.1388
772,728,1500,0.1388
775,725,1500,0.1388
771,721,1492,0.1388
782,724,1506,0.1388
782,727,1509,0.1388
782,732,1514,0.1388
780,738,1518,0.1388
780,737,1517,0.1388
771,732,1503,0.1388
779,739,1518,0.1388
775,739,1514,0.1388
781,744,1525,0.1388
787,742,1529,0.1388
783,741,1524,0.1388
783,733,1516,0.1388
778,719,1497,0.1388
769,729,1498,0.1388
760,733,1493,0.1388
763,738,1501,0.1388
758,738,1496,0.1388
748,741,1489,0.1388
752,739,1491,0.1388
764,736,1500,0.1388
768,726,1494,0.1388
770,729,1499,0.1388
782,722,1504,0.1388
781,721,1502,0.1388
782,728,1510,0.1388
778,729,1507,0.1388
775,723,1498,0.1388
780,724,1504,0.1388
782,729,1511,0.1388
779,730,1509,0.1388
777,731,1508,0.1388
790,718,1508,0.1388
790,718,1508,0.1388
784,729,1513,0.1388
780,731,1511,0.1388
778,722,1500,0.1388
771,735,1506,0.1388
777,732,1509,0.1388
781,734,1515,0.1388
773,733,1506,0.1388
772,732,1504,0.1388
777,738,1515,0.1388
770,733,1503,0.1388
777,734,1511,0.1388
780,724,1504,0.1388
782,731,1513,0.1388
789,740,1529,0.1388
790,735,1525,0.1388
786,732,1518,0.1388
780,733,1513,0.1388
764,735,1499,0.1388
758,735,1493,0.1388
748,745,1493,0.1388
740,754,1494,0.1388
740,757,1497,0.1388
743,761,1504,0.1388
739,767,1506,0.1388
739,779,1518,0.1388
749,778,1527,0.1388
746,782,1528,0.1388
746,774,1520,0.1388
740,775,1515,0.1388
741,777,1518,0.1388
752,774,1526,0.1388
746,774,1520,0.1388
737,765,1502,0.1388
738,765,1503,0.1388
738,772,1510,0.1388
744,766,1510,0.1388
743,759,1502,0.1388
744,756,1500,0.1388
738,753,1491,0.1388
751,756,1507,0.1388
750,758,1508,0.1388
747,767,1514,0.1388
741,766,1507,0.1388
738,766,1504,0.1388
740,768,1508,0.1388
731,777,1508,0.1388
739,780,1519,0.1388
741,776,1517,0.1388
748,770,1518,0.1388
734,765,1499,0.1388
724,751,1475,0.1388
720,758,1478,0.1388
730,776,1506,0.1388
739,769,1508,0.1388
735,766,1501,0.1388
730,761,1491,0.1388
734,770,1504,0.1388
734,773,1507,0.1388
736,757,1493,0.1388
731,776,1507,0.1388
727,773,1500,0.1388
741,777,1518,0.1388
736,777,1513,0.1388
736,766,1502,0.1388
738,766,1504,0.1388
734,774,1508,0.1388
741,770,1511,0.1388
747,779,1526,0.1388
739,769,1508,0.1388
737,771,1508,0.1388
737,766,1503,0.1388
733,763,1496,0.1388
733,774,1507,0.1388
729,774,1503,0.1388
730,773,1503,0.1388
722,778,1500,0.1388
727,790,1517,0.1388
726,798,1524,0.1388
725,792,1517,0.1388
720,784,1504,0.1388
717,789,1506,0.1388
715,791,1506,0.1388
713,797,1510,0.1388
708,785,1493,0.1388
707,790,1497,0.1388
704,807,1511,0.1388
710,800,1510,0.1388
697,807,1504,0.1388
693,815,1508,0.1388
683,813,1496,0.1388
681,817,1498,0.1388
674,825,1499,0.1388
682,827,1509,0.1388
673,832,1505,0.1388
678,834,1512,0.1388
673,841,1514,0.1388
673,835,1508,0.1388
678,840,1518,0.1388
677,842,1519,0.1388
673,833,1506,0.1388
667,837,1504,0.1388
665,828,1493,0.1388
660,837,1497,0.1388
656,849,1505,0.1388
661,846,1507,0.1388
653,852,1505,0.1388
649,859,1508,0.1388
647,859,1506,0.1388
655,857,1512,0.1388
657,857,1514,0.1388
650,860,1510,0.1388
649,871,1520,0.1388
641,870,1511,0.1388
631,874,1505,0.1388
632,872,1504,0.1388
623,882,1505,0.1388
633,868,1501,0.1388
633,869,1502,0.1388
637,877,1514,0.1388
642,867,1509,0.1388
640,872,1512,0.1388
639,876,1515,0.1388
630,871,1501,0.1388
636,866,1502,0.1388
641,873,1514,0.1388
644,875,1519,0.1388
638,867,1505,0.1388
641,869,1510,0.1388
649,858,1507,0.1388
647,865,1512,0.1388
653,861,1514,0.1388
662,864,1526,0.1388
657,873,1530,0.1388
644,873,1517,0.1388
645,876,1521,0.1388
645,879,1524,0.1388
640,881,1521,0.1388
643,872,1515,0.1388
639,873,1512,0.1388
633,889,1522,0.1388
626,886,1512,0.1388
621,886,1507,0.1388
612,883,1495,0.1388
615,898,1513,0.1388
619,911,1530,0.1388
615,902,1517,0.1388
609,893,1502,0.1388
608,900,1508,0.1388
616,898,1514,0.1388
619,894,1513,0.1388
616,896,1512,0.1388
617,899,1516,0.1388
615,901,1516,0.1388
621,907,1528,0.1388
607,907,1514,0.1388
613,911,1524,0.1388
601,908,1509,0.1388
595,905,1500,0.1388
596,905,1501,0.1388
599,916,1515,0.1388
591,917,1508,0.1388
595,932,1527,0.1388
590,923,1513,0.1388
586,925,1511,0.1388
586,925,1511,0.1388
586,922,1508,0.1388
584,927,1511,0.1388
584,922,1506,0.1388
582,930,1512,0.1388
576,928,1504,0.1388
573,929,1502,0.1388
576,936,1512,0.1388
574,938,1512,0.1388
567,942,1509,0.1388
572,949,1521,0.1388
580,934,1514,0.1388
568,937,1505,0.1388
571,938,1509,0.1388
570,947,1517,0.1388
566,954,1520,0.1388
565,944,1509,0.1388
559,940,1499,0.1388
559,942,1501,0.1388
563,939,1502,0.1388
559,938,1497,0.1388
559,942,1501,0.1388
551,953,1504,0.1388
545,943,1488,0.1388
548,946,1494,0.1388
551,955,1506,0.1388
549,961,1510,0.1388
552,962,1514,0.1388
549,972,1521,0.1388
544,962,1506,0.1388
542,964,1506,0.1388
541,974,1515,0.1388
547,979,1526,0.1388
537,980,1517,0.1388
535,984,1519,0.1388
541,983,1524,0.1388
538,987,1525,0.1388
540,979,1519,0.1388
546,981,1527,0.1388
541,978,1519,0.1388
528,973,1501,0.1388
529,980,1509,0.1388
530,977,1507,0.1388
529,969,1498,0.1388
534,975,1509,0.1388
535,972,1507,0.1388
533,977,1510,0.1388
533,973,1506,0.1388
533,972,1505,0.1388
530,965,1495,0.1388
525,965,1490,0.1388
524,975,1499,0.1388
536,984,1520,0.1388
533,979,1512,0.1388
529,984,1513,0.1388
522,993,1515,0.1388
511,995,1506,0.1388
513,993,1506,0.1388
516,1004,1520,0.1388
514,1001,1515,0.1388
512,1010,1522,0.1388
509,996,1505,0.1388
507,1002,1509,0.1388
506,1010,1516,0.1388
505,1006,1511,0.1388
511,1003,1514,0.1388
510,1000,1510,0.1388
510,994,1504,0.1388
504,1002,1506,0.1388
510,998,1508,0.1388
503,1005,1508,0.1388
504,1006,1510,0.1388
508,1003,1511,0.1388
516,995,1511,0.1388
515,1000,1515,0.1388
517,991,1508,0.1388
518,997,1515,0.1388
514,991,1505,0.1388
516,997,1513,0.1388
509,1004,1513,0.1388
504,1011,1515,0.1388
508,1014,1522,0.1388
505,1021,1526,0.1388
497,1015,1512,0.1388
494,1011,1505,0.1388
495,1013,1508,0.1388
496,1013,1509,0.1388
495,1010,1505,0.1388
495,1018,1513,0.1388
499,1023,1522,0.1388
502,1018,1520,0.1388
494,1017,1511,0.1388
486,1006,1492,0.1388
484,1004,1488,0.1388
493,1013,1506,0.1388
498,1016,1514,0.1388
492,1013,1505,0.1388
484,1007,1491,0.1388
485,1011,1496,0.1388
487,1028,1515,0.1388
487,1037,1524,0.1388
487,1031,1518,0.1388
488,1040,1528,0.1388
479,1034,1513,0.1388
482,1032,1514,0.1388
482,1029,1511,0.1388
485,1037,1522,0.1388
474,1038,1512,0.1388
480,1047,1527,0.1388
470,1048,1518,0.1388
466,1045,1511,0.1388
460,1045,1505,0.1388
459,1046,1505,0.1388
468,1051,1519,0.1388
464,1055,1519,0.1388
462,1050,1512,0.1388
457,1060,1517,0.1388
457,1058,1515,0.1388
459,1056,1515,0.1388
453,1050,1503,0.1388
448,1041,1489,0.1388
453,1047,1500,0.1388
446,1047,1493,0.1388
439,1056,1495,0.1388
437,1061,1498,0.1388
446,1063,1509,0.1388
447,1060,1507,0.1388
441,1058,1499,0.1388
443,1063,1506,0.1388
447,1063,1510,0.1388
449,1063,1512,0.1388
448,1059,1507,0.1388
446,1058,1504,0.1388
439,1070,1509,0.1388
429,1071,1500,0.1388
430,1066,1496,0.1388
432,1067,1499,0.1388
427,1069,1496,0.1388
438,1076,1514,0.1388
432,1077,1509,0.1388
426,1069,1495,0.1388
430,1058,1488,0.1388
421,1055,1476,0.1388
425,1067,1492,0.1388
431,1071,1502,0.1388
438,1063,1501,0.1388
441,1081,1522,0.1388
436,1082,1518,0.1388
434,1086,1520,0.1388
435,1075,1510,0.1388
435,1086,1521,0.1388
443,1078,1521,0.1388
433,1072,1505,0.1388
425,1070,1495,0.1388
426,1073,1499,0.1388
422,1083,1505,0.1388
429,1078,1507,0.1388
426,1072,1498,0.1388
428,1073,1501,0.1388
423,1077,1500,0.1388
415,1087,1502,0.1388
411,1099,1510,0.1388
417,1107,1524,0.1388
418,1087,1505,0.1388
420,1090,1510,0.1388
424,1088,1512,0.1388
418,1082,1500,0.1388
416,1088,1504,0.1388
419,1090,1509,0.1388
425,1089,1514,0.1388
424,1087,1511,0.1388
427,1085,1512,0.1388
427,1089,1516,0.1388
433,1094,1527,0.1388
435,1085,1520,0.1388
427,1100,1527,0.1388
426,1098,1524,0.1388
422,1104,1526,0.1388
421,1101,1522,0.1388
423,1106,1529,0.1388
425,1091,1516,0.1388
422,1090,1512,0.1388
414,1088,1502,0.1388
412,1092,1504,0.1388
412,1097,1509,0.1388
410,1101,1511,0.1388
410,1116,1526,0.1388
408,1116,1524,0.1388
412,1105,1517,0.1388
413,1107,1520,0.1388
415,1106,1521,0.1388
406,1102,1508,0.1388
404,1104,1508,0.1388
402,1116,1518,0.1388
405,1119,1524,0.1388
405,1116,1521,0.1388
406,1108,1514,0.1388
399,1103,1502,0.1388
397,1107,1504,0.1388
399,1122,1521,0.1388
398,1122,1520,0.1388
402,1121,1523,0.1388
401,1105,1506,0.1388
394,1095,1489,0.1388
391,1096,1487,0.1388
396,1100,1496,0.1388
393,1104,1497,0.1388
394,1116,1510,0.1388
396,1119,1515,0.1388
395,1110,1505,0.1388
398,1109,1507,0.1388
398,1116,1514,0.1388
400,1124,1524,0.1388
396,1127,1523,0.1388
395,1115,1510,0.1388
394,1111,1505,0.1388
384,1124,1508,0.1388
389,1121,1510,0.1388
379,1118,1497,0.1388
381,1119,1500,0.1388
373,1125,1498,0.1388
376,1130,1506,0.1388
378,1125,1503,0.1388
382,1122,1504,0.1388
377,1126,1503,0.1388
375,1124,1499,0.1388
372,1124,1496,0.1388
377,1124,1501,0.1388
379,1122,1501,0.1388
375,1122,1497,0.1388
372,1117,1489,0.1388
377,1124,1501,0.1388
378,1130,1508,0.1388
383,1136,1519,0.1388
383,1133,1516,0.1388
388,1126,1514,0.1388
381,1122,1503,0.1388
379,1119,1498,0.1388
376,1124,1500,0.1388
383,1126,1509,0.1388
382,1125,1507,0.1388
374,1131,1505,0.1388
367,1128,1495,0.1388
375,1111,1486,0.1388
377,1114,1491,0.1388
372,1120,1492,0.1388
372,1127,1499,0.1388
376,1137,1513,0.1388
368,1127,1495,0.1388
370,1121,1491,0.1388
368,1128,1496,0.1388
365,1141,1506,0.1388
371,1146,1517,0.1388
375,1140,1515,0.1388
375,1144,1519,0.1388
374,1145,1519,0.1388
375,1149,1524,0.1388
368,1156,1524,0.1388
370,1151,1521,0.1388
373,1138,1511,0.1388
376,1137,1513,0.1388
368,1131,1499,0.1388
374,1137,1511,0.1388
373,1144,1517,0.1388
373,1145,1518,0.1388
374,1141,1515,0.1388
374,1140,1514,0.1388
368,1134,1502,0.1388
374,1151,1525,0.1388
369,1150,1519,0.1388
370,1139,1509,0.1388
365,1144,1509,0.1388
364,1160,1524,0.1388
363,1151,1514,0.1388
366,1145,1511,0.1388
367,1141,1508,0.1388
367,1141,1508,0.1388
364,1152,1516,0.1388
365,1161,1526,0.1388
375,1141,1516,0.1388
374,1140,1514,0.1388
372,1141,1513,0.1388
370,1143,1513,0.1388
371,1155,1526,0.1388
360,1162,1522,0.1388
363,1166,1529,0.1388
362,1144,1506,0.1388
364,1143,1507,0.1388
364,1144,1508,0.1388
361,1150,1511,0.1388
364,1143,1507,0.1388
362,1141,1503,0.1388
358,1149,1507,0.1388
354,1140,1494,0.1388
349,1135,1484,0.1388
347,1144,1491,0.1388
347,1151,1498,0.1388
350,1150,1500,0.1388
355,1146,1501,0.1388
360,1160,1520,0.1388
360,1144,1504,0.1388
353,1142,1495,0.1388
351,1133,1484,0.1388
354,1136,1490,0.1388
354,1136,1490,0.1388
351,1154,1505,0.1388
351,1154,1505,0.1388
348,1169,1517,0.1388
350,1156,1506,0.1388
346,1159,1505,0.1388
341,1152,1493,0.1388
342,1160,1502,0.1388
348,1157,1505,0.1388
350,1152,1502,0.1388
351,1163,1514,0.1388
353,1161,1514,0.1388
347,1164,1511,0.1388
347,1159,1506,0.1388
352,1167,1519,0.1388
351,1166,1517,0.1388
345,1167,1512,0.1388
346,1170,1516,0.1388
345,1175,1520,0.1388
346,1180,1526,0.1388
349,1160,1509,0.1388
350,1166,1516,0.1388
347,1178,1525,0.1388
342,1184,1526,0.1388
334,1185,1519,0.1388
335,1185,1520,0.1388
333,1183,1516,0.1388
341,1169,1510,0.1388
339,1157,1496,0.1388
334,1153,1487,0.1388
332,1162,1494,0.1388
336,1157,1493,0.1388
341,1178,1519,0.1388
337,1174,1511,0.1388
333,1185,1518,0.1388
333,1180,1513,0.1388
334,1169,1503,0.1388
336,1154,1490,0.1388
341,1179,1520,0.1388
341,1178,1519,0.1388
335,1175,1510,0.1388
337,1171,1508,0.1388
338,1172,1510,0.1388
334,1186,1520,0.1388
331,1178,1509,0.1388
329,1190,1519,0.1388
329,1180,1509,0.1388
334,1182,1516,0.1388
328,1179,1507,0.1388
328,1181,1509,0.1388
331,1177,1508,0.1388
328,1184,1512,0.1388
323,1197,1520,0.1388
317,1185,1502,0.1388
322,1190,1512,0.1388
315,1189,1504,0.1388
314,1182,1496,0.1388
319,1193,1512,0.1388
322,1197,1519,0.1388
317,1205,1522,0.1388
315,1191,1506,0.1388
319,1217,1536,0.1388
317,1213,1530,0.1388
314,1212,1526,0.1388
313,1217,1530,0.1388
310,1222,1532,0.1388
308,1211,1519,0.1388
312,1220,1532,0.1388
304,1213,1517,0.1388
303,1218,1521,0.1388
308,1189,1497,0.1388
308,1200,1508,0.1388
310,1198,1508,0.1388
303,1197,1500,0.1388
300,1198,1498,0.1388
295,1206,1501,0.1388
299,1221,1520,0.1388
292,1215,1507,0.1388
290,1217,1507,0.1388
290,1224,1514,0.1388
287,1221,1508,0.1388
285,1230,1515,0.1388
283,1246,1529,0.1388
280,1238,1518,0.1388
285,1237,1522,0.1388
284,1231,1515,0.1388
287,1235,1522,0.1388
293,1229,1522,0.1388
291,1237,1528,0.1388
289,1241,1530,0.1388
285,1249,1534,0.1388
283,1246,1529,0.1388
283,1235,1518,0.1388
278,1241,1519,0.1388
274,1245,1519,0.1388
278,1245,1523,0.1388
279,1238,1517,0.1388
279,1237,1516,0.1388
272,1240,1512,0.1388
272,1241,1513,0.1388
269,1239,1508,0.1388
266,1237,1503,0.1388
268,1239,1507,0.1388
264,1244,1508,0.1388
263,1232,1495,0.1388
266,1241,1507,0.1388
265,1247,1512,0.1388
261,1241,1502,0.1388
266,1242,1508,0.1388
267,1237,1504,0.1388
271,1245,1516,0.1388
268,1230,1498,0.1388
266,1228,1494,0.1388
271,1239,1510,0.1388
269,1229,1498,0.1388
273,1245,1518,0.1388
264,1241,1505,0.1388
265,1245,1510,0.1388
261,1250,1511,0.1388
257,1258,1515,0.1388
261,1258,1519,0.1388
258,1251,1509,0.1388
263,1246,1509,0.1388
264,1252,1516,0.1388
265,1253,1518,0.1388
261,1252,1513,0.1388
260,1251,1511,0.1388
262,1249,1511,0.1388
264,1249,1513,0.1388
265,1249,1514,0.1388
268,1252,1520,0.1388
267,1261,1528,0.1388
268,1265,1533,0.1388
267,1257,1524,0.1388
268,1253,1521,0.1388
266,1247,1513,0.1388
267,1249,1516,0.1388
268,1251,1519,0.1388
263,1252,1515,0.1388
263,1248,1511,0.1388
264,1240,1504,0.1388
266,1242,1508,0.1388
256,1238,1494,0.1388
259,1252,1511,0.1388
261,1243,1504,0.1388
262,1250,1512,0.1388
267,1248,1515,0.1388
274,1242,1516,0.1388
270,1241,1511,0.1388
269,1256,1525,0.1388
272,1260,1532,0.1388
271,1247,1518,0.1388
271,1248,1519,0.1388
275,1244,1519,0.1388
274,1244,1518,0.1388
276,1242,1518,0.1388
280,1248,1528,0.1388
279,1246,1525,0.1388
275,1254,1529,0.1388
269,1264,1533,0.1388
272,1256,1528,0.1388
272,1257,1529,0.1388
267,1253,1520,0.1388
266,1248,1514,0.1388
262,1246,1508,0.1388
259,1258,1517,0.1388
261,1262,1523,0.1388
261,1243,1504,0.1388
262,1254,1516,0.1388
253,1249,1502,0.1388
254,1251,1505,0.1388
254,1248,1502,0.1388
259,1249,1508,0.1388
258,1249,1507,0.1388
259,1251,1510,0.1388
261,1254,1515,0.1388
259,1255,1514,0.1388
262,1253,1515,0.1388
262,1249,1511,0.1388
263,1244,1507,0.1388
261,1252,1513,0.1388
263,1256,1519,0.1388
264,1258,1522,0.1388
259,1251,1510,0.1388
258,1250,1508,0.1388
259,1259,1518,0.1388
259,1258,1517,0.1388
259,1251,1510,0.1388
260,1262,1522,0.1388
258,1268,1526,0.1388
251,1256,1507,0.1388
249,1248,1497,0.1388
246,1257,1503,0.1388
247,1263,1510,0.1388
246,1272,1518,0.1388
243,1266,1509,0.1388
251,1268,1519,0.1388
249,1264,1513,0.1388
252,1265,1517,0.1388
249,1263,1512,0.1388
247,1270,1517,0.1388
248,1272,1520,0.1388
247,1279,1526,0.1388
248,1276,1524,0.1388
245,1282,1527,0.1388
241,1294,1535,0.1388
242,1285,1527,0.1388
242,1279,1521,0.1388
239,1282,1521,0.1388
236,1277,1513,0.1388
236,1275,1511,0.1388
235,1266,1501,0.1388
234,1276,1510,0.1388
230,1290,1520,0.1388
226,1280,1506,0.1388
226,1266,1492,0.1388
228,1279,1507,0.1388
227,1292,1519,0.1388
225,1288,1513,0.1388
223,1291,1514,0.1388
224,1295,1519,0.1388
228,1302,1530,0.1388
222,1298,1520,0.1388
221,1281,1502,0.1388
226,1290,1516,0.1388
226,1308,1534,0.1388
221,1310,1531,0.1388
222,1297,1519,0.1388
223,1301,1524,0.1388
221,1298,1519,0.1388
226,1290,1516,0.1388
222,1293,1515,0.1388
223,1298,1521,0.1388
225,1298,1523,0.1388
218,1298,1516,0.1388
215,1302,1517,0.1388
217,1303,1520,0.1388
215,1291,1506,0.1388
212,1303,1515,0.1388
208,1308,1516,0.1388
210,1289,1499,0.1388
216,1294,1510,0.1388
215,1295,1510,0.1388
209,1297,1506,0.1388
209,1302,1511,0.1388
210,1300,1510,0.1388
208,1314,1522,0.1388
212,1306,1518,0.1388
207,1311,1518,0.1388
208,1299,1507,0.1388
210,1297,1507,0.1388
214,1315,1529,0.1388
203,1307,1510,0.1388
205,1303,1508,0.1388
212,1293,1505,0.1388
216,1306,1522,0.1388
217,1307,1524,0.1388
222,1292,1514,0.1388
220,1308,1528,0.1388
218,1297,1515,0.1388
220,1294,1514,0.1388
222,1283,1505,0.1388
224,1290,1514,0.1388
226,1297,1523,0.1388
227,1288,1515,0.1388
229,1285,1514,0.1388
228,1291,1519,0.1388
222,1289,1511,0.1388
220,1291,1511,0.1388
218,1295,1513,0.1388
219,1290,1509,0.1388
220,1310,1530,0.1388
221,1304,1525,0.1388
221,1288,1509,0.1388
223,1297,1520,0.1388
219,1313,1532,0.1388
219,1294,1513,0.1388
216,1279,1495,0.1388
222,1283,1505,0.1388
216,1304,1520,0.1388
217,1295,1512,0.1388
220,1290,1510,0.1388
221,1299,1520,0.1388
219,1290,1509,0.1388
224,1292,1516,0.1388
224,1285,1509,0.1388
224,1285,1509,0.1388
226,1292,1518,0.1388
222,1289,1511,0.1388
224,1283,1507,0.1388
226,1279,1505,0.1388
226,1277,1503,0.1388
228,1282,1510,0.1388
231,1279,1510,0.1388
224,1280,1504,0.1388
219,1291,1510,0.1388
222,1288,1510,0.1388
225,1302,1527,0.1388
223,1295,1518,0.1388
218,1290,1508,0.1388
218,1292,1510,0.1388
220,1295,1515,0.1388
220,1298,1518,0.1388
219,1295,1514,0.1388
221,1302,1523,0.1388
219,1296,1515,0.1388
218,1282,1500,0.1388
220,1288,1508,0.1388
217,1289,1506,0.1388
213,1280,1493,0.1388
214,1291,1505,0.1388
216,1302,1518,0.1388
216,1292,1508,0.1388
216,1289,1505,0.1388
214,1297,1511,0.1388
215,1300,1515,0.1388
214,1303,1517,0.1388
216,1314,1530,0.1388
214,1315,1529,0.1388
217,1314,1531,0.1388
217,1304,1521,0.1388
215,1316,1531,0.1388
215,1309,1524,0.1388
219,1295,1514,0.1388
217,1288,1505,0.1388
213,1290,1503,0.1388
212,1294,1506,0.1388
210,1309,1519,0.1388
213,1316,1529,0.1388
213,1311,1524,0.1388
205,1296,1501,0.1388
207,1300,1507,0.1388
208,1316,1524,0.1388
204,1317,1521,0.1388
210,1306,1516,0.1388
207,1308,1515,0.1388
203,1301,1504,0.1388
204,1305,1509,0.1388
210,1293,1503,0.1388
208,1287,1495,0.1388
202,1286,1488,0.1388
206,1291,1497,0.1388
203,1291,1494,0.1388
201,1308,1509,0.1388
202,1303,1505,0.1388
203,1320,1523,0.1388
204,1319,1523,0.1388
206,1310,1516,0.1388
209,1300,1509,0.1388
207,1306,1513,0.1388
203,1305,1508,0.1388
205,1298,1503,0.1388
202,1301,1503,0.1388
206,1311,1517,0.1388
204,1325,1529,0.1388
202,1319,1521,0.1388
203,1314,1517,0.1388
206,1314,1520,0.1388
203,1310,1513,0.1388
201,1303,1504,0.1388
203,1312,1515,0.1388
200,1310,1510,0.1388
201,1302,1503,0.1388
204,1304,1508,0.1388
202,1303,1505,0.1388
201,1304,1505,0.1388
198,1301,1499,0.1388
195,1313,1508,0.1388
194,1320,1514,0.1388
195,1319,1514,0.1388
197,1337,1534,0.1388
199,1327,1526,0.1388
202,1319,1521,0.1388
197,1313,1510,0.1388
200,1305,1505,0.1388
199,1317,1516,0.1388
196,1299,1495,0.1388
193,1311,1504,0.1388
193,1312,1505,0.1388
194,1313,1507,0.1388
192,1314,1506,0.1388
194,1310,1504,0.1388
193,1326,1519,0.1388
191,1321,1512,0.1388
188,1322,1510,0.1388
187,1316,1503,0.1388
186,1318,1504,0.1388
187,1317,1504,0.1388
188,1323,1511,0.1388
191,1317,1508,0.1388
190,1324,1514,0.1388
191,1335,1526,0.1388
190,1339,1529,0.1388
190,1338,1528,0.1388
187,1341,1528,0.1388
186,1337,1523,0.1388
189,1344,1533,0.1388
189,1341,1530,0.1388
189,1337,1526,0.1388
187,1324,1511,0.1388
186,1327,1513,0.1388
186,1332,1518,0.1388
182,1337,1519,0.1388
186,1339,1525,0.1388
183,1332,1515,0.1388
185,1323,1508,0.1388
182,1341,1523,0.1388
186,1346,1532,0.1388
188,1338,1526,0.1388
185,1334,1519,0.1388
180,1333,1513,0.1388
182,1337,1519,0.1388
187,1331,1518,0.1388
187,1324,1511,0.1388
188,1310,1498,0.1388
185,1318,1503,0.1388
187,1328,1515,0.1388
183,1332,1515,0.1388
182,1332,1514,0.1388
184,1343,1527,0.1388
181,1339,1520,0.1388
175,1329,1504,0.1388
184,1326,1510,0.1388
182,1323,1505,0.1388
182,1324,1506,0.1388
178,1321,1499,0.1388
181,1322,1503,0.1388
182,1330,1512,0.1388
182,1334,1516,0.1388
182,1337,1519,0.1388
179,1329,1508,0.1388
176,1322,1498,0.1388
181,1322,1503,0.1388
180,1313,1493,0.1388
179,1326,1505,0.1388
177,1331,1508,0.1388
181,1335,1516,0.1388
182,1337,1519,0.1388
186,1336,1522,0.1388
185,1345,1530,0.1388
183,1344,1527,0.1388
185,1336,1521,0.1388
185,1331,1516,0.1388
183,1333,1516,0.1388
179,1339,1518,0.1388
180,1329,1509,0.1388
184,1329,1513,0.1388
182,1330,1512,0.1388
179,1330,1509,0.1388
181,1335,1516,0.1388
178,1342,1520,0.1388
174,1352,1526,0.1388
174,1336,1510,0.1388
179,1339,1518,0.1388
174,1336,1510,0.1388
181,1340,1521,0.1388
182,1338,1520,0.1388
181,1322,1503,0.1388
183,1322,1505,0.1388
180,1335,1515,0.1388
180,1330,1510,0.1388
178,1332,1510,0.1388
174,1338,1512,0.1388
175,1323,1498,0.1388
172,1334,1506,0.1388
168,1332,1500,0.1388
169,1333,1502,0.1388
167,1341,1508,0.1388
173,1345,1518,0.1388
171,1346,1517,0.1388
169,1337,1506,0.1388
168,1354,1522,0.1388
165,1339,1504,0.1388
167,1343,1510,0.1388
170,1336,1506,0.1388
168,1342,1510,0.1388
168,1344,1512,0.1388
166,1346,1512,0.1388
166,1347,1513,0.1388
165,1346,1511,0.1388
167,1356,1523,0.1388
159,1356,1515,0.1388
159,1359,1518,0.1388
160,1350,1510,0.1388
163,1340,1503,0.1388
163,1352,1515,0.1388
164,1351,1515,0.1388
160,1346,1506,0.1388
161,1357,1518,0.1388
157,1350,1507,0.1388
158,1339,1497,0.1388
161,1343,1504,0.1388
159,1340,1499,0.1388
157,1339,1496,0.1388
159,1335,1494,0.1388
158,1337,1495,0.1388
158,1331,1489,0.1388
158,1344,1502,0.1388
158,1339,1497,0.1388
157,1337,1494,0.1388
159,1349,1508,0.1388
157,1364,1521,0.1388
157,1366,1523,0.1388
159,1350,1509,0.1388
157,1352,1509,0.1388
156,1352,1508,0.1388
154,1353,1507,0.1388
155,1362,1517,0.1388
153,1366,1519,0.1388
153,1368,1521,0.1388
148,1362,1510,0.1388
146,1372,1518,0.1388
141,1366,1507,0.1388
138,1360,1498,0.1388
141,1365,1506,0.1388
142,1358,1500,0.1388
142,1355,1497,0.1388
140,1365,1505,0.1388
141,1375,1516,0.1388
141,1385,1526,0.1388
146,1385,1531,0.1388
144,1386,1530,0.1388
145,1388,1533,0.1388
148,1375,1523,0.1388
147,1369,1516,0.1388
145,1371,1516,0.1388
146,1363,1509,0.1388
151,1361,1512,0.1388
150,1366,1516,0.1388
149,1367,1516,0.1388
148,1369,1517,0.1388
155,1361,1516,0.1388
152,1374,1526,0.1388
150,1366,1516,0.1388
148,1377,1525,0.1388
150,1373,1523,0.1388
148,1369,1517,0.1388
151,1368,1519,0.1388
148,1357,1505,0.1388
147,1341,1488,0.1388
148,1347,1495,0.1388
149,1352,1501,0.1388
147,1359,1506,0.1388
144,1369,1513,0.1388
142,1360,1502,0.1388
147,1358,1505,0.1388
149,1354,1503,0.1388
147,1360,1507,0.1388
150,1373,1523,0.1388
152,1369,1521,0.1388
151,1373,1524,0.1388
149,1367,1516,0.1388
152,1378,1530,0.1388
146,1373,1519,0.1388
147,1361,1508,0.1388
149,1369,1518,0.1388
149,1360,1509,0.1388
148,1353,1501,0.1388
151,1345,1496,0.1388
152,1347,1499,0.1388
149,1347,1496,0.1388
150,1346,1496,0.1388
149,1360,1509,0.1388
154,1351,1505,0.1388
154,1366,1520,0.1388
155,1358,1513,0.1388
154,1363,1517,0.1388
158,1361,1519,0.1388
156,1350,1506,0.1388
157,1362,1519,0.1388
156,1359,1515,0.1388
158,1369,1527,0.1388
157,1365,1522,0.1388
155,1348,1503,0.1388
155,1360,1515,0.1388
157,1364,1521,0.1388
154,1364,1518,0.1388
152,1371,1523,0.1388
154,1374,1528,0.1388
148,1366,1514,0.1388
150,1366,1516,0.1388
144,1371,1515,0.1388
144,1376,1520,0.1388
144,1371,1515,0.1388
146,1376,1522,0.1388
145,1370,1515,0.1388
147,1362,1509,0.1388
147,1357,1504,0.1388
145,1363,1508,0.1388
144,1365,1509,0.1388
145,1353,1498,0.1388
141,1367,1508,0.1388
141,1377,1518,0.1388
140,1380,1520,0.1388
141,1380,1521,0.1388
141,1376,1517,0.1388
139,1381,1520,0.1388
135,1380,1515,0.1388
133,1383,1516,0.1388
134,1385,1519,0.1388
132,1384,1516,0.1388
131,1385,1516,0.1388
129,1394,1523,0.1388
129,1392,1521,0.1388
130,1387,1517,0.1388
129,1388,1517,0.1388
126,1388,1514,0.1388
124,1386,1510,0.1388
120,1380,1500,0.1388
124,1381,1505,0.1388
127,1378,1505,0.1388
130,1390,1520,0.1388
133,1390,1523,0.1388
133,1384,1517,0.1388
134,1382,1516,0.1388
134,1387,1521,0.1388
137,1376,1513,0.1388
134,1379,1513,0.1388
131,1385,1516,0.1388
132,1377,1509,0.1388
134,1369,1503,0.1388
134,1382,1516,0.1388
133,1381,1514,0.1388
131,1386,1517,0.1388
131,1383,1514,0.1388
133,1388,1521,0.1388
136,1386,1522,0.1388
136,1391,1527,0.1388
135,1384,1519,0.1388
135,1376,1511,0.1388
135,1384,1519,0.1388
132,1377,1509,0.1388
129,1388,1517,0.1388
126,1387,1513,0.1388
127,1392,1519,0.1388
127,1399,1526,0.1388
133,1394,1527,0.1388
135,1389,1524,0.1388
135,1388,1523,0.1388
134,1379,1513,0.1388
132,1389,1521,0.1388
130,1396,1526,0.1388
128,1395,1523,0.1388
129,1393,1522,0.1388
130,1396,1526,0.1388
129,1382,1511,0.1388
133,1391,1524,0.1388
134,1383,1517,0.1388
135,1368,1503,0.1388
132,1381,1513,0.1388
131,1374,1505,0.1388
129,1386,1515,0.1388
132,1386,1518,0.1388
130,1377,1507,0.1388
131,1387,1518,0.1388
131,1387,1518,0.1388
127,1398,1525,0.1388
128,1398,1526,0.1388
130,1401,1531,0.1388
126,1403,1529,0.1388
124,1394,1518,0.1388
121,1386,1507,0.1388
124,1387,1511,0.1388
126,1386,1512,0.1388
129,1394,1523,0.1388
128,1386,1514,0.1388
129,1396,1525,0.1388
128,1393,1521,0.1388
129,1391,1520,0.1388
129,1402,1531,0.1388
126,1400,1526,0.1388
120,1376,1496,0.1388
119,1371,1490,0.1388
119,1383,1502,0.1388
118,1379,1497,0.1388
121,1385,1506,0.1388
116,1394,1510,0.1388
119,1394,1513,0.1388
120,1390,1510,0.1388
122,1388,1510,0.1388
122,1392,1514,0.1388
121,1396,1517,0.1388
121,1388,1509,0.1388
123,1390,1513,0.1388
125,1381,1506,0.1388
122,1381,1503,0.1388
123,1389,1512,0.1388
124,1400,1524,0.1388
120,1399,1519,0.1388
123,1404,1527,0.1388
123,1389,1512,0.1388
121,1399,1520,0.1388
119,1391,1510,0.1388
124,1394,1518,0.1388
121,1376,1497,0.1388
120,1390,1510,0.1388
118,1396,1514,0.1388
116,1409,1525,0.1388
116,1410,1526,0.1388
112,1387,1499,0.1388
111,1396,1507,0.1388
113,1397,1510,0.1388
111,1407,1518,0.1388
108,1414,1522,0.1388
109,1422,1531,0.1388
109,1414,1523,0.1388
110,1415,1525,0.1388
111,1402,1513,0.1388
113,1401,1514,0.1388
109,1394,1503,0.1388
110,1400,1510,0.1388
111,1397,1508,0.1388
114,1399,1513,0.1388
114,1404,1518,0.1388
111,1393,1504,0.1388
109,1405,1514,0.1388
105,1400,1505,0.1388
110,1410,1520,0.1388
110,1421,1531,0.1388
106,1415,1521,0.1388
105,1416,1521,0.1388
104,1408,1512,0.1388
105,1415,1520,0.1388
103,1414,1517,0.1388
104,1414,1518,0.1388
104,1405,1509,0.1388
102,1407,1509,0.1388
101,1407,1508,0.1388
104,1404,1508,0.1388
104,1413,1517,0.1388
105,1424,1529,0.1388
105,1415,1520,0.1388
105,1401,1506,0.1388
109,1398,1507,0.1388
108,1395,1503,0.1388
106,1409,1515,0.1388
105,1411,1516,0.1388
107,1416,1523,0.1388
109,1419,1528,0.1388
111,1423,1534,0.1388
107,1417,1524,0.1388
106,1420,1526,0.1388
102,1425,1527,0.1388
102,1414,1516,0.1388
103,1412,1515,0.1388
102,1409,1511,0.1388
100,1421,1521,0.1388
97,1414,1511,0.1388
97,1416,1513,0.1388
102,1410,1512,0.1388
103,1412,1515,0.1388
106,1415,1521,0.1388
108,1407,1515,0.1388
105,1417,1522,0.1388
108,1420,1528,0.1388
106,1415,1521,0.1388
107,1407,1514,0.1388
109,1407,1516,0.1388
105,1419,1524,0.1388
105,1420,1525,0.1388
107,1407,1514,0.1388
106,1416,1522,0.1388
107,1410,1517,0.1388
105,1415,1520,0.1388
103,1407,1510,0.1388
99,1417,1516,0.1388
95,1415,1510,0.1388
97,1413,1510,0.1388
102,1411,1513,0.1388
106,1413,1519,0.1388
107,1409,1516,0.1388
103,1417,1520,0.1388
108,1418,1526,0.1388
109,1422,1531,0.1388
109,1413,1522,0.1388
104,1426,1530,0.1388
107,1416,1523,0.1388
107,1411,1518,0.1388
107,1400,1507,0.1388
103,1402,1505,0.1388
105,1404,1509,0.1388
103,1401,1504,0.1388
104,1399,1503,0.1388
104,1415,1519,0.1388
103,1418,1521,0.1388
104,1420,1524,0.1388
102,1418,1520,0.1388
99,1411,1510,0.1388
97,1417,1514,0.1388
100,1404,1504,0.1388
101,1415,1516,0.1388
98,1417,1515,0.1388
102,1415,1517,0.1388
102,1417,1519,0.1388
102,1410,1512,0.1388
103,1414,1517,0.1388
104,1420,1524,0.1388
102,1430,1532,0.1388
102,1426,1528,0.1388
101,1415,1516,0.1388
98,1413,1511,0.1388
96,1406,1502,0.1388
101,1413,1514,0.1388
98,1423,1521,0.1388
98,1414,1512,0.1388
99,1415,1514,0.1388
99,1411,1510,0.1388
97,1424,1521,0.1388
96,1420,1516,0.1388
95,1428,1523,0.1388
95,1433,1528,0.1388
96,1419,1515,0.1388
97,1408,1505,0.1388
98,1411,1509,0.1388
99,1430,1529,0.1388
98,1423,1521,0.1388
97,1418,1515,0.1388
96,1415,1511,0.1388
96,1423,1519,0.1388
97,1430,1527,0.1388
98,1425,1523,0.1388
98,1419,1517,0.1388
92,1414,1506,0.1388
92,1407,1499,0.1388
93,1413,1506,0.1388
91,1426,1517,0.1388
90,1430,1520,0.1388
89,1428,1517,0.1388
90,1438,1528,0.1388
89,1422,1511,0.1388
91,1428,1519,0.1388
92,1419,1511,0.1388
94,1406,1500,0.1388
95,1431,1526,0.1388
94,1430,1524,0.1388
95,1423,1518,0.1388
98,1438,1536,0.1388
98,1430,1528,0.1388
94,1437,1531,0.1388
92,1434,1526,0.1388
94,1430,1524,0.1388
95,1419,1514,0.1388
96,1429,1525,0.1388
100,1435,1535,0.1388
98,1421,1519,0.1388
95,1435,1530,0.1388
94,1431,1525,0.1388
91,1431,1522,0.1388
91,1434,1525,0.1388
92,1427,1519,0.1388
87,1428,1515,0.1388
88,1425,1513,0.1388
88,1429,1517,0.1388
89,1432,1521,0.1388
91,1426,1517,0.1388
92,1419,1511,0.1388
92,1405,1497,0.1388
91,1393,1484,0.1388
87,1388,1475,0.1388
88,1401,1489,0.1388
90,1414,1504,0.1388
92,1415,1507,0.1388
93,1425,1518,0.1388
92,1435,1527,0.1388
92,1431,1523,0.1388
91,1428,1519,0.1388
91,1430,1521,0.1388
91,1422,1513,0.1388
93,1419,1512,0.1388
90,1414,1504,0.1388
89,1432,1521,0.1388
86,1437,1523,0.1388
89,1436,1525,0.1388
86,1434,1520,0.1388
89,1428,1517,0.1388
89,1433,1522,0.1388
90,1437,1527,0.1388
92,1450,1542,0.1388
91,1428,1519,0.1388
89,1419,1508,0.1388
90,1426,1516,0.1388
91,1430,1521,0.1388
93,1453,1546,0.1388
92,1463,1555,0.1388
91,1456,1547,0.1388
90,1456,1546,0.1388
91,1442,1533,0.1388
89,1437,1526,0.1388
90,1440,1530,0.1388
89,1443,1532,0.1388
91,1445,1536,0.1388
91,1425,1516,0.1388
93,1426,1519,0.1388
91,1427,1518,0.1388
90,1420,1510,0.1388
93,1428,1521,0.1388
94,1413,1507,0.1388
94,1421,1515,0.1388
94,1426,1520,0.1388
94,1417,1511,0.1388
90,1414,1504,0.1388
91,1407,1498,0.1388
92,1416,1508,0.1388
92,1418,1510,0.1388
94,1423,1517,0.1388
95,1432,1527,0.1388
94,1435,1529,0.1388
97,1415,1512,0.1388
98,1423,1521,0.1388
96,1418,1514,0.1388
98,1417,1515,0.1388
97,1417,1514,0.1388
97,1411,1508,0.1388
99,1419,1518,0.1388
104,1427,1531,0.1388
102,1421,1523,0.1388
101,1426,1527,0.1388
101,1425,1526,0.1388
100,1408,1508,0.1388
98,1420,1518,0.1388
92,1418,1510,0.1388
92,1423,1515,0.1388
90,1429,1519,0.1388
86,1429,1515,0.1388
86,1427,1513,0.1388
83,1424,1507,0.1388
85,1424,1509,0.1388
88,1418,1506,0.1388
87,1429,1516,0.1388
88,1431,1519,0.1388
87,1420,1507,0.1388
83,1418,1501,0.1388
83,1427,1510,0.1388
84,1428,1512,0.1388
84,1426,1510,0.1388
84,1439,1523,0.1388
80,1451,1531,0.1388
80,1430,1510,0.1388
80,1436,1516,0.1388
79,1443,1522,0.1388
80,1443,1523,0.1388
77,1440,1517,0.1388
75,1428,1503,0.1388
81,1437,1518,0.1388
82,1434,1516,0.1388
81,1437,1518,0.1388
81,1437,1518,0.1388
83,1438,1521,0.1388
83,1429,1512,0.1388
84,1429,1513,0.1388
84,1436,1520,0.1388
85,1426,1511,0.1388
85,1443,1528,0.1388
87,1449,1536,0.1388
84,1435,1519,0.1388
83,1440,1523,0.1388
81,1419,1500,0.1388
81,1421,1502,0.1388
77,1434,1511,0.1388
79,1437,1516,0.1388
76,1424,1500,0.1388
78,1427,1505,0.1388
73,1440,1513,0.1388
75,1439,1514,0.1388
74,1441,1515,0.1388
74,1455,1529,0.1388
76,1443,1519,0.1388
74,1443,1517,0.1388
76,1435,1511,0.1388
75,1439,1514,0.1388
71,1431,1502,0.1388
70,1444,1514,0.1388
74,1447,1521,0.1388
74,1452,1526,0.1388
75,1453,1528,0.1388
75,1457,1532,0.1388
72,1453,1525,0.1388
71,1439,1510,0.1388
69,1439,1508,0.1388
68,1448,1516,0.1388
67,1458,1525,0.1388
65,1457,1522,0.1388
69,1444,1513,0.1388
73,1444,1517,0.1388
74,1448,1522,0.1388
74,1442,1516,0.1388
69,1447,1516,0.1388
69,1443,1512,0.1388
73,1441,1514,0.1388
73,1445,1518,0.1388
72,1446,1518,0.1388
72,1443,1515,0.1388
71,1444,1515,0.1388
69,1436,1505,0.1388
67,1436,1503,0.1388
67,1451,1518,0.1388
68,1446,1514,0.1388
65,1445,1510,0.1388
62,1437,1499,0.1388
59,1437,1496,0.1388
60,1455,1515,0.1388
63,1452,1515,0.1388
64,1470,1534,0.1388
63,1473,1536,0.1388
66,1460,1526,0.1388
64,1450,1514,0.1388
64,1461,1525,0.1388
64,1461,1525,0.1388
64,1451,1515,0.1388
61,1456,1517,0.1388
63,1452,1515,0.1388
65,1452,1517,0.1388
68,1444,1512,0.1388
69,1449,1518,0.1388
66,1440,1506,0.1388
64,1437,1501,0.1388
63,1434,1497,0.1388
62,1429,1491,0.1388
62,1432,1494,0.1388
64,1439,1503,0.1388
64,1440,1504,0.1388
63,1447,1510,0.1388
67,1459,1526,0.1388
68,1465,1533,0.1388
65,1461,1526,0.1388
66,1459,1525,0.1388
67,1465,1532,0.1388
67,1461,1528,0.1388
66,1456,1522,0.1388
65,1453,1518,0.1388
67,1446,1513,0.1388
67,1452,1519,0.1388
63,1441,1504,0.1388
64,1444,1508,0.1388
65,1458,1523,0.1388
66,1450,1516,0.1388
66,1446,1512,0.1388
65,1442,1507,0.1388
65,1441,1506,0.1388
69,1457,1526,0.1388
71,1449,1520,0.1388
72,1444,1516,0.1388
72,1447,1519,0.1388
74,1443,1517,0.1388
73,1436,1509,0.1388
74,1438,1512,0.1388
74,1441,1515,0.1388
74,1431,1505,0.1388
72,1428,1500,0.1388
71,1444,1515,0.1388
74,1447,1521,0.1388
71,1448,1519,0.1388
72,1450,1522,0.1388
72,1446,1518,0.1388
74,1436,1510,0.1388
74,1439,1513,0.1388
74,1434,1508,0.1388
74,1441,1515,0.1388
74,1441,1515,0.1388
75,1452,1527,0.1388
75,1437,1512,0.1388
74,1429,1503,0.1388
71,1435,1506,0.1388
70,1432,1502,0.1388
71,1437,1508,0.1388
71,1449,1520,0.1388
73,1447,1520,0.1388
72,1442,1514,0.1388
72,1438,1510,0.1388
76,1433,1509,0.1388
72,1425,1497,0.1388
69,1431,1500,0.1388
69,1428,1497,0.1388
68,1425,1493,0.1388
69,1419,1488,0.1388
72,1429,1501,0.1388
71,1425,1496,0.1388
72,1429,1501,0.1388
72,1440,1512,0.1388
72,1443,1515,0.1388
70,1457,1527,0.1388
71,1451,1522,0.1388
71,1450,1521,0.1388
73,1442,1515,0.1388
72,1442,1514,0.1388
73,1441,1514,0.1388
70,1449,1519,0.1388
71,1447,1518,0.1388
71,1442,1513,0.1388
70,1439,1509,0.1388
68,1446,1514,0.1388
66,1446,1512,0.1388
65,1451,1516,0.1388
63,1458,1521,0.1388
62,1455,1517,0.1388
63,1456,1519,0.1388
64,1458,1522,0.1388
63,1451,1514,0.1388
57,1447,1504,0.1388
57,1454,1511,0.1388
55,1467,1522,0.1388
56,1468,1524,0.1388
55,1454,1509,0.1388
60,1447,1507,0.1388
63,1465,1528,0.1388
62,1470,1532,0.1388
62,1464,1526,0.1388
62,1455,1517,0.1388
59,1463,1522,0.1388
58,1470,1528,0.1388
56,1472,1528,0.1388
57,1476,1533,0.1388
54,1464,1518,0.1388
57,1473,1530,0.1388
59,1478,1537,0.1388
60,1472,1532,0.1388
59,1479,1538,0.1388
59,1478,1537,0.1388
59,1471,1530,0.1388
58,1457,1515,0.1388
58,1451,1509,0.1388
57,1444,1501,0.1388
59,1447,1506,0.1388
59,1461,1520,0.1388
59,1471,1530,0.1388
58,1478,1536,0.1388
59,1458,1517,0.1388
58,1453,1511,0.1388
59,1453,1512,0.1388
61,1453,1514,0.1388
60,1457,1517,0.1388
58,1453,1511,0.1388
59,1455,1514,0.1388
60,1470,1530,0.1388
61,1454,1515,0.1388
58,1459,1517,0.1388
59,1456,1515,0.1388
60,1467,1527,0.1388
59,1462,1521,0.1388
59,1457,1516,0.1388
55,1455,1510,0.1388
58,1458,1516,0.1388
57,1458,1515,0.1388
57,1451,1508,0.1388
59,1451,1510,0.1388
59,1468,1527,0.1388
60,1450,1510,0.1388
59,1460,1519,0.1388
56,1453,1509,0.1388
56,1442,1498,0.1388
55,1454,1509,0.1388
53,1459,1512,0.1388
54,1467,1521,0.1388
54,1472,1526,0.1388
55,1466,1521,0.1388
55,1453,1508,0.1388
54,1465,1519,0.1388
55,1450,1505,0.1388
55,1455,1510,0.1388
53,1454,1507,0.1388
53,1453,1506,0.1388
54,1465,1519,0.1388
55,1475,1530,0.1388
57,1472,1529,0.1388
58,1469,1527,0.1388
58,1455,1513,0.1388
59,1451,1510,0.1388
60,1446,1506,0.1388
59,1444,1503,0.1388
59,1455,1514,0.1388
59,1447,1506,0.1388
60,1443,1503,0.1388
59,1462,1521,0.1388
59,1466,1525,0.1388
60,1465,1525,0.1388
56,1468,1524,0.1388
55,1470,1525,0.1388
58,1465,1523,0.1388
59,1464,1523,0.1388
58,1452,1510,0.1388
58,1455,1513,0.1388
59,1453,1512,0.1388
59,1458,1517,0.1388
58,1460,1518,0.1388
56,1456,1512,0.1388
53,1465,1518,0.1388
56,1469,1525,0.1388
57,1472,1529,0.1388
55,1467,1522,0.1388
56,1447,1503,0.1388
58,1453,1511,0.1388
59,1454,1513,0.1388
59,1462,1521,0.1388
60,1471,1531,0.1388
61,1460,1521,0.1388
60,1463,1523,0.1388
61,1452,1513,0.1388
58,1441,1499,0.1388
56,1440,1496,0.1388
57,1454,1511,0.1388
57,1457,1514,0.1388
56,1461,1517,0.1388
56,1460,1516,0.1388
56,1448,1504,0.1388
59,1463,1522,0.1388
59,1466,1525,0.1388
59,1473,1532,0.1388
58,1477,1535,0.1388
59,1472,1531,0.1388
60,1460,1520,0.1388
57,1460,1517,0.1388
59,1460,1519,0.1388
55,1457,1512,0.1388
55,1451,1506,0.1388
57,1455,1512,0.1388
58,1465,1523,0.1388
57,1466,1523,0.1388
56,1465,1521,0.1388
56,1467,1523,0.1388
55,1482,1537,0.1388
56,1484,1540,0.1388
54,1480,1534,0.1388
54,1475,1529,0.1388
54,1476,1530,0.1388
52,1467,1519,0.1388
53,1473,1526,0.1388
54,1470,1524,0.1388
54,1448,1502,0.1388
58,1451,1509,0.1388
58,1442,1500,0.1388
58,1439,1497,0.1388
57,1457,1514,0.1388
55,1464,1519,0.1388
55,1460,1515,0.1388
52,1447,1499,0.1388
50,1456,1506,0.1388
51,1464,1515,0.1388
50,1476,1526,0.1388
50,1485,1535,0.1388
49,1463,1512,0.1388
50,1451,1501,0.1388
49,1466,1515,0.1388
47,1452,1499,0.1388
46,1449,1495,0.1388
49,1451,1500,0.1388
46,1454,1500,0.1388
47,1448,1495,0.1388
47,1465,1512,0.1388
47,1460,1507,0.1388
47,1462,1509,0.1388
49,1463,1512,0.1388
49,1473,1522,0.1388
46,1469,1515,0.1388
45,1471,1516,0.1388
45,1469,1514,0.1388
45,1461,1506,0.1388
45,1468,1513,0.1388
43,1480,1523,0.1388
44,1480,1524,0.1388
41,1478,1519,0.1388
43,1487,1530,0.1388
43,1498,1541,0.1388
41,1481,1522,0.1388
41,1481,1522,0.1388
41,1486,1527,0.1388
41,1484,1525,0.1388
40,1484,1524,0.1388
42,1478,1520,0.1388
41,1478,1519,0.1388
41,1475,1516,0.1388
41,1472,1513,0.1388
42,1478,1520,0.1388
43,1489,1532,0.1388
45,1480,1525,0.1388
44,1473,1517,0.1388
43,1472,1515,0.1388
43,1478,1521,0.1388
42,1473,1515,0.1388
43,1483,1526,0.1388
43,1466,1509,0.1388
43,1475,1518,0.1388
43,1483,1526,0.1388
42,1472,1514,0.1388
49,1474,1523,0.1388
49,1466,1515,0.1388
49,1465,1514,0.1388
47,1461,1508,0.1388
49,1462,1511,0.1388
50,1469,1519,0.1388
49,1453,1502,0.1388
51,1474,1525,0.1388
52,1464,1516,0.1388
51,1462,1513,0.1388
52,1467,1519,0.1388
52,1461,1513,0.1388
51,1457,1508,0.1388
48,1457,1505,0.1388
47,1465,1512,0.1388
46,1483,1529,0.1388
47,1477,1524,0.1388
48,1465,1513,0.1388
47,1467,1514,0.1388
46,1479,1525,0.1388
46,1471,1517,0.1388
45,1475,1520,0.1388
46,1475,1521,0.1388
43,1456,1499,0.1388
43,1462,1505,0.1388
45,1469,1514,0.1388
44,1473,1517,0.1388
43,1476,1519,0.1388
41,1469,1510,0.1388
38,1476,1514,0.1388
37,1475,1512,0.1388
36,1479,1515,0.1388
37,1461,1498,0.1388
38,1473,1511,0.1388
39,1470,1509,0.1388
36,1462,1498,0.1388
38,1479,1517,0.1388
38,1462,1500,0.1388
37,1479,1516,0.1388
36,1477,1513,0.1388
38,1470,1508,0.1388
39,1474,1513,0.1388
38,1468,1506,0.1388
39,1476,1515,0.1388
43,1475,1518,0.1388
41,1481,1522,0.1388
39,1490,1529,0.1388
39,1496,1535,0.1388
38,1482,1520,0.1388
38,1488,1526,0.1388
38,1497,1535,0.1388
37,1495,1532,0.1388
37,1500,1537,0.1388
39,1491,1530,0.1388
39,1482,1521,0.1388
37,1476,1513,0.1388
37,1480,1517,0.1388
39,1486,1525,0.1388
40,1467,1507,0.1388
39,1474,1513,0.1388
40,1472,1512,0.1388
39,1469,1508,0.1388
40,1469,1509,0.1388
39,1484,1523,0.1388
39,1471,1510,0.1388
35,1479,1514,0.1388
36,1488,1524,0.1388
35,1480,1515,0.1388
35,1474,1509,0.1388
34,1485,1519,0.1388
32,1482,1514,0.1388
33,1496,1529,0.1388
33,1480,1513,0.1388
34,1469,1503,0.1388
35,1475,1510,0.1388
36,1475,1511,0.1388
36,1468,1504,0.1388
36,1480,1516,0.1388
37,1485,1522,0.1388
38,1491,1529,0.1388
35,1483,1518,0.1388
34,1487,1521,0.1388
34,1495,1529,0.1388
35,1484,1519,0.1388
33,1486,1519,0.1388
32,1489,1521,0.1388
32,1474,1506,0.1388
33,1475,1508,0.1388
34,1488,1522,0.1388
33,1484,1517,0.1388
31,1486,1517,0.1388
31,1491,1522,0.1388
30,1505,1535,0.1388
29,1495,1524,0.1388
28,1490,1518,0.1388
30,1485,1515,0.1388
31,1489,1520,0.1388
31,1498,1529,0.1388
30,1503,1533,0.1388
32,1499,1531,0.1388
33,1494,1527,0.1388
33,1492,1525,0.1388
34,1485,1519,0.1388
34,1479,1513,0.1388
34,1487,1521,0.1388
32,1478,1510,0.1388
33,1475,1508,0.1388
34,1484,1518,0.1388
33,1487,1520,0.1388
33,1470,1503,0.1388
34,1489,1523,0.1388
34,1465,1499,0.1388
33,1463,1496,0.1388
35,1468,1503,0.1388
34,1467,1501,0.1388
34,1475,1509,0.1388
36,1477,1513,0.1388
35,1476,1511,0.1388
34,1480,1514,0.1388
35,1481,1516,0.1388
34,1484,1518,0.1388
35,1472,1507,0.1388
36,1477,1513,0.1388
35,1480,1515,0.1388
35,1475,1510,0.1388
35,1495,1530,0.1388
33,1494,1527,0.1388
31,1484,1515,0.1388
28,1479,1507,0.1388
29,1483,1512,0.1388
31,1479,1510,0.1388
33,1490,1523,0.1388
33,1491,1524,0.1388
34,1489,1523,0.1388
34,1493,1527,0.1388
34,1486,1520,0.1388
33,1487,1520,0.1388
30,1483,1513,0.1388
31,1492,1523,0.1388
31,1489,1520,0.1388
32,1482,1514,0.1388
32,1488,1520,0.1388
29,1491,1520,0.1388
30,1487,1517,0.1388
31,1488,1519,0.1388
31,1491,1522,0.1388
33,1497,1530,0.1388
34,1492,1526,0.1388
33,1485,1518,0.1388
33,1490,1523,0.1388
34,1483,1517,0.1388
33,1488,1521,0.1388
33,1491,1524,0.1388
31,1480,1511,0.1388
30,1478,1508,0.1388
28,1483,1511,0.1388
28,1484,1512,0.1388
28,1493,1521,0.1388
31,1489,1520,0.1388
31,1484,1515,0.1388
29,1483,1512,0.1388
28,1493,1521,0.1388
29,1496,1525,0.1388
29,1490,1519,0.1388
29,1498,1527,0.1388
31,1496,1527,0.1388
32,1492,1524,0.1388
33,1489,1522,0.1388
33,1481,1514,0.1388
33,1486,1519,0.1388
34,1498,1532,0.1388
33,1498,1531,0.1388
30,1494,1524,0.1388
29,1485,1514,0.1388
28,1478,1506,0.1388
27,1485,1512,0.1388
26,1483,1509,0.1388
26,1499,1525,0.1388
24,1495,1519,0.1388
24,1486,1510,0.1388
22,1471,1493,0.1388
23,1482,1505,0.1388
23,1471,1494,0.1388
26,1477,1503,0.1388
26,1469,1495,0.1388
26,1472,1498,0.1388
26,1482,1508,0.1388
25,1483,1508,0.1388
24,1483,1507,0.1388
23,1489,1512,0.1388
23,1500,1523,0.1388
23,1501,1524,0.1388
23,1492,1515,0.1388
23,1489,1512,0.1388
23,1497,1520,0.1388
23,1516,1539,0.1388
23,1506,1529,0.1388
21,1497,1518,0.1388
21,1488,1509,0.1388
21,1493,1514,0.1388
20,1498,1518,0.1388
21,1493,1514,0.1388
21,1490,1511,0.1388
21,1486,1507,0.1388
22,1483,1505,0.1388
23,1491,1514,0.1388
24,1490,1514,0.1388
23,1486,1509,0.1388
23,1487,1510,0.1388
23,1499,1522,0.1388
23,1482,1505,0.1388
23,1485,1508,0.1388
25,1482,1507,0.1388
24,1483,1507,0.1388
24,1475,1499,0.1388
23,1487,1510,0.1388
22,1491,1513,0.1388
21,1483,1504,0.1388
20,1496,1516,0.1388
20,1506,1526,0.1388
22,1513,1535,0.1388
20,1495,1515,0.1388
21,1486,1507,0.1388
21,1493,1514,0.1388
20,1487,1507,0.1388
20,1495,1515,0.1388
23,1493,1516,0.1388
21,1502,1523,0.1388
21,1507,1528,0.1388
21,1498,1519,0.1388
22,1491,1513,0.1388
22,1493,1515,0.1388
22,1494,1516,0.1388
21,1496,1517,0.1388
21,1494,1515,0.1388
21,1501,1522,0.1388
21,1475,1496,0.1388
21,1501,1522,0.1388
20,1491,1511,0.1388
20,1497,1517,0.1388
20,1502,1522,0.1388
20,1510,1530,0.1388
20,1511,1531,0.1388
19,1498,1517,0.1388
20,1500,1520,0.1388
20,1493,1513,0.1388
19,1485,1504,0.1388
19,1482,1501,0.1388
19,1490,1509,0.1388
19,1494,1513,0.1388
19,1493,1512,0.1388
18,1500,1518,0.1388
18,1504,1522,0.1388
18,1508,1526,0.1388
20,1500,1520,0.1388
21,1496,1517,0.1388
22,1497,1519,0.1388
22,1505,1527,0.1388
21,1500,1521,0.1388
21,1500,1521,0.1388
19,1504,1523,0.1388
20,1513,1533,0.1388
20,1490,1510,0.1388
20,1496,1516,0.1388
20,1487,1507,0.1388
20,1502,1522,0.1388
19,1499,1518,0.1388
19,1498,1517,0.1388
20,1500,1520,0.1388
19,1491,1510,0.1388
20,1490,1510,0.1388
17,1504,1521,0.1388
16,1504,1520,0.1388
14,1502,1516,0.1388
14,1517,1531,0.1388
13,1524,1537,0.1388
12,1508,1520,0.1388
12,1495,1507,0.1388
12,1490,1502,0.1388
12,1501,1513,0.1388
11,1504,1515,0.1388
13,1505,1518,0.1388
14,1506,1520,0.1388
15,1518,1533,0.1388
15,1496,1511,0.1388
15,1500,1515,0.1388
15,1502,1517,0.1388
15,1499,1514,0.1388
14,1497,1511,0.1388
13,1513,1526,0.1388
12,1511,1523,0.1388
12,1506,1518,0.1388
12,1507,1519,0.1388
13,1498,1511,0.1388
12,1499,1511,0.1388
13,1504,1517,0.1388
13,1500,1513,0.1388
14,1516,1530,0.1388
13,1516,1529,0.1388
14,1515,1529,0.1388
13,1502,1515,0.1388
13,1497,1510,0.1388
13,1502,1515,0.1388
13,1491,1504,0.1388
13,1497,1510,0.1388
13,1506,1519,0.1388
14,1505,1519,0.1388
15,1496,1511,0.1388
15,1490,1505,0.1388
16,1503,1519,0.1388
15,1488,1503,0.1388
15,1499,1514,0.1388
16,1510,1526,0.1388
16,1498,1514,0.1388
16,1506,1522,0.1388
16,1511,1527,0.1388
17,1526,1543,0.1388
17,1500,1517,0.1388
17,1499,1516,0.1388
17,1490,1507,0.1388
16,1510,1526,0.1388
16,1504,1520,0.1388
18,1511,1529,0.1388
18,1505,1523,0.1388
19,1494,1513,0.1388
19,1493,1512,0.1388
19,1492,1511,0.1388
19,1502,1521,0.1388
19,1505,1524,0.1388
19,1501,1520,0.1388
18,1489,1507,0.1388
17,1482,1499,0.1388
17,1487,1504,0.1388
16,1492,1508,0.1388
15,1501,1516,0.1388
14,1495,1509,0.1388
14,1496,1510,0.1388
14,1489,1503,0.1388
14,1497,1511,0.1388
14,1504,1518,0.1388
15,1504,1519,0.1388
16,1510,1526,0.1388
16,1510,1526,0.1388
17,1506,1523,0.1388
16,1498,1514,0.1388
14,1513,1527,0.1388
12,1508,1520,0.1388
11,1499,1510,0.1388
10,1505,1515,0.1388
11,1499,1510,0.1388
10,1504,1514,0.1388
10,1500,1510,0.1388
10,1493,1503,0.1388
10,1491,1501,0.1388
11,1493,1504,0.1388
10,1498,1508,0.1388
8,1503,1511,0.1388
8,1489,1497,0.1388
8,1485,1493,0.1388
8,1489,1497,0.1388
8,1497,1505,0.1388
8,1488,1496,0.1388
8,1491,1499,0.1388
9,1505,1514,0.1388
10,1496,1506,0.1388
10,1503,1513,0.1388
10,1515,1525,0.1388
10,1500,1510,0.1388
9,1509,1518,0.1388
10,1507,1517,0.1388
11,1509,1520,0.1388
11,1521,1532,0.1388
11,1517,1528,0.1388
12,1510,1522,0.1388
12,1511,1523,0.1388
12,1505,1517,0.1388
11,1506,1517,0.1388
11,1504,1515,0.1388
11,1508,1519,0.1388
10,1522,1532,0.1388
10,1506,1516,0.1388
10,1513,1523,0.1388
10,1520,1530,0.1388
10,1516,1526,0.1388
10,1515,1525,0.1388
10,1506,1516,0.1388
10,1500,1510,0.1388
10,1500,1510,0.1388
9,1519,1528,0.1388
9,1507,1516,0.1388
9,1502,1511,0.1388
9,1516,1525,0.1388
7,1509,1516,0.1388
6,1507,1513,0.1388
6,1510,1516,0.1388
6,1511,1517,0.1388
5,1506,1511,0.1388
5,1497,1502,0.1388
5,1501,1506,0.1388
5,1503,1508,0.1388
5,1500,1505,0.1388
5,1503,1508,0.1388
5,1512,1517,0.1388
5,1507,1512,0.1388
6,1510,1516,0.1388
6,1517,1523,0.1388
6,1521,1527,0.1388
6,1513,1519,0.1388
6,1499,1505,0.1388
6,1509,1515,0.1388
6,1511,1517,0.1388
6,1514,1520,0.1388
7,1522,1529,0.1388
7,1523,1530,0.1388
6,1510,1516,0.1388
6,1506,1512,0.1388
6,1505,1511,0.1388
6,1500,1506,0.1388
6,1505,1511,0.1388
6,1507,1513,0.1388
6,1503,1509,0.1388
6,1503,1509,0.1388
6,1511,1517,0.1388
6,1501,1507,0.1388
6,1506,1512,0.1388
7,1502,1509,0.1388
6,1516,1522,0.1388
6,1513,1519,0.1388
6,1512,1518,0.1388
6,1516,1522,0.1388
6,1508,1514,0.1388
6,1502,1508,0.1388
5,1498,1503,0.1388
4,1512,1516,0.1388
4,1504,1508,0.1388
4,1515,1519,0.1388
4,1515,1519,0.1388
4,1510,1514,0.1388
4,1507,1511,0.1388
4,1508,1512,0.1388
4,1517,1521,0.1388
4,1514,1518,0.1388
4,1544,1548,0.1388
4,1527,1531,0.1388
5,1524,1529,0.1388
5,1516,1521,0.1388
5,1504,1509,0.1388
5,1508,1513,0.1388
5,1499,1504,0.1388
5,1494,1499,0.1388
5,1500,1505,0.1388
5,1500,1505,0.1388
4,1499,1503,0.1388
4,1511,1515,0.1388
4,1505,1509,0.1388
4,1495,1499,0.1388
3,1496,1499,0.1388
3,1508,1511,0.1388
3,1511,1514,0.1388
3,1510,1513,0.1388
3,1512,1515,0.1388
2,1497,1499,0.1388
2,1496,1498,0.1388
2,1518,1520,0.1388
2,1512,1514,0.1388
3,1512,1515,0.1388
3,1515,1518,0.1388
3,1509,1512,0.1388
3,1502,1505,0.1388
3,1513,1516,0.1388
3,1514,1517,0.1388
3,1514,1517,0.1388
2,1525,1527,0.1388
2,1522,1524,0.1388
2,1520,1522,0.1388
3,1526,1529,0.1388
3,1505,1508,0.1388
3,1505,1508,0.1388
3,1513,1516,0.1388
3,1515,1518,0.1388
3,1507,1510,0.1388
3,1504,1507,0.1388
3,1519,1522,0.1388
3,1517,1520,0.1388
3,1528,1531,0.1388
3,1524,1527,0.1388
3,1521,1524,0.1388
3,1515,1518,0.1388
3,1518,1521,0.1388
2,1526,1528,0.1388
2,1518,1520,0.1388
2,1525,1527,0.1388
2,1525,1527,0.1388
1,1521,1522,0.1388
1,1527,1528,0.1388
1,1533,1534,0.1388
1,1516,1517,0.1388
0,1512,1512,0.1388
