1364,28,1392,0.1388
1404,31,1435,0.1388
1418,29,1447,0.1388
1437,30,1467,0.1388
1457,30,1487,0.1388
1457,31,1488,0.1388
1463,32,1495,0.1388
1463,33,1496,0.1388
1449,32,1481,0.1388
1445,31,1476,0.1388
1440,34,1474,0.1388
1443,34,1477,0.1388
1447,37,1484,0.1388
1442,34,1476,0.1388
1445,35,1480,0.1388
1444,35,1479,0.1388
1459,36,1495,0.1388
1463,35,1498,0.1388
1460,33,1493,0.1388
1461,31,1492,0.1388
1466,31,1497,0.1388
1460,31,1491,0.1388
1454,30,1484,0.1388
1441,31,1472,0.1388
1438,28,1466,0.1388
1439,28,1467,0.1388
1443,28,1471,0.1388
1439,29,1468,0.1388
1434,31,1465,0.1388
1458,32,1490,0.1388
1464,30,1494,0.1388
1478,30,1508,0.1388
1475,29,1504,0.1388
1480,29,1509,0.1388
1474,30,1504,0.1388
1477,30,1507,0.1388
1482,31,1513,0.1388
1476,32,1508,0.1388
1475,31,1506,0.1388
1467,29,1496,0.1388
1468,28,1496,0.1388
1456,30,1486,0.1388
1441,30,1471,0.1388
1448,29,1477,0.1388
1456,29,1485,0.1388
1448,30,1478,0.1388
1458,29,1487,0.1388
1449,29,1478,0.1388
1462,31,1493,0.1388
1462,32,1494,0.1388
1447,35,1482,0.1388
1449,36,1485,0.1388
1459,35,1494,0.1388
1460,36,1496,0.1388
1446,38,1484,0.1388
1462,38,1500,0.1388
1450,43,1493,0.1388
1457,44,1501,0.1388
1452,45,1497,0.1388
1452,43,1495,0.1388
1457,44,1501,0.1388
1456,44,1500,0.1388
1458,44,1502,0.1388
1456,41,1497,0.1388
1447,42,1489,0.1388
1447,43,1490,0.1388
1440,43,1483,0.1388
1432,45,1477,0.1388
1425,44,1469,0.1388
1435,42,1477,0.1388
1436,43,1479,0.1388
1429,44,1473,0.1388
1431,43,1474,0.1388
1453,42,1495,0.1388
1449,44,1493,0.1388
1459,42,1501,0.1388
1445,42,1487,0.1388
1447,43,1490,0.1388
1457,43,1500,0.1388
1452,43,1495,0.1388
1453,41,1494,0.1388
1448,43,1491,0.1388
1453,45,1498,0.1388
1450,46,1496,0.1388
1449,48,1497,0.1388
1443,47,1490,0.1388
1462,46,1508,0.1388
1455,49,1504,0.1388
1449,50,1499,0.1388
1454,48,1502,0.1388
1457,48,1505,0.1388
1449,49,1498,0.1388
1440,49,1489,0.1388
1442,51,1493,0.1388
1435,53,1488,0.1388
1436,52,1488,0.1388
1441,51,1492,0.1388
1452,51,1503,0.1388
1461,52,1513,0.1388
1468,53,1521,0.1388
1479,54,1533,0.1388
1461,55,1516,0.1388
1456,55,1511,0.1388
1451,52,1503,0.1388
1448,51,1499,0.1388
1457,49,1506,0.1388
1453,49,1502,0.1388
1457,48,1505,0.1388
1450,47,1497,0.1388
1445,48,1493,0.1388
1450,47,1497,0.1388
1458,47,1505,0.1388
1464,47,1511,0.1388
1451,47,1498,0.1388
1444,47,1491,0.1388
1440,48,1488,0.1388
1445,47,1492,0.1388
1450,44,1494,0.1388
1458,44,1502,0.1388
1455,44,1499,0.1388
1453,45,1498,0.1388
1442,48,1490,0.1388
1455,49,1504,0.1388
1458,49,1507,0.1388
1457,50,1507,0.1388
1450,51,1501,0.1388
1447,51,1498,0.1388
1437,50,1487,0.1388
1440,51,1491,0.1388
1437,50,1487,0.1388
1440,50,1490,0.1388
1432,52,1484,0.1388
1434,53,1487,0.1388
1450,54,1504,0.1388
1440,55,1495,0.1388
1449,53,1502,0.1388
1438,53,1491,0.1388
1445,54,1499,0.1388
1448,52,1500,0.1388
1420,54,1474,0.1388
1414,56,1470,0.1388
1417,55,1472,0.1388
1427,58,1485,0.1388
1431,58,1489,0.1388
1436,58,1494,0.1388
1433,59,1492,0.1388
1438,60,1498,0.1388
1419,60,1479,0.1388
1417,60,1477,0.1388
1418,61,1479,0.1388
1429,62,1491,0.1388
1423,60,1483,0.1388
1426,59,1485,0.1388
1429,58,1487,0.1388
1441,59,1500,0.1388
1442,59,1501,0.1388
1431,61,1492,0.1388
1423,62,1485,0.1388
1424,61,1485,0.1388
1430,61,1491,0.1388
1428,61,1489,0.1388
1440,61,1501,0.1388
1435,58,1493,0.1388
1431,61,1492,0.1388
1432,62,1494,0.1388
1426,63,1489,0.1388
1430,62,1492,0.1388
1430,59,1489,0.1388
1436,60,1496,0.1388
1433,62,1495,0.1388
1429,63,1492,0.1388
1437,63,1500,0.1388
1421,62,1483,0.1388
1428,59,1487,0.1388
1423,61,1484,0.1388
1422,63,1485,0.1388
1420,65,1485,0.1388
1415,64,1479,0.1388
1415,66,1481,0.1388
1404,69,1473,0.1388
1406,70,1476,0.1388
1413,70,1483,0.1388
1404,71,1475,0.1388
1407,74,1481,0.1388
1426,72,1498,0.1388
1411,70,1481,0.1388
1418,68,1486,0.1388
1406,69,1475,0.1388
1405,71,1476,0.1388
1408,72,1480,0.1388
1408,74,1482,0.1388
1402,78,1480,0.1388
1407,78,1485,0.1388
1415,82,1497,0.1388
1406,84,1490,0.1388
1408,86,1494,0.1388
1408,84,1492,0.1388
1420,84,1504,0.1388
1412,85,1497,0.1388
1414,86,1500,0.1388
1419,82,1501,0.1388
1420,83,1503,0.1388
1405,88,1493,0.1388
1408,90,1498,0.1388
1415,89,1504,0.1388
1421,87,1508,0.1388
1431,87,1518,0.1388
1436,87,1523,0.1388
1420,83,1503,0.1388
1427,81,1508,0.1388
1439,82,1521,0.1388
1422,83,1505,0.1388
1423,86,1509,0.1388
1420,86,1506,0.1388
1420,84,1504,0.1388
1419,83,1502,0.1388
1412,78,1490,0.1388
1421,76,1497,0.1388
1420,75,1495,0.1388
1424,77,1501,0.1388
1411,79,1490,0.1388
1406,79,1485,0.1388
1426,81,1507,0.1388
1423,83,1506,0.1388
1412,87,1499,0.1388
1400,86,1486,0.1388
1397,86,1483,0.1388
1401,83,1484,0.1388
1402,84,1486,0.1388
1400,83,1483,0.1388
1403,85,1488,0.1388
1399,85,1484,0.1388
1406,86,1492,0.1388
1399,86,1485,0.1388
1408,88,1496,0.1388
1414,89,1503,0.1388
1392,88,1480,0.1388
1399,91,1490,0.1388
1405,90,1495,0.1388
1414,91,1505,0.1388
1420,93,1513,0.1388
1424,91,1515,0.1388
1415,93,1508,0.1388
1407,96,1503,0.1388
1402,93,1495,0.1388
1396,94,1490,0.1388
1407,95,1502,0.1388
1402,96,1498,0.1388
1382,94,1476,0.1388
1385,94,1479,0.1388
1384,94,1478,0.1388
1399,95,1494,0.1388
1396,96,1492,0.1388
1389,94,1483,0.1388
1392,94,1486,0.1388
1390,93,1483,0.1388
1394,93,1487,0.1388
1398,94,1492,0.1388
1407,95,1502,0.1388
1420,93,1513,0.1388
1406,95,1501,0.1388
1399,92,1491,0.1388
1410,92,1502,0.1388
1404,93,1497,0.1388
1403,92,1495,0.1388
1407,93,1500,0.1388
1406,93,1499,0.1388
1415,93,1508,0.1388
1392,95,1487,0.1388
1395,96,1491,0.1388
1398,98,1496,0.1388
1402,98,1500,0.1388
1397,101,1498,0.1388
1399,96,1495,0.1388
1395,99,1494,0.1388
1386,101,1487,0.1388
1396,102,1498,0.1388
1391,105,1496,0.1388
1397,106,1503,0.1388
1399,105,1504,0.1388
1388,107,1495,0.1388
1398,106,1504,0.1388
1395,106,1501,0.1388
1391,105,1496,0.1388
1394,107,1501,0.1388
1404,101,1505,0.1388
1397,100,1497,0.1388
1404,102,1506,0.1388
1402,101,1503,0.1388
1398,101,1499,0.1388
1397,97,1494,0.1388
1389,100,1489,0.1388
1389,97,1486,0.1388
1397,98,1495,0.1388
1384,100,1484,0.1388
1380,96,1476,0.1388
1386,100,1486,0.1388
1385,104,1489,0.1388
1400,106,1506,0.1388
1395,105,1500,0.1388
1396,108,1504,0.1388
1393,106,1499,0.1388
1386,106,1492,0.1388
1376,105,1481,0.1388
1387,104,1491,0.1388
1397,108,1505,0.1388
1392,109,1501,0.1388
1382,112,1494,0.1388
1379,114,1493,0.1388
1381,113,1494,0.1388
1375,119,1494,0.1388
1358,119,1477,0.1388
1371,118,1489,0.1388
1388,118,1506,0.1388
1392,118,1510,0.1388
1389,121,1510,0.1388
1393,123,1516,0.1388
1381,125,1506,0.1388
1385,124,1509,0.1388
1383,123,1506,0.1388
1372,120,1492,0.1388
1366,122,1488,0.1388
1366,125,1491,0.1388
1372,126,1498,0.1388
1365,127,1492,0.1388
1354,128,1482,0.1388
1354,127,1481,0.1388
1351,127,1478,0.1388
1358,130,1488,0.1388
1368,130,1498,0.1388
1369,129,1498,0.1388
1351,134,1485,0.1388
1359,135,1494,0.1388
1361,134,1495,0.1388
1358,133,1491,0.1388
1370,134,1504,0.1388
1357,135,1492,0.1388
1350,134,1484,0.1388
1357,134,1491,0.1388
1356,137,1493,0.1388
1357,136,1493,0.1388
1364,137,1501,0.1388
1358,132,1490,0.1388
1354,132,1486,0.1388
1363,134,1497,0.1388
1359,139,1498,0.1388
1351,140,1491,0.1388
1343,143,1486,0.1388
1345,141,1486,0.1388
1342,136,1478,0.1388
1351,144,1495,0.1388
1345,147,1492,0.1388
1344,149,1493,0.1388
1352,147,1499,0.1388
1346,148,1494,0.1388
1346,150,1496,0.1388
1355,148,1503,0.1388
1350,147,1497,0.1388
1348,151,1499,0.1388
1354,151,1505,0.1388
1332,152,1484,0.1388
1321,153,1474,0.1388
1343,153,1496,0.1388
1349,150,1499,0.1388
1360,152,1512,0.1388
1352,152,1504,0.1388
1352,151,1503,0.1388
1348,154,1502,0.1388
1345,148,1493,0.1388
1348,150,1498,0.1388
1345,154,1499,0.1388
1342,156,1498,0.1388
1331,156,1487,0.1388
1322,159,1481,0.1388
1334,156,1490,0.1388
1333,157,1490,0.1388
1337,156,1493,0.1388
1334,153,1487,0.1388
1339,154,1493,0.1388
1341,157,1498,0.1388
1333,154,1487,0.1388
1342,154,1496,0.1388
1337,157,1494,0.1388
1341,155,1496,0.1388
1344,154,1498,0.1388
1343,153,1496,0.1388
1345,151,1496,0.1388
1357,152,1509,0.1388
1345,152,1497,0.1388
1344,149,1493,0.1388
1353,147,1500,0.1388
1335,149,1484,0.1388
1342,149,1491,0.1388
1347,148,1495,0.1388
1345,145,1490,0.1388
1346,145,1491,0.1388
1355,148,1503,0.1388
1346,152,1498,0.1388
1349,156,1505,0.1388
1341,154,1495,0.1388
1335,152,1487,0.1388
1323,154,1477,0.1388
1342,156,1498,0.1388
1336,158,1494,0.1388
1344,160,1504,0.1388
1351,159,1510,0.1388
1356,159,1515,0.1388
1348,158,1506,0.1388
1354,155,1509,0.1388
1357,156,1513,0.1388
1361,157,1518,0.1388
1341,153,1494,0.1388
1338,149,1487,0.1388
1335,151,1486,0.1388
1331,149,1480,0.1388
1332,146,1478,0.1388
1342,154,1496,0.1388
1347,151,1498,0.1388
1362,157,1519,0.1388
1356,157,1513,0.1388
1356,153,1509,0.1388
1340,155,1495,0.1388
1348,158,1506,0.1388
1345,160,1505,0.1388
1336,160,1496,0.1388
1335,156,1491,0.1388
1340,162,1502,0.1388
1337,164,1501,0.1388
1341,163,1504,0.1388
1333,163,1496,0.1388
1339,163,1502,0.1388
1347,162,1509,0.1388
1330,160,1490,0.1388
1326,165,1491,0.1388
1334,165,1499,0.1388
1336,167,1503,0.1388
1332,166,1498,0.1388
1338,168,1506,0.1388
1330,167,1497,0.1388
1323,171,1494,0.1388
1323,173,1496,0.1388
1321,172,1493,0.1388
1330,168,1498,0.1388
1346,170,1516,0.1388
1352,170,1522,0.1388
1352,176,1528,0.1388
1341,178,1519,0.1388
1329,179,1508,0.1388
1307,179,1486,0.1388
1310,181,1491,0.1388
1313,181,1494,0.1388
1317,181,1498,0.1388
1315,181,1496,0.1388
1321,176,1497,0.1388
1327,179,1506,0.1388
1315,182,1497,0.1388
1326,183,1509,0.1388
1328,179,1507,0.1388
1316,185,1501,0.1388
1322,184,1506,0.1388
1322,183,1505,0.1388
1320,184,1504,0.1388
1322,184,1506,0.1388
1329,181,1510,0.1388
1325,179,1504,0.1388
1310,179,1489,0.1388
1307,184,1491,0.1388
1316,187,1503,0.1388
1308,181,1489,0.1388
1304,180,1484,0.1388
1305,184,1489,0.1388
1314,181,1495,0.1388
1318,183,1501,0.1388
1301,179,1480,0.1388
1315,182,1497,0.1388
1306,181,1487,0.1388
1306,179,1485,0.1388
1309,175,1484,0.1388
1314,178,1492,0.1388
1308,183,1491,0.1388
1315,182,1497,0.1388
1311,177,1488,0.1388
1313,174,1487,0.1388
1306,180,1486,0.1388
1306,180,1486,0.1388
1298,185,1483,0.1388
1307,187,1494,0.1388
1318,186,1504,0.1388
1315,188,1503,0.1388
1312,189,1501,0.1388
1304,191,1495,0.1388
1306,195,1501,0.1388
1312,190,1502,0.1388
1313,182,1495,0.1388
1313,185,1498,0.1388
1323,188,1511,0.1388
1325,189,1514,0.1388
1322,190,1512,0.1388
1329,191,1520,0.1388
1320,189,1509,0.1388
1308,190,1498,0.1388
1295,186,1481,0.1388
1302,191,1493,0.1388
1296,190,1486,0.1388
1296,190,1486,0.1388
1280,191,1471,0.1388
1291,190,1481,0.1388
1303,186,1489,0.1388
1308,190,1498,0.1388
1309,188,1497,0.1388
1301,189,1490,0.1388
1305,182,1487,0.1388
1308,187,1495,0.1388
1314,187,1501,0.1388
1300,186,1486,0.1388
1288,189,1477,0.1388
1297,187,1484,0.1388
1297,192,1489,0.1388
1304,193,1497,0.1388
1294,188,1482,0.1388
1310,186,1496,0.1388
1309,190,1499,0.1388
1316,188,1504,0.1388
1300,192,1492,0.1388
1299,197,1496,0.1388
1293,195,1488,0.1388
1302,196,1498,0.1388
1310,189,1499,0.1388
1299,196,1495,0.1388
1291,199,1490,0.1388
1291,201,1492,0.1388
1302,201,1503,0.1388
1289,202,1491,0.1388
1285,205,1490,0.1388
1281,210,1491,0.1388
1268,210,1478,0.1388
1269,215,1484,0.1388
1266,211,1477,0.1388
1272,210,1482,0.1388
1290,208,1498,0.1388
1292,209,1501,0.1388
1290,207,1497,0.1388
1283,204,1487,0.1388
1285,205,1490,0.1388
1286,204,1490,0.1388
1299,205,1504,0.1388
1297,204,1501,0.1388
1295,199,1494,0.1388
1287,204,1491,0.1388
1301,204,1505,0.1388
1286,194,1480,0.1388
1286,191,1477,0.1388
1288,187,1475,0.1388
1301,187,1488,0.1388
1302,184,1486,0.1388
1312,186,1498,0.1388
1307,184,1491,0.1388
1305,188,1493,0.1388
1305,188,1493,0.1388
1304,187,1491,0.1388
1313,186,1499,0.1388
1314,180,1494,0.1388
1314,181,1495,0.1388
1304,176,1480,0.1388
1314,187,1501,0.1388
1311,189,1500,0.1388
1301,186,1487,0.1388
1311,185,1496,0.1388
1314,187,1501,0.1388
1307,181,1488,0.1388
1312,177,1489,0.1388
1299,179,1478,0.1388
1283,180,1463,0.1388
1299,174,1473,0.1388
1295,181,1476,0.1388
1301,179,1480,0.1388
1309,183,1492,0.1388
1328,184,1512,0.1388
1320,183,1503,0.1388
1314,181,1495,0.1388
1322,177,1499,0.1388
1311,180,1491,0.1388
1312,183,1495,0.1388
1326,183,1509,0.1388
1320,181,1501,0.1388
1311,180,1491,0.1388
1319,177,1496,0.1388
1331,181,1512,0.1388
1326,182,1508,0.1388
1315,183,1498,0.1388
1309,179,1488,0.1388
1310,184,1494,0.1388
1307,188,1495,0.1388
1300,188,1488,0.1388
1282,194,1476,0.1388
1292,192,1484,0.1388
1292,194,1486,0.1388
1304,192,1496,0.1388
1299,190,1489,0.1388
1303,192,1495,0.1388
1291,191,1482,0.1388
1284,192,1476,0.1388
1291,192,1483,0.1388
1296,194,1490,0.1388
1280,193,1473,0.1388
1283,197,1480,0.1388
1289,198,1487,0.1388
1293,197,1490,0.1388
1293,196,1489,0.1388
1307,195,1502,0.1388
1295,190,1485,0.1388
1310,189,1499,0.1388
1291,194,1485,0.1388
1288,199,1487,0.1388
1280,200,1480,0.1388
1280,200,1480,0.1388
1284,198,1482,0.1388
1279,192,1471,0.1388
1292,199,1491,0.1388
1310,200,1510,0.1388
1316,206,1522,0.1388
1310,204,1514,0.1388
1311,206,1517,0.1388
1293,208,1501,0.1388
1295,204,1499,0.1388
1303,206,1509,0.1388
1308,208,1516,0.1388
1284,208,1492,0.1388
1264,215,1479,0.1388
1265,210,1475,0.1388
1277,216,1493,0.1388
1268,216,1484,0.1388
1268,215,1483,0.1388
1281,213,1494,0.1388
1279,215,1494,0.1388
1274,216,1490,0.1388
1277,214,1491,0.1388
1288,213,1501,0.1388
1287,208,1495,0.1388
1289,206,1495,0.1388
1290,206,1496,0.1388
1296,202,1498,0.1388
1302,200,1502,0.1388
1289,205,1494,0.1388
1303,204,1507,0.1388
1298,202,1500,0.1388
1314,204,1518,0.1388
1306,205,1511,0.1388
1299,211,1510,0.1388
1294,209,1503,0.1388
1288,217,1505,0.1388
1300,215,1515,0.1388
1296,215,1511,0.1388
1283,215,1498,0.1388
1282,215,1497,0.1388
1282,214,1496,0.1388
1281,215,1496,0.1388
1280,213,1493,0.1388
1289,211,1500,0.1388
1287,209,1496,0.1388
1283,205,1488,0.1388
1282,209,1491,0.1388
1285,207,1492,0.1388
1287,212,1499,0.1388
1289,211,1500,0.1388
1286,208,1494,0.1388
1283,213,1496,0.1388
1284,214,1498,0.1388
1281,215,1496,0.1388
1281,212,1493,0.1388
1287,207,1494,0.1388
1294,211,1505,0.1388
1292,209,1501,0.1388
1301,210,1511,0.1388
1293,208,1501,0.1388
1279,211,1490,0.1388
1271,213,1484,0.1388
1270,214,1484,0.1388
1269,214,1483,0.1388
1267,218,1485,0.1388
1267,219,1486,0.1388
1270,215,1485,0.1388
1274,212,1486,0.1388
1285,211,1496,0.1388
1280,212,1492,0.1388
1275,212,1487,0.1388
1273,218,1491,0.1388
1281,218,1499,0.1388
1275,219,1494,0.1388
1269,216,1485,0.1388
1268,218,1486,0.1388
1277,215,1492,0.1388
1271,218,1489,0.1388
1272,222,1494,0.1388
1266,225,1491,0.1388
1270,225,1495,0.1388
1256,224,1480,0.1388
1281,223,1504,0.1388
1272,227,1499,0.1388
1275,225,1500,0.1388
1276,223,1499,0.1388
1264,226,1490,0.1388
1264,229,1493,0.1388
1265,231,1496,0.1388
1282,226,1508,0.1388
1283,224,1507,0.1388
1274,224,1498,0.1388
1268,230,1498,0.1388
1270,238,1508,0.1388
1273,233,1506,0.1388
1271,237,1508,0.1388
1273,233,1506,0.1388
1272,233,1505,0.1388
1277,235,1512,0.1388
1274,240,1514,0.1388
1275,236,1511,0.1388
1266,239,1505,0.1388
1250,235,1485,0.1388
1258,241,1499,0.1388
1261,238,1499,0.1388
1255,242,1497,0.1388
1264,241,1505,0.1388
1269,238,1507,0.1388
1254,238,1492,0.1388
1259,241,1500,0.1388
1250,244,1494,0.1388
1258,248,1506,0.1388
1245,243,1488,0.1388
1254,238,1492,0.1388
1257,242,1499,0.1388
1253,243,1496,0.1388
1243,244,1487,0.1388
1243,244,1487,0.1388
1233,244,1477,0.1388
1228,250,1478,0.1388
1240,254,1494,0.1388
1249,252,1501,0.1388
1243,252,1495,0.1388
1247,256,1503,0.1388
1250,254,1504,0.1388
1261,253,1514,0.1388
1254,256,1510,0.1388
1252,257,1509,0.1388
1227,259,1486,0.1388
1228,257,1485,0.1388
1230,256,1486,0.1388
1225,266,1491,0.1388
1222,264,1486,0.1388
1227,262,1489,0.1388
1229,263,1492,0.1388
1224,267,1491,0.1388
1229,265,1494,0.1388
1232,268,1500,0.1388
1227,267,1494,0.1388
1226,263,1489,0.1388
1221,270,1491,0.1388
1220,270,1490,0.1388
1222,269,1491,0.1388
1220,272,1492,0.1388
1216,275,1491,0.1388
1219,276,1495,0.1388
1220,273,1493,0.1388
1227,273,1500,0.1388
1230,271,1501,0.1388
1234,268,1502,0.1388
1234,274,1508,0.1388
1231,272,1503,0.1388
1216,273,1489,0.1388
1217,274,1491,0.1388
1233,271,1504,0.1388
1229,268,1497,0.1388
1230,276,1506,0.1388
1234,271,1505,0.1388
1242,270,1512,0.1388
1241,274,1515,0.1388
1224,269,1493,0.1388
1230,272,1502,0.1388
1225,274,1499,0.1388
1226,271,1497,0.1388
1227,275,1502,0.1388
1227,277,1504,0.1388
1227,277,1504,0.1388
1224,288,1512,0.1388
1218,284,1502,0.1388
1219,283,1502,0.1388
1220,287,1507,0.1388
1223,287,1510,0.1388
1223,287,1510,0.1388
1225,289,1514,0.1388
1210,285,1495,0.1388
1210,282,1492,0.1388
1221,285,1506,0.1388
1223,284,1507,0.1388
1218,283,1501,0.1388
1223,283,1506,0.1388
1220,288,1508,0.1388
1222,289,1511,0.1388
1207,287,1494,0.1388
1217,280,1497,0.1388
1219,286,1505,0.1388
1217,283,1500,0.1388
1209,286,1495,0.1388
1202,287,1489,0.1388
1197,287,1484,0.1388
1209,285,1494,0.1388
1219,278,1497,0.1388
1217,280,1497,0.1388
1211,283,1494,0.1388
1209,286,1495,0.1388
1204,287,1491,0.1388
1201,296,1497,0.1388
1217,293,1510,0.1388
1209,293,1502,0.1388
1207,291,1498,0.1388
1204,295,1499,0.1388
1200,290,1490,0.1388
1201,290,1491,0.1388
1222,295,1517,0.1388
1224,294,1518,0.1388
1224,290,1514,0.1388
1219,291,1510,0.1388
1220,289,1509,0.1388
1222,289,1511,0.1388
1220,289,1509,0.1388
1214,281,1495,0.1388
1211,276,1487,0.1388
1222,276,1498,0.1388
1225,279,1504,0.1388
1230,280,1510,0.1388
1219,286,1505,0.1388
1216,282,1498,0.1388
1206,282,1488,0.1388
1217,288,1505,0.1388
1223,287,1510,0.1388
1218,285,1503,0.1388
1223,283,1506,0.1388
1218,280,1498,0.1388
1225,280,1505,0.1388
1224,283,1507,0.1388
1226,285,1511,0.1388
1216,287,1503,0.1388
1218,288,1506,0.1388
1216,291,1507,0.1388
1200,288,1488,0.1388
1209,286,1495,0.1388
1192,286,1478,0.1388
1206,276,1482,0.1388
1195,282,1477,0.1388
1201,276,1477,0.1388
1200,278,1478,0.1388
1207,274,1481,0.1388
1206,274,1480,0.1388
1222,281,1503,0.1388
1226,277,1503,0.1388
1214,271,1485,0.1388
1216,279,1495,0.1388
1217,277,1494,0.1388
1215,274,1489,0.1388
1224,270,1494,0.1388
1227,274,1501,0.1388
1225,276,1501,0.1388
1225,275,1500,0.1388
1226,280,1506,0.1388
1215,281,1496,0.1388
1217,279,1496,0.1388
1208,277,1485,0.1388
1213,277,1490,0.1388
1212,273,1485,0.1388
1210,273,1483,0.1388
1201,280,1481,0.1388
1205,280,1485,0.1388
1211,284,1495,0.1388
1209,281,1490,0.1388
1217,283,1500,0.1388
1207,291,1498,0.1388
1216,294,1510,0.1388
1219,294,1513,0.1388
1223,295,1518,0.1388
1214,301,1515,0.1388
1215,293,1508,0.1388
1205,287,1492,0.1388
1194,291,1485,0.1388
1201,295,1496,0.1388
1210,295,1505,0.1388
1201,299,1500,0.1388
1204,300,1504,0.1388
1206,299,1505,0.1388
1200,295,1495,0.1388
1208,291,1499,0.1388
1205,296,1501,0.1388
1216,288,1504,0.1388
1216,289,1505,0.1388
1217,293,1510,0.1388
1201,291,1492,0.1388
1200,294,1494,0.1388
1202,298,1500,0.1388
1202,303,1505,0.1388
1200,303,1503,0.1388
1205,309,1514,0.1388
1190,306,1496,0.1388
1181,306,1487,0.1388
1198,305,1503,0.1388
1194,307,1501,0.1388
1200,304,1504,0.1388
1192,308,1500,0.1388
1186,307,1493,0.1388
1182,314,1496,0.1388
1174,306,1480,0.1388
1180,312,1492,0.1388
1188,313,1501,0.1388
1194,313,1507,0.1388
1184,308,1492,0.1388
1183,307,1490,0.1388
1166,315,1481,0.1388
1174,311,1485,0.1388
1178,313,1491,0.1388
1172,315,1487,0.1388
1166,319,1485,0.1388
1155,319,1474,0.1388
1165,315,1480,0.1388
1169,312,1481,0.1388
1169,312,1481,0.1388
1170,316,1486,0.1388
1169,318,1487,0.1388
1168,329,1497,0.1388
1173,326,1499,0.1388
1166,329,1495,0.1388
1174,330,1504,0.1388
1182,327,1509,0.1388
1171,330,1501,0.1388
1163,331,1494,0.1388
1161,329,1490,0.1388
1163,331,1494,0.1388
1167,335,1502,0.1388
1158,334,1492,0.1388
1168,343,1511,0.1388
1173,340,1513,0.1388
1179,344,1523,0.1388
1175,351,1526,0.1388
1159,344,1503,0.1388
1154,343,1497,0.1388
1155,337,1492,0.1388
1148,335,1483,0.1388
1156,332,1488,0.1388
1163,342,1505,0.1388
1164,341,1505,0.1388
1161,347,1508,0.1388
1158,347,1505,0.1388
1146,347,1493,0.1388
1149,346,1495,0.1388
1146,346,1492,0.1388
1148,350,1498,0.1388
1148,355,1503,0.1388
1148,350,1498,0.1388
1145,349,1494,0.1388
1131,358,1489,0.1388
1141,358,1499,0.1388
1130,366,1496,0.1388
1126,366,1492,0.1388
1124,358,1482,0.1388
1137,367,1504,0.1388
1138,370,1508,0.1388
1142,364,1506,0.1388
1137,364,1501,0.1388
1136,370,1506,0.1388
1137,365,1502,0.1388
1130,368,1498,0.1388
1128,368,1496,0.1388
1139,363,1502,0.1388
1120,366,1486,0.1388
1121,362,1483,0.1388
1121,363,1484,0.1388
1133,363,1496,0.1388
1131,361,1492,0.1388
1136,363,1499,0.1388
1128,363,1491,0.1388
1139,369,1508,0.1388
1141,367,1508,0.1388
1130,370,1500,0.1388
1129,368,1497,0.1388
1126,381,1507,0.1388
1118,383,1501,0.1388
1103,382,1485,0.1388
1110,384,1494,0.1388
1106,385,1491,0.1388
1104,391,1495,0.1388
1109,388,1497,0.1388
1110,391,1501,0.1388
1106,396,1502,0.1388
1104,393,1497,0.1388
1114,393,1507,0.1388
1105,397,1502,0.1388
1120,396,1516,0.1388
1116,392,1508,0.1388
1104,394,1498,0.1388
1107,400,1507,0.1388
1101,400,1501,0.1388
1097,406,1503,0.1388
1094,402,1496,0.1388
1101,404,1505,0.1388
1104,404,1508,0.1388
1112,398,1510,0.1388
1105,396,1501,0.1388
1103,398,1501,0.1388
1105,403,1508,0.1388
1102,400,1502,0.1388
1095,393,1488,0.1388
1102,399,1501,0.1388
1107,401,1508,0.1388
1113,400,1513,0.1388
1105,404,1509,0.1388
1106,405,1511,0.1388
1105,404,1509,0.1388
1107,400,1507,0.1388
1106,404,1510,0.1388
1094,399,1493,0.1388
1085,403,1488,0.1388
1074,411,1485,0.1388
1072,412,1484,0.1388
1081,401,1482,0.1388
1077,409,1486,0.1388
1085,408,1493,0.1388
1078,410,1488,0.1388
1082,409,1491,0.1388
1077,413,1490,0.1388
1069,418,1487,0.1388
1065,414,1479,0.1388
1069,409,1478,0.1388
1068,410,1478,0.1388
1080,411,1491,0.1388
1087,406,1493,0.1388
1081,413,1494,0.1388
1073,409,1482,0.1388
1084,411,1495,0.1388
1077,419,1496,0.1388
1085,416,1501,0.1388
1072,415,1487,0.1388
1083,425,1508,0.1388
1082,428,1510,0.1388
1072,427,1499,0.1388
1081,428,1509,0.1388
1074,424,1498,0.1388
1072,423,1495,0.1388
1074,424,1498,0.1388
1065,425,1490,0.1388
1064,428,1492,0.1388
1066,425,1491,0.1388
1064,433,1497,0.1388
1061,432,1493,0.1388
1055,431,1486,0.1388
1065,431,1496,0.1388
1060,425,1485,0.1388
1057,423,1480,0.1388
1071,430,1501,0.1388
1070,428,1498,0.1388
1089,425,1514,0.1388
1074,426,1500,0.1388
1076,428,1504,0.1388
1073,436,1509,0.1388
1062,436,1498,0.1388
1065,443,1508,0.1388
1066,439,1505,0.1388
1073,434,1507,0.1388
1073,424,1497,0.1388
1066,425,1491,0.1388
1061,427,1488,0.1388
1064,429,1493,0.1388
1065,429,1494,0.1388
1061,440,1501,0.1388
1057,444,1501,0.1388
1064,451,1515,0.1388
1060,453,1513,0.1388
1054,451,1505,0.1388
1058,459,1517,0.1388
1048,462,1510,0.1388
1047,459,1506,0.1388
1038,451,1489,0.1388
1034,458,1492,0.1388
1038,453,1491,0.1388
1036,455,1491,0.1388
1043,452,1495,0.1388
1046,459,1505,0.1388
1041,456,1497,0.1388
1036,459,1495,0.1388
1033,460,1493,0.1388
1035,468,1503,0.1388
1028,470,1498,0.1388
1020,473,1493,0.1388
1022,480,1502,0.1388
1015,478,1493,0.1388
1023,481,1504,0.1388
1025,479,1504,0.1388
1019,482,1501,0.1388
1014,479,1493,0.1388
1023,483,1506,0.1388
1011,476,1487,0.1388
1009,475,1484,0.1388
1014,480,1494,0.1388
1016,483,1499,0.1388
1025,479,1504,0.1388
1014,484,1498,0.1388
1018,483,1501,0.1388
1016,486,1502,0.1388
1007,484,1491,0.1388
1011,484,1495,0.1388
1009,482,1491,0.1388
1009,480,1489,0.1388
1006,482,1488,0.1388
1006,489,1495,0.1388
1011,492,1503,0.1388
1016,489,1505,0.1388
1009,490,1499,0.1388
1018,498,1516,0.1388
1014,501,1515,0.1388
1006,493,1499,0.1388
1001,503,1504,0.1388
1000,503,1503,0.1388
989,509,1498,0.1388
986,516,1502,0.1388
978,519,1497,0.1388
977,521,1498,0.1388
984,516,1500,0.1388
976,522,1498,0.1388
983,513,1496,0.1388
983,516,1499,0.1388
986,516,1502,0.1388
979,519,1498,0.1388
969,520,1489,0.1388
953,516,1469,0.1388
962,511,1473,0.1388
966,514,1480,0.1388
956,520,1476,0.1388
967,509,1476,0.1388
979,508,1487,0.1388
979,509,1488,0.1388
977,510,1487,0.1388
985,507,1492,0.1388
986,516,1502,0.1388
978,516,1494,0.1388
983,524,1507,0.1388
972,517,1489,0.1388
976,521,1497,0.1388
988,520,1508,0.1388
973,524,1497,0.1388
973,534,1507,0.1388
966,544,1510,0.1388
971,536,1507,0.1388
979,532,1511,0.1388
988,529,1517,0.1388
985,524,1509,0.1388
981,521,1502,0.1388
962,529,1491,0.1388
977,521,1498,0.1388
974,518,1492,0.1388
971,516,1487,0.1388
971,523,1494,0.1388
978,521,1499,0.1388
974,529,1503,0.1388
982,530,1512,0.1388
981,521,1502,0.1388
978,523,1501,0.1388
969,522,1491,0.1388
979,528,1507,0.1388
977,530,1507,0.1388
963,536,1499,0.1388
971,528,1499,0.1388
981,524,1505,0.1388
985,530,1515,0.1388
978,532,1510,0.1388
980,523,1503,0.1388
964,526,1490,0.1388
968,533,1501,0.1388
970,527,1497,0.1388
965,528,1493,0.1388
969,521,1490,0.1388
985,512,1497,0.1388
985,505,1490,0.1388
982,518,1500,0.1388
974,518,1492,0.1388
972,518,1490,0.1388
967,517,1484,0.1388
970,517,1487,0.1388
968,522,1490,0.1388
972,526,1498,0.1388
982,535,1517,0.1388
974,527,1501,0.1388
971,525,1496,0.1388
968,526,1494,0.1388
965,535,1500,0.1388
964,533,1497,0.1388
963,530,1493,0.1388
973,540,1513,0.1388
973,538,1511,0.1388
967,541,1508,0.1388
961,536,1497,0.1388
962,534,1496,0.1388
954,539,1493,0.1388
946,529,1475,0.1388
949,541,1490,0.1388
951,552,1503,0.1388
955,561,1516,0.1388
957,560,1517,0.1388
953,557,1510,0.1388
946,553,1499,0.1388
952,560,1512,0.1388
955,554,1509,0.1388
953,546,1499,0.1388
956,552,1508,0.1388
956,558,1514,0.1388
946,554,1500,0.1388
942,562,1504,0.1388
950,558,1508,0.1388
942,561,1503,0.1388
944,565,1509,0.1388
950,563,1513,0.1388
957,555,1512,0.1388
946,554,1500,0.1388
947,544,1491,0.1388
944,549,1493,0.1388
953,558,1511,0.1388
952,566,1518,0.1388
941,567,1508,0.1388
940,562,1502,0.1388
933,560,1493,0.1388
940,567,1507,0.1388
934,568,1502,0.1388
927,568,1495,0.1388
934,570,1504,0.1388
928,568,1496,0.1388
929,560,1489,0.1388
929,572,1501,0.1388
936,570,1506,0.1388
937,573,1510,0.1388
927,575,1502,0.1388
931,571,1502,0.1388
935,587,1522,0.1388
923,578,1501,0.1388
930,577,1507,0.1388
935,575,1510,0.1388
934,576,1510,0.1388
924,576,1500,0.1388
921,570,1491,0.1388
916,569,1485,0.1388
915,579,1494,0.1388
925,577,1502,0.1388
921,584,1505,0.1388
934,583,1517,0.1388
925,581,1506,0.1388
929,585,1514,0.1388
931,584,1515,0.1388
933,589,1522,0.1388
919,592,1511,0.1388
921,595,1516,0.1388
916,597,1513,0.1388
916,594,1510,0.1388
906,587,1493,0.1388
915,587,1502,0.1388
916,593,1509,0.1388
901,600,1501,0.1388
903,609,1512,0.1388
890,611,1501,0.1388
889,609,1498,0.1388
893,593,1486,0.1388
894,605,1499,0.1388
890,612,1502,0.1388
889,614,1503,0.1388
890,608,1498,0.1388
885,611,1496,0.1388
872,616,1488,0.1388
867,622,1489,0.1388
879,610,1489,0.1388
881,612,1493,0.1388
873,620,1493,0.1388
888,628,1516,0.1388
885,630,1515,0.1388
879,636,1515,0.1388
876,643,1519,0.1388
877,642,1519,0.1388
875,642,1517,0.1388
877,644,1521,0.1388
866,641,1507,0.1388
868,640,1508,0.1388
868,633,1501,0.1388
857,635,1492,0.1388
852,640,1492,0.1388
846,645,1491,0.1388
840,640,1480,0.1388
836,657,1493,0.1388
836,659,1495,0.1388
832,665,1497,0.1388
827,660,1487,0.1388
823,660,1483,0.1388
826,663,1489,0.1388
822,668,1490,0.1388
822,674,1496,0.1388
820,667,1487,0.1388
830,674,1504,0.1388
831,670,1501,0.1388
833,665,1498,0.1388
832,669,1501,0.1388
833,673,1506,0.1388
839,672,1511,0.1388
831,674,1505,0.1388
825,675,1500,0.1388
819,671,1490,0.1388
817,679,1496,0.1388
826,674,1500,0.1388
828,679,1507,0.1388
826,680,1506,0.1388
826,681,1507,0.1388
828,684,1512,0.1388
831,677,1508,0.1388
831,677,1508,0.1388
828,679,1507,0.1388
823,684,1507,0.1388
815,689,1504,0.1388
816,703,1519,0.1388
811,706,1517,0.1388
817,698,1515,0.1388
810,698,1508,0.1388
820,694,1514,0.1388
821,698,1519,0.1388
819,697,1516,0.1388
811,697,1508,0.1388
816,699,1515,0.1388
815,698,1513,0.1388
811,704,1515,0.1388
807,697,1504,0.1388
810,702,1512,0.1388
799,704,1503,0.1388
795,703,1498,0.1388
796,703,1499,0.1388
786,704,1490,0.1388
795,702,1497,0.1388
789,710,1499,0.1388
778,711,1489,0.1388
774,711,1485,0.1388
782,714,1496,0.1388
781,715,1496,0.1388
789,717,1506,0.1388
788,715,1503,0.1388
784,709,1493,0.1388
773,719,1492,0.1388
783,722,1505,0.1388
773,721,1494,0.1388
782,730,1512,0.1388
783,731,1514,0.1388
794,733,1527,0.1388
795,729,1524,0.1388
788,725,1513,0.1388
786,731,1517,0.1388
776,728,1504,0.1388
768,729,1497,0.1388
771,729,1500,0.1388
774,740,1514,0.1388
762,741,1503,0.1388
767,749,1516,0.1388
767,741,1508,0.1388
776,745,1521,0.1388
780,741,1521,0.1388
764,738,1502,0.1388
775,736,1511,0.1388
769,737,1506,0.1388
761,736,1497,0.1388
754,733,1487,0.1388
750,741,1491,0.1388
758,742,1500,0.1388
761,737,1498,0.1388
757,749,1506,0.1388
754,746,1500,0.1388
752,742,1494,0.1388
752,743,1495,0.1388
754,745,1499,0.1388
756,748,1504,0.1388
745,748,1493,0.1388
752,736,1488,0.1388
762,731,1493,0.1388
756,737,1493,0.1388
761,732,1493,0.1388
767,726,1493,0.1388
760,741,1501,0.1388
768,740,1508,0.1388
765,745,1510,0.1388
758,735,1493,0.1388
764,739,1503,0.1388
768,743,1511,0.1388
770,739,1509,0.1388
764,734,1498,0.1388
759,737,1496,0.1388
754,741,1495,0.1388
759,745,1504,0.1388
759,751,1510,0.1388
758,753,1511,0.1388
752,742,1494,0.1388
753,741,1494,0.1388
756,742,1498,0.1388
761,749,1510,0.1388
757,740,1497,0.1388
756,747,1503,0.1388
754,754,1508,0.1388
763,751,1514,0.1388
764,751,1515,0.1388
759,762,1521,0.1388
761,757,1518,0.1388
763,749,1512,0.1388
755,750,1505,0.1388
749,758,1507,0.1388
750,749,1499,0.1388
756,747,1503,0.1388
740,751,1491,0.1388
746,747,1493,0.1388
746,748,1494,0.1388
746,751,1497,0.1388
751,755,1506,0.1388
749,753,1502,0.1388
746,749,1495,0.1388
744,747,1491,0.1388
755,742,1497,0.1388
745,737,1482,0.1388
743,749,1492,0.1388
743,757,1500,0.1388
743,757,1500,0.1388
747,757,1504,0.1388
749,760,1509,0.1388
744,769,1513,0.1388
748,766,1514,0.1388
746,778,1524,0.1388
747,777,1524,0.1388
744,770,1514,0.1388
729,762,1491,0.1388
728,765,1493,0.1388
719,760,1479,0.1388
719,766,1485,0.1388
719,766,1485,0.1388
728,782,1510,0.1388
716,777,1493,0.1388
720,780,1500,0.1388
717,789,1506,0.1388
721,790,1511,0.1388
719,796,1515,0.1388
721,787,1508,0.1388
716,791,1507,0.1388
721,792,1513,0.1388
711,793,1504,0.1388
712,795,1507,0.1388
707,794,1501,0.1388
712,794,1506,0.1388
702,794,1496,0.1388
705,797,1502,0.1388
698,794,1492,0.1388
705,791,1496,0.1388
710,793,1503,0.1388
710,795,1505,0.1388
707,797,1504,0.1388
703,786,1489,0.1388
714,781,1495,0.1388
718,788,1506,0.1388
719,780,1499,0.1388
733,784,1517,0.1388
722,781,1503,0.1388
728,784,1512,0.1388
723,791,1514,0.1388
722,799,1521,0.1388
726,792,1518,0.1388
727,786,1513,0.1388
720,783,1503,0.1388
719,785,1504,0.1388
718,794,1512,0.1388
711,795,1506,0.1388
713,791,1504,0.1388
710,793,1503,0.1388
711,802,1513,0.1388
709,803,1512,0.1388
704,805,1509,0.1388
708,811,1519,0.1388
715,805,1520,0.1388
710,802,1512,0.1388
707,803,1510,0.1388
702,790,1492,0.1388
705,786,1491,0.1388
702,798,1500,0.1388
708,798,1506,0.1388
710,803,1513,0.1388
706,796,1502,0.1388
699,805,1504,0.1388
707,814,1521,0.1388
698,828,1526,0.1388
695,827,1522,0.1388
686,831,1517,0.1388
689,820,1509,0.1388
695,816,1511,0.1388
691,812,1503,0.1388
689,824,1513,0.1388
689,819,1508,0.1388
683,817,1500,0.1388
692,811,1503,0.1388
686,822,1508,0.1388
695,817,1512,0.1388
689,813,1502,0.1388
688,806,1494,0.1388
695,806,1501,0.1388
701,812,1513,0.1388
703,817,1520,0.1388
697,814,1511,0.1388
706,812,1518,0.1388
708,808,1516,0.1388
706,808,1514,0.1388
697,800,1497,0.1388
707,798,1505,0.1388
703,804,1507,0.1388
704,808,1512,0.1388
699,800,1499,0.1388
700,804,1504,0.1388
700,809,1509,0.1388
702,808,1510,0.1388
701,809,1510,0.1388
704,817,1521,0.1388
698,814,1512,0.1388
690,814,1504,0.1388
703,816,1519,0.1388
691,812,1503,0.1388
691,806,1497,0.1388
680,816,1496,0.1388
690,820,1510,0.1388
695,809,1504,0.1388
698,815,1513,0.1388
700,799,1499,0.1388
696,801,1497,0.1388
694,809,1503,0.1388
695,816,1511,0.1388
684,806,1490,0.1388
684,807,1491,0.1388
689,824,1513,0.1388
689,823,1512,0.1388
684,823,1507,0.1388
694,831,1525,0.1388
679,827,1506,0.1388
677,820,1497,0.1388
678,824,1502,0.1388
676,828,1504,0.1388
680,832,1512,0.1388
685,840,1525,0.1388
687,829,1516,0.1388
685,825,1510,0.1388
678,829,1507,0.1388
679,839,1518,0.1388
669,834,1503,0.1388
663,832,1495,0.1388
657,838,1495,0.1388
665,848,1513,0.1388
660,842,1502,0.1388
658,851,1509,0.1388
650,845,1495,0.1388
653,848,1501,0.1388
650,848,1498,0.1388
654,837,1491,0.1388
647,855,1502,0.1388
644,859,1503,0.1388
654,862,1516,0.1388
652,851,1503,0.1388
643,864,1507,0.1388
636,874,1510,0.1388
638,862,1500,0.1388
640,865,1505,0.1388
635,867,1502,0.1388
639,866,1505,0.1388
633,872,1505,0.1388
636,875,1511,0.1388
633,877,1510,0.1388
630,880,1510,0.1388
634,884,1518,0.1388
633,884,1517,0.1388
630,883,1513,0.1388
629,876,1505,0.1388
622,887,1509,0.1388
623,886,1509,0.1388
613,889,1502,0.1388
613,896,1509,0.1388
607,890,1497,0.1388
605,889,1494,0.1388
609,893,1502,0.1388
611,903,1514,0.1388
608,900,1508,0.1388
617,890,1507,0.1388
614,894,1508,0.1388
608,903,1511,0.1388
607,902,1509,0.1388
606,899,1505,0.1388
611,896,1507,0.1388
613,897,1510,0.1388
614,892,1506,0.1388
604,901,1505,0.1388
606,899,1505,0.1388
615,901,1516,0.1388
608,900,1508,0.1388
617,902,1519,0.1388
615,906,1521,0.1388
606,904,1510,0.1388
595,900,1495,0.1388
593,911,1504,0.1388
594,917,1511,0.1388
597,919,1516,0.1388
600,920,1520,0.1388
597,920,1517,0.1388
583,925,1508,0.1388
590,914,1504,0.1388
595,921,1516,0.1388
592,915,1507,0.1388
598,920,1518,0.1388
592,916,1508,0.1388
585,924,1509,0.1388
584,932,1516,0.1388
587,920,1507,0.1388
590,929,1519,0.1388
583,932,1515,0.1388
583,926,1509,0.1388
585,925,1510,0.1388
584,926,1510,0.1388
571,938,1509,0.1388
583,948,1531,0.1388
581,942,1523,0.1388
577,944,1521,0.1388
573,937,1510,0.1388
570,934,1504,0.1388
578,940,1518,0.1388
574,938,1512,0.1388
576,940,1516,0.1388
572,936,1508,0.1388
569,931,1500,0.1388
572,930,1502,0.1388
579,939,1518,0.1388
583,933,1516,0.1388
584,929,1513,0.1388
587,931,1518,0.1388
579,934,1513,0.1388
572,930,1502,0.1388
570,926,1496,0.1388
569,933,1502,0.1388
570,942,1512,0.1388
563,952,1515,0.1388
564,954,1518,0.1388
563,951,1514,0.1388
562,947,1509,0.1388
556,946,1502,0.1388
552,939,1491,0.1388
553,936,1489,0.1388
556,953,1509,0.1388
550,953,1503,0.1388
549,959,1508,0.1388
548,968,1516,0.1388
543,968,1511,0.1388
548,966,1514,0.1388
551,963,1514,0.1388
555,972,1527,0.1388
553,963,1516,0.1388
541,961,1502,0.1388
540,963,1503,0.1388
534,965,1499,0.1388
528,976,1504,0.1388
534,970,1504,0.1388
528,972,1500,0.1388
531,976,1507,0.1388
533,963,1496,0.1388
528,971,1499,0.1388
543,976,1519,0.1388
541,982,1523,0.1388
540,978,1518,0.1388
538,980,1518,0.1388
537,986,1523,0.1388
532,992,1524,0.1388
530,974,1504,0.1388
526,968,1494,0.1388
522,973,1495,0.1388
518,983,1501,0.1388
525,979,1504,0.1388
528,988,1516,0.1388
531,996,1527,0.1388
533,997,1530,0.1388
524,998,1522,0.1388
527,985,1512,0.1388
523,991,1514,0.1388
515,987,1502,0.1388
524,994,1518,0.1388
517,993,1510,0.1388
521,995,1516,0.1388
528,990,1518,0.1388
523,988,1511,0.1388
522,989,1511,0.1388
517,978,1495,0.1388
523,979,1502,0.1388
524,995,1519,0.1388
527,979,1506,0.1388
512,984,1496,0.1388
513,990,1503,0.1388
506,996,1502,0.1388
510,997,1507,0.1388
516,1005,1521,0.1388
519,1008,1527,0.1388
521,999,1520,0.1388
518,993,1511,0.1388
519,1000,1519,0.1388
504,999,1503,0.1388
501,1006,1507,0.1388
503,1019,1522,0.1388
499,1012,1511,0.1388
503,1007,1510,0.1388
501,1020,1521,0.1388
502,1017,1519,0.1388
498,1007,1505,0.1388
499,1023,1522,0.1388
504,1015,1519,0.1388
502,1019,1521,0.1388
498,1005,1503,0.1388
498,1022,1520,0.1388
500,1021,1521,0.1388
497,1030,1527,0.1388
492,1025,1517,0.1388
490,1024,1514,0.1388
490,1019,1509,0.1388
491,1025,1516,0.1388
486,1014,1500,0.1388
494,1026,1520,0.1388
489,1023,1512,0.1388
489,1010,1499,0.1388
488,1015,1503,0.1388
487,1024,1511,0.1388
480,1016,1496,0.1388
480,1037,1517,0.1388
473,1040,1513,0.1388
472,1038,1510,0.1388
474,1033,1507,0.1388
489,1031,1520,0.1388
482,1032,1514,0.1388
485,1035,1520,0.1388
477,1030,1507,0.1388
472,1045,1517,0.1388
475,1040,1515,0.1388
460,1044,1504,0.1388
459,1042,1501,0.1388
465,1051,1516,0.1388
454,1050,1504,0.1388
455,1045,1500,0.1388
459,1039,1498,0.1388
465,1036,1501,0.1388
469,1036,1505,0.1388
471,1043,1514,0.1388
472,1049,1521,0.1388
463,1049,1512,0.1388
470,1042,1512,0.1388
467,1038,1505,0.1388
469,1043,1512,0.1388
466,1038,1504,0.1388
462,1044,1506,0.1388
461,1052,1513,0.1388
457,1040,1497,0.1388
459,1044,1503,0.1388
466,1050,1516,0.1388
465,1054,1519,0.1388
462,1060,1522,0.1388
454,1055,1509,0.1388
457,1055,1512,0.1388
451,1064,1515,0.1388
446,1067,1513,0.1388
449,1067,1516,0.1388
447,1066,1513,0.1388
454,1072,1526,0.1388
452,1075,1527,0.1388
452,1075,1527,0.1388
457,1074,1531,0.1388
442,1069,1511,0.1388
435,1068,1503,0.1388
431,1082,1513,0.1388
443,1087,1530,0.1388
442,1080,1522,0.1388
437,1070,1507,0.1388
433,1077,1510,0.1388
432,1089,1521,0.1388
438,1067,1505,0.1388
435,1062,1497,0.1388
434,1063,1497,0.1388
434,1070,1504,0.1388
434,1074,1508,0.1388
437,1075,1512,0.1388
444,1066,1510,0.1388
443,1070,1513,0.1388
443,1051,1494,0.1388
443,1064,1507,0.1388
441,1066,1507,0.1388
444,1065,1509,0.1388
445,1067,1512,0.1388
446,1073,1519,0.1388
449,1073,1522,0.1388
445,1079,1524,0.1388
447,1067,1514,0.1388
443,1074,1517,0.1388
444,1074,1518,0.1388
439,1080,1519,0.1388
434,1082,1516,0.1388
437,1083,1520,0.1388
431,1081,1512,0.1388
428,1089,1517,0.1388
427,1089,1516,0.1388
429,1085,1514,0.1388
429,1082,1511,0.1388
428,1084,1512,0.1388
438,1084,1522,0.1388
433,1077,1510,0.1388
431,1064,1495,0.1388
427,1073,1500,0.1388
432,1078,1510,0.1388
428,1074,1502,0.1388
423,1077,1500,0.1388
429,1081,1510,0.1388
433,1075,1508,0.1388
434,1072,1506,0.1388
439,1083,1522,0.1388
441,1080,1521,0.1388
440,1080,1520,0.1388
434,1073,1507,0.1388
441,1066,1507,0.1388
431,1065,1496,0.1388
437,1067,1504,0.1388
439,1070,1509,0.1388
442,1064,1506,0.1388
441,1052,1493,0.1388
441,1052,1493,0.1388
442,1061,1503,0.1388
443,1068,1511,0.1388
437,1061,1498,0.1388
440,1079,1519,0.1388
433,1085,1518,0.1388
436,1073,1509,0.1388
437,1083,1520,0.1388
440,1085,1525,0.1388
434,1087,1521,0.1388
428,1085,1513,0.1388
429,1084,1513,0.1388
431,1072,1503,0.1388
431,1077,1508,0.1388
433,1066,1499,0.1388
428,1071,1499,0.1388
430,1067,1497,0.1388
432,1068,1500,0.1388
434,1075,1509,0.1388
428,1071,1499,0.1388
431,1065,1496,0.1388
433,1066,1499,0.1388
428,1077,1505,0.1388
431,1083,1514,0.1388
431,1090,1521,0.1388
426,1088,1514,0.1388
421,1090,1511,0.1388
425,1091,1516,0.1388
422,1098,1520,0.1388
417,1090,1507,0.1388
422,1101,1523,0.1388
419,1097,1516,0.1388
419,1096,1515,0.1388
419,1096,1515,0.1388
417,1100,1517,0.1388
418,1095,1513,0.1388
411,1101,1512,0.1388
411,1093,1504,0.1388
409,1100,1509,0.1388
417,1107,1524,0.1388
416,1101,1517,0.1388
416,1105,1521,0.1388
417,1110,1527,0.1388
423,1115,1538,0.1388
421,1107,1528,0.1388
413,1097,1510,0.1388
415,1102,1517,0.1388
418,1089,1507,0.1388
424,1092,1516,0.1388
421,1086,1507,0.1388
426,1091,1517,0.1388
416,1096,1512,0.1388
421,1109,1530,0.1388
417,1111,1528,0.1388
418,1108,1526,0.1388
412,1104,1516,0.1388
417,1099,1516,0.1388
415,1101,1516,0.1388
410,1105,1515,0.1388
406,1109,1515,0.1388
401,1111,1512,0.1388
405,1103,1508,0.1388
404,1111,1515,0.1388
407,1103,1510,0.1388
409,1102,1511,0.1388
412,1121,1533,0.1388
417,1112,1529,0.1388
407,1121,1528,0.1388
400,1110,1510,0.1388
396,1117,1513,0.1388
401,1112,1513,0.1388
395,1117,1512,0.1388
404,1110,1514,0.1388
392,1112,1504,0.1388
394,1118,1512,0.1388
393,1100,1493,0.1388
396,1115,1511,0.1388
391,1121,1512,0.1388
396,1111,1507,0.1388
393,1115,1508,0.1388
396,1114,1510,0.1388
392,1117,1509,0.1388
379,1109,1488,0.1388
379,1105,1484,0.1388
385,1107,1492,0.1388
390,1114,1504,0.1388
383,1113,1496,0.1388
385,1115,1500,0.1388
386,1123,1509,0.1388
393,1127,1520,0.1388
398,1120,1518,0.1388
395,1103,1498,0.1388
397,1109,1506,0.1388
398,1113,1511,0.1388
398,1118,1516,0.1388
401,1118,1519,0.1388
396,1116,1512,0.1388
393,1131,1524,0.1388
392,1124,1516,0.1388
399,1118,1517,0.1388
394,1107,1501,0.1388
399,1110,1509,0.1388
398,1115,1513,0.1388
392,1113,1505,0.1388
399,1124,1523,0.1388
401,1126,1527,0.1388
397,1115,1512,0.1388
394,1114,1508,0.1388
394,1110,1504,0.1388
385,1118,1503,0.1388
376,1127,1503,0.1388
373,1133,1506,0.1388
371,1132,1503,0.1388
370,1141,1511,0.1388
367,1153,1520,0.1388
360,1151,1511,0.1388
363,1150,1513,0.1388
374,1138,1512,0.1388
374,1140,1514,0.1388
378,1138,1516,0.1388
373,1138,1511,0.1388
373,1135,1508,0.1388
372,1135,1507,0.1388
373,1143,1516,0.1388
369,1145,1514,0.1388
370,1150,1520,0.1388
365,1156,1521,0.1388
360,1148,1508,0.1388
364,1150,1514,0.1388
364,1155,1519,0.1388
359,1154,1513,0.1388
355,1140,1495,0.1388
357,1138,1495,0.1388
356,1145,1501,0.1388
361,1149,1510,0.1388
360,1147,1507,0.1388
348,1155,1503,0.1388
355,1164,1519,0.1388
355,1159,1514,0.1388
349,1163,1512,0.1388
351,1164,1515,0.1388
353,1165,1518,0.1388
353,1161,1514,0.1388
358,1162,1520,0.1388
362,1166,1528,0.1388
361,1171,1532,0.1388
357,1162,1519,0.1388
358,1155,1513,0.1388
359,1153,1512,0.1388
362,1145,1507,0.1388
362,1146,1508,0.1388
363,1139,1502,0.1388
364,1156,1520,0.1388
363,1149,1512,0.1388
359,1163,1522,0.1388
360,1165,1525,0.1388
347,1157,1504,0.1388
349,1166,1515,0.1388
353,1162,1515,0.1388
355,1164,1519,0.1388
349,1161,1510,0.1388
346,1163,1509,0.1388
346,1177,1523,0.1388
345,1181,1526,0.1388
334,1176,1510,0.1388
330,1184,1514,0.1388
328,1182,1510,0.1388
323,1182,1505,0.1388
324,1186,1510,0.1388
323,1189,1512,0.1388
323,1175,1498,0.1388
318,1178,1496,0.1388
307,1188,1495,0.1388
302,1200,1502,0.1388
308,1200,1508,0.1388
308,1192,1500,0.1388
309,1195,1504,0.1388
311,1185,1496,0.1388
312,1186,1498,0.1388
318,1190,1508,0.1388
316,1197,1513,0.1388
317,1191,1508,0.1388
315,1188,1503,0.1388
315,1184,1499,0.1388
310,1189,1499,0.1388
316,1186,1502,0.1388
316,1199,1515,0.1388
313,1196,1509,0.1388
313,1208,1521,0.1388
308,1207,1515,0.1388
306,1206,1512,0.1388
310,1214,1524,0.1388
312,1206,1518,0.1388
307,1204,1511,0.1388
302,1191,1493,0.1388
297,1199,1496,0.1388
295,1197,1492,0.1388
295,1188,1483,0.1388
288,1194,1482,0.1388
299,1208,1507,0.1388
293,1205,1498,0.1388
291,1220,1511,0.1388
292,1220,1512,0.1388
291,1231,1522,0.1388
287,1219,1506,0.1388
288,1223,1511,0.1388
290,1218,1508,0.1388
285,1217,1502,0.1388
285,1222,1507,0.1388
284,1230,1514,0.1388
282,1229,1511,0.1388
276,1225,1501,0.1388
284,1229,1513,0.1388
282,1237,1519,0.1388
284,1243,1527,0.1388
281,1230,1511,0.1388
277,1228,1505,0.1388
278,1227,1505,0.1388
285,1236,1521,0.1388
286,1233,1519,0.1388
284,1228,1512,0.1388
282,1226,1508,0.1388
273,1225,1498,0.1388
274,1233,1507,0.1388
278,1231,1509,0.1388
281,1233,1514,0.1388
275,1229,1504,0.1388
272,1238,1510,0.1388
272,1239,1511,0.1388
271,1237,1508,0.1388
272,1229,1501,0.1388
273,1214,1487,0.1388
276,1224,1500,0.1388
280,1234,1514,0.1388
280,1235,1515,0.1388
276,1236,1512,0.1388
275,1236,1511,0.1388
270,1232,1502,0.1388
275,1245,1520,0.1388
276,1246,1522,0.1388
270,1251,1521,0.1388
270,1258,1528,0.1388
267,1261,1528,0.1388
268,1247,1515,0.1388
271,1247,1518,0.1388
269,1240,1509,0.1388
270,1241,1511,0.1388
266,1236,1502,0.1388
264,1237,1501,0.1388
263,1237,1500,0.1388
265,1247,1512,0.1388
266,1243,1509,0.1388
266,1245,1511,0.1388
264,1259,1523,0.1388
264,1258,1522,0.1388
258,1259,1517,0.1388
257,1259,1516,0.1388
264,1256,1520,0.1388
265,1257,1522,0.1388
255,1253,1508,0.1388
249,1253,1502,0.1388
249,1255,1504,0.1388
256,1248,1504,0.1388
260,1250,1510,0.1388
260,1242,1502,0.1388
261,1240,1501,0.1388
258,1245,1503,0.1388
263,1245,1508,0.1388
264,1243,1507,0.1388
256,1248,1504,0.1388
256,1238,1494,0.1388
256,1249,1505,0.1388
255,1250,1505,0.1388
256,1247,1503,0.1388
258,1243,1501,0.1388
260,1258,1518,0.1388
264,1259,1523,0.1388
264,1252,1516,0.1388
262,1255,1517,0.1388
266,1252,1518,0.1388
267,1253,1520,0.1388
266,1246,1512,0.1388
265,1240,1505,0.1388
265,1249,1514,0.1388
258,1258,1516,0.1388
260,1252,1512,0.1388
255,1238,1493,0.1388
252,1244,1496,0.1388
248,1236,1484,0.1388
244,1249,1493,0.1388
241,1261,1502,0.1388
240,1260,1500,0.1388
249,1258,1507,0.1388
245,1261,1506,0.1388
244,1261,1505,0.1388
247,1263,1510,0.1388
245,1283,1528,0.1388
245,1281,1526,0.1388
242,1279,1521,0.1388
244,1292,1536,0.1388
235,1285,1520,0.1388
231,1280,1511,0.1388
230,1281,1511,0.1388
233,1282,1515,0.1388
228,1277,1505,0.1388
227,1270,1497,0.1388
229,1287,1516,0.1388
234,1290,1524,0.1388
231,1291,1522,0.1388
230,1279,1509,0.1388
227,1282,1509,0.1388
231,1274,1505,0.1388
228,1279,1507,0.1388
231,1278,1509,0.1388
233,1279,1512,0.1388
233,1272,1505,0.1388
239,1276,1515,0.1388
245,1284,1529,0.1388
242,1283,1525,0.1388
239,1284,1523,0.1388
236,1272,1508,0.1388
235,1263,1498,0.1388
238,1278,1516,0.1388
241,1283,1524,0.1388
241,1281,1522,0.1388
244,1278,1522,0.1388
241,1273,1514,0.1388
237,1277,1514,0.1388
242,1271,1513,0.1388
244,1280,1524,0.1388
242,1278,1520,0.1388
237,1279,1516,0.1388
235,1280,1515,0.1388
235,1276,1511,0.1388
234,1282,1516,0.1388
234,1278,1512,0.1388
236,1270,1506,0.1388
226,1284,1510,0.1388
230,1287,1517,0.1388
229,1285,1514,0.1388
233,1286,1519,0.1388
232,1279,1511,0.1388
232,1270,1502,0.1388
226,1281,1507,0.1388
224,1288,1512,0.1388
224,1282,1506,0.1388
227,1276,1503,0.1388
229,1279,1508,0.1388
225,1292,1517,0.1388
226,1291,1517,0.1388
225,1289,1514,0.1388
225,1281,1506,0.1388
222,1289,1511,0.1388
219,1296,1515,0.1388
218,1301,1519,0.1388
217,1296,1513,0.1388
217,1293,1510,0.1388
218,1288,1506,0.1388
211,1296,1507,0.1388
209,1297,1506,0.1388
214,1291,1505,0.1388
215,1292,1507,0.1388
216,1293,1509,0.1388
220,1287,1507,0.1388
218,1284,1502,0.1388
219,1295,1514,0.1388
216,1303,1519,0.1388
211,1308,1519,0.1388
215,1294,1509,0.1388
218,1305,1523,0.1388
221,1303,1524,0.1388
216,1286,1502,0.1388
210,1296,1506,0.1388
208,1296,1504,0.1388
213,1310,1523,0.1388
216,1309,1525,0.1388
216,1294,1510,0.1388
214,1303,1517,0.1388
212,1307,1519,0.1388
216,1300,1516,0.1388
215,1288,1503,0.1388
213,1283,1496,0.1388
210,1297,1507,0.1388
211,1311,1522,0.1388
206,1317,1523,0.1388
206,1305,1511,0.1388
206,1294,1500,0.1388
203,1282,1485,0.1388
205,1294,1499,0.1388
201,1301,1502,0.1388
202,1312,1514,0.1388
205,1312,1517,0.1388
202,1307,1509,0.1388
206,1315,1521,0.1388
202,1327,1529,0.1388
199,1326,1525,0.1388
203,1319,1522,0.1388
200,1310,1510,0.1388
196,1312,1508,0.1388
192,1330,1522,0.1388
195,1337,1532,0.1388
195,1333,1528,0.1388
197,1338,1535,0.1388
193,1330,1523,0.1388
191,1329,1520,0.1388
191,1331,1522,0.1388
190,1324,1514,0.1388
189,1334,1523,0.1388
188,1329,1517,0.1388
187,1318,1505,0.1388
193,1316,1509,0.1388
189,1320,1509,0.1388
192,1323,1515,0.1388
190,1312,1502,0.1388
192,1310,1502,0.1388
190,1316,1506,0.1388
192,1321,1513,0.1388
193,1330,1523,0.1388
193,1325,1518,0.1388
190,1320,1510,0.1388
191,1327,1518,0.1388
191,1313,1504,0.1388
189,1314,1503,0.1388
184,1317,1501,0.1388
187,1329,1516,0.1388
186,1332,1518,0.1388
184,1330,1514,0.1388
185,1336,1521,0.1388
184,1323,1507,0.1388
181,1322,1503,0.1388
182,1330,1512,0.1388
186,1338,1524,0.1388
190,1326,1516,0.1388
195,1323,1518,0.1388
196,1322,1518,0.1388
196,1325,1521,0.1388
192,1323,1515,0.1388
192,1331,1523,0.1388
189,1329,1518,0.1388
186,1332,1518,0.1388
187,1328,1515,0.1388
185,1331,1516,0.1388
187,1333,1520,0.1388
189,1319,1508,0.1388
186,1314,1500,0.1388
183,1317,1500,0.1388
182,1325,1507,0.1388
189,1322,1511,0.1388
187,1329,1516,0.1388
188,1328,1516,0.1388
182,1331,1513,0.1388
182,1323,1505,0.1388
177,1336,1513,0.1388
179,1344,1523,0.1388
178,1340,1518,0.1388
177,1339,1516,0.1388
173,1341,1514,0.1388
174,1340,1514,0.1388
170,1334,1504,0.1388
172,1339,1511,0.1388
169,1352,1521,0.1388
169,1364,1533,0.1388
167,1350,1517,0.1388
171,1347,1518,0.1388
167,1351,1518,0.1388
166,1357,1523,0.1388
168,1350,1518,0.1388
169,1344,1513,0.1388
163,1353,1516,0.1388
158,1357,1515,0.1388
156,1362,1518,0.1388
155,1369,1524,0.1388
157,1359,1516,0.1388
153,1357,1510,0.1388
149,1352,1501,0.1388
151,1362,1513,0.1388
150,1369,1519,0.1388
152,1368,1520,0.1388
147,1368,1515,0.1388
142,1368,1510,0.1388
140,1363,1503,0.1388
141,1369,1510,0.1388
143,1369,1512,0.1388
146,1369,1515,0.1388
145,1374,1519,0.1388
146,1367,1513,0.1388
142,1367,1509,0.1388
139,1363,1502,0.1388
141,1380,1521,0.1388
139,1390,1529,0.1388
141,1384,1525,0.1388
139,1376,1515,0.1388
137,1372,1509,0.1388
136,1378,1514,0.1388
136,1388,1524,0.1388
135,1388,1523,0.1388
138,1390,1528,0.1388
140,1384,1524,0.1388
139,1384,1523,0.1388
139,1393,1532,0.1388
138,1386,1524,0.1388
139,1377,1516,0.1388
140,1379,1519,0.1388
141,1385,1526,0.1388
140,1383,1523,0.1388
139,1386,1525,0.1388
138,1383,1521,0.1388
132,1367,1499,0.1388
131,1382,1513,0.1388
130,1387,1517,0.1388
134,1380,1514,0.1388
129,1378,1507,0.1388
126,1377,1503,0.1388
123,1390,1513,0.1388
121,1392,1513,0.1388
125,1387,1512,0.1388
127,1386,1513,0.1388
124,1386,1510,0.1388
123,1388,1511,0.1388
123,1389,1512,0.1388
126,1389,1515,0.1388
124,1400,1524,0.1388
124,1397,1521,0.1388
121,1396,1517,0.1388
121,1397,1518,0.1388
116,1407,1523,0.1388
117,1402,1519,0.1388
120,1395,1515,0.1388
115,1400,1515,0.1388
113,1404,1517,0.1388
112,1418,1530,0.1388
112,1414,1526,0.1388
114,1399,1513,0.1388
113,1401,1514,0.1388
112,1410,1522,0.1388
110,1404,1514,0.1388
111,1411,1522,0.1388
112,1402,1514,0.1388
112,1414,1526,0.1388
112,1408,1520,0.1388
111,1418,1529,0.1388
110,1423,1533,0.1388
107,1416,1523,0.1388
107,1418,1525,0.1388
107,1414,1521,0.1388
104,1417,1521,0.1388
102,1402,1504,0.1388
100,1403,1503,0.1388
97,1401,1498,0.1388
98,1414,1512,0.1388
99,1421,1520,0.1388
99,1428,1527,0.1388
96,1423,1519,0.1388
100,1425,1525,0.1388
101,1411,1512,0.1388
100,1406,1506,0.1388
102,1418,1520,0.1388
104,1402,1506,0.1388
100,1412,1512,0.1388
100,1405,1505,0.1388
99,1405,1504,0.1388
103,1404,1507,0.1388
105,1414,1519,0.1388
103,1403,1506,0.1388
107,1412,1519,0.1388
107,1406,1513,0.1388
105,1407,1512,0.1388
104,1402,1506,0.1388
105,1392,1497,0.1388
98,1412,1510,0.1388
97,1422,1519,0.1388
94,1427,1521,0.1388
93,1422,1515,0.1388
98,1424,1522,0.1388
96,1422,1518,0.1388
94,1417,1511,0.1388
93,1409,1502,0.1388
96,1416,1512,0.1388
95,1409,1504,0.1388
91,1420,1511,0.1388
96,1415,1511,0.1388
97,1413,1510,0.1388
97,1411,1508,0.1388
95,1404,1499,0.1388
93,1414,1507,0.1388
89,1420,1509,0.1388
88,1419,1507,0.1388
90,1431,1521,0.1388
92,1413,1505,0.1388
90,1412,1502,0.1388
89,1414,1503,0.1388
90,1429,1519,0.1388
89,1415,1504,0.1388
86,1416,1502,0.1388
85,1407,1492,0.1388
86,1425,1511,0.1388
89,1429,1518,0.1388
89,1440,1529,0.1388
88,1432,1520,0.1388
88,1429,1517,0.1388
84,1419,1503,0.1388
82,1431,1513,0.1388
84,1432,1516,0.1388
84,1429,1513,0.1388
82,1430,1512,0.1388
78,1439,1517,0.1388
81,1448,1529,0.1388
80,1445,1525,0.1388
78,1439,1517,0.1388
76,1423,1499,0.1388
74,1430,1504,0.1388
75,1434,1509,0.1388
72,1432,1504,0.1388
74,1422,1496,0.1388
75,1427,1502,0.1388
71,1423,1494,0.1388
72,1441,1513,0.1388
71,1454,1525,0.1388
72,1453,1525,0.1388
71,1451,1522,0.1388
72,1440,1512,0.1388
74,1442,1516,0.1388
73,1445,1518,0.1388
71,1437,1508,0.1388
68,1436,1504,0.1388
72,1429,1501,0.1388
73,1429,1502,0.1388
71,1435,1506,0.1388
68,1430,1498,0.1388
69,1434,1503,0.1388
67,1434,1501,0.1388
68,1427,1495,0.1388
63,1433,1496,0.1388
66,1434,1500,0.1388
65,1446,1511,0.1388
64,1439,1503,0.1388
63,1441,1504,0.1388
64,1442,1506,0.1388
64,1456,1520,0.1388
62,1458,1520,0.1388
64,1450,1514,0.1388
65,1458,1523,0.1388
65,1458,1523,0.1388
63,1459,1522,0.1388
63,1464,1527,0.1388
64,1458,1522,0.1388
64,1455,1519,0.1388
66,1456,1522,0.1388
65,1462,1527,0.1388
65,1462,1527,0.1388
64,1455,1519,0.1388
63,1468,1531,0.1388
65,1467,1532,0.1388
64,1474,1538,0.1388
65,1462,1527,0.1388
67,1456,1523,0.1388
65,1454,1519,0.1388
67,1463,1530,0.1388
65,1443,1508,0.1388
67,1443,1510,0.1388
67,1436,1503,0.1388
66,1436,1502,0.1388
63,1450,1513,0.1388
63,1445,1508,0.1388
64,1461,1525,0.1388
62,1472,1534,0.1388
62,1468,1530,0.1388
63,1463,1526,0.1388
63,1468,1531,0.1388
64,1454,1518,0.1388
66,1448,1514,0.1388
63,1448,1511,0.1388
63,1462,1525,0.1388
61,1458,1519,0.1388
61,1453,1514,0.1388
59,1467,1526,0.1388
60,1474,1534,0.1388
60,1469,1529,0.1388
60,1458,1518,0.1388
61,1453,1514,0.1388
61,1442,1503,0.1388
60,1450,1510,0.1388
59,1457,1516,0.1388
59,1457,1516,0.1388
59,1462,1521,0.1388
59,1453,1512,0.1388
60,1471,1531,0.1388
59,1466,1525,0.1388
58,1450,1508,0.1388
59,1458,1517,0.1388
61,1467,1528,0.1388
61,1465,1526,0.1388
60,1456,1516,0.1388
60,1454,1514,0.1388
62,1461,1523,0.1388
62,1455,1517,0.1388
62,1453,1515,0.1388
63,1448,1511,0.1388
63,1442,1505,0.1388
62,1435,1497,0.1388
61,1440,1501,0.1388
63,1438,1501,0.1388
61,1450,1511,0.1388
58,1451,1509,0.1388
58,1444,1502,0.1388
57,1455,1512,0.1388
58,1464,1522,0.1388
58,1461,1519,0.1388
55,1463,1518,0.1388
55,1475,1530,0.1388
57,1474,1531,0.1388
56,1478,1534,0.1388
55,1465,1520,0.1388
55,1466,1521,0.1388
58,1459,1517,0.1388
58,1456,1514,0.1388
58,1451,1509,0.1388
56,1453,1509,0.1388
56,1456,1512,0.1388
58,1460,1518,0.1388
58,1450,1508,0.1388
58,1455,1513,0.1388
60,1445,1505,0.1388
60,1434,1494,0.1388
62,1444,1506,0.1388
63,1438,1501,0.1388
61,1436,1497,0.1388
59,1441,1500,0.1388
60,1441,1501,0.1388
58,1452,1510,0.1388
62,1452,1514,0.1388
60,1447,1507,0.1388
58,1439,1497,0.1388
58,1442,1500,0.1388
58,1452,1510,0.1388
59,1447,1506,0.1388
57,1447,1504,0.1388
55,1458,1513,0.1388
57,1474,1531,0.1388
56,1463,1519,0.1388
54,1472,1526,0.1388
55,1469,1524,0.1388
53,1457,1510,0.1388
55,1456,1511,0.1388
58,1451,1509,0.1388
57,1460,1517,0.1388
55,1458,1513,0.1388
54,1467,1521,0.1388
55,1453,1508,0.1388
54,1458,1512,0.1388
56,1479,1535,0.1388
57,1473,1530,0.1388
57,1472,1529,0.1388
57,1463,1520,0.1388
56,1466,1522,0.1388
58,1464,1522,0.1388
58,1450,1508,0.1388
55,1453,1508,0.1388
55,1462,1517,0.1388
57,1473,1530,0.1388
56,1464,1520,0.1388
56,1464,1520,0.1388
56,1460,1516,0.1388
55,1456,1511,0.1388
54,1455,1509,0.1388
56,1459,1515,0.1388
52,1459,1511,0.1388
52,1472,1524,0.1388
53,1457,1510,0.1388
53,1466,1519,0.1388
51,1478,1529,0.1388
51,1465,1516,0.1388
52,1465,1517,0.1388
53,1469,1522,0.1388
51,1468,1519,0.1388
52,1459,1511,0.1388
51,1460,1511,0.1388
51,1466,1517,0.1388
49,1449,1498,0.1388
46,1460,1506,0.1388
46,1459,1505,0.1388
47,1466,1513,0.1388
50,1465,1515,0.1388
49,1478,1527,0.1388
49,1468,1517,0.1388
49,1461,1510,0.1388
48,1464,1512,0.1388
48,1474,1522,0.1388
46,1478,1524,0.1388
45,1485,1530,0.1388
45,1479,1524,0.1388
47,1476,1523,0.1388
46,1467,1513,0.1388
47,1475,1522,0.1388
45,1475,1520,0.1388
43,1489,1532,0.1388
42,1484,1526,0.1388
42,1473,1515,0.1388
43,1484,1527,0.1388
43,1479,1522,0.1388
42,1473,1515,0.1388
41,1479,1520,0.1388
40,1495,1535,0.1388
40,1488,1528,0.1388
40,1482,1522,0.1388
40,1475,1515,0.1388
40,1477,1517,0.1388
40,1480,1520,0.1388
42,1470,1512,0.1388
42,1486,1528,0.1388
41,1470,1511,0.1388
41,1471,1512,0.1388
41,1465,1506,0.1388
41,1461,1502,0.1388
40,1477,1517,0.1388
39,1478,1517,0.1388
40,1472,1512,0.1388
39,1474,1513,0.1388
38,1468,1506,0.1388
42,1466,1508,0.1388
40,1468,1508,0.1388
41,1469,1510,0.1388
41,1469,1510,0.1388
42,1459,1501,0.1388
40,1463,1503,0.1388
41,1455,1496,0.1388
37,1463,1500,0.1388
38,1467,1505,0.1388
38,1477,1515,0.1388
38,1474,1512,0.1388
39,1483,1522,0.1388
38,1485,1523,0.1388
36,1491,1527,0.1388
37,1481,1518,0.1388
38,1477,1515,0.1388
38,1478,1516,0.1388
39,1479,1518,0.1388
39,1475,1514,0.1388
40,1469,1509,0.1388
40,1474,1514,0.1388
42,1477,1519,0.1388
41,1472,1513,0.1388
39,1466,1505,0.1388
40,1471,1511,0.1388
40,1475,1515,0.1388
40,1469,1509,0.1388
40,1477,1517,0.1388
41,1483,1524,0.1388
41,1467,1508,0.1388
42,1478,1520,0.1388
43,1476,1519,0.1388
44,1483,1527,0.1388
43,1496,1539,0.1388
41,1491,1532,0.1388
41,1496,1537,0.1388
42,1479,1521,0.1388
42,1478,1520,0.1388
41,1483,1524,0.1388
40,1485,1525,0.1388
41,1471,1512,0.1388
41,1468,1509,0.1388
40,1474,1514,0.1388
39,1477,1516,0.1388
40,1457,1497,0.1388
40,1465,1505,0.1388
41,1462,1503,0.1388
42,1482,1524,0.1388
37,1479,1516,0.1388
38,1492,1530,0.1388
39,1480,1519,0.1388
37,1488,1525,0.1388
34,1488,1522,0.1388
34,1492,1526,0.1388
34,1485,1519,0.1388
35,1477,1512,0.1388
36,1469,1505,0.1388
35,1480,1515,0.1388
36,1478,1514,0.1388
38,1473,1511,0.1388
36,1478,1514,0.1388
34,1480,1514,0.1388
34,1484,1518,0.1388
34,1495,1529,0.1388
34,1496,1530,0.1388
35,1494,1529,0.1388
35,1482,1517,0.1388
35,1476,1511,0.1388
35,1476,1511,0.1388
37,1466,1503,0.1388
38,1452,1490,0.1388
38,1452,1490,0.1388
36,1472,1508,0.1388
34,1478,1512,0.1388
36,1495,1531,0.1388
35,1487,1522,0.1388
34,1484,1518,0.1388
35,1490,1525,0.1388
35,1484,1519,0.1388
34,1487,1521,0.1388
35,1485,1520,0.1388
35,1487,1522,0.1388
35,1481,1516,0.1388
37,1485,1522,0.1388
37,1492,1529,0.1388
37,1475,1512,0.1388
37,1472,1509,0.1388
37,1466,1503,0.1388
38,1465,1503,0.1388
37,1469,1506,0.1388
37,1473,1510,0.1388
36,1472,1508,0.1388
36,1480,1516,0.1388
35,1477,1512,0.1388
34,1484,1518,0.1388
34,1488,1522,0.1388
35,1488,1523,0.1388
34,1482,1516,0.1388
34,1488,1522,0.1388
34,1479,1513,0.1388
35,1477,1512,0.1388
34,1481,1515,0.1388
34,1487,1521,0.1388
34,1486,1520,0.1388
34,1489,1523,0.1388
35,1485,1520,0.1388
37,1493,1530,0.1388
35,1493,1528,0.1388
33,1491,1524,0.1388
32,1486,1518,0.1388
31,1487,1518,0.1388
31,1497,1528,0.1388
28,1486,1514,0.1388
29,1474,1503,0.1388
29,1491,1520,0.1388
28,1491,1519,0.1388
28,1497,1525,0.1388
29,1495,1524,0.1388
28,1494,1522,0.1388
29,1489,1518,0.1388
29,1479,1508,0.1388
29,1486,1515,0.1388
29,1490,1519,0.1388
29,1490,1519,0.1388
29,1485,1514,0.1388
31,1495,1526,0.1388
29,1489,1518,0.1388
30,1479,1509,0.1388
31,1485,1516,0.1388
30,1486,1516,0.1388
31,1486,1517,0.1388
33,1490,1523,0.1388
30,1475,1505,0.1388
30,1474,1504,0.1388
30,1473,1503,0.1388
31,1467,1498,0.1388
31,1467,1498,0.1388
31,1473,1504,0.1388
30,1481,1511,0.1388
33,1485,1518,0.1388
33,1478,1511,0.1388
33,1461,1494,0.1388
34,1469,1503,0.1388
33,1478,1511,0.1388
33,1488,1521,0.1388
35,1487,1522,0.1388
35,1481,1516,0.1388
34,1477,1511,0.1388
34,1485,1519,0.1388
35,1493,1528,0.1388
36,1484,1520,0.1388
35,1481,1516,0.1388
36,1479,1515,0.1388
36,1496,1532,0.1388
36,1494,1530,0.1388
35,1497,1532,0.1388
32,1492,1524,0.1388
34,1481,1515,0.1388
33,1482,1515,0.1388
33,1492,1525,0.1388
32,1475,1507,0.1388
30,1473,1503,0.1388
30,1481,1511,0.1388
29,1491,1520,0.1388
30,1494,1524,0.1388
30,1487,1517,0.1388
32,1489,1521,0.1388
33,1483,1516,0.1388
32,1479,1511,0.1388
33,1473,1506,0.1388
33,1483,1516,0.1388
33,1494,1527,0.1388
36,1483,1519,0.1388
35,1482,1517,0.1388
35,1478,1513,0.1388
35,1486,1521,0.1388
35,1474,1509,0.1388
35,1477,1512,0.1388
33,1477,1510,0.1388
32,1479,1511,0.1388
33,1498,1531,0.1388
33,1496,1529,0.1388
33,1500,1533,0.1388
33,1490,1523,0.1388
33,1482,1515,0.1388
33,1504,1537,0.1388
33,1501,1534,0.1388
33,1493,1526,0.1388
33,1491,1524,0.1388
34,1475,1509,0.1388
33,1468,1501,0.1388
34,1486,1520,0.1388
32,1489,1521,0.1388
34,1474,1508,0.1388
34,1469,1503,0.1388
34,1486,1520,0.1388
34,1473,1507,0.1388
34,1479,1513,0.1388
33,1481,1514,0.1388
32,1488,1520,0.1388
33,1495,1528,0.1388
33,1473,1506,0.1388
35,1476,1511,0.1388
35,1476,1511,0.1388
35,1472,1507,0.1388
34,1488,1522,0.1388
34,1482,1516,0.1388
33,1479,1512,0.1388
33,1477,1510,0.1388
33,1482,1515,0.1388
33,1482,1515,0.1388
31,1488,1519,0.1388
30,1480,1510,0.1388
31,1473,1504,0.1388
32,1462,1494,0.1388
29,1480,1509,0.1388
27,1476,1503,0.1388
27,1485,1512,0.1388
26,1474,1500,0.1388
26,1472,1498,0.1388
27,1474,1501,0.1388
30,1480,1510,0.1388
29,1487,1516,0.1388
32,1478,1510,0.1388
31,1469,1500,0.1388
29,1471,1500,0.1388
30,1476,1506,0.1388
29,1471,1500,0.1388
28,1456,1484,0.1388
28,1464,1492,0.1388
28,1481,1509,0.1388
26,1494,1520,0.1388
25,1495,1520,0.1388
25,1490,1515,0.1388
24,1494,1518,0.1388
23,1487,1510,0.1388
23,1471,1494,0.1388
24,1483,1507,0.1388
26,1482,1508,0.1388
27,1498,1525,0.1388
29,1484,1513,0.1388
28,1487,1515,0.1388
28,1489,1517,0.1388
29,1495,1524,0.1388
29,1488,1517,0.1388
27,1496,1523,0.1388
28,1494,1522,0.1388
28,1489,1517,0.1388
30,1487,1517,0.1388
29,1487,1516,0.1388
31,1486,1517,0.1388
30,1487,1517,0.1388
30,1489,1519,0.1388
31,1484,1515,0.1388
32,1486,1518,0.1388
33,1493,1526,0.1388
33,1481,1514,0.1388
33,1484,1517,0.1388
31,1481,1512,0.1388
31,1480,1511,0.1388
32,1485,1517,0.1388
33,1489,1522,0.1388
33,1475,1508,0.1388
34,1470,1504,0.1388
34,1483,1517,0.1388
32,1471,1503,0.1388
32,1478,1510,0.1388
30,1483,1513,0.1388
31,1483,1514,0.1388
31,1474,1505,0.1388
31,1473,1504,0.1388
30,1477,1507,0.1388
30,1497,1527,0.1388
30,1481,1511,0.1388
30,1481,1511,0.1388
29,1482,1511,0.1388
27,1481,1508,0.1388
27,1484,1511,0.1388
28,1493,1521,0.1388
27,1493,1520,0.1388
28,1480,1508,0.1388
28,1495,1523,0.1388
30,1473,1503,0.1388
30,1484,1514,0.1388
29,1493,1522,0.1388
29,1495,1524,0.1388
31,1491,1522,0.1388
31,1477,1508,0.1388
30,1485,1515,0.1388
28,1487,1515,0.1388
29,1481,1510,0.1388
29,1482,1511,0.1388
29,1475,1504,0.1388
29,1498,1527,0.1388
29,1483,1512,0.1388
30,1482,1512,0.1388
30,1479,1509,0.1388
32,1484,1516,0.1388
30,1491,1521,0.1388
31,1490,1521,0.1388
30,1482,1512,0.1388
28,1489,1517,0.1388
29,1487,1516,0.1388
29,1485,1514,0.1388
29,1477,1506,0.1388
29,1475,1504,0.1388
28,1481,1509,0.1388
29,1481,1510,0.1388
30,1487,1517,0.1388
30,1477,1507,0.1388
30,1477,1507,0.1388
28,1481,1509,0.1388
28,1495,1523,0.1388
29,1490,1519,0.1388
29,1480,1509,0.1388
29,1491,1520,0.1388
25,1495,1520,0.1388
26,1498,1524,0.1388
27,1493,1520,0.1388
29,1485,1514,0.1388
29,1494,1523,0.1388
28,1498,1526,0.1388
28,1485,1513,0.1388
27,1480,1507,0.1388
26,1488,1514,0.1388
24,1488,1512,0.1388
25,1485,1510,0.1388
26,1487,1513,0.1388
28,1482,1510,0.1388
29,1490,1519,0.1388
29,1487,1516,0.1388
29,1491,1520,0.1388
27,1479,1506,0.1388
26,1473,1499,0.1388
27,1478,1505,0.1388
27,1490,1517,0.1388
27,1498,1525,0.1388
26,1492,1518,0.1388
24,1491,1515,0.1388
25,1497,1522,0.1388
24,1489,1513,0.1388
25,1487,1512,0.1388
25,1483,1508,0.1388
25,1498,1523,0.1388
23,1495,1518,0.1388
24,1506,1530,0.1388
24,1501,1525,0.1388
22,1492,1514,0.1388
20,1499,1519,0.1388
20,1498,1518,0.1388
20,1498,1518,0.1388
21,1485,1506,0.1388
21,1489,1510,0.1388
21,1485,1506,0.1388
20,1478,1498,0.1388
20,1478,1498,0.1388
18,1489,1507,0.1388
20,1496,1516,0.1388
21,1493,1514,0.1388
22,1490,1512,0.1388
21,1476,1497,0.1388
21,1476,1497,0.1388
22,1480,1502,0.1388
22,1506,1528,0.1388
23,1501,1524,0.1388
22,1498,1520,0.1388
22,1502,1524,0.1388
21,1499,1520,0.1388
19,1500,1519,0.1388
19,1508,1527,0.1388
18,1498,1516,0.1388
17,1495,1512,0.1388
17,1496,1513,0.1388
17,1490,1507,0.1388
18,1497,1515,0.1388
18,1501,1519,0.1388
17,1500,1517,0.1388
18,1500,1518,0.1388
19,1508,1527,0.1388
19,1505,1524,0.1388
18,1494,1512,0.1388
21,1500,1521,0.1388
20,1494,1514,0.1388
20,1490,1510,0.1388
19,1486,1505,0.1388
20,1497,1517,0.1388
21,1488,1509,0.1388
21,1497,1518,0.1388
21,1506,1527,0.1388
20,1495,1515,0.1388
19,1502,1521,0.1388
18,1502,1520,0.1388
18,1507,1525,0.1388
18,1519,1537,0.1388
17,1509,1526,0.1388
17,1507,1524,0.1388
16,1504,1520,0.1388
17,1496,1513,0.1388
17,1488,1505,0.1388
18,1503,1521,0.1388
18,1521,1539,0.1388
18,1512,1530,0.1388
18,1495,1513,0.1388
17,1490,1507,0.1388
18,1489,1507,0.1388
18,1497,1515,0.1388
19,1504,1523,0.1388
19,1510,1529,0.1388
21,1504,1525,0.1388
21,1483,1504,0.1388
20,1495,1515,0.1388
20,1481,1501,0.1388
18,1495,1513,0.1388
18,1506,1524,0.1388
15,1504,1519,0.1388
16,1503,1519,0.1388
16,1507,1523,0.1388
15,1512,1527,0.1388
14,1501,1515,0.1388
14,1495,1509,0.1388
13,1505,1518,0.1388
12,1506,1518,0.1388
11,1505,1516,0.1388
13,1504,1517,0.1388
13,1494,1507,0.1388
13,1503,1516,0.1388
12,1506,1518,0.1388
12,1501,1513,0.1388
11,1508,1519,0.1388
11,1513,1524,0.1388
11,1515,1526,0.1388
11,1511,1522,0.1388
11,1513,1524,0.1388
11,1493,1504,0.1388
11,1502,1513,0.1388
11,1511,1522,0.1388
10,1521,1531,0.1388
10,1517,1527,0.1388
10,1514,1524,0.1388
10,1525,1535,0.1388
10,1511,1521,0.1388
9,1505,1514,0.1388
9,1510,1519,0.1388
7,1522,1529,0.1388
7,1529,1536,0.1388
7,1524,1531,0.1388
7,1522,1529,0.1388
7,1526,1533,0.1388
6,1522,1528,0.1388
4,1514,1518,0.1388
4,1516,1520,0.1388
4,1523,1527,0.1388
4,1517,1521,0.1388
4,1516,1520,0.1388
4,1510,1514,0.1388
4,1511,1515,0.1388
4,1501,1505,0.1388
3,1506,1509,0.1388
3,1508,1511,0.1388
3,1518,1521,0.1388
3,1519,1522,0.1388
3,1520,1523,0.1388
3,1517,1520,0.1388
3,1519,1522,0.1388
3,1518,1521,0.1388
3,1519,1522,0.1388
3,1519,1522,0.1388
3,1510,1513,0.1388
3,1498,1501,0.1388
3,1497,1500,0.1388
4,1515,1519,0.1388
4,1512,1516,0.1388
4,1512,1516,0.1388
4,1508,1512,0.1388
4,1524,1528,0.1388
4,1509,1513,0.1388
4,1508,1512,0.1388
4,1509,1513,0.1388
4,1512,1516,0.1388
3,1527,1530,0.1388
2,1522,1524,0.1388
3,1526,1529,0.1388
3,1516,1519,0.1388
3,1514,1517,0.1388
3,1512,1515,0.1388
3,1511,1514,0.1388
4,1505,1509,0.1388
3,1493,1496,0.1388
3,1500,1503,0.1388
3,1513,1516,0.1388
3,1509,1512,0.1388
2,1514,1516,0.1388
2,1515,1517,0.1388
2,1516,1518,0.1388
2,1514,1516,0.1388
2,1526,1528,0.1388
2,1514,1516,0.1388
2,1512,1514,0.1388
2,1516,1518,0.1388
2,1515,1517,0.1388
2,1522,1524,0.1388
2,1521,1523,0.1388
2,1516,1518,0.1388
2,1525,1527,0.1388
2,1513,1515,0.1388
2,1517,1519,0.1388
2,1515,1517,0.1388
2,1511,1513,0.1388
2,1528,1530,0.1388
2,1517,1519,0.1388
2,1529,1531,0.1388
2,1527,1529,0.1388
2,1523,1525,0.1388
2,1532,1534,0.1388
2,1528,1530,0.1388
2,1532,1534,0.1388
2,1510,1512,0.1388
2,1517,1519,0.1388
2,1516,1518,0.1388
2,1514,1516,0.1388
2,1528,1530,0.1388
2,1519,1521,0.1388
2,1522,1524,0.1388
2,1517,1519,0.1388
2,1520,1522,0.1388
2,1527,1529,0.1388
2,1519,1521,0.1388
2,1533,1535,0.1388
2,1528,1530,0.1388
2,1524,1526,0.1388
2,1525,1527,0.1388
2,1510,1512,0.1388
2,1500,1502,0.1388
2,1513,1515,0.1388
2,1505,1507,0.1388
1,1515,1516,0.1388
1,1522,1523,0.1388
1,1518,1519,0.1388
1,1519,1520,0.1388
1,1515,1516,0.1388
1,1517,1518,0.1388
1,1516,1517,0.1388
1,1506,1507,0.1388
1,1506,1507,0.1388
1,1498,1499,0.1388
1,1504,1505,0.1388
1,1508,1509,0.1388
1,1514,1515,0.1388
1,1501,1502,0.1388
1,1512,1513,0.1388
1,1505,1506,0.1388
1,1522,1523,0.1388
1,1529,1530,0.1388
1,1517,1518,0.1388
1,1517,1518,0.1388
2,1518,1520,0.1388
2,1517,1519,0.1388
2,1504,1506,0.1388
2,1521,1523,0.1388
2,1513,1515,0.1388
2,1510,1512,0.1388
2,1516,1518,0.1388
2,1521,1523,0.1388
2,1509,1511,0.1388
2,1515,1517,0.1388
2,1503,1505,0.1388
2,1513,1515,0.1388
2,1509,1511,0.1388
2,1507,1509,0.1388
2,1513,1515,0.1388
2,1508,1510,0.1388
2,1513,1515,0.1388
2,1520,1522,0.1388
2,1505,1507,0.1388
2,1519,1521,0.1388
2,1515,1517,0.1388
2,1509,1511,0.1388
2,1515,1517,0.1388
2,1527,1529,0.1388
2,1541,1543,0.1388
2,1518,1520,0.1388
1,1525,1526,0.1388
2,1514,1516,0.1388
2,1508,1510,0.1388
2,1508,1510,0.1388
2,1511,1513,0.1388
2,1510,1512,0.1388
2,1517,1519,0.1388
2,1512,1514,0.1388
2,1512,1514,0.1388
2,1516,1518,0.1388
2,1511,1513,0.1388
2,1514,1516,0.1388
2,1506,1508,0.1388
2,1507,1509,0.1388
2,1504,1506,0.1388
2,1506,1508,0.1388
2,1514,1516,0.1388
2,1514,1516,0.1388
2,1512,1514,0.1388
2,1516,1518,0.1388
2,1510,1512,0.1388
2,1510,1512,0.1388
2,1522,1524,0.1388
2,1510,1512,0.1388
2,1510,1512,0.1388
2,1509,1511,0.1388
2,1517,1519,0.1388
2,1504,1506,0.1388
2,1501,1503,0.1388
2,1506,1508,0.1388
1,1504,1505,0.1388
0,1513,1513,0.1388
