1370,29,1399,0.1388
1404,31,1435,0.1388
1423,31,1454,0.1388
1449,32,1481,0.1388
1453,31,1484,0.1388
1451,30,1481,0.1388
1452,30,1482,0.1388
1463,27,1490,0.1388
1455,26,1481,0.1388
1457,27,1484,0.1388
1458,27,1485,0.1388
1460,29,1489,0.1388
1464,29,1493,0.1388
1467,29,1496,0.1388
1462,27,1489,0.1388
1461,27,1488,0.1388
1444,25,1469,0.1388
1443,27,1470,0.1388
1453,26,1479,0.1388
1462,25,1487,0.1388
1459,25,1484,0.1388
1465,23,1488,0.1388
1463,23,1486,0.1388
1466,22,1488,0.1388
1457,23,1480,0.1388
1466,23,1489,0.1388
1476,21,1497,0.1388
1455,21,1476,0.1388
1457,22,1479,0.1388
1453,22,1475,0.1388
1456,22,1478,0.1388
1456,23,1479,0.1388
1468,23,1491,0.1388
1468,24,1492,0.1388
1469,26,1495,0.1388
1454,26,1480,0.1388
1458,26,1484,0.1388
1457,27,1484,0.1388
1459,27,1486,0.1388
1449,28,1477,0.1388
1440,27,1467,0.1388
1452,28,1480,0.1388
1455,28,1483,0.1388
1450,29,1479,0.1388
1440,29,1469,0.1388
1454,25,1479,0.1388
1464,23,1487,0.1388
1461,22,1483,0.1388
1463,20,1483,0.1388
1456,20,1476,0.1388
1457,19,1476,0.1388
1456,21,1477,0.1388
1469,23,1492,0.1388
1463,23,1486,0.1388
1467,23,1490,0.1388
1469,24,1493,0.1388
1466,24,1490,0.1388
1474,23,1497,0.1388
1463,24,1487,0.1388
1471,23,1494,0.1388
1469,24,1493,0.1388
1465,25,1490,0.1388
1453,24,1477,0.1388
1467,26,1493,0.1388
1451,26,1477,0.1388
1451,27,1478,0.1388
1468,27,1495,0.1388
1476,26,1502,0.1388
1474,26,1500,0.1388
1473,24,1497,0.1388
1473,24,1497,0.1388
1479,23,1502,0.1388
1481,26,1507,0.1388
1469,24,1493,0.1388
1468,24,1492,0.1388
1471,22,1493,0.1388
1472,20,1492,0.1388
1455,22,1477,0.1388
1468,22,1490,0.1388
1474,21,1495,0.1388
1479,21,1500,0.1388
1478,23,1501,0.1388
1464,23,1487,0.1388
1467,22,1489,0.1388
1475,22,1497,0.1388
1486,21,1507,0.1388
1485,23,1508,0.1388
1473,23,1496,0.1388
1463,23,1486,0.1388
1460,24,1484,0.1388
1458,26,1484,0.1388
1463,27,1490,0.1388
1461,26,1487,0.1388
1474,26,1500,0.1388
1475,26,1501,0.1388
1484,27,1511,0.1388
1476,26,1502,0.1388
1476,26,1502,0.1388
1479,25,1504,0.1388
1466,25,1491,0.1388
1471,28,1499,0.1388
1477,29,1506,0.1388
1470,28,1498,0.1388
1467,30,1497,0.1388
1460,29,1489,0.1388
1470,29,1499,0.1388
1456,28,1484,0.1388
1453,28,1481,0.1388
1457,28,1485,0.1388
1456,28,1484,0.1388
1468,27,1495,0.1388
1466,28,1494,0.1388
1459,29,1488,0.1388
1469,30,1499,0.1388
1468,29,1497,0.1388
1475,30,1505,0.1388
1479,30,1509,0.1388
1472,27,1499,0.1388
1465,26,1491,0.1388
1491,28,1519,0.1388
1491,30,1521,0.1388
1485,31,1516,0.1388
1482,31,1513,0.1388
1465,33,1498,0.1388
1455,34,1489,0.1388
1465,33,1498,0.1388
1476,33,1509,0.1388
1471,34,1505,0.1388
1467,35,1502,0.1388
1474,36,1510,0.1388
1458,36,1494,0.1388
1468,36,1504,0.1388
1458,35,1493,0.1388
1459,34,1493,0.1388
1467,33,1500,0.1388
1446,34,1480,0.1388
1448,34,1482,0.1388
1450,34,1484,0.1388
1444,36,1480,0.1388
1443,36,1479,0.1388
1450,35,1485,0.1388
1459,33,1492,0.1388
1460,33,1493,0.1388
1472,34,1506,0.1388
1471,38,1509,0.1388
1473,38,1511,0.1388
1473,38,1511,0.1388
1474,37,1511,0.1388
1470,38,1508,0.1388
1451,38,1489,0.1388
1458,37,1495,0.1388
1461,34,1495,0.1388
1461,34,1495,0.1388
1468,34,1502,0.1388
1472,33,1505,0.1388
1456,34,1490,0.1388
1448,33,1481,0.1388
1451,33,1484,0.1388
1458,37,1495,0.1388
1456,36,1492,0.1388
1452,36,1488,0.1388
1462,38,1500,0.1388
1460,37,1497,0.1388
1461,35,1496,0.1388
1461,35,1496,0.1388
1450,33,1483,0.1388
1432,34,1466,0.1388
1419,37,1456,0.1388
1431,39,1470,0.1388
1425,37,1462,0.1388
1442,36,1478,0.1388
1444,37,1481,0.1388
1448,35,1483,0.1388
1437,37,1474,0.1388
1457,37,1494,0.1388
1460,36,1496,0.1388
1461,38,1499,0.1388
1465,38,1503,0.1388
1462,39,1501,0.1388
1463,40,1503,0.1388
1471,39,1510,0.1388
1476,41,1517,0.1388
1462,40,1502,0.1388
1447,40,1487,0.1388
1446,41,1487,0.1388
1445,41,1486,0.1388
1438,39,1477,0.1388
1436,39,1475,0.1388
1441,39,1480,0.1388
1450,38,1488,0.1388
1447,39,1486,0.1388
1458,36,1494,0.1388
1443,33,1476,0.1388
1452,35,1487,0.1388
1444,33,1477,0.1388
1450,37,1487,0.1388
1461,37,1498,0.1388
1454,36,1490,0.1388
1444,35,1479,0.1388
1439,39,1478,0.1388
1445,37,1482,0.1388
1455,36,1491,0.1388
1451,37,1488,0.1388
1469,37,1506,0.1388
1447,39,1486,0.1388
1452,36,1488,0.1388
1449,35,1484,0.1388
1434,35,1469,0.1388
1445,34,1479,0.1388
1461,33,1494,0.1388
1465,32,1497,0.1388
1466,35,1501,0.1388
1461,37,1498,0.1388
1459,38,1497,0.1388
1468,37,1505,0.1388
1466,39,1505,0.1388
1466,38,1504,0.1388
1477,38,1515,0.1388
1466,41,1507,0.1388
1472,39,1511,0.1388
1476,36,1512,0.1388
1467,35,1502,0.1388
1452,37,1489,0.1388
1452,36,1488,0.1388
1445,36,1481,0.1388
1452,38,1490,0.1388
1455,39,1494,0.1388
1444,41,1485,0.1388
1441,43,1484,0.1388
1461,44,1505,0.1388
1472,43,1515,0.1388
1472,43,1515,0.1388
1464,45,1509,0.1388
1458,45,1503,0.1388
1463,45,1508,0.1388
1461,44,1505,0.1388
1455,44,1499,0.1388
1450,45,1495,0.1388
1441,46,1487,0.1388
1440,46,1486,0.1388
1465,44,1509,0.1388
1468,40,1508,0.1388
1468,42,1510,0.1388
1471,45,1516,0.1388
1469,45,1514,0.1388
1455,44,1499,0.1388
1450,44,1494,0.1388
1463,44,1507,0.1388
1446,44,1490,0.1388
1442,46,1488,0.1388
1434,50,1484,0.1388
1440,51,1491,0.1388
1436,49,1485,0.1388
1432,48,1480,0.1388
1433,49,1482,0.1388
1420,46,1466,0.1388
1442,48,1490,0.1388
1449,45,1494,0.1388
1454,45,1499,0.1388
1444,45,1489,0.1388
1441,46,1487,0.1388
1451,50,1501,0.1388
1447,50,1497,0.1388
1442,50,1492,0.1388
1442,49,1491,0.1388
1440,51,1491,0.1388
1444,53,1497,0.1388
1436,52,1488,0.1388
1447,52,1499,0.1388
1437,53,1490,0.1388
1436,54,1490,0.1388
1440,53,1493,0.1388
1437,54,1491,0.1388
1436,56,1492,0.1388
1426,57,1483,0.1388
1426,57,1483,0.1388
1432,56,1488,0.1388
1437,58,1495,0.1388
1444,61,1505,0.1388
1443,61,1504,0.1388
1437,59,1496,0.1388
1429,56,1485,0.1388
1425,57,1482,0.1388
1440,57,1497,0.1388
1439,58,1497,0.1388
1442,57,1499,0.1388
1437,59,1496,0.1388
1431,60,1491,0.1388
1430,59,1489,0.1388
1434,59,1493,0.1388
1434,59,1493,0.1388
1440,61,1501,0.1388
1439,63,1502,0.1388
1438,62,1500,0.1388
1433,62,1495,0.1388
1436,63,1499,0.1388
1439,61,1500,0.1388
1432,59,1491,0.1388
1430,59,1489,0.1388
1440,55,1495,0.1388
1438,57,1495,0.1388
1448,57,1505,0.1388
1449,58,1507,0.1388
1437,60,1497,0.1388
1443,60,1503,0.1388
1457,60,1517,0.1388
1468,58,1526,0.1388
1466,61,1527,0.1388
1445,62,1507,0.1388
1443,64,1507,0.1388
1428,64,1492,0.1388
1423,64,1487,0.1388
1420,65,1485,0.1388
1435,65,1500,0.1388
1443,66,1509,0.1388
1437,67,1504,0.1388
1438,66,1504,0.1388
1424,69,1493,0.1388
1423,67,1490,0.1388
1431,69,1500,0.1388
1434,67,1501,0.1388
1441,64,1505,0.1388
1437,63,1500,0.1388
1438,64,1502,0.1388
1452,66,1518,0.1388
1443,63,1506,0.1388
1431,62,1493,0.1388
1443,63,1506,0.1388
1436,61,1497,0.1388
1446,61,1507,0.1388
1440,63,1503,0.1388
1439,64,1503,0.1388
1444,65,1509,0.1388
1443,65,1508,0.1388
1436,67,1503,0.1388
1438,67,1505,0.1388
1431,64,1495,0.1388
1447,63,1510,0.1388
1441,66,1507,0.1388
1442,66,1508,0.1388
1430,67,1497,0.1388
1422,67,1489,0.1388
1415,62,1477,0.1388
1416,65,1481,0.1388
1419,67,1486,0.1388
1421,64,1485,0.1388
1409,66,1475,0.1388
1416,69,1485,0.1388
1428,72,1500,0.1388
1429,72,1501,0.1388
1420,72,1492,0.1388
1423,77,1500,0.1388
1428,80,1508,0.1388
1413,79,1492,0.1388
1408,79,1487,0.1388
1394,80,1474,0.1388
1410,82,1492,0.1388
1413,84,1497,0.1388
1421,83,1504,0.1388
1422,84,1506,0.1388
1415,81,1496,0.1388
1401,82,1483,0.1388
1401,83,1484,0.1388
1398,82,1480,0.1388
1402,82,1484,0.1388
1411,84,1495,0.1388
1418,86,1504,0.1388
1418,87,1505,0.1388
1416,86,1502,0.1388
1410,87,1497,0.1388
1400,81,1481,0.1388
1413,81,1494,0.1388
1413,80,1493,0.1388
1406,79,1485,0.1388
1406,79,1485,0.1388
1409,78,1487,0.1388
1411,80,1491,0.1388
1401,81,1482,0.1388
1405,80,1485,0.1388
1402,81,1483,0.1388
1403,82,1485,0.1388
1405,82,1487,0.1388
1398,83,1481,0.1388
1402,82,1484,0.1388
1410,80,1490,0.1388
1413,79,1492,0.1388
1414,79,1493,0.1388
1398,76,1474,0.1388
1414,77,1491,0.1388
1410,80,1490,0.1388
1421,83,1504,0.1388
1425,85,1510,0.1388
1430,85,1515,0.1388
1416,85,1501,0.1388
1427,90,1517,0.1388
1418,91,1509,0.1388
1432,91,1523,0.1388
1424,92,1516,0.1388
1413,94,1507,0.1388
1413,94,1507,0.1388
1414,95,1509,0.1388
1401,94,1495,0.1388
1414,100,1514,0.1388
1415,96,1511,0.1388
1412,98,1510,0.1388
1396,96,1492,0.1388
1385,96,1481,0.1388
1364,98,1462,0.1388
1369,100,1469,0.1388
1364,98,1462,0.1388
1363,96,1459,0.1388
1371,97,1468,0.1388
1373,99,1472,0.1388
1375,95,1470,0.1388
1375,95,1470,0.1388
1387,94,1481,0.1388
1400,97,1497,0.1388
1398,103,1501,0.1388
1386,104,1490,0.1388
1394,103,1497,0.1388
1407,104,1511,0.1388
1405,101,1506,0.1388
1393,96,1489,0.1388
1391,98,1489,0.1388
1396,102,1498,0.1388
1401,100,1501,0.1388
1390,98,1488,0.1388
1400,98,1498,0.1388
1405,96,1501,0.1388
1404,96,1500,0.1388
1397,97,1494,0.1388
1382,97,1479,0.1388
1396,97,1493,0.1388
1376,99,1475,0.1388
1363,100,1463,0.1388
1385,102,1487,0.1388
1395,104,1499,0.1388
1392,104,1496,0.1388
1389,102,1491,0.1388
1394,104,1498,0.1388
1375,101,1476,0.1388
1381,101,1482,0.1388
1388,106,1494,0.1388
1390,108,1498,0.1388
1375,111,1486,0.1388
1388,110,1498,0.1388
1393,109,1502,0.1388
1400,110,1510,0.1388
1397,111,1508,0.1388
1401,110,1511,0.1388
1402,110,1512,0.1388
1393,107,1500,0.1388
1392,109,1501,0.1388
1371,110,1481,0.1388
1386,107,1493,0.1388
1387,108,1495,0.1388
1387,110,1497,0.1388
1387,110,1497,0.1388
1393,112,1505,0.1388
1386,113,1499,0.1388
1391,113,1504,0.1388
1391,113,1504,0.1388
1393,114,1507,0.1388
1391,112,1503,0.1388
1389,113,1502,0.1388
1387,108,1495,0.1388
1385,109,1494,0.1388
1385,110,1495,0.1388
1390,112,1502,0.1388
1395,111,1506,0.1388
1396,113,1509,0.1388
1386,109,1495,0.1388
1395,106,1501,0.1388
1389,107,1496,0.1388
1392,108,1500,0.1388
1388,109,1497,0.1388
1382,110,1492,0.1388
1389,105,1494,0.1388
1375,108,1483,0.1388
1378,111,1489,0.1388
1375,110,1485,0.1388
1371,111,1482,0.1388
1368,109,1477,0.1388
1374,107,1481,0.1388
1379,107,1486,0.1388
1374,111,1485,0.1388
1385,113,1498,0.1388
1366,111,1477,0.1388
1358,115,1473,0.1388
1354,113,1467,0.1388
1366,113,1479,0.1388
1365,110,1475,0.1388
1376,109,1485,0.1388
1381,111,1492,0.1388
1366,113,1479,0.1388
1357,112,1469,0.1388
1352,112,1464,0.1388
1368,114,1482,0.1388
1364,114,1478,0.1388
1356,113,1469,0.1388
1365,110,1475,0.1388
1371,113,1484,0.1388
1376,113,1489,0.1388
1378,112,1490,0.1388
1376,110,1486,0.1388
1383,107,1490,0.1388
1393,106,1499,0.1388
1380,113,1493,0.1388
1383,111,1494,0.1388
1386,107,1493,0.1388
1383,107,1490,0.1388
1386,112,1498,0.1388
1383,115,1498,0.1388
1389,113,1502,0.1388
1372,117,1489,0.1388
1366,119,1485,0.1388
1372,120,1492,0.1388
1384,119,1503,0.1388
1376,115,1491,0.1388
1381,118,1499,0.1388
1384,119,1503,0.1388
1380,119,1499,0.1388
1384,118,1502,0.1388
1374,118,1492,0.1388
1365,125,1490,0.1388
1352,130,1482,0.1388
1355,131,1486,0.1388
1352,127,1479,0.1388
1361,127,1488,0.1388
1370,128,1498,0.1388
1370,128,1498,0.1388
1372,126,1498,0.1388
1372,126,1498,0.1388
1364,127,1491,0.1388
1370,127,1497,0.1388
1377,127,1504,0.1388
1365,128,1493,0.1388
1382,131,1513,0.1388
1380,131,1511,0.1388
1364,126,1490,0.1388
1361,124,1485,0.1388
1352,124,1476,0.1388
1364,123,1487,0.1388
1377,124,1501,0.1388
1372,123,1495,0.1388
1368,121,1489,0.1388
1357,123,1480,0.1388
1364,124,1488,0.1388
1359,130,1489,0.1388
1352,133,1485,0.1388
1354,134,1488,0.1388
1365,138,1503,0.1388
1367,139,1506,0.1388
1374,136,1510,0.1388
1367,136,1503,0.1388
1363,140,1503,0.1388
1371,137,1508,0.1388
1372,136,1508,0.1388
1380,132,1512,0.1388
1365,133,1498,0.1388
1362,135,1497,0.1388
1363,137,1500,0.1388
1368,138,1506,0.1388
1351,134,1485,0.1388
1354,133,1487,0.1388
1347,137,1484,0.1388
1348,138,1486,0.1388
1339,142,1481,0.1388
1350,137,1487,0.1388
1344,139,1483,0.1388
1349,136,1485,0.1388
1359,139,1498,0.1388
1355,142,1497,0.1388
1333,141,1474,0.1388
1331,143,1474,0.1388
1340,143,1483,0.1388
1350,144,1494,0.1388
1347,144,1491,0.1388
1351,148,1499,0.1388
1335,150,1485,0.1388
1335,149,1484,0.1388
1337,147,1484,0.1388
1345,146,1491,0.1388
1336,147,1483,0.1388
1346,151,1497,0.1388
1342,153,1495,0.1388
1335,156,1491,0.1388
1340,156,1496,0.1388
1333,155,1488,0.1388
1327,157,1484,0.1388
1325,161,1486,0.1388
1342,156,1498,0.1388
1348,155,1503,0.1388
1335,150,1485,0.1388
1335,155,1490,0.1388
1341,152,1493,0.1388
1339,150,1489,0.1388
1360,152,1512,0.1388
1342,149,1491,0.1388
1337,151,1488,0.1388
1340,151,1491,0.1388
1351,152,1503,0.1388
1354,151,1505,0.1388
1336,151,1487,0.1388
1340,151,1491,0.1388
1344,146,1490,0.1388
1346,152,1498,0.1388
1351,148,1499,0.1388
1356,151,1507,0.1388
1347,150,1497,0.1388
1342,150,1492,0.1388
1338,151,1489,0.1388
1344,153,1497,0.1388
1333,152,1485,0.1388
1332,153,1485,0.1388
1331,150,1481,0.1388
1335,151,1486,0.1388
1345,156,1501,0.1388
1355,157,1512,0.1388
1349,159,1508,0.1388
1353,161,1514,0.1388
1332,159,1491,0.1388
1341,154,1495,0.1388
1336,160,1496,0.1388
1336,161,1497,0.1388
1341,158,1499,0.1388
1341,161,1502,0.1388
1336,158,1494,0.1388
1341,155,1496,0.1388
1331,152,1483,0.1388
1337,156,1493,0.1388
1349,157,1506,0.1388
1337,163,1500,0.1388
1330,161,1491,0.1388
1326,160,1486,0.1388
1336,156,1492,0.1388
1334,158,1492,0.1388
1330,164,1494,0.1388
1334,162,1496,0.1388
1329,162,1491,0.1388
1339,158,1497,0.1388
1327,153,1480,0.1388
1314,154,1468,0.1388
1325,154,1479,0.1388
1336,157,1493,0.1388
1341,157,1498,0.1388
1344,159,1503,0.1388
1337,160,1497,0.1388
1336,161,1497,0.1388
1335,164,1499,0.1388
1337,165,1502,0.1388
1314,167,1481,0.1388
1331,167,1498,0.1388
1335,163,1498,0.1388
1335,162,1497,0.1388
1323,165,1488,0.1388
1327,170,1497,0.1388
1320,169,1489,0.1388
1325,168,1493,0.1388
1324,164,1488,0.1388
1331,167,1498,0.1388
1335,169,1504,0.1388
1333,165,1498,0.1388
1336,162,1498,0.1388
1342,158,1500,0.1388
1332,166,1498,0.1388
1336,164,1500,0.1388
1319,167,1486,0.1388
1328,171,1499,0.1388
1324,173,1497,0.1388
1317,171,1488,0.1388
1324,167,1491,0.1388
1334,163,1497,0.1388
1322,161,1483,0.1388
1325,161,1486,0.1388
1318,164,1482,0.1388
1312,166,1478,0.1388
1327,164,1491,0.1388
1326,165,1491,0.1388
1322,161,1483,0.1388
1318,162,1480,0.1388
1322,164,1486,0.1388
1318,166,1484,0.1388
1322,165,1487,0.1388
1312,165,1477,0.1388
1319,163,1482,0.1388
1313,166,1479,0.1388
1325,169,1494,0.1388
1328,167,1495,0.1388
1326,163,1489,0.1388
1330,170,1500,0.1388
1347,163,1510,0.1388
1343,165,1508,0.1388
1341,161,1502,0.1388
1351,163,1514,0.1388
1352,163,1515,0.1388
1344,164,1508,0.1388
1328,165,1493,0.1388
1326,165,1491,0.1388
1332,164,1496,0.1388
1322,167,1489,0.1388
1322,166,1488,0.1388
1328,163,1491,0.1388
1317,166,1483,0.1388
1323,168,1491,0.1388
1320,170,1490,0.1388
1310,170,1480,0.1388
1307,172,1479,0.1388
1307,170,1477,0.1388
1309,174,1483,0.1388
1307,170,1477,0.1388
1309,176,1485,0.1388
1310,178,1488,0.1388
1303,185,1488,0.1388
1297,184,1481,0.1388
1314,184,1498,0.1388
1313,183,1496,0.1388
1332,182,1514,0.1388
1324,178,1502,0.1388
1326,174,1500,0.1388
1323,172,1495,0.1388
1317,175,1492,0.1388
1319,178,1497,0.1388
1324,181,1505,0.1388
1324,182,1506,0.1388
1326,179,1505,0.1388
1334,177,1511,0.1388
1335,177,1512,0.1388
1320,174,1494,0.1388
1307,177,1484,0.1388
1307,178,1485,0.1388
1319,180,1499,0.1388
1322,180,1502,0.1388
1319,184,1503,0.1388
1315,187,1502,0.1388
1315,187,1502,0.1388
1310,187,1497,0.1388
1306,186,1492,0.1388
1311,190,1501,0.1388
1311,188,1499,0.1388
1310,189,1499,0.1388
1310,193,1503,0.1388
1306,190,1496,0.1388
1290,190,1480,0.1388
1288,184,1472,0.1388
1289,192,1481,0.1388
1304,193,1497,0.1388
1296,193,1489,0.1388
1286,196,1482,0.1388
1284,195,1479,0.1388
1277,195,1472,0.1388
1290,197,1487,0.1388
1283,198,1481,0.1388
1284,198,1482,0.1388
1298,191,1489,0.1388
1299,191,1490,0.1388
1307,192,1499,0.1388
1311,195,1506,0.1388
1290,194,1484,0.1388
1296,195,1491,0.1388
1295,192,1487,0.1388
1293,193,1486,0.1388
1296,190,1486,0.1388
1300,188,1488,0.1388
1283,192,1475,0.1388
1285,192,1477,0.1388
1300,193,1493,0.1388
1296,192,1488,0.1388
1302,188,1490,0.1388
1298,192,1490,0.1388
1292,192,1484,0.1388
1306,195,1501,0.1388
1300,197,1497,0.1388
1298,191,1489,0.1388
1300,195,1495,0.1388
1307,197,1504,0.1388
1306,202,1508,0.1388
1301,197,1498,0.1388
1312,197,1509,0.1388
1305,197,1502,0.1388
1302,194,1496,0.1388
1299,193,1492,0.1388
1295,197,1492,0.1388
1292,191,1483,0.1388
1277,196,1473,0.1388
1281,193,1474,0.1388
1277,194,1471,0.1388
1278,193,1471,0.1388
1287,193,1480,0.1388
1282,195,1477,0.1388
1284,194,1478,0.1388
1286,194,1480,0.1388
1281,199,1480,0.1388
1284,199,1483,0.1388
1284,197,1481,0.1388
1279,208,1487,0.1388
1278,208,1486,0.1388
1270,202,1472,0.1388
1284,206,1490,0.1388
1271,210,1481,0.1388
1273,213,1486,0.1388
1276,219,1495,0.1388
1276,219,1495,0.1388
1283,216,1499,0.1388
1290,213,1503,0.1388
1300,208,1508,0.1388
1299,207,1506,0.1388
1288,206,1494,0.1388
1280,206,1486,0.1388
1273,205,1478,0.1388
1295,205,1500,0.1388
1288,210,1498,0.1388
1285,209,1494,0.1388
1289,209,1498,0.1388
1288,213,1501,0.1388
1287,210,1497,0.1388
1285,214,1499,0.1388
1292,216,1508,0.1388
1282,217,1499,0.1388
1273,215,1488,0.1388
1280,214,1494,0.1388
1268,217,1485,0.1388
1266,218,1484,0.1388
1280,218,1498,0.1388
1277,218,1495,0.1388
1292,219,1511,0.1388
1295,215,1510,0.1388
1287,218,1505,0.1388
1274,217,1491,0.1388
1271,212,1483,0.1388
1264,223,1487,0.1388
1268,222,1490,0.1388
1265,224,1489,0.1388
1275,226,1501,0.1388
1281,229,1510,0.1388
1273,221,1494,0.1388
1275,224,1499,0.1388
1266,222,1488,0.1388
1261,226,1487,0.1388
1251,229,1480,0.1388
1259,228,1487,0.1388
1274,219,1493,0.1388
1277,224,1501,0.1388
1277,228,1505,0.1388
1278,229,1507,0.1388
1279,228,1507,0.1388
1271,229,1500,0.1388
1263,227,1490,0.1388
1261,223,1484,0.1388
1245,223,1468,0.1388
1242,221,1463,0.1388
1251,218,1469,0.1388
1262,223,1485,0.1388
1265,222,1487,0.1388
1270,223,1493,0.1388
1277,224,1501,0.1388
1275,229,1504,0.1388
1277,231,1508,0.1388
1278,229,1507,0.1388
1282,229,1511,0.1388
1276,229,1505,0.1388
1266,229,1495,0.1388
1260,229,1489,0.1388
1265,232,1497,0.1388
1260,232,1492,0.1388
1272,234,1506,0.1388
1273,232,1505,0.1388
1280,233,1513,0.1388
1272,232,1504,0.1388
1268,228,1496,0.1388
1272,228,1500,0.1388
1266,229,1495,0.1388
1273,230,1503,0.1388
1263,231,1494,0.1388
1272,231,1503,0.1388
1263,229,1492,0.1388
1267,230,1497,0.1388
1269,229,1498,0.1388
1272,232,1504,0.1388
1292,231,1523,0.1388
1276,234,1510,0.1388
1275,238,1513,0.1388
1271,230,1501,0.1388
1259,225,1484,0.1388
1266,220,1486,0.1388
1263,222,1485,0.1388
1278,220,1498,0.1388
1273,227,1500,0.1388
1276,226,1502,0.1388
1280,227,1507,0.1388
1277,229,1506,0.1388
1269,226,1495,0.1388
1265,226,1491,0.1388
1252,226,1478,0.1388
1260,223,1483,0.1388
1276,232,1508,0.1388
1278,227,1505,0.1388
1277,220,1497,0.1388
1279,222,1501,0.1388
1281,225,1506,0.1388
1286,221,1507,0.1388
1288,224,1512,0.1388
1284,229,1513,0.1388
1269,228,1497,0.1388
1274,230,1504,0.1388
1268,229,1497,0.1388
1264,226,1490,0.1388
1291,227,1518,0.1388
1281,222,1503,0.1388
1291,225,1516,0.1388
1299,228,1527,0.1388
1281,228,1509,0.1388
1289,227,1516,0.1388
1282,228,1510,0.1388
1276,228,1504,0.1388
1263,227,1490,0.1388
1261,228,1489,0.1388
1262,231,1493,0.1388
1253,230,1483,0.1388
1267,231,1498,0.1388
1264,234,1498,0.1388
1268,233,1501,0.1388
1267,234,1501,0.1388
1267,233,1500,0.1388
1269,234,1503,0.1388
1269,232,1501,0.1388
1265,234,1499,0.1388
1260,237,1497,0.1388
1262,239,1501,0.1388
1252,233,1485,0.1388
1263,232,1495,0.1388
1269,237,1506,0.1388
1274,237,1511,0.1388
1268,243,1511,0.1388
1260,246,1506,0.1388
1264,238,1502,0.1388
1257,243,1500,0.1388
1261,243,1504,0.1388
1255,241,1496,0.1388
1244,245,1489,0.1388
1250,248,1498,0.1388
1239,248,1487,0.1388
1254,252,1506,0.1388
1260,253,1513,0.1388
1256,250,1506,0.1388
1261,247,1508,0.1388
1261,245,1506,0.1388
1262,244,1506,0.1388
1251,244,1495,0.1388
1250,251,1501,0.1388
1259,253,1512,0.1388
1271,248,1519,0.1388
1256,250,1506,0.1388
1252,253,1505,0.1388
1239,255,1494,0.1388
1234,254,1488,0.1388
1232,259,1491,0.1388
1234,254,1488,0.1388
1242,260,1502,0.1388
1244,254,1498,0.1388
1246,255,1501,0.1388
1246,258,1504,0.1388
1259,261,1520,0.1388
1261,258,1519,0.1388
1264,262,1526,0.1388
1248,257,1505,0.1388
1249,259,1508,0.1388
1246,254,1500,0.1388
1252,250,1502,0.1388
1237,249,1486,0.1388
1240,244,1484,0.1388
1243,234,1477,0.1388
1260,236,1496,0.1388
1262,235,1497,0.1388
1267,234,1501,0.1388
1267,242,1509,0.1388
1262,246,1508,0.1388
1259,249,1508,0.1388
1256,249,1505,0.1388
1254,245,1499,0.1388
1251,247,1498,0.1388
1263,246,1509,0.1388
1257,249,1506,0.1388
1260,249,1509,0.1388
1270,245,1515,0.1388
1256,248,1504,0.1388
1255,248,1503,0.1388
1247,246,1493,0.1388
1250,241,1491,0.1388
1250,241,1491,0.1388
1265,241,1506,0.1388
1248,247,1495,0.1388
1261,243,1504,0.1388
1262,245,1507,0.1388
1256,245,1501,0.1388
1257,243,1500,0.1388
1268,249,1517,0.1388
1261,249,1510,0.1388
1248,251,1499,0.1388
1258,253,1511,0.1388
1254,250,1504,0.1388
1251,251,1502,0.1388
1253,247,1500,0.1388
1243,243,1486,0.1388
1248,247,1495,0.1388
1249,248,1497,0.1388
1253,255,1508,0.1388
1243,258,1501,0.1388
1242,254,1496,0.1388
1247,258,1505,0.1388
1247,258,1505,0.1388
1241,254,1495,0.1388
1235,254,1489,0.1388
1224,252,1476,0.1388
1237,256,1493,0.1388
1220,252,1472,0.1388
1223,256,1479,0.1388
1227,262,1489,0.1388
1227,263,1490,0.1388
1218,266,1484,0.1388
1214,267,1481,0.1388
1220,265,1485,0.1388
1216,264,1480,0.1388
1221,271,1492,0.1388
1224,277,1501,0.1388
1220,273,1493,0.1388
1223,275,1498,0.1388
1222,279,1501,0.1388
1225,277,1502,0.1388
1235,275,1510,0.1388
1234,280,1514,0.1388
1233,277,1510,0.1388
1239,274,1513,0.1388
1220,273,1493,0.1388
1220,272,1492,0.1388
1230,270,1500,0.1388
1232,277,1509,0.1388
1219,283,1502,0.1388
1222,287,1509,0.1388
1215,286,1501,0.1388
1218,283,1501,0.1388
1232,284,1516,0.1388
1236,283,1519,0.1388
1228,286,1514,0.1388
1230,283,1513,0.1388
1230,278,1508,0.1388
1224,278,1502,0.1388
1230,279,1509,0.1388
1223,278,1501,0.1388
1225,279,1504,0.1388
1219,286,1505,0.1388
1224,292,1516,0.1388
1223,286,1509,0.1388
1229,288,1517,0.1388
1224,283,1507,0.1388
1210,284,1494,0.1388
1218,280,1498,0.1388
1197,279,1476,0.1388
1194,278,1472,0.1388
1193,289,1482,0.1388
1199,294,1493,0.1388
1195,296,1491,0.1388
1199,294,1493,0.1388
1195,299,1494,0.1388
1198,289,1487,0.1388
1198,295,1493,0.1388
1194,298,1492,0.1388
1192,293,1485,0.1388
1188,294,1482,0.1388
1194,296,1490,0.1388
1189,299,1488,0.1388
1187,302,1489,0.1388
1187,304,1491,0.1388
1198,303,1501,0.1388
1191,298,1489,0.1388
1195,301,1496,0.1388
1203,300,1503,0.1388
1193,294,1487,0.1388
1195,294,1489,0.1388
1205,296,1501,0.1388
1203,290,1493,0.1388
1217,292,1509,0.1388
1209,288,1497,0.1388
1206,290,1496,0.1388
1209,294,1503,0.1388
1208,291,1499,0.1388
1212,286,1498,0.1388
1211,286,1497,0.1388
1209,284,1493,0.1388
1201,288,1489,0.1388
1202,290,1492,0.1388
1210,294,1504,0.1388
1220,296,1516,0.1388
1220,292,1512,0.1388
1202,295,1497,0.1388
1198,298,1496,0.1388
1201,296,1497,0.1388
1203,297,1500,0.1388
1196,298,1494,0.1388
1196,293,1489,0.1388
1201,295,1496,0.1388
1199,302,1501,0.1388
1206,298,1504,0.1388
1192,296,1488,0.1388
1197,301,1498,0.1388
1197,302,1499,0.1388
1198,298,1496,0.1388
1196,294,1490,0.1388
1199,293,1492,0.1388
1199,294,1493,0.1388
1200,293,1493,0.1388
1198,290,1488,0.1388
1199,296,1495,0.1388
1198,302,1500,0.1388
1198,299,1497,0.1388
1186,306,1492,0.1388
1191,307,1498,0.1388
1190,302,1492,0.1388
1193,307,1500,0.1388
1188,300,1488,0.1388
1188,304,1492,0.1388
1180,306,1486,0.1388
1182,309,1491,0.1388
1184,306,1490,0.1388
1187,301,1488,0.1388
1194,299,1493,0.1388
1189,310,1499,0.1388
1194,307,1501,0.1388
1187,319,1506,0.1388
1192,320,1512,0.1388
1189,323,1512,0.1388
1186,318,1504,0.1388
1191,313,1504,0.1388
1201,312,1513,0.1388
1197,311,1508,0.1388
1200,300,1500,0.1388
1195,305,1500,0.1388
1202,302,1504,0.1388
1197,307,1504,0.1388
1203,302,1505,0.1388
1194,305,1499,0.1388
1181,310,1491,0.1388
1176,314,1490,0.1388
1189,308,1497,0.1388
1173,315,1488,0.1388
1180,323,1503,0.1388
1175,325,1500,0.1388
1175,322,1497,0.1388
1174,323,1497,0.1388
1180,327,1507,0.1388
1167,327,1494,0.1388
1168,324,1492,0.1388
1172,322,1494,0.1388
1171,322,1493,0.1388
1173,322,1495,0.1388
1162,327,1489,0.1388
1161,330,1491,0.1388
1152,332,1484,0.1388
1146,331,1477,0.1388
1153,335,1488,0.1388
1154,336,1490,0.1388
1152,343,1495,0.1388
1137,347,1484,0.1388
1154,346,1500,0.1388
1147,353,1500,0.1388
1145,351,1496,0.1388
1145,349,1494,0.1388
1148,361,1509,0.1388
1139,355,1494,0.1388
1134,363,1497,0.1388
1133,361,1494,0.1388
1138,352,1490,0.1388
1132,356,1488,0.1388
1133,361,1494,0.1388
1137,366,1503,0.1388
1118,375,1493,0.1388
1119,378,1497,0.1388
1128,378,1506,0.1388
1135,375,1510,0.1388
1125,378,1503,0.1388
1117,376,1493,0.1388
1111,371,1482,0.1388
1111,370,1481,0.1388
1117,375,1492,0.1388
1122,386,1508,0.1388
1118,389,1507,0.1388
1104,384,1488,0.1388
1114,382,1496,0.1388
1113,385,1498,0.1388
1114,378,1492,0.1388
1102,384,1486,0.1388
1104,379,1483,0.1388
1113,380,1493,0.1388
1113,383,1496,0.1388
1118,389,1507,0.1388
1119,385,1504,0.1388
1122,389,1511,0.1388
1117,383,1500,0.1388
1131,382,1513,0.1388
1119,389,1508,0.1388
1118,376,1494,0.1388
1119,377,1496,0.1388
1112,376,1488,0.1388
1116,369,1485,0.1388
1098,374,1472,0.1388
1107,382,1489,0.1388
1103,381,1484,0.1388
1099,381,1480,0.1388
1104,383,1487,0.1388
1111,388,1499,0.1388
1108,389,1497,0.1388
1104,392,1496,0.1388
1111,401,1512,0.1388
1117,399,1516,0.1388
1118,393,1511,0.1388
1109,394,1503,0.1388
1105,400,1505,0.1388
1112,401,1513,0.1388
1112,403,1515,0.1388
1117,404,1521,0.1388
1111,406,1517,0.1388
1103,407,1510,0.1388
1096,404,1500,0.1388
1097,405,1502,0.1388
1088,404,1492,0.1388
1092,404,1496,0.1388
1097,403,1500,0.1388
1094,404,1498,0.1388
1100,406,1506,0.1388
1096,400,1496,0.1388
1092,397,1489,0.1388
1104,395,1499,0.1388
1097,402,1499,0.1388
1091,406,1497,0.1388
1075,403,1478,0.1388
1083,397,1480,0.1388
1082,397,1479,0.1388
1085,398,1483,0.1388
1082,400,1482,0.1388
1088,411,1499,0.1388
1091,404,1495,0.1388
1088,406,1494,0.1388
1086,411,1497,0.1388
1080,419,1499,0.1388
1085,421,1506,0.1388
1080,416,1496,0.1388
1083,415,1498,0.1388
1078,420,1498,0.1388
1082,423,1505,0.1388
1077,420,1497,0.1388
1076,424,1500,0.1388
1074,426,1500,0.1388
1079,426,1505,0.1388
1078,422,1500,0.1388
1083,418,1501,0.1388
1079,413,1492,0.1388
1078,413,1491,0.1388
1072,416,1488,0.1388
1074,414,1488,0.1388
1083,411,1494,0.1388
1094,405,1499,0.1388
1092,410,1502,0.1388
1085,411,1496,0.1388
1079,406,1485,0.1388
1082,412,1494,0.1388
1085,418,1503,0.1388
1088,416,1504,0.1388
1079,414,1493,0.1388
1090,414,1504,0.1388
1089,419,1508,0.1388
1086,421,1507,0.1388
1082,420,1502,0.1388
1086,417,1503,0.1388
1087,422,1509,0.1388
1081,417,1498,0.1388
1083,419,1502,0.1388
1083,428,1511,0.1388
1084,426,1510,0.1388
1074,426,1500,0.1388
1070,422,1492,0.1388
1080,421,1501,0.1388
1071,420,1491,0.1388
1068,421,1489,0.1388
1062,419,1481,0.1388
1059,423,1482,0.1388
1062,421,1483,0.1388
1061,422,1483,0.1388
1046,426,1472,0.1388
1062,432,1494,0.1388
1061,437,1498,0.1388
1069,435,1504,0.1388
1079,431,1510,0.1388
1067,428,1495,0.1388
1065,427,1492,0.1388
1063,412,1475,0.1388
1071,410,1481,0.1388
1076,419,1495,0.1388
1082,418,1500,0.1388
1081,418,1499,0.1388
1079,425,1504,0.1388
1085,429,1514,0.1388
1069,434,1503,0.1388
1077,435,1512,0.1388
1066,431,1497,0.1388
1075,443,1518,0.1388
1069,448,1517,0.1388
1061,449,1510,0.1388
1067,450,1517,0.1388
1061,450,1511,0.1388
1048,453,1501,0.1388
1042,460,1502,0.1388
1032,455,1487,0.1388
1039,457,1496,0.1388
1038,462,1500,0.1388
1026,468,1494,0.1388
1015,468,1483,0.1388
1015,469,1484,0.1388
1036,468,1504,0.1388
1040,460,1500,0.1388
1038,454,1492,0.1388
1048,458,1506,0.1388
1039,467,1506,0.1388
1034,468,1502,0.1388
1031,470,1501,0.1388
1026,476,1502,0.1388
1028,479,1507,0.1388
1028,472,1500,0.1388
1017,478,1495,0.1388
1014,484,1498,0.1388
1017,486,1503,0.1388
1013,489,1502,0.1388
1009,497,1506,0.1388
1008,498,1506,0.1388
1003,504,1507,0.1388
995,498,1493,0.1388
996,499,1495,0.1388
994,497,1491,0.1388
998,495,1493,0.1388
998,501,1499,0.1388
995,497,1492,0.1388
994,495,1489,0.1388
996,487,1483,0.1388
1004,490,1494,0.1388
993,490,1483,0.1388
995,487,1482,0.1388
994,485,1479,0.1388
997,479,1476,0.1388
988,483,1471,0.1388
989,487,1476,0.1388
989,492,1481,0.1388
995,497,1492,0.1388
993,504,1497,0.1388
990,504,1494,0.1388
992,505,1497,0.1388
991,503,1494,0.1388
982,506,1488,0.1388
976,502,1478,0.1388
972,504,1476,0.1388
979,511,1490,0.1388
973,511,1484,0.1388
985,514,1499,0.1388
985,518,1503,0.1388
982,520,1502,0.1388
989,520,1509,0.1388
986,515,1501,0.1388
989,516,1505,0.1388
987,517,1504,0.1388
990,509,1499,0.1388
985,511,1496,0.1388
982,506,1488,0.1388
982,510,1492,0.1388
978,505,1483,0.1388
978,507,1485,0.1388
971,518,1489,0.1388
973,516,1489,0.1388
977,513,1490,0.1388
982,517,1499,0.1388
977,515,1492,0.1388
974,519,1493,0.1388
981,520,1501,0.1388
981,524,1505,0.1388
990,520,1510,0.1388
988,524,1512,0.1388
976,527,1503,0.1388
988,520,1508,0.1388
991,527,1518,0.1388
991,518,1509,0.1388
996,519,1515,0.1388
994,526,1520,0.1388
980,520,1500,0.1388
973,519,1492,0.1388
971,515,1486,0.1388
975,520,1495,0.1388
975,513,1488,0.1388
973,515,1488,0.1388
963,517,1480,0.1388
964,523,1487,0.1388
955,531,1486,0.1388
973,529,1502,0.1388
968,535,1503,0.1388
966,548,1514,0.1388
967,550,1517,0.1388
965,550,1515,0.1388
961,545,1506,0.1388
961,538,1499,0.1388
963,544,1507,0.1388
962,551,1513,0.1388
970,544,1514,0.1388
963,540,1503,0.1388
960,529,1489,0.1388
952,528,1480,0.1388
954,532,1486,0.1388
958,536,1494,0.1388
957,540,1497,0.1388
954,543,1497,0.1388
962,551,1513,0.1388
948,548,1496,0.1388
949,551,1500,0.1388
955,551,1506,0.1388
944,550,1494,0.1388
932,561,1493,0.1388
943,560,1503,0.1388
943,558,1501,0.1388
945,558,1503,0.1388
942,557,1499,0.1388
941,554,1495,0.1388
935,550,1485,0.1388
929,559,1488,0.1388
931,563,1494,0.1388
937,563,1500,0.1388
934,561,1495,0.1388
935,562,1497,0.1388
941,567,1508,0.1388
930,567,1497,0.1388
918,566,1484,0.1388
932,565,1497,0.1388
935,569,1504,0.1388
943,574,1517,0.1388
947,577,1524,0.1388
952,570,1522,0.1388
945,567,1512,0.1388
944,569,1513,0.1388
938,574,1512,0.1388
944,574,1518,0.1388
943,578,1521,0.1388
938,578,1516,0.1388
933,568,1501,0.1388
932,570,1502,0.1388
933,577,1510,0.1388
927,582,1509,0.1388
934,590,1524,0.1388
931,589,1520,0.1388
922,592,1514,0.1388
918,597,1515,0.1388
922,588,1510,0.1388
919,588,1507,0.1388
917,583,1500,0.1388
910,573,1483,0.1388
902,582,1484,0.1388
913,585,1498,0.1388
919,595,1514,0.1388
907,589,1496,0.1388
905,585,1490,0.1388
898,586,1484,0.1388
892,595,1487,0.1388
888,595,1483,0.1388
888,594,1482,0.1388
890,603,1493,0.1388
891,596,1487,0.1388
904,602,1506,0.1388
899,606,1505,0.1388
906,617,1523,0.1388
900,611,1511,0.1388
895,609,1504,0.1388
887,609,1496,0.1388
880,617,1497,0.1388
884,621,1505,0.1388
888,623,1511,0.1388
892,626,1518,0.1388
893,627,1520,0.1388
890,627,1517,0.1388
885,616,1501,0.1388
881,614,1495,0.1388
882,615,1497,0.1388
886,618,1504,0.1388
885,610,1495,0.1388
889,619,1508,0.1388
885,615,1500,0.1388
876,615,1491,0.1388
880,614,1494,0.1388
877,615,1492,0.1388
872,615,1487,0.1388
884,620,1504,0.1388
887,630,1517,0.1388
891,631,1522,0.1388
892,626,1518,0.1388
882,619,1501,0.1388
887,618,1505,0.1388
884,629,1513,0.1388
881,633,1514,0.1388
877,639,1516,0.1388
878,636,1514,0.1388
886,640,1526,0.1388
880,632,1512,0.1388
877,636,1513,0.1388
876,635,1511,0.1388
877,635,1512,0.1388
869,642,1511,0.1388
863,637,1500,0.1388
860,635,1495,0.1388
859,639,1498,0.1388
862,641,1503,0.1388
854,641,1495,0.1388
854,644,1498,0.1388
851,638,1489,0.1388
863,644,1507,0.1388
846,655,1501,0.1388
845,653,1498,0.1388
840,669,1509,0.1388
836,666,1502,0.1388
839,663,1502,0.1388
839,669,1508,0.1388
838,664,1502,0.1388
841,660,1501,0.1388
832,653,1485,0.1388
843,655,1498,0.1388
858,658,1516,0.1388
849,654,1503,0.1388
840,664,1504,0.1388
836,670,1506,0.1388
836,667,1503,0.1388
831,682,1513,0.1388
837,675,1512,0.1388
845,671,1516,0.1388
848,665,1513,0.1388
843,671,1514,0.1388
845,665,1510,0.1388
840,666,1506,0.1388
845,666,1511,0.1388
845,661,1506,0.1388
843,657,1500,0.1388
847,670,1517,0.1388
844,665,1509,0.1388
843,661,1504,0.1388
840,671,1511,0.1388
841,677,1518,0.1388
848,686,1534,0.1388
842,685,1527,0.1388
837,685,1522,0.1388
831,691,1522,0.1388
837,688,1525,0.1388
836,683,1519,0.1388
829,681,1510,0.1388
811,692,1503,0.1388
813,695,1508,0.1388
814,694,1508,0.1388
826,688,1514,0.1388
819,699,1518,0.1388
817,698,1515,0.1388
809,697,1506,0.1388
801,698,1499,0.1388
790,696,1486,0.1388
789,711,1500,0.1388
793,718,1511,0.1388
795,719,1514,0.1388
799,723,1522,0.1388
791,731,1522,0.1388
782,725,1507,0.1388
783,723,1506,0.1388
786,717,1503,0.1388
778,713,1491,0.1388
773,721,1494,0.1388
779,716,1495,0.1388
789,709,1498,0.1388
793,706,1499,0.1388
794,701,1495,0.1388
796,715,1511,0.1388
778,715,1493,0.1388
782,719,1501,0.1388
781,719,1500,0.1388
783,722,1505,0.1388
789,721,1510,0.1388
786,717,1503,0.1388
778,710,1488,0.1388
781,723,1504,0.1388
773,718,1491,0.1388
769,728,1497,0.1388
759,722,1481,0.1388
763,727,1490,0.1388
774,730,1504,0.1388
775,723,1498,0.1388
781,720,1501,0.1388
775,722,1497,0.1388
771,730,1501,0.1388
765,730,1495,0.1388
772,733,1505,0.1388
762,740,1502,0.1388
755,737,1492,0.1388
756,743,1499,0.1388
762,744,1506,0.1388
761,741,1502,0.1388
756,747,1503,0.1388
751,753,1504,0.1388
753,752,1505,0.1388
756,751,1507,0.1388
753,743,1496,0.1388
753,735,1488,0.1388
752,737,1489,0.1388
748,733,1481,0.1388
756,738,1494,0.1388
756,741,1497,0.1388
741,740,1481,0.1388
734,752,1486,0.1388
747,762,1509,0.1388
747,757,1504,0.1388
743,749,1492,0.1388
740,755,1495,0.1388
730,753,1483,0.1388
728,756,1484,0.1388
736,768,1504,0.1388
732,781,1513,0.1388
723,771,1494,0.1388
729,778,1507,0.1388
720,779,1499,0.1388
716,784,1500,0.1388
717,788,1505,0.1388
709,789,1498,0.1388
705,782,1487,0.1388
704,785,1489,0.1388
706,791,1497,0.1388
704,794,1498,0.1388
706,799,1505,0.1388
705,797,1502,0.1388
711,799,1510,0.1388
710,796,1506,0.1388
711,807,1518,0.1388
717,802,1519,0.1388
712,796,1508,0.1388
719,800,1519,0.1388
725,789,1514,0.1388
717,800,1517,0.1388
723,803,1526,0.1388
718,796,1514,0.1388
712,798,1510,0.1388
712,796,1508,0.1388
704,792,1496,0.1388
716,791,1507,0.1388
724,804,1528,0.1388
722,804,1526,0.1388
714,805,1519,0.1388
717,800,1517,0.1388
715,800,1515,0.1388
715,788,1503,0.1388
705,791,1496,0.1388
698,794,1492,0.1388
698,797,1495,0.1388
698,798,1496,0.1388
705,803,1508,0.1388
702,796,1498,0.1388
710,797,1507,0.1388
700,792,1492,0.1388
705,791,1496,0.1388
707,794,1501,0.1388
709,786,1495,0.1388
702,800,1502,0.1388
706,805,1511,0.1388
708,803,1511,0.1388
702,804,1506,0.1388
698,805,1503,0.1388
706,810,1516,0.1388
712,815,1527,0.1388
703,816,1519,0.1388
698,808,1506,0.1388
702,811,1513,0.1388
705,806,1511,0.1388
706,816,1522,0.1388
701,811,1512,0.1388
716,821,1537,0.1388
712,813,1525,0.1388
716,809,1525,0.1388
713,805,1518,0.1388
711,813,1524,0.1388
706,821,1527,0.1388
698,817,1515,0.1388
702,814,1516,0.1388
695,810,1505,0.1388
690,811,1501,0.1388
687,817,1504,0.1388
701,808,1509,0.1388
693,812,1505,0.1388
684,816,1500,0.1388
679,813,1492,0.1388
689,818,1507,0.1388
697,823,1520,0.1388
703,814,1517,0.1388
694,814,1508,0.1388
701,805,1506,0.1388
700,807,1507,0.1388
686,811,1497,0.1388
689,806,1495,0.1388
685,825,1510,0.1388
688,828,1516,0.1388
679,837,1516,0.1388
676,831,1507,0.1388
680,835,1515,0.1388
673,835,1508,0.1388
667,834,1501,0.1388
661,841,1502,0.1388
666,838,1504,0.1388
659,838,1497,0.1388
664,839,1503,0.1388
651,840,1491,0.1388
654,843,1497,0.1388
654,844,1498,0.1388
652,851,1503,0.1388
654,850,1504,0.1388
661,856,1517,0.1388
664,856,1520,0.1388
656,855,1511,0.1388
657,852,1509,0.1388
642,857,1499,0.1388
641,855,1496,0.1388
643,850,1493,0.1388
646,852,1498,0.1388
643,854,1497,0.1388
639,860,1499,0.1388
644,863,1507,0.1388
647,855,1502,0.1388
637,851,1488,0.1388
636,849,1485,0.1388
638,856,1494,0.1388
631,862,1493,0.1388
639,861,1500,0.1388
634,858,1492,0.1388
638,870,1508,0.1388
640,873,1513,0.1388
632,868,1500,0.1388
633,870,1503,0.1388
618,866,1484,0.1388
613,876,1489,0.1388
615,876,1491,0.1388
618,878,1496,0.1388
614,881,1495,0.1388
617,885,1502,0.1388
620,898,1518,0.1388
606,899,1505,0.1388
608,899,1507,0.1388
607,907,1514,0.1388
604,899,1503,0.1388
601,899,1500,0.1388
604,906,1510,0.1388
606,916,1522,0.1388
600,921,1521,0.1388
604,913,1517,0.1388
607,899,1506,0.1388
597,906,1503,0.1388
603,894,1497,0.1388
604,902,1506,0.1388
602,917,1519,0.1388
599,910,1509,0.1388
594,925,1519,0.1388
591,926,1517,0.1388
585,933,1518,0.1388
581,934,1515,0.1388
584,927,1511,0.1388
579,924,1503,0.1388
580,927,1507,0.1388
571,927,1498,0.1388
576,933,1509,0.1388
578,940,1518,0.1388
577,940,1517,0.1388
575,937,1512,0.1388
570,941,1511,0.1388
564,949,1513,0.1388
570,957,1527,0.1388
566,946,1512,0.1388
564,947,1511,0.1388
560,949,1509,0.1388
564,931,1495,0.1388
562,936,1498,0.1388
559,944,1503,0.1388
556,957,1513,0.1388
554,943,1497,0.1388
555,947,1502,0.1388
546,954,1500,0.1388
552,950,1502,0.1388
555,943,1498,0.1388
549,946,1495,0.1388
550,943,1493,0.1388
560,946,1506,0.1388
556,939,1495,0.1388
549,944,1493,0.1388
556,945,1501,0.1388
558,943,1501,0.1388
559,943,1502,0.1388
562,948,1510,0.1388
558,946,1504,0.1388
555,945,1500,0.1388
545,954,1499,0.1388
555,956,1511,0.1388
540,954,1494,0.1388
545,953,1498,0.1388
534,959,1493,0.1388
541,946,1487,0.1388
540,958,1498,0.1388
539,976,1515,0.1388
533,974,1507,0.1388
541,965,1506,0.1388
539,957,1496,0.1388
539,967,1506,0.1388
545,963,1508,0.1388
533,969,1502,0.1388
526,975,1501,0.1388
517,985,1502,0.1388
529,982,1511,0.1388
527,990,1517,0.1388
528,983,1511,0.1388
524,983,1507,0.1388
528,989,1517,0.1388
525,982,1507,0.1388
522,973,1495,0.1388
519,964,1483,0.1388
525,985,1510,0.1388
519,979,1498,0.1388
522,988,1510,0.1388
511,988,1499,0.1388
514,985,1499,0.1388
513,989,1502,0.1388
511,998,1509,0.1388
516,988,1504,0.1388
514,993,1507,0.1388
514,990,1504,0.1388
520,1000,1520,0.1388
512,1000,1512,0.1388
506,1004,1510,0.1388
503,1010,1513,0.1388
498,1021,1519,0.1388
489,1028,1517,0.1388
496,1032,1528,0.1388
492,1024,1516,0.1388
494,1027,1521,0.1388
490,1024,1514,0.1388
489,1018,1507,0.1388
482,1022,1504,0.1388
468,1025,1493,0.1388
473,1029,1502,0.1388
469,1024,1493,0.1388
472,1033,1505,0.1388
477,1033,1510,0.1388
471,1041,1512,0.1388
465,1042,1507,0.1388
474,1036,1510,0.1388
465,1034,1499,0.1388
462,1048,1510,0.1388
455,1053,1508,0.1388
454,1057,1511,0.1388
457,1053,1510,0.1388
451,1053,1504,0.1388
452,1069,1521,0.1388
453,1072,1525,0.1388
451,1073,1524,0.1388
449,1065,1514,0.1388
447,1069,1516,0.1388
449,1067,1516,0.1388
453,1069,1522,0.1388
447,1059,1506,0.1388
449,1065,1514,0.1388
448,1076,1524,0.1388
448,1073,1521,0.1388
450,1069,1519,0.1388
442,1072,1514,0.1388
444,1072,1516,0.1388
448,1066,1514,0.1388
448,1060,1508,0.1388
445,1066,1511,0.1388
447,1054,1501,0.1388
451,1056,1507,0.1388
449,1063,1512,0.1388
448,1061,1509,0.1388
447,1064,1511,0.1388
448,1069,1517,0.1388
449,1079,1528,0.1388
440,1084,1524,0.1388
437,1090,1527,0.1388
429,1087,1516,0.1388
430,1081,1511,0.1388
425,1082,1507,0.1388
425,1091,1516,0.1388
420,1084,1504,0.1388
418,1080,1498,0.1388
419,1083,1502,0.1388
417,1088,1505,0.1388
413,1073,1486,0.1388
416,1084,1500,0.1388
411,1084,1495,0.1388
415,1096,1511,0.1388
418,1093,1511,0.1388
411,1104,1515,0.1388
414,1104,1518,0.1388
412,1097,1509,0.1388
409,1090,1499,0.1388
412,1086,1498,0.1388
403,1098,1501,0.1388
402,1106,1508,0.1388
403,1107,1510,0.1388
406,1111,1517,0.1388
404,1109,1513,0.1388
400,1113,1513,0.1388
399,1108,1507,0.1388
394,1106,1500,0.1388
389,1110,1499,0.1388
385,1114,1499,0.1388
392,1097,1489,0.1388
395,1112,1507,0.1388
389,1118,1507,0.1388
377,1126,1503,0.1388
381,1127,1508,0.1388
380,1147,1527,0.1388
379,1141,1520,0.1388
380,1146,1526,0.1388
381,1139,1520,0.1388
388,1135,1523,0.1388
380,1131,1511,0.1388
374,1137,1511,0.1388
377,1140,1517,0.1388
376,1143,1519,0.1388
378,1146,1524,0.1388
379,1147,1526,0.1388
380,1150,1530,0.1388
383,1136,1519,0.1388
385,1141,1526,0.1388
386,1144,1530,0.1388
381,1143,1524,0.1388
375,1144,1519,0.1388
376,1142,1518,0.1388
372,1157,1529,0.1388
373,1149,1522,0.1388
368,1149,1517,0.1388
373,1148,1521,0.1388
365,1148,1513,0.1388
362,1140,1502,0.1388
367,1142,1509,0.1388
371,1133,1504,0.1388
372,1136,1508,0.1388
360,1158,1518,0.1388
357,1152,1509,0.1388
359,1153,1512,0.1388
367,1163,1530,0.1388
363,1163,1526,0.1388
369,1159,1528,0.1388
368,1149,1517,0.1388
366,1145,1511,0.1388
358,1145,1503,0.1388
362,1150,1512,0.1388
361,1146,1507,0.1388
364,1135,1499,0.1388
370,1141,1511,0.1388
364,1146,1510,0.1388
367,1144,1511,0.1388
374,1144,1518,0.1388
370,1157,1527,0.1388
369,1158,1527,0.1388
368,1162,1530,0.1388
363,1159,1522,0.1388
358,1155,1513,0.1388
353,1161,1514,0.1388
346,1158,1504,0.1388
341,1163,1504,0.1388
344,1164,1508,0.1388
347,1161,1508,0.1388
347,1164,1511,0.1388
347,1163,1510,0.1388
343,1173,1516,0.1388
342,1172,1514,0.1388
341,1166,1507,0.1388
340,1171,1511,0.1388
334,1168,1502,0.1388
344,1160,1504,0.1388
343,1174,1517,0.1388
335,1170,1505,0.1388
339,1170,1509,0.1388
341,1177,1518,0.1388
335,1175,1510,0.1388
335,1176,1511,0.1388
341,1178,1519,0.1388
345,1171,1516,0.1388
343,1175,1518,0.1388
352,1179,1531,0.1388
350,1165,1515,0.1388
352,1168,1520,0.1388
346,1162,1508,0.1388
345,1153,1498,0.1388
342,1152,1494,0.1388
333,1172,1505,0.1388
336,1172,1508,0.1388
336,1172,1508,0.1388
332,1170,1502,0.1388
335,1177,1512,0.1388
332,1176,1508,0.1388
334,1174,1508,0.1388
329,1178,1507,0.1388
332,1180,1512,0.1388
335,1180,1515,0.1388
329,1185,1514,0.1388
324,1179,1503,0.1388
327,1189,1516,0.1388
324,1188,1512,0.1388
321,1178,1499,0.1388
316,1186,1502,0.1388
322,1188,1510,0.1388
322,1189,1511,0.1388
326,1191,1517,0.1388
326,1183,1509,0.1388
327,1189,1516,0.1388
324,1187,1511,0.1388
326,1195,1521,0.1388
326,1191,1517,0.1388
325,1193,1518,0.1388
317,1207,1524,0.1388
315,1217,1532,0.1388
316,1204,1520,0.1388
314,1195,1509,0.1388
317,1198,1515,0.1388
316,1204,1520,0.1388
311,1215,1526,0.1388
308,1224,1532,0.1388
308,1209,1517,0.1388
304,1195,1499,0.1388
305,1192,1497,0.1388
301,1202,1503,0.1388
301,1210,1511,0.1388
297,1205,1502,0.1388
290,1214,1504,0.1388
278,1204,1482,0.1388
281,1211,1492,0.1388
284,1212,1496,0.1388
282,1218,1500,0.1388
280,1226,1506,0.1388
277,1226,1503,0.1388
278,1232,1510,0.1388
280,1233,1513,0.1388
280,1236,1516,0.1388
278,1227,1505,0.1388
280,1235,1515,0.1388
280,1241,1521,0.1388
271,1247,1518,0.1388
269,1243,1512,0.1388
267,1239,1506,0.1388
263,1254,1517,0.1388
263,1252,1515,0.1388
264,1243,1507,0.1388
256,1254,1510,0.1388
253,1253,1506,0.1388
255,1255,1510,0.1388
258,1262,1520,0.1388
255,1256,1511,0.1388
253,1266,1519,0.1388
250,1257,1507,0.1388
252,1255,1507,0.1388
251,1248,1499,0.1388
254,1248,1502,0.1388
254,1260,1514,0.1388
250,1250,1500,0.1388
253,1260,1513,0.1388
258,1268,1526,0.1388
256,1272,1528,0.1388
253,1262,1515,0.1388
251,1269,1520,0.1388
250,1271,1521,0.1388
249,1270,1519,0.1388
246,1270,1516,0.1388
239,1268,1507,0.1388
242,1259,1501,0.1388
237,1265,1502,0.1388
234,1277,1511,0.1388
233,1286,1519,0.1388
235,1273,1508,0.1388
237,1266,1503,0.1388
233,1282,1515,0.1388
231,1275,1506,0.1388
237,1268,1505,0.1388
242,1279,1521,0.1388
243,1277,1520,0.1388
247,1264,1511,0.1388
237,1257,1494,0.1388
235,1245,1480,0.1388
239,1246,1485,0.1388
239,1255,1494,0.1388
248,1277,1525,0.1388
248,1265,1513,0.1388
250,1265,1515,0.1388
247,1268,1515,0.1388
246,1271,1517,0.1388
246,1265,1511,0.1388
245,1260,1505,0.1388
238,1271,1509,0.1388
238,1274,1512,0.1388
234,1277,1511,0.1388
236,1281,1517,0.1388
233,1273,1506,0.1388
230,1278,1508,0.1388
230,1282,1512,0.1388
228,1275,1503,0.1388
219,1276,1495,0.1388
219,1287,1506,0.1388
222,1274,1496,0.1388
228,1273,1501,0.1388
233,1275,1508,0.1388
233,1277,1510,0.1388
223,1278,1501,0.1388
222,1283,1505,0.1388
221,1285,1506,0.1388
220,1279,1499,0.1388
215,1270,1485,0.1388
211,1273,1484,0.1388
220,1275,1495,0.1388
221,1284,1505,0.1388
223,1284,1507,0.1388
225,1274,1499,0.1388
224,1289,1513,0.1388
225,1286,1511,0.1388
229,1292,1521,0.1388
228,1294,1522,0.1388
228,1298,1526,0.1388
225,1287,1512,0.1388
223,1298,1521,0.1388
220,1301,1521,0.1388
217,1292,1509,0.1388
217,1298,1515,0.1388
213,1291,1504,0.1388
213,1298,1511,0.1388
213,1295,1508,0.1388
210,1305,1515,0.1388
207,1311,1518,0.1388
203,1316,1519,0.1388
205,1314,1519,0.1388
206,1304,1510,0.1388
203,1299,1502,0.1388
204,1297,1501,0.1388
210,1297,1507,0.1388
206,1321,1527,0.1388
207,1317,1524,0.1388
202,1312,1514,0.1388
205,1315,1520,0.1388
202,1316,1518,0.1388
198,1314,1512,0.1388
200,1315,1515,0.1388
202,1313,1515,0.1388
201,1309,1510,0.1388
201,1304,1505,0.1388
196,1308,1504,0.1388
192,1316,1508,0.1388
193,1326,1519,0.1388
197,1330,1527,0.1388
196,1317,1513,0.1388
196,1312,1508,0.1388
190,1303,1493,0.1388
189,1304,1493,0.1388
194,1307,1501,0.1388
195,1316,1511,0.1388
196,1324,1520,0.1388
196,1334,1530,0.1388
194,1331,1525,0.1388
191,1315,1506,0.1388
190,1325,1515,0.1388
189,1337,1526,0.1388
191,1342,1533,0.1388
189,1343,1532,0.1388
185,1344,1529,0.1388
184,1342,1526,0.1388
179,1328,1507,0.1388
176,1338,1514,0.1388
180,1341,1521,0.1388
178,1336,1514,0.1388
178,1326,1504,0.1388
182,1322,1504,0.1388
188,1320,1508,0.1388
187,1325,1512,0.1388
188,1320,1508,0.1388
186,1328,1514,0.1388
182,1333,1515,0.1388
183,1345,1528,0.1388
184,1336,1520,0.1388
181,1338,1519,0.1388
180,1344,1524,0.1388
179,1340,1519,0.1388
183,1331,1514,0.1388
182,1330,1512,0.1388
181,1331,1512,0.1388
182,1333,1515,0.1388
182,1327,1509,0.1388
183,1318,1501,0.1388
180,1325,1505,0.1388
183,1334,1517,0.1388
177,1332,1509,0.1388
179,1335,1514,0.1388
180,1318,1498,0.1388
179,1328,1507,0.1388
180,1326,1506,0.1388
178,1328,1506,0.1388
177,1340,1517,0.1388
177,1336,1513,0.1388
174,1334,1508,0.1388
171,1346,1517,0.1388
168,1353,1521,0.1388
166,1350,1516,0.1388
172,1349,1521,0.1388
174,1333,1507,0.1388
176,1334,1510,0.1388
172,1321,1493,0.1388
174,1325,1499,0.1388
173,1344,1517,0.1388
175,1342,1517,0.1388
174,1331,1505,0.1388
179,1344,1523,0.1388
176,1333,1509,0.1388
170,1325,1495,0.1388
170,1331,1501,0.1388
172,1342,1514,0.1388
169,1334,1503,0.1388
173,1331,1504,0.1388
177,1330,1507,0.1388
171,1334,1505,0.1388
172,1342,1514,0.1388
172,1333,1505,0.1388
171,1336,1507,0.1388
174,1347,1521,0.1388
178,1344,1522,0.1388
180,1329,1509,0.1388
180,1319,1499,0.1388
182,1328,1510,0.1388
177,1332,1509,0.1388
176,1317,1493,0.1388
177,1332,1509,0.1388
179,1331,1510,0.1388
178,1328,1506,0.1388
179,1331,1510,0.1388
178,1326,1504,0.1388
182,1322,1504,0.1388
182,1322,1504,0.1388
181,1332,1513,0.1388
176,1332,1508,0.1388
179,1335,1514,0.1388
176,1323,1499,0.1388
173,1328,1501,0.1388
176,1335,1511,0.1388
177,1336,1513,0.1388
175,1336,1511,0.1388
176,1345,1521,0.1388
177,1349,1526,0.1388
178,1357,1535,0.1388
175,1339,1514,0.1388
177,1346,1523,0.1388
183,1344,1527,0.1388
186,1339,1525,0.1388
183,1331,1514,0.1388
187,1334,1521,0.1388
190,1332,1522,0.1388
185,1336,1521,0.1388
186,1334,1520,0.1388
190,1329,1519,0.1388
194,1333,1527,0.1388
193,1320,1513,0.1388
190,1331,1521,0.1388
190,1322,1512,0.1388
186,1322,1508,0.1388
188,1315,1503,0.1388
188,1330,1518,0.1388
185,1328,1513,0.1388
186,1328,1514,0.1388
192,1331,1523,0.1388
192,1320,1512,0.1388
187,1316,1503,0.1388
186,1326,1512,0.1388
187,1323,1510,0.1388
186,1323,1509,0.1388
185,1321,1506,0.1388
185,1324,1509,0.1388
189,1337,1526,0.1388
192,1335,1527,0.1388
195,1327,1522,0.1388
193,1318,1511,0.1388
190,1325,1515,0.1388
187,1324,1511,0.1388
188,1318,1506,0.1388
191,1310,1501,0.1388
189,1321,1510,0.1388
190,1324,1514,0.1388
187,1332,1519,0.1388
185,1335,1520,0.1388
181,1336,1517,0.1388
182,1331,1513,0.1388
178,1329,1507,0.1388
179,1334,1513,0.1388
181,1330,1511,0.1388
178,1340,1518,0.1388
177,1339,1516,0.1388
179,1333,1512,0.1388
178,1330,1508,0.1388
181,1335,1516,0.1388
182,1336,1518,0.1388
182,1330,1512,0.1388
185,1319,1504,0.1388
185,1315,1500,0.1388
186,1323,1509,0.1388
185,1330,1515,0.1388
188,1337,1525,0.1388
190,1336,1526,0.1388
190,1335,1525,0.1388
190,1330,1520,0.1388
189,1331,1520,0.1388
185,1337,1522,0.1388
186,1343,1529,0.1388
180,1339,1519,0.1388
175,1349,1524,0.1388
172,1347,1519,0.1388
171,1351,1522,0.1388
170,1365,1535,0.1388
171,1362,1533,0.1388
170,1345,1515,0.1388
172,1343,1515,0.1388
174,1348,1522,0.1388
175,1348,1523,0.1388
170,1344,1514,0.1388
165,1348,1513,0.1388
162,1338,1500,0.1388
162,1337,1499,0.1388
160,1344,1504,0.1388
161,1336,1497,0.1388
161,1333,1494,0.1388
154,1354,1508,0.1388
159,1354,1513,0.1388
155,1348,1503,0.1388
153,1350,1503,0.1388
154,1358,1512,0.1388
158,1340,1498,0.1388
166,1361,1527,0.1388
166,1358,1524,0.1388
168,1351,1519,0.1388
171,1359,1530,0.1388
169,1361,1530,0.1388
170,1358,1528,0.1388
169,1350,1519,0.1388
173,1339,1512,0.1388
169,1325,1494,0.1388
168,1343,1511,0.1388
160,1340,1500,0.1388
164,1346,1510,0.1388
160,1344,1504,0.1388
158,1346,1504,0.1388
157,1353,1510,0.1388
156,1359,1515,0.1388
157,1355,1512,0.1388
160,1367,1527,0.1388
159,1366,1525,0.1388
158,1366,1524,0.1388
155,1362,1517,0.1388
154,1368,1522,0.1388
153,1377,1530,0.1388
152,1376,1528,0.1388
151,1364,1515,0.1388
150,1367,1517,0.1388
146,1369,1515,0.1388
145,1362,1507,0.1388
142,1363,1505,0.1388
145,1359,1504,0.1388
148,1364,1512,0.1388
144,1360,1504,0.1388
145,1368,1513,0.1388
147,1367,1514,0.1388
146,1359,1505,0.1388
145,1362,1507,0.1388
143,1363,1506,0.1388
145,1351,1496,0.1388
148,1360,1508,0.1388
148,1361,1509,0.1388
149,1366,1515,0.1388
146,1375,1521,0.1388
144,1374,1518,0.1388
143,1375,1518,0.1388
142,1382,1524,0.1388
138,1387,1525,0.1388
136,1382,1518,0.1388
141,1380,1521,0.1388
139,1380,1519,0.1388
144,1378,1522,0.1388
140,1373,1513,0.1388
141,1372,1513,0.1388
141,1384,1525,0.1388
137,1370,1507,0.1388
134,1377,1511,0.1388
132,1376,1508,0.1388
135,1365,1500,0.1388
134,1379,1513,0.1388
129,1383,1512,0.1388
128,1382,1510,0.1388
128,1373,1501,0.1388
124,1371,1495,0.1388
128,1373,1501,0.1388
130,1366,1496,0.1388
136,1382,1518,0.1388
134,1379,1513,0.1388
132,1377,1509,0.1388
131,1394,1525,0.1388
131,1384,1515,0.1388
130,1382,1512,0.1388
130,1377,1507,0.1388
130,1379,1509,0.1388
131,1387,1518,0.1388
132,1382,1514,0.1388
131,1384,1515,0.1388
132,1381,1513,0.1388
127,1381,1508,0.1388
130,1381,1511,0.1388
131,1383,1514,0.1388
134,1373,1507,0.1388
134,1377,1511,0.1388
133,1382,1515,0.1388
133,1369,1502,0.1388
131,1378,1509,0.1388
129,1387,1516,0.1388
127,1389,1516,0.1388
123,1384,1507,0.1388
126,1378,1504,0.1388
126,1382,1508,0.1388
129,1388,1517,0.1388
124,1394,1518,0.1388
130,1389,1519,0.1388
131,1389,1520,0.1388
133,1376,1509,0.1388
130,1387,1517,0.1388
130,1389,1519,0.1388
131,1382,1513,0.1388
128,1372,1500,0.1388
126,1384,1510,0.1388
126,1399,1525,0.1388
127,1387,1514,0.1388
127,1393,1520,0.1388
127,1392,1519,0.1388
124,1390,1514,0.1388
128,1386,1514,0.1388
128,1390,1518,0.1388
129,1378,1507,0.1388
125,1362,1487,0.1388
123,1376,1499,0.1388
125,1385,1510,0.1388
126,1374,1500,0.1388
124,1381,1505,0.1388
123,1383,1506,0.1388
124,1386,1510,0.1388
123,1389,1512,0.1388
123,1396,1519,0.1388
124,1399,1523,0.1388
119,1394,1513,0.1388
119,1398,1517,0.1388
115,1396,1511,0.1388
113,1397,1510,0.1388
116,1393,1509,0.1388
114,1400,1514,0.1388
116,1399,1515,0.1388
117,1391,1508,0.1388
118,1381,1499,0.1388
113,1390,1503,0.1388
116,1382,1498,0.1388
120,1382,1502,0.1388
118,1404,1522,0.1388
120,1399,1519,0.1388
118,1409,1527,0.1388
114,1413,1527,0.1388
112,1420,1532,0.1388
114,1418,1532,0.1388
113,1414,1527,0.1388
112,1412,1524,0.1388
110,1408,1518,0.1388
114,1400,1514,0.1388
120,1392,1512,0.1388
117,1380,1497,0.1388
118,1392,1510,0.1388
110,1399,1509,0.1388
112,1405,1517,0.1388
109,1406,1515,0.1388
109,1410,1519,0.1388
108,1407,1515,0.1388
106,1403,1509,0.1388
105,1408,1513,0.1388
103,1408,1511,0.1388
98,1407,1505,0.1388
100,1417,1517,0.1388
101,1421,1522,0.1388
99,1418,1517,0.1388
97,1415,1512,0.1388
95,1419,1514,0.1388
94,1409,1503,0.1388
95,1425,1520,0.1388
96,1431,1527,0.1388
94,1424,1518,0.1388
94,1424,1518,0.1388
97,1414,1511,0.1388
95,1398,1493,0.1388
96,1409,1505,0.1388
96,1413,1509,0.1388
98,1417,1515,0.1388
99,1426,1525,0.1388
98,1433,1531,0.1388
95,1439,1534,0.1388
93,1424,1517,0.1388
91,1428,1519,0.1388
91,1437,1528,0.1388
91,1436,1527,0.1388
90,1444,1534,0.1388
88,1435,1523,0.1388
89,1432,1521,0.1388
87,1439,1526,0.1388
89,1442,1531,0.1388
86,1440,1526,0.1388
84,1430,1514,0.1388
83,1438,1521,0.1388
80,1436,1516,0.1388
82,1432,1514,0.1388
82,1435,1517,0.1388
81,1436,1517,0.1388
80,1439,1519,0.1388
81,1435,1516,0.1388
80,1443,1523,0.1388
82,1439,1521,0.1388
81,1429,1510,0.1388
80,1425,1505,0.1388
80,1424,1504,0.1388
79,1435,1514,0.1388
78,1439,1517,0.1388
77,1449,1526,0.1388
76,1450,1526,0.1388
78,1448,1526,0.1388
79,1447,1526,0.1388
85,1444,1529,0.1388
83,1426,1509,0.1388
85,1422,1507,0.1388
84,1443,1527,0.1388
84,1440,1524,0.1388
85,1436,1521,0.1388
87,1442,1529,0.1388
89,1429,1518,0.1388
89,1432,1521,0.1388
85,1438,1523,0.1388
87,1435,1522,0.1388
88,1422,1510,0.1388
88,1439,1527,0.1388
87,1429,1516,0.1388
88,1428,1516,0.1388
85,1432,1517,0.1388
87,1421,1508,0.1388
90,1431,1521,0.1388
93,1431,1524,0.1388
95,1421,1516,0.1388
92,1424,1516,0.1388
88,1428,1516,0.1388
88,1420,1508,0.1388
86,1416,1502,0.1388
85,1423,1508,0.1388
87,1418,1505,0.1388
87,1405,1492,0.1388
88,1422,1510,0.1388
91,1424,1515,0.1388
93,1416,1509,0.1388
93,1417,1510,0.1388
88,1415,1503,0.1388
87,1421,1508,0.1388
89,1429,1518,0.1388
85,1430,1515,0.1388
81,1437,1518,0.1388
79,1443,1522,0.1388
77,1440,1517,0.1388
77,1450,1527,0.1388
74,1454,1528,0.1388
73,1455,1528,0.1388
72,1459,1531,0.1388
70,1451,1521,0.1388
69,1452,1521,0.1388
72,1441,1513,0.1388
72,1445,1517,0.1388
72,1458,1530,0.1388
69,1453,1522,0.1388
69,1451,1520,0.1388
69,1440,1509,0.1388
72,1445,1517,0.1388
72,1441,1513,0.1388
75,1431,1506,0.1388
74,1441,1515,0.1388
72,1455,1527,0.1388
70,1458,1528,0.1388
69,1452,1521,0.1388
70,1450,1520,0.1388
67,1463,1530,0.1388
67,1449,1516,0.1388
67,1460,1527,0.1388
67,1446,1513,0.1388
64,1453,1517,0.1388
65,1449,1514,0.1388
69,1442,1511,0.1388
71,1443,1514,0.1388
70,1443,1513,0.1388
67,1444,1511,0.1388
65,1447,1512,0.1388
65,1443,1508,0.1388
67,1445,1512,0.1388
68,1443,1511,0.1388
68,1448,1516,0.1388
66,1443,1509,0.1388
65,1438,1503,0.1388
62,1442,1504,0.1388
63,1449,1512,0.1388
62,1462,1524,0.1388
62,1464,1526,0.1388
63,1464,1527,0.1388
61,1469,1530,0.1388
59,1471,1530,0.1388
60,1470,1530,0.1388
59,1474,1533,0.1388
59,1454,1513,0.1388
59,1440,1499,0.1388
57,1458,1515,0.1388
56,1457,1513,0.1388
57,1466,1523,0.1388
60,1465,1525,0.1388
60,1461,1521,0.1388
60,1462,1522,0.1388
58,1469,1527,0.1388
57,1474,1531,0.1388
55,1464,1519,0.1388
55,1457,1512,0.1388
54,1456,1510,0.1388
58,1461,1519,0.1388
57,1472,1529,0.1388
56,1467,1523,0.1388
52,1459,1511,0.1388
51,1452,1503,0.1388
51,1453,1504,0.1388
52,1464,1516,0.1388
52,1464,1516,0.1388
50,1472,1522,0.1388
51,1471,1522,0.1388
50,1473,1523,0.1388
46,1462,1508,0.1388
44,1479,1523,0.1388
42,1475,1517,0.1388
41,1478,1519,0.1388
43,1475,1518,0.1388
44,1464,1508,0.1388
43,1468,1511,0.1388
43,1471,1514,0.1388
45,1478,1523,0.1388
46,1481,1527,0.1388
40,1476,1516,0.1388
40,1482,1522,0.1388
38,1490,1528,0.1388
39,1482,1521,0.1388
40,1494,1534,0.1388
40,1482,1522,0.1388
38,1469,1507,0.1388
38,1468,1506,0.1388
36,1467,1503,0.1388
36,1474,1510,0.1388
39,1477,1516,0.1388
38,1466,1504,0.1388
38,1467,1505,0.1388
38,1468,1506,0.1388
39,1479,1518,0.1388
35,1480,1515,0.1388
32,1482,1514,0.1388
32,1484,1516,0.1388
31,1480,1511,0.1388
32,1494,1526,0.1388
33,1487,1520,0.1388
33,1490,1523,0.1388
32,1491,1523,0.1388
33,1482,1515,0.1388
33,1460,1493,0.1388
34,1474,1508,0.1388
34,1463,1497,0.1388
34,1463,1497,0.1388
34,1466,1500,0.1388
35,1470,1505,0.1388
33,1478,1511,0.1388
33,1483,1516,0.1388
32,1484,1516,0.1388
35,1472,1507,0.1388
34,1464,1498,0.1388
33,1458,1491,0.1388
34,1468,1502,0.1388
35,1475,1510,0.1388
34,1477,1511,0.1388
33,1480,1513,0.1388
33,1484,1517,0.1388
33,1477,1510,0.1388
33,1470,1503,0.1388
33,1468,1501,0.1388
31,1463,1494,0.1388
29,1464,1493,0.1388
30,1463,1493,0.1388
28,1482,1510,0.1388
30,1479,1509,0.1388
31,1481,1512,0.1388
31,1487,1518,0.1388
30,1482,1512,0.1388
28,1478,1506,0.1388
29,1480,1509,0.1388
30,1493,1523,0.1388
28,1481,1509,0.1388
29,1476,1505,0.1388
28,1472,1500,0.1388
29,1480,1509,0.1388
28,1489,1517,0.1388
30,1499,1529,0.1388
30,1482,1512,0.1388
31,1461,1492,0.1388
31,1484,1515,0.1388
29,1477,1506,0.1388
28,1473,1501,0.1388
28,1492,1520,0.1388
28,1488,1516,0.1388
29,1490,1519,0.1388
28,1486,1514,0.1388
29,1484,1513,0.1388
28,1478,1506,0.1388
28,1483,1511,0.1388
29,1486,1515,0.1388
30,1480,1510,0.1388
30,1476,1506,0.1388
30,1481,1511,0.1388
30,1471,1501,0.1388
30,1468,1498,0.1388
31,1477,1508,0.1388
31,1479,1510,0.1388
31,1472,1503,0.1388
31,1486,1517,0.1388
32,1490,1522,0.1388
33,1493,1526,0.1388
33,1480,1513,0.1388
32,1471,1503,0.1388
32,1473,1505,0.1388
31,1480,1511,0.1388
31,1497,1528,0.1388
30,1478,1508,0.1388
30,1479,1509,0.1388
28,1469,1497,0.1388
28,1481,1509,0.1388
28,1484,1512,0.1388
26,1492,1518,0.1388
26,1489,1515,0.1388
26,1476,1502,0.1388
28,1495,1523,0.1388
28,1503,1531,0.1388
27,1494,1521,0.1388
28,1489,1517,0.1388
26,1491,1517,0.1388
26,1487,1513,0.1388
26,1498,1524,0.1388
25,1504,1529,0.1388
24,1512,1536,0.1388
23,1493,1516,0.1388
26,1480,1506,0.1388
25,1488,1513,0.1388
25,1485,1510,0.1388
26,1484,1510,0.1388
26,1499,1525,0.1388
27,1483,1510,0.1388
28,1487,1515,0.1388
28,1483,1511,0.1388
27,1485,1512,0.1388
30,1488,1518,0.1388
31,1485,1516,0.1388
30,1498,1528,0.1388
29,1500,1529,0.1388
27,1504,1531,0.1388
29,1496,1525,0.1388
26,1485,1511,0.1388
25,1479,1504,0.1388
26,1478,1504,0.1388
27,1491,1518,0.1388
26,1494,1520,0.1388
26,1501,1527,0.1388
26,1498,1524,0.1388
26,1485,1511,0.1388
25,1506,1531,0.1388
25,1500,1525,0.1388
25,1496,1521,0.1388
25,1487,1512,0.1388
23,1489,1512,0.1388
24,1498,1522,0.1388
23,1508,1531,0.1388
22,1491,1513,0.1388
19,1502,1521,0.1388
20,1506,1526,0.1388
18,1505,1523,0.1388
17,1508,1525,0.1388
17,1511,1528,0.1388
18,1499,1517,0.1388
21,1492,1513,0.1388
21,1494,1515,0.1388
20,1481,1501,0.1388
20,1491,1511,0.1388
21,1487,1508,0.1388
21,1486,1507,0.1388
21,1492,1513,0.1388
21,1499,1520,0.1388
22,1506,1528,0.1388
21,1503,1524,0.1388
21,1500,1521,0.1388
19,1495,1514,0.1388
17,1499,1516,0.1388
17,1489,1506,0.1388
18,1475,1493,0.1388
16,1495,1511,0.1388
15,1501,1516,0.1388
15,1500,1515,0.1388
15,1480,1495,0.1388
14,1492,1506,0.1388
14,1481,1495,0.1388
15,1485,1500,0.1388
14,1498,1512,0.1388
14,1494,1508,0.1388
14,1495,1509,0.1388
14,1501,1515,0.1388
15,1500,1515,0.1388
15,1505,1520,0.1388
15,1507,1522,0.1388
14,1498,1512,0.1388
13,1496,1509,0.1388
13,1505,1518,0.1388
14,1495,1509,0.1388
14,1497,1511,0.1388
14,1494,1508,0.1388
13,1495,1508,0.1388
14,1499,1513,0.1388
14,1499,1513,0.1388
14,1497,1511,0.1388
13,1511,1524,0.1388
14,1519,1533,0.1388
12,1505,1517,0.1388
12,1507,1519,0.1388
12,1506,1518,0.1388
13,1506,1519,0.1388
15,1508,1523,0.1388
16,1504,1520,0.1388
15,1505,1520,0.1388
16,1498,1514,0.1388
16,1510,1526,0.1388
16,1508,1524,0.1388
15,1503,1518,0.1388
15,1502,1517,0.1388
15,1513,1528,0.1388
14,1506,1520,0.1388
15,1501,1516,0.1388
16,1493,1509,0.1388
17,1491,1508,0.1388
17,1497,1514,0.1388
16,1499,1515,0.1388
16,1491,1507,0.1388
16,1490,1506,0.1388
15,1504,1519,0.1388
16,1511,1527,0.1388
15,1491,1506,0.1388
17,1497,1514,0.1388
17,1500,1517,0.1388
16,1493,1509,0.1388
15,1494,1509,0.1388
14,1509,1523,0.1388
14,1494,1508,0.1388
14,1495,1509,0.1388
13,1496,1509,0.1388
14,1491,1505,0.1388
14,1492,1506,0.1388
14,1499,1513,0.1388
14,1510,1524,0.1388
14,1503,1517,0.1388
13,1497,1510,0.1388
13,1507,1520,0.1388
13,1508,1521,0.1388
13,1500,1513,0.1388
11,1491,1502,0.1388
12,1479,1491,0.1388
11,1497,1508,0.1388
10,1500,1510,0.1388
9,1497,1506,0.1388
10,1507,1517,0.1388
12,1503,1515,0.1388
12,1497,1509,0.1388
12,1485,1497,0.1388
12,1490,1502,0.1388
12,1488,1500,0.1388
12,1504,1516,0.1388
12,1502,1514,0.1388
12,1516,1528,0.1388
11,1500,1511,0.1388
10,1502,1512,0.1388
11,1497,1508,0.1388
11,1497,1508,0.1388
11,1492,1503,0.1388
11,1500,1511,0.1388
11,1502,1513,0.1388
10,1509,1519,0.1388
10,1513,1523,0.1388
10,1504,1514,0.1388
10,1508,1518,0.1388
9,1508,1517,0.1388
9,1503,1512,0.1388
8,1496,1504,0.1388
8,1504,1512,0.1388
7,1511,1518,0.1388
8,1516,1524,0.1388
8,1513,1521,0.1388
8,1512,1520,0.1388
7,1519,1526,0.1388
9,1503,1512,0.1388
9,1513,1522,0.1388
9,1511,1520,0.1388
8,1510,1518,0.1388
8,1505,1513,0.1388
9,1508,1517,0.1388
9,1502,1511,0.1388
8,1500,1508,0.1388
9,1508,1517,0.1388
10,1498,1508,0.1388
10,1497,1507,0.1388
10,1506,1516,0.1388
10,1514,1524,0.1388
9,1496,1505,0.1388
9,1509,1518,0.1388
9,1511,1520,0.1388
9,1514,1523,0.1388
7,1511,1518,0.1388
7,1521,1528,0.1388
7,1526,1533,0.1388
7,1525,1532,0.1388
7,1514,1521,0.1388
7,1515,1522,0.1388
7,1498,1505,0.1388
7,1493,1500,0.1388
7,1497,1504,0.1388
7,1507,1514,0.1388
8,1497,1505,0.1388
8,1511,1519,0.1388
8,1511,1519,0.1388
8,1520,1528,0.1388
8,1528,1536,0.1388
8,1525,1533,0.1388
8,1510,1518,0.1388
9,1526,1535,0.1388
9,1523,1532,0.1388
9,1516,1525,0.1388
9,1517,1526,0.1388
10,1510,1520,0.1388
9,1532,1541,0.1388
9,1525,1534,0.1388
10,1519,1529,0.1388
9,1516,1525,0.1388
9,1511,1520,0.1388
9,1509,1518,0.1388
8,1504,1512,0.1388
8,1502,1510,0.1388
5,1508,1513,0.1388
5,1506,1511,0.1388
5,1499,1504,0.1388
4,1506,1510,0.1388
4,1518,1522,0.1388
4,1525,1529,0.1388
4,1504,1508,0.1388
3,1518,1521,0.1388
3,1520,1523,0.1388
3,1524,1527,0.1388
3,1512,1515,0.1388
3,1513,1516,0.1388
3,1515,1518,0.1388
3,1518,1521,0.1388
3,1506,1509,0.1388
3,1510,1513,0.1388
3,1512,1515,0.1388
3,1519,1522,0.1388
3,1520,1523,0.1388
3,1523,1526,0.1388
3,1535,1538,0.1388
4,1521,1525,0.1388
3,1515,1518,0.1388
3,1507,1510,0.1388
3,1513,1516,0.1388
3,1508,1511,0.1388
3,1516,1519,0.1388
3,1511,1514,0.1388
3,1527,1530,0.1388
3,1513,1516,0.1388
3,1510,1513,0.1388
3,1501,1504,0.1388
3,1506,1509,0.1388
3,1497,1500,0.1388
3,1487,1490,0.1388
3,1501,1504,0.1388
3,1507,1510,0.1388
4,1513,1517,0.1388
4,1513,1517,0.1388
4,1505,1509,0.1388
4,1500,1504,0.1388
4,1512,1516,0.1388
4,1507,1511,0.1388
4,1511,1515,0.1388
4,1530,1534,0.1388
4,1517,1521,0.1388
4,1521,1525,0.1388
3,1513,1516,0.1388
3,1507,1510,0.1388
3,1509,1512,0.1388
4,1505,1509,0.1388
4,1517,1521,0.1388
4,1512,1516,0.1388
4,1517,1521,0.1388
4,1516,1520,0.1388
4,1512,1516,0.1388
4,1515,1519,0.1388
3,1508,1511,0.1388
4,1512,1516,0.1388
4,1503,1507,0.1388
4,1507,1511,0.1388
3,1512,1515,0.1388
3,1506,1509,0.1388
3,1496,1499,0.1388
3,1504,1507,0.1388
3,1513,1516,0.1388
3,1517,1520,0.1388
3,1514,1517,0.1388
3,1521,1524,0.1388
3,1520,1523,0.1388
3,1522,1525,0.1388
2,1514,1516,0.1388
2,1516,1518,0.1388
2,1512,1514,0.1388
3,1517,1520,0.1388
3,1502,1505,0.1388
3,1510,1513,0.1388
3,1519,1522,0.1388
3,1514,1517,0.1388
3,1512,1515,0.1388
3,1519,1522,0.1388
2,1517,1519,0.1388
2,1507,1509,0.1388
2,1521,1523,0.1388
2,1523,1525,0.1388
2,1522,1524,0.1388
2,1517,1519,0.1388
2,1519,1521,0.1388
2,1522,1524,0.1388
2,1520,1522,0.1388
2,1528,1530,0.1388
2,1523,1525,0.1388
2,1517,1519,0.1388
2,1531,1533,0.1388
2,1511,1513,0.1388
2,1514,1516,0.1388
2,1518,1520,0.1388
2,1519,1521,0.1388
2,1523,1525,0.1388
2,1528,1530,0.1388
2,1518,1520,0.1388
2,1515,1517,0.1388
2,1509,1511,0.1388
2,1517,1519,0.1388
2,1509,1511,0.1388
2,1510,1512,0.1388
2,1511,1513,0.1388
1,1519,1520,0.1388
1,1512,1513,0.1388
1,1514,1515,0.1388
1,1517,1518,0.1388
1,1514,1515,0.1388
1,1518,1519,0.1388
1,1526,1527,0.1388
1,1526,1527,0.1388
1,1522,1523,0.1388
1,1508,1509,0.1388
1,1498,1499,0.1388
1,1506,1507,0.1388
1,1515,1516,0.1388
1,1517,1518,0.1388
1,1518,1519,0.1388
1,1525,1526,0.1388
1,1527,1528,0.1388
1,1521,1522,0.1388
1,1522,1523,0.1388
1,1524,1525,0.1388
1,1533,1534,0.1388
1,1519,1520,0.1388
1,1523,1524,0.1388
1,1511,1512,0.1388
1,1500,1501,0.1388
1,1515,1516,0.1388
1,1513,1514,0.1388
1,1515,1516,0.1388
1,1519,1520,0.1388
1,1523,1524,0.1388
1,1510,1511,0.1388
1,1516,1517,0.1388
1,1522,1523,0.1388
1,1522,1523,0.1388
1,1525,1526,0.1388
1,1515,1516,0.1388
1,1517,1518,0.1388
1,1519,1520,0.1388
1,1505,1506,0.1388
1,1510,1511,0.1388
1,1504,1505,0.1388
1,1503,1504,0.1388
1,1514,1515,0.1388
1,1501,1502,0.1388
1,1504,1505,0.1388
1,1522,1523,0.1388
1,1512,1513,0.1388
1,1513,1514,0.1388
1,1511,1512,0.1388
1,1506,1507,0.1388
1,1516,1517,0.1388
1,1516,1517,0.1388
1,1525,1526,0.1388
1,1520,1521,0.1388
1,1518,1519,0.1388
1,1529,1530,0.1388
1,1524,1525,0.1388
1,1505,1506,0.1388
1,1501,1502,0.1388
1,1512,1513,0.1388
1,1513,1514,0.1388
1,1527,1528,0.1388
1,1536,1537,0.1388
1,1521,1522,0.1388
1,1523,1524,0.1388
1,1523,1524,0.1388
1,1523,1524,0.1388
1,1517,1518,0.1388
1,1534,1535,0.1388
1,1520,1521,0.1388
1,1513,1514,0.1388
1,1514,1515,0.1388
1,1519,1520,0.1388
1,1518,1519,0.1388
1,1527,1528,0.1388
1,1517,1518,0.1388
1,1525,1526,0.1388
1,1527,1528,0.1388
1,1531,1532,0.1388
1,1520,1521,0.1388
1,1526,1527,0.1388
1,1522,1523,0.1388
1,1525,1526,0.1388
1,1502,1503,0.1388
0,1511,1511,0.1388
