1392,28,1420,0.1388
1416,27,1443,0.1388
1448,29,1477,0.1388
1457,30,1487,0.1388
1466,28,1494,0.1388
1468,31,1499,0.1388
1477,32,1509,0.1388
1468,32,1500,0.1388
1465,30,1495,0.1388
1476,31,1507,0.1388
1481,31,1512,0.1388
1469,32,1501,0.1388
1459,30,1489,0.1388
1452,30,1482,0.1388
1444,31,1475,0.1388
1457,31,1488,0.1388
1440,31,1471,0.1388
1448,31,1479,0.1388
1460,31,1491,0.1388
1455,33,1488,0.1388
1464,30,1494,0.1388
1462,29,1491,0.1388
1463,30,1493,0.1388
1466,29,1495,0.1388
1464,31,1495,0.1388
1466,29,1495,0.1388
1458,29,1487,0.1388
1470,28,1498,0.1388
1454,29,1483,0.1388
1458,30,1488,0.1388
1457,31,1488,0.1388
1465,31,1496,0.1388
1455,33,1488,0.1388
1452,33,1485,0.1388
1456,34,1490,0.1388
1469,35,1504,0.1388
1461,34,1495,0.1388
1454,34,1488,0.1388
1458,33,1491,0.1388
1450,34,1484,0.1388
1447,33,1480,0.1388
1449,31,1480,0.1388
1441,32,1473,0.1388
1453,33,1486,0.1388
1466,34,1500,0.1388
1463,36,1499,0.1388
1460,37,1497,0.1388
1463,35,1498,0.1388
1454,39,1493,0.1388
1435,43,1478,0.1388
1450,43,1493,0.1388
1452,40,1492,0.1388
1467,40,1507,0.1388
1460,41,1501,0.1388
1444,42,1486,0.1388
1449,41,1490,0.1388
1453,40,1493,0.1388
1457,39,1496,0.1388
1464,40,1504,0.1388
1456,40,1496,0.1388
1454,40,1494,0.1388
1462,39,1501,0.1388
1460,37,1497,0.1388
1470,38,1508,0.1388
1463,41,1504,0.1388
1452,40,1492,0.1388
1454,41,1495,0.1388
1451,41,1492,0.1388
1449,43,1492,0.1388
1448,41,1489,0.1388
1456,44,1500,0.1388
1445,41,1486,0.1388
1445,40,1485,0.1388
1443,41,1484,0.1388
1446,41,1487,0.1388
1462,41,1503,0.1388
1467,42,1509,0.1388
1460,42,1502,0.1388
1459,41,1500,0.1388
1466,42,1508,0.1388
1456,42,1498,0.1388
1457,38,1495,0.1388
1450,37,1487,0.1388
1447,38,1485,0.1388
1445,39,1484,0.1388
1445,40,1485,0.1388
1435,41,1476,0.1388
1439,41,1480,0.1388
1429,43,1472,0.1388
1447,44,1491,0.1388
1441,45,1486,0.1388
1453,46,1499,0.1388
1444,46,1490,0.1388
1439,47,1486,0.1388
1444,46,1490,0.1388
1443,50,1493,0.1388
1443,48,1491,0.1388
1454,48,1502,0.1388
1451,49,1500,0.1388
1457,48,1505,0.1388
1453,48,1501,0.1388
1443,50,1493,0.1388
1445,52,1497,0.1388
1446,54,1500,0.1388
1439,53,1492,0.1388
1428,53,1481,0.1388
1436,54,1490,0.1388
1437,53,1490,0.1388
1452,54,1506,0.1388
1454,51,1505,0.1388
1454,50,1504,0.1388
1447,51,1498,0.1388
1452,50,1502,0.1388
1448,54,1502,0.1388
1448,54,1502,0.1388
1458,53,1511,0.1388
1448,51,1499,0.1388
1444,53,1497,0.1388
1440,53,1493,0.1388
1440,53,1493,0.1388
1442,55,1497,0.1388
1448,59,1507,0.1388
1439,57,1496,0.1388
1445,54,1499,0.1388
1446,58,1504,0.1388
1426,58,1484,0.1388
1427,62,1489,0.1388
1423,61,1484,0.1388
1422,62,1484,0.1388
1430,59,1489,0.1388
1432,55,1487,0.1388
1439,56,1495,0.1388
1435,58,1493,0.1388
1435,54,1489,0.1388
1439,53,1492,0.1388
1442,50,1492,0.1388
1443,50,1493,0.1388
1450,45,1495,0.1388
1441,46,1487,0.1388
1436,47,1483,0.1388
1444,45,1489,0.1388
1451,47,1498,0.1388
1444,43,1487,0.1388
1455,46,1501,0.1388
1463,46,1509,0.1388
1452,46,1498,0.1388
1459,46,1505,0.1388
1470,48,1518,0.1388
1454,46,1500,0.1388
1451,47,1498,0.1388
1441,48,1489,0.1388
1441,47,1488,0.1388
1441,48,1489,0.1388
1447,49,1496,0.1388
1430,52,1482,0.1388
1425,54,1479,0.1388
1427,57,1484,0.1388
1433,58,1491,0.1388
1423,55,1478,0.1388
1444,56,1500,0.1388
1448,56,1504,0.1388
1453,57,1510,0.1388
1448,57,1505,0.1388
1435,56,1491,0.1388
1432,56,1488,0.1388
1430,57,1487,0.1388
1431,59,1490,0.1388
1433,59,1492,0.1388
1442,59,1501,0.1388
1424,57,1481,0.1388
1425,60,1485,0.1388
1426,62,1488,0.1388
1447,62,1509,0.1388
1431,61,1492,0.1388
1422,62,1484,0.1388
1432,63,1495,0.1388
1446,65,1511,0.1388
1444,59,1503,0.1388
1442,59,1501,0.1388
1430,60,1490,0.1388
1442,61,1503,0.1388
1445,60,1505,0.1388
1447,60,1507,0.1388
1457,59,1516,0.1388
1433,59,1492,0.1388
1439,63,1502,0.1388
1436,64,1500,0.1388
1439,63,1502,0.1388
1438,62,1500,0.1388
1432,60,1492,0.1388
1432,63,1495,0.1388
1436,61,1497,0.1388
1421,61,1482,0.1388
1421,65,1486,0.1388
1415,67,1482,0.1388
1419,64,1483,0.1388
1412,65,1477,0.1388
1420,67,1487,0.1388
1420,70,1490,0.1388
1419,71,1490,0.1388
1406,73,1479,0.1388
1411,70,1481,0.1388
1430,71,1501,0.1388
1424,74,1498,0.1388
1413,76,1489,0.1388
1404,77,1481,0.1388
1401,76,1477,0.1388
1407,77,1484,0.1388
1402,79,1481,0.1388
1405,78,1483,0.1388
1420,78,1498,0.1388
1407,79,1486,0.1388
1397,80,1477,0.1388
1399,84,1483,0.1388
1408,87,1495,0.1388
1410,87,1497,0.1388
1395,82,1477,0.1388
1399,84,1483,0.1388
1405,88,1493,0.1388
1406,91,1497,0.1388
1393,96,1489,0.1388
1399,96,1495,0.1388
1407,98,1505,0.1388
1402,95,1497,0.1388
1406,99,1505,0.1388
1403,98,1501,0.1388
1424,97,1521,0.1388
1419,99,1518,0.1388
1415,97,1512,0.1388
1409,96,1505,0.1388
1408,96,1504,0.1388
1413,94,1507,0.1388
1403,93,1496,0.1388
1398,95,1493,0.1388
1388,93,1481,0.1388
1389,95,1484,0.1388
1396,97,1493,0.1388
1390,98,1488,0.1388
1389,102,1491,0.1388
1390,102,1492,0.1388
1396,98,1494,0.1388
1386,101,1487,0.1388
1383,99,1482,0.1388
1383,96,1479,0.1388
1383,98,1481,0.1388
1386,99,1485,0.1388
1382,100,1482,0.1388
1381,102,1483,0.1388
1390,105,1495,0.1388
1403,100,1503,0.1388
1400,101,1501,0.1388
1401,100,1501,0.1388
1380,102,1482,0.1388
1381,104,1485,0.1388
1376,102,1478,0.1388
1378,102,1480,0.1388
1389,104,1493,0.1388
1385,105,1490,0.1388
1395,107,1502,0.1388
1388,105,1493,0.1388
1387,98,1485,0.1388
1378,103,1481,0.1388
1384,106,1490,0.1388
1388,105,1493,0.1388
1387,105,1492,0.1388
1377,105,1482,0.1388
1383,110,1493,0.1388
1377,115,1492,0.1388
1384,116,1500,0.1388
1386,119,1505,0.1388
1386,120,1506,0.1388
1369,121,1490,0.1388
1372,122,1494,0.1388
1365,124,1489,0.1388
1363,124,1487,0.1388
1354,127,1481,0.1388
1367,131,1498,0.1388
1366,130,1496,0.1388
1357,129,1486,0.1388
1353,138,1491,0.1388
1371,134,1505,0.1388
1365,132,1497,0.1388
1370,135,1505,0.1388
1363,133,1496,0.1388
1347,133,1480,0.1388
1343,136,1479,0.1388
1334,135,1469,0.1388
1349,137,1486,0.1388
1353,135,1488,0.1388
1352,136,1488,0.1388
1346,134,1480,0.1388
1336,132,1468,0.1388
1328,134,1462,0.1388
1337,137,1474,0.1388
1344,131,1475,0.1388
1359,132,1491,0.1388
1359,132,1491,0.1388
1365,134,1499,0.1388
1367,134,1501,0.1388
1361,133,1494,0.1388
1356,131,1487,0.1388
1346,135,1481,0.1388
1346,143,1489,0.1388
1360,138,1498,0.1388
1350,140,1490,0.1388
1357,140,1497,0.1388
1352,142,1494,0.1388
1349,143,1492,0.1388
1359,140,1499,0.1388
1347,138,1485,0.1388
1348,138,1486,0.1388
1357,137,1494,0.1388
1354,143,1497,0.1388
1363,143,1506,0.1388
1377,141,1518,0.1388
1369,137,1506,0.1388
1363,138,1501,0.1388
1353,140,1493,0.1388
1346,145,1491,0.1388
1336,141,1477,0.1388
1345,144,1489,0.1388
1358,145,1503,0.1388
1350,146,1496,0.1388
1353,149,1502,0.1388
1351,150,1501,0.1388
1339,150,1489,0.1388
1343,146,1489,0.1388
1340,151,1491,0.1388
1341,153,1494,0.1388
1341,154,1495,0.1388
1342,156,1498,0.1388
1331,157,1488,0.1388
1349,153,1502,0.1388
1340,153,1493,0.1388
1328,154,1482,0.1388
1345,154,1499,0.1388
1350,152,1502,0.1388
1350,154,1504,0.1388
1363,155,1518,0.1388
1359,155,1514,0.1388
1350,153,1503,0.1388
1343,152,1495,0.1388
1349,164,1513,0.1388
1346,165,1511,0.1388
1336,165,1501,0.1388
1335,173,1508,0.1388
1326,167,1493,0.1388
1329,163,1492,0.1388
1334,169,1503,0.1388
1325,171,1496,0.1388
1334,170,1504,0.1388
1341,170,1511,0.1388
1333,171,1504,0.1388
1328,169,1497,0.1388
1328,169,1497,0.1388
1327,171,1498,0.1388
1331,170,1501,0.1388
1327,169,1496,0.1388
1321,170,1491,0.1388
1309,173,1482,0.1388
1317,180,1497,0.1388
1322,185,1507,0.1388
1311,183,1494,0.1388
1302,180,1482,0.1388
1308,180,1488,0.1388
1308,184,1492,0.1388
1309,188,1497,0.1388
1304,183,1487,0.1388
1296,187,1483,0.1388
1295,189,1484,0.1388
1285,190,1475,0.1388
1293,197,1490,0.1388
1290,196,1486,0.1388
1294,204,1498,0.1388
1304,198,1502,0.1388
1295,199,1494,0.1388
1292,209,1501,0.1388
1302,208,1510,0.1388
1292,208,1500,0.1388
1287,212,1499,0.1388
1286,214,1500,0.1388
1285,208,1493,0.1388
1270,207,1477,0.1388
1264,212,1476,0.1388
1262,219,1481,0.1388
1261,215,1476,0.1388
1269,220,1489,0.1388
1265,224,1489,0.1388
1266,221,1487,0.1388
1272,223,1495,0.1388
1265,220,1485,0.1388
1265,223,1488,0.1388
1264,225,1489,0.1388
1264,231,1495,0.1388
1275,231,1506,0.1388
1268,235,1503,0.1388
1271,237,1508,0.1388
1267,238,1505,0.1388
1261,235,1496,0.1388
1266,239,1505,0.1388
1264,240,1504,0.1388
1260,238,1498,0.1388
1259,236,1495,0.1388
1264,237,1501,0.1388
1262,235,1497,0.1388
1263,236,1499,0.1388
1272,234,1506,0.1388
1276,234,1510,0.1388
1263,233,1496,0.1388
1259,228,1487,0.1388
1263,230,1493,0.1388
1272,236,1508,0.1388
1261,241,1502,0.1388
1259,238,1497,0.1388
1249,238,1487,0.1388
1248,240,1488,0.1388
1244,239,1483,0.1388
1256,238,1494,0.1388
1255,236,1491,0.1388
1251,237,1488,0.1388
1256,238,1494,0.1388
1252,240,1492,0.1388
1257,234,1491,0.1388
1246,237,1483,0.1388
1248,240,1488,0.1388
1248,239,1487,0.1388
1247,240,1487,0.1388
1256,242,1498,0.1388
1252,238,1490,0.1388
1268,242,1510,0.1388
1264,246,1510,0.1388
1256,247,1503,0.1388
1257,249,1506,0.1388
1251,252,1503,0.1388
1237,253,1490,0.1388
1231,251,1482,0.1388
1238,254,1492,0.1388
1253,259,1512,0.1388
1246,256,1502,0.1388
1238,258,1496,0.1388
1241,254,1495,0.1388
1243,253,1496,0.1388
1244,254,1498,0.1388
1244,256,1500,0.1388
1247,255,1502,0.1388
1252,255,1507,0.1388
1242,254,1496,0.1388
1248,256,1504,0.1388
1247,255,1502,0.1388
1254,254,1508,0.1388
1250,250,1500,0.1388
1252,251,1503,0.1388
1239,254,1493,0.1388
1242,253,1495,0.1388
1243,255,1498,0.1388
1242,256,1498,0.1388
1232,258,1490,0.1388
1231,265,1496,0.1388
1235,269,1504,0.1388
1228,272,1500,0.1388
1224,273,1497,0.1388
1226,269,1495,0.1388
1218,273,1491,0.1388
1226,274,1500,0.1388
1223,275,1498,0.1388
1214,276,1490,0.1388
1215,282,1497,0.1388
1217,290,1507,0.1388
1220,287,1507,0.1388
1222,291,1513,0.1388
1218,291,1509,0.1388
1215,289,1504,0.1388
1218,291,1509,0.1388
1211,292,1503,0.1388
1218,291,1509,0.1388
1217,292,1509,0.1388
1208,294,1502,0.1388
1215,294,1509,0.1388
1211,295,1506,0.1388
1202,294,1496,0.1388
1217,289,1506,0.1388
1212,295,1507,0.1388
1213,294,1507,0.1388
1214,285,1499,0.1388
1209,302,1511,0.1388
1211,300,1511,0.1388
1206,300,1506,0.1388
1208,304,1512,0.1388
1188,307,1495,0.1388
1187,301,1488,0.1388
1174,302,1476,0.1388
1185,313,1498,0.1388
1186,319,1505,0.1388
1188,319,1507,0.1388
1184,318,1502,0.1388
1171,318,1489,0.1388
1167,320,1487,0.1388
1177,319,1496,0.1388
1171,314,1485,0.1388
1181,319,1500,0.1388
1160,324,1484,0.1388
1151,324,1475,0.1388
1145,321,1466,0.1388
1161,322,1483,0.1388
1165,325,1490,0.1388
1166,328,1494,0.1388
1178,328,1506,0.1388
1179,331,1510,0.1388
1184,332,1516,0.1388
1176,327,1503,0.1388
1171,326,1497,0.1388
1169,329,1498,0.1388
1166,340,1506,0.1388
1167,342,1509,0.1388
1157,345,1502,0.1388
1163,347,1510,0.1388
1163,345,1508,0.1388
1163,344,1507,0.1388
1170,343,1513,0.1388
1173,344,1517,0.1388
1187,340,1527,0.1388
1191,342,1533,0.1388
1181,333,1514,0.1388
1172,335,1507,0.1388
1159,334,1493,0.1388
1153,339,1492,0.1388
1155,338,1493,0.1388
1161,338,1499,0.1388
1155,339,1494,0.1388
1161,336,1497,0.1388
1155,334,1489,0.1388
1158,331,1489,0.1388
1156,336,1492,0.1388
1133,335,1468,0.1388
1136,336,1472,0.1388
1154,338,1492,0.1388
1157,344,1501,0.1388
1163,342,1505,0.1388
1160,342,1502,0.1388
1157,346,1503,0.1388
1154,347,1501,0.1388
1152,347,1499,0.1388
1154,351,1505,0.1388
1147,345,1492,0.1388
1151,345,1496,0.1388
1142,347,1489,0.1388
1135,347,1482,0.1388
1127,352,1479,0.1388
1127,365,1492,0.1388
1141,359,1500,0.1388
1136,368,1504,0.1388
1141,366,1507,0.1388
1156,361,1517,0.1388
1141,357,1498,0.1388
1135,357,1492,0.1388
1131,360,1491,0.1388
1131,361,1492,0.1388
1142,365,1507,0.1388
1135,364,1499,0.1388
1128,358,1486,0.1388
1137,363,1500,0.1388
1134,367,1501,0.1388
1136,364,1500,0.1388
1123,365,1488,0.1388
1120,363,1483,0.1388
1126,363,1489,0.1388
1120,359,1479,0.1388
1128,365,1493,0.1388
1139,368,1507,0.1388
1137,369,1506,0.1388
1130,368,1498,0.1388
1135,372,1507,0.1388
1129,375,1504,0.1388
1125,374,1499,0.1388
1125,374,1499,0.1388
1127,371,1498,0.1388
1122,362,1484,0.1388
1133,361,1494,0.1388
1124,370,1494,0.1388
1123,370,1493,0.1388
1111,381,1492,0.1388
1110,381,1491,0.1388
1110,385,1495,0.1388
1109,386,1495,0.1388
1094,380,1474,0.1388
1109,388,1497,0.1388
1106,384,1490,0.1388
1107,386,1493,0.1388
1114,388,1502,0.1388
1109,394,1503,0.1388
1110,389,1499,0.1388
1114,382,1496,0.1388
1116,387,1503,0.1388
1113,388,1501,0.1388
1126,386,1512,0.1388
1132,382,1514,0.1388
1121,383,1504,0.1388
1119,392,1511,0.1388
1104,389,1493,0.1388
1111,386,1497,0.1388
1107,385,1492,0.1388
1114,381,1495,0.1388
1120,388,1508,0.1388
1122,389,1511,0.1388
1122,392,1514,0.1388
1128,388,1516,0.1388
1129,386,1515,0.1388
1122,386,1508,0.1388
1119,391,1510,0.1388
1110,399,1509,0.1388
1108,394,1502,0.1388
1103,395,1498,0.1388
1111,393,1504,0.1388
1107,396,1503,0.1388
1102,396,1498,0.1388
1104,399,1503,0.1388
1111,395,1506,0.1388
1102,394,1496,0.1388
1101,389,1490,0.1388
1097,392,1489,0.1388
1103,392,1495,0.1388
1112,387,1499,0.1388
1119,391,1510,0.1388
1120,401,1521,0.1388
1115,390,1505,0.1388
1113,394,1507,0.1388
1110,394,1504,0.1388
1105,393,1498,0.1388
1109,404,1513,0.1388
1097,398,1495,0.1388
1094,392,1486,0.1388
1089,399,1488,0.1388
1103,406,1509,0.1388
1096,407,1503,0.1388
1094,409,1503,0.1388
1082,409,1491,0.1388
1082,418,1500,0.1388
1086,414,1500,0.1388
1089,412,1501,0.1388
1090,413,1503,0.1388
1083,415,1498,0.1388
1085,415,1500,0.1388
1094,414,1508,0.1388
1098,415,1513,0.1388
1086,416,1502,0.1388
1090,414,1504,0.1388
1088,415,1503,0.1388
1088,409,1497,0.1388
1091,407,1498,0.1388
1093,403,1496,0.1388
1090,410,1500,0.1388
1098,409,1507,0.1388
1089,408,1497,0.1388
1086,405,1491,0.1388
1078,412,1490,0.1388
1081,413,1494,0.1388
1078,420,1498,0.1388
1085,418,1503,0.1388
1076,415,1491,0.1388
1075,419,1494,0.1388
1069,424,1493,0.1388
1082,422,1504,0.1388
1080,428,1508,0.1388
1077,423,1500,0.1388
1080,419,1499,0.1388
1068,419,1487,0.1388
1080,426,1506,0.1388
1070,430,1500,0.1388
1072,435,1507,0.1388
1068,432,1500,0.1388
1063,426,1489,0.1388
1069,432,1501,0.1388
1067,427,1494,0.1388
1056,428,1484,0.1388
1056,423,1479,0.1388
1051,433,1484,0.1388
1056,442,1498,0.1388
1047,441,1488,0.1388
1056,439,1495,0.1388
1065,441,1506,0.1388
1069,445,1514,0.1388
1057,449,1506,0.1388
1062,447,1509,0.1388
1055,436,1491,0.1388
1041,440,1481,0.1388
1035,443,1478,0.1388
1046,451,1497,0.1388
1045,442,1487,0.1388
1052,446,1498,0.1388
1046,440,1486,0.1388
1048,446,1494,0.1388
1044,449,1493,0.1388
1054,444,1498,0.1388
1048,445,1493,0.1388
1056,453,1509,0.1388
1053,455,1508,0.1388
1044,455,1499,0.1388
1039,451,1490,0.1388
1041,458,1499,0.1388
1054,456,1510,0.1388
1051,452,1503,0.1388
1054,450,1504,0.1388
1059,450,1509,0.1388
1043,447,1490,0.1388
1046,453,1499,0.1388
1038,456,1494,0.1388
1028,464,1492,0.1388
1032,464,1496,0.1388
1041,464,1505,0.1388
1042,468,1510,0.1388
1039,473,1512,0.1388
1032,476,1508,0.1388
1024,474,1498,0.1388
1025,475,1500,0.1388
1020,474,1494,0.1388
1013,480,1493,0.1388
1018,477,1495,0.1388
1026,474,1500,0.1388
1017,469,1486,0.1388
1028,471,1499,0.1388
1035,472,1507,0.1388
1039,471,1510,0.1388
1038,465,1503,0.1388
1033,472,1505,0.1388
1033,468,1501,0.1388
1042,471,1513,0.1388
1041,469,1510,0.1388
1039,468,1507,0.1388
1028,480,1508,0.1388
1013,481,1494,0.1388
1013,471,1484,0.1388
1021,477,1498,0.1388
1015,480,1495,0.1388
1019,482,1501,0.1388
1008,481,1489,0.1388
1014,483,1497,0.1388
1016,489,1505,0.1388
1015,492,1507,0.1388
1004,494,1498,0.1388
1006,498,1504,0.1388
999,500,1499,0.1388
1009,502,1511,0.1388
1023,498,1521,0.1388
1025,499,1524,0.1388
1031,489,1520,0.1388
1029,492,1521,0.1388
1020,499,1519,0.1388
1024,492,1516,0.1388
1023,487,1510,0.1388
1019,496,1515,0.1388
1016,491,1507,0.1388
1007,486,1493,0.1388
1009,494,1503,0.1388
1016,490,1506,0.1388
1017,502,1519,0.1388
1013,491,1504,0.1388
1008,494,1502,0.1388
1016,496,1512,0.1388
1006,498,1504,0.1388
1008,501,1509,0.1388
1004,500,1504,0.1388
1000,498,1498,0.1388
1002,498,1500,0.1388
992,493,1485,0.1388
1008,496,1504,0.1388
1012,496,1508,0.1388
1006,497,1503,0.1388
1001,506,1507,0.1388
999,508,1507,0.1388
1007,509,1516,0.1388
1000,509,1509,0.1388
991,504,1495,0.1388
985,508,1493,0.1388
993,508,1501,0.1388
1002,505,1507,0.1388
996,504,1500,0.1388
998,505,1503,0.1388
1001,501,1502,0.1388
1008,510,1518,0.1388
1003,503,1506,0.1388
1016,503,1519,0.1388
1010,504,1514,0.1388
1002,500,1502,0.1388
1004,505,1509,0.1388
990,505,1495,0.1388
985,518,1503,0.1388
978,527,1505,0.1388
982,525,1507,0.1388
976,533,1509,0.1388
970,529,1499,0.1388
975,529,1504,0.1388
974,530,1504,0.1388
961,533,1494,0.1388
958,536,1494,0.1388
965,535,1500,0.1388
965,539,1504,0.1388
969,543,1512,0.1388
957,548,1505,0.1388
958,542,1500,0.1388
953,542,1495,0.1388
959,546,1505,0.1388
956,543,1499,0.1388
961,548,1509,0.1388
957,551,1508,0.1388
956,553,1509,0.1388
960,544,1504,0.1388
952,553,1505,0.1388
951,556,1507,0.1388
942,556,1498,0.1388
953,555,1508,0.1388
946,561,1507,0.1388
946,561,1507,0.1388
941,565,1506,0.1388
952,561,1513,0.1388
949,559,1508,0.1388
940,567,1507,0.1388
936,572,1508,0.1388
931,563,1494,0.1388
924,568,1492,0.1388
918,568,1486,0.1388
918,577,1495,0.1388
910,585,1495,0.1388
924,580,1504,0.1388
933,589,1522,0.1388
922,592,1514,0.1388
923,593,1516,0.1388
906,591,1497,0.1388
898,587,1485,0.1388
900,579,1479,0.1388
907,590,1497,0.1388
913,598,1511,0.1388
920,608,1528,0.1388
915,609,1524,0.1388
913,607,1520,0.1388
917,607,1524,0.1388
912,605,1517,0.1388
914,609,1523,0.1388
901,604,1505,0.1388
907,592,1499,0.1388
909,590,1499,0.1388
915,590,1505,0.1388
926,585,1511,0.1388
916,588,1504,0.1388
914,597,1511,0.1388
909,596,1505,0.1388
910,601,1511,0.1388
900,609,1509,0.1388
902,606,1508,0.1388
897,606,1503,0.1388
901,598,1499,0.1388
898,601,1499,0.1388
903,594,1497,0.1388
897,597,1494,0.1388
894,594,1488,0.1388
887,603,1490,0.1388
890,603,1493,0.1388
889,608,1497,0.1388
887,613,1500,0.1388
888,606,1494,0.1388
893,612,1505,0.1388
885,621,1506,0.1388
875,622,1497,0.1388
873,626,1499,0.1388
870,628,1498,0.1388
875,631,1506,0.1388
880,628,1508,0.1388
875,617,1492,0.1388
868,618,1486,0.1388
873,626,1499,0.1388
861,629,1490,0.1388
864,629,1493,0.1388
866,626,1492,0.1388
874,632,1506,0.1388
872,635,1507,0.1388
871,629,1500,0.1388
867,637,1504,0.1388
860,639,1499,0.1388
860,642,1502,0.1388
860,639,1499,0.1388
869,647,1516,0.1388
860,648,1508,0.1388
860,649,1509,0.1388
857,641,1498,0.1388
856,651,1507,0.1388
852,661,1513,0.1388
850,662,1512,0.1388
836,658,1494,0.1388
839,656,1495,0.1388
848,656,1504,0.1388
853,653,1506,0.1388
855,658,1513,0.1388
856,646,1502,0.1388
859,642,1501,0.1388
857,643,1500,0.1388
855,648,1503,0.1388
868,655,1523,0.1388
863,655,1518,0.1388
859,655,1514,0.1388
862,656,1518,0.1388
854,662,1516,0.1388
848,655,1503,0.1388
850,650,1500,0.1388
842,657,1499,0.1388
845,657,1502,0.1388
848,662,1510,0.1388
851,662,1513,0.1388
844,657,1501,0.1388
834,664,1498,0.1388
826,670,1496,0.1388
836,671,1507,0.1388
837,673,1510,0.1388
844,668,1512,0.1388
845,666,1511,0.1388
840,676,1516,0.1388
838,684,1522,0.1388
837,691,1528,0.1388
830,687,1517,0.1388
826,684,1510,0.1388
819,691,1510,0.1388
805,689,1494,0.1388
795,690,1485,0.1388
791,694,1485,0.1388
787,708,1495,0.1388
793,705,1498,0.1388
787,701,1488,0.1388
792,696,1488,0.1388
799,700,1499,0.1388
803,700,1503,0.1388
810,698,1508,0.1388
808,693,1501,0.1388
809,697,1506,0.1388
812,702,1514,0.1388
808,693,1501,0.1388
803,689,1492,0.1388
806,702,1508,0.1388
809,699,1508,0.1388
813,696,1509,0.1388
805,696,1501,0.1388
790,708,1498,0.1388
787,705,1492,0.1388
777,719,1496,0.1388
782,719,1501,0.1388
797,720,1517,0.1388
805,715,1520,0.1388
803,715,1518,0.1388
796,705,1501,0.1388
793,697,1490,0.1388
794,706,1500,0.1388
796,717,1513,0.1388
789,710,1499,0.1388
797,708,1505,0.1388
790,717,1507,0.1388
780,719,1499,0.1388
775,716,1491,0.1388
783,711,1494,0.1388
785,707,1492,0.1388
785,721,1506,0.1388
786,721,1507,0.1388
786,720,1506,0.1388
789,725,1514,0.1388
788,713,1501,0.1388
793,712,1505,0.1388
786,706,1492,0.1388
777,697,1474,0.1388
778,704,1482,0.1388
776,722,1498,0.1388
778,716,1494,0.1388
776,715,1491,0.1388
781,716,1497,0.1388
773,714,1487,0.1388
776,717,1493,0.1388
772,719,1491,0.1388
777,712,1489,0.1388
773,717,1490,0.1388
776,716,1492,0.1388
769,711,1480,0.1388
779,713,1492,0.1388
784,712,1496,0.1388
782,719,1501,0.1388
782,721,1503,0.1388
781,726,1507,0.1388
777,722,1499,0.1388
776,709,1485,0.1388
779,716,1495,0.1388
774,711,1485,0.1388
787,719,1506,0.1388
792,708,1500,0.1388
789,715,1504,0.1388
771,722,1493,0.1388
776,726,1502,0.1388
782,727,1509,0.1388
772,720,1492,0.1388
754,727,1481,0.1388
769,736,1505,0.1388
768,728,1496,0.1388
769,723,1492,0.1388
766,732,1498,0.1388
763,737,1500,0.1388
761,732,1493,0.1388
757,743,1500,0.1388
761,737,1498,0.1388
764,733,1497,0.1388
772,733,1505,0.1388
778,734,1512,0.1388
774,736,1510,0.1388
778,742,1520,0.1388
774,739,1513,0.1388
766,734,1500,0.1388
764,733,1497,0.1388
758,726,1484,0.1388
772,732,1504,0.1388
771,729,1500,0.1388
757,731,1488,0.1388
760,746,1506,0.1388
754,748,1502,0.1388
751,739,1490,0.1388
752,740,1492,0.1388
752,747,1499,0.1388
754,742,1496,0.1388
754,748,1502,0.1388
753,752,1505,0.1388
757,747,1504,0.1388
752,753,1505,0.1388
747,761,1508,0.1388
742,758,1500,0.1388
739,753,1492,0.1388
741,747,1488,0.1388
752,751,1503,0.1388
748,753,1501,0.1388
743,760,1503,0.1388
740,755,1495,0.1388
744,750,1494,0.1388
748,754,1502,0.1388
756,751,1507,0.1388
756,758,1514,0.1388
759,750,1509,0.1388
756,745,1501,0.1388
761,760,1521,0.1388
758,743,1501,0.1388
763,741,1504,0.1388
762,737,1499,0.1388
761,741,1502,0.1388
760,748,1508,0.1388
763,740,1503,0.1388
759,739,1498,0.1388
758,735,1493,0.1388
770,736,1506,0.1388
764,736,1500,0.1388
774,742,1516,0.1388
772,740,1512,0.1388
774,740,1514,0.1388
765,745,1510,0.1388
762,748,1510,0.1388
761,745,1506,0.1388
759,745,1504,0.1388
750,748,1498,0.1388
754,755,1509,0.1388
752,756,1508,0.1388
746,757,1503,0.1388
742,756,1498,0.1388
744,764,1508,0.1388
738,771,1509,0.1388
730,773,1503,0.1388
735,778,1513,0.1388
740,762,1502,0.1388
742,766,1508,0.1388
738,765,1503,0.1388
741,766,1507,0.1388
742,760,1502,0.1388
749,763,1512,0.1388
740,765,1505,0.1388
734,767,1501,0.1388
738,774,1512,0.1388
750,780,1530,0.1388
744,781,1525,0.1388
738,777,1515,0.1388
743,778,1521,0.1388
739,772,1511,0.1388
737,780,1517,0.1388
742,775,1517,0.1388
739,779,1518,0.1388
730,776,1506,0.1388
728,774,1502,0.1388
723,778,1501,0.1388
717,785,1502,0.1388
716,792,1508,0.1388
712,789,1501,0.1388
706,788,1494,0.1388
705,799,1504,0.1388
712,795,1507,0.1388
708,802,1510,0.1388
704,809,1513,0.1388
702,810,1512,0.1388
698,809,1507,0.1388
695,817,1512,0.1388
704,829,1533,0.1388
702,829,1531,0.1388
692,836,1528,0.1388
688,832,1520,0.1388
688,826,1514,0.1388
685,835,1520,0.1388
687,827,1514,0.1388
684,831,1515,0.1388
677,832,1509,0.1388
689,830,1519,0.1388
688,824,1512,0.1388
686,824,1510,0.1388
680,820,1500,0.1388
684,827,1511,0.1388
677,819,1496,0.1388
678,821,1499,0.1388
682,826,1508,0.1388
676,842,1518,0.1388
683,838,1521,0.1388
683,840,1523,0.1388
676,831,1507,0.1388
684,828,1512,0.1388
692,824,1516,0.1388
694,818,1512,0.1388
688,815,1503,0.1388
691,818,1509,0.1388
703,822,1525,0.1388
694,820,1514,0.1388
692,822,1514,0.1388
691,809,1500,0.1388
682,813,1495,0.1388
687,827,1514,0.1388
697,829,1526,0.1388
684,826,1510,0.1388
692,828,1520,0.1388
679,833,1512,0.1388
679,844,1523,0.1388
675,832,1507,0.1388
679,825,1504,0.1388
681,827,1508,0.1388
676,832,1508,0.1388
683,822,1505,0.1388
681,818,1499,0.1388
678,821,1499,0.1388
678,821,1499,0.1388
683,825,1508,0.1388
683,822,1505,0.1388
695,827,1522,0.1388
692,825,1517,0.1388
686,836,1522,0.1388
681,833,1514,0.1388
680,834,1514,0.1388
664,819,1483,0.1388
677,817,1494,0.1388
674,827,1501,0.1388
678,819,1497,0.1388
669,820,1489,0.1388
676,821,1497,0.1388
665,832,1497,0.1388
664,827,1491,0.1388
662,833,1495,0.1388
664,836,1500,0.1388
664,834,1498,0.1388
667,841,1508,0.1388
668,837,1505,0.1388
663,839,1502,0.1388
666,838,1504,0.1388
666,835,1501,0.1388
670,832,1502,0.1388
669,836,1505,0.1388
668,838,1506,0.1388
669,836,1505,0.1388
676,840,1516,0.1388
679,854,1533,0.1388
680,841,1521,0.1388
676,826,1502,0.1388
681,831,1512,0.1388
678,832,1510,0.1388
672,823,1495,0.1388
667,823,1490,0.1388
666,829,1495,0.1388
668,834,1502,0.1388
665,833,1498,0.1388
663,833,1496,0.1388
660,836,1496,0.1388
652,827,1479,0.1388
664,830,1494,0.1388
665,821,1486,0.1388
664,819,1483,0.1388
659,830,1489,0.1388
666,828,1494,0.1388
664,830,1494,0.1388
662,840,1502,0.1388
655,842,1497,0.1388
659,839,1498,0.1388
663,829,1492,0.1388
670,840,1510,0.1388
662,836,1498,0.1388
674,836,1510,0.1388
678,845,1523,0.1388
676,844,1520,0.1388
673,834,1507,0.1388
671,829,1500,0.1388
680,832,1512,0.1388
674,842,1516,0.1388
672,835,1507,0.1388
657,835,1492,0.1388
655,829,1484,0.1388
655,828,1483,0.1388
658,831,1489,0.1388
658,839,1497,0.1388
656,850,1506,0.1388
656,848,1504,0.1388
657,849,1506,0.1388
664,852,1516,0.1388
657,863,1520,0.1388
660,861,1521,0.1388
657,851,1508,0.1388
647,863,1510,0.1388
646,858,1504,0.1388
653,859,1512,0.1388
649,859,1508,0.1388
642,858,1500,0.1388
652,854,1506,0.1388
659,851,1510,0.1388
653,851,1504,0.1388
656,859,1515,0.1388
643,860,1503,0.1388
642,868,1510,0.1388
643,872,1515,0.1388
646,879,1525,0.1388
637,879,1516,0.1388
638,873,1511,0.1388
638,883,1521,0.1388
641,875,1516,0.1388
643,878,1521,0.1388
626,879,1505,0.1388
626,883,1509,0.1388
639,891,1530,0.1388
634,879,1513,0.1388
627,883,1510,0.1388
626,882,1508,0.1388
620,891,1511,0.1388
627,883,1510,0.1388
619,887,1506,0.1388
621,887,1508,0.1388
618,891,1509,0.1388
625,899,1524,0.1388
615,901,1516,0.1388
613,897,1510,0.1388
607,900,1507,0.1388
607,888,1495,0.1388
607,884,1491,0.1388
607,884,1491,0.1388
607,892,1499,0.1388
602,897,1499,0.1388
602,909,1511,0.1388
606,914,1520,0.1388
604,920,1524,0.1388
604,913,1517,0.1388
614,905,1519,0.1388
609,912,1521,0.1388
604,907,1511,0.1388
606,914,1520,0.1388
608,907,1515,0.1388
607,913,1520,0.1388
602,915,1517,0.1388
596,909,1505,0.1388
594,903,1497,0.1388
596,918,1514,0.1388
594,920,1514,0.1388
587,928,1515,0.1388
585,918,1503,0.1388
583,908,1491,0.1388
585,923,1508,0.1388
582,914,1496,0.1388
571,919,1490,0.1388
564,916,1480,0.1388
564,926,1490,0.1388
562,924,1486,0.1388
572,924,1496,0.1388
571,923,1494,0.1388
563,928,1491,0.1388
567,929,1496,0.1388
572,922,1494,0.1388
568,923,1491,0.1388
559,912,1471,0.1388
561,921,1482,0.1388
569,942,1511,0.1388
574,931,1505,0.1388
565,929,1494,0.1388
567,937,1504,0.1388
557,940,1497,0.1388
553,949,1502,0.1388
551,944,1495,0.1388
553,951,1504,0.1388
557,957,1514,0.1388
560,958,1518,0.1388
558,953,1511,0.1388
551,954,1505,0.1388
552,968,1520,0.1388
549,962,1511,0.1388
547,960,1507,0.1388
552,956,1508,0.1388
551,948,1499,0.1388
550,951,1501,0.1388
554,963,1517,0.1388
553,952,1505,0.1388
556,964,1520,0.1388
555,961,1516,0.1388
548,957,1505,0.1388
556,953,1509,0.1388
553,945,1498,0.1388
555,942,1497,0.1388
545,954,1499,0.1388
542,963,1505,0.1388
550,972,1522,0.1388
543,968,1511,0.1388
542,962,1504,0.1388
542,964,1506,0.1388
545,972,1517,0.1388
538,957,1495,0.1388
533,965,1498,0.1388
536,970,1506,0.1388
536,980,1516,0.1388
539,969,1508,0.1388
541,971,1512,0.1388
537,971,1508,0.1388
532,972,1504,0.1388
532,967,1499,0.1388
535,962,1497,0.1388
523,966,1489,0.1388
525,973,1498,0.1388
523,973,1496,0.1388
522,978,1500,0.1388
531,986,1517,0.1388
531,990,1521,0.1388
529,983,1512,0.1388
524,987,1511,0.1388
517,983,1500,0.1388
521,991,1512,0.1388
518,1005,1523,0.1388
515,999,1514,0.1388
521,993,1514,0.1388
525,992,1517,0.1388
520,991,1511,0.1388
523,996,1519,0.1388
519,992,1511,0.1388
519,992,1511,0.1388
522,987,1509,0.1388
522,989,1511,0.1388
511,992,1503,0.1388
512,991,1503,0.1388
499,988,1487,0.1388
505,996,1501,0.1388
496,994,1490,0.1388
489,1002,1491,0.1388
483,1005,1488,0.1388
492,997,1489,0.1388
496,1006,1502,0.1388
496,1010,1506,0.1388
498,1011,1509,0.1388
497,1010,1507,0.1388
492,1008,1500,0.1388
496,1005,1501,0.1388
500,1010,1510,0.1388
493,1013,1506,0.1388
490,1016,1506,0.1388
483,1025,1508,0.1388
480,1025,1505,0.1388
488,1013,1501,0.1388
484,1024,1508,0.1388
475,1028,1503,0.1388
484,1018,1502,0.1388
477,1020,1497,0.1388
472,1028,1500,0.1388
476,1036,1512,0.1388
482,1031,1513,0.1388
480,1029,1509,0.1388
482,1029,1511,0.1388
478,1037,1515,0.1388
476,1030,1506,0.1388
479,1038,1517,0.1388
481,1032,1513,0.1388
480,1031,1511,0.1388
480,1021,1501,0.1388
482,1019,1501,0.1388
483,1028,1511,0.1388
485,1029,1514,0.1388
481,1031,1512,0.1388
481,1028,1509,0.1388
482,1033,1515,0.1388
484,1039,1523,0.1388
481,1034,1515,0.1388
477,1036,1513,0.1388
485,1035,1520,0.1388
473,1021,1494,0.1388
481,1027,1508,0.1388
475,1036,1511,0.1388
471,1039,1510,0.1388
469,1026,1495,0.1388
471,1033,1504,0.1388
475,1031,1506,0.1388
479,1043,1522,0.1388
474,1040,1514,0.1388
468,1038,1506,0.1388
465,1038,1503,0.1388
463,1023,1486,0.1388
468,1016,1484,0.1388
470,1022,1492,0.1388
479,1020,1499,0.1388
478,1035,1513,0.1388
476,1030,1506,0.1388
478,1031,1509,0.1388
477,1036,1513,0.1388
477,1037,1514,0.1388
471,1035,1506,0.1388
471,1038,1509,0.1388
475,1029,1504,0.1388
471,1033,1504,0.1388
476,1026,1502,0.1388
468,1041,1509,0.1388
465,1032,1497,0.1388
462,1044,1506,0.1388
465,1048,1513,0.1388
466,1052,1518,0.1388
467,1038,1505,0.1388
474,1033,1507,0.1388
477,1030,1507,0.1388
475,1040,1515,0.1388
474,1040,1514,0.1388
473,1050,1523,0.1388
473,1055,1528,0.1388
465,1049,1514,0.1388
459,1056,1515,0.1388
461,1056,1517,0.1388
466,1045,1511,0.1388
461,1045,1506,0.1388
464,1045,1509,0.1388
459,1046,1505,0.1388
451,1052,1503,0.1388
445,1052,1497,0.1388
449,1055,1504,0.1388
452,1058,1510,0.1388
447,1048,1495,0.1388
447,1052,1499,0.1388
451,1057,1508,0.1388
455,1064,1519,0.1388
448,1061,1509,0.1388
448,1063,1511,0.1388
451,1068,1519,0.1388
441,1073,1514,0.1388
445,1076,1521,0.1388
443,1074,1517,0.1388
439,1071,1510,0.1388
437,1079,1516,0.1388
439,1081,1520,0.1388
442,1071,1513,0.1388
440,1071,1511,0.1388
437,1077,1514,0.1388
438,1072,1510,0.1388
437,1074,1511,0.1388
438,1072,1510,0.1388
436,1069,1505,0.1388
443,1070,1513,0.1388
436,1076,1512,0.1388
433,1079,1512,0.1388
429,1070,1499,0.1388
436,1064,1500,0.1388
433,1061,1494,0.1388
434,1070,1504,0.1388
428,1079,1507,0.1388
433,1090,1523,0.1388
430,1090,1520,0.1388
425,1086,1511,0.1388
428,1098,1526,0.1388
422,1093,1515,0.1388
418,1100,1518,0.1388
421,1099,1520,0.1388
420,1108,1528,0.1388
420,1097,1517,0.1388
420,1095,1515,0.1388
414,1090,1504,0.1388
417,1088,1505,0.1388
417,1104,1521,0.1388
414,1092,1506,0.1388
412,1089,1501,0.1388
409,1096,1505,0.1388
408,1099,1507,0.1388
406,1095,1501,0.1388
403,1114,1517,0.1388
399,1118,1517,0.1388
400,1116,1516,0.1388
399,1103,1502,0.1388
393,1120,1513,0.1388
393,1113,1506,0.1388
394,1117,1511,0.1388
395,1121,1516,0.1388
387,1124,1511,0.1388
383,1128,1511,0.1388
386,1126,1512,0.1388
391,1130,1521,0.1388
392,1125,1517,0.1388
394,1130,1524,0.1388
391,1138,1529,0.1388
390,1139,1529,0.1388
384,1130,1514,0.1388
383,1128,1511,0.1388
381,1139,1520,0.1388
374,1135,1509,0.1388
367,1136,1503,0.1388
369,1134,1503,0.1388
370,1141,1511,0.1388
372,1145,1517,0.1388
372,1139,1511,0.1388
365,1142,1507,0.1388
360,1143,1503,0.1388
351,1152,1503,0.1388
354,1148,1502,0.1388
352,1143,1495,0.1388
350,1146,1496,0.1388
352,1150,1502,0.1388
355,1147,1502,0.1388
361,1141,1502,0.1388
360,1153,1513,0.1388
362,1147,1509,0.1388
357,1157,1514,0.1388
356,1162,1518,0.1388
354,1159,1513,0.1388
353,1157,1510,0.1388
354,1158,1512,0.1388
359,1166,1525,0.1388
358,1156,1514,0.1388
356,1152,1508,0.1388
354,1167,1521,0.1388
355,1171,1526,0.1388
357,1175,1532,0.1388
345,1173,1518,0.1388
350,1172,1522,0.1388
347,1175,1522,0.1388
354,1170,1524,0.1388
353,1174,1527,0.1388
347,1181,1528,0.1388
347,1190,1537,0.1388
344,1182,1526,0.1388
343,1181,1524,0.1388
344,1173,1517,0.1388
348,1181,1529,0.1388
351,1178,1529,0.1388
350,1178,1528,0.1388
349,1172,1521,0.1388
344,1171,1515,0.1388
346,1168,1514,0.1388
350,1165,1515,0.1388
345,1173,1518,0.1388
350,1167,1517,0.1388
340,1167,1507,0.1388
341,1173,1514,0.1388
340,1181,1521,0.1388
340,1192,1532,0.1388
339,1183,1522,0.1388
343,1184,1527,0.1388
337,1179,1516,0.1388
337,1185,1522,0.1388
331,1182,1513,0.1388
328,1176,1504,0.1388
329,1183,1512,0.1388
336,1186,1522,0.1388
338,1178,1516,0.1388
333,1186,1519,0.1388
334,1187,1521,0.1388
328,1190,1518,0.1388
329,1194,1523,0.1388
327,1186,1513,0.1388
319,1190,1509,0.1388
321,1188,1509,0.1388
322,1186,1508,0.1388
316,1187,1503,0.1388
320,1172,1492,0.1388
317,1181,1498,0.1388
307,1184,1491,0.1388
309,1197,1506,0.1388
308,1194,1502,0.1388
312,1201,1513,0.1388
309,1182,1491,0.1388
310,1181,1491,0.1388
310,1193,1503,0.1388
317,1201,1518,0.1388
316,1203,1519,0.1388
317,1190,1507,0.1388
312,1188,1500,0.1388
316,1188,1504,0.1388
316,1189,1505,0.1388
313,1189,1502,0.1388
313,1198,1511,0.1388
310,1199,1509,0.1388
312,1192,1504,0.1388
312,1199,1511,0.1388
313,1193,1506,0.1388
311,1210,1521,0.1388
318,1200,1518,0.1388
316,1202,1518,0.1388
315,1197,1512,0.1388
315,1195,1510,0.1388
317,1197,1514,0.1388
311,1185,1496,0.1388
304,1194,1498,0.1388
307,1196,1503,0.1388
307,1198,1505,0.1388
309,1195,1504,0.1388
315,1192,1507,0.1388
311,1197,1508,0.1388
315,1202,1517,0.1388
314,1205,1519,0.1388
314,1195,1509,0.1388
312,1195,1507,0.1388
303,1192,1495,0.1388
301,1198,1499,0.1388
306,1198,1504,0.1388
306,1194,1500,0.1388
312,1190,1502,0.1388
310,1201,1511,0.1388
300,1203,1503,0.1388
300,1200,1500,0.1388
304,1202,1506,0.1388
308,1209,1517,0.1388
307,1217,1524,0.1388
309,1214,1523,0.1388
307,1207,1514,0.1388
310,1209,1519,0.1388
310,1212,1522,0.1388
307,1223,1530,0.1388
302,1228,1530,0.1388
300,1221,1521,0.1388
301,1216,1517,0.1388
290,1211,1501,0.1388
294,1203,1497,0.1388
287,1209,1496,0.1388
286,1211,1497,0.1388
288,1215,1503,0.1388
291,1219,1510,0.1388
292,1218,1510,0.1388
290,1207,1497,0.1388
291,1213,1504,0.1388
290,1225,1515,0.1388
292,1222,1514,0.1388
289,1217,1506,0.1388
283,1212,1495,0.1388
288,1214,1502,0.1388
288,1214,1502,0.1388
282,1219,1501,0.1388
278,1234,1512,0.1388
281,1230,1511,0.1388
278,1223,1501,0.1388
282,1225,1507,0.1388
283,1228,1511,0.1388
286,1236,1522,0.1388
280,1228,1508,0.1388
280,1223,1503,0.1388
278,1233,1511,0.1388
272,1240,1512,0.1388
280,1245,1525,0.1388
284,1240,1524,0.1388
281,1239,1520,0.1388
283,1236,1519,0.1388
282,1222,1504,0.1388
284,1235,1519,0.1388
289,1229,1518,0.1388
291,1236,1527,0.1388
291,1231,1522,0.1388
289,1246,1535,0.1388
286,1237,1523,0.1388
285,1226,1511,0.1388
277,1230,1507,0.1388
280,1241,1521,0.1388
281,1245,1526,0.1388
282,1252,1534,0.1388
279,1245,1524,0.1388
272,1239,1511,0.1388
267,1237,1504,0.1388
270,1241,1511,0.1388
272,1234,1506,0.1388
272,1242,1514,0.1388
270,1230,1500,0.1388
275,1236,1511,0.1388
272,1241,1513,0.1388
266,1248,1514,0.1388
265,1258,1523,0.1388
262,1253,1515,0.1388
262,1255,1517,0.1388
268,1249,1517,0.1388
272,1251,1523,0.1388
274,1254,1528,0.1388
271,1243,1514,0.1388
268,1250,1518,0.1388
268,1249,1517,0.1388
269,1246,1515,0.1388
269,1246,1515,0.1388
258,1244,1502,0.1388
257,1246,1503,0.1388
268,1252,1520,0.1388
268,1256,1524,0.1388
270,1249,1519,0.1388
265,1247,1512,0.1388
263,1257,1520,0.1388
267,1254,1521,0.1388
269,1242,1511,0.1388
268,1248,1516,0.1388
270,1237,1507,0.1388
269,1239,1508,0.1388
271,1239,1510,0.1388
273,1243,1516,0.1388
272,1242,1514,0.1388
272,1242,1514,0.1388
269,1251,1520,0.1388
266,1257,1523,0.1388
265,1259,1524,0.1388
261,1250,1511,0.1388
260,1258,1518,0.1388
261,1255,1516,0.1388
259,1256,1515,0.1388
258,1252,1510,0.1388
261,1240,1501,0.1388
258,1253,1511,0.1388
255,1261,1516,0.1388
255,1260,1515,0.1388
260,1256,1516,0.1388
260,1258,1518,0.1388
262,1244,1506,0.1388
262,1249,1511,0.1388
264,1247,1511,0.1388
265,1246,1511,0.1388
266,1240,1506,0.1388
265,1239,1504,0.1388
263,1238,1501,0.1388
265,1226,1491,0.1388
260,1240,1500,0.1388
264,1247,1511,0.1388
264,1247,1511,0.1388
267,1246,1513,0.1388
264,1256,1520,0.1388
263,1258,1521,0.1388
266,1258,1524,0.1388
262,1262,1524,0.1388
265,1241,1506,0.1388
259,1254,1513,0.1388
259,1249,1508,0.1388
254,1249,1503,0.1388
259,1253,1512,0.1388
258,1243,1501,0.1388
262,1244,1506,0.1388
263,1243,1506,0.1388
262,1243,1505,0.1388
263,1245,1508,0.1388
262,1263,1525,0.1388
260,1264,1524,0.1388
257,1265,1522,0.1388
262,1263,1525,0.1388
259,1256,1515,0.1388
252,1258,1510,0.1388
251,1260,1511,0.1388
250,1262,1512,0.1388
253,1263,1516,0.1388
252,1272,1524,0.1388
245,1280,1525,0.1388
237,1273,1510,0.1388
245,1276,1521,0.1388
242,1265,1507,0.1388
237,1276,1513,0.1388
238,1268,1506,0.1388
240,1272,1512,0.1388
235,1274,1509,0.1388
229,1285,1514,0.1388
231,1285,1516,0.1388
228,1297,1525,0.1388
222,1289,1511,0.1388
223,1291,1514,0.1388
221,1286,1507,0.1388
216,1297,1513,0.1388
212,1294,1506,0.1388
206,1296,1502,0.1388
209,1303,1512,0.1388
205,1303,1508,0.1388
208,1310,1518,0.1388
208,1325,1533,0.1388
202,1314,1516,0.1388
201,1314,1515,0.1388
199,1307,1506,0.1388
198,1309,1507,0.1388
196,1317,1513,0.1388
196,1317,1513,0.1388
194,1312,1506,0.1388
198,1313,1511,0.1388
192,1322,1514,0.1388
192,1314,1506,0.1388
192,1310,1502,0.1388
189,1315,1504,0.1388
186,1319,1505,0.1388
186,1322,1508,0.1388
184,1339,1523,0.1388
183,1349,1532,0.1388
187,1331,1518,0.1388
184,1338,1522,0.1388
185,1341,1526,0.1388
188,1335,1523,0.1388
186,1334,1520,0.1388
186,1321,1507,0.1388
186,1331,1517,0.1388
183,1333,1516,0.1388
184,1333,1517,0.1388
182,1346,1528,0.1388
182,1336,1518,0.1388
182,1342,1524,0.1388
182,1336,1518,0.1388
184,1350,1534,0.1388
185,1356,1541,0.1388
183,1343,1526,0.1388
179,1343,1522,0.1388
176,1333,1509,0.1388
176,1336,1512,0.1388
179,1338,1517,0.1388
185,1343,1528,0.1388
186,1341,1527,0.1388
182,1339,1521,0.1388
177,1335,1512,0.1388
176,1335,1511,0.1388
176,1328,1504,0.1388
174,1333,1507,0.1388
180,1336,1516,0.1388
179,1329,1508,0.1388
179,1327,1506,0.1388
177,1321,1498,0.1388
176,1339,1515,0.1388
177,1330,1507,0.1388
172,1326,1498,0.1388
175,1322,1497,0.1388
177,1329,1506,0.1388
176,1325,1501,0.1388
181,1333,1514,0.1388
182,1328,1510,0.1388
188,1322,1510,0.1388
188,1325,1513,0.1388
189,1334,1523,0.1388
192,1329,1521,0.1388
194,1332,1526,0.1388
192,1320,1512,0.1388
191,1325,1516,0.1388
189,1338,1527,0.1388
188,1335,1523,0.1388
190,1331,1521,0.1388
191,1324,1515,0.1388
188,1323,1511,0.1388
186,1334,1520,0.1388
184,1330,1514,0.1388
184,1335,1519,0.1388
184,1336,1520,0.1388
183,1344,1527,0.1388
186,1333,1519,0.1388
188,1348,1536,0.1388
188,1336,1524,0.1388
188,1334,1522,0.1388
183,1329,1512,0.1388
182,1332,1514,0.1388
182,1333,1515,0.1388
179,1336,1515,0.1388
182,1333,1515,0.1388
181,1342,1523,0.1388
180,1342,1522,0.1388
182,1346,1528,0.1388
179,1329,1508,0.1388
176,1344,1520,0.1388
177,1356,1533,0.1388
177,1349,1526,0.1388
173,1346,1519,0.1388
172,1351,1523,0.1388
172,1353,1525,0.1388
172,1353,1525,0.1388
170,1360,1530,0.1388
164,1350,1514,0.1388
165,1351,1516,0.1388
164,1339,1503,0.1388
161,1349,1510,0.1388
155,1350,1505,0.1388
157,1347,1504,0.1388
158,1356,1514,0.1388
157,1348,1505,0.1388
151,1350,1501,0.1388
151,1361,1512,0.1388
151,1365,1516,0.1388
151,1372,1523,0.1388
152,1371,1523,0.1388
150,1360,1510,0.1388
143,1364,1507,0.1388
140,1379,1519,0.1388
140,1374,1514,0.1388
141,1380,1521,0.1388
138,1374,1512,0.1388
140,1382,1522,0.1388
139,1378,1517,0.1388
139,1379,1518,0.1388
138,1381,1519,0.1388
138,1384,1522,0.1388
136,1396,1532,0.1388
133,1390,1523,0.1388
130,1385,1515,0.1388
132,1395,1527,0.1388
132,1400,1532,0.1388
131,1392,1523,0.1388
131,1387,1518,0.1388
127,1384,1511,0.1388
128,1391,1519,0.1388
127,1386,1513,0.1388
124,1385,1509,0.1388
124,1393,1517,0.1388
124,1386,1510,0.1388
124,1401,1525,0.1388
124,1385,1509,0.1388
125,1392,1517,0.1388
123,1394,1517,0.1388
127,1391,1518,0.1388
126,1384,1510,0.1388
129,1389,1518,0.1388
127,1382,1509,0.1388
124,1389,1513,0.1388
125,1391,1516,0.1388
122,1383,1505,0.1388
119,1386,1505,0.1388
115,1403,1518,0.1388
116,1393,1509,0.1388
118,1404,1522,0.1388
118,1405,1523,0.1388
120,1402,1522,0.1388
118,1395,1513,0.1388
114,1397,1511,0.1388
114,1402,1516,0.1388
111,1403,1514,0.1388
112,1408,1520,0.1388
111,1408,1519,0.1388
111,1405,1516,0.1388
109,1400,1509,0.1388
107,1397,1504,0.1388
108,1408,1516,0.1388
108,1416,1524,0.1388
112,1406,1518,0.1388
110,1391,1501,0.1388
116,1395,1511,0.1388
114,1407,1521,0.1388
115,1397,1512,0.1388
114,1388,1502,0.1388
114,1395,1509,0.1388
113,1396,1509,0.1388
110,1398,1508,0.1388
110,1415,1525,0.1388
109,1413,1522,0.1388
105,1420,1525,0.1388
107,1400,1507,0.1388
109,1417,1526,0.1388
108,1415,1523,0.1388
109,1409,1518,0.1388
104,1401,1505,0.1388
103,1413,1516,0.1388
104,1421,1525,0.1388
101,1409,1510,0.1388
97,1406,1503,0.1388
98,1409,1507,0.1388
97,1413,1510,0.1388
96,1430,1526,0.1388
94,1426,1520,0.1388
95,1428,1523,0.1388
90,1428,1518,0.1388
88,1426,1514,0.1388
89,1417,1506,0.1388
87,1415,1502,0.1388
88,1425,1513,0.1388
87,1438,1525,0.1388
83,1431,1514,0.1388
79,1431,1510,0.1388
77,1422,1499,0.1388
79,1430,1509,0.1388
76,1435,1511,0.1388
73,1443,1516,0.1388
73,1438,1511,0.1388
72,1434,1506,0.1388
71,1440,1511,0.1388
70,1432,1502,0.1388
72,1431,1503,0.1388
73,1430,1503,0.1388
75,1436,1511,0.1388
73,1433,1506,0.1388
73,1439,1512,0.1388
73,1423,1496,0.1388
73,1441,1514,0.1388
69,1440,1509,0.1388
69,1447,1516,0.1388
69,1446,1515,0.1388
70,1451,1521,0.1388
70,1444,1514,0.1388
69,1436,1505,0.1388
68,1438,1506,0.1388
67,1447,1514,0.1388
69,1452,1521,0.1388
70,1459,1529,0.1388
71,1457,1528,0.1388
71,1453,1524,0.1388
71,1448,1519,0.1388
70,1451,1521,0.1388
70,1445,1515,0.1388
72,1445,1517,0.1388
69,1453,1522,0.1388
69,1462,1531,0.1388
70,1464,1534,0.1388
66,1464,1530,0.1388
67,1442,1509,0.1388
59,1449,1508,0.1388
56,1444,1500,0.1388
56,1451,1507,0.1388
56,1450,1506,0.1388
55,1450,1505,0.1388
55,1460,1515,0.1388
54,1457,1511,0.1388
54,1466,1520,0.1388
56,1469,1525,0.1388
54,1465,1519,0.1388
53,1465,1518,0.1388
55,1471,1526,0.1388
55,1461,1516,0.1388
56,1451,1507,0.1388
55,1461,1516,0.1388
55,1453,1508,0.1388
55,1453,1508,0.1388
56,1468,1524,0.1388
54,1460,1514,0.1388
53,1465,1518,0.1388
53,1467,1520,0.1388
55,1467,1522,0.1388
56,1455,1511,0.1388
56,1466,1522,0.1388
52,1470,1522,0.1388
53,1474,1527,0.1388
53,1471,1524,0.1388
53,1480,1533,0.1388
52,1483,1535,0.1388
53,1474,1527,0.1388
51,1481,1532,0.1388
50,1483,1533,0.1388
52,1477,1529,0.1388
52,1465,1517,0.1388
51,1470,1521,0.1388
49,1468,1517,0.1388
49,1467,1516,0.1388
49,1461,1510,0.1388
49,1465,1514,0.1388
50,1468,1518,0.1388
49,1459,1508,0.1388
49,1460,1509,0.1388
47,1471,1518,0.1388
48,1469,1517,0.1388
49,1477,1526,0.1388
49,1478,1527,0.1388
51,1478,1529,0.1388
52,1465,1517,0.1388
51,1461,1512,0.1388
50,1464,1514,0.1388
51,1470,1521,0.1388
49,1453,1502,0.1388
51,1469,1520,0.1388
50,1469,1519,0.1388
52,1468,1520,0.1388
52,1463,1515,0.1388
54,1463,1517,0.1388
55,1467,1522,0.1388
55,1470,1525,0.1388
52,1466,1518,0.1388
50,1460,1510,0.1388
48,1465,1513,0.1388
48,1456,1504,0.1388
45,1455,1500,0.1388
43,1465,1508,0.1388
45,1471,1516,0.1388
43,1480,1523,0.1388
43,1476,1519,0.1388
46,1484,1530,0.1388
46,1481,1527,0.1388
45,1486,1531,0.1388
42,1479,1521,0.1388
42,1474,1516,0.1388
42,1471,1513,0.1388
44,1469,1513,0.1388
43,1470,1513,0.1388
41,1480,1521,0.1388
41,1475,1516,0.1388
39,1488,1527,0.1388
37,1480,1517,0.1388
36,1481,1517,0.1388
34,1472,1506,0.1388
35,1475,1510,0.1388
35,1474,1509,0.1388
35,1477,1512,0.1388
35,1480,1515,0.1388
33,1479,1512,0.1388
32,1477,1509,0.1388
31,1471,1502,0.1388
30,1484,1514,0.1388
31,1475,1506,0.1388
31,1470,1501,0.1388
31,1473,1504,0.1388
31,1479,1510,0.1388
30,1493,1523,0.1388
30,1495,1525,0.1388
29,1486,1515,0.1388
28,1482,1510,0.1388
30,1485,1515,0.1388
30,1493,1523,0.1388
29,1487,1516,0.1388
29,1485,1514,0.1388
28,1491,1519,0.1388
28,1480,1508,0.1388
26,1487,1513,0.1388
26,1474,1500,0.1388
27,1466,1493,0.1388
26,1464,1490,0.1388
26,1472,1498,0.1388
26,1487,1513,0.1388
26,1484,1510,0.1388
26,1488,1514,0.1388
27,1478,1505,0.1388
27,1491,1518,0.1388
27,1490,1517,0.1388
26,1486,1512,0.1388
26,1482,1508,0.1388
27,1486,1513,0.1388
27,1477,1504,0.1388
24,1476,1500,0.1388
23,1471,1494,0.1388
23,1477,1500,0.1388
24,1480,1504,0.1388
24,1486,1510,0.1388
28,1480,1508,0.1388
30,1492,1522,0.1388
28,1499,1527,0.1388
25,1499,1524,0.1388
24,1495,1519,0.1388
23,1479,1502,0.1388
23,1484,1507,0.1388
22,1485,1507,0.1388
21,1489,1510,0.1388
20,1489,1509,0.1388
19,1493,1512,0.1388
19,1489,1508,0.1388
18,1498,1516,0.1388
17,1499,1516,0.1388
17,1498,1515,0.1388
16,1487,1503,0.1388
17,1482,1499,0.1388
18,1489,1507,0.1388
18,1487,1505,0.1388
18,1504,1522,0.1388
17,1503,1520,0.1388
16,1509,1525,0.1388
16,1506,1522,0.1388
15,1506,1521,0.1388
15,1510,1525,0.1388
14,1501,1515,0.1388
14,1509,1523,0.1388
15,1503,1518,0.1388
16,1504,1520,0.1388
16,1501,1517,0.1388
16,1501,1517,0.1388
16,1495,1511,0.1388
16,1494,1510,0.1388
16,1505,1521,0.1388
14,1499,1513,0.1388
16,1480,1496,0.1388
17,1489,1506,0.1388
17,1495,1512,0.1388
18,1492,1510,0.1388
18,1497,1515,0.1388
17,1499,1516,0.1388
18,1494,1512,0.1388
18,1503,1521,0.1388
18,1500,1518,0.1388
18,1496,1514,0.1388
18,1507,1525,0.1388
17,1510,1527,0.1388
17,1513,1530,0.1388
16,1511,1527,0.1388
14,1509,1523,0.1388
15,1498,1513,0.1388
15,1509,1524,0.1388
16,1496,1512,0.1388
16,1490,1506,0.1388
16,1501,1517,0.1388
17,1494,1511,0.1388
17,1497,1514,0.1388
17,1493,1510,0.1388
18,1509,1527,0.1388
18,1515,1533,0.1388
18,1498,1516,0.1388
17,1511,1528,0.1388
17,1497,1514,0.1388
15,1499,1514,0.1388
14,1509,1523,0.1388
12,1501,1513,0.1388
12,1520,1532,0.1388
12,1515,1527,0.1388
13,1504,1517,0.1388
13,1496,1509,0.1388
12,1499,1511,0.1388
12,1504,1516,0.1388
13,1507,1520,0.1388
14,1510,1524,0.1388
14,1507,1521,0.1388
13,1501,1514,0.1388
14,1512,1526,0.1388
14,1513,1527,0.1388
14,1504,1518,0.1388
14,1514,1528,0.1388
14,1521,1535,0.1388
14,1525,1539,0.1388
14,1518,1532,0.1388
13,1506,1519,0.1388
12,1505,1517,0.1388
13,1511,1524,0.1388
12,1502,1514,0.1388
12,1502,1514,0.1388
12,1497,1509,0.1388
10,1508,1518,0.1388
10,1509,1519,0.1388
11,1512,1523,0.1388
11,1507,1518,0.1388
11,1515,1526,0.1388
10,1507,1517,0.1388
10,1506,1516,0.1388
10,1501,1511,0.1388
10,1507,1517,0.1388
10,1497,1507,0.1388
10,1503,1513,0.1388
10,1496,1506,0.1388
10,1486,1496,0.1388
9,1504,1513,0.1388
9,1506,1515,0.1388
9,1510,1519,0.1388
8,1511,1519,0.1388
8,1507,1515,0.1388
8,1502,1510,0.1388
9,1511,1520,0.1388
8,1492,1500,0.1388
8,1503,1511,0.1388
8,1511,1519,0.1388
8,1502,1510,0.1388
8,1509,1517,0.1388
7,1517,1524,0.1388
7,1522,1529,0.1388
7,1513,1520,0.1388
8,1509,1517,0.1388
8,1506,1514,0.1388
7,1503,1510,0.1388
8,1511,1519,0.1388
7,1491,1498,0.1388
8,1490,1498,0.1388
8,1495,1503,0.1388
8,1498,1506,0.1388
8,1499,1507,0.1388
8,1511,1519,0.1388
8,1518,1526,0.1388
9,1521,1530,0.1388
10,1514,1524,0.1388
9,1493,1502,0.1388
9,1488,1497,0.1388
8,1500,1508,0.1388
8,1490,1498,0.1388
8,1491,1499,0.1388
8,1510,1518,0.1388
8,1515,1523,0.1388
8,1506,1514,0.1388
8,1506,1514,0.1388
7,1512,1519,0.1388
7,1509,1516,0.1388
8,1510,1518,0.1388
8,1525,1533,0.1388
7,1530,1537,0.1388
6,1503,1509,0.1388
6,1497,1503,0.1388
6,1494,1500,0.1388
6,1496,1502,0.1388
4,1505,1509,0.1388
4,1510,1514,0.1388
4,1508,1512,0.1388
4,1507,1511,0.1388
4,1520,1524,0.1388
5,1521,1526,0.1388
7,1512,1519,0.1388
7,1516,1523,0.1388
7,1507,1514,0.1388
6,1516,1522,0.1388
6,1520,1526,0.1388
6,1514,1520,0.1388
6,1524,1530,0.1388
6,1520,1526,0.1388
6,1517,1523,0.1388
5,1526,1531,0.1388
5,1512,1517,0.1388
6,1518,1524,0.1388
6,1524,1530,0.1388
6,1519,1525,0.1388
6,1503,1509,0.1388
6,1497,1503,0.1388
6,1515,1521,0.1388
6,1509,1515,0.1388
7,1514,1521,0.1388
6,1517,1523,0.1388
6,1505,1511,0.1388
6,1504,1510,0.1388
6,1510,1516,0.1388
5,1514,1519,0.1388
5,1510,1515,0.1388
5,1499,1504,0.1388
6,1503,1509,0.1388
5,1499,1504,0.1388
5,1489,1494,0.1388
5,1489,1494,0.1388
5,1498,1503,0.1388
5,1502,1507,0.1388
5,1488,1493,0.1388
5,1500,1505,0.1388
5,1509,1514,0.1388
5,1493,1498,0.1388
5,1502,1507,0.1388
5,1509,1514,0.1388
6,1507,1513,0.1388
5,1504,1509,0.1388
5,1509,1514,0.1388
5,1499,1504,0.1388
6,1501,1507,0.1388
6,1505,1511,0.1388
6,1524,1530,0.1388
6,1521,1527,0.1388
6,1513,1519,0.1388
6,1503,1509,0.1388
4,1504,1508,0.1388
4,1511,1515,0.1388
4,1503,1507,0.1388
4,1511,1515,0.1388
4,1513,1517,0.1388
4,1506,1510,0.1388
4,1511,1515,0.1388
4,1506,1510,0.1388
4,1498,1502,0.1388
3,1486,1489,0.1388
3,1498,1501,0.1388
3,1501,1504,0.1388
4,1517,1521,0.1388
4,1522,1526,0.1388
6,1504,1510,0.1388
6,1518,1524,0.1388
6,1509,1515,0.1388
6,1508,1514,0.1388
6,1511,1517,0.1388
6,1500,1506,0.1388
6,1502,1508,0.1388
5,1510,1515,0.1388
5,1502,1507,0.1388
5,1504,1509,0.1388
5,1501,1506,0.1388
6,1500,1506,0.1388
6,1514,1520,0.1388
6,1522,1528,0.1388
6,1522,1528,0.1388
5,1518,1523,0.1388
5,1512,1517,0.1388
5,1532,1537,0.1388
5,1525,1530,0.1388
5,1529,1534,0.1388
5,1519,1524,0.1388
5,1510,1515,0.1388
5,1513,1518,0.1388
5,1516,1521,0.1388
5,1506,1511,0.1388
5,1507,1512,0.1388
5,1509,1514,0.1388
5,1507,1512,0.1388
6,1513,1519,0.1388
6,1517,1523,0.1388
6,1510,1516,0.1388
6,1516,1522,0.1388
6,1524,1530,0.1388
5,1515,1520,0.1388
5,1520,1525,0.1388
5,1511,1516,0.1388
3,1514,1517,0.1388
4,1498,1502,0.1388
4,1503,1507,0.1388
4,1498,1502,0.1388
4,1511,1515,0.1388
4,1506,1510,0.1388
4,1492,1496,0.1388
4,1490,1494,0.1388
4,1498,1502,0.1388
3,1510,1513,0.1388
3,1514,1517,0.1388
3,1524,1527,0.1388
3,1511,1514,0.1388
3,1516,1519,0.1388
2,1514,1516,0.1388
2,1518,1520,0.1388
2,1515,1517,0.1388
2,1511,1513,0.1388
2,1520,1522,0.1388
2,1516,1518,0.1388
2,1514,1516,0.1388
2,1504,1506,0.1388
2,1511,1513,0.1388
2,1511,1513,0.1388
3,1521,1524,0.1388
3,1513,1516,0.1388
3,1517,1520,0.1388
3,1500,1503,0.1388
3,1506,1509,0.1388
3,1510,1513,0.1388
3,1506,1509,0.1388
3,1508,1511,0.1388
3,1520,1523,0.1388
2,1531,1533,0.1388
2,1514,1516,0.1388
2,1512,1514,0.1388
2,1518,1520,0.1388
2,1513,1515,0.1388
2,1512,1514,0.1388
1,1523,1524,0.1388
1,1518,1519,0.1388
1,1517,1518,0.1388
1,1518,1519,0.1388
1,1511,1512,0.1388
1,1514,1515,0.1388
1,1502,1503,0.1388
1,1498,1499,0.1388
1,1516,1517,0.1388
1,1528,1529,0.1388
1,1522,1523,0.1388
1,1520,1521,0.1388
1,1496,1497,0.1388
1,1510,1511,0.1388
1,1509,1510,0.1388
1,1528,1529,0.1388
1,1526,1527,0.1388
1,1511,1512,0.1388
1,1518,1519,0.1388
1,1513,1514,0.1388
1,1498,1499,0.1388
1,1507,1508,0.1388
1,1508,1509,0.1388
1,1512,1513,0.1388
1,1515,1516,0.1388
1,1513,1514,0.1388
1,1514,1515,0.1388
1,1517,1518,0.1388
1,1516,1517,0.1388
1,1516,1517,0.1388
1,1519,1520,0.1388
1,1528,1529,0.1388
1,1529,1530,0.1388
1,1529,1530,0.1388
1,1528,1529,0.1388
1,1515,1516,0.1388
0,1511,1511,0.1388
