1373,30,1403,0.1388
1415,31,1446,0.1388
1420,33,1453,0.1388
1424,32,1456,0.1388
1432,32,1464,0.1388
1445,32,1477,0.1388
1446,35,1481,0.1388
1459,34,1493,0.1388
1461,33,1494,0.1388
1452,35,1487,0.1388
1441,37,1478,0.1388
1447,36,1483,0.1388
1451,35,1486,0.1388
1449,35,1484,0.1388
1456,35,1491,0.1388
1454,35,1489,0.1388
1451,37,1488,0.1388
1439,37,1476,0.1388
1447,36,1483,0.1388
1445,36,1481,0.1388
1452,36,1488,0.1388
1454,37,1491,0.1388
1452,38,1490,0.1388
1452,38,1490,0.1388
1434,39,1473,0.1388
1444,39,1483,0.1388
1445,42,1487,0.1388
1454,42,1496,0.1388
1447,42,1489,0.1388
1447,43,1490,0.1388
1432,46,1478,0.1388
1448,46,1494,0.1388
1446,46,1492,0.1388
1440,47,1487,0.1388
1452,45,1497,0.1388
1448,45,1493,0.1388
1443,48,1491,0.1388
1439,51,1490,0.1388
1423,52,1475,0.1388
1424,50,1474,0.1388
1434,48,1482,0.1388
1445,50,1495,0.1388
1430,49,1479,0.1388
1427,47,1474,0.1388
1438,48,1486,0.1388
1447,48,1495,0.1388
1444,49,1493,0.1388
1441,49,1490,0.1388
1439,48,1487,0.1388
1447,49,1496,0.1388
1446,52,1498,0.1388
1458,51,1509,0.1388
1447,48,1495,0.1388
1453,48,1501,0.1388
1463,46,1509,0.1388
1448,47,1495,0.1388
1432,47,1479,0.1388
1427,46,1473,0.1388
1434,43,1477,0.1388
1445,42,1487,0.1388
1474,42,1516,0.1388
1466,44,1510,0.1388
1459,44,1503,0.1388
1429,45,1474,0.1388
1438,46,1484,0.1388
1439,47,1486,0.1388
1445,47,1492,0.1388
1448,47,1495,0.1388
1460,47,1507,0.1388
1457,51,1508,0.1388
1462,50,1512,0.1388
1444,52,1496,0.1388
1451,49,1500,0.1388
1456,49,1505,0.1388
1459,49,1508,0.1388
1454,49,1503,0.1388
1445,48,1493,0.1388
1442,47,1489,0.1388
1435,46,1481,0.1388
1454,47,1501,0.1388
1448,47,1495,0.1388
1449,46,1495,0.1388
1456,46,1502,0.1388
1454,45,1499,0.1388
1457,49,1506,0.1388
1455,50,1505,0.1388
1439,49,1488,0.1388
1444,48,1492,0.1388
1444,48,1492,0.1388
1441,48,1489,0.1388
1436,48,1484,0.1388
1435,50,1485,0.1388
1441,52,1493,0.1388
1450,53,1503,0.1388
1448,52,1500,0.1388
1445,53,1498,0.1388
1448,54,1502,0.1388
1451,51,1502,0.1388
1440,52,1492,0.1388
1438,55,1493,0.1388
1445,58,1503,0.1388
1453,55,1508,0.1388
1444,57,1501,0.1388
1428,55,1483,0.1388
1428,61,1489,0.1388
1422,60,1482,0.1388
1413,61,1474,0.1388
1414,60,1474,0.1388
1419,58,1477,0.1388
1429,56,1485,0.1388
1424,60,1484,0.1388
1434,59,1493,0.1388
1424,56,1480,0.1388
1441,59,1500,0.1388
1440,62,1502,0.1388
1441,58,1499,0.1388
1425,60,1485,0.1388
1404,62,1466,0.1388
1402,64,1466,0.1388
1410,63,1473,0.1388
1417,64,1481,0.1388
1429,63,1492,0.1388
1428,63,1491,0.1388
1421,63,1484,0.1388
1408,62,1470,0.1388
1416,63,1479,0.1388
1434,59,1493,0.1388
1435,60,1495,0.1388
1442,62,1504,0.1388
1437,63,1500,0.1388
1440,62,1502,0.1388
1436,62,1498,0.1388
1429,65,1494,0.1388
1445,64,1509,0.1388
1431,65,1496,0.1388
1429,64,1493,0.1388
1407,66,1473,0.1388
1395,65,1460,0.1388
1415,68,1483,0.1388
1424,65,1489,0.1388
1408,66,1474,0.1388
1423,66,1489,0.1388
1422,65,1487,0.1388
1430,64,1494,0.1388
1433,66,1499,0.1388
1432,65,1497,0.1388
1419,69,1488,0.1388
1421,67,1488,0.1388
1418,66,1484,0.1388
1425,67,1492,0.1388
1423,67,1490,0.1388
1417,66,1483,0.1388
1419,70,1489,0.1388
1413,73,1486,0.1388
1410,75,1485,0.1388
1399,76,1475,0.1388
1405,76,1481,0.1388
1410,74,1484,0.1388
1420,76,1496,0.1388
1414,75,1489,0.1388
1417,78,1495,0.1388
1427,80,1507,0.1388
1418,84,1502,0.1388
1414,83,1497,0.1388
1407,82,1489,0.1388
1395,83,1478,0.1388
1398,86,1484,0.1388
1395,86,1481,0.1388
1407,84,1491,0.1388
1404,88,1492,0.1388
1406,88,1494,0.1388
1404,88,1492,0.1388
1406,89,1495,0.1388
1402,90,1492,0.1388
1409,91,1500,0.1388
1421,90,1511,0.1388
1415,87,1502,0.1388
1397,88,1485,0.1388
1403,89,1492,0.1388
1414,86,1500,0.1388
1414,88,1502,0.1388
1397,90,1487,0.1388
1405,89,1494,0.1388
1404,87,1491,0.1388
1414,88,1502,0.1388
1420,88,1508,0.1388
1406,90,1496,0.1388
1405,92,1497,0.1388
1402,91,1493,0.1388
1403,90,1493,0.1388
1403,92,1495,0.1388
1398,93,1491,0.1388
1402,96,1498,0.1388
1399,94,1493,0.1388
1409,89,1498,0.1388
1408,91,1499,0.1388
1414,91,1505,0.1388
1404,90,1494,0.1388
1416,90,1506,0.1388
1413,93,1506,0.1388
1406,95,1501,0.1388
1406,93,1499,0.1388
1402,92,1494,0.1388
1424,91,1515,0.1388
1419,96,1515,0.1388
1401,97,1498,0.1388
1384,97,1481,0.1388
1382,95,1477,0.1388
1386,96,1482,0.1388
1392,96,1488,0.1388
1399,94,1493,0.1388
1398,90,1488,0.1388
1401,94,1495,0.1388
1394,92,1486,0.1388
1409,96,1505,0.1388
1409,98,1507,0.1388
1395,99,1494,0.1388
1390,98,1488,0.1388
1390,104,1494,0.1388
1395,108,1503,0.1388
1388,109,1497,0.1388
1394,109,1503,0.1388
1394,113,1507,0.1388
1398,112,1510,0.1388
1386,109,1495,0.1388
1391,109,1500,0.1388
1391,112,1503,0.1388
1398,109,1507,0.1388
1392,110,1502,0.1388
1386,111,1497,0.1388
1391,115,1506,0.1388
1389,116,1505,0.1388
1397,115,1512,0.1388
1384,113,1497,0.1388
1385,110,1495,0.1388
1384,116,1500,0.1388
1394,114,1508,0.1388
1392,115,1507,0.1388
1397,116,1513,0.1388
1388,119,1507,0.1388
1377,120,1497,0.1388
1378,120,1498,0.1388
1386,122,1508,0.1388
1386,123,1509,0.1388
1379,122,1501,0.1388
1383,121,1504,0.1388
1381,122,1503,0.1388
1381,122,1503,0.1388
1388,123,1511,0.1388
1382,123,1505,0.1388
1380,122,1502,0.1388
1374,126,1500,0.1388
1368,126,1494,0.1388
1354,122,1476,0.1388
1358,123,1481,0.1388
1363,123,1486,0.1388
1361,126,1487,0.1388
1365,127,1492,0.1388
1362,123,1485,0.1388
1368,123,1491,0.1388
1361,121,1482,0.1388
1375,124,1499,0.1388
1369,127,1496,0.1388
1371,123,1494,0.1388
1361,124,1485,0.1388
1368,122,1490,0.1388
1373,121,1494,0.1388
1364,125,1489,0.1388
1352,124,1476,0.1388
1357,125,1482,0.1388
1352,127,1479,0.1388
1349,125,1474,0.1388
1346,130,1476,0.1388
1345,127,1472,0.1388
1346,129,1475,0.1388
1358,132,1490,0.1388
1362,128,1490,0.1388
1355,126,1481,0.1388
1361,131,1492,0.1388
1354,131,1485,0.1388
1343,131,1474,0.1388
1376,133,1509,0.1388
1366,134,1500,0.1388
1361,131,1492,0.1388
1365,130,1495,0.1388
1369,126,1495,0.1388
1374,128,1502,0.1388
1377,131,1508,0.1388
1374,135,1509,0.1388
1376,136,1512,0.1388
1371,132,1503,0.1388
1367,132,1499,0.1388
1345,133,1478,0.1388
1361,134,1495,0.1388
1359,138,1497,0.1388
1365,141,1506,0.1388
1361,139,1500,0.1388
1359,138,1497,0.1388
1352,138,1490,0.1388
1368,140,1508,0.1388
1375,143,1518,0.1388
1374,145,1519,0.1388
1359,148,1507,0.1388
1354,149,1503,0.1388
1347,150,1497,0.1388
1344,151,1495,0.1388
1351,156,1507,0.1388
1351,152,1503,0.1388
1345,154,1499,0.1388
1332,153,1485,0.1388
1350,149,1499,0.1388
1348,149,1497,0.1388
1350,146,1496,0.1388
1340,151,1491,0.1388
1333,147,1480,0.1388
1335,144,1479,0.1388
1338,147,1485,0.1388
1338,142,1480,0.1388
1348,144,1492,0.1388
1348,141,1489,0.1388
1356,141,1497,0.1388
1343,140,1483,0.1388
1339,143,1482,0.1388
1337,146,1483,0.1388
1332,146,1478,0.1388
1328,147,1475,0.1388
1323,148,1471,0.1388
1324,146,1470,0.1388
1340,143,1483,0.1388
1329,141,1470,0.1388
1334,144,1478,0.1388
1339,143,1482,0.1388
1349,145,1494,0.1388
1352,145,1497,0.1388
1358,142,1500,0.1388
1354,141,1495,0.1388
1342,141,1483,0.1388
1348,148,1496,0.1388
1353,145,1498,0.1388
1347,143,1490,0.1388
1347,146,1493,0.1388
1350,149,1499,0.1388
1345,149,1494,0.1388
1355,145,1500,0.1388
1348,147,1495,0.1388
1358,151,1509,0.1388
1361,149,1510,0.1388
1350,151,1501,0.1388
1345,151,1496,0.1388
1348,149,1497,0.1388
1349,150,1499,0.1388
1343,152,1495,0.1388
1345,151,1496,0.1388
1339,154,1493,0.1388
1335,157,1492,0.1388
1336,155,1491,0.1388
1328,150,1478,0.1388
1343,158,1501,0.1388
1347,159,1506,0.1388
1348,156,1504,0.1388
1346,152,1498,0.1388
1339,157,1496,0.1388
1351,158,1509,0.1388
1337,159,1496,0.1388
1343,164,1507,0.1388
1341,164,1505,0.1388
1342,163,1505,0.1388
1343,163,1506,0.1388
1336,162,1498,0.1388
1332,163,1495,0.1388
1340,161,1501,0.1388
1348,163,1511,0.1388
1324,162,1486,0.1388
1334,162,1496,0.1388
1339,167,1506,0.1388
1331,166,1497,0.1388
1331,169,1500,0.1388
1330,172,1502,0.1388
1328,174,1502,0.1388
1319,171,1490,0.1388
1324,170,1494,0.1388
1317,169,1486,0.1388
1327,168,1495,0.1388
1331,166,1497,0.1388
1352,162,1514,0.1388
1337,162,1499,0.1388
1326,162,1488,0.1388
1331,159,1490,0.1388
1327,159,1486,0.1388
1333,161,1494,0.1388
1325,162,1487,0.1388
1327,165,1492,0.1388
1323,165,1488,0.1388
1333,169,1502,0.1388
1334,173,1507,0.1388
1327,177,1504,0.1388
1317,177,1494,0.1388
1314,178,1492,0.1388
1316,177,1493,0.1388
1310,181,1491,0.1388
1323,180,1503,0.1388
1331,182,1513,0.1388
1313,186,1499,0.1388
1319,184,1503,0.1388
1321,182,1503,0.1388
1323,183,1506,0.1388
1326,180,1506,0.1388
1325,178,1503,0.1388
1318,178,1496,0.1388
1310,179,1489,0.1388
1303,176,1479,0.1388
1299,183,1482,0.1388
1307,188,1495,0.1388
1307,191,1498,0.1388
1307,194,1501,0.1388
1306,192,1498,0.1388
1308,196,1504,0.1388
1317,197,1514,0.1388
1310,199,1509,0.1388
1297,197,1494,0.1388
1308,199,1507,0.1388
1306,197,1503,0.1388
1307,198,1505,0.1388
1303,197,1500,0.1388
1309,201,1510,0.1388
1299,204,1503,0.1388
1302,197,1499,0.1388
1295,203,1498,0.1388
1294,205,1499,0.1388
1293,203,1496,0.1388
1304,206,1510,0.1388
1295,210,1505,0.1388
1301,205,1506,0.1388
1294,206,1500,0.1388
1294,210,1504,0.1388
1292,202,1494,0.1388
1284,205,1489,0.1388
1277,201,1478,0.1388
1286,204,1490,0.1388
1287,205,1492,0.1388
1291,204,1495,0.1388
1293,208,1501,0.1388
1291,208,1499,0.1388
1282,209,1491,0.1388
1288,206,1494,0.1388
1276,212,1488,0.1388
1273,211,1484,0.1388
1271,213,1484,0.1388
1281,220,1501,0.1388
1271,225,1496,0.1388
1277,225,1502,0.1388
1273,228,1501,0.1388
1273,233,1506,0.1388
1263,233,1496,0.1388
1257,234,1491,0.1388
1249,240,1489,0.1388
1267,238,1505,0.1388
1265,235,1500,0.1388
1272,235,1507,0.1388
1268,228,1496,0.1388
1260,228,1488,0.1388
1260,228,1488,0.1388
1270,231,1501,0.1388
1263,227,1490,0.1388
1262,234,1496,0.1388
1246,232,1478,0.1388
1246,236,1482,0.1388
1241,240,1481,0.1388
1246,239,1485,0.1388
1246,236,1482,0.1388
1247,245,1492,0.1388
1236,241,1477,0.1388
1238,239,1477,0.1388
1253,239,1492,0.1388
1257,241,1498,0.1388
1247,242,1489,0.1388
1229,244,1473,0.1388
1244,244,1488,0.1388
1234,243,1477,0.1388
1248,242,1490,0.1388
1249,241,1490,0.1388
1241,240,1481,0.1388
1247,238,1485,0.1388
1250,238,1488,0.1388
1255,243,1498,0.1388
1245,250,1495,0.1388
1243,258,1501,0.1388
1233,245,1478,0.1388
1245,247,1492,0.1388
1242,249,1491,0.1388
1228,255,1483,0.1388
1225,253,1478,0.1388
1225,254,1479,0.1388
1229,255,1484,0.1388
1244,265,1509,0.1388
1231,265,1496,0.1388
1217,264,1481,0.1388
1220,262,1482,0.1388
1216,253,1469,0.1388
1209,259,1468,0.1388
1217,264,1481,0.1388
1214,262,1476,0.1388
1216,259,1475,0.1388
1237,262,1499,0.1388
1226,259,1485,0.1388
1240,254,1494,0.1388
1235,254,1489,0.1388
1251,248,1499,0.1388
1248,248,1496,0.1388
1256,253,1509,0.1388
1248,255,1503,0.1388
1247,258,1505,0.1388
1253,258,1511,0.1388
1253,261,1514,0.1388
1255,259,1514,0.1388
1249,259,1508,0.1388
1251,254,1505,0.1388
1242,251,1493,0.1388
1228,252,1480,0.1388
1226,254,1480,0.1388
1229,255,1484,0.1388
1229,256,1485,0.1388
1231,254,1485,0.1388
1242,258,1500,0.1388
1253,258,1511,0.1388
1253,261,1514,0.1388
1264,260,1524,0.1388
1267,264,1531,0.1388
1248,267,1515,0.1388
1247,270,1517,0.1388
1246,267,1513,0.1388
1240,267,1507,0.1388
1230,266,1496,0.1388
1252,271,1523,0.1388
1255,272,1527,0.1388
1236,271,1507,0.1388
1235,269,1504,0.1388
1242,273,1515,0.1388
1233,278,1511,0.1388
1233,283,1516,0.1388
1220,283,1503,0.1388
1221,276,1497,0.1388
1222,267,1489,0.1388
1224,275,1499,0.1388
1226,274,1500,0.1388
1216,273,1489,0.1388
1216,277,1493,0.1388
1218,277,1495,0.1388
1224,274,1498,0.1388
1225,277,1502,0.1388
1232,272,1504,0.1388
1222,274,1496,0.1388
1229,278,1507,0.1388
1229,277,1506,0.1388
1227,279,1506,0.1388
1229,282,1511,0.1388
1228,279,1507,0.1388
1221,282,1503,0.1388
1210,278,1488,0.1388
1196,286,1482,0.1388
1196,287,1483,0.1388
1194,288,1482,0.1388
1202,297,1499,0.1388
1197,305,1502,0.1388
1197,304,1501,0.1388
1198,303,1501,0.1388
1194,303,1497,0.1388
1191,305,1496,0.1388
1195,301,1496,0.1388
1195,296,1491,0.1388
1180,301,1481,0.1388
1177,301,1478,0.1388
1168,309,1477,0.1388
1170,308,1478,0.1388
1177,315,1492,0.1388
1180,318,1498,0.1388
1180,319,1499,0.1388
1177,325,1502,0.1388
1164,321,1485,0.1388
1161,323,1484,0.1388
1167,322,1489,0.1388
1171,319,1490,0.1388
1171,320,1491,0.1388
1178,318,1496,0.1388
1179,318,1497,0.1388
1176,319,1495,0.1388
1174,319,1493,0.1388
1172,315,1487,0.1388
1165,318,1483,0.1388
1167,327,1494,0.1388
1173,324,1497,0.1388
1179,328,1507,0.1388
1171,331,1502,0.1388
1165,337,1502,0.1388
1171,330,1501,0.1388
1175,331,1506,0.1388
1180,334,1514,0.1388
1171,328,1499,0.1388
1182,329,1511,0.1388
1189,328,1517,0.1388
1185,330,1515,0.1388
1191,328,1519,0.1388
1182,320,1502,0.1388
1174,324,1498,0.1388
1167,326,1493,0.1388
1168,334,1502,0.1388
1170,330,1500,0.1388
1159,338,1497,0.1388
1161,347,1508,0.1388
1160,346,1506,0.1388
1157,348,1505,0.1388
1161,349,1510,0.1388
1152,347,1499,0.1388
1162,349,1511,0.1388
1163,350,1513,0.1388
1164,346,1510,0.1388
1166,342,1508,0.1388
1149,343,1492,0.1388
1152,346,1498,0.1388
1158,345,1503,0.1388
1142,350,1492,0.1388
1151,349,1500,0.1388
1155,349,1504,0.1388
1152,345,1497,0.1388
1149,348,1497,0.1388
1156,347,1503,0.1388
1174,353,1527,0.1388
1175,351,1526,0.1388
1175,350,1525,0.1388
1175,356,1531,0.1388
1173,356,1529,0.1388
1159,349,1508,0.1388
1156,342,1498,0.1388
1158,336,1494,0.1388
1154,333,1487,0.1388
1147,339,1486,0.1388
1150,333,1483,0.1388
1141,337,1478,0.1388
1134,335,1469,0.1388
1127,343,1470,0.1388
1130,346,1476,0.1388
1126,348,1474,0.1388
1136,352,1488,0.1388
1136,357,1493,0.1388
1132,359,1491,0.1388
1136,366,1502,0.1388
1136,363,1499,0.1388
1129,357,1486,0.1388
1115,362,1477,0.1388
1119,363,1482,0.1388
1138,367,1505,0.1388
1125,368,1493,0.1388
1123,361,1484,0.1388
1113,360,1473,0.1388
1111,362,1473,0.1388
1125,363,1488,0.1388
1125,364,1489,0.1388
1121,369,1490,0.1388
1135,370,1505,0.1388
1126,374,1500,0.1388
1131,374,1505,0.1388
1138,373,1511,0.1388
1134,377,1511,0.1388
1136,375,1511,0.1388
1136,373,1509,0.1388
1128,370,1498,0.1388
1147,369,1516,0.1388
1135,365,1500,0.1388
1131,364,1495,0.1388
1120,369,1489,0.1388
1121,369,1490,0.1388
1123,374,1497,0.1388
1129,377,1506,0.1388
1133,373,1506,0.1388
1130,374,1504,0.1388
1126,371,1497,0.1388
1127,367,1494,0.1388
1130,370,1500,0.1388
1131,379,1510,0.1388
1120,381,1501,0.1388
1124,383,1507,0.1388
1134,380,1514,0.1388
1127,380,1507,0.1388
1127,377,1504,0.1388
1125,381,1506,0.1388
1131,377,1508,0.1388
1123,377,1500,0.1388
1118,375,1493,0.1388
1118,373,1491,0.1388
1119,380,1499,0.1388
1117,377,1494,0.1388
1126,380,1506,0.1388
1112,378,1490,0.1388
1116,385,1501,0.1388
1119,386,1505,0.1388
1125,385,1510,0.1388
1111,393,1504,0.1388
1118,392,1510,0.1388
1119,393,1512,0.1388
1109,394,1503,0.1388
1108,397,1505,0.1388
1105,394,1499,0.1388
1109,387,1496,0.1388
1112,378,1490,0.1388
1130,380,1510,0.1388
1115,379,1494,0.1388
1114,385,1499,0.1388
1105,387,1492,0.1388
1109,390,1499,0.1388
1102,393,1495,0.1388
1102,394,1496,0.1388
1098,392,1490,0.1388
1104,397,1501,0.1388
1107,392,1499,0.1388
1108,397,1505,0.1388
1104,397,1501,0.1388
1087,394,1481,0.1388
1091,397,1488,0.1388
1089,393,1482,0.1388
1088,391,1479,0.1388
1091,391,1482,0.1388
1101,395,1496,0.1388
1100,399,1499,0.1388
1092,398,1490,0.1388
1096,398,1494,0.1388
1099,400,1499,0.1388
1097,408,1505,0.1388
1098,411,1509,0.1388
1088,412,1500,0.1388
1093,408,1501,0.1388
1096,405,1501,0.1388
1091,406,1497,0.1388
1089,410,1499,0.1388
1089,407,1496,0.1388
1078,413,1491,0.1388
1082,411,1493,0.1388
1082,411,1493,0.1388
1088,408,1496,0.1388
1081,407,1488,0.1388
1070,412,1482,0.1388
1068,420,1488,0.1388
1067,421,1488,0.1388
1068,420,1488,0.1388
1065,416,1481,0.1388
1068,410,1478,0.1388
1072,418,1490,0.1388
1065,418,1483,0.1388
1061,423,1484,0.1388
1073,421,1494,0.1388
1075,418,1493,0.1388
1072,421,1493,0.1388
1063,426,1489,0.1388
1069,427,1496,0.1388
1075,434,1509,0.1388
1071,427,1498,0.1388
1058,433,1491,0.1388
1063,436,1499,0.1388
1071,435,1506,0.1388
1069,446,1515,0.1388
1068,442,1510,0.1388
1052,437,1489,0.1388
1057,443,1500,0.1388
1060,438,1498,0.1388
1062,439,1501,0.1388
1059,435,1494,0.1388
1058,437,1495,0.1388
1053,439,1492,0.1388
1056,432,1488,0.1388
1055,436,1491,0.1388
1057,448,1505,0.1388
1052,447,1499,0.1388
1060,446,1506,0.1388
1054,445,1499,0.1388
1048,449,1497,0.1388
1062,446,1508,0.1388
1056,444,1500,0.1388
1062,446,1508,0.1388
1060,443,1503,0.1388
1049,448,1497,0.1388
1050,443,1493,0.1388
1049,449,1498,0.1388
1055,454,1509,0.1388
1047,454,1501,0.1388
1054,462,1516,0.1388
1061,444,1505,0.1388
1059,448,1507,0.1388
1048,444,1492,0.1388
1051,450,1501,0.1388
1056,440,1496,0.1388
1054,446,1500,0.1388
1048,453,1501,0.1388
1052,461,1513,0.1388
1062,456,1518,0.1388
1045,461,1506,0.1388
1035,460,1495,0.1388
1039,463,1502,0.1388
1050,461,1511,0.1388
1056,460,1516,0.1388
1039,457,1496,0.1388
1037,460,1497,0.1388
1044,462,1506,0.1388
1032,463,1495,0.1388
1038,460,1498,0.1388
1038,461,1499,0.1388
1043,464,1507,0.1388
1037,468,1505,0.1388
1027,462,1489,0.1388
1041,466,1507,0.1388
1040,466,1506,0.1388
1050,461,1511,0.1388
1037,457,1494,0.1388
1051,460,1511,0.1388
1054,464,1518,0.1388
1041,472,1513,0.1388
1040,472,1512,0.1388
1039,483,1522,0.1388
1033,475,1508,0.1388
1046,475,1521,0.1388
1039,469,1508,0.1388
1052,465,1517,0.1388
1060,463,1523,0.1388
1050,463,1513,0.1388
1053,456,1509,0.1388
1051,453,1504,0.1388
1048,455,1503,0.1388
1050,466,1516,0.1388
1041,462,1503,0.1388
1030,458,1488,0.1388
1026,453,1479,0.1388
1025,455,1480,0.1388
1016,461,1477,0.1388
1009,464,1473,0.1388
1030,468,1498,0.1388
1021,470,1491,0.1388
1011,474,1485,0.1388
1010,477,1487,0.1388
1010,481,1491,0.1388
1013,482,1495,0.1388
1028,487,1515,0.1388
1030,495,1525,0.1388
1029,490,1519,0.1388
1033,481,1514,0.1388
1026,478,1504,0.1388
1018,474,1492,0.1388
1024,470,1494,0.1388
1022,468,1490,0.1388
1027,470,1497,0.1388
1021,471,1492,0.1388
1018,483,1501,0.1388
1012,483,1495,0.1388
1028,481,1509,0.1388
1029,485,1514,0.1388
1019,488,1507,0.1388
1016,496,1512,0.1388
1013,494,1507,0.1388
1005,495,1500,0.1388
1003,496,1499,0.1388
1000,495,1495,0.1388
1001,490,1491,0.1388
986,488,1474,0.1388
992,495,1487,0.1388
996,491,1487,0.1388
999,493,1492,0.1388
1010,490,1500,0.1388
1001,501,1502,0.1388
998,502,1500,0.1388
1000,506,1506,0.1388
998,502,1500,0.1388
995,511,1506,0.1388
996,511,1507,0.1388
984,514,1498,0.1388
993,507,1500,0.1388
994,513,1507,0.1388
992,510,1502,0.1388
1001,517,1518,0.1388
999,511,1510,0.1388
994,508,1502,0.1388
1007,507,1514,0.1388
1009,499,1508,0.1388
994,504,1498,0.1388
998,504,1502,0.1388
976,505,1481,0.1388
979,513,1492,0.1388
983,515,1498,0.1388
972,510,1482,0.1388
973,516,1489,0.1388
977,514,1491,0.1388
974,520,1494,0.1388
976,527,1503,0.1388
984,532,1516,0.1388
970,533,1503,0.1388
974,531,1505,0.1388
970,538,1508,0.1388
971,534,1505,0.1388
977,533,1510,0.1388
974,535,1509,0.1388
982,538,1520,0.1388
980,538,1518,0.1388
976,534,1510,0.1388
973,525,1498,0.1388
974,525,1499,0.1388
983,523,1506,0.1388
973,536,1509,0.1388
985,539,1524,0.1388
981,538,1519,0.1388
974,527,1501,0.1388
970,531,1501,0.1388
971,533,1504,0.1388
966,530,1496,0.1388
961,527,1488,0.1388
966,534,1500,0.1388
971,531,1502,0.1388
970,528,1498,0.1388
959,531,1490,0.1388
960,538,1498,0.1388
964,542,1506,0.1388
970,541,1511,0.1388
966,545,1511,0.1388
966,535,1501,0.1388
974,536,1510,0.1388
974,543,1517,0.1388
959,550,1509,0.1388
960,548,1508,0.1388
951,545,1496,0.1388
954,545,1499,0.1388
946,549,1495,0.1388
941,553,1494,0.1388
946,548,1494,0.1388
951,548,1499,0.1388
955,540,1495,0.1388
949,541,1490,0.1388
962,538,1500,0.1388
974,541,1515,0.1388
975,540,1515,0.1388
971,539,1510,0.1388
964,546,1510,0.1388
960,553,1513,0.1388
962,543,1505,0.1388
953,541,1494,0.1388
959,539,1498,0.1388
958,537,1495,0.1388
955,547,1502,0.1388
944,559,1503,0.1388
952,561,1513,0.1388
939,563,1502,0.1388
935,555,1490,0.1388
932,567,1499,0.1388
936,571,1507,0.1388
941,574,1515,0.1388
947,566,1513,0.1388
952,563,1515,0.1388
956,562,1518,0.1388
949,559,1508,0.1388
936,562,1498,0.1388
939,559,1498,0.1388
940,555,1495,0.1388
940,561,1501,0.1388
939,563,1502,0.1388
937,569,1506,0.1388
938,571,1509,0.1388
942,564,1506,0.1388
943,570,1513,0.1388
941,578,1519,0.1388
933,582,1515,0.1388
925,581,1506,0.1388
918,583,1501,0.1388
914,588,1502,0.1388
920,575,1495,0.1388
915,571,1486,0.1388
913,573,1486,0.1388
912,575,1487,0.1388
920,577,1497,0.1388
924,576,1500,0.1388
927,579,1506,0.1388
940,582,1522,0.1388
937,572,1509,0.1388
922,571,1493,0.1388
926,570,1496,0.1388
929,579,1508,0.1388
918,583,1501,0.1388
921,595,1516,0.1388
908,588,1496,0.1388
910,586,1496,0.1388
901,585,1486,0.1388
911,590,1501,0.1388
906,590,1496,0.1388
908,589,1497,0.1388
914,588,1502,0.1388
906,604,1510,0.1388
899,604,1503,0.1388
908,594,1502,0.1388
899,606,1505,0.1388
903,600,1503,0.1388
906,608,1514,0.1388
904,603,1507,0.1388
903,596,1499,0.1388
911,594,1505,0.1388
911,600,1511,0.1388
909,606,1515,0.1388
903,604,1507,0.1388
911,602,1513,0.1388
910,603,1513,0.1388
899,596,1495,0.1388
892,595,1487,0.1388
887,587,1474,0.1388
897,582,1479,0.1388
894,587,1481,0.1388
892,605,1497,0.1388
896,604,1500,0.1388
894,609,1503,0.1388
898,613,1511,0.1388
900,612,1512,0.1388
903,607,1510,0.1388
897,609,1506,0.1388
901,589,1490,0.1388
902,598,1500,0.1388
908,601,1509,0.1388
902,598,1500,0.1388
902,599,1501,0.1388
900,601,1501,0.1388
900,607,1507,0.1388
898,616,1514,0.1388
891,619,1510,0.1388
892,617,1509,0.1388
880,625,1505,0.1388
882,629,1511,0.1388
877,622,1499,0.1388
878,625,1503,0.1388
874,622,1496,0.1388
876,618,1494,0.1388
880,629,1509,0.1388
884,618,1502,0.1388
873,621,1494,0.1388
872,620,1492,0.1388
864,620,1484,0.1388
859,623,1482,0.1388
866,632,1498,0.1388
863,636,1499,0.1388
845,636,1481,0.1388
854,640,1494,0.1388
861,636,1497,0.1388
862,638,1500,0.1388
862,634,1496,0.1388
869,628,1497,0.1388
866,635,1501,0.1388
863,632,1495,0.1388
848,632,1480,0.1388
854,644,1498,0.1388
850,650,1500,0.1388
843,652,1495,0.1388
856,654,1510,0.1388
852,652,1504,0.1388
852,653,1505,0.1388
864,656,1520,0.1388
865,658,1523,0.1388
849,657,1506,0.1388
842,667,1509,0.1388
828,666,1494,0.1388
826,667,1493,0.1388
828,676,1504,0.1388
827,678,1505,0.1388
826,678,1504,0.1388
826,679,1505,0.1388
833,673,1506,0.1388
822,679,1501,0.1388
830,676,1506,0.1388
836,670,1506,0.1388
823,685,1508,0.1388
822,690,1512,0.1388
820,693,1513,0.1388
811,700,1511,0.1388
813,695,1508,0.1388
808,700,1508,0.1388
797,692,1489,0.1388
814,691,1505,0.1388
820,690,1510,0.1388
830,684,1514,0.1388
828,682,1510,0.1388
824,681,1505,0.1388
815,685,1500,0.1388
818,697,1515,0.1388
809,694,1503,0.1388
813,693,1506,0.1388
817,695,1512,0.1388
813,697,1510,0.1388
813,694,1507,0.1388
824,690,1514,0.1388
813,698,1511,0.1388
800,692,1492,0.1388
803,701,1504,0.1388
808,705,1513,0.1388
800,705,1505,0.1388
795,707,1502,0.1388
803,707,1510,0.1388
800,718,1518,0.1388
806,716,1522,0.1388
799,707,1506,0.1388
794,703,1497,0.1388
790,712,1502,0.1388
789,712,1501,0.1388
783,702,1485,0.1388
773,715,1488,0.1388
777,716,1493,0.1388
785,718,1503,0.1388
794,719,1513,0.1388
803,720,1523,0.1388
802,713,1515,0.1388
793,711,1504,0.1388
799,707,1506,0.1388
801,708,1509,0.1388
798,712,1510,0.1388
796,721,1517,0.1388
798,712,1510,0.1388
793,714,1507,0.1388
788,713,1501,0.1388
790,714,1504,0.1388
784,720,1504,0.1388
792,718,1510,0.1388
789,720,1509,0.1388
780,725,1505,0.1388
776,720,1496,0.1388
777,721,1498,0.1388
765,728,1493,0.1388
757,727,1484,0.1388
760,724,1484,0.1388
760,727,1487,0.1388
763,728,1491,0.1388
769,720,1489,0.1388
774,724,1498,0.1388
783,721,1504,0.1388
783,715,1498,0.1388
780,718,1498,0.1388
782,724,1506,0.1388
780,719,1499,0.1388
783,724,1507,0.1388
781,726,1507,0.1388
781,729,1510,0.1388
786,728,1514,0.1388
786,731,1517,0.1388
779,727,1506,0.1388
790,725,1515,0.1388
790,727,1517,0.1388
775,725,1500,0.1388
771,729,1500,0.1388
767,738,1505,0.1388
761,737,1498,0.1388
751,739,1490,0.1388
757,742,1499,0.1388
757,738,1495,0.1388
758,734,1492,0.1388
760,735,1495,0.1388
762,736,1498,0.1388
754,729,1483,0.1388
754,740,1494,0.1388
755,746,1501,0.1388
744,748,1492,0.1388
743,756,1499,0.1388
748,760,1508,0.1388
750,752,1502,0.1388
744,756,1500,0.1388
735,756,1491,0.1388
738,759,1497,0.1388
738,754,1492,0.1388
743,755,1498,0.1388
745,747,1492,0.1388
750,744,1494,0.1388
764,740,1504,0.1388
758,748,1506,0.1388
757,748,1505,0.1388
761,751,1512,0.1388
762,743,1505,0.1388
770,739,1509,0.1388
774,749,1523,0.1388
775,748,1523,0.1388
765,764,1529,0.1388
768,770,1538,0.1388
758,760,1518,0.1388
754,748,1502,0.1388
748,751,1499,0.1388
742,759,1501,0.1388
748,758,1506,0.1388
746,763,1509,0.1388
741,759,1500,0.1388
733,764,1497,0.1388
731,769,1500,0.1388
721,772,1493,0.1388
727,774,1501,0.1388
731,776,1507,0.1388
729,770,1499,0.1388
732,775,1507,0.1388
726,786,1512,0.1388
730,783,1513,0.1388
714,783,1497,0.1388
709,790,1499,0.1388
711,797,1508,0.1388
709,799,1508,0.1388
708,801,1509,0.1388
712,791,1503,0.1388
708,795,1503,0.1388
709,793,1502,0.1388
708,797,1505,0.1388
705,809,1514,0.1388
700,809,1509,0.1388
704,813,1517,0.1388
707,819,1526,0.1388
706,817,1523,0.1388
707,819,1526,0.1388
701,817,1518,0.1388
705,810,1515,0.1388
703,812,1515,0.1388
707,805,1512,0.1388
713,812,1525,0.1388
715,807,1522,0.1388
707,796,1503,0.1388
712,797,1509,0.1388
711,806,1517,0.1388
702,807,1509,0.1388
695,810,1505,0.1388
691,810,1501,0.1388
697,817,1514,0.1388
696,810,1506,0.1388
699,801,1500,0.1388
701,803,1504,0.1388
697,806,1503,0.1388
702,803,1505,0.1388
695,818,1513,0.1388
693,823,1516,0.1388
698,822,1520,0.1388
695,823,1518,0.1388
695,815,1510,0.1388
699,801,1500,0.1388
694,806,1500,0.1388
695,805,1500,0.1388
698,817,1515,0.1388
701,822,1523,0.1388
695,813,1508,0.1388
700,818,1518,0.1388
694,815,1509,0.1388
696,821,1517,0.1388
695,819,1514,0.1388
693,815,1508,0.1388
685,820,1505,0.1388
684,822,1506,0.1388
682,819,1501,0.1388
692,812,1504,0.1388
678,825,1503,0.1388
675,826,1501,0.1388
674,823,1497,0.1388
672,831,1503,0.1388
669,829,1498,0.1388
676,826,1502,0.1388
669,822,1491,0.1388
670,825,1495,0.1388
670,835,1505,0.1388
671,848,1519,0.1388
658,853,1511,0.1388
648,860,1508,0.1388
648,864,1512,0.1388
652,859,1511,0.1388
654,857,1511,0.1388
650,856,1506,0.1388
646,855,1501,0.1388
648,851,1499,0.1388
646,861,1507,0.1388
652,858,1510,0.1388
654,858,1512,0.1388
652,859,1511,0.1388
647,871,1518,0.1388
648,879,1527,0.1388
643,881,1524,0.1388
645,885,1530,0.1388
642,882,1524,0.1388
646,869,1515,0.1388
637,876,1513,0.1388
627,882,1509,0.1388
631,880,1511,0.1388
633,888,1521,0.1388
631,884,1515,0.1388
623,885,1508,0.1388
619,886,1505,0.1388
623,886,1509,0.1388
615,898,1513,0.1388
618,891,1509,0.1388
612,904,1516,0.1388
605,905,1510,0.1388
604,906,1510,0.1388
610,907,1517,0.1388
606,901,1507,0.1388
603,901,1504,0.1388
596,911,1507,0.1388
602,913,1515,0.1388
589,915,1504,0.1388
597,923,1520,0.1388
595,915,1510,0.1388
585,909,1494,0.1388
590,916,1506,0.1388
590,916,1506,0.1388
585,919,1504,0.1388
586,920,1506,0.1388
583,918,1501,0.1388
585,914,1499,0.1388
583,924,1507,0.1388
581,928,1509,0.1388
578,923,1501,0.1388
576,930,1506,0.1388
568,941,1509,0.1388
563,932,1495,0.1388
570,934,1504,0.1388
563,931,1494,0.1388
553,948,1501,0.1388
556,952,1508,0.1388
555,954,1509,0.1388
556,954,1510,0.1388
559,952,1511,0.1388
561,954,1515,0.1388
567,948,1515,0.1388
572,936,1508,0.1388
565,937,1502,0.1388
560,941,1501,0.1388
561,948,1509,0.1388
559,954,1513,0.1388
542,958,1500,0.1388
550,961,1511,0.1388
555,956,1511,0.1388
554,955,1509,0.1388
552,954,1506,0.1388
548,956,1504,0.1388
552,962,1514,0.1388
548,968,1516,0.1388
547,961,1508,0.1388
553,963,1516,0.1388
549,958,1507,0.1388
552,953,1505,0.1388
546,961,1507,0.1388
545,952,1497,0.1388
552,959,1511,0.1388
548,951,1499,0.1388
548,968,1516,0.1388
547,971,1518,0.1388
543,976,1519,0.1388
543,972,1515,0.1388
544,970,1514,0.1388
551,978,1529,0.1388
551,981,1532,0.1388
543,987,1530,0.1388
535,968,1503,0.1388
536,978,1514,0.1388
544,979,1523,0.1388
537,972,1509,0.1388
538,973,1511,0.1388
541,972,1513,0.1388
534,976,1510,0.1388
536,969,1505,0.1388
539,971,1510,0.1388
542,966,1508,0.1388
541,978,1519,0.1388
537,973,1510,0.1388
528,966,1494,0.1388
532,972,1504,0.1388
530,975,1505,0.1388
535,981,1516,0.1388
534,969,1503,0.1388
532,973,1505,0.1388
527,979,1506,0.1388
516,985,1501,0.1388
523,982,1505,0.1388
526,980,1506,0.1388
523,987,1510,0.1388
522,984,1506,0.1388
524,983,1507,0.1388
526,982,1508,0.1388
528,984,1512,0.1388
518,989,1507,0.1388
520,985,1505,0.1388
519,982,1501,0.1388
514,976,1490,0.1388
510,975,1485,0.1388
513,989,1502,0.1388
514,984,1498,0.1388
515,984,1499,0.1388
501,987,1488,0.1388
499,983,1482,0.1388
502,1000,1502,0.1388
509,1004,1513,0.1388
504,1003,1507,0.1388
501,1007,1508,0.1388
502,1003,1505,0.1388
505,999,1504,0.1388
500,1006,1506,0.1388
503,1012,1515,0.1388
495,1016,1511,0.1388
488,1018,1506,0.1388
492,1016,1508,0.1388
497,1016,1513,0.1388
495,1020,1515,0.1388
487,1017,1504,0.1388
490,1011,1501,0.1388
492,1024,1516,0.1388
492,1022,1514,0.1388
485,1034,1519,0.1388
488,1038,1526,0.1388
492,1041,1533,0.1388
492,1041,1533,0.1388
490,1033,1523,0.1388
487,1033,1520,0.1388
483,1032,1515,0.1388
482,1032,1514,0.1388
480,1044,1524,0.1388
474,1041,1515,0.1388
474,1043,1517,0.1388
472,1043,1515,0.1388
468,1027,1495,0.1388
474,1035,1509,0.1388
471,1042,1513,0.1388
469,1039,1508,0.1388
470,1037,1507,0.1388
463,1044,1507,0.1388
464,1042,1506,0.1388
469,1049,1518,0.1388
461,1044,1505,0.1388
458,1048,1506,0.1388
467,1050,1517,0.1388
462,1044,1506,0.1388
465,1043,1508,0.1388
466,1052,1518,0.1388
465,1064,1529,0.1388
460,1049,1509,0.1388
460,1046,1506,0.1388
459,1048,1507,0.1388
461,1044,1505,0.1388
463,1046,1509,0.1388
465,1055,1520,0.1388
460,1045,1505,0.1388
458,1061,1519,0.1388
458,1057,1515,0.1388
460,1055,1515,0.1388
456,1059,1515,0.1388
453,1053,1506,0.1388
451,1051,1502,0.1388
446,1047,1493,0.1388
446,1053,1499,0.1388
445,1063,1508,0.1388
439,1071,1510,0.1388
436,1082,1518,0.1388
440,1084,1524,0.1388
433,1085,1518,0.1388
439,1084,1523,0.1388
443,1087,1530,0.1388
442,1077,1519,0.1388
443,1073,1516,0.1388
435,1075,1510,0.1388
423,1076,1499,0.1388
426,1085,1511,0.1388
434,1088,1522,0.1388
431,1082,1513,0.1388
432,1084,1516,0.1388
436,1083,1519,0.1388
439,1083,1522,0.1388
432,1092,1524,0.1388
428,1092,1520,0.1388
428,1086,1514,0.1388
424,1074,1498,0.1388
431,1075,1506,0.1388
423,1068,1491,0.1388
421,1077,1498,0.1388
420,1078,1498,0.1388
428,1090,1518,0.1388
429,1088,1517,0.1388
433,1096,1529,0.1388
436,1079,1515,0.1388
440,1078,1518,0.1388
438,1079,1517,0.1388
430,1077,1507,0.1388
438,1073,1511,0.1388
427,1077,1504,0.1388
423,1079,1502,0.1388
427,1070,1497,0.1388
427,1075,1502,0.1388
424,1090,1514,0.1388
426,1098,1524,0.1388
421,1094,1515,0.1388
422,1082,1504,0.1388
419,1090,1509,0.1388
422,1095,1517,0.1388
430,1105,1535,0.1388
434,1088,1522,0.1388
425,1079,1504,0.1388
412,1074,1486,0.1388
416,1071,1487,0.1388
417,1062,1479,0.1388
423,1063,1486,0.1388
427,1074,1501,0.1388
424,1070,1494,0.1388
424,1072,1496,0.1388
433,1072,1505,0.1388
438,1076,1514,0.1388
439,1071,1510,0.1388
434,1079,1513,0.1388
436,1073,1509,0.1388
437,1065,1502,0.1388
435,1066,1501,0.1388
438,1064,1502,0.1388
443,1076,1519,0.1388
444,1071,1515,0.1388
437,1078,1515,0.1388
433,1077,1510,0.1388
432,1079,1511,0.1388
433,1085,1518,0.1388
427,1086,1513,0.1388
431,1080,1511,0.1388
430,1075,1505,0.1388
427,1073,1500,0.1388
420,1078,1498,0.1388
416,1089,1505,0.1388
412,1091,1503,0.1388
408,1101,1509,0.1388
410,1099,1509,0.1388
408,1100,1508,0.1388
406,1102,1508,0.1388
404,1100,1504,0.1388
402,1099,1501,0.1388
402,1105,1507,0.1388
403,1109,1512,0.1388
408,1117,1525,0.1388
408,1118,1526,0.1388
406,1115,1521,0.1388
396,1121,1517,0.1388
397,1109,1506,0.1388
398,1110,1508,0.1388
401,1112,1513,0.1388
395,1116,1511,0.1388
401,1110,1511,0.1388
404,1119,1523,0.1388
395,1126,1521,0.1388
389,1118,1507,0.1388
383,1121,1504,0.1388
384,1128,1512,0.1388
383,1122,1505,0.1388
382,1128,1510,0.1388
384,1115,1499,0.1388
388,1116,1504,0.1388
385,1113,1498,0.1388
384,1120,1504,0.1388
386,1127,1513,0.1388
382,1120,1502,0.1388
388,1130,1518,0.1388
379,1130,1509,0.1388
376,1141,1517,0.1388
377,1146,1523,0.1388
376,1146,1522,0.1388
378,1148,1526,0.1388
373,1146,1519,0.1388
376,1131,1507,0.1388
376,1131,1507,0.1388
385,1127,1512,0.1388
382,1126,1508,0.1388
370,1148,1518,0.1388
373,1141,1514,0.1388
370,1137,1507,0.1388
378,1148,1526,0.1388
370,1130,1500,0.1388
377,1135,1512,0.1388
375,1133,1508,0.1388
378,1136,1514,0.1388
372,1131,1503,0.1388
379,1124,1503,0.1388
376,1129,1505,0.1388
373,1123,1496,0.1388
368,1126,1494,0.1388
375,1124,1499,0.1388
374,1133,1507,0.1388
378,1128,1506,0.1388
379,1143,1522,0.1388
381,1137,1518,0.1388
372,1142,1514,0.1388
370,1143,1513,0.1388
368,1140,1508,0.1388
367,1147,1514,0.1388
370,1147,1517,0.1388
366,1145,1511,0.1388
361,1153,1514,0.1388
355,1136,1491,0.1388
354,1139,1493,0.1388
363,1135,1498,0.1388
364,1131,1495,0.1388
369,1138,1507,0.1388
365,1150,1515,0.1388
363,1142,1505,0.1388
364,1144,1508,0.1388
365,1145,1510,0.1388
363,1153,1516,0.1388
363,1148,1511,0.1388
363,1143,1506,0.1388
363,1135,1498,0.1388
361,1138,1499,0.1388
365,1151,1516,0.1388
365,1145,1510,0.1388
370,1145,1515,0.1388
370,1152,1522,0.1388
365,1143,1508,0.1388
368,1146,1514,0.1388
360,1156,1516,0.1388
367,1161,1528,0.1388
357,1160,1517,0.1388
352,1162,1514,0.1388
354,1159,1513,0.1388
358,1155,1513,0.1388
356,1152,1508,0.1388
346,1159,1505,0.1388
343,1156,1499,0.1388
342,1168,1510,0.1388
336,1171,1507,0.1388
335,1164,1499,0.1388
337,1176,1513,0.1388
332,1177,1509,0.1388
325,1180,1505,0.1388
327,1179,1506,0.1388
332,1175,1507,0.1388
335,1172,1507,0.1388
333,1174,1507,0.1388
338,1165,1503,0.1388
337,1179,1516,0.1388
330,1190,1520,0.1388
334,1175,1509,0.1388
331,1189,1520,0.1388
332,1184,1516,0.1388
329,1189,1518,0.1388
331,1187,1518,0.1388
335,1178,1513,0.1388
339,1172,1511,0.1388
338,1175,1513,0.1388
338,1175,1513,0.1388
334,1166,1500,0.1388
329,1174,1503,0.1388
328,1178,1506,0.1388
328,1179,1507,0.1388
332,1181,1513,0.1388
333,1178,1511,0.1388
330,1183,1513,0.1388
331,1180,1511,0.1388
331,1180,1511,0.1388
330,1180,1510,0.1388
335,1192,1527,0.1388
333,1179,1512,0.1388
329,1181,1510,0.1388
327,1189,1516,0.1388
320,1198,1518,0.1388
327,1202,1529,0.1388
321,1193,1514,0.1388
320,1188,1508,0.1388
326,1185,1511,0.1388
324,1192,1516,0.1388
319,1184,1503,0.1388
316,1189,1505,0.1388
313,1192,1505,0.1388
316,1191,1507,0.1388
312,1195,1507,0.1388
315,1206,1521,0.1388
311,1192,1503,0.1388
312,1201,1513,0.1388
314,1204,1518,0.1388
317,1205,1522,0.1388
315,1207,1522,0.1388
314,1190,1504,0.1388
314,1183,1497,0.1388
312,1188,1500,0.1388
311,1203,1514,0.1388
314,1207,1521,0.1388
319,1206,1525,0.1388
319,1208,1527,0.1388
316,1197,1513,0.1388
315,1200,1515,0.1388
315,1188,1503,0.1388
317,1179,1496,0.1388
321,1194,1515,0.1388
322,1194,1516,0.1388
315,1199,1514,0.1388
314,1202,1516,0.1388
318,1195,1513,0.1388
324,1189,1513,0.1388
324,1186,1510,0.1388
318,1171,1489,0.1388
315,1176,1491,0.1388
315,1174,1489,0.1388
317,1189,1506,0.1388
319,1193,1512,0.1388
328,1195,1523,0.1388
321,1186,1507,0.1388
320,1186,1506,0.1388
320,1195,1515,0.1388
316,1194,1510,0.1388
313,1198,1511,0.1388
307,1201,1508,0.1388
307,1189,1496,0.1388
303,1206,1509,0.1388
298,1209,1507,0.1388
296,1197,1493,0.1388
304,1204,1508,0.1388
308,1201,1509,0.1388
303,1204,1507,0.1388
301,1204,1505,0.1388
296,1208,1504,0.1388
294,1211,1505,0.1388
295,1202,1497,0.1388
294,1205,1499,0.1388
296,1220,1516,0.1388
296,1212,1508,0.1388
293,1216,1509,0.1388
298,1218,1516,0.1388
293,1217,1510,0.1388
300,1218,1518,0.1388
298,1215,1513,0.1388
291,1228,1519,0.1388
293,1228,1521,0.1388
289,1229,1518,0.1388
285,1220,1505,0.1388
282,1220,1502,0.1388
276,1234,1510,0.1388
275,1233,1508,0.1388
281,1224,1505,0.1388
283,1231,1514,0.1388
288,1230,1518,0.1388
289,1227,1516,0.1388
292,1221,1513,0.1388
292,1213,1505,0.1388
287,1221,1508,0.1388
284,1220,1504,0.1388
287,1228,1515,0.1388
281,1225,1506,0.1388
282,1229,1511,0.1388
278,1225,1503,0.1388
270,1206,1476,0.1388
271,1223,1494,0.1388
273,1233,1506,0.1388
278,1239,1517,0.1388
280,1241,1521,0.1388
284,1240,1524,0.1388
279,1242,1521,0.1388
279,1242,1521,0.1388
276,1249,1525,0.1388
273,1253,1526,0.1388
274,1247,1521,0.1388
270,1249,1519,0.1388
272,1236,1508,0.1388
269,1227,1496,0.1388
271,1228,1499,0.1388
263,1232,1495,0.1388
266,1225,1491,0.1388
274,1223,1497,0.1388
269,1237,1506,0.1388
275,1231,1506,0.1388
270,1234,1504,0.1388
272,1235,1507,0.1388
269,1248,1517,0.1388
268,1244,1512,0.1388
267,1244,1511,0.1388
261,1252,1513,0.1388
262,1250,1512,0.1388
267,1252,1519,0.1388
270,1246,1516,0.1388
264,1234,1498,0.1388
262,1236,1498,0.1388
261,1244,1505,0.1388
265,1252,1517,0.1388
267,1256,1523,0.1388
271,1258,1529,0.1388
273,1240,1513,0.1388
270,1242,1512,0.1388
270,1250,1520,0.1388
266,1249,1515,0.1388
267,1243,1510,0.1388
266,1240,1506,0.1388
264,1247,1511,0.1388
265,1243,1508,0.1388
269,1239,1508,0.1388
272,1227,1499,0.1388
272,1218,1490,0.1388
278,1224,1502,0.1388
281,1227,1508,0.1388
290,1220,1510,0.1388
278,1226,1504,0.1388
272,1227,1499,0.1388
281,1222,1503,0.1388
281,1243,1524,0.1388
279,1230,1509,0.1388
277,1238,1515,0.1388
271,1244,1515,0.1388
265,1247,1512,0.1388
265,1244,1509,0.1388
264,1247,1511,0.1388
264,1257,1521,0.1388
263,1249,1512,0.1388
262,1245,1507,0.1388
264,1250,1514,0.1388
262,1252,1514,0.1388
261,1253,1514,0.1388
254,1253,1507,0.1388
257,1260,1517,0.1388
253,1250,1503,0.1388
254,1257,1511,0.1388
256,1253,1509,0.1388
256,1246,1502,0.1388
260,1247,1507,0.1388
251,1267,1518,0.1388
251,1246,1497,0.1388
246,1244,1490,0.1388
251,1243,1494,0.1388
248,1254,1502,0.1388
247,1259,1506,0.1388
250,1250,1500,0.1388
244,1266,1510,0.1388
245,1267,1512,0.1388
242,1265,1507,0.1388
242,1271,1513,0.1388
234,1275,1509,0.1388
235,1258,1493,0.1388
232,1267,1499,0.1388
233,1265,1498,0.1388
233,1273,1506,0.1388
238,1270,1508,0.1388
240,1279,1519,0.1388
241,1280,1521,0.1388
241,1281,1522,0.1388
241,1284,1525,0.1388
242,1278,1520,0.1388
237,1277,1514,0.1388
237,1283,1520,0.1388
236,1278,1514,0.1388
236,1285,1521,0.1388
230,1290,1520,0.1388
236,1285,1521,0.1388
234,1283,1517,0.1388
235,1278,1513,0.1388
232,1275,1507,0.1388
228,1275,1503,0.1388
231,1277,1508,0.1388
226,1288,1514,0.1388
228,1292,1520,0.1388
232,1282,1514,0.1388
233,1277,1510,0.1388
231,1273,1504,0.1388
224,1281,1505,0.1388
226,1284,1510,0.1388
232,1283,1515,0.1388
233,1281,1514,0.1388
229,1270,1499,0.1388
225,1278,1503,0.1388
222,1269,1491,0.1388
225,1281,1506,0.1388
225,1283,1508,0.1388
223,1301,1524,0.1388
217,1295,1512,0.1388
226,1280,1506,0.1388
225,1287,1512,0.1388
223,1279,1502,0.1388
221,1292,1513,0.1388
223,1288,1511,0.1388
219,1286,1505,0.1388
223,1290,1513,0.1388
225,1298,1523,0.1388
224,1307,1531,0.1388
224,1308,1532,0.1388
224,1286,1510,0.1388
222,1284,1506,0.1388
214,1301,1515,0.1388
215,1294,1509,0.1388
221,1294,1515,0.1388
222,1288,1510,0.1388
221,1296,1517,0.1388
218,1300,1518,0.1388
212,1298,1510,0.1388
210,1298,1508,0.1388
209,1294,1503,0.1388
214,1296,1510,0.1388
217,1309,1526,0.1388
214,1311,1525,0.1388
217,1300,1517,0.1388
219,1288,1507,0.1388
219,1302,1521,0.1388
224,1321,1545,0.1388
221,1313,1534,0.1388
218,1321,1539,0.1388
212,1302,1514,0.1388
210,1305,1515,0.1388
204,1300,1504,0.1388
202,1300,1502,0.1388
208,1302,1510,0.1388
211,1307,1518,0.1388
206,1299,1505,0.1388
207,1313,1520,0.1388
209,1319,1528,0.1388
207,1327,1534,0.1388
209,1328,1537,0.1388
207,1320,1527,0.1388
202,1303,1505,0.1388
206,1305,1511,0.1388
206,1306,1512,0.1388
204,1308,1512,0.1388
208,1305,1513,0.1388
207,1308,1515,0.1388
205,1321,1526,0.1388
205,1318,1523,0.1388
209,1314,1523,0.1388
205,1319,1524,0.1388
207,1328,1535,0.1388
203,1319,1522,0.1388
203,1319,1522,0.1388
195,1318,1513,0.1388
194,1323,1517,0.1388
193,1316,1509,0.1388
195,1323,1518,0.1388
201,1327,1528,0.1388
197,1321,1518,0.1388
197,1324,1521,0.1388
201,1324,1525,0.1388
199,1330,1529,0.1388
199,1322,1521,0.1388
197,1317,1514,0.1388
191,1327,1518,0.1388
192,1325,1517,0.1388
192,1314,1506,0.1388
192,1313,1505,0.1388
190,1321,1511,0.1388
190,1315,1505,0.1388
190,1316,1506,0.1388
190,1311,1501,0.1388
189,1317,1506,0.1388
187,1327,1514,0.1388
184,1331,1515,0.1388
178,1328,1506,0.1388
181,1313,1494,0.1388
188,1326,1514,0.1388
190,1331,1521,0.1388
192,1327,1519,0.1388
191,1326,1517,0.1388
194,1318,1512,0.1388
194,1323,1517,0.1388
192,1327,1519,0.1388
193,1330,1523,0.1388
195,1326,1521,0.1388
190,1326,1516,0.1388
187,1332,1519,0.1388
187,1327,1514,0.1388
184,1327,1511,0.1388
181,1330,1511,0.1388
181,1343,1524,0.1388
179,1344,1523,0.1388
178,1346,1524,0.1388
178,1347,1525,0.1388
179,1347,1526,0.1388
169,1337,1506,0.1388
166,1335,1501,0.1388
167,1341,1508,0.1388
166,1356,1522,0.1388
167,1354,1521,0.1388
167,1352,1519,0.1388
162,1360,1522,0.1388
162,1354,1516,0.1388
164,1341,1505,0.1388
164,1338,1502,0.1388
163,1348,1511,0.1388
161,1347,1508,0.1388
162,1353,1515,0.1388
159,1357,1516,0.1388
155,1367,1522,0.1388
154,1352,1506,0.1388
156,1375,1531,0.1388
156,1370,1526,0.1388
159,1374,1533,0.1388
156,1362,1518,0.1388
156,1355,1511,0.1388
158,1361,1519,0.1388
155,1352,1507,0.1388
158,1352,1510,0.1388
157,1356,1513,0.1388
158,1354,1512,0.1388
159,1356,1515,0.1388
163,1353,1516,0.1388
162,1346,1508,0.1388
158,1351,1509,0.1388
161,1350,1511,0.1388
160,1358,1518,0.1388
162,1355,1517,0.1388
162,1350,1512,0.1388
158,1355,1513,0.1388
161,1353,1514,0.1388
163,1348,1511,0.1388
163,1346,1509,0.1388
162,1347,1509,0.1388
159,1351,1510,0.1388
157,1368,1525,0.1388
165,1374,1539,0.1388
169,1362,1531,0.1388
171,1357,1528,0.1388
169,1349,1518,0.1388
171,1361,1532,0.1388
173,1350,1523,0.1388
172,1354,1526,0.1388
168,1363,1531,0.1388
167,1361,1528,0.1388
160,1353,1513,0.1388
159,1346,1505,0.1388
162,1342,1504,0.1388
167,1333,1500,0.1388
168,1328,1496,0.1388
169,1339,1508,0.1388
165,1347,1512,0.1388
163,1343,1506,0.1388
163,1342,1505,0.1388
160,1339,1499,0.1388
163,1337,1500,0.1388
157,1343,1500,0.1388
158,1351,1509,0.1388
155,1349,1504,0.1388
156,1358,1514,0.1388
158,1366,1524,0.1388
160,1358,1518,0.1388
157,1366,1523,0.1388
155,1358,1513,0.1388
153,1354,1507,0.1388
151,1360,1511,0.1388
158,1362,1520,0.1388
162,1358,1520,0.1388
162,1348,1510,0.1388
161,1352,1513,0.1388
157,1351,1508,0.1388
160,1348,1508,0.1388
155,1350,1505,0.1388
161,1351,1512,0.1388
162,1349,1511,0.1388
162,1346,1508,0.1388
158,1364,1522,0.1388
157,1362,1519,0.1388
156,1353,1509,0.1388
156,1358,1514,0.1388
152,1369,1521,0.1388
154,1357,1511,0.1388
157,1354,1511,0.1388
156,1359,1515,0.1388
155,1363,1518,0.1388
153,1354,1507,0.1388
156,1354,1510,0.1388
157,1355,1512,0.1388
156,1352,1508,0.1388
155,1344,1499,0.1388
158,1351,1509,0.1388
160,1355,1515,0.1388
158,1352,1510,0.1388
158,1359,1517,0.1388
158,1354,1512,0.1388
160,1363,1523,0.1388
159,1341,1500,0.1388
158,1352,1510,0.1388
162,1353,1515,0.1388
156,1356,1512,0.1388
158,1358,1516,0.1388
155,1342,1497,0.1388
153,1347,1500,0.1388
150,1353,1503,0.1388
144,1353,1497,0.1388
148,1363,1511,0.1388
148,1365,1513,0.1388
146,1353,1499,0.1388
137,1368,1505,0.1388
139,1366,1505,0.1388
142,1366,1508,0.1388
144,1361,1505,0.1388
141,1350,1491,0.1388
144,1358,1502,0.1388
144,1359,1503,0.1388
145,1370,1515,0.1388
145,1381,1526,0.1388
144,1371,1515,0.1388
143,1376,1519,0.1388
144,1366,1510,0.1388
145,1356,1501,0.1388
140,1360,1500,0.1388
142,1356,1498,0.1388
142,1359,1501,0.1388
141,1355,1496,0.1388
143,1357,1500,0.1388
142,1377,1519,0.1388
143,1376,1519,0.1388
143,1363,1506,0.1388
142,1367,1509,0.1388
139,1375,1514,0.1388
142,1379,1521,0.1388
143,1380,1523,0.1388
144,1376,1520,0.1388
144,1379,1523,0.1388
145,1379,1524,0.1388
138,1389,1527,0.1388
129,1389,1518,0.1388
130,1383,1513,0.1388
125,1386,1511,0.1388
120,1393,1513,0.1388
116,1392,1508,0.1388
118,1396,1514,0.1388
119,1395,1514,0.1388
118,1395,1513,0.1388
116,1389,1505,0.1388
117,1394,1511,0.1388
118,1388,1506,0.1388
120,1382,1502,0.1388
125,1384,1509,0.1388
127,1384,1511,0.1388
125,1387,1512,0.1388
124,1391,1515,0.1388
123,1399,1522,0.1388
122,1399,1521,0.1388
119,1400,1519,0.1388
119,1385,1504,0.1388
118,1382,1500,0.1388
118,1380,1498,0.1388
116,1385,1501,0.1388
117,1391,1508,0.1388
116,1399,1515,0.1388
114,1400,1514,0.1388
110,1396,1506,0.1388
112,1400,1512,0.1388
109,1402,1511,0.1388
105,1392,1497,0.1388
104,1393,1497,0.1388
107,1405,1512,0.1388
103,1410,1513,0.1388
105,1413,1518,0.1388
103,1424,1527,0.1388
103,1410,1513,0.1388
104,1416,1520,0.1388
105,1412,1517,0.1388
109,1397,1506,0.1388
111,1394,1505,0.1388
111,1399,1510,0.1388
112,1404,1516,0.1388
109,1418,1527,0.1388
109,1412,1521,0.1388
108,1408,1516,0.1388
106,1415,1521,0.1388
105,1415,1520,0.1388
103,1416,1519,0.1388
100,1429,1529,0.1388
102,1424,1526,0.1388
99,1427,1526,0.1388
101,1431,1532,0.1388
99,1420,1519,0.1388
98,1424,1522,0.1388
99,1420,1519,0.1388
100,1429,1529,0.1388
95,1416,1511,0.1388
95,1411,1506,0.1388
93,1418,1511,0.1388
99,1415,1514,0.1388
99,1417,1516,0.1388
98,1417,1515,0.1388
95,1411,1506,0.1388
94,1418,1512,0.1388
90,1425,1515,0.1388
93,1421,1514,0.1388
90,1423,1513,0.1388
90,1424,1514,0.1388
91,1417,1508,0.1388
93,1436,1529,0.1388
91,1440,1531,0.1388
87,1433,1520,0.1388
87,1415,1502,0.1388
90,1422,1512,0.1388
88,1434,1522,0.1388
88,1425,1513,0.1388
85,1432,1517,0.1388
87,1423,1510,0.1388
86,1435,1521,0.1388
86,1421,1507,0.1388
86,1432,1518,0.1388
86,1432,1518,0.1388
89,1430,1519,0.1388
88,1425,1513,0.1388
84,1433,1517,0.1388
85,1427,1512,0.1388
88,1427,1515,0.1388
84,1430,1514,0.1388
87,1420,1507,0.1388
90,1418,1508,0.1388
85,1426,1511,0.1388
86,1418,1504,0.1388
88,1413,1501,0.1388
86,1409,1495,0.1388
86,1418,1504,0.1388
88,1421,1509,0.1388
87,1415,1502,0.1388
85,1404,1489,0.1388
87,1419,1506,0.1388
83,1418,1501,0.1388
86,1406,1492,0.1388
86,1424,1510,0.1388
87,1427,1514,0.1388
85,1428,1513,0.1388
84,1427,1511,0.1388
81,1409,1490,0.1388
83,1425,1508,0.1388
88,1426,1514,0.1388
88,1423,1511,0.1388
89,1429,1518,0.1388
89,1428,1517,0.1388
85,1440,1525,0.1388
86,1452,1538,0.1388
82,1447,1529,0.1388
79,1438,1517,0.1388
82,1435,1517,0.1388
83,1435,1518,0.1388
84,1430,1514,0.1388
85,1426,1511,0.1388
86,1424,1510,0.1388
81,1442,1523,0.1388
81,1430,1511,0.1388
80,1440,1520,0.1388
79,1448,1527,0.1388
75,1440,1515,0.1388
76,1439,1515,0.1388
73,1444,1517,0.1388
70,1445,1515,0.1388
74,1446,1520,0.1388
72,1451,1523,0.1388
71,1451,1522,0.1388
70,1461,1531,0.1388
67,1441,1508,0.1388
68,1443,1511,0.1388
70,1435,1505,0.1388
68,1410,1478,0.1388
68,1427,1495,0.1388
71,1440,1511,0.1388
71,1440,1511,0.1388
72,1443,1515,0.1388
69,1446,1515,0.1388
70,1436,1506,0.1388
69,1453,1522,0.1388
72,1455,1527,0.1388
71,1457,1528,0.1388
70,1454,1524,0.1388
70,1449,1519,0.1388
72,1445,1517,0.1388
70,1441,1511,0.1388
72,1458,1530,0.1388
74,1453,1527,0.1388
73,1447,1520,0.1388
72,1449,1521,0.1388
66,1457,1523,0.1388
67,1461,1528,0.1388
67,1445,1512,0.1388
66,1446,1512,0.1388
65,1449,1514,0.1388
66,1456,1522,0.1388
63,1462,1525,0.1388
62,1467,1529,0.1388
64,1451,1515,0.1388
65,1446,1511,0.1388
65,1460,1525,0.1388
63,1441,1504,0.1388
63,1442,1505,0.1388
59,1437,1496,0.1388
57,1439,1496,0.1388
58,1450,1508,0.1388
59,1454,1513,0.1388
59,1450,1509,0.1388
56,1460,1516,0.1388
57,1461,1518,0.1388
57,1455,1512,0.1388
59,1465,1524,0.1388
59,1459,1518,0.1388
58,1464,1522,0.1388
57,1460,1517,0.1388
55,1459,1514,0.1388
54,1451,1505,0.1388
54,1461,1515,0.1388
52,1459,1511,0.1388
52,1465,1517,0.1388
50,1464,1514,0.1388
49,1453,1502,0.1388
48,1468,1516,0.1388
45,1471,1516,0.1388
46,1458,1504,0.1388
44,1478,1522,0.1388
46,1482,1528,0.1388
45,1468,1513,0.1388
45,1470,1515,0.1388
43,1470,1513,0.1388
42,1474,1516,0.1388
44,1476,1520,0.1388
44,1476,1520,0.1388
39,1470,1509,0.1388
41,1484,1525,0.1388
40,1485,1525,0.1388
41,1460,1501,0.1388
41,1472,1513,0.1388
40,1480,1520,0.1388
40,1486,1526,0.1388
41,1473,1514,0.1388
41,1472,1513,0.1388
40,1482,1522,0.1388
38,1469,1507,0.1388
39,1466,1505,0.1388
40,1467,1507,0.1388
39,1473,1512,0.1388
37,1475,1512,0.1388
35,1474,1509,0.1388
35,1483,1518,0.1388
37,1479,1516,0.1388
35,1484,1519,0.1388
36,1478,1514,0.1388
36,1468,1504,0.1388
37,1480,1517,0.1388
37,1479,1516,0.1388
36,1486,1522,0.1388
36,1480,1516,0.1388
36,1472,1508,0.1388
37,1461,1498,0.1388
40,1467,1507,0.1388
38,1478,1516,0.1388
37,1470,1507,0.1388
36,1464,1500,0.1388
36,1461,1497,0.1388
39,1470,1509,0.1388
39,1470,1509,0.1388
38,1492,1530,0.1388
39,1487,1526,0.1388
38,1482,1520,0.1388
38,1477,1515,0.1388
37,1465,1502,0.1388
39,1478,1517,0.1388
39,1482,1521,0.1388
36,1484,1520,0.1388
32,1484,1516,0.1388
32,1498,1530,0.1388
33,1495,1528,0.1388
33,1501,1534,0.1388
30,1498,1528,0.1388
31,1498,1529,0.1388
31,1509,1540,0.1388
30,1493,1523,0.1388
30,1483,1513,0.1388
31,1483,1514,0.1388
30,1484,1514,0.1388
30,1471,1501,0.1388
29,1481,1510,0.1388
29,1490,1519,0.1388
32,1497,1529,0.1388
33,1497,1530,0.1388
31,1479,1510,0.1388
30,1494,1524,0.1388
30,1492,1522,0.1388
28,1491,1519,0.1388
27,1485,1512,0.1388
27,1481,1508,0.1388
26,1479,1505,0.1388
26,1472,1498,0.1388
25,1482,1507,0.1388
25,1484,1509,0.1388
25,1486,1511,0.1388
25,1485,1510,0.1388
22,1502,1524,0.1388
20,1494,1514,0.1388
20,1482,1502,0.1388
20,1480,1500,0.1388
19,1483,1502,0.1388
18,1495,1513,0.1388
18,1516,1534,0.1388
17,1508,1525,0.1388
17,1497,1514,0.1388
16,1492,1508,0.1388
16,1501,1517,0.1388
17,1493,1510,0.1388
17,1497,1514,0.1388
18,1510,1528,0.1388
18,1504,1522,0.1388
18,1502,1520,0.1388
18,1501,1519,0.1388
18,1488,1506,0.1388
16,1502,1518,0.1388
15,1508,1523,0.1388
15,1504,1519,0.1388
14,1504,1518,0.1388
14,1501,1515,0.1388
14,1503,1517,0.1388
14,1505,1519,0.1388
13,1503,1516,0.1388
14,1508,1522,0.1388
13,1516,1529,0.1388
13,1503,1516,0.1388
12,1499,1511,0.1388
12,1502,1514,0.1388
12,1507,1519,0.1388
13,1517,1530,0.1388
13,1515,1528,0.1388
12,1512,1524,0.1388
11,1511,1522,0.1388
11,1517,1528,0.1388
11,1523,1534,0.1388
11,1518,1529,0.1388
10,1507,1517,0.1388
10,1510,1520,0.1388
9,1511,1520,0.1388
6,1511,1517,0.1388
6,1511,1517,0.1388
5,1517,1522,0.1388
5,1506,1511,0.1388
5,1514,1519,0.1388
5,1528,1533,0.1388
5,1527,1532,0.1388
5,1520,1525,0.1388
5,1511,1516,0.1388
5,1507,1512,0.1388
5,1519,1524,0.1388
5,1510,1515,0.1388
4,1491,1495,0.1388
4,1501,1505,0.1388
4,1482,1486,0.1388
5,1487,1492,0.1388
4,1505,1509,0.1388
4,1514,1518,0.1388
4,1516,1520,0.1388
3,1524,1527,0.1388
4,1519,1523,0.1388
4,1523,1527,0.1388
4,1518,1522,0.1388
4,1526,1530,0.1388
4,1524,1528,0.1388
4,1523,1527,0.1388
4,1512,1516,0.1388
4,1527,1531,0.1388
4,1527,1531,0.1388
4,1515,1519,0.1388
4,1505,1509,0.1388
4,1503,1507,0.1388
4,1517,1521,0.1388
4,1510,1514,0.1388
4,1516,1520,0.1388
4,1511,1515,0.1388
4,1512,1516,0.1388
3,1499,1502,0.1388
3,1506,1509,0.1388
3,1515,1518,0.1388
3,1506,1509,0.1388
4,1510,1514,0.1388
4,1508,1512,0.1388
3,1514,1517,0.1388
3,1504,1507,0.1388
3,1505,1508,0.1388
3,1507,1510,0.1388
4,1516,1520,0.1388
4,1501,1505,0.1388
3,1500,1503,0.1388
5,1498,1503,0.1388
5,1492,1497,0.1388
4,1500,1504,0.1388
4,1497,1501,0.1388
5,1506,1511,0.1388
5,1513,1518,0.1388
5,1504,1509,0.1388
5,1510,1515,0.1388
5,1520,1525,0.1388
5,1525,1530,0.1388
5,1533,1538,0.1388
5,1517,1522,0.1388
7,1516,1523,0.1388
7,1511,1518,0.1388
7,1502,1509,0.1388
7,1497,1504,0.1388
7,1493,1500,0.1388
7,1511,1518,0.1388
7,1501,1508,0.1388
7,1509,1516,0.1388
7,1493,1500,0.1388
7,1496,1503,0.1388
7,1499,1506,0.1388
7,1506,1513,0.1388
6,1526,1532,0.1388
6,1519,1525,0.1388
6,1519,1525,0.1388
6,1514,1520,0.1388
6,1514,1520,0.1388
6,1520,1526,0.1388
6,1515,1521,0.1388
5,1514,1519,0.1388
5,1503,1508,0.1388
5,1503,1508,0.1388
5,1508,1513,0.1388
5,1512,1517,0.1388
4,1498,1502,0.1388
5,1500,1505,0.1388
5,1501,1506,0.1388
3,1500,1503,0.1388
4,1501,1505,0.1388
4,1511,1515,0.1388
4,1511,1515,0.1388
4,1512,1516,0.1388
4,1513,1517,0.1388
4,1517,1521,0.1388
4,1524,1528,0.1388
4,1521,1525,0.1388
4,1513,1517,0.1388
4,1503,1507,0.1388
4,1513,1517,0.1388
3,1511,1514,0.1388
3,1509,1512,0.1388
3,1508,1511,0.1388
3,1498,1501,0.1388
3,1512,1515,0.1388
4,1517,1521,0.1388
4,1518,1522,0.1388
3,1514,1517,0.1388
3,1513,1516,0.1388
3,1518,1521,0.1388
3,1522,1525,0.1388
3,1522,1525,0.1388
3,1504,1507,0.1388
3,1514,1517,0.1388
3,1523,1526,0.1388
2,1531,1533,0.1388
2,1523,1525,0.1388
2,1522,1524,0.1388
2,1525,1527,0.1388
2,1532,1534,0.1388
2,1534,1536,0.1388
2,1534,1536,0.1388
2,1524,1526,0.1388
2,1511,1513,0.1388
2,1506,1508,0.1388
2,1516,1518,0.1388
2,1506,1508,0.1388
2,1517,1519,0.1388
1,1504,1505,0.1388
1,1505,1506,0.1388
1,1504,1505,0.1388
1,1509,1510,0.1388
1,1515,1516,0.1388
1,1521,1522,0.1388
1,1524,1525,0.1388
1,1516,1517,0.1388
1,1523,1524,0.1388
1,1526,1527,0.1388
1,1530,1531,0.1388
1,1530,1531,0.1388
1,1520,1521,0.1388
1,1521,1522,0.1388
1,1513,1514,0.1388
1,1513,1514,0.1388
1,1515,1516,0.1388
1,1502,1503,0.1388
1,1518,1519,0.1388
1,1519,1520,0.1388
1,1527,1528,0.1388
1,1521,1522,0.1388
1,1503,1504,0.1388
1,1512,1513,0.1388
0,1524,1524,0.1388
