1377,30,1407,0.1388
1413,30,1443,0.1388
1423,31,1454,0.1388
1441,30,1471,0.1388
1465,33,1498,0.1388
1477,34,1511,0.1388
1479,35,1514,0.1388
1475,35,1510,0.1388
1478,34,1512,0.1388
1472,35,1507,0.1388
1462,39,1501,0.1388
1441,38,1479,0.1388
1436,38,1474,0.1388
1444,39,1483,0.1388
1436,41,1477,0.1388
1446,42,1488,0.1388
1445,43,1488,0.1388
1455,41,1496,0.1388
1451,40,1491,0.1388
1444,41,1485,0.1388
1449,44,1493,0.1388
1453,44,1497,0.1388
1453,44,1497,0.1388
1459,43,1502,0.1388
1463,45,1508,0.1388
1464,44,1508,0.1388
1455,47,1502,0.1388
1447,46,1493,0.1388
1444,51,1495,0.1388
1458,51,1509,0.1388
1451,48,1499,0.1388
1450,48,1498,0.1388
1447,49,1496,0.1388
1448,48,1496,0.1388
1449,50,1499,0.1388
1437,53,1490,0.1388
1440,58,1498,0.1388
1444,58,1502,0.1388
1452,53,1505,0.1388
1455,54,1509,0.1388
1450,50,1500,0.1388
1452,49,1501,0.1388
1445,48,1493,0.1388
1445,50,1495,0.1388
1438,51,1489,0.1388
1444,51,1495,0.1388
1443,52,1495,0.1388
1446,51,1497,0.1388
1445,52,1497,0.1388
1445,53,1498,0.1388
1451,55,1506,0.1388
1446,55,1501,0.1388
1441,56,1497,0.1388
1427,54,1481,0.1388
1427,54,1481,0.1388
1423,55,1478,0.1388
1424,56,1480,0.1388
1436,54,1490,0.1388
1449,55,1504,0.1388
1444,54,1498,0.1388
1442,56,1498,0.1388
1444,55,1499,0.1388
1429,53,1482,0.1388
1440,51,1491,0.1388
1439,51,1490,0.1388
1434,53,1487,0.1388
1433,54,1487,0.1388
1438,54,1492,0.1388
1446,55,1501,0.1388
1436,59,1495,0.1388
1436,61,1497,0.1388
1429,61,1490,0.1388
1413,61,1474,0.1388
1414,61,1475,0.1388
1408,64,1472,0.1388
1415,63,1478,0.1388
1432,62,1494,0.1388
1446,59,1505,0.1388
1443,59,1502,0.1388
1441,57,1498,0.1388
1427,58,1485,0.1388
1423,57,1480,0.1388
1426,58,1484,0.1388
1443,59,1502,0.1388
1437,63,1500,0.1388
1431,62,1493,0.1388
1445,60,1505,0.1388
1441,59,1500,0.1388
1447,58,1505,0.1388
1441,57,1498,0.1388
1442,57,1499,0.1388
1432,57,1489,0.1388
1424,55,1479,0.1388
1430,55,1485,0.1388
1430,56,1486,0.1388
1439,54,1493,0.1388
1438,53,1491,0.1388
1435,52,1487,0.1388
1433,52,1485,0.1388
1449,52,1501,0.1388
1450,53,1503,0.1388
1446,56,1502,0.1388
1435,59,1494,0.1388
1434,57,1491,0.1388
1440,59,1499,0.1388
1440,59,1499,0.1388
1440,56,1496,0.1388
1442,59,1501,0.1388
1427,62,1489,0.1388
1431,64,1495,0.1388
1419,64,1483,0.1388
1420,63,1483,0.1388
1418,61,1479,0.1388
1424,62,1486,0.1388
1437,64,1501,0.1388
1436,66,1502,0.1388
1430,66,1496,0.1388
1436,66,1502,0.1388
1435,61,1496,0.1388
1425,62,1487,0.1388
1430,63,1493,0.1388
1431,64,1495,0.1388
1427,64,1491,0.1388
1446,64,1510,0.1388
1430,65,1495,0.1388
1429,62,1491,0.1388
1430,62,1492,0.1388
1430,64,1494,0.1388
1426,63,1489,0.1388
1425,63,1488,0.1388
1426,65,1491,0.1388
1416,67,1483,0.1388
1419,65,1484,0.1388
1416,70,1486,0.1388
1419,69,1488,0.1388
1409,70,1479,0.1388
1414,76,1490,0.1388
1413,77,1490,0.1388
1411,80,1491,0.1388
1409,79,1488,0.1388
1419,76,1495,0.1388
1412,78,1490,0.1388
1423,79,1502,0.1388
1428,77,1505,0.1388
1423,78,1501,0.1388
1407,78,1485,0.1388
1406,79,1485,0.1388
1409,79,1488,0.1388
1405,79,1484,0.1388
1413,83,1496,0.1388
1407,85,1492,0.1388
1400,88,1488,0.1388
1404,85,1489,0.1388
1411,85,1496,0.1388
1412,91,1503,0.1388
1401,92,1493,0.1388
1387,92,1479,0.1388
1396,93,1489,0.1388
1398,91,1489,0.1388
1403,87,1490,0.1388
1395,88,1483,0.1388
1401,86,1487,0.1388
1405,88,1493,0.1388
1417,92,1509,0.1388
1423,90,1513,0.1388
1408,89,1497,0.1388
1414,87,1501,0.1388
1409,89,1498,0.1388
1409,93,1502,0.1388
1399,93,1492,0.1388
1400,95,1495,0.1388
1400,97,1497,0.1388
1394,103,1497,0.1388
1396,99,1495,0.1388
1390,96,1486,0.1388
1398,97,1495,0.1388
1395,99,1494,0.1388
1400,98,1498,0.1388
1392,100,1492,0.1388
1391,99,1490,0.1388
1388,105,1493,0.1388
1373,103,1476,0.1388
1372,104,1476,0.1388
1368,102,1470,0.1388
1369,106,1475,0.1388
1358,100,1458,0.1388
1374,100,1474,0.1388
1378,98,1476,0.1388
1371,103,1474,0.1388
1384,104,1488,0.1388
1377,103,1480,0.1388
1395,105,1500,0.1388
1389,106,1495,0.1388
1394,104,1498,0.1388
1398,101,1499,0.1388
1396,102,1498,0.1388
1391,104,1495,0.1388
1398,102,1500,0.1388
1408,106,1514,0.1388
1409,107,1516,0.1388
1418,109,1527,0.1388
1393,109,1502,0.1388
1381,112,1493,0.1388
1379,113,1492,0.1388
1368,111,1479,0.1388
1383,113,1496,0.1388
1383,115,1498,0.1388
1378,116,1494,0.1388
1377,113,1490,0.1388
1374,115,1489,0.1388
1383,115,1498,0.1388
1392,115,1507,0.1388
1395,114,1509,0.1388
1393,114,1507,0.1388
1391,120,1511,0.1388
1381,117,1498,0.1388
1386,118,1504,0.1388
1383,122,1505,0.1388
1365,122,1487,0.1388
1367,125,1492,0.1388
1368,124,1492,0.1388
1377,126,1503,0.1388
1385,127,1512,0.1388
1372,126,1498,0.1388
1391,126,1517,0.1388
1375,127,1502,0.1388
1357,128,1485,0.1388
1360,127,1487,0.1388
1367,126,1493,0.1388
1362,132,1494,0.1388
1345,130,1475,0.1388
1362,132,1494,0.1388
1371,131,1502,0.1388
1365,133,1498,0.1388
1357,137,1494,0.1388
1358,139,1497,0.1388
1353,137,1490,0.1388
1356,139,1495,0.1388
1348,142,1490,0.1388
1354,143,1497,0.1388
1349,147,1496,0.1388
1355,145,1500,0.1388
1361,146,1507,0.1388
1358,147,1505,0.1388
1364,144,1508,0.1388
1357,145,1502,0.1388
1367,143,1510,0.1388
1350,147,1497,0.1388
1339,146,1485,0.1388
1340,143,1483,0.1388
1341,139,1480,0.1388
1345,139,1484,0.1388
1346,140,1486,0.1388
1344,139,1483,0.1388
1336,140,1476,0.1388
1332,143,1475,0.1388
1337,142,1479,0.1388
1340,147,1487,0.1388
1342,147,1489,0.1388
1343,146,1489,0.1388
1349,149,1498,0.1388
1351,148,1499,0.1388
1355,147,1502,0.1388
1344,150,1494,0.1388
1341,150,1491,0.1388
1347,152,1499,0.1388
1330,157,1487,0.1388
1338,157,1495,0.1388
1342,158,1500,0.1388
1328,160,1488,0.1388
1332,160,1492,0.1388
1342,161,1503,0.1388
1323,156,1479,0.1388
1297,159,1456,0.1388
1297,166,1463,0.1388
1300,171,1471,0.1388
1308,167,1475,0.1388
1320,171,1491,0.1388
1325,169,1494,0.1388
1323,173,1496,0.1388
1320,169,1489,0.1388
1308,178,1486,0.1388
1309,174,1483,0.1388
1298,172,1470,0.1388
1303,172,1475,0.1388
1301,172,1473,0.1388
1297,171,1468,0.1388
1316,170,1486,0.1388
1338,168,1506,0.1388
1332,167,1499,0.1388
1336,163,1499,0.1388
1329,165,1494,0.1388
1328,168,1496,0.1388
1332,172,1504,0.1388
1309,175,1484,0.1388
1312,180,1492,0.1388
1302,182,1484,0.1388
1313,186,1499,0.1388
1316,183,1499,0.1388
1324,180,1504,0.1388
1325,180,1505,0.1388
1324,182,1506,0.1388
1322,186,1508,0.1388
1335,189,1524,0.1388
1334,192,1526,0.1388
1332,196,1528,0.1388
1314,198,1512,0.1388
1307,197,1504,0.1388
1314,198,1512,0.1388
1317,196,1513,0.1388
1307,194,1501,0.1388
1319,194,1513,0.1388
1309,197,1506,0.1388
1308,195,1503,0.1388
1302,196,1498,0.1388
1301,197,1498,0.1388
1295,201,1496,0.1388
1294,200,1494,0.1388
1299,205,1504,0.1388
1299,201,1500,0.1388
1303,208,1511,0.1388
1299,207,1506,0.1388
1291,201,1492,0.1388
1301,203,1504,0.1388
1303,201,1504,0.1388
1296,203,1499,0.1388
1302,205,1507,0.1388
1290,205,1495,0.1388
1287,205,1492,0.1388
1283,206,1489,0.1388
1293,210,1503,0.1388
1291,209,1500,0.1388
1286,215,1501,0.1388
1279,213,1492,0.1388
1272,212,1484,0.1388
1284,216,1500,0.1388
1287,214,1501,0.1388
1290,208,1498,0.1388
1275,208,1483,0.1388
1288,206,1494,0.1388
1294,209,1503,0.1388
1278,209,1487,0.1388
1269,207,1476,0.1388
1276,211,1487,0.1388
1277,210,1487,0.1388
1286,210,1496,0.1388
1291,213,1504,0.1388
1296,217,1513,0.1388
1279,217,1496,0.1388
1288,219,1507,0.1388
1285,225,1510,0.1388
1288,221,1509,0.1388
1285,216,1501,0.1388
1295,223,1518,0.1388
1288,223,1511,0.1388
1287,222,1509,0.1388
1269,224,1493,0.1388
1249,216,1465,0.1388
1268,218,1486,0.1388
1269,218,1487,0.1388
1280,220,1500,0.1388
1279,219,1498,0.1388
1274,223,1497,0.1388
1283,219,1502,0.1388
1283,226,1509,0.1388
1278,229,1507,0.1388
1271,230,1501,0.1388
1275,228,1503,0.1388
1270,232,1502,0.1388
1276,226,1502,0.1388
1264,221,1485,0.1388
1268,219,1487,0.1388
1257,217,1474,0.1388
1261,221,1482,0.1388
1279,220,1499,0.1388
1278,224,1502,0.1388
1278,221,1499,0.1388
1275,219,1494,0.1388
1280,219,1499,0.1388
1265,215,1480,0.1388
1258,223,1481,0.1388
1266,224,1490,0.1388
1263,226,1489,0.1388
1256,226,1482,0.1388
1262,232,1494,0.1388
1252,236,1488,0.1388
1265,232,1497,0.1388
1261,233,1494,0.1388
1263,228,1491,0.1388
1269,230,1499,0.1388
1278,230,1508,0.1388
1277,231,1508,0.1388
1270,231,1501,0.1388
1258,229,1487,0.1388
1267,223,1490,0.1388
1261,226,1487,0.1388
1256,227,1483,0.1388
1255,226,1481,0.1388
1266,231,1497,0.1388
1270,233,1503,0.1388
1266,234,1500,0.1388
1260,226,1486,0.1388
1263,231,1494,0.1388
1276,234,1510,0.1388
1259,230,1489,0.1388
1262,233,1495,0.1388
1269,233,1502,0.1388
1269,232,1501,0.1388
1272,231,1503,0.1388
1264,231,1495,0.1388
1256,240,1496,0.1388
1248,242,1490,0.1388
1245,240,1485,0.1388
1241,244,1485,0.1388
1238,249,1487,0.1388
1245,244,1489,0.1388
1247,252,1499,0.1388
1255,250,1505,0.1388
1265,245,1510,0.1388
1282,242,1524,0.1388
1278,239,1517,0.1388
1257,237,1494,0.1388
1252,235,1487,0.1388
1263,236,1499,0.1388
1261,233,1494,0.1388
1258,235,1493,0.1388
1259,235,1494,0.1388
1257,238,1495,0.1388
1252,239,1491,0.1388
1250,238,1488,0.1388
1245,233,1478,0.1388
1234,236,1470,0.1388
1250,243,1493,0.1388
1252,240,1492,0.1388
1259,239,1498,0.1388
1251,232,1483,0.1388
1253,236,1489,0.1388
1255,238,1493,0.1388
1255,241,1496,0.1388
1246,245,1491,0.1388
1250,247,1497,0.1388
1241,245,1486,0.1388
1235,246,1481,0.1388
1230,248,1478,0.1388
1238,246,1484,0.1388
1247,243,1490,0.1388
1244,240,1484,0.1388
1231,250,1481,0.1388
1246,251,1497,0.1388
1236,249,1485,0.1388
1246,249,1495,0.1388
1241,248,1489,0.1388
1240,245,1485,0.1388
1254,248,1502,0.1388
1256,246,1502,0.1388
1241,242,1483,0.1388
1241,245,1486,0.1388
1250,246,1496,0.1388
1243,253,1496,0.1388
1247,257,1504,0.1388
1236,255,1491,0.1388
1235,253,1488,0.1388
1247,248,1495,0.1388
1253,250,1503,0.1388
1254,259,1513,0.1388
1245,255,1500,0.1388
1235,259,1494,0.1388
1236,263,1499,0.1388
1234,262,1496,0.1388
1234,262,1496,0.1388
1250,258,1508,0.1388
1251,256,1507,0.1388
1249,258,1507,0.1388
1240,261,1501,0.1388
1229,260,1489,0.1388
1237,259,1496,0.1388
1231,259,1490,0.1388
1238,259,1497,0.1388
1228,264,1492,0.1388
1219,272,1491,0.1388
1202,272,1474,0.1388
1200,275,1475,0.1388
1204,270,1474,0.1388
1209,269,1478,0.1388
1204,267,1471,0.1388
1199,274,1473,0.1388
1196,277,1473,0.1388
1204,284,1488,0.1388
1211,283,1494,0.1388
1217,276,1493,0.1388
1210,284,1494,0.1388
1213,291,1504,0.1388
1211,291,1502,0.1388
1195,288,1483,0.1388
1206,293,1499,0.1388
1211,297,1508,0.1388
1211,302,1513,0.1388
1209,297,1506,0.1388
1202,308,1510,0.1388
1199,310,1509,0.1388
1190,312,1502,0.1388
1193,307,1500,0.1388
1200,306,1506,0.1388
1188,308,1496,0.1388
1184,316,1500,0.1388
1179,317,1496,0.1388
1179,319,1498,0.1388
1183,327,1510,0.1388
1184,321,1505,0.1388
1182,321,1503,0.1388
1179,322,1501,0.1388
1187,325,1512,0.1388
1175,326,1501,0.1388
1178,321,1499,0.1388
1180,321,1501,0.1388
1171,323,1494,0.1388
1168,322,1490,0.1388
1158,317,1475,0.1388
1168,323,1491,0.1388
1166,327,1493,0.1388
1171,330,1501,0.1388
1169,330,1499,0.1388
1171,337,1508,0.1388
1175,337,1512,0.1388
1164,339,1503,0.1388
1157,330,1487,0.1388
1152,338,1490,0.1388
1153,336,1489,0.1388
1140,341,1481,0.1388
1151,340,1491,0.1388
1148,343,1491,0.1388
1149,344,1493,0.1388
1157,344,1501,0.1388
1159,346,1505,0.1388
1164,344,1508,0.1388
1156,342,1498,0.1388
1149,344,1493,0.1388
1139,350,1489,0.1388
1152,346,1498,0.1388
1153,342,1495,0.1388
1153,347,1500,0.1388
1148,348,1496,0.1388
1146,345,1491,0.1388
1144,350,1494,0.1388
1139,349,1488,0.1388
1140,343,1483,0.1388
1136,346,1482,0.1388
1133,354,1487,0.1388
1142,360,1502,0.1388
1147,360,1507,0.1388
1139,360,1499,0.1388
1127,362,1489,0.1388
1132,362,1494,0.1388
1124,368,1492,0.1388
1138,369,1507,0.1388
1132,366,1498,0.1388
1134,362,1496,0.1388
1138,363,1501,0.1388
1141,362,1503,0.1388
1151,364,1515,0.1388
1140,375,1515,0.1388
1134,369,1503,0.1388
1134,364,1498,0.1388
1137,366,1503,0.1388
1129,369,1498,0.1388
1123,372,1495,0.1388
1120,378,1498,0.1388
1115,376,1491,0.1388
1116,374,1490,0.1388
1115,374,1489,0.1388
1120,378,1498,0.1388
1136,384,1520,0.1388
1124,385,1509,0.1388
1121,388,1509,0.1388
1119,386,1505,0.1388
1116,389,1505,0.1388
1113,381,1494,0.1388
1105,373,1478,0.1388
1118,382,1500,0.1388
1118,384,1502,0.1388
1125,376,1501,0.1388
1122,368,1490,0.1388
1117,373,1490,0.1388
1124,378,1502,0.1388
1120,378,1498,0.1388
1124,384,1508,0.1388
1127,382,1509,0.1388
1128,377,1505,0.1388
1132,378,1510,0.1388
1123,382,1505,0.1388
1133,383,1516,0.1388
1140,382,1522,0.1388
1136,387,1523,0.1388
1131,381,1512,0.1388
1136,379,1515,0.1388
1130,380,1510,0.1388
1125,380,1505,0.1388
1111,378,1489,0.1388
1113,379,1492,0.1388
1115,381,1496,0.1388
1110,381,1491,0.1388
1113,379,1492,0.1388
1112,384,1496,0.1388
1107,385,1492,0.1388
1096,388,1484,0.1388
1090,388,1478,0.1388
1086,386,1472,0.1388
1094,386,1480,0.1388
1108,399,1507,0.1388
1117,402,1519,0.1388
1118,405,1523,0.1388
1117,399,1516,0.1388
1113,403,1516,0.1388
1115,400,1515,0.1388
1094,405,1499,0.1388
1101,405,1506,0.1388
1107,406,1513,0.1388
1104,407,1511,0.1388
1096,404,1500,0.1388
1095,413,1508,0.1388
1094,420,1514,0.1388
1100,415,1515,0.1388
1092,421,1513,0.1388
1081,423,1504,0.1388
1069,432,1501,0.1388
1064,433,1497,0.1388
1055,439,1494,0.1388
1066,448,1514,0.1388
1058,450,1508,0.1388
1063,453,1516,0.1388
1064,450,1514,0.1388
1043,452,1495,0.1388
1045,452,1497,0.1388
1056,452,1508,0.1388
1045,459,1504,0.1388
1045,463,1508,0.1388
1040,455,1495,0.1388
1043,454,1497,0.1388
1039,462,1501,0.1388
1036,462,1498,0.1388
1033,458,1491,0.1388
1042,463,1505,0.1388
1039,458,1497,0.1388
1039,455,1494,0.1388
1032,454,1486,0.1388
1037,456,1493,0.1388
1042,461,1503,0.1388
1044,457,1501,0.1388
1048,463,1511,0.1388
1049,462,1511,0.1388
1032,464,1496,0.1388
1034,464,1498,0.1388
1034,457,1491,0.1388
1044,460,1504,0.1388
1038,464,1502,0.1388
1034,462,1496,0.1388
1031,459,1490,0.1388
1032,457,1489,0.1388
1028,459,1487,0.1388
1032,462,1494,0.1388
1043,465,1508,0.1388
1024,466,1490,0.1388
1032,464,1496,0.1388
1030,469,1499,0.1388
1042,470,1512,0.1388
1035,467,1502,0.1388
1046,466,1512,0.1388
1052,460,1512,0.1388
1050,471,1521,0.1388
1037,473,1510,0.1388
1029,485,1514,0.1388
1027,478,1505,0.1388
1032,483,1515,0.1388
1033,479,1512,0.1388
1020,469,1489,0.1388
1015,478,1493,0.1388
1015,476,1491,0.1388
1012,480,1492,0.1388
1009,478,1487,0.1388
1011,482,1493,0.1388
1023,478,1501,0.1388
1023,483,1506,0.1388
1026,480,1506,0.1388
1026,486,1512,0.1388
1029,486,1515,0.1388
1031,482,1513,0.1388
1010,485,1495,0.1388
1016,492,1508,0.1388
1007,481,1488,0.1388
1001,481,1482,0.1388
1013,492,1505,0.1388
1012,483,1495,0.1388
1015,482,1497,0.1388
1011,485,1496,0.1388
1009,483,1492,0.1388
1007,489,1496,0.1388
1002,489,1491,0.1388
1009,492,1501,0.1388
1009,487,1496,0.1388
1002,488,1490,0.1388
1010,489,1499,0.1388
1015,487,1502,0.1388
1005,493,1498,0.1388
1000,492,1492,0.1388
1009,485,1494,0.1388
1007,496,1503,0.1388
1013,491,1504,0.1388
1010,487,1497,0.1388
1014,481,1495,0.1388
1005,481,1486,0.1388
999,485,1484,0.1388
1003,493,1496,0.1388
1004,494,1498,0.1388
1012,485,1497,0.1388
1005,479,1484,0.1388
1014,485,1499,0.1388
1020,489,1509,0.1388
1010,491,1501,0.1388
1013,485,1498,0.1388
1012,490,1502,0.1388
1014,498,1512,0.1388
1005,499,1504,0.1388
1006,498,1504,0.1388
994,503,1497,0.1388
989,505,1494,0.1388
982,505,1487,0.1388
972,507,1479,0.1388
979,513,1492,0.1388
977,511,1488,0.1388
983,516,1499,0.1388
982,521,1503,0.1388
991,523,1514,0.1388
987,524,1511,0.1388
984,526,1510,0.1388
971,517,1488,0.1388
975,527,1502,0.1388
970,526,1496,0.1388
975,526,1501,0.1388
978,526,1504,0.1388
976,526,1502,0.1388
964,536,1500,0.1388
973,537,1510,0.1388
975,533,1508,0.1388
970,541,1511,0.1388
967,545,1512,0.1388
966,545,1511,0.1388
959,536,1495,0.1388
971,526,1497,0.1388
969,536,1505,0.1388
975,535,1510,0.1388
973,531,1504,0.1388
982,534,1516,0.1388
976,532,1508,0.1388
964,531,1495,0.1388
975,528,1503,0.1388
969,526,1495,0.1388
971,516,1487,0.1388
958,517,1475,0.1388
961,523,1484,0.1388
955,519,1474,0.1388
955,530,1485,0.1388
956,531,1487,0.1388
962,540,1502,0.1388
964,544,1508,0.1388
971,543,1514,0.1388
979,539,1518,0.1388
977,544,1521,0.1388
976,545,1521,0.1388
979,532,1511,0.1388
966,534,1500,0.1388
959,542,1501,0.1388
963,543,1506,0.1388
963,543,1506,0.1388
970,547,1517,0.1388
967,545,1512,0.1388
960,545,1505,0.1388
960,544,1504,0.1388
961,553,1514,0.1388
967,545,1512,0.1388
953,542,1495,0.1388
947,543,1490,0.1388
949,528,1477,0.1388
951,522,1473,0.1388
950,533,1483,0.1388
955,533,1488,0.1388
955,546,1501,0.1388
958,547,1505,0.1388
952,546,1498,0.1388
946,541,1487,0.1388
954,550,1504,0.1388
951,546,1497,0.1388
950,547,1497,0.1388
957,544,1501,0.1388
954,542,1496,0.1388
941,550,1491,0.1388
942,558,1500,0.1388
933,561,1494,0.1388
926,566,1492,0.1388
931,573,1504,0.1388
929,568,1497,0.1388
937,570,1507,0.1388
932,569,1501,0.1388
921,579,1500,0.1388
923,574,1497,0.1388
932,575,1507,0.1388
934,568,1502,0.1388
926,566,1492,0.1388
934,567,1501,0.1388
933,564,1497,0.1388
942,572,1514,0.1388
941,570,1511,0.1388
942,566,1508,0.1388
939,574,1513,0.1388
941,575,1516,0.1388
934,572,1506,0.1388
932,575,1507,0.1388
941,575,1516,0.1388
939,576,1515,0.1388
950,580,1530,0.1388
941,580,1521,0.1388
937,583,1520,0.1388
933,586,1519,0.1388
933,590,1523,0.1388
929,585,1514,0.1388
930,592,1522,0.1388
931,585,1516,0.1388
930,582,1512,0.1388
917,581,1498,0.1388
917,584,1501,0.1388
906,585,1491,0.1388
902,592,1494,0.1388
914,596,1510,0.1388
920,603,1523,0.1388
913,594,1507,0.1388
917,583,1500,0.1388
907,592,1499,0.1388
906,589,1495,0.1388
905,593,1498,0.1388
902,594,1496,0.1388
902,591,1493,0.1388
895,589,1484,0.1388
905,592,1497,0.1388
907,599,1506,0.1388
907,600,1507,0.1388
898,594,1492,0.1388
894,596,1490,0.1388
891,599,1490,0.1388
893,601,1494,0.1388
889,602,1491,0.1388
898,597,1495,0.1388
890,599,1489,0.1388
897,604,1501,0.1388
896,604,1500,0.1388
901,602,1503,0.1388
899,603,1502,0.1388
894,605,1499,0.1388
895,608,1503,0.1388
902,608,1510,0.1388
887,618,1505,0.1388
897,612,1509,0.1388
903,614,1517,0.1388
899,615,1514,0.1388
891,616,1507,0.1388
878,620,1498,0.1388
877,616,1493,0.1388
871,614,1485,0.1388
875,619,1494,0.1388
879,620,1499,0.1388
889,615,1504,0.1388
890,613,1503,0.1388
887,614,1501,0.1388
896,624,1520,0.1388
894,625,1519,0.1388
883,619,1502,0.1388
866,621,1487,0.1388
862,623,1485,0.1388
867,625,1492,0.1388
872,619,1491,0.1388
873,631,1504,0.1388
863,626,1489,0.1388
872,631,1503,0.1388
874,633,1507,0.1388
878,633,1511,0.1388
875,632,1507,0.1388
881,631,1512,0.1388
876,631,1507,0.1388
871,631,1502,0.1388
881,624,1505,0.1388
880,627,1507,0.1388
879,636,1515,0.1388
871,636,1507,0.1388
870,639,1509,0.1388
864,640,1504,0.1388
871,639,1510,0.1388
867,634,1501,0.1388
861,642,1503,0.1388
867,644,1511,0.1388
859,641,1500,0.1388
857,639,1496,0.1388
859,632,1491,0.1388
863,628,1491,0.1388
852,636,1488,0.1388
845,644,1489,0.1388
850,640,1490,0.1388
850,653,1503,0.1388
842,651,1493,0.1388
850,656,1506,0.1388
858,656,1514,0.1388
847,653,1500,0.1388
843,662,1505,0.1388
845,668,1513,0.1388
839,660,1499,0.1388
839,661,1500,0.1388
843,666,1509,0.1388
845,665,1510,0.1388
842,661,1503,0.1388
845,656,1501,0.1388
842,668,1510,0.1388
836,662,1498,0.1388
840,670,1510,0.1388
844,678,1522,0.1388
836,667,1503,0.1388
833,676,1509,0.1388
835,679,1514,0.1388
835,677,1512,0.1388
831,676,1507,0.1388
835,678,1513,0.1388
828,681,1509,0.1388
825,683,1508,0.1388
818,679,1497,0.1388
821,675,1496,0.1388
818,680,1498,0.1388
816,684,1500,0.1388
820,689,1509,0.1388
818,689,1507,0.1388
821,685,1506,0.1388
830,674,1504,0.1388
824,679,1503,0.1388
826,675,1501,0.1388
823,673,1496,0.1388
830,670,1500,0.1388
830,681,1511,0.1388
829,681,1510,0.1388
829,681,1510,0.1388
831,682,1513,0.1388
824,687,1511,0.1388
818,680,1498,0.1388
825,692,1517,0.1388
827,688,1515,0.1388
829,685,1514,0.1388
828,687,1515,0.1388
827,679,1506,0.1388
829,677,1506,0.1388
823,676,1499,0.1388
832,670,1502,0.1388
840,668,1508,0.1388
849,662,1511,0.1388
854,673,1527,0.1388
846,672,1518,0.1388
834,665,1499,0.1388
834,650,1484,0.1388
840,664,1504,0.1388
848,671,1519,0.1388
843,672,1515,0.1388
831,666,1497,0.1388
841,668,1509,0.1388
836,669,1505,0.1388
835,667,1502,0.1388
831,664,1495,0.1388
824,673,1497,0.1388
829,673,1502,0.1388
831,665,1496,0.1388
828,673,1501,0.1388
816,678,1494,0.1388
812,685,1497,0.1388
823,692,1515,0.1388
813,698,1511,0.1388
807,698,1505,0.1388
802,697,1499,0.1388
790,700,1490,0.1388
801,697,1498,0.1388
799,690,1489,0.1388
811,674,1485,0.1388
810,685,1495,0.1388
811,685,1496,0.1388
796,685,1481,0.1388
798,693,1491,0.1388
798,697,1495,0.1388
791,692,1483,0.1388
802,695,1497,0.1388
801,703,1504,0.1388
805,698,1503,0.1388
802,708,1510,0.1388
794,706,1500,0.1388
803,701,1504,0.1388
801,711,1512,0.1388
804,711,1515,0.1388
801,714,1515,0.1388
808,713,1521,0.1388
808,725,1533,0.1388
799,720,1519,0.1388
794,713,1507,0.1388
796,707,1503,0.1388
794,710,1504,0.1388
801,716,1517,0.1388
790,725,1515,0.1388
794,721,1515,0.1388
789,731,1520,0.1388
782,734,1516,0.1388
775,735,1510,0.1388
771,729,1500,0.1388
763,735,1498,0.1388
770,741,1511,0.1388
769,742,1511,0.1388
757,743,1500,0.1388
764,751,1515,0.1388
752,750,1502,0.1388
750,750,1500,0.1388
749,754,1503,0.1388
753,757,1510,0.1388
755,758,1513,0.1388
755,754,1509,0.1388
759,753,1512,0.1388
756,755,1511,0.1388
757,743,1500,0.1388
751,751,1502,0.1388
746,745,1491,0.1388
752,744,1496,0.1388
753,757,1510,0.1388
763,756,1519,0.1388
762,752,1514,0.1388
758,746,1504,0.1388
754,741,1495,0.1388
768,748,1516,0.1388
770,745,1515,0.1388
762,749,1511,0.1388
775,747,1522,0.1388
782,754,1536,0.1388
777,739,1516,0.1388
779,744,1523,0.1388
769,736,1505,0.1388
769,741,1510,0.1388
767,735,1502,0.1388
768,744,1512,0.1388
769,742,1511,0.1388
761,748,1509,0.1388
765,752,1517,0.1388
757,752,1509,0.1388
761,757,1518,0.1388
749,765,1514,0.1388
750,762,1512,0.1388
737,765,1502,0.1388
741,764,1505,0.1388
747,756,1503,0.1388
750,750,1500,0.1388
751,755,1506,0.1388
762,761,1523,0.1388
750,766,1516,0.1388
751,771,1522,0.1388
745,773,1518,0.1388
729,776,1505,0.1388
728,773,1501,0.1388
724,771,1495,0.1388
724,767,1491,0.1388
727,764,1491,0.1388
737,763,1500,0.1388
746,762,1508,0.1388
736,767,1503,0.1388
731,766,1497,0.1388
730,777,1507,0.1388
725,788,1513,0.1388
722,792,1514,0.1388
716,786,1502,0.1388
714,788,1502,0.1388
714,785,1499,0.1388
713,787,1500,0.1388
708,793,1501,0.1388
715,795,1510,0.1388
719,792,1511,0.1388
712,792,1504,0.1388
705,788,1493,0.1388
703,803,1506,0.1388
709,806,1515,0.1388
707,809,1516,0.1388
703,802,1505,0.1388
708,802,1510,0.1388
705,809,1514,0.1388
701,810,1511,0.1388
701,809,1510,0.1388
704,827,1531,0.1388
701,824,1525,0.1388
696,832,1528,0.1388
696,825,1521,0.1388
691,819,1510,0.1388
701,821,1522,0.1388
693,810,1503,0.1388
679,807,1486,0.1388
686,825,1511,0.1388
683,833,1516,0.1388
694,834,1528,0.1388
686,831,1517,0.1388
682,829,1511,0.1388
691,818,1509,0.1388
688,819,1507,0.1388
701,825,1526,0.1388
696,824,1520,0.1388
694,815,1509,0.1388
694,822,1516,0.1388
688,831,1519,0.1388
679,838,1517,0.1388
675,837,1512,0.1388
675,823,1498,0.1388
679,818,1497,0.1388
675,829,1504,0.1388
668,825,1493,0.1388
664,829,1493,0.1388
673,832,1505,0.1388
675,829,1504,0.1388
661,834,1495,0.1388
659,834,1493,0.1388
658,838,1496,0.1388
661,839,1500,0.1388
663,847,1510,0.1388
663,844,1507,0.1388
664,843,1507,0.1388
665,840,1505,0.1388
662,833,1495,0.1388
663,842,1505,0.1388
670,844,1514,0.1388
666,840,1506,0.1388
670,839,1509,0.1388
672,836,1508,0.1388
672,832,1504,0.1388
667,841,1508,0.1388
669,847,1516,0.1388
662,834,1496,0.1388
660,824,1484,0.1388
659,822,1481,0.1388
661,829,1490,0.1388
660,837,1497,0.1388
663,845,1508,0.1388
663,837,1500,0.1388
658,842,1500,0.1388
653,845,1498,0.1388
653,857,1510,0.1388
652,862,1514,0.1388
656,857,1513,0.1388
659,856,1515,0.1388
660,861,1521,0.1388
662,858,1520,0.1388
656,854,1510,0.1388
662,849,1511,0.1388
653,858,1511,0.1388
664,861,1525,0.1388
650,863,1513,0.1388
648,868,1516,0.1388
646,863,1509,0.1388
636,862,1498,0.1388
643,872,1515,0.1388
639,875,1514,0.1388
640,876,1516,0.1388
638,874,1512,0.1388
633,867,1500,0.1388
632,873,1505,0.1388
632,878,1510,0.1388
630,882,1512,0.1388
628,878,1506,0.1388
630,874,1504,0.1388
635,884,1519,0.1388
638,879,1517,0.1388
640,883,1523,0.1388
628,886,1514,0.1388
630,885,1515,0.1388
625,884,1509,0.1388
634,881,1515,0.1388
628,884,1512,0.1388
626,882,1508,0.1388
633,880,1513,0.1388
637,874,1511,0.1388
641,873,1514,0.1388
642,884,1526,0.1388
631,882,1513,0.1388
626,894,1520,0.1388
618,901,1519,0.1388
609,896,1505,0.1388
603,898,1501,0.1388
607,902,1509,0.1388
610,909,1519,0.1388
602,903,1505,0.1388
602,902,1504,0.1388
607,902,1509,0.1388
593,901,1494,0.1388
598,904,1502,0.1388
589,900,1489,0.1388
589,903,1492,0.1388
586,899,1485,0.1388
582,901,1483,0.1388
587,912,1499,0.1388
588,924,1512,0.1388
590,920,1510,0.1388
582,911,1493,0.1388
585,917,1502,0.1388
579,913,1492,0.1388
575,910,1485,0.1388
574,909,1483,0.1388
576,910,1486,0.1388
576,920,1496,0.1388
582,929,1511,0.1388
579,940,1519,0.1388
582,934,1516,0.1388
583,933,1516,0.1388
588,948,1536,0.1388
581,946,1527,0.1388
575,934,1509,0.1388
572,931,1503,0.1388
571,931,1502,0.1388
562,939,1501,0.1388
563,939,1502,0.1388
562,932,1494,0.1388
563,933,1496,0.1388
563,941,1504,0.1388
562,946,1508,0.1388
565,945,1510,0.1388
562,949,1511,0.1388
564,945,1509,0.1388
557,948,1505,0.1388
551,945,1496,0.1388
550,955,1505,0.1388
554,965,1519,0.1388
554,965,1519,0.1388
548,975,1523,0.1388
541,974,1515,0.1388
544,964,1508,0.1388
546,969,1515,0.1388
545,970,1515,0.1388
544,969,1513,0.1388
546,979,1525,0.1388
548,963,1511,0.1388
555,963,1518,0.1388
567,952,1519,0.1388
558,963,1521,0.1388
554,956,1510,0.1388
557,960,1517,0.1388
555,959,1514,0.1388
551,956,1507,0.1388
541,968,1509,0.1388
541,971,1512,0.1388
540,983,1523,0.1388
526,985,1511,0.1388
513,982,1495,0.1388
514,979,1493,0.1388
524,979,1503,0.1388
519,979,1498,0.1388
525,974,1499,0.1388
524,984,1508,0.1388
522,979,1501,0.1388
516,982,1498,0.1388
524,989,1513,0.1388
517,995,1512,0.1388
518,991,1509,0.1388
522,1001,1523,0.1388
522,992,1514,0.1388
518,989,1507,0.1388
513,990,1503,0.1388
514,993,1507,0.1388
510,999,1509,0.1388
515,1002,1517,0.1388
509,999,1508,0.1388
501,1002,1503,0.1388
497,1005,1502,0.1388
494,1006,1500,0.1388
488,1006,1494,0.1388
492,1004,1496,0.1388
485,1014,1499,0.1388
494,1013,1507,0.1388
503,1011,1514,0.1388
496,1001,1497,0.1388
499,1003,1502,0.1388
501,1002,1503,0.1388
495,1008,1503,0.1388
495,1012,1507,0.1388
489,1016,1505,0.1388
484,1012,1496,0.1388
481,1012,1493,0.1388
483,1002,1485,0.1388
480,1009,1489,0.1388
482,1012,1494,0.1388
488,1022,1510,0.1388
485,1021,1506,0.1388
479,1026,1505,0.1388
480,1023,1503,0.1388
476,1031,1507,0.1388
471,1032,1503,0.1388
472,1029,1501,0.1388
466,1034,1500,0.1388
457,1046,1503,0.1388
455,1044,1499,0.1388
450,1053,1503,0.1388
450,1062,1512,0.1388
446,1066,1512,0.1388
442,1075,1517,0.1388
442,1074,1516,0.1388
448,1072,1520,0.1388
453,1078,1531,0.1388
447,1072,1519,0.1388
440,1076,1516,0.1388
442,1067,1509,0.1388
438,1071,1509,0.1388
441,1070,1511,0.1388
441,1072,1513,0.1388
436,1068,1504,0.1388
436,1065,1501,0.1388
439,1071,1510,0.1388
442,1070,1512,0.1388
441,1084,1525,0.1388
442,1069,1511,0.1388
438,1067,1505,0.1388
434,1058,1492,0.1388
433,1068,1501,0.1388
422,1063,1485,0.1388
424,1068,1492,0.1388
429,1071,1500,0.1388
420,1077,1497,0.1388
417,1086,1503,0.1388
418,1076,1494,0.1388
419,1079,1498,0.1388
420,1079,1499,0.1388
420,1080,1500,0.1388
430,1080,1510,0.1388
425,1087,1512,0.1388
423,1085,1508,0.1388
430,1085,1515,0.1388
432,1102,1534,0.1388
427,1106,1533,0.1388
426,1107,1533,0.1388
426,1102,1528,0.1388
421,1108,1529,0.1388
425,1098,1523,0.1388
423,1086,1509,0.1388
431,1082,1513,0.1388
427,1083,1510,0.1388
424,1087,1511,0.1388
424,1089,1513,0.1388
423,1095,1518,0.1388
421,1078,1499,0.1388
422,1075,1497,0.1388
425,1080,1505,0.1388
420,1086,1506,0.1388
419,1095,1514,0.1388
420,1086,1506,0.1388
411,1095,1506,0.1388
418,1088,1506,0.1388
413,1090,1503,0.1388
409,1098,1507,0.1388
405,1107,1512,0.1388
402,1112,1514,0.1388
400,1119,1519,0.1388
398,1121,1519,0.1388
396,1124,1520,0.1388
394,1123,1517,0.1388
395,1118,1513,0.1388
389,1103,1492,0.1388
378,1102,1480,0.1388
377,1122,1499,0.1388
373,1117,1490,0.1388
372,1127,1499,0.1388
364,1130,1494,0.1388
376,1139,1515,0.1388
373,1138,1511,0.1388
374,1136,1510,0.1388
373,1130,1503,0.1388
379,1130,1509,0.1388
385,1132,1517,0.1388
381,1131,1512,0.1388
379,1138,1517,0.1388
377,1137,1514,0.1388
375,1133,1508,0.1388
378,1149,1527,0.1388
378,1135,1513,0.1388
382,1136,1518,0.1388
372,1144,1516,0.1388
373,1135,1508,0.1388
373,1146,1519,0.1388
367,1146,1513,0.1388
372,1133,1505,0.1388
374,1132,1506,0.1388
379,1121,1500,0.1388
386,1126,1512,0.1388
384,1124,1508,0.1388
381,1132,1513,0.1388
376,1132,1508,0.1388
383,1126,1509,0.1388
379,1126,1505,0.1388
370,1132,1502,0.1388
367,1138,1505,0.1388
369,1143,1512,0.1388
370,1154,1524,0.1388
368,1149,1517,0.1388
357,1147,1504,0.1388
352,1156,1508,0.1388
362,1164,1526,0.1388
361,1153,1514,0.1388
360,1147,1507,0.1388
358,1153,1511,0.1388
361,1151,1512,0.1388
362,1140,1502,0.1388
365,1147,1512,0.1388
355,1157,1512,0.1388
349,1153,1502,0.1388
350,1152,1502,0.1388
345,1156,1501,0.1388
348,1156,1504,0.1388
352,1168,1520,0.1388
348,1158,1506,0.1388
348,1152,1500,0.1388
357,1156,1513,0.1388
351,1162,1513,0.1388
352,1161,1513,0.1388
347,1148,1495,0.1388
352,1153,1505,0.1388
345,1156,1501,0.1388
342,1174,1516,0.1388
339,1173,1512,0.1388
343,1163,1506,0.1388
342,1168,1510,0.1388
341,1178,1519,0.1388
346,1172,1518,0.1388
341,1172,1513,0.1388
336,1174,1510,0.1388
337,1183,1520,0.1388
328,1186,1514,0.1388
318,1191,1509,0.1388
326,1196,1522,0.1388
324,1193,1517,0.1388
326,1190,1516,0.1388
327,1190,1517,0.1388
327,1182,1509,0.1388
328,1186,1514,0.1388
328,1194,1522,0.1388
323,1184,1507,0.1388
316,1184,1500,0.1388
315,1184,1499,0.1388
312,1196,1508,0.1388
313,1194,1507,0.1388
312,1206,1518,0.1388
310,1200,1510,0.1388
310,1201,1511,0.1388
309,1200,1509,0.1388
306,1196,1502,0.1388
309,1207,1516,0.1388
312,1197,1509,0.1388
306,1199,1505,0.1388
307,1198,1505,0.1388
304,1204,1508,0.1388
305,1201,1506,0.1388
307,1224,1531,0.1388
313,1212,1525,0.1388
311,1204,1515,0.1388
313,1187,1500,0.1388
315,1197,1512,0.1388
317,1196,1513,0.1388
318,1199,1517,0.1388
315,1210,1525,0.1388
317,1214,1531,0.1388
313,1208,1521,0.1388
314,1205,1519,0.1388
316,1211,1527,0.1388
310,1216,1526,0.1388
315,1202,1517,0.1388
314,1193,1507,0.1388
318,1190,1508,0.1388
319,1198,1517,0.1388
315,1202,1517,0.1388
311,1206,1517,0.1388
314,1205,1519,0.1388
310,1209,1519,0.1388
308,1214,1522,0.1388
305,1211,1516,0.1388
306,1208,1514,0.1388
312,1203,1515,0.1388
309,1200,1509,0.1388
304,1205,1509,0.1388
305,1199,1504,0.1388
302,1215,1517,0.1388
299,1218,1517,0.1388
302,1224,1526,0.1388
299,1216,1515,0.1388
298,1221,1519,0.1388
300,1217,1517,0.1388
300,1224,1524,0.1388
295,1214,1509,0.1388
296,1214,1510,0.1388
300,1213,1513,0.1388
296,1216,1512,0.1388
299,1208,1507,0.1388
296,1200,1496,0.1388
292,1208,1500,0.1388
290,1213,1503,0.1388
290,1230,1520,0.1388
294,1215,1509,0.1388
293,1231,1524,0.1388
292,1222,1514,0.1388
291,1225,1516,0.1388
289,1235,1524,0.1388
283,1225,1508,0.1388
278,1222,1500,0.1388
280,1230,1510,0.1388
285,1244,1529,0.1388
291,1220,1511,0.1388
292,1218,1510,0.1388
289,1224,1513,0.1388
290,1217,1507,0.1388
292,1208,1500,0.1388
298,1206,1504,0.1388
296,1217,1513,0.1388
295,1216,1511,0.1388
292,1228,1520,0.1388
289,1240,1529,0.1388
285,1239,1524,0.1388
285,1233,1518,0.1388
284,1219,1503,0.1388
283,1221,1504,0.1388
282,1218,1500,0.1388
281,1223,1504,0.1388
284,1228,1512,0.1388
284,1222,1506,0.1388
283,1223,1506,0.1388
283,1226,1509,0.1388
283,1229,1512,0.1388
281,1231,1512,0.1388
278,1217,1495,0.1388
277,1232,1509,0.1388
275,1236,1511,0.1388
278,1240,1518,0.1388
282,1230,1512,0.1388
283,1239,1522,0.1388
283,1229,1512,0.1388
286,1221,1507,0.1388
291,1221,1512,0.1388
292,1219,1511,0.1388
292,1224,1516,0.1388
290,1221,1511,0.1388
290,1233,1523,0.1388
289,1232,1521,0.1388
284,1239,1523,0.1388
281,1246,1527,0.1388
279,1253,1532,0.1388
281,1247,1528,0.1388
278,1240,1518,0.1388
279,1243,1522,0.1388
276,1235,1511,0.1388
269,1253,1522,0.1388
268,1261,1529,0.1388
265,1261,1526,0.1388
269,1256,1525,0.1388
268,1252,1520,0.1388
273,1256,1529,0.1388
271,1265,1536,0.1388
266,1263,1529,0.1388
264,1257,1521,0.1388
263,1266,1529,0.1388
260,1263,1523,0.1388
260,1257,1517,0.1388
256,1251,1507,0.1388
259,1246,1505,0.1388
262,1248,1510,0.1388
259,1253,1512,0.1388
260,1257,1517,0.1388
260,1262,1522,0.1388
266,1250,1516,0.1388
263,1252,1515,0.1388
258,1256,1514,0.1388
254,1257,1511,0.1388
254,1262,1516,0.1388
252,1268,1520,0.1388
252,1260,1512,0.1388
252,1253,1505,0.1388
250,1250,1500,0.1388
249,1255,1504,0.1388
252,1260,1512,0.1388
247,1264,1511,0.1388
251,1267,1518,0.1388
250,1281,1531,0.1388
242,1277,1519,0.1388
243,1281,1524,0.1388
245,1273,1518,0.1388
240,1268,1508,0.1388
243,1261,1504,0.1388
242,1263,1505,0.1388
247,1273,1520,0.1388
239,1264,1503,0.1388
237,1268,1505,0.1388
238,1264,1502,0.1388
240,1274,1514,0.1388
236,1277,1513,0.1388
238,1273,1511,0.1388
234,1277,1511,0.1388
230,1281,1511,0.1388
232,1281,1513,0.1388
238,1279,1517,0.1388
239,1277,1516,0.1388
238,1267,1505,0.1388
238,1274,1512,0.1388
240,1270,1510,0.1388
239,1286,1525,0.1388
236,1269,1505,0.1388
231,1281,1512,0.1388
227,1291,1518,0.1388
223,1284,1507,0.1388
227,1282,1509,0.1388
223,1280,1503,0.1388
219,1286,1505,0.1388
217,1298,1515,0.1388
214,1302,1516,0.1388
210,1291,1501,0.1388
209,1300,1509,0.1388
206,1297,1503,0.1388
206,1297,1503,0.1388
205,1303,1508,0.1388
201,1297,1498,0.1388
197,1300,1497,0.1388
198,1300,1498,0.1388
199,1311,1510,0.1388
199,1320,1519,0.1388
197,1318,1515,0.1388
189,1326,1515,0.1388
188,1320,1508,0.1388
185,1320,1505,0.1388
189,1332,1521,0.1388
191,1341,1532,0.1388
186,1340,1526,0.1388
191,1336,1527,0.1388
186,1332,1518,0.1388
183,1327,1510,0.1388
184,1328,1512,0.1388
183,1330,1513,0.1388
182,1344,1526,0.1388
181,1351,1532,0.1388
177,1351,1528,0.1388
175,1342,1517,0.1388
182,1336,1518,0.1388
182,1341,1523,0.1388
181,1321,1502,0.1388
181,1317,1498,0.1388
183,1325,1508,0.1388
183,1320,1503,0.1388
185,1333,1518,0.1388
178,1342,1520,0.1388
182,1341,1523,0.1388
188,1341,1529,0.1388
187,1333,1520,0.1388
188,1331,1519,0.1388
188,1330,1518,0.1388
186,1332,1518,0.1388
184,1326,1510,0.1388
184,1319,1503,0.1388
185,1316,1501,0.1388
181,1324,1505,0.1388
178,1328,1506,0.1388
179,1332,1511,0.1388
182,1330,1512,0.1388
178,1340,1518,0.1388
178,1342,1520,0.1388
179,1345,1524,0.1388
184,1339,1523,0.1388
178,1329,1507,0.1388
175,1326,1501,0.1388
172,1311,1483,0.1388
176,1334,1510,0.1388
176,1332,1508,0.1388
173,1336,1509,0.1388
170,1339,1509,0.1388
166,1344,1510,0.1388
167,1353,1520,0.1388
171,1351,1522,0.1388
171,1354,1525,0.1388
166,1357,1523,0.1388
161,1358,1519,0.1388
160,1362,1522,0.1388
162,1362,1524,0.1388
162,1362,1524,0.1388
166,1348,1514,0.1388
167,1357,1524,0.1388
167,1338,1505,0.1388
163,1338,1501,0.1388
160,1347,1507,0.1388
156,1358,1514,0.1388
156,1356,1512,0.1388
154,1358,1512,0.1388
153,1367,1520,0.1388
155,1371,1526,0.1388
155,1369,1524,0.1388
157,1360,1517,0.1388
163,1357,1520,0.1388
161,1353,1514,0.1388
161,1345,1506,0.1388
159,1350,1509,0.1388
158,1369,1527,0.1388
157,1367,1524,0.1388
155,1354,1509,0.1388
153,1364,1517,0.1388
155,1371,1526,0.1388
155,1378,1533,0.1388
156,1371,1527,0.1388
155,1366,1521,0.1388
151,1358,1509,0.1388
151,1367,1518,0.1388
153,1369,1522,0.1388
152,1367,1519,0.1388
154,1362,1516,0.1388
152,1354,1506,0.1388
154,1363,1517,0.1388
157,1369,1526,0.1388
158,1374,1532,0.1388
156,1366,1522,0.1388
153,1361,1514,0.1388
153,1364,1517,0.1388
156,1361,1517,0.1388
161,1364,1525,0.1388
159,1359,1518,0.1388
156,1353,1509,0.1388
158,1352,1510,0.1388
159,1351,1510,0.1388
160,1359,1519,0.1388
163,1363,1526,0.1388
165,1356,1521,0.1388
162,1353,1515,0.1388
163,1353,1516,0.1388
163,1348,1511,0.1388
158,1356,1514,0.1388
155,1344,1499,0.1388
154,1346,1500,0.1388
157,1354,1511,0.1388
161,1360,1521,0.1388
165,1355,1520,0.1388
161,1345,1506,0.1388
161,1345,1506,0.1388
161,1352,1513,0.1388
157,1359,1516,0.1388
155,1349,1504,0.1388
154,1362,1516,0.1388
159,1370,1529,0.1388
159,1376,1535,0.1388
156,1359,1515,0.1388
155,1353,1508,0.1388
152,1364,1516,0.1388
149,1369,1518,0.1388
151,1365,1516,0.1388
148,1366,1514,0.1388
149,1374,1523,0.1388
148,1367,1515,0.1388
148,1360,1508,0.1388
146,1362,1508,0.1388
149,1370,1519,0.1388
150,1353,1503,0.1388
149,1366,1515,0.1388
145,1369,1514,0.1388
145,1356,1501,0.1388
144,1359,1503,0.1388
150,1375,1525,0.1388
146,1366,1512,0.1388
147,1377,1524,0.1388
148,1378,1526,0.1388
150,1375,1525,0.1388
147,1368,1515,0.1388
144,1361,1505,0.1388
143,1373,1516,0.1388
139,1360,1499,0.1388
136,1361,1497,0.1388
140,1364,1504,0.1388
141,1369,1510,0.1388
143,1367,1510,0.1388
142,1358,1500,0.1388
140,1352,1492,0.1388
138,1352,1490,0.1388
140,1355,1495,0.1388
140,1362,1502,0.1388
144,1373,1517,0.1388
143,1360,1503,0.1388
143,1362,1505,0.1388
147,1360,1507,0.1388
149,1359,1508,0.1388
152,1380,1532,0.1388
148,1375,1523,0.1388
142,1373,1515,0.1388
144,1362,1506,0.1388
150,1363,1513,0.1388
148,1360,1508,0.1388
149,1352,1501,0.1388
149,1378,1527,0.1388
145,1375,1520,0.1388
143,1373,1516,0.1388
145,1378,1523,0.1388
141,1382,1523,0.1388
141,1377,1518,0.1388
138,1367,1505,0.1388
137,1368,1505,0.1388
137,1365,1502,0.1388
137,1364,1501,0.1388
135,1369,1504,0.1388
133,1356,1489,0.1388
132,1370,1502,0.1388
130,1373,1503,0.1388
131,1373,1504,0.1388
128,1384,1512,0.1388
125,1386,1511,0.1388
125,1377,1502,0.1388
123,1374,1497,0.1388
122,1392,1514,0.1388
124,1394,1518,0.1388
121,1387,1508,0.1388
125,1385,1510,0.1388
119,1386,1505,0.1388
122,1396,1518,0.1388
118,1378,1496,0.1388
122,1369,1491,0.1388
121,1378,1499,0.1388
120,1394,1514,0.1388
119,1392,1511,0.1388
119,1385,1504,0.1388
120,1399,1519,0.1388
122,1401,1523,0.1388
122,1392,1514,0.1388
122,1390,1512,0.1388
121,1398,1519,0.1388
123,1411,1534,0.1388
119,1414,1533,0.1388
120,1409,1529,0.1388
121,1396,1517,0.1388
120,1389,1509,0.1388
121,1392,1513,0.1388
121,1393,1514,0.1388
120,1383,1503,0.1388
120,1391,1511,0.1388
116,1386,1502,0.1388
113,1397,1510,0.1388
112,1394,1506,0.1388
112,1404,1516,0.1388
114,1386,1500,0.1388
112,1405,1517,0.1388
110,1403,1513,0.1388
110,1392,1502,0.1388
112,1399,1511,0.1388
113,1409,1522,0.1388
114,1411,1525,0.1388
114,1413,1527,0.1388
115,1402,1517,0.1388
115,1409,1524,0.1388
117,1399,1516,0.1388
117,1394,1511,0.1388
114,1395,1509,0.1388
116,1407,1523,0.1388
115,1411,1526,0.1388
108,1406,1514,0.1388
107,1407,1514,0.1388
105,1414,1519,0.1388
101,1411,1512,0.1388
102,1396,1498,0.1388
103,1414,1517,0.1388
103,1414,1517,0.1388
108,1414,1522,0.1388
112,1410,1522,0.1388
111,1414,1525,0.1388
113,1420,1533,0.1388
109,1410,1519,0.1388
110,1402,1512,0.1388
110,1395,1505,0.1388
112,1414,1526,0.1388
108,1411,1519,0.1388
111,1404,1515,0.1388
108,1393,1501,0.1388
104,1401,1505,0.1388
107,1393,1500,0.1388
106,1408,1514,0.1388
108,1405,1513,0.1388
108,1414,1522,0.1388
106,1411,1517,0.1388
108,1406,1514,0.1388
101,1408,1509,0.1388
102,1412,1514,0.1388
99,1409,1508,0.1388
98,1413,1511,0.1388
99,1409,1508,0.1388
95,1414,1509,0.1388
96,1408,1504,0.1388
97,1406,1503,0.1388
98,1403,1501,0.1388
105,1402,1507,0.1388
106,1393,1499,0.1388
103,1411,1514,0.1388
100,1419,1519,0.1388
101,1419,1520,0.1388
103,1418,1521,0.1388
105,1422,1527,0.1388
104,1426,1530,0.1388
101,1410,1511,0.1388
103,1401,1504,0.1388
102,1406,1508,0.1388
100,1403,1503,0.1388
102,1393,1495,0.1388
103,1391,1494,0.1388
102,1402,1504,0.1388
103,1413,1516,0.1388
104,1412,1516,0.1388
103,1425,1528,0.1388
105,1427,1532,0.1388
105,1430,1535,0.1388
105,1423,1528,0.1388
103,1416,1519,0.1388
104,1408,1512,0.1388
99,1409,1508,0.1388
100,1418,1518,0.1388
100,1413,1513,0.1388
95,1419,1514,0.1388
93,1432,1525,0.1388
95,1429,1524,0.1388
92,1427,1519,0.1388
93,1422,1515,0.1388
93,1430,1523,0.1388
93,1435,1528,0.1388
94,1426,1520,0.1388
92,1425,1517,0.1388
95,1415,1510,0.1388
93,1424,1517,0.1388
93,1424,1517,0.1388
89,1429,1518,0.1388
91,1439,1530,0.1388
93,1434,1527,0.1388
89,1441,1530,0.1388
88,1431,1519,0.1388
87,1425,1512,0.1388
87,1423,1510,0.1388
91,1422,1513,0.1388
92,1426,1518,0.1388
88,1421,1509,0.1388
91,1421,1512,0.1388
89,1426,1515,0.1388
87,1414,1501,0.1388
88,1422,1510,0.1388
91,1420,1511,0.1388
90,1409,1499,0.1388
90,1417,1507,0.1388
92,1416,1508,0.1388
92,1411,1503,0.1388
91,1416,1507,0.1388
91,1416,1507,0.1388
87,1410,1497,0.1388
87,1414,1501,0.1388
87,1424,1511,0.1388
84,1449,1533,0.1388
84,1449,1533,0.1388
81,1429,1510,0.1388
79,1439,1518,0.1388
77,1424,1501,0.1388
75,1425,1500,0.1388
76,1428,1504,0.1388
77,1431,1508,0.1388
75,1424,1499,0.1388
76,1426,1502,0.1388
74,1444,1518,0.1388
76,1440,1516,0.1388
75,1445,1520,0.1388
77,1443,1520,0.1388
79,1450,1529,0.1388
76,1445,1521,0.1388
74,1442,1516,0.1388
78,1433,1511,0.1388
75,1434,1509,0.1388
73,1428,1501,0.1388
74,1432,1506,0.1388
75,1443,1518,0.1388
73,1445,1518,0.1388
75,1446,1521,0.1388
72,1450,1522,0.1388
75,1450,1525,0.1388
76,1447,1523,0.1388
76,1445,1521,0.1388
77,1447,1524,0.1388
76,1445,1521,0.1388
76,1450,1526,0.1388
76,1460,1536,0.1388
74,1464,1538,0.1388
73,1449,1522,0.1388
71,1441,1512,0.1388
72,1435,1507,0.1388
74,1437,1511,0.1388
73,1441,1514,0.1388
73,1444,1517,0.1388
72,1436,1508,0.1388
74,1438,1512,0.1388
74,1437,1511,0.1388
73,1434,1507,0.1388
72,1455,1527,0.1388
72,1442,1514,0.1388
69,1450,1519,0.1388
70,1441,1511,0.1388
69,1448,1517,0.1388
68,1442,1510,0.1388
66,1443,1509,0.1388
66,1448,1514,0.1388
62,1451,1513,0.1388
64,1460,1524,0.1388
65,1442,1507,0.1388
67,1456,1523,0.1388
66,1451,1517,0.1388
66,1452,1518,0.1388
64,1453,1517,0.1388
66,1455,1521,0.1388
66,1450,1516,0.1388
64,1453,1517,0.1388
64,1450,1514,0.1388
65,1459,1524,0.1388
65,1465,1530,0.1388
64,1459,1523,0.1388
65,1471,1536,0.1388
65,1459,1524,0.1388
63,1454,1517,0.1388
62,1449,1511,0.1388
63,1454,1517,0.1388
62,1457,1519,0.1388
58,1463,1521,0.1388
57,1460,1517,0.1388
58,1465,1523,0.1388
56,1459,1515,0.1388
52,1461,1513,0.1388
54,1468,1522,0.1388
55,1474,1529,0.1388
52,1468,1520,0.1388
51,1465,1516,0.1388
50,1460,1510,0.1388
53,1464,1517,0.1388
52,1453,1505,0.1388
54,1465,1519,0.1388
52,1461,1513,0.1388
49,1458,1507,0.1388
49,1459,1508,0.1388
49,1462,1511,0.1388
51,1462,1513,0.1388
51,1458,1509,0.1388
48,1451,1499,0.1388
48,1457,1505,0.1388
49,1466,1515,0.1388
49,1469,1518,0.1388
49,1462,1511,0.1388
49,1463,1512,0.1388
49,1472,1521,0.1388
49,1458,1507,0.1388
49,1453,1502,0.1388
51,1466,1517,0.1388
49,1469,1518,0.1388
50,1464,1514,0.1388
48,1464,1512,0.1388
47,1476,1523,0.1388
48,1471,1519,0.1388
47,1466,1513,0.1388
47,1472,1519,0.1388
46,1477,1523,0.1388
44,1467,1511,0.1388
45,1476,1521,0.1388
46,1484,1530,0.1388
45,1474,1519,0.1388
45,1480,1525,0.1388
43,1480,1523,0.1388
44,1461,1505,0.1388
44,1474,1518,0.1388
46,1470,1516,0.1388
47,1482,1529,0.1388
47,1479,1526,0.1388
48,1474,1522,0.1388
48,1461,1509,0.1388
46,1478,1524,0.1388
44,1464,1508,0.1388
43,1474,1517,0.1388
42,1474,1516,0.1388
44,1477,1521,0.1388
42,1471,1513,0.1388
40,1475,1515,0.1388
37,1473,1510,0.1388
38,1483,1521,0.1388
39,1472,1511,0.1388
40,1483,1523,0.1388
41,1478,1519,0.1388
40,1472,1512,0.1388
38,1471,1509,0.1388
38,1490,1528,0.1388
38,1478,1516,0.1388
40,1484,1524,0.1388
40,1486,1526,0.1388
38,1487,1525,0.1388
38,1470,1508,0.1388
39,1474,1513,0.1388
38,1477,1515,0.1388
40,1487,1527,0.1388
41,1483,1524,0.1388
41,1478,1519,0.1388
38,1487,1525,0.1388
36,1489,1525,0.1388
36,1487,1523,0.1388
36,1469,1505,0.1388
34,1467,1501,0.1388
32,1460,1492,0.1388
32,1480,1512,0.1388
31,1478,1509,0.1388
36,1491,1527,0.1388
35,1489,1524,0.1388
35,1484,1519,0.1388
36,1481,1517,0.1388
37,1478,1515,0.1388
36,1482,1518,0.1388
34,1468,1502,0.1388
34,1477,1511,0.1388
32,1476,1508,0.1388
34,1496,1530,0.1388
34,1491,1525,0.1388
34,1502,1536,0.1388
34,1495,1529,0.1388
31,1497,1528,0.1388
33,1496,1529,0.1388
33,1491,1524,0.1388
32,1493,1525,0.1388
33,1477,1510,0.1388
33,1481,1514,0.1388
33,1479,1512,0.1388
32,1482,1514,0.1388
33,1471,1504,0.1388
32,1482,1514,0.1388
35,1476,1511,0.1388
35,1483,1518,0.1388
35,1483,1518,0.1388
36,1487,1523,0.1388
35,1486,1521,0.1388
36,1493,1529,0.1388
35,1488,1523,0.1388
35,1488,1523,0.1388
34,1500,1534,0.1388
32,1494,1526,0.1388
30,1491,1521,0.1388
31,1497,1528,0.1388
30,1489,1519,0.1388
31,1480,1511,0.1388
28,1484,1512,0.1388
29,1479,1508,0.1388
29,1481,1510,0.1388
28,1481,1509,0.1388
27,1492,1519,0.1388
29,1490,1519,0.1388
29,1476,1505,0.1388
27,1478,1505,0.1388
27,1476,1503,0.1388
28,1490,1518,0.1388
27,1495,1522,0.1388
27,1491,1518,0.1388
28,1486,1514,0.1388
30,1481,1511,0.1388
28,1485,1513,0.1388
28,1483,1511,0.1388
27,1487,1514,0.1388
26,1490,1516,0.1388
27,1487,1514,0.1388
26,1497,1523,0.1388
24,1492,1516,0.1388
25,1503,1528,0.1388
25,1484,1509,0.1388
25,1484,1509,0.1388
27,1488,1515,0.1388
27,1491,1518,0.1388
26,1482,1508,0.1388
26,1479,1505,0.1388
27,1486,1513,0.1388
27,1491,1518,0.1388
28,1481,1509,0.1388
26,1490,1516,0.1388
26,1487,1513,0.1388
26,1483,1509,0.1388
27,1486,1513,0.1388
28,1481,1509,0.1388
30,1489,1519,0.1388
29,1479,1508,0.1388
29,1489,1518,0.1388
29,1485,1514,0.1388
30,1480,1510,0.1388
30,1468,1498,0.1388
29,1472,1501,0.1388
29,1483,1512,0.1388
28,1485,1513,0.1388
27,1487,1514,0.1388
27,1507,1534,0.1388
28,1507,1535,0.1388
24,1500,1524,0.1388
26,1498,1524,0.1388
26,1499,1525,0.1388
26,1499,1525,0.1388
25,1498,1523,0.1388
26,1503,1529,0.1388
26,1495,1521,0.1388
27,1493,1520,0.1388
28,1490,1518,0.1388
28,1486,1514,0.1388
28,1489,1517,0.1388
27,1508,1535,0.1388
26,1499,1525,0.1388
26,1505,1531,0.1388
24,1496,1520,0.1388
25,1481,1506,0.1388
24,1480,1504,0.1388
23,1489,1512,0.1388
23,1488,1511,0.1388
25,1484,1509,0.1388
25,1482,1507,0.1388
24,1476,1500,0.1388
23,1473,1496,0.1388
24,1475,1499,0.1388
23,1480,1503,0.1388
23,1493,1516,0.1388
23,1484,1507,0.1388
23,1481,1504,0.1388
24,1487,1511,0.1388
25,1489,1514,0.1388
24,1492,1516,0.1388
23,1492,1515,0.1388
24,1484,1508,0.1388
24,1493,1517,0.1388
24,1501,1525,0.1388
24,1496,1520,0.1388
25,1485,1510,0.1388
24,1482,1506,0.1388
24,1486,1510,0.1388
24,1492,1516,0.1388
23,1499,1522,0.1388
23,1513,1536,0.1388
23,1496,1519,0.1388
23,1491,1514,0.1388
23,1487,1510,0.1388
22,1495,1517,0.1388
22,1504,1526,0.1388
22,1507,1529,0.1388
22,1510,1532,0.1388
21,1499,1520,0.1388
21,1497,1518,0.1388
21,1485,1506,0.1388
22,1492,1514,0.1388
22,1474,1496,0.1388
21,1480,1501,0.1388
21,1494,1515,0.1388
23,1501,1524,0.1388
22,1491,1513,0.1388
22,1510,1532,0.1388
24,1505,1529,0.1388
23,1507,1530,0.1388
22,1502,1524,0.1388
22,1504,1526,0.1388
21,1506,1527,0.1388
23,1504,1527,0.1388
24,1504,1528,0.1388
24,1504,1528,0.1388
25,1501,1526,0.1388
26,1491,1517,0.1388
27,1487,1514,0.1388
27,1487,1514,0.1388
26,1486,1512,0.1388
26,1484,1510,0.1388
28,1486,1514,0.1388
28,1484,1512,0.1388
28,1480,1508,0.1388
27,1474,1501,0.1388
28,1474,1502,0.1388
28,1480,1508,0.1388
29,1485,1514,0.1388
28,1489,1517,0.1388
27,1487,1514,0.1388
25,1492,1517,0.1388
23,1493,1516,0.1388
22,1493,1515,0.1388
20,1501,1521,0.1388
20,1499,1519,0.1388
21,1499,1520,0.1388
21,1496,1517,0.1388
22,1508,1530,0.1388
22,1490,1512,0.1388
20,1490,1510,0.1388
22,1505,1527,0.1388
23,1493,1516,0.1388
22,1497,1519,0.1388
22,1478,1500,0.1388
24,1492,1516,0.1388
23,1496,1519,0.1388
24,1493,1517,0.1388
23,1471,1494,0.1388
22,1489,1511,0.1388
21,1490,1511,0.1388
22,1506,1528,0.1388
22,1512,1534,0.1388
20,1514,1534,0.1388
22,1523,1545,0.1388
22,1513,1535,0.1388
20,1504,1524,0.1388
19,1512,1531,0.1388
19,1511,1530,0.1388
21,1501,1522,0.1388
20,1503,1523,0.1388
20,1496,1516,0.1388
18,1494,1512,0.1388
18,1500,1518,0.1388
19,1493,1512,0.1388
19,1502,1521,0.1388
18,1496,1514,0.1388
19,1514,1533,0.1388
19,1500,1519,0.1388
19,1503,1522,0.1388
20,1500,1520,0.1388
20,1506,1526,0.1388
20,1492,1512,0.1388
21,1509,1530,0.1388
21,1506,1527,0.1388
22,1497,1519,0.1388
22,1506,1528,0.1388
21,1505,1526,0.1388
21,1509,1530,0.1388
21,1504,1525,0.1388
20,1495,1515,0.1388
20,1488,1508,0.1388
19,1497,1516,0.1388
19,1496,1515,0.1388
20,1503,1523,0.1388
21,1495,1516,0.1388
22,1488,1510,0.1388
21,1492,1513,0.1388
22,1500,1522,0.1388
23,1503,1526,0.1388
23,1505,1528,0.1388
23,1508,1531,0.1388
23,1497,1520,0.1388
23,1497,1520,0.1388
23,1498,1521,0.1388
23,1493,1516,0.1388
23,1495,1518,0.1388
23,1497,1520,0.1388
24,1490,1514,0.1388
24,1501,1525,0.1388
20,1498,1518,0.1388
20,1503,1523,0.1388
21,1493,1514,0.1388
23,1482,1505,0.1388
23,1493,1516,0.1388
22,1478,1500,0.1388
22,1487,1509,0.1388
24,1488,1512,0.1388
24,1483,1507,0.1388
25,1494,1519,0.1388
25,1499,1524,0.1388
25,1497,1522,0.1388
24,1476,1500,0.1388
24,1478,1502,0.1388
24,1486,1510,0.1388
23,1486,1509,0.1388
24,1487,1511,0.1388
25,1486,1511,0.1388
25,1488,1513,0.1388
24,1492,1516,0.1388
25,1482,1507,0.1388
26,1503,1529,0.1388
27,1499,1526,0.1388
25,1499,1524,0.1388
25,1501,1526,0.1388
23,1494,1517,0.1388
26,1487,1513,0.1388
25,1499,1524,0.1388
25,1481,1506,0.1388
26,1473,1499,0.1388
24,1468,1492,0.1388
24,1484,1508,0.1388
24,1474,1498,0.1388
25,1480,1505,0.1388
25,1489,1514,0.1388
23,1499,1522,0.1388
23,1500,1523,0.1388
22,1499,1521,0.1388
22,1503,1525,0.1388
20,1500,1520,0.1388
21,1505,1526,0.1388
21,1515,1536,0.1388
21,1504,1525,0.1388
20,1493,1513,0.1388
21,1488,1509,0.1388
21,1485,1506,0.1388
21,1485,1506,0.1388
20,1507,1527,0.1388
21,1496,1517,0.1388
21,1489,1510,0.1388
21,1500,1521,0.1388
22,1501,1523,0.1388
23,1488,1511,0.1388
21,1482,1503,0.1388
20,1485,1505,0.1388
19,1491,1510,0.1388
19,1494,1513,0.1388
19,1504,1523,0.1388
18,1502,1520,0.1388
18,1493,1511,0.1388
18,1486,1504,0.1388
18,1492,1510,0.1388
17,1500,1517,0.1388
15,1499,1514,0.1388
15,1491,1506,0.1388
16,1487,1503,0.1388
17,1504,1521,0.1388
17,1492,1509,0.1388
17,1496,1513,0.1388
18,1493,1511,0.1388
18,1491,1509,0.1388
17,1497,1514,0.1388
17,1495,1512,0.1388
16,1491,1507,0.1388
16,1493,1509,0.1388
16,1495,1511,0.1388
17,1499,1516,0.1388
17,1502,1519,0.1388
17,1499,1516,0.1388
17,1487,1504,0.1388
17,1492,1509,0.1388
15,1504,1519,0.1388
15,1502,1517,0.1388
16,1498,1514,0.1388
15,1494,1509,0.1388
16,1495,1511,0.1388
14,1515,1529,0.1388
15,1503,1518,0.1388
15,1490,1505,0.1388
15,1490,1505,0.1388
16,1481,1497,0.1388
16,1494,1510,0.1388
15,1492,1507,0.1388
14,1480,1494,0.1388
14,1507,1521,0.1388
15,1513,1528,0.1388
15,1507,1522,0.1388
15,1497,1512,0.1388
16,1499,1515,0.1388
15,1492,1507,0.1388
15,1492,1507,0.1388
14,1505,1519,0.1388
13,1496,1509,0.1388
12,1501,1513,0.1388
13,1481,1494,0.1388
13,1492,1505,0.1388
13,1484,1497,0.1388
12,1491,1503,0.1388
14,1509,1523,0.1388
14,1508,1522,0.1388
14,1498,1512,0.1388
13,1498,1511,0.1388
12,1503,1515,0.1388
12,1496,1508,0.1388
11,1511,1522,0.1388
11,1509,1520,0.1388
11,1513,1524,0.1388
11,1512,1523,0.1388
10,1512,1522,0.1388
10,1506,1516,0.1388
9,1512,1521,0.1388
9,1510,1519,0.1388
10,1507,1517,0.1388
11,1508,1519,0.1388
10,1510,1520,0.1388
11,1516,1527,0.1388
11,1512,1523,0.1388
11,1507,1518,0.1388
11,1500,1511,0.1388
11,1498,1509,0.1388
12,1510,1522,0.1388
12,1503,1515,0.1388
12,1496,1508,0.1388
11,1501,1512,0.1388
10,1500,1510,0.1388
11,1498,1509,0.1388
10,1489,1499,0.1388
11,1493,1504,0.1388
11,1502,1513,0.1388
11,1504,1515,0.1388
10,1485,1495,0.1388
10,1491,1501,0.1388
10,1507,1517,0.1388
9,1503,1512,0.1388
9,1514,1523,0.1388
10,1507,1517,0.1388
10,1510,1520,0.1388
11,1515,1526,0.1388
11,1512,1523,0.1388
10,1510,1520,0.1388
10,1513,1523,0.1388
10,1503,1513,0.1388
10,1503,1513,0.1388
9,1501,1510,0.1388
10,1498,1508,0.1388
11,1504,1515,0.1388
11,1488,1499,0.1388
11,1508,1519,0.1388
12,1511,1523,0.1388
12,1507,1519,0.1388
12,1503,1515,0.1388
11,1507,1518,0.1388
11,1493,1504,0.1388
11,1507,1518,0.1388
11,1503,1514,0.1388
11,1507,1518,0.1388
11,1512,1523,0.1388
11,1503,1514,0.1388
11,1505,1516,0.1388
10,1514,1524,0.1388
11,1503,1514,0.1388
11,1493,1504,0.1388
11,1513,1524,0.1388
11,1507,1518,0.1388
10,1490,1500,0.1388
10,1504,1514,0.1388
11,1493,1504,0.1388
10,1505,1515,0.1388
10,1502,1512,0.1388
10,1498,1508,0.1388
9,1519,1528,0.1388
9,1513,1522,0.1388
10,1513,1523,0.1388
10,1513,1523,0.1388
10,1511,1521,0.1388
10,1512,1522,0.1388
11,1496,1507,0.1388
11,1493,1504,0.1388
11,1492,1503,0.1388
11,1488,1499,0.1388
10,1502,1512,0.1388
10,1495,1505,0.1388
11,1506,1517,0.1388
11,1518,1529,0.1388
10,1511,1521,0.1388
10,1518,1528,0.1388
10,1519,1529,0.1388
10,1508,1518,0.1388
10,1508,1518,0.1388
10,1520,1530,0.1388
10,1526,1536,0.1388
9,1518,1527,0.1388
8,1505,1513,0.1388
8,1506,1514,0.1388
8,1514,1522,0.1388
8,1509,1517,0.1388
9,1499,1508,0.1388
9,1508,1517,0.1388
8,1512,1520,0.1388
8,1517,1525,0.1388
8,1522,1530,0.1388
7,1495,1502,0.1388
7,1493,1500,0.1388
7,1496,1503,0.1388
7,1484,1491,0.1388
7,1491,1498,0.1388
7,1505,1512,0.1388
6,1509,1515,0.1388
6,1497,1503,0.1388
5,1497,1502,0.1388
5,1494,1499,0.1388
4,1498,1502,0.1388
3,1496,1499,0.1388
2,1498,1500,0.1388
2,1504,1506,0.1388
2,1515,1517,0.1388
1,1519,1520,0.1388
1,1515,1516,0.1388
1,1513,1514,0.1388
1,1517,1518,0.1388
1,1520,1521,0.1388
1,1520,1521,0.1388
1,1513,1514,0.1388
1,1507,1508,0.1388
1,1515,1516,0.1388
1,1506,1507,0.1388
1,1505,1506,0.1388
1,1515,1516,0.1388
1,1520,1521,0.1388
1,1532,1533,0.1388
1,1513,1514,0.1388
1,1531,1532,0.1388
1,1521,1522,0.1388
1,1516,1517,0.1388
1,1506,1507,0.1388
1,1506,1507,0.1388
1,1513,1514,0.1388
1,1515,1516,0.1388
1,1515,1516,0.1388
1,1509,1510,0.1388
1,1517,1518,0.1388
1,1506,1507,0.1388
1,1517,1518,0.1388
1,1512,1513,0.1388
1,1516,1517,0.1388
1,1521,1522,0.1388
1,1515,1516,0.1388
1,1522,1523,0.1388
1,1517,1518,0.1388
1,1512,1513,0.1388
1,1514,1515,0.1388
1,1511,1512,0.1388
1,1509,1510,0.1388
1,1499,1500,0.1388
1,1501,1502,0.1388
1,1513,1514,0.1388
1,1525,1526,0.1388
1,1510,1511,0.1388
1,1508,1509,0.1388
1,1522,1523,0.1388
1,1525,1526,0.1388
1,1520,1521,0.1388
1,1509,1510,0.1388
1,1516,1517,0.1388
1,1519,1520,0.1388
1,1510,1511,0.1388
1,1521,1522,0.1388
1,1518,1519,0.1388
1,1515,1516,0.1388
1,1514,1515,0.1388
1,1511,1512,0.1388
1,1519,1520,0.1388
1,1518,1519,0.1388
1,1504,1505,0.1388
1,1507,1508,0.1388
1,1502,1503,0.1388
1,1511,1512,0.1388
1,1516,1517,0.1388
1,1523,1524,0.1388
1,1507,1508,0.1388
2,1491,1493,0.1388
2,1499,1501,0.1388
2,1511,1513,0.1388
1,1497,1498,0.1388
3,1511,1514,0.1388
2,1518,1520,0.1388
3,1522,1525,0.1388
3,1510,1513,0.1388
4,1513,1517,0.1388
4,1507,1511,0.1388
4,1537,1541,0.1388
4,1535,1539,0.1388
5,1503,1508,0.1388
5,1511,1516,0.1388
5,1515,1520,0.1388
5,1502,1507,0.1388
5,1509,1514,0.1388
5,1504,1509,0.1388
5,1496,1501,0.1388
5,1508,1513,0.1388
5,1512,1517,0.1388
5,1503,1508,0.1388
5,1497,1502,0.1388
5,1507,1512,0.1388
5,1509,1514,0.1388
5,1526,1531,0.1388
4,1528,1532,0.1388
4,1531,1535,0.1388
4,1527,1531,0.1388
4,1516,1520,0.1388
4,1510,1514,0.1388
3,1519,1522,0.1388
3,1520,1523,0.1388
3,1535,1538,0.1388
3,1529,1532,0.1388
3,1516,1519,0.1388
3,1511,1514,0.1388
3,1501,1504,0.1388
2,1504,1506,0.1388
2,1507,1509,0.1388
2,1497,1499,0.1388
2,1503,1505,0.1388
2,1515,1517,0.1388
2,1518,1520,0.1388
2,1523,1525,0.1388
2,1521,1523,0.1388
2,1525,1527,0.1388
2,1513,1515,0.1388
1,1515,1516,0.1388
1,1529,1530,0.1388
1,1524,1525,0.1388
1,1523,1524,0.1388
1,1521,1522,0.1388
1,1516,1517,0.1388
0,1517,1517,0.1388
