1374,25,1399,0.1388
1406,26,1432,0.1388
1429,25,1454,0.1388
1444,26,1470,0.1388
1451,26,1477,0.1388
1454,26,1480,0.1388
1455,33,1488,0.1388
1460,33,1493,0.1388
1469,33,1502,0.1388
1465,33,1498,0.1388
1464,33,1497,0.1388
1473,33,1506,0.1388
1471,33,1504,0.1388
1465,33,1498,0.1388
1451,32,1483,0.1388
1454,31,1485,0.1388
1454,31,1485,0.1388
1465,33,1498,0.1388
1459,33,1492,0.1388
1458,30,1488,0.1388
1451,30,1481,0.1388
1453,31,1484,0.1388
1455,32,1487,0.1388
1464,33,1497,0.1388
1466,34,1500,0.1388
1468,34,1502,0.1388
1467,35,1502,0.1388
1457,33,1490,0.1388
1460,32,1492,0.1388
1465,30,1495,0.1388
1470,29,1499,0.1388
1470,28,1498,0.1388
1477,28,1505,0.1388
1477,27,1504,0.1388
1478,27,1505,0.1388
1465,27,1492,0.1388
1474,27,1501,0.1388
1471,27,1498,0.1388
1472,27,1499,0.1388
1476,25,1501,0.1388
1475,22,1497,0.1388
1466,21,1487,0.1388
1473,22,1495,0.1388
1481,21,1502,0.1388
1473,24,1497,0.1388
1467,25,1492,0.1388
1458,26,1484,0.1388
1459,26,1485,0.1388
1457,26,1483,0.1388
1465,26,1491,0.1388
1458,26,1484,0.1388
1473,26,1499,0.1388
1469,25,1494,0.1388
1458,26,1484,0.1388
1457,25,1482,0.1388
1468,24,1492,0.1388
1475,24,1499,0.1388
1471,24,1495,0.1388
1454,22,1476,0.1388
1457,22,1479,0.1388
1456,23,1479,0.1388
1460,23,1483,0.1388
1447,23,1470,0.1388
1451,23,1474,0.1388
1459,23,1482,0.1388
1466,22,1488,0.1388
1457,23,1480,0.1388
1459,24,1483,0.1388
1447,26,1473,0.1388
1453,26,1479,0.1388
1444,27,1471,0.1388
1450,28,1478,0.1388
1451,28,1479,0.1388
1447,28,1475,0.1388
1442,28,1470,0.1388
1443,31,1474,0.1388
1432,31,1463,0.1388
1437,31,1468,0.1388
1432,32,1464,0.1388
1437,32,1469,0.1388
1444,35,1479,0.1388
1438,36,1474,0.1388
1441,36,1477,0.1388
1423,39,1462,0.1388
1434,41,1475,0.1388
1436,40,1476,0.1388
1454,41,1495,0.1388
1465,41,1506,0.1388
1460,42,1502,0.1388
1467,42,1509,0.1388
1462,42,1504,0.1388
1451,42,1493,0.1388
1452,42,1494,0.1388
1456,41,1497,0.1388
1464,43,1507,0.1388
1456,42,1498,0.1388
1462,42,1504,0.1388
1467,43,1510,0.1388
1464,45,1509,0.1388
1457,46,1503,0.1388
1463,44,1507,0.1388
1451,46,1497,0.1388
1465,47,1512,0.1388
1460,48,1508,0.1388
1449,49,1498,0.1388
1445,50,1495,0.1388
1445,51,1496,0.1388
1439,50,1489,0.1388
1428,51,1479,0.1388
1433,52,1485,0.1388
1431,52,1483,0.1388
1435,52,1487,0.1388
1446,51,1497,0.1388
1445,54,1499,0.1388
1444,53,1497,0.1388
1440,51,1491,0.1388
1454,49,1503,0.1388
1444,47,1491,0.1388
1448,48,1496,0.1388
1469,47,1516,0.1388
1456,47,1503,0.1388
1463,48,1511,0.1388
1444,49,1493,0.1388
1443,50,1493,0.1388
1454,50,1504,0.1388
1453,51,1504,0.1388
1445,50,1495,0.1388
1437,49,1486,0.1388
1441,49,1490,0.1388
1434,49,1483,0.1388
1443,51,1494,0.1388
1439,52,1491,0.1388
1430,51,1481,0.1388
1431,53,1484,0.1388
1430,53,1483,0.1388
1440,54,1494,0.1388
1429,55,1484,0.1388
1438,57,1495,0.1388
1453,58,1511,0.1388
1437,58,1495,0.1388
1438,58,1496,0.1388
1427,54,1481,0.1388
1428,57,1485,0.1388
1431,58,1489,0.1388
1430,56,1486,0.1388
1430,56,1486,0.1388
1425,56,1481,0.1388
1422,56,1478,0.1388
1438,56,1494,0.1388
1440,56,1496,0.1388
1443,59,1502,0.1388
1442,58,1500,0.1388
1443,56,1499,0.1388
1435,56,1491,0.1388
1434,56,1490,0.1388
1436,56,1492,0.1388
1424,54,1478,0.1388
1434,53,1487,0.1388
1435,54,1489,0.1388
1434,55,1489,0.1388
1437,55,1492,0.1388
1433,56,1489,0.1388
1436,52,1488,0.1388
1433,49,1482,0.1388
1434,51,1485,0.1388
1430,49,1479,0.1388
1433,49,1482,0.1388
1432,49,1481,0.1388
1438,50,1488,0.1388
1446,48,1494,0.1388
1445,49,1494,0.1388
1441,46,1487,0.1388
1453,46,1499,0.1388
1454,43,1497,0.1388
1448,42,1490,0.1388
1455,42,1497,0.1388
1448,39,1487,0.1388
1449,45,1494,0.1388
1446,47,1493,0.1388
1462,47,1509,0.1388
1449,48,1497,0.1388
1464,46,1510,0.1388
1464,44,1508,0.1388
1459,42,1501,0.1388
1458,41,1499,0.1388
1447,41,1488,0.1388
1444,43,1487,0.1388
1457,42,1499,0.1388
1461,43,1504,0.1388
1447,46,1493,0.1388
1451,43,1494,0.1388
1454,42,1496,0.1388
1448,43,1491,0.1388
1451,43,1494,0.1388
1464,47,1511,0.1388
1449,49,1498,0.1388
1449,49,1498,0.1388
1444,49,1493,0.1388
1452,49,1501,0.1388
1458,49,1507,0.1388
1459,51,1510,0.1388
1454,48,1502,0.1388
1460,48,1508,0.1388
1455,49,1504,0.1388
1443,50,1493,0.1388
1439,46,1485,0.1388
1438,45,1483,0.1388
1447,48,1495,0.1388
1442,49,1491,0.1388
1448,49,1497,0.1388
1426,51,1477,0.1388
1449,50,1499,0.1388
1455,49,1504,0.1388
1446,51,1497,0.1388
1447,51,1498,0.1388
1454,52,1506,0.1388
1452,50,1502,0.1388
1445,53,1498,0.1388
1455,51,1506,0.1388
1460,51,1511,0.1388
1455,52,1507,0.1388
1455,52,1507,0.1388
1442,52,1494,0.1388
1437,52,1489,0.1388
1437,53,1490,0.1388
1440,52,1492,0.1388
1440,51,1491,0.1388
1433,51,1484,0.1388
1448,50,1498,0.1388
1445,51,1496,0.1388
1441,52,1493,0.1388
1433,53,1486,0.1388
1445,56,1501,0.1388
1450,56,1506,0.1388
1440,57,1497,0.1388
1445,58,1503,0.1388
1449,52,1501,0.1388
1444,52,1496,0.1388
1436,52,1488,0.1388
1444,54,1498,0.1388
1439,55,1494,0.1388
1445,58,1503,0.1388
1436,59,1495,0.1388
1443,57,1500,0.1388
1447,58,1505,0.1388
1443,58,1501,0.1388
1443,59,1502,0.1388
1451,61,1512,0.1388
1439,58,1497,0.1388
1455,59,1514,0.1388
1440,58,1498,0.1388
1443,62,1505,0.1388
1436,62,1498,0.1388
1439,61,1500,0.1388
1444,62,1506,0.1388
1442,61,1503,0.1388
1428,61,1489,0.1388
1428,65,1493,0.1388
1408,66,1474,0.1388
1410,66,1476,0.1388
1424,66,1490,0.1388
1424,68,1492,0.1388
1415,71,1486,0.1388
1401,71,1472,0.1388
1421,71,1492,0.1388
1419,71,1490,0.1388
1412,70,1482,0.1388
1417,66,1483,0.1388
1422,63,1485,0.1388
1428,61,1489,0.1388
1435,63,1498,0.1388
1436,62,1498,0.1388
1429,65,1494,0.1388
1437,65,1502,0.1388
1424,62,1486,0.1388
1419,64,1483,0.1388
1425,64,1489,0.1388
1427,65,1492,0.1388
1423,63,1486,0.1388
1427,66,1493,0.1388
1425,69,1494,0.1388
1421,67,1488,0.1388
1411,66,1477,0.1388
1422,66,1488,0.1388
1414,69,1483,0.1388
1425,70,1495,0.1388
1418,70,1488,0.1388
1428,65,1493,0.1388
1430,65,1495,0.1388
1432,64,1496,0.1388
1439,64,1503,0.1388
1426,64,1490,0.1388
1420,67,1487,0.1388
1450,63,1513,0.1388
1446,63,1509,0.1388
1430,62,1492,0.1388
1420,58,1478,0.1388
1441,58,1499,0.1388
1434,63,1497,0.1388
1414,63,1477,0.1388
1412,63,1475,0.1388
1426,65,1491,0.1388
1428,66,1494,0.1388
1436,68,1504,0.1388
1431,69,1500,0.1388
1432,68,1500,0.1388
1423,68,1491,0.1388
1419,66,1485,0.1388
1417,67,1484,0.1388
1419,65,1484,0.1388
1421,66,1487,0.1388
1439,66,1505,0.1388
1435,64,1499,0.1388
1428,66,1494,0.1388
1427,67,1494,0.1388
1427,69,1496,0.1388
1429,69,1498,0.1388
1419,71,1490,0.1388
1438,70,1508,0.1388
1423,71,1494,0.1388
1414,71,1485,0.1388
1415,73,1488,0.1388
1420,69,1489,0.1388
1419,71,1490,0.1388
1427,71,1498,0.1388
1430,72,1502,0.1388
1420,71,1491,0.1388
1411,76,1487,0.1388
1407,78,1485,0.1388
1405,75,1480,0.1388
1423,73,1496,0.1388
1432,73,1505,0.1388
1426,74,1500,0.1388
1417,75,1492,0.1388
1422,77,1499,0.1388
1423,74,1497,0.1388
1421,73,1494,0.1388
1410,72,1482,0.1388
1427,72,1499,0.1388
1421,73,1494,0.1388
1426,77,1503,0.1388
1432,74,1506,0.1388
1433,73,1506,0.1388
1430,74,1504,0.1388
1433,75,1508,0.1388
1434,76,1510,0.1388
1425,76,1501,0.1388
1415,78,1493,0.1388
1429,80,1509,0.1388
1421,81,1502,0.1388
1416,82,1498,0.1388
1424,82,1506,0.1388
1426,81,1507,0.1388
1408,78,1486,0.1388
1406,81,1487,0.1388
1408,81,1489,0.1388
1410,81,1491,0.1388
1415,83,1498,0.1388
1400,83,1483,0.1388
1414,80,1494,0.1388
1423,83,1506,0.1388
1421,83,1504,0.1388
1415,83,1498,0.1388
1413,81,1494,0.1388
1419,80,1499,0.1388
1415,81,1496,0.1388
1402,84,1486,0.1388
1412,78,1490,0.1388
1416,80,1496,0.1388
1416,82,1498,0.1388
1428,82,1510,0.1388
1425,82,1507,0.1388
1422,81,1503,0.1388
1416,84,1500,0.1388
1411,84,1495,0.1388
1405,83,1488,0.1388
1394,87,1481,0.1388
1396,89,1485,0.1388
1399,89,1488,0.1388
1402,89,1491,0.1388
1400,90,1490,0.1388
1384,92,1476,0.1388
1394,91,1485,0.1388
1402,92,1494,0.1388
1398,90,1488,0.1388
1409,90,1499,0.1388
1412,92,1504,0.1388
1406,92,1498,0.1388
1407,92,1499,0.1388
1398,91,1489,0.1388
1400,90,1490,0.1388
1403,90,1493,0.1388
1397,88,1485,0.1388
1400,87,1487,0.1388
1417,84,1501,0.1388
1408,87,1495,0.1388
1411,86,1497,0.1388
1410,89,1499,0.1388
1417,89,1506,0.1388
1413,89,1502,0.1388
1406,92,1498,0.1388
1418,91,1509,0.1388
1411,91,1502,0.1388
1407,95,1502,0.1388
1385,95,1480,0.1388
1389,95,1484,0.1388
1403,97,1500,0.1388
1417,94,1511,0.1388
1409,95,1504,0.1388
1393,96,1489,0.1388
1383,96,1479,0.1388
1393,95,1488,0.1388
1392,95,1487,0.1388
1388,97,1485,0.1388
1379,98,1477,0.1388
1385,98,1483,0.1388
1379,97,1476,0.1388
1368,94,1462,0.1388
1364,96,1460,0.1388
1367,93,1460,0.1388
1386,95,1481,0.1388
1388,93,1481,0.1388
1379,98,1477,0.1388
1379,99,1478,0.1388
1388,99,1487,0.1388
1402,97,1499,0.1388
1391,98,1489,0.1388
1392,97,1489,0.1388
1406,98,1504,0.1388
1409,99,1508,0.1388
1414,98,1512,0.1388
1409,99,1508,0.1388
1398,97,1495,0.1388
1395,92,1487,0.1388
1395,98,1493,0.1388
1394,99,1493,0.1388
1390,97,1487,0.1388
1407,88,1495,0.1388
1404,92,1496,0.1388
1397,93,1490,0.1388
1396,94,1490,0.1388
1402,99,1501,0.1388
1393,96,1489,0.1388
1405,94,1499,0.1388
1412,96,1508,0.1388
1411,94,1505,0.1388
1410,100,1510,0.1388
1407,102,1509,0.1388
1406,99,1505,0.1388
1407,101,1508,0.1388
1409,100,1509,0.1388
1413,99,1512,0.1388
1406,97,1503,0.1388
1398,95,1493,0.1388
1383,92,1475,0.1388
1395,92,1487,0.1388
1399,90,1489,0.1388
1385,89,1474,0.1388
1393,84,1477,0.1388
1403,84,1487,0.1388
1409,89,1498,0.1388
1412,91,1503,0.1388
1403,89,1492,0.1388
1405,89,1494,0.1388
1405,89,1494,0.1388
1388,92,1480,0.1388
1390,94,1484,0.1388
1397,91,1488,0.1388
1400,92,1492,0.1388
1402,87,1489,0.1388
1397,88,1485,0.1388
1395,93,1488,0.1388
1405,93,1498,0.1388
1396,93,1489,0.1388
1402,93,1495,0.1388
1400,95,1495,0.1388
1407,96,1503,0.1388
1397,96,1493,0.1388
1395,101,1496,0.1388
1385,101,1486,0.1388
1388,102,1490,0.1388
1396,102,1498,0.1388
1394,99,1493,0.1388
1392,100,1492,0.1388
1406,101,1507,0.1388
1393,102,1495,0.1388
1385,100,1485,0.1388
1386,103,1489,0.1388
1396,103,1499,0.1388
1402,101,1503,0.1388
1407,101,1508,0.1388
1397,105,1502,0.1388
1396,108,1504,0.1388
1393,108,1501,0.1388
1396,110,1506,0.1388
1381,108,1489,0.1388
1374,111,1485,0.1388
1384,108,1492,0.1388
1391,106,1497,0.1388
1379,110,1489,0.1388
1371,114,1485,0.1388
1370,118,1488,0.1388
1370,121,1491,0.1388
1372,116,1488,0.1388
1378,117,1495,0.1388
1373,120,1493,0.1388
1381,118,1499,0.1388
1379,118,1497,0.1388
1375,117,1492,0.1388
1377,117,1494,0.1388
1366,120,1486,0.1388
1369,124,1493,0.1388
1369,125,1494,0.1388
1364,120,1484,0.1388
1383,122,1505,0.1388
1372,124,1496,0.1388
1369,126,1495,0.1388
1366,128,1494,0.1388
1369,126,1495,0.1388
1365,124,1489,0.1388
1364,125,1489,0.1388
1359,124,1483,0.1388
1361,122,1483,0.1388
1363,128,1491,0.1388
1352,126,1478,0.1388
1361,127,1488,0.1388
1355,130,1485,0.1388
1353,128,1481,0.1388
1344,130,1474,0.1388
1352,134,1486,0.1388
1349,134,1483,0.1388
1355,134,1489,0.1388
1360,135,1495,0.1388
1354,134,1488,0.1388
1367,136,1503,0.1388
1379,136,1515,0.1388
1368,137,1505,0.1388
1365,135,1500,0.1388
1360,136,1496,0.1388
1360,135,1495,0.1388
1360,136,1496,0.1388
1348,137,1485,0.1388
1360,139,1499,0.1388
1359,143,1502,0.1388
1351,143,1494,0.1388
1343,139,1482,0.1388
1352,137,1489,0.1388
1367,138,1505,0.1388
1366,143,1509,0.1388
1360,142,1502,0.1388
1370,143,1513,0.1388
1364,149,1513,0.1388
1366,150,1516,0.1388
1359,146,1505,0.1388
1367,146,1513,0.1388
1363,147,1510,0.1388
1363,145,1508,0.1388
1366,142,1508,0.1388
1363,145,1508,0.1388
1358,146,1504,0.1388
1345,145,1490,0.1388
1356,142,1498,0.1388
1358,143,1501,0.1388
1361,142,1503,0.1388
1358,141,1499,0.1388
1343,140,1483,0.1388
1350,146,1496,0.1388
1355,150,1505,0.1388
1348,153,1501,0.1388
1354,146,1500,0.1388
1353,146,1499,0.1388
1348,147,1495,0.1388
1351,146,1497,0.1388
1351,144,1495,0.1388
1347,144,1491,0.1388
1347,144,1491,0.1388
1356,145,1501,0.1388
1352,143,1495,0.1388
1340,143,1483,0.1388
1331,148,1479,0.1388
1341,148,1489,0.1388
1348,147,1495,0.1388
1353,149,1502,0.1388
1366,151,1517,0.1388
1349,151,1500,0.1388
1359,150,1509,0.1388
1354,152,1506,0.1388
1358,159,1517,0.1388
1355,157,1512,0.1388
1362,155,1517,0.1388
1361,152,1513,0.1388
1357,151,1508,0.1388
1345,150,1495,0.1388
1342,153,1495,0.1388
1341,153,1494,0.1388
1334,151,1485,0.1388
1343,150,1493,0.1388
1349,154,1503,0.1388
1341,153,1494,0.1388
1346,147,1493,0.1388
1337,145,1482,0.1388
1341,149,1490,0.1388
1340,149,1489,0.1388
1350,151,1501,0.1388
1351,154,1505,0.1388
1341,154,1495,0.1388
1351,152,1503,0.1388
1344,150,1494,0.1388
1346,151,1497,0.1388
1349,150,1499,0.1388
1351,153,1504,0.1388
1342,151,1493,0.1388
1342,154,1496,0.1388
1356,158,1514,0.1388
1344,156,1500,0.1388
1352,158,1510,0.1388
1344,157,1501,0.1388
1350,161,1511,0.1388
1352,158,1510,0.1388
1341,155,1496,0.1388
1345,157,1502,0.1388
1349,157,1506,0.1388
1338,156,1494,0.1388
1338,153,1491,0.1388
1335,157,1492,0.1388
1349,158,1507,0.1388
1338,152,1490,0.1388
1342,155,1497,0.1388
1349,160,1509,0.1388
1351,162,1513,0.1388
1338,162,1500,0.1388
1344,162,1506,0.1388
1339,164,1503,0.1388
1335,163,1498,0.1388
1340,162,1502,0.1388
1340,163,1503,0.1388
1332,162,1494,0.1388
1337,166,1503,0.1388
1349,165,1514,0.1388
1340,167,1507,0.1388
1333,164,1497,0.1388
1337,163,1500,0.1388
1337,159,1496,0.1388
1344,162,1506,0.1388
1334,162,1496,0.1388
1341,164,1505,0.1388
1340,162,1502,0.1388
1342,162,1504,0.1388
1342,156,1498,0.1388
1338,156,1494,0.1388
1332,152,1484,0.1388
1333,157,1490,0.1388
1342,163,1505,0.1388
1333,163,1496,0.1388
1331,162,1493,0.1388
1338,164,1502,0.1388
1328,167,1495,0.1388
1337,166,1503,0.1388
1333,167,1500,0.1388
1342,159,1501,0.1388
1334,167,1501,0.1388
1337,163,1500,0.1388
1346,168,1514,0.1388
1341,168,1509,0.1388
1349,165,1514,0.1388
1347,169,1516,0.1388
1339,172,1511,0.1388
1328,173,1501,0.1388
1325,167,1492,0.1388
1318,174,1492,0.1388
1326,172,1498,0.1388
1326,172,1498,0.1388
1322,169,1491,0.1388
1329,167,1496,0.1388
1331,163,1494,0.1388
1324,164,1488,0.1388
1334,166,1500,0.1388
1323,173,1496,0.1388
1317,172,1489,0.1388
1304,172,1476,0.1388
1311,173,1484,0.1388
1329,171,1500,0.1388
1317,166,1483,0.1388
1333,169,1502,0.1388
1343,166,1509,0.1388
1345,164,1509,0.1388
1340,168,1508,0.1388
1331,170,1501,0.1388
1328,176,1504,0.1388
1327,173,1500,0.1388
1330,175,1505,0.1388
1326,176,1502,0.1388
1323,176,1499,0.1388
1325,178,1503,0.1388
1322,177,1499,0.1388
1324,184,1508,0.1388
1310,184,1494,0.1388
1315,181,1496,0.1388
1307,185,1492,0.1388
1305,181,1486,0.1388
1303,182,1485,0.1388
1288,177,1465,0.1388
1308,177,1485,0.1388
1314,184,1498,0.1388
1313,185,1498,0.1388
1315,187,1502,0.1388
1320,187,1507,0.1388
1320,190,1510,0.1388
1328,192,1520,0.1388
1315,193,1508,0.1388
1316,190,1506,0.1388
1316,190,1506,0.1388
1320,192,1512,0.1388
1314,192,1506,0.1388
1303,192,1495,0.1388
1297,189,1486,0.1388
1299,189,1488,0.1388
1318,189,1507,0.1388
1312,194,1506,0.1388
1316,196,1512,0.1388
1324,197,1521,0.1388
1314,196,1510,0.1388
1302,194,1496,0.1388
1302,189,1491,0.1388
1300,187,1487,0.1388
1308,186,1494,0.1388
1308,191,1499,0.1388
1312,193,1505,0.1388
1309,195,1504,0.1388
1308,197,1505,0.1388
1307,192,1499,0.1388
1313,188,1501,0.1388
1321,189,1510,0.1388
1317,191,1508,0.1388
1313,190,1503,0.1388
1294,188,1482,0.1388
1288,187,1475,0.1388
1280,187,1467,0.1388
1290,188,1478,0.1388
1294,189,1483,0.1388
1295,193,1488,0.1388
1288,192,1480,0.1388
1275,190,1465,0.1388
1288,189,1477,0.1388
1287,194,1481,0.1388
1295,192,1487,0.1388
1291,196,1487,0.1388
1298,200,1498,0.1388
1285,201,1486,0.1388
1277,202,1479,0.1388
1285,201,1486,0.1388
1285,205,1490,0.1388
1280,211,1491,0.1388
1276,215,1491,0.1388
1281,220,1501,0.1388
1302,221,1523,0.1388
1309,217,1526,0.1388
1288,218,1506,0.1388
1288,220,1508,0.1388
1277,221,1498,0.1388
1270,226,1496,0.1388
1266,229,1495,0.1388
1274,228,1502,0.1388
1287,228,1515,0.1388
1277,229,1506,0.1388
1264,234,1498,0.1388
1266,232,1498,0.1388
1270,227,1497,0.1388
1264,224,1488,0.1388
1253,230,1483,0.1388
1248,232,1480,0.1388
1241,233,1474,0.1388
1253,226,1479,0.1388
1257,228,1485,0.1388
1257,226,1483,0.1388
1264,226,1490,0.1388
1270,230,1500,0.1388
1270,231,1501,0.1388
1252,237,1489,0.1388
1264,236,1500,0.1388
1264,239,1503,0.1388
1245,238,1483,0.1388
1253,236,1489,0.1388
1259,234,1493,0.1388
1261,230,1491,0.1388
1275,228,1503,0.1388
1274,227,1501,0.1388
1278,233,1511,0.1388
1269,233,1502,0.1388
1259,233,1492,0.1388
1254,233,1487,0.1388
1259,237,1496,0.1388
1266,237,1503,0.1388
1254,234,1488,0.1388
1269,235,1504,0.1388
1261,238,1499,0.1388
1264,239,1503,0.1388
1263,240,1503,0.1388
1255,238,1493,0.1388
1249,241,1490,0.1388
1257,243,1500,0.1388
1257,236,1493,0.1388
1263,238,1501,0.1388
1258,239,1497,0.1388
1254,244,1498,0.1388
1260,243,1503,0.1388
1255,244,1499,0.1388
1259,245,1504,0.1388
1246,248,1494,0.1388
1234,252,1486,0.1388
1241,250,1491,0.1388
1244,248,1492,0.1388
1244,245,1489,0.1388
1249,247,1496,0.1388
1255,246,1501,0.1388
1259,245,1504,0.1388
1269,235,1504,0.1388
1264,239,1503,0.1388
1250,241,1491,0.1388
1243,241,1484,0.1388
1253,241,1494,0.1388
1253,241,1494,0.1388
1251,241,1492,0.1388
1253,237,1490,0.1388
1262,244,1506,0.1388
1254,245,1499,0.1388
1253,232,1485,0.1388
1266,232,1498,0.1388
1264,230,1494,0.1388
1259,230,1489,0.1388
1263,232,1495,0.1388
1264,233,1497,0.1388
1265,231,1496,0.1388
1269,230,1499,0.1388
1269,232,1501,0.1388
1265,233,1498,0.1388
1273,234,1507,0.1388
1269,239,1508,0.1388
1266,242,1508,0.1388
1264,241,1505,0.1388
1266,244,1510,0.1388
1251,242,1493,0.1388
1256,234,1490,0.1388
1261,227,1488,0.1388
1258,231,1489,0.1388
1249,235,1484,0.1388
1264,240,1504,0.1388
1264,248,1512,0.1388
1265,250,1515,0.1388
1260,248,1508,0.1388
1261,251,1512,0.1388
1258,249,1507,0.1388
1251,257,1508,0.1388
1251,252,1503,0.1388
1256,256,1512,0.1388
1245,250,1495,0.1388
1235,253,1488,0.1388
1237,256,1493,0.1388
1230,258,1488,0.1388
1231,259,1490,0.1388
1233,255,1488,0.1388
1235,252,1487,0.1388
1241,256,1497,0.1388
1239,255,1494,0.1388
1251,256,1507,0.1388
1248,255,1503,0.1388
1252,252,1504,0.1388
1244,255,1499,0.1388
1246,257,1503,0.1388
1239,258,1497,0.1388
1248,256,1504,0.1388
1256,251,1507,0.1388
1248,250,1498,0.1388
1235,251,1486,0.1388
1229,249,1478,0.1388
1230,249,1479,0.1388
1234,257,1491,0.1388
1239,256,1495,0.1388
1244,254,1498,0.1388
1243,257,1500,0.1388
1238,247,1485,0.1388
1241,254,1495,0.1388
1234,259,1493,0.1388
1241,258,1499,0.1388
1243,252,1495,0.1388
1236,259,1495,0.1388
1229,256,1485,0.1388
1233,256,1489,0.1388
1227,260,1487,0.1388
1222,265,1487,0.1388
1222,261,1483,0.1388
1225,268,1493,0.1388
1221,265,1486,0.1388
1225,263,1488,0.1388
1222,262,1484,0.1388
1222,262,1484,0.1388
1244,260,1504,0.1388
1249,262,1511,0.1388
1237,264,1501,0.1388
1239,269,1508,0.1388
1225,269,1494,0.1388
1235,267,1502,0.1388
1213,266,1479,0.1388
1225,271,1496,0.1388
1219,273,1492,0.1388
1226,283,1509,0.1388
1218,278,1496,0.1388
1203,276,1479,0.1388
1202,276,1478,0.1388
1210,274,1484,0.1388
1211,280,1491,0.1388
1203,280,1483,0.1388
1215,279,1494,0.1388
1208,279,1487,0.1388
1205,277,1482,0.1388
1200,281,1481,0.1388
1209,280,1489,0.1388
1217,282,1499,0.1388
1218,283,1501,0.1388
1217,283,1500,0.1388
1213,286,1499,0.1388
1203,292,1495,0.1388
1194,292,1486,0.1388
1202,292,1494,0.1388
1204,295,1499,0.1388
1202,293,1495,0.1388
1206,292,1498,0.1388
1213,290,1503,0.1388
1213,287,1500,0.1388
1213,282,1495,0.1388
1208,289,1497,0.1388
1206,300,1506,0.1388
1206,298,1504,0.1388
1211,293,1504,0.1388
1213,293,1506,0.1388
1196,297,1493,0.1388
1183,294,1477,0.1388
1190,295,1485,0.1388
1203,299,1502,0.1388
1201,295,1496,0.1388
1204,289,1493,0.1388
1213,296,1509,0.1388
1207,295,1502,0.1388
1202,303,1505,0.1388
1201,302,1503,0.1388
1192,307,1499,0.1388
1192,302,1494,0.1388
1196,303,1499,0.1388
1202,303,1505,0.1388
1191,302,1493,0.1388
1192,306,1498,0.1388
1196,310,1506,0.1388
1188,314,1502,0.1388
1198,319,1517,0.1388
1201,314,1515,0.1388
1202,313,1515,0.1388
1196,316,1512,0.1388
1199,313,1512,0.1388
1184,314,1498,0.1388
1182,315,1497,0.1388
1172,316,1488,0.1388
1163,319,1482,0.1388
1172,320,1492,0.1388
1180,326,1506,0.1388
1175,327,1502,0.1388
1168,326,1494,0.1388
1167,331,1498,0.1388
1170,333,1503,0.1388
1158,342,1500,0.1388
1149,346,1495,0.1388
1152,343,1495,0.1388
1147,342,1489,0.1388
1155,342,1497,0.1388
1158,350,1508,0.1388
1171,348,1519,0.1388
1156,344,1500,0.1388
1151,341,1492,0.1388
1144,335,1479,0.1388
1149,338,1487,0.1388
1147,339,1486,0.1388
1137,345,1482,0.1388
1138,348,1486,0.1388
1127,355,1482,0.1388
1134,355,1489,0.1388
1137,355,1492,0.1388
1134,361,1495,0.1388
1125,365,1490,0.1388
1131,364,1495,0.1388
1126,360,1486,0.1388
1133,364,1497,0.1388
1137,373,1510,0.1388
1132,375,1507,0.1388
1129,378,1507,0.1388
1131,380,1511,0.1388
1125,380,1505,0.1388
1111,385,1496,0.1388
1120,383,1503,0.1388
1116,394,1510,0.1388
1113,394,1507,0.1388
1102,397,1499,0.1388
1097,406,1503,0.1388
1095,402,1497,0.1388
1095,400,1495,0.1388
1103,398,1501,0.1388
1113,403,1516,0.1388
1100,396,1496,0.1388
1096,390,1486,0.1388
1098,394,1492,0.1388
1094,389,1483,0.1388
1116,383,1499,0.1388
1127,386,1513,0.1388
1130,391,1521,0.1388
1127,391,1518,0.1388
1124,388,1512,0.1388
1129,386,1515,0.1388
1123,384,1507,0.1388
1115,381,1496,0.1388
1116,387,1503,0.1388
1126,384,1510,0.1388
1127,383,1510,0.1388
1129,379,1508,0.1388
1127,378,1505,0.1388
1127,388,1515,0.1388
1129,387,1516,0.1388
1112,380,1492,0.1388
1105,386,1491,0.1388
1096,392,1488,0.1388
1085,399,1484,0.1388
1084,406,1490,0.1388
1083,412,1495,0.1388
1084,415,1499,0.1388
1077,418,1495,0.1388
1081,414,1495,0.1388
1093,414,1507,0.1388
1094,409,1503,0.1388
1083,409,1492,0.1388
1083,416,1499,0.1388
1083,423,1506,0.1388
1084,428,1512,0.1388
1085,425,1510,0.1388
1079,428,1507,0.1388
1080,431,1511,0.1388
1061,426,1487,0.1388
1058,417,1475,0.1388
1054,420,1474,0.1388
1053,428,1481,0.1388
1073,420,1493,0.1388
1071,433,1504,0.1388
1068,436,1504,0.1388
1052,440,1492,0.1388
1055,439,1494,0.1388
1063,439,1502,0.1388
1052,440,1492,0.1388
1054,444,1498,0.1388
1053,448,1501,0.1388
1050,444,1494,0.1388
1062,447,1509,0.1388
1063,448,1511,0.1388
1057,449,1506,0.1388
1054,448,1502,0.1388
1049,445,1494,0.1388
1051,450,1501,0.1388
1056,455,1511,0.1388
1049,451,1500,0.1388
1040,451,1491,0.1388
1048,450,1498,0.1388
1046,460,1506,0.1388
1051,464,1515,0.1388
1058,462,1520,0.1388
1059,465,1524,0.1388
1045,463,1508,0.1388
1029,467,1496,0.1388
1027,480,1507,0.1388
1013,473,1486,0.1388
1008,473,1481,0.1388
1017,481,1498,0.1388
1016,481,1497,0.1388
1020,480,1500,0.1388
1017,481,1498,0.1388
1007,495,1502,0.1388
1005,488,1493,0.1388
1016,489,1505,0.1388
1015,489,1504,0.1388
1014,486,1500,0.1388
1015,482,1497,0.1388
1011,482,1493,0.1388
1014,487,1501,0.1388
1008,488,1496,0.1388
1011,492,1503,0.1388
1016,489,1505,0.1388
1013,479,1492,0.1388
1022,474,1496,0.1388
1017,479,1496,0.1388
1024,483,1507,0.1388
1018,492,1510,0.1388
1011,497,1508,0.1388
1011,491,1502,0.1388
1011,479,1490,0.1388
1011,481,1492,0.1388
1005,487,1492,0.1388
1000,489,1489,0.1388
1008,485,1493,0.1388
999,490,1489,0.1388
1020,493,1513,0.1388
1019,495,1514,0.1388
1008,497,1505,0.1388
998,495,1493,0.1388
1003,491,1494,0.1388
1004,493,1497,0.1388
993,498,1491,0.1388
984,490,1474,0.1388
987,493,1480,0.1388
996,491,1487,0.1388
999,491,1490,0.1388
997,491,1488,0.1388
1005,504,1509,0.1388
1003,509,1512,0.1388
1006,502,1508,0.1388
1004,507,1511,0.1388
1006,510,1516,0.1388
1000,508,1508,0.1388
1010,502,1512,0.1388
1004,495,1499,0.1388
1013,497,1510,0.1388
1015,502,1517,0.1388
1011,497,1508,0.1388
1003,501,1504,0.1388
1001,500,1501,0.1388
1000,505,1505,0.1388
1001,499,1500,0.1388
1002,504,1506,0.1388
1009,510,1519,0.1388
996,509,1505,0.1388
987,506,1493,0.1388
984,501,1485,0.1388
985,510,1495,0.1388
976,515,1491,0.1388
973,518,1491,0.1388
967,521,1488,0.1388
978,523,1501,0.1388
976,524,1500,0.1388
982,520,1502,0.1388
992,523,1515,0.1388
980,521,1501,0.1388
987,518,1505,0.1388
980,524,1504,0.1388
974,527,1501,0.1388
977,523,1500,0.1388
973,531,1504,0.1388
971,533,1504,0.1388
971,536,1507,0.1388
979,541,1520,0.1388
969,537,1506,0.1388
974,538,1512,0.1388
975,531,1506,0.1388
964,526,1490,0.1388
962,525,1487,0.1388
951,534,1485,0.1388
946,531,1477,0.1388
959,533,1492,0.1388
958,543,1501,0.1388
961,554,1515,0.1388
948,556,1504,0.1388
954,550,1504,0.1388
951,549,1500,0.1388
945,556,1501,0.1388
941,561,1502,0.1388
939,564,1503,0.1388
942,566,1508,0.1388
935,571,1506,0.1388
936,577,1513,0.1388
931,578,1509,0.1388
934,574,1508,0.1388
935,583,1518,0.1388
928,589,1517,0.1388
918,584,1502,0.1388
912,576,1488,0.1388
911,577,1488,0.1388
912,583,1495,0.1388
915,594,1509,0.1388
909,594,1503,0.1388
906,604,1510,0.1388
908,603,1511,0.1388
903,606,1509,0.1388
900,603,1503,0.1388
894,602,1496,0.1388
896,596,1492,0.1388
894,607,1501,0.1388
889,613,1502,0.1388
887,609,1496,0.1388
895,610,1505,0.1388
888,604,1492,0.1388
888,610,1498,0.1388
882,613,1495,0.1388
873,614,1487,0.1388
871,619,1490,0.1388
877,616,1493,0.1388
888,635,1523,0.1388
876,636,1512,0.1388
872,634,1506,0.1388
864,633,1497,0.1388
865,634,1499,0.1388
864,631,1495,0.1388
864,629,1493,0.1388
870,624,1494,0.1388
869,628,1497,0.1388
873,640,1513,0.1388
866,642,1508,0.1388
858,638,1496,0.1388
854,636,1490,0.1388
856,634,1490,0.1388
845,637,1482,0.1388
849,643,1492,0.1388
861,643,1504,0.1388
866,648,1514,0.1388
860,647,1507,0.1388
855,650,1505,0.1388
849,648,1497,0.1388
844,643,1487,0.1388
846,645,1491,0.1388
836,657,1493,0.1388
832,660,1492,0.1388
825,652,1477,0.1388
843,649,1492,0.1388
840,649,1489,0.1388
843,651,1494,0.1388
841,654,1495,0.1388
843,671,1514,0.1388
848,675,1523,0.1388
834,674,1508,0.1388
827,678,1505,0.1388
838,674,1512,0.1388
838,668,1506,0.1388
828,675,1503,0.1388
835,689,1524,0.1388
830,686,1516,0.1388
819,679,1498,0.1388
820,681,1501,0.1388
830,684,1514,0.1388
830,681,1511,0.1388
821,682,1503,0.1388
829,686,1515,0.1388
817,687,1504,0.1388
815,690,1505,0.1388
815,689,1504,0.1388
810,689,1499,0.1388
820,690,1510,0.1388
819,693,1512,0.1388
805,692,1497,0.1388
812,700,1512,0.1388
812,703,1515,0.1388
794,703,1497,0.1388
791,707,1498,0.1388
797,707,1504,0.1388
795,712,1507,0.1388
805,701,1506,0.1388
792,699,1491,0.1388
790,696,1486,0.1388
797,698,1495,0.1388
796,705,1501,0.1388
799,702,1501,0.1388
799,706,1505,0.1388
799,700,1499,0.1388
812,706,1518,0.1388
807,710,1517,0.1388
796,712,1508,0.1388
801,721,1522,0.1388
796,714,1510,0.1388
796,711,1507,0.1388
789,723,1512,0.1388
786,713,1499,0.1388
779,707,1486,0.1388
785,703,1488,0.1388
793,713,1506,0.1388
792,721,1513,0.1388
786,730,1516,0.1388
781,729,1510,0.1388
781,730,1511,0.1388
775,721,1496,0.1388
784,723,1507,0.1388
787,720,1507,0.1388
788,718,1506,0.1388
777,720,1497,0.1388
772,723,1495,0.1388
771,737,1508,0.1388
758,739,1497,0.1388
760,734,1494,0.1388
761,730,1491,0.1388
760,726,1486,0.1388
762,728,1490,0.1388
756,730,1486,0.1388
772,739,1511,0.1388
764,741,1505,0.1388
760,748,1508,0.1388
754,746,1500,0.1388
757,752,1509,0.1388
753,757,1510,0.1388
748,759,1507,0.1388
754,754,1508,0.1388
746,754,1500,0.1388
738,755,1493,0.1388
738,765,1503,0.1388
731,768,1499,0.1388
726,767,1493,0.1388
741,763,1504,0.1388
747,762,1509,0.1388
742,759,1501,0.1388
741,775,1516,0.1388
742,779,1521,0.1388
733,769,1502,0.1388
739,765,1504,0.1388
726,764,1490,0.1388
733,760,1493,0.1388
741,764,1505,0.1388
735,771,1506,0.1388
733,779,1512,0.1388
733,782,1515,0.1388
729,786,1515,0.1388
733,779,1512,0.1388
723,783,1506,0.1388
718,789,1507,0.1388
726,792,1518,0.1388
726,791,1517,0.1388
722,792,1514,0.1388
722,789,1511,0.1388
725,780,1505,0.1388
722,781,1503,0.1388
718,783,1501,0.1388
725,782,1507,0.1388
725,772,1497,0.1388
714,779,1493,0.1388
717,790,1507,0.1388
728,791,1519,0.1388
730,791,1521,0.1388
734,797,1531,0.1388
731,786,1517,0.1388
733,787,1520,0.1388
727,783,1510,0.1388
725,785,1510,0.1388
721,796,1517,0.1388
720,791,1511,0.1388
729,802,1531,0.1388
723,796,1519,0.1388
720,792,1512,0.1388
710,782,1492,0.1388
711,783,1494,0.1388
719,799,1518,0.1388
704,803,1507,0.1388
698,802,1500,0.1388
691,799,1490,0.1388
690,808,1498,0.1388
679,805,1484,0.1388
687,804,1491,0.1388
685,817,1502,0.1388
682,810,1492,0.1388
679,819,1498,0.1388
687,815,1502,0.1388
694,821,1515,0.1388
685,813,1498,0.1388
690,815,1505,0.1388
678,813,1491,0.1388
674,811,1485,0.1388
677,809,1486,0.1388
679,808,1487,0.1388
688,807,1495,0.1388
693,807,1500,0.1388
682,805,1487,0.1388
685,798,1483,0.1388
675,802,1477,0.1388
670,803,1473,0.1388
675,813,1488,0.1388
675,811,1486,0.1388
672,811,1483,0.1388
667,824,1491,0.1388
677,817,1494,0.1388
673,818,1491,0.1388
677,824,1501,0.1388
674,826,1500,0.1388
663,829,1492,0.1388
668,828,1496,0.1388
665,831,1496,0.1388
669,831,1500,0.1388
668,837,1505,0.1388
659,846,1505,0.1388
663,842,1505,0.1388
663,851,1514,0.1388
663,863,1526,0.1388
665,856,1521,0.1388
666,842,1508,0.1388
663,842,1505,0.1388
654,853,1507,0.1388
653,855,1508,0.1388
660,859,1519,0.1388
658,870,1528,0.1388
658,865,1523,0.1388
660,862,1522,0.1388
669,847,1516,0.1388
667,841,1508,0.1388
667,838,1505,0.1388
661,833,1494,0.1388
660,845,1505,0.1388
656,839,1495,0.1388
657,843,1500,0.1388
666,844,1510,0.1388
668,852,1520,0.1388
657,853,1510,0.1388
657,853,1510,0.1388
663,857,1520,0.1388
659,862,1521,0.1388
659,853,1512,0.1388
650,860,1510,0.1388
651,854,1505,0.1388
656,853,1509,0.1388
653,852,1505,0.1388
655,859,1514,0.1388
642,868,1510,0.1388
645,865,1510,0.1388
652,857,1509,0.1388
651,859,1510,0.1388
652,858,1510,0.1388
656,860,1516,0.1388
666,860,1526,0.1388
653,865,1518,0.1388
651,866,1517,0.1388
646,872,1518,0.1388
644,880,1524,0.1388
641,875,1516,0.1388
631,879,1510,0.1388
632,873,1505,0.1388
636,874,1510,0.1388
623,870,1493,0.1388
630,869,1499,0.1388
625,881,1506,0.1388
623,890,1513,0.1388
619,897,1516,0.1388
613,892,1505,0.1388
607,895,1502,0.1388
611,900,1511,0.1388
611,895,1506,0.1388
606,902,1508,0.1388
601,906,1507,0.1388
599,908,1507,0.1388
596,898,1494,0.1388
597,903,1500,0.1388
589,899,1488,0.1388
595,909,1504,0.1388
596,906,1502,0.1388
597,919,1516,0.1388
607,911,1518,0.1388
603,907,1510,0.1388
596,909,1505,0.1388
595,903,1498,0.1388
592,899,1491,0.1388
591,907,1498,0.1388
592,917,1509,0.1388
596,916,1512,0.1388
586,913,1499,0.1388
583,914,1497,0.1388
584,920,1504,0.1388
590,910,1500,0.1388
585,908,1493,0.1388
586,914,1500,0.1388
580,936,1516,0.1388
591,933,1524,0.1388
582,933,1515,0.1388
576,935,1511,0.1388
578,930,1508,0.1388
580,925,1505,0.1388
584,931,1515,0.1388
590,939,1529,0.1388
585,931,1516,0.1388
588,930,1518,0.1388
584,932,1516,0.1388
576,939,1515,0.1388
579,935,1514,0.1388
575,930,1505,0.1388
571,946,1517,0.1388
567,940,1507,0.1388
565,942,1507,0.1388
563,949,1512,0.1388
570,953,1523,0.1388
564,959,1523,0.1388
562,950,1512,0.1388
563,952,1515,0.1388
561,955,1516,0.1388
551,953,1504,0.1388
549,953,1502,0.1388
551,960,1511,0.1388
545,961,1506,0.1388
537,954,1491,0.1388
545,952,1497,0.1388
547,959,1506,0.1388
540,952,1492,0.1388
549,945,1494,0.1388
546,961,1507,0.1388
543,966,1509,0.1388
546,968,1514,0.1388
536,969,1505,0.1388
542,963,1505,0.1388
535,962,1497,0.1388
531,971,1502,0.1388
544,959,1503,0.1388
541,961,1502,0.1388
541,958,1499,0.1388
535,958,1493,0.1388
534,949,1483,0.1388
539,953,1492,0.1388
537,966,1503,0.1388
541,955,1496,0.1388
540,962,1502,0.1388
540,970,1510,0.1388
542,975,1517,0.1388
541,972,1513,0.1388
536,973,1509,0.1388
539,975,1514,0.1388
536,980,1516,0.1388
541,980,1521,0.1388
536,980,1516,0.1388
536,990,1526,0.1388
530,983,1513,0.1388
524,974,1498,0.1388
525,970,1495,0.1388
524,976,1500,0.1388
527,973,1500,0.1388
526,973,1499,0.1388
526,985,1511,0.1388
524,984,1508,0.1388
522,987,1509,0.1388
527,977,1504,0.1388
521,983,1504,0.1388
511,992,1503,0.1388
518,1005,1523,0.1388
510,997,1507,0.1388
525,988,1513,0.1388
521,981,1502,0.1388
522,994,1516,0.1388
526,991,1517,0.1388
518,986,1504,0.1388
507,979,1486,0.1388
513,985,1498,0.1388
509,988,1497,0.1388
515,992,1507,0.1388
496,1004,1500,0.1388
504,1005,1509,0.1388
504,1007,1511,0.1388
503,1011,1514,0.1388
502,1007,1509,0.1388
508,1008,1516,0.1388
504,1009,1513,0.1388
506,1012,1518,0.1388
509,1006,1515,0.1388
506,1004,1510,0.1388
506,1006,1512,0.1388
499,1003,1502,0.1388
501,1005,1506,0.1388
512,1004,1516,0.1388
508,1004,1512,0.1388
505,1006,1511,0.1388
501,1011,1512,0.1388
492,1013,1505,0.1388
483,1014,1497,0.1388
477,1007,1484,0.1388
486,1023,1509,0.1388
493,1022,1515,0.1388
499,1018,1517,0.1388
496,1029,1525,0.1388
481,1038,1519,0.1388
489,1027,1516,0.1388
498,1036,1534,0.1388
497,1030,1527,0.1388
495,1023,1518,0.1388
484,1020,1504,0.1388
487,1027,1514,0.1388
485,1029,1514,0.1388
481,1028,1509,0.1388
483,1028,1511,0.1388
488,1030,1518,0.1388
480,1015,1495,0.1388
477,1013,1490,0.1388
483,1023,1506,0.1388
478,1024,1502,0.1388
481,1030,1511,0.1388
479,1023,1502,0.1388
478,1033,1511,0.1388
481,1024,1505,0.1388
484,1031,1515,0.1388
477,1031,1508,0.1388
470,1035,1505,0.1388
466,1030,1496,0.1388
471,1023,1494,0.1388
474,1026,1500,0.1388
471,1044,1515,0.1388
471,1032,1503,0.1388
476,1030,1506,0.1388
478,1041,1519,0.1388
473,1029,1502,0.1388
474,1034,1508,0.1388
474,1029,1503,0.1388
477,1026,1503,0.1388
484,1024,1508,0.1388
485,1016,1501,0.1388
480,1035,1515,0.1388
472,1030,1502,0.1388
468,1034,1502,0.1388
473,1025,1498,0.1388
472,1018,1490,0.1388
471,1028,1499,0.1388
469,1031,1500,0.1388
456,1041,1497,0.1388
449,1046,1495,0.1388
448,1064,1512,0.1388
456,1059,1515,0.1388
461,1063,1524,0.1388
454,1062,1516,0.1388
446,1062,1508,0.1388
448,1063,1511,0.1388
449,1063,1512,0.1388
450,1062,1512,0.1388
455,1050,1505,0.1388
454,1051,1505,0.1388
452,1044,1496,0.1388
449,1049,1498,0.1388
449,1054,1503,0.1388
442,1065,1507,0.1388
437,1059,1496,0.1388
439,1063,1502,0.1388
434,1067,1501,0.1388
442,1067,1509,0.1388
444,1068,1512,0.1388
447,1068,1515,0.1388
450,1082,1532,0.1388
447,1079,1526,0.1388
450,1071,1521,0.1388
445,1079,1524,0.1388
445,1077,1522,0.1388
448,1070,1518,0.1388
442,1078,1520,0.1388
445,1070,1515,0.1388
453,1064,1517,0.1388
452,1062,1514,0.1388
445,1062,1507,0.1388
444,1056,1500,0.1388
446,1064,1510,0.1388
438,1072,1510,0.1388
439,1073,1512,0.1388
435,1062,1497,0.1388
438,1064,1502,0.1388
437,1074,1511,0.1388
425,1060,1485,0.1388
426,1069,1495,0.1388
431,1080,1511,0.1388
435,1079,1514,0.1388
437,1069,1506,0.1388
435,1071,1506,0.1388
433,1057,1490,0.1388
438,1072,1510,0.1388
438,1067,1505,0.1388
430,1063,1493,0.1388
439,1061,1500,0.1388
439,1062,1501,0.1388
434,1061,1495,0.1388
441,1056,1497,0.1388
438,1066,1504,0.1388
440,1062,1502,0.1388
444,1065,1509,0.1388
442,1078,1520,0.1388
432,1088,1520,0.1388
428,1090,1518,0.1388
424,1086,1510,0.1388
425,1086,1511,0.1388
425,1091,1516,0.1388
412,1085,1497,0.1388
412,1090,1502,0.1388
412,1090,1502,0.1388
406,1086,1492,0.1388
413,1084,1497,0.1388
422,1084,1506,0.1388
428,1074,1502,0.1388
423,1087,1510,0.1388
422,1089,1511,0.1388
429,1086,1515,0.1388
424,1090,1514,0.1388
425,1099,1524,0.1388
427,1083,1510,0.1388
428,1085,1513,0.1388
418,1085,1503,0.1388
419,1082,1501,0.1388
424,1085,1509,0.1388
425,1075,1500,0.1388
416,1075,1491,0.1388
428,1062,1490,0.1388
438,1055,1493,0.1388
435,1065,1500,0.1388
432,1060,1492,0.1388
436,1068,1504,0.1388
441,1069,1510,0.1388
446,1064,1510,0.1388
440,1068,1508,0.1388
440,1062,1502,0.1388
443,1069,1512,0.1388
431,1065,1496,0.1388
427,1073,1500,0.1388
424,1078,1502,0.1388
426,1081,1507,0.1388
419,1079,1498,0.1388
425,1090,1515,0.1388
420,1095,1515,0.1388
418,1094,1512,0.1388
429,1087,1516,0.1388
431,1091,1522,0.1388
421,1087,1508,0.1388
404,1085,1489,0.1388
408,1086,1494,0.1388
417,1090,1507,0.1388
420,1094,1514,0.1388
420,1098,1518,0.1388
415,1105,1520,0.1388
411,1113,1524,0.1388
412,1112,1524,0.1388
413,1118,1531,0.1388
417,1117,1534,0.1388
409,1127,1536,0.1388
405,1121,1526,0.1388
410,1120,1530,0.1388
408,1109,1517,0.1388
411,1115,1526,0.1388
409,1117,1526,0.1388
409,1120,1529,0.1388
403,1124,1527,0.1388
397,1107,1504,0.1388
402,1098,1500,0.1388
410,1104,1514,0.1388
403,1110,1513,0.1388
404,1118,1522,0.1388
402,1124,1526,0.1388
399,1114,1513,0.1388
401,1121,1522,0.1388
399,1115,1514,0.1388
400,1112,1512,0.1388
404,1107,1511,0.1388
406,1109,1515,0.1388
410,1097,1507,0.1388
410,1102,1512,0.1388
402,1093,1495,0.1388
405,1087,1492,0.1388
400,1090,1490,0.1388
407,1099,1506,0.1388
404,1110,1514,0.1388
399,1117,1516,0.1388
395,1118,1513,0.1388
396,1124,1520,0.1388
391,1120,1511,0.1388
388,1116,1504,0.1388
387,1106,1493,0.1388
379,1107,1486,0.1388
385,1098,1483,0.1388
389,1097,1486,0.1388
398,1101,1499,0.1388
406,1100,1506,0.1388
399,1105,1504,0.1388
396,1121,1517,0.1388
401,1127,1528,0.1388
398,1125,1523,0.1388
396,1124,1520,0.1388
391,1134,1525,0.1388
390,1136,1526,0.1388
389,1124,1513,0.1388
389,1125,1514,0.1388
388,1118,1506,0.1388
380,1127,1507,0.1388
380,1127,1507,0.1388
386,1123,1509,0.1388
384,1132,1516,0.1388
376,1130,1506,0.1388
382,1132,1514,0.1388
385,1128,1513,0.1388
377,1137,1514,0.1388
377,1145,1522,0.1388
374,1145,1519,0.1388
374,1147,1521,0.1388
370,1137,1507,0.1388
373,1135,1508,0.1388
376,1136,1512,0.1388
383,1140,1523,0.1388
388,1142,1530,0.1388
390,1144,1534,0.1388
388,1140,1528,0.1388
391,1139,1530,0.1388
392,1134,1526,0.1388
386,1144,1530,0.1388
381,1142,1523,0.1388
390,1137,1527,0.1388
391,1137,1528,0.1388
389,1153,1542,0.1388
391,1138,1529,0.1388
381,1133,1514,0.1388
386,1152,1538,0.1388
385,1156,1541,0.1388
386,1151,1537,0.1388
387,1150,1537,0.1388
384,1147,1531,0.1388
376,1147,1523,0.1388
368,1148,1516,0.1388
373,1136,1509,0.1388
371,1132,1503,0.1388
371,1132,1503,0.1388
373,1137,1510,0.1388
376,1135,1511,0.1388
370,1141,1511,0.1388
365,1136,1501,0.1388
363,1131,1494,0.1388
360,1138,1498,0.1388
359,1138,1497,0.1388
358,1147,1505,0.1388
356,1147,1503,0.1388
362,1160,1522,0.1388
364,1164,1528,0.1388
371,1152,1523,0.1388
375,1155,1530,0.1388
378,1156,1534,0.1388
376,1152,1528,0.1388
368,1150,1518,0.1388
371,1151,1522,0.1388
364,1144,1508,0.1388
367,1137,1504,0.1388
367,1138,1505,0.1388
364,1139,1503,0.1388
363,1126,1489,0.1388
367,1138,1505,0.1388
365,1132,1497,0.1388
365,1137,1502,0.1388
364,1142,1506,0.1388
360,1158,1518,0.1388
367,1162,1529,0.1388
364,1156,1520,0.1388
368,1150,1518,0.1388
366,1160,1526,0.1388
367,1142,1509,0.1388
358,1150,1508,0.1388
366,1151,1517,0.1388
368,1142,1510,0.1388
364,1146,1510,0.1388
366,1153,1519,0.1388
369,1157,1526,0.1388
367,1156,1523,0.1388
357,1160,1517,0.1388
356,1159,1515,0.1388
354,1155,1509,0.1388
358,1151,1509,0.1388
351,1162,1513,0.1388
347,1154,1501,0.1388
352,1157,1509,0.1388
358,1160,1518,0.1388
365,1151,1516,0.1388
362,1155,1517,0.1388
359,1145,1504,0.1388
360,1141,1501,0.1388
354,1146,1500,0.1388
358,1143,1501,0.1388
359,1136,1495,0.1388
352,1144,1496,0.1388
350,1149,1499,0.1388
350,1145,1495,0.1388
344,1153,1497,0.1388
340,1155,1495,0.1388
342,1163,1505,0.1388
345,1174,1519,0.1388
344,1175,1519,0.1388
341,1164,1505,0.1388
340,1159,1499,0.1388
341,1156,1497,0.1388
340,1157,1497,0.1388
343,1158,1501,0.1388
342,1141,1483,0.1388
339,1141,1480,0.1388
338,1150,1488,0.1388
340,1156,1496,0.1388
343,1168,1511,0.1388
337,1168,1505,0.1388
344,1171,1515,0.1388
345,1167,1512,0.1388
344,1178,1522,0.1388
343,1165,1508,0.1388
347,1164,1511,0.1388
347,1175,1522,0.1388
342,1176,1518,0.1388
342,1171,1513,0.1388
340,1165,1505,0.1388
345,1163,1508,0.1388
334,1173,1507,0.1388
333,1174,1507,0.1388
330,1158,1488,0.1388
330,1168,1498,0.1388
335,1174,1509,0.1388
334,1172,1506,0.1388
343,1177,1520,0.1388
339,1174,1513,0.1388
335,1181,1516,0.1388
334,1173,1507,0.1388
333,1179,1512,0.1388
328,1176,1504,0.1388
327,1176,1503,0.1388
332,1188,1520,0.1388
334,1194,1528,0.1388
333,1185,1518,0.1388
329,1188,1517,0.1388
333,1180,1513,0.1388
331,1185,1516,0.1388
327,1189,1516,0.1388
328,1185,1513,0.1388
329,1193,1522,0.1388
326,1195,1521,0.1388
325,1201,1526,0.1388
320,1197,1517,0.1388
320,1203,1523,0.1388
319,1208,1527,0.1388
314,1192,1506,0.1388
310,1201,1511,0.1388
305,1205,1510,0.1388
298,1218,1516,0.1388
299,1216,1515,0.1388
295,1216,1511,0.1388
297,1222,1519,0.1388
294,1220,1514,0.1388
293,1212,1505,0.1388
294,1222,1516,0.1388
288,1221,1509,0.1388
291,1218,1509,0.1388
287,1214,1501,0.1388
287,1205,1492,0.1388
287,1215,1502,0.1388
290,1216,1506,0.1388
286,1230,1516,0.1388
279,1225,1504,0.1388
273,1227,1500,0.1388
272,1234,1506,0.1388
282,1232,1514,0.1388
277,1240,1517,0.1388
273,1245,1518,0.1388
272,1249,1521,0.1388
276,1247,1523,0.1388
272,1249,1521,0.1388
272,1253,1525,0.1388
268,1247,1515,0.1388
269,1248,1517,0.1388
268,1249,1517,0.1388
266,1243,1509,0.1388
270,1242,1512,0.1388
274,1240,1514,0.1388
274,1243,1517,0.1388
281,1243,1524,0.1388
279,1242,1521,0.1388
273,1235,1508,0.1388
272,1231,1503,0.1388
274,1243,1517,0.1388
274,1228,1502,0.1388
271,1243,1514,0.1388
269,1245,1514,0.1388
261,1240,1501,0.1388
261,1241,1502,0.1388
263,1237,1500,0.1388
266,1230,1496,0.1388
270,1247,1517,0.1388
265,1251,1516,0.1388
261,1252,1513,0.1388
268,1252,1520,0.1388
265,1242,1507,0.1388
270,1240,1510,0.1388
268,1256,1524,0.1388
271,1263,1534,0.1388
268,1256,1524,0.1388
263,1238,1501,0.1388
262,1246,1508,0.1388
263,1261,1524,0.1388
263,1259,1522,0.1388
269,1256,1525,0.1388
267,1248,1515,0.1388
265,1247,1512,0.1388
266,1253,1519,0.1388
266,1245,1511,0.1388
265,1253,1518,0.1388
264,1252,1516,0.1388
260,1251,1511,0.1388
257,1253,1510,0.1388
256,1263,1519,0.1388
254,1262,1516,0.1388
252,1271,1523,0.1388
252,1272,1524,0.1388
250,1280,1530,0.1388
249,1270,1519,0.1388
252,1259,1511,0.1388
252,1254,1506,0.1388
249,1256,1505,0.1388
257,1259,1516,0.1388
257,1257,1514,0.1388
249,1246,1495,0.1388
249,1261,1510,0.1388
248,1266,1514,0.1388
250,1269,1519,0.1388
252,1269,1521,0.1388
246,1251,1497,0.1388
247,1257,1504,0.1388
243,1261,1504,0.1388
238,1263,1501,0.1388
240,1269,1509,0.1388
236,1283,1519,0.1388
239,1283,1522,0.1388
236,1278,1514,0.1388
235,1276,1511,0.1388
240,1288,1528,0.1388
241,1283,1524,0.1388
240,1271,1511,0.1388
238,1275,1513,0.1388
239,1285,1524,0.1388
238,1281,1519,0.1388
240,1276,1516,0.1388
241,1282,1523,0.1388
235,1282,1517,0.1388
237,1282,1519,0.1388
232,1288,1520,0.1388
232,1295,1527,0.1388
231,1290,1521,0.1388
232,1290,1522,0.1388
230,1291,1521,0.1388
231,1293,1524,0.1388
230,1293,1523,0.1388
224,1292,1516,0.1388
223,1286,1509,0.1388
223,1281,1504,0.1388
221,1288,1509,0.1388
213,1285,1498,0.1388
211,1288,1499,0.1388
217,1298,1515,0.1388
219,1276,1495,0.1388
216,1303,1519,0.1388
215,1282,1497,0.1388
217,1297,1514,0.1388
211,1290,1501,0.1388
211,1286,1497,0.1388
211,1290,1501,0.1388
212,1296,1508,0.1388
212,1298,1510,0.1388
214,1310,1524,0.1388
215,1301,1516,0.1388
215,1296,1511,0.1388
220,1285,1505,0.1388
214,1290,1504,0.1388
213,1291,1504,0.1388
215,1292,1507,0.1388
216,1303,1519,0.1388
216,1289,1505,0.1388
219,1287,1506,0.1388
214,1285,1499,0.1388
217,1299,1516,0.1388
217,1294,1511,0.1388
218,1289,1507,0.1388
213,1278,1491,0.1388
215,1284,1499,0.1388
218,1282,1500,0.1388
221,1288,1509,0.1388
219,1303,1522,0.1388
222,1306,1528,0.1388
221,1291,1512,0.1388
220,1288,1508,0.1388
221,1291,1512,0.1388
224,1282,1506,0.1388
221,1288,1509,0.1388
217,1295,1512,0.1388
219,1294,1513,0.1388
219,1296,1515,0.1388
216,1302,1518,0.1388
215,1314,1529,0.1388
211,1316,1527,0.1388
204,1307,1511,0.1388
200,1303,1503,0.1388
204,1305,1509,0.1388
205,1317,1522,0.1388
208,1319,1527,0.1388
213,1316,1529,0.1388
212,1313,1525,0.1388
210,1308,1518,0.1388
210,1304,1514,0.1388
208,1295,1503,0.1388
207,1300,1507,0.1388
205,1302,1507,0.1388
204,1300,1504,0.1388
202,1298,1500,0.1388
202,1301,1503,0.1388
202,1311,1513,0.1388
208,1307,1515,0.1388
206,1306,1512,0.1388
209,1307,1516,0.1388
216,1314,1530,0.1388
215,1309,1524,0.1388
214,1316,1530,0.1388
213,1319,1532,0.1388
210,1323,1533,0.1388
209,1319,1528,0.1388
207,1322,1529,0.1388
206,1321,1527,0.1388
209,1323,1532,0.1388
206,1311,1517,0.1388
203,1319,1522,0.1388
208,1317,1525,0.1388
203,1318,1521,0.1388
202,1307,1509,0.1388
200,1312,1512,0.1388
200,1324,1524,0.1388
202,1312,1514,0.1388
208,1315,1523,0.1388
204,1309,1513,0.1388
202,1318,1520,0.1388
197,1326,1523,0.1388
196,1331,1527,0.1388
196,1335,1531,0.1388
196,1320,1516,0.1388
191,1320,1511,0.1388
195,1324,1519,0.1388
195,1318,1513,0.1388
191,1320,1511,0.1388
193,1324,1517,0.1388
198,1305,1503,0.1388
195,1312,1507,0.1388
199,1310,1509,0.1388
199,1313,1512,0.1388
197,1316,1513,0.1388
193,1323,1516,0.1388
194,1325,1519,0.1388
200,1319,1519,0.1388
195,1309,1504,0.1388
192,1316,1508,0.1388
193,1324,1517,0.1388
196,1331,1527,0.1388
193,1321,1514,0.1388
194,1331,1525,0.1388
193,1326,1519,0.1388
195,1331,1526,0.1388
193,1326,1519,0.1388
189,1332,1521,0.1388
190,1324,1514,0.1388
186,1330,1516,0.1388
183,1339,1522,0.1388
185,1335,1520,0.1388
179,1328,1507,0.1388
172,1349,1521,0.1388
174,1348,1522,0.1388
176,1340,1516,0.1388
173,1353,1526,0.1388
174,1347,1521,0.1388
174,1327,1501,0.1388
170,1322,1492,0.1388
170,1321,1491,0.1388
167,1337,1504,0.1388
167,1342,1509,0.1388
165,1348,1513,0.1388
163,1350,1513,0.1388
163,1347,1510,0.1388
158,1349,1507,0.1388
159,1347,1506,0.1388
160,1356,1516,0.1388
162,1369,1531,0.1388
160,1355,1515,0.1388
162,1354,1516,0.1388
161,1340,1501,0.1388
162,1350,1512,0.1388
160,1352,1512,0.1388
151,1346,1497,0.1388
153,1353,1506,0.1388
157,1354,1511,0.1388
154,1360,1514,0.1388
155,1357,1512,0.1388
154,1368,1522,0.1388
155,1363,1518,0.1388
156,1362,1518,0.1388
156,1365,1521,0.1388
154,1365,1519,0.1388
151,1362,1513,0.1388
143,1364,1507,0.1388
144,1357,1501,0.1388
142,1368,1510,0.1388
143,1362,1505,0.1388
150,1365,1515,0.1388
154,1371,1525,0.1388
153,1383,1536,0.1388
154,1373,1527,0.1388
149,1374,1523,0.1388
147,1378,1525,0.1388
148,1374,1522,0.1388
145,1366,1511,0.1388
146,1369,1515,0.1388
140,1368,1508,0.1388
140,1390,1530,0.1388
137,1389,1526,0.1388
138,1396,1534,0.1388
135,1383,1518,0.1388
139,1378,1517,0.1388
137,1386,1523,0.1388
140,1393,1533,0.1388
137,1383,1520,0.1388
140,1382,1522,0.1388
135,1381,1516,0.1388
130,1385,1515,0.1388
130,1384,1514,0.1388
129,1389,1518,0.1388
129,1393,1522,0.1388
128,1396,1524,0.1388
128,1379,1507,0.1388
125,1386,1511,0.1388
126,1396,1522,0.1388
126,1395,1521,0.1388
128,1396,1524,0.1388
128,1386,1514,0.1388
125,1386,1511,0.1388
122,1381,1503,0.1388
123,1368,1491,0.1388
123,1385,1508,0.1388
124,1391,1515,0.1388
122,1382,1504,0.1388
120,1400,1520,0.1388
119,1395,1514,0.1388
121,1395,1516,0.1388
113,1398,1511,0.1388
115,1386,1501,0.1388
119,1390,1509,0.1388
118,1385,1503,0.1388
120,1389,1509,0.1388
118,1394,1512,0.1388
118,1395,1513,0.1388
116,1388,1504,0.1388
119,1379,1498,0.1388
119,1386,1505,0.1388
118,1398,1516,0.1388
119,1410,1529,0.1388
119,1401,1520,0.1388
116,1394,1510,0.1388
117,1402,1519,0.1388
114,1404,1518,0.1388
116,1400,1516,0.1388
114,1399,1513,0.1388
112,1396,1508,0.1388
109,1400,1509,0.1388
108,1409,1517,0.1388
107,1407,1514,0.1388
107,1401,1508,0.1388
110,1401,1511,0.1388
111,1392,1503,0.1388
112,1409,1521,0.1388
109,1418,1527,0.1388
109,1405,1514,0.1388
103,1402,1505,0.1388
104,1415,1519,0.1388
108,1412,1520,0.1388
105,1400,1505,0.1388
103,1407,1510,0.1388
106,1415,1521,0.1388
106,1415,1521,0.1388
105,1404,1509,0.1388
102,1405,1507,0.1388
100,1415,1515,0.1388
99,1415,1514,0.1388
102,1402,1504,0.1388
101,1401,1502,0.1388
100,1399,1499,0.1388
102,1404,1506,0.1388
102,1394,1496,0.1388
101,1402,1503,0.1388
102,1423,1525,0.1388
104,1425,1529,0.1388
102,1428,1530,0.1388
104,1421,1525,0.1388
100,1405,1505,0.1388
102,1413,1515,0.1388
101,1415,1516,0.1388
100,1406,1506,0.1388
97,1422,1519,0.1388
97,1430,1527,0.1388
97,1431,1528,0.1388
97,1430,1527,0.1388
94,1427,1521,0.1388
95,1418,1513,0.1388
93,1425,1518,0.1388
93,1434,1527,0.1388
92,1431,1523,0.1388
92,1440,1532,0.1388
92,1441,1533,0.1388
92,1435,1527,0.1388
87,1437,1524,0.1388
89,1434,1523,0.1388
88,1433,1521,0.1388
93,1421,1514,0.1388
92,1419,1511,0.1388
94,1422,1516,0.1388
92,1430,1522,0.1388
96,1423,1519,0.1388
94,1426,1520,0.1388
93,1432,1525,0.1388
93,1416,1509,0.1388
92,1416,1508,0.1388
91,1434,1525,0.1388
90,1438,1528,0.1388
88,1425,1513,0.1388
90,1420,1510,0.1388
90,1427,1517,0.1388
86,1422,1508,0.1388
87,1433,1520,0.1388
86,1437,1523,0.1388
86,1437,1523,0.1388
90,1419,1509,0.1388
88,1419,1507,0.1388
86,1421,1507,0.1388
84,1433,1517,0.1388
90,1423,1513,0.1388
90,1422,1512,0.1388
87,1429,1516,0.1388
86,1426,1512,0.1388
83,1437,1520,0.1388
82,1431,1513,0.1388
83,1430,1513,0.1388
83,1435,1518,0.1388
82,1438,1520,0.1388
82,1426,1508,0.1388
80,1436,1516,0.1388
78,1435,1513,0.1388
80,1433,1513,0.1388
80,1420,1500,0.1388
80,1431,1511,0.1388
77,1436,1513,0.1388
81,1439,1520,0.1388
82,1441,1523,0.1388
79,1431,1510,0.1388
78,1427,1505,0.1388
78,1434,1512,0.1388
80,1447,1527,0.1388
83,1450,1533,0.1388
80,1436,1516,0.1388
80,1432,1512,0.1388
78,1419,1497,0.1388
78,1427,1505,0.1388
80,1426,1506,0.1388
84,1440,1524,0.1388
82,1439,1521,0.1388
83,1450,1533,0.1388
85,1436,1521,0.1388
89,1422,1511,0.1388
89,1435,1524,0.1388
86,1425,1511,0.1388
88,1441,1529,0.1388
84,1442,1526,0.1388
84,1450,1534,0.1388
83,1451,1534,0.1388
83,1446,1529,0.1388
82,1460,1542,0.1388
81,1454,1535,0.1388
81,1445,1526,0.1388
83,1446,1529,0.1388
82,1435,1517,0.1388
82,1432,1514,0.1388
82,1438,1520,0.1388
82,1442,1524,0.1388
85,1436,1521,0.1388
83,1426,1509,0.1388
81,1432,1513,0.1388
80,1437,1517,0.1388
80,1423,1503,0.1388
80,1428,1508,0.1388
78,1425,1503,0.1388
77,1435,1512,0.1388
78,1430,1508,0.1388
77,1423,1500,0.1388
77,1419,1496,0.1388
76,1430,1506,0.1388
77,1445,1522,0.1388
74,1450,1524,0.1388
75,1443,1518,0.1388
75,1444,1519,0.1388
77,1434,1511,0.1388
77,1430,1507,0.1388
75,1429,1504,0.1388
76,1431,1507,0.1388
74,1439,1513,0.1388
71,1435,1506,0.1388
67,1448,1515,0.1388
68,1450,1518,0.1388
70,1440,1510,0.1388
71,1438,1509,0.1388
74,1431,1505,0.1388
73,1444,1517,0.1388
73,1448,1521,0.1388
75,1448,1523,0.1388
76,1444,1520,0.1388
78,1450,1528,0.1388
80,1447,1527,0.1388
80,1428,1508,0.1388
80,1439,1519,0.1388
80,1431,1511,0.1388
80,1447,1527,0.1388
80,1437,1517,0.1388
78,1441,1519,0.1388
75,1444,1519,0.1388
78,1437,1515,0.1388
76,1423,1499,0.1388
76,1426,1502,0.1388
75,1433,1508,0.1388
74,1435,1509,0.1388
75,1440,1515,0.1388
75,1439,1514,0.1388
74,1443,1517,0.1388
72,1434,1506,0.1388
74,1439,1513,0.1388
75,1436,1511,0.1388
73,1450,1523,0.1388
72,1448,1520,0.1388
71,1447,1518,0.1388
69,1444,1513,0.1388
73,1447,1520,0.1388
74,1447,1521,0.1388
73,1435,1508,0.1388
76,1444,1520,0.1388
76,1434,1510,0.1388
75,1434,1509,0.1388
77,1450,1527,0.1388
74,1447,1521,0.1388
74,1436,1510,0.1388
72,1438,1510,0.1388
68,1450,1518,0.1388
69,1443,1512,0.1388
70,1450,1520,0.1388
74,1449,1523,0.1388
74,1447,1521,0.1388
73,1451,1524,0.1388
72,1439,1511,0.1388
74,1430,1504,0.1388
74,1435,1509,0.1388
72,1445,1517,0.1388
74,1449,1523,0.1388
75,1430,1505,0.1388
75,1422,1497,0.1388
75,1445,1520,0.1388
72,1434,1506,0.1388
70,1431,1501,0.1388
70,1439,1509,0.1388
70,1430,1500,0.1388
72,1434,1506,0.1388
69,1428,1497,0.1388
73,1438,1511,0.1388
68,1443,1511,0.1388
67,1446,1513,0.1388
68,1446,1514,0.1388
72,1448,1520,0.1388
69,1459,1528,0.1388
68,1459,1527,0.1388
69,1454,1523,0.1388
66,1455,1521,0.1388
67,1447,1514,0.1388
68,1448,1516,0.1388
63,1449,1512,0.1388
63,1432,1495,0.1388
62,1436,1498,0.1388
62,1441,1503,0.1388
65,1449,1514,0.1388
62,1436,1498,0.1388
66,1444,1510,0.1388
64,1452,1516,0.1388
65,1452,1517,0.1388
64,1442,1506,0.1388
65,1452,1517,0.1388
67,1448,1515,0.1388
67,1448,1515,0.1388
68,1452,1520,0.1388
70,1440,1510,0.1388
69,1433,1502,0.1388
69,1441,1510,0.1388
69,1447,1516,0.1388
67,1450,1517,0.1388
66,1471,1537,0.1388
65,1458,1523,0.1388
65,1457,1522,0.1388
65,1462,1527,0.1388
66,1473,1539,0.1388
66,1470,1536,0.1388
60,1470,1530,0.1388
60,1465,1525,0.1388
59,1460,1519,0.1388
62,1466,1528,0.1388
60,1456,1516,0.1388
61,1447,1508,0.1388
65,1442,1507,0.1388
62,1439,1501,0.1388
62,1447,1509,0.1388
64,1458,1522,0.1388
64,1460,1524,0.1388
63,1454,1517,0.1388
60,1449,1509,0.1388
62,1446,1508,0.1388
61,1438,1499,0.1388
60,1436,1496,0.1388
58,1442,1500,0.1388
60,1446,1506,0.1388
60,1451,1511,0.1388
61,1455,1516,0.1388
62,1449,1511,0.1388
61,1454,1515,0.1388
61,1465,1526,0.1388
60,1451,1511,0.1388
60,1451,1511,0.1388
58,1458,1516,0.1388
59,1469,1528,0.1388
58,1469,1527,0.1388
53,1473,1526,0.1388
54,1470,1524,0.1388
52,1475,1527,0.1388
51,1470,1521,0.1388
53,1470,1523,0.1388
53,1475,1528,0.1388
52,1454,1506,0.1388
51,1460,1511,0.1388
51,1464,1515,0.1388
52,1472,1524,0.1388
52,1464,1516,0.1388
51,1466,1517,0.1388
51,1463,1514,0.1388
51,1459,1510,0.1388
51,1454,1505,0.1388
53,1454,1507,0.1388
50,1462,1512,0.1388
50,1456,1506,0.1388
50,1445,1495,0.1388
53,1471,1524,0.1388
54,1464,1518,0.1388
53,1476,1529,0.1388
51,1457,1508,0.1388
50,1460,1510,0.1388
53,1462,1515,0.1388
54,1462,1516,0.1388
51,1444,1495,0.1388
51,1454,1505,0.1388
50,1454,1504,0.1388
49,1459,1508,0.1388
52,1470,1522,0.1388
51,1469,1520,0.1388
54,1464,1518,0.1388
53,1463,1516,0.1388
51,1461,1512,0.1388
52,1462,1514,0.1388
54,1465,1519,0.1388
55,1468,1523,0.1388
55,1470,1525,0.1388
53,1463,1516,0.1388
55,1467,1522,0.1388
56,1471,1527,0.1388
53,1462,1515,0.1388
52,1454,1506,0.1388
51,1451,1502,0.1388
50,1460,1510,0.1388
49,1467,1516,0.1388
48,1467,1515,0.1388
51,1477,1528,0.1388
51,1471,1522,0.1388
50,1470,1520,0.1388
51,1465,1516,0.1388
49,1475,1524,0.1388
47,1467,1514,0.1388
50,1471,1521,0.1388
47,1467,1514,0.1388
45,1479,1524,0.1388
46,1485,1531,0.1388
47,1481,1528,0.1388
48,1479,1527,0.1388
47,1470,1517,0.1388
47,1474,1521,0.1388
45,1467,1512,0.1388
44,1473,1517,0.1388
43,1477,1520,0.1388
45,1472,1517,0.1388
46,1465,1511,0.1388
44,1467,1511,0.1388
44,1461,1505,0.1388
47,1466,1513,0.1388
47,1462,1509,0.1388
47,1465,1512,0.1388
49,1452,1501,0.1388
49,1458,1507,0.1388
50,1460,1510,0.1388
51,1465,1516,0.1388
51,1462,1513,0.1388
48,1473,1521,0.1388
48,1460,1508,0.1388
47,1466,1513,0.1388
47,1464,1511,0.1388
43,1470,1513,0.1388
41,1479,1520,0.1388
41,1486,1527,0.1388
41,1464,1505,0.1388
41,1464,1505,0.1388
40,1484,1524,0.1388
40,1482,1522,0.1388
41,1488,1529,0.1388
42,1483,1525,0.1388
41,1471,1512,0.1388
40,1460,1500,0.1388
42,1463,1505,0.1388
42,1448,1490,0.1388
44,1464,1508,0.1388
43,1483,1526,0.1388
44,1471,1515,0.1388
43,1483,1526,0.1388
45,1479,1524,0.1388
44,1486,1530,0.1388
44,1476,1520,0.1388
43,1465,1508,0.1388
46,1458,1504,0.1388
46,1451,1497,0.1388
49,1463,1512,0.1388
48,1460,1508,0.1388
47,1454,1501,0.1388
45,1471,1516,0.1388
47,1466,1513,0.1388
48,1471,1519,0.1388
47,1468,1515,0.1388
45,1471,1516,0.1388
45,1472,1517,0.1388
42,1478,1520,0.1388
44,1471,1515,0.1388
45,1482,1527,0.1388
43,1475,1518,0.1388
42,1480,1522,0.1388
43,1480,1523,0.1388
43,1474,1517,0.1388
43,1477,1520,0.1388
44,1481,1525,0.1388
43,1478,1521,0.1388
41,1469,1510,0.1388
39,1472,1511,0.1388
36,1474,1510,0.1388
34,1479,1513,0.1388
34,1490,1524,0.1388
33,1489,1522,0.1388
34,1492,1526,0.1388
35,1484,1519,0.1388
35,1490,1525,0.1388
35,1481,1516,0.1388
34,1462,1496,0.1388
32,1466,1498,0.1388
30,1474,1504,0.1388
32,1474,1506,0.1388
32,1484,1516,0.1388
33,1487,1520,0.1388
35,1480,1515,0.1388
33,1486,1519,0.1388
34,1476,1510,0.1388
35,1475,1510,0.1388
35,1476,1511,0.1388
34,1477,1511,0.1388
35,1471,1506,0.1388
35,1470,1505,0.1388
34,1481,1515,0.1388
33,1474,1507,0.1388
33,1488,1521,0.1388
32,1492,1524,0.1388
33,1483,1516,0.1388
32,1478,1510,0.1388
31,1472,1503,0.1388
30,1489,1519,0.1388
30,1484,1514,0.1388
31,1479,1510,0.1388
31,1482,1513,0.1388
31,1487,1518,0.1388
33,1485,1518,0.1388
34,1488,1522,0.1388
35,1480,1515,0.1388
35,1491,1526,0.1388
33,1492,1525,0.1388
34,1487,1521,0.1388
33,1477,1510,0.1388
33,1475,1508,0.1388
32,1478,1510,0.1388
32,1473,1505,0.1388
31,1484,1515,0.1388
30,1471,1501,0.1388
30,1464,1494,0.1388
30,1481,1511,0.1388
30,1475,1505,0.1388
29,1480,1509,0.1388
29,1482,1511,0.1388
29,1485,1514,0.1388
28,1486,1514,0.1388
28,1484,1512,0.1388
28,1487,1515,0.1388
28,1491,1519,0.1388
29,1487,1516,0.1388
28,1495,1523,0.1388
28,1478,1506,0.1388
28,1480,1508,0.1388
28,1496,1524,0.1388
28,1502,1530,0.1388
28,1490,1518,0.1388
27,1491,1518,0.1388
30,1485,1515,0.1388
29,1464,1493,0.1388
29,1467,1496,0.1388
28,1468,1496,0.1388
28,1482,1510,0.1388
27,1478,1505,0.1388
28,1471,1499,0.1388
31,1472,1503,0.1388
32,1467,1499,0.1388
36,1472,1508,0.1388
37,1479,1516,0.1388
38,1483,1521,0.1388
37,1485,1522,0.1388
38,1477,1515,0.1388
41,1477,1518,0.1388
40,1482,1522,0.1388
40,1488,1528,0.1388
40,1470,1510,0.1388
39,1461,1500,0.1388
39,1467,1506,0.1388
38,1461,1499,0.1388
38,1482,1520,0.1388
39,1498,1537,0.1388
39,1484,1523,0.1388
38,1490,1528,0.1388
38,1484,1522,0.1388
39,1475,1514,0.1388
42,1470,1512,0.1388
40,1496,1536,0.1388
40,1491,1531,0.1388
39,1477,1516,0.1388
35,1477,1512,0.1388
35,1484,1519,0.1388
36,1474,1510,0.1388
36,1481,1517,0.1388
38,1471,1509,0.1388
37,1468,1505,0.1388
36,1470,1506,0.1388
38,1484,1522,0.1388
36,1490,1526,0.1388
36,1495,1531,0.1388
36,1488,1524,0.1388
37,1491,1528,0.1388
37,1495,1532,0.1388
36,1494,1530,0.1388
36,1489,1525,0.1388
36,1492,1528,0.1388
34,1481,1515,0.1388
32,1487,1519,0.1388
32,1489,1521,0.1388
34,1497,1531,0.1388
32,1494,1526,0.1388
33,1486,1519,0.1388
32,1491,1523,0.1388
32,1478,1510,0.1388
34,1472,1506,0.1388
35,1480,1515,0.1388
32,1479,1511,0.1388
31,1500,1531,0.1388
31,1502,1533,0.1388
30,1493,1523,0.1388
29,1485,1514,0.1388
28,1486,1514,0.1388
29,1482,1511,0.1388
30,1481,1511,0.1388
28,1485,1513,0.1388
27,1492,1519,0.1388
27,1492,1519,0.1388
28,1494,1522,0.1388
27,1476,1503,0.1388
26,1481,1507,0.1388
27,1491,1518,0.1388
27,1477,1504,0.1388
27,1468,1495,0.1388
30,1472,1502,0.1388
30,1478,1508,0.1388
30,1487,1517,0.1388
30,1481,1511,0.1388
32,1490,1522,0.1388
30,1483,1513,0.1388
30,1489,1519,0.1388
30,1495,1525,0.1388
33,1485,1518,0.1388
33,1480,1513,0.1388
32,1475,1507,0.1388
32,1476,1508,0.1388
34,1492,1526,0.1388
34,1503,1537,0.1388
35,1492,1527,0.1388
36,1499,1535,0.1388
36,1490,1526,0.1388
35,1491,1526,0.1388
36,1498,1534,0.1388
34,1495,1529,0.1388
34,1486,1520,0.1388
31,1490,1521,0.1388
31,1481,1512,0.1388
31,1480,1511,0.1388
29,1485,1514,0.1388
28,1480,1508,0.1388
29,1482,1511,0.1388
29,1491,1520,0.1388
29,1481,1510,0.1388
28,1480,1508,0.1388
26,1484,1510,0.1388
27,1491,1518,0.1388
25,1500,1525,0.1388
22,1493,1515,0.1388
24,1489,1513,0.1388
24,1483,1507,0.1388
26,1489,1515,0.1388
26,1501,1527,0.1388
27,1510,1537,0.1388
27,1509,1536,0.1388
27,1515,1542,0.1388
26,1510,1536,0.1388
26,1498,1524,0.1388
27,1485,1512,0.1388
24,1489,1513,0.1388
22,1486,1508,0.1388
21,1492,1513,0.1388
21,1489,1510,0.1388
21,1482,1503,0.1388
21,1490,1511,0.1388
21,1495,1516,0.1388
20,1484,1504,0.1388
20,1504,1524,0.1388
20,1488,1508,0.1388
21,1501,1522,0.1388
21,1511,1532,0.1388
20,1512,1532,0.1388
18,1497,1515,0.1388
17,1503,1520,0.1388
17,1496,1513,0.1388
18,1505,1523,0.1388
18,1503,1521,0.1388
19,1496,1515,0.1388
18,1497,1515,0.1388
18,1487,1505,0.1388
17,1508,1525,0.1388
17,1514,1531,0.1388
16,1502,1518,0.1388
15,1511,1526,0.1388
14,1498,1512,0.1388
14,1494,1508,0.1388
14,1490,1504,0.1388
14,1482,1496,0.1388
14,1488,1502,0.1388
14,1504,1518,0.1388
14,1500,1514,0.1388
14,1509,1523,0.1388
15,1501,1516,0.1388
15,1498,1513,0.1388
15,1491,1506,0.1388
15,1493,1508,0.1388
15,1505,1520,0.1388
16,1499,1515,0.1388
15,1513,1528,0.1388
15,1507,1522,0.1388
14,1526,1540,0.1388
14,1510,1524,0.1388
13,1510,1523,0.1388
13,1516,1529,0.1388
14,1505,1519,0.1388
14,1504,1518,0.1388
13,1508,1521,0.1388
13,1509,1522,0.1388
12,1494,1506,0.1388
11,1487,1498,0.1388
11,1491,1502,0.1388
9,1501,1510,0.1388
9,1500,1509,0.1388
10,1493,1503,0.1388
10,1486,1496,0.1388
10,1501,1511,0.1388
10,1499,1509,0.1388
10,1501,1511,0.1388
11,1500,1511,0.1388
11,1497,1508,0.1388
11,1494,1505,0.1388
11,1483,1494,0.1388
11,1497,1508,0.1388
10,1503,1513,0.1388
11,1506,1517,0.1388
11,1509,1520,0.1388
11,1508,1519,0.1388
11,1500,1511,0.1388
11,1498,1509,0.1388
9,1480,1489,0.1388
9,1492,1501,0.1388
9,1479,1488,0.1388
9,1481,1490,0.1388
9,1491,1500,0.1388
8,1491,1499,0.1388
8,1513,1521,0.1388
7,1510,1517,0.1388
7,1505,1512,0.1388
7,1513,1520,0.1388
7,1510,1517,0.1388
5,1529,1534,0.1388
5,1524,1529,0.1388
4,1525,1529,0.1388
4,1521,1525,0.1388
3,1518,1521,0.1388
3,1518,1521,0.1388
3,1515,1518,0.1388
3,1529,1532,0.1388
3,1528,1531,0.1388
3,1531,1534,0.1388
3,1511,1514,0.1388
3,1521,1524,0.1388
3,1510,1513,0.1388
4,1511,1515,0.1388
4,1516,1520,0.1388
4,1520,1524,0.1388
4,1514,1518,0.1388
4,1516,1520,0.1388
4,1518,1522,0.1388
4,1531,1535,0.1388
5,1522,1527,0.1388
4,1523,1527,0.1388
5,1515,1520,0.1388
5,1513,1518,0.1388
5,1502,1507,0.1388
5,1515,1520,0.1388
5,1511,1516,0.1388
5,1512,1517,0.1388
5,1518,1523,0.1388
5,1520,1525,0.1388
4,1520,1524,0.1388
4,1517,1521,0.1388
4,1504,1508,0.1388
4,1500,1504,0.1388
4,1508,1512,0.1388
4,1511,1515,0.1388
4,1514,1518,0.1388
4,1503,1507,0.1388
4,1499,1503,0.1388
4,1500,1504,0.1388
4,1506,1510,0.1388
4,1512,1516,0.1388
5,1505,1510,0.1388
5,1498,1503,0.1388
5,1498,1503,0.1388
5,1496,1501,0.1388
4,1492,1496,0.1388
5,1503,1508,0.1388
5,1492,1497,0.1388
5,1493,1498,0.1388
5,1498,1503,0.1388
5,1505,1510,0.1388
5,1523,1528,0.1388
5,1524,1529,0.1388
4,1511,1515,0.1388
4,1504,1508,0.1388
3,1514,1517,0.1388
3,1518,1521,0.1388
3,1516,1519,0.1388
2,1513,1515,0.1388
3,1513,1516,0.1388
3,1518,1521,0.1388
4,1521,1525,0.1388
4,1516,1520,0.1388
4,1517,1521,0.1388
4,1525,1529,0.1388
3,1518,1521,0.1388
3,1530,1533,0.1388
3,1510,1513,0.1388
3,1518,1521,0.1388
3,1517,1520,0.1388
3,1505,1508,0.1388
3,1510,1513,0.1388
3,1519,1522,0.1388
3,1517,1520,0.1388
3,1519,1522,0.1388
3,1522,1525,0.1388
3,1521,1524,0.1388
3,1532,1535,0.1388
3,1528,1531,0.1388
2,1538,1540,0.1388
2,1538,1540,0.1388
2,1511,1513,0.1388
2,1506,1508,0.1388
2,1521,1523,0.1388
2,1510,1512,0.1388
3,1528,1531,0.1388
3,1518,1521,0.1388
2,1530,1532,0.1388
2,1528,1530,0.1388
2,1515,1517,0.1388
2,1512,1514,0.1388
2,1516,1518,0.1388
2,1511,1513,0.1388
2,1506,1508,0.1388
2,1516,1518,0.1388
2,1509,1511,0.1388
2,1501,1503,0.1388
2,1511,1513,0.1388
2,1508,1510,0.1388
2,1515,1517,0.1388
2,1516,1518,0.1388
2,1522,1524,0.1388
2,1521,1523,0.1388
2,1524,1526,0.1388
2,1528,1530,0.1388
2,1522,1524,0.1388
2,1519,1521,0.1388
2,1501,1503,0.1388
2,1506,1508,0.1388
2,1506,1508,0.1388
2,1500,1502,0.1388
2,1522,1524,0.1388
2,1505,1507,0.1388
2,1506,1508,0.1388
2,1514,1516,0.1388
2,1514,1516,0.1388
2,1528,1530,0.1388
2,1524,1526,0.1388
2,1509,1511,0.1388
2,1506,1508,0.1388
2,1516,1518,0.1388
2,1518,1520,0.1388
2,1517,1519,0.1388
2,1494,1496,0.1388
2,1502,1504,0.1388
2,1505,1507,0.1388
2,1503,1505,0.1388
2,1510,1512,0.1388
2,1525,1527,0.1388
2,1514,1516,0.1388
2,1534,1536,0.1388
2,1530,1532,0.1388
2,1526,1528,0.1388
2,1527,1529,0.1388
2,1520,1522,0.1388
2,1538,1540,0.1388
2,1532,1534,0.1388
2,1531,1533,0.1388
2,1501,1503,0.1388
2,1509,1511,0.1388
2,1503,1505,0.1388
2,1514,1516,0.1388
2,1511,1513,0.1388
3,1504,1507,0.1388
3,1506,1509,0.1388
3,1498,1501,0.1388
2,1508,1510,0.1388
2,1505,1507,0.1388
2,1511,1513,0.1388
2,1507,1509,0.1388
2,1517,1519,0.1388
2,1506,1508,0.1388
2,1508,1510,0.1388
2,1502,1504,0.1388
2,1508,1510,0.1388
2,1491,1493,0.1388
2,1491,1493,0.1388
2,1501,1503,0.1388
2,1508,1510,0.1388
2,1499,1501,0.1388
2,1502,1504,0.1388
2,1514,1516,0.1388
2,1510,1512,0.1388
2,1518,1520,0.1388
1,1517,1518,0.1388
1,1510,1511,0.1388
1,1526,1527,0.1388
1,1521,1522,0.1388
1,1519,1520,0.1388
1,1526,1527,0.1388
1,1528,1529,0.1388
1,1515,1516,0.1388
1,1509,1510,0.1388
1,1508,1509,0.1388
1,1518,1519,0.1388
1,1520,1521,0.1388
1,1512,1513,0.1388
1,1508,1509,0.1388
1,1515,1516,0.1388
1,1501,1502,0.1388
1,1517,1518,0.1388
1,1519,1520,0.1388
1,1528,1529,0.1388
1,1527,1528,0.1388
1,1522,1523,0.1388
1,1521,1522,0.1388
1,1508,1509,0.1388
0,1520,1520,0.1388
