1358,28,1386,0.1388
1395,28,1423,0.1388
1408,30,1438,0.1388
1430,35,1465,0.1388
1429,33,1462,0.1388
1437,32,1469,0.1388
1443,32,1475,0.1388
1454,33,1487,0.1388
1461,35,1496,0.1388
1471,33,1504,0.1388
1471,33,1504,0.1388
1464,33,1497,0.1388
1465,34,1499,0.1388
1462,33,1495,0.1388
1458,32,1490,0.1388
1469,34,1503,0.1388
1459,38,1497,0.1388
1452,38,1490,0.1388
1451,36,1487,0.1388
1451,36,1487,0.1388
1440,39,1479,0.1388
1446,40,1486,0.1388
1442,40,1482,0.1388
1446,39,1485,0.1388
1467,39,1506,0.1388
1463,37,1500,0.1388
1462,36,1498,0.1388
1467,34,1501,0.1388
1468,40,1508,0.1388
1466,39,1505,0.1388
1464,40,1504,0.1388
1474,40,1514,0.1388
1455,40,1495,0.1388
1451,40,1491,0.1388
1453,41,1494,0.1388
1450,40,1490,0.1388
1446,40,1486,0.1388
1451,39,1490,0.1388
1444,37,1481,0.1388
1451,39,1490,0.1388
1456,40,1496,0.1388
1464,40,1504,0.1388
1463,38,1501,0.1388
1460,38,1498,0.1388
1468,39,1507,0.1388
1477,41,1518,0.1388
1472,41,1513,0.1388
1461,43,1504,0.1388
1457,43,1500,0.1388
1452,41,1493,0.1388
1451,41,1492,0.1388
1450,41,1491,0.1388
1458,41,1499,0.1388
1460,42,1502,0.1388
1457,42,1499,0.1388
1473,41,1514,0.1388
1475,40,1515,0.1388
1466,37,1503,0.1388
1457,41,1498,0.1388
1451,42,1493,0.1388
1454,41,1495,0.1388
1465,42,1507,0.1388
1469,44,1513,0.1388
1465,45,1510,0.1388
1462,47,1509,0.1388
1452,48,1500,0.1388
1448,48,1496,0.1388
1421,49,1470,0.1388
1429,49,1478,0.1388
1434,50,1484,0.1388
1437,49,1486,0.1388
1439,47,1486,0.1388
1443,45,1488,0.1388
1449,45,1494,0.1388
1460,44,1504,0.1388
1461,46,1507,0.1388
1442,44,1486,0.1388
1445,43,1488,0.1388
1446,42,1488,0.1388
1451,42,1493,0.1388
1450,40,1490,0.1388
1456,40,1496,0.1388
1462,39,1501,0.1388
1462,39,1501,0.1388
1452,40,1492,0.1388
1445,40,1485,0.1388
1448,43,1491,0.1388
1458,44,1502,0.1388
1443,42,1485,0.1388
1437,43,1480,0.1388
1428,41,1469,0.1388
1420,43,1463,0.1388
1453,43,1496,0.1388
1451,40,1491,0.1388
1444,40,1484,0.1388
1444,39,1483,0.1388
1443,39,1482,0.1388
1434,42,1476,0.1388
1439,43,1482,0.1388
1431,45,1476,0.1388
1435,42,1477,0.1388
1431,41,1472,0.1388
1442,40,1482,0.1388
1470,40,1510,0.1388
1464,41,1505,0.1388
1451,42,1493,0.1388
1448,42,1490,0.1388
1462,40,1502,0.1388
1465,38,1503,0.1388
1458,37,1495,0.1388
1462,35,1497,0.1388
1452,35,1487,0.1388
1458,34,1492,0.1388
1458,35,1493,0.1388
1465,36,1501,0.1388
1470,38,1508,0.1388
1459,39,1498,0.1388
1452,39,1491,0.1388
1445,40,1485,0.1388
1455,40,1495,0.1388
1464,41,1505,0.1388
1446,42,1488,0.1388
1466,39,1505,0.1388
1454,38,1492,0.1388
1457,42,1499,0.1388
1463,42,1505,0.1388
1470,41,1511,0.1388
1465,40,1505,0.1388
1459,41,1500,0.1388
1459,40,1499,0.1388
1451,43,1494,0.1388
1443,40,1483,0.1388
1452,42,1494,0.1388
1450,42,1492,0.1388
1440,43,1483,0.1388
1454,43,1497,0.1388
1449,45,1494,0.1388
1450,47,1497,0.1388
1444,45,1489,0.1388
1441,44,1485,0.1388
1444,42,1486,0.1388
1451,45,1496,0.1388
1441,48,1489,0.1388
1439,47,1486,0.1388
1446,49,1495,0.1388
1434,50,1484,0.1388
1435,49,1484,0.1388
1447,48,1495,0.1388
1445,47,1492,0.1388
1440,46,1486,0.1388
1439,46,1485,0.1388
1451,47,1498,0.1388
1443,46,1489,0.1388
1451,46,1497,0.1388
1442,46,1488,0.1388
1455,45,1500,0.1388
1444,45,1489,0.1388
1448,46,1494,0.1388
1456,45,1501,0.1388
1447,45,1492,0.1388
1449,41,1490,0.1388
1446,42,1488,0.1388
1439,44,1483,0.1388
1426,42,1468,0.1388
1423,45,1468,0.1388
1425,47,1472,0.1388
1432,46,1478,0.1388
1433,45,1478,0.1388
1434,46,1480,0.1388
1434,49,1483,0.1388
1437,49,1486,0.1388
1438,53,1491,0.1388
1432,54,1486,0.1388
1421,52,1473,0.1388
1420,55,1475,0.1388
1425,56,1481,0.1388
1423,58,1481,0.1388
1425,58,1483,0.1388
1427,61,1488,0.1388
1434,60,1494,0.1388
1447,60,1507,0.1388
1436,61,1497,0.1388
1446,62,1508,0.1388
1451,61,1512,0.1388
1443,60,1503,0.1388
1418,60,1478,0.1388
1428,60,1488,0.1388
1428,59,1487,0.1388
1426,61,1487,0.1388
1417,61,1478,0.1388
1424,63,1487,0.1388
1436,59,1495,0.1388
1434,59,1493,0.1388
1431,58,1489,0.1388
1440,56,1496,0.1388
1437,56,1493,0.1388
1443,55,1498,0.1388
1430,55,1485,0.1388
1443,59,1502,0.1388
1436,60,1496,0.1388
1432,61,1493,0.1388
1435,60,1495,0.1388
1435,61,1496,0.1388
1431,63,1494,0.1388
1421,63,1484,0.1388
1428,60,1488,0.1388
1428,60,1488,0.1388
1426,63,1489,0.1388
1442,61,1503,0.1388
1436,60,1496,0.1388
1434,61,1495,0.1388
1437,64,1501,0.1388
1438,68,1506,0.1388
1443,69,1512,0.1388
1441,74,1515,0.1388
1433,72,1505,0.1388
1434,71,1505,0.1388
1410,70,1480,0.1388
1420,69,1489,0.1388
1426,68,1494,0.1388
1427,71,1498,0.1388
1417,72,1489,0.1388
1417,72,1489,0.1388
1430,69,1499,0.1388
1428,69,1497,0.1388
1433,69,1502,0.1388
1430,70,1500,0.1388
1422,69,1491,0.1388
1404,71,1475,0.1388
1399,71,1470,0.1388
1412,72,1484,0.1388
1402,67,1469,0.1388
1408,65,1473,0.1388
1422,65,1487,0.1388
1419,64,1483,0.1388
1419,64,1483,0.1388
1428,63,1491,0.1388
1423,63,1486,0.1388
1429,63,1492,0.1388
1434,63,1497,0.1388
1433,62,1495,0.1388
1440,64,1504,0.1388
1420,65,1485,0.1388
1411,70,1481,0.1388
1411,68,1479,0.1388
1421,68,1489,0.1388
1419,68,1487,0.1388
1420,66,1486,0.1388
1427,65,1492,0.1388
1424,69,1493,0.1388
1424,67,1491,0.1388
1433,70,1503,0.1388
1434,71,1505,0.1388
1442,70,1512,0.1388
1448,68,1516,0.1388
1449,70,1519,0.1388
1433,68,1501,0.1388
1421,67,1488,0.1388
1423,69,1492,0.1388
1425,70,1495,0.1388
1421,70,1491,0.1388
1419,69,1488,0.1388
1428,70,1498,0.1388
1427,68,1495,0.1388
1430,71,1501,0.1388
1421,74,1495,0.1388
1415,77,1492,0.1388
1430,76,1506,0.1388
1429,76,1505,0.1388
1427,78,1505,0.1388
1433,78,1511,0.1388
1435,78,1513,0.1388
1429,76,1505,0.1388
1425,73,1498,0.1388
1415,70,1485,0.1388
1430,70,1500,0.1388
1430,70,1500,0.1388
1425,72,1497,0.1388
1420,71,1491,0.1388
1433,72,1505,0.1388
1442,72,1514,0.1388
1441,73,1514,0.1388
1430,72,1502,0.1388
1432,73,1505,0.1388
1443,72,1515,0.1388
1437,74,1511,0.1388
1440,73,1513,0.1388
1427,72,1499,0.1388
1418,71,1489,0.1388
1409,69,1478,0.1388
1413,68,1481,0.1388
1402,68,1470,0.1388
1418,69,1487,0.1388
1405,73,1478,0.1388
1407,73,1480,0.1388
1418,73,1491,0.1388
1416,72,1488,0.1388
1436,74,1510,0.1388
1414,72,1486,0.1388
1413,72,1485,0.1388
1420,70,1490,0.1388
1433,67,1500,0.1388
1433,68,1501,0.1388
1424,65,1489,0.1388
1437,66,1503,0.1388
1442,69,1511,0.1388
1434,67,1501,0.1388
1430,73,1503,0.1388
1434,73,1507,0.1388
1433,72,1505,0.1388
1412,67,1479,0.1388
1430,67,1497,0.1388
1432,67,1499,0.1388
1417,68,1485,0.1388
1411,69,1480,0.1388
1409,68,1477,0.1388
1398,71,1469,0.1388
1407,73,1480,0.1388
1415,75,1490,0.1388
1416,75,1491,0.1388
1419,73,1492,0.1388
1424,70,1494,0.1388
1425,70,1495,0.1388
1418,70,1488,0.1388
1419,69,1488,0.1388
1419,68,1487,0.1388
1409,70,1479,0.1388
1420,70,1490,0.1388
1411,70,1481,0.1388
1407,70,1477,0.1388
1419,73,1492,0.1388
1424,73,1497,0.1388
1420,72,1492,0.1388
1417,76,1493,0.1388
1410,75,1485,0.1388
1414,75,1489,0.1388
1406,75,1481,0.1388
1399,75,1474,0.1388
1400,75,1475,0.1388
1406,75,1481,0.1388
1403,75,1478,0.1388
1407,73,1480,0.1388
1400,74,1474,0.1388
1418,75,1493,0.1388
1418,74,1492,0.1388
1432,73,1505,0.1388
1422,72,1494,0.1388
1430,72,1502,0.1388
1426,74,1500,0.1388
1420,72,1492,0.1388
1414,74,1488,0.1388
1422,75,1497,0.1388
1412,77,1489,0.1388
1407,77,1484,0.1388
1409,74,1483,0.1388
1406,76,1482,0.1388
1407,75,1482,0.1388
1413,81,1494,0.1388
1419,82,1501,0.1388
1412,86,1498,0.1388
1401,85,1486,0.1388
1402,86,1488,0.1388
1403,88,1491,0.1388
1401,91,1492,0.1388
1391,92,1483,0.1388
1389,90,1479,0.1388
1377,92,1469,0.1388
1391,87,1478,0.1388
1393,87,1480,0.1388
1386,88,1474,0.1388
1397,87,1484,0.1388
1402,88,1490,0.1388
1396,86,1482,0.1388
1398,90,1488,0.1388
1399,94,1493,0.1388
1403,92,1495,0.1388
1406,88,1494,0.1388
1411,89,1500,0.1388
1398,94,1492,0.1388
1404,93,1497,0.1388
1399,90,1489,0.1388
1392,87,1479,0.1388
1404,88,1492,0.1388
1387,89,1476,0.1388
1388,89,1477,0.1388
1395,96,1491,0.1388
1397,93,1490,0.1388
1405,94,1499,0.1388
1407,92,1499,0.1388
1395,91,1486,0.1388
1396,92,1488,0.1388
1395,93,1488,0.1388
1398,93,1491,0.1388
1396,92,1488,0.1388
1398,93,1491,0.1388
1388,97,1485,0.1388
1395,101,1496,0.1388
1399,102,1501,0.1388
1389,108,1497,0.1388
1387,110,1497,0.1388
1399,110,1509,0.1388
1390,110,1500,0.1388
1397,108,1505,0.1388
1385,109,1494,0.1388
1380,111,1491,0.1388
1384,115,1499,0.1388
1382,117,1499,0.1388
1377,114,1491,0.1388
1378,112,1490,0.1388
1379,115,1494,0.1388
1381,115,1496,0.1388
1387,111,1498,0.1388
1382,113,1495,0.1388
1382,110,1492,0.1388
1391,110,1501,0.1388
1396,114,1510,0.1388
1379,119,1498,0.1388
1383,120,1503,0.1388
1372,118,1490,0.1388
1382,121,1503,0.1388
1391,124,1515,0.1388
1374,123,1497,0.1388
1371,121,1492,0.1388
1363,120,1483,0.1388
1366,120,1486,0.1388
1369,121,1490,0.1388
1384,119,1503,0.1388
1379,121,1500,0.1388
1385,120,1505,0.1388
1378,120,1498,0.1388
1375,120,1495,0.1388
1362,122,1484,0.1388
1376,121,1497,0.1388
1377,128,1505,0.1388
1378,129,1507,0.1388
1376,127,1503,0.1388
1380,126,1506,0.1388
1373,127,1500,0.1388
1362,129,1491,0.1388
1371,130,1501,0.1388
1365,132,1497,0.1388
1379,131,1510,0.1388
1389,125,1514,0.1388
1381,128,1509,0.1388
1381,125,1506,0.1388
1374,123,1497,0.1388
1373,131,1504,0.1388
1365,133,1498,0.1388
1370,133,1503,0.1388
1362,136,1498,0.1388
1361,142,1503,0.1388
1368,142,1510,0.1388
1360,144,1504,0.1388
1338,145,1483,0.1388
1351,138,1489,0.1388
1356,142,1498,0.1388
1345,142,1487,0.1388
1329,140,1469,0.1388
1346,139,1485,0.1388
1337,136,1473,0.1388
1349,132,1481,0.1388
1352,135,1487,0.1388
1346,135,1481,0.1388
1352,140,1492,0.1388
1357,140,1497,0.1388
1370,139,1509,0.1388
1365,145,1510,0.1388
1366,142,1508,0.1388
1364,145,1509,0.1388
1359,144,1503,0.1388
1345,144,1489,0.1388
1349,148,1497,0.1388
1347,147,1494,0.1388
1351,154,1505,0.1388
1344,158,1502,0.1388
1345,155,1500,0.1388
1352,156,1508,0.1388
1356,153,1509,0.1388
1359,156,1515,0.1388
1358,157,1515,0.1388
1348,154,1502,0.1388
1337,158,1495,0.1388
1342,156,1498,0.1388
1330,166,1496,0.1388
1326,166,1492,0.1388
1326,168,1494,0.1388
1331,171,1502,0.1388
1327,172,1499,0.1388
1332,173,1505,0.1388
1315,172,1487,0.1388
1313,175,1488,0.1388
1321,172,1493,0.1388
1318,169,1487,0.1388
1316,177,1493,0.1388
1314,172,1486,0.1388
1302,177,1479,0.1388
1314,179,1493,0.1388
1327,181,1508,0.1388
1319,185,1504,0.1388
1321,187,1508,0.1388
1327,184,1511,0.1388
1327,184,1511,0.1388
1330,189,1519,0.1388
1313,194,1507,0.1388
1299,195,1494,0.1388
1311,199,1510,0.1388
1306,197,1503,0.1388
1303,198,1501,0.1388
1302,198,1500,0.1388
1279,201,1480,0.1388
1281,205,1486,0.1388
1288,206,1494,0.1388
1281,209,1490,0.1388
1285,205,1490,0.1388
1281,205,1486,0.1388
1300,203,1503,0.1388
1292,208,1500,0.1388
1294,208,1502,0.1388
1290,208,1498,0.1388
1295,205,1500,0.1388
1292,204,1496,0.1388
1292,202,1494,0.1388
1288,205,1493,0.1388
1294,203,1497,0.1388
1296,199,1495,0.1388
1297,203,1500,0.1388
1300,209,1509,0.1388
1294,211,1505,0.1388
1291,212,1503,0.1388
1291,207,1498,0.1388
1290,208,1498,0.1388
1286,206,1492,0.1388
1288,210,1498,0.1388
1274,212,1486,0.1388
1273,215,1488,0.1388
1276,218,1494,0.1388
1265,213,1478,0.1388
1258,214,1472,0.1388
1256,217,1473,0.1388
1244,220,1464,0.1388
1236,221,1457,0.1388
1248,219,1467,0.1388
1243,225,1468,0.1388
1260,233,1493,0.1388
1261,231,1492,0.1388
1252,227,1479,0.1388
1244,231,1475,0.1388
1254,234,1488,0.1388
1250,240,1490,0.1388
1236,242,1478,0.1388
1239,249,1488,0.1388
1236,250,1486,0.1388
1229,250,1479,0.1388
1230,250,1480,0.1388
1231,254,1485,0.1388
1220,255,1475,0.1388
1217,256,1473,0.1388
1215,253,1468,0.1388
1221,256,1477,0.1388
1231,256,1487,0.1388
1220,257,1477,0.1388
1234,259,1493,0.1388
1239,259,1498,0.1388
1242,263,1505,0.1388
1240,265,1505,0.1388
1250,266,1516,0.1388
1238,265,1503,0.1388
1239,264,1503,0.1388
1225,261,1486,0.1388
1221,264,1485,0.1388
1225,268,1493,0.1388
1228,268,1496,0.1388
1235,269,1504,0.1388
1223,264,1487,0.1388
1226,263,1489,0.1388
1228,267,1495,0.1388
1228,268,1496,0.1388
1210,269,1479,0.1388
1211,271,1482,0.1388
1215,269,1484,0.1388
1213,266,1479,0.1388
1229,266,1495,0.1388
1234,268,1502,0.1388
1223,270,1493,0.1388
1223,268,1491,0.1388
1218,276,1494,0.1388
1227,282,1509,0.1388
1225,281,1506,0.1388
1209,282,1491,0.1388
1221,280,1501,0.1388
1218,280,1498,0.1388
1219,282,1501,0.1388
1214,285,1499,0.1388
1213,291,1504,0.1388
1211,291,1502,0.1388
1209,290,1499,0.1388
1206,294,1500,0.1388
1201,294,1495,0.1388
1204,294,1498,0.1388
1200,299,1499,0.1388
1209,293,1502,0.1388
1211,301,1512,0.1388
1214,295,1509,0.1388
1211,298,1509,0.1388
1208,293,1501,0.1388
1205,291,1496,0.1388
1214,292,1506,0.1388
1210,291,1501,0.1388
1218,288,1506,0.1388
1206,290,1496,0.1388
1206,292,1498,0.1388
1198,301,1499,0.1388
1207,299,1506,0.1388
1190,304,1494,0.1388
1198,300,1498,0.1388
1203,300,1503,0.1388
1202,298,1500,0.1388
1196,306,1502,0.1388
1203,306,1509,0.1388
1186,302,1488,0.1388
1181,306,1487,0.1388
1193,310,1503,0.1388
1192,304,1496,0.1388
1180,304,1484,0.1388
1182,308,1490,0.1388
1199,311,1510,0.1388
1187,305,1492,0.1388
1179,309,1488,0.1388
1184,315,1499,0.1388
1178,316,1494,0.1388
1174,310,1484,0.1388
1182,311,1493,0.1388
1187,311,1498,0.1388
1187,310,1497,0.1388
1190,316,1506,0.1388
1187,322,1509,0.1388
1189,317,1506,0.1388
1183,317,1500,0.1388
1175,321,1496,0.1388
1164,318,1482,0.1388
1176,317,1493,0.1388
1158,327,1485,0.1388
1179,326,1505,0.1388
1189,321,1510,0.1388
1176,322,1498,0.1388
1189,323,1512,0.1388
1176,324,1500,0.1388
1179,326,1505,0.1388
1175,323,1498,0.1388
1177,330,1507,0.1388
1177,328,1505,0.1388
1181,326,1507,0.1388
1178,331,1509,0.1388
1160,324,1484,0.1388
1157,326,1483,0.1388
1161,333,1494,0.1388
1155,335,1490,0.1388
1152,332,1484,0.1388
1150,333,1483,0.1388
1145,338,1483,0.1388
1138,341,1479,0.1388
1145,351,1496,0.1388
1152,344,1496,0.1388
1153,349,1502,0.1388
1150,352,1502,0.1388
1150,352,1502,0.1388
1160,359,1519,0.1388
1151,361,1512,0.1388
1150,356,1506,0.1388
1144,368,1512,0.1388
1139,367,1506,0.1388
1136,365,1501,0.1388
1135,366,1501,0.1388
1127,358,1485,0.1388
1138,359,1497,0.1388
1134,363,1497,0.1388
1125,364,1489,0.1388
1129,364,1493,0.1388
1118,370,1488,0.1388
1118,368,1486,0.1388
1115,375,1490,0.1388
1112,376,1488,0.1388
1106,376,1482,0.1388
1107,382,1489,0.1388
1105,378,1483,0.1388
1130,382,1512,0.1388
1129,377,1506,0.1388
1122,377,1499,0.1388
1126,379,1505,0.1388
1135,383,1518,0.1388
1132,372,1504,0.1388
1131,371,1502,0.1388
1134,375,1509,0.1388
1136,372,1508,0.1388
1138,367,1505,0.1388
1144,365,1509,0.1388
1142,367,1509,0.1388
1134,371,1505,0.1388
1131,374,1505,0.1388
1127,371,1498,0.1388
1117,371,1488,0.1388
1115,371,1486,0.1388
1124,369,1493,0.1388
1130,365,1495,0.1388
1123,360,1483,0.1388
1139,364,1503,0.1388
1129,373,1502,0.1388
1116,370,1486,0.1388
1119,376,1495,0.1388
1122,380,1502,0.1388
1132,382,1514,0.1388
1118,383,1501,0.1388
1109,387,1496,0.1388
1109,381,1490,0.1388
1098,378,1476,0.1388
1114,382,1496,0.1388
1119,375,1494,0.1388
1115,376,1491,0.1388
1114,370,1484,0.1388
1113,375,1488,0.1388
1110,375,1485,0.1388
1095,382,1477,0.1388
1087,390,1477,0.1388
1090,394,1484,0.1388
1098,388,1486,0.1388
1101,392,1493,0.1388
1106,400,1506,0.1388
1094,394,1488,0.1388
1101,397,1498,0.1388
1102,401,1503,0.1388
1092,406,1498,0.1388
1083,406,1489,0.1388
1093,406,1499,0.1388
1113,407,1520,0.1388
1107,404,1511,0.1388
1093,408,1501,0.1388
1091,408,1499,0.1388
1091,408,1499,0.1388
1092,402,1494,0.1388
1082,399,1481,0.1388
1083,403,1486,0.1388
1088,403,1491,0.1388
1081,408,1489,0.1388
1079,411,1490,0.1388
1074,421,1495,0.1388
1075,417,1492,0.1388
1073,412,1485,0.1388
1076,418,1494,0.1388
1063,413,1476,0.1388
1065,415,1480,0.1388
1061,413,1474,0.1388
1065,424,1489,0.1388
1063,429,1492,0.1388
1067,432,1499,0.1388
1059,433,1492,0.1388
1052,430,1482,0.1388
1058,428,1486,0.1388
1059,425,1484,0.1388
1066,424,1490,0.1388
1078,424,1502,0.1388
1074,433,1507,0.1388
1067,433,1500,0.1388
1063,436,1499,0.1388
1060,436,1496,0.1388
1071,442,1513,0.1388
1055,442,1497,0.1388
1054,442,1496,0.1388
1047,452,1499,0.1388
1040,448,1488,0.1388
1053,447,1500,0.1388
1059,446,1505,0.1388
1057,445,1502,0.1388
1054,439,1493,0.1388
1058,442,1500,0.1388
1063,444,1507,0.1388
1056,449,1505,0.1388
1050,444,1494,0.1388
1047,447,1494,0.1388
1032,451,1483,0.1388
1040,455,1495,0.1388
1056,457,1513,0.1388
1062,453,1515,0.1388
1044,459,1503,0.1388
1050,458,1508,0.1388
1051,460,1511,0.1388
1044,465,1509,0.1388
1036,467,1503,0.1388
1045,468,1513,0.1388
1037,464,1501,0.1388
1047,465,1512,0.1388
1043,464,1507,0.1388
1028,466,1494,0.1388
1035,469,1504,0.1388
1030,470,1500,0.1388
1034,473,1507,0.1388
1022,481,1503,0.1388
1023,476,1499,0.1388
1016,485,1501,0.1388
1013,494,1507,0.1388
1022,487,1509,0.1388
1023,492,1515,0.1388
1025,492,1517,0.1388
1016,496,1512,0.1388
1014,498,1512,0.1388
1009,498,1507,0.1388
1009,495,1504,0.1388
1000,495,1495,0.1388
990,503,1493,0.1388
993,497,1490,0.1388
999,503,1502,0.1388
1000,509,1509,0.1388
985,513,1498,0.1388
987,513,1500,0.1388
986,516,1502,0.1388
985,511,1496,0.1388
985,513,1498,0.1388
974,522,1496,0.1388
983,525,1508,0.1388
984,520,1504,0.1388
991,516,1507,0.1388
993,515,1508,0.1388
982,511,1493,0.1388
986,515,1501,0.1388
985,517,1502,0.1388
985,517,1502,0.1388
982,519,1501,0.1388
982,516,1498,0.1388
981,518,1499,0.1388
976,515,1491,0.1388
977,516,1493,0.1388
965,534,1499,0.1388
967,527,1494,0.1388
962,534,1496,0.1388
966,538,1504,0.1388
972,545,1517,0.1388
976,545,1521,0.1388
984,540,1524,0.1388
972,544,1516,0.1388
965,539,1504,0.1388
959,545,1504,0.1388
952,548,1500,0.1388
944,545,1489,0.1388
943,544,1487,0.1388
936,554,1490,0.1388
942,551,1493,0.1388
942,552,1494,0.1388
938,560,1498,0.1388
950,557,1507,0.1388
940,545,1485,0.1388
929,545,1474,0.1388
936,552,1488,0.1388
929,561,1490,0.1388
930,565,1495,0.1388
926,573,1499,0.1388
928,573,1501,0.1388
930,582,1512,0.1388
925,576,1501,0.1388
920,582,1502,0.1388
920,594,1514,0.1388
923,594,1517,0.1388
918,606,1524,0.1388
907,604,1511,0.1388
887,608,1495,0.1388
880,609,1489,0.1388
884,613,1497,0.1388
878,616,1494,0.1388
882,614,1496,0.1388
882,609,1491,0.1388
886,620,1506,0.1388
893,617,1510,0.1388
891,625,1516,0.1388
894,615,1509,0.1388
883,619,1502,0.1388
883,617,1500,0.1388
886,619,1505,0.1388
881,619,1500,0.1388
880,625,1505,0.1388
887,618,1505,0.1388
887,618,1505,0.1388
883,626,1509,0.1388
880,629,1509,0.1388
878,632,1510,0.1388
875,626,1501,0.1388
882,623,1505,0.1388
881,631,1512,0.1388
879,648,1527,0.1388
876,644,1520,0.1388
870,649,1519,0.1388
860,642,1502,0.1388
860,646,1506,0.1388
859,655,1514,0.1388
858,647,1505,0.1388
861,645,1506,0.1388
851,649,1500,0.1388
849,664,1513,0.1388
848,667,1515,0.1388
845,670,1515,0.1388
844,675,1519,0.1388
836,675,1511,0.1388
842,667,1509,0.1388
842,668,1510,0.1388
848,662,1510,0.1388
844,672,1516,0.1388
837,674,1511,0.1388
835,676,1511,0.1388
833,672,1505,0.1388
832,670,1502,0.1388
824,679,1503,0.1388
816,673,1489,0.1388
818,673,1491,0.1388
827,667,1494,0.1388
829,668,1497,0.1388
820,670,1490,0.1388
805,672,1477,0.1388
802,672,1474,0.1388
805,679,1484,0.1388
796,678,1474,0.1388
786,683,1469,0.1388
789,695,1484,0.1388
796,710,1506,0.1388
801,715,1516,0.1388
811,708,1519,0.1388
815,707,1522,0.1388
802,706,1508,0.1388
806,702,1508,0.1388
809,697,1506,0.1388
805,698,1503,0.1388
808,704,1512,0.1388
797,709,1506,0.1388
787,714,1501,0.1388
780,710,1490,0.1388
785,710,1495,0.1388
780,712,1492,0.1388
781,716,1497,0.1388
779,709,1488,0.1388
786,713,1499,0.1388
786,699,1485,0.1388
785,691,1476,0.1388
784,706,1490,0.1388
787,702,1489,0.1388
784,701,1485,0.1388
783,711,1494,0.1388
780,724,1504,0.1388
783,724,1507,0.1388
786,724,1510,0.1388
784,715,1499,0.1388
779,714,1493,0.1388
789,713,1502,0.1388
783,720,1503,0.1388
779,721,1500,0.1388
780,716,1496,0.1388
782,734,1516,0.1388
783,724,1507,0.1388
775,720,1495,0.1388
776,728,1504,0.1388
775,732,1507,0.1388
775,735,1510,0.1388
786,737,1523,0.1388
780,738,1518,0.1388
785,739,1524,0.1388
786,744,1530,0.1388
771,740,1511,0.1388
774,731,1505,0.1388
775,724,1499,0.1388
773,729,1502,0.1388
764,728,1492,0.1388
767,731,1498,0.1388
766,730,1496,0.1388
767,739,1506,0.1388
758,741,1499,0.1388
758,739,1497,0.1388
756,749,1505,0.1388
748,760,1508,0.1388
743,761,1504,0.1388
732,766,1498,0.1388
726,777,1503,0.1388
734,774,1508,0.1388
732,788,1520,0.1388
719,787,1506,0.1388
722,787,1509,0.1388
715,782,1497,0.1388
710,777,1487,0.1388
714,785,1499,0.1388
723,787,1510,0.1388
711,786,1497,0.1388
708,787,1495,0.1388
714,801,1515,0.1388
718,805,1523,0.1388
714,806,1520,0.1388
703,813,1516,0.1388
702,818,1520,0.1388
701,817,1518,0.1388
709,814,1523,0.1388
704,824,1528,0.1388
703,822,1525,0.1388
699,818,1517,0.1388
696,825,1521,0.1388
701,813,1514,0.1388
709,805,1514,0.1388
705,805,1510,0.1388
699,801,1500,0.1388
698,802,1500,0.1388
702,804,1506,0.1388
695,800,1495,0.1388
690,810,1500,0.1388
687,808,1495,0.1388
694,821,1515,0.1388
689,819,1508,0.1388
679,832,1511,0.1388
679,822,1501,0.1388
678,816,1494,0.1388
678,822,1500,0.1388
680,821,1501,0.1388
682,809,1491,0.1388
680,813,1493,0.1388
680,821,1501,0.1388
680,823,1503,0.1388
682,817,1499,0.1388
681,815,1496,0.1388
683,822,1505,0.1388
677,837,1514,0.1388
688,836,1524,0.1388
696,832,1528,0.1388
703,832,1535,0.1388
694,824,1518,0.1388
704,836,1540,0.1388
701,831,1532,0.1388
694,832,1526,0.1388
704,833,1537,0.1388
695,835,1530,0.1388
694,837,1531,0.1388
690,835,1525,0.1388
692,827,1519,0.1388
684,831,1515,0.1388
675,829,1504,0.1388
673,841,1514,0.1388
675,839,1514,0.1388
676,840,1516,0.1388
669,834,1503,0.1388
666,832,1498,0.1388
668,831,1499,0.1388
673,835,1508,0.1388
679,832,1511,0.1388
671,836,1507,0.1388
678,828,1506,0.1388
677,833,1510,0.1388
674,839,1513,0.1388
674,828,1502,0.1388
675,840,1515,0.1388
675,833,1508,0.1388
682,828,1510,0.1388
674,818,1492,0.1388
673,828,1501,0.1388
679,811,1490,0.1388
681,812,1493,0.1388
690,814,1504,0.1388
692,810,1502,0.1388
702,818,1520,0.1388
705,818,1523,0.1388
699,814,1513,0.1388
697,814,1511,0.1388
704,810,1514,0.1388
715,812,1527,0.1388
710,816,1526,0.1388
706,823,1529,0.1388
690,810,1500,0.1388
697,803,1500,0.1388
692,810,1502,0.1388
687,803,1490,0.1388
687,802,1489,0.1388
696,813,1509,0.1388
701,811,1512,0.1388
702,804,1506,0.1388
698,812,1510,0.1388
692,818,1510,0.1388
698,820,1518,0.1388
689,823,1512,0.1388
703,817,1520,0.1388
699,813,1512,0.1388
688,813,1501,0.1388
685,815,1500,0.1388
677,821,1498,0.1388
686,828,1514,0.1388
687,829,1516,0.1388
685,834,1519,0.1388
682,831,1513,0.1388
675,835,1510,0.1388
671,846,1517,0.1388
654,838,1492,0.1388
657,844,1501,0.1388
662,850,1512,0.1388
667,843,1510,0.1388
660,838,1498,0.1388
659,837,1496,0.1388
654,845,1499,0.1388
647,844,1491,0.1388
651,835,1486,0.1388
657,835,1492,0.1388
665,839,1504,0.1388
666,847,1513,0.1388
660,841,1501,0.1388
652,847,1499,0.1388
648,838,1486,0.1388
646,840,1486,0.1388
652,843,1495,0.1388
653,846,1499,0.1388
651,846,1497,0.1388
655,844,1499,0.1388
661,842,1503,0.1388
654,847,1501,0.1388
654,842,1496,0.1388
653,848,1501,0.1388
651,838,1489,0.1388
655,843,1498,0.1388
650,852,1502,0.1388
663,849,1512,0.1388
659,844,1503,0.1388
657,844,1501,0.1388
655,855,1510,0.1388
654,862,1516,0.1388
653,863,1516,0.1388
657,857,1514,0.1388
647,849,1496,0.1388
639,864,1503,0.1388
639,864,1503,0.1388
636,864,1500,0.1388
634,857,1491,0.1388
637,852,1489,0.1388
646,855,1501,0.1388
645,860,1505,0.1388
645,842,1487,0.1388
645,849,1494,0.1388
644,854,1498,0.1388
635,866,1501,0.1388
637,872,1509,0.1388
643,872,1515,0.1388
632,879,1511,0.1388
627,882,1509,0.1388
630,884,1514,0.1388
619,882,1501,0.1388
618,895,1513,0.1388
625,894,1519,0.1388
615,896,1511,0.1388
610,897,1507,0.1388
615,903,1518,0.1388
615,905,1520,0.1388
607,900,1507,0.1388
596,897,1493,0.1388
598,912,1510,0.1388
605,906,1511,0.1388
609,913,1522,0.1388
603,920,1523,0.1388
590,923,1513,0.1388
591,921,1512,0.1388
590,929,1519,0.1388
589,927,1516,0.1388
588,922,1510,0.1388
591,913,1504,0.1388
580,917,1497,0.1388
579,917,1496,0.1388
574,920,1494,0.1388
579,915,1494,0.1388
578,920,1498,0.1388
580,924,1504,0.1388
577,928,1505,0.1388
585,921,1506,0.1388
582,924,1506,0.1388
582,926,1508,0.1388
586,927,1513,0.1388
581,919,1500,0.1388
573,917,1490,0.1388
578,929,1507,0.1388
582,932,1514,0.1388
586,931,1517,0.1388
579,937,1516,0.1388
577,936,1513,0.1388
568,936,1504,0.1388
569,939,1508,0.1388
579,940,1519,0.1388
565,945,1510,0.1388
552,946,1498,0.1388
557,946,1503,0.1388
554,945,1499,0.1388
567,952,1519,0.1388
573,944,1517,0.1388
568,948,1516,0.1388
567,937,1504,0.1388
565,942,1507,0.1388
567,931,1498,0.1388
573,936,1509,0.1388
576,942,1518,0.1388
567,947,1514,0.1388
567,947,1514,0.1388
553,938,1491,0.1388
551,934,1485,0.1388
557,939,1496,0.1388
565,935,1500,0.1388
569,941,1510,0.1388
575,946,1521,0.1388
571,946,1517,0.1388
574,954,1528,0.1388
570,938,1508,0.1388
566,939,1505,0.1388
575,936,1511,0.1388
578,942,1520,0.1388
576,938,1514,0.1388
575,936,1511,0.1388
572,940,1512,0.1388
571,948,1519,0.1388
566,944,1510,0.1388
567,950,1517,0.1388
575,954,1529,0.1388
570,953,1523,0.1388
568,949,1517,0.1388
562,948,1510,0.1388
557,941,1498,0.1388
561,944,1505,0.1388
554,945,1499,0.1388
557,940,1497,0.1388
568,947,1515,0.1388
570,945,1515,0.1388
568,939,1507,0.1388
571,940,1511,0.1388
568,961,1529,0.1388
570,951,1521,0.1388
561,953,1514,0.1388
569,950,1519,0.1388
565,958,1523,0.1388
560,962,1522,0.1388
561,966,1527,0.1388
560,956,1516,0.1388
556,946,1502,0.1388
554,952,1506,0.1388
554,957,1511,0.1388
553,969,1522,0.1388
546,961,1507,0.1388
545,973,1518,0.1388
541,972,1513,0.1388
537,969,1506,0.1388
539,963,1502,0.1388
536,961,1497,0.1388
540,975,1515,0.1388
544,973,1517,0.1388
538,970,1508,0.1388
540,976,1516,0.1388
536,983,1519,0.1388
528,980,1508,0.1388
519,977,1496,0.1388
530,986,1516,0.1388
539,987,1526,0.1388
539,986,1525,0.1388
536,968,1504,0.1388
541,973,1514,0.1388
545,970,1515,0.1388
546,980,1526,0.1388
540,974,1514,0.1388
547,975,1522,0.1388
548,961,1509,0.1388
547,963,1510,0.1388
544,956,1500,0.1388
542,949,1491,0.1388
534,967,1501,0.1388
534,967,1501,0.1388
530,968,1498,0.1388
524,978,1502,0.1388
533,984,1517,0.1388
533,987,1520,0.1388
539,986,1525,0.1388
539,979,1518,0.1388
535,982,1517,0.1388
535,981,1516,0.1388
531,977,1508,0.1388
525,981,1506,0.1388
514,991,1505,0.1388
515,989,1504,0.1388
512,988,1500,0.1388
511,994,1505,0.1388
506,998,1504,0.1388
510,1000,1510,0.1388
514,1000,1514,0.1388
514,994,1508,0.1388
513,1008,1521,0.1388
516,1007,1523,0.1388
509,1008,1517,0.1388
498,1003,1501,0.1388
498,1004,1502,0.1388
497,1008,1505,0.1388
500,1017,1517,0.1388
506,1019,1525,0.1388
506,1016,1522,0.1388
503,1013,1516,0.1388
498,1027,1525,0.1388
502,1021,1523,0.1388
504,1018,1522,0.1388
493,1020,1513,0.1388
492,1022,1514,0.1388
499,1026,1525,0.1388
497,1019,1516,0.1388
495,1025,1520,0.1388
504,1018,1522,0.1388
502,1019,1521,0.1388
503,1014,1517,0.1388
492,1018,1510,0.1388
492,1019,1511,0.1388
501,1004,1505,0.1388
502,1005,1507,0.1388
496,1013,1509,0.1388
494,1023,1517,0.1388
497,1019,1516,0.1388
497,1017,1514,0.1388
493,1018,1511,0.1388
503,1002,1505,0.1388
499,1008,1507,0.1388
505,1002,1507,0.1388
510,1007,1517,0.1388
504,1005,1509,0.1388
505,999,1504,0.1388
512,998,1510,0.1388
509,998,1507,0.1388
503,1010,1513,0.1388
498,1013,1511,0.1388
495,1010,1505,0.1388
497,1007,1504,0.1388
495,1010,1505,0.1388
490,1021,1511,0.1388
492,1022,1514,0.1388
493,1017,1510,0.1388
491,1025,1516,0.1388
494,1020,1514,0.1388
485,1027,1512,0.1388
487,1029,1516,0.1388
485,1028,1513,0.1388
484,1030,1514,0.1388
481,1024,1505,0.1388
477,1028,1505,0.1388
485,1031,1516,0.1388
480,1029,1509,0.1388
481,1016,1497,0.1388
484,1017,1501,0.1388
490,1011,1501,0.1388
492,1009,1501,0.1388
489,1010,1499,0.1388
487,1013,1500,0.1388
491,1019,1510,0.1388
495,1014,1509,0.1388
505,1017,1522,0.1388
509,1018,1527,0.1388
500,1015,1515,0.1388
490,1008,1498,0.1388
482,1013,1495,0.1388
481,1009,1490,0.1388
487,1015,1502,0.1388
481,1017,1498,0.1388
478,1029,1507,0.1388
478,1030,1508,0.1388
479,1032,1511,0.1388
477,1040,1517,0.1388
473,1043,1516,0.1388
479,1031,1510,0.1388
473,1028,1501,0.1388
474,1036,1510,0.1388
473,1029,1502,0.1388
471,1021,1492,0.1388
474,1029,1503,0.1388
471,1024,1495,0.1388
469,1026,1495,0.1388
460,1026,1486,0.1388
459,1013,1472,0.1388
459,1032,1491,0.1388
457,1042,1499,0.1388
458,1046,1504,0.1388
449,1050,1499,0.1388
451,1059,1510,0.1388
455,1054,1509,0.1388
453,1040,1493,0.1388
455,1054,1509,0.1388
449,1051,1500,0.1388
444,1044,1488,0.1388
447,1052,1499,0.1388
448,1046,1494,0.1388
454,1068,1522,0.1388
453,1073,1526,0.1388
450,1063,1513,0.1388
446,1072,1518,0.1388
446,1071,1517,0.1388
441,1071,1512,0.1388
440,1068,1508,0.1388
444,1053,1497,0.1388
445,1055,1500,0.1388
444,1062,1506,0.1388
445,1060,1505,0.1388
442,1063,1505,0.1388
444,1071,1515,0.1388
441,1070,1511,0.1388
439,1069,1508,0.1388
433,1065,1498,0.1388
440,1056,1496,0.1388
441,1061,1502,0.1388
442,1059,1501,0.1388
441,1059,1500,0.1388
440,1059,1499,0.1388
443,1062,1505,0.1388
447,1070,1517,0.1388
450,1064,1514,0.1388
448,1055,1503,0.1388
443,1063,1506,0.1388
450,1074,1524,0.1388
450,1077,1527,0.1388
451,1072,1523,0.1388
447,1064,1511,0.1388
448,1062,1510,0.1388
448,1060,1508,0.1388
457,1076,1533,0.1388
452,1068,1520,0.1388
447,1065,1512,0.1388
451,1056,1507,0.1388
444,1064,1508,0.1388
445,1064,1509,0.1388
446,1052,1498,0.1388
450,1064,1514,0.1388
452,1067,1519,0.1388
450,1059,1509,0.1388
451,1059,1510,0.1388
448,1058,1506,0.1388
446,1060,1506,0.1388
437,1066,1503,0.1388
445,1070,1515,0.1388
444,1078,1522,0.1388
442,1083,1525,0.1388
439,1079,1518,0.1388
440,1078,1518,0.1388
437,1076,1513,0.1388
434,1091,1525,0.1388
430,1096,1526,0.1388
428,1081,1509,0.1388
425,1075,1500,0.1388
419,1082,1501,0.1388
417,1094,1511,0.1388
418,1093,1511,0.1388
407,1103,1510,0.1388
408,1100,1508,0.1388
407,1115,1522,0.1388
407,1101,1508,0.1388
412,1100,1512,0.1388
409,1102,1511,0.1388
407,1093,1500,0.1388
407,1086,1493,0.1388
407,1093,1500,0.1388
407,1094,1501,0.1388
408,1102,1510,0.1388
399,1087,1486,0.1388
401,1098,1499,0.1388
405,1112,1517,0.1388
407,1113,1520,0.1388
401,1109,1510,0.1388
393,1117,1510,0.1388
396,1120,1516,0.1388
395,1116,1511,0.1388
391,1121,1512,0.1388
386,1117,1503,0.1388
389,1115,1504,0.1388
391,1116,1507,0.1388
381,1125,1506,0.1388
374,1129,1503,0.1388
374,1129,1503,0.1388
378,1128,1506,0.1388
377,1134,1511,0.1388
376,1129,1505,0.1388
381,1137,1518,0.1388
386,1125,1511,0.1388
388,1128,1516,0.1388
386,1125,1511,0.1388
389,1127,1516,0.1388
384,1123,1507,0.1388
385,1131,1516,0.1388
384,1119,1503,0.1388
385,1108,1493,0.1388
389,1093,1482,0.1388
395,1102,1497,0.1388
391,1108,1499,0.1388
396,1114,1510,0.1388
395,1115,1510,0.1388
397,1114,1511,0.1388
398,1117,1515,0.1388
404,1117,1521,0.1388
399,1106,1505,0.1388
401,1116,1517,0.1388
405,1116,1521,0.1388
408,1115,1523,0.1388
404,1115,1519,0.1388
403,1120,1523,0.1388
405,1109,1514,0.1388
405,1107,1512,0.1388
397,1120,1517,0.1388
393,1119,1512,0.1388
394,1121,1515,0.1388
393,1106,1499,0.1388
392,1103,1495,0.1388
395,1096,1491,0.1388
392,1097,1489,0.1388
390,1107,1497,0.1388
397,1110,1507,0.1388
399,1110,1509,0.1388
402,1113,1515,0.1388
398,1113,1511,0.1388
397,1111,1508,0.1388
392,1121,1513,0.1388
380,1125,1505,0.1388
383,1122,1505,0.1388
378,1130,1508,0.1388
380,1132,1512,0.1388
380,1133,1513,0.1388
379,1136,1515,0.1388
373,1127,1500,0.1388
374,1125,1499,0.1388
374,1125,1499,0.1388
375,1131,1506,0.1388
373,1137,1510,0.1388
365,1135,1500,0.1388
371,1140,1511,0.1388
368,1144,1512,0.1388
363,1137,1500,0.1388
357,1136,1493,0.1388
356,1141,1497,0.1388
354,1124,1478,0.1388
350,1146,1496,0.1388
357,1164,1521,0.1388
346,1156,1502,0.1388
346,1170,1516,0.1388
346,1166,1512,0.1388
349,1159,1508,0.1388
349,1161,1510,0.1388
355,1161,1516,0.1388
355,1161,1516,0.1388
347,1156,1503,0.1388
349,1157,1506,0.1388
348,1158,1506,0.1388
350,1160,1510,0.1388
351,1162,1513,0.1388
351,1152,1503,0.1388
350,1159,1509,0.1388
351,1149,1500,0.1388
349,1159,1508,0.1388
342,1149,1491,0.1388
347,1133,1480,0.1388
356,1151,1507,0.1388
356,1150,1506,0.1388
353,1147,1500,0.1388
354,1152,1506,0.1388
357,1165,1522,0.1388
353,1165,1518,0.1388
353,1161,1514,0.1388
347,1155,1502,0.1388
351,1162,1513,0.1388
352,1165,1517,0.1388
345,1153,1498,0.1388
351,1156,1507,0.1388
350,1161,1511,0.1388
342,1178,1520,0.1388
344,1179,1523,0.1388
345,1164,1509,0.1388
342,1164,1506,0.1388
343,1163,1506,0.1388
344,1161,1505,0.1388
342,1146,1488,0.1388
337,1146,1483,0.1388
339,1149,1488,0.1388
339,1170,1509,0.1388
340,1158,1498,0.1388
346,1155,1501,0.1388
343,1154,1497,0.1388
343,1161,1504,0.1388
345,1162,1507,0.1388
344,1161,1505,0.1388
338,1160,1498,0.1388
335,1152,1487,0.1388
324,1161,1485,0.1388
325,1170,1495,0.1388
322,1176,1498,0.1388
327,1179,1506,0.1388
322,1187,1509,0.1388
324,1193,1517,0.1388
328,1183,1511,0.1388
329,1193,1522,0.1388
328,1181,1509,0.1388
331,1176,1507,0.1388
335,1183,1518,0.1388
332,1202,1534,0.1388
329,1200,1529,0.1388
325,1196,1521,0.1388
325,1196,1521,0.1388
324,1200,1524,0.1388
322,1194,1516,0.1388
324,1196,1520,0.1388
318,1204,1522,0.1388
315,1211,1526,0.1388
308,1195,1503,0.1388
316,1194,1510,0.1388
316,1200,1516,0.1388
314,1210,1524,0.1388
313,1209,1522,0.1388
314,1209,1523,0.1388
311,1209,1520,0.1388
314,1210,1524,0.1388
313,1201,1514,0.1388
316,1206,1522,0.1388
323,1203,1526,0.1388
318,1194,1512,0.1388
321,1199,1520,0.1388
322,1195,1517,0.1388
323,1178,1501,0.1388
320,1197,1517,0.1388
318,1191,1509,0.1388
315,1195,1510,0.1388
317,1193,1510,0.1388
313,1192,1505,0.1388
310,1197,1507,0.1388
318,1198,1516,0.1388
313,1203,1516,0.1388
315,1201,1516,0.1388
304,1204,1508,0.1388
309,1206,1515,0.1388
315,1203,1518,0.1388
321,1207,1528,0.1388
320,1209,1529,0.1388
323,1205,1528,0.1388
324,1192,1516,0.1388
318,1185,1503,0.1388
321,1178,1499,0.1388
321,1179,1500,0.1388
322,1179,1501,0.1388
323,1183,1506,0.1388
323,1187,1510,0.1388
319,1193,1512,0.1388
320,1193,1513,0.1388
326,1187,1513,0.1388
313,1192,1505,0.1388
319,1189,1508,0.1388
319,1189,1508,0.1388
318,1194,1512,0.1388
317,1191,1508,0.1388
323,1190,1513,0.1388
320,1200,1520,0.1388
319,1187,1506,0.1388
319,1188,1507,0.1388
323,1204,1527,0.1388
319,1200,1519,0.1388
319,1202,1521,0.1388
313,1198,1511,0.1388
319,1200,1519,0.1388
318,1195,1513,0.1388
313,1191,1504,0.1388
318,1186,1504,0.1388
320,1186,1506,0.1388
320,1194,1514,0.1388
313,1186,1499,0.1388
321,1193,1514,0.1388
314,1187,1501,0.1388
319,1188,1507,0.1388
318,1179,1497,0.1388
319,1184,1503,0.1388
321,1183,1504,0.1388
314,1189,1503,0.1388
313,1200,1513,0.1388
317,1205,1522,0.1388
316,1192,1508,0.1388
311,1199,1510,0.1388
311,1202,1513,0.1388
311,1206,1517,0.1388
309,1205,1514,0.1388
309,1197,1506,0.1388
303,1204,1507,0.1388
305,1211,1516,0.1388
302,1211,1513,0.1388
300,1202,1502,0.1388
297,1205,1502,0.1388
297,1210,1507,0.1388
296,1209,1505,0.1388
291,1221,1512,0.1388
286,1223,1509,0.1388
280,1232,1512,0.1388
278,1229,1507,0.1388
278,1247,1525,0.1388
280,1235,1515,0.1388
280,1238,1518,0.1388
275,1248,1523,0.1388
272,1241,1513,0.1388
269,1238,1507,0.1388
273,1242,1515,0.1388
271,1249,1520,0.1388
266,1249,1515,0.1388
263,1247,1510,0.1388
263,1252,1515,0.1388
262,1246,1508,0.1388
264,1236,1500,0.1388
264,1226,1490,0.1388
269,1239,1508,0.1388
263,1247,1510,0.1388
264,1252,1516,0.1388
264,1259,1523,0.1388
270,1263,1533,0.1388
268,1256,1524,0.1388
261,1266,1527,0.1388
259,1268,1527,0.1388
259,1272,1531,0.1388
255,1271,1526,0.1388
252,1275,1527,0.1388
252,1278,1530,0.1388
249,1273,1522,0.1388
247,1260,1507,0.1388
245,1265,1510,0.1388
246,1269,1515,0.1388
252,1266,1518,0.1388
250,1267,1517,0.1388
250,1278,1528,0.1388
250,1274,1524,0.1388
246,1274,1520,0.1388
248,1270,1518,0.1388
246,1263,1509,0.1388
243,1269,1512,0.1388
243,1272,1515,0.1388
243,1276,1519,0.1388
236,1267,1503,0.1388
239,1264,1503,0.1388
239,1277,1516,0.1388
240,1288,1528,0.1388
245,1292,1537,0.1388
240,1280,1520,0.1388
241,1279,1520,0.1388
231,1286,1517,0.1388
236,1284,1520,0.1388
236,1285,1521,0.1388
242,1284,1526,0.1388
242,1265,1507,0.1388
243,1264,1507,0.1388
242,1258,1500,0.1388
243,1269,1512,0.1388
236,1266,1502,0.1388
235,1271,1506,0.1388
239,1272,1511,0.1388
234,1271,1505,0.1388
235,1283,1518,0.1388
235,1279,1514,0.1388
237,1270,1507,0.1388
242,1278,1520,0.1388
239,1279,1518,0.1388
240,1280,1520,0.1388
242,1294,1536,0.1388
237,1286,1523,0.1388
237,1289,1526,0.1388
241,1280,1521,0.1388
239,1278,1517,0.1388
240,1272,1512,0.1388
245,1267,1512,0.1388
244,1272,1516,0.1388
245,1268,1513,0.1388
244,1278,1522,0.1388
237,1286,1523,0.1388
231,1295,1526,0.1388
232,1296,1528,0.1388
232,1296,1528,0.1388
234,1292,1526,0.1388
233,1287,1520,0.1388
236,1290,1526,0.1388
236,1290,1526,0.1388
231,1283,1514,0.1388
231,1283,1514,0.1388
233,1277,1510,0.1388
232,1266,1498,0.1388
230,1258,1488,0.1388
228,1267,1495,0.1388
226,1277,1503,0.1388
222,1283,1505,0.1388
223,1290,1513,0.1388
230,1299,1529,0.1388
231,1295,1526,0.1388
229,1283,1512,0.1388
229,1287,1516,0.1388
229,1284,1513,0.1388
226,1287,1513,0.1388
225,1295,1520,0.1388
222,1282,1504,0.1388
220,1279,1499,0.1388
220,1281,1501,0.1388
226,1284,1510,0.1388
228,1285,1513,0.1388
226,1297,1523,0.1388
220,1299,1519,0.1388
223,1304,1527,0.1388
220,1306,1526,0.1388
219,1298,1517,0.1388
220,1295,1515,0.1388
224,1290,1514,0.1388
221,1286,1507,0.1388
226,1286,1512,0.1388
229,1298,1527,0.1388
222,1300,1522,0.1388
223,1295,1518,0.1388
224,1290,1514,0.1388
222,1289,1511,0.1388
220,1297,1517,0.1388
220,1299,1519,0.1388
227,1307,1534,0.1388
218,1307,1525,0.1388
213,1306,1519,0.1388
216,1303,1519,0.1388
213,1300,1513,0.1388
211,1291,1502,0.1388
217,1280,1497,0.1388
213,1301,1514,0.1388
208,1312,1520,0.1388
212,1309,1521,0.1388
213,1302,1515,0.1388
213,1302,1515,0.1388
210,1306,1516,0.1388
211,1305,1516,0.1388
215,1293,1508,0.1388
217,1299,1516,0.1388
221,1285,1506,0.1388
226,1297,1523,0.1388
227,1291,1518,0.1388
221,1279,1500,0.1388
215,1292,1507,0.1388
213,1294,1507,0.1388
212,1289,1501,0.1388
213,1301,1514,0.1388
221,1298,1519,0.1388
222,1291,1513,0.1388
221,1296,1517,0.1388
219,1290,1509,0.1388
211,1295,1506,0.1388
211,1291,1502,0.1388
208,1306,1514,0.1388
207,1294,1501,0.1388
206,1307,1513,0.1388
204,1303,1507,0.1388
205,1297,1502,0.1388
202,1301,1503,0.1388
202,1302,1504,0.1388
199,1304,1503,0.1388
194,1314,1508,0.1388
185,1323,1508,0.1388
189,1335,1524,0.1388
186,1325,1511,0.1388
196,1329,1525,0.1388
189,1324,1513,0.1388
190,1312,1502,0.1388
192,1310,1502,0.1388
188,1303,1491,0.1388
185,1317,1502,0.1388
184,1324,1508,0.1388
183,1330,1513,0.1388
181,1332,1513,0.1388
186,1330,1516,0.1388
185,1343,1528,0.1388
181,1324,1505,0.1388
182,1321,1503,0.1388
183,1343,1526,0.1388
181,1338,1519,0.1388
179,1341,1520,0.1388
181,1348,1529,0.1388
176,1348,1524,0.1388
177,1347,1524,0.1388
175,1339,1514,0.1388
172,1334,1506,0.1388
173,1345,1518,0.1388
172,1354,1526,0.1388
172,1351,1523,0.1388
176,1339,1515,0.1388
171,1328,1499,0.1388
169,1324,1493,0.1388
168,1349,1517,0.1388
162,1336,1498,0.1388
160,1346,1506,0.1388
162,1351,1513,0.1388
164,1349,1513,0.1388
165,1355,1520,0.1388
161,1360,1521,0.1388
160,1361,1521,0.1388
162,1359,1521,0.1388
161,1370,1531,0.1388
162,1371,1533,0.1388
159,1366,1525,0.1388
161,1352,1513,0.1388
159,1362,1521,0.1388
160,1352,1512,0.1388
155,1348,1503,0.1388
155,1364,1519,0.1388
152,1372,1524,0.1388
155,1372,1527,0.1388
152,1375,1527,0.1388
151,1371,1522,0.1388
151,1367,1518,0.1388
151,1365,1516,0.1388
152,1363,1515,0.1388
154,1363,1517,0.1388
152,1359,1511,0.1388
157,1354,1511,0.1388
153,1351,1504,0.1388
153,1363,1516,0.1388
156,1358,1514,0.1388
159,1361,1520,0.1388
156,1365,1521,0.1388
158,1344,1502,0.1388
158,1346,1504,0.1388
160,1357,1517,0.1388
158,1347,1505,0.1388
154,1364,1518,0.1388
151,1346,1497,0.1388
151,1362,1513,0.1388
150,1368,1518,0.1388
150,1368,1518,0.1388
147,1357,1504,0.1388
151,1365,1516,0.1388
149,1371,1520,0.1388
147,1366,1513,0.1388
144,1366,1510,0.1388
141,1369,1510,0.1388
142,1376,1518,0.1388
143,1372,1515,0.1388
141,1385,1526,0.1388
137,1378,1515,0.1388
135,1374,1509,0.1388
133,1374,1507,0.1388
131,1375,1506,0.1388
130,1380,1510,0.1388
129,1378,1507,0.1388
127,1388,1515,0.1388
127,1393,1520,0.1388
126,1391,1517,0.1388
124,1398,1522,0.1388
126,1396,1522,0.1388
127,1392,1519,0.1388
125,1380,1505,0.1388
128,1371,1499,0.1388
128,1378,1506,0.1388
127,1386,1513,0.1388
127,1391,1518,0.1388
128,1392,1520,0.1388
125,1391,1516,0.1388
123,1394,1517,0.1388
126,1398,1524,0.1388
128,1380,1508,0.1388
130,1388,1518,0.1388
127,1391,1518,0.1388
128,1384,1512,0.1388
127,1385,1512,0.1388
123,1392,1515,0.1388
123,1408,1531,0.1388
121,1390,1511,0.1388
119,1400,1519,0.1388
117,1394,1511,0.1388
120,1405,1525,0.1388
117,1397,1514,0.1388
116,1396,1512,0.1388
117,1390,1507,0.1388
112,1410,1522,0.1388
111,1419,1530,0.1388
106,1438,1544,0.1388
106,1428,1534,0.1388
104,1424,1528,0.1388
103,1423,1526,0.1388
106,1408,1514,0.1388
105,1411,1516,0.1388
108,1415,1523,0.1388
108,1420,1528,0.1388
110,1407,1517,0.1388
110,1407,1517,0.1388
112,1407,1519,0.1388
116,1402,1518,0.1388
116,1415,1531,0.1388
114,1410,1524,0.1388
113,1408,1521,0.1388
113,1398,1511,0.1388
113,1403,1516,0.1388
114,1405,1519,0.1388
116,1407,1523,0.1388
111,1414,1525,0.1388
113,1402,1515,0.1388
111,1406,1517,0.1388
113,1403,1516,0.1388
110,1403,1513,0.1388
109,1395,1504,0.1388
115,1400,1515,0.1388
116,1414,1530,0.1388
109,1408,1517,0.1388
109,1392,1501,0.1388
115,1393,1508,0.1388
112,1394,1506,0.1388
110,1387,1497,0.1388
105,1393,1498,0.1388
104,1392,1496,0.1388
104,1418,1522,0.1388
106,1412,1518,0.1388
104,1425,1529,0.1388
104,1413,1517,0.1388
105,1422,1527,0.1388
106,1417,1523,0.1388
104,1415,1519,0.1388
100,1412,1512,0.1388
102,1405,1507,0.1388
105,1414,1519,0.1388
106,1396,1502,0.1388
104,1401,1505,0.1388
103,1412,1515,0.1388
104,1404,1508,0.1388
102,1412,1514,0.1388
100,1408,1508,0.1388
100,1409,1509,0.1388
98,1418,1516,0.1388
99,1404,1503,0.1388
95,1394,1489,0.1388
98,1420,1518,0.1388
96,1430,1526,0.1388
93,1430,1523,0.1388
95,1420,1515,0.1388
93,1413,1506,0.1388
95,1400,1495,0.1388
94,1416,1510,0.1388
96,1433,1529,0.1388
97,1440,1537,0.1388
98,1433,1531,0.1388
98,1432,1530,0.1388
99,1422,1521,0.1388
94,1413,1507,0.1388
95,1420,1515,0.1388
93,1422,1515,0.1388
92,1413,1505,0.1388
92,1407,1499,0.1388
90,1413,1503,0.1388
89,1410,1499,0.1388
83,1411,1494,0.1388
86,1421,1507,0.1388
91,1419,1510,0.1388
93,1433,1526,0.1388
92,1427,1519,0.1388
91,1421,1512,0.1388
91,1432,1523,0.1388
91,1430,1521,0.1388
88,1436,1524,0.1388
87,1441,1528,0.1388
84,1441,1525,0.1388
81,1451,1532,0.1388
79,1455,1534,0.1388
78,1447,1525,0.1388
78,1440,1518,0.1388
76,1452,1528,0.1388
76,1449,1525,0.1388
78,1452,1530,0.1388
80,1447,1527,0.1388
81,1439,1520,0.1388
80,1429,1509,0.1388
77,1442,1519,0.1388
80,1442,1522,0.1388
83,1446,1529,0.1388
83,1445,1528,0.1388
83,1437,1520,0.1388
87,1420,1507,0.1388
89,1416,1505,0.1388
88,1428,1516,0.1388
89,1417,1506,0.1388
84,1422,1506,0.1388
82,1430,1512,0.1388
82,1431,1513,0.1388
82,1446,1528,0.1388
79,1445,1524,0.1388
78,1442,1520,0.1388
80,1448,1528,0.1388
77,1434,1511,0.1388
80,1439,1519,0.1388
80,1446,1526,0.1388
77,1439,1516,0.1388
79,1441,1520,0.1388
77,1456,1533,0.1388
78,1434,1512,0.1388
80,1433,1513,0.1388
83,1429,1512,0.1388
83,1416,1499,0.1388
86,1420,1506,0.1388
88,1426,1514,0.1388
89,1429,1518,0.1388
87,1419,1506,0.1388
85,1416,1501,0.1388
82,1422,1504,0.1388
84,1439,1523,0.1388
82,1447,1529,0.1388
84,1444,1528,0.1388
82,1439,1521,0.1388
80,1438,1518,0.1388
80,1424,1504,0.1388
83,1431,1514,0.1388
82,1443,1525,0.1388
81,1452,1533,0.1388
79,1459,1538,0.1388
76,1445,1521,0.1388
75,1433,1508,0.1388
72,1427,1499,0.1388
72,1435,1507,0.1388
72,1446,1518,0.1388
71,1444,1515,0.1388
70,1430,1500,0.1388
68,1434,1502,0.1388
67,1446,1513,0.1388
65,1443,1508,0.1388
65,1456,1521,0.1388
64,1470,1534,0.1388
63,1467,1530,0.1388
60,1456,1516,0.1388
62,1456,1518,0.1388
60,1455,1515,0.1388
58,1462,1520,0.1388
54,1462,1516,0.1388
53,1463,1516,0.1388
53,1455,1508,0.1388
55,1466,1521,0.1388
52,1469,1521,0.1388
52,1455,1507,0.1388
54,1449,1503,0.1388
54,1454,1508,0.1388
54,1457,1511,0.1388
56,1465,1521,0.1388
56,1449,1505,0.1388
57,1449,1506,0.1388
58,1458,1516,0.1388
63,1466,1529,0.1388
64,1456,1520,0.1388
59,1446,1505,0.1388
59,1443,1502,0.1388
57,1457,1514,0.1388
57,1444,1501,0.1388
60,1443,1503,0.1388
58,1459,1517,0.1388
58,1471,1529,0.1388
59,1472,1531,0.1388
62,1462,1524,0.1388
60,1464,1524,0.1388
57,1464,1521,0.1388
59,1456,1515,0.1388
59,1456,1515,0.1388
61,1450,1511,0.1388
61,1470,1531,0.1388
60,1457,1517,0.1388
57,1448,1505,0.1388
59,1444,1503,0.1388
52,1456,1508,0.1388
53,1473,1526,0.1388
50,1467,1517,0.1388
52,1465,1517,0.1388
52,1466,1518,0.1388
57,1453,1510,0.1388
57,1457,1514,0.1388
58,1457,1515,0.1388
59,1464,1523,0.1388
60,1463,1523,0.1388
60,1476,1536,0.1388
58,1477,1535,0.1388
59,1477,1536,0.1388
58,1469,1527,0.1388
57,1467,1524,0.1388
56,1466,1522,0.1388
56,1461,1517,0.1388
56,1461,1517,0.1388
53,1460,1513,0.1388
53,1467,1520,0.1388
52,1465,1517,0.1388
53,1468,1521,0.1388
52,1466,1518,0.1388
55,1466,1521,0.1388
56,1473,1529,0.1388
55,1472,1527,0.1388
52,1464,1516,0.1388
52,1461,1513,0.1388
55,1459,1514,0.1388
54,1471,1525,0.1388
52,1471,1523,0.1388
52,1469,1521,0.1388
53,1462,1515,0.1388
52,1474,1526,0.1388
53,1469,1522,0.1388
54,1466,1520,0.1388
52,1464,1516,0.1388
52,1454,1506,0.1388
52,1461,1513,0.1388
53,1469,1522,0.1388
55,1465,1520,0.1388
54,1467,1521,0.1388
54,1469,1523,0.1388
54,1479,1533,0.1388
54,1469,1523,0.1388
51,1475,1526,0.1388
50,1477,1527,0.1388
52,1459,1511,0.1388
51,1457,1508,0.1388
53,1456,1509,0.1388
50,1476,1526,0.1388
50,1472,1522,0.1388
49,1475,1524,0.1388
50,1472,1522,0.1388
49,1470,1519,0.1388
50,1470,1520,0.1388
49,1473,1522,0.1388
47,1461,1508,0.1388
47,1463,1510,0.1388
48,1471,1519,0.1388
48,1478,1526,0.1388
50,1464,1514,0.1388
47,1470,1517,0.1388
49,1465,1514,0.1388
48,1470,1518,0.1388
49,1461,1510,0.1388
48,1475,1523,0.1388
51,1462,1513,0.1388
51,1472,1523,0.1388
52,1481,1533,0.1388
52,1469,1521,0.1388
52,1460,1512,0.1388
54,1464,1518,0.1388
52,1465,1517,0.1388
53,1465,1518,0.1388
55,1466,1521,0.1388
57,1461,1518,0.1388
57,1456,1513,0.1388
56,1458,1514,0.1388
54,1459,1513,0.1388
53,1462,1515,0.1388
54,1475,1529,0.1388
53,1478,1531,0.1388
54,1486,1540,0.1388
54,1482,1536,0.1388
55,1469,1524,0.1388
54,1466,1520,0.1388
52,1462,1514,0.1388
52,1456,1508,0.1388
53,1452,1505,0.1388
53,1473,1526,0.1388
55,1460,1515,0.1388
54,1480,1534,0.1388
53,1460,1513,0.1388
53,1453,1506,0.1388
53,1458,1511,0.1388
56,1463,1519,0.1388
54,1462,1516,0.1388
54,1472,1526,0.1388
56,1464,1520,0.1388
56,1457,1513,0.1388
54,1464,1518,0.1388
56,1457,1513,0.1388
55,1468,1523,0.1388
53,1472,1525,0.1388
54,1459,1513,0.1388
53,1460,1513,0.1388
54,1470,1524,0.1388
50,1456,1506,0.1388
52,1468,1520,0.1388
52,1464,1516,0.1388
51,1468,1519,0.1388
50,1473,1523,0.1388
48,1471,1519,0.1388
47,1468,1515,0.1388
49,1469,1518,0.1388
49,1472,1521,0.1388
49,1474,1523,0.1388
46,1470,1516,0.1388
46,1454,1500,0.1388
46,1456,1502,0.1388
46,1467,1513,0.1388
45,1471,1516,0.1388
48,1466,1514,0.1388
47,1464,1511,0.1388
47,1469,1516,0.1388
48,1472,1520,0.1388
48,1472,1520,0.1388
46,1460,1506,0.1388
45,1457,1502,0.1388
49,1466,1515,0.1388
50,1461,1511,0.1388
49,1463,1512,0.1388
49,1463,1512,0.1388
49,1463,1512,0.1388
49,1465,1514,0.1388
49,1466,1515,0.1388
51,1472,1523,0.1388
50,1462,1512,0.1388
50,1463,1513,0.1388
53,1465,1518,0.1388
51,1448,1499,0.1388
50,1441,1491,0.1388
48,1448,1496,0.1388
51,1448,1499,0.1388
49,1461,1510,0.1388
49,1457,1506,0.1388
46,1458,1504,0.1388
45,1464,1509,0.1388
45,1474,1519,0.1388
44,1466,1510,0.1388
43,1469,1512,0.1388
43,1469,1512,0.1388
40,1467,1507,0.1388
39,1467,1506,0.1388
38,1475,1513,0.1388
40,1466,1506,0.1388
37,1479,1516,0.1388
39,1485,1524,0.1388
40,1492,1532,0.1388
39,1491,1530,0.1388
40,1490,1530,0.1388
40,1487,1527,0.1388
38,1475,1513,0.1388
38,1475,1513,0.1388
41,1468,1509,0.1388
42,1465,1507,0.1388
41,1476,1517,0.1388
38,1480,1518,0.1388
36,1475,1511,0.1388
34,1476,1510,0.1388
34,1491,1525,0.1388
34,1466,1500,0.1388
34,1471,1505,0.1388
35,1482,1517,0.1388
36,1481,1517,0.1388
34,1493,1527,0.1388
35,1505,1540,0.1388
35,1498,1533,0.1388
37,1489,1526,0.1388
36,1485,1521,0.1388
36,1480,1516,0.1388
34,1472,1506,0.1388
35,1459,1494,0.1388
35,1469,1504,0.1388
32,1477,1509,0.1388
32,1473,1505,0.1388
32,1475,1507,0.1388
35,1495,1530,0.1388
34,1491,1525,0.1388
32,1486,1518,0.1388
31,1480,1511,0.1388
30,1485,1515,0.1388
30,1480,1510,0.1388
27,1480,1507,0.1388
30,1478,1508,0.1388
31,1484,1515,0.1388
32,1483,1515,0.1388
30,1487,1517,0.1388
30,1485,1515,0.1388
30,1489,1519,0.1388
29,1483,1512,0.1388
29,1492,1521,0.1388
27,1495,1522,0.1388
27,1502,1529,0.1388
27,1504,1531,0.1388
27,1501,1528,0.1388
28,1499,1527,0.1388
28,1492,1520,0.1388
28,1495,1523,0.1388
27,1499,1526,0.1388
27,1493,1520,0.1388
29,1482,1511,0.1388
31,1468,1499,0.1388
30,1470,1500,0.1388
30,1465,1495,0.1388
28,1478,1506,0.1388
30,1488,1518,0.1388
29,1483,1512,0.1388
30,1493,1523,0.1388
29,1480,1509,0.1388
27,1492,1519,0.1388
30,1487,1517,0.1388
28,1494,1522,0.1388
29,1499,1528,0.1388
30,1480,1510,0.1388
31,1485,1516,0.1388
32,1489,1521,0.1388
32,1478,1510,0.1388
31,1481,1512,0.1388
32,1499,1531,0.1388
31,1495,1526,0.1388
33,1492,1525,0.1388
33,1492,1525,0.1388
32,1486,1518,0.1388
32,1481,1513,0.1388
32,1481,1513,0.1388
32,1483,1515,0.1388
31,1501,1532,0.1388
31,1495,1526,0.1388
31,1488,1519,0.1388
29,1482,1511,0.1388
30,1493,1523,0.1388
30,1494,1524,0.1388
30,1486,1516,0.1388
30,1508,1538,0.1388
28,1502,1530,0.1388
29,1507,1536,0.1388
28,1495,1523,0.1388
29,1488,1517,0.1388
28,1482,1510,0.1388
28,1470,1498,0.1388
25,1486,1511,0.1388
25,1495,1520,0.1388
22,1495,1517,0.1388
21,1485,1506,0.1388
22,1479,1501,0.1388
20,1495,1515,0.1388
20,1496,1516,0.1388
20,1507,1527,0.1388
20,1508,1528,0.1388
20,1502,1522,0.1388
19,1504,1523,0.1388
18,1513,1531,0.1388
17,1504,1521,0.1388
16,1507,1523,0.1388
16,1514,1530,0.1388
16,1512,1528,0.1388
16,1511,1527,0.1388
15,1506,1521,0.1388
15,1516,1531,0.1388
15,1509,1524,0.1388
15,1500,1515,0.1388
14,1498,1512,0.1388
13,1493,1506,0.1388
13,1500,1513,0.1388
14,1499,1513,0.1388
15,1505,1520,0.1388
16,1505,1521,0.1388
17,1487,1504,0.1388
17,1488,1505,0.1388
17,1497,1514,0.1388
18,1504,1522,0.1388
17,1498,1515,0.1388
18,1491,1509,0.1388
18,1506,1524,0.1388
17,1497,1514,0.1388
16,1490,1506,0.1388
15,1497,1512,0.1388
13,1508,1521,0.1388
13,1508,1521,0.1388
13,1522,1535,0.1388
13,1524,1537,0.1388
13,1506,1519,0.1388
13,1505,1518,0.1388
13,1498,1511,0.1388
13,1493,1506,0.1388
13,1496,1509,0.1388
12,1509,1521,0.1388
12,1507,1519,0.1388
12,1521,1533,0.1388
13,1509,1522,0.1388
13,1499,1512,0.1388
13,1510,1523,0.1388
13,1506,1519,0.1388
13,1507,1520,0.1388
14,1514,1528,0.1388
14,1502,1516,0.1388
15,1495,1510,0.1388
15,1509,1524,0.1388
16,1523,1539,0.1388
15,1514,1529,0.1388
15,1514,1529,0.1388
12,1512,1524,0.1388
12,1510,1522,0.1388
12,1500,1512,0.1388
11,1501,1512,0.1388
11,1506,1517,0.1388
11,1493,1504,0.1388
12,1502,1514,0.1388
11,1512,1523,0.1388
10,1514,1524,0.1388
10,1501,1511,0.1388
10,1500,1510,0.1388
11,1506,1517,0.1388
11,1520,1531,0.1388
10,1512,1522,0.1388
10,1502,1512,0.1388
10,1503,1513,0.1388
11,1500,1511,0.1388
10,1496,1506,0.1388
11,1514,1525,0.1388
11,1512,1523,0.1388
11,1504,1515,0.1388
10,1503,1513,0.1388
10,1509,1519,0.1388
9,1505,1514,0.1388
10,1497,1507,0.1388
10,1497,1507,0.1388
10,1500,1510,0.1388
10,1506,1516,0.1388
10,1506,1516,0.1388
10,1514,1524,0.1388
9,1509,1518,0.1388
8,1507,1515,0.1388
8,1496,1504,0.1388
7,1500,1507,0.1388
9,1509,1518,0.1388
10,1501,1511,0.1388
10,1503,1513,0.1388
10,1494,1504,0.1388
10,1499,1509,0.1388
10,1495,1505,0.1388
10,1502,1512,0.1388
10,1519,1529,0.1388
11,1518,1529,0.1388
12,1513,1525,0.1388
12,1498,1510,0.1388
13,1495,1508,0.1388
13,1505,1518,0.1388
13,1507,1520,0.1388
12,1503,1515,0.1388
11,1498,1509,0.1388
11,1500,1511,0.1388
11,1504,1515,0.1388
11,1508,1519,0.1388
11,1507,1518,0.1388
11,1509,1520,0.1388
11,1500,1511,0.1388
10,1505,1515,0.1388
9,1511,1520,0.1388
9,1523,1532,0.1388
9,1519,1528,0.1388
9,1522,1531,0.1388
10,1522,1532,0.1388
10,1521,1531,0.1388
10,1520,1530,0.1388
11,1511,1522,0.1388
10,1512,1522,0.1388
10,1512,1522,0.1388
10,1504,1514,0.1388
10,1507,1517,0.1388
10,1505,1515,0.1388
8,1514,1522,0.1388
9,1517,1526,0.1388
9,1510,1519,0.1388
9,1511,1520,0.1388
8,1508,1516,0.1388
8,1508,1516,0.1388
7,1506,1513,0.1388
7,1494,1501,0.1388
7,1504,1511,0.1388
6,1504,1510,0.1388
6,1508,1514,0.1388
6,1509,1515,0.1388
6,1508,1514,0.1388
6,1499,1505,0.1388
7,1505,1512,0.1388
7,1514,1521,0.1388
7,1526,1533,0.1388
7,1514,1521,0.1388
6,1497,1503,0.1388
6,1492,1498,0.1388
5,1486,1491,0.1388
5,1491,1496,0.1388
5,1492,1497,0.1388
5,1505,1510,0.1388
4,1509,1513,0.1388
4,1497,1501,0.1388
4,1506,1510,0.1388
4,1512,1516,0.1388
4,1516,1520,0.1388
4,1516,1520,0.1388
4,1503,1507,0.1388
4,1512,1516,0.1388
4,1499,1503,0.1388
4,1509,1513,0.1388
4,1500,1504,0.1388
4,1516,1520,0.1388
5,1504,1509,0.1388
4,1518,1522,0.1388
4,1503,1507,0.1388
4,1520,1524,0.1388
4,1520,1524,0.1388
3,1526,1529,0.1388
3,1515,1518,0.1388
3,1495,1498,0.1388
4,1487,1491,0.1388
4,1501,1505,0.1388
5,1509,1514,0.1388
5,1525,1530,0.1388
5,1532,1537,0.1388
5,1520,1525,0.1388
5,1508,1513,0.1388
5,1519,1524,0.1388
5,1523,1528,0.1388
4,1521,1525,0.1388
5,1510,1515,0.1388
5,1523,1528,0.1388
5,1522,1527,0.1388
5,1535,1540,0.1388
4,1522,1526,0.1388
4,1517,1521,0.1388
4,1513,1517,0.1388
4,1530,1534,0.1388
4,1518,1522,0.1388
4,1512,1516,0.1388
4,1520,1524,0.1388
5,1514,1519,0.1388
5,1524,1529,0.1388
5,1511,1516,0.1388
5,1516,1521,0.1388
5,1508,1513,0.1388
6,1503,1509,0.1388
6,1518,1524,0.1388
5,1528,1533,0.1388
5,1520,1525,0.1388
5,1518,1523,0.1388
5,1519,1524,0.1388
5,1521,1526,0.1388
4,1517,1521,0.1388
4,1511,1515,0.1388
3,1502,1505,0.1388
3,1506,1509,0.1388
3,1511,1514,0.1388
3,1520,1523,0.1388
3,1512,1515,0.1388
3,1509,1512,0.1388
2,1509,1511,0.1388
2,1516,1518,0.1388
2,1520,1522,0.1388
2,1528,1530,0.1388
2,1526,1528,0.1388
2,1509,1511,0.1388
2,1518,1520,0.1388
2,1506,1508,0.1388
2,1501,1503,0.1388
2,1519,1521,0.1388
2,1521,1523,0.1388
2,1520,1522,0.1388
2,1521,1523,0.1388
2,1523,1525,0.1388
2,1512,1514,0.1388
3,1526,1529,0.1388
3,1523,1526,0.1388
3,1531,1534,0.1388
3,1531,1534,0.1388
3,1535,1538,0.1388
3,1511,1514,0.1388
3,1508,1511,0.1388
3,1521,1524,0.1388
3,1518,1521,0.1388
3,1515,1518,0.1388
3,1504,1507,0.1388
3,1513,1516,0.1388
3,1509,1512,0.1388
3,1505,1508,0.1388
3,1503,1506,0.1388
3,1513,1516,0.1388
4,1504,1508,0.1388
4,1513,1517,0.1388
4,1513,1517,0.1388
4,1506,1510,0.1388
4,1516,1520,0.1388
4,1499,1503,0.1388
3,1508,1511,0.1388
3,1501,1504,0.1388
2,1505,1507,0.1388
2,1518,1520,0.1388
2,1512,1514,0.1388
2,1523,1525,0.1388
2,1521,1523,0.1388
2,1509,1511,0.1388
1,1520,1521,0.1388
1,1511,1512,0.1388
1,1512,1513,0.1388
1,1517,1518,0.1388
1,1521,1522,0.1388
1,1528,1529,0.1388
1,1522,1523,0.1388
1,1527,1528,0.1388
1,1513,1514,0.1388
1,1520,1521,0.1388
2,1509,1511,0.1388
2,1511,1513,0.1388
2,1518,1520,0.1388
2,1528,1530,0.1388
2,1510,1512,0.1388
3,1505,1508,0.1388
2,1510,1512,0.1388
2,1519,1521,0.1388
2,1525,1527,0.1388
2,1524,1526,0.1388
2,1521,1523,0.1388
2,1522,1524,0.1388
2,1524,1526,0.1388
2,1525,1527,0.1388
2,1514,1516,0.1388
2,1529,1531,0.1388
2,1524,1526,0.1388
2,1530,1532,0.1388
2,1527,1529,0.1388
2,1527,1529,0.1388
2,1517,1519,0.1388
2,1510,1512,0.1388
2,1521,1523,0.1388
2,1519,1521,0.1388
2,1517,1519,0.1388
2,1511,1513,0.1388
2,1510,1512,0.1388
2,1513,1515,0.1388
2,1513,1515,0.1388
2,1510,1512,0.1388
2,1512,1514,0.1388
2,1520,1522,0.1388
2,1529,1531,0.1388
2,1521,1523,0.1388
2,1518,1520,0.1388
2,1525,1527,0.1388
2,1527,1529,0.1388
2,1519,1521,0.1388
2,1504,1506,0.1388
2,1495,1497,0.1388
2,1499,1501,0.1388
2,1508,1510,0.1388
2,1503,1505,0.1388
2,1506,1508,0.1388
2,1513,1515,0.1388
2,1502,1504,0.1388
2,1506,1508,0.1388
2,1532,1534,0.1388
2,1540,1542,0.1388
2,1522,1524,0.1388
2,1515,1517,0.1388
2,1520,1522,0.1388
2,1516,1518,0.1388
2,1511,1513,0.1388
2,1512,1514,0.1388
2,1511,1513,0.1388
1,1508,1509,0.1388
1,1503,1504,0.1388
1,1505,1506,0.1388
1,1505,1506,0.1388
1,1501,1502,0.1388
1,1503,1504,0.1388
2,1505,1507,0.1388
2,1517,1519,0.1388
2,1505,1507,0.1388
2,1502,1504,0.1388
2,1500,1502,0.1388
2,1516,1518,0.1388
2,1513,1515,0.1388
2,1511,1513,0.1388
2,1504,1506,0.1388
2,1510,1512,0.1388
2,1515,1517,0.1388
2,1510,1512,0.1388
2,1509,1511,0.1388
2,1513,1515,0.1388
2,1519,1521,0.1388
2,1513,1515,0.1388
2,1513,1515,0.1388
2,1519,1521,0.1388
2,1518,1520,0.1388
2,1530,1532,0.1388
2,1527,1529,0.1388
2,1522,1524,0.1388
2,1520,1522,0.1388
2,1525,1527,0.1388
2,1510,1512,0.1388
2,1514,1516,0.1388
2,1509,1511,0.1388
2,1510,1512,0.1388
2,1507,1509,0.1388
2,1505,1507,0.1388
2,1508,1510,0.1388
2,1507,1509,0.1388
2,1518,1520,0.1388
2,1512,1514,0.1388
2,1506,1508,0.1388
2,1506,1508,0.1388
2,1500,1502,0.1388
2,1503,1505,0.1388
2,1513,1515,0.1388
2,1510,1512,0.1388
3,1509,1512,0.1388
3,1511,1514,0.1388
3,1518,1521,0.1388
3,1505,1508,0.1388
3,1501,1504,0.1388
3,1519,1522,0.1388
3,1512,1515,0.1388
2,1522,1524,0.1388
2,1515,1517,0.1388
2,1522,1524,0.1388
2,1516,1518,0.1388
2,1511,1513,0.1388
1,1512,1513,0.1388
1,1513,1514,0.1388
1,1523,1524,0.1388
1,1514,1515,0.1388
1,1509,1510,0.1388
1,1506,1507,0.1388
1,1503,1504,0.1388
1,1501,1502,0.1388
1,1511,1512,0.1388
1,1511,1512,0.1388
1,1508,1509,0.1388
1,1507,1508,0.1388
1,1510,1511,0.1388
1,1512,1513,0.1388
1,1512,1513,0.1388
1,1520,1521,0.1388
1,1519,1520,0.1388
1,1505,1506,0.1388
1,1498,1499,0.1388
1,1515,1516,0.1388
1,1519,1520,0.1388
1,1514,1515,0.1388
1,1508,1509,0.1388
1,1518,1519,0.1388
1,1521,1522,0.1388
1,1508,1509,0.1388
1,1508,1509,0.1388
1,1515,1516,0.1388
1,1519,1520,0.1388
1,1535,1536,0.1388
1,1537,1538,0.1388
1,1542,1543,0.1388
1,1526,1527,0.1388
1,1529,1530,0.1388
1,1517,1518,0.1388
1,1515,1516,0.1388
1,1522,1523,0.1388
1,1500,1501,0.1388
1,1509,1510,0.1388
1,1509,1510,0.1388
2,1511,1513,0.1388
2,1526,1528,0.1388
2,1526,1528,0.1388
2,1517,1519,0.1388
2,1522,1524,0.1388
2,1525,1527,0.1388
2,1527,1529,0.1388
2,1519,1521,0.1388
2,1517,1519,0.1388
2,1516,1518,0.1388
2,1507,1509,0.1388
2,1510,1512,0.1388
2,1509,1511,0.1388
1,1510,1511,0.1388
1,1505,1506,0.1388
1,1494,1495,0.1388
1,1512,1513,0.1388
1,1507,1508,0.1388
1,1509,1510,0.1388
1,1511,1512,0.1388
1,1517,1518,0.1388
1,1510,1511,0.1388
1,1511,1512,0.1388
1,1514,1515,0.1388
1,1505,1506,0.1388
1,1501,1502,0.1388
1,1503,1504,0.1388
1,1507,1508,0.1388
1,1503,1504,0.1388
1,1498,1499,0.1388
1,1502,1503,0.1388
1,1498,1499,0.1388
1,1513,1514,0.1388
1,1507,1508,0.1388
1,1511,1512,0.1388
1,1499,1500,0.1388
1,1502,1503,0.1388
1,1507,1508,0.1388
1,1519,1520,0.1388
1,1519,1520,0.1388
1,1523,1524,0.1388
1,1514,1515,0.1388
1,1520,1521,0.1388
2,1507,1509,0.1388
2,1519,1521,0.1388
2,1519,1521,0.1388
2,1514,1516,0.1388
2,1513,1515,0.1388
2,1512,1514,0.1388
2,1514,1516,0.1388
1,1509,1510,0.1388
1,1515,1516,0.1388
1,1512,1513,0.1388
1,1513,1514,0.1388
1,1491,1492,0.1388
1,1501,1502,0.1388
1,1510,1511,0.1388
1,1520,1521,0.1388
1,1521,1522,0.1388
1,1530,1531,0.1388
1,1525,1526,0.1388
1,1517,1518,0.1388
1,1525,1526,0.1388
1,1524,1525,0.1388
1,1524,1525,0.1388
1,1518,1519,0.1388
1,1512,1513,0.1388
1,1520,1521,0.1388
1,1512,1513,0.1388
1,1508,1509,0.1388
1,1510,1511,0.1388
1,1511,1512,0.1388
1,1531,1532,0.1388
1,1526,1527,0.1388
1,1527,1528,0.1388
1,1525,1526,0.1388
1,1540,1541,0.1388
1,1522,1523,0.1388
1,1513,1514,0.1388
1,1522,1523,0.1388
1,1520,1521,0.1388
1,1521,1522,0.1388
1,1529,1530,0.1388
1,1533,1534,0.1388
2,1525,1527,0.1388
2,1519,1521,0.1388
3,1517,1520,0.1388
3,1505,1508,0.1388
3,1515,1518,0.1388
3,1516,1519,0.1388
3,1523,1526,0.1388
3,1522,1525,0.1388
3,1519,1522,0.1388
3,1523,1526,0.1388
3,1506,1509,0.1388
3,1497,1500,0.1388
3,1503,1506,0.1388
2,1512,1514,0.1388
2,1496,1498,0.1388
2,1500,1502,0.1388
2,1504,1506,0.1388
1,1507,1508,0.1388
1,1496,1497,0.1388
1,1497,1498,0.1388
1,1500,1501,0.1388
1,1506,1507,0.1388
1,1520,1521,0.1388
1,1517,1518,0.1388
1,1510,1511,0.1388
1,1503,1504,0.1388
1,1504,1505,0.1388
1,1494,1495,0.1388
1,1510,1511,0.1388
1,1509,1510,0.1388
2,1511,1513,0.1388
2,1505,1507,0.1388
2,1504,1506,0.1388
2,1502,1504,0.1388
2,1509,1511,0.1388
2,1501,1503,0.1388
3,1514,1517,0.1388
3,1514,1517,0.1388
3,1512,1515,0.1388
3,1509,1512,0.1388
3,1525,1528,0.1388
3,1513,1516,0.1388
3,1502,1505,0.1388
3,1517,1520,0.1388
3,1516,1519,0.1388
3,1516,1519,0.1388
3,1500,1503,0.1388
3,1490,1493,0.1388
3,1501,1504,0.1388
3,1492,1495,0.1388
3,1502,1505,0.1388
3,1503,1506,0.1388
3,1516,1519,0.1388
3,1506,1509,0.1388
4,1509,1513,0.1388
4,1499,1503,0.1388
5,1506,1511,0.1388
6,1505,1511,0.1388
6,1507,1513,0.1388
5,1505,1510,0.1388
5,1507,1512,0.1388
4,1507,1511,0.1388
4,1512,1516,0.1388
4,1521,1525,0.1388
4,1513,1517,0.1388
4,1517,1521,0.1388
4,1523,1527,0.1388
4,1521,1525,0.1388
4,1518,1522,0.1388
4,1518,1522,0.1388
4,1513,1517,0.1388
4,1505,1509,0.1388
3,1516,1519,0.1388
4,1519,1523,0.1388
4,1519,1523,0.1388
4,1516,1520,0.1388
4,1515,1519,0.1388
4,1513,1517,0.1388
4,1500,1504,0.1388
4,1510,1514,0.1388
4,1515,1519,0.1388
4,1507,1511,0.1388
4,1498,1502,0.1388
4,1506,1510,0.1388
4,1504,1508,0.1388
4,1502,1506,0.1388
4,1509,1513,0.1388
4,1507,1511,0.1388
4,1509,1513,0.1388
4,1515,1519,0.1388
4,1518,1522,0.1388
4,1527,1531,0.1388
4,1524,1528,0.1388
4,1515,1519,0.1388
4,1508,1512,0.1388
4,1507,1511,0.1388
4,1506,1510,0.1388
4,1501,1505,0.1388
4,1519,1523,0.1388
4,1522,1526,0.1388
4,1522,1526,0.1388
4,1521,1525,0.1388
5,1517,1522,0.1388
5,1521,1526,0.1388
4,1517,1521,0.1388
4,1518,1522,0.1388
4,1514,1518,0.1388
4,1519,1523,0.1388
5,1517,1522,0.1388
5,1516,1521,0.1388
5,1519,1524,0.1388
5,1508,1513,0.1388
5,1518,1523,0.1388
5,1520,1525,0.1388
5,1515,1520,0.1388
5,1506,1511,0.1388
5,1515,1520,0.1388
5,1520,1525,0.1388
5,1517,1522,0.1388
4,1524,1528,0.1388
4,1514,1518,0.1388
3,1525,1528,0.1388
3,1528,1531,0.1388
4,1505,1509,0.1388
4,1516,1520,0.1388
6,1524,1530,0.1388
6,1519,1525,0.1388
6,1520,1526,0.1388
6,1509,1515,0.1388
4,1509,1513,0.1388
5,1514,1519,0.1388
5,1505,1510,0.1388
6,1511,1517,0.1388
7,1514,1521,0.1388
6,1512,1518,0.1388
6,1514,1520,0.1388
6,1505,1511,0.1388
6,1520,1526,0.1388
6,1516,1522,0.1388
6,1519,1525,0.1388
6,1506,1512,0.1388
7,1507,1514,0.1388
7,1513,1520,0.1388
7,1504,1511,0.1388
7,1524,1531,0.1388
7,1519,1526,0.1388
7,1535,1542,0.1388
7,1518,1525,0.1388
7,1516,1523,0.1388
7,1511,1518,0.1388
7,1529,1536,0.1388
7,1522,1529,0.1388
7,1522,1529,0.1388
7,1519,1526,0.1388
7,1507,1514,0.1388
7,1510,1517,0.1388
7,1516,1523,0.1388
7,1514,1521,0.1388
7,1514,1521,0.1388
7,1506,1513,0.1388
6,1509,1515,0.1388
6,1505,1511,0.1388
6,1504,1510,0.1388
6,1499,1505,0.1388
6,1509,1515,0.1388
6,1517,1523,0.1388
6,1510,1516,0.1388
6,1500,1506,0.1388
6,1511,1517,0.1388
7,1518,1525,0.1388
8,1513,1521,0.1388
7,1509,1516,0.1388
7,1504,1511,0.1388
8,1505,1513,0.1388
8,1505,1513,0.1388
8,1511,1519,0.1388
7,1505,1512,0.1388
8,1516,1524,0.1388
7,1512,1519,0.1388
6,1505,1511,0.1388
6,1508,1514,0.1388
6,1502,1508,0.1388
7,1511,1518,0.1388
7,1504,1511,0.1388
7,1517,1524,0.1388
6,1533,1539,0.1388
6,1522,1528,0.1388
6,1509,1515,0.1388
6,1506,1512,0.1388
8,1504,1512,0.1388
8,1501,1509,0.1388
8,1499,1507,0.1388
8,1495,1503,0.1388
8,1492,1500,0.1388
9,1486,1495,0.1388
9,1494,1503,0.1388
9,1492,1501,0.1388
9,1490,1499,0.1388
10,1505,1515,0.1388
10,1496,1506,0.1388
9,1504,1513,0.1388
9,1512,1521,0.1388
9,1502,1511,0.1388
8,1499,1507,0.1388
8,1490,1498,0.1388
8,1488,1496,0.1388
8,1493,1501,0.1388
8,1498,1506,0.1388
8,1516,1524,0.1388
8,1518,1526,0.1388
8,1514,1522,0.1388
9,1514,1523,0.1388
9,1515,1524,0.1388
9,1511,1520,0.1388
8,1506,1514,0.1388
8,1505,1513,0.1388
8,1518,1526,0.1388
9,1517,1526,0.1388
9,1519,1528,0.1388
9,1506,1515,0.1388
9,1501,1510,0.1388
8,1493,1501,0.1388
8,1491,1499,0.1388
8,1506,1514,0.1388
8,1491,1499,0.1388
9,1493,1502,0.1388
8,1505,1513,0.1388
8,1508,1516,0.1388
8,1511,1519,0.1388
8,1510,1518,0.1388
8,1504,1512,0.1388
8,1507,1515,0.1388
7,1517,1524,0.1388
7,1510,1517,0.1388
8,1504,1512,0.1388
8,1488,1496,0.1388
8,1499,1507,0.1388
8,1504,1512,0.1388
7,1518,1525,0.1388
7,1517,1524,0.1388
7,1515,1522,0.1388
7,1514,1521,0.1388
6,1511,1517,0.1388
6,1514,1520,0.1388
6,1517,1523,0.1388
6,1514,1520,0.1388
5,1521,1526,0.1388
5,1522,1527,0.1388
5,1514,1519,0.1388
5,1515,1520,0.1388
6,1515,1521,0.1388
6,1512,1518,0.1388
7,1510,1517,0.1388
7,1504,1511,0.1388
7,1519,1526,0.1388
7,1524,1531,0.1388
8,1508,1516,0.1388
8,1510,1518,0.1388
8,1513,1521,0.1388
8,1511,1519,0.1388
8,1514,1522,0.1388
7,1510,1517,0.1388
7,1502,1509,0.1388
7,1493,1500,0.1388
7,1492,1499,0.1388
7,1490,1497,0.1388
7,1504,1511,0.1388
7,1514,1521,0.1388
8,1515,1523,0.1388
7,1508,1515,0.1388
7,1511,1518,0.1388
7,1518,1525,0.1388
7,1503,1510,0.1388
7,1501,1508,0.1388
7,1500,1507,0.1388
8,1510,1518,0.1388
8,1505,1513,0.1388
8,1498,1506,0.1388
7,1500,1507,0.1388
8,1504,1512,0.1388
8,1501,1509,0.1388
8,1512,1520,0.1388
8,1511,1519,0.1388
8,1509,1517,0.1388
8,1507,1515,0.1388
8,1511,1519,0.1388
7,1511,1518,0.1388
8,1513,1521,0.1388
8,1514,1522,0.1388
8,1509,1517,0.1388
7,1502,1509,0.1388
6,1509,1515,0.1388
7,1511,1518,0.1388
7,1515,1522,0.1388
9,1510,1519,0.1388
9,1502,1511,0.1388
9,1512,1521,0.1388
9,1519,1528,0.1388
9,1508,1517,0.1388
9,1499,1508,0.1388
11,1506,1517,0.1388
10,1513,1523,0.1388
10,1497,1507,0.1388
10,1498,1508,0.1388
10,1494,1504,0.1388
9,1506,1515,0.1388
10,1508,1518,0.1388
10,1515,1525,0.1388
9,1514,1523,0.1388
9,1521,1530,0.1388
9,1506,1515,0.1388
9,1508,1517,0.1388
9,1493,1502,0.1388
9,1503,1512,0.1388
8,1509,1517,0.1388
8,1511,1519,0.1388
8,1523,1531,0.1388
8,1522,1530,0.1388
8,1518,1526,0.1388
8,1507,1515,0.1388
8,1508,1516,0.1388
8,1496,1504,0.1388
7,1507,1514,0.1388
7,1508,1515,0.1388
6,1513,1519,0.1388
6,1517,1523,0.1388
6,1518,1524,0.1388
6,1506,1512,0.1388
7,1506,1513,0.1388
6,1484,1490,0.1388
6,1500,1506,0.1388
6,1512,1518,0.1388
6,1514,1520,0.1388
7,1497,1504,0.1388
7,1506,1513,0.1388
6,1506,1512,0.1388
6,1504,1510,0.1388
7,1501,1508,0.1388
7,1504,1511,0.1388
7,1499,1506,0.1388
6,1498,1504,0.1388
6,1506,1512,0.1388
6,1511,1517,0.1388
6,1508,1514,0.1388
6,1507,1513,0.1388
6,1506,1512,0.1388
6,1515,1521,0.1388
6,1520,1526,0.1388
6,1508,1514,0.1388
6,1515,1521,0.1388
5,1506,1511,0.1388
5,1500,1505,0.1388
5,1501,1506,0.1388
5,1508,1513,0.1388
5,1507,1512,0.1388
5,1518,1523,0.1388
5,1520,1525,0.1388
4,1516,1520,0.1388
4,1509,1513,0.1388
4,1498,1502,0.1388
4,1502,1506,0.1388
4,1507,1511,0.1388
4,1502,1506,0.1388
3,1502,1505,0.1388
3,1527,1530,0.1388
3,1515,1518,0.1388
3,1512,1515,0.1388
3,1512,1515,0.1388
3,1502,1505,0.1388
1,1514,1515,0.1388
1,1515,1516,0.1388
1,1503,1504,0.1388
1,1515,1516,0.1388
1,1504,1505,0.1388
1,1513,1514,0.1388
1,1517,1518,0.1388
1,1512,1513,0.1388
1,1509,1510,0.1388
1,1499,1500,0.1388
1,1525,1526,0.1388
1,1531,1532,0.1388
1,1519,1520,0.1388
1,1521,1522,0.1388
1,1514,1515,0.1388
2,1502,1504,0.1388
2,1506,1508,0.1388
2,1520,1522,0.1388
2,1520,1522,0.1388
2,1514,1516,0.1388
2,1510,1512,0.1388
2,1507,1509,0.1388
3,1521,1524,0.1388
3,1518,1521,0.1388
3,1514,1517,0.1388
3,1505,1508,0.1388
3,1500,1503,0.1388
4,1519,1523,0.1388
4,1517,1521,0.1388
4,1527,1531,0.1388
3,1526,1529,0.1388
3,1524,1527,0.1388
3,1516,1519,0.1388
3,1516,1519,0.1388
3,1503,1506,0.1388
3,1509,1512,0.1388
3,1502,1505,0.1388
3,1516,1519,0.1388
3,1502,1505,0.1388
3,1512,1515,0.1388
3,1527,1530,0.1388
4,1528,1532,0.1388
4,1531,1535,0.1388
4,1525,1529,0.1388
4,1522,1526,0.1388
5,1515,1520,0.1388
5,1512,1517,0.1388
4,1511,1515,0.1388
5,1508,1513,0.1388
5,1509,1514,0.1388
5,1515,1520,0.1388
5,1530,1535,0.1388
5,1520,1525,0.1388
5,1503,1508,0.1388
5,1515,1520,0.1388
5,1513,1518,0.1388
5,1506,1511,0.1388
5,1509,1514,0.1388
6,1508,1514,0.1388
6,1522,1528,0.1388
6,1501,1507,0.1388
8,1514,1522,0.1388
8,1497,1505,0.1388
8,1510,1518,0.1388
8,1500,1508,0.1388
9,1513,1522,0.1388
9,1511,1520,0.1388
8,1503,1511,0.1388
8,1500,1508,0.1388
8,1514,1522,0.1388
8,1503,1511,0.1388
7,1513,1520,0.1388
8,1521,1529,0.1388
8,1518,1526,0.1388
8,1510,1518,0.1388
8,1507,1515,0.1388
8,1506,1514,0.1388
9,1508,1517,0.1388
9,1514,1523,0.1388
9,1505,1514,0.1388
8,1501,1509,0.1388
8,1500,1508,0.1388
9,1500,1509,0.1388
9,1499,1508,0.1388
9,1497,1506,0.1388
9,1499,1508,0.1388
9,1512,1521,0.1388
8,1515,1523,0.1388
8,1514,1522,0.1388
8,1510,1518,0.1388
8,1497,1505,0.1388
8,1503,1511,0.1388
8,1502,1510,0.1388
8,1502,1510,0.1388
8,1502,1510,0.1388
8,1492,1500,0.1388
8,1481,1489,0.1388
7,1489,1496,0.1388
8,1501,1509,0.1388
8,1497,1505,0.1388
8,1505,1513,0.1388
7,1504,1511,0.1388
7,1512,1519,0.1388
8,1530,1538,0.1388
8,1525,1533,0.1388
8,1518,1526,0.1388
9,1513,1522,0.1388
9,1523,1532,0.1388
9,1522,1531,0.1388
8,1514,1522,0.1388
8,1512,1520,0.1388
9,1511,1520,0.1388
9,1506,1515,0.1388
9,1499,1508,0.1388
9,1509,1518,0.1388
8,1506,1514,0.1388
8,1510,1518,0.1388
8,1500,1508,0.1388
8,1499,1507,0.1388
8,1514,1522,0.1388
9,1517,1526,0.1388
9,1513,1522,0.1388
9,1510,1519,0.1388
8,1511,1519,0.1388
8,1511,1519,0.1388
9,1517,1526,0.1388
10,1506,1516,0.1388
10,1519,1529,0.1388
10,1524,1534,0.1388
9,1499,1508,0.1388
9,1494,1503,0.1388
9,1504,1513,0.1388
9,1511,1520,0.1388
9,1516,1525,0.1388
9,1514,1523,0.1388
9,1500,1509,0.1388
8,1505,1513,0.1388
9,1517,1526,0.1388
9,1529,1538,0.1388
9,1513,1522,0.1388
8,1512,1520,0.1388
8,1501,1509,0.1388
8,1503,1511,0.1388
8,1516,1524,0.1388
8,1513,1521,0.1388
7,1513,1520,0.1388
7,1505,1512,0.1388
8,1521,1529,0.1388
8,1535,1543,0.1388
8,1522,1530,0.1388
8,1521,1529,0.1388
7,1517,1524,0.1388
8,1522,1530,0.1388
7,1505,1512,0.1388
7,1505,1512,0.1388
5,1511,1516,0.1388
5,1513,1518,0.1388
5,1516,1521,0.1388
5,1524,1529,0.1388
4,1526,1530,0.1388
4,1523,1527,0.1388
4,1505,1509,0.1388
5,1506,1511,0.1388
5,1508,1513,0.1388
4,1494,1498,0.1388
3,1501,1504,0.1388
4,1511,1515,0.1388
4,1509,1513,0.1388
4,1505,1509,0.1388
5,1511,1516,0.1388
5,1518,1523,0.1388
5,1526,1531,0.1388
5,1526,1531,0.1388
5,1521,1526,0.1388
5,1516,1521,0.1388
5,1513,1518,0.1388
5,1523,1528,0.1388
5,1521,1526,0.1388
6,1519,1525,0.1388
6,1523,1529,0.1388
6,1513,1519,0.1388
6,1489,1495,0.1388
6,1501,1507,0.1388
8,1492,1500,0.1388
9,1495,1504,0.1388
8,1508,1516,0.1388
7,1508,1515,0.1388
7,1519,1526,0.1388
7,1513,1520,0.1388
8,1507,1515,0.1388
8,1501,1509,0.1388
8,1506,1514,0.1388
8,1502,1510,0.1388
8,1515,1523,0.1388
8,1516,1524,0.1388
8,1513,1521,0.1388
7,1513,1520,0.1388
7,1500,1507,0.1388
8,1504,1512,0.1388
8,1503,1511,0.1388
8,1507,1515,0.1388
8,1507,1515,0.1388
8,1504,1512,0.1388
8,1508,1516,0.1388
9,1508,1517,0.1388
11,1508,1519,0.1388
11,1510,1521,0.1388
11,1506,1517,0.1388
11,1498,1509,0.1388
11,1499,1510,0.1388
11,1494,1505,0.1388
10,1499,1509,0.1388
11,1512,1523,0.1388
11,1508,1519,0.1388
11,1495,1506,0.1388
11,1512,1523,0.1388
10,1501,1511,0.1388
10,1503,1513,0.1388
10,1500,1510,0.1388
7,1506,1513,0.1388
7,1500,1507,0.1388
7,1507,1514,0.1388
6,1495,1501,0.1388
6,1498,1504,0.1388
7,1499,1506,0.1388
7,1492,1499,0.1388
7,1483,1490,0.1388
7,1493,1500,0.1388
7,1481,1488,0.1388
6,1493,1499,0.1388
7,1484,1491,0.1388
6,1510,1516,0.1388
6,1513,1519,0.1388
6,1516,1522,0.1388
6,1515,1521,0.1388
6,1514,1520,0.1388
6,1510,1516,0.1388
6,1515,1521,0.1388
6,1517,1523,0.1388
6,1516,1522,0.1388
5,1518,1523,0.1388
5,1520,1525,0.1388
5,1523,1528,0.1388
4,1512,1516,0.1388
4,1525,1529,0.1388
4,1507,1511,0.1388
4,1509,1513,0.1388
5,1511,1516,0.1388
5,1496,1501,0.1388
5,1501,1506,0.1388
5,1515,1520,0.1388
5,1509,1514,0.1388
4,1518,1522,0.1388
4,1514,1518,0.1388
4,1517,1521,0.1388
4,1524,1528,0.1388
4,1518,1522,0.1388
4,1520,1524,0.1388
4,1520,1524,0.1388
4,1514,1518,0.1388
4,1514,1518,0.1388
5,1516,1521,0.1388
5,1519,1524,0.1388
5,1529,1534,0.1388
4,1513,1517,0.1388
4,1521,1525,0.1388
5,1515,1520,0.1388
5,1519,1524,0.1388
6,1518,1524,0.1388
6,1517,1523,0.1388
6,1516,1522,0.1388
6,1515,1521,0.1388
7,1511,1518,0.1388
6,1502,1508,0.1388
6,1504,1510,0.1388
7,1506,1513,0.1388
7,1517,1524,0.1388
7,1504,1511,0.1388
7,1512,1519,0.1388
8,1503,1511,0.1388
7,1513,1520,0.1388
6,1510,1516,0.1388
6,1521,1527,0.1388
6,1523,1529,0.1388
6,1518,1524,0.1388
6,1502,1508,0.1388
5,1503,1508,0.1388
5,1505,1510,0.1388
5,1507,1512,0.1388
5,1504,1509,0.1388
4,1503,1507,0.1388
4,1516,1520,0.1388
4,1513,1517,0.1388
4,1513,1517,0.1388
4,1502,1506,0.1388
4,1506,1510,0.1388
4,1505,1509,0.1388
5,1517,1522,0.1388
5,1517,1522,0.1388
5,1504,1509,0.1388
5,1502,1507,0.1388
3,1514,1517,0.1388
3,1513,1516,0.1388
2,1505,1507,0.1388
2,1510,1512,0.1388
1,1505,1506,0.1388
1,1506,1507,0.1388
1,1501,1502,0.1388
2,1502,1504,0.1388
2,1510,1512,0.1388
3,1512,1515,0.1388
4,1507,1511,0.1388
4,1497,1501,0.1388
3,1501,1504,0.1388
3,1496,1499,0.1388
3,1498,1501,0.1388
3,1498,1501,0.1388
3,1498,1501,0.1388
3,1508,1511,0.1388
3,1507,1510,0.1388
3,1519,1522,0.1388
3,1517,1520,0.1388
3,1512,1515,0.1388
2,1508,1510,0.1388
2,1508,1510,0.1388
2,1504,1506,0.1388
2,1498,1500,0.1388
2,1512,1514,0.1388
2,1509,1511,0.1388
2,1515,1517,0.1388
2,1507,1509,0.1388
2,1515,1517,0.1388
2,1509,1511,0.1388
2,1518,1520,0.1388
2,1535,1537,0.1388
2,1533,1535,0.1388
2,1519,1521,0.1388
2,1511,1513,0.1388
2,1510,1512,0.1388
2,1520,1522,0.1388
2,1534,1536,0.1388
2,1535,1537,0.1388
2,1531,1533,0.1388
2,1512,1514,0.1388
2,1512,1514,0.1388
3,1510,1513,0.1388
3,1500,1503,0.1388
3,1496,1499,0.1388
3,1518,1521,0.1388
3,1520,1523,0.1388
2,1517,1519,0.1388
2,1522,1524,0.1388
2,1513,1515,0.1388
0,1520,1520,0.1388
