1362,26,1388,0.1388
1389,28,1417,0.1388
1412,29,1441,0.1388
1428,29,1457,0.1388
1437,28,1465,0.1388
1445,28,1473,0.1388
1448,29,1477,0.1388
1457,28,1485,0.1388
1456,28,1484,0.1388
1454,28,1482,0.1388
1459,28,1487,0.1388
1472,30,1502,0.1388
1459,32,1491,0.1388
1441,32,1473,0.1388
1433,33,1466,0.1388
1441,34,1475,0.1388
1440,30,1470,0.1388
1448,31,1479,0.1388
1458,33,1491,0.1388
1448,31,1479,0.1388
1457,32,1489,0.1388
1457,30,1487,0.1388
1462,31,1493,0.1388
1451,31,1482,0.1388
1441,30,1471,0.1388
1453,30,1483,0.1388
1463,29,1492,0.1388
1470,30,1500,0.1388
1450,30,1480,0.1388
1444,30,1474,0.1388
1447,31,1478,0.1388
1448,32,1480,0.1388
1457,32,1489,0.1388
1451,35,1486,0.1388
1451,34,1485,0.1388
1439,36,1475,0.1388
1447,35,1482,0.1388
1451,35,1486,0.1388
1461,36,1497,0.1388
1459,34,1493,0.1388
1461,33,1494,0.1388
1460,28,1488,0.1388
1476,28,1504,0.1388
1472,29,1501,0.1388
1457,28,1485,0.1388
1458,30,1488,0.1388
1452,32,1484,0.1388
1458,33,1491,0.1388
1460,34,1494,0.1388
1459,33,1492,0.1388
1471,32,1503,0.1388
1474,30,1504,0.1388
1478,31,1509,0.1388
1469,32,1501,0.1388
1473,33,1506,0.1388
1482,34,1516,0.1388
1476,32,1508,0.1388
1478,34,1512,0.1388
1480,35,1515,0.1388
1467,34,1501,0.1388
1482,32,1514,0.1388
1469,33,1502,0.1388
1470,36,1506,0.1388
1476,37,1513,0.1388
1456,39,1495,0.1388
1446,41,1487,0.1388
1453,38,1491,0.1388
1457,39,1496,0.1388
1457,39,1496,0.1388
1455,35,1490,0.1388
1458,35,1493,0.1388
1450,35,1485,0.1388
1455,36,1491,0.1388
1455,35,1490,0.1388
1456,35,1491,0.1388
1442,36,1478,0.1388
1441,37,1478,0.1388
1445,38,1483,0.1388
1439,39,1478,0.1388
1455,39,1494,0.1388
1462,39,1501,0.1388
1460,40,1500,0.1388
1456,39,1495,0.1388
1449,38,1487,0.1388
1449,37,1486,0.1388
1440,38,1478,0.1388
1449,38,1487,0.1388
1452,38,1490,0.1388
1457,37,1494,0.1388
1451,39,1490,0.1388
1451,40,1491,0.1388
1455,39,1494,0.1388
1449,39,1488,0.1388
1435,39,1474,0.1388
1431,42,1473,0.1388
1432,41,1473,0.1388
1430,42,1472,0.1388
1444,41,1485,0.1388
1433,39,1472,0.1388
1431,39,1470,0.1388
1432,41,1473,0.1388
1436,42,1478,0.1388
1447,43,1490,0.1388
1442,45,1487,0.1388
1448,41,1489,0.1388
1434,38,1472,0.1388
1458,41,1499,0.1388
1447,44,1491,0.1388
1435,44,1479,0.1388
1439,44,1483,0.1388
1433,46,1479,0.1388
1432,44,1476,0.1388
1427,44,1471,0.1388
1414,45,1459,0.1388
1435,48,1483,0.1388
1442,48,1490,0.1388
1446,48,1494,0.1388
1458,48,1506,0.1388
1453,49,1502,0.1388
1457,49,1506,0.1388
1454,48,1502,0.1388
1458,47,1505,0.1388
1461,52,1513,0.1388
1447,51,1498,0.1388
1441,50,1491,0.1388
1428,50,1478,0.1388
1437,51,1488,0.1388
1448,52,1500,0.1388
1434,52,1486,0.1388
1438,53,1491,0.1388
1436,54,1490,0.1388
1426,52,1478,0.1388
1416,52,1468,0.1388
1410,53,1463,0.1388
1404,53,1457,0.1388
1406,57,1463,0.1388
1416,58,1474,0.1388
1422,59,1481,0.1388
1430,59,1489,0.1388
1439,60,1499,0.1388
1435,60,1495,0.1388
1434,58,1492,0.1388
1435,58,1493,0.1388
1443,60,1503,0.1388
1439,58,1497,0.1388
1444,56,1500,0.1388
1443,57,1500,0.1388
1445,54,1499,0.1388
1440,51,1491,0.1388
1454,49,1503,0.1388
1457,49,1506,0.1388
1454,49,1503,0.1388
1462,50,1512,0.1388
1456,51,1507,0.1388
1448,53,1501,0.1388
1446,54,1500,0.1388
1441,53,1494,0.1388
1439,52,1491,0.1388
1442,53,1495,0.1388
1438,54,1492,0.1388
1441,58,1499,0.1388
1443,57,1500,0.1388
1434,61,1495,0.1388
1441,62,1503,0.1388
1440,61,1501,0.1388
1434,57,1491,0.1388
1441,57,1498,0.1388
1434,58,1492,0.1388
1429,56,1485,0.1388
1442,58,1500,0.1388
1436,57,1493,0.1388
1425,58,1483,0.1388
1433,58,1491,0.1388
1439,53,1492,0.1388
1437,57,1494,0.1388
1448,57,1505,0.1388
1447,57,1504,0.1388
1446,56,1502,0.1388
1445,57,1502,0.1388
1440,58,1498,0.1388
1439,58,1497,0.1388
1437,59,1496,0.1388
1444,60,1504,0.1388
1446,61,1507,0.1388
1433,60,1493,0.1388
1434,60,1494,0.1388
1427,63,1490,0.1388
1425,64,1489,0.1388
1438,67,1505,0.1388
1445,68,1513,0.1388
1428,68,1496,0.1388
1429,67,1496,0.1388
1421,69,1490,0.1388
1428,69,1497,0.1388
1436,67,1503,0.1388
1435,68,1503,0.1388
1425,68,1493,0.1388
1433,70,1503,0.1388
1429,70,1499,0.1388
1432,73,1505,0.1388
1437,75,1512,0.1388
1432,76,1508,0.1388
1431,75,1506,0.1388
1426,72,1498,0.1388
1435,73,1508,0.1388
1423,74,1497,0.1388
1424,72,1496,0.1388
1436,71,1507,0.1388
1435,72,1507,0.1388
1424,71,1495,0.1388
1429,70,1499,0.1388
1423,74,1497,0.1388
1425,74,1499,0.1388
1417,75,1492,0.1388
1416,75,1491,0.1388
1432,75,1507,0.1388
1430,76,1506,0.1388
1427,76,1503,0.1388
1422,79,1501,0.1388
1422,80,1502,0.1388
1411,79,1490,0.1388
1417,80,1497,0.1388
1428,78,1506,0.1388
1426,78,1504,0.1388
1410,79,1489,0.1388
1411,78,1489,0.1388
1415,76,1491,0.1388
1410,80,1490,0.1388
1397,81,1478,0.1388
1405,80,1485,0.1388
1403,80,1483,0.1388
1409,79,1488,0.1388
1402,81,1483,0.1388
1397,83,1480,0.1388
1407,84,1491,0.1388
1401,83,1484,0.1388
1416,84,1500,0.1388
1427,87,1514,0.1388
1419,87,1506,0.1388
1414,90,1504,0.1388
1407,92,1499,0.1388
1404,91,1495,0.1388
1404,88,1492,0.1388
1400,86,1486,0.1388
1399,86,1485,0.1388
1397,90,1487,0.1388
1386,90,1476,0.1388
1404,90,1494,0.1388
1399,87,1486,0.1388
1402,84,1486,0.1388
1403,87,1490,0.1388
1406,87,1493,0.1388
1397,89,1486,0.1388
1399,88,1487,0.1388
1408,85,1493,0.1388
1417,81,1498,0.1388
1407,78,1485,0.1388
1413,79,1492,0.1388
1408,83,1491,0.1388
1408,82,1490,0.1388
1405,84,1489,0.1388
1399,82,1481,0.1388
1412,81,1493,0.1388
1410,83,1493,0.1388
1418,85,1503,0.1388
1414,87,1501,0.1388
1421,83,1504,0.1388
1426,84,1510,0.1388
1418,80,1498,0.1388
1409,77,1486,0.1388
1423,77,1500,0.1388
1423,78,1501,0.1388
1413,74,1487,0.1388
1419,76,1495,0.1388
1425,79,1504,0.1388
1418,77,1495,0.1388
1423,77,1500,0.1388
1416,78,1494,0.1388
1410,77,1487,0.1388
1397,81,1478,0.1388
1414,81,1495,0.1388
1425,82,1507,0.1388
1425,82,1507,0.1388
1414,80,1494,0.1388
1409,82,1491,0.1388
1420,79,1499,0.1388
1402,81,1483,0.1388
1411,82,1493,0.1388
1409,77,1486,0.1388
1403,80,1483,0.1388
1420,78,1498,0.1388
1424,79,1503,0.1388
1413,79,1492,0.1388
1401,78,1479,0.1388
1404,78,1482,0.1388
1406,82,1488,0.1388
1411,82,1493,0.1388
1407,82,1489,0.1388
1419,86,1505,0.1388
1415,85,1500,0.1388
1391,84,1475,0.1388
1374,84,1458,0.1388
1397,84,1481,0.1388
1399,84,1483,0.1388
1407,81,1488,0.1388
1396,81,1477,0.1388
1390,78,1468,0.1388
1395,86,1481,0.1388
1396,88,1484,0.1388
1396,92,1488,0.1388
1398,92,1490,0.1388
1397,94,1491,0.1388
1410,90,1500,0.1388
1406,92,1498,0.1388
1402,93,1495,0.1388
1407,93,1500,0.1388
1405,94,1499,0.1388
1399,96,1495,0.1388
1404,98,1502,0.1388
1400,96,1496,0.1388
1400,95,1495,0.1388
1401,100,1501,0.1388
1400,101,1501,0.1388
1392,105,1497,0.1388
1390,107,1497,0.1388
1384,104,1488,0.1388
1380,109,1489,0.1388
1384,107,1491,0.1388
1372,105,1477,0.1388
1371,113,1484,0.1388
1366,114,1480,0.1388
1363,114,1477,0.1388
1370,114,1484,0.1388
1368,120,1488,0.1388
1389,117,1506,0.1388
1392,118,1510,0.1388
1369,121,1490,0.1388
1365,119,1484,0.1388
1376,118,1494,0.1388
1374,115,1489,0.1388
1364,120,1484,0.1388
1372,118,1490,0.1388
1373,119,1492,0.1388
1372,119,1491,0.1388
1378,120,1498,0.1388
1378,119,1497,0.1388
1378,119,1497,0.1388
1373,119,1492,0.1388
1385,119,1504,0.1388
1374,120,1494,0.1388
1373,120,1493,0.1388
1374,121,1495,0.1388
1353,123,1476,0.1388
1361,123,1484,0.1388
1356,123,1479,0.1388
1361,125,1486,0.1388
1353,126,1479,0.1388
1370,125,1495,0.1388
1368,125,1493,0.1388
1374,129,1503,0.1388
1375,128,1503,0.1388
1362,131,1493,0.1388
1348,130,1478,0.1388
1366,132,1498,0.1388
1359,137,1496,0.1388
1361,138,1499,0.1388
1364,136,1500,0.1388
1353,137,1490,0.1388
1358,139,1497,0.1388
1350,149,1499,0.1388
1331,152,1483,0.1388
1319,154,1473,0.1388
1328,154,1482,0.1388
1332,151,1483,0.1388
1340,153,1493,0.1388
1342,153,1495,0.1388
1331,154,1485,0.1388
1329,155,1484,0.1388
1324,158,1482,0.1388
1316,159,1475,0.1388
1323,156,1479,0.1388
1337,152,1489,0.1388
1335,150,1485,0.1388
1337,152,1489,0.1388
1326,157,1483,0.1388
1330,155,1485,0.1388
1339,153,1492,0.1388
1337,158,1495,0.1388
1336,151,1487,0.1388
1337,152,1489,0.1388
1335,153,1488,0.1388
1325,153,1478,0.1388
1338,152,1490,0.1388
1329,157,1486,0.1388
1333,161,1494,0.1388
1346,168,1514,0.1388
1340,169,1509,0.1388
1333,161,1494,0.1388
1330,163,1493,0.1388
1344,165,1509,0.1388
1335,169,1504,0.1388
1322,173,1495,0.1388
1324,170,1494,0.1388
1326,169,1495,0.1388
1331,174,1505,0.1388
1324,175,1499,0.1388
1342,175,1517,0.1388
1328,173,1501,0.1388
1327,172,1499,0.1388
1324,169,1493,0.1388
1335,170,1505,0.1388
1332,172,1504,0.1388
1336,171,1507,0.1388
1343,170,1513,0.1388
1328,174,1502,0.1388
1311,180,1491,0.1388
1317,181,1498,0.1388
1302,182,1484,0.1388
1303,187,1490,0.1388
1311,189,1500,0.1388
1313,188,1501,0.1388
1300,184,1484,0.1388
1308,186,1494,0.1388
1311,185,1496,0.1388
1305,185,1490,0.1388
1299,185,1484,0.1388
1311,187,1498,0.1388
1297,189,1486,0.1388
1295,188,1483,0.1388
1298,187,1485,0.1388
1307,189,1496,0.1388
1301,188,1489,0.1388
1300,185,1485,0.1388
1316,183,1499,0.1388
1313,183,1496,0.1388
1315,186,1501,0.1388
1311,199,1510,0.1388
1324,197,1521,0.1388
1324,197,1521,0.1388
1328,195,1523,0.1388
1323,199,1522,0.1388
1319,196,1515,0.1388
1307,194,1501,0.1388
1309,199,1508,0.1388
1300,201,1501,0.1388
1311,200,1511,0.1388
1314,199,1513,0.1388
1306,198,1504,0.1388
1301,195,1496,0.1388
1307,193,1500,0.1388
1288,194,1482,0.1388
1297,191,1488,0.1388
1302,196,1498,0.1388
1311,198,1509,0.1388
1307,203,1510,0.1388
1300,204,1504,0.1388
1290,202,1492,0.1388
1294,197,1491,0.1388
1298,196,1494,0.1388
1291,194,1485,0.1388
1300,202,1502,0.1388
1305,198,1503,0.1388
1313,194,1507,0.1388
1305,197,1502,0.1388
1299,197,1496,0.1388
1302,193,1495,0.1388
1303,195,1498,0.1388
1296,199,1495,0.1388
1294,201,1495,0.1388
1300,200,1500,0.1388
1298,203,1501,0.1388
1298,204,1502,0.1388
1279,204,1483,0.1388
1291,204,1495,0.1388
1289,205,1494,0.1388
1283,203,1486,0.1388
1282,207,1489,0.1388
1286,205,1491,0.1388
1293,199,1492,0.1388
1278,206,1484,0.1388
1281,197,1478,0.1388
1284,199,1483,0.1388
1283,201,1484,0.1388
1287,198,1485,0.1388
1291,194,1485,0.1388
1301,194,1495,0.1388
1306,195,1501,0.1388
1308,193,1501,0.1388
1296,200,1496,0.1388
1294,198,1492,0.1388
1287,199,1486,0.1388
1276,198,1474,0.1388
1295,198,1493,0.1388
1286,201,1487,0.1388
1293,199,1492,0.1388
1292,201,1493,0.1388
1286,208,1494,0.1388
1283,208,1491,0.1388
1275,208,1483,0.1388
1287,208,1495,0.1388
1286,208,1494,0.1388
1284,210,1494,0.1388
1283,209,1492,0.1388
1281,206,1487,0.1388
1281,205,1486,0.1388
1280,205,1485,0.1388
1273,208,1481,0.1388
1279,210,1489,0.1388
1276,207,1483,0.1388
1287,208,1495,0.1388
1292,209,1501,0.1388
1295,206,1501,0.1388
1292,210,1502,0.1388
1290,209,1499,0.1388
1292,202,1494,0.1388
1284,208,1492,0.1388
1289,209,1498,0.1388
1294,208,1502,0.1388
1298,207,1505,0.1388
1304,202,1506,0.1388
1285,202,1487,0.1388
1286,206,1492,0.1388
1292,208,1500,0.1388
1279,213,1492,0.1388
1286,215,1501,0.1388
1286,218,1504,0.1388
1281,219,1500,0.1388
1271,217,1488,0.1388
1267,221,1488,0.1388
1263,220,1483,0.1388
1256,225,1481,0.1388
1246,228,1474,0.1388
1241,226,1467,0.1388
1247,226,1473,0.1388
1252,230,1482,0.1388
1255,227,1482,0.1388
1252,230,1482,0.1388
1253,231,1484,0.1388
1268,235,1503,0.1388
1268,236,1504,0.1388
1265,238,1503,0.1388
1263,237,1500,0.1388
1268,239,1507,0.1388
1267,242,1509,0.1388
1261,245,1506,0.1388
1266,245,1511,0.1388
1265,245,1510,0.1388
1261,243,1504,0.1388
1254,244,1498,0.1388
1250,253,1503,0.1388
1235,250,1485,0.1388
1233,253,1486,0.1388
1217,251,1468,0.1388
1229,249,1478,0.1388
1241,251,1492,0.1388
1241,252,1493,0.1388
1241,251,1492,0.1388
1233,252,1485,0.1388
1238,243,1481,0.1388
1248,249,1497,0.1388
1236,248,1484,0.1388
1240,255,1495,0.1388
1232,261,1493,0.1388
1237,261,1498,0.1388
1240,259,1499,0.1388
1240,261,1501,0.1388
1242,262,1504,0.1388
1246,270,1516,0.1388
1237,269,1506,0.1388
1230,265,1495,0.1388
1225,269,1494,0.1388
1230,269,1499,0.1388
1237,270,1507,0.1388
1238,263,1501,0.1388
1245,267,1512,0.1388
1237,267,1504,0.1388
1232,268,1500,0.1388
1235,264,1499,0.1388
1237,260,1497,0.1388
1249,261,1510,0.1388
1254,254,1508,0.1388
1243,255,1498,0.1388
1234,258,1492,0.1388
1233,255,1488,0.1388
1229,260,1489,0.1388
1234,262,1496,0.1388
1239,265,1504,0.1388
1234,266,1500,0.1388
1234,268,1502,0.1388
1246,261,1507,0.1388
1242,258,1500,0.1388
1238,261,1499,0.1388
1238,256,1494,0.1388
1243,259,1502,0.1388
1235,258,1493,0.1388
1235,257,1492,0.1388
1227,255,1482,0.1388
1224,255,1479,0.1388
1214,258,1472,0.1388
1219,254,1473,0.1388
1241,256,1497,0.1388
1252,257,1509,0.1388
1257,258,1515,0.1388
1254,255,1509,0.1388
1244,255,1499,0.1388
1253,253,1506,0.1388
1248,254,1502,0.1388
1246,251,1497,0.1388
1255,250,1505,0.1388
1263,248,1511,0.1388
1261,251,1512,0.1388
1249,252,1501,0.1388
1261,256,1517,0.1388
1247,254,1501,0.1388
1248,253,1501,0.1388
1244,254,1498,0.1388
1250,260,1510,0.1388
1246,262,1508,0.1388
1238,263,1501,0.1388
1243,262,1505,0.1388
1252,264,1516,0.1388
1242,262,1504,0.1388
1236,264,1500,0.1388
1239,268,1507,0.1388
1244,268,1512,0.1388
1249,270,1519,0.1388
1244,268,1512,0.1388
1246,272,1518,0.1388
1234,270,1504,0.1388
1248,265,1513,0.1388
1254,260,1514,0.1388
1233,260,1493,0.1388
1233,262,1495,0.1388
1243,270,1513,0.1388
1235,259,1494,0.1388
1221,264,1485,0.1388
1235,262,1497,0.1388
1236,263,1499,0.1388
1242,271,1513,0.1388
1240,271,1511,0.1388
1238,271,1509,0.1388
1232,270,1502,0.1388
1230,267,1497,0.1388
1224,264,1488,0.1388
1225,269,1494,0.1388
1227,273,1500,0.1388
1227,269,1496,0.1388
1227,270,1497,0.1388
1225,268,1493,0.1388
1237,269,1506,0.1388
1238,268,1506,0.1388
1233,268,1501,0.1388
1230,271,1501,0.1388
1224,274,1498,0.1388
1227,277,1504,0.1388
1225,273,1498,0.1388
1209,275,1484,0.1388
1218,277,1495,0.1388
1221,270,1491,0.1388
1213,276,1489,0.1388
1214,284,1498,0.1388
1210,288,1498,0.1388
1211,287,1498,0.1388
1210,286,1496,0.1388
1210,290,1500,0.1388
1210,294,1504,0.1388
1201,292,1493,0.1388
1183,290,1473,0.1388
1185,291,1476,0.1388
1186,299,1485,0.1388
1190,298,1488,0.1388
1184,305,1489,0.1388
1189,304,1493,0.1388
1194,302,1496,0.1388
1186,312,1498,0.1388
1172,319,1491,0.1388
1172,321,1493,0.1388
1162,323,1485,0.1388
1172,319,1491,0.1388
1171,322,1493,0.1388
1180,320,1500,0.1388
1186,318,1504,0.1388
1178,317,1495,0.1388
1181,321,1502,0.1388
1174,319,1493,0.1388
1169,314,1483,0.1388
1170,307,1477,0.1388
1168,304,1472,0.1388
1175,316,1491,0.1388
1189,317,1506,0.1388
1193,316,1509,0.1388
1180,319,1499,0.1388
1181,318,1499,0.1388
1182,326,1508,0.1388
1172,325,1497,0.1388
1161,324,1485,0.1388
1180,326,1506,0.1388
1168,325,1493,0.1388
1154,322,1476,0.1388
1167,325,1492,0.1388
1182,321,1503,0.1388
1183,329,1512,0.1388
1185,325,1510,0.1388
1172,324,1496,0.1388
1172,327,1499,0.1388
1163,331,1494,0.1388
1163,337,1500,0.1388
1147,337,1484,0.1388
1152,340,1492,0.1388
1150,335,1485,0.1388
1157,334,1491,0.1388
1156,335,1491,0.1388
1155,343,1498,0.1388
1141,347,1488,0.1388
1160,343,1503,0.1388
1156,345,1501,0.1388
1148,345,1493,0.1388
1149,350,1499,0.1388
1145,357,1502,0.1388
1133,358,1491,0.1388
1134,359,1493,0.1388
1135,357,1492,0.1388
1142,356,1498,0.1388
1142,351,1493,0.1388
1146,350,1496,0.1388
1148,356,1504,0.1388
1146,358,1504,0.1388
1133,359,1492,0.1388
1144,363,1507,0.1388
1142,374,1516,0.1388
1141,376,1517,0.1388
1140,375,1515,0.1388
1141,372,1513,0.1388
1118,373,1491,0.1388
1128,372,1500,0.1388
1123,371,1494,0.1388
1128,374,1502,0.1388
1124,374,1498,0.1388
1127,375,1502,0.1388
1122,383,1505,0.1388
1121,388,1509,0.1388
1118,380,1498,0.1388
1115,379,1494,0.1388
1116,383,1499,0.1388
1109,384,1493,0.1388
1109,386,1495,0.1388
1099,385,1484,0.1388
1093,385,1478,0.1388
1099,388,1487,0.1388
1097,384,1481,0.1388
1106,384,1490,0.1388
1114,391,1505,0.1388
1117,390,1507,0.1388
1117,386,1503,0.1388
1122,387,1509,0.1388
1108,388,1496,0.1388
1107,390,1497,0.1388
1120,386,1506,0.1388
1125,388,1513,0.1388
1115,389,1504,0.1388
1121,391,1512,0.1388
1117,387,1504,0.1388
1123,389,1512,0.1388
1127,396,1523,0.1388
1129,397,1526,0.1388
1122,391,1513,0.1388
1129,392,1521,0.1388
1123,395,1518,0.1388
1118,397,1515,0.1388
1113,395,1508,0.1388
1109,395,1504,0.1388
1102,396,1498,0.1388
1101,393,1494,0.1388
1104,393,1497,0.1388
1099,392,1491,0.1388
1096,396,1492,0.1388
1115,396,1511,0.1388
1121,392,1513,0.1388
1106,396,1502,0.1388
1100,398,1498,0.1388
1102,400,1502,0.1388
1101,402,1503,0.1388
1103,399,1502,0.1388
1095,400,1495,0.1388
1108,400,1508,0.1388
1106,402,1508,0.1388
1096,403,1499,0.1388
1091,397,1488,0.1388
1087,397,1484,0.1388
1095,398,1493,0.1388
1088,396,1484,0.1388
1092,401,1493,0.1388
1097,408,1505,0.1388
1088,407,1495,0.1388
1090,407,1497,0.1388
1099,400,1499,0.1388
1096,402,1498,0.1388
1086,407,1493,0.1388
1080,412,1492,0.1388
1078,415,1493,0.1388
1073,411,1484,0.1388
1078,410,1488,0.1388
1087,418,1505,0.1388
1079,417,1496,0.1388
1062,421,1483,0.1388
1065,414,1479,0.1388
1081,407,1488,0.1388
1081,406,1487,0.1388
1080,414,1494,0.1388
1076,416,1492,0.1388
1072,417,1489,0.1388
1084,417,1501,0.1388
1078,417,1495,0.1388
1081,415,1496,0.1388
1074,419,1493,0.1388
1080,421,1501,0.1388
1081,428,1509,0.1388
1082,425,1507,0.1388
1077,428,1505,0.1388
1074,422,1496,0.1388
1085,429,1514,0.1388
1090,428,1518,0.1388
1078,431,1509,0.1388
1062,425,1487,0.1388
1064,428,1492,0.1388
1058,425,1483,0.1388
1050,427,1477,0.1388
1049,431,1480,0.1388
1054,437,1491,0.1388
1049,429,1478,0.1388
1051,431,1482,0.1388
1056,437,1493,0.1388
1057,441,1498,0.1388
1062,438,1500,0.1388
1064,448,1512,0.1388
1055,452,1507,0.1388
1051,454,1505,0.1388
1055,443,1498,0.1388
1054,437,1491,0.1388
1055,443,1498,0.1388
1051,450,1501,0.1388
1056,458,1514,0.1388
1059,456,1515,0.1388
1053,453,1506,0.1388
1044,457,1501,0.1388
1040,464,1504,0.1388
1048,457,1505,0.1388
1041,459,1500,0.1388
1047,471,1518,0.1388
1033,472,1505,0.1388
1024,472,1496,0.1388
1022,471,1493,0.1388
1028,474,1502,0.1388
1022,471,1493,0.1388
1016,470,1486,0.1388
1023,475,1498,0.1388
1023,478,1501,0.1388
1013,476,1489,0.1388
1025,478,1503,0.1388
1015,472,1487,0.1388
1014,482,1496,0.1388
1012,486,1498,0.1388
1006,490,1496,0.1388
1004,491,1495,0.1388
1003,491,1494,0.1388
1009,487,1496,0.1388
1002,484,1486,0.1388
995,483,1478,0.1388
989,480,1469,0.1388
980,490,1470,0.1388
988,486,1474,0.1388
992,477,1469,0.1388
1001,483,1484,0.1388
1011,486,1497,0.1388
1011,486,1497,0.1388
1012,491,1503,0.1388
1011,492,1503,0.1388
1008,490,1498,0.1388
1006,493,1499,0.1388
997,489,1486,0.1388
1000,494,1494,0.1388
1002,497,1499,0.1388
997,500,1497,0.1388
998,503,1501,0.1388
989,504,1493,0.1388
989,500,1489,0.1388
987,501,1488,0.1388
984,504,1488,0.1388
987,508,1495,0.1388
1002,507,1509,0.1388
1006,509,1515,0.1388
1004,506,1510,0.1388
1001,514,1515,0.1388
999,511,1510,0.1388
992,512,1504,0.1388
982,514,1496,0.1388
993,518,1511,0.1388
991,514,1505,0.1388
991,515,1506,0.1388
984,512,1496,0.1388
988,510,1498,0.1388
988,514,1502,0.1388
990,510,1500,0.1388
989,523,1512,0.1388
994,523,1517,0.1388
994,513,1507,0.1388
993,509,1502,0.1388
997,503,1500,0.1388
997,510,1507,0.1388
1000,516,1516,0.1388
997,514,1511,0.1388
994,513,1507,0.1388
989,515,1504,0.1388
989,518,1507,0.1388
988,515,1503,0.1388
983,518,1501,0.1388
972,517,1489,0.1388
975,522,1497,0.1388
982,521,1503,0.1388
975,533,1508,0.1388
971,536,1507,0.1388
969,540,1509,0.1388
968,548,1516,0.1388
969,546,1515,0.1388
965,540,1505,0.1388
964,537,1501,0.1388
964,544,1508,0.1388
967,539,1506,0.1388
966,540,1506,0.1388
967,539,1506,0.1388
962,530,1492,0.1388
958,541,1499,0.1388
953,538,1491,0.1388
961,539,1500,0.1388
959,531,1490,0.1388
962,541,1503,0.1388
964,541,1505,0.1388
970,539,1509,0.1388
961,539,1500,0.1388
968,543,1511,0.1388
979,541,1520,0.1388
972,537,1509,0.1388
974,537,1511,0.1388
973,538,1511,0.1388
974,539,1513,0.1388
971,535,1506,0.1388
974,534,1508,0.1388
970,532,1502,0.1388
964,533,1497,0.1388
959,524,1483,0.1388
950,529,1479,0.1388
953,528,1481,0.1388
970,544,1514,0.1388
961,551,1512,0.1388
970,550,1520,0.1388
961,553,1514,0.1388
948,551,1499,0.1388
953,550,1503,0.1388
944,555,1499,0.1388
941,558,1499,0.1388
946,548,1494,0.1388
945,551,1496,0.1388
959,551,1510,0.1388
960,548,1508,0.1388
958,547,1505,0.1388
957,538,1495,0.1388
958,541,1499,0.1388
955,546,1501,0.1388
946,538,1484,0.1388
955,544,1499,0.1388
959,544,1503,0.1388
960,547,1507,0.1388
953,549,1502,0.1388
956,548,1504,0.1388
956,546,1502,0.1388
955,547,1502,0.1388
946,549,1495,0.1388
948,545,1493,0.1388
946,547,1493,0.1388
940,547,1487,0.1388
939,546,1485,0.1388
944,553,1497,0.1388
953,550,1503,0.1388
955,544,1499,0.1388
952,543,1495,0.1388
953,550,1503,0.1388
956,554,1510,0.1388
961,551,1512,0.1388
953,551,1504,0.1388
937,556,1493,0.1388
939,557,1496,0.1388
942,555,1497,0.1388
951,554,1505,0.1388
944,556,1500,0.1388
938,560,1498,0.1388
942,561,1503,0.1388
942,558,1500,0.1388
933,561,1494,0.1388
945,564,1509,0.1388
948,562,1510,0.1388
939,566,1505,0.1388
937,557,1494,0.1388
930,557,1487,0.1388
938,561,1499,0.1388
953,558,1511,0.1388
952,551,1503,0.1388
957,558,1515,0.1388
957,558,1515,0.1388
949,567,1516,0.1388
940,568,1508,0.1388
949,566,1515,0.1388
944,566,1510,0.1388
935,570,1505,0.1388
939,570,1509,0.1388
938,575,1513,0.1388
948,576,1524,0.1388
942,579,1521,0.1388
937,583,1520,0.1388
942,577,1519,0.1388
933,579,1512,0.1388
927,584,1511,0.1388
924,573,1497,0.1388
926,576,1502,0.1388
925,574,1499,0.1388
914,580,1494,0.1388
921,580,1501,0.1388
918,583,1501,0.1388
905,586,1491,0.1388
920,584,1504,0.1388
928,583,1511,0.1388
909,580,1489,0.1388
915,574,1489,0.1388
920,574,1494,0.1388
922,584,1506,0.1388
923,585,1508,0.1388
921,590,1511,0.1388
931,577,1508,0.1388
928,573,1501,0.1388
919,574,1493,0.1388
925,579,1504,0.1388
920,574,1494,0.1388
910,576,1486,0.1388
916,570,1486,0.1388
914,575,1489,0.1388
910,583,1493,0.1388
906,591,1497,0.1388
915,591,1506,0.1388
911,587,1498,0.1388
919,590,1509,0.1388
913,592,1505,0.1388
915,597,1512,0.1388
909,598,1507,0.1388
906,597,1503,0.1388
903,592,1495,0.1388
905,588,1493,0.1388
908,595,1503,0.1388
905,599,1504,0.1388
907,597,1504,0.1388
909,598,1507,0.1388
904,594,1498,0.1388
903,594,1497,0.1388
894,602,1496,0.1388
886,598,1484,0.1388
895,603,1498,0.1388
884,601,1485,0.1388
884,614,1498,0.1388
886,613,1499,0.1388
894,614,1508,0.1388
889,619,1508,0.1388
886,613,1499,0.1388
886,611,1497,0.1388
884,612,1496,0.1388
881,616,1497,0.1388
887,619,1506,0.1388
880,623,1503,0.1388
874,620,1494,0.1388
875,626,1501,0.1388
868,632,1500,0.1388
863,635,1498,0.1388
856,635,1491,0.1388
853,641,1494,0.1388
865,640,1505,0.1388
863,642,1505,0.1388
856,638,1494,0.1388
859,644,1503,0.1388
850,647,1497,0.1388
856,656,1512,0.1388
847,657,1504,0.1388
843,660,1503,0.1388
847,664,1511,0.1388
846,659,1505,0.1388
837,656,1493,0.1388
835,653,1488,0.1388
835,652,1487,0.1388
847,657,1504,0.1388
844,658,1502,0.1388
839,665,1504,0.1388
829,669,1498,0.1388
822,666,1488,0.1388
829,669,1498,0.1388
821,674,1495,0.1388
822,667,1489,0.1388
817,669,1486,0.1388
819,684,1503,0.1388
811,688,1499,0.1388
807,678,1485,0.1388
819,681,1500,0.1388
825,687,1512,0.1388
833,688,1521,0.1388
837,685,1522,0.1388
830,678,1508,0.1388
826,690,1516,0.1388
816,686,1502,0.1388
811,686,1497,0.1388
813,690,1503,0.1388
816,691,1507,0.1388
819,681,1500,0.1388
814,698,1512,0.1388
810,700,1510,0.1388
807,695,1502,0.1388
812,688,1500,0.1388
813,674,1487,0.1388
821,681,1502,0.1388
817,694,1511,0.1388
817,702,1519,0.1388
810,696,1506,0.1388
816,702,1518,0.1388
821,707,1528,0.1388
811,699,1510,0.1388
809,709,1518,0.1388
796,708,1504,0.1388
793,705,1498,0.1388
795,705,1500,0.1388
798,713,1511,0.1388
788,718,1506,0.1388
790,728,1518,0.1388
797,727,1524,0.1388
798,731,1529,0.1388
801,732,1533,0.1388
793,735,1528,0.1388
780,733,1513,0.1388
784,736,1520,0.1388
781,732,1513,0.1388
785,722,1507,0.1388
776,729,1505,0.1388
776,730,1506,0.1388
777,727,1504,0.1388
773,727,1500,0.1388
770,733,1503,0.1388
773,733,1506,0.1388
770,729,1499,0.1388
764,733,1497,0.1388
770,733,1503,0.1388
769,736,1505,0.1388
768,736,1504,0.1388
762,736,1498,0.1388
765,733,1498,0.1388
773,731,1504,0.1388
780,732,1512,0.1388
777,723,1500,0.1388
778,725,1503,0.1388
780,733,1513,0.1388
773,742,1515,0.1388
774,747,1521,0.1388
763,743,1506,0.1388
761,752,1513,0.1388
762,753,1515,0.1388
759,754,1513,0.1388
760,742,1502,0.1388
758,744,1502,0.1388
760,750,1510,0.1388
757,758,1515,0.1388
755,764,1519,0.1388
754,756,1510,0.1388
754,752,1506,0.1388
750,747,1497,0.1388
752,746,1498,0.1388
746,756,1502,0.1388
741,751,1492,0.1388
749,757,1506,0.1388
744,766,1510,0.1388
737,754,1491,0.1388
732,759,1491,0.1388
729,752,1481,0.1388
724,753,1477,0.1388
721,761,1482,0.1388
724,754,1478,0.1388
735,761,1496,0.1388
733,764,1497,0.1388
724,761,1485,0.1388
734,759,1493,0.1388
729,753,1482,0.1388
730,774,1504,0.1388
733,777,1510,0.1388
733,773,1506,0.1388
733,776,1509,0.1388
730,778,1508,0.1388
735,775,1510,0.1388
736,788,1524,0.1388
718,783,1501,0.1388
714,784,1498,0.1388
716,787,1503,0.1388
713,788,1501,0.1388
709,793,1502,0.1388
710,799,1509,0.1388
714,790,1504,0.1388
724,790,1514,0.1388
723,786,1509,0.1388
717,791,1508,0.1388
717,795,1512,0.1388
712,793,1505,0.1388
709,795,1504,0.1388
702,789,1491,0.1388
701,797,1498,0.1388
701,797,1498,0.1388
706,810,1516,0.1388
702,806,1508,0.1388
695,815,1510,0.1388
689,812,1501,0.1388
689,815,1504,0.1388
694,816,1510,0.1388
696,814,1510,0.1388
695,803,1498,0.1388
692,801,1493,0.1388
692,803,1495,0.1388
681,808,1489,0.1388
679,811,1490,0.1388
682,816,1498,0.1388
672,816,1488,0.1388
679,818,1497,0.1388
685,811,1496,0.1388
691,822,1513,0.1388
690,814,1504,0.1388
690,818,1508,0.1388
678,818,1496,0.1388
675,816,1491,0.1388
662,825,1487,0.1388
659,825,1484,0.1388
661,829,1490,0.1388
663,835,1498,0.1388
674,839,1513,0.1388
674,835,1509,0.1388
670,841,1511,0.1388
666,839,1505,0.1388
669,846,1515,0.1388
672,846,1518,0.1388
670,843,1513,0.1388
663,842,1505,0.1388
660,856,1516,0.1388
655,859,1514,0.1388
648,863,1511,0.1388
655,858,1513,0.1388
648,864,1512,0.1388
652,862,1514,0.1388
657,863,1520,0.1388
647,862,1509,0.1388
642,864,1506,0.1388
647,860,1507,0.1388
645,864,1509,0.1388
642,874,1516,0.1388
641,865,1506,0.1388
638,864,1502,0.1388
638,874,1512,0.1388
631,869,1500,0.1388
632,864,1496,0.1388
623,873,1496,0.1388
629,875,1504,0.1388
636,873,1509,0.1388
632,870,1502,0.1388
629,870,1499,0.1388
629,875,1504,0.1388
626,870,1496,0.1388
619,880,1499,0.1388
626,886,1512,0.1388
617,893,1510,0.1388
623,887,1510,0.1388
624,886,1510,0.1388
618,877,1495,0.1388
629,884,1513,0.1388
624,891,1515,0.1388
624,898,1522,0.1388
610,904,1514,0.1388
610,907,1517,0.1388
608,903,1511,0.1388
609,910,1519,0.1388
600,913,1513,0.1388
606,909,1515,0.1388
601,910,1511,0.1388
606,907,1513,0.1388
605,903,1508,0.1388
602,912,1514,0.1388
588,911,1499,0.1388
583,912,1495,0.1388
583,902,1485,0.1388
586,909,1495,0.1388
580,907,1487,0.1388
585,923,1508,0.1388
593,926,1519,0.1388
595,925,1520,0.1388
594,918,1512,0.1388
592,923,1515,0.1388
591,922,1513,0.1388
586,921,1507,0.1388
588,922,1510,0.1388
588,927,1515,0.1388
581,926,1507,0.1388
585,933,1518,0.1388
583,931,1514,0.1388
578,925,1503,0.1388
580,929,1509,0.1388
592,924,1516,0.1388
579,925,1504,0.1388
579,912,1491,0.1388
586,916,1502,0.1388
578,924,1502,0.1388
570,919,1489,0.1388
567,918,1485,0.1388
570,923,1493,0.1388
574,918,1492,0.1388
577,924,1501,0.1388
576,927,1503,0.1388
583,933,1516,0.1388
578,944,1522,0.1388
577,946,1523,0.1388
572,952,1524,0.1388
577,938,1515,0.1388
580,936,1516,0.1388
569,941,1510,0.1388
577,938,1515,0.1388
580,927,1507,0.1388
581,922,1503,0.1388
580,920,1500,0.1388
572,924,1496,0.1388
571,932,1503,0.1388
571,919,1490,0.1388
561,924,1485,0.1388
566,933,1499,0.1388
569,937,1506,0.1388
567,946,1513,0.1388
564,957,1521,0.1388
564,957,1521,0.1388
557,962,1519,0.1388
546,963,1509,0.1388
549,969,1518,0.1388
552,964,1516,0.1388
544,965,1509,0.1388
546,965,1511,0.1388
546,950,1496,0.1388
548,959,1507,0.1388
548,965,1513,0.1388
544,959,1503,0.1388
542,975,1517,0.1388
542,978,1520,0.1388
542,977,1519,0.1388
547,969,1516,0.1388
537,978,1515,0.1388
537,985,1522,0.1388
528,991,1519,0.1388
528,979,1507,0.1388
522,985,1507,0.1388
514,994,1508,0.1388
513,1001,1514,0.1388
511,1006,1517,0.1388
510,995,1505,0.1388
506,996,1502,0.1388
510,989,1499,0.1388
503,991,1494,0.1388
499,1000,1499,0.1388
499,992,1491,0.1388
500,998,1498,0.1388
501,992,1493,0.1388
499,989,1488,0.1388
499,1002,1501,0.1388
498,1001,1499,0.1388
503,1006,1509,0.1388
503,999,1502,0.1388
496,1000,1496,0.1388
491,1004,1495,0.1388
489,1029,1518,0.1388
486,1030,1516,0.1388
489,1033,1522,0.1388
487,1031,1518,0.1388
481,1036,1517,0.1388
468,1037,1505,0.1388
468,1029,1497,0.1388
478,1032,1510,0.1388
487,1019,1506,0.1388
494,1013,1507,0.1388
496,1025,1521,0.1388
493,1031,1524,0.1388
478,1015,1493,0.1388
480,1024,1504,0.1388
477,1027,1504,0.1388
481,1022,1503,0.1388
479,1028,1507,0.1388
468,1037,1505,0.1388
463,1042,1505,0.1388
457,1037,1494,0.1388
452,1040,1492,0.1388
459,1038,1497,0.1388
463,1041,1504,0.1388
468,1041,1509,0.1388
465,1042,1507,0.1388
464,1039,1503,0.1388
459,1045,1504,0.1388
455,1049,1504,0.1388
456,1045,1501,0.1388
455,1043,1498,0.1388
457,1051,1508,0.1388
449,1062,1511,0.1388
439,1077,1516,0.1388
441,1071,1512,0.1388
447,1054,1501,0.1388
446,1063,1509,0.1388
445,1064,1509,0.1388
454,1059,1513,0.1388
453,1075,1528,0.1388
447,1073,1520,0.1388
443,1064,1507,0.1388
439,1073,1512,0.1388
436,1064,1500,0.1388
435,1066,1501,0.1388
439,1076,1515,0.1388
437,1078,1515,0.1388
428,1088,1516,0.1388
421,1073,1494,0.1388
430,1075,1505,0.1388
426,1070,1496,0.1388
427,1075,1502,0.1388
426,1091,1517,0.1388
423,1088,1511,0.1388
422,1099,1521,0.1388
416,1087,1503,0.1388
413,1088,1501,0.1388
417,1093,1510,0.1388
419,1099,1518,0.1388
421,1100,1521,0.1388
409,1096,1505,0.1388
409,1102,1511,0.1388
408,1107,1515,0.1388
412,1105,1517,0.1388
411,1103,1514,0.1388
405,1101,1506,0.1388
401,1099,1500,0.1388
403,1092,1495,0.1388
408,1092,1500,0.1388
408,1104,1512,0.1388
405,1100,1505,0.1388
401,1092,1493,0.1388
406,1095,1501,0.1388
411,1103,1514,0.1388
407,1105,1512,0.1388
405,1111,1516,0.1388
402,1103,1505,0.1388
402,1108,1510,0.1388
407,1112,1519,0.1388
403,1104,1507,0.1388
407,1094,1501,0.1388
401,1107,1508,0.1388
406,1104,1510,0.1388
388,1103,1491,0.1388
392,1114,1506,0.1388
393,1104,1497,0.1388
393,1094,1487,0.1388
395,1113,1508,0.1388
396,1102,1498,0.1388
393,1092,1485,0.1388
393,1100,1493,0.1388
396,1116,1512,0.1388
392,1110,1502,0.1388
392,1115,1507,0.1388
390,1105,1495,0.1388
389,1110,1499,0.1388
395,1103,1498,0.1388
386,1103,1489,0.1388
378,1105,1483,0.1388
384,1110,1494,0.1388
388,1110,1498,0.1388
390,1109,1499,0.1388
393,1109,1502,0.1388
394,1112,1506,0.1388
395,1120,1515,0.1388
391,1117,1508,0.1388
386,1113,1499,0.1388
392,1124,1516,0.1388
390,1124,1514,0.1388
388,1121,1509,0.1388
389,1127,1516,0.1388
389,1134,1523,0.1388
387,1136,1523,0.1388
385,1142,1527,0.1388
384,1141,1525,0.1388
382,1140,1522,0.1388
387,1139,1526,0.1388
381,1138,1519,0.1388
378,1130,1508,0.1388
379,1133,1512,0.1388
378,1139,1517,0.1388
375,1135,1510,0.1388
372,1141,1513,0.1388
366,1152,1518,0.1388
366,1160,1526,0.1388
358,1167,1525,0.1388
354,1167,1521,0.1388
357,1158,1515,0.1388
360,1151,1511,0.1388
351,1153,1504,0.1388
360,1158,1518,0.1388
357,1146,1503,0.1388
349,1156,1505,0.1388
356,1160,1516,0.1388
361,1164,1525,0.1388
366,1151,1517,0.1388
357,1157,1514,0.1388
350,1137,1487,0.1388
358,1144,1502,0.1388
358,1149,1507,0.1388
360,1159,1519,0.1388
358,1159,1517,0.1388
352,1162,1514,0.1388
350,1164,1514,0.1388
350,1170,1520,0.1388
355,1163,1518,0.1388
353,1160,1513,0.1388
360,1168,1528,0.1388
354,1174,1528,0.1388
355,1174,1529,0.1388
351,1174,1525,0.1388
345,1166,1511,0.1388
347,1169,1516,0.1388
355,1164,1519,0.1388
350,1154,1504,0.1388
341,1154,1495,0.1388
340,1174,1514,0.1388
340,1166,1506,0.1388
334,1172,1506,0.1388
335,1163,1498,0.1388
336,1174,1510,0.1388
332,1180,1512,0.1388
338,1174,1512,0.1388
340,1169,1509,0.1388
341,1162,1503,0.1388
337,1161,1498,0.1388
338,1167,1505,0.1388
337,1170,1507,0.1388
340,1173,1513,0.1388
337,1190,1527,0.1388
341,1197,1538,0.1388
335,1189,1524,0.1388
333,1203,1536,0.1388
329,1184,1513,0.1388
326,1182,1508,0.1388
326,1183,1509,0.1388
330,1181,1511,0.1388
332,1191,1523,0.1388
337,1183,1520,0.1388
340,1186,1526,0.1388
337,1182,1519,0.1388
331,1180,1511,0.1388
328,1193,1521,0.1388
325,1194,1519,0.1388
322,1189,1511,0.1388
327,1185,1512,0.1388
331,1183,1514,0.1388
336,1193,1529,0.1388
331,1198,1529,0.1388
333,1195,1528,0.1388
334,1188,1522,0.1388
333,1182,1515,0.1388
335,1183,1518,0.1388
336,1178,1514,0.1388
334,1180,1514,0.1388
339,1179,1518,0.1388
337,1177,1514,0.1388
338,1177,1515,0.1388
342,1167,1509,0.1388
340,1153,1493,0.1388
333,1166,1499,0.1388
328,1164,1492,0.1388
328,1165,1493,0.1388
318,1164,1482,0.1388
321,1178,1499,0.1388
322,1184,1506,0.1388
325,1180,1505,0.1388
330,1190,1520,0.1388
327,1204,1531,0.1388
330,1191,1521,0.1388
322,1187,1509,0.1388
320,1179,1499,0.1388
318,1179,1497,0.1388
318,1174,1492,0.1388
321,1165,1486,0.1388
321,1179,1500,0.1388
324,1180,1504,0.1388
328,1170,1498,0.1388
324,1178,1502,0.1388
317,1175,1492,0.1388
315,1191,1506,0.1388
320,1185,1505,0.1388
321,1192,1513,0.1388
316,1189,1505,0.1388
313,1203,1516,0.1388
313,1207,1520,0.1388
316,1202,1518,0.1388
318,1207,1525,0.1388
315,1202,1517,0.1388
316,1203,1519,0.1388
316,1206,1522,0.1388
312,1202,1514,0.1388
311,1209,1520,0.1388
312,1202,1514,0.1388
312,1211,1523,0.1388
316,1206,1522,0.1388
318,1198,1516,0.1388
314,1199,1513,0.1388
309,1208,1517,0.1388
307,1200,1507,0.1388
301,1203,1504,0.1388
303,1199,1502,0.1388
302,1211,1513,0.1388
300,1221,1521,0.1388
297,1226,1523,0.1388
295,1226,1521,0.1388
290,1213,1503,0.1388
290,1222,1512,0.1388
286,1217,1503,0.1388
287,1212,1499,0.1388
291,1210,1501,0.1388
293,1204,1497,0.1388
293,1208,1501,0.1388
287,1204,1491,0.1388
286,1210,1496,0.1388
281,1203,1484,0.1388
283,1206,1489,0.1388
284,1213,1497,0.1388
285,1211,1496,0.1388
293,1209,1502,0.1388
290,1215,1505,0.1388
295,1213,1508,0.1388
300,1203,1503,0.1388
299,1198,1497,0.1388
300,1208,1508,0.1388
302,1214,1516,0.1388
304,1217,1521,0.1388
297,1214,1511,0.1388
295,1222,1517,0.1388
290,1221,1511,0.1388
288,1224,1512,0.1388
294,1225,1519,0.1388
297,1225,1522,0.1388
293,1226,1519,0.1388
284,1230,1514,0.1388
287,1232,1519,0.1388
279,1234,1513,0.1388
280,1242,1522,0.1388
281,1240,1521,0.1388
278,1245,1523,0.1388
277,1248,1525,0.1388
273,1241,1514,0.1388
277,1250,1527,0.1388
275,1241,1516,0.1388
277,1243,1520,0.1388
276,1233,1509,0.1388
278,1243,1521,0.1388
269,1240,1509,0.1388
271,1237,1508,0.1388
270,1249,1519,0.1388
268,1239,1507,0.1388
274,1238,1512,0.1388
273,1255,1528,0.1388
271,1253,1524,0.1388
269,1241,1510,0.1388
269,1247,1516,0.1388
268,1248,1516,0.1388
266,1254,1520,0.1388
265,1260,1525,0.1388
264,1250,1514,0.1388
263,1241,1504,0.1388
260,1248,1508,0.1388
260,1253,1513,0.1388
259,1260,1519,0.1388
257,1261,1518,0.1388
254,1254,1508,0.1388
254,1254,1508,0.1388
255,1264,1519,0.1388
255,1274,1529,0.1388
251,1263,1514,0.1388
244,1253,1497,0.1388
244,1268,1512,0.1388
243,1279,1522,0.1388
243,1272,1515,0.1388
242,1265,1507,0.1388
238,1263,1501,0.1388
236,1278,1514,0.1388
230,1283,1513,0.1388
226,1282,1508,0.1388
229,1288,1517,0.1388
224,1289,1513,0.1388
225,1293,1518,0.1388
226,1286,1512,0.1388
218,1293,1511,0.1388
219,1299,1518,0.1388
223,1294,1517,0.1388
220,1296,1516,0.1388
220,1304,1524,0.1388
213,1295,1508,0.1388
211,1295,1506,0.1388
208,1296,1504,0.1388
209,1293,1502,0.1388
212,1292,1504,0.1388
213,1287,1500,0.1388
211,1291,1502,0.1388
210,1306,1516,0.1388
213,1314,1527,0.1388
211,1310,1521,0.1388
203,1320,1523,0.1388
198,1322,1520,0.1388
197,1336,1533,0.1388
194,1330,1524,0.1388
194,1325,1519,0.1388
193,1315,1508,0.1388
185,1313,1498,0.1388
187,1306,1493,0.1388
182,1315,1497,0.1388
181,1323,1504,0.1388
180,1327,1507,0.1388
175,1325,1500,0.1388
181,1326,1507,0.1388
183,1319,1502,0.1388
178,1316,1494,0.1388
179,1321,1500,0.1388
182,1329,1511,0.1388
182,1338,1520,0.1388
180,1341,1521,0.1388
182,1349,1531,0.1388
180,1339,1519,0.1388
179,1345,1524,0.1388
180,1340,1520,0.1388
175,1342,1517,0.1388
177,1349,1526,0.1388
178,1340,1518,0.1388
182,1333,1515,0.1388
184,1340,1524,0.1388
183,1342,1525,0.1388
183,1349,1532,0.1388
178,1342,1520,0.1388
174,1329,1503,0.1388
172,1334,1506,0.1388
172,1331,1503,0.1388
171,1324,1495,0.1388
172,1328,1500,0.1388
172,1328,1500,0.1388
170,1335,1505,0.1388
167,1322,1489,0.1388
160,1332,1492,0.1388
163,1344,1507,0.1388
165,1355,1520,0.1388
170,1347,1517,0.1388
168,1340,1508,0.1388
168,1346,1514,0.1388
165,1345,1510,0.1388
164,1355,1519,0.1388
164,1367,1531,0.1388
163,1364,1527,0.1388
163,1358,1521,0.1388
164,1351,1515,0.1388
166,1347,1513,0.1388
164,1355,1519,0.1388
167,1354,1521,0.1388
162,1344,1506,0.1388
160,1361,1521,0.1388
164,1360,1524,0.1388
162,1365,1527,0.1388
160,1357,1517,0.1388
157,1368,1525,0.1388
152,1375,1527,0.1388
150,1365,1515,0.1388
148,1361,1509,0.1388
153,1374,1527,0.1388
151,1377,1528,0.1388
149,1375,1524,0.1388
149,1365,1514,0.1388
148,1359,1507,0.1388
145,1358,1503,0.1388
143,1375,1518,0.1388
143,1381,1524,0.1388
142,1383,1525,0.1388
140,1376,1516,0.1388
141,1377,1518,0.1388
143,1382,1525,0.1388
143,1378,1521,0.1388
140,1377,1517,0.1388
139,1388,1527,0.1388
139,1384,1523,0.1388
141,1379,1520,0.1388
141,1393,1534,0.1388
138,1384,1522,0.1388
139,1380,1519,0.1388
136,1375,1511,0.1388
135,1385,1520,0.1388
135,1388,1523,0.1388
139,1393,1532,0.1388
139,1379,1518,0.1388
138,1391,1529,0.1388
136,1387,1523,0.1388
138,1384,1522,0.1388
137,1391,1528,0.1388
137,1390,1527,0.1388
136,1378,1514,0.1388
138,1382,1520,0.1388
141,1386,1527,0.1388
136,1386,1522,0.1388
138,1390,1528,0.1388
136,1381,1517,0.1388
135,1365,1500,0.1388
132,1371,1503,0.1388
136,1363,1499,0.1388
133,1379,1512,0.1388
130,1374,1504,0.1388
132,1383,1515,0.1388
132,1381,1513,0.1388
132,1378,1510,0.1388
130,1368,1498,0.1388
130,1375,1505,0.1388
127,1377,1504,0.1388
128,1375,1503,0.1388
129,1385,1514,0.1388
127,1395,1522,0.1388
127,1400,1527,0.1388
128,1384,1512,0.1388
128,1382,1510,0.1388
127,1384,1511,0.1388
124,1385,1509,0.1388
126,1385,1511,0.1388
127,1379,1506,0.1388
122,1400,1522,0.1388
124,1397,1521,0.1388
118,1393,1511,0.1388
121,1391,1512,0.1388
118,1395,1513,0.1388
120,1397,1517,0.1388
120,1401,1521,0.1388
122,1406,1528,0.1388
128,1401,1529,0.1388
126,1393,1519,0.1388
125,1388,1513,0.1388
127,1393,1520,0.1388
119,1410,1529,0.1388
120,1412,1532,0.1388
114,1406,1520,0.1388
116,1404,1520,0.1388
118,1399,1517,0.1388
117,1408,1525,0.1388
119,1418,1537,0.1388
123,1415,1538,0.1388
122,1398,1520,0.1388
120,1394,1514,0.1388
119,1395,1514,0.1388
120,1393,1513,0.1388
120,1398,1518,0.1388
119,1390,1509,0.1388
121,1402,1523,0.1388
119,1404,1523,0.1388
118,1406,1524,0.1388
116,1403,1519,0.1388
115,1410,1525,0.1388
115,1420,1535,0.1388
115,1416,1531,0.1388
114,1406,1520,0.1388
118,1406,1524,0.1388
115,1407,1522,0.1388
115,1402,1517,0.1388
113,1402,1515,0.1388
115,1410,1525,0.1388
116,1400,1516,0.1388
117,1396,1513,0.1388
114,1412,1526,0.1388
113,1405,1518,0.1388
114,1418,1532,0.1388
113,1424,1537,0.1388
113,1426,1539,0.1388
110,1420,1530,0.1388
106,1413,1519,0.1388
101,1425,1526,0.1388
101,1430,1531,0.1388
103,1420,1523,0.1388
103,1422,1525,0.1388
103,1414,1517,0.1388
97,1394,1491,0.1388
102,1402,1504,0.1388
102,1401,1503,0.1388
102,1414,1516,0.1388
101,1410,1511,0.1388
102,1409,1511,0.1388
106,1409,1515,0.1388
107,1402,1509,0.1388
107,1402,1509,0.1388
107,1414,1521,0.1388
107,1408,1515,0.1388
100,1412,1512,0.1388
101,1414,1515,0.1388
99,1413,1512,0.1388
99,1409,1508,0.1388
96,1422,1518,0.1388
97,1418,1515,0.1388
95,1425,1520,0.1388
96,1419,1515,0.1388
97,1418,1515,0.1388
92,1423,1515,0.1388
94,1402,1496,0.1388
95,1405,1500,0.1388
95,1418,1513,0.1388
96,1418,1514,0.1388
92,1428,1520,0.1388
90,1425,1515,0.1388
90,1426,1516,0.1388
91,1443,1534,0.1388
91,1431,1522,0.1388
92,1432,1524,0.1388
94,1435,1529,0.1388
92,1435,1527,0.1388
92,1431,1523,0.1388
91,1430,1521,0.1388
92,1428,1520,0.1388
90,1431,1521,0.1388
88,1432,1520,0.1388
89,1428,1517,0.1388
89,1437,1526,0.1388
84,1436,1520,0.1388
82,1435,1517,0.1388
84,1420,1504,0.1388
87,1421,1508,0.1388
87,1413,1500,0.1388
88,1411,1499,0.1388
86,1412,1498,0.1388
85,1427,1512,0.1388
82,1425,1507,0.1388
79,1446,1525,0.1388
78,1451,1529,0.1388
76,1441,1517,0.1388
75,1425,1500,0.1388
74,1427,1501,0.1388
73,1438,1511,0.1388
73,1438,1511,0.1388
70,1443,1513,0.1388
70,1448,1518,0.1388
70,1469,1539,0.1388
71,1460,1531,0.1388
71,1462,1533,0.1388
70,1459,1529,0.1388
69,1458,1527,0.1388
68,1464,1532,0.1388
66,1455,1521,0.1388
66,1446,1512,0.1388
66,1457,1523,0.1388
65,1465,1530,0.1388
67,1459,1526,0.1388
64,1448,1512,0.1388
67,1445,1512,0.1388
66,1456,1522,0.1388
66,1456,1522,0.1388
66,1458,1524,0.1388
71,1459,1530,0.1388
70,1452,1522,0.1388
72,1446,1518,0.1388
69,1438,1507,0.1388
70,1445,1515,0.1388
69,1446,1515,0.1388
67,1446,1513,0.1388
66,1461,1527,0.1388
68,1460,1528,0.1388
65,1456,1521,0.1388
64,1456,1520,0.1388
64,1459,1523,0.1388
64,1456,1520,0.1388
65,1459,1524,0.1388
64,1464,1528,0.1388
65,1468,1533,0.1388
66,1466,1532,0.1388
66,1459,1525,0.1388
66,1469,1535,0.1388
66,1468,1534,0.1388
64,1459,1523,0.1388
65,1447,1512,0.1388
64,1444,1508,0.1388
63,1449,1512,0.1388
62,1448,1510,0.1388
64,1461,1525,0.1388
61,1456,1517,0.1388
61,1469,1530,0.1388
61,1464,1525,0.1388
61,1470,1531,0.1388
57,1467,1524,0.1388
56,1474,1530,0.1388
55,1471,1526,0.1388
55,1465,1520,0.1388
56,1456,1512,0.1388
55,1464,1519,0.1388
57,1465,1522,0.1388
59,1466,1525,0.1388
62,1460,1522,0.1388
62,1466,1528,0.1388
59,1457,1516,0.1388
58,1444,1502,0.1388
63,1446,1509,0.1388
62,1445,1507,0.1388
62,1455,1517,0.1388
60,1462,1522,0.1388
62,1466,1528,0.1388
58,1467,1525,0.1388
57,1462,1519,0.1388
57,1460,1517,0.1388
57,1469,1526,0.1388
59,1470,1529,0.1388
58,1470,1528,0.1388
59,1465,1524,0.1388
59,1459,1518,0.1388
63,1448,1511,0.1388
63,1461,1524,0.1388
61,1455,1516,0.1388
63,1476,1539,0.1388
66,1473,1539,0.1388
64,1459,1523,0.1388
63,1453,1516,0.1388
60,1462,1522,0.1388
62,1458,1520,0.1388
64,1455,1519,0.1388
66,1450,1516,0.1388
62,1462,1524,0.1388
61,1466,1527,0.1388
59,1462,1521,0.1388
60,1454,1514,0.1388
58,1450,1508,0.1388
59,1441,1500,0.1388
59,1445,1504,0.1388
58,1462,1520,0.1388
60,1454,1514,0.1388
58,1452,1510,0.1388
60,1453,1513,0.1388
57,1478,1535,0.1388
56,1476,1532,0.1388
55,1462,1517,0.1388
56,1457,1513,0.1388
56,1472,1528,0.1388
55,1466,1521,0.1388
55,1461,1516,0.1388
54,1461,1515,0.1388
55,1474,1529,0.1388
56,1468,1524,0.1388
54,1467,1521,0.1388
53,1458,1511,0.1388
53,1465,1518,0.1388
51,1465,1516,0.1388
52,1471,1523,0.1388
52,1455,1507,0.1388
52,1461,1513,0.1388
50,1461,1511,0.1388
47,1470,1517,0.1388
47,1476,1523,0.1388
47,1476,1523,0.1388
45,1478,1523,0.1388
47,1485,1532,0.1388
46,1491,1537,0.1388
47,1486,1533,0.1388
47,1481,1528,0.1388
47,1476,1523,0.1388
48,1472,1520,0.1388
47,1483,1530,0.1388
48,1474,1522,0.1388
49,1454,1503,0.1388
48,1464,1512,0.1388
48,1469,1517,0.1388
47,1478,1525,0.1388
47,1483,1530,0.1388
46,1478,1524,0.1388
46,1472,1518,0.1388
44,1472,1516,0.1388
44,1479,1523,0.1388
44,1477,1521,0.1388
44,1476,1520,0.1388
44,1472,1516,0.1388
43,1464,1507,0.1388
44,1466,1510,0.1388
42,1473,1515,0.1388
43,1463,1506,0.1388
40,1458,1498,0.1388
39,1470,1509,0.1388
40,1461,1501,0.1388
42,1461,1503,0.1388
41,1473,1514,0.1388
42,1462,1504,0.1388
42,1476,1518,0.1388
42,1487,1529,0.1388
43,1487,1530,0.1388
43,1482,1525,0.1388
43,1474,1517,0.1388
45,1471,1516,0.1388
45,1467,1512,0.1388
44,1473,1517,0.1388
44,1477,1521,0.1388
42,1471,1513,0.1388
43,1475,1518,0.1388
43,1478,1521,0.1388
42,1484,1526,0.1388
38,1478,1516,0.1388
38,1481,1519,0.1388
37,1493,1530,0.1388
38,1488,1526,0.1388
38,1482,1520,0.1388
36,1483,1519,0.1388
34,1487,1521,0.1388
34,1470,1504,0.1388
32,1477,1509,0.1388
31,1485,1516,0.1388
33,1479,1512,0.1388
33,1479,1512,0.1388
32,1481,1513,0.1388
34,1480,1514,0.1388
33,1468,1501,0.1388
32,1475,1507,0.1388
33,1473,1506,0.1388
35,1475,1510,0.1388
34,1491,1525,0.1388
33,1488,1521,0.1388
34,1497,1531,0.1388
33,1488,1521,0.1388
31,1487,1518,0.1388
31,1481,1512,0.1388
30,1470,1500,0.1388
29,1479,1508,0.1388
29,1487,1516,0.1388
30,1486,1516,0.1388
29,1490,1519,0.1388
30,1490,1520,0.1388
27,1494,1521,0.1388
29,1506,1535,0.1388
29,1496,1525,0.1388
29,1493,1522,0.1388
29,1491,1520,0.1388
27,1504,1531,0.1388
26,1490,1516,0.1388
24,1489,1513,0.1388
24,1509,1533,0.1388
24,1506,1530,0.1388
24,1497,1521,0.1388
23,1498,1521,0.1388
24,1501,1525,0.1388
25,1495,1520,0.1388
26,1497,1523,0.1388
26,1492,1518,0.1388
27,1495,1522,0.1388
27,1522,1549,0.1388
26,1507,1533,0.1388
26,1494,1520,0.1388
25,1500,1525,0.1388
23,1497,1520,0.1388
23,1503,1526,0.1388
22,1493,1515,0.1388
21,1503,1524,0.1388
22,1487,1509,0.1388
22,1477,1499,0.1388
22,1479,1501,0.1388
22,1477,1499,0.1388
22,1474,1496,0.1388
23,1482,1505,0.1388
23,1475,1498,0.1388
23,1477,1500,0.1388
23,1475,1498,0.1388
26,1479,1505,0.1388
24,1486,1510,0.1388
24,1490,1514,0.1388
24,1488,1512,0.1388
25,1489,1514,0.1388
25,1478,1503,0.1388
25,1492,1517,0.1388
26,1494,1520,0.1388
25,1489,1514,0.1388
25,1488,1513,0.1388
24,1482,1506,0.1388
23,1479,1502,0.1388
22,1484,1506,0.1388
23,1480,1503,0.1388
23,1471,1494,0.1388
23,1483,1506,0.1388
24,1496,1520,0.1388
22,1499,1521,0.1388
21,1495,1516,0.1388
20,1500,1520,0.1388
21,1506,1527,0.1388
20,1507,1527,0.1388
20,1510,1530,0.1388
18,1515,1533,0.1388
16,1512,1528,0.1388
16,1508,1524,0.1388
17,1506,1523,0.1388
16,1502,1518,0.1388
15,1502,1517,0.1388
15,1496,1511,0.1388
15,1502,1517,0.1388
15,1498,1513,0.1388
14,1507,1521,0.1388
14,1506,1520,0.1388
14,1501,1515,0.1388
14,1506,1520,0.1388
14,1505,1519,0.1388
14,1497,1511,0.1388
12,1487,1499,0.1388
13,1487,1500,0.1388
13,1494,1507,0.1388
13,1503,1516,0.1388
11,1508,1519,0.1388
10,1502,1512,0.1388
9,1511,1520,0.1388
9,1506,1515,0.1388
8,1512,1520,0.1388
7,1509,1516,0.1388
8,1497,1505,0.1388
8,1503,1511,0.1388
8,1505,1513,0.1388
8,1511,1519,0.1388
8,1517,1525,0.1388
8,1520,1528,0.1388
7,1521,1528,0.1388
7,1526,1533,0.1388
7,1523,1530,0.1388
8,1518,1526,0.1388
8,1510,1518,0.1388
8,1511,1519,0.1388
8,1512,1520,0.1388
7,1506,1513,0.1388
7,1504,1511,0.1388
6,1494,1500,0.1388
5,1498,1503,0.1388
5,1510,1515,0.1388
5,1517,1522,0.1388
5,1518,1523,0.1388
5,1514,1519,0.1388
5,1521,1526,0.1388
5,1512,1517,0.1388
5,1514,1519,0.1388
5,1515,1520,0.1388
5,1504,1509,0.1388
5,1513,1518,0.1388
5,1525,1530,0.1388
5,1512,1517,0.1388
6,1510,1516,0.1388
6,1508,1514,0.1388
7,1503,1510,0.1388
7,1506,1513,0.1388
7,1499,1506,0.1388
7,1497,1504,0.1388
8,1513,1521,0.1388
8,1516,1524,0.1388
8,1513,1521,0.1388
8,1513,1521,0.1388
8,1516,1524,0.1388
7,1512,1519,0.1388
7,1524,1531,0.1388
7,1505,1512,0.1388
7,1496,1503,0.1388
6,1519,1525,0.1388
6,1516,1522,0.1388
6,1526,1532,0.1388
7,1518,1525,0.1388
7,1507,1514,0.1388
8,1518,1526,0.1388
9,1517,1526,0.1388
8,1516,1524,0.1388
7,1522,1529,0.1388
6,1506,1512,0.1388
6,1510,1516,0.1388
6,1522,1528,0.1388
6,1514,1520,0.1388
6,1505,1511,0.1388
8,1509,1517,0.1388
8,1510,1518,0.1388
7,1504,1511,0.1388
7,1507,1514,0.1388
7,1507,1514,0.1388
7,1504,1511,0.1388
7,1514,1521,0.1388
8,1520,1528,0.1388
7,1511,1518,0.1388
7,1519,1526,0.1388
6,1514,1520,0.1388
6,1512,1518,0.1388
7,1521,1528,0.1388
7,1524,1531,0.1388
6,1518,1524,0.1388
6,1519,1525,0.1388
7,1515,1522,0.1388
6,1519,1525,0.1388
7,1499,1506,0.1388
7,1509,1516,0.1388
7,1505,1512,0.1388
6,1506,1512,0.1388
6,1505,1511,0.1388
6,1513,1519,0.1388
6,1511,1517,0.1388
6,1512,1518,0.1388
6,1508,1514,0.1388
6,1491,1497,0.1388
6,1491,1497,0.1388
6,1489,1495,0.1388
6,1500,1506,0.1388
6,1500,1506,0.1388
6,1504,1510,0.1388
6,1490,1496,0.1388
6,1494,1500,0.1388
6,1497,1503,0.1388
6,1502,1508,0.1388
6,1491,1497,0.1388
6,1495,1501,0.1388
6,1504,1510,0.1388
6,1507,1513,0.1388
6,1509,1515,0.1388
6,1506,1512,0.1388
6,1505,1511,0.1388
6,1508,1514,0.1388
6,1511,1517,0.1388
6,1514,1520,0.1388
6,1508,1514,0.1388
6,1497,1503,0.1388
6,1499,1505,0.1388
6,1520,1526,0.1388
6,1527,1533,0.1388
6,1527,1533,0.1388
6,1522,1528,0.1388
5,1517,1522,0.1388
5,1517,1522,0.1388
5,1509,1514,0.1388
5,1509,1514,0.1388
5,1510,1515,0.1388
5,1505,1510,0.1388
4,1498,1502,0.1388
4,1491,1495,0.1388
4,1488,1492,0.1388
3,1501,1504,0.1388
3,1508,1511,0.1388
3,1489,1492,0.1388
3,1490,1493,0.1388
3,1502,1505,0.1388
3,1504,1507,0.1388
3,1495,1498,0.1388
3,1503,1506,0.1388
3,1502,1505,0.1388
3,1511,1514,0.1388
3,1516,1519,0.1388
3,1516,1519,0.1388
3,1520,1523,0.1388
3,1512,1515,0.1388
3,1504,1507,0.1388
3,1506,1509,0.1388
3,1513,1516,0.1388
3,1517,1520,0.1388
3,1512,1515,0.1388
3,1508,1511,0.1388
3,1498,1501,0.1388
3,1524,1527,0.1388
2,1519,1521,0.1388
2,1516,1518,0.1388
2,1513,1515,0.1388
2,1519,1521,0.1388
2,1518,1520,0.1388
2,1515,1517,0.1388
1,1508,1509,0.1388
2,1501,1503,0.1388
1,1506,1507,0.1388
1,1497,1498,0.1388
1,1507,1508,0.1388
1,1521,1522,0.1388
1,1518,1519,0.1388
1,1524,1525,0.1388
1,1509,1510,0.1388
1,1515,1516,0.1388
1,1517,1518,0.1388
1,1513,1514,0.1388
1,1526,1527,0.1388
1,1502,1503,0.1388
1,1505,1506,0.1388
1,1526,1527,0.1388
1,1517,1518,0.1388
1,1512,1513,0.1388
0,1524,1524,0.1388
