1382,31,1413,0.1388
1401,33,1434,0.1388
1417,33,1450,0.1388
1433,31,1464,0.1388
1440,30,1470,0.1388
1442,33,1475,0.1388
1448,37,1485,0.1388
1453,38,1491,0.1388
1447,39,1486,0.1388
1464,40,1504,0.1388
1476,38,1514,0.1388
1471,38,1509,0.1388
1466,38,1504,0.1388
1453,38,1491,0.1388
1441,39,1480,0.1388
1449,42,1491,0.1388
1453,40,1493,0.1388
1451,39,1490,0.1388
1461,40,1501,0.1388
1455,39,1494,0.1388
1449,38,1487,0.1388
1453,34,1487,0.1388
1449,34,1483,0.1388
1460,34,1494,0.1388
1447,33,1480,0.1388
1461,35,1496,0.1388
1466,33,1499,0.1388
1480,33,1513,0.1388
1474,33,1507,0.1388
1470,35,1505,0.1388
1472,36,1508,0.1388
1465,37,1502,0.1388
1467,35,1502,0.1388
1460,37,1497,0.1388
1441,41,1482,0.1388
1441,45,1486,0.1388
1444,49,1493,0.1388
1446,49,1495,0.1388
1452,50,1502,0.1388
1454,52,1506,0.1388
1442,52,1494,0.1388
1456,52,1508,0.1388
1449,50,1499,0.1388
1449,50,1499,0.1388
1440,50,1490,0.1388
1442,51,1493,0.1388
1437,49,1486,0.1388
1437,49,1486,0.1388
1444,50,1494,0.1388
1437,49,1486,0.1388
1426,50,1476,0.1388
1427,49,1476,0.1388
1433,49,1482,0.1388
1435,51,1486,0.1388
1434,51,1485,0.1388
1445,50,1495,0.1388
1432,51,1483,0.1388
1428,48,1476,0.1388
1420,47,1467,0.1388
1426,47,1473,0.1388
1430,49,1479,0.1388
1419,48,1467,0.1388
1422,47,1469,0.1388
1429,49,1478,0.1388
1453,49,1502,0.1388
1443,50,1493,0.1388
1428,51,1479,0.1388
1430,53,1483,0.1388
1435,49,1484,0.1388
1439,46,1485,0.1388
1441,46,1487,0.1388
1450,44,1494,0.1388
1436,43,1479,0.1388
1430,42,1472,0.1388
1431,44,1475,0.1388
1434,46,1480,0.1388
1436,47,1483,0.1388
1445,49,1494,0.1388
1441,49,1490,0.1388
1448,46,1494,0.1388
1450,48,1498,0.1388
1450,46,1496,0.1388
1455,46,1501,0.1388
1456,46,1502,0.1388
1451,46,1497,0.1388
1444,47,1491,0.1388
1448,48,1496,0.1388
1468,47,1515,0.1388
1474,45,1519,0.1388
1466,45,1511,0.1388
1450,47,1497,0.1388
1458,46,1504,0.1388
1448,46,1494,0.1388
1444,48,1492,0.1388
1429,47,1476,0.1388
1447,49,1496,0.1388
1456,50,1506,0.1388
1452,52,1504,0.1388
1444,52,1496,0.1388
1431,51,1482,0.1388
1436,53,1489,0.1388
1438,53,1491,0.1388
1449,50,1499,0.1388
1438,53,1491,0.1388
1437,52,1489,0.1388
1431,51,1482,0.1388
1420,48,1468,0.1388
1428,50,1478,0.1388
1427,51,1478,0.1388
1426,53,1479,0.1388
1430,54,1484,0.1388
1437,55,1492,0.1388
1437,52,1489,0.1388
1424,54,1478,0.1388
1423,53,1476,0.1388
1427,51,1478,0.1388
1445,52,1497,0.1388
1429,53,1482,0.1388
1405,55,1460,0.1388
1411,56,1467,0.1388
1426,56,1482,0.1388
1427,55,1482,0.1388
1416,55,1471,0.1388
1427,56,1483,0.1388
1426,57,1483,0.1388
1425,57,1482,0.1388
1422,55,1477,0.1388
1424,52,1476,0.1388
1432,53,1485,0.1388
1431,51,1482,0.1388
1442,51,1493,0.1388
1444,51,1495,0.1388
1440,53,1493,0.1388
1427,52,1479,0.1388
1406,54,1460,0.1388
1437,55,1492,0.1388
1437,57,1494,0.1388
1447,58,1505,0.1388
1436,56,1492,0.1388
1430,57,1487,0.1388
1448,58,1506,0.1388
1444,56,1500,0.1388
1446,58,1504,0.1388
1458,57,1515,0.1388
1450,54,1504,0.1388
1439,54,1493,0.1388
1439,59,1498,0.1388
1442,58,1500,0.1388
1437,56,1493,0.1388
1439,58,1497,0.1388
1431,57,1488,0.1388
1433,56,1489,0.1388
1432,55,1487,0.1388
1427,60,1487,0.1388
1420,60,1480,0.1388
1427,61,1488,0.1388
1420,63,1483,0.1388
1414,64,1478,0.1388
1411,66,1477,0.1388
1418,64,1482,0.1388
1424,64,1488,0.1388
1429,64,1493,0.1388
1428,65,1493,0.1388
1422,66,1488,0.1388
1409,67,1476,0.1388
1409,69,1478,0.1388
1406,70,1476,0.1388
1413,70,1483,0.1388
1420,69,1489,0.1388
1419,67,1486,0.1388
1426,68,1494,0.1388
1433,69,1502,0.1388
1439,72,1511,0.1388
1431,73,1504,0.1388
1427,72,1499,0.1388
1430,73,1503,0.1388
1421,74,1495,0.1388
1407,78,1485,0.1388
1411,81,1492,0.1388
1413,82,1495,0.1388
1417,82,1499,0.1388
1407,83,1490,0.1388
1417,82,1499,0.1388
1404,84,1488,0.1388
1403,84,1487,0.1388
1402,84,1486,0.1388
1406,80,1486,0.1388
1408,80,1488,0.1388
1398,83,1481,0.1388
1405,81,1486,0.1388
1414,83,1497,0.1388
1416,84,1500,0.1388
1410,85,1495,0.1388
1406,83,1489,0.1388
1408,86,1494,0.1388
1401,85,1486,0.1388
1406,84,1490,0.1388
1397,87,1484,0.1388
1395,88,1483,0.1388
1395,90,1485,0.1388
1398,91,1489,0.1388
1395,90,1485,0.1388
1395,90,1485,0.1388
1397,88,1485,0.1388
1392,90,1482,0.1388
1391,92,1483,0.1388
1394,90,1484,0.1388
1399,95,1494,0.1388
1404,92,1496,0.1388
1387,91,1478,0.1388
1394,90,1484,0.1388
1405,92,1497,0.1388
1409,94,1503,0.1388
1418,93,1511,0.1388
1410,93,1503,0.1388
1413,94,1507,0.1388
1400,98,1498,0.1388
1408,99,1507,0.1388
1407,99,1506,0.1388
1397,101,1498,0.1388
1390,101,1491,0.1388
1394,98,1492,0.1388
1383,96,1479,0.1388
1379,94,1473,0.1388
1383,97,1480,0.1388
1387,96,1483,0.1388
1401,95,1496,0.1388
1387,98,1485,0.1388
1388,96,1484,0.1388
1400,96,1496,0.1388
1385,97,1482,0.1388
1410,96,1506,0.1388
1413,97,1510,0.1388
1425,99,1524,0.1388
1419,101,1520,0.1388
1413,102,1515,0.1388
1407,99,1506,0.1388
1385,100,1485,0.1388
1385,101,1486,0.1388
1406,102,1508,0.1388
1407,99,1506,0.1388
1405,100,1505,0.1388
1392,103,1495,0.1388
1400,108,1508,0.1388
1395,106,1501,0.1388
1396,104,1500,0.1388
1404,107,1511,0.1388
1402,106,1508,0.1388
1392,102,1494,0.1388
1387,106,1493,0.1388
1391,108,1499,0.1388
1398,112,1510,0.1388
1400,106,1506,0.1388
1399,107,1506,0.1388
1395,106,1501,0.1388
1388,107,1495,0.1388
1386,106,1492,0.1388
1396,104,1500,0.1388
1391,105,1496,0.1388
1392,110,1502,0.1388
1396,113,1509,0.1388
1391,113,1504,0.1388
1383,108,1491,0.1388
1391,108,1499,0.1388
1392,111,1503,0.1388
1373,113,1486,0.1388
1382,110,1492,0.1388
1380,111,1491,0.1388
1366,111,1477,0.1388
1371,116,1487,0.1388
1379,117,1496,0.1388
1393,119,1512,0.1388
1391,118,1509,0.1388
1402,119,1521,0.1388
1376,115,1491,0.1388
1386,114,1500,0.1388
1370,116,1486,0.1388
1381,118,1499,0.1388
1379,117,1496,0.1388
1370,120,1490,0.1388
1372,118,1490,0.1388
1379,121,1500,0.1388
1376,122,1498,0.1388
1376,126,1502,0.1388
1358,128,1486,0.1388
1358,129,1487,0.1388
1339,130,1469,0.1388
1361,129,1490,0.1388
1367,131,1498,0.1388
1363,125,1488,0.1388
1370,125,1495,0.1388
1375,129,1504,0.1388
1370,127,1497,0.1388
1364,129,1493,0.1388
1370,129,1499,0.1388
1365,130,1495,0.1388
1368,130,1498,0.1388
1362,128,1490,0.1388
1359,129,1488,0.1388
1362,130,1492,0.1388
1361,128,1489,0.1388
1368,134,1502,0.1388
1368,138,1506,0.1388
1364,136,1500,0.1388
1367,133,1500,0.1388
1365,135,1500,0.1388
1361,140,1501,0.1388
1363,136,1499,0.1388
1363,136,1499,0.1388
1363,139,1502,0.1388
1354,142,1496,0.1388
1344,142,1486,0.1388
1339,148,1487,0.1388
1349,144,1493,0.1388
1353,144,1497,0.1388
1355,144,1499,0.1388
1352,139,1491,0.1388
1345,142,1487,0.1388
1343,145,1488,0.1388
1343,145,1488,0.1388
1341,145,1486,0.1388
1340,147,1487,0.1388
1319,144,1463,0.1388
1326,146,1472,0.1388
1326,143,1469,0.1388
1320,145,1465,0.1388
1326,146,1472,0.1388
1322,149,1471,0.1388
1323,147,1470,0.1388
1328,150,1478,0.1388
1344,148,1492,0.1388
1363,149,1512,0.1388
1359,150,1509,0.1388
1363,146,1509,0.1388
1355,145,1500,0.1388
1347,147,1494,0.1388
1358,147,1505,0.1388
1360,146,1506,0.1388
1350,148,1498,0.1388
1355,147,1502,0.1388
1343,151,1494,0.1388
1340,148,1488,0.1388
1339,150,1489,0.1388
1343,148,1491,0.1388
1340,151,1491,0.1388
1354,152,1506,0.1388
1338,150,1488,0.1388
1339,151,1490,0.1388
1345,149,1494,0.1388
1350,146,1496,0.1388
1349,152,1501,0.1388
1343,153,1496,0.1388
1350,155,1505,0.1388
1347,155,1502,0.1388
1333,154,1487,0.1388
1330,157,1487,0.1388
1333,158,1491,0.1388
1346,159,1505,0.1388
1350,162,1512,0.1388
1355,160,1515,0.1388
1353,157,1510,0.1388
1348,158,1506,0.1388
1355,156,1511,0.1388
1352,156,1508,0.1388
1361,156,1517,0.1388
1353,155,1508,0.1388
1356,155,1511,0.1388
1358,155,1513,0.1388
1363,155,1518,0.1388
1362,154,1516,0.1388
1352,147,1499,0.1388
1343,149,1492,0.1388
1329,153,1482,0.1388
1332,156,1488,0.1388
1336,158,1494,0.1388
1339,160,1499,0.1388
1334,160,1494,0.1388
1324,163,1487,0.1388
1312,161,1473,0.1388
1321,162,1483,0.1388
1328,165,1493,0.1388
1333,169,1502,0.1388
1331,169,1500,0.1388
1339,171,1510,0.1388
1327,171,1498,0.1388
1320,172,1492,0.1388
1327,172,1499,0.1388
1323,166,1489,0.1388
1320,162,1482,0.1388
1326,173,1499,0.1388
1324,175,1499,0.1388
1324,174,1498,0.1388
1316,175,1491,0.1388
1325,176,1501,0.1388
1331,178,1509,0.1388
1338,176,1514,0.1388
1332,179,1511,0.1388
1322,178,1500,0.1388
1334,178,1512,0.1388
1324,172,1496,0.1388
1337,172,1509,0.1388
1338,175,1513,0.1388
1333,167,1500,0.1388
1342,166,1508,0.1388
1352,163,1515,0.1388
1354,164,1518,0.1388
1341,165,1506,0.1388
1341,164,1505,0.1388
1323,165,1488,0.1388
1318,166,1484,0.1388
1317,167,1484,0.1388
1310,169,1479,0.1388
1305,170,1475,0.1388
1311,175,1486,0.1388
1315,172,1487,0.1388
1328,174,1502,0.1388
1334,170,1504,0.1388
1334,169,1503,0.1388
1340,168,1508,0.1388
1327,166,1493,0.1388
1320,163,1483,0.1388
1322,169,1491,0.1388
1323,177,1500,0.1388
1328,178,1506,0.1388
1317,175,1492,0.1388
1322,182,1504,0.1388
1319,184,1503,0.1388
1313,188,1501,0.1388
1306,187,1493,0.1388
1318,179,1497,0.1388
1317,181,1498,0.1388
1307,185,1492,0.1388
1297,189,1486,0.1388
1297,188,1485,0.1388
1294,185,1479,0.1388
1288,185,1473,0.1388
1286,184,1470,0.1388
1299,184,1483,0.1388
1303,184,1487,0.1388
1300,188,1488,0.1388
1290,191,1481,0.1388
1301,189,1490,0.1388
1287,187,1474,0.1388
1295,185,1480,0.1388
1309,184,1493,0.1388
1321,189,1510,0.1388
1321,186,1507,0.1388
1310,185,1495,0.1388
1318,188,1506,0.1388
1320,188,1508,0.1388
1306,189,1495,0.1388
1302,188,1490,0.1388
1298,180,1478,0.1388
1293,184,1477,0.1388
1287,183,1470,0.1388
1305,184,1489,0.1388
1311,184,1495,0.1388
1314,187,1501,0.1388
1316,186,1502,0.1388
1312,189,1501,0.1388
1315,192,1507,0.1388
1321,190,1511,0.1388
1307,191,1498,0.1388
1298,191,1489,0.1388
1294,193,1487,0.1388
1297,191,1488,0.1388
1296,193,1489,0.1388
1298,190,1488,0.1388
1303,189,1492,0.1388
1314,188,1502,0.1388
1303,187,1490,0.1388
1297,191,1488,0.1388
1299,193,1492,0.1388
1292,194,1486,0.1388
1290,186,1476,0.1388
1299,190,1489,0.1388
1296,193,1489,0.1388
1304,191,1495,0.1388
1297,187,1484,0.1388
1299,189,1488,0.1388
1289,194,1483,0.1388
1308,195,1503,0.1388
1304,196,1500,0.1388
1308,197,1505,0.1388
1306,197,1503,0.1388
1301,201,1502,0.1388
1301,195,1496,0.1388
1294,198,1492,0.1388
1301,201,1502,0.1388
1311,201,1512,0.1388
1306,200,1506,0.1388
1306,199,1505,0.1388
1312,199,1511,0.1388
1310,199,1509,0.1388
1295,205,1500,0.1388
1278,205,1483,0.1388
1283,211,1494,0.1388
1280,206,1486,0.1388
1287,205,1492,0.1388
1287,213,1500,0.1388
1292,214,1506,0.1388
1290,219,1509,0.1388
1276,217,1493,0.1388
1276,219,1495,0.1388
1284,217,1501,0.1388
1292,220,1512,0.1388
1300,217,1517,0.1388
1287,221,1508,0.1388
1295,215,1510,0.1388
1296,213,1509,0.1388
1287,214,1501,0.1388
1283,216,1499,0.1388
1283,218,1501,0.1388
1281,220,1501,0.1388
1274,226,1500,0.1388
1272,228,1500,0.1388
1267,219,1486,0.1388
1274,222,1496,0.1388
1280,229,1509,0.1388
1275,225,1500,0.1388
1266,225,1491,0.1388
1269,222,1491,0.1388
1281,223,1504,0.1388
1281,226,1507,0.1388
1281,226,1507,0.1388
1283,228,1511,0.1388
1270,233,1503,0.1388
1276,235,1511,0.1388
1267,235,1502,0.1388
1265,235,1500,0.1388
1264,230,1494,0.1388
1257,229,1486,0.1388
1258,231,1489,0.1388
1259,238,1497,0.1388
1266,237,1503,0.1388
1262,236,1498,0.1388
1261,234,1495,0.1388
1253,234,1487,0.1388
1248,235,1483,0.1388
1254,230,1484,0.1388
1264,233,1497,0.1388
1263,233,1496,0.1388
1261,230,1491,0.1388
1263,233,1496,0.1388
1257,232,1489,0.1388
1252,224,1476,0.1388
1269,224,1493,0.1388
1278,223,1501,0.1388
1269,223,1492,0.1388
1274,219,1493,0.1388
1281,226,1507,0.1388
1282,233,1515,0.1388
1280,227,1507,0.1388
1271,228,1499,0.1388
1272,228,1500,0.1388
1274,230,1504,0.1388
1278,234,1512,0.1388
1285,225,1510,0.1388
1274,214,1488,0.1388
1283,216,1499,0.1388
1296,214,1510,0.1388
1291,218,1509,0.1388
1290,219,1509,0.1388
1277,219,1496,0.1388
1277,219,1496,0.1388
1256,219,1475,0.1388
1261,224,1485,0.1388
1260,228,1488,0.1388
1250,228,1478,0.1388
1257,236,1493,0.1388
1254,236,1490,0.1388
1257,235,1492,0.1388
1265,231,1496,0.1388
1259,231,1490,0.1388
1278,232,1510,0.1388
1275,227,1502,0.1388
1271,226,1497,0.1388
1265,229,1494,0.1388
1262,232,1494,0.1388
1273,232,1505,0.1388
1265,231,1496,0.1388
1257,237,1494,0.1388
1257,237,1494,0.1388
1259,236,1495,0.1388
1258,233,1491,0.1388
1263,229,1492,0.1388
1269,230,1499,0.1388
1261,236,1497,0.1388
1252,237,1489,0.1388
1243,237,1480,0.1388
1245,234,1479,0.1388
1241,238,1479,0.1388
1243,238,1481,0.1388
1241,244,1485,0.1388
1243,243,1486,0.1388
1249,245,1494,0.1388
1246,250,1496,0.1388
1245,251,1496,0.1388
1252,250,1502,0.1388
1241,248,1489,0.1388
1238,255,1493,0.1388
1237,248,1485,0.1388
1238,258,1496,0.1388
1242,260,1502,0.1388
1235,257,1492,0.1388
1236,261,1497,0.1388
1232,263,1495,0.1388
1229,264,1493,0.1388
1237,265,1502,0.1388
1233,267,1500,0.1388
1219,267,1486,0.1388
1240,269,1509,0.1388
1235,267,1502,0.1388
1224,267,1491,0.1388
1235,263,1498,0.1388
1244,260,1504,0.1388
1251,261,1512,0.1388
1238,260,1498,0.1388
1224,263,1487,0.1388
1232,268,1500,0.1388
1233,271,1504,0.1388
1228,277,1505,0.1388
1220,279,1499,0.1388
1217,276,1493,0.1388
1222,274,1496,0.1388
1227,277,1504,0.1388
1224,281,1505,0.1388
1218,282,1500,0.1388
1225,283,1508,0.1388
1220,278,1498,0.1388
1217,282,1499,0.1388
1214,284,1498,0.1388
1221,288,1509,0.1388
1221,290,1511,0.1388
1219,286,1505,0.1388
1215,285,1500,0.1388
1214,285,1499,0.1388
1208,286,1494,0.1388
1206,286,1492,0.1388
1210,285,1495,0.1388
1215,293,1508,0.1388
1209,296,1505,0.1388
1207,295,1502,0.1388
1196,298,1494,0.1388
1198,298,1496,0.1388
1193,299,1492,0.1388
1192,297,1489,0.1388
1197,299,1496,0.1388
1194,297,1491,0.1388
1202,300,1502,0.1388
1185,305,1490,0.1388
1194,306,1500,0.1388
1185,309,1494,0.1388
1190,311,1501,0.1388
1190,313,1503,0.1388
1185,313,1498,0.1388
1186,311,1497,0.1388
1180,312,1492,0.1388
1179,318,1497,0.1388
1170,313,1483,0.1388
1171,312,1483,0.1388
1191,309,1500,0.1388
1174,316,1490,0.1388
1182,315,1497,0.1388
1184,314,1498,0.1388
1174,316,1490,0.1388
1163,317,1480,0.1388
1173,319,1492,0.1388
1169,318,1487,0.1388
1178,315,1493,0.1388
1170,316,1486,0.1388
1177,314,1491,0.1388
1167,314,1481,0.1388
1165,315,1480,0.1388
1155,318,1473,0.1388
1152,322,1474,0.1388
1155,321,1476,0.1388
1158,320,1478,0.1388
1177,325,1502,0.1388
1167,325,1492,0.1388
1182,322,1504,0.1388
1185,318,1503,0.1388
1178,320,1498,0.1388
1191,318,1509,0.1388
1196,312,1508,0.1388
1193,310,1503,0.1388
1176,314,1490,0.1388
1174,312,1486,0.1388
1177,315,1492,0.1388
1174,316,1490,0.1388
1178,315,1493,0.1388
1175,313,1488,0.1388
1174,305,1479,0.1388
1182,307,1489,0.1388
1177,311,1488,0.1388
1175,313,1488,0.1388
1169,308,1477,0.1388
1162,309,1471,0.1388
1156,314,1470,0.1388
1163,321,1484,0.1388
1160,328,1488,0.1388
1159,325,1484,0.1388
1150,325,1475,0.1388
1163,322,1485,0.1388
1171,325,1496,0.1388
1173,332,1505,0.1388
1170,332,1502,0.1388
1175,331,1506,0.1388
1180,325,1505,0.1388
1186,324,1510,0.1388
1189,325,1514,0.1388
1191,323,1514,0.1388
1183,325,1508,0.1388
1178,323,1501,0.1388
1168,326,1494,0.1388
1180,324,1504,0.1388
1165,322,1487,0.1388
1162,327,1489,0.1388
1165,330,1495,0.1388
1167,332,1499,0.1388
1160,334,1494,0.1388
1151,333,1484,0.1388
1152,326,1478,0.1388
1152,331,1483,0.1388
1157,333,1490,0.1388
1161,333,1494,0.1388
1174,334,1508,0.1388
1169,334,1503,0.1388
1172,334,1506,0.1388
1162,333,1495,0.1388
1171,333,1504,0.1388
1172,339,1511,0.1388
1148,339,1487,0.1388
1147,340,1487,0.1388
1140,339,1479,0.1388
1153,339,1492,0.1388
1149,345,1494,0.1388
1144,339,1483,0.1388
1148,336,1484,0.1388
1160,333,1493,0.1388
1152,331,1483,0.1388
1154,328,1482,0.1388
1158,330,1488,0.1388
1157,330,1487,0.1388
1155,333,1488,0.1388
1144,326,1470,0.1388
1155,329,1484,0.1388
1155,340,1495,0.1388
1158,333,1491,0.1388
1163,338,1501,0.1388
1158,334,1492,0.1388
1162,337,1499,0.1388
1160,340,1500,0.1388
1157,344,1501,0.1388
1153,349,1502,0.1388
1157,352,1509,0.1388
1159,352,1511,0.1388
1159,347,1506,0.1388
1158,344,1502,0.1388
1162,346,1508,0.1388
1154,347,1501,0.1388
1146,339,1485,0.1388
1152,344,1496,0.1388
1145,343,1488,0.1388
1144,343,1487,0.1388
1144,341,1485,0.1388
1140,349,1489,0.1388
1152,356,1508,0.1388
1138,362,1500,0.1388
1145,363,1508,0.1388
1142,363,1505,0.1388
1149,357,1506,0.1388
1145,355,1500,0.1388
1153,351,1504,0.1388
1153,361,1514,0.1388
1148,356,1504,0.1388
1150,355,1505,0.1388
1155,356,1511,0.1388
1155,359,1514,0.1388
1148,355,1503,0.1388
1145,355,1500,0.1388
1141,359,1500,0.1388
1150,360,1510,0.1388
1154,371,1525,0.1388
1142,374,1516,0.1388
1141,370,1511,0.1388
1130,373,1503,0.1388
1129,369,1498,0.1388
1129,372,1501,0.1388
1128,366,1494,0.1388
1117,370,1487,0.1388
1111,377,1488,0.1388
1113,375,1488,0.1388
1109,375,1484,0.1388
1123,387,1510,0.1388
1119,390,1509,0.1388
1116,392,1508,0.1388
1096,396,1492,0.1388
1102,394,1496,0.1388
1097,395,1492,0.1388
1096,399,1495,0.1388
1098,395,1493,0.1388
1104,400,1504,0.1388
1102,406,1508,0.1388
1102,403,1505,0.1388
1089,406,1495,0.1388
1076,413,1489,0.1388
1085,416,1501,0.1388
1094,410,1504,0.1388
1100,418,1518,0.1388
1100,420,1520,0.1388
1095,414,1509,0.1388
1087,417,1504,0.1388
1093,422,1515,0.1388
1069,415,1484,0.1388
1071,421,1492,0.1388
1075,419,1494,0.1388
1073,418,1491,0.1388
1073,420,1493,0.1388
1077,431,1508,0.1388
1076,430,1506,0.1388
1079,430,1509,0.1388
1072,432,1504,0.1388
1075,431,1506,0.1388
1070,432,1502,0.1388
1083,430,1513,0.1388
1086,430,1516,0.1388
1082,426,1508,0.1388
1067,434,1501,0.1388
1070,437,1507,0.1388
1081,442,1523,0.1388
1078,436,1514,0.1388
1078,437,1515,0.1388
1079,441,1520,0.1388
1071,438,1509,0.1388
1061,440,1501,0.1388
1067,434,1501,0.1388
1064,434,1498,0.1388
1055,436,1491,0.1388
1060,439,1499,0.1388
1063,442,1505,0.1388
1061,436,1497,0.1388
1064,442,1506,0.1388
1061,447,1508,0.1388
1042,441,1483,0.1388
1039,441,1480,0.1388
1058,438,1496,0.1388
1042,437,1479,0.1388
1062,437,1499,0.1388
1053,443,1496,0.1388
1047,435,1482,0.1388
1050,447,1497,0.1388
1041,446,1487,0.1388
1039,444,1483,0.1388
1044,447,1491,0.1388
1063,444,1507,0.1388
1059,441,1500,0.1388
1055,442,1497,0.1388
1049,435,1484,0.1388
1050,440,1490,0.1388
1055,447,1502,0.1388
1062,444,1506,0.1388
1055,442,1497,0.1388
1036,442,1478,0.1388
1038,443,1481,0.1388
1046,443,1489,0.1388
1053,448,1501,0.1388
1067,448,1515,0.1388
1061,441,1502,0.1388
1064,439,1503,0.1388
1057,445,1502,0.1388
1055,450,1505,0.1388
1052,452,1504,0.1388
1051,454,1505,0.1388
1053,452,1505,0.1388
1054,454,1508,0.1388
1049,455,1504,0.1388
1056,454,1510,0.1388
1060,444,1504,0.1388
1052,452,1504,0.1388
1053,457,1510,0.1388
1066,463,1529,0.1388
1062,464,1526,0.1388
1068,460,1528,0.1388
1062,458,1520,0.1388
1052,445,1497,0.1388
1056,449,1505,0.1388
1054,450,1504,0.1388
1055,447,1502,0.1388
1059,440,1499,0.1388
1044,450,1494,0.1388
1044,457,1501,0.1388
1041,462,1503,0.1388
1036,460,1496,0.1388
1037,461,1498,0.1388
1045,456,1501,0.1388
1043,458,1501,0.1388
1042,465,1507,0.1388
1044,464,1508,0.1388
1049,466,1515,0.1388
1038,469,1507,0.1388
1035,473,1508,0.1388
1036,471,1507,0.1388
1036,469,1505,0.1388
1034,474,1508,0.1388
1027,479,1506,0.1388
1024,474,1498,0.1388
1024,481,1505,0.1388
1024,476,1500,0.1388
1031,480,1511,0.1388
1021,480,1501,0.1388
1022,485,1507,0.1388
1013,480,1493,0.1388
1010,484,1494,0.1388
999,490,1489,0.1388
1007,490,1497,0.1388
1013,492,1505,0.1388
1016,497,1513,0.1388
1018,505,1523,0.1388
1025,498,1523,0.1388
1027,495,1522,0.1388
1023,494,1517,0.1388
1019,497,1516,0.1388
1026,496,1522,0.1388
1022,500,1522,0.1388
1019,499,1518,0.1388
1012,492,1504,0.1388
1007,487,1494,0.1388
1020,488,1508,0.1388
1023,488,1511,0.1388
1019,482,1501,0.1388
1025,489,1514,0.1388
1028,483,1511,0.1388
1016,482,1498,0.1388
1020,497,1517,0.1388
1022,485,1507,0.1388
1018,488,1506,0.1388
1012,491,1503,0.1388
1020,488,1508,0.1388
1017,481,1498,0.1388
1014,488,1502,0.1388
1017,494,1511,0.1388
1015,492,1507,0.1388
1008,485,1493,0.1388
1010,486,1496,0.1388
1012,483,1495,0.1388
1020,481,1501,0.1388
1017,479,1496,0.1388
1023,482,1505,0.1388
1021,485,1506,0.1388
1020,478,1498,0.1388
1015,477,1492,0.1388
1016,475,1491,0.1388
1009,477,1486,0.1388
1014,486,1500,0.1388
1020,483,1503,0.1388
1006,486,1492,0.1388
1012,482,1494,0.1388
1014,481,1495,0.1388
1012,474,1486,0.1388
1013,475,1488,0.1388
1010,478,1488,0.1388
1010,474,1484,0.1388
1007,469,1476,0.1388
1011,473,1484,0.1388
1008,477,1485,0.1388
1018,483,1501,0.1388
1005,489,1494,0.1388
1010,483,1493,0.1388
1000,481,1481,0.1388
1010,482,1492,0.1388
1009,477,1486,0.1388
1006,487,1493,0.1388
1004,488,1492,0.1388
1008,489,1497,0.1388
1013,486,1499,0.1388
1011,485,1496,0.1388
1010,479,1489,0.1388
1012,486,1498,0.1388
1014,486,1500,0.1388
1011,492,1503,0.1388
1016,489,1505,0.1388
1018,492,1510,0.1388
1020,488,1508,0.1388
1022,490,1512,0.1388
1016,496,1512,0.1388
1019,498,1517,0.1388
1011,497,1508,0.1388
1016,508,1524,0.1388
1004,509,1513,0.1388
1003,507,1510,0.1388
1004,503,1507,0.1388
1003,496,1499,0.1388
1010,501,1511,0.1388
1008,508,1516,0.1388
1004,508,1512,0.1388
993,508,1501,0.1388
987,501,1488,0.1388
995,501,1496,0.1388
993,511,1504,0.1388
990,513,1503,0.1388
994,508,1502,0.1388
985,507,1492,0.1388
978,508,1486,0.1388
981,503,1484,0.1388
985,511,1496,0.1388
994,517,1511,0.1388
987,522,1509,0.1388
990,517,1507,0.1388
996,523,1519,0.1388
986,531,1517,0.1388
992,522,1514,0.1388
981,522,1503,0.1388
974,513,1487,0.1388
962,517,1479,0.1388
966,521,1487,0.1388
962,520,1482,0.1388
968,526,1494,0.1388
969,523,1492,0.1388
976,528,1504,0.1388
973,527,1500,0.1388
978,526,1504,0.1388
985,534,1519,0.1388
975,541,1516,0.1388
976,534,1510,0.1388
968,533,1501,0.1388
964,526,1490,0.1388
966,532,1498,0.1388
971,528,1499,0.1388
962,526,1488,0.1388
962,525,1487,0.1388
970,525,1495,0.1388
979,527,1506,0.1388
973,538,1511,0.1388
961,539,1500,0.1388
969,537,1506,0.1388
975,526,1501,0.1388
971,533,1504,0.1388
963,537,1500,0.1388
962,538,1500,0.1388
961,533,1494,0.1388
957,537,1494,0.1388
961,530,1491,0.1388
956,535,1491,0.1388
958,542,1500,0.1388
964,544,1508,0.1388
955,546,1501,0.1388
956,547,1503,0.1388
950,549,1499,0.1388
950,549,1499,0.1388
948,540,1488,0.1388
955,536,1491,0.1388
952,540,1492,0.1388
955,540,1495,0.1388
946,546,1492,0.1388
949,545,1494,0.1388
959,547,1506,0.1388
956,542,1498,0.1388
959,546,1505,0.1388
956,553,1509,0.1388
957,558,1515,0.1388
945,552,1497,0.1388
939,546,1485,0.1388
956,553,1509,0.1388
953,555,1508,0.1388
953,557,1510,0.1388
944,566,1510,0.1388
936,565,1501,0.1388
932,571,1503,0.1388
931,575,1506,0.1388
933,580,1513,0.1388
932,575,1507,0.1388
925,575,1500,0.1388
919,573,1492,0.1388
921,575,1496,0.1388
915,574,1489,0.1388
907,571,1478,0.1388
902,571,1473,0.1388
905,578,1483,0.1388
906,585,1491,0.1388
895,586,1481,0.1388
904,597,1501,0.1388
901,596,1497,0.1388
911,599,1510,0.1388
909,593,1502,0.1388
906,595,1501,0.1388
901,597,1498,0.1388
894,601,1495,0.1388
903,587,1490,0.1388
891,590,1481,0.1388
882,593,1475,0.1388
892,593,1485,0.1388
887,587,1474,0.1388
889,591,1480,0.1388
897,587,1484,0.1388
894,598,1492,0.1388
896,596,1492,0.1388
902,604,1506,0.1388
903,592,1495,0.1388
924,595,1519,0.1388
919,598,1517,0.1388
906,600,1506,0.1388
902,606,1508,0.1388
905,606,1511,0.1388
904,606,1510,0.1388
905,598,1503,0.1388
910,604,1514,0.1388
899,612,1511,0.1388
902,613,1515,0.1388
885,609,1494,0.1388
885,609,1494,0.1388
897,607,1504,0.1388
891,612,1503,0.1388
896,611,1507,0.1388
898,613,1511,0.1388
899,627,1526,0.1388
895,628,1523,0.1388
899,630,1529,0.1388
902,616,1518,0.1388
900,616,1516,0.1388
903,620,1523,0.1388
896,603,1499,0.1388
905,602,1507,0.1388
915,592,1507,0.1388
901,599,1500,0.1388
897,598,1495,0.1388
895,596,1491,0.1388
883,606,1489,0.1388
884,618,1502,0.1388
883,608,1491,0.1388
895,601,1496,0.1388
898,608,1506,0.1388
893,615,1508,0.1388
894,610,1504,0.1388
884,621,1505,0.1388
887,618,1505,0.1388
886,611,1497,0.1388
902,614,1516,0.1388
894,609,1503,0.1388
889,612,1501,0.1388
897,622,1519,0.1388
888,618,1506,0.1388
888,614,1502,0.1388
884,607,1491,0.1388
893,607,1500,0.1388
884,615,1499,0.1388
883,625,1508,0.1388
876,617,1493,0.1388
875,623,1498,0.1388
886,609,1495,0.1388
870,619,1489,0.1388
883,629,1512,0.1388
876,634,1510,0.1388
877,630,1507,0.1388
875,639,1514,0.1388
875,631,1506,0.1388
881,635,1516,0.1388
870,637,1507,0.1388
871,642,1513,0.1388
859,640,1499,0.1388
854,646,1500,0.1388
865,644,1509,0.1388
862,647,1509,0.1388
852,658,1510,0.1388
849,653,1502,0.1388
849,654,1503,0.1388
837,651,1488,0.1388
830,651,1481,0.1388
829,658,1487,0.1388
840,659,1499,0.1388
842,663,1505,0.1388
845,662,1507,0.1388
834,671,1505,0.1388
829,673,1502,0.1388
830,676,1506,0.1388
833,679,1512,0.1388
827,685,1512,0.1388
829,686,1515,0.1388
831,681,1512,0.1388
823,677,1500,0.1388
823,675,1498,0.1388
822,669,1491,0.1388
838,672,1510,0.1388
839,667,1506,0.1388
833,660,1493,0.1388
830,671,1501,0.1388
830,681,1511,0.1388
834,688,1522,0.1388
830,685,1515,0.1388
834,688,1522,0.1388
840,687,1527,0.1388
847,684,1531,0.1388
843,681,1524,0.1388
829,683,1512,0.1388
828,685,1513,0.1388
825,690,1515,0.1388
821,687,1508,0.1388
816,695,1511,0.1388
818,690,1508,0.1388
824,692,1516,0.1388
827,686,1513,0.1388
827,691,1518,0.1388
822,694,1516,0.1388
825,689,1514,0.1388
828,694,1522,0.1388
830,683,1513,0.1388
823,677,1500,0.1388
818,683,1501,0.1388
813,678,1491,0.1388
809,673,1482,0.1388
819,680,1499,0.1388
827,673,1500,0.1388
824,670,1494,0.1388
813,671,1484,0.1388
815,676,1491,0.1388
804,684,1488,0.1388
813,690,1503,0.1388
810,682,1492,0.1388
821,682,1503,0.1388
825,680,1505,0.1388
813,685,1498,0.1388
813,697,1510,0.1388
807,706,1513,0.1388
796,704,1500,0.1388
791,703,1494,0.1388
802,701,1503,0.1388
802,693,1495,0.1388
789,691,1480,0.1388
795,703,1498,0.1388
790,695,1485,0.1388
797,699,1496,0.1388
798,702,1500,0.1388
795,707,1502,0.1388
792,705,1497,0.1388
790,700,1490,0.1388
798,702,1500,0.1388
794,699,1493,0.1388
800,695,1495,0.1388
800,697,1497,0.1388
799,698,1497,0.1388
784,710,1494,0.1388
777,709,1486,0.1388
779,710,1489,0.1388
776,716,1492,0.1388
774,718,1492,0.1388
777,728,1505,0.1388
769,722,1491,0.1388
779,721,1500,0.1388
785,717,1502,0.1388
780,732,1512,0.1388
771,731,1502,0.1388
758,736,1494,0.1388
773,733,1506,0.1388
767,729,1496,0.1388
768,728,1496,0.1388
773,734,1507,0.1388
775,731,1506,0.1388
757,729,1486,0.1388
755,736,1491,0.1388
760,750,1510,0.1388
760,747,1507,0.1388
753,746,1499,0.1388
743,749,1492,0.1388
735,751,1486,0.1388
743,756,1499,0.1388
741,761,1502,0.1388
738,758,1496,0.1388
739,760,1499,0.1388
755,761,1516,0.1388
761,755,1516,0.1388
764,747,1511,0.1388
758,745,1503,0.1388
747,755,1502,0.1388
744,755,1499,0.1388
746,753,1499,0.1388
747,751,1498,0.1388
745,754,1499,0.1388
751,753,1504,0.1388
748,755,1503,0.1388
758,755,1513,0.1388
750,750,1500,0.1388
750,749,1499,0.1388
750,760,1510,0.1388
742,758,1500,0.1388
750,764,1514,0.1388
755,762,1517,0.1388
760,764,1524,0.1388
751,768,1519,0.1388
749,766,1515,0.1388
748,766,1514,0.1388
737,757,1494,0.1388
733,765,1498,0.1388
733,759,1492,0.1388
736,755,1491,0.1388
738,761,1499,0.1388
729,755,1484,0.1388
726,753,1479,0.1388
726,758,1484,0.1388
719,771,1490,0.1388
719,767,1486,0.1388
716,771,1487,0.1388
722,768,1490,0.1388
719,780,1499,0.1388
722,782,1504,0.1388
731,789,1520,0.1388
724,781,1505,0.1388
729,785,1514,0.1388
718,787,1505,0.1388
727,783,1510,0.1388
717,774,1491,0.1388
715,779,1494,0.1388
724,780,1504,0.1388
726,778,1504,0.1388
728,771,1499,0.1388
724,776,1500,0.1388
727,784,1511,0.1388
721,788,1509,0.1388
717,785,1502,0.1388
719,779,1498,0.1388
712,773,1485,0.1388
713,772,1485,0.1388
718,777,1495,0.1388
722,783,1505,0.1388
728,786,1514,0.1388
728,776,1504,0.1388
736,778,1514,0.1388
733,774,1507,0.1388
724,790,1514,0.1388
731,786,1517,0.1388
717,791,1508,0.1388
708,795,1503,0.1388
705,798,1503,0.1388
694,804,1498,0.1388
695,797,1492,0.1388
697,795,1492,0.1388
706,798,1504,0.1388
707,805,1512,0.1388
698,816,1514,0.1388
706,808,1514,0.1388
707,804,1511,0.1388
702,807,1509,0.1388
699,802,1501,0.1388
700,802,1502,0.1388
699,806,1505,0.1388
705,807,1512,0.1388
700,809,1509,0.1388
688,824,1512,0.1388
685,822,1507,0.1388
683,831,1514,0.1388
685,829,1514,0.1388
683,835,1518,0.1388
683,828,1511,0.1388
678,836,1514,0.1388
669,837,1506,0.1388
658,849,1507,0.1388
660,858,1518,0.1388
660,848,1508,0.1388
665,852,1517,0.1388
662,851,1513,0.1388
658,847,1505,0.1388
660,840,1500,0.1388
663,838,1501,0.1388
663,832,1495,0.1388
655,838,1493,0.1388
664,840,1504,0.1388
654,839,1493,0.1388
658,838,1496,0.1388
668,831,1499,0.1388
673,844,1517,0.1388
666,848,1514,0.1388
669,851,1520,0.1388
675,853,1528,0.1388
669,840,1509,0.1388
674,835,1509,0.1388
687,831,1518,0.1388
693,838,1531,0.1388
677,837,1514,0.1388
680,836,1516,0.1388
671,826,1497,0.1388
670,829,1499,0.1388
672,829,1501,0.1388
674,824,1498,0.1388
680,829,1509,0.1388
667,837,1504,0.1388
668,832,1500,0.1388
665,833,1498,0.1388
668,839,1507,0.1388
663,843,1506,0.1388
665,843,1508,0.1388
667,852,1519,0.1388
653,852,1505,0.1388
661,849,1510,0.1388
665,855,1520,0.1388
657,863,1520,0.1388
650,853,1503,0.1388
663,853,1516,0.1388
651,860,1511,0.1388
652,857,1509,0.1388
653,852,1505,0.1388
658,851,1509,0.1388
660,859,1519,0.1388
659,859,1518,0.1388
657,853,1510,0.1388
656,851,1507,0.1388
662,857,1519,0.1388
656,851,1507,0.1388
660,858,1518,0.1388
650,865,1515,0.1388
646,871,1517,0.1388
650,866,1516,0.1388
652,861,1513,0.1388
647,858,1505,0.1388
638,862,1500,0.1388
649,878,1527,0.1388
646,874,1520,0.1388
649,864,1513,0.1388
647,872,1519,0.1388
641,878,1519,0.1388
652,874,1526,0.1388
650,865,1515,0.1388
642,866,1508,0.1388
650,857,1507,0.1388
646,857,1503,0.1388
638,860,1498,0.1388
639,861,1500,0.1388
633,871,1504,0.1388
638,870,1508,0.1388
631,878,1509,0.1388
634,873,1507,0.1388
632,869,1501,0.1388
624,876,1500,0.1388
622,878,1500,0.1388
618,895,1513,0.1388
618,884,1502,0.1388
626,880,1506,0.1388
626,883,1509,0.1388
622,882,1504,0.1388
617,889,1506,0.1388
613,899,1512,0.1388
608,895,1503,0.1388
610,899,1509,0.1388
613,891,1504,0.1388
618,900,1518,0.1388
617,904,1521,0.1388
613,897,1510,0.1388
614,891,1505,0.1388
616,888,1504,0.1388
611,882,1493,0.1388
612,898,1510,0.1388
618,885,1503,0.1388
614,900,1514,0.1388
607,901,1508,0.1388
606,901,1507,0.1388
603,898,1501,0.1388
595,899,1494,0.1388
601,898,1499,0.1388
598,904,1502,0.1388
594,908,1502,0.1388
605,907,1512,0.1388
598,902,1500,0.1388
603,896,1499,0.1388
610,900,1510,0.1388
609,909,1518,0.1388
607,907,1514,0.1388
602,906,1508,0.1388
595,911,1506,0.1388
585,916,1501,0.1388
582,921,1503,0.1388
590,909,1499,0.1388
588,907,1495,0.1388
586,908,1494,0.1388
582,901,1483,0.1388
588,900,1488,0.1388
591,908,1499,0.1388
588,908,1496,0.1388
593,911,1504,0.1388
596,912,1508,0.1388
592,926,1518,0.1388
590,911,1501,0.1388
591,919,1510,0.1388
591,918,1509,0.1388
592,921,1513,0.1388
591,913,1504,0.1388
594,902,1496,0.1388
591,905,1496,0.1388
604,905,1509,0.1388
602,910,1512,0.1388
600,908,1508,0.1388
603,913,1516,0.1388
600,915,1515,0.1388
594,921,1515,0.1388
591,920,1511,0.1388
588,920,1508,0.1388
580,924,1504,0.1388
580,919,1499,0.1388
581,918,1499,0.1388
589,912,1501,0.1388
580,912,1492,0.1388
572,920,1492,0.1388
582,919,1501,0.1388
580,905,1485,0.1388
592,911,1503,0.1388
589,908,1497,0.1388
583,924,1507,0.1388
577,917,1494,0.1388
582,916,1498,0.1388
581,924,1505,0.1388
588,931,1519,0.1388
583,935,1518,0.1388
581,945,1526,0.1388
587,937,1524,0.1388
582,935,1517,0.1388
579,937,1516,0.1388
568,936,1504,0.1388
568,939,1507,0.1388
572,934,1506,0.1388
567,934,1501,0.1388
570,949,1519,0.1388
556,963,1519,0.1388
555,957,1512,0.1388
556,953,1509,0.1388
563,954,1517,0.1388
569,948,1517,0.1388
565,958,1523,0.1388
566,945,1511,0.1388
572,944,1516,0.1388
566,946,1512,0.1388
565,949,1514,0.1388
564,954,1518,0.1388
560,954,1514,0.1388
560,955,1515,0.1388
562,941,1503,0.1388
572,951,1523,0.1388
571,949,1520,0.1388
566,949,1515,0.1388
558,949,1507,0.1388
559,948,1507,0.1388
559,951,1510,0.1388
560,955,1515,0.1388
560,960,1520,0.1388
557,958,1515,0.1388
566,958,1524,0.1388
562,961,1523,0.1388
562,958,1520,0.1388
552,961,1513,0.1388
554,965,1519,0.1388
560,964,1524,0.1388
562,960,1522,0.1388
550,964,1514,0.1388
541,968,1509,0.1388
543,963,1506,0.1388
550,958,1508,0.1388
547,956,1503,0.1388
545,953,1498,0.1388
545,962,1507,0.1388
546,969,1515,0.1388
545,966,1511,0.1388
543,959,1502,0.1388
547,960,1507,0.1388
540,964,1504,0.1388
539,959,1498,0.1388
543,975,1518,0.1388
539,974,1513,0.1388
536,963,1499,0.1388
536,984,1520,0.1388
541,980,1521,0.1388
537,985,1522,0.1388
533,976,1509,0.1388
540,980,1520,0.1388
531,973,1504,0.1388
536,971,1507,0.1388
545,975,1520,0.1388
539,974,1513,0.1388
533,979,1512,0.1388
535,974,1509,0.1388
533,981,1514,0.1388
531,982,1513,0.1388
531,974,1505,0.1388
522,978,1500,0.1388
518,967,1485,0.1388
520,969,1489,0.1388
513,975,1488,0.1388
509,975,1484,0.1388
516,977,1493,0.1388
516,983,1499,0.1388
519,990,1509,0.1388
513,991,1504,0.1388
519,987,1506,0.1388
517,991,1508,0.1388
513,993,1506,0.1388
517,1001,1518,0.1388
513,996,1509,0.1388
519,996,1515,0.1388
519,998,1517,0.1388
519,1006,1525,0.1388
506,1011,1517,0.1388
514,1010,1524,0.1388
512,1010,1522,0.1388
499,1007,1506,0.1388
501,1016,1517,0.1388
502,1010,1512,0.1388
499,1010,1509,0.1388
499,1007,1506,0.1388
496,1019,1515,0.1388
503,1007,1510,0.1388
505,1001,1506,0.1388
502,1016,1518,0.1388
504,1008,1512,0.1388
503,1012,1515,0.1388
497,1009,1506,0.1388
481,1012,1493,0.1388
482,1021,1503,0.1388
481,1012,1493,0.1388
484,1004,1488,0.1388
490,1010,1500,0.1388
494,1011,1505,0.1388
498,1013,1511,0.1388
499,1008,1507,0.1388
506,1013,1519,0.1388
501,1007,1508,0.1388
489,1009,1498,0.1388
489,1023,1512,0.1388
484,1018,1502,0.1388
486,1028,1514,0.1388
489,1028,1517,0.1388
483,1031,1514,0.1388
482,1032,1514,0.1388
476,1034,1510,0.1388
469,1034,1503,0.1388
459,1041,1500,0.1388
451,1029,1480,0.1388
452,1028,1480,0.1388
454,1029,1483,0.1388
462,1035,1497,0.1388
464,1040,1504,0.1388
458,1035,1493,0.1388
460,1047,1507,0.1388
458,1038,1496,0.1388
457,1040,1497,0.1388
450,1036,1486,0.1388
457,1036,1493,0.1388
460,1050,1510,0.1388
454,1061,1515,0.1388
457,1066,1523,0.1388
452,1054,1506,0.1388
456,1048,1504,0.1388
456,1051,1507,0.1388
460,1053,1513,0.1388
456,1049,1505,0.1388
456,1053,1509,0.1388
453,1053,1506,0.1388
445,1053,1498,0.1388
447,1060,1507,0.1388
443,1067,1510,0.1388
435,1060,1495,0.1388
433,1061,1494,0.1388
428,1072,1500,0.1388
435,1068,1503,0.1388
436,1073,1509,0.1388
442,1064,1506,0.1388
446,1065,1511,0.1388
440,1072,1512,0.1388
449,1064,1513,0.1388
447,1074,1521,0.1388
439,1076,1515,0.1388
439,1089,1528,0.1388
434,1098,1532,0.1388
435,1084,1519,0.1388
435,1074,1509,0.1388
435,1087,1522,0.1388
435,1073,1508,0.1388
431,1073,1504,0.1388
426,1080,1506,0.1388
427,1088,1515,0.1388
421,1096,1517,0.1388
422,1094,1516,0.1388
421,1097,1518,0.1388
425,1098,1523,0.1388
416,1109,1525,0.1388
414,1108,1522,0.1388
413,1108,1521,0.1388
414,1104,1518,0.1388
406,1099,1505,0.1388
396,1103,1499,0.1388
395,1107,1502,0.1388
399,1114,1513,0.1388
400,1120,1520,0.1388
405,1122,1527,0.1388
395,1121,1516,0.1388
393,1122,1515,0.1388
391,1120,1511,0.1388
387,1120,1507,0.1388
388,1121,1509,0.1388
393,1125,1518,0.1388
394,1128,1522,0.1388
394,1124,1518,0.1388
391,1127,1518,0.1388
383,1135,1518,0.1388
387,1134,1521,0.1388
382,1122,1504,0.1388
385,1120,1505,0.1388
388,1114,1502,0.1388
389,1119,1508,0.1388
384,1115,1499,0.1388
391,1125,1516,0.1388
396,1122,1518,0.1388
389,1123,1512,0.1388
387,1128,1515,0.1388
387,1125,1512,0.1388
386,1123,1509,0.1388
391,1121,1512,0.1388
388,1104,1492,0.1388
389,1104,1493,0.1388
382,1111,1493,0.1388
381,1119,1500,0.1388
382,1128,1510,0.1388
393,1119,1512,0.1388
396,1115,1511,0.1388
397,1104,1501,0.1388
390,1113,1503,0.1388
392,1109,1501,0.1388
387,1106,1493,0.1388
393,1122,1515,0.1388
401,1121,1522,0.1388
398,1112,1510,0.1388
393,1125,1518,0.1388
390,1128,1518,0.1388
394,1124,1518,0.1388
391,1133,1524,0.1388
396,1130,1526,0.1388
395,1128,1523,0.1388
386,1127,1513,0.1388
388,1126,1514,0.1388
384,1128,1512,0.1388
384,1127,1511,0.1388
383,1138,1521,0.1388
383,1138,1521,0.1388
382,1131,1513,0.1388
381,1136,1517,0.1388
371,1123,1494,0.1388
369,1125,1494,0.1388
374,1144,1518,0.1388
375,1151,1526,0.1388
371,1144,1515,0.1388
369,1143,1512,0.1388
368,1137,1505,0.1388
364,1136,1500,0.1388
368,1141,1509,0.1388
358,1143,1501,0.1388
361,1130,1491,0.1388
363,1144,1507,0.1388
365,1133,1498,0.1388
360,1140,1500,0.1388
360,1148,1508,0.1388
360,1136,1496,0.1388
362,1142,1504,0.1388
362,1144,1506,0.1388
359,1158,1517,0.1388
357,1157,1514,0.1388
362,1166,1528,0.1388
363,1170,1533,0.1388
361,1164,1525,0.1388
354,1153,1507,0.1388
355,1162,1517,0.1388
354,1158,1512,0.1388
357,1163,1520,0.1388
354,1165,1519,0.1388
359,1154,1513,0.1388
358,1159,1517,0.1388
358,1167,1525,0.1388
349,1163,1512,0.1388
353,1163,1516,0.1388
341,1178,1519,0.1388
342,1168,1510,0.1388
349,1155,1504,0.1388
347,1158,1505,0.1388
350,1170,1520,0.1388
352,1163,1515,0.1388
350,1172,1522,0.1388
346,1173,1519,0.1388
349,1162,1511,0.1388
351,1165,1516,0.1388
347,1178,1525,0.1388
345,1169,1514,0.1388
349,1161,1510,0.1388
351,1171,1522,0.1388
340,1173,1513,0.1388
340,1177,1517,0.1388
344,1180,1524,0.1388
338,1172,1510,0.1388
336,1166,1502,0.1388
344,1166,1510,0.1388
340,1177,1517,0.1388
336,1182,1518,0.1388
339,1178,1517,0.1388
342,1167,1509,0.1388
335,1172,1507,0.1388
338,1175,1513,0.1388
332,1172,1504,0.1388
328,1182,1510,0.1388
331,1192,1523,0.1388
322,1193,1515,0.1388
327,1184,1511,0.1388
327,1190,1517,0.1388
322,1174,1496,0.1388
316,1177,1493,0.1388
318,1195,1513,0.1388
316,1192,1508,0.1388
317,1182,1499,0.1388
317,1183,1500,0.1388
315,1186,1501,0.1388
310,1185,1495,0.1388
316,1173,1489,0.1388
318,1197,1515,0.1388
321,1191,1512,0.1388
319,1196,1515,0.1388
315,1187,1502,0.1388
317,1195,1512,0.1388
317,1189,1506,0.1388
326,1188,1514,0.1388
325,1182,1507,0.1388
327,1186,1513,0.1388
332,1199,1531,0.1388
326,1195,1521,0.1388
323,1206,1529,0.1388
321,1204,1525,0.1388
325,1205,1530,0.1388
319,1201,1520,0.1388
315,1200,1515,0.1388
319,1199,1518,0.1388
320,1190,1510,0.1388
315,1197,1512,0.1388
314,1193,1507,0.1388
309,1199,1508,0.1388
312,1209,1521,0.1388
303,1204,1507,0.1388
305,1208,1513,0.1388
305,1202,1507,0.1388
301,1206,1507,0.1388
309,1196,1505,0.1388
311,1193,1504,0.1388
306,1196,1502,0.1388
302,1201,1503,0.1388
301,1201,1502,0.1388
301,1210,1511,0.1388
306,1211,1517,0.1388
308,1198,1506,0.1388
310,1192,1502,0.1388
306,1200,1506,0.1388
308,1207,1515,0.1388
304,1210,1514,0.1388
311,1202,1513,0.1388
312,1199,1511,0.1388
308,1201,1509,0.1388
311,1200,1511,0.1388
306,1202,1508,0.1388
308,1202,1510,0.1388
309,1211,1520,0.1388
307,1214,1521,0.1388
307,1227,1534,0.1388
305,1219,1524,0.1388
302,1223,1525,0.1388
299,1216,1515,0.1388
303,1219,1522,0.1388
308,1216,1524,0.1388
301,1221,1522,0.1388
306,1216,1522,0.1388
306,1217,1523,0.1388
302,1215,1517,0.1388
298,1226,1524,0.1388
295,1237,1532,0.1388
293,1214,1507,0.1388
290,1221,1511,0.1388
289,1211,1500,0.1388
287,1200,1487,0.1388
283,1204,1487,0.1388
281,1215,1496,0.1388
281,1218,1499,0.1388
283,1218,1501,0.1388
282,1224,1506,0.1388
276,1236,1512,0.1388
281,1238,1519,0.1388
281,1242,1523,0.1388
281,1243,1524,0.1388
280,1240,1520,0.1388
280,1237,1517,0.1388
280,1234,1514,0.1388
279,1234,1513,0.1388
276,1235,1511,0.1388
278,1238,1516,0.1388
279,1240,1519,0.1388
276,1241,1517,0.1388
277,1222,1499,0.1388
277,1234,1511,0.1388
281,1238,1519,0.1388
284,1246,1530,0.1388
287,1230,1517,0.1388
282,1245,1527,0.1388
276,1233,1509,0.1388
279,1234,1513,0.1388
274,1243,1517,0.1388
277,1243,1520,0.1388
278,1233,1511,0.1388
274,1236,1510,0.1388
270,1240,1510,0.1388
269,1232,1501,0.1388
269,1244,1513,0.1388
270,1240,1510,0.1388
271,1230,1501,0.1388
269,1234,1503,0.1388
267,1240,1507,0.1388
268,1246,1514,0.1388
265,1251,1516,0.1388
268,1245,1513,0.1388
269,1251,1520,0.1388
265,1252,1517,0.1388
268,1259,1527,0.1388
265,1262,1527,0.1388
273,1252,1525,0.1388
275,1243,1518,0.1388
273,1240,1513,0.1388
276,1238,1514,0.1388
266,1235,1501,0.1388
263,1243,1506,0.1388
260,1248,1508,0.1388
264,1256,1520,0.1388
260,1247,1507,0.1388
259,1239,1498,0.1388
263,1244,1507,0.1388
261,1251,1512,0.1388
260,1257,1517,0.1388
262,1252,1514,0.1388
257,1263,1520,0.1388
260,1267,1527,0.1388
256,1253,1509,0.1388
258,1251,1509,0.1388
253,1250,1503,0.1388
256,1253,1509,0.1388
258,1252,1510,0.1388
260,1261,1521,0.1388
260,1256,1516,0.1388
256,1258,1514,0.1388
254,1258,1512,0.1388
255,1263,1518,0.1388
254,1268,1522,0.1388
257,1265,1522,0.1388
261,1252,1513,0.1388
258,1246,1504,0.1388
254,1254,1508,0.1388
255,1262,1517,0.1388
263,1265,1528,0.1388
261,1254,1515,0.1388
260,1255,1515,0.1388
256,1260,1516,0.1388
262,1249,1511,0.1388
263,1234,1497,0.1388
258,1253,1511,0.1388
259,1264,1523,0.1388
262,1262,1524,0.1388
261,1264,1525,0.1388
258,1259,1517,0.1388
256,1260,1516,0.1388
257,1246,1503,0.1388
255,1254,1509,0.1388
251,1257,1508,0.1388
255,1251,1506,0.1388
258,1247,1505,0.1388
260,1256,1516,0.1388
265,1254,1519,0.1388
272,1252,1524,0.1388
265,1252,1517,0.1388
265,1262,1527,0.1388
264,1246,1510,0.1388
265,1240,1505,0.1388
263,1238,1501,0.1388
267,1238,1505,0.1388
262,1245,1507,0.1388
262,1252,1514,0.1388
263,1255,1518,0.1388
261,1255,1516,0.1388
259,1262,1521,0.1388
251,1271,1522,0.1388
247,1277,1524,0.1388
240,1268,1508,0.1388
244,1274,1518,0.1388
243,1283,1526,0.1388
241,1288,1529,0.1388
245,1285,1530,0.1388
244,1282,1526,0.1388
243,1281,1524,0.1388
242,1276,1518,0.1388
241,1283,1524,0.1388
237,1276,1513,0.1388
236,1270,1506,0.1388
238,1277,1515,0.1388
233,1269,1502,0.1388
232,1270,1502,0.1388
236,1259,1495,0.1388
236,1254,1490,0.1388
235,1270,1505,0.1388
238,1268,1506,0.1388
234,1266,1500,0.1388
231,1277,1508,0.1388
232,1283,1515,0.1388
226,1270,1496,0.1388
225,1287,1512,0.1388
228,1282,1510,0.1388
230,1278,1508,0.1388
230,1289,1519,0.1388
229,1284,1513,0.1388
231,1288,1519,0.1388
232,1291,1523,0.1388
232,1278,1510,0.1388
230,1278,1508,0.1388
229,1288,1517,0.1388
229,1276,1505,0.1388
224,1285,1509,0.1388
220,1283,1503,0.1388
222,1288,1510,0.1388
220,1280,1500,0.1388
223,1270,1493,0.1388
220,1267,1487,0.1388
222,1277,1499,0.1388
221,1257,1478,0.1388
223,1263,1486,0.1388
220,1281,1501,0.1388
221,1290,1511,0.1388
221,1297,1518,0.1388
223,1295,1518,0.1388
227,1283,1510,0.1388
229,1289,1518,0.1388
232,1292,1524,0.1388
230,1292,1522,0.1388
223,1274,1497,0.1388
226,1274,1500,0.1388
223,1264,1487,0.1388
221,1284,1505,0.1388
218,1288,1506,0.1388
216,1278,1494,0.1388
209,1279,1488,0.1388
206,1290,1496,0.1388
208,1298,1506,0.1388
211,1298,1509,0.1388
208,1308,1516,0.1388
212,1305,1517,0.1388
212,1293,1505,0.1388
212,1284,1496,0.1388
207,1282,1489,0.1388
212,1295,1507,0.1388
204,1308,1512,0.1388
209,1308,1517,0.1388
210,1308,1518,0.1388
200,1312,1512,0.1388
202,1311,1513,0.1388
200,1321,1521,0.1388
199,1318,1517,0.1388
195,1320,1515,0.1388
196,1321,1517,0.1388
198,1303,1501,0.1388
191,1298,1489,0.1388
192,1316,1508,0.1388
191,1323,1514,0.1388
194,1331,1525,0.1388
192,1331,1523,0.1388
193,1327,1520,0.1388
195,1322,1517,0.1388
194,1314,1508,0.1388
198,1306,1504,0.1388
200,1314,1514,0.1388
198,1319,1517,0.1388
198,1315,1513,0.1388
201,1319,1520,0.1388
200,1322,1522,0.1388
201,1323,1524,0.1388
206,1318,1524,0.1388
197,1311,1508,0.1388
198,1309,1507,0.1388
199,1307,1506,0.1388
199,1311,1510,0.1388
199,1311,1510,0.1388
204,1321,1525,0.1388
201,1315,1516,0.1388
197,1313,1510,0.1388
196,1304,1500,0.1388
192,1314,1506,0.1388
192,1331,1523,0.1388
197,1338,1535,0.1388
196,1328,1524,0.1388
197,1318,1515,0.1388
201,1312,1513,0.1388
197,1311,1508,0.1388
195,1314,1509,0.1388
194,1318,1512,0.1388
192,1313,1505,0.1388
192,1313,1505,0.1388
194,1323,1517,0.1388
192,1317,1509,0.1388
189,1330,1519,0.1388
189,1326,1515,0.1388
185,1327,1512,0.1388
183,1324,1507,0.1388
183,1332,1515,0.1388
185,1326,1511,0.1388
186,1334,1520,0.1388
192,1328,1520,0.1388
192,1332,1524,0.1388
196,1320,1516,0.1388
198,1328,1526,0.1388
195,1323,1518,0.1388
195,1314,1509,0.1388
195,1307,1502,0.1388
200,1310,1510,0.1388
197,1326,1523,0.1388
198,1323,1521,0.1388
197,1309,1506,0.1388
192,1318,1510,0.1388
192,1309,1501,0.1388
193,1294,1487,0.1388
196,1291,1487,0.1388
197,1285,1482,0.1388
203,1311,1514,0.1388
204,1322,1526,0.1388
205,1326,1531,0.1388
205,1332,1537,0.1388
201,1326,1527,0.1388
207,1323,1530,0.1388
206,1318,1524,0.1388
205,1315,1520,0.1388
202,1321,1523,0.1388
204,1324,1528,0.1388
204,1320,1524,0.1388
206,1317,1523,0.1388
200,1313,1513,0.1388
198,1315,1513,0.1388
196,1319,1515,0.1388
199,1324,1523,0.1388
202,1316,1518,0.1388
205,1315,1520,0.1388
204,1298,1502,0.1388
198,1314,1512,0.1388
196,1311,1507,0.1388
197,1311,1508,0.1388
197,1318,1515,0.1388
197,1317,1514,0.1388
199,1315,1514,0.1388
193,1321,1514,0.1388
194,1319,1513,0.1388
194,1302,1496,0.1388
193,1318,1511,0.1388
191,1313,1504,0.1388
189,1311,1500,0.1388
190,1307,1497,0.1388
187,1315,1502,0.1388
183,1317,1500,0.1388
185,1318,1503,0.1388
192,1317,1509,0.1388
189,1317,1506,0.1388
193,1320,1513,0.1388
195,1326,1521,0.1388
198,1332,1530,0.1388
194,1323,1517,0.1388
193,1327,1520,0.1388
197,1333,1530,0.1388
198,1333,1531,0.1388
196,1337,1533,0.1388
197,1335,1532,0.1388
193,1332,1525,0.1388
197,1329,1526,0.1388
196,1328,1524,0.1388
192,1335,1527,0.1388
191,1334,1525,0.1388
191,1327,1518,0.1388
193,1323,1516,0.1388
191,1335,1526,0.1388
193,1338,1531,0.1388
193,1330,1523,0.1388
189,1334,1523,0.1388
187,1336,1523,0.1388
186,1327,1513,0.1388
182,1324,1506,0.1388
184,1328,1512,0.1388
185,1330,1515,0.1388
185,1328,1513,0.1388
188,1330,1518,0.1388
189,1335,1524,0.1388
185,1328,1513,0.1388
185,1315,1500,0.1388
184,1329,1513,0.1388
184,1334,1518,0.1388
180,1339,1519,0.1388
186,1334,1520,0.1388
177,1331,1508,0.1388
175,1335,1510,0.1388
177,1339,1516,0.1388
180,1332,1512,0.1388
184,1336,1520,0.1388
182,1331,1513,0.1388
183,1334,1517,0.1388
185,1337,1522,0.1388
189,1333,1522,0.1388
193,1327,1520,0.1388
193,1317,1510,0.1388
191,1318,1509,0.1388
187,1331,1518,0.1388
186,1329,1515,0.1388
184,1330,1514,0.1388
188,1321,1509,0.1388
185,1322,1507,0.1388
186,1310,1496,0.1388
181,1306,1487,0.1388
176,1326,1502,0.1388
179,1318,1497,0.1388
178,1332,1510,0.1388
181,1333,1514,0.1388
182,1328,1510,0.1388
178,1318,1496,0.1388
179,1330,1509,0.1388
179,1331,1510,0.1388
179,1343,1522,0.1388
180,1344,1524,0.1388
180,1333,1513,0.1388
182,1333,1515,0.1388
182,1326,1508,0.1388
182,1332,1514,0.1388
177,1341,1518,0.1388
182,1338,1520,0.1388
179,1333,1512,0.1388
178,1333,1511,0.1388
176,1340,1516,0.1388
177,1353,1530,0.1388
178,1342,1520,0.1388
180,1341,1521,0.1388
180,1359,1539,0.1388
182,1352,1534,0.1388
179,1352,1531,0.1388
176,1346,1522,0.1388
174,1351,1525,0.1388
174,1349,1523,0.1388
175,1346,1521,0.1388
179,1357,1536,0.1388
174,1368,1542,0.1388
176,1358,1534,0.1388
176,1356,1532,0.1388
175,1345,1520,0.1388
175,1331,1506,0.1388
175,1338,1513,0.1388
172,1345,1517,0.1388
176,1347,1523,0.1388
178,1345,1523,0.1388
176,1343,1519,0.1388
177,1339,1516,0.1388
179,1327,1506,0.1388
177,1336,1513,0.1388
178,1343,1521,0.1388
180,1344,1524,0.1388
180,1344,1524,0.1388
179,1340,1519,0.1388
173,1341,1514,0.1388
174,1347,1521,0.1388
174,1342,1516,0.1388
176,1340,1516,0.1388
175,1337,1512,0.1388
173,1338,1511,0.1388
176,1323,1499,0.1388
177,1327,1504,0.1388
177,1323,1500,0.1388
176,1336,1512,0.1388
172,1337,1509,0.1388
169,1335,1504,0.1388
173,1342,1515,0.1388
174,1344,1518,0.1388
177,1345,1522,0.1388
176,1337,1513,0.1388
173,1341,1514,0.1388
172,1326,1498,0.1388
172,1338,1510,0.1388
172,1336,1508,0.1388
167,1336,1503,0.1388
170,1346,1516,0.1388
171,1347,1518,0.1388
171,1341,1512,0.1388
171,1343,1514,0.1388
175,1351,1526,0.1388
174,1351,1525,0.1388
176,1353,1529,0.1388
179,1349,1528,0.1388
173,1358,1531,0.1388
173,1352,1525,0.1388
174,1354,1528,0.1388
176,1348,1524,0.1388
179,1349,1528,0.1388
177,1336,1513,0.1388
181,1337,1518,0.1388
180,1331,1511,0.1388
178,1344,1522,0.1388
175,1346,1521,0.1388
175,1339,1514,0.1388
172,1354,1526,0.1388
172,1355,1527,0.1388
173,1358,1531,0.1388
173,1344,1517,0.1388
171,1360,1531,0.1388
172,1345,1517,0.1388
174,1340,1514,0.1388
175,1346,1521,0.1388
175,1341,1516,0.1388
174,1335,1509,0.1388
176,1331,1507,0.1388
178,1318,1496,0.1388
172,1324,1496,0.1388
173,1331,1504,0.1388
168,1344,1512,0.1388
169,1333,1502,0.1388
173,1326,1499,0.1388
169,1335,1504,0.1388
167,1340,1507,0.1388
160,1333,1493,0.1388
163,1339,1502,0.1388
167,1348,1515,0.1388
169,1339,1508,0.1388
172,1336,1508,0.1388
166,1347,1513,0.1388
169,1341,1510,0.1388
166,1324,1490,0.1388
162,1333,1495,0.1388
159,1345,1504,0.1388
156,1345,1501,0.1388
157,1345,1502,0.1388
156,1338,1494,0.1388
159,1347,1506,0.1388
152,1344,1496,0.1388
154,1347,1501,0.1388
159,1347,1506,0.1388
157,1349,1506,0.1388
159,1350,1509,0.1388
162,1361,1523,0.1388
153,1369,1522,0.1388
154,1363,1517,0.1388
157,1365,1522,0.1388
157,1360,1517,0.1388
157,1361,1518,0.1388
159,1362,1521,0.1388
159,1353,1512,0.1388
161,1359,1520,0.1388
154,1355,1509,0.1388
150,1354,1504,0.1388
149,1354,1503,0.1388
148,1371,1519,0.1388
151,1359,1510,0.1388
153,1361,1514,0.1388
152,1372,1524,0.1388
150,1364,1514,0.1388
149,1354,1503,0.1388
152,1349,1501,0.1388
151,1357,1508,0.1388
151,1363,1514,0.1388
145,1371,1516,0.1388
147,1368,1515,0.1388
149,1364,1513,0.1388
148,1360,1508,0.1388
149,1354,1503,0.1388
151,1354,1505,0.1388
149,1350,1499,0.1388
152,1366,1518,0.1388
147,1350,1497,0.1388
146,1351,1497,0.1388
146,1350,1496,0.1388
148,1345,1493,0.1388
146,1355,1501,0.1388
151,1348,1499,0.1388
153,1371,1524,0.1388
152,1365,1517,0.1388
147,1355,1502,0.1388
144,1362,1506,0.1388
141,1356,1497,0.1388
143,1371,1514,0.1388
140,1366,1506,0.1388
137,1376,1513,0.1388
136,1377,1513,0.1388
138,1370,1508,0.1388
139,1375,1514,0.1388
138,1373,1511,0.1388
142,1373,1515,0.1388
141,1370,1511,0.1388
140,1376,1516,0.1388
147,1379,1526,0.1388
144,1373,1517,0.1388
143,1378,1521,0.1388
143,1367,1510,0.1388
143,1357,1500,0.1388
148,1385,1533,0.1388
149,1379,1528,0.1388
150,1371,1521,0.1388
148,1373,1521,0.1388
153,1373,1526,0.1388
153,1377,1530,0.1388
149,1366,1515,0.1388
150,1358,1508,0.1388
151,1366,1517,0.1388
153,1368,1521,0.1388
152,1377,1529,0.1388
149,1368,1517,0.1388
150,1364,1514,0.1388
147,1360,1507,0.1388
151,1363,1514,0.1388
147,1357,1504,0.1388
147,1348,1495,0.1388
147,1358,1505,0.1388
146,1360,1506,0.1388
145,1365,1510,0.1388
143,1364,1507,0.1388
144,1383,1527,0.1388
141,1379,1520,0.1388
143,1384,1527,0.1388
139,1391,1530,0.1388
136,1387,1523,0.1388
138,1382,1520,0.1388
140,1392,1532,0.1388
141,1380,1521,0.1388
144,1360,1504,0.1388
145,1369,1514,0.1388
143,1379,1522,0.1388
143,1374,1517,0.1388
145,1368,1513,0.1388
143,1366,1509,0.1388
143,1358,1501,0.1388
140,1357,1497,0.1388
141,1365,1506,0.1388
141,1374,1515,0.1388
144,1379,1523,0.1388
144,1369,1513,0.1388
142,1376,1518,0.1388
143,1379,1522,0.1388
144,1386,1530,0.1388
147,1383,1530,0.1388
143,1379,1522,0.1388
139,1385,1524,0.1388
142,1381,1523,0.1388
138,1385,1523,0.1388
139,1380,1519,0.1388
135,1383,1518,0.1388
137,1377,1514,0.1388
134,1379,1513,0.1388
137,1382,1519,0.1388
135,1392,1527,0.1388
137,1389,1526,0.1388
139,1393,1532,0.1388
140,1388,1528,0.1388
138,1380,1518,0.1388
134,1379,1513,0.1388
136,1377,1513,0.1388
136,1386,1522,0.1388
132,1380,1512,0.1388
133,1386,1519,0.1388
126,1385,1511,0.1388
127,1397,1524,0.1388
128,1389,1517,0.1388
130,1389,1519,0.1388
126,1386,1512,0.1388
122,1375,1497,0.1388
123,1368,1491,0.1388
122,1378,1500,0.1388
125,1389,1514,0.1388
128,1388,1516,0.1388
125,1384,1509,0.1388
123,1382,1505,0.1388
125,1365,1490,0.1388
131,1382,1513,0.1388
131,1379,1510,0.1388
132,1381,1513,0.1388
131,1376,1507,0.1388
126,1378,1504,0.1388
124,1400,1524,0.1388
125,1390,1515,0.1388
130,1383,1513,0.1388
134,1382,1516,0.1388
134,1384,1518,0.1388
134,1367,1501,0.1388
136,1380,1516,0.1388
133,1378,1511,0.1388
135,1383,1518,0.1388
132,1383,1515,0.1388
133,1382,1515,0.1388
132,1373,1505,0.1388
134,1375,1509,0.1388
129,1377,1506,0.1388
126,1374,1500,0.1388
128,1378,1506,0.1388
125,1379,1504,0.1388
125,1394,1519,0.1388
121,1380,1501,0.1388
120,1379,1499,0.1388
121,1388,1509,0.1388
120,1398,1518,0.1388
120,1401,1521,0.1388
118,1394,1512,0.1388
121,1379,1500,0.1388
117,1397,1514,0.1388
117,1403,1520,0.1388
122,1396,1518,0.1388
120,1405,1525,0.1388
116,1409,1525,0.1388
119,1410,1529,0.1388
118,1414,1532,0.1388
119,1412,1531,0.1388
119,1397,1516,0.1388
118,1402,1520,0.1388
119,1407,1526,0.1388
117,1417,1534,0.1388
116,1414,1530,0.1388
116,1404,1520,0.1388
118,1410,1528,0.1388
117,1397,1514,0.1388
115,1396,1511,0.1388
115,1401,1516,0.1388
117,1403,1520,0.1388
118,1398,1516,0.1388
116,1386,1502,0.1388
120,1382,1502,0.1388
117,1391,1508,0.1388
118,1392,1510,0.1388
116,1406,1522,0.1388
112,1412,1524,0.1388
113,1411,1524,0.1388
115,1416,1531,0.1388
109,1421,1530,0.1388
106,1422,1528,0.1388
107,1413,1520,0.1388
109,1392,1501,0.1388
105,1404,1509,0.1388
107,1404,1511,0.1388
102,1410,1512,0.1388
103,1400,1503,0.1388
106,1409,1515,0.1388
100,1408,1508,0.1388
102,1408,1510,0.1388
106,1400,1506,0.1388
109,1415,1524,0.1388
104,1411,1515,0.1388
103,1406,1509,0.1388
101,1407,1508,0.1388
98,1412,1510,0.1388
100,1418,1518,0.1388
102,1405,1507,0.1388
102,1415,1517,0.1388
105,1401,1506,0.1388
106,1404,1510,0.1388
104,1406,1510,0.1388
108,1400,1508,0.1388
110,1396,1506,0.1388
112,1398,1510,0.1388
109,1405,1514,0.1388
110,1410,1520,0.1388
108,1411,1519,0.1388
107,1405,1512,0.1388
105,1417,1522,0.1388
107,1418,1525,0.1388
108,1414,1522,0.1388
103,1415,1518,0.1388
108,1410,1518,0.1388
107,1405,1512,0.1388
102,1414,1516,0.1388
99,1415,1514,0.1388
99,1410,1509,0.1388
97,1419,1516,0.1388
98,1420,1518,0.1388
98,1419,1517,0.1388
99,1414,1513,0.1388
100,1430,1530,0.1388
99,1419,1518,0.1388
101,1408,1509,0.1388
100,1403,1503,0.1388
99,1403,1502,0.1388
95,1413,1508,0.1388
93,1422,1515,0.1388
98,1418,1516,0.1388
98,1429,1527,0.1388
98,1425,1523,0.1388
97,1412,1509,0.1388
95,1412,1507,0.1388
96,1419,1515,0.1388
97,1417,1514,0.1388
94,1415,1509,0.1388
95,1432,1527,0.1388
96,1431,1527,0.1388
97,1418,1515,0.1388
99,1409,1508,0.1388
101,1407,1508,0.1388
102,1418,1520,0.1388
105,1423,1528,0.1388
103,1418,1521,0.1388
103,1402,1505,0.1388
102,1401,1503,0.1388
99,1396,1495,0.1388
99,1410,1509,0.1388
101,1397,1498,0.1388
99,1410,1509,0.1388
100,1409,1509,0.1388
97,1415,1512,0.1388
99,1415,1514,0.1388
100,1414,1514,0.1388
96,1423,1519,0.1388
97,1419,1516,0.1388
95,1420,1515,0.1388
97,1410,1507,0.1388
98,1410,1508,0.1388
98,1410,1508,0.1388
97,1418,1515,0.1388
97,1407,1504,0.1388
99,1415,1514,0.1388
97,1428,1525,0.1388
97,1428,1525,0.1388
94,1426,1520,0.1388
92,1430,1522,0.1388
96,1417,1513,0.1388
93,1422,1515,0.1388
94,1432,1526,0.1388
95,1432,1527,0.1388
92,1426,1518,0.1388
89,1433,1522,0.1388
92,1426,1518,0.1388
90,1408,1498,0.1388
87,1412,1499,0.1388
91,1403,1494,0.1388
91,1408,1499,0.1388
93,1404,1497,0.1388
94,1414,1508,0.1388
96,1420,1516,0.1388
97,1423,1520,0.1388
94,1422,1516,0.1388
94,1432,1526,0.1388
94,1436,1530,0.1388
97,1430,1527,0.1388
95,1428,1523,0.1388
93,1433,1526,0.1388
98,1422,1520,0.1388
98,1415,1513,0.1388
98,1412,1510,0.1388
97,1424,1521,0.1388
99,1420,1519,0.1388
100,1435,1535,0.1388
99,1440,1539,0.1388
99,1443,1542,0.1388
99,1437,1536,0.1388
98,1420,1518,0.1388
98,1417,1515,0.1388
97,1421,1518,0.1388
94,1429,1523,0.1388
96,1435,1531,0.1388
95,1423,1518,0.1388
90,1425,1515,0.1388
91,1415,1506,0.1388
91,1430,1521,0.1388
90,1433,1523,0.1388
89,1425,1514,0.1388
92,1421,1513,0.1388
95,1413,1508,0.1388
94,1416,1510,0.1388
95,1415,1510,0.1388
95,1417,1512,0.1388
98,1416,1514,0.1388
97,1412,1509,0.1388
94,1415,1509,0.1388
96,1410,1506,0.1388
91,1421,1512,0.1388
90,1421,1511,0.1388
90,1425,1515,0.1388
92,1433,1525,0.1388
92,1428,1520,0.1388
89,1430,1519,0.1388
87,1435,1522,0.1388
89,1423,1512,0.1388
91,1427,1518,0.1388
91,1431,1522,0.1388
86,1436,1522,0.1388
85,1437,1522,0.1388
87,1441,1528,0.1388
90,1427,1517,0.1388
91,1435,1526,0.1388
91,1437,1528,0.1388
91,1440,1531,0.1388
91,1431,1522,0.1388
88,1445,1533,0.1388
88,1434,1522,0.1388
86,1433,1519,0.1388
88,1434,1522,0.1388
87,1432,1519,0.1388
87,1429,1516,0.1388
90,1426,1516,0.1388
91,1427,1518,0.1388
93,1428,1521,0.1388
92,1422,1514,0.1388
91,1429,1520,0.1388
92,1424,1516,0.1388
93,1424,1517,0.1388
94,1411,1505,0.1388
92,1417,1509,0.1388
92,1422,1514,0.1388
92,1414,1506,0.1388
94,1403,1497,0.1388
94,1408,1502,0.1388
93,1417,1510,0.1388
92,1422,1514,0.1388
95,1430,1525,0.1388
91,1424,1515,0.1388
90,1428,1518,0.1388
93,1428,1521,0.1388
91,1428,1519,0.1388
89,1421,1510,0.1388
90,1422,1512,0.1388
92,1414,1506,0.1388
92,1430,1522,0.1388
91,1424,1515,0.1388
84,1422,1506,0.1388
81,1420,1501,0.1388
80,1423,1503,0.1388
79,1417,1496,0.1388
82,1415,1497,0.1388
79,1434,1513,0.1388
79,1424,1503,0.1388
80,1421,1501,0.1388
81,1426,1507,0.1388
82,1430,1512,0.1388
83,1427,1510,0.1388
84,1441,1525,0.1388
79,1430,1509,0.1388
81,1435,1516,0.1388
81,1438,1519,0.1388
82,1445,1527,0.1388
81,1440,1521,0.1388
83,1446,1529,0.1388
79,1440,1519,0.1388
80,1438,1518,0.1388
81,1439,1520,0.1388
81,1429,1510,0.1388
76,1448,1524,0.1388
75,1441,1516,0.1388
75,1452,1527,0.1388
75,1448,1523,0.1388
74,1444,1518,0.1388
72,1454,1526,0.1388
73,1439,1512,0.1388
73,1455,1528,0.1388
75,1457,1532,0.1388
75,1462,1537,0.1388
73,1442,1515,0.1388
73,1452,1525,0.1388
71,1455,1526,0.1388
70,1449,1519,0.1388
70,1446,1516,0.1388
67,1437,1504,0.1388
71,1445,1516,0.1388
70,1438,1508,0.1388
69,1439,1508,0.1388
67,1444,1511,0.1388
67,1452,1519,0.1388
68,1453,1521,0.1388
70,1460,1530,0.1388
70,1443,1513,0.1388
69,1441,1510,0.1388
69,1448,1517,0.1388
68,1445,1513,0.1388
66,1438,1504,0.1388
66,1423,1489,0.1388
67,1419,1486,0.1388
67,1443,1510,0.1388
68,1440,1508,0.1388
68,1456,1524,0.1388
67,1457,1524,0.1388
69,1448,1517,0.1388
68,1432,1500,0.1388
69,1440,1509,0.1388
68,1436,1504,0.1388
67,1441,1508,0.1388
66,1441,1507,0.1388
69,1444,1513,0.1388
70,1454,1524,0.1388
75,1444,1519,0.1388
77,1440,1517,0.1388
72,1441,1513,0.1388
77,1426,1503,0.1388
75,1422,1497,0.1388
71,1436,1507,0.1388
73,1435,1508,0.1388
72,1435,1507,0.1388
72,1431,1503,0.1388
72,1438,1510,0.1388
75,1438,1513,0.1388
73,1445,1518,0.1388
72,1440,1512,0.1388
72,1435,1507,0.1388
74,1446,1520,0.1388
74,1443,1517,0.1388
72,1424,1496,0.1388
71,1433,1504,0.1388
68,1427,1495,0.1388
69,1444,1513,0.1388
73,1451,1524,0.1388
72,1430,1502,0.1388
74,1440,1514,0.1388
73,1441,1514,0.1388
70,1447,1517,0.1388
69,1455,1524,0.1388
69,1457,1526,0.1388
69,1445,1514,0.1388
69,1451,1520,0.1388
69,1450,1519,0.1388
67,1450,1517,0.1388
69,1462,1531,0.1388
69,1457,1526,0.1388
70,1454,1524,0.1388
68,1450,1518,0.1388
67,1462,1529,0.1388
68,1457,1525,0.1388
70,1448,1518,0.1388
71,1445,1516,0.1388
70,1431,1501,0.1388
71,1441,1512,0.1388
69,1429,1498,0.1388
69,1442,1511,0.1388
71,1439,1510,0.1388
69,1431,1500,0.1388
68,1447,1515,0.1388
67,1446,1513,0.1388
66,1447,1513,0.1388
66,1457,1523,0.1388
65,1460,1525,0.1388
61,1452,1513,0.1388
61,1442,1503,0.1388
59,1460,1519,0.1388
61,1468,1529,0.1388
61,1461,1522,0.1388
63,1452,1515,0.1388
62,1459,1521,0.1388
65,1454,1519,0.1388
66,1462,1528,0.1388
62,1453,1515,0.1388
61,1456,1517,0.1388
64,1450,1514,0.1388
64,1451,1515,0.1388
66,1448,1514,0.1388
67,1442,1509,0.1388
69,1457,1526,0.1388
68,1455,1523,0.1388
65,1440,1505,0.1388
67,1447,1514,0.1388
68,1445,1513,0.1388
68,1439,1507,0.1388
67,1454,1521,0.1388
69,1439,1508,0.1388
68,1436,1504,0.1388
68,1438,1506,0.1388
66,1435,1501,0.1388
69,1434,1503,0.1388
68,1437,1505,0.1388
65,1447,1512,0.1388
64,1445,1509,0.1388
65,1455,1520,0.1388
63,1451,1514,0.1388
63,1454,1517,0.1388
62,1464,1526,0.1388
60,1453,1513,0.1388
60,1447,1507,0.1388
58,1452,1510,0.1388
56,1460,1516,0.1388
54,1461,1515,0.1388
56,1464,1520,0.1388
56,1458,1514,0.1388
55,1467,1522,0.1388
56,1468,1524,0.1388
54,1460,1514,0.1388
54,1452,1506,0.1388
57,1463,1520,0.1388
56,1459,1515,0.1388
55,1449,1504,0.1388
54,1449,1503,0.1388
55,1469,1524,0.1388
57,1466,1523,0.1388
55,1454,1509,0.1388
54,1467,1521,0.1388
53,1463,1516,0.1388
50,1457,1507,0.1388
50,1466,1516,0.1388
50,1471,1521,0.1388
49,1464,1513,0.1388
51,1465,1516,0.1388
52,1471,1523,0.1388
54,1470,1524,0.1388
53,1472,1525,0.1388
52,1473,1525,0.1388
52,1468,1520,0.1388
50,1475,1525,0.1388
50,1462,1512,0.1388
50,1472,1522,0.1388
46,1474,1520,0.1388
48,1475,1523,0.1388
48,1476,1524,0.1388
49,1469,1518,0.1388
49,1469,1518,0.1388
48,1470,1518,0.1388
46,1469,1515,0.1388
46,1477,1523,0.1388
47,1474,1521,0.1388
47,1468,1515,0.1388
49,1476,1525,0.1388
49,1472,1521,0.1388
49,1480,1529,0.1388
49,1466,1515,0.1388
49,1472,1521,0.1388
48,1478,1526,0.1388
46,1485,1531,0.1388
45,1483,1528,0.1388
46,1481,1527,0.1388
44,1473,1517,0.1388
44,1475,1519,0.1388
45,1485,1530,0.1388
47,1474,1521,0.1388
48,1464,1512,0.1388
49,1459,1508,0.1388
50,1461,1511,0.1388
48,1462,1510,0.1388
46,1463,1509,0.1388
45,1470,1515,0.1388
43,1474,1517,0.1388
42,1468,1510,0.1388
43,1474,1517,0.1388
41,1477,1518,0.1388
42,1481,1523,0.1388
42,1472,1514,0.1388
42,1478,1520,0.1388
44,1470,1514,0.1388
44,1471,1515,0.1388
43,1487,1530,0.1388
41,1471,1512,0.1388
38,1460,1498,0.1388
38,1477,1515,0.1388
38,1480,1518,0.1388
40,1464,1504,0.1388
39,1466,1505,0.1388
38,1463,1501,0.1388
36,1479,1515,0.1388
35,1488,1523,0.1388
35,1489,1524,0.1388
35,1484,1519,0.1388
36,1495,1531,0.1388
38,1485,1523,0.1388
36,1483,1519,0.1388
36,1485,1521,0.1388
37,1484,1521,0.1388
39,1492,1531,0.1388
38,1480,1518,0.1388
36,1476,1512,0.1388
35,1472,1507,0.1388
36,1474,1510,0.1388
34,1483,1517,0.1388
35,1475,1510,0.1388
34,1477,1511,0.1388
33,1479,1512,0.1388
32,1481,1513,0.1388
30,1474,1504,0.1388
30,1484,1514,0.1388
28,1492,1520,0.1388
29,1497,1526,0.1388
29,1489,1518,0.1388
29,1497,1526,0.1388
31,1485,1516,0.1388
31,1490,1521,0.1388
30,1484,1514,0.1388
30,1483,1513,0.1388
30,1486,1516,0.1388
30,1504,1534,0.1388
28,1517,1545,0.1388
29,1498,1527,0.1388
30,1497,1527,0.1388
30,1487,1517,0.1388
30,1476,1506,0.1388
30,1461,1491,0.1388
34,1466,1500,0.1388
33,1468,1501,0.1388
36,1486,1522,0.1388
38,1480,1518,0.1388
37,1489,1526,0.1388
37,1486,1523,0.1388
36,1479,1515,0.1388
38,1486,1524,0.1388
38,1480,1518,0.1388
38,1482,1520,0.1388
38,1468,1506,0.1388
39,1474,1513,0.1388
41,1496,1537,0.1388
41,1494,1535,0.1388
39,1494,1533,0.1388
33,1487,1520,0.1388
32,1485,1517,0.1388
33,1487,1520,0.1388
33,1488,1521,0.1388
34,1491,1525,0.1388
32,1470,1502,0.1388
33,1474,1507,0.1388
34,1477,1511,0.1388
34,1477,1511,0.1388
36,1473,1509,0.1388
34,1477,1511,0.1388
34,1472,1506,0.1388
34,1472,1506,0.1388
36,1473,1509,0.1388
38,1474,1512,0.1388
39,1473,1512,0.1388
39,1473,1512,0.1388
39,1471,1510,0.1388
37,1480,1517,0.1388
37,1483,1520,0.1388
36,1476,1512,0.1388
38,1481,1519,0.1388
37,1490,1527,0.1388
37,1491,1528,0.1388
33,1491,1524,0.1388
34,1479,1513,0.1388
34,1479,1513,0.1388
32,1485,1517,0.1388
34,1472,1506,0.1388
32,1487,1519,0.1388
31,1498,1529,0.1388
32,1479,1511,0.1388
33,1486,1519,0.1388
32,1492,1524,0.1388
31,1490,1521,0.1388
31,1500,1531,0.1388
31,1501,1532,0.1388
31,1494,1525,0.1388
31,1495,1526,0.1388
31,1483,1514,0.1388
30,1495,1525,0.1388
30,1483,1513,0.1388
30,1484,1514,0.1388
29,1479,1508,0.1388
29,1469,1498,0.1388
30,1478,1508,0.1388
32,1477,1509,0.1388
33,1480,1513,0.1388
32,1472,1504,0.1388
36,1476,1512,0.1388
37,1495,1532,0.1388
37,1486,1523,0.1388
37,1487,1524,0.1388
37,1489,1526,0.1388
34,1484,1518,0.1388
35,1487,1522,0.1388
35,1492,1527,0.1388
33,1487,1520,0.1388
33,1488,1521,0.1388
34,1483,1517,0.1388
34,1476,1510,0.1388
33,1480,1513,0.1388
32,1472,1504,0.1388
32,1474,1506,0.1388
34,1470,1504,0.1388
35,1473,1508,0.1388
35,1471,1506,0.1388
34,1486,1520,0.1388
34,1466,1500,0.1388
35,1473,1508,0.1388
34,1471,1505,0.1388
31,1469,1500,0.1388
32,1477,1509,0.1388
30,1481,1511,0.1388
30,1478,1508,0.1388
29,1483,1512,0.1388
28,1497,1525,0.1388
27,1487,1514,0.1388
28,1468,1496,0.1388
28,1485,1513,0.1388
27,1480,1507,0.1388
28,1477,1505,0.1388
27,1491,1518,0.1388
27,1490,1517,0.1388
27,1486,1513,0.1388
25,1494,1519,0.1388
25,1492,1517,0.1388
25,1493,1518,0.1388
25,1497,1522,0.1388
25,1498,1523,0.1388
27,1502,1529,0.1388
27,1500,1527,0.1388
26,1497,1523,0.1388
25,1493,1518,0.1388
24,1501,1525,0.1388
24,1508,1532,0.1388
25,1513,1538,0.1388
26,1504,1530,0.1388
26,1498,1524,0.1388
26,1493,1519,0.1388
26,1487,1513,0.1388
26,1474,1500,0.1388
26,1477,1503,0.1388
25,1486,1511,0.1388
25,1482,1507,0.1388
25,1486,1511,0.1388
25,1484,1509,0.1388
26,1497,1523,0.1388
24,1494,1518,0.1388
25,1500,1525,0.1388
24,1498,1522,0.1388
24,1486,1510,0.1388
24,1492,1516,0.1388
25,1468,1493,0.1388
25,1478,1503,0.1388
26,1474,1500,0.1388
24,1483,1507,0.1388
24,1478,1502,0.1388
26,1491,1517,0.1388
26,1492,1518,0.1388
25,1494,1519,0.1388
25,1495,1520,0.1388
25,1497,1522,0.1388
26,1496,1522,0.1388
25,1490,1515,0.1388
21,1495,1516,0.1388
21,1477,1498,0.1388
20,1488,1508,0.1388
20,1504,1524,0.1388
15,1499,1514,0.1388
15,1501,1516,0.1388
16,1512,1528,0.1388
16,1509,1525,0.1388
16,1509,1525,0.1388
16,1514,1530,0.1388
17,1512,1529,0.1388
17,1509,1526,0.1388
18,1500,1518,0.1388
17,1497,1514,0.1388
17,1494,1511,0.1388
17,1494,1511,0.1388
18,1501,1519,0.1388
17,1500,1517,0.1388
18,1494,1512,0.1388
17,1506,1523,0.1388
17,1500,1517,0.1388
17,1509,1526,0.1388
16,1501,1517,0.1388
15,1504,1519,0.1388
17,1500,1517,0.1388
17,1494,1511,0.1388
17,1509,1526,0.1388
17,1500,1517,0.1388
17,1502,1519,0.1388
17,1509,1526,0.1388
15,1497,1512,0.1388
15,1502,1517,0.1388
14,1503,1517,0.1388
14,1497,1511,0.1388
15,1488,1503,0.1388
14,1485,1499,0.1388
13,1494,1507,0.1388
13,1497,1510,0.1388
14,1501,1515,0.1388
15,1504,1519,0.1388
15,1507,1522,0.1388
14,1499,1513,0.1388
14,1513,1527,0.1388
14,1515,1529,0.1388
14,1514,1528,0.1388
13,1509,1522,0.1388
13,1506,1519,0.1388
13,1501,1514,0.1388
12,1502,1514,0.1388
12,1495,1507,0.1388
13,1491,1504,0.1388
13,1492,1505,0.1388
13,1494,1507,0.1388
13,1492,1505,0.1388
14,1496,1510,0.1388
15,1493,1508,0.1388
14,1501,1515,0.1388
14,1510,1524,0.1388
13,1503,1516,0.1388
13,1497,1510,0.1388
13,1487,1500,0.1388
15,1495,1510,0.1388
15,1498,1513,0.1388
15,1500,1515,0.1388
14,1492,1506,0.1388
13,1501,1514,0.1388
13,1500,1513,0.1388
14,1514,1528,0.1388
12,1510,1522,0.1388
12,1506,1518,0.1388
12,1509,1521,0.1388
13,1485,1498,0.1388
13,1488,1501,0.1388
13,1494,1507,0.1388
14,1489,1503,0.1388
13,1491,1504,0.1388
11,1492,1503,0.1388
10,1503,1513,0.1388
9,1506,1515,0.1388
8,1518,1526,0.1388
8,1517,1525,0.1388
8,1504,1512,0.1388
7,1515,1522,0.1388
8,1511,1519,0.1388
6,1501,1507,0.1388
6,1499,1505,0.1388
7,1490,1497,0.1388
7,1504,1511,0.1388
6,1504,1510,0.1388
6,1515,1521,0.1388
6,1512,1518,0.1388
6,1526,1532,0.1388
6,1522,1528,0.1388
5,1516,1521,0.1388
5,1521,1526,0.1388
5,1531,1536,0.1388
5,1523,1528,0.1388
5,1515,1520,0.1388
5,1515,1520,0.1388
5,1508,1513,0.1388
5,1516,1521,0.1388
4,1516,1520,0.1388
5,1514,1519,0.1388
5,1519,1524,0.1388
5,1514,1519,0.1388
5,1519,1524,0.1388
6,1520,1526,0.1388
5,1516,1521,0.1388
6,1508,1514,0.1388
6,1510,1516,0.1388
5,1512,1517,0.1388
5,1509,1514,0.1388
5,1512,1517,0.1388
5,1498,1503,0.1388
6,1512,1518,0.1388
6,1504,1510,0.1388
6,1494,1500,0.1388
6,1500,1506,0.1388
7,1505,1512,0.1388
7,1523,1530,0.1388
6,1514,1520,0.1388
7,1520,1527,0.1388
7,1507,1514,0.1388
7,1518,1525,0.1388
7,1509,1516,0.1388
7,1527,1534,0.1388
7,1515,1522,0.1388
7,1509,1516,0.1388
8,1507,1515,0.1388
8,1515,1523,0.1388
8,1494,1502,0.1388
8,1504,1512,0.1388
8,1510,1518,0.1388
8,1515,1523,0.1388
8,1505,1513,0.1388
8,1508,1516,0.1388
9,1513,1522,0.1388
9,1501,1510,0.1388
9,1488,1497,0.1388
9,1496,1505,0.1388
9,1497,1506,0.1388
9,1495,1504,0.1388
10,1504,1514,0.1388
9,1521,1530,0.1388
8,1515,1523,0.1388
8,1503,1511,0.1388
7,1499,1506,0.1388
7,1497,1504,0.1388
8,1505,1513,0.1388
8,1513,1521,0.1388
7,1519,1526,0.1388
6,1519,1525,0.1388
6,1516,1522,0.1388
6,1511,1517,0.1388
6,1508,1514,0.1388
6,1511,1517,0.1388
7,1522,1529,0.1388
8,1519,1527,0.1388
9,1524,1533,0.1388
9,1523,1532,0.1388
8,1511,1519,0.1388
8,1502,1510,0.1388
8,1504,1512,0.1388
8,1499,1507,0.1388
8,1506,1514,0.1388
7,1507,1514,0.1388
6,1504,1510,0.1388
7,1514,1521,0.1388
7,1510,1517,0.1388
7,1517,1524,0.1388
7,1513,1520,0.1388
7,1510,1517,0.1388
7,1510,1517,0.1388
7,1519,1526,0.1388
7,1519,1526,0.1388
6,1508,1514,0.1388
6,1521,1527,0.1388
6,1515,1521,0.1388
6,1514,1520,0.1388
6,1515,1521,0.1388
6,1519,1525,0.1388
6,1519,1525,0.1388
7,1504,1511,0.1388
7,1502,1509,0.1388
7,1510,1517,0.1388
7,1518,1525,0.1388
7,1506,1513,0.1388
7,1508,1515,0.1388
7,1506,1513,0.1388
7,1503,1510,0.1388
7,1514,1521,0.1388
7,1507,1514,0.1388
7,1503,1510,0.1388
7,1511,1518,0.1388
7,1517,1524,0.1388
7,1498,1505,0.1388
7,1497,1504,0.1388
7,1503,1510,0.1388
7,1504,1511,0.1388
7,1500,1507,0.1388
8,1489,1497,0.1388
7,1509,1516,0.1388
7,1501,1508,0.1388
7,1502,1509,0.1388
7,1514,1521,0.1388
8,1521,1529,0.1388
8,1524,1532,0.1388
9,1524,1533,0.1388
9,1507,1516,0.1388
10,1503,1513,0.1388
10,1513,1523,0.1388
10,1506,1516,0.1388
10,1514,1524,0.1388
10,1504,1514,0.1388
10,1503,1513,0.1388
10,1520,1530,0.1388
10,1527,1537,0.1388
9,1506,1515,0.1388
9,1502,1511,0.1388
9,1510,1519,0.1388
9,1514,1523,0.1388
10,1508,1518,0.1388
9,1509,1518,0.1388
9,1500,1509,0.1388
9,1508,1517,0.1388
9,1506,1515,0.1388
9,1517,1526,0.1388
9,1514,1523,0.1388
9,1515,1524,0.1388
9,1510,1519,0.1388
9,1519,1528,0.1388
8,1513,1521,0.1388
10,1504,1514,0.1388
9,1506,1515,0.1388
9,1504,1513,0.1388
8,1506,1514,0.1388
8,1495,1503,0.1388
8,1512,1520,0.1388
8,1500,1508,0.1388
8,1502,1510,0.1388
8,1516,1524,0.1388
8,1504,1512,0.1388
8,1501,1509,0.1388
8,1509,1517,0.1388
8,1515,1523,0.1388
7,1515,1522,0.1388
7,1526,1533,0.1388
7,1513,1520,0.1388
8,1512,1520,0.1388
8,1493,1501,0.1388
8,1513,1521,0.1388
8,1510,1518,0.1388
8,1509,1517,0.1388
8,1510,1518,0.1388
8,1510,1518,0.1388
8,1503,1511,0.1388
8,1519,1527,0.1388
8,1511,1519,0.1388
7,1518,1525,0.1388
7,1519,1526,0.1388
7,1508,1515,0.1388
7,1504,1511,0.1388
7,1504,1511,0.1388
7,1521,1528,0.1388
8,1511,1519,0.1388
7,1516,1523,0.1388
7,1509,1516,0.1388
8,1507,1515,0.1388
9,1504,1513,0.1388
9,1513,1522,0.1388
9,1526,1535,0.1388
9,1526,1535,0.1388
8,1524,1532,0.1388
8,1515,1523,0.1388
7,1508,1515,0.1388
8,1517,1525,0.1388
8,1516,1524,0.1388
8,1511,1519,0.1388
7,1514,1521,0.1388
7,1517,1524,0.1388
7,1521,1528,0.1388
7,1511,1518,0.1388
7,1509,1516,0.1388
7,1504,1511,0.1388
7,1500,1507,0.1388
7,1504,1511,0.1388
7,1507,1514,0.1388
6,1512,1518,0.1388
6,1527,1533,0.1388
6,1517,1523,0.1388
6,1526,1532,0.1388
6,1502,1508,0.1388
6,1518,1524,0.1388
7,1510,1517,0.1388
7,1512,1519,0.1388
7,1519,1526,0.1388
7,1514,1521,0.1388
7,1509,1516,0.1388
6,1492,1498,0.1388
5,1506,1511,0.1388
6,1509,1515,0.1388
6,1512,1518,0.1388
6,1515,1521,0.1388
6,1508,1514,0.1388
7,1506,1513,0.1388
7,1514,1521,0.1388
7,1519,1526,0.1388
7,1509,1516,0.1388
7,1514,1521,0.1388
7,1513,1520,0.1388
7,1504,1511,0.1388
7,1489,1496,0.1388
7,1488,1495,0.1388
7,1495,1502,0.1388
7,1498,1505,0.1388
7,1514,1521,0.1388
6,1508,1514,0.1388
6,1509,1515,0.1388
6,1524,1530,0.1388
6,1512,1518,0.1388
6,1505,1511,0.1388
6,1506,1512,0.1388
6,1496,1502,0.1388
6,1489,1495,0.1388
6,1511,1517,0.1388
6,1513,1519,0.1388
6,1513,1519,0.1388
6,1510,1516,0.1388
6,1517,1523,0.1388
5,1511,1516,0.1388
5,1503,1508,0.1388
5,1509,1514,0.1388
5,1505,1510,0.1388
6,1505,1511,0.1388
6,1511,1517,0.1388
7,1506,1513,0.1388
7,1514,1521,0.1388
7,1523,1530,0.1388
7,1521,1528,0.1388
7,1505,1512,0.1388
7,1522,1529,0.1388
7,1511,1518,0.1388
7,1507,1514,0.1388
7,1509,1516,0.1388
7,1504,1511,0.1388
7,1511,1518,0.1388
7,1503,1510,0.1388
7,1513,1520,0.1388
7,1510,1517,0.1388
7,1509,1516,0.1388
7,1513,1520,0.1388
7,1509,1516,0.1388
7,1500,1507,0.1388
7,1499,1506,0.1388
7,1517,1524,0.1388
7,1512,1519,0.1388
7,1513,1520,0.1388
7,1515,1522,0.1388
6,1522,1528,0.1388
6,1520,1526,0.1388
6,1521,1527,0.1388
5,1513,1518,0.1388
5,1526,1531,0.1388
5,1528,1533,0.1388
5,1527,1532,0.1388
5,1524,1529,0.1388
5,1513,1518,0.1388
5,1499,1504,0.1388
5,1518,1523,0.1388
5,1524,1529,0.1388
5,1519,1524,0.1388
5,1506,1511,0.1388
5,1509,1514,0.1388
5,1516,1521,0.1388
5,1509,1514,0.1388
5,1495,1500,0.1388
5,1509,1514,0.1388
5,1504,1509,0.1388
5,1508,1513,0.1388
4,1509,1513,0.1388
4,1507,1511,0.1388
4,1503,1507,0.1388
4,1510,1514,0.1388
4,1509,1513,0.1388
4,1521,1525,0.1388
4,1514,1518,0.1388
4,1514,1518,0.1388
4,1497,1501,0.1388
4,1495,1499,0.1388
4,1505,1509,0.1388
4,1499,1503,0.1388
4,1506,1510,0.1388
4,1507,1511,0.1388
4,1495,1499,0.1388
4,1508,1512,0.1388
4,1510,1514,0.1388
4,1509,1513,0.1388
4,1514,1518,0.1388
3,1523,1526,0.1388
3,1523,1526,0.1388
3,1514,1517,0.1388
3,1505,1508,0.1388
2,1505,1507,0.1388
2,1520,1522,0.1388
2,1518,1520,0.1388
2,1514,1516,0.1388
2,1506,1508,0.1388
2,1496,1498,0.1388
2,1505,1507,0.1388
2,1505,1507,0.1388
3,1492,1495,0.1388
3,1507,1510,0.1388
3,1505,1508,0.1388
3,1507,1510,0.1388
3,1499,1502,0.1388
3,1503,1506,0.1388
3,1494,1497,0.1388
3,1498,1501,0.1388
3,1499,1502,0.1388
3,1503,1506,0.1388
3,1496,1499,0.1388
3,1502,1505,0.1388
3,1505,1508,0.1388
4,1521,1525,0.1388
3,1514,1517,0.1388
4,1503,1507,0.1388
5,1499,1504,0.1388
5,1504,1509,0.1388
5,1503,1508,0.1388
5,1506,1511,0.1388
5,1518,1523,0.1388
5,1512,1517,0.1388
5,1522,1527,0.1388
5,1512,1517,0.1388
5,1519,1524,0.1388
4,1529,1533,0.1388
4,1514,1518,0.1388
4,1518,1522,0.1388
4,1506,1510,0.1388
4,1512,1516,0.1388
4,1503,1507,0.1388
4,1513,1517,0.1388
4,1527,1531,0.1388
5,1508,1513,0.1388
4,1501,1505,0.1388
4,1518,1522,0.1388
4,1515,1519,0.1388
4,1524,1528,0.1388
4,1514,1518,0.1388
4,1523,1527,0.1388
4,1521,1525,0.1388
5,1517,1522,0.1388
5,1520,1525,0.1388
5,1505,1510,0.1388
5,1505,1510,0.1388
4,1513,1517,0.1388
3,1508,1511,0.1388
3,1513,1516,0.1388
3,1517,1520,0.1388
3,1517,1520,0.1388
3,1516,1519,0.1388
3,1514,1517,0.1388
3,1522,1525,0.1388
3,1506,1509,0.1388
3,1511,1514,0.1388
3,1520,1523,0.1388
2,1522,1524,0.1388
2,1520,1522,0.1388
2,1508,1510,0.1388
3,1525,1528,0.1388
3,1523,1526,0.1388
2,1522,1524,0.1388
2,1524,1526,0.1388
2,1524,1526,0.1388
2,1511,1513,0.1388
2,1511,1513,0.1388
2,1523,1525,0.1388
3,1518,1521,0.1388
3,1515,1518,0.1388
3,1523,1526,0.1388
4,1510,1514,0.1388
4,1512,1516,0.1388
4,1507,1511,0.1388
4,1512,1516,0.1388
6,1517,1523,0.1388
6,1519,1525,0.1388
6,1508,1514,0.1388
5,1507,1512,0.1388
5,1509,1514,0.1388
5,1512,1517,0.1388
5,1515,1520,0.1388
5,1510,1515,0.1388
5,1530,1535,0.1388
5,1510,1515,0.1388
7,1500,1507,0.1388
7,1508,1515,0.1388
7,1508,1515,0.1388
7,1518,1525,0.1388
6,1513,1519,0.1388
6,1516,1522,0.1388
6,1519,1525,0.1388
6,1505,1511,0.1388
6,1493,1499,0.1388
5,1497,1502,0.1388
5,1501,1506,0.1388
6,1496,1502,0.1388
6,1506,1512,0.1388
6,1512,1518,0.1388
6,1499,1505,0.1388
6,1500,1506,0.1388
6,1508,1514,0.1388
5,1506,1511,0.1388
4,1511,1515,0.1388
4,1522,1526,0.1388
4,1519,1523,0.1388
4,1512,1516,0.1388
4,1512,1516,0.1388
4,1519,1523,0.1388
4,1502,1506,0.1388
4,1512,1516,0.1388
4,1511,1515,0.1388
4,1521,1525,0.1388
4,1512,1516,0.1388
4,1512,1516,0.1388
4,1512,1516,0.1388
4,1493,1497,0.1388
4,1509,1513,0.1388
3,1502,1505,0.1388
3,1510,1513,0.1388
3,1505,1508,0.1388
4,1515,1519,0.1388
4,1522,1526,0.1388
2,1524,1526,0.1388
3,1522,1525,0.1388
4,1523,1527,0.1388
4,1521,1525,0.1388
4,1512,1516,0.1388
4,1519,1523,0.1388
4,1515,1519,0.1388
4,1509,1513,0.1388
4,1509,1513,0.1388
4,1497,1501,0.1388
4,1503,1507,0.1388
4,1516,1520,0.1388
4,1521,1525,0.1388
4,1519,1523,0.1388
4,1509,1513,0.1388
5,1514,1519,0.1388
5,1517,1522,0.1388
6,1492,1498,0.1388
6,1513,1519,0.1388
6,1522,1528,0.1388
6,1504,1510,0.1388
5,1508,1513,0.1388
6,1517,1523,0.1388
7,1518,1525,0.1388
7,1508,1515,0.1388
7,1517,1524,0.1388
8,1504,1512,0.1388
8,1514,1522,0.1388
8,1497,1505,0.1388
8,1502,1510,0.1388
8,1505,1513,0.1388
7,1511,1518,0.1388
7,1519,1526,0.1388
7,1511,1518,0.1388
7,1515,1522,0.1388
7,1514,1521,0.1388
7,1507,1514,0.1388
7,1500,1507,0.1388
7,1505,1512,0.1388
7,1503,1510,0.1388
7,1500,1507,0.1388
8,1510,1518,0.1388
8,1510,1518,0.1388
9,1517,1526,0.1388
8,1514,1522,0.1388
8,1516,1524,0.1388
8,1514,1522,0.1388
8,1508,1516,0.1388
8,1519,1527,0.1388
8,1520,1528,0.1388
8,1517,1525,0.1388
9,1512,1521,0.1388
8,1502,1510,0.1388
7,1487,1494,0.1388
8,1502,1510,0.1388
8,1501,1509,0.1388
8,1499,1507,0.1388
10,1509,1519,0.1388
10,1507,1517,0.1388
10,1493,1503,0.1388
9,1504,1513,0.1388
9,1513,1522,0.1388
9,1513,1522,0.1388
8,1509,1517,0.1388
9,1502,1511,0.1388
9,1506,1515,0.1388
9,1509,1518,0.1388
8,1528,1536,0.1388
7,1515,1522,0.1388
7,1509,1516,0.1388
7,1512,1519,0.1388
7,1500,1507,0.1388
7,1493,1500,0.1388
7,1493,1500,0.1388
7,1495,1502,0.1388
7,1508,1515,0.1388
7,1502,1509,0.1388
7,1521,1528,0.1388
8,1511,1519,0.1388
9,1509,1518,0.1388
9,1498,1507,0.1388
9,1494,1503,0.1388
9,1491,1500,0.1388
9,1492,1501,0.1388
9,1493,1502,0.1388
9,1500,1509,0.1388
9,1505,1514,0.1388
9,1506,1515,0.1388
9,1501,1510,0.1388
9,1501,1510,0.1388
9,1499,1508,0.1388
9,1495,1504,0.1388
8,1506,1514,0.1388
8,1517,1525,0.1388
8,1518,1526,0.1388
8,1510,1518,0.1388
8,1511,1519,0.1388
8,1498,1506,0.1388
8,1500,1508,0.1388
9,1512,1521,0.1388
9,1500,1509,0.1388
9,1489,1498,0.1388
9,1498,1507,0.1388
9,1505,1514,0.1388
9,1498,1507,0.1388
9,1486,1495,0.1388
9,1505,1514,0.1388
9,1497,1506,0.1388
9,1504,1513,0.1388
9,1512,1521,0.1388
9,1505,1514,0.1388
9,1505,1514,0.1388
9,1500,1509,0.1388
9,1501,1510,0.1388
9,1499,1508,0.1388
9,1517,1526,0.1388
9,1509,1518,0.1388
9,1515,1524,0.1388
10,1526,1536,0.1388
10,1515,1525,0.1388
10,1521,1531,0.1388
10,1508,1518,0.1388
11,1512,1523,0.1388
11,1517,1528,0.1388
11,1520,1531,0.1388
11,1510,1521,0.1388
11,1493,1504,0.1388
11,1498,1509,0.1388
11,1497,1508,0.1388
11,1484,1495,0.1388
11,1498,1509,0.1388
9,1497,1506,0.1388
9,1506,1515,0.1388
8,1495,1503,0.1388
8,1501,1509,0.1388
7,1514,1521,0.1388
7,1508,1515,0.1388
7,1498,1505,0.1388
8,1498,1506,0.1388
8,1501,1509,0.1388
7,1512,1519,0.1388
6,1519,1525,0.1388
6,1512,1518,0.1388
6,1509,1515,0.1388
7,1497,1504,0.1388
7,1505,1512,0.1388
7,1493,1500,0.1388
6,1504,1510,0.1388
6,1513,1519,0.1388
6,1504,1510,0.1388
7,1494,1501,0.1388
6,1494,1500,0.1388
6,1506,1512,0.1388
6,1517,1523,0.1388
6,1518,1524,0.1388
6,1517,1523,0.1388
6,1510,1516,0.1388
6,1515,1521,0.1388
6,1521,1527,0.1388
6,1526,1532,0.1388
6,1532,1538,0.1388
6,1527,1533,0.1388
6,1519,1525,0.1388
6,1526,1532,0.1388
6,1526,1532,0.1388
6,1528,1534,0.1388
7,1511,1518,0.1388
7,1503,1510,0.1388
7,1513,1520,0.1388
5,1506,1511,0.1388
5,1515,1520,0.1388
4,1533,1537,0.1388
4,1518,1522,0.1388
4,1529,1533,0.1388
4,1530,1534,0.1388
4,1525,1529,0.1388
4,1516,1520,0.1388
4,1508,1512,0.1388
4,1514,1518,0.1388
4,1517,1521,0.1388
4,1520,1524,0.1388
4,1524,1528,0.1388
4,1520,1524,0.1388
3,1523,1526,0.1388
3,1514,1517,0.1388
3,1510,1513,0.1388
3,1510,1513,0.1388
3,1515,1518,0.1388
3,1507,1510,0.1388
3,1514,1517,0.1388
3,1521,1524,0.1388
3,1521,1524,0.1388
5,1517,1522,0.1388
5,1514,1519,0.1388
5,1517,1522,0.1388
5,1526,1531,0.1388
5,1507,1512,0.1388
5,1513,1518,0.1388
5,1528,1533,0.1388
5,1512,1517,0.1388
5,1512,1517,0.1388
5,1510,1515,0.1388
5,1506,1511,0.1388
5,1513,1518,0.1388
5,1524,1529,0.1388
5,1506,1511,0.1388
5,1496,1501,0.1388
5,1486,1491,0.1388
5,1504,1509,0.1388
5,1509,1514,0.1388
5,1509,1514,0.1388
4,1507,1511,0.1388
4,1504,1508,0.1388
4,1503,1507,0.1388
4,1506,1510,0.1388
4,1489,1493,0.1388
4,1495,1499,0.1388
4,1500,1504,0.1388
5,1507,1512,0.1388
5,1496,1501,0.1388
5,1493,1498,0.1388
5,1513,1518,0.1388
5,1508,1513,0.1388
5,1517,1522,0.1388
5,1524,1529,0.1388
5,1520,1525,0.1388
5,1532,1537,0.1388
5,1529,1534,0.1388
5,1523,1528,0.1388
5,1511,1516,0.1388
5,1521,1526,0.1388
5,1510,1515,0.1388
5,1513,1518,0.1388
5,1516,1521,0.1388
5,1514,1519,0.1388
5,1512,1517,0.1388
5,1510,1515,0.1388
4,1514,1518,0.1388
4,1499,1503,0.1388
4,1505,1509,0.1388
4,1499,1503,0.1388
4,1506,1510,0.1388
4,1512,1516,0.1388
4,1515,1519,0.1388
4,1494,1498,0.1388
4,1501,1505,0.1388
4,1511,1515,0.1388
5,1516,1521,0.1388
5,1507,1512,0.1388
5,1527,1532,0.1388
5,1525,1530,0.1388
5,1525,1530,0.1388
5,1515,1520,0.1388
6,1524,1530,0.1388
6,1518,1524,0.1388
6,1514,1520,0.1388
5,1507,1512,0.1388
5,1508,1513,0.1388
5,1510,1515,0.1388
5,1514,1519,0.1388
4,1518,1522,0.1388
4,1511,1515,0.1388
4,1524,1528,0.1388
5,1511,1516,0.1388
5,1516,1521,0.1388
5,1513,1518,0.1388
5,1498,1503,0.1388
5,1492,1497,0.1388
5,1493,1498,0.1388
5,1504,1509,0.1388
5,1511,1516,0.1388
5,1505,1510,0.1388
5,1509,1514,0.1388
5,1521,1526,0.1388
5,1509,1514,0.1388
5,1523,1528,0.1388
5,1521,1526,0.1388
5,1521,1526,0.1388
5,1508,1513,0.1388
5,1503,1508,0.1388
4,1511,1515,0.1388
4,1511,1515,0.1388
4,1514,1518,0.1388
4,1512,1516,0.1388
4,1509,1513,0.1388
4,1521,1525,0.1388
4,1522,1526,0.1388
4,1509,1513,0.1388
4,1510,1514,0.1388
2,1518,1520,0.1388
2,1515,1517,0.1388
2,1514,1516,0.1388
2,1518,1520,0.1388
2,1524,1526,0.1388
2,1522,1524,0.1388
2,1526,1528,0.1388
2,1526,1528,0.1388
2,1532,1534,0.1388
2,1522,1524,0.1388
2,1511,1513,0.1388
2,1507,1509,0.1388
3,1509,1512,0.1388
3,1505,1508,0.1388
3,1525,1528,0.1388
3,1519,1522,0.1388
3,1519,1522,0.1388
2,1507,1509,0.1388
2,1503,1505,0.1388
2,1511,1513,0.1388
2,1512,1514,0.1388
2,1515,1517,0.1388
2,1497,1499,0.1388
2,1499,1501,0.1388
2,1505,1507,0.1388
2,1503,1505,0.1388
2,1497,1499,0.1388
2,1505,1507,0.1388
2,1502,1504,0.1388
2,1513,1515,0.1388
3,1510,1513,0.1388
3,1514,1517,0.1388
3,1514,1517,0.1388
3,1518,1521,0.1388
3,1512,1515,0.1388
3,1510,1513,0.1388
3,1514,1517,0.1388
3,1523,1526,0.1388
4,1517,1521,0.1388
4,1518,1522,0.1388
4,1507,1511,0.1388
4,1516,1520,0.1388
4,1515,1519,0.1388
4,1515,1519,0.1388
5,1515,1520,0.1388
6,1505,1511,0.1388
6,1505,1511,0.1388
6,1501,1507,0.1388
7,1497,1504,0.1388
6,1509,1515,0.1388
6,1518,1524,0.1388
6,1517,1523,0.1388
6,1526,1532,0.1388
5,1521,1526,0.1388
5,1511,1516,0.1388
5,1512,1517,0.1388
5,1511,1516,0.1388
5,1510,1515,0.1388
4,1510,1514,0.1388
4,1518,1522,0.1388
4,1519,1523,0.1388
4,1512,1516,0.1388
4,1515,1519,0.1388
4,1511,1515,0.1388
4,1516,1520,0.1388
4,1524,1528,0.1388
4,1512,1516,0.1388
3,1513,1516,0.1388
3,1520,1523,0.1388
3,1517,1520,0.1388
3,1514,1517,0.1388
3,1514,1517,0.1388
3,1522,1525,0.1388
3,1521,1524,0.1388
3,1518,1521,0.1388
3,1516,1519,0.1388
3,1518,1521,0.1388
3,1507,1510,0.1388
3,1511,1514,0.1388
3,1503,1506,0.1388
3,1499,1502,0.1388
3,1502,1505,0.1388
4,1499,1503,0.1388
4,1509,1513,0.1388
4,1513,1517,0.1388
3,1511,1514,0.1388
2,1509,1511,0.1388
2,1522,1524,0.1388
2,1510,1512,0.1388
2,1515,1517,0.1388
2,1514,1516,0.1388
2,1513,1515,0.1388
2,1506,1508,0.1388
2,1522,1524,0.1388
2,1527,1529,0.1388
2,1522,1524,0.1388
2,1525,1527,0.1388
2,1514,1516,0.1388
2,1521,1523,0.1388
2,1515,1517,0.1388
2,1504,1506,0.1388
3,1524,1527,0.1388
3,1520,1523,0.1388
3,1525,1528,0.1388
3,1517,1520,0.1388
3,1530,1533,0.1388
3,1524,1527,0.1388
2,1523,1525,0.1388
2,1517,1519,0.1388
2,1521,1523,0.1388
2,1511,1513,0.1388
2,1517,1519,0.1388
2,1525,1527,0.1388
3,1520,1523,0.1388
3,1524,1527,0.1388
3,1530,1533,0.1388
3,1521,1524,0.1388
2,1515,1517,0.1388
2,1510,1512,0.1388
2,1518,1520,0.1388
2,1517,1519,0.1388
2,1511,1513,0.1388
2,1507,1509,0.1388
2,1505,1507,0.1388
2,1508,1510,0.1388
2,1514,1516,0.1388
2,1522,1524,0.1388
2,1503,1505,0.1388
2,1517,1519,0.1388
2,1513,1515,0.1388
2,1508,1510,0.1388
2,1506,1508,0.1388
2,1525,1527,0.1388
2,1520,1522,0.1388
2,1523,1525,0.1388
2,1523,1525,0.1388
2,1515,1517,0.1388
2,1518,1520,0.1388
2,1511,1513,0.1388
2,1507,1509,0.1388
2,1509,1511,0.1388
2,1511,1513,0.1388
2,1519,1521,0.1388
2,1516,1518,0.1388
2,1503,1505,0.1388
2,1499,1501,0.1388
2,1508,1510,0.1388
2,1529,1531,0.1388
2,1514,1516,0.1388
2,1523,1525,0.1388
2,1510,1512,0.1388
2,1514,1516,0.1388
2,1518,1520,0.1388
2,1521,1523,0.1388
2,1518,1520,0.1388
2,1511,1513,0.1388
2,1518,1520,0.1388
2,1527,1529,0.1388
2,1523,1525,0.1388
2,1521,1523,0.1388
2,1520,1522,0.1388
2,1525,1527,0.1388
1,1524,1525,0.1388
1,1518,1519,0.1388
1,1517,1518,0.1388
1,1522,1523,0.1388
1,1518,1519,0.1388
1,1518,1519,0.1388
1,1521,1522,0.1388
1,1528,1529,0.1388
1,1516,1517,0.1388
1,1505,1506,0.1388
1,1530,1531,0.1388
1,1521,1522,0.1388
1,1515,1516,0.1388
1,1529,1530,0.1388
1,1513,1514,0.1388
1,1509,1510,0.1388
1,1515,1516,0.1388
1,1510,1511,0.1388
1,1509,1510,0.1388
1,1511,1512,0.1388
1,1506,1507,0.1388
1,1523,1524,0.1388
1,1518,1519,0.1388
1,1515,1516,0.1388
1,1522,1523,0.1388
1,1517,1518,0.1388
1,1521,1522,0.1388
1,1527,1528,0.1388
1,1525,1526,0.1388
1,1514,1515,0.1388
1,1516,1517,0.1388
2,1508,1510,0.1388
2,1517,1519,0.1388
2,1507,1509,0.1388
2,1512,1514,0.1388
2,1520,1522,0.1388
2,1516,1518,0.1388
3,1513,1516,0.1388
4,1506,1510,0.1388
4,1501,1505,0.1388
4,1513,1517,0.1388
4,1517,1521,0.1388
4,1504,1508,0.1388
4,1503,1507,0.1388
4,1518,1522,0.1388
3,1519,1522,0.1388
3,1505,1508,0.1388
3,1519,1522,0.1388
3,1536,1539,0.1388
3,1523,1526,0.1388
3,1527,1530,0.1388
3,1524,1527,0.1388
3,1529,1532,0.1388
3,1531,1534,0.1388
3,1528,1531,0.1388
3,1524,1527,0.1388
3,1509,1512,0.1388
3,1505,1508,0.1388
3,1500,1503,0.1388
3,1514,1517,0.1388
3,1505,1508,0.1388
2,1492,1494,0.1388
1,1510,1511,0.1388
1,1506,1507,0.1388
1,1506,1507,0.1388
1,1501,1502,0.1388
1,1516,1517,0.1388
1,1523,1524,0.1388
1,1521,1522,0.1388
1,1513,1514,0.1388
1,1523,1524,0.1388
1,1523,1524,0.1388
1,1517,1518,0.1388
1,1522,1523,0.1388
2,1516,1518,0.1388
1,1519,1520,0.1388
1,1512,1513,0.1388
1,1513,1514,0.1388
1,1522,1523,0.1388
1,1511,1512,0.1388
1,1515,1516,0.1388
1,1509,1510,0.1388
1,1517,1518,0.1388
1,1524,1525,0.1388
1,1529,1530,0.1388
1,1517,1518,0.1388
1,1518,1519,0.1388
1,1513,1514,0.1388
1,1518,1519,0.1388
1,1517,1518,0.1388
1,1523,1524,0.1388
1,1528,1529,0.1388
1,1516,1517,0.1388
1,1511,1512,0.1388
1,1510,1511,0.1388
1,1516,1517,0.1388
1,1514,1515,0.1388
1,1517,1518,0.1388
1,1521,1522,0.1388
1,1518,1519,0.1388
1,1524,1525,0.1388
1,1526,1527,0.1388
1,1518,1519,0.1388
1,1514,1515,0.1388
1,1515,1516,0.1388
1,1517,1518,0.1388
1,1516,1517,0.1388
1,1523,1524,0.1388
1,1517,1518,0.1388
1,1517,1518,0.1388
1,1507,1508,0.1388
1,1510,1511,0.1388
1,1515,1516,0.1388
1,1515,1516,0.1388
1,1521,1522,0.1388
1,1519,1520,0.1388
1,1513,1514,0.1388
1,1511,1512,0.1388
1,1519,1520,0.1388
1,1512,1513,0.1388
1,1522,1523,0.1388
1,1532,1533,0.1388
1,1519,1520,0.1388
1,1519,1520,0.1388
2,1519,1521,0.1388
2,1509,1511,0.1388
2,1507,1509,0.1388
2,1528,1530,0.1388
2,1530,1532,0.1388
2,1521,1523,0.1388
2,1529,1531,0.1388
2,1516,1518,0.1388
2,1508,1510,0.1388
2,1506,1508,0.1388
2,1505,1507,0.1388
3,1499,1502,0.1388
3,1501,1504,0.1388
3,1503,1506,0.1388
3,1515,1518,0.1388
3,1508,1511,0.1388
3,1515,1518,0.1388
3,1523,1526,0.1388
3,1525,1528,0.1388
3,1506,1509,0.1388
3,1514,1517,0.1388
3,1522,1525,0.1388
3,1511,1514,0.1388
3,1513,1516,0.1388
3,1500,1503,0.1388
4,1505,1509,0.1388
4,1515,1519,0.1388
4,1528,1532,0.1388
4,1513,1517,0.1388
4,1507,1511,0.1388
4,1509,1513,0.1388
3,1513,1516,0.1388
2,1504,1506,0.1388
2,1517,1519,0.1388
2,1527,1529,0.1388
2,1512,1514,0.1388
2,1512,1514,0.1388
2,1511,1513,0.1388
2,1515,1517,0.1388
2,1522,1524,0.1388
2,1516,1518,0.1388
2,1495,1497,0.1388
2,1496,1498,0.1388
2,1505,1507,0.1388
2,1496,1498,0.1388
2,1514,1516,0.1388
2,1532,1534,0.1388
2,1534,1536,0.1388
3,1526,1529,0.1388
3,1517,1520,0.1388
3,1516,1519,0.1388
3,1504,1507,0.1388
3,1503,1506,0.1388
3,1500,1503,0.1388
3,1510,1513,0.1388
3,1507,1510,0.1388
4,1517,1521,0.1388
4,1518,1522,0.1388
4,1509,1513,0.1388
4,1521,1525,0.1388
4,1504,1508,0.1388
3,1517,1520,0.1388
3,1503,1506,0.1388
4,1501,1505,0.1388
4,1515,1519,0.1388
3,1509,1512,0.1388
3,1508,1511,0.1388
3,1514,1517,0.1388
3,1501,1504,0.1388
3,1509,1512,0.1388
3,1529,1532,0.1388
3,1524,1527,0.1388
3,1522,1525,0.1388
3,1514,1517,0.1388
3,1513,1516,0.1388
3,1523,1526,0.1388
3,1513,1516,0.1388
3,1511,1514,0.1388
4,1507,1511,0.1388
4,1524,1528,0.1388
4,1522,1526,0.1388
4,1518,1522,0.1388
4,1519,1523,0.1388
4,1513,1517,0.1388
4,1509,1513,0.1388
4,1501,1505,0.1388
4,1510,1514,0.1388
4,1508,1512,0.1388
4,1505,1509,0.1388
4,1503,1507,0.1388
4,1515,1519,0.1388
3,1509,1512,0.1388
3,1514,1517,0.1388
3,1515,1518,0.1388
2,1514,1516,0.1388
2,1516,1518,0.1388
2,1520,1522,0.1388
2,1518,1520,0.1388
2,1524,1526,0.1388
2,1517,1519,0.1388
2,1510,1512,0.1388
2,1498,1500,0.1388
1,1514,1515,0.1388
1,1512,1513,0.1388
1,1506,1507,0.1388
1,1508,1509,0.1388
1,1507,1508,0.1388
1,1524,1525,0.1388
1,1521,1522,0.1388
1,1516,1517,0.1388
1,1523,1524,0.1388
1,1514,1515,0.1388
0,1516,1516,0.1388
