1364,30,1394,0.1388
1381,31,1412,0.1388
1393,33,1426,0.1388
1412,34,1446,0.1388
1424,34,1458,0.1388
1438,32,1470,0.1388
1449,31,1480,0.1388
1455,31,1486,0.1388
1461,31,1492,0.1388
1469,32,1501,0.1388
1468,33,1501,0.1388
1464,33,1497,0.1388
1459,33,1492,0.1388
1458,32,1490,0.1388
1461,33,1494,0.1388
1465,33,1498,0.1388
1457,35,1492,0.1388
1458,36,1494,0.1388
1467,35,1502,0.1388
1470,35,1505,0.1388
1469,36,1505,0.1388
1453,35,1488,0.1388
1453,35,1488,0.1388
1458,39,1497,0.1388
1454,39,1493,0.1388
1455,39,1494,0.1388
1449,39,1488,0.1388
1447,40,1487,0.1388
1457,40,1497,0.1388
1453,39,1492,0.1388
1460,35,1495,0.1388
1460,36,1496,0.1388
1438,36,1474,0.1388
1448,38,1486,0.1388
1456,39,1495,0.1388
1458,39,1497,0.1388
1459,38,1497,0.1388
1459,40,1499,0.1388
1454,41,1495,0.1388
1462,44,1506,0.1388
1460,46,1506,0.1388
1458,46,1504,0.1388
1448,46,1494,0.1388
1444,45,1489,0.1388
1448,47,1495,0.1388
1446,48,1494,0.1388
1441,47,1488,0.1388
1441,49,1490,0.1388
1444,48,1492,0.1388
1449,46,1495,0.1388
1454,49,1503,0.1388
1453,48,1501,0.1388
1455,48,1503,0.1388
1445,49,1494,0.1388
1443,48,1491,0.1388
1438,49,1487,0.1388
1433,49,1482,0.1388
1427,47,1474,0.1388
1437,47,1484,0.1388
1443,47,1490,0.1388
1439,47,1486,0.1388
1442,46,1488,0.1388
1445,44,1489,0.1388
1442,44,1486,0.1388
1448,43,1491,0.1388
1446,43,1489,0.1388
1453,43,1496,0.1388
1455,44,1499,0.1388
1452,46,1498,0.1388
1449,46,1495,0.1388
1448,46,1494,0.1388
1452,47,1499,0.1388
1454,47,1501,0.1388
1452,44,1496,0.1388
1456,43,1499,0.1388
1460,44,1504,0.1388
1453,45,1498,0.1388
1446,46,1492,0.1388
1451,47,1498,0.1388
1434,48,1482,0.1388
1438,45,1483,0.1388
1440,49,1489,0.1388
1441,47,1488,0.1388
1455,45,1500,0.1388
1452,44,1496,0.1388
1453,47,1500,0.1388
1455,49,1504,0.1388
1457,48,1505,0.1388
1430,49,1479,0.1388
1438,48,1486,0.1388
1424,49,1473,0.1388
1433,51,1484,0.1388
1432,53,1485,0.1388
1431,51,1482,0.1388
1436,50,1486,0.1388
1451,51,1502,0.1388
1449,50,1499,0.1388
1443,49,1492,0.1388
1446,51,1497,0.1388
1442,53,1495,0.1388
1441,53,1494,0.1388
1443,54,1497,0.1388
1447,54,1501,0.1388
1446,54,1500,0.1388
1458,52,1510,0.1388
1459,50,1509,0.1388
1457,49,1506,0.1388
1449,51,1500,0.1388
1442,53,1495,0.1388
1433,54,1487,0.1388
1440,53,1493,0.1388
1437,55,1492,0.1388
1444,55,1499,0.1388
1438,55,1493,0.1388
1442,56,1498,0.1388
1439,55,1494,0.1388
1451,58,1509,0.1388
1442,53,1495,0.1388
1433,54,1487,0.1388
1444,56,1500,0.1388
1440,53,1493,0.1388
1423,55,1478,0.1388
1433,57,1490,0.1388
1422,59,1481,0.1388
1440,58,1498,0.1388
1443,59,1502,0.1388
1438,59,1497,0.1388
1439,61,1500,0.1388
1425,60,1485,0.1388
1426,60,1486,0.1388
1421,61,1482,0.1388
1428,63,1491,0.1388
1432,63,1495,0.1388
1437,62,1499,0.1388
1431,64,1495,0.1388
1439,65,1504,0.1388
1433,66,1499,0.1388
1449,63,1512,0.1388
1438,65,1503,0.1388
1433,68,1501,0.1388
1418,70,1488,0.1388
1417,70,1487,0.1388
1409,68,1477,0.1388
1404,70,1474,0.1388
1404,68,1472,0.1388
1397,66,1463,0.1388
1412,64,1476,0.1388
1411,64,1475,0.1388
1409,64,1473,0.1388
1427,67,1494,0.1388
1431,68,1499,0.1388
1425,68,1493,0.1388
1430,67,1497,0.1388
1447,67,1514,0.1388
1437,66,1503,0.1388
1444,66,1510,0.1388
1446,64,1510,0.1388
1438,62,1500,0.1388
1437,63,1500,0.1388
1449,65,1514,0.1388
1439,65,1504,0.1388
1436,64,1500,0.1388
1426,67,1493,0.1388
1410,65,1475,0.1388
1419,66,1485,0.1388
1418,67,1485,0.1388
1413,69,1482,0.1388
1419,69,1488,0.1388
1418,69,1487,0.1388
1429,71,1500,0.1388
1414,73,1487,0.1388
1424,74,1498,0.1388
1419,74,1493,0.1388
1432,73,1505,0.1388
1422,75,1497,0.1388
1427,75,1502,0.1388
1403,77,1480,0.1388
1415,77,1492,0.1388
1424,78,1502,0.1388
1418,79,1497,0.1388
1408,79,1487,0.1388
1406,77,1483,0.1388
1410,79,1489,0.1388
1404,78,1482,0.1388
1399,78,1477,0.1388
1403,79,1482,0.1388
1404,77,1481,0.1388
1417,76,1493,0.1388
1420,78,1498,0.1388
1434,80,1514,0.1388
1424,81,1505,0.1388
1423,85,1508,0.1388
1409,86,1495,0.1388
1400,89,1489,0.1388
1406,93,1499,0.1388
1408,96,1504,0.1388
1404,95,1499,0.1388
1404,89,1493,0.1388
1404,91,1495,0.1388
1394,87,1481,0.1388
1393,85,1478,0.1388
1397,89,1486,0.1388
1401,92,1493,0.1388
1388,92,1480,0.1388
1377,94,1471,0.1388
1386,96,1482,0.1388
1385,94,1479,0.1388
1371,95,1466,0.1388
1382,95,1477,0.1388
1394,93,1487,0.1388
1400,95,1495,0.1388
1411,95,1506,0.1388
1399,96,1495,0.1388
1397,96,1493,0.1388
1386,96,1482,0.1388
1383,95,1478,0.1388
1387,96,1483,0.1388
1384,95,1479,0.1388
1390,91,1481,0.1388
1394,89,1483,0.1388
1402,87,1489,0.1388
1408,87,1495,0.1388
1401,90,1491,0.1388
1397,88,1485,0.1388
1401,89,1490,0.1388
1397,88,1485,0.1388
1420,88,1508,0.1388
1418,91,1509,0.1388
1424,92,1516,0.1388
1433,92,1525,0.1388
1424,91,1515,0.1388
1405,89,1494,0.1388
1409,90,1499,0.1388
1418,90,1508,0.1388
1413,91,1504,0.1388
1413,88,1501,0.1388
1415,89,1504,0.1388
1411,91,1502,0.1388
1412,92,1504,0.1388
1407,96,1503,0.1388
1393,95,1488,0.1388
1394,99,1493,0.1388
1381,98,1479,0.1388
1383,101,1484,0.1388
1391,99,1490,0.1388
1396,100,1496,0.1388
1399,101,1500,0.1388
1406,100,1506,0.1388
1404,99,1503,0.1388
1413,104,1517,0.1388
1401,102,1503,0.1388
1396,100,1496,0.1388
1389,97,1486,0.1388
1394,102,1496,0.1388
1391,101,1492,0.1388
1402,105,1507,0.1388
1392,106,1498,0.1388
1389,105,1494,0.1388
1391,104,1495,0.1388
1387,105,1492,0.1388
1385,104,1489,0.1388
1397,105,1502,0.1388
1396,105,1501,0.1388
1399,106,1505,0.1388
1399,102,1501,0.1388
1391,100,1491,0.1388
1383,101,1484,0.1388
1385,101,1486,0.1388
1379,99,1478,0.1388
1389,98,1487,0.1388
1389,100,1489,0.1388
1394,101,1495,0.1388
1404,104,1508,0.1388
1392,106,1498,0.1388
1403,108,1511,0.1388
1391,105,1496,0.1388
1382,104,1486,0.1388
1396,102,1498,0.1388
1411,95,1506,0.1388
1404,99,1503,0.1388
1385,103,1488,0.1388
1380,105,1485,0.1388
1375,106,1481,0.1388
1393,105,1498,0.1388
1396,111,1507,0.1388
1390,109,1499,0.1388
1396,111,1507,0.1388
1389,109,1498,0.1388
1383,111,1494,0.1388
1388,115,1503,0.1388
1372,118,1490,0.1388
1375,116,1491,0.1388
1362,120,1482,0.1388
1373,121,1494,0.1388
1365,121,1486,0.1388
1365,120,1485,0.1388
1372,116,1488,0.1388
1400,118,1518,0.1388
1390,118,1508,0.1388
1391,120,1511,0.1388
1389,120,1509,0.1388
1377,122,1499,0.1388
1382,122,1504,0.1388
1381,124,1505,0.1388
1377,123,1500,0.1388
1371,122,1493,0.1388
1374,119,1493,0.1388
1362,121,1483,0.1388
1369,121,1490,0.1388
1366,123,1489,0.1388
1369,122,1491,0.1388
1365,124,1489,0.1388
1372,127,1499,0.1388
1367,125,1492,0.1388
1359,125,1484,0.1388
1360,123,1483,0.1388
1363,124,1487,0.1388
1357,128,1485,0.1388
1364,126,1490,0.1388
1369,126,1495,0.1388
1360,127,1487,0.1388
1364,128,1492,0.1388
1360,126,1486,0.1388
1360,127,1487,0.1388
1361,127,1488,0.1388
1360,123,1483,0.1388
1364,123,1487,0.1388
1366,125,1491,0.1388
1369,130,1499,0.1388
1370,130,1500,0.1388
1359,129,1488,0.1388
1378,133,1511,0.1388
1373,134,1507,0.1388
1377,138,1515,0.1388
1377,137,1514,0.1388
1367,135,1502,0.1388
1369,135,1504,0.1388
1373,137,1510,0.1388
1372,140,1512,0.1388
1373,136,1509,0.1388
1361,136,1497,0.1388
1359,131,1490,0.1388
1368,133,1501,0.1388
1359,134,1493,0.1388
1373,131,1504,0.1388
1365,129,1494,0.1388
1361,131,1492,0.1388
1357,133,1490,0.1388
1361,134,1495,0.1388
1370,133,1503,0.1388
1372,132,1504,0.1388
1370,129,1499,0.1388
1366,130,1496,0.1388
1370,128,1498,0.1388
1363,131,1494,0.1388
1375,130,1505,0.1388
1376,131,1507,0.1388
1365,127,1492,0.1388
1376,128,1504,0.1388
1391,124,1515,0.1388
1378,126,1504,0.1388
1389,127,1516,0.1388
1385,130,1515,0.1388
1374,130,1504,0.1388
1383,132,1515,0.1388
1367,129,1496,0.1388
1371,128,1499,0.1388
1357,129,1486,0.1388
1367,131,1498,0.1388
1354,131,1485,0.1388
1353,127,1480,0.1388
1342,129,1471,0.1388
1351,135,1486,0.1388
1359,135,1494,0.1388
1363,140,1503,0.1388
1365,143,1508,0.1388
1360,145,1505,0.1388
1350,148,1498,0.1388
1346,150,1496,0.1388
1347,149,1496,0.1388
1351,152,1503,0.1388
1366,151,1517,0.1388
1368,150,1518,0.1388
1362,151,1513,0.1388
1351,152,1503,0.1388
1350,155,1505,0.1388
1350,153,1503,0.1388
1349,152,1501,0.1388
1348,149,1497,0.1388
1337,149,1486,0.1388
1354,150,1504,0.1388
1350,149,1499,0.1388
1358,147,1505,0.1388
1350,146,1496,0.1388
1335,150,1485,0.1388
1341,147,1488,0.1388
1344,149,1493,0.1388
1343,148,1491,0.1388
1342,143,1485,0.1388
1346,147,1493,0.1388
1340,148,1488,0.1388
1334,152,1486,0.1388
1346,149,1495,0.1388
1335,151,1486,0.1388
1334,156,1490,0.1388
1339,153,1492,0.1388
1339,155,1494,0.1388
1338,157,1495,0.1388
1333,156,1489,0.1388
1337,151,1488,0.1388
1342,150,1492,0.1388
1351,150,1501,0.1388
1341,152,1493,0.1388
1338,157,1495,0.1388
1344,156,1500,0.1388
1339,156,1495,0.1388
1336,152,1488,0.1388
1345,151,1496,0.1388
1335,151,1486,0.1388
1335,146,1481,0.1388
1335,157,1492,0.1388
1312,159,1471,0.1388
1331,160,1491,0.1388
1336,156,1492,0.1388
1337,159,1496,0.1388
1347,164,1511,0.1388
1339,164,1503,0.1388
1341,160,1501,0.1388
1348,152,1500,0.1388
1356,153,1509,0.1388
1347,155,1502,0.1388
1344,163,1507,0.1388
1330,163,1493,0.1388
1328,161,1489,0.1388
1331,160,1491,0.1388
1334,167,1501,0.1388
1330,168,1498,0.1388
1315,165,1480,0.1388
1320,170,1490,0.1388
1321,167,1488,0.1388
1327,171,1498,0.1388
1334,170,1504,0.1388
1335,170,1505,0.1388
1330,171,1501,0.1388
1329,171,1500,0.1388
1334,170,1504,0.1388
1318,172,1490,0.1388
1310,172,1482,0.1388
1319,177,1496,0.1388
1303,179,1482,0.1388
1314,182,1496,0.1388
1309,180,1489,0.1388
1302,182,1484,0.1388
1308,182,1490,0.1388
1314,184,1498,0.1388
1309,185,1494,0.1388
1322,182,1504,0.1388
1324,185,1509,0.1388
1307,182,1489,0.1388
1301,182,1483,0.1388
1302,184,1486,0.1388
1285,181,1466,0.1388
1290,181,1471,0.1388
1296,185,1481,0.1388
1308,182,1490,0.1388
1298,185,1483,0.1388
1304,180,1484,0.1388
1317,183,1500,0.1388
1324,182,1506,0.1388
1316,186,1502,0.1388
1314,185,1499,0.1388
1309,185,1494,0.1388
1314,184,1498,0.1388
1301,189,1490,0.1388
1285,192,1477,0.1388
1298,192,1490,0.1388
1307,190,1497,0.1388
1300,187,1487,0.1388
1306,187,1493,0.1388
1299,191,1490,0.1388
1299,186,1485,0.1388
1307,191,1498,0.1388
1307,189,1496,0.1388
1317,186,1503,0.1388
1316,191,1507,0.1388
1315,192,1507,0.1388
1321,189,1510,0.1388
1332,186,1518,0.1388
1321,187,1508,0.1388
1308,191,1499,0.1388
1313,189,1502,0.1388
1310,188,1498,0.1388
1307,190,1497,0.1388
1316,189,1505,0.1388
1317,188,1505,0.1388
1305,186,1491,0.1388
1301,187,1488,0.1388
1298,187,1485,0.1388
1298,185,1483,0.1388
1293,185,1478,0.1388
1288,195,1483,0.1388
1298,195,1493,0.1388
1305,194,1499,0.1388
1297,191,1488,0.1388
1308,195,1503,0.1388
1291,194,1485,0.1388
1296,196,1492,0.1388
1291,191,1482,0.1388
1297,189,1486,0.1388
1303,190,1493,0.1388
1315,187,1502,0.1388
1330,187,1517,0.1388
1308,190,1498,0.1388
1309,183,1492,0.1388
1301,188,1489,0.1388
1293,192,1485,0.1388
1297,194,1491,0.1388
1292,193,1485,0.1388
1290,195,1485,0.1388
1295,196,1491,0.1388
1290,200,1490,0.1388
1284,203,1487,0.1388
1296,199,1495,0.1388
1302,195,1497,0.1388
1303,197,1500,0.1388
1294,199,1493,0.1388
1295,195,1490,0.1388
1284,201,1485,0.1388
1287,201,1488,0.1388
1289,202,1491,0.1388
1286,203,1489,0.1388
1299,201,1500,0.1388
1297,205,1502,0.1388
1283,209,1492,0.1388
1273,208,1481,0.1388
1260,214,1474,0.1388
1276,214,1490,0.1388
1273,217,1490,0.1388
1274,217,1491,0.1388
1283,217,1500,0.1388
1269,214,1483,0.1388
1271,214,1485,0.1388
1270,216,1486,0.1388
1272,222,1494,0.1388
1279,223,1502,0.1388
1293,226,1519,0.1388
1284,223,1507,0.1388
1286,218,1504,0.1388
1270,217,1487,0.1388
1276,217,1493,0.1388
1285,219,1504,0.1388
1283,222,1505,0.1388
1284,225,1509,0.1388
1279,228,1507,0.1388
1279,233,1512,0.1388
1274,230,1504,0.1388
1274,234,1508,0.1388
1270,232,1502,0.1388
1261,235,1496,0.1388
1256,235,1491,0.1388
1257,233,1490,0.1388
1250,232,1482,0.1388
1243,235,1478,0.1388
1259,233,1492,0.1388
1260,234,1494,0.1388
1257,233,1490,0.1388
1256,235,1491,0.1388
1252,237,1489,0.1388
1263,243,1506,0.1388
1270,244,1514,0.1388
1283,247,1530,0.1388
1264,249,1513,0.1388
1254,251,1505,0.1388
1259,254,1513,0.1388
1257,250,1507,0.1388
1244,246,1490,0.1388
1247,245,1492,0.1388
1262,243,1505,0.1388
1263,249,1512,0.1388
1268,256,1524,0.1388
1264,259,1523,0.1388
1258,260,1518,0.1388
1257,258,1515,0.1388
1259,257,1516,0.1388
1264,252,1516,0.1388
1262,252,1514,0.1388
1247,252,1499,0.1388
1236,257,1493,0.1388
1238,258,1496,0.1388
1245,263,1508,0.1388
1244,260,1504,0.1388
1234,253,1487,0.1388
1243,250,1493,0.1388
1228,245,1473,0.1388
1230,249,1479,0.1388
1223,254,1477,0.1388
1242,253,1495,0.1388
1234,253,1487,0.1388
1231,258,1489,0.1388
1227,259,1486,0.1388
1230,260,1490,0.1388
1233,261,1494,0.1388
1237,258,1495,0.1388
1232,260,1492,0.1388
1238,263,1501,0.1388
1231,264,1495,0.1388
1230,259,1489,0.1388
1205,260,1465,0.1388
1224,268,1492,0.1388
1234,269,1503,0.1388
1240,268,1508,0.1388
1231,267,1498,0.1388
1225,265,1490,0.1388
1215,267,1482,0.1388
1209,264,1473,0.1388
1219,262,1481,0.1388
1230,264,1494,0.1388
1247,260,1507,0.1388
1240,252,1492,0.1388
1232,244,1476,0.1388
1240,242,1482,0.1388
1237,249,1486,0.1388
1249,251,1500,0.1388
1241,254,1495,0.1388
1246,253,1499,0.1388
1238,257,1495,0.1388
1238,260,1498,0.1388
1239,269,1508,0.1388
1234,264,1498,0.1388
1246,265,1511,0.1388
1243,257,1500,0.1388
1242,260,1502,0.1388
1246,266,1512,0.1388
1241,262,1503,0.1388
1230,258,1488,0.1388
1214,258,1472,0.1388
1211,256,1467,0.1388
1223,260,1483,0.1388
1216,265,1481,0.1388
1214,264,1478,0.1388
1216,258,1474,0.1388
1225,263,1488,0.1388
1237,259,1496,0.1388
1239,259,1498,0.1388
1248,260,1508,0.1388
1242,264,1506,0.1388
1218,264,1482,0.1388
1212,270,1482,0.1388
1224,270,1494,0.1388
1230,266,1496,0.1388
1236,268,1504,0.1388
1232,264,1496,0.1388
1240,263,1503,0.1388
1244,256,1500,0.1388
1235,249,1484,0.1388
1232,250,1482,0.1388
1229,254,1483,0.1388
1238,252,1490,0.1388
1249,248,1497,0.1388
1247,247,1494,0.1388
1251,244,1495,0.1388
1250,249,1499,0.1388
1257,252,1509,0.1388
1258,249,1507,0.1388
1264,250,1514,0.1388
1244,256,1500,0.1388
1248,257,1505,0.1388
1242,256,1498,0.1388
1239,252,1491,0.1388
1238,250,1488,0.1388
1232,251,1483,0.1388
1237,254,1491,0.1388
1236,256,1492,0.1388
1244,265,1509,0.1388
1246,260,1506,0.1388
1239,259,1498,0.1388
1230,262,1492,0.1388
1228,261,1489,0.1388
1218,261,1479,0.1388
1219,260,1479,0.1388
1225,257,1482,0.1388
1226,259,1485,0.1388
1220,261,1481,0.1388
1217,270,1487,0.1388
1238,272,1510,0.1388
1230,274,1504,0.1388
1221,274,1495,0.1388
1221,271,1492,0.1388
1227,267,1494,0.1388
1234,265,1499,0.1388
1246,265,1511,0.1388
1243,266,1509,0.1388
1243,270,1513,0.1388
1238,269,1507,0.1388
1239,264,1503,0.1388
1241,270,1511,0.1388
1245,274,1519,0.1388
1237,270,1507,0.1388
1238,271,1509,0.1388
1218,275,1493,0.1388
1223,271,1494,0.1388
1223,266,1489,0.1388
1224,270,1494,0.1388
1230,278,1508,0.1388
1228,281,1509,0.1388
1222,283,1505,0.1388
1224,286,1510,0.1388
1214,293,1507,0.1388
1214,286,1500,0.1388
1219,290,1509,0.1388
1223,289,1512,0.1388
1211,287,1498,0.1388
1201,288,1489,0.1388
1205,286,1491,0.1388
1216,286,1502,0.1388
1204,285,1489,0.1388
1208,284,1492,0.1388
1213,283,1496,0.1388
1213,284,1497,0.1388
1209,286,1495,0.1388
1220,284,1504,0.1388
1216,285,1501,0.1388
1215,286,1501,0.1388
1211,290,1501,0.1388
1208,299,1507,0.1388
1210,301,1511,0.1388
1202,298,1500,0.1388
1216,294,1510,0.1388
1203,291,1494,0.1388
1207,295,1502,0.1388
1208,291,1499,0.1388
1205,292,1497,0.1388
1203,291,1494,0.1388
1195,292,1487,0.1388
1209,294,1503,0.1388
1215,291,1506,0.1388
1208,294,1502,0.1388
1201,294,1495,0.1388
1213,291,1504,0.1388
1202,290,1492,0.1388
1205,295,1500,0.1388
1195,294,1489,0.1388
1191,294,1485,0.1388
1195,294,1489,0.1388
1190,298,1488,0.1388
1204,307,1511,0.1388
1209,306,1515,0.1388
1198,302,1500,0.1388
1183,308,1491,0.1388
1187,305,1492,0.1388
1185,303,1488,0.1388
1177,306,1483,0.1388
1173,309,1482,0.1388
1177,315,1492,0.1388
1182,308,1490,0.1388
1172,314,1486,0.1388
1164,315,1479,0.1388
1163,313,1476,0.1388
1168,312,1480,0.1388
1182,313,1495,0.1388
1155,310,1465,0.1388
1161,316,1477,0.1388
1152,318,1470,0.1388
1160,316,1476,0.1388
1164,315,1479,0.1388
1162,315,1477,0.1388
1167,315,1482,0.1388
1182,313,1495,0.1388
1171,319,1490,0.1388
1165,316,1481,0.1388
1164,318,1482,0.1388
1162,319,1481,0.1388
1157,327,1484,0.1388
1164,328,1492,0.1388
1180,330,1510,0.1388
1168,325,1493,0.1388
1166,322,1488,0.1388
1168,322,1490,0.1388
1172,330,1502,0.1388
1170,331,1501,0.1388
1166,326,1492,0.1388
1160,327,1487,0.1388
1169,333,1502,0.1388
1174,333,1507,0.1388
1171,324,1495,0.1388
1176,326,1502,0.1388
1181,336,1517,0.1388
1174,334,1508,0.1388
1161,335,1496,0.1388
1157,339,1496,0.1388
1157,341,1498,0.1388
1152,343,1495,0.1388
1148,343,1491,0.1388
1133,345,1478,0.1388
1133,348,1481,0.1388
1139,350,1489,0.1388
1132,352,1484,0.1388
1131,357,1488,0.1388
1135,359,1494,0.1388
1139,354,1493,0.1388
1139,352,1491,0.1388
1132,345,1477,0.1388
1128,347,1475,0.1388
1138,350,1488,0.1388
1142,348,1490,0.1388
1161,351,1512,0.1388
1173,353,1526,0.1388
1168,351,1519,0.1388
1171,351,1522,0.1388
1165,346,1511,0.1388
1165,343,1508,0.1388
1162,343,1505,0.1388
1163,346,1509,0.1388
1158,347,1505,0.1388
1151,350,1501,0.1388
1146,350,1496,0.1388
1155,353,1508,0.1388
1164,347,1511,0.1388
1162,345,1507,0.1388
1163,336,1499,0.1388
1159,340,1499,0.1388
1172,344,1516,0.1388
1171,339,1510,0.1388
1170,340,1510,0.1388
1172,340,1512,0.1388
1171,339,1510,0.1388
1165,337,1502,0.1388
1155,346,1501,0.1388
1145,346,1491,0.1388
1140,344,1484,0.1388
1156,346,1502,0.1388
1151,351,1502,0.1388
1150,350,1500,0.1388
1155,342,1497,0.1388
1159,346,1505,0.1388
1152,346,1498,0.1388
1153,344,1497,0.1388
1151,344,1495,0.1388
1152,346,1498,0.1388
1143,350,1493,0.1388
1161,345,1506,0.1388
1152,350,1502,0.1388
1156,349,1505,0.1388
1161,345,1506,0.1388
1159,344,1503,0.1388
1150,344,1494,0.1388
1149,348,1497,0.1388
1166,344,1510,0.1388
1153,345,1498,0.1388
1171,340,1511,0.1388
1155,340,1495,0.1388
1166,336,1502,0.1388
1162,340,1502,0.1388
1166,345,1511,0.1388
1155,343,1498,0.1388
1154,338,1492,0.1388
1145,343,1488,0.1388
1149,346,1495,0.1388
1150,342,1492,0.1388
1154,346,1500,0.1388
1153,340,1493,0.1388
1151,339,1490,0.1388
1146,343,1489,0.1388
1135,345,1480,0.1388
1139,346,1485,0.1388
1140,344,1484,0.1388
1134,347,1481,0.1388
1140,345,1485,0.1388
1145,347,1492,0.1388
1147,351,1498,0.1388
1155,355,1510,0.1388
1155,357,1512,0.1388
1147,354,1501,0.1388
1144,348,1492,0.1388
1135,352,1487,0.1388
1137,351,1488,0.1388
1139,352,1491,0.1388
1125,355,1480,0.1388
1123,355,1478,0.1388
1127,359,1486,0.1388
1123,363,1486,0.1388
1125,360,1485,0.1388
1125,361,1486,0.1388
1121,353,1474,0.1388
1123,353,1476,0.1388
1121,361,1482,0.1388
1115,362,1477,0.1388
1121,365,1486,0.1388
1126,366,1492,0.1388
1120,369,1489,0.1388
1121,375,1496,0.1388
1117,375,1492,0.1388
1130,375,1505,0.1388
1127,378,1505,0.1388
1117,377,1494,0.1388
1128,380,1508,0.1388
1119,375,1494,0.1388
1117,376,1493,0.1388
1119,383,1502,0.1388
1123,380,1503,0.1388
1126,381,1507,0.1388
1115,385,1500,0.1388
1109,386,1495,0.1388
1108,386,1494,0.1388
1102,388,1490,0.1388
1103,388,1491,0.1388
1116,394,1510,0.1388
1112,392,1504,0.1388
1105,390,1495,0.1388
1106,395,1501,0.1388
1099,390,1489,0.1388
1093,386,1479,0.1388
1098,383,1481,0.1388
1099,382,1481,0.1388
1085,389,1474,0.1388
1089,396,1485,0.1388
1083,398,1481,0.1388
1082,396,1478,0.1388
1083,398,1481,0.1388
1095,397,1492,0.1388
1090,404,1494,0.1388
1096,403,1499,0.1388
1091,398,1489,0.1388
1082,403,1485,0.1388
1075,406,1481,0.1388
1085,404,1489,0.1388
1073,402,1475,0.1388
1081,410,1491,0.1388
1074,409,1483,0.1388
1071,409,1480,0.1388
1076,409,1485,0.1388
1081,408,1489,0.1388
1086,409,1495,0.1388
1076,407,1483,0.1388
1081,410,1491,0.1388
1078,411,1489,0.1388
1086,409,1495,0.1388
1088,410,1498,0.1388
1107,414,1521,0.1388
1108,412,1520,0.1388
1110,403,1513,0.1388
1094,404,1498,0.1388
1092,403,1495,0.1388
1084,411,1495,0.1388
1086,408,1494,0.1388
1079,419,1498,0.1388
1073,423,1496,0.1388
1072,424,1496,0.1388
1067,427,1494,0.1388
1066,427,1493,0.1388
1074,430,1504,0.1388
1077,436,1513,0.1388
1074,440,1514,0.1388
1068,445,1513,0.1388
1061,445,1506,0.1388
1060,444,1504,0.1388
1050,452,1502,0.1388
1057,446,1503,0.1388
1062,444,1506,0.1388
1061,441,1502,0.1388
1055,443,1498,0.1388
1059,447,1506,0.1388
1064,443,1507,0.1388
1065,439,1504,0.1388
1067,438,1505,0.1388
1047,438,1485,0.1388
1047,443,1490,0.1388
1040,450,1490,0.1388
1042,454,1496,0.1388
1048,455,1503,0.1388
1037,460,1497,0.1388
1034,465,1499,0.1388
1034,460,1494,0.1388
1040,458,1498,0.1388
1055,455,1510,0.1388
1062,454,1516,0.1388
1061,444,1505,0.1388
1045,447,1492,0.1388
1044,455,1499,0.1388
1038,456,1494,0.1388
1045,460,1505,0.1388
1036,458,1494,0.1388
1038,456,1494,0.1388
1047,461,1508,0.1388
1045,469,1514,0.1388
1037,479,1516,0.1388
1017,480,1497,0.1388
1006,482,1488,0.1388
1013,481,1494,0.1388
1009,481,1490,0.1388
1007,479,1486,0.1388
1011,479,1490,0.1388
1017,483,1500,0.1388
1016,480,1496,0.1388
1014,481,1495,0.1388
1017,485,1502,0.1388
1019,487,1506,0.1388
1020,489,1509,0.1388
1015,495,1510,0.1388
1015,497,1512,0.1388
1011,499,1510,0.1388
1010,501,1511,0.1388
1018,496,1514,0.1388
1011,504,1515,0.1388
1010,502,1512,0.1388
1010,503,1513,0.1388
1011,505,1516,0.1388
997,502,1499,0.1388
1002,507,1509,0.1388
1003,503,1506,0.1388
1001,499,1500,0.1388
991,495,1486,0.1388
1000,495,1495,0.1388
989,494,1483,0.1388
989,500,1489,0.1388
986,499,1485,0.1388
984,501,1485,0.1388
984,506,1490,0.1388
991,514,1505,0.1388
993,519,1512,0.1388
999,515,1514,0.1388
991,507,1498,0.1388
982,518,1500,0.1388
978,523,1501,0.1388
985,527,1512,0.1388
981,528,1509,0.1388
974,525,1499,0.1388
967,523,1490,0.1388
964,527,1491,0.1388
967,526,1493,0.1388
974,534,1508,0.1388
984,531,1515,0.1388
983,536,1519,0.1388
974,535,1509,0.1388
983,536,1519,0.1388
971,536,1507,0.1388
980,544,1524,0.1388
980,534,1514,0.1388
982,536,1518,0.1388
983,528,1511,0.1388
983,535,1518,0.1388
986,520,1506,0.1388
990,523,1513,0.1388
982,521,1503,0.1388
977,525,1502,0.1388
979,521,1500,0.1388
989,522,1511,0.1388
985,532,1517,0.1388
973,532,1505,0.1388
978,535,1513,0.1388
959,539,1498,0.1388
964,538,1502,0.1388
964,540,1504,0.1388
969,542,1511,0.1388
965,543,1508,0.1388
958,546,1504,0.1388
955,555,1510,0.1388
956,554,1510,0.1388
952,554,1506,0.1388
958,547,1505,0.1388
951,558,1509,0.1388
947,559,1506,0.1388
942,559,1501,0.1388
944,559,1503,0.1388
950,559,1509,0.1388
947,558,1505,0.1388
958,558,1516,0.1388
954,551,1505,0.1388
960,547,1507,0.1388
956,551,1507,0.1388
955,555,1510,0.1388
939,552,1491,0.1388
951,557,1508,0.1388
959,559,1518,0.1388
945,574,1519,0.1388
941,574,1515,0.1388
935,575,1510,0.1388
940,577,1517,0.1388
940,581,1521,0.1388
922,582,1504,0.1388
928,573,1501,0.1388
913,583,1496,0.1388
912,588,1500,0.1388
918,593,1511,0.1388
914,588,1502,0.1388
916,600,1516,0.1388
908,597,1505,0.1388
910,587,1497,0.1388
909,590,1499,0.1388
905,587,1492,0.1388
912,585,1497,0.1388
904,588,1492,0.1388
908,594,1502,0.1388
910,597,1507,0.1388
912,584,1496,0.1388
919,579,1498,0.1388
920,584,1504,0.1388
917,581,1498,0.1388
918,588,1506,0.1388
902,597,1499,0.1388
909,592,1501,0.1388
919,597,1516,0.1388
926,592,1518,0.1388
916,593,1509,0.1388
917,594,1511,0.1388
915,596,1511,0.1388
908,591,1499,0.1388
906,596,1502,0.1388
909,590,1499,0.1388
905,593,1498,0.1388
906,597,1503,0.1388
907,592,1499,0.1388
908,591,1499,0.1388
914,589,1503,0.1388
908,583,1491,0.1388
911,589,1500,0.1388
906,594,1500,0.1388
905,597,1502,0.1388
898,596,1494,0.1388
895,596,1491,0.1388
901,605,1506,0.1388
884,605,1489,0.1388
894,610,1504,0.1388
898,613,1511,0.1388
903,615,1518,0.1388
899,619,1518,0.1388
900,614,1514,0.1388
894,615,1509,0.1388
903,612,1515,0.1388
899,616,1515,0.1388
903,614,1517,0.1388
916,613,1529,0.1388
913,605,1518,0.1388
906,607,1513,0.1388
917,610,1527,0.1388
918,610,1528,0.1388
915,621,1536,0.1388
912,616,1528,0.1388
912,601,1513,0.1388
906,602,1508,0.1388
907,597,1504,0.1388
908,601,1509,0.1388
902,607,1509,0.1388
901,602,1503,0.1388
890,608,1498,0.1388
890,613,1503,0.1388
886,608,1494,0.1388
884,607,1491,0.1388
886,605,1491,0.1388
883,616,1499,0.1388
898,610,1508,0.1388
898,610,1508,0.1388
884,615,1499,0.1388
892,618,1510,0.1388
875,615,1490,0.1388
886,612,1498,0.1388
895,608,1503,0.1388
896,612,1508,0.1388
891,614,1505,0.1388
896,611,1507,0.1388
880,607,1487,0.1388
878,611,1489,0.1388
888,613,1501,0.1388
894,604,1498,0.1388
890,605,1495,0.1388
893,611,1504,0.1388
905,617,1522,0.1388
899,608,1507,0.1388
895,607,1502,0.1388
905,601,1506,0.1388
893,607,1500,0.1388
892,607,1499,0.1388
897,615,1512,0.1388
897,610,1507,0.1388
895,602,1497,0.1388
897,608,1505,0.1388
897,617,1514,0.1388
892,617,1509,0.1388
892,622,1514,0.1388
877,616,1493,0.1388
889,626,1515,0.1388
889,621,1510,0.1388
878,625,1503,0.1388
877,623,1500,0.1388
871,624,1495,0.1388
873,623,1496,0.1388
866,631,1497,0.1388
861,631,1492,0.1388
851,628,1479,0.1388
857,620,1477,0.1388
858,631,1489,0.1388
863,632,1495,0.1388
863,638,1501,0.1388
863,639,1502,0.1388
863,640,1503,0.1388
868,639,1507,0.1388
868,644,1512,0.1388
865,639,1504,0.1388
865,643,1508,0.1388
858,649,1507,0.1388
863,650,1513,0.1388
858,649,1507,0.1388
854,649,1503,0.1388
847,644,1491,0.1388
844,642,1486,0.1388
836,656,1492,0.1388
833,651,1484,0.1388
841,655,1496,0.1388
859,655,1514,0.1388
865,653,1518,0.1388
855,650,1505,0.1388
844,653,1497,0.1388
836,654,1490,0.1388
829,654,1483,0.1388
836,660,1496,0.1388
851,662,1513,0.1388
848,663,1511,0.1388
846,668,1514,0.1388
840,660,1500,0.1388
842,668,1510,0.1388
847,665,1512,0.1388
843,662,1505,0.1388
844,670,1514,0.1388
852,669,1521,0.1388
849,666,1515,0.1388
836,659,1495,0.1388
827,658,1485,0.1388
827,667,1494,0.1388
838,668,1506,0.1388
838,658,1496,0.1388
829,666,1495,0.1388
831,666,1497,0.1388
827,674,1501,0.1388
833,679,1512,0.1388
826,678,1504,0.1388
836,677,1513,0.1388
832,678,1510,0.1388
827,674,1501,0.1388
836,681,1517,0.1388
835,671,1506,0.1388
842,673,1515,0.1388
832,671,1503,0.1388
837,680,1517,0.1388
835,682,1517,0.1388
831,672,1503,0.1388
834,680,1514,0.1388
834,679,1513,0.1388
832,691,1523,0.1388
826,693,1519,0.1388
817,692,1509,0.1388
814,693,1507,0.1388
815,690,1505,0.1388
816,686,1502,0.1388
832,686,1518,0.1388
828,684,1512,0.1388
829,684,1513,0.1388
825,691,1516,0.1388
824,693,1517,0.1388
831,690,1521,0.1388
829,682,1511,0.1388
832,688,1520,0.1388
822,687,1509,0.1388
817,688,1505,0.1388
820,691,1511,0.1388
815,691,1506,0.1388
818,684,1502,0.1388
816,685,1501,0.1388
808,683,1491,0.1388
810,693,1503,0.1388
808,690,1498,0.1388
815,679,1494,0.1388
819,678,1497,0.1388
814,679,1493,0.1388
817,677,1494,0.1388
821,680,1501,0.1388
822,684,1506,0.1388
821,682,1503,0.1388
820,696,1516,0.1388
814,688,1502,0.1388
805,693,1498,0.1388
807,699,1506,0.1388
810,701,1511,0.1388
804,702,1506,0.1388
801,696,1497,0.1388
812,700,1512,0.1388
816,700,1516,0.1388
823,703,1526,0.1388
810,702,1512,0.1388
807,703,1510,0.1388
803,704,1507,0.1388
802,700,1502,0.1388
806,699,1505,0.1388
799,697,1496,0.1388
793,701,1494,0.1388
796,700,1496,0.1388
796,705,1501,0.1388
801,708,1509,0.1388
805,697,1502,0.1388
796,696,1492,0.1388
802,694,1496,0.1388
801,687,1488,0.1388
803,705,1508,0.1388
801,717,1518,0.1388
798,711,1509,0.1388
786,702,1488,0.1388
796,703,1499,0.1388
791,711,1502,0.1388
797,710,1507,0.1388
796,708,1504,0.1388
797,710,1507,0.1388
795,709,1504,0.1388
795,713,1508,0.1388
794,708,1502,0.1388
799,710,1509,0.1388
805,717,1522,0.1388
806,712,1518,0.1388
808,702,1510,0.1388
808,697,1505,0.1388
802,700,1502,0.1388
803,711,1514,0.1388
805,710,1515,0.1388
787,707,1494,0.1388
792,711,1503,0.1388
795,711,1506,0.1388
795,716,1511,0.1388
796,713,1509,0.1388
787,720,1507,0.1388
785,719,1504,0.1388
787,718,1505,0.1388
783,713,1496,0.1388
777,725,1502,0.1388
773,719,1492,0.1388
773,721,1494,0.1388
771,727,1498,0.1388
777,720,1497,0.1388
770,719,1489,0.1388
767,724,1491,0.1388
763,731,1494,0.1388
765,729,1494,0.1388
768,735,1503,0.1388
774,735,1509,0.1388
763,734,1497,0.1388
766,737,1503,0.1388
766,737,1503,0.1388
764,734,1498,0.1388
766,736,1502,0.1388
771,735,1506,0.1388
776,734,1510,0.1388
781,742,1523,0.1388
776,738,1514,0.1388
778,742,1520,0.1388
773,741,1514,0.1388
774,744,1518,0.1388
770,740,1510,0.1388
776,743,1519,0.1388
777,746,1523,0.1388
772,750,1522,0.1388
755,743,1498,0.1388
756,749,1505,0.1388
767,741,1508,0.1388
756,748,1504,0.1388
757,739,1496,0.1388
764,743,1507,0.1388
759,748,1507,0.1388
761,744,1505,0.1388
764,746,1510,0.1388
753,739,1492,0.1388
752,739,1491,0.1388
760,742,1502,0.1388
762,735,1497,0.1388
783,736,1519,0.1388
780,743,1523,0.1388
777,748,1525,0.1388
778,745,1523,0.1388
772,745,1517,0.1388
774,740,1514,0.1388
775,737,1512,0.1388
774,732,1506,0.1388
765,727,1492,0.1388
758,730,1488,0.1388
756,726,1482,0.1388
755,734,1489,0.1388
759,729,1488,0.1388
762,735,1497,0.1388
757,730,1487,0.1388
762,728,1490,0.1388
765,736,1501,0.1388
752,739,1491,0.1388
754,743,1497,0.1388
750,737,1487,0.1388
746,739,1485,0.1388
759,733,1492,0.1388
773,746,1519,0.1388
768,740,1508,0.1388
761,741,1502,0.1388
759,734,1493,0.1388
760,735,1495,0.1388
761,734,1495,0.1388
762,735,1497,0.1388
763,739,1502,0.1388
770,733,1503,0.1388
777,743,1520,0.1388
764,744,1508,0.1388
760,739,1499,0.1388
755,737,1492,0.1388
759,743,1502,0.1388
761,745,1506,0.1388
767,742,1509,0.1388
761,745,1506,0.1388
763,754,1517,0.1388
761,757,1518,0.1388
753,763,1516,0.1388
754,767,1521,0.1388
754,751,1505,0.1388
745,747,1492,0.1388
741,752,1493,0.1388
749,763,1512,0.1388
746,762,1508,0.1388
749,760,1509,0.1388
749,770,1519,0.1388
743,766,1509,0.1388
746,756,1502,0.1388
733,762,1495,0.1388
729,768,1497,0.1388
738,761,1499,0.1388
739,772,1511,0.1388
737,761,1498,0.1388
729,776,1505,0.1388
729,774,1503,0.1388
726,777,1503,0.1388
733,783,1516,0.1388
727,771,1498,0.1388
725,766,1491,0.1388
733,775,1508,0.1388
733,771,1504,0.1388
742,774,1516,0.1388
743,771,1514,0.1388
740,775,1515,0.1388
733,769,1502,0.1388
708,770,1478,0.1388
711,775,1486,0.1388
708,772,1480,0.1388
696,773,1469,0.1388
714,773,1487,0.1388
712,776,1488,0.1388
708,785,1493,0.1388
719,784,1503,0.1388
723,782,1505,0.1388
713,782,1495,0.1388
718,790,1508,0.1388
718,794,1512,0.1388
724,782,1506,0.1388
725,793,1518,0.1388
728,799,1527,0.1388
719,797,1516,0.1388
719,788,1507,0.1388
714,788,1502,0.1388
713,792,1505,0.1388
718,788,1506,0.1388
706,799,1505,0.1388
719,800,1519,0.1388
720,797,1517,0.1388
715,794,1509,0.1388
708,810,1518,0.1388
706,811,1517,0.1388
693,810,1503,0.1388
694,809,1503,0.1388
704,805,1509,0.1388
702,811,1513,0.1388
698,809,1507,0.1388
707,818,1525,0.1388
693,823,1516,0.1388
694,828,1522,0.1388
694,817,1511,0.1388
691,819,1510,0.1388
697,812,1509,0.1388
688,824,1512,0.1388
686,830,1516,0.1388
692,825,1517,0.1388
690,823,1513,0.1388
691,822,1513,0.1388
684,831,1515,0.1388
691,831,1522,0.1388
695,839,1534,0.1388
693,834,1527,0.1388
691,827,1518,0.1388
687,831,1518,0.1388
685,831,1516,0.1388
683,826,1509,0.1388
682,827,1509,0.1388
674,832,1506,0.1388
674,832,1506,0.1388
666,822,1488,0.1388
668,833,1501,0.1388
661,834,1495,0.1388
656,832,1488,0.1388
651,832,1483,0.1388
651,845,1496,0.1388
660,845,1505,0.1388
661,847,1508,0.1388
662,848,1510,0.1388
667,844,1511,0.1388
663,840,1503,0.1388
663,832,1495,0.1388
662,840,1502,0.1388
668,841,1509,0.1388
669,855,1524,0.1388
665,845,1510,0.1388
659,849,1508,0.1388
662,845,1507,0.1388
667,845,1512,0.1388
675,840,1515,0.1388
670,848,1518,0.1388
664,836,1500,0.1388
671,843,1514,0.1388
659,840,1499,0.1388
663,844,1507,0.1388
654,834,1488,0.1388
654,835,1489,0.1388
663,841,1504,0.1388
668,841,1509,0.1388
673,842,1515,0.1388
671,842,1513,0.1388
674,846,1520,0.1388
676,829,1505,0.1388
667,839,1506,0.1388
662,835,1497,0.1388
674,832,1506,0.1388
670,833,1503,0.1388
674,848,1522,0.1388
668,853,1521,0.1388
666,854,1520,0.1388
666,861,1527,0.1388
660,866,1526,0.1388
659,851,1510,0.1388
653,843,1496,0.1388
658,850,1508,0.1388
666,848,1514,0.1388
668,837,1505,0.1388
672,833,1505,0.1388
664,832,1496,0.1388
661,826,1487,0.1388
660,825,1485,0.1388
667,827,1494,0.1388
662,837,1499,0.1388
667,841,1508,0.1388
668,841,1509,0.1388
669,844,1513,0.1388
656,841,1497,0.1388
658,841,1499,0.1388
655,842,1497,0.1388
666,850,1516,0.1388
659,846,1505,0.1388
666,845,1511,0.1388
658,854,1512,0.1388
659,851,1510,0.1388
668,855,1523,0.1388
664,850,1514,0.1388
663,857,1520,0.1388
656,860,1516,0.1388
662,859,1521,0.1388
660,851,1511,0.1388
656,856,1512,0.1388
656,849,1505,0.1388
660,844,1504,0.1388
657,833,1490,0.1388
663,842,1505,0.1388
667,838,1505,0.1388
659,845,1504,0.1388
667,850,1517,0.1388
665,851,1516,0.1388
655,855,1510,0.1388
655,852,1507,0.1388
658,855,1513,0.1388
659,856,1515,0.1388
658,853,1511,0.1388
655,848,1503,0.1388
651,855,1506,0.1388
647,848,1495,0.1388
651,852,1503,0.1388
650,859,1509,0.1388
646,851,1497,0.1388
652,852,1504,0.1388
646,853,1499,0.1388
640,852,1492,0.1388
641,852,1493,0.1388
642,856,1498,0.1388
646,857,1503,0.1388
650,856,1506,0.1388
650,858,1508,0.1388
657,858,1515,0.1388
661,851,1512,0.1388
659,851,1510,0.1388
654,850,1504,0.1388
654,858,1512,0.1388
653,855,1508,0.1388
655,861,1516,0.1388
645,861,1506,0.1388
645,853,1498,0.1388
647,858,1505,0.1388
644,860,1504,0.1388
644,866,1510,0.1388
639,866,1505,0.1388
644,877,1521,0.1388
641,872,1513,0.1388
633,867,1500,0.1388
630,855,1485,0.1388
640,852,1492,0.1388
633,862,1495,0.1388
636,870,1506,0.1388
641,880,1521,0.1388
635,878,1513,0.1388
629,878,1507,0.1388
633,887,1520,0.1388
631,892,1523,0.1388
631,884,1515,0.1388
624,880,1504,0.1388
634,881,1515,0.1388
635,878,1513,0.1388
632,873,1505,0.1388
633,859,1492,0.1388
630,871,1501,0.1388
628,885,1513,0.1388
628,887,1515,0.1388
628,897,1525,0.1388
626,892,1518,0.1388
635,879,1514,0.1388
630,882,1512,0.1388
624,879,1503,0.1388
616,874,1490,0.1388
619,870,1489,0.1388
633,882,1515,0.1388
624,884,1508,0.1388
617,871,1488,0.1388
613,881,1494,0.1388
620,889,1509,0.1388
610,876,1486,0.1388
605,888,1493,0.1388
613,890,1503,0.1388
606,889,1495,0.1388
604,890,1494,0.1388
598,884,1482,0.1388
604,881,1485,0.1388
596,886,1482,0.1388
609,881,1490,0.1388
607,897,1504,0.1388
603,903,1506,0.1388
603,906,1509,0.1388
598,902,1500,0.1388
600,915,1515,0.1388
601,908,1509,0.1388
603,910,1513,0.1388
603,916,1519,0.1388
600,917,1517,0.1388
600,919,1519,0.1388
598,922,1520,0.1388
599,912,1511,0.1388
607,911,1518,0.1388
599,914,1513,0.1388
598,912,1510,0.1388
593,908,1501,0.1388
596,918,1514,0.1388
587,912,1499,0.1388
586,917,1503,0.1388
592,917,1509,0.1388
592,915,1507,0.1388
594,919,1513,0.1388
594,911,1505,0.1388
599,907,1506,0.1388
592,907,1499,0.1388
599,909,1508,0.1388
604,912,1516,0.1388
599,908,1507,0.1388
598,908,1506,0.1388
598,916,1514,0.1388
598,920,1518,0.1388
582,916,1498,0.1388
594,916,1510,0.1388
590,913,1503,0.1388
595,905,1500,0.1388
595,911,1506,0.1388
595,905,1500,0.1388
595,907,1502,0.1388
595,913,1508,0.1388
595,916,1511,0.1388
597,925,1522,0.1388
601,925,1526,0.1388
600,919,1519,0.1388
605,912,1517,0.1388
609,910,1519,0.1388
608,920,1528,0.1388
600,916,1516,0.1388
594,914,1508,0.1388
592,923,1515,0.1388
587,921,1508,0.1388
586,910,1496,0.1388
588,905,1493,0.1388
583,905,1488,0.1388
588,922,1510,0.1388
594,929,1523,0.1388
596,939,1535,0.1388
596,935,1531,0.1388
596,936,1532,0.1388
580,923,1503,0.1388
580,921,1501,0.1388
581,927,1508,0.1388
584,920,1504,0.1388
576,919,1495,0.1388
567,934,1501,0.1388
561,938,1499,0.1388
564,936,1500,0.1388
562,938,1500,0.1388
562,937,1499,0.1388
557,930,1487,0.1388
557,926,1483,0.1388
561,928,1489,0.1388
570,936,1506,0.1388
571,943,1514,0.1388
566,951,1517,0.1388
568,951,1519,0.1388
560,953,1513,0.1388
563,949,1512,0.1388
559,946,1505,0.1388
549,949,1498,0.1388
563,938,1501,0.1388
562,945,1507,0.1388
558,948,1506,0.1388
556,942,1498,0.1388
551,950,1501,0.1388
554,954,1508,0.1388
549,959,1508,0.1388
550,957,1507,0.1388
540,962,1502,0.1388
541,970,1511,0.1388
530,972,1502,0.1388
526,980,1506,0.1388
527,979,1506,0.1388
535,977,1512,0.1388
532,974,1506,0.1388
534,981,1515,0.1388
537,987,1524,0.1388
525,983,1508,0.1388
529,979,1508,0.1388
534,994,1528,0.1388
531,984,1515,0.1388
537,968,1505,0.1388
539,972,1511,0.1388
525,969,1494,0.1388
523,970,1493,0.1388
514,967,1481,0.1388
509,975,1484,0.1388
515,961,1476,0.1388
519,974,1493,0.1388
519,972,1491,0.1388
522,982,1504,0.1388
524,985,1509,0.1388
526,988,1514,0.1388
525,984,1509,0.1388
527,980,1507,0.1388
526,980,1506,0.1388
527,981,1508,0.1388
524,989,1513,0.1388
526,992,1518,0.1388
527,982,1509,0.1388
521,979,1500,0.1388
513,985,1498,0.1388
521,991,1512,0.1388
522,985,1507,0.1388
516,984,1500,0.1388
522,979,1501,0.1388
524,973,1497,0.1388
530,992,1522,0.1388
527,994,1521,0.1388
524,992,1516,0.1388
519,994,1513,0.1388
517,990,1507,0.1388
510,994,1504,0.1388
504,986,1490,0.1388
502,977,1479,0.1388
504,990,1494,0.1388
502,995,1497,0.1388
504,997,1501,0.1388
502,1006,1508,0.1388
502,1022,1524,0.1388
515,1020,1535,0.1388
506,1012,1518,0.1388
503,1004,1507,0.1388
501,993,1494,0.1388
495,993,1488,0.1388
497,986,1483,0.1388
498,986,1484,0.1388
514,990,1504,0.1388
508,994,1502,0.1388
520,994,1514,0.1388
518,993,1511,0.1388
517,996,1513,0.1388
509,1002,1511,0.1388
506,1011,1517,0.1388
510,1006,1516,0.1388
509,1002,1511,0.1388
507,1003,1510,0.1388
509,1010,1519,0.1388
507,1020,1527,0.1388
501,1021,1522,0.1388
497,1020,1517,0.1388
494,1017,1511,0.1388
496,1019,1515,0.1388
500,1013,1513,0.1388
501,1004,1505,0.1388
509,1005,1514,0.1388
506,1003,1509,0.1388
507,1003,1510,0.1388
504,1000,1504,0.1388
500,1001,1501,0.1388
500,1005,1505,0.1388
495,1008,1503,0.1388
491,1019,1510,0.1388
489,1012,1501,0.1388
505,1012,1517,0.1388
498,1016,1514,0.1388
500,1011,1511,0.1388
491,1008,1499,0.1388
486,1010,1496,0.1388
489,1011,1500,0.1388
491,1015,1506,0.1388
495,1018,1513,0.1388
503,1024,1527,0.1388
503,1025,1528,0.1388
500,1020,1520,0.1388
512,1012,1524,0.1388
508,1012,1520,0.1388
495,1013,1508,0.1388
492,1021,1513,0.1388
494,1023,1517,0.1388
496,1015,1511,0.1388
498,1008,1506,0.1388
503,1006,1509,0.1388
496,995,1491,0.1388
503,1005,1508,0.1388
500,1009,1509,0.1388
487,1014,1501,0.1388
491,1024,1515,0.1388
488,1022,1510,0.1388
496,1012,1508,0.1388
496,1015,1511,0.1388
489,1026,1515,0.1388
491,1019,1510,0.1388
487,1018,1505,0.1388
481,1007,1488,0.1388
483,1004,1487,0.1388
488,1027,1515,0.1388
490,1031,1521,0.1388
479,1033,1512,0.1388
481,1036,1517,0.1388
481,1031,1512,0.1388
483,1028,1511,0.1388
486,1017,1503,0.1388
480,1025,1505,0.1388
478,1037,1515,0.1388
479,1026,1505,0.1388
478,1019,1497,0.1388
472,1029,1501,0.1388
473,1038,1511,0.1388
472,1040,1512,0.1388
469,1035,1504,0.1388
465,1036,1501,0.1388
464,1042,1506,0.1388
467,1040,1507,0.1388
460,1044,1504,0.1388
461,1042,1503,0.1388
470,1040,1510,0.1388
466,1046,1512,0.1388
465,1050,1515,0.1388
462,1042,1504,0.1388
454,1034,1488,0.1388
459,1045,1504,0.1388
462,1049,1511,0.1388
463,1050,1513,0.1388
457,1056,1513,0.1388
458,1057,1515,0.1388
456,1065,1521,0.1388
455,1066,1521,0.1388
454,1056,1510,0.1388
456,1057,1513,0.1388
454,1062,1516,0.1388
447,1067,1514,0.1388
450,1073,1523,0.1388
448,1067,1515,0.1388
455,1053,1508,0.1388
447,1059,1506,0.1388
450,1053,1503,0.1388
449,1036,1485,0.1388
451,1054,1505,0.1388
450,1052,1502,0.1388
444,1058,1502,0.1388
448,1057,1505,0.1388
453,1051,1504,0.1388
452,1051,1503,0.1388
457,1048,1505,0.1388
455,1063,1518,0.1388
441,1068,1509,0.1388
433,1066,1499,0.1388
438,1062,1500,0.1388
435,1048,1483,0.1388
443,1056,1499,0.1388
445,1077,1522,0.1388
445,1085,1530,0.1388
442,1075,1517,0.1388
447,1072,1519,0.1388
440,1065,1505,0.1388
442,1067,1509,0.1388
439,1066,1505,0.1388
438,1074,1512,0.1388
436,1076,1512,0.1388
442,1079,1521,0.1388
434,1083,1517,0.1388
436,1086,1522,0.1388
433,1083,1516,0.1388
438,1078,1516,0.1388
434,1080,1514,0.1388
437,1092,1529,0.1388
435,1084,1519,0.1388
430,1085,1515,0.1388
428,1081,1509,0.1388
431,1084,1515,0.1388
426,1086,1512,0.1388
434,1090,1524,0.1388
428,1082,1510,0.1388
430,1093,1523,0.1388
432,1089,1521,0.1388
435,1078,1513,0.1388
436,1080,1516,0.1388
438,1078,1516,0.1388
434,1078,1512,0.1388
427,1070,1497,0.1388
424,1059,1483,0.1388
423,1069,1492,0.1388
427,1068,1495,0.1388
430,1078,1508,0.1388
428,1081,1509,0.1388
419,1073,1492,0.1388
417,1069,1486,0.1388
422,1075,1497,0.1388
418,1083,1501,0.1388
415,1084,1499,0.1388
418,1096,1514,0.1388
422,1088,1510,0.1388
422,1101,1523,0.1388
423,1093,1516,0.1388
427,1107,1534,0.1388
423,1101,1524,0.1388
418,1101,1519,0.1388
417,1107,1524,0.1388
423,1103,1526,0.1388
421,1081,1502,0.1388
416,1088,1504,0.1388
410,1097,1507,0.1388
409,1096,1505,0.1388
409,1091,1500,0.1388
409,1088,1497,0.1388
407,1105,1512,0.1388
414,1092,1506,0.1388
419,1094,1513,0.1388
421,1083,1504,0.1388
419,1089,1508,0.1388
418,1085,1503,0.1388
418,1085,1503,0.1388
420,1084,1504,0.1388
427,1087,1514,0.1388
426,1089,1515,0.1388
420,1089,1509,0.1388
414,1102,1516,0.1388
415,1105,1520,0.1388
410,1110,1520,0.1388
409,1109,1518,0.1388
405,1089,1494,0.1388
412,1093,1505,0.1388
413,1092,1505,0.1388
410,1093,1503,0.1388
412,1101,1513,0.1388
414,1102,1516,0.1388
411,1102,1513,0.1388
407,1096,1503,0.1388
411,1095,1506,0.1388
406,1095,1501,0.1388
402,1093,1495,0.1388
404,1102,1506,0.1388
398,1105,1503,0.1388
398,1119,1517,0.1388
398,1116,1514,0.1388
394,1111,1505,0.1388
397,1110,1507,0.1388
402,1112,1514,0.1388
400,1108,1508,0.1388
399,1109,1508,0.1388
395,1120,1515,0.1388
392,1126,1518,0.1388
392,1125,1517,0.1388
392,1117,1509,0.1388
386,1113,1499,0.1388
388,1122,1510,0.1388
391,1117,1508,0.1388
381,1115,1496,0.1388
376,1128,1504,0.1388
380,1135,1515,0.1388
377,1140,1517,0.1388
377,1138,1515,0.1388
378,1136,1514,0.1388
383,1138,1521,0.1388
376,1132,1508,0.1388
371,1134,1505,0.1388
374,1139,1513,0.1388
374,1154,1528,0.1388
377,1151,1528,0.1388
370,1148,1518,0.1388
368,1143,1511,0.1388
371,1138,1509,0.1388
370,1139,1509,0.1388
366,1138,1504,0.1388
361,1143,1504,0.1388
364,1145,1509,0.1388
366,1138,1504,0.1388
371,1138,1509,0.1388
372,1128,1500,0.1388
365,1141,1506,0.1388
372,1139,1511,0.1388
363,1130,1493,0.1388
364,1130,1494,0.1388
369,1124,1493,0.1388
370,1119,1489,0.1388
371,1117,1488,0.1388
365,1130,1495,0.1388
368,1139,1507,0.1388
366,1147,1513,0.1388
361,1131,1492,0.1388
362,1138,1500,0.1388
361,1140,1501,0.1388
356,1142,1498,0.1388
360,1149,1509,0.1388
359,1144,1503,0.1388
357,1152,1509,0.1388
352,1147,1499,0.1388
355,1144,1499,0.1388
353,1152,1505,0.1388
352,1151,1503,0.1388
359,1154,1513,0.1388
355,1157,1512,0.1388
359,1167,1526,0.1388
358,1164,1522,0.1388
351,1169,1520,0.1388
347,1158,1505,0.1388
342,1162,1504,0.1388
350,1154,1504,0.1388
350,1171,1521,0.1388
357,1172,1529,0.1388
356,1162,1518,0.1388
351,1167,1518,0.1388
345,1161,1506,0.1388
347,1147,1494,0.1388
356,1136,1492,0.1388
353,1142,1495,0.1388
353,1145,1498,0.1388
349,1148,1497,0.1388
347,1137,1484,0.1388
348,1148,1496,0.1388
344,1153,1497,0.1388
347,1150,1497,0.1388
346,1153,1499,0.1388
348,1157,1505,0.1388
348,1152,1500,0.1388
350,1150,1500,0.1388
355,1153,1508,0.1388
353,1150,1503,0.1388
352,1152,1504,0.1388
349,1161,1510,0.1388
346,1151,1497,0.1388
350,1158,1508,0.1388
356,1166,1522,0.1388
357,1169,1526,0.1388
353,1171,1524,0.1388
351,1169,1520,0.1388
350,1174,1524,0.1388
344,1161,1505,0.1388
344,1159,1503,0.1388
344,1150,1494,0.1388
348,1156,1504,0.1388
349,1158,1507,0.1388
349,1164,1513,0.1388
356,1160,1516,0.1388
355,1159,1514,0.1388
364,1152,1516,0.1388
366,1154,1520,0.1388
366,1162,1528,0.1388
362,1166,1528,0.1388
359,1162,1521,0.1388
361,1144,1505,0.1388
352,1150,1502,0.1388
347,1160,1507,0.1388
350,1166,1516,0.1388
346,1168,1514,0.1388
343,1157,1500,0.1388
346,1160,1506,0.1388
346,1167,1513,0.1388
350,1171,1521,0.1388
352,1171,1523,0.1388
346,1169,1515,0.1388
349,1169,1518,0.1388
347,1168,1515,0.1388
345,1167,1512,0.1388
343,1168,1511,0.1388
336,1181,1517,0.1388
339,1182,1521,0.1388
337,1182,1519,0.1388
336,1174,1510,0.1388
330,1182,1512,0.1388
330,1184,1514,0.1388
327,1189,1516,0.1388
330,1178,1508,0.1388
336,1185,1521,0.1388
331,1184,1515,0.1388
325,1192,1517,0.1388
322,1193,1515,0.1388
324,1191,1515,0.1388
327,1193,1520,0.1388
326,1200,1526,0.1388
334,1198,1532,0.1388
325,1190,1515,0.1388
326,1194,1520,0.1388
334,1186,1520,0.1388
330,1186,1516,0.1388
332,1181,1513,0.1388
333,1182,1515,0.1388
335,1175,1510,0.1388
336,1169,1505,0.1388
328,1174,1502,0.1388
333,1174,1507,0.1388
331,1176,1507,0.1388
325,1178,1503,0.1388
327,1192,1519,0.1388
333,1194,1527,0.1388
337,1186,1523,0.1388
335,1183,1518,0.1388
342,1185,1527,0.1388
329,1189,1518,0.1388
327,1193,1520,0.1388
334,1188,1522,0.1388
330,1190,1520,0.1388
332,1191,1523,0.1388
332,1181,1513,0.1388
327,1182,1509,0.1388
327,1193,1520,0.1388
325,1187,1512,0.1388
317,1189,1506,0.1388
317,1177,1494,0.1388
316,1197,1513,0.1388
318,1187,1505,0.1388
312,1178,1490,0.1388
313,1193,1506,0.1388
310,1201,1511,0.1388
305,1198,1503,0.1388
307,1203,1510,0.1388
308,1210,1518,0.1388
309,1193,1502,0.1388
314,1194,1508,0.1388
307,1192,1499,0.1388
315,1191,1506,0.1388
310,1187,1497,0.1388
312,1185,1497,0.1388
304,1186,1490,0.1388
303,1188,1491,0.1388
304,1199,1503,0.1388
305,1210,1515,0.1388
302,1204,1506,0.1388
299,1193,1492,0.1388
303,1202,1505,0.1388
304,1204,1508,0.1388
307,1201,1508,0.1388
309,1193,1502,0.1388
313,1192,1505,0.1388
315,1205,1520,0.1388
313,1222,1535,0.1388
311,1217,1528,0.1388
306,1210,1516,0.1388
305,1212,1517,0.1388
298,1202,1500,0.1388
298,1205,1503,0.1388
299,1196,1495,0.1388
303,1203,1506,0.1388
299,1205,1504,0.1388
295,1207,1502,0.1388
297,1201,1498,0.1388
292,1208,1500,0.1388
290,1214,1504,0.1388
290,1213,1503,0.1388
297,1229,1526,0.1388
296,1227,1523,0.1388
297,1227,1524,0.1388
296,1223,1519,0.1388
296,1232,1528,0.1388
300,1220,1520,0.1388
297,1213,1510,0.1388
298,1210,1508,0.1388
299,1216,1515,0.1388
308,1221,1529,0.1388
308,1212,1520,0.1388
308,1204,1512,0.1388
309,1198,1507,0.1388
308,1197,1505,0.1388
309,1193,1502,0.1388
306,1195,1501,0.1388
306,1203,1509,0.1388
299,1214,1513,0.1388
291,1217,1508,0.1388
288,1209,1497,0.1388
295,1212,1507,0.1388
296,1210,1506,0.1388
294,1200,1494,0.1388
299,1205,1504,0.1388
299,1218,1517,0.1388
296,1216,1512,0.1388
300,1212,1512,0.1388
297,1211,1508,0.1388
297,1225,1522,0.1388
298,1225,1523,0.1388
301,1204,1505,0.1388
300,1209,1509,0.1388
303,1216,1519,0.1388
300,1221,1521,0.1388
295,1223,1518,0.1388
297,1223,1520,0.1388
295,1229,1524,0.1388
290,1224,1514,0.1388
292,1223,1515,0.1388
294,1209,1503,0.1388
295,1219,1514,0.1388
291,1231,1522,0.1388
294,1234,1528,0.1388
299,1228,1527,0.1388
295,1234,1529,0.1388
291,1218,1509,0.1388
292,1215,1507,0.1388
297,1227,1524,0.1388
294,1219,1513,0.1388
291,1223,1514,0.1388
290,1219,1509,0.1388
292,1229,1521,0.1388
293,1226,1519,0.1388
294,1219,1513,0.1388
291,1212,1503,0.1388
290,1227,1517,0.1388
290,1226,1516,0.1388
290,1239,1529,0.1388
287,1227,1514,0.1388
284,1226,1510,0.1388
284,1228,1512,0.1388
279,1226,1505,0.1388
277,1232,1509,0.1388
279,1222,1501,0.1388
280,1214,1494,0.1388
284,1226,1510,0.1388
282,1224,1506,0.1388
283,1230,1513,0.1388
282,1237,1519,0.1388
281,1242,1523,0.1388
279,1240,1519,0.1388
277,1240,1517,0.1388
281,1234,1515,0.1388
288,1238,1526,0.1388
289,1234,1523,0.1388
290,1244,1534,0.1388
287,1238,1525,0.1388
283,1240,1523,0.1388
281,1243,1524,0.1388
281,1248,1529,0.1388
283,1241,1524,0.1388
284,1229,1513,0.1388
286,1226,1512,0.1388
282,1238,1520,0.1388
283,1238,1521,0.1388
281,1232,1513,0.1388
283,1225,1508,0.1388
282,1229,1511,0.1388
280,1235,1515,0.1388
275,1238,1513,0.1388
271,1237,1508,0.1388
273,1233,1506,0.1388
270,1242,1512,0.1388
266,1241,1507,0.1388
266,1249,1515,0.1388
266,1248,1514,0.1388
264,1257,1521,0.1388
264,1263,1527,0.1388
266,1238,1504,0.1388
268,1244,1512,0.1388
268,1244,1512,0.1388
270,1255,1525,0.1388
269,1252,1521,0.1388
266,1235,1501,0.1388
274,1237,1511,0.1388
274,1236,1510,0.1388
276,1239,1515,0.1388
272,1250,1522,0.1388
274,1231,1505,0.1388
273,1239,1512,0.1388
276,1250,1526,0.1388
277,1245,1522,0.1388
274,1246,1520,0.1388
269,1226,1495,0.1388
273,1237,1510,0.1388
270,1243,1513,0.1388
270,1251,1521,0.1388
278,1233,1511,0.1388
280,1237,1517,0.1388
281,1231,1512,0.1388
286,1234,1520,0.1388
283,1245,1528,0.1388
283,1231,1514,0.1388
286,1231,1517,0.1388
283,1237,1520,0.1388
284,1239,1523,0.1388
282,1236,1518,0.1388
279,1248,1527,0.1388
272,1245,1517,0.1388
269,1238,1507,0.1388
281,1231,1512,0.1388
276,1231,1507,0.1388
273,1243,1516,0.1388
273,1239,1512,0.1388
271,1246,1517,0.1388
263,1241,1504,0.1388
261,1242,1503,0.1388
265,1247,1512,0.1388
268,1235,1503,0.1388
270,1238,1508,0.1388
265,1246,1511,0.1388
268,1248,1516,0.1388
264,1263,1527,0.1388
260,1257,1517,0.1388
263,1245,1508,0.1388
265,1248,1513,0.1388
268,1238,1506,0.1388
275,1240,1515,0.1388
266,1242,1508,0.1388
265,1256,1521,0.1388
261,1259,1520,0.1388
265,1257,1522,0.1388
264,1248,1512,0.1388
253,1250,1503,0.1388
257,1248,1505,0.1388
251,1261,1512,0.1388
251,1275,1526,0.1388
254,1258,1512,0.1388
254,1258,1512,0.1388
254,1251,1505,0.1388
254,1271,1525,0.1388
252,1265,1517,0.1388
250,1262,1512,0.1388
251,1267,1518,0.1388
244,1273,1517,0.1388
247,1259,1506,0.1388
246,1272,1518,0.1388
242,1258,1500,0.1388
245,1258,1503,0.1388
242,1263,1505,0.1388
240,1255,1495,0.1388
240,1251,1491,0.1388
241,1264,1505,0.1388
237,1278,1515,0.1388
237,1276,1513,0.1388
232,1268,1500,0.1388
231,1269,1500,0.1388
232,1265,1497,0.1388
233,1263,1496,0.1388
233,1261,1494,0.1388
235,1273,1508,0.1388
235,1271,1506,0.1388
239,1282,1521,0.1388
242,1273,1515,0.1388
241,1262,1503,0.1388
245,1258,1503,0.1388
245,1253,1498,0.1388
249,1267,1516,0.1388
248,1265,1513,0.1388
252,1263,1515,0.1388
248,1267,1515,0.1388
250,1260,1510,0.1388
249,1266,1515,0.1388
250,1256,1506,0.1388
253,1255,1508,0.1388
253,1262,1515,0.1388
242,1261,1503,0.1388
243,1262,1505,0.1388
243,1274,1517,0.1388
250,1274,1524,0.1388
250,1262,1512,0.1388
250,1278,1528,0.1388
252,1275,1527,0.1388
249,1266,1515,0.1388
249,1270,1519,0.1388
250,1275,1525,0.1388
252,1271,1523,0.1388
252,1262,1514,0.1388
249,1258,1507,0.1388
247,1273,1520,0.1388
243,1273,1516,0.1388
248,1269,1517,0.1388
244,1262,1506,0.1388
246,1256,1502,0.1388
241,1251,1492,0.1388
244,1263,1507,0.1388
247,1263,1510,0.1388
247,1267,1514,0.1388
245,1265,1510,0.1388
247,1266,1513,0.1388
248,1261,1509,0.1388
243,1259,1502,0.1388
249,1264,1513,0.1388
249,1265,1514,0.1388
251,1258,1509,0.1388
249,1260,1509,0.1388
255,1251,1506,0.1388
254,1254,1508,0.1388
254,1273,1527,0.1388
250,1263,1513,0.1388
250,1253,1503,0.1388
249,1265,1514,0.1388
250,1267,1517,0.1388
248,1263,1511,0.1388
248,1267,1515,0.1388
246,1257,1503,0.1388
245,1265,1510,0.1388
248,1258,1506,0.1388
252,1249,1501,0.1388
254,1256,1510,0.1388
247,1261,1508,0.1388
246,1263,1509,0.1388
234,1271,1505,0.1388
237,1269,1506,0.1388
239,1261,1500,0.1388
243,1272,1515,0.1388
243,1270,1513,0.1388
237,1280,1517,0.1388
232,1276,1508,0.1388
233,1268,1501,0.1388
228,1274,1502,0.1388
233,1267,1500,0.1388
235,1269,1504,0.1388
235,1278,1513,0.1388
243,1284,1527,0.1388
237,1278,1515,0.1388
243,1285,1528,0.1388
243,1288,1531,0.1388
238,1284,1522,0.1388
235,1277,1512,0.1388
227,1292,1519,0.1388
226,1278,1504,0.1388
228,1277,1505,0.1388
230,1283,1513,0.1388
231,1276,1507,0.1388
229,1283,1512,0.1388
226,1283,1509,0.1388
231,1281,1512,0.1388
230,1275,1505,0.1388
223,1283,1506,0.1388
218,1280,1498,0.1388
219,1272,1491,0.1388
222,1276,1498,0.1388
223,1283,1506,0.1388
224,1292,1516,0.1388
229,1296,1525,0.1388
234,1298,1532,0.1388
232,1282,1514,0.1388
231,1278,1509,0.1388
231,1282,1513,0.1388
228,1295,1523,0.1388
234,1277,1511,0.1388
239,1286,1525,0.1388
241,1282,1523,0.1388
235,1273,1508,0.1388
236,1284,1520,0.1388
235,1286,1521,0.1388
235,1289,1524,0.1388
233,1287,1520,0.1388
227,1280,1507,0.1388
224,1293,1517,0.1388
227,1291,1518,0.1388
225,1291,1516,0.1388
218,1294,1512,0.1388
223,1279,1502,0.1388
221,1286,1507,0.1388
223,1284,1507,0.1388
220,1293,1513,0.1388
223,1304,1527,0.1388
221,1299,1520,0.1388
214,1292,1506,0.1388
213,1282,1495,0.1388
217,1300,1517,0.1388
216,1293,1509,0.1388
214,1306,1520,0.1388
216,1311,1527,0.1388
215,1302,1517,0.1388
215,1298,1513,0.1388
213,1294,1507,0.1388
214,1291,1505,0.1388
221,1286,1507,0.1388
222,1296,1518,0.1388
219,1312,1531,0.1388
222,1299,1521,0.1388
218,1306,1524,0.1388
217,1293,1510,0.1388
218,1298,1516,0.1388
210,1299,1509,0.1388
209,1299,1508,0.1388
208,1301,1509,0.1388
204,1300,1504,0.1388
205,1305,1510,0.1388
212,1317,1529,0.1388
208,1314,1522,0.1388
206,1305,1511,0.1388
203,1292,1495,0.1388
203,1300,1503,0.1388
209,1303,1512,0.1388
207,1301,1508,0.1388
206,1306,1512,0.1388
208,1314,1522,0.1388
209,1308,1517,0.1388
209,1320,1529,0.1388
203,1309,1512,0.1388
203,1300,1503,0.1388
204,1308,1512,0.1388
205,1309,1514,0.1388
200,1304,1504,0.1388
200,1304,1504,0.1388
202,1300,1502,0.1388
202,1307,1509,0.1388
205,1309,1514,0.1388
204,1302,1506,0.1388
209,1301,1510,0.1388
205,1306,1511,0.1388
203,1313,1516,0.1388
204,1319,1523,0.1388
205,1310,1515,0.1388
205,1305,1510,0.1388
202,1311,1513,0.1388
200,1315,1515,0.1388
195,1311,1506,0.1388
195,1317,1512,0.1388
196,1323,1519,0.1388
195,1323,1518,0.1388
196,1318,1514,0.1388
195,1334,1529,0.1388
196,1326,1522,0.1388
194,1311,1505,0.1388
193,1316,1509,0.1388
188,1316,1504,0.1388
187,1323,1510,0.1388
190,1322,1512,0.1388
188,1310,1498,0.1388
186,1331,1517,0.1388
187,1326,1513,0.1388
190,1331,1521,0.1388
184,1334,1518,0.1388
180,1336,1516,0.1388
175,1341,1516,0.1388
180,1335,1515,0.1388
179,1329,1508,0.1388
182,1342,1524,0.1388
176,1333,1509,0.1388
177,1346,1523,0.1388
172,1338,1510,0.1388
172,1350,1522,0.1388
169,1352,1521,0.1388
167,1361,1528,0.1388
164,1355,1519,0.1388
160,1364,1524,0.1388
160,1366,1526,0.1388
162,1356,1518,0.1388
161,1357,1518,0.1388
161,1362,1523,0.1388
157,1364,1521,0.1388
158,1366,1524,0.1388
157,1367,1524,0.1388
151,1363,1514,0.1388
152,1352,1504,0.1388
146,1344,1490,0.1388
146,1349,1495,0.1388
142,1360,1502,0.1388
141,1368,1509,0.1388
145,1373,1518,0.1388
145,1376,1521,0.1388
143,1362,1505,0.1388
140,1377,1517,0.1388
141,1377,1518,0.1388
139,1382,1521,0.1388
142,1381,1523,0.1388
134,1383,1517,0.1388
135,1379,1514,0.1388
132,1388,1520,0.1388
136,1394,1530,0.1388
137,1371,1508,0.1388
136,1376,1512,0.1388
136,1388,1524,0.1388
135,1383,1518,0.1388
138,1394,1532,0.1388
137,1383,1520,0.1388
141,1385,1526,0.1388
141,1373,1514,0.1388
143,1374,1517,0.1388
140,1372,1512,0.1388
136,1389,1525,0.1388
132,1376,1508,0.1388
128,1364,1492,0.1388
124,1362,1486,0.1388
127,1366,1493,0.1388
124,1386,1510,0.1388
127,1392,1519,0.1388
125,1389,1514,0.1388
128,1376,1504,0.1388
128,1380,1508,0.1388
128,1370,1498,0.1388
129,1375,1504,0.1388
127,1385,1512,0.1388
130,1379,1509,0.1388
133,1379,1512,0.1388
131,1395,1526,0.1388
127,1395,1522,0.1388
125,1375,1500,0.1388
125,1381,1506,0.1388
129,1381,1510,0.1388
128,1385,1513,0.1388
127,1371,1498,0.1388
126,1380,1506,0.1388
125,1390,1515,0.1388
124,1390,1514,0.1388
123,1405,1528,0.1388
129,1387,1516,0.1388
125,1386,1511,0.1388
122,1399,1521,0.1388
120,1396,1516,0.1388
121,1395,1516,0.1388
123,1389,1512,0.1388
118,1390,1508,0.1388
121,1404,1525,0.1388
121,1409,1530,0.1388
122,1406,1528,0.1388
125,1393,1518,0.1388
125,1394,1519,0.1388
126,1407,1533,0.1388
127,1386,1513,0.1388
123,1385,1508,0.1388
122,1386,1508,0.1388
119,1389,1508,0.1388
117,1385,1502,0.1388
117,1391,1508,0.1388
117,1402,1519,0.1388
117,1398,1515,0.1388
121,1392,1513,0.1388
119,1393,1512,0.1388
121,1390,1511,0.1388
124,1399,1523,0.1388
122,1383,1505,0.1388
122,1380,1502,0.1388
125,1370,1495,0.1388
128,1375,1503,0.1388
126,1389,1515,0.1388
127,1375,1502,0.1388
128,1376,1504,0.1388
130,1384,1514,0.1388
131,1378,1509,0.1388
126,1372,1498,0.1388
124,1373,1497,0.1388
123,1392,1515,0.1388
125,1377,1502,0.1388
126,1379,1505,0.1388
126,1371,1497,0.1388
126,1379,1505,0.1388
128,1383,1511,0.1388
126,1388,1514,0.1388
128,1386,1514,0.1388
126,1394,1520,0.1388
128,1384,1512,0.1388
126,1382,1508,0.1388
127,1382,1509,0.1388
127,1380,1507,0.1388
125,1383,1508,0.1388
121,1385,1506,0.1388
121,1391,1512,0.1388
122,1394,1516,0.1388
116,1391,1507,0.1388
121,1388,1509,0.1388
123,1374,1497,0.1388
124,1372,1496,0.1388
124,1367,1491,0.1388
126,1378,1504,0.1388
123,1387,1510,0.1388
126,1388,1514,0.1388
126,1395,1521,0.1388
120,1388,1508,0.1388
120,1388,1508,0.1388
118,1394,1512,0.1388
118,1398,1516,0.1388
123,1392,1515,0.1388
123,1385,1508,0.1388
121,1392,1513,0.1388
123,1380,1503,0.1388
123,1387,1510,0.1388
121,1388,1509,0.1388
127,1380,1507,0.1388
125,1390,1515,0.1388
123,1390,1513,0.1388
128,1389,1517,0.1388
124,1393,1517,0.1388
124,1393,1517,0.1388
119,1397,1516,0.1388
117,1392,1509,0.1388
112,1387,1499,0.1388
115,1390,1505,0.1388
110,1402,1512,0.1388
111,1401,1512,0.1388
111,1400,1511,0.1388
112,1406,1518,0.1388
111,1412,1523,0.1388
110,1394,1504,0.1388
108,1389,1497,0.1388
108,1397,1505,0.1388
106,1391,1497,0.1388
104,1385,1489,0.1388
105,1395,1500,0.1388
106,1387,1493,0.1388
107,1400,1507,0.1388
108,1407,1515,0.1388
108,1413,1521,0.1388
104,1410,1514,0.1388
100,1415,1515,0.1388
100,1401,1501,0.1388
100,1398,1498,0.1388
102,1421,1523,0.1388
103,1411,1514,0.1388
101,1414,1515,0.1388
102,1423,1525,0.1388
103,1428,1531,0.1388
102,1425,1527,0.1388
101,1413,1514,0.1388
102,1419,1521,0.1388
98,1417,1515,0.1388
98,1409,1507,0.1388
102,1409,1511,0.1388
106,1403,1509,0.1388
103,1415,1518,0.1388
102,1415,1517,0.1388
103,1417,1520,0.1388
99,1419,1518,0.1388
98,1411,1509,0.1388
100,1421,1521,0.1388
97,1405,1502,0.1388
95,1405,1500,0.1388
92,1398,1490,0.1388
95,1405,1500,0.1388
95,1399,1494,0.1388
91,1413,1504,0.1388
91,1413,1504,0.1388
96,1415,1511,0.1388
98,1424,1522,0.1388
97,1421,1518,0.1388
96,1424,1520,0.1388
95,1412,1507,0.1388
96,1418,1514,0.1388
95,1420,1515,0.1388
93,1436,1529,0.1388
97,1425,1522,0.1388
96,1423,1519,0.1388
95,1427,1522,0.1388
94,1420,1514,0.1388
96,1430,1526,0.1388
96,1433,1529,0.1388
96,1422,1518,0.1388
96,1421,1517,0.1388
96,1420,1516,0.1388
94,1418,1512,0.1388
98,1413,1511,0.1388
93,1424,1517,0.1388
91,1433,1524,0.1388
89,1422,1511,0.1388
89,1428,1517,0.1388
88,1427,1515,0.1388
85,1422,1507,0.1388
83,1431,1514,0.1388
88,1432,1520,0.1388
89,1432,1521,0.1388
85,1445,1530,0.1388
84,1448,1532,0.1388
82,1438,1520,0.1388
81,1443,1524,0.1388
82,1460,1542,0.1388
81,1455,1536,0.1388
82,1447,1529,0.1388
79,1437,1516,0.1388
78,1441,1519,0.1388
80,1448,1528,0.1388
80,1451,1531,0.1388
78,1439,1517,0.1388
76,1435,1511,0.1388
77,1431,1508,0.1388
77,1438,1515,0.1388
77,1444,1521,0.1388
76,1446,1522,0.1388
77,1436,1513,0.1388
77,1442,1519,0.1388
78,1435,1513,0.1388
75,1438,1513,0.1388
77,1446,1523,0.1388
76,1451,1527,0.1388
77,1438,1515,0.1388
75,1436,1511,0.1388
74,1443,1517,0.1388
73,1450,1523,0.1388
72,1456,1528,0.1388
73,1453,1526,0.1388
71,1453,1524,0.1388
71,1446,1517,0.1388
72,1450,1522,0.1388
73,1448,1521,0.1388
73,1445,1518,0.1388
74,1435,1509,0.1388
74,1451,1525,0.1388
72,1442,1514,0.1388
73,1440,1513,0.1388
76,1436,1512,0.1388
77,1447,1524,0.1388
74,1451,1525,0.1388
78,1456,1534,0.1388
74,1433,1507,0.1388
72,1430,1502,0.1388
74,1422,1496,0.1388
71,1430,1501,0.1388
73,1435,1508,0.1388
74,1451,1525,0.1388
72,1439,1511,0.1388
74,1436,1510,0.1388
74,1435,1509,0.1388
75,1440,1515,0.1388
73,1435,1508,0.1388
72,1432,1504,0.1388
74,1434,1508,0.1388
74,1419,1493,0.1388
74,1433,1507,0.1388
76,1438,1514,0.1388
79,1442,1521,0.1388
81,1446,1527,0.1388
81,1439,1520,0.1388
78,1434,1512,0.1388
82,1440,1522,0.1388
83,1444,1527,0.1388
81,1435,1516,0.1388
80,1445,1525,0.1388
77,1446,1523,0.1388
79,1451,1530,0.1388
77,1453,1530,0.1388
76,1448,1524,0.1388
73,1446,1519,0.1388
71,1436,1507,0.1388
73,1434,1507,0.1388
72,1441,1513,0.1388
71,1440,1511,0.1388
71,1432,1503,0.1388
68,1445,1513,0.1388
67,1438,1505,0.1388
67,1448,1515,0.1388
68,1450,1518,0.1388
69,1444,1513,0.1388
71,1447,1518,0.1388
71,1437,1508,0.1388
73,1441,1514,0.1388
72,1439,1511,0.1388
74,1449,1523,0.1388
71,1443,1514,0.1388
68,1455,1523,0.1388
69,1454,1523,0.1388
68,1452,1520,0.1388
67,1444,1511,0.1388
68,1452,1520,0.1388
65,1450,1515,0.1388
64,1447,1511,0.1388
64,1458,1522,0.1388
65,1448,1513,0.1388
65,1449,1514,0.1388
65,1460,1525,0.1388
65,1458,1523,0.1388
64,1464,1528,0.1388
65,1465,1530,0.1388
65,1446,1511,0.1388
63,1446,1509,0.1388
65,1448,1513,0.1388
64,1438,1502,0.1388
66,1446,1512,0.1388
66,1445,1511,0.1388
63,1441,1504,0.1388
65,1444,1509,0.1388
65,1471,1536,0.1388
65,1462,1527,0.1388
64,1474,1538,0.1388
62,1463,1525,0.1388
62,1454,1516,0.1388
62,1459,1521,0.1388
61,1454,1515,0.1388
57,1456,1513,0.1388
60,1456,1516,0.1388
62,1463,1525,0.1388
58,1473,1531,0.1388
60,1482,1542,0.1388
59,1470,1529,0.1388
60,1468,1528,0.1388
62,1470,1532,0.1388
61,1467,1528,0.1388
58,1466,1524,0.1388
59,1474,1533,0.1388
60,1469,1529,0.1388
60,1447,1507,0.1388
59,1449,1508,0.1388
58,1439,1497,0.1388
59,1452,1511,0.1388
60,1453,1513,0.1388
61,1463,1524,0.1388
64,1453,1517,0.1388
63,1461,1524,0.1388
61,1458,1519,0.1388
62,1460,1522,0.1388
62,1453,1515,0.1388
62,1459,1521,0.1388
62,1462,1524,0.1388
61,1453,1514,0.1388
61,1450,1511,0.1388
61,1453,1514,0.1388
64,1442,1506,0.1388
61,1447,1508,0.1388
61,1449,1510,0.1388
58,1453,1511,0.1388
62,1452,1514,0.1388
61,1451,1512,0.1388
60,1443,1503,0.1388
60,1433,1493,0.1388
62,1446,1508,0.1388
60,1457,1517,0.1388
59,1459,1518,0.1388
62,1464,1526,0.1388
63,1452,1515,0.1388
62,1449,1511,0.1388
61,1437,1498,0.1388
56,1444,1500,0.1388
58,1449,1507,0.1388
57,1455,1512,0.1388
58,1447,1505,0.1388
61,1449,1510,0.1388
61,1444,1505,0.1388
63,1446,1509,0.1388
61,1450,1511,0.1388
58,1444,1502,0.1388
57,1450,1507,0.1388
57,1440,1497,0.1388
56,1459,1515,0.1388
54,1469,1523,0.1388
55,1460,1515,0.1388
58,1461,1519,0.1388
59,1466,1525,0.1388
58,1473,1531,0.1388
57,1458,1515,0.1388
57,1461,1518,0.1388
57,1459,1516,0.1388
55,1455,1510,0.1388
55,1458,1513,0.1388
53,1454,1507,0.1388
52,1449,1501,0.1388
52,1466,1518,0.1388
51,1468,1519,0.1388
51,1470,1521,0.1388
54,1457,1511,0.1388
54,1465,1519,0.1388
53,1470,1523,0.1388
52,1458,1510,0.1388
53,1458,1511,0.1388
53,1449,1502,0.1388
55,1453,1508,0.1388
53,1458,1511,0.1388
54,1471,1525,0.1388
53,1469,1522,0.1388
53,1471,1524,0.1388
53,1477,1530,0.1388
49,1465,1514,0.1388
49,1466,1515,0.1388
50,1461,1511,0.1388
49,1475,1524,0.1388
50,1474,1524,0.1388
49,1475,1524,0.1388
47,1464,1511,0.1388
46,1458,1504,0.1388
48,1459,1507,0.1388
47,1470,1517,0.1388
45,1469,1514,0.1388
46,1479,1525,0.1388
48,1461,1509,0.1388
49,1454,1503,0.1388
52,1453,1505,0.1388
50,1459,1509,0.1388
50,1470,1520,0.1388
49,1462,1511,0.1388
50,1466,1516,0.1388
50,1454,1504,0.1388
50,1456,1506,0.1388
49,1447,1496,0.1388
50,1452,1502,0.1388
50,1469,1519,0.1388
50,1469,1519,0.1388
48,1466,1514,0.1388
48,1466,1514,0.1388
49,1475,1524,0.1388
48,1464,1512,0.1388
50,1466,1516,0.1388
48,1464,1512,0.1388
50,1472,1522,0.1388
51,1459,1510,0.1388
50,1462,1512,0.1388
51,1469,1520,0.1388
47,1467,1514,0.1388
49,1461,1510,0.1388
50,1459,1509,0.1388
51,1449,1500,0.1388
51,1446,1497,0.1388
55,1456,1511,0.1388
54,1466,1520,0.1388
53,1468,1521,0.1388
51,1480,1531,0.1388
51,1485,1536,0.1388
52,1462,1514,0.1388
54,1466,1520,0.1388
53,1465,1518,0.1388
50,1456,1506,0.1388
49,1464,1513,0.1388
47,1456,1503,0.1388
45,1468,1513,0.1388
46,1476,1522,0.1388
47,1459,1506,0.1388
49,1464,1513,0.1388
49,1449,1498,0.1388
49,1438,1487,0.1388
51,1458,1509,0.1388
52,1460,1512,0.1388
54,1465,1519,0.1388
53,1463,1516,0.1388
52,1468,1520,0.1388
52,1472,1524,0.1388
49,1458,1507,0.1388
46,1456,1502,0.1388
46,1481,1527,0.1388
46,1482,1528,0.1388
47,1468,1515,0.1388
49,1478,1527,0.1388
50,1474,1524,0.1388
49,1477,1526,0.1388
49,1473,1522,0.1388
46,1466,1512,0.1388
46,1461,1507,0.1388
45,1470,1515,0.1388
47,1469,1516,0.1388
43,1470,1513,0.1388
41,1464,1505,0.1388
39,1469,1508,0.1388
39,1474,1513,0.1388
39,1469,1508,0.1388
37,1462,1499,0.1388
37,1467,1504,0.1388
36,1483,1519,0.1388
33,1480,1513,0.1388
33,1471,1504,0.1388
32,1485,1517,0.1388
32,1483,1515,0.1388
32,1493,1525,0.1388
30,1480,1510,0.1388
30,1483,1513,0.1388
30,1488,1518,0.1388
29,1489,1518,0.1388
28,1486,1514,0.1388
25,1496,1521,0.1388
26,1477,1503,0.1388
26,1481,1507,0.1388
25,1493,1518,0.1388
25,1490,1515,0.1388
26,1490,1516,0.1388
24,1485,1509,0.1388
24,1482,1506,0.1388
24,1478,1502,0.1388
25,1482,1507,0.1388
25,1490,1515,0.1388
25,1479,1504,0.1388
26,1486,1512,0.1388
26,1493,1519,0.1388
28,1491,1519,0.1388
28,1496,1524,0.1388
29,1501,1530,0.1388
29,1499,1528,0.1388
28,1500,1528,0.1388
29,1495,1524,0.1388
29,1505,1534,0.1388
28,1497,1525,0.1388
27,1479,1506,0.1388
27,1469,1496,0.1388
26,1487,1513,0.1388
27,1480,1507,0.1388
27,1491,1518,0.1388
27,1494,1521,0.1388
25,1494,1519,0.1388
26,1489,1515,0.1388
26,1487,1513,0.1388
26,1482,1508,0.1388
24,1474,1498,0.1388
24,1492,1516,0.1388
23,1486,1509,0.1388
19,1480,1499,0.1388
20,1477,1497,0.1388
20,1484,1504,0.1388
21,1490,1511,0.1388
22,1498,1520,0.1388
22,1487,1509,0.1388
21,1486,1507,0.1388
21,1485,1506,0.1388
20,1487,1507,0.1388
20,1485,1505,0.1388
17,1484,1501,0.1388
17,1487,1504,0.1388
18,1500,1518,0.1388
17,1505,1522,0.1388
17,1505,1522,0.1388
17,1493,1510,0.1388
16,1504,1520,0.1388
15,1517,1532,0.1388
14,1520,1534,0.1388
14,1506,1520,0.1388
14,1508,1522,0.1388
14,1506,1520,0.1388
15,1509,1524,0.1388
15,1494,1509,0.1388
15,1495,1510,0.1388
15,1488,1503,0.1388
14,1498,1512,0.1388
14,1497,1511,0.1388
15,1501,1516,0.1388
14,1498,1512,0.1388
14,1502,1516,0.1388
14,1506,1520,0.1388
14,1509,1523,0.1388
15,1510,1525,0.1388
15,1495,1510,0.1388
14,1500,1514,0.1388
13,1504,1517,0.1388
13,1506,1519,0.1388
14,1505,1519,0.1388
14,1507,1521,0.1388
13,1505,1518,0.1388
13,1506,1519,0.1388
12,1508,1520,0.1388
13,1511,1524,0.1388
13,1512,1525,0.1388
12,1508,1520,0.1388
13,1511,1524,0.1388
13,1501,1514,0.1388
11,1491,1502,0.1388
11,1498,1509,0.1388
11,1496,1507,0.1388
10,1494,1504,0.1388
11,1504,1515,0.1388
12,1504,1516,0.1388
11,1496,1507,0.1388
11,1493,1504,0.1388
12,1507,1519,0.1388
12,1517,1529,0.1388
13,1521,1534,0.1388
13,1509,1522,0.1388
12,1510,1522,0.1388
10,1509,1519,0.1388
10,1517,1527,0.1388
10,1523,1533,0.1388
9,1507,1516,0.1388
9,1506,1515,0.1388
8,1520,1528,0.1388
8,1507,1515,0.1388
8,1516,1524,0.1388
8,1519,1527,0.1388
7,1496,1503,0.1388
6,1497,1503,0.1388
6,1496,1502,0.1388
6,1512,1518,0.1388
6,1512,1518,0.1388
6,1517,1523,0.1388
7,1513,1520,0.1388
7,1516,1523,0.1388
7,1507,1514,0.1388
7,1512,1519,0.1388
6,1509,1515,0.1388
6,1518,1524,0.1388
6,1501,1507,0.1388
7,1508,1515,0.1388
9,1506,1515,0.1388
9,1522,1531,0.1388
9,1511,1520,0.1388
10,1516,1526,0.1388
9,1509,1518,0.1388
10,1503,1513,0.1388
10,1499,1509,0.1388
9,1504,1513,0.1388
9,1511,1520,0.1388
9,1513,1522,0.1388
9,1518,1527,0.1388
9,1511,1520,0.1388
8,1505,1513,0.1388
8,1514,1522,0.1388
9,1501,1510,0.1388
8,1504,1512,0.1388
8,1515,1523,0.1388
9,1517,1526,0.1388
9,1517,1526,0.1388
9,1504,1513,0.1388
8,1492,1500,0.1388
8,1503,1511,0.1388
8,1504,1512,0.1388
8,1512,1520,0.1388
7,1513,1520,0.1388
7,1517,1524,0.1388
7,1520,1527,0.1388
7,1523,1530,0.1388
6,1528,1534,0.1388
6,1516,1522,0.1388
8,1518,1526,0.1388
8,1511,1519,0.1388
8,1513,1521,0.1388
8,1513,1521,0.1388
10,1510,1520,0.1388
10,1511,1521,0.1388
11,1520,1531,0.1388
12,1511,1523,0.1388
12,1510,1522,0.1388
11,1502,1513,0.1388
10,1516,1526,0.1388
9,1509,1518,0.1388
9,1505,1514,0.1388
9,1499,1508,0.1388
9,1508,1517,0.1388
9,1514,1523,0.1388
9,1506,1515,0.1388
9,1498,1507,0.1388
9,1503,1512,0.1388
10,1506,1516,0.1388
10,1512,1522,0.1388
10,1522,1532,0.1388
10,1515,1525,0.1388
10,1503,1513,0.1388
10,1504,1514,0.1388
10,1502,1512,0.1388
10,1504,1514,0.1388
10,1510,1520,0.1388
10,1495,1505,0.1388
10,1505,1515,0.1388
10,1521,1531,0.1388
9,1524,1533,0.1388
8,1521,1529,0.1388
9,1517,1526,0.1388
9,1522,1531,0.1388
9,1508,1517,0.1388
9,1484,1493,0.1388
9,1492,1501,0.1388
9,1492,1501,0.1388
9,1497,1506,0.1388
8,1502,1510,0.1388
8,1496,1504,0.1388
9,1502,1511,0.1388
9,1505,1514,0.1388
9,1501,1510,0.1388
9,1507,1516,0.1388
10,1496,1506,0.1388
11,1502,1513,0.1388
11,1507,1518,0.1388
11,1506,1517,0.1388
11,1503,1514,0.1388
11,1505,1516,0.1388
11,1510,1521,0.1388
12,1509,1521,0.1388
12,1506,1518,0.1388
12,1499,1511,0.1388
13,1496,1509,0.1388
12,1510,1522,0.1388
12,1509,1521,0.1388
11,1509,1520,0.1388
11,1511,1522,0.1388
11,1514,1525,0.1388
11,1513,1524,0.1388
11,1505,1516,0.1388
10,1507,1517,0.1388
9,1515,1524,0.1388
9,1505,1514,0.1388
8,1497,1505,0.1388
11,1506,1517,0.1388
10,1505,1515,0.1388
10,1520,1530,0.1388
10,1519,1529,0.1388
9,1516,1525,0.1388
7,1506,1513,0.1388
6,1523,1529,0.1388
6,1532,1538,0.1388
6,1528,1534,0.1388
6,1527,1533,0.1388
6,1533,1539,0.1388
6,1537,1543,0.1388
6,1531,1537,0.1388
6,1512,1518,0.1388
6,1521,1527,0.1388
6,1512,1518,0.1388
6,1511,1517,0.1388
5,1516,1521,0.1388
5,1513,1518,0.1388
5,1510,1515,0.1388
5,1523,1528,0.1388
4,1524,1528,0.1388
4,1532,1536,0.1388
4,1524,1528,0.1388
4,1512,1516,0.1388
4,1511,1515,0.1388
4,1515,1519,0.1388
4,1510,1514,0.1388
4,1510,1514,0.1388
4,1510,1514,0.1388
4,1507,1511,0.1388
4,1525,1529,0.1388
4,1521,1525,0.1388
4,1519,1523,0.1388
4,1516,1520,0.1388
4,1519,1523,0.1388
4,1508,1512,0.1388
4,1520,1524,0.1388
4,1518,1522,0.1388
4,1531,1535,0.1388
4,1514,1518,0.1388
4,1500,1504,0.1388
3,1506,1509,0.1388
3,1505,1508,0.1388
3,1512,1515,0.1388
3,1509,1512,0.1388
3,1515,1518,0.1388
3,1511,1514,0.1388
3,1510,1513,0.1388
3,1515,1518,0.1388
4,1516,1520,0.1388
4,1511,1515,0.1388
4,1513,1517,0.1388
4,1502,1506,0.1388
4,1511,1515,0.1388
4,1516,1520,0.1388
5,1498,1503,0.1388
5,1499,1504,0.1388
5,1495,1500,0.1388
4,1480,1484,0.1388
4,1495,1499,0.1388
4,1508,1512,0.1388
4,1525,1529,0.1388
4,1521,1525,0.1388
4,1520,1524,0.1388
4,1514,1518,0.1388
4,1507,1511,0.1388
4,1514,1518,0.1388
4,1518,1522,0.1388
4,1518,1522,0.1388
4,1514,1518,0.1388
3,1512,1515,0.1388
5,1517,1522,0.1388
5,1511,1516,0.1388
5,1526,1531,0.1388
4,1510,1514,0.1388
4,1503,1507,0.1388
4,1499,1503,0.1388
4,1504,1508,0.1388
4,1493,1497,0.1388
3,1503,1506,0.1388
3,1510,1513,0.1388
3,1528,1531,0.1388
3,1525,1528,0.1388
3,1513,1516,0.1388
3,1506,1509,0.1388
2,1516,1518,0.1388
2,1524,1526,0.1388
3,1519,1522,0.1388
3,1519,1522,0.1388
4,1510,1514,0.1388
4,1509,1513,0.1388
4,1498,1502,0.1388
4,1509,1513,0.1388
4,1524,1528,0.1388
4,1516,1520,0.1388
4,1521,1525,0.1388
4,1512,1516,0.1388
4,1512,1516,0.1388
4,1520,1524,0.1388
4,1506,1510,0.1388
4,1504,1508,0.1388
4,1511,1515,0.1388
4,1501,1505,0.1388
4,1509,1513,0.1388
4,1500,1504,0.1388
4,1522,1526,0.1388
4,1516,1520,0.1388
4,1517,1521,0.1388
4,1517,1521,0.1388
4,1519,1523,0.1388
4,1512,1516,0.1388
4,1517,1521,0.1388
4,1516,1520,0.1388
4,1520,1524,0.1388
3,1518,1521,0.1388
4,1520,1524,0.1388
4,1518,1522,0.1388
4,1504,1508,0.1388
4,1508,1512,0.1388
4,1511,1515,0.1388
4,1514,1518,0.1388
4,1517,1521,0.1388
4,1517,1521,0.1388
4,1517,1521,0.1388
4,1533,1537,0.1388
5,1519,1524,0.1388
5,1508,1513,0.1388
5,1498,1503,0.1388
5,1501,1506,0.1388
5,1504,1509,0.1388
5,1507,1512,0.1388
5,1516,1521,0.1388
5,1512,1517,0.1388
5,1514,1519,0.1388
5,1515,1520,0.1388
5,1510,1515,0.1388
5,1510,1515,0.1388
5,1491,1496,0.1388
5,1500,1505,0.1388
6,1499,1505,0.1388
6,1489,1495,0.1388
5,1518,1523,0.1388
6,1524,1530,0.1388
6,1516,1522,0.1388
6,1507,1513,0.1388
6,1507,1513,0.1388
7,1497,1504,0.1388
7,1500,1507,0.1388
7,1496,1503,0.1388
8,1509,1517,0.1388
8,1490,1498,0.1388
8,1488,1496,0.1388
6,1501,1507,0.1388
5,1504,1509,0.1388
5,1510,1515,0.1388
5,1522,1527,0.1388
5,1519,1524,0.1388
4,1506,1510,0.1388
4,1497,1501,0.1388
4,1500,1504,0.1388
4,1507,1511,0.1388
4,1504,1508,0.1388
4,1520,1524,0.1388
4,1501,1505,0.1388
4,1501,1505,0.1388
4,1490,1494,0.1388
4,1488,1492,0.1388
4,1496,1500,0.1388
4,1512,1516,0.1388
4,1515,1519,0.1388
4,1522,1526,0.1388
4,1513,1517,0.1388
4,1495,1499,0.1388
4,1502,1506,0.1388
4,1497,1501,0.1388
4,1504,1508,0.1388
5,1514,1519,0.1388
5,1508,1513,0.1388
5,1507,1512,0.1388
5,1508,1513,0.1388
4,1523,1527,0.1388
4,1512,1516,0.1388
5,1512,1517,0.1388
5,1499,1504,0.1388
5,1520,1525,0.1388
6,1529,1535,0.1388
6,1519,1525,0.1388
6,1517,1523,0.1388
5,1515,1520,0.1388
5,1512,1517,0.1388
5,1515,1520,0.1388
6,1511,1517,0.1388
6,1503,1509,0.1388
6,1506,1512,0.1388
6,1503,1509,0.1388
6,1490,1496,0.1388
6,1502,1508,0.1388
6,1507,1513,0.1388
7,1510,1517,0.1388
6,1516,1522,0.1388
6,1500,1506,0.1388
6,1512,1518,0.1388
7,1512,1519,0.1388
7,1514,1521,0.1388
6,1524,1530,0.1388
7,1507,1514,0.1388
7,1516,1523,0.1388
7,1512,1519,0.1388
7,1515,1522,0.1388
8,1509,1517,0.1388
8,1504,1512,0.1388
8,1502,1510,0.1388
8,1510,1518,0.1388
10,1515,1525,0.1388
10,1514,1524,0.1388
9,1514,1523,0.1388
10,1515,1525,0.1388
8,1514,1522,0.1388
9,1509,1518,0.1388
9,1500,1509,0.1388
8,1503,1511,0.1388
9,1503,1512,0.1388
8,1500,1508,0.1388
8,1501,1509,0.1388
7,1508,1515,0.1388
7,1508,1515,0.1388
7,1498,1505,0.1388
7,1495,1502,0.1388
7,1501,1508,0.1388
7,1504,1511,0.1388
6,1500,1506,0.1388
6,1504,1510,0.1388
6,1514,1520,0.1388
6,1527,1533,0.1388
7,1518,1525,0.1388
7,1515,1522,0.1388
7,1510,1517,0.1388
7,1509,1516,0.1388
7,1517,1524,0.1388
6,1511,1517,0.1388
6,1516,1522,0.1388
8,1521,1529,0.1388
8,1523,1531,0.1388
8,1519,1527,0.1388
8,1517,1525,0.1388
8,1508,1516,0.1388
7,1512,1519,0.1388
8,1507,1515,0.1388
8,1508,1516,0.1388
8,1501,1509,0.1388
8,1515,1523,0.1388
9,1520,1529,0.1388
9,1511,1520,0.1388
8,1515,1523,0.1388
8,1492,1500,0.1388
9,1510,1519,0.1388
9,1507,1516,0.1388
9,1510,1519,0.1388
9,1498,1507,0.1388
8,1507,1515,0.1388
8,1518,1526,0.1388
8,1524,1532,0.1388
8,1515,1523,0.1388
8,1515,1523,0.1388
8,1505,1513,0.1388
8,1510,1518,0.1388
7,1488,1495,0.1388
7,1505,1512,0.1388
7,1506,1513,0.1388
7,1506,1513,0.1388
7,1505,1512,0.1388
7,1490,1497,0.1388
7,1498,1505,0.1388
7,1499,1506,0.1388
7,1492,1499,0.1388
7,1505,1512,0.1388
7,1501,1508,0.1388
7,1503,1510,0.1388
7,1515,1522,0.1388
7,1520,1527,0.1388
7,1521,1528,0.1388
7,1513,1520,0.1388
7,1519,1526,0.1388
7,1511,1518,0.1388
7,1524,1531,0.1388
8,1511,1519,0.1388
10,1521,1531,0.1388
11,1512,1523,0.1388
10,1502,1512,0.1388
10,1503,1513,0.1388
10,1513,1523,0.1388
10,1508,1518,0.1388
10,1507,1517,0.1388
10,1499,1509,0.1388
10,1511,1521,0.1388
10,1506,1516,0.1388
10,1508,1518,0.1388
10,1514,1524,0.1388
9,1509,1518,0.1388
9,1508,1517,0.1388
10,1506,1516,0.1388
10,1514,1524,0.1388
10,1527,1537,0.1388
10,1521,1531,0.1388
10,1506,1516,0.1388
10,1505,1515,0.1388
9,1517,1526,0.1388
9,1511,1520,0.1388
9,1502,1511,0.1388
9,1513,1522,0.1388
9,1502,1511,0.1388
8,1503,1511,0.1388
8,1500,1508,0.1388
8,1499,1507,0.1388
7,1506,1513,0.1388
7,1502,1509,0.1388
7,1509,1516,0.1388
7,1509,1516,0.1388
6,1503,1509,0.1388
5,1494,1499,0.1388
5,1501,1506,0.1388
5,1504,1509,0.1388
5,1497,1502,0.1388
5,1491,1496,0.1388
5,1498,1503,0.1388
5,1507,1512,0.1388
5,1508,1513,0.1388
5,1516,1521,0.1388
5,1494,1499,0.1388
5,1500,1505,0.1388
5,1499,1504,0.1388
5,1518,1523,0.1388
5,1514,1519,0.1388
5,1508,1513,0.1388
5,1506,1511,0.1388
6,1506,1512,0.1388
6,1513,1519,0.1388
6,1513,1519,0.1388
6,1516,1522,0.1388
6,1511,1517,0.1388
6,1508,1514,0.1388
6,1510,1516,0.1388
6,1514,1520,0.1388
6,1512,1518,0.1388
5,1502,1507,0.1388
5,1509,1514,0.1388
5,1512,1517,0.1388
5,1518,1523,0.1388
4,1506,1510,0.1388
4,1494,1498,0.1388
4,1503,1507,0.1388
3,1501,1504,0.1388
3,1505,1508,0.1388
3,1515,1518,0.1388
3,1523,1526,0.1388
3,1524,1527,0.1388
3,1517,1520,0.1388
3,1525,1528,0.1388
3,1525,1528,0.1388
3,1535,1538,0.1388
3,1525,1528,0.1388
3,1516,1519,0.1388
2,1514,1516,0.1388
2,1521,1523,0.1388
2,1518,1520,0.1388
2,1521,1523,0.1388
2,1513,1515,0.1388
3,1504,1507,0.1388
2,1513,1515,0.1388
2,1502,1504,0.1388
2,1518,1520,0.1388
2,1515,1517,0.1388
1,1516,1517,0.1388
1,1506,1507,0.1388
1,1525,1526,0.1388
1,1510,1511,0.1388
1,1520,1521,0.1388
1,1519,1520,0.1388
1,1526,1527,0.1388
1,1521,1522,0.1388
1,1513,1514,0.1388
1,1514,1515,0.1388
1,1510,1511,0.1388
1,1515,1516,0.1388
1,1517,1518,0.1388
1,1539,1540,0.1388
1,1526,1527,0.1388
1,1521,1522,0.1388
2,1520,1522,0.1388
2,1521,1523,0.1388
2,1522,1524,0.1388
2,1528,1530,0.1388
2,1515,1517,0.1388
2,1512,1514,0.1388
2,1496,1498,0.1388
2,1495,1497,0.1388
2,1492,1494,0.1388
3,1497,1500,0.1388
3,1511,1514,0.1388
3,1518,1521,0.1388
3,1511,1514,0.1388
3,1509,1512,0.1388
3,1506,1509,0.1388
4,1504,1508,0.1388
3,1508,1511,0.1388
3,1517,1520,0.1388
3,1521,1524,0.1388
2,1522,1524,0.1388
1,1506,1507,0.1388
1,1511,1512,0.1388
2,1512,1514,0.1388
2,1522,1524,0.1388
1,1511,1512,0.1388
1,1496,1497,0.1388
1,1509,1510,0.1388
1,1514,1515,0.1388
1,1523,1524,0.1388
1,1520,1521,0.1388
1,1517,1518,0.1388
1,1515,1516,0.1388
1,1514,1515,0.1388
1,1524,1525,0.1388
1,1537,1538,0.1388
1,1522,1523,0.1388
1,1517,1518,0.1388
1,1503,1504,0.1388
1,1514,1515,0.1388
1,1525,1526,0.1388
0,1527,1527,0.1388
