1371,25,1396,0.1388
1397,25,1422,0.1388
1421,24,1445,0.1388
1435,26,1461,0.1388
1434,25,1459,0.1388
1445,26,1471,0.1388
1450,27,1477,0.1388
1455,28,1483,0.1388
1452,27,1479,0.1388
1459,29,1488,0.1388
1474,29,1503,0.1388
1481,29,1510,0.1388
1485,28,1513,0.1388
1488,28,1516,0.1388
1486,28,1514,0.1388
1484,28,1512,0.1388
1472,28,1500,0.1388
1474,30,1504,0.1388
1473,30,1503,0.1388
1467,30,1497,0.1388
1474,30,1504,0.1388
1459,30,1489,0.1388
1468,29,1497,0.1388
1483,27,1510,0.1388
1480,26,1506,0.1388
1462,25,1487,0.1388
1464,25,1489,0.1388
1465,23,1488,0.1388
1468,27,1495,0.1388
1459,29,1488,0.1388
1459,28,1487,0.1388
1468,27,1495,0.1388
1471,28,1499,0.1388
1457,31,1488,0.1388
1464,31,1495,0.1388
1468,31,1499,0.1388
1474,32,1506,0.1388
1469,31,1500,0.1388
1467,34,1501,0.1388
1459,34,1493,0.1388
1455,35,1490,0.1388
1453,38,1491,0.1388
1454,39,1493,0.1388
1461,39,1500,0.1388
1458,39,1497,0.1388
1446,40,1486,0.1388
1436,42,1478,0.1388
1441,42,1483,0.1388
1438,43,1481,0.1388
1441,41,1482,0.1388
1441,45,1486,0.1388
1442,49,1491,0.1388
1441,50,1491,0.1388
1429,53,1482,0.1388
1425,54,1479,0.1388
1442,53,1495,0.1388
1441,55,1496,0.1388
1454,55,1509,0.1388
1444,55,1499,0.1388
1443,56,1499,0.1388
1438,53,1491,0.1388
1446,56,1502,0.1388
1442,55,1497,0.1388
1453,57,1510,0.1388
1448,56,1504,0.1388
1461,56,1517,0.1388
1461,55,1516,0.1388
1462,55,1517,0.1388
1454,55,1509,0.1388
1431,58,1489,0.1388
1436,60,1496,0.1388
1452,62,1514,0.1388
1444,63,1507,0.1388
1439,63,1502,0.1388
1428,67,1495,0.1388
1425,66,1491,0.1388
1424,67,1491,0.1388
1426,71,1497,0.1388
1425,69,1494,0.1388
1409,65,1474,0.1388
1411,65,1476,0.1388
1408,65,1473,0.1388
1422,63,1485,0.1388
1425,65,1490,0.1388
1430,66,1496,0.1388
1435,68,1503,0.1388
1430,68,1498,0.1388
1438,68,1506,0.1388
1436,65,1501,0.1388
1422,66,1488,0.1388
1417,68,1485,0.1388
1416,69,1485,0.1388
1425,69,1494,0.1388
1415,71,1486,0.1388
1430,75,1505,0.1388
1431,73,1504,0.1388
1422,71,1493,0.1388
1438,72,1510,0.1388
1423,73,1496,0.1388
1418,73,1491,0.1388
1420,75,1495,0.1388
1416,80,1496,0.1388
1413,81,1494,0.1388
1399,83,1482,0.1388
1410,80,1490,0.1388
1414,76,1490,0.1388
1422,77,1499,0.1388
1416,78,1494,0.1388
1408,79,1487,0.1388
1416,84,1500,0.1388
1416,84,1500,0.1388
1406,84,1490,0.1388
1414,86,1500,0.1388
1404,91,1495,0.1388
1406,92,1498,0.1388
1398,89,1487,0.1388
1393,89,1482,0.1388
1388,90,1478,0.1388
1391,94,1485,0.1388
1388,93,1481,0.1388
1390,92,1482,0.1388
1394,99,1493,0.1388
1382,99,1481,0.1388
1382,97,1479,0.1388
1388,97,1485,0.1388
1392,95,1487,0.1388
1391,94,1485,0.1388
1394,95,1489,0.1388
1392,96,1488,0.1388
1400,95,1495,0.1388
1389,94,1483,0.1388
1393,97,1490,0.1388
1404,98,1502,0.1388
1403,94,1497,0.1388
1398,93,1491,0.1388
1397,89,1486,0.1388
1402,89,1491,0.1388
1401,91,1492,0.1388
1408,89,1497,0.1388
1403,88,1491,0.1388
1398,91,1489,0.1388
1397,91,1488,0.1388
1410,91,1501,0.1388
1417,92,1509,0.1388
1403,92,1495,0.1388
1410,91,1501,0.1388
1411,90,1501,0.1388
1395,91,1486,0.1388
1402,92,1494,0.1388
1409,91,1500,0.1388
1420,89,1509,0.1388
1415,86,1501,0.1388
1409,84,1493,0.1388
1408,84,1492,0.1388
1413,84,1497,0.1388
1415,87,1502,0.1388
1405,86,1491,0.1388
1409,87,1496,0.1388
1414,86,1500,0.1388
1412,87,1499,0.1388
1394,89,1483,0.1388
1392,89,1481,0.1388
1391,86,1477,0.1388
1388,84,1472,0.1388
1393,81,1474,0.1388
1402,84,1486,0.1388
1406,85,1491,0.1388
1399,81,1480,0.1388
1394,84,1478,0.1388
1397,83,1480,0.1388
1405,83,1488,0.1388
1417,85,1502,0.1388
1408,85,1493,0.1388
1421,87,1508,0.1388
1412,90,1502,0.1388
1399,90,1489,0.1388
1402,90,1492,0.1388
1390,92,1482,0.1388
1390,92,1482,0.1388
1392,90,1482,0.1388
1396,90,1486,0.1388
1399,91,1490,0.1388
1398,92,1490,0.1388
1396,94,1490,0.1388
1401,95,1496,0.1388
1400,94,1494,0.1388
1403,95,1498,0.1388
1405,91,1496,0.1388
1414,89,1503,0.1388
1398,90,1488,0.1388
1388,92,1480,0.1388
1389,89,1478,0.1388
1375,88,1463,0.1388
1394,90,1484,0.1388
1399,90,1489,0.1388
1405,91,1496,0.1388
1404,90,1494,0.1388
1401,88,1489,0.1388
1388,88,1476,0.1388
1392,93,1485,0.1388
1391,91,1482,0.1388
1391,92,1483,0.1388
1384,90,1474,0.1388
1387,88,1475,0.1388
1398,86,1484,0.1388
1400,89,1489,0.1388
1413,95,1508,0.1388
1411,93,1504,0.1388
1407,94,1501,0.1388
1403,93,1496,0.1388
1416,94,1510,0.1388
1403,96,1499,0.1388
1408,99,1507,0.1388
1409,92,1501,0.1388
1401,91,1492,0.1388
1409,92,1501,0.1388
1403,93,1496,0.1388
1399,97,1496,0.1388
1397,99,1496,0.1388
1401,99,1500,0.1388
1406,94,1500,0.1388
1415,91,1506,0.1388
1414,89,1503,0.1388
1418,90,1508,0.1388
1406,93,1499,0.1388
1397,92,1489,0.1388
1392,96,1488,0.1388
1402,94,1496,0.1388
1400,96,1496,0.1388
1401,92,1493,0.1388
1411,95,1506,0.1388
1420,98,1518,0.1388
1403,102,1505,0.1388
1393,104,1497,0.1388
1396,102,1498,0.1388
1397,103,1500,0.1388
1394,101,1495,0.1388
1392,100,1492,0.1388
1390,97,1487,0.1388
1396,101,1497,0.1388
1390,100,1490,0.1388
1390,101,1491,0.1388
1399,100,1499,0.1388
1388,103,1491,0.1388
1387,107,1494,0.1388
1386,111,1497,0.1388
1387,112,1499,0.1388
1385,115,1500,0.1388
1390,117,1507,0.1388
1395,122,1517,0.1388
1404,120,1524,0.1388
1389,121,1510,0.1388
1399,118,1517,0.1388
1403,118,1521,0.1388
1397,114,1511,0.1388
1380,115,1495,0.1388
1375,118,1493,0.1388
1377,119,1496,0.1388
1374,116,1490,0.1388
1369,119,1488,0.1388
1375,119,1494,0.1388
1366,121,1487,0.1388
1370,123,1493,0.1388
1380,122,1502,0.1388
1367,122,1489,0.1388
1364,122,1486,0.1388
1385,122,1507,0.1388
1392,119,1511,0.1388
1394,119,1513,0.1388
1395,120,1515,0.1388
1381,120,1501,0.1388
1380,115,1495,0.1388
1371,111,1482,0.1388
1395,113,1508,0.1388
1395,112,1507,0.1388
1377,112,1489,0.1388
1378,111,1489,0.1388
1364,113,1477,0.1388
1383,116,1499,0.1388
1374,115,1489,0.1388
1369,115,1484,0.1388
1361,112,1473,0.1388
1358,116,1474,0.1388
1353,122,1475,0.1388
1365,122,1487,0.1388
1357,130,1487,0.1388
1359,130,1489,0.1388
1355,134,1489,0.1388
1361,132,1493,0.1388
1355,131,1486,0.1388
1373,135,1508,0.1388
1373,134,1507,0.1388
1375,129,1504,0.1388
1352,131,1483,0.1388
1363,132,1495,0.1388
1361,130,1491,0.1388
1355,135,1490,0.1388
1346,140,1486,0.1388
1351,142,1493,0.1388
1349,139,1488,0.1388
1348,134,1482,0.1388
1360,133,1493,0.1388
1362,135,1497,0.1388
1353,135,1488,0.1388
1364,133,1497,0.1388
1367,133,1500,0.1388
1361,132,1493,0.1388
1369,138,1507,0.1388
1361,136,1497,0.1388
1352,141,1493,0.1388
1354,144,1498,0.1388
1354,151,1505,0.1388
1346,149,1495,0.1388
1346,149,1495,0.1388
1328,149,1477,0.1388
1332,149,1481,0.1388
1346,152,1498,0.1388
1341,155,1496,0.1388
1349,158,1507,0.1388
1352,157,1509,0.1388
1348,160,1508,0.1388
1344,157,1501,0.1388
1350,158,1508,0.1388
1331,164,1495,0.1388
1329,165,1494,0.1388
1316,164,1480,0.1388
1321,166,1487,0.1388
1321,166,1487,0.1388
1333,166,1499,0.1388
1336,163,1499,0.1388
1341,163,1504,0.1388
1337,166,1503,0.1388
1344,168,1512,0.1388
1339,167,1506,0.1388
1343,167,1510,0.1388
1338,168,1506,0.1388
1346,166,1512,0.1388
1341,165,1506,0.1388
1351,164,1515,0.1388
1346,163,1509,0.1388
1333,166,1499,0.1388
1344,165,1509,0.1388
1339,168,1507,0.1388
1343,165,1508,0.1388
1340,165,1505,0.1388
1332,163,1495,0.1388
1337,169,1506,0.1388
1333,172,1505,0.1388
1336,172,1508,0.1388
1326,173,1499,0.1388
1330,174,1504,0.1388
1320,177,1497,0.1388
1314,173,1487,0.1388
1315,166,1481,0.1388
1318,168,1486,0.1388
1319,166,1485,0.1388
1337,165,1502,0.1388
1330,167,1497,0.1388
1321,169,1490,0.1388
1330,172,1502,0.1388
1327,175,1502,0.1388
1311,175,1486,0.1388
1317,176,1493,0.1388
1334,175,1509,0.1388
1334,182,1516,0.1388
1335,179,1514,0.1388
1333,173,1506,0.1388
1325,173,1498,0.1388
1324,175,1499,0.1388
1320,177,1497,0.1388
1315,181,1496,0.1388
1310,184,1494,0.1388
1304,181,1485,0.1388
1310,180,1490,0.1388
1308,182,1490,0.1388
1316,181,1497,0.1388
1316,177,1493,0.1388
1332,181,1513,0.1388
1327,180,1507,0.1388
1314,176,1490,0.1388
1300,179,1479,0.1388
1312,180,1492,0.1388
1315,183,1498,0.1388
1305,185,1490,0.1388
1297,178,1475,0.1388
1294,181,1475,0.1388
1298,181,1479,0.1388
1303,177,1480,0.1388
1317,181,1498,0.1388
1319,182,1501,0.1388
1314,180,1494,0.1388
1308,180,1488,0.1388
1312,182,1494,0.1388
1317,180,1497,0.1388
1333,180,1513,0.1388
1328,176,1504,0.1388
1336,175,1511,0.1388
1333,172,1505,0.1388
1329,170,1499,0.1388
1326,171,1497,0.1388
1338,171,1509,0.1388
1340,170,1510,0.1388
1325,164,1489,0.1388
1329,169,1498,0.1388
1335,168,1503,0.1388
1331,169,1500,0.1388
1334,175,1509,0.1388
1320,179,1499,0.1388
1325,180,1505,0.1388
1327,179,1506,0.1388
1315,179,1494,0.1388
1309,180,1489,0.1388
1307,178,1485,0.1388
1317,176,1493,0.1388
1324,175,1499,0.1388
1326,177,1503,0.1388
1318,178,1496,0.1388
1317,176,1493,0.1388
1317,177,1494,0.1388
1322,181,1503,0.1388
1321,175,1496,0.1388
1330,173,1503,0.1388
1334,177,1511,0.1388
1336,180,1516,0.1388
1345,179,1524,0.1388
1338,174,1512,0.1388
1334,178,1512,0.1388
1329,177,1506,0.1388
1335,181,1516,0.1388
1319,183,1502,0.1388
1321,182,1503,0.1388
1310,185,1495,0.1388
1297,183,1480,0.1388
1301,189,1490,0.1388
1302,190,1492,0.1388
1289,188,1477,0.1388
1290,189,1479,0.1388
1297,187,1484,0.1388
1293,185,1478,0.1388
1311,183,1494,0.1388
1311,190,1501,0.1388
1317,191,1508,0.1388
1304,197,1501,0.1388
1297,200,1497,0.1388
1290,199,1489,0.1388
1288,203,1491,0.1388
1289,202,1491,0.1388
1283,202,1485,0.1388
1276,204,1480,0.1388
1275,207,1482,0.1388
1277,207,1484,0.1388
1283,204,1487,0.1388
1291,209,1500,0.1388
1296,214,1510,0.1388
1286,213,1499,0.1388
1286,215,1501,0.1388
1277,212,1489,0.1388
1260,214,1474,0.1388
1273,210,1483,0.1388
1276,215,1491,0.1388
1277,218,1495,0.1388
1276,219,1495,0.1388
1273,224,1497,0.1388
1266,227,1493,0.1388
1269,226,1495,0.1388
1264,223,1487,0.1388
1254,226,1480,0.1388
1257,237,1494,0.1388
1265,237,1502,0.1388
1270,237,1507,0.1388
1282,237,1519,0.1388
1275,240,1515,0.1388
1258,239,1497,0.1388
1267,243,1510,0.1388
1265,247,1512,0.1388
1252,245,1497,0.1388
1259,245,1504,0.1388
1252,245,1497,0.1388
1251,246,1497,0.1388
1250,249,1499,0.1388
1244,248,1492,0.1388
1238,251,1489,0.1388
1246,257,1503,0.1388
1239,254,1493,0.1388
1242,252,1494,0.1388
1254,252,1506,0.1388
1253,254,1507,0.1388
1254,261,1515,0.1388
1257,260,1517,0.1388
1259,257,1516,0.1388
1260,256,1516,0.1388
1245,257,1502,0.1388
1243,255,1498,0.1388
1229,257,1486,0.1388
1236,261,1497,0.1388
1237,261,1498,0.1388
1239,265,1504,0.1388
1239,267,1506,0.1388
1237,263,1500,0.1388
1228,263,1491,0.1388
1236,269,1505,0.1388
1230,269,1499,0.1388
1237,271,1508,0.1388
1225,281,1506,0.1388
1229,274,1503,0.1388
1224,275,1499,0.1388
1216,274,1490,0.1388
1214,283,1497,0.1388
1210,285,1495,0.1388
1218,285,1503,0.1388
1216,284,1500,0.1388
1217,287,1504,0.1388
1216,285,1501,0.1388
1209,287,1496,0.1388
1209,292,1501,0.1388
1204,294,1498,0.1388
1205,295,1500,0.1388
1202,293,1495,0.1388
1200,301,1501,0.1388
1198,303,1501,0.1388
1185,301,1486,0.1388
1193,304,1497,0.1388
1185,308,1493,0.1388
1178,309,1487,0.1388
1179,313,1492,0.1388
1172,321,1493,0.1388
1158,325,1483,0.1388
1161,328,1489,0.1388
1157,329,1486,0.1388
1157,328,1485,0.1388
1166,331,1497,0.1388
1159,340,1499,0.1388
1158,331,1489,0.1388
1171,340,1511,0.1388
1177,334,1511,0.1388
1177,329,1506,0.1388
1167,328,1495,0.1388
1176,329,1505,0.1388
1173,338,1511,0.1388
1162,337,1499,0.1388
1148,337,1485,0.1388
1150,340,1490,0.1388
1146,334,1480,0.1388
1147,338,1485,0.1388
1146,343,1489,0.1388
1150,350,1500,0.1388
1150,348,1498,0.1388
1148,348,1496,0.1388
1163,357,1520,0.1388
1149,361,1510,0.1388
1148,362,1510,0.1388
1142,356,1498,0.1388
1140,363,1503,0.1388
1139,362,1501,0.1388
1133,369,1502,0.1388
1138,369,1507,0.1388
1122,371,1493,0.1388
1112,370,1482,0.1388
1121,363,1484,0.1388
1138,359,1497,0.1388
1147,358,1505,0.1388
1146,353,1499,0.1388
1149,353,1502,0.1388
1144,348,1492,0.1388
1144,355,1499,0.1388
1141,352,1493,0.1388
1142,359,1501,0.1388
1127,360,1487,0.1388
1139,366,1505,0.1388
1141,370,1511,0.1388
1129,369,1498,0.1388
1116,369,1485,0.1388
1115,377,1492,0.1388
1108,384,1492,0.1388
1129,387,1516,0.1388
1128,380,1508,0.1388
1124,387,1511,0.1388
1109,388,1497,0.1388
1112,388,1500,0.1388
1117,395,1512,0.1388
1110,393,1503,0.1388
1112,390,1502,0.1388
1110,387,1497,0.1388
1109,393,1502,0.1388
1102,391,1493,0.1388
1110,393,1503,0.1388
1121,391,1512,0.1388
1115,396,1511,0.1388
1119,394,1513,0.1388
1120,384,1504,0.1388
1114,390,1504,0.1388
1108,391,1499,0.1388
1117,390,1507,0.1388
1114,392,1506,0.1388
1106,389,1495,0.1388
1093,394,1487,0.1388
1092,398,1490,0.1388
1094,398,1492,0.1388
1102,401,1503,0.1388
1097,403,1500,0.1388
1110,406,1516,0.1388
1099,406,1505,0.1388
1095,412,1507,0.1388
1086,410,1496,0.1388
1091,412,1503,0.1388
1091,412,1503,0.1388
1089,414,1503,0.1388
1098,411,1509,0.1388
1096,415,1511,0.1388
1103,409,1512,0.1388
1100,408,1508,0.1388
1093,413,1506,0.1388
1091,409,1500,0.1388
1090,416,1506,0.1388
1073,416,1489,0.1388
1078,413,1491,0.1388
1077,416,1493,0.1388
1082,415,1497,0.1388
1075,414,1489,0.1388
1069,419,1488,0.1388
1070,430,1500,0.1388
1060,425,1485,0.1388
1067,427,1494,0.1388
1057,428,1485,0.1388
1063,437,1500,0.1388
1061,436,1497,0.1388
1065,431,1496,0.1388
1069,439,1508,0.1388
1071,435,1506,0.1388
1062,439,1501,0.1388
1059,440,1499,0.1388
1057,438,1495,0.1388
1055,444,1499,0.1388
1048,447,1495,0.1388
1050,452,1502,0.1388
1058,450,1508,0.1388
1047,456,1503,0.1388
1050,452,1502,0.1388
1058,458,1516,0.1388
1048,463,1511,0.1388
1035,462,1497,0.1388
1030,468,1498,0.1388
1029,467,1496,0.1388
1029,464,1493,0.1388
1023,464,1487,0.1388
1014,469,1483,0.1388
1006,478,1484,0.1388
1015,476,1491,0.1388
1022,474,1496,0.1388
1022,480,1502,0.1388
1023,474,1497,0.1388
1028,468,1496,0.1388
1031,478,1509,0.1388
1027,468,1495,0.1388
1040,471,1511,0.1388
1040,473,1513,0.1388
1034,467,1501,0.1388
1026,460,1486,0.1388
1022,457,1479,0.1388
1030,464,1494,0.1388
1026,468,1494,0.1388
1028,466,1494,0.1388
1035,459,1494,0.1388
1035,470,1505,0.1388
1039,465,1504,0.1388
1039,467,1506,0.1388
1033,470,1503,0.1388
1039,469,1508,0.1388
1047,469,1516,0.1388
1037,476,1513,0.1388
1016,469,1485,0.1388
1023,472,1495,0.1388
1013,465,1478,0.1388
1026,466,1492,0.1388
1030,465,1495,0.1388
1020,471,1491,0.1388
1005,474,1479,0.1388
1008,478,1486,0.1388
1021,468,1489,0.1388
1022,469,1491,0.1388
1017,477,1494,0.1388
1014,473,1487,0.1388
1021,475,1496,0.1388
1025,477,1502,0.1388
1014,486,1500,0.1388
1015,486,1501,0.1388
1022,488,1510,0.1388
1007,487,1494,0.1388
1013,496,1509,0.1388
1007,508,1515,0.1388
1000,502,1502,0.1388
999,499,1498,0.1388
1009,509,1518,0.1388
1003,511,1514,0.1388
996,510,1506,0.1388
990,505,1495,0.1388
984,507,1491,0.1388
992,507,1499,0.1388
1001,503,1504,0.1388
1001,505,1506,0.1388
1002,504,1506,0.1388
999,496,1495,0.1388
996,496,1492,0.1388
999,506,1505,0.1388
1005,511,1516,0.1388
994,509,1503,0.1388
987,511,1498,0.1388
997,520,1517,0.1388
994,514,1508,0.1388
987,508,1495,0.1388
980,515,1495,0.1388
978,524,1502,0.1388
986,523,1509,0.1388
979,522,1501,0.1388
973,531,1504,0.1388
981,526,1507,0.1388
975,525,1500,0.1388
965,519,1484,0.1388
973,520,1493,0.1388
983,521,1504,0.1388
987,527,1514,0.1388
976,526,1502,0.1388
985,529,1514,0.1388
986,527,1513,0.1388
983,529,1512,0.1388
980,531,1511,0.1388
981,521,1502,0.1388
986,523,1509,0.1388
977,520,1497,0.1388
966,521,1487,0.1388
971,522,1493,0.1388
980,527,1507,0.1388
970,525,1495,0.1388
967,524,1491,0.1388
959,524,1483,0.1388
963,530,1493,0.1388
967,525,1492,0.1388
961,528,1489,0.1388
962,532,1494,0.1388
966,528,1494,0.1388
969,532,1501,0.1388
973,531,1504,0.1388
966,532,1498,0.1388
969,534,1503,0.1388
965,534,1499,0.1388
958,527,1485,0.1388
957,530,1487,0.1388
955,534,1489,0.1388
955,538,1493,0.1388
956,538,1494,0.1388
965,541,1506,0.1388
964,547,1511,0.1388
965,544,1509,0.1388
971,547,1518,0.1388
961,544,1505,0.1388
956,548,1504,0.1388
951,550,1501,0.1388
954,552,1506,0.1388
948,561,1509,0.1388
944,566,1510,0.1388
947,567,1514,0.1388
939,559,1498,0.1388
941,562,1503,0.1388
945,571,1516,0.1388
948,562,1510,0.1388
954,565,1519,0.1388
942,569,1511,0.1388
948,561,1509,0.1388
942,563,1505,0.1388
942,564,1506,0.1388
940,568,1508,0.1388
925,571,1496,0.1388
914,573,1487,0.1388
915,584,1499,0.1388
916,580,1496,0.1388
919,576,1495,0.1388
914,573,1487,0.1388
916,574,1490,0.1388
932,568,1500,0.1388
936,561,1497,0.1388
929,561,1490,0.1388
941,571,1512,0.1388
946,579,1525,0.1388
950,571,1521,0.1388
941,585,1526,0.1388
936,587,1523,0.1388
931,589,1520,0.1388
922,596,1518,0.1388
921,590,1511,0.1388
915,587,1502,0.1388
918,584,1502,0.1388
922,588,1510,0.1388
914,589,1503,0.1388
906,587,1493,0.1388
892,595,1487,0.1388
902,595,1497,0.1388
890,599,1489,0.1388
896,605,1501,0.1388
892,611,1503,0.1388
894,607,1501,0.1388
894,617,1511,0.1388
901,606,1507,0.1388
898,614,1512,0.1388
902,607,1509,0.1388
897,608,1505,0.1388
893,613,1506,0.1388
883,618,1501,0.1388
890,612,1502,0.1388
892,618,1510,0.1388
889,628,1517,0.1388
884,623,1507,0.1388
888,622,1510,0.1388
879,620,1499,0.1388
879,618,1497,0.1388
876,623,1499,0.1388
884,618,1502,0.1388
884,628,1512,0.1388
878,628,1506,0.1388
876,625,1501,0.1388
876,628,1504,0.1388
884,633,1517,0.1388
881,635,1516,0.1388
886,629,1515,0.1388
881,624,1505,0.1388
871,633,1504,0.1388
873,630,1503,0.1388
878,630,1508,0.1388
869,625,1494,0.1388
872,626,1498,0.1388
866,621,1487,0.1388
869,623,1492,0.1388
873,623,1496,0.1388
873,624,1497,0.1388
864,628,1492,0.1388
873,631,1504,0.1388
869,629,1498,0.1388
872,628,1500,0.1388
868,631,1499,0.1388
866,628,1494,0.1388
873,636,1509,0.1388
875,637,1512,0.1388
877,638,1515,0.1388
872,649,1521,0.1388
864,657,1521,0.1388
852,650,1502,0.1388
843,650,1493,0.1388
836,644,1480,0.1388
844,649,1493,0.1388
851,650,1501,0.1388
862,653,1515,0.1388
860,648,1508,0.1388
851,642,1493,0.1388
855,646,1501,0.1388
855,638,1493,0.1388
857,648,1505,0.1388
866,655,1521,0.1388
866,651,1517,0.1388
862,657,1519,0.1388
855,655,1510,0.1388
846,659,1505,0.1388
847,661,1508,0.1388
852,656,1508,0.1388
860,663,1523,0.1388
849,659,1508,0.1388
850,652,1502,0.1388
851,659,1510,0.1388
846,664,1510,0.1388
843,668,1511,0.1388
837,670,1507,0.1388
844,657,1501,0.1388
848,661,1509,0.1388
855,658,1513,0.1388
841,658,1499,0.1388
841,653,1494,0.1388
832,665,1497,0.1388
829,673,1502,0.1388
825,670,1495,0.1388
826,668,1494,0.1388
820,681,1501,0.1388
829,673,1502,0.1388
818,678,1496,0.1388
825,692,1517,0.1388
818,688,1506,0.1388
812,693,1505,0.1388
799,695,1494,0.1388
800,698,1498,0.1388
799,696,1495,0.1388
788,712,1500,0.1388
793,710,1503,0.1388
800,707,1507,0.1388
791,708,1499,0.1388
795,715,1510,0.1388
799,705,1504,0.1388
799,706,1505,0.1388
796,719,1515,0.1388
790,723,1513,0.1388
791,722,1513,0.1388
791,719,1510,0.1388
787,721,1508,0.1388
793,716,1509,0.1388
790,725,1515,0.1388
785,726,1511,0.1388
785,726,1511,0.1388
789,724,1513,0.1388
785,719,1504,0.1388
781,728,1509,0.1388
782,720,1502,0.1388
780,729,1509,0.1388
774,731,1505,0.1388
781,734,1515,0.1388
782,737,1519,0.1388
765,733,1498,0.1388
760,738,1498,0.1388
763,737,1500,0.1388
761,735,1496,0.1388
756,739,1495,0.1388
759,737,1496,0.1388
763,730,1493,0.1388
761,737,1498,0.1388
760,746,1506,0.1388
752,754,1506,0.1388
754,755,1509,0.1388
754,767,1521,0.1388
754,759,1513,0.1388
762,747,1509,0.1388
741,745,1486,0.1388
752,750,1502,0.1388
756,749,1505,0.1388
749,751,1500,0.1388
751,756,1507,0.1388
749,751,1500,0.1388
746,762,1508,0.1388
741,756,1497,0.1388
741,768,1509,0.1388
739,776,1515,0.1388
732,787,1519,0.1388
742,775,1517,0.1388
735,771,1506,0.1388
741,764,1505,0.1388
747,766,1513,0.1388
739,765,1504,0.1388
733,760,1493,0.1388
739,751,1490,0.1388
740,753,1493,0.1388
739,761,1500,0.1388
739,770,1509,0.1388
736,768,1504,0.1388
738,772,1510,0.1388
740,767,1507,0.1388
751,759,1510,0.1388
746,768,1514,0.1388
740,777,1517,0.1388
741,775,1516,0.1388
743,780,1523,0.1388
744,778,1522,0.1388
737,774,1511,0.1388
738,764,1502,0.1388
736,764,1500,0.1388
737,766,1503,0.1388
742,776,1518,0.1388
741,775,1516,0.1388
733,785,1518,0.1388
719,785,1504,0.1388
707,784,1491,0.1388
712,781,1493,0.1388
716,780,1496,0.1388
706,776,1482,0.1388
703,777,1480,0.1388
704,773,1477,0.1388
708,777,1485,0.1388
704,775,1479,0.1388
719,793,1512,0.1388
714,784,1498,0.1388
712,787,1499,0.1388
721,790,1511,0.1388
729,782,1511,0.1388
721,788,1509,0.1388
714,790,1504,0.1388
722,789,1511,0.1388
716,786,1502,0.1388
717,787,1504,0.1388
725,787,1512,0.1388
720,788,1508,0.1388
721,795,1516,0.1388
709,803,1512,0.1388
705,803,1508,0.1388
704,799,1503,0.1388
697,803,1500,0.1388
691,811,1502,0.1388
693,810,1503,0.1388
698,812,1510,0.1388
693,798,1491,0.1388
697,810,1507,0.1388
690,810,1500,0.1388
683,812,1495,0.1388
683,818,1501,0.1388
693,813,1506,0.1388
688,816,1504,0.1388
688,823,1511,0.1388
683,820,1503,0.1388
679,822,1501,0.1388
677,822,1499,0.1388
677,816,1493,0.1388
672,827,1499,0.1388
669,829,1498,0.1388
666,824,1490,0.1388
668,821,1489,0.1388
660,831,1491,0.1388
666,831,1497,0.1388
674,835,1509,0.1388
677,821,1498,0.1388
677,816,1493,0.1388
682,833,1515,0.1388
677,833,1510,0.1388
671,827,1498,0.1388
666,831,1497,0.1388
676,824,1500,0.1388
676,835,1511,0.1388
672,842,1514,0.1388
669,826,1495,0.1388
663,835,1498,0.1388
663,832,1495,0.1388
659,828,1487,0.1388
655,831,1486,0.1388
661,839,1500,0.1388
653,854,1507,0.1388
657,849,1506,0.1388
666,844,1510,0.1388
676,847,1523,0.1388
678,841,1519,0.1388
668,855,1523,0.1388
669,855,1524,0.1388
668,852,1520,0.1388
669,853,1522,0.1388
668,842,1510,0.1388
668,844,1512,0.1388
664,851,1515,0.1388
659,853,1512,0.1388
652,854,1506,0.1388
650,845,1495,0.1388
655,847,1502,0.1388
654,854,1508,0.1388
648,857,1505,0.1388
650,856,1506,0.1388
645,841,1486,0.1388
641,850,1491,0.1388
639,856,1495,0.1388
637,857,1494,0.1388
644,866,1510,0.1388
643,861,1504,0.1388
640,858,1498,0.1388
633,866,1499,0.1388
644,870,1514,0.1388
635,871,1506,0.1388
633,878,1511,0.1388
628,881,1509,0.1388
624,878,1502,0.1388
628,880,1508,0.1388
625,880,1505,0.1388
617,870,1487,0.1388
619,867,1486,0.1388
628,875,1503,0.1388
626,879,1505,0.1388
621,876,1497,0.1388
612,874,1486,0.1388
614,885,1499,0.1388
609,891,1500,0.1388
611,900,1511,0.1388
595,909,1504,0.1388
597,909,1506,0.1388
599,908,1507,0.1388
600,911,1511,0.1388
591,903,1494,0.1388
591,901,1492,0.1388
590,901,1491,0.1388
598,905,1503,0.1388
600,899,1499,0.1388
597,893,1490,0.1388
606,880,1486,0.1388
607,874,1481,0.1388
609,877,1486,0.1388
616,877,1493,0.1388
617,879,1496,0.1388
619,881,1500,0.1388
614,893,1507,0.1388
608,896,1504,0.1388
616,880,1496,0.1388
621,883,1504,0.1388
626,890,1516,0.1388
620,889,1509,0.1388
623,883,1506,0.1388
625,894,1519,0.1388
615,893,1508,0.1388
610,893,1503,0.1388
621,906,1527,0.1388
624,905,1529,0.1388
620,906,1526,0.1388
615,903,1518,0.1388
607,894,1501,0.1388
603,892,1495,0.1388
604,894,1498,0.1388
603,903,1506,0.1388
602,910,1512,0.1388
594,914,1508,0.1388
595,918,1513,0.1388
576,915,1491,0.1388
576,917,1493,0.1388
579,928,1507,0.1388
579,930,1509,0.1388
578,928,1506,0.1388
572,942,1514,0.1388
566,948,1514,0.1388
564,948,1512,0.1388
571,947,1518,0.1388
570,947,1517,0.1388
563,946,1509,0.1388
568,943,1511,0.1388
564,941,1505,0.1388
564,953,1517,0.1388
557,951,1508,0.1388
562,943,1505,0.1388
555,948,1503,0.1388
556,954,1510,0.1388
559,943,1502,0.1388
566,942,1508,0.1388
558,952,1510,0.1388
551,953,1504,0.1388
561,965,1526,0.1388
554,959,1513,0.1388
554,952,1506,0.1388
553,952,1505,0.1388
556,966,1522,0.1388
566,958,1524,0.1388
566,950,1516,0.1388
561,941,1502,0.1388
555,955,1510,0.1388
561,968,1529,0.1388
554,970,1524,0.1388
546,963,1509,0.1388
549,976,1525,0.1388
545,973,1518,0.1388
542,961,1503,0.1388
542,962,1504,0.1388
547,968,1515,0.1388
546,974,1520,0.1388
539,975,1514,0.1388
542,972,1514,0.1388
546,977,1523,0.1388
541,978,1519,0.1388
532,982,1514,0.1388
532,971,1503,0.1388
539,970,1509,0.1388
534,986,1520,0.1388
533,986,1519,0.1388
539,984,1523,0.1388
534,987,1521,0.1388
542,983,1525,0.1388
534,984,1518,0.1388
541,988,1529,0.1388
542,978,1520,0.1388
545,975,1520,0.1388
540,980,1520,0.1388
547,976,1523,0.1388
548,961,1509,0.1388
551,968,1519,0.1388
547,971,1518,0.1388
537,979,1516,0.1388
527,969,1496,0.1388
525,970,1495,0.1388
527,978,1505,0.1388
532,978,1510,0.1388
516,991,1507,0.1388
511,979,1490,0.1388
508,984,1492,0.1388
510,995,1505,0.1388
515,991,1506,0.1388
521,992,1513,0.1388
513,996,1509,0.1388
512,1003,1515,0.1388
508,1003,1511,0.1388
502,1001,1503,0.1388
499,1009,1508,0.1388
506,998,1504,0.1388
502,1004,1506,0.1388
501,999,1500,0.1388
499,998,1497,0.1388
506,1010,1516,0.1388
503,1003,1506,0.1388
491,1000,1491,0.1388
493,1005,1498,0.1388
492,1014,1506,0.1388
494,1012,1506,0.1388
496,1008,1504,0.1388
498,1010,1508,0.1388
493,1015,1508,0.1388
496,1018,1514,0.1388
486,1027,1513,0.1388
482,1029,1511,0.1388
483,1027,1510,0.1388
484,1021,1505,0.1388
479,1027,1506,0.1388
476,1019,1495,0.1388
471,1031,1502,0.1388
467,1025,1492,0.1388
465,1039,1504,0.1388
457,1036,1493,0.1388
452,1040,1492,0.1388
460,1037,1497,0.1388
456,1053,1509,0.1388
453,1053,1506,0.1388
458,1054,1512,0.1388
461,1053,1514,0.1388
458,1061,1519,0.1388
451,1064,1515,0.1388
455,1060,1515,0.1388
456,1049,1505,0.1388
448,1057,1505,0.1388
434,1053,1487,0.1388
434,1050,1484,0.1388
440,1057,1497,0.1388
439,1054,1493,0.1388
428,1057,1485,0.1388
428,1072,1500,0.1388
424,1067,1491,0.1388
429,1075,1504,0.1388
430,1077,1507,0.1388
427,1073,1500,0.1388
430,1067,1497,0.1388
428,1058,1486,0.1388
425,1074,1499,0.1388
429,1081,1510,0.1388
431,1077,1508,0.1388
427,1086,1513,0.1388
416,1084,1500,0.1388
412,1078,1490,0.1388
412,1089,1501,0.1388
409,1097,1506,0.1388
415,1107,1522,0.1388
412,1106,1518,0.1388
407,1111,1518,0.1388
404,1104,1508,0.1388
400,1108,1508,0.1388
411,1116,1527,0.1388
409,1115,1524,0.1388
408,1115,1523,0.1388
406,1118,1524,0.1388
401,1114,1515,0.1388
402,1106,1508,0.1388
402,1107,1509,0.1388
409,1101,1510,0.1388
403,1099,1502,0.1388
408,1102,1510,0.1388
412,1090,1502,0.1388
414,1086,1500,0.1388
410,1101,1511,0.1388
410,1105,1515,0.1388
405,1104,1509,0.1388
402,1103,1505,0.1388
401,1106,1507,0.1388
403,1104,1507,0.1388
401,1087,1488,0.1388
395,1105,1500,0.1388
398,1110,1508,0.1388
397,1092,1489,0.1388
407,1092,1499,0.1388
406,1111,1517,0.1388
408,1100,1508,0.1388
409,1100,1509,0.1388
408,1100,1508,0.1388
412,1099,1511,0.1388
409,1105,1514,0.1388
398,1101,1499,0.1388
405,1100,1505,0.1388
402,1107,1509,0.1388
406,1096,1502,0.1388
404,1094,1498,0.1388
413,1098,1511,0.1388
408,1106,1514,0.1388
411,1096,1507,0.1388
407,1101,1508,0.1388
402,1101,1503,0.1388
404,1100,1504,0.1388
412,1104,1516,0.1388
415,1101,1516,0.1388
409,1103,1512,0.1388
408,1105,1513,0.1388
403,1110,1513,0.1388
398,1101,1499,0.1388
391,1121,1512,0.1388
394,1114,1508,0.1388
390,1108,1498,0.1388
394,1118,1512,0.1388
390,1114,1504,0.1388
396,1114,1510,0.1388
399,1116,1515,0.1388
399,1120,1519,0.1388
399,1116,1515,0.1388
397,1114,1511,0.1388
397,1125,1522,0.1388
399,1125,1524,0.1388
396,1116,1512,0.1388
391,1132,1523,0.1388
382,1137,1519,0.1388
382,1143,1525,0.1388
383,1131,1514,0.1388
383,1130,1513,0.1388
375,1120,1495,0.1388
370,1136,1506,0.1388
369,1135,1504,0.1388
375,1135,1510,0.1388
381,1130,1511,0.1388
384,1124,1508,0.1388
386,1112,1498,0.1388
382,1121,1503,0.1388
383,1130,1513,0.1388
387,1141,1528,0.1388
378,1140,1518,0.1388
371,1125,1496,0.1388
375,1133,1508,0.1388
385,1140,1525,0.1388
378,1128,1506,0.1388
381,1130,1511,0.1388
382,1137,1519,0.1388
377,1139,1516,0.1388
382,1135,1517,0.1388
379,1147,1526,0.1388
375,1145,1520,0.1388
374,1149,1523,0.1388
376,1145,1521,0.1388
377,1147,1524,0.1388
375,1142,1517,0.1388
383,1144,1527,0.1388
384,1145,1529,0.1388
381,1147,1528,0.1388
375,1164,1539,0.1388
379,1160,1539,0.1388
380,1149,1529,0.1388
375,1146,1521,0.1388
379,1144,1523,0.1388
375,1137,1512,0.1388
372,1142,1514,0.1388
372,1144,1516,0.1388
368,1134,1502,0.1388
372,1134,1506,0.1388
376,1129,1505,0.1388
376,1134,1510,0.1388
381,1140,1521,0.1388
375,1128,1503,0.1388
377,1137,1514,0.1388
378,1134,1512,0.1388
380,1132,1512,0.1388
375,1131,1506,0.1388
373,1124,1497,0.1388
372,1128,1500,0.1388
374,1125,1499,0.1388
374,1133,1507,0.1388
371,1138,1509,0.1388
366,1131,1497,0.1388
368,1132,1500,0.1388
371,1140,1511,0.1388
372,1132,1504,0.1388
372,1140,1512,0.1388
368,1138,1506,0.1388
366,1125,1491,0.1388
364,1136,1500,0.1388
363,1139,1502,0.1388
365,1151,1516,0.1388
363,1150,1513,0.1388
361,1149,1510,0.1388
359,1142,1501,0.1388
354,1136,1490,0.1388
356,1146,1502,0.1388
359,1152,1511,0.1388
352,1167,1519,0.1388
358,1162,1520,0.1388
355,1174,1529,0.1388
357,1182,1539,0.1388
348,1171,1519,0.1388
349,1156,1505,0.1388
357,1162,1519,0.1388
355,1161,1516,0.1388
356,1156,1512,0.1388
350,1164,1514,0.1388
355,1167,1522,0.1388
351,1172,1523,0.1388
356,1146,1502,0.1388
356,1146,1502,0.1388
353,1155,1508,0.1388
354,1160,1514,0.1388
348,1157,1505,0.1388
348,1153,1501,0.1388
345,1164,1509,0.1388
339,1173,1512,0.1388
336,1166,1502,0.1388
336,1174,1510,0.1388
331,1179,1510,0.1388
327,1185,1512,0.1388
326,1188,1514,0.1388
318,1187,1505,0.1388
322,1191,1513,0.1388
325,1193,1518,0.1388
330,1197,1527,0.1388
329,1197,1526,0.1388
324,1194,1518,0.1388
319,1195,1514,0.1388
314,1202,1516,0.1388
314,1202,1516,0.1388
315,1190,1505,0.1388
312,1184,1496,0.1388
315,1185,1500,0.1388
312,1194,1506,0.1388
323,1186,1509,0.1388
326,1175,1501,0.1388
327,1187,1514,0.1388
327,1186,1513,0.1388
331,1193,1524,0.1388
329,1192,1521,0.1388
325,1198,1523,0.1388
323,1202,1525,0.1388
315,1186,1501,0.1388
320,1194,1514,0.1388
317,1192,1509,0.1388
318,1209,1527,0.1388
315,1202,1517,0.1388
312,1206,1518,0.1388
304,1209,1513,0.1388
307,1220,1527,0.1388
313,1215,1528,0.1388
311,1212,1523,0.1388
309,1205,1514,0.1388
306,1207,1513,0.1388
302,1222,1524,0.1388
299,1211,1510,0.1388
300,1217,1517,0.1388
292,1229,1521,0.1388
287,1224,1511,0.1388
295,1212,1507,0.1388
287,1219,1506,0.1388
284,1211,1495,0.1388
284,1214,1498,0.1388
289,1221,1510,0.1388
287,1227,1514,0.1388
285,1243,1528,0.1388
277,1240,1517,0.1388
277,1239,1516,0.1388
280,1246,1526,0.1388
275,1249,1524,0.1388
275,1239,1514,0.1388
273,1240,1513,0.1388
274,1242,1516,0.1388
274,1233,1507,0.1388
264,1242,1506,0.1388
262,1240,1502,0.1388
261,1243,1504,0.1388
258,1245,1503,0.1388
258,1252,1510,0.1388
263,1256,1519,0.1388
260,1268,1528,0.1388
255,1259,1514,0.1388
255,1259,1514,0.1388
256,1264,1520,0.1388
252,1255,1507,0.1388
249,1259,1508,0.1388
254,1258,1512,0.1388
250,1267,1517,0.1388
245,1264,1509,0.1388
243,1274,1517,0.1388
246,1275,1521,0.1388
247,1268,1515,0.1388
248,1255,1503,0.1388
243,1255,1498,0.1388
244,1259,1503,0.1388
237,1264,1501,0.1388
240,1267,1507,0.1388
241,1269,1510,0.1388
236,1267,1503,0.1388
241,1262,1503,0.1388
240,1266,1506,0.1388
242,1269,1511,0.1388
239,1268,1507,0.1388
237,1270,1507,0.1388
239,1268,1507,0.1388
235,1267,1502,0.1388
235,1272,1507,0.1388
234,1281,1515,0.1388
236,1289,1525,0.1388
236,1287,1523,0.1388
235,1285,1520,0.1388
230,1291,1521,0.1388
235,1297,1532,0.1388
235,1282,1517,0.1388
237,1285,1522,0.1388
239,1293,1532,0.1388
235,1281,1516,0.1388
230,1283,1513,0.1388
230,1288,1518,0.1388
231,1298,1529,0.1388
221,1283,1504,0.1388
220,1286,1506,0.1388
213,1296,1509,0.1388
215,1282,1497,0.1388
209,1300,1509,0.1388
204,1297,1501,0.1388
208,1294,1502,0.1388
209,1296,1505,0.1388
209,1302,1511,0.1388
212,1305,1517,0.1388
215,1289,1504,0.1388
211,1283,1494,0.1388
208,1292,1500,0.1388
209,1285,1494,0.1388
208,1303,1511,0.1388
205,1303,1508,0.1388
206,1307,1513,0.1388
211,1307,1518,0.1388
211,1312,1523,0.1388
210,1312,1522,0.1388
210,1313,1523,0.1388
209,1314,1523,0.1388
201,1304,1505,0.1388
199,1300,1499,0.1388
200,1311,1511,0.1388
198,1312,1510,0.1388
197,1307,1504,0.1388
197,1311,1508,0.1388
202,1307,1509,0.1388
207,1310,1517,0.1388
205,1300,1505,0.1388
211,1309,1520,0.1388
201,1310,1511,0.1388
202,1310,1512,0.1388
205,1321,1526,0.1388
200,1319,1519,0.1388
201,1307,1508,0.1388
201,1314,1515,0.1388
200,1314,1514,0.1388
202,1318,1520,0.1388
204,1309,1513,0.1388
206,1297,1503,0.1388
205,1303,1508,0.1388
202,1299,1501,0.1388
199,1312,1511,0.1388
204,1303,1507,0.1388
206,1310,1516,0.1388
204,1311,1515,0.1388
202,1319,1521,0.1388
204,1327,1531,0.1388
204,1316,1520,0.1388
201,1323,1524,0.1388
201,1329,1530,0.1388
193,1315,1508,0.1388
192,1330,1522,0.1388
194,1323,1517,0.1388
193,1326,1519,0.1388
190,1324,1514,0.1388
189,1326,1515,0.1388
186,1312,1498,0.1388
185,1324,1509,0.1388
184,1335,1519,0.1388
187,1330,1517,0.1388
187,1324,1511,0.1388
190,1310,1500,0.1388
189,1325,1514,0.1388
190,1333,1523,0.1388
185,1326,1511,0.1388
182,1324,1506,0.1388
184,1335,1519,0.1388
181,1316,1497,0.1388
186,1319,1505,0.1388
187,1329,1516,0.1388
188,1330,1518,0.1388
185,1338,1523,0.1388
187,1336,1523,0.1388
182,1337,1519,0.1388
183,1334,1517,0.1388
177,1326,1503,0.1388
180,1328,1508,0.1388
183,1330,1513,0.1388
181,1334,1515,0.1388
182,1338,1520,0.1388
185,1338,1523,0.1388
187,1334,1521,0.1388
180,1341,1521,0.1388
181,1340,1521,0.1388
181,1341,1522,0.1388
177,1344,1521,0.1388
172,1329,1501,0.1388
167,1340,1507,0.1388
168,1352,1520,0.1388
163,1359,1522,0.1388
160,1354,1514,0.1388
159,1348,1507,0.1388
160,1337,1497,0.1388
155,1349,1504,0.1388
157,1353,1510,0.1388
160,1349,1509,0.1388
164,1344,1508,0.1388
165,1345,1510,0.1388
166,1348,1514,0.1388
170,1353,1523,0.1388
168,1348,1516,0.1388
170,1364,1534,0.1388
166,1360,1526,0.1388
159,1351,1510,0.1388
156,1354,1510,0.1388
157,1362,1519,0.1388
157,1370,1527,0.1388
162,1354,1516,0.1388
160,1364,1524,0.1388
157,1366,1523,0.1388
158,1365,1523,0.1388
153,1370,1523,0.1388
155,1366,1521,0.1388
152,1365,1517,0.1388
150,1365,1515,0.1388
144,1383,1527,0.1388
144,1375,1519,0.1388
143,1372,1515,0.1388
140,1383,1523,0.1388
140,1384,1524,0.1388
138,1378,1516,0.1388
135,1380,1515,0.1388
134,1380,1514,0.1388
132,1400,1532,0.1388
130,1395,1525,0.1388
134,1377,1511,0.1388
138,1380,1518,0.1388
134,1387,1521,0.1388
134,1387,1521,0.1388
137,1380,1517,0.1388
139,1391,1530,0.1388
138,1379,1517,0.1388
141,1394,1535,0.1388
139,1389,1528,0.1388
140,1378,1518,0.1388
140,1380,1520,0.1388
139,1376,1515,0.1388
135,1371,1506,0.1388
132,1369,1501,0.1388
132,1377,1509,0.1388
133,1377,1510,0.1388
132,1390,1522,0.1388
130,1399,1529,0.1388
130,1391,1521,0.1388
134,1388,1522,0.1388
133,1389,1522,0.1388
135,1392,1527,0.1388
135,1386,1521,0.1388
135,1386,1521,0.1388
138,1381,1519,0.1388
139,1378,1517,0.1388
139,1372,1511,0.1388
138,1369,1507,0.1388
136,1363,1499,0.1388
134,1368,1502,0.1388
133,1361,1494,0.1388
135,1363,1498,0.1388
136,1360,1496,0.1388
135,1364,1499,0.1388
134,1374,1508,0.1388
137,1375,1512,0.1388
138,1370,1508,0.1388
136,1383,1519,0.1388
131,1379,1510,0.1388
128,1381,1509,0.1388
128,1398,1526,0.1388
124,1397,1521,0.1388
118,1398,1516,0.1388
119,1399,1518,0.1388
122,1388,1510,0.1388
119,1388,1507,0.1388
118,1402,1520,0.1388
120,1420,1540,0.1388
116,1421,1537,0.1388
112,1427,1539,0.1388
110,1425,1535,0.1388
110,1417,1527,0.1388
107,1416,1523,0.1388
108,1408,1516,0.1388
107,1402,1509,0.1388
107,1403,1510,0.1388
109,1424,1533,0.1388
106,1418,1524,0.1388
105,1424,1529,0.1388
104,1421,1525,0.1388
108,1419,1527,0.1388
108,1417,1525,0.1388
106,1409,1515,0.1388
102,1423,1525,0.1388
105,1419,1524,0.1388
108,1419,1527,0.1388
108,1414,1522,0.1388
111,1400,1511,0.1388
108,1404,1512,0.1388
104,1414,1518,0.1388
100,1419,1519,0.1388
93,1424,1517,0.1388
91,1416,1507,0.1388
91,1422,1513,0.1388
92,1434,1526,0.1388
89,1429,1518,0.1388
90,1435,1525,0.1388
93,1426,1519,0.1388
87,1415,1502,0.1388
86,1429,1515,0.1388
87,1445,1532,0.1388
87,1441,1528,0.1388
88,1441,1529,0.1388
87,1443,1530,0.1388
84,1446,1530,0.1388
82,1450,1532,0.1388
81,1453,1534,0.1388
82,1454,1536,0.1388
80,1458,1538,0.1388
80,1451,1531,0.1388
82,1430,1512,0.1388
82,1436,1518,0.1388
80,1446,1526,0.1388
81,1445,1526,0.1388
83,1438,1521,0.1388
83,1442,1525,0.1388
84,1437,1521,0.1388
84,1432,1516,0.1388
82,1435,1517,0.1388
82,1427,1509,0.1388
85,1433,1518,0.1388
83,1425,1508,0.1388
82,1439,1521,0.1388
87,1435,1522,0.1388
88,1429,1517,0.1388
87,1430,1517,0.1388
87,1439,1526,0.1388
92,1440,1532,0.1388
90,1445,1535,0.1388
87,1441,1528,0.1388
89,1426,1515,0.1388
88,1420,1508,0.1388
86,1418,1504,0.1388
87,1421,1508,0.1388
85,1426,1511,0.1388
82,1422,1504,0.1388
81,1429,1510,0.1388
78,1428,1506,0.1388
77,1435,1512,0.1388
78,1437,1515,0.1388
78,1445,1523,0.1388
79,1437,1516,0.1388
79,1437,1516,0.1388
79,1445,1524,0.1388
79,1437,1516,0.1388
81,1446,1527,0.1388
82,1433,1515,0.1388
82,1452,1534,0.1388
79,1443,1522,0.1388
78,1437,1515,0.1388
81,1424,1505,0.1388
80,1436,1516,0.1388
85,1437,1522,0.1388
84,1440,1524,0.1388
82,1437,1519,0.1388
82,1431,1513,0.1388
81,1443,1524,0.1388
78,1444,1522,0.1388
77,1436,1513,0.1388
75,1446,1521,0.1388
73,1442,1515,0.1388
74,1454,1528,0.1388
71,1451,1522,0.1388
70,1445,1515,0.1388
73,1438,1511,0.1388
73,1432,1505,0.1388
76,1436,1512,0.1388
80,1430,1510,0.1388
81,1438,1519,0.1388
83,1439,1522,0.1388
82,1418,1500,0.1388
82,1402,1484,0.1388
81,1406,1487,0.1388
81,1419,1500,0.1388
82,1438,1520,0.1388
80,1442,1522,0.1388
81,1444,1525,0.1388
80,1448,1528,0.1388
79,1447,1526,0.1388
78,1448,1526,0.1388
77,1458,1535,0.1388
76,1462,1538,0.1388
75,1451,1526,0.1388
72,1450,1522,0.1388
73,1452,1525,0.1388
70,1453,1523,0.1388
69,1446,1515,0.1388
71,1459,1530,0.1388
71,1460,1531,0.1388
71,1455,1526,0.1388
69,1452,1521,0.1388
71,1463,1534,0.1388
71,1451,1522,0.1388
72,1447,1519,0.1388
72,1447,1519,0.1388
74,1449,1523,0.1388
72,1440,1512,0.1388
73,1449,1522,0.1388
74,1450,1524,0.1388
73,1440,1513,0.1388
73,1438,1511,0.1388
75,1444,1519,0.1388
74,1443,1517,0.1388
74,1448,1522,0.1388
71,1446,1517,0.1388
70,1446,1516,0.1388
66,1454,1520,0.1388
64,1446,1510,0.1388
65,1440,1505,0.1388
65,1447,1512,0.1388
67,1447,1514,0.1388
71,1457,1528,0.1388
70,1445,1515,0.1388
71,1448,1519,0.1388
71,1451,1522,0.1388
68,1460,1528,0.1388
68,1455,1523,0.1388
70,1469,1539,0.1388
71,1466,1537,0.1388
69,1457,1526,0.1388
67,1458,1525,0.1388
68,1458,1526,0.1388
65,1459,1524,0.1388
63,1457,1520,0.1388
64,1452,1516,0.1388
68,1447,1515,0.1388
67,1454,1521,0.1388
66,1465,1531,0.1388
66,1468,1534,0.1388
64,1471,1535,0.1388
65,1463,1528,0.1388
65,1454,1519,0.1388
61,1456,1517,0.1388
58,1458,1516,0.1388
61,1459,1520,0.1388
61,1444,1505,0.1388
61,1458,1519,0.1388
60,1455,1515,0.1388
59,1463,1522,0.1388
56,1466,1522,0.1388
56,1453,1509,0.1388
57,1443,1500,0.1388
55,1450,1505,0.1388
55,1435,1490,0.1388
54,1450,1504,0.1388
57,1452,1509,0.1388
55,1429,1484,0.1388
56,1438,1494,0.1388
58,1452,1510,0.1388
56,1450,1506,0.1388
54,1456,1510,0.1388
54,1460,1514,0.1388
53,1462,1515,0.1388
53,1463,1516,0.1388
53,1464,1517,0.1388
53,1458,1511,0.1388
55,1462,1517,0.1388
55,1464,1519,0.1388
57,1473,1530,0.1388
55,1468,1523,0.1388
53,1448,1501,0.1388
55,1452,1507,0.1388
52,1461,1513,0.1388
53,1459,1512,0.1388
55,1463,1518,0.1388
58,1471,1529,0.1388
57,1470,1527,0.1388
56,1459,1515,0.1388
54,1470,1524,0.1388
55,1460,1515,0.1388
52,1468,1520,0.1388
51,1462,1513,0.1388
50,1468,1518,0.1388
48,1469,1517,0.1388
51,1471,1522,0.1388
52,1455,1507,0.1388
53,1455,1508,0.1388
54,1457,1511,0.1388
55,1462,1517,0.1388
56,1465,1521,0.1388
53,1461,1514,0.1388
52,1453,1505,0.1388
53,1448,1501,0.1388
50,1458,1508,0.1388
50,1456,1506,0.1388
48,1469,1517,0.1388
49,1473,1522,0.1388
48,1473,1521,0.1388
46,1474,1520,0.1388
45,1486,1531,0.1388
44,1477,1521,0.1388
44,1472,1516,0.1388
41,1473,1514,0.1388
46,1470,1516,0.1388
46,1464,1510,0.1388
46,1465,1511,0.1388
46,1466,1512,0.1388
46,1464,1510,0.1388
46,1462,1508,0.1388
46,1469,1515,0.1388
47,1464,1511,0.1388
46,1462,1508,0.1388
43,1455,1498,0.1388
40,1453,1493,0.1388
43,1469,1512,0.1388
45,1473,1518,0.1388
44,1469,1513,0.1388
43,1466,1509,0.1388
43,1471,1514,0.1388
41,1487,1528,0.1388
40,1477,1517,0.1388
41,1464,1505,0.1388
40,1469,1509,0.1388
41,1474,1515,0.1388
41,1476,1517,0.1388
41,1468,1509,0.1388
41,1479,1520,0.1388
40,1476,1516,0.1388
39,1476,1515,0.1388
38,1488,1526,0.1388
36,1471,1507,0.1388
38,1468,1506,0.1388
39,1475,1514,0.1388
36,1474,1510,0.1388
37,1465,1502,0.1388
38,1472,1510,0.1388
37,1467,1504,0.1388
36,1485,1521,0.1388
36,1478,1514,0.1388
38,1475,1513,0.1388
39,1468,1507,0.1388
40,1478,1518,0.1388
40,1480,1520,0.1388
40,1478,1518,0.1388
40,1488,1528,0.1388
41,1472,1513,0.1388
39,1454,1493,0.1388
40,1457,1497,0.1388
39,1461,1500,0.1388
37,1467,1504,0.1388
39,1481,1520,0.1388
41,1480,1521,0.1388
42,1487,1529,0.1388
41,1488,1529,0.1388
40,1479,1519,0.1388
41,1494,1535,0.1388
43,1491,1534,0.1388
43,1491,1534,0.1388
43,1487,1530,0.1388
42,1485,1527,0.1388
43,1491,1534,0.1388
42,1477,1519,0.1388
41,1470,1511,0.1388
41,1461,1502,0.1388
41,1456,1497,0.1388
40,1472,1512,0.1388
39,1469,1508,0.1388
39,1466,1505,0.1388
37,1474,1511,0.1388
36,1479,1515,0.1388
37,1479,1516,0.1388
36,1478,1514,0.1388
36,1483,1519,0.1388
40,1479,1519,0.1388
39,1489,1528,0.1388
40,1486,1526,0.1388
41,1478,1519,0.1388
40,1473,1513,0.1388
39,1468,1507,0.1388
40,1469,1509,0.1388
40,1482,1522,0.1388
40,1475,1515,0.1388
42,1470,1512,0.1388
43,1464,1507,0.1388
44,1478,1522,0.1388
40,1471,1511,0.1388
39,1468,1507,0.1388
40,1488,1528,0.1388
43,1478,1521,0.1388
44,1480,1524,0.1388
46,1478,1524,0.1388
45,1485,1530,0.1388
43,1484,1527,0.1388
42,1483,1525,0.1388
42,1485,1527,0.1388
43,1480,1523,0.1388
44,1480,1524,0.1388
46,1479,1525,0.1388
44,1477,1521,0.1388
44,1477,1521,0.1388
44,1486,1530,0.1388
43,1484,1527,0.1388
43,1475,1518,0.1388
40,1463,1503,0.1388
42,1470,1512,0.1388
41,1472,1513,0.1388
43,1473,1516,0.1388
41,1476,1517,0.1388
39,1478,1517,0.1388
38,1486,1524,0.1388
38,1479,1517,0.1388
40,1473,1513,0.1388
39,1481,1520,0.1388
35,1481,1516,0.1388
34,1475,1509,0.1388
33,1488,1521,0.1388
32,1482,1514,0.1388
33,1481,1514,0.1388
33,1472,1505,0.1388
31,1480,1511,0.1388
33,1476,1509,0.1388
33,1471,1504,0.1388
33,1473,1506,0.1388
34,1487,1521,0.1388
35,1475,1510,0.1388
33,1475,1508,0.1388
35,1487,1522,0.1388
33,1491,1524,0.1388
33,1498,1531,0.1388
32,1500,1532,0.1388
29,1506,1535,0.1388
30,1502,1532,0.1388
32,1491,1523,0.1388
28,1488,1516,0.1388
29,1492,1521,0.1388
28,1494,1522,0.1388
28,1493,1521,0.1388
26,1497,1523,0.1388
25,1487,1512,0.1388
25,1479,1504,0.1388
25,1490,1515,0.1388
24,1502,1526,0.1388
24,1490,1514,0.1388
24,1492,1516,0.1388
24,1478,1502,0.1388
24,1482,1506,0.1388
25,1495,1520,0.1388
25,1490,1515,0.1388
26,1492,1518,0.1388
27,1497,1524,0.1388
27,1499,1526,0.1388
29,1500,1529,0.1388
28,1502,1530,0.1388
30,1480,1510,0.1388
30,1483,1513,0.1388
30,1479,1509,0.1388
30,1482,1512,0.1388
31,1484,1515,0.1388
30,1478,1508,0.1388
29,1498,1527,0.1388
30,1486,1516,0.1388
30,1494,1524,0.1388
26,1487,1513,0.1388
25,1499,1524,0.1388
24,1497,1521,0.1388
24,1499,1523,0.1388
24,1501,1525,0.1388
23,1505,1528,0.1388
21,1502,1523,0.1388
23,1507,1530,0.1388
23,1506,1529,0.1388
22,1504,1526,0.1388
22,1484,1506,0.1388
20,1473,1493,0.1388
19,1489,1508,0.1388
20,1489,1509,0.1388
20,1485,1505,0.1388
20,1480,1500,0.1388
18,1481,1499,0.1388
18,1488,1506,0.1388
18,1487,1505,0.1388
17,1507,1524,0.1388
17,1497,1514,0.1388
17,1500,1517,0.1388
18,1494,1512,0.1388
18,1508,1526,0.1388
18,1493,1511,0.1388
18,1494,1512,0.1388
19,1479,1498,0.1388
19,1484,1503,0.1388
19,1487,1506,0.1388
21,1484,1505,0.1388
20,1488,1508,0.1388
20,1495,1515,0.1388
20,1495,1515,0.1388
20,1496,1516,0.1388
19,1506,1525,0.1388
18,1505,1523,0.1388
18,1510,1528,0.1388
19,1506,1525,0.1388
19,1504,1523,0.1388
20,1490,1510,0.1388
21,1494,1515,0.1388
21,1490,1511,0.1388
22,1497,1519,0.1388
21,1491,1512,0.1388
22,1493,1515,0.1388
21,1494,1515,0.1388
21,1489,1510,0.1388
21,1496,1517,0.1388
21,1493,1514,0.1388
22,1490,1512,0.1388
21,1503,1524,0.1388
21,1508,1529,0.1388
20,1505,1525,0.1388
20,1508,1528,0.1388
21,1505,1526,0.1388
21,1512,1533,0.1388
22,1505,1527,0.1388
22,1504,1526,0.1388
21,1503,1524,0.1388
21,1494,1515,0.1388
22,1501,1523,0.1388
22,1486,1508,0.1388
21,1482,1503,0.1388
20,1492,1512,0.1388
19,1507,1526,0.1388
20,1510,1530,0.1388
18,1500,1518,0.1388
17,1498,1515,0.1388
17,1501,1518,0.1388
17,1504,1521,0.1388
17,1507,1524,0.1388
17,1504,1521,0.1388
17,1485,1502,0.1388
17,1489,1506,0.1388
18,1484,1502,0.1388
18,1481,1499,0.1388
18,1481,1499,0.1388
17,1483,1500,0.1388
17,1487,1504,0.1388
15,1487,1502,0.1388
16,1511,1527,0.1388
16,1507,1523,0.1388
16,1496,1512,0.1388
16,1488,1504,0.1388
16,1507,1523,0.1388
15,1497,1512,0.1388
14,1503,1517,0.1388
12,1515,1527,0.1388
13,1511,1524,0.1388
12,1508,1520,0.1388
11,1506,1517,0.1388
11,1501,1512,0.1388
11,1515,1526,0.1388
11,1511,1522,0.1388
12,1509,1521,0.1388
12,1507,1519,0.1388
12,1508,1520,0.1388
12,1519,1531,0.1388
12,1515,1527,0.1388
12,1518,1530,0.1388
11,1498,1509,0.1388
12,1494,1506,0.1388
12,1499,1511,0.1388
12,1501,1513,0.1388
12,1502,1514,0.1388
11,1499,1510,0.1388
12,1505,1517,0.1388
12,1499,1511,0.1388
11,1489,1500,0.1388
11,1502,1513,0.1388
11,1498,1509,0.1388
10,1486,1496,0.1388
10,1500,1510,0.1388
11,1500,1511,0.1388
10,1503,1513,0.1388
10,1499,1509,0.1388
10,1500,1510,0.1388
11,1512,1523,0.1388
11,1510,1521,0.1388
12,1517,1529,0.1388
12,1516,1528,0.1388
12,1505,1517,0.1388
12,1501,1513,0.1388
11,1509,1520,0.1388
12,1510,1522,0.1388
12,1508,1520,0.1388
11,1512,1523,0.1388
11,1520,1531,0.1388
11,1523,1534,0.1388
11,1529,1540,0.1388
11,1513,1524,0.1388
11,1497,1508,0.1388
11,1508,1519,0.1388
11,1510,1521,0.1388
11,1515,1526,0.1388
12,1519,1531,0.1388
12,1503,1515,0.1388
15,1505,1520,0.1388
15,1488,1503,0.1388
15,1489,1504,0.1388
15,1492,1507,0.1388
14,1497,1511,0.1388
14,1500,1514,0.1388
14,1516,1530,0.1388
14,1507,1521,0.1388
15,1486,1501,0.1388
17,1483,1500,0.1388
18,1482,1500,0.1388
18,1495,1513,0.1388
19,1493,1512,0.1388
19,1493,1512,0.1388
17,1498,1515,0.1388
17,1505,1522,0.1388
16,1505,1521,0.1388
15,1514,1529,0.1388
15,1504,1519,0.1388
14,1500,1514,0.1388
14,1490,1504,0.1388
13,1506,1519,0.1388
13,1503,1516,0.1388
12,1506,1518,0.1388
12,1499,1511,0.1388
12,1505,1517,0.1388
12,1489,1501,0.1388
13,1498,1511,0.1388
13,1493,1506,0.1388
13,1492,1505,0.1388
13,1497,1510,0.1388
13,1502,1515,0.1388
13,1508,1521,0.1388
13,1496,1509,0.1388
14,1513,1527,0.1388
14,1507,1521,0.1388
14,1502,1516,0.1388
14,1505,1519,0.1388
14,1507,1521,0.1388
14,1506,1520,0.1388
15,1509,1524,0.1388
14,1511,1525,0.1388
14,1501,1515,0.1388
14,1491,1505,0.1388
14,1497,1511,0.1388
13,1501,1514,0.1388
13,1498,1511,0.1388
13,1504,1517,0.1388
13,1521,1534,0.1388
14,1514,1528,0.1388
14,1513,1527,0.1388
14,1514,1528,0.1388
13,1502,1515,0.1388
11,1494,1505,0.1388
12,1502,1514,0.1388
12,1499,1511,0.1388
11,1495,1506,0.1388
10,1487,1497,0.1388
10,1492,1502,0.1388
11,1493,1504,0.1388
11,1487,1498,0.1388
12,1497,1509,0.1388
12,1497,1509,0.1388
11,1511,1522,0.1388
11,1512,1523,0.1388
10,1512,1522,0.1388
10,1519,1529,0.1388
10,1505,1515,0.1388
10,1503,1513,0.1388
10,1507,1517,0.1388
10,1507,1517,0.1388
9,1501,1510,0.1388
8,1514,1522,0.1388
8,1511,1519,0.1388
8,1518,1526,0.1388
9,1509,1518,0.1388
9,1512,1521,0.1388
10,1515,1525,0.1388
10,1514,1524,0.1388
10,1510,1520,0.1388
9,1504,1513,0.1388
8,1496,1504,0.1388
9,1510,1519,0.1388
9,1503,1512,0.1388
9,1493,1502,0.1388
10,1507,1517,0.1388
10,1512,1522,0.1388
10,1506,1516,0.1388
10,1504,1514,0.1388
10,1521,1531,0.1388
10,1516,1526,0.1388
10,1504,1514,0.1388
10,1506,1516,0.1388
9,1505,1514,0.1388
9,1505,1514,0.1388
9,1492,1501,0.1388
9,1509,1518,0.1388
9,1511,1520,0.1388
9,1505,1514,0.1388
8,1507,1515,0.1388
8,1508,1516,0.1388
8,1515,1523,0.1388
7,1517,1524,0.1388
6,1521,1527,0.1388
7,1517,1524,0.1388
7,1517,1524,0.1388
7,1506,1513,0.1388
7,1512,1519,0.1388
7,1513,1520,0.1388
6,1514,1520,0.1388
6,1520,1526,0.1388
6,1510,1516,0.1388
7,1510,1517,0.1388
7,1502,1509,0.1388
6,1500,1506,0.1388
6,1510,1516,0.1388
6,1508,1514,0.1388
6,1526,1532,0.1388
6,1524,1530,0.1388
6,1522,1528,0.1388
7,1514,1521,0.1388
7,1512,1519,0.1388
8,1499,1507,0.1388
8,1510,1518,0.1388
8,1514,1522,0.1388
8,1523,1531,0.1388
8,1527,1535,0.1388
8,1520,1528,0.1388
8,1516,1524,0.1388
8,1514,1522,0.1388
7,1512,1519,0.1388
7,1515,1522,0.1388
7,1513,1520,0.1388
6,1514,1520,0.1388
6,1514,1520,0.1388
6,1522,1528,0.1388
6,1516,1522,0.1388
6,1510,1516,0.1388
6,1487,1493,0.1388
5,1509,1514,0.1388
5,1509,1514,0.1388
5,1517,1522,0.1388
5,1520,1525,0.1388
5,1504,1509,0.1388
5,1522,1527,0.1388
5,1524,1529,0.1388
5,1519,1524,0.1388
5,1517,1522,0.1388
5,1505,1510,0.1388
6,1512,1518,0.1388
5,1514,1519,0.1388
5,1507,1512,0.1388
5,1508,1513,0.1388
5,1496,1501,0.1388
5,1503,1508,0.1388
5,1512,1517,0.1388
5,1512,1517,0.1388
5,1529,1534,0.1388
5,1525,1530,0.1388
5,1526,1531,0.1388
5,1509,1514,0.1388
5,1516,1521,0.1388
5,1514,1519,0.1388
6,1511,1517,0.1388
6,1516,1522,0.1388
6,1508,1514,0.1388
5,1511,1516,0.1388
6,1503,1509,0.1388
6,1506,1512,0.1388
6,1505,1511,0.1388
6,1509,1515,0.1388
7,1522,1529,0.1388
7,1521,1528,0.1388
7,1510,1517,0.1388
6,1507,1513,0.1388
6,1509,1515,0.1388
6,1511,1517,0.1388
6,1503,1509,0.1388
6,1511,1517,0.1388
6,1513,1519,0.1388
6,1511,1517,0.1388
6,1508,1514,0.1388
6,1506,1512,0.1388
6,1504,1510,0.1388
6,1513,1519,0.1388
6,1513,1519,0.1388
6,1530,1536,0.1388
6,1529,1535,0.1388
6,1523,1529,0.1388
6,1518,1524,0.1388
6,1506,1512,0.1388
6,1504,1510,0.1388
6,1516,1522,0.1388
6,1511,1517,0.1388
5,1509,1514,0.1388
5,1515,1520,0.1388
4,1516,1520,0.1388
4,1512,1516,0.1388
4,1521,1525,0.1388
4,1521,1525,0.1388
3,1523,1526,0.1388
3,1519,1522,0.1388
3,1527,1530,0.1388
2,1518,1520,0.1388
2,1513,1515,0.1388
2,1513,1515,0.1388
3,1508,1511,0.1388
3,1504,1507,0.1388
3,1520,1523,0.1388
3,1519,1522,0.1388
3,1523,1526,0.1388
3,1534,1537,0.1388
3,1537,1540,0.1388
3,1529,1532,0.1388
3,1525,1528,0.1388
3,1513,1516,0.1388
3,1516,1519,0.1388
3,1520,1523,0.1388
3,1516,1519,0.1388
3,1508,1511,0.1388
3,1503,1506,0.1388
2,1513,1515,0.1388
2,1521,1523,0.1388
2,1517,1519,0.1388
2,1510,1512,0.1388
2,1518,1520,0.1388
2,1520,1522,0.1388
2,1515,1517,0.1388
2,1520,1522,0.1388
2,1507,1509,0.1388
2,1503,1505,0.1388
2,1488,1490,0.1388
2,1503,1505,0.1388
2,1514,1516,0.1388
2,1504,1506,0.1388
2,1500,1502,0.1388
1,1503,1504,0.1388
1,1510,1511,0.1388
1,1506,1507,0.1388
1,1503,1504,0.1388
1,1506,1507,0.1388
1,1516,1517,0.1388
1,1520,1521,0.1388
1,1524,1525,0.1388
1,1527,1528,0.1388
1,1523,1524,0.1388
1,1511,1512,0.1388
1,1513,1514,0.1388
1,1512,1513,0.1388
1,1523,1524,0.1388
1,1535,1536,0.1388
0,1524,1524,0.1388
