1357,31,1388,0.1388
1376,32,1408,0.1388
1396,33,1429,0.1388
1420,32,1452,0.1388
1438,34,1472,0.1388
1447,35,1482,0.1388
1444,37,1481,0.1388
1447,36,1483,0.1388
1444,37,1481,0.1388
1448,40,1488,0.1388
1466,38,1504,0.1388
1458,40,1498,0.1388
1463,38,1501,0.1388
1463,37,1500,0.1388
1455,37,1492,0.1388
1457,36,1493,0.1388
1458,37,1495,0.1388
1462,38,1500,0.1388
1454,39,1493,0.1388
1452,38,1490,0.1388
1465,38,1503,0.1388
1478,36,1514,0.1388
1463,36,1499,0.1388
1457,35,1492,0.1388
1459,35,1494,0.1388
1461,35,1496,0.1388
1456,38,1494,0.1388
1458,39,1497,0.1388
1455,39,1494,0.1388
1452,40,1492,0.1388
1447,40,1487,0.1388
1454,41,1495,0.1388
1458,42,1500,0.1388
1457,38,1495,0.1388
1444,39,1483,0.1388
1442,40,1482,0.1388
1452,39,1491,0.1388
1441,40,1481,0.1388
1438,40,1478,0.1388
1440,42,1482,0.1388
1454,43,1497,0.1388
1449,44,1493,0.1388
1441,44,1485,0.1388
1447,42,1489,0.1388
1443,42,1485,0.1388
1435,42,1477,0.1388
1445,43,1488,0.1388
1441,44,1485,0.1388
1446,44,1490,0.1388
1451,44,1495,0.1388
1449,47,1496,0.1388
1437,47,1484,0.1388
1447,48,1495,0.1388
1439,48,1487,0.1388
1440,47,1487,0.1388
1447,49,1496,0.1388
1447,50,1497,0.1388
1441,51,1492,0.1388
1437,50,1487,0.1388
1432,50,1482,0.1388
1432,52,1484,0.1388
1441,53,1494,0.1388
1437,53,1490,0.1388
1430,50,1480,0.1388
1439,52,1491,0.1388
1437,53,1490,0.1388
1439,51,1490,0.1388
1445,49,1494,0.1388
1431,49,1480,0.1388
1413,52,1465,0.1388
1419,55,1474,0.1388
1425,57,1482,0.1388
1428,60,1488,0.1388
1435,61,1496,0.1388
1436,60,1496,0.1388
1436,59,1495,0.1388
1427,57,1484,0.1388
1435,54,1489,0.1388
1426,56,1482,0.1388
1434,56,1490,0.1388
1435,57,1492,0.1388
1440,57,1497,0.1388
1444,56,1500,0.1388
1442,56,1498,0.1388
1440,57,1497,0.1388
1438,61,1499,0.1388
1434,61,1495,0.1388
1438,64,1502,0.1388
1422,64,1486,0.1388
1433,63,1496,0.1388
1428,62,1490,0.1388
1425,60,1485,0.1388
1430,59,1489,0.1388
1417,60,1477,0.1388
1420,59,1479,0.1388
1418,64,1482,0.1388
1415,65,1480,0.1388
1416,64,1480,0.1388
1423,67,1490,0.1388
1419,66,1485,0.1388
1422,65,1487,0.1388
1410,66,1476,0.1388
1426,68,1494,0.1388
1422,65,1487,0.1388
1419,67,1486,0.1388
1419,70,1489,0.1388
1420,72,1492,0.1388
1398,73,1471,0.1388
1389,73,1462,0.1388
1383,76,1459,0.1388
1402,78,1480,0.1388
1393,81,1474,0.1388
1387,83,1470,0.1388
1387,86,1473,0.1388
1397,86,1483,0.1388
1400,86,1486,0.1388
1406,88,1494,0.1388
1400,93,1493,0.1388
1396,92,1488,0.1388
1395,93,1488,0.1388
1412,93,1505,0.1388
1396,93,1489,0.1388
1399,93,1492,0.1388
1379,96,1475,0.1388
1396,96,1492,0.1388
1398,94,1492,0.1388
1406,94,1500,0.1388
1416,101,1517,0.1388
1408,102,1510,0.1388
1411,103,1514,0.1388
1408,104,1512,0.1388
1412,104,1516,0.1388
1407,107,1514,0.1388
1407,108,1515,0.1388
1407,109,1516,0.1388
1405,109,1514,0.1388
1391,105,1496,0.1388
1384,101,1485,0.1388
1383,102,1485,0.1388
1392,103,1495,0.1388
1396,105,1501,0.1388
1378,106,1484,0.1388
1378,108,1486,0.1388
1369,110,1479,0.1388
1384,109,1493,0.1388
1371,109,1480,0.1388
1376,111,1487,0.1388
1378,107,1485,0.1388
1379,107,1486,0.1388
1391,107,1498,0.1388
1386,111,1497,0.1388
1384,113,1497,0.1388
1385,115,1500,0.1388
1389,117,1506,0.1388
1381,116,1497,0.1388
1384,116,1500,0.1388
1384,117,1501,0.1388
1395,119,1514,0.1388
1379,117,1496,0.1388
1380,120,1500,0.1388
1373,123,1496,0.1388
1355,126,1481,0.1388
1351,128,1479,0.1388
1345,128,1473,0.1388
1344,133,1477,0.1388
1348,132,1480,0.1388
1341,137,1478,0.1388
1361,139,1500,0.1388
1360,140,1500,0.1388
1365,139,1504,0.1388
1363,137,1500,0.1388
1348,139,1487,0.1388
1356,139,1495,0.1388
1362,143,1505,0.1388
1347,144,1491,0.1388
1337,144,1481,0.1388
1336,142,1478,0.1388
1341,144,1485,0.1388
1335,140,1475,0.1388
1342,144,1486,0.1388
1349,147,1496,0.1388
1341,147,1488,0.1388
1352,145,1497,0.1388
1356,147,1503,0.1388
1360,148,1508,0.1388
1355,145,1500,0.1388
1362,143,1505,0.1388
1359,144,1503,0.1388
1354,148,1502,0.1388
1352,146,1498,0.1388
1363,146,1509,0.1388
1356,150,1506,0.1388
1352,151,1503,0.1388
1348,152,1500,0.1388
1352,154,1506,0.1388
1347,157,1504,0.1388
1338,153,1491,0.1388
1349,154,1503,0.1388
1341,156,1497,0.1388
1339,154,1493,0.1388
1343,153,1496,0.1388
1343,156,1499,0.1388
1347,157,1504,0.1388
1345,154,1499,0.1388
1342,150,1492,0.1388
1336,159,1495,0.1388
1337,160,1497,0.1388
1339,161,1500,0.1388
1343,159,1502,0.1388
1335,163,1498,0.1388
1322,163,1485,0.1388
1326,162,1488,0.1388
1321,163,1484,0.1388
1332,159,1491,0.1388
1323,156,1479,0.1388
1318,155,1473,0.1388
1322,161,1483,0.1388
1317,159,1476,0.1388
1320,161,1481,0.1388
1326,159,1485,0.1388
1340,164,1504,0.1388
1341,164,1505,0.1388
1341,163,1504,0.1388
1353,164,1517,0.1388
1348,159,1507,0.1388
1335,161,1496,0.1388
1327,165,1492,0.1388
1326,167,1493,0.1388
1336,160,1496,0.1388
1330,165,1495,0.1388
1325,166,1491,0.1388
1328,169,1497,0.1388
1322,170,1492,0.1388
1321,169,1490,0.1388
1322,172,1494,0.1388
1321,172,1493,0.1388
1323,172,1495,0.1388
1316,176,1492,0.1388
1323,177,1500,0.1388
1323,183,1506,0.1388
1322,182,1504,0.1388
1319,182,1501,0.1388
1319,180,1499,0.1388
1317,179,1496,0.1388
1311,180,1491,0.1388
1302,184,1486,0.1388
1301,182,1483,0.1388
1316,182,1498,0.1388
1303,185,1488,0.1388
1300,179,1479,0.1388
1315,184,1499,0.1388
1311,185,1496,0.1388
1308,182,1490,0.1388
1324,185,1509,0.1388
1321,181,1502,0.1388
1316,184,1500,0.1388
1312,183,1495,0.1388
1316,184,1500,0.1388
1303,188,1491,0.1388
1303,188,1491,0.1388
1285,202,1487,0.1388
1294,202,1496,0.1388
1296,196,1492,0.1388
1306,196,1502,0.1388
1312,198,1510,0.1388
1311,201,1512,0.1388
1308,198,1506,0.1388
1289,206,1495,0.1388
1294,204,1498,0.1388
1287,206,1493,0.1388
1275,209,1484,0.1388
1271,214,1485,0.1388
1270,215,1485,0.1388
1273,216,1489,0.1388
1274,212,1486,0.1388
1271,219,1490,0.1388
1279,220,1499,0.1388
1285,219,1504,0.1388
1262,223,1485,0.1388
1248,223,1471,0.1388
1248,230,1478,0.1388
1254,231,1485,0.1388
1264,237,1501,0.1388
1270,238,1508,0.1388
1268,233,1501,0.1388
1260,235,1495,0.1388
1259,235,1494,0.1388
1255,239,1494,0.1388
1253,240,1493,0.1388
1250,239,1489,0.1388
1251,234,1485,0.1388
1257,241,1498,0.1388
1271,241,1512,0.1388
1264,237,1501,0.1388
1269,236,1505,0.1388
1273,233,1506,0.1388
1263,227,1490,0.1388
1272,227,1499,0.1388
1283,232,1515,0.1388
1279,233,1512,0.1388
1272,234,1506,0.1388
1273,231,1504,0.1388
1272,233,1505,0.1388
1269,235,1504,0.1388
1268,235,1503,0.1388
1271,236,1507,0.1388
1267,235,1502,0.1388
1263,237,1500,0.1388
1253,241,1494,0.1388
1246,247,1493,0.1388
1248,241,1489,0.1388
1245,238,1483,0.1388
1238,233,1471,0.1388
1248,239,1487,0.1388
1249,237,1486,0.1388
1251,243,1494,0.1388
1238,245,1483,0.1388
1229,241,1470,0.1388
1234,236,1470,0.1388
1239,239,1478,0.1388
1243,242,1485,0.1388
1251,249,1500,0.1388
1247,250,1497,0.1388
1236,257,1493,0.1388
1232,254,1486,0.1388
1231,255,1486,0.1388
1240,256,1496,0.1388
1229,264,1493,0.1388
1228,267,1495,0.1388
1230,268,1498,0.1388
1223,264,1487,0.1388
1210,264,1474,0.1388
1214,264,1478,0.1388
1218,270,1488,0.1388
1222,268,1490,0.1388
1217,273,1490,0.1388
1234,272,1506,0.1388
1220,274,1494,0.1388
1238,276,1514,0.1388
1240,274,1514,0.1388
1231,276,1507,0.1388
1227,276,1503,0.1388
1243,271,1514,0.1388
1226,278,1504,0.1388
1219,279,1498,0.1388
1209,281,1490,0.1388
1209,280,1489,0.1388
1200,285,1485,0.1388
1211,283,1494,0.1388
1210,287,1497,0.1388
1209,290,1499,0.1388
1221,286,1507,0.1388
1234,288,1522,0.1388
1232,289,1521,0.1388
1238,285,1523,0.1388
1213,281,1494,0.1388
1216,284,1500,0.1388
1202,289,1491,0.1388
1207,288,1495,0.1388
1217,287,1504,0.1388
1212,287,1499,0.1388
1220,283,1503,0.1388
1217,280,1497,0.1388
1216,285,1501,0.1388
1210,280,1490,0.1388
1211,284,1495,0.1388
1204,291,1495,0.1388
1206,294,1500,0.1388
1207,293,1500,0.1388
1206,297,1503,0.1388
1202,297,1499,0.1388
1190,305,1495,0.1388
1193,309,1502,0.1388
1190,306,1496,0.1388
1182,308,1490,0.1388
1193,317,1510,0.1388
1190,324,1514,0.1388
1181,325,1506,0.1388
1182,322,1504,0.1388
1182,321,1503,0.1388
1191,319,1510,0.1388
1184,310,1494,0.1388
1181,312,1493,0.1388
1181,310,1491,0.1388
1172,318,1490,0.1388
1176,316,1492,0.1388
1185,316,1501,0.1388
1180,316,1496,0.1388
1174,319,1493,0.1388
1182,320,1502,0.1388
1186,319,1505,0.1388
1180,326,1506,0.1388
1187,324,1511,0.1388
1174,320,1494,0.1388
1183,325,1508,0.1388
1179,329,1508,0.1388
1153,331,1484,0.1388
1157,332,1489,0.1388
1171,331,1502,0.1388
1165,339,1504,0.1388
1166,344,1510,0.1388
1157,349,1506,0.1388
1147,355,1502,0.1388
1117,358,1475,0.1388
1132,360,1492,0.1388
1129,362,1491,0.1388
1133,362,1495,0.1388
1139,361,1500,0.1388
1141,364,1505,0.1388
1132,367,1499,0.1388
1135,369,1504,0.1388
1139,365,1504,0.1388
1140,371,1511,0.1388
1143,366,1509,0.1388
1137,362,1499,0.1388
1130,364,1494,0.1388
1125,359,1484,0.1388
1123,363,1486,0.1388
1132,361,1493,0.1388
1136,365,1501,0.1388
1133,366,1499,0.1388
1142,365,1507,0.1388
1142,368,1510,0.1388
1144,369,1513,0.1388
1134,365,1499,0.1388
1142,362,1504,0.1388
1126,368,1494,0.1388
1131,370,1501,0.1388
1137,371,1508,0.1388
1123,376,1499,0.1388
1126,370,1496,0.1388
1137,370,1507,0.1388
1129,366,1495,0.1388
1114,369,1483,0.1388
1111,371,1482,0.1388
1120,372,1492,0.1388
1119,378,1497,0.1388
1107,384,1491,0.1388
1111,385,1496,0.1388
1119,379,1498,0.1388
1116,373,1489,0.1388
1116,372,1488,0.1388
1123,368,1491,0.1388
1130,370,1500,0.1388
1130,365,1495,0.1388
1134,368,1502,0.1388
1131,367,1498,0.1388
1122,370,1492,0.1388
1109,378,1487,0.1388
1103,380,1483,0.1388
1116,383,1499,0.1388
1104,376,1480,0.1388
1112,382,1494,0.1388
1108,390,1498,0.1388
1109,388,1497,0.1388
1110,398,1508,0.1388
1106,395,1501,0.1388
1101,399,1500,0.1388
1102,407,1509,0.1388
1105,406,1511,0.1388
1104,401,1505,0.1388
1102,403,1505,0.1388
1091,410,1501,0.1388
1093,412,1505,0.1388
1085,418,1503,0.1388
1091,409,1500,0.1388
1085,409,1494,0.1388
1082,413,1495,0.1388
1082,418,1500,0.1388
1080,411,1491,0.1388
1074,410,1484,0.1388
1082,416,1498,0.1388
1073,413,1486,0.1388
1063,416,1479,0.1388
1058,421,1479,0.1388
1066,423,1489,0.1388
1081,423,1504,0.1388
1072,422,1494,0.1388
1070,421,1491,0.1388
1056,419,1475,0.1388
1064,424,1488,0.1388
1077,426,1503,0.1388
1071,427,1498,0.1388
1076,423,1499,0.1388
1064,426,1490,0.1388
1061,426,1487,0.1388
1054,428,1482,0.1388
1057,425,1482,0.1388
1068,427,1495,0.1388
1069,437,1506,0.1388
1069,435,1504,0.1388
1068,430,1498,0.1388
1092,435,1527,0.1388
1075,439,1514,0.1388
1070,433,1503,0.1388
1067,429,1496,0.1388
1062,431,1493,0.1388
1051,437,1488,0.1388
1074,434,1508,0.1388
1068,433,1501,0.1388
1075,436,1511,0.1388
1083,439,1522,0.1388
1075,439,1514,0.1388
1063,439,1502,0.1388
1060,436,1496,0.1388
1037,438,1475,0.1388
1040,443,1483,0.1388
1040,451,1491,0.1388
1032,458,1490,0.1388
1044,455,1499,0.1388
1056,451,1507,0.1388
1051,459,1510,0.1388
1034,458,1492,0.1388
1026,461,1487,0.1388
1043,459,1502,0.1388
1033,457,1490,0.1388
1031,462,1493,0.1388
1021,453,1474,0.1388
1023,457,1480,0.1388
1023,451,1474,0.1388
1029,443,1472,0.1388
1033,452,1485,0.1388
1036,456,1492,0.1388
1016,460,1476,0.1388
1016,457,1473,0.1388
1030,461,1491,0.1388
1032,464,1496,0.1388
1034,471,1505,0.1388
1045,468,1513,0.1388
1046,472,1518,0.1388
1051,463,1514,0.1388
1048,463,1511,0.1388
1055,463,1518,0.1388
1054,459,1513,0.1388
1048,465,1513,0.1388
1050,465,1515,0.1388
1045,462,1507,0.1388
1043,466,1509,0.1388
1043,460,1503,0.1388
1035,466,1501,0.1388
1031,468,1499,0.1388
1026,471,1497,0.1388
1029,464,1493,0.1388
1028,464,1492,0.1388
1036,471,1507,0.1388
1034,475,1509,0.1388
1030,477,1507,0.1388
1037,482,1519,0.1388
1032,489,1521,0.1388
1029,489,1518,0.1388
1017,493,1510,0.1388
1016,492,1508,0.1388
1027,496,1523,0.1388
1022,490,1512,0.1388
1020,481,1501,0.1388
1018,484,1502,0.1388
1020,489,1509,0.1388
1019,483,1502,0.1388
1019,481,1500,0.1388
1007,482,1489,0.1388
990,480,1470,0.1388
1000,480,1480,0.1388
991,487,1478,0.1388
993,488,1481,0.1388
994,489,1483,0.1388
998,497,1495,0.1388
988,504,1492,0.1388
993,512,1505,0.1388
990,512,1502,0.1388
1006,508,1514,0.1388
1002,505,1507,0.1388
993,504,1497,0.1388
998,506,1504,0.1388
988,512,1500,0.1388
994,514,1508,0.1388
993,518,1511,0.1388
985,529,1514,0.1388
977,531,1508,0.1388
958,535,1493,0.1388
966,530,1496,0.1388
971,533,1504,0.1388
965,532,1497,0.1388
973,530,1503,0.1388
970,527,1497,0.1388
964,534,1498,0.1388
950,534,1484,0.1388
950,539,1489,0.1388
952,542,1494,0.1388
958,545,1503,0.1388
951,553,1504,0.1388
950,562,1512,0.1388
939,560,1499,0.1388
935,558,1493,0.1388
942,569,1511,0.1388
941,570,1511,0.1388
933,562,1495,0.1388
929,558,1487,0.1388
931,564,1495,0.1388
927,570,1497,0.1388
924,571,1495,0.1388
942,567,1509,0.1388
930,572,1502,0.1388
927,571,1498,0.1388
930,574,1504,0.1388
925,582,1507,0.1388
920,579,1499,0.1388
922,590,1512,0.1388
915,594,1509,0.1388
905,598,1503,0.1388
907,595,1502,0.1388
900,596,1496,0.1388
910,595,1505,0.1388
920,597,1517,0.1388
916,596,1512,0.1388
912,595,1507,0.1388
907,591,1498,0.1388
915,596,1511,0.1388
913,590,1503,0.1388
913,593,1506,0.1388
907,590,1497,0.1388
916,588,1504,0.1388
922,589,1511,0.1388
918,590,1508,0.1388
906,581,1487,0.1388
901,579,1480,0.1388
911,590,1501,0.1388
907,590,1497,0.1388
903,595,1498,0.1388
905,594,1499,0.1388
896,600,1496,0.1388
904,599,1503,0.1388
905,601,1506,0.1388
899,606,1505,0.1388
906,609,1515,0.1388
912,602,1514,0.1388
903,600,1503,0.1388
898,598,1496,0.1388
891,592,1483,0.1388
882,596,1478,0.1388
896,606,1502,0.1388
894,609,1503,0.1388
889,610,1499,0.1388
888,607,1495,0.1388
895,600,1495,0.1388
894,606,1500,0.1388
903,607,1510,0.1388
900,610,1510,0.1388
900,608,1508,0.1388
890,614,1504,0.1388
882,610,1492,0.1388
877,616,1493,0.1388
870,607,1477,0.1388
873,613,1486,0.1388
869,612,1481,0.1388
864,617,1481,0.1388
868,612,1480,0.1388
875,616,1491,0.1388
872,615,1487,0.1388
874,615,1489,0.1388
883,612,1495,0.1388
886,629,1515,0.1388
877,628,1505,0.1388
879,625,1504,0.1388
866,627,1493,0.1388
868,631,1499,0.1388
867,636,1503,0.1388
877,632,1509,0.1388
879,633,1512,0.1388
880,624,1504,0.1388
874,625,1499,0.1388
871,642,1513,0.1388
873,653,1526,0.1388
871,646,1517,0.1388
869,644,1513,0.1388
859,643,1502,0.1388
858,647,1505,0.1388
862,648,1510,0.1388
853,649,1502,0.1388
866,652,1518,0.1388
861,654,1515,0.1388
859,650,1509,0.1388
853,655,1508,0.1388
849,655,1504,0.1388
848,655,1503,0.1388
843,654,1497,0.1388
846,660,1506,0.1388
855,644,1499,0.1388
860,653,1513,0.1388
862,652,1514,0.1388
856,655,1511,0.1388
859,654,1513,0.1388
857,653,1510,0.1388
863,659,1522,0.1388
856,650,1506,0.1388
858,652,1510,0.1388
838,657,1495,0.1388
832,663,1495,0.1388
831,661,1492,0.1388
836,666,1502,0.1388
835,664,1499,0.1388
849,659,1508,0.1388
850,666,1516,0.1388
845,662,1507,0.1388
842,657,1499,0.1388
849,655,1504,0.1388
844,663,1507,0.1388
836,660,1496,0.1388
841,661,1502,0.1388
840,665,1505,0.1388
838,664,1502,0.1388
822,666,1488,0.1388
833,665,1498,0.1388
832,672,1504,0.1388
824,670,1494,0.1388
827,669,1496,0.1388
824,680,1504,0.1388
821,677,1498,0.1388
825,669,1494,0.1388
832,671,1503,0.1388
836,667,1503,0.1388
833,675,1508,0.1388
831,680,1511,0.1388
830,682,1512,0.1388
823,679,1502,0.1388
813,678,1491,0.1388
806,684,1490,0.1388
813,683,1496,0.1388
818,690,1508,0.1388
817,680,1497,0.1388
818,680,1498,0.1388
810,688,1498,0.1388
807,689,1496,0.1388
806,702,1508,0.1388
819,694,1513,0.1388
818,696,1514,0.1388
807,692,1499,0.1388
796,698,1494,0.1388
798,698,1496,0.1388
796,701,1497,0.1388
794,704,1498,0.1388
798,707,1505,0.1388
788,709,1497,0.1388
778,706,1484,0.1388
783,716,1499,0.1388
782,711,1493,0.1388
780,709,1489,0.1388
789,712,1501,0.1388
789,719,1508,0.1388
785,724,1509,0.1388
777,728,1505,0.1388
784,727,1511,0.1388
776,731,1507,0.1388
776,735,1511,0.1388
768,729,1497,0.1388
758,730,1488,0.1388
765,725,1490,0.1388
759,725,1484,0.1388
764,726,1490,0.1388
781,724,1505,0.1388
770,728,1498,0.1388
767,737,1504,0.1388
763,748,1511,0.1388
754,743,1497,0.1388
750,748,1498,0.1388
749,743,1492,0.1388
757,744,1501,0.1388
764,739,1503,0.1388
765,735,1500,0.1388
765,739,1504,0.1388
764,750,1514,0.1388
766,738,1504,0.1388
768,734,1502,0.1388
767,736,1503,0.1388
760,738,1498,0.1388
758,741,1499,0.1388
759,744,1503,0.1388
761,754,1515,0.1388
756,753,1509,0.1388
763,749,1512,0.1388
753,758,1511,0.1388
748,751,1499,0.1388
749,754,1503,0.1388
747,759,1506,0.1388
749,757,1506,0.1388
753,753,1506,0.1388
747,763,1510,0.1388
744,769,1513,0.1388
752,761,1513,0.1388
756,762,1518,0.1388
757,758,1515,0.1388
758,759,1517,0.1388
751,767,1518,0.1388
744,759,1503,0.1388
738,765,1503,0.1388
737,760,1497,0.1388
733,761,1494,0.1388
743,766,1509,0.1388
741,776,1517,0.1388
739,783,1522,0.1388
738,767,1505,0.1388
734,770,1504,0.1388
733,765,1498,0.1388
733,757,1490,0.1388
736,759,1495,0.1388
736,768,1504,0.1388
736,772,1508,0.1388
722,776,1498,0.1388
713,781,1494,0.1388
706,789,1495,0.1388
709,789,1498,0.1388
707,799,1506,0.1388
706,802,1508,0.1388
704,795,1499,0.1388
709,804,1513,0.1388
707,791,1498,0.1388
713,791,1504,0.1388
705,794,1499,0.1388
699,797,1496,0.1388
703,790,1493,0.1388
714,788,1502,0.1388
714,789,1503,0.1388
716,797,1513,0.1388
711,787,1498,0.1388
712,795,1507,0.1388
710,797,1507,0.1388
710,796,1506,0.1388
714,782,1496,0.1388
718,795,1513,0.1388
715,794,1509,0.1388
717,792,1509,0.1388
706,797,1503,0.1388
713,801,1514,0.1388
710,798,1508,0.1388
704,800,1504,0.1388
705,804,1509,0.1388
704,796,1500,0.1388
699,801,1500,0.1388
696,800,1496,0.1388
701,807,1508,0.1388
700,806,1506,0.1388
697,817,1514,0.1388
698,823,1521,0.1388
685,820,1505,0.1388
684,817,1501,0.1388
694,815,1509,0.1388
696,812,1508,0.1388
687,809,1496,0.1388
683,816,1499,0.1388
675,820,1495,0.1388
672,810,1482,0.1388
670,820,1490,0.1388
673,819,1492,0.1388
678,827,1505,0.1388
675,826,1501,0.1388
674,836,1510,0.1388
670,842,1512,0.1388
681,835,1516,0.1388
676,836,1512,0.1388
679,835,1514,0.1388
671,840,1511,0.1388
678,833,1511,0.1388
674,833,1507,0.1388
665,840,1505,0.1388
668,838,1506,0.1388
672,841,1513,0.1388
678,834,1512,0.1388
671,839,1510,0.1388
673,833,1506,0.1388
672,827,1499,0.1388
670,827,1497,0.1388
668,828,1496,0.1388
667,835,1502,0.1388
659,839,1498,0.1388
655,836,1491,0.1388
657,839,1496,0.1388
652,848,1500,0.1388
662,849,1511,0.1388
658,843,1501,0.1388
651,845,1496,0.1388
657,834,1491,0.1388
657,830,1487,0.1388
659,830,1489,0.1388
664,826,1490,0.1388
651,834,1485,0.1388
641,845,1486,0.1388
630,837,1467,0.1388
629,844,1473,0.1388
637,855,1492,0.1388
646,858,1504,0.1388
648,855,1503,0.1388
651,850,1501,0.1388
654,839,1493,0.1388
648,850,1498,0.1388
645,851,1496,0.1388
643,861,1504,0.1388
652,868,1520,0.1388
656,857,1513,0.1388
656,856,1512,0.1388
652,853,1505,0.1388
650,863,1513,0.1388
648,872,1520,0.1388
638,870,1508,0.1388
645,867,1512,0.1388
654,863,1517,0.1388
650,869,1519,0.1388
647,876,1523,0.1388
644,873,1517,0.1388
645,877,1522,0.1388
645,877,1522,0.1388
644,871,1515,0.1388
645,869,1514,0.1388
637,860,1497,0.1388
628,865,1493,0.1388
635,883,1518,0.1388
631,874,1505,0.1388
629,866,1495,0.1388
631,865,1496,0.1388
634,873,1507,0.1388
630,869,1499,0.1388
638,869,1507,0.1388
634,872,1506,0.1388
639,874,1513,0.1388
639,882,1521,0.1388
645,880,1525,0.1388
635,880,1515,0.1388
631,887,1518,0.1388
630,891,1521,0.1388
631,895,1526,0.1388
629,897,1526,0.1388
626,891,1517,0.1388
621,881,1502,0.1388
618,882,1500,0.1388
613,891,1504,0.1388
615,890,1505,0.1388
614,894,1508,0.1388
616,900,1516,0.1388
617,897,1514,0.1388
617,908,1525,0.1388
612,896,1508,0.1388
597,892,1489,0.1388
599,882,1481,0.1388
603,890,1493,0.1388
611,894,1505,0.1388
603,893,1496,0.1388
603,888,1491,0.1388
598,900,1498,0.1388
591,896,1487,0.1388
594,899,1493,0.1388
597,904,1501,0.1388
594,897,1491,0.1388
591,919,1510,0.1388
597,922,1519,0.1388
590,919,1509,0.1388
586,918,1504,0.1388
585,923,1508,0.1388
580,923,1503,0.1388
580,932,1512,0.1388
584,924,1508,0.1388
577,929,1506,0.1388
580,931,1511,0.1388
584,928,1512,0.1388
583,926,1509,0.1388
579,929,1508,0.1388
580,934,1514,0.1388
578,943,1521,0.1388
579,925,1504,0.1388
576,921,1497,0.1388
574,931,1505,0.1388
574,928,1502,0.1388
575,936,1511,0.1388
572,940,1512,0.1388
574,944,1518,0.1388
570,943,1513,0.1388
568,937,1505,0.1388
567,939,1506,0.1388
562,943,1505,0.1388
561,941,1502,0.1388
567,933,1500,0.1388
558,935,1493,0.1388
564,937,1501,0.1388
568,930,1498,0.1388
576,939,1515,0.1388
562,949,1511,0.1388
559,963,1522,0.1388
558,959,1517,0.1388
564,963,1527,0.1388
561,952,1513,0.1388
557,947,1504,0.1388
552,944,1496,0.1388
552,960,1512,0.1388
547,955,1502,0.1388
548,963,1511,0.1388
548,969,1517,0.1388
549,962,1511,0.1388
550,963,1513,0.1388
547,966,1513,0.1388
541,977,1518,0.1388
542,961,1503,0.1388
540,961,1501,0.1388
548,965,1513,0.1388
540,962,1502,0.1388
539,963,1502,0.1388
539,968,1507,0.1388
546,969,1515,0.1388
551,977,1528,0.1388
550,971,1521,0.1388
547,974,1521,0.1388
551,967,1518,0.1388
550,969,1519,0.1388
547,966,1513,0.1388
539,967,1506,0.1388
539,973,1512,0.1388
541,970,1511,0.1388
536,981,1517,0.1388
534,988,1522,0.1388
528,989,1517,0.1388
526,993,1519,0.1388
526,992,1518,0.1388
517,992,1509,0.1388
526,996,1522,0.1388
524,996,1520,0.1388
521,992,1513,0.1388
522,1000,1522,0.1388
518,997,1515,0.1388
518,982,1500,0.1388
519,993,1512,0.1388
512,990,1502,0.1388
517,989,1506,0.1388
519,995,1514,0.1388
520,995,1515,0.1388
521,995,1516,0.1388
520,997,1517,0.1388
523,998,1521,0.1388
517,993,1510,0.1388
513,995,1508,0.1388
511,992,1503,0.1388
512,992,1504,0.1388
520,985,1505,0.1388
519,984,1503,0.1388
517,979,1496,0.1388
521,978,1499,0.1388
513,972,1485,0.1388
523,976,1499,0.1388
519,976,1495,0.1388
524,975,1499,0.1388
528,970,1498,0.1388
535,983,1518,0.1388
534,988,1522,0.1388
535,989,1524,0.1388
524,988,1512,0.1388
522,987,1509,0.1388
526,984,1510,0.1388
523,981,1504,0.1388
513,991,1504,0.1388
515,993,1508,0.1388
517,986,1503,0.1388
516,995,1511,0.1388
513,993,1506,0.1388
513,1003,1516,0.1388
509,996,1505,0.1388
512,1003,1515,0.1388
510,997,1507,0.1388
502,1004,1506,0.1388
496,1009,1505,0.1388
498,1025,1523,0.1388
500,1023,1523,0.1388
494,1012,1506,0.1388
483,1013,1496,0.1388
489,1009,1498,0.1388
489,1008,1497,0.1388
489,1012,1501,0.1388
480,1017,1497,0.1388
488,1018,1506,0.1388
485,1018,1503,0.1388
485,1015,1500,0.1388
477,1020,1497,0.1388
480,1016,1496,0.1388
483,1024,1507,0.1388
483,1036,1519,0.1388
476,1033,1509,0.1388
484,1043,1527,0.1388
476,1039,1515,0.1388
482,1037,1519,0.1388
486,1042,1528,0.1388
481,1028,1509,0.1388
472,1038,1510,0.1388
470,1038,1508,0.1388
469,1042,1511,0.1388
470,1033,1503,0.1388
475,1034,1509,0.1388
474,1029,1503,0.1388
474,1030,1504,0.1388
475,1037,1512,0.1388
470,1035,1505,0.1388
469,1043,1512,0.1388
470,1048,1518,0.1388
466,1053,1519,0.1388
466,1045,1511,0.1388
462,1039,1501,0.1388
457,1040,1497,0.1388
453,1047,1500,0.1388
454,1054,1508,0.1388
461,1045,1506,0.1388
456,1062,1518,0.1388
456,1051,1507,0.1388
459,1034,1493,0.1388
456,1053,1509,0.1388
453,1056,1509,0.1388
456,1057,1513,0.1388
461,1058,1519,0.1388
454,1062,1516,0.1388
452,1065,1517,0.1388
450,1064,1514,0.1388
446,1066,1512,0.1388
449,1059,1508,0.1388
456,1055,1511,0.1388
458,1061,1519,0.1388
447,1054,1501,0.1388
447,1073,1520,0.1388
450,1063,1513,0.1388
451,1061,1512,0.1388
441,1068,1509,0.1388
440,1073,1513,0.1388
454,1078,1532,0.1388
454,1080,1534,0.1388
453,1074,1527,0.1388
456,1068,1524,0.1388
452,1070,1522,0.1388
446,1055,1501,0.1388
445,1050,1495,0.1388
442,1059,1501,0.1388
450,1070,1520,0.1388
451,1060,1511,0.1388
454,1055,1509,0.1388
455,1049,1504,0.1388
456,1055,1511,0.1388
454,1053,1507,0.1388
451,1052,1503,0.1388
447,1055,1502,0.1388
452,1044,1496,0.1388
457,1052,1509,0.1388
454,1055,1509,0.1388
453,1050,1503,0.1388
451,1057,1508,0.1388
449,1055,1504,0.1388
446,1060,1506,0.1388
452,1060,1512,0.1388
447,1048,1495,0.1388
450,1054,1504,0.1388
460,1060,1520,0.1388
453,1053,1506,0.1388
450,1056,1506,0.1388
457,1065,1522,0.1388
458,1067,1525,0.1388
449,1045,1494,0.1388
447,1057,1504,0.1388
453,1044,1497,0.1388
457,1038,1495,0.1388
451,1056,1507,0.1388
458,1055,1513,0.1388
453,1058,1511,0.1388
458,1046,1504,0.1388
465,1044,1509,0.1388
460,1039,1499,0.1388
461,1050,1511,0.1388
465,1050,1515,0.1388
464,1042,1506,0.1388
466,1041,1507,0.1388
462,1045,1507,0.1388
459,1053,1512,0.1388
463,1051,1514,0.1388
462,1053,1515,0.1388
461,1053,1514,0.1388
452,1063,1515,0.1388
452,1067,1519,0.1388
452,1082,1534,0.1388
442,1075,1517,0.1388
432,1079,1511,0.1388
435,1085,1520,0.1388
428,1091,1519,0.1388
428,1091,1519,0.1388
423,1090,1513,0.1388
423,1078,1501,0.1388
427,1085,1512,0.1388
425,1083,1508,0.1388
429,1083,1512,0.1388
420,1070,1490,0.1388
425,1088,1513,0.1388
429,1095,1524,0.1388
428,1093,1521,0.1388
426,1084,1510,0.1388
429,1081,1510,0.1388
424,1084,1508,0.1388
429,1077,1506,0.1388
425,1088,1513,0.1388
419,1092,1511,0.1388
416,1089,1505,0.1388
417,1101,1518,0.1388
423,1097,1520,0.1388
420,1113,1533,0.1388
418,1115,1533,0.1388
418,1112,1530,0.1388
415,1112,1527,0.1388
423,1117,1540,0.1388
416,1104,1520,0.1388
414,1107,1521,0.1388
414,1117,1531,0.1388
416,1113,1529,0.1388
418,1103,1521,0.1388
419,1111,1530,0.1388
410,1105,1515,0.1388
407,1103,1510,0.1388
414,1104,1518,0.1388
406,1102,1508,0.1388
401,1108,1509,0.1388
401,1113,1514,0.1388
396,1106,1502,0.1388
399,1108,1507,0.1388
399,1105,1504,0.1388
399,1108,1507,0.1388
392,1119,1511,0.1388
388,1107,1495,0.1388
384,1109,1493,0.1388
381,1112,1493,0.1388
383,1125,1508,0.1388
385,1124,1509,0.1388
386,1128,1514,0.1388
390,1128,1518,0.1388
384,1125,1509,0.1388
383,1119,1502,0.1388
380,1129,1509,0.1388
376,1131,1507,0.1388
381,1126,1507,0.1388
374,1124,1498,0.1388
372,1130,1502,0.1388
368,1131,1499,0.1388
369,1134,1503,0.1388
366,1149,1515,0.1388
365,1146,1511,0.1388
357,1151,1508,0.1388
363,1150,1513,0.1388
365,1145,1510,0.1388
366,1145,1511,0.1388
365,1162,1527,0.1388
362,1148,1510,0.1388
361,1145,1506,0.1388
359,1143,1502,0.1388
356,1144,1500,0.1388
343,1145,1488,0.1388
346,1151,1497,0.1388
352,1151,1503,0.1388
358,1153,1511,0.1388
355,1154,1509,0.1388
360,1144,1504,0.1388
359,1150,1509,0.1388
355,1151,1506,0.1388
355,1151,1506,0.1388
356,1168,1524,0.1388
351,1167,1518,0.1388
346,1167,1513,0.1388
351,1175,1526,0.1388
353,1174,1527,0.1388
356,1167,1523,0.1388
353,1173,1526,0.1388
356,1163,1519,0.1388
357,1169,1526,0.1388
361,1171,1532,0.1388
367,1170,1537,0.1388
361,1171,1532,0.1388
358,1158,1516,0.1388
359,1161,1520,0.1388
356,1155,1511,0.1388
356,1153,1509,0.1388
356,1163,1519,0.1388
358,1173,1531,0.1388
354,1158,1512,0.1388
353,1159,1512,0.1388
353,1157,1510,0.1388
353,1151,1504,0.1388
350,1159,1509,0.1388
356,1159,1515,0.1388
358,1160,1518,0.1388
361,1165,1526,0.1388
361,1150,1511,0.1388
358,1152,1510,0.1388
357,1151,1508,0.1388
358,1154,1512,0.1388
353,1152,1505,0.1388
352,1151,1503,0.1388
358,1162,1520,0.1388
356,1162,1518,0.1388
355,1162,1517,0.1388
351,1164,1515,0.1388
350,1162,1512,0.1388
349,1168,1517,0.1388
347,1181,1528,0.1388
344,1175,1519,0.1388
342,1175,1517,0.1388
337,1175,1512,0.1388
336,1175,1511,0.1388
340,1180,1520,0.1388
342,1176,1518,0.1388
344,1186,1530,0.1388
340,1188,1528,0.1388
342,1189,1531,0.1388
342,1191,1533,0.1388
338,1178,1516,0.1388
339,1185,1524,0.1388
335,1191,1526,0.1388
336,1185,1521,0.1388
332,1192,1524,0.1388
331,1187,1518,0.1388
326,1176,1502,0.1388
329,1172,1501,0.1388
332,1170,1502,0.1388
328,1175,1503,0.1388
328,1173,1501,0.1388
325,1173,1498,0.1388
324,1173,1497,0.1388
324,1182,1506,0.1388
322,1184,1506,0.1388
323,1197,1520,0.1388
321,1198,1519,0.1388
319,1200,1519,0.1388
317,1195,1512,0.1388
319,1192,1511,0.1388
319,1200,1519,0.1388
320,1197,1517,0.1388
320,1190,1510,0.1388
315,1193,1508,0.1388
315,1204,1519,0.1388
313,1207,1520,0.1388
307,1210,1517,0.1388
309,1200,1509,0.1388
315,1202,1517,0.1388
313,1207,1520,0.1388
314,1210,1524,0.1388
318,1204,1522,0.1388
314,1199,1513,0.1388
318,1203,1521,0.1388
317,1207,1524,0.1388
314,1207,1521,0.1388
313,1194,1507,0.1388
314,1201,1515,0.1388
321,1200,1521,0.1388
325,1188,1513,0.1388
317,1202,1519,0.1388
312,1212,1524,0.1388
313,1200,1513,0.1388
311,1206,1517,0.1388
306,1208,1514,0.1388
313,1194,1507,0.1388
315,1201,1516,0.1388
311,1213,1524,0.1388
313,1205,1518,0.1388
313,1196,1509,0.1388
312,1200,1512,0.1388
308,1198,1506,0.1388
308,1196,1504,0.1388
308,1204,1512,0.1388
309,1202,1511,0.1388
305,1201,1506,0.1388
299,1206,1505,0.1388
303,1204,1507,0.1388
305,1209,1514,0.1388
302,1211,1513,0.1388
302,1209,1511,0.1388
296,1212,1508,0.1388
294,1222,1516,0.1388
297,1223,1520,0.1388
299,1218,1517,0.1388
295,1228,1523,0.1388
289,1224,1513,0.1388
292,1215,1507,0.1388
289,1219,1508,0.1388
293,1206,1499,0.1388
296,1222,1518,0.1388
292,1224,1516,0.1388
290,1231,1521,0.1388
288,1226,1514,0.1388
297,1237,1534,0.1388
291,1226,1517,0.1388
290,1231,1521,0.1388
290,1233,1523,0.1388
292,1221,1513,0.1388
283,1223,1506,0.1388
281,1223,1504,0.1388
282,1232,1514,0.1388
283,1229,1512,0.1388
284,1226,1510,0.1388
281,1218,1499,0.1388
281,1226,1507,0.1388
280,1226,1506,0.1388
279,1234,1513,0.1388
283,1221,1504,0.1388
279,1226,1505,0.1388
278,1230,1508,0.1388
275,1227,1502,0.1388
275,1226,1501,0.1388
271,1231,1502,0.1388
270,1221,1491,0.1388
278,1238,1516,0.1388
274,1241,1515,0.1388
271,1237,1508,0.1388
270,1235,1505,0.1388
270,1247,1517,0.1388
270,1249,1519,0.1388
270,1243,1513,0.1388
266,1242,1508,0.1388
262,1245,1507,0.1388
264,1239,1503,0.1388
255,1247,1502,0.1388
255,1253,1508,0.1388
255,1260,1515,0.1388
254,1256,1510,0.1388
252,1251,1503,0.1388
251,1254,1505,0.1388
251,1249,1500,0.1388
252,1250,1502,0.1388
246,1255,1501,0.1388
252,1267,1519,0.1388
251,1269,1520,0.1388
254,1275,1529,0.1388
251,1269,1520,0.1388
248,1257,1505,0.1388
247,1255,1502,0.1388
245,1265,1510,0.1388
243,1266,1509,0.1388
246,1271,1517,0.1388
245,1264,1509,0.1388
241,1271,1512,0.1388
238,1266,1504,0.1388
237,1264,1501,0.1388
234,1267,1501,0.1388
240,1266,1506,0.1388
239,1269,1508,0.1388
241,1273,1514,0.1388
238,1278,1516,0.1388
235,1284,1519,0.1388
235,1273,1508,0.1388
240,1271,1511,0.1388
238,1272,1510,0.1388
237,1270,1507,0.1388
248,1264,1512,0.1388
244,1268,1512,0.1388
242,1273,1515,0.1388
243,1257,1500,0.1388
246,1263,1509,0.1388
243,1261,1504,0.1388
243,1269,1512,0.1388
249,1264,1513,0.1388
239,1264,1503,0.1388
243,1258,1501,0.1388
246,1269,1515,0.1388
249,1263,1512,0.1388
247,1267,1514,0.1388
246,1261,1507,0.1388
243,1267,1510,0.1388
247,1278,1525,0.1388
243,1276,1519,0.1388
243,1283,1526,0.1388
249,1292,1541,0.1388
245,1285,1530,0.1388
240,1288,1528,0.1388
235,1280,1515,0.1388
230,1278,1508,0.1388
227,1270,1497,0.1388
224,1269,1493,0.1388
224,1270,1494,0.1388
228,1270,1498,0.1388
225,1279,1504,0.1388
222,1276,1498,0.1388
222,1275,1497,0.1388
223,1282,1505,0.1388
224,1283,1507,0.1388
218,1286,1504,0.1388
216,1295,1511,0.1388
222,1287,1509,0.1388
224,1289,1513,0.1388
220,1280,1500,0.1388
216,1284,1500,0.1388
218,1290,1508,0.1388
223,1282,1505,0.1388
217,1279,1496,0.1388
221,1293,1514,0.1388
222,1295,1517,0.1388
220,1291,1511,0.1388
220,1289,1509,0.1388
222,1289,1511,0.1388
223,1294,1517,0.1388
220,1296,1516,0.1388
214,1291,1505,0.1388
210,1291,1501,0.1388
212,1297,1509,0.1388
212,1298,1510,0.1388
210,1303,1513,0.1388
209,1314,1523,0.1388
204,1304,1508,0.1388
203,1303,1506,0.1388
207,1302,1509,0.1388
205,1314,1519,0.1388
199,1307,1506,0.1388
196,1309,1505,0.1388
201,1311,1512,0.1388
202,1321,1523,0.1388
200,1321,1521,0.1388
199,1314,1513,0.1388
200,1316,1516,0.1388
204,1310,1514,0.1388
204,1310,1514,0.1388
206,1315,1521,0.1388
210,1315,1525,0.1388
210,1300,1510,0.1388
215,1304,1519,0.1388
211,1315,1526,0.1388
207,1311,1518,0.1388
207,1303,1510,0.1388
212,1302,1514,0.1388
205,1296,1501,0.1388
208,1310,1518,0.1388
208,1310,1518,0.1388
208,1308,1516,0.1388
210,1309,1519,0.1388
209,1311,1520,0.1388
209,1309,1518,0.1388
207,1301,1508,0.1388
206,1295,1501,0.1388
204,1306,1510,0.1388
200,1312,1512,0.1388
203,1308,1511,0.1388
203,1309,1512,0.1388
201,1299,1500,0.1388
202,1303,1505,0.1388
207,1311,1518,0.1388
208,1300,1508,0.1388
205,1303,1508,0.1388
207,1308,1515,0.1388
207,1312,1519,0.1388
207,1319,1526,0.1388
206,1314,1520,0.1388
205,1311,1516,0.1388
203,1307,1510,0.1388
201,1311,1512,0.1388
196,1330,1526,0.1388
196,1327,1523,0.1388
198,1317,1515,0.1388
197,1321,1518,0.1388
194,1324,1518,0.1388
195,1314,1509,0.1388
192,1311,1503,0.1388
196,1322,1518,0.1388
197,1318,1515,0.1388
193,1319,1512,0.1388
191,1315,1506,0.1388
192,1316,1508,0.1388
193,1316,1509,0.1388
192,1329,1521,0.1388
189,1325,1514,0.1388
191,1330,1521,0.1388
192,1326,1518,0.1388
184,1326,1510,0.1388
186,1331,1517,0.1388
187,1325,1512,0.1388
180,1321,1501,0.1388
184,1315,1499,0.1388
182,1322,1504,0.1388
186,1343,1529,0.1388
182,1336,1518,0.1388
183,1337,1520,0.1388
186,1335,1521,0.1388
183,1339,1522,0.1388
188,1343,1531,0.1388
186,1327,1513,0.1388
188,1324,1512,0.1388
181,1314,1495,0.1388
182,1303,1485,0.1388
185,1304,1489,0.1388
175,1311,1486,0.1388
180,1319,1499,0.1388
178,1332,1510,0.1388
176,1338,1514,0.1388
175,1334,1509,0.1388
174,1329,1503,0.1388
174,1335,1509,0.1388
175,1331,1506,0.1388
174,1338,1512,0.1388
170,1334,1504,0.1388
171,1344,1515,0.1388
165,1351,1516,0.1388
162,1343,1505,0.1388
163,1341,1504,0.1388
166,1343,1509,0.1388
170,1342,1512,0.1388
169,1338,1507,0.1388
170,1329,1499,0.1388
167,1331,1498,0.1388
161,1334,1495,0.1388
161,1344,1505,0.1388
163,1337,1500,0.1388
162,1335,1497,0.1388
165,1347,1512,0.1388
167,1351,1518,0.1388
169,1348,1517,0.1388
169,1350,1519,0.1388
167,1343,1510,0.1388
168,1345,1513,0.1388
164,1334,1498,0.1388
164,1339,1503,0.1388
163,1341,1504,0.1388
165,1348,1513,0.1388
167,1348,1515,0.1388
168,1339,1507,0.1388
168,1339,1507,0.1388
169,1346,1515,0.1388
172,1342,1514,0.1388
174,1350,1524,0.1388
172,1344,1516,0.1388
172,1335,1507,0.1388
171,1340,1511,0.1388
172,1348,1520,0.1388
173,1345,1518,0.1388
172,1339,1511,0.1388
171,1354,1525,0.1388
167,1349,1516,0.1388
168,1342,1510,0.1388
168,1346,1514,0.1388
175,1342,1517,0.1388
171,1345,1516,0.1388
174,1339,1513,0.1388
171,1339,1510,0.1388
168,1343,1511,0.1388
167,1353,1520,0.1388
167,1356,1523,0.1388
166,1359,1525,0.1388
167,1360,1527,0.1388
163,1354,1517,0.1388
163,1363,1526,0.1388
166,1354,1520,0.1388
170,1352,1522,0.1388
171,1358,1529,0.1388
172,1358,1530,0.1388
171,1362,1533,0.1388
172,1357,1529,0.1388
169,1355,1524,0.1388
172,1365,1537,0.1388
170,1358,1528,0.1388
169,1353,1522,0.1388
167,1348,1515,0.1388
167,1342,1509,0.1388
166,1351,1517,0.1388
161,1364,1525,0.1388
161,1353,1514,0.1388
158,1358,1516,0.1388
157,1349,1506,0.1388
156,1354,1510,0.1388
157,1360,1517,0.1388
158,1354,1512,0.1388
161,1357,1518,0.1388
162,1362,1524,0.1388
161,1359,1520,0.1388
161,1365,1526,0.1388
159,1363,1522,0.1388
158,1350,1508,0.1388
162,1359,1521,0.1388
163,1347,1510,0.1388
165,1335,1500,0.1388
162,1338,1500,0.1388
164,1334,1498,0.1388
162,1351,1513,0.1388
160,1349,1509,0.1388
167,1341,1508,0.1388
165,1343,1508,0.1388
163,1357,1520,0.1388
161,1352,1513,0.1388
160,1359,1519,0.1388
156,1361,1517,0.1388
156,1352,1508,0.1388
155,1359,1514,0.1388
154,1368,1522,0.1388
147,1373,1520,0.1388
152,1358,1510,0.1388
154,1350,1504,0.1388
156,1354,1510,0.1388
155,1357,1512,0.1388
157,1364,1521,0.1388
160,1365,1525,0.1388
162,1357,1519,0.1388
164,1350,1514,0.1388
164,1347,1511,0.1388
162,1338,1500,0.1388
165,1334,1499,0.1388
164,1344,1508,0.1388
170,1337,1507,0.1388
169,1341,1510,0.1388
175,1341,1516,0.1388
176,1350,1526,0.1388
168,1345,1513,0.1388
169,1346,1515,0.1388
171,1332,1503,0.1388
170,1339,1509,0.1388
171,1342,1513,0.1388
170,1339,1509,0.1388
167,1337,1504,0.1388
171,1329,1500,0.1388
169,1327,1496,0.1388
167,1330,1497,0.1388
165,1334,1499,0.1388
168,1337,1505,0.1388
168,1339,1507,0.1388
164,1336,1500,0.1388
163,1333,1496,0.1388
164,1333,1497,0.1388
163,1340,1503,0.1388
170,1335,1505,0.1388
167,1346,1513,0.1388
166,1346,1512,0.1388
168,1324,1492,0.1388
165,1316,1481,0.1388
169,1324,1493,0.1388
170,1339,1509,0.1388
172,1340,1512,0.1388
174,1343,1517,0.1388
172,1341,1513,0.1388
171,1342,1513,0.1388
176,1329,1505,0.1388
174,1329,1503,0.1388
172,1342,1514,0.1388
170,1348,1518,0.1388
175,1342,1517,0.1388
176,1344,1520,0.1388
173,1342,1515,0.1388
175,1347,1522,0.1388
173,1341,1514,0.1388
173,1343,1516,0.1388
166,1343,1509,0.1388
163,1346,1509,0.1388
164,1343,1507,0.1388
172,1343,1515,0.1388
166,1354,1520,0.1388
170,1357,1527,0.1388
168,1350,1518,0.1388
168,1359,1527,0.1388
172,1345,1517,0.1388
170,1341,1511,0.1388
174,1346,1520,0.1388
173,1345,1518,0.1388
172,1343,1515,0.1388
169,1347,1516,0.1388
169,1355,1524,0.1388
173,1358,1531,0.1388
177,1349,1526,0.1388
175,1359,1534,0.1388
176,1354,1530,0.1388
173,1345,1518,0.1388
171,1334,1505,0.1388
170,1337,1507,0.1388
170,1333,1503,0.1388
170,1331,1501,0.1388
172,1331,1503,0.1388
174,1326,1500,0.1388
178,1313,1491,0.1388
178,1321,1499,0.1388
176,1322,1498,0.1388
172,1331,1503,0.1388
168,1345,1513,0.1388
166,1344,1510,0.1388
166,1343,1509,0.1388
165,1332,1497,0.1388
166,1346,1512,0.1388
163,1353,1516,0.1388
159,1356,1515,0.1388
156,1348,1504,0.1388
155,1366,1521,0.1388
156,1359,1515,0.1388
156,1354,1510,0.1388
152,1361,1513,0.1388
149,1355,1504,0.1388
150,1360,1510,0.1388
150,1361,1511,0.1388
150,1364,1514,0.1388
153,1369,1522,0.1388
148,1375,1523,0.1388
146,1360,1506,0.1388
149,1355,1504,0.1388
153,1360,1513,0.1388
150,1355,1505,0.1388
148,1356,1504,0.1388
150,1358,1508,0.1388
148,1358,1506,0.1388
145,1372,1517,0.1388
145,1366,1511,0.1388
142,1373,1515,0.1388
144,1382,1526,0.1388
148,1382,1530,0.1388
150,1363,1513,0.1388
148,1357,1505,0.1388
147,1372,1519,0.1388
145,1361,1506,0.1388
143,1365,1508,0.1388
140,1365,1505,0.1388
142,1369,1511,0.1388
146,1369,1515,0.1388
142,1380,1522,0.1388
142,1365,1507,0.1388
140,1375,1515,0.1388
141,1368,1509,0.1388
137,1392,1529,0.1388
137,1383,1520,0.1388
126,1377,1503,0.1388
127,1374,1501,0.1388
127,1375,1502,0.1388
129,1381,1510,0.1388
124,1389,1513,0.1388
124,1381,1505,0.1388
131,1380,1511,0.1388
133,1386,1519,0.1388
129,1377,1506,0.1388
126,1376,1502,0.1388
131,1375,1506,0.1388
131,1390,1521,0.1388
131,1393,1524,0.1388
127,1395,1522,0.1388
125,1392,1517,0.1388
126,1396,1522,0.1388
127,1391,1518,0.1388
125,1394,1519,0.1388
125,1384,1509,0.1388
129,1384,1513,0.1388
130,1380,1510,0.1388
128,1360,1488,0.1388
126,1374,1500,0.1388
125,1378,1503,0.1388
125,1381,1506,0.1388
123,1394,1517,0.1388
124,1391,1515,0.1388
127,1394,1521,0.1388
129,1390,1519,0.1388
129,1397,1526,0.1388
135,1390,1525,0.1388
134,1385,1519,0.1388
135,1389,1524,0.1388
137,1386,1523,0.1388
138,1379,1517,0.1388
136,1380,1516,0.1388
135,1378,1513,0.1388
136,1376,1512,0.1388
140,1369,1509,0.1388
139,1367,1506,0.1388
145,1362,1507,0.1388
144,1373,1517,0.1388
146,1378,1524,0.1388
142,1369,1511,0.1388
141,1371,1512,0.1388
143,1359,1502,0.1388
143,1359,1502,0.1388
146,1375,1521,0.1388
144,1377,1521,0.1388
147,1362,1509,0.1388
149,1376,1525,0.1388
142,1377,1519,0.1388
142,1385,1527,0.1388
140,1381,1521,0.1388
140,1386,1526,0.1388
137,1387,1524,0.1388
139,1378,1517,0.1388
142,1376,1518,0.1388
137,1363,1500,0.1388
134,1369,1503,0.1388
138,1359,1497,0.1388
142,1370,1512,0.1388
142,1372,1514,0.1388
144,1357,1501,0.1388
147,1365,1512,0.1388
142,1369,1511,0.1388
141,1373,1514,0.1388
142,1370,1512,0.1388
143,1366,1509,0.1388
136,1374,1510,0.1388
137,1377,1514,0.1388
134,1375,1509,0.1388
136,1385,1521,0.1388
135,1387,1522,0.1388
130,1382,1512,0.1388
135,1381,1516,0.1388
134,1394,1528,0.1388
133,1379,1512,0.1388
134,1381,1515,0.1388
134,1395,1529,0.1388
134,1400,1534,0.1388
133,1401,1534,0.1388
131,1392,1523,0.1388
128,1399,1527,0.1388
134,1392,1526,0.1388
131,1393,1524,0.1388
133,1389,1522,0.1388
127,1390,1517,0.1388
126,1380,1506,0.1388
128,1379,1507,0.1388
127,1383,1510,0.1388
130,1379,1509,0.1388
129,1385,1514,0.1388
130,1391,1521,0.1388
125,1387,1512,0.1388
126,1394,1520,0.1388
123,1405,1528,0.1388
124,1400,1524,0.1388
125,1392,1517,0.1388
122,1401,1523,0.1388
120,1400,1520,0.1388
118,1393,1511,0.1388
115,1398,1513,0.1388
114,1405,1519,0.1388
114,1404,1518,0.1388
111,1411,1522,0.1388
110,1416,1526,0.1388
108,1405,1513,0.1388
107,1410,1517,0.1388
105,1413,1518,0.1388
104,1414,1518,0.1388
104,1421,1525,0.1388
102,1399,1501,0.1388
100,1399,1499,0.1388
103,1411,1514,0.1388
104,1403,1507,0.1388
104,1400,1504,0.1388
102,1409,1511,0.1388
105,1420,1525,0.1388
103,1413,1516,0.1388
103,1409,1512,0.1388
104,1419,1523,0.1388
105,1405,1510,0.1388
104,1415,1519,0.1388
104,1416,1520,0.1388
102,1421,1523,0.1388
103,1426,1529,0.1388
101,1431,1532,0.1388
102,1426,1528,0.1388
96,1415,1511,0.1388
100,1412,1512,0.1388
102,1409,1511,0.1388
100,1411,1511,0.1388
100,1410,1510,0.1388
96,1405,1501,0.1388
98,1412,1510,0.1388
100,1408,1508,0.1388
100,1416,1516,0.1388
100,1407,1507,0.1388
98,1424,1522,0.1388
99,1421,1520,0.1388
97,1422,1519,0.1388
98,1416,1514,0.1388
98,1425,1523,0.1388
99,1432,1531,0.1388
99,1419,1518,0.1388
101,1415,1516,0.1388
100,1417,1517,0.1388
102,1405,1507,0.1388
101,1414,1515,0.1388
98,1412,1510,0.1388
96,1420,1516,0.1388
96,1411,1507,0.1388
97,1418,1515,0.1388
96,1413,1509,0.1388
90,1415,1505,0.1388
90,1416,1506,0.1388
90,1429,1519,0.1388
90,1433,1523,0.1388
93,1424,1517,0.1388
92,1431,1523,0.1388
88,1432,1520,0.1388
88,1436,1524,0.1388
88,1430,1518,0.1388
89,1436,1525,0.1388
91,1428,1519,0.1388
92,1429,1521,0.1388
93,1422,1515,0.1388
91,1419,1510,0.1388
89,1425,1514,0.1388
89,1425,1514,0.1388
89,1412,1501,0.1388
85,1422,1507,0.1388
86,1436,1522,0.1388
87,1434,1521,0.1388
83,1436,1519,0.1388
83,1433,1516,0.1388
82,1427,1509,0.1388
79,1439,1518,0.1388
78,1433,1511,0.1388
81,1431,1512,0.1388
79,1429,1508,0.1388
77,1437,1514,0.1388
78,1433,1511,0.1388
77,1431,1508,0.1388
75,1439,1514,0.1388
75,1428,1503,0.1388
75,1421,1496,0.1388
74,1423,1497,0.1388
75,1428,1503,0.1388
76,1429,1505,0.1388
78,1436,1514,0.1388
77,1445,1522,0.1388
79,1429,1508,0.1388
81,1441,1522,0.1388
78,1425,1503,0.1388
81,1428,1509,0.1388
80,1441,1521,0.1388
80,1434,1514,0.1388
81,1424,1505,0.1388
80,1417,1497,0.1388
79,1418,1497,0.1388
77,1426,1503,0.1388
78,1424,1502,0.1388
78,1412,1490,0.1388
79,1416,1495,0.1388
77,1426,1503,0.1388
78,1422,1500,0.1388
77,1443,1520,0.1388
75,1455,1530,0.1388
75,1443,1518,0.1388
75,1448,1523,0.1388
76,1445,1521,0.1388
75,1463,1538,0.1388
76,1454,1530,0.1388
77,1450,1527,0.1388
78,1443,1521,0.1388
82,1437,1519,0.1388
79,1432,1511,0.1388
79,1434,1513,0.1388
81,1432,1513,0.1388
81,1433,1514,0.1388
84,1430,1514,0.1388
84,1434,1518,0.1388
85,1431,1516,0.1388
84,1426,1510,0.1388
80,1437,1517,0.1388
78,1426,1504,0.1388
76,1429,1505,0.1388
80,1419,1499,0.1388
80,1427,1507,0.1388
78,1434,1512,0.1388
82,1432,1514,0.1388
80,1436,1516,0.1388
81,1432,1513,0.1388
81,1434,1515,0.1388
79,1433,1512,0.1388
81,1437,1518,0.1388
81,1437,1518,0.1388
79,1431,1510,0.1388
77,1437,1514,0.1388
76,1443,1519,0.1388
72,1427,1499,0.1388
76,1426,1502,0.1388
78,1432,1510,0.1388
74,1436,1510,0.1388
73,1444,1517,0.1388
74,1452,1526,0.1388
76,1440,1516,0.1388
73,1436,1509,0.1388
75,1443,1518,0.1388
76,1444,1520,0.1388
74,1445,1519,0.1388
73,1443,1516,0.1388
72,1438,1510,0.1388
71,1441,1512,0.1388
73,1445,1518,0.1388
75,1438,1513,0.1388
76,1439,1515,0.1388
77,1447,1524,0.1388
78,1444,1522,0.1388
78,1438,1516,0.1388
79,1429,1508,0.1388
82,1435,1517,0.1388
80,1447,1527,0.1388
81,1442,1523,0.1388
80,1440,1520,0.1388
78,1449,1527,0.1388
77,1434,1511,0.1388
84,1439,1523,0.1388
86,1430,1516,0.1388
82,1438,1520,0.1388
81,1439,1520,0.1388
80,1440,1520,0.1388
79,1435,1514,0.1388
76,1429,1505,0.1388
75,1429,1504,0.1388
76,1433,1509,0.1388
73,1428,1501,0.1388
77,1433,1510,0.1388
77,1435,1512,0.1388
78,1441,1519,0.1388
80,1439,1519,0.1388
80,1448,1528,0.1388
78,1438,1516,0.1388
77,1440,1517,0.1388
77,1431,1508,0.1388
80,1439,1519,0.1388
81,1452,1533,0.1388
79,1445,1524,0.1388
77,1449,1526,0.1388
77,1458,1535,0.1388
75,1466,1541,0.1388
72,1453,1525,0.1388
70,1444,1514,0.1388
68,1454,1522,0.1388
68,1447,1515,0.1388
68,1437,1505,0.1388
68,1445,1513,0.1388
68,1435,1503,0.1388
66,1437,1503,0.1388
68,1434,1502,0.1388
73,1447,1520,0.1388
72,1443,1515,0.1388
71,1445,1516,0.1388
70,1445,1515,0.1388
67,1439,1506,0.1388
66,1440,1506,0.1388
66,1424,1490,0.1388
65,1438,1503,0.1388
66,1437,1503,0.1388
63,1442,1505,0.1388
68,1450,1518,0.1388
63,1437,1500,0.1388
66,1438,1504,0.1388
65,1431,1496,0.1388
63,1440,1503,0.1388
64,1450,1514,0.1388
64,1457,1521,0.1388
65,1462,1527,0.1388
65,1462,1527,0.1388
62,1455,1517,0.1388
60,1449,1509,0.1388
64,1448,1512,0.1388
61,1457,1518,0.1388
63,1457,1520,0.1388
59,1457,1516,0.1388
61,1462,1523,0.1388
63,1469,1532,0.1388
64,1463,1527,0.1388
63,1449,1512,0.1388
61,1447,1508,0.1388
61,1455,1516,0.1388
62,1466,1528,0.1388
60,1464,1524,0.1388
58,1467,1525,0.1388
59,1459,1518,0.1388
58,1450,1508,0.1388
58,1459,1517,0.1388
56,1472,1528,0.1388
55,1471,1526,0.1388
54,1468,1522,0.1388
54,1469,1523,0.1388
54,1463,1517,0.1388
54,1464,1518,0.1388
52,1463,1515,0.1388
54,1465,1519,0.1388
54,1461,1515,0.1388
55,1464,1519,0.1388
53,1459,1512,0.1388
51,1459,1510,0.1388
51,1458,1509,0.1388
50,1461,1511,0.1388
51,1464,1515,0.1388
49,1454,1503,0.1388
48,1449,1497,0.1388
45,1448,1493,0.1388
47,1459,1506,0.1388
47,1473,1520,0.1388
47,1465,1512,0.1388
48,1477,1525,0.1388
47,1471,1518,0.1388
48,1476,1524,0.1388
47,1475,1522,0.1388
45,1483,1528,0.1388
45,1474,1519,0.1388
44,1480,1524,0.1388
46,1483,1529,0.1388
48,1476,1524,0.1388
49,1478,1527,0.1388
48,1479,1527,0.1388
46,1490,1536,0.1388
45,1479,1524,0.1388
47,1460,1507,0.1388
45,1470,1515,0.1388
49,1461,1510,0.1388
46,1467,1513,0.1388
46,1464,1510,0.1388
45,1455,1500,0.1388
46,1461,1507,0.1388
47,1468,1515,0.1388
50,1472,1522,0.1388
48,1485,1533,0.1388
46,1476,1522,0.1388
44,1465,1509,0.1388
44,1489,1533,0.1388
47,1480,1527,0.1388
46,1482,1528,0.1388
46,1478,1524,0.1388
44,1468,1512,0.1388
43,1476,1519,0.1388
45,1483,1528,0.1388
42,1479,1521,0.1388
42,1489,1531,0.1388
45,1484,1529,0.1388
44,1478,1522,0.1388
46,1474,1520,0.1388
44,1465,1509,0.1388
44,1481,1525,0.1388
46,1470,1516,0.1388
47,1472,1519,0.1388
48,1471,1519,0.1388
45,1473,1518,0.1388
45,1472,1517,0.1388
42,1470,1512,0.1388
42,1464,1506,0.1388
42,1465,1507,0.1388
42,1475,1517,0.1388
43,1477,1520,0.1388
44,1474,1518,0.1388
43,1472,1515,0.1388
42,1470,1512,0.1388
43,1462,1505,0.1388
43,1456,1499,0.1388
45,1457,1502,0.1388
43,1451,1494,0.1388
44,1468,1512,0.1388
43,1482,1525,0.1388
45,1479,1524,0.1388
44,1479,1523,0.1388
42,1464,1506,0.1388
41,1461,1502,0.1388
41,1463,1504,0.1388
41,1467,1508,0.1388
41,1479,1520,0.1388
41,1462,1503,0.1388
43,1464,1507,0.1388
45,1458,1503,0.1388
45,1468,1513,0.1388
44,1469,1513,0.1388
45,1469,1514,0.1388
44,1468,1512,0.1388
45,1470,1515,0.1388
43,1467,1510,0.1388
45,1473,1518,0.1388
44,1467,1511,0.1388
45,1470,1515,0.1388
45,1474,1519,0.1388
43,1469,1512,0.1388
42,1474,1516,0.1388
43,1477,1520,0.1388
45,1474,1519,0.1388
46,1472,1518,0.1388
45,1470,1515,0.1388
47,1476,1523,0.1388
47,1486,1533,0.1388
48,1472,1520,0.1388
46,1489,1535,0.1388
45,1466,1511,0.1388
44,1483,1527,0.1388
42,1482,1524,0.1388
43,1472,1515,0.1388
43,1476,1519,0.1388
43,1469,1512,0.1388
43,1471,1514,0.1388
46,1467,1513,0.1388
46,1464,1510,0.1388
44,1468,1512,0.1388
44,1469,1513,0.1388
43,1468,1511,0.1388
42,1466,1508,0.1388
44,1461,1505,0.1388
45,1471,1516,0.1388
45,1480,1525,0.1388
47,1483,1530,0.1388
46,1464,1510,0.1388
45,1464,1509,0.1388
48,1457,1505,0.1388
46,1456,1502,0.1388
46,1457,1503,0.1388
46,1473,1519,0.1388
48,1472,1520,0.1388
48,1471,1519,0.1388
47,1482,1529,0.1388
47,1473,1520,0.1388
45,1467,1512,0.1388
45,1465,1510,0.1388
44,1480,1524,0.1388
43,1482,1525,0.1388
44,1470,1514,0.1388
42,1473,1515,0.1388
41,1473,1514,0.1388
41,1480,1521,0.1388
42,1471,1513,0.1388
40,1476,1516,0.1388
40,1479,1519,0.1388
39,1478,1517,0.1388
39,1487,1526,0.1388
38,1489,1527,0.1388
38,1479,1517,0.1388
38,1468,1506,0.1388
36,1472,1508,0.1388
37,1471,1508,0.1388
35,1472,1507,0.1388
35,1482,1517,0.1388
34,1484,1518,0.1388
33,1494,1527,0.1388
34,1503,1537,0.1388
34,1488,1522,0.1388
36,1476,1512,0.1388
36,1478,1514,0.1388
37,1489,1526,0.1388
38,1488,1526,0.1388
36,1483,1519,0.1388
35,1473,1508,0.1388
34,1483,1517,0.1388
34,1487,1521,0.1388
34,1492,1526,0.1388
33,1495,1528,0.1388
34,1474,1508,0.1388
32,1488,1520,0.1388
34,1479,1513,0.1388
33,1485,1518,0.1388
32,1490,1522,0.1388
29,1503,1532,0.1388
27,1505,1532,0.1388
27,1495,1522,0.1388
27,1507,1534,0.1388
29,1511,1540,0.1388
29,1500,1529,0.1388
29,1503,1532,0.1388
30,1504,1534,0.1388
29,1493,1522,0.1388
27,1493,1520,0.1388
26,1494,1520,0.1388
26,1495,1521,0.1388
25,1490,1515,0.1388
25,1490,1515,0.1388
25,1493,1518,0.1388
25,1500,1525,0.1388
25,1509,1534,0.1388
26,1497,1523,0.1388
26,1498,1524,0.1388
25,1487,1512,0.1388
26,1484,1510,0.1388
26,1480,1506,0.1388
27,1481,1508,0.1388
27,1486,1513,0.1388
27,1491,1518,0.1388
26,1486,1512,0.1388
25,1489,1514,0.1388
24,1493,1517,0.1388
24,1482,1506,0.1388
25,1469,1494,0.1388
24,1484,1508,0.1388
22,1498,1520,0.1388
24,1495,1519,0.1388
24,1485,1509,0.1388
24,1495,1519,0.1388
23,1500,1523,0.1388
23,1504,1527,0.1388
26,1497,1523,0.1388
26,1506,1532,0.1388
23,1498,1521,0.1388
27,1496,1523,0.1388
27,1488,1515,0.1388
26,1488,1514,0.1388
25,1486,1511,0.1388
24,1474,1498,0.1388
23,1479,1502,0.1388
22,1490,1512,0.1388
22,1496,1518,0.1388
23,1495,1518,0.1388
23,1494,1517,0.1388
24,1477,1501,0.1388
25,1471,1496,0.1388
24,1466,1490,0.1388
23,1473,1496,0.1388
22,1490,1512,0.1388
22,1488,1510,0.1388
22,1491,1513,0.1388
22,1486,1508,0.1388
21,1484,1505,0.1388
20,1491,1511,0.1388
20,1494,1514,0.1388
19,1483,1502,0.1388
19,1489,1508,0.1388
17,1496,1513,0.1388
19,1495,1514,0.1388
17,1489,1506,0.1388
17,1488,1505,0.1388
16,1499,1515,0.1388
16,1508,1524,0.1388
16,1513,1529,0.1388
17,1515,1532,0.1388
16,1503,1519,0.1388
16,1500,1516,0.1388
16,1500,1516,0.1388
17,1505,1522,0.1388
18,1504,1522,0.1388
18,1499,1517,0.1388
20,1484,1504,0.1388
21,1492,1513,0.1388
21,1500,1521,0.1388
21,1498,1519,0.1388
19,1496,1515,0.1388
19,1500,1519,0.1388
19,1500,1519,0.1388
19,1507,1526,0.1388
18,1498,1516,0.1388
19,1495,1514,0.1388
19,1497,1516,0.1388
22,1492,1514,0.1388
22,1492,1514,0.1388
22,1491,1513,0.1388
21,1494,1515,0.1388
20,1491,1511,0.1388
20,1501,1521,0.1388
21,1504,1525,0.1388
20,1513,1533,0.1388
20,1503,1523,0.1388
22,1513,1535,0.1388
21,1501,1522,0.1388
22,1488,1510,0.1388
23,1495,1518,0.1388
22,1504,1526,0.1388
23,1502,1525,0.1388
23,1503,1526,0.1388
23,1500,1523,0.1388
23,1497,1520,0.1388
23,1495,1518,0.1388
23,1494,1517,0.1388
21,1498,1519,0.1388
22,1497,1519,0.1388
24,1501,1525,0.1388
24,1501,1525,0.1388
24,1483,1507,0.1388
24,1504,1528,0.1388
24,1507,1531,0.1388
23,1510,1533,0.1388
22,1511,1533,0.1388
22,1499,1521,0.1388
21,1502,1523,0.1388
20,1500,1520,0.1388
20,1503,1523,0.1388
19,1510,1529,0.1388
21,1496,1517,0.1388
22,1494,1516,0.1388
21,1493,1514,0.1388
22,1487,1509,0.1388
23,1494,1517,0.1388
22,1497,1519,0.1388
21,1496,1517,0.1388
19,1502,1521,0.1388
20,1499,1519,0.1388
20,1503,1523,0.1388
20,1495,1515,0.1388
20,1503,1523,0.1388
20,1514,1534,0.1388
18,1503,1521,0.1388
18,1486,1504,0.1388
16,1503,1519,0.1388
14,1504,1518,0.1388
13,1497,1510,0.1388
14,1510,1524,0.1388
15,1502,1517,0.1388
17,1506,1523,0.1388
18,1501,1519,0.1388
18,1501,1519,0.1388
17,1502,1519,0.1388
18,1495,1513,0.1388
18,1503,1521,0.1388
19,1504,1523,0.1388
19,1500,1519,0.1388
18,1501,1519,0.1388
17,1509,1526,0.1388
16,1496,1512,0.1388
16,1497,1513,0.1388
17,1498,1515,0.1388
18,1487,1505,0.1388
17,1488,1505,0.1388
17,1502,1519,0.1388
18,1501,1519,0.1388
19,1498,1517,0.1388
18,1489,1507,0.1388
19,1486,1505,0.1388
20,1494,1514,0.1388
20,1482,1502,0.1388
19,1486,1505,0.1388
18,1480,1498,0.1388
18,1495,1513,0.1388
19,1506,1525,0.1388
20,1487,1507,0.1388
21,1480,1501,0.1388
20,1490,1510,0.1388
19,1505,1524,0.1388
19,1509,1528,0.1388
19,1509,1528,0.1388
18,1519,1537,0.1388
18,1507,1525,0.1388
18,1509,1527,0.1388
19,1510,1529,0.1388
19,1493,1512,0.1388
19,1491,1510,0.1388
21,1481,1502,0.1388
18,1482,1500,0.1388
18,1490,1508,0.1388
16,1492,1508,0.1388
15,1500,1515,0.1388
17,1511,1528,0.1388
17,1509,1526,0.1388
17,1501,1518,0.1388
17,1516,1533,0.1388
16,1513,1529,0.1388
16,1518,1534,0.1388
17,1529,1546,0.1388
15,1519,1534,0.1388
14,1508,1522,0.1388
14,1500,1514,0.1388
14,1504,1518,0.1388
16,1493,1509,0.1388
16,1488,1504,0.1388
16,1504,1520,0.1388
16,1505,1521,0.1388
16,1495,1511,0.1388
17,1504,1521,0.1388
16,1516,1532,0.1388
15,1513,1528,0.1388
15,1510,1525,0.1388
15,1515,1530,0.1388
16,1509,1525,0.1388
15,1505,1520,0.1388
16,1523,1539,0.1388
16,1521,1537,0.1388
16,1510,1526,0.1388
14,1498,1512,0.1388
14,1502,1516,0.1388
14,1524,1538,0.1388
14,1520,1534,0.1388
15,1518,1533,0.1388
15,1522,1537,0.1388
14,1512,1526,0.1388
14,1516,1530,0.1388
14,1506,1520,0.1388
13,1504,1517,0.1388
14,1501,1515,0.1388
15,1505,1520,0.1388
15,1500,1515,0.1388
13,1506,1519,0.1388
13,1489,1502,0.1388
13,1502,1515,0.1388
12,1505,1517,0.1388
13,1504,1517,0.1388
14,1505,1519,0.1388
14,1486,1500,0.1388
13,1501,1514,0.1388
13,1497,1510,0.1388
12,1500,1512,0.1388
13,1519,1532,0.1388
13,1501,1514,0.1388
14,1490,1504,0.1388
15,1493,1508,0.1388
14,1514,1528,0.1388
13,1517,1530,0.1388
13,1507,1520,0.1388
12,1506,1518,0.1388
11,1501,1512,0.1388
12,1506,1518,0.1388
13,1516,1529,0.1388
12,1509,1521,0.1388
12,1523,1535,0.1388
12,1526,1538,0.1388
12,1525,1537,0.1388
12,1523,1535,0.1388
12,1526,1538,0.1388
12,1529,1541,0.1388
12,1505,1517,0.1388
12,1495,1507,0.1388
10,1485,1495,0.1388
10,1502,1512,0.1388
11,1501,1512,0.1388
9,1500,1509,0.1388
9,1506,1515,0.1388
9,1504,1513,0.1388
9,1515,1524,0.1388
9,1484,1493,0.1388
9,1476,1485,0.1388
8,1493,1501,0.1388
8,1495,1503,0.1388
9,1488,1497,0.1388
10,1498,1508,0.1388
10,1504,1514,0.1388
10,1502,1512,0.1388
9,1515,1524,0.1388
9,1515,1524,0.1388
9,1508,1517,0.1388
9,1498,1507,0.1388
8,1498,1506,0.1388
8,1498,1506,0.1388
8,1502,1510,0.1388
8,1501,1509,0.1388
6,1499,1505,0.1388
6,1482,1488,0.1388
6,1495,1501,0.1388
6,1515,1521,0.1388
6,1497,1503,0.1388
7,1505,1512,0.1388
7,1501,1508,0.1388
8,1512,1520,0.1388
8,1518,1526,0.1388
9,1511,1520,0.1388
9,1522,1531,0.1388
9,1524,1533,0.1388
9,1512,1521,0.1388
11,1525,1536,0.1388
11,1524,1535,0.1388
12,1513,1525,0.1388
12,1507,1519,0.1388
12,1512,1524,0.1388
12,1511,1523,0.1388
12,1500,1512,0.1388
10,1496,1506,0.1388
11,1506,1517,0.1388
11,1504,1515,0.1388
10,1488,1498,0.1388
10,1502,1512,0.1388
10,1504,1514,0.1388
10,1505,1515,0.1388
10,1483,1493,0.1388
10,1483,1493,0.1388
10,1490,1500,0.1388
12,1506,1518,0.1388
11,1505,1516,0.1388
11,1499,1510,0.1388
11,1499,1510,0.1388
11,1506,1517,0.1388
11,1502,1513,0.1388
10,1492,1502,0.1388
9,1507,1516,0.1388
11,1496,1507,0.1388
12,1481,1493,0.1388
13,1504,1517,0.1388
13,1503,1516,0.1388
13,1505,1518,0.1388
13,1503,1516,0.1388
13,1498,1511,0.1388
13,1503,1516,0.1388
12,1496,1508,0.1388
12,1499,1511,0.1388
14,1501,1515,0.1388
16,1505,1521,0.1388
15,1508,1523,0.1388
15,1517,1532,0.1388
15,1514,1529,0.1388
14,1505,1519,0.1388
13,1504,1517,0.1388
14,1489,1503,0.1388
14,1501,1515,0.1388
14,1511,1525,0.1388
15,1499,1514,0.1388
15,1503,1518,0.1388
16,1507,1523,0.1388
15,1510,1525,0.1388
15,1508,1523,0.1388
15,1510,1525,0.1388
15,1512,1527,0.1388
15,1503,1518,0.1388
15,1503,1518,0.1388
14,1499,1513,0.1388
14,1483,1497,0.1388
14,1497,1511,0.1388
14,1506,1520,0.1388
14,1516,1530,0.1388
14,1512,1526,0.1388
14,1511,1525,0.1388
14,1508,1522,0.1388
12,1501,1513,0.1388
12,1513,1525,0.1388
12,1503,1515,0.1388
12,1508,1520,0.1388
13,1495,1508,0.1388
13,1492,1505,0.1388
13,1493,1506,0.1388
12,1502,1514,0.1388
12,1507,1519,0.1388
12,1499,1511,0.1388
14,1509,1523,0.1388
14,1510,1524,0.1388
14,1509,1523,0.1388
14,1507,1521,0.1388
14,1495,1509,0.1388
15,1493,1508,0.1388
15,1496,1511,0.1388
14,1507,1521,0.1388
13,1510,1523,0.1388
13,1508,1521,0.1388
13,1512,1525,0.1388
13,1502,1515,0.1388
12,1510,1522,0.1388
12,1512,1524,0.1388
13,1524,1537,0.1388
13,1504,1517,0.1388
13,1497,1510,0.1388
12,1499,1511,0.1388
12,1507,1519,0.1388
12,1518,1530,0.1388
12,1514,1526,0.1388
12,1518,1530,0.1388
11,1514,1525,0.1388
11,1516,1527,0.1388
13,1520,1533,0.1388
13,1506,1519,0.1388
12,1515,1527,0.1388
12,1519,1531,0.1388
12,1515,1527,0.1388
12,1502,1514,0.1388
13,1502,1515,0.1388
13,1504,1517,0.1388
11,1517,1528,0.1388
11,1513,1524,0.1388
11,1510,1521,0.1388
9,1505,1514,0.1388
9,1497,1506,0.1388
8,1490,1498,0.1388
8,1510,1518,0.1388
9,1508,1517,0.1388
9,1516,1525,0.1388
10,1500,1510,0.1388
9,1498,1507,0.1388
8,1507,1515,0.1388
8,1522,1530,0.1388
8,1515,1523,0.1388
9,1509,1518,0.1388
9,1516,1525,0.1388
8,1517,1525,0.1388
8,1518,1526,0.1388
7,1505,1512,0.1388
7,1507,1514,0.1388
8,1517,1525,0.1388
7,1519,1526,0.1388
7,1518,1525,0.1388
7,1501,1508,0.1388
7,1507,1514,0.1388
7,1509,1516,0.1388
7,1509,1516,0.1388
7,1508,1515,0.1388
7,1512,1519,0.1388
7,1522,1529,0.1388
7,1509,1516,0.1388
7,1507,1514,0.1388
7,1516,1523,0.1388
5,1507,1512,0.1388
5,1502,1507,0.1388
5,1508,1513,0.1388
6,1514,1520,0.1388
6,1518,1524,0.1388
6,1529,1535,0.1388
6,1521,1527,0.1388
6,1514,1520,0.1388
6,1518,1524,0.1388
6,1524,1530,0.1388
6,1518,1524,0.1388
5,1515,1520,0.1388
6,1517,1523,0.1388
6,1505,1511,0.1388
6,1512,1518,0.1388
6,1517,1523,0.1388
6,1506,1512,0.1388
6,1504,1510,0.1388
7,1505,1512,0.1388
7,1505,1512,0.1388
6,1512,1518,0.1388
7,1513,1520,0.1388
7,1512,1519,0.1388
7,1517,1524,0.1388
6,1521,1527,0.1388
6,1525,1531,0.1388
6,1528,1534,0.1388
6,1516,1522,0.1388
6,1524,1530,0.1388
6,1512,1518,0.1388
6,1500,1506,0.1388
6,1511,1517,0.1388
6,1524,1530,0.1388
6,1510,1516,0.1388
6,1507,1513,0.1388
6,1511,1517,0.1388
6,1505,1511,0.1388
6,1513,1519,0.1388
6,1501,1507,0.1388
6,1503,1509,0.1388
5,1496,1501,0.1388
5,1494,1499,0.1388
5,1493,1498,0.1388
5,1490,1495,0.1388
5,1492,1497,0.1388
5,1515,1520,0.1388
4,1507,1511,0.1388
4,1499,1503,0.1388
4,1509,1513,0.1388
3,1515,1518,0.1388
3,1510,1513,0.1388
4,1505,1509,0.1388
4,1523,1527,0.1388
4,1525,1529,0.1388
4,1512,1516,0.1388
4,1512,1516,0.1388
3,1520,1523,0.1388
3,1509,1512,0.1388
3,1492,1495,0.1388
3,1493,1496,0.1388
2,1515,1517,0.1388
2,1525,1527,0.1388
2,1527,1529,0.1388
3,1528,1531,0.1388
3,1527,1530,0.1388
3,1520,1523,0.1388
3,1525,1528,0.1388
2,1511,1513,0.1388
2,1509,1511,0.1388
2,1503,1505,0.1388
2,1502,1504,0.1388
3,1506,1509,0.1388
3,1507,1510,0.1388
3,1502,1505,0.1388
3,1499,1502,0.1388
3,1499,1502,0.1388
4,1509,1513,0.1388
4,1502,1506,0.1388
4,1495,1499,0.1388
4,1486,1490,0.1388
4,1490,1494,0.1388
4,1503,1507,0.1388
5,1505,1510,0.1388
5,1514,1519,0.1388
5,1513,1518,0.1388
5,1509,1514,0.1388
5,1495,1500,0.1388
5,1500,1505,0.1388
5,1506,1511,0.1388
5,1509,1514,0.1388
5,1512,1517,0.1388
4,1504,1508,0.1388
4,1519,1523,0.1388
4,1512,1516,0.1388
4,1510,1514,0.1388
4,1512,1516,0.1388
4,1514,1518,0.1388
4,1515,1519,0.1388
4,1511,1515,0.1388
4,1520,1524,0.1388
4,1515,1519,0.1388
5,1498,1503,0.1388
5,1502,1507,0.1388
5,1499,1504,0.1388
5,1517,1522,0.1388
4,1530,1534,0.1388
4,1522,1526,0.1388
4,1512,1516,0.1388
4,1523,1527,0.1388
4,1523,1527,0.1388
4,1509,1513,0.1388
5,1501,1506,0.1388
5,1501,1506,0.1388
5,1507,1512,0.1388
5,1522,1527,0.1388
4,1510,1514,0.1388
4,1509,1513,0.1388
4,1519,1523,0.1388
4,1517,1521,0.1388
4,1513,1517,0.1388
4,1507,1511,0.1388
4,1507,1511,0.1388
3,1509,1512,0.1388
3,1523,1526,0.1388
3,1513,1516,0.1388
3,1515,1518,0.1388
2,1515,1517,0.1388
2,1514,1516,0.1388
2,1528,1530,0.1388
3,1519,1522,0.1388
2,1511,1513,0.1388
2,1522,1524,0.1388
2,1523,1525,0.1388
2,1524,1526,0.1388
2,1522,1524,0.1388
2,1530,1532,0.1388
1,1522,1523,0.1388
1,1517,1518,0.1388
1,1515,1516,0.1388
1,1525,1526,0.1388
1,1524,1525,0.1388
1,1530,1531,0.1388
1,1530,1531,0.1388
1,1529,1530,0.1388
1,1522,1523,0.1388
1,1502,1503,0.1388
1,1502,1503,0.1388
1,1514,1515,0.1388
1,1533,1534,0.1388
1,1527,1528,0.1388
1,1519,1520,0.1388
1,1515,1516,0.1388
1,1516,1517,0.1388
1,1515,1516,0.1388
1,1509,1510,0.1388
1,1500,1501,0.1388
1,1513,1514,0.1388
1,1498,1499,0.1388
1,1511,1512,0.1388
1,1525,1526,0.1388
1,1529,1530,0.1388
1,1526,1527,0.1388
1,1523,1524,0.1388
1,1521,1522,0.1388
1,1526,1527,0.1388
1,1528,1529,0.1388
1,1516,1517,0.1388
1,1519,1520,0.1388
1,1528,1529,0.1388
1,1518,1519,0.1388
1,1524,1525,0.1388
1,1527,1528,0.1388
1,1520,1521,0.1388
1,1516,1517,0.1388
1,1511,1512,0.1388
1,1514,1515,0.1388
1,1512,1513,0.1388
1,1519,1520,0.1388
1,1522,1523,0.1388
1,1519,1520,0.1388
1,1508,1509,0.1388
1,1505,1506,0.1388
0,1514,1514,0.1388
