1374,29,1403,0.1388
1394,30,1424,0.1388
1402,31,1433,0.1388
1422,32,1454,0.1388
1426,34,1460,0.1388
1428,34,1462,0.1388
1432,33,1465,0.1388
1446,33,1479,0.1388
1451,35,1486,0.1388
1467,34,1501,0.1388
1458,33,1491,0.1388
1447,32,1479,0.1388
1458,35,1493,0.1388
1456,37,1493,0.1388
1453,39,1492,0.1388
1450,40,1490,0.1388
1454,40,1494,0.1388
1449,37,1486,0.1388
1458,37,1495,0.1388
1474,34,1508,0.1388
1480,35,1515,0.1388
1482,36,1518,0.1388
1470,35,1505,0.1388
1481,34,1515,0.1388
1470,34,1504,0.1388
1454,33,1487,0.1388
1463,35,1498,0.1388
1455,36,1491,0.1388
1467,37,1504,0.1388
1471,36,1507,0.1388
1466,34,1500,0.1388
1465,34,1499,0.1388
1470,35,1505,0.1388
1460,34,1494,0.1388
1459,34,1493,0.1388
1459,36,1495,0.1388
1452,37,1489,0.1388
1461,35,1496,0.1388
1473,37,1510,0.1388
1458,36,1494,0.1388
1465,37,1502,0.1388
1471,34,1505,0.1388
1471,34,1505,0.1388
1470,34,1504,0.1388
1468,34,1502,0.1388
1460,37,1497,0.1388
1456,36,1492,0.1388
1469,34,1503,0.1388
1469,33,1502,0.1388
1461,35,1496,0.1388
1463,34,1497,0.1388
1452,34,1486,0.1388
1456,37,1493,0.1388
1453,35,1488,0.1388
1453,34,1487,0.1388
1448,35,1483,0.1388
1449,38,1487,0.1388
1446,39,1485,0.1388
1448,38,1486,0.1388
1460,38,1498,0.1388
1463,39,1502,0.1388
1460,38,1498,0.1388
1464,37,1501,0.1388
1469,39,1508,0.1388
1471,40,1511,0.1388
1478,39,1517,0.1388
1467,41,1508,0.1388
1449,41,1490,0.1388
1461,43,1504,0.1388
1464,42,1506,0.1388
1456,44,1500,0.1388
1452,45,1497,0.1388
1462,47,1509,0.1388
1448,48,1496,0.1388
1444,51,1495,0.1388
1439,50,1489,0.1388
1451,50,1501,0.1388
1451,51,1502,0.1388
1453,50,1503,0.1388
1479,48,1527,0.1388
1468,50,1518,0.1388
1457,51,1508,0.1388
1457,52,1509,0.1388
1458,50,1508,0.1388
1461,51,1512,0.1388
1459,51,1510,0.1388
1470,53,1523,0.1388
1465,53,1518,0.1388
1457,50,1507,0.1388
1442,51,1493,0.1388
1441,50,1491,0.1388
1444,51,1495,0.1388
1457,49,1506,0.1388
1443,47,1490,0.1388
1450,50,1500,0.1388
1441,50,1491,0.1388
1440,49,1489,0.1388
1448,48,1496,0.1388
1447,49,1496,0.1388
1447,50,1497,0.1388
1443,49,1492,0.1388
1447,49,1496,0.1388
1438,47,1485,0.1388
1429,52,1481,0.1388
1435,51,1486,0.1388
1442,48,1490,0.1388
1440,48,1488,0.1388
1434,47,1481,0.1388
1440,47,1487,0.1388
1455,48,1503,0.1388
1446,50,1496,0.1388
1436,50,1486,0.1388
1423,49,1472,0.1388
1427,47,1474,0.1388
1436,47,1483,0.1388
1442,49,1491,0.1388
1456,49,1505,0.1388
1434,50,1484,0.1388
1442,51,1493,0.1388
1455,50,1505,0.1388
1458,53,1511,0.1388
1440,54,1494,0.1388
1442,54,1496,0.1388
1448,50,1498,0.1388
1446,53,1499,0.1388
1434,56,1490,0.1388
1436,55,1491,0.1388
1428,53,1481,0.1388
1424,53,1477,0.1388
1445,55,1500,0.1388
1453,56,1509,0.1388
1449,58,1507,0.1388
1455,56,1511,0.1388
1450,58,1508,0.1388
1441,57,1498,0.1388
1445,57,1502,0.1388
1449,60,1509,0.1388
1454,61,1515,0.1388
1439,58,1497,0.1388
1427,58,1485,0.1388
1419,57,1476,0.1388
1418,59,1477,0.1388
1420,56,1476,0.1388
1436,60,1496,0.1388
1425,61,1486,0.1388
1443,64,1507,0.1388
1442,62,1504,0.1388
1436,64,1500,0.1388
1426,62,1488,0.1388
1452,62,1514,0.1388
1437,62,1499,0.1388
1431,61,1492,0.1388
1435,61,1496,0.1388
1423,60,1483,0.1388
1416,64,1480,0.1388
1419,64,1483,0.1388
1429,61,1490,0.1388
1433,61,1494,0.1388
1424,60,1484,0.1388
1424,60,1484,0.1388
1423,64,1487,0.1388
1427,61,1488,0.1388
1424,60,1484,0.1388
1427,64,1491,0.1388
1437,62,1499,0.1388
1429,60,1489,0.1388
1435,62,1497,0.1388
1431,63,1494,0.1388
1435,64,1499,0.1388
1435,63,1498,0.1388
1440,60,1500,0.1388
1434,60,1494,0.1388
1442,59,1501,0.1388
1443,58,1501,0.1388
1438,60,1498,0.1388
1447,59,1506,0.1388
1432,62,1494,0.1388
1443,63,1506,0.1388
1438,62,1500,0.1388
1440,61,1501,0.1388
1435,63,1498,0.1388
1434,64,1498,0.1388
1437,65,1502,0.1388
1430,64,1494,0.1388
1437,63,1500,0.1388
1427,61,1488,0.1388
1411,60,1471,0.1388
1409,59,1468,0.1388
1425,59,1484,0.1388
1437,60,1497,0.1388
1424,58,1482,0.1388
1420,60,1480,0.1388
1419,61,1480,0.1388
1420,63,1483,0.1388
1425,66,1491,0.1388
1426,69,1495,0.1388
1412,70,1482,0.1388
1422,69,1491,0.1388
1423,69,1492,0.1388
1427,68,1495,0.1388
1429,70,1499,0.1388
1424,71,1495,0.1388
1426,73,1499,0.1388
1432,75,1507,0.1388
1435,79,1514,0.1388
1430,79,1509,0.1388
1426,78,1504,0.1388
1421,82,1503,0.1388
1410,81,1491,0.1388
1418,80,1498,0.1388
1421,81,1502,0.1388
1421,82,1503,0.1388
1417,85,1502,0.1388
1431,84,1515,0.1388
1418,80,1498,0.1388
1434,83,1517,0.1388
1427,80,1507,0.1388
1426,80,1506,0.1388
1428,81,1509,0.1388
1417,81,1498,0.1388
1417,82,1499,0.1388
1412,80,1492,0.1388
1409,78,1487,0.1388
1405,78,1483,0.1388
1401,78,1479,0.1388
1403,80,1483,0.1388
1411,80,1491,0.1388
1414,83,1497,0.1388
1415,82,1497,0.1388
1405,81,1486,0.1388
1408,83,1491,0.1388
1407,85,1492,0.1388
1422,84,1506,0.1388
1421,87,1508,0.1388
1422,87,1509,0.1388
1412,87,1499,0.1388
1407,85,1492,0.1388
1405,86,1491,0.1388
1402,87,1489,0.1388
1407,89,1496,0.1388
1395,93,1488,0.1388
1390,96,1486,0.1388
1400,98,1498,0.1388
1399,97,1496,0.1388
1406,97,1503,0.1388
1389,100,1489,0.1388
1380,103,1483,0.1388
1378,107,1485,0.1388
1371,106,1477,0.1388
1381,105,1486,0.1388
1380,106,1486,0.1388
1379,107,1486,0.1388
1380,109,1489,0.1388
1370,110,1480,0.1388
1378,105,1483,0.1388
1384,105,1489,0.1388
1383,106,1489,0.1388
1392,105,1497,0.1388
1383,107,1490,0.1388
1383,102,1485,0.1388
1397,98,1495,0.1388
1392,96,1488,0.1388
1400,100,1500,0.1388
1396,102,1498,0.1388
1401,102,1503,0.1388
1405,103,1508,0.1388
1386,103,1489,0.1388
1393,104,1497,0.1388
1390,105,1495,0.1388
1408,107,1515,0.1388
1414,107,1521,0.1388
1407,106,1513,0.1388
1403,105,1508,0.1388
1395,108,1503,0.1388
1387,110,1497,0.1388
1390,113,1503,0.1388
1388,110,1498,0.1388
1380,108,1488,0.1388
1381,109,1490,0.1388
1385,108,1493,0.1388
1387,113,1500,0.1388
1379,111,1490,0.1388
1384,112,1496,0.1388
1377,113,1490,0.1388
1376,114,1490,0.1388
1378,120,1498,0.1388
1384,119,1503,0.1388
1386,118,1504,0.1388
1382,123,1505,0.1388
1373,122,1495,0.1388
1368,121,1489,0.1388
1376,125,1501,0.1388
1378,126,1504,0.1388
1374,127,1501,0.1388
1377,127,1504,0.1388
1390,129,1519,0.1388
1384,129,1513,0.1388
1378,128,1506,0.1388
1373,129,1502,0.1388
1374,126,1500,0.1388
1368,124,1492,0.1388
1371,125,1496,0.1388
1369,126,1495,0.1388
1354,127,1481,0.1388
1349,131,1480,0.1388
1367,132,1499,0.1388
1366,130,1496,0.1388
1362,133,1495,0.1388
1355,136,1491,0.1388
1356,138,1494,0.1388
1350,139,1489,0.1388
1371,131,1502,0.1388
1364,125,1489,0.1388
1368,130,1498,0.1388
1364,133,1497,0.1388
1371,133,1504,0.1388
1364,134,1498,0.1388
1368,136,1504,0.1388
1367,134,1501,0.1388
1359,137,1496,0.1388
1352,138,1490,0.1388
1343,138,1481,0.1388
1349,138,1487,0.1388
1355,136,1491,0.1388
1363,132,1495,0.1388
1364,134,1498,0.1388
1364,133,1497,0.1388
1365,131,1496,0.1388
1350,131,1481,0.1388
1354,131,1485,0.1388
1371,132,1503,0.1388
1363,129,1492,0.1388
1369,126,1495,0.1388
1364,126,1490,0.1388
1366,128,1494,0.1388
1365,124,1489,0.1388
1367,124,1491,0.1388
1355,128,1483,0.1388
1353,122,1475,0.1388
1365,124,1489,0.1388
1367,126,1493,0.1388
1360,127,1487,0.1388
1363,130,1493,0.1388
1361,135,1496,0.1388
1360,137,1497,0.1388
1366,141,1507,0.1388
1366,136,1502,0.1388
1361,132,1493,0.1388
1353,136,1489,0.1388
1361,137,1498,0.1388
1347,143,1490,0.1388
1349,143,1492,0.1388
1363,143,1506,0.1388
1358,145,1503,0.1388
1346,146,1492,0.1388
1338,146,1484,0.1388
1341,145,1486,0.1388
1332,146,1478,0.1388
1335,153,1488,0.1388
1339,153,1492,0.1388
1326,155,1481,0.1388
1339,152,1491,0.1388
1333,153,1486,0.1388
1335,154,1489,0.1388
1346,156,1502,0.1388
1348,158,1506,0.1388
1344,154,1498,0.1388
1330,156,1486,0.1388
1331,155,1486,0.1388
1341,155,1496,0.1388
1346,160,1506,0.1388
1342,158,1500,0.1388
1345,158,1503,0.1388
1346,154,1500,0.1388
1336,154,1490,0.1388
1327,155,1482,0.1388
1324,155,1479,0.1388
1332,156,1488,0.1388
1348,155,1503,0.1388
1345,158,1503,0.1388
1344,158,1502,0.1388
1350,156,1506,0.1388
1352,158,1510,0.1388
1356,153,1509,0.1388
1350,154,1504,0.1388
1338,149,1487,0.1388
1340,153,1493,0.1388
1341,155,1496,0.1388
1331,159,1490,0.1388
1339,161,1500,0.1388
1330,162,1492,0.1388
1331,160,1491,0.1388
1325,163,1488,0.1388
1318,161,1479,0.1388
1321,162,1483,0.1388
1326,161,1487,0.1388
1335,160,1495,0.1388
1336,157,1493,0.1388
1327,154,1481,0.1388
1326,154,1480,0.1388
1320,152,1472,0.1388
1335,155,1490,0.1388
1339,159,1498,0.1388
1337,160,1497,0.1388
1333,163,1496,0.1388
1333,164,1497,0.1388
1335,161,1496,0.1388
1328,158,1486,0.1388
1326,160,1486,0.1388
1335,161,1496,0.1388
1340,159,1499,0.1388
1349,154,1503,0.1388
1345,159,1504,0.1388
1353,165,1518,0.1388
1342,165,1507,0.1388
1333,163,1496,0.1388
1321,160,1481,0.1388
1330,160,1490,0.1388
1316,159,1475,0.1388
1318,161,1479,0.1388
1329,158,1487,0.1388
1335,162,1497,0.1388
1331,160,1491,0.1388
1321,163,1484,0.1388
1322,162,1484,0.1388
1336,165,1501,0.1388
1342,165,1507,0.1388
1333,163,1496,0.1388
1333,166,1499,0.1388
1330,164,1494,0.1388
1323,164,1487,0.1388
1329,168,1497,0.1388
1333,168,1501,0.1388
1323,164,1487,0.1388
1325,169,1494,0.1388
1326,168,1494,0.1388
1330,168,1498,0.1388
1332,166,1498,0.1388
1332,170,1502,0.1388
1328,174,1502,0.1388
1325,173,1498,0.1388
1331,171,1502,0.1388
1323,176,1499,0.1388
1339,176,1515,0.1388
1338,173,1511,0.1388
1351,170,1521,0.1388
1336,170,1506,0.1388
1325,173,1498,0.1388
1332,172,1504,0.1388
1334,173,1507,0.1388
1333,170,1503,0.1388
1331,167,1498,0.1388
1334,166,1500,0.1388
1340,168,1508,0.1388
1328,163,1491,0.1388
1330,159,1489,0.1388
1325,159,1484,0.1388
1324,163,1487,0.1388
1318,171,1489,0.1388
1323,177,1500,0.1388
1332,175,1507,0.1388
1329,173,1502,0.1388
1328,175,1503,0.1388
1321,173,1494,0.1388
1319,178,1497,0.1388
1313,184,1497,0.1388
1315,182,1497,0.1388
1308,184,1492,0.1388
1312,181,1493,0.1388
1313,183,1496,0.1388
1308,186,1494,0.1388
1308,187,1495,0.1388
1308,191,1499,0.1388
1299,191,1490,0.1388
1310,187,1497,0.1388
1313,195,1508,0.1388
1310,192,1502,0.1388
1306,194,1500,0.1388
1306,191,1497,0.1388
1309,188,1497,0.1388
1314,191,1505,0.1388
1319,191,1510,0.1388
1314,195,1509,0.1388
1317,197,1514,0.1388
1296,201,1497,0.1388
1301,199,1500,0.1388
1303,195,1498,0.1388
1292,191,1483,0.1388
1285,196,1481,0.1388
1280,196,1476,0.1388
1302,195,1497,0.1388
1307,195,1502,0.1388
1302,195,1497,0.1388
1301,191,1492,0.1388
1294,189,1483,0.1388
1299,191,1490,0.1388
1301,199,1500,0.1388
1304,200,1504,0.1388
1307,200,1507,0.1388
1301,199,1500,0.1388
1306,200,1506,0.1388
1298,198,1496,0.1388
1295,207,1502,0.1388
1289,212,1501,0.1388
1291,216,1507,0.1388
1276,215,1491,0.1388
1280,217,1497,0.1388
1277,219,1496,0.1388
1274,218,1492,0.1388
1296,213,1509,0.1388
1288,218,1506,0.1388
1294,217,1511,0.1388
1285,217,1502,0.1388
1280,212,1492,0.1388
1273,214,1487,0.1388
1282,226,1508,0.1388
1274,228,1502,0.1388
1260,229,1489,0.1388
1263,230,1493,0.1388
1254,238,1492,0.1388
1262,240,1502,0.1388
1256,235,1491,0.1388
1251,239,1490,0.1388
1262,241,1503,0.1388
1256,242,1498,0.1388
1252,245,1497,0.1388
1265,243,1508,0.1388
1268,238,1506,0.1388
1263,241,1504,0.1388
1270,243,1513,0.1388
1273,242,1515,0.1388
1261,243,1504,0.1388
1269,240,1509,0.1388
1265,245,1510,0.1388
1259,251,1510,0.1388
1247,251,1498,0.1388
1242,252,1494,0.1388
1241,258,1499,0.1388
1235,254,1489,0.1388
1230,252,1482,0.1388
1233,247,1480,0.1388
1230,253,1483,0.1388
1229,256,1485,0.1388
1226,259,1485,0.1388
1220,266,1486,0.1388
1227,262,1489,0.1388
1224,260,1484,0.1388
1225,260,1485,0.1388
1237,261,1498,0.1388
1244,260,1504,0.1388
1249,259,1508,0.1388
1238,257,1495,0.1388
1239,257,1496,0.1388
1236,258,1494,0.1388
1242,257,1499,0.1388
1241,261,1502,0.1388
1238,261,1499,0.1388
1248,261,1509,0.1388
1247,257,1504,0.1388
1246,259,1505,0.1388
1246,255,1501,0.1388
1237,262,1499,0.1388
1234,256,1490,0.1388
1219,259,1478,0.1388
1226,265,1491,0.1388
1246,266,1512,0.1388
1249,264,1513,0.1388
1240,268,1508,0.1388
1230,270,1500,0.1388
1236,269,1505,0.1388
1233,268,1501,0.1388
1234,269,1503,0.1388
1234,265,1499,0.1388
1241,262,1503,0.1388
1230,262,1492,0.1388
1225,265,1490,0.1388
1231,270,1501,0.1388
1223,270,1493,0.1388
1217,277,1494,0.1388
1212,279,1491,0.1388
1222,284,1506,0.1388
1214,281,1495,0.1388
1216,275,1491,0.1388
1224,280,1504,0.1388
1226,280,1506,0.1388
1213,277,1490,0.1388
1224,280,1504,0.1388
1211,279,1490,0.1388
1207,282,1489,0.1388
1214,285,1499,0.1388
1215,283,1498,0.1388
1209,284,1493,0.1388
1201,284,1485,0.1388
1205,282,1487,0.1388
1206,288,1494,0.1388
1208,295,1503,0.1388
1215,299,1514,0.1388
1212,304,1516,0.1388
1198,304,1502,0.1388
1196,305,1501,0.1388
1196,302,1498,0.1388
1196,307,1503,0.1388
1193,311,1504,0.1388
1182,307,1489,0.1388
1185,306,1491,0.1388
1177,316,1493,0.1388
1189,318,1507,0.1388
1192,321,1513,0.1388
1178,324,1502,0.1388
1170,325,1495,0.1388
1171,319,1490,0.1388
1166,322,1488,0.1388
1171,318,1489,0.1388
1170,326,1496,0.1388
1163,330,1493,0.1388
1160,326,1486,0.1388
1164,331,1495,0.1388
1161,333,1494,0.1388
1161,338,1499,0.1388
1154,345,1499,0.1388
1139,342,1481,0.1388
1145,349,1494,0.1388
1151,344,1495,0.1388
1153,351,1504,0.1388
1146,349,1495,0.1388
1145,357,1502,0.1388
1154,354,1508,0.1388
1164,356,1520,0.1388
1150,354,1504,0.1388
1149,353,1502,0.1388
1148,357,1505,0.1388
1147,349,1496,0.1388
1148,354,1502,0.1388
1157,355,1512,0.1388
1141,360,1501,0.1388
1136,360,1496,0.1388
1141,355,1496,0.1388
1147,361,1508,0.1388
1145,359,1504,0.1388
1139,359,1498,0.1388
1152,356,1508,0.1388
1152,349,1501,0.1388
1141,350,1491,0.1388
1142,356,1498,0.1388
1142,353,1495,0.1388
1142,353,1495,0.1388
1121,357,1478,0.1388
1130,359,1489,0.1388
1134,365,1499,0.1388
1122,369,1491,0.1388
1124,363,1487,0.1388
1127,354,1481,0.1388
1139,357,1496,0.1388
1130,363,1493,0.1388
1132,372,1504,0.1388
1133,369,1502,0.1388
1120,365,1485,0.1388
1124,368,1492,0.1388
1129,371,1500,0.1388
1134,374,1508,0.1388
1126,368,1494,0.1388
1131,372,1503,0.1388
1126,374,1500,0.1388
1119,374,1493,0.1388
1114,372,1486,0.1388
1118,380,1498,0.1388
1114,383,1497,0.1388
1118,379,1497,0.1388
1136,377,1513,0.1388
1131,385,1516,0.1388
1114,391,1505,0.1388
1112,390,1502,0.1388
1116,386,1502,0.1388
1112,384,1496,0.1388
1112,385,1497,0.1388
1103,383,1486,0.1388
1112,377,1489,0.1388
1120,380,1500,0.1388
1122,383,1505,0.1388
1136,367,1503,0.1388
1125,369,1494,0.1388
1131,371,1502,0.1388
1129,375,1504,0.1388
1137,371,1508,0.1388
1112,367,1479,0.1388
1120,372,1492,0.1388
1120,380,1500,0.1388
1130,376,1506,0.1388
1124,384,1508,0.1388
1125,379,1504,0.1388
1120,379,1499,0.1388
1117,381,1498,0.1388
1113,377,1490,0.1388
1118,381,1499,0.1388
1122,383,1505,0.1388
1118,385,1503,0.1388
1120,394,1514,0.1388
1122,397,1519,0.1388
1121,393,1514,0.1388
1113,381,1494,0.1388
1111,389,1500,0.1388
1119,384,1503,0.1388
1116,386,1502,0.1388
1116,394,1510,0.1388
1116,386,1502,0.1388
1119,389,1508,0.1388
1117,382,1499,0.1388
1107,393,1500,0.1388
1109,396,1505,0.1388
1106,395,1501,0.1388
1100,385,1485,0.1388
1097,392,1489,0.1388
1106,389,1495,0.1388
1096,391,1487,0.1388
1097,395,1492,0.1388
1091,396,1487,0.1388
1083,402,1485,0.1388
1085,396,1481,0.1388
1090,397,1487,0.1388
1086,401,1487,0.1388
1084,401,1485,0.1388
1082,406,1488,0.1388
1084,407,1491,0.1388
1077,414,1491,0.1388
1074,412,1486,0.1388
1080,422,1502,0.1388
1078,420,1498,0.1388
1079,419,1498,0.1388
1076,414,1490,0.1388
1071,416,1487,0.1388
1063,417,1480,0.1388
1079,412,1491,0.1388
1087,411,1498,0.1388
1091,409,1500,0.1388
1091,418,1509,0.1388
1084,424,1508,0.1388
1082,423,1505,0.1388
1077,424,1501,0.1388
1071,422,1493,0.1388
1077,431,1508,0.1388
1078,426,1504,0.1388
1075,423,1498,0.1388
1067,429,1496,0.1388
1065,427,1492,0.1388
1067,426,1493,0.1388
1080,430,1510,0.1388
1073,430,1503,0.1388
1075,433,1508,0.1388
1070,436,1506,0.1388
1065,441,1506,0.1388
1057,436,1493,0.1388
1062,437,1499,0.1388
1071,434,1505,0.1388
1068,438,1506,0.1388
1066,439,1505,0.1388
1064,436,1500,0.1388
1067,438,1505,0.1388
1052,441,1493,0.1388
1054,443,1497,0.1388
1051,445,1496,0.1388
1045,446,1491,0.1388
1038,444,1482,0.1388
1043,455,1498,0.1388
1031,447,1478,0.1388
1035,457,1492,0.1388
1042,460,1502,0.1388
1046,453,1499,0.1388
1044,445,1489,0.1388
1048,445,1493,0.1388
1050,448,1498,0.1388
1051,451,1502,0.1388
1050,455,1505,0.1388
1054,456,1510,0.1388
1055,466,1521,0.1388
1047,460,1507,0.1388
1052,463,1515,0.1388
1036,466,1502,0.1388
1023,465,1488,0.1388
1019,464,1483,0.1388
1022,464,1486,0.1388
1006,472,1478,0.1388
1011,471,1482,0.1388
1005,471,1476,0.1388
1010,467,1477,0.1388
1013,469,1482,0.1388
1017,466,1483,0.1388
1022,463,1485,0.1388
1027,465,1492,0.1388
1033,466,1499,0.1388
1030,463,1493,0.1388
1034,470,1504,0.1388
1043,466,1509,0.1388
1027,475,1502,0.1388
1033,478,1511,0.1388
1023,476,1499,0.1388
1028,486,1514,0.1388
1033,486,1519,0.1388
1027,484,1511,0.1388
1010,489,1499,0.1388
1014,496,1510,0.1388
1013,496,1509,0.1388
1018,496,1514,0.1388
1015,500,1515,0.1388
1004,492,1496,0.1388
1016,490,1506,0.1388
1015,483,1498,0.1388
1007,484,1491,0.1388
1012,486,1498,0.1388
1016,495,1511,0.1388
1018,496,1514,0.1388
1022,499,1521,0.1388
1023,499,1522,0.1388
1015,503,1518,0.1388
1013,495,1508,0.1388
1007,497,1504,0.1388
1011,497,1508,0.1388
1014,492,1506,0.1388
1013,492,1505,0.1388
997,504,1501,0.1388
997,499,1496,0.1388
998,499,1497,0.1388
997,502,1499,0.1388
1005,503,1508,0.1388
999,499,1498,0.1388
1004,505,1509,0.1388
1008,503,1511,0.1388
1004,501,1505,0.1388
1001,501,1502,0.1388
1001,506,1507,0.1388
1006,507,1513,0.1388
1009,507,1516,0.1388
1006,513,1519,0.1388
1002,509,1511,0.1388
992,508,1500,0.1388
1002,501,1503,0.1388
998,507,1505,0.1388
994,506,1500,0.1388
984,503,1487,0.1388
984,500,1484,0.1388
984,511,1495,0.1388
990,516,1506,0.1388
991,511,1502,0.1388
976,511,1487,0.1388
972,523,1495,0.1388
966,525,1491,0.1388
968,532,1500,0.1388
973,534,1507,0.1388
978,530,1508,0.1388
977,526,1503,0.1388
976,527,1503,0.1388
972,527,1499,0.1388
965,535,1500,0.1388
965,537,1502,0.1388
969,531,1500,0.1388
982,534,1516,0.1388
974,534,1508,0.1388
970,527,1497,0.1388
961,530,1491,0.1388
955,526,1481,0.1388
945,528,1473,0.1388
956,530,1486,0.1388
969,534,1503,0.1388
973,533,1506,0.1388
970,541,1511,0.1388
979,539,1518,0.1388
980,533,1513,0.1388
981,525,1506,0.1388
981,524,1505,0.1388
984,525,1509,0.1388
983,525,1508,0.1388
981,526,1507,0.1388
982,525,1507,0.1388
998,521,1519,0.1388
998,522,1520,0.1388
988,520,1508,0.1388
986,524,1510,0.1388
982,526,1508,0.1388
990,527,1517,0.1388
992,528,1520,0.1388
993,523,1516,0.1388
981,520,1501,0.1388
983,519,1502,0.1388
982,513,1495,0.1388
980,521,1501,0.1388
976,524,1500,0.1388
978,525,1503,0.1388
982,528,1510,0.1388
987,523,1510,0.1388
980,522,1502,0.1388
982,513,1495,0.1388
975,513,1488,0.1388
978,509,1487,0.1388
981,510,1491,0.1388
976,503,1479,0.1388
975,512,1487,0.1388
964,519,1483,0.1388
961,527,1488,0.1388
958,536,1494,0.1388
953,535,1488,0.1388
955,544,1499,0.1388
950,537,1487,0.1388
949,544,1493,0.1388
955,542,1497,0.1388
953,540,1493,0.1388
945,550,1495,0.1388
957,556,1513,0.1388
950,555,1505,0.1388
951,556,1507,0.1388
964,554,1518,0.1388
966,551,1517,0.1388
946,558,1504,0.1388
954,557,1511,0.1388
954,547,1501,0.1388
951,553,1504,0.1388
952,560,1512,0.1388
961,563,1524,0.1388
960,565,1525,0.1388
951,561,1512,0.1388
947,561,1508,0.1388
944,563,1507,0.1388
941,563,1504,0.1388
937,562,1499,0.1388
931,566,1497,0.1388
934,563,1497,0.1388
938,574,1512,0.1388
936,571,1507,0.1388
933,572,1505,0.1388
933,570,1503,0.1388
924,568,1492,0.1388
917,575,1492,0.1388
926,581,1507,0.1388
911,586,1497,0.1388
914,582,1496,0.1388
924,577,1501,0.1388
937,577,1514,0.1388
932,580,1512,0.1388
931,584,1515,0.1388
925,582,1507,0.1388
919,581,1500,0.1388
921,587,1508,0.1388
918,586,1504,0.1388
907,592,1499,0.1388
904,588,1492,0.1388
903,586,1489,0.1388
906,582,1488,0.1388
910,591,1501,0.1388
916,588,1504,0.1388
915,588,1503,0.1388
914,589,1503,0.1388
912,579,1491,0.1388
916,582,1498,0.1388
915,588,1503,0.1388
909,586,1495,0.1388
922,573,1495,0.1388
920,576,1496,0.1388
914,580,1494,0.1388
920,580,1500,0.1388
919,576,1495,0.1388
912,578,1490,0.1388
911,573,1484,0.1388
918,582,1500,0.1388
917,580,1497,0.1388
914,579,1493,0.1388
915,590,1505,0.1388
915,596,1511,0.1388
906,602,1508,0.1388
915,604,1519,0.1388
903,605,1508,0.1388
895,597,1492,0.1388
894,599,1493,0.1388
896,601,1497,0.1388
901,602,1503,0.1388
900,600,1500,0.1388
901,602,1503,0.1388
905,607,1512,0.1388
904,611,1515,0.1388
908,607,1515,0.1388
911,602,1513,0.1388
906,605,1511,0.1388
905,611,1516,0.1388
909,619,1528,0.1388
906,619,1525,0.1388
902,620,1522,0.1388
901,618,1519,0.1388
895,614,1509,0.1388
889,621,1510,0.1388
878,622,1500,0.1388
873,620,1493,0.1388
868,626,1494,0.1388
878,622,1500,0.1388
863,629,1492,0.1388
875,623,1498,0.1388
884,624,1508,0.1388
889,624,1513,0.1388
896,617,1513,0.1388
899,617,1516,0.1388
885,623,1508,0.1388
872,637,1509,0.1388
877,637,1514,0.1388
870,629,1499,0.1388
870,634,1504,0.1388
871,630,1501,0.1388
873,630,1503,0.1388
860,629,1489,0.1388
856,633,1489,0.1388
856,646,1502,0.1388
856,652,1508,0.1388
860,648,1508,0.1388
855,638,1493,0.1388
852,637,1489,0.1388
840,635,1475,0.1388
862,637,1499,0.1388
860,640,1500,0.1388
859,645,1504,0.1388
860,646,1506,0.1388
850,644,1494,0.1388
850,641,1491,0.1388
861,643,1504,0.1388
858,649,1507,0.1388
856,654,1510,0.1388
845,643,1488,0.1388
841,650,1491,0.1388
849,661,1510,0.1388
849,658,1507,0.1388
854,651,1505,0.1388
845,663,1508,0.1388
851,664,1515,0.1388
843,665,1508,0.1388
839,665,1504,0.1388
840,657,1497,0.1388
844,669,1513,0.1388
830,674,1504,0.1388
822,678,1500,0.1388
829,676,1505,0.1388
818,682,1500,0.1388
817,685,1502,0.1388
818,676,1494,0.1388
817,681,1498,0.1388
820,685,1505,0.1388
821,681,1502,0.1388
827,685,1512,0.1388
829,685,1514,0.1388
824,689,1513,0.1388
811,696,1507,0.1388
815,688,1503,0.1388
820,687,1507,0.1388
816,694,1510,0.1388
814,690,1504,0.1388
808,682,1490,0.1388
816,677,1493,0.1388
818,677,1495,0.1388
811,674,1485,0.1388
812,670,1482,0.1388
815,669,1484,0.1388
812,675,1487,0.1388
808,683,1491,0.1388
812,685,1497,0.1388
816,691,1507,0.1388
814,683,1497,0.1388
816,679,1495,0.1388
822,684,1506,0.1388
822,685,1507,0.1388
827,686,1513,0.1388
840,689,1529,0.1388
830,691,1521,0.1388
829,675,1504,0.1388
833,672,1505,0.1388
831,676,1507,0.1388
827,676,1503,0.1388
830,671,1501,0.1388
829,672,1501,0.1388
824,683,1507,0.1388
816,696,1512,0.1388
824,698,1522,0.1388
812,697,1509,0.1388
823,698,1521,0.1388
822,693,1515,0.1388
822,684,1506,0.1388
823,684,1507,0.1388
821,688,1509,0.1388
819,685,1504,0.1388
817,686,1503,0.1388
821,683,1504,0.1388
828,680,1508,0.1388
818,684,1502,0.1388
815,685,1500,0.1388
806,691,1497,0.1388
811,683,1494,0.1388
804,680,1484,0.1388
803,698,1501,0.1388
806,696,1502,0.1388
795,705,1500,0.1388
793,709,1502,0.1388
798,700,1498,0.1388
794,706,1500,0.1388
782,713,1495,0.1388
782,710,1492,0.1388
784,715,1499,0.1388
768,712,1480,0.1388
769,719,1488,0.1388
774,721,1495,0.1388
773,717,1490,0.1388
776,719,1495,0.1388
781,720,1501,0.1388
778,726,1504,0.1388
780,727,1507,0.1388
783,725,1508,0.1388
775,728,1503,0.1388
774,736,1510,0.1388
771,735,1506,0.1388
767,733,1500,0.1388
762,737,1499,0.1388
763,731,1494,0.1388
763,735,1498,0.1388
769,734,1503,0.1388
767,725,1492,0.1388
765,740,1505,0.1388
756,737,1493,0.1388
756,741,1497,0.1388
749,745,1494,0.1388
748,745,1493,0.1388
745,750,1495,0.1388
747,752,1499,0.1388
749,753,1502,0.1388
759,747,1506,0.1388
757,758,1515,0.1388
747,763,1510,0.1388
733,770,1503,0.1388
731,764,1495,0.1388
731,760,1491,0.1388
732,770,1502,0.1388
725,770,1495,0.1388
732,765,1497,0.1388
743,765,1508,0.1388
747,753,1500,0.1388
740,767,1507,0.1388
735,767,1502,0.1388
732,761,1493,0.1388
747,762,1509,0.1388
738,761,1499,0.1388
749,761,1510,0.1388
749,767,1516,0.1388
739,763,1502,0.1388
746,763,1509,0.1388
753,766,1519,0.1388
751,767,1518,0.1388
747,772,1519,0.1388
743,771,1514,0.1388
740,762,1502,0.1388
738,761,1499,0.1388
738,765,1503,0.1388
733,777,1510,0.1388
730,769,1499,0.1388
737,765,1502,0.1388
736,759,1495,0.1388
730,767,1497,0.1388
736,777,1513,0.1388
733,774,1507,0.1388
744,785,1529,0.1388
741,780,1521,0.1388
732,779,1511,0.1388
728,778,1506,0.1388
730,785,1515,0.1388
732,776,1508,0.1388
724,779,1503,0.1388
725,774,1499,0.1388
725,767,1492,0.1388
723,779,1502,0.1388
726,783,1509,0.1388
728,785,1513,0.1388
723,786,1509,0.1388
727,792,1519,0.1388
727,798,1525,0.1388
718,805,1523,0.1388
712,802,1514,0.1388
707,804,1511,0.1388
708,808,1516,0.1388
706,806,1512,0.1388
701,795,1496,0.1388
708,797,1505,0.1388
697,786,1483,0.1388
698,791,1489,0.1388
702,798,1500,0.1388
702,804,1506,0.1388
701,809,1510,0.1388
706,810,1516,0.1388
703,803,1506,0.1388
694,802,1496,0.1388
700,800,1500,0.1388
704,808,1512,0.1388
695,812,1507,0.1388
692,808,1500,0.1388
690,816,1506,0.1388
694,817,1511,0.1388
686,811,1497,0.1388
684,812,1496,0.1388
678,808,1486,0.1388
689,811,1500,0.1388
688,796,1484,0.1388
690,799,1489,0.1388
691,806,1497,0.1388
692,807,1499,0.1388
684,814,1498,0.1388
683,820,1503,0.1388
683,819,1502,0.1388
682,826,1508,0.1388
682,824,1506,0.1388
681,831,1512,0.1388
694,837,1531,0.1388
698,829,1527,0.1388
686,836,1522,0.1388
689,833,1522,0.1388
687,829,1516,0.1388
678,822,1500,0.1388
676,814,1490,0.1388
671,829,1500,0.1388
652,833,1485,0.1388
656,825,1481,0.1388
662,830,1492,0.1388
660,844,1504,0.1388
660,839,1499,0.1388
665,850,1515,0.1388
658,844,1502,0.1388
648,851,1499,0.1388
650,838,1488,0.1388
653,845,1498,0.1388
651,846,1497,0.1388
650,852,1502,0.1388
642,850,1492,0.1388
642,851,1493,0.1388
632,861,1493,0.1388
643,862,1505,0.1388
644,857,1501,0.1388
635,860,1495,0.1388
629,860,1489,0.1388
636,866,1502,0.1388
620,859,1479,0.1388
628,869,1497,0.1388
627,874,1501,0.1388
628,869,1497,0.1388
633,884,1517,0.1388
633,887,1520,0.1388
629,881,1510,0.1388
641,887,1528,0.1388
643,883,1526,0.1388
639,869,1508,0.1388
638,872,1510,0.1388
638,869,1507,0.1388
642,871,1513,0.1388
634,881,1515,0.1388
638,879,1517,0.1388
636,876,1512,0.1388
631,877,1508,0.1388
629,894,1523,0.1388
631,880,1511,0.1388
631,869,1500,0.1388
638,872,1510,0.1388
640,888,1528,0.1388
645,888,1533,0.1388
642,886,1528,0.1388
629,883,1512,0.1388
635,875,1510,0.1388
635,868,1503,0.1388
637,878,1515,0.1388
626,881,1507,0.1388
623,878,1501,0.1388
624,873,1497,0.1388
629,886,1515,0.1388
625,876,1501,0.1388
623,870,1493,0.1388
626,880,1506,0.1388
619,882,1501,0.1388
619,882,1501,0.1388
627,870,1497,0.1388
634,869,1503,0.1388
633,876,1509,0.1388
631,891,1522,0.1388
630,890,1520,0.1388
627,888,1515,0.1388
633,874,1507,0.1388
631,889,1520,0.1388
618,885,1503,0.1388
616,886,1502,0.1388
619,891,1510,0.1388
616,875,1491,0.1388
614,880,1494,0.1388
620,871,1491,0.1388
626,887,1513,0.1388
627,888,1515,0.1388
626,887,1513,0.1388
618,896,1514,0.1388
616,886,1502,0.1388
621,893,1514,0.1388
628,896,1524,0.1388
619,909,1528,0.1388
614,901,1515,0.1388
613,885,1498,0.1388
612,880,1492,0.1388
616,886,1502,0.1388
616,882,1498,0.1388
614,888,1502,0.1388
608,901,1509,0.1388
610,904,1514,0.1388
594,909,1503,0.1388
585,917,1502,0.1388
592,909,1501,0.1388
599,906,1505,0.1388
596,916,1512,0.1388
588,914,1502,0.1388
585,916,1501,0.1388
586,922,1508,0.1388
593,919,1512,0.1388
588,916,1504,0.1388
584,914,1498,0.1388
591,922,1513,0.1388
592,925,1517,0.1388
600,932,1532,0.1388
595,927,1522,0.1388
591,928,1519,0.1388
587,932,1519,0.1388
576,936,1512,0.1388
583,935,1518,0.1388
586,929,1515,0.1388
580,933,1513,0.1388
577,918,1495,0.1388
581,926,1507,0.1388
578,924,1502,0.1388
580,931,1511,0.1388
578,932,1510,0.1388
572,925,1497,0.1388
584,924,1508,0.1388
586,925,1511,0.1388
580,929,1509,0.1388
586,939,1525,0.1388
589,940,1529,0.1388
586,936,1522,0.1388
589,939,1528,0.1388
583,939,1522,0.1388
576,934,1510,0.1388
572,930,1502,0.1388
579,924,1503,0.1388
569,927,1496,0.1388
570,930,1500,0.1388
574,930,1504,0.1388
572,936,1508,0.1388
570,927,1497,0.1388
564,926,1490,0.1388
566,936,1502,0.1388
565,932,1497,0.1388
564,935,1499,0.1388
565,942,1507,0.1388
564,941,1505,0.1388
568,938,1506,0.1388
574,943,1517,0.1388
566,928,1494,0.1388
569,936,1505,0.1388
562,936,1498,0.1388
560,935,1495,0.1388
558,950,1508,0.1388
553,958,1511,0.1388
556,961,1517,0.1388
550,954,1504,0.1388
544,959,1503,0.1388
540,958,1498,0.1388
549,963,1512,0.1388
549,970,1519,0.1388
553,961,1514,0.1388
553,968,1521,0.1388
553,969,1522,0.1388
544,978,1522,0.1388
537,979,1516,0.1388
537,989,1526,0.1388
542,990,1532,0.1388
532,983,1515,0.1388
524,986,1510,0.1388
516,983,1499,0.1388
513,985,1498,0.1388
518,986,1504,0.1388
525,999,1524,0.1388
529,996,1525,0.1388
529,989,1518,0.1388
527,984,1511,0.1388
513,982,1495,0.1388
512,977,1489,0.1388
516,988,1504,0.1388
516,980,1496,0.1388
508,984,1492,0.1388
513,995,1508,0.1388
510,995,1505,0.1388
508,993,1501,0.1388
506,998,1504,0.1388
505,999,1504,0.1388
506,994,1500,0.1388
503,1006,1509,0.1388
500,1009,1509,0.1388
499,1011,1510,0.1388
496,1014,1510,0.1388
492,1018,1510,0.1388
494,1010,1504,0.1388
495,1009,1504,0.1388
489,1015,1504,0.1388
491,1013,1504,0.1388
487,1019,1506,0.1388
492,1016,1508,0.1388
490,1023,1513,0.1388
488,1012,1500,0.1388
483,1023,1506,0.1388
485,1034,1519,0.1388
478,1035,1513,0.1388
478,1031,1509,0.1388
471,1036,1507,0.1388
471,1027,1498,0.1388
474,1024,1498,0.1388
466,1033,1499,0.1388
461,1035,1496,0.1388
463,1037,1500,0.1388
461,1047,1508,0.1388
464,1050,1514,0.1388
459,1051,1510,0.1388
460,1046,1506,0.1388
461,1047,1508,0.1388
470,1035,1505,0.1388
470,1045,1515,0.1388
471,1051,1522,0.1388
464,1047,1511,0.1388
461,1059,1520,0.1388
454,1059,1513,0.1388
455,1047,1502,0.1388
456,1052,1508,0.1388
455,1056,1511,0.1388
445,1057,1502,0.1388
445,1051,1496,0.1388
445,1057,1502,0.1388
440,1057,1497,0.1388
434,1058,1492,0.1388
434,1058,1492,0.1388
430,1076,1506,0.1388
437,1079,1516,0.1388
443,1072,1515,0.1388
436,1062,1498,0.1388
436,1066,1502,0.1388
434,1062,1496,0.1388
437,1066,1503,0.1388
438,1071,1509,0.1388
431,1080,1511,0.1388
424,1092,1516,0.1388
420,1090,1510,0.1388
421,1091,1512,0.1388
423,1088,1511,0.1388
419,1086,1505,0.1388
413,1079,1492,0.1388
414,1084,1498,0.1388
415,1080,1495,0.1388
410,1097,1507,0.1388
406,1090,1496,0.1388
410,1091,1501,0.1388
401,1101,1502,0.1388
407,1113,1520,0.1388
406,1114,1520,0.1388
411,1109,1520,0.1388
406,1100,1506,0.1388
400,1092,1492,0.1388
403,1081,1484,0.1388
397,1091,1488,0.1388
389,1088,1477,0.1388
389,1094,1483,0.1388
399,1098,1497,0.1388
405,1094,1499,0.1388
405,1103,1508,0.1388
402,1112,1514,0.1388
401,1101,1502,0.1388
408,1115,1523,0.1388
410,1117,1527,0.1388
408,1108,1516,0.1388
400,1111,1511,0.1388
401,1111,1512,0.1388
407,1111,1518,0.1388
399,1119,1518,0.1388
404,1121,1525,0.1388
396,1120,1516,0.1388
395,1119,1514,0.1388
396,1109,1505,0.1388
406,1112,1518,0.1388
402,1111,1513,0.1388
403,1107,1510,0.1388
397,1109,1506,0.1388
394,1121,1515,0.1388
398,1118,1516,0.1388
397,1123,1520,0.1388
393,1127,1520,0.1388
397,1137,1534,0.1388
397,1133,1530,0.1388
387,1128,1515,0.1388
384,1123,1507,0.1388
378,1119,1497,0.1388
379,1134,1513,0.1388
376,1130,1506,0.1388
376,1133,1509,0.1388
375,1138,1513,0.1388
379,1138,1517,0.1388
370,1142,1512,0.1388
369,1143,1512,0.1388
372,1134,1506,0.1388
374,1137,1511,0.1388
375,1144,1519,0.1388
372,1137,1509,0.1388
369,1138,1507,0.1388
375,1136,1511,0.1388
373,1132,1505,0.1388
370,1131,1501,0.1388
367,1143,1510,0.1388
368,1141,1509,0.1388
362,1153,1515,0.1388
364,1157,1521,0.1388
357,1147,1504,0.1388
357,1144,1501,0.1388
355,1157,1512,0.1388
349,1156,1505,0.1388
350,1157,1507,0.1388
352,1151,1503,0.1388
352,1158,1510,0.1388
349,1164,1513,0.1388
362,1159,1521,0.1388
366,1165,1531,0.1388
367,1164,1531,0.1388
365,1163,1528,0.1388
353,1162,1515,0.1388
351,1170,1521,0.1388
349,1165,1514,0.1388
349,1169,1518,0.1388
347,1173,1520,0.1388
341,1172,1513,0.1388
337,1178,1515,0.1388
341,1179,1520,0.1388
344,1180,1524,0.1388
345,1184,1529,0.1388
344,1167,1511,0.1388
343,1175,1518,0.1388
342,1166,1508,0.1388
338,1158,1496,0.1388
337,1170,1507,0.1388
333,1180,1513,0.1388
340,1185,1525,0.1388
336,1186,1522,0.1388
335,1174,1509,0.1388
329,1175,1504,0.1388
331,1181,1512,0.1388
328,1164,1492,0.1388
325,1166,1491,0.1388
328,1176,1504,0.1388
322,1172,1494,0.1388
317,1182,1499,0.1388
312,1188,1500,0.1388
303,1199,1502,0.1388
309,1186,1495,0.1388
309,1173,1482,0.1388
313,1194,1507,0.1388
308,1202,1510,0.1388
312,1200,1512,0.1388
310,1202,1512,0.1388
310,1214,1524,0.1388
306,1218,1524,0.1388
308,1220,1528,0.1388
303,1200,1503,0.1388
302,1188,1490,0.1388
309,1202,1511,0.1388
308,1200,1508,0.1388
308,1208,1516,0.1388
307,1206,1513,0.1388
305,1203,1508,0.1388
306,1203,1509,0.1388
308,1200,1508,0.1388
300,1201,1501,0.1388
298,1199,1497,0.1388
299,1186,1485,0.1388
304,1199,1503,0.1388
305,1207,1512,0.1388
304,1210,1514,0.1388
303,1211,1514,0.1388
307,1203,1510,0.1388
312,1215,1527,0.1388
311,1205,1516,0.1388
312,1199,1511,0.1388
313,1212,1525,0.1388
303,1210,1513,0.1388
304,1212,1516,0.1388
301,1203,1504,0.1388
306,1204,1510,0.1388
305,1205,1510,0.1388
315,1204,1519,0.1388
310,1213,1523,0.1388
308,1217,1525,0.1388
304,1223,1527,0.1388
299,1225,1524,0.1388
298,1225,1523,0.1388
297,1230,1527,0.1388
298,1239,1537,0.1388
291,1234,1525,0.1388
292,1234,1526,0.1388
293,1243,1536,0.1388
290,1232,1522,0.1388
290,1230,1520,0.1388
288,1229,1517,0.1388
288,1222,1510,0.1388
291,1218,1509,0.1388
286,1221,1507,0.1388
282,1227,1509,0.1388
282,1221,1503,0.1388
282,1237,1519,0.1388
282,1237,1519,0.1388
280,1237,1517,0.1388
281,1247,1528,0.1388
275,1243,1518,0.1388
273,1251,1524,0.1388
275,1242,1517,0.1388
268,1239,1507,0.1388
272,1251,1523,0.1388
271,1249,1520,0.1388
270,1250,1520,0.1388
274,1246,1520,0.1388
272,1259,1531,0.1388
270,1246,1516,0.1388
270,1246,1516,0.1388
270,1241,1511,0.1388
268,1227,1495,0.1388
263,1238,1501,0.1388
267,1226,1493,0.1388
271,1233,1504,0.1388
261,1233,1494,0.1388
258,1243,1501,0.1388
256,1235,1491,0.1388
262,1244,1506,0.1388
262,1252,1514,0.1388
264,1246,1510,0.1388
265,1253,1518,0.1388
259,1257,1516,0.1388
256,1265,1521,0.1388
256,1257,1513,0.1388
252,1254,1506,0.1388
258,1255,1513,0.1388
263,1260,1523,0.1388
264,1259,1523,0.1388
263,1254,1517,0.1388
267,1265,1532,0.1388
270,1265,1535,0.1388
269,1269,1538,0.1388
270,1257,1527,0.1388
266,1252,1518,0.1388
267,1251,1518,0.1388
268,1246,1514,0.1388
261,1238,1499,0.1388
257,1235,1492,0.1388
262,1247,1509,0.1388
260,1241,1501,0.1388
261,1245,1506,0.1388
260,1247,1507,0.1388
263,1235,1498,0.1388
260,1237,1497,0.1388
263,1219,1482,0.1388
264,1227,1491,0.1388
266,1246,1512,0.1388
262,1237,1499,0.1388
259,1242,1501,0.1388
259,1253,1512,0.1388
265,1260,1525,0.1388
265,1250,1515,0.1388
264,1247,1511,0.1388
269,1248,1517,0.1388
266,1246,1512,0.1388
264,1248,1512,0.1388
256,1241,1497,0.1388
260,1238,1498,0.1388
257,1243,1500,0.1388
254,1255,1509,0.1388
251,1252,1503,0.1388
259,1263,1522,0.1388
255,1251,1506,0.1388
261,1245,1506,0.1388
258,1255,1513,0.1388
255,1259,1514,0.1388
250,1256,1506,0.1388
247,1261,1508,0.1388
251,1261,1512,0.1388
252,1261,1513,0.1388
248,1274,1522,0.1388
244,1275,1519,0.1388
244,1259,1503,0.1388
251,1260,1511,0.1388
245,1262,1507,0.1388
242,1271,1513,0.1388
247,1273,1520,0.1388
247,1276,1523,0.1388
241,1275,1516,0.1388
241,1279,1520,0.1388
241,1283,1524,0.1388
239,1279,1518,0.1388
246,1269,1515,0.1388
247,1282,1529,0.1388
241,1277,1518,0.1388
239,1272,1511,0.1388
239,1273,1512,0.1388
238,1273,1511,0.1388
237,1276,1513,0.1388
237,1280,1517,0.1388
240,1277,1517,0.1388
236,1280,1516,0.1388
230,1271,1501,0.1388
227,1282,1509,0.1388
229,1278,1507,0.1388
235,1271,1506,0.1388
235,1272,1507,0.1388
239,1284,1523,0.1388
241,1284,1525,0.1388
238,1279,1517,0.1388
232,1293,1525,0.1388
236,1286,1522,0.1388
232,1266,1498,0.1388
231,1277,1508,0.1388
227,1274,1501,0.1388
221,1289,1510,0.1388
226,1282,1508,0.1388
224,1276,1500,0.1388
230,1286,1516,0.1388
224,1287,1511,0.1388
220,1281,1501,0.1388
222,1291,1513,0.1388
226,1287,1513,0.1388
229,1290,1519,0.1388
222,1296,1518,0.1388
219,1309,1528,0.1388
221,1295,1516,0.1388
223,1291,1514,0.1388
217,1300,1517,0.1388
216,1304,1520,0.1388
213,1299,1512,0.1388
211,1302,1513,0.1388
216,1308,1524,0.1388
214,1305,1519,0.1388
209,1301,1510,0.1388
208,1308,1516,0.1388
207,1306,1513,0.1388
202,1317,1519,0.1388
204,1307,1511,0.1388
205,1308,1513,0.1388
208,1312,1520,0.1388
208,1314,1522,0.1388
203,1324,1527,0.1388
203,1325,1528,0.1388
203,1321,1524,0.1388
198,1314,1512,0.1388
197,1313,1510,0.1388
198,1321,1519,0.1388
195,1316,1511,0.1388
192,1326,1518,0.1388
195,1323,1518,0.1388
196,1325,1521,0.1388
195,1325,1520,0.1388
196,1313,1509,0.1388
197,1321,1518,0.1388
196,1320,1516,0.1388
191,1319,1510,0.1388
188,1316,1504,0.1388
188,1336,1524,0.1388
190,1327,1517,0.1388
189,1328,1517,0.1388
186,1329,1515,0.1388
186,1330,1516,0.1388
183,1333,1516,0.1388
186,1329,1515,0.1388
187,1326,1513,0.1388
184,1325,1509,0.1388
178,1329,1507,0.1388
173,1340,1513,0.1388
177,1332,1509,0.1388
180,1338,1518,0.1388
176,1341,1517,0.1388
177,1340,1517,0.1388
169,1347,1516,0.1388
174,1355,1529,0.1388
173,1342,1515,0.1388
173,1347,1520,0.1388
166,1360,1526,0.1388
164,1350,1514,0.1388
162,1339,1501,0.1388
166,1347,1513,0.1388
168,1344,1512,0.1388
164,1342,1506,0.1388
168,1338,1506,0.1388
168,1342,1510,0.1388
167,1337,1504,0.1388
166,1346,1512,0.1388
164,1346,1510,0.1388
163,1355,1518,0.1388
158,1346,1504,0.1388
158,1345,1503,0.1388
164,1337,1501,0.1388
165,1329,1494,0.1388
166,1334,1500,0.1388
162,1345,1507,0.1388
158,1360,1518,0.1388
158,1356,1514,0.1388
156,1338,1494,0.1388
157,1346,1503,0.1388
159,1352,1511,0.1388
156,1358,1514,0.1388
151,1355,1506,0.1388
146,1354,1500,0.1388
145,1364,1509,0.1388
148,1375,1523,0.1388
149,1379,1528,0.1388
149,1378,1527,0.1388
150,1364,1514,0.1388
153,1370,1523,0.1388
152,1369,1521,0.1388
150,1370,1520,0.1388
148,1377,1525,0.1388
148,1367,1515,0.1388
145,1375,1520,0.1388
145,1387,1532,0.1388
147,1368,1515,0.1388
138,1371,1509,0.1388
136,1374,1510,0.1388
133,1376,1509,0.1388
132,1367,1499,0.1388
131,1379,1510,0.1388
129,1388,1517,0.1388
127,1381,1508,0.1388
126,1387,1513,0.1388
125,1390,1515,0.1388
124,1386,1510,0.1388
120,1384,1504,0.1388
122,1386,1508,0.1388
121,1395,1516,0.1388
122,1388,1510,0.1388
122,1393,1515,0.1388
117,1403,1520,0.1388
119,1391,1510,0.1388
120,1401,1521,0.1388
119,1405,1524,0.1388
117,1393,1510,0.1388
114,1401,1515,0.1388
116,1397,1513,0.1388
118,1402,1520,0.1388
119,1396,1515,0.1388
116,1395,1511,0.1388
117,1400,1517,0.1388
116,1413,1529,0.1388
115,1409,1524,0.1388
116,1396,1512,0.1388
117,1400,1517,0.1388
117,1404,1521,0.1388
115,1398,1513,0.1388
119,1394,1513,0.1388
119,1384,1503,0.1388
121,1395,1516,0.1388
121,1396,1517,0.1388
123,1402,1525,0.1388
121,1392,1513,0.1388
115,1395,1510,0.1388
115,1398,1513,0.1388
113,1403,1516,0.1388
113,1400,1513,0.1388
114,1402,1516,0.1388
114,1412,1526,0.1388
114,1424,1538,0.1388
114,1416,1530,0.1388
116,1407,1523,0.1388
118,1401,1519,0.1388
117,1395,1512,0.1388
119,1403,1522,0.1388
115,1411,1526,0.1388
116,1402,1518,0.1388
115,1402,1517,0.1388
116,1410,1526,0.1388
116,1405,1521,0.1388
117,1393,1510,0.1388
115,1393,1508,0.1388
115,1390,1505,0.1388
118,1399,1517,0.1388
118,1400,1518,0.1388
115,1389,1504,0.1388
112,1396,1508,0.1388
114,1397,1511,0.1388
115,1388,1503,0.1388
118,1379,1497,0.1388
117,1384,1501,0.1388
119,1380,1499,0.1388
121,1387,1508,0.1388
118,1399,1517,0.1388
117,1400,1517,0.1388
117,1402,1519,0.1388
117,1400,1517,0.1388
113,1395,1508,0.1388
113,1400,1513,0.1388
115,1393,1508,0.1388
116,1392,1508,0.1388
114,1389,1503,0.1388
118,1402,1520,0.1388
116,1396,1512,0.1388
119,1397,1516,0.1388
120,1394,1514,0.1388
120,1399,1519,0.1388
121,1400,1521,0.1388
123,1402,1525,0.1388
126,1401,1527,0.1388
124,1405,1529,0.1388
122,1406,1528,0.1388
120,1407,1527,0.1388
123,1399,1522,0.1388
125,1392,1517,0.1388
123,1399,1522,0.1388
124,1405,1529,0.1388
125,1392,1517,0.1388
120,1399,1519,0.1388
119,1396,1515,0.1388
119,1395,1514,0.1388
118,1395,1513,0.1388
119,1399,1518,0.1388
118,1406,1524,0.1388
118,1400,1518,0.1388
116,1403,1519,0.1388
115,1388,1503,0.1388
116,1380,1496,0.1388
122,1388,1510,0.1388
118,1409,1527,0.1388
118,1398,1516,0.1388
118,1409,1527,0.1388
122,1393,1515,0.1388
123,1398,1521,0.1388
122,1395,1517,0.1388
116,1397,1513,0.1388
116,1393,1509,0.1388
114,1396,1510,0.1388
114,1400,1514,0.1388
113,1407,1520,0.1388
115,1390,1505,0.1388
116,1398,1514,0.1388
113,1397,1510,0.1388
112,1407,1519,0.1388
113,1407,1520,0.1388
114,1412,1526,0.1388
115,1403,1518,0.1388
114,1410,1524,0.1388
115,1399,1514,0.1388
114,1394,1508,0.1388
116,1387,1503,0.1388
117,1390,1507,0.1388
115,1395,1510,0.1388
116,1392,1508,0.1388
116,1397,1513,0.1388
117,1398,1515,0.1388
118,1385,1503,0.1388
120,1402,1522,0.1388
117,1399,1516,0.1388
114,1386,1500,0.1388
111,1388,1499,0.1388
107,1391,1498,0.1388
111,1396,1507,0.1388
112,1403,1515,0.1388
111,1400,1511,0.1388
113,1399,1512,0.1388
114,1390,1504,0.1388
113,1408,1521,0.1388
116,1406,1522,0.1388
117,1390,1507,0.1388
115,1391,1506,0.1388
112,1391,1503,0.1388
111,1395,1506,0.1388
111,1401,1512,0.1388
112,1400,1512,0.1388
108,1392,1500,0.1388
113,1389,1502,0.1388
111,1403,1514,0.1388
111,1400,1511,0.1388
110,1406,1516,0.1388
112,1413,1525,0.1388
112,1406,1518,0.1388
114,1398,1512,0.1388
118,1404,1522,0.1388
109,1402,1511,0.1388
108,1410,1518,0.1388
110,1400,1510,0.1388
112,1399,1511,0.1388
110,1400,1510,0.1388
113,1419,1532,0.1388
115,1399,1514,0.1388
112,1405,1517,0.1388
114,1397,1511,0.1388
116,1394,1510,0.1388
117,1403,1520,0.1388
118,1405,1523,0.1388
118,1393,1511,0.1388
117,1395,1512,0.1388
112,1397,1509,0.1388
114,1394,1508,0.1388
117,1395,1512,0.1388
118,1411,1529,0.1388
118,1413,1531,0.1388
115,1407,1522,0.1388
114,1411,1525,0.1388
110,1408,1518,0.1388
110,1410,1520,0.1388
112,1412,1524,0.1388
107,1417,1524,0.1388
107,1416,1523,0.1388
105,1412,1517,0.1388
103,1413,1516,0.1388
106,1414,1520,0.1388
107,1420,1527,0.1388
109,1411,1520,0.1388
105,1407,1512,0.1388
108,1406,1514,0.1388
108,1408,1516,0.1388
110,1413,1523,0.1388
108,1411,1519,0.1388
108,1408,1516,0.1388
104,1407,1511,0.1388
103,1403,1506,0.1388
98,1409,1507,0.1388
98,1407,1505,0.1388
99,1401,1500,0.1388
99,1403,1502,0.1388
104,1403,1507,0.1388
108,1403,1511,0.1388
107,1408,1515,0.1388
104,1400,1504,0.1388
103,1407,1510,0.1388
104,1409,1513,0.1388
97,1412,1509,0.1388
99,1424,1523,0.1388
94,1419,1513,0.1388
96,1432,1528,0.1388
96,1429,1525,0.1388
94,1430,1524,0.1388
92,1425,1517,0.1388
94,1428,1522,0.1388
95,1432,1527,0.1388
95,1415,1510,0.1388
95,1423,1518,0.1388
88,1438,1526,0.1388
85,1438,1523,0.1388
83,1427,1510,0.1388
83,1423,1506,0.1388
83,1432,1515,0.1388
79,1429,1508,0.1388
80,1441,1521,0.1388
79,1443,1522,0.1388
80,1436,1516,0.1388
81,1431,1512,0.1388
80,1432,1512,0.1388
82,1425,1507,0.1388
82,1415,1497,0.1388
82,1424,1506,0.1388
81,1431,1512,0.1388
81,1434,1515,0.1388
80,1438,1518,0.1388
79,1436,1515,0.1388
77,1427,1504,0.1388
77,1432,1509,0.1388
76,1416,1492,0.1388
76,1438,1514,0.1388
72,1433,1505,0.1388
74,1433,1507,0.1388
73,1437,1510,0.1388
76,1439,1515,0.1388
76,1445,1521,0.1388
76,1441,1517,0.1388
73,1449,1522,0.1388
72,1428,1500,0.1388
69,1426,1495,0.1388
71,1427,1498,0.1388
70,1429,1499,0.1388
71,1439,1510,0.1388
70,1442,1512,0.1388
72,1437,1509,0.1388
73,1431,1504,0.1388
72,1429,1501,0.1388
74,1433,1507,0.1388
74,1439,1513,0.1388
74,1450,1524,0.1388
74,1440,1514,0.1388
72,1444,1516,0.1388
72,1428,1500,0.1388
73,1427,1500,0.1388
73,1419,1492,0.1388
76,1431,1507,0.1388
75,1439,1514,0.1388
74,1433,1507,0.1388
73,1442,1515,0.1388
72,1456,1528,0.1388
70,1464,1534,0.1388
69,1458,1527,0.1388
67,1462,1529,0.1388
65,1459,1524,0.1388
63,1466,1529,0.1388
64,1454,1518,0.1388
66,1453,1519,0.1388
64,1447,1511,0.1388
64,1445,1509,0.1388
64,1442,1506,0.1388
64,1435,1499,0.1388
64,1426,1490,0.1388
64,1440,1504,0.1388
62,1446,1508,0.1388
62,1446,1508,0.1388
65,1455,1520,0.1388
61,1453,1514,0.1388
61,1460,1521,0.1388
60,1454,1514,0.1388
59,1468,1527,0.1388
57,1467,1524,0.1388
55,1457,1512,0.1388
57,1451,1508,0.1388
57,1448,1505,0.1388
57,1457,1514,0.1388
58,1464,1522,0.1388
56,1460,1516,0.1388
54,1476,1530,0.1388
53,1467,1520,0.1388
52,1464,1516,0.1388
53,1467,1520,0.1388
53,1464,1517,0.1388
56,1471,1527,0.1388
57,1467,1524,0.1388
54,1460,1514,0.1388
54,1455,1509,0.1388
52,1458,1510,0.1388
54,1465,1519,0.1388
50,1465,1515,0.1388
50,1461,1511,0.1388
53,1465,1518,0.1388
50,1473,1523,0.1388
52,1472,1524,0.1388
53,1457,1510,0.1388
53,1455,1508,0.1388
50,1456,1506,0.1388
48,1456,1504,0.1388
44,1461,1505,0.1388
45,1467,1512,0.1388
45,1463,1508,0.1388
45,1463,1508,0.1388
45,1470,1515,0.1388
47,1468,1515,0.1388
46,1471,1517,0.1388
48,1461,1509,0.1388
46,1483,1529,0.1388
45,1478,1523,0.1388
44,1479,1523,0.1388
44,1476,1520,0.1388
43,1480,1523,0.1388
43,1456,1499,0.1388
42,1466,1508,0.1388
43,1470,1513,0.1388
44,1472,1516,0.1388
44,1464,1508,0.1388
42,1456,1498,0.1388
39,1469,1508,0.1388
42,1468,1510,0.1388
42,1484,1526,0.1388
42,1487,1529,0.1388
41,1484,1525,0.1388
41,1478,1519,0.1388
40,1493,1533,0.1388
38,1477,1515,0.1388
38,1465,1503,0.1388
42,1469,1511,0.1388
43,1462,1505,0.1388
41,1479,1520,0.1388
40,1469,1509,0.1388
42,1469,1511,0.1388
38,1464,1502,0.1388
38,1463,1501,0.1388
38,1477,1515,0.1388
37,1482,1519,0.1388
37,1483,1520,0.1388
37,1480,1517,0.1388
37,1484,1521,0.1388
36,1480,1516,0.1388
35,1488,1523,0.1388
32,1485,1517,0.1388
29,1480,1509,0.1388
30,1477,1507,0.1388
30,1482,1512,0.1388
32,1486,1518,0.1388
32,1491,1523,0.1388
33,1495,1528,0.1388
34,1485,1519,0.1388
35,1492,1527,0.1388
37,1475,1512,0.1388
36,1479,1515,0.1388
35,1479,1514,0.1388
34,1480,1514,0.1388
35,1481,1516,0.1388
36,1492,1528,0.1388
39,1483,1522,0.1388
40,1491,1531,0.1388
40,1484,1524,0.1388
41,1476,1517,0.1388
42,1466,1508,0.1388
42,1471,1513,0.1388
42,1473,1515,0.1388
43,1467,1510,0.1388
42,1476,1518,0.1388
42,1476,1518,0.1388
44,1476,1520,0.1388
45,1474,1519,0.1388
43,1465,1508,0.1388
43,1471,1514,0.1388
43,1476,1519,0.1388
47,1474,1521,0.1388
47,1474,1521,0.1388
48,1460,1508,0.1388
48,1462,1510,0.1388
48,1475,1523,0.1388
49,1468,1517,0.1388
48,1465,1513,0.1388
49,1448,1497,0.1388
52,1449,1501,0.1388
51,1463,1514,0.1388
50,1457,1507,0.1388
51,1469,1520,0.1388
50,1463,1513,0.1388
48,1470,1518,0.1388
48,1463,1511,0.1388
47,1465,1512,0.1388
45,1469,1514,0.1388
46,1468,1514,0.1388
42,1467,1509,0.1388
41,1468,1509,0.1388
41,1474,1515,0.1388
41,1473,1514,0.1388
43,1467,1510,0.1388
42,1477,1519,0.1388
41,1469,1510,0.1388
42,1468,1510,0.1388
44,1473,1517,0.1388
43,1472,1515,0.1388
41,1470,1511,0.1388
38,1471,1509,0.1388
38,1473,1511,0.1388
37,1467,1504,0.1388
37,1468,1505,0.1388
40,1460,1500,0.1388
39,1465,1504,0.1388
38,1477,1515,0.1388
38,1481,1519,0.1388
35,1473,1508,0.1388
38,1476,1514,0.1388
38,1477,1515,0.1388
38,1475,1513,0.1388
38,1477,1515,0.1388
37,1479,1516,0.1388
37,1468,1505,0.1388
39,1467,1506,0.1388
40,1463,1503,0.1388
37,1472,1509,0.1388
37,1465,1502,0.1388
36,1477,1513,0.1388
35,1479,1514,0.1388
33,1470,1503,0.1388
32,1484,1516,0.1388
32,1470,1502,0.1388
31,1480,1511,0.1388
31,1476,1507,0.1388
31,1474,1505,0.1388
30,1499,1529,0.1388
28,1485,1513,0.1388
29,1485,1514,0.1388
30,1487,1517,0.1388
29,1487,1516,0.1388
30,1488,1518,0.1388
30,1500,1530,0.1388
28,1510,1538,0.1388
27,1499,1526,0.1388
26,1482,1508,0.1388
27,1488,1515,0.1388
27,1478,1505,0.1388
28,1480,1508,0.1388
28,1481,1509,0.1388
28,1496,1524,0.1388
29,1498,1527,0.1388
29,1499,1528,0.1388
30,1499,1529,0.1388
30,1484,1514,0.1388
30,1483,1513,0.1388
30,1494,1524,0.1388
31,1490,1521,0.1388
33,1504,1537,0.1388
34,1489,1523,0.1388
34,1482,1516,0.1388
35,1484,1519,0.1388
35,1488,1523,0.1388
36,1481,1517,0.1388
36,1475,1511,0.1388
35,1480,1515,0.1388
32,1489,1521,0.1388
33,1485,1518,0.1388
33,1470,1503,0.1388
32,1468,1500,0.1388
31,1478,1509,0.1388
31,1469,1500,0.1388
34,1471,1505,0.1388
33,1467,1500,0.1388
33,1483,1516,0.1388
31,1474,1505,0.1388
32,1471,1503,0.1388
32,1476,1508,0.1388
33,1481,1514,0.1388
33,1480,1513,0.1388
31,1481,1512,0.1388
31,1483,1514,0.1388
31,1483,1514,0.1388
31,1491,1522,0.1388
31,1501,1532,0.1388
31,1490,1521,0.1388
29,1475,1504,0.1388
29,1483,1512,0.1388
29,1489,1518,0.1388
28,1487,1515,0.1388
29,1493,1522,0.1388
27,1496,1523,0.1388
26,1489,1515,0.1388
25,1499,1524,0.1388
24,1490,1514,0.1388
24,1488,1512,0.1388
22,1500,1522,0.1388
24,1496,1520,0.1388
24,1509,1533,0.1388
23,1494,1517,0.1388
22,1491,1513,0.1388
23,1494,1517,0.1388
23,1486,1509,0.1388
22,1482,1504,0.1388
23,1496,1519,0.1388
21,1499,1520,0.1388
21,1495,1516,0.1388
21,1496,1517,0.1388
20,1493,1513,0.1388
20,1502,1522,0.1388
21,1500,1521,0.1388
22,1501,1523,0.1388
21,1498,1519,0.1388
20,1495,1515,0.1388
21,1491,1512,0.1388
20,1480,1500,0.1388
20,1494,1514,0.1388
20,1492,1512,0.1388
21,1492,1513,0.1388
20,1483,1503,0.1388
20,1488,1508,0.1388
20,1504,1524,0.1388
19,1495,1514,0.1388
19,1488,1507,0.1388
21,1482,1503,0.1388
20,1477,1497,0.1388
19,1483,1502,0.1388
19,1494,1513,0.1388
18,1501,1519,0.1388
18,1494,1512,0.1388
17,1493,1510,0.1388
17,1500,1517,0.1388
16,1501,1517,0.1388
16,1498,1514,0.1388
16,1488,1504,0.1388
17,1495,1512,0.1388
16,1494,1510,0.1388
15,1495,1510,0.1388
16,1500,1516,0.1388
17,1499,1516,0.1388
17,1493,1510,0.1388
17,1489,1506,0.1388
19,1485,1504,0.1388
19,1477,1496,0.1388
18,1482,1500,0.1388
16,1484,1500,0.1388
16,1492,1508,0.1388
16,1497,1513,0.1388
16,1501,1517,0.1388
16,1509,1525,0.1388
14,1513,1527,0.1388
14,1519,1533,0.1388
14,1514,1528,0.1388
15,1497,1512,0.1388
15,1493,1508,0.1388
15,1488,1503,0.1388
15,1495,1510,0.1388
15,1481,1496,0.1388
14,1486,1500,0.1388
12,1482,1494,0.1388
12,1490,1502,0.1388
10,1510,1520,0.1388
9,1510,1519,0.1388
9,1520,1529,0.1388
9,1501,1510,0.1388
9,1501,1510,0.1388
9,1512,1521,0.1388
10,1519,1529,0.1388
10,1507,1517,0.1388
8,1507,1515,0.1388
8,1513,1521,0.1388
9,1518,1527,0.1388
9,1507,1516,0.1388
9,1498,1507,0.1388
9,1498,1507,0.1388
11,1514,1525,0.1388
10,1488,1498,0.1388
10,1489,1499,0.1388
10,1500,1510,0.1388
9,1496,1505,0.1388
9,1512,1521,0.1388
9,1524,1533,0.1388
10,1506,1516,0.1388
10,1512,1522,0.1388
10,1524,1534,0.1388
10,1510,1520,0.1388
9,1494,1503,0.1388
7,1504,1511,0.1388
7,1500,1507,0.1388
6,1514,1520,0.1388
6,1520,1526,0.1388
6,1513,1519,0.1388
6,1502,1508,0.1388
6,1503,1509,0.1388
7,1501,1508,0.1388
7,1507,1514,0.1388
7,1503,1510,0.1388
6,1499,1505,0.1388
6,1521,1527,0.1388
6,1515,1521,0.1388
6,1506,1512,0.1388
5,1499,1504,0.1388
5,1495,1500,0.1388
5,1515,1520,0.1388
5,1519,1524,0.1388
5,1519,1524,0.1388
5,1525,1530,0.1388
5,1519,1524,0.1388
5,1524,1529,0.1388
5,1525,1530,0.1388
5,1525,1530,0.1388
5,1526,1531,0.1388
5,1522,1527,0.1388
4,1524,1528,0.1388
4,1530,1534,0.1388
4,1516,1520,0.1388
4,1516,1520,0.1388
4,1515,1519,0.1388
4,1509,1513,0.1388
4,1505,1509,0.1388
4,1510,1514,0.1388
4,1521,1525,0.1388
4,1520,1524,0.1388
4,1519,1523,0.1388
4,1505,1509,0.1388
4,1487,1491,0.1388
4,1490,1494,0.1388
4,1507,1511,0.1388
4,1511,1515,0.1388
4,1518,1522,0.1388
4,1527,1531,0.1388
4,1519,1523,0.1388
4,1516,1520,0.1388
4,1525,1529,0.1388
4,1529,1533,0.1388
4,1530,1534,0.1388
4,1526,1530,0.1388
4,1529,1533,0.1388
4,1510,1514,0.1388
4,1530,1534,0.1388
4,1540,1544,0.1388
4,1528,1532,0.1388
4,1528,1532,0.1388
4,1526,1530,0.1388
4,1512,1516,0.1388
3,1509,1512,0.1388
3,1508,1511,0.1388
3,1512,1515,0.1388
3,1509,1512,0.1388
3,1507,1510,0.1388
3,1512,1515,0.1388
3,1524,1527,0.1388
3,1519,1522,0.1388
3,1510,1513,0.1388
3,1512,1515,0.1388
2,1502,1504,0.1388
2,1512,1514,0.1388
2,1500,1502,0.1388
3,1510,1513,0.1388
3,1515,1518,0.1388
3,1516,1519,0.1388
3,1518,1521,0.1388
3,1529,1532,0.1388
3,1525,1528,0.1388
3,1515,1518,0.1388
3,1522,1525,0.1388
3,1526,1529,0.1388
3,1520,1523,0.1388
3,1517,1520,0.1388
3,1507,1510,0.1388
3,1501,1504,0.1388
3,1517,1520,0.1388
3,1514,1517,0.1388
3,1499,1502,0.1388
3,1497,1500,0.1388
3,1502,1505,0.1388
3,1499,1502,0.1388
3,1500,1503,0.1388
3,1512,1515,0.1388
3,1517,1520,0.1388
3,1518,1521,0.1388
3,1509,1512,0.1388
3,1520,1523,0.1388
3,1526,1529,0.1388
3,1530,1533,0.1388
3,1521,1524,0.1388
3,1513,1516,0.1388
4,1510,1514,0.1388
4,1515,1519,0.1388
4,1516,1520,0.1388
4,1524,1528,0.1388
4,1517,1521,0.1388
4,1504,1508,0.1388
4,1502,1506,0.1388
4,1502,1506,0.1388
4,1513,1517,0.1388
4,1502,1506,0.1388
4,1503,1507,0.1388
4,1505,1509,0.1388
4,1521,1525,0.1388
4,1520,1524,0.1388
4,1507,1511,0.1388
3,1499,1502,0.1388
3,1516,1519,0.1388
3,1522,1525,0.1388
4,1503,1507,0.1388
5,1509,1514,0.1388
4,1501,1505,0.1388
4,1513,1517,0.1388
3,1516,1519,0.1388
3,1509,1512,0.1388
2,1516,1518,0.1388
3,1509,1512,0.1388
3,1508,1511,0.1388
3,1518,1521,0.1388
3,1518,1521,0.1388
3,1513,1516,0.1388
3,1522,1525,0.1388
4,1519,1523,0.1388
4,1521,1525,0.1388
4,1508,1512,0.1388
4,1516,1520,0.1388
4,1529,1533,0.1388
4,1515,1519,0.1388
4,1519,1523,0.1388
4,1518,1522,0.1388
4,1523,1527,0.1388
4,1513,1517,0.1388
4,1523,1527,0.1388
3,1521,1524,0.1388
3,1519,1522,0.1388
3,1513,1516,0.1388
3,1519,1522,0.1388
3,1509,1512,0.1388
3,1499,1502,0.1388
3,1509,1512,0.1388
3,1516,1519,0.1388
3,1506,1509,0.1388
3,1509,1512,0.1388
3,1523,1526,0.1388
4,1522,1526,0.1388
4,1515,1519,0.1388
4,1515,1519,0.1388
4,1509,1513,0.1388
4,1510,1514,0.1388
4,1508,1512,0.1388
4,1517,1521,0.1388
4,1527,1531,0.1388
3,1521,1524,0.1388
3,1520,1523,0.1388
4,1510,1514,0.1388
4,1513,1517,0.1388
4,1512,1516,0.1388
4,1507,1511,0.1388
4,1516,1520,0.1388
4,1527,1531,0.1388
4,1524,1528,0.1388
4,1514,1518,0.1388
4,1523,1527,0.1388
5,1512,1517,0.1388
5,1511,1516,0.1388
5,1509,1514,0.1388
5,1510,1515,0.1388
5,1506,1511,0.1388
4,1500,1504,0.1388
4,1496,1500,0.1388
4,1504,1508,0.1388
5,1510,1515,0.1388
5,1515,1520,0.1388
5,1512,1517,0.1388
5,1511,1516,0.1388
5,1500,1505,0.1388
5,1509,1514,0.1388
5,1511,1516,0.1388
5,1503,1508,0.1388
5,1509,1514,0.1388
5,1516,1521,0.1388
5,1508,1513,0.1388
5,1513,1518,0.1388
5,1507,1512,0.1388
5,1494,1499,0.1388
5,1496,1501,0.1388
5,1502,1507,0.1388
5,1495,1500,0.1388
5,1508,1513,0.1388
5,1524,1529,0.1388
5,1517,1522,0.1388
5,1507,1512,0.1388
5,1502,1507,0.1388
6,1505,1511,0.1388
6,1511,1517,0.1388
6,1519,1525,0.1388
6,1514,1520,0.1388
6,1520,1526,0.1388
6,1517,1523,0.1388
6,1507,1513,0.1388
5,1512,1517,0.1388
4,1507,1511,0.1388
5,1500,1505,0.1388
5,1499,1504,0.1388
5,1494,1499,0.1388
5,1506,1511,0.1388
5,1507,1512,0.1388
5,1520,1525,0.1388
6,1523,1529,0.1388
6,1525,1531,0.1388
6,1518,1524,0.1388
6,1527,1533,0.1388
6,1517,1523,0.1388
6,1526,1532,0.1388
6,1530,1536,0.1388
6,1516,1522,0.1388
6,1523,1529,0.1388
6,1517,1523,0.1388
6,1517,1523,0.1388
6,1525,1531,0.1388
6,1518,1524,0.1388
6,1493,1499,0.1388
6,1513,1519,0.1388
6,1507,1513,0.1388
6,1505,1511,0.1388
6,1520,1526,0.1388
5,1513,1518,0.1388
6,1493,1499,0.1388
5,1498,1503,0.1388
5,1500,1505,0.1388
6,1507,1513,0.1388
5,1511,1516,0.1388
5,1516,1521,0.1388
5,1514,1519,0.1388
4,1514,1518,0.1388
4,1518,1522,0.1388
4,1513,1517,0.1388
4,1511,1515,0.1388
4,1508,1512,0.1388
5,1507,1512,0.1388
5,1498,1503,0.1388
5,1490,1495,0.1388
5,1495,1500,0.1388
5,1513,1518,0.1388
5,1518,1523,0.1388
5,1511,1516,0.1388
5,1519,1524,0.1388
5,1528,1533,0.1388
5,1527,1532,0.1388
5,1533,1538,0.1388
5,1519,1524,0.1388
5,1512,1517,0.1388
5,1512,1517,0.1388
5,1526,1531,0.1388
5,1527,1532,0.1388
5,1523,1528,0.1388
5,1522,1527,0.1388
5,1524,1529,0.1388
5,1515,1520,0.1388
5,1509,1514,0.1388
5,1503,1508,0.1388
5,1501,1506,0.1388
5,1507,1512,0.1388
5,1499,1504,0.1388
5,1496,1501,0.1388
5,1505,1510,0.1388
5,1505,1510,0.1388
5,1504,1509,0.1388
4,1501,1505,0.1388
5,1503,1508,0.1388
5,1501,1506,0.1388
5,1517,1522,0.1388
5,1509,1514,0.1388
4,1500,1504,0.1388
4,1512,1516,0.1388
4,1502,1506,0.1388
4,1510,1514,0.1388
4,1505,1509,0.1388
4,1497,1501,0.1388
4,1517,1521,0.1388
4,1507,1511,0.1388
4,1508,1512,0.1388
4,1502,1506,0.1388
4,1515,1519,0.1388
4,1502,1506,0.1388
4,1510,1514,0.1388
4,1509,1513,0.1388
4,1496,1500,0.1388
5,1510,1515,0.1388
5,1512,1517,0.1388
5,1517,1522,0.1388
5,1523,1528,0.1388
6,1531,1537,0.1388
6,1513,1519,0.1388
5,1508,1513,0.1388
6,1513,1519,0.1388
6,1525,1531,0.1388
6,1518,1524,0.1388
6,1527,1533,0.1388
6,1518,1524,0.1388
6,1521,1527,0.1388
6,1518,1524,0.1388
6,1515,1521,0.1388
6,1516,1522,0.1388
6,1515,1521,0.1388
6,1519,1525,0.1388
6,1508,1514,0.1388
7,1515,1522,0.1388
7,1503,1510,0.1388
7,1506,1513,0.1388
7,1499,1506,0.1388
7,1506,1513,0.1388
7,1512,1519,0.1388
7,1518,1525,0.1388
6,1518,1524,0.1388
7,1513,1520,0.1388
7,1512,1519,0.1388
6,1503,1509,0.1388
6,1499,1505,0.1388
7,1494,1501,0.1388
7,1489,1496,0.1388
7,1487,1494,0.1388
7,1498,1505,0.1388
7,1501,1508,0.1388
8,1515,1523,0.1388
9,1510,1519,0.1388
9,1502,1511,0.1388
9,1500,1509,0.1388
8,1488,1496,0.1388
8,1486,1494,0.1388
7,1497,1504,0.1388
7,1502,1509,0.1388
7,1494,1501,0.1388
7,1491,1498,0.1388
7,1499,1506,0.1388
7,1495,1502,0.1388
8,1504,1512,0.1388
8,1508,1516,0.1388
8,1516,1524,0.1388
8,1510,1518,0.1388
8,1510,1518,0.1388
8,1496,1504,0.1388
8,1506,1514,0.1388
8,1505,1513,0.1388
8,1512,1520,0.1388
8,1499,1507,0.1388
8,1488,1496,0.1388
8,1505,1513,0.1388
8,1499,1507,0.1388
8,1502,1510,0.1388
8,1502,1510,0.1388
8,1512,1520,0.1388
8,1515,1523,0.1388
8,1515,1523,0.1388
9,1516,1525,0.1388
10,1521,1531,0.1388
10,1518,1528,0.1388
10,1516,1526,0.1388
10,1510,1520,0.1388
10,1531,1541,0.1388
10,1527,1537,0.1388
10,1521,1531,0.1388
10,1528,1538,0.1388
9,1519,1528,0.1388
9,1521,1530,0.1388
9,1529,1538,0.1388
9,1520,1529,0.1388
8,1511,1519,0.1388
7,1512,1519,0.1388
7,1501,1508,0.1388
7,1505,1512,0.1388
8,1497,1505,0.1388
8,1491,1499,0.1388
8,1488,1496,0.1388
7,1477,1484,0.1388
8,1482,1490,0.1388
8,1510,1518,0.1388
7,1508,1515,0.1388
7,1501,1508,0.1388
7,1494,1501,0.1388
7,1484,1491,0.1388
7,1496,1503,0.1388
7,1513,1520,0.1388
7,1517,1524,0.1388
6,1510,1516,0.1388
7,1514,1521,0.1388
6,1509,1515,0.1388
6,1498,1504,0.1388
6,1494,1500,0.1388
6,1493,1499,0.1388
6,1487,1493,0.1388
6,1501,1507,0.1388
5,1504,1509,0.1388
5,1491,1496,0.1388
5,1493,1498,0.1388
5,1499,1504,0.1388
5,1500,1505,0.1388
5,1501,1506,0.1388
5,1493,1498,0.1388
5,1481,1486,0.1388
5,1504,1509,0.1388
5,1520,1525,0.1388
5,1524,1529,0.1388
5,1516,1521,0.1388
4,1501,1505,0.1388
4,1506,1510,0.1388
4,1492,1496,0.1388
5,1514,1519,0.1388
5,1526,1531,0.1388
6,1522,1528,0.1388
6,1513,1519,0.1388
5,1517,1522,0.1388
7,1513,1520,0.1388
6,1516,1522,0.1388
6,1532,1538,0.1388
6,1518,1524,0.1388
6,1516,1522,0.1388
6,1516,1522,0.1388
6,1505,1511,0.1388
7,1506,1513,0.1388
7,1504,1511,0.1388
7,1511,1518,0.1388
7,1509,1516,0.1388
6,1509,1515,0.1388
6,1509,1515,0.1388
6,1509,1515,0.1388
6,1507,1513,0.1388
6,1499,1505,0.1388
6,1500,1506,0.1388
7,1507,1514,0.1388
7,1507,1514,0.1388
7,1499,1506,0.1388
7,1488,1495,0.1388
7,1490,1497,0.1388
7,1499,1506,0.1388
7,1502,1509,0.1388
8,1517,1525,0.1388
8,1520,1528,0.1388
8,1522,1530,0.1388
8,1507,1515,0.1388
8,1502,1510,0.1388
8,1509,1517,0.1388
8,1508,1516,0.1388
8,1507,1515,0.1388
7,1511,1518,0.1388
6,1511,1517,0.1388
6,1514,1520,0.1388
6,1515,1521,0.1388
6,1522,1528,0.1388
6,1519,1525,0.1388
6,1514,1520,0.1388
6,1516,1522,0.1388
5,1515,1520,0.1388
5,1515,1520,0.1388
5,1516,1521,0.1388
5,1522,1527,0.1388
5,1514,1519,0.1388
5,1506,1511,0.1388
5,1508,1513,0.1388
5,1506,1511,0.1388
5,1513,1518,0.1388
5,1512,1517,0.1388
5,1530,1535,0.1388
5,1516,1521,0.1388
5,1525,1530,0.1388
4,1525,1529,0.1388
4,1524,1528,0.1388
4,1512,1516,0.1388
4,1511,1515,0.1388
4,1508,1512,0.1388
4,1506,1510,0.1388
4,1514,1518,0.1388
4,1513,1517,0.1388
5,1515,1520,0.1388
6,1516,1522,0.1388
6,1512,1518,0.1388
6,1502,1508,0.1388
6,1512,1518,0.1388
6,1512,1518,0.1388
6,1509,1515,0.1388
6,1516,1522,0.1388
5,1508,1513,0.1388
4,1509,1513,0.1388
4,1520,1524,0.1388
4,1511,1515,0.1388
4,1518,1522,0.1388
4,1518,1522,0.1388
4,1511,1515,0.1388
4,1503,1507,0.1388
4,1509,1513,0.1388
3,1502,1505,0.1388
3,1506,1509,0.1388
3,1501,1504,0.1388
3,1492,1495,0.1388
3,1503,1506,0.1388
3,1512,1515,0.1388
3,1522,1525,0.1388
2,1527,1529,0.1388
2,1522,1524,0.1388
2,1525,1527,0.1388
1,1524,1525,0.1388
1,1531,1532,0.1388
1,1530,1531,0.1388
1,1524,1525,0.1388
1,1527,1528,0.1388
1,1538,1539,0.1388
1,1539,1540,0.1388
1,1531,1532,0.1388
1,1529,1530,0.1388
1,1526,1527,0.1388
1,1526,1527,0.1388
1,1520,1521,0.1388
1,1515,1516,0.1388
1,1524,1525,0.1388
1,1515,1516,0.1388
1,1504,1505,0.1388
1,1511,1512,0.1388
1,1513,1514,0.1388
1,1498,1499,0.1388
1,1509,1510,0.1388
1,1495,1496,0.1388
1,1509,1510,0.1388
1,1508,1509,0.1388
0,1501,1501,0.1388
