1378,28,1406,0.1388
1412,29,1441,0.1388
1432,26,1458,0.1388
1437,27,1464,0.1388
1450,27,1477,0.1388
1457,26,1483,0.1388
1469,25,1494,0.1388
1471,24,1495,0.1388
1466,27,1493,0.1388
1458,28,1486,0.1388
1449,30,1479,0.1388
1445,29,1474,0.1388
1463,31,1494,0.1388
1467,30,1497,0.1388
1452,34,1486,0.1388
1464,34,1498,0.1388
1465,37,1502,0.1388
1459,37,1496,0.1388
1461,37,1498,0.1388
1457,38,1495,0.1388
1455,38,1493,0.1388
1452,37,1489,0.1388
1460,35,1495,0.1388
1432,36,1468,0.1388
1440,37,1477,0.1388
1453,37,1490,0.1388
1452,39,1491,0.1388
1450,41,1491,0.1388
1451,42,1493,0.1388
1457,43,1500,0.1388
1457,40,1497,0.1388
1455,40,1495,0.1388
1443,41,1484,0.1388
1447,39,1486,0.1388
1458,39,1497,0.1388
1457,40,1497,0.1388
1440,39,1479,0.1388
1450,39,1489,0.1388
1446,42,1488,0.1388
1461,40,1501,0.1388
1450,42,1492,0.1388
1434,44,1478,0.1388
1436,46,1482,0.1388
1436,46,1482,0.1388
1448,45,1493,0.1388
1442,49,1491,0.1388
1453,52,1505,0.1388
1453,54,1507,0.1388
1458,53,1511,0.1388
1446,54,1500,0.1388
1444,54,1498,0.1388
1449,51,1500,0.1388
1443,52,1495,0.1388
1438,50,1488,0.1388
1439,52,1491,0.1388
1421,50,1471,0.1388
1428,51,1479,0.1388
1434,51,1485,0.1388
1426,51,1477,0.1388
1431,51,1482,0.1388
1425,50,1475,0.1388
1423,49,1472,0.1388
1433,49,1482,0.1388
1425,49,1474,0.1388
1437,51,1488,0.1388
1433,53,1486,0.1388
1425,52,1477,0.1388
1428,53,1481,0.1388
1436,52,1488,0.1388
1440,55,1495,0.1388
1440,52,1492,0.1388
1451,52,1503,0.1388
1445,55,1500,0.1388
1419,53,1472,0.1388
1429,53,1482,0.1388
1439,55,1494,0.1388
1448,59,1507,0.1388
1446,60,1506,0.1388
1447,59,1506,0.1388
1446,60,1506,0.1388
1434,60,1494,0.1388
1422,61,1483,0.1388
1420,61,1481,0.1388
1407,64,1471,0.1388
1420,64,1484,0.1388
1420,65,1485,0.1388
1410,61,1471,0.1388
1412,61,1473,0.1388
1421,61,1482,0.1388
1431,62,1493,0.1388
1446,64,1510,0.1388
1445,63,1508,0.1388
1422,64,1486,0.1388
1407,63,1470,0.1388
1429,62,1491,0.1388
1437,62,1499,0.1388
1443,67,1510,0.1388
1428,63,1491,0.1388
1419,63,1482,0.1388
1428,66,1494,0.1388
1433,67,1500,0.1388
1438,65,1503,0.1388
1427,65,1492,0.1388
1407,66,1473,0.1388
1416,69,1485,0.1388
1420,68,1488,0.1388
1433,66,1499,0.1388
1420,62,1482,0.1388
1420,60,1480,0.1388
1441,62,1503,0.1388
1437,60,1497,0.1388
1434,61,1495,0.1388
1443,62,1505,0.1388
1427,62,1489,0.1388
1422,64,1486,0.1388
1415,65,1480,0.1388
1415,68,1483,0.1388
1415,70,1485,0.1388
1405,71,1476,0.1388
1406,70,1476,0.1388
1400,71,1471,0.1388
1414,73,1487,0.1388
1421,75,1496,0.1388
1433,74,1507,0.1388
1427,74,1501,0.1388
1429,72,1501,0.1388
1433,68,1501,0.1388
1427,71,1498,0.1388
1426,69,1495,0.1388
1418,71,1489,0.1388
1418,71,1489,0.1388
1413,72,1485,0.1388
1417,72,1489,0.1388
1415,72,1487,0.1388
1424,69,1493,0.1388
1443,70,1513,0.1388
1444,68,1512,0.1388
1445,69,1514,0.1388
1431,67,1498,0.1388
1427,71,1498,0.1388
1426,73,1499,0.1388
1437,76,1513,0.1388
1423,75,1498,0.1388
1423,79,1502,0.1388
1418,79,1497,0.1388
1416,78,1494,0.1388
1414,78,1492,0.1388
1401,76,1477,0.1388
1401,76,1477,0.1388
1389,74,1463,0.1388
1397,75,1472,0.1388
1409,80,1489,0.1388
1404,82,1486,0.1388
1396,82,1478,0.1388
1399,82,1481,0.1388
1390,86,1476,0.1388
1404,87,1491,0.1388
1407,89,1496,0.1388
1397,87,1484,0.1388
1390,89,1479,0.1388
1396,88,1484,0.1388
1419,88,1507,0.1388
1416,90,1506,0.1388
1419,90,1509,0.1388
1422,87,1509,0.1388
1414,88,1502,0.1388
1407,87,1494,0.1388
1418,92,1510,0.1388
1421,89,1510,0.1388
1415,90,1505,0.1388
1417,90,1507,0.1388
1419,91,1510,0.1388
1416,90,1506,0.1388
1418,88,1506,0.1388
1414,89,1503,0.1388
1417,89,1506,0.1388
1413,88,1501,0.1388
1402,87,1489,0.1388
1412,87,1499,0.1388
1410,88,1498,0.1388
1403,91,1494,0.1388
1408,90,1498,0.1388
1384,90,1474,0.1388
1386,90,1476,0.1388
1393,91,1484,0.1388
1398,93,1491,0.1388
1381,94,1475,0.1388
1385,95,1480,0.1388
1394,97,1491,0.1388
1406,97,1503,0.1388
1400,97,1497,0.1388
1401,92,1493,0.1388
1393,95,1488,0.1388
1404,98,1502,0.1388
1393,98,1491,0.1388
1398,98,1496,0.1388
1394,98,1492,0.1388
1394,101,1495,0.1388
1389,99,1488,0.1388
1384,98,1482,0.1388
1394,100,1494,0.1388
1391,98,1489,0.1388
1385,101,1486,0.1388
1401,106,1507,0.1388
1388,107,1495,0.1388
1378,112,1490,0.1388
1384,111,1495,0.1388
1382,109,1491,0.1388
1372,110,1482,0.1388
1380,111,1491,0.1388
1372,107,1479,0.1388
1372,106,1478,0.1388
1372,106,1478,0.1388
1379,107,1486,0.1388
1367,106,1473,0.1388
1372,103,1475,0.1388
1373,107,1480,0.1388
1367,109,1476,0.1388
1387,110,1497,0.1388
1388,107,1495,0.1388
1391,107,1498,0.1388
1398,110,1508,0.1388
1382,110,1492,0.1388
1377,108,1485,0.1388
1365,109,1474,0.1388
1366,106,1472,0.1388
1375,109,1484,0.1388
1368,109,1477,0.1388
1373,113,1486,0.1388
1365,116,1481,0.1388
1357,116,1473,0.1388
1357,120,1477,0.1388
1362,120,1482,0.1388
1370,122,1492,0.1388
1368,123,1491,0.1388
1371,122,1493,0.1388
1376,122,1498,0.1388
1385,118,1503,0.1388
1396,116,1512,0.1388
1392,119,1511,0.1388
1368,119,1487,0.1388
1376,120,1496,0.1388
1369,124,1493,0.1388
1349,120,1469,0.1388
1371,118,1489,0.1388
1369,120,1489,0.1388
1378,119,1497,0.1388
1370,125,1495,0.1388
1377,124,1501,0.1388
1378,128,1506,0.1388
1380,128,1508,0.1388
1379,126,1505,0.1388
1368,130,1498,0.1388
1370,130,1500,0.1388
1363,132,1495,0.1388
1365,131,1496,0.1388
1369,133,1502,0.1388
1374,129,1503,0.1388
1374,129,1503,0.1388
1375,130,1505,0.1388
1359,128,1487,0.1388
1359,132,1491,0.1388
1367,131,1498,0.1388
1367,131,1498,0.1388
1356,131,1487,0.1388
1352,132,1484,0.1388
1355,133,1488,0.1388
1357,136,1493,0.1388
1367,132,1499,0.1388
1371,134,1505,0.1388
1355,129,1484,0.1388
1352,126,1478,0.1388
1362,127,1489,0.1388
1373,128,1501,0.1388
1373,133,1506,0.1388
1368,134,1502,0.1388
1357,137,1494,0.1388
1362,136,1498,0.1388
1366,136,1502,0.1388
1366,133,1499,0.1388
1369,137,1506,0.1388
1362,138,1500,0.1388
1357,137,1494,0.1388
1368,139,1507,0.1388
1374,135,1509,0.1388
1371,136,1507,0.1388
1369,138,1507,0.1388
1354,136,1490,0.1388
1349,137,1486,0.1388
1349,141,1490,0.1388
1340,145,1485,0.1388
1349,148,1497,0.1388
1357,149,1506,0.1388
1353,154,1507,0.1388
1349,155,1504,0.1388
1348,152,1500,0.1388
1353,147,1500,0.1388
1351,146,1497,0.1388
1340,148,1488,0.1388
1350,146,1496,0.1388
1354,148,1502,0.1388
1357,150,1507,0.1388
1351,155,1506,0.1388
1339,159,1498,0.1388
1340,156,1496,0.1388
1334,154,1488,0.1388
1335,156,1491,0.1388
1344,157,1501,0.1388
1346,160,1506,0.1388
1341,161,1502,0.1388
1336,158,1494,0.1388
1339,156,1495,0.1388
1339,158,1497,0.1388
1343,160,1503,0.1388
1338,166,1504,0.1388
1329,163,1492,0.1388
1329,166,1495,0.1388
1324,172,1496,0.1388
1325,172,1497,0.1388
1325,172,1497,0.1388
1308,170,1478,0.1388
1312,168,1480,0.1388
1330,169,1499,0.1388
1322,173,1495,0.1388
1318,174,1492,0.1388
1321,170,1491,0.1388
1316,168,1484,0.1388
1312,165,1477,0.1388
1321,170,1491,0.1388
1328,173,1501,0.1388
1322,179,1501,0.1388
1323,172,1495,0.1388
1331,173,1504,0.1388
1323,175,1498,0.1388
1317,178,1495,0.1388
1310,184,1494,0.1388
1306,186,1492,0.1388
1304,187,1491,0.1388
1299,193,1492,0.1388
1316,194,1510,0.1388
1306,194,1500,0.1388
1299,200,1499,0.1388
1303,196,1499,0.1388
1314,194,1508,0.1388
1304,192,1496,0.1388
1311,195,1506,0.1388
1308,198,1506,0.1388
1288,195,1483,0.1388
1287,199,1486,0.1388
1294,201,1495,0.1388
1283,199,1482,0.1388
1287,195,1482,0.1388
1292,198,1490,0.1388
1303,200,1503,0.1388
1298,200,1498,0.1388
1303,203,1506,0.1388
1303,205,1508,0.1388
1303,209,1512,0.1388
1298,210,1508,0.1388
1285,210,1495,0.1388
1275,209,1484,0.1388
1273,214,1487,0.1388
1282,217,1499,0.1388
1286,219,1505,0.1388
1277,219,1496,0.1388
1262,224,1486,0.1388
1267,222,1489,0.1388
1259,226,1485,0.1388
1257,233,1490,0.1388
1268,234,1502,0.1388
1274,234,1508,0.1388
1257,232,1489,0.1388
1262,235,1497,0.1388
1267,229,1496,0.1388
1271,228,1499,0.1388
1274,231,1505,0.1388
1273,226,1499,0.1388
1279,229,1508,0.1388
1270,232,1502,0.1388
1262,229,1491,0.1388
1256,232,1488,0.1388
1241,233,1474,0.1388
1244,232,1476,0.1388
1262,235,1497,0.1388
1257,234,1491,0.1388
1255,231,1486,0.1388
1258,234,1492,0.1388
1263,235,1498,0.1388
1271,233,1504,0.1388
1263,232,1495,0.1388
1274,232,1506,0.1388
1262,232,1494,0.1388
1255,237,1492,0.1388
1250,239,1489,0.1388
1250,236,1486,0.1388
1247,248,1495,0.1388
1259,244,1503,0.1388
1256,242,1498,0.1388
1256,246,1502,0.1388
1248,248,1496,0.1388
1263,247,1510,0.1388
1265,249,1514,0.1388
1267,254,1521,0.1388
1263,253,1516,0.1388
1269,257,1526,0.1388
1267,252,1519,0.1388
1258,248,1506,0.1388
1259,251,1510,0.1388
1255,248,1503,0.1388
1243,249,1492,0.1388
1242,250,1492,0.1388
1245,253,1498,0.1388
1236,251,1487,0.1388
1245,250,1495,0.1388
1246,250,1496,0.1388
1254,252,1506,0.1388
1261,251,1512,0.1388
1248,252,1500,0.1388
1241,250,1491,0.1388
1236,249,1485,0.1388
1256,251,1507,0.1388
1249,255,1504,0.1388
1245,259,1504,0.1388
1242,264,1506,0.1388
1249,264,1513,0.1388
1249,267,1516,0.1388
1248,264,1512,0.1388
1247,267,1514,0.1388
1237,264,1501,0.1388
1236,263,1499,0.1388
1230,261,1491,0.1388
1235,264,1499,0.1388
1225,269,1494,0.1388
1229,271,1500,0.1388
1230,273,1503,0.1388
1234,277,1511,0.1388
1228,281,1509,0.1388
1220,278,1498,0.1388
1201,278,1479,0.1388
1218,278,1496,0.1388
1227,277,1504,0.1388
1224,278,1502,0.1388
1221,279,1500,0.1388
1227,278,1505,0.1388
1210,280,1490,0.1388
1203,283,1486,0.1388
1200,282,1482,0.1388
1200,282,1482,0.1388
1200,281,1481,0.1388
1209,276,1485,0.1388
1199,279,1478,0.1388
1198,277,1475,0.1388
1207,283,1490,0.1388
1208,285,1493,0.1388
1213,283,1496,0.1388
1209,282,1491,0.1388
1202,283,1485,0.1388
1189,287,1476,0.1388
1202,292,1494,0.1388
1212,289,1501,0.1388
1208,289,1497,0.1388
1203,297,1500,0.1388
1196,292,1488,0.1388
1199,282,1481,0.1388
1211,285,1496,0.1388
1216,279,1495,0.1388
1221,276,1497,0.1388
1218,281,1499,0.1388
1215,288,1503,0.1388
1206,283,1489,0.1388
1202,284,1486,0.1388
1212,286,1498,0.1388
1212,287,1499,0.1388
1209,292,1501,0.1388
1204,297,1501,0.1388
1202,298,1500,0.1388
1188,297,1485,0.1388
1180,295,1475,0.1388
1195,293,1488,0.1388
1204,292,1496,0.1388
1202,295,1497,0.1388
1194,299,1493,0.1388
1211,299,1510,0.1388
1214,298,1512,0.1388
1213,298,1511,0.1388
1211,300,1511,0.1388
1204,297,1501,0.1388
1207,301,1508,0.1388
1207,298,1505,0.1388
1204,297,1501,0.1388
1204,297,1501,0.1388
1188,298,1486,0.1388
1193,303,1496,0.1388
1194,305,1499,0.1388
1185,306,1491,0.1388
1196,307,1503,0.1388
1192,309,1501,0.1388
1189,309,1498,0.1388
1191,311,1502,0.1388
1195,303,1498,0.1388
1196,304,1500,0.1388
1200,304,1504,0.1388
1197,310,1507,0.1388
1198,308,1506,0.1388
1202,307,1509,0.1388
1199,308,1507,0.1388
1202,309,1511,0.1388
1187,303,1490,0.1388
1195,310,1505,0.1388
1186,309,1495,0.1388
1176,312,1488,0.1388
1171,314,1485,0.1388
1179,315,1494,0.1388
1182,321,1503,0.1388
1181,324,1505,0.1388
1183,330,1513,0.1388
1165,331,1496,0.1388
1174,331,1505,0.1388
1172,331,1503,0.1388
1163,329,1492,0.1388
1170,331,1501,0.1388
1155,329,1484,0.1388
1158,330,1488,0.1388
1161,337,1498,0.1388
1164,344,1508,0.1388
1167,337,1504,0.1388
1158,339,1497,0.1388
1169,338,1507,0.1388
1179,340,1519,0.1388
1166,336,1502,0.1388
1163,335,1498,0.1388
1171,344,1515,0.1388
1163,338,1501,0.1388
1157,337,1494,0.1388
1165,333,1498,0.1388
1170,339,1509,0.1388
1171,341,1512,0.1388
1167,341,1508,0.1388
1163,334,1497,0.1388
1155,330,1485,0.1388
1158,334,1492,0.1388
1153,339,1492,0.1388
1167,336,1503,0.1388
1172,336,1508,0.1388
1166,338,1504,0.1388
1169,337,1506,0.1388
1172,339,1511,0.1388
1164,340,1504,0.1388
1153,341,1494,0.1388
1140,345,1485,0.1388
1145,350,1495,0.1388
1144,355,1499,0.1388
1153,350,1503,0.1388
1149,355,1504,0.1388
1150,363,1513,0.1388
1148,369,1517,0.1388
1143,367,1510,0.1388
1136,369,1505,0.1388
1129,366,1495,0.1388
1119,363,1482,0.1388
1123,367,1490,0.1388
1123,378,1501,0.1388
1124,376,1500,0.1388
1113,374,1487,0.1388
1119,378,1497,0.1388
1128,372,1500,0.1388
1135,363,1498,0.1388
1144,368,1512,0.1388
1132,371,1503,0.1388
1129,373,1502,0.1388
1132,374,1506,0.1388
1129,372,1501,0.1388
1131,364,1495,0.1388
1121,372,1493,0.1388
1111,373,1484,0.1388
1106,372,1478,0.1388
1107,374,1481,0.1388
1117,369,1486,0.1388
1105,372,1477,0.1388
1111,375,1486,0.1388
1121,371,1492,0.1388
1140,370,1510,0.1388
1126,366,1492,0.1388
1110,356,1466,0.1388
1110,364,1474,0.1388
1123,373,1496,0.1388
1127,373,1500,0.1388
1126,375,1501,0.1388
1131,371,1502,0.1388
1133,373,1506,0.1388
1131,379,1510,0.1388
1128,377,1505,0.1388
1127,387,1514,0.1388
1120,392,1512,0.1388
1113,390,1503,0.1388
1110,386,1496,0.1388
1115,381,1496,0.1388
1130,382,1512,0.1388
1119,381,1500,0.1388
1117,389,1506,0.1388
1113,382,1495,0.1388
1117,381,1498,0.1388
1104,385,1489,0.1388
1102,389,1491,0.1388
1098,383,1481,0.1388
1102,388,1490,0.1388
1105,389,1494,0.1388
1105,383,1488,0.1388
1092,382,1474,0.1388
1095,385,1480,0.1388
1112,383,1495,0.1388
1104,391,1495,0.1388
1107,392,1499,0.1388
1094,392,1486,0.1388
1099,395,1494,0.1388
1098,402,1500,0.1388
1108,396,1504,0.1388
1107,393,1500,0.1388
1106,396,1502,0.1388
1118,396,1514,0.1388
1117,398,1515,0.1388
1110,389,1499,0.1388
1115,390,1505,0.1388
1103,391,1494,0.1388
1112,395,1507,0.1388
1101,398,1499,0.1388
1093,399,1492,0.1388
1098,395,1493,0.1388
1091,397,1488,0.1388
1095,405,1500,0.1388
1086,407,1493,0.1388
1090,406,1496,0.1388
1098,402,1500,0.1388
1078,406,1484,0.1388
1079,408,1487,0.1388
1079,414,1493,0.1388
1077,416,1493,0.1388
1074,419,1493,0.1388
1069,418,1487,0.1388
1062,421,1483,0.1388
1070,432,1502,0.1388
1066,432,1498,0.1388
1062,431,1493,0.1388
1058,435,1493,0.1388
1074,429,1503,0.1388
1076,424,1500,0.1388
1075,412,1487,0.1388
1070,410,1480,0.1388
1069,421,1490,0.1388
1064,419,1483,0.1388
1063,424,1487,0.1388
1067,430,1497,0.1388
1070,431,1501,0.1388
1075,435,1510,0.1388
1064,443,1507,0.1388
1058,448,1506,0.1388
1065,444,1509,0.1388
1064,446,1510,0.1388
1061,445,1506,0.1388
1060,445,1505,0.1388
1062,448,1510,0.1388
1062,437,1499,0.1388
1060,440,1500,0.1388
1069,442,1511,0.1388
1073,445,1518,0.1388
1066,442,1508,0.1388
1055,438,1493,0.1388
1048,434,1482,0.1388
1057,438,1495,0.1388
1061,446,1507,0.1388
1057,453,1510,0.1388
1064,448,1512,0.1388
1071,441,1512,0.1388
1066,443,1509,0.1388
1058,438,1496,0.1388
1047,444,1491,0.1388
1045,442,1487,0.1388
1045,446,1491,0.1388
1049,451,1500,0.1388
1054,450,1504,0.1388
1040,454,1494,0.1388
1042,447,1489,0.1388
1036,448,1484,0.1388
1029,458,1487,0.1388
1029,457,1486,0.1388
1035,460,1495,0.1388
1033,459,1492,0.1388
1029,470,1499,0.1388
1033,463,1496,0.1388
1031,459,1490,0.1388
1030,464,1494,0.1388
1022,465,1487,0.1388
1024,472,1496,0.1388
1024,470,1494,0.1388
1022,472,1494,0.1388
1021,474,1495,0.1388
1012,477,1489,0.1388
1010,479,1489,0.1388
1011,484,1495,0.1388
1012,476,1488,0.1388
1014,478,1492,0.1388
1013,479,1492,0.1388
1010,486,1496,0.1388
1012,496,1508,0.1388
1016,496,1512,0.1388
1022,493,1515,0.1388
1017,494,1511,0.1388
1009,492,1501,0.1388
1005,506,1511,0.1388
995,501,1496,0.1388
991,495,1486,0.1388
983,505,1488,0.1388
974,505,1479,0.1388
979,505,1484,0.1388
973,499,1472,0.1388
964,513,1477,0.1388
973,518,1491,0.1388
961,522,1483,0.1388
967,510,1477,0.1388
968,503,1471,0.1388
968,507,1475,0.1388
964,518,1482,0.1388
970,516,1486,0.1388
980,519,1499,0.1388
989,515,1504,0.1388
994,509,1503,0.1388
985,516,1501,0.1388
978,519,1497,0.1388
980,521,1501,0.1388
971,522,1493,0.1388
964,527,1491,0.1388
957,532,1489,0.1388
965,541,1506,0.1388
972,526,1498,0.1388
976,533,1509,0.1388
972,540,1512,0.1388
981,532,1513,0.1388
977,536,1513,0.1388
973,529,1502,0.1388
965,536,1501,0.1388
975,541,1516,0.1388
976,542,1518,0.1388
970,542,1512,0.1388
970,541,1511,0.1388
965,539,1504,0.1388
961,542,1503,0.1388
963,541,1504,0.1388
968,545,1513,0.1388
972,547,1519,0.1388
959,545,1504,0.1388
973,548,1521,0.1388
963,550,1513,0.1388
957,546,1503,0.1388
955,531,1486,0.1388
949,536,1485,0.1388
957,544,1501,0.1388
958,543,1501,0.1388
962,547,1509,0.1388
967,550,1517,0.1388
960,549,1509,0.1388
938,559,1497,0.1388
929,563,1492,0.1388
926,567,1493,0.1388
925,571,1496,0.1388
929,578,1507,0.1388
935,578,1513,0.1388
931,577,1508,0.1388
928,581,1509,0.1388
926,580,1506,0.1388
926,581,1507,0.1388
906,580,1486,0.1388
916,581,1497,0.1388
915,593,1508,0.1388
926,598,1524,0.1388
911,600,1511,0.1388
902,599,1501,0.1388
892,604,1496,0.1388
906,609,1515,0.1388
902,610,1512,0.1388
912,608,1520,0.1388
907,612,1519,0.1388
906,606,1512,0.1388
902,602,1504,0.1388
905,598,1503,0.1388
903,598,1501,0.1388
898,594,1492,0.1388
903,601,1504,0.1388
898,610,1508,0.1388
900,619,1519,0.1388
895,620,1515,0.1388
884,618,1502,0.1388
895,622,1517,0.1388
896,620,1516,0.1388
893,616,1509,0.1388
891,613,1504,0.1388
887,619,1506,0.1388
890,608,1498,0.1388
897,616,1513,0.1388
890,608,1498,0.1388
890,622,1512,0.1388
887,625,1512,0.1388
887,621,1508,0.1388
882,624,1506,0.1388
873,633,1506,0.1388
885,628,1513,0.1388
872,627,1499,0.1388
866,625,1491,0.1388
867,631,1498,0.1388
867,634,1501,0.1388
868,633,1501,0.1388
871,623,1494,0.1388
866,635,1501,0.1388
862,631,1493,0.1388
853,633,1486,0.1388
855,638,1493,0.1388
852,632,1484,0.1388
847,636,1483,0.1388
862,641,1503,0.1388
862,639,1501,0.1388
862,641,1503,0.1388
860,648,1508,0.1388
859,650,1509,0.1388
845,649,1494,0.1388
847,659,1506,0.1388
847,656,1503,0.1388
843,647,1490,0.1388
845,640,1485,0.1388
857,656,1513,0.1388
861,650,1511,0.1388
865,655,1520,0.1388
864,652,1516,0.1388
859,657,1516,0.1388
858,652,1510,0.1388
860,644,1504,0.1388
849,650,1499,0.1388
846,644,1490,0.1388
850,644,1494,0.1388
854,654,1508,0.1388
849,643,1492,0.1388
852,643,1495,0.1388
854,654,1508,0.1388
845,662,1507,0.1388
845,666,1511,0.1388
850,666,1516,0.1388
845,665,1510,0.1388
848,669,1517,0.1388
843,657,1500,0.1388
845,655,1500,0.1388
850,656,1506,0.1388
839,660,1499,0.1388
844,667,1511,0.1388
833,671,1504,0.1388
840,677,1517,0.1388
838,667,1505,0.1388
832,667,1499,0.1388
832,667,1499,0.1388
826,671,1497,0.1388
829,674,1503,0.1388
827,681,1508,0.1388
835,683,1518,0.1388
839,684,1523,0.1388
823,681,1504,0.1388
817,678,1495,0.1388
816,679,1495,0.1388
822,676,1498,0.1388
810,682,1492,0.1388
807,691,1498,0.1388
824,693,1517,0.1388
823,692,1515,0.1388
813,676,1489,0.1388
816,673,1489,0.1388
826,677,1503,0.1388
822,678,1500,0.1388
826,672,1498,0.1388
816,673,1489,0.1388
819,675,1494,0.1388
815,670,1485,0.1388
817,679,1496,0.1388
825,675,1500,0.1388
818,671,1489,0.1388
800,671,1471,0.1388
803,682,1485,0.1388
802,693,1495,0.1388
801,690,1491,0.1388
804,694,1498,0.1388
805,694,1499,0.1388
808,693,1501,0.1388
802,678,1480,0.1388
814,679,1493,0.1388
803,692,1495,0.1388
806,686,1492,0.1388
800,690,1490,0.1388
801,687,1488,0.1388
798,698,1496,0.1388
793,700,1493,0.1388
797,704,1501,0.1388
801,701,1502,0.1388
791,702,1493,0.1388
792,697,1489,0.1388
792,702,1494,0.1388
799,704,1503,0.1388
790,711,1501,0.1388
795,710,1505,0.1388
801,715,1516,0.1388
794,729,1523,0.1388
795,729,1524,0.1388
789,722,1511,0.1388
781,729,1510,0.1388
775,728,1503,0.1388
768,726,1494,0.1388
758,730,1488,0.1388
763,742,1505,0.1388
758,739,1497,0.1388
757,735,1492,0.1388
766,744,1510,0.1388
757,746,1503,0.1388
758,743,1501,0.1388
757,739,1496,0.1388
751,747,1498,0.1388
750,748,1498,0.1388
760,755,1515,0.1388
762,761,1523,0.1388
752,748,1500,0.1388
755,751,1506,0.1388
753,760,1513,0.1388
751,762,1513,0.1388
753,757,1510,0.1388
760,767,1527,0.1388
752,771,1523,0.1388
757,772,1529,0.1388
754,767,1521,0.1388
744,771,1515,0.1388
743,770,1513,0.1388
747,767,1514,0.1388
743,778,1521,0.1388
740,776,1516,0.1388
730,786,1516,0.1388
719,796,1515,0.1388
716,790,1506,0.1388
719,789,1508,0.1388
715,795,1510,0.1388
728,796,1524,0.1388
722,794,1516,0.1388
714,794,1508,0.1388
717,793,1510,0.1388
709,801,1510,0.1388
714,798,1512,0.1388
716,796,1512,0.1388
720,800,1520,0.1388
722,789,1511,0.1388
721,785,1506,0.1388
720,784,1504,0.1388
712,788,1500,0.1388
708,794,1502,0.1388
705,802,1507,0.1388
701,804,1505,0.1388
695,809,1504,0.1388
702,800,1502,0.1388
697,800,1497,0.1388
703,794,1497,0.1388
703,801,1504,0.1388
706,811,1517,0.1388
696,808,1504,0.1388
703,804,1507,0.1388
700,803,1503,0.1388
690,813,1503,0.1388
688,802,1490,0.1388
684,815,1499,0.1388
683,814,1497,0.1388
675,812,1487,0.1388
671,810,1481,0.1388
677,818,1495,0.1388
683,817,1500,0.1388
685,821,1506,0.1388
684,817,1501,0.1388
680,826,1506,0.1388
675,831,1506,0.1388
679,829,1508,0.1388
679,819,1498,0.1388
687,828,1515,0.1388
693,823,1516,0.1388
701,834,1535,0.1388
692,827,1519,0.1388
681,828,1509,0.1388
685,828,1513,0.1388
675,830,1505,0.1388
685,832,1517,0.1388
683,840,1523,0.1388
673,839,1512,0.1388
665,840,1505,0.1388
661,843,1504,0.1388
650,846,1496,0.1388
659,849,1508,0.1388
661,846,1507,0.1388
659,848,1507,0.1388
668,856,1524,0.1388
666,855,1521,0.1388
658,859,1517,0.1388
655,857,1512,0.1388
655,870,1525,0.1388
656,861,1517,0.1388
647,862,1509,0.1388
648,868,1516,0.1388
644,876,1520,0.1388
642,873,1515,0.1388
650,874,1524,0.1388
655,863,1518,0.1388
643,863,1506,0.1388
644,871,1515,0.1388
654,878,1532,0.1388
646,881,1527,0.1388
654,880,1534,0.1388
640,882,1522,0.1388
635,875,1510,0.1388
632,878,1510,0.1388
635,881,1516,0.1388
633,884,1517,0.1388
631,884,1515,0.1388
632,871,1503,0.1388
626,880,1506,0.1388
631,885,1516,0.1388
629,889,1518,0.1388
635,886,1521,0.1388
635,879,1514,0.1388
632,870,1502,0.1388
632,867,1499,0.1388
627,864,1491,0.1388
627,872,1499,0.1388
633,881,1514,0.1388
633,882,1515,0.1388
630,878,1508,0.1388
639,872,1511,0.1388
634,875,1509,0.1388
636,874,1510,0.1388
631,882,1513,0.1388
630,887,1517,0.1388
626,895,1521,0.1388
624,898,1522,0.1388
622,902,1524,0.1388
617,899,1516,0.1388
621,884,1505,0.1388
624,876,1500,0.1388
620,881,1501,0.1388
617,877,1494,0.1388
616,878,1494,0.1388
618,880,1498,0.1388
622,883,1505,0.1388
618,885,1503,0.1388
623,889,1512,0.1388
623,889,1512,0.1388
615,882,1497,0.1388
621,881,1502,0.1388
620,882,1502,0.1388
617,882,1499,0.1388
615,884,1499,0.1388
618,894,1512,0.1388
616,889,1505,0.1388
612,892,1504,0.1388
611,895,1506,0.1388
609,894,1503,0.1388
608,893,1501,0.1388
618,887,1505,0.1388
617,886,1503,0.1388
622,891,1513,0.1388
617,887,1504,0.1388
612,889,1501,0.1388
613,890,1503,0.1388
603,900,1503,0.1388
599,913,1512,0.1388
603,906,1509,0.1388
602,907,1509,0.1388
596,913,1509,0.1388
603,915,1518,0.1388
602,905,1507,0.1388
604,899,1503,0.1388
612,898,1510,0.1388
617,893,1510,0.1388
608,888,1496,0.1388
609,892,1501,0.1388
607,888,1495,0.1388
614,884,1498,0.1388
621,885,1506,0.1388
619,880,1499,0.1388
615,900,1515,0.1388
615,904,1519,0.1388
610,903,1513,0.1388
617,914,1531,0.1388
606,920,1526,0.1388
609,914,1523,0.1388
613,908,1521,0.1388
606,910,1516,0.1388
605,916,1521,0.1388
593,917,1510,0.1388
594,917,1511,0.1388
594,918,1512,0.1388
595,923,1518,0.1388
589,906,1495,0.1388
589,912,1501,0.1388
590,913,1503,0.1388
584,923,1507,0.1388
582,921,1503,0.1388
587,915,1502,0.1388
573,913,1486,0.1388
574,912,1486,0.1388
571,923,1494,0.1388
562,937,1499,0.1388
560,934,1494,0.1388
571,942,1513,0.1388
571,941,1512,0.1388
570,938,1508,0.1388
565,938,1503,0.1388
573,947,1520,0.1388
570,933,1503,0.1388
570,947,1517,0.1388
565,957,1522,0.1388
562,947,1509,0.1388
562,945,1507,0.1388
563,952,1515,0.1388
559,948,1507,0.1388
563,956,1519,0.1388
561,949,1510,0.1388
563,948,1511,0.1388
564,953,1517,0.1388
564,946,1510,0.1388
564,948,1512,0.1388
562,955,1517,0.1388
555,951,1506,0.1388
562,961,1523,0.1388
558,955,1513,0.1388
558,959,1517,0.1388
557,944,1501,0.1388
558,948,1506,0.1388
546,956,1502,0.1388
554,959,1513,0.1388
557,964,1521,0.1388
548,968,1516,0.1388
547,963,1510,0.1388
548,967,1515,0.1388
547,957,1504,0.1388
550,955,1505,0.1388
555,946,1501,0.1388
562,946,1508,0.1388
561,947,1508,0.1388
558,949,1507,0.1388
558,945,1503,0.1388
552,943,1495,0.1388
555,956,1511,0.1388
552,944,1496,0.1388
551,954,1505,0.1388
548,955,1503,0.1388
541,960,1501,0.1388
538,960,1498,0.1388
542,953,1495,0.1388
542,955,1497,0.1388
546,957,1503,0.1388
542,958,1500,0.1388
545,958,1503,0.1388
541,968,1509,0.1388
542,964,1506,0.1388
545,964,1509,0.1388
548,960,1508,0.1388
547,969,1516,0.1388
556,968,1524,0.1388
550,974,1524,0.1388
557,967,1524,0.1388
555,964,1519,0.1388
551,959,1510,0.1388
553,962,1515,0.1388
547,955,1502,0.1388
552,964,1516,0.1388
546,959,1505,0.1388
548,960,1508,0.1388
545,964,1509,0.1388
547,964,1511,0.1388
541,968,1509,0.1388
541,962,1503,0.1388
540,969,1509,0.1388
541,966,1507,0.1388
535,955,1490,0.1388
546,953,1499,0.1388
556,957,1513,0.1388
549,949,1498,0.1388
546,961,1507,0.1388
552,971,1523,0.1388
555,967,1522,0.1388
554,957,1511,0.1388
549,970,1519,0.1388
550,957,1507,0.1388
550,963,1513,0.1388
547,957,1504,0.1388
549,964,1513,0.1388
543,971,1514,0.1388
536,970,1506,0.1388
540,976,1516,0.1388
540,981,1521,0.1388
538,959,1497,0.1388
543,954,1497,0.1388
536,946,1482,0.1388
536,956,1492,0.1388
539,959,1498,0.1388
542,965,1507,0.1388
540,972,1512,0.1388
540,973,1513,0.1388
541,982,1523,0.1388
541,968,1509,0.1388
540,970,1510,0.1388
538,961,1499,0.1388
535,963,1498,0.1388
534,967,1501,0.1388
525,968,1493,0.1388
534,976,1510,0.1388
537,975,1512,0.1388
530,979,1509,0.1388
528,977,1505,0.1388
533,978,1511,0.1388
523,980,1503,0.1388
525,981,1506,0.1388
522,978,1500,0.1388
532,987,1519,0.1388
532,976,1508,0.1388
532,983,1515,0.1388
541,983,1524,0.1388
536,980,1516,0.1388
529,978,1507,0.1388
530,974,1504,0.1388
535,973,1508,0.1388
539,968,1507,0.1388
539,977,1516,0.1388
531,979,1510,0.1388
528,979,1507,0.1388
526,985,1511,0.1388
524,986,1510,0.1388
524,994,1518,0.1388
521,993,1514,0.1388
517,995,1512,0.1388
518,1000,1518,0.1388
513,1001,1514,0.1388
505,990,1495,0.1388
503,989,1492,0.1388
508,996,1504,0.1388
514,1006,1520,0.1388
504,996,1500,0.1388
508,987,1495,0.1388
502,985,1487,0.1388
498,999,1497,0.1388
499,1002,1501,0.1388
501,1001,1502,0.1388
498,1003,1501,0.1388
499,1004,1503,0.1388
495,1010,1505,0.1388
491,1016,1507,0.1388
492,1022,1514,0.1388
488,1029,1517,0.1388
488,1028,1516,0.1388
492,1030,1522,0.1388
488,1035,1523,0.1388
483,1033,1516,0.1388
483,1037,1520,0.1388
477,1029,1506,0.1388
470,1020,1490,0.1388
465,1023,1488,0.1388
469,1030,1499,0.1388
468,1036,1504,0.1388
466,1041,1507,0.1388
469,1037,1506,0.1388
472,1045,1517,0.1388
475,1043,1518,0.1388
466,1045,1511,0.1388
463,1053,1516,0.1388
464,1059,1523,0.1388
462,1065,1527,0.1388
459,1057,1516,0.1388
452,1056,1508,0.1388
451,1059,1510,0.1388
441,1069,1510,0.1388
440,1066,1506,0.1388
440,1068,1508,0.1388
440,1081,1521,0.1388
434,1076,1510,0.1388
434,1077,1511,0.1388
422,1081,1503,0.1388
426,1081,1507,0.1388
422,1086,1508,0.1388
422,1098,1520,0.1388
415,1104,1519,0.1388
417,1104,1521,0.1388
415,1097,1512,0.1388
413,1104,1517,0.1388
418,1106,1524,0.1388
411,1098,1509,0.1388
407,1100,1507,0.1388
408,1106,1514,0.1388
405,1104,1509,0.1388
405,1106,1511,0.1388
404,1108,1512,0.1388
405,1100,1505,0.1388
409,1092,1501,0.1388
405,1106,1511,0.1388
405,1109,1514,0.1388
401,1096,1497,0.1388
401,1100,1501,0.1388
407,1105,1512,0.1388
406,1116,1522,0.1388
408,1117,1525,0.1388
408,1111,1519,0.1388
402,1105,1507,0.1388
405,1109,1514,0.1388
401,1113,1514,0.1388
401,1106,1507,0.1388
401,1104,1505,0.1388
400,1110,1510,0.1388
395,1116,1511,0.1388
394,1111,1505,0.1388
389,1119,1508,0.1388
389,1124,1513,0.1388
385,1124,1509,0.1388
386,1126,1512,0.1388
385,1135,1520,0.1388
378,1134,1512,0.1388
380,1140,1520,0.1388
380,1138,1518,0.1388
380,1124,1504,0.1388
377,1123,1500,0.1388
376,1127,1503,0.1388
379,1126,1505,0.1388
379,1123,1502,0.1388
384,1127,1511,0.1388
378,1135,1513,0.1388
380,1132,1512,0.1388
381,1135,1516,0.1388
381,1128,1509,0.1388
379,1133,1512,0.1388
377,1134,1511,0.1388
370,1127,1497,0.1388
373,1136,1509,0.1388
374,1136,1510,0.1388
373,1140,1513,0.1388
369,1140,1509,0.1388
367,1142,1509,0.1388
366,1133,1499,0.1388
376,1123,1499,0.1388
381,1130,1511,0.1388
378,1123,1501,0.1388
376,1128,1504,0.1388
382,1127,1509,0.1388
378,1139,1517,0.1388
378,1137,1515,0.1388
379,1142,1521,0.1388
375,1140,1515,0.1388
377,1134,1511,0.1388
374,1137,1511,0.1388
378,1141,1519,0.1388
369,1145,1514,0.1388
364,1138,1502,0.1388
368,1137,1505,0.1388
363,1140,1503,0.1388
369,1136,1505,0.1388
375,1133,1508,0.1388
373,1132,1505,0.1388
375,1125,1500,0.1388
373,1122,1495,0.1388
371,1134,1505,0.1388
370,1132,1502,0.1388
370,1137,1507,0.1388
370,1137,1507,0.1388
367,1137,1504,0.1388
366,1142,1508,0.1388
370,1140,1510,0.1388
377,1142,1519,0.1388
381,1131,1512,0.1388
376,1130,1506,0.1388
378,1135,1513,0.1388
377,1135,1512,0.1388
378,1135,1513,0.1388
378,1139,1517,0.1388
376,1142,1518,0.1388
372,1128,1500,0.1388
376,1120,1496,0.1388
369,1115,1484,0.1388
368,1119,1487,0.1388
366,1121,1487,0.1388
368,1126,1494,0.1388
368,1137,1505,0.1388
367,1140,1507,0.1388
367,1138,1505,0.1388
366,1150,1516,0.1388
360,1167,1527,0.1388
356,1166,1522,0.1388
356,1159,1515,0.1388
357,1151,1508,0.1388
363,1158,1521,0.1388
361,1154,1515,0.1388
363,1151,1514,0.1388
359,1142,1501,0.1388
358,1149,1507,0.1388
350,1154,1504,0.1388
350,1148,1498,0.1388
349,1155,1504,0.1388
346,1166,1512,0.1388
343,1159,1502,0.1388
337,1161,1498,0.1388
343,1171,1514,0.1388
350,1164,1514,0.1388
351,1160,1511,0.1388
356,1161,1517,0.1388
354,1158,1512,0.1388
354,1165,1519,0.1388
354,1166,1520,0.1388
348,1165,1513,0.1388
352,1160,1512,0.1388
350,1167,1517,0.1388
358,1169,1527,0.1388
350,1172,1522,0.1388
351,1177,1528,0.1388
340,1175,1515,0.1388
332,1175,1507,0.1388
328,1179,1507,0.1388
332,1174,1506,0.1388
324,1180,1504,0.1388
324,1171,1495,0.1388
315,1182,1497,0.1388
315,1180,1495,0.1388
316,1188,1504,0.1388
317,1181,1498,0.1388
325,1181,1506,0.1388
322,1183,1505,0.1388
327,1167,1494,0.1388
323,1170,1493,0.1388
323,1172,1495,0.1388
324,1173,1497,0.1388
323,1176,1499,0.1388
324,1177,1501,0.1388
333,1172,1505,0.1388
326,1172,1498,0.1388
328,1182,1510,0.1388
331,1179,1510,0.1388
333,1181,1514,0.1388
335,1175,1510,0.1388
334,1178,1512,0.1388
331,1190,1521,0.1388
328,1181,1509,0.1388
320,1193,1513,0.1388
320,1195,1515,0.1388
322,1190,1512,0.1388
323,1183,1506,0.1388
324,1196,1520,0.1388
320,1196,1516,0.1388
320,1196,1516,0.1388
321,1204,1525,0.1388
319,1213,1532,0.1388
313,1213,1526,0.1388
318,1195,1513,0.1388
323,1205,1528,0.1388
326,1209,1535,0.1388
320,1193,1513,0.1388
318,1202,1520,0.1388
317,1186,1503,0.1388
320,1189,1509,0.1388
323,1188,1511,0.1388
324,1199,1523,0.1388
322,1206,1528,0.1388
323,1204,1527,0.1388
318,1193,1511,0.1388
310,1191,1501,0.1388
310,1197,1507,0.1388
312,1191,1503,0.1388
312,1199,1511,0.1388
310,1203,1513,0.1388
311,1197,1508,0.1388
307,1197,1504,0.1388
309,1182,1491,0.1388
302,1185,1487,0.1388
306,1195,1501,0.1388
305,1198,1503,0.1388
310,1201,1511,0.1388
313,1202,1515,0.1388
312,1196,1508,0.1388
312,1203,1515,0.1388
312,1199,1511,0.1388
311,1201,1512,0.1388
306,1208,1514,0.1388
305,1203,1508,0.1388
305,1204,1509,0.1388
303,1208,1511,0.1388
306,1211,1517,0.1388
306,1219,1525,0.1388
306,1222,1528,0.1388
302,1213,1515,0.1388
303,1214,1517,0.1388
301,1219,1520,0.1388
300,1222,1522,0.1388
303,1225,1528,0.1388
298,1231,1529,0.1388
295,1214,1509,0.1388
293,1217,1510,0.1388
294,1218,1512,0.1388
293,1218,1511,0.1388
292,1224,1516,0.1388
291,1227,1518,0.1388
292,1237,1529,0.1388
295,1239,1534,0.1388
294,1235,1529,0.1388
296,1228,1524,0.1388
290,1227,1517,0.1388
286,1231,1517,0.1388
287,1235,1522,0.1388
288,1234,1522,0.1388
286,1224,1510,0.1388
286,1224,1510,0.1388
282,1239,1521,0.1388
278,1241,1519,0.1388
272,1236,1508,0.1388
277,1221,1498,0.1388
271,1221,1492,0.1388
277,1231,1508,0.1388
284,1241,1525,0.1388
285,1247,1532,0.1388
281,1241,1522,0.1388
278,1247,1525,0.1388
278,1254,1532,0.1388
280,1255,1535,0.1388
279,1244,1523,0.1388
278,1247,1525,0.1388
274,1243,1517,0.1388
271,1237,1508,0.1388
276,1233,1509,0.1388
276,1239,1515,0.1388
276,1243,1519,0.1388
281,1221,1502,0.1388
280,1227,1507,0.1388
277,1232,1509,0.1388
274,1246,1520,0.1388
273,1244,1517,0.1388
270,1246,1516,0.1388
271,1243,1514,0.1388
268,1244,1512,0.1388
269,1246,1515,0.1388
265,1247,1512,0.1388
260,1238,1498,0.1388
263,1243,1506,0.1388
264,1240,1504,0.1388
267,1235,1502,0.1388
268,1235,1503,0.1388
267,1246,1513,0.1388
268,1260,1528,0.1388
261,1255,1516,0.1388
260,1254,1514,0.1388
260,1245,1505,0.1388
263,1252,1515,0.1388
268,1246,1514,0.1388
269,1241,1510,0.1388
264,1241,1505,0.1388
264,1236,1500,0.1388
261,1247,1508,0.1388
267,1252,1519,0.1388
264,1250,1514,0.1388
269,1247,1516,0.1388
268,1251,1519,0.1388
264,1258,1522,0.1388
264,1255,1519,0.1388
261,1258,1519,0.1388
263,1259,1522,0.1388
265,1260,1525,0.1388
263,1254,1517,0.1388
257,1254,1511,0.1388
258,1245,1503,0.1388
255,1261,1516,0.1388
254,1255,1509,0.1388
251,1249,1500,0.1388
257,1264,1521,0.1388
247,1264,1511,0.1388
249,1256,1505,0.1388
243,1268,1511,0.1388
245,1268,1513,0.1388
242,1276,1518,0.1388
243,1267,1510,0.1388
244,1273,1517,0.1388
243,1275,1518,0.1388
238,1263,1501,0.1388
242,1258,1500,0.1388
245,1262,1507,0.1388
247,1261,1508,0.1388
246,1270,1516,0.1388
235,1270,1505,0.1388
231,1273,1504,0.1388
228,1280,1508,0.1388
233,1267,1500,0.1388
234,1266,1500,0.1388
235,1274,1509,0.1388
231,1266,1497,0.1388
232,1275,1507,0.1388
228,1274,1502,0.1388
227,1272,1499,0.1388
231,1273,1504,0.1388
228,1273,1501,0.1388
229,1293,1522,0.1388
228,1305,1533,0.1388
232,1289,1521,0.1388
234,1285,1519,0.1388
231,1290,1521,0.1388
225,1285,1510,0.1388
218,1286,1504,0.1388
216,1300,1516,0.1388
216,1296,1512,0.1388
214,1301,1515,0.1388
217,1300,1517,0.1388
220,1303,1523,0.1388
218,1309,1527,0.1388
218,1318,1536,0.1388
218,1315,1533,0.1388
221,1315,1536,0.1388
221,1307,1528,0.1388
219,1287,1506,0.1388
222,1282,1504,0.1388
220,1278,1498,0.1388
222,1289,1511,0.1388
221,1283,1504,0.1388
219,1278,1497,0.1388
215,1277,1492,0.1388
217,1280,1497,0.1388
220,1287,1507,0.1388
217,1282,1499,0.1388
213,1295,1508,0.1388
210,1286,1496,0.1388
213,1290,1503,0.1388
214,1281,1495,0.1388
211,1281,1492,0.1388
212,1296,1508,0.1388
210,1299,1509,0.1388
208,1293,1501,0.1388
208,1299,1507,0.1388
209,1291,1500,0.1388
210,1301,1511,0.1388
211,1300,1511,0.1388
212,1296,1508,0.1388
214,1295,1509,0.1388
212,1303,1515,0.1388
213,1304,1517,0.1388
219,1305,1524,0.1388
216,1301,1517,0.1388
214,1297,1511,0.1388
212,1302,1514,0.1388
210,1294,1504,0.1388
207,1299,1506,0.1388
209,1302,1511,0.1388
214,1299,1513,0.1388
216,1305,1521,0.1388
214,1300,1514,0.1388
213,1304,1517,0.1388
213,1300,1513,0.1388
204,1300,1504,0.1388
206,1298,1504,0.1388
205,1298,1503,0.1388
207,1302,1509,0.1388
208,1315,1523,0.1388
207,1319,1526,0.1388
208,1311,1519,0.1388
205,1312,1517,0.1388
199,1315,1514,0.1388
205,1311,1516,0.1388
205,1321,1526,0.1388
202,1327,1529,0.1388
201,1319,1520,0.1388
199,1319,1518,0.1388
206,1310,1516,0.1388
207,1314,1521,0.1388
207,1317,1524,0.1388
204,1313,1517,0.1388
204,1316,1520,0.1388
199,1326,1525,0.1388
202,1318,1520,0.1388
195,1325,1520,0.1388
195,1315,1510,0.1388
190,1326,1516,0.1388
188,1329,1517,0.1388
192,1337,1529,0.1388
198,1329,1527,0.1388
195,1336,1531,0.1388
192,1338,1530,0.1388
193,1333,1526,0.1388
189,1331,1520,0.1388
192,1329,1521,0.1388
186,1328,1514,0.1388
185,1328,1513,0.1388
182,1316,1498,0.1388
186,1318,1504,0.1388
189,1316,1505,0.1388
192,1314,1506,0.1388
190,1311,1501,0.1388
187,1330,1517,0.1388
188,1333,1521,0.1388
192,1327,1519,0.1388
193,1328,1521,0.1388
189,1321,1510,0.1388
189,1320,1509,0.1388
193,1341,1534,0.1388
194,1340,1534,0.1388
192,1340,1532,0.1388
188,1342,1530,0.1388
191,1330,1521,0.1388
191,1329,1520,0.1388
188,1337,1525,0.1388
188,1332,1520,0.1388
182,1337,1519,0.1388
183,1322,1505,0.1388
179,1326,1505,0.1388
183,1325,1508,0.1388
183,1342,1525,0.1388
178,1334,1512,0.1388
179,1333,1512,0.1388
182,1343,1525,0.1388
181,1336,1517,0.1388
179,1320,1499,0.1388
181,1332,1513,0.1388
180,1326,1506,0.1388
183,1332,1515,0.1388
182,1330,1512,0.1388
184,1323,1507,0.1388
183,1330,1513,0.1388
172,1347,1519,0.1388
169,1344,1513,0.1388
172,1343,1515,0.1388
176,1356,1532,0.1388
176,1347,1523,0.1388
172,1346,1518,0.1388
171,1341,1512,0.1388
171,1339,1510,0.1388
169,1336,1505,0.1388
164,1333,1497,0.1388
169,1336,1505,0.1388
169,1346,1515,0.1388
171,1350,1521,0.1388
172,1354,1526,0.1388
173,1353,1526,0.1388
171,1347,1518,0.1388
168,1330,1498,0.1388
166,1346,1512,0.1388
168,1329,1497,0.1388
166,1331,1497,0.1388
162,1335,1497,0.1388
168,1331,1499,0.1388
171,1341,1512,0.1388
168,1342,1510,0.1388
169,1337,1506,0.1388
166,1342,1508,0.1388
169,1339,1508,0.1388
168,1352,1520,0.1388
167,1339,1506,0.1388
168,1354,1522,0.1388
169,1357,1526,0.1388
171,1352,1523,0.1388
169,1359,1528,0.1388
163,1354,1517,0.1388
163,1365,1528,0.1388
161,1366,1527,0.1388
161,1367,1528,0.1388
159,1365,1524,0.1388
163,1358,1521,0.1388
167,1349,1516,0.1388
160,1350,1510,0.1388
158,1364,1522,0.1388
155,1367,1522,0.1388
153,1369,1522,0.1388
154,1382,1536,0.1388
150,1376,1526,0.1388
149,1369,1518,0.1388
148,1357,1505,0.1388
153,1361,1514,0.1388
154,1357,1511,0.1388
156,1357,1513,0.1388
152,1359,1511,0.1388
150,1364,1514,0.1388
153,1370,1523,0.1388
152,1362,1514,0.1388
156,1375,1531,0.1388
154,1365,1519,0.1388
156,1366,1522,0.1388
157,1372,1529,0.1388
156,1372,1528,0.1388
152,1375,1527,0.1388
157,1370,1527,0.1388
151,1357,1508,0.1388
151,1362,1513,0.1388
155,1353,1508,0.1388
156,1348,1504,0.1388
161,1350,1511,0.1388
163,1349,1512,0.1388
161,1357,1518,0.1388
158,1354,1512,0.1388
161,1350,1511,0.1388
162,1358,1520,0.1388
161,1361,1522,0.1388
159,1361,1520,0.1388
155,1354,1509,0.1388
155,1368,1523,0.1388
154,1369,1523,0.1388
156,1370,1526,0.1388
151,1367,1518,0.1388
155,1369,1524,0.1388
155,1380,1535,0.1388
156,1390,1546,0.1388
159,1381,1540,0.1388
157,1376,1533,0.1388
157,1370,1527,0.1388
156,1358,1514,0.1388
155,1366,1521,0.1388
153,1365,1518,0.1388
157,1366,1523,0.1388
158,1349,1507,0.1388
152,1361,1513,0.1388
150,1356,1506,0.1388
150,1352,1502,0.1388
155,1355,1510,0.1388
151,1352,1503,0.1388
154,1363,1517,0.1388
152,1365,1517,0.1388
153,1366,1519,0.1388
149,1360,1509,0.1388
150,1364,1514,0.1388
151,1357,1508,0.1388
153,1349,1502,0.1388
154,1349,1503,0.1388
153,1344,1497,0.1388
152,1352,1504,0.1388
151,1358,1509,0.1388
150,1363,1513,0.1388
151,1365,1516,0.1388
150,1356,1506,0.1388
147,1357,1504,0.1388
150,1344,1494,0.1388
150,1362,1512,0.1388
149,1354,1503,0.1388
149,1361,1510,0.1388
150,1364,1514,0.1388
151,1380,1531,0.1388
150,1378,1528,0.1388
155,1373,1528,0.1388
153,1355,1508,0.1388
154,1370,1524,0.1388
156,1362,1518,0.1388
155,1359,1514,0.1388
153,1361,1514,0.1388
150,1370,1520,0.1388
150,1363,1513,0.1388
149,1366,1515,0.1388
152,1368,1520,0.1388
151,1361,1512,0.1388
153,1366,1519,0.1388
150,1361,1511,0.1388
153,1357,1510,0.1388
152,1367,1519,0.1388
153,1359,1512,0.1388
155,1361,1516,0.1388
153,1367,1520,0.1388
150,1371,1521,0.1388
153,1370,1523,0.1388
153,1356,1509,0.1388
157,1359,1516,0.1388
161,1354,1515,0.1388
159,1340,1499,0.1388
159,1341,1500,0.1388
160,1334,1494,0.1388
160,1343,1503,0.1388
159,1352,1511,0.1388
160,1359,1519,0.1388
164,1357,1521,0.1388
164,1346,1510,0.1388
164,1351,1515,0.1388
161,1343,1504,0.1388
164,1345,1509,0.1388
163,1344,1507,0.1388
156,1350,1506,0.1388
163,1361,1524,0.1388
157,1354,1511,0.1388
160,1355,1515,0.1388
157,1359,1516,0.1388
155,1356,1511,0.1388
152,1340,1492,0.1388
152,1352,1504,0.1388
153,1348,1501,0.1388
150,1346,1496,0.1388
149,1345,1494,0.1388
146,1345,1491,0.1388
148,1348,1496,0.1388
146,1363,1509,0.1388
149,1372,1521,0.1388
146,1381,1527,0.1388
143,1377,1520,0.1388
142,1374,1516,0.1388
147,1372,1519,0.1388
144,1371,1515,0.1388
143,1373,1516,0.1388
141,1375,1516,0.1388
145,1378,1523,0.1388
145,1378,1523,0.1388
144,1382,1526,0.1388
147,1390,1537,0.1388
146,1369,1515,0.1388
149,1364,1513,0.1388
144,1355,1499,0.1388
143,1364,1507,0.1388
138,1371,1509,0.1388
138,1379,1517,0.1388
138,1375,1513,0.1388
139,1368,1507,0.1388
141,1375,1516,0.1388
136,1381,1517,0.1388
137,1385,1522,0.1388
137,1383,1520,0.1388
136,1391,1527,0.1388
134,1376,1510,0.1388
135,1369,1504,0.1388
136,1350,1486,0.1388
137,1374,1511,0.1388
139,1374,1513,0.1388
141,1365,1506,0.1388
141,1377,1518,0.1388
142,1375,1517,0.1388
142,1374,1516,0.1388
141,1378,1519,0.1388
140,1378,1518,0.1388
138,1376,1514,0.1388
133,1376,1509,0.1388
134,1381,1515,0.1388
136,1370,1506,0.1388
136,1371,1507,0.1388
134,1369,1503,0.1388
136,1366,1502,0.1388
133,1360,1493,0.1388
130,1359,1489,0.1388
132,1362,1494,0.1388
131,1372,1503,0.1388
132,1378,1510,0.1388
133,1383,1516,0.1388
132,1389,1521,0.1388
130,1388,1518,0.1388
132,1391,1523,0.1388
132,1392,1524,0.1388
131,1386,1517,0.1388
132,1389,1521,0.1388
130,1388,1518,0.1388
126,1387,1513,0.1388
127,1394,1521,0.1388
129,1390,1519,0.1388
128,1394,1522,0.1388
126,1402,1528,0.1388
125,1397,1522,0.1388
124,1409,1533,0.1388
123,1420,1543,0.1388
121,1408,1529,0.1388
120,1402,1522,0.1388
118,1391,1509,0.1388
119,1390,1509,0.1388
120,1398,1518,0.1388
119,1400,1519,0.1388
118,1404,1522,0.1388
118,1399,1517,0.1388
119,1402,1521,0.1388
120,1405,1525,0.1388
119,1401,1520,0.1388
119,1400,1519,0.1388
116,1395,1511,0.1388
116,1392,1508,0.1388
114,1393,1507,0.1388
112,1395,1507,0.1388
118,1396,1514,0.1388
122,1394,1516,0.1388
126,1386,1512,0.1388
126,1391,1517,0.1388
122,1399,1521,0.1388
121,1397,1518,0.1388
122,1391,1513,0.1388
123,1406,1529,0.1388
124,1393,1517,0.1388
124,1393,1517,0.1388
117,1406,1523,0.1388
114,1400,1514,0.1388
116,1386,1502,0.1388
114,1396,1510,0.1388
113,1397,1510,0.1388
115,1403,1518,0.1388
116,1402,1518,0.1388
119,1397,1516,0.1388
120,1379,1499,0.1388
119,1385,1504,0.1388
120,1400,1520,0.1388
120,1408,1528,0.1388
119,1402,1521,0.1388
119,1394,1513,0.1388
121,1402,1523,0.1388
122,1394,1516,0.1388
118,1401,1519,0.1388
119,1413,1532,0.1388
121,1414,1535,0.1388
120,1412,1532,0.1388
119,1398,1517,0.1388
120,1390,1510,0.1388
111,1406,1517,0.1388
109,1408,1517,0.1388
112,1400,1512,0.1388
113,1387,1500,0.1388
110,1386,1496,0.1388
111,1400,1511,0.1388
113,1396,1509,0.1388
114,1398,1512,0.1388
113,1400,1513,0.1388
109,1403,1512,0.1388
109,1420,1529,0.1388
115,1410,1525,0.1388
116,1397,1513,0.1388
116,1393,1509,0.1388
117,1382,1499,0.1388
113,1385,1498,0.1388
113,1388,1501,0.1388
115,1405,1520,0.1388
113,1407,1520,0.1388
115,1408,1523,0.1388
114,1408,1522,0.1388
113,1391,1504,0.1388
110,1404,1514,0.1388
108,1414,1522,0.1388
112,1401,1513,0.1388
110,1399,1509,0.1388
110,1397,1507,0.1388
112,1391,1503,0.1388
110,1392,1502,0.1388
110,1403,1513,0.1388
112,1406,1518,0.1388
112,1414,1526,0.1388
112,1405,1517,0.1388
106,1409,1515,0.1388
112,1423,1535,0.1388
106,1412,1518,0.1388
109,1427,1536,0.1388
110,1424,1534,0.1388
109,1415,1524,0.1388
108,1405,1513,0.1388
108,1400,1508,0.1388
109,1401,1510,0.1388
108,1414,1522,0.1388
107,1406,1513,0.1388
108,1416,1524,0.1388
109,1412,1521,0.1388
109,1403,1512,0.1388
106,1413,1519,0.1388
109,1418,1527,0.1388
105,1413,1518,0.1388
106,1420,1526,0.1388
111,1416,1527,0.1388
110,1427,1537,0.1388
109,1423,1532,0.1388
106,1410,1516,0.1388
104,1424,1528,0.1388
102,1425,1527,0.1388
107,1419,1526,0.1388
109,1408,1517,0.1388
106,1394,1500,0.1388
107,1402,1509,0.1388
105,1400,1505,0.1388
108,1412,1520,0.1388
103,1410,1513,0.1388
108,1404,1512,0.1388
106,1415,1521,0.1388
100,1415,1515,0.1388
103,1415,1518,0.1388
102,1406,1508,0.1388
101,1416,1517,0.1388
103,1416,1519,0.1388
104,1416,1520,0.1388
105,1415,1520,0.1388
108,1420,1528,0.1388
107,1426,1533,0.1388
107,1428,1535,0.1388
109,1421,1530,0.1388
107,1419,1526,0.1388
106,1415,1521,0.1388
108,1412,1520,0.1388
106,1408,1514,0.1388
106,1401,1507,0.1388
106,1408,1514,0.1388
107,1412,1519,0.1388
107,1409,1516,0.1388
104,1402,1506,0.1388
105,1411,1516,0.1388
106,1414,1520,0.1388
108,1411,1519,0.1388
108,1393,1501,0.1388
105,1408,1513,0.1388
107,1418,1525,0.1388
104,1417,1521,0.1388
105,1407,1512,0.1388
106,1401,1507,0.1388
104,1403,1507,0.1388
108,1411,1519,0.1388
108,1408,1516,0.1388
108,1416,1524,0.1388
108,1410,1518,0.1388
106,1424,1530,0.1388
108,1410,1518,0.1388
106,1413,1519,0.1388
102,1425,1527,0.1388
103,1427,1530,0.1388
101,1407,1508,0.1388
101,1406,1507,0.1388
102,1413,1515,0.1388
103,1412,1515,0.1388
105,1410,1515,0.1388
102,1399,1501,0.1388
101,1415,1516,0.1388
96,1407,1503,0.1388
100,1412,1512,0.1388
104,1403,1507,0.1388
111,1420,1531,0.1388
109,1408,1517,0.1388
107,1418,1525,0.1388
105,1410,1515,0.1388
105,1402,1507,0.1388
108,1400,1508,0.1388
110,1396,1506,0.1388
112,1395,1507,0.1388
113,1396,1509,0.1388
114,1406,1520,0.1388
113,1398,1511,0.1388
111,1393,1504,0.1388
108,1396,1504,0.1388
108,1395,1503,0.1388
109,1405,1514,0.1388
107,1400,1507,0.1388
107,1407,1514,0.1388
109,1403,1512,0.1388
111,1415,1526,0.1388
111,1405,1516,0.1388
111,1402,1513,0.1388
111,1409,1520,0.1388
114,1404,1518,0.1388
116,1398,1514,0.1388
120,1403,1523,0.1388
115,1400,1515,0.1388
114,1398,1512,0.1388
115,1400,1515,0.1388
113,1394,1507,0.1388
112,1396,1508,0.1388
110,1397,1507,0.1388
109,1399,1508,0.1388
106,1398,1504,0.1388
103,1388,1491,0.1388
103,1392,1495,0.1388
102,1390,1492,0.1388
100,1388,1488,0.1388
104,1397,1501,0.1388
104,1411,1515,0.1388
107,1418,1525,0.1388
104,1393,1497,0.1388
103,1401,1504,0.1388
102,1406,1508,0.1388
102,1416,1518,0.1388
99,1413,1512,0.1388
101,1410,1511,0.1388
101,1418,1519,0.1388
100,1422,1522,0.1388
102,1435,1537,0.1388
102,1426,1528,0.1388
104,1416,1520,0.1388
101,1418,1519,0.1388
100,1413,1513,0.1388
100,1412,1512,0.1388
99,1417,1516,0.1388
103,1410,1513,0.1388
104,1407,1511,0.1388
104,1413,1517,0.1388
101,1394,1495,0.1388
104,1389,1493,0.1388
104,1407,1511,0.1388
101,1424,1525,0.1388
98,1427,1525,0.1388
96,1433,1529,0.1388
97,1424,1521,0.1388
97,1427,1524,0.1388
93,1430,1523,0.1388
99,1429,1528,0.1388
95,1426,1521,0.1388
96,1416,1512,0.1388
94,1430,1524,0.1388
94,1420,1514,0.1388
92,1415,1507,0.1388
91,1405,1496,0.1388
94,1412,1506,0.1388
94,1417,1511,0.1388
95,1415,1510,0.1388
96,1422,1518,0.1388
97,1423,1520,0.1388
95,1422,1517,0.1388
93,1432,1525,0.1388
94,1420,1514,0.1388
97,1421,1518,0.1388
94,1422,1516,0.1388
92,1421,1513,0.1388
93,1428,1521,0.1388
90,1434,1524,0.1388
94,1429,1523,0.1388
93,1430,1523,0.1388
92,1441,1533,0.1388
91,1442,1533,0.1388
88,1429,1517,0.1388
86,1432,1518,0.1388
85,1426,1511,0.1388
88,1426,1514,0.1388
91,1433,1524,0.1388
91,1434,1525,0.1388
90,1419,1509,0.1388
90,1416,1506,0.1388
89,1422,1511,0.1388
92,1422,1514,0.1388
90,1421,1511,0.1388
90,1423,1513,0.1388
88,1412,1500,0.1388
88,1423,1511,0.1388
89,1426,1515,0.1388
93,1424,1517,0.1388
93,1425,1518,0.1388
92,1415,1507,0.1388
93,1420,1513,0.1388
93,1430,1523,0.1388
93,1420,1513,0.1388
90,1433,1523,0.1388
91,1438,1529,0.1388
90,1427,1517,0.1388
88,1433,1521,0.1388
90,1440,1530,0.1388
90,1439,1529,0.1388
92,1442,1534,0.1388
91,1436,1527,0.1388
87,1444,1531,0.1388
86,1453,1539,0.1388
87,1444,1531,0.1388
89,1441,1530,0.1388
87,1427,1514,0.1388
88,1416,1504,0.1388
87,1429,1516,0.1388
85,1420,1505,0.1388
85,1418,1503,0.1388
86,1408,1494,0.1388
86,1408,1494,0.1388
83,1420,1503,0.1388
76,1424,1500,0.1388
78,1428,1506,0.1388
79,1444,1523,0.1388
77,1444,1521,0.1388
78,1442,1520,0.1388
78,1440,1518,0.1388
77,1440,1517,0.1388
81,1439,1520,0.1388
82,1433,1515,0.1388
85,1435,1520,0.1388
84,1444,1528,0.1388
83,1441,1524,0.1388
83,1436,1519,0.1388
82,1437,1519,0.1388
85,1432,1517,0.1388
82,1431,1513,0.1388
83,1443,1526,0.1388
79,1439,1518,0.1388
79,1432,1511,0.1388
79,1428,1507,0.1388
79,1426,1505,0.1388
78,1427,1505,0.1388
77,1436,1513,0.1388
77,1430,1507,0.1388
78,1434,1512,0.1388
75,1442,1517,0.1388
76,1446,1522,0.1388
75,1432,1507,0.1388
74,1430,1504,0.1388
75,1448,1523,0.1388
73,1430,1503,0.1388
77,1433,1510,0.1388
74,1432,1506,0.1388
75,1436,1511,0.1388
74,1450,1524,0.1388
76,1438,1514,0.1388
77,1433,1510,0.1388
79,1434,1513,0.1388
78,1424,1502,0.1388
76,1429,1505,0.1388
79,1417,1496,0.1388
80,1435,1515,0.1388
76,1433,1509,0.1388
76,1420,1496,0.1388
76,1427,1503,0.1388
75,1429,1504,0.1388
72,1414,1486,0.1388
71,1436,1507,0.1388
70,1429,1499,0.1388
71,1427,1498,0.1388
73,1433,1506,0.1388
72,1447,1519,0.1388
72,1442,1514,0.1388
73,1431,1504,0.1388
75,1443,1518,0.1388
73,1448,1521,0.1388
73,1444,1517,0.1388
70,1441,1511,0.1388
68,1443,1511,0.1388
72,1447,1519,0.1388
70,1448,1518,0.1388
71,1441,1512,0.1388
72,1437,1509,0.1388
72,1450,1522,0.1388
73,1447,1520,0.1388
71,1455,1526,0.1388
73,1461,1534,0.1388
72,1452,1524,0.1388
72,1434,1506,0.1388
72,1445,1517,0.1388
71,1448,1519,0.1388
70,1450,1520,0.1388
69,1446,1515,0.1388
68,1445,1513,0.1388
67,1447,1514,0.1388
69,1445,1514,0.1388
69,1444,1513,0.1388
67,1442,1509,0.1388
66,1437,1503,0.1388
69,1454,1523,0.1388
69,1452,1521,0.1388
68,1446,1514,0.1388
71,1448,1519,0.1388
72,1451,1523,0.1388
73,1451,1524,0.1388
69,1448,1517,0.1388
65,1452,1517,0.1388
66,1442,1508,0.1388
66,1444,1510,0.1388
66,1449,1515,0.1388
65,1455,1520,0.1388
63,1462,1525,0.1388
63,1459,1522,0.1388
63,1467,1530,0.1388
60,1467,1527,0.1388
63,1447,1510,0.1388
62,1439,1501,0.1388
60,1439,1499,0.1388
61,1453,1514,0.1388
58,1449,1507,0.1388
58,1460,1518,0.1388
54,1451,1505,0.1388
55,1453,1508,0.1388
56,1458,1514,0.1388
57,1457,1514,0.1388
58,1458,1516,0.1388
59,1451,1510,0.1388
60,1447,1507,0.1388
58,1457,1515,0.1388
58,1469,1527,0.1388
59,1480,1539,0.1388
58,1471,1529,0.1388
58,1468,1526,0.1388
55,1464,1519,0.1388
56,1463,1519,0.1388
56,1481,1537,0.1388
54,1475,1529,0.1388
55,1479,1534,0.1388
55,1480,1535,0.1388
54,1472,1526,0.1388
55,1467,1522,0.1388
54,1452,1506,0.1388
55,1458,1513,0.1388
55,1448,1503,0.1388
53,1463,1516,0.1388
52,1467,1519,0.1388
52,1471,1523,0.1388
50,1469,1519,0.1388
48,1474,1522,0.1388
49,1468,1517,0.1388
48,1462,1510,0.1388
46,1462,1508,0.1388
48,1460,1508,0.1388
47,1458,1505,0.1388
46,1453,1499,0.1388
46,1452,1498,0.1388
46,1445,1491,0.1388
46,1472,1518,0.1388
46,1485,1531,0.1388
47,1485,1532,0.1388
46,1476,1522,0.1388
46,1467,1513,0.1388
47,1458,1505,0.1388
45,1459,1504,0.1388
45,1473,1518,0.1388
41,1470,1511,0.1388
40,1480,1520,0.1388
39,1483,1522,0.1388
38,1477,1515,0.1388
38,1476,1514,0.1388
39,1475,1514,0.1388
39,1470,1509,0.1388
40,1461,1501,0.1388
39,1469,1508,0.1388
37,1471,1508,0.1388
39,1478,1517,0.1388
39,1485,1524,0.1388
38,1481,1519,0.1388
38,1483,1521,0.1388
39,1482,1521,0.1388
36,1482,1518,0.1388
37,1486,1523,0.1388
39,1474,1513,0.1388
39,1484,1523,0.1388
41,1478,1519,0.1388
37,1476,1513,0.1388
35,1471,1506,0.1388
41,1478,1519,0.1388
41,1482,1523,0.1388
41,1479,1520,0.1388
42,1479,1521,0.1388
41,1471,1512,0.1388
41,1477,1518,0.1388
40,1476,1516,0.1388
39,1479,1518,0.1388
39,1486,1525,0.1388
40,1487,1527,0.1388
40,1489,1529,0.1388
41,1475,1516,0.1388
40,1482,1522,0.1388
42,1479,1521,0.1388
41,1473,1514,0.1388
38,1465,1503,0.1388
38,1475,1513,0.1388
39,1466,1505,0.1388
38,1468,1506,0.1388
36,1479,1515,0.1388
35,1473,1508,0.1388
37,1483,1520,0.1388
35,1477,1512,0.1388
39,1487,1526,0.1388
39,1478,1517,0.1388
39,1474,1513,0.1388
39,1464,1503,0.1388
41,1468,1509,0.1388
43,1454,1497,0.1388
45,1472,1517,0.1388
44,1483,1527,0.1388
45,1501,1546,0.1388
43,1486,1529,0.1388
41,1476,1517,0.1388
40,1469,1509,0.1388
40,1482,1522,0.1388
37,1468,1505,0.1388
37,1482,1519,0.1388
37,1472,1509,0.1388
38,1468,1506,0.1388
40,1479,1519,0.1388
41,1476,1517,0.1388
40,1477,1517,0.1388
39,1477,1516,0.1388
39,1475,1514,0.1388
40,1473,1513,0.1388
39,1479,1518,0.1388
41,1474,1515,0.1388
42,1470,1512,0.1388
42,1465,1507,0.1388
40,1465,1505,0.1388
39,1467,1506,0.1388
39,1476,1515,0.1388
40,1475,1515,0.1388
39,1461,1500,0.1388
40,1473,1513,0.1388
41,1486,1527,0.1388
38,1485,1523,0.1388
37,1481,1518,0.1388
35,1471,1506,0.1388
36,1476,1512,0.1388
37,1473,1510,0.1388
38,1480,1518,0.1388
38,1474,1512,0.1388
38,1480,1518,0.1388
37,1477,1514,0.1388
34,1465,1499,0.1388
35,1471,1506,0.1388
35,1473,1508,0.1388
36,1480,1516,0.1388
35,1483,1518,0.1388
37,1494,1531,0.1388
35,1485,1520,0.1388
36,1475,1511,0.1388
35,1474,1509,0.1388
35,1474,1509,0.1388
34,1469,1503,0.1388
33,1479,1512,0.1388
33,1479,1512,0.1388
34,1479,1513,0.1388
34,1469,1503,0.1388
33,1467,1500,0.1388
32,1475,1507,0.1388
34,1473,1507,0.1388
34,1486,1520,0.1388
34,1476,1510,0.1388
38,1471,1509,0.1388
37,1480,1517,0.1388
36,1479,1515,0.1388
36,1478,1514,0.1388
36,1469,1505,0.1388
38,1470,1508,0.1388
39,1472,1511,0.1388
41,1466,1507,0.1388
42,1474,1516,0.1388
41,1471,1512,0.1388
41,1474,1515,0.1388
41,1482,1523,0.1388
40,1473,1513,0.1388
41,1484,1525,0.1388
42,1483,1525,0.1388
42,1475,1517,0.1388
42,1475,1517,0.1388
40,1481,1521,0.1388
41,1483,1524,0.1388
43,1487,1530,0.1388
43,1490,1533,0.1388
43,1487,1530,0.1388
44,1480,1524,0.1388
45,1479,1524,0.1388
44,1478,1522,0.1388
43,1467,1510,0.1388
42,1468,1510,0.1388
45,1472,1517,0.1388
45,1467,1512,0.1388
46,1462,1508,0.1388
43,1461,1504,0.1388
45,1473,1518,0.1388
46,1465,1511,0.1388
47,1463,1510,0.1388
46,1466,1512,0.1388
46,1463,1509,0.1388
43,1470,1513,0.1388
43,1479,1522,0.1388
43,1474,1517,0.1388
41,1474,1515,0.1388
41,1481,1522,0.1388
40,1473,1513,0.1388
40,1468,1508,0.1388
40,1455,1495,0.1388
39,1456,1495,0.1388
37,1453,1490,0.1388
38,1461,1499,0.1388
37,1467,1504,0.1388
37,1470,1507,0.1388
39,1487,1526,0.1388
39,1476,1515,0.1388
39,1468,1507,0.1388
39,1459,1498,0.1388
38,1458,1496,0.1388
36,1475,1511,0.1388
36,1491,1527,0.1388
36,1487,1523,0.1388
35,1492,1527,0.1388
34,1493,1527,0.1388
33,1491,1524,0.1388
35,1486,1521,0.1388
36,1484,1520,0.1388
36,1499,1535,0.1388
36,1490,1526,0.1388
37,1484,1521,0.1388
35,1487,1522,0.1388
35,1483,1518,0.1388
35,1478,1513,0.1388
35,1468,1503,0.1388
34,1466,1500,0.1388
33,1464,1497,0.1388
34,1467,1501,0.1388
33,1482,1515,0.1388
33,1475,1508,0.1388
34,1469,1503,0.1388
33,1459,1492,0.1388
32,1475,1507,0.1388
33,1478,1511,0.1388
33,1467,1500,0.1388
33,1477,1510,0.1388
32,1471,1503,0.1388
32,1473,1505,0.1388
32,1479,1511,0.1388
31,1480,1511,0.1388
30,1491,1521,0.1388
32,1494,1526,0.1388
33,1503,1536,0.1388
32,1494,1526,0.1388
33,1506,1539,0.1388
33,1490,1523,0.1388
32,1500,1532,0.1388
33,1497,1530,0.1388
33,1479,1512,0.1388
33,1486,1519,0.1388
32,1499,1531,0.1388
32,1493,1525,0.1388
31,1489,1520,0.1388
30,1489,1519,0.1388
30,1485,1515,0.1388
30,1484,1514,0.1388
28,1490,1518,0.1388
28,1480,1508,0.1388
30,1484,1514,0.1388
29,1485,1514,0.1388
27,1494,1521,0.1388
29,1494,1523,0.1388
29,1487,1516,0.1388
27,1479,1506,0.1388
27,1496,1523,0.1388
27,1494,1521,0.1388
27,1481,1508,0.1388
29,1489,1518,0.1388
28,1489,1517,0.1388
28,1477,1505,0.1388
29,1497,1526,0.1388
29,1494,1523,0.1388
31,1491,1522,0.1388
27,1495,1522,0.1388
27,1493,1520,0.1388
26,1501,1527,0.1388
26,1498,1524,0.1388
25,1497,1522,0.1388
25,1484,1509,0.1388
22,1492,1514,0.1388
22,1494,1516,0.1388
23,1500,1523,0.1388
23,1501,1524,0.1388
22,1517,1539,0.1388
22,1509,1531,0.1388
22,1504,1526,0.1388
22,1495,1517,0.1388
21,1491,1512,0.1388
17,1502,1519,0.1388
18,1504,1522,0.1388
16,1497,1513,0.1388
15,1497,1512,0.1388
16,1503,1519,0.1388
16,1503,1519,0.1388
16,1501,1517,0.1388
16,1517,1533,0.1388
16,1504,1520,0.1388
15,1494,1509,0.1388
14,1493,1507,0.1388
15,1504,1519,0.1388
15,1501,1516,0.1388
15,1498,1513,0.1388
15,1496,1511,0.1388
15,1489,1504,0.1388
16,1485,1501,0.1388
16,1498,1514,0.1388
16,1488,1504,0.1388
16,1497,1513,0.1388
15,1505,1520,0.1388
15,1509,1524,0.1388
16,1503,1519,0.1388
16,1500,1516,0.1388
15,1503,1518,0.1388
15,1485,1500,0.1388
15,1488,1503,0.1388
15,1497,1512,0.1388
15,1509,1524,0.1388
13,1502,1515,0.1388
14,1502,1516,0.1388
16,1500,1516,0.1388
15,1509,1524,0.1388
14,1507,1521,0.1388
14,1509,1523,0.1388
14,1495,1509,0.1388
13,1503,1516,0.1388
14,1495,1509,0.1388
14,1497,1511,0.1388
14,1495,1509,0.1388
14,1500,1514,0.1388
11,1509,1520,0.1388
10,1520,1530,0.1388
10,1509,1519,0.1388
10,1525,1535,0.1388
10,1525,1535,0.1388
10,1514,1524,0.1388
10,1508,1518,0.1388
10,1513,1523,0.1388
8,1502,1510,0.1388
8,1506,1514,0.1388
7,1511,1518,0.1388
7,1514,1521,0.1388
7,1506,1513,0.1388
6,1508,1514,0.1388
6,1510,1516,0.1388
5,1511,1516,0.1388
5,1510,1515,0.1388
4,1517,1521,0.1388
4,1508,1512,0.1388
4,1514,1518,0.1388
4,1515,1519,0.1388
4,1507,1511,0.1388
4,1502,1506,0.1388
3,1511,1514,0.1388
3,1510,1513,0.1388
5,1521,1526,0.1388
5,1539,1544,0.1388
4,1530,1534,0.1388
4,1515,1519,0.1388
5,1504,1509,0.1388
6,1516,1522,0.1388
6,1504,1510,0.1388
6,1512,1518,0.1388
6,1509,1515,0.1388
5,1488,1493,0.1388
6,1493,1499,0.1388
6,1483,1489,0.1388
6,1503,1509,0.1388
6,1505,1511,0.1388
5,1505,1510,0.1388
5,1511,1516,0.1388
4,1521,1525,0.1388
4,1514,1518,0.1388
3,1512,1515,0.1388
3,1515,1518,0.1388
3,1500,1503,0.1388
3,1511,1514,0.1388
3,1523,1526,0.1388
3,1526,1529,0.1388
3,1513,1516,0.1388
3,1513,1516,0.1388
2,1512,1514,0.1388
2,1511,1513,0.1388
2,1511,1513,0.1388
2,1510,1512,0.1388
2,1524,1526,0.1388
2,1524,1526,0.1388
2,1523,1525,0.1388
2,1515,1517,0.1388
2,1516,1518,0.1388
2,1519,1521,0.1388
2,1507,1509,0.1388
2,1507,1509,0.1388
2,1511,1513,0.1388
2,1513,1515,0.1388
2,1516,1518,0.1388
2,1522,1524,0.1388
2,1519,1521,0.1388
2,1528,1530,0.1388
2,1518,1520,0.1388
2,1525,1527,0.1388
3,1534,1537,0.1388
3,1534,1537,0.1388
3,1527,1530,0.1388
3,1520,1523,0.1388
3,1512,1515,0.1388
3,1511,1514,0.1388
3,1512,1515,0.1388
3,1515,1518,0.1388
3,1520,1523,0.1388
3,1512,1515,0.1388
3,1519,1522,0.1388
3,1514,1517,0.1388
3,1527,1530,0.1388
2,1527,1529,0.1388
2,1528,1530,0.1388
2,1522,1524,0.1388
1,1533,1534,0.1388
1,1513,1514,0.1388
1,1519,1520,0.1388
1,1516,1517,0.1388
1,1507,1508,0.1388
1,1515,1516,0.1388
1,1521,1522,0.1388
1,1516,1517,0.1388
1,1514,1515,0.1388
1,1516,1517,0.1388
1,1513,1514,0.1388
1,1505,1506,0.1388
1,1507,1508,0.1388
1,1507,1508,0.1388
1,1511,1512,0.1388
1,1505,1506,0.1388
0,1523,1523,0.1388
