1384,28,1412,0.1388
1401,28,1429,0.1388
1417,30,1447,0.1388
1435,30,1465,0.1388
1453,30,1483,0.1388
1438,32,1470,0.1388
1451,32,1483,0.1388
1452,33,1485,0.1388
1461,34,1495,0.1388
1459,32,1491,0.1388
1459,32,1491,0.1388
1447,32,1479,0.1388
1448,31,1479,0.1388
1459,30,1489,0.1388
1457,28,1485,0.1388
1452,29,1481,0.1388
1450,32,1482,0.1388
1450,31,1481,0.1388
1457,30,1487,0.1388
1451,30,1481,0.1388
1463,33,1496,0.1388
1462,36,1498,0.1388
1465,35,1500,0.1388
1470,35,1505,0.1388
1476,36,1512,0.1388
1469,38,1507,0.1388
1472,40,1512,0.1388
1472,42,1514,0.1388
1462,42,1504,0.1388
1455,44,1499,0.1388
1456,42,1498,0.1388
1439,42,1481,0.1388
1440,42,1482,0.1388
1451,42,1493,0.1388
1428,45,1473,0.1388
1447,45,1492,0.1388
1453,42,1495,0.1388
1457,42,1499,0.1388
1455,41,1496,0.1388
1460,41,1501,0.1388
1465,43,1508,0.1388
1471,40,1511,0.1388
1467,40,1507,0.1388
1468,38,1506,0.1388
1468,40,1508,0.1388
1455,40,1495,0.1388
1458,40,1498,0.1388
1462,39,1501,0.1388
1468,41,1509,0.1388
1454,41,1495,0.1388
1462,42,1504,0.1388
1467,40,1507,0.1388
1455,41,1496,0.1388
1469,41,1510,0.1388
1462,40,1502,0.1388
1466,40,1506,0.1388
1473,39,1512,0.1388
1463,39,1502,0.1388
1458,41,1499,0.1388
1436,41,1477,0.1388
1435,40,1475,0.1388
1442,42,1484,0.1388
1447,45,1492,0.1388
1458,46,1504,0.1388
1463,47,1510,0.1388
1465,48,1513,0.1388
1474,47,1521,0.1388
1457,48,1505,0.1388
1456,46,1502,0.1388
1449,45,1494,0.1388
1447,45,1492,0.1388
1444,47,1491,0.1388
1452,46,1498,0.1388
1467,45,1512,0.1388
1455,46,1501,0.1388
1454,45,1499,0.1388
1451,45,1496,0.1388
1438,45,1483,0.1388
1447,46,1493,0.1388
1447,45,1492,0.1388
1458,44,1502,0.1388
1455,47,1502,0.1388
1442,47,1489,0.1388
1454,48,1502,0.1388
1457,50,1507,0.1388
1454,51,1505,0.1388
1439,53,1492,0.1388
1445,52,1497,0.1388
1444,54,1498,0.1388
1442,55,1497,0.1388
1449,56,1505,0.1388
1433,58,1491,0.1388
1429,59,1488,0.1388
1416,59,1475,0.1388
1432,56,1488,0.1388
1431,56,1487,0.1388
1432,56,1488,0.1388
1433,54,1487,0.1388
1435,54,1489,0.1388
1428,56,1484,0.1388
1438,55,1493,0.1388
1433,57,1490,0.1388
1436,57,1493,0.1388
1438,56,1494,0.1388
1432,56,1488,0.1388
1426,53,1479,0.1388
1431,55,1486,0.1388
1427,56,1483,0.1388
1423,59,1482,0.1388
1428,58,1486,0.1388
1443,59,1502,0.1388
1437,58,1495,0.1388
1448,58,1506,0.1388
1454,55,1509,0.1388
1451,54,1505,0.1388
1460,54,1514,0.1388
1437,52,1489,0.1388
1442,52,1494,0.1388
1442,52,1494,0.1388
1449,49,1498,0.1388
1458,46,1504,0.1388
1445,46,1491,0.1388
1438,46,1484,0.1388
1445,47,1492,0.1388
1435,49,1484,0.1388
1444,48,1492,0.1388
1448,49,1497,0.1388
1436,49,1485,0.1388
1444,50,1494,0.1388
1442,49,1491,0.1388
1437,49,1486,0.1388
1430,50,1480,0.1388
1431,51,1482,0.1388
1440,50,1490,0.1388
1436,51,1487,0.1388
1433,51,1484,0.1388
1448,50,1498,0.1388
1453,49,1502,0.1388
1449,48,1497,0.1388
1440,46,1486,0.1388
1442,49,1491,0.1388
1453,50,1503,0.1388
1445,52,1497,0.1388
1451,52,1503,0.1388
1449,54,1503,0.1388
1439,52,1491,0.1388
1449,54,1503,0.1388
1455,53,1508,0.1388
1447,52,1499,0.1388
1452,51,1503,0.1388
1457,50,1507,0.1388
1443,49,1492,0.1388
1435,52,1487,0.1388
1448,52,1500,0.1388
1447,53,1500,0.1388
1446,51,1497,0.1388
1427,51,1478,0.1388
1438,52,1490,0.1388
1431,52,1483,0.1388
1440,52,1492,0.1388
1454,53,1507,0.1388
1449,54,1503,0.1388
1442,55,1497,0.1388
1434,58,1492,0.1388
1437,61,1498,0.1388
1426,61,1487,0.1388
1429,67,1496,0.1388
1439,70,1509,0.1388
1434,72,1506,0.1388
1426,71,1497,0.1388
1408,67,1475,0.1388
1416,69,1485,0.1388
1434,69,1503,0.1388
1426,70,1496,0.1388
1417,70,1487,0.1388
1425,69,1494,0.1388
1430,69,1499,0.1388
1429,71,1500,0.1388
1422,70,1492,0.1388
1421,72,1493,0.1388
1428,70,1498,0.1388
1422,72,1494,0.1388
1424,67,1491,0.1388
1425,67,1492,0.1388
1421,67,1488,0.1388
1422,69,1491,0.1388
1429,68,1497,0.1388
1432,71,1503,0.1388
1434,68,1502,0.1388
1436,70,1506,0.1388
1432,70,1502,0.1388
1441,71,1512,0.1388
1429,70,1499,0.1388
1420,68,1488,0.1388
1412,68,1480,0.1388
1428,66,1494,0.1388
1421,68,1489,0.1388
1415,70,1485,0.1388
1413,69,1482,0.1388
1419,68,1487,0.1388
1430,67,1497,0.1388
1419,69,1488,0.1388
1430,68,1498,0.1388
1414,68,1482,0.1388
1426,65,1491,0.1388
1416,64,1480,0.1388
1426,66,1492,0.1388
1424,70,1494,0.1388
1413,68,1481,0.1388
1425,65,1490,0.1388
1429,65,1494,0.1388
1424,66,1490,0.1388
1422,64,1486,0.1388
1415,61,1476,0.1388
1415,64,1479,0.1388
1414,65,1479,0.1388
1434,64,1498,0.1388
1438,66,1504,0.1388
1436,66,1502,0.1388
1433,67,1500,0.1388
1428,65,1493,0.1388
1420,66,1486,0.1388
1422,63,1485,0.1388
1424,65,1489,0.1388
1416,68,1484,0.1388
1415,70,1485,0.1388
1411,72,1483,0.1388
1413,73,1486,0.1388
1407,75,1482,0.1388
1424,76,1500,0.1388
1414,76,1490,0.1388
1409,74,1483,0.1388
1404,74,1478,0.1388
1402,78,1480,0.1388
1414,76,1490,0.1388
1416,77,1493,0.1388
1414,78,1492,0.1388
1418,78,1496,0.1388
1413,77,1490,0.1388
1416,73,1489,0.1388
1417,74,1491,0.1388
1407,71,1478,0.1388
1418,70,1488,0.1388
1416,68,1484,0.1388
1432,69,1501,0.1388
1425,68,1493,0.1388
1415,70,1485,0.1388
1406,73,1479,0.1388
1425,75,1500,0.1388
1427,80,1507,0.1388
1423,80,1503,0.1388
1410,75,1485,0.1388
1397,77,1474,0.1388
1414,77,1491,0.1388
1412,78,1490,0.1388
1409,82,1491,0.1388
1411,82,1493,0.1388
1409,82,1491,0.1388
1414,83,1497,0.1388
1413,83,1496,0.1388
1412,85,1497,0.1388
1403,84,1487,0.1388
1419,84,1503,0.1388
1419,87,1506,0.1388
1409,90,1499,0.1388
1404,89,1493,0.1388
1397,92,1489,0.1388
1380,97,1477,0.1388
1393,96,1489,0.1388
1396,99,1495,0.1388
1384,99,1483,0.1388
1381,98,1479,0.1388
1381,101,1482,0.1388
1379,105,1484,0.1388
1364,104,1468,0.1388
1377,106,1483,0.1388
1376,108,1484,0.1388
1372,106,1478,0.1388
1375,105,1480,0.1388
1388,105,1493,0.1388
1392,105,1497,0.1388
1390,103,1493,0.1388
1394,108,1502,0.1388
1403,107,1510,0.1388
1398,107,1505,0.1388
1391,106,1497,0.1388
1376,106,1482,0.1388
1376,104,1480,0.1388
1378,106,1484,0.1388
1372,108,1480,0.1388
1383,109,1492,0.1388
1390,109,1499,0.1388
1384,109,1493,0.1388
1386,110,1496,0.1388
1398,115,1513,0.1388
1395,113,1508,0.1388
1396,114,1510,0.1388
1374,113,1487,0.1388
1393,115,1508,0.1388
1400,112,1512,0.1388
1398,110,1508,0.1388
1404,108,1512,0.1388
1399,112,1511,0.1388
1410,113,1523,0.1388
1394,115,1509,0.1388
1407,118,1525,0.1388
1410,117,1527,0.1388
1396,116,1512,0.1388
1400,119,1519,0.1388
1386,116,1502,0.1388
1391,117,1508,0.1388
1379,112,1491,0.1388
1377,111,1488,0.1388
1384,112,1496,0.1388
1380,109,1489,0.1388
1379,108,1487,0.1388
1373,107,1480,0.1388
1372,110,1482,0.1388
1373,115,1488,0.1388
1381,113,1494,0.1388
1372,113,1485,0.1388
1363,108,1471,0.1388
1369,113,1482,0.1388
1382,114,1496,0.1388
1383,114,1497,0.1388
1383,112,1495,0.1388
1376,113,1489,0.1388
1374,111,1485,0.1388
1379,110,1489,0.1388
1385,116,1501,0.1388
1389,115,1504,0.1388
1378,111,1489,0.1388
1378,111,1489,0.1388
1380,114,1494,0.1388
1371,111,1482,0.1388
1367,114,1481,0.1388
1365,118,1483,0.1388
1369,122,1491,0.1388
1367,125,1492,0.1388
1359,129,1488,0.1388
1371,126,1497,0.1388
1376,129,1505,0.1388
1381,126,1507,0.1388
1373,126,1499,0.1388
1362,131,1493,0.1388
1358,133,1491,0.1388
1367,132,1499,0.1388
1363,130,1493,0.1388
1367,129,1496,0.1388
1361,124,1485,0.1388
1354,126,1480,0.1388
1353,123,1476,0.1388
1359,123,1482,0.1388
1355,125,1480,0.1388
1359,136,1495,0.1388
1354,135,1489,0.1388
1356,135,1491,0.1388
1368,138,1506,0.1388
1370,134,1504,0.1388
1359,133,1492,0.1388
1364,133,1497,0.1388
1354,131,1485,0.1388
1363,130,1493,0.1388
1358,129,1487,0.1388
1359,127,1486,0.1388
1351,128,1479,0.1388
1359,127,1486,0.1388
1354,125,1479,0.1388
1361,127,1488,0.1388
1367,132,1499,0.1388
1349,131,1480,0.1388
1350,131,1481,0.1388
1355,133,1488,0.1388
1360,133,1493,0.1388
1362,131,1493,0.1388
1367,133,1500,0.1388
1375,135,1510,0.1388
1381,136,1517,0.1388
1368,133,1501,0.1388
1371,131,1502,0.1388
1364,131,1495,0.1388
1362,134,1496,0.1388
1369,132,1501,0.1388
1368,134,1502,0.1388
1360,133,1493,0.1388
1367,135,1502,0.1388
1369,134,1503,0.1388
1360,131,1491,0.1388
1373,131,1504,0.1388
1380,130,1510,0.1388
1389,130,1519,0.1388
1374,129,1503,0.1388
1368,131,1499,0.1388
1372,134,1506,0.1388
1359,134,1493,0.1388
1368,136,1504,0.1388
1380,131,1511,0.1388
1371,127,1498,0.1388
1370,129,1499,0.1388
1378,137,1515,0.1388
1376,137,1513,0.1388
1357,132,1489,0.1388
1355,131,1486,0.1388
1355,133,1488,0.1388
1365,133,1498,0.1388
1371,132,1503,0.1388
1365,134,1499,0.1388
1364,134,1498,0.1388
1362,136,1498,0.1388
1357,133,1490,0.1388
1360,135,1495,0.1388
1353,134,1487,0.1388
1360,138,1498,0.1388
1344,136,1480,0.1388
1342,133,1475,0.1388
1348,134,1482,0.1388
1360,136,1496,0.1388
1364,133,1497,0.1388
1376,132,1508,0.1388
1386,134,1520,0.1388
1383,135,1518,0.1388
1377,137,1514,0.1388
1381,133,1514,0.1388
1371,132,1503,0.1388
1372,129,1501,0.1388
1368,126,1494,0.1388
1361,127,1488,0.1388
1365,125,1490,0.1388
1361,130,1491,0.1388
1348,132,1480,0.1388
1348,136,1484,0.1388
1356,142,1498,0.1388
1362,142,1504,0.1388
1358,140,1498,0.1388
1362,141,1503,0.1388
1350,141,1491,0.1388
1353,142,1495,0.1388
1358,136,1494,0.1388
1354,136,1490,0.1388
1359,136,1495,0.1388
1357,141,1498,0.1388
1358,145,1503,0.1388
1358,142,1500,0.1388
1364,139,1503,0.1388
1368,139,1507,0.1388
1374,135,1509,0.1388
1367,139,1506,0.1388
1368,144,1512,0.1388
1362,141,1503,0.1388
1365,140,1505,0.1388
1358,136,1494,0.1388
1362,140,1502,0.1388
1356,140,1496,0.1388
1359,137,1496,0.1388
1346,139,1485,0.1388
1357,136,1493,0.1388
1359,139,1498,0.1388
1353,139,1492,0.1388
1351,138,1489,0.1388
1359,145,1504,0.1388
1349,145,1494,0.1388
1359,146,1505,0.1388
1359,141,1500,0.1388
1350,139,1489,0.1388
1355,140,1495,0.1388
1356,140,1496,0.1388
1355,142,1497,0.1388
1335,143,1478,0.1388
1322,142,1464,0.1388
1338,143,1481,0.1388
1332,146,1478,0.1388
1348,143,1491,0.1388
1349,141,1490,0.1388
1347,141,1488,0.1388
1338,145,1483,0.1388
1353,145,1498,0.1388
1354,146,1500,0.1388
1344,148,1492,0.1388
1339,148,1487,0.1388
1349,148,1497,0.1388
1356,149,1505,0.1388
1354,147,1501,0.1388
1353,149,1502,0.1388
1355,149,1504,0.1388
1351,151,1502,0.1388
1338,149,1487,0.1388
1354,150,1504,0.1388
1352,145,1497,0.1388
1346,148,1494,0.1388
1341,154,1495,0.1388
1344,156,1500,0.1388
1340,153,1493,0.1388
1356,156,1512,0.1388
1353,153,1506,0.1388
1356,149,1505,0.1388
1348,146,1494,0.1388
1354,150,1504,0.1388
1350,150,1500,0.1388
1343,149,1492,0.1388
1345,153,1498,0.1388
1347,158,1505,0.1388
1338,161,1499,0.1388
1332,161,1493,0.1388
1330,157,1487,0.1388
1328,156,1484,0.1388
1337,150,1487,0.1388
1338,151,1489,0.1388
1342,149,1491,0.1388
1339,150,1489,0.1388
1344,146,1490,0.1388
1345,152,1497,0.1388
1345,155,1500,0.1388
1344,157,1501,0.1388
1350,155,1505,0.1388
1352,151,1503,0.1388
1367,154,1521,0.1388
1350,158,1508,0.1388
1340,156,1496,0.1388
1352,151,1503,0.1388
1327,162,1489,0.1388
1326,155,1481,0.1388
1323,157,1480,0.1388
1324,155,1479,0.1388
1339,159,1498,0.1388
1340,155,1495,0.1388
1339,155,1494,0.1388
1342,153,1495,0.1388
1340,154,1494,0.1388
1329,159,1488,0.1388
1324,161,1485,0.1388
1327,161,1488,0.1388
1323,159,1482,0.1388
1316,165,1481,0.1388
1316,168,1484,0.1388
1308,168,1476,0.1388
1326,175,1501,0.1388
1319,167,1486,0.1388
1330,166,1496,0.1388
1331,168,1499,0.1388
1323,171,1494,0.1388
1328,173,1501,0.1388
1328,172,1500,0.1388
1320,171,1491,0.1388
1321,174,1495,0.1388
1325,173,1498,0.1388
1324,179,1503,0.1388
1332,177,1509,0.1388
1322,178,1500,0.1388
1326,179,1505,0.1388
1339,177,1516,0.1388
1328,177,1505,0.1388
1334,180,1514,0.1388
1328,177,1505,0.1388
1319,175,1494,0.1388
1302,176,1478,0.1388
1313,176,1489,0.1388
1309,178,1487,0.1388
1315,178,1493,0.1388
1301,174,1475,0.1388
1304,179,1483,0.1388
1299,178,1477,0.1388
1296,178,1474,0.1388
1310,183,1493,0.1388
1309,186,1495,0.1388
1318,188,1506,0.1388
1317,188,1505,0.1388
1318,192,1510,0.1388
1324,192,1516,0.1388
1321,191,1512,0.1388
1327,193,1520,0.1388
1308,195,1503,0.1388
1300,195,1495,0.1388
1292,192,1484,0.1388
1302,194,1496,0.1388
1306,195,1501,0.1388
1303,194,1497,0.1388
1306,192,1498,0.1388
1303,195,1498,0.1388
1295,195,1490,0.1388
1276,196,1472,0.1388
1286,197,1483,0.1388
1284,199,1483,0.1388
1286,197,1483,0.1388
1305,198,1503,0.1388
1300,198,1498,0.1388
1303,196,1499,0.1388
1298,198,1496,0.1388
1305,198,1503,0.1388
1299,197,1496,0.1388
1307,198,1505,0.1388
1301,197,1498,0.1388
1303,198,1501,0.1388
1293,193,1486,0.1388
1289,193,1482,0.1388
1299,198,1497,0.1388
1297,203,1500,0.1388
1287,203,1490,0.1388
1292,199,1491,0.1388
1298,203,1501,0.1388
1293,206,1499,0.1388
1296,206,1502,0.1388
1291,209,1500,0.1388
1285,211,1496,0.1388
1287,212,1499,0.1388
1301,210,1511,0.1388
1306,207,1513,0.1388
1303,206,1509,0.1388
1296,207,1503,0.1388
1299,210,1509,0.1388
1288,208,1496,0.1388
1298,204,1502,0.1388
1295,203,1498,0.1388
1293,208,1501,0.1388
1291,207,1498,0.1388
1285,211,1496,0.1388
1281,220,1501,0.1388
1275,222,1497,0.1388
1271,222,1493,0.1388
1271,224,1495,0.1388
1270,227,1497,0.1388
1267,226,1493,0.1388
1273,230,1503,0.1388
1272,234,1506,0.1388
1280,224,1504,0.1388
1278,229,1507,0.1388
1281,226,1507,0.1388
1274,231,1505,0.1388
1272,232,1504,0.1388
1271,230,1501,0.1388
1274,230,1504,0.1388
1278,233,1511,0.1388
1281,228,1509,0.1388
1278,232,1510,0.1388
1277,231,1508,0.1388
1262,225,1487,0.1388
1269,231,1500,0.1388
1250,234,1484,0.1388
1253,241,1494,0.1388
1244,242,1486,0.1388
1239,242,1481,0.1388
1244,244,1488,0.1388
1237,243,1480,0.1388
1234,246,1480,0.1388
1233,245,1478,0.1388
1232,249,1481,0.1388
1248,247,1495,0.1388
1253,246,1499,0.1388
1249,247,1496,0.1388
1247,247,1494,0.1388
1249,250,1499,0.1388
1241,253,1494,0.1388
1243,256,1499,0.1388
1250,246,1496,0.1388
1232,248,1480,0.1388
1247,246,1493,0.1388
1237,249,1486,0.1388
1246,254,1500,0.1388
1246,255,1501,0.1388
1250,250,1500,0.1388
1246,249,1495,0.1388
1247,251,1498,0.1388
1246,258,1504,0.1388
1246,256,1502,0.1388
1243,254,1497,0.1388
1246,255,1501,0.1388
1256,250,1506,0.1388
1250,255,1505,0.1388
1253,258,1511,0.1388
1244,256,1500,0.1388
1233,255,1488,0.1388
1235,262,1497,0.1388
1241,263,1504,0.1388
1239,270,1509,0.1388
1244,270,1514,0.1388
1244,266,1510,0.1388
1232,268,1500,0.1388
1218,266,1484,0.1388
1215,268,1483,0.1388
1224,264,1488,0.1388
1235,264,1499,0.1388
1228,270,1498,0.1388
1221,270,1491,0.1388
1229,274,1503,0.1388
1221,275,1496,0.1388
1221,272,1493,0.1388
1221,274,1495,0.1388
1221,282,1503,0.1388
1221,285,1506,0.1388
1208,280,1488,0.1388
1209,275,1484,0.1388
1208,280,1488,0.1388
1208,279,1487,0.1388
1231,284,1515,0.1388
1223,282,1505,0.1388
1221,278,1499,0.1388
1219,275,1494,0.1388
1222,275,1497,0.1388
1223,273,1496,0.1388
1234,273,1507,0.1388
1224,274,1498,0.1388
1231,279,1510,0.1388
1229,280,1509,0.1388
1225,283,1508,0.1388
1226,282,1508,0.1388
1217,281,1498,0.1388
1220,283,1503,0.1388
1203,286,1489,0.1388
1199,285,1484,0.1388
1193,287,1480,0.1388
1195,284,1479,0.1388
1206,291,1497,0.1388
1206,297,1503,0.1388
1181,299,1480,0.1388
1175,292,1467,0.1388
1184,299,1483,0.1388
1184,308,1492,0.1388
1173,307,1480,0.1388
1172,306,1478,0.1388
1185,307,1492,0.1388
1173,304,1477,0.1388
1177,306,1483,0.1388
1184,298,1482,0.1388
1183,302,1485,0.1388
1184,306,1490,0.1388
1186,307,1493,0.1388
1177,307,1484,0.1388
1185,307,1492,0.1388
1177,310,1487,0.1388
1177,309,1486,0.1388
1187,313,1500,0.1388
1190,318,1508,0.1388
1195,319,1514,0.1388
1202,314,1516,0.1388
1191,315,1506,0.1388
1190,311,1501,0.1388
1179,318,1497,0.1388
1166,311,1477,0.1388
1169,310,1479,0.1388
1168,319,1487,0.1388
1168,319,1487,0.1388
1177,319,1496,0.1388
1171,319,1490,0.1388
1165,320,1485,0.1388
1163,327,1490,0.1388
1157,328,1485,0.1388
1152,329,1481,0.1388
1154,334,1488,0.1388
1163,331,1494,0.1388
1164,331,1495,0.1388
1165,333,1498,0.1388
1171,334,1505,0.1388
1160,336,1496,0.1388
1152,339,1491,0.1388
1165,340,1505,0.1388
1172,339,1511,0.1388
1162,339,1501,0.1388
1157,342,1499,0.1388
1161,343,1504,0.1388
1165,343,1508,0.1388
1163,341,1504,0.1388
1154,340,1494,0.1388
1166,340,1506,0.1388
1162,338,1500,0.1388
1157,335,1492,0.1388
1149,341,1490,0.1388
1149,348,1497,0.1388
1161,351,1512,0.1388
1159,350,1509,0.1388
1155,357,1512,0.1388
1160,357,1517,0.1388
1154,356,1510,0.1388
1156,361,1517,0.1388
1153,354,1507,0.1388
1152,351,1503,0.1388
1158,348,1506,0.1388
1154,341,1495,0.1388
1151,342,1493,0.1388
1146,345,1491,0.1388
1151,341,1492,0.1388
1145,347,1492,0.1388
1135,344,1479,0.1388
1132,344,1476,0.1388
1141,355,1496,0.1388
1128,359,1487,0.1388
1134,360,1494,0.1388
1138,364,1502,0.1388
1150,362,1512,0.1388
1152,362,1514,0.1388
1151,362,1513,0.1388
1152,360,1512,0.1388
1146,362,1508,0.1388
1148,362,1510,0.1388
1145,359,1504,0.1388
1144,357,1501,0.1388
1148,359,1507,0.1388
1141,359,1500,0.1388
1138,358,1496,0.1388
1134,365,1499,0.1388
1136,364,1500,0.1388
1149,363,1512,0.1388
1140,369,1509,0.1388
1136,374,1510,0.1388
1139,376,1515,0.1388
1134,384,1518,0.1388
1123,383,1506,0.1388
1130,382,1512,0.1388
1120,382,1502,0.1388
1112,384,1496,0.1388
1105,382,1487,0.1388
1113,381,1494,0.1388
1120,381,1501,0.1388
1108,386,1494,0.1388
1118,391,1509,0.1388
1121,388,1509,0.1388
1112,383,1495,0.1388
1108,382,1490,0.1388
1111,386,1497,0.1388
1112,393,1505,0.1388
1103,401,1504,0.1388
1100,402,1502,0.1388
1108,396,1504,0.1388
1104,398,1502,0.1388
1113,391,1504,0.1388
1123,389,1512,0.1388
1127,395,1522,0.1388
1114,394,1508,0.1388
1110,400,1510,0.1388
1116,403,1519,0.1388
1120,398,1518,0.1388
1104,398,1502,0.1388
1100,399,1499,0.1388
1097,398,1495,0.1388
1101,397,1498,0.1388
1096,394,1490,0.1388
1089,406,1495,0.1388
1090,396,1486,0.1388
1091,397,1488,0.1388
1090,392,1482,0.1388
1084,405,1489,0.1388
1089,406,1495,0.1388
1083,409,1492,0.1388
1088,405,1493,0.1388
1095,401,1496,0.1388
1088,410,1498,0.1388
1083,412,1495,0.1388
1085,411,1496,0.1388
1084,415,1499,0.1388
1079,422,1501,0.1388
1080,421,1501,0.1388
1075,417,1492,0.1388
1071,417,1488,0.1388
1069,427,1496,0.1388
1075,427,1502,0.1388
1068,427,1495,0.1388
1063,428,1491,0.1388
1070,430,1500,0.1388
1071,427,1498,0.1388
1066,428,1494,0.1388
1061,436,1497,0.1388
1071,432,1503,0.1388
1067,433,1500,0.1388
1066,432,1498,0.1388
1063,439,1502,0.1388
1068,444,1512,0.1388
1068,439,1507,0.1388
1063,440,1503,0.1388
1065,440,1505,0.1388
1063,438,1501,0.1388
1064,441,1505,0.1388
1059,442,1501,0.1388
1055,443,1498,0.1388
1047,443,1490,0.1388
1051,451,1502,0.1388
1052,451,1503,0.1388
1055,450,1505,0.1388
1063,449,1512,0.1388
1055,452,1507,0.1388
1049,453,1502,0.1388
1042,450,1492,0.1388
1031,453,1484,0.1388
1026,453,1479,0.1388
1037,454,1491,0.1388
1035,456,1491,0.1388
1039,458,1497,0.1388
1052,452,1504,0.1388
1062,457,1519,0.1388
1046,463,1509,0.1388
1042,461,1503,0.1388
1053,464,1517,0.1388
1045,462,1507,0.1388
1035,461,1496,0.1388
1030,463,1493,0.1388
1026,471,1497,0.1388
1029,465,1494,0.1388
1043,462,1505,0.1388
1039,468,1507,0.1388
1035,472,1507,0.1388
1033,471,1504,0.1388
1032,469,1501,0.1388
1027,468,1495,0.1388
1029,465,1494,0.1388
1037,462,1499,0.1388
1043,466,1509,0.1388
1036,473,1509,0.1388
1042,472,1514,0.1388
1035,468,1503,0.1388
1032,470,1502,0.1388
1023,473,1496,0.1388
1032,473,1505,0.1388
1028,472,1500,0.1388
1042,481,1523,0.1388
1041,478,1519,0.1388
1024,474,1498,0.1388
1025,485,1510,0.1388
1019,486,1505,0.1388
1025,482,1507,0.1388
1022,483,1505,0.1388
1010,482,1492,0.1388
1017,483,1500,0.1388
1013,491,1504,0.1388
1010,489,1499,0.1388
1009,489,1498,0.1388
1002,494,1496,0.1388
992,500,1492,0.1388
992,504,1496,0.1388
1000,499,1499,0.1388
997,494,1491,0.1388
1004,497,1501,0.1388
991,493,1484,0.1388
998,503,1501,0.1388
995,517,1512,0.1388
1002,518,1520,0.1388
1007,520,1527,0.1388
992,513,1505,0.1388
986,514,1500,0.1388
987,518,1505,0.1388
978,516,1494,0.1388
980,518,1498,0.1388
980,523,1503,0.1388
970,524,1494,0.1388
978,524,1502,0.1388
977,519,1496,0.1388
972,517,1489,0.1388
978,520,1498,0.1388
967,537,1504,0.1388
967,530,1497,0.1388
960,534,1494,0.1388
964,534,1498,0.1388
957,534,1491,0.1388
953,532,1485,0.1388
941,536,1477,0.1388
949,535,1484,0.1388
948,542,1490,0.1388
940,546,1486,0.1388
936,539,1475,0.1388
937,550,1487,0.1388
937,545,1482,0.1388
944,546,1490,0.1388
936,548,1484,0.1388
930,550,1480,0.1388
939,547,1486,0.1388
938,544,1482,0.1388
933,543,1476,0.1388
937,547,1484,0.1388
927,552,1479,0.1388
922,564,1486,0.1388
932,570,1502,0.1388
929,567,1496,0.1388
927,568,1495,0.1388
921,571,1492,0.1388
922,577,1499,0.1388
911,581,1492,0.1388
913,577,1490,0.1388
914,584,1498,0.1388
913,593,1506,0.1388
920,586,1506,0.1388
914,587,1501,0.1388
913,583,1496,0.1388
915,593,1508,0.1388
914,592,1506,0.1388
906,594,1500,0.1388
903,599,1502,0.1388
894,604,1498,0.1388
889,613,1502,0.1388
882,615,1497,0.1388
879,625,1504,0.1388
883,626,1509,0.1388
895,619,1514,0.1388
884,614,1498,0.1388
894,615,1509,0.1388
904,609,1513,0.1388
902,618,1520,0.1388
884,610,1494,0.1388
888,618,1506,0.1388
873,619,1492,0.1388
881,620,1501,0.1388
877,622,1499,0.1388
874,621,1495,0.1388
868,630,1498,0.1388
858,637,1495,0.1388
864,641,1505,0.1388
865,638,1503,0.1388
863,637,1500,0.1388
854,637,1491,0.1388
852,634,1486,0.1388
855,636,1491,0.1388
853,644,1497,0.1388
854,654,1508,0.1388
850,650,1500,0.1388
851,654,1505,0.1388
856,654,1510,0.1388
852,646,1498,0.1388
860,657,1517,0.1388
863,655,1518,0.1388
858,653,1511,0.1388
848,652,1500,0.1388
832,655,1487,0.1388
822,664,1486,0.1388
829,670,1499,0.1388
838,670,1508,0.1388
839,678,1517,0.1388
826,675,1501,0.1388
823,681,1504,0.1388
823,684,1507,0.1388
818,690,1508,0.1388
822,687,1509,0.1388
812,686,1498,0.1388
806,689,1495,0.1388
809,697,1506,0.1388
805,699,1504,0.1388
806,697,1503,0.1388
800,705,1505,0.1388
798,702,1500,0.1388
799,704,1503,0.1388
792,695,1487,0.1388
799,690,1489,0.1388
781,692,1473,0.1388
774,704,1478,0.1388
784,715,1499,0.1388
789,719,1508,0.1388
777,723,1500,0.1388
772,724,1496,0.1388
778,729,1507,0.1388
779,726,1505,0.1388
775,722,1497,0.1388
782,725,1507,0.1388
771,728,1499,0.1388
771,730,1501,0.1388
765,730,1495,0.1388
771,723,1494,0.1388
788,729,1517,0.1388
785,737,1522,0.1388
779,740,1519,0.1388
778,726,1504,0.1388
769,718,1487,0.1388
761,720,1481,0.1388
775,738,1513,0.1388
770,743,1513,0.1388
774,738,1512,0.1388
779,742,1521,0.1388
780,742,1522,0.1388
769,728,1497,0.1388
773,730,1503,0.1388
773,743,1516,0.1388
774,743,1517,0.1388
773,745,1518,0.1388
774,743,1517,0.1388
769,745,1514,0.1388
770,749,1519,0.1388
761,746,1507,0.1388
772,743,1515,0.1388
773,730,1503,0.1388
758,750,1508,0.1388
750,739,1489,0.1388
752,747,1499,0.1388
753,750,1503,0.1388
741,748,1489,0.1388
748,757,1505,0.1388
740,755,1495,0.1388
736,751,1487,0.1388
736,755,1491,0.1388
730,755,1485,0.1388
746,759,1505,0.1388
747,760,1507,0.1388
747,760,1507,0.1388
747,761,1508,0.1388
743,760,1503,0.1388
744,759,1503,0.1388
736,762,1498,0.1388
743,759,1502,0.1388
748,770,1518,0.1388
746,763,1509,0.1388
736,757,1493,0.1388
736,752,1488,0.1388
738,762,1500,0.1388
738,762,1500,0.1388
737,771,1508,0.1388
738,768,1506,0.1388
739,771,1510,0.1388
740,779,1519,0.1388
739,777,1516,0.1388
735,787,1522,0.1388
729,781,1510,0.1388
723,780,1503,0.1388
724,789,1513,0.1388
721,795,1516,0.1388
711,793,1504,0.1388
716,789,1505,0.1388
716,786,1502,0.1388
716,781,1497,0.1388
696,783,1479,0.1388
692,784,1476,0.1388
696,793,1489,0.1388
694,789,1483,0.1388
693,787,1480,0.1388
691,788,1479,0.1388
689,801,1490,0.1388
675,798,1473,0.1388
686,796,1482,0.1388
682,801,1483,0.1388
686,811,1497,0.1388
700,803,1503,0.1388
693,807,1500,0.1388
690,803,1493,0.1388
692,803,1495,0.1388
692,807,1499,0.1388
690,812,1502,0.1388
694,804,1498,0.1388
690,811,1501,0.1388
685,819,1504,0.1388
688,819,1507,0.1388
691,825,1516,0.1388
686,825,1511,0.1388
681,828,1509,0.1388
681,822,1503,0.1388
681,822,1503,0.1388
680,814,1494,0.1388
686,822,1508,0.1388
682,826,1508,0.1388
676,835,1511,0.1388
672,832,1504,0.1388
672,839,1511,0.1388
673,840,1513,0.1388
670,834,1504,0.1388
671,838,1509,0.1388
673,843,1516,0.1388
671,844,1515,0.1388
668,846,1514,0.1388
667,849,1516,0.1388
666,852,1518,0.1388
661,852,1513,0.1388
661,847,1508,0.1388
653,854,1507,0.1388
654,855,1509,0.1388
659,859,1518,0.1388
650,855,1505,0.1388
649,868,1517,0.1388
652,865,1517,0.1388
649,864,1513,0.1388
645,857,1502,0.1388
641,861,1502,0.1388
645,859,1504,0.1388
645,860,1505,0.1388
644,866,1510,0.1388
638,859,1497,0.1388
637,851,1488,0.1388
639,848,1487,0.1388
643,854,1497,0.1388
644,853,1497,0.1388
638,855,1493,0.1388
638,858,1496,0.1388
648,855,1503,0.1388
649,852,1501,0.1388
651,848,1499,0.1388
646,863,1509,0.1388
637,858,1495,0.1388
641,857,1498,0.1388
648,870,1518,0.1388
645,864,1509,0.1388
645,852,1497,0.1388
651,856,1507,0.1388
648,859,1507,0.1388
640,855,1495,0.1388
635,866,1501,0.1388
641,864,1505,0.1388
643,861,1504,0.1388
641,866,1507,0.1388
641,872,1513,0.1388
633,868,1501,0.1388
644,872,1516,0.1388
646,873,1519,0.1388
636,876,1512,0.1388
637,882,1519,0.1388
630,877,1507,0.1388
633,862,1495,0.1388
627,864,1491,0.1388
627,873,1500,0.1388
623,876,1499,0.1388
619,874,1493,0.1388
615,890,1505,0.1388
612,895,1507,0.1388
613,895,1508,0.1388
616,896,1512,0.1388
616,894,1510,0.1388
609,889,1498,0.1388
608,886,1494,0.1388
611,889,1500,0.1388
610,889,1499,0.1388
611,891,1502,0.1388
609,897,1506,0.1388
612,899,1511,0.1388
619,886,1505,0.1388
613,900,1513,0.1388
605,906,1511,0.1388
601,912,1513,0.1388
592,916,1508,0.1388
597,912,1509,0.1388
602,915,1517,0.1388
601,924,1525,0.1388
596,920,1516,0.1388
596,924,1520,0.1388
585,924,1509,0.1388
586,923,1509,0.1388
580,919,1499,0.1388
594,918,1512,0.1388
591,919,1510,0.1388
593,924,1517,0.1388
591,929,1520,0.1388
589,936,1525,0.1388
579,928,1507,0.1388
577,924,1501,0.1388
570,922,1492,0.1388
569,921,1490,0.1388
570,928,1498,0.1388
571,917,1488,0.1388
575,922,1497,0.1388
580,936,1516,0.1388
576,938,1514,0.1388
578,937,1515,0.1388
572,944,1516,0.1388
576,931,1507,0.1388
573,936,1509,0.1388
576,937,1513,0.1388
582,932,1514,0.1388
580,937,1517,0.1388
579,940,1519,0.1388
579,935,1514,0.1388
581,926,1507,0.1388
587,919,1506,0.1388
590,926,1516,0.1388
596,923,1519,0.1388
590,919,1509,0.1388
586,931,1517,0.1388
579,949,1528,0.1388
581,934,1515,0.1388
578,928,1506,0.1388
567,931,1498,0.1388
566,927,1493,0.1388
577,927,1504,0.1388
570,937,1507,0.1388
561,934,1495,0.1388
557,944,1501,0.1388
549,944,1493,0.1388
546,965,1511,0.1388
546,962,1508,0.1388
553,952,1505,0.1388
548,960,1508,0.1388
550,961,1511,0.1388
549,961,1510,0.1388
553,956,1509,0.1388
553,954,1507,0.1388
549,953,1502,0.1388
553,949,1502,0.1388
541,952,1493,0.1388
535,953,1488,0.1388
528,963,1491,0.1388
536,961,1497,0.1388
543,954,1497,0.1388
537,971,1508,0.1388
541,979,1520,0.1388
542,982,1524,0.1388
537,983,1520,0.1388
543,975,1518,0.1388
540,973,1513,0.1388
542,974,1516,0.1388
535,976,1511,0.1388
538,972,1510,0.1388
535,963,1498,0.1388
538,967,1505,0.1388
536,968,1504,0.1388
535,970,1505,0.1388
534,966,1500,0.1388
534,976,1510,0.1388
535,976,1511,0.1388
541,967,1508,0.1388
539,973,1512,0.1388
537,960,1497,0.1388
529,974,1503,0.1388
531,969,1500,0.1388
526,980,1506,0.1388
530,989,1519,0.1388
520,983,1503,0.1388
522,992,1514,0.1388
526,989,1515,0.1388
515,994,1509,0.1388
516,990,1506,0.1388
511,994,1505,0.1388
505,998,1503,0.1388
509,1010,1519,0.1388
514,1014,1528,0.1388
513,1013,1526,0.1388
520,1007,1527,0.1388
520,1000,1520,0.1388
519,998,1517,0.1388
511,1006,1517,0.1388
508,1011,1519,0.1388
509,1015,1524,0.1388
513,1006,1519,0.1388
509,997,1506,0.1388
508,1006,1514,0.1388
502,998,1500,0.1388
505,1002,1507,0.1388
499,1006,1505,0.1388
496,1012,1508,0.1388
495,1013,1508,0.1388
503,1016,1519,0.1388
496,1013,1509,0.1388
485,1020,1505,0.1388
490,1018,1508,0.1388
492,1013,1505,0.1388
487,1024,1511,0.1388
491,1033,1524,0.1388
490,1036,1526,0.1388
480,1026,1506,0.1388
480,1029,1509,0.1388
481,1028,1509,0.1388
480,1036,1516,0.1388
477,1041,1518,0.1388
470,1036,1506,0.1388
462,1031,1493,0.1388
465,1022,1487,0.1388
464,1017,1481,0.1388
458,1044,1502,0.1388
456,1050,1506,0.1388
456,1043,1499,0.1388
453,1041,1494,0.1388
455,1053,1508,0.1388
455,1040,1495,0.1388
449,1042,1491,0.1388
454,1052,1506,0.1388
450,1055,1505,0.1388
447,1069,1516,0.1388
450,1070,1520,0.1388
446,1059,1505,0.1388
444,1062,1506,0.1388
440,1066,1506,0.1388
437,1079,1516,0.1388
425,1086,1511,0.1388
426,1080,1506,0.1388
426,1101,1527,0.1388
429,1089,1518,0.1388
428,1083,1511,0.1388
424,1077,1501,0.1388
425,1077,1502,0.1388
426,1088,1514,0.1388
424,1079,1503,0.1388
425,1082,1507,0.1388
428,1087,1515,0.1388
428,1076,1504,0.1388
430,1083,1513,0.1388
434,1074,1508,0.1388
428,1069,1497,0.1388
432,1084,1516,0.1388
428,1085,1513,0.1388
418,1092,1510,0.1388
418,1094,1512,0.1388
417,1084,1501,0.1388
420,1078,1498,0.1388
422,1086,1508,0.1388
422,1084,1506,0.1388
419,1085,1504,0.1388
418,1100,1518,0.1388
420,1102,1522,0.1388
414,1091,1505,0.1388
411,1096,1507,0.1388
413,1101,1514,0.1388
412,1093,1505,0.1388
406,1096,1502,0.1388
403,1099,1502,0.1388
406,1114,1520,0.1388
408,1112,1520,0.1388
400,1118,1518,0.1388
405,1116,1521,0.1388
401,1104,1505,0.1388
403,1106,1509,0.1388
405,1102,1507,0.1388
399,1101,1500,0.1388
399,1116,1515,0.1388
387,1117,1504,0.1388
385,1123,1508,0.1388
394,1116,1510,0.1388
386,1123,1509,0.1388
390,1122,1512,0.1388
388,1116,1504,0.1388
387,1123,1510,0.1388
390,1122,1512,0.1388
387,1128,1515,0.1388
380,1135,1515,0.1388
381,1142,1523,0.1388
381,1128,1509,0.1388
378,1134,1512,0.1388
379,1137,1516,0.1388
370,1131,1501,0.1388
366,1137,1503,0.1388
371,1149,1520,0.1388
374,1138,1512,0.1388
376,1128,1504,0.1388
372,1136,1508,0.1388
368,1139,1507,0.1388
370,1145,1515,0.1388
368,1150,1518,0.1388
364,1156,1520,0.1388
359,1155,1514,0.1388
355,1155,1510,0.1388
358,1154,1512,0.1388
342,1150,1492,0.1388
336,1144,1480,0.1388
334,1148,1482,0.1388
335,1159,1494,0.1388
346,1159,1505,0.1388
340,1174,1514,0.1388
336,1166,1502,0.1388
333,1172,1505,0.1388
336,1172,1508,0.1388
337,1177,1514,0.1388
337,1162,1499,0.1388
337,1149,1486,0.1388
344,1151,1495,0.1388
342,1155,1497,0.1388
347,1170,1517,0.1388
345,1173,1518,0.1388
346,1188,1534,0.1388
345,1182,1527,0.1388
340,1173,1513,0.1388
340,1174,1514,0.1388
338,1175,1513,0.1388
336,1174,1510,0.1388
334,1174,1508,0.1388
323,1180,1503,0.1388
322,1178,1500,0.1388
324,1188,1512,0.1388
327,1195,1522,0.1388
327,1203,1530,0.1388
324,1199,1523,0.1388
314,1196,1510,0.1388
311,1188,1499,0.1388
316,1186,1502,0.1388
317,1192,1509,0.1388
313,1202,1515,0.1388
318,1195,1513,0.1388
313,1183,1496,0.1388
307,1177,1484,0.1388
309,1193,1502,0.1388
308,1206,1514,0.1388
307,1199,1506,0.1388
312,1198,1510,0.1388
315,1208,1523,0.1388
313,1206,1519,0.1388
312,1212,1524,0.1388
311,1207,1518,0.1388
310,1207,1517,0.1388
304,1204,1508,0.1388
306,1199,1505,0.1388
303,1202,1505,0.1388
304,1202,1506,0.1388
302,1203,1505,0.1388
301,1204,1505,0.1388
294,1207,1501,0.1388
296,1215,1511,0.1388
305,1213,1518,0.1388
305,1210,1515,0.1388
308,1217,1525,0.1388
309,1218,1527,0.1388
308,1217,1525,0.1388
308,1221,1529,0.1388
301,1225,1526,0.1388
305,1220,1525,0.1388
307,1206,1513,0.1388
300,1215,1515,0.1388
295,1216,1511,0.1388
288,1222,1510,0.1388
288,1224,1512,0.1388
286,1219,1505,0.1388
290,1200,1490,0.1388
293,1211,1504,0.1388
292,1227,1519,0.1388
288,1236,1524,0.1388
286,1228,1514,0.1388
284,1236,1520,0.1388
282,1235,1517,0.1388
287,1230,1517,0.1388
287,1224,1511,0.1388
283,1221,1504,0.1388
285,1225,1510,0.1388
281,1227,1508,0.1388
280,1221,1501,0.1388
286,1206,1492,0.1388
286,1208,1494,0.1388
286,1218,1504,0.1388
285,1235,1520,0.1388
286,1237,1523,0.1388
283,1243,1526,0.1388
282,1232,1514,0.1388
281,1233,1514,0.1388
276,1222,1498,0.1388
273,1226,1499,0.1388
276,1238,1514,0.1388
274,1244,1518,0.1388
274,1241,1515,0.1388
275,1248,1523,0.1388
268,1248,1516,0.1388
266,1256,1522,0.1388
263,1264,1527,0.1388
266,1248,1514,0.1388
265,1257,1522,0.1388
266,1256,1522,0.1388
267,1257,1524,0.1388
267,1243,1510,0.1388
266,1248,1514,0.1388
268,1252,1520,0.1388
262,1252,1514,0.1388
262,1244,1506,0.1388
267,1244,1511,0.1388
265,1242,1507,0.1388
264,1232,1496,0.1388
262,1240,1502,0.1388
264,1256,1520,0.1388
261,1248,1509,0.1388
264,1237,1501,0.1388
264,1238,1502,0.1388
264,1243,1507,0.1388
266,1241,1507,0.1388
265,1246,1511,0.1388
265,1257,1522,0.1388
264,1258,1522,0.1388
263,1252,1515,0.1388
265,1250,1515,0.1388
268,1256,1524,0.1388
260,1249,1509,0.1388
263,1240,1503,0.1388
265,1247,1512,0.1388
260,1252,1512,0.1388
261,1251,1512,0.1388
265,1259,1524,0.1388
258,1251,1509,0.1388
254,1259,1513,0.1388
256,1257,1513,0.1388
257,1258,1515,0.1388
254,1250,1504,0.1388
252,1248,1500,0.1388
252,1249,1501,0.1388
254,1255,1509,0.1388
245,1274,1519,0.1388
242,1286,1528,0.1388
243,1282,1525,0.1388
247,1281,1528,0.1388
238,1275,1513,0.1388
236,1279,1515,0.1388
233,1273,1506,0.1388
229,1275,1504,0.1388
238,1273,1511,0.1388
239,1277,1516,0.1388
238,1273,1511,0.1388
242,1282,1524,0.1388
240,1287,1527,0.1388
240,1288,1528,0.1388
241,1283,1524,0.1388
239,1276,1515,0.1388
236,1277,1513,0.1388
233,1280,1513,0.1388
231,1267,1498,0.1388
236,1275,1511,0.1388
235,1276,1511,0.1388
239,1274,1513,0.1388
240,1276,1516,0.1388
245,1283,1528,0.1388
242,1278,1520,0.1388
239,1279,1518,0.1388
239,1274,1513,0.1388
247,1267,1514,0.1388
248,1268,1516,0.1388
247,1257,1504,0.1388
245,1255,1500,0.1388
245,1259,1504,0.1388
249,1258,1507,0.1388
246,1257,1503,0.1388
248,1253,1501,0.1388
251,1261,1512,0.1388
250,1263,1513,0.1388
252,1259,1511,0.1388
254,1265,1519,0.1388
253,1262,1515,0.1388
252,1264,1516,0.1388
254,1265,1519,0.1388
246,1261,1507,0.1388
250,1273,1523,0.1388
252,1272,1524,0.1388
254,1265,1519,0.1388
249,1263,1512,0.1388
248,1262,1510,0.1388
248,1255,1503,0.1388
248,1259,1507,0.1388
251,1263,1514,0.1388
252,1253,1505,0.1388
247,1247,1494,0.1388
254,1244,1498,0.1388
252,1249,1501,0.1388
254,1259,1513,0.1388
255,1258,1513,0.1388
257,1271,1528,0.1388
255,1257,1512,0.1388
258,1258,1516,0.1388
259,1251,1510,0.1388
257,1260,1517,0.1388
258,1251,1509,0.1388
262,1251,1513,0.1388
266,1233,1499,0.1388
264,1252,1516,0.1388
257,1250,1507,0.1388
257,1255,1512,0.1388
256,1256,1512,0.1388
252,1257,1509,0.1388
250,1262,1512,0.1388
247,1263,1510,0.1388
248,1266,1514,0.1388
250,1274,1524,0.1388
251,1272,1523,0.1388
249,1271,1520,0.1388
246,1257,1503,0.1388
244,1263,1507,0.1388
249,1271,1520,0.1388
251,1273,1524,0.1388
247,1268,1515,0.1388
250,1264,1514,0.1388
248,1270,1518,0.1388
248,1267,1515,0.1388
253,1266,1519,0.1388
252,1268,1520,0.1388
259,1273,1532,0.1388
257,1255,1512,0.1388
254,1252,1506,0.1388
260,1248,1508,0.1388
258,1258,1516,0.1388
254,1262,1516,0.1388
252,1268,1520,0.1388
255,1262,1517,0.1388
253,1255,1508,0.1388
251,1266,1517,0.1388
252,1268,1520,0.1388
250,1271,1521,0.1388
246,1274,1520,0.1388
243,1273,1516,0.1388
236,1274,1510,0.1388
236,1281,1517,0.1388
236,1279,1515,0.1388
238,1269,1507,0.1388
236,1271,1507,0.1388
231,1279,1510,0.1388
234,1284,1518,0.1388
228,1265,1493,0.1388
228,1263,1491,0.1388
233,1266,1499,0.1388
235,1263,1498,0.1388
240,1271,1511,0.1388
241,1263,1504,0.1388
238,1270,1508,0.1388
235,1268,1503,0.1388
229,1266,1495,0.1388
230,1278,1508,0.1388
225,1275,1500,0.1388
225,1281,1506,0.1388
222,1287,1509,0.1388
225,1296,1521,0.1388
226,1292,1518,0.1388
220,1282,1502,0.1388
222,1285,1507,0.1388
221,1286,1507,0.1388
217,1296,1513,0.1388
217,1302,1519,0.1388
218,1302,1520,0.1388
220,1287,1507,0.1388
225,1285,1510,0.1388
227,1284,1511,0.1388
222,1280,1502,0.1388
222,1279,1501,0.1388
219,1283,1502,0.1388
220,1282,1502,0.1388
222,1289,1511,0.1388
222,1293,1515,0.1388
225,1291,1516,0.1388
224,1305,1529,0.1388
218,1307,1525,0.1388
220,1308,1528,0.1388
223,1295,1518,0.1388
221,1297,1518,0.1388
224,1288,1512,0.1388
223,1289,1512,0.1388
221,1283,1504,0.1388
217,1283,1500,0.1388
213,1290,1503,0.1388
215,1293,1508,0.1388
210,1305,1515,0.1388
215,1313,1528,0.1388
216,1306,1522,0.1388
220,1300,1520,0.1388
217,1308,1525,0.1388
217,1305,1522,0.1388
215,1312,1527,0.1388
212,1308,1520,0.1388
203,1298,1501,0.1388
204,1294,1498,0.1388
198,1300,1498,0.1388
203,1311,1514,0.1388
205,1311,1516,0.1388
198,1315,1513,0.1388
194,1316,1510,0.1388
193,1326,1519,0.1388
196,1320,1516,0.1388
195,1318,1513,0.1388
194,1325,1519,0.1388
193,1324,1517,0.1388
187,1320,1507,0.1388
191,1329,1520,0.1388
186,1315,1501,0.1388
187,1327,1514,0.1388
189,1325,1514,0.1388
187,1325,1512,0.1388
186,1329,1515,0.1388
183,1334,1517,0.1388
184,1334,1518,0.1388
184,1336,1520,0.1388
184,1332,1516,0.1388
182,1332,1514,0.1388
185,1344,1529,0.1388
184,1344,1528,0.1388
180,1331,1511,0.1388
177,1330,1507,0.1388
170,1334,1504,0.1388
177,1341,1518,0.1388
178,1358,1536,0.1388
181,1358,1539,0.1388
173,1351,1524,0.1388
175,1352,1527,0.1388
172,1348,1520,0.1388
171,1343,1514,0.1388
169,1336,1505,0.1388
169,1345,1514,0.1388
174,1355,1529,0.1388
179,1347,1526,0.1388
173,1349,1522,0.1388
172,1339,1511,0.1388
175,1337,1512,0.1388
175,1342,1517,0.1388
176,1339,1515,0.1388
178,1348,1526,0.1388
174,1349,1523,0.1388
170,1339,1509,0.1388
170,1338,1508,0.1388
169,1327,1496,0.1388
168,1323,1491,0.1388
168,1316,1484,0.1388
168,1333,1501,0.1388
162,1336,1498,0.1388
165,1339,1504,0.1388
162,1333,1495,0.1388
159,1337,1496,0.1388
161,1335,1496,0.1388
158,1340,1498,0.1388
160,1347,1507,0.1388
157,1337,1494,0.1388
159,1337,1496,0.1388
160,1343,1503,0.1388
163,1358,1521,0.1388
167,1363,1530,0.1388
164,1365,1529,0.1388
166,1363,1529,0.1388
167,1359,1526,0.1388
166,1353,1519,0.1388
169,1352,1521,0.1388
174,1351,1525,0.1388
173,1357,1530,0.1388
174,1332,1506,0.1388
176,1340,1516,0.1388
171,1345,1516,0.1388
167,1356,1523,0.1388
166,1348,1514,0.1388
163,1344,1507,0.1388
165,1361,1526,0.1388
161,1357,1518,0.1388
160,1360,1520,0.1388
159,1355,1514,0.1388
156,1367,1523,0.1388
160,1353,1513,0.1388
159,1341,1500,0.1388
161,1349,1510,0.1388
161,1362,1523,0.1388
156,1361,1517,0.1388
153,1373,1526,0.1388
152,1373,1525,0.1388
151,1362,1513,0.1388
149,1359,1508,0.1388
146,1362,1508,0.1388
143,1354,1497,0.1388
143,1359,1502,0.1388
147,1370,1517,0.1388
145,1382,1527,0.1388
143,1387,1530,0.1388
140,1392,1532,0.1388
143,1382,1525,0.1388
138,1383,1521,0.1388
133,1379,1512,0.1388
131,1380,1511,0.1388
134,1389,1523,0.1388
134,1378,1512,0.1388
135,1384,1519,0.1388
131,1390,1521,0.1388
131,1385,1516,0.1388
128,1374,1502,0.1388
125,1393,1518,0.1388
124,1408,1532,0.1388
122,1413,1535,0.1388
121,1408,1529,0.1388
117,1402,1519,0.1388
117,1407,1524,0.1388
114,1409,1523,0.1388
119,1392,1511,0.1388
116,1391,1507,0.1388
116,1394,1510,0.1388
117,1392,1509,0.1388
118,1397,1515,0.1388
116,1400,1516,0.1388
121,1402,1523,0.1388
118,1390,1508,0.1388
117,1379,1496,0.1388
116,1389,1505,0.1388
117,1394,1511,0.1388
117,1399,1516,0.1388
115,1395,1510,0.1388
111,1397,1508,0.1388
109,1384,1493,0.1388
107,1380,1487,0.1388
110,1390,1500,0.1388
108,1390,1498,0.1388
105,1402,1507,0.1388
102,1433,1535,0.1388
104,1425,1529,0.1388
102,1420,1522,0.1388
105,1401,1506,0.1388
106,1402,1508,0.1388
105,1403,1508,0.1388
104,1407,1511,0.1388
103,1404,1507,0.1388
103,1421,1524,0.1388
102,1417,1519,0.1388
101,1421,1522,0.1388
98,1419,1517,0.1388
94,1423,1517,0.1388
94,1430,1524,0.1388
94,1420,1514,0.1388
96,1407,1503,0.1388
94,1405,1499,0.1388
93,1411,1504,0.1388
94,1409,1503,0.1388
94,1405,1499,0.1388
94,1404,1498,0.1388
95,1404,1499,0.1388
96,1405,1501,0.1388
95,1414,1509,0.1388
97,1412,1509,0.1388
95,1398,1493,0.1388
96,1418,1514,0.1388
96,1419,1515,0.1388
97,1430,1527,0.1388
97,1433,1530,0.1388
96,1417,1513,0.1388
100,1419,1519,0.1388
101,1405,1506,0.1388
104,1410,1514,0.1388
103,1410,1513,0.1388
102,1400,1502,0.1388
105,1420,1525,0.1388
101,1410,1511,0.1388
102,1412,1514,0.1388
103,1402,1505,0.1388
104,1403,1507,0.1388
102,1401,1503,0.1388
102,1411,1513,0.1388
97,1418,1515,0.1388
99,1420,1519,0.1388
101,1432,1533,0.1388
102,1420,1522,0.1388
100,1406,1506,0.1388
102,1423,1525,0.1388
103,1422,1525,0.1388
103,1421,1524,0.1388
104,1421,1525,0.1388
103,1423,1526,0.1388
98,1417,1515,0.1388
100,1419,1519,0.1388
99,1416,1515,0.1388
98,1416,1514,0.1388
95,1420,1515,0.1388
94,1421,1515,0.1388
97,1416,1513,0.1388
93,1409,1502,0.1388
94,1419,1513,0.1388
94,1414,1508,0.1388
96,1427,1523,0.1388
98,1428,1526,0.1388
98,1427,1525,0.1388
94,1422,1516,0.1388
97,1413,1510,0.1388
94,1418,1512,0.1388
96,1430,1526,0.1388
95,1425,1520,0.1388
97,1424,1521,0.1388
97,1416,1513,0.1388
94,1418,1512,0.1388
93,1415,1508,0.1388
91,1421,1512,0.1388
89,1422,1511,0.1388
91,1428,1519,0.1388
90,1432,1522,0.1388
90,1435,1525,0.1388
84,1427,1511,0.1388
82,1434,1516,0.1388
82,1426,1508,0.1388
79,1429,1508,0.1388
80,1425,1505,0.1388
80,1432,1512,0.1388
80,1422,1502,0.1388
80,1432,1512,0.1388
79,1441,1520,0.1388
75,1433,1508,0.1388
73,1440,1513,0.1388
75,1432,1507,0.1388
77,1433,1510,0.1388
75,1442,1517,0.1388
73,1439,1512,0.1388
72,1445,1517,0.1388
71,1443,1514,0.1388
69,1440,1509,0.1388
66,1447,1513,0.1388
65,1448,1513,0.1388
65,1441,1506,0.1388
63,1456,1519,0.1388
61,1456,1517,0.1388
62,1461,1523,0.1388
64,1464,1528,0.1388
61,1447,1508,0.1388
59,1448,1507,0.1388
59,1449,1508,0.1388
59,1455,1514,0.1388
59,1453,1512,0.1388
59,1459,1518,0.1388
58,1461,1519,0.1388
57,1469,1526,0.1388
53,1482,1535,0.1388
53,1471,1524,0.1388
54,1472,1526,0.1388
53,1465,1518,0.1388
55,1459,1514,0.1388
54,1458,1512,0.1388
54,1462,1516,0.1388
55,1461,1516,0.1388
53,1468,1521,0.1388
54,1469,1523,0.1388
54,1459,1513,0.1388
53,1473,1526,0.1388
51,1456,1507,0.1388
51,1457,1508,0.1388
50,1480,1530,0.1388
49,1475,1524,0.1388
50,1467,1517,0.1388
48,1466,1514,0.1388
48,1476,1524,0.1388
48,1468,1516,0.1388
49,1475,1524,0.1388
50,1488,1538,0.1388
49,1470,1519,0.1388
51,1463,1514,0.1388
50,1469,1519,0.1388
50,1461,1511,0.1388
51,1473,1524,0.1388
52,1467,1519,0.1388
53,1451,1504,0.1388
51,1458,1509,0.1388
50,1472,1522,0.1388
49,1467,1516,0.1388
51,1473,1524,0.1388
52,1470,1522,0.1388
53,1481,1534,0.1388
51,1476,1527,0.1388
51,1476,1527,0.1388
49,1481,1530,0.1388
48,1480,1528,0.1388
49,1479,1528,0.1388
48,1461,1509,0.1388
49,1477,1526,0.1388
51,1478,1529,0.1388
49,1478,1527,0.1388
50,1468,1518,0.1388
51,1473,1524,0.1388
50,1467,1517,0.1388
51,1460,1511,0.1388
49,1467,1516,0.1388
50,1460,1510,0.1388
48,1459,1507,0.1388
48,1467,1515,0.1388
46,1467,1513,0.1388
47,1472,1519,0.1388
49,1461,1510,0.1388
48,1465,1513,0.1388
48,1476,1524,0.1388
47,1468,1515,0.1388
49,1458,1507,0.1388
48,1459,1507,0.1388
48,1459,1507,0.1388
50,1473,1523,0.1388
50,1457,1507,0.1388
50,1460,1510,0.1388
46,1456,1502,0.1388
44,1476,1520,0.1388
42,1477,1519,0.1388
42,1477,1519,0.1388
42,1465,1507,0.1388
45,1470,1515,0.1388
44,1482,1526,0.1388
48,1486,1534,0.1388
47,1482,1529,0.1388
45,1479,1524,0.1388
44,1478,1522,0.1388
42,1469,1511,0.1388
38,1476,1514,0.1388
37,1478,1515,0.1388
39,1486,1525,0.1388
39,1482,1521,0.1388
37,1472,1509,0.1388
37,1480,1517,0.1388
38,1494,1532,0.1388
36,1491,1527,0.1388
39,1486,1525,0.1388
39,1479,1518,0.1388
39,1497,1536,0.1388
39,1481,1520,0.1388
38,1470,1508,0.1388
37,1466,1503,0.1388
37,1484,1521,0.1388
36,1477,1513,0.1388
36,1480,1516,0.1388
34,1483,1517,0.1388
33,1491,1524,0.1388
32,1478,1510,0.1388
34,1479,1513,0.1388
33,1491,1524,0.1388
33,1476,1509,0.1388
33,1490,1523,0.1388
32,1478,1510,0.1388
31,1480,1511,0.1388
31,1484,1515,0.1388
31,1495,1526,0.1388
31,1487,1518,0.1388
31,1492,1523,0.1388
31,1493,1524,0.1388
31,1493,1524,0.1388
29,1486,1515,0.1388
28,1480,1508,0.1388
27,1486,1513,0.1388
27,1485,1512,0.1388
27,1494,1521,0.1388
26,1493,1519,0.1388
26,1497,1523,0.1388
27,1496,1523,0.1388
27,1488,1515,0.1388
28,1492,1520,0.1388
28,1484,1512,0.1388
28,1492,1520,0.1388
28,1507,1535,0.1388
28,1492,1520,0.1388
27,1490,1517,0.1388
26,1484,1510,0.1388
27,1487,1514,0.1388
28,1492,1520,0.1388
28,1483,1511,0.1388
25,1492,1517,0.1388
26,1497,1523,0.1388
26,1499,1525,0.1388
25,1488,1513,0.1388
29,1480,1509,0.1388
29,1473,1502,0.1388
29,1489,1518,0.1388
28,1485,1513,0.1388
28,1476,1504,0.1388
28,1488,1516,0.1388
27,1483,1510,0.1388
26,1482,1508,0.1388
27,1484,1511,0.1388
25,1489,1514,0.1388
24,1483,1507,0.1388
24,1495,1519,0.1388
24,1495,1519,0.1388
24,1504,1528,0.1388
22,1503,1525,0.1388
21,1499,1520,0.1388
22,1499,1521,0.1388
22,1483,1505,0.1388
23,1485,1508,0.1388
21,1504,1525,0.1388
22,1501,1523,0.1388
23,1493,1516,0.1388
24,1486,1510,0.1388
24,1488,1512,0.1388
24,1487,1511,0.1388
24,1479,1503,0.1388
23,1482,1505,0.1388
24,1479,1503,0.1388
25,1484,1509,0.1388
25,1493,1518,0.1388
25,1499,1524,0.1388
26,1499,1525,0.1388
25,1480,1505,0.1388
25,1494,1519,0.1388
25,1511,1536,0.1388
24,1504,1528,0.1388
23,1494,1517,0.1388
22,1485,1507,0.1388
21,1488,1509,0.1388
21,1492,1513,0.1388
21,1491,1512,0.1388
21,1482,1503,0.1388
20,1485,1505,0.1388
22,1483,1505,0.1388
22,1492,1514,0.1388
22,1496,1518,0.1388
22,1500,1522,0.1388
22,1492,1514,0.1388
23,1495,1518,0.1388
20,1499,1519,0.1388
20,1507,1527,0.1388
20,1504,1524,0.1388
19,1496,1515,0.1388
20,1481,1501,0.1388
20,1479,1499,0.1388
21,1481,1502,0.1388
22,1494,1516,0.1388
23,1495,1518,0.1388
23,1506,1529,0.1388
23,1509,1532,0.1388
23,1507,1530,0.1388
22,1503,1525,0.1388
21,1486,1507,0.1388
21,1482,1503,0.1388
22,1490,1512,0.1388
22,1486,1508,0.1388
23,1481,1504,0.1388
23,1484,1507,0.1388
23,1471,1494,0.1388
22,1490,1512,0.1388
22,1495,1517,0.1388
21,1489,1510,0.1388
21,1488,1509,0.1388
22,1490,1512,0.1388
22,1492,1514,0.1388
22,1502,1524,0.1388
20,1508,1528,0.1388
19,1500,1519,0.1388
19,1507,1526,0.1388
18,1508,1526,0.1388
18,1503,1521,0.1388
18,1493,1511,0.1388
16,1508,1524,0.1388
14,1515,1529,0.1388
14,1514,1528,0.1388
15,1496,1511,0.1388
14,1503,1517,0.1388
14,1510,1524,0.1388
14,1499,1513,0.1388
14,1500,1514,0.1388
14,1502,1516,0.1388
13,1500,1513,0.1388
12,1509,1521,0.1388
12,1515,1527,0.1388
13,1521,1534,0.1388
13,1513,1526,0.1388
12,1515,1527,0.1388
12,1513,1525,0.1388
11,1501,1512,0.1388
11,1506,1517,0.1388
12,1516,1528,0.1388
12,1506,1518,0.1388
12,1502,1514,0.1388
12,1511,1523,0.1388
14,1517,1531,0.1388
14,1514,1528,0.1388
14,1501,1515,0.1388
14,1508,1522,0.1388
15,1500,1515,0.1388
14,1497,1511,0.1388
14,1487,1501,0.1388
14,1493,1507,0.1388
13,1514,1527,0.1388
13,1503,1516,0.1388
13,1503,1516,0.1388
15,1503,1518,0.1388
15,1491,1506,0.1388
17,1503,1520,0.1388
15,1513,1528,0.1388
16,1512,1528,0.1388
16,1501,1517,0.1388
16,1497,1513,0.1388
16,1505,1521,0.1388
16,1516,1532,0.1388
15,1493,1508,0.1388
16,1509,1525,0.1388
17,1509,1526,0.1388
16,1514,1530,0.1388
15,1503,1518,0.1388
14,1496,1510,0.1388
13,1487,1500,0.1388
14,1499,1513,0.1388
12,1511,1523,0.1388
11,1515,1526,0.1388
11,1504,1515,0.1388
10,1500,1510,0.1388
11,1491,1502,0.1388
11,1493,1504,0.1388
11,1495,1506,0.1388
11,1504,1515,0.1388
11,1503,1514,0.1388
11,1491,1502,0.1388
11,1491,1502,0.1388
11,1479,1490,0.1388
10,1485,1495,0.1388
11,1493,1504,0.1388
11,1508,1519,0.1388
10,1501,1511,0.1388
10,1510,1520,0.1388
12,1508,1520,0.1388
13,1516,1529,0.1388
13,1506,1519,0.1388
13,1507,1520,0.1388
13,1496,1509,0.1388
13,1504,1517,0.1388
13,1499,1512,0.1388
13,1511,1524,0.1388
13,1503,1516,0.1388
14,1504,1518,0.1388
14,1505,1519,0.1388
13,1502,1515,0.1388
13,1515,1528,0.1388
13,1525,1538,0.1388
13,1514,1527,0.1388
12,1504,1516,0.1388
11,1512,1523,0.1388
11,1514,1525,0.1388
12,1499,1511,0.1388
12,1493,1505,0.1388
12,1503,1515,0.1388
12,1505,1517,0.1388
11,1504,1515,0.1388
11,1500,1511,0.1388
11,1482,1493,0.1388
12,1489,1501,0.1388
13,1497,1510,0.1388
14,1495,1509,0.1388
15,1497,1512,0.1388
15,1514,1529,0.1388
14,1505,1519,0.1388
14,1515,1529,0.1388
14,1508,1522,0.1388
15,1492,1507,0.1388
16,1502,1518,0.1388
16,1502,1518,0.1388
16,1500,1516,0.1388
16,1512,1528,0.1388
17,1513,1530,0.1388
17,1499,1516,0.1388
17,1508,1525,0.1388
17,1509,1526,0.1388
17,1506,1523,0.1388
19,1496,1515,0.1388
19,1497,1516,0.1388
19,1492,1511,0.1388
18,1500,1518,0.1388
17,1503,1520,0.1388
17,1497,1514,0.1388
17,1483,1500,0.1388
15,1494,1509,0.1388
14,1495,1509,0.1388
13,1500,1513,0.1388
14,1504,1518,0.1388
13,1494,1507,0.1388
13,1504,1517,0.1388
13,1503,1516,0.1388
13,1492,1505,0.1388
11,1490,1501,0.1388
12,1497,1509,0.1388
12,1487,1499,0.1388
12,1497,1509,0.1388
12,1497,1509,0.1388
12,1507,1519,0.1388
13,1513,1526,0.1388
14,1515,1529,0.1388
13,1512,1525,0.1388
14,1500,1514,0.1388
15,1496,1511,0.1388
15,1499,1514,0.1388
15,1496,1511,0.1388
16,1488,1504,0.1388
15,1488,1503,0.1388
15,1510,1525,0.1388
15,1501,1516,0.1388
15,1511,1526,0.1388
15,1499,1514,0.1388
15,1497,1512,0.1388
16,1494,1510,0.1388
17,1476,1493,0.1388
17,1492,1509,0.1388
14,1483,1497,0.1388
15,1498,1513,0.1388
15,1480,1495,0.1388
15,1480,1495,0.1388
15,1483,1498,0.1388
14,1505,1519,0.1388
15,1492,1507,0.1388
15,1495,1510,0.1388
16,1500,1516,0.1388
14,1500,1514,0.1388
14,1501,1515,0.1388
14,1499,1513,0.1388
13,1491,1504,0.1388
14,1485,1499,0.1388
12,1492,1504,0.1388
14,1500,1514,0.1388
14,1510,1524,0.1388
15,1507,1522,0.1388
14,1507,1521,0.1388
14,1494,1508,0.1388
16,1502,1518,0.1388
16,1514,1530,0.1388
18,1509,1527,0.1388
17,1509,1526,0.1388
17,1502,1519,0.1388
16,1495,1511,0.1388
17,1489,1506,0.1388
17,1484,1501,0.1388
17,1499,1516,0.1388
18,1505,1523,0.1388
19,1493,1512,0.1388
17,1499,1516,0.1388
16,1492,1508,0.1388
17,1496,1513,0.1388
17,1498,1515,0.1388
17,1508,1525,0.1388
17,1503,1520,0.1388
17,1516,1533,0.1388
18,1504,1522,0.1388
17,1510,1527,0.1388
16,1512,1528,0.1388
16,1506,1522,0.1388
17,1500,1517,0.1388
15,1501,1516,0.1388
16,1498,1514,0.1388
16,1516,1532,0.1388
16,1506,1522,0.1388
16,1504,1520,0.1388
17,1509,1526,0.1388
18,1508,1526,0.1388
18,1512,1530,0.1388
16,1512,1528,0.1388
16,1509,1525,0.1388
16,1504,1520,0.1388
16,1503,1519,0.1388
16,1496,1512,0.1388
15,1499,1514,0.1388
15,1494,1509,0.1388
14,1483,1497,0.1388
16,1491,1507,0.1388
15,1491,1506,0.1388
15,1493,1508,0.1388
14,1495,1509,0.1388
15,1497,1512,0.1388
15,1492,1507,0.1388
15,1508,1523,0.1388
15,1500,1515,0.1388
15,1498,1513,0.1388
15,1502,1517,0.1388
15,1511,1526,0.1388
15,1508,1523,0.1388
15,1514,1529,0.1388
14,1502,1516,0.1388
14,1503,1517,0.1388
13,1500,1513,0.1388
13,1508,1521,0.1388
12,1518,1530,0.1388
12,1511,1523,0.1388
12,1512,1524,0.1388
11,1518,1529,0.1388
11,1507,1518,0.1388
10,1524,1534,0.1388
12,1505,1517,0.1388
11,1506,1517,0.1388
10,1511,1521,0.1388
10,1526,1536,0.1388
10,1510,1520,0.1388
10,1511,1521,0.1388
10,1505,1515,0.1388
10,1511,1521,0.1388
9,1505,1514,0.1388
10,1503,1513,0.1388
10,1522,1532,0.1388
10,1524,1534,0.1388
10,1516,1526,0.1388
10,1510,1520,0.1388
10,1500,1510,0.1388
10,1498,1508,0.1388
10,1490,1500,0.1388
10,1501,1511,0.1388
10,1494,1504,0.1388
9,1500,1509,0.1388
9,1501,1510,0.1388
9,1499,1508,0.1388
8,1504,1512,0.1388
9,1508,1517,0.1388
8,1506,1514,0.1388
8,1515,1523,0.1388
8,1521,1529,0.1388
8,1525,1533,0.1388
10,1523,1533,0.1388
9,1512,1521,0.1388
8,1507,1515,0.1388
8,1513,1521,0.1388
9,1502,1511,0.1388
9,1502,1511,0.1388
9,1516,1525,0.1388
9,1515,1524,0.1388
8,1510,1518,0.1388
8,1516,1524,0.1388
8,1512,1520,0.1388
7,1516,1523,0.1388
7,1520,1527,0.1388
8,1509,1517,0.1388
8,1509,1517,0.1388
8,1507,1515,0.1388
8,1503,1511,0.1388
8,1501,1509,0.1388
9,1493,1502,0.1388
9,1504,1513,0.1388
10,1498,1508,0.1388
10,1497,1507,0.1388
10,1493,1503,0.1388
10,1497,1507,0.1388
11,1517,1528,0.1388
11,1529,1540,0.1388
11,1511,1522,0.1388
10,1504,1514,0.1388
9,1506,1515,0.1388
8,1502,1510,0.1388
7,1507,1514,0.1388
7,1492,1499,0.1388
7,1494,1501,0.1388
9,1503,1512,0.1388
9,1503,1512,0.1388
9,1514,1523,0.1388
9,1504,1513,0.1388
9,1506,1515,0.1388
10,1495,1505,0.1388
9,1504,1513,0.1388
9,1501,1510,0.1388
9,1509,1518,0.1388
9,1507,1516,0.1388
9,1505,1514,0.1388
9,1519,1528,0.1388
9,1503,1512,0.1388
8,1500,1508,0.1388
9,1498,1507,0.1388
9,1499,1508,0.1388
8,1509,1517,0.1388
8,1515,1523,0.1388
8,1511,1519,0.1388
8,1504,1512,0.1388
8,1506,1514,0.1388
9,1507,1516,0.1388
9,1503,1512,0.1388
7,1513,1520,0.1388
7,1512,1519,0.1388
5,1522,1527,0.1388
5,1527,1532,0.1388
4,1535,1539,0.1388
4,1522,1526,0.1388
4,1530,1534,0.1388
3,1530,1533,0.1388
3,1518,1521,0.1388
2,1512,1514,0.1388
2,1515,1517,0.1388
2,1513,1515,0.1388
2,1514,1516,0.1388
2,1509,1511,0.1388
3,1504,1507,0.1388
3,1498,1501,0.1388
3,1496,1499,0.1388
3,1491,1494,0.1388
3,1510,1513,0.1388
3,1509,1512,0.1388
3,1498,1501,0.1388
3,1501,1504,0.1388
3,1495,1498,0.1388
3,1505,1508,0.1388
3,1503,1506,0.1388
3,1495,1498,0.1388
3,1501,1504,0.1388
3,1507,1510,0.1388
3,1505,1508,0.1388
3,1502,1505,0.1388
3,1506,1509,0.1388
3,1513,1516,0.1388
3,1517,1520,0.1388
3,1518,1521,0.1388
3,1525,1528,0.1388
3,1517,1520,0.1388
3,1525,1528,0.1388
3,1524,1527,0.1388
3,1530,1533,0.1388
3,1521,1524,0.1388
3,1525,1528,0.1388
3,1521,1524,0.1388
3,1522,1525,0.1388
3,1522,1525,0.1388
3,1527,1530,0.1388
3,1526,1529,0.1388
2,1522,1524,0.1388
2,1526,1528,0.1388
2,1520,1522,0.1388
1,1519,1520,0.1388
1,1510,1511,0.1388
1,1506,1507,0.1388
1,1500,1501,0.1388
1,1509,1510,0.1388
1,1507,1508,0.1388
1,1516,1517,0.1388
1,1516,1517,0.1388
1,1515,1516,0.1388
1,1509,1510,0.1388
1,1519,1520,0.1388
1,1534,1535,0.1388
1,1527,1528,0.1388
1,1514,1515,0.1388
1,1505,1506,0.1388
1,1516,1517,0.1388
1,1511,1512,0.1388
1,1508,1509,0.1388
1,1509,1510,0.1388
1,1514,1515,0.1388
1,1526,1527,0.1388
1,1513,1514,0.1388
1,1516,1517,0.1388
1,1512,1513,0.1388
1,1527,1528,0.1388
1,1524,1525,0.1388
1,1526,1527,0.1388
1,1520,1521,0.1388
1,1509,1510,0.1388
1,1517,1518,0.1388
1,1518,1519,0.1388
1,1512,1513,0.1388
1,1499,1500,0.1388
1,1503,1504,0.1388
1,1511,1512,0.1388
1,1528,1529,0.1388
1,1523,1524,0.1388
2,1515,1517,0.1388
2,1515,1517,0.1388
2,1514,1516,0.1388
2,1515,1517,0.1388
2,1515,1517,0.1388
2,1516,1518,0.1388
2,1509,1511,0.1388
2,1518,1520,0.1388
2,1507,1509,0.1388
4,1501,1505,0.1388
4,1496,1500,0.1388
4,1501,1505,0.1388
4,1509,1513,0.1388
4,1508,1512,0.1388
4,1518,1522,0.1388
4,1530,1534,0.1388
4,1528,1532,0.1388
4,1527,1531,0.1388
4,1527,1531,0.1388
4,1524,1528,0.1388
4,1528,1532,0.1388
4,1522,1526,0.1388
4,1516,1520,0.1388
6,1510,1516,0.1388
6,1506,1512,0.1388
6,1522,1528,0.1388
6,1525,1531,0.1388
6,1506,1512,0.1388
6,1509,1515,0.1388
6,1516,1522,0.1388
7,1507,1514,0.1388
7,1504,1511,0.1388
6,1502,1508,0.1388
7,1499,1506,0.1388
7,1518,1525,0.1388
7,1515,1522,0.1388
8,1510,1518,0.1388
8,1508,1516,0.1388
8,1499,1507,0.1388
8,1503,1511,0.1388
8,1514,1522,0.1388
7,1518,1525,0.1388
6,1498,1504,0.1388
6,1508,1514,0.1388
6,1516,1522,0.1388
5,1521,1526,0.1388
5,1515,1520,0.1388
5,1516,1521,0.1388
6,1516,1522,0.1388
6,1522,1528,0.1388
5,1521,1526,0.1388
5,1520,1525,0.1388
5,1516,1521,0.1388
5,1512,1517,0.1388
4,1531,1535,0.1388
4,1522,1526,0.1388
4,1523,1527,0.1388
5,1520,1525,0.1388
5,1516,1521,0.1388
6,1514,1520,0.1388
6,1517,1523,0.1388
6,1521,1527,0.1388
6,1524,1530,0.1388
6,1513,1519,0.1388
6,1517,1523,0.1388
7,1508,1515,0.1388
7,1510,1517,0.1388
7,1503,1510,0.1388
6,1494,1500,0.1388
6,1495,1501,0.1388
6,1486,1492,0.1388
7,1502,1509,0.1388
7,1515,1522,0.1388
7,1508,1515,0.1388
8,1504,1512,0.1388
7,1503,1510,0.1388
7,1505,1512,0.1388
8,1502,1510,0.1388
8,1515,1523,0.1388
8,1523,1531,0.1388
8,1521,1529,0.1388
9,1517,1526,0.1388
10,1512,1522,0.1388
9,1503,1512,0.1388
10,1503,1513,0.1388
10,1495,1505,0.1388
10,1504,1514,0.1388
10,1505,1515,0.1388
10,1503,1513,0.1388
10,1502,1512,0.1388
10,1507,1517,0.1388
10,1518,1528,0.1388
10,1517,1527,0.1388
9,1511,1520,0.1388
9,1506,1515,0.1388
9,1502,1511,0.1388
8,1496,1504,0.1388
8,1500,1508,0.1388
10,1493,1503,0.1388
10,1504,1514,0.1388
11,1494,1505,0.1388
11,1496,1507,0.1388
11,1504,1515,0.1388
11,1506,1517,0.1388
11,1492,1503,0.1388
12,1492,1504,0.1388
11,1498,1509,0.1388
10,1497,1507,0.1388
9,1512,1521,0.1388
9,1503,1512,0.1388
9,1512,1521,0.1388
9,1518,1527,0.1388
7,1525,1532,0.1388
8,1525,1533,0.1388
8,1506,1514,0.1388
8,1504,1512,0.1388
8,1517,1525,0.1388
8,1513,1521,0.1388
8,1503,1511,0.1388
8,1503,1511,0.1388
8,1511,1519,0.1388
8,1512,1520,0.1388
8,1493,1501,0.1388
8,1499,1507,0.1388
8,1508,1516,0.1388
8,1503,1511,0.1388
8,1516,1524,0.1388
8,1510,1518,0.1388
8,1510,1518,0.1388
8,1517,1525,0.1388
7,1518,1525,0.1388
7,1509,1516,0.1388
8,1511,1519,0.1388
8,1501,1509,0.1388
8,1506,1514,0.1388
8,1510,1518,0.1388
8,1496,1504,0.1388
8,1497,1505,0.1388
8,1498,1506,0.1388
8,1510,1518,0.1388
8,1507,1515,0.1388
8,1517,1525,0.1388
8,1521,1529,0.1388
8,1517,1525,0.1388
6,1513,1519,0.1388
6,1520,1526,0.1388
6,1522,1528,0.1388
6,1515,1521,0.1388
6,1500,1506,0.1388
6,1500,1506,0.1388
6,1510,1516,0.1388
6,1519,1525,0.1388
6,1513,1519,0.1388
6,1526,1532,0.1388
6,1522,1528,0.1388
6,1515,1521,0.1388
5,1514,1519,0.1388
5,1517,1522,0.1388
5,1510,1515,0.1388
5,1515,1520,0.1388
7,1499,1506,0.1388
7,1503,1510,0.1388
7,1510,1517,0.1388
7,1503,1510,0.1388
7,1508,1515,0.1388
7,1517,1524,0.1388
7,1511,1518,0.1388
7,1507,1514,0.1388
8,1520,1528,0.1388
9,1524,1533,0.1388
10,1522,1532,0.1388
10,1499,1509,0.1388
10,1505,1515,0.1388
10,1503,1513,0.1388
9,1497,1506,0.1388
9,1499,1508,0.1388
9,1492,1501,0.1388
8,1501,1509,0.1388
6,1505,1511,0.1388
5,1514,1519,0.1388
5,1520,1525,0.1388
5,1521,1526,0.1388
5,1518,1523,0.1388
5,1517,1522,0.1388
6,1507,1513,0.1388
5,1516,1521,0.1388
5,1512,1517,0.1388
5,1514,1519,0.1388
5,1515,1520,0.1388
5,1515,1520,0.1388
4,1509,1513,0.1388
4,1520,1524,0.1388
4,1514,1518,0.1388
4,1527,1531,0.1388
4,1523,1527,0.1388
4,1508,1512,0.1388
4,1516,1520,0.1388
4,1521,1525,0.1388
4,1528,1532,0.1388
4,1510,1514,0.1388
4,1508,1512,0.1388
4,1509,1513,0.1388
4,1519,1523,0.1388
4,1504,1508,0.1388
4,1519,1523,0.1388
4,1513,1517,0.1388
4,1516,1520,0.1388
4,1514,1518,0.1388
4,1516,1520,0.1388
4,1511,1515,0.1388
4,1508,1512,0.1388
4,1515,1519,0.1388
4,1526,1530,0.1388
4,1512,1516,0.1388
4,1507,1511,0.1388
4,1511,1515,0.1388
3,1499,1502,0.1388
3,1507,1510,0.1388
3,1507,1510,0.1388
3,1514,1517,0.1388
3,1526,1529,0.1388
3,1513,1516,0.1388
3,1525,1528,0.1388
3,1518,1521,0.1388
4,1513,1517,0.1388
4,1517,1521,0.1388
4,1496,1500,0.1388
3,1497,1500,0.1388
3,1511,1514,0.1388
3,1522,1525,0.1388
4,1515,1519,0.1388
4,1510,1514,0.1388
4,1497,1501,0.1388
4,1498,1502,0.1388
3,1510,1513,0.1388
3,1525,1528,0.1388
3,1526,1529,0.1388
3,1495,1498,0.1388
3,1509,1512,0.1388
3,1506,1509,0.1388
3,1504,1507,0.1388
3,1511,1514,0.1388
3,1499,1502,0.1388
3,1499,1502,0.1388
4,1498,1502,0.1388
4,1510,1514,0.1388
4,1514,1518,0.1388
4,1512,1516,0.1388
4,1515,1519,0.1388
3,1508,1511,0.1388
3,1518,1521,0.1388
3,1503,1506,0.1388
4,1503,1507,0.1388
4,1504,1508,0.1388
4,1511,1515,0.1388
3,1511,1514,0.1388
3,1505,1508,0.1388
3,1506,1509,0.1388
3,1502,1505,0.1388
3,1511,1514,0.1388
3,1526,1529,0.1388
3,1522,1525,0.1388
3,1516,1519,0.1388
3,1519,1522,0.1388
3,1525,1528,0.1388
3,1507,1510,0.1388
3,1488,1491,0.1388
3,1501,1504,0.1388
3,1517,1520,0.1388
4,1521,1525,0.1388
4,1523,1527,0.1388
3,1518,1521,0.1388
3,1512,1515,0.1388
2,1531,1533,0.1388
2,1532,1534,0.1388
2,1524,1526,0.1388
2,1525,1527,0.1388
2,1521,1523,0.1388
0,1516,1516,0.1388
