1362,27,1389,0.1388
1402,28,1430,0.1388
1427,31,1458,0.1388
1438,32,1470,0.1388
1439,33,1472,0.1388
1453,37,1490,0.1388
1467,36,1503,0.1388
1466,35,1501,0.1388
1461,35,1496,0.1388
1455,35,1490,0.1388
1445,37,1482,0.1388
1446,35,1481,0.1388
1443,35,1478,0.1388
1454,35,1489,0.1388
1462,35,1497,0.1388
1454,35,1489,0.1388
1468,36,1504,0.1388
1473,34,1507,0.1388
1479,33,1512,0.1388
1475,34,1509,0.1388
1473,35,1508,0.1388
1471,37,1508,0.1388
1459,38,1497,0.1388
1441,42,1483,0.1388
1443,39,1482,0.1388
1464,38,1502,0.1388
1454,39,1493,0.1388
1466,41,1507,0.1388
1469,42,1511,0.1388
1461,41,1502,0.1388
1477,43,1520,0.1388
1469,41,1510,0.1388
1456,42,1498,0.1388
1450,41,1491,0.1388
1457,39,1496,0.1388
1456,40,1496,0.1388
1447,40,1487,0.1388
1438,41,1479,0.1388
1449,42,1491,0.1388
1456,44,1500,0.1388
1462,46,1508,0.1388
1457,46,1503,0.1388
1460,48,1508,0.1388
1446,49,1495,0.1388
1450,51,1501,0.1388
1442,47,1489,0.1388
1439,49,1488,0.1388
1442,49,1491,0.1388
1445,49,1494,0.1388
1435,49,1484,0.1388
1442,52,1494,0.1388
1439,52,1491,0.1388
1454,49,1503,0.1388
1442,51,1493,0.1388
1444,53,1497,0.1388
1443,54,1497,0.1388
1451,54,1505,0.1388
1443,54,1497,0.1388
1438,54,1492,0.1388
1433,57,1490,0.1388
1426,57,1483,0.1388
1430,57,1487,0.1388
1423,57,1480,0.1388
1430,53,1483,0.1388
1439,54,1493,0.1388
1435,52,1487,0.1388
1437,52,1489,0.1388
1433,49,1482,0.1388
1437,50,1487,0.1388
1430,50,1480,0.1388
1426,48,1474,0.1388
1421,51,1472,0.1388
1428,51,1479,0.1388
1431,52,1483,0.1388
1437,56,1493,0.1388
1433,55,1488,0.1388
1445,57,1502,0.1388
1443,57,1500,0.1388
1447,61,1508,0.1388
1452,63,1515,0.1388
1443,63,1506,0.1388
1437,64,1501,0.1388
1438,64,1502,0.1388
1450,63,1513,0.1388
1434,63,1497,0.1388
1432,64,1496,0.1388
1420,63,1483,0.1388
1424,65,1489,0.1388
1433,65,1498,0.1388
1419,63,1482,0.1388
1417,68,1485,0.1388
1421,71,1492,0.1388
1421,73,1494,0.1388
1423,69,1492,0.1388
1414,66,1480,0.1388
1420,70,1490,0.1388
1419,71,1490,0.1388
1413,69,1482,0.1388
1419,75,1494,0.1388
1416,76,1492,0.1388
1423,77,1500,0.1388
1421,79,1500,0.1388
1415,79,1494,0.1388
1409,80,1489,0.1388
1398,81,1479,0.1388
1411,81,1492,0.1388
1416,83,1499,0.1388
1416,82,1498,0.1388
1408,81,1489,0.1388
1410,80,1490,0.1388
1403,80,1483,0.1388
1403,83,1486,0.1388
1409,83,1492,0.1388
1414,91,1505,0.1388
1402,88,1490,0.1388
1401,88,1489,0.1388
1407,89,1496,0.1388
1404,89,1493,0.1388
1392,89,1481,0.1388
1407,89,1496,0.1388
1406,88,1494,0.1388
1408,87,1495,0.1388
1411,88,1499,0.1388
1409,87,1496,0.1388
1399,86,1485,0.1388
1398,88,1486,0.1388
1403,93,1496,0.1388
1405,95,1500,0.1388
1410,93,1503,0.1388
1407,96,1503,0.1388
1405,98,1503,0.1388
1409,94,1503,0.1388
1408,94,1502,0.1388
1409,93,1502,0.1388
1406,91,1497,0.1388
1408,94,1502,0.1388
1411,95,1506,0.1388
1396,92,1488,0.1388
1405,92,1497,0.1388
1410,92,1502,0.1388
1415,91,1506,0.1388
1423,94,1517,0.1388
1420,94,1514,0.1388
1415,97,1512,0.1388
1417,98,1515,0.1388
1402,100,1502,0.1388
1402,99,1501,0.1388
1395,100,1495,0.1388
1392,102,1494,0.1388
1377,102,1479,0.1388
1374,103,1477,0.1388
1369,105,1474,0.1388
1374,111,1485,0.1388
1380,110,1490,0.1388
1375,112,1487,0.1388
1381,115,1496,0.1388
1388,113,1501,0.1388
1385,117,1502,0.1388
1381,120,1501,0.1388
1370,119,1489,0.1388
1358,112,1470,0.1388
1371,107,1478,0.1388
1388,107,1495,0.1388
1389,109,1498,0.1388
1386,112,1498,0.1388
1384,111,1495,0.1388
1386,115,1501,0.1388
1384,115,1499,0.1388
1382,112,1494,0.1388
1376,112,1488,0.1388
1388,113,1501,0.1388
1380,117,1497,0.1388
1386,116,1502,0.1388
1389,119,1508,0.1388
1379,116,1495,0.1388
1372,117,1489,0.1388
1375,116,1491,0.1388
1358,119,1477,0.1388
1369,118,1487,0.1388
1378,115,1493,0.1388
1360,114,1474,0.1388
1369,114,1483,0.1388
1380,114,1494,0.1388
1385,115,1500,0.1388
1377,116,1493,0.1388
1378,114,1492,0.1388
1377,110,1487,0.1388
1367,109,1476,0.1388
1363,108,1471,0.1388
1358,112,1470,0.1388
1360,111,1471,0.1388
1364,111,1475,0.1388
1362,110,1472,0.1388
1372,115,1487,0.1388
1370,114,1484,0.1388
1386,114,1500,0.1388
1380,113,1493,0.1388
1377,118,1495,0.1388
1380,120,1500,0.1388
1378,120,1498,0.1388
1378,114,1492,0.1388
1364,118,1482,0.1388
1365,122,1487,0.1388
1362,122,1484,0.1388
1367,120,1487,0.1388
1357,119,1476,0.1388
1357,123,1480,0.1388
1376,124,1500,0.1388
1369,126,1495,0.1388
1373,122,1495,0.1388
1366,124,1490,0.1388
1378,130,1508,0.1388
1373,127,1500,0.1388
1380,129,1509,0.1388
1380,133,1513,0.1388
1384,136,1520,0.1388
1379,134,1513,0.1388
1380,130,1510,0.1388
1389,122,1511,0.1388
1388,119,1507,0.1388
1392,123,1515,0.1388
1373,123,1496,0.1388
1379,124,1503,0.1388
1376,126,1502,0.1388
1386,126,1512,0.1388
1373,127,1500,0.1388
1389,125,1514,0.1388
1359,125,1484,0.1388
1352,126,1478,0.1388
1349,128,1477,0.1388
1359,127,1486,0.1388
1354,130,1484,0.1388
1373,132,1505,0.1388
1363,135,1498,0.1388
1367,130,1497,0.1388
1363,132,1495,0.1388
1361,134,1495,0.1388
1360,134,1494,0.1388
1363,133,1496,0.1388
1364,133,1497,0.1388
1364,132,1496,0.1388
1368,141,1509,0.1388
1362,139,1501,0.1388
1366,140,1506,0.1388
1367,145,1512,0.1388
1368,142,1510,0.1388
1375,144,1519,0.1388
1369,144,1513,0.1388
1357,141,1498,0.1388
1350,139,1489,0.1388
1349,142,1491,0.1388
1354,130,1484,0.1388
1358,133,1491,0.1388
1345,134,1479,0.1388
1353,136,1489,0.1388
1354,137,1491,0.1388
1349,139,1488,0.1388
1358,144,1502,0.1388
1360,145,1505,0.1388
1351,145,1496,0.1388
1355,145,1500,0.1388
1352,144,1496,0.1388
1347,143,1490,0.1388
1356,143,1499,0.1388
1360,148,1508,0.1388
1353,142,1495,0.1388
1360,145,1505,0.1388
1366,146,1512,0.1388
1364,139,1503,0.1388
1356,137,1493,0.1388
1355,140,1495,0.1388
1354,145,1499,0.1388
1356,144,1500,0.1388
1359,141,1500,0.1388
1353,145,1498,0.1388
1339,149,1488,0.1388
1335,148,1483,0.1388
1336,146,1482,0.1388
1339,151,1490,0.1388
1333,149,1482,0.1388
1335,148,1483,0.1388
1334,148,1482,0.1388
1342,152,1494,0.1388
1331,150,1481,0.1388
1337,150,1487,0.1388
1338,148,1486,0.1388
1344,148,1492,0.1388
1348,147,1495,0.1388
1350,145,1495,0.1388
1348,149,1497,0.1388
1351,153,1504,0.1388
1354,146,1500,0.1388
1371,150,1521,0.1388
1366,153,1519,0.1388
1363,151,1514,0.1388
1359,152,1511,0.1388
1340,155,1495,0.1388
1340,150,1490,0.1388
1333,150,1483,0.1388
1344,152,1496,0.1388
1345,152,1497,0.1388
1353,153,1506,0.1388
1355,158,1513,0.1388
1353,158,1511,0.1388
1330,159,1489,0.1388
1331,162,1493,0.1388
1329,164,1493,0.1388
1324,162,1486,0.1388
1323,162,1485,0.1388
1317,162,1479,0.1388
1323,159,1482,0.1388
1322,163,1485,0.1388
1337,163,1500,0.1388
1321,160,1481,0.1388
1312,164,1476,0.1388
1315,163,1478,0.1388
1319,166,1485,0.1388
1321,162,1483,0.1388
1327,164,1491,0.1388
1326,164,1490,0.1388
1330,161,1491,0.1388
1325,167,1492,0.1388
1331,166,1497,0.1388
1331,167,1498,0.1388
1322,170,1492,0.1388
1314,168,1482,0.1388
1312,169,1481,0.1388
1318,172,1490,0.1388
1324,174,1498,0.1388
1320,173,1493,0.1388
1316,174,1490,0.1388
1314,173,1487,0.1388
1311,173,1484,0.1388
1304,176,1480,0.1388
1303,182,1485,0.1388
1312,185,1497,0.1388
1304,176,1480,0.1388
1304,179,1483,0.1388
1298,181,1479,0.1388
1303,178,1481,0.1388
1308,179,1487,0.1388
1304,177,1481,0.1388
1303,176,1479,0.1388
1309,175,1484,0.1388
1316,178,1494,0.1388
1308,179,1487,0.1388
1303,182,1485,0.1388
1295,187,1482,0.1388
1316,186,1502,0.1388
1320,183,1503,0.1388
1319,181,1500,0.1388
1322,179,1501,0.1388
1317,182,1499,0.1388
1312,184,1496,0.1388
1328,187,1515,0.1388
1324,190,1514,0.1388
1322,188,1510,0.1388
1326,187,1513,0.1388
1327,187,1514,0.1388
1318,184,1502,0.1388
1317,188,1505,0.1388
1317,190,1507,0.1388
1303,186,1489,0.1388
1300,187,1487,0.1388
1319,184,1503,0.1388
1319,185,1504,0.1388
1315,181,1496,0.1388
1312,185,1497,0.1388
1303,181,1484,0.1388
1309,185,1494,0.1388
1310,190,1500,0.1388
1314,189,1503,0.1388
1315,184,1499,0.1388
1328,182,1510,0.1388
1324,187,1511,0.1388
1324,188,1512,0.1388
1317,192,1509,0.1388
1307,191,1498,0.1388
1308,186,1494,0.1388
1317,187,1504,0.1388
1303,186,1489,0.1388
1296,187,1483,0.1388
1297,188,1485,0.1388
1294,188,1482,0.1388
1289,186,1475,0.1388
1295,188,1483,0.1388
1296,191,1487,0.1388
1286,192,1478,0.1388
1289,200,1489,0.1388
1275,201,1476,0.1388
1284,194,1478,0.1388
1284,196,1480,0.1388
1282,196,1478,0.1388
1288,198,1486,0.1388
1298,201,1499,0.1388
1297,203,1500,0.1388
1302,203,1505,0.1388
1304,207,1511,0.1388
1297,209,1506,0.1388
1291,209,1500,0.1388
1287,207,1494,0.1388
1291,210,1501,0.1388
1299,213,1512,0.1388
1297,213,1510,0.1388
1296,212,1508,0.1388
1296,214,1510,0.1388
1282,217,1499,0.1388
1296,213,1509,0.1388
1298,215,1513,0.1388
1300,220,1520,0.1388
1294,220,1514,0.1388
1291,219,1510,0.1388
1275,220,1495,0.1388
1275,214,1489,0.1388
1268,214,1482,0.1388
1282,213,1495,0.1388
1293,213,1506,0.1388
1292,216,1508,0.1388
1291,216,1507,0.1388
1285,215,1500,0.1388
1282,216,1498,0.1388
1279,223,1502,0.1388
1272,230,1502,0.1388
1280,237,1517,0.1388
1282,235,1517,0.1388
1278,237,1515,0.1388
1270,243,1513,0.1388
1258,245,1503,0.1388
1248,244,1492,0.1388
1244,242,1486,0.1388
1236,244,1480,0.1388
1246,250,1496,0.1388
1250,251,1501,0.1388
1241,258,1499,0.1388
1242,254,1496,0.1388
1232,256,1488,0.1388
1219,254,1473,0.1388
1222,254,1476,0.1388
1224,259,1483,0.1388
1226,265,1491,0.1388
1230,265,1495,0.1388
1230,272,1502,0.1388
1228,273,1501,0.1388
1235,274,1509,0.1388
1233,276,1509,0.1388
1228,277,1505,0.1388
1219,278,1497,0.1388
1213,276,1489,0.1388
1212,271,1483,0.1388
1219,277,1496,0.1388
1216,275,1491,0.1388
1202,272,1474,0.1388
1218,275,1493,0.1388
1213,262,1475,0.1388
1218,266,1484,0.1388
1215,263,1478,0.1388
1217,266,1483,0.1388
1215,270,1485,0.1388
1213,272,1485,0.1388
1211,270,1481,0.1388
1216,277,1493,0.1388
1217,277,1494,0.1388
1227,278,1505,0.1388
1216,281,1497,0.1388
1216,278,1494,0.1388
1215,277,1492,0.1388
1203,277,1480,0.1388
1203,277,1480,0.1388
1215,277,1492,0.1388
1215,280,1495,0.1388
1212,285,1497,0.1388
1219,281,1500,0.1388
1204,279,1483,0.1388
1207,294,1501,0.1388
1208,299,1507,0.1388
1209,297,1506,0.1388
1210,292,1502,0.1388
1208,296,1504,0.1388
1201,302,1503,0.1388
1202,299,1501,0.1388
1204,291,1495,0.1388
1198,295,1493,0.1388
1183,295,1478,0.1388
1185,299,1484,0.1388
1185,303,1488,0.1388
1193,307,1500,0.1388
1195,307,1502,0.1388
1187,308,1495,0.1388
1182,307,1489,0.1388
1182,303,1485,0.1388
1182,304,1486,0.1388
1196,315,1511,0.1388
1197,313,1510,0.1388
1201,309,1510,0.1388
1190,310,1500,0.1388
1184,312,1496,0.1388
1179,311,1490,0.1388
1174,312,1486,0.1388
1170,320,1490,0.1388
1176,319,1495,0.1388
1177,317,1494,0.1388
1181,314,1495,0.1388
1183,320,1503,0.1388
1173,319,1492,0.1388
1163,328,1491,0.1388
1172,328,1500,0.1388
1182,328,1510,0.1388
1177,328,1505,0.1388
1179,335,1514,0.1388
1170,333,1503,0.1388
1172,329,1501,0.1388
1174,323,1497,0.1388
1166,325,1491,0.1388
1161,324,1485,0.1388
1164,328,1492,0.1388
1170,328,1498,0.1388
1165,329,1494,0.1388
1170,332,1502,0.1388
1172,328,1500,0.1388
1169,335,1504,0.1388
1161,348,1509,0.1388
1154,343,1497,0.1388
1167,339,1506,0.1388
1169,337,1506,0.1388
1172,334,1506,0.1388
1171,337,1508,0.1388
1164,342,1506,0.1388
1168,342,1510,0.1388
1171,341,1512,0.1388
1170,337,1507,0.1388
1158,336,1494,0.1388
1165,335,1500,0.1388
1172,337,1509,0.1388
1172,335,1507,0.1388
1160,339,1499,0.1388
1168,340,1508,0.1388
1154,348,1502,0.1388
1164,350,1514,0.1388
1166,351,1517,0.1388
1156,352,1508,0.1388
1154,354,1508,0.1388
1160,348,1508,0.1388
1146,348,1494,0.1388
1145,351,1496,0.1388
1141,355,1496,0.1388
1125,356,1481,0.1388
1129,350,1479,0.1388
1145,360,1505,0.1388
1143,357,1500,0.1388
1139,362,1501,0.1388
1147,363,1510,0.1388
1143,365,1508,0.1388
1138,361,1499,0.1388
1139,364,1503,0.1388
1138,367,1505,0.1388
1133,364,1497,0.1388
1129,369,1498,0.1388
1127,377,1504,0.1388
1124,374,1498,0.1388
1127,376,1503,0.1388
1115,372,1487,0.1388
1116,368,1484,0.1388
1118,372,1490,0.1388
1103,383,1486,0.1388
1109,386,1495,0.1388
1096,384,1480,0.1388
1104,388,1492,0.1388
1105,383,1488,0.1388
1098,382,1480,0.1388
1107,380,1487,0.1388
1109,384,1493,0.1388
1107,383,1490,0.1388
1099,388,1487,0.1388
1112,382,1494,0.1388
1113,384,1497,0.1388
1121,389,1510,0.1388
1122,386,1508,0.1388
1129,387,1516,0.1388
1126,388,1514,0.1388
1124,388,1512,0.1388
1126,390,1516,0.1388
1122,385,1507,0.1388
1122,390,1512,0.1388
1110,387,1497,0.1388
1103,388,1491,0.1388
1096,385,1481,0.1388
1102,384,1486,0.1388
1105,386,1491,0.1388
1120,389,1509,0.1388
1108,387,1495,0.1388
1111,388,1499,0.1388
1112,393,1505,0.1388
1112,397,1509,0.1388
1117,391,1508,0.1388
1104,390,1494,0.1388
1106,387,1493,0.1388
1106,391,1497,0.1388
1108,391,1499,0.1388
1129,382,1511,0.1388
1121,383,1504,0.1388
1131,383,1514,0.1388
1126,382,1508,0.1388
1129,383,1512,0.1388
1127,390,1517,0.1388
1128,389,1517,0.1388
1119,391,1510,0.1388
1110,392,1502,0.1388
1118,391,1509,0.1388
1118,390,1508,0.1388
1121,396,1517,0.1388
1112,396,1508,0.1388
1108,398,1506,0.1388
1119,393,1512,0.1388
1125,390,1515,0.1388
1121,389,1510,0.1388
1129,386,1515,0.1388
1122,385,1507,0.1388
1120,390,1510,0.1388
1120,391,1511,0.1388
1115,391,1506,0.1388
1110,392,1502,0.1388
1107,391,1498,0.1388
1101,387,1488,0.1388
1103,384,1487,0.1388
1100,387,1487,0.1388
1099,384,1483,0.1388
1095,388,1483,0.1388
1106,389,1495,0.1388
1101,396,1497,0.1388
1100,397,1497,0.1388
1112,391,1503,0.1388
1102,388,1490,0.1388
1100,386,1486,0.1388
1101,393,1494,0.1388
1086,396,1482,0.1388
1097,404,1501,0.1388
1096,410,1506,0.1388
1099,401,1500,0.1388
1096,393,1489,0.1388
1101,397,1498,0.1388
1096,399,1495,0.1388
1108,399,1507,0.1388
1105,400,1505,0.1388
1104,394,1498,0.1388
1100,398,1498,0.1388
1090,396,1486,0.1388
1102,403,1505,0.1388
1096,401,1497,0.1388
1093,400,1493,0.1388
1086,401,1487,0.1388
1088,402,1490,0.1388
1098,405,1503,0.1388
1105,407,1512,0.1388
1107,403,1510,0.1388
1107,393,1500,0.1388
1100,402,1502,0.1388
1099,402,1501,0.1388
1097,406,1503,0.1388
1098,409,1507,0.1388
1105,403,1508,0.1388
1100,404,1504,0.1388
1095,404,1499,0.1388
1102,405,1507,0.1388
1100,403,1503,0.1388
1099,409,1508,0.1388
1102,412,1514,0.1388
1091,410,1501,0.1388
1084,424,1508,0.1388
1077,420,1497,0.1388
1086,413,1499,0.1388
1084,417,1501,0.1388
1095,416,1511,0.1388
1080,424,1504,0.1388
1090,425,1515,0.1388
1096,428,1524,0.1388
1078,428,1506,0.1388
1083,429,1512,0.1388
1073,437,1510,0.1388
1064,439,1503,0.1388
1060,440,1500,0.1388
1056,447,1503,0.1388
1067,449,1516,0.1388
1067,448,1515,0.1388
1065,443,1508,0.1388
1068,437,1505,0.1388
1063,431,1494,0.1388
1065,433,1498,0.1388
1064,427,1491,0.1388
1063,430,1493,0.1388
1060,430,1490,0.1388
1056,432,1488,0.1388
1061,441,1502,0.1388
1057,441,1498,0.1388
1058,441,1499,0.1388
1051,439,1490,0.1388
1057,446,1503,0.1388
1057,448,1505,0.1388
1059,441,1500,0.1388
1060,436,1496,0.1388
1062,445,1507,0.1388
1057,453,1510,0.1388
1054,448,1502,0.1388
1055,455,1510,0.1388
1046,463,1509,0.1388
1050,460,1510,0.1388
1041,460,1501,0.1388
1037,461,1498,0.1388
1042,462,1504,0.1388
1034,460,1494,0.1388
1045,461,1506,0.1388
1039,465,1504,0.1388
1034,465,1499,0.1388
1035,475,1510,0.1388
1025,477,1502,0.1388
1038,478,1516,0.1388
1022,479,1501,0.1388
1028,477,1505,0.1388
1024,474,1498,0.1388
1021,475,1496,0.1388
1022,477,1499,0.1388
1019,479,1498,0.1388
1021,469,1490,0.1388
1022,482,1504,0.1388
1033,476,1509,0.1388
1019,475,1494,0.1388
1024,487,1511,0.1388
1020,491,1511,0.1388
1015,498,1513,0.1388
1015,495,1510,0.1388
1004,497,1501,0.1388
1010,489,1499,0.1388
1015,494,1509,0.1388
997,494,1491,0.1388
1008,492,1500,0.1388
1012,503,1515,0.1388
1009,500,1509,0.1388
1012,499,1511,0.1388
1005,508,1513,0.1388
997,506,1503,0.1388
996,510,1506,0.1388
994,511,1505,0.1388
1001,508,1509,0.1388
1009,501,1510,0.1388
989,508,1497,0.1388
992,509,1501,0.1388
997,510,1507,0.1388
1002,505,1507,0.1388
998,502,1500,0.1388
1000,502,1502,0.1388
991,502,1493,0.1388
982,508,1490,0.1388
991,509,1500,0.1388
973,514,1487,0.1388
980,516,1496,0.1388
978,512,1490,0.1388
978,521,1499,0.1388
985,512,1497,0.1388
981,517,1498,0.1388
974,517,1491,0.1388
975,529,1504,0.1388
973,530,1503,0.1388
969,535,1504,0.1388
961,530,1491,0.1388
960,528,1488,0.1388
950,531,1481,0.1388
952,528,1480,0.1388
955,531,1486,0.1388
960,539,1499,0.1388
962,535,1497,0.1388
967,535,1502,0.1388
968,535,1503,0.1388
972,532,1504,0.1388
976,530,1506,0.1388
964,526,1490,0.1388
974,523,1497,0.1388
969,526,1495,0.1388
976,537,1513,0.1388
977,529,1506,0.1388
970,531,1501,0.1388
967,532,1499,0.1388
964,531,1495,0.1388
967,534,1501,0.1388
976,530,1506,0.1388
993,530,1523,0.1388
977,539,1516,0.1388
963,536,1499,0.1388
966,530,1496,0.1388
961,530,1491,0.1388
969,533,1502,0.1388
974,532,1506,0.1388
967,538,1505,0.1388
948,541,1489,0.1388
957,537,1494,0.1388
952,544,1496,0.1388
960,540,1500,0.1388
967,538,1505,0.1388
951,535,1486,0.1388
955,547,1502,0.1388
950,550,1500,0.1388
952,546,1498,0.1388
956,550,1506,0.1388
949,542,1491,0.1388
963,544,1507,0.1388
973,545,1518,0.1388
965,532,1497,0.1388
957,542,1499,0.1388
961,543,1504,0.1388
957,542,1499,0.1388
945,539,1484,0.1388
948,544,1492,0.1388
946,540,1486,0.1388
951,536,1487,0.1388
953,543,1496,0.1388
954,543,1497,0.1388
946,544,1490,0.1388
936,544,1480,0.1388
940,547,1487,0.1388
939,552,1491,0.1388
944,541,1485,0.1388
946,549,1495,0.1388
944,552,1496,0.1388
952,551,1503,0.1388
961,551,1512,0.1388
952,556,1508,0.1388
952,558,1510,0.1388
945,556,1501,0.1388
948,558,1506,0.1388
945,567,1512,0.1388
945,575,1520,0.1388
937,570,1507,0.1388
939,573,1512,0.1388
947,567,1514,0.1388
955,561,1516,0.1388
941,564,1505,0.1388
944,561,1505,0.1388
952,560,1512,0.1388
939,569,1508,0.1388
944,572,1516,0.1388
935,577,1512,0.1388
940,575,1515,0.1388
936,576,1512,0.1388
937,578,1515,0.1388
944,576,1520,0.1388
940,578,1518,0.1388
944,576,1520,0.1388
944,575,1519,0.1388
942,576,1518,0.1388
942,580,1522,0.1388
934,583,1517,0.1388
938,583,1521,0.1388
939,583,1522,0.1388
931,578,1509,0.1388
923,576,1499,0.1388
920,584,1504,0.1388
914,581,1495,0.1388
909,583,1492,0.1388
913,595,1508,0.1388
907,603,1510,0.1388
902,602,1504,0.1388
886,598,1484,0.1388
898,600,1498,0.1388
897,600,1497,0.1388
898,595,1493,0.1388
895,595,1490,0.1388
888,596,1484,0.1388
898,592,1490,0.1388
892,607,1499,0.1388
884,611,1495,0.1388
888,613,1501,0.1388
886,618,1504,0.1388
898,615,1513,0.1388
886,618,1504,0.1388
895,619,1514,0.1388
891,620,1511,0.1388
889,622,1511,0.1388
881,627,1508,0.1388
886,629,1515,0.1388
888,634,1522,0.1388
874,628,1502,0.1388
876,625,1501,0.1388
873,631,1504,0.1388
874,633,1507,0.1388
869,632,1501,0.1388
867,634,1501,0.1388
863,648,1511,0.1388
856,642,1498,0.1388
857,644,1501,0.1388
866,646,1512,0.1388
851,652,1503,0.1388
852,646,1498,0.1388
856,648,1504,0.1388
857,643,1500,0.1388
851,643,1494,0.1388
856,650,1506,0.1388
861,642,1503,0.1388
858,647,1505,0.1388
850,646,1496,0.1388
849,645,1494,0.1388
843,642,1485,0.1388
839,650,1489,0.1388
843,658,1501,0.1388
833,674,1507,0.1388
829,679,1508,0.1388
827,680,1507,0.1388
833,684,1517,0.1388
840,683,1523,0.1388
836,672,1508,0.1388
827,666,1493,0.1388
830,670,1500,0.1388
827,677,1504,0.1388
836,667,1503,0.1388
831,670,1501,0.1388
827,668,1495,0.1388
822,679,1501,0.1388
820,677,1497,0.1388
815,680,1495,0.1388
819,680,1499,0.1388
803,683,1486,0.1388
809,683,1492,0.1388
799,688,1487,0.1388
787,688,1475,0.1388
798,692,1490,0.1388
786,695,1481,0.1388
791,694,1485,0.1388
799,692,1491,0.1388
799,683,1482,0.1388
797,691,1488,0.1388
799,703,1502,0.1388
800,692,1492,0.1388
810,688,1498,0.1388
808,693,1501,0.1388
806,696,1502,0.1388
814,700,1514,0.1388
807,702,1509,0.1388
807,692,1499,0.1388
815,701,1516,0.1388
811,693,1504,0.1388
817,698,1515,0.1388
816,700,1516,0.1388
816,700,1516,0.1388
818,699,1517,0.1388
809,696,1505,0.1388
821,712,1533,0.1388
815,704,1519,0.1388
802,699,1501,0.1388
807,699,1506,0.1388
795,692,1487,0.1388
794,701,1495,0.1388
799,705,1504,0.1388
790,705,1495,0.1388
788,702,1490,0.1388
789,705,1494,0.1388
790,706,1496,0.1388
792,700,1492,0.1388
795,694,1489,0.1388
801,700,1501,0.1388
814,699,1513,0.1388
812,702,1514,0.1388
809,700,1509,0.1388
808,706,1514,0.1388
804,701,1505,0.1388
809,713,1522,0.1388
811,711,1522,0.1388
815,711,1526,0.1388
812,705,1517,0.1388
803,704,1507,0.1388
808,711,1519,0.1388
811,711,1522,0.1388
805,708,1513,0.1388
793,706,1499,0.1388
796,708,1504,0.1388
792,711,1503,0.1388
785,718,1503,0.1388
782,715,1497,0.1388
798,715,1513,0.1388
795,710,1505,0.1388
783,709,1492,0.1388
791,723,1514,0.1388
786,724,1510,0.1388
785,724,1509,0.1388
785,713,1498,0.1388
783,704,1487,0.1388
789,701,1490,0.1388
789,701,1490,0.1388
785,708,1493,0.1388
781,709,1490,0.1388
785,704,1489,0.1388
790,707,1497,0.1388
788,711,1499,0.1388
787,711,1498,0.1388
792,712,1504,0.1388
796,713,1509,0.1388
789,711,1500,0.1388
783,708,1491,0.1388
783,703,1486,0.1388
772,720,1492,0.1388
787,718,1505,0.1388
789,719,1508,0.1388
782,722,1504,0.1388
782,733,1515,0.1388
787,724,1511,0.1388
792,724,1516,0.1388
787,722,1509,0.1388
790,713,1503,0.1388
791,713,1504,0.1388
787,725,1512,0.1388
778,713,1491,0.1388
778,720,1498,0.1388
772,719,1491,0.1388
759,714,1473,0.1388
759,715,1474,0.1388
768,723,1491,0.1388
775,724,1499,0.1388
773,723,1496,0.1388
770,718,1488,0.1388
782,727,1509,0.1388
784,729,1513,0.1388
774,726,1500,0.1388
779,719,1498,0.1388
775,722,1497,0.1388
770,722,1492,0.1388
785,728,1513,0.1388
784,734,1518,0.1388
786,732,1518,0.1388
786,732,1518,0.1388
770,728,1498,0.1388
771,729,1500,0.1388
772,734,1506,0.1388
767,742,1509,0.1388
767,741,1508,0.1388
766,738,1504,0.1388
778,734,1512,0.1388
778,738,1516,0.1388
770,737,1507,0.1388
772,740,1512,0.1388
766,731,1497,0.1388
762,741,1503,0.1388
759,748,1507,0.1388
762,747,1509,0.1388
764,750,1514,0.1388
761,757,1518,0.1388
751,754,1505,0.1388
754,753,1507,0.1388
758,756,1514,0.1388
762,754,1516,0.1388
749,753,1502,0.1388
748,760,1508,0.1388
749,756,1505,0.1388
756,761,1517,0.1388
754,750,1504,0.1388
753,744,1497,0.1388
755,749,1504,0.1388
758,743,1501,0.1388
762,741,1503,0.1388
765,748,1513,0.1388
763,748,1511,0.1388
761,745,1506,0.1388
761,747,1508,0.1388
767,745,1512,0.1388
766,746,1512,0.1388
764,746,1510,0.1388
756,743,1499,0.1388
745,742,1487,0.1388
740,754,1494,0.1388
750,756,1506,0.1388
740,756,1496,0.1388
750,764,1514,0.1388
748,766,1514,0.1388
747,769,1516,0.1388
743,762,1505,0.1388
747,758,1505,0.1388
747,763,1510,0.1388
746,759,1505,0.1388
741,760,1501,0.1388
742,759,1501,0.1388
726,763,1489,0.1388
728,766,1494,0.1388
732,772,1504,0.1388
731,766,1497,0.1388
719,767,1486,0.1388
722,762,1484,0.1388
724,753,1477,0.1388
730,754,1484,0.1388
723,766,1489,0.1388
723,770,1493,0.1388
729,776,1505,0.1388
729,778,1507,0.1388
738,774,1512,0.1388
728,769,1497,0.1388
723,768,1491,0.1388
730,774,1504,0.1388
721,781,1502,0.1388
722,781,1503,0.1388
719,783,1502,0.1388
719,780,1499,0.1388
731,782,1513,0.1388
727,784,1511,0.1388
735,787,1522,0.1388
734,786,1520,0.1388
738,786,1524,0.1388
734,780,1514,0.1388
728,786,1514,0.1388
734,782,1516,0.1388
728,780,1508,0.1388
716,771,1487,0.1388
711,773,1484,0.1388
720,768,1488,0.1388
715,777,1492,0.1388
723,777,1500,0.1388
726,776,1502,0.1388
724,782,1506,0.1388
730,773,1503,0.1388
716,776,1492,0.1388
718,778,1496,0.1388
728,780,1508,0.1388
722,779,1501,0.1388
722,778,1500,0.1388
721,781,1502,0.1388
729,783,1512,0.1388
718,793,1511,0.1388
716,783,1499,0.1388
712,783,1495,0.1388
710,787,1497,0.1388
704,785,1489,0.1388
705,790,1495,0.1388
710,792,1502,0.1388
705,783,1488,0.1388
705,779,1484,0.1388
702,793,1495,0.1388
702,796,1498,0.1388
708,803,1511,0.1388
706,806,1512,0.1388
712,807,1519,0.1388
709,806,1515,0.1388
714,804,1518,0.1388
714,808,1522,0.1388
707,803,1510,0.1388
705,799,1504,0.1388
709,806,1515,0.1388
710,806,1516,0.1388
707,802,1509,0.1388
717,798,1515,0.1388
722,803,1525,0.1388
721,800,1521,0.1388
712,798,1510,0.1388
711,800,1511,0.1388
704,797,1501,0.1388
713,801,1514,0.1388
709,801,1510,0.1388
701,807,1508,0.1388
700,815,1515,0.1388
693,817,1510,0.1388
695,813,1508,0.1388
684,819,1503,0.1388
690,819,1509,0.1388
689,811,1500,0.1388
691,813,1504,0.1388
691,812,1503,0.1388
690,812,1502,0.1388
684,822,1506,0.1388
680,819,1499,0.1388
677,822,1499,0.1388
671,833,1504,0.1388
678,831,1509,0.1388
672,828,1500,0.1388
668,838,1506,0.1388
667,840,1507,0.1388
668,846,1514,0.1388
671,843,1514,0.1388
670,833,1503,0.1388
674,829,1503,0.1388
687,835,1522,0.1388
687,831,1518,0.1388
673,848,1521,0.1388
664,850,1514,0.1388
667,853,1520,0.1388
664,856,1520,0.1388
658,854,1512,0.1388
660,857,1517,0.1388
658,854,1512,0.1388
662,851,1513,0.1388
654,857,1511,0.1388
649,858,1507,0.1388
637,850,1487,0.1388
646,853,1499,0.1388
649,851,1500,0.1388
653,851,1504,0.1388
660,846,1506,0.1388
659,849,1508,0.1388
661,860,1521,0.1388
659,860,1519,0.1388
661,852,1513,0.1388
663,854,1517,0.1388
653,851,1504,0.1388
658,846,1504,0.1388
660,834,1494,0.1388
653,841,1494,0.1388
652,843,1495,0.1388
659,841,1500,0.1388
659,843,1502,0.1388
653,845,1498,0.1388
653,856,1509,0.1388
662,848,1510,0.1388
652,848,1500,0.1388
655,850,1505,0.1388
655,854,1509,0.1388
657,849,1506,0.1388
658,857,1515,0.1388
659,866,1525,0.1388
654,857,1511,0.1388
650,862,1512,0.1388
652,864,1516,0.1388
652,863,1515,0.1388
657,860,1517,0.1388
644,868,1512,0.1388
650,885,1535,0.1388
644,883,1527,0.1388
642,867,1509,0.1388
649,870,1519,0.1388
636,873,1509,0.1388
629,880,1509,0.1388
632,877,1509,0.1388
636,882,1518,0.1388
636,885,1521,0.1388
628,880,1508,0.1388
623,884,1507,0.1388
627,883,1510,0.1388
629,884,1513,0.1388
630,887,1517,0.1388
624,894,1518,0.1388
626,899,1525,0.1388
620,891,1511,0.1388
621,894,1515,0.1388
620,904,1524,0.1388
622,895,1517,0.1388
620,888,1508,0.1388
623,883,1506,0.1388
614,893,1507,0.1388
615,901,1516,0.1388
611,891,1502,0.1388
613,885,1498,0.1388
612,893,1505,0.1388
627,892,1519,0.1388
619,890,1509,0.1388
620,903,1523,0.1388
623,896,1519,0.1388
611,900,1511,0.1388
611,901,1512,0.1388
608,902,1510,0.1388
603,889,1492,0.1388
601,903,1504,0.1388
603,900,1503,0.1388
608,912,1520,0.1388
607,902,1509,0.1388
597,909,1506,0.1388
598,894,1492,0.1388
588,901,1489,0.1388
592,903,1495,0.1388
597,899,1496,0.1388
611,911,1522,0.1388
601,910,1511,0.1388
598,901,1499,0.1388
601,908,1509,0.1388
598,910,1508,0.1388
608,903,1511,0.1388
608,905,1513,0.1388
603,905,1508,0.1388
600,904,1504,0.1388
596,909,1505,0.1388
603,901,1504,0.1388
596,903,1499,0.1388
590,909,1499,0.1388
599,907,1506,0.1388
595,911,1506,0.1388
598,909,1507,0.1388
603,911,1514,0.1388
600,913,1513,0.1388
606,909,1515,0.1388
600,905,1505,0.1388
601,905,1506,0.1388
608,904,1512,0.1388
608,890,1498,0.1388
619,895,1514,0.1388
620,899,1519,0.1388
607,911,1518,0.1388
599,910,1509,0.1388
606,907,1513,0.1388
594,909,1503,0.1388
604,911,1515,0.1388
601,905,1506,0.1388
601,905,1506,0.1388
602,902,1504,0.1388
609,897,1506,0.1388
608,899,1507,0.1388
611,898,1509,0.1388
611,905,1516,0.1388
615,911,1526,0.1388
615,911,1526,0.1388
609,907,1516,0.1388
605,909,1514,0.1388
602,910,1512,0.1388
602,904,1506,0.1388
596,908,1504,0.1388
597,912,1509,0.1388
594,913,1507,0.1388
595,915,1510,0.1388
591,928,1519,0.1388
600,921,1521,0.1388
601,914,1515,0.1388
604,919,1523,0.1388
598,924,1522,0.1388
594,918,1512,0.1388
582,915,1497,0.1388
588,922,1510,0.1388
584,911,1495,0.1388
583,914,1497,0.1388
582,921,1503,0.1388
583,928,1511,0.1388
580,932,1512,0.1388
585,928,1513,0.1388
582,928,1510,0.1388
578,937,1515,0.1388
578,938,1516,0.1388
564,933,1497,0.1388
579,929,1508,0.1388
585,939,1524,0.1388
582,936,1518,0.1388
577,933,1510,0.1388
577,929,1506,0.1388
566,926,1492,0.1388
575,933,1508,0.1388
580,930,1510,0.1388
583,929,1512,0.1388
585,916,1501,0.1388
581,915,1496,0.1388
581,926,1507,0.1388
585,928,1513,0.1388
577,926,1503,0.1388
576,931,1507,0.1388
580,926,1506,0.1388
579,936,1515,0.1388
573,932,1505,0.1388
570,937,1507,0.1388
568,950,1518,0.1388
569,947,1516,0.1388
569,942,1511,0.1388
567,938,1505,0.1388
565,947,1512,0.1388
557,954,1511,0.1388
555,947,1502,0.1388
556,947,1503,0.1388
567,938,1505,0.1388
565,951,1516,0.1388
570,951,1521,0.1388
569,936,1505,0.1388
575,930,1505,0.1388
570,917,1487,0.1388
569,922,1491,0.1388
572,937,1509,0.1388
575,938,1513,0.1388
570,940,1510,0.1388
565,946,1511,0.1388
567,950,1517,0.1388
566,947,1513,0.1388
564,945,1509,0.1388
575,954,1529,0.1388
574,947,1521,0.1388
562,953,1515,0.1388
560,946,1506,0.1388
561,948,1509,0.1388
562,944,1506,0.1388
568,945,1513,0.1388
575,946,1521,0.1388
570,944,1514,0.1388
559,940,1499,0.1388
561,949,1510,0.1388
562,948,1510,0.1388
563,953,1516,0.1388
555,953,1508,0.1388
548,954,1502,0.1388
545,965,1510,0.1388
550,960,1510,0.1388
547,959,1506,0.1388
551,960,1511,0.1388
544,952,1496,0.1388
542,953,1495,0.1388
549,973,1522,0.1388
552,977,1529,0.1388
549,977,1526,0.1388
549,968,1517,0.1388
545,962,1507,0.1388
534,969,1503,0.1388
532,969,1501,0.1388
527,977,1504,0.1388
530,969,1499,0.1388
535,985,1520,0.1388
528,978,1506,0.1388
528,991,1519,0.1388
527,985,1512,0.1388
528,977,1505,0.1388
533,988,1521,0.1388
538,994,1532,0.1388
527,983,1510,0.1388
530,986,1516,0.1388
533,980,1513,0.1388
530,968,1498,0.1388
533,973,1506,0.1388
532,971,1503,0.1388
528,974,1502,0.1388
522,984,1506,0.1388
518,985,1503,0.1388
516,994,1510,0.1388
509,987,1496,0.1388
510,981,1491,0.1388
502,994,1496,0.1388
506,980,1486,0.1388
503,986,1489,0.1388
508,998,1506,0.1388
503,1007,1510,0.1388
503,1015,1518,0.1388
503,1011,1514,0.1388
500,1010,1510,0.1388
495,1007,1502,0.1388
497,1007,1504,0.1388
500,1010,1510,0.1388
500,1012,1512,0.1388
491,1016,1507,0.1388
484,1021,1505,0.1388
488,1023,1511,0.1388
493,1026,1519,0.1388
495,1024,1519,0.1388
493,1022,1515,0.1388
499,1014,1513,0.1388
499,1024,1523,0.1388
490,1016,1506,0.1388
489,1026,1515,0.1388
489,1032,1521,0.1388
482,1036,1518,0.1388
483,1037,1520,0.1388
484,1034,1518,0.1388
484,1028,1512,0.1388
488,1020,1508,0.1388
486,1023,1509,0.1388
482,1020,1502,0.1388
475,1027,1502,0.1388
475,1025,1500,0.1388
488,1031,1519,0.1388
488,1038,1526,0.1388
489,1039,1528,0.1388
479,1044,1523,0.1388
482,1042,1524,0.1388
478,1037,1515,0.1388
478,1037,1515,0.1388
476,1030,1506,0.1388
472,1022,1494,0.1388
474,1023,1497,0.1388
476,1024,1500,0.1388
479,1031,1510,0.1388
477,1028,1505,0.1388
473,1029,1502,0.1388
474,1033,1507,0.1388
468,1039,1507,0.1388
475,1033,1508,0.1388
466,1031,1497,0.1388
467,1042,1509,0.1388
471,1040,1511,0.1388
475,1034,1509,0.1388
467,1030,1497,0.1388
469,1035,1504,0.1388
463,1047,1510,0.1388
462,1052,1514,0.1388
464,1049,1513,0.1388
472,1050,1522,0.1388
468,1040,1508,0.1388
468,1041,1509,0.1388
473,1048,1521,0.1388
472,1044,1516,0.1388
473,1051,1524,0.1388
480,1044,1524,0.1388
479,1044,1523,0.1388
481,1046,1527,0.1388
478,1052,1530,0.1388
479,1040,1519,0.1388
479,1040,1519,0.1388
474,1040,1514,0.1388
475,1051,1526,0.1388
465,1053,1518,0.1388
467,1057,1524,0.1388
463,1058,1521,0.1388
462,1053,1515,0.1388
454,1048,1502,0.1388
457,1050,1507,0.1388
460,1058,1518,0.1388
464,1060,1524,0.1388
463,1062,1525,0.1388
458,1075,1533,0.1388
463,1060,1523,0.1388
455,1058,1513,0.1388
457,1058,1515,0.1388
461,1062,1523,0.1388
458,1059,1517,0.1388
463,1045,1508,0.1388
460,1057,1517,0.1388
460,1047,1507,0.1388
461,1037,1498,0.1388
457,1037,1494,0.1388
468,1033,1501,0.1388
473,1035,1508,0.1388
470,1052,1522,0.1388
463,1057,1520,0.1388
465,1051,1516,0.1388
471,1040,1511,0.1388
469,1046,1515,0.1388
466,1049,1515,0.1388
465,1047,1512,0.1388
467,1056,1523,0.1388
469,1054,1523,0.1388
464,1042,1506,0.1388
465,1044,1509,0.1388
466,1046,1512,0.1388
465,1048,1513,0.1388
462,1047,1509,0.1388
457,1045,1502,0.1388
463,1040,1503,0.1388
465,1032,1497,0.1388
469,1045,1514,0.1388
472,1050,1522,0.1388
464,1041,1505,0.1388
471,1037,1508,0.1388
463,1047,1510,0.1388
459,1052,1511,0.1388
460,1052,1512,0.1388
461,1042,1503,0.1388
457,1043,1500,0.1388
463,1036,1499,0.1388
466,1036,1502,0.1388
458,1033,1491,0.1388
466,1037,1503,0.1388
465,1050,1515,0.1388
463,1044,1507,0.1388
459,1041,1500,0.1388
454,1056,1510,0.1388
454,1049,1503,0.1388
459,1061,1520,0.1388
458,1060,1518,0.1388
456,1062,1518,0.1388
454,1064,1518,0.1388
452,1062,1514,0.1388
443,1065,1508,0.1388
439,1061,1500,0.1388
433,1070,1503,0.1388
429,1082,1511,0.1388
433,1082,1515,0.1388
432,1080,1512,0.1388
433,1077,1510,0.1388
432,1063,1495,0.1388
434,1072,1506,0.1388
429,1067,1496,0.1388
429,1070,1499,0.1388
428,1088,1516,0.1388
428,1076,1504,0.1388
428,1070,1498,0.1388
428,1081,1509,0.1388
425,1086,1511,0.1388
419,1079,1498,0.1388
418,1087,1505,0.1388
418,1088,1506,0.1388
419,1080,1499,0.1388
425,1069,1494,0.1388
426,1075,1501,0.1388
427,1085,1512,0.1388
424,1089,1513,0.1388
421,1084,1505,0.1388
420,1089,1509,0.1388
421,1093,1514,0.1388
422,1083,1505,0.1388
421,1088,1509,0.1388
424,1084,1508,0.1388
425,1071,1496,0.1388
429,1082,1511,0.1388
424,1094,1518,0.1388
428,1099,1527,0.1388
427,1090,1517,0.1388
425,1088,1513,0.1388
430,1090,1520,0.1388
433,1093,1526,0.1388
424,1089,1513,0.1388
428,1092,1520,0.1388
426,1090,1516,0.1388
424,1092,1516,0.1388
423,1097,1520,0.1388
415,1096,1511,0.1388
410,1096,1506,0.1388
409,1095,1504,0.1388
406,1099,1505,0.1388
402,1101,1503,0.1388
407,1103,1510,0.1388
406,1100,1506,0.1388
402,1090,1492,0.1388
400,1108,1508,0.1388
405,1107,1512,0.1388
413,1105,1518,0.1388
413,1108,1521,0.1388
414,1099,1513,0.1388
419,1096,1515,0.1388
416,1091,1507,0.1388
418,1096,1514,0.1388
412,1094,1506,0.1388
413,1091,1504,0.1388
411,1097,1508,0.1388
416,1088,1504,0.1388
416,1090,1506,0.1388
420,1100,1520,0.1388
411,1092,1503,0.1388
408,1110,1518,0.1388
401,1103,1504,0.1388
399,1110,1509,0.1388
388,1110,1498,0.1388
394,1112,1506,0.1388
393,1109,1502,0.1388
397,1122,1519,0.1388
400,1120,1520,0.1388
398,1115,1513,0.1388
400,1108,1508,0.1388
397,1093,1490,0.1388
405,1092,1497,0.1388
408,1108,1516,0.1388
410,1104,1514,0.1388
408,1101,1509,0.1388
413,1094,1507,0.1388
406,1093,1499,0.1388
408,1101,1509,0.1388
405,1108,1513,0.1388
408,1101,1509,0.1388
408,1107,1515,0.1388
404,1106,1510,0.1388
406,1101,1507,0.1388
404,1103,1507,0.1388
395,1128,1523,0.1388
392,1129,1521,0.1388
394,1126,1520,0.1388
392,1128,1520,0.1388
383,1124,1507,0.1388
387,1121,1508,0.1388
382,1124,1506,0.1388
381,1120,1501,0.1388
377,1124,1501,0.1388
382,1128,1510,0.1388
382,1121,1503,0.1388
381,1120,1501,0.1388
385,1126,1511,0.1388
388,1124,1512,0.1388
384,1122,1506,0.1388
375,1124,1499,0.1388
371,1129,1500,0.1388
375,1130,1505,0.1388
381,1129,1510,0.1388
385,1137,1522,0.1388
379,1135,1514,0.1388
380,1136,1516,0.1388
378,1131,1509,0.1388
376,1137,1513,0.1388
375,1129,1504,0.1388
372,1139,1511,0.1388
372,1140,1512,0.1388
366,1134,1500,0.1388
367,1134,1501,0.1388
371,1129,1500,0.1388
365,1132,1497,0.1388
371,1134,1505,0.1388
371,1125,1496,0.1388
371,1127,1498,0.1388
376,1129,1505,0.1388
383,1128,1511,0.1388
385,1129,1514,0.1388
388,1131,1519,0.1388
384,1131,1515,0.1388
383,1127,1510,0.1388
380,1128,1508,0.1388
376,1129,1505,0.1388
373,1134,1507,0.1388
372,1136,1508,0.1388
378,1128,1506,0.1388
380,1122,1502,0.1388
384,1131,1515,0.1388
384,1136,1520,0.1388
385,1135,1520,0.1388
383,1128,1511,0.1388
389,1133,1522,0.1388
392,1128,1520,0.1388
388,1119,1507,0.1388
381,1108,1489,0.1388
376,1123,1499,0.1388
376,1119,1495,0.1388
376,1130,1506,0.1388
375,1130,1505,0.1388
385,1142,1527,0.1388
387,1142,1529,0.1388
391,1134,1525,0.1388
392,1134,1526,0.1388
389,1136,1525,0.1388
384,1132,1516,0.1388
387,1125,1512,0.1388
388,1126,1514,0.1388
385,1124,1509,0.1388
386,1116,1502,0.1388
381,1122,1503,0.1388
377,1127,1504,0.1388
378,1126,1504,0.1388
376,1134,1510,0.1388
376,1113,1489,0.1388
374,1118,1492,0.1388
372,1119,1491,0.1388
371,1126,1497,0.1388
371,1133,1504,0.1388
374,1121,1495,0.1388
373,1137,1510,0.1388
377,1151,1528,0.1388
376,1146,1522,0.1388
371,1146,1517,0.1388
367,1147,1514,0.1388
372,1133,1505,0.1388
367,1125,1492,0.1388
369,1129,1498,0.1388
366,1137,1503,0.1388
366,1138,1504,0.1388
368,1136,1504,0.1388
374,1136,1510,0.1388
369,1133,1502,0.1388
370,1129,1499,0.1388
372,1128,1500,0.1388
372,1137,1509,0.1388
375,1146,1521,0.1388
379,1148,1527,0.1388
376,1149,1525,0.1388
373,1141,1514,0.1388
378,1139,1517,0.1388
376,1131,1507,0.1388
374,1136,1510,0.1388
380,1141,1521,0.1388
375,1150,1525,0.1388
371,1150,1521,0.1388
368,1151,1519,0.1388
370,1149,1519,0.1388
361,1142,1503,0.1388
367,1140,1507,0.1388
370,1148,1518,0.1388
366,1147,1513,0.1388
372,1143,1515,0.1388
368,1139,1507,0.1388
367,1149,1516,0.1388
372,1153,1525,0.1388
372,1151,1523,0.1388
365,1138,1503,0.1388
370,1139,1509,0.1388
365,1135,1500,0.1388
365,1138,1503,0.1388
365,1137,1502,0.1388
361,1139,1500,0.1388
367,1137,1504,0.1388
366,1142,1508,0.1388
365,1132,1497,0.1388
366,1137,1503,0.1388
373,1143,1516,0.1388
367,1128,1495,0.1388
369,1142,1511,0.1388
370,1136,1506,0.1388
368,1132,1500,0.1388
369,1139,1508,0.1388
366,1138,1504,0.1388
365,1135,1500,0.1388
367,1144,1511,0.1388
366,1146,1512,0.1388
371,1155,1526,0.1388
376,1137,1513,0.1388
369,1139,1508,0.1388
369,1143,1512,0.1388
371,1130,1501,0.1388
363,1144,1507,0.1388
360,1146,1506,0.1388
357,1151,1508,0.1388
364,1147,1511,0.1388
370,1149,1519,0.1388
359,1140,1499,0.1388
363,1149,1512,0.1388
355,1151,1506,0.1388
360,1138,1498,0.1388
361,1155,1516,0.1388
357,1151,1508,0.1388
358,1152,1510,0.1388
358,1148,1506,0.1388
365,1147,1512,0.1388
363,1154,1517,0.1388
358,1149,1507,0.1388
358,1156,1514,0.1388
356,1151,1507,0.1388
358,1142,1500,0.1388
359,1145,1504,0.1388
359,1153,1512,0.1388
362,1144,1506,0.1388
359,1141,1500,0.1388
359,1140,1499,0.1388
358,1144,1502,0.1388
354,1146,1500,0.1388
358,1159,1517,0.1388
347,1162,1509,0.1388
352,1165,1517,0.1388
354,1152,1506,0.1388
353,1136,1489,0.1388
357,1153,1510,0.1388
357,1151,1508,0.1388
360,1158,1518,0.1388
360,1166,1526,0.1388
357,1165,1522,0.1388
353,1161,1514,0.1388
351,1159,1510,0.1388
347,1170,1517,0.1388
338,1168,1506,0.1388
346,1174,1520,0.1388
340,1176,1516,0.1388
341,1168,1509,0.1388
343,1171,1514,0.1388
345,1176,1521,0.1388
345,1177,1522,0.1388
342,1174,1516,0.1388
341,1167,1508,0.1388
334,1175,1509,0.1388
331,1188,1519,0.1388
328,1184,1512,0.1388
331,1178,1509,0.1388
326,1193,1519,0.1388
323,1189,1512,0.1388
323,1186,1509,0.1388
326,1184,1510,0.1388
327,1187,1514,0.1388
322,1185,1507,0.1388
319,1181,1500,0.1388
321,1185,1506,0.1388
322,1195,1517,0.1388
324,1188,1512,0.1388
328,1193,1521,0.1388
326,1180,1506,0.1388
328,1178,1506,0.1388
324,1180,1504,0.1388
329,1178,1507,0.1388
328,1173,1501,0.1388
322,1169,1491,0.1388
326,1177,1503,0.1388
330,1186,1516,0.1388
331,1176,1507,0.1388
334,1178,1512,0.1388
327,1185,1512,0.1388
328,1182,1510,0.1388
328,1183,1511,0.1388
337,1174,1511,0.1388
341,1183,1524,0.1388
340,1168,1508,0.1388
335,1169,1504,0.1388
337,1172,1509,0.1388
339,1180,1519,0.1388
342,1180,1522,0.1388
341,1177,1518,0.1388
338,1173,1511,0.1388
340,1172,1512,0.1388
334,1173,1507,0.1388
331,1178,1509,0.1388
330,1184,1514,0.1388
336,1190,1526,0.1388
327,1183,1510,0.1388
331,1180,1511,0.1388
332,1168,1500,0.1388
336,1180,1516,0.1388
336,1181,1517,0.1388
334,1169,1503,0.1388
330,1192,1522,0.1388
336,1191,1527,0.1388
332,1193,1525,0.1388
328,1185,1513,0.1388
331,1191,1522,0.1388
329,1197,1526,0.1388
325,1182,1507,0.1388
327,1184,1511,0.1388
332,1184,1516,0.1388
334,1191,1525,0.1388
335,1191,1526,0.1388
333,1187,1520,0.1388
332,1181,1513,0.1388
334,1186,1520,0.1388
333,1177,1510,0.1388
332,1176,1508,0.1388
329,1176,1505,0.1388
326,1173,1499,0.1388
325,1180,1505,0.1388
323,1168,1491,0.1388
328,1165,1493,0.1388
328,1170,1498,0.1388
328,1186,1514,0.1388
324,1177,1501,0.1388
326,1180,1506,0.1388
326,1184,1510,0.1388
322,1183,1505,0.1388
328,1192,1520,0.1388
321,1196,1517,0.1388
324,1201,1525,0.1388
325,1195,1520,0.1388
328,1190,1518,0.1388
323,1192,1515,0.1388
321,1193,1514,0.1388
321,1194,1515,0.1388
319,1199,1518,0.1388
320,1186,1506,0.1388
323,1180,1503,0.1388
316,1186,1502,0.1388
312,1189,1501,0.1388
312,1197,1509,0.1388
306,1200,1506,0.1388
307,1197,1504,0.1388
311,1205,1516,0.1388
313,1196,1509,0.1388
312,1195,1507,0.1388
311,1198,1509,0.1388
318,1201,1519,0.1388
316,1206,1522,0.1388
317,1212,1529,0.1388
315,1197,1512,0.1388
314,1197,1511,0.1388
311,1200,1511,0.1388
317,1202,1519,0.1388
316,1203,1519,0.1388
312,1213,1525,0.1388
310,1201,1511,0.1388
310,1195,1505,0.1388
309,1213,1522,0.1388
316,1203,1519,0.1388
312,1204,1516,0.1388
306,1208,1514,0.1388
308,1201,1509,0.1388
306,1203,1509,0.1388
311,1198,1509,0.1388
312,1209,1521,0.1388
305,1211,1516,0.1388
307,1209,1516,0.1388
305,1203,1508,0.1388
301,1211,1512,0.1388
305,1197,1502,0.1388
308,1207,1515,0.1388
300,1205,1505,0.1388
305,1205,1510,0.1388
309,1222,1531,0.1388
306,1222,1528,0.1388
308,1218,1526,0.1388
306,1218,1524,0.1388
304,1218,1522,0.1388
304,1214,1518,0.1388
296,1207,1503,0.1388
297,1211,1508,0.1388
299,1220,1519,0.1388
296,1226,1522,0.1388
300,1222,1522,0.1388
299,1225,1524,0.1388
296,1222,1518,0.1388
297,1222,1519,0.1388
297,1235,1532,0.1388
292,1234,1526,0.1388
294,1231,1525,0.1388
298,1231,1529,0.1388
301,1224,1525,0.1388
305,1220,1525,0.1388
301,1211,1512,0.1388
298,1219,1517,0.1388
304,1214,1518,0.1388
299,1206,1505,0.1388
295,1210,1505,0.1388
291,1211,1502,0.1388
285,1224,1509,0.1388
283,1210,1493,0.1388
277,1228,1505,0.1388
274,1225,1499,0.1388
274,1222,1496,0.1388
282,1224,1506,0.1388
282,1225,1507,0.1388
285,1222,1507,0.1388
283,1227,1510,0.1388
282,1224,1506,0.1388
283,1220,1503,0.1388
284,1225,1509,0.1388
279,1240,1519,0.1388
282,1241,1523,0.1388
291,1233,1524,0.1388
288,1222,1510,0.1388
290,1227,1517,0.1388
289,1229,1518,0.1388
288,1224,1512,0.1388
286,1223,1509,0.1388
286,1232,1518,0.1388
283,1228,1511,0.1388
283,1232,1515,0.1388
285,1230,1515,0.1388
287,1241,1528,0.1388
284,1235,1519,0.1388
286,1244,1530,0.1388
278,1249,1527,0.1388
279,1241,1520,0.1388
283,1231,1514,0.1388
279,1239,1518,0.1388
281,1214,1495,0.1388
275,1223,1498,0.1388
276,1229,1505,0.1388
280,1222,1502,0.1388
274,1230,1504,0.1388
272,1232,1504,0.1388
275,1234,1509,0.1388
273,1229,1502,0.1388
274,1236,1510,0.1388
268,1227,1495,0.1388
268,1233,1501,0.1388
269,1240,1509,0.1388
269,1242,1511,0.1388
267,1233,1500,0.1388
269,1229,1498,0.1388
271,1248,1519,0.1388
272,1241,1513,0.1388
271,1248,1519,0.1388
267,1249,1516,0.1388
266,1253,1519,0.1388
260,1244,1504,0.1388
262,1257,1519,0.1388
269,1255,1524,0.1388
266,1255,1521,0.1388
267,1238,1505,0.1388
268,1237,1505,0.1388
265,1252,1517,0.1388
257,1254,1511,0.1388
255,1255,1510,0.1388
258,1249,1507,0.1388
262,1258,1520,0.1388
263,1261,1524,0.1388
264,1255,1519,0.1388
264,1256,1520,0.1388
262,1265,1527,0.1388
258,1254,1512,0.1388
261,1251,1512,0.1388
259,1251,1510,0.1388
258,1253,1511,0.1388
262,1247,1509,0.1388
264,1246,1510,0.1388
261,1243,1504,0.1388
264,1244,1508,0.1388
265,1247,1512,0.1388
264,1246,1510,0.1388
270,1257,1527,0.1388
267,1259,1526,0.1388
261,1257,1518,0.1388
259,1262,1521,0.1388
267,1264,1531,0.1388
263,1266,1529,0.1388
260,1265,1525,0.1388
263,1269,1532,0.1388
261,1259,1520,0.1388
260,1254,1514,0.1388
261,1261,1522,0.1388
256,1268,1524,0.1388
259,1258,1517,0.1388
256,1258,1514,0.1388
254,1257,1511,0.1388
254,1266,1520,0.1388
255,1254,1509,0.1388
252,1259,1511,0.1388
255,1261,1516,0.1388
255,1267,1522,0.1388
248,1269,1517,0.1388
248,1261,1509,0.1388
252,1263,1515,0.1388
247,1256,1503,0.1388
245,1258,1503,0.1388
245,1254,1499,0.1388
242,1260,1502,0.1388
243,1271,1514,0.1388
243,1269,1512,0.1388
237,1270,1507,0.1388
237,1261,1498,0.1388
239,1269,1508,0.1388
240,1265,1505,0.1388
240,1272,1512,0.1388
241,1276,1517,0.1388
240,1278,1518,0.1388
240,1279,1519,0.1388
244,1281,1525,0.1388
241,1286,1527,0.1388
241,1283,1524,0.1388
242,1268,1510,0.1388
240,1266,1506,0.1388
236,1276,1512,0.1388
240,1274,1514,0.1388
243,1266,1509,0.1388
240,1271,1511,0.1388
239,1271,1510,0.1388
242,1269,1511,0.1388
239,1276,1515,0.1388
238,1279,1517,0.1388
235,1284,1519,0.1388
238,1286,1524,0.1388
238,1277,1515,0.1388
235,1280,1515,0.1388
230,1265,1495,0.1388
233,1278,1511,0.1388
231,1280,1511,0.1388
232,1279,1511,0.1388
230,1281,1511,0.1388
228,1279,1507,0.1388
222,1275,1497,0.1388
223,1282,1505,0.1388
224,1290,1514,0.1388
226,1280,1506,0.1388
226,1296,1522,0.1388
225,1286,1511,0.1388
225,1280,1505,0.1388
221,1285,1506,0.1388
224,1277,1501,0.1388
228,1283,1511,0.1388
227,1291,1518,0.1388
228,1290,1518,0.1388
227,1294,1521,0.1388
228,1304,1532,0.1388
223,1297,1520,0.1388
223,1313,1536,0.1388
218,1308,1526,0.1388
212,1308,1520,0.1388
218,1301,1519,0.1388
214,1296,1510,0.1388
214,1291,1505,0.1388
214,1293,1507,0.1388
214,1300,1514,0.1388
213,1292,1505,0.1388
213,1302,1515,0.1388
214,1306,1520,0.1388
213,1308,1521,0.1388
217,1299,1516,0.1388
218,1297,1515,0.1388
219,1282,1501,0.1388
219,1287,1506,0.1388
214,1292,1506,0.1388
210,1303,1513,0.1388
211,1306,1517,0.1388
211,1314,1525,0.1388
212,1305,1517,0.1388
209,1305,1514,0.1388
208,1306,1514,0.1388
208,1319,1527,0.1388
207,1326,1533,0.1388
205,1330,1535,0.1388
202,1321,1523,0.1388
202,1307,1509,0.1388
200,1313,1513,0.1388
201,1308,1509,0.1388
205,1293,1498,0.1388
201,1307,1508,0.1388
196,1314,1510,0.1388
198,1311,1509,0.1388
202,1327,1529,0.1388
201,1326,1527,0.1388
198,1321,1519,0.1388
195,1326,1521,0.1388
191,1316,1507,0.1388
198,1318,1516,0.1388
199,1316,1515,0.1388
196,1308,1504,0.1388
189,1317,1506,0.1388
187,1316,1503,0.1388
180,1320,1500,0.1388
182,1317,1499,0.1388
182,1322,1504,0.1388
178,1329,1507,0.1388
184,1327,1511,0.1388
186,1328,1514,0.1388
186,1328,1514,0.1388
188,1327,1515,0.1388
183,1334,1517,0.1388
186,1337,1523,0.1388
180,1337,1517,0.1388
175,1340,1515,0.1388
173,1352,1525,0.1388
168,1347,1515,0.1388
173,1337,1510,0.1388
177,1337,1514,0.1388
174,1333,1507,0.1388
178,1330,1508,0.1388
173,1348,1521,0.1388
173,1359,1532,0.1388
173,1343,1516,0.1388
173,1340,1513,0.1388
174,1339,1513,0.1388
176,1324,1500,0.1388
177,1340,1517,0.1388
176,1329,1505,0.1388
175,1334,1509,0.1388
177,1341,1518,0.1388
175,1347,1522,0.1388
175,1352,1527,0.1388
174,1351,1525,0.1388
176,1334,1510,0.1388
173,1332,1505,0.1388
174,1334,1508,0.1388
171,1346,1517,0.1388
170,1349,1519,0.1388
170,1347,1517,0.1388
171,1344,1515,0.1388
170,1340,1510,0.1388
167,1345,1512,0.1388
166,1350,1516,0.1388
168,1342,1510,0.1388
165,1346,1511,0.1388
169,1346,1515,0.1388
170,1338,1508,0.1388
168,1342,1510,0.1388
169,1341,1510,0.1388
165,1334,1499,0.1388
161,1341,1502,0.1388
160,1349,1509,0.1388
160,1351,1511,0.1388
159,1352,1511,0.1388
164,1342,1506,0.1388
167,1339,1506,0.1388
169,1347,1516,0.1388
167,1351,1518,0.1388
167,1347,1514,0.1388
166,1355,1521,0.1388
170,1349,1519,0.1388
172,1345,1517,0.1388
169,1335,1504,0.1388
171,1340,1511,0.1388
170,1344,1514,0.1388
171,1328,1499,0.1388
169,1336,1505,0.1388
164,1341,1505,0.1388
157,1345,1502,0.1388
163,1345,1508,0.1388
159,1344,1503,0.1388
159,1336,1495,0.1388
161,1332,1493,0.1388
160,1345,1505,0.1388
160,1351,1511,0.1388
159,1359,1518,0.1388
162,1366,1528,0.1388
165,1353,1518,0.1388
163,1355,1518,0.1388
161,1361,1522,0.1388
161,1354,1515,0.1388
158,1345,1503,0.1388
159,1357,1516,0.1388
158,1363,1521,0.1388
157,1356,1513,0.1388
158,1362,1520,0.1388
152,1357,1509,0.1388
157,1360,1517,0.1388
160,1367,1527,0.1388
155,1362,1517,0.1388
157,1356,1513,0.1388
157,1365,1522,0.1388
156,1362,1518,0.1388
155,1358,1513,0.1388
156,1349,1505,0.1388
157,1357,1514,0.1388
155,1347,1502,0.1388
156,1345,1501,0.1388
154,1346,1500,0.1388
152,1350,1502,0.1388
152,1353,1505,0.1388
150,1365,1515,0.1388
148,1366,1514,0.1388
145,1373,1518,0.1388
149,1378,1527,0.1388
148,1371,1519,0.1388
149,1362,1511,0.1388
142,1372,1514,0.1388
146,1367,1513,0.1388
148,1366,1514,0.1388
148,1357,1505,0.1388
150,1369,1519,0.1388
149,1362,1511,0.1388
147,1376,1523,0.1388
144,1368,1512,0.1388
139,1371,1510,0.1388
140,1371,1511,0.1388
142,1365,1507,0.1388
141,1364,1505,0.1388
143,1374,1517,0.1388
144,1370,1514,0.1388
142,1361,1503,0.1388
145,1360,1505,0.1388
147,1361,1508,0.1388
145,1366,1511,0.1388
144,1377,1521,0.1388
147,1375,1522,0.1388
145,1360,1505,0.1388
143,1367,1510,0.1388
147,1372,1519,0.1388
149,1379,1528,0.1388
146,1378,1524,0.1388
145,1382,1527,0.1388
152,1374,1526,0.1388
156,1376,1532,0.1388
153,1371,1524,0.1388
155,1356,1511,0.1388
150,1361,1511,0.1388
151,1366,1517,0.1388
151,1358,1509,0.1388
147,1353,1500,0.1388
149,1351,1500,0.1388
144,1362,1506,0.1388
144,1359,1503,0.1388
148,1369,1517,0.1388
148,1373,1521,0.1388
147,1368,1515,0.1388
149,1374,1523,0.1388
150,1380,1530,0.1388
154,1371,1525,0.1388
152,1373,1525,0.1388
151,1371,1522,0.1388
148,1365,1513,0.1388
150,1354,1504,0.1388
150,1363,1513,0.1388
149,1365,1514,0.1388
146,1363,1509,0.1388
146,1362,1508,0.1388
146,1358,1504,0.1388
150,1360,1510,0.1388
149,1359,1508,0.1388
149,1353,1502,0.1388
147,1356,1503,0.1388
144,1359,1503,0.1388
147,1377,1524,0.1388
147,1375,1522,0.1388
150,1386,1536,0.1388
149,1379,1528,0.1388
147,1371,1518,0.1388
151,1365,1516,0.1388
146,1371,1517,0.1388
143,1370,1513,0.1388
143,1369,1512,0.1388
145,1360,1505,0.1388
143,1369,1512,0.1388
146,1372,1518,0.1388
146,1368,1514,0.1388
145,1363,1508,0.1388
145,1369,1514,0.1388
145,1375,1520,0.1388
144,1387,1531,0.1388
143,1383,1526,0.1388
147,1375,1522,0.1388
142,1369,1511,0.1388
141,1372,1513,0.1388
138,1369,1507,0.1388
136,1366,1502,0.1388
140,1365,1505,0.1388
143,1366,1509,0.1388
140,1363,1503,0.1388
143,1374,1517,0.1388
143,1381,1524,0.1388
144,1373,1517,0.1388
141,1378,1519,0.1388
143,1367,1510,0.1388
140,1376,1516,0.1388
144,1378,1522,0.1388
144,1369,1513,0.1388
141,1369,1510,0.1388
144,1370,1514,0.1388
150,1362,1512,0.1388
151,1363,1514,0.1388
154,1375,1529,0.1388
153,1372,1525,0.1388
148,1379,1527,0.1388
149,1378,1527,0.1388
149,1366,1515,0.1388
148,1364,1512,0.1388
144,1361,1505,0.1388
144,1357,1501,0.1388
144,1357,1501,0.1388
144,1360,1504,0.1388
140,1365,1505,0.1388
137,1374,1511,0.1388
137,1370,1507,0.1388
138,1370,1508,0.1388
141,1377,1518,0.1388
140,1371,1511,0.1388
140,1373,1513,0.1388
139,1383,1522,0.1388
137,1380,1517,0.1388
138,1380,1518,0.1388
139,1363,1502,0.1388
134,1378,1512,0.1388
134,1373,1507,0.1388
133,1374,1507,0.1388
134,1369,1503,0.1388
135,1377,1512,0.1388
136,1384,1520,0.1388
134,1382,1516,0.1388
134,1373,1507,0.1388
133,1381,1514,0.1388
131,1381,1512,0.1388
133,1379,1512,0.1388
135,1396,1531,0.1388
142,1395,1537,0.1388
141,1388,1529,0.1388
141,1378,1519,0.1388
140,1378,1518,0.1388
136,1372,1508,0.1388
132,1368,1500,0.1388
130,1379,1509,0.1388
131,1385,1516,0.1388
129,1384,1513,0.1388
129,1400,1529,0.1388
126,1399,1525,0.1388
127,1375,1502,0.1388
132,1380,1512,0.1388
135,1377,1512,0.1388
131,1380,1511,0.1388
128,1382,1510,0.1388
127,1391,1518,0.1388
129,1387,1516,0.1388
127,1388,1515,0.1388
123,1397,1520,0.1388
120,1402,1522,0.1388
119,1389,1508,0.1388
121,1389,1510,0.1388
116,1391,1507,0.1388
114,1381,1495,0.1388
116,1376,1492,0.1388
117,1384,1501,0.1388
116,1390,1506,0.1388
120,1397,1517,0.1388
120,1391,1511,0.1388
119,1394,1513,0.1388
120,1398,1518,0.1388
114,1397,1511,0.1388
112,1403,1515,0.1388
112,1415,1527,0.1388
111,1407,1518,0.1388
111,1420,1531,0.1388
110,1415,1525,0.1388
108,1406,1514,0.1388
106,1405,1511,0.1388
107,1399,1506,0.1388
108,1395,1503,0.1388
104,1399,1503,0.1388
103,1422,1525,0.1388
105,1416,1521,0.1388
106,1415,1521,0.1388
106,1416,1522,0.1388
105,1401,1506,0.1388
102,1405,1507,0.1388
97,1406,1503,0.1388
98,1399,1497,0.1388
101,1398,1499,0.1388
103,1393,1496,0.1388
105,1403,1508,0.1388
100,1400,1500,0.1388
102,1409,1511,0.1388
105,1417,1522,0.1388
104,1410,1514,0.1388
103,1404,1507,0.1388
104,1408,1512,0.1388
103,1408,1511,0.1388
102,1407,1509,0.1388
102,1407,1509,0.1388
102,1405,1507,0.1388
106,1402,1508,0.1388
104,1414,1518,0.1388
103,1404,1507,0.1388
103,1410,1513,0.1388
100,1401,1501,0.1388
100,1393,1493,0.1388
101,1399,1500,0.1388
103,1409,1512,0.1388
100,1409,1509,0.1388
104,1421,1525,0.1388
102,1435,1537,0.1388
100,1427,1527,0.1388
98,1424,1522,0.1388
102,1414,1516,0.1388
98,1417,1515,0.1388
99,1429,1528,0.1388
96,1430,1526,0.1388
100,1437,1537,0.1388
100,1436,1536,0.1388
96,1421,1517,0.1388
98,1421,1519,0.1388
96,1421,1517,0.1388
97,1408,1505,0.1388
96,1412,1508,0.1388
97,1414,1511,0.1388
93,1423,1516,0.1388
96,1417,1513,0.1388
92,1412,1504,0.1388
93,1430,1523,0.1388
93,1433,1526,0.1388
91,1420,1511,0.1388
95,1415,1510,0.1388
94,1431,1525,0.1388
92,1432,1524,0.1388
92,1430,1522,0.1388
92,1441,1533,0.1388
87,1422,1509,0.1388
88,1416,1504,0.1388
86,1432,1518,0.1388
89,1422,1511,0.1388
87,1424,1511,0.1388
88,1425,1513,0.1388
84,1416,1500,0.1388
88,1402,1490,0.1388
91,1406,1497,0.1388
87,1407,1494,0.1388
89,1409,1498,0.1388
89,1403,1492,0.1388
87,1407,1494,0.1388
88,1414,1502,0.1388
89,1420,1509,0.1388
91,1427,1518,0.1388
88,1429,1517,0.1388
86,1427,1513,0.1388
87,1433,1520,0.1388
86,1429,1515,0.1388
87,1431,1518,0.1388
85,1425,1510,0.1388
83,1440,1523,0.1388
82,1446,1528,0.1388
82,1445,1527,0.1388
83,1438,1521,0.1388
83,1438,1521,0.1388
86,1434,1520,0.1388
83,1429,1512,0.1388
82,1444,1526,0.1388
83,1448,1531,0.1388
84,1430,1514,0.1388
85,1437,1522,0.1388
85,1420,1505,0.1388
85,1414,1499,0.1388
88,1424,1512,0.1388
88,1432,1520,0.1388
84,1436,1520,0.1388
84,1433,1517,0.1388
87,1437,1524,0.1388
82,1427,1509,0.1388
87,1424,1511,0.1388
89,1427,1516,0.1388
89,1436,1525,0.1388
92,1429,1521,0.1388
90,1434,1524,0.1388
93,1422,1515,0.1388
91,1426,1517,0.1388
90,1419,1509,0.1388
89,1418,1507,0.1388
88,1431,1519,0.1388
87,1428,1515,0.1388
88,1426,1514,0.1388
91,1439,1530,0.1388
92,1425,1517,0.1388
92,1441,1533,0.1388
96,1442,1538,0.1388
92,1443,1535,0.1388
91,1433,1524,0.1388
93,1436,1529,0.1388
92,1434,1526,0.1388
89,1436,1525,0.1388
90,1431,1521,0.1388
91,1433,1524,0.1388
92,1428,1520,0.1388
93,1423,1516,0.1388
91,1434,1525,0.1388
90,1425,1515,0.1388
90,1435,1525,0.1388
90,1430,1520,0.1388
84,1439,1523,0.1388
84,1445,1529,0.1388
84,1435,1519,0.1388
88,1431,1519,0.1388
90,1426,1516,0.1388
87,1429,1516,0.1388
86,1427,1513,0.1388
87,1425,1512,0.1388
86,1438,1524,0.1388
85,1427,1512,0.1388
87,1427,1514,0.1388
85,1416,1501,0.1388
82,1440,1522,0.1388
83,1433,1516,0.1388
82,1428,1510,0.1388
78,1424,1502,0.1388
80,1435,1515,0.1388
79,1437,1516,0.1388
79,1440,1519,0.1388
79,1449,1528,0.1388
79,1446,1525,0.1388
79,1441,1520,0.1388
79,1444,1523,0.1388
80,1443,1523,0.1388
80,1437,1517,0.1388
82,1439,1521,0.1388
82,1446,1528,0.1388
82,1444,1526,0.1388
80,1451,1531,0.1388
81,1449,1530,0.1388
78,1448,1526,0.1388
76,1436,1512,0.1388
75,1417,1492,0.1388
73,1440,1513,0.1388
72,1444,1516,0.1388
72,1448,1520,0.1388
70,1451,1521,0.1388
69,1436,1505,0.1388
73,1455,1528,0.1388
73,1463,1536,0.1388
73,1454,1527,0.1388
72,1454,1526,0.1388
75,1456,1531,0.1388
75,1454,1529,0.1388
73,1460,1533,0.1388
73,1456,1529,0.1388
69,1469,1538,0.1388
68,1459,1527,0.1388
67,1454,1521,0.1388
63,1452,1515,0.1388
61,1449,1510,0.1388
62,1436,1498,0.1388
61,1448,1509,0.1388
63,1451,1514,0.1388
62,1451,1513,0.1388
63,1445,1508,0.1388
64,1448,1512,0.1388
64,1448,1512,0.1388
62,1441,1503,0.1388
63,1445,1508,0.1388
62,1455,1517,0.1388
62,1449,1511,0.1388
62,1463,1525,0.1388
61,1472,1533,0.1388
62,1466,1528,0.1388
60,1462,1522,0.1388
60,1457,1517,0.1388
60,1467,1527,0.1388
59,1462,1521,0.1388
59,1457,1516,0.1388
57,1451,1508,0.1388
59,1453,1512,0.1388
58,1458,1516,0.1388
56,1461,1517,0.1388
56,1444,1500,0.1388
55,1446,1501,0.1388
55,1457,1512,0.1388
59,1462,1521,0.1388
58,1468,1526,0.1388
58,1457,1515,0.1388
57,1458,1515,0.1388
57,1457,1514,0.1388
55,1463,1518,0.1388
54,1462,1516,0.1388
53,1462,1515,0.1388
54,1462,1516,0.1388
56,1446,1502,0.1388
58,1450,1508,0.1388
56,1458,1514,0.1388
56,1460,1516,0.1388
56,1468,1524,0.1388
57,1462,1519,0.1388
56,1463,1519,0.1388
53,1460,1513,0.1388
52,1442,1494,0.1388
53,1433,1486,0.1388
52,1437,1489,0.1388
56,1442,1498,0.1388
57,1446,1503,0.1388
54,1447,1501,0.1388
55,1451,1506,0.1388
51,1451,1502,0.1388
53,1453,1506,0.1388
52,1453,1505,0.1388
53,1460,1513,0.1388
52,1454,1506,0.1388
53,1460,1513,0.1388
54,1447,1501,0.1388
55,1457,1512,0.1388
56,1452,1508,0.1388
56,1466,1522,0.1388
53,1464,1517,0.1388
55,1462,1517,0.1388
53,1461,1514,0.1388
54,1462,1516,0.1388
53,1470,1523,0.1388
55,1469,1524,0.1388
57,1468,1525,0.1388
58,1466,1524,0.1388
58,1457,1515,0.1388
54,1462,1516,0.1388
53,1453,1506,0.1388
55,1459,1514,0.1388
56,1466,1522,0.1388
51,1467,1518,0.1388
50,1464,1514,0.1388
49,1468,1517,0.1388
52,1471,1523,0.1388
49,1469,1518,0.1388
47,1476,1523,0.1388
47,1471,1518,0.1388
48,1473,1521,0.1388
47,1468,1515,0.1388
45,1463,1508,0.1388
44,1460,1504,0.1388
43,1466,1509,0.1388
42,1473,1515,0.1388
38,1473,1511,0.1388
39,1464,1503,0.1388
41,1464,1505,0.1388
42,1477,1519,0.1388
41,1485,1526,0.1388
42,1490,1532,0.1388
43,1496,1539,0.1388
43,1503,1546,0.1388
44,1493,1537,0.1388
42,1484,1526,0.1388
43,1489,1532,0.1388
42,1493,1535,0.1388
42,1503,1545,0.1388
43,1502,1545,0.1388
43,1483,1526,0.1388
42,1476,1518,0.1388
38,1478,1516,0.1388
37,1475,1512,0.1388
37,1473,1510,0.1388
38,1474,1512,0.1388
38,1466,1504,0.1388
36,1468,1504,0.1388
35,1468,1503,0.1388
35,1481,1516,0.1388
33,1478,1511,0.1388
33,1482,1515,0.1388
30,1485,1515,0.1388
30,1489,1519,0.1388
31,1492,1523,0.1388
30,1495,1525,0.1388
32,1497,1529,0.1388
32,1487,1519,0.1388
32,1488,1520,0.1388
32,1491,1523,0.1388
28,1482,1510,0.1388
29,1484,1513,0.1388
29,1487,1516,0.1388
29,1481,1510,0.1388
29,1484,1513,0.1388
29,1493,1522,0.1388
28,1491,1519,0.1388
28,1480,1508,0.1388
28,1481,1509,0.1388
28,1470,1498,0.1388
29,1483,1512,0.1388
29,1475,1504,0.1388
28,1482,1510,0.1388
28,1488,1516,0.1388
29,1497,1526,0.1388
29,1480,1509,0.1388
28,1487,1515,0.1388
25,1492,1517,0.1388
25,1502,1527,0.1388
24,1501,1525,0.1388
24,1491,1515,0.1388
23,1501,1524,0.1388
23,1497,1520,0.1388
22,1504,1526,0.1388
21,1493,1514,0.1388
21,1505,1526,0.1388
20,1498,1518,0.1388
19,1503,1522,0.1388
20,1492,1512,0.1388
20,1489,1509,0.1388
20,1500,1520,0.1388
20,1509,1529,0.1388
20,1505,1525,0.1388
20,1507,1527,0.1388
19,1509,1528,0.1388
18,1508,1526,0.1388
19,1496,1515,0.1388
20,1500,1520,0.1388
21,1487,1508,0.1388
20,1482,1502,0.1388
21,1485,1506,0.1388
21,1490,1511,0.1388
20,1487,1507,0.1388
18,1495,1513,0.1388
19,1496,1515,0.1388
19,1496,1515,0.1388
19,1497,1516,0.1388
20,1501,1521,0.1388
19,1495,1514,0.1388
20,1505,1525,0.1388
20,1506,1526,0.1388
21,1514,1535,0.1388
21,1501,1522,0.1388
21,1493,1514,0.1388
20,1496,1516,0.1388
19,1484,1503,0.1388
18,1486,1504,0.1388
18,1501,1519,0.1388
18,1501,1519,0.1388
18,1503,1521,0.1388
17,1498,1515,0.1388
16,1508,1524,0.1388
18,1510,1528,0.1388
19,1515,1534,0.1388
19,1511,1530,0.1388
19,1507,1526,0.1388
20,1505,1525,0.1388
20,1505,1525,0.1388
20,1487,1507,0.1388
22,1499,1521,0.1388
21,1505,1526,0.1388
20,1493,1513,0.1388
20,1497,1517,0.1388
21,1504,1525,0.1388
21,1506,1527,0.1388
21,1510,1531,0.1388
23,1518,1541,0.1388
23,1512,1535,0.1388
22,1503,1525,0.1388
22,1500,1522,0.1388
21,1498,1519,0.1388
22,1488,1510,0.1388
22,1491,1513,0.1388
22,1498,1520,0.1388
21,1490,1511,0.1388
22,1491,1513,0.1388
21,1484,1505,0.1388
22,1478,1500,0.1388
22,1476,1498,0.1388
23,1478,1501,0.1388
22,1480,1502,0.1388
21,1499,1520,0.1388
22,1508,1530,0.1388
22,1498,1520,0.1388
21,1504,1525,0.1388
19,1501,1520,0.1388
17,1495,1512,0.1388
17,1505,1522,0.1388
18,1505,1523,0.1388
17,1495,1512,0.1388
17,1498,1515,0.1388
19,1499,1518,0.1388
18,1499,1517,0.1388
19,1502,1521,0.1388
19,1501,1520,0.1388
18,1505,1523,0.1388
19,1512,1531,0.1388
20,1508,1528,0.1388
20,1500,1520,0.1388
19,1492,1511,0.1388
18,1495,1513,0.1388
17,1503,1520,0.1388
19,1499,1518,0.1388
19,1495,1514,0.1388
18,1491,1509,0.1388
17,1492,1509,0.1388
17,1490,1507,0.1388
17,1487,1504,0.1388
18,1488,1506,0.1388
18,1484,1502,0.1388
19,1504,1523,0.1388
20,1498,1518,0.1388
18,1503,1521,0.1388
17,1486,1503,0.1388
17,1493,1510,0.1388
18,1487,1505,0.1388
19,1500,1519,0.1388
18,1485,1503,0.1388
19,1486,1505,0.1388
19,1501,1520,0.1388
18,1480,1498,0.1388
19,1493,1512,0.1388
21,1502,1523,0.1388
22,1498,1520,0.1388
22,1505,1527,0.1388
20,1502,1522,0.1388
20,1508,1528,0.1388
18,1510,1528,0.1388
18,1508,1526,0.1388
18,1510,1528,0.1388
18,1508,1526,0.1388
16,1506,1522,0.1388
17,1497,1514,0.1388
17,1501,1518,0.1388
17,1508,1525,0.1388
18,1509,1527,0.1388
17,1508,1525,0.1388
17,1495,1512,0.1388
16,1496,1512,0.1388
17,1499,1516,0.1388
17,1489,1506,0.1388
17,1493,1510,0.1388
16,1491,1507,0.1388
16,1495,1511,0.1388
15,1497,1512,0.1388
16,1506,1522,0.1388
16,1508,1524,0.1388
16,1501,1517,0.1388
15,1499,1514,0.1388
15,1507,1522,0.1388
15,1511,1526,0.1388
15,1503,1518,0.1388
15,1515,1530,0.1388
15,1510,1525,0.1388
15,1504,1519,0.1388
15,1512,1527,0.1388
16,1521,1537,0.1388
15,1518,1533,0.1388
16,1506,1522,0.1388
16,1514,1530,0.1388
16,1498,1514,0.1388
16,1496,1512,0.1388
16,1483,1499,0.1388
18,1488,1506,0.1388
18,1494,1512,0.1388
19,1483,1502,0.1388
18,1503,1521,0.1388
19,1492,1511,0.1388
20,1494,1514,0.1388
18,1496,1514,0.1388
17,1499,1516,0.1388
16,1496,1512,0.1388
16,1503,1519,0.1388
16,1503,1519,0.1388
16,1485,1501,0.1388
16,1493,1509,0.1388
15,1491,1506,0.1388
15,1507,1522,0.1388
15,1495,1510,0.1388
15,1490,1505,0.1388
15,1506,1521,0.1388
15,1501,1516,0.1388
15,1496,1511,0.1388
14,1504,1518,0.1388
13,1501,1514,0.1388
13,1504,1517,0.1388
13,1490,1503,0.1388
13,1493,1506,0.1388
12,1498,1510,0.1388
12,1498,1510,0.1388
13,1494,1507,0.1388
13,1500,1513,0.1388
11,1508,1519,0.1388
11,1510,1521,0.1388
11,1526,1537,0.1388
12,1520,1532,0.1388
12,1505,1517,0.1388
12,1513,1525,0.1388
13,1510,1523,0.1388
13,1502,1515,0.1388
12,1490,1502,0.1388
12,1486,1498,0.1388
12,1490,1502,0.1388
12,1497,1509,0.1388
12,1509,1521,0.1388
11,1499,1510,0.1388
11,1508,1519,0.1388
11,1501,1512,0.1388
11,1499,1510,0.1388
10,1507,1517,0.1388
10,1508,1518,0.1388
10,1499,1509,0.1388
9,1517,1526,0.1388
9,1513,1522,0.1388
9,1504,1513,0.1388
9,1509,1518,0.1388
9,1503,1512,0.1388
9,1502,1511,0.1388
10,1502,1512,0.1388
10,1503,1513,0.1388
10,1500,1510,0.1388
10,1502,1512,0.1388
11,1496,1507,0.1388
12,1509,1521,0.1388
12,1512,1524,0.1388
12,1510,1522,0.1388
12,1501,1513,0.1388
12,1504,1516,0.1388
11,1511,1522,0.1388
11,1504,1515,0.1388
10,1509,1519,0.1388
10,1509,1519,0.1388
11,1516,1527,0.1388
11,1505,1516,0.1388
11,1519,1530,0.1388
11,1511,1522,0.1388
11,1518,1529,0.1388
10,1509,1519,0.1388
11,1516,1527,0.1388
12,1521,1533,0.1388
11,1510,1521,0.1388
11,1511,1522,0.1388
12,1488,1500,0.1388
12,1510,1522,0.1388
13,1501,1514,0.1388
13,1500,1513,0.1388
14,1503,1517,0.1388
14,1501,1515,0.1388
13,1504,1517,0.1388
13,1488,1501,0.1388
12,1495,1507,0.1388
12,1492,1504,0.1388
12,1507,1519,0.1388
12,1511,1523,0.1388
12,1514,1526,0.1388
13,1511,1524,0.1388
14,1510,1524,0.1388
13,1499,1512,0.1388
13,1497,1510,0.1388
14,1494,1508,0.1388
16,1501,1517,0.1388
14,1506,1520,0.1388
15,1517,1532,0.1388
15,1509,1524,0.1388
16,1526,1542,0.1388
16,1518,1534,0.1388
15,1514,1529,0.1388
14,1513,1527,0.1388
13,1503,1516,0.1388
14,1502,1516,0.1388
14,1491,1505,0.1388
13,1494,1507,0.1388
13,1499,1512,0.1388
13,1506,1519,0.1388
13,1504,1517,0.1388
13,1517,1530,0.1388
13,1518,1531,0.1388
13,1502,1515,0.1388
13,1501,1514,0.1388
13,1513,1526,0.1388
13,1501,1514,0.1388
14,1497,1511,0.1388
14,1497,1511,0.1388
13,1500,1513,0.1388
12,1502,1514,0.1388
11,1510,1521,0.1388
11,1511,1522,0.1388
12,1508,1520,0.1388
12,1505,1517,0.1388
12,1499,1511,0.1388
12,1499,1511,0.1388
12,1512,1524,0.1388
13,1503,1516,0.1388
12,1492,1504,0.1388
12,1494,1506,0.1388
11,1489,1500,0.1388
12,1496,1508,0.1388
11,1509,1520,0.1388
11,1503,1514,0.1388
10,1517,1527,0.1388
10,1509,1519,0.1388
10,1516,1526,0.1388
10,1514,1524,0.1388
10,1502,1512,0.1388
10,1499,1509,0.1388
10,1509,1519,0.1388
10,1521,1531,0.1388
10,1513,1523,0.1388
9,1504,1513,0.1388
7,1507,1514,0.1388
8,1502,1510,0.1388
9,1501,1510,0.1388
8,1512,1520,0.1388
10,1513,1523,0.1388
9,1516,1525,0.1388
8,1510,1518,0.1388
8,1508,1516,0.1388
9,1520,1529,0.1388
9,1521,1530,0.1388
10,1518,1528,0.1388
10,1512,1522,0.1388
10,1503,1513,0.1388
10,1496,1506,0.1388
10,1512,1522,0.1388
8,1516,1524,0.1388
9,1509,1518,0.1388
8,1513,1521,0.1388
8,1508,1516,0.1388
10,1517,1527,0.1388
10,1506,1516,0.1388
10,1505,1515,0.1388
9,1505,1514,0.1388
9,1486,1495,0.1388
9,1503,1512,0.1388
9,1498,1507,0.1388
9,1499,1508,0.1388
9,1507,1516,0.1388
9,1514,1523,0.1388
9,1512,1521,0.1388
9,1502,1511,0.1388
8,1499,1507,0.1388
7,1490,1497,0.1388
6,1499,1505,0.1388
7,1513,1520,0.1388
4,1512,1516,0.1388
4,1511,1515,0.1388
4,1516,1520,0.1388
5,1523,1528,0.1388
5,1518,1523,0.1388
5,1522,1527,0.1388
4,1513,1517,0.1388
4,1514,1518,0.1388
3,1509,1512,0.1388
3,1505,1508,0.1388
3,1507,1510,0.1388
3,1522,1525,0.1388
3,1519,1522,0.1388
3,1523,1526,0.1388
3,1521,1524,0.1388
4,1520,1524,0.1388
4,1515,1519,0.1388
4,1511,1515,0.1388
4,1509,1513,0.1388
4,1509,1513,0.1388
3,1508,1511,0.1388
3,1511,1514,0.1388
3,1517,1520,0.1388
3,1527,1530,0.1388
3,1528,1531,0.1388
3,1521,1524,0.1388
3,1514,1517,0.1388
3,1519,1522,0.1388
3,1497,1500,0.1388
3,1509,1512,0.1388
3,1518,1521,0.1388
3,1517,1520,0.1388
3,1523,1526,0.1388
2,1528,1530,0.1388
2,1534,1536,0.1388
2,1531,1533,0.1388
2,1524,1526,0.1388
2,1522,1524,0.1388
2,1523,1525,0.1388
2,1504,1506,0.1388
2,1521,1523,0.1388
2,1516,1518,0.1388
2,1507,1509,0.1388
2,1494,1496,0.1388
2,1493,1495,0.1388
2,1499,1501,0.1388
2,1497,1499,0.1388
2,1491,1493,0.1388
2,1491,1493,0.1388
2,1513,1515,0.1388
1,1510,1511,0.1388
1,1505,1506,0.1388
1,1508,1509,0.1388
1,1507,1508,0.1388
1,1519,1520,0.1388
1,1533,1534,0.1388
1,1520,1521,0.1388
1,1520,1521,0.1388
1,1523,1524,0.1388
1,1511,1512,0.1388
1,1515,1516,0.1388
1,1514,1515,0.1388
1,1517,1518,0.1388
1,1518,1519,0.1388
0,1513,1513,0.1388
