1375,27,1402,0.1388
1404,27,1431,0.1388
1438,29,1467,0.1388
1460,29,1489,0.1388
1473,29,1502,0.1388
1471,29,1500,0.1388
1483,27,1510,0.1388
1490,26,1516,0.1388
1479,26,1505,0.1388
1477,27,1504,0.1388
1483,26,1509,0.1388
1469,24,1493,0.1388
1479,24,1503,0.1388
1471,23,1494,0.1388
1468,27,1495,0.1388
1484,28,1512,0.1388
1461,29,1490,0.1388
1464,30,1494,0.1388
1449,28,1477,0.1388
1449,30,1479,0.1388
1445,28,1473,0.1388
1464,27,1491,0.1388
1463,27,1490,0.1388
1460,28,1488,0.1388
1460,28,1488,0.1388
1456,28,1484,0.1388
1460,28,1488,0.1388
1460,30,1490,0.1388
1461,30,1491,0.1388
1455,32,1487,0.1388
1458,32,1490,0.1388
1457,33,1490,0.1388
1484,34,1518,0.1388
1483,33,1516,0.1388
1470,34,1504,0.1388
1476,35,1511,0.1388
1471,38,1509,0.1388
1468,37,1505,0.1388
1473,36,1509,0.1388
1477,36,1513,0.1388
1455,36,1491,0.1388
1458,38,1496,0.1388
1455,37,1492,0.1388
1449,38,1487,0.1388
1450,42,1492,0.1388
1466,45,1511,0.1388
1449,44,1493,0.1388
1440,49,1489,0.1388
1447,48,1495,0.1388
1450,48,1498,0.1388
1450,50,1500,0.1388
1451,49,1500,0.1388
1450,47,1497,0.1388
1438,47,1485,0.1388
1442,44,1486,0.1388
1447,45,1492,0.1388
1449,43,1492,0.1388
1450,42,1492,0.1388
1451,42,1493,0.1388
1458,42,1500,0.1388
1465,42,1507,0.1388
1467,41,1508,0.1388
1475,41,1516,0.1388
1470,39,1509,0.1388
1454,41,1495,0.1388
1460,41,1501,0.1388
1459,37,1496,0.1388
1452,38,1490,0.1388
1455,39,1494,0.1388
1460,38,1498,0.1388
1467,39,1506,0.1388
1474,38,1512,0.1388
1463,38,1501,0.1388
1461,39,1500,0.1388
1457,40,1497,0.1388
1458,41,1499,0.1388
1454,39,1493,0.1388
1450,39,1489,0.1388
1449,40,1489,0.1388
1449,39,1488,0.1388
1441,41,1482,0.1388
1442,45,1487,0.1388
1431,42,1473,0.1388
1434,45,1479,0.1388
1448,45,1493,0.1388
1454,44,1498,0.1388
1449,48,1497,0.1388
1450,47,1497,0.1388
1448,45,1493,0.1388
1454,45,1499,0.1388
1465,43,1508,0.1388
1451,43,1494,0.1388
1461,44,1505,0.1388
1450,44,1494,0.1388
1448,44,1492,0.1388
1430,41,1471,0.1388
1447,38,1485,0.1388
1450,36,1486,0.1388
1446,37,1483,0.1388
1445,39,1484,0.1388
1458,39,1497,0.1388
1469,39,1508,0.1388
1456,39,1495,0.1388
1463,38,1501,0.1388
1457,41,1498,0.1388
1470,40,1510,0.1388
1469,41,1510,0.1388
1471,39,1510,0.1388
1465,39,1504,0.1388
1454,39,1493,0.1388
1456,41,1497,0.1388
1453,42,1495,0.1388
1447,40,1487,0.1388
1454,40,1494,0.1388
1460,41,1501,0.1388
1455,44,1499,0.1388
1451,43,1494,0.1388
1440,44,1484,0.1388
1449,43,1492,0.1388
1450,40,1490,0.1388
1443,43,1486,0.1388
1433,45,1478,0.1388
1434,44,1478,0.1388
1439,45,1484,0.1388
1442,46,1488,0.1388
1429,47,1476,0.1388
1450,48,1498,0.1388
1452,47,1499,0.1388
1448,51,1499,0.1388
1446,52,1498,0.1388
1445,51,1496,0.1388
1462,49,1511,0.1388
1443,49,1492,0.1388
1438,48,1486,0.1388
1427,48,1475,0.1388
1440,47,1487,0.1388
1444,46,1490,0.1388
1442,47,1489,0.1388
1455,51,1506,0.1388
1443,51,1494,0.1388
1441,51,1492,0.1388
1434,47,1481,0.1388
1432,49,1481,0.1388
1429,48,1477,0.1388
1432,48,1480,0.1388
1432,50,1482,0.1388
1429,54,1483,0.1388
1438,51,1489,0.1388
1457,47,1504,0.1388
1453,48,1501,0.1388
1452,49,1501,0.1388
1454,52,1506,0.1388
1456,49,1505,0.1388
1468,51,1519,0.1388
1465,51,1516,0.1388
1457,53,1510,0.1388
1454,55,1509,0.1388
1452,53,1505,0.1388
1442,52,1494,0.1388
1444,57,1501,0.1388
1449,55,1504,0.1388
1437,56,1493,0.1388
1431,57,1488,0.1388
1432,59,1491,0.1388
1427,62,1489,0.1388
1418,63,1481,0.1388
1424,61,1485,0.1388
1424,65,1489,0.1388
1422,66,1488,0.1388
1434,63,1497,0.1388
1443,61,1504,0.1388
1440,56,1496,0.1388
1425,57,1482,0.1388
1425,56,1481,0.1388
1431,57,1488,0.1388
1432,59,1491,0.1388
1432,62,1494,0.1388
1425,62,1487,0.1388
1425,64,1489,0.1388
1414,61,1475,0.1388
1430,60,1490,0.1388
1429,63,1492,0.1388
1434,63,1497,0.1388
1442,66,1508,0.1388
1441,67,1508,0.1388
1434,67,1501,0.1388
1433,66,1499,0.1388
1409,64,1473,0.1388
1427,65,1492,0.1388
1415,67,1482,0.1388
1408,71,1479,0.1388
1418,73,1491,0.1388
1413,73,1486,0.1388
1407,75,1482,0.1388
1410,73,1483,0.1388
1406,79,1485,0.1388
1416,77,1493,0.1388
1411,74,1485,0.1388
1419,77,1496,0.1388
1413,77,1490,0.1388
1407,77,1484,0.1388
1418,77,1495,0.1388
1410,75,1485,0.1388
1418,76,1494,0.1388
1428,77,1505,0.1388
1434,78,1512,0.1388
1429,80,1509,0.1388
1415,82,1497,0.1388
1411,83,1494,0.1388
1422,80,1502,0.1388
1417,78,1495,0.1388
1423,79,1502,0.1388
1419,80,1499,0.1388
1417,79,1496,0.1388
1412,77,1489,0.1388
1416,79,1495,0.1388
1430,78,1508,0.1388
1437,75,1512,0.1388
1437,74,1511,0.1388
1420,73,1493,0.1388
1426,76,1502,0.1388
1418,73,1491,0.1388
1419,73,1492,0.1388
1426,75,1501,0.1388
1418,76,1494,0.1388
1416,73,1489,0.1388
1407,75,1482,0.1388
1390,76,1466,0.1388
1399,79,1478,0.1388
1403,79,1482,0.1388
1404,74,1478,0.1388
1409,73,1482,0.1388
1403,76,1479,0.1388
1405,77,1482,0.1388
1407,76,1483,0.1388
1415,74,1489,0.1388
1417,75,1492,0.1388
1406,75,1481,0.1388
1412,79,1491,0.1388
1405,82,1487,0.1388
1405,84,1489,0.1388
1408,85,1493,0.1388
1408,84,1492,0.1388
1407,83,1490,0.1388
1409,87,1496,0.1388
1403,87,1490,0.1388
1401,85,1486,0.1388
1407,84,1491,0.1388
1417,83,1500,0.1388
1416,85,1501,0.1388
1421,86,1507,0.1388
1426,87,1513,0.1388
1410,86,1496,0.1388
1412,84,1496,0.1388
1415,84,1499,0.1388
1413,81,1494,0.1388
1415,84,1499,0.1388
1415,81,1496,0.1388
1409,84,1493,0.1388
1426,81,1507,0.1388
1417,85,1502,0.1388
1414,84,1498,0.1388
1402,85,1487,0.1388
1404,86,1490,0.1388
1401,88,1489,0.1388
1411,91,1502,0.1388
1405,93,1498,0.1388
1412,93,1505,0.1388
1407,92,1499,0.1388
1409,93,1502,0.1388
1406,94,1500,0.1388
1404,94,1498,0.1388
1407,94,1501,0.1388
1412,95,1507,0.1388
1404,96,1500,0.1388
1399,98,1497,0.1388
1400,98,1498,0.1388
1393,96,1489,0.1388
1392,95,1487,0.1388
1378,95,1473,0.1388
1383,97,1480,0.1388
1394,99,1493,0.1388
1390,95,1485,0.1388
1386,94,1480,0.1388
1385,93,1478,0.1388
1400,94,1494,0.1388
1409,94,1503,0.1388
1404,97,1501,0.1388
1393,101,1494,0.1388
1399,100,1499,0.1388
1388,103,1491,0.1388
1394,102,1496,0.1388
1402,102,1504,0.1388
1403,104,1507,0.1388
1400,105,1505,0.1388
1399,104,1503,0.1388
1392,102,1494,0.1388
1394,99,1493,0.1388
1391,100,1491,0.1388
1396,104,1500,0.1388
1395,106,1501,0.1388
1386,103,1489,0.1388
1400,101,1501,0.1388
1402,103,1505,0.1388
1407,108,1515,0.1388
1403,107,1510,0.1388
1403,104,1507,0.1388
1392,107,1499,0.1388
1382,106,1488,0.1388
1383,105,1488,0.1388
1388,109,1497,0.1388
1380,110,1490,0.1388
1381,105,1486,0.1388
1384,105,1489,0.1388
1386,102,1488,0.1388
1387,104,1491,0.1388
1382,106,1488,0.1388
1385,102,1487,0.1388
1386,100,1486,0.1388
1374,102,1476,0.1388
1381,105,1486,0.1388
1373,106,1479,0.1388
1380,101,1481,0.1388
1371,97,1468,0.1388
1390,98,1488,0.1388
1396,100,1496,0.1388
1391,105,1496,0.1388
1386,106,1492,0.1388
1389,104,1493,0.1388
1381,108,1489,0.1388
1372,108,1480,0.1388
1372,107,1479,0.1388
1374,112,1486,0.1388
1381,110,1491,0.1388
1384,110,1494,0.1388
1377,113,1490,0.1388
1376,111,1487,0.1388
1360,112,1472,0.1388
1358,115,1473,0.1388
1352,117,1469,0.1388
1372,115,1487,0.1388
1382,118,1500,0.1388
1382,115,1497,0.1388
1374,119,1493,0.1388
1376,119,1495,0.1388
1378,116,1494,0.1388
1379,116,1495,0.1388
1386,115,1501,0.1388
1374,115,1489,0.1388
1375,114,1489,0.1388
1358,109,1467,0.1388
1352,116,1468,0.1388
1359,120,1479,0.1388
1351,119,1470,0.1388
1352,119,1471,0.1388
1377,114,1491,0.1388
1374,113,1487,0.1388
1376,115,1491,0.1388
1366,115,1481,0.1388
1379,113,1492,0.1388
1369,109,1478,0.1388
1365,113,1478,0.1388
1371,115,1486,0.1388
1370,114,1484,0.1388
1373,114,1487,0.1388
1358,115,1473,0.1388
1371,114,1485,0.1388
1375,117,1492,0.1388
1371,117,1488,0.1388
1374,121,1495,0.1388
1367,122,1489,0.1388
1381,126,1507,0.1388
1362,125,1487,0.1388
1360,128,1488,0.1388
1353,130,1483,0.1388
1363,128,1491,0.1388
1368,129,1497,0.1388
1355,132,1487,0.1388
1361,130,1491,0.1388
1360,126,1486,0.1388
1366,125,1491,0.1388
1371,125,1496,0.1388
1365,129,1494,0.1388
1365,127,1492,0.1388
1375,129,1504,0.1388
1374,131,1505,0.1388
1376,131,1507,0.1388
1376,132,1508,0.1388
1362,131,1493,0.1388
1358,127,1485,0.1388
1364,125,1489,0.1388
1357,127,1484,0.1388
1353,129,1482,0.1388
1354,130,1484,0.1388
1364,128,1492,0.1388
1383,128,1511,0.1388
1381,128,1509,0.1388
1361,132,1493,0.1388
1368,133,1501,0.1388
1365,135,1500,0.1388
1365,137,1502,0.1388
1362,135,1497,0.1388
1379,134,1513,0.1388
1375,133,1508,0.1388
1356,133,1489,0.1388
1362,135,1497,0.1388
1366,131,1497,0.1388
1370,130,1500,0.1388
1369,131,1500,0.1388
1376,130,1506,0.1388
1376,129,1505,0.1388
1371,131,1502,0.1388
1379,130,1509,0.1388
1384,132,1516,0.1388
1386,132,1518,0.1388
1380,136,1516,0.1388
1372,135,1507,0.1388
1373,135,1508,0.1388
1359,136,1495,0.1388
1371,136,1507,0.1388
1349,138,1487,0.1388
1352,138,1490,0.1388
1345,137,1482,0.1388
1350,139,1489,0.1388
1350,137,1487,0.1388
1360,135,1495,0.1388
1362,135,1497,0.1388
1349,137,1486,0.1388
1367,139,1506,0.1388
1363,138,1501,0.1388
1356,142,1498,0.1388
1360,142,1502,0.1388
1347,142,1489,0.1388
1341,142,1483,0.1388
1352,142,1494,0.1388
1343,139,1482,0.1388
1343,139,1482,0.1388
1355,137,1492,0.1388
1361,142,1503,0.1388
1348,146,1494,0.1388
1344,150,1494,0.1388
1338,145,1483,0.1388
1335,149,1484,0.1388
1326,154,1480,0.1388
1344,155,1499,0.1388
1348,155,1503,0.1388
1332,155,1487,0.1388
1323,152,1475,0.1388
1330,153,1483,0.1388
1335,150,1485,0.1388
1355,146,1501,0.1388
1355,152,1507,0.1388
1365,149,1514,0.1388
1363,151,1514,0.1388
1371,151,1522,0.1388
1372,151,1523,0.1388
1347,150,1497,0.1388
1342,151,1493,0.1388
1337,154,1491,0.1388
1344,154,1498,0.1388
1330,154,1484,0.1388
1324,158,1482,0.1388
1319,160,1479,0.1388
1321,163,1484,0.1388
1316,164,1480,0.1388
1313,172,1485,0.1388
1307,175,1482,0.1388
1314,172,1486,0.1388
1311,173,1484,0.1388
1306,176,1482,0.1388
1309,175,1484,0.1388
1324,176,1500,0.1388
1329,171,1500,0.1388
1329,172,1501,0.1388
1334,174,1508,0.1388
1332,172,1504,0.1388
1326,176,1502,0.1388
1333,177,1510,0.1388
1331,174,1505,0.1388
1304,172,1476,0.1388
1306,179,1485,0.1388
1313,187,1500,0.1388
1307,188,1495,0.1388
1303,189,1492,0.1388
1301,195,1496,0.1388
1302,193,1495,0.1388
1307,195,1502,0.1388
1303,191,1494,0.1388
1300,190,1490,0.1388
1284,190,1474,0.1388
1287,195,1482,0.1388
1287,197,1484,0.1388
1293,198,1491,0.1388
1288,197,1485,0.1388
1294,199,1493,0.1388
1288,204,1492,0.1388
1290,204,1494,0.1388
1276,203,1479,0.1388
1276,201,1477,0.1388
1279,204,1483,0.1388
1283,210,1493,0.1388
1288,210,1498,0.1388
1285,209,1494,0.1388
1272,219,1491,0.1388
1275,219,1494,0.1388
1264,221,1485,0.1388
1265,224,1489,0.1388
1271,225,1496,0.1388
1269,225,1494,0.1388
1268,229,1497,0.1388
1264,230,1494,0.1388
1262,232,1494,0.1388
1259,225,1484,0.1388
1262,230,1492,0.1388
1249,235,1484,0.1388
1246,231,1477,0.1388
1237,231,1468,0.1388
1241,234,1475,0.1388
1249,237,1486,0.1388
1255,236,1491,0.1388
1257,243,1500,0.1388
1260,236,1496,0.1388
1246,237,1483,0.1388
1239,237,1476,0.1388
1242,241,1483,0.1388
1216,247,1463,0.1388
1222,254,1476,0.1388
1232,250,1482,0.1388
1248,251,1499,0.1388
1246,253,1499,0.1388
1249,254,1503,0.1388
1257,263,1520,0.1388
1263,262,1525,0.1388
1261,262,1523,0.1388
1260,258,1518,0.1388
1267,253,1520,0.1388
1254,256,1510,0.1388
1246,260,1506,0.1388
1238,254,1492,0.1388
1235,255,1490,0.1388
1226,260,1486,0.1388
1233,259,1492,0.1388
1240,257,1497,0.1388
1249,262,1511,0.1388
1249,266,1515,0.1388
1243,267,1510,0.1388
1247,267,1514,0.1388
1254,269,1523,0.1388
1242,267,1509,0.1388
1241,267,1508,0.1388
1239,265,1504,0.1388
1245,269,1514,0.1388
1244,273,1517,0.1388
1226,275,1501,0.1388
1222,274,1496,0.1388
1220,270,1490,0.1388
1228,266,1494,0.1388
1215,260,1475,0.1388
1215,263,1478,0.1388
1216,267,1483,0.1388
1210,278,1488,0.1388
1219,279,1498,0.1388
1216,281,1497,0.1388
1220,285,1505,0.1388
1222,284,1506,0.1388
1227,283,1510,0.1388
1216,279,1495,0.1388
1218,275,1493,0.1388
1209,277,1486,0.1388
1209,277,1486,0.1388
1211,273,1484,0.1388
1213,270,1483,0.1388
1203,276,1479,0.1388
1215,279,1494,0.1388
1223,274,1497,0.1388
1223,278,1501,0.1388
1224,281,1505,0.1388
1209,277,1486,0.1388
1214,276,1490,0.1388
1230,267,1497,0.1388
1237,274,1511,0.1388
1247,268,1515,0.1388
1246,272,1518,0.1388
1249,272,1521,0.1388
1243,267,1510,0.1388
1232,267,1499,0.1388
1229,268,1497,0.1388
1236,268,1504,0.1388
1244,270,1514,0.1388
1242,270,1512,0.1388
1240,266,1506,0.1388
1228,259,1487,0.1388
1225,256,1481,0.1388
1228,259,1487,0.1388
1234,257,1491,0.1388
1243,255,1498,0.1388
1244,259,1503,0.1388
1250,254,1504,0.1388
1254,257,1511,0.1388
1235,260,1495,0.1388
1231,260,1491,0.1388
1219,261,1480,0.1388
1207,261,1468,0.1388
1224,261,1485,0.1388
1220,262,1482,0.1388
1229,267,1496,0.1388
1220,269,1489,0.1388
1228,267,1495,0.1388
1219,269,1488,0.1388
1218,271,1489,0.1388
1225,270,1495,0.1388
1222,274,1496,0.1388
1218,276,1494,0.1388
1234,272,1506,0.1388
1212,279,1491,0.1388
1212,280,1492,0.1388
1202,287,1489,0.1388
1200,287,1487,0.1388
1207,289,1496,0.1388
1219,285,1504,0.1388
1219,282,1501,0.1388
1221,280,1501,0.1388
1220,284,1504,0.1388
1220,278,1498,0.1388
1221,279,1500,0.1388
1220,276,1496,0.1388
1216,287,1503,0.1388
1225,286,1511,0.1388
1236,283,1519,0.1388
1245,285,1530,0.1388
1245,282,1527,0.1388
1234,282,1516,0.1388
1222,286,1508,0.1388
1219,278,1497,0.1388
1217,285,1502,0.1388
1218,282,1500,0.1388
1205,288,1493,0.1388
1215,291,1506,0.1388
1216,295,1511,0.1388
1218,294,1512,0.1388
1227,291,1518,0.1388
1221,288,1509,0.1388
1221,286,1507,0.1388
1229,283,1512,0.1388
1230,282,1512,0.1388
1233,275,1508,0.1388
1229,275,1504,0.1388
1222,277,1499,0.1388
1233,275,1508,0.1388
1222,270,1492,0.1388
1222,274,1496,0.1388
1207,277,1484,0.1388
1209,281,1490,0.1388
1215,284,1499,0.1388
1224,285,1509,0.1388
1227,287,1514,0.1388
1223,289,1512,0.1388
1218,289,1507,0.1388
1219,292,1511,0.1388
1214,292,1506,0.1388
1223,291,1514,0.1388
1210,300,1510,0.1388
1213,296,1509,0.1388
1213,290,1503,0.1388
1204,291,1495,0.1388
1218,295,1513,0.1388
1214,292,1506,0.1388
1211,293,1504,0.1388
1211,298,1509,0.1388
1211,300,1511,0.1388
1205,301,1506,0.1388
1195,304,1499,0.1388
1187,307,1494,0.1388
1196,299,1495,0.1388
1198,305,1503,0.1388
1201,308,1509,0.1388
1204,311,1515,0.1388
1202,312,1514,0.1388
1187,306,1493,0.1388
1191,301,1492,0.1388
1192,305,1497,0.1388
1198,304,1502,0.1388
1189,310,1499,0.1388
1188,306,1494,0.1388
1175,303,1478,0.1388
1180,306,1486,0.1388
1184,308,1492,0.1388
1187,309,1496,0.1388
1182,319,1501,0.1388
1178,319,1497,0.1388
1170,316,1486,0.1388
1173,321,1494,0.1388
1176,319,1495,0.1388
1185,324,1509,0.1388
1185,333,1518,0.1388
1184,327,1511,0.1388
1174,330,1504,0.1388
1175,332,1507,0.1388
1164,332,1496,0.1388
1170,330,1500,0.1388
1172,331,1503,0.1388
1179,329,1508,0.1388
1177,329,1506,0.1388
1187,326,1513,0.1388
1173,323,1496,0.1388
1178,328,1506,0.1388
1172,336,1508,0.1388
1168,333,1501,0.1388
1157,326,1483,0.1388
1161,330,1491,0.1388
1163,328,1491,0.1388
1149,339,1488,0.1388
1152,338,1490,0.1388
1155,333,1488,0.1388
1157,335,1492,0.1388
1149,335,1484,0.1388
1151,341,1492,0.1388
1146,343,1489,0.1388
1161,337,1498,0.1388
1158,345,1503,0.1388
1148,347,1495,0.1388
1159,340,1499,0.1388
1154,343,1497,0.1388
1151,344,1495,0.1388
1152,340,1492,0.1388
1162,343,1505,0.1388
1164,339,1503,0.1388
1163,340,1503,0.1388
1174,346,1520,0.1388
1168,342,1510,0.1388
1158,339,1497,0.1388
1158,341,1499,0.1388
1152,337,1489,0.1388
1174,334,1508,0.1388
1168,347,1515,0.1388
1166,352,1518,0.1388
1158,353,1511,0.1388
1150,355,1505,0.1388
1146,356,1502,0.1388
1140,350,1490,0.1388
1148,347,1495,0.1388
1152,347,1499,0.1388
1132,357,1489,0.1388
1139,359,1498,0.1388
1142,357,1499,0.1388
1135,356,1491,0.1388
1147,362,1509,0.1388
1149,361,1510,0.1388
1144,365,1509,0.1388
1147,364,1511,0.1388
1141,358,1499,0.1388
1133,355,1488,0.1388
1137,357,1494,0.1388
1132,365,1497,0.1388
1142,364,1506,0.1388
1140,367,1507,0.1388
1128,377,1505,0.1388
1116,377,1493,0.1388
1113,380,1493,0.1388
1111,383,1494,0.1388
1112,382,1494,0.1388
1106,384,1490,0.1388
1111,382,1493,0.1388
1110,382,1492,0.1388
1122,377,1499,0.1388
1118,380,1498,0.1388
1113,379,1492,0.1388
1110,384,1494,0.1388
1111,386,1497,0.1388
1124,385,1509,0.1388
1125,383,1508,0.1388
1128,383,1511,0.1388
1135,391,1526,0.1388
1129,387,1516,0.1388
1126,391,1517,0.1388
1113,391,1504,0.1388
1106,390,1496,0.1388
1116,391,1507,0.1388
1105,392,1497,0.1388
1103,390,1493,0.1388
1105,395,1500,0.1388
1088,396,1484,0.1388
1074,400,1474,0.1388
1072,406,1478,0.1388
1082,411,1493,0.1388
1085,409,1494,0.1388
1083,411,1494,0.1388
1083,417,1500,0.1388
1083,417,1500,0.1388
1095,415,1510,0.1388
1091,414,1505,0.1388
1085,426,1511,0.1388
1079,424,1503,0.1388
1080,420,1500,0.1388
1072,423,1495,0.1388
1075,420,1495,0.1388
1071,406,1477,0.1388
1078,409,1487,0.1388
1074,412,1486,0.1388
1071,413,1484,0.1388
1061,420,1481,0.1388
1064,425,1489,0.1388
1068,423,1491,0.1388
1072,428,1500,0.1388
1064,434,1498,0.1388
1072,429,1501,0.1388
1077,424,1501,0.1388
1075,422,1497,0.1388
1064,426,1490,0.1388
1053,433,1486,0.1388
1058,433,1491,0.1388
1059,430,1489,0.1388
1071,432,1503,0.1388
1074,430,1504,0.1388
1073,431,1504,0.1388
1058,429,1487,0.1388
1058,432,1490,0.1388
1064,432,1496,0.1388
1065,430,1495,0.1388
1068,431,1499,0.1388
1057,428,1485,0.1388
1055,430,1485,0.1388
1050,425,1475,0.1388
1059,433,1492,0.1388
1061,436,1497,0.1388
1066,434,1500,0.1388
1073,426,1499,0.1388
1073,421,1494,0.1388
1076,430,1506,0.1388
1077,440,1517,0.1388
1074,436,1510,0.1388
1071,442,1513,0.1388
1066,440,1506,0.1388
1070,434,1504,0.1388
1054,434,1488,0.1388
1052,443,1495,0.1388
1052,441,1493,0.1388
1060,440,1500,0.1388
1065,447,1512,0.1388
1051,447,1498,0.1388
1057,447,1504,0.1388
1055,447,1502,0.1388
1054,452,1506,0.1388
1044,450,1494,0.1388
1051,447,1498,0.1388
1045,454,1499,0.1388
1046,449,1495,0.1388
1040,454,1494,0.1388
1043,451,1494,0.1388
1041,448,1489,0.1388
1034,452,1486,0.1388
1026,458,1484,0.1388
1031,454,1485,0.1388
1040,455,1495,0.1388
1044,455,1499,0.1388
1040,452,1492,0.1388
1039,449,1488,0.1388
1048,451,1499,0.1388
1036,452,1488,0.1388
1044,449,1493,0.1388
1043,449,1492,0.1388
1033,459,1492,0.1388
1031,461,1492,0.1388
1033,456,1489,0.1388
1035,458,1493,0.1388
1050,453,1503,0.1388
1054,450,1504,0.1388
1058,460,1518,0.1388
1056,460,1516,0.1388
1057,454,1511,0.1388
1059,451,1510,0.1388
1056,453,1509,0.1388
1043,457,1500,0.1388
1041,456,1497,0.1388
1036,464,1500,0.1388
1017,463,1480,0.1388
1014,468,1482,0.1388
1027,459,1486,0.1388
1034,468,1502,0.1388
1031,472,1503,0.1388
1023,477,1500,0.1388
1025,475,1500,0.1388
1031,475,1506,0.1388
1018,479,1497,0.1388
1017,477,1494,0.1388
1015,482,1497,0.1388
1010,482,1492,0.1388
1011,484,1495,0.1388
1015,489,1504,0.1388
1018,480,1498,0.1388
1024,485,1509,0.1388
1026,492,1518,0.1388
1017,488,1505,0.1388
1022,491,1513,0.1388
1021,492,1513,0.1388
1017,491,1508,0.1388
1009,497,1506,0.1388
1005,504,1509,0.1388
996,501,1497,0.1388
1009,505,1514,0.1388
1007,507,1514,0.1388
1004,515,1519,0.1388
995,510,1505,0.1388
996,515,1511,0.1388
992,516,1508,0.1388
994,519,1513,0.1388
990,522,1512,0.1388
985,524,1509,0.1388
985,533,1518,0.1388
984,527,1511,0.1388
982,530,1512,0.1388
984,532,1516,0.1388
990,531,1521,0.1388
993,531,1524,0.1388
986,527,1513,0.1388
988,526,1514,0.1388
973,524,1497,0.1388
994,525,1519,0.1388
994,524,1518,0.1388
972,526,1498,0.1388
978,527,1505,0.1388
974,520,1494,0.1388
966,529,1495,0.1388
955,527,1482,0.1388
963,532,1495,0.1388
967,539,1506,0.1388
961,534,1495,0.1388
958,535,1493,0.1388
956,532,1488,0.1388
962,532,1494,0.1388
959,540,1499,0.1388
947,542,1489,0.1388
949,549,1498,0.1388
953,549,1502,0.1388
951,538,1489,0.1388
949,550,1499,0.1388
966,547,1513,0.1388
975,543,1518,0.1388
971,539,1510,0.1388
974,536,1510,0.1388
981,532,1513,0.1388
962,548,1510,0.1388
962,550,1512,0.1388
957,550,1507,0.1388
950,549,1499,0.1388
939,543,1482,0.1388
946,536,1482,0.1388
950,551,1501,0.1388
939,556,1495,0.1388
939,558,1497,0.1388
939,556,1495,0.1388
930,568,1498,0.1388
933,570,1503,0.1388
923,567,1490,0.1388
917,573,1490,0.1388
920,573,1493,0.1388
918,576,1494,0.1388
919,582,1501,0.1388
922,576,1498,0.1388
926,581,1507,0.1388
931,582,1513,0.1388
926,576,1502,0.1388
921,577,1498,0.1388
926,581,1507,0.1388
935,579,1514,0.1388
932,576,1508,0.1388
926,576,1502,0.1388
908,592,1500,0.1388
909,602,1511,0.1388
898,603,1501,0.1388
893,610,1503,0.1388
891,614,1505,0.1388
896,610,1506,0.1388
895,608,1503,0.1388
889,611,1500,0.1388
889,614,1503,0.1388
880,615,1495,0.1388
886,620,1506,0.1388
874,618,1492,0.1388
872,622,1494,0.1388
882,624,1506,0.1388
878,627,1505,0.1388
883,634,1517,0.1388
884,636,1520,0.1388
883,635,1518,0.1388
885,628,1513,0.1388
882,621,1503,0.1388
884,615,1499,0.1388
874,626,1500,0.1388
877,620,1497,0.1388
872,626,1498,0.1388
880,629,1509,0.1388
885,621,1506,0.1388
877,628,1505,0.1388
879,632,1511,0.1388
879,635,1514,0.1388
884,635,1519,0.1388
866,639,1505,0.1388
871,639,1510,0.1388
861,645,1506,0.1388
863,644,1507,0.1388
861,642,1503,0.1388
851,640,1491,0.1388
859,648,1507,0.1388
862,648,1510,0.1388
853,654,1507,0.1388
845,655,1500,0.1388
842,653,1495,0.1388
838,654,1492,0.1388
844,647,1491,0.1388
846,651,1497,0.1388
852,665,1517,0.1388
852,663,1515,0.1388
845,668,1513,0.1388
855,667,1522,0.1388
853,664,1517,0.1388
854,669,1523,0.1388
846,667,1513,0.1388
836,666,1502,0.1388
836,669,1505,0.1388
835,663,1498,0.1388
831,669,1500,0.1388
827,669,1496,0.1388
825,671,1496,0.1388
827,673,1500,0.1388
827,664,1491,0.1388
819,676,1495,0.1388
812,685,1497,0.1388
815,686,1501,0.1388
820,678,1498,0.1388
820,676,1496,0.1388
815,687,1502,0.1388
817,675,1492,0.1388
826,684,1510,0.1388
826,686,1512,0.1388
825,683,1508,0.1388
825,679,1504,0.1388
821,686,1507,0.1388
820,677,1497,0.1388
813,683,1496,0.1388
808,685,1493,0.1388
810,687,1497,0.1388
813,696,1509,0.1388
806,705,1511,0.1388
810,706,1516,0.1388
808,713,1521,0.1388
806,719,1525,0.1388
797,718,1515,0.1388
801,713,1514,0.1388
779,715,1494,0.1388
778,710,1488,0.1388
777,708,1485,0.1388
778,707,1485,0.1388
774,716,1490,0.1388
781,714,1495,0.1388
785,722,1507,0.1388
789,720,1509,0.1388
796,724,1520,0.1388
789,730,1519,0.1388
789,732,1521,0.1388
780,729,1509,0.1388
769,733,1502,0.1388
780,723,1503,0.1388
780,732,1512,0.1388
779,733,1512,0.1388
778,743,1521,0.1388
781,740,1521,0.1388
774,740,1514,0.1388
760,741,1501,0.1388
761,738,1499,0.1388
759,732,1491,0.1388
760,739,1499,0.1388
764,745,1509,0.1388
770,750,1520,0.1388
761,747,1508,0.1388
768,740,1508,0.1388
769,747,1516,0.1388
756,750,1506,0.1388
755,738,1493,0.1388
768,747,1515,0.1388
760,751,1511,0.1388
762,750,1512,0.1388
757,749,1506,0.1388
757,747,1504,0.1388
751,756,1507,0.1388
746,766,1512,0.1388
752,777,1529,0.1388
749,772,1521,0.1388
739,765,1504,0.1388
742,761,1503,0.1388
744,764,1508,0.1388
748,772,1520,0.1388
748,763,1511,0.1388
748,769,1517,0.1388
750,769,1519,0.1388
749,760,1509,0.1388
741,770,1511,0.1388
742,778,1520,0.1388
743,775,1518,0.1388
732,771,1503,0.1388
731,760,1491,0.1388
726,758,1484,0.1388
726,765,1491,0.1388
725,765,1490,0.1388
729,760,1489,0.1388
723,767,1490,0.1388
726,769,1495,0.1388
724,774,1498,0.1388
733,780,1513,0.1388
736,778,1514,0.1388
733,767,1500,0.1388
730,768,1498,0.1388
726,781,1507,0.1388
724,791,1515,0.1388
718,790,1508,0.1388
716,795,1511,0.1388
723,797,1520,0.1388
727,792,1519,0.1388
724,786,1510,0.1388
720,793,1513,0.1388
719,788,1507,0.1388
727,785,1512,0.1388
722,780,1502,0.1388
723,786,1509,0.1388
724,790,1514,0.1388
720,790,1510,0.1388
710,784,1494,0.1388
695,780,1475,0.1388
700,769,1469,0.1388
710,770,1480,0.1388
714,785,1499,0.1388
714,777,1491,0.1388
707,782,1489,0.1388
706,795,1501,0.1388
711,796,1507,0.1388
708,816,1524,0.1388
694,816,1510,0.1388
694,812,1506,0.1388
693,812,1505,0.1388
699,808,1507,0.1388
703,805,1508,0.1388
695,800,1495,0.1388
694,806,1500,0.1388
691,803,1494,0.1388
692,803,1495,0.1388
694,801,1495,0.1388
703,805,1508,0.1388
694,814,1508,0.1388
696,814,1510,0.1388
698,813,1511,0.1388
693,816,1509,0.1388
691,810,1501,0.1388
689,818,1507,0.1388
688,814,1502,0.1388
693,817,1510,0.1388
684,820,1504,0.1388
681,817,1498,0.1388
681,816,1497,0.1388
670,828,1498,0.1388
682,826,1508,0.1388
681,835,1516,0.1388
683,830,1513,0.1388
686,815,1501,0.1388
674,814,1488,0.1388
682,809,1491,0.1388
673,813,1486,0.1388
678,824,1502,0.1388
680,808,1488,0.1388
679,811,1490,0.1388
687,810,1497,0.1388
687,818,1505,0.1388
679,827,1506,0.1388
687,816,1503,0.1388
684,818,1502,0.1388
683,823,1506,0.1388
684,820,1504,0.1388
680,818,1498,0.1388
684,821,1505,0.1388
687,824,1511,0.1388
691,813,1504,0.1388
684,816,1500,0.1388
678,826,1504,0.1388
682,835,1517,0.1388
675,834,1509,0.1388
675,837,1512,0.1388
673,837,1510,0.1388
673,834,1507,0.1388
682,831,1513,0.1388
671,830,1501,0.1388
669,834,1503,0.1388
670,835,1505,0.1388
674,829,1503,0.1388
668,830,1498,0.1388
663,825,1488,0.1388
671,836,1507,0.1388
674,841,1515,0.1388
672,831,1503,0.1388
681,826,1507,0.1388
672,822,1494,0.1388
665,831,1496,0.1388
669,835,1504,0.1388
667,831,1498,0.1388
663,823,1486,0.1388
672,824,1496,0.1388
664,826,1490,0.1388
668,831,1499,0.1388
667,830,1497,0.1388
666,835,1501,0.1388
663,836,1499,0.1388
664,831,1495,0.1388
651,848,1499,0.1388
655,845,1500,0.1388
656,845,1501,0.1388
652,851,1503,0.1388
640,852,1492,0.1388
636,856,1492,0.1388
634,851,1485,0.1388
631,855,1486,0.1388
639,857,1496,0.1388
640,865,1505,0.1388
639,875,1514,0.1388
638,868,1506,0.1388
642,869,1511,0.1388
643,874,1517,0.1388
637,873,1510,0.1388
636,879,1515,0.1388
636,882,1518,0.1388
642,871,1513,0.1388
641,875,1516,0.1388
638,869,1507,0.1388
637,869,1506,0.1388
647,868,1515,0.1388
645,860,1505,0.1388
643,860,1503,0.1388
642,865,1507,0.1388
643,867,1510,0.1388
636,871,1507,0.1388
633,872,1505,0.1388
640,869,1509,0.1388
636,888,1524,0.1388
633,888,1521,0.1388
625,890,1515,0.1388
627,894,1521,0.1388
628,888,1516,0.1388
626,884,1510,0.1388
624,885,1509,0.1388
618,883,1501,0.1388
611,892,1503,0.1388
615,892,1507,0.1388
620,894,1514,0.1388
619,897,1516,0.1388
615,894,1509,0.1388
627,885,1512,0.1388
625,880,1505,0.1388
616,880,1496,0.1388
616,884,1500,0.1388
610,891,1501,0.1388
607,887,1494,0.1388
605,897,1502,0.1388
601,894,1495,0.1388
602,896,1498,0.1388
603,906,1509,0.1388
595,907,1502,0.1388
604,903,1507,0.1388
600,902,1502,0.1388
602,893,1495,0.1388
601,895,1496,0.1388
595,892,1487,0.1388
596,889,1485,0.1388
600,898,1498,0.1388
598,914,1512,0.1388
605,907,1512,0.1388
611,905,1516,0.1388
599,908,1507,0.1388
606,905,1511,0.1388
600,912,1512,0.1388
599,916,1515,0.1388
593,919,1512,0.1388
591,917,1508,0.1388
585,906,1491,0.1388
586,909,1495,0.1388
590,909,1499,0.1388
597,904,1501,0.1388
598,903,1501,0.1388
597,912,1509,0.1388
605,899,1504,0.1388
599,895,1494,0.1388
596,904,1500,0.1388
602,906,1508,0.1388
608,906,1514,0.1388
606,916,1522,0.1388
611,904,1515,0.1388
611,899,1510,0.1388
614,904,1518,0.1388
616,902,1518,0.1388
612,912,1524,0.1388
605,902,1507,0.1388
608,908,1516,0.1388
598,907,1505,0.1388
601,907,1508,0.1388
601,906,1507,0.1388
600,905,1505,0.1388
601,906,1507,0.1388
600,898,1498,0.1388
596,904,1500,0.1388
586,908,1494,0.1388
587,911,1498,0.1388
583,910,1493,0.1388
588,915,1503,0.1388
585,916,1501,0.1388
591,916,1507,0.1388
598,907,1505,0.1388
600,907,1507,0.1388
586,909,1495,0.1388
583,910,1493,0.1388
588,916,1504,0.1388
595,920,1515,0.1388
590,919,1509,0.1388
591,918,1509,0.1388
592,913,1505,0.1388
592,906,1498,0.1388
605,915,1520,0.1388
601,932,1533,0.1388
587,916,1503,0.1388
582,909,1491,0.1388
598,911,1509,0.1388
595,910,1505,0.1388
593,915,1508,0.1388
589,910,1499,0.1388
588,918,1506,0.1388
589,925,1514,0.1388
588,922,1510,0.1388
591,924,1515,0.1388
587,934,1521,0.1388
590,936,1526,0.1388
576,936,1512,0.1388
582,926,1508,0.1388
574,917,1491,0.1388
569,930,1499,0.1388
569,934,1503,0.1388
570,939,1509,0.1388
573,928,1501,0.1388
577,929,1506,0.1388
576,929,1505,0.1388
580,935,1515,0.1388
584,932,1516,0.1388
572,926,1498,0.1388
581,934,1515,0.1388
574,935,1509,0.1388
572,936,1508,0.1388
564,929,1493,0.1388
575,920,1495,0.1388
571,919,1490,0.1388
571,921,1492,0.1388
575,916,1491,0.1388
572,927,1499,0.1388
571,932,1503,0.1388
573,932,1505,0.1388
572,933,1505,0.1388
564,936,1500,0.1388
563,940,1503,0.1388
565,931,1496,0.1388
558,930,1488,0.1388
567,940,1507,0.1388
570,943,1513,0.1388
564,950,1514,0.1388
562,966,1528,0.1388
559,963,1522,0.1388
553,952,1505,0.1388
542,949,1491,0.1388
545,958,1503,0.1388
543,951,1494,0.1388
545,950,1495,0.1388
549,956,1505,0.1388
559,956,1515,0.1388
550,956,1506,0.1388
547,971,1518,0.1388
556,972,1528,0.1388
546,974,1520,0.1388
546,972,1518,0.1388
544,975,1519,0.1388
537,972,1509,0.1388
537,968,1505,0.1388
537,966,1503,0.1388
530,965,1495,0.1388
523,965,1488,0.1388
530,969,1499,0.1388
535,989,1524,0.1388
539,987,1526,0.1388
534,987,1521,0.1388
532,991,1523,0.1388
528,985,1513,0.1388
528,979,1507,0.1388
527,978,1505,0.1388
527,969,1496,0.1388
531,969,1500,0.1388
535,967,1502,0.1388
530,986,1516,0.1388
534,972,1506,0.1388
536,986,1522,0.1388
540,995,1535,0.1388
536,990,1526,0.1388
532,991,1523,0.1388
531,987,1518,0.1388
536,991,1527,0.1388
537,989,1526,0.1388
542,984,1526,0.1388
535,988,1523,0.1388
533,988,1521,0.1388
531,975,1506,0.1388
522,973,1495,0.1388
525,979,1504,0.1388
528,986,1514,0.1388
521,996,1517,0.1388
527,1003,1530,0.1388
528,991,1519,0.1388
537,994,1531,0.1388
532,995,1527,0.1388
531,1007,1538,0.1388
526,998,1524,0.1388
514,997,1511,0.1388
504,993,1497,0.1388
505,994,1499,0.1388
502,986,1488,0.1388
504,997,1501,0.1388
500,1005,1505,0.1388
497,1008,1505,0.1388
494,1012,1506,0.1388
497,1010,1507,0.1388
495,1006,1501,0.1388
493,1002,1495,0.1388
500,1009,1509,0.1388
502,1019,1521,0.1388
496,1024,1520,0.1388
493,1019,1512,0.1388
499,1013,1512,0.1388
493,1013,1506,0.1388
502,999,1501,0.1388
497,997,1494,0.1388
500,996,1496,0.1388
494,993,1487,0.1388
493,1013,1506,0.1388
496,1014,1510,0.1388
494,1009,1503,0.1388
491,1017,1508,0.1388
500,1015,1515,0.1388
504,1018,1522,0.1388
504,1013,1517,0.1388
497,1013,1510,0.1388
497,1010,1507,0.1388
487,1010,1497,0.1388
478,1010,1488,0.1388
483,1019,1502,0.1388
481,1035,1516,0.1388
473,1033,1506,0.1388
475,1026,1501,0.1388
471,1031,1502,0.1388
474,1036,1510,0.1388
482,1029,1511,0.1388
483,1029,1512,0.1388
482,1031,1513,0.1388
483,1028,1511,0.1388
482,1030,1512,0.1388
485,1037,1522,0.1388
479,1036,1515,0.1388
476,1055,1531,0.1388
472,1039,1511,0.1388
468,1034,1502,0.1388
466,1035,1501,0.1388
473,1044,1517,0.1388
475,1036,1511,0.1388
480,1034,1514,0.1388
476,1042,1518,0.1388
479,1037,1516,0.1388
477,1031,1508,0.1388
477,1037,1514,0.1388
482,1037,1519,0.1388
482,1030,1512,0.1388
480,1025,1505,0.1388
479,1024,1503,0.1388
483,1022,1505,0.1388
486,1025,1511,0.1388
475,1028,1503,0.1388
478,1044,1522,0.1388
477,1029,1506,0.1388
480,1036,1516,0.1388
477,1022,1499,0.1388
471,1024,1495,0.1388
473,1038,1511,0.1388
465,1032,1497,0.1388
466,1037,1503,0.1388
467,1042,1509,0.1388
466,1041,1507,0.1388
468,1042,1510,0.1388
458,1034,1492,0.1388
465,1027,1492,0.1388
466,1027,1493,0.1388
472,1027,1499,0.1388
479,1017,1496,0.1388
472,1025,1497,0.1388
464,1032,1496,0.1388
466,1048,1514,0.1388
474,1052,1526,0.1388
465,1054,1519,0.1388
470,1055,1525,0.1388
461,1049,1510,0.1388
457,1061,1518,0.1388
457,1064,1521,0.1388
457,1062,1519,0.1388
453,1059,1512,0.1388
456,1065,1521,0.1388
464,1052,1516,0.1388
451,1063,1514,0.1388
450,1058,1508,0.1388
451,1052,1503,0.1388
447,1054,1501,0.1388
448,1046,1494,0.1388
452,1056,1508,0.1388
456,1052,1508,0.1388
457,1053,1510,0.1388
457,1059,1516,0.1388
457,1054,1511,0.1388
464,1052,1516,0.1388
453,1047,1500,0.1388
448,1046,1494,0.1388
445,1054,1499,0.1388
441,1055,1496,0.1388
440,1054,1494,0.1388
448,1046,1494,0.1388
446,1044,1490,0.1388
444,1051,1495,0.1388
449,1051,1500,0.1388
450,1052,1502,0.1388
450,1050,1500,0.1388
454,1051,1505,0.1388
459,1050,1509,0.1388
455,1045,1500,0.1388
447,1050,1497,0.1388
444,1053,1497,0.1388
446,1058,1504,0.1388
443,1056,1499,0.1388
436,1056,1492,0.1388
425,1051,1476,0.1388
434,1050,1484,0.1388
438,1054,1492,0.1388
436,1052,1488,0.1388
440,1047,1487,0.1388
434,1047,1481,0.1388
432,1060,1492,0.1388
431,1069,1500,0.1388
430,1077,1507,0.1388
417,1081,1498,0.1388
419,1074,1493,0.1388
420,1072,1492,0.1388
424,1082,1506,0.1388
423,1093,1516,0.1388
424,1078,1502,0.1388
421,1078,1499,0.1388
420,1085,1505,0.1388
428,1081,1509,0.1388
430,1097,1527,0.1388
427,1089,1516,0.1388
429,1090,1519,0.1388
420,1090,1510,0.1388
411,1095,1506,0.1388
423,1101,1524,0.1388
424,1098,1522,0.1388
420,1097,1517,0.1388
423,1099,1522,0.1388
420,1086,1506,0.1388
419,1080,1499,0.1388
415,1084,1499,0.1388
415,1079,1494,0.1388
416,1085,1501,0.1388
420,1081,1501,0.1388
423,1082,1505,0.1388
418,1081,1499,0.1388
420,1083,1503,0.1388
417,1077,1494,0.1388
424,1080,1504,0.1388
421,1089,1510,0.1388
413,1082,1495,0.1388
414,1085,1499,0.1388
420,1090,1510,0.1388
421,1095,1516,0.1388
419,1088,1507,0.1388
420,1085,1505,0.1388
421,1108,1529,0.1388
413,1105,1518,0.1388
416,1107,1523,0.1388
414,1110,1524,0.1388
416,1090,1506,0.1388
412,1081,1493,0.1388
411,1090,1501,0.1388
409,1103,1512,0.1388
404,1099,1503,0.1388
403,1102,1505,0.1388
399,1092,1491,0.1388
401,1092,1493,0.1388
403,1101,1504,0.1388
403,1101,1504,0.1388
403,1108,1511,0.1388
398,1100,1498,0.1388
397,1101,1498,0.1388
395,1107,1502,0.1388
397,1116,1513,0.1388
393,1109,1502,0.1388
392,1114,1506,0.1388
385,1113,1498,0.1388
388,1119,1507,0.1388
390,1108,1498,0.1388
385,1109,1494,0.1388
384,1122,1506,0.1388
383,1123,1506,0.1388
381,1117,1498,0.1388
386,1126,1512,0.1388
391,1122,1513,0.1388
396,1126,1522,0.1388
395,1128,1523,0.1388
392,1121,1513,0.1388
390,1123,1513,0.1388
393,1126,1519,0.1388
392,1135,1527,0.1388
386,1137,1523,0.1388
383,1131,1514,0.1388
384,1128,1512,0.1388
378,1140,1518,0.1388
371,1144,1515,0.1388
368,1134,1502,0.1388
369,1142,1511,0.1388
368,1145,1513,0.1388
368,1140,1508,0.1388
361,1128,1489,0.1388
358,1142,1500,0.1388
352,1139,1491,0.1388
356,1144,1500,0.1388
359,1139,1498,0.1388
356,1145,1501,0.1388
354,1146,1500,0.1388
357,1153,1510,0.1388
351,1158,1509,0.1388
347,1152,1499,0.1388
345,1155,1500,0.1388
337,1165,1502,0.1388
341,1168,1509,0.1388
340,1164,1504,0.1388
345,1164,1509,0.1388
349,1164,1513,0.1388
353,1169,1522,0.1388
358,1170,1528,0.1388
356,1172,1528,0.1388
355,1175,1530,0.1388
357,1176,1533,0.1388
360,1173,1533,0.1388
358,1174,1532,0.1388
361,1172,1533,0.1388
352,1162,1514,0.1388
350,1164,1514,0.1388
353,1167,1520,0.1388
356,1166,1522,0.1388
352,1159,1511,0.1388
350,1156,1506,0.1388
353,1158,1511,0.1388
348,1155,1503,0.1388
348,1161,1509,0.1388
350,1176,1526,0.1388
345,1160,1505,0.1388
345,1164,1509,0.1388
341,1167,1508,0.1388
346,1169,1515,0.1388
345,1159,1504,0.1388
341,1151,1492,0.1388
342,1150,1492,0.1388
337,1150,1487,0.1388
338,1159,1497,0.1388
340,1165,1505,0.1388
347,1158,1505,0.1388
344,1176,1520,0.1388
346,1183,1529,0.1388
340,1181,1521,0.1388
338,1187,1525,0.1388
343,1178,1521,0.1388
338,1177,1515,0.1388
334,1170,1504,0.1388
327,1184,1511,0.1388
329,1187,1516,0.1388
335,1175,1510,0.1388
342,1181,1523,0.1388
339,1180,1519,0.1388
337,1174,1511,0.1388
337,1172,1509,0.1388
331,1189,1520,0.1388
329,1184,1513,0.1388
330,1184,1514,0.1388
329,1181,1510,0.1388
329,1183,1512,0.1388
329,1179,1508,0.1388
333,1175,1508,0.1388
331,1179,1510,0.1388
330,1187,1517,0.1388
331,1189,1520,0.1388
327,1188,1515,0.1388
330,1178,1508,0.1388
328,1178,1506,0.1388
326,1185,1511,0.1388
331,1184,1515,0.1388
328,1199,1527,0.1388
334,1190,1524,0.1388
331,1184,1515,0.1388
333,1183,1516,0.1388
339,1176,1515,0.1388
338,1185,1523,0.1388
340,1192,1532,0.1388
329,1191,1520,0.1388
325,1188,1513,0.1388
323,1189,1512,0.1388
325,1199,1524,0.1388
328,1195,1523,0.1388
327,1191,1518,0.1388
327,1186,1513,0.1388
324,1171,1495,0.1388
323,1177,1500,0.1388
320,1176,1496,0.1388
323,1186,1509,0.1388
321,1192,1513,0.1388
323,1184,1507,0.1388
318,1187,1505,0.1388
316,1194,1510,0.1388
319,1193,1512,0.1388
324,1188,1512,0.1388
327,1191,1518,0.1388
319,1211,1530,0.1388
319,1199,1518,0.1388
318,1199,1517,0.1388
315,1204,1519,0.1388
313,1201,1514,0.1388
311,1194,1505,0.1388
306,1209,1515,0.1388
308,1204,1512,0.1388
313,1189,1502,0.1388
307,1196,1503,0.1388
314,1202,1516,0.1388
324,1201,1525,0.1388
322,1204,1526,0.1388
317,1205,1522,0.1388
313,1198,1511,0.1388
316,1196,1512,0.1388
317,1203,1520,0.1388
318,1186,1504,0.1388
320,1201,1521,0.1388
317,1201,1518,0.1388
319,1198,1517,0.1388
316,1198,1514,0.1388
317,1196,1513,0.1388
325,1199,1524,0.1388
328,1194,1522,0.1388
328,1204,1532,0.1388
330,1196,1526,0.1388
325,1186,1511,0.1388
314,1190,1504,0.1388
317,1194,1511,0.1388
311,1202,1513,0.1388
312,1212,1524,0.1388
314,1201,1515,0.1388
313,1200,1513,0.1388
315,1208,1523,0.1388
317,1201,1518,0.1388
318,1195,1513,0.1388
316,1196,1512,0.1388
321,1194,1515,0.1388
320,1203,1523,0.1388
320,1197,1517,0.1388
319,1199,1518,0.1388
320,1202,1522,0.1388
321,1206,1527,0.1388
315,1189,1504,0.1388
312,1193,1505,0.1388
309,1190,1499,0.1388
311,1205,1516,0.1388
313,1206,1519,0.1388
315,1197,1512,0.1388
318,1200,1518,0.1388
321,1214,1535,0.1388
315,1195,1510,0.1388
306,1196,1502,0.1388
313,1206,1519,0.1388
310,1206,1516,0.1388
311,1218,1529,0.1388
310,1213,1523,0.1388
303,1219,1522,0.1388
304,1224,1528,0.1388
300,1228,1528,0.1388
297,1230,1527,0.1388
295,1236,1531,0.1388
295,1237,1532,0.1388
301,1225,1526,0.1388
301,1213,1514,0.1388
297,1208,1505,0.1388
295,1218,1513,0.1388
299,1215,1514,0.1388
304,1225,1529,0.1388
299,1220,1519,0.1388
298,1231,1529,0.1388
294,1231,1525,0.1388
290,1242,1532,0.1388
291,1226,1517,0.1388
292,1216,1508,0.1388
289,1225,1514,0.1388
293,1215,1508,0.1388
290,1210,1500,0.1388
294,1214,1508,0.1388
291,1221,1512,0.1388
289,1233,1522,0.1388
281,1240,1521,0.1388
277,1234,1511,0.1388
287,1239,1526,0.1388
287,1241,1528,0.1388
286,1233,1519,0.1388
283,1226,1509,0.1388
288,1230,1518,0.1388
284,1226,1510,0.1388
284,1228,1512,0.1388
275,1232,1507,0.1388
280,1225,1505,0.1388
282,1224,1506,0.1388
284,1224,1508,0.1388
281,1225,1506,0.1388
281,1222,1503,0.1388
272,1226,1498,0.1388
273,1236,1509,0.1388
265,1251,1516,0.1388
267,1247,1514,0.1388
267,1253,1520,0.1388
259,1247,1506,0.1388
259,1258,1517,0.1388
261,1273,1534,0.1388
259,1252,1511,0.1388
267,1252,1519,0.1388
268,1259,1527,0.1388
262,1246,1508,0.1388
264,1251,1515,0.1388
263,1258,1521,0.1388
259,1255,1514,0.1388
257,1255,1512,0.1388
262,1253,1515,0.1388
264,1258,1522,0.1388
264,1254,1518,0.1388
257,1257,1514,0.1388
253,1257,1510,0.1388
252,1267,1519,0.1388
254,1281,1535,0.1388
255,1270,1525,0.1388
252,1274,1526,0.1388
248,1284,1532,0.1388
253,1271,1524,0.1388
250,1263,1513,0.1388
248,1254,1502,0.1388
244,1269,1513,0.1388
251,1261,1512,0.1388
249,1259,1508,0.1388
244,1251,1495,0.1388
244,1255,1499,0.1388
237,1265,1502,0.1388
245,1258,1503,0.1388
246,1271,1517,0.1388
253,1264,1517,0.1388
252,1261,1513,0.1388
254,1270,1524,0.1388
248,1267,1515,0.1388
251,1259,1510,0.1388
259,1260,1519,0.1388
258,1253,1511,0.1388
255,1261,1516,0.1388
254,1255,1509,0.1388
250,1260,1510,0.1388
252,1258,1510,0.1388
252,1250,1502,0.1388
255,1262,1517,0.1388
255,1265,1520,0.1388
255,1269,1524,0.1388
252,1271,1523,0.1388
253,1270,1523,0.1388
250,1261,1511,0.1388
252,1266,1518,0.1388
249,1257,1506,0.1388
250,1259,1509,0.1388
240,1275,1515,0.1388
239,1289,1528,0.1388
239,1272,1511,0.1388
242,1272,1514,0.1388
239,1271,1510,0.1388
235,1260,1495,0.1388
235,1272,1507,0.1388
233,1261,1494,0.1388
239,1268,1507,0.1388
234,1270,1504,0.1388
236,1275,1511,0.1388
239,1278,1517,0.1388
243,1284,1527,0.1388
243,1282,1525,0.1388
237,1272,1509,0.1388
238,1260,1498,0.1388
235,1267,1502,0.1388
231,1288,1519,0.1388
236,1278,1514,0.1388
236,1280,1516,0.1388
235,1296,1531,0.1388
231,1293,1524,0.1388
225,1299,1524,0.1388
230,1299,1529,0.1388
232,1289,1521,0.1388
232,1292,1524,0.1388
237,1290,1527,0.1388
236,1291,1527,0.1388
233,1282,1515,0.1388
230,1286,1516,0.1388
229,1275,1504,0.1388
231,1270,1501,0.1388
231,1287,1518,0.1388
230,1284,1514,0.1388
228,1275,1503,0.1388
230,1275,1505,0.1388
228,1277,1505,0.1388
228,1276,1504,0.1388
224,1284,1508,0.1388
230,1282,1512,0.1388
230,1274,1504,0.1388
235,1271,1506,0.1388
235,1279,1514,0.1388
237,1272,1509,0.1388
237,1277,1514,0.1388
237,1275,1512,0.1388
233,1271,1504,0.1388
239,1260,1499,0.1388
236,1267,1503,0.1388
235,1272,1507,0.1388
237,1280,1517,0.1388
238,1289,1527,0.1388
232,1281,1513,0.1388
231,1283,1514,0.1388
225,1271,1496,0.1388
230,1266,1496,0.1388
228,1262,1490,0.1388
226,1289,1515,0.1388
224,1287,1511,0.1388
223,1285,1508,0.1388
225,1298,1523,0.1388
229,1286,1515,0.1388
230,1295,1525,0.1388
227,1294,1521,0.1388
226,1285,1511,0.1388
221,1285,1506,0.1388
226,1275,1501,0.1388
221,1279,1500,0.1388
230,1275,1505,0.1388
229,1277,1506,0.1388
230,1286,1516,0.1388
225,1289,1514,0.1388
229,1301,1530,0.1388
230,1295,1525,0.1388
227,1286,1513,0.1388
227,1300,1527,0.1388
229,1292,1521,0.1388
229,1297,1526,0.1388
230,1284,1514,0.1388
228,1291,1519,0.1388
224,1274,1498,0.1388
220,1269,1489,0.1388
221,1271,1492,0.1388
218,1282,1500,0.1388
218,1294,1512,0.1388
219,1300,1519,0.1388
216,1292,1508,0.1388
218,1284,1502,0.1388
220,1279,1499,0.1388
226,1272,1498,0.1388
225,1273,1498,0.1388
221,1272,1493,0.1388
223,1278,1501,0.1388
224,1288,1512,0.1388
221,1287,1508,0.1388
219,1278,1497,0.1388
220,1263,1483,0.1388
224,1264,1488,0.1388
219,1270,1489,0.1388
222,1276,1498,0.1388
226,1276,1502,0.1388
224,1272,1496,0.1388
223,1291,1514,0.1388
223,1289,1512,0.1388
216,1304,1520,0.1388
218,1297,1515,0.1388
218,1298,1516,0.1388
216,1292,1508,0.1388
214,1286,1500,0.1388
220,1286,1506,0.1388
218,1294,1512,0.1388
217,1294,1511,0.1388
219,1293,1512,0.1388
220,1286,1506,0.1388
222,1296,1518,0.1388
219,1305,1524,0.1388
222,1295,1517,0.1388
224,1287,1511,0.1388
222,1283,1505,0.1388
222,1281,1503,0.1388
222,1279,1501,0.1388
217,1281,1498,0.1388
222,1291,1513,0.1388
220,1291,1511,0.1388
225,1293,1518,0.1388
225,1305,1530,0.1388
220,1309,1529,0.1388
215,1307,1522,0.1388
220,1306,1526,0.1388
217,1308,1525,0.1388
218,1309,1527,0.1388
219,1299,1518,0.1388
219,1297,1516,0.1388
222,1293,1515,0.1388
219,1287,1506,0.1388
224,1292,1516,0.1388
221,1270,1491,0.1388
225,1264,1489,0.1388
222,1280,1502,0.1388
217,1282,1499,0.1388
221,1290,1511,0.1388
219,1294,1513,0.1388
220,1291,1511,0.1388
219,1288,1507,0.1388
220,1304,1524,0.1388
217,1310,1527,0.1388
215,1297,1512,0.1388
217,1298,1515,0.1388
214,1297,1511,0.1388
209,1295,1504,0.1388
215,1301,1516,0.1388
218,1305,1523,0.1388
220,1291,1511,0.1388
220,1300,1520,0.1388
216,1304,1520,0.1388
217,1308,1525,0.1388
216,1301,1517,0.1388
213,1305,1518,0.1388
218,1309,1527,0.1388
222,1294,1516,0.1388
226,1290,1516,0.1388
217,1290,1507,0.1388
215,1309,1524,0.1388
216,1312,1528,0.1388
216,1316,1532,0.1388
216,1317,1533,0.1388
215,1308,1523,0.1388
216,1303,1519,0.1388
213,1294,1507,0.1388
209,1297,1506,0.1388
209,1302,1511,0.1388
209,1300,1509,0.1388
209,1307,1516,0.1388
204,1299,1503,0.1388
202,1289,1491,0.1388
203,1294,1497,0.1388
202,1294,1496,0.1388
203,1300,1503,0.1388
211,1295,1506,0.1388
212,1292,1504,0.1388
207,1299,1506,0.1388
206,1308,1514,0.1388
206,1306,1512,0.1388
208,1307,1515,0.1388
211,1315,1526,0.1388
213,1310,1523,0.1388
211,1309,1520,0.1388
205,1301,1506,0.1388
205,1302,1507,0.1388
206,1309,1515,0.1388
211,1317,1528,0.1388
200,1309,1509,0.1388
197,1311,1508,0.1388
195,1322,1517,0.1388
193,1310,1503,0.1388
195,1301,1496,0.1388
202,1299,1501,0.1388
201,1281,1482,0.1388
200,1302,1502,0.1388
204,1317,1521,0.1388
206,1311,1517,0.1388
201,1301,1502,0.1388
203,1293,1496,0.1388
201,1295,1496,0.1388
202,1307,1509,0.1388
209,1304,1513,0.1388
209,1309,1518,0.1388
211,1308,1519,0.1388
207,1305,1512,0.1388
205,1305,1510,0.1388
207,1304,1511,0.1388
206,1303,1509,0.1388
205,1308,1513,0.1388
204,1315,1519,0.1388
204,1311,1515,0.1388
204,1313,1517,0.1388
202,1319,1521,0.1388
197,1311,1508,0.1388
202,1304,1506,0.1388
198,1308,1506,0.1388
197,1322,1519,0.1388
198,1318,1516,0.1388
204,1324,1528,0.1388
202,1317,1519,0.1388
206,1320,1526,0.1388
208,1321,1529,0.1388
202,1294,1496,0.1388
197,1320,1517,0.1388
194,1332,1526,0.1388
194,1328,1522,0.1388
187,1322,1509,0.1388
187,1315,1502,0.1388
193,1328,1521,0.1388
191,1337,1528,0.1388
190,1330,1520,0.1388
191,1318,1509,0.1388
191,1319,1510,0.1388
193,1326,1519,0.1388
191,1322,1513,0.1388
192,1323,1515,0.1388
192,1330,1522,0.1388
192,1331,1523,0.1388
192,1321,1513,0.1388
187,1327,1514,0.1388
188,1320,1508,0.1388
191,1332,1523,0.1388
189,1333,1522,0.1388
193,1335,1528,0.1388
191,1328,1519,0.1388
191,1328,1519,0.1388
189,1328,1517,0.1388
189,1322,1511,0.1388
188,1323,1511,0.1388
186,1325,1511,0.1388
187,1323,1510,0.1388
189,1333,1522,0.1388
192,1320,1512,0.1388
194,1324,1518,0.1388
189,1327,1516,0.1388
186,1342,1528,0.1388
182,1339,1521,0.1388
188,1350,1538,0.1388
190,1325,1515,0.1388
188,1330,1518,0.1388
191,1323,1514,0.1388
189,1328,1517,0.1388
187,1326,1513,0.1388
184,1317,1501,0.1388
180,1322,1502,0.1388
183,1324,1507,0.1388
187,1321,1508,0.1388
188,1319,1507,0.1388
190,1313,1503,0.1388
185,1317,1502,0.1388
182,1314,1496,0.1388
183,1320,1503,0.1388
183,1314,1497,0.1388
182,1328,1510,0.1388
184,1320,1504,0.1388
186,1316,1502,0.1388
179,1320,1499,0.1388
179,1326,1505,0.1388
183,1326,1509,0.1388
179,1325,1504,0.1388
179,1334,1513,0.1388
178,1338,1516,0.1388
178,1350,1528,0.1388
177,1339,1516,0.1388
172,1342,1514,0.1388
172,1328,1500,0.1388
172,1339,1511,0.1388
170,1337,1507,0.1388
171,1350,1521,0.1388
170,1344,1514,0.1388
168,1335,1503,0.1388
168,1340,1508,0.1388
167,1346,1513,0.1388
163,1347,1510,0.1388
168,1356,1524,0.1388
171,1343,1514,0.1388
166,1350,1516,0.1388
168,1334,1502,0.1388
168,1339,1507,0.1388
166,1339,1505,0.1388
169,1341,1510,0.1388
169,1340,1509,0.1388
166,1339,1505,0.1388
167,1335,1502,0.1388
165,1339,1504,0.1388
168,1340,1508,0.1388
170,1351,1521,0.1388
166,1364,1530,0.1388
168,1358,1526,0.1388
166,1351,1517,0.1388
166,1346,1512,0.1388
164,1349,1513,0.1388
165,1350,1515,0.1388
166,1349,1515,0.1388
167,1363,1530,0.1388
164,1353,1517,0.1388
166,1355,1521,0.1388
168,1354,1522,0.1388
171,1349,1520,0.1388
170,1356,1526,0.1388
171,1348,1519,0.1388
173,1342,1515,0.1388
167,1340,1507,0.1388
168,1344,1512,0.1388
169,1354,1523,0.1388
167,1351,1518,0.1388
160,1350,1510,0.1388
157,1353,1510,0.1388
157,1361,1518,0.1388
154,1358,1512,0.1388
157,1360,1517,0.1388
159,1360,1519,0.1388
160,1349,1509,0.1388
164,1345,1509,0.1388
169,1351,1520,0.1388
161,1350,1511,0.1388
163,1347,1510,0.1388
163,1338,1501,0.1388
163,1338,1501,0.1388
163,1357,1520,0.1388
163,1362,1525,0.1388
166,1353,1519,0.1388
158,1360,1518,0.1388
161,1359,1520,0.1388
162,1348,1510,0.1388
161,1345,1506,0.1388
161,1339,1500,0.1388
162,1338,1500,0.1388
156,1334,1490,0.1388
159,1343,1502,0.1388
161,1354,1515,0.1388
163,1357,1520,0.1388
166,1348,1514,0.1388
164,1343,1507,0.1388
163,1332,1495,0.1388
165,1356,1521,0.1388
159,1347,1506,0.1388
153,1344,1497,0.1388
152,1344,1496,0.1388
154,1371,1525,0.1388
155,1375,1530,0.1388
157,1369,1526,0.1388
156,1377,1533,0.1388
159,1380,1539,0.1388
160,1363,1523,0.1388
157,1364,1521,0.1388
156,1358,1514,0.1388
152,1357,1509,0.1388
155,1358,1513,0.1388
155,1355,1510,0.1388
155,1358,1513,0.1388
152,1347,1499,0.1388
150,1363,1513,0.1388
155,1364,1519,0.1388
157,1357,1514,0.1388
154,1344,1498,0.1388
152,1352,1504,0.1388
146,1339,1485,0.1388
146,1357,1503,0.1388
147,1365,1512,0.1388
142,1358,1500,0.1388
141,1377,1518,0.1388
141,1372,1513,0.1388
137,1372,1509,0.1388
139,1381,1520,0.1388
128,1380,1508,0.1388
131,1368,1499,0.1388
134,1374,1508,0.1388
135,1376,1511,0.1388
133,1377,1510,0.1388
134,1376,1510,0.1388
130,1380,1510,0.1388
129,1380,1509,0.1388
127,1390,1517,0.1388
127,1391,1518,0.1388
125,1389,1514,0.1388
126,1403,1529,0.1388
126,1400,1526,0.1388
125,1380,1505,0.1388
125,1383,1508,0.1388
129,1391,1520,0.1388
127,1387,1514,0.1388
129,1394,1523,0.1388
129,1406,1535,0.1388
129,1391,1520,0.1388
131,1387,1518,0.1388
127,1390,1517,0.1388
129,1386,1515,0.1388
128,1393,1521,0.1388
127,1381,1508,0.1388
125,1384,1509,0.1388
127,1392,1519,0.1388
130,1400,1530,0.1388
133,1385,1518,0.1388
132,1377,1509,0.1388
134,1375,1509,0.1388
132,1386,1518,0.1388
130,1380,1510,0.1388
133,1388,1521,0.1388
131,1391,1522,0.1388
129,1385,1514,0.1388
125,1393,1518,0.1388
126,1390,1516,0.1388
125,1385,1510,0.1388
126,1394,1520,0.1388
125,1400,1525,0.1388
127,1393,1520,0.1388
129,1385,1514,0.1388
126,1393,1519,0.1388
127,1390,1517,0.1388
127,1393,1520,0.1388
123,1388,1511,0.1388
120,1397,1517,0.1388
123,1402,1525,0.1388
119,1407,1526,0.1388
120,1399,1519,0.1388
120,1402,1522,0.1388
122,1394,1516,0.1388
118,1393,1511,0.1388
115,1404,1519,0.1388
117,1390,1507,0.1388
117,1409,1526,0.1388
119,1421,1540,0.1388
115,1433,1548,0.1388
111,1412,1523,0.1388
114,1413,1527,0.1388
113,1422,1535,0.1388
112,1409,1521,0.1388
113,1414,1527,0.1388
112,1411,1523,0.1388
110,1416,1526,0.1388
115,1419,1534,0.1388
112,1420,1532,0.1388
115,1417,1532,0.1388
117,1413,1530,0.1388
116,1415,1531,0.1388
115,1409,1524,0.1388
113,1407,1520,0.1388
113,1403,1516,0.1388
112,1417,1529,0.1388
113,1411,1524,0.1388
111,1410,1521,0.1388
112,1409,1521,0.1388
113,1416,1529,0.1388
113,1401,1514,0.1388
113,1401,1514,0.1388
117,1402,1519,0.1388
117,1393,1510,0.1388
116,1393,1509,0.1388
116,1410,1526,0.1388
115,1399,1514,0.1388
112,1397,1509,0.1388
111,1400,1511,0.1388
110,1391,1501,0.1388
109,1390,1499,0.1388
109,1383,1492,0.1388
112,1390,1502,0.1388
111,1387,1498,0.1388
111,1391,1502,0.1388
111,1391,1502,0.1388
108,1395,1503,0.1388
111,1392,1503,0.1388
114,1402,1516,0.1388
112,1401,1513,0.1388
114,1389,1503,0.1388
113,1389,1502,0.1388
112,1390,1502,0.1388
112,1385,1497,0.1388
113,1404,1517,0.1388
109,1402,1511,0.1388
110,1403,1513,0.1388
109,1410,1519,0.1388
108,1409,1517,0.1388
105,1410,1515,0.1388
103,1412,1515,0.1388
103,1418,1521,0.1388
104,1421,1525,0.1388
105,1396,1501,0.1388
106,1410,1516,0.1388
104,1423,1527,0.1388
106,1423,1529,0.1388
105,1412,1517,0.1388
106,1408,1514,0.1388
107,1415,1522,0.1388
105,1416,1521,0.1388
105,1415,1520,0.1388
105,1403,1508,0.1388
108,1415,1523,0.1388
102,1418,1520,0.1388
104,1412,1516,0.1388
102,1408,1510,0.1388
104,1418,1522,0.1388
100,1418,1518,0.1388
100,1400,1500,0.1388
99,1399,1498,0.1388
100,1401,1501,0.1388
102,1402,1504,0.1388
103,1408,1511,0.1388
99,1410,1509,0.1388
99,1424,1523,0.1388
96,1418,1514,0.1388
96,1411,1507,0.1388
97,1406,1503,0.1388
98,1398,1496,0.1388
98,1403,1501,0.1388
100,1406,1506,0.1388
100,1413,1513,0.1388
98,1414,1512,0.1388
96,1408,1504,0.1388
95,1419,1514,0.1388
96,1427,1523,0.1388
96,1428,1524,0.1388
94,1417,1511,0.1388
93,1424,1517,0.1388
93,1418,1511,0.1388
95,1415,1510,0.1388
95,1404,1499,0.1388
96,1409,1505,0.1388
96,1421,1517,0.1388
92,1429,1521,0.1388
94,1424,1518,0.1388
94,1417,1511,0.1388
95,1412,1507,0.1388
93,1426,1519,0.1388
92,1420,1512,0.1388
92,1435,1527,0.1388
92,1417,1509,0.1388
93,1414,1507,0.1388
89,1410,1499,0.1388
92,1416,1508,0.1388
92,1419,1511,0.1388
92,1417,1509,0.1388
92,1424,1516,0.1388
89,1434,1523,0.1388
89,1432,1521,0.1388
90,1435,1525,0.1388
91,1428,1519,0.1388
92,1446,1538,0.1388
92,1436,1528,0.1388
92,1430,1522,0.1388
90,1428,1518,0.1388
91,1417,1508,0.1388
95,1431,1526,0.1388
93,1432,1525,0.1388
96,1428,1524,0.1388
96,1422,1518,0.1388
95,1418,1513,0.1388
96,1417,1513,0.1388
94,1423,1517,0.1388
92,1434,1526,0.1388
93,1426,1519,0.1388
93,1426,1519,0.1388
91,1439,1530,0.1388
88,1435,1523,0.1388
86,1439,1525,0.1388
85,1433,1518,0.1388
86,1424,1510,0.1388
86,1423,1509,0.1388
85,1424,1509,0.1388
85,1416,1501,0.1388
85,1421,1506,0.1388
86,1426,1512,0.1388
85,1438,1523,0.1388
85,1431,1516,0.1388
86,1435,1521,0.1388
87,1419,1506,0.1388
84,1430,1514,0.1388
82,1422,1504,0.1388
81,1414,1495,0.1388
81,1415,1496,0.1388
82,1419,1501,0.1388
82,1417,1499,0.1388
85,1434,1519,0.1388
87,1425,1512,0.1388
86,1433,1519,0.1388
86,1428,1514,0.1388
84,1433,1517,0.1388
84,1437,1521,0.1388
83,1431,1514,0.1388
85,1437,1522,0.1388
83,1431,1514,0.1388
83,1435,1518,0.1388
84,1433,1517,0.1388
84,1433,1517,0.1388
83,1427,1510,0.1388
83,1426,1509,0.1388
83,1441,1524,0.1388
87,1442,1529,0.1388
85,1445,1530,0.1388
86,1434,1520,0.1388
85,1434,1519,0.1388
83,1425,1508,0.1388
87,1419,1506,0.1388
90,1428,1518,0.1388
89,1429,1518,0.1388
85,1440,1525,0.1388
83,1434,1517,0.1388
84,1443,1527,0.1388
81,1440,1521,0.1388
83,1425,1508,0.1388
82,1429,1511,0.1388
85,1422,1507,0.1388
83,1422,1505,0.1388
85,1411,1496,0.1388
86,1424,1510,0.1388
89,1426,1515,0.1388
87,1418,1505,0.1388
85,1416,1501,0.1388
84,1411,1495,0.1388
86,1421,1507,0.1388
87,1429,1516,0.1388
85,1435,1520,0.1388
80,1433,1513,0.1388
80,1417,1497,0.1388
81,1414,1495,0.1388
83,1421,1504,0.1388
82,1423,1505,0.1388
82,1428,1510,0.1388
80,1435,1515,0.1388
79,1430,1509,0.1388
79,1423,1502,0.1388
81,1426,1507,0.1388
82,1437,1519,0.1388
82,1422,1504,0.1388
78,1422,1500,0.1388
79,1416,1495,0.1388
75,1436,1511,0.1388
76,1437,1513,0.1388
76,1447,1523,0.1388
77,1436,1513,0.1388
77,1440,1517,0.1388
77,1437,1514,0.1388
77,1427,1504,0.1388
76,1432,1508,0.1388
75,1431,1506,0.1388
73,1443,1516,0.1388
73,1449,1522,0.1388
73,1452,1525,0.1388
72,1444,1516,0.1388
71,1440,1511,0.1388
69,1441,1510,0.1388
67,1446,1513,0.1388
67,1449,1516,0.1388
67,1456,1523,0.1388
70,1452,1522,0.1388
70,1443,1513,0.1388
67,1452,1519,0.1388
66,1458,1524,0.1388
64,1464,1528,0.1388
63,1461,1524,0.1388
63,1451,1514,0.1388
65,1442,1507,0.1388
67,1443,1510,0.1388
66,1446,1512,0.1388
66,1451,1517,0.1388
64,1456,1520,0.1388
64,1464,1528,0.1388
62,1461,1523,0.1388
60,1463,1523,0.1388
59,1472,1531,0.1388
60,1468,1528,0.1388
61,1469,1530,0.1388
61,1463,1524,0.1388
61,1459,1520,0.1388
60,1459,1519,0.1388
60,1460,1520,0.1388
59,1470,1529,0.1388
59,1468,1527,0.1388
57,1468,1525,0.1388
58,1472,1530,0.1388
60,1475,1535,0.1388
57,1470,1527,0.1388
61,1468,1529,0.1388
60,1456,1516,0.1388
59,1457,1516,0.1388
60,1456,1516,0.1388
61,1461,1522,0.1388
59,1458,1517,0.1388
57,1477,1534,0.1388
57,1486,1543,0.1388
57,1467,1524,0.1388
56,1449,1505,0.1388
55,1465,1520,0.1388
57,1459,1516,0.1388
61,1463,1524,0.1388
59,1456,1515,0.1388
57,1444,1501,0.1388
55,1467,1522,0.1388
55,1467,1522,0.1388
52,1461,1513,0.1388
52,1455,1507,0.1388
51,1464,1515,0.1388
51,1459,1510,0.1388
51,1451,1502,0.1388
54,1455,1509,0.1388
54,1447,1501,0.1388
51,1452,1503,0.1388
51,1466,1517,0.1388
55,1462,1517,0.1388
55,1463,1518,0.1388
55,1467,1522,0.1388
56,1473,1529,0.1388
57,1469,1526,0.1388
58,1459,1517,0.1388
60,1447,1507,0.1388
59,1454,1513,0.1388
60,1459,1519,0.1388
58,1453,1511,0.1388
60,1451,1511,0.1388
60,1463,1523,0.1388
58,1461,1519,0.1388
60,1446,1506,0.1388
61,1445,1506,0.1388
61,1460,1521,0.1388
59,1461,1520,0.1388
58,1451,1509,0.1388
60,1456,1516,0.1388
61,1459,1520,0.1388
62,1464,1526,0.1388
60,1469,1529,0.1388
58,1465,1523,0.1388
59,1456,1515,0.1388
59,1448,1507,0.1388
60,1455,1515,0.1388
61,1458,1519,0.1388
60,1456,1516,0.1388
59,1443,1502,0.1388
59,1435,1494,0.1388
56,1439,1495,0.1388
56,1445,1501,0.1388
58,1454,1512,0.1388
58,1468,1526,0.1388
59,1481,1540,0.1388
58,1481,1539,0.1388
59,1481,1540,0.1388
63,1460,1523,0.1388
59,1459,1518,0.1388
59,1466,1525,0.1388
60,1448,1508,0.1388
59,1452,1511,0.1388
58,1453,1511,0.1388
58,1453,1511,0.1388
56,1449,1505,0.1388
59,1470,1529,0.1388
62,1467,1529,0.1388
61,1467,1528,0.1388
61,1471,1532,0.1388
60,1467,1527,0.1388
58,1457,1515,0.1388
58,1459,1517,0.1388
55,1467,1522,0.1388
57,1469,1526,0.1388
54,1460,1514,0.1388
55,1460,1515,0.1388
53,1463,1516,0.1388
54,1470,1524,0.1388
55,1459,1514,0.1388
55,1472,1527,0.1388
55,1470,1525,0.1388
52,1483,1535,0.1388
50,1478,1528,0.1388
50,1474,1524,0.1388
50,1476,1526,0.1388
46,1472,1518,0.1388
48,1461,1509,0.1388
49,1473,1522,0.1388
49,1468,1517,0.1388
49,1472,1521,0.1388
50,1469,1519,0.1388
49,1478,1527,0.1388
45,1470,1515,0.1388
46,1475,1521,0.1388
42,1467,1509,0.1388
42,1462,1504,0.1388
44,1448,1492,0.1388
47,1458,1505,0.1388
47,1448,1495,0.1388
48,1449,1497,0.1388
47,1443,1490,0.1388
48,1439,1487,0.1388
47,1447,1494,0.1388
49,1459,1508,0.1388
53,1465,1518,0.1388
51,1474,1525,0.1388
52,1474,1526,0.1388
52,1471,1523,0.1388
51,1477,1528,0.1388
49,1468,1517,0.1388
48,1463,1511,0.1388
49,1467,1516,0.1388
49,1468,1517,0.1388
47,1474,1521,0.1388
47,1469,1516,0.1388
45,1458,1503,0.1388
47,1461,1508,0.1388
49,1466,1515,0.1388
51,1467,1518,0.1388
54,1459,1513,0.1388
54,1453,1507,0.1388
54,1459,1513,0.1388
54,1470,1524,0.1388
54,1471,1525,0.1388
54,1470,1524,0.1388
53,1475,1528,0.1388
56,1463,1519,0.1388
55,1460,1515,0.1388
56,1466,1522,0.1388
57,1455,1512,0.1388
58,1462,1520,0.1388
58,1450,1508,0.1388
60,1458,1518,0.1388
58,1456,1514,0.1388
57,1457,1514,0.1388
57,1454,1511,0.1388
55,1461,1516,0.1388
56,1448,1504,0.1388
55,1457,1512,0.1388
59,1467,1526,0.1388
58,1455,1513,0.1388
57,1465,1522,0.1388
60,1454,1514,0.1388
61,1457,1518,0.1388
61,1467,1528,0.1388
61,1473,1534,0.1388
65,1467,1532,0.1388
67,1460,1527,0.1388
66,1454,1520,0.1388
65,1444,1509,0.1388
66,1438,1504,0.1388
67,1446,1513,0.1388
65,1442,1507,0.1388
63,1440,1503,0.1388
64,1443,1507,0.1388
64,1447,1511,0.1388
66,1453,1519,0.1388
66,1450,1516,0.1388
66,1452,1518,0.1388
69,1452,1521,0.1388
71,1452,1523,0.1388
68,1447,1515,0.1388
66,1439,1505,0.1388
69,1450,1519,0.1388
68,1457,1525,0.1388
67,1453,1520,0.1388
65,1455,1520,0.1388
64,1452,1516,0.1388
65,1459,1524,0.1388
64,1451,1515,0.1388
62,1447,1509,0.1388
62,1445,1507,0.1388
60,1451,1511,0.1388
61,1465,1526,0.1388
60,1469,1529,0.1388
60,1476,1536,0.1388
60,1457,1517,0.1388
61,1450,1511,0.1388
64,1449,1513,0.1388
65,1441,1506,0.1388
66,1450,1516,0.1388
65,1456,1521,0.1388
62,1459,1521,0.1388
63,1462,1525,0.1388
63,1466,1529,0.1388
63,1451,1514,0.1388
60,1464,1524,0.1388
58,1466,1524,0.1388
59,1466,1525,0.1388
59,1471,1530,0.1388
61,1452,1513,0.1388
60,1464,1524,0.1388
61,1462,1523,0.1388
62,1458,1520,0.1388
65,1449,1514,0.1388
65,1445,1510,0.1388
67,1447,1514,0.1388
66,1436,1502,0.1388
64,1437,1501,0.1388
63,1434,1497,0.1388
63,1429,1492,0.1388
64,1443,1507,0.1388
65,1438,1503,0.1388
68,1443,1511,0.1388
70,1447,1517,0.1388
73,1435,1508,0.1388
70,1420,1490,0.1388
70,1431,1501,0.1388
73,1428,1501,0.1388
73,1426,1499,0.1388
72,1436,1508,0.1388
73,1412,1485,0.1388
73,1428,1501,0.1388
74,1444,1518,0.1388
70,1442,1512,0.1388
70,1448,1518,0.1388
73,1436,1509,0.1388
71,1443,1514,0.1388
73,1437,1510,0.1388
74,1447,1521,0.1388
75,1451,1526,0.1388
73,1443,1516,0.1388
68,1453,1521,0.1388
70,1456,1526,0.1388
69,1452,1521,0.1388
68,1442,1510,0.1388
67,1439,1506,0.1388
67,1431,1498,0.1388
67,1454,1521,0.1388
66,1465,1531,0.1388
67,1460,1527,0.1388
66,1451,1517,0.1388
67,1442,1509,0.1388
65,1452,1517,0.1388
66,1466,1532,0.1388
65,1454,1519,0.1388
65,1457,1522,0.1388
62,1456,1518,0.1388
60,1444,1504,0.1388
60,1442,1502,0.1388
59,1452,1511,0.1388
61,1457,1518,0.1388
62,1450,1512,0.1388
62,1453,1515,0.1388
63,1451,1514,0.1388
62,1446,1508,0.1388
65,1460,1525,0.1388
62,1460,1522,0.1388
59,1466,1525,0.1388
62,1460,1522,0.1388
60,1449,1509,0.1388
60,1452,1512,0.1388
61,1455,1516,0.1388
61,1459,1520,0.1388
58,1461,1519,0.1388
55,1459,1514,0.1388
56,1455,1511,0.1388
56,1449,1505,0.1388
54,1453,1507,0.1388
54,1461,1515,0.1388
56,1450,1506,0.1388
57,1459,1516,0.1388
58,1447,1505,0.1388
60,1465,1525,0.1388
58,1460,1518,0.1388
58,1456,1514,0.1388
57,1459,1516,0.1388
58,1460,1518,0.1388
57,1458,1515,0.1388
55,1468,1523,0.1388
57,1469,1526,0.1388
55,1467,1522,0.1388
56,1462,1518,0.1388
56,1458,1514,0.1388
58,1453,1511,0.1388
56,1453,1509,0.1388
52,1449,1501,0.1388
52,1460,1512,0.1388
54,1460,1514,0.1388
53,1443,1496,0.1388
55,1442,1497,0.1388
54,1458,1512,0.1388
54,1461,1515,0.1388
56,1455,1511,0.1388
58,1457,1515,0.1388
57,1457,1514,0.1388
55,1456,1511,0.1388
55,1453,1508,0.1388
53,1459,1512,0.1388
55,1442,1497,0.1388
55,1445,1500,0.1388
54,1453,1507,0.1388
53,1448,1501,0.1388
53,1447,1500,0.1388
53,1457,1510,0.1388
55,1464,1519,0.1388
54,1456,1510,0.1388
53,1461,1514,0.1388
52,1471,1523,0.1388
49,1470,1519,0.1388
49,1462,1511,0.1388
50,1462,1512,0.1388
49,1449,1498,0.1388
51,1452,1503,0.1388
51,1460,1511,0.1388
52,1476,1528,0.1388
53,1477,1530,0.1388
53,1462,1515,0.1388
53,1467,1520,0.1388
54,1464,1518,0.1388
55,1456,1511,0.1388
57,1451,1508,0.1388
56,1457,1513,0.1388
53,1469,1522,0.1388
53,1466,1519,0.1388
50,1469,1519,0.1388
51,1479,1530,0.1388
50,1468,1518,0.1388
50,1474,1524,0.1388
47,1473,1520,0.1388
49,1463,1512,0.1388
48,1470,1518,0.1388
47,1461,1508,0.1388
50,1466,1516,0.1388
50,1459,1509,0.1388
48,1467,1515,0.1388
49,1462,1511,0.1388
46,1468,1514,0.1388
46,1468,1514,0.1388
46,1462,1508,0.1388
45,1468,1513,0.1388
46,1471,1517,0.1388
46,1466,1512,0.1388
46,1473,1519,0.1388
47,1479,1526,0.1388
45,1474,1519,0.1388
44,1467,1511,0.1388
44,1465,1509,0.1388
43,1471,1514,0.1388
43,1478,1521,0.1388
46,1479,1525,0.1388
47,1467,1514,0.1388
49,1468,1517,0.1388
49,1467,1516,0.1388
50,1452,1502,0.1388
51,1459,1510,0.1388
50,1466,1516,0.1388
49,1474,1523,0.1388
50,1470,1520,0.1388
52,1473,1525,0.1388
54,1467,1521,0.1388
55,1462,1517,0.1388
55,1465,1520,0.1388
54,1461,1515,0.1388
54,1474,1528,0.1388
57,1462,1519,0.1388
56,1463,1519,0.1388
56,1467,1523,0.1388
58,1459,1517,0.1388
55,1452,1507,0.1388
53,1457,1510,0.1388
54,1449,1503,0.1388
55,1445,1500,0.1388
53,1451,1504,0.1388
51,1454,1505,0.1388
54,1469,1523,0.1388
55,1463,1518,0.1388
52,1464,1516,0.1388
53,1459,1512,0.1388
56,1466,1522,0.1388
59,1456,1515,0.1388
59,1458,1517,0.1388
58,1449,1507,0.1388
59,1466,1525,0.1388
60,1452,1512,0.1388
61,1455,1516,0.1388
61,1450,1511,0.1388
60,1476,1536,0.1388
58,1465,1523,0.1388
54,1462,1516,0.1388
54,1462,1516,0.1388
54,1459,1513,0.1388
55,1456,1511,0.1388
56,1456,1512,0.1388
55,1463,1518,0.1388
53,1465,1518,0.1388
54,1468,1522,0.1388
57,1479,1536,0.1388
56,1457,1513,0.1388
55,1458,1513,0.1388
53,1453,1506,0.1388
53,1452,1505,0.1388
53,1453,1506,0.1388
53,1457,1510,0.1388
54,1463,1517,0.1388
53,1449,1502,0.1388
50,1452,1502,0.1388
51,1463,1514,0.1388
51,1462,1513,0.1388
52,1470,1522,0.1388
51,1475,1526,0.1388
58,1479,1537,0.1388
57,1461,1518,0.1388
57,1474,1531,0.1388
57,1469,1526,0.1388
57,1465,1522,0.1388
57,1460,1517,0.1388
58,1449,1507,0.1388
55,1459,1514,0.1388
54,1466,1520,0.1388
53,1449,1502,0.1388
54,1454,1508,0.1388
56,1457,1513,0.1388
57,1450,1507,0.1388
58,1445,1503,0.1388
56,1455,1511,0.1388
55,1458,1513,0.1388
57,1456,1513,0.1388
58,1448,1506,0.1388
57,1467,1524,0.1388
57,1458,1515,0.1388
58,1446,1504,0.1388
59,1446,1505,0.1388
55,1441,1496,0.1388
56,1438,1494,0.1388
54,1449,1503,0.1388
54,1465,1519,0.1388
55,1464,1519,0.1388
55,1460,1515,0.1388
55,1474,1529,0.1388
55,1479,1534,0.1388
56,1462,1518,0.1388
57,1468,1525,0.1388
57,1472,1529,0.1388
57,1467,1524,0.1388
57,1473,1530,0.1388
57,1479,1536,0.1388
57,1474,1531,0.1388
56,1477,1533,0.1388
58,1476,1534,0.1388
61,1463,1524,0.1388
61,1472,1533,0.1388
62,1457,1519,0.1388
63,1449,1512,0.1388
62,1455,1517,0.1388
63,1453,1516,0.1388
64,1448,1512,0.1388
66,1449,1515,0.1388
67,1456,1523,0.1388
67,1461,1528,0.1388
69,1459,1528,0.1388
68,1452,1520,0.1388
67,1448,1515,0.1388
65,1445,1510,0.1388
63,1453,1516,0.1388
62,1455,1517,0.1388
62,1445,1507,0.1388
62,1448,1510,0.1388
64,1463,1527,0.1388
61,1444,1505,0.1388
62,1441,1503,0.1388
62,1445,1507,0.1388
63,1445,1508,0.1388
63,1450,1513,0.1388
63,1448,1511,0.1388
60,1453,1513,0.1388
66,1446,1512,0.1388
63,1447,1510,0.1388
60,1442,1502,0.1388
62,1433,1495,0.1388
61,1447,1508,0.1388
62,1436,1498,0.1388
63,1431,1494,0.1388
62,1439,1501,0.1388
63,1446,1509,0.1388
62,1456,1518,0.1388
60,1462,1522,0.1388
58,1457,1515,0.1388
59,1461,1520,0.1388
59,1447,1506,0.1388
59,1455,1514,0.1388
60,1450,1510,0.1388
61,1445,1506,0.1388
58,1438,1496,0.1388
58,1440,1498,0.1388
58,1450,1508,0.1388
57,1466,1523,0.1388
57,1471,1528,0.1388
56,1465,1521,0.1388
59,1461,1520,0.1388
60,1455,1515,0.1388
62,1466,1528,0.1388
61,1475,1536,0.1388
63,1455,1518,0.1388
61,1451,1512,0.1388
60,1450,1510,0.1388
59,1457,1516,0.1388
61,1453,1514,0.1388
65,1438,1503,0.1388
64,1453,1517,0.1388
62,1445,1507,0.1388
61,1454,1515,0.1388
62,1456,1518,0.1388
61,1470,1531,0.1388
60,1472,1532,0.1388
57,1476,1533,0.1388
57,1461,1518,0.1388
59,1457,1516,0.1388
57,1454,1511,0.1388
58,1457,1515,0.1388
57,1460,1517,0.1388
59,1455,1514,0.1388
61,1460,1521,0.1388
62,1460,1522,0.1388
58,1452,1510,0.1388
58,1468,1526,0.1388
58,1456,1514,0.1388
55,1452,1507,0.1388
54,1448,1502,0.1388
56,1453,1509,0.1388
56,1455,1511,0.1388
56,1464,1520,0.1388
55,1452,1507,0.1388
57,1458,1515,0.1388
57,1456,1513,0.1388
56,1460,1516,0.1388
54,1460,1514,0.1388
53,1468,1521,0.1388
52,1480,1532,0.1388
50,1480,1530,0.1388
51,1458,1509,0.1388
51,1454,1505,0.1388
50,1454,1504,0.1388
51,1463,1514,0.1388
51,1471,1522,0.1388
51,1459,1510,0.1388
53,1463,1516,0.1388
51,1468,1519,0.1388
53,1473,1526,0.1388
54,1475,1529,0.1388
54,1465,1519,0.1388
54,1454,1508,0.1388
51,1471,1522,0.1388
49,1482,1531,0.1388
45,1494,1539,0.1388
43,1486,1529,0.1388
44,1475,1519,0.1388
46,1468,1514,0.1388
44,1471,1515,0.1388
46,1472,1518,0.1388
44,1470,1514,0.1388
40,1476,1516,0.1388
38,1476,1514,0.1388
36,1467,1503,0.1388
36,1468,1504,0.1388
39,1462,1501,0.1388
37,1465,1502,0.1388
38,1469,1507,0.1388
39,1458,1497,0.1388
38,1462,1500,0.1388
36,1448,1484,0.1388
37,1454,1491,0.1388
38,1463,1501,0.1388
36,1469,1505,0.1388
36,1471,1507,0.1388
36,1475,1511,0.1388
37,1484,1521,0.1388
37,1475,1512,0.1388
37,1472,1509,0.1388
36,1461,1497,0.1388
34,1456,1490,0.1388
34,1455,1489,0.1388
33,1470,1503,0.1388
34,1493,1527,0.1388
35,1494,1529,0.1388
33,1484,1517,0.1388
33,1479,1512,0.1388
34,1475,1509,0.1388
35,1473,1508,0.1388
37,1467,1504,0.1388
37,1475,1512,0.1388
37,1474,1511,0.1388
37,1482,1519,0.1388
36,1484,1520,0.1388
35,1483,1518,0.1388
34,1479,1513,0.1388
32,1490,1522,0.1388
32,1492,1524,0.1388
32,1492,1524,0.1388
32,1501,1533,0.1388
31,1510,1541,0.1388
30,1508,1538,0.1388
28,1501,1529,0.1388
26,1488,1514,0.1388
26,1484,1510,0.1388
25,1487,1512,0.1388
21,1488,1509,0.1388
21,1478,1499,0.1388
22,1481,1503,0.1388
21,1493,1514,0.1388
21,1498,1519,0.1388
23,1516,1539,0.1388
22,1512,1534,0.1388
22,1500,1522,0.1388
22,1486,1508,0.1388
21,1494,1515,0.1388
21,1495,1516,0.1388
23,1486,1509,0.1388
23,1498,1521,0.1388
22,1502,1524,0.1388
23,1510,1533,0.1388
20,1501,1521,0.1388
20,1495,1515,0.1388
20,1490,1510,0.1388
21,1482,1503,0.1388
19,1494,1513,0.1388
20,1480,1500,0.1388
20,1489,1509,0.1388
20,1489,1509,0.1388
20,1497,1517,0.1388
21,1483,1504,0.1388
21,1497,1518,0.1388
23,1485,1508,0.1388
24,1483,1507,0.1388
25,1484,1509,0.1388
25,1502,1527,0.1388
24,1504,1528,0.1388
24,1504,1528,0.1388
24,1508,1532,0.1388
25,1499,1524,0.1388
25,1505,1530,0.1388
26,1494,1520,0.1388
23,1496,1519,0.1388
23,1500,1523,0.1388
23,1481,1504,0.1388
23,1488,1511,0.1388
24,1495,1519,0.1388
24,1494,1518,0.1388
23,1498,1521,0.1388
22,1498,1520,0.1388
22,1500,1522,0.1388
22,1499,1521,0.1388
22,1502,1524,0.1388
22,1496,1518,0.1388
21,1489,1510,0.1388
21,1500,1521,0.1388
21,1498,1519,0.1388
22,1492,1514,0.1388
20,1476,1496,0.1388
21,1494,1515,0.1388
21,1497,1518,0.1388
21,1490,1511,0.1388
21,1496,1517,0.1388
20,1501,1521,0.1388
20,1516,1536,0.1388
21,1503,1524,0.1388
20,1509,1529,0.1388
21,1501,1522,0.1388
21,1495,1516,0.1388
20,1499,1519,0.1388
21,1488,1509,0.1388
21,1493,1514,0.1388
21,1495,1516,0.1388
20,1501,1521,0.1388
20,1509,1529,0.1388
16,1511,1527,0.1388
16,1507,1523,0.1388
16,1497,1513,0.1388
15,1506,1521,0.1388
14,1509,1523,0.1388
15,1504,1519,0.1388
11,1514,1525,0.1388
11,1502,1513,0.1388
10,1506,1516,0.1388
10,1520,1530,0.1388
10,1505,1515,0.1388
10,1516,1526,0.1388
10,1521,1531,0.1388
11,1524,1535,0.1388
11,1505,1516,0.1388
11,1520,1531,0.1388
11,1509,1520,0.1388
11,1493,1504,0.1388
11,1511,1522,0.1388
11,1504,1515,0.1388
11,1499,1510,0.1388
11,1503,1514,0.1388
10,1512,1522,0.1388
10,1507,1517,0.1388
10,1511,1521,0.1388
12,1513,1525,0.1388
12,1525,1537,0.1388
10,1514,1524,0.1388
10,1512,1522,0.1388
9,1512,1521,0.1388
10,1515,1525,0.1388
9,1513,1522,0.1388
9,1510,1519,0.1388
9,1508,1517,0.1388
9,1503,1512,0.1388
10,1509,1519,0.1388
9,1517,1526,0.1388
9,1512,1521,0.1388
9,1515,1524,0.1388
11,1511,1522,0.1388
11,1512,1523,0.1388
11,1499,1510,0.1388
10,1508,1518,0.1388
10,1511,1521,0.1388
10,1515,1525,0.1388
10,1519,1529,0.1388
10,1516,1526,0.1388
9,1523,1532,0.1388
10,1513,1523,0.1388
12,1516,1528,0.1388
11,1522,1533,0.1388
11,1518,1529,0.1388
10,1509,1519,0.1388
10,1505,1515,0.1388
10,1507,1517,0.1388
10,1500,1510,0.1388
12,1504,1516,0.1388
10,1504,1514,0.1388
10,1506,1516,0.1388
9,1509,1518,0.1388
10,1508,1518,0.1388
11,1511,1522,0.1388
11,1516,1527,0.1388
9,1503,1512,0.1388
9,1511,1520,0.1388
8,1514,1522,0.1388
8,1514,1522,0.1388
9,1514,1523,0.1388
9,1512,1521,0.1388
8,1513,1521,0.1388
8,1506,1514,0.1388
9,1498,1507,0.1388
9,1515,1524,0.1388
9,1513,1522,0.1388
10,1514,1524,0.1388
11,1512,1523,0.1388
11,1516,1527,0.1388
8,1504,1512,0.1388
9,1515,1524,0.1388
10,1512,1522,0.1388
10,1494,1504,0.1388
10,1494,1504,0.1388
9,1494,1503,0.1388
8,1491,1499,0.1388
9,1493,1502,0.1388
9,1487,1496,0.1388
8,1493,1501,0.1388
8,1495,1503,0.1388
8,1502,1510,0.1388
7,1508,1515,0.1388
7,1510,1517,0.1388
7,1503,1510,0.1388
7,1506,1513,0.1388
8,1493,1501,0.1388
8,1497,1505,0.1388
8,1485,1493,0.1388
8,1501,1509,0.1388
8,1504,1512,0.1388
8,1498,1506,0.1388
9,1514,1523,0.1388
9,1506,1515,0.1388
9,1516,1525,0.1388
9,1514,1523,0.1388
10,1516,1526,0.1388
10,1516,1526,0.1388
10,1519,1529,0.1388
9,1527,1536,0.1388
9,1517,1526,0.1388
10,1518,1528,0.1388
11,1513,1524,0.1388
11,1513,1524,0.1388
11,1509,1520,0.1388
11,1504,1515,0.1388
12,1507,1519,0.1388
12,1501,1513,0.1388
12,1506,1518,0.1388
12,1507,1519,0.1388
12,1502,1514,0.1388
10,1504,1514,0.1388
11,1500,1511,0.1388
10,1498,1508,0.1388
10,1507,1517,0.1388
10,1501,1511,0.1388
10,1508,1518,0.1388
10,1497,1507,0.1388
10,1504,1514,0.1388
9,1497,1506,0.1388
8,1508,1516,0.1388
8,1523,1531,0.1388
8,1524,1532,0.1388
9,1519,1528,0.1388
9,1516,1525,0.1388
7,1505,1512,0.1388
8,1505,1513,0.1388
8,1499,1507,0.1388
8,1503,1511,0.1388
8,1511,1519,0.1388
9,1513,1522,0.1388
9,1508,1517,0.1388
9,1517,1526,0.1388
9,1532,1541,0.1388
9,1510,1519,0.1388
7,1500,1507,0.1388
7,1503,1510,0.1388
8,1493,1501,0.1388
7,1509,1516,0.1388
7,1505,1512,0.1388
7,1503,1510,0.1388
6,1505,1511,0.1388
7,1497,1504,0.1388
7,1507,1514,0.1388
8,1512,1520,0.1388
8,1516,1524,0.1388
8,1530,1538,0.1388
8,1519,1527,0.1388
7,1517,1524,0.1388
7,1517,1524,0.1388
7,1516,1523,0.1388
7,1517,1524,0.1388
7,1521,1528,0.1388
7,1511,1518,0.1388
7,1515,1522,0.1388
6,1517,1523,0.1388
6,1525,1531,0.1388
6,1513,1519,0.1388
6,1514,1520,0.1388
6,1519,1525,0.1388
6,1519,1525,0.1388
6,1520,1526,0.1388
6,1517,1523,0.1388
6,1508,1514,0.1388
6,1519,1525,0.1388
6,1514,1520,0.1388
6,1516,1522,0.1388
6,1517,1523,0.1388
6,1507,1513,0.1388
6,1502,1508,0.1388
6,1503,1509,0.1388
6,1501,1507,0.1388
6,1507,1513,0.1388
6,1523,1529,0.1388
6,1525,1531,0.1388
5,1517,1522,0.1388
5,1515,1520,0.1388
5,1510,1515,0.1388
5,1504,1509,0.1388
5,1507,1512,0.1388
4,1522,1526,0.1388
4,1516,1520,0.1388
5,1515,1520,0.1388
6,1523,1529,0.1388
6,1519,1525,0.1388
7,1513,1520,0.1388
7,1507,1514,0.1388
7,1508,1515,0.1388
6,1500,1506,0.1388
7,1498,1505,0.1388
7,1504,1511,0.1388
7,1512,1519,0.1388
7,1521,1528,0.1388
7,1523,1530,0.1388
8,1512,1520,0.1388
8,1513,1521,0.1388
8,1509,1517,0.1388
9,1503,1512,0.1388
9,1503,1512,0.1388
9,1517,1526,0.1388
9,1497,1506,0.1388
9,1510,1519,0.1388
9,1519,1528,0.1388
9,1525,1534,0.1388
9,1509,1518,0.1388
9,1512,1521,0.1388
9,1492,1501,0.1388
10,1511,1521,0.1388
10,1491,1501,0.1388
10,1501,1511,0.1388
10,1504,1514,0.1388
12,1503,1515,0.1388
12,1482,1494,0.1388
11,1492,1503,0.1388
11,1500,1511,0.1388
11,1506,1517,0.1388
12,1496,1508,0.1388
13,1490,1503,0.1388
13,1495,1508,0.1388
13,1513,1526,0.1388
13,1509,1522,0.1388
13,1504,1517,0.1388
12,1502,1514,0.1388
11,1512,1523,0.1388
12,1509,1521,0.1388
12,1515,1527,0.1388
13,1516,1529,0.1388
13,1507,1520,0.1388
13,1503,1516,0.1388
13,1510,1523,0.1388
13,1494,1507,0.1388
13,1503,1516,0.1388
13,1505,1518,0.1388
12,1502,1514,0.1388
12,1494,1506,0.1388
12,1499,1511,0.1388
12,1511,1523,0.1388
12,1509,1521,0.1388
11,1502,1513,0.1388
12,1500,1512,0.1388
11,1511,1522,0.1388
11,1511,1522,0.1388
11,1502,1513,0.1388
12,1495,1507,0.1388
13,1503,1516,0.1388
13,1496,1509,0.1388
12,1491,1503,0.1388
12,1490,1502,0.1388
12,1485,1497,0.1388
12,1487,1499,0.1388
10,1514,1524,0.1388
11,1516,1527,0.1388
10,1509,1519,0.1388
10,1511,1521,0.1388
11,1511,1522,0.1388
11,1511,1522,0.1388
11,1506,1517,0.1388
12,1511,1523,0.1388
13,1513,1526,0.1388
13,1492,1505,0.1388
12,1492,1504,0.1388
11,1501,1512,0.1388
11,1510,1521,0.1388
11,1508,1519,0.1388
11,1500,1511,0.1388
11,1496,1507,0.1388
13,1484,1497,0.1388
13,1498,1511,0.1388
13,1497,1510,0.1388
13,1495,1508,0.1388
12,1505,1517,0.1388
12,1506,1518,0.1388
12,1506,1518,0.1388
12,1507,1519,0.1388
12,1505,1517,0.1388
9,1516,1525,0.1388
11,1512,1523,0.1388
12,1497,1509,0.1388
12,1501,1513,0.1388
12,1498,1510,0.1388
12,1497,1509,0.1388
13,1488,1501,0.1388
14,1491,1505,0.1388
14,1486,1500,0.1388
12,1491,1503,0.1388
11,1507,1518,0.1388
11,1515,1526,0.1388
11,1508,1519,0.1388
10,1499,1509,0.1388
9,1494,1503,0.1388
9,1492,1501,0.1388
11,1494,1505,0.1388
11,1506,1517,0.1388
11,1505,1516,0.1388
10,1510,1520,0.1388
10,1506,1516,0.1388
11,1509,1520,0.1388
11,1506,1517,0.1388
11,1494,1505,0.1388
11,1500,1511,0.1388
11,1497,1508,0.1388
10,1506,1516,0.1388
9,1497,1506,0.1388
10,1504,1514,0.1388
10,1520,1530,0.1388
10,1514,1524,0.1388
10,1508,1518,0.1388
10,1503,1513,0.1388
10,1497,1507,0.1388
10,1496,1506,0.1388
10,1495,1505,0.1388
9,1500,1509,0.1388
9,1498,1507,0.1388
10,1509,1519,0.1388
10,1511,1521,0.1388
9,1511,1520,0.1388
9,1514,1523,0.1388
8,1531,1539,0.1388
8,1524,1532,0.1388
8,1524,1532,0.1388
8,1524,1532,0.1388
8,1513,1521,0.1388
8,1507,1515,0.1388
8,1501,1509,0.1388
8,1503,1511,0.1388
8,1516,1524,0.1388
8,1525,1533,0.1388
8,1517,1525,0.1388
8,1516,1524,0.1388
7,1521,1528,0.1388
8,1520,1528,0.1388
7,1512,1519,0.1388
8,1518,1526,0.1388
8,1527,1535,0.1388
8,1515,1523,0.1388
8,1511,1519,0.1388
8,1510,1518,0.1388
8,1495,1503,0.1388
8,1509,1517,0.1388
8,1525,1533,0.1388
8,1528,1536,0.1388
7,1522,1529,0.1388
8,1528,1536,0.1388
8,1517,1525,0.1388
8,1515,1523,0.1388
8,1514,1522,0.1388
8,1509,1517,0.1388
8,1517,1525,0.1388
8,1522,1530,0.1388
8,1520,1528,0.1388
8,1508,1516,0.1388
8,1514,1522,0.1388
8,1508,1516,0.1388
7,1510,1517,0.1388
7,1503,1510,0.1388
6,1500,1506,0.1388
6,1508,1514,0.1388
6,1504,1510,0.1388
6,1518,1524,0.1388
5,1518,1523,0.1388
5,1501,1506,0.1388
5,1507,1512,0.1388
4,1508,1512,0.1388
4,1502,1506,0.1388
4,1499,1503,0.1388
3,1497,1500,0.1388
4,1515,1519,0.1388
4,1509,1513,0.1388
2,1523,1525,0.1388
2,1523,1525,0.1388
2,1532,1534,0.1388
2,1521,1523,0.1388
2,1518,1520,0.1388
3,1504,1507,0.1388
4,1508,1512,0.1388
4,1500,1504,0.1388
4,1507,1511,0.1388
4,1508,1512,0.1388
3,1501,1504,0.1388
2,1505,1507,0.1388
2,1504,1506,0.1388
2,1515,1517,0.1388
2,1517,1519,0.1388
2,1524,1526,0.1388
2,1522,1524,0.1388
2,1510,1512,0.1388
2,1516,1518,0.1388
2,1525,1527,0.1388
2,1520,1522,0.1388
2,1506,1508,0.1388
2,1504,1506,0.1388
3,1499,1502,0.1388
3,1504,1507,0.1388
3,1503,1506,0.1388
3,1511,1514,0.1388
2,1527,1529,0.1388
2,1516,1518,0.1388
2,1512,1514,0.1388
2,1519,1521,0.1388
2,1517,1519,0.1388
2,1510,1512,0.1388
2,1523,1525,0.1388
2,1527,1529,0.1388
3,1521,1524,0.1388
3,1516,1519,0.1388
3,1515,1518,0.1388
3,1514,1517,0.1388
3,1502,1505,0.1388
3,1497,1500,0.1388
3,1504,1507,0.1388
3,1507,1510,0.1388
3,1519,1522,0.1388
3,1522,1525,0.1388
3,1513,1516,0.1388
3,1530,1533,0.1388
3,1513,1516,0.1388
3,1496,1499,0.1388
3,1517,1520,0.1388
4,1516,1520,0.1388
2,1515,1517,0.1388
2,1518,1520,0.1388
2,1520,1522,0.1388
2,1519,1521,0.1388
2,1517,1519,0.1388
2,1517,1519,0.1388
2,1519,1521,0.1388
2,1530,1532,0.1388
2,1526,1528,0.1388
2,1535,1537,0.1388
2,1529,1531,0.1388
2,1512,1514,0.1388
2,1524,1526,0.1388
2,1521,1523,0.1388
2,1519,1521,0.1388
2,1517,1519,0.1388
2,1518,1520,0.1388
1,1515,1516,0.1388
1,1499,1500,0.1388
1,1501,1502,0.1388
1,1502,1503,0.1388
1,1511,1512,0.1388
1,1509,1510,0.1388
1,1525,1526,0.1388
1,1523,1524,0.1388
1,1516,1517,0.1388
1,1500,1501,0.1388
1,1493,1494,0.1388
1,1508,1509,0.1388
1,1492,1493,0.1388
1,1510,1511,0.1388
1,1519,1520,0.1388
1,1516,1517,0.1388
1,1517,1518,0.1388
1,1500,1501,0.1388
1,1486,1487,0.1388
1,1492,1493,0.1388
1,1497,1498,0.1388
1,1516,1517,0.1388
1,1511,1512,0.1388
1,1519,1520,0.1388
1,1518,1519,0.1388
1,1509,1510,0.1388
1,1527,1528,0.1388
1,1525,1526,0.1388
1,1526,1527,0.1388
1,1518,1519,0.1388
1,1514,1515,0.1388
1,1513,1514,0.1388
1,1512,1513,0.1388
1,1524,1525,0.1388
1,1524,1525,0.1388
1,1516,1517,0.1388
1,1515,1516,0.1388
1,1525,1526,0.1388
1,1521,1522,0.1388
1,1516,1517,0.1388
1,1514,1515,0.1388
1,1520,1521,0.1388
1,1517,1518,0.1388
1,1533,1534,0.1388
1,1515,1516,0.1388
1,1511,1512,0.1388
1,1508,1509,0.1388
1,1519,1520,0.1388
1,1513,1514,0.1388
1,1513,1514,0.1388
1,1511,1512,0.1388
1,1498,1499,0.1388
2,1499,1501,0.1388
2,1507,1509,0.1388
2,1506,1508,0.1388
2,1505,1507,0.1388
2,1495,1497,0.1388
2,1506,1508,0.1388
2,1505,1507,0.1388
2,1510,1512,0.1388
2,1514,1516,0.1388
2,1517,1519,0.1388
2,1520,1522,0.1388
2,1535,1537,0.1388
2,1520,1522,0.1388
2,1516,1518,0.1388
2,1527,1529,0.1388
2,1521,1523,0.1388
2,1530,1532,0.1388
2,1522,1524,0.1388
2,1521,1523,0.1388
2,1509,1511,0.1388
2,1527,1529,0.1388
2,1512,1514,0.1388
2,1510,1512,0.1388
2,1508,1510,0.1388
2,1505,1507,0.1388
2,1506,1508,0.1388
2,1503,1505,0.1388
2,1515,1517,0.1388
2,1524,1526,0.1388
2,1525,1527,0.1388
2,1525,1527,0.1388
2,1498,1500,0.1388
2,1507,1509,0.1388
2,1519,1521,0.1388
2,1516,1518,0.1388
2,1507,1509,0.1388
2,1508,1510,0.1388
1,1524,1525,0.1388
1,1519,1520,0.1388
1,1507,1508,0.1388
1,1514,1515,0.1388
1,1519,1520,0.1388
1,1511,1512,0.1388
1,1500,1501,0.1388
1,1502,1503,0.1388
1,1507,1508,0.1388
1,1501,1502,0.1388
1,1507,1508,0.1388
1,1496,1497,0.1388
1,1506,1507,0.1388
1,1508,1509,0.1388
1,1506,1507,0.1388
1,1514,1515,0.1388
1,1520,1521,0.1388
1,1520,1521,0.1388
1,1518,1519,0.1388
1,1505,1506,0.1388
1,1508,1509,0.1388
1,1503,1504,0.1388
1,1507,1508,0.1388
1,1515,1516,0.1388
1,1520,1521,0.1388
1,1520,1521,0.1388
1,1522,1523,0.1388
1,1510,1511,0.1388
1,1499,1500,0.1388
1,1495,1496,0.1388
1,1503,1504,0.1388
1,1492,1493,0.1388
1,1498,1499,0.1388
1,1496,1497,0.1388
1,1500,1501,0.1388
1,1503,1504,0.1388
1,1510,1511,0.1388
1,1532,1533,0.1388
1,1519,1520,0.1388
1,1521,1522,0.1388
1,1515,1516,0.1388
1,1516,1517,0.1388
1,1526,1527,0.1388
1,1517,1518,0.1388
1,1516,1517,0.1388
1,1529,1530,0.1388
1,1508,1509,0.1388
1,1510,1511,0.1388
1,1513,1514,0.1388
1,1524,1525,0.1388
1,1520,1521,0.1388
1,1515,1516,0.1388
1,1513,1514,0.1388
1,1507,1508,0.1388
1,1509,1510,0.1388
1,1520,1521,0.1388
1,1524,1525,0.1388
1,1514,1515,0.1388
1,1501,1502,0.1388
2,1519,1521,0.1388
2,1509,1511,0.1388
2,1524,1526,0.1388
2,1526,1528,0.1388
2,1509,1511,0.1388
2,1511,1513,0.1388
2,1519,1521,0.1388
2,1525,1527,0.1388
2,1541,1543,0.1388
2,1535,1537,0.1388
2,1527,1529,0.1388
2,1534,1536,0.1388
2,1528,1530,0.1388
2,1524,1526,0.1388
2,1527,1529,0.1388
2,1527,1529,0.1388
2,1516,1518,0.1388
2,1523,1525,0.1388
2,1525,1527,0.1388
2,1506,1508,0.1388
2,1501,1503,0.1388
2,1512,1514,0.1388
1,1507,1508,0.1388
1,1517,1518,0.1388
2,1509,1511,0.1388
2,1528,1530,0.1388
2,1525,1527,0.1388
3,1518,1521,0.1388
3,1521,1524,0.1388
3,1512,1515,0.1388
3,1525,1528,0.1388
2,1520,1522,0.1388
2,1514,1516,0.1388
2,1508,1510,0.1388
2,1515,1517,0.1388
2,1531,1533,0.1388
2,1531,1533,0.1388
2,1525,1527,0.1388
2,1516,1518,0.1388
2,1504,1506,0.1388
2,1507,1509,0.1388
2,1506,1508,0.1388
2,1514,1516,0.1388
1,1526,1527,0.1388
1,1511,1512,0.1388
1,1519,1520,0.1388
1,1521,1522,0.1388
1,1515,1516,0.1388
1,1509,1510,0.1388
1,1507,1508,0.1388
0,1508,1508,0.1388
