1380,27,1407,0.1388
1395,28,1423,0.1388
1412,29,1441,0.1388
1420,31,1451,0.1388
1429,33,1462,0.1388
1444,32,1476,0.1388
1436,33,1469,0.1388
1437,37,1474,0.1388
1427,38,1465,0.1388
1440,38,1478,0.1388
1430,41,1471,0.1388
1435,46,1481,0.1388
1431,46,1477,0.1388
1440,47,1487,0.1388
1439,48,1487,0.1388
1439,49,1488,0.1388
1435,47,1482,0.1388
1434,46,1480,0.1388
1446,48,1494,0.1388
1447,48,1495,0.1388
1441,47,1488,0.1388
1457,47,1504,0.1388
1459,47,1506,0.1388
1458,46,1504,0.1388
1456,45,1501,0.1388
1469,44,1513,0.1388
1448,44,1492,0.1388
1439,45,1484,0.1388
1427,47,1474,0.1388
1433,48,1481,0.1388
1438,49,1487,0.1388
1447,49,1496,0.1388
1442,49,1491,0.1388
1449,48,1497,0.1388
1459,48,1507,0.1388
1463,48,1511,0.1388
1467,48,1515,0.1388
1467,48,1515,0.1388
1463,48,1511,0.1388
1452,48,1500,0.1388
1461,46,1507,0.1388
1446,46,1492,0.1388
1442,46,1488,0.1388
1443,46,1489,0.1388
1454,42,1496,0.1388
1454,45,1499,0.1388
1447,47,1494,0.1388
1468,47,1515,0.1388
1463,46,1509,0.1388
1460,49,1509,0.1388
1447,48,1495,0.1388
1443,50,1493,0.1388
1429,47,1476,0.1388
1434,45,1479,0.1388
1433,47,1480,0.1388
1443,47,1490,0.1388
1443,47,1490,0.1388
1447,45,1492,0.1388
1456,49,1505,0.1388
1444,50,1494,0.1388
1431,50,1481,0.1388
1426,51,1477,0.1388
1426,49,1475,0.1388
1425,49,1474,0.1388
1427,49,1476,0.1388
1427,49,1476,0.1388
1426,49,1475,0.1388
1419,47,1466,0.1388
1437,46,1483,0.1388
1442,47,1489,0.1388
1450,47,1497,0.1388
1446,48,1494,0.1388
1441,49,1490,0.1388
1450,51,1501,0.1388
1452,52,1504,0.1388
1454,52,1506,0.1388
1454,51,1505,0.1388
1455,50,1505,0.1388
1448,50,1498,0.1388
1446,48,1494,0.1388
1452,49,1501,0.1388
1452,49,1501,0.1388
1444,50,1494,0.1388
1432,49,1481,0.1388
1452,51,1503,0.1388
1458,52,1510,0.1388
1435,52,1487,0.1388
1443,51,1494,0.1388
1428,51,1479,0.1388
1449,52,1501,0.1388
1446,54,1500,0.1388
1454,52,1506,0.1388
1441,51,1492,0.1388
1447,51,1498,0.1388
1435,46,1481,0.1388
1434,47,1481,0.1388
1424,45,1469,0.1388
1441,47,1488,0.1388
1422,49,1471,0.1388
1438,48,1486,0.1388
1434,48,1482,0.1388
1429,48,1477,0.1388
1428,48,1476,0.1388
1442,50,1492,0.1388
1449,51,1500,0.1388
1444,52,1496,0.1388
1443,55,1498,0.1388
1438,53,1491,0.1388
1419,55,1474,0.1388
1429,59,1488,0.1388
1431,61,1492,0.1388
1427,61,1488,0.1388
1432,61,1493,0.1388
1442,61,1503,0.1388
1448,61,1509,0.1388
1445,62,1507,0.1388
1457,64,1521,0.1388
1452,62,1514,0.1388
1445,62,1507,0.1388
1447,62,1509,0.1388
1439,66,1505,0.1388
1443,65,1508,0.1388
1425,61,1486,0.1388
1432,61,1493,0.1388
1440,62,1502,0.1388
1425,63,1488,0.1388
1430,64,1494,0.1388
1433,64,1497,0.1388
1420,65,1485,0.1388
1422,66,1488,0.1388
1426,67,1493,0.1388
1425,66,1491,0.1388
1416,68,1484,0.1388
1418,72,1490,0.1388
1412,74,1486,0.1388
1408,75,1483,0.1388
1404,74,1478,0.1388
1404,72,1476,0.1388
1393,75,1468,0.1388
1405,76,1481,0.1388
1406,77,1483,0.1388
1420,77,1497,0.1388
1424,72,1496,0.1388
1428,73,1501,0.1388
1431,77,1508,0.1388
1434,78,1512,0.1388
1427,79,1506,0.1388
1411,79,1490,0.1388
1413,78,1491,0.1388
1409,78,1487,0.1388
1418,81,1499,0.1388
1418,82,1500,0.1388
1408,84,1492,0.1388
1415,80,1495,0.1388
1415,80,1495,0.1388
1416,83,1499,0.1388
1407,85,1492,0.1388
1413,84,1497,0.1388
1418,80,1498,0.1388
1408,80,1488,0.1388
1413,82,1495,0.1388
1402,84,1486,0.1388
1415,85,1500,0.1388
1412,85,1497,0.1388
1417,86,1503,0.1388
1426,85,1511,0.1388
1421,86,1507,0.1388
1413,90,1503,0.1388
1424,90,1514,0.1388
1416,90,1506,0.1388
1400,91,1491,0.1388
1399,89,1488,0.1388
1410,92,1502,0.1388
1412,90,1502,0.1388
1410,92,1502,0.1388
1402,95,1497,0.1388
1395,98,1493,0.1388
1403,96,1499,0.1388
1394,98,1492,0.1388
1385,97,1482,0.1388
1394,95,1489,0.1388
1396,98,1494,0.1388
1387,98,1485,0.1388
1400,97,1497,0.1388
1398,99,1497,0.1388
1392,99,1491,0.1388
1382,104,1486,0.1388
1375,103,1478,0.1388
1386,102,1488,0.1388
1390,101,1491,0.1388
1388,101,1489,0.1388
1380,102,1482,0.1388
1387,101,1488,0.1388
1380,100,1480,0.1388
1387,100,1487,0.1388
1368,107,1475,0.1388
1368,107,1475,0.1388
1368,109,1477,0.1388
1372,112,1484,0.1388
1378,110,1488,0.1388
1366,108,1474,0.1388
1364,106,1470,0.1388
1367,109,1476,0.1388
1376,107,1483,0.1388
1376,105,1481,0.1388
1374,108,1482,0.1388
1373,105,1478,0.1388
1374,106,1480,0.1388
1374,107,1481,0.1388
1373,114,1487,0.1388
1386,114,1500,0.1388
1384,116,1500,0.1388
1390,115,1505,0.1388
1375,115,1490,0.1388
1385,115,1500,0.1388
1386,114,1500,0.1388
1394,113,1507,0.1388
1395,114,1509,0.1388
1381,110,1491,0.1388
1384,107,1491,0.1388
1375,111,1486,0.1388
1374,111,1485,0.1388
1382,112,1494,0.1388
1385,114,1499,0.1388
1377,110,1487,0.1388
1375,109,1484,0.1388
1373,104,1477,0.1388
1387,102,1489,0.1388
1382,108,1490,0.1388
1375,106,1481,0.1388
1373,109,1482,0.1388
1379,108,1487,0.1388
1382,111,1493,0.1388
1379,110,1489,0.1388
1379,115,1494,0.1388
1373,118,1491,0.1388
1367,119,1486,0.1388
1382,120,1502,0.1388
1392,118,1510,0.1388
1380,115,1495,0.1388
1387,114,1501,0.1388
1394,113,1507,0.1388
1397,113,1510,0.1388
1397,113,1510,0.1388
1388,115,1503,0.1388
1390,110,1500,0.1388
1389,110,1499,0.1388
1388,116,1504,0.1388
1397,117,1514,0.1388
1392,117,1509,0.1388
1387,119,1506,0.1388
1388,122,1510,0.1388
1382,123,1505,0.1388
1379,123,1502,0.1388
1376,118,1494,0.1388
1377,118,1495,0.1388
1370,122,1492,0.1388
1366,123,1489,0.1388
1369,122,1491,0.1388
1365,121,1486,0.1388
1373,122,1495,0.1388
1375,124,1499,0.1388
1377,124,1501,0.1388
1374,126,1500,0.1388
1378,125,1503,0.1388
1370,129,1499,0.1388
1374,129,1503,0.1388
1365,127,1492,0.1388
1372,127,1499,0.1388
1377,127,1504,0.1388
1370,129,1499,0.1388
1365,128,1493,0.1388
1365,131,1496,0.1388
1371,136,1507,0.1388
1353,135,1488,0.1388
1363,134,1497,0.1388
1359,135,1494,0.1388
1371,130,1501,0.1388
1366,131,1497,0.1388
1367,133,1500,0.1388
1374,136,1510,0.1388
1375,132,1507,0.1388
1372,132,1504,0.1388
1378,128,1506,0.1388
1375,129,1504,0.1388
1367,129,1496,0.1388
1368,131,1499,0.1388
1362,131,1493,0.1388
1372,131,1503,0.1388
1354,130,1484,0.1388
1359,136,1495,0.1388
1357,138,1495,0.1388
1364,136,1500,0.1388
1361,133,1494,0.1388
1364,135,1499,0.1388
1356,137,1493,0.1388
1359,136,1495,0.1388
1362,136,1498,0.1388
1357,136,1493,0.1388
1355,137,1492,0.1388
1362,137,1499,0.1388
1348,137,1485,0.1388
1353,139,1492,0.1388
1362,138,1500,0.1388
1360,143,1503,0.1388
1356,148,1504,0.1388
1352,148,1500,0.1388
1354,153,1507,0.1388
1350,151,1501,0.1388
1344,152,1496,0.1388
1358,154,1512,0.1388
1355,152,1507,0.1388
1338,152,1490,0.1388
1340,155,1495,0.1388
1348,159,1507,0.1388
1353,153,1506,0.1388
1360,156,1516,0.1388
1351,153,1504,0.1388
1345,159,1504,0.1388
1341,158,1499,0.1388
1326,165,1491,0.1388
1335,163,1498,0.1388
1327,167,1494,0.1388
1337,168,1505,0.1388
1321,163,1484,0.1388
1331,162,1493,0.1388
1331,159,1490,0.1388
1331,162,1493,0.1388
1331,159,1490,0.1388
1345,160,1505,0.1388
1339,161,1500,0.1388
1348,161,1509,0.1388
1348,159,1507,0.1388
1353,158,1511,0.1388
1343,161,1504,0.1388
1342,158,1500,0.1388
1334,158,1492,0.1388
1338,154,1492,0.1388
1327,162,1489,0.1388
1329,163,1492,0.1388
1339,162,1501,0.1388
1333,165,1498,0.1388
1354,164,1518,0.1388
1354,157,1511,0.1388
1342,160,1502,0.1388
1343,161,1504,0.1388
1334,157,1491,0.1388
1342,160,1502,0.1388
1332,161,1493,0.1388
1346,158,1504,0.1388
1346,160,1506,0.1388
1338,160,1498,0.1388
1328,161,1489,0.1388
1336,162,1498,0.1388
1332,163,1495,0.1388
1337,167,1504,0.1388
1347,158,1505,0.1388
1339,154,1493,0.1388
1337,158,1495,0.1388
1341,161,1502,0.1388
1333,163,1496,0.1388
1335,166,1501,0.1388
1335,167,1502,0.1388
1328,170,1498,0.1388
1328,169,1497,0.1388
1331,171,1502,0.1388
1346,170,1516,0.1388
1343,163,1506,0.1388
1348,162,1510,0.1388
1346,161,1507,0.1388
1329,161,1490,0.1388
1329,165,1494,0.1388
1326,166,1492,0.1388
1343,163,1506,0.1388
1319,167,1486,0.1388
1309,165,1474,0.1388
1314,168,1482,0.1388
1314,172,1486,0.1388
1305,176,1481,0.1388
1321,173,1494,0.1388
1320,177,1497,0.1388
1308,177,1485,0.1388
1320,174,1494,0.1388
1320,176,1496,0.1388
1318,175,1493,0.1388
1324,171,1495,0.1388
1330,162,1492,0.1388
1329,162,1491,0.1388
1325,162,1487,0.1388
1324,162,1486,0.1388
1322,163,1485,0.1388
1329,164,1493,0.1388
1329,163,1492,0.1388
1333,160,1493,0.1388
1341,161,1502,0.1388
1342,164,1506,0.1388
1347,165,1512,0.1388
1341,163,1504,0.1388
1334,164,1498,0.1388
1339,166,1505,0.1388
1347,166,1513,0.1388
1348,168,1516,0.1388
1343,169,1512,0.1388
1337,176,1513,0.1388
1324,176,1500,0.1388
1316,176,1492,0.1388
1323,178,1501,0.1388
1304,171,1475,0.1388
1304,170,1474,0.1388
1314,174,1488,0.1388
1309,176,1485,0.1388
1316,177,1493,0.1388
1331,177,1508,0.1388
1334,177,1511,0.1388
1341,176,1517,0.1388
1322,174,1496,0.1388
1313,175,1488,0.1388
1323,174,1497,0.1388
1323,170,1493,0.1388
1322,174,1496,0.1388
1322,172,1494,0.1388
1325,179,1504,0.1388
1313,180,1493,0.1388
1318,184,1502,0.1388
1321,184,1505,0.1388
1314,186,1500,0.1388
1318,186,1504,0.1388
1308,189,1497,0.1388
1311,195,1506,0.1388
1310,190,1500,0.1388
1312,186,1498,0.1388
1305,183,1488,0.1388
1304,185,1489,0.1388
1296,183,1479,0.1388
1301,183,1484,0.1388
1306,181,1487,0.1388
1311,180,1491,0.1388
1304,186,1490,0.1388
1305,187,1492,0.1388
1303,196,1499,0.1388
1289,191,1480,0.1388
1281,194,1475,0.1388
1294,195,1489,0.1388
1290,201,1491,0.1388
1288,195,1483,0.1388
1292,191,1483,0.1388
1297,197,1494,0.1388
1288,204,1492,0.1388
1278,203,1481,0.1388
1280,202,1482,0.1388
1285,205,1490,0.1388
1280,203,1483,0.1388
1287,202,1489,0.1388
1304,204,1508,0.1388
1301,195,1496,0.1388
1308,195,1503,0.1388
1293,197,1490,0.1388
1285,202,1487,0.1388
1295,203,1498,0.1388
1301,197,1498,0.1388
1297,197,1494,0.1388
1285,207,1492,0.1388
1298,206,1504,0.1388
1287,203,1490,0.1388
1296,207,1503,0.1388
1293,214,1507,0.1388
1291,216,1507,0.1388
1287,210,1497,0.1388
1290,208,1498,0.1388
1280,199,1479,0.1388
1288,201,1489,0.1388
1281,208,1489,0.1388
1289,211,1500,0.1388
1297,212,1509,0.1388
1293,217,1510,0.1388
1299,221,1520,0.1388
1299,221,1520,0.1388
1283,218,1501,0.1388
1301,222,1523,0.1388
1283,221,1504,0.1388
1282,224,1506,0.1388
1283,226,1509,0.1388
1283,221,1504,0.1388
1281,216,1497,0.1388
1291,218,1509,0.1388
1279,217,1496,0.1388
1294,214,1508,0.1388
1294,214,1508,0.1388
1295,215,1510,0.1388
1300,210,1510,0.1388
1293,209,1502,0.1388
1299,209,1508,0.1388
1296,214,1510,0.1388
1287,213,1500,0.1388
1286,215,1501,0.1388
1273,216,1489,0.1388
1262,221,1483,0.1388
1269,223,1492,0.1388
1269,226,1495,0.1388
1263,230,1493,0.1388
1275,231,1506,0.1388
1278,227,1505,0.1388
1275,226,1501,0.1388
1260,230,1490,0.1388
1259,233,1492,0.1388
1258,233,1491,0.1388
1267,237,1504,0.1388
1269,237,1506,0.1388
1259,237,1496,0.1388
1255,236,1491,0.1388
1261,239,1500,0.1388
1251,237,1488,0.1388
1253,233,1486,0.1388
1260,235,1495,0.1388
1263,234,1497,0.1388
1267,237,1504,0.1388
1259,237,1496,0.1388
1264,229,1493,0.1388
1265,234,1499,0.1388
1261,233,1494,0.1388
1259,235,1494,0.1388
1255,232,1487,0.1388
1261,234,1495,0.1388
1256,239,1495,0.1388
1251,242,1493,0.1388
1258,237,1495,0.1388
1255,233,1488,0.1388
1265,233,1498,0.1388
1260,230,1490,0.1388
1255,237,1492,0.1388
1262,235,1497,0.1388
1263,237,1500,0.1388
1251,235,1486,0.1388
1272,233,1505,0.1388
1274,239,1513,0.1388
1278,237,1515,0.1388
1286,239,1525,0.1388
1274,241,1515,0.1388
1271,239,1510,0.1388
1276,237,1513,0.1388
1261,241,1502,0.1388
1273,240,1513,0.1388
1273,238,1511,0.1388
1263,238,1501,0.1388
1267,240,1507,0.1388
1269,238,1507,0.1388
1264,238,1502,0.1388
1256,237,1493,0.1388
1251,239,1490,0.1388
1266,236,1502,0.1388
1262,240,1502,0.1388
1257,237,1494,0.1388
1263,242,1505,0.1388
1256,239,1495,0.1388
1252,238,1490,0.1388
1250,236,1486,0.1388
1255,242,1497,0.1388
1249,238,1487,0.1388
1264,239,1503,0.1388
1263,243,1506,0.1388
1261,238,1499,0.1388
1268,238,1506,0.1388
1268,238,1506,0.1388
1270,234,1504,0.1388
1272,237,1509,0.1388
1277,234,1511,0.1388
1285,236,1521,0.1388
1273,233,1506,0.1388
1271,237,1508,0.1388
1269,251,1520,0.1388
1264,249,1513,0.1388
1262,246,1508,0.1388
1268,248,1516,0.1388
1266,243,1509,0.1388
1266,242,1508,0.1388
1253,242,1495,0.1388
1259,234,1493,0.1388
1264,232,1496,0.1388
1259,236,1495,0.1388
1264,230,1494,0.1388
1272,232,1504,0.1388
1271,234,1505,0.1388
1261,236,1497,0.1388
1256,237,1493,0.1388
1254,235,1489,0.1388
1251,237,1488,0.1388
1252,238,1490,0.1388
1256,236,1492,0.1388
1258,238,1496,0.1388
1255,245,1500,0.1388
1256,246,1502,0.1388
1257,251,1508,0.1388
1262,253,1515,0.1388
1248,258,1506,0.1388
1252,253,1505,0.1388
1255,252,1507,0.1388
1258,248,1506,0.1388
1252,249,1501,0.1388
1248,252,1500,0.1388
1250,254,1504,0.1388
1246,259,1505,0.1388
1239,262,1501,0.1388
1231,264,1495,0.1388
1217,260,1477,0.1388
1231,261,1492,0.1388
1225,266,1491,0.1388
1215,261,1476,0.1388
1229,263,1492,0.1388
1233,262,1495,0.1388
1235,266,1501,0.1388
1239,261,1500,0.1388
1229,261,1490,0.1388
1229,272,1501,0.1388
1226,270,1496,0.1388
1220,277,1497,0.1388
1225,281,1506,0.1388
1231,284,1515,0.1388
1233,284,1517,0.1388
1224,283,1507,0.1388
1227,286,1513,0.1388
1223,289,1512,0.1388
1215,293,1508,0.1388
1218,295,1513,0.1388
1217,284,1501,0.1388
1226,284,1510,0.1388
1222,284,1506,0.1388
1216,289,1505,0.1388
1217,299,1516,0.1388
1195,295,1490,0.1388
1206,297,1503,0.1388
1213,292,1505,0.1388
1220,291,1511,0.1388
1200,291,1491,0.1388
1205,290,1495,0.1388
1211,290,1501,0.1388
1212,295,1507,0.1388
1208,290,1498,0.1388
1207,299,1506,0.1388
1203,300,1503,0.1388
1187,305,1492,0.1388
1186,305,1491,0.1388
1179,301,1480,0.1388
1187,301,1488,0.1388
1191,307,1498,0.1388
1184,309,1493,0.1388
1172,315,1487,0.1388
1186,311,1497,0.1388
1176,315,1491,0.1388
1182,317,1499,0.1388
1186,318,1504,0.1388
1188,316,1504,0.1388
1181,314,1495,0.1388
1196,316,1512,0.1388
1189,309,1498,0.1388
1200,316,1516,0.1388
1184,312,1496,0.1388
1182,312,1494,0.1388
1170,317,1487,0.1388
1181,321,1502,0.1388
1173,320,1493,0.1388
1170,325,1495,0.1388
1161,319,1480,0.1388
1177,324,1501,0.1388
1177,319,1496,0.1388
1171,322,1493,0.1388
1174,320,1494,0.1388
1182,323,1505,0.1388
1184,316,1500,0.1388
1178,312,1490,0.1388
1173,317,1490,0.1388
1161,319,1480,0.1388
1162,319,1481,0.1388
1163,320,1483,0.1388
1157,321,1478,0.1388
1174,328,1502,0.1388
1177,325,1502,0.1388
1171,330,1501,0.1388
1168,330,1498,0.1388
1164,329,1493,0.1388
1161,325,1486,0.1388
1165,328,1493,0.1388
1167,324,1491,0.1388
1177,322,1499,0.1388
1184,325,1509,0.1388
1183,320,1503,0.1388
1187,326,1513,0.1388
1191,325,1516,0.1388
1184,326,1510,0.1388
1180,321,1501,0.1388
1182,318,1500,0.1388
1179,313,1492,0.1388
1178,314,1492,0.1388
1169,315,1484,0.1388
1173,324,1497,0.1388
1182,321,1503,0.1388
1176,319,1495,0.1388
1171,322,1493,0.1388
1172,324,1496,0.1388
1184,326,1510,0.1388
1175,329,1504,0.1388
1175,333,1508,0.1388
1171,331,1502,0.1388
1178,329,1507,0.1388
1172,328,1500,0.1388
1163,336,1499,0.1388
1151,333,1484,0.1388
1156,335,1491,0.1388
1160,338,1498,0.1388
1160,344,1504,0.1388
1162,342,1504,0.1388
1147,341,1488,0.1388
1138,346,1484,0.1388
1150,347,1497,0.1388
1146,351,1497,0.1388
1147,351,1498,0.1388
1151,349,1500,0.1388
1145,348,1493,0.1388
1142,348,1490,0.1388
1134,356,1490,0.1388
1138,355,1493,0.1388
1143,357,1500,0.1388
1153,355,1508,0.1388
1151,349,1500,0.1388
1145,352,1497,0.1388
1148,350,1498,0.1388
1142,352,1494,0.1388
1140,356,1496,0.1388
1141,358,1499,0.1388
1142,357,1499,0.1388
1147,355,1502,0.1388
1147,355,1502,0.1388
1141,358,1499,0.1388
1124,357,1481,0.1388
1117,363,1480,0.1388
1124,366,1490,0.1388
1113,374,1487,0.1388
1109,367,1476,0.1388
1105,365,1470,0.1388
1108,364,1472,0.1388
1123,368,1491,0.1388
1127,362,1489,0.1388
1115,367,1482,0.1388
1116,374,1490,0.1388
1120,377,1497,0.1388
1114,370,1484,0.1388
1109,377,1486,0.1388
1114,385,1499,0.1388
1110,372,1482,0.1388
1116,377,1493,0.1388
1123,377,1500,0.1388
1128,371,1499,0.1388
1120,368,1488,0.1388
1121,368,1489,0.1388
1123,367,1490,0.1388
1123,366,1489,0.1388
1138,366,1504,0.1388
1138,363,1501,0.1388
1146,375,1521,0.1388
1137,383,1520,0.1388
1119,384,1503,0.1388
1110,382,1492,0.1388
1104,380,1484,0.1388
1112,381,1493,0.1388
1111,386,1497,0.1388
1105,389,1494,0.1388
1103,386,1489,0.1388
1091,386,1477,0.1388
1099,388,1487,0.1388
1100,394,1494,0.1388
1089,395,1484,0.1388
1088,402,1490,0.1388
1098,403,1501,0.1388
1094,406,1500,0.1388
1100,410,1510,0.1388
1094,410,1504,0.1388
1089,415,1504,0.1388
1090,407,1497,0.1388
1101,403,1504,0.1388
1103,409,1512,0.1388
1092,410,1502,0.1388
1092,412,1504,0.1388
1101,413,1514,0.1388
1092,413,1505,0.1388
1093,415,1508,0.1388
1092,418,1510,0.1388
1084,418,1502,0.1388
1088,421,1509,0.1388
1081,423,1504,0.1388
1074,427,1501,0.1388
1081,431,1512,0.1388
1092,422,1514,0.1388
1079,417,1496,0.1388
1082,421,1503,0.1388
1083,421,1504,0.1388
1074,416,1490,0.1388
1079,418,1497,0.1388
1073,417,1490,0.1388
1076,416,1492,0.1388
1071,428,1499,0.1388
1075,424,1499,0.1388
1069,421,1490,0.1388
1067,426,1493,0.1388
1068,430,1498,0.1388
1058,428,1486,0.1388
1060,432,1492,0.1388
1064,437,1501,0.1388
1064,430,1494,0.1388
1060,433,1493,0.1388
1062,430,1492,0.1388
1061,433,1494,0.1388
1053,431,1484,0.1388
1058,436,1494,0.1388
1064,440,1504,0.1388
1068,441,1509,0.1388
1067,444,1511,0.1388
1063,447,1510,0.1388
1058,446,1504,0.1388
1050,447,1497,0.1388
1052,450,1502,0.1388
1045,454,1499,0.1388
1047,450,1497,0.1388
1048,453,1501,0.1388
1046,445,1491,0.1388
1049,454,1503,0.1388
1044,455,1499,0.1388
1045,458,1503,0.1388
1047,463,1510,0.1388
1035,458,1493,0.1388
1039,459,1498,0.1388
1034,446,1480,0.1388
1034,449,1483,0.1388
1035,447,1482,0.1388
1032,470,1502,0.1388
1032,469,1501,0.1388
1030,463,1493,0.1388
1026,462,1488,0.1388
1032,473,1505,0.1388
1030,466,1496,0.1388
1026,465,1491,0.1388
1043,466,1509,0.1388
1037,467,1504,0.1388
1042,461,1503,0.1388
1043,456,1499,0.1388
1044,450,1494,0.1388
1042,445,1487,0.1388
1039,446,1485,0.1388
1036,447,1483,0.1388
1044,452,1496,0.1388
1047,445,1492,0.1388
1040,450,1490,0.1388
1034,448,1482,0.1388
1040,452,1492,0.1388
1039,453,1492,0.1388
1035,456,1491,0.1388
1027,459,1486,0.1388
1021,460,1481,0.1388
1030,470,1500,0.1388
1030,469,1499,0.1388
1028,462,1490,0.1388
1032,466,1498,0.1388
1036,464,1500,0.1388
1041,469,1510,0.1388
1027,475,1502,0.1388
1022,472,1494,0.1388
1026,470,1496,0.1388
1022,472,1494,0.1388
1039,472,1511,0.1388
1031,474,1505,0.1388
1031,476,1507,0.1388
1024,479,1503,0.1388
1026,481,1507,0.1388
1012,481,1493,0.1388
1017,478,1495,0.1388
1020,478,1498,0.1388
1019,484,1503,0.1388
1021,479,1500,0.1388
1015,479,1494,0.1388
1013,483,1496,0.1388
1025,480,1505,0.1388
1010,484,1494,0.1388
1015,487,1502,0.1388
1023,491,1514,0.1388
1022,489,1511,0.1388
1024,488,1512,0.1388
1017,484,1501,0.1388
1014,494,1508,0.1388
1018,485,1503,0.1388
1016,479,1495,0.1388
1021,466,1487,0.1388
1019,464,1483,0.1388
1029,461,1490,0.1388
1029,462,1491,0.1388
1033,469,1502,0.1388
1020,467,1487,0.1388
1019,474,1493,0.1388
1027,471,1498,0.1388
1030,473,1503,0.1388
1035,467,1502,0.1388
1025,472,1497,0.1388
1020,478,1498,0.1388
1031,473,1504,0.1388
1030,474,1504,0.1388
1028,476,1504,0.1388
1019,479,1498,0.1388
1010,483,1493,0.1388
1013,486,1499,0.1388
1008,484,1492,0.1388
1013,487,1500,0.1388
1021,489,1510,0.1388
1016,487,1503,0.1388
1014,482,1496,0.1388
1011,481,1492,0.1388
1012,487,1499,0.1388
1005,491,1496,0.1388
1000,499,1499,0.1388
1000,504,1504,0.1388
994,505,1499,0.1388
1003,504,1507,0.1388
993,504,1497,0.1388
1001,500,1501,0.1388
996,507,1503,0.1388
995,508,1503,0.1388
989,515,1504,0.1388
984,513,1497,0.1388
989,511,1500,0.1388
990,518,1508,0.1388
998,518,1516,0.1388
992,516,1508,0.1388
988,513,1501,0.1388
979,519,1498,0.1388
986,529,1515,0.1388
991,524,1515,0.1388
989,528,1517,0.1388
985,527,1512,0.1388
987,532,1519,0.1388
978,537,1515,0.1388
972,541,1513,0.1388
963,544,1507,0.1388
963,540,1503,0.1388
954,541,1495,0.1388
950,545,1495,0.1388
943,551,1494,0.1388
946,555,1501,0.1388
957,559,1516,0.1388
947,556,1503,0.1388
961,562,1523,0.1388
955,569,1524,0.1388
948,561,1509,0.1388
942,562,1504,0.1388
932,565,1497,0.1388
930,569,1499,0.1388
937,570,1507,0.1388
946,566,1512,0.1388
944,562,1506,0.1388
949,555,1504,0.1388
952,555,1507,0.1388
947,554,1501,0.1388
943,562,1505,0.1388
943,554,1497,0.1388
946,558,1504,0.1388
940,564,1504,0.1388
947,566,1513,0.1388
946,575,1521,0.1388
936,573,1509,0.1388
934,567,1501,0.1388
925,569,1494,0.1388
926,575,1501,0.1388
935,578,1513,0.1388
933,576,1509,0.1388
927,573,1500,0.1388
919,578,1497,0.1388
910,575,1485,0.1388
927,575,1502,0.1388
924,596,1520,0.1388
920,594,1514,0.1388
916,591,1507,0.1388
927,582,1509,0.1388
921,579,1500,0.1388
929,581,1510,0.1388
924,574,1498,0.1388
926,580,1506,0.1388
925,591,1516,0.1388
931,589,1520,0.1388
926,581,1507,0.1388
917,581,1498,0.1388
911,586,1497,0.1388
900,590,1490,0.1388
893,596,1489,0.1388
895,599,1494,0.1388
896,608,1504,0.1388
905,611,1516,0.1388
899,604,1503,0.1388
886,605,1491,0.1388
890,609,1499,0.1388
898,617,1515,0.1388
897,619,1516,0.1388
904,623,1527,0.1388
913,623,1536,0.1388
904,624,1528,0.1388
899,632,1531,0.1388
895,629,1524,0.1388
892,619,1511,0.1388
889,625,1514,0.1388
890,633,1523,0.1388
882,628,1510,0.1388
876,635,1511,0.1388
868,636,1504,0.1388
862,628,1490,0.1388
857,622,1479,0.1388
857,638,1495,0.1388
857,642,1499,0.1388
865,646,1511,0.1388
850,650,1500,0.1388
849,659,1508,0.1388
845,663,1508,0.1388
841,659,1500,0.1388
834,648,1482,0.1388
830,649,1479,0.1388
838,656,1494,0.1388
837,655,1492,0.1388
841,653,1494,0.1388
833,659,1492,0.1388
843,653,1496,0.1388
849,659,1508,0.1388
845,654,1499,0.1388
842,649,1491,0.1388
842,658,1500,0.1388
845,658,1503,0.1388
846,661,1507,0.1388
836,664,1500,0.1388
830,664,1494,0.1388
825,667,1492,0.1388
827,672,1499,0.1388
826,678,1504,0.1388
828,682,1510,0.1388
821,693,1514,0.1388
820,695,1515,0.1388
810,686,1496,0.1388
812,680,1492,0.1388
814,690,1504,0.1388
822,688,1510,0.1388
817,691,1508,0.1388
823,691,1514,0.1388
822,684,1506,0.1388
821,685,1506,0.1388
821,682,1503,0.1388
822,686,1508,0.1388
821,691,1512,0.1388
815,695,1510,0.1388
826,690,1516,0.1388
831,683,1514,0.1388
830,681,1511,0.1388
828,670,1498,0.1388
829,679,1508,0.1388
836,686,1522,0.1388
834,686,1520,0.1388
828,691,1519,0.1388
826,702,1528,0.1388
821,698,1519,0.1388
809,694,1503,0.1388
816,688,1504,0.1388
825,676,1501,0.1388
814,684,1498,0.1388
827,679,1506,0.1388
826,681,1507,0.1388
829,682,1511,0.1388
823,686,1509,0.1388
817,680,1497,0.1388
830,685,1515,0.1388
825,689,1514,0.1388
823,685,1508,0.1388
820,686,1506,0.1388
817,697,1514,0.1388
825,689,1514,0.1388
831,691,1522,0.1388
822,690,1512,0.1388
829,690,1519,0.1388
829,695,1524,0.1388
822,698,1520,0.1388
807,693,1500,0.1388
803,695,1498,0.1388
815,692,1507,0.1388
804,691,1495,0.1388
807,695,1502,0.1388
816,698,1514,0.1388
811,703,1514,0.1388
818,693,1511,0.1388
808,694,1502,0.1388
812,701,1513,0.1388
807,701,1508,0.1388
816,702,1518,0.1388
815,697,1512,0.1388
817,691,1508,0.1388
819,687,1506,0.1388
815,690,1505,0.1388
815,694,1509,0.1388
809,695,1504,0.1388
810,695,1505,0.1388
803,696,1499,0.1388
798,697,1495,0.1388
810,686,1496,0.1388
801,695,1496,0.1388
805,698,1503,0.1388
809,698,1507,0.1388
805,695,1500,0.1388
819,689,1508,0.1388
808,679,1487,0.1388
814,688,1502,0.1388
800,699,1499,0.1388
808,701,1509,0.1388
804,698,1502,0.1388
813,692,1505,0.1388
810,685,1495,0.1388
814,696,1510,0.1388
814,698,1512,0.1388
805,695,1500,0.1388
805,695,1500,0.1388
807,699,1506,0.1388
798,703,1501,0.1388
803,701,1504,0.1388
804,694,1498,0.1388
803,700,1503,0.1388
797,704,1501,0.1388
803,705,1508,0.1388
798,714,1512,0.1388
791,713,1504,0.1388
780,713,1493,0.1388
779,720,1499,0.1388
781,716,1497,0.1388
778,717,1495,0.1388
789,723,1512,0.1388
796,707,1503,0.1388
791,713,1504,0.1388
783,717,1500,0.1388
788,717,1505,0.1388
785,712,1497,0.1388
771,714,1485,0.1388
783,716,1499,0.1388
784,716,1500,0.1388
778,717,1495,0.1388
778,721,1499,0.1388
779,736,1515,0.1388
765,733,1498,0.1388
777,733,1510,0.1388
771,726,1497,0.1388
770,727,1497,0.1388
768,730,1498,0.1388
771,740,1511,0.1388
777,735,1512,0.1388
771,742,1513,0.1388
765,743,1508,0.1388
759,744,1503,0.1388
753,746,1499,0.1388
760,750,1510,0.1388
758,752,1510,0.1388
756,759,1515,0.1388
757,751,1508,0.1388
746,742,1488,0.1388
750,748,1498,0.1388
747,752,1499,0.1388
756,747,1503,0.1388
754,745,1499,0.1388
756,739,1495,0.1388
755,749,1504,0.1388
739,755,1494,0.1388
744,757,1501,0.1388
735,764,1499,0.1388
741,764,1505,0.1388
737,761,1498,0.1388
741,755,1496,0.1388
749,752,1501,0.1388
744,751,1495,0.1388
748,748,1496,0.1388
757,747,1504,0.1388
749,757,1506,0.1388
738,755,1493,0.1388
746,753,1499,0.1388
742,750,1492,0.1388
745,745,1490,0.1388
737,745,1482,0.1388
746,750,1496,0.1388
748,760,1508,0.1388
749,746,1495,0.1388
758,744,1502,0.1388
752,748,1500,0.1388
762,748,1510,0.1388
757,755,1512,0.1388
758,749,1507,0.1388
764,746,1510,0.1388
758,748,1506,0.1388
758,752,1510,0.1388
750,761,1511,0.1388
754,754,1508,0.1388
757,759,1516,0.1388
750,758,1508,0.1388
743,771,1514,0.1388
742,779,1521,0.1388
735,776,1511,0.1388
741,777,1518,0.1388
742,776,1518,0.1388
746,777,1523,0.1388
734,772,1506,0.1388
737,773,1510,0.1388
726,775,1501,0.1388
729,784,1513,0.1388
725,785,1510,0.1388
724,781,1505,0.1388
720,774,1494,0.1388
728,777,1505,0.1388
719,785,1504,0.1388
719,787,1506,0.1388
724,786,1510,0.1388
727,779,1506,0.1388
723,767,1490,0.1388
715,775,1490,0.1388
715,782,1497,0.1388
715,783,1498,0.1388
716,785,1501,0.1388
710,777,1487,0.1388
719,786,1505,0.1388
716,788,1504,0.1388
708,783,1491,0.1388
712,783,1495,0.1388
722,782,1504,0.1388
723,785,1508,0.1388
718,786,1504,0.1388
715,794,1509,0.1388
708,789,1497,0.1388
713,791,1504,0.1388
711,791,1502,0.1388
710,790,1500,0.1388
701,799,1500,0.1388
699,794,1493,0.1388
708,795,1503,0.1388
716,791,1507,0.1388
717,790,1507,0.1388
712,784,1496,0.1388
707,791,1498,0.1388
703,799,1502,0.1388
704,805,1509,0.1388
690,802,1492,0.1388
694,811,1505,0.1388
685,811,1496,0.1388
689,814,1503,0.1388
680,805,1485,0.1388
676,808,1484,0.1388
685,813,1498,0.1388
687,809,1496,0.1388
688,810,1498,0.1388
690,814,1504,0.1388
707,810,1517,0.1388
710,815,1525,0.1388
708,809,1517,0.1388
696,808,1504,0.1388
701,809,1510,0.1388
707,825,1532,0.1388
709,826,1535,0.1388
708,821,1529,0.1388
706,827,1533,0.1388
704,819,1523,0.1388
698,819,1517,0.1388
691,812,1503,0.1388
691,821,1512,0.1388
679,829,1508,0.1388
679,825,1504,0.1388
678,828,1506,0.1388
681,825,1506,0.1388
678,830,1508,0.1388
675,827,1502,0.1388
674,833,1507,0.1388
677,837,1514,0.1388
679,830,1509,0.1388
676,829,1505,0.1388
681,822,1503,0.1388
676,832,1508,0.1388
674,824,1498,0.1388
673,829,1502,0.1388
667,839,1506,0.1388
661,849,1510,0.1388
663,849,1512,0.1388
663,850,1513,0.1388
662,851,1513,0.1388
658,845,1503,0.1388
643,850,1493,0.1388
636,854,1490,0.1388
645,854,1499,0.1388
640,856,1496,0.1388
650,860,1510,0.1388
659,857,1516,0.1388
655,858,1513,0.1388
657,852,1509,0.1388
655,853,1508,0.1388
650,850,1500,0.1388
647,849,1496,0.1388
648,859,1507,0.1388
645,855,1500,0.1388
648,857,1505,0.1388
650,855,1505,0.1388
652,864,1516,0.1388
651,866,1517,0.1388
644,871,1515,0.1388
651,864,1515,0.1388
646,876,1522,0.1388
645,874,1519,0.1388
652,875,1527,0.1388
643,875,1518,0.1388
646,876,1522,0.1388
635,873,1508,0.1388
637,866,1503,0.1388
632,872,1504,0.1388
631,874,1505,0.1388
626,888,1514,0.1388
635,886,1521,0.1388
639,888,1527,0.1388
635,887,1522,0.1388
638,883,1521,0.1388
635,883,1518,0.1388
634,887,1521,0.1388
636,886,1522,0.1388
626,882,1508,0.1388
619,888,1507,0.1388
616,892,1508,0.1388
614,892,1506,0.1388
614,893,1507,0.1388
609,892,1501,0.1388
603,900,1503,0.1388
609,905,1514,0.1388
603,906,1509,0.1388
607,897,1504,0.1388
600,897,1497,0.1388
601,903,1504,0.1388
603,907,1510,0.1388
608,912,1520,0.1388
603,916,1519,0.1388
608,914,1522,0.1388
605,923,1528,0.1388
598,916,1514,0.1388
597,924,1521,0.1388
598,930,1528,0.1388
589,921,1510,0.1388
587,927,1514,0.1388
590,929,1519,0.1388
588,932,1520,0.1388
586,937,1523,0.1388
586,943,1529,0.1388
586,943,1529,0.1388
587,944,1531,0.1388
586,934,1520,0.1388
583,936,1519,0.1388
585,943,1528,0.1388
583,932,1515,0.1388
575,936,1511,0.1388
581,926,1507,0.1388
582,931,1513,0.1388
585,934,1519,0.1388
575,931,1506,0.1388
568,945,1513,0.1388
572,946,1518,0.1388
564,942,1506,0.1388
558,941,1499,0.1388
558,946,1504,0.1388
559,944,1503,0.1388
551,947,1498,0.1388
558,948,1506,0.1388
561,955,1516,0.1388
559,960,1519,0.1388
553,958,1511,0.1388
557,957,1514,0.1388
562,960,1522,0.1388
557,966,1523,0.1388
553,965,1518,0.1388
550,957,1507,0.1388
552,967,1519,0.1388
554,962,1516,0.1388
553,959,1512,0.1388
556,965,1521,0.1388
555,960,1515,0.1388
549,968,1517,0.1388
550,964,1514,0.1388
549,964,1513,0.1388
557,963,1520,0.1388
548,965,1513,0.1388
559,965,1524,0.1388
550,956,1506,0.1388
553,958,1511,0.1388
549,953,1502,0.1388
557,957,1514,0.1388
555,954,1509,0.1388
554,956,1510,0.1388
555,952,1507,0.1388
557,961,1518,0.1388
552,967,1519,0.1388
548,969,1517,0.1388
552,970,1522,0.1388
557,971,1528,0.1388
562,960,1522,0.1388
554,963,1517,0.1388
553,960,1513,0.1388
541,956,1497,0.1388
539,963,1502,0.1388
542,955,1497,0.1388
549,961,1510,0.1388
549,966,1515,0.1388
548,962,1510,0.1388
550,973,1523,0.1388
549,965,1514,0.1388
547,964,1511,0.1388
546,969,1515,0.1388
541,970,1511,0.1388
541,954,1495,0.1388
540,960,1500,0.1388
535,959,1494,0.1388
541,959,1500,0.1388
543,972,1515,0.1388
544,971,1515,0.1388
538,963,1501,0.1388
529,971,1500,0.1388
524,973,1497,0.1388
519,961,1480,0.1388
519,970,1489,0.1388
531,974,1505,0.1388
540,976,1516,0.1388
541,986,1527,0.1388
539,977,1516,0.1388
546,970,1516,0.1388
544,971,1515,0.1388
550,969,1519,0.1388
548,966,1514,0.1388
537,969,1506,0.1388
540,969,1509,0.1388
535,977,1512,0.1388
541,973,1514,0.1388
535,971,1506,0.1388
536,976,1512,0.1388
535,986,1521,0.1388
536,985,1521,0.1388
531,990,1521,0.1388
532,988,1520,0.1388
529,992,1521,0.1388
516,990,1506,0.1388
522,991,1513,0.1388
526,985,1511,0.1388
526,990,1516,0.1388
526,992,1518,0.1388
526,992,1518,0.1388
523,994,1517,0.1388
522,990,1512,0.1388
524,994,1518,0.1388
523,998,1521,0.1388
520,1002,1522,0.1388
522,993,1515,0.1388
524,997,1521,0.1388
518,995,1513,0.1388
522,987,1509,0.1388
520,986,1506,0.1388
518,982,1500,0.1388
523,985,1508,0.1388
525,988,1513,0.1388
525,984,1509,0.1388
516,995,1511,0.1388
513,991,1504,0.1388
508,992,1500,0.1388
506,996,1502,0.1388
508,990,1498,0.1388
500,998,1498,0.1388
501,990,1491,0.1388
506,990,1496,0.1388
504,992,1496,0.1388
507,1009,1516,0.1388
498,1008,1506,0.1388
497,1005,1502,0.1388
503,1012,1515,0.1388
504,1018,1522,0.1388
508,1008,1516,0.1388
499,1023,1522,0.1388
494,1030,1524,0.1388
498,1031,1529,0.1388
502,1027,1529,0.1388
493,1025,1518,0.1388
485,1009,1494,0.1388
488,1024,1512,0.1388
489,1020,1509,0.1388
487,1020,1507,0.1388
487,1028,1515,0.1388
494,1019,1513,0.1388
494,1024,1518,0.1388
496,1021,1517,0.1388
486,1029,1515,0.1388
481,1029,1510,0.1388
477,1029,1506,0.1388
473,1028,1501,0.1388
470,1028,1498,0.1388
479,1034,1513,0.1388
475,1024,1499,0.1388
477,1032,1509,0.1388
475,1033,1508,0.1388
469,1028,1497,0.1388
473,1026,1499,0.1388
475,1030,1505,0.1388
472,1022,1494,0.1388
466,1010,1476,0.1388
467,1013,1480,0.1388
467,1022,1489,0.1388
473,1034,1507,0.1388
469,1031,1500,0.1388
472,1033,1505,0.1388
469,1039,1508,0.1388
449,1042,1491,0.1388
446,1046,1492,0.1388
450,1058,1508,0.1388
450,1058,1508,0.1388
449,1057,1506,0.1388
448,1063,1511,0.1388
454,1065,1519,0.1388
459,1067,1526,0.1388
449,1074,1523,0.1388
443,1075,1518,0.1388
444,1068,1512,0.1388
443,1065,1508,0.1388
442,1065,1507,0.1388
434,1066,1500,0.1388
437,1069,1506,0.1388
441,1076,1517,0.1388
447,1084,1531,0.1388
446,1071,1517,0.1388
448,1076,1524,0.1388
451,1074,1525,0.1388
451,1059,1510,0.1388
448,1062,1510,0.1388
441,1052,1493,0.1388
443,1067,1510,0.1388
444,1056,1500,0.1388
441,1063,1504,0.1388
445,1069,1514,0.1388
445,1058,1503,0.1388
441,1049,1490,0.1388
447,1052,1499,0.1388
449,1047,1496,0.1388
448,1038,1486,0.1388
450,1049,1499,0.1388
452,1058,1510,0.1388
449,1050,1499,0.1388
447,1043,1490,0.1388
446,1066,1512,0.1388
444,1072,1516,0.1388
445,1066,1511,0.1388
442,1070,1512,0.1388
445,1058,1503,0.1388
451,1059,1510,0.1388
450,1062,1512,0.1388
442,1054,1496,0.1388
440,1064,1504,0.1388
441,1065,1506,0.1388
438,1068,1506,0.1388
448,1085,1533,0.1388
452,1070,1522,0.1388
452,1077,1529,0.1388
442,1073,1515,0.1388
443,1081,1524,0.1388
440,1085,1525,0.1388
425,1087,1512,0.1388
437,1077,1514,0.1388
433,1076,1509,0.1388
426,1081,1507,0.1388
425,1069,1494,0.1388
431,1072,1503,0.1388
420,1075,1495,0.1388
425,1073,1498,0.1388
423,1068,1491,0.1388
421,1065,1486,0.1388
417,1070,1487,0.1388
417,1070,1487,0.1388
414,1070,1484,0.1388
418,1073,1491,0.1388
412,1077,1489,0.1388
417,1086,1503,0.1388
412,1091,1503,0.1388
409,1090,1499,0.1388
407,1097,1504,0.1388
412,1103,1515,0.1388
419,1093,1512,0.1388
417,1090,1507,0.1388
413,1084,1497,0.1388
418,1089,1507,0.1388
417,1094,1511,0.1388
407,1089,1496,0.1388
409,1093,1502,0.1388
410,1092,1502,0.1388
406,1104,1510,0.1388
406,1102,1508,0.1388
406,1098,1504,0.1388
404,1105,1509,0.1388
406,1105,1511,0.1388
406,1111,1517,0.1388
401,1106,1507,0.1388
394,1114,1508,0.1388
390,1115,1505,0.1388
386,1126,1512,0.1388
381,1128,1509,0.1388
378,1134,1512,0.1388
384,1128,1512,0.1388
382,1133,1515,0.1388
381,1125,1506,0.1388
386,1127,1513,0.1388
393,1129,1522,0.1388
393,1133,1526,0.1388
385,1114,1499,0.1388
387,1104,1491,0.1388
387,1113,1500,0.1388
375,1120,1495,0.1388
381,1116,1497,0.1388
382,1132,1514,0.1388
382,1133,1515,0.1388
384,1130,1514,0.1388
377,1127,1504,0.1388
379,1129,1508,0.1388
382,1121,1503,0.1388
380,1116,1496,0.1388
381,1121,1502,0.1388
377,1129,1506,0.1388
381,1128,1509,0.1388
379,1128,1507,0.1388
375,1131,1506,0.1388
376,1131,1507,0.1388
374,1133,1507,0.1388
367,1135,1502,0.1388
369,1135,1504,0.1388
378,1127,1505,0.1388
377,1125,1502,0.1388
375,1124,1499,0.1388
374,1120,1494,0.1388
374,1120,1494,0.1388
374,1126,1500,0.1388
380,1132,1512,0.1388
381,1134,1515,0.1388
378,1132,1510,0.1388
379,1130,1509,0.1388
368,1136,1504,0.1388
375,1140,1515,0.1388
377,1147,1524,0.1388
369,1150,1519,0.1388
373,1137,1510,0.1388
373,1142,1515,0.1388
370,1136,1506,0.1388
371,1145,1516,0.1388
373,1143,1516,0.1388
362,1148,1510,0.1388
371,1147,1518,0.1388
363,1138,1501,0.1388
362,1142,1504,0.1388
364,1136,1500,0.1388
365,1148,1513,0.1388
359,1143,1502,0.1388
356,1136,1492,0.1388
359,1143,1502,0.1388
361,1139,1500,0.1388
362,1145,1507,0.1388
360,1144,1504,0.1388
352,1156,1508,0.1388
352,1164,1516,0.1388
352,1146,1498,0.1388
348,1160,1508,0.1388
344,1167,1511,0.1388
351,1166,1517,0.1388
351,1164,1515,0.1388
346,1167,1513,0.1388
347,1168,1515,0.1388
349,1161,1510,0.1388
352,1155,1507,0.1388
347,1167,1514,0.1388
355,1159,1514,0.1388
357,1148,1505,0.1388
352,1165,1517,0.1388
350,1170,1520,0.1388
344,1178,1522,0.1388
350,1177,1527,0.1388
350,1164,1514,0.1388
355,1170,1525,0.1388
354,1169,1523,0.1388
352,1160,1512,0.1388
352,1154,1506,0.1388
351,1162,1513,0.1388
353,1156,1509,0.1388
356,1154,1510,0.1388
360,1156,1516,0.1388
364,1149,1513,0.1388
366,1161,1527,0.1388
368,1164,1532,0.1388
366,1159,1525,0.1388
362,1150,1512,0.1388
357,1153,1510,0.1388
351,1153,1504,0.1388
351,1145,1496,0.1388
352,1156,1508,0.1388
356,1150,1506,0.1388
349,1146,1495,0.1388
350,1151,1501,0.1388
355,1164,1519,0.1388
362,1157,1519,0.1388
359,1152,1511,0.1388
354,1147,1501,0.1388
347,1146,1493,0.1388
350,1149,1499,0.1388
355,1145,1500,0.1388
360,1144,1504,0.1388
360,1158,1518,0.1388
363,1156,1519,0.1388
355,1143,1498,0.1388
354,1136,1490,0.1388
346,1147,1493,0.1388
340,1153,1493,0.1388
338,1146,1484,0.1388
344,1141,1485,0.1388
348,1146,1494,0.1388
348,1140,1488,0.1388
346,1134,1480,0.1388
342,1140,1482,0.1388
343,1158,1501,0.1388
336,1170,1506,0.1388
336,1181,1517,0.1388
336,1179,1515,0.1388
326,1179,1505,0.1388
333,1178,1511,0.1388
334,1178,1512,0.1388
334,1167,1501,0.1388
336,1176,1512,0.1388
345,1193,1538,0.1388
340,1180,1520,0.1388
338,1171,1509,0.1388
335,1161,1496,0.1388
338,1166,1504,0.1388
338,1154,1492,0.1388
339,1158,1497,0.1388
337,1154,1491,0.1388
336,1169,1505,0.1388
330,1173,1503,0.1388
322,1168,1490,0.1388
326,1175,1501,0.1388
332,1161,1493,0.1388
332,1178,1510,0.1388
331,1177,1508,0.1388
335,1186,1521,0.1388
326,1198,1524,0.1388
323,1192,1515,0.1388
326,1193,1519,0.1388
325,1195,1520,0.1388
327,1190,1517,0.1388
329,1182,1511,0.1388
331,1181,1512,0.1388
332,1172,1504,0.1388
326,1163,1489,0.1388
326,1163,1489,0.1388
321,1167,1488,0.1388
323,1181,1504,0.1388
323,1160,1483,0.1388
330,1150,1480,0.1388
331,1169,1500,0.1388
326,1173,1499,0.1388
330,1175,1505,0.1388
328,1178,1506,0.1388
327,1184,1511,0.1388
325,1192,1517,0.1388
324,1181,1505,0.1388
330,1180,1510,0.1388
327,1181,1508,0.1388
324,1183,1507,0.1388
325,1190,1515,0.1388
323,1201,1524,0.1388
321,1198,1519,0.1388
317,1202,1519,0.1388
308,1205,1513,0.1388
307,1211,1518,0.1388
307,1203,1510,0.1388
299,1208,1507,0.1388
302,1208,1510,0.1388
291,1202,1493,0.1388
293,1202,1495,0.1388
300,1205,1505,0.1388
305,1202,1507,0.1388
300,1222,1522,0.1388
301,1221,1522,0.1388
295,1222,1517,0.1388
294,1228,1522,0.1388
289,1228,1517,0.1388
286,1228,1514,0.1388
282,1233,1515,0.1388
285,1225,1510,0.1388
285,1226,1511,0.1388
287,1218,1505,0.1388
287,1225,1512,0.1388
284,1222,1506,0.1388
282,1223,1505,0.1388
276,1232,1508,0.1388
275,1241,1516,0.1388
276,1240,1516,0.1388
278,1239,1517,0.1388
276,1248,1524,0.1388
273,1247,1520,0.1388
275,1241,1516,0.1388
276,1242,1518,0.1388
271,1237,1508,0.1388
276,1244,1520,0.1388
269,1252,1521,0.1388
270,1254,1524,0.1388
268,1256,1524,0.1388
275,1259,1534,0.1388
277,1254,1531,0.1388
277,1256,1533,0.1388
273,1254,1527,0.1388
272,1247,1519,0.1388
268,1240,1508,0.1388
272,1236,1508,0.1388
278,1235,1513,0.1388
283,1241,1524,0.1388
285,1238,1523,0.1388
281,1239,1520,0.1388
280,1249,1529,0.1388
279,1249,1528,0.1388
282,1238,1520,0.1388
281,1233,1514,0.1388
289,1233,1522,0.1388
287,1237,1524,0.1388
283,1235,1518,0.1388
279,1214,1493,0.1388
277,1217,1494,0.1388
283,1229,1512,0.1388
287,1226,1513,0.1388
283,1236,1519,0.1388
281,1238,1519,0.1388
281,1234,1515,0.1388
281,1236,1517,0.1388
277,1235,1512,0.1388
277,1231,1508,0.1388
280,1229,1509,0.1388
277,1235,1512,0.1388
271,1241,1512,0.1388
267,1239,1506,0.1388
267,1239,1506,0.1388
266,1228,1494,0.1388
270,1224,1494,0.1388
275,1231,1506,0.1388
274,1237,1511,0.1388
270,1232,1502,0.1388
271,1245,1516,0.1388
262,1251,1513,0.1388
263,1244,1507,0.1388
261,1244,1505,0.1388
257,1256,1513,0.1388
259,1259,1518,0.1388
264,1247,1511,0.1388
267,1245,1512,0.1388
263,1247,1510,0.1388
264,1251,1515,0.1388
264,1246,1510,0.1388
255,1253,1508,0.1388
254,1254,1508,0.1388
256,1259,1515,0.1388
254,1257,1511,0.1388
256,1258,1514,0.1388
253,1258,1511,0.1388
247,1250,1497,0.1388
246,1253,1499,0.1388
252,1260,1512,0.1388
256,1269,1525,0.1388
253,1267,1520,0.1388
250,1267,1517,0.1388
251,1257,1508,0.1388
255,1255,1510,0.1388
256,1258,1514,0.1388
252,1260,1512,0.1388
252,1262,1514,0.1388
251,1258,1509,0.1388
249,1259,1508,0.1388
250,1257,1507,0.1388
252,1266,1518,0.1388
252,1258,1510,0.1388
243,1261,1504,0.1388
244,1269,1513,0.1388
247,1260,1507,0.1388
250,1268,1518,0.1388
247,1268,1515,0.1388
253,1270,1523,0.1388
251,1258,1509,0.1388
244,1255,1499,0.1388
241,1263,1504,0.1388
229,1267,1496,0.1388
231,1286,1517,0.1388
241,1278,1519,0.1388
239,1273,1512,0.1388
236,1278,1514,0.1388
234,1283,1517,0.1388
230,1283,1513,0.1388
224,1282,1506,0.1388
220,1285,1505,0.1388
212,1289,1501,0.1388
215,1288,1503,0.1388
215,1285,1500,0.1388
217,1296,1513,0.1388
217,1302,1519,0.1388
213,1289,1502,0.1388
211,1285,1496,0.1388
213,1282,1495,0.1388
210,1285,1495,0.1388
214,1284,1498,0.1388
218,1286,1504,0.1388
222,1284,1506,0.1388
224,1278,1502,0.1388
218,1297,1515,0.1388
218,1297,1515,0.1388
217,1299,1516,0.1388
218,1308,1526,0.1388
213,1303,1516,0.1388
211,1294,1505,0.1388
210,1297,1507,0.1388
214,1292,1506,0.1388
216,1283,1499,0.1388
212,1291,1503,0.1388
214,1282,1496,0.1388
215,1293,1508,0.1388
220,1304,1524,0.1388
218,1296,1514,0.1388
217,1323,1540,0.1388
216,1307,1523,0.1388
217,1314,1531,0.1388
213,1299,1512,0.1388
215,1294,1509,0.1388
218,1286,1504,0.1388
218,1284,1502,0.1388
218,1283,1501,0.1388
216,1288,1504,0.1388
215,1284,1499,0.1388
219,1288,1507,0.1388
218,1285,1503,0.1388
217,1295,1512,0.1388
219,1295,1514,0.1388
216,1306,1522,0.1388
216,1322,1538,0.1388
214,1293,1507,0.1388
215,1295,1510,0.1388
220,1300,1520,0.1388
219,1292,1511,0.1388
215,1295,1510,0.1388
212,1296,1508,0.1388
211,1290,1501,0.1388
213,1293,1506,0.1388
216,1302,1518,0.1388
213,1293,1506,0.1388
214,1291,1505,0.1388
210,1291,1501,0.1388
213,1317,1530,0.1388
211,1295,1506,0.1388
211,1300,1511,0.1388
208,1290,1498,0.1388
208,1299,1507,0.1388
210,1307,1517,0.1388
207,1295,1502,0.1388
212,1303,1515,0.1388
213,1314,1527,0.1388
212,1318,1530,0.1388
211,1310,1521,0.1388
204,1303,1507,0.1388
202,1309,1511,0.1388
202,1316,1518,0.1388
202,1318,1520,0.1388
200,1316,1516,0.1388
204,1332,1536,0.1388
204,1334,1538,0.1388
200,1319,1519,0.1388
200,1322,1522,0.1388
205,1311,1516,0.1388
205,1308,1513,0.1388
202,1314,1516,0.1388
200,1305,1505,0.1388
197,1311,1508,0.1388
201,1317,1518,0.1388
202,1324,1526,0.1388
200,1311,1511,0.1388
200,1315,1515,0.1388
200,1312,1512,0.1388
199,1311,1510,0.1388
198,1300,1498,0.1388
198,1299,1497,0.1388
198,1319,1517,0.1388
199,1332,1531,0.1388
197,1321,1518,0.1388
197,1318,1515,0.1388
193,1318,1511,0.1388
189,1324,1513,0.1388
186,1317,1503,0.1388
189,1323,1512,0.1388
187,1325,1512,0.1388
187,1321,1508,0.1388
189,1328,1517,0.1388
188,1326,1514,0.1388
187,1332,1519,0.1388
192,1330,1522,0.1388
182,1335,1517,0.1388
182,1337,1519,0.1388
182,1342,1524,0.1388
183,1340,1523,0.1388
180,1345,1525,0.1388
170,1342,1512,0.1388
169,1344,1513,0.1388
171,1345,1516,0.1388
169,1333,1502,0.1388
168,1335,1503,0.1388
168,1330,1498,0.1388
169,1335,1504,0.1388
169,1341,1510,0.1388
171,1340,1511,0.1388
173,1336,1509,0.1388
170,1341,1511,0.1388
169,1346,1515,0.1388
166,1344,1510,0.1388
170,1363,1533,0.1388
172,1341,1513,0.1388
171,1349,1520,0.1388
170,1347,1517,0.1388
169,1347,1516,0.1388
172,1349,1521,0.1388
177,1331,1508,0.1388
172,1339,1511,0.1388
176,1348,1524,0.1388
177,1341,1518,0.1388
170,1344,1514,0.1388
168,1351,1519,0.1388
170,1343,1513,0.1388
169,1343,1512,0.1388
167,1343,1510,0.1388
168,1356,1524,0.1388
166,1353,1519,0.1388
167,1352,1519,0.1388
167,1352,1519,0.1388
170,1350,1520,0.1388
174,1336,1510,0.1388
175,1332,1507,0.1388
173,1337,1510,0.1388
173,1342,1515,0.1388
174,1345,1519,0.1388
177,1344,1521,0.1388
173,1339,1512,0.1388
165,1351,1516,0.1388
163,1351,1514,0.1388
169,1348,1517,0.1388
169,1352,1521,0.1388
164,1343,1507,0.1388
162,1350,1512,0.1388
156,1358,1514,0.1388
150,1361,1511,0.1388
154,1357,1511,0.1388
159,1357,1516,0.1388
161,1355,1516,0.1388
164,1351,1515,0.1388
159,1349,1508,0.1388
161,1353,1514,0.1388
163,1340,1503,0.1388
165,1341,1506,0.1388
165,1347,1512,0.1388
163,1359,1522,0.1388
165,1358,1523,0.1388
163,1351,1514,0.1388
156,1355,1511,0.1388
157,1345,1502,0.1388
153,1362,1515,0.1388
157,1365,1522,0.1388
162,1358,1520,0.1388
161,1345,1506,0.1388
162,1346,1508,0.1388
166,1340,1506,0.1388
165,1340,1505,0.1388
162,1338,1500,0.1388
162,1345,1507,0.1388
159,1350,1509,0.1388
159,1369,1528,0.1388
152,1372,1524,0.1388
147,1355,1502,0.1388
146,1356,1502,0.1388
140,1373,1513,0.1388
145,1366,1511,0.1388
146,1359,1505,0.1388
143,1358,1501,0.1388
146,1354,1500,0.1388
151,1358,1509,0.1388
149,1362,1511,0.1388
151,1369,1520,0.1388
148,1370,1518,0.1388
144,1373,1517,0.1388
139,1369,1508,0.1388
137,1374,1511,0.1388
139,1376,1515,0.1388
136,1368,1504,0.1388
138,1368,1506,0.1388
135,1377,1512,0.1388
136,1377,1513,0.1388
136,1379,1515,0.1388
136,1380,1516,0.1388
139,1378,1517,0.1388
140,1381,1521,0.1388
140,1389,1529,0.1388
138,1390,1528,0.1388
140,1379,1519,0.1388
136,1372,1508,0.1388
137,1381,1518,0.1388
133,1377,1510,0.1388
133,1397,1530,0.1388
133,1371,1504,0.1388
132,1374,1506,0.1388
132,1389,1521,0.1388
132,1381,1513,0.1388
132,1391,1523,0.1388
128,1386,1514,0.1388
131,1380,1511,0.1388
134,1377,1511,0.1388
133,1383,1516,0.1388
128,1393,1521,0.1388
133,1393,1526,0.1388
135,1385,1520,0.1388
140,1381,1521,0.1388
140,1377,1517,0.1388
138,1377,1515,0.1388
139,1368,1507,0.1388
137,1355,1492,0.1388
135,1374,1509,0.1388
136,1389,1525,0.1388
139,1387,1526,0.1388
135,1381,1516,0.1388
133,1374,1507,0.1388
133,1363,1496,0.1388
136,1363,1499,0.1388
134,1377,1511,0.1388
132,1379,1511,0.1388
134,1375,1509,0.1388
133,1387,1520,0.1388
136,1399,1535,0.1388
135,1387,1522,0.1388
136,1389,1525,0.1388
132,1381,1513,0.1388
136,1387,1523,0.1388
137,1381,1518,0.1388
138,1383,1521,0.1388
137,1390,1527,0.1388
132,1390,1522,0.1388
133,1385,1518,0.1388
131,1377,1508,0.1388
131,1386,1517,0.1388
130,1397,1527,0.1388
126,1393,1519,0.1388
127,1409,1536,0.1388
125,1408,1533,0.1388
129,1393,1522,0.1388
131,1389,1520,0.1388
129,1378,1507,0.1388
129,1393,1522,0.1388
126,1393,1519,0.1388
120,1400,1520,0.1388
120,1395,1515,0.1388
117,1402,1519,0.1388
119,1394,1513,0.1388
116,1381,1497,0.1388
117,1366,1483,0.1388
115,1376,1491,0.1388
118,1383,1501,0.1388
118,1391,1509,0.1388
118,1401,1519,0.1388
118,1407,1525,0.1388
119,1409,1528,0.1388
118,1414,1532,0.1388
119,1411,1530,0.1388
120,1397,1517,0.1388
118,1395,1513,0.1388
115,1394,1509,0.1388
115,1403,1518,0.1388
115,1395,1510,0.1388
115,1400,1515,0.1388
118,1405,1523,0.1388
118,1411,1529,0.1388
116,1409,1525,0.1388
113,1407,1520,0.1388
113,1410,1523,0.1388
118,1392,1510,0.1388
118,1401,1519,0.1388
116,1396,1512,0.1388
116,1388,1504,0.1388
114,1376,1490,0.1388
113,1391,1504,0.1388
114,1401,1515,0.1388
114,1381,1495,0.1388
115,1392,1507,0.1388
116,1406,1522,0.1388
117,1394,1511,0.1388
116,1395,1511,0.1388
115,1386,1501,0.1388
119,1385,1504,0.1388
121,1395,1516,0.1388
120,1404,1524,0.1388
121,1385,1506,0.1388
120,1385,1505,0.1388
119,1389,1508,0.1388
119,1384,1503,0.1388
121,1381,1502,0.1388
118,1376,1494,0.1388
119,1397,1516,0.1388
121,1384,1505,0.1388
124,1369,1493,0.1388
127,1385,1512,0.1388
127,1382,1509,0.1388
124,1382,1506,0.1388
126,1387,1513,0.1388
120,1393,1513,0.1388
127,1396,1523,0.1388
127,1388,1515,0.1388
129,1396,1525,0.1388
126,1402,1528,0.1388
127,1396,1523,0.1388
127,1399,1526,0.1388
128,1388,1516,0.1388
128,1382,1510,0.1388
127,1393,1520,0.1388
124,1384,1508,0.1388
124,1396,1520,0.1388
124,1382,1506,0.1388
122,1383,1505,0.1388
120,1380,1500,0.1388
123,1384,1507,0.1388
125,1398,1523,0.1388
126,1400,1526,0.1388
128,1386,1514,0.1388
126,1373,1499,0.1388
123,1382,1505,0.1388
123,1386,1509,0.1388
123,1387,1510,0.1388
120,1384,1504,0.1388
120,1386,1506,0.1388
120,1394,1514,0.1388
122,1391,1513,0.1388
122,1384,1506,0.1388
123,1371,1494,0.1388
115,1374,1489,0.1388
117,1384,1501,0.1388
119,1371,1490,0.1388
118,1374,1492,0.1388
118,1377,1495,0.1388
120,1382,1502,0.1388
122,1371,1493,0.1388
120,1375,1495,0.1388
117,1388,1505,0.1388
118,1396,1514,0.1388
117,1405,1522,0.1388
116,1398,1514,0.1388
111,1392,1503,0.1388
114,1397,1511,0.1388
114,1394,1508,0.1388
116,1384,1500,0.1388
114,1396,1510,0.1388
113,1404,1517,0.1388
113,1393,1506,0.1388
109,1404,1513,0.1388
107,1402,1509,0.1388
112,1404,1516,0.1388
114,1412,1526,0.1388
112,1403,1515,0.1388
115,1401,1516,0.1388
115,1411,1526,0.1388
113,1407,1520,0.1388
113,1421,1534,0.1388
110,1426,1536,0.1388
107,1416,1523,0.1388
105,1420,1525,0.1388
103,1403,1506,0.1388
105,1409,1514,0.1388
104,1417,1521,0.1388
104,1412,1516,0.1388
104,1404,1508,0.1388
102,1408,1510,0.1388
101,1401,1502,0.1388
98,1385,1483,0.1388
99,1386,1485,0.1388
100,1404,1504,0.1388
101,1404,1505,0.1388
100,1410,1510,0.1388
100,1417,1517,0.1388
103,1416,1519,0.1388
101,1412,1513,0.1388
102,1407,1509,0.1388
102,1410,1512,0.1388
105,1413,1518,0.1388
101,1398,1499,0.1388
103,1391,1494,0.1388
103,1406,1509,0.1388
104,1409,1513,0.1388
105,1419,1524,0.1388
105,1432,1537,0.1388
100,1424,1524,0.1388
97,1424,1521,0.1388
99,1417,1516,0.1388
96,1419,1515,0.1388
92,1419,1511,0.1388
95,1416,1511,0.1388
93,1421,1514,0.1388
98,1423,1521,0.1388
98,1415,1513,0.1388
95,1429,1524,0.1388
97,1419,1516,0.1388
97,1424,1521,0.1388
96,1426,1522,0.1388
94,1429,1523,0.1388
98,1411,1509,0.1388
100,1414,1514,0.1388
100,1424,1524,0.1388
98,1428,1526,0.1388
98,1428,1526,0.1388
96,1418,1514,0.1388
99,1416,1515,0.1388
98,1421,1519,0.1388
97,1405,1502,0.1388
96,1423,1519,0.1388
97,1421,1518,0.1388
93,1426,1519,0.1388
97,1421,1518,0.1388
89,1429,1518,0.1388
89,1425,1514,0.1388
90,1437,1527,0.1388
93,1432,1525,0.1388
92,1425,1517,0.1388
93,1421,1514,0.1388
90,1429,1519,0.1388
91,1424,1515,0.1388
93,1429,1522,0.1388
92,1433,1525,0.1388
96,1427,1523,0.1388
97,1424,1521,0.1388
98,1419,1517,0.1388
96,1417,1513,0.1388
96,1429,1525,0.1388
97,1428,1525,0.1388
101,1429,1530,0.1388
96,1409,1505,0.1388
94,1412,1506,0.1388
97,1416,1513,0.1388
97,1421,1518,0.1388
94,1400,1494,0.1388
93,1417,1510,0.1388
94,1417,1511,0.1388
94,1412,1506,0.1388
93,1414,1507,0.1388
94,1414,1508,0.1388
95,1416,1511,0.1388
93,1413,1506,0.1388
93,1421,1514,0.1388
95,1423,1518,0.1388
93,1432,1525,0.1388
89,1424,1513,0.1388
89,1406,1495,0.1388
90,1417,1507,0.1388
87,1423,1510,0.1388
84,1415,1499,0.1388
82,1417,1499,0.1388
85,1410,1495,0.1388
85,1415,1500,0.1388
87,1427,1514,0.1388
85,1425,1510,0.1388
82,1419,1501,0.1388
85,1426,1511,0.1388
87,1417,1504,0.1388
86,1432,1518,0.1388
84,1434,1518,0.1388
85,1435,1520,0.1388
82,1428,1510,0.1388
82,1424,1506,0.1388
81,1419,1500,0.1388
80,1420,1500,0.1388
81,1424,1505,0.1388
80,1428,1508,0.1388
79,1427,1506,0.1388
79,1433,1512,0.1388
77,1424,1501,0.1388
75,1429,1504,0.1388
74,1427,1501,0.1388
72,1425,1497,0.1388
75,1435,1510,0.1388
74,1450,1524,0.1388
72,1442,1514,0.1388
72,1451,1523,0.1388
73,1443,1516,0.1388
73,1449,1522,0.1388
72,1447,1519,0.1388
70,1431,1501,0.1388
70,1444,1514,0.1388
67,1453,1520,0.1388
67,1455,1522,0.1388
68,1470,1538,0.1388
68,1458,1526,0.1388
69,1458,1527,0.1388
68,1443,1511,0.1388
67,1438,1505,0.1388
69,1433,1502,0.1388
73,1443,1516,0.1388
73,1442,1515,0.1388
73,1430,1503,0.1388
75,1440,1515,0.1388
75,1436,1511,0.1388
72,1446,1518,0.1388
73,1432,1505,0.1388
74,1444,1518,0.1388
77,1431,1508,0.1388
78,1446,1524,0.1388
77,1442,1519,0.1388
74,1443,1517,0.1388
75,1452,1527,0.1388
77,1456,1533,0.1388
76,1452,1528,0.1388
80,1450,1530,0.1388
80,1446,1526,0.1388
79,1445,1524,0.1388
79,1448,1527,0.1388
78,1447,1525,0.1388
80,1428,1508,0.1388
79,1420,1499,0.1388
81,1415,1496,0.1388
79,1428,1507,0.1388
80,1437,1517,0.1388
80,1452,1532,0.1388
79,1446,1525,0.1388
75,1436,1511,0.1388
79,1453,1532,0.1388
80,1447,1527,0.1388
78,1445,1523,0.1388
80,1441,1521,0.1388
79,1449,1528,0.1388
78,1452,1530,0.1388
78,1451,1529,0.1388
77,1448,1525,0.1388
76,1448,1524,0.1388
79,1437,1516,0.1388
80,1440,1520,0.1388
78,1438,1516,0.1388
79,1441,1520,0.1388
77,1436,1513,0.1388
77,1428,1505,0.1388
73,1441,1514,0.1388
71,1445,1516,0.1388
72,1449,1521,0.1388
69,1446,1515,0.1388
73,1434,1507,0.1388
72,1446,1518,0.1388
69,1453,1522,0.1388
70,1443,1513,0.1388
68,1426,1494,0.1388
65,1442,1507,0.1388
67,1448,1515,0.1388
66,1433,1499,0.1388
64,1436,1500,0.1388
65,1437,1502,0.1388
65,1444,1509,0.1388
66,1446,1512,0.1388
65,1459,1524,0.1388
64,1448,1512,0.1388
69,1438,1507,0.1388
70,1431,1501,0.1388
71,1441,1512,0.1388
69,1459,1528,0.1388
71,1450,1521,0.1388
72,1441,1513,0.1388
70,1457,1527,0.1388
69,1444,1513,0.1388
69,1456,1525,0.1388
69,1443,1512,0.1388
69,1446,1515,0.1388
71,1443,1514,0.1388
67,1438,1505,0.1388
64,1448,1512,0.1388
63,1451,1514,0.1388
65,1448,1513,0.1388
66,1450,1516,0.1388
63,1445,1508,0.1388
64,1447,1511,0.1388
64,1436,1500,0.1388
64,1456,1520,0.1388
66,1445,1511,0.1388
64,1444,1508,0.1388
62,1450,1512,0.1388
63,1453,1516,0.1388
59,1456,1515,0.1388
62,1445,1507,0.1388
63,1450,1513,0.1388
65,1444,1509,0.1388
66,1454,1520,0.1388
66,1444,1510,0.1388
67,1449,1516,0.1388
66,1461,1527,0.1388
67,1466,1533,0.1388
66,1465,1531,0.1388
69,1449,1518,0.1388
66,1450,1516,0.1388
65,1445,1510,0.1388
67,1444,1511,0.1388
67,1450,1517,0.1388
63,1451,1514,0.1388
62,1446,1508,0.1388
62,1449,1511,0.1388
61,1446,1507,0.1388
62,1452,1514,0.1388
61,1467,1528,0.1388
60,1465,1525,0.1388
57,1481,1538,0.1388
57,1474,1531,0.1388
56,1472,1528,0.1388
56,1462,1518,0.1388
56,1459,1515,0.1388
58,1458,1516,0.1388
56,1448,1504,0.1388
56,1451,1507,0.1388
56,1466,1522,0.1388
54,1461,1515,0.1388
55,1449,1504,0.1388
56,1453,1509,0.1388
58,1462,1520,0.1388
57,1457,1514,0.1388
56,1461,1517,0.1388
57,1465,1522,0.1388
59,1466,1525,0.1388
61,1465,1526,0.1388
59,1468,1527,0.1388
59,1443,1502,0.1388
58,1435,1493,0.1388
58,1445,1503,0.1388
61,1450,1511,0.1388
59,1440,1499,0.1388
58,1445,1503,0.1388
56,1458,1514,0.1388
53,1476,1529,0.1388
53,1482,1535,0.1388
53,1476,1529,0.1388
50,1469,1519,0.1388
49,1468,1517,0.1388
49,1473,1522,0.1388
50,1464,1514,0.1388
53,1474,1527,0.1388
51,1475,1526,0.1388
51,1465,1516,0.1388
47,1461,1508,0.1388
45,1465,1510,0.1388
44,1483,1527,0.1388
45,1478,1523,0.1388
45,1474,1519,0.1388
42,1463,1505,0.1388
43,1460,1503,0.1388
44,1464,1508,0.1388
44,1467,1511,0.1388
43,1465,1508,0.1388
45,1475,1520,0.1388
44,1483,1527,0.1388
48,1482,1530,0.1388
49,1480,1529,0.1388
48,1460,1508,0.1388
49,1454,1503,0.1388
46,1469,1515,0.1388
49,1461,1510,0.1388
48,1461,1509,0.1388
49,1464,1513,0.1388
51,1464,1515,0.1388
51,1464,1515,0.1388
50,1460,1510,0.1388
48,1472,1520,0.1388
48,1471,1519,0.1388
47,1463,1510,0.1388
47,1473,1520,0.1388
48,1479,1527,0.1388
45,1468,1513,0.1388
45,1466,1511,0.1388
44,1448,1492,0.1388
42,1458,1500,0.1388
41,1471,1512,0.1388
41,1467,1508,0.1388
41,1475,1516,0.1388
38,1475,1513,0.1388
38,1482,1520,0.1388
37,1482,1519,0.1388
36,1474,1510,0.1388
36,1480,1516,0.1388
36,1473,1509,0.1388
37,1471,1508,0.1388
34,1475,1509,0.1388
35,1476,1511,0.1388
34,1485,1519,0.1388
34,1481,1515,0.1388
35,1487,1522,0.1388
35,1484,1519,0.1388
35,1485,1520,0.1388
34,1481,1515,0.1388
33,1475,1508,0.1388
32,1486,1518,0.1388
33,1488,1521,0.1388
33,1481,1514,0.1388
34,1481,1515,0.1388
34,1486,1520,0.1388
32,1489,1521,0.1388
31,1478,1509,0.1388
30,1482,1512,0.1388
30,1485,1515,0.1388
31,1484,1515,0.1388
31,1499,1530,0.1388
31,1490,1521,0.1388
31,1493,1524,0.1388
30,1489,1519,0.1388
31,1482,1513,0.1388
29,1493,1522,0.1388
30,1486,1516,0.1388
30,1487,1517,0.1388
30,1481,1511,0.1388
30,1474,1504,0.1388
30,1484,1514,0.1388
31,1484,1515,0.1388
29,1473,1502,0.1388
30,1482,1512,0.1388
28,1486,1514,0.1388
28,1500,1528,0.1388
28,1490,1518,0.1388
28,1502,1530,0.1388
28,1510,1538,0.1388
27,1507,1534,0.1388
27,1489,1516,0.1388
26,1499,1525,0.1388
26,1486,1512,0.1388
26,1500,1526,0.1388
27,1496,1523,0.1388
27,1496,1523,0.1388
27,1501,1528,0.1388
28,1498,1526,0.1388
28,1497,1525,0.1388
28,1501,1529,0.1388
28,1488,1516,0.1388
28,1482,1510,0.1388
30,1475,1505,0.1388
29,1481,1510,0.1388
29,1483,1512,0.1388
28,1498,1526,0.1388
28,1495,1523,0.1388
27,1502,1529,0.1388
28,1503,1531,0.1388
28,1502,1530,0.1388
29,1492,1521,0.1388
30,1499,1529,0.1388
30,1487,1517,0.1388
29,1491,1520,0.1388
29,1500,1529,0.1388
26,1495,1521,0.1388
25,1504,1529,0.1388
27,1495,1522,0.1388
27,1497,1524,0.1388
27,1501,1528,0.1388
27,1500,1527,0.1388
28,1487,1515,0.1388
28,1488,1516,0.1388
27,1497,1524,0.1388
27,1487,1514,0.1388
26,1498,1524,0.1388
25,1486,1511,0.1388
27,1486,1513,0.1388
27,1480,1507,0.1388
26,1480,1506,0.1388
27,1492,1519,0.1388
26,1490,1516,0.1388
27,1486,1513,0.1388
24,1486,1510,0.1388
24,1493,1517,0.1388
24,1495,1519,0.1388
24,1483,1507,0.1388
23,1484,1507,0.1388
24,1489,1513,0.1388
22,1486,1508,0.1388
21,1488,1509,0.1388
20,1477,1497,0.1388
21,1476,1497,0.1388
20,1480,1500,0.1388
19,1495,1514,0.1388
22,1501,1523,0.1388
21,1493,1514,0.1388
20,1494,1514,0.1388
21,1495,1516,0.1388
21,1479,1500,0.1388
20,1494,1514,0.1388
20,1505,1525,0.1388
22,1492,1514,0.1388
22,1502,1524,0.1388
22,1508,1530,0.1388
21,1503,1524,0.1388
21,1501,1522,0.1388
20,1491,1511,0.1388
21,1484,1505,0.1388
22,1495,1517,0.1388
23,1499,1522,0.1388
24,1503,1527,0.1388
24,1500,1524,0.1388
25,1481,1506,0.1388
24,1496,1520,0.1388
23,1482,1505,0.1388
21,1497,1518,0.1388
21,1488,1509,0.1388
22,1495,1517,0.1388
22,1494,1516,0.1388
23,1499,1522,0.1388
23,1509,1532,0.1388
22,1520,1542,0.1388
20,1496,1516,0.1388
19,1495,1514,0.1388
21,1487,1508,0.1388
19,1497,1516,0.1388
19,1504,1523,0.1388
20,1506,1526,0.1388
19,1507,1526,0.1388
20,1503,1523,0.1388
20,1503,1523,0.1388
20,1487,1507,0.1388
21,1484,1505,0.1388
21,1491,1512,0.1388
21,1492,1513,0.1388
20,1492,1512,0.1388
20,1484,1504,0.1388
19,1476,1495,0.1388
19,1484,1503,0.1388
20,1486,1506,0.1388
19,1494,1513,0.1388
19,1512,1531,0.1388
20,1509,1529,0.1388
19,1495,1514,0.1388
19,1499,1518,0.1388
18,1500,1518,0.1388
21,1512,1533,0.1388
22,1495,1517,0.1388
22,1492,1514,0.1388
22,1488,1510,0.1388
24,1488,1512,0.1388
24,1496,1520,0.1388
22,1508,1530,0.1388
22,1494,1516,0.1388
22,1484,1506,0.1388
21,1479,1500,0.1388
18,1502,1520,0.1388
18,1495,1513,0.1388
18,1506,1524,0.1388
18,1501,1519,0.1388
18,1499,1517,0.1388
19,1509,1528,0.1388
21,1502,1523,0.1388
21,1495,1516,0.1388
20,1509,1529,0.1388
21,1501,1522,0.1388
22,1499,1521,0.1388
23,1490,1513,0.1388
21,1498,1519,0.1388
22,1498,1520,0.1388
21,1492,1513,0.1388
17,1491,1508,0.1388
17,1494,1511,0.1388
17,1502,1519,0.1388
18,1509,1527,0.1388
18,1508,1526,0.1388
19,1513,1532,0.1388
19,1517,1536,0.1388
19,1516,1535,0.1388
19,1500,1519,0.1388
17,1492,1509,0.1388
17,1493,1510,0.1388
17,1478,1495,0.1388
17,1487,1504,0.1388
16,1493,1509,0.1388
18,1499,1517,0.1388
18,1504,1522,0.1388
18,1511,1529,0.1388
17,1505,1522,0.1388
17,1503,1520,0.1388
18,1506,1524,0.1388
17,1513,1530,0.1388
18,1528,1546,0.1388
18,1512,1530,0.1388
19,1507,1526,0.1388
18,1498,1516,0.1388
14,1498,1512,0.1388
14,1500,1514,0.1388
13,1501,1514,0.1388
14,1507,1521,0.1388
14,1509,1523,0.1388
15,1509,1524,0.1388
15,1504,1519,0.1388
15,1508,1523,0.1388
15,1512,1527,0.1388
13,1509,1522,0.1388
13,1504,1517,0.1388
13,1500,1513,0.1388
13,1502,1515,0.1388
13,1495,1508,0.1388
13,1516,1529,0.1388
12,1502,1514,0.1388
10,1497,1507,0.1388
10,1500,1510,0.1388
11,1516,1527,0.1388
11,1504,1515,0.1388
11,1509,1520,0.1388
10,1513,1523,0.1388
10,1521,1531,0.1388
10,1519,1529,0.1388
9,1511,1520,0.1388
12,1494,1506,0.1388
12,1501,1513,0.1388
11,1503,1514,0.1388
11,1514,1525,0.1388
10,1514,1524,0.1388
10,1511,1521,0.1388
11,1511,1522,0.1388
11,1520,1531,0.1388
11,1513,1524,0.1388
11,1516,1527,0.1388
11,1502,1513,0.1388
11,1489,1500,0.1388
11,1508,1519,0.1388
10,1512,1522,0.1388
11,1503,1514,0.1388
11,1506,1517,0.1388
10,1508,1518,0.1388
10,1505,1515,0.1388
10,1506,1516,0.1388
10,1500,1510,0.1388
11,1495,1506,0.1388
12,1495,1507,0.1388
13,1494,1507,0.1388
13,1497,1510,0.1388
11,1482,1493,0.1388
12,1497,1509,0.1388
11,1495,1506,0.1388
11,1499,1510,0.1388
11,1501,1512,0.1388
10,1497,1507,0.1388
10,1499,1509,0.1388
11,1500,1511,0.1388
11,1496,1507,0.1388
10,1492,1502,0.1388
10,1500,1510,0.1388
10,1505,1515,0.1388
10,1498,1508,0.1388
10,1489,1499,0.1388
9,1497,1506,0.1388
9,1485,1494,0.1388
9,1502,1511,0.1388
9,1516,1525,0.1388
10,1514,1524,0.1388
9,1515,1524,0.1388
10,1512,1522,0.1388
10,1507,1517,0.1388
12,1503,1515,0.1388
13,1494,1507,0.1388
12,1480,1492,0.1388
12,1482,1494,0.1388
11,1492,1503,0.1388
9,1498,1507,0.1388
9,1492,1501,0.1388
9,1492,1501,0.1388
8,1509,1517,0.1388
8,1508,1516,0.1388
7,1511,1518,0.1388
7,1503,1510,0.1388
8,1504,1512,0.1388
8,1513,1521,0.1388
7,1509,1516,0.1388
8,1521,1529,0.1388
7,1516,1523,0.1388
8,1505,1513,0.1388
8,1511,1519,0.1388
7,1521,1528,0.1388
7,1527,1534,0.1388
7,1526,1533,0.1388
6,1521,1527,0.1388
6,1518,1524,0.1388
5,1506,1511,0.1388
4,1509,1513,0.1388
3,1519,1522,0.1388
3,1513,1516,0.1388
3,1500,1503,0.1388
3,1511,1514,0.1388
3,1502,1505,0.1388
3,1508,1511,0.1388
3,1523,1526,0.1388
3,1532,1535,0.1388
3,1523,1526,0.1388
3,1530,1533,0.1388
3,1515,1518,0.1388
3,1516,1519,0.1388
3,1514,1517,0.1388
2,1514,1516,0.1388
2,1511,1513,0.1388
2,1514,1516,0.1388
2,1515,1517,0.1388
2,1505,1507,0.1388
2,1514,1516,0.1388
2,1509,1511,0.1388
2,1517,1519,0.1388
2,1529,1531,0.1388
2,1528,1530,0.1388
0,1525,1525,0.1388
