1357,27,1384,0.1388
1390,28,1418,0.1388
1406,28,1434,0.1388
1434,31,1465,0.1388
1432,33,1465,0.1388
1435,34,1469,0.1388
1445,35,1480,0.1388
1448,33,1481,0.1388
1461,32,1493,0.1388
1462,34,1496,0.1388
1462,36,1498,0.1388
1458,35,1493,0.1388
1454,35,1489,0.1388
1444,33,1477,0.1388
1428,35,1463,0.1388
1438,33,1471,0.1388
1443,36,1479,0.1388
1455,38,1493,0.1388
1477,36,1513,0.1388
1463,34,1497,0.1388
1466,33,1499,0.1388
1452,34,1486,0.1388
1456,34,1490,0.1388
1457,34,1491,0.1388
1459,34,1493,0.1388
1457,33,1490,0.1388
1460,34,1494,0.1388
1453,33,1486,0.1388
1453,32,1485,0.1388
1459,33,1492,0.1388
1465,35,1500,0.1388
1463,36,1499,0.1388
1449,35,1484,0.1388
1456,34,1490,0.1388
1467,34,1501,0.1388
1466,32,1498,0.1388
1470,32,1502,0.1388
1468,35,1503,0.1388
1465,33,1498,0.1388
1457,33,1490,0.1388
1457,34,1491,0.1388
1461,34,1495,0.1388
1448,34,1482,0.1388
1460,32,1492,0.1388
1448,32,1480,0.1388
1451,33,1484,0.1388
1471,33,1504,0.1388
1461,33,1494,0.1388
1453,33,1486,0.1388
1450,32,1482,0.1388
1454,32,1486,0.1388
1448,31,1479,0.1388
1451,33,1484,0.1388
1462,33,1495,0.1388
1463,34,1497,0.1388
1472,34,1506,0.1388
1472,35,1507,0.1388
1460,34,1494,0.1388
1452,35,1487,0.1388
1465,35,1500,0.1388
1449,35,1484,0.1388
1454,36,1490,0.1388
1477,36,1513,0.1388
1472,38,1510,0.1388
1463,39,1502,0.1388
1464,39,1503,0.1388
1466,38,1504,0.1388
1457,41,1498,0.1388
1467,40,1507,0.1388
1474,38,1512,0.1388
1469,38,1507,0.1388
1461,38,1499,0.1388
1448,38,1486,0.1388
1434,39,1473,0.1388
1443,39,1482,0.1388
1451,41,1492,0.1388
1440,41,1481,0.1388
1446,42,1488,0.1388
1446,43,1489,0.1388
1454,44,1498,0.1388
1458,44,1502,0.1388
1462,45,1507,0.1388
1445,44,1489,0.1388
1449,44,1493,0.1388
1431,42,1473,0.1388
1443,43,1486,0.1388
1443,42,1485,0.1388
1447,42,1489,0.1388
1440,42,1482,0.1388
1453,44,1497,0.1388
1460,42,1502,0.1388
1459,43,1502,0.1388
1469,41,1510,0.1388
1462,43,1505,0.1388
1460,48,1508,0.1388
1458,47,1505,0.1388
1458,49,1507,0.1388
1450,48,1498,0.1388
1448,48,1496,0.1388
1448,49,1497,0.1388
1445,45,1490,0.1388
1459,45,1504,0.1388
1455,45,1500,0.1388
1452,44,1496,0.1388
1448,45,1493,0.1388
1440,44,1484,0.1388
1447,42,1489,0.1388
1450,41,1491,0.1388
1451,38,1489,0.1388
1453,41,1494,0.1388
1451,40,1491,0.1388
1449,40,1489,0.1388
1454,39,1493,0.1388
1456,43,1499,0.1388
1457,44,1501,0.1388
1447,45,1492,0.1388
1444,45,1489,0.1388
1445,46,1491,0.1388
1446,45,1491,0.1388
1444,47,1491,0.1388
1438,47,1485,0.1388
1442,47,1489,0.1388
1447,48,1495,0.1388
1443,47,1490,0.1388
1445,48,1493,0.1388
1442,52,1494,0.1388
1440,51,1491,0.1388
1440,52,1492,0.1388
1433,52,1485,0.1388
1438,52,1490,0.1388
1440,51,1491,0.1388
1433,53,1486,0.1388
1447,55,1502,0.1388
1453,53,1506,0.1388
1458,53,1511,0.1388
1458,54,1512,0.1388
1454,52,1506,0.1388
1444,53,1497,0.1388
1453,53,1506,0.1388
1451,54,1505,0.1388
1446,54,1500,0.1388
1448,55,1503,0.1388
1439,53,1492,0.1388
1439,54,1493,0.1388
1432,53,1485,0.1388
1434,53,1487,0.1388
1438,54,1492,0.1388
1443,55,1498,0.1388
1436,57,1493,0.1388
1437,57,1494,0.1388
1442,58,1500,0.1388
1444,58,1502,0.1388
1443,57,1500,0.1388
1445,55,1500,0.1388
1443,53,1496,0.1388
1439,53,1492,0.1388
1435,55,1490,0.1388
1441,56,1497,0.1388
1436,56,1492,0.1388
1430,58,1488,0.1388
1430,57,1487,0.1388
1429,61,1490,0.1388
1429,58,1487,0.1388
1428,60,1488,0.1388
1428,60,1488,0.1388
1411,58,1469,0.1388
1423,58,1481,0.1388
1425,59,1484,0.1388
1426,58,1484,0.1388
1418,61,1479,0.1388
1428,61,1489,0.1388
1419,62,1481,0.1388
1423,62,1485,0.1388
1427,62,1489,0.1388
1420,61,1481,0.1388
1409,62,1471,0.1388
1409,70,1479,0.1388
1412,70,1482,0.1388
1431,70,1501,0.1388
1420,67,1487,0.1388
1429,66,1495,0.1388
1424,72,1496,0.1388
1422,70,1492,0.1388
1419,71,1490,0.1388
1431,73,1504,0.1388
1416,72,1488,0.1388
1421,69,1490,0.1388
1428,70,1498,0.1388
1421,72,1493,0.1388
1426,75,1501,0.1388
1428,72,1500,0.1388
1413,73,1486,0.1388
1422,71,1493,0.1388
1424,72,1496,0.1388
1426,73,1499,0.1388
1438,71,1509,0.1388
1425,71,1496,0.1388
1434,69,1503,0.1388
1434,69,1503,0.1388
1443,66,1509,0.1388
1434,66,1500,0.1388
1437,65,1502,0.1388
1425,66,1491,0.1388
1424,68,1492,0.1388
1407,71,1478,0.1388
1410,71,1481,0.1388
1401,74,1475,0.1388
1410,75,1485,0.1388
1418,77,1495,0.1388
1425,76,1501,0.1388
1422,77,1499,0.1388
1426,76,1502,0.1388
1421,78,1499,0.1388
1422,80,1502,0.1388
1414,79,1493,0.1388
1418,78,1496,0.1388
1416,78,1494,0.1388
1418,81,1499,0.1388
1419,80,1499,0.1388
1429,80,1509,0.1388
1414,81,1495,0.1388
1420,81,1501,0.1388
1418,77,1495,0.1388
1416,79,1495,0.1388
1416,81,1497,0.1388
1407,80,1487,0.1388
1397,83,1480,0.1388
1402,80,1482,0.1388
1394,80,1474,0.1388
1398,82,1480,0.1388
1386,84,1470,0.1388
1403,84,1487,0.1388
1415,85,1500,0.1388
1420,87,1507,0.1388
1410,90,1500,0.1388
1407,87,1494,0.1388
1407,87,1494,0.1388
1397,88,1485,0.1388
1398,88,1486,0.1388
1405,92,1497,0.1388
1414,90,1504,0.1388
1415,92,1507,0.1388
1414,91,1505,0.1388
1405,93,1498,0.1388
1405,94,1499,0.1388
1411,95,1506,0.1388
1407,89,1496,0.1388
1418,88,1506,0.1388
1417,89,1506,0.1388
1412,85,1497,0.1388
1411,85,1496,0.1388
1424,85,1509,0.1388
1417,83,1500,0.1388
1411,81,1492,0.1388
1411,81,1492,0.1388
1402,84,1486,0.1388
1416,87,1503,0.1388
1418,89,1507,0.1388
1430,87,1517,0.1388
1416,90,1506,0.1388
1407,92,1499,0.1388
1407,88,1495,0.1388
1420,86,1506,0.1388
1406,86,1492,0.1388
1415,86,1501,0.1388
1416,85,1501,0.1388
1409,91,1500,0.1388
1407,92,1499,0.1388
1399,92,1491,0.1388
1395,90,1485,0.1388
1403,94,1497,0.1388
1408,94,1502,0.1388
1406,92,1498,0.1388
1408,88,1496,0.1388
1412,88,1500,0.1388
1411,88,1499,0.1388
1398,90,1488,0.1388
1399,88,1487,0.1388
1385,86,1471,0.1388
1408,84,1492,0.1388
1409,87,1496,0.1388
1403,93,1496,0.1388
1406,94,1500,0.1388
1399,94,1493,0.1388
1401,96,1497,0.1388
1391,99,1490,0.1388
1389,96,1485,0.1388
1381,96,1477,0.1388
1377,93,1470,0.1388
1392,93,1485,0.1388
1404,92,1496,0.1388
1412,91,1503,0.1388
1410,89,1499,0.1388
1403,91,1494,0.1388
1397,90,1487,0.1388
1397,94,1491,0.1388
1396,93,1489,0.1388
1393,93,1486,0.1388
1379,88,1467,0.1388
1392,93,1485,0.1388
1395,96,1491,0.1388
1399,98,1497,0.1388
1389,97,1486,0.1388
1393,98,1491,0.1388
1391,96,1487,0.1388
1396,95,1491,0.1388
1393,97,1490,0.1388
1394,98,1492,0.1388
1401,99,1500,0.1388
1398,96,1494,0.1388
1404,103,1507,0.1388
1410,103,1513,0.1388
1395,100,1495,0.1388
1385,99,1484,0.1388
1392,103,1495,0.1388
1385,105,1490,0.1388
1368,110,1478,0.1388
1365,110,1475,0.1388
1373,113,1486,0.1388
1367,115,1482,0.1388
1382,111,1493,0.1388
1386,112,1498,0.1388
1371,117,1488,0.1388
1373,116,1489,0.1388
1369,113,1482,0.1388
1368,117,1485,0.1388
1367,119,1486,0.1388
1368,117,1485,0.1388
1377,114,1491,0.1388
1390,118,1508,0.1388
1396,117,1513,0.1388
1400,115,1515,0.1388
1393,110,1503,0.1388
1370,111,1481,0.1388
1380,111,1491,0.1388
1372,112,1484,0.1388
1367,112,1479,0.1388
1365,111,1476,0.1388
1359,110,1469,0.1388
1358,112,1470,0.1388
1360,115,1475,0.1388
1360,118,1478,0.1388
1368,117,1485,0.1388
1375,122,1497,0.1388
1376,122,1498,0.1388
1380,123,1503,0.1388
1380,123,1503,0.1388
1377,123,1500,0.1388
1387,121,1508,0.1388
1381,122,1503,0.1388
1385,119,1504,0.1388
1375,124,1499,0.1388
1374,125,1499,0.1388
1361,121,1482,0.1388
1369,121,1490,0.1388
1358,123,1481,0.1388
1351,129,1480,0.1388
1358,132,1490,0.1388
1363,136,1499,0.1388
1356,144,1500,0.1388
1348,147,1495,0.1388
1348,143,1491,0.1388
1339,144,1483,0.1388
1345,147,1492,0.1388
1352,147,1499,0.1388
1351,144,1495,0.1388
1351,147,1498,0.1388
1353,147,1500,0.1388
1351,147,1498,0.1388
1346,152,1498,0.1388
1349,157,1506,0.1388
1337,152,1489,0.1388
1332,154,1486,0.1388
1344,156,1500,0.1388
1332,156,1488,0.1388
1337,153,1490,0.1388
1329,154,1483,0.1388
1321,155,1476,0.1388
1330,161,1491,0.1388
1332,161,1493,0.1388
1340,165,1505,0.1388
1332,157,1489,0.1388
1333,158,1491,0.1388
1334,161,1495,0.1388
1318,164,1482,0.1388
1328,161,1489,0.1388
1343,163,1506,0.1388
1336,161,1497,0.1388
1334,159,1493,0.1388
1329,159,1488,0.1388
1333,160,1493,0.1388
1325,158,1483,0.1388
1344,155,1499,0.1388
1337,157,1494,0.1388
1339,161,1500,0.1388
1334,159,1493,0.1388
1331,162,1493,0.1388
1317,166,1483,0.1388
1325,167,1492,0.1388
1335,165,1500,0.1388
1338,166,1504,0.1388
1340,163,1503,0.1388
1339,168,1507,0.1388
1337,169,1506,0.1388
1328,172,1500,0.1388
1327,170,1497,0.1388
1318,175,1493,0.1388
1320,180,1500,0.1388
1306,177,1483,0.1388
1292,179,1471,0.1388
1308,180,1488,0.1388
1304,175,1479,0.1388
1311,179,1490,0.1388
1327,176,1503,0.1388
1325,175,1500,0.1388
1335,175,1510,0.1388
1335,180,1515,0.1388
1331,182,1513,0.1388
1332,182,1514,0.1388
1326,180,1506,0.1388
1333,177,1510,0.1388
1332,178,1510,0.1388
1330,178,1508,0.1388
1319,180,1499,0.1388
1319,180,1499,0.1388
1324,180,1504,0.1388
1326,185,1511,0.1388
1319,188,1507,0.1388
1310,186,1496,0.1388
1305,185,1490,0.1388
1300,181,1481,0.1388
1311,177,1488,0.1388
1318,177,1495,0.1388
1322,182,1504,0.1388
1325,182,1507,0.1388
1322,186,1508,0.1388
1304,183,1487,0.1388
1312,187,1499,0.1388
1303,190,1493,0.1388
1297,191,1488,0.1388
1285,198,1483,0.1388
1291,194,1485,0.1388
1300,194,1494,0.1388
1297,195,1492,0.1388
1293,193,1486,0.1388
1308,195,1503,0.1388
1304,193,1497,0.1388
1296,195,1491,0.1388
1305,196,1501,0.1388
1307,201,1508,0.1388
1306,201,1507,0.1388
1309,199,1508,0.1388
1305,200,1505,0.1388
1306,200,1506,0.1388
1299,200,1499,0.1388
1300,201,1501,0.1388
1303,196,1499,0.1388
1311,189,1500,0.1388
1306,190,1496,0.1388
1288,193,1481,0.1388
1276,199,1475,0.1388
1274,195,1469,0.1388
1281,198,1479,0.1388
1289,202,1491,0.1388
1270,203,1473,0.1388
1277,208,1485,0.1388
1277,213,1490,0.1388
1281,207,1488,0.1388
1284,208,1492,0.1388
1282,210,1492,0.1388
1277,211,1488,0.1388
1288,207,1495,0.1388
1303,208,1511,0.1388
1305,203,1508,0.1388
1283,207,1490,0.1388
1293,210,1503,0.1388
1290,211,1501,0.1388
1276,209,1485,0.1388
1280,211,1491,0.1388
1281,211,1492,0.1388
1277,211,1488,0.1388
1273,212,1485,0.1388
1283,213,1496,0.1388
1281,210,1491,0.1388
1288,215,1503,0.1388
1289,211,1500,0.1388
1277,215,1492,0.1388
1275,223,1498,0.1388
1260,223,1483,0.1388
1252,227,1479,0.1388
1258,229,1487,0.1388
1266,224,1490,0.1388
1258,224,1482,0.1388
1268,221,1489,0.1388
1276,223,1499,0.1388
1286,227,1513,0.1388
1280,227,1507,0.1388
1283,226,1509,0.1388
1290,224,1514,0.1388
1282,227,1509,0.1388
1284,231,1515,0.1388
1266,228,1494,0.1388
1259,226,1485,0.1388
1261,224,1485,0.1388
1266,226,1492,0.1388
1263,227,1490,0.1388
1259,228,1487,0.1388
1273,228,1501,0.1388
1277,230,1507,0.1388
1267,231,1498,0.1388
1267,233,1500,0.1388
1272,233,1505,0.1388
1268,232,1500,0.1388
1274,236,1510,0.1388
1280,239,1519,0.1388
1267,237,1504,0.1388
1268,232,1500,0.1388
1264,224,1488,0.1388
1284,222,1506,0.1388
1273,226,1499,0.1388
1265,226,1491,0.1388
1261,224,1485,0.1388
1275,225,1500,0.1388
1266,226,1492,0.1388
1258,231,1489,0.1388
1263,230,1493,0.1388
1263,224,1487,0.1388
1258,228,1486,0.1388
1248,222,1470,0.1388
1240,227,1467,0.1388
1250,231,1481,0.1388
1248,236,1484,0.1388
1252,237,1489,0.1388
1262,236,1498,0.1388
1259,231,1490,0.1388
1262,235,1497,0.1388
1257,239,1496,0.1388
1269,241,1510,0.1388
1264,241,1505,0.1388
1256,246,1502,0.1388
1254,241,1495,0.1388
1242,237,1479,0.1388
1254,240,1494,0.1388
1255,247,1502,0.1388
1240,243,1483,0.1388
1248,249,1497,0.1388
1247,245,1492,0.1388
1238,248,1486,0.1388
1240,251,1491,0.1388
1244,257,1501,0.1388
1244,251,1495,0.1388
1242,251,1493,0.1388
1243,251,1494,0.1388
1243,256,1499,0.1388
1242,255,1497,0.1388
1244,256,1500,0.1388
1238,254,1492,0.1388
1249,258,1507,0.1388
1243,257,1500,0.1388
1249,260,1509,0.1388
1250,254,1504,0.1388
1250,264,1514,0.1388
1243,260,1503,0.1388
1238,256,1494,0.1388
1236,258,1494,0.1388
1241,259,1500,0.1388
1231,262,1493,0.1388
1230,265,1495,0.1388
1241,263,1504,0.1388
1239,260,1499,0.1388
1237,267,1504,0.1388
1213,269,1482,0.1388
1202,272,1474,0.1388
1194,276,1470,0.1388
1218,281,1499,0.1388
1220,278,1498,0.1388
1222,278,1500,0.1388
1234,276,1510,0.1388
1236,280,1516,0.1388
1239,274,1513,0.1388
1231,281,1512,0.1388
1214,282,1496,0.1388
1224,281,1505,0.1388
1229,275,1504,0.1388
1221,278,1499,0.1388
1218,278,1496,0.1388
1207,281,1488,0.1388
1201,279,1480,0.1388
1203,279,1482,0.1388
1199,280,1479,0.1388
1218,273,1491,0.1388
1219,272,1491,0.1388
1224,267,1491,0.1388
1220,267,1487,0.1388
1225,266,1491,0.1388
1215,275,1490,0.1388
1203,283,1486,0.1388
1210,285,1495,0.1388
1216,283,1499,0.1388
1214,279,1493,0.1388
1214,285,1499,0.1388
1220,291,1511,0.1388
1211,293,1504,0.1388
1207,292,1499,0.1388
1213,290,1503,0.1388
1210,293,1503,0.1388
1211,298,1509,0.1388
1209,297,1506,0.1388
1201,294,1495,0.1388
1202,295,1497,0.1388
1200,293,1493,0.1388
1198,288,1486,0.1388
1204,294,1498,0.1388
1205,289,1494,0.1388
1200,295,1495,0.1388
1189,293,1482,0.1388
1195,294,1489,0.1388
1188,290,1478,0.1388
1200,288,1488,0.1388
1198,293,1491,0.1388
1194,295,1489,0.1388
1203,292,1495,0.1388
1209,297,1506,0.1388
1201,293,1494,0.1388
1191,289,1480,0.1388
1185,286,1471,0.1388
1200,295,1495,0.1388
1201,298,1499,0.1388
1206,296,1502,0.1388
1209,295,1504,0.1388
1212,293,1505,0.1388
1214,286,1500,0.1388
1210,287,1497,0.1388
1204,285,1489,0.1388
1202,283,1485,0.1388
1206,291,1497,0.1388
1207,291,1498,0.1388
1206,294,1500,0.1388
1203,292,1495,0.1388
1211,283,1494,0.1388
1221,284,1505,0.1388
1229,283,1512,0.1388
1233,284,1517,0.1388
1233,282,1515,0.1388
1220,283,1503,0.1388
1228,276,1504,0.1388
1220,275,1495,0.1388
1226,279,1505,0.1388
1224,277,1501,0.1388
1232,276,1508,0.1388
1228,269,1497,0.1388
1231,267,1498,0.1388
1239,275,1514,0.1388
1235,280,1515,0.1388
1212,280,1492,0.1388
1214,279,1493,0.1388
1223,279,1502,0.1388
1213,280,1493,0.1388
1204,281,1485,0.1388
1194,288,1482,0.1388
1197,279,1476,0.1388
1201,286,1487,0.1388
1209,295,1504,0.1388
1203,295,1498,0.1388
1201,295,1496,0.1388
1206,292,1498,0.1388
1198,294,1492,0.1388
1205,296,1501,0.1388
1200,297,1497,0.1388
1204,296,1500,0.1388
1210,299,1509,0.1388
1199,304,1503,0.1388
1200,300,1500,0.1388
1183,300,1483,0.1388
1179,300,1479,0.1388
1178,305,1483,0.1388
1176,308,1484,0.1388
1192,312,1504,0.1388
1193,315,1508,0.1388
1198,312,1510,0.1388
1194,316,1510,0.1388
1186,314,1500,0.1388
1180,313,1493,0.1388
1176,307,1483,0.1388
1173,309,1482,0.1388
1175,311,1486,0.1388
1164,317,1481,0.1388
1172,322,1494,0.1388
1172,318,1490,0.1388
1176,323,1499,0.1388
1181,327,1508,0.1388
1173,319,1492,0.1388
1177,318,1495,0.1388
1164,320,1484,0.1388
1167,322,1489,0.1388
1174,325,1499,0.1388
1163,320,1483,0.1388
1167,324,1491,0.1388
1177,327,1504,0.1388
1177,325,1502,0.1388
1182,327,1509,0.1388
1179,331,1510,0.1388
1173,336,1509,0.1388
1163,336,1499,0.1388
1157,338,1495,0.1388
1141,332,1473,0.1388
1146,335,1481,0.1388
1146,345,1491,0.1388
1141,345,1486,0.1388
1136,340,1476,0.1388
1146,341,1487,0.1388
1141,344,1485,0.1388
1147,346,1493,0.1388
1152,351,1503,0.1388
1155,349,1504,0.1388
1157,341,1498,0.1388
1167,347,1514,0.1388
1159,345,1504,0.1388
1156,347,1503,0.1388
1159,349,1508,0.1388
1159,348,1507,0.1388
1154,348,1502,0.1388
1146,347,1493,0.1388
1134,354,1488,0.1388
1146,353,1499,0.1388
1141,351,1492,0.1388
1139,353,1492,0.1388
1142,348,1490,0.1388
1154,349,1503,0.1388
1149,355,1504,0.1388
1142,358,1500,0.1388
1150,356,1506,0.1388
1157,356,1513,0.1388
1157,354,1511,0.1388
1155,356,1511,0.1388
1152,359,1511,0.1388
1150,361,1511,0.1388
1145,361,1506,0.1388
1143,359,1502,0.1388
1130,357,1487,0.1388
1132,360,1492,0.1388
1135,357,1492,0.1388
1134,358,1492,0.1388
1140,358,1498,0.1388
1139,360,1499,0.1388
1139,364,1503,0.1388
1132,363,1495,0.1388
1144,362,1506,0.1388
1142,363,1505,0.1388
1139,369,1508,0.1388
1135,369,1504,0.1388
1131,369,1500,0.1388
1129,373,1502,0.1388
1138,368,1506,0.1388
1125,364,1489,0.1388
1137,362,1499,0.1388
1140,370,1510,0.1388
1136,375,1511,0.1388
1131,371,1502,0.1388
1120,378,1498,0.1388
1122,378,1500,0.1388
1125,381,1506,0.1388
1123,380,1503,0.1388
1110,391,1501,0.1388
1113,385,1498,0.1388
1113,379,1492,0.1388
1115,379,1494,0.1388
1113,388,1501,0.1388
1112,395,1507,0.1388
1094,399,1493,0.1388
1094,405,1499,0.1388
1097,404,1501,0.1388
1098,403,1501,0.1388
1098,402,1500,0.1388
1101,401,1502,0.1388
1091,396,1487,0.1388
1102,397,1499,0.1388
1096,403,1499,0.1388
1101,402,1503,0.1388
1104,405,1509,0.1388
1109,400,1509,0.1388
1109,404,1513,0.1388
1102,401,1503,0.1388
1108,405,1513,0.1388
1108,410,1518,0.1388
1108,419,1527,0.1388
1106,409,1515,0.1388
1091,411,1502,0.1388
1087,407,1494,0.1388
1085,414,1499,0.1388
1091,419,1510,0.1388
1086,415,1501,0.1388
1091,418,1509,0.1388
1091,413,1504,0.1388
1083,413,1496,0.1388
1088,413,1501,0.1388
1098,419,1517,0.1388
1092,420,1512,0.1388
1089,416,1505,0.1388
1090,415,1505,0.1388
1085,416,1501,0.1388
1083,417,1500,0.1388
1081,419,1500,0.1388
1072,425,1497,0.1388
1073,425,1498,0.1388
1081,422,1503,0.1388
1078,424,1502,0.1388
1071,430,1501,0.1388
1078,435,1513,0.1388
1079,440,1519,0.1388
1079,444,1523,0.1388
1075,432,1507,0.1388
1076,433,1509,0.1388
1071,436,1507,0.1388
1074,440,1514,0.1388
1062,443,1505,0.1388
1059,447,1506,0.1388
1049,443,1492,0.1388
1049,441,1490,0.1388
1047,447,1494,0.1388
1045,446,1491,0.1388
1047,446,1493,0.1388
1045,446,1491,0.1388
1051,449,1500,0.1388
1044,454,1498,0.1388
1045,452,1497,0.1388
1052,456,1508,0.1388
1041,457,1498,0.1388
1038,455,1493,0.1388
1038,461,1499,0.1388
1034,465,1499,0.1388
1040,467,1507,0.1388
1044,471,1515,0.1388
1030,468,1498,0.1388
1033,473,1506,0.1388
1040,470,1510,0.1388
1048,469,1517,0.1388
1045,466,1511,0.1388
1033,465,1498,0.1388
1033,472,1505,0.1388
1033,468,1501,0.1388
1033,469,1502,0.1388
1037,462,1499,0.1388
1036,471,1507,0.1388
1041,467,1508,0.1388
1029,468,1497,0.1388
1029,474,1503,0.1388
1028,478,1506,0.1388
1020,468,1488,0.1388
1025,464,1489,0.1388
1026,461,1487,0.1388
1020,473,1493,0.1388
1021,474,1495,0.1388
1028,476,1504,0.1388
1019,480,1499,0.1388
1019,482,1501,0.1388
1002,485,1487,0.1388
1007,490,1497,0.1388
1003,491,1494,0.1388
1013,489,1502,0.1388
1017,483,1500,0.1388
1018,481,1499,0.1388
1019,484,1503,0.1388
1019,490,1509,0.1388
1018,483,1501,0.1388
1017,485,1502,0.1388
1017,486,1503,0.1388
1023,488,1511,0.1388
1023,488,1511,0.1388
1020,484,1504,0.1388
1026,483,1509,0.1388
1021,490,1511,0.1388
1018,491,1509,0.1388
1024,487,1511,0.1388
1022,490,1512,0.1388
1019,488,1507,0.1388
1024,485,1509,0.1388
1019,477,1496,0.1388
1017,480,1497,0.1388
1021,474,1495,0.1388
1016,484,1500,0.1388
1013,485,1498,0.1388
1019,482,1501,0.1388
1018,474,1492,0.1388
1017,476,1493,0.1388
1008,485,1493,0.1388
1003,492,1495,0.1388
1008,491,1499,0.1388
1013,493,1506,0.1388
1026,497,1523,0.1388
1013,499,1512,0.1388
1007,497,1504,0.1388
1010,503,1513,0.1388
1002,503,1505,0.1388
1001,500,1501,0.1388
1006,497,1503,0.1388
997,499,1496,0.1388
995,505,1500,0.1388
993,499,1492,0.1388
990,501,1491,0.1388
998,502,1500,0.1388
1001,502,1503,0.1388
994,498,1492,0.1388
1000,503,1503,0.1388
1000,502,1502,0.1388
997,513,1510,0.1388
982,514,1496,0.1388
983,510,1493,0.1388
984,513,1497,0.1388
977,508,1485,0.1388
972,506,1478,0.1388
974,512,1486,0.1388
980,511,1491,0.1388
969,505,1474,0.1388
971,505,1476,0.1388
969,512,1481,0.1388
973,507,1480,0.1388
973,519,1492,0.1388
967,526,1493,0.1388
975,532,1507,0.1388
986,524,1510,0.1388
983,522,1505,0.1388
984,516,1500,0.1388
987,519,1506,0.1388
981,527,1508,0.1388
985,529,1514,0.1388
976,534,1510,0.1388
976,537,1513,0.1388
972,535,1507,0.1388
966,530,1496,0.1388
970,533,1503,0.1388
963,537,1500,0.1388
967,540,1507,0.1388
967,539,1506,0.1388
955,539,1494,0.1388
961,536,1497,0.1388
966,534,1500,0.1388
970,534,1504,0.1388
962,535,1497,0.1388
955,536,1491,0.1388
961,531,1492,0.1388
971,531,1502,0.1388
968,542,1510,0.1388
963,549,1512,0.1388
967,539,1506,0.1388
967,539,1506,0.1388
961,543,1504,0.1388
970,545,1515,0.1388
970,542,1512,0.1388
970,543,1513,0.1388
973,545,1518,0.1388
961,542,1503,0.1388
954,547,1501,0.1388
953,541,1494,0.1388
962,538,1500,0.1388
964,532,1496,0.1388
964,537,1501,0.1388
966,535,1501,0.1388
963,533,1496,0.1388
967,530,1497,0.1388
967,532,1499,0.1388
978,534,1512,0.1388
979,536,1515,0.1388
974,532,1506,0.1388
969,536,1505,0.1388
963,538,1501,0.1388
954,535,1489,0.1388
958,534,1492,0.1388
960,528,1488,0.1388
958,525,1483,0.1388
952,533,1485,0.1388
959,528,1487,0.1388
966,532,1498,0.1388
956,538,1494,0.1388
964,548,1512,0.1388
964,551,1515,0.1388
963,546,1509,0.1388
963,546,1509,0.1388
954,550,1504,0.1388
943,551,1494,0.1388
946,545,1491,0.1388
948,547,1495,0.1388
955,543,1498,0.1388
960,547,1507,0.1388
954,551,1505,0.1388
952,548,1500,0.1388
956,554,1510,0.1388
959,561,1520,0.1388
961,560,1521,0.1388
951,555,1506,0.1388
957,557,1514,0.1388
941,563,1504,0.1388
942,557,1499,0.1388
943,566,1509,0.1388
944,554,1498,0.1388
935,568,1503,0.1388
948,569,1517,0.1388
951,557,1508,0.1388
952,562,1514,0.1388
948,563,1511,0.1388
952,558,1510,0.1388
955,557,1512,0.1388
953,564,1517,0.1388
958,556,1514,0.1388
959,555,1514,0.1388
950,562,1512,0.1388
944,561,1505,0.1388
948,564,1512,0.1388
944,569,1513,0.1388
948,569,1517,0.1388
956,553,1509,0.1388
954,549,1503,0.1388
958,547,1505,0.1388
960,552,1512,0.1388
961,549,1510,0.1388
960,557,1517,0.1388
948,555,1503,0.1388
951,552,1503,0.1388
945,559,1504,0.1388
938,556,1494,0.1388
942,558,1500,0.1388
938,561,1499,0.1388
925,557,1482,0.1388
920,560,1480,0.1388
924,571,1495,0.1388
931,577,1508,0.1388
930,572,1502,0.1388
929,577,1506,0.1388
929,573,1502,0.1388
936,578,1514,0.1388
935,568,1503,0.1388
942,567,1509,0.1388
936,565,1501,0.1388
934,556,1490,0.1388
942,559,1501,0.1388
933,567,1500,0.1388
935,578,1513,0.1388
924,574,1498,0.1388
914,571,1485,0.1388
917,569,1486,0.1388
924,573,1497,0.1388
925,579,1504,0.1388
928,589,1517,0.1388
929,582,1511,0.1388
937,579,1516,0.1388
940,576,1516,0.1388
942,575,1517,0.1388
934,575,1509,0.1388
937,580,1517,0.1388
928,584,1512,0.1388
927,596,1523,0.1388
921,587,1508,0.1388
931,579,1510,0.1388
925,576,1501,0.1388
926,580,1506,0.1388
918,590,1508,0.1388
920,592,1512,0.1388
912,587,1499,0.1388
916,593,1509,0.1388
914,593,1507,0.1388
913,604,1517,0.1388
905,605,1510,0.1388
908,599,1507,0.1388
908,606,1514,0.1388
915,606,1521,0.1388
908,601,1509,0.1388
909,598,1507,0.1388
908,599,1507,0.1388
899,605,1504,0.1388
889,612,1501,0.1388
893,616,1509,0.1388
891,621,1512,0.1388
900,619,1519,0.1388
908,620,1528,0.1388
901,615,1516,0.1388
894,619,1513,0.1388
885,627,1512,0.1388
889,619,1508,0.1388
879,625,1504,0.1388
877,629,1506,0.1388
877,625,1502,0.1388
866,624,1490,0.1388
869,621,1490,0.1388
881,622,1503,0.1388
879,628,1507,0.1388
878,636,1514,0.1388
886,632,1518,0.1388
883,630,1513,0.1388
890,633,1523,0.1388
893,631,1524,0.1388
878,624,1502,0.1388
882,621,1503,0.1388
883,624,1507,0.1388
875,630,1505,0.1388
880,633,1513,0.1388
873,630,1503,0.1388
862,638,1500,0.1388
863,626,1489,0.1388
860,634,1494,0.1388
855,645,1500,0.1388
867,651,1518,0.1388
869,647,1516,0.1388
867,644,1511,0.1388
849,655,1504,0.1388
852,658,1510,0.1388
842,656,1498,0.1388
854,650,1504,0.1388
850,649,1499,0.1388
849,652,1501,0.1388
852,643,1495,0.1388
854,649,1503,0.1388
851,668,1519,0.1388
843,674,1517,0.1388
841,672,1513,0.1388
845,666,1511,0.1388
849,655,1504,0.1388
853,653,1506,0.1388
856,662,1518,0.1388
855,667,1522,0.1388
845,664,1509,0.1388
833,670,1503,0.1388
826,669,1495,0.1388
839,667,1506,0.1388
845,659,1504,0.1388
835,660,1495,0.1388
831,651,1482,0.1388
816,659,1475,0.1388
821,673,1494,0.1388
827,675,1502,0.1388
840,667,1507,0.1388
829,668,1497,0.1388
831,668,1499,0.1388
837,671,1508,0.1388
830,668,1498,0.1388
820,673,1493,0.1388
827,667,1494,0.1388
833,671,1504,0.1388
834,672,1506,0.1388
830,666,1496,0.1388
828,664,1492,0.1388
835,672,1507,0.1388
834,683,1517,0.1388
824,674,1498,0.1388
825,676,1501,0.1388
827,672,1499,0.1388
824,670,1494,0.1388
824,684,1508,0.1388
822,681,1503,0.1388
822,672,1494,0.1388
825,683,1508,0.1388
827,681,1508,0.1388
833,681,1514,0.1388
833,679,1512,0.1388
819,678,1497,0.1388
827,682,1509,0.1388
821,686,1507,0.1388
813,681,1494,0.1388
818,687,1505,0.1388
810,686,1496,0.1388
813,692,1505,0.1388
796,690,1486,0.1388
805,695,1500,0.1388
795,695,1490,0.1388
799,696,1495,0.1388
799,696,1495,0.1388
807,701,1508,0.1388
799,700,1499,0.1388
799,703,1502,0.1388
786,708,1494,0.1388
787,708,1495,0.1388
797,708,1505,0.1388
791,700,1491,0.1388
794,704,1498,0.1388
798,705,1503,0.1388
800,703,1503,0.1388
796,705,1501,0.1388
797,708,1505,0.1388
797,711,1508,0.1388
797,714,1511,0.1388
785,721,1506,0.1388
786,718,1504,0.1388
789,716,1505,0.1388
795,725,1520,0.1388
794,723,1517,0.1388
788,718,1506,0.1388
798,715,1513,0.1388
800,719,1519,0.1388
806,723,1529,0.1388
797,721,1518,0.1388
788,728,1516,0.1388
774,719,1493,0.1388
770,723,1493,0.1388
773,716,1489,0.1388
771,710,1481,0.1388
780,713,1493,0.1388
775,718,1493,0.1388
782,715,1497,0.1388
773,721,1494,0.1388
770,726,1496,0.1388
766,725,1491,0.1388
773,727,1500,0.1388
773,732,1505,0.1388
779,721,1500,0.1388
777,728,1505,0.1388
778,727,1505,0.1388
778,727,1505,0.1388
767,729,1496,0.1388
769,725,1494,0.1388
770,728,1498,0.1388
766,717,1483,0.1388
773,721,1494,0.1388
776,729,1505,0.1388
781,728,1509,0.1388
776,731,1507,0.1388
783,731,1514,0.1388
783,727,1510,0.1388
781,728,1509,0.1388
780,721,1501,0.1388
776,729,1505,0.1388
773,732,1505,0.1388
762,734,1496,0.1388
757,744,1501,0.1388
756,749,1505,0.1388
763,745,1508,0.1388
759,749,1508,0.1388
759,743,1502,0.1388
761,753,1514,0.1388
756,742,1498,0.1388
759,740,1499,0.1388
750,755,1505,0.1388
755,755,1510,0.1388
751,749,1500,0.1388
752,744,1496,0.1388
756,741,1497,0.1388
760,754,1514,0.1388
762,749,1511,0.1388
766,749,1515,0.1388
761,754,1515,0.1388
754,752,1506,0.1388
751,755,1506,0.1388
745,761,1506,0.1388
746,764,1510,0.1388
743,768,1511,0.1388
736,771,1507,0.1388
737,765,1502,0.1388
749,771,1520,0.1388
745,779,1524,0.1388
746,771,1517,0.1388
741,774,1515,0.1388
741,772,1513,0.1388
737,771,1508,0.1388
740,776,1516,0.1388
732,772,1504,0.1388
715,779,1494,0.1388
721,787,1508,0.1388
719,783,1502,0.1388
719,782,1501,0.1388
719,783,1502,0.1388
726,788,1514,0.1388
733,790,1523,0.1388
729,782,1511,0.1388
732,786,1518,0.1388
728,791,1519,0.1388
716,797,1513,0.1388
710,802,1512,0.1388
721,795,1516,0.1388
710,805,1515,0.1388
701,811,1512,0.1388
699,813,1512,0.1388
697,808,1505,0.1388
695,806,1501,0.1388
698,811,1509,0.1388
689,819,1508,0.1388
683,822,1505,0.1388
681,826,1507,0.1388
670,826,1496,0.1388
660,832,1492,0.1388
662,823,1485,0.1388
669,827,1496,0.1388
668,833,1501,0.1388
673,842,1515,0.1388
670,849,1519,0.1388
663,851,1514,0.1388
659,853,1512,0.1388
656,845,1501,0.1388
654,837,1491,0.1388
652,834,1486,0.1388
660,839,1499,0.1388
663,842,1505,0.1388
658,830,1488,0.1388
669,848,1517,0.1388
662,840,1502,0.1388
664,839,1503,0.1388
661,850,1511,0.1388
661,851,1512,0.1388
657,848,1505,0.1388
657,856,1513,0.1388
643,860,1503,0.1388
648,857,1505,0.1388
647,851,1498,0.1388
641,855,1496,0.1388
643,857,1500,0.1388
636,857,1493,0.1388
645,862,1507,0.1388
642,867,1509,0.1388
646,855,1501,0.1388
651,865,1516,0.1388
655,878,1533,0.1388
647,871,1518,0.1388
651,864,1515,0.1388
646,858,1504,0.1388
644,858,1502,0.1388
643,859,1502,0.1388
643,845,1488,0.1388
645,851,1496,0.1388
649,846,1495,0.1388
645,848,1493,0.1388
637,853,1490,0.1388
631,872,1503,0.1388
641,880,1521,0.1388
635,878,1513,0.1388
633,871,1504,0.1388
636,874,1510,0.1388
629,876,1505,0.1388
629,880,1509,0.1388
629,876,1505,0.1388
636,872,1508,0.1388
631,867,1498,0.1388
627,860,1487,0.1388
622,857,1479,0.1388
631,864,1495,0.1388
626,875,1501,0.1388
630,881,1511,0.1388
634,877,1511,0.1388
636,872,1508,0.1388
631,874,1505,0.1388
622,867,1489,0.1388
628,868,1496,0.1388
631,874,1505,0.1388
634,871,1505,0.1388
626,880,1506,0.1388
618,888,1506,0.1388
620,891,1511,0.1388
616,891,1507,0.1388
617,895,1512,0.1388
614,898,1512,0.1388
601,897,1498,0.1388
600,897,1497,0.1388
605,901,1506,0.1388
607,906,1513,0.1388
601,917,1518,0.1388
598,909,1507,0.1388
601,907,1508,0.1388
603,898,1501,0.1388
601,891,1492,0.1388
593,913,1506,0.1388
593,907,1500,0.1388
601,915,1516,0.1388
601,911,1512,0.1388
595,910,1505,0.1388
585,905,1490,0.1388
584,900,1484,0.1388
584,899,1483,0.1388
581,903,1484,0.1388
584,913,1497,0.1388
586,913,1499,0.1388
580,917,1497,0.1388
577,927,1504,0.1388
576,939,1515,0.1388
572,924,1496,0.1388
578,919,1497,0.1388
583,916,1499,0.1388
573,918,1491,0.1388
575,929,1504,0.1388
576,942,1518,0.1388
573,936,1509,0.1388
584,933,1517,0.1388
589,929,1518,0.1388
584,934,1518,0.1388
578,937,1515,0.1388
583,944,1527,0.1388
582,947,1529,0.1388
572,943,1515,0.1388
570,948,1518,0.1388
564,944,1508,0.1388
564,943,1507,0.1388
557,935,1492,0.1388
562,936,1498,0.1388
562,940,1502,0.1388
567,943,1510,0.1388
569,938,1507,0.1388
576,932,1508,0.1388
576,921,1497,0.1388
574,932,1506,0.1388
564,929,1493,0.1388
561,935,1496,0.1388
570,935,1505,0.1388
566,935,1501,0.1388
563,937,1500,0.1388
566,946,1512,0.1388
560,964,1524,0.1388
558,957,1515,0.1388
555,965,1520,0.1388
546,963,1509,0.1388
545,967,1512,0.1388
541,979,1520,0.1388
532,985,1517,0.1388
533,968,1501,0.1388
520,969,1489,0.1388
538,959,1497,0.1388
535,967,1502,0.1388
531,970,1501,0.1388
531,970,1501,0.1388
536,971,1507,0.1388
536,970,1506,0.1388
532,975,1507,0.1388
530,977,1507,0.1388
537,975,1512,0.1388
536,970,1506,0.1388
533,971,1504,0.1388
530,969,1499,0.1388
525,973,1498,0.1388
526,972,1498,0.1388
534,980,1514,0.1388
530,990,1520,0.1388
526,992,1518,0.1388
520,987,1507,0.1388
512,988,1500,0.1388
505,981,1486,0.1388
512,980,1492,0.1388
506,987,1493,0.1388
514,987,1501,0.1388
510,994,1504,0.1388
504,990,1494,0.1388
504,974,1478,0.1388
508,982,1490,0.1388
516,991,1507,0.1388
514,980,1494,0.1388
518,986,1504,0.1388
512,993,1505,0.1388
515,988,1503,0.1388
519,986,1505,0.1388
516,980,1496,0.1388
514,983,1497,0.1388
502,994,1496,0.1388
502,995,1497,0.1388
505,999,1504,0.1388
507,998,1505,0.1388
505,1008,1513,0.1388
504,1013,1517,0.1388
492,1026,1518,0.1388
496,1019,1515,0.1388
494,1018,1512,0.1388
497,1019,1516,0.1388
498,1013,1511,0.1388
487,1023,1510,0.1388
485,1011,1496,0.1388
485,1026,1511,0.1388
487,1038,1525,0.1388
485,1035,1520,0.1388
489,1044,1533,0.1388
488,1041,1529,0.1388
485,1030,1515,0.1388
486,1040,1526,0.1388
486,1028,1514,0.1388
491,1034,1525,0.1388
485,1029,1514,0.1388
489,1020,1509,0.1388
487,1026,1513,0.1388
489,1036,1525,0.1388
484,1029,1513,0.1388
478,1031,1509,0.1388
479,1034,1513,0.1388
477,1025,1502,0.1388
478,1034,1512,0.1388
476,1042,1518,0.1388
477,1046,1523,0.1388
477,1052,1529,0.1388
471,1047,1518,0.1388
466,1048,1514,0.1388
465,1040,1505,0.1388
472,1041,1513,0.1388
462,1041,1503,0.1388
466,1046,1512,0.1388
465,1029,1494,0.1388
470,1039,1509,0.1388
468,1034,1502,0.1388
466,1034,1500,0.1388
458,1040,1498,0.1388
456,1047,1503,0.1388
454,1042,1496,0.1388
457,1050,1507,0.1388
457,1051,1508,0.1388
454,1056,1510,0.1388
457,1057,1514,0.1388
455,1053,1508,0.1388
456,1051,1507,0.1388
458,1054,1512,0.1388
458,1062,1520,0.1388
454,1055,1509,0.1388
451,1049,1500,0.1388
453,1057,1510,0.1388
450,1049,1499,0.1388
445,1046,1491,0.1388
444,1052,1496,0.1388
440,1060,1500,0.1388
446,1063,1509,0.1388
445,1066,1511,0.1388
453,1066,1519,0.1388
454,1061,1515,0.1388
452,1047,1499,0.1388
454,1051,1505,0.1388
455,1053,1508,0.1388
446,1050,1496,0.1388
447,1064,1511,0.1388
450,1065,1515,0.1388
449,1060,1509,0.1388
451,1060,1511,0.1388
456,1064,1520,0.1388
461,1065,1526,0.1388
449,1064,1513,0.1388
448,1068,1516,0.1388
447,1063,1510,0.1388
446,1052,1498,0.1388
439,1055,1494,0.1388
443,1075,1518,0.1388
441,1070,1511,0.1388
441,1074,1515,0.1388
437,1078,1515,0.1388
440,1078,1518,0.1388
446,1080,1526,0.1388
443,1092,1535,0.1388
438,1079,1517,0.1388
433,1076,1509,0.1388
431,1079,1510,0.1388
433,1074,1507,0.1388
429,1074,1503,0.1388
431,1071,1502,0.1388
428,1082,1510,0.1388
432,1069,1501,0.1388
435,1078,1513,0.1388
433,1088,1521,0.1388
436,1085,1521,0.1388
434,1084,1518,0.1388
425,1087,1512,0.1388
422,1085,1507,0.1388
419,1084,1503,0.1388
417,1092,1509,0.1388
414,1091,1505,0.1388
413,1096,1509,0.1388
416,1097,1513,0.1388
420,1100,1520,0.1388
408,1111,1519,0.1388
408,1113,1521,0.1388
413,1111,1524,0.1388
418,1091,1509,0.1388
424,1099,1523,0.1388
416,1100,1516,0.1388
424,1110,1534,0.1388
423,1095,1518,0.1388
420,1106,1526,0.1388
421,1092,1513,0.1388
427,1103,1530,0.1388
421,1100,1521,0.1388
426,1103,1529,0.1388
428,1085,1513,0.1388
415,1091,1506,0.1388
409,1099,1508,0.1388
409,1086,1495,0.1388
411,1094,1505,0.1388
410,1091,1501,0.1388
417,1087,1504,0.1388
417,1090,1507,0.1388
417,1087,1504,0.1388
413,1092,1505,0.1388
409,1098,1507,0.1388
417,1110,1527,0.1388
418,1095,1513,0.1388
416,1097,1513,0.1388
407,1093,1500,0.1388
410,1100,1510,0.1388
408,1099,1507,0.1388
401,1103,1504,0.1388
403,1103,1506,0.1388
403,1105,1508,0.1388
398,1104,1502,0.1388
401,1110,1511,0.1388
395,1110,1505,0.1388
412,1095,1507,0.1388
411,1098,1509,0.1388
419,1092,1511,0.1388
423,1101,1524,0.1388
421,1102,1523,0.1388
419,1107,1526,0.1388
419,1103,1522,0.1388
424,1100,1524,0.1388
425,1098,1523,0.1388
423,1102,1525,0.1388
423,1102,1525,0.1388
421,1098,1519,0.1388
417,1088,1505,0.1388
422,1088,1510,0.1388
416,1101,1517,0.1388
416,1105,1521,0.1388
417,1101,1518,0.1388
409,1102,1511,0.1388
403,1096,1499,0.1388
393,1106,1499,0.1388
402,1110,1512,0.1388
406,1104,1510,0.1388
402,1093,1495,0.1388
404,1081,1485,0.1388
404,1081,1485,0.1388
399,1088,1487,0.1388
405,1094,1499,0.1388
406,1101,1507,0.1388
405,1109,1514,0.1388
403,1111,1514,0.1388
407,1099,1506,0.1388
407,1107,1514,0.1388
404,1097,1501,0.1388
402,1104,1506,0.1388
399,1098,1497,0.1388
392,1095,1487,0.1388
391,1095,1486,0.1388
396,1100,1496,0.1388
397,1113,1510,0.1388
393,1118,1511,0.1388
399,1116,1515,0.1388
402,1114,1516,0.1388
403,1127,1530,0.1388
401,1122,1523,0.1388
401,1116,1517,0.1388
399,1115,1514,0.1388
399,1118,1517,0.1388
392,1119,1511,0.1388
389,1110,1499,0.1388
387,1111,1498,0.1388
384,1112,1496,0.1388
388,1125,1513,0.1388
386,1123,1509,0.1388
388,1126,1514,0.1388
385,1123,1508,0.1388
389,1125,1514,0.1388
386,1132,1518,0.1388
386,1136,1522,0.1388
384,1125,1509,0.1388
384,1126,1510,0.1388
383,1132,1515,0.1388
388,1131,1519,0.1388
382,1133,1515,0.1388
378,1130,1508,0.1388
373,1130,1503,0.1388
369,1134,1503,0.1388
373,1136,1509,0.1388
374,1124,1498,0.1388
374,1141,1515,0.1388
383,1138,1521,0.1388
385,1144,1529,0.1388
385,1136,1521,0.1388
388,1142,1530,0.1388
382,1137,1519,0.1388
383,1149,1532,0.1388
384,1150,1534,0.1388
384,1155,1539,0.1388
382,1148,1530,0.1388
379,1137,1516,0.1388
382,1141,1523,0.1388
380,1147,1527,0.1388
386,1133,1519,0.1388
380,1134,1514,0.1388
382,1126,1508,0.1388
380,1126,1506,0.1388
379,1122,1501,0.1388
380,1122,1502,0.1388
390,1125,1515,0.1388
394,1127,1521,0.1388
390,1137,1527,0.1388
387,1132,1519,0.1388
391,1129,1520,0.1388
391,1122,1513,0.1388
393,1118,1511,0.1388
387,1108,1495,0.1388
386,1109,1495,0.1388
388,1101,1489,0.1388
384,1114,1498,0.1388
381,1128,1509,0.1388
385,1128,1513,0.1388
387,1126,1513,0.1388
388,1130,1518,0.1388
392,1130,1522,0.1388
392,1124,1516,0.1388
399,1130,1529,0.1388
393,1124,1517,0.1388
388,1130,1518,0.1388
391,1115,1506,0.1388
384,1129,1513,0.1388
385,1133,1518,0.1388
392,1131,1523,0.1388
390,1114,1504,0.1388
388,1115,1503,0.1388
400,1118,1518,0.1388
398,1122,1520,0.1388
398,1115,1513,0.1388
388,1126,1514,0.1388
387,1126,1513,0.1388
379,1133,1512,0.1388
377,1142,1519,0.1388
374,1146,1520,0.1388
377,1136,1513,0.1388
386,1129,1515,0.1388
388,1129,1517,0.1388
389,1131,1520,0.1388
386,1136,1522,0.1388
380,1142,1522,0.1388
381,1136,1517,0.1388
383,1139,1522,0.1388
383,1130,1513,0.1388
379,1133,1512,0.1388
378,1128,1506,0.1388
377,1130,1507,0.1388
383,1131,1514,0.1388
383,1133,1516,0.1388
378,1136,1514,0.1388
372,1127,1499,0.1388
379,1112,1491,0.1388
373,1110,1483,0.1388
372,1123,1495,0.1388
378,1132,1510,0.1388
384,1138,1522,0.1388
379,1137,1516,0.1388
370,1144,1514,0.1388
364,1139,1503,0.1388
365,1143,1508,0.1388
368,1126,1494,0.1388
370,1140,1510,0.1388
369,1140,1509,0.1388
366,1124,1490,0.1388
366,1134,1500,0.1388
371,1141,1512,0.1388
372,1139,1511,0.1388
368,1132,1500,0.1388
370,1135,1505,0.1388
377,1137,1514,0.1388
380,1132,1512,0.1388
378,1127,1505,0.1388
377,1137,1514,0.1388
375,1131,1506,0.1388
375,1132,1507,0.1388
377,1144,1521,0.1388
372,1139,1511,0.1388
370,1142,1512,0.1388
380,1140,1520,0.1388
374,1141,1515,0.1388
373,1150,1523,0.1388
372,1146,1518,0.1388
375,1149,1524,0.1388
370,1150,1520,0.1388
366,1146,1512,0.1388
363,1148,1511,0.1388
359,1139,1498,0.1388
366,1140,1506,0.1388
367,1140,1507,0.1388
367,1138,1505,0.1388
362,1150,1512,0.1388
358,1157,1515,0.1388
355,1161,1516,0.1388
352,1162,1514,0.1388
349,1159,1508,0.1388
353,1162,1515,0.1388
357,1150,1507,0.1388
355,1148,1503,0.1388
350,1149,1499,0.1388
346,1157,1503,0.1388
343,1147,1490,0.1388
342,1161,1503,0.1388
342,1165,1507,0.1388
341,1175,1516,0.1388
341,1176,1517,0.1388
337,1180,1517,0.1388
337,1179,1516,0.1388
337,1165,1502,0.1388
329,1162,1491,0.1388
330,1170,1500,0.1388
334,1177,1511,0.1388
330,1179,1509,0.1388
332,1194,1526,0.1388
330,1193,1523,0.1388
328,1185,1513,0.1388
331,1186,1517,0.1388
329,1191,1520,0.1388
325,1189,1514,0.1388
319,1196,1515,0.1388
319,1194,1513,0.1388
319,1184,1503,0.1388
315,1179,1494,0.1388
318,1175,1493,0.1388
320,1183,1503,0.1388
324,1191,1515,0.1388
323,1185,1508,0.1388
327,1180,1507,0.1388
332,1179,1511,0.1388
326,1182,1508,0.1388
331,1190,1521,0.1388
326,1188,1514,0.1388
326,1177,1503,0.1388
321,1174,1495,0.1388
323,1172,1495,0.1388
325,1163,1488,0.1388
326,1169,1495,0.1388
323,1187,1510,0.1388
322,1182,1504,0.1388
323,1198,1521,0.1388
323,1194,1517,0.1388
321,1188,1509,0.1388
321,1195,1516,0.1388
317,1193,1510,0.1388
321,1194,1515,0.1388
324,1191,1515,0.1388
323,1197,1520,0.1388
329,1199,1528,0.1388
331,1200,1531,0.1388
325,1194,1519,0.1388
322,1199,1521,0.1388
322,1194,1516,0.1388
314,1182,1496,0.1388
317,1193,1510,0.1388
323,1197,1520,0.1388
330,1179,1509,0.1388
326,1186,1512,0.1388
323,1189,1512,0.1388
318,1193,1511,0.1388
315,1191,1506,0.1388
317,1195,1512,0.1388
324,1191,1515,0.1388
324,1200,1524,0.1388
317,1200,1517,0.1388
313,1203,1516,0.1388
311,1209,1520,0.1388
312,1197,1509,0.1388
310,1198,1508,0.1388
310,1200,1510,0.1388
316,1198,1514,0.1388
314,1205,1519,0.1388
317,1208,1525,0.1388
323,1197,1520,0.1388
318,1200,1518,0.1388
319,1188,1507,0.1388
322,1194,1516,0.1388
316,1191,1507,0.1388
314,1195,1509,0.1388
318,1206,1524,0.1388
309,1202,1511,0.1388
312,1204,1516,0.1388
310,1205,1515,0.1388
310,1208,1518,0.1388
312,1204,1516,0.1388
308,1202,1510,0.1388
313,1198,1511,0.1388
315,1197,1512,0.1388
305,1201,1506,0.1388
303,1201,1504,0.1388
301,1208,1509,0.1388
295,1210,1505,0.1388
286,1217,1503,0.1388
299,1224,1523,0.1388
292,1221,1513,0.1388
299,1222,1521,0.1388
291,1230,1521,0.1388
292,1227,1519,0.1388
291,1225,1516,0.1388
293,1230,1523,0.1388
294,1218,1512,0.1388
285,1217,1502,0.1388
286,1240,1526,0.1388
289,1220,1509,0.1388
292,1222,1514,0.1388
290,1223,1513,0.1388
290,1226,1516,0.1388
284,1217,1501,0.1388
279,1221,1500,0.1388
279,1220,1499,0.1388
287,1225,1512,0.1388
282,1235,1517,0.1388
281,1240,1521,0.1388
281,1236,1517,0.1388
277,1224,1501,0.1388
280,1229,1509,0.1388
280,1228,1508,0.1388
281,1239,1520,0.1388
286,1240,1526,0.1388
291,1242,1533,0.1388
293,1239,1532,0.1388
289,1242,1531,0.1388
287,1247,1534,0.1388
285,1242,1527,0.1388
281,1244,1525,0.1388
280,1239,1519,0.1388
282,1231,1513,0.1388
283,1243,1526,0.1388
284,1238,1522,0.1388
283,1250,1533,0.1388
284,1254,1538,0.1388
285,1243,1528,0.1388
279,1237,1516,0.1388
283,1242,1525,0.1388
286,1243,1529,0.1388
282,1242,1524,0.1388
275,1244,1519,0.1388
269,1237,1506,0.1388
269,1233,1502,0.1388
274,1234,1508,0.1388
282,1232,1514,0.1388
278,1234,1512,0.1388
277,1233,1510,0.1388
273,1229,1502,0.1388
272,1235,1507,0.1388
269,1243,1512,0.1388
265,1255,1520,0.1388
267,1248,1515,0.1388
266,1240,1506,0.1388
264,1245,1509,0.1388
258,1257,1515,0.1388
265,1265,1530,0.1388
263,1272,1535,0.1388
258,1266,1524,0.1388
253,1264,1517,0.1388
254,1269,1523,0.1388
260,1264,1524,0.1388
260,1254,1514,0.1388
258,1250,1508,0.1388
259,1255,1514,0.1388
261,1255,1516,0.1388
259,1248,1507,0.1388
257,1259,1516,0.1388
248,1252,1500,0.1388
253,1247,1500,0.1388
251,1249,1500,0.1388
252,1252,1504,0.1388
253,1253,1506,0.1388
255,1262,1517,0.1388
255,1263,1518,0.1388
255,1262,1517,0.1388
255,1271,1526,0.1388
248,1275,1523,0.1388
250,1267,1517,0.1388
247,1273,1520,0.1388
247,1259,1506,0.1388
250,1269,1519,0.1388
252,1270,1522,0.1388
244,1268,1512,0.1388
249,1269,1518,0.1388
244,1273,1517,0.1388
243,1266,1509,0.1388
241,1268,1509,0.1388
242,1269,1511,0.1388
247,1269,1516,0.1388
249,1259,1508,0.1388
244,1263,1507,0.1388
244,1272,1516,0.1388
244,1273,1517,0.1388
237,1273,1510,0.1388
234,1273,1507,0.1388
233,1285,1518,0.1388
231,1275,1506,0.1388
230,1276,1506,0.1388
225,1284,1509,0.1388
224,1284,1508,0.1388
226,1294,1520,0.1388
226,1293,1519,0.1388
222,1283,1505,0.1388
221,1274,1495,0.1388
223,1290,1513,0.1388
217,1297,1514,0.1388
221,1290,1511,0.1388
219,1288,1507,0.1388
220,1290,1510,0.1388
222,1308,1530,0.1388
222,1299,1521,0.1388
225,1298,1523,0.1388
217,1300,1517,0.1388
215,1296,1511,0.1388
212,1296,1508,0.1388
211,1295,1506,0.1388
212,1296,1508,0.1388
204,1297,1501,0.1388
203,1306,1509,0.1388
202,1308,1510,0.1388
203,1304,1507,0.1388
210,1293,1503,0.1388
209,1298,1507,0.1388
208,1298,1506,0.1388
208,1296,1504,0.1388
208,1307,1515,0.1388
211,1308,1519,0.1388
207,1291,1498,0.1388
217,1310,1527,0.1388
215,1303,1518,0.1388
216,1301,1517,0.1388
215,1294,1509,0.1388
214,1298,1512,0.1388
215,1307,1522,0.1388
211,1307,1518,0.1388
213,1306,1519,0.1388
207,1296,1503,0.1388
203,1306,1509,0.1388
205,1299,1504,0.1388
208,1294,1502,0.1388
208,1299,1507,0.1388
207,1286,1493,0.1388
211,1297,1508,0.1388
212,1304,1516,0.1388
211,1305,1516,0.1388
209,1308,1517,0.1388
209,1292,1501,0.1388
209,1294,1503,0.1388
212,1309,1521,0.1388
217,1298,1515,0.1388
216,1302,1518,0.1388
208,1313,1521,0.1388
208,1295,1503,0.1388
211,1299,1510,0.1388
206,1305,1511,0.1388
205,1300,1505,0.1388
207,1297,1504,0.1388
210,1302,1512,0.1388
208,1294,1502,0.1388
210,1312,1522,0.1388
208,1318,1526,0.1388
207,1311,1518,0.1388
204,1315,1519,0.1388
201,1315,1516,0.1388
200,1302,1502,0.1388
197,1312,1509,0.1388
194,1311,1505,0.1388
195,1328,1523,0.1388
193,1311,1504,0.1388
190,1305,1495,0.1388
194,1318,1512,0.1388
193,1341,1534,0.1388
191,1336,1527,0.1388
191,1341,1532,0.1388
184,1333,1517,0.1388
185,1327,1512,0.1388
182,1333,1515,0.1388
177,1336,1513,0.1388
177,1334,1511,0.1388
172,1348,1520,0.1388
170,1341,1511,0.1388
172,1338,1510,0.1388
172,1339,1511,0.1388
174,1338,1512,0.1388
168,1338,1506,0.1388
166,1338,1504,0.1388
168,1333,1501,0.1388
169,1337,1506,0.1388
169,1350,1519,0.1388
169,1342,1511,0.1388
166,1346,1512,0.1388
163,1344,1507,0.1388
163,1349,1512,0.1388
163,1355,1518,0.1388
160,1363,1523,0.1388
159,1357,1516,0.1388
158,1353,1511,0.1388
157,1356,1513,0.1388
161,1356,1517,0.1388
159,1355,1514,0.1388
157,1360,1517,0.1388
154,1367,1521,0.1388
156,1362,1518,0.1388
156,1355,1511,0.1388
152,1354,1506,0.1388
156,1349,1505,0.1388
157,1351,1508,0.1388
157,1364,1521,0.1388
160,1367,1527,0.1388
160,1372,1532,0.1388
157,1368,1525,0.1388
153,1370,1523,0.1388
153,1382,1535,0.1388
153,1369,1522,0.1388
155,1365,1520,0.1388
156,1360,1516,0.1388
158,1361,1519,0.1388
157,1364,1521,0.1388
154,1361,1515,0.1388
156,1352,1508,0.1388
153,1352,1505,0.1388
149,1364,1513,0.1388
148,1367,1515,0.1388
147,1376,1523,0.1388
144,1387,1531,0.1388
141,1395,1536,0.1388
141,1394,1535,0.1388
138,1391,1529,0.1388
136,1389,1525,0.1388
137,1366,1503,0.1388
136,1379,1515,0.1388
135,1382,1517,0.1388
134,1390,1524,0.1388
133,1384,1517,0.1388
131,1388,1519,0.1388
137,1385,1522,0.1388
138,1388,1526,0.1388
134,1397,1531,0.1388
133,1407,1540,0.1388
130,1400,1530,0.1388
129,1381,1510,0.1388
123,1390,1513,0.1388
120,1402,1522,0.1388
118,1402,1520,0.1388
110,1406,1516,0.1388
110,1399,1509,0.1388
108,1383,1491,0.1388
112,1399,1511,0.1388
114,1399,1513,0.1388
112,1407,1519,0.1388
116,1394,1510,0.1388
114,1400,1514,0.1388
115,1405,1520,0.1388
115,1412,1527,0.1388
114,1417,1531,0.1388
111,1404,1515,0.1388
108,1406,1514,0.1388
106,1408,1514,0.1388
105,1406,1511,0.1388
101,1413,1514,0.1388
100,1404,1504,0.1388
101,1411,1512,0.1388
103,1412,1515,0.1388
104,1406,1510,0.1388
107,1406,1513,0.1388
108,1412,1520,0.1388
107,1409,1516,0.1388
109,1408,1517,0.1388
107,1411,1518,0.1388
107,1406,1513,0.1388
111,1408,1519,0.1388
115,1415,1530,0.1388
115,1405,1520,0.1388
111,1414,1525,0.1388
110,1413,1523,0.1388
109,1416,1525,0.1388
108,1416,1524,0.1388
108,1422,1530,0.1388
112,1410,1522,0.1388
109,1406,1515,0.1388
109,1410,1519,0.1388
115,1396,1511,0.1388
112,1398,1510,0.1388
111,1407,1518,0.1388
112,1405,1517,0.1388
116,1414,1530,0.1388
115,1409,1524,0.1388
116,1403,1519,0.1388
114,1401,1515,0.1388
114,1401,1515,0.1388
108,1410,1518,0.1388
105,1416,1521,0.1388
105,1416,1521,0.1388
104,1413,1517,0.1388
107,1407,1514,0.1388
112,1412,1524,0.1388
112,1406,1518,0.1388
112,1397,1509,0.1388
110,1397,1507,0.1388
110,1403,1513,0.1388
111,1416,1527,0.1388
108,1404,1512,0.1388
106,1404,1510,0.1388
108,1410,1518,0.1388
109,1393,1502,0.1388
109,1395,1504,0.1388
105,1402,1507,0.1388
105,1398,1503,0.1388
106,1394,1500,0.1388
109,1397,1506,0.1388
111,1394,1505,0.1388
112,1403,1515,0.1388
113,1409,1522,0.1388
109,1401,1510,0.1388
107,1403,1510,0.1388
105,1400,1505,0.1388
104,1395,1499,0.1388
108,1398,1506,0.1388
109,1403,1512,0.1388
110,1406,1516,0.1388
110,1415,1525,0.1388
111,1420,1531,0.1388
108,1426,1534,0.1388
110,1423,1533,0.1388
106,1408,1514,0.1388
107,1423,1530,0.1388
105,1411,1516,0.1388
106,1425,1531,0.1388
105,1423,1528,0.1388
102,1423,1525,0.1388
102,1414,1516,0.1388
101,1416,1517,0.1388
100,1416,1516,0.1388
96,1427,1523,0.1388
99,1430,1529,0.1388
95,1419,1514,0.1388
95,1435,1530,0.1388
94,1429,1523,0.1388
94,1437,1531,0.1388
97,1431,1528,0.1388
96,1424,1520,0.1388
97,1415,1512,0.1388
96,1407,1503,0.1388
92,1412,1504,0.1388
93,1422,1515,0.1388
95,1412,1507,0.1388
94,1406,1500,0.1388
99,1399,1498,0.1388
96,1401,1497,0.1388
100,1412,1512,0.1388
102,1415,1517,0.1388
104,1409,1513,0.1388
100,1408,1508,0.1388
99,1407,1506,0.1388
100,1420,1520,0.1388
99,1421,1520,0.1388
99,1420,1519,0.1388
98,1412,1510,0.1388
101,1418,1519,0.1388
103,1410,1513,0.1388
103,1417,1520,0.1388
102,1415,1517,0.1388
103,1410,1513,0.1388
106,1414,1520,0.1388
103,1418,1521,0.1388
101,1421,1522,0.1388
98,1399,1497,0.1388
99,1404,1503,0.1388
101,1418,1519,0.1388
96,1437,1533,0.1388
97,1425,1522,0.1388
95,1429,1524,0.1388
95,1419,1514,0.1388
101,1426,1527,0.1388
99,1417,1516,0.1388
100,1410,1510,0.1388
99,1411,1510,0.1388
97,1410,1507,0.1388
97,1418,1515,0.1388
97,1414,1511,0.1388
97,1415,1512,0.1388
97,1428,1525,0.1388
99,1431,1530,0.1388
97,1429,1526,0.1388
97,1414,1511,0.1388
97,1428,1525,0.1388
101,1414,1515,0.1388
101,1417,1518,0.1388
100,1405,1505,0.1388
100,1408,1508,0.1388
98,1410,1508,0.1388
97,1423,1520,0.1388
99,1420,1519,0.1388
98,1421,1519,0.1388
99,1416,1515,0.1388
100,1413,1513,0.1388
97,1419,1516,0.1388
97,1420,1517,0.1388
99,1427,1526,0.1388
96,1422,1518,0.1388
95,1416,1511,0.1388
96,1406,1502,0.1388
99,1416,1515,0.1388
96,1420,1516,0.1388
97,1425,1522,0.1388
95,1420,1515,0.1388
94,1414,1508,0.1388
98,1412,1510,0.1388
99,1413,1512,0.1388
99,1412,1511,0.1388
98,1392,1490,0.1388
99,1407,1506,0.1388
96,1409,1505,0.1388
100,1418,1518,0.1388
98,1411,1509,0.1388
99,1409,1508,0.1388
99,1406,1505,0.1388
101,1416,1517,0.1388
102,1417,1519,0.1388
104,1410,1514,0.1388
101,1413,1514,0.1388
96,1417,1513,0.1388
93,1425,1518,0.1388
94,1431,1525,0.1388
100,1428,1528,0.1388
98,1425,1523,0.1388
96,1421,1517,0.1388
96,1412,1508,0.1388
97,1422,1519,0.1388
99,1410,1509,0.1388
102,1422,1524,0.1388
101,1418,1519,0.1388
98,1423,1521,0.1388
100,1424,1524,0.1388
101,1425,1526,0.1388
102,1411,1513,0.1388
102,1426,1528,0.1388
103,1418,1521,0.1388
105,1428,1533,0.1388
106,1433,1539,0.1388
102,1430,1532,0.1388
102,1416,1518,0.1388
102,1417,1519,0.1388
97,1423,1520,0.1388
94,1411,1505,0.1388
93,1404,1497,0.1388
96,1409,1505,0.1388
102,1410,1512,0.1388
100,1414,1514,0.1388
100,1407,1507,0.1388
100,1408,1508,0.1388
101,1423,1524,0.1388
100,1424,1524,0.1388
102,1424,1526,0.1388
102,1419,1521,0.1388
101,1409,1510,0.1388
101,1400,1501,0.1388
99,1415,1514,0.1388
99,1419,1518,0.1388
100,1409,1509,0.1388
103,1415,1518,0.1388
100,1416,1516,0.1388
96,1412,1508,0.1388
97,1406,1503,0.1388
101,1421,1522,0.1388
97,1419,1516,0.1388
98,1413,1511,0.1388
101,1416,1517,0.1388
101,1417,1518,0.1388
97,1409,1506,0.1388
100,1413,1513,0.1388
99,1397,1496,0.1388
103,1404,1507,0.1388
103,1409,1512,0.1388
100,1423,1523,0.1388
96,1434,1530,0.1388
95,1426,1521,0.1388
90,1426,1516,0.1388
91,1423,1514,0.1388
92,1427,1519,0.1388
91,1429,1520,0.1388
91,1430,1521,0.1388
88,1429,1517,0.1388
86,1432,1518,0.1388
86,1433,1519,0.1388
87,1443,1530,0.1388
89,1442,1531,0.1388
92,1439,1531,0.1388
91,1440,1531,0.1388
90,1428,1518,0.1388
90,1418,1508,0.1388
90,1429,1519,0.1388
92,1436,1528,0.1388
92,1430,1522,0.1388
88,1438,1526,0.1388
91,1434,1525,0.1388
90,1437,1527,0.1388
89,1432,1521,0.1388
91,1437,1528,0.1388
89,1434,1523,0.1388
92,1441,1533,0.1388
92,1435,1527,0.1388
90,1424,1514,0.1388
89,1423,1512,0.1388
94,1434,1528,0.1388
94,1424,1518,0.1388
93,1412,1505,0.1388
91,1405,1496,0.1388
90,1419,1509,0.1388
91,1422,1513,0.1388
90,1432,1522,0.1388
90,1433,1523,0.1388
90,1419,1509,0.1388
91,1434,1525,0.1388
89,1430,1519,0.1388
89,1426,1515,0.1388
88,1430,1518,0.1388
89,1425,1514,0.1388
89,1424,1513,0.1388
88,1430,1518,0.1388
89,1442,1531,0.1388
87,1443,1530,0.1388
89,1436,1525,0.1388
87,1441,1528,0.1388
82,1442,1524,0.1388
85,1447,1532,0.1388
85,1440,1525,0.1388
84,1445,1529,0.1388
87,1430,1517,0.1388
86,1434,1520,0.1388
86,1427,1513,0.1388
86,1430,1516,0.1388
83,1430,1513,0.1388
83,1436,1519,0.1388
85,1435,1520,0.1388
87,1432,1519,0.1388
88,1425,1513,0.1388
88,1437,1525,0.1388
87,1420,1507,0.1388
89,1428,1517,0.1388
87,1430,1517,0.1388
84,1433,1517,0.1388
83,1441,1524,0.1388
84,1436,1520,0.1388
84,1431,1515,0.1388
85,1438,1523,0.1388
87,1434,1521,0.1388
90,1435,1525,0.1388
90,1442,1532,0.1388
89,1446,1535,0.1388
88,1445,1533,0.1388
86,1436,1522,0.1388
87,1432,1519,0.1388
83,1443,1526,0.1388
86,1444,1530,0.1388
86,1435,1521,0.1388
88,1438,1526,0.1388
91,1435,1526,0.1388
92,1433,1525,0.1388
96,1432,1528,0.1388
95,1438,1533,0.1388
96,1439,1535,0.1388
95,1417,1512,0.1388
91,1410,1501,0.1388
84,1419,1503,0.1388
83,1423,1506,0.1388
84,1433,1517,0.1388
79,1434,1513,0.1388
81,1432,1513,0.1388
77,1422,1499,0.1388
76,1418,1494,0.1388
76,1424,1500,0.1388
78,1427,1505,0.1388
80,1430,1510,0.1388
79,1442,1521,0.1388
78,1451,1529,0.1388
77,1448,1525,0.1388
78,1449,1527,0.1388
78,1456,1534,0.1388
80,1451,1531,0.1388
80,1448,1528,0.1388
83,1439,1522,0.1388
83,1447,1530,0.1388
82,1441,1523,0.1388
81,1447,1528,0.1388
79,1438,1517,0.1388
80,1437,1517,0.1388
79,1429,1508,0.1388
81,1444,1525,0.1388
82,1423,1505,0.1388
80,1436,1516,0.1388
76,1432,1508,0.1388
77,1451,1528,0.1388
83,1439,1522,0.1388
83,1440,1523,0.1388
83,1431,1514,0.1388
84,1429,1513,0.1388
86,1440,1526,0.1388
84,1448,1532,0.1388
82,1441,1523,0.1388
82,1439,1521,0.1388
82,1438,1520,0.1388
83,1439,1522,0.1388
81,1423,1504,0.1388
78,1431,1509,0.1388
80,1428,1508,0.1388
78,1425,1503,0.1388
77,1437,1514,0.1388
75,1453,1528,0.1388
74,1464,1538,0.1388
74,1443,1517,0.1388
76,1447,1523,0.1388
75,1455,1530,0.1388
74,1452,1526,0.1388
73,1443,1516,0.1388
69,1438,1507,0.1388
72,1442,1514,0.1388
72,1443,1515,0.1388
70,1438,1508,0.1388
68,1449,1517,0.1388
67,1444,1511,0.1388
68,1443,1511,0.1388
69,1446,1515,0.1388
68,1458,1526,0.1388
68,1449,1517,0.1388
69,1445,1514,0.1388
69,1448,1517,0.1388
67,1451,1518,0.1388
67,1445,1512,0.1388
69,1440,1509,0.1388
72,1448,1520,0.1388
70,1451,1521,0.1388
69,1451,1520,0.1388
68,1447,1515,0.1388
66,1450,1516,0.1388
65,1457,1522,0.1388
65,1460,1525,0.1388
66,1438,1504,0.1388
60,1432,1492,0.1388
59,1431,1490,0.1388
60,1447,1507,0.1388
61,1452,1513,0.1388
64,1447,1511,0.1388
62,1448,1510,0.1388
64,1460,1524,0.1388
62,1459,1521,0.1388
60,1465,1525,0.1388
61,1456,1517,0.1388
62,1451,1513,0.1388
61,1451,1512,0.1388
62,1450,1512,0.1388
65,1458,1523,0.1388
64,1468,1532,0.1388
64,1463,1527,0.1388
61,1455,1516,0.1388
61,1450,1511,0.1388
60,1460,1520,0.1388
64,1465,1529,0.1388
65,1456,1521,0.1388
65,1448,1513,0.1388
62,1442,1504,0.1388
62,1449,1511,0.1388
63,1449,1512,0.1388
64,1440,1504,0.1388
63,1458,1521,0.1388
63,1454,1517,0.1388
64,1450,1514,0.1388
65,1455,1520,0.1388
64,1454,1518,0.1388
65,1445,1510,0.1388
66,1439,1505,0.1388
64,1442,1506,0.1388
67,1439,1506,0.1388
67,1451,1518,0.1388
67,1456,1523,0.1388
70,1453,1523,0.1388
72,1458,1530,0.1388
72,1454,1526,0.1388
71,1462,1533,0.1388
73,1445,1518,0.1388
74,1452,1526,0.1388
74,1438,1512,0.1388
72,1435,1507,0.1388
70,1442,1512,0.1388
69,1450,1519,0.1388
71,1443,1514,0.1388
71,1440,1511,0.1388
65,1439,1504,0.1388
65,1430,1495,0.1388
68,1436,1504,0.1388
67,1452,1519,0.1388
67,1456,1523,0.1388
68,1443,1511,0.1388
67,1450,1517,0.1388
65,1445,1510,0.1388
65,1454,1519,0.1388
65,1464,1529,0.1388
64,1455,1519,0.1388
62,1456,1518,0.1388
59,1456,1515,0.1388
57,1476,1533,0.1388
57,1476,1533,0.1388
56,1470,1526,0.1388
57,1461,1518,0.1388
56,1463,1519,0.1388
55,1469,1524,0.1388
55,1450,1505,0.1388
57,1442,1499,0.1388
58,1440,1498,0.1388
56,1450,1506,0.1388
54,1456,1510,0.1388
56,1456,1512,0.1388
55,1455,1510,0.1388
56,1458,1514,0.1388
56,1455,1511,0.1388
58,1462,1520,0.1388
58,1448,1506,0.1388
54,1454,1508,0.1388
55,1462,1517,0.1388
55,1455,1510,0.1388
58,1463,1521,0.1388
55,1464,1519,0.1388
52,1471,1523,0.1388
52,1474,1526,0.1388
51,1461,1512,0.1388
52,1463,1515,0.1388
51,1463,1514,0.1388
52,1466,1518,0.1388
52,1466,1518,0.1388
52,1458,1510,0.1388
53,1459,1512,0.1388
53,1463,1516,0.1388
51,1463,1514,0.1388
50,1480,1530,0.1388
51,1474,1525,0.1388
51,1467,1518,0.1388
52,1468,1520,0.1388
50,1466,1516,0.1388
50,1468,1518,0.1388
49,1458,1507,0.1388
50,1447,1497,0.1388
50,1458,1508,0.1388
52,1460,1512,0.1388
51,1455,1506,0.1388
51,1455,1506,0.1388
50,1452,1502,0.1388
49,1460,1509,0.1388
48,1469,1517,0.1388
50,1457,1507,0.1388
48,1470,1518,0.1388
50,1464,1514,0.1388
49,1475,1524,0.1388
49,1465,1514,0.1388
46,1455,1501,0.1388
48,1468,1516,0.1388
50,1463,1513,0.1388
52,1465,1517,0.1388
50,1462,1512,0.1388
48,1481,1529,0.1388
47,1476,1523,0.1388
48,1478,1526,0.1388
48,1471,1519,0.1388
49,1478,1527,0.1388
48,1481,1529,0.1388
46,1482,1528,0.1388
47,1476,1523,0.1388
48,1477,1525,0.1388
47,1476,1523,0.1388
46,1479,1525,0.1388
47,1467,1514,0.1388
45,1465,1510,0.1388
45,1473,1518,0.1388
47,1470,1517,0.1388
50,1471,1521,0.1388
52,1472,1524,0.1388
51,1465,1516,0.1388
51,1467,1518,0.1388
52,1458,1510,0.1388
52,1459,1511,0.1388
52,1474,1526,0.1388
51,1474,1525,0.1388
53,1472,1525,0.1388
51,1471,1522,0.1388
51,1472,1523,0.1388
49,1479,1528,0.1388
51,1464,1515,0.1388
50,1474,1524,0.1388
50,1481,1531,0.1388
48,1470,1518,0.1388
48,1473,1521,0.1388
43,1472,1515,0.1388
43,1468,1511,0.1388
43,1460,1503,0.1388
44,1465,1509,0.1388
44,1458,1502,0.1388
43,1469,1512,0.1388
42,1464,1506,0.1388
44,1470,1514,0.1388
44,1470,1514,0.1388
43,1470,1513,0.1388
43,1485,1528,0.1388
41,1483,1524,0.1388
43,1466,1509,0.1388
45,1459,1504,0.1388
45,1457,1502,0.1388
42,1445,1487,0.1388
44,1467,1511,0.1388
43,1468,1511,0.1388
42,1477,1519,0.1388
42,1488,1530,0.1388
43,1496,1539,0.1388
44,1497,1541,0.1388
41,1483,1524,0.1388
40,1477,1517,0.1388
41,1486,1527,0.1388
45,1482,1527,0.1388
43,1480,1523,0.1388
43,1480,1523,0.1388
41,1464,1505,0.1388
40,1471,1511,0.1388
41,1467,1508,0.1388
41,1474,1515,0.1388
40,1468,1508,0.1388
39,1468,1507,0.1388
40,1460,1500,0.1388
38,1470,1508,0.1388
40,1481,1521,0.1388
42,1474,1516,0.1388
41,1474,1515,0.1388
39,1482,1521,0.1388
41,1493,1534,0.1388
39,1487,1526,0.1388
38,1500,1538,0.1388
37,1485,1522,0.1388
37,1481,1518,0.1388
37,1495,1532,0.1388
37,1505,1542,0.1388
36,1500,1536,0.1388
36,1493,1529,0.1388
35,1492,1527,0.1388
35,1480,1515,0.1388
34,1483,1517,0.1388
34,1484,1518,0.1388
34,1483,1517,0.1388
35,1474,1509,0.1388
37,1471,1508,0.1388
39,1487,1526,0.1388
40,1494,1534,0.1388
38,1491,1529,0.1388
35,1485,1520,0.1388
37,1483,1520,0.1388
37,1481,1518,0.1388
35,1488,1523,0.1388
33,1488,1521,0.1388
35,1487,1522,0.1388
34,1492,1526,0.1388
34,1488,1522,0.1388
33,1480,1513,0.1388
32,1481,1513,0.1388
31,1481,1512,0.1388
33,1478,1511,0.1388
34,1486,1520,0.1388
33,1488,1521,0.1388
33,1480,1513,0.1388
33,1483,1516,0.1388
33,1491,1524,0.1388
32,1479,1511,0.1388
31,1482,1513,0.1388
29,1474,1503,0.1388
29,1473,1502,0.1388
30,1480,1510,0.1388
28,1482,1510,0.1388
28,1470,1498,0.1388
28,1477,1505,0.1388
28,1480,1508,0.1388
28,1489,1517,0.1388
29,1479,1508,0.1388
27,1476,1503,0.1388
27,1490,1517,0.1388
28,1481,1509,0.1388
28,1474,1502,0.1388
26,1482,1508,0.1388
26,1491,1517,0.1388
26,1475,1501,0.1388
26,1463,1489,0.1388
27,1485,1512,0.1388
28,1489,1517,0.1388
28,1485,1513,0.1388
28,1472,1500,0.1388
27,1481,1508,0.1388
27,1496,1523,0.1388
28,1492,1520,0.1388
29,1498,1527,0.1388
27,1494,1521,0.1388
27,1491,1518,0.1388
28,1496,1524,0.1388
29,1486,1515,0.1388
26,1482,1508,0.1388
24,1483,1507,0.1388
25,1485,1510,0.1388
25,1484,1509,0.1388
25,1491,1516,0.1388
26,1495,1521,0.1388
26,1491,1517,0.1388
25,1491,1516,0.1388
24,1489,1513,0.1388
23,1493,1516,0.1388
22,1478,1500,0.1388
21,1485,1506,0.1388
20,1488,1508,0.1388
20,1499,1519,0.1388
19,1488,1507,0.1388
21,1498,1519,0.1388
21,1500,1521,0.1388
20,1503,1523,0.1388
20,1506,1526,0.1388
20,1505,1525,0.1388
20,1508,1528,0.1388
20,1501,1521,0.1388
20,1500,1520,0.1388
18,1488,1506,0.1388
17,1493,1510,0.1388
16,1501,1517,0.1388
14,1511,1525,0.1388
14,1497,1511,0.1388
15,1498,1513,0.1388
16,1508,1524,0.1388
16,1506,1522,0.1388
16,1509,1525,0.1388
16,1504,1520,0.1388
16,1492,1508,0.1388
16,1495,1511,0.1388
16,1494,1510,0.1388
16,1493,1509,0.1388
15,1501,1516,0.1388
14,1491,1505,0.1388
15,1488,1503,0.1388
15,1498,1513,0.1388
15,1499,1514,0.1388
13,1482,1495,0.1388
15,1499,1514,0.1388
15,1492,1507,0.1388
14,1501,1515,0.1388
13,1510,1523,0.1388
14,1494,1508,0.1388
14,1487,1501,0.1388
12,1492,1504,0.1388
12,1485,1497,0.1388
12,1488,1500,0.1388
13,1483,1496,0.1388
12,1488,1500,0.1388
14,1499,1513,0.1388
14,1502,1516,0.1388
13,1507,1520,0.1388
13,1506,1519,0.1388
13,1504,1517,0.1388
12,1499,1511,0.1388
12,1510,1522,0.1388
13,1509,1522,0.1388
13,1511,1524,0.1388
13,1486,1499,0.1388
13,1496,1509,0.1388
13,1505,1518,0.1388
13,1493,1506,0.1388
13,1498,1511,0.1388
13,1502,1515,0.1388
13,1488,1501,0.1388
14,1492,1506,0.1388
14,1504,1518,0.1388
14,1505,1519,0.1388
13,1503,1516,0.1388
13,1510,1523,0.1388
13,1511,1524,0.1388
13,1497,1510,0.1388
13,1494,1507,0.1388
14,1499,1513,0.1388
13,1498,1511,0.1388
12,1513,1525,0.1388
12,1514,1526,0.1388
12,1498,1510,0.1388
13,1506,1519,0.1388
13,1493,1506,0.1388
13,1488,1501,0.1388
13,1486,1499,0.1388
13,1483,1496,0.1388
13,1503,1516,0.1388
13,1502,1515,0.1388
13,1498,1511,0.1388
13,1479,1492,0.1388
14,1490,1504,0.1388
14,1507,1521,0.1388
14,1500,1514,0.1388
14,1491,1505,0.1388
15,1495,1510,0.1388
15,1511,1526,0.1388
15,1508,1523,0.1388
15,1508,1523,0.1388
15,1496,1511,0.1388
14,1501,1515,0.1388
14,1507,1521,0.1388
14,1500,1514,0.1388
14,1496,1510,0.1388
15,1511,1526,0.1388
16,1493,1509,0.1388
16,1487,1503,0.1388
15,1497,1512,0.1388
15,1490,1505,0.1388
15,1512,1527,0.1388
16,1512,1528,0.1388
17,1513,1530,0.1388
16,1503,1519,0.1388
16,1508,1524,0.1388
17,1495,1512,0.1388
17,1494,1511,0.1388
17,1490,1507,0.1388
17,1501,1518,0.1388
16,1486,1502,0.1388
16,1487,1503,0.1388
15,1489,1504,0.1388
15,1499,1514,0.1388
14,1502,1516,0.1388
16,1503,1519,0.1388
17,1498,1515,0.1388
16,1491,1507,0.1388
17,1496,1513,0.1388
19,1493,1512,0.1388
18,1487,1505,0.1388
16,1482,1498,0.1388
17,1484,1501,0.1388
17,1483,1500,0.1388
18,1480,1498,0.1388
17,1497,1514,0.1388
17,1504,1521,0.1388
20,1491,1511,0.1388
21,1488,1509,0.1388
22,1497,1519,0.1388
22,1507,1529,0.1388
21,1497,1518,0.1388
21,1492,1513,0.1388
22,1497,1519,0.1388
22,1503,1525,0.1388
21,1500,1521,0.1388
24,1505,1529,0.1388
25,1494,1519,0.1388
24,1488,1512,0.1388
23,1483,1506,0.1388
24,1480,1504,0.1388
22,1493,1515,0.1388
22,1507,1529,0.1388
22,1509,1531,0.1388
24,1500,1524,0.1388
23,1502,1525,0.1388
22,1498,1520,0.1388
22,1492,1514,0.1388
22,1493,1515,0.1388
22,1495,1517,0.1388
21,1500,1521,0.1388
22,1488,1510,0.1388
21,1490,1511,0.1388
21,1492,1513,0.1388
21,1498,1519,0.1388
21,1502,1523,0.1388
21,1500,1521,0.1388
21,1502,1523,0.1388
21,1493,1514,0.1388
21,1508,1529,0.1388
20,1505,1525,0.1388
20,1512,1532,0.1388
21,1513,1534,0.1388
22,1507,1529,0.1388
22,1507,1529,0.1388
21,1508,1529,0.1388
20,1507,1527,0.1388
20,1503,1523,0.1388
20,1508,1528,0.1388
20,1507,1527,0.1388
20,1504,1524,0.1388
17,1491,1508,0.1388
17,1511,1528,0.1388
16,1495,1511,0.1388
18,1499,1517,0.1388
20,1493,1513,0.1388
19,1504,1523,0.1388
19,1504,1523,0.1388
19,1491,1510,0.1388
20,1499,1519,0.1388
20,1511,1531,0.1388
19,1510,1529,0.1388
20,1502,1522,0.1388
21,1502,1523,0.1388
20,1512,1532,0.1388
21,1503,1524,0.1388
21,1497,1518,0.1388
21,1483,1504,0.1388
21,1485,1506,0.1388
22,1479,1501,0.1388
22,1473,1495,0.1388
22,1491,1513,0.1388
21,1486,1507,0.1388
21,1496,1517,0.1388
20,1497,1517,0.1388
21,1482,1503,0.1388
22,1498,1520,0.1388
22,1507,1529,0.1388
22,1505,1527,0.1388
22,1483,1505,0.1388
21,1493,1514,0.1388
22,1487,1509,0.1388
21,1484,1505,0.1388
19,1495,1514,0.1388
20,1505,1525,0.1388
20,1503,1523,0.1388
20,1493,1513,0.1388
20,1507,1527,0.1388
19,1492,1511,0.1388
20,1503,1523,0.1388
20,1498,1518,0.1388
20,1514,1534,0.1388
18,1509,1527,0.1388
20,1512,1532,0.1388
20,1497,1517,0.1388
20,1489,1509,0.1388
19,1494,1513,0.1388
18,1501,1519,0.1388
17,1505,1522,0.1388
16,1493,1509,0.1388
17,1501,1518,0.1388
18,1493,1511,0.1388
18,1499,1517,0.1388
18,1502,1520,0.1388
18,1505,1523,0.1388
18,1506,1524,0.1388
17,1504,1521,0.1388
16,1487,1503,0.1388
16,1483,1499,0.1388
16,1482,1498,0.1388
17,1497,1514,0.1388
17,1492,1509,0.1388
17,1490,1507,0.1388
18,1492,1510,0.1388
19,1491,1510,0.1388
20,1491,1511,0.1388
20,1494,1514,0.1388
20,1498,1518,0.1388
19,1486,1505,0.1388
17,1490,1507,0.1388
17,1493,1510,0.1388
16,1484,1500,0.1388
15,1483,1498,0.1388
15,1494,1509,0.1388
15,1491,1506,0.1388
16,1492,1508,0.1388
16,1502,1518,0.1388
16,1503,1519,0.1388
16,1507,1523,0.1388
16,1512,1528,0.1388
16,1509,1525,0.1388
16,1515,1531,0.1388
16,1508,1524,0.1388
14,1512,1526,0.1388
13,1510,1523,0.1388
13,1518,1531,0.1388
13,1515,1528,0.1388
15,1500,1515,0.1388
15,1506,1521,0.1388
15,1506,1521,0.1388
15,1504,1519,0.1388
13,1501,1514,0.1388
14,1506,1520,0.1388
13,1512,1525,0.1388
13,1503,1516,0.1388
13,1498,1511,0.1388
11,1516,1527,0.1388
12,1513,1525,0.1388
13,1525,1538,0.1388
12,1513,1525,0.1388
13,1518,1531,0.1388
14,1510,1524,0.1388
15,1514,1529,0.1388
15,1509,1524,0.1388
16,1494,1510,0.1388
16,1502,1518,0.1388
16,1515,1531,0.1388
17,1518,1535,0.1388
17,1509,1526,0.1388
17,1516,1533,0.1388
17,1509,1526,0.1388
16,1490,1506,0.1388
18,1495,1513,0.1388
18,1495,1513,0.1388
17,1499,1516,0.1388
17,1498,1515,0.1388
17,1500,1517,0.1388
17,1500,1517,0.1388
18,1498,1516,0.1388
18,1496,1514,0.1388
17,1505,1522,0.1388
17,1500,1517,0.1388
17,1498,1515,0.1388
17,1492,1509,0.1388
18,1503,1521,0.1388
17,1510,1527,0.1388
17,1500,1517,0.1388
16,1504,1520,0.1388
17,1503,1520,0.1388
18,1503,1521,0.1388
18,1501,1519,0.1388
18,1494,1512,0.1388
18,1512,1530,0.1388
19,1506,1525,0.1388
17,1502,1519,0.1388
17,1498,1515,0.1388
16,1503,1519,0.1388
15,1508,1523,0.1388
15,1517,1532,0.1388
14,1514,1528,0.1388
14,1505,1519,0.1388
15,1502,1517,0.1388
13,1499,1512,0.1388
14,1514,1528,0.1388
14,1497,1511,0.1388
13,1506,1519,0.1388
13,1506,1519,0.1388
10,1518,1528,0.1388
11,1510,1521,0.1388
11,1508,1519,0.1388
10,1498,1508,0.1388
10,1503,1513,0.1388
10,1503,1513,0.1388
10,1509,1519,0.1388
10,1512,1522,0.1388
10,1509,1519,0.1388
10,1508,1518,0.1388
9,1507,1516,0.1388
9,1505,1514,0.1388
9,1504,1513,0.1388
10,1506,1516,0.1388
10,1521,1531,0.1388
10,1528,1538,0.1388
10,1520,1530,0.1388
11,1512,1523,0.1388
11,1512,1523,0.1388
11,1502,1513,0.1388
11,1508,1519,0.1388
11,1512,1523,0.1388
11,1521,1532,0.1388
12,1515,1527,0.1388
12,1503,1515,0.1388
11,1487,1498,0.1388
11,1484,1495,0.1388
10,1488,1498,0.1388
10,1498,1508,0.1388
10,1491,1501,0.1388
10,1504,1514,0.1388
10,1518,1528,0.1388
11,1511,1522,0.1388
11,1510,1521,0.1388
10,1506,1516,0.1388
10,1513,1523,0.1388
10,1509,1519,0.1388
10,1510,1520,0.1388
10,1507,1517,0.1388
10,1522,1532,0.1388
10,1501,1511,0.1388
9,1502,1511,0.1388
7,1505,1512,0.1388
7,1508,1515,0.1388
7,1506,1513,0.1388
8,1502,1510,0.1388
10,1499,1509,0.1388
9,1497,1506,0.1388
9,1501,1510,0.1388
10,1500,1510,0.1388
10,1498,1508,0.1388
10,1513,1523,0.1388
8,1523,1531,0.1388
8,1525,1533,0.1388
8,1497,1505,0.1388
8,1499,1507,0.1388
8,1500,1508,0.1388
7,1500,1507,0.1388
7,1501,1508,0.1388
7,1500,1507,0.1388
6,1509,1515,0.1388
6,1516,1522,0.1388
6,1508,1514,0.1388
6,1508,1514,0.1388
6,1505,1511,0.1388
6,1494,1500,0.1388
7,1505,1512,0.1388
8,1489,1497,0.1388
9,1498,1507,0.1388
9,1510,1519,0.1388
9,1506,1515,0.1388
8,1518,1526,0.1388
8,1518,1526,0.1388
8,1509,1517,0.1388
8,1515,1523,0.1388
8,1505,1513,0.1388
9,1503,1512,0.1388
9,1507,1516,0.1388
9,1507,1516,0.1388
9,1512,1521,0.1388
9,1516,1525,0.1388
9,1506,1515,0.1388
9,1504,1513,0.1388
9,1494,1503,0.1388
9,1501,1510,0.1388
9,1503,1512,0.1388
9,1506,1515,0.1388
10,1514,1524,0.1388
9,1509,1518,0.1388
8,1495,1503,0.1388
8,1495,1503,0.1388
8,1494,1502,0.1388
7,1506,1513,0.1388
7,1510,1517,0.1388
7,1517,1524,0.1388
6,1510,1516,0.1388
6,1504,1510,0.1388
6,1507,1513,0.1388
6,1520,1526,0.1388
6,1521,1527,0.1388
6,1524,1530,0.1388
5,1518,1523,0.1388
5,1505,1510,0.1388
5,1508,1513,0.1388
5,1503,1508,0.1388
6,1512,1518,0.1388
6,1506,1512,0.1388
6,1516,1522,0.1388
6,1511,1517,0.1388
6,1520,1526,0.1388
6,1513,1519,0.1388
5,1521,1526,0.1388
5,1515,1520,0.1388
5,1508,1513,0.1388
5,1496,1501,0.1388
5,1517,1522,0.1388
5,1510,1515,0.1388
5,1496,1501,0.1388
5,1504,1509,0.1388
5,1503,1508,0.1388
5,1509,1514,0.1388
4,1507,1511,0.1388
4,1502,1506,0.1388
4,1508,1512,0.1388
4,1506,1510,0.1388
4,1512,1516,0.1388
4,1509,1513,0.1388
3,1518,1521,0.1388
3,1522,1525,0.1388
4,1512,1516,0.1388
4,1512,1516,0.1388
4,1499,1503,0.1388
4,1502,1506,0.1388
3,1515,1518,0.1388
3,1514,1517,0.1388
3,1494,1497,0.1388
3,1510,1513,0.1388
3,1514,1517,0.1388
3,1519,1522,0.1388
3,1518,1521,0.1388
3,1512,1515,0.1388
2,1523,1525,0.1388
2,1519,1521,0.1388
2,1515,1517,0.1388
2,1518,1520,0.1388
2,1516,1518,0.1388
2,1503,1505,0.1388
2,1509,1511,0.1388
2,1513,1515,0.1388
2,1509,1511,0.1388
2,1510,1512,0.1388
2,1498,1500,0.1388
2,1511,1513,0.1388
2,1510,1512,0.1388
2,1511,1513,0.1388
2,1496,1498,0.1388
2,1503,1505,0.1388
2,1514,1516,0.1388
2,1502,1504,0.1388
1,1505,1506,0.1388
1,1510,1511,0.1388
1,1507,1508,0.1388
1,1521,1522,0.1388
0,1514,1514,0.1388
