1351,30,1381,0.1388
1380,32,1412,0.1388
1411,29,1440,0.1388
1428,30,1458,0.1388
1430,32,1462,0.1388
1427,35,1462,0.1388
1433,38,1471,0.1388
1458,41,1499,0.1388
1467,40,1507,0.1388
1469,39,1508,0.1388
1455,41,1496,0.1388
1472,42,1514,0.1388
1462,44,1506,0.1388
1458,46,1504,0.1388
1462,46,1508,0.1388
1455,50,1505,0.1388
1451,50,1501,0.1388
1444,54,1498,0.1388
1438,53,1491,0.1388
1427,55,1482,0.1388
1414,55,1469,0.1388
1425,61,1486,0.1388
1449,62,1511,0.1388
1451,62,1513,0.1388
1442,60,1502,0.1388
1439,60,1499,0.1388
1442,61,1503,0.1388
1429,58,1487,0.1388
1417,61,1478,0.1388
1430,61,1491,0.1388
1440,61,1501,0.1388
1445,61,1506,0.1388
1448,59,1507,0.1388
1449,60,1509,0.1388
1450,58,1508,0.1388
1442,59,1501,0.1388
1452,59,1511,0.1388
1437,58,1495,0.1388
1431,62,1493,0.1388
1437,61,1498,0.1388
1440,61,1501,0.1388
1436,60,1496,0.1388
1441,61,1502,0.1388
1439,59,1498,0.1388
1433,61,1494,0.1388
1435,60,1495,0.1388
1443,60,1503,0.1388
1437,61,1498,0.1388
1441,62,1503,0.1388
1444,62,1506,0.1388
1447,65,1512,0.1388
1440,69,1509,0.1388
1430,70,1500,0.1388
1416,72,1488,0.1388
1423,74,1497,0.1388
1438,77,1515,0.1388
1434,79,1513,0.1388
1424,79,1503,0.1388
1415,79,1494,0.1388
1405,81,1486,0.1388
1404,78,1482,0.1388
1415,83,1498,0.1388
1414,85,1499,0.1388
1413,81,1494,0.1388
1404,83,1487,0.1388
1416,83,1499,0.1388
1413,84,1497,0.1388
1395,82,1477,0.1388
1392,86,1478,0.1388
1395,87,1482,0.1388
1398,93,1491,0.1388
1398,93,1491,0.1388
1397,95,1492,0.1388
1396,93,1489,0.1388
1394,95,1489,0.1388
1392,92,1484,0.1388
1387,92,1479,0.1388
1385,94,1479,0.1388
1377,92,1469,0.1388
1386,94,1480,0.1388
1383,95,1478,0.1388
1379,97,1476,0.1388
1412,96,1508,0.1388
1419,95,1514,0.1388
1413,93,1506,0.1388
1395,92,1487,0.1388
1404,92,1496,0.1388
1390,90,1480,0.1388
1393,91,1484,0.1388
1393,97,1490,0.1388
1399,98,1497,0.1388
1397,98,1495,0.1388
1402,99,1501,0.1388
1403,100,1503,0.1388
1402,98,1500,0.1388
1409,94,1503,0.1388
1414,97,1511,0.1388
1406,94,1500,0.1388
1396,98,1494,0.1388
1396,95,1491,0.1388
1392,95,1487,0.1388
1398,91,1489,0.1388
1395,96,1491,0.1388
1396,94,1490,0.1388
1392,96,1488,0.1388
1401,91,1492,0.1388
1400,92,1492,0.1388
1383,93,1476,0.1388
1376,94,1470,0.1388
1383,95,1478,0.1388
1386,98,1484,0.1388
1397,97,1494,0.1388
1392,101,1493,0.1388
1387,101,1488,0.1388
1384,105,1489,0.1388
1399,104,1503,0.1388
1401,107,1508,0.1388
1390,105,1495,0.1388
1377,104,1481,0.1388
1382,104,1486,0.1388
1390,99,1489,0.1388
1380,98,1478,0.1388
1382,95,1477,0.1388
1376,97,1473,0.1388
1392,99,1491,0.1388
1386,99,1485,0.1388
1394,97,1491,0.1388
1381,98,1479,0.1388
1395,104,1499,0.1388
1391,102,1493,0.1388
1394,98,1492,0.1388
1405,96,1501,0.1388
1390,100,1490,0.1388
1380,100,1480,0.1388
1390,99,1489,0.1388
1385,96,1481,0.1388
1385,98,1483,0.1388
1387,98,1485,0.1388
1392,98,1490,0.1388
1386,98,1484,0.1388
1383,100,1483,0.1388
1388,100,1488,0.1388
1388,103,1491,0.1388
1386,104,1490,0.1388
1393,108,1501,0.1388
1394,108,1502,0.1388
1377,107,1484,0.1388
1391,104,1495,0.1388
1380,105,1485,0.1388
1388,106,1494,0.1388
1392,108,1500,0.1388
1393,110,1503,0.1388
1390,112,1502,0.1388
1392,111,1503,0.1388
1387,107,1494,0.1388
1385,108,1493,0.1388
1371,109,1480,0.1388
1382,109,1491,0.1388
1379,107,1486,0.1388
1369,109,1478,0.1388
1380,108,1488,0.1388
1388,104,1492,0.1388
1393,106,1499,0.1388
1391,106,1497,0.1388
1387,110,1497,0.1388
1381,112,1493,0.1388
1373,115,1488,0.1388
1364,118,1482,0.1388
1370,119,1489,0.1388
1366,116,1482,0.1388
1376,112,1488,0.1388
1376,112,1488,0.1388
1373,110,1483,0.1388
1383,111,1494,0.1388
1390,111,1501,0.1388
1372,112,1484,0.1388
1364,113,1477,0.1388
1369,112,1481,0.1388
1383,114,1497,0.1388
1382,110,1492,0.1388
1372,109,1481,0.1388
1366,106,1472,0.1388
1373,107,1480,0.1388
1379,110,1489,0.1388
1374,113,1487,0.1388
1388,114,1502,0.1388
1380,112,1492,0.1388
1379,113,1492,0.1388
1384,111,1495,0.1388
1380,110,1490,0.1388
1390,112,1502,0.1388
1380,110,1490,0.1388
1384,111,1495,0.1388
1374,107,1481,0.1388
1377,114,1491,0.1388
1366,119,1485,0.1388
1368,120,1488,0.1388
1372,118,1490,0.1388
1363,120,1483,0.1388
1373,118,1491,0.1388
1365,116,1481,0.1388
1368,115,1483,0.1388
1363,115,1478,0.1388
1352,117,1469,0.1388
1364,122,1486,0.1388
1372,123,1495,0.1388
1379,122,1501,0.1388
1374,127,1501,0.1388
1372,128,1500,0.1388
1374,132,1506,0.1388
1384,132,1516,0.1388
1376,131,1507,0.1388
1379,130,1509,0.1388
1379,129,1508,0.1388
1362,130,1492,0.1388
1366,132,1498,0.1388
1368,132,1500,0.1388
1364,132,1496,0.1388
1371,129,1500,0.1388
1376,132,1508,0.1388
1370,130,1500,0.1388
1362,129,1491,0.1388
1375,132,1507,0.1388
1370,134,1504,0.1388
1367,136,1503,0.1388
1353,136,1489,0.1388
1365,138,1503,0.1388
1370,138,1508,0.1388
1372,139,1511,0.1388
1371,142,1513,0.1388
1344,142,1486,0.1388
1346,139,1485,0.1388
1359,141,1500,0.1388
1362,142,1504,0.1388
1352,141,1493,0.1388
1366,146,1512,0.1388
1359,147,1506,0.1388
1356,147,1503,0.1388
1348,152,1500,0.1388
1347,150,1497,0.1388
1335,149,1484,0.1388
1339,147,1486,0.1388
1338,147,1485,0.1388
1339,147,1486,0.1388
1344,148,1492,0.1388
1336,148,1484,0.1388
1347,141,1488,0.1388
1348,144,1492,0.1388
1345,143,1488,0.1388
1340,145,1485,0.1388
1333,145,1478,0.1388
1351,143,1494,0.1388
1350,140,1490,0.1388
1343,141,1484,0.1388
1345,142,1487,0.1388
1346,144,1490,0.1388
1339,144,1483,0.1388
1344,147,1491,0.1388
1334,147,1481,0.1388
1332,145,1477,0.1388
1325,149,1474,0.1388
1338,152,1490,0.1388
1347,150,1497,0.1388
1345,154,1499,0.1388
1326,153,1479,0.1388
1330,151,1481,0.1388
1337,151,1488,0.1388
1338,156,1494,0.1388
1342,153,1495,0.1388
1354,155,1509,0.1388
1354,158,1512,0.1388
1348,161,1509,0.1388
1333,162,1495,0.1388
1331,160,1491,0.1388
1336,158,1494,0.1388
1336,158,1494,0.1388
1339,165,1504,0.1388
1338,162,1500,0.1388
1337,159,1496,0.1388
1328,159,1487,0.1388
1334,157,1491,0.1388
1325,160,1485,0.1388
1335,161,1496,0.1388
1334,164,1498,0.1388
1338,163,1501,0.1388
1350,161,1511,0.1388
1346,160,1506,0.1388
1340,161,1501,0.1388
1344,164,1508,0.1388
1342,165,1507,0.1388
1340,163,1503,0.1388
1342,164,1506,0.1388
1341,160,1501,0.1388
1340,163,1503,0.1388
1346,162,1508,0.1388
1337,158,1495,0.1388
1336,160,1496,0.1388
1331,163,1494,0.1388
1331,165,1496,0.1388
1340,161,1501,0.1388
1325,162,1487,0.1388
1325,162,1487,0.1388
1328,161,1489,0.1388
1334,163,1497,0.1388
1338,164,1502,0.1388
1340,160,1500,0.1388
1352,157,1509,0.1388
1350,154,1504,0.1388
1347,155,1502,0.1388
1354,156,1510,0.1388
1352,158,1510,0.1388
1343,162,1505,0.1388
1336,164,1500,0.1388
1330,164,1494,0.1388
1334,165,1499,0.1388
1323,169,1492,0.1388
1328,168,1496,0.1388
1326,166,1492,0.1388
1326,165,1491,0.1388
1332,164,1496,0.1388
1335,163,1498,0.1388
1338,160,1498,0.1388
1341,164,1505,0.1388
1329,167,1496,0.1388
1328,165,1493,0.1388
1337,167,1504,0.1388
1335,165,1500,0.1388
1335,163,1498,0.1388
1331,169,1500,0.1388
1321,167,1488,0.1388
1312,167,1479,0.1388
1316,176,1492,0.1388
1309,184,1493,0.1388
1313,179,1492,0.1388
1317,181,1498,0.1388
1312,184,1496,0.1388
1302,184,1486,0.1388
1315,190,1505,0.1388
1321,188,1509,0.1388
1312,182,1494,0.1388
1312,182,1494,0.1388
1311,183,1494,0.1388
1322,182,1504,0.1388
1317,182,1499,0.1388
1305,176,1481,0.1388
1303,182,1485,0.1388
1298,177,1475,0.1388
1301,175,1476,0.1388
1314,178,1492,0.1388
1327,178,1505,0.1388
1330,177,1507,0.1388
1319,175,1494,0.1388
1313,178,1491,0.1388
1331,178,1509,0.1388
1321,182,1503,0.1388
1309,184,1493,0.1388
1316,183,1499,0.1388
1312,185,1497,0.1388
1311,186,1497,0.1388
1323,181,1504,0.1388
1316,182,1498,0.1388
1313,182,1495,0.1388
1303,185,1488,0.1388
1299,184,1483,0.1388
1303,176,1479,0.1388
1315,175,1490,0.1388
1324,174,1498,0.1388
1321,175,1496,0.1388
1320,174,1494,0.1388
1325,172,1497,0.1388
1317,177,1494,0.1388
1319,179,1498,0.1388
1316,178,1494,0.1388
1311,183,1494,0.1388
1317,182,1499,0.1388
1308,179,1487,0.1388
1296,179,1475,0.1388
1295,184,1479,0.1388
1293,188,1481,0.1388
1298,190,1488,0.1388
1293,189,1482,0.1388
1299,189,1488,0.1388
1309,192,1501,0.1388
1310,194,1504,0.1388
1292,194,1486,0.1388
1301,194,1495,0.1388
1306,193,1499,0.1388
1296,194,1490,0.1388
1285,199,1484,0.1388
1288,200,1488,0.1388
1277,200,1477,0.1388
1297,196,1493,0.1388
1311,196,1507,0.1388
1321,198,1519,0.1388
1312,204,1516,0.1388
1297,207,1504,0.1388
1307,206,1513,0.1388
1293,207,1500,0.1388
1297,206,1503,0.1388
1302,209,1511,0.1388
1290,203,1493,0.1388
1307,212,1519,0.1388
1303,203,1506,0.1388
1307,208,1515,0.1388
1309,208,1517,0.1388
1316,207,1523,0.1388
1294,207,1501,0.1388
1277,209,1486,0.1388
1289,207,1496,0.1388
1287,209,1496,0.1388
1290,212,1502,0.1388
1294,205,1499,0.1388
1292,204,1496,0.1388
1294,205,1499,0.1388
1292,208,1500,0.1388
1277,208,1485,0.1388
1284,209,1493,0.1388
1276,209,1485,0.1388
1283,211,1494,0.1388
1285,215,1500,0.1388
1286,210,1496,0.1388
1293,213,1506,0.1388
1290,213,1503,0.1388
1283,219,1502,0.1388
1287,219,1506,0.1388
1291,222,1513,0.1388
1281,225,1506,0.1388
1285,222,1507,0.1388
1272,221,1493,0.1388
1262,224,1486,0.1388
1263,223,1486,0.1388
1274,223,1497,0.1388
1268,220,1488,0.1388
1265,212,1477,0.1388
1257,216,1473,0.1388
1257,214,1471,0.1388
1277,216,1493,0.1388
1272,214,1486,0.1388
1264,219,1483,0.1388
1262,212,1474,0.1388
1268,216,1484,0.1388
1271,214,1485,0.1388
1283,208,1491,0.1388
1274,205,1479,0.1388
1269,207,1476,0.1388
1275,208,1483,0.1388
1278,213,1491,0.1388
1286,215,1501,0.1388
1287,214,1501,0.1388
1273,210,1483,0.1388
1269,212,1481,0.1388
1268,215,1483,0.1388
1272,212,1484,0.1388
1286,211,1497,0.1388
1295,213,1508,0.1388
1291,208,1499,0.1388
1282,208,1490,0.1388
1275,207,1482,0.1388
1296,206,1502,0.1388
1298,207,1505,0.1388
1305,212,1517,0.1388
1283,212,1495,0.1388
1280,221,1501,0.1388
1282,219,1501,0.1388
1282,213,1495,0.1388
1282,213,1495,0.1388
1282,210,1492,0.1388
1284,217,1501,0.1388
1280,217,1497,0.1388
1276,220,1496,0.1388
1280,217,1497,0.1388
1279,227,1506,0.1388
1269,231,1500,0.1388
1272,233,1505,0.1388
1272,228,1500,0.1388
1274,234,1508,0.1388
1273,231,1504,0.1388
1266,227,1493,0.1388
1262,228,1490,0.1388
1257,235,1492,0.1388
1266,233,1499,0.1388
1255,231,1486,0.1388
1260,230,1490,0.1388
1266,232,1498,0.1388
1249,232,1481,0.1388
1257,235,1492,0.1388
1253,240,1493,0.1388
1255,229,1484,0.1388
1264,239,1503,0.1388
1269,240,1509,0.1388
1264,246,1510,0.1388
1269,244,1513,0.1388
1256,244,1500,0.1388
1252,249,1501,0.1388
1249,250,1499,0.1388
1236,244,1480,0.1388
1239,248,1487,0.1388
1236,250,1486,0.1388
1223,246,1469,0.1388
1231,247,1478,0.1388
1234,251,1485,0.1388
1235,243,1478,0.1388
1233,246,1479,0.1388
1240,249,1489,0.1388
1252,255,1507,0.1388
1246,254,1500,0.1388
1252,250,1502,0.1388
1263,250,1513,0.1388
1255,240,1495,0.1388
1255,241,1496,0.1388
1249,245,1494,0.1388
1256,244,1500,0.1388
1258,242,1500,0.1388
1268,242,1510,0.1388
1251,250,1501,0.1388
1254,252,1506,0.1388
1243,246,1489,0.1388
1236,250,1486,0.1388
1243,251,1494,0.1388
1225,249,1474,0.1388
1238,250,1488,0.1388
1232,252,1484,0.1388
1229,250,1479,0.1388
1231,244,1475,0.1388
1242,245,1487,0.1388
1247,248,1495,0.1388
1252,250,1502,0.1388
1241,255,1496,0.1388
1253,250,1503,0.1388
1245,252,1497,0.1388
1239,257,1496,0.1388
1241,260,1501,0.1388
1243,254,1497,0.1388
1237,259,1496,0.1388
1237,261,1498,0.1388
1243,266,1509,0.1388
1244,265,1509,0.1388
1246,261,1507,0.1388
1245,267,1512,0.1388
1236,260,1496,0.1388
1240,262,1502,0.1388
1232,268,1500,0.1388
1238,273,1511,0.1388
1229,270,1499,0.1388
1243,270,1513,0.1388
1244,265,1509,0.1388
1242,267,1509,0.1388
1245,269,1514,0.1388
1239,274,1513,0.1388
1239,268,1507,0.1388
1233,267,1500,0.1388
1233,266,1499,0.1388
1229,267,1496,0.1388
1236,270,1506,0.1388
1229,270,1499,0.1388
1227,266,1493,0.1388
1219,274,1493,0.1388
1218,277,1495,0.1388
1208,281,1489,0.1388
1215,287,1502,0.1388
1219,280,1499,0.1388
1208,280,1488,0.1388
1209,284,1493,0.1388
1208,287,1495,0.1388
1200,288,1488,0.1388
1209,289,1498,0.1388
1207,281,1488,0.1388
1213,281,1494,0.1388
1214,285,1499,0.1388
1219,283,1502,0.1388
1204,283,1487,0.1388
1201,289,1490,0.1388
1207,289,1496,0.1388
1203,284,1487,0.1388
1214,295,1509,0.1388
1210,292,1502,0.1388
1211,293,1504,0.1388
1199,291,1490,0.1388
1191,291,1482,0.1388
1192,285,1477,0.1388
1184,292,1476,0.1388
1196,299,1495,0.1388
1193,293,1486,0.1388
1207,296,1503,0.1388
1185,300,1485,0.1388
1201,301,1502,0.1388
1205,300,1505,0.1388
1212,302,1514,0.1388
1201,298,1499,0.1388
1192,303,1495,0.1388
1181,305,1486,0.1388
1186,309,1495,0.1388
1203,306,1509,0.1388
1212,307,1519,0.1388
1203,305,1508,0.1388
1201,305,1506,0.1388
1207,304,1511,0.1388
1192,304,1496,0.1388
1199,302,1501,0.1388
1184,300,1484,0.1388
1185,296,1481,0.1388
1188,301,1489,0.1388
1203,306,1509,0.1388
1192,305,1497,0.1388
1195,308,1503,0.1388
1205,307,1512,0.1388
1195,307,1502,0.1388
1197,304,1501,0.1388
1198,301,1499,0.1388
1201,306,1507,0.1388
1196,312,1508,0.1388
1198,310,1508,0.1388
1197,312,1509,0.1388
1193,316,1509,0.1388
1191,310,1501,0.1388
1187,313,1500,0.1388
1175,312,1487,0.1388
1185,314,1499,0.1388
1190,307,1497,0.1388
1193,307,1500,0.1388
1200,298,1498,0.1388
1191,301,1492,0.1388
1193,302,1495,0.1388
1187,306,1493,0.1388
1185,309,1494,0.1388
1186,312,1498,0.1388
1187,314,1501,0.1388
1180,313,1493,0.1388
1166,314,1480,0.1388
1170,315,1485,0.1388
1178,317,1495,0.1388
1181,323,1504,0.1388
1182,324,1506,0.1388
1178,323,1501,0.1388
1178,326,1504,0.1388
1178,327,1505,0.1388
1184,324,1508,0.1388
1178,337,1515,0.1388
1182,333,1515,0.1388
1186,333,1519,0.1388
1183,337,1520,0.1388
1179,339,1518,0.1388
1177,338,1515,0.1388
1164,336,1500,0.1388
1165,339,1504,0.1388
1157,346,1503,0.1388
1146,349,1495,0.1388
1147,346,1493,0.1388
1151,347,1498,0.1388
1139,349,1488,0.1388
1128,349,1477,0.1388
1132,350,1482,0.1388
1149,341,1490,0.1388
1141,343,1484,0.1388
1144,350,1494,0.1388
1140,345,1485,0.1388
1140,341,1481,0.1388
1152,342,1494,0.1388
1157,345,1502,0.1388
1156,348,1504,0.1388
1166,343,1509,0.1388
1172,343,1515,0.1388
1157,338,1495,0.1388
1163,339,1502,0.1388
1160,342,1502,0.1388
1164,341,1505,0.1388
1155,341,1496,0.1388
1152,344,1496,0.1388
1154,352,1506,0.1388
1150,352,1502,0.1388
1148,352,1500,0.1388
1141,350,1491,0.1388
1137,357,1494,0.1388
1120,353,1473,0.1388
1129,350,1479,0.1388
1137,354,1491,0.1388
1136,356,1492,0.1388
1133,363,1496,0.1388
1128,362,1490,0.1388
1128,365,1493,0.1388
1122,371,1493,0.1388
1124,366,1490,0.1388
1127,363,1490,0.1388
1136,365,1501,0.1388
1133,370,1503,0.1388
1128,367,1495,0.1388
1133,370,1503,0.1388
1129,364,1493,0.1388
1126,365,1491,0.1388
1128,368,1496,0.1388
1124,369,1493,0.1388
1123,375,1498,0.1388
1116,384,1500,0.1388
1127,382,1509,0.1388
1125,372,1497,0.1388
1122,371,1493,0.1388
1125,381,1506,0.1388
1127,375,1502,0.1388
1126,374,1500,0.1388
1128,371,1499,0.1388
1138,374,1512,0.1388
1128,379,1507,0.1388
1132,377,1509,0.1388
1140,381,1521,0.1388
1130,390,1520,0.1388
1122,388,1510,0.1388
1121,395,1516,0.1388
1102,405,1507,0.1388
1103,407,1510,0.1388
1096,407,1503,0.1388
1095,409,1504,0.1388
1093,410,1503,0.1388
1102,414,1516,0.1388
1088,420,1508,0.1388
1083,413,1496,0.1388
1082,419,1501,0.1388
1083,428,1511,0.1388
1079,425,1504,0.1388
1082,418,1500,0.1388
1082,410,1492,0.1388
1077,416,1493,0.1388
1082,428,1510,0.1388
1068,427,1495,0.1388
1076,423,1499,0.1388
1070,425,1495,0.1388
1071,430,1501,0.1388
1077,429,1506,0.1388
1077,423,1500,0.1388
1082,424,1506,0.1388
1086,428,1514,0.1388
1078,431,1509,0.1388
1066,436,1502,0.1388
1072,432,1504,0.1388
1069,440,1509,0.1388
1060,438,1498,0.1388
1079,432,1511,0.1388
1073,432,1505,0.1388
1061,436,1497,0.1388
1068,432,1500,0.1388
1082,432,1514,0.1388
1083,430,1513,0.1388
1076,430,1506,0.1388
1074,436,1510,0.1388
1070,435,1505,0.1388
1066,439,1505,0.1388
1080,438,1518,0.1388
1071,434,1505,0.1388
1063,432,1495,0.1388
1056,436,1492,0.1388
1058,439,1497,0.1388
1055,439,1494,0.1388
1053,440,1493,0.1388
1067,445,1512,0.1388
1057,443,1500,0.1388
1056,443,1499,0.1388
1056,446,1502,0.1388
1052,447,1499,0.1388
1053,446,1499,0.1388
1057,442,1499,0.1388
1053,447,1500,0.1388
1061,444,1505,0.1388
1060,440,1500,0.1388
1046,448,1494,0.1388
1046,444,1490,0.1388
1052,446,1498,0.1388
1058,451,1509,0.1388
1062,460,1522,0.1388
1049,457,1506,0.1388
1037,456,1493,0.1388
1037,467,1504,0.1388
1027,473,1500,0.1388
1028,475,1503,0.1388
1017,472,1489,0.1388
1029,474,1503,0.1388
1030,473,1503,0.1388
1022,477,1499,0.1388
1018,475,1493,0.1388
1012,484,1496,0.1388
1010,484,1494,0.1388
1001,489,1490,0.1388
1002,484,1486,0.1388
1006,492,1498,0.1388
1007,498,1505,0.1388
1004,493,1497,0.1388
1008,503,1511,0.1388
1013,506,1519,0.1388
1011,505,1516,0.1388
1006,506,1512,0.1388
1005,497,1502,0.1388
1005,496,1501,0.1388
997,496,1493,0.1388
1002,500,1502,0.1388
991,502,1493,0.1388
990,503,1493,0.1388
980,513,1493,0.1388
986,520,1506,0.1388
989,517,1506,0.1388
978,521,1499,0.1388
980,522,1502,0.1388
987,522,1509,0.1388
977,521,1498,0.1388
965,524,1489,0.1388
966,532,1498,0.1388
973,537,1510,0.1388
973,536,1509,0.1388
972,534,1506,0.1388
982,540,1522,0.1388
972,539,1511,0.1388
965,536,1501,0.1388
965,538,1503,0.1388
960,536,1496,0.1388
959,536,1495,0.1388
972,540,1512,0.1388
965,541,1506,0.1388
957,548,1505,0.1388
953,547,1500,0.1388
948,544,1492,0.1388
950,553,1503,0.1388
950,552,1502,0.1388
943,557,1500,0.1388
936,558,1494,0.1388
938,560,1498,0.1388
934,555,1489,0.1388
934,558,1492,0.1388
930,559,1489,0.1388
925,564,1489,0.1388
929,571,1500,0.1388
930,570,1500,0.1388
930,567,1497,0.1388
919,568,1487,0.1388
930,568,1498,0.1388
932,573,1505,0.1388
942,567,1509,0.1388
936,560,1496,0.1388
936,571,1507,0.1388
930,566,1496,0.1388
932,564,1496,0.1388
926,572,1498,0.1388
915,578,1493,0.1388
913,576,1489,0.1388
919,582,1501,0.1388
910,582,1492,0.1388
919,580,1499,0.1388
918,578,1496,0.1388
929,572,1501,0.1388
929,579,1508,0.1388
933,575,1508,0.1388
923,578,1501,0.1388
924,581,1505,0.1388
921,580,1501,0.1388
924,578,1502,0.1388
927,575,1502,0.1388
929,578,1507,0.1388
925,577,1502,0.1388
917,577,1494,0.1388
921,577,1498,0.1388
920,582,1502,0.1388
913,590,1503,0.1388
908,596,1504,0.1388
910,604,1514,0.1388
898,602,1500,0.1388
902,601,1503,0.1388
902,604,1506,0.1388
892,609,1501,0.1388
897,610,1507,0.1388
901,609,1510,0.1388
902,609,1511,0.1388
906,612,1518,0.1388
906,608,1514,0.1388
892,608,1500,0.1388
892,607,1499,0.1388
888,608,1496,0.1388
878,619,1497,0.1388
884,628,1512,0.1388
876,631,1507,0.1388
875,635,1510,0.1388
863,631,1494,0.1388
864,634,1498,0.1388
858,633,1491,0.1388
863,636,1499,0.1388
863,628,1491,0.1388
870,618,1488,0.1388
859,632,1491,0.1388
858,627,1485,0.1388
874,639,1513,0.1388
872,634,1506,0.1388
880,632,1512,0.1388
872,643,1515,0.1388
867,636,1503,0.1388
861,639,1500,0.1388
854,646,1500,0.1388
857,636,1493,0.1388
859,632,1491,0.1388
856,635,1491,0.1388
864,635,1499,0.1388
860,638,1498,0.1388
853,648,1501,0.1388
862,644,1506,0.1388
856,646,1502,0.1388
848,658,1506,0.1388
838,659,1497,0.1388
837,655,1492,0.1388
843,663,1506,0.1388
836,659,1495,0.1388
830,665,1495,0.1388
833,672,1505,0.1388
835,677,1512,0.1388
824,681,1505,0.1388
815,677,1492,0.1388
814,680,1494,0.1388
812,686,1498,0.1388
805,681,1486,0.1388
814,679,1493,0.1388
803,686,1489,0.1388
810,698,1508,0.1388
809,707,1516,0.1388
792,706,1498,0.1388
806,705,1511,0.1388
801,706,1507,0.1388
802,710,1512,0.1388
803,703,1506,0.1388
805,711,1516,0.1388
815,709,1524,0.1388
802,710,1512,0.1388
804,699,1503,0.1388
794,708,1502,0.1388
798,703,1501,0.1388
796,697,1493,0.1388
800,697,1497,0.1388
796,706,1502,0.1388
801,698,1499,0.1388
802,705,1507,0.1388
803,702,1505,0.1388
801,711,1512,0.1388
801,700,1501,0.1388
800,704,1504,0.1388
804,712,1516,0.1388
800,725,1525,0.1388
792,726,1518,0.1388
796,720,1516,0.1388
789,725,1514,0.1388
783,718,1501,0.1388
778,717,1495,0.1388
789,719,1508,0.1388
793,724,1517,0.1388
782,719,1501,0.1388
779,724,1503,0.1388
774,729,1503,0.1388
777,729,1506,0.1388
777,730,1507,0.1388
777,721,1498,0.1388
770,732,1502,0.1388
768,733,1501,0.1388
767,731,1498,0.1388
764,739,1503,0.1388
766,731,1497,0.1388
758,732,1490,0.1388
762,728,1490,0.1388
772,722,1494,0.1388
769,726,1495,0.1388
766,728,1494,0.1388
766,732,1498,0.1388
768,736,1504,0.1388
756,744,1500,0.1388
760,740,1500,0.1388
754,750,1504,0.1388
754,753,1507,0.1388
745,743,1488,0.1388
752,746,1498,0.1388
750,749,1499,0.1388
741,751,1492,0.1388
746,749,1495,0.1388
753,751,1504,0.1388
752,759,1511,0.1388
756,763,1519,0.1388
751,761,1512,0.1388
734,766,1500,0.1388
741,772,1513,0.1388
735,776,1511,0.1388
726,782,1508,0.1388
733,791,1524,0.1388
726,793,1519,0.1388
718,796,1514,0.1388
716,800,1516,0.1388
714,798,1512,0.1388
713,794,1507,0.1388
708,799,1507,0.1388
707,799,1506,0.1388
709,805,1514,0.1388
702,793,1495,0.1388
717,799,1516,0.1388
721,798,1519,0.1388
715,794,1509,0.1388
720,792,1512,0.1388
710,790,1500,0.1388
721,799,1520,0.1388
715,786,1501,0.1388
722,795,1517,0.1388
712,801,1513,0.1388
714,796,1510,0.1388
708,806,1514,0.1388
706,799,1505,0.1388
702,805,1507,0.1388
708,802,1510,0.1388
701,806,1507,0.1388
707,801,1508,0.1388
708,807,1515,0.1388
698,809,1507,0.1388
694,816,1510,0.1388
695,810,1505,0.1388
689,807,1496,0.1388
682,818,1500,0.1388
683,812,1495,0.1388
689,810,1499,0.1388
694,816,1510,0.1388
698,821,1519,0.1388
692,810,1502,0.1388
693,807,1500,0.1388
693,811,1504,0.1388
692,812,1504,0.1388
690,819,1509,0.1388
698,817,1515,0.1388
700,818,1518,0.1388
700,813,1513,0.1388
702,817,1519,0.1388
692,805,1497,0.1388
695,802,1497,0.1388
697,794,1491,0.1388
694,803,1497,0.1388
690,805,1495,0.1388
694,815,1509,0.1388
688,816,1504,0.1388
693,831,1524,0.1388
682,826,1508,0.1388
683,829,1512,0.1388
691,825,1516,0.1388
690,830,1520,0.1388
681,827,1508,0.1388
672,830,1502,0.1388
673,836,1509,0.1388
686,836,1522,0.1388
686,840,1526,0.1388
677,843,1520,0.1388
671,845,1516,0.1388
674,844,1518,0.1388
665,855,1520,0.1388
672,842,1514,0.1388
661,847,1508,0.1388
660,846,1506,0.1388
651,845,1496,0.1388
660,849,1509,0.1388
658,852,1510,0.1388
652,859,1511,0.1388
649,867,1516,0.1388
644,868,1512,0.1388
645,851,1496,0.1388
646,853,1499,0.1388
644,859,1503,0.1388
647,868,1515,0.1388
642,869,1511,0.1388
632,873,1505,0.1388
626,880,1506,0.1388
631,882,1513,0.1388
632,890,1522,0.1388
630,897,1527,0.1388
633,887,1520,0.1388
630,882,1512,0.1388
630,884,1514,0.1388
624,880,1504,0.1388
615,882,1497,0.1388
610,888,1498,0.1388
610,893,1503,0.1388
611,878,1489,0.1388
618,887,1505,0.1388
615,892,1507,0.1388
620,903,1523,0.1388
616,892,1508,0.1388
629,880,1509,0.1388
629,885,1514,0.1388
638,877,1515,0.1388
635,873,1508,0.1388
627,886,1513,0.1388
628,885,1513,0.1388
636,881,1517,0.1388
636,888,1524,0.1388
632,892,1524,0.1388
624,892,1516,0.1388
622,902,1524,0.1388
618,900,1518,0.1388
618,889,1507,0.1388
619,899,1518,0.1388
621,903,1524,0.1388
627,901,1528,0.1388
615,900,1515,0.1388
614,909,1523,0.1388
613,910,1523,0.1388
609,912,1521,0.1388
605,910,1515,0.1388
599,911,1510,0.1388
609,916,1525,0.1388
607,913,1520,0.1388
607,913,1520,0.1388
600,920,1520,0.1388
604,920,1524,0.1388
600,922,1522,0.1388
588,924,1512,0.1388
589,924,1513,0.1388
591,919,1510,0.1388
597,930,1527,0.1388
596,926,1522,0.1388
582,921,1503,0.1388
582,914,1496,0.1388
589,919,1508,0.1388
587,923,1510,0.1388
581,920,1501,0.1388
572,922,1494,0.1388
572,935,1507,0.1388
572,936,1508,0.1388
577,933,1510,0.1388
578,929,1507,0.1388
574,931,1505,0.1388
573,927,1500,0.1388
566,927,1493,0.1388
571,927,1498,0.1388
564,942,1506,0.1388
559,951,1510,0.1388
565,951,1516,0.1388
555,949,1504,0.1388
549,957,1506,0.1388
546,949,1495,0.1388
542,961,1503,0.1388
551,949,1500,0.1388
545,947,1492,0.1388
548,953,1501,0.1388
554,945,1499,0.1388
555,957,1512,0.1388
551,956,1507,0.1388
545,968,1513,0.1388
538,973,1511,0.1388
532,974,1506,0.1388
538,977,1515,0.1388
536,975,1511,0.1388
546,976,1522,0.1388
542,974,1516,0.1388
539,984,1523,0.1388
537,973,1510,0.1388
533,976,1509,0.1388
531,969,1500,0.1388
530,964,1494,0.1388
534,968,1502,0.1388
524,981,1505,0.1388
534,978,1512,0.1388
536,979,1515,0.1388
538,966,1504,0.1388
530,979,1509,0.1388
527,965,1492,0.1388
525,964,1489,0.1388
530,978,1508,0.1388
528,988,1516,0.1388
526,984,1510,0.1388
529,990,1519,0.1388
527,990,1517,0.1388
527,994,1521,0.1388
529,996,1525,0.1388
527,985,1512,0.1388
518,980,1498,0.1388
505,987,1492,0.1388
508,998,1506,0.1388
501,999,1500,0.1388
494,1005,1499,0.1388
500,1012,1512,0.1388
499,1013,1512,0.1388
494,1007,1501,0.1388
495,1012,1507,0.1388
498,1015,1513,0.1388
493,1012,1505,0.1388
497,1017,1514,0.1388
495,1018,1513,0.1388
486,1028,1514,0.1388
488,1028,1516,0.1388
487,1033,1520,0.1388
490,1024,1514,0.1388
483,1024,1507,0.1388
489,1021,1510,0.1388
490,1023,1513,0.1388
484,1022,1506,0.1388
484,1027,1511,0.1388
481,1023,1504,0.1388
482,1024,1506,0.1388
487,1034,1521,0.1388
479,1028,1507,0.1388
482,1023,1505,0.1388
475,1032,1507,0.1388
476,1037,1513,0.1388
477,1036,1513,0.1388
467,1035,1502,0.1388
468,1033,1501,0.1388
466,1039,1505,0.1388
469,1040,1509,0.1388
474,1038,1512,0.1388
476,1032,1508,0.1388
481,1033,1514,0.1388
483,1032,1515,0.1388
474,1040,1514,0.1388
477,1044,1521,0.1388
469,1041,1510,0.1388
469,1049,1518,0.1388
476,1047,1523,0.1388
467,1039,1506,0.1388
470,1039,1509,0.1388
466,1028,1494,0.1388
467,1049,1516,0.1388
466,1055,1521,0.1388
465,1053,1518,0.1388
456,1052,1508,0.1388
451,1048,1499,0.1388
458,1043,1501,0.1388
461,1045,1506,0.1388
462,1048,1510,0.1388
468,1049,1517,0.1388
464,1048,1512,0.1388
465,1057,1522,0.1388
465,1050,1515,0.1388
466,1045,1511,0.1388
469,1047,1516,0.1388
465,1050,1515,0.1388
463,1056,1519,0.1388
465,1057,1522,0.1388
466,1057,1523,0.1388
469,1046,1515,0.1388
462,1037,1499,0.1388
466,1034,1500,0.1388
470,1039,1509,0.1388
473,1036,1509,0.1388
474,1034,1508,0.1388
479,1035,1514,0.1388
476,1037,1513,0.1388
473,1035,1508,0.1388
478,1019,1497,0.1388
474,1015,1489,0.1388
483,1013,1496,0.1388
479,1018,1497,0.1388
479,1018,1497,0.1388
470,1013,1483,0.1388
469,1025,1494,0.1388
478,1024,1502,0.1388
475,1028,1503,0.1388
486,1023,1509,0.1388
481,1029,1510,0.1388
470,1035,1505,0.1388
475,1037,1512,0.1388
474,1033,1507,0.1388
469,1038,1507,0.1388
470,1037,1507,0.1388
469,1031,1500,0.1388
468,1043,1511,0.1388
467,1042,1509,0.1388
459,1038,1497,0.1388
457,1046,1503,0.1388
455,1052,1507,0.1388
452,1064,1516,0.1388
458,1067,1525,0.1388
447,1061,1508,0.1388
452,1062,1514,0.1388
447,1064,1511,0.1388
451,1063,1514,0.1388
451,1045,1496,0.1388
448,1053,1501,0.1388
447,1047,1494,0.1388
446,1043,1489,0.1388
448,1063,1511,0.1388
450,1069,1519,0.1388
446,1068,1514,0.1388
445,1057,1502,0.1388
438,1065,1503,0.1388
442,1068,1510,0.1388
442,1072,1514,0.1388
443,1070,1513,0.1388
436,1064,1500,0.1388
431,1059,1490,0.1388
431,1064,1495,0.1388
436,1069,1505,0.1388
435,1058,1493,0.1388
437,1059,1496,0.1388
438,1058,1496,0.1388
426,1058,1484,0.1388
429,1065,1494,0.1388
429,1060,1489,0.1388
435,1069,1504,0.1388
437,1082,1519,0.1388
436,1077,1513,0.1388
435,1083,1518,0.1388
431,1075,1506,0.1388
427,1084,1511,0.1388
426,1078,1504,0.1388
419,1074,1493,0.1388
424,1069,1493,0.1388
426,1077,1503,0.1388
421,1092,1513,0.1388
423,1090,1513,0.1388
416,1089,1505,0.1388
419,1093,1512,0.1388
427,1096,1523,0.1388
423,1087,1510,0.1388
427,1087,1514,0.1388
426,1088,1514,0.1388
417,1091,1508,0.1388
411,1089,1500,0.1388
407,1097,1504,0.1388
405,1093,1498,0.1388
409,1102,1511,0.1388
415,1098,1513,0.1388
411,1095,1506,0.1388
416,1098,1514,0.1388
416,1097,1513,0.1388
416,1098,1514,0.1388
415,1106,1521,0.1388
418,1102,1520,0.1388
421,1103,1524,0.1388
424,1104,1528,0.1388
418,1112,1530,0.1388
412,1104,1516,0.1388
414,1100,1514,0.1388
405,1106,1511,0.1388
406,1102,1508,0.1388
413,1099,1512,0.1388
410,1104,1514,0.1388
414,1100,1514,0.1388
416,1102,1518,0.1388
418,1101,1519,0.1388
414,1114,1528,0.1388
409,1105,1514,0.1388
401,1094,1495,0.1388
399,1091,1490,0.1388
406,1099,1505,0.1388
400,1109,1509,0.1388
399,1107,1506,0.1388
401,1109,1510,0.1388
398,1110,1508,0.1388
394,1112,1506,0.1388
397,1116,1513,0.1388
398,1124,1522,0.1388
393,1128,1521,0.1388
390,1123,1513,0.1388
390,1122,1512,0.1388
396,1107,1503,0.1388
395,1120,1515,0.1388
389,1115,1504,0.1388
384,1127,1511,0.1388
388,1129,1517,0.1388
385,1125,1510,0.1388
394,1132,1526,0.1388
397,1129,1526,0.1388
398,1121,1519,0.1388
392,1115,1507,0.1388
386,1120,1506,0.1388
378,1131,1509,0.1388
375,1125,1500,0.1388
376,1125,1501,0.1388
374,1130,1504,0.1388
369,1132,1501,0.1388
365,1139,1504,0.1388
366,1140,1506,0.1388
365,1127,1492,0.1388
370,1141,1511,0.1388
366,1145,1511,0.1388
358,1139,1497,0.1388
355,1140,1495,0.1388
351,1140,1491,0.1388
352,1146,1498,0.1388
353,1148,1501,0.1388
347,1142,1489,0.1388
342,1152,1494,0.1388
348,1141,1489,0.1388
352,1151,1503,0.1388
350,1150,1500,0.1388
355,1153,1508,0.1388
355,1148,1503,0.1388
348,1154,1502,0.1388
350,1157,1507,0.1388
357,1158,1515,0.1388
349,1163,1512,0.1388
348,1165,1513,0.1388
351,1176,1527,0.1388
346,1166,1512,0.1388
347,1173,1520,0.1388
352,1167,1519,0.1388
347,1167,1514,0.1388
348,1158,1506,0.1388
348,1165,1513,0.1388
352,1154,1506,0.1388
344,1173,1517,0.1388
345,1173,1518,0.1388
341,1170,1511,0.1388
342,1170,1512,0.1388
348,1162,1510,0.1388
340,1158,1498,0.1388
334,1158,1492,0.1388
337,1155,1492,0.1388
339,1153,1492,0.1388
337,1162,1499,0.1388
334,1169,1503,0.1388
331,1172,1503,0.1388
329,1183,1512,0.1388
330,1183,1513,0.1388
327,1184,1511,0.1388
322,1187,1509,0.1388
322,1183,1505,0.1388
326,1190,1516,0.1388
326,1191,1517,0.1388
322,1185,1507,0.1388
323,1176,1499,0.1388
322,1175,1497,0.1388
330,1176,1506,0.1388
326,1179,1505,0.1388
324,1185,1509,0.1388
329,1179,1508,0.1388
327,1185,1512,0.1388
334,1182,1516,0.1388
334,1172,1506,0.1388
329,1176,1505,0.1388
327,1189,1516,0.1388
320,1199,1519,0.1388
322,1199,1521,0.1388
312,1210,1522,0.1388
316,1208,1524,0.1388
315,1215,1530,0.1388
313,1198,1511,0.1388
316,1203,1519,0.1388
313,1197,1510,0.1388
316,1201,1517,0.1388
311,1211,1522,0.1388
312,1201,1513,0.1388
311,1202,1513,0.1388
315,1212,1527,0.1388
312,1204,1516,0.1388
313,1201,1514,0.1388
310,1197,1507,0.1388
311,1193,1504,0.1388
310,1200,1510,0.1388
316,1208,1524,0.1388
313,1205,1518,0.1388
314,1202,1516,0.1388
319,1189,1508,0.1388
319,1191,1510,0.1388
317,1198,1515,0.1388
313,1208,1521,0.1388
305,1202,1507,0.1388
301,1198,1499,0.1388
303,1203,1506,0.1388
301,1203,1504,0.1388
298,1216,1514,0.1388
300,1206,1506,0.1388
299,1213,1512,0.1388
300,1226,1526,0.1388
298,1225,1523,0.1388
298,1228,1526,0.1388
294,1221,1515,0.1388
297,1227,1524,0.1388
289,1231,1520,0.1388
287,1222,1509,0.1388
282,1218,1500,0.1388
283,1216,1499,0.1388
281,1238,1519,0.1388
273,1245,1518,0.1388
272,1253,1525,0.1388
272,1253,1525,0.1388
272,1251,1523,0.1388
265,1242,1507,0.1388
261,1248,1509,0.1388
263,1244,1507,0.1388
261,1247,1508,0.1388
266,1236,1502,0.1388
268,1244,1512,0.1388
265,1252,1517,0.1388
264,1262,1526,0.1388
262,1268,1530,0.1388
256,1268,1524,0.1388
249,1273,1522,0.1388
248,1270,1518,0.1388
247,1275,1522,0.1388
247,1281,1528,0.1388
241,1284,1525,0.1388
240,1285,1525,0.1388
232,1285,1517,0.1388
230,1286,1516,0.1388
230,1303,1533,0.1388
231,1294,1525,0.1388
232,1289,1521,0.1388
227,1284,1511,0.1388
231,1283,1514,0.1388
232,1266,1498,0.1388
231,1283,1514,0.1388
239,1277,1516,0.1388
239,1276,1515,0.1388
240,1271,1511,0.1388
241,1268,1509,0.1388
240,1266,1506,0.1388
244,1271,1515,0.1388
242,1272,1514,0.1388
239,1283,1522,0.1388
243,1273,1516,0.1388
239,1280,1519,0.1388
237,1281,1518,0.1388
235,1277,1512,0.1388
237,1278,1515,0.1388
239,1277,1516,0.1388
238,1274,1512,0.1388
237,1275,1512,0.1388
237,1272,1509,0.1388
238,1273,1511,0.1388
237,1279,1516,0.1388
238,1292,1530,0.1388
237,1279,1516,0.1388
236,1290,1526,0.1388
231,1292,1523,0.1388
235,1290,1525,0.1388
235,1280,1515,0.1388
236,1280,1516,0.1388
237,1275,1512,0.1388
241,1274,1515,0.1388
241,1279,1520,0.1388
235,1293,1528,0.1388
233,1292,1525,0.1388
233,1290,1523,0.1388
234,1279,1513,0.1388
227,1288,1515,0.1388
223,1289,1512,0.1388
217,1283,1500,0.1388
221,1298,1519,0.1388
223,1300,1523,0.1388
222,1274,1496,0.1388
224,1294,1518,0.1388
224,1299,1523,0.1388
224,1295,1519,0.1388
218,1293,1511,0.1388
220,1296,1516,0.1388
224,1315,1539,0.1388
226,1296,1522,0.1388
222,1282,1504,0.1388
216,1288,1504,0.1388
216,1293,1509,0.1388
216,1288,1504,0.1388
216,1298,1514,0.1388
216,1303,1519,0.1388
213,1302,1515,0.1388
209,1319,1528,0.1388
203,1325,1528,0.1388
206,1324,1530,0.1388
204,1313,1517,0.1388
202,1306,1508,0.1388
198,1311,1509,0.1388
195,1322,1517,0.1388
192,1321,1513,0.1388
190,1326,1516,0.1388
190,1331,1521,0.1388
184,1327,1511,0.1388
183,1327,1510,0.1388
181,1323,1504,0.1388
186,1316,1502,0.1388
182,1316,1498,0.1388
179,1329,1508,0.1388
179,1332,1511,0.1388
181,1338,1519,0.1388
177,1328,1505,0.1388
180,1325,1505,0.1388
185,1329,1514,0.1388
186,1338,1524,0.1388
188,1327,1515,0.1388
188,1331,1519,0.1388
189,1319,1508,0.1388
190,1327,1517,0.1388
189,1334,1523,0.1388
191,1347,1538,0.1388
191,1335,1526,0.1388
190,1321,1511,0.1388
187,1322,1509,0.1388
188,1322,1510,0.1388
188,1325,1513,0.1388
187,1321,1508,0.1388
187,1318,1505,0.1388
187,1311,1498,0.1388
189,1311,1500,0.1388
194,1316,1510,0.1388
188,1322,1510,0.1388
184,1331,1515,0.1388
180,1329,1509,0.1388
174,1326,1500,0.1388
170,1317,1487,0.1388
169,1337,1506,0.1388
168,1337,1505,0.1388
171,1347,1518,0.1388
173,1332,1505,0.1388
173,1334,1507,0.1388
173,1336,1509,0.1388
173,1341,1514,0.1388
173,1348,1521,0.1388
175,1346,1521,0.1388
177,1345,1522,0.1388
175,1350,1525,0.1388
172,1348,1520,0.1388
174,1349,1523,0.1388
169,1339,1508,0.1388
167,1345,1512,0.1388
165,1351,1516,0.1388
164,1351,1515,0.1388
165,1362,1527,0.1388
161,1371,1532,0.1388
163,1370,1533,0.1388
164,1364,1528,0.1388
159,1370,1529,0.1388
157,1367,1524,0.1388
158,1351,1509,0.1388
164,1367,1531,0.1388
161,1361,1522,0.1388
160,1361,1521,0.1388
159,1354,1513,0.1388
157,1359,1516,0.1388
152,1361,1513,0.1388
153,1349,1502,0.1388
154,1355,1509,0.1388
152,1355,1507,0.1388
152,1368,1520,0.1388
154,1358,1512,0.1388
157,1356,1513,0.1388
162,1353,1515,0.1388
165,1355,1520,0.1388
159,1360,1519,0.1388
157,1342,1499,0.1388
156,1342,1498,0.1388
156,1344,1500,0.1388
158,1349,1507,0.1388
156,1358,1514,0.1388
155,1369,1524,0.1388
151,1377,1528,0.1388
150,1383,1533,0.1388
152,1382,1534,0.1388
155,1366,1521,0.1388
148,1372,1520,0.1388
151,1356,1507,0.1388
151,1369,1520,0.1388
148,1373,1521,0.1388
150,1383,1533,0.1388
153,1383,1536,0.1388
150,1379,1529,0.1388
146,1382,1528,0.1388
143,1373,1516,0.1388
145,1372,1517,0.1388
140,1375,1515,0.1388
141,1369,1510,0.1388
144,1372,1516,0.1388
149,1376,1525,0.1388
149,1360,1509,0.1388
153,1359,1512,0.1388
150,1367,1517,0.1388
148,1368,1516,0.1388
142,1377,1519,0.1388
148,1367,1515,0.1388
150,1369,1519,0.1388
149,1361,1510,0.1388
153,1354,1507,0.1388
151,1364,1515,0.1388
146,1373,1519,0.1388
147,1355,1502,0.1388
145,1368,1513,0.1388
145,1372,1517,0.1388
140,1373,1513,0.1388
143,1375,1518,0.1388
144,1378,1522,0.1388
142,1376,1518,0.1388
144,1372,1516,0.1388
143,1364,1507,0.1388
147,1356,1503,0.1388
146,1372,1518,0.1388
139,1376,1515,0.1388
138,1374,1512,0.1388
139,1379,1518,0.1388
143,1376,1519,0.1388
143,1389,1532,0.1388
142,1384,1526,0.1388
147,1382,1529,0.1388
147,1381,1528,0.1388
148,1371,1519,0.1388
146,1376,1522,0.1388
146,1368,1514,0.1388
149,1357,1506,0.1388
147,1361,1508,0.1388
143,1357,1500,0.1388
141,1364,1505,0.1388
141,1370,1511,0.1388
141,1365,1506,0.1388
143,1362,1505,0.1388
147,1364,1511,0.1388
144,1356,1500,0.1388
144,1353,1497,0.1388
145,1362,1507,0.1388
144,1359,1503,0.1388
145,1365,1510,0.1388
147,1363,1510,0.1388
147,1365,1512,0.1388
143,1372,1515,0.1388
145,1364,1509,0.1388
144,1376,1520,0.1388
146,1372,1518,0.1388
143,1374,1517,0.1388
150,1376,1526,0.1388
145,1376,1521,0.1388
146,1386,1532,0.1388
149,1365,1514,0.1388
147,1368,1515,0.1388
146,1380,1526,0.1388
146,1371,1517,0.1388
144,1367,1511,0.1388
138,1370,1508,0.1388
139,1378,1517,0.1388
141,1378,1519,0.1388
140,1379,1519,0.1388
139,1385,1524,0.1388
136,1376,1512,0.1388
133,1376,1509,0.1388
132,1378,1510,0.1388
136,1381,1517,0.1388
133,1395,1528,0.1388
131,1399,1530,0.1388
127,1409,1536,0.1388
124,1391,1515,0.1388
125,1402,1527,0.1388
124,1393,1517,0.1388
123,1396,1519,0.1388
121,1402,1523,0.1388
123,1395,1518,0.1388
126,1402,1528,0.1388
122,1399,1521,0.1388
123,1398,1521,0.1388
120,1396,1516,0.1388
115,1386,1501,0.1388
114,1399,1513,0.1388
114,1405,1519,0.1388
115,1408,1523,0.1388
114,1395,1509,0.1388
115,1391,1506,0.1388
114,1391,1505,0.1388
115,1404,1519,0.1388
116,1408,1524,0.1388
115,1419,1534,0.1388
118,1410,1528,0.1388
114,1425,1539,0.1388
114,1405,1519,0.1388
110,1414,1524,0.1388
108,1401,1509,0.1388
111,1410,1521,0.1388
108,1408,1516,0.1388
105,1416,1521,0.1388
105,1406,1511,0.1388
106,1414,1520,0.1388
107,1416,1523,0.1388
105,1423,1528,0.1388
108,1407,1515,0.1388
107,1415,1522,0.1388
107,1415,1522,0.1388
104,1416,1520,0.1388
102,1416,1518,0.1388
105,1416,1521,0.1388
106,1421,1527,0.1388
104,1416,1520,0.1388
101,1420,1521,0.1388
98,1421,1519,0.1388
99,1416,1515,0.1388
94,1415,1509,0.1388
91,1422,1513,0.1388
88,1417,1505,0.1388
90,1424,1514,0.1388
91,1426,1517,0.1388
91,1434,1525,0.1388
92,1426,1518,0.1388
89,1436,1525,0.1388
86,1446,1532,0.1388
85,1446,1531,0.1388
82,1444,1526,0.1388
77,1431,1508,0.1388
78,1441,1519,0.1388
77,1424,1501,0.1388
82,1430,1512,0.1388
79,1435,1514,0.1388
79,1431,1510,0.1388
81,1428,1509,0.1388
81,1424,1505,0.1388
80,1432,1512,0.1388
79,1436,1515,0.1388
81,1448,1529,0.1388
78,1446,1524,0.1388
77,1442,1519,0.1388
81,1445,1526,0.1388
84,1439,1523,0.1388
86,1448,1534,0.1388
86,1442,1528,0.1388
85,1431,1516,0.1388
85,1442,1527,0.1388
85,1441,1526,0.1388
84,1452,1536,0.1388
84,1437,1521,0.1388
79,1447,1526,0.1388
79,1443,1522,0.1388
79,1437,1516,0.1388
82,1439,1521,0.1388
82,1442,1524,0.1388
82,1447,1529,0.1388
82,1446,1528,0.1388
82,1432,1514,0.1388
80,1421,1501,0.1388
81,1427,1508,0.1388
81,1429,1510,0.1388
80,1427,1507,0.1388
83,1440,1523,0.1388
83,1448,1531,0.1388
83,1434,1517,0.1388
80,1425,1505,0.1388
80,1430,1510,0.1388
81,1439,1520,0.1388
81,1440,1521,0.1388
79,1443,1522,0.1388
77,1445,1522,0.1388
78,1447,1525,0.1388
78,1442,1520,0.1388
78,1439,1517,0.1388
80,1425,1505,0.1388
78,1439,1517,0.1388
75,1435,1510,0.1388
73,1435,1508,0.1388
71,1446,1517,0.1388
71,1440,1511,0.1388
71,1445,1516,0.1388
71,1435,1506,0.1388
75,1436,1511,0.1388
74,1443,1517,0.1388
73,1443,1516,0.1388
72,1433,1505,0.1388
73,1435,1508,0.1388
76,1430,1506,0.1388
77,1428,1505,0.1388
75,1431,1506,0.1388
74,1417,1491,0.1388
74,1422,1496,0.1388
76,1432,1508,0.1388
74,1429,1503,0.1388
76,1454,1530,0.1388
70,1453,1523,0.1388
68,1449,1517,0.1388
69,1455,1524,0.1388
69,1434,1503,0.1388
70,1447,1517,0.1388
69,1440,1509,0.1388
69,1444,1513,0.1388
70,1446,1516,0.1388
69,1448,1517,0.1388
68,1448,1516,0.1388
68,1452,1520,0.1388
69,1449,1518,0.1388
65,1442,1507,0.1388
62,1442,1504,0.1388
63,1448,1511,0.1388
60,1435,1495,0.1388
57,1439,1496,0.1388
60,1448,1508,0.1388
59,1457,1516,0.1388
60,1457,1517,0.1388
59,1456,1515,0.1388
58,1457,1515,0.1388
57,1460,1517,0.1388
58,1463,1521,0.1388
56,1464,1520,0.1388
54,1461,1515,0.1388
51,1460,1511,0.1388
53,1459,1512,0.1388
52,1464,1516,0.1388
53,1465,1518,0.1388
49,1466,1515,0.1388
48,1477,1525,0.1388
50,1471,1521,0.1388
49,1456,1505,0.1388
48,1442,1490,0.1388
51,1454,1505,0.1388
51,1463,1514,0.1388
50,1472,1522,0.1388
49,1476,1525,0.1388
51,1465,1516,0.1388
51,1459,1510,0.1388
50,1468,1518,0.1388
49,1468,1517,0.1388
51,1470,1521,0.1388
53,1468,1521,0.1388
53,1468,1521,0.1388
50,1473,1523,0.1388
50,1471,1521,0.1388
49,1471,1520,0.1388
50,1474,1524,0.1388
48,1459,1507,0.1388
46,1458,1504,0.1388
44,1473,1517,0.1388
42,1485,1527,0.1388
44,1477,1521,0.1388
40,1476,1516,0.1388
41,1469,1510,0.1388
43,1477,1520,0.1388
39,1484,1523,0.1388
39,1485,1524,0.1388
41,1484,1525,0.1388
44,1489,1533,0.1388
44,1489,1533,0.1388
45,1477,1522,0.1388
48,1469,1517,0.1388
49,1468,1517,0.1388
50,1461,1511,0.1388
50,1461,1511,0.1388
52,1457,1509,0.1388
52,1444,1496,0.1388
52,1439,1491,0.1388
55,1442,1497,0.1388
54,1448,1502,0.1388
52,1451,1503,0.1388
53,1465,1518,0.1388
54,1467,1521,0.1388
55,1463,1518,0.1388
55,1464,1519,0.1388
53,1477,1530,0.1388
53,1477,1530,0.1388
52,1484,1536,0.1388
53,1481,1534,0.1388
55,1466,1521,0.1388
56,1468,1524,0.1388
52,1455,1507,0.1388
53,1450,1503,0.1388
53,1448,1501,0.1388
54,1463,1517,0.1388
54,1460,1514,0.1388
57,1440,1497,0.1388
55,1449,1504,0.1388
54,1452,1506,0.1388
55,1447,1502,0.1388
58,1452,1510,0.1388
56,1460,1516,0.1388
55,1463,1518,0.1388
55,1451,1506,0.1388
55,1460,1515,0.1388
55,1458,1513,0.1388
53,1460,1513,0.1388
53,1451,1504,0.1388
49,1442,1491,0.1388
49,1457,1506,0.1388
48,1466,1514,0.1388
50,1475,1525,0.1388
52,1464,1516,0.1388
51,1463,1514,0.1388
48,1472,1520,0.1388
48,1463,1511,0.1388
49,1467,1516,0.1388
48,1477,1525,0.1388
48,1478,1526,0.1388
47,1477,1524,0.1388
46,1472,1518,0.1388
47,1481,1528,0.1388
46,1475,1521,0.1388
44,1470,1514,0.1388
43,1482,1525,0.1388
44,1465,1509,0.1388
43,1465,1508,0.1388
42,1469,1511,0.1388
43,1473,1516,0.1388
45,1480,1525,0.1388
43,1468,1511,0.1388
41,1461,1502,0.1388
41,1464,1505,0.1388
41,1491,1532,0.1388
41,1484,1525,0.1388
42,1483,1525,0.1388
41,1480,1521,0.1388
41,1479,1520,0.1388
41,1472,1513,0.1388
41,1469,1510,0.1388
42,1480,1522,0.1388
42,1492,1534,0.1388
44,1493,1537,0.1388
44,1487,1531,0.1388
43,1482,1525,0.1388
43,1469,1512,0.1388
42,1468,1510,0.1388
42,1467,1509,0.1388
42,1478,1520,0.1388
42,1473,1515,0.1388
45,1469,1514,0.1388
45,1467,1512,0.1388
46,1468,1514,0.1388
45,1475,1520,0.1388
45,1477,1522,0.1388
44,1473,1517,0.1388
46,1484,1530,0.1388
46,1483,1529,0.1388
47,1474,1521,0.1388
49,1463,1512,0.1388
47,1462,1509,0.1388
47,1469,1516,0.1388
47,1463,1510,0.1388
46,1453,1499,0.1388
47,1454,1501,0.1388
44,1455,1499,0.1388
45,1455,1500,0.1388
46,1455,1501,0.1388
44,1461,1505,0.1388
47,1458,1505,0.1388
47,1466,1513,0.1388
45,1462,1507,0.1388
44,1463,1507,0.1388
45,1458,1503,0.1388
43,1459,1502,0.1388
45,1460,1505,0.1388
44,1465,1509,0.1388
45,1470,1515,0.1388
46,1466,1512,0.1388
51,1456,1507,0.1388
53,1454,1507,0.1388
52,1469,1521,0.1388
50,1475,1525,0.1388
54,1481,1535,0.1388
56,1467,1523,0.1388
56,1458,1514,0.1388
54,1464,1518,0.1388
53,1461,1514,0.1388
52,1473,1525,0.1388
53,1452,1505,0.1388
53,1458,1511,0.1388
54,1456,1510,0.1388
52,1458,1510,0.1388
54,1454,1508,0.1388
54,1447,1501,0.1388
56,1467,1523,0.1388
53,1463,1516,0.1388
55,1457,1512,0.1388
55,1464,1519,0.1388
55,1458,1513,0.1388
58,1459,1517,0.1388
58,1438,1496,0.1388
58,1445,1503,0.1388
55,1450,1505,0.1388
55,1432,1487,0.1388
54,1439,1493,0.1388
53,1452,1505,0.1388
53,1460,1513,0.1388
53,1466,1519,0.1388
51,1469,1520,0.1388
50,1468,1518,0.1388
50,1467,1517,0.1388
49,1469,1518,0.1388
46,1467,1513,0.1388
48,1469,1517,0.1388
51,1462,1513,0.1388
52,1461,1513,0.1388
50,1458,1508,0.1388
48,1471,1519,0.1388
48,1475,1523,0.1388
47,1475,1522,0.1388
46,1467,1513,0.1388
44,1471,1515,0.1388
45,1474,1519,0.1388
47,1481,1528,0.1388
46,1464,1510,0.1388
46,1475,1521,0.1388
45,1468,1513,0.1388
46,1464,1510,0.1388
42,1477,1519,0.1388
40,1470,1510,0.1388
38,1475,1513,0.1388
36,1475,1511,0.1388
35,1477,1512,0.1388
34,1483,1517,0.1388
34,1479,1513,0.1388
33,1478,1511,0.1388
37,1467,1504,0.1388
36,1486,1522,0.1388
36,1482,1518,0.1388
35,1469,1504,0.1388
35,1485,1520,0.1388
32,1489,1521,0.1388
28,1485,1513,0.1388
30,1482,1512,0.1388
30,1487,1517,0.1388
30,1484,1514,0.1388
27,1478,1505,0.1388
26,1477,1503,0.1388
26,1483,1509,0.1388
26,1488,1514,0.1388
27,1485,1512,0.1388
27,1483,1510,0.1388
27,1491,1518,0.1388
27,1494,1521,0.1388
26,1490,1516,0.1388
26,1483,1509,0.1388
26,1472,1498,0.1388
26,1475,1501,0.1388
27,1475,1502,0.1388
27,1475,1502,0.1388
23,1489,1512,0.1388
22,1496,1518,0.1388
23,1481,1504,0.1388
24,1489,1513,0.1388
24,1478,1502,0.1388
24,1484,1508,0.1388
24,1496,1520,0.1388
23,1503,1526,0.1388
23,1501,1524,0.1388
22,1527,1549,0.1388
21,1508,1529,0.1388
21,1497,1518,0.1388
19,1484,1503,0.1388
19,1482,1501,0.1388
17,1496,1513,0.1388
17,1507,1524,0.1388
18,1515,1533,0.1388
20,1505,1525,0.1388
19,1497,1516,0.1388
18,1501,1519,0.1388
18,1508,1526,0.1388
18,1502,1520,0.1388
18,1501,1519,0.1388
15,1492,1507,0.1388
14,1492,1506,0.1388
14,1506,1520,0.1388
14,1506,1520,0.1388
15,1508,1523,0.1388
16,1508,1524,0.1388
16,1509,1525,0.1388
14,1513,1527,0.1388
15,1510,1525,0.1388
17,1514,1531,0.1388
18,1515,1533,0.1388
18,1514,1532,0.1388
19,1507,1526,0.1388
18,1499,1517,0.1388
18,1497,1515,0.1388
17,1502,1519,0.1388
17,1502,1519,0.1388
17,1503,1520,0.1388
18,1505,1523,0.1388
19,1498,1517,0.1388
19,1503,1522,0.1388
18,1491,1509,0.1388
18,1497,1515,0.1388
15,1507,1522,0.1388
17,1504,1521,0.1388
16,1498,1514,0.1388
16,1486,1502,0.1388
15,1486,1501,0.1388
14,1489,1503,0.1388
13,1494,1507,0.1388
13,1481,1494,0.1388
13,1495,1508,0.1388
13,1507,1520,0.1388
13,1510,1523,0.1388
13,1504,1517,0.1388
14,1518,1532,0.1388
15,1509,1524,0.1388
15,1508,1523,0.1388
15,1505,1520,0.1388
14,1499,1513,0.1388
14,1504,1518,0.1388
13,1514,1527,0.1388
13,1516,1529,0.1388
13,1507,1520,0.1388
12,1514,1526,0.1388
11,1514,1525,0.1388
11,1510,1521,0.1388
12,1499,1511,0.1388
12,1505,1517,0.1388
12,1503,1515,0.1388
11,1504,1515,0.1388
11,1510,1521,0.1388
11,1507,1518,0.1388
11,1493,1504,0.1388
11,1502,1513,0.1388
11,1499,1510,0.1388
11,1504,1515,0.1388
11,1505,1516,0.1388
10,1503,1513,0.1388
10,1500,1510,0.1388
10,1500,1510,0.1388
11,1496,1507,0.1388
11,1513,1524,0.1388
11,1506,1517,0.1388
11,1505,1516,0.1388
11,1509,1520,0.1388
11,1508,1519,0.1388
11,1515,1526,0.1388
11,1505,1516,0.1388
11,1509,1520,0.1388
11,1506,1517,0.1388
10,1516,1526,0.1388
10,1501,1511,0.1388
10,1492,1502,0.1388
10,1497,1507,0.1388
10,1506,1516,0.1388
9,1523,1532,0.1388
9,1514,1523,0.1388
9,1512,1521,0.1388
9,1507,1516,0.1388
8,1512,1520,0.1388
8,1511,1519,0.1388
8,1502,1510,0.1388
8,1498,1506,0.1388
8,1501,1509,0.1388
9,1499,1508,0.1388
9,1505,1514,0.1388
9,1504,1513,0.1388
8,1508,1516,0.1388
8,1506,1514,0.1388
6,1493,1499,0.1388
6,1483,1489,0.1388
6,1490,1496,0.1388
6,1503,1509,0.1388
7,1502,1509,0.1388
6,1520,1526,0.1388
6,1519,1525,0.1388
6,1516,1522,0.1388
6,1531,1537,0.1388
6,1528,1534,0.1388
6,1519,1525,0.1388
6,1507,1513,0.1388
6,1507,1513,0.1388
6,1509,1515,0.1388
6,1515,1521,0.1388
5,1513,1518,0.1388
5,1521,1526,0.1388
5,1515,1520,0.1388
4,1510,1514,0.1388
4,1501,1505,0.1388
4,1501,1505,0.1388
4,1510,1514,0.1388
3,1506,1509,0.1388
3,1498,1501,0.1388
3,1506,1509,0.1388
3,1506,1509,0.1388
3,1498,1501,0.1388
2,1499,1501,0.1388
2,1493,1495,0.1388
2,1505,1507,0.1388
2,1506,1508,0.1388
3,1518,1521,0.1388
2,1512,1514,0.1388
2,1518,1520,0.1388
2,1514,1516,0.1388
2,1504,1506,0.1388
1,1506,1507,0.1388
1,1505,1506,0.1388
1,1521,1522,0.1388
1,1519,1520,0.1388
1,1512,1513,0.1388
1,1520,1521,0.1388
1,1523,1524,0.1388
1,1513,1514,0.1388
1,1511,1512,0.1388
1,1507,1508,0.1388
1,1493,1494,0.1388
1,1499,1500,0.1388
1,1510,1511,0.1388
1,1530,1531,0.1388
1,1522,1523,0.1388
1,1514,1515,0.1388
1,1522,1523,0.1388
1,1520,1521,0.1388
1,1524,1525,0.1388
1,1526,1527,0.1388
1,1524,1525,0.1388
1,1513,1514,0.1388
1,1516,1517,0.1388
1,1516,1517,0.1388
1,1519,1520,0.1388
1,1527,1528,0.1388
1,1528,1529,0.1388
1,1514,1515,0.1388
1,1501,1502,0.1388
1,1502,1503,0.1388
1,1495,1496,0.1388
1,1504,1505,0.1388
0,1504,1504,0.1388
