1364,29,1393,0.1388
1380,29,1409,0.1388
1418,30,1448,0.1388
1431,29,1460,0.1388
1435,31,1466,0.1388
1442,31,1473,0.1388
1459,32,1491,0.1388
1466,33,1499,0.1388
1466,32,1498,0.1388
1478,31,1509,0.1388
1464,29,1493,0.1388
1452,29,1481,0.1388
1453,31,1484,0.1388
1453,32,1485,0.1388
1451,31,1482,0.1388
1452,35,1487,0.1388
1445,35,1480,0.1388
1446,34,1480,0.1388
1444,37,1481,0.1388
1458,37,1495,0.1388
1466,36,1502,0.1388
1457,36,1493,0.1388
1465,35,1500,0.1388
1466,34,1500,0.1388
1449,34,1483,0.1388
1445,33,1478,0.1388
1434,33,1467,0.1388
1449,29,1478,0.1388
1445,30,1475,0.1388
1458,31,1489,0.1388
1462,31,1493,0.1388
1464,31,1495,0.1388
1467,33,1500,0.1388
1474,32,1506,0.1388
1480,34,1514,0.1388
1471,33,1504,0.1388
1467,32,1499,0.1388
1466,33,1499,0.1388
1472,33,1505,0.1388
1467,33,1500,0.1388
1469,35,1504,0.1388
1465,34,1499,0.1388
1471,34,1505,0.1388
1462,31,1493,0.1388
1458,31,1489,0.1388
1465,31,1496,0.1388
1449,29,1478,0.1388
1446,29,1475,0.1388
1461,28,1489,0.1388
1464,28,1492,0.1388
1462,28,1490,0.1388
1464,28,1492,0.1388
1459,28,1487,0.1388
1465,28,1493,0.1388
1475,27,1502,0.1388
1477,24,1501,0.1388
1472,24,1496,0.1388
1483,26,1509,0.1388
1468,26,1494,0.1388
1475,26,1501,0.1388
1463,27,1490,0.1388
1469,28,1497,0.1388
1469,28,1497,0.1388
1478,27,1505,0.1388
1485,28,1513,0.1388
1479,28,1507,0.1388
1459,26,1485,0.1388
1453,25,1478,0.1388
1466,24,1490,0.1388
1464,24,1488,0.1388
1474,25,1499,0.1388
1460,25,1485,0.1388
1470,27,1497,0.1388
1469,26,1495,0.1388
1464,26,1490,0.1388
1463,25,1488,0.1388
1476,25,1501,0.1388
1465,27,1492,0.1388
1457,28,1485,0.1388
1464,28,1492,0.1388
1450,29,1479,0.1388
1451,28,1479,0.1388
1466,29,1495,0.1388
1473,33,1506,0.1388
1476,30,1506,0.1388
1473,29,1502,0.1388
1474,29,1503,0.1388
1452,29,1481,0.1388
1448,31,1479,0.1388
1448,30,1478,0.1388
1446,30,1476,0.1388
1469,30,1499,0.1388
1470,31,1501,0.1388
1471,33,1504,0.1388
1472,34,1506,0.1388
1465,34,1499,0.1388
1478,34,1512,0.1388
1464,32,1496,0.1388
1464,31,1495,0.1388
1481,31,1512,0.1388
1469,31,1500,0.1388
1464,31,1495,0.1388
1453,32,1485,0.1388
1463,31,1494,0.1388
1455,33,1488,0.1388
1460,34,1494,0.1388
1459,36,1495,0.1388
1469,37,1506,0.1388
1468,38,1506,0.1388
1461,37,1498,0.1388
1462,39,1501,0.1388
1439,38,1477,0.1388
1443,39,1482,0.1388
1460,39,1499,0.1388
1445,39,1484,0.1388
1446,39,1485,0.1388
1461,38,1499,0.1388
1464,37,1501,0.1388
1452,36,1488,0.1388
1458,36,1494,0.1388
1460,36,1496,0.1388
1452,37,1489,0.1388
1447,34,1481,0.1388
1455,34,1489,0.1388
1455,35,1490,0.1388
1457,35,1492,0.1388
1467,36,1503,0.1388
1471,34,1505,0.1388
1459,36,1495,0.1388
1464,36,1500,0.1388
1456,34,1490,0.1388
1455,35,1490,0.1388
1455,35,1490,0.1388
1451,37,1488,0.1388
1458,38,1496,0.1388
1461,36,1497,0.1388
1457,34,1491,0.1388
1450,38,1488,0.1388
1452,39,1491,0.1388
1448,42,1490,0.1388
1456,43,1499,0.1388
1460,44,1504,0.1388
1449,41,1490,0.1388
1444,42,1486,0.1388
1452,43,1495,0.1388
1453,41,1494,0.1388
1463,42,1505,0.1388
1451,43,1494,0.1388
1449,43,1492,0.1388
1440,47,1487,0.1388
1442,46,1488,0.1388
1441,47,1488,0.1388
1436,48,1484,0.1388
1431,48,1479,0.1388
1434,49,1483,0.1388
1428,49,1477,0.1388
1433,49,1482,0.1388
1441,48,1489,0.1388
1442,48,1490,0.1388
1445,46,1491,0.1388
1440,47,1487,0.1388
1447,46,1493,0.1388
1449,46,1495,0.1388
1451,46,1497,0.1388
1447,47,1494,0.1388
1454,44,1498,0.1388
1457,43,1500,0.1388
1445,44,1489,0.1388
1436,45,1481,0.1388
1438,48,1486,0.1388
1437,48,1485,0.1388
1455,46,1501,0.1388
1448,45,1493,0.1388
1437,46,1483,0.1388
1441,47,1488,0.1388
1453,47,1500,0.1388
1458,47,1505,0.1388
1445,48,1493,0.1388
1441,46,1487,0.1388
1433,48,1481,0.1388
1441,49,1490,0.1388
1447,51,1498,0.1388
1432,53,1485,0.1388
1431,53,1484,0.1388
1435,53,1488,0.1388
1434,53,1487,0.1388
1423,54,1477,0.1388
1432,54,1486,0.1388
1433,51,1484,0.1388
1429,52,1481,0.1388
1439,51,1490,0.1388
1442,51,1493,0.1388
1436,47,1483,0.1388
1427,50,1477,0.1388
1430,49,1479,0.1388
1433,51,1484,0.1388
1427,52,1479,0.1388
1432,55,1487,0.1388
1449,56,1505,0.1388
1442,57,1499,0.1388
1436,56,1492,0.1388
1438,53,1491,0.1388
1460,53,1513,0.1388
1456,53,1509,0.1388
1442,54,1496,0.1388
1444,56,1500,0.1388
1441,58,1499,0.1388
1450,57,1507,0.1388
1447,55,1502,0.1388
1448,54,1502,0.1388
1447,56,1503,0.1388
1434,56,1490,0.1388
1429,55,1484,0.1388
1424,56,1480,0.1388
1420,56,1476,0.1388
1423,54,1477,0.1388
1433,56,1489,0.1388
1414,55,1469,0.1388
1425,57,1482,0.1388
1427,55,1482,0.1388
1429,52,1481,0.1388
1433,52,1485,0.1388
1433,52,1485,0.1388
1440,52,1492,0.1388
1446,52,1498,0.1388
1438,52,1490,0.1388
1426,52,1478,0.1388
1445,50,1495,0.1388
1452,50,1502,0.1388
1445,50,1495,0.1388
1451,50,1501,0.1388
1442,52,1494,0.1388
1445,51,1496,0.1388
1445,51,1496,0.1388
1445,53,1498,0.1388
1453,52,1505,0.1388
1440,53,1493,0.1388
1441,52,1493,0.1388
1447,52,1499,0.1388
1435,51,1486,0.1388
1437,49,1486,0.1388
1446,49,1495,0.1388
1452,50,1502,0.1388
1450,48,1498,0.1388
1443,48,1491,0.1388
1439,51,1490,0.1388
1436,53,1489,0.1388
1440,52,1492,0.1388
1441,50,1491,0.1388
1437,51,1488,0.1388
1431,52,1483,0.1388
1432,53,1485,0.1388
1440,53,1493,0.1388
1444,53,1497,0.1388
1441,53,1494,0.1388
1447,51,1498,0.1388
1443,52,1495,0.1388
1448,53,1501,0.1388
1441,52,1493,0.1388
1444,55,1499,0.1388
1457,54,1511,0.1388
1447,53,1500,0.1388
1434,52,1486,0.1388
1441,55,1496,0.1388
1436,53,1489,0.1388
1435,52,1487,0.1388
1433,52,1485,0.1388
1442,54,1496,0.1388
1439,53,1492,0.1388
1445,52,1497,0.1388
1435,52,1487,0.1388
1435,52,1487,0.1388
1434,52,1486,0.1388
1437,51,1488,0.1388
1432,51,1483,0.1388
1441,51,1492,0.1388
1437,52,1489,0.1388
1423,52,1475,0.1388
1433,53,1486,0.1388
1433,54,1487,0.1388
1447,53,1500,0.1388
1435,54,1489,0.1388
1432,55,1487,0.1388
1439,55,1494,0.1388
1440,54,1494,0.1388
1434,54,1488,0.1388
1433,54,1487,0.1388
1438,54,1492,0.1388
1433,54,1487,0.1388
1437,54,1491,0.1388
1438,55,1493,0.1388
1438,55,1493,0.1388
1452,52,1504,0.1388
1446,51,1497,0.1388
1462,52,1514,0.1388
1456,51,1507,0.1388
1444,50,1494,0.1388
1432,48,1480,0.1388
1434,51,1485,0.1388
1431,54,1485,0.1388
1430,55,1485,0.1388
1433,55,1488,0.1388
1426,56,1482,0.1388
1428,54,1482,0.1388
1427,55,1482,0.1388
1430,56,1486,0.1388
1434,59,1493,0.1388
1433,60,1493,0.1388
1431,61,1492,0.1388
1436,59,1495,0.1388
1431,62,1493,0.1388
1426,61,1487,0.1388
1436,61,1497,0.1388
1415,64,1479,0.1388
1416,66,1482,0.1388
1427,66,1493,0.1388
1425,64,1489,0.1388
1411,67,1478,0.1388
1405,68,1473,0.1388
1411,68,1479,0.1388
1411,71,1482,0.1388
1424,69,1493,0.1388
1427,67,1494,0.1388
1427,68,1495,0.1388
1423,62,1485,0.1388
1433,65,1498,0.1388
1437,65,1502,0.1388
1430,64,1494,0.1388
1438,65,1503,0.1388
1434,67,1501,0.1388
1431,66,1497,0.1388
1434,66,1500,0.1388
1415,65,1480,0.1388
1426,68,1494,0.1388
1425,71,1496,0.1388
1409,73,1482,0.1388
1419,73,1492,0.1388
1429,74,1503,0.1388
1414,73,1487,0.1388
1422,71,1493,0.1388
1406,73,1479,0.1388
1415,72,1487,0.1388
1429,73,1502,0.1388
1428,71,1499,0.1388
1417,74,1491,0.1388
1416,71,1487,0.1388
1422,73,1495,0.1388
1419,72,1491,0.1388
1418,71,1489,0.1388
1422,70,1492,0.1388
1426,70,1496,0.1388
1432,71,1503,0.1388
1440,71,1511,0.1388
1432,70,1502,0.1388
1433,72,1505,0.1388
1426,71,1497,0.1388
1430,73,1503,0.1388
1420,75,1495,0.1388
1428,73,1501,0.1388
1412,72,1484,0.1388
1406,73,1479,0.1388
1411,75,1486,0.1388
1412,73,1485,0.1388
1418,73,1491,0.1388
1418,76,1494,0.1388
1418,74,1492,0.1388
1421,74,1495,0.1388
1433,75,1508,0.1388
1424,75,1499,0.1388
1424,79,1503,0.1388
1414,81,1495,0.1388
1413,78,1491,0.1388
1417,75,1492,0.1388
1418,76,1494,0.1388
1437,77,1514,0.1388
1425,76,1501,0.1388
1418,79,1497,0.1388
1415,78,1493,0.1388
1415,82,1497,0.1388
1428,83,1511,0.1388
1422,83,1505,0.1388
1419,83,1502,0.1388
1414,82,1496,0.1388
1420,83,1503,0.1388
1421,88,1509,0.1388
1414,87,1501,0.1388
1403,87,1490,0.1388
1400,84,1484,0.1388
1403,86,1489,0.1388
1389,85,1474,0.1388
1388,84,1472,0.1388
1388,80,1468,0.1388
1400,83,1483,0.1388
1410,86,1496,0.1388
1402,87,1489,0.1388
1404,90,1494,0.1388
1395,91,1486,0.1388
1393,88,1481,0.1388
1384,88,1472,0.1388
1387,91,1478,0.1388
1387,95,1482,0.1388
1390,95,1485,0.1388
1379,98,1477,0.1388
1386,97,1483,0.1388
1401,94,1495,0.1388
1399,93,1492,0.1388
1400,94,1494,0.1388
1397,97,1494,0.1388
1394,102,1496,0.1388
1385,100,1485,0.1388
1387,100,1487,0.1388
1385,100,1485,0.1388
1380,102,1482,0.1388
1377,101,1478,0.1388
1382,103,1485,0.1388
1392,104,1496,0.1388
1388,99,1487,0.1388
1392,102,1494,0.1388
1399,102,1501,0.1388
1393,108,1501,0.1388
1381,111,1492,0.1388
1391,109,1500,0.1388
1393,112,1505,0.1388
1398,111,1509,0.1388
1384,109,1493,0.1388
1379,108,1487,0.1388
1385,111,1496,0.1388
1394,113,1507,0.1388
1403,116,1519,0.1388
1391,116,1507,0.1388
1386,120,1506,0.1388
1388,121,1509,0.1388
1389,119,1508,0.1388
1374,120,1494,0.1388
1381,122,1503,0.1388
1375,123,1498,0.1388
1372,125,1497,0.1388
1368,128,1496,0.1388
1370,129,1499,0.1388
1367,132,1499,0.1388
1354,130,1484,0.1388
1350,130,1480,0.1388
1350,133,1483,0.1388
1344,132,1476,0.1388
1342,132,1474,0.1388
1353,132,1485,0.1388
1350,132,1482,0.1388
1350,131,1481,0.1388
1366,127,1493,0.1388
1378,129,1507,0.1388
1374,129,1503,0.1388
1359,131,1490,0.1388
1360,133,1493,0.1388
1350,134,1484,0.1388
1356,137,1493,0.1388
1363,137,1500,0.1388
1372,138,1510,0.1388
1363,139,1502,0.1388
1356,140,1496,0.1388
1349,138,1487,0.1388
1346,140,1486,0.1388
1345,147,1492,0.1388
1344,147,1491,0.1388
1335,145,1480,0.1388
1342,144,1486,0.1388
1341,146,1487,0.1388
1341,145,1486,0.1388
1348,149,1497,0.1388
1354,152,1506,0.1388
1344,153,1497,0.1388
1351,150,1501,0.1388
1345,148,1493,0.1388
1342,148,1490,0.1388
1338,148,1486,0.1388
1343,145,1488,0.1388
1342,145,1487,0.1388
1354,150,1504,0.1388
1356,151,1507,0.1388
1340,153,1493,0.1388
1329,153,1482,0.1388
1330,155,1485,0.1388
1325,153,1478,0.1388
1337,156,1493,0.1388
1331,155,1486,0.1388
1339,155,1494,0.1388
1343,157,1500,0.1388
1333,157,1490,0.1388
1323,158,1481,0.1388
1341,158,1499,0.1388
1342,158,1500,0.1388
1340,157,1497,0.1388
1337,158,1495,0.1388
1349,157,1506,0.1388
1346,156,1502,0.1388
1341,155,1496,0.1388
1344,156,1500,0.1388
1349,157,1506,0.1388
1350,160,1510,0.1388
1344,158,1502,0.1388
1339,159,1498,0.1388
1334,157,1491,0.1388
1338,159,1497,0.1388
1335,158,1493,0.1388
1343,159,1502,0.1388
1334,159,1493,0.1388
1328,154,1482,0.1388
1331,152,1483,0.1388
1343,159,1502,0.1388
1328,156,1484,0.1388
1332,162,1494,0.1388
1324,160,1484,0.1388
1341,159,1500,0.1388
1330,160,1490,0.1388
1326,165,1491,0.1388
1328,164,1492,0.1388
1333,162,1495,0.1388
1328,165,1493,0.1388
1329,166,1495,0.1388
1339,166,1505,0.1388
1343,161,1504,0.1388
1337,163,1500,0.1388
1330,163,1493,0.1388
1320,161,1481,0.1388
1315,162,1477,0.1388
1307,168,1475,0.1388
1303,169,1472,0.1388
1301,169,1470,0.1388
1301,166,1467,0.1388
1327,164,1491,0.1388
1323,164,1487,0.1388
1318,162,1480,0.1388
1333,162,1495,0.1388
1325,164,1489,0.1388
1337,160,1497,0.1388
1346,166,1512,0.1388
1349,172,1521,0.1388
1338,172,1510,0.1388
1337,172,1509,0.1388
1333,175,1508,0.1388
1330,170,1500,0.1388
1329,170,1499,0.1388
1324,174,1498,0.1388
1329,175,1504,0.1388
1336,174,1510,0.1388
1332,178,1510,0.1388
1333,180,1513,0.1388
1346,177,1523,0.1388
1339,173,1512,0.1388
1332,174,1506,0.1388
1315,175,1490,0.1388
1326,173,1499,0.1388
1326,173,1499,0.1388
1332,175,1507,0.1388
1315,177,1492,0.1388
1314,178,1492,0.1388
1296,176,1472,0.1388
1301,181,1482,0.1388
1318,181,1499,0.1388
1318,181,1499,0.1388
1310,180,1490,0.1388
1305,180,1485,0.1388
1294,182,1476,0.1388
1298,177,1475,0.1388
1307,182,1489,0.1388
1305,188,1493,0.1388
1307,189,1496,0.1388
1311,187,1498,0.1388
1315,185,1500,0.1388
1313,189,1502,0.1388
1305,189,1494,0.1388
1309,191,1500,0.1388
1305,192,1497,0.1388
1302,196,1498,0.1388
1314,195,1509,0.1388
1308,201,1509,0.1388
1310,196,1506,0.1388
1307,188,1495,0.1388
1306,192,1498,0.1388
1304,188,1492,0.1388
1302,189,1491,0.1388
1304,188,1492,0.1388
1304,190,1494,0.1388
1309,190,1499,0.1388
1292,193,1485,0.1388
1302,198,1500,0.1388
1305,200,1505,0.1388
1309,199,1508,0.1388
1298,197,1495,0.1388
1294,198,1492,0.1388
1296,200,1496,0.1388
1302,199,1501,0.1388
1300,201,1501,0.1388
1298,203,1501,0.1388
1294,200,1494,0.1388
1299,204,1503,0.1388
1292,203,1495,0.1388
1292,204,1496,0.1388
1301,202,1503,0.1388
1302,203,1505,0.1388
1309,205,1514,0.1388
1303,207,1510,0.1388
1289,206,1495,0.1388
1291,202,1493,0.1388
1303,203,1506,0.1388
1300,203,1503,0.1388
1289,202,1491,0.1388
1296,209,1505,0.1388
1298,215,1513,0.1388
1298,214,1512,0.1388
1294,210,1504,0.1388
1287,207,1494,0.1388
1281,211,1492,0.1388
1270,215,1485,0.1388
1277,214,1491,0.1388
1271,219,1490,0.1388
1272,219,1491,0.1388
1278,217,1495,0.1388
1264,217,1481,0.1388
1262,218,1480,0.1388
1276,219,1495,0.1388
1272,225,1497,0.1388
1268,224,1492,0.1388
1264,220,1484,0.1388
1249,220,1469,0.1388
1269,225,1494,0.1388
1275,228,1503,0.1388
1261,230,1491,0.1388
1263,229,1492,0.1388
1258,223,1481,0.1388
1263,222,1485,0.1388
1276,226,1502,0.1388
1272,227,1499,0.1388
1264,224,1488,0.1388
1262,223,1485,0.1388
1260,232,1492,0.1388
1274,231,1505,0.1388
1278,235,1513,0.1388
1276,234,1510,0.1388
1271,230,1501,0.1388
1263,230,1493,0.1388
1278,226,1504,0.1388
1269,227,1496,0.1388
1277,226,1503,0.1388
1260,228,1488,0.1388
1267,228,1495,0.1388
1262,228,1490,0.1388
1267,231,1498,0.1388
1275,232,1507,0.1388
1269,226,1495,0.1388
1270,227,1497,0.1388
1267,226,1493,0.1388
1271,228,1499,0.1388
1265,224,1489,0.1388
1271,221,1492,0.1388
1270,222,1492,0.1388
1263,219,1482,0.1388
1262,222,1484,0.1388
1276,227,1503,0.1388
1270,226,1496,0.1388
1275,229,1504,0.1388
1295,225,1520,0.1388
1292,225,1517,0.1388
1287,222,1509,0.1388
1280,223,1503,0.1388
1273,224,1497,0.1388
1278,217,1495,0.1388
1275,214,1489,0.1388
1262,220,1482,0.1388
1265,220,1485,0.1388
1265,227,1492,0.1388
1273,221,1494,0.1388
1283,226,1509,0.1388
1269,225,1494,0.1388
1271,230,1501,0.1388
1263,236,1499,0.1388
1261,234,1495,0.1388
1260,231,1491,0.1388
1271,228,1499,0.1388
1255,228,1483,0.1388
1261,227,1488,0.1388
1258,224,1482,0.1388
1270,221,1491,0.1388
1258,225,1483,0.1388
1259,223,1482,0.1388
1250,225,1475,0.1388
1263,218,1481,0.1388
1259,225,1484,0.1388
1263,228,1491,0.1388
1260,232,1492,0.1388
1260,228,1488,0.1388
1256,229,1485,0.1388
1248,228,1476,0.1388
1270,224,1494,0.1388
1285,223,1508,0.1388
1271,221,1492,0.1388
1264,217,1481,0.1388
1262,217,1479,0.1388
1267,215,1482,0.1388
1283,216,1499,0.1388
1284,216,1500,0.1388
1286,217,1503,0.1388
1290,217,1507,0.1388
1302,214,1516,0.1388
1301,212,1513,0.1388
1294,207,1501,0.1388
1282,214,1496,0.1388
1274,215,1489,0.1388
1270,215,1485,0.1388
1267,213,1480,0.1388
1266,214,1480,0.1388
1267,213,1480,0.1388
1276,210,1486,0.1388
1273,205,1478,0.1388
1271,210,1481,0.1388
1268,211,1479,0.1388
1262,210,1472,0.1388
1278,220,1498,0.1388
1283,218,1501,0.1388
1268,222,1490,0.1388
1260,225,1485,0.1388
1257,228,1485,0.1388
1257,228,1485,0.1388
1252,232,1484,0.1388
1244,227,1471,0.1388
1255,233,1488,0.1388
1259,230,1489,0.1388
1269,233,1502,0.1388
1271,227,1498,0.1388
1263,229,1492,0.1388
1258,225,1483,0.1388
1275,225,1500,0.1388
1276,232,1508,0.1388
1275,230,1505,0.1388
1283,231,1514,0.1388
1278,235,1513,0.1388
1269,237,1506,0.1388
1263,242,1505,0.1388
1263,242,1505,0.1388
1255,239,1494,0.1388
1265,242,1507,0.1388
1274,235,1509,0.1388
1259,237,1496,0.1388
1271,240,1511,0.1388
1273,240,1513,0.1388
1264,242,1506,0.1388
1260,249,1509,0.1388
1256,246,1502,0.1388
1251,252,1503,0.1388
1254,255,1509,0.1388
1250,257,1507,0.1388
1239,257,1496,0.1388
1246,258,1504,0.1388
1240,257,1497,0.1388
1228,264,1492,0.1388
1229,262,1491,0.1388
1236,263,1499,0.1388
1231,264,1495,0.1388
1226,265,1491,0.1388
1230,266,1496,0.1388
1237,264,1501,0.1388
1237,267,1504,0.1388
1232,272,1504,0.1388
1232,272,1504,0.1388
1238,269,1507,0.1388
1232,271,1503,0.1388
1235,272,1507,0.1388
1231,276,1507,0.1388
1224,278,1502,0.1388
1219,277,1496,0.1388
1231,273,1504,0.1388
1232,274,1506,0.1388
1218,270,1488,0.1388
1220,272,1492,0.1388
1226,275,1501,0.1388
1224,269,1493,0.1388
1224,265,1489,0.1388
1226,270,1496,0.1388
1220,270,1490,0.1388
1231,266,1497,0.1388
1222,267,1489,0.1388
1220,267,1487,0.1388
1224,269,1493,0.1388
1240,272,1512,0.1388
1230,277,1507,0.1388
1224,280,1504,0.1388
1226,279,1505,0.1388
1219,280,1499,0.1388
1217,276,1493,0.1388
1212,272,1484,0.1388
1198,277,1475,0.1388
1187,282,1469,0.1388
1215,288,1503,0.1388
1199,292,1491,0.1388
1208,291,1499,0.1388
1198,288,1486,0.1388
1199,293,1492,0.1388
1197,286,1483,0.1388
1201,288,1489,0.1388
1210,286,1496,0.1388
1203,288,1491,0.1388
1194,288,1482,0.1388
1188,290,1478,0.1388
1193,286,1479,0.1388
1193,282,1475,0.1388
1195,290,1485,0.1388
1194,283,1477,0.1388
1195,278,1473,0.1388
1195,282,1477,0.1388
1199,284,1483,0.1388
1208,285,1493,0.1388
1212,286,1498,0.1388
1212,283,1495,0.1388
1208,282,1490,0.1388
1199,283,1482,0.1388
1193,291,1484,0.1388
1203,287,1490,0.1388
1216,287,1503,0.1388
1206,289,1495,0.1388
1213,293,1506,0.1388
1208,293,1501,0.1388
1204,293,1497,0.1388
1218,290,1508,0.1388
1208,299,1507,0.1388
1201,294,1495,0.1388
1202,293,1495,0.1388
1197,290,1487,0.1388
1190,284,1474,0.1388
1197,290,1487,0.1388
1192,296,1488,0.1388
1213,294,1507,0.1388
1213,299,1512,0.1388
1199,303,1502,0.1388
1202,299,1501,0.1388
1198,295,1493,0.1388
1208,295,1503,0.1388
1200,295,1495,0.1388
1190,295,1485,0.1388
1195,299,1494,0.1388
1187,304,1491,0.1388
1189,308,1497,0.1388
1189,313,1502,0.1388
1177,315,1492,0.1388
1187,316,1503,0.1388
1185,314,1499,0.1388
1182,310,1492,0.1388
1177,316,1493,0.1388
1170,313,1483,0.1388
1163,318,1481,0.1388
1161,321,1482,0.1388
1158,324,1482,0.1388
1163,321,1484,0.1388
1165,321,1486,0.1388
1180,322,1502,0.1388
1177,320,1497,0.1388
1181,322,1503,0.1388
1174,318,1492,0.1388
1179,314,1493,0.1388
1181,321,1502,0.1388
1178,326,1504,0.1388
1167,332,1499,0.1388
1174,336,1510,0.1388
1172,331,1503,0.1388
1177,329,1506,0.1388
1177,322,1499,0.1388
1182,326,1508,0.1388
1183,326,1509,0.1388
1183,322,1505,0.1388
1183,319,1502,0.1388
1171,326,1497,0.1388
1178,324,1502,0.1388
1171,326,1497,0.1388
1159,330,1489,0.1388
1161,325,1486,0.1388
1156,322,1478,0.1388
1156,317,1473,0.1388
1160,316,1476,0.1388
1164,323,1487,0.1388
1169,322,1491,0.1388
1161,324,1485,0.1388
1172,326,1498,0.1388
1179,322,1501,0.1388
1195,323,1518,0.1388
1182,319,1501,0.1388
1183,326,1509,0.1388
1158,323,1481,0.1388
1165,325,1490,0.1388
1161,330,1491,0.1388
1168,333,1501,0.1388
1169,327,1496,0.1388
1161,331,1492,0.1388
1166,326,1492,0.1388
1182,336,1518,0.1388
1180,331,1511,0.1388
1168,334,1502,0.1388
1177,329,1506,0.1388
1182,328,1510,0.1388
1174,332,1506,0.1388
1168,334,1502,0.1388
1173,336,1509,0.1388
1162,330,1492,0.1388
1159,327,1486,0.1388
1171,322,1493,0.1388
1170,322,1492,0.1388
1161,323,1484,0.1388
1159,330,1489,0.1388
1171,328,1499,0.1388
1174,330,1504,0.1388
1185,330,1515,0.1388
1176,327,1503,0.1388
1170,326,1496,0.1388
1178,327,1505,0.1388
1183,330,1513,0.1388
1194,326,1520,0.1388
1181,327,1508,0.1388
1175,322,1497,0.1388
1180,319,1499,0.1388
1180,316,1496,0.1388
1160,317,1477,0.1388
1177,321,1498,0.1388
1192,316,1508,0.1388
1189,325,1514,0.1388
1181,325,1506,0.1388
1171,330,1501,0.1388
1171,327,1498,0.1388
1165,319,1484,0.1388
1162,324,1486,0.1388
1145,328,1473,0.1388
1153,329,1482,0.1388
1153,327,1480,0.1388
1154,327,1481,0.1388
1166,320,1486,0.1388
1155,325,1480,0.1388
1160,328,1488,0.1388
1162,334,1496,0.1388
1145,334,1479,0.1388
1153,330,1483,0.1388
1157,329,1486,0.1388
1148,332,1480,0.1388
1153,331,1484,0.1388
1149,331,1480,0.1388
1150,335,1485,0.1388
1151,335,1486,0.1388
1148,334,1482,0.1388
1163,331,1494,0.1388
1153,325,1478,0.1388
1154,332,1486,0.1388
1162,335,1497,0.1388
1146,339,1485,0.1388
1143,346,1489,0.1388
1144,345,1489,0.1388
1140,349,1489,0.1388
1142,355,1497,0.1388
1157,356,1513,0.1388
1149,355,1504,0.1388
1149,354,1503,0.1388
1145,352,1497,0.1388
1146,356,1502,0.1388
1132,354,1486,0.1388
1135,350,1485,0.1388
1148,350,1498,0.1388
1137,344,1481,0.1388
1143,346,1489,0.1388
1142,348,1490,0.1388
1149,352,1501,0.1388
1151,356,1507,0.1388
1159,351,1510,0.1388
1155,347,1502,0.1388
1158,348,1506,0.1388
1153,347,1500,0.1388
1154,352,1506,0.1388
1148,357,1505,0.1388
1134,355,1489,0.1388
1138,359,1497,0.1388
1146,362,1508,0.1388
1133,368,1501,0.1388
1125,368,1493,0.1388
1133,367,1500,0.1388
1127,369,1496,0.1388
1115,367,1482,0.1388
1130,369,1499,0.1388
1130,373,1503,0.1388
1134,371,1505,0.1388
1111,375,1486,0.1388
1120,369,1489,0.1388
1129,375,1504,0.1388
1125,383,1508,0.1388
1123,387,1510,0.1388
1119,379,1498,0.1388
1120,380,1500,0.1388
1120,379,1499,0.1388
1128,378,1506,0.1388
1127,372,1499,0.1388
1121,375,1496,0.1388
1134,378,1512,0.1388
1128,386,1514,0.1388
1134,388,1522,0.1388
1120,389,1509,0.1388
1122,389,1511,0.1388
1134,384,1518,0.1388
1118,390,1508,0.1388
1118,386,1504,0.1388
1113,386,1499,0.1388
1100,385,1485,0.1388
1098,384,1482,0.1388
1106,385,1491,0.1388
1101,390,1491,0.1388
1109,395,1504,0.1388
1117,401,1518,0.1388
1111,404,1515,0.1388
1112,400,1512,0.1388
1115,401,1516,0.1388
1110,399,1509,0.1388
1103,398,1501,0.1388
1105,396,1501,0.1388
1104,394,1498,0.1388
1106,396,1502,0.1388
1106,401,1507,0.1388
1100,405,1505,0.1388
1095,409,1504,0.1388
1092,409,1501,0.1388
1091,405,1496,0.1388
1088,410,1498,0.1388
1085,408,1493,0.1388
1096,421,1517,0.1388
1098,412,1510,0.1388
1098,408,1506,0.1388
1091,402,1493,0.1388
1099,407,1506,0.1388
1094,408,1502,0.1388
1094,408,1502,0.1388
1093,398,1491,0.1388
1083,395,1478,0.1388
1090,406,1496,0.1388
1074,405,1479,0.1388
1076,403,1479,0.1388
1069,410,1479,0.1388
1093,407,1500,0.1388
1084,408,1492,0.1388
1094,410,1504,0.1388
1088,402,1490,0.1388
1086,397,1483,0.1388
1085,403,1488,0.1388
1086,400,1486,0.1388
1095,395,1490,0.1388
1099,399,1498,0.1388
1108,400,1508,0.1388
1116,398,1514,0.1388
1100,396,1496,0.1388
1093,396,1489,0.1388
1102,404,1506,0.1388
1099,403,1502,0.1388
1079,401,1480,0.1388
1079,407,1486,0.1388
1080,414,1494,0.1388
1077,410,1487,0.1388
1068,413,1481,0.1388
1066,415,1481,0.1388
1058,417,1475,0.1388
1062,415,1477,0.1388
1058,417,1475,0.1388
1071,419,1490,0.1388
1074,420,1494,0.1388
1054,418,1472,0.1388
1057,422,1479,0.1388
1072,421,1493,0.1388
1072,415,1487,0.1388
1072,416,1488,0.1388
1082,422,1504,0.1388
1074,425,1499,0.1388
1067,425,1492,0.1388
1074,429,1503,0.1388
1071,427,1498,0.1388
1073,435,1508,0.1388
1059,436,1495,0.1388
1056,436,1492,0.1388
1056,436,1492,0.1388
1062,437,1499,0.1388
1068,446,1514,0.1388
1058,441,1499,0.1388
1047,442,1489,0.1388
1045,445,1490,0.1388
1041,444,1485,0.1388
1051,442,1493,0.1388
1053,446,1499,0.1388
1049,451,1500,0.1388
1056,450,1506,0.1388
1035,444,1479,0.1388
1049,439,1488,0.1388
1059,437,1496,0.1388
1055,444,1499,0.1388
1056,444,1500,0.1388
1046,445,1491,0.1388
1049,449,1498,0.1388
1053,452,1505,0.1388
1052,447,1499,0.1388
1047,456,1503,0.1388
1053,451,1504,0.1388
1051,455,1506,0.1388
1055,460,1515,0.1388
1048,458,1506,0.1388
1053,456,1509,0.1388
1049,450,1499,0.1388
1049,458,1507,0.1388
1047,461,1508,0.1388
1055,454,1509,0.1388
1057,453,1510,0.1388
1064,466,1530,0.1388
1065,458,1523,0.1388
1069,463,1532,0.1388
1066,467,1533,0.1388
1048,461,1509,0.1388
1048,463,1511,0.1388
1042,459,1501,0.1388
1037,454,1491,0.1388
1041,459,1500,0.1388
1031,470,1501,0.1388
1031,463,1494,0.1388
1033,472,1505,0.1388
1025,467,1492,0.1388
1019,465,1484,0.1388
1018,465,1483,0.1388
1017,472,1489,0.1388
1023,470,1493,0.1388
1017,473,1490,0.1388
1027,466,1493,0.1388
1047,466,1513,0.1388
1035,456,1491,0.1388
1034,467,1501,0.1388
1033,465,1498,0.1388
1046,464,1510,0.1388
1036,462,1498,0.1388
1022,464,1486,0.1388
1030,468,1498,0.1388
1021,471,1492,0.1388
1014,467,1481,0.1388
1011,468,1479,0.1388
1013,469,1482,0.1388
1011,470,1481,0.1388
1010,469,1479,0.1388
1027,465,1492,0.1388
1020,470,1490,0.1388
1020,469,1489,0.1388
1018,479,1497,0.1388
1024,475,1499,0.1388
1028,475,1503,0.1388
1030,479,1509,0.1388
1038,483,1521,0.1388
1033,490,1523,0.1388
1025,476,1501,0.1388
1019,481,1500,0.1388
1011,480,1491,0.1388
1003,494,1497,0.1388
1008,493,1501,0.1388
1008,499,1507,0.1388
1018,494,1512,0.1388
1017,497,1514,0.1388
1017,490,1507,0.1388
1012,489,1501,0.1388
1007,485,1492,0.1388
1007,492,1499,0.1388
1002,487,1489,0.1388
1011,481,1492,0.1388
1009,487,1496,0.1388
1019,490,1509,0.1388
1011,491,1502,0.1388
1008,492,1500,0.1388
1007,490,1497,0.1388
1012,494,1506,0.1388
1006,493,1499,0.1388
1012,490,1502,0.1388
1016,492,1508,0.1388
1016,497,1513,0.1388
1015,494,1509,0.1388
1015,488,1503,0.1388
1015,492,1507,0.1388
1013,489,1502,0.1388
1007,494,1501,0.1388
1018,504,1522,0.1388
1012,506,1518,0.1388
1013,502,1515,0.1388
1000,502,1502,0.1388
1004,493,1497,0.1388
1001,488,1489,0.1388
1009,483,1492,0.1388
1019,481,1500,0.1388
1020,486,1506,0.1388
1025,487,1512,0.1388
1022,485,1507,0.1388
1026,484,1510,0.1388
1029,482,1511,0.1388
1021,484,1505,0.1388
1026,482,1508,0.1388
1031,480,1511,0.1388
1022,478,1500,0.1388
1010,478,1488,0.1388
1008,484,1492,0.1388
1002,481,1483,0.1388
1008,481,1489,0.1388
1002,483,1485,0.1388
1008,487,1495,0.1388
1009,485,1494,0.1388
1013,486,1499,0.1388
1011,497,1508,0.1388
1010,489,1499,0.1388
1001,498,1499,0.1388
1013,485,1498,0.1388
1010,478,1488,0.1388
1018,482,1500,0.1388
1018,488,1506,0.1388
1002,490,1492,0.1388
995,481,1476,0.1388
998,489,1487,0.1388
1001,484,1485,0.1388
1000,482,1482,0.1388
1006,475,1481,0.1388
1003,479,1482,0.1388
1013,478,1491,0.1388
1018,478,1496,0.1388
1018,479,1497,0.1388
1010,477,1487,0.1388
1018,472,1490,0.1388
1022,468,1490,0.1388
1016,475,1491,0.1388
1021,482,1503,0.1388
1024,485,1509,0.1388
1024,489,1513,0.1388
1021,488,1509,0.1388
1010,488,1498,0.1388
1007,489,1496,0.1388
999,499,1498,0.1388
1006,495,1501,0.1388
1002,497,1499,0.1388
1000,501,1501,0.1388
999,506,1505,0.1388
1008,509,1517,0.1388
995,509,1504,0.1388
990,506,1496,0.1388
995,508,1503,0.1388
1003,505,1508,0.1388
1014,503,1517,0.1388
1010,502,1512,0.1388
1002,501,1503,0.1388
994,501,1495,0.1388
1005,495,1500,0.1388
1002,501,1503,0.1388
1004,505,1509,0.1388
997,508,1505,0.1388
987,510,1497,0.1388
993,510,1503,0.1388
995,505,1500,0.1388
988,509,1497,0.1388
978,506,1484,0.1388
980,509,1489,0.1388
980,504,1484,0.1388
981,511,1492,0.1388
974,517,1491,0.1388
975,517,1492,0.1388
980,529,1509,0.1388
973,527,1500,0.1388
965,523,1488,0.1388
976,526,1502,0.1388
980,518,1498,0.1388
967,523,1490,0.1388
957,528,1485,0.1388
946,531,1477,0.1388
953,533,1486,0.1388
952,537,1489,0.1388
948,538,1486,0.1388
952,539,1491,0.1388
947,541,1488,0.1388
958,538,1496,0.1388
961,534,1495,0.1388
959,536,1495,0.1388
960,529,1489,0.1388
957,527,1484,0.1388
964,536,1500,0.1388
964,541,1505,0.1388
959,535,1494,0.1388
963,532,1495,0.1388
960,532,1492,0.1388
957,535,1492,0.1388
963,541,1504,0.1388
945,539,1484,0.1388
950,538,1488,0.1388
937,536,1473,0.1388
943,547,1490,0.1388
941,543,1484,0.1388
948,547,1495,0.1388
946,547,1493,0.1388
934,559,1493,0.1388
919,564,1483,0.1388
913,569,1482,0.1388
920,577,1497,0.1388
917,576,1493,0.1388
921,575,1496,0.1388
930,577,1507,0.1388
918,582,1500,0.1388
923,574,1497,0.1388
910,569,1479,0.1388
917,578,1495,0.1388
931,575,1506,0.1388
927,575,1502,0.1388
930,580,1510,0.1388
923,574,1497,0.1388
923,574,1497,0.1388
918,574,1492,0.1388
909,577,1486,0.1388
915,576,1491,0.1388
914,582,1496,0.1388
918,589,1507,0.1388
917,593,1510,0.1388
904,589,1493,0.1388
911,589,1500,0.1388
909,589,1498,0.1388
908,591,1499,0.1388
911,591,1502,0.1388
907,587,1494,0.1388
917,594,1511,0.1388
914,597,1511,0.1388
913,611,1524,0.1388
904,612,1516,0.1388
903,616,1519,0.1388
894,606,1500,0.1388
893,608,1501,0.1388
892,609,1501,0.1388
893,605,1498,0.1388
877,596,1473,0.1388
870,603,1473,0.1388
887,609,1496,0.1388
891,610,1501,0.1388
900,615,1515,0.1388
889,613,1502,0.1388
889,610,1499,0.1388
893,611,1504,0.1388
891,613,1504,0.1388
896,613,1509,0.1388
900,612,1512,0.1388
900,606,1506,0.1388
904,600,1504,0.1388
903,600,1503,0.1388
903,591,1494,0.1388
891,585,1476,0.1388
890,592,1482,0.1388
896,606,1502,0.1388
890,607,1497,0.1388
888,602,1490,0.1388
892,598,1490,0.1388
884,601,1485,0.1388
882,601,1483,0.1388
889,599,1488,0.1388
900,608,1508,0.1388
892,605,1497,0.1388
900,611,1511,0.1388
903,613,1516,0.1388
900,619,1519,0.1388
894,610,1504,0.1388
885,619,1504,0.1388
884,628,1512,0.1388
882,635,1517,0.1388
880,632,1512,0.1388
873,625,1498,0.1388
875,619,1494,0.1388
867,630,1497,0.1388
872,634,1506,0.1388
868,621,1489,0.1388
872,620,1492,0.1388
874,622,1496,0.1388
874,620,1494,0.1388
880,631,1511,0.1388
878,634,1512,0.1388
871,635,1506,0.1388
862,643,1505,0.1388
865,641,1506,0.1388
868,635,1503,0.1388
861,645,1506,0.1388
854,637,1491,0.1388
854,638,1492,0.1388
841,637,1478,0.1388
850,640,1490,0.1388
846,637,1483,0.1388
845,643,1488,0.1388
857,638,1495,0.1388
858,638,1496,0.1388
858,639,1497,0.1388
850,638,1488,0.1388
859,634,1493,0.1388
844,646,1490,0.1388
849,646,1495,0.1388
846,647,1493,0.1388
841,647,1488,0.1388
847,656,1503,0.1388
849,658,1507,0.1388
843,659,1502,0.1388
850,660,1510,0.1388
837,658,1495,0.1388
835,659,1494,0.1388
824,668,1492,0.1388
825,667,1492,0.1388
835,672,1507,0.1388
841,674,1515,0.1388
840,673,1513,0.1388
830,668,1498,0.1388
836,665,1501,0.1388
834,682,1516,0.1388
831,674,1505,0.1388
844,669,1513,0.1388
847,666,1513,0.1388
854,669,1523,0.1388
841,662,1503,0.1388
844,666,1510,0.1388
836,667,1503,0.1388
824,658,1482,0.1388
822,666,1488,0.1388
835,666,1501,0.1388
834,666,1500,0.1388
844,665,1509,0.1388
836,666,1502,0.1388
837,665,1502,0.1388
833,659,1492,0.1388
834,658,1492,0.1388
823,662,1485,0.1388
819,661,1480,0.1388
825,664,1489,0.1388
828,667,1495,0.1388
819,672,1491,0.1388
818,673,1491,0.1388
818,679,1497,0.1388
827,678,1505,0.1388
825,679,1504,0.1388
837,678,1515,0.1388
830,678,1508,0.1388
822,670,1492,0.1388
821,676,1497,0.1388
819,678,1497,0.1388
812,681,1493,0.1388
812,683,1495,0.1388
818,670,1488,0.1388
820,676,1496,0.1388
821,682,1503,0.1388
824,688,1512,0.1388
821,686,1507,0.1388
813,685,1498,0.1388
810,690,1500,0.1388
812,692,1504,0.1388
810,687,1497,0.1388
810,688,1498,0.1388
817,698,1515,0.1388
801,697,1498,0.1388
801,693,1494,0.1388
801,701,1502,0.1388
804,700,1504,0.1388
815,700,1515,0.1388
806,703,1509,0.1388
806,699,1505,0.1388
798,700,1498,0.1388
802,698,1500,0.1388
794,696,1490,0.1388
794,699,1493,0.1388
797,693,1490,0.1388
798,700,1498,0.1388
788,705,1493,0.1388
797,704,1501,0.1388
798,711,1509,0.1388
798,705,1503,0.1388
794,710,1504,0.1388
796,702,1498,0.1388
800,704,1504,0.1388
775,695,1470,0.1388
785,707,1492,0.1388
795,708,1503,0.1388
783,694,1477,0.1388
781,699,1480,0.1388
780,713,1493,0.1388
779,708,1487,0.1388
782,709,1491,0.1388
780,712,1492,0.1388
788,708,1496,0.1388
782,711,1493,0.1388
783,717,1500,0.1388
781,717,1498,0.1388
786,715,1501,0.1388
774,722,1496,0.1388
773,717,1490,0.1388
778,721,1499,0.1388
780,718,1498,0.1388
771,716,1487,0.1388
770,720,1490,0.1388
770,717,1487,0.1388
769,716,1485,0.1388
772,726,1498,0.1388
769,724,1493,0.1388
772,727,1499,0.1388
778,732,1510,0.1388
767,731,1498,0.1388
767,731,1498,0.1388
767,729,1496,0.1388
777,737,1514,0.1388
775,737,1512,0.1388
768,742,1510,0.1388
760,733,1493,0.1388
757,735,1492,0.1388
744,736,1480,0.1388
745,735,1480,0.1388
737,726,1463,0.1388
750,736,1486,0.1388
746,745,1491,0.1388
754,752,1506,0.1388
754,762,1516,0.1388
752,759,1511,0.1388
754,760,1514,0.1388
756,766,1522,0.1388
757,755,1512,0.1388
759,754,1513,0.1388
753,765,1518,0.1388
755,767,1522,0.1388
751,758,1509,0.1388
752,760,1512,0.1388
754,762,1516,0.1388
740,774,1514,0.1388
734,769,1503,0.1388
735,769,1504,0.1388
737,756,1493,0.1388
736,761,1497,0.1388
742,757,1499,0.1388
733,757,1490,0.1388
728,756,1484,0.1388
726,741,1467,0.1388
720,748,1468,0.1388
709,749,1458,0.1388
713,758,1471,0.1388
724,757,1481,0.1388
727,756,1483,0.1388
719,767,1486,0.1388
730,770,1500,0.1388
725,767,1492,0.1388
722,765,1487,0.1388
721,769,1490,0.1388
723,771,1494,0.1388
730,768,1498,0.1388
728,758,1486,0.1388
735,771,1506,0.1388
724,780,1504,0.1388
732,785,1517,0.1388
726,781,1507,0.1388
716,785,1501,0.1388
720,781,1501,0.1388
713,788,1501,0.1388
719,790,1509,0.1388
720,788,1508,0.1388
720,778,1498,0.1388
715,770,1485,0.1388
723,782,1505,0.1388
729,778,1507,0.1388
727,778,1505,0.1388
714,782,1496,0.1388
710,780,1490,0.1388
710,785,1495,0.1388
716,787,1503,0.1388
721,792,1513,0.1388
721,791,1512,0.1388
713,789,1502,0.1388
708,797,1505,0.1388
713,795,1508,0.1388
705,791,1496,0.1388
704,800,1504,0.1388
704,790,1494,0.1388
691,795,1486,0.1388
699,797,1496,0.1388
698,791,1489,0.1388
709,797,1506,0.1388
701,785,1486,0.1388
704,793,1497,0.1388
700,798,1498,0.1388
693,802,1495,0.1388
695,803,1498,0.1388
695,805,1500,0.1388
690,812,1502,0.1388
688,814,1502,0.1388
686,810,1496,0.1388
696,812,1508,0.1388
689,802,1491,0.1388
698,806,1504,0.1388
698,807,1505,0.1388
692,811,1503,0.1388
686,819,1505,0.1388
683,832,1515,0.1388
680,832,1512,0.1388
682,834,1516,0.1388
669,833,1502,0.1388
672,827,1499,0.1388
673,832,1505,0.1388
677,832,1509,0.1388
667,829,1496,0.1388
667,832,1499,0.1388
669,837,1506,0.1388
666,829,1495,0.1388
661,827,1488,0.1388
660,828,1488,0.1388
659,830,1489,0.1388
660,821,1481,0.1388
669,831,1500,0.1388
670,831,1501,0.1388
676,836,1512,0.1388
675,832,1507,0.1388
678,833,1511,0.1388
671,830,1501,0.1388
679,840,1519,0.1388
674,838,1512,0.1388
669,838,1507,0.1388
668,836,1504,0.1388
670,839,1509,0.1388
659,845,1504,0.1388
653,850,1503,0.1388
658,844,1502,0.1388
654,856,1510,0.1388
648,852,1500,0.1388
646,853,1499,0.1388
653,853,1506,0.1388
651,854,1505,0.1388
657,848,1505,0.1388
653,848,1501,0.1388
647,852,1499,0.1388
660,858,1518,0.1388
654,857,1511,0.1388
644,857,1501,0.1388
652,856,1508,0.1388
654,855,1509,0.1388
649,848,1497,0.1388
650,848,1498,0.1388
650,855,1505,0.1388
658,849,1507,0.1388
655,849,1504,0.1388
652,851,1503,0.1388
657,845,1502,0.1388
646,848,1494,0.1388
650,860,1510,0.1388
651,859,1510,0.1388
644,863,1507,0.1388
649,867,1516,0.1388
649,858,1507,0.1388
655,869,1524,0.1388
650,871,1521,0.1388
657,860,1517,0.1388
649,855,1504,0.1388
646,850,1496,0.1388
652,853,1505,0.1388
661,858,1519,0.1388
656,858,1514,0.1388
661,866,1527,0.1388
663,874,1537,0.1388
655,877,1532,0.1388
661,872,1533,0.1388
651,877,1528,0.1388
655,869,1524,0.1388
649,854,1503,0.1388
652,847,1499,0.1388
656,857,1513,0.1388
656,856,1512,0.1388
653,864,1517,0.1388
660,860,1520,0.1388
662,858,1520,0.1388
653,862,1515,0.1388
645,855,1500,0.1388
650,857,1507,0.1388
645,855,1500,0.1388
644,856,1500,0.1388
648,860,1508,0.1388
643,847,1490,0.1388
641,860,1501,0.1388
638,871,1509,0.1388
635,867,1502,0.1388
630,871,1501,0.1388
634,875,1509,0.1388
638,866,1504,0.1388
640,873,1513,0.1388
637,878,1515,0.1388
642,884,1526,0.1388
647,888,1535,0.1388
646,872,1518,0.1388
644,879,1523,0.1388
639,881,1520,0.1388
638,876,1514,0.1388
641,883,1524,0.1388
638,884,1522,0.1388
646,878,1524,0.1388
646,873,1519,0.1388
645,874,1519,0.1388
638,869,1507,0.1388
638,872,1510,0.1388
641,882,1523,0.1388
640,871,1511,0.1388
637,876,1513,0.1388
635,884,1519,0.1388
620,887,1507,0.1388
625,876,1501,0.1388
619,876,1495,0.1388
619,875,1494,0.1388
632,876,1508,0.1388
623,866,1489,0.1388
623,864,1487,0.1388
627,863,1490,0.1388
630,865,1495,0.1388
630,869,1499,0.1388
627,879,1506,0.1388
624,881,1505,0.1388
624,876,1500,0.1388
624,883,1507,0.1388
625,876,1501,0.1388
626,876,1502,0.1388
628,874,1502,0.1388
630,876,1506,0.1388
633,876,1509,0.1388
634,869,1503,0.1388
632,866,1498,0.1388
635,863,1498,0.1388
644,872,1516,0.1388
633,876,1509,0.1388
643,881,1524,0.1388
641,874,1515,0.1388
639,873,1512,0.1388
636,869,1505,0.1388
639,864,1503,0.1388
639,872,1511,0.1388
648,870,1518,0.1388
653,869,1522,0.1388
649,876,1525,0.1388
641,870,1511,0.1388
642,877,1519,0.1388
640,874,1514,0.1388
638,871,1509,0.1388
645,867,1512,0.1388
647,871,1518,0.1388
652,867,1519,0.1388
648,858,1506,0.1388
639,851,1490,0.1388
629,866,1495,0.1388
633,858,1491,0.1388
628,862,1490,0.1388
637,862,1499,0.1388
645,867,1512,0.1388
637,859,1496,0.1388
639,853,1492,0.1388
638,866,1504,0.1388
632,876,1508,0.1388
633,869,1502,0.1388
632,873,1505,0.1388
615,873,1488,0.1388
625,883,1508,0.1388
618,879,1497,0.1388
622,869,1491,0.1388
625,872,1497,0.1388
626,878,1504,0.1388
615,876,1491,0.1388
615,882,1497,0.1388
616,880,1496,0.1388
617,888,1505,0.1388
623,885,1508,0.1388
626,887,1513,0.1388
632,884,1516,0.1388
623,888,1511,0.1388
614,887,1501,0.1388
616,886,1502,0.1388
616,877,1493,0.1388
609,881,1490,0.1388
610,883,1493,0.1388
618,881,1499,0.1388
622,885,1507,0.1388
621,880,1501,0.1388
622,887,1509,0.1388
613,882,1495,0.1388
624,891,1515,0.1388
623,894,1517,0.1388
630,892,1522,0.1388
640,885,1525,0.1388
632,876,1508,0.1388
630,877,1507,0.1388
615,878,1493,0.1388
617,880,1497,0.1388
618,884,1502,0.1388
620,881,1501,0.1388
625,879,1504,0.1388
626,867,1493,0.1388
624,885,1509,0.1388
629,895,1524,0.1388
624,897,1521,0.1388
628,888,1516,0.1388
624,877,1501,0.1388
622,876,1498,0.1388
631,883,1514,0.1388
634,864,1498,0.1388
649,871,1520,0.1388
645,878,1523,0.1388
641,873,1514,0.1388
638,857,1495,0.1388
630,861,1491,0.1388
638,878,1516,0.1388
627,883,1510,0.1388
623,891,1514,0.1388
636,888,1524,0.1388
632,882,1514,0.1388
627,884,1511,0.1388
621,882,1503,0.1388
629,873,1502,0.1388
637,866,1503,0.1388
627,870,1497,0.1388
617,876,1493,0.1388
625,873,1498,0.1388
636,871,1507,0.1388
647,869,1516,0.1388
649,869,1518,0.1388
637,863,1500,0.1388
640,863,1503,0.1388
633,874,1507,0.1388
635,882,1517,0.1388
635,879,1514,0.1388
630,879,1509,0.1388
623,881,1504,0.1388
614,873,1487,0.1388
620,871,1491,0.1388
623,871,1494,0.1388
620,875,1495,0.1388
614,894,1508,0.1388
610,894,1504,0.1388
614,904,1518,0.1388
613,899,1512,0.1388
605,897,1502,0.1388
610,904,1514,0.1388
610,900,1510,0.1388
612,905,1517,0.1388
607,906,1513,0.1388
612,898,1510,0.1388
609,902,1511,0.1388
613,901,1514,0.1388
622,890,1512,0.1388
626,895,1521,0.1388
607,891,1498,0.1388
615,882,1497,0.1388
623,878,1501,0.1388
619,887,1506,0.1388
619,878,1497,0.1388
617,877,1494,0.1388
617,886,1503,0.1388
612,889,1501,0.1388
617,892,1509,0.1388
620,888,1508,0.1388
618,889,1507,0.1388
612,892,1504,0.1388
611,901,1512,0.1388
609,894,1503,0.1388
606,907,1513,0.1388
607,910,1517,0.1388
618,907,1525,0.1388
615,911,1526,0.1388
617,912,1529,0.1388
623,902,1525,0.1388
618,898,1516,0.1388
621,901,1522,0.1388
625,902,1527,0.1388
621,901,1522,0.1388
610,903,1513,0.1388
611,899,1510,0.1388
609,906,1515,0.1388
609,902,1511,0.1388
611,901,1512,0.1388
602,896,1498,0.1388
600,899,1499,0.1388
595,903,1498,0.1388
596,902,1498,0.1388
584,916,1500,0.1388
593,915,1508,0.1388
590,913,1503,0.1388
585,914,1499,0.1388
596,914,1510,0.1388
601,916,1517,0.1388
599,908,1507,0.1388
599,904,1503,0.1388
600,897,1497,0.1388
600,898,1498,0.1388
600,898,1498,0.1388
603,899,1502,0.1388
616,905,1521,0.1388
613,902,1515,0.1388
613,897,1510,0.1388
610,911,1521,0.1388
608,906,1514,0.1388
603,905,1508,0.1388
595,911,1506,0.1388
597,908,1505,0.1388
600,897,1497,0.1388
597,893,1490,0.1388
593,899,1492,0.1388
601,906,1507,0.1388
605,907,1512,0.1388
612,898,1510,0.1388
607,894,1501,0.1388
609,897,1506,0.1388
622,897,1519,0.1388
622,900,1522,0.1388
617,902,1519,0.1388
617,909,1526,0.1388
620,911,1531,0.1388
609,906,1515,0.1388
608,908,1516,0.1388
615,909,1524,0.1388
617,897,1514,0.1388
614,903,1517,0.1388
615,905,1520,0.1388
609,898,1507,0.1388
606,900,1506,0.1388
600,897,1497,0.1388
600,896,1496,0.1388
604,910,1514,0.1388
614,901,1515,0.1388
618,893,1511,0.1388
612,899,1511,0.1388
609,899,1508,0.1388
602,897,1499,0.1388
607,899,1506,0.1388
612,898,1510,0.1388
613,901,1514,0.1388
613,903,1516,0.1388
608,902,1510,0.1388
606,904,1510,0.1388
602,912,1514,0.1388
605,905,1510,0.1388
595,904,1499,0.1388
596,915,1511,0.1388
599,912,1511,0.1388
592,913,1505,0.1388
585,908,1493,0.1388
591,912,1503,0.1388
596,914,1510,0.1388
596,921,1517,0.1388
592,922,1514,0.1388
584,921,1505,0.1388
586,920,1506,0.1388
575,913,1488,0.1388
574,905,1479,0.1388
571,911,1482,0.1388
579,915,1494,0.1388
586,917,1503,0.1388
583,927,1510,0.1388
585,927,1512,0.1388
586,934,1520,0.1388
585,933,1518,0.1388
578,924,1502,0.1388
572,918,1490,0.1388
572,916,1488,0.1388
575,925,1500,0.1388
581,933,1514,0.1388
575,940,1515,0.1388
582,939,1521,0.1388
571,942,1513,0.1388
570,939,1509,0.1388
563,942,1505,0.1388
561,938,1499,0.1388
567,936,1503,0.1388
575,928,1503,0.1388
573,936,1509,0.1388
572,944,1516,0.1388
573,951,1524,0.1388
572,939,1511,0.1388
574,958,1532,0.1388
575,948,1523,0.1388
564,938,1502,0.1388
568,933,1501,0.1388
571,936,1507,0.1388
567,940,1507,0.1388
559,940,1499,0.1388
552,962,1514,0.1388
553,956,1509,0.1388
557,956,1513,0.1388
550,950,1500,0.1388
557,964,1521,0.1388
553,953,1506,0.1388
550,957,1507,0.1388
545,960,1505,0.1388
544,966,1510,0.1388
534,967,1501,0.1388
537,966,1503,0.1388
530,967,1497,0.1388
535,963,1498,0.1388
536,977,1513,0.1388
526,978,1504,0.1388
519,979,1498,0.1388
521,978,1499,0.1388
522,979,1501,0.1388
524,976,1500,0.1388
518,972,1490,0.1388
514,981,1495,0.1388
524,974,1498,0.1388
524,985,1509,0.1388
526,981,1507,0.1388
521,990,1511,0.1388
522,980,1502,0.1388
527,980,1507,0.1388
529,986,1515,0.1388
523,990,1513,0.1388
515,996,1511,0.1388
513,997,1510,0.1388
517,989,1506,0.1388
522,990,1512,0.1388
521,985,1506,0.1388
520,994,1514,0.1388
516,1005,1521,0.1388
515,997,1512,0.1388
504,999,1503,0.1388
506,995,1501,0.1388
508,1010,1518,0.1388
511,1004,1515,0.1388
515,984,1499,0.1388
515,995,1510,0.1388
512,1003,1515,0.1388
502,997,1499,0.1388
512,993,1505,0.1388
514,991,1505,0.1388
513,995,1508,0.1388
516,998,1514,0.1388
516,1009,1525,0.1388
515,1008,1523,0.1388
514,1010,1524,0.1388
514,1003,1517,0.1388
502,998,1500,0.1388
502,1004,1506,0.1388
499,997,1496,0.1388
505,1008,1513,0.1388
497,1011,1508,0.1388
500,1015,1515,0.1388
505,1009,1514,0.1388
506,1004,1510,0.1388
502,1007,1509,0.1388
504,1004,1508,0.1388
500,1013,1513,0.1388
500,1017,1517,0.1388
486,1019,1505,0.1388
486,1020,1506,0.1388
482,1017,1499,0.1388
487,1025,1512,0.1388
481,1019,1500,0.1388
482,1018,1500,0.1388
485,1015,1500,0.1388
490,1020,1510,0.1388
491,1026,1517,0.1388
480,1028,1508,0.1388
476,1039,1515,0.1388
479,1035,1514,0.1388
475,1023,1498,0.1388
482,1024,1506,0.1388
482,1023,1505,0.1388
476,1027,1503,0.1388
471,1034,1505,0.1388
465,1035,1500,0.1388
471,1036,1507,0.1388
471,1043,1514,0.1388
461,1043,1504,0.1388
469,1043,1512,0.1388
471,1043,1514,0.1388
475,1048,1523,0.1388
476,1050,1526,0.1388
479,1051,1530,0.1388
471,1045,1516,0.1388
476,1040,1516,0.1388
467,1041,1508,0.1388
470,1037,1507,0.1388
470,1034,1504,0.1388
476,1032,1508,0.1388
463,1034,1497,0.1388
468,1031,1499,0.1388
468,1032,1500,0.1388
470,1034,1504,0.1388
471,1041,1512,0.1388
473,1051,1524,0.1388
475,1049,1524,0.1388
475,1050,1525,0.1388
470,1049,1519,0.1388
465,1054,1519,0.1388
472,1055,1527,0.1388
468,1058,1526,0.1388
463,1054,1517,0.1388
467,1047,1514,0.1388
460,1052,1512,0.1388
455,1055,1510,0.1388
462,1062,1524,0.1388
457,1058,1515,0.1388
451,1069,1520,0.1388
450,1056,1506,0.1388
456,1065,1521,0.1388
460,1064,1524,0.1388
460,1063,1523,0.1388
456,1059,1515,0.1388
462,1051,1513,0.1388
458,1058,1516,0.1388
454,1060,1514,0.1388
456,1062,1518,0.1388
446,1068,1514,0.1388
443,1064,1507,0.1388
447,1072,1519,0.1388
451,1061,1512,0.1388
446,1057,1503,0.1388
450,1061,1511,0.1388
448,1061,1509,0.1388
443,1066,1509,0.1388
442,1076,1518,0.1388
436,1068,1504,0.1388
428,1080,1508,0.1388
422,1077,1499,0.1388
426,1075,1501,0.1388
421,1077,1498,0.1388
427,1076,1503,0.1388
435,1076,1511,0.1388
430,1075,1505,0.1388
431,1086,1517,0.1388
433,1080,1513,0.1388
424,1080,1504,0.1388
431,1072,1503,0.1388
431,1072,1503,0.1388
423,1073,1496,0.1388
419,1086,1505,0.1388
420,1077,1497,0.1388
422,1081,1503,0.1388
417,1076,1493,0.1388
424,1078,1502,0.1388
429,1083,1512,0.1388
430,1076,1506,0.1388
430,1078,1508,0.1388
425,1084,1509,0.1388
426,1102,1528,0.1388
421,1101,1522,0.1388
417,1099,1516,0.1388
418,1105,1523,0.1388
413,1094,1507,0.1388
408,1092,1500,0.1388
412,1103,1515,0.1388
412,1099,1511,0.1388
410,1107,1517,0.1388
410,1101,1511,0.1388
407,1110,1517,0.1388
408,1110,1518,0.1388
400,1109,1509,0.1388
409,1115,1524,0.1388
402,1106,1508,0.1388
404,1104,1508,0.1388
402,1115,1517,0.1388
397,1117,1514,0.1388
395,1114,1509,0.1388
398,1123,1521,0.1388
397,1125,1522,0.1388
400,1124,1524,0.1388
397,1119,1516,0.1388
399,1121,1520,0.1388
395,1118,1513,0.1388
395,1122,1517,0.1388
398,1125,1523,0.1388
395,1120,1515,0.1388
395,1118,1513,0.1388
389,1106,1495,0.1388
390,1112,1502,0.1388
386,1117,1503,0.1388
389,1122,1511,0.1388
396,1124,1520,0.1388
386,1121,1507,0.1388
389,1112,1501,0.1388
391,1104,1495,0.1388
392,1108,1500,0.1388
392,1113,1505,0.1388
395,1118,1513,0.1388
391,1116,1507,0.1388
388,1120,1508,0.1388
397,1119,1516,0.1388
397,1111,1508,0.1388
391,1113,1504,0.1388
389,1116,1505,0.1388
386,1127,1513,0.1388
390,1124,1514,0.1388
390,1123,1513,0.1388
386,1122,1508,0.1388
392,1128,1520,0.1388
389,1120,1509,0.1388
395,1112,1507,0.1388
391,1123,1514,0.1388
400,1121,1521,0.1388
398,1122,1520,0.1388
391,1117,1508,0.1388
392,1123,1515,0.1388
385,1131,1516,0.1388
385,1134,1519,0.1388
387,1125,1512,0.1388
385,1117,1502,0.1388
384,1116,1500,0.1388
385,1122,1507,0.1388
383,1128,1511,0.1388
384,1131,1515,0.1388
382,1127,1509,0.1388
384,1124,1508,0.1388
388,1136,1524,0.1388
380,1130,1510,0.1388
387,1129,1516,0.1388
390,1129,1519,0.1388
389,1141,1530,0.1388
383,1131,1514,0.1388
381,1129,1510,0.1388
378,1135,1513,0.1388
379,1129,1508,0.1388
384,1129,1513,0.1388
381,1133,1514,0.1388
379,1127,1506,0.1388
371,1134,1505,0.1388
373,1125,1498,0.1388
374,1122,1496,0.1388
381,1132,1513,0.1388
375,1130,1505,0.1388
372,1140,1512,0.1388
372,1140,1512,0.1388
362,1138,1500,0.1388
360,1134,1494,0.1388
369,1140,1509,0.1388
371,1139,1510,0.1388
367,1132,1499,0.1388
366,1134,1500,0.1388
359,1140,1499,0.1388
370,1150,1520,0.1388
366,1143,1509,0.1388
363,1142,1505,0.1388
362,1143,1505,0.1388
359,1138,1497,0.1388
368,1139,1507,0.1388
371,1130,1501,0.1388
377,1137,1514,0.1388
375,1145,1520,0.1388
372,1146,1518,0.1388
363,1143,1506,0.1388
362,1130,1492,0.1388
367,1152,1519,0.1388
362,1135,1497,0.1388
356,1142,1498,0.1388
352,1142,1494,0.1388
355,1140,1495,0.1388
354,1137,1491,0.1388
355,1135,1490,0.1388
357,1142,1499,0.1388
359,1150,1509,0.1388
359,1155,1514,0.1388
364,1149,1513,0.1388
359,1155,1514,0.1388
357,1158,1515,0.1388
356,1153,1509,0.1388
356,1157,1513,0.1388
362,1163,1525,0.1388
360,1158,1518,0.1388
360,1161,1521,0.1388
353,1159,1512,0.1388
348,1160,1508,0.1388
348,1155,1503,0.1388
343,1166,1509,0.1388
347,1167,1514,0.1388
341,1163,1504,0.1388
343,1168,1511,0.1388
344,1165,1509,0.1388
341,1163,1504,0.1388
349,1171,1520,0.1388
349,1189,1538,0.1388
344,1192,1536,0.1388
344,1185,1529,0.1388
342,1187,1529,0.1388
340,1181,1521,0.1388
340,1173,1513,0.1388
340,1179,1519,0.1388
345,1179,1524,0.1388
349,1162,1511,0.1388
344,1171,1515,0.1388
345,1179,1524,0.1388
337,1177,1514,0.1388
336,1172,1508,0.1388
341,1169,1510,0.1388
345,1173,1518,0.1388
337,1175,1512,0.1388
341,1163,1504,0.1388
335,1165,1500,0.1388
336,1171,1507,0.1388
328,1174,1502,0.1388
334,1180,1514,0.1388
335,1179,1514,0.1388
335,1172,1507,0.1388
327,1168,1495,0.1388
324,1169,1493,0.1388
322,1164,1486,0.1388
324,1173,1497,0.1388
320,1186,1506,0.1388
320,1187,1507,0.1388
326,1188,1514,0.1388
323,1186,1509,0.1388
325,1183,1508,0.1388
320,1183,1503,0.1388
323,1173,1496,0.1388
321,1184,1505,0.1388
321,1183,1504,0.1388
315,1183,1498,0.1388
315,1173,1488,0.1388
317,1187,1504,0.1388
317,1190,1507,0.1388
314,1185,1499,0.1388
319,1184,1503,0.1388
321,1186,1507,0.1388
323,1185,1508,0.1388
329,1187,1516,0.1388
321,1192,1513,0.1388
323,1197,1520,0.1388
327,1192,1519,0.1388
324,1190,1514,0.1388
326,1188,1514,0.1388
322,1188,1510,0.1388
326,1182,1508,0.1388
318,1177,1495,0.1388
316,1181,1497,0.1388
318,1190,1508,0.1388
320,1188,1508,0.1388
322,1176,1498,0.1388
323,1175,1498,0.1388
328,1172,1500,0.1388
330,1182,1512,0.1388
335,1177,1512,0.1388
330,1185,1515,0.1388
331,1178,1509,0.1388
326,1195,1521,0.1388
324,1192,1516,0.1388
320,1182,1502,0.1388
321,1176,1497,0.1388
321,1183,1504,0.1388
322,1193,1515,0.1388
327,1195,1522,0.1388
325,1195,1520,0.1388
317,1192,1509,0.1388
319,1184,1503,0.1388
319,1187,1506,0.1388
323,1192,1515,0.1388
324,1197,1521,0.1388
327,1193,1520,0.1388
334,1193,1527,0.1388
323,1184,1507,0.1388
320,1189,1509,0.1388
326,1190,1516,0.1388
325,1192,1517,0.1388
321,1191,1512,0.1388
323,1191,1514,0.1388
325,1181,1506,0.1388
321,1191,1512,0.1388
326,1195,1521,0.1388
328,1200,1528,0.1388
325,1196,1521,0.1388
322,1184,1506,0.1388
322,1189,1511,0.1388
326,1183,1509,0.1388
329,1188,1517,0.1388
330,1181,1511,0.1388
326,1185,1511,0.1388
322,1186,1508,0.1388
319,1185,1504,0.1388
326,1179,1505,0.1388
323,1181,1504,0.1388
322,1181,1503,0.1388
328,1187,1515,0.1388
329,1188,1517,0.1388
329,1184,1513,0.1388
328,1180,1508,0.1388
320,1180,1500,0.1388
324,1173,1497,0.1388
331,1170,1501,0.1388
334,1188,1522,0.1388
326,1197,1523,0.1388
333,1179,1512,0.1388
327,1187,1514,0.1388
333,1178,1511,0.1388
335,1181,1516,0.1388
332,1177,1509,0.1388
333,1189,1522,0.1388
330,1184,1514,0.1388
331,1185,1516,0.1388
326,1177,1503,0.1388
323,1183,1506,0.1388
332,1193,1525,0.1388
329,1197,1526,0.1388
327,1190,1517,0.1388
333,1195,1528,0.1388
330,1203,1533,0.1388
326,1194,1520,0.1388
325,1191,1516,0.1388
326,1195,1521,0.1388
333,1197,1530,0.1388
334,1204,1538,0.1388
329,1191,1520,0.1388
329,1195,1524,0.1388
326,1191,1517,0.1388
329,1199,1528,0.1388
327,1197,1524,0.1388
330,1200,1530,0.1388
327,1198,1525,0.1388
319,1198,1517,0.1388
317,1189,1506,0.1388
314,1181,1495,0.1388
311,1182,1493,0.1388
311,1183,1494,0.1388
310,1188,1498,0.1388
306,1191,1497,0.1388
309,1183,1492,0.1388
307,1185,1492,0.1388
309,1193,1502,0.1388
305,1196,1501,0.1388
309,1199,1508,0.1388
308,1203,1511,0.1388
308,1201,1509,0.1388
311,1193,1504,0.1388
310,1196,1506,0.1388
303,1195,1498,0.1388
306,1191,1497,0.1388
309,1199,1508,0.1388
310,1198,1508,0.1388
309,1197,1506,0.1388
305,1190,1495,0.1388
304,1194,1498,0.1388
304,1205,1509,0.1388
308,1206,1514,0.1388
304,1212,1516,0.1388
298,1206,1504,0.1388
298,1216,1514,0.1388
295,1206,1501,0.1388
292,1205,1497,0.1388
297,1212,1509,0.1388
307,1215,1522,0.1388
304,1208,1512,0.1388
309,1211,1520,0.1388
316,1204,1520,0.1388
312,1187,1499,0.1388
308,1200,1508,0.1388
309,1195,1504,0.1388
308,1198,1506,0.1388
306,1196,1502,0.1388
308,1203,1511,0.1388
311,1192,1503,0.1388
308,1202,1510,0.1388
304,1201,1505,0.1388
301,1194,1495,0.1388
307,1195,1502,0.1388
306,1193,1499,0.1388
313,1198,1511,0.1388
311,1204,1515,0.1388
312,1205,1517,0.1388
310,1213,1523,0.1388
309,1205,1514,0.1388
309,1205,1514,0.1388
310,1192,1502,0.1388
309,1192,1501,0.1388
309,1188,1497,0.1388
306,1191,1497,0.1388
300,1202,1502,0.1388
298,1214,1512,0.1388
294,1216,1510,0.1388
302,1203,1505,0.1388
304,1209,1513,0.1388
304,1206,1510,0.1388
307,1211,1518,0.1388
301,1209,1510,0.1388
308,1204,1512,0.1388
300,1219,1519,0.1388
304,1214,1518,0.1388
301,1217,1518,0.1388
302,1228,1530,0.1388
303,1216,1519,0.1388
303,1212,1515,0.1388
303,1221,1524,0.1388
295,1211,1506,0.1388
294,1216,1510,0.1388
291,1207,1498,0.1388
298,1217,1515,0.1388
298,1224,1522,0.1388
297,1232,1529,0.1388
296,1218,1514,0.1388
298,1224,1522,0.1388
298,1233,1531,0.1388
290,1227,1517,0.1388
289,1217,1506,0.1388
291,1210,1501,0.1388
296,1220,1516,0.1388
288,1232,1520,0.1388
289,1229,1518,0.1388
289,1237,1526,0.1388
286,1224,1510,0.1388
288,1222,1510,0.1388
291,1225,1516,0.1388
290,1220,1510,0.1388
290,1218,1508,0.1388
290,1217,1507,0.1388
287,1233,1520,0.1388
288,1241,1529,0.1388
291,1244,1535,0.1388
292,1231,1523,0.1388
296,1226,1522,0.1388
287,1223,1510,0.1388
287,1224,1511,0.1388
286,1229,1515,0.1388
288,1226,1514,0.1388
288,1230,1518,0.1388
289,1225,1514,0.1388
286,1223,1509,0.1388
281,1221,1502,0.1388
286,1217,1503,0.1388
283,1221,1504,0.1388
283,1216,1499,0.1388
274,1229,1503,0.1388
280,1226,1506,0.1388
275,1229,1504,0.1388
276,1231,1507,0.1388
279,1231,1510,0.1388
280,1231,1511,0.1388
275,1231,1506,0.1388
284,1231,1515,0.1388
285,1226,1511,0.1388
283,1241,1524,0.1388
280,1251,1531,0.1388
284,1234,1518,0.1388
280,1241,1521,0.1388
282,1235,1517,0.1388
274,1238,1512,0.1388
276,1233,1509,0.1388
277,1233,1510,0.1388
279,1226,1505,0.1388
283,1210,1493,0.1388
280,1211,1491,0.1388
277,1219,1496,0.1388
278,1211,1489,0.1388
281,1214,1495,0.1388
287,1226,1513,0.1388
288,1230,1518,0.1388
288,1234,1522,0.1388
289,1243,1532,0.1388
288,1230,1518,0.1388
285,1239,1524,0.1388
285,1239,1524,0.1388
279,1234,1513,0.1388
274,1233,1507,0.1388
267,1235,1502,0.1388
268,1226,1494,0.1388
277,1241,1518,0.1388
281,1236,1517,0.1388
280,1247,1527,0.1388
276,1249,1525,0.1388
276,1242,1518,0.1388
272,1231,1503,0.1388
269,1230,1499,0.1388
272,1227,1499,0.1388
279,1222,1501,0.1388
277,1225,1502,0.1388
274,1223,1497,0.1388
273,1226,1499,0.1388
274,1235,1509,0.1388
269,1249,1518,0.1388
274,1233,1507,0.1388
274,1230,1504,0.1388
274,1237,1511,0.1388
275,1227,1502,0.1388
276,1232,1508,0.1388
278,1226,1504,0.1388
273,1231,1504,0.1388
270,1229,1499,0.1388
268,1232,1500,0.1388
267,1243,1510,0.1388
269,1241,1510,0.1388
273,1249,1522,0.1388
275,1248,1523,0.1388
274,1242,1516,0.1388
274,1236,1510,0.1388
275,1243,1518,0.1388
269,1243,1512,0.1388
270,1251,1521,0.1388
273,1251,1524,0.1388
267,1233,1500,0.1388
274,1227,1501,0.1388
269,1239,1508,0.1388
271,1241,1512,0.1388
274,1243,1517,0.1388
269,1235,1504,0.1388
269,1232,1501,0.1388
268,1245,1513,0.1388
265,1256,1521,0.1388
263,1258,1521,0.1388
265,1262,1527,0.1388
265,1257,1522,0.1388
259,1246,1505,0.1388
257,1257,1514,0.1388
260,1259,1519,0.1388
262,1262,1524,0.1388
256,1268,1524,0.1388
260,1267,1527,0.1388
262,1269,1531,0.1388
259,1261,1520,0.1388
264,1254,1518,0.1388
266,1256,1522,0.1388
262,1259,1521,0.1388
264,1258,1522,0.1388
256,1264,1520,0.1388
258,1257,1515,0.1388
253,1254,1507,0.1388
254,1253,1507,0.1388
250,1260,1510,0.1388
254,1252,1506,0.1388
254,1253,1507,0.1388
254,1257,1511,0.1388
247,1266,1513,0.1388
250,1269,1519,0.1388
247,1264,1511,0.1388
249,1268,1517,0.1388
247,1266,1513,0.1388
245,1267,1512,0.1388
249,1259,1508,0.1388
245,1270,1515,0.1388
242,1257,1499,0.1388
246,1266,1512,0.1388
243,1278,1521,0.1388
245,1280,1525,0.1388
245,1279,1524,0.1388
243,1283,1526,0.1388
245,1291,1536,0.1388
238,1281,1519,0.1388
237,1282,1519,0.1388
237,1280,1517,0.1388
247,1279,1526,0.1388
242,1275,1517,0.1388
239,1277,1516,0.1388
239,1282,1521,0.1388
239,1281,1520,0.1388
240,1281,1521,0.1388
237,1275,1512,0.1388
241,1276,1517,0.1388
238,1271,1509,0.1388
235,1276,1511,0.1388
227,1292,1519,0.1388
224,1288,1512,0.1388
227,1288,1515,0.1388
226,1285,1511,0.1388
230,1286,1516,0.1388
229,1287,1516,0.1388
230,1281,1511,0.1388
229,1281,1510,0.1388
228,1282,1510,0.1388
228,1297,1525,0.1388
222,1288,1510,0.1388
221,1294,1515,0.1388
220,1307,1527,0.1388
217,1301,1518,0.1388
216,1295,1511,0.1388
215,1303,1518,0.1388
218,1298,1516,0.1388
221,1297,1518,0.1388
221,1288,1509,0.1388
221,1294,1515,0.1388
216,1285,1501,0.1388
210,1290,1500,0.1388
205,1304,1509,0.1388
205,1310,1515,0.1388
203,1296,1499,0.1388
204,1300,1504,0.1388
207,1313,1520,0.1388
208,1307,1515,0.1388
209,1314,1523,0.1388
214,1301,1515,0.1388
215,1312,1527,0.1388
213,1307,1520,0.1388
205,1311,1516,0.1388
204,1308,1512,0.1388
205,1308,1513,0.1388
209,1307,1516,0.1388
207,1309,1516,0.1388
205,1306,1511,0.1388
202,1313,1515,0.1388
201,1318,1519,0.1388
196,1304,1500,0.1388
198,1310,1508,0.1388
200,1318,1518,0.1388
201,1316,1517,0.1388
200,1305,1505,0.1388
200,1303,1503,0.1388
199,1302,1501,0.1388
203,1301,1504,0.1388
203,1300,1503,0.1388
198,1305,1503,0.1388
201,1306,1507,0.1388
199,1299,1498,0.1388
200,1308,1508,0.1388
205,1307,1512,0.1388
203,1318,1521,0.1388
204,1306,1510,0.1388
201,1321,1522,0.1388
199,1321,1520,0.1388
201,1307,1508,0.1388
203,1301,1504,0.1388
202,1308,1510,0.1388
198,1313,1511,0.1388
199,1302,1501,0.1388
199,1305,1504,0.1388
200,1308,1508,0.1388
202,1310,1512,0.1388
204,1311,1515,0.1388
205,1318,1523,0.1388
207,1318,1525,0.1388
200,1315,1515,0.1388
198,1306,1504,0.1388
198,1311,1509,0.1388
203,1314,1517,0.1388
202,1304,1506,0.1388
201,1302,1503,0.1388
200,1310,1510,0.1388
204,1308,1512,0.1388
204,1300,1504,0.1388
208,1306,1514,0.1388
206,1307,1513,0.1388
208,1310,1518,0.1388
212,1302,1514,0.1388
212,1309,1521,0.1388
211,1315,1526,0.1388
212,1311,1523,0.1388
214,1307,1521,0.1388
214,1309,1523,0.1388
214,1312,1526,0.1388
211,1298,1509,0.1388
208,1310,1518,0.1388
207,1298,1505,0.1388
210,1313,1523,0.1388
212,1308,1520,0.1388
212,1288,1500,0.1388
211,1303,1514,0.1388
207,1307,1514,0.1388
209,1299,1508,0.1388
207,1305,1512,0.1388
206,1298,1504,0.1388
208,1301,1509,0.1388
206,1295,1501,0.1388
203,1297,1500,0.1388
206,1297,1503,0.1388
208,1303,1511,0.1388
205,1301,1506,0.1388
203,1306,1509,0.1388
205,1308,1513,0.1388
198,1302,1500,0.1388
202,1301,1503,0.1388
201,1307,1508,0.1388
199,1315,1514,0.1388
202,1320,1522,0.1388
200,1306,1506,0.1388
197,1306,1503,0.1388
202,1312,1514,0.1388
201,1303,1504,0.1388
202,1312,1514,0.1388
204,1316,1520,0.1388
207,1313,1520,0.1388
205,1313,1518,0.1388
202,1302,1504,0.1388
203,1318,1521,0.1388
203,1307,1510,0.1388
207,1301,1508,0.1388
206,1303,1509,0.1388
205,1309,1514,0.1388
200,1316,1516,0.1388
198,1317,1515,0.1388
205,1303,1508,0.1388
205,1309,1514,0.1388
201,1308,1509,0.1388
201,1305,1506,0.1388
194,1314,1508,0.1388
193,1323,1516,0.1388
189,1316,1505,0.1388
191,1306,1497,0.1388
190,1307,1497,0.1388
196,1314,1510,0.1388
201,1314,1515,0.1388
200,1324,1524,0.1388
201,1324,1525,0.1388
200,1307,1507,0.1388
197,1307,1504,0.1388
198,1308,1506,0.1388
198,1326,1524,0.1388
201,1331,1532,0.1388
195,1321,1516,0.1388
194,1322,1516,0.1388
199,1321,1520,0.1388
199,1324,1523,0.1388
199,1315,1514,0.1388
203,1314,1517,0.1388
204,1318,1522,0.1388
210,1313,1523,0.1388
210,1311,1521,0.1388
210,1309,1519,0.1388
212,1296,1508,0.1388
213,1293,1506,0.1388
210,1300,1510,0.1388
211,1317,1528,0.1388
212,1320,1532,0.1388
213,1326,1539,0.1388
214,1318,1532,0.1388
208,1315,1523,0.1388
210,1314,1524,0.1388
211,1312,1523,0.1388
208,1306,1514,0.1388
210,1306,1516,0.1388
209,1312,1521,0.1388
207,1311,1518,0.1388
205,1308,1513,0.1388
208,1308,1516,0.1388
204,1308,1512,0.1388
205,1320,1525,0.1388
206,1329,1535,0.1388
206,1328,1534,0.1388
207,1314,1521,0.1388
201,1315,1516,0.1388
202,1326,1528,0.1388
198,1331,1529,0.1388
192,1329,1521,0.1388
194,1326,1520,0.1388
199,1324,1523,0.1388
199,1313,1512,0.1388
199,1319,1518,0.1388
203,1315,1518,0.1388
204,1311,1515,0.1388
208,1324,1532,0.1388
208,1327,1535,0.1388
208,1323,1531,0.1388
208,1322,1530,0.1388
206,1324,1530,0.1388
208,1312,1520,0.1388
205,1298,1503,0.1388
199,1304,1503,0.1388
195,1314,1509,0.1388
189,1303,1492,0.1388
188,1309,1497,0.1388
188,1314,1502,0.1388
194,1317,1511,0.1388
198,1312,1510,0.1388
198,1308,1506,0.1388
199,1316,1515,0.1388
201,1319,1520,0.1388
196,1307,1503,0.1388
196,1315,1511,0.1388
195,1319,1514,0.1388
197,1330,1527,0.1388
202,1320,1522,0.1388
199,1323,1522,0.1388
194,1312,1506,0.1388
197,1317,1514,0.1388
196,1318,1514,0.1388
194,1320,1514,0.1388
197,1325,1522,0.1388
200,1310,1510,0.1388
195,1310,1505,0.1388
195,1322,1517,0.1388
192,1322,1514,0.1388
195,1322,1517,0.1388
197,1323,1520,0.1388
194,1335,1529,0.1388
190,1327,1517,0.1388
185,1343,1528,0.1388
184,1332,1516,0.1388
185,1328,1513,0.1388
184,1333,1517,0.1388
186,1324,1510,0.1388
190,1326,1516,0.1388
195,1328,1523,0.1388
191,1327,1518,0.1388
191,1326,1517,0.1388
190,1320,1510,0.1388
192,1321,1513,0.1388
196,1319,1515,0.1388
191,1325,1516,0.1388
188,1328,1516,0.1388
186,1324,1510,0.1388
180,1331,1511,0.1388
185,1333,1518,0.1388
187,1333,1520,0.1388
187,1334,1521,0.1388
182,1341,1523,0.1388
179,1322,1501,0.1388
181,1332,1513,0.1388
184,1341,1525,0.1388
185,1326,1511,0.1388
187,1326,1513,0.1388
183,1318,1501,0.1388
184,1327,1511,0.1388
177,1340,1517,0.1388
178,1349,1527,0.1388
176,1336,1512,0.1388
177,1338,1515,0.1388
176,1336,1512,0.1388
174,1333,1507,0.1388
174,1330,1504,0.1388
173,1322,1495,0.1388
169,1334,1503,0.1388
170,1332,1502,0.1388
171,1337,1508,0.1388
176,1340,1516,0.1388
175,1346,1521,0.1388
178,1355,1533,0.1388
177,1350,1527,0.1388
176,1338,1514,0.1388
178,1352,1530,0.1388
178,1349,1527,0.1388
181,1346,1527,0.1388
183,1342,1525,0.1388
180,1342,1522,0.1388
178,1345,1523,0.1388
177,1349,1526,0.1388
181,1342,1523,0.1388
174,1344,1518,0.1388
175,1340,1515,0.1388
170,1350,1520,0.1388
171,1352,1523,0.1388
173,1340,1513,0.1388
165,1328,1493,0.1388
169,1330,1499,0.1388
173,1332,1505,0.1388
176,1339,1515,0.1388
174,1341,1515,0.1388
176,1352,1528,0.1388
172,1341,1513,0.1388
170,1334,1504,0.1388
169,1335,1504,0.1388
164,1333,1497,0.1388
163,1349,1512,0.1388
161,1347,1508,0.1388
161,1348,1509,0.1388
160,1342,1502,0.1388
163,1346,1509,0.1388
160,1352,1512,0.1388
161,1358,1519,0.1388
162,1355,1517,0.1388
162,1362,1524,0.1388
165,1346,1511,0.1388
163,1354,1517,0.1388
161,1352,1513,0.1388
164,1354,1518,0.1388
164,1344,1508,0.1388
165,1342,1507,0.1388
164,1342,1506,0.1388
165,1345,1510,0.1388
164,1342,1506,0.1388
161,1349,1510,0.1388
161,1339,1500,0.1388
163,1339,1502,0.1388
164,1344,1508,0.1388
165,1353,1518,0.1388
162,1366,1528,0.1388
163,1359,1522,0.1388
163,1346,1509,0.1388
165,1343,1508,0.1388
163,1346,1509,0.1388
162,1340,1502,0.1388
164,1339,1503,0.1388
166,1346,1512,0.1388
162,1332,1494,0.1388
161,1351,1512,0.1388
163,1365,1528,0.1388
160,1349,1509,0.1388
162,1342,1504,0.1388
163,1348,1511,0.1388
157,1341,1498,0.1388
159,1350,1509,0.1388
159,1347,1506,0.1388
160,1353,1513,0.1388
161,1350,1511,0.1388
159,1362,1521,0.1388
157,1364,1521,0.1388
155,1354,1509,0.1388
157,1354,1511,0.1388
150,1369,1519,0.1388
147,1370,1517,0.1388
153,1364,1517,0.1388
150,1365,1515,0.1388
155,1359,1514,0.1388
155,1361,1516,0.1388
150,1373,1523,0.1388
155,1358,1513,0.1388
154,1372,1526,0.1388
154,1360,1514,0.1388
156,1364,1520,0.1388
155,1359,1514,0.1388
154,1365,1519,0.1388
153,1370,1523,0.1388
152,1360,1512,0.1388
152,1357,1509,0.1388
150,1362,1512,0.1388
150,1367,1517,0.1388
147,1372,1519,0.1388
141,1359,1500,0.1388
146,1375,1521,0.1388
146,1364,1510,0.1388
147,1375,1522,0.1388
147,1375,1522,0.1388
145,1365,1510,0.1388
144,1366,1510,0.1388
142,1359,1501,0.1388
141,1361,1502,0.1388
143,1373,1516,0.1388
147,1374,1521,0.1388
146,1364,1510,0.1388
146,1372,1518,0.1388
143,1383,1526,0.1388
142,1386,1528,0.1388
139,1388,1527,0.1388
140,1381,1521,0.1388
142,1375,1517,0.1388
140,1380,1520,0.1388
136,1376,1512,0.1388
137,1375,1512,0.1388
136,1362,1498,0.1388
136,1370,1506,0.1388
136,1378,1514,0.1388
136,1381,1517,0.1388
133,1375,1508,0.1388
132,1373,1505,0.1388
135,1382,1517,0.1388
136,1379,1515,0.1388
133,1390,1523,0.1388
130,1385,1515,0.1388
133,1385,1518,0.1388
128,1384,1512,0.1388
128,1388,1516,0.1388
125,1384,1509,0.1388
130,1375,1505,0.1388
131,1384,1515,0.1388
136,1378,1514,0.1388
138,1397,1535,0.1388
140,1382,1522,0.1388
140,1382,1522,0.1388
136,1370,1506,0.1388
141,1385,1526,0.1388
138,1375,1513,0.1388
138,1371,1509,0.1388
138,1360,1498,0.1388
135,1362,1497,0.1388
138,1365,1503,0.1388
138,1365,1503,0.1388
139,1362,1501,0.1388
140,1378,1518,0.1388
139,1372,1511,0.1388
138,1374,1512,0.1388
135,1368,1503,0.1388
138,1372,1510,0.1388
138,1369,1507,0.1388
138,1371,1509,0.1388
138,1373,1511,0.1388
138,1364,1502,0.1388
140,1387,1527,0.1388
137,1386,1523,0.1388
139,1401,1540,0.1388
138,1401,1539,0.1388
133,1399,1532,0.1388
132,1393,1525,0.1388
136,1388,1524,0.1388
136,1394,1530,0.1388
137,1393,1530,0.1388
140,1396,1536,0.1388
139,1389,1528,0.1388
141,1390,1531,0.1388
139,1383,1522,0.1388
141,1393,1534,0.1388
141,1389,1530,0.1388
143,1384,1527,0.1388
141,1379,1520,0.1388
143,1382,1525,0.1388
140,1375,1515,0.1388
140,1375,1515,0.1388
140,1376,1516,0.1388
137,1389,1526,0.1388
138,1397,1535,0.1388
135,1389,1524,0.1388
133,1388,1521,0.1388
135,1381,1516,0.1388
135,1386,1521,0.1388
132,1382,1514,0.1388
133,1385,1518,0.1388
131,1386,1517,0.1388
132,1380,1512,0.1388
134,1385,1519,0.1388
136,1391,1527,0.1388
134,1395,1529,0.1388
132,1397,1529,0.1388
135,1387,1522,0.1388
134,1374,1508,0.1388
132,1374,1506,0.1388
131,1370,1501,0.1388
132,1372,1504,0.1388
129,1384,1513,0.1388
132,1390,1522,0.1388
132,1374,1506,0.1388
131,1387,1518,0.1388
135,1389,1524,0.1388
136,1369,1505,0.1388
137,1375,1512,0.1388
130,1379,1509,0.1388
128,1395,1523,0.1388
126,1388,1514,0.1388
126,1391,1517,0.1388
133,1384,1517,0.1388
132,1391,1523,0.1388
132,1384,1516,0.1388
136,1389,1525,0.1388
132,1383,1515,0.1388
136,1392,1528,0.1388
135,1384,1519,0.1388
137,1370,1507,0.1388
137,1369,1506,0.1388
138,1378,1516,0.1388
135,1372,1507,0.1388
134,1374,1508,0.1388
133,1383,1516,0.1388
127,1389,1516,0.1388
126,1400,1526,0.1388
128,1396,1524,0.1388
126,1400,1526,0.1388
127,1394,1521,0.1388
129,1389,1518,0.1388
123,1390,1513,0.1388
125,1399,1524,0.1388
124,1402,1526,0.1388
125,1399,1524,0.1388
127,1390,1517,0.1388
132,1388,1520,0.1388
132,1381,1513,0.1388
133,1385,1518,0.1388
133,1402,1535,0.1388
136,1389,1525,0.1388
133,1381,1514,0.1388
132,1381,1513,0.1388
131,1388,1519,0.1388
129,1385,1514,0.1388
129,1390,1519,0.1388
128,1390,1518,0.1388
126,1394,1520,0.1388
125,1385,1510,0.1388
126,1384,1510,0.1388
127,1386,1513,0.1388
127,1386,1513,0.1388
126,1393,1519,0.1388
123,1384,1507,0.1388
125,1385,1510,0.1388
123,1395,1518,0.1388
123,1394,1517,0.1388
126,1380,1506,0.1388
127,1375,1502,0.1388
123,1380,1503,0.1388
123,1375,1498,0.1388
129,1387,1516,0.1388
133,1387,1520,0.1388
130,1387,1517,0.1388
130,1379,1509,0.1388
128,1372,1500,0.1388
130,1378,1508,0.1388
134,1373,1507,0.1388
135,1378,1513,0.1388
136,1376,1512,0.1388
136,1372,1508,0.1388
136,1383,1519,0.1388
136,1384,1520,0.1388
137,1393,1530,0.1388
134,1395,1529,0.1388
135,1377,1512,0.1388
129,1396,1525,0.1388
129,1393,1522,0.1388
128,1389,1517,0.1388
130,1392,1522,0.1388
129,1391,1520,0.1388
128,1398,1526,0.1388
129,1377,1506,0.1388
132,1385,1517,0.1388
131,1376,1507,0.1388
127,1382,1509,0.1388
129,1390,1519,0.1388
124,1387,1511,0.1388
129,1382,1511,0.1388
130,1378,1508,0.1388
128,1383,1511,0.1388
127,1389,1516,0.1388
123,1396,1519,0.1388
123,1394,1517,0.1388
124,1385,1509,0.1388
122,1395,1517,0.1388
118,1386,1504,0.1388
119,1385,1504,0.1388
119,1382,1501,0.1388
117,1393,1510,0.1388
118,1384,1502,0.1388
116,1383,1499,0.1388
115,1384,1499,0.1388
116,1390,1506,0.1388
117,1385,1502,0.1388
112,1392,1504,0.1388
113,1396,1509,0.1388
117,1399,1516,0.1388
117,1407,1524,0.1388
116,1411,1527,0.1388
114,1402,1516,0.1388
114,1392,1506,0.1388
113,1404,1517,0.1388
114,1394,1508,0.1388
114,1400,1514,0.1388
113,1402,1515,0.1388
112,1415,1527,0.1388
111,1412,1523,0.1388
113,1405,1518,0.1388
111,1406,1517,0.1388
111,1396,1507,0.1388
110,1408,1518,0.1388
110,1410,1520,0.1388
106,1407,1513,0.1388
104,1399,1503,0.1388
106,1397,1503,0.1388
105,1404,1509,0.1388
105,1404,1509,0.1388
106,1399,1505,0.1388
108,1403,1511,0.1388
111,1401,1512,0.1388
112,1412,1524,0.1388
111,1419,1530,0.1388
107,1410,1517,0.1388
107,1418,1525,0.1388
106,1422,1528,0.1388
106,1423,1529,0.1388
104,1420,1524,0.1388
104,1403,1507,0.1388
104,1406,1510,0.1388
103,1417,1520,0.1388
103,1409,1512,0.1388
102,1403,1505,0.1388
102,1414,1516,0.1388
104,1408,1512,0.1388
100,1413,1513,0.1388
98,1408,1506,0.1388
97,1412,1509,0.1388
98,1399,1497,0.1388
99,1403,1502,0.1388
101,1423,1524,0.1388
97,1412,1509,0.1388
95,1411,1506,0.1388
95,1412,1507,0.1388
97,1425,1522,0.1388
93,1415,1508,0.1388
92,1419,1511,0.1388
92,1423,1515,0.1388
92,1418,1510,0.1388
91,1416,1507,0.1388
91,1412,1503,0.1388
92,1429,1521,0.1388
94,1427,1521,0.1388
95,1419,1514,0.1388
94,1417,1511,0.1388
92,1422,1514,0.1388
88,1424,1512,0.1388
92,1427,1519,0.1388
91,1408,1499,0.1388
93,1433,1526,0.1388
97,1433,1530,0.1388
97,1414,1511,0.1388
95,1413,1508,0.1388
92,1419,1511,0.1388
92,1421,1513,0.1388
93,1409,1502,0.1388
95,1414,1509,0.1388
97,1406,1503,0.1388
94,1425,1519,0.1388
93,1413,1506,0.1388
96,1415,1511,0.1388
94,1428,1522,0.1388
91,1426,1517,0.1388
90,1419,1509,0.1388
91,1427,1518,0.1388
93,1435,1528,0.1388
95,1433,1528,0.1388
96,1416,1512,0.1388
93,1425,1518,0.1388
93,1422,1515,0.1388
91,1422,1513,0.1388
92,1422,1514,0.1388
89,1416,1505,0.1388
90,1418,1508,0.1388
94,1400,1494,0.1388
91,1427,1518,0.1388
92,1436,1528,0.1388
93,1437,1530,0.1388
96,1425,1521,0.1388
98,1422,1520,0.1388
99,1424,1523,0.1388
99,1421,1520,0.1388
96,1421,1517,0.1388
97,1413,1510,0.1388
102,1421,1523,0.1388
100,1422,1522,0.1388
100,1412,1512,0.1388
103,1412,1515,0.1388
103,1418,1521,0.1388
102,1402,1504,0.1388
101,1420,1521,0.1388
102,1415,1517,0.1388
101,1416,1517,0.1388
97,1421,1518,0.1388
97,1425,1522,0.1388
100,1412,1512,0.1388
98,1409,1507,0.1388
97,1408,1505,0.1388
101,1424,1525,0.1388
103,1418,1521,0.1388
105,1421,1526,0.1388
103,1414,1517,0.1388
101,1408,1509,0.1388
97,1410,1507,0.1388
99,1418,1517,0.1388
97,1416,1513,0.1388
94,1419,1513,0.1388
96,1422,1518,0.1388
98,1418,1516,0.1388
96,1413,1509,0.1388
99,1412,1511,0.1388
96,1415,1511,0.1388
97,1397,1494,0.1388
98,1408,1506,0.1388
100,1417,1517,0.1388
99,1412,1511,0.1388
101,1405,1506,0.1388
97,1406,1503,0.1388
97,1410,1507,0.1388
99,1420,1519,0.1388
98,1421,1519,0.1388
99,1428,1527,0.1388
100,1427,1527,0.1388
97,1429,1526,0.1388
93,1421,1514,0.1388
94,1403,1497,0.1388
93,1415,1508,0.1388
94,1424,1518,0.1388
92,1430,1522,0.1388
94,1425,1519,0.1388
94,1410,1504,0.1388
98,1412,1510,0.1388
98,1426,1524,0.1388
96,1426,1522,0.1388
99,1427,1526,0.1388
101,1433,1534,0.1388
100,1422,1522,0.1388
97,1428,1525,0.1388
97,1425,1522,0.1388
97,1430,1527,0.1388
97,1424,1521,0.1388
98,1416,1514,0.1388
101,1418,1519,0.1388
100,1418,1518,0.1388
96,1413,1509,0.1388
96,1417,1513,0.1388
93,1413,1506,0.1388
93,1409,1502,0.1388
93,1417,1510,0.1388
93,1412,1505,0.1388
94,1415,1509,0.1388
93,1423,1516,0.1388
93,1430,1523,0.1388
94,1420,1514,0.1388
95,1415,1510,0.1388
92,1412,1504,0.1388
92,1416,1508,0.1388
95,1413,1508,0.1388
96,1416,1512,0.1388
95,1419,1514,0.1388
96,1407,1503,0.1388
95,1417,1512,0.1388
92,1417,1509,0.1388
91,1422,1513,0.1388
92,1428,1520,0.1388
95,1412,1507,0.1388
93,1399,1492,0.1388
92,1403,1495,0.1388
88,1401,1489,0.1388
94,1413,1507,0.1388
93,1410,1503,0.1388
92,1415,1507,0.1388
93,1420,1513,0.1388
95,1427,1522,0.1388
93,1427,1520,0.1388
94,1413,1507,0.1388
92,1405,1497,0.1388
93,1422,1515,0.1388
93,1423,1516,0.1388
93,1432,1525,0.1388
91,1430,1521,0.1388
90,1409,1499,0.1388
92,1415,1507,0.1388
89,1423,1512,0.1388
88,1435,1523,0.1388
88,1430,1518,0.1388
88,1423,1511,0.1388
90,1410,1500,0.1388
87,1431,1518,0.1388
87,1418,1505,0.1388
85,1433,1518,0.1388
84,1432,1516,0.1388
80,1420,1500,0.1388
81,1442,1523,0.1388
82,1433,1515,0.1388
75,1422,1497,0.1388
78,1431,1509,0.1388
74,1425,1499,0.1388
74,1428,1502,0.1388
77,1437,1514,0.1388
80,1431,1511,0.1388
81,1436,1517,0.1388
82,1432,1514,0.1388
80,1445,1525,0.1388
81,1445,1526,0.1388
82,1439,1521,0.1388
80,1442,1522,0.1388
79,1443,1522,0.1388
77,1447,1524,0.1388
79,1443,1522,0.1388
81,1456,1537,0.1388
80,1456,1536,0.1388
82,1442,1524,0.1388
82,1445,1527,0.1388
80,1444,1524,0.1388
76,1438,1514,0.1388
76,1437,1513,0.1388
74,1431,1505,0.1388
73,1428,1501,0.1388
75,1440,1515,0.1388
71,1447,1518,0.1388
75,1439,1514,0.1388
74,1451,1525,0.1388
75,1438,1513,0.1388
78,1443,1521,0.1388
76,1444,1520,0.1388
77,1446,1523,0.1388
78,1446,1524,0.1388
77,1443,1520,0.1388
78,1435,1513,0.1388
77,1442,1519,0.1388
75,1440,1515,0.1388
77,1440,1517,0.1388
78,1436,1514,0.1388
76,1435,1511,0.1388
76,1443,1519,0.1388
72,1431,1503,0.1388
75,1440,1515,0.1388
74,1438,1512,0.1388
74,1444,1518,0.1388
76,1444,1520,0.1388
79,1455,1534,0.1388
78,1450,1528,0.1388
76,1445,1521,0.1388
76,1444,1520,0.1388
76,1449,1525,0.1388
76,1449,1525,0.1388
75,1441,1516,0.1388
78,1439,1517,0.1388
83,1411,1494,0.1388
82,1438,1520,0.1388
83,1438,1521,0.1388
81,1428,1509,0.1388
83,1434,1517,0.1388
85,1433,1518,0.1388
85,1439,1524,0.1388
84,1427,1511,0.1388
84,1434,1518,0.1388
84,1418,1502,0.1388
83,1423,1506,0.1388
84,1424,1508,0.1388
81,1448,1529,0.1388
81,1460,1541,0.1388
80,1457,1537,0.1388
78,1453,1531,0.1388
79,1460,1539,0.1388
80,1447,1527,0.1388
81,1433,1514,0.1388
78,1443,1521,0.1388
78,1445,1523,0.1388
75,1443,1518,0.1388
78,1428,1506,0.1388
76,1434,1510,0.1388
77,1434,1511,0.1388
80,1436,1516,0.1388
79,1434,1513,0.1388
78,1441,1519,0.1388
76,1453,1529,0.1388
75,1437,1512,0.1388
75,1437,1512,0.1388
77,1434,1511,0.1388
78,1436,1514,0.1388
80,1432,1512,0.1388
78,1436,1514,0.1388
77,1443,1520,0.1388
76,1433,1509,0.1388
80,1441,1521,0.1388
79,1434,1513,0.1388
80,1434,1514,0.1388
77,1422,1499,0.1388
80,1434,1514,0.1388
80,1432,1512,0.1388
80,1435,1515,0.1388
81,1426,1507,0.1388
81,1433,1514,0.1388
82,1440,1522,0.1388
81,1446,1527,0.1388
82,1444,1526,0.1388
82,1432,1514,0.1388
78,1424,1502,0.1388
77,1427,1504,0.1388
80,1429,1509,0.1388
82,1437,1519,0.1388
81,1433,1514,0.1388
86,1429,1515,0.1388
83,1426,1509,0.1388
83,1430,1513,0.1388
80,1435,1515,0.1388
78,1434,1512,0.1388
80,1444,1524,0.1388
81,1442,1523,0.1388
77,1442,1519,0.1388
78,1433,1511,0.1388
78,1430,1508,0.1388
73,1431,1504,0.1388
70,1450,1520,0.1388
74,1446,1520,0.1388
76,1436,1512,0.1388
72,1434,1506,0.1388
72,1445,1517,0.1388
72,1448,1520,0.1388
71,1428,1499,0.1388
74,1441,1515,0.1388
73,1434,1507,0.1388
72,1444,1516,0.1388
70,1443,1513,0.1388
70,1445,1515,0.1388
71,1438,1509,0.1388
69,1441,1510,0.1388
70,1441,1511,0.1388
71,1431,1502,0.1388
73,1427,1500,0.1388
76,1438,1514,0.1388
76,1444,1520,0.1388
75,1450,1525,0.1388
74,1448,1522,0.1388
74,1445,1519,0.1388
76,1449,1525,0.1388
77,1431,1508,0.1388
78,1435,1513,0.1388
79,1433,1512,0.1388
79,1427,1506,0.1388
76,1437,1513,0.1388
76,1431,1507,0.1388
74,1442,1516,0.1388
74,1440,1514,0.1388
76,1446,1522,0.1388
75,1447,1522,0.1388
73,1443,1516,0.1388
72,1437,1509,0.1388
74,1446,1520,0.1388
74,1441,1515,0.1388
73,1436,1509,0.1388
76,1433,1509,0.1388
80,1434,1514,0.1388
81,1421,1502,0.1388
79,1427,1506,0.1388
81,1442,1523,0.1388
79,1443,1522,0.1388
77,1433,1510,0.1388
77,1434,1511,0.1388
73,1433,1506,0.1388
73,1433,1506,0.1388
77,1438,1515,0.1388
75,1448,1523,0.1388
75,1445,1520,0.1388
77,1441,1518,0.1388
77,1439,1516,0.1388
76,1437,1513,0.1388
73,1438,1511,0.1388
75,1441,1516,0.1388
78,1435,1513,0.1388
73,1440,1513,0.1388
73,1449,1522,0.1388
72,1445,1517,0.1388
72,1437,1509,0.1388
72,1441,1513,0.1388
73,1440,1513,0.1388
72,1438,1510,0.1388
72,1439,1511,0.1388
75,1443,1518,0.1388
76,1436,1512,0.1388
75,1434,1509,0.1388
76,1427,1503,0.1388
76,1441,1517,0.1388
72,1436,1508,0.1388
72,1440,1512,0.1388
70,1442,1512,0.1388
71,1436,1507,0.1388
72,1431,1503,0.1388
72,1421,1493,0.1388
73,1426,1499,0.1388
73,1434,1507,0.1388
71,1455,1526,0.1388
71,1447,1518,0.1388
69,1451,1520,0.1388
68,1458,1526,0.1388
68,1452,1520,0.1388
74,1461,1535,0.1388
73,1456,1529,0.1388
73,1453,1526,0.1388
70,1458,1528,0.1388
65,1459,1524,0.1388
65,1458,1523,0.1388
62,1460,1522,0.1388
63,1450,1513,0.1388
65,1453,1518,0.1388
66,1456,1522,0.1388
65,1464,1529,0.1388
65,1447,1512,0.1388
65,1444,1509,0.1388
63,1434,1497,0.1388
63,1435,1498,0.1388
65,1447,1512,0.1388
65,1446,1511,0.1388
66,1465,1531,0.1388
66,1456,1522,0.1388
65,1445,1510,0.1388
66,1451,1517,0.1388
63,1443,1506,0.1388
62,1452,1514,0.1388
58,1472,1530,0.1388
57,1468,1525,0.1388
57,1474,1531,0.1388
53,1464,1517,0.1388
53,1459,1512,0.1388
53,1463,1516,0.1388
51,1467,1518,0.1388
51,1460,1511,0.1388
54,1456,1510,0.1388
53,1455,1508,0.1388
52,1459,1511,0.1388
51,1482,1533,0.1388
48,1496,1544,0.1388
49,1477,1526,0.1388
46,1470,1516,0.1388
47,1454,1501,0.1388
48,1464,1512,0.1388
49,1469,1518,0.1388
49,1468,1517,0.1388
51,1462,1513,0.1388
54,1446,1500,0.1388
54,1442,1496,0.1388
55,1449,1504,0.1388
55,1434,1489,0.1388
53,1445,1498,0.1388
52,1442,1494,0.1388
53,1448,1501,0.1388
50,1448,1498,0.1388
52,1448,1500,0.1388
53,1455,1508,0.1388
54,1456,1510,0.1388
54,1454,1508,0.1388
55,1465,1520,0.1388
54,1465,1519,0.1388
51,1458,1509,0.1388
51,1462,1513,0.1388
53,1457,1510,0.1388
51,1450,1501,0.1388
51,1450,1501,0.1388
49,1446,1495,0.1388
48,1466,1514,0.1388
48,1452,1500,0.1388
49,1461,1510,0.1388
47,1464,1511,0.1388
48,1477,1525,0.1388
47,1476,1523,0.1388
47,1465,1512,0.1388
47,1471,1518,0.1388
46,1467,1513,0.1388
44,1464,1508,0.1388
43,1459,1502,0.1388
41,1457,1498,0.1388
43,1465,1508,0.1388
44,1468,1512,0.1388
43,1459,1502,0.1388
41,1475,1516,0.1388
42,1463,1505,0.1388
40,1451,1491,0.1388
40,1454,1494,0.1388
42,1457,1499,0.1388
41,1460,1501,0.1388
39,1474,1513,0.1388
38,1479,1517,0.1388
39,1488,1527,0.1388
37,1478,1515,0.1388
34,1488,1522,0.1388
31,1497,1528,0.1388
31,1493,1524,0.1388
31,1486,1517,0.1388
33,1487,1520,0.1388
34,1499,1533,0.1388
34,1496,1530,0.1388
35,1496,1531,0.1388
36,1501,1537,0.1388
35,1488,1523,0.1388
34,1490,1524,0.1388
33,1475,1508,0.1388
30,1483,1513,0.1388
29,1493,1522,0.1388
29,1503,1532,0.1388
31,1496,1527,0.1388
30,1496,1526,0.1388
29,1502,1531,0.1388
27,1488,1515,0.1388
27,1485,1512,0.1388
27,1477,1504,0.1388
27,1485,1512,0.1388
28,1481,1509,0.1388
31,1472,1503,0.1388
33,1480,1513,0.1388
31,1470,1501,0.1388
30,1469,1499,0.1388
31,1474,1505,0.1388
32,1483,1515,0.1388
33,1487,1520,0.1388
33,1487,1520,0.1388
32,1491,1523,0.1388
32,1493,1525,0.1388
32,1497,1529,0.1388
31,1482,1513,0.1388
31,1485,1516,0.1388
31,1492,1523,0.1388
30,1485,1515,0.1388
30,1486,1516,0.1388
31,1492,1523,0.1388
29,1489,1518,0.1388
29,1485,1514,0.1388
31,1484,1515,0.1388
31,1481,1512,0.1388
29,1475,1504,0.1388
31,1485,1516,0.1388
31,1471,1502,0.1388
32,1481,1513,0.1388
32,1499,1531,0.1388
33,1499,1532,0.1388
32,1500,1532,0.1388
32,1498,1530,0.1388
34,1484,1518,0.1388
33,1485,1518,0.1388
32,1489,1521,0.1388
32,1486,1518,0.1388
31,1475,1506,0.1388
30,1478,1508,0.1388
28,1481,1509,0.1388
28,1481,1509,0.1388
29,1473,1502,0.1388
29,1471,1500,0.1388
30,1475,1505,0.1388
31,1474,1505,0.1388
31,1480,1511,0.1388
31,1488,1519,0.1388
32,1486,1518,0.1388
32,1482,1514,0.1388
31,1493,1524,0.1388
32,1489,1521,0.1388
33,1491,1524,0.1388
33,1499,1532,0.1388
32,1485,1517,0.1388
34,1492,1526,0.1388
37,1487,1524,0.1388
38,1484,1522,0.1388
37,1491,1528,0.1388
38,1488,1526,0.1388
36,1477,1513,0.1388
35,1474,1509,0.1388
33,1484,1517,0.1388
32,1474,1506,0.1388
35,1473,1508,0.1388
33,1478,1511,0.1388
32,1476,1508,0.1388
32,1492,1524,0.1388
32,1475,1507,0.1388
32,1490,1522,0.1388
33,1486,1519,0.1388
31,1487,1518,0.1388
32,1474,1506,0.1388
32,1488,1520,0.1388
32,1469,1501,0.1388
30,1479,1509,0.1388
30,1490,1520,0.1388
31,1498,1529,0.1388
31,1499,1530,0.1388
32,1489,1521,0.1388
32,1471,1503,0.1388
32,1467,1499,0.1388
32,1470,1502,0.1388
32,1493,1525,0.1388
31,1501,1532,0.1388
29,1488,1517,0.1388
32,1479,1511,0.1388
33,1480,1513,0.1388
35,1487,1522,0.1388
36,1491,1527,0.1388
36,1475,1511,0.1388
35,1472,1507,0.1388
33,1477,1510,0.1388
31,1480,1511,0.1388
32,1483,1515,0.1388
32,1485,1517,0.1388
31,1471,1502,0.1388
30,1473,1503,0.1388
30,1466,1496,0.1388
28,1466,1494,0.1388
27,1475,1502,0.1388
26,1491,1517,0.1388
27,1502,1529,0.1388
27,1503,1530,0.1388
27,1494,1521,0.1388
25,1488,1513,0.1388
25,1480,1505,0.1388
25,1486,1511,0.1388
25,1487,1512,0.1388
24,1495,1519,0.1388
24,1504,1528,0.1388
23,1498,1521,0.1388
22,1500,1522,0.1388
20,1496,1516,0.1388
18,1489,1507,0.1388
19,1511,1530,0.1388
19,1496,1515,0.1388
18,1502,1520,0.1388
18,1490,1508,0.1388
18,1500,1518,0.1388
16,1500,1516,0.1388
16,1500,1516,0.1388
16,1503,1519,0.1388
16,1503,1519,0.1388
17,1503,1520,0.1388
16,1510,1526,0.1388
14,1497,1511,0.1388
14,1509,1523,0.1388
15,1508,1523,0.1388
15,1512,1527,0.1388
15,1509,1524,0.1388
14,1505,1519,0.1388
14,1512,1526,0.1388
14,1515,1529,0.1388
14,1517,1531,0.1388
14,1516,1530,0.1388
14,1509,1523,0.1388
14,1514,1528,0.1388
14,1515,1529,0.1388
15,1515,1530,0.1388
15,1509,1524,0.1388
14,1515,1529,0.1388
13,1505,1518,0.1388
12,1511,1523,0.1388
12,1509,1521,0.1388
12,1505,1517,0.1388
13,1508,1521,0.1388
14,1492,1506,0.1388
14,1494,1508,0.1388
14,1501,1515,0.1388
13,1495,1508,0.1388
13,1493,1506,0.1388
14,1496,1510,0.1388
14,1494,1508,0.1388
14,1503,1517,0.1388
12,1500,1512,0.1388
12,1488,1500,0.1388
13,1505,1518,0.1388
13,1512,1525,0.1388
12,1502,1514,0.1388
10,1505,1515,0.1388
9,1514,1523,0.1388
9,1507,1516,0.1388
8,1503,1511,0.1388
8,1500,1508,0.1388
8,1508,1516,0.1388
8,1508,1516,0.1388
8,1495,1503,0.1388
7,1525,1532,0.1388
8,1502,1510,0.1388
8,1517,1525,0.1388
8,1512,1520,0.1388
8,1524,1532,0.1388
8,1509,1517,0.1388
8,1501,1509,0.1388
8,1514,1522,0.1388
8,1506,1514,0.1388
8,1509,1517,0.1388
8,1500,1508,0.1388
8,1508,1516,0.1388
8,1501,1509,0.1388
8,1504,1512,0.1388
8,1506,1514,0.1388
7,1493,1500,0.1388
6,1497,1503,0.1388
6,1511,1517,0.1388
6,1513,1519,0.1388
6,1514,1520,0.1388
6,1510,1516,0.1388
6,1517,1523,0.1388
6,1517,1523,0.1388
5,1511,1516,0.1388
5,1522,1527,0.1388
5,1513,1518,0.1388
5,1511,1516,0.1388
4,1501,1505,0.1388
5,1502,1507,0.1388
5,1509,1514,0.1388
5,1505,1510,0.1388
5,1502,1507,0.1388
5,1511,1516,0.1388
4,1507,1511,0.1388
4,1504,1508,0.1388
4,1514,1518,0.1388
4,1513,1517,0.1388
3,1500,1503,0.1388
3,1488,1491,0.1388
3,1494,1497,0.1388
3,1505,1508,0.1388
3,1504,1507,0.1388
3,1511,1514,0.1388
3,1504,1507,0.1388
3,1494,1497,0.1388
3,1503,1506,0.1388
3,1509,1512,0.1388
4,1521,1525,0.1388
3,1516,1519,0.1388
3,1517,1520,0.1388
3,1531,1534,0.1388
3,1527,1530,0.1388
3,1521,1524,0.1388
2,1516,1518,0.1388
2,1517,1519,0.1388
2,1514,1516,0.1388
2,1515,1517,0.1388
2,1504,1506,0.1388
1,1509,1510,0.1388
1,1493,1494,0.1388
2,1491,1493,0.1388
2,1502,1504,0.1388
3,1505,1508,0.1388
3,1526,1529,0.1388
3,1524,1527,0.1388
3,1530,1533,0.1388
3,1509,1512,0.1388
3,1513,1516,0.1388
3,1516,1519,0.1388
4,1508,1512,0.1388
4,1518,1522,0.1388
4,1529,1533,0.1388
4,1522,1526,0.1388
4,1523,1527,0.1388
4,1513,1517,0.1388
4,1522,1526,0.1388
4,1515,1519,0.1388
4,1533,1537,0.1388
4,1528,1532,0.1388
4,1509,1513,0.1388
4,1505,1509,0.1388
4,1510,1514,0.1388
4,1520,1524,0.1388
4,1522,1526,0.1388
5,1519,1524,0.1388
5,1527,1532,0.1388
5,1517,1522,0.1388
5,1504,1509,0.1388
5,1509,1514,0.1388
5,1518,1523,0.1388
4,1518,1522,0.1388
4,1520,1524,0.1388
4,1517,1521,0.1388
4,1519,1523,0.1388
4,1515,1519,0.1388
4,1505,1509,0.1388
4,1508,1512,0.1388
3,1513,1516,0.1388
4,1509,1513,0.1388
4,1517,1521,0.1388
3,1518,1521,0.1388
3,1515,1518,0.1388
3,1514,1517,0.1388
2,1521,1523,0.1388
2,1524,1526,0.1388
2,1517,1519,0.1388
1,1501,1502,0.1388
1,1502,1503,0.1388
1,1500,1501,0.1388
1,1503,1504,0.1388
1,1508,1509,0.1388
1,1521,1522,0.1388
1,1531,1532,0.1388
1,1524,1525,0.1388
1,1504,1505,0.1388
1,1510,1511,0.1388
0,1514,1514,0.1388
