1362,29,1391,0.1388
1410,30,1440,0.1388
1429,27,1456,0.1388
1432,27,1459,0.1388
1442,27,1469,0.1388
1466,29,1495,0.1388
1461,28,1489,0.1388
1456,27,1483,0.1388
1435,27,1462,0.1388
1435,34,1469,0.1388
1455,35,1490,0.1388
1451,35,1486,0.1388
1457,38,1495,0.1388
1461,41,1502,0.1388
1447,40,1487,0.1388
1436,44,1480,0.1388
1441,43,1484,0.1388
1441,43,1484,0.1388
1446,44,1490,0.1388
1435,42,1477,0.1388
1432,42,1474,0.1388
1440,47,1487,0.1388
1444,46,1490,0.1388
1439,43,1482,0.1388
1440,43,1483,0.1388
1438,47,1485,0.1388
1457,48,1505,0.1388
1454,50,1504,0.1388
1434,50,1484,0.1388
1441,48,1489,0.1388
1450,50,1500,0.1388
1453,52,1505,0.1388
1467,54,1521,0.1388
1459,55,1514,0.1388
1450,61,1511,0.1388
1459,59,1518,0.1388
1453,59,1512,0.1388
1433,60,1493,0.1388
1422,63,1485,0.1388
1418,60,1478,0.1388
1423,63,1486,0.1388
1431,65,1496,0.1388
1435,63,1498,0.1388
1432,65,1497,0.1388
1436,67,1503,0.1388
1415,70,1485,0.1388
1414,70,1484,0.1388
1417,72,1489,0.1388
1411,71,1482,0.1388
1416,72,1488,0.1388
1404,73,1477,0.1388
1405,72,1477,0.1388
1417,70,1487,0.1388
1413,69,1482,0.1388
1409,71,1480,0.1388
1419,71,1490,0.1388
1416,75,1491,0.1388
1425,71,1496,0.1388
1424,71,1495,0.1388
1425,74,1499,0.1388
1426,73,1499,0.1388
1412,77,1489,0.1388
1417,78,1495,0.1388
1404,75,1479,0.1388
1412,73,1485,0.1388
1420,69,1489,0.1388
1437,70,1507,0.1388
1422,66,1488,0.1388
1426,68,1494,0.1388
1430,66,1496,0.1388
1425,67,1492,0.1388
1425,68,1493,0.1388
1418,67,1485,0.1388
1425,69,1494,0.1388
1433,74,1507,0.1388
1428,75,1503,0.1388
1415,71,1486,0.1388
1415,71,1486,0.1388
1424,73,1497,0.1388
1416,74,1490,0.1388
1420,73,1493,0.1388
1415,73,1488,0.1388
1419,74,1493,0.1388
1428,75,1503,0.1388
1427,74,1501,0.1388
1426,74,1500,0.1388
1425,70,1495,0.1388
1425,72,1497,0.1388
1419,74,1493,0.1388
1425,74,1499,0.1388
1421,73,1494,0.1388
1439,74,1513,0.1388
1437,73,1510,0.1388
1432,73,1505,0.1388
1430,72,1502,0.1388
1428,72,1500,0.1388
1421,75,1496,0.1388
1439,73,1512,0.1388
1450,75,1525,0.1388
1434,79,1513,0.1388
1422,81,1503,0.1388
1424,79,1503,0.1388
1418,80,1498,0.1388
1405,76,1481,0.1388
1397,80,1477,0.1388
1410,79,1489,0.1388
1416,82,1498,0.1388
1419,82,1501,0.1388
1411,88,1499,0.1388
1420,92,1512,0.1388
1422,91,1513,0.1388
1407,89,1496,0.1388
1406,90,1496,0.1388
1403,87,1490,0.1388
1399,90,1489,0.1388
1403,92,1495,0.1388
1404,97,1501,0.1388
1405,96,1501,0.1388
1397,98,1495,0.1388
1400,96,1496,0.1388
1402,96,1498,0.1388
1397,99,1496,0.1388
1392,97,1489,0.1388
1406,95,1501,0.1388
1392,94,1486,0.1388
1412,90,1502,0.1388
1414,89,1503,0.1388
1404,88,1492,0.1388
1414,90,1504,0.1388
1396,90,1486,0.1388
1395,88,1483,0.1388
1406,89,1495,0.1388
1425,89,1514,0.1388
1406,90,1496,0.1388
1411,89,1500,0.1388
1415,88,1503,0.1388
1412,90,1502,0.1388
1400,88,1488,0.1388
1400,89,1489,0.1388
1396,88,1484,0.1388
1405,90,1495,0.1388
1422,83,1505,0.1388
1410,83,1493,0.1388
1405,82,1487,0.1388
1403,81,1484,0.1388
1415,83,1498,0.1388
1417,81,1498,0.1388
1420,82,1502,0.1388
1419,79,1498,0.1388
1410,79,1489,0.1388
1416,81,1497,0.1388
1406,84,1490,0.1388
1402,84,1486,0.1388
1401,83,1484,0.1388
1403,82,1485,0.1388
1407,81,1488,0.1388
1397,83,1480,0.1388
1401,84,1485,0.1388
1412,88,1500,0.1388
1403,91,1494,0.1388
1400,89,1489,0.1388
1402,88,1490,0.1388
1407,85,1492,0.1388
1404,83,1487,0.1388
1408,84,1492,0.1388
1413,84,1497,0.1388
1416,83,1499,0.1388
1409,81,1490,0.1388
1409,80,1489,0.1388
1415,78,1493,0.1388
1415,76,1491,0.1388
1411,76,1487,0.1388
1422,76,1498,0.1388
1428,76,1504,0.1388
1424,74,1498,0.1388
1427,76,1503,0.1388
1444,77,1521,0.1388
1444,77,1521,0.1388
1432,80,1512,0.1388
1426,82,1508,0.1388
1430,80,1510,0.1388
1428,80,1508,0.1388
1424,79,1503,0.1388
1418,78,1496,0.1388
1408,78,1486,0.1388
1401,78,1479,0.1388
1410,77,1487,0.1388
1402,78,1480,0.1388
1410,77,1487,0.1388
1419,78,1497,0.1388
1428,77,1505,0.1388
1415,77,1492,0.1388
1418,75,1493,0.1388
1412,75,1487,0.1388
1413,76,1489,0.1388
1412,77,1489,0.1388
1412,78,1490,0.1388
1413,81,1494,0.1388
1430,85,1515,0.1388
1406,91,1497,0.1388
1402,92,1494,0.1388
1407,93,1500,0.1388
1409,89,1498,0.1388
1395,87,1482,0.1388
1407,91,1498,0.1388
1414,95,1509,0.1388
1400,97,1497,0.1388
1397,100,1497,0.1388
1395,100,1495,0.1388
1398,97,1495,0.1388
1399,95,1494,0.1388
1394,95,1489,0.1388
1396,93,1489,0.1388
1391,96,1487,0.1388
1384,96,1480,0.1388
1400,99,1499,0.1388
1412,103,1515,0.1388
1399,101,1500,0.1388
1390,102,1492,0.1388
1402,101,1503,0.1388
1414,100,1514,0.1388
1395,98,1493,0.1388
1381,95,1476,0.1388
1376,96,1472,0.1388
1396,97,1493,0.1388
1389,99,1488,0.1388
1400,101,1501,0.1388
1396,97,1493,0.1388
1381,96,1477,0.1388
1380,97,1477,0.1388
1362,100,1462,0.1388
1358,102,1460,0.1388
1370,103,1473,0.1388
1371,101,1472,0.1388
1373,104,1477,0.1388
1388,103,1491,0.1388
1384,105,1489,0.1388
1380,103,1483,0.1388
1389,104,1493,0.1388
1394,102,1496,0.1388
1382,99,1481,0.1388
1386,94,1480,0.1388
1388,97,1485,0.1388
1389,98,1487,0.1388
1383,99,1482,0.1388
1377,99,1476,0.1388
1372,103,1475,0.1388
1375,106,1481,0.1388
1383,107,1490,0.1388
1393,105,1498,0.1388
1385,103,1488,0.1388
1389,102,1491,0.1388
1386,102,1488,0.1388
1391,101,1492,0.1388
1389,107,1496,0.1388
1398,105,1503,0.1388
1381,106,1487,0.1388
1387,112,1499,0.1388
1382,111,1493,0.1388
1377,109,1486,0.1388
1366,109,1475,0.1388
1381,109,1490,0.1388
1384,110,1494,0.1388
1379,106,1485,0.1388
1368,104,1472,0.1388
1381,99,1480,0.1388
1392,102,1494,0.1388
1391,98,1489,0.1388
1390,101,1491,0.1388
1386,105,1491,0.1388
1379,106,1485,0.1388
1370,106,1476,0.1388
1360,107,1467,0.1388
1365,110,1475,0.1388
1370,114,1484,0.1388
1378,115,1493,0.1388
1371,118,1489,0.1388
1371,115,1486,0.1388
1368,118,1486,0.1388
1373,118,1491,0.1388
1370,117,1487,0.1388
1374,118,1492,0.1388
1384,114,1498,0.1388
1382,115,1497,0.1388
1388,115,1503,0.1388
1387,120,1507,0.1388
1392,119,1511,0.1388
1402,118,1520,0.1388
1403,119,1522,0.1388
1399,120,1519,0.1388
1389,124,1513,0.1388
1400,123,1523,0.1388
1394,117,1511,0.1388
1379,120,1499,0.1388
1370,119,1489,0.1388
1386,123,1509,0.1388
1390,125,1515,0.1388
1390,127,1517,0.1388
1385,127,1512,0.1388
1375,128,1503,0.1388
1362,124,1486,0.1388
1368,127,1495,0.1388
1374,125,1499,0.1388
1372,121,1493,0.1388
1383,122,1505,0.1388
1381,122,1503,0.1388
1381,123,1504,0.1388
1383,118,1501,0.1388
1380,120,1500,0.1388
1392,122,1514,0.1388
1382,124,1506,0.1388
1380,124,1504,0.1388
1380,128,1508,0.1388
1379,128,1507,0.1388
1384,130,1514,0.1388
1388,127,1515,0.1388
1386,128,1514,0.1388
1382,127,1509,0.1388
1363,130,1493,0.1388
1363,132,1495,0.1388
1370,132,1502,0.1388
1367,136,1503,0.1388
1353,135,1488,0.1388
1350,137,1487,0.1388
1351,134,1485,0.1388
1344,134,1478,0.1388
1361,136,1497,0.1388
1358,140,1498,0.1388
1355,140,1495,0.1388
1357,143,1500,0.1388
1356,146,1502,0.1388
1373,141,1514,0.1388
1351,139,1490,0.1388
1362,143,1505,0.1388
1367,142,1509,0.1388
1366,142,1508,0.1388
1364,141,1505,0.1388
1365,138,1503,0.1388
1365,139,1504,0.1388
1353,143,1496,0.1388
1354,144,1498,0.1388
1356,151,1507,0.1388
1352,151,1503,0.1388
1337,158,1495,0.1388
1339,155,1494,0.1388
1340,160,1500,0.1388
1338,162,1500,0.1388
1344,162,1506,0.1388
1340,161,1501,0.1388
1333,165,1498,0.1388
1340,165,1505,0.1388
1332,166,1498,0.1388
1334,165,1499,0.1388
1342,168,1510,0.1388
1320,166,1486,0.1388
1320,168,1488,0.1388
1313,166,1479,0.1388
1318,165,1483,0.1388
1315,166,1481,0.1388
1337,162,1499,0.1388
1327,162,1489,0.1388
1324,159,1483,0.1388
1332,160,1492,0.1388
1324,161,1485,0.1388
1326,165,1491,0.1388
1324,170,1494,0.1388
1326,176,1502,0.1388
1332,174,1506,0.1388
1325,175,1500,0.1388
1331,174,1505,0.1388
1326,178,1504,0.1388
1330,179,1509,0.1388
1336,179,1515,0.1388
1332,176,1508,0.1388
1321,174,1495,0.1388
1311,175,1486,0.1388
1296,176,1472,0.1388
1299,183,1482,0.1388
1305,180,1485,0.1388
1306,191,1497,0.1388
1316,193,1509,0.1388
1305,193,1498,0.1388
1305,192,1497,0.1388
1287,191,1478,0.1388
1302,189,1491,0.1388
1311,189,1500,0.1388
1311,189,1500,0.1388
1319,187,1506,0.1388
1316,187,1503,0.1388
1306,184,1490,0.1388
1310,186,1496,0.1388
1299,185,1484,0.1388
1291,190,1481,0.1388
1305,191,1496,0.1388
1310,191,1501,0.1388
1306,196,1502,0.1388
1298,198,1496,0.1388
1286,196,1482,0.1388
1292,197,1489,0.1388
1283,201,1484,0.1388
1296,197,1493,0.1388
1304,191,1495,0.1388
1309,188,1497,0.1388
1301,191,1492,0.1388
1308,194,1502,0.1388
1301,189,1490,0.1388
1304,188,1492,0.1388
1301,187,1488,0.1388
1298,192,1490,0.1388
1304,192,1496,0.1388
1305,192,1497,0.1388
1309,192,1501,0.1388
1310,192,1502,0.1388
1304,193,1497,0.1388
1299,192,1491,0.1388
1308,188,1496,0.1388
1299,192,1491,0.1388
1295,190,1485,0.1388
1300,184,1484,0.1388
1318,188,1506,0.1388
1306,187,1493,0.1388
1307,186,1493,0.1388
1300,191,1491,0.1388
1301,186,1487,0.1388
1316,187,1503,0.1388
1323,187,1510,0.1388
1323,188,1511,0.1388
1312,188,1500,0.1388
1311,190,1501,0.1388
1298,194,1492,0.1388
1300,194,1494,0.1388
1300,194,1494,0.1388
1302,194,1496,0.1388
1295,183,1478,0.1388
1285,189,1474,0.1388
1292,195,1487,0.1388
1313,196,1509,0.1388
1312,195,1507,0.1388
1299,198,1497,0.1388
1297,202,1499,0.1388
1287,202,1489,0.1388
1286,206,1492,0.1388
1284,212,1496,0.1388
1287,213,1500,0.1388
1289,215,1504,0.1388
1295,211,1506,0.1388
1306,214,1520,0.1388
1300,212,1512,0.1388
1296,213,1509,0.1388
1293,206,1499,0.1388
1297,204,1501,0.1388
1303,208,1511,0.1388
1294,203,1497,0.1388
1287,203,1490,0.1388
1292,209,1501,0.1388
1300,209,1509,0.1388
1302,208,1510,0.1388
1286,210,1496,0.1388
1281,211,1492,0.1388
1273,211,1484,0.1388
1272,215,1487,0.1388
1274,218,1492,0.1388
1268,213,1481,0.1388
1272,210,1482,0.1388
1265,219,1484,0.1388
1278,218,1496,0.1388
1278,211,1489,0.1388
1283,211,1494,0.1388
1279,214,1493,0.1388
1286,218,1504,0.1388
1270,220,1490,0.1388
1274,221,1495,0.1388
1271,214,1485,0.1388
1262,222,1484,0.1388
1261,224,1485,0.1388
1277,229,1506,0.1388
1271,230,1501,0.1388
1278,230,1508,0.1388
1275,229,1504,0.1388
1281,233,1514,0.1388
1290,234,1524,0.1388
1273,231,1504,0.1388
1281,232,1513,0.1388
1280,237,1517,0.1388
1261,234,1495,0.1388
1268,232,1500,0.1388
1261,233,1494,0.1388
1255,234,1489,0.1388
1250,238,1488,0.1388
1247,233,1480,0.1388
1232,234,1466,0.1388
1246,238,1484,0.1388
1249,235,1484,0.1388
1260,237,1497,0.1388
1260,238,1498,0.1388
1272,234,1506,0.1388
1286,237,1523,0.1388
1275,237,1512,0.1388
1269,233,1502,0.1388
1259,230,1489,0.1388
1263,235,1498,0.1388
1270,238,1508,0.1388
1257,239,1496,0.1388
1240,232,1472,0.1388
1249,232,1481,0.1388
1263,232,1495,0.1388
1259,233,1492,0.1388
1259,235,1494,0.1388
1259,240,1499,0.1388
1247,236,1483,0.1388
1243,233,1476,0.1388
1243,240,1483,0.1388
1258,236,1494,0.1388
1253,235,1488,0.1388
1252,241,1493,0.1388
1255,237,1492,0.1388
1242,240,1482,0.1388
1235,244,1479,0.1388
1245,246,1491,0.1388
1243,249,1492,0.1388
1240,246,1486,0.1388
1248,246,1494,0.1388
1241,246,1487,0.1388
1237,251,1488,0.1388
1243,246,1489,0.1388
1244,252,1496,0.1388
1245,254,1499,0.1388
1249,258,1507,0.1388
1262,253,1515,0.1388
1248,255,1503,0.1388
1251,254,1505,0.1388
1247,256,1503,0.1388
1245,252,1497,0.1388
1254,254,1508,0.1388
1239,257,1496,0.1388
1248,262,1510,0.1388
1249,255,1504,0.1388
1254,257,1511,0.1388
1249,257,1506,0.1388
1241,259,1500,0.1388
1245,257,1502,0.1388
1253,252,1505,0.1388
1243,252,1495,0.1388
1245,254,1499,0.1388
1246,256,1502,0.1388
1251,260,1511,0.1388
1242,258,1500,0.1388
1245,259,1504,0.1388
1238,260,1498,0.1388
1228,264,1492,0.1388
1222,263,1485,0.1388
1231,262,1493,0.1388
1223,269,1492,0.1388
1217,270,1487,0.1388
1221,268,1489,0.1388
1234,266,1500,0.1388
1235,267,1502,0.1388
1227,270,1497,0.1388
1240,275,1515,0.1388
1216,274,1490,0.1388
1218,277,1495,0.1388
1214,280,1494,0.1388
1225,278,1503,0.1388
1218,277,1495,0.1388
1216,274,1490,0.1388
1218,270,1488,0.1388
1206,275,1481,0.1388
1220,267,1487,0.1388
1242,270,1512,0.1388
1230,270,1500,0.1388
1233,268,1501,0.1388
1240,274,1514,0.1388
1231,271,1502,0.1388
1225,270,1495,0.1388
1224,278,1502,0.1388
1233,284,1517,0.1388
1225,287,1512,0.1388
1214,291,1505,0.1388
1203,297,1500,0.1388
1209,292,1501,0.1388
1214,291,1505,0.1388
1211,293,1504,0.1388
1207,293,1500,0.1388
1206,290,1496,0.1388
1198,289,1487,0.1388
1212,292,1504,0.1388
1214,289,1503,0.1388
1220,290,1510,0.1388
1215,284,1499,0.1388
1209,293,1502,0.1388
1210,287,1497,0.1388
1200,284,1484,0.1388
1208,283,1491,0.1388
1213,281,1494,0.1388
1213,281,1494,0.1388
1217,284,1501,0.1388
1225,284,1509,0.1388
1231,284,1515,0.1388
1232,287,1519,0.1388
1225,289,1514,0.1388
1223,292,1515,0.1388
1216,291,1507,0.1388
1217,292,1509,0.1388
1219,290,1509,0.1388
1222,292,1514,0.1388
1215,292,1507,0.1388
1214,284,1498,0.1388
1216,285,1501,0.1388
1216,289,1505,0.1388
1226,287,1513,0.1388
1206,286,1492,0.1388
1202,284,1486,0.1388
1214,287,1501,0.1388
1210,289,1499,0.1388
1207,287,1494,0.1388
1207,287,1494,0.1388
1210,287,1497,0.1388
1211,288,1499,0.1388
1209,287,1496,0.1388
1211,291,1502,0.1388
1205,291,1496,0.1388
1198,293,1491,0.1388
1188,295,1483,0.1388
1187,289,1476,0.1388
1187,295,1482,0.1388
1202,292,1494,0.1388
1207,293,1500,0.1388
1205,292,1497,0.1388
1200,287,1487,0.1388
1202,284,1486,0.1388
1202,278,1480,0.1388
1203,286,1489,0.1388
1212,293,1505,0.1388
1204,298,1502,0.1388
1214,300,1514,0.1388
1201,298,1499,0.1388
1201,296,1497,0.1388
1199,294,1493,0.1388
1197,290,1487,0.1388
1206,291,1497,0.1388
1215,295,1510,0.1388
1196,291,1487,0.1388
1198,288,1486,0.1388
1203,290,1493,0.1388
1198,293,1491,0.1388
1203,294,1497,0.1388
1210,295,1505,0.1388
1208,299,1507,0.1388
1200,297,1497,0.1388
1203,299,1502,0.1388
1208,300,1508,0.1388
1205,296,1501,0.1388
1191,295,1486,0.1388
1190,298,1488,0.1388
1202,294,1496,0.1388
1205,293,1498,0.1388
1215,297,1512,0.1388
1206,299,1505,0.1388
1212,293,1505,0.1388
1209,290,1499,0.1388
1208,296,1504,0.1388
1196,291,1487,0.1388
1196,294,1490,0.1388
1200,293,1493,0.1388
1192,294,1486,0.1388
1181,295,1476,0.1388
1196,297,1493,0.1388
1197,294,1491,0.1388
1212,290,1502,0.1388
1207,293,1500,0.1388
1219,295,1514,0.1388
1212,293,1505,0.1388
1204,298,1502,0.1388
1198,300,1498,0.1388
1197,298,1495,0.1388
1193,296,1489,0.1388
1187,290,1477,0.1388
1194,298,1492,0.1388
1192,308,1500,0.1388
1188,305,1493,0.1388
1190,306,1496,0.1388
1195,310,1505,0.1388
1193,310,1503,0.1388
1203,315,1518,0.1388
1204,313,1517,0.1388
1199,308,1507,0.1388
1192,310,1502,0.1388
1192,303,1495,0.1388
1192,306,1498,0.1388
1195,313,1508,0.1388
1194,320,1514,0.1388
1199,314,1513,0.1388
1206,306,1512,0.1388
1205,306,1511,0.1388
1199,311,1510,0.1388
1188,316,1504,0.1388
1184,314,1498,0.1388
1184,313,1497,0.1388
1186,308,1494,0.1388
1176,305,1481,0.1388
1173,306,1479,0.1388
1168,305,1473,0.1388
1181,303,1484,0.1388
1189,302,1491,0.1388
1185,302,1487,0.1388
1184,306,1490,0.1388
1186,311,1497,0.1388
1179,317,1496,0.1388
1167,320,1487,0.1388
1172,318,1490,0.1388
1169,327,1496,0.1388
1169,331,1500,0.1388
1162,329,1491,0.1388
1170,333,1503,0.1388
1158,331,1489,0.1388
1168,336,1504,0.1388
1159,330,1489,0.1388
1164,326,1490,0.1388
1156,325,1481,0.1388
1165,330,1495,0.1388
1160,337,1497,0.1388
1171,335,1506,0.1388
1161,339,1500,0.1388
1168,344,1512,0.1388
1174,340,1514,0.1388
1181,336,1517,0.1388
1174,333,1507,0.1388
1180,338,1518,0.1388
1172,337,1509,0.1388
1167,338,1505,0.1388
1151,342,1493,0.1388
1151,344,1495,0.1388
1162,350,1512,0.1388
1146,349,1495,0.1388
1129,354,1483,0.1388
1138,351,1489,0.1388
1132,355,1487,0.1388
1137,353,1490,0.1388
1132,355,1487,0.1388
1134,362,1496,0.1388
1136,368,1504,0.1388
1129,371,1500,0.1388
1134,375,1509,0.1388
1127,380,1507,0.1388
1128,375,1503,0.1388
1129,377,1506,0.1388
1123,373,1496,0.1388
1128,381,1509,0.1388
1117,381,1498,0.1388
1109,383,1492,0.1388
1119,380,1499,0.1388
1113,384,1497,0.1388
1104,388,1492,0.1388
1099,384,1483,0.1388
1107,386,1493,0.1388
1110,384,1494,0.1388
1106,380,1486,0.1388
1099,390,1489,0.1388
1096,389,1485,0.1388
1097,393,1490,0.1388
1102,398,1500,0.1388
1110,400,1510,0.1388
1108,393,1501,0.1388
1094,399,1493,0.1388
1092,398,1490,0.1388
1082,402,1484,0.1388
1097,402,1499,0.1388
1107,407,1514,0.1388
1103,400,1503,0.1388
1100,399,1499,0.1388
1101,401,1502,0.1388
1096,395,1491,0.1388
1107,403,1510,0.1388
1099,401,1500,0.1388
1113,393,1506,0.1388
1099,395,1494,0.1388
1095,392,1487,0.1388
1095,394,1489,0.1388
1098,397,1495,0.1388
1096,401,1497,0.1388
1087,396,1483,0.1388
1099,398,1497,0.1388
1094,397,1491,0.1388
1092,396,1488,0.1388
1095,414,1509,0.1388
1089,416,1505,0.1388
1089,414,1503,0.1388
1096,413,1509,0.1388
1105,415,1520,0.1388
1103,412,1515,0.1388
1096,414,1510,0.1388
1100,409,1509,0.1388
1089,411,1500,0.1388
1082,416,1498,0.1388
1086,423,1509,0.1388
1100,424,1524,0.1388
1083,419,1502,0.1388
1083,423,1506,0.1388
1077,426,1503,0.1388
1074,426,1500,0.1388
1070,421,1491,0.1388
1059,421,1480,0.1388
1058,418,1476,0.1388
1067,426,1493,0.1388
1062,428,1490,0.1388
1063,427,1490,0.1388
1073,426,1499,0.1388
1088,420,1508,0.1388
1084,419,1503,0.1388
1093,420,1513,0.1388
1096,417,1513,0.1388
1093,418,1511,0.1388
1092,416,1508,0.1388
1086,418,1504,0.1388
1084,419,1503,0.1388
1075,413,1488,0.1388
1059,416,1475,0.1388
1062,419,1481,0.1388
1067,422,1489,0.1388
1071,423,1494,0.1388
1072,426,1498,0.1388
1077,421,1498,0.1388
1075,422,1497,0.1388
1074,429,1503,0.1388
1065,423,1488,0.1388
1067,431,1498,0.1388
1065,429,1494,0.1388
1057,432,1489,0.1388
1063,433,1496,0.1388
1067,435,1502,0.1388
1066,431,1497,0.1388
1068,430,1498,0.1388
1061,421,1482,0.1388
1065,421,1486,0.1388
1065,421,1486,0.1388
1059,425,1484,0.1388
1061,427,1488,0.1388
1060,424,1484,0.1388
1050,429,1479,0.1388
1056,424,1480,0.1388
1059,428,1487,0.1388
1053,434,1487,0.1388
1051,437,1488,0.1388
1049,441,1490,0.1388
1051,440,1491,0.1388
1042,442,1484,0.1388
1036,448,1484,0.1388
1045,442,1487,0.1388
1059,447,1506,0.1388
1054,455,1509,0.1388
1049,453,1502,0.1388
1041,465,1506,0.1388
1035,463,1498,0.1388
1037,470,1507,0.1388
1029,472,1501,0.1388
1021,470,1491,0.1388
1015,474,1489,0.1388
1010,480,1490,0.1388
997,483,1480,0.1388
1007,481,1488,0.1388
1005,480,1485,0.1388
1008,487,1495,0.1388
1001,489,1490,0.1388
1000,492,1492,0.1388
1006,493,1499,0.1388
999,492,1491,0.1388
1014,491,1505,0.1388
1015,491,1506,0.1388
1015,493,1508,0.1388
1010,500,1510,0.1388
1013,489,1502,0.1388
1008,494,1502,0.1388
1011,491,1502,0.1388
1006,499,1505,0.1388
1002,495,1497,0.1388
1000,492,1492,0.1388
997,491,1488,0.1388
1000,487,1487,0.1388
1012,486,1498,0.1388
1000,485,1485,0.1388
998,496,1494,0.1388
1004,501,1505,0.1388
1012,495,1507,0.1388
998,497,1495,0.1388
1005,495,1500,0.1388
1009,498,1507,0.1388
1001,503,1504,0.1388
1005,498,1503,0.1388
1016,500,1516,0.1388
1010,513,1523,0.1388
1008,509,1517,0.1388
1007,508,1515,0.1388
1008,503,1511,0.1388
1015,499,1514,0.1388
1006,512,1518,0.1388
996,503,1499,0.1388
990,510,1500,0.1388
984,514,1498,0.1388
987,518,1505,0.1388
982,522,1504,0.1388
986,516,1502,0.1388
991,520,1511,0.1388
990,514,1504,0.1388
990,513,1503,0.1388
985,509,1494,0.1388
975,515,1490,0.1388
972,523,1495,0.1388
971,528,1499,0.1388
966,530,1496,0.1388
956,532,1488,0.1388
954,526,1480,0.1388
955,532,1487,0.1388
965,531,1496,0.1388
964,537,1501,0.1388
964,534,1498,0.1388
954,533,1487,0.1388
966,532,1498,0.1388
974,537,1511,0.1388
977,535,1512,0.1388
962,532,1494,0.1388
958,532,1490,0.1388
964,531,1495,0.1388
969,528,1497,0.1388
972,536,1508,0.1388
970,534,1504,0.1388
976,535,1511,0.1388
977,542,1519,0.1388
973,551,1524,0.1388
950,552,1502,0.1388
952,558,1510,0.1388
951,555,1506,0.1388
952,552,1504,0.1388
952,561,1513,0.1388
944,561,1505,0.1388
943,567,1510,0.1388
939,559,1498,0.1388
935,562,1497,0.1388
946,560,1506,0.1388
941,571,1512,0.1388
946,570,1516,0.1388
948,569,1517,0.1388
944,570,1514,0.1388
943,570,1513,0.1388
948,564,1512,0.1388
941,569,1510,0.1388
939,571,1510,0.1388
940,561,1501,0.1388
941,562,1503,0.1388
935,564,1499,0.1388
937,553,1490,0.1388
937,558,1495,0.1388
942,553,1495,0.1388
937,560,1497,0.1388
942,561,1503,0.1388
955,550,1505,0.1388
956,552,1508,0.1388
961,552,1513,0.1388
956,550,1506,0.1388
955,550,1505,0.1388
950,552,1502,0.1388
943,552,1495,0.1388
939,557,1496,0.1388
928,565,1493,0.1388
924,565,1489,0.1388
919,564,1483,0.1388
918,576,1494,0.1388
923,571,1494,0.1388
915,570,1485,0.1388
919,574,1493,0.1388
922,570,1492,0.1388
920,566,1486,0.1388
924,570,1494,0.1388
928,570,1498,0.1388
941,566,1507,0.1388
939,575,1514,0.1388
938,581,1519,0.1388
928,578,1506,0.1388
916,582,1498,0.1388
915,588,1503,0.1388
908,593,1501,0.1388
911,591,1502,0.1388
912,601,1513,0.1388
912,598,1510,0.1388
910,603,1513,0.1388
912,595,1507,0.1388
905,591,1496,0.1388
899,589,1488,0.1388
897,592,1489,0.1388
898,595,1493,0.1388
906,590,1496,0.1388
910,585,1495,0.1388
910,590,1500,0.1388
917,594,1511,0.1388
913,595,1508,0.1388
908,597,1505,0.1388
913,593,1506,0.1388
899,596,1495,0.1388
910,603,1513,0.1388
915,597,1512,0.1388
904,595,1499,0.1388
898,597,1495,0.1388
912,593,1505,0.1388
902,591,1493,0.1388
913,594,1507,0.1388
920,593,1513,0.1388
902,589,1491,0.1388
908,592,1500,0.1388
894,592,1486,0.1388
901,592,1493,0.1388
910,593,1503,0.1388
908,600,1508,0.1388
910,601,1511,0.1388
909,605,1514,0.1388
899,603,1502,0.1388
905,609,1514,0.1388
898,603,1501,0.1388
902,604,1506,0.1388
895,606,1501,0.1388
901,603,1504,0.1388
904,604,1508,0.1388
895,604,1499,0.1388
888,603,1491,0.1388
882,608,1490,0.1388
893,610,1503,0.1388
894,614,1508,0.1388
902,611,1513,0.1388
899,610,1509,0.1388
893,608,1501,0.1388
893,612,1505,0.1388
896,612,1508,0.1388
901,609,1510,0.1388
903,609,1512,0.1388
897,611,1508,0.1388
893,604,1497,0.1388
899,595,1494,0.1388
893,593,1486,0.1388
884,597,1481,0.1388
894,596,1490,0.1388
903,590,1493,0.1388
909,593,1502,0.1388
915,596,1511,0.1388
897,594,1491,0.1388
898,589,1487,0.1388
894,594,1488,0.1388
886,602,1488,0.1388
877,613,1490,0.1388
876,617,1493,0.1388
875,613,1488,0.1388
885,616,1501,0.1388
877,629,1506,0.1388
876,616,1492,0.1388
866,619,1485,0.1388
867,618,1485,0.1388
869,623,1492,0.1388
869,623,1492,0.1388
877,628,1505,0.1388
890,618,1508,0.1388
879,619,1498,0.1388
880,621,1501,0.1388
881,625,1506,0.1388
888,618,1506,0.1388
876,623,1499,0.1388
873,632,1505,0.1388
872,638,1510,0.1388
874,634,1508,0.1388
868,629,1497,0.1388
863,634,1497,0.1388
862,631,1493,0.1388
872,630,1502,0.1388
871,629,1500,0.1388
865,627,1492,0.1388
869,631,1500,0.1388
878,631,1509,0.1388
865,642,1507,0.1388
861,639,1500,0.1388
848,646,1494,0.1388
865,638,1503,0.1388
868,645,1513,0.1388
862,647,1509,0.1388
866,642,1508,0.1388
868,637,1505,0.1388
859,648,1507,0.1388
861,644,1505,0.1388
863,647,1510,0.1388
863,649,1512,0.1388
863,650,1513,0.1388
860,638,1498,0.1388
859,639,1498,0.1388
866,641,1507,0.1388
854,650,1504,0.1388
850,655,1505,0.1388
851,648,1499,0.1388
854,640,1494,0.1388
853,640,1493,0.1388
858,643,1501,0.1388
857,651,1508,0.1388
852,653,1505,0.1388
855,651,1506,0.1388
851,655,1506,0.1388
848,658,1506,0.1388
847,657,1504,0.1388
844,656,1500,0.1388
836,658,1494,0.1388
836,661,1497,0.1388
830,659,1489,0.1388
838,677,1515,0.1388
845,677,1522,0.1388
841,678,1519,0.1388
831,681,1512,0.1388
827,674,1501,0.1388
841,679,1520,0.1388
836,677,1513,0.1388
831,692,1523,0.1388
833,686,1519,0.1388
843,683,1526,0.1388
831,685,1516,0.1388
832,685,1517,0.1388
835,678,1513,0.1388
839,686,1525,0.1388
829,686,1515,0.1388
827,679,1506,0.1388
820,684,1504,0.1388
819,688,1507,0.1388
824,687,1511,0.1388
820,689,1509,0.1388
823,696,1519,0.1388
821,697,1518,0.1388
817,699,1516,0.1388
807,702,1509,0.1388
799,703,1502,0.1388
798,706,1504,0.1388
807,707,1514,0.1388
798,699,1497,0.1388
801,709,1510,0.1388
807,714,1521,0.1388
795,711,1506,0.1388
799,717,1516,0.1388
795,709,1504,0.1388
787,703,1490,0.1388
784,714,1498,0.1388
784,720,1504,0.1388
785,716,1501,0.1388
793,717,1510,0.1388
784,717,1501,0.1388
789,720,1509,0.1388
785,724,1509,0.1388
786,723,1509,0.1388
779,726,1505,0.1388
776,720,1496,0.1388
772,718,1490,0.1388
780,720,1500,0.1388
781,724,1505,0.1388
778,724,1502,0.1388
780,727,1507,0.1388
781,727,1508,0.1388
786,723,1509,0.1388
787,724,1511,0.1388
778,717,1495,0.1388
784,716,1500,0.1388
787,712,1499,0.1388
787,722,1509,0.1388
785,732,1517,0.1388
790,727,1517,0.1388
785,725,1510,0.1388
785,718,1503,0.1388
790,710,1500,0.1388
784,716,1500,0.1388
776,717,1493,0.1388
774,714,1488,0.1388
774,724,1498,0.1388
770,717,1487,0.1388
768,717,1485,0.1388
772,724,1496,0.1388
767,724,1491,0.1388
780,717,1497,0.1388
770,716,1486,0.1388
770,721,1491,0.1388
777,717,1494,0.1388
782,716,1498,0.1388
778,716,1494,0.1388
778,722,1500,0.1388
770,720,1490,0.1388
772,714,1486,0.1388
775,712,1487,0.1388
776,721,1497,0.1388
776,725,1501,0.1388
780,736,1516,0.1388
779,729,1508,0.1388
777,734,1511,0.1388
782,730,1512,0.1388
783,730,1513,0.1388
784,727,1511,0.1388
773,736,1509,0.1388
774,726,1500,0.1388
768,723,1491,0.1388
776,730,1506,0.1388
781,727,1508,0.1388
782,728,1510,0.1388
788,723,1511,0.1388
781,728,1509,0.1388
778,730,1508,0.1388
779,722,1501,0.1388
771,726,1497,0.1388
779,729,1508,0.1388
783,733,1516,0.1388
779,726,1505,0.1388
766,732,1498,0.1388
764,730,1494,0.1388
769,741,1510,0.1388
769,745,1514,0.1388
767,740,1507,0.1388
771,747,1518,0.1388
768,755,1523,0.1388
762,752,1514,0.1388
758,739,1497,0.1388
762,742,1504,0.1388
753,741,1494,0.1388
756,744,1500,0.1388
753,750,1503,0.1388
740,739,1479,0.1388
751,747,1498,0.1388
748,752,1500,0.1388
741,745,1486,0.1388
743,746,1489,0.1388
747,751,1498,0.1388
745,750,1495,0.1388
754,753,1507,0.1388
759,760,1519,0.1388
750,750,1500,0.1388
747,755,1502,0.1388
747,743,1490,0.1388
751,748,1499,0.1388
759,749,1508,0.1388
761,752,1513,0.1388
762,759,1521,0.1388
758,753,1511,0.1388
753,756,1509,0.1388
757,751,1508,0.1388
747,746,1493,0.1388
745,749,1494,0.1388
751,757,1508,0.1388
746,755,1501,0.1388
753,754,1507,0.1388
745,755,1500,0.1388
745,757,1502,0.1388
740,758,1498,0.1388
734,761,1495,0.1388
743,764,1507,0.1388
746,753,1499,0.1388
732,758,1490,0.1388
735,768,1503,0.1388
736,773,1509,0.1388
740,784,1524,0.1388
730,782,1512,0.1388
733,775,1508,0.1388
737,770,1507,0.1388
737,772,1509,0.1388
740,766,1506,0.1388
735,772,1507,0.1388
734,778,1512,0.1388
730,774,1504,0.1388
728,765,1493,0.1388
723,767,1490,0.1388
725,775,1500,0.1388
725,776,1501,0.1388
731,786,1517,0.1388
717,782,1499,0.1388
718,783,1501,0.1388
723,787,1510,0.1388
728,779,1507,0.1388
723,776,1499,0.1388
724,784,1508,0.1388
726,784,1510,0.1388
708,788,1496,0.1388
706,791,1497,0.1388
703,797,1500,0.1388
709,802,1511,0.1388
707,806,1513,0.1388
708,802,1510,0.1388
701,804,1505,0.1388
705,800,1505,0.1388
706,805,1511,0.1388
707,809,1516,0.1388
703,799,1502,0.1388
705,801,1506,0.1388
706,799,1505,0.1388
707,810,1517,0.1388
704,804,1508,0.1388
708,792,1500,0.1388
702,791,1493,0.1388
704,788,1492,0.1388
705,781,1486,0.1388
701,777,1478,0.1388
705,784,1489,0.1388
710,790,1500,0.1388
710,799,1509,0.1388
719,798,1517,0.1388
710,810,1520,0.1388
702,803,1505,0.1388
701,806,1507,0.1388
709,809,1518,0.1388
718,798,1516,0.1388
713,807,1520,0.1388
702,807,1509,0.1388
703,806,1509,0.1388
701,806,1507,0.1388
698,805,1503,0.1388
697,807,1504,0.1388
689,812,1501,0.1388
694,815,1509,0.1388
691,810,1501,0.1388
684,821,1505,0.1388
676,820,1496,0.1388
676,818,1494,0.1388
679,818,1497,0.1388
682,827,1509,0.1388
669,825,1494,0.1388
657,829,1486,0.1388
658,831,1489,0.1388
667,830,1497,0.1388
669,839,1508,0.1388
666,840,1506,0.1388
671,837,1508,0.1388
671,840,1511,0.1388
675,843,1518,0.1388
674,845,1519,0.1388
670,840,1510,0.1388
668,855,1523,0.1388
665,863,1528,0.1388
667,862,1529,0.1388
659,849,1508,0.1388
656,854,1510,0.1388
657,849,1506,0.1388
662,841,1503,0.1388
664,849,1513,0.1388
659,848,1507,0.1388
647,847,1494,0.1388
646,851,1497,0.1388
647,854,1501,0.1388
642,856,1498,0.1388
643,864,1507,0.1388
638,871,1509,0.1388
638,876,1514,0.1388
636,875,1511,0.1388
631,868,1499,0.1388
634,863,1497,0.1388
637,869,1506,0.1388
635,855,1490,0.1388
638,858,1496,0.1388
637,862,1499,0.1388
640,855,1495,0.1388
652,861,1513,0.1388
650,860,1510,0.1388
652,863,1515,0.1388
639,866,1505,0.1388
640,866,1506,0.1388
638,863,1501,0.1388
640,867,1507,0.1388
636,874,1510,0.1388
644,869,1513,0.1388
637,888,1525,0.1388
628,883,1511,0.1388
627,882,1509,0.1388
626,877,1503,0.1388
622,882,1504,0.1388
625,878,1503,0.1388
625,881,1506,0.1388
624,882,1506,0.1388
622,887,1509,0.1388
629,892,1521,0.1388
626,898,1524,0.1388
618,905,1523,0.1388
617,898,1515,0.1388
621,896,1517,0.1388
623,891,1514,0.1388
619,890,1509,0.1388
621,892,1513,0.1388
620,887,1507,0.1388
623,890,1513,0.1388
616,888,1504,0.1388
614,899,1513,0.1388
615,896,1511,0.1388
621,888,1509,0.1388
613,875,1488,0.1388
620,885,1505,0.1388
626,889,1515,0.1388
623,891,1514,0.1388
620,897,1517,0.1388
617,904,1521,0.1388
610,893,1503,0.1388
605,903,1508,0.1388
619,898,1517,0.1388
620,906,1526,0.1388
622,902,1524,0.1388
616,906,1522,0.1388
621,903,1524,0.1388
620,908,1528,0.1388
619,915,1534,0.1388
611,918,1529,0.1388
611,918,1529,0.1388
615,920,1535,0.1388
606,909,1515,0.1388
602,910,1512,0.1388
602,899,1501,0.1388
594,910,1504,0.1388
598,907,1505,0.1388
588,913,1501,0.1388
584,915,1499,0.1388
587,914,1501,0.1388
586,918,1504,0.1388
583,914,1497,0.1388
574,925,1499,0.1388
575,921,1496,0.1388
569,926,1495,0.1388
575,927,1502,0.1388
574,932,1506,0.1388
568,937,1505,0.1388
573,929,1502,0.1388
581,929,1510,0.1388
578,928,1506,0.1388
572,932,1504,0.1388
573,930,1503,0.1388
571,918,1489,0.1388
570,937,1507,0.1388
568,937,1505,0.1388
570,928,1498,0.1388
572,934,1506,0.1388
575,941,1516,0.1388
572,948,1520,0.1388
570,952,1522,0.1388
571,953,1524,0.1388
555,954,1509,0.1388
554,959,1513,0.1388
567,951,1518,0.1388
561,949,1510,0.1388
559,946,1505,0.1388
557,950,1507,0.1388
560,952,1512,0.1388
563,947,1510,0.1388
556,947,1503,0.1388
555,955,1510,0.1388
553,960,1513,0.1388
554,958,1512,0.1388
557,959,1516,0.1388
556,963,1519,0.1388
550,957,1507,0.1388
548,962,1510,0.1388
548,969,1517,0.1388
537,953,1490,0.1388
551,967,1518,0.1388
543,971,1514,0.1388
541,965,1506,0.1388
542,969,1511,0.1388
544,965,1509,0.1388
554,956,1510,0.1388
547,961,1508,0.1388
546,958,1504,0.1388
547,943,1490,0.1388
545,956,1501,0.1388
551,956,1507,0.1388
544,961,1505,0.1388
546,958,1504,0.1388
544,956,1500,0.1388
546,956,1502,0.1388
552,957,1509,0.1388
546,960,1506,0.1388
542,958,1500,0.1388
552,959,1511,0.1388
552,962,1514,0.1388
549,969,1518,0.1388
545,964,1509,0.1388
542,960,1502,0.1388
538,959,1497,0.1388
535,964,1499,0.1388
532,963,1495,0.1388
533,978,1511,0.1388
534,987,1521,0.1388
535,981,1516,0.1388
530,983,1513,0.1388
534,979,1513,0.1388
528,990,1518,0.1388
530,985,1515,0.1388
533,990,1523,0.1388
532,979,1511,0.1388
528,971,1499,0.1388
533,966,1499,0.1388
535,972,1507,0.1388
538,974,1512,0.1388
529,968,1497,0.1388
530,969,1499,0.1388
534,972,1506,0.1388
536,966,1502,0.1388
534,961,1495,0.1388
530,968,1498,0.1388
533,966,1499,0.1388
526,968,1494,0.1388
520,973,1493,0.1388
526,985,1511,0.1388
523,986,1509,0.1388
523,978,1501,0.1388
526,973,1499,0.1388
525,984,1509,0.1388
532,977,1509,0.1388
533,970,1503,0.1388
527,967,1494,0.1388
525,962,1487,0.1388
527,963,1490,0.1388
530,974,1504,0.1388
538,974,1512,0.1388
540,982,1522,0.1388
530,983,1513,0.1388
523,986,1509,0.1388
527,983,1510,0.1388
537,983,1520,0.1388
526,981,1507,0.1388
529,975,1504,0.1388
533,985,1518,0.1388
533,986,1519,0.1388
527,996,1523,0.1388
527,989,1516,0.1388
527,993,1520,0.1388
529,985,1514,0.1388
524,984,1508,0.1388
508,986,1494,0.1388
506,993,1499,0.1388
509,988,1497,0.1388
506,999,1505,0.1388
504,1003,1507,0.1388
508,1005,1513,0.1388
508,1014,1522,0.1388
515,1000,1515,0.1388
517,991,1508,0.1388
521,992,1513,0.1388
525,1002,1527,0.1388
524,995,1519,0.1388
525,997,1522,0.1388
520,992,1512,0.1388
520,999,1519,0.1388
520,1001,1521,0.1388
518,1003,1521,0.1388
519,993,1512,0.1388
515,995,1510,0.1388
517,996,1513,0.1388
508,1011,1519,0.1388
504,1010,1514,0.1388
502,1009,1511,0.1388
505,1009,1514,0.1388
507,1011,1518,0.1388
501,999,1500,0.1388
502,991,1493,0.1388
507,995,1502,0.1388
498,989,1487,0.1388
507,994,1501,0.1388
508,991,1499,0.1388
512,1003,1515,0.1388
513,1018,1531,0.1388
513,1006,1519,0.1388
517,999,1516,0.1388
509,990,1499,0.1388
510,1003,1513,0.1388
507,1010,1517,0.1388
500,1010,1510,0.1388
497,1000,1497,0.1388
504,998,1502,0.1388
500,1003,1503,0.1388
501,1012,1513,0.1388
501,1013,1514,0.1388
496,997,1493,0.1388
497,999,1496,0.1388
500,1012,1512,0.1388
501,1019,1520,0.1388
502,1018,1520,0.1388
503,1014,1517,0.1388
493,1018,1511,0.1388
494,1018,1512,0.1388
493,1017,1510,0.1388
498,1008,1506,0.1388
493,1010,1503,0.1388
491,1013,1504,0.1388
500,1017,1517,0.1388
502,1009,1511,0.1388
499,1011,1510,0.1388
500,1009,1509,0.1388
492,1006,1498,0.1388
493,1011,1504,0.1388
498,1004,1502,0.1388
491,1007,1498,0.1388
490,1008,1498,0.1388
496,1005,1501,0.1388
497,1010,1507,0.1388
485,1009,1494,0.1388
479,1015,1494,0.1388
482,1016,1498,0.1388
485,1018,1503,0.1388
491,1022,1513,0.1388
494,1016,1510,0.1388
496,1009,1505,0.1388
496,1017,1513,0.1388
494,1018,1512,0.1388
495,1015,1510,0.1388
486,1014,1500,0.1388
488,1017,1505,0.1388
485,1018,1503,0.1388
483,1014,1497,0.1388
492,1007,1499,0.1388
494,1009,1503,0.1388
499,1017,1516,0.1388
494,1010,1504,0.1388
499,1008,1507,0.1388
505,1007,1512,0.1388
508,1001,1509,0.1388
501,1005,1506,0.1388
501,1006,1507,0.1388
500,1015,1515,0.1388
498,1016,1514,0.1388
498,1014,1512,0.1388
493,1011,1504,0.1388
490,1017,1507,0.1388
489,1019,1508,0.1388
495,1009,1504,0.1388
492,1019,1511,0.1388
488,1030,1518,0.1388
491,1027,1518,0.1388
487,1031,1518,0.1388
483,1019,1502,0.1388
485,1017,1502,0.1388
480,1026,1506,0.1388
488,1014,1502,0.1388
481,1013,1494,0.1388
478,1030,1508,0.1388
468,1027,1495,0.1388
463,1028,1491,0.1388
464,1027,1491,0.1388
464,1036,1500,0.1388
464,1035,1499,0.1388
469,1040,1509,0.1388
477,1040,1517,0.1388
477,1051,1528,0.1388
477,1041,1518,0.1388
473,1036,1509,0.1388
477,1052,1529,0.1388
476,1055,1531,0.1388
476,1051,1527,0.1388
481,1052,1533,0.1388
466,1051,1517,0.1388
471,1045,1516,0.1388
472,1051,1523,0.1388
474,1045,1519,0.1388
480,1053,1533,0.1388
471,1044,1515,0.1388
470,1042,1512,0.1388
465,1044,1509,0.1388
464,1045,1509,0.1388
472,1045,1517,0.1388
462,1043,1505,0.1388
461,1043,1504,0.1388
466,1043,1509,0.1388
460,1041,1501,0.1388
460,1038,1498,0.1388
457,1055,1512,0.1388
456,1069,1525,0.1388
458,1065,1523,0.1388
454,1060,1514,0.1388
452,1061,1513,0.1388
453,1058,1511,0.1388
462,1059,1521,0.1388
456,1063,1519,0.1388
456,1052,1508,0.1388
452,1051,1503,0.1388
450,1049,1499,0.1388
448,1050,1498,0.1388
448,1057,1505,0.1388
458,1060,1518,0.1388
461,1051,1512,0.1388
458,1045,1503,0.1388
457,1051,1508,0.1388
457,1051,1508,0.1388
453,1049,1502,0.1388
455,1054,1509,0.1388
458,1049,1507,0.1388
455,1056,1511,0.1388
452,1054,1506,0.1388
455,1059,1514,0.1388
460,1051,1511,0.1388
459,1062,1521,0.1388
459,1073,1532,0.1388
463,1076,1539,0.1388
448,1066,1514,0.1388
447,1066,1513,0.1388
447,1069,1516,0.1388
444,1060,1504,0.1388
442,1068,1510,0.1388
443,1084,1527,0.1388
443,1078,1521,0.1388
438,1083,1521,0.1388
439,1076,1515,0.1388
444,1058,1502,0.1388
443,1057,1500,0.1388
443,1061,1504,0.1388
446,1063,1509,0.1388
450,1068,1518,0.1388
452,1067,1519,0.1388
449,1075,1524,0.1388
448,1055,1503,0.1388
439,1057,1496,0.1388
434,1069,1503,0.1388
441,1070,1511,0.1388
438,1071,1509,0.1388
442,1065,1507,0.1388
446,1077,1523,0.1388
446,1062,1508,0.1388
443,1062,1505,0.1388
443,1064,1507,0.1388
437,1065,1502,0.1388
435,1073,1508,0.1388
436,1068,1504,0.1388
426,1055,1481,0.1388
428,1069,1497,0.1388
423,1080,1503,0.1388
422,1085,1507,0.1388
416,1089,1505,0.1388
417,1086,1503,0.1388
417,1079,1496,0.1388
428,1091,1519,0.1388
432,1083,1515,0.1388
430,1079,1509,0.1388
418,1070,1488,0.1388
415,1081,1496,0.1388
414,1091,1505,0.1388
421,1080,1501,0.1388
429,1080,1509,0.1388
422,1086,1508,0.1388
419,1093,1512,0.1388
427,1077,1504,0.1388
421,1084,1505,0.1388
426,1082,1508,0.1388
413,1076,1489,0.1388
414,1080,1494,0.1388
402,1089,1491,0.1388
407,1086,1493,0.1388
411,1081,1492,0.1388
412,1096,1508,0.1388
407,1110,1517,0.1388
412,1101,1513,0.1388
406,1098,1504,0.1388
407,1098,1505,0.1388
405,1099,1504,0.1388
404,1100,1504,0.1388
411,1104,1515,0.1388
405,1105,1510,0.1388
411,1098,1509,0.1388
407,1104,1511,0.1388
407,1103,1510,0.1388
400,1106,1506,0.1388
401,1110,1511,0.1388
398,1104,1502,0.1388
396,1107,1503,0.1388
391,1116,1507,0.1388
390,1122,1512,0.1388
390,1122,1512,0.1388
395,1125,1520,0.1388
402,1125,1527,0.1388
403,1128,1531,0.1388
399,1119,1518,0.1388
397,1115,1512,0.1388
399,1112,1511,0.1388
398,1114,1512,0.1388
400,1102,1502,0.1388
400,1109,1509,0.1388
399,1107,1506,0.1388
400,1101,1501,0.1388
403,1098,1501,0.1388
401,1094,1495,0.1388
401,1100,1501,0.1388
400,1106,1506,0.1388
395,1100,1495,0.1388
397,1108,1505,0.1388
398,1111,1509,0.1388
404,1118,1522,0.1388
400,1120,1520,0.1388
408,1118,1526,0.1388
406,1122,1528,0.1388
406,1118,1524,0.1388
390,1109,1499,0.1388
388,1106,1494,0.1388
393,1110,1503,0.1388
392,1109,1501,0.1388
394,1106,1500,0.1388
389,1101,1490,0.1388
386,1114,1500,0.1388
392,1133,1525,0.1388
398,1123,1521,0.1388
389,1115,1504,0.1388
388,1112,1500,0.1388
386,1115,1501,0.1388
384,1114,1498,0.1388
390,1115,1505,0.1388
385,1128,1513,0.1388
388,1125,1513,0.1388
389,1112,1501,0.1388
390,1113,1503,0.1388
392,1111,1503,0.1388
392,1109,1501,0.1388
389,1107,1496,0.1388
392,1119,1511,0.1388
392,1121,1513,0.1388
394,1124,1518,0.1388
392,1134,1526,0.1388
393,1128,1521,0.1388
386,1124,1510,0.1388
381,1138,1519,0.1388
384,1138,1522,0.1388
378,1140,1518,0.1388
378,1139,1517,0.1388
369,1142,1511,0.1388
369,1126,1495,0.1388
368,1127,1495,0.1388
367,1150,1517,0.1388
369,1137,1506,0.1388
368,1140,1508,0.1388
361,1148,1509,0.1388
358,1148,1506,0.1388
365,1137,1502,0.1388
364,1136,1500,0.1388
361,1133,1494,0.1388
357,1126,1483,0.1388
364,1134,1498,0.1388
359,1144,1503,0.1388
366,1137,1503,0.1388
364,1142,1506,0.1388
359,1155,1514,0.1388
360,1156,1516,0.1388
356,1159,1515,0.1388
358,1165,1523,0.1388
359,1162,1521,0.1388
351,1175,1526,0.1388
351,1168,1519,0.1388
346,1150,1496,0.1388
338,1164,1502,0.1388
347,1172,1519,0.1388
338,1172,1510,0.1388
346,1166,1512,0.1388
353,1172,1525,0.1388
349,1169,1518,0.1388
347,1176,1523,0.1388
347,1176,1523,0.1388
342,1178,1520,0.1388
342,1175,1517,0.1388
340,1180,1520,0.1388
341,1173,1514,0.1388
342,1171,1513,0.1388
346,1170,1516,0.1388
351,1165,1516,0.1388
348,1163,1511,0.1388
344,1167,1511,0.1388
348,1177,1525,0.1388
344,1170,1514,0.1388
346,1178,1524,0.1388
349,1180,1529,0.1388
344,1167,1511,0.1388
343,1172,1515,0.1388
337,1161,1498,0.1388
332,1164,1496,0.1388
337,1171,1508,0.1388
335,1182,1517,0.1388
329,1175,1504,0.1388
326,1185,1511,0.1388
328,1193,1521,0.1388
332,1195,1527,0.1388
326,1179,1505,0.1388
326,1179,1505,0.1388
328,1182,1510,0.1388
329,1179,1508,0.1388
332,1175,1507,0.1388
333,1158,1491,0.1388
336,1180,1516,0.1388
343,1179,1522,0.1388
340,1178,1518,0.1388
338,1181,1519,0.1388
344,1186,1530,0.1388
339,1171,1510,0.1388
339,1168,1507,0.1388
335,1182,1517,0.1388
337,1185,1522,0.1388
335,1191,1526,0.1388
331,1188,1519,0.1388
333,1185,1518,0.1388
329,1186,1515,0.1388
329,1184,1513,0.1388
332,1184,1516,0.1388
331,1186,1517,0.1388
333,1185,1518,0.1388
334,1180,1514,0.1388
337,1168,1505,0.1388
340,1170,1510,0.1388
337,1176,1513,0.1388
340,1178,1518,0.1388
338,1183,1521,0.1388
334,1179,1513,0.1388
330,1180,1510,0.1388
332,1176,1508,0.1388
325,1184,1509,0.1388
323,1188,1511,0.1388
327,1188,1515,0.1388
328,1196,1524,0.1388
318,1201,1519,0.1388
319,1200,1519,0.1388
319,1201,1520,0.1388
322,1205,1527,0.1388
322,1203,1525,0.1388
321,1188,1509,0.1388
324,1182,1506,0.1388
330,1184,1514,0.1388
329,1189,1518,0.1388
325,1177,1502,0.1388
322,1168,1490,0.1388
318,1170,1488,0.1388
325,1177,1502,0.1388
325,1191,1516,0.1388
324,1187,1511,0.1388
326,1192,1518,0.1388
328,1189,1517,0.1388
332,1184,1516,0.1388
332,1184,1516,0.1388
335,1189,1524,0.1388
334,1187,1521,0.1388
329,1188,1517,0.1388
328,1182,1510,0.1388
327,1186,1513,0.1388
325,1189,1514,0.1388
324,1182,1506,0.1388
335,1185,1520,0.1388
334,1188,1522,0.1388
330,1185,1515,0.1388
326,1175,1501,0.1388
333,1181,1514,0.1388
337,1187,1524,0.1388
330,1183,1513,0.1388
332,1182,1514,0.1388
334,1176,1510,0.1388
338,1187,1525,0.1388
338,1181,1519,0.1388
336,1196,1532,0.1388
335,1201,1536,0.1388
330,1199,1529,0.1388
333,1190,1523,0.1388
334,1186,1520,0.1388
331,1189,1520,0.1388
333,1188,1521,0.1388
334,1180,1514,0.1388
330,1169,1499,0.1388
333,1173,1506,0.1388
335,1167,1502,0.1388
333,1185,1518,0.1388
326,1175,1501,0.1388
319,1187,1506,0.1388
318,1190,1508,0.1388
314,1196,1510,0.1388
319,1194,1513,0.1388
316,1194,1510,0.1388
316,1183,1499,0.1388
320,1194,1514,0.1388
322,1201,1523,0.1388
322,1201,1523,0.1388
318,1201,1519,0.1388
326,1196,1522,0.1388
325,1193,1518,0.1388
326,1189,1515,0.1388
323,1195,1518,0.1388
321,1186,1507,0.1388
322,1198,1520,0.1388
320,1197,1517,0.1388
317,1197,1514,0.1388
315,1209,1524,0.1388
308,1201,1509,0.1388
308,1208,1516,0.1388
308,1193,1501,0.1388
307,1208,1515,0.1388
319,1206,1525,0.1388
322,1197,1519,0.1388
320,1200,1520,0.1388
315,1204,1519,0.1388
309,1195,1504,0.1388
308,1196,1504,0.1388
314,1189,1503,0.1388
314,1189,1503,0.1388
310,1201,1511,0.1388
300,1191,1491,0.1388
304,1193,1497,0.1388
295,1196,1491,0.1388
304,1191,1495,0.1388
306,1206,1512,0.1388
312,1202,1514,0.1388
307,1196,1503,0.1388
312,1197,1509,0.1388
313,1195,1508,0.1388
307,1198,1505,0.1388
305,1193,1498,0.1388
298,1203,1501,0.1388
300,1206,1506,0.1388
303,1204,1507,0.1388
309,1200,1509,0.1388
300,1209,1509,0.1388
299,1205,1504,0.1388
301,1198,1499,0.1388
303,1198,1501,0.1388
300,1210,1510,0.1388
302,1213,1515,0.1388
302,1218,1520,0.1388
295,1220,1515,0.1388
298,1223,1521,0.1388
298,1220,1518,0.1388
298,1229,1527,0.1388
297,1228,1525,0.1388
297,1218,1515,0.1388
300,1216,1516,0.1388
297,1214,1511,0.1388
292,1214,1506,0.1388
288,1215,1503,0.1388
285,1228,1513,0.1388
286,1235,1521,0.1388
289,1239,1528,0.1388
292,1226,1518,0.1388
287,1233,1520,0.1388
283,1219,1502,0.1388
285,1229,1514,0.1388
286,1226,1512,0.1388
291,1233,1524,0.1388
287,1227,1514,0.1388
284,1239,1523,0.1388
284,1229,1513,0.1388
285,1223,1508,0.1388
282,1228,1510,0.1388
282,1230,1512,0.1388
276,1236,1512,0.1388
280,1230,1510,0.1388
282,1219,1501,0.1388
278,1218,1496,0.1388
275,1224,1499,0.1388
277,1226,1503,0.1388
279,1230,1509,0.1388
279,1233,1512,0.1388
277,1240,1517,0.1388
281,1222,1503,0.1388
279,1223,1502,0.1388
278,1221,1499,0.1388
280,1217,1497,0.1388
282,1216,1498,0.1388
278,1223,1501,0.1388
282,1225,1507,0.1388
287,1239,1526,0.1388
285,1233,1518,0.1388
282,1229,1511,0.1388
278,1240,1518,0.1388
274,1225,1499,0.1388
272,1227,1499,0.1388
279,1228,1507,0.1388
285,1224,1509,0.1388
287,1230,1517,0.1388
288,1230,1518,0.1388
287,1234,1521,0.1388
289,1219,1508,0.1388
286,1211,1497,0.1388
287,1217,1504,0.1388
283,1222,1505,0.1388
282,1216,1498,0.1388
285,1212,1497,0.1388
294,1220,1514,0.1388
293,1234,1527,0.1388
297,1224,1521,0.1388
294,1240,1534,0.1388
296,1236,1532,0.1388
298,1232,1530,0.1388
293,1229,1522,0.1388
295,1219,1514,0.1388
293,1222,1515,0.1388
292,1226,1518,0.1388
295,1224,1519,0.1388
292,1219,1511,0.1388
295,1217,1512,0.1388
293,1206,1499,0.1388
289,1230,1519,0.1388
289,1236,1525,0.1388
286,1228,1514,0.1388
284,1225,1509,0.1388
284,1219,1503,0.1388
281,1225,1506,0.1388
285,1227,1512,0.1388
284,1234,1518,0.1388
287,1227,1514,0.1388
289,1228,1517,0.1388
287,1231,1518,0.1388
284,1233,1517,0.1388
285,1232,1517,0.1388
278,1232,1510,0.1388
274,1230,1504,0.1388
270,1223,1493,0.1388
274,1237,1511,0.1388
274,1237,1511,0.1388
280,1239,1519,0.1388
280,1246,1526,0.1388
278,1237,1515,0.1388
268,1239,1507,0.1388
272,1242,1514,0.1388
274,1235,1509,0.1388
277,1227,1504,0.1388
278,1234,1512,0.1388
274,1241,1515,0.1388
276,1239,1515,0.1388
273,1234,1507,0.1388
273,1236,1509,0.1388
276,1248,1524,0.1388
278,1241,1519,0.1388
274,1237,1511,0.1388
272,1242,1514,0.1388
269,1243,1512,0.1388
268,1234,1502,0.1388
271,1239,1510,0.1388
274,1238,1512,0.1388
274,1242,1516,0.1388
271,1237,1508,0.1388
274,1241,1515,0.1388
275,1240,1515,0.1388
279,1240,1519,0.1388
276,1236,1512,0.1388
273,1242,1515,0.1388
274,1248,1522,0.1388
267,1250,1517,0.1388
264,1245,1509,0.1388
264,1240,1504,0.1388
267,1234,1501,0.1388
275,1226,1501,0.1388
274,1234,1508,0.1388
274,1227,1501,0.1388
273,1237,1510,0.1388
272,1229,1501,0.1388
272,1243,1515,0.1388
270,1242,1512,0.1388
265,1245,1510,0.1388
264,1253,1517,0.1388
264,1251,1515,0.1388
254,1250,1504,0.1388
252,1246,1498,0.1388
255,1251,1506,0.1388
252,1256,1508,0.1388
251,1258,1509,0.1388
257,1255,1512,0.1388
253,1261,1514,0.1388
251,1247,1498,0.1388
251,1250,1501,0.1388
256,1262,1518,0.1388
254,1265,1519,0.1388
250,1249,1499,0.1388
248,1255,1503,0.1388
251,1258,1509,0.1388
252,1257,1509,0.1388
255,1262,1517,0.1388
251,1262,1513,0.1388
252,1258,1510,0.1388
251,1260,1511,0.1388
250,1235,1485,0.1388
255,1232,1487,0.1388
255,1246,1501,0.1388
254,1254,1508,0.1388
252,1252,1504,0.1388
252,1257,1509,0.1388
251,1268,1519,0.1388
251,1257,1508,0.1388
257,1259,1516,0.1388
252,1271,1523,0.1388
245,1278,1523,0.1388
241,1275,1516,0.1388
245,1265,1510,0.1388
246,1269,1515,0.1388
245,1266,1511,0.1388
246,1256,1502,0.1388
242,1261,1503,0.1388
242,1263,1505,0.1388
242,1262,1504,0.1388
243,1260,1503,0.1388
242,1261,1503,0.1388
245,1268,1513,0.1388
238,1271,1509,0.1388
240,1266,1506,0.1388
241,1268,1509,0.1388
239,1270,1509,0.1388
242,1263,1505,0.1388
244,1272,1516,0.1388
242,1272,1514,0.1388
240,1275,1515,0.1388
242,1268,1510,0.1388
240,1270,1510,0.1388
243,1267,1510,0.1388
246,1264,1510,0.1388
246,1267,1513,0.1388
243,1277,1520,0.1388
248,1261,1509,0.1388
246,1263,1509,0.1388
242,1257,1499,0.1388
239,1264,1503,0.1388
240,1268,1508,0.1388
235,1260,1495,0.1388
242,1265,1507,0.1388
241,1261,1502,0.1388
241,1271,1512,0.1388
247,1273,1520,0.1388
245,1275,1520,0.1388
240,1277,1517,0.1388
241,1278,1519,0.1388
244,1267,1511,0.1388
240,1267,1507,0.1388
246,1268,1514,0.1388
243,1259,1502,0.1388
239,1260,1499,0.1388
238,1270,1508,0.1388
239,1271,1510,0.1388
247,1260,1507,0.1388
242,1256,1498,0.1388
245,1272,1517,0.1388
243,1262,1505,0.1388
246,1270,1516,0.1388
247,1283,1530,0.1388
249,1276,1525,0.1388
250,1272,1522,0.1388
245,1270,1515,0.1388
245,1277,1522,0.1388
242,1274,1516,0.1388
238,1281,1519,0.1388
243,1280,1523,0.1388
244,1276,1520,0.1388
240,1277,1517,0.1388
245,1272,1517,0.1388
244,1275,1519,0.1388
245,1264,1509,0.1388
242,1274,1516,0.1388
238,1265,1503,0.1388
240,1263,1503,0.1388
237,1267,1504,0.1388
237,1268,1505,0.1388
233,1278,1511,0.1388
231,1271,1502,0.1388
229,1278,1507,0.1388
231,1271,1502,0.1388
227,1280,1507,0.1388
230,1278,1508,0.1388
229,1291,1520,0.1388
223,1281,1504,0.1388
226,1285,1511,0.1388
231,1297,1528,0.1388
233,1291,1524,0.1388
235,1286,1521,0.1388
237,1274,1511,0.1388
234,1289,1523,0.1388
236,1278,1514,0.1388
240,1279,1519,0.1388
241,1268,1509,0.1388
243,1275,1518,0.1388
244,1274,1518,0.1388
235,1263,1498,0.1388
238,1269,1507,0.1388
239,1286,1525,0.1388
236,1289,1525,0.1388
238,1283,1521,0.1388
239,1287,1526,0.1388
237,1290,1527,0.1388
233,1279,1512,0.1388
237,1298,1535,0.1388
232,1289,1521,0.1388
231,1277,1508,0.1388
224,1287,1511,0.1388
223,1280,1503,0.1388
220,1273,1493,0.1388
220,1284,1504,0.1388
220,1284,1504,0.1388
221,1279,1500,0.1388
224,1278,1502,0.1388
222,1290,1512,0.1388
221,1284,1505,0.1388
223,1291,1514,0.1388
223,1302,1525,0.1388
218,1300,1518,0.1388
216,1298,1514,0.1388
215,1308,1523,0.1388
214,1303,1517,0.1388
210,1296,1506,0.1388
217,1293,1510,0.1388
216,1286,1502,0.1388
215,1302,1517,0.1388
212,1305,1517,0.1388
211,1306,1517,0.1388
214,1311,1525,0.1388
215,1298,1513,0.1388
215,1296,1511,0.1388
214,1293,1507,0.1388
213,1303,1516,0.1388
219,1288,1507,0.1388
216,1288,1504,0.1388
215,1278,1493,0.1388
222,1280,1502,0.1388
223,1286,1509,0.1388
218,1276,1494,0.1388
214,1285,1499,0.1388
218,1273,1491,0.1388
224,1280,1504,0.1388
224,1274,1498,0.1388
222,1263,1485,0.1388
225,1276,1501,0.1388
225,1289,1514,0.1388
227,1284,1511,0.1388
226,1278,1504,0.1388
223,1283,1506,0.1388
226,1281,1507,0.1388
229,1275,1504,0.1388
227,1277,1504,0.1388
226,1272,1498,0.1388
222,1286,1508,0.1388
220,1284,1504,0.1388
223,1278,1501,0.1388
225,1274,1499,0.1388
228,1283,1511,0.1388
231,1292,1523,0.1388
227,1292,1519,0.1388
229,1271,1500,0.1388
225,1279,1504,0.1388
229,1279,1508,0.1388
228,1283,1511,0.1388
220,1281,1501,0.1388
221,1284,1505,0.1388
220,1283,1503,0.1388
216,1285,1501,0.1388
218,1289,1507,0.1388
220,1281,1501,0.1388
216,1288,1504,0.1388
221,1287,1508,0.1388
220,1292,1512,0.1388
213,1290,1503,0.1388
215,1291,1506,0.1388
212,1283,1495,0.1388
215,1284,1499,0.1388
214,1285,1499,0.1388
218,1291,1509,0.1388
217,1281,1498,0.1388
215,1277,1492,0.1388
213,1285,1498,0.1388
214,1289,1503,0.1388
210,1300,1510,0.1388
213,1292,1505,0.1388
210,1295,1505,0.1388
215,1284,1499,0.1388
216,1285,1501,0.1388
214,1288,1502,0.1388
209,1294,1503,0.1388
212,1287,1499,0.1388
217,1284,1501,0.1388
216,1292,1508,0.1388
215,1307,1522,0.1388
213,1317,1530,0.1388
204,1306,1510,0.1388
202,1316,1518,0.1388
206,1305,1511,0.1388
203,1310,1513,0.1388
196,1297,1493,0.1388
199,1295,1494,0.1388
198,1300,1498,0.1388
197,1305,1502,0.1388
201,1319,1520,0.1388
196,1314,1510,0.1388
191,1310,1501,0.1388
195,1320,1515,0.1388
196,1329,1525,0.1388
196,1338,1534,0.1388
194,1334,1528,0.1388
187,1320,1507,0.1388
186,1326,1512,0.1388
189,1336,1525,0.1388
191,1337,1528,0.1388
193,1328,1521,0.1388
197,1332,1529,0.1388
195,1327,1522,0.1388
197,1323,1520,0.1388
196,1326,1522,0.1388
198,1321,1519,0.1388
197,1325,1522,0.1388
194,1330,1524,0.1388
188,1321,1509,0.1388
186,1329,1515,0.1388
189,1331,1520,0.1388
188,1329,1517,0.1388
189,1331,1520,0.1388
184,1330,1514,0.1388
185,1343,1528,0.1388
184,1343,1527,0.1388
175,1327,1502,0.1388
175,1330,1505,0.1388
174,1338,1512,0.1388
179,1336,1515,0.1388
178,1323,1501,0.1388
177,1332,1509,0.1388
177,1333,1510,0.1388
177,1330,1507,0.1388
178,1333,1511,0.1388
177,1339,1516,0.1388
180,1333,1513,0.1388
181,1334,1515,0.1388
183,1336,1519,0.1388
181,1332,1513,0.1388
176,1338,1514,0.1388
174,1325,1499,0.1388
171,1329,1500,0.1388
174,1322,1496,0.1388
173,1326,1499,0.1388
173,1329,1502,0.1388
168,1333,1501,0.1388
167,1326,1493,0.1388
168,1336,1504,0.1388
167,1341,1508,0.1388
169,1348,1517,0.1388
169,1349,1518,0.1388
164,1351,1515,0.1388
160,1349,1509,0.1388
163,1352,1515,0.1388
165,1353,1518,0.1388
165,1350,1515,0.1388
165,1346,1511,0.1388
165,1342,1507,0.1388
165,1349,1514,0.1388
161,1350,1511,0.1388
159,1357,1516,0.1388
159,1358,1517,0.1388
159,1356,1515,0.1388
158,1350,1508,0.1388
160,1355,1515,0.1388
161,1346,1507,0.1388
159,1355,1514,0.1388
160,1360,1520,0.1388
163,1360,1523,0.1388
160,1356,1516,0.1388
161,1362,1523,0.1388
159,1362,1521,0.1388
154,1350,1504,0.1388
155,1352,1507,0.1388
156,1348,1504,0.1388
158,1347,1505,0.1388
158,1345,1503,0.1388
158,1351,1509,0.1388
156,1343,1499,0.1388
155,1349,1504,0.1388
156,1357,1513,0.1388
160,1361,1521,0.1388
157,1357,1514,0.1388
154,1347,1501,0.1388
154,1354,1508,0.1388
157,1369,1526,0.1388
154,1361,1515,0.1388
154,1353,1507,0.1388
157,1349,1506,0.1388
157,1340,1497,0.1388
156,1354,1510,0.1388
155,1362,1517,0.1388
153,1359,1512,0.1388
155,1364,1519,0.1388
154,1366,1520,0.1388
153,1378,1531,0.1388
153,1378,1531,0.1388
152,1385,1537,0.1388
154,1375,1529,0.1388
152,1368,1520,0.1388
147,1363,1510,0.1388
151,1364,1515,0.1388
155,1361,1516,0.1388
156,1364,1520,0.1388
157,1372,1529,0.1388
154,1370,1524,0.1388
154,1375,1529,0.1388
153,1355,1508,0.1388
150,1373,1523,0.1388
147,1377,1524,0.1388
145,1375,1520,0.1388
147,1363,1510,0.1388
150,1362,1512,0.1388
149,1377,1526,0.1388
152,1373,1525,0.1388
150,1365,1515,0.1388
148,1359,1507,0.1388
151,1371,1522,0.1388
153,1371,1524,0.1388
150,1366,1516,0.1388
149,1379,1528,0.1388
150,1380,1530,0.1388
147,1375,1522,0.1388
147,1372,1519,0.1388
146,1366,1512,0.1388
144,1361,1505,0.1388
143,1352,1495,0.1388
142,1360,1502,0.1388
143,1363,1506,0.1388
145,1361,1506,0.1388
146,1362,1508,0.1388
146,1373,1519,0.1388
145,1370,1515,0.1388
146,1363,1509,0.1388
137,1369,1506,0.1388
141,1363,1504,0.1388
142,1370,1512,0.1388
141,1351,1492,0.1388
143,1353,1496,0.1388
144,1360,1504,0.1388
148,1358,1506,0.1388
149,1365,1514,0.1388
145,1360,1505,0.1388
141,1365,1506,0.1388
140,1366,1506,0.1388
141,1361,1502,0.1388
138,1344,1482,0.1388
136,1363,1499,0.1388
134,1362,1496,0.1388
137,1365,1502,0.1388
137,1364,1501,0.1388
142,1372,1514,0.1388
146,1369,1515,0.1388
146,1364,1510,0.1388
144,1362,1506,0.1388
145,1367,1512,0.1388
141,1362,1503,0.1388
146,1378,1524,0.1388
145,1375,1520,0.1388
149,1365,1514,0.1388
149,1364,1513,0.1388
150,1360,1510,0.1388
150,1368,1518,0.1388
147,1379,1526,0.1388
146,1360,1506,0.1388
148,1361,1509,0.1388
149,1363,1512,0.1388
147,1374,1521,0.1388
145,1381,1526,0.1388
145,1364,1509,0.1388
148,1372,1520,0.1388
146,1373,1519,0.1388
146,1381,1527,0.1388
142,1390,1532,0.1388
142,1378,1520,0.1388
139,1395,1534,0.1388
137,1376,1513,0.1388
136,1366,1502,0.1388
136,1369,1505,0.1388
141,1359,1500,0.1388
143,1371,1514,0.1388
141,1375,1516,0.1388
143,1379,1522,0.1388
146,1379,1525,0.1388
142,1385,1527,0.1388
142,1388,1530,0.1388
142,1369,1511,0.1388
140,1363,1503,0.1388
140,1367,1507,0.1388
141,1373,1514,0.1388
136,1364,1500,0.1388
134,1362,1496,0.1388
132,1366,1498,0.1388
131,1373,1504,0.1388
129,1381,1510,0.1388
131,1372,1503,0.1388
133,1378,1511,0.1388
132,1368,1500,0.1388
134,1365,1499,0.1388
134,1375,1509,0.1388
133,1368,1501,0.1388
134,1372,1506,0.1388
133,1383,1516,0.1388
134,1388,1522,0.1388
134,1402,1536,0.1388
137,1400,1537,0.1388
133,1383,1516,0.1388
128,1383,1511,0.1388
123,1381,1504,0.1388
127,1386,1513,0.1388
129,1391,1520,0.1388
129,1385,1514,0.1388
132,1384,1516,0.1388
133,1390,1523,0.1388
134,1387,1521,0.1388
136,1380,1516,0.1388
132,1393,1525,0.1388
132,1392,1524,0.1388
129,1394,1523,0.1388
129,1404,1533,0.1388
123,1393,1516,0.1388
126,1381,1507,0.1388
124,1383,1507,0.1388
126,1378,1504,0.1388
128,1379,1507,0.1388
128,1386,1514,0.1388
127,1380,1507,0.1388
127,1388,1515,0.1388
129,1382,1511,0.1388
125,1385,1510,0.1388
125,1402,1527,0.1388
128,1406,1534,0.1388
127,1407,1534,0.1388
129,1409,1538,0.1388
129,1410,1539,0.1388
127,1398,1525,0.1388
125,1391,1516,0.1388
125,1387,1512,0.1388
124,1384,1508,0.1388
121,1389,1510,0.1388
121,1389,1510,0.1388
121,1389,1510,0.1388
121,1393,1514,0.1388
119,1404,1523,0.1388
117,1396,1513,0.1388
109,1389,1498,0.1388
107,1409,1516,0.1388
108,1410,1518,0.1388
108,1404,1512,0.1388
106,1407,1513,0.1388
102,1415,1517,0.1388
99,1416,1515,0.1388
100,1417,1517,0.1388
99,1414,1513,0.1388
99,1402,1501,0.1388
99,1412,1511,0.1388
98,1425,1523,0.1388
99,1426,1525,0.1388
97,1421,1518,0.1388
95,1421,1516,0.1388
96,1430,1526,0.1388
94,1429,1523,0.1388
96,1417,1513,0.1388
96,1411,1507,0.1388
99,1413,1512,0.1388
100,1419,1519,0.1388
98,1421,1519,0.1388
100,1429,1529,0.1388
102,1423,1525,0.1388
98,1417,1515,0.1388
95,1407,1502,0.1388
95,1417,1512,0.1388
98,1413,1511,0.1388
97,1413,1510,0.1388
98,1423,1521,0.1388
96,1422,1518,0.1388
94,1410,1504,0.1388
93,1413,1506,0.1388
91,1413,1504,0.1388
94,1415,1509,0.1388
94,1427,1521,0.1388
93,1421,1514,0.1388
93,1417,1510,0.1388
96,1422,1518,0.1388
98,1427,1525,0.1388
97,1431,1528,0.1388
95,1426,1521,0.1388
95,1426,1521,0.1388
93,1428,1521,0.1388
94,1429,1523,0.1388
95,1432,1527,0.1388
98,1414,1512,0.1388
97,1415,1512,0.1388
99,1423,1522,0.1388
101,1411,1512,0.1388
101,1425,1526,0.1388
102,1425,1527,0.1388
104,1412,1516,0.1388
104,1413,1517,0.1388
105,1421,1526,0.1388
107,1417,1524,0.1388
108,1415,1523,0.1388
107,1399,1506,0.1388
104,1404,1508,0.1388
106,1407,1513,0.1388
107,1410,1517,0.1388
107,1422,1529,0.1388
107,1413,1520,0.1388
105,1396,1501,0.1388
102,1407,1509,0.1388
99,1415,1514,0.1388
97,1420,1517,0.1388
94,1428,1522,0.1388
93,1422,1515,0.1388
95,1426,1521,0.1388
97,1418,1515,0.1388
93,1423,1516,0.1388
93,1424,1517,0.1388
90,1421,1511,0.1388
90,1430,1520,0.1388
89,1422,1511,0.1388
89,1411,1500,0.1388
89,1417,1506,0.1388
89,1409,1498,0.1388
89,1418,1507,0.1388
86,1425,1511,0.1388
87,1433,1520,0.1388
86,1415,1501,0.1388
87,1420,1507,0.1388
87,1430,1517,0.1388
89,1432,1521,0.1388
88,1434,1522,0.1388
84,1450,1534,0.1388
84,1447,1531,0.1388
85,1448,1533,0.1388
86,1435,1521,0.1388
85,1429,1514,0.1388
83,1434,1517,0.1388
83,1418,1501,0.1388
86,1419,1505,0.1388
89,1418,1507,0.1388
89,1429,1518,0.1388
90,1419,1509,0.1388
90,1419,1509,0.1388
93,1428,1521,0.1388
92,1428,1520,0.1388
90,1432,1522,0.1388
91,1427,1518,0.1388
93,1432,1525,0.1388
92,1429,1521,0.1388
91,1439,1530,0.1388
90,1434,1524,0.1388
92,1424,1516,0.1388
91,1436,1527,0.1388
89,1429,1518,0.1388
94,1424,1518,0.1388
93,1424,1517,0.1388
85,1424,1509,0.1388
87,1434,1521,0.1388
85,1429,1514,0.1388
90,1425,1515,0.1388
89,1413,1502,0.1388
89,1423,1512,0.1388
91,1423,1514,0.1388
94,1429,1523,0.1388
94,1420,1514,0.1388
96,1429,1525,0.1388
96,1430,1526,0.1388
96,1429,1525,0.1388
97,1429,1526,0.1388
97,1410,1507,0.1388
99,1424,1523,0.1388
96,1431,1527,0.1388
93,1435,1528,0.1388
95,1422,1517,0.1388
95,1413,1508,0.1388
95,1419,1514,0.1388
95,1422,1517,0.1388
96,1413,1509,0.1388
97,1428,1525,0.1388
95,1414,1509,0.1388
96,1426,1522,0.1388
97,1428,1525,0.1388
96,1428,1524,0.1388
93,1416,1509,0.1388
95,1433,1528,0.1388
91,1438,1529,0.1388
92,1423,1515,0.1388
93,1425,1518,0.1388
97,1415,1512,0.1388
92,1407,1499,0.1388
94,1404,1498,0.1388
96,1410,1506,0.1388
98,1422,1520,0.1388
98,1421,1519,0.1388
98,1424,1522,0.1388
97,1423,1520,0.1388
97,1417,1514,0.1388
98,1412,1510,0.1388
97,1411,1508,0.1388
99,1412,1511,0.1388
97,1407,1504,0.1388
95,1411,1506,0.1388
96,1407,1503,0.1388
98,1405,1503,0.1388
102,1418,1520,0.1388
101,1422,1523,0.1388
99,1419,1518,0.1388
98,1410,1508,0.1388
100,1408,1508,0.1388
101,1408,1509,0.1388
102,1406,1508,0.1388
100,1407,1507,0.1388
102,1415,1517,0.1388
100,1417,1517,0.1388
99,1411,1510,0.1388
95,1412,1507,0.1388
95,1415,1510,0.1388
96,1417,1513,0.1388
95,1415,1510,0.1388
96,1420,1516,0.1388
94,1425,1519,0.1388
91,1431,1522,0.1388
91,1431,1522,0.1388
91,1437,1528,0.1388
92,1431,1523,0.1388
92,1435,1527,0.1388
92,1422,1514,0.1388
92,1424,1516,0.1388
92,1419,1511,0.1388
91,1421,1512,0.1388
91,1428,1519,0.1388
93,1429,1522,0.1388
94,1436,1530,0.1388
88,1433,1521,0.1388
88,1446,1534,0.1388
85,1448,1533,0.1388
88,1436,1524,0.1388
86,1421,1507,0.1388
86,1418,1504,0.1388
87,1423,1510,0.1388
90,1427,1517,0.1388
88,1432,1520,0.1388
84,1450,1534,0.1388
86,1443,1529,0.1388
85,1444,1529,0.1388
81,1429,1510,0.1388
86,1421,1507,0.1388
88,1421,1509,0.1388
88,1417,1505,0.1388
88,1410,1498,0.1388
86,1423,1509,0.1388
83,1432,1515,0.1388
83,1427,1510,0.1388
85,1423,1508,0.1388
80,1428,1508,0.1388
79,1430,1509,0.1388
77,1428,1505,0.1388
74,1435,1509,0.1388
76,1434,1510,0.1388
73,1446,1519,0.1388
72,1444,1516,0.1388
73,1448,1521,0.1388
76,1457,1533,0.1388
77,1456,1533,0.1388
78,1448,1526,0.1388
75,1446,1521,0.1388
75,1444,1519,0.1388
76,1441,1517,0.1388
76,1434,1510,0.1388
75,1432,1507,0.1388
75,1432,1507,0.1388
72,1442,1514,0.1388
75,1439,1514,0.1388
75,1432,1507,0.1388
79,1443,1522,0.1388
77,1429,1506,0.1388
76,1433,1509,0.1388
75,1438,1513,0.1388
76,1452,1528,0.1388
74,1444,1518,0.1388
75,1449,1524,0.1388
75,1447,1522,0.1388
76,1437,1513,0.1388
77,1425,1502,0.1388
76,1440,1516,0.1388
75,1435,1510,0.1388
72,1436,1508,0.1388
70,1439,1509,0.1388
70,1452,1522,0.1388
70,1443,1513,0.1388
70,1437,1507,0.1388
74,1431,1505,0.1388
78,1426,1504,0.1388
78,1436,1514,0.1388
76,1416,1492,0.1388
81,1425,1506,0.1388
81,1427,1508,0.1388
78,1433,1511,0.1388
77,1418,1495,0.1388
74,1417,1491,0.1388
75,1433,1508,0.1388
79,1427,1506,0.1388
79,1437,1516,0.1388
79,1424,1503,0.1388
77,1422,1499,0.1388
77,1434,1511,0.1388
74,1444,1518,0.1388
77,1448,1525,0.1388
78,1440,1518,0.1388
79,1442,1521,0.1388
81,1445,1526,0.1388
77,1444,1521,0.1388
78,1438,1516,0.1388
75,1433,1508,0.1388
73,1443,1516,0.1388
75,1444,1519,0.1388
76,1445,1521,0.1388
77,1450,1527,0.1388
78,1448,1526,0.1388
77,1444,1521,0.1388
72,1433,1505,0.1388
71,1436,1507,0.1388
75,1445,1520,0.1388
76,1431,1507,0.1388
77,1433,1510,0.1388
82,1438,1520,0.1388
81,1439,1520,0.1388
82,1439,1521,0.1388
86,1444,1530,0.1388
84,1451,1535,0.1388
84,1438,1522,0.1388
84,1436,1520,0.1388
81,1434,1515,0.1388
75,1433,1508,0.1388
76,1443,1519,0.1388
74,1447,1521,0.1388
75,1447,1522,0.1388
75,1431,1506,0.1388
77,1437,1514,0.1388
79,1442,1521,0.1388
75,1424,1499,0.1388
74,1444,1518,0.1388
78,1436,1514,0.1388
76,1446,1522,0.1388
76,1440,1516,0.1388
78,1449,1527,0.1388
76,1460,1536,0.1388
78,1441,1519,0.1388
78,1438,1516,0.1388
75,1431,1506,0.1388
75,1431,1506,0.1388
73,1438,1511,0.1388
71,1438,1509,0.1388
71,1451,1522,0.1388
74,1441,1515,0.1388
75,1433,1508,0.1388
71,1438,1509,0.1388
72,1442,1514,0.1388
71,1434,1505,0.1388
73,1435,1508,0.1388
73,1436,1509,0.1388
72,1440,1512,0.1388
73,1441,1514,0.1388
71,1451,1522,0.1388
69,1445,1514,0.1388
71,1444,1515,0.1388
70,1444,1514,0.1388
69,1456,1525,0.1388
69,1452,1521,0.1388
69,1442,1511,0.1388
66,1445,1511,0.1388
64,1447,1511,0.1388
66,1433,1499,0.1388
68,1450,1518,0.1388
70,1443,1513,0.1388
70,1451,1521,0.1388
71,1446,1517,0.1388
70,1457,1527,0.1388
70,1454,1524,0.1388
70,1456,1526,0.1388
68,1457,1525,0.1388
66,1462,1528,0.1388
67,1458,1525,0.1388
67,1451,1518,0.1388
67,1452,1519,0.1388
66,1452,1518,0.1388
64,1443,1507,0.1388
63,1442,1505,0.1388
64,1447,1511,0.1388
66,1456,1522,0.1388
64,1466,1530,0.1388
64,1454,1518,0.1388
63,1464,1527,0.1388
61,1461,1522,0.1388
61,1463,1524,0.1388
62,1460,1522,0.1388
63,1467,1530,0.1388
63,1463,1526,0.1388
64,1451,1515,0.1388
63,1454,1517,0.1388
58,1471,1529,0.1388
55,1473,1528,0.1388
56,1480,1536,0.1388
58,1466,1524,0.1388
58,1462,1520,0.1388
54,1457,1511,0.1388
54,1464,1518,0.1388
51,1462,1513,0.1388
52,1467,1519,0.1388
49,1465,1514,0.1388
50,1462,1512,0.1388
51,1467,1518,0.1388
52,1448,1500,0.1388
52,1446,1498,0.1388
50,1465,1515,0.1388
48,1453,1501,0.1388
50,1452,1502,0.1388
49,1457,1506,0.1388
49,1475,1524,0.1388
50,1477,1527,0.1388
50,1469,1519,0.1388
53,1454,1507,0.1388
55,1460,1515,0.1388
53,1450,1503,0.1388
52,1448,1500,0.1388
53,1453,1506,0.1388
52,1466,1518,0.1388
52,1463,1515,0.1388
52,1462,1514,0.1388
50,1459,1509,0.1388
51,1466,1517,0.1388
49,1459,1508,0.1388
48,1461,1509,0.1388
47,1465,1512,0.1388
44,1462,1506,0.1388
44,1467,1511,0.1388
46,1468,1514,0.1388
48,1472,1520,0.1388
49,1469,1518,0.1388
47,1479,1526,0.1388
48,1472,1520,0.1388
49,1471,1520,0.1388
49,1476,1525,0.1388
47,1473,1520,0.1388
49,1480,1529,0.1388
48,1474,1522,0.1388
48,1462,1510,0.1388
49,1460,1509,0.1388
50,1469,1519,0.1388
50,1467,1517,0.1388
49,1469,1518,0.1388
46,1457,1503,0.1388
45,1465,1510,0.1388
45,1451,1496,0.1388
42,1468,1510,0.1388
43,1480,1523,0.1388
43,1473,1516,0.1388
43,1468,1511,0.1388
42,1465,1507,0.1388
41,1458,1499,0.1388
44,1446,1490,0.1388
47,1456,1503,0.1388
47,1472,1519,0.1388
45,1492,1537,0.1388
45,1474,1519,0.1388
43,1474,1517,0.1388
43,1469,1512,0.1388
44,1472,1516,0.1388
43,1477,1520,0.1388
41,1472,1513,0.1388
42,1488,1530,0.1388
39,1484,1523,0.1388
38,1484,1522,0.1388
37,1485,1522,0.1388
38,1479,1517,0.1388
37,1475,1512,0.1388
35,1476,1511,0.1388
34,1481,1515,0.1388
33,1478,1511,0.1388
33,1478,1511,0.1388
33,1474,1507,0.1388
34,1462,1496,0.1388
36,1469,1505,0.1388
33,1487,1520,0.1388
31,1474,1505,0.1388
28,1472,1500,0.1388
28,1459,1487,0.1388
26,1467,1493,0.1388
25,1488,1513,0.1388
24,1492,1516,0.1388
22,1484,1506,0.1388
21,1483,1504,0.1388
21,1483,1504,0.1388
21,1480,1501,0.1388
21,1478,1499,0.1388
22,1491,1513,0.1388
24,1485,1509,0.1388
25,1501,1526,0.1388
23,1498,1521,0.1388
24,1498,1522,0.1388
25,1497,1522,0.1388
25,1485,1510,0.1388
24,1495,1519,0.1388
23,1485,1508,0.1388
22,1498,1520,0.1388
23,1505,1528,0.1388
23,1506,1529,0.1388
23,1513,1536,0.1388
22,1519,1541,0.1388
21,1513,1534,0.1388
21,1524,1545,0.1388
19,1519,1538,0.1388
19,1519,1538,0.1388
19,1520,1539,0.1388
18,1509,1527,0.1388
18,1501,1519,0.1388
19,1507,1526,0.1388
18,1506,1524,0.1388
18,1501,1519,0.1388
17,1496,1513,0.1388
16,1505,1521,0.1388
15,1491,1506,0.1388
15,1495,1510,0.1388
15,1498,1513,0.1388
15,1499,1514,0.1388
15,1486,1501,0.1388
15,1490,1505,0.1388
15,1487,1502,0.1388
16,1486,1502,0.1388
14,1496,1510,0.1388
14,1496,1510,0.1388
14,1507,1521,0.1388
16,1486,1502,0.1388
16,1498,1514,0.1388
16,1510,1526,0.1388
16,1508,1524,0.1388
15,1503,1518,0.1388
14,1497,1511,0.1388
12,1504,1516,0.1388
13,1500,1513,0.1388
12,1515,1527,0.1388
11,1514,1525,0.1388
11,1510,1521,0.1388
11,1504,1515,0.1388
12,1517,1529,0.1388
12,1521,1533,0.1388
12,1524,1536,0.1388
12,1519,1531,0.1388
12,1509,1521,0.1388
11,1513,1524,0.1388
11,1509,1520,0.1388
12,1508,1520,0.1388
12,1512,1524,0.1388
12,1498,1510,0.1388
11,1496,1507,0.1388
11,1494,1505,0.1388
11,1497,1508,0.1388
10,1503,1513,0.1388
10,1513,1523,0.1388
10,1521,1531,0.1388
10,1512,1522,0.1388
10,1510,1520,0.1388
9,1510,1519,0.1388
9,1514,1523,0.1388
9,1513,1522,0.1388
9,1515,1524,0.1388
9,1525,1534,0.1388
9,1531,1540,0.1388
8,1523,1531,0.1388
8,1515,1523,0.1388
8,1509,1517,0.1388
8,1508,1516,0.1388
8,1511,1519,0.1388
8,1514,1522,0.1388
8,1516,1524,0.1388
6,1503,1509,0.1388
5,1502,1507,0.1388
4,1503,1507,0.1388
5,1513,1518,0.1388
6,1511,1517,0.1388
6,1511,1517,0.1388
6,1511,1517,0.1388
5,1504,1509,0.1388
4,1508,1512,0.1388
4,1509,1513,0.1388
4,1509,1513,0.1388
4,1507,1511,0.1388
4,1511,1515,0.1388
4,1503,1507,0.1388
4,1512,1516,0.1388
4,1512,1516,0.1388
4,1515,1519,0.1388
4,1523,1527,0.1388
4,1518,1522,0.1388
4,1508,1512,0.1388
4,1500,1504,0.1388
3,1506,1509,0.1388
3,1500,1503,0.1388
3,1503,1506,0.1388
3,1524,1527,0.1388
3,1528,1531,0.1388
3,1525,1528,0.1388
3,1517,1520,0.1388
4,1514,1518,0.1388
4,1514,1518,0.1388
4,1523,1527,0.1388
4,1516,1520,0.1388
4,1499,1503,0.1388
4,1506,1510,0.1388
4,1503,1507,0.1388
4,1511,1515,0.1388
4,1520,1524,0.1388
4,1505,1509,0.1388
4,1511,1515,0.1388
4,1511,1515,0.1388
4,1504,1508,0.1388
4,1516,1520,0.1388
4,1510,1514,0.1388
4,1513,1517,0.1388
4,1517,1521,0.1388
4,1519,1523,0.1388
4,1513,1517,0.1388
4,1503,1507,0.1388
4,1506,1510,0.1388
4,1505,1509,0.1388
4,1513,1517,0.1388
4,1520,1524,0.1388
5,1525,1530,0.1388
5,1533,1538,0.1388
5,1536,1541,0.1388
5,1520,1525,0.1388
5,1523,1528,0.1388
5,1514,1519,0.1388
5,1507,1512,0.1388
5,1496,1501,0.1388
5,1495,1500,0.1388
5,1487,1492,0.1388
5,1500,1505,0.1388
5,1498,1503,0.1388
5,1503,1508,0.1388
4,1511,1515,0.1388
4,1514,1518,0.1388
5,1504,1509,0.1388
4,1515,1519,0.1388
5,1528,1533,0.1388
5,1516,1521,0.1388
5,1507,1512,0.1388
5,1517,1522,0.1388
5,1518,1523,0.1388
5,1503,1508,0.1388
5,1499,1504,0.1388
5,1503,1508,0.1388
5,1521,1526,0.1388
5,1511,1516,0.1388
5,1513,1518,0.1388
5,1511,1516,0.1388
5,1500,1505,0.1388
5,1502,1507,0.1388
5,1509,1514,0.1388
5,1518,1523,0.1388
5,1518,1523,0.1388
5,1525,1530,0.1388
5,1517,1522,0.1388
5,1514,1519,0.1388
5,1517,1522,0.1388
5,1505,1510,0.1388
5,1504,1509,0.1388
5,1512,1517,0.1388
5,1508,1513,0.1388
5,1494,1499,0.1388
5,1486,1491,0.1388
4,1485,1489,0.1388
5,1492,1497,0.1388
5,1485,1490,0.1388
5,1481,1486,0.1388
5,1491,1496,0.1388
4,1510,1514,0.1388
4,1516,1520,0.1388
4,1519,1523,0.1388
5,1512,1517,0.1388
5,1507,1512,0.1388
4,1511,1515,0.1388
4,1516,1520,0.1388
4,1508,1512,0.1388
4,1512,1516,0.1388
5,1512,1517,0.1388
5,1522,1527,0.1388
5,1525,1530,0.1388
5,1526,1531,0.1388
4,1533,1537,0.1388
3,1516,1519,0.1388
3,1504,1507,0.1388
3,1518,1521,0.1388
3,1513,1516,0.1388
4,1508,1512,0.1388
3,1496,1499,0.1388
3,1504,1507,0.1388
4,1501,1505,0.1388
4,1508,1512,0.1388
5,1502,1507,0.1388
5,1499,1504,0.1388
5,1503,1508,0.1388
5,1496,1501,0.1388
5,1511,1516,0.1388
6,1507,1513,0.1388
5,1520,1525,0.1388
5,1515,1520,0.1388
5,1510,1515,0.1388
6,1518,1524,0.1388
6,1516,1522,0.1388
6,1511,1517,0.1388
6,1508,1514,0.1388
6,1499,1505,0.1388
6,1507,1513,0.1388
6,1515,1521,0.1388
6,1516,1522,0.1388
6,1524,1530,0.1388
6,1518,1524,0.1388
6,1519,1525,0.1388
6,1520,1526,0.1388
6,1516,1522,0.1388
6,1509,1515,0.1388
6,1510,1516,0.1388
6,1508,1514,0.1388
5,1507,1512,0.1388
6,1506,1512,0.1388
6,1506,1512,0.1388
6,1507,1513,0.1388
5,1504,1509,0.1388
5,1515,1520,0.1388
5,1514,1519,0.1388
5,1518,1523,0.1388
5,1523,1528,0.1388
6,1526,1532,0.1388
6,1528,1534,0.1388
6,1519,1525,0.1388
6,1519,1525,0.1388
6,1516,1522,0.1388
7,1509,1516,0.1388
7,1515,1522,0.1388
7,1523,1530,0.1388
7,1518,1525,0.1388
7,1507,1514,0.1388
6,1518,1524,0.1388
6,1516,1522,0.1388
7,1508,1515,0.1388
8,1503,1511,0.1388
7,1503,1510,0.1388
7,1517,1524,0.1388
6,1497,1503,0.1388
5,1506,1511,0.1388
4,1501,1505,0.1388
3,1503,1506,0.1388
3,1522,1525,0.1388
4,1529,1533,0.1388
4,1513,1517,0.1388
4,1504,1508,0.1388
4,1500,1504,0.1388
4,1501,1505,0.1388
4,1503,1507,0.1388
4,1505,1509,0.1388
4,1515,1519,0.1388
3,1513,1516,0.1388
3,1501,1504,0.1388
3,1500,1503,0.1388
3,1516,1519,0.1388
4,1524,1528,0.1388
4,1515,1519,0.1388
4,1530,1534,0.1388
4,1527,1531,0.1388
4,1517,1521,0.1388
4,1521,1525,0.1388
4,1521,1525,0.1388
4,1518,1522,0.1388
4,1504,1508,0.1388
4,1509,1513,0.1388
4,1512,1516,0.1388
4,1506,1510,0.1388
3,1505,1508,0.1388
3,1509,1512,0.1388
2,1508,1510,0.1388
2,1518,1520,0.1388
2,1521,1523,0.1388
2,1518,1520,0.1388
2,1533,1535,0.1388
2,1522,1524,0.1388
2,1522,1524,0.1388
2,1509,1511,0.1388
2,1517,1519,0.1388
2,1513,1515,0.1388
2,1521,1523,0.1388
2,1517,1519,0.1388
2,1512,1514,0.1388
3,1515,1518,0.1388
3,1516,1519,0.1388
3,1514,1517,0.1388
3,1510,1513,0.1388
3,1513,1516,0.1388
3,1519,1522,0.1388
3,1511,1514,0.1388
4,1517,1521,0.1388
3,1512,1515,0.1388
3,1504,1507,0.1388
3,1496,1499,0.1388
3,1497,1500,0.1388
3,1501,1504,0.1388
3,1496,1499,0.1388
4,1509,1513,0.1388
4,1513,1517,0.1388
4,1518,1522,0.1388
4,1513,1517,0.1388
4,1519,1523,0.1388
4,1510,1514,0.1388
4,1503,1507,0.1388
3,1509,1512,0.1388
3,1522,1525,0.1388
3,1527,1530,0.1388
3,1526,1529,0.1388
3,1519,1522,0.1388
3,1505,1508,0.1388
4,1509,1513,0.1388
4,1516,1520,0.1388
4,1519,1523,0.1388
4,1516,1520,0.1388
4,1524,1528,0.1388
4,1524,1528,0.1388
4,1516,1520,0.1388
4,1514,1518,0.1388
4,1510,1514,0.1388
3,1521,1524,0.1388
3,1510,1513,0.1388
3,1490,1493,0.1388
4,1513,1517,0.1388
4,1524,1528,0.1388
4,1519,1523,0.1388
4,1520,1524,0.1388
4,1521,1525,0.1388
5,1526,1531,0.1388
5,1535,1540,0.1388
5,1517,1522,0.1388
5,1516,1521,0.1388
6,1514,1520,0.1388
5,1508,1513,0.1388
5,1524,1529,0.1388
5,1523,1528,0.1388
6,1513,1519,0.1388
6,1513,1519,0.1388
5,1502,1507,0.1388
5,1512,1517,0.1388
5,1511,1516,0.1388
5,1518,1523,0.1388
5,1520,1525,0.1388
5,1524,1529,0.1388
5,1509,1514,0.1388
6,1515,1521,0.1388
6,1503,1509,0.1388
6,1509,1515,0.1388
5,1504,1509,0.1388
5,1500,1505,0.1388
6,1507,1513,0.1388
6,1509,1515,0.1388
6,1502,1508,0.1388
5,1526,1531,0.1388
5,1526,1531,0.1388
5,1509,1514,0.1388
5,1516,1521,0.1388
5,1515,1520,0.1388
6,1518,1524,0.1388
6,1512,1518,0.1388
6,1519,1525,0.1388
6,1528,1534,0.1388
6,1527,1533,0.1388
6,1535,1541,0.1388
6,1522,1528,0.1388
5,1520,1525,0.1388
5,1515,1520,0.1388
3,1512,1515,0.1388
3,1505,1508,0.1388
4,1495,1499,0.1388
5,1499,1504,0.1388
5,1510,1515,0.1388
5,1510,1515,0.1388
5,1503,1508,0.1388
5,1496,1501,0.1388
6,1507,1513,0.1388
6,1502,1508,0.1388
6,1509,1515,0.1388
6,1510,1516,0.1388
6,1506,1512,0.1388
6,1505,1511,0.1388
6,1516,1522,0.1388
6,1525,1531,0.1388
6,1523,1529,0.1388
6,1507,1513,0.1388
5,1520,1525,0.1388
5,1508,1513,0.1388
5,1517,1522,0.1388
4,1512,1516,0.1388
4,1507,1511,0.1388
4,1513,1517,0.1388
4,1521,1525,0.1388
4,1520,1524,0.1388
4,1514,1518,0.1388
4,1517,1521,0.1388
4,1523,1527,0.1388
4,1528,1532,0.1388
5,1509,1514,0.1388
5,1514,1519,0.1388
5,1518,1523,0.1388
5,1514,1519,0.1388
6,1520,1526,0.1388
7,1503,1510,0.1388
8,1503,1511,0.1388
8,1511,1519,0.1388
8,1514,1522,0.1388
6,1509,1515,0.1388
6,1514,1520,0.1388
7,1508,1515,0.1388
6,1513,1519,0.1388
6,1511,1517,0.1388
6,1517,1523,0.1388
6,1531,1537,0.1388
7,1517,1524,0.1388
6,1522,1528,0.1388
6,1528,1534,0.1388
6,1514,1520,0.1388
6,1521,1527,0.1388
6,1509,1515,0.1388
6,1518,1524,0.1388
6,1513,1519,0.1388
6,1509,1515,0.1388
6,1523,1529,0.1388
5,1519,1524,0.1388
5,1512,1517,0.1388
5,1514,1519,0.1388
5,1517,1522,0.1388
5,1503,1508,0.1388
5,1513,1518,0.1388
6,1509,1515,0.1388
6,1509,1515,0.1388
6,1514,1520,0.1388
6,1503,1509,0.1388
5,1512,1517,0.1388
5,1508,1513,0.1388
6,1520,1526,0.1388
7,1505,1512,0.1388
7,1512,1519,0.1388
7,1508,1515,0.1388
7,1514,1521,0.1388
7,1514,1521,0.1388
6,1509,1515,0.1388
6,1522,1528,0.1388
6,1520,1526,0.1388
6,1525,1531,0.1388
7,1521,1528,0.1388
6,1507,1513,0.1388
6,1514,1520,0.1388
6,1511,1517,0.1388
6,1506,1512,0.1388
6,1509,1515,0.1388
6,1518,1524,0.1388
6,1527,1533,0.1388
6,1512,1518,0.1388
6,1517,1523,0.1388
6,1513,1519,0.1388
6,1519,1525,0.1388
6,1522,1528,0.1388
7,1529,1536,0.1388
7,1519,1526,0.1388
7,1515,1522,0.1388
7,1512,1519,0.1388
7,1491,1498,0.1388
7,1493,1500,0.1388
7,1495,1502,0.1388
7,1503,1510,0.1388
7,1501,1508,0.1388
7,1499,1506,0.1388
7,1504,1511,0.1388
9,1508,1517,0.1388
9,1511,1520,0.1388
9,1508,1517,0.1388
9,1504,1513,0.1388
9,1509,1518,0.1388
8,1513,1521,0.1388
8,1498,1506,0.1388
7,1506,1513,0.1388
8,1512,1520,0.1388
8,1514,1522,0.1388
8,1508,1516,0.1388
8,1516,1524,0.1388
8,1520,1528,0.1388
8,1533,1541,0.1388
7,1524,1531,0.1388
7,1511,1518,0.1388
7,1513,1520,0.1388
7,1508,1515,0.1388
7,1513,1520,0.1388
7,1507,1514,0.1388
5,1505,1510,0.1388
5,1505,1510,0.1388
5,1516,1521,0.1388
5,1510,1515,0.1388
5,1505,1510,0.1388
5,1508,1513,0.1388
5,1515,1520,0.1388
5,1523,1528,0.1388
5,1514,1519,0.1388
6,1518,1524,0.1388
5,1521,1526,0.1388
5,1528,1533,0.1388
6,1514,1520,0.1388
6,1507,1513,0.1388
5,1512,1517,0.1388
6,1500,1506,0.1388
6,1507,1513,0.1388
6,1521,1527,0.1388
6,1514,1520,0.1388
5,1500,1505,0.1388
5,1504,1509,0.1388
4,1515,1519,0.1388
4,1508,1512,0.1388
3,1499,1502,0.1388
3,1512,1515,0.1388
3,1504,1507,0.1388
3,1504,1507,0.1388
3,1496,1499,0.1388
3,1504,1507,0.1388
3,1509,1512,0.1388
3,1516,1519,0.1388
3,1515,1518,0.1388
3,1515,1518,0.1388
4,1508,1512,0.1388
4,1509,1513,0.1388
4,1514,1518,0.1388
4,1506,1510,0.1388
4,1519,1523,0.1388
4,1516,1520,0.1388
4,1508,1512,0.1388
4,1525,1529,0.1388
4,1520,1524,0.1388
4,1515,1519,0.1388
4,1520,1524,0.1388
4,1508,1512,0.1388
4,1512,1516,0.1388
4,1518,1522,0.1388
4,1510,1514,0.1388
4,1516,1520,0.1388
4,1519,1523,0.1388
4,1527,1531,0.1388
4,1510,1514,0.1388
4,1525,1529,0.1388
5,1508,1513,0.1388
5,1515,1520,0.1388
4,1509,1513,0.1388
4,1499,1503,0.1388
4,1518,1522,0.1388
3,1508,1511,0.1388
3,1508,1511,0.1388
3,1506,1509,0.1388
3,1518,1521,0.1388
3,1510,1513,0.1388
2,1511,1513,0.1388
2,1514,1516,0.1388
2,1519,1521,0.1388
2,1509,1511,0.1388
2,1495,1497,0.1388
2,1510,1512,0.1388
2,1503,1505,0.1388
2,1496,1498,0.1388
2,1499,1501,0.1388
2,1504,1506,0.1388
2,1506,1508,0.1388
2,1523,1525,0.1388
2,1538,1540,0.1388
1,1531,1532,0.1388
1,1535,1536,0.1388
1,1527,1528,0.1388
1,1513,1514,0.1388
1,1521,1522,0.1388
1,1524,1525,0.1388
1,1492,1493,0.1388
1,1492,1493,0.1388
1,1495,1496,0.1388
1,1517,1518,0.1388
1,1516,1517,0.1388
1,1515,1516,0.1388
1,1514,1515,0.1388
1,1507,1508,0.1388
1,1507,1508,0.1388
1,1514,1515,0.1388
1,1513,1514,0.1388
1,1511,1512,0.1388
1,1500,1501,0.1388
1,1517,1518,0.1388
2,1504,1506,0.1388
2,1511,1513,0.1388
2,1528,1530,0.1388
2,1518,1520,0.1388
2,1516,1518,0.1388
3,1513,1516,0.1388
3,1497,1500,0.1388
3,1495,1498,0.1388
2,1500,1502,0.1388
2,1509,1511,0.1388
2,1504,1506,0.1388
2,1505,1507,0.1388
2,1513,1515,0.1388
2,1530,1532,0.1388
2,1526,1528,0.1388
2,1527,1529,0.1388
2,1519,1521,0.1388
2,1517,1519,0.1388
2,1509,1511,0.1388
2,1510,1512,0.1388
2,1507,1509,0.1388
2,1519,1521,0.1388
2,1514,1516,0.1388
2,1510,1512,0.1388
2,1502,1504,0.1388
2,1507,1509,0.1388
2,1509,1511,0.1388
2,1519,1521,0.1388
2,1506,1508,0.1388
2,1508,1510,0.1388
1,1505,1506,0.1388
1,1519,1520,0.1388
1,1514,1515,0.1388
1,1511,1512,0.1388
1,1515,1516,0.1388
1,1517,1518,0.1388
1,1519,1520,0.1388
1,1502,1503,0.1388
1,1497,1498,0.1388
1,1501,1502,0.1388
1,1505,1506,0.1388
1,1521,1522,0.1388
1,1525,1526,0.1388
1,1531,1532,0.1388
1,1525,1526,0.1388
1,1513,1514,0.1388
1,1515,1516,0.1388
1,1520,1521,0.1388
1,1518,1519,0.1388
1,1513,1514,0.1388
1,1519,1520,0.1388
1,1529,1530,0.1388
1,1516,1517,0.1388
1,1518,1519,0.1388
1,1517,1518,0.1388
1,1518,1519,0.1388
0,1504,1504,0.1388
