1360,31,1391,0.1388
1392,34,1426,0.1388
1422,34,1456,0.1388
1443,37,1480,0.1388
1440,39,1479,0.1388
1455,39,1494,0.1388
1463,42,1505,0.1388
1452,41,1493,0.1388
1455,40,1495,0.1388
1445,42,1487,0.1388
1445,44,1489,0.1388
1444,45,1489,0.1388
1443,44,1487,0.1388
1440,44,1484,0.1388
1435,45,1480,0.1388
1427,44,1471,0.1388
1424,44,1468,0.1388
1429,42,1471,0.1388
1429,43,1472,0.1388
1439,45,1484,0.1388
1453,42,1495,0.1388
1462,43,1505,0.1388
1450,44,1494,0.1388
1445,44,1489,0.1388
1447,45,1492,0.1388
1438,47,1485,0.1388
1427,50,1477,0.1388
1424,52,1476,0.1388
1425,55,1480,0.1388
1432,56,1488,0.1388
1434,57,1491,0.1388
1430,59,1489,0.1388
1443,61,1504,0.1388
1425,63,1488,0.1388
1419,62,1481,0.1388
1416,61,1477,0.1388
1422,61,1483,0.1388
1421,64,1485,0.1388
1428,64,1492,0.1388
1433,66,1499,0.1388
1431,66,1497,0.1388
1425,68,1493,0.1388
1426,67,1493,0.1388
1427,70,1497,0.1388
1419,67,1486,0.1388
1427,68,1495,0.1388
1419,69,1488,0.1388
1417,70,1487,0.1388
1414,70,1484,0.1388
1428,68,1496,0.1388
1434,69,1503,0.1388
1426,69,1495,0.1388
1429,67,1496,0.1388
1413,68,1481,0.1388
1421,70,1491,0.1388
1434,67,1501,0.1388
1434,67,1501,0.1388
1437,65,1502,0.1388
1448,66,1514,0.1388
1440,63,1503,0.1388
1442,63,1505,0.1388
1437,63,1500,0.1388
1435,62,1497,0.1388
1428,60,1488,0.1388
1441,57,1498,0.1388
1443,59,1502,0.1388
1440,56,1496,0.1388
1430,56,1486,0.1388
1441,57,1498,0.1388
1461,57,1518,0.1388
1467,57,1524,0.1388
1447,56,1503,0.1388
1451,54,1505,0.1388
1458,55,1513,0.1388
1455,53,1508,0.1388
1448,52,1500,0.1388
1436,50,1486,0.1388
1437,50,1487,0.1388
1436,52,1488,0.1388
1438,51,1489,0.1388
1458,49,1507,0.1388
1453,51,1504,0.1388
1447,52,1499,0.1388
1452,51,1503,0.1388
1446,51,1497,0.1388
1445,48,1493,0.1388
1450,50,1500,0.1388
1451,52,1503,0.1388
1447,52,1499,0.1388
1448,50,1498,0.1388
1450,50,1500,0.1388
1433,50,1483,0.1388
1446,49,1495,0.1388
1447,49,1496,0.1388
1437,47,1484,0.1388
1439,46,1485,0.1388
1442,49,1491,0.1388
1441,50,1491,0.1388
1441,49,1490,0.1388
1457,48,1505,0.1388
1443,45,1488,0.1388
1449,46,1495,0.1388
1450,48,1498,0.1388
1453,46,1499,0.1388
1454,47,1501,0.1388
1456,49,1505,0.1388
1447,50,1497,0.1388
1460,51,1511,0.1388
1464,51,1515,0.1388
1460,51,1511,0.1388
1452,53,1505,0.1388
1454,52,1506,0.1388
1437,51,1488,0.1388
1441,51,1492,0.1388
1447,46,1493,0.1388
1443,45,1488,0.1388
1446,45,1491,0.1388
1442,44,1486,0.1388
1436,43,1479,0.1388
1445,43,1488,0.1388
1447,41,1488,0.1388
1435,40,1475,0.1388
1430,39,1469,0.1388
1433,36,1469,0.1388
1440,38,1478,0.1388
1446,40,1486,0.1388
1472,40,1512,0.1388
1457,39,1496,0.1388
1439,39,1478,0.1388
1444,41,1485,0.1388
1441,40,1481,0.1388
1435,40,1475,0.1388
1432,39,1471,0.1388
1431,40,1471,0.1388
1419,39,1458,0.1388
1420,39,1459,0.1388
1446,41,1487,0.1388
1443,42,1485,0.1388
1452,44,1496,0.1388
1455,45,1500,0.1388
1455,44,1499,0.1388
1458,42,1500,0.1388
1451,45,1496,0.1388
1442,46,1488,0.1388
1451,44,1495,0.1388
1457,47,1504,0.1388
1464,47,1511,0.1388
1451,49,1500,0.1388
1446,47,1493,0.1388
1447,47,1494,0.1388
1455,46,1501,0.1388
1456,47,1503,0.1388
1453,48,1501,0.1388
1441,46,1487,0.1388
1452,43,1495,0.1388
1450,46,1496,0.1388
1452,48,1500,0.1388
1454,47,1501,0.1388
1459,47,1506,0.1388
1449,47,1496,0.1388
1440,46,1486,0.1388
1439,43,1482,0.1388
1433,41,1474,0.1388
1426,46,1472,0.1388
1424,48,1472,0.1388
1440,47,1487,0.1388
1442,50,1492,0.1388
1427,49,1476,0.1388
1436,49,1485,0.1388
1440,49,1489,0.1388
1438,54,1492,0.1388
1447,52,1499,0.1388
1440,51,1491,0.1388
1453,52,1505,0.1388
1447,52,1499,0.1388
1453,52,1505,0.1388
1445,49,1494,0.1388
1440,50,1490,0.1388
1449,50,1499,0.1388
1439,50,1489,0.1388
1447,49,1496,0.1388
1465,51,1516,0.1388
1453,49,1502,0.1388
1433,48,1481,0.1388
1424,53,1477,0.1388
1428,54,1482,0.1388
1431,52,1483,0.1388
1448,52,1500,0.1388
1450,53,1503,0.1388
1445,53,1498,0.1388
1444,52,1496,0.1388
1451,51,1502,0.1388
1448,50,1498,0.1388
1437,53,1490,0.1388
1432,57,1489,0.1388
1436,59,1495,0.1388
1429,60,1489,0.1388
1427,58,1485,0.1388
1428,58,1486,0.1388
1430,59,1489,0.1388
1428,61,1489,0.1388
1427,63,1490,0.1388
1438,59,1497,0.1388
1427,57,1484,0.1388
1423,58,1481,0.1388
1426,59,1485,0.1388
1428,58,1486,0.1388
1433,57,1490,0.1388
1424,56,1480,0.1388
1435,60,1495,0.1388
1432,57,1489,0.1388
1441,58,1499,0.1388
1434,58,1492,0.1388
1428,54,1482,0.1388
1425,54,1479,0.1388
1446,54,1500,0.1388
1431,59,1490,0.1388
1432,59,1491,0.1388
1433,61,1494,0.1388
1423,61,1484,0.1388
1415,62,1477,0.1388
1425,63,1488,0.1388
1421,65,1486,0.1388
1426,65,1491,0.1388
1425,66,1491,0.1388
1428,66,1494,0.1388
1432,71,1503,0.1388
1418,73,1491,0.1388
1419,71,1490,0.1388
1410,70,1480,0.1388
1410,72,1482,0.1388
1423,72,1495,0.1388
1430,71,1501,0.1388
1423,72,1495,0.1388
1435,76,1511,0.1388
1430,75,1505,0.1388
1423,75,1498,0.1388
1421,75,1496,0.1388
1422,74,1496,0.1388
1429,74,1503,0.1388
1429,73,1502,0.1388
1426,70,1496,0.1388
1412,72,1484,0.1388
1419,71,1490,0.1388
1416,77,1493,0.1388
1420,80,1500,0.1388
1415,78,1493,0.1388
1421,79,1500,0.1388
1426,80,1506,0.1388
1437,79,1516,0.1388
1429,78,1507,0.1388
1418,77,1495,0.1388
1434,78,1512,0.1388
1431,78,1509,0.1388
1426,78,1504,0.1388
1413,77,1490,0.1388
1410,78,1488,0.1388
1423,79,1502,0.1388
1414,82,1496,0.1388
1418,81,1499,0.1388
1414,80,1494,0.1388
1421,78,1499,0.1388
1421,77,1498,0.1388
1417,77,1494,0.1388
1429,76,1505,0.1388
1433,77,1510,0.1388
1417,77,1494,0.1388
1419,74,1493,0.1388
1430,75,1505,0.1388
1423,75,1498,0.1388
1419,73,1492,0.1388
1411,74,1485,0.1388
1423,75,1498,0.1388
1420,74,1494,0.1388
1417,73,1490,0.1388
1413,69,1482,0.1388
1416,68,1484,0.1388
1418,68,1486,0.1388
1424,71,1495,0.1388
1419,75,1494,0.1388
1414,71,1485,0.1388
1407,69,1476,0.1388
1403,71,1474,0.1388
1407,73,1480,0.1388
1410,74,1484,0.1388
1411,77,1488,0.1388
1421,77,1498,0.1388
1419,75,1494,0.1388
1422,75,1497,0.1388
1433,71,1504,0.1388
1435,72,1507,0.1388
1428,72,1500,0.1388
1433,73,1506,0.1388
1420,74,1494,0.1388
1436,78,1514,0.1388
1434,78,1512,0.1388
1431,79,1510,0.1388
1422,79,1501,0.1388
1424,78,1502,0.1388
1426,80,1506,0.1388
1419,81,1500,0.1388
1422,83,1505,0.1388
1416,82,1498,0.1388
1423,83,1506,0.1388
1424,81,1505,0.1388
1416,81,1497,0.1388
1418,84,1502,0.1388
1418,86,1504,0.1388
1416,88,1504,0.1388
1411,89,1500,0.1388
1398,85,1483,0.1388
1399,85,1484,0.1388
1406,89,1495,0.1388
1409,88,1497,0.1388
1405,89,1494,0.1388
1416,86,1502,0.1388
1418,88,1506,0.1388
1406,86,1492,0.1388
1399,87,1486,0.1388
1396,90,1486,0.1388
1403,91,1494,0.1388
1401,88,1489,0.1388
1405,90,1495,0.1388
1412,89,1501,0.1388
1412,90,1502,0.1388
1408,90,1498,0.1388
1401,91,1492,0.1388
1412,92,1504,0.1388
1421,92,1513,0.1388
1406,90,1496,0.1388
1397,91,1488,0.1388
1391,91,1482,0.1388
1395,89,1484,0.1388
1396,94,1490,0.1388
1401,97,1498,0.1388
1398,96,1494,0.1388
1396,96,1492,0.1388
1401,99,1500,0.1388
1405,94,1499,0.1388
1410,90,1500,0.1388
1417,90,1507,0.1388
1398,94,1492,0.1388
1409,91,1500,0.1388
1402,95,1497,0.1388
1391,98,1489,0.1388
1388,99,1487,0.1388
1398,102,1500,0.1388
1403,101,1504,0.1388
1404,96,1500,0.1388
1399,94,1493,0.1388
1409,99,1508,0.1388
1398,98,1496,0.1388
1395,101,1496,0.1388
1401,101,1502,0.1388
1398,103,1501,0.1388
1403,103,1506,0.1388
1397,101,1498,0.1388
1403,98,1501,0.1388
1397,96,1493,0.1388
1389,99,1488,0.1388
1391,98,1489,0.1388
1393,102,1495,0.1388
1390,101,1491,0.1388
1396,100,1496,0.1388
1386,101,1487,0.1388
1385,102,1487,0.1388
1382,99,1481,0.1388
1380,99,1479,0.1388
1377,101,1478,0.1388
1373,101,1474,0.1388
1384,100,1484,0.1388
1383,102,1485,0.1388
1388,104,1492,0.1388
1387,104,1491,0.1388
1389,104,1493,0.1388
1388,103,1491,0.1388
1386,101,1487,0.1388
1377,102,1479,0.1388
1361,103,1464,0.1388
1366,99,1465,0.1388
1375,99,1474,0.1388
1385,100,1485,0.1388
1390,103,1493,0.1388
1387,100,1487,0.1388
1401,102,1503,0.1388
1412,102,1514,0.1388
1400,103,1503,0.1388
1392,108,1500,0.1388
1388,108,1496,0.1388
1395,110,1505,0.1388
1391,107,1498,0.1388
1378,112,1490,0.1388
1390,111,1501,0.1388
1386,111,1497,0.1388
1385,117,1502,0.1388
1380,121,1501,0.1388
1373,124,1497,0.1388
1360,125,1485,0.1388
1367,124,1491,0.1388
1369,125,1494,0.1388
1366,124,1490,0.1388
1380,127,1507,0.1388
1374,127,1501,0.1388
1373,127,1500,0.1388
1376,132,1508,0.1388
1365,129,1494,0.1388
1372,133,1505,0.1388
1360,132,1492,0.1388
1367,131,1498,0.1388
1368,134,1502,0.1388
1353,129,1482,0.1388
1348,126,1474,0.1388
1361,129,1490,0.1388
1369,129,1498,0.1388
1357,131,1488,0.1388
1358,129,1487,0.1388
1372,128,1500,0.1388
1368,131,1499,0.1388
1372,131,1503,0.1388
1370,131,1501,0.1388
1359,134,1493,0.1388
1358,142,1500,0.1388
1347,142,1489,0.1388
1343,146,1489,0.1388
1351,145,1496,0.1388
1364,149,1513,0.1388
1366,148,1514,0.1388
1328,148,1476,0.1388
1334,150,1484,0.1388
1329,150,1479,0.1388
1337,150,1487,0.1388
1344,149,1493,0.1388
1348,151,1499,0.1388
1359,148,1507,0.1388
1353,145,1498,0.1388
1361,144,1505,0.1388
1357,143,1500,0.1388
1354,141,1495,0.1388
1341,148,1489,0.1388
1333,147,1480,0.1388
1340,152,1492,0.1388
1347,153,1500,0.1388
1345,153,1498,0.1388
1358,149,1507,0.1388
1353,145,1498,0.1388
1352,143,1495,0.1388
1358,145,1503,0.1388
1353,143,1496,0.1388
1353,143,1496,0.1388
1349,143,1492,0.1388
1356,144,1500,0.1388
1360,146,1506,0.1388
1367,145,1512,0.1388
1347,143,1490,0.1388
1347,143,1490,0.1388
1359,141,1500,0.1388
1363,141,1504,0.1388
1353,140,1493,0.1388
1330,141,1471,0.1388
1323,143,1466,0.1388
1331,143,1474,0.1388
1327,143,1470,0.1388
1332,143,1475,0.1388
1345,144,1489,0.1388
1343,150,1493,0.1388
1334,148,1482,0.1388
1349,147,1496,0.1388
1347,152,1499,0.1388
1336,154,1490,0.1388
1337,153,1490,0.1388
1347,156,1503,0.1388
1347,161,1508,0.1388
1349,159,1508,0.1388
1347,158,1505,0.1388
1338,160,1498,0.1388
1344,163,1507,0.1388
1341,159,1500,0.1388
1330,160,1490,0.1388
1333,155,1488,0.1388
1326,156,1482,0.1388
1341,158,1499,0.1388
1319,166,1485,0.1388
1322,168,1490,0.1388
1310,175,1485,0.1388
1306,172,1478,0.1388
1307,171,1478,0.1388
1303,172,1475,0.1388
1309,175,1484,0.1388
1302,167,1469,0.1388
1310,165,1475,0.1388
1325,168,1493,0.1388
1320,174,1494,0.1388
1320,172,1492,0.1388
1326,173,1499,0.1388
1333,170,1503,0.1388
1318,170,1488,0.1388
1313,170,1483,0.1388
1317,172,1489,0.1388
1321,174,1495,0.1388
1332,172,1504,0.1388
1323,174,1497,0.1388
1316,168,1484,0.1388
1324,167,1491,0.1388
1323,170,1493,0.1388
1328,173,1501,0.1388
1336,174,1510,0.1388
1348,173,1521,0.1388
1339,170,1509,0.1388
1334,169,1503,0.1388
1338,169,1507,0.1388
1345,172,1517,0.1388
1323,169,1492,0.1388
1314,169,1483,0.1388
1327,169,1496,0.1388
1334,170,1504,0.1388
1336,166,1502,0.1388
1334,165,1499,0.1388
1323,167,1490,0.1388
1333,166,1499,0.1388
1320,165,1485,0.1388
1313,165,1478,0.1388
1319,167,1486,0.1388
1337,170,1507,0.1388
1319,171,1490,0.1388
1328,171,1499,0.1388
1346,174,1520,0.1388
1332,172,1504,0.1388
1321,171,1492,0.1388
1317,173,1490,0.1388
1315,181,1496,0.1388
1322,182,1504,0.1388
1311,181,1492,0.1388
1303,179,1482,0.1388
1306,177,1483,0.1388
1302,182,1484,0.1388
1304,183,1487,0.1388
1301,180,1481,0.1388
1302,180,1482,0.1388
1296,178,1474,0.1388
1317,177,1494,0.1388
1318,177,1495,0.1388
1308,176,1484,0.1388
1316,173,1489,0.1388
1322,176,1498,0.1388
1323,177,1500,0.1388
1317,182,1499,0.1388
1320,180,1500,0.1388
1315,178,1493,0.1388
1320,178,1498,0.1388
1319,176,1495,0.1388
1312,176,1488,0.1388
1296,183,1479,0.1388
1296,183,1479,0.1388
1308,181,1489,0.1388
1313,184,1497,0.1388
1316,182,1498,0.1388
1322,183,1505,0.1388
1328,185,1513,0.1388
1323,182,1505,0.1388
1331,183,1514,0.1388
1324,181,1505,0.1388
1328,179,1507,0.1388
1325,178,1503,0.1388
1319,182,1501,0.1388
1307,181,1488,0.1388
1318,183,1501,0.1388
1334,184,1518,0.1388
1317,180,1497,0.1388
1304,186,1490,0.1388
1299,189,1488,0.1388
1312,187,1499,0.1388
1321,184,1505,0.1388
1315,189,1504,0.1388
1316,188,1504,0.1388
1300,188,1488,0.1388
1288,181,1469,0.1388
1301,187,1488,0.1388
1295,188,1483,0.1388
1301,194,1495,0.1388
1306,196,1502,0.1388
1320,195,1515,0.1388
1305,198,1503,0.1388
1308,203,1511,0.1388
1307,197,1504,0.1388
1297,196,1493,0.1388
1295,198,1493,0.1388
1305,198,1503,0.1388
1303,196,1499,0.1388
1300,195,1495,0.1388
1296,197,1493,0.1388
1304,192,1496,0.1388
1297,195,1492,0.1388
1305,193,1498,0.1388
1289,199,1488,0.1388
1288,202,1490,0.1388
1283,202,1485,0.1388
1279,201,1480,0.1388
1280,203,1483,0.1388
1274,203,1477,0.1388
1272,201,1473,0.1388
1282,197,1479,0.1388
1276,199,1475,0.1388
1267,206,1473,0.1388
1279,207,1486,0.1388
1292,212,1504,0.1388
1292,216,1508,0.1388
1283,212,1495,0.1388
1291,217,1508,0.1388
1277,212,1489,0.1388
1267,213,1480,0.1388
1270,214,1484,0.1388
1276,209,1485,0.1388
1274,218,1492,0.1388
1273,213,1486,0.1388
1277,218,1495,0.1388
1279,219,1498,0.1388
1275,214,1489,0.1388
1276,216,1492,0.1388
1272,219,1491,0.1388
1269,220,1489,0.1388
1268,214,1482,0.1388
1261,218,1479,0.1388
1269,222,1491,0.1388
1282,220,1502,0.1388
1291,218,1509,0.1388
1295,219,1514,0.1388
1290,223,1513,0.1388
1288,219,1507,0.1388
1282,222,1504,0.1388
1284,220,1504,0.1388
1294,225,1519,0.1388
1282,225,1507,0.1388
1284,227,1511,0.1388
1273,232,1505,0.1388
1260,230,1490,0.1388
1263,230,1493,0.1388
1268,231,1499,0.1388
1272,229,1501,0.1388
1272,228,1500,0.1388
1275,226,1501,0.1388
1270,221,1491,0.1388
1277,222,1499,0.1388
1268,219,1487,0.1388
1266,229,1495,0.1388
1264,232,1496,0.1388
1259,231,1490,0.1388
1267,224,1491,0.1388
1276,225,1501,0.1388
1280,222,1502,0.1388
1270,231,1501,0.1388
1267,224,1491,0.1388
1275,223,1498,0.1388
1276,225,1501,0.1388
1272,228,1500,0.1388
1263,227,1490,0.1388
1266,228,1494,0.1388
1262,225,1487,0.1388
1262,226,1488,0.1388
1262,223,1485,0.1388
1258,219,1477,0.1388
1257,222,1479,0.1388
1264,230,1494,0.1388
1267,231,1498,0.1388
1267,236,1503,0.1388
1265,238,1503,0.1388
1256,238,1494,0.1388
1258,232,1490,0.1388
1242,238,1480,0.1388
1246,236,1482,0.1388
1239,235,1474,0.1388
1239,232,1471,0.1388
1247,233,1480,0.1388
1257,235,1492,0.1388
1261,236,1497,0.1388
1278,236,1514,0.1388
1266,239,1505,0.1388
1264,236,1500,0.1388
1267,238,1505,0.1388
1270,237,1507,0.1388
1268,229,1497,0.1388
1273,225,1498,0.1388
1283,223,1506,0.1388
1288,220,1508,0.1388
1297,215,1512,0.1388
1293,217,1510,0.1388
1282,216,1498,0.1388
1289,219,1508,0.1388
1284,218,1502,0.1388
1295,216,1511,0.1388
1293,214,1507,0.1388
1278,220,1498,0.1388
1274,212,1486,0.1388
1287,212,1499,0.1388
1278,213,1491,0.1388
1270,213,1483,0.1388
1258,217,1475,0.1388
1261,212,1473,0.1388
1265,214,1479,0.1388
1272,220,1492,0.1388
1280,221,1501,0.1388
1276,224,1500,0.1388
1271,223,1494,0.1388
1269,222,1491,0.1388
1265,221,1486,0.1388
1256,224,1480,0.1388
1257,230,1487,0.1388
1272,225,1497,0.1388
1277,227,1504,0.1388
1269,226,1495,0.1388
1274,227,1501,0.1388
1269,233,1502,0.1388
1270,230,1500,0.1388
1264,231,1495,0.1388
1260,236,1496,0.1388
1271,230,1501,0.1388
1268,225,1493,0.1388
1266,229,1495,0.1388
1270,232,1502,0.1388
1266,235,1501,0.1388
1268,232,1500,0.1388
1262,231,1493,0.1388
1252,235,1487,0.1388
1259,238,1497,0.1388
1263,244,1507,0.1388
1264,239,1503,0.1388
1261,235,1496,0.1388
1258,238,1496,0.1388
1254,241,1495,0.1388
1258,242,1500,0.1388
1257,240,1497,0.1388
1265,229,1494,0.1388
1263,226,1489,0.1388
1266,230,1496,0.1388
1258,236,1494,0.1388
1246,239,1485,0.1388
1251,242,1493,0.1388
1257,242,1499,0.1388
1261,243,1504,0.1388
1259,245,1504,0.1388
1261,244,1505,0.1388
1265,246,1511,0.1388
1263,248,1511,0.1388
1258,247,1505,0.1388
1262,250,1512,0.1388
1261,253,1514,0.1388
1246,249,1495,0.1388
1260,252,1512,0.1388
1266,250,1516,0.1388
1266,252,1518,0.1388
1250,255,1505,0.1388
1244,257,1501,0.1388
1253,258,1511,0.1388
1256,256,1512,0.1388
1257,257,1514,0.1388
1260,259,1519,0.1388
1243,256,1499,0.1388
1238,254,1492,0.1388
1231,256,1487,0.1388
1241,252,1493,0.1388
1242,257,1499,0.1388
1230,260,1490,0.1388
1241,250,1491,0.1388
1247,252,1499,0.1388
1251,255,1506,0.1388
1247,261,1508,0.1388
1243,263,1506,0.1388
1239,261,1500,0.1388
1240,262,1502,0.1388
1226,259,1485,0.1388
1234,262,1496,0.1388
1229,263,1492,0.1388
1224,270,1494,0.1388
1221,279,1500,0.1388
1225,275,1500,0.1388
1215,281,1496,0.1388
1211,279,1490,0.1388
1213,279,1492,0.1388
1220,277,1497,0.1388
1227,277,1504,0.1388
1216,270,1486,0.1388
1208,273,1481,0.1388
1208,275,1483,0.1388
1209,278,1487,0.1388
1219,279,1498,0.1388
1217,276,1493,0.1388
1210,277,1487,0.1388
1216,279,1495,0.1388
1215,280,1495,0.1388
1230,287,1517,0.1388
1229,289,1518,0.1388
1230,288,1518,0.1388
1225,293,1518,0.1388
1209,293,1502,0.1388
1204,294,1498,0.1388
1208,294,1502,0.1388
1210,291,1501,0.1388
1208,293,1501,0.1388
1206,295,1501,0.1388
1200,294,1494,0.1388
1203,293,1496,0.1388
1199,295,1494,0.1388
1196,292,1488,0.1388
1209,293,1502,0.1388
1201,295,1496,0.1388
1204,296,1500,0.1388
1200,297,1497,0.1388
1196,295,1491,0.1388
1195,296,1491,0.1388
1188,293,1481,0.1388
1172,297,1469,0.1388
1178,299,1477,0.1388
1184,292,1476,0.1388
1181,302,1483,0.1388
1192,297,1489,0.1388
1186,301,1487,0.1388
1182,306,1488,0.1388
1179,302,1481,0.1388
1179,306,1485,0.1388
1185,307,1492,0.1388
1183,302,1485,0.1388
1167,309,1476,0.1388
1164,302,1466,0.1388
1170,305,1475,0.1388
1169,304,1473,0.1388
1167,305,1472,0.1388
1180,304,1484,0.1388
1201,304,1505,0.1388
1196,300,1496,0.1388
1195,299,1494,0.1388
1189,304,1493,0.1388
1187,298,1485,0.1388
1192,298,1490,0.1388
1184,293,1477,0.1388
1197,292,1489,0.1388
1211,297,1508,0.1388
1199,291,1490,0.1388
1202,298,1500,0.1388
1216,300,1516,0.1388
1215,294,1509,0.1388
1217,285,1502,0.1388
1222,290,1512,0.1388
1219,295,1514,0.1388
1205,296,1501,0.1388
1196,293,1489,0.1388
1191,295,1486,0.1388
1187,302,1489,0.1388
1188,302,1490,0.1388
1191,302,1493,0.1388
1185,305,1490,0.1388
1194,308,1502,0.1388
1202,308,1510,0.1388
1201,309,1510,0.1388
1223,314,1537,0.1388
1213,307,1520,0.1388
1201,315,1516,0.1388
1203,315,1518,0.1388
1192,308,1500,0.1388
1188,306,1494,0.1388
1181,312,1493,0.1388
1184,312,1496,0.1388
1196,315,1511,0.1388
1193,317,1510,0.1388
1194,316,1510,0.1388
1186,318,1504,0.1388
1187,319,1506,0.1388
1183,318,1501,0.1388
1182,317,1499,0.1388
1183,324,1507,0.1388
1187,328,1515,0.1388
1186,325,1511,0.1388
1188,321,1509,0.1388
1186,326,1512,0.1388
1191,339,1530,0.1388
1182,332,1514,0.1388
1175,324,1499,0.1388
1178,320,1498,0.1388
1169,326,1495,0.1388
1162,323,1485,0.1388
1168,326,1494,0.1388
1177,326,1503,0.1388
1172,327,1499,0.1388
1164,332,1496,0.1388
1173,337,1510,0.1388
1173,334,1507,0.1388
1172,334,1506,0.1388
1167,332,1499,0.1388
1163,331,1494,0.1388
1163,336,1499,0.1388
1150,346,1496,0.1388
1155,347,1502,0.1388
1152,349,1501,0.1388
1163,349,1512,0.1388
1165,348,1513,0.1388
1154,347,1501,0.1388
1148,348,1496,0.1388
1145,348,1493,0.1388
1137,349,1486,0.1388
1145,346,1491,0.1388
1147,355,1502,0.1388
1146,354,1500,0.1388
1142,351,1493,0.1388
1156,348,1504,0.1388
1155,352,1507,0.1388
1153,349,1502,0.1388
1142,359,1501,0.1388
1145,357,1502,0.1388
1147,362,1509,0.1388
1147,362,1509,0.1388
1144,360,1504,0.1388
1142,353,1495,0.1388
1144,348,1492,0.1388
1147,354,1501,0.1388
1147,360,1507,0.1388
1156,362,1518,0.1388
1147,360,1507,0.1388
1142,354,1496,0.1388
1143,355,1498,0.1388
1140,356,1496,0.1388
1142,349,1491,0.1388
1145,354,1499,0.1388
1142,362,1504,0.1388
1143,363,1506,0.1388
1133,363,1496,0.1388
1125,375,1500,0.1388
1117,373,1490,0.1388
1129,375,1504,0.1388
1130,381,1511,0.1388
1123,384,1507,0.1388
1116,385,1501,0.1388
1112,382,1494,0.1388
1115,382,1497,0.1388
1108,385,1493,0.1388
1111,386,1497,0.1388
1118,384,1502,0.1388
1115,385,1500,0.1388
1103,386,1489,0.1388
1102,389,1491,0.1388
1107,391,1498,0.1388
1105,389,1494,0.1388
1095,391,1486,0.1388
1086,396,1482,0.1388
1092,398,1490,0.1388
1096,404,1500,0.1388
1097,398,1495,0.1388
1102,404,1506,0.1388
1103,396,1499,0.1388
1104,398,1502,0.1388
1099,397,1496,0.1388
1089,401,1490,0.1388
1090,409,1499,0.1388
1087,406,1493,0.1388
1086,402,1488,0.1388
1087,410,1497,0.1388
1085,414,1499,0.1388
1085,410,1495,0.1388
1086,410,1496,0.1388
1078,414,1492,0.1388
1081,410,1491,0.1388
1088,407,1495,0.1388
1094,403,1497,0.1388
1097,392,1489,0.1388
1095,391,1486,0.1388
1094,396,1490,0.1388
1091,405,1496,0.1388
1093,405,1498,0.1388
1075,410,1485,0.1388
1086,401,1487,0.1388
1078,408,1486,0.1388
1077,410,1487,0.1388
1083,414,1497,0.1388
1088,413,1501,0.1388
1095,411,1506,0.1388
1083,410,1493,0.1388
1081,414,1495,0.1388
1088,410,1498,0.1388
1083,412,1495,0.1388
1080,412,1492,0.1388
1081,412,1493,0.1388
1086,419,1505,0.1388
1076,413,1489,0.1388
1080,415,1495,0.1388
1077,417,1494,0.1388
1077,414,1491,0.1388
1081,413,1494,0.1388
1087,422,1509,0.1388
1079,425,1504,0.1388
1081,426,1507,0.1388
1082,433,1515,0.1388
1073,432,1505,0.1388
1075,442,1517,0.1388
1079,448,1527,0.1388
1058,442,1500,0.1388
1067,442,1509,0.1388
1062,444,1506,0.1388
1065,439,1504,0.1388
1071,436,1507,0.1388
1066,440,1506,0.1388
1057,442,1499,0.1388
1067,440,1507,0.1388
1065,438,1503,0.1388
1062,433,1495,0.1388
1067,436,1503,0.1388
1077,442,1519,0.1388
1072,440,1512,0.1388
1070,446,1516,0.1388
1066,445,1511,0.1388
1054,438,1492,0.1388
1055,439,1494,0.1388
1058,437,1495,0.1388
1061,440,1501,0.1388
1069,437,1506,0.1388
1063,432,1495,0.1388
1075,435,1510,0.1388
1080,441,1521,0.1388
1084,443,1527,0.1388
1075,444,1519,0.1388
1056,446,1502,0.1388
1060,444,1504,0.1388
1058,446,1504,0.1388
1055,440,1495,0.1388
1059,437,1496,0.1388
1060,443,1503,0.1388
1055,441,1496,0.1388
1066,434,1500,0.1388
1062,431,1493,0.1388
1064,430,1494,0.1388
1068,436,1504,0.1388
1069,433,1502,0.1388
1073,433,1506,0.1388
1057,436,1493,0.1388
1045,423,1468,0.1388
1035,429,1464,0.1388
1044,436,1480,0.1388
1037,437,1474,0.1388
1050,436,1486,0.1388
1041,440,1481,0.1388
1047,446,1493,0.1388
1043,448,1491,0.1388
1051,445,1496,0.1388
1056,451,1507,0.1388
1052,455,1507,0.1388
1059,450,1509,0.1388
1056,445,1501,0.1388
1059,452,1511,0.1388
1063,454,1517,0.1388
1058,451,1509,0.1388
1062,447,1509,0.1388
1064,450,1514,0.1388
1058,454,1512,0.1388
1043,457,1500,0.1388
1041,463,1504,0.1388
1033,464,1497,0.1388
1028,465,1493,0.1388
1027,462,1489,0.1388
1015,456,1471,0.1388
1021,455,1476,0.1388
1025,463,1488,0.1388
1025,461,1486,0.1388
1012,463,1475,0.1388
1021,469,1490,0.1388
1023,465,1488,0.1388
1031,465,1496,0.1388
1045,465,1510,0.1388
1039,470,1509,0.1388
1039,465,1504,0.1388
1038,458,1496,0.1388
1038,468,1506,0.1388
1042,473,1515,0.1388
1037,469,1506,0.1388
1039,473,1512,0.1388
1017,470,1487,0.1388
1017,474,1491,0.1388
1027,472,1499,0.1388
1029,470,1499,0.1388
1029,473,1502,0.1388
1030,476,1506,0.1388
1040,477,1517,0.1388
1040,472,1512,0.1388
1033,480,1513,0.1388
1033,475,1508,0.1388
1031,473,1504,0.1388
1032,466,1498,0.1388
1025,468,1493,0.1388
1020,476,1496,0.1388
1025,474,1499,0.1388
1021,476,1497,0.1388
1014,481,1495,0.1388
1017,477,1494,0.1388
1010,469,1479,0.1388
1012,481,1493,0.1388
1021,477,1498,0.1388
1020,486,1506,0.1388
1017,483,1500,0.1388
1015,488,1503,0.1388
1023,488,1511,0.1388
1014,495,1509,0.1388
1023,491,1514,0.1388
1024,488,1512,0.1388
1010,482,1492,0.1388
1000,486,1486,0.1388
1004,491,1495,0.1388
1015,498,1513,0.1388
1015,500,1515,0.1388
1011,499,1510,0.1388
1002,500,1502,0.1388
997,498,1495,0.1388
994,492,1486,0.1388
996,487,1483,0.1388
1002,479,1481,0.1388
1000,492,1492,0.1388
996,488,1484,0.1388
991,491,1482,0.1388
998,492,1490,0.1388
1003,499,1502,0.1388
991,499,1490,0.1388
989,504,1493,0.1388
988,501,1489,0.1388
1001,502,1503,0.1388
998,503,1501,0.1388
996,506,1502,0.1388
991,501,1492,0.1388
988,510,1498,0.1388
982,515,1497,0.1388
991,510,1501,0.1388
979,510,1489,0.1388
978,503,1481,0.1388
979,505,1484,0.1388
975,512,1487,0.1388
968,516,1484,0.1388
981,516,1497,0.1388
977,525,1502,0.1388
978,527,1505,0.1388
972,528,1500,0.1388
982,526,1508,0.1388
978,518,1496,0.1388
972,524,1496,0.1388
976,524,1500,0.1388
972,531,1503,0.1388
976,525,1501,0.1388
975,530,1505,0.1388
968,536,1504,0.1388
967,529,1496,0.1388
972,523,1495,0.1388
961,525,1486,0.1388
956,518,1474,0.1388
958,521,1479,0.1388
966,535,1501,0.1388
973,528,1501,0.1388
978,530,1508,0.1388
976,528,1504,0.1388
972,523,1495,0.1388
983,521,1504,0.1388
991,527,1518,0.1388
981,524,1505,0.1388
974,521,1495,0.1388
968,520,1488,0.1388
972,524,1496,0.1388
983,523,1506,0.1388
989,528,1517,0.1388
976,528,1504,0.1388
967,529,1496,0.1388
964,538,1502,0.1388
959,542,1501,0.1388
955,540,1495,0.1388
952,532,1484,0.1388
965,534,1499,0.1388
964,541,1505,0.1388
964,549,1513,0.1388
957,549,1506,0.1388
956,552,1508,0.1388
941,551,1492,0.1388
948,552,1500,0.1388
948,556,1504,0.1388
948,551,1499,0.1388
952,547,1499,0.1388
945,549,1494,0.1388
935,548,1483,0.1388
946,554,1500,0.1388
933,562,1495,0.1388
930,557,1487,0.1388
923,558,1481,0.1388
928,558,1486,0.1388
934,562,1496,0.1388
935,566,1501,0.1388
931,560,1491,0.1388
934,564,1498,0.1388
944,568,1512,0.1388
938,566,1504,0.1388
928,565,1493,0.1388
928,576,1504,0.1388
913,578,1491,0.1388
919,575,1494,0.1388
917,570,1487,0.1388
923,569,1492,0.1388
930,568,1498,0.1388
930,574,1504,0.1388
924,580,1504,0.1388
915,582,1497,0.1388
914,589,1503,0.1388
908,584,1492,0.1388
900,583,1483,0.1388
915,583,1498,0.1388
908,593,1501,0.1388
911,582,1493,0.1388
903,583,1486,0.1388
913,579,1492,0.1388
915,586,1501,0.1388
918,590,1508,0.1388
924,592,1516,0.1388
923,588,1511,0.1388
914,584,1498,0.1388
917,587,1504,0.1388
908,589,1497,0.1388
914,587,1501,0.1388
909,590,1499,0.1388
935,590,1525,0.1388
925,582,1507,0.1388
927,587,1514,0.1388
922,586,1508,0.1388
918,577,1495,0.1388
924,581,1505,0.1388
921,585,1506,0.1388
924,584,1508,0.1388
914,588,1502,0.1388
919,583,1502,0.1388
918,572,1490,0.1388
909,585,1494,0.1388
909,592,1501,0.1388
913,593,1506,0.1388
912,597,1509,0.1388
922,598,1520,0.1388
909,596,1505,0.1388
909,588,1497,0.1388
914,586,1500,0.1388
909,584,1493,0.1388
899,591,1490,0.1388
906,596,1502,0.1388
906,601,1507,0.1388
910,611,1521,0.1388
914,603,1517,0.1388
908,604,1512,0.1388
903,609,1512,0.1388
908,607,1515,0.1388
901,597,1498,0.1388
900,593,1493,0.1388
901,599,1500,0.1388
897,592,1489,0.1388
903,600,1503,0.1388
902,603,1505,0.1388
913,597,1510,0.1388
903,597,1500,0.1388
907,603,1510,0.1388
912,611,1523,0.1388
906,608,1514,0.1388
904,606,1510,0.1388
902,606,1508,0.1388
903,592,1495,0.1388
890,596,1486,0.1388
900,607,1507,0.1388
901,603,1504,0.1388
890,607,1497,0.1388
892,603,1495,0.1388
907,597,1504,0.1388
895,597,1492,0.1388
889,606,1495,0.1388
880,606,1486,0.1388
882,609,1491,0.1388
881,622,1503,0.1388
883,613,1496,0.1388
878,634,1512,0.1388
873,637,1510,0.1388
876,629,1505,0.1388
877,632,1509,0.1388
870,629,1499,0.1388
876,630,1506,0.1388
878,631,1509,0.1388
879,635,1514,0.1388
880,632,1512,0.1388
877,635,1512,0.1388
870,637,1507,0.1388
876,639,1515,0.1388
875,632,1507,0.1388
879,639,1518,0.1388
879,641,1520,0.1388
875,640,1515,0.1388
868,638,1506,0.1388
862,642,1504,0.1388
865,640,1505,0.1388
862,644,1506,0.1388
857,639,1496,0.1388
853,646,1499,0.1388
847,643,1490,0.1388
855,642,1497,0.1388
856,644,1500,0.1388
866,640,1506,0.1388
870,647,1517,0.1388
860,646,1506,0.1388
862,650,1512,0.1388
868,652,1520,0.1388
872,651,1523,0.1388
866,647,1513,0.1388
876,650,1526,0.1388
872,651,1523,0.1388
861,655,1516,0.1388
853,650,1503,0.1388
861,651,1512,0.1388
865,653,1518,0.1388
859,655,1514,0.1388
854,656,1510,0.1388
853,664,1517,0.1388
848,654,1502,0.1388
848,646,1494,0.1388
845,648,1493,0.1388
850,659,1509,0.1388
845,661,1506,0.1388
840,668,1508,0.1388
834,672,1506,0.1388
829,675,1504,0.1388
830,679,1509,0.1388
834,681,1515,0.1388
838,671,1509,0.1388
841,684,1525,0.1388
833,684,1517,0.1388
834,682,1516,0.1388
825,678,1503,0.1388
828,681,1509,0.1388
826,685,1511,0.1388
831,683,1514,0.1388
829,687,1516,0.1388
820,681,1501,0.1388
820,668,1488,0.1388
815,675,1490,0.1388
825,682,1507,0.1388
827,685,1512,0.1388
817,684,1501,0.1388
814,702,1516,0.1388
815,696,1511,0.1388
811,693,1504,0.1388
809,700,1509,0.1388
806,696,1502,0.1388
814,692,1506,0.1388
802,705,1507,0.1388
797,706,1503,0.1388
809,708,1517,0.1388
801,713,1514,0.1388
802,717,1519,0.1388
811,715,1526,0.1388
805,711,1516,0.1388
802,718,1520,0.1388
799,719,1518,0.1388
805,717,1522,0.1388
786,716,1502,0.1388
796,710,1506,0.1388
784,714,1498,0.1388
780,717,1497,0.1388
774,710,1484,0.1388
783,719,1502,0.1388
789,714,1503,0.1388
781,712,1493,0.1388
780,720,1500,0.1388
779,721,1500,0.1388
776,721,1497,0.1388
784,729,1513,0.1388
781,729,1510,0.1388
787,729,1516,0.1388
785,727,1512,0.1388
783,721,1504,0.1388
786,731,1517,0.1388
768,723,1491,0.1388
773,723,1496,0.1388
777,724,1501,0.1388
778,735,1513,0.1388
780,732,1512,0.1388
783,738,1521,0.1388
778,734,1512,0.1388
777,734,1511,0.1388
780,739,1519,0.1388
788,737,1525,0.1388
779,736,1515,0.1388
778,741,1519,0.1388
773,740,1513,0.1388
764,733,1497,0.1388
771,743,1514,0.1388
770,743,1513,0.1388
767,753,1520,0.1388
769,747,1516,0.1388
766,749,1515,0.1388
755,749,1504,0.1388
752,747,1499,0.1388
746,750,1496,0.1388
752,747,1499,0.1388
751,756,1507,0.1388
749,762,1511,0.1388
746,759,1505,0.1388
741,764,1505,0.1388
731,764,1495,0.1388
726,766,1492,0.1388
737,761,1498,0.1388
732,752,1484,0.1388
731,756,1487,0.1388
743,760,1503,0.1388
733,759,1492,0.1388
728,763,1491,0.1388
728,770,1498,0.1388
735,765,1500,0.1388
739,765,1504,0.1388
740,764,1504,0.1388
740,769,1509,0.1388
737,772,1509,0.1388
749,771,1520,0.1388
753,767,1520,0.1388
748,764,1512,0.1388
743,770,1513,0.1388
740,771,1511,0.1388
740,767,1507,0.1388
746,778,1524,0.1388
732,775,1507,0.1388
734,764,1498,0.1388
736,772,1508,0.1388
741,784,1525,0.1388
738,777,1515,0.1388
734,783,1517,0.1388
733,790,1523,0.1388
732,792,1524,0.1388
730,791,1521,0.1388
725,784,1509,0.1388
727,788,1515,0.1388
726,795,1521,0.1388
728,790,1518,0.1388
734,781,1515,0.1388
735,782,1517,0.1388
738,778,1516,0.1388
743,765,1508,0.1388
725,770,1495,0.1388
729,774,1503,0.1388
731,774,1505,0.1388
728,774,1502,0.1388
729,769,1498,0.1388
729,779,1508,0.1388
721,778,1499,0.1388
724,782,1506,0.1388
722,790,1512,0.1388
722,790,1512,0.1388
723,787,1510,0.1388
718,790,1508,0.1388
714,793,1507,0.1388
721,782,1503,0.1388
720,787,1507,0.1388
731,790,1521,0.1388
727,779,1506,0.1388
727,783,1510,0.1388
730,789,1519,0.1388
732,791,1523,0.1388
729,791,1520,0.1388
730,789,1519,0.1388
721,800,1521,0.1388
719,797,1516,0.1388
723,793,1516,0.1388
723,786,1509,0.1388
715,787,1502,0.1388
711,781,1492,0.1388
706,793,1499,0.1388
703,799,1502,0.1388
703,783,1486,0.1388
711,772,1483,0.1388
726,778,1504,0.1388
723,790,1513,0.1388
741,786,1527,0.1388
723,787,1510,0.1388
726,796,1522,0.1388
716,790,1506,0.1388
723,794,1517,0.1388
717,789,1506,0.1388
711,788,1499,0.1388
715,786,1501,0.1388
703,782,1485,0.1388
710,782,1492,0.1388
715,786,1501,0.1388
722,790,1512,0.1388
723,795,1518,0.1388
715,785,1500,0.1388
713,783,1496,0.1388
711,777,1488,0.1388
709,779,1488,0.1388
709,781,1490,0.1388
708,782,1490,0.1388
705,783,1488,0.1388
702,786,1488,0.1388
707,793,1500,0.1388
702,799,1501,0.1388
695,795,1490,0.1388
701,802,1503,0.1388
698,800,1498,0.1388
701,802,1503,0.1388
712,801,1513,0.1388
699,808,1507,0.1388
698,804,1502,0.1388
699,805,1504,0.1388
700,797,1497,0.1388
690,819,1509,0.1388
694,821,1515,0.1388
698,819,1517,0.1388
702,815,1517,0.1388
695,808,1503,0.1388
695,802,1497,0.1388
695,804,1499,0.1388
690,799,1489,0.1388
696,817,1513,0.1388
693,821,1514,0.1388
697,820,1517,0.1388
699,806,1505,0.1388
701,817,1518,0.1388
697,815,1512,0.1388
682,822,1504,0.1388
685,822,1507,0.1388
685,817,1502,0.1388
680,812,1492,0.1388
685,824,1509,0.1388
689,831,1520,0.1388
687,836,1523,0.1388
692,835,1527,0.1388
687,841,1528,0.1388
689,839,1528,0.1388
679,835,1514,0.1388
683,833,1516,0.1388
678,842,1520,0.1388
670,842,1512,0.1388
667,850,1517,0.1388
677,848,1525,0.1388
675,832,1507,0.1388
672,828,1500,0.1388
668,824,1492,0.1388
661,825,1486,0.1388
662,827,1489,0.1388
654,838,1492,0.1388
663,828,1491,0.1388
669,827,1496,0.1388
665,834,1499,0.1388
660,828,1488,0.1388
664,833,1497,0.1388
671,840,1511,0.1388
672,836,1508,0.1388
665,844,1509,0.1388
664,842,1506,0.1388
661,849,1510,0.1388
663,843,1506,0.1388
662,837,1499,0.1388
665,834,1499,0.1388
657,849,1506,0.1388
655,842,1497,0.1388
663,842,1505,0.1388
666,842,1508,0.1388
661,845,1506,0.1388
669,843,1512,0.1388
659,846,1505,0.1388
653,844,1497,0.1388
644,849,1493,0.1388
645,842,1487,0.1388
643,849,1492,0.1388
647,852,1499,0.1388
639,868,1507,0.1388
645,867,1512,0.1388
645,867,1512,0.1388
644,858,1502,0.1388
646,854,1500,0.1388
638,870,1508,0.1388
642,878,1520,0.1388
644,883,1527,0.1388
656,882,1538,0.1388
639,870,1509,0.1388
633,876,1509,0.1388
637,868,1505,0.1388
641,873,1514,0.1388
640,875,1515,0.1388
640,872,1512,0.1388
634,876,1510,0.1388
635,880,1515,0.1388
639,880,1519,0.1388
631,878,1509,0.1388
628,898,1526,0.1388
632,898,1530,0.1388
618,896,1514,0.1388
619,891,1510,0.1388
620,882,1502,0.1388
621,880,1501,0.1388
615,885,1500,0.1388
607,891,1498,0.1388
608,882,1490,0.1388
617,883,1500,0.1388
626,882,1508,0.1388
625,881,1506,0.1388
629,894,1523,0.1388
622,884,1506,0.1388
626,879,1505,0.1388
627,884,1511,0.1388
632,889,1521,0.1388
635,893,1528,0.1388
631,887,1518,0.1388
631,888,1519,0.1388
631,883,1514,0.1388
626,891,1517,0.1388
622,888,1510,0.1388
619,894,1513,0.1388
622,898,1520,0.1388
616,891,1507,0.1388
622,879,1501,0.1388
611,891,1502,0.1388
604,896,1500,0.1388
605,902,1507,0.1388
612,904,1516,0.1388
608,907,1515,0.1388
609,911,1520,0.1388
605,911,1516,0.1388
598,905,1503,0.1388
584,915,1499,0.1388
584,913,1497,0.1388
589,915,1504,0.1388
591,921,1512,0.1388
585,928,1513,0.1388
581,929,1510,0.1388
592,922,1514,0.1388
599,918,1517,0.1388
595,916,1511,0.1388
592,923,1515,0.1388
580,926,1506,0.1388
583,928,1511,0.1388
578,941,1519,0.1388
577,942,1519,0.1388
574,946,1520,0.1388
573,934,1507,0.1388
576,930,1506,0.1388
576,918,1494,0.1388
572,919,1491,0.1388
571,926,1497,0.1388
560,928,1488,0.1388
565,930,1495,0.1388
565,940,1505,0.1388
554,938,1492,0.1388
556,946,1502,0.1388
558,947,1505,0.1388
556,957,1513,0.1388
565,960,1525,0.1388
562,952,1514,0.1388
561,951,1512,0.1388
553,956,1509,0.1388
541,962,1503,0.1388
542,967,1509,0.1388
549,956,1505,0.1388
543,953,1496,0.1388
536,957,1493,0.1388
538,948,1486,0.1388
535,957,1492,0.1388
538,963,1501,0.1388
545,967,1512,0.1388
543,958,1501,0.1388
540,962,1502,0.1388
536,958,1494,0.1388
537,961,1498,0.1388
540,975,1515,0.1388
542,968,1510,0.1388
535,957,1492,0.1388
536,964,1500,0.1388
532,964,1496,0.1388
532,969,1501,0.1388
534,970,1504,0.1388
540,970,1510,0.1388
540,967,1507,0.1388
551,974,1525,0.1388
549,974,1523,0.1388
550,968,1518,0.1388
545,958,1503,0.1388
540,972,1512,0.1388
539,983,1522,0.1388
533,979,1512,0.1388
543,973,1516,0.1388
537,974,1511,0.1388
527,985,1512,0.1388
535,979,1514,0.1388
531,979,1510,0.1388
534,967,1501,0.1388
532,970,1502,0.1388
526,951,1477,0.1388
519,959,1478,0.1388
519,966,1485,0.1388
528,972,1500,0.1388
525,965,1490,0.1388
532,972,1504,0.1388
530,979,1509,0.1388
529,972,1501,0.1388
533,974,1507,0.1388
538,986,1524,0.1388
533,986,1519,0.1388
531,982,1513,0.1388
539,985,1524,0.1388
539,977,1516,0.1388
533,980,1513,0.1388
533,991,1524,0.1388
522,1000,1522,0.1388
518,993,1511,0.1388
515,989,1504,0.1388
520,991,1511,0.1388
522,990,1512,0.1388
524,988,1512,0.1388
518,981,1499,0.1388
513,983,1496,0.1388
518,990,1508,0.1388
517,991,1508,0.1388
520,996,1516,0.1388
516,998,1514,0.1388
509,999,1508,0.1388
505,1008,1513,0.1388
513,1005,1518,0.1388
501,994,1495,0.1388
503,991,1494,0.1388
506,1005,1511,0.1388
507,1004,1511,0.1388
501,999,1500,0.1388
500,1004,1504,0.1388
502,1001,1503,0.1388
500,997,1497,0.1388
501,1003,1504,0.1388
499,1006,1505,0.1388
501,1003,1504,0.1388
496,1008,1504,0.1388
496,1011,1507,0.1388
493,1022,1515,0.1388
492,1015,1507,0.1388
498,1015,1513,0.1388
505,1009,1514,0.1388
502,1006,1508,0.1388
498,1000,1498,0.1388
500,1012,1512,0.1388
496,1019,1515,0.1388
500,1017,1517,0.1388
500,1009,1509,0.1388
493,1017,1510,0.1388
491,1020,1511,0.1388
493,1030,1523,0.1388
495,1023,1518,0.1388
487,1016,1503,0.1388
494,1013,1507,0.1388
496,1018,1514,0.1388
499,1009,1508,0.1388
496,1019,1515,0.1388
493,1026,1519,0.1388
491,1016,1507,0.1388
484,1005,1489,0.1388
483,1021,1504,0.1388
490,1030,1520,0.1388
491,1035,1526,0.1388
494,1031,1525,0.1388
486,1029,1515,0.1388
489,1027,1516,0.1388
486,1021,1507,0.1388
485,1020,1505,0.1388
485,1034,1519,0.1388
492,1032,1524,0.1388
495,1030,1525,0.1388
491,1022,1513,0.1388
499,1023,1522,0.1388
498,1029,1527,0.1388
498,1030,1528,0.1388
497,1030,1527,0.1388
490,1022,1512,0.1388
482,1025,1507,0.1388
477,1028,1505,0.1388
481,1024,1505,0.1388
488,1028,1516,0.1388
483,1026,1509,0.1388
484,1025,1509,0.1388
481,1028,1509,0.1388
482,1026,1508,0.1388
487,1037,1524,0.1388
484,1032,1516,0.1388
486,1026,1512,0.1388
482,1017,1499,0.1388
483,1008,1491,0.1388
487,1017,1504,0.1388
492,1017,1509,0.1388
490,1014,1504,0.1388
495,1015,1510,0.1388
490,1015,1505,0.1388
490,1023,1513,0.1388
484,1018,1502,0.1388
488,1017,1505,0.1388
494,1036,1530,0.1388
490,1030,1520,0.1388
479,1039,1518,0.1388
485,1029,1514,0.1388
471,1034,1505,0.1388
466,1036,1502,0.1388
461,1031,1492,0.1388
463,1036,1499,0.1388
469,1042,1511,0.1388
468,1046,1514,0.1388
469,1048,1517,0.1388
456,1056,1512,0.1388
450,1061,1511,0.1388
446,1065,1511,0.1388
453,1064,1517,0.1388
450,1065,1515,0.1388
450,1061,1511,0.1388
444,1066,1510,0.1388
442,1063,1505,0.1388
444,1062,1506,0.1388
442,1074,1516,0.1388
442,1079,1521,0.1388
432,1080,1512,0.1388
436,1079,1515,0.1388
434,1067,1501,0.1388
437,1079,1516,0.1388
436,1073,1509,0.1388
438,1056,1494,0.1388
438,1060,1498,0.1388
436,1060,1496,0.1388
436,1061,1497,0.1388
434,1073,1507,0.1388
436,1089,1525,0.1388
434,1091,1525,0.1388
436,1090,1526,0.1388
436,1090,1526,0.1388
436,1088,1524,0.1388
435,1088,1523,0.1388
432,1090,1522,0.1388
429,1095,1524,0.1388
429,1090,1519,0.1388
426,1076,1502,0.1388
426,1078,1504,0.1388
431,1086,1517,0.1388
426,1071,1497,0.1388
428,1072,1500,0.1388
426,1081,1507,0.1388
425,1093,1518,0.1388
424,1091,1515,0.1388
414,1095,1509,0.1388
413,1096,1509,0.1388
410,1104,1514,0.1388
406,1096,1502,0.1388
406,1096,1502,0.1388
404,1104,1508,0.1388
406,1108,1514,0.1388
401,1098,1499,0.1388
405,1111,1516,0.1388
408,1112,1520,0.1388
406,1115,1521,0.1388
405,1117,1522,0.1388
408,1120,1528,0.1388
409,1110,1519,0.1388
406,1105,1511,0.1388
410,1105,1515,0.1388
411,1108,1519,0.1388
416,1104,1520,0.1388
410,1114,1524,0.1388
408,1116,1524,0.1388
406,1101,1507,0.1388
406,1095,1501,0.1388
406,1105,1511,0.1388
409,1110,1519,0.1388
414,1109,1523,0.1388
410,1098,1508,0.1388
410,1101,1511,0.1388
405,1106,1511,0.1388
403,1111,1514,0.1388
403,1104,1507,0.1388
401,1099,1500,0.1388
398,1109,1507,0.1388
395,1111,1506,0.1388
400,1117,1517,0.1388
399,1112,1511,0.1388
394,1116,1510,0.1388
385,1118,1503,0.1388
390,1107,1497,0.1388
395,1112,1507,0.1388
392,1118,1510,0.1388
398,1113,1511,0.1388
389,1098,1487,0.1388
390,1102,1492,0.1388
393,1107,1500,0.1388
403,1107,1510,0.1388
400,1109,1509,0.1388
401,1107,1508,0.1388
398,1095,1493,0.1388
404,1113,1517,0.1388
393,1128,1521,0.1388
390,1119,1509,0.1388
395,1112,1507,0.1388
388,1115,1503,0.1388
393,1115,1508,0.1388
392,1120,1512,0.1388
396,1121,1517,0.1388
388,1119,1507,0.1388
393,1123,1516,0.1388
388,1126,1514,0.1388
384,1120,1504,0.1388
382,1134,1516,0.1388
392,1130,1522,0.1388
389,1141,1530,0.1388
387,1135,1522,0.1388
386,1122,1508,0.1388
377,1130,1507,0.1388
377,1137,1514,0.1388
373,1131,1504,0.1388
374,1125,1499,0.1388
381,1134,1515,0.1388
380,1142,1522,0.1388
378,1133,1511,0.1388
375,1139,1514,0.1388
380,1137,1517,0.1388
381,1132,1513,0.1388
376,1131,1507,0.1388
379,1129,1508,0.1388
381,1128,1509,0.1388
377,1123,1500,0.1388
376,1120,1496,0.1388
381,1123,1504,0.1388
376,1125,1501,0.1388
373,1133,1506,0.1388
371,1142,1513,0.1388
370,1147,1517,0.1388
376,1137,1513,0.1388
371,1137,1508,0.1388
377,1127,1504,0.1388
381,1130,1511,0.1388
383,1130,1513,0.1388
380,1135,1515,0.1388
380,1124,1504,0.1388
375,1124,1499,0.1388
373,1133,1506,0.1388
365,1133,1498,0.1388
361,1131,1492,0.1388
366,1133,1499,0.1388
359,1149,1508,0.1388
363,1156,1519,0.1388
361,1158,1519,0.1388
368,1152,1520,0.1388
370,1142,1512,0.1388
362,1150,1512,0.1388
364,1152,1516,0.1388
364,1146,1510,0.1388
360,1147,1507,0.1388
360,1146,1506,0.1388
364,1136,1500,0.1388
363,1146,1509,0.1388
364,1144,1508,0.1388
359,1153,1512,0.1388
356,1170,1526,0.1388
356,1165,1521,0.1388
358,1158,1516,0.1388
355,1170,1525,0.1388
358,1173,1531,0.1388
367,1174,1541,0.1388
365,1173,1538,0.1388
370,1166,1536,0.1388
361,1159,1520,0.1388
355,1162,1517,0.1388
346,1164,1510,0.1388
347,1174,1521,0.1388
352,1169,1521,0.1388
352,1163,1515,0.1388
344,1160,1504,0.1388
338,1164,1502,0.1388
334,1174,1508,0.1388
336,1164,1500,0.1388
335,1174,1509,0.1388
343,1165,1508,0.1388
345,1167,1512,0.1388
342,1170,1512,0.1388
349,1162,1511,0.1388
351,1166,1517,0.1388
351,1176,1527,0.1388
351,1184,1535,0.1388
348,1174,1522,0.1388
339,1172,1511,0.1388
336,1177,1513,0.1388
332,1162,1494,0.1388
328,1163,1491,0.1388
337,1179,1516,0.1388
339,1173,1512,0.1388
337,1170,1507,0.1388
333,1169,1502,0.1388
335,1165,1500,0.1388
334,1178,1512,0.1388
334,1175,1509,0.1388
327,1175,1502,0.1388
322,1178,1500,0.1388
327,1171,1498,0.1388
332,1177,1509,0.1388
340,1180,1520,0.1388
344,1160,1504,0.1388
339,1172,1511,0.1388
334,1186,1520,0.1388
331,1190,1521,0.1388
327,1185,1512,0.1388
331,1195,1526,0.1388
326,1191,1517,0.1388
322,1185,1507,0.1388
326,1198,1524,0.1388
323,1206,1529,0.1388
312,1198,1510,0.1388
320,1199,1519,0.1388
322,1199,1521,0.1388
320,1197,1517,0.1388
317,1198,1515,0.1388
313,1208,1521,0.1388
312,1204,1516,0.1388
314,1202,1516,0.1388
315,1193,1508,0.1388
316,1198,1514,0.1388
319,1200,1519,0.1388
315,1190,1505,0.1388
316,1191,1507,0.1388
312,1178,1490,0.1388
312,1201,1513,0.1388
307,1196,1503,0.1388
303,1205,1508,0.1388
300,1205,1505,0.1388
304,1215,1519,0.1388
306,1226,1532,0.1388
306,1230,1536,0.1388
306,1234,1540,0.1388
306,1229,1535,0.1388
305,1224,1529,0.1388
299,1226,1525,0.1388
293,1221,1514,0.1388
291,1203,1494,0.1388
291,1214,1505,0.1388
291,1220,1511,0.1388
286,1215,1501,0.1388
283,1215,1498,0.1388
290,1220,1510,0.1388
289,1229,1518,0.1388
288,1228,1516,0.1388
290,1215,1505,0.1388
291,1218,1509,0.1388
291,1219,1510,0.1388
300,1207,1507,0.1388
296,1206,1502,0.1388
293,1219,1512,0.1388
291,1226,1517,0.1388
291,1228,1519,0.1388
291,1232,1523,0.1388
287,1240,1527,0.1388
284,1238,1522,0.1388
285,1235,1520,0.1388
280,1238,1518,0.1388
276,1252,1528,0.1388
271,1243,1514,0.1388
268,1251,1519,0.1388
269,1259,1528,0.1388
271,1247,1518,0.1388
274,1243,1517,0.1388
274,1233,1507,0.1388
276,1233,1509,0.1388
272,1235,1507,0.1388
269,1244,1513,0.1388
264,1238,1502,0.1388
266,1239,1505,0.1388
271,1236,1507,0.1388
270,1236,1506,0.1388
266,1243,1509,0.1388
263,1258,1521,0.1388
264,1268,1532,0.1388
261,1261,1522,0.1388
256,1261,1517,0.1388
252,1257,1509,0.1388
256,1259,1515,0.1388
260,1267,1527,0.1388
260,1277,1537,0.1388
260,1278,1538,0.1388
257,1277,1534,0.1388
252,1277,1529,0.1388
251,1265,1516,0.1388
249,1252,1501,0.1388
250,1252,1502,0.1388
254,1258,1512,0.1388
252,1262,1514,0.1388
246,1256,1502,0.1388
248,1262,1510,0.1388
250,1256,1506,0.1388
252,1270,1522,0.1388
255,1262,1517,0.1388
245,1261,1506,0.1388
247,1263,1510,0.1388
247,1269,1516,0.1388
243,1260,1503,0.1388
243,1259,1502,0.1388
243,1273,1516,0.1388
244,1271,1515,0.1388
244,1256,1500,0.1388
244,1267,1511,0.1388
242,1273,1515,0.1388
239,1261,1500,0.1388
238,1265,1503,0.1388
238,1270,1508,0.1388
245,1265,1510,0.1388
241,1279,1520,0.1388
241,1257,1498,0.1388
244,1269,1513,0.1388
243,1273,1516,0.1388
245,1273,1518,0.1388
243,1272,1515,0.1388
248,1273,1521,0.1388
250,1269,1519,0.1388
252,1264,1516,0.1388
246,1266,1512,0.1388
248,1262,1510,0.1388
244,1259,1503,0.1388
246,1259,1505,0.1388
247,1262,1509,0.1388
245,1262,1507,0.1388
243,1262,1505,0.1388
237,1264,1501,0.1388
238,1264,1502,0.1388
248,1271,1519,0.1388
244,1269,1513,0.1388
241,1268,1509,0.1388
236,1286,1522,0.1388
231,1272,1503,0.1388
233,1280,1513,0.1388
236,1289,1525,0.1388
235,1282,1517,0.1388
226,1282,1508,0.1388
231,1278,1509,0.1388
233,1277,1510,0.1388
235,1274,1509,0.1388
238,1270,1508,0.1388
234,1272,1506,0.1388
236,1264,1500,0.1388
239,1244,1483,0.1388
242,1247,1489,0.1388
245,1258,1503,0.1388
244,1263,1507,0.1388
247,1266,1513,0.1388
242,1259,1501,0.1388
245,1262,1507,0.1388
250,1265,1515,0.1388
250,1273,1523,0.1388
249,1272,1521,0.1388
243,1264,1507,0.1388
240,1268,1508,0.1388
240,1275,1515,0.1388
241,1275,1516,0.1388
236,1263,1499,0.1388
239,1270,1509,0.1388
241,1268,1509,0.1388
235,1264,1499,0.1388
237,1280,1517,0.1388
239,1267,1506,0.1388
240,1272,1512,0.1388
239,1290,1529,0.1388
241,1288,1529,0.1388
238,1285,1523,0.1388
241,1280,1521,0.1388
240,1283,1523,0.1388
244,1285,1529,0.1388
239,1278,1517,0.1388
240,1275,1515,0.1388
239,1274,1513,0.1388
233,1288,1521,0.1388
235,1286,1521,0.1388
232,1276,1508,0.1388
231,1284,1515,0.1388
223,1284,1507,0.1388
228,1293,1521,0.1388
223,1301,1524,0.1388
225,1293,1518,0.1388
223,1290,1513,0.1388
226,1281,1507,0.1388
222,1289,1511,0.1388
221,1298,1519,0.1388
222,1306,1528,0.1388
216,1300,1516,0.1388
213,1300,1513,0.1388
214,1309,1523,0.1388
216,1313,1529,0.1388
212,1314,1526,0.1388
213,1311,1524,0.1388
211,1313,1524,0.1388
208,1312,1520,0.1388
205,1300,1505,0.1388
204,1293,1497,0.1388
201,1289,1490,0.1388
202,1289,1491,0.1388
206,1297,1503,0.1388
203,1299,1502,0.1388
201,1300,1501,0.1388
208,1308,1516,0.1388
206,1297,1503,0.1388
203,1300,1503,0.1388
203,1303,1506,0.1388
206,1307,1513,0.1388
203,1308,1511,0.1388
201,1322,1523,0.1388
202,1305,1507,0.1388
201,1312,1513,0.1388
205,1313,1518,0.1388
203,1308,1511,0.1388
205,1309,1514,0.1388
207,1313,1520,0.1388
206,1314,1520,0.1388
212,1306,1518,0.1388
209,1296,1505,0.1388
204,1299,1503,0.1388
199,1313,1512,0.1388
197,1297,1494,0.1388
196,1309,1505,0.1388
196,1318,1514,0.1388
197,1314,1511,0.1388
198,1322,1520,0.1388
196,1320,1516,0.1388
194,1330,1524,0.1388
195,1324,1519,0.1388
197,1315,1512,0.1388
190,1310,1500,0.1388
186,1321,1507,0.1388
186,1326,1512,0.1388
184,1320,1504,0.1388
180,1321,1501,0.1388
182,1329,1511,0.1388
182,1329,1511,0.1388
180,1337,1517,0.1388
178,1337,1515,0.1388
177,1337,1514,0.1388
177,1351,1528,0.1388
175,1353,1528,0.1388
173,1347,1520,0.1388
174,1350,1524,0.1388
172,1348,1520,0.1388
172,1356,1528,0.1388
169,1348,1517,0.1388
166,1352,1518,0.1388
164,1355,1519,0.1388
164,1353,1517,0.1388
165,1358,1523,0.1388
164,1352,1516,0.1388
166,1355,1521,0.1388
164,1346,1510,0.1388
166,1357,1523,0.1388
168,1351,1519,0.1388
168,1344,1512,0.1388
163,1349,1512,0.1388
165,1352,1517,0.1388
162,1352,1514,0.1388
164,1369,1533,0.1388
165,1358,1523,0.1388
167,1353,1520,0.1388
166,1349,1515,0.1388
168,1344,1512,0.1388
167,1344,1511,0.1388
168,1358,1526,0.1388
167,1350,1517,0.1388
168,1352,1520,0.1388
167,1353,1520,0.1388
168,1343,1511,0.1388
168,1353,1521,0.1388
162,1356,1518,0.1388
160,1365,1525,0.1388
159,1369,1528,0.1388
157,1362,1519,0.1388
155,1358,1513,0.1388
154,1358,1512,0.1388
152,1365,1517,0.1388
149,1378,1527,0.1388
147,1376,1523,0.1388
147,1380,1527,0.1388
147,1382,1529,0.1388
141,1358,1499,0.1388
140,1361,1501,0.1388
140,1364,1504,0.1388
141,1373,1514,0.1388
137,1371,1508,0.1388
137,1373,1510,0.1388
131,1372,1503,0.1388
131,1378,1509,0.1388
130,1386,1516,0.1388
127,1388,1515,0.1388
121,1398,1519,0.1388
122,1394,1516,0.1388
123,1389,1512,0.1388
121,1390,1511,0.1388
121,1389,1510,0.1388
120,1390,1510,0.1388
117,1406,1523,0.1388
116,1408,1524,0.1388
116,1393,1509,0.1388
116,1404,1520,0.1388
113,1403,1516,0.1388
111,1409,1520,0.1388
109,1407,1516,0.1388
111,1405,1516,0.1388
107,1408,1515,0.1388
108,1405,1513,0.1388
107,1401,1508,0.1388
111,1409,1520,0.1388
112,1407,1519,0.1388
112,1391,1503,0.1388
110,1406,1516,0.1388
111,1404,1515,0.1388
115,1392,1507,0.1388
115,1377,1492,0.1388
113,1381,1494,0.1388
115,1391,1506,0.1388
115,1396,1511,0.1388
112,1404,1516,0.1388
111,1384,1495,0.1388
107,1384,1491,0.1388
106,1401,1507,0.1388
102,1412,1514,0.1388
99,1418,1517,0.1388
100,1416,1516,0.1388
99,1413,1512,0.1388
102,1413,1515,0.1388
103,1410,1513,0.1388
103,1403,1506,0.1388
105,1409,1514,0.1388
105,1403,1508,0.1388
106,1398,1504,0.1388
107,1405,1512,0.1388
105,1393,1498,0.1388
104,1395,1499,0.1388
102,1400,1502,0.1388
100,1398,1498,0.1388
99,1405,1504,0.1388
97,1412,1509,0.1388
99,1412,1511,0.1388
96,1417,1513,0.1388
92,1419,1511,0.1388
95,1419,1514,0.1388
95,1428,1523,0.1388
97,1436,1533,0.1388
93,1441,1534,0.1388
91,1438,1529,0.1388
91,1431,1522,0.1388
93,1421,1514,0.1388
90,1415,1505,0.1388
89,1415,1504,0.1388
88,1426,1514,0.1388
89,1424,1513,0.1388
85,1430,1515,0.1388
87,1427,1514,0.1388
85,1438,1523,0.1388
81,1442,1523,0.1388
79,1439,1518,0.1388
78,1448,1526,0.1388
79,1448,1527,0.1388
79,1445,1524,0.1388
80,1432,1512,0.1388
78,1447,1525,0.1388
77,1447,1524,0.1388
77,1447,1524,0.1388
75,1453,1528,0.1388
75,1452,1527,0.1388
74,1445,1519,0.1388
73,1431,1504,0.1388
75,1428,1503,0.1388
75,1420,1495,0.1388
71,1439,1510,0.1388
72,1437,1509,0.1388
72,1440,1512,0.1388
73,1443,1516,0.1388
70,1439,1509,0.1388
69,1433,1502,0.1388
68,1444,1512,0.1388
68,1448,1516,0.1388
65,1442,1507,0.1388
61,1438,1499,0.1388
61,1449,1510,0.1388
62,1453,1515,0.1388
61,1464,1525,0.1388
63,1451,1514,0.1388
64,1467,1531,0.1388
63,1459,1522,0.1388
60,1451,1511,0.1388
59,1464,1523,0.1388
58,1455,1513,0.1388
55,1447,1502,0.1388
57,1447,1504,0.1388
57,1448,1505,0.1388
57,1443,1500,0.1388
56,1438,1494,0.1388
57,1440,1497,0.1388
55,1444,1499,0.1388
55,1454,1509,0.1388
52,1449,1501,0.1388
53,1462,1515,0.1388
55,1461,1516,0.1388
55,1452,1507,0.1388
53,1455,1508,0.1388
52,1457,1509,0.1388
49,1468,1517,0.1388
49,1467,1516,0.1388
47,1465,1512,0.1388
48,1464,1512,0.1388
51,1474,1525,0.1388
53,1457,1510,0.1388
52,1454,1506,0.1388
51,1457,1508,0.1388
53,1474,1527,0.1388
54,1471,1525,0.1388
51,1470,1521,0.1388
52,1455,1507,0.1388
53,1451,1504,0.1388
56,1447,1503,0.1388
57,1444,1501,0.1388
57,1448,1505,0.1388
61,1458,1519,0.1388
58,1444,1502,0.1388
57,1447,1504,0.1388
54,1435,1489,0.1388
56,1447,1503,0.1388
54,1460,1514,0.1388
57,1452,1509,0.1388
57,1458,1515,0.1388
54,1459,1513,0.1388
54,1463,1517,0.1388
53,1446,1499,0.1388
54,1466,1520,0.1388
54,1466,1520,0.1388
54,1465,1519,0.1388
52,1473,1525,0.1388
52,1464,1516,0.1388
55,1453,1508,0.1388
56,1446,1502,0.1388
56,1451,1507,0.1388
57,1443,1500,0.1388
57,1449,1506,0.1388
55,1462,1517,0.1388
55,1461,1516,0.1388
54,1455,1509,0.1388
53,1456,1509,0.1388
52,1462,1514,0.1388
53,1462,1515,0.1388
52,1467,1519,0.1388
48,1460,1508,0.1388
50,1469,1519,0.1388
51,1477,1528,0.1388
53,1473,1526,0.1388
51,1468,1519,0.1388
50,1476,1526,0.1388
50,1477,1527,0.1388
50,1474,1524,0.1388
52,1470,1522,0.1388
51,1475,1526,0.1388
51,1466,1517,0.1388
51,1467,1518,0.1388
50,1481,1531,0.1388
49,1473,1522,0.1388
49,1474,1523,0.1388
48,1476,1524,0.1388
48,1481,1529,0.1388
47,1483,1530,0.1388
46,1485,1531,0.1388
45,1486,1531,0.1388
43,1486,1529,0.1388
45,1488,1533,0.1388
42,1486,1528,0.1388
43,1470,1513,0.1388
42,1454,1496,0.1388
41,1461,1502,0.1388
43,1456,1499,0.1388
43,1458,1501,0.1388
45,1470,1515,0.1388
43,1460,1503,0.1388
43,1452,1495,0.1388
46,1448,1494,0.1388
45,1461,1506,0.1388
42,1455,1497,0.1388
41,1457,1498,0.1388
41,1459,1500,0.1388
40,1460,1500,0.1388
40,1459,1499,0.1388
40,1465,1505,0.1388
40,1464,1504,0.1388
40,1455,1495,0.1388
41,1466,1507,0.1388
41,1474,1515,0.1388
41,1468,1509,0.1388
42,1469,1511,0.1388
41,1474,1515,0.1388
40,1485,1525,0.1388
37,1468,1505,0.1388
34,1478,1512,0.1388
34,1479,1513,0.1388
34,1481,1515,0.1388
32,1489,1521,0.1388
31,1489,1520,0.1388
32,1483,1515,0.1388
31,1474,1505,0.1388
30,1478,1508,0.1388
31,1487,1518,0.1388
32,1483,1515,0.1388
33,1489,1522,0.1388
33,1477,1510,0.1388
32,1485,1517,0.1388
32,1476,1508,0.1388
33,1482,1515,0.1388
32,1484,1516,0.1388
32,1485,1517,0.1388
31,1473,1504,0.1388
32,1491,1523,0.1388
34,1488,1522,0.1388
35,1489,1524,0.1388
35,1471,1506,0.1388
35,1487,1522,0.1388
35,1477,1512,0.1388
35,1471,1506,0.1388
36,1478,1514,0.1388
35,1480,1515,0.1388
36,1462,1498,0.1388
36,1476,1512,0.1388
36,1483,1519,0.1388
35,1490,1525,0.1388
33,1490,1523,0.1388
34,1489,1523,0.1388
34,1492,1526,0.1388
34,1495,1529,0.1388
31,1478,1509,0.1388
31,1467,1498,0.1388
30,1477,1507,0.1388
33,1476,1509,0.1388
30,1484,1514,0.1388
30,1489,1519,0.1388
30,1485,1515,0.1388
30,1491,1521,0.1388
29,1494,1523,0.1388
30,1490,1520,0.1388
30,1496,1526,0.1388
30,1491,1521,0.1388
33,1492,1525,0.1388
33,1499,1532,0.1388
31,1491,1522,0.1388
32,1487,1519,0.1388
33,1491,1524,0.1388
34,1482,1516,0.1388
34,1487,1521,0.1388
34,1472,1506,0.1388
34,1475,1509,0.1388
34,1484,1518,0.1388
31,1498,1529,0.1388
30,1493,1523,0.1388
30,1495,1525,0.1388
29,1487,1516,0.1388
32,1480,1512,0.1388
32,1491,1523,0.1388
32,1490,1522,0.1388
33,1485,1518,0.1388
33,1486,1519,0.1388
30,1480,1510,0.1388
29,1484,1513,0.1388
28,1470,1498,0.1388
29,1473,1502,0.1388
29,1488,1517,0.1388
30,1490,1520,0.1388
30,1494,1524,0.1388
31,1478,1509,0.1388
31,1481,1512,0.1388
32,1484,1516,0.1388
32,1485,1517,0.1388
32,1482,1514,0.1388
33,1480,1513,0.1388
33,1493,1526,0.1388
34,1484,1518,0.1388
34,1482,1516,0.1388
33,1467,1500,0.1388
33,1481,1514,0.1388
33,1479,1512,0.1388
33,1491,1524,0.1388
31,1490,1521,0.1388
29,1497,1526,0.1388
28,1494,1522,0.1388
26,1495,1521,0.1388
26,1502,1528,0.1388
29,1497,1526,0.1388
30,1488,1518,0.1388
29,1488,1517,0.1388
28,1492,1520,0.1388
29,1500,1529,0.1388
31,1499,1530,0.1388
30,1506,1536,0.1388
30,1506,1536,0.1388
31,1485,1516,0.1388
32,1475,1507,0.1388
31,1482,1513,0.1388
32,1502,1534,0.1388
31,1503,1534,0.1388
31,1493,1524,0.1388
30,1497,1527,0.1388
30,1488,1518,0.1388
32,1484,1516,0.1388
31,1488,1519,0.1388
29,1490,1519,0.1388
31,1498,1529,0.1388
30,1494,1524,0.1388
28,1483,1511,0.1388
28,1484,1512,0.1388
26,1480,1506,0.1388
28,1488,1516,0.1388
28,1479,1507,0.1388
32,1477,1509,0.1388
32,1482,1514,0.1388
34,1487,1521,0.1388
34,1483,1517,0.1388
34,1492,1526,0.1388
34,1482,1516,0.1388
36,1478,1514,0.1388
36,1486,1522,0.1388
35,1479,1514,0.1388
34,1484,1518,0.1388
33,1498,1531,0.1388
34,1491,1525,0.1388
34,1484,1518,0.1388
34,1492,1526,0.1388
34,1475,1509,0.1388
34,1475,1509,0.1388
35,1480,1515,0.1388
32,1484,1516,0.1388
32,1493,1525,0.1388
32,1507,1539,0.1388
32,1506,1538,0.1388
32,1504,1536,0.1388
30,1503,1533,0.1388
31,1487,1518,0.1388
32,1475,1507,0.1388
31,1472,1503,0.1388
31,1483,1514,0.1388
29,1480,1509,0.1388
28,1465,1493,0.1388
27,1461,1488,0.1388
27,1468,1495,0.1388
28,1479,1507,0.1388
28,1471,1499,0.1388
26,1485,1511,0.1388
25,1484,1509,0.1388
24,1490,1514,0.1388
24,1492,1516,0.1388
23,1489,1512,0.1388
22,1501,1523,0.1388
20,1508,1528,0.1388
20,1510,1530,0.1388
20,1504,1524,0.1388
20,1505,1525,0.1388
20,1503,1523,0.1388
21,1501,1522,0.1388
21,1494,1515,0.1388
20,1484,1504,0.1388
20,1480,1500,0.1388
20,1487,1507,0.1388
21,1487,1508,0.1388
21,1484,1505,0.1388
19,1489,1508,0.1388
19,1499,1518,0.1388
19,1503,1522,0.1388
19,1482,1501,0.1388
18,1486,1504,0.1388
16,1481,1497,0.1388
17,1478,1495,0.1388
17,1484,1501,0.1388
16,1497,1513,0.1388
16,1502,1518,0.1388
17,1493,1510,0.1388
16,1491,1507,0.1388
18,1490,1508,0.1388
18,1482,1500,0.1388
18,1495,1513,0.1388
17,1498,1515,0.1388
18,1492,1510,0.1388
18,1503,1521,0.1388
19,1487,1506,0.1388
19,1489,1508,0.1388
19,1480,1499,0.1388
19,1476,1495,0.1388
19,1484,1503,0.1388
19,1479,1498,0.1388
20,1486,1506,0.1388
20,1499,1519,0.1388
19,1497,1516,0.1388
19,1492,1511,0.1388
17,1488,1505,0.1388
19,1496,1515,0.1388
19,1500,1519,0.1388
18,1500,1518,0.1388
18,1507,1525,0.1388
19,1493,1512,0.1388
19,1491,1510,0.1388
19,1485,1504,0.1388
19,1496,1515,0.1388
20,1500,1520,0.1388
20,1506,1526,0.1388
20,1509,1529,0.1388
20,1496,1516,0.1388
19,1500,1519,0.1388
19,1497,1516,0.1388
20,1502,1522,0.1388
19,1512,1531,0.1388
18,1503,1521,0.1388
17,1490,1507,0.1388
19,1477,1496,0.1388
19,1483,1502,0.1388
19,1488,1507,0.1388
20,1481,1501,0.1388
19,1489,1508,0.1388
18,1490,1508,0.1388
20,1492,1512,0.1388
20,1486,1506,0.1388
19,1499,1518,0.1388
19,1494,1513,0.1388
20,1481,1501,0.1388
21,1489,1510,0.1388
21,1487,1508,0.1388
21,1482,1503,0.1388
21,1489,1510,0.1388
21,1495,1516,0.1388
20,1479,1499,0.1388
20,1489,1509,0.1388
20,1501,1521,0.1388
20,1487,1507,0.1388
20,1488,1508,0.1388
20,1502,1522,0.1388
20,1489,1509,0.1388
19,1480,1499,0.1388
18,1482,1500,0.1388
18,1492,1510,0.1388
19,1490,1509,0.1388
19,1494,1513,0.1388
19,1499,1518,0.1388
20,1508,1528,0.1388
20,1512,1532,0.1388
19,1512,1531,0.1388
19,1510,1529,0.1388
19,1505,1524,0.1388
19,1509,1528,0.1388
17,1499,1516,0.1388
15,1508,1523,0.1388
16,1510,1526,0.1388
16,1504,1520,0.1388
16,1511,1527,0.1388
15,1505,1520,0.1388
14,1486,1500,0.1388
16,1486,1502,0.1388
16,1486,1502,0.1388
16,1488,1504,0.1388
15,1501,1516,0.1388
16,1502,1518,0.1388
16,1500,1516,0.1388
16,1503,1519,0.1388
15,1502,1517,0.1388
17,1499,1516,0.1388
16,1501,1517,0.1388
16,1508,1524,0.1388
18,1510,1528,0.1388
18,1499,1517,0.1388
17,1496,1513,0.1388
17,1502,1519,0.1388
17,1511,1528,0.1388
17,1497,1514,0.1388
18,1481,1499,0.1388
18,1496,1514,0.1388
18,1507,1525,0.1388
17,1495,1512,0.1388
16,1506,1522,0.1388
16,1493,1509,0.1388
15,1485,1500,0.1388
14,1495,1509,0.1388
14,1509,1523,0.1388
13,1506,1519,0.1388
13,1500,1513,0.1388
13,1493,1506,0.1388
14,1509,1523,0.1388
14,1504,1518,0.1388
14,1506,1520,0.1388
14,1498,1512,0.1388
14,1486,1500,0.1388
14,1498,1512,0.1388
14,1499,1513,0.1388
14,1488,1502,0.1388
14,1493,1507,0.1388
14,1490,1504,0.1388
13,1502,1515,0.1388
12,1511,1523,0.1388
11,1495,1506,0.1388
11,1505,1516,0.1388
11,1501,1512,0.1388
10,1505,1515,0.1388
10,1503,1513,0.1388
10,1514,1524,0.1388
10,1505,1515,0.1388
10,1514,1524,0.1388
10,1511,1521,0.1388
10,1512,1522,0.1388
10,1501,1511,0.1388
10,1499,1509,0.1388
11,1513,1524,0.1388
10,1513,1523,0.1388
10,1512,1522,0.1388
10,1503,1513,0.1388
10,1516,1526,0.1388
10,1520,1530,0.1388
9,1513,1522,0.1388
9,1512,1521,0.1388
9,1524,1533,0.1388
9,1515,1524,0.1388
9,1519,1528,0.1388
9,1513,1522,0.1388
9,1510,1519,0.1388
8,1507,1515,0.1388
9,1512,1521,0.1388
10,1510,1520,0.1388
10,1515,1525,0.1388
11,1510,1521,0.1388
11,1513,1524,0.1388
10,1512,1522,0.1388
10,1512,1522,0.1388
10,1512,1522,0.1388
9,1505,1514,0.1388
10,1501,1511,0.1388
10,1503,1513,0.1388
10,1499,1509,0.1388
10,1503,1513,0.1388
10,1502,1512,0.1388
11,1517,1528,0.1388
11,1505,1516,0.1388
10,1507,1517,0.1388
9,1503,1512,0.1388
9,1504,1513,0.1388
9,1514,1523,0.1388
8,1525,1533,0.1388
8,1523,1531,0.1388
8,1533,1541,0.1388
8,1516,1524,0.1388
9,1515,1524,0.1388
9,1507,1516,0.1388
9,1502,1511,0.1388
9,1498,1507,0.1388
9,1501,1510,0.1388
9,1497,1506,0.1388
9,1499,1508,0.1388
9,1494,1503,0.1388
9,1500,1509,0.1388
8,1505,1513,0.1388
8,1502,1510,0.1388
8,1496,1504,0.1388
9,1504,1513,0.1388
9,1505,1514,0.1388
9,1514,1523,0.1388
9,1509,1518,0.1388
8,1509,1517,0.1388
8,1516,1524,0.1388
8,1526,1534,0.1388
8,1526,1534,0.1388
8,1512,1520,0.1388
9,1511,1520,0.1388
9,1493,1502,0.1388
9,1492,1501,0.1388
8,1501,1509,0.1388
7,1498,1505,0.1388
5,1506,1511,0.1388
6,1511,1517,0.1388
6,1515,1521,0.1388
6,1520,1526,0.1388
5,1514,1519,0.1388
5,1506,1511,0.1388
7,1513,1520,0.1388
7,1514,1521,0.1388
6,1515,1521,0.1388
6,1499,1505,0.1388
6,1505,1511,0.1388
6,1498,1504,0.1388
6,1490,1496,0.1388
6,1497,1503,0.1388
6,1508,1514,0.1388
6,1507,1513,0.1388
6,1512,1518,0.1388
5,1502,1507,0.1388
6,1499,1505,0.1388
6,1517,1523,0.1388
6,1518,1524,0.1388
5,1513,1518,0.1388
5,1508,1513,0.1388
5,1517,1522,0.1388
5,1524,1529,0.1388
5,1519,1524,0.1388
5,1528,1533,0.1388
5,1529,1534,0.1388
5,1525,1530,0.1388
5,1499,1504,0.1388
5,1502,1507,0.1388
4,1505,1509,0.1388
4,1498,1502,0.1388
4,1505,1509,0.1388
4,1499,1503,0.1388
3,1501,1504,0.1388
3,1510,1513,0.1388
3,1504,1507,0.1388
3,1518,1521,0.1388
3,1516,1519,0.1388
3,1517,1520,0.1388
3,1512,1515,0.1388
3,1503,1506,0.1388
3,1493,1496,0.1388
3,1501,1504,0.1388
3,1509,1512,0.1388
3,1509,1512,0.1388
4,1513,1517,0.1388
4,1502,1506,0.1388
4,1502,1506,0.1388
4,1507,1511,0.1388
4,1508,1512,0.1388
4,1526,1530,0.1388
3,1500,1503,0.1388
4,1501,1505,0.1388
2,1513,1515,0.1388
2,1513,1515,0.1388
2,1523,1525,0.1388
2,1521,1523,0.1388
2,1517,1519,0.1388
2,1513,1515,0.1388
1,1514,1515,0.1388
1,1518,1519,0.1388
1,1508,1509,0.1388
1,1502,1503,0.1388
1,1513,1514,0.1388
2,1517,1519,0.1388
2,1503,1505,0.1388
2,1516,1518,0.1388
2,1512,1514,0.1388
2,1513,1515,0.1388
2,1514,1516,0.1388
2,1509,1511,0.1388
2,1499,1501,0.1388
2,1506,1508,0.1388
2,1510,1512,0.1388
2,1514,1516,0.1388
2,1517,1519,0.1388
2,1513,1515,0.1388
2,1518,1520,0.1388
2,1513,1515,0.1388
2,1515,1517,0.1388
2,1520,1522,0.1388
2,1511,1513,0.1388
2,1513,1515,0.1388
2,1509,1511,0.1388
2,1510,1512,0.1388
3,1512,1515,0.1388
3,1513,1516,0.1388
3,1502,1505,0.1388
3,1506,1509,0.1388
3,1519,1522,0.1388
4,1503,1507,0.1388
4,1508,1512,0.1388
4,1502,1506,0.1388
4,1508,1512,0.1388
4,1512,1516,0.1388
4,1505,1509,0.1388
4,1506,1510,0.1388
4,1508,1512,0.1388
4,1497,1501,0.1388
4,1516,1520,0.1388
4,1506,1510,0.1388
4,1514,1518,0.1388
3,1512,1515,0.1388
3,1517,1520,0.1388
3,1509,1512,0.1388
3,1503,1506,0.1388
3,1498,1501,0.1388
3,1498,1501,0.1388
3,1504,1507,0.1388
3,1511,1514,0.1388
3,1509,1512,0.1388
3,1505,1508,0.1388
3,1509,1512,0.1388
3,1520,1523,0.1388
3,1521,1524,0.1388
3,1517,1520,0.1388
3,1508,1511,0.1388
3,1517,1520,0.1388
3,1517,1520,0.1388
3,1515,1518,0.1388
3,1502,1505,0.1388
3,1512,1515,0.1388
3,1518,1521,0.1388
3,1516,1519,0.1388
3,1521,1524,0.1388
4,1508,1512,0.1388
4,1510,1514,0.1388
4,1508,1512,0.1388
4,1508,1512,0.1388
4,1511,1515,0.1388
4,1505,1509,0.1388
4,1511,1515,0.1388
4,1509,1513,0.1388
4,1504,1508,0.1388
4,1515,1519,0.1388
4,1523,1527,0.1388
4,1523,1527,0.1388
4,1525,1529,0.1388
5,1524,1529,0.1388
5,1512,1517,0.1388
5,1508,1513,0.1388
4,1497,1501,0.1388
4,1492,1496,0.1388
4,1505,1509,0.1388
4,1499,1503,0.1388
4,1518,1522,0.1388
4,1523,1527,0.1388
4,1512,1516,0.1388
4,1517,1521,0.1388
4,1520,1524,0.1388
4,1526,1530,0.1388
5,1523,1528,0.1388
5,1520,1525,0.1388
4,1509,1513,0.1388
4,1513,1517,0.1388
4,1510,1514,0.1388
4,1509,1513,0.1388
5,1502,1507,0.1388
5,1514,1519,0.1388
4,1521,1525,0.1388
4,1510,1514,0.1388
4,1510,1514,0.1388
4,1506,1510,0.1388
4,1506,1510,0.1388
4,1513,1517,0.1388
3,1505,1508,0.1388
4,1510,1514,0.1388
5,1518,1523,0.1388
5,1501,1506,0.1388
5,1504,1509,0.1388
5,1485,1490,0.1388
5,1488,1493,0.1388
5,1505,1510,0.1388
5,1507,1512,0.1388
4,1505,1509,0.1388
4,1517,1521,0.1388
3,1516,1519,0.1388
3,1517,1520,0.1388
3,1526,1529,0.1388
3,1515,1518,0.1388
3,1509,1512,0.1388
3,1512,1515,0.1388
3,1508,1511,0.1388
3,1517,1520,0.1388
3,1512,1515,0.1388
3,1517,1520,0.1388
3,1515,1518,0.1388
3,1521,1524,0.1388
3,1524,1527,0.1388
3,1527,1530,0.1388
2,1526,1528,0.1388
2,1525,1527,0.1388
2,1526,1528,0.1388
1,1525,1526,0.1388
1,1523,1524,0.1388
1,1510,1511,0.1388
1,1511,1512,0.1388
1,1517,1518,0.1388
1,1514,1515,0.1388
1,1513,1514,0.1388
1,1507,1508,0.1388
1,1505,1506,0.1388
1,1497,1498,0.1388
1,1504,1505,0.1388
1,1509,1510,0.1388
1,1526,1527,0.1388
1,1509,1510,0.1388
1,1526,1527,0.1388
1,1520,1521,0.1388
1,1523,1524,0.1388
1,1511,1512,0.1388
1,1514,1515,0.1388
1,1513,1514,0.1388
1,1506,1507,0.1388
1,1505,1506,0.1388
1,1508,1509,0.1388
1,1512,1513,0.1388
1,1523,1524,0.1388
1,1530,1531,0.1388
1,1529,1530,0.1388
1,1517,1518,0.1388
1,1520,1521,0.1388
1,1523,1524,0.1388
1,1522,1523,0.1388
1,1523,1524,0.1388
1,1522,1523,0.1388
1,1528,1529,0.1388
1,1527,1528,0.1388
1,1516,1517,0.1388
1,1506,1507,0.1388
1,1508,1509,0.1388
1,1510,1511,0.1388
1,1513,1514,0.1388
1,1504,1505,0.1388
1,1497,1498,0.1388
1,1517,1518,0.1388
1,1515,1516,0.1388
1,1516,1517,0.1388
1,1531,1532,0.1388
1,1515,1516,0.1388
1,1518,1519,0.1388
1,1514,1515,0.1388
1,1511,1512,0.1388
1,1520,1521,0.1388
1,1512,1513,0.1388
1,1521,1522,0.1388
1,1513,1514,0.1388
1,1517,1518,0.1388
1,1524,1525,0.1388
1,1506,1507,0.1388
1,1511,1512,0.1388
1,1530,1531,0.1388
1,1517,1518,0.1388
1,1516,1517,0.1388
0,1513,1513,0.1388
