1381,29,1410,0.13579591889273254
1422,30,1452,0.13291201709220768
1428,31,1459,0.13017490541615262
1444,32,1476,0.12767102249051263
1449,34,1483,0.1253518357120925
1451,34,1485,0.12322718604091137
1460,36,1496,0.12128974645187734
1446,38,1484,0.11950592700645622
1443,39,1482,0.11792181302306126
1440,37,1477,0.11649158264912839
1441,39,1480,0.11519957100531754
1448,40,1488,0.11402236260294525
1447,42,1489,0.11293532968452723
1444,42,1486,0.11194966303530732
1446,41,1487,0.11106281344646385
1451,46,1497,0.11024865946477812
1449,43,1492,0.10949723067965358
1459,44,1503,0.10881971928637277
1457,44,1501,0.10818020473477645
1457,41,1498,0.10760311783075574
1468,41,1509,0.10707706761759372
1464,43,1507,0.10657391328569954
1457,44,1501,0.10612451846031609
1457,43,1500,0.10573441220711849
1462,43,1505,0.10538151742487806
1464,45,1509,0.10504820516934281
1468,49,1517,0.10474250280383082
1451,48,1499,0.10445407537262423
1438,48,1486,0.10423077125467735
1441,48,1489,0.10405846101584325
1454,48,1502,0.1038964884525751
1447,48,1495,0.10371942383154512
1457,49,1506,0.10357394756428522
1450,48,1498,0.10341911872541239
1450,45,1495,0.10329187511311573
1448,41,1489,0.1031788541759524
1450,41,1491,0.10308144235565568
1443,39,1482,0.1029871508322471
1459,39,1498,0.10291601563019823
1455,40,1495,0.10281547555517868
1447,39,1486,0.10273099631790167
1451,39,1490,0.1026716075481473
1446,40,1486,0.10261048420589933
1444,39,1483,0.10256560649274135
1434,37,1471,0.10253199014859314
1440,39,1479,0.10252318618998656
1450,43,1493,0.10250316316159015
1450,47,1497,0.10246334129014664
1455,45,1500,0.10242676476705849
1462,46,1508,0.10238229896119971
1466,46,1512,0.10232439321313519
1450,47,1497,0.10226229586350524
1452,46,1498,0.10224053390771214
1452,47,1499,0.10221676372631555
1440,48,1488,0.10219721589225493
1438,47,1485,0.1022079405394743
1437,48,1485,0.10222446241470685
1443,48,1491,0.10224162248333038
1433,49,1482,0.1022446944050922
1419,49,1468,0.10226977719494484
1424,52,1476,0.10232352356946922
1426,54,1480,0.10236006187108285
1449,54,1503,0.10238954369868905
1449,52,1501,0.1023668421553272
1448,53,1501,0.10234617748380498
1448,54,1502,0.10232894116921748
1437,53,1490,0.10231234484267972
1437,52,1489,0.10232360162906211
1447,53,1500,0.10233473571276175
1446,54,1500,0.10232286849777497
1452,54,1506,0.10231120795725797
1458,54,1512,0.10228828904989495
1454,53,1507,0.10225513883106227
1454,52,1506,0.10223273981809917
1448,53,1501,0.10221064878680965
1446,52,1498,0.10220454095988124
1444,54,1498,0.10220441013585418
1437,52,1489,0.10220768359359791
1431,52,1483,0.10222739990909821
1422,51,1473,0.10226064453337855
1421,52,1473,0.10231102851191555
1434,53,1487,0.10235881741357943
1438,53,1491,0.10237376173170133
1447,51,1498,0.10237729220759388
1442,53,1495,0.10236093829064835
1452,58,1510,0.10235619809615311
1440,62,1502,0.10233025784711763
1429,63,1492,0.10233309952360337
1414,64,1478,0.1023606254335379
1416,66,1482,0.10242132714239804
1422,65,1487,0.10247449558452296
1431,63,1494,0.102510526411677
1433,63,1496,0.10252320604719398
1432,63,1495,0.10253180989085678
1425,63,1488,0.10254306790260453
1413,63,1476,0.10256892740585609
1415,62,1477,0.10262045017636762
1429,59,1488,0.10266301670510533
1413,59,1472,0.10266774301717894
1416,62,1478,0.10270697406544362
1416,61,1477,0.10273554258000807
1412,62,1474,0.10276215198967396
1420,62,1482,0.10279738165665846
1441,61,1502,0.1028111115679486
1435,61,1496,0.10277357614782502
1433,63,1496,0.10275269999267372
1421,63,1484,0.1027400515357051
1415,64,1479,0.10275440529617605
1413,67,1480,0.10278164522636776
1417,68,1485,0.10281145688204038
1418,70,1488,0.10283085171257515
1414,72,1486,0.1028466171911197
1411,72,1483,0.10286950329203652
1420,73,1493,0.10289895625010011
1424,73,1497,0.10290321190416683
1427,71,1498,0.10289788699259159
1435,74,1509,0.10288612454088629
1434,75,1509,0.102858512069287
1423,78,1501,0.10283666369229706
1434,79,1513,0.10284189815051172
1430,78,1508,0.10282315309617392
1440,77,1517,0.10281842644411439
1434,79,1513,0.10279337428522448
1431,81,1512,0.10278344873847992
1432,82,1514,0.1027828924097628
1425,81,1506,0.1027812842603502
1409,79,1488,0.10279456153959762
1408,80,1488,0.10284123727828864
1401,83,1484,0.10288707523523129
1398,84,1482,0.10294662621711748
1416,84,1500,0.1030102059000852
1415,85,1500,0.10303058364174544
1404,84,1488,0.10305332180263553
1406,80,1486,0.10309821223114833
1411,85,1496,0.10313488515116981
1402,87,1489,0.10315476514603922
1416,91,1507,0.10319421352104044
1399,92,1491,0.10320156727174165
1407,90,1497,0.10324559133247799
1412,94,1506,0.10327040336790211
1402,93,1495,0.10328066821904963
1382,94,1476,0.1033111937201393
1383,91,1474,0.10338689693359143
1399,89,1488,0.10345394125187976
1395,89,1484,0.1034794421746583
1410,87,1497,0.10351154580419268
1413,90,1503,0.10350684091443267
1409,87,1496,0.10349742009189823
1403,87,1490,0.10349769077251843
1404,85,1489,0.10351082995818033
1413,84,1497,0.10351871187750727
1415,85,1500,0.10350556635452034
1421,85,1506,0.10348856797339309
1424,86,1510,0.10345952429908475
1422,85,1507,0.1034278087815691
1416,86,1502,0.10340247058089332
1405,88,1493,0.10339194160635014
1397,91,1488,0.10340760161850379
1387,94,1481,0.10343939132557078
1378,95,1473,0.10349210215294903
1387,95,1482,0.10356301879072652
1389,99,1488,0.10360741267516804
1395,97,1492,0.103645336113229
1397,99,1496,0.10366610007142146
1409,101,1510,0.10367894656275059
1395,97,1492,0.10366307008394729
1392,101,1493,0.10368002249549164
1384,100,1484,0.1037039613822116
1393,102,1495,0.10374453566361613
1388,99,1487,0.10376181019881553
1388,106,1494,0.10379087316800362
1404,103,1507,0.10381698848233682
1405,104,1509,0.1038078385145016
1403,106,1509,0.10379747710154291
1408,106,1514,0.10379323437960192
1398,108,1506,0.10377507101769973
1386,106,1492,0.10378043879144229
1385,103,1488,0.10381255571710957
1393,105,1498,0.10384502287379081
1391,109,1500,0.10385660184017102
1393,105,1498,0.10387493811685225
1390,103,1493,0.10388518782501154
1383,104,1487,0.1039001694919174
1387,102,1489,0.10393152961590825
1381,101,1482,0.10395200043773478
1375,98,1473,0.10398452169610657
1387,100,1487,0.10402822425146425
1378,100,1478,0.10403970686081188
1390,98,1488,0.10406966063670867
1387,102,1489,0.10406927344055614
1397,101,1498,0.10407534506622777
1384,104,1488,0.10405713562259698
1394,100,1494,0.10407040556959882
1395,99,1494,0.1040617440524326
1386,100,1486,0.10405093331725017
1384,106,1490,0.10406097097426294
1388,107,1495,0.10407765676757265
1381,107,1488,0.10408281391438236
1377,110,1487,0.10410381497816407
1376,109,1485,0.10413347896027376
1376,111,1487,0.10416399732029138
1381,107,1488,0.10419265209780126
1378,112,1490,0.10420782336126294
1371,110,1481,0.10422798800201725
1369,111,1480,0.10425902500787981
1370,115,1485,0.1042930552925057
1374,114,1488,0.10432324019488892
1368,116,1484,0.10434122380922757
1368,120,1488,0.1043718238382717
1362,117,1479,0.10440192010422482
1358,119,1477,0.10444468138776776
1367,120,1487,0.10449347031840592
1369,119,1488,0.10451670991402812
1377,124,1501,0.1045309861530928
1388,125,1513,0.10452721431349547
1384,125,1509,0.10449955377272105
1392,122,1514,0.10448309061619279
1387,121,1508,0.10444978041218146
1386,122,1508,0.104429021820073
1388,121,1509,0.10441480900547892
1379,126,1505,0.10439891819726714
1375,127,1502,0.10440478715942046
1374,124,1498,0.10442252453600016
1377,128,1505,0.10444122374961376
1372,123,1495,0.10444846739472786
1364,132,1496,0.10446742580329672
1362,139,1501,0.10450361470959699
1368,141,1509,0.10454263786943273
1348,145,1493,0.10456483787983344
1336,147,1483,0.10463341884155877
1327,150,1477,0.10472645962270967
1350,149,1499,0.10483309937345595
1340,147,1487,0.10488202373020152
1340,148,1488,0.10494894474609778
1356,144,1500,0.105012063093222
1356,143,1499,0.10503587545538857
1353,142,1495,0.10505666937047783
1351,144,1495,0.105081441282192
1340,143,1483,0.10511030640717217
1359,147,1506,0.10515968984632654
1346,145,1491,0.10516282488725605
1335,147,1482,0.1051961443164903
1349,148,1497,0.10525224563538464
1351,145,1496,0.10526895521607361
1353,145,1498,0.1052814999180114
1341,148,1489,0.105288685662597
1342,148,1490,0.10532175958419082
1343,155,1498,0.1053504641653102
1337,158,1495,0.10537690958146836
1342,161,1503,0.10541674480726047
1332,161,1493,0.10544423928520356
1338,161,1499,0.10549156544828663
1341,156,1497,0.10552293137416041
1346,153,1499,0.10554566523326017
1344,152,1496,0.10555437260702248
1348,156,1504,0.1055643552435473
1337,156,1493,0.10556544636952811
1336,158,1494,0.10559191574331205
1344,162,1506,0.10562063263584535
1348,161,1509,0.10563070324481377
1342,160,1502,0.10563043787280696
1352,161,1513,0.10564581709422267
1336,159,1495,0.1056369572390399
1341,159,1500,0.10566504401900914
1339,156,1495,0.10568287073108902
1322,158,1480,0.10570158826984516
1322,155,1477,0.10575724884472015
1338,153,1491,0.10580596544259156
1341,154,1495,0.10581496458890438
1337,153,1490,0.10581365069638043
1338,153,1491,0.10582018644958165
1344,157,1501,0.10582090975562984
1338,161,1499,0.10581151533908095
1340,160,1500,0.10581799191384328
1339,155,1494,0.10582126950989305
1335,158,1493,0.10582789880649493
1333,159,1492,0.10584225707602332
1327,161,1488,0.10585853236203528
1332,160,1492,0.10588567955357647
1335,162,1497,0.10590019938481804
1341,166,1507,0.10590997163084513
1337,167,1504,0.10590557791000936
1324,170,1494,0.10591040673017037
1313,170,1483,0.10594458236050901
1318,174,1492,0.10600038475780836
1328,178,1506,0.10604299591963802
1319,173,1492,0.10606184884464487
1323,178,1501,0.10610139647500093
1320,176,1496,0.10612591871634222
1325,173,1498,0.10615572327194357
1311,175,1486,0.10616941918734348
1306,175,1481,0.10621385132513239
1306,180,1486,0.10626630113947905
1304,181,1485,0.10631494470823895
1321,180,1501,0.10636506207504429
1314,181,1495,0.10637329769981765
1313,184,1497,0.1063980060289489
1305,189,1494,0.10642058973673904
1303,196,1499,0.10646273925297066
1301,193,1494,0.10650795358954103
1302,194,1496,0.1065538691822308
1297,195,1492,0.10659645282946134
1291,199,1490,0.10664820033873497
1303,201,1504,0.1067075183334579
1301,203,1504,0.10673544836783226
1295,205,1500,0.10676690619446305
1300,203,1503,0.10681026460059131
1299,208,1507,0.1068403389006177
1294,209,1503,0.10687249550288215
1289,207,1496,0.10691611845407095
1276,207,1483,0.10696544741618691
1284,207,1491,0.10704148674202324
1280,207,1487,0.10709331578807081
1292,206,1498,0.10715234960001815
1289,205,1494,0.10718049417147818
1288,210,1498,0.10721498722038611
1285,211,1496,0.10725092447379955
1288,210,1498,0.10729310498850243
1282,211,1493,0.10732519622390736
1263,213,1476,0.10736868121358256
1270,213,1483,0.107449878573537
1281,216,1497,0.10751098518639124
1263,222,1485,0.1075446860078981
1275,227,1502,0.1076155342662349
1270,222,1492,0.10765451479247325
1262,221,1483,0.10770240773088254
1267,223,1490,0.10776601917723194
1257,230,1487,0.10781390282881993
1258,228,1486,0.10788159383801312
1267,225,1492,0.10794208518486272
1264,229,1493,0.10797485466106814
1264,232,1496,0.10801185608987898
1268,228,1496,0.10804851879830883
1259,229,1488,0.10807226705516264
1250,235,1485,0.10811647671093894
1253,241,1494,0.10817703683626899
1253,247,1500,0.10822714402631138
1261,252,1513,0.10827637747041628
1266,252,1518,0.10830316810622773
1256,248,1504,0.10831823042184517
1254,253,1507,0.10835585148630161
1240,252,1492,0.10839773064324536
1244,252,1496,0.1084666447438683
1244,252,1496,0.10852284395509176
1243,253,1496,0.10857388002104783
1233,250,1483,0.10862312096394491
1231,254,1485,0.10869489864574634
1235,256,1491,0.10876423562482908
1231,258,1489,0.10882152135563103
1235,259,1494,0.1088833566416529
1237,259,1496,0.10893212700779063
1230,250,1480,0.10897451887258396
1227,252,1479,0.10902790973650597
1236,259,1495,0.10908406332781777
1223,260,1483,0.10911331248085199
1233,261,1494,0.10916880677555206
1230,268,1498,0.10919700746255843
1226,267,1493,0.10923019777693986
1224,265,1489,0.10927319408266492
1231,272,1503,0.10931804344281822
1238,266,1504,0.10934177694204827
1238,272,1510,0.10934583811176063
1237,271,1508,0.10934994142917186
1242,268,1510,0.10935580166808577
1235,270,1505,0.10935087678616111
1235,262,1497,0.10936407554328038
1230,265,1495,0.10937649131744415
1237,269,1506,0.10940018941675607
1230,272,1502,0.10940595509444787
1227,270,1497,0.10942825812843704
1227,268,1495,0.1094564769452975
1222,262,1484,0.10948315495893607
1232,260,1492,0.10951857689981292
1231,266,1497,0.1095304595405372
1230,265,1495,0.10954575746068165
1226,272,1498,0.10956117100289842
1217,274,1491,0.1095857174854822
1226,273,1499,0.10963076781697909
1236,277,1513,0.10964835140999271
1230,276,1506,0.10964148583699837
1220,271,1491,0.10964994299645195
1228,270,1498,0.10968154230792905
1218,273,1491,0.10969351800210443
1218,277,1495,0.1097268862493408
1224,281,1505,0.10975844555714494
1225,277,1502,0.10977344227447268
1231,272,1503,0.10978809398639676
1217,280,1497,0.10978975559187404
1212,279,1491,0.1098190105271231
1213,285,1498,0.10985902706938777
1222,286,1508,0.10989388145819018
1212,283,1495,0.10990736787111789
1222,279,1501,0.10994258328038181
1209,282,1491,0.10995318781904473
1213,280,1493,0.1099929162888364
1208,283,1491,0.11001936985192584
1209,291,1500,0.11005608278665333
1207,289,1496,0.11008805577364984
1218,290,1508,0.11012328274342593
1218,289,1507,0.11012881514018
1218,291,1509,0.11013425219119273
1216,292,1508,0.11013839640175056
1217,287,1504,0.11014466730784025
1216,294,1510,0.11014858303503501
1196,293,1489,0.1101551954240588
1208,299,1507,0.11020536756994258
1199,296,1495,0.11022489528144114
1197,293,1490,0.11026396439738818
1208,297,1505,0.11030494282714816
1202,299,1501,0.11032030339207807
1202,297,1499,0.11034638112540528
1198,302,1500,0.11036931442182282
1203,301,1504,0.11039967262098564
1197,293,1490,0.11041427046730291
1214,285,1499,0.11044361049901162
1204,284,1488,0.11043210635311553
1216,285,1501,0.11044130043944776
1214,286,1500,0.110422712076992
1214,287,1501,0.11040945028378213
1201,290,1491,0.11039604875451399
1207,295,1502,0.11041644478479327
1207,288,1495,0.11042268028760961
1203,294,1497,0.11042983364445974
1202,292,1494,0.11044620998551022
1198,296,1494,0.11046575360604734
1199,297,1496,0.11049304787295271
1199,291,1490,0.11051678940153505
1197,297,1494,0.11053849520996473
1214,297,1511,0.11056564172042453
1220,299,1519,0.1105493309658521
1221,298,1519,0.11052101019879342
1212,299,1511,0.11049358881917719
1217,305,1522,0.11048729405788948
1191,305,1496,0.11047070483309468
1193,302,1495,0.1105150719500261
1195,303,1498,0.11055033987621966
1204,302,1506,0.11057963114372119
1185,302,1487,0.11058886640769078
1176,306,1482,0.11064109073194076
1169,312,1481,0.11070767043028638
1169,312,1481,0.11078719222489525
1180,310,1490,0.11086062790976502
1174,312,1486,0.11090295399694312
1175,315,1490,0.11095538139843404
1182,318,1500,0.11100198319316672
1188,315,1503,0.11102889811361571
1192,320,1512,0.11103988705842845
1187,317,1504,0.11104215546375644
1190,318,1508,0.11105526245944175
1190,322,1512,0.11106020321337957
1176,324,1500,0.1110667701412261
1177,323,1500,0.11110589821026651
1172,328,1500,0.11114198776459489
1163,324,1487,0.11118834509388364
1156,325,1481,0.11125047427606503
1156,328,1484,0.11132388713291988
1151,331,1482,0.11138861028021467
1154,321,1475,0.11145942859797653
1159,323,1482,0.11151972212484834
1168,325,1493,0.11156379124186615
1175,335,1510,0.11158603981708161
1186,332,1518,0.11158956502268261
1183,330,1513,0.11156818164906014
1174,329,1503,0.11155553015520592
1173,332,1505,0.111561738336929
1176,329,1505,0.11157083105217168
1176,332,1508,0.11157554700548503
1170,331,1501,0.1115789848796933
1176,333,1509,0.111597160565029
1162,335,1497,0.11159921984101416
1165,339,1504,0.1116346451238896
1171,338,1509,0.11166105136893105
1158,345,1503,0.11167390673556117
1156,340,1496,0.11171681737944049
1164,345,1509,0.1117633665846942
1162,339,1501,0.11178708295438451
1164,341,1505,0.11181523416600743
1162,345,1507,0.11184064004544712
1158,347,1505,0.11186932057223618
1156,346,1502,0.11190457000700609
1153,343,1496,0.11194161068914368
1147,338,1485,0.11198136065682855
1146,342,1488,0.11203078340019584
1151,342,1493,0.11207918015906831
1146,346,1492,0.11211402511046657
1148,347,1495,0.11215486687575218
1154,341,1495,0.11218927202479677
1156,348,1504,0.1122083703395408
1147,351,1498,0.11222389261424681
1148,350,1498,0.1122578470569196
1160,350,1510,0.11228814243406199
1153,358,1511,0.11228598267597514
1148,359,1507,0.11230040953130924
1147,367,1514,0.11232825639026675
1149,366,1515,0.11235783211515588
1140,362,1502,0.11238220843409329
1138,358,1496,0.11242632042191289
1135,360,1495,0.11247142555005751
1138,368,1506,0.11251916850879944
1133,370,1503,0.11255763365922894
1132,371,1503,0.11260506941379031
1128,370,1498,0.11265139459490106
1126,372,1498,0.11270216660059859
1129,375,1504,0.1127542560785591
1124,373,1497,0.11279659095116566
1143,371,1514,0.11285039973078588
1137,372,1509,0.11285568793719328
1145,368,1513,0.1128738157099235
1142,372,1514,0.11287156762202365
1132,370,1502,0.11287474705404849
1140,375,1515,0.11290185773055143
1136,368,1504,0.11290973624580354
1141,369,1510,0.11292582004442013
1132,371,1503,0.11292596961202647
1130,373,1503,0.11294626462089422
1127,380,1507,0.1129737640634902
1123,370,1493,0.11300786664452346
1121,376,1497,0.11304941960176106
1123,379,1502,0.11309264287860367
1129,373,1502,0.1131293193992051
1126,368,1494,0.11314509812489788
1120,361,1481,0.11316553322645721
1127,375,1502,0.11319966500027104
1134,375,1509,0.11321330731245453
1140,370,1510,0.11320862622023224
1133,375,1508,0.11318699412186653
1128,374,1502,0.11318550857777059
1130,375,1505,0.11319593419765138
1128,368,1496,0.11320267959294995
1128,367,1495,0.11321242158974609
1122,361,1483,0.11321955573438551
1114,366,1480,0.11324160066366423
1114,367,1481,0.11327965449915066
1124,369,1493,0.11331744908761017
1115,360,1475,0.11333035425896895
1115,374,1489,0.11336515328277422
1121,379,1500,0.11339663300607784
1112,379,1491,0.11341357953306846
1108,383,1491,0.11345014445920494
1113,384,1497,0.1134924119991699
1110,383,1493,0.11352021747296209
1102,379,1481,0.1135518386123911
1099,373,1472,0.1136014713391866
1101,374,1475,0.11365303120245325
1117,381,1498,0.11369393556266448
1108,378,1486,0.11369298021542118
1113,390,1503,0.11371127926692118
1113,385,1498,0.11371880973507931
1114,385,1499,0.11372579589055878
1117,389,1506,0.11372946665185314
1102,401,1503,0.11372591517531191
1104,390,1494,0.11375810729886209
1111,398,1509,0.1137856027492325
1114,393,1507,0.1137926995754417
1112,390,1502,0.11379454698039622
1104,393,1497,0.1138014557556999
1103,395,1498,0.1138266610109485
1105,395,1500,0.11385408794303946
1099,394,1493,0.11387539473910585
1093,400,1493,0.11391035251078196
1085,397,1482,0.1139557383418916
1096,401,1497,0.11401858749179423
1099,395,1494,0.1140530623664409
1108,397,1505,0.11407919862862351
1106,399,1505,0.11408106308896915
1104,403,1507,0.11408631671137918
1098,404,1502,0.11409914907152982
1089,396,1485,0.11412297115325468
1096,396,1492,0.11416525976377097
1094,398,1492,0.11418863191932922
1087,405,1492,0.11421464993421047
1088,408,1496,0.11425739264041695
1088,414,1502,0.11429470154831273
1085,405,1490,0.11432948608242953
1083,407,1490,0.1143693661737737
1079,411,1490,0.11440927799389089
1064,416,1480,0.1144560134835762
1063,412,1475,0.11453294663051412
1063,407,1470,0.11460600494538642
1073,409,1482,0.11467314699294243
1075,411,1486,0.11471452435079232
1076,414,1490,0.11474956946408028
1072,412,1484,0.1147812747669682
1079,420,1499,0.11481612204242155
1082,427,1509,0.11483326924639016
1081,426,1507,0.11484213648524881
1091,414,1505,0.11485291965373733
1089,420,1509,0.11484043450510083
1080,415,1495,0.11483363404364975
1087,429,1516,0.11484982917906293
1086,431,1517,0.11484904702393786
1075,422,1497,0.11485387912914252
1072,417,1489,0.11488621541477524
1075,421,1496,0.11492389864100495
1073,424,1497,0.11495077625387065
1070,426,1496,0.11497855007030884
1067,431,1498,0.11501002166555882
1072,431,1503,0.11504838084728064
1064,433,1497,0.115074640406425
1060,431,1491,0.11511677209982148
1068,431,1499,0.1151654285184015
1068,427,1495,0.1151899825202681
1061,427,1488,0.1152135448502124
1069,424,1493,0.11525276197452175
1068,430,1498,0.11527072953178372
1053,440,1493,0.11528842120644388
1054,438,1492,0.11533943215945296
1055,432,1487,0.11538331854063459
1062,437,1499,0.11542092645809078
1064,436,1500,0.11543908835233704
1060,443,1503,0.11545258337515406
1052,438,1490,0.11547747949286034
1058,434,1492,0.11551827093639973
1068,431,1499,0.1155413345393082
1066,428,1494,0.11554084254439285
1061,432,1493,0.1155430074761685
1074,431,1505,0.11555657311926547
1068,431,1499,0.11554173374140443
1060,432,1492,0.11554278311096092
1059,435,1494,0.11556292710503485
1070,429,1499,0.11558537444186535
1074,438,1512,0.11558192867849108
1052,438,1490,0.11556804129855357
1066,441,1507,0.11560294188371245
1063,441,1504,0.11560429051902305
1064,444,1508,0.11561356949826723
1056,439,1495,0.1156210716314046
1046,438,1484,0.11564817978401941
1051,436,1487,0.11569704828152055
1057,445,1502,0.11573186689333106
1053,455,1508,0.11574812506531947
1054,450,1504,0.11577224062133866
1058,447,1505,0.11578994738617748
1062,455,1517,0.11579817541768246
1043,454,1497,0.11579847230643889
1050,452,1502,0.11584167780319664
1056,446,1502,0.11586735131475169
1058,447,1505,0.11588022154428244
1056,444,1500,0.11588626134509482
1054,454,1508,0.11589539347024826
1061,457,1518,0.11590895594228577
1058,455,1513,0.11590548298449295
1053,458,1511,0.11590920031401569
1055,458,1513,0.11592259536777796
1045,453,1498,0.11593037661881986
1045,448,1493,0.11596164073447031
1046,452,1498,0.11599120782939712
1045,457,1502,0.11601560055953776
1049,462,1511,0.11604064209754462
1046,462,1508,0.11605402586564971
1049,453,1502,0.11607422602948785
1046,451,1497,0.1160867569943996
1045,447,1492,0.116105852969347
1054,454,1508,0.11612639869386523
1048,454,1502,0.11612516643042557
1053,456,1509,0.11613922705572279
1055,456,1511,0.11614151297634229
1057,456,1513,0.11614230149424636
1044,458,1502,0.11613751383437453
1044,456,1500,0.11616163725862211
1043,461,1504,0.11618310559517354
1047,467,1514,0.11620661991723867
1044,466,1510,0.11622041149306654
1046,471,1517,0.11624026840814938
1042,471,1513,0.11625558583248902
1036,467,1503,0.11627578571810329
1035,461,1496,0.11630751553657279
1037,466,1503,0.11634095615789032
1037,462,1499,0.11636842731249188
1034,460,1494,0.11639322090998824
1032,460,1492,0.11642303392005028
1030,463,1493,0.1164535094012965
1036,458,1494,0.1164864898883453
1036,462,1498,0.11650455525089275
1025,460,1485,0.11652194486334459
1023,467,1490,0.11656176970980914
1021,468,1489,0.1166039181341951
1027,476,1503,0.1166473577171621
1025,467,1492,0.11667406755677917
1035,464,1499,0.1167041960184194
1038,458,1496,0.11670531195262543
1030,466,1496,0.11670183499640129
1031,470,1501,0.11671772840885886
1025,462,1487,0.11673038959108265
1022,461,1483,0.11675610387041495
1008,470,1478,0.11678415579501486
1001,480,1481,0.11684416218010521
1008,479,1487,0.11691665012277852
1013,484,1497,0.11696706442817378
1016,479,1495,0.1169991039446951
1015,472,1487,0.11702111749013616
1019,479,1498,0.11704554500784901
1018,483,1501,0.11705931918589371
1006,475,1481,0.1170751144408061
1016,480,1496,0.11711595010961894
1018,479,1497,0.11713162620091015
1017,470,1487,0.11714204986939203
1016,467,1483,0.11715237879231456
1013,462,1475,0.11716352165194609
1014,475,1489,0.11718014810141833
1012,474,1486,0.11719491696242901
1012,475,1487,0.11721174168977759
1004,474,1478,0.1172285404755074
995,472,1467,0.11726355732068898
991,475,1466,0.11731740266033713
1001,480,1481,0.11737774272945217
1008,480,1488,0.11740849420591784
1021,484,1505,0.1174211935039567
1024,494,1518,0.11740222895291602
1028,493,1521,0.11737683151403233
1020,492,1512,0.1173471107275136
1018,492,1510,0.11734062213722328
1009,496,1505,0.11734060894876387
1017,497,1514,0.11736117352108938
1026,493,1519,0.11736275446336944
1013,489,1502,0.11734682033617709
1007,490,1497,0.11736403571675381
1000,493,1493,0.11739430447043807
993,495,1488,0.11744051336318849
992,493,1485,0.11749853143203122
981,493,1474,0.11755396789114662
993,499,1492,0.11762982305410201
1000,500,1500,0.11767377251664562
1008,495,1503,0.11769758175265435
1012,494,1506,0.11770094969313755
1005,495,1500,0.11769585705632775
1010,495,1505,0.1177074870110268
1013,496,1509,0.11770490993169522
1017,499,1516,0.11769777663408369
1017,510,1527,0.11768265567019377
1004,511,1515,0.1176695969957991
999,506,1505,0.1176862861665499
990,506,1496,0.1177148340527204
995,508,1503,0.1177605710512421
1007,507,1514,0.11779119521379908
1000,505,1505,0.11779220849602488
1003,498,1501,0.11780733013627503
998,502,1500,0.1178171215279782
1011,505,1516,0.11783488068091051
1007,502,1509,0.11782369344313878
1013,510,1523,0.11782465591347041
1007,507,1514,0.11781070390143351
1012,503,1515,0.11781121801770088
1002,496,1498,0.11780244345723806
1010,502,1512,0.11781668997916686
1009,505,1514,0.11781272019111949
1010,512,1522,0.117812230355155
1013,507,1520,0.11781109945473812
1003,506,1509,0.1178029203121787
1002,510,1512,0.1178198203963321
999,515,1514,0.11783720494546149
993,517,1510,0.1178594382704028
981,512,1493,0.11789434037420506
988,516,1504,0.11795521694570396
989,515,1504,0.11799575720758373
988,511,1499,0.11803388986142992
994,515,1509,0.11807244357362517
995,507,1502,0.11809334253814673
989,509,1498,0.1181109462816955
999,514,1513,0.1181404643907094
999,523,1522,0.11814320530688568
990,526,1516,0.1181449468267517
986,519,1505,0.11816614656635976
977,512,1489,0.11819580719330265
989,513,1502,0.11824507783179918
994,509,1503,0.11826173030777946
998,519,1517,0.11826417332118484
993,513,1506,0.11825752482395441
989,515,1504,0.11826397096706036
990,514,1504,0.11827894227007159
991,519,1510,0.11829318637302438
984,521,1505,0.11830262618840347
978,530,1508,0.11832835936492318
988,526,1514,0.11836732764152107
992,520,1512,0.1183803802501625
993,522,1515,0.11838489919279759
974,519,1493,0.1183868717596742
966,521,1487,0.11843274061720493
955,520,1475,0.11849336295045733
962,530,1492,0.11857618347887491
982,528,1510,0.11863866471707865
981,528,1509,0.11864760663837583
982,534,1516,0.11865610185845508
978,528,1506,0.1186596035477982
983,525,1508,0.1186731248348445
976,531,1507,0.11867346912042334
986,527,1513,0.11869257347521418
984,529,1513,0.11868914310341061
972,535,1507,0.11869161118985422
970,526,1496,0.11871891813860187
971,528,1499,0.11875005658891923
971,530,1501,0.11877484273987657
974,535,1509,0.11880035017671954
971,541,1512,0.11881943791953155
962,548,1510,0.11884417130719639
959,544,1503,0.11888864710000596
959,544,1503,0.11893900800179641
950,553,1503,0.11898443919483448
935,556,1491,0.11904699683098847
941,563,1504,0.11913839626769024
940,565,1505,0.11921008457203229
943,560,1503,0.11927857040256706
940,570,1510,0.11933483746497707
938,563,1501,0.11939450450370863
939,558,1497,0.11945524232458593
947,563,1510,0.11950945267091687
952,565,1517,0.11954138872224479
943,564,1507,0.11955630716408834
934,566,1500,0.11959321230780455
941,556,1497,0.1196489710152159
939,563,1502,0.11968642778538825
924,574,1498,0.11972780387088162
930,572,1502,0.11979915067407255
928,571,1499,0.11984966976461188
935,574,1509,0.11990301069082969
930,570,1500,0.11993914789489098
927,574,1501,0.11998438903393961
921,580,1501,0.12003263205863174
918,577,1495,0.12009143194233833
935,575,1510,0.1201484902170284
925,572,1497,0.1201637766813526
929,569,1498,0.12019906399245707
923,566,1489,0.12022378733159673
932,564,1496,0.12026037936872801
931,564,1495,0.12027286116965331
932,560,1492,0.1202858374473826
933,561,1494,0.1202936229355291
931,554,1485,0.12029662495100242
933,555,1488,0.12030451318038533
938,561,1499,0.1203085074867408
944,558,1502,0.12029910442575627
929,557,1486,0.12027520357017674
934,560,1494,0.12028675544419937
941,556,1497,0.12028655561786049
946,559,1505,0.12026966962138977
951,562,1513,0.12024454935132978
939,564,1503,0.12021206331564332
946,573,1519,0.1202085667083428
924,571,1495,0.12018934093444632
911,575,1486,0.1202238941000084
913,576,1489,0.12028369652731336
924,565,1489,0.12033441582108367
934,567,1501,0.12035762917488547
937,569,1506,0.1203559481260958
938,571,1509,0.12034852642426042
934,571,1505,0.1203403039027899
935,573,1508,0.12034251927035373
930,581,1511,0.12034402407360342
914,583,1497,0.12035937999099229
911,578,1489,0.12041065098649628
917,581,1498,0.12046252294998887
926,575,1501,0.12049416296662596
925,573,1498,0.12050426506869372
914,570,1484,0.12051757411055447
906,573,1479,0.1205562799166745
907,576,1483,0.12061030624694986
908,586,1494,0.12066007880225023
919,583,1502,0.12070377606451821
905,591,1496,0.12071836074041219
909,587,1496,0.12076497415023585
901,590,1491,0.12079847567218514
911,590,1501,0.12084762158349398
909,601,1510,0.12086876947042124
905,601,1506,0.1208944883043548
906,605,1511,0.12092622006031885
897,601,1498,0.12095552102050876
901,604,1505,0.12100431492353357
908,606,1514,0.1210403355922238
897,599,1496,0.12105782846898984
903,601,1504,0.12109971410486675
892,610,1502,0.12112763927865379
893,613,1506,0.12118013989418827
894,611,1505,0.12122678295509434
907,615,1522,0.1212694992843365
905,609,1514,0.121278238448986
909,611,1520,0.12129005826809573
900,607,1507,0.1212926088978415
900,610,1510,0.12131532569164262
887,604,1491,0.12133730182024666
881,600,1481,0.12138712381748572
893,600,1493,0.12144635029281028
893,586,1479,0.12147467387853553
893,594,1487,0.12149950206524714
907,601,1508,0.12152190238552554
900,599,1499,0.12151142387663992
901,605,1506,0.1215196596142118
890,606,1496,0.12152329676749808
891,610,1501,0.12155303202709966
884,602,1486,0.12158130721309292
885,607,1492,0.12162437188670575
891,612,1503,0.12166144636749571
887,613,1500,0.12168104786570623
886,614,1500,0.12170679972017004
885,611,1496,0.12173139444274948
886,611,1497,0.1217576788066108
892,615,1507,0.12177831825287537
874,616,1490,0.1217850826001926
870,615,1485,0.12183221432775554
876,627,1503,0.12188609526917014
882,623,1505,0.12192333159976243
864,623,1487,0.12194594456558598
864,626,1490,0.12200886966045157
874,626,1500,0.1220666332334623
873,627,1500,0.12209497291429397
880,630,1510,0.12212576143036014
887,629,1516,0.12213930986157581
876,622,1498,0.12213776454616294
877,621,1498,0.12215975682663682
873,619,1492,0.12217942196531681
873,612,1485,0.12220662741115074
879,629,1508,0.12223363941745298
865,630,1495,0.12224162463960699
861,628,1489,0.12228107318193354
861,632,1493,0.1223243048219026
857,632,1489,0.1223660607082929
872,634,1506,0.12241424577952646
863,635,1498,0.12242539966658661
850,629,1479,0.12245746682051324
863,629,1492,0.12251609612646845
870,626,1496,0.12254408841937842
856,633,1489,0.12255586835797151
849,633,1482,0.12259646307023463
862,633,1495,0.12264792611311894
863,645,1508,0.12266817622089458
865,646,1511,0.12268647272427052
856,646,1502,0.12269797190014387
853,647,1500,0.12273259990420239
857,651,1508,0.1227722775403506
860,648,1508,0.12280159341979123
862,659,1521,0.12282198071636216
867,646,1513,0.12283787653979938
856,654,1510,0.12284081668198024
846,651,1497,0.1228674235470695
853,652,1505,0.1229176602283033
848,664,1512,0.12294923603351368
846,658,1504,0.12298967625664098
850,658,1508,0.12303200835274034
846,656,1502,0.12306058162338618
847,658,1505,0.12309515673260517
846,653,1499,0.12312331182463954
842,659,1501,0.12315157672847288
844,652,1496,0.12319033601233975
848,650,1498,0.1232224929368131
852,654,1506,0.12324403371390659
858,655,1513,0.12325465794297027
847,655,1502,0.12325217248159692
852,654,1506,0.12327586719444257
844,659,1503,0.12328710061899141
846,654,1500,0.12331719272190096
848,657,1505,0.12334174530902872
850,663,1513,0.12336018655126516
841,655,1496,0.12337201402951585
851,661,1512,0.12340326061813009
848,666,1514,0.12340977401676888
854,669,1523,0.12342380626468963
848,663,1511,0.12342346542500604
848,662,1510,0.12343876228509558
846,657,1503,0.12345124004804385
847,652,1499,0.12346790090262495
846,659,1505,0.12348164597308232
830,654,1484,0.1234968261023824
834,661,1495,0.12354719242736287
842,662,1504,0.12358552116967082
848,663,1511,0.1236017823785713
847,666,1513,0.12360182949156062
854,663,1517,0.12360743461987181
849,668,1517,0.12359922611846784
837,669,1506,0.12360241440535429
826,668,1494,0.12363006741750122
821,672,1493,0.12367821230546784
830,666,1496,0.123734445278177
831,658,1489,0.12376720849080725
839,669,1508,0.1237947414143259
833,670,1503,0.12380383405131042
836,671,1507,0.1238247272772876
831,671,1502,0.12383556484069265
831,673,1504,0.1238584531291162
843,677,1520,0.12388032192102372
839,676,1515,0.12387244275277504
832,674,1506,0.12387267809692272
834,673,1507,0.12388976324487672
829,674,1503,0.12390059679500559
823,675,1498,0.12392167472617949
831,673,1504,0.12395485565943662
829,678,1507,0.12396887566636348
822,682,1504,0.12398794835459177
822,687,1509,0.12402377835581847
816,690,1506,0.12405580384777166
809,696,1505,0.12409835383992263
807,694,1501,0.12415480514449781
812,698,1510,0.12421238659688313
807,687,1494,0.12425563524989194
817,693,1510,0.12430671716531475
815,697,1512,0.12433385337192454
824,691,1515,0.12436287875195788
818,692,1510,0.1243670934116606
822,684,1506,0.12438243824183275
821,681,1502,0.12438785826591454
824,677,1501,0.1243964039259318
833,684,1517,0.12439680532333494
830,688,1518,0.12437209266088665
825,686,1511,0.12435552465331207
821,686,1507,0.12435014992028734
816,683,1499,0.12435559303929054
827,688,1515,0.12437370551519335
829,689,1518,0.12436627351895244
821,686,1507,0.12435573543881327
821,685,1506,0.124363704085019
828,684,1512,0.12437159705429571
824,689,1513,0.12436191776184524
826,694,1520,0.12436253087974687
826,698,1524,0.12436042129353166
823,689,1512,0.12435951493273369
818,698,1516,0.12436427511628122
822,699,1521,0.1243802171532781
818,701,1519,0.12438713412828438
817,693,1510,0.1244045683642188
818,694,1512,0.12442371458022036
814,690,1504,0.12443716571877214
819,689,1508,0.12445745947737458
825,693,1518,0.12446382714258729
817,690,1507,0.12445547061065483
833,689,1522,0.12446532122571251
830,684,1514,0.12443942589303778
827,688,1515,0.12442301040948563
828,687,1515,0.12441299929657613
828,688,1516,0.12440432133573733
825,684,1509,0.12439497288852149
819,690,1509,0.12439139797612299
823,694,1517,0.12440107344905321
820,696,1516,0.12440320213659564
814,686,1500,0.12441450369129196
821,682,1503,0.12443886894854796
815,686,1501,0.12444568620887714
817,690,1507,0.12446542079829272
820,688,1508,0.12447936374414544
812,685,1497,0.12448682971048058
808,677,1485,0.1245122041476964
808,678,1486,0.12454079734457103
823,671,1494,0.12456601649145022
816,674,1490,0.12455616281488684
818,679,1497,0.12456021040440352
815,680,1495,0.12455966156673337
815,686,1501,0.12456822975068133
812,691,1503,0.12457688066720976
811,684,1495,0.12459290260225821
821,693,1514,0.12461227713791072
819,688,1507,0.1246042031650269
818,693,1511,0.12459922238442413
810,694,1504,0.12459868334126652
808,693,1501,0.12461541429649667
813,676,1489,0.12463539912033449
817,677,1494,0.12464173269566117
822,677,1499,0.12463772210067052
821,677,1498,0.12462341184620868
821,686,1507,0.1246116707431586
827,678,1505,0.12460140495577238
822,682,1504,0.12457815194917629
819,679,1498,0.1245682035336634
816,674,1490,0.12456728987866025
811,688,1499,0.12457383065873874
810,683,1493,0.12459254529128938
810,681,1491,0.12461272774979001
813,682,1495,0.12463036264519001
828,691,1519,0.12463917172448843
821,701,1522,0.12461257798139994
799,701,1500,0.12460460423569918
798,708,1506,0.12464849555624471
794,703,1497,0.12469329391340317
811,708,1519,0.12474556706187916
810,713,1523,0.12475482983522328
813,707,1520,0.12476509416998631
811,707,1518,0.12476817902910053
804,697,1501,0.12477545405626199
804,695,1499,0.12479621671194639
792,694,1486,0.1248162752113825
802,693,1495,0.12486280303728257
806,707,1513,0.1248815510547969
799,708,1507,0.12488909180231754
802,709,1511,0.12491469323575348
799,705,1504,0.1249307467713518
799,708,1507,0.12495155944694035
799,714,1513,0.12497253711290732
803,715,1518,0.1249924525953447
801,708,1509,0.12500208430376344
799,717,1516,0.12501570488846428
793,713,1506,0.12503248591624436
789,714,1503,0.12506259014778895
800,710,1510,0.12510033372883725
798,712,1510,0.12511196106070577
798,710,1508,0.1251259040770503
786,718,1504,0.12514037320644866
781,718,1499,0.12518177788290724
781,719,1500,0.1252329488960768
786,725,1511,0.12527997689402112
777,726,1503,0.12530984526750463
789,708,1497,0.12535800825102555
795,713,1508,0.12537421665664947
793,718,1511,0.12537660643357865
797,732,1529,0.12538262405938336
791,727,1518,0.12537799152316498
781,729,1510,0.1253883109270895
777,721,1498,0.12542075010936501
786,725,1511,0.1254614487223544
781,729,1510,0.1254793510477225
775,726,1501,0.1255086494939767
778,730,1508,0.1255486195072785
771,720,1491,0.12557957230499794
779,718,1497,0.1256239282785867
782,722,1504,0.12564821432201553
779,727,1506,0.12566422966573612
789,720,1509,0.1256825448017759
786,719,1505,0.12567544355667046
784,723,1507,0.12567647903338128
775,718,1493,0.12568186613272989
770,722,1492,0.1257092319324495
780,722,1502,0.12574679668523028
786,726,1512,0.1257579953431632
791,729,1520,0.1257561599622495
794,735,1529,0.12573973419258697
789,722,1511,0.12572041336025663
794,723,1517,0.125713736279818
781,731,1512,0.12569765353123694
780,726,1506,0.1257121169534745
765,723,1488,0.12572723543972156
768,722,1490,0.12577458594079155
767,717,1484,0.12581066514260603
770,720,1490,0.12584561396502475
778,723,1501,0.1258709580979052
778,736,1514,0.125875727521018
785,740,1525,0.12587967646674
779,725,1504,0.1258681479144799
783,720,1503,0.12587088557791706
781,728,1509,0.12586577852308012
782,721,1503,0.1258657322100559
780,718,1498,0.12586406153851373
771,715,1486,0.1258685191732379
780,717,1497,0.12589251496563092
773,724,1497,0.12589319257382203
772,732,1504,0.12590990478342812
786,725,1511,0.12592889982389244
788,729,1517,0.125913240987689
797,729,1526,0.1258931617623399
786,737,1523,0.12585561882143026
782,725,1507,0.12584876470343515
788,734,1522,0.12585281863588618
782,720,1502,0.12584399345490646
784,717,1501,0.12584955023127783
792,719,1511,0.12584839514213747
794,722,1516,0.1258269415221778
792,726,1518,0.1258024341087989
794,730,1524,0.12578477160561938
779,731,1510,0.12576413846381831
770,734,1504,0.1257792705812994
770,740,1510,0.1258142655495553
764,735,1499,0.1258491419380708
765,741,1506,0.125896206408218
775,749,1524,0.12593871605830298
780,743,1523,0.12595568928080397
777,747,1524,0.12595958521096157
774,743,1517,0.1259706898155086
771,746,1517,0.1259881354691136
774,735,1509,0.12601342465958276
777,739,1516,0.12603058839719616
784,746,1530,0.12603885847121668
784,740,1524,0.12603035656329944
779,744,1523,0.12602425140193463
774,742,1516,0.12603054707730257
778,745,1523,0.12604780908502455
775,749,1524,0.12605483738461218
775,741,1516,0.12606924577855413
769,734,1503,0.12608303481369554
766,733,1499,0.12610897874080584
764,740,1504,0.12614134890390788
762,742,1504,0.12617536451521225
768,739,1507,0.12621275700988957
761,750,1511,0.12623389569951818
763,753,1516,0.12626941324788055
764,748,1512,0.12629723364871143
758,744,1502,0.12632085717687944
754,746,1500,0.12635620620182547
756,745,1501,0.12639730110332636
757,759,1516,0.12643059868340065
748,761,1509,0.1264590889621738
753,764,1517,0.12650457425326597
760,754,1514,0.12653732341690627
755,763,1518,0.12654926545041678
758,761,1519,0.12657306020136574
760,761,1521,0.12659016579606433
756,752,1508,0.12659803833370553
749,750,1499,0.12661243417746845
750,750,1500,0.12664402272188968
750,747,1497,0.1266717117651299
749,751,1500,0.12669670274320377
750,736,1486,0.1267243863026624
754,747,1501,0.12674683681162302
756,753,1509,0.12675821340418217
758,749,1507,0.12676311242279456
757,746,1503,0.12676290629318998
752,752,1504,0.12676657880727862
750,746,1496,0.12678331766365805
757,739,1496,0.12680226464819497
743,743,1486,0.12680395936815086
743,734,1477,0.12683640152907533
746,740,1486,0.12686610134260395
747,747,1494,0.12688488307098247
751,747,1498,0.1268989085868709
747,755,1502,0.12690306049572783
740,762,1502,0.12691841555106909
741,752,1493,0.12694962979582036
743,757,1500,0.12697654815934875
738,756,1494,0.1269962051844206
750,750,1500,0.12702652877245266
744,746,1490,0.12702695032417805
739,750,1489,0.127040428879796
740,754,1494,0.12706445306037153
737,756,1493,0.127086391648756
742,758,1500,0.1271130718212959
741,755,1496,0.1271240600645388
734,759,1493,0.12713703614739263
733,754,1487,0.12716645480127123
740,764,1504,0.12719717711192852
738,771,1509,0.1272098715123301
744,769,1513,0.127225739433786
741,766,1507,0.12722609500649384
744,769,1513,0.12723424583818319
741,765,1506,0.12723584462729282
749,763,1512,0.12724521211413237
743,767,1510,0.12723398462018842
741,768,1509,0.12723836580926257
740,766,1506,0.12724706362708535
744,765,1509,0.1272571028601125
743,767,1510,0.12725726162717405
745,761,1506,0.12725966713568787
743,762,1505,0.12725865869804318
740,774,1514,0.12726097267723577
739,773,1512,0.1272666480116108
744,776,1520,0.12727355906232343
748,774,1522,0.1272693413563502
743,766,1509,0.12725784959621517
754,757,1511,0.12725876757276416
750,747,1497,0.12723423886627677
753,751,1504,0.12722142873461897
759,757,1516,0.12720296570010112
756,754,1510,0.1271731736139774
757,750,1507,0.12715011215442298
749,749,1498,0.12712645761465222
744,757,1501,0.1271230867141618
738,759,1497,0.1271320309214088
749,764,1513,0.12715571047698268
747,758,1505,0.12715385394328022
756,762,1518,0.12715583518823248
751,766,1517,0.12713674059572913
750,765,1515,0.12712970029436718
744,777,1521,0.1271248552663184
745,774,1519,0.12713505303638709
747,765,1512,0.1271435561928654
735,773,1508,0.12714586784104534
733,774,1507,0.12717453063798545
739,771,1510,0.12720472665396484
744,765,1509,0.12721861627026976
736,766,1502,0.12721888783777224
720,758,1478,0.1272362696071055
725,764,1489,0.127290959404288
717,770,1487,0.12733097721251171
710,778,1488,0.12738697473928487
717,777,1494,0.1274559383572649
718,781,1499,0.12750319565103774
731,767,1498,0.1275422163534946
737,763,1500,0.12754762406092687
738,757,1495,0.12753718442303266
735,760,1495,0.12752432958928459
735,762,1497,0.12751776036238482
726,768,1494,0.12751374551043387
733,770,1503,0.12753176429624455
726,773,1499,0.1275322113429767
737,774,1511,0.12754665190170045
734,771,1505,0.1275357373446281
740,768,1508,0.12753334142819095
735,768,1503,0.1275174516452081
726,772,1498,0.12751425988447562
716,772,1488,0.12753284895204356
715,782,1497,0.12757127393038786
712,787,1499,0.12761084432816605
707,787,1494,0.12765277572600914
719,778,1497,0.12770362702997187
718,788,1506,0.127725391053376
716,787,1503,0.12774782246425148
717,777,1494,0.1277749892287131
719,777,1496,0.12779824245219434
714,774,1488,0.12781600686037212
706,782,1488,0.1278451250882527
711,784,1495,0.12789291850427495
711,784,1495,0.12792319236176217
704,790,1494,0.12795171733336588
708,778,1486,0.12799496624446938
718,780,1498,0.1280268124384662
727,785,1512,0.12803043994343194
729,785,1514,0.12801330223767302
726,793,1519,0.12799306335657004
728,792,1520,0.1279825309446296
720,788,1508,0.12796907691333256
714,788,1502,0.1279740987217698
713,790,1503,0.12799520056030594
705,799,1504,0.1280181786478695
698,798,1496,0.12805922896706304
707,807,1514,0.12811373780263974
709,810,1519,0.12814477477700636
693,808,1501,0.1281700350835549
685,816,1501,0.12823073784503433
697,805,1502,0.12830815782427651
702,807,1509,0.12835385795878174
690,815,1505,0.12838549951606584
685,820,1505,0.12844098261394488
687,827,1514,0.1285041994733034
678,819,1497,0.1285596744579406
691,818,1509,0.12863190503408892
681,823,1504,0.1286695244182255
683,821,1504,0.1287244521450828
674,814,1488,0.12877016463108698
676,814,1490,0.12883364601976058
687,815,1502,0.12888782316019753
682,817,1499,0.12891187381217692
685,811,1496,0.12894665007049919
700,814,1514,0.12897201352389742
702,820,1522,0.12895801196460227
685,820,1505,0.12893992805667104
683,819,1502,0.12896049418817854
689,817,1506,0.12898365827789748
689,818,1507,0.12899199718482166
687,815,1502,0.12900191479246348
690,823,1513,0.12901616508033173
690,829,1519,0.12902149916118996
682,827,1509,0.129027402000282
684,824,1508,0.1290532997131759
695,829,1524,0.12907204563214444
688,822,1510,0.12906382842091457
685,829,1514,0.1290736850994335
692,832,1524,0.12908991912220716
688,827,1515,0.12908811911627296
694,833,1527,0.12909654990741373
687,819,1506,0.12909241743297384
684,815,1499,0.12910691794486873
681,814,1495,0.12912796857773734
669,820,1489,0.12915215702006638
676,818,1494,0.12920231884818528
672,818,1490,0.12923464896573378
676,821,1497,0.12927463358770136
669,825,1494,0.12930252448356405
666,824,1490,0.1293437450048198
666,830,1496,0.12938756410851712
673,829,1502,0.12942916619228614
675,827,1502,0.1294506798961181
677,825,1502,0.1294687793966174
681,823,1504,0.12948185669154427
681,832,1513,0.12948239681095516
683,833,1516,0.12948047359985917
695,832,1527,0.12947490360567523
691,823,1514,0.1294427312645815
685,819,1504,0.1294225735270866
691,822,1513,0.1294188586040718
689,822,1511,0.12939836422651138
690,821,1511,0.12938592811781885
676,823,1499,0.12937520994375576
670,816,1486,0.12939568819068814
667,822,1489,0.1294292435224332
669,831,1500,0.12946683808700474
675,832,1507,0.12949746430111714
682,832,1514,0.1295107431107262
686,829,1515,0.12950781917303458
687,829,1516,0.12949650475065413
682,833,1515,0.12948498796792535
685,831,1516,0.12948516994436526
680,824,1504,0.12947915833679333
670,833,1503,0.1294862499966991
664,835,1499,0.12951574170268373
669,843,1512,0.12955753040985218
668,837,1505,0.12958471658625073
670,830,1500,0.12961252593479713
670,829,1499,0.129633999996935
657,839,1496,0.12965500110788536
657,841,1498,0.12970412148249344
667,840,1507,0.1297501866373081
655,831,1486,0.129769497451943
656,840,1496,0.12981512196430092
665,843,1508,0.1298552945105989
664,843,1507,0.1298694745330114
653,842,1495,0.12988550618024405
659,836,1495,0.12992672009631712
652,838,1490,0.1299470990155556
651,843,1494,0.12998105254281736
660,843,1503,0.13001466641192125
661,836,1497,0.130025102248318
643,839,1482,0.13003266019721788
644,839,1483,0.13008036329323638
656,849,1505,0.130122262446896
649,833,1482,0.1301351127939288
659,841,1500,0.13016527981281853
662,841,1503,0.13016904791859119
656,840,1496,0.1301633660654203
653,844,1497,0.13016867099962734
655,853,1508,0.13018168286790696
653,853,1506,0.13019254127079455
659,844,1503,0.13020591035250617
658,850,1508,0.1302054302293592
653,854,1507,0.13020846435267522
657,843,1500,0.13022156241723962
652,843,1495,0.13022675483489923
650,848,1498,0.1302437284635938
647,856,1503,0.13026532579658337
655,859,1514,0.1302901547722067
650,857,1507,0.1302957040155695
661,849,1510,0.1303123718104758
661,850,1511,0.1303037034306767
656,855,1511,0.1302965458321361
654,861,1515,0.13030178397477712
651,856,1507,0.1303120199664187
650,855,1505,0.13032706299826266
646,868,1514,0.1303448872119326
643,873,1516,0.13037105732491203
642,863,1505,0.13040361032963685
651,857,1508,0.13043470074831803
634,864,1498,0.13044397074016995
636,871,1507,0.13049289045028709
629,871,1500,0.1305348667295339
632,870,1502,0.13058937456939015
633,869,1502,0.13063265619275316
629,874,1503,0.1306712270653563
631,878,1509,0.13071671100188212
638,883,1521,0.13075561730064547
632,881,1513,0.13077714136064367
630,872,1502,0.1308096586876396
630,868,1498,0.1308441516717781
629,873,1502,0.1308767782497499
635,852,1487,0.13090817987332637
634,859,1493,0.13092145706711805
633,864,1497,0.13093454632019114
632,873,1505,0.13095106980647883
638,868,1506,0.13096952482563087
635,877,1512,0.1309724585903802
634,866,1500,0.1309803337969539
636,870,1506,0.13098807036993837
637,874,1511,0.13099063891387172
645,868,1513,0.13099080434367433
644,868,1512,0.1309750590688679
640,868,1508,0.13096379495687527
637,878,1515,0.1309642799221508
633,879,1512,0.13096927335952205
628,877,1505,0.13098612063410228
624,882,1506,0.1310136375955642
615,885,1500,0.13104907488998227
616,874,1490,0.13110453346063466
620,872,1492,0.13115453128311608
617,869,1486,0.13118994434548453
620,875,1495,0.13122873037242103
627,881,1508,0.13125955258084304
623,887,1510,0.1312703055970017
623,886,1509,0.13129045336828127
619,874,1493,0.13131158589708927
625,883,1508,0.13133951345004977
618,882,1500,0.13135165809108953
621,889,1510,0.1313792397454458
614,885,1499,0.13139750928069044
620,885,1505,0.1314317547272901
623,880,1503,0.1314473957154016
623,880,1503,0.13145362396467966
627,886,1513,0.13145952337952196
618,886,1504,0.1314559675152006
612,880,1492,0.13147345670665736
611,884,1495,0.13150404155007914
619,887,1506,0.13153713991348645
613,884,1497,0.13154687506508864
614,884,1498,0.13156820277662218
616,883,1499,0.13158481170582229
621,889,1510,0.13159640759844243
618,893,1511,0.13159605552273448
626,894,1520,0.13160224996235187
627,897,1524,0.131591915313484
625,898,1523,0.1315786218022998
623,897,1520,0.1315700763039894
627,894,1521,0.1315669207513657
619,889,1508,0.1315575412594136
621,883,1504,0.13156942517173342
627,888,1515,0.13157674947614661
622,886,1508,0.13156862674496161
624,888,1512,0.13157126603601615
619,895,1514,0.1315670906421671
618,897,1515,0.13157431615378287
615,893,1508,0.13158559688892754
604,900,1504,0.13160252073967857
604,897,1501,0.131644846706743
605,891,1496,0.13168585913431294
609,880,1489,0.1317226886759435
611,887,1498,0.13174834099642488
611,886,1497,0.13176216716887418
618,894,1512,0.13177506162012398
615,881,1496,0.13177150462729523
609,886,1495,0.13177729335018773
610,893,1503,0.1317974752158427
614,895,1509,0.13181358556359274
605,900,1505,0.13181623863743583
601,899,1500,0.13183851858219087
606,893,1499,0.13186832462590503
608,897,1505,0.1318854312635598
609,900,1509,0.13189556589163343
609,884,1493,0.13190409137565265
608,875,1483,0.13191032527963503
615,880,1495,0.13191902579038006
605,894,1499,0.13191163427735766
615,880,1495,0.13192563594460144
620,874,1494,0.1319155061255162
606,865,1471,0.13189093025495002
621,886,1507,0.13190065279140523
619,885,1504,0.13187458214247286
623,898,1521,0.13185241665820638
634,904,1538,0.13182369233712682
629,897,1526,0.1317725648791739
626,888,1514,0.13173738494945497
627,879,1506,0.13171340093367676
618,889,1507,0.13169180755511078
623,895,1518,0.1316931255541114
619,896,1515,0.13168273740187192
616,894,1510,0.13168243694663645
613,894,1507,0.13169026200800033
623,893,1516,0.1317037816597898
625,880,1505,0.13169204553077973
617,887,1504,0.1316771329184361
621,890,1511,0.1316822045551845
619,899,1518,0.13167876101017234
612,903,1515,0.13168136086745094
613,900,1513,0.1317011907917798
621,890,1511,0.13171740777297367
616,896,1512,0.13171597370979854
622,893,1515,0.131726049135517
628,887,1515,0.13172185559919083
636,890,1526,0.13170466190808452
629,895,1524,0.1316677023039924
630,902,1532,0.1316496716008673
621,898,1519,0.1316300100816497
621,899,1520,0.13163144155379866
624,895,1519,0.13163249277389272
623,900,1523,0.13162827543791078
619,908,1527,0.1316258910893321
620,907,1527,0.13163380215031342
622,892,1514,0.13164115243665087
614,892,1506,0.13164219185529555
616,895,1511,0.1316616473019498
614,891,1505,0.13167460062155578
608,881,1489,0.1316906506949172
619,877,1496,0.131718654018501
626,880,1506,0.13171938877143283
622,884,1506,0.13170275762710565
619,896,1515,0.13169338762312222
630,892,1522,0.13169089352083937
634,898,1532,0.1316641740849127
629,892,1521,0.13163015689480143
622,891,1513,0.131611187829536
626,885,1511,0.13160942857222493
638,892,1530,0.13160011375539843
631,893,1524,0.13156357773479002
619,898,1517,0.13154724778581417
616,903,1519,0.13156102293841423
605,894,1499,0.13157834073411417
611,899,1510,0.13161906068096713
604,897,1501,0.1316447893450263
603,893,1496,0.13168429488508343
602,893,1495,0.1317233796281821
600,889,1489,0.13176071500437908
610,895,1505,0.13179944020673248
605,899,1504,0.13181276072777123
605,904,1509,0.13183655779402859
607,900,1507,0.13186092899909851
600,904,1504,0.13187812767705642
602,910,1512,0.13191137900100144
602,917,1519,0.13193809385317018
600,917,1517,0.13195963963363774
606,922,1528,0.13198599007540335
607,908,1515,0.13199689894724437
605,903,1508,0.13200650482262147
607,900,1507,0.1320205666347974
599,901,1500,0.1320280040956226
604,907,1511,0.13205317365500766
592,922,1514,0.13206476427763844
595,914,1509,0.1321038150635102
595,921,1516,0.13213265150773373
595,912,1507,0.13216180916914788
595,907,1502,0.13219018132067192
598,905,1503,0.13221460072883823
601,906,1507,0.1322310855875094
591,904,1495,0.13223815891166196
598,907,1505,0.1322667567364226
587,910,1497,0.13227630476317226
583,904,1487,0.13230964276631493
587,909,1496,0.1323506173388949
581,913,1494,0.132382679219711
577,908,1485,0.13242677194685804
564,913,1477,0.13247589423596234
574,914,1488,0.13255219972181925
583,920,1503,0.13260098730799302
583,926,1509,0.13262294665960242
585,925,1510,0.13264435036590808
583,927,1510,0.13266072939733936
592,929,1521,0.13268222216629144
588,923,1511,0.13268243074220004
588,928,1516,0.1326931998308868
583,931,1514,0.13270308993918334
584,925,1509,0.13272208960560705
581,927,1508,0.13273792257067146
586,922,1508,0.13275956488967594
585,928,1513,0.13276651520489693
592,933,1525,0.1327759654608012
588,923,1511,0.1327687406392327
590,917,1507,0.13277157835577022
599,912,1511,0.13276935979293153
599,910,1509,0.13274742068474304
591,921,1512,0.13272617966753308
594,921,1515,0.13272388400862897
597,918,1515,0.1327156956068577
588,927,1515,0.132703261319754
584,932,1516,0.1327131635858471
587,934,1521,0.13273387113326332
590,928,1518,0.13274195355760163
596,924,1520,0.13274336120681626
585,924,1509,0.1327308773646746
584,926,1510,0.132744006376992
584,924,1508,0.13275940768298447
579,923,1502,0.13277506998488
586,932,1518,0.1328004897796685
575,926,1501,0.13280934043064488
577,934,1511,0.13284169612259158
588,932,1520,0.13286565834542663
589,934,1523,0.1328636204893483
587,926,1513,0.1328582547389541
587,929,1516,0.13285699632499312
585,927,1512,0.1328559626265803
582,932,1514,0.13285851967302212
585,935,1520,0.13286933000452092
592,932,1524,0.13287273711425285
594,927,1521,0.13286048844906392
591,924,1515,0.13284560796570438
591,927,1518,0.13283958622342792
595,916,1511,0.13283444588278598
597,918,1515,0.13281797208485055
589,912,1501,0.13279982254553938
590,924,1514,0.13280361754766928
578,926,1504,0.13280180910417694
580,941,1521,0.1328271316199768
573,945,1518,0.13284955368472307
577,945,1522,0.13288717017140372
567,943,1510,0.13291421895709588
563,940,1503,0.13296285688876147
560,940,1500,0.13301806272543648
563,943,1506,0.13307557961995783
566,949,1515,0.13312222242783972
558,954,1512,0.13315837235206074
556,941,1497,0.13321007075230662
553,940,1493,0.13326314905754852
559,929,1488,0.1333185299948428
556,938,1494,0.13335507903911786
555,943,1498,0.13339683725061038
551,939,1490,0.13344064454472007
553,945,1498,0.1334879705426867
560,954,1514,0.13352528173454054
559,952,1511,0.1335462279426708
557,954,1511,0.1335678530716219
555,952,1507,0.13359315075083913
546,957,1503,0.1336200854403155
542,945,1487,0.1336656664224642
543,947,1490,0.1337178509667928
549,951,1500,0.13376525838116363
556,956,1512,0.1337951969322129
559,943,1502,0.1338068298416354
555,946,1501,0.13381082253277943
554,961,1515,0.1338254610096326
553,948,1501,0.13383998262615782
545,952,1497,0.13385804239858567
541,957,1498,0.1338936028257619
544,960,1504,0.133937112980404
534,965,1499,0.1339704833503901
543,968,1511,0.13402671531910232
545,967,1512,0.13405829369425498
547,967,1514,0.1340832087604219
542,971,1513,0.13410363553894186
542,976,1518,0.13413068235288367
546,980,1526,0.1341577530264178
537,981,1518,0.13417090097667386
546,982,1528,0.13420520654063128
540,965,1505,0.13421619077568028
543,957,1500,0.13424063166917213
535,959,1494,0.13425630865145155
540,963,1503,0.1342905698232469
535,973,1508,0.13431123577860785
533,970,1503,0.13434278494703258
538,970,1508,0.13437766408568552
530,981,1511,0.1343988600469708
526,983,1509,0.1344373213087283
528,983,1511,0.13448156658864413
527,980,1507,0.13451782043129432
531,979,1510,0.1345548399364322
528,979,1507,0.13457903987812464
524,986,1510,0.13460901983068344
526,982,1508,0.13464778272710373
534,976,1510,0.1346787481425
524,973,1497,0.1346885463511089
525,975,1500,0.13472079795711497
528,973,1501,0.134746642642533
524,979,1503,0.13476456252823568
519,976,1495,0.13478988853829002
513,994,1507,0.1348232859266281
520,992,1512,0.13486877497322597
515,989,1504,0.13489559064519277
507,980,1487,0.1349306342354715
508,993,1501,0.13497948372578453
505,992,1497,0.13502317496819682
518,1000,1518,0.1350715869348076
522,985,1507,0.1350871581535987
524,987,1511,0.13509241265391295
521,993,1514,0.13509278776579053
515,987,1502,0.13510031897120592
509,988,1497,0.135121331408841
500,985,1485,0.13515642797601654
503,982,1485,0.13521060007443414
501,1003,1504,0.1352549342200382
505,1009,1514,0.13530132842091785
511,1001,1512,0.13533743991058256
503,1004,1507,0.13535606848664286
502,996,1498,0.1353907161898966
507,1007,1514,0.13542407116775862
510,1012,1522,0.1354421083438557
508,1013,1521,0.13545256449564733
512,1003,1515,0.1354648078740575
512,1005,1517,0.13546873105480184
518,988,1506,0.13547104356480694
511,992,1503,0.13546006067452918
515,982,1497,0.1354654412056847
506,985,1491,0.13546121903515998
500,995,1495,0.13547921643220856
504,995,1499,0.13550896061273188
504,997,1501,0.13552804650160563
508,991,1499,0.1355461968751848
516,1002,1518,0.13555464410111503
512,997,1509,0.13554395733558683
502,1007,1509,0.13554399858293056
510,1010,1520,0.13556622431319
504,1020,1524,0.13557043917639416
500,1016,1516,0.1355885058852303
504,1011,1515,0.13561421798687573
503,1022,1525,0.13563110854974458
509,1016,1525,0.13564705947738925
508,1022,1530,0.13564786746473487
510,1014,1524,0.13565031327588478
499,1018,1517,0.1356473393409236
506,1012,1518,0.13567084814119648
511,1002,1513,0.1356752814129819
503,997,1500,0.13566803187910506
504,992,1496,0.1356795008500485
498,1000,1498,0.13568938139603576
500,1009,1509,0.13571358028632957
497,1004,1501,0.1357305453155627
491,1013,1504,0.13575206761727948
492,1013,1505,0.13578642624116516
496,1019,1515,0.13581922987929537
485,1008,1493,0.1358405422458149
492,1006,1498,0.135886129877971
491,1012,1503,0.13591164599929642
482,1020,1502,0.13593946950823604
485,1015,1500,0.1359862022434404
480,1016,1496,0.136022090900976
478,1015,1493,0.1360674072062127
487,1016,1503,0.1361138959521809
491,1006,1497,0.13613700592650865
487,1012,1499,0.13614589384209552
479,1011,1490,0.13616566529607682
481,1017,1498,0.1362014141084537
478,1029,1507,0.1362318723233994
480,1025,1505,0.13626805720605073
481,1024,1505,0.13629708885454056
482,1021,1503,0.13632270269083904
482,1024,1506,0.13634413123477793
486,1016,1502,0.13636537436965512
482,1023,1505,0.13637535816124516
489,1022,1511,0.13639291506713383
485,1029,1514,0.13639191180689858
488,1036,1524,0.1364014494601142
488,1029,1517,0.13640247588798005
479,1025,1504,0.13640534226294276
481,1027,1508,0.13643119628217243
476,1036,1512,0.13645198246818238
479,1031,1510,0.13648242041255296
477,1039,1516,0.13650286256477864
473,1031,1504,0.13652639071487432
473,1038,1511,0.13655762451297127
477,1036,1513,0.1365859299975506
484,1041,1525,0.1366031136665594
480,1041,1521,0.13660147303418657
473,1035,1508,0.13660848355352517
474,1036,1510,0.13662988543190754
476,1032,1508,0.13664802206505644
470,1035,1505,0.13666072391965275
470,1035,1505,0.13668564050512383
469,1035,1504,0.1367084378178442
479,1033,1512,0.1367322526728211
471,1038,1509,0.13672826177002503
466,1045,1511,0.13674333878354983
462,1043,1505,0.13676960264854793
460,1037,1497,0.13680225518133407
459,1045,1504,0.13683682088519317
460,1046,1506,0.13687286578806002
456,1045,1501,0.13690519944221724
455,1057,1512,0.13694595722439584
459,1051,1510,0.13698638903119031
453,1051,1504,0.1370167973564525
450,1044,1494,0.13705917387883448
447,1052,1499,0.13710292815841585
451,1057,1508,0.13715134580948807
446,1053,1499,0.1371873258131886
450,1043,1493,0.13723244220860875
449,1037,1486,0.1372658968472873
439,1035,1474,0.13729784279480403
439,1040,1479,0.13735229857107425
445,1045,1490,0.13740239029806278
450,1058,1508,0.1374347374120193
456,1061,1517,0.137453061066113
465,1050,1515,0.13745522374580277
459,1050,1509,0.1374374581140671
462,1047,1509,0.13743518889377251
464,1052,1516,0.137425055624791
465,1059,1524,0.13740888772135623
463,1058,1521,0.13739150781035897
462,1046,1508,0.13737883057162
463,1047,1510,0.13737178519778515
457,1051,1508,0.13736296511954568
457,1047,1504,0.13736904848317855
455,1042,1497,0.13737155401737725
457,1050,1507,0.13737849453502962
460,1042,1502,0.13738004622476496
460,1047,1507,0.13737489755648224
466,1057,1523,0.13736912415927324
466,1057,1523,0.13735272880708127
462,1042,1504,0.13733845948424192
454,1040,1494,0.13733509434185495
449,1035,1484,0.13735264889845186
459,1044,1503,0.13738072039399707
467,1064,1531,0.13738561961703252
464,1055,1519,0.1373745190861654
457,1052,1509,0.13736940544749252
460,1061,1521,0.13738040954022832
462,1059,1521,0.13738412416209475
457,1067,1524,0.13738371989507586
452,1057,1509,0.13739548867916807
448,1057,1505,0.13741972869244318
456,1053,1509,0.13745230242751302
445,1058,1503,0.13746282078948485
442,1064,1506,0.13749800803597342
447,1056,1503,0.1375350300267451
453,1053,1506,0.1375568992543745
447,1059,1506,0.1375625601218374
447,1067,1514,0.13758213460622354
448,1070,1518,0.13760225965953235
442,1064,1506,0.13762058587060352
443,1057,1500,0.13765115726992655
441,1061,1502,0.1376757200339554
439,1065,1504,0.13770312637111204
445,1068,1513,0.1377345713751014
443,1071,1514,0.13775032591404554
438,1075,1513,0.13776884322222327
434,1064,1498,0.13779716721130775
435,1073,1508,0.13783302940979125
438,1082,1520,0.1378661867419306
437,1084,1521,0.137890363251803
433,1081,1514,0.13791673640717372
434,1066,1500,0.13794880538065268
440,1081,1521,0.13797380506220036
432,1082,1514,0.13798321896421636
430,1077,1507,0.13801267657686356
433,1076,1509,0.13804097583493896
434,1072,1506,0.1380627851322639
436,1073,1509,0.1380818306856092
424,1067,1491,0.13809571004203294
422,1053,1475,0.13813751837588065
426,1062,1488,0.13818076133551208
422,1068,1490,0.13821203964161352
427,1076,1503,0.13825166815148124
427,1068,1495,0.13827604525335302
432,1082,1514,0.13829786068841382
430,1077,1507,0.1383066857001616
425,1077,1502,0.13832031252833676
433,1068,1501,0.13834362182546786
431,1062,1493,0.13834390544342973
435,1057,1492,0.13835021402261485
439,1068,1507,0.13834680135620928
433,1071,1504,0.13833531871628937
433,1078,1511,0.13833864790775896
432,1082,1514,0.1383419030451608
431,1092,1523,0.1383472098533148
433,1086,1519,0.13835654148843124
432,1091,1523,0.13836172996472942
423,1093,1516,0.13836943891470418
425,1071,1496,0.13839820137311443
429,1088,1517,0.13841944000598302
429,1085,1514,0.13843054048616985
432,1074,1506,0.13843843196455105
427,1085,1512,0.13844007936227487
432,1083,1515,0.13845336008440198
432,1082,1514,0.1384539861274313
425,1087,1512,0.1384550491370768
426,1093,1519,0.1384725068520725
424,1093,1517,0.13848269499510293
422,1089,1511,0.1384975434143711
425,1085,1510,0.13851643819732076
432,1084,1516,0.1385281876390894
435,1083,1518,0.13852508020216175
429,1088,1517,0.13851621067350395
431,1090,1521,0.13852129048737122
432,1088,1520,0.13852254900750555
427,1088,1515,0.13852190429845146
426,1086,1512,0.13853248663926784
426,1087,1513,0.13854457324930727
419,1073,1492,0.13855628362812086
421,1082,1503,0.13858366177136125
425,1090,1515,0.13860443737459913
425,1086,1511,0.1386128667376767
430,1076,1506,0.1386188569194513
430,1082,1512,0.1386147263044912
430,1084,1514,0.13860839969957733
429,1095,1524,0.13860361704808158
417,1088,1505,0.1386014097489745
410,1081,1491,0.13862912610227052
405,1082,1487,0.1386724841662236
406,1082,1488,0.13872161705397984
408,1093,1501,0.1387671166185083
408,1095,1503,0.1388062000746917
404,1092,1496,0.13884225222662244
402,1085,1487,0.13888523207066286
403,1102,1505,0.1389288950947996
397,1108,1505,0.13896557173852803
400,1096,1496,0.13901162932952904
404,1099,1503,0.1390442550465849
409,1102,1511,0.13906563092352744
416,1091,1507,0.13907535726184508
411,1094,1505,0.13906987141914642
417,1089,1506,0.13907663416997346
414,1081,1495,0.13906888539850212
410,1082,1492,0.1390691408669054
409,1092,1501,0.13907859433425723
412,1108,1520,0.13909047083944479
414,1106,1520,0.13909264937777438
414,1104,1518,0.13909100189509696
414,1126,1540,0.13908941292106122
415,1110,1525,0.13908900026472598
411,1107,1518,0.13908721824764406
411,1117,1528,0.13909552163024785
408,1100,1508,0.1391018417570223
412,1098,1510,0.13911697740017606
412,1086,1498,0.13912014528549663
413,1091,1504,0.13912382668988227
416,1095,1511,0.13912265924667055
414,1095,1509,0.13911271251998486
417,1102,1519,0.13910795846620785
414,1107,1521,0.13909690890495724
416,1104,1520,0.1390939083278928
416,1101,1517,0.13908645471285946
416,1091,1507,0.139078040919868
418,1102,1520,0.13907220199762788
420,1104,1524,0.13906094379678202
417,1103,1520,0.13904614512973246
413,1111,1524,0.13904042736017952
408,1098,1506,0.13904506445449927
411,1092,1503,0.13906256858177848
409,1084,1493,0.13907213219197814
405,1097,1502,0.1390859755528353
393,1099,1492,0.1391098074203963
393,1107,1500,0.13916022492372812
401,1108,1509,0.1392081650352337
400,1110,1510,0.13923176913625285
400,1110,1510,0.1392558159775653
401,1116,1517,0.139277667091054
393,1117,1510,0.13929740389794762
393,1122,1515,0.1393346906735357
399,1118,1517,0.13937046567770556
395,1111,1506,0.13938873568563012
398,1107,1505,0.13941361652425838
397,1095,1492,0.1394297795682827
395,1101,1496,0.13944694497655177
394,1098,1492,0.1394651388480922
390,1104,1494,0.13948395740842898
393,1104,1497,0.1395114849971229
392,1108,1500,0.1395296496794274
397,1102,1499,0.1395495347272028
398,1112,1510,0.13955778020853085
391,1110,1501,0.13956335400733338
398,1112,1510,0.13958618030339046
396,1113,1509,0.13959061822185084
396,1117,1513,0.13959990014772866
391,1119,1510,0.1396071257981954
388,1119,1507,0.13962553449046142
387,1117,1504,0.13965057079619486
389,1128,1517,0.13967681757117614
393,1116,1509,0.13969621560652862
395,1118,1513,0.13970413601405543
398,1110,1508,0.13970769311781106
399,1120,1519,0.1397019100922728
400,1121,1521,0.13969207479204124
409,1112,1521,0.13968077557041603
407,1107,1514,0.13964699968985772
402,1099,1501,0.13962261413035593
404,1098,1502,0.1396127432851015
404,1117,1521,0.13959959746728243
399,1110,1509,0.13958697003122292
399,1111,1510,0.13958785976390017
395,1103,1498,0.1395890523212998
400,1106,1506,0.13959905685861063
406,1110,1516,0.13959561783015356
410,1104,1514,0.13957734835278696
403,1108,1511,0.13955278030656748
402,1112,1514,0.13954590342671438
406,1096,1502,0.13954305564241629
400,1111,1511,0.1395310200000785
400,1108,1508,0.13953228327753242
399,1103,1502,0.13953174943033933
405,1108,1513,0.13953381311546664
397,1104,1501,0.13952290464291836
403,1102,1505,0.13953100569165783
404,1106,1510,0.13952361391633433
405,1107,1512,0.13951599052893646
397,1103,1500,0.13950722541620197
404,1101,1505,0.1395168291241317
397,1090,1487,0.13950706097232307
405,1095,1500,0.13951348654680717
405,1101,1506,0.1395028151383875
407,1099,1506,0.1394945539260814
400,1104,1504,0.1394791944088923
393,1094,1487,0.13948162190823904
395,1104,1499,0.13950116045010008
402,1107,1509,0.13951437141735062
400,1112,1512,0.13951163669234526
402,1102,1504,0.13951304332896733
407,1101,1508,0.13951147841166275
405,1109,1514,0.1395007517001776
410,1110,1520,0.1394948076675235
408,1122,1530,0.13947746168733027
409,1112,1521,0.13946313497803517
407,1106,1513,0.13944925824548127
406,1100,1506,0.1394385637757542
418,1109,1527,0.1394312127322037
408,1101,1509,0.13939762134596342
399,1099,1498,0.13939009259998272
399,1104,1503,0.13940448348944895
399,1102,1501,0.1394174645259645
399,1107,1506,0.13943228378505526
400,1115,1515,0.13944560097172498
405,1111,1516,0.1394554667623732
406,1115,1521,0.1394518682725612
402,1105,1507,0.13944370051547594
397,1115,1512,0.13944577569803482
400,1110,1510,0.13945988315422964
399,1115,1514,0.139465970032835
400,1108,1508,0.13947567251822332
403,1113,1516,0.1394826260332887
405,1106,1511,0.13947870233107593
411,1104,1515,0.13947105312211824
410,1105,1515,0.13944918007573756
409,1107,1516,0.13943313731303178
406,1110,1516,0.13942004173592132
402,1113,1515,0.13941133472370532
399,1109,1508,0.13941315512891672
396,1108,1504,0.13942198901502903
393,1113,1506,0.13943712309704615
397,1109,1506,0.1394588648505748
396,1125,1521,0.13947083016944795
396,1117,1513,0.139486459975707
397,1113,1510,0.13950056438199637
396,1115,1511,0.13951183663199926
390,1106,1496,0.13952323053687601
390,1092,1482,0.1395471536231519
381,1110,1491,0.13956865589388198
386,1110,1496,0.1396097539827232
388,1118,1506,0.13963642428763007
389,1117,1506,0.13965816349097784
386,1139,1525,0.1396775298625438
388,1128,1516,0.13970179481465467
381,1135,1516,0.13971835431213
378,1130,1508,0.1397503608413096
376,1124,1500,0.13978737671343613
380,1104,1484,0.13982775627483787
380,1116,1496,0.13985684259604297
372,1121,1493,0.13988348776971662
385,1108,1493,0.1399242042558688
383,1112,1495,0.13992824843595486
389,1106,1495,0.13993644772275357
385,1109,1494,0.1399288443706407
386,1117,1503,0.1399306026248603
384,1123,1507,0.1399313173395575
383,1113,1496,0.13993748520581054
381,1112,1493,0.13994707191108605
377,1122,1499,0.13996126969400918
385,1122,1507,0.13998318687495032
386,1128,1514,0.13998479590756066
386,1134,1520,0.13998321968044322
387,1137,1524,0.13998210680270465
385,1133,1518,0.13997895740882962
387,1114,1501,0.1399826850040869
388,1118,1506,0.13997978917485682
385,1120,1505,0.13997361521245202
380,1123,1503,0.1399772919842629
388,1117,1505,0.1399936303919662
388,1116,1504,0.13998986776197186
389,1112,1501,0.1399847039250509
391,1107,1498,0.13997711505557273
394,1115,1509,0.13996736149802033
393,1124,1517,0.13994716984834216
393,1117,1510,0.13993086401702712
396,1120,1516,0.13991561934967375
402,1124,1526,0.1398961375434142
396,1118,1514,0.13986396075743188
393,1110,1503,0.13984851400405446
394,1109,1503,0.13984089214342402
391,1105,1496,0.13983002628653568
386,1129,1515,0.1398261283315732
384,1130,1514,0.1398363198724559
388,1128,1516,0.13985120362276865
389,1115,1504,0.1398565367248642
388,1118,1506,0.1398587900300954
381,1127,1508,0.1398645669619918
383,1115,1498,0.13988769672439563
375,1122,1497,0.139903640348496
379,1125,1504,0.13993581427331975
371,1135,1506,0.13995425176712062
365,1141,1506,0.13998954962900317
372,1128,1500,0.14003720416541118
381,1133,1514,0.14006652876329484
381,1140,1521,0.14007313282829492
370,1134,1504,0.14008002323439886
369,1135,1504,0.14011373032407026
375,1138,1513,0.1401496388663953
377,1146,1523,0.14016640688183768
380,1140,1520,0.14017794187840016
370,1141,1511,0.14018321036704198
374,1146,1520,0.1402116559154904
375,1148,1523,0.1402285327764667
376,1152,1528,0.14023922691580185
363,1147,1510,0.14024797853961457
364,1155,1519,0.14028668919434403
363,1152,1515,0.14032166334565152
358,1150,1508,0.1403575657754585
358,1154,1512,0.14040299158385827
353,1157,1510,0.14044624950083595
351,1164,1515,0.14049843913028343
350,1152,1502,0.1405528210719176
344,1159,1503,0.1406071927242209
341,1169,1510,0.14067071868091222
338,1168,1506,0.14073690831985533
332,1170,1502,0.14080396999872866
330,1174,1504,0.14087961373129199
325,1184,1509,0.14095551285208013
328,1172,1500,0.14103915560944177
331,1163,1494,0.1411095025287046
327,1166,1493,0.14116647026820486
324,1167,1491,0.1412281866267372
325,1161,1486,0.14129401147619006
329,1177,1506,0.1413550743536596
332,1170,1502,0.14140234473766114
332,1161,1493,0.14143667205419866
337,1160,1497,0.14146835958231482
346,1163,1509,0.14148676748782946
347,1162,1509,0.14148295811941644
351,1165,1516,0.1414770853736873
348,1169,1517,0.14146182669972115
352,1165,1517,0.14145761326494782
349,1172,1521,0.1414426018920882
348,1167,1515,0.1414349599854126
338,1179,1517,0.1414295359519121
345,1170,1515,0.14145158575167166
344,1172,1516,0.14145542467959582
344,1180,1524,0.14145878061234646
347,1177,1524,0.1414621357596446
351,1169,1520,0.1414597359325673
349,1177,1526,0.14144924454543506
342,1170,1512,0.14144407144430698
348,1169,1517,0.14145701591640164
355,1170,1525,0.14145524214673127
356,1170,1526,0.14143403407704877
351,1165,1516,0.1414110824310689
351,1176,1527,0.14140075676836342
349,1185,1534,0.14139396634171214
341,1191,1532,0.14139365436108
341,1179,1520,0.14141316109401822
342,1170,1512,0.14143198629781936
340,1164,1504,0.14144819164753314
340,1173,1513,0.14146720974109864
340,1188,1528,0.1414849569964903
335,1185,1520,0.14150024365997851
339,1179,1518,0.14152737078305616
343,1173,1516,0.14154587369141988
336,1185,1521,0.1415535955507583
332,1181,1513,0.14157562962144157
328,1186,1514,0.14160491273221423
329,1176,1505,0.14164053770695034
332,1161,1493,0.14167191460246453
328,1167,1495,0.14169257553825956
320,1174,1494,0.14172167341841582
326,1169,1495,0.14176491488026574
327,1182,1509,0.14179134832120072
330,1181,1511,0.1418149398636764
328,1176,1504,0.14183181945137743
329,1173,1502,0.14185040080971492
328,1176,1504,0.14186718462974238
333,1173,1506,0.14188409426323426
331,1171,1502,0.14188939534316428
335,1178,1513,0.141896587529892
334,1173,1507,0.14189579654714818
328,1164,1492,0.14189833876600536
330,1180,1510,0.14191400028474063
329,1185,1514,0.1419256242334686
321,1196,1517,0.1419407217663631
327,1192,1519,0.14197326956242065
328,1186,1514,0.14199092158054208
320,1179,1499,0.14200330295602698
318,1185,1503,0.14203390141556113
321,1183,1504,0.14206733524839912
325,1185,1510,0.1420898382418827
322,1184,1506,0.14210278897982614
314,1167,1481,0.14211929856219524
314,1184,1498,0.14215316730412356
311,1189,1500,0.14218398458321552
311,1185,1496,0.1422192022474618
312,1201,1513,0.14225319765206657
311,1205,1516,0.1422820955389919
312,1203,1515,0.14231116804242033
321,1198,1519,0.14233567611322748
325,1198,1523,0.14233618019013755
325,1190,1515,0.1423286277099853
329,1186,1515,0.14232082545095412
328,1190,1518,0.14230342554358258
323,1187,1510,0.14229104989404992
325,1194,1519,0.14229090016740023
322,1192,1514,0.14228778658380212
324,1185,1509,0.1422926233553859
327,1177,1504,0.14229357941532997
322,1186,1508,0.14228904810969936
322,1192,1514,0.1422973734477764
318,1194,1512,0.14230516404581972
321,1203,1524,0.1423215626987584
319,1205,1524,0.14232864179606433
322,1202,1524,0.1423366513145335
324,1198,1522,0.14233839211501956
321,1198,1519,0.1423325680304358
319,1190,1509,0.14233378858625478
313,1187,1500,0.1423406691796631
320,1192,1512,0.142361910991734
320,1195,1515,0.14236512224639586
320,1195,1515,0.14236784676040584
318,1194,1512,0.14237283863867609
315,1195,1510,0.14238003223452053
315,1197,1512,0.14239278356476504
322,1200,1522,0.14240234216901893
320,1205,1525,0.14239596711066962
315,1206,1521,0.14239415979700604
316,1199,1515,0.14240584810025322
322,1203,1525,0.14241483143016304
314,1204,1518,0.14240955876106257
319,1205,1524,0.14242518335266052
317,1199,1516,0.14242773887281582
315,1210,1525,0.14243630884729339
317,1210,1527,0.14244801478544716
321,1205,1526,0.14245569930223007
321,1201,1522,0.14245236639348705
317,1192,1509,0.14245015355086443
314,1197,1511,0.14245719257637365
310,1209,1519,0.14247156334238922
314,1192,1506,0.14249320887265007
318,1189,1507,0.14250466977584705
320,1202,1522,0.14250783287615904
315,1196,1511,0.14250151705228795
317,1204,1521,0.1425070337870952
311,1221,1532,0.1425075371064284
308,1218,1526,0.14252142864335163
310,1207,1517,0.14254350207370028
306,1199,1505,0.1425604999496475
306,1206,1512,0.14258610886928122
305,1208,1513,0.14261031541822894
303,1199,1502,0.14263399483381634
313,1210,1523,0.14266022946966866
321,1201,1522,0.14266237158273867
320,1207,1527,0.14264685063442212
318,1216,1534,0.1426369450752477
315,1209,1524,0.14263308252407064
314,1221,1535,0.14263430032189497
311,1219,1530,0.14263960425529798
308,1213,1521,0.14265004912246465
313,1210,1523,0.14266661835789723
315,1196,1511,0.14267023975501794
312,1201,1513,0.14266823104315596
310,1203,1513,0.1426739288757229
306,1189,1495,0.142683457136033
310,1191,1501,0.14270260572727897
307,1193,1500,0.14271163784937302
311,1196,1507,0.14272767230574104
310,1195,1505,0.14273508631388968
314,1198,1512,0.14274190495213332
307,1191,1498,0.14273603950717312
310,1193,1503,0.1427478796242743
307,1203,1510,0.1427489704701507
307,1203,1510,0.14275764765349205
309,1202,1511,0.14276595363113023
317,1193,1510,0.14276855849152126
316,1192,1508,0.14275383146850384
311,1198,1509,0.14274136558892522
310,1194,1504,0.14273936757050742
310,1207,1517,0.14274149287412013
307,1205,1512,0.14274329061939472
306,1206,1512,0.14275142373795816
307,1200,1507,0.1427613473748465
320,1193,1513,0.142769104265662
325,1186,1511,0.14274373864580484
321,1185,1506,0.14270878593533598
324,1186,1510,0.14268593576034777
321,1202,1523,0.14265890707881707
320,1185,1505,0.14264088520296114
317,1184,1501,0.14262631950199472
321,1183,1504,0.14262026786569457
319,1191,1510,0.14260657903761828
319,1189,1508,0.14260065350385515
315,1201,1516,0.14259227916975037
318,1204,1522,0.14259295615326667
315,1184,1499,0.14258717530840234
316,1185,1501,0.14258958843046807
317,1185,1502,0.14258929160852646
319,1179,1498,0.14258684786075781
321,1181,1502,0.14258139016484844
323,1196,1519,0.14257101374301295
320,1191,1511,0.14255491168981763
317,1209,1526,0.1425475403832721
314,1203,1517,0.14254975528989694
314,1197,1511,0.14255864914649233
312,1207,1519,0.14256861964205647
304,1200,1504,0.14258263178998143
303,1205,1508,0.14261407994932282
305,1208,1513,0.14264709290423444
310,1211,1521,0.1426734038590676
306,1205,1511,0.14268366931696397
307,1207,1514,0.14270206861351542
310,1215,1525,0.14271515352393926
312,1209,1521,0.14272265747295737
320,1204,1524,0.14272296442431098
318,1204,1522,0.1427048554027509
320,1205,1525,0.14269415282673717
314,1195,1509,0.14267960830892626
312,1209,1521,0.14268124140363803
309,1205,1514,0.1426889539100854
307,1187,1494,0.1427048398195668
307,1187,1494,0.14272428955312605
310,1196,1506,0.1427404456591481
307,1200,1507,0.14274689845630684
301,1212,1513,0.14275959609128805
295,1212,1507,0.14278662756480798
292,1208,1500,0.142825503957797
297,1218,1515,0.14286918727800146
294,1227,1521,0.14289638772414975
294,1221,1515,0.1429280610090083
296,1215,1511,0.1429569555964596
294,1219,1513,0.14297976305366217
287,1214,1501,0.14300657499945263
293,1205,1498,0.14304722778772358
295,1210,1505,0.1430713925441429
298,1207,1505,0.14308956073600798
301,1226,1527,0.14310128910633096
297,1216,1513,0.14310378394924167
295,1219,1514,0.14311603167901343
292,1213,1505,0.14313300188515812
296,1228,1524,0.14315663022912348
288,1217,1505,0.1431682422727464
288,1224,1512,0.14319938582384584
288,1221,1509,0.14322927468924912
289,1218,1507,0.1432550329182278
291,1211,1502,0.14327602948562118
290,1224,1514,0.14329128174268158
296,1220,1516,0.14330767775811026
296,1212,1508,0.14330749234888926
296,1214,1510,0.14330898205761858
292,1213,1505,0.14330657296587435
289,1214,1503,0.14331417447489136
284,1217,1501,0.1433277431648331
283,1221,1504,0.1433529365791806
284,1224,1508,0.14338063955474767
288,1215,1503,0.14340306917887524
290,1216,1506,0.14341402129656344
289,1230,1519,0.14341767046920365
293,1232,1525,0.14342299449806548
286,1232,1518,0.1434193192608247
286,1229,1515,0.1434355614861805
284,1231,1515,0.1434508207396789
284,1231,1515,0.1434695920518217
277,1238,1515,0.14348568164515116
277,1239,1516,0.14351784025846678
273,1238,1511,0.14354824195262575
269,1241,1510,0.1435858871932229
270,1242,1512,0.14363080289189623
270,1239,1509,0.1436711601351282
267,1246,1513,0.14370741719789046
270,1231,1501,0.1437478498929941
272,1237,1509,0.14377742790276143
275,1233,1508,0.14380077827436655
276,1229,1505,0.1438166953739073
284,1230,1514,0.14382827206438425
284,1233,1517,0.14381842399724978
280,1231,1511,0.1438110156200487
274,1244,1518,0.14381410957471752
270,1244,1514,0.14383100859594847
271,1236,1507,0.14385815981103803
275,1232,1507,0.1438816390056405
279,1230,1509,0.14389453951185655
280,1231,1511,0.14389478996827834
277,1232,1509,0.14389294604585728
277,1236,1513,0.143896919658449
273,1236,1509,0.14389823007112004
274,1226,1500,0.14391009262167373
279,1234,1513,0.1439204789258758
282,1234,1516,0.14392004745411463
277,1233,1510,0.14391291007332677
275,1226,1501,0.14391834526692193
276,1242,1518,0.1439298104744322
276,1240,1516,0.14394031886954264
273,1247,1520,0.1439519473623203
267,1245,1512,0.14396892068392045
268,1228,1496,0.1439971650662325
274,1235,1509,0.14401906648674237
270,1230,1500,0.14402567494690546
270,1249,1519,0.14404263265754014
267,1251,1518,0.14405910579589004
263,1249,1512,0.14408209584547052
259,1248,1507,0.14411281242219615
260,1247,1507,0.1441502893794406
257,1238,1495,0.14418301021665791
259,1232,1491,0.1442212677258555
257,1247,1504,0.144252944764274
255,1259,1514,0.14428647607574205
253,1246,1499,0.14432355567999924
253,1246,1499,0.14436366998256817
255,1256,1511,0.1443999721382909
255,1246,1501,0.14442620616438087
252,1251,1503,0.14445101345425387
254,1255,1509,0.14448153834049704
250,1256,1506,0.14450549416826103
249,1270,1519,0.14453842817329313
248,1264,1512,0.14457070914074105
241,1253,1494,0.1446040517035277
242,1252,1494,0.14464897781458794
243,1253,1496,0.14469006673387022
242,1253,1495,0.14472553216386153
240,1258,1498,0.14475986683921105
239,1266,1505,0.1447945256241839
247,1265,1512,0.1448293531543192
242,1257,1499,0.14484108926882158
240,1259,1499,0.14486331080106724
244,1273,1517,0.14488830251276916
241,1267,1508,0.14490289885964983
244,1278,1522,0.144923883624193
249,1277,1526,0.1449373260159019
248,1278,1526,0.14493794406312804
249,1280,1529,0.14494129152042476
243,1278,1521,0.14494370554826427
238,1265,1503,0.1449598010293266
231,1270,1501,0.14498601279820666
233,1265,1498,0.14502735616758122
236,1270,1506,0.14506135609671406
237,1274,1511,0.14508725547872228
238,1279,1517,0.14510970738786402
236,1263,1499,0.1451280950306173
232,1274,1506,0.14514961073264931
228,1275,1503,0.14517931066323933
232,1284,1516,0.1452168023574125
228,1292,1520,0.145243397319273
223,1287,1510,0.14527942769245553
228,1297,1525,0.1453251066092307
224,1299,1523,0.1453552337170293
228,1290,1518,0.14539309196172495
225,1274,1499,0.14541853281853526
223,1285,1508,0.14545030263446168
223,1299,1522,0.1454845627653962
227,1297,1524,0.1455167204947961
226,1294,1520,0.1455380524767821
226,1295,1521,0.1455587030428043
224,1287,1511,0.14557923440473858
226,1291,1517,0.14560371067320785
225,1296,1521,0.14562111350792295
222,1288,1510,0.14563961834551706
224,1297,1521,0.1456640055603792
219,1306,1525,0.1456834229064906
219,1310,1529,0.1457140412939619
215,1311,1526,0.145744403516233
214,1303,1517,0.1457811395551266
213,1317,1530,0.1458151396116063
219,1310,1529,0.1458494663295313
217,1307,1524,0.14586727377376252
218,1298,1516,0.1458885694825379
213,1304,1517,0.14590647690743808
212,1301,1513,0.1459353673606174
214,1294,1508,0.14596509835754123
207,1293,1500,0.14598896401766479
203,1298,1501,0.14602688970236055
203,1304,1507,0.1460715105131987
202,1303,1505,0.14611299782851522
202,1299,1501,0.14615458862769487
204,1302,1506,0.14619325877068381
205,1299,1504,0.14622215519591533
203,1294,1497,0.14624779403074178
208,1290,1498,0.14627688408581643
214,1292,1506,0.1462918003754717
213,1290,1503,0.14629229918060893
212,1303,1515,0.14629623094486427
212,1297,1509,0.14630222265663645
208,1294,1502,0.14630603913374254
209,1299,1508,0.14631801753532994
205,1289,1494,0.14632748325147216
210,1293,1503,0.1463452366112879
215,1292,1507,0.14635092438137
210,1292,1502,0.14634572999462322
211,1296,1507,0.146350990923777
215,1298,1513,0.14635423712895995
216,1298,1514,0.14634800263742684
220,1296,1516,0.1463366398892099
218,1291,1509,0.14631649589716317
217,1295,1512,0.14630326830847792
212,1290,1502,0.14629441750361658
209,1303,1512,0.14629874547965863
212,1299,1511,0.14630977885530613
211,1288,1499,0.14631316799629407
213,1294,1507,0.1463188673563995
215,1291,1506,0.1463164912533751
213,1294,1507,0.14631221669419722
214,1288,1502,0.1463132397129676
213,1288,1501,0.14631108646348254
209,1301,1510,0.14631261221912897
212,1297,1509,0.1463233767289967
209,1307,1516,0.1463266617149251
207,1309,1516,0.1463385291884364
204,1309,1513,0.14635315980323718
210,1312,1522,0.14637352863895503
208,1299,1507,0.14637873674954002
209,1299,1508,0.14638907786258454
212,1293,1505,0.14639422352832107
211,1303,1514,0.146393049979537
210,1307,1517,0.14639422169215088
215,1312,1527,0.1463988538846437
211,1309,1520,0.14639180946351088
210,1302,1512,0.14639405852645593
207,1320,1527,0.14639907574093247
206,1319,1525,0.14641160340779286
198,1308,1506,0.14642477164432888
200,1300,1500,0.14645576443936015
197,1293,1490,0.1464807523366796
201,1303,1504,0.14651121591351107
205,1303,1508,0.14652928849362687
209,1306,1515,0.1465358133840789
212,1293,1505,0.1465338413894833
208,1287,1495,0.14652329780207574
202,1293,1495,0.14652308810352216
199,1307,1506,0.14653737945930814
209,1315,1524,0.1465576016330235
206,1312,1518,0.14655260828832972
204,1311,1515,0.14655452761443136
203,1300,1503,0.14656239818427289
197,1299,1496,0.14657224488389312
196,1310,1506,0.1465957916014473
202,1305,1507,0.14661927930757357
198,1302,1500,0.14662811682929233
197,1309,1506,0.14664601892237988
201,1313,1514,0.14666428650483987
203,1312,1515,0.14667146223091326
199,1312,1511,0.14667348087283855
196,1313,1509,0.1466843496287527
198,1311,1509,0.14670169406324898
198,1323,1521,0.14671341969123858
196,1312,1508,0.14672551617396695
200,1314,1514,0.14674233406339304
202,1321,1523,0.14674785302217713
199,1314,1513,0.146747124374797
198,1311,1509,0.1467524789764401
198,1315,1513,0.14676076099915264
195,1312,1507,0.14676880010514087
197,1311,1508,0.14678169788294546
201,1311,1512,0.14678673731697958
199,1313,1512,0.14678056932584055
200,1306,1506,0.1467794569071043
204,1302,1506,0.14677516649918435
205,1303,1508,0.14676344519838835
203,1302,1505,0.14675014996390448
202,1311,1513,0.14674087815122866
206,1314,1520,0.14673643063909378
205,1314,1519,0.1467229486146479
212,1314,1526,0.14671352864755594
208,1314,1522,0.14668880386634423
200,1305,1505,0.14667612996353205
203,1319,1522,0.14668255644671815
199,1324,1523,0.14668384560032835
198,1332,1530,0.14669522866186316
200,1324,1524,0.1467069238737241
200,1318,1518,0.14671445608313763
192,1312,1504,0.1467223460204254
195,1311,1506,0.14674855560825578
191,1312,1503,0.14676583289322903
193,1315,1508,0.14679158168232484
189,1325,1514,0.14681218464692766
183,1319,1502,0.14684219532434548
183,1324,1507,0.1468835158333249
181,1322,1503,0.1469213300299358
179,1322,1501,0.14696112867571848
178,1326,1504,0.1470030705231791
182,1322,1504,0.14704521305464283
187,1323,1510,0.1470758983179005
182,1329,1511,0.14709313664013166
181,1324,1505,0.14712077752795133
185,1323,1508,0.14714838446163692
184,1327,1511,0.1471637529551793
182,1316,1498,0.14718115235987309
182,1317,1499,0.14720060688233397
179,1322,1501,0.14721861045645607
180,1324,1504,0.1472426210440066
175,1327,1502,0.14726302096988128
171,1343,1514,0.1472938780418903
170,1338,1508,0.14733246439377534
174,1337,1511,0.1473685321278329
178,1337,1515,0.14739204983866325
178,1332,1510,0.14740534309960704
181,1333,1514,0.14741829301373385
184,1333,1517,0.14742293915903434
180,1335,1515,0.1474212175152936
186,1345,1531,0.14742870791779503
187,1341,1528,0.14742258408442688
189,1344,1533,0.1474149263261574
187,1341,1528,0.14740317411342868
182,1321,1503,0.14739775489425322
182,1325,1507,0.1474039180673775
181,1326,1507,0.14740966845974499
182,1329,1511,0.1474152890369994
186,1326,1512,0.14741983591339106
188,1348,1536,0.14741470538640053
183,1348,1531,0.1474055283653931
178,1340,1518,0.14740803160191313
175,1334,1509,0.14742213183854408
181,1340,1521,0.14744290175199898
178,1342,1520,0.14744884634882427
176,1328,1504,0.1474613802735255
173,1340,1513,0.1474752414208185
181,1340,1521,0.14749530155361212
175,1338,1513,0.14749607518376667
176,1337,1513,0.14751007115347056
181,1315,1496,0.14752126827436488
181,1324,1505,0.14752072202315888
178,1324,1502,0.14751795688210914
177,1330,1507,0.14752489462605298
176,1343,1519,0.14753467233229803
177,1344,1521,0.1475457482487472
175,1336,1511,0.14755331838436586
175,1339,1514,0.14756347202307127
177,1342,1519,0.14757309007591823
177,1349,1526,0.14757918383410357
174,1350,1524,0.14758536925263852
174,1349,1523,0.1475990351645756
173,1350,1523,0.14761042179841483
173,1354,1527,0.1476229032478348
170,1355,1525,0.1476355130153523
169,1342,1511,0.14765497510958794
171,1353,1524,0.1476763214110367
169,1348,1517,0.14769229479707638
162,1347,1509,0.1477124797593277
160,1357,1517,0.14774626911141964
162,1351,1513,0.1477798515499268
164,1346,1510,0.14780692876358592
165,1347,1512,0.14782847784143524
173,1339,1512,0.14784625737765755
167,1349,1516,0.14784231237805476
166,1351,1517,0.1478524174240477
162,1359,1521,0.1478633163497776
161,1356,1517,0.14788236340006333
166,1363,1529,0.14790255497603752
162,1345,1507,0.1479103662503379
165,1350,1515,0.1479285423399189
167,1354,1521,0.14793743916783725
166,1340,1506,0.14794170288454556
164,1348,1512,0.14794714001099862
165,1352,1517,0.14795634065189875
163,1352,1515,0.14796308564002522
161,1342,1503,0.1479750937676381
161,1341,1502,0.1479917168425193
163,1350,1513,0.1480057738837529
168,1339,1507,0.14801466863686524
167,1349,1516,0.14801109370994367
166,1329,1495,0.14800957108411222
166,1338,1504,0.14800972630238235
164,1343,1507,0.14800831280711446
166,1348,1514,0.148013219687881
169,1355,1524,0.14801442629576195
165,1357,1522,0.14800780562734286
169,1358,1527,0.14801117176239428
168,1354,1522,0.1480040055507658
169,1345,1514,0.1480015767039306
169,1351,1520,0.1479963549200414
169,1349,1518,0.14799151705788877
170,1358,1528,0.1479875542449953
173,1352,1525,0.14798193396795742
169,1334,1503,0.1479685188967339
170,1348,1518,0.14796682573226916
166,1357,1523,0.14796222158976627
161,1346,1507,0.147966935538005
163,1339,1502,0.14798377833539547
161,1336,1497,0.147995813142806
160,1340,1500,0.14801332019841187
163,1338,1501,0.1480328078693853
164,1346,1510,0.1480445328365235
166,1350,1516,0.1480526680914025
166,1342,1508,0.14805453649212993
163,1347,1510,0.14805639550658276
158,1350,1508,0.14806575711596368
153,1356,1509,0.14808660185246933
149,1361,1510,0.148116656651952
154,1359,1513,0.148154055345052
149,1351,1500,0.14817623902156307
151,1355,1506,0.14820854209664375
150,1344,1494,0.14823449849391845
155,1347,1502,0.14825943157283455
151,1353,1504,0.14827137809603264
149,1355,1504,0.14829230397567172
154,1362,1516,0.14831722020947682
158,1360,1518,0.14832561405978467
156,1363,1519,0.1483247653389332
154,1362,1516,0.14832862810074146
156,1361,1517,0.14833712075992328
155,1360,1515,0.14834069087068025
154,1359,1513,0.1483473606702357
155,1360,1515,0.14835666535201134
154,1370,1524,0.14836361177361845
151,1369,1520,0.14837392941135497
148,1366,1514,0.14838998878707588
150,1376,1526,0.14841205811667965
148,1372,1520,0.1484277544676139
147,1381,1528,0.14844772969447342
148,1384,1532,0.1484686919116323
147,1373,1520,0.1484856979779134
153,1375,1528,0.1485041879980797
154,1363,1517,0.14850600769607733
153,1371,1524,0.14850557283686583
156,1363,1519,0.1485080837434403
151,1361,1512,0.1485037562876924
151,1370,1521,0.14851168758706176
152,1371,1523,0.14851902373068393
152,1374,1526,0.14852401931305156
155,1364,1519,0.14852798812440876
154,1363,1517,0.14852383563470145
153,1363,1516,0.14852129567128483
153,1360,1513,0.14852252676398034
157,1362,1519,0.14852465502324042
154,1363,1517,0.1485146133075321
152,1353,1505,0.14851294434741347
149,1355,1504,0.14851527826623095
154,1354,1508,0.1485242162163845
154,1343,1497,0.14852078738843852
159,1340,1499,0.1485177879070831
152,1338,1490,0.14850319387527605
159,1344,1503,0.14850450626639713
157,1353,1510,0.1484891910384162
157,1346,1503,0.14847886058654042
158,1352,1510,0.14846960714930535
153,1361,1514,0.14845939517301776
154,1353,1507,0.14846211613995033
155,1352,1507,0.1484621548257056
157,1344,1501,0.14845966880543482
159,1354,1513,0.14845164381355924
159,1363,1522,0.1484393265884198
157,1367,1524,0.1484276927935243
153,1361,1514,0.1484227357682123
156,1360,1516,0.14842822114438153
153,1374,1527,0.1484263291498035
152,1360,1512,0.14843197870786723
155,1355,1510,0.1484402191678097
157,1356,1513,0.14844159770677579
153,1354,1507,0.14843872979348147
150,1340,1490,0.14844606384955303
150,1338,1488,0.14845980383157897
149,1357,1506,0.14847025058180852
147,1377,1524,0.14848108547140862
146,1367,1513,0.14849607767312045
146,1374,1520,0.14851318050102733
145,1370,1515,0.14852974210303452
145,1370,1515,0.14854748316091185
148,1372,1520,0.1485650485818366
148,1364,1512,0.14857366313968984
148,1344,1492,0.1485824375451191
146,1359,1505,0.14859035677737928
146,1365,1511,0.14860230617809875
145,1372,1517,0.14861336696791622
145,1372,1517,0.14862632041709672
146,1366,1512,0.1486391344701062
143,1370,1513,0.1486484346333874
138,1378,1516,0.1486648865958183
139,1373,1512,0.1486912223615732
140,1382,1522,0.14871369430215547
142,1380,1522,0.14873229996808252
142,1387,1529,0.14874497531333541
143,1378,1521,0.14875746429732395
142,1371,1513,0.1487669817753762
138,1363,1501,0.14877886128521164
135,1368,1503,0.14879996243364912
137,1362,1499,0.1488271069643089
136,1371,1507,0.14884717924283988
143,1374,1517,0.14886710841716527
141,1360,1501,0.14886817654273965
139,1354,1493,0.14887435895235868
140,1359,1499,0.14888574032173374
136,1355,1491,0.14889361888383776
136,1364,1500,0.148910416347217
135,1369,1504,0.14892674014598573
136,1374,1510,0.14894371554835723
138,1365,1503,0.14895795586543303
135,1366,1501,0.14896576113736937
135,1360,1495,0.1489811118269536
136,1377,1513,0.14899419345020007
136,1379,1515,0.14900497078368297
128,1370,1498,0.1490161829397312
127,1370,1497,0.14904474080612917
129,1380,1509,0.14907435924560544
132,1385,1517,0.14909725733614432
132,1393,1525,0.14911187199034637
132,1393,1525,0.1491256904342421
130,1398,1528,0.14913927704044613
130,1385,1515,0.14915679861206244
132,1368,1500,0.14917349878569572
132,1380,1512,0.14918242704165952
132,1375,1507,0.1491911870161961
130,1384,1514,0.14919929370205418
127,1391,1518,0.14921145728496849
129,1380,1509,0.1492301284863446
132,1380,1512,0.14924170834729808
130,1389,1519,0.14924573210032266
129,1396,1525,0.1492541403445669
128,1400,1528,0.14926455774887104
129,1394,1523,0.14927638026388526
124,1394,1518,0.14928595020289656
122,1382,1504,0.14930634965847728
120,1388,1508,0.14933026551326098
122,1399,1521,0.1493578225416089
122,1395,1517,0.14937940933732316
122,1389,1511,0.14939969819754564
118,1378,1496,0.1494183010484293
117,1389,1506,0.14944527073679428
119,1394,1513,0.14947214030290476
122,1397,1519,0.14949136789220938
122,1386,1508,0.1495018942945077
119,1390,1509,0.14951187227688809
119,1395,1514,0.14952848493835563
122,1393,1515,0.14954205621106453
121,1398,1519,0.14954610491429435
123,1389,1512,0.14955314667418607
124,1399,1523,0.14955605308038644
121,1394,1515,0.14955500658245252
122,1395,1517,0.1495610106124815
120,1399,1519,0.14956449668508054
118,1405,1523,0.14957330664018081
119,1405,1524,0.14958688141461618
120,1402,1522,0.14959829483176995
117,1398,1515,0.14960655570974124
113,1394,1507,0.14962182823702042
112,1403,1515,0.14964408415621983
112,1408,1520,0.14966886977136454
113,1406,1519,0.14969285176524388
110,1406,1516,0.14971369288250572
108,1407,1515,0.14973848985132018
105,1416,1521,0.14976649830012445
106,1405,1511,0.14979906623846462
105,1403,1508,0.14982782208538645
107,1395,1502,0.14985722792398795
106,1391,1497,0.14988074351364708
106,1395,1501,0.1499052628044047
106,1400,1506,0.14992874998084374
106,1414,1520,0.1499490649534565
106,1397,1503,0.1499688468222233
105,1418,1523,0.14998866527352794
104,1407,1511,0.15000951087294184
107,1403,1510,0.15002913698589826
106,1408,1514,0.1500404039223752
104,1413,1517,0.15005418863347975
107,1413,1520,0.15007183053448817
103,1423,1526,0.15008126303488636
100,1420,1520,0.1500994982652981
102,1410,1512,0.15012400991501984
104,1411,1515,0.1501423304966917
106,1409,1515,0.15015431438471155
106,1408,1514,0.1501606199982668
104,1409,1513,0.15016689212135734
107,1399,1506,0.15017779557808583
108,1394,1502,0.15018090182742566
106,1400,1506,0.15018212802380249
105,1406,1511,0.1501874396898153
105,1403,1508,0.1501956123981587
102,1417,1519,0.1502036451420089
97,1420,1517,0.1502189878051224
99,1416,1515,0.150244688344537
102,1403,1505,0.1502636321430043
100,1416,1516,0.15027459874568966
101,1419,1520,0.15028839976641353
103,1425,1528,0.15029964807210253
102,1415,1517,0.1503050570597148
99,1417,1516,0.15031223984678838
98,1417,1515,0.1503260940756879
98,1416,1514,0.15034230924417755
99,1421,1520,0.15035809663142474
96,1426,1522,0.15036965460417615
94,1419,1513,0.150387213613129
92,1428,1520,0.15040852686324432
94,1429,1523,0.15043336472402402
98,1441,1539,0.1504522807048166
96,1435,1531,0.1504610014799503
94,1423,1517,0.15047405158552465
91,1416,1507,0.15049000915074814
91,1428,1519,0.15051093674208496
91,1421,1512,0.15052970114013983
93,1421,1514,0.1505477027054486
94,1416,1510,0.1505602704343214
96,1421,1517,0.15056855242026343
96,1417,1513,0.1505712426968712
93,1423,1516,0.1505736730093291
96,1419,1515,0.1505830259682889
95,1414,1509,0.150585587044328
95,1429,1524,0.15058976126080365
97,1419,1516,0.1505934576218703
94,1413,1507,0.1505922895061812
94,1411,1505,0.1505983311507659
96,1416,1512,0.15060483174630862
96,1423,1519,0.15060510834306265
94,1414,1508,0.1506055803205129
94,1415,1509,0.15061021073014247
95,1427,1522,0.1506146944939056
93,1416,1509,0.15061755615534944
90,1420,1510,0.1506255950749924
92,1414,1506,0.15064012677926153
91,1413,1504,0.15064984794105998
91,1423,1514,0.1506611905819983
93,1423,1516,0.15067206136148537
91,1427,1518,0.15067797554452567
93,1425,1518,0.15068838072516008
91,1428,1519,0.15069392358441916
92,1447,1539,0.15070326789718447
87,1441,1528,0.15070906908494572
89,1435,1524,0.15072581173707295
91,1445,1536,0.15073631824006462
92,1456,1548,0.15074199293138577
91,1448,1539,0.15074549194058387
90,1432,1522,0.1507514686437552
92,1429,1521,0.15075950958469736
87,1426,1513,0.1507625036624949
87,1427,1514,0.15077660699392978
87,1455,1542,0.15078948892405206
84,1436,1520,0.15080081757911504
87,1435,1522,0.15081847367797485
86,1429,1515,0.15082661014158355
89,1418,1507,0.15083691642686456
89,1420,1509,0.15084016490817137
93,1421,1514,0.15084336881616442
91,1412,1503,0.15083551278188634
93,1423,1516,0.15083352796012892
93,1422,1515,0.1508273589582977
95,1419,1514,0.15082174764130124
97,1414,1511,0.15081129255809342
96,1417,1513,0.15079774041498176
95,1422,1517,0.15078772534964618
91,1419,1510,0.1507811704033173
92,1435,1527,0.15078292476642105
91,1432,1523,0.15078303691066938
96,1412,1508,0.1507858937772642
99,1406,1505,0.15077470494975373
98,1412,1510,0.1507558457384286
96,1424,1520,0.15074020709396463
98,1416,1514,0.15073025283821564
101,1418,1519,0.1507171432145744
100,1433,1533,0.15069715624295213
103,1420,1523,0.1506803686096437
105,1429,1534,0.1506584877118671
106,1420,1526,0.15063184066462784
104,1411,1515,0.15060587128837494
103,1417,1520,0.1505857548105833
104,1411,1515,0.15056844815118095
107,1422,1529,0.1505498390085645
107,1425,1532,0.1505264967636785
107,1430,1537,0.15050622220017013
105,1431,1536,0.15048723334924277
106,1417,1523,0.15047337858421334
108,1413,1521,0.1504569089187463
106,1422,1528,0.15043707320012886
104,1417,1521,0.15042393722266098
103,1422,1525,0.15041758982799316
104,1418,1522,0.15041463420699386
104,1418,1522,0.15040926435327312
103,1418,1521,0.15040431554993586
104,1416,1520,0.15040122312325613
104,1406,1510,0.15039578918112703
103,1416,1519,0.15039165331601329
103,1420,1523,0.15038881010885027
100,1415,1515,0.15038729556472197
101,1421,1522,0.15039298144678837
99,1410,1509,0.15039598979322558
102,1408,1510,0.15040366894584545
100,1409,1509,0.1504036513652429
96,1416,1512,0.15040792021693764
100,1428,1528,0.15042142157648664
102,1425,1527,0.1504247591526039
101,1424,1525,0.1504216994329522
104,1420,1524,0.1504220205118646
104,1413,1517,0.1504159383055581
104,1412,1516,0.15040856383389692
100,1413,1513,0.15040168870478512
101,1406,1507,0.15040501209468407
103,1414,1517,0.15040424557056023
103,1397,1500,0.1503984485606279
104,1395,1499,0.15039326322847013
103,1407,1510,0.15038536775208272
106,1402,1508,0.1503812016539028
105,1398,1503,0.15036934826561638
106,1409,1515,0.1503616242094491
107,1410,1517,0.15035201809161744
107,1410,1517,0.15033983856885097
107,1418,1525,0.15032939489944472
107,1393,1500,0.15031992464393668
108,1389,1497,0.15031023520245618
107,1396,1503,0.15029915135137584
109,1417,1526,0.15029167794085083
107,1415,1522,0.15028040130247686
105,1414,1519,0.15027522394872006
105,1421,1526,0.1502749946745154
104,1426,1530,0.1502756495317531
106,1429,1535,0.15027912879586275
104,1415,1519,0.15027830670540032
97,1424,1521,0.15028269504505823
100,1420,1520,0.15030147819731218
97,1421,1518,0.1503125624925377
97,1419,1516,0.15033013008764118
97,1424,1521,0.15034621154557737
99,1421,1520,0.15036153995198773
100,1418,1518,0.15037172041559654
101,1414,1515,0.15037954888511598
101,1410,1511,0.1503848716068451
102,1423,1525,0.1503891229113632
98,1434,1532,0.1503904074395849
98,1421,1519,0.15040117688270147
98,1419,1517,0.1504107985276165
97,1419,1516,0.15041814088008215
95,1408,1503,0.15042565211970035
95,1402,1497,0.15043800519203107
99,1399,1498,0.15044979499756866
98,1402,1500,0.15045070498983446
102,1406,1508,0.1504541625766564
98,1410,1508,0.15044695531024715
96,1403,1499,0.15044934124529308
98,1399,1497,0.1504570164933621
99,1404,1503,0.15045894513356653
102,1414,1516,0.15045935783251949
101,1412,1513,0.15045323812139932
98,1397,1495,0.15045067939209716
98,1405,1503,0.1504545335669744
97,1410,1507,0.15045883938787113
95,1407,1502,0.1504649239848716
98,1417,1515,0.15047561179729535
101,1409,1510,0.15047931218977711
99,1422,1521,0.15047539250479308
99,1412,1511,0.1504758672045798
100,1406,1506,0.15047728353762488
100,1424,1524,0.15047573756116253
95,1418,1513,0.1504745677014854
96,1414,1510,0.15048533728469146
98,1417,1515,0.1504939897201085
98,1414,1512,0.15049797408605559
94,1419,1513,0.15050190697119487
94,1417,1511,0.15051478874352736
92,1421,1513,0.15052632616071424
93,1424,1517,0.15054215047542982
94,1411,1505,0.15055481866871007
96,1405,1501,0.15056249797300458
94,1412,1506,0.15056458161917066
94,1406,1500,0.15057157654723974
96,1413,1509,0.1505790200660733
98,1429,1527,0.15058120477805947
96,1422,1518,0.15057760363650113
96,1418,1514,0.15057742629676352
96,1427,1523,0.1505780778858744
101,1425,1526,0.1505791522017463
102,1422,1524,0.15056769539117731
102,1406,1508,0.15055294908523711
99,1408,1507,0.150539667325529
95,1412,1507,0.15053464539871325
94,1402,1496,0.15053960217432474
95,1390,1485,0.15054632748285748
98,1407,1505,0.15054916464389845
102,1415,1517,0.1505440057905968
103,1408,1511,0.15052865566028614
104,1421,1525,0.15051255267951802
105,1413,1518,0.15049586869364817
100,1405,1505,0.15047824798689724
105,1411,1516,0.1504737320876938
103,1415,1518,0.15045761082398232
102,1412,1514,0.15044549270054441
103,1402,1505,0.15043679817656483
104,1395,1499,0.15042547770815637
106,1403,1509,0.1504132733660637
109,1412,1521,0.15039626525497007
108,1411,1519,0.1503737350798136
111,1411,1522,0.1503565862377353
112,1414,1526,0.15033229989209762
110,1415,1525,0.15030688605014292
114,1408,1522,0.15028662517840985
110,1408,1518,0.15025836179994276
115,1406,1521,0.15024253087539716
114,1406,1520,0.15021673638772257
111,1404,1515,0.15019447804902103
111,1408,1519,0.15018222525950334
106,1411,1517,0.1501718640905685
106,1398,1504,0.150174987097086
107,1404,1511,0.150176738524531
108,1405,1513,0.1501760732472472
113,1389,1502,0.15017330329555162
115,1406,1521,0.1501586080985382
115,1395,1510,0.15014139659223152
116,1395,1511,0.15012318330859822
116,1414,1530,0.15010423752712984
118,1410,1528,0.1500860082963571
114,1399,1513,0.15006438101317937
106,1387,1493,0.15005270454622674
109,1396,1505,0.15006072609730128
109,1399,1508,0.15006330134679963
107,1399,1506,0.15006441010623756
110,1408,1518,0.15007079120863254
109,1404,1513,0.15006960690924206
111,1400,1511,0.15007095925112948
110,1397,1507,0.15006770448734805
113,1406,1519,0.15006666181213413
111,1404,1515,0.15005704644377638
111,1404,1515,0.1500532861820736
109,1417,1526,0.15005030933539687
115,1415,1530,0.1500513107842046
120,1422,1542,0.1500374578314678
116,1404,1520,0.1500123848348448
117,1404,1521,0.1499978642818569
117,1404,1521,0.14998253309606574
118,1403,1521,0.14996879422700907
115,1389,1504,0.14995242431371733
114,1381,1495,0.14994575695446596
113,1388,1501,0.1499429841877931
113,1399,1512,0.14994220789950707
114,1391,1505,0.14994073612666203
114,1402,1516,0.14993598065287433
111,1402,1513,0.14993267992007295
110,1406,1516,0.14993720854164505
113,1406,1519,0.14994475636333848
113,1403,1516,0.1499433488746861
115,1398,1513,0.14994294871189198
112,1401,1513,0.1499373731554078
110,1411,1521,0.1499395744612109
110,1395,1505,0.14994612116470757
111,1393,1504,0.14995291468823743
111,1396,1507,0.14995805689498293
109,1399,1508,0.14996266061467783
112,1407,1519,0.14997204802263264
110,1407,1517,0.1499721230008072
113,1400,1513,0.14997802448734845
114,1417,1531,0.14997634529458623
111,1414,1525,0.14997064125923296
110,1400,1510,0.14997362734464623
113,1401,1514,0.1499797010351791
111,1394,1505,0.14997864320313078
110,1404,1514,0.14998305793709601
113,1398,1511,0.14998941159620013
111,1408,1519,0.14998774115751537
111,1417,1528,0.1499913833055242
114,1406,1520,0.1499949226034408
111,1409,1520,0.14999062476752367
107,1412,1519,0.1499941905972463
112,1409,1521,0.15000701256566412
109,1408,1517,0.15000777699262804
109,1395,1504,0.15001491813941634
109,1397,1506,0.15002103866899033
109,1413,1522,0.15002661389163402
111,1413,1524,0.15003141384203653
113,1405,1518,0.1500312177943409
113,1407,1520,0.1500251023449557
107,1411,1518,0.15002053386075942
106,1414,1520,0.15003219021753064
108,1415,1523,0.15004595721287775
108,1410,1518,0.15005422651582015
106,1412,1518,0.15006153874967146
106,1409,1515,0.15007141443688143
104,1412,1516,0.1500813907532091
104,1420,1524,0.1500960337629438
101,1413,1514,0.15010962934414937
101,1400,1501,0.15012964468104775
99,1416,1515,0.15014817140062597
100,1413,1513,0.15017089751463458
101,1414,1515,0.15019078362106483
97,1413,1510,0.15020431576959836
95,1419,1514,0.15022699569748327
97,1419,1516,0.15025142815627401
99,1413,1512,0.15027015028615925
101,1418,1519,0.15028218544776195
103,1416,1519,0.15028881603816543
101,1417,1518,0.15028858394937922
103,1423,1526,0.1502938368351929
102,1408,1510,0.1502945360097424
103,1410,1513,0.15029837196513116
99,1412,1511,0.15029933273311977
98,1424,1522,0.15030945278286384
98,1420,1518,0.15032194726079534
97,1416,1513,0.1503323578855721
97,1420,1517,0.15034484208390464
100,1415,1515,0.15035533834469614
100,1425,1525,0.15035613540876852
102,1426,1528,0.1503568101837322
100,1417,1517,0.15035316443278005
102,1416,1518,0.15035566779389342
98,1413,1511,0.15035337173171734
98,1412,1510,0.15036119531157888
99,1415,1514,0.15036851211102814
102,1389,1491,0.15037260559990162
101,1392,1493,0.1503676587918293
98,1394,1492,0.15036517819307058
100,1398,1498,0.1503711897031043
103,1395,1498,0.15037247831292833
103,1411,1514,0.15036694244746576
105,1417,1522,0.15036097552376768
102,1410,1512,0.15034977892521714
104,1403,1507,0.15034621726637912
105,1408,1513,0.15033890898169555
107,1406,1513,0.15033089135674604
105,1408,1513,0.15031911882780857
105,1398,1503,0.15031401952757517
103,1408,1511,0.15030895443668096
103,1422,1525,0.15030964667708444
102,1420,1522,0.15031133639878258
101,1416,1517,0.15031604628711814
104,1422,1526,0.1503209521564778
102,1422,1524,0.15031958015581035
101,1404,1505,0.15032317189807343
102,1393,1495,0.15032948904221904
103,1406,1509,0.150333439304419
97,1397,1494,0.1503349834250433
97,1400,1497,0.15035055091593608
97,1416,1513,0.1503649671579264
94,1423,1517,0.1503790494339251
93,1429,1522,0.15039938331634647
92,1418,1510,0.15041995614597783
92,1416,1508,0.1504400857479147
92,1422,1514,0.150458630825203
96,1429,1525,0.15047681893798376
95,1428,1523,0.15048301882887688
94,1402,1496,0.15049185605559767
95,1405,1500,0.15050242582575307
92,1398,1490,0.1505110400728833
95,1403,1498,0.1505263111152233
95,1408,1503,0.1505328537825635
97,1417,1514,0.1505387623783775
99,1409,1508,0.1505393594601642
98,1408,1506,0.1505356918454894
96,1399,1495,0.15053528739920563
97,1404,1501,0.15054034960769186
92,1395,1487,0.1505425981673263
92,1415,1507,0.1505563360729058
93,1425,1518,0.15056967675786265
91,1433,1524,0.15057837075230732
91,1430,1521,0.1505917602889879
90,1436,1526,0.1506047260951747
88,1423,1511,0.15061934932325285
90,1435,1525,0.1506370694867953
91,1426,1517,0.15064783686869276
91,1428,1519,0.150655331026711
92,1437,1529,0.15066116289293913
94,1429,1523,0.15066484258502294
94,1412,1506,0.1506640555842001
93,1414,1507,0.15066362548892026
93,1409,1502,0.15066482917527196
91,1423,1514,0.15066694151262744
93,1425,1518,0.15067332030826272
97,1417,1514,0.15067471578777533
95,1419,1514,0.15066570439445773
96,1421,1517,0.15066063926356765
96,1408,1504,0.1506543568160354
98,1403,1501,0.15064844341667258
99,1414,1513,0.15063902952698688
98,1412,1510,0.15062632591146566
101,1408,1509,0.15061662862853784
101,1416,1517,0.15059960333531458
101,1427,1528,0.15058335371637874
99,1428,1527,0.15056928893384655
99,1425,1524,0.1505616339717076
97,1423,1520,0.15055545529934353
99,1413,1512,0.15055511150484122
99,1422,1521,0.1505488125595796
98,1419,1517,0.15054365110646395
100,1411,1511,0.150540593598157
99,1423,1522,0.15053318903345916
99,1421,1520,0.15052820330667654
98,1414,1512,0.1505241347784034
96,1413,1509,0.15052350782440865
100,1407,1507,0.1505262439045443
99,1410,1509,0.15051953623135844
99,1415,1514,0.15051695645276467
100,1410,1510,0.15051391803466044
102,1416,1518,0.1505080068407597
98,1413,1511,0.15049821503802657
101,1413,1514,0.15049755465604897
101,1407,1508,0.15048981732287536
100,1408,1508,0.15048164926936877
99,1417,1516,0.15047687015816993
99,1421,1520,0.15047543816773998
98,1413,1511,0.15047505510491907
97,1419,1516,0.15047791550633846
96,1423,1519,0.15048380241353063
98,1429,1527,0.15049207331778047
96,1419,1515,0.1504944010645379
95,1400,1495,0.15050205027522384
96,1429,1525,0.15051212438154735
96,1433,1529,0.15051833114358662
95,1422,1517,0.1505236400946267
94,1423,1517,0.15053194561878513
91,1419,1510,0.1505428085014585
90,1421,1511,0.1505601371702044
88,1424,1512,0.150578741850443
84,1418,1502,0.1506010268495671
86,1417,1503,0.15063110610289052
85,1406,1491,0.150653727121663
83,1416,1499,0.15067727140516202
79,1424,1503,0.15070420965025164
80,1424,1504,0.1507376824378052
83,1430,1513,0.15076682912635916
85,1438,1523,0.15078448515130308
90,1436,1526,0.1507961602991898
90,1427,1517,0.15079602967014855
87,1428,1515,0.1507958554165329
86,1423,1509,0.15080313988339789
85,1418,1503,0.15081326352857688
83,1424,1507,0.15082520323048984
87,1427,1514,0.1508403478831039
86,1429,1515,0.15084453814093002
89,1437,1526,0.15084969872668727
93,1444,1537,0.15084560035426875
90,1440,1530,0.1508295707841865
90,1433,1523,0.15082222516799149
93,1427,1520,0.1508162485334516
92,1414,1506,0.15080366834919307
90,1420,1510,0.15079559058328226
91,1427,1518,0.1507937091900317
91,1442,1533,0.15079005787470628
90,1448,1538,0.1507881286226122
89,1440,1529,0.15078938835456795
90,1444,1534,0.15079358036760243
89,1430,1519,0.15079612439111692
89,1428,1517,0.15080161902841252
92,1416,1508,0.15080578682356297
90,1422,1512,0.15080140941545087
87,1434,1521,0.15080074255123052
88,1420,1508,0.1508076452153455
88,1435,1523,0.15081272862443573
86,1429,1515,0.1508172181129635
85,1427,1512,0.1508266716353594
84,1429,1513,0.15083766989644765
82,1425,1507,0.150851247340356
80,1431,1511,0.15086888809579094
81,1428,1509,0.1508901055170364
82,1415,1497,0.15090728466780418
83,1417,1500,0.15092166091894735
81,1441,1522,0.15093330005327207
81,1443,1524,0.15094803280214025
78,1446,1524,0.1509609097239537
78,1433,1511,0.15098033768166957
80,1445,1525,0.15099807869387624
79,1451,1530,0.15100913515043035
77,1443,1520,0.15102095351773384
77,1437,1514,0.1510372189213712
78,1433,1511,0.1510513240107732
78,1441,1519,0.1510629204473538
80,1431,1511,0.15107405180709177
82,1427,1509,0.15107932336148677
82,1438,1520,0.15107863500840665
83,1431,1514,0.15107882966651603
82,1436,1518,0.1510753860029566
81,1437,1518,0.15107536264028087
82,1444,1526,0.15107692225863825
83,1447,1530,0.151076900822903
80,1440,1520,0.15107442417464914
80,1431,1511,0.15107956017740543
76,1422,1498,0.15108497639653323
76,1424,1500,0.15109980748080507
76,1421,1497,0.15111427165212085
75,1415,1490,0.1511273056263515
75,1427,1502,0.15114121741778852
77,1429,1506,0.15115474019447292
77,1422,1499,0.15116270205878365
77,1433,1510,0.151170478377419
78,1429,1507,0.15117827744703244
77,1429,1506,0.1511829554101476
74,1439,1513,0.15119021519112621
72,1451,1523,0.15120352996669867
72,1460,1532,0.15122118731507267
75,1455,1530,0.1512380609520297
72,1452,1524,0.15124642576415626
70,1453,1523,0.15126136407943191
71,1446,1517,0.1512801912503208
72,1450,1522,0.1512958618350926
73,1434,1507,0.1513085111824416
72,1442,1514,0.1513172329465863
74,1437,1511,0.1513279393205292
73,1438,1511,0.15133213683538552
72,1436,1508,0.15133806479135467
70,1438,1508,0.1513460492111646
73,1443,1516,0.15135756508749515
76,1435,1511,0.15136146495028222
79,1428,1507,0.1513577859829037
76,1430,1506,0.1513472611577821
73,1427,1500,0.15134449923608126
74,1427,1501,0.15134864032506734
77,1421,1498,0.151351206491535
79,1428,1507,0.15134566286668727
79,1432,1511,0.1513348177823105
79,1428,1507,0.15132529989682095
79,1442,1521,0.15131698912635702
79,1435,1514,0.15130930481122387
75,1454,1529,0.15130076759503883
76,1447,1523,0.15130322529378307
77,1452,1529,0.15130315675958447
78,1454,1532,0.15130054283060976
80,1454,1534,0.15129458513319566
76,1446,1522,0.15128426699223074
73,1451,1524,0.1512843735834894
71,1440,1511,0.1512926386550362
73,1438,1511,0.15130539092518447
74,1449,1523,0.15131215871463882
73,1436,1509,0.1513154092883489
73,1430,1503,0.15132136774541766
73,1434,1507,0.1513276610036462
73,1442,1515,0.15133367719387023
74,1455,1529,0.1513400557314308
72,1444,1516,0.15134321647334922
70,1441,1511,0.15135132536250473
68,1443,1511,0.15136438032474467
69,1439,1508,0.15138144862612676
70,1443,1513,0.1513936094886727
69,1453,1522,0.15140229088401913
69,1445,1514,0.1514131671493283
70,1454,1524,0.15142241381076124
70,1446,1516,0.15142919279065795
70,1437,1507,0.1514362782202604
70,1445,1515,0.15144287763013803
69,1444,1513,0.15144873987231308
67,1435,1502,0.15145683113418248
67,1424,1491,0.15146929691891536
63,1442,1505,0.15148091051799198
65,1450,1515,0.15150107870675836
64,1454,1518,0.15151603379058515
60,1454,1514,0.15153184220392504
61,1455,1516,0.15155662027370756
61,1466,1527,0.15157725071267644
64,1471,1535,0.15159610404387378
65,1462,1527,0.15160538347443253
65,1456,1521,0.15161215776925233
64,1460,1524,0.15161840525957204
66,1458,1524,0.15162622612043383
66,1451,1517,0.15162781159594327
67,1455,1522,0.1516292982318993
65,1452,1517,0.15162835771864508
67,1464,1531,0.1516323813999343
66,1446,1512,0.151631960755668
65,1451,1516,0.1516334259189642
64,1452,1516,0.15163567407889367
63,1459,1522,0.15164135348712265
63,1455,1518,0.15165054747787887
62,1457,1519,0.15165920213698986
62,1444,1506,0.15166899248362717
61,1451,1512,0.1516778817121528
62,1454,1516,0.1516891094949234
62,1448,1510,0.15169776837750262
66,1446,1512,0.1517050578122736
66,1448,1514,0.15170154640870195
66,1439,1505,0.15169763888681043
66,1455,1521,0.1516948989935092
65,1450,1515,0.1516931662189147
64,1458,1522,0.15169483841273296
65,1451,1516,0.15169918635994833
63,1453,1516,0.15170033945455452
65,1466,1531,0.15170458545000112
67,1465,1532,0.1517032256708641
65,1467,1532,0.1516971885089627
64,1470,1534,0.15169674881449272
62,1483,1545,0.15169823527750217
59,1468,1527,0.15170478871146117
60,1459,1519,0.1517180773802789
59,1460,1519,0.15172901194851957
58,1446,1504,0.1517422131039154
61,1447,1508,0.15175733446651424
62,1451,1513,0.15176371977814587
60,1446,1506,0.15176713128085023
63,1457,1520,0.1517743307414095
62,1454,1516,0.15177418365183803
63,1458,1521,0.1517756576425915
60,1446,1506,0.15177428878441165
62,1453,1515,0.1517803725364769
60,1464,1524,0.15177977211945826
60,1462,1522,0.15178453992730329
59,1466,1525,0.15178991076715634
61,1458,1519,0.15179793384625648
60,1459,1519,0.15179998726956942
58,1449,1507,0.15180482452889993
58,1461,1519,0.1518145578938435
60,1452,1512,0.15182414184442106
60,1458,1518,0.15182771147435642
61,1464,1525,0.15183072689057692
61,1456,1517,0.15182998759932262
58,1455,1513,0.1518277613968106
59,1465,1524,0.1518332195716816
55,1478,1533,0.15183706541915867
54,1464,1518,0.15184986278161058
54,1465,1519,0.1518648519355676
54,1460,1514,0.15187967769899757
56,1459,1515,0.15189430625484932
58,1455,1513,0.15190319884933592
58,1451,1509,0.15190672223444845
57,1449,1506,0.15191005460799123
58,1469,1527,0.15191574956666476
57,1464,1521,0.15191914338566506
57,1449,1506,0.1519249294736543
57,1463,1520,0.1519302744399487
56,1465,1521,0.1519350798836284
53,1453,1506,0.15194147491217133
53,1454,1507,0.15195461640815727
49,1471,1520,0.15196755880654977
49,1477,1526,0.1519880562567636
48,1472,1520,0.15200752251075803
46,1480,1526,0.15202841271788067
49,1479,1528,0.1520525608584346
49,1476,1525,0.1520675516301239
52,1484,1536,0.15208117139734456
53,1482,1535,0.15208587981356014
53,1471,1524,0.15208762661726613
54,1474,1528,0.15209012021821924
52,1473,1525,0.15208977317570432
54,1463,1517,0.15209490291264005
53,1460,1513,0.15209462172270177
52,1461,1513,0.1520970042311149
51,1466,1517,0.152102147039583
54,1465,1519,0.15211005933888536
53,1444,1497,0.152107279953981
50,1458,1508,0.15210631411568204
50,1460,1510,0.15211416681717685
51,1469,1520,0.15212218142100792
53,1476,1529,0.15212674943931526
51,1468,1519,0.15212621054191644
51,1468,1519,0.15213080780337843
52,1465,1517,0.1521352183213112
53,1467,1520,0.1521378329161337
54,1461,1515,0.1521375350951155
54,1470,1524,0.1521347227495412
52,1466,1518,0.15213285862577008
51,1472,1523,0.15213555609673055
51,1475,1526,0.1521407054224702
53,1473,1526,0.1521455497394839
54,1468,1522,0.15214486822794893
55,1463,1518,0.15213994976587358
56,1450,1506,0.1521337197409262
54,1450,1504,0.15212468659794542
57,1460,1517,0.1521223267797609
57,1445,1502,0.1521120925410064
57,1452,1509,0.15210366169805137
57,1459,1516,0.15209659101255774
57,1462,1519,0.15209011942689782
56,1463,1519,0.15208421594625546
56,1463,1519,0.15208156215456703
57,1474,1531,0.15207959370906377
54,1462,1516,0.15207552693485946
53,1473,1526,0.15207906342503746
50,1474,1524,0.15208518700608603
50,1472,1522,0.15209792548444395
50,1468,1518,0.1521103017500668
51,1475,1526,0.15212084152502028
51,1478,1529,0.15212783235606228
49,1473,1522,0.1521350890361448
47,1466,1513,0.15214649649028505
48,1472,1520,0.1521622962409192
48,1479,1527,0.15217429825134285
47,1483,1530,0.15218601836903864
48,1481,1529,0.1521994116837619
46,1469,1515,0.15220999362647855
44,1476,1520,0.15222466945913438
43,1480,1523,0.15224318469388837
46,1467,1513,0.15226233362590366
45,1468,1513,0.15227184890807569
45,1457,1502,0.1522834352491793
44,1473,1517,0.15229530150342885
43,1481,1524,0.15230905338321907
42,1466,1508,0.15232443925758354
42,1473,1515,0.15234159375236814
44,1478,1522,0.15235690218492187
46,1473,1519,0.15236682915199268
47,1463,1510,0.15237083172880905
47,1446,1493,0.15237248060781816
44,1464,1508,0.15237446415485276
47,1480,1527,0.15238321667611776
47,1490,1537,0.15238291464541218
46,1493,1539,0.15238318045005483
45,1482,1527,0.15238609401352135
45,1467,1512,0.15239146013618257
44,1458,1502,0.15239680851055049
44,1479,1523,0.15240434105619138
44,1477,1521,0.15241113489323382
44,1479,1523,0.1524178091637001
44,1470,1514,0.1524244152587418
43,1479,1522,0.1524306020641915
45,1470,1515,0.15243804907329078
43,1479,1522,0.1524406336838722
43,1479,1522,0.15244771343244753
43,1473,1516,0.15245464168537906
43,1476,1519,0.15246145460084384
42,1472,1514,0.15246797880411794
42,1459,1501,0.15247652017284957
40,1464,1504,0.1524847784991096
39,1468,1507,0.15249721034120797
39,1471,1510,0.15251007716819664
36,1476,1512,0.15252134322776706
37,1472,1509,0.15253842299607018
37,1473,1510,0.15255230443390044
36,1475,1511,0.15256569085970187
36,1478,1514,0.1525807948496707
37,1474,1511,0.15259500845550028
35,1488,1523,0.1526064246756836
36,1479,1515,0.1526217799886834
37,1464,1501,0.15263325408244954
37,1455,1492,0.1526409934135718
38,1470,1508,0.1526477686688867
38,1476,1514,0.15265205341034618
37,1487,1524,0.1526564610840304
38,1487,1525,0.15266292339460333
36,1471,1507,0.15266714968861672
35,1487,1522,0.15267584722275696
35,1464,1499,0.15268646618786966
35,1457,1492,0.1526967147405279
34,1478,1512,0.1527065886675757
33,1471,1504,0.15271821924205187
34,1488,1522,0.15273122909649925
34,1499,1533,0.1527406407388518
32,1498,1530,0.1527497503921985
31,1501,1532,0.15276303951548903
29,1495,1524,0.1527778562277498
32,1496,1528,0.15279641830817228
32,1492,1524,0.1528059177881783
31,1485,1516,0.15281513188325896
28,1479,1507,0.1528262072630248
31,1481,1512,0.15284359569223527
33,1478,1511,0.1528525712583896
33,1477,1510,0.1528564080148622
32,1475,1507,0.15285990992401355
31,1488,1519,0.15286482539922616
32,1471,1503,0.15287194974112872
30,1470,1500,0.1528765232559516
30,1463,1493,0.15288472938414469
32,1462,1494,0.1528928022880932
32,1477,1509,0.15289503894890083
32,1475,1507,0.15289757119340192
32,1490,1522,0.15289927525703792
34,1488,1522,0.1529013329957559
33,1489,1522,0.15289784315559998
34,1486,1520,0.1528972233964767
33,1477,1510,0.15289386653370796
31,1480,1511,0.15289350650508765
30,1482,1512,0.15289737805835477
29,1469,1498,0.15290363983950628
33,1478,1511,0.15291210148183312
33,1486,1519,0.15290895266333782
30,1492,1522,0.15290663008650685
29,1490,1519,0.15291144630564243
30,1488,1518,0.15291873967415862
31,1497,1528,0.15292278856789457
32,1481,1513,0.15292434254411227
32,1489,1521,0.1529237542977193
33,1491,1524,0.15292274261958813
33,1486,1519,0.15291977586045058
34,1479,1513,0.1529174417831682
34,1480,1514,0.152912072659178
34,1470,1504,0.15290780893399042
34,1470,1504,0.15290419245857903
34,1465,1499,0.1529002105581697
36,1458,1494,0.15289605992319108
36,1475,1511,0.1528881158002174
36,1471,1507,0.15288122742034121
34,1472,1506,0.15287413298753744
33,1471,1504,0.15287247897174489
33,1463,1496,0.15287357828312198
37,1465,1502,0.15287507216215082
36,1481,1517,0.15286554847493805
35,1480,1515,0.15285972468436854
37,1485,1522,0.15285700323786558
34,1485,1519,0.1528485375650745
34,1478,1512,0.1528472874658933
36,1476,1512,0.1528467305219516
35,1484,1519,0.15284117738798542
34,1478,1512,0.15283928575811917
34,1473,1507,0.15284016322002617
31,1474,1505,0.15284145265311705
31,1475,1506,0.15284957506416383
32,1474,1506,0.1528572532040457
36,1467,1503,0.15286246360950803
37,1484,1521,0.15285664316224198
38,1479,1517,0.15284929582215592
37,1469,1506,0.15284038444377904
38,1467,1505,0.15283468118167626
39,1473,1512,0.15282698737336056
40,1480,1520,0.15281697218484566
38,1473,1511,0.15280577466344542
36,1478,1514,0.15280007860489542
35,1492,1527,0.15279950952729338
34,1492,1526,0.1528016106513661
34,1490,1524,0.1528065163412454
34,1485,1519,0.15281141807712445
36,1483,1519,0.15281603178391434
36,1491,1527,0.15281542207937926
35,1484,1519,0.15281426510945062
34,1483,1517,0.15281576047872514
35,1471,1506,0.1528196623532523
33,1479,1512,0.15282130290698903
33,1482,1515,0.15282742657482193
31,1482,1513,0.15283344515885108
32,1492,1524,0.15284363879118032
32,1479,1511,0.15285079023505171
34,1485,1519,0.1528580383161165
34,1489,1523,0.15285980720809308
34,1484,1518,0.15286065419999567
35,1490,1525,0.1528617936148465
34,1489,1523,0.1528603514305861
34,1492,1526,0.15286156965451828
33,1489,1522,0.15286302051965558
35,1481,1516,0.15286679305117604
35,1489,1524,0.15286406125410296
34,1491,1525,0.15286193493972175
34,1492,1526,0.15286250518465846
34,1496,1530,0.1528633995322313
32,1489,1521,0.1528645636713261
31,1489,1520,0.15287025310296978
31,1493,1524,0.15287799296609172
30,1489,1519,0.15288550114230573
30,1492,1522,0.15289491034544184
29,1487,1516,0.15290296701309397
31,1493,1524,0.15291295141043104
31,1475,1506,0.1529177929648748
32,1488,1520,0.15292260643438746
31,1492,1523,0.1529241047031122
31,1476,1507,0.15292803358039786
31,1481,1512,0.15293106855493427
30,1489,1519,0.15293403200036543
30,1494,1524,0.15293930026687763
31,1483,1514,0.15294455740004526
31,1488,1519,0.15294559413922662
31,1482,1513,0.1529470174926718
29,1488,1517,0.15294851806646845
30,1481,1511,0.15295488809483115
30,1487,1517,0.15295865385075083
31,1487,1518,0.15296140166687955
32,1480,1512,0.152962022681119
31,1468,1499,0.15296073345882236
31,1471,1502,0.15296206497829648
30,1483,1513,0.1529636403541055
30,1484,1514,0.1529675463333411
29,1491,1520,0.1529705236066101
32,1480,1512,0.15297572714564475
34,1471,1505,0.1529713722130994
34,1477,1511,0.15296320314983
34,1478,1512,0.15295495134317988
34,1480,1514,0.15294780889032947
34,1489,1523,0.15294150308387364
34,1474,1508,0.1529368694254631
34,1470,1504,0.15293290542756302
35,1483,1518,0.15292953311419832
33,1481,1514,0.15292341001768592
33,1474,1507,0.15292237293568023
33,1481,1514,0.1529217545086942
32,1475,1507,0.15292135454052289
29,1474,1503,0.15292344634023394
28,1477,1505,0.15293284064558216
27,1487,1514,0.15294427944262728
25,1483,1508,0.15295731432281967
26,1486,1512,0.15297398506750023
28,1490,1518,0.15298723803890912
29,1485,1514,0.15299420091924495
29,1480,1509,0.15299774995619012
30,1480,1510,0.1530014110722277
29,1479,1508,0.15300187379557653
31,1487,1518,0.15300482911026778
30,1501,1531,0.15300211109988462
28,1492,1520,0.1530021691931097
26,1493,1519,0.1530064168837187
24,1485,1509,0.1530157348304911
22,1483,1505,0.1530291152388945
24,1490,1514,0.15304630373407732
23,1494,1517,0.1530580133947322
24,1483,1507,0.15307162121404297
24,1491,1515,0.15308212231648924
23,1496,1519,0.15309193667373402
24,1484,1508,0.15310382854796079
24,1504,1528,0.15311213669111448
26,1495,1521,0.15312019449950004
27,1501,1528,0.1531217064587706
25,1506,1531,0.15312026113722235
26,1502,1528,0.15312372034794333
28,1485,1513,0.15312515885300837
25,1490,1515,0.15312034344309094
25,1479,1504,0.15312317514538912
24,1487,1511,0.15312631063888651
24,1466,1490,0.15313184817163322
22,1461,1483,0.15313743712484718
22,1474,1496,0.1531473605498296
19,1481,1500,0.15315699771776572
19,1490,1509,0.15317358018290303
18,1497,1515,0.15318934049301638
17,1488,1505,0.15320651712153574
18,1495,1513,0.15322495839097588
17,1498,1515,0.1532401785739873
17,1492,1509,0.15325708295261456
17,1498,1515,0.153273042477159
17,1506,1523,0.15328810633530432
17,1517,1534,0.153302321538927
16,1509,1525,0.15331573297648216
15,1502,1517,0.15333052698728583
17,1500,1517,0.15334662390096926
18,1501,1519,0.1533565482425712
18,1497,1515,0.1533627292623878
17,1502,1519,0.15336875942775569
17,1502,1519,0.15337676532912595
16,1508,1524,0.15338446861410748
16,1517,1533,0.1533940218039367
16,1511,1527,0.15340314487250045
17,1508,1525,0.15341184924837545
16,1502,1518,0.153416969863995
16,1502,1518,0.15342414824054706
14,1497,1511,0.15342999441538338
15,1510,1525,0.15344181997642264
15,1508,1523,0.15345008289372467
15,1506,1521,0.15345799381961167
16,1508,1524,0.15346555964540365
16,1505,1521,0.15346952751484455
17,1496,1513,0.1534723719817287
17,1506,1523,0.1534721616308058
17,1507,1524,0.15347233748009612
17,1500,1517,0.15347284018170904
18,1515,1533,0.15347361743986482
18,1505,1523,0.1534714829245198
18,1509,1527,0.15346982273199283
17,1509,1526,0.15346857505474712
16,1507,1523,0.15346983311562556
16,1501,1517,0.15347387505566012
15,1503,1518,0.1534778579740799
15,1504,1519,0.15348408185370258
14,1518,1532,0.15348896220729474
14,1512,1526,0.1534959112834464
14,1507,1521,0.1535026449619832
14,1494,1508,0.15350915604966925
15,1505,1520,0.1535154397696373
15,1503,1518,0.15351903120296026
15,1504,1519,0.15352257195104607
14,1492,1506,0.153526048862533
12,1498,1510,0.15353173805248155
12,1503,1515,0.1535415194471407
14,1514,1528,0.15355080689319522
16,1514,1530,0.1535539025821534
16,1508,1524,0.15355051194687216
15,1505,1520,0.15354773431973912
15,1502,1517,0.1535476679567383
15,1507,1522,0.15354784020066614
15,1502,1517,0.15354830899427324
14,1505,1519,0.15354902652349925
13,1511,1524,0.15355209292883337
13,1511,1524,0.15355741717757454
12,1515,1527,0.1535626173315884
13,1514,1527,0.15356985238304616
13,1508,1521,0.15357456828401717
13,1511,1524,0.15357915094974386
13,1507,1520,0.15358359347460762
13,1519,1532,0.15358789083430593
13,1518,1531,0.15359203962948675
13,1501,1514,0.15359603785874174
13,1498,1511,0.15359988471783917
12,1503,1515,0.1536035804223962
12,1505,1517,0.15360929814331428
12,1492,1504,0.15361473389513933
13,1501,1514,0.1536198983159123
13,1493,1506,0.15362153443327073
14,1503,1517,0.1536232259614093
14,1499,1513,0.15362168366913204
15,1505,1520,0.1536201768479193
14,1495,1509,0.15361572584095426
14,1493,1507,0.15361411211709758
14,1490,1504,0.15361287980615138
14,1481,1495,0.1536119781562602
13,1490,1503,0.15361136217927127
15,1505,1520,0.1536121952823862
15,1509,1524,0.1536067438750627
14,1503,1517,0.15360209210470663
14,1512,1526,0.15360030920261772
13,1521,1534,0.15359901691550035
13,1512,1525,0.1536003363516292
13,1514,1527,0.15360188489506324
14,1505,1519,0.15360361853456983
14,1509,1523,0.15360229916465418
15,1507,1522,0.15360076908520703
15,1494,1509,0.1535964235866587
15,1508,1523,0.15359277110557956
14,1505,1519,0.15358972829642273
13,1501,1514,0.1535893662785151
12,1492,1504,0.15359151021030584
12,1495,1507,0.1535961742074952
13,1491,1504,0.1536007947769412
14,1511,1525,0.15360287737126646
14,1511,1525,0.15360179766077947
13,1506,1519,0.15360099076324293
13,1498,1511,0.15360298924299695
13,1498,1511,0.15360510071161498
12,1503,1515,0.1536072956394991
12,1515,1527,0.15361170784530565
11,1501,1512,0.15361602480705985
11,1505,1516,0.15362239934687108
10,1505,1515,0.15362852778796504
11,1509,1520,0.15363657085825608
11,1519,1530,0.15364140625646308
11,1507,1518,0.1536461163842456
11,1502,1513,0.1536506924435366
11,1507,1518,0.15365512776281132
11,1515,1526,0.15365941751379655
11,1522,1533,0.15366247527197235
11,1511,1522,0.15366555232703397
11,1510,1521,0.15366848600073083
10,1509,1519,0.15367142377565574
10,1507,1517,0.15367677678093447
10,1522,1532,0.15368192759833688
10,1519,1529,0.15368687650286295
10,1507,1517,0.15369162492131302
9,1502,1511,0.15369617524883997
9,1509,1518,0.15370270605454578
9,1512,1521,0.15370891333036857
9,1521,1530,0.15371480955159214
9,1518,1527,0.15372040713624965
7,1505,1512,0.15372571838043636
7,1507,1514,0.15373514367072985
7,1503,1510,0.1537440342086514
7,1521,1528,0.15375241865404313
7,1506,1513,0.15376032430703937
7,1499,1506,0.15376777715299914
7,1494,1501,0.1537748019084084
7,1506,1513,0.1537814220673313
7,1517,1524,0.15378765994805055
7,1513,1520,0.15379353673959006
6,1508,1514,0.15379907254786207
6,1500,1506,0.1538064379493401
6,1507,1513,0.15381336943398183
6,1509,1515,0.1538198919998378
7,1513,1520,0.15382602926181252
7,1505,1512,0.1538285394297058
7,1507,1514,0.15383101234479046
7,1503,1510,0.15383343904727656
7,1504,1511,0.15383581221309198
8,1502,1510,0.15383812594847351
8,1507,1515,0.15383710974577178
8,1495,1503,0.1538363311997938
8,1496,1504,0.15383575884073558
8,1505,1513,0.15383536475867096
8,1506,1514,0.15383512422787365
8,1508,1516,0.15383501536937735
8,1516,1524,0.15383501884796102
9,1518,1527,0.1538351176001215
7,1521,1528,0.1538320270189156
7,1503,1510,0.15383507189730114
7,1500,1507,0.15383795992960853
6,1508,1514,0.15384069786423787
6,1513,1519,0.15384545812718686
6,1508,1514,0.1538499502513095
6,1524,1530,0.1538541884306662
6,1517,1523,0.15385818620372776
6,1509,1515,0.15386195647293113
6,1492,1498,0.15386551152502778
6,1499,1505,0.1538677890799879
6,1499,1505,0.1538700456239883
6,1504,1510,0.1538722710569416
6,1502,1508,0.15387445699355445
6,1503,1509,0.15387659655266284
6,1513,1519,0.15387868416965678
6,1506,1512,0.15388071542959797
7,1505,1512,0.15388181208068036
8,1496,1504,0.15387978887482984
8,1509,1517,0.1538758214031112
7,1519,1526,0.15387231569235066
8,1513,1521,0.1538713843655529
10,1508,1518,0.1538674472580544
9,1508,1517,0.1538584515701307
9,1511,1520,0.15385307968477607
8,1502,1510,0.15384830689004073
9,1499,1508,0.15384625675508656
9,1495,1504,0.1538413044535456
9,1502,1511,0.15383695892167062
9,1506,1515,0.1538322930040928
9,1514,1523,0.15382824333688375
8,1510,1518,0.15382474037739222
9,1516,1525,0.1538249459398998
10,1508,1518,0.15382244442321
10,1500,1510,0.15381727393515054
10,1510,1520,0.15381267685586142
10,1517,1527,0.15380859353130868
9,1518,1527,0.1538049703060995
10,1523,1533,0.15380392503337958
12,1524,1536,0.15380087961691494
12,1522,1534,0.15379164070705084
12,1520,1532,0.1537833252820877
12,1499,1511,0.1537758426428437
12,1497,1509,0.15376911090465128
12,1497,1509,0.15376305614623942
12,1495,1507,0.15375761164047064
11,1497,1508,0.1537527171590803
10,1502,1512,0.15375070287893686
9,1491,1500,0.15375161357444808
10,1504,1514,0.1537547834855012
10,1503,1513,0.1537551192943171
10,1503,1513,0.15375556048295538
10,1493,1503,0.1537560884987271
9,1503,1512,0.15375668708522983
9,1506,1515,0.15375951481113723
9,1510,1519,0.15376225501137733
8,1515,1523,0.15376490486741148
9,1522,1531,0.15376961859441363
10,1527,1537,0.15377100729990534
10,1502,1512,0.15376919601027733
10,1489,1499,0.15376773516930164
10,1501,1511,0.15376658014713038
10,1500,1510,0.15376569128680648
10,1506,1516,0.1537650333832779
9,1515,1524,0.1537645752152293
10,1520,1530,0.15376646028227398
10,1520,1530,0.15376611880665947
10,1509,1519,0.15376592239248232
10,1501,1511,0.15376585015387853
10,1506,1516,0.15376588364362173
10,1510,1520,0.15376600659179765
10,1504,1514,0.1537662046712936
10,1515,1525,0.15376646528741716
10,1525,1535,0.15376677738922356
10,1515,1525,0.15376713130037026
10,1510,1520,0.1537675185675336
9,1501,1510,0.15376793182461623
9,1496,1505,0.15377051359582952
9,1496,1505,0.1537729790691624
9,1497,1506,0.15377533123915244
9,1496,1505,0.1537775733210534
9,1497,1506,0.1537797086979637
9,1507,1516,0.15378174087501237
8,1511,1519,0.15378367343980057
8,1508,1516,0.15378766905481522
8,1518,1526,0.15379144016041665
8,1517,1525,0.15379485599970275
8,1520,1528,0.15379809332064612
8,1504,1512,0.1538011600206869
7,1495,1502,0.1538040638111543
7,1500,1507,0.1538089736150401
7,1497,1504,0.15381360430858057
7,1512,1519,0.15381797083149581
7,1517,1524,0.15382208742100886
7,1510,1517,0.15382596763406695
7,1506,1513,0.15382962437022915
7,1498,1505,0.1538330698949823
7,1500,1507,0.15383631586328128
6,1496,1502,0.15383830124566994
7,1508,1515,0.15384230707081553
6,1500,1506,0.1538431705759512
6,1496,1502,0.15384633950497115
6,1497,1503,0.15384948068469612
6,1488,1494,0.15385257989081258
6,1495,1501,0.15385562529504435
6,1497,1503,0.15385860717236238
6,1507,1513,0.15386151764011527
6,1514,1520,0.1538643504257853
6,1523,1529,0.153867100660406
7,1504,1511,0.15386976469497315
7,1516,1523,0.15386907152666063
6,1517,1523,0.15386859297422464
5,1515,1520,0.15387070318164536
6,1512,1518,0.1538749788056097
6,1503,1509,0.1538760189834619
6,1506,1512,0.15387717890959543
5,1496,1501,0.15387843349420632
5,1502,1507,0.1538825948561169
5,1507,1512,0.15388657220878357
5,1514,1519,0.15389036998089345
5,1525,1530,0.15389399299088627
5,1526,1531,0.15389744635918912
5,1525,1530,0.15390073543200455
5,1524,1529,0.15390386571534675
5,1503,1508,0.1539068428181591
5,1514,1519,0.15390967240346856
4,1520,1524,0.15391236014664508
5,1523,1528,0.15391706876708447
5,1512,1517,0.15391928816784645
5,1511,1516,0.15392140154280332
5,1509,1514,0.15392341250151786
5,1514,1519,0.15392532471089285
5,1509,1514,0.15392714186476833
5,1502,1507,0.15392886765797928
5,1508,1513,0.15393050576434933
5,1513,1518,0.15393205981815236
5,1513,1518,0.15393353339862478
5,1522,1527,0.15393493001715694
5,1495,1500,0.15393625310683168
5,1509,1514,0.15393750601401587
5,1508,1513,0.1539386919917426
5,1510,1515,0.15393981419465064
4,1503,1507,0.15394087567527526
5,1508,1513,0.15394293229365089
5,1496,1501,0.15394171187887806
5,1498,1503,0.15394077475785933
5,1495,1500,0.15394008350700708
5,1497,1502,0.1539396049300413
4,1514,1518,0.15393930961230098
4,1509,1513,0.15394199450861287
4,1514,1518,0.15394457823405014
4,1506,1510,0.15394706091190336
4,1502,1506,0.15394944324293205
4,1499,1503,0.15395172641351348
4,1505,1509,0.15395391201487882
3,1504,1507,0.15395600197222806
3,1501,1504,0.1539601630824557
3,1519,1522,0.15396410192127205
3,1522,1525,0.15396782903014608
3,1513,1516,0.1539713545974731
3,1518,1521,0.15397468845215548
3,1525,1528,0.15397784006027593
3,1521,1524,0.15398081852441303
3,1522,1525,0.15398363258520298
3,1520,1523,0.1539862906247959
3,1516,1519,0.15398880067190018
3,1513,1516,0.15399117040814256
3,1509,1512,0.15399340717550808
3,1494,1497,0.15399551798465103
3,1494,1497,0.15399750952389646
3,1504,1507,0.15399938816877373
3,1511,1514,0.1540011599919459
3,1517,1520,0.15400283077341556
3,1519,1522,0.15400440601090548
3,1517,1520,0.15400589093032654
3,1514,1517,0.15400729049625728
3,1511,1514,0.1540086094223726
3,1510,1513,0.15400985218176666
3,1510,1513,0.15401102301712666
3,1499,1502,0.15401212595071878
3,1502,1505,0.15401316479415686
3,1509,1512,0.1540141431579292
3,1501,1504,0.15401506446066343
2,1502,1504,0.15401593193811564
2,1501,1503,0.15401892188116803
2,1509,1511,0.1540217324095364
2,1514,1516,0.15402437422413423
2,1511,1513,0.15402685739401542
2,1497,1499,0.15402919139305463
2,1509,1511,0.15403138513456105
2,1505,1507,0.15403344700393576
2,1512,1514,0.15403538488947674
2,1509,1511,0.15403720621143296
2,1515,1517,0.15403891794940067
2,1508,1510,0.15404052666815388
2,1514,1516,0.15404203854199383
2,1509,1511,0.15404345937769953
2,1519,1521,0.1540447946361564
2,1519,1521,0.15404604945273653
2,1532,1534,0.1540472286565003
2,1531,1533,0.15404833678828525
2,1529,1531,0.15404937811774444
2,1520,1522,0.15405035665939412
2,1520,1522,0.15405127618772588
2,1513,1515,0.15405214025143735
2,1500,1502,0.15405295218683043
2,1508,1510,0.15405371513042587
2,1517,1519,0.15405443203083766
2,1512,1514,0.15405510565995062
2,1519,1521,0.15405573862344102
2,1528,1530,0.15405633337067776
3,1528,1531,0.1540568922040403
3,1510,1513,0.15405415349366605
3,1516,1519,0.1540516880592463
3,1521,1524,0.15404946899589025
3,1519,1522,0.154047472026602
3,1520,1523,0.1540456752468311
3,1517,1520,0.15404295301261242
3,1514,1517,0.1540405679791412
2,1506,1508,0.154038483045524
2,1509,1511,0.15403964417206203
3,1498,1501,0.1540407825730865
3,1520,1523,0.1540386150215921
3,1521,1524,0.15403672548421793
3,1522,1525,0.15403487516102563
3,1512,1515,0.15403327632593944
3,1515,1518,0.15403190012377732
3,1522,1525,0.15403072077628147
3,1524,1527,0.15402971526618273
3,1524,1527,0.15402886305302327
3,1513,1516,0.15402814581758528
3,1525,1528,0.1540275472320833
3,1531,1534,0.15402705275355832
3,1531,1534,0.15402664943816383
4,1519,1523,0.15402632577426328
4,1519,1523,0.15402280768877474
4,1524,1528,0.15401965545849122
4,1510,1514,0.15401683219483597
4,1514,1518,0.15401430466274416
3,1501,1504,0.15401204292268525
3,1505,1508,0.1540121847362561
3,1507,1510,0.15401240982248543
3,1505,1508,0.15401270418661336
3,1507,1510,0.15401305555112837
4,1505,1509,0.15401345316743534
3,1515,1518,0.1540106699689003
2,1499,1501,0.15401132807570364
2,1494,1496,0.15401447690612088
2,1510,1512,0.15401744845600918
2,1512,1514,0.15402025207402645
2,1507,1509,0.15402289668290184
2,1498,1500,0.1540253907912523
2,1502,1504,0.1540277425060651
3,1498,1501,0.15402995954566984
4,1504,1508,0.15402887611903904
4,1506,1510,0.1540246870197026
4,1504,1508,0.15402095352111422
4,1507,1511,0.1540176284146661
4,1506,1510,0.15401466925517554
5,1514,1519,0.15401203788762202
5,1522,1527,0.15400643473614198
5,1530,1535,0.15400139937167018
4,1524,1528,0.15399687530450407
5,1526,1531,0.15399578520056217
5,1526,1531,0.1539918077631087
5,1515,1520,0.15398823775874643
5,1521,1526,0.15398503438539668
5,1515,1520,0.1539821608723229
5,1512,1517,0.15397958408511003
5,1502,1507,0.15397727416915066
5,1499,1504,0.1539752042278973
5,1509,1514,0.1539733500325011
5,1505,1510,0.15397168975978734
5,1497,1502,0.15397020375581086
5,1503,1508,0.15396887432250522
5,1510,1515,0.15396768552517792
5,1511,1516,0.1539666230188238
5,1504,1509,0.15396567389142457
5,1510,1515,0.15396482652258112
4,1521,1525,0.15396407045598473
4,1519,1523,0.15396555997541525
4,1517,1521,0.15396699163863287
4,1520,1524,0.15396836573785427
4,1523,1527,0.15396968286364887
4,1519,1523,0.15397094385593785
4,1518,1522,0.15397214976097837
4,1509,1513,0.1539733017936755
4,1500,1504,0.1539744013046354
4,1507,1511,0.1539754497514323
5,1507,1512,0.15397644867361845
5,1507,1512,0.15397412539417438
5,1518,1523,0.15397206180801346
4,1509,1513,0.1539702306217504
4,1522,1526,0.15397077554785785
4,1511,1515,0.15397137494006133
4,1509,1513,0.15397201696259027
4,1522,1526,0.15397269132771974
4,1518,1522,0.15397338912120564
4,1514,1518,0.15397410264614098
4,1514,1518,0.153974825283355
4,1514,1518,0.15397555136666585
4,1522,1526,0.1539762760714659
4,1516,1520,0.15397699531527148
5,1515,1520,0.15397770566900587
4,1526,1530,0.15397512526091345
4,1509,1513,0.15397500507513912
5,1512,1517,0.15397501455752483
4,1514,1518,0.15397282947726842
4,1521,1525,0.15397318084225206
4,1528,1532,0.15397360093018148
4,1522,1526,0.15397407678386085
5,1512,1517,0.15397459708790814
5,1507,1512,0.15397187131733125
5,1510,1515,0.15396947851007883
5,1509,1514,0.15396738235682392
4,1506,1510,0.15396555029822956
4,1519,1523,0.1539664459309139
4,1526,1530,0.15396736747625442
4,1526,1530,0.153968305572769
4,1522,1526,0.15396925218052623
4,1525,1529,0.15397020042821447
4,1526,1530,0.1539711444765031
4,1530,1534,0.1539720793960321
4,1526,1530,0.15397300105853165
4,1520,1524,0.1539739060397236
5,1510,1515,0.1539747915327913
5,1521,1526,0.15397238544986064
5,1508,1513,0.15397026117245458
5,1513,1518,0.15396838842311625
4,1511,1515,0.15396674003909122
4,1512,1516,0.1539674628775732
4,1513,1517,0.15396823251324487
4,1505,1509,0.15396903732624714
4,1507,1511,0.15396986725195044
4,1515,1519,0.1539707136042834
4,1521,1525,0.15397156891774824
4,1528,1532,0.15397242680621823
3,1518,1521,0.15397328183680214
3,1525,1528,0.15397636488456004
3,1519,1522,0.15397929352702022
3,1525,1528,0.15398207397685648
3,1521,1524,0.1539847123751102
3,1523,1526,0.15398721476597443
3,1519,1522,0.1539895870759726
3,1526,1529,0.15399183509698552
2,1527,1529,0.15399396447264485
2,1519,1521,0.15399815540290823
2,1516,1518,0.1540021066130552
2,1524,1526,0.15400583125965497
2,1517,1519,0.1540093418341821
2,1505,1507,0.15401265019054589
2,1509,1511,0.1540157675721876
2,1509,1511,0.15401870463865242
2,1514,1516,0.15402147149155881
2,1510,1512,0.15402407769990528
2,1517,1519,0.15402653232466576
2,1512,1514,0.1540288439426374
2,1508,1510,0.15403102066951446
2,1510,1512,0.15403307018216958
2,1509,1511,0.1540349997401323
2,1507,1509,0.15403681620626045
2,1504,1506,0.1540385260666054
2,1510,1512,0.1540401354494766
2,1505,1507,0.15404165014371532
2,1526,1528,0.15404307561619016
2,1512,1514,0.15404441702852914
2,1515,1517,0.15404567925310675
2,1510,1512,0.15404686688830452
2,1507,1509,0.15404798427306562
2,1503,1505,0.1540490355007658
2,1508,1510,0.15405002443242186
2,1518,1520,0.15405095470926183
2,1505,1507,0.1540518297646787
2,1510,1512,0.1540526528355916
2,1518,1520,0.15405342697323765
2,1522,1524,0.15405415505341724
2,1515,1517,0.15405483978621573
2,1515,1517,0.1540554837252232
2,1523,1525,0.15405608927627548
3,1517,1520,0.15405665870573648
3,1506,1509,0.1540539297618312
3,1507,1510,0.15405147391612928
3,1501,1504,0.15404926423548596
3,1509,1512,0.15404727642003146
3,1524,1527,0.15404548854705194
2,1515,1517,0.15404388083970244
2,1514,1516,0.154044604200076
2,1516,1518,0.1540453419913872
2,1518,1520,0.1540460876313787
2,1519,1521,0.15404683549371728
2,1526,1528,0.15404758079583164
2,1531,1533,0.15404831949881892
2,1521,1523,0.15404904821817722
2,1515,1517,0.15404976414424532
2,1504,1506,0.15405046497134406
2,1523,1525,0.15405114883471527
2,1514,1516,0.15405181425444503
2,1516,1518,0.1540524600856413
2,1522,1524,0.15405308547420873
2,1516,1518,0.15405368981763165
2,1521,1523,0.15405427273023498
2,1513,1515,0.154054834012448
2,1512,1514,0.154055373623643
2,1504,1506,0.15405589165816747
2,1511,1513,0.15405638832422358
2,1511,1513,0.15405686392528903
2,1526,1528,0.15405731884380083
2,1529,1531,0.15405775352685558
2,1506,1508,0.1540581684737032
2,1524,1526,0.15405856422483588
2,1517,1519,0.1540589413524936
2,1518,1520,0.15405930045242755
2,1521,1523,0.15405964213677809
2,1510,1512,0.1540599670279402
2,1511,1513,0.15406027575330242
2,1515,1517,0.15406056894075768
3,1515,1518,0.15406084721489458
4,1523,1527,0.15405798578672555
4,1518,1522,0.15405212274869126
4,1524,1528,0.15404680927732747
4,1517,1521,0.15404199338316343
4,1511,1515,0.15403762802513532
4,1509,1513,0.15403367063769863
4,1503,1507,0.15403008270324925
5,1509,1514,0.15402682936550577
5,1508,1513,0.1540206064051844
5,1507,1512,0.15401496369731985
4,1507,1511,0.15400984646834384
5,1495,1500,0.15400767728372305
5,1504,1509,0.15400323600257398
5,1512,1517,0.15399920700390227
4,1509,1513,0.15399555149221686
4,1518,1522,0.15399439743059024
4,1499,1503,0.1539934185384506
4,1491,1495,0.15399259391008502
4,1507,1511,0.15399190490989562
4,1525,1529,0.15399133493721343
4,1521,1525,0.15399086921485136
4,1517,1521,0.15399049459903622
4,1506,1510,0.15399019940859252
3,1504,1507,0.15398997327146027
3,1514,1517,0.15399207481839658
3,1520,1523,0.15399408038541085
4,1524,1528,0.1539959926283844
5,1514,1519,0.15399536599390107
5,1509,1514,0.1539915583987111
5,1507,1512,0.15398813484646034
5,1501,1506,0.15398505724782094
5,1498,1503,0.15398229125269774
5,1501,1506,0.15397980588547458
5,1511,1516,0.15397757321569905
5,1509,1514,0.15397556806077195
5,1509,1514,0.153973767717539
3,1505,1508,0.15397215171998255
3,1503,1506,0.1539750485187919
3,1505,1508,0.1539771179047643
3,1494,1497,0.15397918351279546
3,1498,1501,0.15398123369762332
3,1509,1512,0.15398325867612375
3,1490,1493,0.15398525030201182
3,1500,1503,0.15398720186512027
3,1514,1517,0.1539891079127057
3,1509,1512,0.15399096409049015
3,1511,1514,0.15399276700137673
2,1513,1515,0.15399451407998777
2,1520,1522,0.1539983918651164
2,1515,1517,0.15400207630585533
2,1515,1517,0.15400557499388615
2,1503,1505,0.15400889546687838
2,1507,1509,0.15401204517194697
2,1502,1504,0.1540150314352191
2,1504,1506,0.15401786143675988
2,1517,1519,0.15402054219018793
2,1503,1505,0.1540230805263882
2,1518,1520,0.154025483080793
2,1524,1526,0.1540277562837636
1,1520,1521,0.15402990635365632
1,1513,1514,0.15403411567157538
2,1516,1518,0.15403808127461677
2,1510,1512,0.15403855241566
3,1521,1524,0.1540391111793494
4,1512,1516,0.15403646509526633
4,1512,1516,0.15403091584963086
3,1521,1524,0.15402599306602494
3,1510,1513,0.15402445408007778
3,1496,1499,0.15402318096149614
3,1510,1513,0.1540221408417036
3,1514,1517,0.1540213044686614
3,1513,1516,0.15402064583031375
3,1514,1517,0.15402014181609103
3,1520,1523,0.15401977191269034
3,1518,1521,0.15401951793072327
3,1520,1523,0.15401936375915795
3,1512,1515,0.15401929514478283
3,1517,1520,0.15401929949419582
3,1513,1516,0.15401936569606536
3,1507,1510,0.15401948396163567
3,1512,1515,0.15401964568164586
3,1523,1526,0.15401984329801569
3,1504,1507,0.15402007018881267
3,1503,1506,0.15402032056516266
3,1505,1508,0.1540205893788988
4,1514,1518,0.1540208722398631
4,1509,1513,0.15401789811429173
4,1505,1509,0.15401523647448478
4,1519,1523,0.15401285561108086
3,1512,1515,0.15401072696948032
3,1506,1509,0.1540110639309845
3,1502,1505,0.15401146079743713
3,1519,1522,0.15401190604641068
3,1526,1529,0.15401238962569255
3,1528,1531,0.15401290278890056
3,1513,1516,0.15401343794838948
3,1516,1519,0.15401398854368803
3,1522,1525,0.15401454892388203
4,1520,1524,0.1540151142425176
4,1527,1531,0.15401242208254654
4,1512,1516,0.15401003138192423
4,1511,1515,0.1540079104619739
4,1497,1501,0.1540060308622023
3,1514,1517,0.15400436701966322
3,1510,1513,0.15400523430686952
3,1516,1519,0.1540061153306556
3,1513,1516,0.15400700281113555
3,1511,1514,0.15400789053482802
3,1512,1515,0.1540087732295112
3,1515,1518,0.15400964645251242
3,1517,1520,0.15401050649105355
3,1517,1520,0.15401135027341073
3,1521,1524,0.15401217528977168
3,1508,1511,0.154012979521786
4,1517,1521,0.15401376137990552
4,1514,1518,0.15401124618871379
4,1503,1507,0.15400901237535458
4,1512,1516,0.15400703037875924
4,1498,1502,0.1540052736420878
4,1512,1516,0.15400371831312706
4,1501,1505,0.1540023429742346
4,1509,1513,0.15400112839893448
4,1514,1518,0.15400005733255326
4,1505,1509,0.15399911429453897
4,1510,1514,0.15399828540033664
4,1515,1519,0.1539975582009006
4,1502,1506,0.15399692153811262
4,1510,1514,0.15399636541454217
3,1516,1519,0.15399588087613986
3,1529,1532,0.15399762530432687
3,1516,1519,0.15399929507467028
4,1519,1523,0.1540008916719139
4,1508,1512,0.153999138616479
4,1501,1505,0.15399762244747026
3,1511,1514,0.1539963161368692
3,1514,1517,0.15399738481050299
3,1512,1515,0.15399848251381987
3,1513,1516,0.1539995983831418
4,1520,1524,0.1540007230963121
4,1507,1511,0.15399858404611805
4,1511,1515,0.15399674461823118
5,1513,1518,0.15399517030324364
5,1510,1515,0.15399055005153175
5,1503,1508,0.15398644324034808
4,1518,1522,0.15398279624312716
4,1515,1519,0.15398254723659754
4,1504,1508,0.15398240612754371
4,1513,1517,0.1539823574407933
4,1504,1508,0.1539823874989969
4,1510,1514,0.15398248423094404
4,1507,1511,0.15398263699945275
3,1518,1521,0.15398283644688082
4,1520,1524,0.15398552367368842
4,1508,1512,0.15398556393596416
4,1513,1517,0.1539856507567611
4,1506,1510,0.15398577659700546
4,1506,1510,0.15398593482842643
4,1499,1503,0.15398611963470066
4,1504,1508,0.1539863259227863
4,1510,1514,0.15398654924342434
4,1498,1502,0.15398678571988766
4,1499,1503,0.15398703198414807
4,1501,1505,0.15398728511971307
4,1503,1507,0.15398754261046008
5,1500,1505,0.15398780229485998
5,1496,1501,0.15398480159773087
5,1516,1521,0.15398210476020324
5,1512,1517,0.15397968166434275
5,1509,1514,0.15397750514016015
5,1500,1505,0.15397555067924265
4,1501,1505,0.1539737961760751
3,1501,1504,0.1539743827533532
3,1518,1521,0.15397769577888873
3,1521,1524,0.15398081576029782
3,1520,1523,0.15398375354013452
3,1510,1513,0.15398651939350713
3,1524,1527,0.15398912305337234
3,1523,1526,0.15399157373520178
3,1518,1521,0.15399388016097096
3,1514,1517,0.15399605058243004
2,1521,1523,0.1539980928036282
2,1524,1526,0.1540021886751336
2,1521,1523,0.15400603725971987
2,1509,1511,0.15400965335647362
2,1495,1497,0.15401305089189993
2,1503,1505,0.1540162429700588
2,1502,1504,0.15401924191995428
2,1513,1515,0.15402205934031243
2,1520,1522,0.1540247061418804
2,1524,1526,0.1540271925873718
2,1526,1528,0.15402952832917996
2,1538,1540,0.1540317224449748
2,1531,1533,0.15403378347129376
2,1523,1525,0.15403571943523278
2,1494,1496,0.15403753788433858
2,1502,1504,0.1540392459147979
2,1509,1511,0.15404085019801614
2,1508,1510,0.1540423570056722
2,1517,1519,0.15404377223333315
1,1515,1516,0.15404510142270722
1,1507,1508,0.15404851396184507
1,1498,1499,0.15405171961607106
2,1501,1503,0.15405473088597327
2,1513,1515,0.1540551950737616
2,1525,1527,0.15405565020476217
2,1517,1519,0.15405609495682707
2,1501,1503,0.1540565282707066
2,1513,1515,0.15405694931631
2,1521,1523,0.15405735746274288
2,1518,1520,0.1540577522517238
1,1511,1512,0.15405813337402394
1,1523,1524,0.15406066513329886
1,1523,1524,0.15406305208155197
1,1530,1531,0.15406530212112163
1,1515,1516,0.15406742276266439
1,1517,1518,0.15406942114026273
1,1519,1520,0.15407130402646618
1,1508,1509,0.15407307784718652
1,1504,1505,0.15407474869638096
1,1512,1513,0.1540763223504683
1,1529,1530,0.1540778042824331
1,1522,1523,0.15407919967558217
1,1512,1513,0.15408051343692378
0,1509,1509,0.15408175021014842
