1372,29,1401,0.1357959191916973
1406,29,1435,0.1329388768912355
1427,29,1456,0.13024522703570082
1442,30,1472,0.12773917426789308
1448,32,1480,0.12541925157446512
1448,33,1481,0.12329348965198605
1462,33,1495,0.12136161981735157
1456,33,1489,0.11956538632849377
1461,35,1496,0.11794885364523107
1462,36,1498,0.11646497248383358
1451,37,1488,0.11511525792305917
1453,36,1489,0.11391692575650036
1448,34,1482,0.11282300132170649
1443,35,1478,0.11184090021214893
1451,36,1487,0.11096112209890585
1457,39,1496,0.11014157346971434
1452,41,1493,0.10938308135369906
1438,41,1479,0.10870689451148824
1441,41,1482,0.10812375465886533
1442,40,1482,0.10758966923761694
1451,40,1491,0.10710166987798198
1439,39,1478,0.10663819613245414
1448,40,1488,0.1062444527619953
1449,38,1487,0.10586511102628378
1465,40,1505,0.10551845687184945
1458,38,1496,0.10516506183491638
1463,37,1500,0.10485800989180045
1462,39,1501,0.1045638528744005
1453,41,1494,0.10429931177763795
1454,43,1497,0.10408107567832019
1457,44,1501,0.10388198386999527
1449,47,1496,0.10369339858330903
1452,43,1495,0.10354153413180615
1450,43,1493,0.10339623331840006
1469,39,1508,0.10327130724918339
1462,41,1503,0.10311382548402345
1444,45,1489,0.10298605215789858
1447,47,1494,0.10290895194592135
1456,46,1502,0.1028335104646861
1456,46,1502,0.10274584544187024
1460,48,1508,0.10266770595239695
1450,48,1498,0.10258715312238431
1453,48,1501,0.10253706349777726
1450,48,1498,0.10248536705814783
1443,53,1496,0.10244627200765802
1442,50,1492,0.10242820283885687
1440,50,1490,0.10241527181956428
1439,50,1489,0.10240705515711351
1442,49,1491,0.10240275751753765
1452,48,1500,0.10239299400200003
1447,46,1493,0.10236096193821588
1451,51,1502,0.1023416099597475
1445,49,1494,0.1023171187370096
1432,50,1482,0.10230693341605335
1440,47,1487,0.1023251518210419
1441,50,1491,0.1023270578702304
1435,51,1486,0.10232555723330908
1449,51,1500,0.10233684535465652
1457,52,1509,0.10231521718196948
1462,50,1512,0.10227780054859753
1468,52,1520,0.10223101482076541
1451,52,1503,0.10217452292435836
1436,55,1491,0.10216143087923761
1450,55,1505,0.10218242572923023
1437,55,1492,0.10217329039411023
1436,57,1493,0.10219310441513034
1425,56,1481,0.10221523710238271
1419,57,1476,0.10226012114227964
1430,55,1485,0.10231659278274954
1435,55,1490,0.10234274743882914
1440,53,1493,0.10235346469656754
1433,52,1485,0.10235212154876201
1449,51,1500,0.10236453899475607
1438,50,1488,0.10234028563882816
1436,48,1484,0.10234258941291494
1423,48,1471,0.1023509222752929
1431,49,1480,0.1023884874237218
1433,49,1482,0.1024064673025578
1431,45,1476,0.10241989314590097
1438,45,1483,0.10243653068148414
1443,46,1489,0.10243086217509996
1447,47,1494,0.10241379580594057
1456,49,1505,0.1023903759793049
1451,50,1501,0.10234612952979508
1446,50,1496,0.10232043101097395
1446,50,1496,0.10230671670177745
1445,49,1494,0.10229492325776687
1430,52,1482,0.10228697190128785
1429,53,1482,0.10231336242947751
1442,53,1495,0.10234065173297853
1441,54,1495,0.10233628795189315
1437,54,1491,0.10233451467485571
1426,54,1480,0.10234397145948262
1428,53,1481,0.10237987481726077
1418,52,1470,0.10240738955563905
1446,52,1498,0.1024555239536324
1444,51,1495,0.10243275917610895
1448,54,1502,0.10241721125853485
1438,56,1494,0.10239436590861305
1454,57,1511,0.10239760948376235
1443,57,1500,0.10236443653519219
1450,58,1508,0.10235835314792135
1456,59,1515,0.10233727803169199
1461,58,1519,0.1023078069102084
1462,59,1521,0.1022684164885407
1451,58,1509,0.10222954704288348
1431,59,1490,0.1022182343714351
1425,61,1486,0.1022524172282472
1435,60,1495,0.1022988213325283
1436,59,1495,0.10231898713894533
1421,61,1482,0.10233458247693554
1418,65,1483,0.10238223517968421
1435,64,1499,0.10243342065901614
1441,64,1505,0.10244259270801934
1429,64,1493,0.1024373340733899
1433,60,1493,0.10246040908317813
1443,60,1503,0.10247146669015925
1447,59,1506,0.10246053051492197
1438,57,1495,0.10244098986750877
1423,57,1480,0.10244507891587404
1427,58,1485,0.10248212266841943
1425,61,1486,0.10250620506372057
1440,62,1502,0.102533032348
1442,59,1501,0.1025260013694978
1451,61,1512,0.10251518049087015
1442,59,1501,0.10248197432026115
1426,55,1481,0.10247081033163993
1425,55,1480,0.10249601324544749
1435,56,1491,0.1025233943250685
1431,58,1489,0.10252541347731839
1423,58,1481,0.10253707814259191
1432,58,1490,0.10256539294030102
1430,57,1487,0.10257002689181181
1433,59,1492,0.10257949573608734
1433,59,1492,0.10258160703505188
1436,61,1497,0.10258546831156046
1434,61,1495,0.10258311274536235
1434,60,1494,0.10258285125170317
1434,60,1494,0.10258274256969109
1416,63,1479,0.10258469868608212
1417,66,1483,0.10262775423309797
1415,68,1483,0.10266461789860502
1428,68,1496,0.10270306354960573
1440,67,1507,0.10271190412035633
1439,73,1512,0.10269258269800308
1440,71,1511,0.10267871259650249
1445,74,1519,0.10266373937948661
1437,75,1512,0.10263845881115925
1432,73,1505,0.10263463261506146
1434,70,1504,0.10264225248528107
1432,71,1503,0.10264285847467532
1423,72,1495,0.10264646549372307
1441,73,1514,0.10267088020632245
1433,71,1504,0.10265296624482552
1430,73,1503,0.1026556871078445
1427,75,1502,0.10266643032124571
1422,73,1495,0.10268301665978409
1419,73,1492,0.10271132696963078
1412,70,1482,0.1027439706200965
1410,71,1481,0.10279072101015249
1408,71,1479,0.1028392178958341
1410,77,1487,0.102889637534299
1410,75,1485,0.1029334433809278
1411,76,1487,0.10297311274838211
1413,74,1487,0.10300555323064352
1413,77,1490,0.10303074177646121
1432,78,1510,0.10305292878499771
1430,77,1507,0.10303083623143852
1434,79,1513,0.10301680962676135
1424,81,1505,0.10299515319084687
1428,83,1511,0.10299732188552539
1433,83,1516,0.10299027478239779
1429,82,1511,0.10297206320919645
1422,79,1501,0.10296563111989034
1423,79,1502,0.10297643035368344
1416,76,1492,0.10298399163958527
1423,75,1498,0.10300657917260118
1413,76,1489,0.1030113282968203
1412,76,1488,0.1030382155668335
1424,74,1498,0.10306656619568265
1425,77,1502,0.10306300174585065
1435,75,1510,0.10305689273634064
1434,78,1512,0.10302769962710599
1420,79,1499,0.10300415148593313
1423,80,1503,0.10301421622000127
1427,79,1506,0.10301722682382235
1414,78,1492,0.10301114776630234
1405,77,1482,0.10303568169274492
1399,75,1474,0.10307613258752255
1390,76,1466,0.1031276811817014
1387,80,1467,0.10319715452114721
1384,81,1465,0.10326759070678232
1389,84,1473,0.10333745277426612
1404,86,1490,0.1033915906202634
1407,85,1492,0.1034076569755421
1407,87,1494,0.10341541394750432
1404,90,1494,0.1034225345270086
1399,91,1490,0.10343483349831942
1411,91,1502,0.10345863118395007
1406,89,1495,0.10345315858075693
1402,83,1485,0.10345930858148394
1415,83,1498,0.10347077911423838
1427,84,1511,0.10345343827681265
1421,85,1506,0.10341088567176503
1424,84,1508,0.10338545507125328
1430,86,1516,0.10335375143295654
1427,84,1511,0.10331172677543077
1434,84,1518,0.10328206219611356
1430,85,1515,0.10323653949887611
1414,83,1497,0.1032040811774741
1419,84,1503,0.10321009745756016
1420,84,1504,0.10320308925206813
1413,85,1498,0.10319612358277552
1409,86,1495,0.10320538195060949
1400,89,1489,0.10322303860574693
1400,91,1491,0.10326188892216098
1403,92,1495,0.10329674672466864
1409,91,1500,0.10332340838892418
1402,92,1494,0.10333420856483673
1403,92,1495,0.10335892289178904
1395,96,1491,0.10338100695516779
1385,93,1478,0.10341831701157207
1383,94,1477,0.10347729480026398
1389,93,1482,0.10353618720160995
1392,102,1494,0.10357563346187583
1393,99,1492,0.10360791144321146
1397,99,1496,0.10363637915166118
1395,99,1494,0.10365422106130236
1412,93,1505,0.10367560577097447
1410,95,1505,0.10365657590632421
1412,95,1507,0.10364175402152064
1406,96,1502,0.10362176923957221
1404,97,1501,0.10361753658020423
1405,99,1504,0.10362088890634444
1400,98,1498,0.1036236911019731
1409,99,1508,0.10363768187063961
1396,101,1497,0.10363028441239602
1375,106,1481,0.1036511935322467
1387,108,1495,0.10371819198742777
1381,106,1487,0.10375308303317105
1380,105,1485,0.10380123778954654
1375,104,1479,0.10384930915722805
1367,104,1471,0.10390481237370403
1392,110,1502,0.1039724262966136
1402,106,1508,0.10397714561284166
1402,105,1507,0.10395844246675988
1408,104,1512,0.10394106887475665
1404,105,1509,0.10391220809711521
1401,103,1504,0.10389114202905313
1398,104,1502,0.10388011196876931
1393,105,1498,0.10387755617228221
1385,104,1489,0.10388808358833447
1381,103,1484,0.10391725400169609
1390,103,1493,0.10395360085422588
1397,109,1506,0.10396639119185029
1385,111,1496,0.10396258169792688
1390,116,1506,0.10398596498985302
1388,113,1501,0.1039960512951809
1398,116,1514,0.10401251378689036
1395,115,1510,0.10400794321477337
1382,117,1499,0.1040112302355685
1386,116,1502,0.10404318079408811
1383,115,1498,0.1040632322883003
1378,118,1496,0.10408808163449627
1374,121,1495,0.10412430341204827
1382,119,1501,0.10416461323291522
1374,121,1495,0.1041850669994335
1361,117,1478,0.10422054000949163
1360,115,1475,0.10428278933618261
1359,116,1475,0.10434346621020779
1359,116,1475,0.1044032932143416
1367,118,1485,0.10445650889960756
1374,120,1494,0.10448966645021306
1378,119,1497,0.1045036888847895
1379,121,1500,0.10450673325381307
1370,124,1494,0.10450618082932088
1356,125,1481,0.1045232232246442
1362,128,1490,0.10457234591625932
1364,131,1495,0.10460243766981157
1360,129,1489,0.1046264623905613
1346,130,1476,0.10465982210232784
1338,129,1467,0.10472025507130434
1347,130,1477,0.10479463010235034
1359,131,1490,0.10484285780741402
1361,129,1490,0.104862754746886
1352,131,1483,0.10487526626365519
1360,129,1489,0.1049071598970513
1371,132,1503,0.1049146334615323
1378,131,1509,0.10489636315469637
1367,133,1500,0.10486677307714139
1358,129,1487,0.104863206097494
1361,131,1492,0.10488280108800264
1367,133,1500,0.1048963211540022
1374,130,1504,0.10489753202694002
1378,131,1509,0.10488339427124639
1372,131,1503,0.1048589201334092
1368,130,1498,0.10485090417320247
1373,129,1502,0.10485270219909026
1367,132,1499,0.1048438253558144
1361,135,1496,0.10485199426692228
1359,138,1497,0.10487295512855692
1364,145,1509,0.10489355851424818
1360,141,1501,0.10490239747885514
1357,142,1499,0.1049198943935145
1362,139,1501,0.10494683133587138
1344,139,1483,0.1049610420232101
1357,136,1493,0.10501314526524826
1357,140,1497,0.10502988628736196
1359,141,1500,0.10504751994298299
1355,143,1498,0.10505936804387592
1347,142,1489,0.1050798398467581
1334,148,1482,0.10511673895877044
1338,147,1485,0.10517928605419401
1346,145,1491,0.10522846457339796
1344,149,1493,0.1052566232770728
1342,151,1493,0.10528759980790764
1328,158,1486,0.10532293521513257
1321,159,1480,0.10538772910645107
1315,160,1475,0.10546328383112194
1314,162,1476,0.10554681370687512
1334,161,1495,0.1056275339017902
1343,165,1508,0.10565624187774386
1333,167,1500,0.10566226133483621
1317,167,1484,0.10569271122744324
1307,165,1472,0.10575910668797811
1316,167,1483,0.10584478043829641
1308,170,1478,0.10590419388440747
1319,177,1496,0.10597715923490952
1307,179,1486,0.10602095456196345
1306,183,1489,0.10608856213480337
1299,181,1480,0.10615364850683488
1294,182,1476,0.10622969806904015
1300,183,1483,0.10631118699036303
1301,180,1481,0.10637094197942218
1313,182,1495,0.10642535733529856
1306,179,1485,0.10644689329701308
1317,181,1498,0.10648388076197718
1307,179,1486,0.10649333464914729
1315,183,1498,0.10652115304157345
1308,185,1493,0.10652822891358454
1301,186,1487,0.1065483052641284
1310,188,1498,0.10658186031400006
1307,187,1494,0.10659686843419859
1296,187,1483,0.10662159152490455
1297,197,1494,0.10667005530254317
1296,198,1494,0.10671455385773936
1299,204,1503,0.10675737304891018
1290,202,1492,0.10678907745046384
1299,202,1501,0.10684136611416221
1303,198,1501,0.10687138291974986
1297,198,1495,0.10689074244920521
1307,199,1506,0.10692064984345613
1284,200,1484,0.10692547183310687
1283,202,1485,0.10698403347088807
1284,200,1484,0.10704169886154716
1278,199,1477,0.10709043498454526
1291,201,1492,0.10714988297873065
1285,202,1487,0.10717328632994583
1289,203,1492,0.10721017836692641
1276,203,1479,0.10723426574748446
1275,204,1479,0.10728905744529914
1285,206,1491,0.10734134342188614
1285,208,1493,0.10736798943933333
1279,213,1492,0.1073890865188952
1288,213,1501,0.10742278681807768
1284,210,1494,0.10743198838889156
1271,221,1492,0.10745155456827557
1283,222,1505,0.10750109302449248
1289,224,1513,0.10752266647150638
1276,218,1494,0.10752865192432626
1283,218,1501,0.10756304740409299
1280,221,1501,0.10758115849402315
1279,222,1501,0.10760455251933983
1275,223,1498,0.10763129255615421
1265,225,1490,0.10766837914391476
1268,233,1501,0.10772553102251284
1261,230,1491,0.10776997272281014
1256,233,1489,0.10782652770978302
1257,236,1493,0.10789114785101564
1255,237,1492,0.1079497372886259
1252,240,1492,0.10800939713020469
1256,241,1497,0.10807006282429094
1252,240,1492,0.10811787922675695
1246,240,1486,0.10817313526647425
1244,241,1485,0.108236031746213
1240,242,1482,0.1082979031043209
1247,241,1488,0.10836473741201137
1252,243,1495,0.10841097752095408
1246,248,1494,0.10844369644998703
1254,251,1505,0.1084855317930507
1247,253,1500,0.10850893187802878
1255,253,1508,0.10854680544208462
1259,250,1509,0.10856460623959306
1243,256,1499,0.10857389126061756
1231,254,1485,0.10861804982442404
1228,257,1485,0.10868539422086076
1232,262,1494,0.10875615188231366
1233,266,1499,0.10881465731545452
1226,259,1485,0.108867028095023
1218,268,1486,0.10893203889106756
1220,271,1491,0.10901024717362642
1215,269,1484,0.1090770172736422
1212,270,1482,0.10915164252248662
1214,270,1484,0.10922755642501651
1214,276,1490,0.10929426776918438
1236,273,1509,0.10935356173281985
1229,269,1498,0.10936003569074888
1220,272,1492,0.10937815073971996
1215,268,1483,0.10941501357676334
1212,271,1483,0.10946073593586397
1229,271,1500,0.10951348921793723
1222,268,1490,0.10952232801860945
1219,272,1491,0.10954720495134854
1216,269,1485,0.10957876556642447
1216,273,1489,0.10961690126061216
1209,280,1489,0.10965247039405927
1218,281,1499,0.10970318080113922
1230,284,1514,0.10972922060792055
1225,286,1511,0.10972703508829966
1211,280,1491,0.10973836215745765
1210,283,1493,0.10978199476234224
1220,280,1500,0.10982710598805143
1220,284,1504,0.10984324007289584
1216,282,1498,0.10985727727636732
1218,281,1499,0.10988047604208034
1225,279,1504,0.10989682213372422
1223,283,1506,0.10989701885177222
1231,285,1516,0.10989895429332154
1231,280,1511,0.10988429862462695
1228,281,1509,0.10987128819783912
1223,282,1505,0.10986444664239073
1218,278,1496,0.10986866770547607
1212,276,1488,0.10988239152134092
1225,278,1503,0.10990659375932299
1226,279,1505,0.10990218087864373
1222,285,1507,0.10989760737462131
1212,283,1495,0.10990425218456387
1206,282,1488,0.10993528226695384
1208,287,1495,0.10997689396714751
1204,286,1490,0.11001146628539821
1205,285,1490,0.11005338917086796
1206,282,1488,0.11008959268817854
1194,287,1481,0.11012384157006183
1183,286,1469,0.11018195742475126
1183,289,1472,0.11026047294490099
1176,284,1460,0.1103333239593644
1182,294,1476,0.11041661331891461
1180,293,1473,0.11048041396470168
1181,295,1476,0.11054467391778608
1196,296,1492,0.11060146264633408
1194,295,1489,0.1106176301392873
1201,295,1496,0.1106376035289593
1208,295,1503,0.11063828423091053
1210,296,1506,0.11062005544084684
1222,293,1515,0.11059903356935828
1213,293,1506,0.11055410626254915
1201,294,1495,0.11053280168781057
1206,297,1503,0.11054084691445104
1199,297,1496,0.11054002260127409
1211,295,1506,0.11055601988512473
1201,297,1498,0.11054004188961113
1191,299,1490,0.11054998266143577
1197,299,1496,0.11057899525284316
1219,298,1517,0.11059367055376189
1194,301,1495,0.11055697042332048
1200,300,1500,0.11058247695047296
1208,299,1507,0.11059344790638365
1198,297,1495,0.11058517206738752
1203,299,1502,0.11060031455131218
1192,301,1493,0.11060134341916852
1193,299,1492,0.1106293272721891
1186,302,1488,0.1106549796670442
1183,304,1487,0.11069653942340253
1194,301,1495,0.11074363401311721
1192,303,1495,0.11076029070681727
1199,310,1509,0.1107811935731204
1188,314,1502,0.11078270809148894
1169,316,1485,0.11081093326412361
1171,311,1482,0.11088032661804093
1184,313,1497,0.11094001421987304
1183,304,1487,0.11096410389980578
1186,312,1498,0.11098784739391335
1189,308,1497,0.11100339742297044
1186,313,1499,0.11100949375698325
1184,317,1501,0.11102154283253754
1188,315,1503,0.11103655363607239
1181,315,1496,0.11104134540932492
1170,307,1477,0.11106141184078172
1173,309,1482,0.111108142251116
1169,315,1484,0.11114426438859443
1163,315,1478,0.11118787934109786
1167,316,1483,0.11124156123957801
1171,314,1485,0.11128405700131884
1169,316,1485,0.11131320378138629
1174,315,1489,0.111343114442904
1181,320,1501,0.11136266140648107
1183,316,1499,0.11136286773181996
1185,310,1495,0.11135960359464134
1187,308,1495,0.1113539193725084
1174,304,1478,0.11133871096420948
1186,307,1493,0.11135277183085615
1171,314,1485,0.1113372059896939
1184,314,1498,0.1113568997052573
1190,311,1501,0.11134390500581631
1183,309,1492,0.11132281219611062
1183,312,1495,0.11131984569438703
1185,315,1500,0.11131616226441383
1170,318,1488,0.11130881712351272
1176,319,1495,0.1113381679332668
1172,313,1485,0.11135431199694162
1184,310,1494,0.11137702547073892
1179,318,1497,0.11137147929625525
1190,318,1508,0.11137804480261046
1185,323,1508,0.1113607736095593
1200,327,1527,0.11135485105707414
1189,322,1511,0.11131543210430238
1188,317,1505,0.1113038621392133
1187,320,1507,0.11129769170343423
1181,323,1504,0.11129618227150967
1157,331,1488,0.11130797194880225
1157,330,1487,0.11137218783260852
1161,328,1489,0.11143382393329584
1168,337,1505,0.11147805982691444
1184,330,1514,0.11150442305425284
1172,330,1502,0.1114926770956605
1158,337,1495,0.11151005252510139
1163,344,1507,0.11155746579895855
1160,341,1501,0.1115908116355378
1166,341,1507,0.1116320743790412
1175,342,1517,0.11165717484355983
1171,347,1518,0.11165889518837936
1154,351,1505,0.11167159426016102
1154,356,1510,0.11172272326559878
1154,354,1508,0.11176931863096534
1140,355,1495,0.1118134956386671
1145,353,1498,0.1118855421245371
1151,352,1503,0.11194148426257945
1146,356,1502,0.11198197168193605
1148,353,1501,0.1120254448079146
1159,350,1509,0.11206303299416831
1156,351,1507,0.11207258685901379
1148,355,1503,0.11209017980819787
1163,359,1522,0.11212709230975625
1164,354,1518,0.1121265066003986
1157,352,1509,0.1121257183136244
1158,352,1510,0.11214166770144436
1143,348,1491,0.11215530837360191
1147,353,1500,0.11220133748965035
1152,358,1510,0.11223270496643789
1154,357,1511,0.11225132381880315
1131,359,1490,0.11226355514496111
1133,364,1497,0.11232746783814104
1134,367,1501,0.11238384864936048
1124,368,1492,0.11243291544487657
1128,374,1502,0.11250377671755754
1133,371,1504,0.11256088763113758
1124,370,1494,0.11260151137587736
1127,381,1508,0.11265836589987689
1115,381,1496,0.11270373741362423
1120,381,1501,0.11277187866147113
1126,383,1509,0.11282497663392821
1131,383,1514,0.11286110048901353
1134,384,1518,0.11288380078800227
1128,383,1511,0.11289925906992943
1129,386,1515,0.11292571880397505
1120,388,1508,0.11294862427629425
1114,396,1510,0.11298844288504556
1112,394,1506,0.11303894681500429
1093,400,1493,0.11309187158748783
1096,402,1498,0.1131882610754978
1082,412,1494,0.1132707909665474
1097,414,1511,0.11338325845195485
1098,405,1503,0.11345676485731321
1098,407,1505,0.11352441845992299
1099,411,1510,0.11358685415102969
1102,419,1521,0.11364373218241837
1097,423,1520,0.1136887766873577
1086,423,1509,0.11374238808070927
1081,428,1509,0.11382033459141679
1081,429,1510,0.11390249502568178
1080,430,1510,0.11397366749496449
1077,434,1511,0.11404392770009551
1068,434,1502,0.1141141657506237
1063,425,1488,0.11420283722534152
1051,423,1474,0.11429460158488335
1050,420,1470,0.11440866192486034
1056,426,1482,0.11451568571241971
1055,426,1481,0.11460165455287345
1061,423,1484,0.1146843180361288
1063,429,1492,0.11474587546578167
1065,436,1501,0.11479831682060065
1088,428,1516,0.11484105453231112
1085,425,1510,0.11482682193293574
1086,424,1510,0.11481987680574736
1072,427,1499,0.11481165195981881
1074,429,1503,0.11483580258856971
1076,430,1506,0.11485316798538911
1086,424,1510,0.11486498985171144
1064,428,1492,0.11485579677708505
1078,437,1515,0.11489924545080925
1069,444,1513,0.1149103935508544
1063,450,1513,0.11494318281638911
1064,448,1512,0.1149878430006036
1061,450,1511,0.1150293911229776
1057,447,1504,0.1150768962510708
1049,451,1500,0.11512870767496448
1043,444,1487,0.11519697795955601
1053,446,1499,0.11527406396007629
1046,441,1487,0.11531863037783768
1048,448,1496,0.11537739954234937
1054,452,1506,0.11542667366086765
1062,447,1509,0.1154590999066697
1058,446,1504,0.11546985734859237
1055,442,1497,0.11548773290313698
1056,445,1501,0.1155121889967467
1062,447,1509,0.11553154156944136
1061,453,1514,0.1155378996995304
1067,451,1518,0.11554549043118584
1056,447,1503,0.11553886152606353
1051,453,1504,0.11556021105948339
1044,448,1492,0.1155918880326619
1053,447,1500,0.11563658467864482
1056,450,1506,0.11565726024163599
1050,453,1503,0.11566773457131464
1043,455,1498,0.1156926624171311
1054,457,1511,0.11573309948522445
1045,456,1501,0.11574392512040743
1041,454,1495,0.11577755820522231
1047,461,1508,0.1158188703228717
1051,468,1519,0.1158426706675095
1049,464,1513,0.11585770683861718
1056,456,1512,0.1158756626776848
1049,454,1503,0.1158747862567255
1053,454,1507,0.11588709773493626
1046,457,1503,0.115892451674469
1042,453,1495,0.11591327990037321
1037,459,1496,0.11593993713829663
1043,455,1498,0.11597327014803578
1047,453,1500,0.1159898463960407
1048,453,1501,0.11599853150513649
1058,453,1511,0.11600308969932818
1057,452,1509,0.11598184833982242
1064,453,1517,0.11596499409820443
1067,453,1520,0.11593300441389363
1055,447,1502,0.1158963903797847
1060,452,1512,0.11588843891135037
1060,450,1510,0.11586701832132959
1051,447,1498,0.11585126525395804
1048,440,1488,0.11585709333198561
1044,449,1493,0.11587065928147833
1027,451,1478,0.1158933576889627
1030,455,1485,0.11595325357810995
1016,457,1473,0.1160059958898424
1032,458,1490,0.11608700257668005
1030,458,1488,0.11612106232055734
1033,454,1487,0.11615989091126877
1045,452,1497,0.11618669977405421
1031,452,1483,0.11618342954822954
1027,457,1484,0.11621417190219283
1033,465,1498,0.11625279773972005
1028,463,1491,0.11627700779039069
1022,462,1484,0.11631129718711747
1020,463,1483,0.11635785053320154
1011,468,1479,0.11640410847153876
1010,477,1487,0.11646835384802902
1015,480,1495,0.11653169584657302
1020,484,1504,0.11657786074007419
1009,489,1498,0.11660953830242356
1014,493,1507,0.11666345685187895
1014,486,1500,0.11670012396733831
1021,490,1511,0.11673650908977287
1015,492,1507,0.11675740211809743
1007,495,1502,0.1167890845663232
1005,492,1497,0.11683772089302526
1008,492,1500,0.11688846707833508
1011,496,1507,0.11692857303816495
1007,493,1500,0.11695699471941429
1016,496,1512,0.11699377692450395
1016,490,1506,0.11700823981656193
1023,492,1515,0.11702272876633363
1015,489,1504,0.1170197256828391
1011,494,1505,0.11703473265893706
1010,501,1511,0.11705896574126562
993,506,1499,0.1170859455294163
992,512,1504,0.11715145595269386
982,509,1491,0.11721650597132012
984,515,1499,0.11730275871567486
984,507,1491,0.11737990944629827
970,513,1483,0.11745099056512318
971,511,1482,0.11754906502111707
979,517,1496,0.1176390090079428
976,518,1494,0.11770029979424032
968,521,1489,0.11776521926949753
971,526,1497,0.11784457086091873
964,527,1491,0.11791008430354143
961,532,1493,0.11798605232202383
960,533,1493,0.11806039428217054
959,540,1499,0.11813654799380281
953,537,1490,0.11821164523565553
950,536,1486,0.11829590927110893
949,540,1489,0.11838132404324112
942,538,1480,0.11845920220419291
944,537,1481,0.11855065664888748
948,534,1482,0.11863185489142591
949,532,1481,0.11869601696511602
948,536,1484,0.11875477231879181
957,531,1488,0.1188103314055457
952,534,1486,0.11884071670280129
948,532,1480,0.11888133398092307
943,531,1474,0.11892628597870596
947,540,1487,0.1189820509487225
959,547,1506,0.11902308078298247
949,552,1501,0.11903553913780128
944,558,1502,0.11906650819596411
946,562,1508,0.11910854615812244
940,564,1504,0.11914499398172047
939,560,1499,0.11919492301038724
934,559,1493,0.1192437711433794
938,563,1501,0.11930060524417165
942,564,1506,0.11934479176624002
943,566,1509,0.11937805394840342
953,577,1530,0.11940548460336414
946,581,1527,0.11941002678980446
937,580,1517,0.1194302075107511
926,581,1507,0.1194701646835935
918,583,1501,0.1195327930597072
922,573,1495,0.1196126910436983
912,577,1489,0.11967708492813578
913,575,1488,0.11976065678847611
922,576,1498,0.1198356133736424
915,578,1493,0.1198855891337823
913,585,1498,0.11994583573160857
917,589,1506,0.12000595111026648
907,593,1500,0.12005304428843232
904,598,1502,0.12012172153190771
902,595,1497,0.12019429206087122
912,597,1509,0.12026878399150508
901,588,1489,0.12031575783535679
889,589,1478,0.12038465917428909
907,599,1506,0.12047418713421537
897,597,1494,0.12051348931984437
890,603,1493,0.12057495963961258
895,599,1494,0.12064600766497006
899,592,1491,0.12069718784327027
898,594,1492,0.12073648953642888
897,596,1493,0.12077598536115211
906,597,1503,0.12081317294168964
907,601,1508,0.12082626197157229
910,595,1505,0.12083822609851999
909,600,1509,0.12084393789974585
913,595,1508,0.12085612836751164
916,600,1516,0.1208535599910681
916,592,1508,0.1208450576899918
912,595,1507,0.12083793849916785
915,595,1510,0.12084530273336988
924,587,1511,0.12084494777001648
923,593,1516,0.1208218736057174
911,592,1503,0.12080079321824648
911,585,1496,0.1208091750236522
904,583,1487,0.12081826703331629
901,582,1483,0.12084292425442797
898,583,1481,0.12087407469279238
904,583,1487,0.12090866947646388
908,588,1496,0.120927080806353
912,585,1497,0.12093356340286013
906,580,1486,0.12092983694528264
906,590,1496,0.12094109684460445
917,601,1518,0.12095263656886768
916,601,1517,0.12093725986097628
915,608,1523,0.12092529145175528
916,605,1521,0.1209189636047956
916,600,1516,0.12091038190958009
906,600,1506,0.120900743043292
908,594,1502,0.12091447282198402
902,599,1501,0.12092237520533253
896,597,1493,0.12094616352773628
898,601,1499,0.12098348386396644
899,601,1500,0.12101744438304472
885,594,1479,0.121042887238442
890,597,1487,0.121102612759486
886,593,1479,0.12114454649525871
891,608,1499,0.12119197717635805
888,612,1500,0.12122469058182092
885,620,1505,0.12126085621988014
884,615,1499,0.12130132695707438
884,613,1497,0.12133939127410363
893,606,1499,0.12137712701132372
893,613,1506,0.12139144095060911
879,610,1489,0.12140699446784275
870,621,1491,0.12145350356017472
871,629,1500,0.12151699859303872
867,625,1492,0.12157425882754788
877,627,1504,0.12164049221551956
875,621,1496,0.12167573433642413
884,628,1512,0.12170835880534392
888,624,1512,0.12172190997977478
884,634,1518,0.12172559071641026
890,627,1517,0.12173751159592439
888,626,1514,0.12173505011576126
887,628,1515,0.12173836884168607
873,624,1497,0.12174421336917149
877,633,1510,0.12178230761215274
876,636,1512,0.12180888090999098
871,636,1507,0.12183391534631235
869,627,1496,0.12187294746462277
888,633,1521,0.12191521427036112
877,632,1509,0.12190725289562226
876,635,1511,0.12192524073569429
870,633,1503,0.12194323061291464
866,633,1499,0.12197640049136163
868,628,1496,0.12202007644723566
870,632,1502,0.12205892124254873
872,639,1511,0.12208888271018058
871,640,1511,0.12211074225441548
869,640,1509,0.1221288467595316
861,639,1500,0.12215052829926801
853,650,1503,0.12219021671229235
861,647,1508,0.12224582229032505
853,655,1508,0.12227968125001187
856,650,1506,0.12233061077095371
852,645,1497,0.1223707359201169
856,645,1501,0.12241623405462242
855,642,1497,0.1224481726319053
863,643,1506,0.12247871911054307
859,641,1500,0.1224904347955329
855,644,1499,0.12250927196749885
846,645,1491,0.12253789612112112
850,640,1490,0.12258581432132737
839,643,1482,0.12262171310829519
846,648,1494,0.12268131841809193
844,653,1497,0.12271813805378715
839,651,1490,0.12275811969279195
846,659,1505,0.12280810941768905
835,666,1501,0.12283828084036123
839,661,1500,0.1228965649805097
838,665,1503,0.12293862207052694
839,678,1517,0.12298148205171987
837,670,1507,0.1230162223825981
841,669,1510,0.12305373490330798
844,672,1516,0.12307881482206287
834,671,1505,0.12309855516790945
831,671,1502,0.12314234197719667
838,659,1497,0.12318995208340205
832,658,1490,0.12321849305982839
832,672,1504,0.1232563777979733
831,666,1497,0.12329437470457108
831,668,1499,0.12333348395959169
833,668,1501,0.1233715517433579
820,662,1482,0.12339985163116994
814,675,1489,0.12345831963225506
814,681,1495,0.1235266733943435
821,687,1508,0.12359145686191769
811,685,1496,0.1236365060086202
823,689,1512,0.12370396568915432
811,688,1499,0.12373909133239497
818,691,1509,0.12380102069707853
823,688,1511,0.12384009017722013
827,698,1525,0.12386390031466105
817,696,1513,0.12387839406641041
818,690,1508,0.12391360793445536
818,689,1507,0.12394663307743904
820,703,1523,0.12397792163933806
804,710,1514,0.12400156082672574
809,707,1516,0.12405811841777607
802,706,1508,0.1241019033822765
810,702,1512,0.12415542610111469
817,701,1518,0.12419175455046841
812,703,1515,0.12420768983312383
811,709,1520,0.12423436964071233
805,711,1516,0.1242633113027696
809,720,1529,0.1243056215959723
791,716,1507,0.12433585351412461
794,719,1513,0.12440531265333134
786,719,1505,0.12446346480692175
788,717,1505,0.12453701171472836
779,722,1501,0.12460082475313446
762,725,1487,0.12468137056843652
759,734,1493,0.12479687415455
757,733,1490,0.12491301639932473
756,722,1478,0.12502538222485732
753,737,1490,0.12513238130825516
750,745,1495,0.12523868715928
761,741,1502,0.12534526570252472
757,745,1502,0.1254169000774282
760,753,1513,0.12549170745176513
758,753,1511,0.12555466216275551
755,758,1513,0.12562189738492932
760,757,1517,0.12569237743673545
763,755,1518,0.1257464645168675
755,757,1512,0.12578901282853988
761,756,1517,0.12584797943557852
754,761,1515,0.1258913280061234
744,760,1504,0.12594599695243425
745,762,1507,0.12601801979738805
742,758,1500,0.1260849424441091
739,761,1500,0.12615434387344546
739,768,1507,0.12622730240433214
735,761,1496,0.12629616911682423
736,770,1506,0.12636985090755232
732,779,1511,0.1264376723002783
732,781,1513,0.12651128728594288
718,778,1496,0.12658005604414307
719,781,1500,0.1266747349947853
726,778,1504,0.1267602150747433
719,778,1497,0.12682118703770415
725,780,1505,0.12689592016297788
730,782,1512,0.12695276833057395
736,787,1523,0.12699227570116142
727,792,1519,0.12701220322713033
729,786,1515,0.12705289311991935
733,784,1517,0.12708759647818446
725,776,1501,0.12711079527652103
716,771,1487,0.12714661916180237
722,780,1502,0.12719809691770464
719,786,1505,0.12723403006421452
707,789,1496,0.1272776854562406
715,790,1505,0.12734475119090605
709,786,1495,0.12739158657888963
710,788,1498,0.1274492492021718
706,783,1489,0.1275024848482388
712,785,1497,0.12756297530496108
716,787,1503,0.1276064072020687
707,793,1500,0.12763590200608313
702,788,1490,0.12768473749663445
718,789,1507,0.127741351241984
709,787,1496,0.1277529308512849
704,784,1488,0.1277843769778664
707,792,1499,0.12782791765864326
703,795,1498,0.12786005033897846
703,807,1510,0.1279004518823721
709,803,1512,0.12793797908650717
718,802,1520,0.1279623064389715
718,815,1533,0.1279642414974821
716,817,1533,0.12796795613596243
720,817,1537,0.12797884634897266
714,806,1520,0.12797919753949338
708,800,1508,0.12799208082651384
699,797,1496,0.1280140350762004
701,788,1489,0.12805521277544601
699,794,1493,0.12808840737399735
703,790,1493,0.12812679961475948
697,798,1495,0.12815332412490033
683,804,1487,0.12819153619022272
691,809,1500,0.1282594367347063
690,822,1512,0.12830643943881334
691,814,1505,0.12835124222268865
686,817,1503,0.12839085885781593
684,821,1505,0.12844063899621153
674,828,1502,0.12849023840158083
675,822,1497,0.1285592328498648
670,826,1496,0.1286216940284243
667,819,1486,0.12869425056854739
676,817,1493,0.12876958604555597
670,816,1486,0.1288186020952776
668,810,1478,0.12887828677383437
664,818,1482,0.1289346197374182
675,816,1491,0.12899667291684205
679,814,1493,0.1290265416383067
675,821,1496,0.12904495064675225
669,829,1498,0.12907404884150805
667,821,1488,0.12911341568920057
673,830,1503,0.12915421450826883
666,822,1488,0.12917921834317672
666,828,1494,0.1292194724212726
665,833,1498,0.12925679704827614
670,835,1505,0.12929460780594704
670,833,1503,0.12931871214767265
674,835,1509,0.12933863339220975
664,833,1497,0.12934878708777636
660,832,1492,0.1293810317388181
668,842,1510,0.12942027290291366
676,830,1506,0.12943851249561386
677,825,1502,0.12943511119470344
678,828,1506,0.12942896152418926
681,835,1516,0.12942286486911514
675,837,1512,0.1294093095826955
659,829,1488,0.12940922118877793
656,828,1484,0.12944773363561055
642,829,1471,0.1294888328311596
644,844,1488,0.1295586630460717
643,846,1489,0.1296194216464729
649,858,1507,0.12968031592159954
654,861,1515,0.1297244950020059
656,854,1510,0.1297530624207172
654,849,1503,0.1297741712700981
649,835,1484,0.12980070380461167
647,849,1496,0.12983448653405497
652,838,1490,0.12986871072890097
653,833,1486,0.12989095486968877
643,845,1488,0.12991316991161767
650,846,1496,0.12995835768520853
652,860,1512,0.12998364520868408
653,855,1508,0.1300024755733795
654,855,1509,0.13001738408376629
648,859,1507,0.13002821288970406
650,863,1513,0.1300526434129444
648,847,1495,0.13007230371592354
650,851,1501,0.13009488998146437
647,857,1504,0.1301087916501244
653,859,1512,0.13013047849613527
639,866,1505,0.13013748285681426
635,865,1500,0.13017713379178683
638,859,1497,0.13022239178126788
637,869,1506,0.13025781029500555
637,855,1492,0.13029497809178758
643,844,1487,0.13032743887340306
647,855,1502,0.13034234189973185
649,856,1505,0.13034574333186844
645,866,1511,0.13034443088357464
649,865,1514,0.1303540665856605
643,868,1511,0.13035582002155016
641,860,1501,0.13037162945716524
634,864,1498,0.1303947030382341
641,868,1509,0.1304319794753177
635,875,1510,0.1304476065926399
636,874,1510,0.1304781115604901
634,871,1505,0.13050485345575707
634,870,1504,0.1305351946173195
631,881,1512,0.13056158066002765
636,878,1514,0.13059350786727497
630,878,1508,0.1306134225598887
621,876,1497,0.13064469404165852
616,885,1501,0.13069565055255533
612,881,1493,0.13075588698398719
614,900,1514,0.13082071131535775
606,890,1496,0.13087788934061975
612,902,1514,0.13094554193216126
600,892,1492,0.13099783514778834
606,888,1494,0.1310728887924322
614,891,1505,0.13112488289285026
608,889,1497,0.13115792595728423
607,892,1499,0.13120280807039522
609,901,1510,0.1312479649390913
605,905,1510,0.13128693735992822
601,909,1510,0.131332825994523
593,908,1501,0.1313882668078311
591,904,1495,0.1314601638293523
592,897,1489,0.13153015506298782
588,896,1484,0.1315905067757179
590,918,1508,0.1316575884319676
588,914,1502,0.13171402455597936
592,919,1511,0.1317712745121559
591,921,1512,0.13181509899772786
581,916,1497,0.13185943076597254
579,921,1500,0.1319206908520362
576,925,1501,0.13198431521445236
575,928,1503,0.13205095128244385
576,932,1508,0.1321165862460834
578,946,1524,0.13217746451605894
572,957,1529,0.13223036349358538
569,949,1518,0.1322914174058918
573,953,1526,0.1323547254838411
568,953,1521,0.13240871323405237
566,955,1521,0.13247041333262843
570,946,1516,0.1325342864315844
571,948,1519,0.13258423956229126
568,944,1512,0.13262616972613134
578,941,1519,0.13267135925417045
574,942,1516,0.13268903646110647
569,949,1518,0.13271480899204646
570,945,1515,0.13275357104617214
566,942,1508,0.1327833111793547
567,946,1513,0.13282046332425057
556,949,1505,0.13285121922371246
555,943,1498,0.1329060051982451
562,942,1504,0.13296020550300294
562,957,1519,0.13299291470805588
556,956,1512,0.13302454207579742
558,944,1502,0.13307011052980788
560,955,1515,0.13310777475423669
554,959,1513,0.1331395421983207
552,948,1500,0.1331811656826437
555,938,1493,0.13322556322226198
551,934,1485,0.13326264574617452
547,947,1494,0.1333064819629677
554,949,1503,0.1333561245000956
551,959,1510,0.13338772187700407
548,958,1506,0.13342305118353393
547,953,1500,0.13346447341682852
552,958,1510,0.13350356102692826
556,955,1511,0.1335270509488554
560,951,1511,0.13353751473633677
553,954,1507,0.13353830765895608
554,953,1507,0.13355686215937282
552,950,1502,0.13357249477620795
541,946,1487,0.13359303092334152
548,943,1491,0.13363566345402828
553,939,1492,0.1336603741949682
548,945,1493,0.13367025567796656
545,953,1498,0.13369124989700176
545,959,1504,0.1337155306119654
546,957,1503,0.13373892179749902
545,972,1517,0.1337581814025216
540,971,1511,0.13377840918252026
538,968,1506,0.13381079422021153
541,966,1507,0.13384531517307502
537,967,1504,0.13387038223693906
535,967,1502,0.1339013611824539
535,966,1501,0.1339349883261209
529,964,1493,0.13396795565241693
522,970,1492,0.13401356839452414
520,980,1500,0.1340744885720068
523,977,1500,0.1341347741824202
525,978,1503,0.13418317760064913
528,983,1511,0.13422640157540502
531,976,1507,0.1342588862512812
527,967,1494,0.13427963396532588
534,963,1497,0.13430713572161093
536,957,1493,0.13431683412550177
542,957,1499,0.13432012070570246
552,963,1515,0.13430505796568862
554,968,1522,0.13426619862071995
542,960,1502,0.13422493963125548
538,957,1495,0.13421560381934408
538,958,1496,0.13421659716805417
539,973,1512,0.13421795558118976
527,972,1499,0.1342199174192299
523,974,1497,0.1342503328578997
523,982,1505,0.1342869291044126
525,973,1498,0.134322072259223
527,980,1507,0.13434840346877508
527,978,1505,0.13436919743727674
526,973,1499,0.13438676869254806
522,972,1494,0.13440342251182408
530,970,1500,0.13443115929091357
534,979,1513,0.13443483733290154
538,972,1510,0.13442748868029666
544,970,1514,0.13441068510183785
544,969,1513,0.13437817908125801
543,961,1504,0.13435138796194895
550,957,1507,0.13432864935521233
543,965,1508,0.13428909233729866
544,972,1516,0.13427174054941443
539,978,1517,0.13425639648469354
536,968,1504,0.13425683070885405
528,977,1505,0.13426302167383486
534,968,1502,0.13428949312776184
532,989,1521,0.13429950014047623
529,989,1518,0.13431227013373712
538,987,1525,0.1343310900875693
528,977,1505,0.13432856761000495
533,973,1506,0.1343519392317511
535,984,1519,0.13436184537535367
529,992,1521,0.13436701196614773
525,990,1515,0.13438512474222566
520,977,1497,0.13441046826003714
517,967,1484,0.1344439342971057
521,979,1500,0.13448380692348683
524,986,1510,0.13451314110951287
526,986,1512,0.1345320461358564
526,985,1511,0.1345452326858396
523,983,1506,0.13455692245411094
528,980,1508,0.1345741787454026
524,980,1504,0.13458100749879015
523,985,1508,0.13459972233053225
521,990,1511,0.1346180038383452
518,984,1502,0.1346396004959114
521,995,1516,0.13466696599647185
516,985,1501,0.1346840437983374
515,975,1490,0.13471008620851838
514,986,1500,0.1347362892664064
517,991,1508,0.1347634770487064
512,991,1503,0.134780144466746
514,994,1508,0.13480972302679498
511,995,1506,0.13483527140121235
514,994,1508,0.1348663627919882
518,1001,1519,0.1348912169271096
516,1003,1519,0.1349037947894489
511,1000,1511,0.13492161996207447
511,1003,1514,0.13495161891105362
513,1000,1513,0.13497689183361253
507,1001,1508,0.13499480014663137
510,1001,1511,0.13502655910998906
502,1005,1507,0.13504796677565145
493,1012,1505,0.1350844518339438
494,1005,1499,0.13513886184693802
494,1012,1506,0.13518648047286402
500,1012,1512,0.13523085857777536
493,1024,1517,0.13525805800046484
492,1015,1507,0.13530200686502156
498,1018,1516,0.13534725582618587
503,1012,1515,0.13537567805378106
498,1015,1513,0.13538821642743298
495,1014,1509,0.13541255397731447
486,1021,1507,0.13544430644636624
493,1023,1516,0.13549718864183066
490,1019,1509,0.13553027501118386
484,1023,1507,0.13556643662352666
484,1032,1516,0.13561566952343956
483,1034,1517,0.1356628093141367
485,1022,1507,0.13571000218897317
478,1015,1493,0.13574912962021937
480,1026,1506,0.1358035791934654
479,1036,1515,0.13584916910176725
479,1041,1520,0.1358913519232334
476,1031,1507,0.13593318906246296
473,1026,1499,0.1359780773068016
467,1053,1520,0.13602522437241718
458,1055,1513,0.13608426722266473
465,1064,1529,0.1361615964869158
468,1060,1528,0.13621641956721608
472,1073,1545,0.13626112528767645
463,1071,1534,0.13629633534059235
462,1064,1526,0.1363505155887209
461,1066,1527,0.13640588562747208
454,1056,1510,0.13646057704646605
449,1071,1520,0.1365286461081997
447,1085,1532,0.13660190846798312
439,1074,1513,0.13667577284336294
433,1073,1506,0.13676232774577976
441,1072,1513,0.13685847788773084
444,1063,1507,0.13693144018577116
445,1065,1510,0.13699130719068645
444,1069,1513,0.1370411183607575
440,1076,1516,0.1370914276271572
439,1079,1518,0.13714806186940245
443,1080,1523,0.137203842690744
430,1075,1505,0.1372455780191034
434,1077,1511,0.13731617702520307
429,1074,1503,0.13737336467175734
431,1085,1516,0.13743982984825753
426,1072,1498,0.13749648091733913
426,1083,1509,0.13756049054529634
424,1074,1498,0.13761943595087503
421,1079,1500,0.13767883931885525
418,1088,1506,0.1377406795866691
420,1099,1519,0.13780858071057306
426,1104,1530,0.13786405685772374
424,1091,1515,0.1379015090519187
415,1090,1505,0.13794195833494002
414,1090,1504,0.13800168856410258
409,1099,1508,0.13805969133141655
409,1113,1522,0.1381259231417812
401,1107,1508,0.138189348755638
398,1107,1505,0.13826618746924943
398,1115,1513,0.1383451296223019
396,1115,1511,0.13841841327433058
392,1129,1521,0.13849216107163007
394,1121,1515,0.13857178460614944
389,1116,1505,0.13863843227451358
390,1112,1502,0.13871119274599317
391,1098,1489,0.13877608233133468
397,1102,1499,0.13882958138018367
397,1113,1510,0.13886497020793015
396,1122,1518,0.1388982528529884
400,1119,1519,0.1389345205133875
395,1118,1513,0.13895609863542283
395,1117,1512,0.1389876247430527
392,1116,1508,0.13901912653542972
397,1114,1511,0.13905122271658393
401,1103,1504,0.1390694787716383
392,1097,1489,0.139079466605375
385,1103,1488,0.13910966396394905
383,1116,1499,0.13915555486969303
383,1112,1495,0.13920245795342254
390,1112,1502,0.13924795007771285
391,1113,1504,0.13927347134543847
392,1107,1499,0.13929368588208663
395,1103,1498,0.13931077626327962
400,1107,1507,0.1393193587975157
400,1120,1520,0.13931460476897964
401,1122,1523,0.1393099188105473
401,1134,1535,0.13930283358620393
395,1118,1513,0.13929719097959847
397,1119,1516,0.13930505664431977
400,1106,1506,0.13930938251533617
390,1106,1496,0.13930828960981123
385,1103,1488,0.13933146692803403
383,1108,1491,0.13936528714759377
388,1116,1504,0.139401890055457
391,1118,1509,0.13942492189494066
389,1123,1512,0.13943836137270924
378,1118,1496,0.13945514829360775
384,1120,1504,0.13949497317847337
382,1124,1506,0.1395210703111117
376,1135,1511,0.1395504282410912
377,1135,1512,0.13959253427167317
366,1137,1503,0.13962925406738927
370,1149,1519,0.13969061439196323
362,1153,1515,0.1397401965312468
364,1149,1513,0.13980563859474907
361,1158,1519,0.13986169146561456
352,1156,1508,0.1399207617253415
359,1167,1526,0.13999557102661675
352,1155,1507,0.14004685637572245
352,1161,1513,0.140108691666573
349,1171,1520,0.1401674671033607
344,1164,1508,0.14022989336933903
345,1171,1516,0.1403023033593712
342,1171,1513,0.14036930628675987
348,1176,1524,0.14044007336574935
347,1175,1522,0.14049250201562713
335,1188,1523,0.14054505963462016
336,1191,1527,0.14062295364845911
327,1193,1520,0.1406935697758001
326,1174,1500,0.1407822058732777
324,1176,1500,0.14086600610180763
320,1187,1507,0.14095023563775125
318,1192,1510,0.14103693130814754
314,1180,1494,0.14112134503213447
319,1182,1501,0.14121051334615345
324,1185,1509,0.14128049875706516
331,1194,1525,0.141335319624842
329,1189,1518,0.14136808352797595
328,1194,1522,0.1414020401879943
324,1195,1519,0.14143526578949145
327,1192,1519,0.14147225037122937
316,1186,1502,0.1415019429097142
314,1191,1505,0.1415558415185192
315,1188,1503,0.14161065029415537
316,1185,1501,0.14166005217512154
314,1192,1506,0.14169882791239244
311,1196,1507,0.1417411451702109
306,1190,1496,0.14178982074408958
308,1193,1501,0.14184914193430317
308,1193,1501,0.1419011095382493
313,1190,1503,0.14194649624157182
318,1178,1496,0.14197794866171176
319,1194,1513,0.1419941550366342
319,1205,1524,0.1420091981865714
323,1194,1517,0.14202475860923547
320,1184,1504,0.14202964486251596
317,1178,1495,0.14204332183598328
315,1175,1490,0.14206444761791204
307,1186,1493,0.14208933296550438
304,1188,1492,0.14212793489348244
311,1199,1510,0.1421719349263149
313,1202,1515,0.14219286836155437
310,1208,1518,0.14220983075531748
315,1196,1511,0.14223368905405687
311,1200,1511,0.14224204597783666
312,1202,1514,0.1422589998085626
308,1197,1505,0.14226993194101056
306,1203,1509,0.14229218801742868
308,1206,1514,0.14231705407451006
310,1205,1515,0.14233541762603028
309,1202,1511,0.14234651847103832
308,1195,1503,0.14236025786797069
312,1193,1505,0.1423776813460294
318,1208,1526,0.14238168343255367
320,1212,1532,0.14237113469564996
318,1203,1521,0.14235766828546503
315,1200,1515,0.14234927099384984
316,1187,1503,0.1423518994244437
316,1191,1507,0.14235040426002038
322,1191,1513,0.14234941756777755
322,1198,1520,0.14233416639769852
315,1192,1507,0.1423209205367061
309,1207,1516,0.1423243805743045
301,1212,1513,0.14234426391682484
306,1212,1518,0.14238357886700012
295,1218,1513,0.14240788085723208
293,1224,1517,0.1424575582282374
293,1227,1520,0.14251051994984176
296,1222,1518,0.14255891668531423
293,1225,1518,0.14259856761965004
295,1214,1509,0.14264227968146528
292,1209,1501,0.14267721793543214
290,1200,1490,0.14271897077046616
294,1205,1499,0.14276411056975286
300,1208,1508,0.14279767092127263
299,1201,1500,0.14281188892070104
299,1209,1508,0.1428269380610313
299,1218,1517,0.14284135629104597
300,1221,1521,0.14285338530939248
299,1227,1526,0.14286428222940847
297,1235,1532,0.1428766727226626
296,1227,1523,0.14289347458706034
294,1224,1518,0.14291098688001047
293,1217,1510,0.14293194766630749
291,1220,1511,0.14295437827124893
291,1228,1519,0.142980679121631
289,1236,1525,0.1430060933497491
284,1248,1532,0.14303384962653698
285,1251,1536,0.14307222959665344
278,1239,1517,0.14310623950410925
279,1227,1506,0.1431552150439914
273,1224,1497,0.14319795294863003
267,1225,1492,0.14325028586886318
263,1232,1495,0.14331357180555881
269,1230,1499,0.14338317036826762
266,1243,1509,0.1434309550173691
268,1254,1522,0.14348467452387945
264,1258,1522,0.1435313984595204
262,1259,1521,0.143584393324184
260,1255,1515,0.14363706035485624
266,1253,1519,0.1436908476125928
268,1254,1522,0.1437243020425352
264,1253,1517,0.1437520799556224
268,1241,1509,0.14378763363087138
265,1246,1511,0.14381202738942755
270,1239,1509,0.14384241644453616
266,1245,1511,0.14385799854624318
266,1251,1517,0.14388148558658742
267,1246,1513,0.14389979266294028
264,1251,1515,0.14391617223497102
263,1258,1521,0.1439389229588644
264,1254,1518,0.14395759714672227
265,1254,1519,0.1439740139532826
261,1253,1514,0.14398841791936556
260,1252,1512,0.14401105696848518
257,1254,1511,0.14403376889313457
259,1258,1517,0.14406154760675632
258,1256,1514,0.1440848528314024
261,1246,1507,0.14411082993600594
259,1248,1507,0.14412593004166474
256,1245,1501,0.14414507960922174
260,1258,1518,0.1441724713022262
262,1255,1517,0.14418673641567994
265,1253,1518,0.14419445543301937
261,1251,1512,0.14419388349494322
260,1239,1499,0.14420319563849313
263,1245,1508,0.14421612633208866
263,1248,1511,0.1442194520879114
268,1244,1512,0.14422226121041107
263,1242,1505,0.1442139506116402
264,1246,1510,0.1442214799850086
260,1262,1522,0.14422720604869377
259,1265,1524,0.14424105795292985
256,1262,1518,0.14425587397178366
255,1251,1506,0.1442769970379176
253,1253,1506,0.14430148079878277
247,1246,1493,0.1443271446846271
253,1232,1485,0.14436460489734326
258,1222,1480,0.14438325040341848
262,1226,1488,0.14438838211859226
265,1231,1496,0.14438074743421464
268,1230,1498,0.14436834425579653
267,1223,1490,0.144347261342924
268,1234,1502,0.1443309621837624
268,1243,1511,0.14431386399573218
271,1242,1513,0.14429735019021234
269,1232,1501,0.1442724597361485
273,1238,1511,0.14425370426377027
275,1249,1524,0.14422671364104223
269,1248,1517,0.14419966496932127
271,1238,1509,0.14418918671087722
274,1241,1515,0.14417476195947734
269,1244,1513,0.1441522330433165
261,1249,1510,0.14414473607519196
265,1239,1504,0.14415666632730473
266,1252,1518,0.1441604691682064
259,1247,1506,0.14416280484892727
260,1251,1511,0.14418159189203777
263,1254,1517,0.1441982484879425
265,1249,1514,0.1442020907099359
266,1248,1514,0.1442005111427381
266,1251,1517,0.14419696374362367
266,1237,1503,0.14419442441455976
263,1246,1509,0.14419191078842933
262,1244,1506,0.14419623929541445
262,1249,1511,0.1442028261438982
265,1258,1523,0.14421004197878293
266,1261,1527,0.14421075358484214
265,1256,1521,0.14420984467135503
259,1259,1518,0.14420951376534863
261,1246,1507,0.14422600811208183
264,1248,1512,0.14423650060846815
261,1255,1516,0.14423751448395258
260,1260,1520,0.1442465066510431
260,1268,1528,0.14425950837147064
256,1262,1518,0.14427195897676487
257,1259,1516,0.1442929265101354
255,1242,1497,0.14430823012749194
258,1242,1500,0.1443271360152033
260,1251,1511,0.14433900121977442
261,1238,1499,0.1443445045494918
259,1249,1508,0.1443482427008533
256,1245,1501,0.1443563448143902
252,1261,1513,0.14437173349210436
252,1253,1505,0.14439637170129452
248,1250,1498,0.1444210129359881
248,1262,1510,0.1444524831367651
249,1269,1518,0.1444817077313876
258,1257,1515,0.1445072360590105
256,1254,1510,0.14450513229054618
256,1259,1515,0.14450918048690511
256,1262,1518,0.14451184351505794
254,1263,1517,0.14451444148206632
248,1256,1504,0.14452336810651226
247,1253,1500,0.1445463718634694
244,1264,1508,0.14457022070001396
252,1278,1530,0.14460104418504194
248,1264,1512,0.14460933010564309
251,1271,1522,0.14462776946772107
245,1271,1516,0.14463754726705433
249,1280,1529,0.14465823313980875
250,1285,1535,0.14466993148313279
248,1275,1523,0.14467782746403768
239,1274,1513,0.1446922059809757
238,1278,1516,0.1447248400171759
241,1280,1521,0.14475919641904564
242,1271,1513,0.1447861003924421
243,1267,1510,0.1448084101047912
241,1261,1502,0.14482770022045455
238,1264,1502,0.1448495389629019
240,1282,1522,0.14487804137089527
236,1277,1513,0.14489910138721548
236,1274,1510,0.14492868559224334
242,1265,1507,0.14495689123338285
239,1280,1519,0.1449683804095463
231,1270,1501,0.1449851261036046
228,1278,1506,0.1450201058388533
222,1274,1496,0.14505803629240088
227,1277,1504,0.14510925750240283
228,1287,1515,0.14514491750858732
223,1291,1514,0.14517528193952592
220,1291,1511,0.14521521436415008
222,1296,1518,0.14525992830119722
224,1289,1513,0.14529709286970682
219,1278,1497,0.1453293634698959
219,1288,1507,0.1453714993891958
217,1292,1509,0.14541086888760904
218,1293,1511,0.1454521065871115
223,1291,1514,0.14548802440494096
223,1298,1521,0.14550985264183638
224,1295,1519,0.14553225873621423
220,1297,1517,0.14555063370828314
214,1300,1514,0.1455768774611628
215,1296,1511,0.1456165982503237
210,1298,1508,0.14565177450414749
216,1298,1514,0.14569526785531356
208,1300,1508,0.14572294154972684
210,1279,1489,0.14576760853330512
212,1284,1496,0.14580194468520805
214,1288,1502,0.14583092359504085
221,1304,1525,0.1458534507270905
220,1300,1520,0.14585469812607768
216,1312,1528,0.14586025606075298
216,1322,1538,0.14587707427146396
214,1313,1527,0.14589261162364617
214,1299,1513,0.1459112233599631
217,1298,1515,0.14593033061929928
214,1304,1518,0.14594160468877035
210,1309,1519,0.1459596377969261
206,1299,1505,0.1459865659903846
205,1306,1511,0.14602069824359545
203,1310,1513,0.14605329561069288
200,1314,1514,0.14608921057870625
197,1314,1511,0.14612999548533576
199,1312,1511,0.14617638723791132
196,1304,1500,0.14621556272136188
197,1304,1501,0.14625832662084207
198,1311,1509,0.14629350393971738
195,1328,1523,0.14632423614773699
198,1332,1530,0.14636096843003762
193,1321,1514,0.14638808575432838
188,1318,1506,0.14642694957470323
190,1324,1514,0.1464750723476621
189,1319,1508,0.14651515270166254
188,1326,1514,0.14655598173842196
190,1337,1527,0.14659670418926812
189,1342,1531,0.14662835562041798
188,1340,1528,0.1466625084313515
186,1340,1526,0.146697387055464
189,1333,1522,0.14673179021142568
193,1326,1519,0.1467557350231582
193,1308,1501,0.14676989225554485
193,1324,1517,0.14678196259287124
190,1327,1517,0.14679319238815783
188,1333,1521,0.14681141061240538
188,1331,1519,0.14683310241432226
190,1337,1527,0.1468524795416167
190,1326,1516,0.14686534231418055
189,1326,1515,0.14687746708030705
192,1324,1516,0.14689143138340868
186,1323,1509,0.14689825647826912
189,1329,1518,0.14691704629844324
188,1318,1506,0.14692465624997975
191,1319,1510,0.14693528243943804
191,1332,1523,0.14693797040755094
189,1336,1525,0.14694264350507993
189,1329,1518,0.14694851379701077
184,1340,1524,0.1469530936243374
179,1336,1515,0.1469718076224143
180,1331,1511,0.1470017944331485
183,1326,1509,0.14702756383637458
177,1325,1502,0.1470415121811544
182,1322,1504,0.1470690411019077
180,1340,1520,0.14708413682122828
179,1336,1515,0.14710476643917741
177,1342,1519,0.14712790134100137
175,1345,1520,0.14715555490704862
176,1345,1521,0.1471856207974949
174,1347,1521,0.14721278716576464
177,1350,1527,0.14724390205082208
174,1349,1523,0.14726564794825753
174,1348,1522,0.147293979396804
173,1345,1518,0.1473210808296017
167,1337,1504,0.14734978515539526
170,1342,1512,0.14739105179676606
166,1348,1514,0.1474213011721037
167,1342,1509,0.14745838513912335
165,1346,1511,0.1474907086507811
165,1347,1512,0.147525672978097
166,1349,1515,0.14755961018444086
165,1349,1514,0.14758986001350013
168,1344,1512,0.14762018488757797
167,1336,1503,0.14764081056736603
167,1328,1495,0.14766099260870813
166,1336,1502,0.14768148518073218
164,1345,1509,0.1477012377268229
163,1352,1515,0.14772231100089353
165,1364,1529,0.1477423950462698
165,1353,1518,0.1477547410124545
163,1359,1522,0.14776616077140953
165,1352,1517,0.1477819303314885
165,1357,1522,0.14779199837005985
165,1366,1531,0.14780283200160269
161,1374,1535,0.1478106278131781
161,1359,1520,0.14782757014890524
160,1348,1508,0.14784443212732237
159,1348,1507,0.14786329683021573
161,1356,1517,0.14788442803607083
160,1346,1506,0.1478975470816874
164,1354,1518,0.14791171021930127
160,1365,1525,0.14791590018652515
159,1368,1527,0.14792919478633457
161,1370,1531,0.1479430922336834
161,1356,1517,0.14795215203199089
158,1359,1517,0.1479622163562436
160,1365,1525,0.14798089022304647
161,1353,1514,0.1479919589502732
156,1359,1515,0.14799931148999604
152,1367,1519,0.14801916371242896
150,1354,1504,0.14804603378648654
148,1365,1513,0.14807617623077565
145,1360,1505,0.14810948495695364
149,1358,1507,0.14814780708014932
149,1353,1502,0.14817366177231703
149,1356,1505,0.14819803127267414
148,1363,1511,0.14822239770363402
148,1366,1514,0.14824710838325098
147,1371,1518,0.148270198344901
147,1371,1518,0.14829449065424286
147,1373,1520,0.14831827784576468
147,1374,1521,0.14834169055545576
148,1374,1522,0.14836415282784152
149,1364,1513,0.14838084678174077
148,1363,1511,0.1483956063168831
145,1365,1510,0.14841178033320962
143,1369,1512,0.14843612535604417
141,1360,1501,0.14846309391113777
139,1359,1498,0.14849374773352766
139,1365,1504,0.14852577707238526
139,1365,1504,0.14855571033012327
139,1381,1520,0.14858270221412506
140,1378,1518,0.14860660660740999
135,1377,1512,0.14862795970195625
138,1367,1505,0.1486600178383285
140,1377,1517,0.14868220226573242
140,1384,1524,0.1486979958333711
144,1381,1525,0.14871222397933268
142,1387,1529,0.14871504876891806
139,1372,1511,0.14872146303962072
141,1367,1508,0.14873283832264428
141,1357,1498,0.14873955464063834
137,1371,1508,0.14874488939427388
140,1381,1521,0.14876022790032817
142,1372,1514,0.14876738025737482
142,1384,1526,0.14876948787836444
142,1377,1519,0.14877300213252853
142,1356,1498,0.1487766394998481
146,1364,1510,0.14878056613987148
145,1372,1517,0.14877213515492407
140,1380,1520,0.1487664461155639
136,1387,1523,0.14877331521857712
133,1390,1523,0.14879079108458165
134,1398,1532,0.1488155804589106
133,1378,1511,0.14883758929655957
137,1382,1519,0.14886171311981314
136,1386,1522,0.14887394188375055
139,1377,1516,0.14888734359741218
139,1387,1526,0.14889154075956973
137,1368,1505,0.1488966169277375
133,1384,1517,0.14890822441022739
134,1386,1520,0.14892941763178308
135,1378,1513,0.14894742311507006
135,1387,1522,0.148962975881262
130,1388,1518,0.14897782567963813
130,1389,1519,0.14900258692794938
131,1382,1513,0.1490253906473886
125,1386,1511,0.14904303300619545
122,1394,1516,0.14907401148065985
118,1393,1511,0.14911016326909368
117,1392,1509,0.14915334822529785
120,1390,1510,0.14919641681426432
124,1394,1518,0.14922883088695324
124,1401,1525,0.1492475216976695
125,1389,1514,0.14926373510289956
125,1390,1515,0.14927745562908468
126,1389,1515,0.14928998454893294
128,1389,1517,0.1492993841757963
130,1389,1519,0.14930348418984646
133,1384,1517,0.14930223192800138
134,1385,1519,0.14929335475710856
131,1392,1523,0.1492813465206622
129,1383,1512,0.14927773943246678
131,1388,1519,0.1492800597107337
131,1384,1515,0.14927711183179443
126,1399,1525,0.14927536368081973
128,1398,1526,0.14928684631022227
129,1395,1524,0.14929254615599682
127,1392,1519,0.1492963945612175
126,1397,1523,0.14930575234624885
126,1394,1520,0.14931692273597794
126,1389,1515,0.14932745875792094
122,1399,1521,0.14933847323840715
119,1393,1512,0.1493584293806294
121,1386,1507,0.14938281466742181
123,1392,1515,0.14940163985681873
124,1387,1511,0.14941117845715726
128,1406,1534,0.14941507184345437
128,1393,1521,0.14940893396149219
127,1384,1511,0.14940511455246203
128,1392,1520,0.14940470944836215
126,1388,1514,0.14940279297846992
126,1380,1506,0.14940629112110318
129,1386,1515,0.14940952864882645
131,1386,1517,0.14940504775686633
126,1388,1514,0.14939586563655188
123,1390,1513,0.14939917595802538
123,1382,1505,0.14940940513786596
125,1383,1508,0.1494169292831571
125,1381,1506,0.14941985818495973
122,1388,1510,0.14942041610668308
123,1396,1519,0.1494303318204437
123,1389,1512,0.14943730176421247
124,1385,1509,0.14944512836294505
126,1376,1502,0.14944977475374324
129,1386,1515,0.1494494964804094
133,1382,1515,0.1494423329443655
133,1377,1510,0.14942436086327288
131,1386,1517,0.1494069163490517
128,1377,1505,0.1493957536561083
121,1378,1499,0.14939258093290214
122,1387,1509,0.14940696566950304
123,1390,1513,0.14941775702408674
125,1381,1506,0.14942569856911814
124,1375,1499,0.14942857880763516
117,1384,1501,0.1494335539270012
116,1392,1508,0.14945519814710462
120,1387,1507,0.14947743234962313
124,1397,1521,0.14948936439646723
120,1398,1518,0.1494898348317647
118,1388,1506,0.1495003427150213
119,1368,1487,0.1495161621274077
118,1379,1497,0.1495259695304024
114,1385,1499,0.14953870362008065
109,1393,1502,0.14956116719624166
111,1392,1503,0.14959287594437726
110,1403,1513,0.14961897876452962
111,1390,1501,0.14964597383542116
110,1397,1507,0.1496686884959424
106,1385,1491,0.14969166906668122
111,1390,1501,0.14972259298031956
113,1397,1510,0.14973954975358894
112,1384,1496,0.14975078583092805
112,1395,1507,0.1497643979505331
107,1397,1504,0.14977629584338728
103,1401,1504,0.14979999523333393
104,1407,1511,0.14983153867276905
102,1414,1516,0.1498590631400435
105,1412,1517,0.14988891320074244
104,1414,1518,0.14990832626488015
103,1407,1510,0.14992818284272683
102,1409,1511,0.14994984291692723
100,1399,1499,0.14997244580025304
104,1410,1514,0.14999810338532898
100,1400,1500,0.15001353671228088
99,1415,1514,0.15003583195293366
98,1423,1521,0.1500585380453692
98,1405,1503,0.15008322807535113
98,1407,1505,0.15010646085272403
103,1401,1504,0.15012752838563936
105,1406,1511,0.15013361994259125
105,1407,1512,0.1501351031021159
101,1407,1508,0.15013690522074807
101,1412,1513,0.1501484490866085
100,1419,1519,0.1501593949421992
102,1424,1526,0.15017202514124137
105,1426,1531,0.15017575781404918
108,1416,1524,0.15017386241035452
108,1406,1514,0.1501643666558865
104,1409,1513,0.15015623962178137
102,1409,1511,0.15015817396416017
102,1413,1515,0.15016581586147704
105,1415,1520,0.15017346358982583
104,1415,1519,0.1501703889714606
100,1410,1510,0.15016947905772626
101,1411,1512,0.15017921248057015
103,1404,1507,0.1501853809268676
103,1423,1526,0.15018535152530393
105,1418,1523,0.15018595466965864
101,1422,1523,0.1501808147513601
100,1421,1521,0.1501865522194765
101,1418,1519,0.15019574363792276
103,1425,1528,0.1502026473825106
102,1410,1512,0.15020516987433116
101,1415,1516,0.1502098649788817
101,1401,1502,0.15021656141170936
107,1401,1508,0.1502242164543211
107,1407,1514,0.1502147183762294
108,1413,1521,0.1502073973707086
113,1418,1531,0.1501984525304436
113,1416,1529,0.15017592687639042
109,1421,1530,0.15015447842533786
108,1421,1529,0.1501440101496069
110,1416,1526,0.15013674514472217
110,1402,1512,0.1501260583645252
108,1402,1510,0.1501146679151316
107,1412,1519,0.1501085670364632
102,1410,1512,0.15010544386577684
101,1422,1523,0.15011613211925018
103,1405,1508,0.1501285289827762
108,1401,1509,0.1501335122207277
108,1393,1501,0.1501233874024803
107,1392,1499,0.15011345503547713
111,1400,1511,0.15010719476301257
106,1395,1501,0.1500919223153378
104,1405,1509,0.1500920519896437
108,1408,1516,0.15009672061016824
106,1410,1516,0.15009154050830908
104,1410,1514,0.15009072304192944
103,1406,1509,0.15009531091752262
104,1406,1510,0.1501032621800593
103,1412,1515,0.1501093708403141
102,1399,1501,0.15011873994443384
105,1402,1507,0.15013091713718793
103,1391,1494,0.15013151093444488
103,1407,1510,0.15013841710166675
105,1405,1510,0.1501446892496702
106,1412,1518,0.15014444872748228
104,1406,1510,0.15014069092694288
105,1400,1505,0.15014208101744114
105,1402,1507,0.15013976687720437
103,1404,1507,0.1501386016742885
103,1394,1497,0.15014323710515903
102,1405,1507,0.15014852286309582
101,1414,1515,0.15015434233946928
100,1412,1512,0.15016248131836232
98,1419,1517,0.15017334236628416
93,1419,1512,0.15018731471296237
97,1415,1512,0.15021275836002396
101,1401,1502,0.1502262673938703
99,1411,1510,0.15022999529242714
95,1405,1500,0.15023936884122896
97,1409,1506,0.15025806755267318
100,1410,1510,0.15027144187822064
99,1423,1522,0.1502753040906666
99,1417,1516,0.1502817740313285
98,1433,1531,0.15028603456878628
96,1432,1528,0.15029379089953981
98,1425,1523,0.1503068226626316
94,1414,1508,0.15031283903087522
95,1419,1514,0.15033022629559464
91,1422,1513,0.15034265441365796
92,1418,1510,0.15036397752506653
92,1411,1503,0.15038193934720095
99,1416,1515,0.1503999337858437
96,1425,1521,0.1503979329279677
94,1427,1521,0.15040401752113844
97,1423,1520,0.15041445461309813
97,1421,1518,0.15041786768758614
96,1424,1520,0.1504226536431112
94,1422,1516,0.15042961140449326
92,1417,1509,0.15044058972457341
93,1412,1505,0.15045669984086363
94,1399,1493,0.15046918662221823
95,1426,1521,0.15047979018454027
94,1436,1530,0.15048592525312274
94,1434,1528,0.150494363710941
95,1433,1528,0.15050327800625435
93,1428,1521,0.15050933880298556
92,1423,1515,0.15052040535467687
93,1412,1505,0.1505329262067886
93,1422,1515,0.15054137109336735
90,1421,1511,0.15054914477813605
93,1420,1513,0.15056473990899485
93,1416,1509,0.15057044285616605
93,1427,1520,0.15057551181671638
91,1426,1517,0.15057930638347322
92,1418,1510,0.15058934037110028
90,1423,1513,0.15059725383739442
83,1434,1517,0.1506098346080352
82,1438,1520,0.1506379341828549
84,1434,1518,0.15066718531709816
82,1429,1511,0.15068767396659494
79,1438,1517,0.150712112603916
77,1429,1506,0.15074204427353805
76,1432,1508,0.1507753355838178
77,1450,1527,0.1508074905599331
75,1461,1536,0.15083458102899125
73,1442,1515,0.15086596426284182
73,1443,1516,0.15090050828956106
69,1442,1511,0.15093334295505592
69,1438,1507,0.15097407593496745
68,1438,1506,0.1510119327775472
66,1441,1507,0.15105016327970963
65,1440,1505,0.15109014624247993
64,1440,1504,0.15112959864374162
67,1439,1506,0.15116898215328012
69,1422,1491,0.15119730745539062
67,1431,1498,0.1512189389597311
71,1447,1518,0.15124443660189876
72,1440,1512,0.15125504767847167
71,1438,1509,0.15126394513385188
71,1445,1516,0.15127552202411695
69,1436,1505,0.15128735389169404
68,1440,1508,0.15130364768918778
67,1456,1523,0.15132122089849137
66,1460,1526,0.151340625305631
63,1446,1509,0.15136194648247586
65,1450,1515,0.1513890898880052
66,1452,1518,0.1514095522326354
66,1445,1511,0.15142555147597608
66,1452,1518,0.15144026559254734
65,1464,1529,0.15145477656866926
65,1459,1524,0.1514713445273229
66,1449,1515,0.1514864804886187
62,1457,1519,0.15149625097541508
63,1457,1520,0.15151503958641643
64,1457,1521,0.15153019268686227
66,1455,1521,0.15154197985869447
71,1437,1508,0.1515475923489438
73,1434,1507,0.15153758620644
74,1431,1505,0.1515224665963965
71,1437,1508,0.15150749195376356
68,1439,1507,0.15150237262131705
66,1444,1510,0.15150531826198538
69,1449,1518,0.1515134173726505
70,1433,1503,0.1515137216662594
66,1440,1506,0.1515114385653432
66,1433,1499,0.15151892277762427
68,1444,1512,0.15152578763203667
69,1438,1507,0.1515276429017549
68,1452,1520,0.15152644334164772
67,1446,1513,0.15152882764843906
66,1444,1510,0.15153314722214378
69,1449,1518,0.1515402827583429
67,1452,1519,0.15153812330645341
68,1446,1514,0.15154053517369093
66,1449,1515,0.1515404580643984
68,1447,1515,0.15154609213070858
66,1451,1517,0.15154601433150444
64,1444,1508,0.1515512427528152
64,1440,1504,0.15156187969000603
66,1435,1501,0.15157342139395044
66,1454,1520,0.15157730745804984
68,1455,1523,0.15158075124269085
66,1464,1530,0.15157843094722792
69,1458,1527,0.1515805990242502
70,1456,1526,0.1515738846847335
71,1458,1529,0.15156558044777785
72,1454,1526,0.15155474271680724
74,1458,1532,0.1515426369187583
76,1452,1528,0.15152571250227434
75,1436,1511,0.1515050701096866
74,1434,1508,0.15148931906757163
75,1450,1525,0.15147689158689637
74,1431,1505,0.15146390906120094
74,1435,1509,0.15145406237781056
76,1435,1511,0.15144491492107565
74,1441,1515,0.1514308941121813
76,1446,1522,0.15142352062299097
75,1431,1506,0.15141171097537037
75,1448,1523,0.15140395132837495
73,1444,1517,0.15139451083478414
69,1439,1508,0.1513914694115385
65,1435,1500,0.1513975597109229
67,1432,1499,0.15141430215005364
68,1429,1497,0.15142625529397277
66,1433,1499,0.15143428679609644
67,1441,1508,0.1514461947332213
66,1436,1502,0.15145558805798034
66,1438,1504,0.15146708172005596
65,1453,1518,0.15147837271485895
66,1443,1509,0.15149071448120047
68,1441,1509,0.1514988588506922
68,1440,1508,0.15150082954533084
69,1456,1525,0.15150112778129796
67,1443,1510,0.15150015569060582
64,1442,1506,0.15150546927503591
61,1450,1511,0.151518764823441
62,1450,1512,0.15153850580574296
62,1450,1512,0.15155293624016855
61,1446,1507,0.15156525011995098
61,1454,1515,0.1515791580212463
63,1462,1525,0.15159247245385513
64,1469,1533,0.15160016963794484
63,1472,1535,0.1516045220603251
59,1474,1533,0.15161187632337433
59,1468,1527,0.15162955694483388
60,1470,1530,0.15164593475568425
57,1461,1518,0.15165889277152572
55,1449,1504,0.15167909144389596
56,1458,1514,0.1517028809616222
56,1461,1517,0.15172262033062217
58,1458,1516,0.1517410437688018
57,1467,1524,0.15175252940809844
56,1467,1523,0.15176446648844868
57,1463,1520,0.15177799471108286
56,1459,1515,0.15178857779360594
53,1463,1516,0.15180060018537567
56,1464,1520,0.1518195274604204
54,1465,1519,0.1518283168297979
51,1478,1529,0.15184196446203227
50,1479,1529,0.1518622039585854
50,1487,1537,0.15188495698389512
51,1487,1538,0.15190604992107926
52,1474,1526,0.15192299146798433
50,1475,1525,0.15193621985214242
50,1470,1520,0.15195383202167864
51,1459,1510,0.15197050460190123
54,1473,1527,0.15198380873296316
55,1471,1526,0.15198686691699193
55,1469,1524,0.15198811207874596
54,1474,1528,0.151990297314801
57,1468,1525,0.15199419062917272
57,1464,1521,0.1519893784842149
58,1471,1529,0.1519848671063804
58,1477,1535,0.15197869920933016
59,1462,1521,0.15197334626611703
61,1445,1506,0.1519665667406233
62,1451,1513,0.15195484999827685
60,1454,1514,0.15194171664382886
60,1455,1515,0.1519347960147264
56,1456,1512,0.15192876569035219
58,1469,1527,0.15193335446599746
55,1460,1515,0.15193213667089356
52,1468,1520,0.1519390338816786
51,1468,1519,0.15195284965291392
53,1455,1508,0.1519675923932939
54,1461,1515,0.15197557214229732
55,1468,1523,0.15198155929080287
54,1465,1519,0.15198537861269357
55,1461,1516,0.15199234376573656
58,1441,1499,0.15199628401798818
55,1437,1492,0.15199108324947175
52,1443,1495,0.15199261603715558
52,1452,1504,0.15200132286645424
54,1461,1515,0.15200927599689065
55,1460,1515,0.1520119776245151
53,1460,1513,0.15201221429348344
52,1454,1506,0.15201687093685362
49,1463,1512,0.1520243773359977
49,1469,1518,0.15203972774096722
50,1472,1522,0.15205400159494617
50,1476,1526,0.1520643301650606
50,1475,1525,0.15207426458834405
50,1467,1517,0.1520838198319718
50,1472,1522,0.15209353554447935
49,1477,1526,0.15210241126326599
48,1478,1526,0.15211361115220476
48,1480,1528,0.15212691465733777
45,1468,1513,0.15213889460503868
46,1470,1516,0.152157256337244
46,1470,1516,0.1521715649087433
46,1456,1502,0.15218562880017902
45,1464,1509,0.15219840158975617
45,1468,1513,0.15221121497308282
47,1465,1512,0.1522232166124816
47,1469,1516,0.15222944177290107
46,1477,1523,0.1522350236139337
46,1489,1535,0.15224336661571772
48,1481,1529,0.15225194395424413
46,1484,1530,0.15225445665591683
48,1469,1517,0.15226141264300794
50,1478,1528,0.15226314047948375
50,1474,1524,0.1522598753413034
53,1474,1527,0.15225767366398388
52,1476,1528,0.152247520033172
51,1474,1525,0.1522410670817192
49,1470,1519,0.15223801833652217
49,1458,1507,0.15224023032695125
50,1442,1492,0.152242998478823
51,1451,1502,0.1522429702055902
51,1460,1511,0.1522393719574656
49,1471,1520,0.15223575556500904
47,1474,1521,0.15223867919305362
47,1473,1520,0.1522464228347781
47,1463,1510,0.15225205145106752
44,1474,1518,0.15225806827547197
44,1478,1522,0.152270875325216
45,1477,1522,0.1522830300496752
45,1468,1513,0.15229165219870622
44,1480,1524,0.15229931748632353
41,1481,1522,0.15230934862017423
40,1466,1506,0.15232539108292048
42,1479,1521,0.15234224270546837
41,1470,1511,0.15235207948873403
40,1481,1521,0.1523642869665214
42,1471,1513,0.15237761254690607
43,1464,1507,0.1523853973069626
44,1476,1520,0.15239095110198872
42,1480,1522,0.15239260967676607
41,1478,1519,0.15239939673049543
40,1478,1518,0.15240949994153705
39,1473,1512,0.15242209828822675
38,1464,1502,0.152436747662106
39,1468,1507,0.15245205018951782
38,1464,1502,0.15246312315433538
37,1474,1511,0.15247638699447896
37,1494,1531,0.15249210501904983
36,1488,1524,0.15250636587466437
36,1494,1530,0.15252248554406925
36,1487,1523,0.15253810442539328
34,1487,1521,0.15255215669403113
34,1488,1522,0.1525703801606716
35,1485,1520,0.15258792115867537
35,1485,1520,0.15260199387434153
32,1490,1522,0.1526156190764514
28,1489,1517,0.152635868514381
26,1488,1514,0.152663808927514
27,1489,1516,0.15269459315042266
28,1489,1517,0.15271994893068996
25,1483,1508,0.15274088684659431
26,1476,1502,0.15276757882986952
26,1464,1490,0.15279063198290835
26,1473,1499,0.1528116164010095
25,1488,1513,0.15283175630975773
24,1492,1516,0.1528523788199579
26,1502,1528,0.1528749248164308
23,1503,1526,0.15288991790215853
24,1495,1519,0.15291064766126997
25,1496,1521,0.152927673998668
25,1504,1529,0.15294190076467648
24,1504,1528,0.1529557502506963
25,1508,1533,0.15297142823235774
25,1503,1528,0.1529832728532219
24,1484,1508,0.15299485782869973
23,1492,1515,0.1530083258821496
25,1489,1514,0.15302350815922874
26,1494,1520,0.15303166943550958
27,1477,1504,0.1530364518305409
27,1479,1506,0.15303825472612104
26,1490,1516,0.15303980509622236
25,1489,1514,0.15304406260025694
25,1494,1519,0.15305146839844866
28,1483,1511,0.153057851029521
28,1487,1515,0.15305586809767643
29,1490,1519,0.15305467087459593
29,1483,1512,0.1530504780118839
28,1482,1510,0.15304722850863714
27,1483,1510,0.15304695965126947
25,1478,1503,0.15304843222035017
23,1486,1509,0.1530548473746932
23,1495,1518,0.15306618810448053
22,1487,1509,0.15307727897735807
23,1495,1518,0.15309026790155786
22,1495,1517,0.1530994996328434
22,1489,1511,0.15311080995381524
21,1486,1507,0.15312196433005534
21,1484,1505,0.15313494914303924
22,1493,1515,0.15314647299571665
22,1485,1507,0.15315442246367839
23,1489,1512,0.15316232752828554
23,1494,1517,0.15316688558710126
23,1496,1519,0.15317163141186516
23,1482,1505,0.15317540327951584
22,1485,1507,0.15317943238079937
24,1483,1507,0.15318517578403543
23,1492,1515,0.15318539320522892
23,1503,1526,0.15318930338778056
24,1493,1517,0.15319336819478324
25,1486,1511,0.1531939756592974
25,1482,1507,0.15319199582610912
22,1487,1509,0.15319063086328988
22,1486,1508,0.15319749296730464
23,1484,1507,0.15320422349534749
22,1488,1510,0.1532079026948213
23,1499,1522,0.15321383726372884
22,1498,1520,0.1532164383350142
23,1492,1515,0.1532213933844461
24,1494,1518,0.15322413315196332
24,1496,1520,0.15322373579880316
25,1500,1525,0.15322307430918417
24,1505,1529,0.1532197772553897
24,1501,1525,0.15321938974435587
26,1495,1521,0.15321942592360974
27,1484,1511,0.15321352973052643
26,1478,1504,0.15320524200548075
24,1494,1518,0.15319957357451047
24,1489,1513,0.15319806210683468
23,1474,1497,0.15319727004857683
24,1490,1514,0.15319919111697508
24,1489,1513,0.15319914805230048
24,1490,1514,0.15319959871928954
24,1488,1512,0.15320046574064256
24,1477,1501,0.15320168100538153
24,1490,1514,0.15320210310391424
24,1491,1515,0.1532029328756316
22,1472,1494,0.15320410382039001
23,1500,1523,0.15321020396622584
23,1491,1514,0.15321295909978577
20,1499,1519,0.15321591501461615
20,1504,1524,0.1532258056384545
19,1509,1528,0.15323536870624108
19,1499,1518,0.15324673044324702
19,1505,1524,0.15325762442175672
19,1509,1528,0.15326805730150997
17,1511,1528,0.1532780374531179
18,1490,1508,0.1532922785693664
19,1493,1512,0.1533024955051533
19,1500,1519,0.1533099405362214
19,1489,1508,0.15331678913190314
20,1487,1507,0.1533234404205305
19,1495,1514,0.15332661223988306
18,1499,1517,0.15333204357590577
21,1506,1527,0.15333962850577396
21,1495,1516,0.15333737238978704
21,1501,1522,0.15333506393159915
20,1509,1529,0.1533334207112805
21,1497,1518,0.15333450613063784
20,1494,1514,0.15333267837228323
19,1491,1510,0.1533336245437171
18,1486,1504,0.15333761496737863
19,1483,1502,0.15334388426348738
21,1497,1518,0.15334736578236913
20,1494,1514,0.15334471366540517
20,1499,1519,0.15334508105878655
20,1500,1520,0.1533447552924057
19,1490,1509,0.15334494954684022
19,1504,1523,0.15334760106204887
19,1511,1530,0.15335051428736302
19,1522,1541,0.15335363247208172
17,1513,1530,0.15335690626061513
16,1507,1523,0.15336529848396285
15,1504,1519,0.15337575467216535
15,1507,1522,0.15338791812015
15,1513,1528,0.1533995013356897
16,1518,1534,0.15340941454036788
15,1517,1532,0.15341570517905553
15,1517,1532,0.15342449504572023
15,1501,1516,0.1534330023691663
15,1499,1514,0.1534412201158832
15,1509,1524,0.15344914400866505
15,1521,1536,0.15345565733747912
16,1509,1525,0.15346205032115548
16,1500,1516,0.15346517999692758
15,1491,1506,0.15346843710922176
14,1499,1513,0.1534743427865342
14,1493,1507,0.15348297997177882
15,1510,1525,0.15349122366422305
16,1514,1530,0.1534958139882734
15,1515,1530,0.15349708780982396
16,1508,1524,0.15350172827295738
16,1499,1515,0.15350300231848635
15,1502,1517,0.15350446260576212
13,1504,1517,0.15350890079588964
14,1520,1534,0.15351759432365056
14,1508,1522,0.15352271828174835
13,1504,1517,0.15352774903860042
13,1492,1505,0.15353542744189017
12,1494,1506,0.1535427602219329
12,1496,1508,0.15355192864923561
11,1493,1504,0.15356063846305157
10,1505,1515,0.1535710508495094
10,1499,1509,0.1535830691368734
10,1509,1519,0.15359429526193252
11,1509,1520,0.15360491796402087
11,1517,1528,0.1536126857458541
13,1516,1529,0.15362005833823264
13,1510,1523,0.15362052435547907
12,1497,1509,0.15362123817370615
12,1515,1527,0.15362429201486474
12,1504,1516,0.15362731441885635
12,1494,1506,0.15363036378078676
12,1489,1501,0.15363341802003436
12,1490,1502,0.1536364583759445
11,1488,1499,0.15363946901502298
12,1496,1508,0.15364462918484828
14,1496,1510,0.15364733793401172
14,1492,1506,0.15364344313142506
16,1500,1516,0.15364010895971894
16,1505,1521,0.1536313812974808
16,1493,1509,0.15362360142685894
16,1500,1516,0.15361667150855512
16,1482,1498,0.15361050352762107
14,1494,1508,0.15360501832264492
14,1502,1516,0.1536044706053255
14,1508,1522,0.15360420688214252
13,1491,1504,0.1536041855375675
12,1501,1513,0.15360652956860602
11,1503,1514,0.15361144423485912
11,1502,1513,0.15361846743808655
11,1498,1509,0.1536251714315122
10,1496,1506,0.1536315649367395
10,1512,1522,0.15363990068413003
11,1516,1527,0.15364780085310725
11,1514,1525,0.15365203245270342
10,1507,1517,0.15365617095216594
10,1512,1522,0.15366234982976076
10,1515,1525,0.15366828696521745
9,1520,1529,0.153673983977139
9,1522,1531,0.15368159833824646
9,1519,1528,0.15368884778232586
9,1510,1519,0.15369574487089765
9,1521,1530,0.1537023023405457
9,1515,1524,0.15370853300109671
8,1503,1511,0.15371444964882156
8,1496,1504,0.15372224173788607
9,1509,1518,0.1537296103827649
9,1496,1505,0.1537336191506645
9,1497,1506,0.15373750309328177
8,1501,1509,0.1537412584170306
7,1502,1509,0.15374762658786817
8,1514,1522,0.1537559841032669
9,1521,1530,0.15376079548570748
9,1517,1526,0.15376213831238536
9,1505,1514,0.15376327859248384
9,1516,1525,0.1537645543722004
8,1509,1517,0.1537659375385198
7,1513,1520,0.15376955892299551
7,1505,1512,0.15377527222156437
7,1496,1503,0.1537807753411662
7,1504,1511,0.15378606771321446
8,1493,1501,0.15379115010030403
8,1499,1507,0.1537927551102315
8,1507,1515,0.15379446019515242
8,1509,1517,0.15379624006870607
7,1508,1515,0.1537980728458007
6,1509,1515,0.1538021053456938
6,1508,1514,0.15380819516570401
6,1512,1518,0.15381403415670594
6,1517,1523,0.15381962592511178
6,1517,1523,0.15382497499176523
5,1505,1510,0.1538300866260624
4,1511,1515,0.15383713751681616
4,1517,1521,0.15384603861190832
4,1512,1516,0.15385445904271897
4,1504,1508,0.1538624221480594
4,1500,1504,0.15386995041995274
4,1506,1510,0.15387706549949895
3,1498,1501,0.15388378817839668
3,1503,1506,0.15389235986091296
3,1486,1489,0.15390043864687705
2,1490,1492,0.15390805180180556
2,1499,1501,0.1539173869753457
2,1490,1492,0.15392617617290294
3,1500,1503,0.15393445053378538
3,1514,1517,0.15393896281364625
3,1517,1520,0.15394332385820614
3,1513,1516,0.15394753097004338
3,1512,1515,0.15395158276609508
3,1496,1499,0.15395547898637776
3,1507,1510,0.15395922032512435
3,1517,1520,0.1539628082819302
2,1512,1514,0.15396624503074754
2,1512,1514,0.15397218989273156
2,1530,1532,0.15397778102527426
2,1538,1540,0.15398303919983136
2,1525,1527,0.1539879839956496
2,1522,1524,0.15399263386541817
2,1520,1522,0.1539970061975919
2,1521,1523,0.1540011173755234
2,1500,1502,0.15400498283354036
2,1501,1503,0.15400861711010128
2,1506,1508,0.15401203389815948
2,1521,1523,0.1540152460928633
1,1529,1530,0.1540182658367142
1,1519,1520,0.1540232867044459
1,1504,1505,0.15402800409521764
1,1514,1515,0.15403243633240132
1,1519,1520,0.15403660063496993
1,1514,1515,0.15404051318387346
1,1512,1513,0.15404418918444407
1,1512,1513,0.1540476429250662
1,1503,1504,0.15405088783233356
1,1519,1520,0.154053936522902
1,1511,1512,0.15405680085223453
1,1502,1503,0.1540594919604239
1,1500,1501,0.15406202031526678
1,1522,1523,0.15406439575275319
1,1536,1537,0.15406662751512562
1,1525,1526,0.15406872428665305
1,1510,1511,0.15407069422725586
2,1497,1499,0.15407254500411058
2,1498,1500,0.154071010622845
2,1513,1515,0.15406967686447007
2,1524,1526,0.154068521146842
2,1514,1516,0.15406752326617668
2,1512,1514,0.1540666651550668
2,1518,1520,0.15406593066464647
2,1515,1517,0.15406530536851992
2,1515,1517,0.1540647763863068
2,1503,1505,0.15406433222486457
2,1519,1521,0.15406396263544028
2,1516,1518,0.15406365848517556
2,1508,1510,0.15406341164154216
2,1515,1517,0.15406321486842642
2,1519,1521,0.15406306173270656
2,1520,1522,0.15406294652028
2,1527,1529,0.15406286416060117
2,1528,1530,0.15406281015888232
2,1530,1532,0.15406278053519362
2,1515,1517,0.1540627717697738
2,1515,1517,0.154062780753931
2,1506,1508,0.15406280474597434
1,1526,1527,0.1540628413316722
2,1519,1521,0.1540650577688841
2,1516,1518,0.15406491076094342
2,1520,1522,0.15406478991235376
2,1514,1516,0.15406469196812844
2,1523,1525,0.15406461403223337
2,1511,1513,0.15406455353016965
2,1501,1503,0.15406450817534206
2,1507,1509,0.1540644759388358
2,1518,1520,0.154064455022263
2,1522,1524,0.15406444383337278
2,1529,1531,0.15406444096414834
2,1519,1521,0.154064445171144
1,1518,1519,0.15406445535783642
1,1516,1517,0.15406665952677523
1,1505,1506,0.15406873322722162
1,1513,1514,0.15407068403486085
1,1514,1515,0.1540725191003149
1,1524,1525,0.15407424517147142
1,1524,1525,0.15407586861480138
1,1527,1528,0.15407739543569207
1,1515,1516,0.15407883129782587
1,1511,1512,0.15408018154163391
1,1492,1493,0.15408145120185726
1,1490,1491,0.15408264502424607
1,1503,1504,0.15408376748143035
1,1520,1521,0.15408482278799268
1,1520,1521,0.15408581491477677
1,1515,1516,0.15408674760246172
1,1511,1512,0.1540876243744346
1,1508,1509,0.15408844854899084
1,1499,1500,0.1540892232508931
1,1507,1508,0.15408995142231757
1,1499,1500,0.1540906358332158
1,1500,1501,0.15409127909111986
1,1500,1501,0.15409188365041776
1,1507,1508,0.15409245182112374
0,1506,1506,0.15409298577716976
