1371,27,1398,0.13579591877527564
1410,28,1438,0.13294108104854885
1437,30,1467,0.1302371822261307
1441,30,1471,0.12770317198274594
1452,31,1483,0.12538926818162285
1452,29,1481,0.12325768161565298
1455,28,1483,0.12131797335554394
1458,30,1488,0.11954632458958683
1463,28,1491,0.11792870253185353
1469,27,1496,0.1164421779182753
1487,27,1514,0.115073622276539
1483,28,1511,0.1137832943238217
1467,26,1493,0.11262058696925065
1478,25,1503,0.11160442786760569
1470,24,1494,0.11065622543161718
1472,24,1496,0.10981342546281088
1462,25,1487,0.10903988548620556
1466,25,1491,0.10836241267139744
1463,24,1487,0.1077376926059146
1463,25,1488,0.10717774459948615
1465,27,1492,0.10666910963322764
1471,26,1497,0.10620203616128591
1473,26,1499,0.10576425243730038
1476,25,1501,0.10536052301307619
1466,24,1490,0.1049852212630141
1466,24,1490,0.10466762527434423
1475,23,1498,0.10437772676907048
1463,22,1485,0.10409272619056736
1465,21,1486,0.10386359477099262
1467,21,1488,0.10364945253100345
1468,22,1490,0.10345027162033621
1469,22,1491,0.1032678815905011
1464,21,1485,0.10310093005809647
1462,23,1485,0.10295828732347807
1471,24,1495,0.10283325479263279
1470,23,1493,0.1026990226995278
1469,24,1493,0.10257906675977634
1478,24,1502,0.10247146691371022
1470,22,1492,0.10235151171048336
1470,22,1492,0.10225994816932904
1476,21,1497,0.10217675562924042
1473,21,1494,0.10208729524688483
1463,21,1484,0.10201321587834894
1462,21,1483,0.10196776597092803
1472,22,1494,0.10192901923494806
1470,22,1492,0.10187101267721982
1471,19,1490,0.1018249312773624
1481,18,1499,0.10178101932388639
1462,18,1480,0.1017195523969136
1459,17,1476,0.10170516683300031
1467,17,1484,0.1016972778039036
1481,14,1495,0.10167306505923637
1475,15,1490,0.10161887404772266
1489,15,1504,0.10158030844147169
1480,16,1496,0.10151326521978789
1490,17,1507,0.10147156744682864
1477,15,1492,0.10141109282408195
1477,15,1492,0.10138510565263878
1473,15,1488,0.10136302223870938
1481,15,1496,0.1013513699383886
1475,14,1489,0.10132360455837512
1464,15,1479,0.10131147004222175
1462,15,1477,0.10132635779178246
1463,16,1479,0.1013435818800663
1480,16,1496,0.10135599056412146
1489,17,1506,0.10133016528780829
1492,16,1508,0.10128820906475897
1500,16,1516,0.1012417912225833
1501,16,1517,0.1011776201152942
1503,16,1519,0.10111804568133316
1492,16,1508,0.1010593466448287
1478,16,1494,0.10103190950726017
1480,17,1497,0.10103658488556143
1478,17,1495,0.10103874930034688
1461,18,1479,0.10104598977062317
1463,17,1480,0.10109086095040593
1456,17,1473,0.10113025827443323
1467,17,1484,0.10118149010759644
1466,19,1485,0.101203016961581
1476,19,1495,0.10122380561567614
1481,19,1500,0.10122056175407096
1476,19,1495,0.10120571625369511
1479,18,1497,0.10120391046465713
1482,15,1497,0.10119593233177834
1493,15,1508,0.1011805870725231
1481,15,1496,0.10114274753367188
1488,15,1503,0.10113340844316504
1473,15,1488,0.10110795523048967
1469,15,1484,0.10111828701538615
1475,16,1491,0.10113957603206382
1479,15,1494,0.10114476378380488
1469,15,1484,0.10114202017965745
1476,15,1491,0.10116147527704357
1484,15,1499,0.10116450343644065
1488,15,1503,0.10114826557052164
1485,16,1501,0.10112430582592688
1486,15,1501,0.10111043512028893
1480,15,1495,0.10109437712900764
1491,14,1505,0.10109287020966573
1476,15,1491,0.1010654742519777
1463,14,1477,0.10107423650722941
1475,15,1490,0.10111017681658367
1483,17,1500,0.10111606161001252
1480,16,1496,0.10110452538936153
1491,16,1507,0.1011001610204212
1484,17,1501,0.10107016552555095
1479,16,1495,0.10105940904832728
1470,16,1486,0.10105990064039688
1471,16,1487,0.10108133370051303
1474,15,1489,0.10109964354714585
1462,14,1476,0.10110924047602687
1461,14,1475,0.10114484167318885
1460,14,1474,0.10117945836771305
1461,12,1473,0.10121429023136255
1467,12,1479,0.10124220800363684
1463,12,1475,0.10125365947552098
1465,12,1477,0.10127484120375119
1469,12,1481,0.10128869796883906
1468,11,1479,0.10129152833019868
1478,10,1488,0.10129464502080615
1493,10,1503,0.10127668503526038
1489,10,1499,0.10122493901983859
1486,10,1496,0.10118880543342666
1482,11,1493,0.10116205691365089
1484,11,1495,0.10114500352876014
1483,10,1493,0.10112529826438436
1472,10,1482,0.10110909414521912
1459,9,1468,0.10111809245132143
1467,8,1475,0.10115669225775183
1469,9,1478,0.10117357404857394
1471,10,1481,0.10118548581458567
1474,11,1485,0.1011913538677566
1476,10,1486,0.10118844831646356
1480,9,1489,0.10118122677198327
1467,13,1480,0.10116597911909228
1480,13,1493,0.10118109323832514
1471,13,1484,0.10116600328085244
1471,13,1484,0.10117221311271617
1474,14,1488,0.10117731699689504
1486,15,1501,0.10117673094717779
1476,15,1491,0.10115052213821002
1484,14,1498,0.10114879274378957
1496,14,1510,0.10112814416807872
1503,14,1517,0.10108227026536198
1489,14,1503,0.10102427276221729
1482,13,1495,0.10100337732041599
1477,13,1490,0.10100086323444535
1487,13,1500,0.10101070297107728
1478,14,1492,0.10099692196043453
1482,14,1496,0.1010032739829833
1485,14,1499,0.10100096182144813
1493,13,1506,0.1009921176766912
1485,15,1500,0.10096674091094403
1484,18,1502,0.10096092911748578
1472,18,1490,0.10095904890058595
1485,19,1504,0.10098342341376167
1480,20,1500,0.10097622085993128
1481,21,1502,0.10098380820348149
1488,20,1508,0.10098757230400299
1477,21,1498,0.10097706755866069
1467,19,1486,0.10099283399917748
1460,19,1479,0.10103041956380526
1467,20,1487,0.10108031803805709
1469,20,1489,0.10110979415613794
1471,21,1492,0.1011319823993769
1461,19,1480,0.1011469931441208
1465,19,1484,0.10118300619363184
1473,20,1493,0.10120673014543752
1473,20,1493,0.10121046809280417
1478,21,1499,0.10121529886649912
1468,19,1487,0.10120864986213483
1473,20,1493,0.10122544650859652
1483,21,1504,0.10123108986096786
1480,21,1501,0.10121387232260334
1486,20,1506,0.10120446269845422
1484,19,1503,0.10118247822029794
1464,19,1483,0.10116540597291791
1470,19,1489,0.10119328763712115
1467,19,1486,0.10120598382728914
1470,19,1489,0.10122598875073124
1469,18,1487,0.10123514149901873
1453,18,1471,0.1012470306765546
1443,18,1461,0.10129279958634997
1443,18,1461,0.1013603270793528
1464,18,1482,0.10141959022442937
1465,18,1483,0.10142846889508038
1465,17,1482,0.10143261263014565
1467,18,1485,0.10143638539619819
1467,17,1484,0.10143384302817057
1468,16,1484,0.10143058441909286
1463,18,1481,0.10142647781001358
1464,17,1481,0.10143156892078124
1481,16,1497,0.10143689879663198
1485,15,1500,0.10140113393141718
1480,15,1495,0.10136029754954787
1485,16,1501,0.10133179010878417
1484,16,1500,0.10129727722160035
1484,16,1500,0.10126956318429045
1485,16,1501,0.1012430986944634
1480,16,1496,0.10121700817922222
1485,16,1501,0.101204893160972
1488,15,1503,0.10118112337462509
1488,15,1503,0.10115285315451336
1486,14,1500,0.101127998322949
1480,14,1494,0.10111083579916107
1471,15,1486,0.10110929679743869
1481,16,1497,0.10112507658966713
1486,16,1502,0.10111802474105311
1482,16,1498,0.10110160119899808
1470,17,1487,0.10109491303684372
1468,18,1486,0.10111427093544645
1471,19,1490,0.10113696270581789
1481,19,1500,0.10115078161878464
1484,19,1503,0.10114286100888221
1484,19,1503,0.10112840092599364
1477,19,1496,0.10111453032595823
1475,20,1495,0.101116824004376
1459,21,1480,0.10112484124555003
1462,21,1483,0.10116956561891782
1467,24,1491,0.10120554626087852
1465,24,1489,0.10122744332626495
1475,25,1500,0.10125094216606807
1474,25,1499,0.10124925435041493
1473,26,1499,0.10125161197893644
1470,26,1496,0.10125596587904095
1463,26,1489,0.10126539729112195
1473,25,1498,0.10129043410200225
1483,23,1506,0.10129281591978635
1471,23,1494,0.10127239609317959
1473,23,1496,0.10127842360550768
1464,23,1487,0.10128056924607932
1476,23,1499,0.1013041413225368
1468,24,1492,0.10129828998802978
1468,25,1493,0.10130948649529006
1468,26,1494,0.10132146364367921
1477,23,1500,0.10133242111196754
1491,22,1513,0.10132239124422585
1478,25,1503,0.10128093615283731
1481,26,1507,0.10127189375214753
1479,25,1504,0.10125723132800026
1471,23,1494,0.10124789818996739
1461,24,1485,0.10125814285897583
1463,22,1485,0.10129077078141076
1460,23,1483,0.10131530840659395
1470,24,1494,0.10134397644267233
1472,25,1497,0.10134659762757263
1482,26,1508,0.10134561402507193
1481,23,1504,0.10132133698747785
1475,23,1498,0.10130155511296018
1466,21,1487,0.10129646832050458
1456,21,1477,0.10131308276081505
1456,21,1477,0.10135204468219876
1461,23,1484,0.10138701009753487
1474,22,1496,0.10140573765491723
1472,21,1493,0.10139532868185139
1477,21,1498,0.10138997684615714
1475,21,1496,0.10137362213332725
1485,22,1507,0.10136061201722338
1490,23,1513,0.10132602092217749
1488,23,1511,0.10128279754278482
1486,24,1510,0.10124905383853529
1473,25,1498,0.10122261323818271
1474,26,1500,0.10122903179941918
1458,25,1483,0.10123149768952842
1470,25,1495,0.1012706433631882
1458,25,1483,0.1012816653195808
1462,27,1489,0.10131923181563188
1466,26,1492,0.10134635928654728
1460,24,1484,0.10136252495579026
1473,24,1497,0.10139070547561783
1466,25,1491,0.10138574763474255
1452,26,1478,0.10139610541004146
1450,26,1476,0.10143655663545595
1456,25,1481,0.101479236498508
1457,24,1481,0.10150652577096102
1464,25,1489,0.10152867682445439
1474,24,1498,0.10153245186355558
1456,23,1479,0.10151029602563753
1458,23,1481,0.10153064281355544
1468,24,1492,0.1015440927682074
1459,25,1484,0.10153631877407737
1466,25,1491,0.10154668435314922
1462,25,1487,0.10154098284909818
1466,25,1491,0.10154209876876458
1464,24,1488,0.10153644590499637
1472,26,1498,0.10153582866786091
1466,25,1491,0.10151641632509344
1488,23,1511,0.1015130956731183
1477,24,1501,0.10146039905637033
1475,23,1498,0.10143673818343878
1476,23,1499,0.10142317580227157
1481,22,1503,0.10140774416043588
1472,23,1495,0.10138104604504283
1479,23,1502,0.10137594360301345
1487,22,1509,0.10135729202895473
1464,22,1486,0.10132089739420982
1483,21,1504,0.10133867537779356
1494,21,1515,0.10131068997834597
1474,21,1495,0.1012620607938908
1469,21,1490,0.1012617001270307
1470,21,1491,0.10127265671017777
1471,22,1493,0.10128078784020382
1471,21,1492,0.10128723632625135
1467,21,1488,0.10129397676939426
1467,20,1487,0.10130988353983973
1461,18,1479,0.10132484316085832
1462,17,1479,0.1013510384744877
1454,17,1471,0.10137307279574095
1466,18,1484,0.10140986346943531
1470,19,1489,0.10141847564356735
1466,19,1485,0.10141579009255337
1456,19,1475,0.101422347656768
1456,20,1476,0.1014513361279282
1455,20,1475,0.10147677856191209
1466,19,1485,0.10150522204111519
1465,18,1483,0.1015059406882347
1461,18,1479,0.1015075775112729
1461,18,1479,0.10151818248862668
1450,17,1467,0.1015275167605058
1452,18,1470,0.10155852082758045
1454,17,1471,0.10158323777887794
1467,17,1484,0.10160144022330023
1476,17,1493,0.10158917290128365
1479,17,1496,0.10155533761348966
1477,16,1493,0.10151530450141552
1492,17,1509,0.10148359954587459
1481,17,1498,0.10142063137771634
1473,16,1489,0.10138707981764412
1484,16,1500,0.10137611328577217
1470,16,1486,0.10133998873207868
1468,16,1484,0.10133854120005978
1475,16,1491,0.10134228832792858
1483,16,1499,0.10132969795355315
1472,16,1488,0.10129953621975794
1476,17,1493,0.10129721004993147
1478,16,1494,0.10128821689005264
1483,17,1500,0.10127370944962294
1482,17,1499,0.10125044174638262
1483,21,1504,0.10123066417307601
1487,21,1508,0.1012117128312034
1484,22,1506,0.10118658133445578
1468,21,1489,0.10117121223695089
1465,21,1486,0.10119407851912776
1482,21,1503,0.10122106941205367
1481,21,1502,0.10120677581927914
1487,21,1508,0.10119585092157195
1474,21,1495,0.1011730511025955
1481,21,1502,0.10118263620707081
1472,22,1494,0.10117505794354216
1474,22,1496,0.10118824806189254
1474,23,1497,0.10119497875892922
1478,23,1501,0.1011987008684
1466,23,1489,0.10119540825897509
1478,21,1499,0.10122025139139287
1474,21,1495,0.10121604810289381
1476,21,1497,0.10122173664746917
1464,21,1485,0.10122198721063043
1469,22,1491,0.10124865879324112
1468,22,1490,0.10126275688712387
1472,22,1494,0.10127715160086442
1476,21,1497,0.1012814281332505
1485,21,1506,0.10127486433401187
1475,24,1499,0.1012499726092184
1479,23,1502,0.1012496005484709
1472,23,1495,0.1012389195127494
1479,22,1501,0.10124377898029006
1476,23,1499,0.10123209037336423
1472,21,1493,0.10122863120866682
1464,21,1485,0.10123516699406718
1460,19,1479,0.1012629099120946
1461,20,1481,0.10129928039139895
1459,22,1481,0.1013286611943018
1463,24,1487,0.10135874758023843
1477,25,1502,0.10137837984657776
1467,24,1491,0.10136394424239129
1461,23,1484,0.10137311798724735
1470,25,1495,0.10139415364116626
1481,25,1506,0.10139432167800438
1484,26,1510,0.10137010675764195
1480,28,1508,0.10133934392921257
1486,29,1515,0.10132065236231876
1485,29,1514,0.10129107668440669
1468,29,1497,0.1012669433047971
1464,27,1491,0.10128381957546732
1469,28,1497,0.10130730226549907
1455,24,1479,0.10131840646369722
1454,26,1480,0.10135992745008196
1460,28,1488,0.10140180885875295
1448,29,1477,0.10142864803784729
1447,29,1476,0.10148157341401781
1451,32,1483,0.10153139490009852
1453,31,1484,0.10156688741769287
1472,32,1504,0.10159326663606078
1455,32,1487,0.10157570017063444
1454,33,1487,0.10159886945623392
1467,32,1499,0.10162251030136277
1464,32,1496,0.10161441736669094
1467,33,1500,0.10161399562685171
1454,33,1487,0.10160711760104613
1460,34,1494,0.10162841363011867
1465,34,1499,0.10163612023105337
1469,37,1506,0.10163162261502555
1456,39,1495,0.10161775703026507
1452,38,1490,0.10163430915906865
1441,39,1480,0.10165892740061963
1451,38,1489,0.10170811993761314
1453,38,1491,0.1017321078448622
1459,36,1495,0.10174749745308265
1462,37,1499,0.10174753577505247
1450,37,1487,0.10174228950902617
1437,42,1479,0.10176646039868974
1457,40,1497,0.101819356601954
1457,39,1496,0.10182369883599948
1451,38,1489,0.10182782872492993
1449,42,1491,0.10184576938762625
1434,43,1477,0.1018667122034628
1433,44,1477,0.10192014076488612
1432,45,1477,0.10197010560272105
1424,47,1471,0.10201879192201306
1421,50,1471,0.10208068225243828
1425,51,1476,0.1021450899483623
1427,52,1479,0.10219602269738981
1441,52,1493,0.10223813803574835
1455,50,1505,0.10224456636452948
1456,50,1506,0.10221984470715659
1450,50,1500,0.10219515236904252
1449,51,1500,0.10218673396518384
1445,51,1496,0.10218277144261599
1444,51,1495,0.10218815800281861
1443,51,1494,0.10219647631807949
1434,49,1483,0.10220689110971996
1454,53,1507,0.10223597188929473
1451,50,1501,0.10221871339270956
1442,50,1492,0.1022103861079201
1445,49,1494,0.10222207392461517
1453,51,1504,0.10222683780697096
1453,52,1505,0.10221220471682202
1429,53,1482,0.10219909098527742
1437,53,1490,0.10223995894623135
1445,55,1500,0.10226063712007409
1439,54,1493,0.10226261618966694
1435,54,1489,0.10227917410685361
1431,53,1484,0.10230388698753373
1432,50,1482,0.10233434526574299
1433,53,1486,0.10236012315429655
1430,53,1483,0.10238156103336847
1439,51,1490,0.10241044137444884
1444,52,1496,0.10241906786426375
1438,52,1490,0.10241549845787289
1432,51,1483,0.1024258821766735
1437,49,1486,0.1024447839225318
1450,51,1501,0.10245014164533156
1444,50,1494,0.10242493749651795
1450,49,1499,0.10241660582341523
1454,50,1504,0.10239362489419532
1439,50,1489,0.10236051422641596
1428,49,1477,0.10236611267194767
1432,50,1482,0.1023944166688888
1430,50,1480,0.10241164638304141
1437,53,1490,0.1024290073209476
1441,55,1496,0.1024324999088706
1449,54,1503,0.1024264361272686
1443,55,1498,0.10240465389488186
1433,56,1489,0.10239924144267917
1428,56,1484,0.10241588660001827
1425,55,1480,0.102443117171577
1443,55,1498,0.10247370975310113
1442,53,1495,0.10245918302291182
1440,53,1493,0.10245113678161612
1433,55,1488,0.10244885741300593
1436,54,1490,0.10246449036658067
1440,54,1494,0.1024718552694862
1435,51,1486,0.10246945202551114
1440,53,1493,0.10247865723132596
1445,55,1500,0.10247594558067806
1454,53,1507,0.10246355303273307
1455,52,1507,0.10243056119782717
1448,53,1501,0.1023974973213635
1436,54,1490,0.10238178054338593
1447,52,1499,0.10239507305002053
1449,54,1503,0.10238166770912092
1443,55,1498,0.1023648738135909
1441,53,1494,0.10236415744792401
1440,54,1494,0.10236753977424617
1448,56,1504,0.10237594929539963
1443,58,1501,0.10236528584887589
1446,57,1503,0.1023670541496257
1441,58,1499,0.10235986161580451
1445,59,1504,0.10236466756279615
1455,58,1513,0.1023589712123664
1464,56,1520,0.10233247308261348
1456,58,1514,0.10228703435027885
1443,58,1501,0.10226428038324947
1450,57,1507,0.10227358827190133
1446,60,1506,0.10226660149732808
1439,60,1499,0.10227003465465667
1436,60,1496,0.10229000487993675
1424,61,1485,0.10231503822669047
1420,60,1480,0.10236566820905932
1432,58,1490,0.1024226112335945
1443,56,1499,0.10244714009014318
1447,57,1504,0.10244686285738445
1438,57,1495,0.10243694810589749
1437,56,1493,0.10244502670516184
1449,56,1505,0.10245509085872388
1433,55,1488,0.10243884046631971
1436,53,1489,0.102457995154265
1435,56,1491,0.10246985938757387
1431,56,1487,0.1024833299179603
1427,58,1485,0.10250486842620017
1418,61,1479,0.10253265671366261
1437,60,1497,0.10257729023434262
1437,59,1496,0.10257650776000236
1447,56,1503,0.10257707183681769
1437,56,1493,0.10255587839454056
1442,56,1498,0.1025585861835485
1443,59,1502,0.10254910229061302
1429,59,1488,0.10253731159553815
1433,59,1492,0.10256032149411434
1442,62,1504,0.10257175863743428
1434,63,1497,0.10256218199913178
1424,63,1487,0.10257215412181156
1419,63,1482,0.10260526579003176
1414,65,1479,0.10264670073953958
1407,65,1472,0.10269519042139894
1415,65,1480,0.10275611161676233
1419,65,1484,0.10279314401411913
1427,66,1493,0.10281549894143943
1425,66,1491,0.10281768908159444
1417,67,1484,0.10282663646376036
1418,67,1485,0.1028519081947254
1425,67,1492,0.1028738275928685
1429,65,1494,0.1028801911224453
1424,67,1491,0.1028754204792384
1418,67,1485,0.10288132289885894
1428,68,1496,0.10290115007047705
1420,68,1488,0.10289780281572841
1428,70,1498,0.10291289803569903
1427,66,1493,0.10290781176170137
1432,69,1501,0.10290669045822483
1423,70,1493,0.10289195002109798
1413,71,1484,0.10289872247958014
1412,72,1484,0.10292799077345295
1428,73,1501,0.10295737198101854
1429,75,1504,0.10295084026790118
1432,78,1510,0.1029406434366729
1426,79,1505,0.1029266647428959
1416,77,1493,0.1029265995322847
1401,79,1480,0.1029507668034561
1398,78,1476,0.10300697501545457
1399,77,1476,0.10306601878915579
1412,76,1488,0.10311938751700261
1413,77,1490,0.10313859170259299
1416,76,1492,0.1031535647848754
1416,76,1492,0.10316267942057632
1413,77,1490,0.10317077835484209
1421,80,1501,0.10318346718101555
1425,80,1505,0.10317726006381267
1410,80,1490,0.10316195964821955
1408,79,1487,0.10318094810280848
1418,78,1496,0.10320232649980103
1424,77,1501,0.10320062625439314
1420,80,1500,0.10318786366961576
1420,79,1499,0.10318727891813001
1419,77,1496,0.10318645885081205
1408,76,1484,0.10318713758872253
1413,75,1488,0.10321384673276125
1417,74,1491,0.10322632937836076
1429,74,1503,0.10322830116348204
1433,74,1507,0.1032024528449936
1426,73,1499,0.10316932086262927
1434,69,1503,0.1031533625955003
1426,68,1494,0.10311911220484571
1420,73,1493,0.10310515698667289
1409,75,1484,0.10310481118278311
1415,72,1487,0.10312885634534187
1400,73,1473,0.10313599426392049
1411,71,1482,0.10317759817275977
1415,73,1488,0.10319256231229179
1414,73,1487,0.10319686919222137
1407,75,1482,0.10320376724679844
1409,75,1484,0.10322578451672294
1419,73,1492,0.10323978388891857
1409,77,1486,0.10323195271446092
1404,80,1484,0.10324650033196481
1399,78,1477,0.10327175088056105
1403,76,1479,0.10330727048837762
1420,76,1496,0.10333144896805362
1409,76,1485,0.10331447734695055
1412,76,1488,0.10332389597235778
1404,79,1483,0.10332415704503399
1405,78,1483,0.1033412785623041
1420,78,1498,0.10335511784248495
1414,77,1491,0.1033338657862402
1411,75,1486,0.10332583655387839
1411,77,1488,0.10332749001141181
1408,79,1487,0.10333097626554257
1406,80,1486,0.10334303521865991
1425,82,1507,0.10335876860869267
1427,81,1508,0.1033256397918786
1414,80,1494,0.10329177919450469
1420,82,1502,0.10329199075539112
1419,82,1501,0.10327900510237961
1412,81,1493,0.10327052726868752
1411,82,1493,0.10328017698312028
1398,79,1477,0.10329207213175659
1398,81,1479,0.10333118460353984
1407,82,1489,0.1033694579559943
1411,80,1491,0.1033821632714127
1407,75,1482,0.10338290286259517
1404,77,1481,0.10339235961654519
1410,76,1486,0.10340663542982603
1406,82,1488,0.10340640532395931
1424,81,1505,0.10341594460110537
1415,84,1499,0.1033852165267704
1404,82,1486,0.1033783453328172
1405,82,1487,0.10339535694211617
1395,84,1479,0.10341000790836671
1396,87,1483,0.10344475419603265
1387,82,1469,0.1034741602855894
1396,88,1484,0.10352160001649592
1402,88,1490,0.10354577637418749
1392,84,1476,0.10355586241049779
1392,87,1479,0.10358465917056897
1407,87,1494,0.1036094636762682
1413,85,1498,0.10359986132442735
1397,84,1481,0.10357860548711019
1407,86,1493,0.10359635612647362
1416,84,1500,0.10358964037058971
1413,82,1495,0.10356298961564157
1403,81,1484,0.10354575114019152
1394,81,1475,0.10354860025286264
1390,82,1472,0.10357219481648067
1402,83,1485,0.10360275575574138
1404,79,1483,0.10360419595054639
1415,82,1497,0.1036037620055383
1425,81,1506,0.1035819052993137
1420,81,1501,0.10353642695776401
1416,81,1497,0.10350335824039268
1397,84,1481,0.10348402483805959
1387,85,1472,0.1035073867652493
1399,85,1484,0.10355125792297436
1409,85,1494,0.10356567809577476
1414,83,1497,0.10355746201726398
1417,82,1499,0.10353926296055008
1400,80,1480,0.10351418211555277
1401,81,1482,0.10352987981306619
1399,79,1478,0.103541987200994
1409,80,1489,0.10355894077506765
1412,78,1490,0.10355213885708778
1418,79,1497,0.10353706663972581
1424,81,1505,0.10351057610961395
1429,81,1510,0.10347349620330856
1423,80,1503,0.10342663685489334
1421,83,1504,0.10339533986680167
1412,84,1496,0.10337025371795282
1414,85,1499,0.10336726315213803
1412,84,1496,0.10335959614548586
1402,83,1485,0.1033589440528724
1401,87,1488,0.10338232659219479
1398,84,1482,0.10340742677147684
1401,83,1484,0.10343878714112859
1403,84,1487,0.10346123122940128
1394,85,1479,0.10347630823184957
1422,88,1510,0.1035093714686489
1424,89,1513,0.10347562331116439
1412,87,1499,0.1034415603426368
1404,86,1490,0.10343817189261414
1391,88,1479,0.10345326318715717
1398,88,1486,0.10349139658630384
1408,87,1495,0.1035100521717113
1405,88,1493,0.10350864918409779
1409,91,1500,0.1035158144932092
1390,92,1482,0.10351335399676004
1406,93,1499,0.10355323529747096
1421,92,1513,0.10355406341537378
1417,92,1509,0.10352237111789986
1419,91,1510,0.10350280197960447
1422,94,1516,0.10348021971603945
1414,89,1503,0.10345274582822477
1401,86,1487,0.10344469152677575
1410,84,1494,0.10346595775749226
1411,83,1494,0.10346887437570138
1399,84,1483,0.10346949675754397
1413,79,1492,0.1034939546710316
1404,78,1482,0.10348651497940964
1410,79,1489,0.10349686053491709
1415,80,1495,0.1034932343128297
1419,79,1498,0.10347870934921495
1412,82,1494,0.10345583747718176
1415,83,1498,0.10345014340016057
1403,84,1487,0.10343821261893787
1407,83,1490,0.10345347165240948
1403,85,1488,0.1034599899630395
1401,89,1490,0.10347198314182492
1407,86,1493,0.10349077302319266
1405,83,1488,0.10349532303335841
1408,81,1489,0.10350413306668863
1407,80,1487,0.10350613789663374
1417,82,1499,0.10350830354309125
1405,84,1489,0.10348654747014045
1412,84,1496,0.10349455450985945
1415,85,1500,0.10348757601095128
1416,83,1499,0.10347362101227013
1405,84,1489,0.10345648356284316
1415,83,1498,0.10346635298299396
1404,83,1487,0.10345124822952435
1394,79,1473,0.10346365011365095
1407,77,1484,0.10349622174912447
1409,78,1487,0.10349603654990663
1406,78,1484,0.1034921145070884
1407,79,1486,0.10349750401754453
1410,79,1489,0.1034990667255457
1403,81,1484,0.10349407929640937
1409,81,1490,0.10350469833569466
1412,79,1491,0.10350272727343973
1420,81,1501,0.1034917632277834
1427,81,1508,0.10346218837849908
1424,84,1508,0.10341950269348504
1424,82,1506,0.10338428871869906
1421,80,1501,0.1033517111685182
1423,81,1504,0.10332901983308794
1411,84,1495,0.10330589349433154
1413,82,1495,0.10331029703203999
1406,80,1486,0.10330985604266424
1415,79,1494,0.10332595559770157
1400,84,1484,0.103320075562237
1404,85,1489,0.10334873325984258
1413,85,1498,0.10336611833571968
1407,85,1492,0.10336227076420874
1404,87,1491,0.10337245104749485
1400,84,1484,0.10338758473102537
1426,88,1514,0.10341142080330315
1436,86,1522,0.10337632337833348
1424,85,1509,0.10332024241172101
1405,84,1489,0.10329672633429521
1410,83,1493,0.10331848817973135
1408,86,1494,0.10332961967846133
1390,90,1480,0.10334250350535018
1404,87,1491,0.1033949638323784
1402,83,1485,0.10341087886619206
1404,83,1487,0.10343130551210626
1419,88,1507,0.10344548669895126
1430,85,1515,0.10342542190750798
1426,85,1511,0.1033797429292198
1422,86,1508,0.10334655437140261
1405,85,1490,0.10332567744231706
1408,82,1490,0.10334514913252395
1404,79,1483,0.10335808107659329
1409,83,1492,0.10337860081294573
1418,82,1500,0.10338612533766306
1412,84,1496,0.10337368822653453
1408,87,1495,0.10337656141231637
1417,86,1503,0.10338724241897979
1419,86,1505,0.10337681542690612
1417,88,1505,0.10336216384149935
1424,91,1515,0.10335343406536097
1410,89,1499,0.10333228318862821
1399,89,1488,0.10334150891805123
1405,87,1492,0.10337725534477578
1390,90,1480,0.10339365510317379
1404,90,1494,0.10344471621463038
1399,86,1485,0.1034614558179716
1389,88,1477,0.10348804011865355
1377,91,1468,0.10353482892890355
1402,91,1493,0.10360507502478918
1396,88,1484,0.10361371997344009
1406,90,1496,0.10363511359747606
1386,90,1476,0.10362855261698208
1395,85,1480,0.10366798949534271
1395,90,1485,0.1036860084720718
1400,87,1487,0.10370330094227548
1395,86,1481,0.10370972458259763
1395,84,1479,0.10372501566477739
1398,84,1482,0.10373812394548498
1399,84,1483,0.1037435601746548
1415,86,1501,0.10374423606787449
1399,85,1484,0.10370666442746825
1403,88,1491,0.1037076546227504
1399,86,1485,0.10370209201341898
1410,88,1498,0.10370663874683625
1407,88,1495,0.10368677790814664
1413,91,1504,0.10367382592698389
1416,92,1508,0.10365060875197825
1407,90,1497,0.10362171711506088
1409,89,1498,0.1036165092949578
1411,90,1501,0.10360767616858274
1403,92,1495,0.10359494527863948
1395,90,1485,0.10360185101273613
1395,91,1486,0.10362615717102994
1398,89,1487,0.10364988175480953
1398,88,1486,0.1036650238931136
1399,89,1488,0.1036773121310679
1419,89,1508,0.10368717476104747
1412,86,1498,0.10365125243352172
1406,88,1494,0.1036327657555621
1400,87,1487,0.10362832854751314
1411,86,1497,0.10363514892771633
1404,92,1496,0.10361718056735413
1408,91,1499,0.10361747860858209
1418,92,1510,0.10360832918457057
1413,93,1506,0.10357813278787362
1416,91,1507,0.1035633860244047
1409,92,1501,0.10354356590279615
1412,93,1505,0.10353981534239998
1405,95,1500,0.10353126318467204
1407,97,1504,0.10353921096960315
1420,96,1516,0.10354344772722802
1408,95,1503,0.10351929366584148
1404,98,1502,0.10352344277544173
1401,99,1500,0.10353633114468846
1389,97,1486,0.1035559563064114
1388,94,1482,0.10360284903139391
1392,95,1487,0.10364984988383
1403,94,1497,0.10368609162936769
1407,92,1499,0.10369275250943058
1408,92,1500,0.10368873879275516
1401,91,1492,0.10368442552811943
1406,87,1493,0.10369649130240821
1401,89,1490,0.10369375995685301
1384,89,1473,0.10369948598430419
1392,85,1477,0.10374179697740765
1393,90,1483,0.10376392728653919
1388,90,1478,0.10378336165157415
1405,87,1492,0.1038113299871411
1403,91,1494,0.10379994183829697
1397,93,1490,0.10379366488127374
1410,94,1504,0.10380154616919635
1404,93,1497,0.10377985478749956
1401,92,1493,0.10377405163955589
1409,92,1501,0.10377735511095729
1408,92,1500,0.10376198002631236
1419,90,1509,0.10374942469260437
1426,88,1514,0.10370970539076226
1424,90,1514,0.10365679385142709
1409,86,1495,0.10361011717049856
1406,87,1493,0.10360025248192153
1415,86,1501,0.10360041291612003
1417,81,1498,0.10358057094387316
1396,82,1478,0.10356008859414603
1394,86,1480,0.10358789652360624
1402,87,1489,0.1036160613642789
1396,84,1480,0.10362369313967085
1409,86,1495,0.10364289359594935
1401,84,1485,0.10363140577779834
1410,81,1491,0.10363771303028853
1411,80,1491,0.10362460235797286
1408,79,1487,0.10360739957729477
1399,80,1479,0.10359603687541323
1402,79,1481,0.10360545215462152
1398,81,1479,0.1036088731340444
1410,81,1491,0.10361989954808998
1395,82,1477,0.1036027941180064
1389,79,1468,0.10362029380067055
1394,79,1473,0.10365031266225802
1402,76,1478,0.10366729735864112
1402,77,1479,0.10366315202025728
1404,80,1484,0.10365864560235707
1409,77,1486,0.10364826967082902
1395,73,1468,0.10362902804545797
1404,74,1478,0.10364496802882713
1403,74,1477,0.1036371993181787
1404,75,1479,0.10363234236485873
1413,75,1488,0.10362630989782538
1431,77,1508,0.1035982067146638
1420,74,1494,0.10353121774189335
1422,74,1496,0.10349225425127524
1425,73,1498,0.10345265213374574
1420,73,1493,0.10341233900152268
1429,71,1500,0.10338530761517156
1430,70,1500,0.10333785695447155
1422,71,1493,0.10329269649744706
1415,70,1485,0.10326722799600503
1416,64,1480,0.10325901073250138
1425,64,1489,0.10324957952256626
1424,64,1488,0.10321801593516607
1435,65,1500,0.10319169294230886
1427,65,1492,0.10314390639001537
1422,66,1488,0.10311708930756293
1422,67,1489,0.10310484207259223
1417,67,1484,0.10309598014505349
1427,67,1494,0.10309985813600007
1423,70,1493,0.10308123004285584
1426,71,1497,0.10307403365639127
1432,74,1506,0.10306044768782453
1434,75,1509,0.10303479167140363
1425,76,1501,0.10300753944502596
1424,77,1501,0.10300392308201353
1425,73,1498,0.10300191482911124
1418,75,1493,0.10299837803831931
1426,76,1502,0.1030103856968705
1421,74,1495,0.10300496530475345
1413,75,1488,0.10300849546659373
1408,76,1484,0.1030316665195908
1406,76,1482,0.10306506633962172
1407,77,1484,0.1031018963316634
1405,78,1483,0.10313402873581395
1406,80,1486,0.10316647377125858
1409,81,1490,0.10319326617166646
1412,79,1491,0.10321068656415018
1415,78,1493,0.10322251103294851
1421,75,1496,0.10322531383219269
1420,76,1496,0.10321325624053468
1427,75,1502,0.1032070307866525
1431,78,1509,0.10318579343787984
1415,76,1491,0.10315727892874552
1422,77,1499,0.10316696083930342
1415,77,1492,0.10316008593536882
1412,78,1490,0.10316826470807648
1416,78,1494,0.10318363973582756
1402,76,1478,0.10318747819422815
1421,81,1502,0.10322207324513072
1419,79,1498,0.10321201522187774
1421,83,1504,0.10320761948997502
1419,81,1500,0.10319960312829463
1418,81,1499,0.10319762231559836
1416,79,1495,0.10319664465318187
1399,81,1480,0.10320013252101251
1401,83,1484,0.10324188881421917
1414,79,1493,0.10327575784421068
1406,82,1488,0.10327873791481508
1407,82,1489,0.10329984950541363
1407,80,1487,0.10331647515344948
1420,79,1499,0.10333230977290041
1419,77,1496,0.10331716402179118
1418,82,1500,0.10330651331673638
1414,82,1496,0.10329701653052005
1411,81,1492,0.10329887916410878
1424,81,1505,0.10330457662004147
1421,78,1499,0.10328341751943325
1423,77,1500,0.10327082662445079
1439,79,1518,0.10325240225575236
1424,78,1502,0.10319903609519106
1426,79,1505,0.10318492243957365
1421,80,1501,0.10316822054754175
1421,82,1503,0.10316427079974755
1428,82,1510,0.10316165818313476
1415,83,1498,0.10314452275982447
1407,81,1488,0.10315920721675376
1413,81,1494,0.10319285876185608
1420,79,1499,0.10321060658733909
1421,81,1502,0.10321092691446608
1407,81,1488,0.10320876571421823
1404,81,1485,0.10323889371352195
1417,80,1497,0.1032729693280832
1414,80,1494,0.10327322021657437
1407,82,1489,0.10327855913548213
1413,80,1493,0.1032988345163421
1424,79,1503,0.10330650054509555
1424,80,1504,0.10328807921700614
1413,80,1493,0.10327043702952711
1424,76,1500,0.10327771449083466
1418,75,1493,0.10325956784282088
1424,75,1499,0.10325597380690837
1410,74,1484,0.10324128961096703
1401,75,1476,0.1032595277669591
1406,74,1480,0.10329468352506957
1404,76,1480,0.10331754095440299
1413,78,1491,0.10334113704400295
1403,79,1482,0.10334365051295975
1426,78,1504,0.1033672087900894
1436,75,1511,0.10333837164781448
1416,71,1487,0.103287836197389
1426,74,1500,0.10328511751607347
1425,75,1500,0.10325829962537313
1427,76,1503,0.10323572649386267
1424,75,1499,0.10321047116209925
1422,78,1500,0.10319557963815541
1414,79,1493,0.10318539699008268
1409,75,1484,0.10319553442646257
1400,74,1474,0.10321556886081712
1394,77,1471,0.1032549124220115
1408,80,1488,0.10330590925075167
1404,81,1485,0.10332179004232823
1403,80,1483,0.10334418081949956
1420,77,1497,0.10336796812508861
1413,81,1494,0.10335028030491167
1420,78,1498,0.10335077223481609
1428,78,1506,0.103336805519642
1427,76,1503,0.10330443666947721
1423,80,1503,0.10327565651091714
1422,81,1503,0.1032589376317052
1405,81,1486,0.10324749048396349
1413,82,1495,0.10327573526318487
1415,80,1495,0.1032836438386111
1416,79,1495,0.10328447184752396
1409,79,1488,0.10327931566635612
1402,81,1483,0.10329187118081803
1397,82,1479,0.10331798464262974
1394,83,1477,0.1033555019651417
1400,85,1485,0.10339761786429794
1404,85,1489,0.10342358295949541
1403,83,1486,0.1034404421169266
1404,81,1485,0.10345757311267618
1420,83,1503,0.103469151344257
1422,81,1503,0.10344460967084956
1423,80,1503,0.10341918295927054
1423,81,1504,0.10339217478124024
1427,83,1510,0.10336862995519173
1417,83,1500,0.10333915470658099
1423,87,1510,0.1033354228609042
1420,85,1505,0.10331676316737845
1414,85,1499,0.10330785832734281
1402,84,1486,0.1033142190316142
1409,84,1493,0.10334417330382191
1403,84,1487,0.10335933390441403
1404,85,1489,0.10338634193629606
1412,87,1499,0.10340676870750556
1415,90,1505,0.10340556196779499
1409,92,1501,0.10339762807248022
1399,94,1493,0.10340511409202495
1405,95,1500,0.10343501657211547
1396,93,1489,0.10344881508005421
1397,94,1491,0.10348252644265848
1392,89,1481,0.10351060879967144
1391,89,1480,0.10354753888182873
1392,90,1482,0.1035839540058587
1386,90,1476,0.10361624103899965
1383,94,1477,0.10366075941422143
1389,92,1481,0.10370921139083535
1390,92,1482,0.10374081084491897
1393,90,1483,0.1037706811528216
1391,93,1484,0.10379301524236467
1387,94,1481,0.10381640338207003
1397,95,1492,0.10384554031693029
1397,98,1495,0.10385002142899465
1398,100,1498,0.10385302151581563
1395,102,1497,0.10385132007892887
1390,98,1488,0.10385790707169801
1387,97,1484,0.10387672272359261
1397,98,1495,0.10390295702743992
1403,98,1501,0.1039026508064504
1414,101,1515,0.10388662794026025
1419,101,1520,0.10384551289711802
1414,98,1512,0.10379555802257005
1395,98,1493,0.10376265361938923
1394,98,1492,0.10377642259921008
1395,101,1496,0.10379104552783044
1397,104,1501,0.10380290062155155
1398,103,1501,0.10380937211177425
1397,102,1499,0.10381282818101402
1397,101,1498,0.10381899570872459
1390,103,1493,0.10382481138738645
1396,104,1500,0.10384704489200298
1398,105,1503,0.10385685436213767
1387,106,1493,0.10385987003678167
1391,105,1496,0.10388844377892405
1382,103,1485,0.10390608551588212
1382,107,1489,0.10394206972521701
1391,107,1498,0.10397505131025561
1380,107,1487,0.10398524100160715
1389,108,1497,0.10401814639027165
1401,108,1509,0.10402836231597036
1399,105,1504,0.10401150994657712
1397,107,1504,0.1040003658138205
1402,106,1508,0.10399607137026994
1394,105,1499,0.10398326585056866
1393,104,1497,0.10398977609826769
1390,106,1496,0.10399901369566013
1399,105,1504,0.10401405133696276
1395,107,1502,0.10400524336639906
1398,107,1505,0.10400775381127943
1378,108,1486,0.1040040595502888
1388,111,1499,0.10404579714444946
1389,113,1502,0.10406385613032242
1383,112,1495,0.10407967381818438
1390,114,1504,0.10410563088145323
1389,114,1503,0.10411453114402235
1388,111,1499,0.10412493990376373
1378,108,1486,0.1041367062598383
1380,107,1487,0.10416718748312175
1387,105,1492,0.10418986485856928
1394,107,1501,0.10419671303386453
1396,107,1503,0.10418661141661337
1380,106,1486,0.1041738801081593
1385,108,1493,0.10419678254907144
1385,107,1492,0.10420716998523388
1400,106,1506,0.10421681370375055
1391,106,1497,0.10419243868291556
1393,105,1498,0.10419220903465902
1393,105,1498,0.10418601142476891
1403,102,1505,0.10417955576916736
1394,106,1500,0.10415105179854862
1405,106,1511,0.10414353767648908
1410,103,1513,0.10411181105517862
1400,105,1505,0.10406995688790957
1394,102,1496,0.10405238927821343
1396,99,1495,0.10405307639837982
1404,100,1504,0.10404600289465701
1397,102,1499,0.10402064750864533
1396,103,1499,0.10401500839656919
1388,109,1497,0.10401226573127537
1378,108,1486,0.10402942195475572
1385,110,1495,0.10406749048937879
1376,109,1485,0.1040857873265393
1400,109,1509,0.10412345193714677
1388,113,1501,0.10410504943074937
1389,112,1501,0.10411729138915113
1390,114,1504,0.10412547749301401
1387,112,1499,0.10413212914277974
1394,116,1510,0.10414478382186963
1383,116,1499,0.10413849154723546
1383,114,1497,0.10415781776152261
1383,115,1498,0.10417631320301128
1389,116,1505,0.10419342681166224
1390,114,1504,0.1041956720548292
1396,111,1507,0.1041940358212895
1393,112,1505,0.10418154125130892
1389,118,1507,0.10417646165461719
1386,122,1508,0.10418262076567579
1372,123,1495,0.10419497356016304
1377,122,1499,0.1042387592879956
1385,124,1509,0.10426934029957881
1369,125,1494,0.10427988475275411
1379,124,1503,0.10432317444289833
1375,125,1500,0.10433814320839091
1369,122,1491,0.10436388642721478
1366,124,1490,0.1044038738706626
1367,122,1489,0.10444596533896036
1354,124,1478,0.10448240983538373
1359,127,1486,0.10454515061358897
1361,125,1486,0.10459112492541774
1357,127,1484,0.1046275072819683
1362,123,1485,0.10467121898359054
1356,125,1481,0.10470093960395634
1357,125,1482,0.10474299868401403
1354,124,1478,0.10477849790703297
1357,119,1476,0.10481929509525205
1360,121,1481,0.10484965610920359
1361,122,1483,0.1048670871939099
1360,123,1483,0.10488279813293815
1363,124,1487,0.10489487678143426
1353,125,1478,0.10489907498999966
1363,128,1491,0.10492624253678433
1370,128,1498,0.10493001922776399
1372,127,1499,0.10491872867748206
1368,131,1499,0.10490407505802306
1375,129,1504,0.10490068102500512
1367,132,1499,0.10488166810481328
1354,134,1488,0.10488326133603244
1351,132,1483,0.10491448781605009
1352,138,1490,0.10494952798246918
1361,133,1494,0.10498317665054423
1358,133,1491,0.10499497311742122
1352,132,1484,0.10501584123501732
1360,132,1492,0.10504679371281388
1370,133,1503,0.1050544118770682
1350,132,1482,0.10504020977505864
1341,135,1476,0.10507013426391446
1351,138,1489,0.10512051331266509
1348,137,1485,0.10514555350973032
1366,141,1507,0.10517630846584197
1358,136,1494,0.10516220518367572
1371,139,1510,0.10516878195501843
1365,138,1503,0.10514512845368998
1373,136,1509,0.10513528501419758
1369,133,1502,0.10511076900844397
1365,135,1500,0.10509712319868372
1363,139,1502,0.10509342896443111
1357,137,1494,0.10509365425170861
1354,134,1488,0.10510501669644472
1358,133,1491,0.10512196798517018
1366,135,1501,0.10513061726295385
1353,134,1487,0.10512072375475537
1348,137,1485,0.10514305939636767
1360,133,1493,0.10517262521110107
1359,135,1494,0.10517436994954153
1364,132,1496,0.10517734455177706
1359,131,1490,0.1051684812338814
1355,133,1488,0.1051714703132206
1356,135,1491,0.10518408972145789
1348,140,1488,0.10519277587959025
1353,138,1491,0.10521697537384193
1348,138,1486,0.10522981216011068
1348,136,1484,0.1052546585412226
1352,140,1492,0.1052783429481951
1364,140,1504,0.10529057891271948
1366,143,1509,0.10527375986832223
1361,141,1502,0.1052541180998007
1344,141,1485,0.10524726997503495
1344,144,1488,0.10528059894501408
1350,141,1491,0.10531069030919958
1339,137,1476,0.10532784246007403
1341,137,1478,0.10536652106754449
1359,134,1493,0.10539586665918695
1343,129,1472,0.10538322347384316
1359,129,1488,0.10540224236895396
1351,133,1484,0.10538008583755432
1338,133,1471,0.1053774101098214
1331,132,1463,0.10540785958231355
1333,131,1464,0.10545483030532697
1338,131,1469,0.10549326494740946
1343,129,1472,0.10551651428515217
1355,127,1482,0.10552744248393411
1352,131,1483,0.10550990636996183
1364,133,1497,0.10550160609941131
1360,128,1488,0.10546727425729895
1346,136,1482,0.10544502515225115
1337,138,1475,0.10545538189499591
1331,139,1470,0.10548706765395992
1339,141,1480,0.10553223961911612
1338,139,1477,0.1055532545681319
1339,142,1481,0.10557661189319967
1342,147,1489,0.10559468765710374
1336,148,1484,0.10560718964448915
1329,147,1476,0.105634047384229
1337,147,1484,0.10567503977791023
1346,143,1489,0.10569192311073039
1355,144,1499,0.10568782306240701
1370,144,1514,0.10566365717062098
1361,146,1507,0.10560424023640057
1355,143,1498,0.10557090981304272
1349,143,1492,0.10555493603521045
1356,147,1503,0.10555396497391673
1363,147,1510,0.1055372114392053
1346,149,1495,0.10550277970703917
1344,145,1489,0.10551097974814481
1358,147,1505,0.10552191262094202
1366,146,1512,0.10550224768925415
1362,142,1504,0.10546843966267953
1362,145,1507,0.10544770784574402
1350,148,1498,0.10542976705172392
1359,149,1508,0.10544065028208713
1353,151,1504,0.10543087844051512
1352,151,1503,0.10543805805611572
1355,152,1507,0.10544620306244999
1344,150,1494,0.10544760016952166
1342,150,1492,0.10547428926490716
1344,147,1491,0.10550098941204614
1343,147,1490,0.10552111854863157
1341,147,1488,0.105541265213543
1353,147,1500,0.10556451794792877
1348,147,1495,0.10555786229723257
1345,150,1495,0.1055608933268487
1353,150,1503,0.10557071639909082
1351,153,1504,0.10556005450167735
1350,150,1500,0.10555490757615864
1355,150,1505,0.10555291072196535
1346,147,1493,0.10553859850970225
1341,151,1492,0.10554622196488239
1327,150,1477,0.10556595390224613
1339,150,1489,0.10561664909242552
1335,156,1491,0.10563985975493662
1334,152,1486,0.10567154897185177
1343,155,1498,0.10570228419699557
1331,155,1486,0.10570704144664227
1334,154,1488,0.1057402374363381
1345,152,1497,0.10576476500723166
1345,152,1497,0.10576177491423085
1345,150,1495,0.10576085369823429
1338,154,1492,0.10576282926630096
1344,147,1491,0.10577649243342123
1327,149,1476,0.10577504814265054
1337,152,1489,0.10580903102190956
1335,151,1486,0.10581777530178936
1341,150,1491,0.10583131638523746
1353,150,1503,0.10583015943213712
1354,151,1505,0.10580250422077939
1350,151,1501,0.10577554050176641
1351,155,1506,0.10576294357351365
1358,156,1514,0.10574652221078612
1344,156,1500,0.10571550267524749
1350,154,1504,0.10571916562420886
1343,153,1496,0.10570965499753125
1355,150,1505,0.10571784103235586
1346,150,1496,0.10570005341861549
1333,152,1485,0.1057021624626256
1339,151,1490,0.10573331918000237
1344,152,1496,0.10574803902118816
1338,151,1489,0.10575148502030217
1334,150,1484,0.10576934307647022
1334,152,1486,0.1057929246106999
1332,155,1487,0.10581283057254055
1335,160,1495,0.10583469824112193
1334,160,1494,0.1058480206157741
1334,163,1497,0.10586255256498708
1339,160,1499,0.10587785419596236
1330,161,1491,0.10588079941317201
1347,165,1512,0.10590283131763932
1341,168,1509,0.10588194580772399
1338,168,1506,0.10587740262624483
1340,168,1508,0.10588229915257096
1334,169,1503,0.10588067122970511
1331,172,1503,0.10589504938344114
1338,170,1508,0.10591500939907464
1339,168,1507,0.10592040240693784
1341,167,1508,0.10592298315580362
1348,170,1518,0.10592072035162631
1340,173,1513,0.10590170862460307
1345,170,1515,0.10590346509683977
1337,171,1508,0.10589642150698601
1343,173,1516,0.1059073425184161
1335,175,1510,0.10590470493097716
1334,172,1506,0.10592163349458747
1335,168,1503,0.1059386864824641
1323,168,1491,0.10595556169824785
1326,170,1496,0.10599893809061565
1330,171,1501,0.10603064174698781
1327,174,1501,0.10605125777178945
1323,178,1501,0.10607592907697612
1328,179,1507,0.10610817161796987
1326,181,1507,0.10612849370844867
1318,182,1500,0.10615059430699153
1321,177,1498,0.10618893688867544
1323,173,1496,0.1062190934913335
1321,177,1498,0.10624198105297658
1323,174,1497,0.10626730468895836
1309,173,1482,0.10628525269558604
1317,177,1494,0.10633587785437527
1314,174,1488,0.10636198245981777
1315,176,1491,0.1063922033954396
1319,169,1488,0.10641769983441013
1326,172,1498,0.10643019120128283
1323,169,1492,0.10642647044539132
1326,167,1493,0.10642981295916897
1315,166,1481,0.1064236883624277
1313,168,1481,0.10644298717321873
1303,168,1471,0.10646865694736428
1310,170,1480,0.10651423855610645
1318,168,1486,0.10654105805822396
1328,172,1500,0.10654804643449185
1337,174,1511,0.10652905142512104
1325,177,1502,0.10648896562425843
1330,174,1504,0.10648179423539045
1335,175,1510,0.10646278425008723
1330,174,1504,0.10643532700046734
1327,176,1503,0.10642394649234081
1323,182,1505,0.10641953553571751
1307,181,1488,0.10642738885914067
1296,187,1483,0.10647151917821886
1291,190,1481,0.10653592996470207
1304,192,1496,0.10660843309660091
1308,189,1497,0.10664806035062137
1314,182,1496,0.10667691595607938
1318,185,1503,0.10668880370648277
1316,189,1505,0.10669219906819069
1313,188,1501,0.1067000777489279
1316,185,1501,0.10671359949878316
1309,188,1497,0.10672146672432806
1295,191,1486,0.10674388902609439
1295,191,1486,0.10679734417704449
1293,187,1480,0.10684831750708447
1302,186,1488,0.10689664125511522
1301,190,1491,0.10691992628653406
1308,183,1491,0.10694351706356198
1295,184,1479,0.10695181850477056
1286,187,1473,0.1069883312645172
1303,188,1491,0.10704167603597277
1304,187,1491,0.10705232307897766
1304,182,1486,0.1070601806926464
1300,187,1487,0.1070694968966302
1305,193,1498,0.10708782911647356
1320,197,1517,0.1070948782519287
1315,199,1514,0.10706508174943778
1312,198,1510,0.1070500845790377
1299,199,1498,0.10704359175996342
1304,203,1507,0.10706811421039748
1298,199,1497,0.1070797359396685
1291,199,1490,0.10710388196507058
1296,198,1494,0.10714289474833542
1289,201,1490,0.10716817012763746
1293,202,1495,0.10720446130959772
1303,202,1505,0.10722925195637059
1309,200,1509,0.10722985562891157
1295,201,1496,0.10721373561168496
1296,206,1502,0.10723379655802226
1290,207,1497,0.10725153172634204
1298,206,1504,0.1072823212692446
1293,206,1499,0.10729379818511987
1295,209,1504,0.10731592031227369
1291,210,1501,0.1073321448634664
1295,212,1507,0.10735815414778153
1285,216,1501,0.10737256878329739
1279,216,1495,0.1074088631198534
1260,211,1471,0.10745437480379325
1259,212,1471,0.10753856629215075
1260,214,1474,0.10761686560091319
1263,214,1477,0.10768932295555604
1287,219,1506,0.10774942981470431
1282,218,1500,0.10775219564745583
1285,220,1505,0.10776608718786707
1294,221,1515,0.10777153438161388
1294,214,1508,0.1077581339053325
1278,216,1494,0.10774486900957667
1280,217,1497,0.10777074994434259
1286,211,1497,0.10778772342238951
1277,212,1489,0.10779102825581109
1281,217,1498,0.1078151490813474
1272,217,1489,0.10782882262531542
1277,222,1499,0.10786099905367524
1274,224,1498,0.10788127888237282
1269,229,1498,0.10790495757799892
1269,227,1496,0.10793860865499154
1259,220,1479,0.10797233079874885
1271,225,1496,0.10802402886612494
1274,221,1495,0.10804570481057052
1268,224,1492,0.10805762792546154
1276,220,1496,0.10808477189197292
1274,223,1497,0.10809037382362195
1247,226,1473,0.10809989756687992
1263,227,1490,0.10816859611746774
1258,233,1491,0.10819374379091416
1267,233,1500,0.1082320429406807
1268,234,1502,0.10824604595401127
1249,237,1486,0.10825987886813696
1245,236,1481,0.10831402382506294
1244,240,1484,0.10837570579024822
1251,240,1491,0.10843485361275579
1243,244,1487,0.10847429102503382
1250,245,1495,0.10852935982675234
1239,250,1489,0.10856334827289692
1244,252,1496,0.10862166153066807
1244,244,1488,0.10866499715362185
1250,249,1499,0.10870862405005223
1252,247,1499,0.10873274876588232
1249,242,1491,0.10874866825708013
1241,246,1487,0.1087716295775638
1243,249,1492,0.10881113390377256
1251,241,1492,0.10884232930802966
1261,239,1500,0.10885125925929034
1251,238,1489,0.10883531046478037
1252,238,1490,0.1088448400562232
1236,238,1474,0.10885136674839253
1241,236,1477,0.10889404304771723
1238,234,1472,0.10892205749755203
1238,242,1480,0.10895451047675815
1222,242,1464,0.10898549194291478
1244,239,1483,0.1090506717320776
1252,245,1497,0.10906075069573028
1253,248,1501,0.10905110461327816
1261,254,1515,0.10904115915803994
1277,254,1531,0.10901329875557464
1261,252,1513,0.10895259114192442
1257,254,1511,0.10893348882420216
1253,253,1506,0.1089268633417484
1257,248,1505,0.10893106268042445
1266,241,1507,0.10892385273823668
1260,245,1505,0.10889794675787473
1252,242,1494,0.1088868007010967
1260,241,1501,0.10889569298446589
1266,245,1511,0.10888410899171848
1260,246,1506,0.10886173385746073
1260,243,1503,0.10885219689671491
1257,246,1503,0.10884214498962612
1265,239,1504,0.10883942852099443
1262,236,1498,0.10881890037102923
1261,233,1494,0.1088074564268105
1261,232,1493,0.1087988922255026
1256,238,1494,0.10878934384805937
1260,238,1498,0.1087904805343436
1268,242,1510,0.10878465064692522
1270,237,1507,0.10876453484869611
1261,234,1495,0.1087381188173458
1251,238,1489,0.1087354042024559
1248,241,1489,0.10875657322207356
1245,242,1487,0.1087842067599711
1240,243,1483,0.10881579577678774
1240,244,1484,0.10885585574172833
1242,248,1490,0.10889479388683654
1244,245,1489,0.10892573161808398
1238,253,1491,0.10894898811466462
1233,252,1485,0.10898683332110157
1236,253,1489,0.10903142886178507
1244,253,1497,0.10906658020739951
1247,253,1500,0.10908090237923952
1253,251,1504,0.10908554427188612
1263,249,1512,0.1090752936463247
1253,246,1499,0.10904405587517546
1254,240,1494,0.10903934195699641
1253,239,1492,0.10903138716328492
1256,245,1501,0.10902343786553986
1256,244,1500,0.10901142683074486
1253,241,1494,0.10899924704816627
1264,239,1503,0.10899699185924977
1269,235,1504,0.10896813819604986
1269,235,1504,0.1089279383529195
1264,235,1499,0.1088920938278014
1266,238,1504,0.1088690428829886
1256,242,1498,0.10884381715098596
1252,247,1499,0.10884435575733704
1241,247,1488,0.1088547412466346
1244,245,1489,0.10888945666268741
1233,243,1476,0.10891445158803753
1239,245,1484,0.1089625995806042
1249,248,1497,0.10899723880520006
1246,250,1496,0.10900336194994473
1235,249,1484,0.10901838269810767
1231,254,1485,0.10905782072399496
1240,250,1490,0.10910426916225793
1245,254,1499,0.10912694983216518
1235,256,1491,0.10913899343045014
1225,256,1481,0.10917213174978802
1229,257,1486,0.10922333101781528
1236,260,1496,0.10926064057390406
1243,257,1500,0.10928235127931099
1229,260,1489,0.10928534335324654
1232,254,1486,0.10932025210870122
1228,256,1484,0.10934625410948197
1226,259,1485,0.10937884294051681
1240,261,1501,0.10941487647926205
1238,266,1504,0.109415717079359
1234,269,1503,0.10942127196216661
1226,271,1497,0.10943493821512794
1225,265,1490,0.10946700097872611
1235,269,1504,0.1095011938557693
1221,269,1490,0.10950686988196318
1226,264,1490,0.10954183678079865
1216,265,1481,0.10956228126057846
1227,267,1494,0.10960592189108893
1234,269,1503,0.10962372482747497
1233,267,1500,0.10962341538849575
1226,270,1496,0.10962656681494658
1222,272,1494,0.10964633455165324
1223,267,1490,0.10967415634800962
1228,271,1499,0.10969958198508795
1227,269,1496,0.10971073427797336
1231,265,1496,0.10972514714714798
1221,270,1491,0.10972988869313913
1217,269,1486,0.10975592121988505
1220,276,1496,0.10978689961350355
1220,272,1492,0.10981042789967187
1226,277,1503,0.10983475484364913
1237,286,1523,0.10984365167068968
1228,285,1513,0.10982814776755116
1205,284,1489,0.10983654425420725
1214,282,1496,0.1098960413255131
1214,280,1494,0.10992843024224666
1220,275,1495,0.10995872045499111
1226,278,1504,0.10997376528460713
1210,282,1492,0.1099729510985728
1210,280,1490,0.11000971661951735
1211,276,1487,0.11004329592664047
1218,280,1498,0.11006976736351289
1225,276,1501,0.11007864609458683
1232,279,1511,0.11007346599173742
1224,280,1504,0.11005311070863823
1228,284,1512,0.11005046513295876
1210,288,1498,0.11003873888619292
1226,286,1512,0.11007216759708668
1209,282,1491,0.11006804866099296
1209,286,1495,0.1101035041695123
1217,286,1503,0.11013372524465945
1209,291,1500,0.11014527963857827
1217,295,1512,0.11017412032078443
1219,292,1511,0.11018366483089106
1226,289,1515,0.11018940491840844
1230,285,1515,0.11017719416997633
1227,284,1511,0.11015811149262912
1227,288,1515,0.11014728761550092
1233,290,1523,0.11013764991213151
1223,286,1509,0.11011475964584755
1212,287,1499,0.1101161186886278
1210,287,1497,0.11014343384235961
1204,299,1503,0.11017038925460883
1201,298,1499,0.11021100877529054
1195,302,1497,0.11025586598917769
1187,301,1488,0.11031178175104124
1188,305,1493,0.11038416653865739
1200,304,1504,0.1104504621177968
1190,304,1494,0.11048568065261506
1184,301,1485,0.11053796432333807
1180,305,1485,0.11059954111501248
1187,309,1496,0.11066663976805374
1184,311,1495,0.11071185493129913
1190,304,1494,0.11076162272823745
1198,302,1500,0.11079436773601085
1198,304,1502,0.11080716606903518
1194,308,1502,0.11081848898136382
1194,306,1500,0.1108382103169695
1195,303,1498,0.1108533296399992
1190,299,1489,0.11086262338464531
1193,304,1497,0.11088532886828681
1184,309,1493,0.11090090899808501
1177,307,1484,0.11093379482023318
1162,308,1470,0.11097877279747305
1182,312,1494,0.1110545300172267
1174,305,1479,0.11108016730202991
1172,300,1472,0.11112265512983985
1190,299,1489,0.11116635885364035
1193,305,1498,0.11116347663012041
1188,305,1493,0.11115200297021474
1176,301,1477,0.11115218333081056
1173,307,1480,0.11118102402578253
1162,311,1473,0.11121592886585564
1174,312,1486,0.11127250177750454
1182,312,1494,0.11129737451801759
1179,312,1491,0.11130227459598423
1177,316,1493,0.11131618713595433
1184,314,1498,0.11133155612626876
1186,316,1502,0.11133150611428785
1187,316,1503,0.11132815456839439
1175,313,1488,0.1113257677754925
1162,320,1482,0.11135280470246628
1156,319,1475,0.1114096370065808
1162,317,1479,0.11147837551242912
1167,321,1488,0.11152521371567957
1163,325,1488,0.11155746132813021
1168,326,1494,0.11159558463194363
1177,323,1500,0.11162028090315616
1178,321,1499,0.1116225109234676
1172,322,1494,0.11162077187583921
1179,326,1505,0.11163515039226093
1169,336,1505,0.11163229620023717
1165,335,1500,0.11165159452348244
1172,333,1505,0.11167786684291166
1164,329,1493,0.11168486264296008
1177,325,1502,0.11171245378520357
1168,329,1497,0.11171046566226096
1166,336,1502,0.1117285147385212
1163,338,1501,0.11175076851392392
1156,338,1494,0.1117795278086746
1139,339,1478,0.11182409723053385
1158,338,1496,0.11190396318494988
1175,344,1519,0.1119337069265864
1157,347,1504,0.1119239274327035
1158,346,1504,0.11195371727465028
1144,350,1494,0.11197967324001994
1156,342,1498,0.11203570588415794
1151,343,1494,0.11205797278238812
1159,344,1503,0.11209134182967474
1160,348,1508,0.11210727567545156
1155,350,1505,0.11211866201294775
1156,346,1502,0.11214271996284023
1168,350,1518,0.11216164963579299
1167,347,1514,0.11215108825011427
1160,348,1508,0.11214325954458271
1152,348,1500,0.11215469467780387
1159,347,1506,0.11218326075541274
1158,351,1509,0.11219452084736614
1162,346,1508,0.112207744684282
1146,349,1495,0.11220782248918339
1151,346,1497,0.11224517739576118
1154,344,1498,0.11226750515261653
1147,344,1491,0.11228459977634841
1147,344,1491,0.11231469436511769
1139,342,1481,0.11234145866248124
1146,343,1489,0.11238656155290394
1157,351,1508,0.11241032367955153
1147,344,1491,0.11240848306930397
1145,339,1484,0.11243041674233574
1146,344,1490,0.11245374790804392
1143,343,1486,0.1124746459205597
1145,338,1483,0.11250044390045076
1142,346,1488,0.11251780964592922
1135,344,1479,0.11253959723408036
1135,346,1481,0.11257819909530772
1148,346,1494,0.11261191662132315
1150,346,1496,0.11261450570207213
1152,348,1500,0.11261164815572147
1150,347,1497,0.11260333116335332
1147,347,1494,0.11260216461243325
1131,343,1474,0.11260824302261983
1124,342,1466,0.1126493692954672
1136,344,1480,0.1127000553221129
1135,350,1485,0.11271939197663575
1133,349,1482,0.11274162685788021
1138,353,1491,0.11276532038158742
1144,353,1497,0.11277546450567513
1142,355,1497,0.11277350700751139
1143,354,1497,0.11277699053266677
1143,352,1495,0.11277574388052361
1143,355,1498,0.11277566989832877
1145,358,1503,0.11277949517778554
1139,358,1497,0.11277644081930699
1140,356,1496,0.11278743046047811
1133,358,1491,0.11279556985293304
1138,358,1496,0.11281953970618985
1139,354,1493,0.11283353915652575
1153,358,1511,0.11284678180127465
1144,362,1506,0.11282876598410557
1139,362,1501,0.11283317599533202
1135,368,1503,0.1128470366163446
1126,369,1495,0.11287012963860533
1124,364,1488,0.11291317530062671
1114,369,1483,0.11295844104907087
1127,371,1498,0.11302189758829075
1129,368,1497,0.11305112349116442
1141,374,1515,0.1130742134708603
1136,374,1510,0.11306604128906664
1129,375,1504,0.1130719146273719
1126,374,1500,0.11309441555198348
1134,377,1511,0.1131231413031578
1128,374,1502,0.11313252906379624
1134,372,1506,0.11315174064295688
1130,373,1503,0.11315939979594855
1118,380,1498,0.11317479423646723
1110,385,1495,0.1132129971921791
1101,385,1486,0.11326869628954737
1110,384,1494,0.11334231751578482
1125,387,1512,0.11339248533815867
1115,392,1507,0.11340717002822846
1119,378,1497,0.11344263106215972
1115,385,1500,0.11346733486394033
1114,387,1501,0.11349702434371775
1110,382,1492,0.11352516120971132
1117,385,1502,0.11355816800401104
1121,387,1508,0.11357432603324127
1116,387,1503,0.11358107884351415
1109,394,1503,0.1135990679840453
1098,394,1492,0.11363212185499595
1087,394,1481,0.11368735670086555
1092,394,1486,0.11376301503667699
1095,388,1483,0.113818659038646
1105,387,1492,0.11386410434299704
1100,387,1487,0.11388459376981387
1094,388,1482,0.11391644685194718
1091,391,1482,0.11395897064894411
1091,393,1484,0.11400405866561933
1087,396,1483,0.11404623374978215
1084,397,1481,0.11409711903971628
1080,400,1480,0.11415130266900907
1091,398,1489,0.11420879054282983
1093,393,1486,0.11423957826627042
1085,399,1484,0.11426470558438133
1095,400,1495,0.11430731524210777
1108,402,1510,0.11432461568207705
1108,406,1514,0.11431236324321635
1097,411,1508,0.11430212583884906
1112,401,1513,0.1143165552822108
1107,397,1504,0.11429564925390892
1099,397,1496,0.11429017095372145
1104,400,1504,0.11430088047736087
1105,398,1503,0.11429834944672429
1100,402,1502,0.11429461327292581
1086,402,1488,0.11430591627956574
1097,403,1500,0.11435068256756818
1083,405,1488,0.1143645051149278
1098,410,1508,0.11440981062862904
1083,409,1492,0.1144192379923393
1080,414,1494,0.11446386299194387
1078,416,1494,0.11450846408324968
1085,405,1490,0.11455631668492743
1084,404,1488,0.11458484428188216
1082,405,1487,0.11461318235779655
1093,405,1498,0.11464467684396543
1088,398,1486,0.11464621106663568
1089,400,1489,0.11465898573790965
1096,404,1500,0.11466729504009952
1090,406,1496,0.11466181864058411
1088,412,1500,0.1146671849096083
1068,407,1475,0.11467694748633088
1078,414,1492,0.11473031951480102
1092,412,1504,0.11475535638518948
1102,409,1511,0.11474843609852314
1100,408,1508,0.11472066309127076
1098,404,1502,0.11470134169947777
1096,398,1494,0.1146867593487101
1102,399,1501,0.1146790152680554
1094,404,1498,0.11465481010426905
1099,398,1497,0.11465061238472227
1100,394,1494,0.11463170509241889
1103,394,1497,0.11461242632802957
1092,386,1478,0.1145858838510242
1089,391,1480,0.11458637054285437
1087,391,1478,0.11459429798418733
1090,389,1479,0.11460708912721379
1102,385,1487,0.11461026329501749
1095,393,1488,0.11458825349931487
1106,393,1499,0.11458329343742445
1116,390,1506,0.11454978819251467
1121,385,1506,0.11449595112686324
1129,389,1518,0.1144354347365756
1130,386,1516,0.11436188861893518
1129,384,1513,0.11428902904419509
1126,383,1509,0.1142238168517684
1131,388,1519,0.11417186773837149
1131,384,1515,0.1141119430955327
1126,382,1508,0.11405713996961922
1116,382,1498,0.11401744392508491
1123,379,1502,0.1140034445706461
1120,377,1497,0.11397287556946498
1118,378,1496,0.11395209588119105
1114,379,1493,0.11394076302679944
1124,384,1508,0.11394220769448736
1134,383,1517,0.11392047353766482
1119,383,1502,0.11387558003387475
1108,381,1489,0.11386869935262624
1111,377,1488,0.11388370371617836
1103,382,1485,0.11389250367095155
1112,384,1496,0.11391816541501093
1117,390,1507,0.1139227681843817
1111,389,1500,0.1139186350300746
1110,395,1505,0.11392841024413486
1110,399,1509,0.11393774085602647
1104,401,1505,0.11394690200107106
1114,396,1510,0.11397034793357641
1113,400,1513,0.11397015248094793
1107,395,1502,0.11397147711391485
1113,396,1509,0.11398712860213074
1109,399,1508,0.11398562217377649
1111,402,1513,0.11399325557678558
1104,407,1511,0.11399704722013607
1110,405,1515,0.11401697973141177
1099,403,1502,0.11402461066173572
1106,406,1512,0.11405681867332987
1105,409,1514,0.11407216023262558
1107,402,1509,0.11408909937057056
1103,399,1502,0.1140992442302639
1095,399,1494,0.11411803155205442
1090,402,1492,0.11415424692077879
1096,406,1502,0.11420017224219993
1101,401,1502,0.1142293483564829
1097,402,1499,0.11424208522911929
1101,410,1511,0.11426172785288362
1094,412,1506,0.11427064786130202
1077,417,1494,0.11429757658383326
1072,417,1489,0.11436092955575651
1085,410,1495,0.11443235656982019
1081,415,1496,0.11446890242115342
1082,414,1496,0.11451176300849056
1094,412,1506,0.1145483488794107
1079,414,1493,0.11455557186252525
1083,419,1502,0.11459450660294096
1082,417,1499,0.11462458750014454
1074,422,1496,0.11465182630231496
1075,424,1499,0.11469580421362822
1067,426,1493,0.11473485330232013
1066,429,1495,0.11479042736887404
1071,424,1495,0.1148434076880158
1071,420,1491,0.11488357065039607
1082,424,1506,0.11491948159822185
1085,429,1514,0.11492837660001458
1082,424,1506,0.11492926905279881
1077,426,1503,0.11493643123891814
1075,432,1507,0.11495536836150716
1074,418,1492,0.1149787850820027
1066,423,1489,0.11500426722849419
1054,414,1468,0.11504482605265778
1059,416,1475,0.11511035328265452
1080,411,1491,0.11515756635591132
1085,415,1500,0.11514955509926175
1082,425,1507,0.11512898640818946
1083,422,1505,0.1151189449991859
1086,425,1511,0.1151076616626396
1080,427,1507,0.11509067820876244
1068,429,1497,0.11508862060185489
1070,431,1501,0.11511577890453722
1071,423,1494,0.11513708856357571
1060,431,1491,0.1151552282123889
1061,422,1483,0.11519448739179255
1052,427,1479,0.11522953370623772
1051,432,1483,0.11528331850504824
1056,435,1491,0.11533732177789585
1059,438,1497,0.11537613854100517
1049,442,1491,0.11540367000340163
1064,431,1495,0.11545270860745013
1074,434,1508,0.1154650715708315
1067,432,1499,0.11545306377715964
1069,421,1490,0.11545766336494706
1071,428,1499,0.11545590366511409
1062,422,1484,0.11545206895154507
1063,430,1493,0.115466923388629
1064,430,1494,0.11548144557385981
1066,427,1493,0.11549026539962616
1075,435,1510,0.11549159906593343
1068,434,1502,0.11547331105109095
1070,424,1494,0.11547249938647053
1077,430,1507,0.11546872704957782
1078,429,1507,0.11544768330131142
1060,431,1491,0.11542865285028656
1066,435,1501,0.1154525744408981
1069,435,1504,0.11545942207862214
1066,433,1499,0.11546103066221824
1067,434,1501,0.11546840428619543
1064,430,1494,0.11547290783290244
1062,431,1493,0.11548474991217723
1064,430,1494,0.11550128064418923
1063,440,1503,0.11551067696239997
1069,447,1516,0.11552239117285915
1074,440,1514,0.11552234183487647
1068,434,1502,0.11550881444508175
1067,429,1496,0.11550999809588085
1065,434,1499,0.11551480853917175
1056,445,1501,0.1155241882050169
1043,453,1496,0.11555296369635122
1038,446,1484,0.11560825740317249
1042,452,1494,0.11567061866658833
1052,449,1501,0.11571997972318158
1052,449,1501,0.11574418203472586
1053,451,1504,0.11576784922047421
1058,441,1499,0.1157892322588348
1062,439,1501,0.11579847164180851
1057,452,1509,0.11579674974477377
1060,447,1507,0.11580681883890516
1051,450,1501,0.11580919727233276
1054,449,1503,0.11582927752224002
1058,452,1510,0.11584048050893386
1064,446,1510,0.11584274178783055
1065,451,1516,0.11582998175052797
1056,451,1507,0.11581532789184151
1063,452,1515,0.11582271174631856
1057,455,1512,0.11581421151005443
1056,453,1509,0.11582354447590579
1038,447,1485,0.11583382277752463
1046,453,1499,0.1158839247358242
1056,454,1510,0.11591398701572986
1062,448,1510,0.11591798201082519
1056,448,1504,0.11591025198858407
1065,454,1519,0.11591393979487513
1053,450,1503,0.11589879930996907
1058,450,1508,0.11591101918021522
1039,447,1486,0.11591112525074684
1055,444,1499,0.11595450469974847
1052,444,1496,0.11595973101665451
1036,447,1483,0.11597020355521086
1030,455,1485,0.11601639355157328
1038,458,1496,0.1160731544442189
1039,458,1497,0.11610959350053213
1040,463,1503,0.11614245987787103
1042,468,1510,0.1161698977107339
1034,464,1498,0.11619013508348404
1017,460,1477,0.11622849255720281
1027,460,1487,0.11630308885401174
1027,461,1488,0.1163494321258884
1043,460,1503,0.11638924389400461
1039,456,1495,0.11638667162270679
1033,456,1489,0.11639404944423935
1037,461,1498,0.11641502192473045
1037,459,1496,0.1164263189516172
1035,461,1496,0.11643477582440072
1051,452,1503,0.1164467750365899
1057,453,1510,0.11642331294242572
1052,453,1505,0.11638469598876693
1051,448,1499,0.11636296013349327
1043,447,1490,0.116344553161453
1055,458,1513,0.11634923740488903
1042,465,1507,0.11632468107226188
1038,462,1500,0.11633075246553494
1041,461,1502,0.11634541489548375
1033,463,1496,0.11635291899782942
1037,468,1505,0.11638078530683442
1035,466,1501,0.11639774474925069
1033,459,1492,0.11641692491466436
1044,464,1508,0.11643894994276988
1032,461,1493,0.11643280337913212
1048,468,1516,0.11645356708040111
1052,470,1522,0.11643488931074755
1062,469,1531,0.11641075782441794
1060,474,1534,0.11636618068965322
1037,470,1507,0.11633059008511988
1034,470,1504,0.11635096036977849
1031,474,1505,0.11637687168830432
1029,472,1501,0.11640552822546864
1030,472,1502,0.1164362299994281
1033,478,1511,0.11646277441620967
1036,466,1502,0.11647929196463064
1023,468,1491,0.11648955105617975
1021,469,1490,0.11652769525872017
1024,473,1497,0.11656661273018543
1029,474,1503,0.11659774762176975
1031,467,1498,0.11661637560270759
1018,456,1474,0.11662956219999014
1021,477,1498,0.11667147359780661
1016,477,1493,0.11670485381174935
1012,481,1493,0.11674909623218738
1010,487,1497,0.11679962750274435
1015,488,1503,0.11685051752626649
1017,486,1503,0.11688430234183389
1018,493,1511,0.11691250231747627
1013,492,1505,0.1169341717345813
1008,494,1502,0.11696937652266856
1000,500,1500,0.1170149770801584
1004,498,1502,0.11707600455867315
1014,499,1513,0.1171244322701639
1011,503,1514,0.1171475168735106
1001,507,1508,0.11717507318372611
996,505,1501,0.11722468112034301
998,513,1511,0.1172815077803389
993,506,1499,0.11733378553320234
996,508,1504,0.1173927910944657
989,494,1483,0.1174390658655959
992,505,1497,0.11749955476250223
991,509,1500,0.11754807698089931
992,513,1505,0.11759662860093836
990,510,1500,0.11763928197295266
978,520,1498,0.11768623884345543
972,522,1494,0.11775927034013942
969,524,1493,0.11784125136338103
974,521,1495,0.11792431828917746
974,523,1497,0.1179913471275671
987,524,1511,0.11805273428862702
978,514,1492,0.1180792893966915
972,518,1490,0.11812348723777774
962,520,1482,0.11817711842525455
960,521,1481,0.11824986441410487
966,526,1492,0.11832066348965649
967,533,1500,0.11837248459980365
964,532,1496,0.11841849492063967
967,532,1499,0.11846730804504563
974,533,1507,0.11850829095450223
988,529,1517,0.11853179818932912
985,528,1513,0.1185175205652494
987,523,1510,0.11851143454243568
974,528,1502,0.11850120454907008
978,526,1504,0.1185200274953591
973,523,1496,0.11853047963229978
982,522,1504,0.11855105065805273
979,529,1508,0.11854906088003293
971,527,1498,0.11855482317562976
979,524,1503,0.11857636814261464
979,524,1503,0.1185770990191283
966,528,1494,0.11857753645346472
962,525,1487,0.11860547324281065
968,520,1488,0.11864212906127737
967,524,1491,0.1186612956249089
982,522,1504,0.11867660376560207
991,524,1515,0.11865818105379912
990,520,1510,0.11862131020340883
979,529,1508,0.11859007534395312
982,524,1506,0.11858719995577935
982,517,1499,0.11857857585676156
986,524,1510,0.11857144312768755
987,521,1508,0.11855822218045692
1002,526,1528,0.11854587973898298
1000,523,1523,0.11849546392436917
998,519,1517,0.11845569003977678
996,517,1513,0.118420959526193
999,509,1508,0.1183932670981143
990,514,1504,0.1183594927961309
993,506,1499,0.1183502107749483
985,505,1490,0.11833747325190226
968,515,1483,0.11834606834112449
970,522,1492,0.11839658396093217
974,524,1498,0.1184361218621838
972,524,1496,0.11846525525528612
973,536,1509,0.11850028754132884
969,542,1511,0.11853082942653037
974,542,1516,0.1185673670759866
974,538,1512,0.11858888676451806
972,539,1511,0.11860732164628239
974,532,1506,0.11863116203815163
968,531,1499,0.11864621068111368
983,534,1517,0.11867732488642847
983,539,1522,0.11867041632237445
976,532,1508,0.11866142726525102
982,531,1513,0.11866724938879575
979,525,1504,0.11865849611058074
976,526,1502,0.11865780265120021
979,530,1509,0.11866529316452379
972,519,1491,0.1186674035336102
970,525,1495,0.11868725943547645
973,523,1496,0.11871093836348051
964,531,1495,0.11872597146237016
965,526,1491,0.11875974534555853
956,528,1484,0.11878901846467324
963,528,1491,0.11883509398934665
964,527,1491,0.11886399431031858
958,532,1490,0.11888742123017228
964,540,1504,0.11892331327519554
961,539,1500,0.11894309349354609
963,535,1498,0.11896817812437373
953,529,1482,0.11898839592058934
954,539,1493,0.11902951475129722
953,544,1497,0.11906317500141032
963,549,1512,0.11909789323038397
958,549,1507,0.11910913836095911
956,548,1504,0.11913029973216772
959,546,1505,0.11915132815183753
950,542,1492,0.11916290801602265
958,531,1489,0.1191929318164441
962,543,1505,0.11920178878016183
962,538,1500,0.11919816106442954
962,534,1496,0.11919423924941659
972,532,1504,0.11919523299126236
976,531,1507,0.11917280576637955
966,528,1494,0.11914234281719488
960,532,1492,0.11913831301144835
953,521,1474,0.11914946905030895
962,531,1493,0.11917487915671857
964,528,1492,0.11917788851614405
968,532,1500,0.11917345947401717
976,540,1516,0.11916253421426948
974,544,1518,0.11913339270960431
969,545,1514,0.11911322073518918
957,540,1497,0.11910854858678638
959,541,1500,0.11913011018239196
942,532,1474,0.11914629385659835
953,537,1490,0.11920238284503647
954,540,1494,0.11922725921149518
962,548,1510,0.11924771296118951
962,549,1511,0.1192462520439548
954,554,1508,0.11924483716448311
959,555,1514,0.1192626477617913
959,549,1508,0.11926716812771083
969,543,1512,0.11927310018473365
971,542,1513,0.11925535951768353
976,542,1518,0.11923426484499933
973,545,1518,0.1192046997081206
972,540,1512,0.11918561792152815
969,542,1511,0.11916983591902194
967,546,1513,0.11916254729316324
965,541,1506,0.11915998969764577
962,546,1508,0.11916425576488475
954,554,1508,0.11917632056730364
956,554,1510,0.1192065330756598
956,545,1501,0.11923254738325877
939,562,1501,0.11925703583443494
934,561,1495,0.11931818486646971
951,562,1513,0.11938546310976526
945,556,1501,0.11940933332781198
955,562,1517,0.11944752097794704
954,564,1518,0.11946195756675382
953,558,1511,0.11947817002255685
953,556,1509,0.11949648430495007
946,553,1499,0.11951300783745783
935,556,1491,0.11954098836183431
952,559,1511,0.11959501967790351
943,561,1504,0.11960783497383193
936,562,1498,0.119635824211131
948,564,1512,0.1196766259474709
942,560,1502,0.1196867603598184
944,557,1501,0.1197114315703659
951,559,1510,0.11972958014054061
944,564,1508,0.11973110366028994
940,569,1509,0.11974564116687271
932,572,1504,0.11976803571769257
931,564,1495,0.11981080793004263
935,562,1497,0.11985283088762273
928,566,1494,0.11988020728526895
929,575,1504,0.1199237092789072
929,577,1506,0.11996082601625133
925,581,1506,0.1199937606763788
924,582,1506,0.12003599248408743
934,576,1510,0.12007895197892868
919,584,1503,0.1200965450168929
914,583,1497,0.1201445812988957
916,583,1499,0.12020150167761351
919,578,1497,0.12025100243995641
918,589,1507,0.12028806649321164
918,589,1507,0.12032759715966161
917,581,1498,0.12036364735890266
924,581,1505,0.12039741113643083
926,590,1516,0.12041291202954463
924,589,1513,0.12042299206713399
925,587,1512,0.1204387325357045
924,582,1506,0.12044933652195652
920,580,1500,0.1204577047686512
918,582,1500,0.12047534148624067
911,582,1493,0.12049669442566492
901,585,1486,0.12053670586042937
903,583,1486,0.12059465238258898
908,586,1494,0.12064231120715359
909,595,1504,0.12067637113529511
909,593,1502,0.1207053297869019
906,595,1501,0.12073194532335492
913,588,1501,0.12076329090323
908,584,1492,0.12077655790643331
904,594,1498,0.12080160600573528
899,591,1490,0.12083571227890641
895,596,1491,0.12088013890449012
894,601,1495,0.12093306358222304
899,604,1503,0.12098622413220937
888,601,1489,0.12102437384043413
893,602,1495,0.12108338154403601
892,605,1497,0.121125246509655
899,609,1508,0.12116542250527068
895,602,1497,0.12118886255394551
899,602,1501,0.12121890600964098
900,604,1504,0.12123651369685706
906,607,1513,0.12125180238635154
901,603,1504,0.12125321786738215
893,604,1497,0.12126642315925842
899,602,1501,0.12129837111385626
903,616,1519,0.12131536964803391
913,604,1517,0.1213225574596438
897,608,1505,0.12130529723433849
895,614,1509,0.1213266042270245
894,614,1508,0.12135298482987729
882,618,1500,0.12137883529475431
882,615,1497,0.12143117523298518
865,621,1486,0.12147738236954336
865,617,1482,0.12155639993207173
883,617,1500,0.12163121422462403
886,616,1502,0.12165792974197394
888,608,1496,0.1216757131085384
882,614,1496,0.12168900241807742
886,613,1499,0.12171725042601643
878,621,1499,0.1217337849524627
873,623,1496,0.12177011071548234
869,617,1486,0.12181710136036777
874,618,1492,0.12186887925203664
874,625,1499,0.12190439615870101
881,619,1500,0.12193838526259741
869,628,1497,0.1219542243274085
863,620,1483,0.12199390327323155
865,617,1482,0.12204571430526501
866,619,1485,0.12208778388566284
873,621,1494,0.12212447699308278
872,612,1484,0.12213914768506133
865,607,1472,0.12215670200956169
884,603,1487,0.12218758928874728
884,610,1494,0.12217229576152434
883,622,1505,0.12215748505471433
872,629,1501,0.12214551750034428
879,637,1516,0.12216249309898786
869,634,1503,0.1221641472640193
877,636,1513,0.12219046425090271
881,634,1515,0.1221958497127883
889,630,1519,0.12219149614705917
883,633,1516,0.12216772105230633
881,636,1517,0.12216160553233178
868,639,1507,0.12216316673723832
864,641,1505,0.12219639268235971
868,637,1505,0.12223771684568621
864,651,1515,0.12226832762570229
862,652,1514,0.12230812833400333
847,649,1496,0.12234613658960981
841,647,1488,0.12241727431284741
832,661,1493,0.12249821228897737
827,664,1491,0.1225966850618515
835,669,1504,0.1226998236894829
840,672,1512,0.12277592404080055
830,668,1498,0.12283542272585962
820,671,1491,0.12291178144110831
822,681,1503,0.1230039374183961
824,686,1510,0.12309042531061311
827,684,1511,0.12316613858337572
822,685,1507,0.12323086404081728
830,678,1508,0.12330395638730192
826,681,1507,0.12335095587032602
815,693,1508,0.12340277830724584
823,681,1504,0.12347838924403445
822,683,1505,0.12353128495634497
815,690,1505,0.12358162998565835
811,688,1499,0.12364278849355774
804,687,1491,0.12371251275974622
802,686,1488,0.12379498687317937
793,686,1479,0.12387754804251092
802,692,1494,0.12397301005637384
803,693,1496,0.12404085544529422
804,691,1495,0.12410208012277174
808,696,1504,0.12415835547931209
808,702,1510,0.12420119563928374
808,698,1506,0.12424414941359688
806,705,1511,0.12428287878564298
792,705,1497,0.12432107191610953
812,695,1507,0.12438610156428875
820,699,1519,0.1243983122076418
814,697,1511,0.12439267811192481
814,694,1508,0.12440213047075867
810,685,1495,0.12441211955911725
812,682,1494,0.12443025519551998
817,687,1504,0.12444350465119586
820,692,1512,0.12444273898252665
811,700,1511,0.12443535340532978
815,699,1514,0.12444961154484865
809,700,1509,0.12445482307059173
813,700,1513,0.12447245457859069
807,698,1505,0.12447935306087161
814,699,1513,0.1245007614874448
808,688,1496,0.12450760851702658
823,691,1514,0.12452601606738145
813,691,1504,0.12450654175036904
808,702,1510,0.12451006109112571
815,705,1520,0.12452762458953727
806,702,1508,0.12453034236324179
808,705,1513,0.12455301351179586
799,712,1511,0.12457246418635169
785,726,1511,0.12461446419755266
783,726,1509,0.12468464347012426
789,721,1510,0.12475795941865776
784,726,1510,0.12480777970813683
794,720,1514,0.12486640257678029
790,714,1504,0.12489569367438953
783,704,1487,0.1249327639709597
783,709,1492,0.12497975248585583
784,714,1498,0.12502102688101316
781,719,1500,0.12505729170087931
779,720,1499,0.12510028356439945
779,727,1506,0.12514680589426783
791,725,1516,0.12519078378497864
803,719,1522,0.12520501715335097
792,718,1510,0.12518942445306355
785,719,1504,0.12520198349204886
784,722,1506,0.12523047020515957
779,718,1497,0.1252619503341405
779,727,1506,0.12530178516739282
777,725,1502,0.1253400115366121
781,728,1509,0.12538101932298443
781,725,1506,0.12541134770818238
785,722,1507,0.12544003992907496
795,728,1523,0.12545558864108583
788,719,1507,0.12544441172200105
786,723,1509,0.12544966451023887
780,718,1498,0.1254605810147257
775,714,1489,0.12548344242544196
778,727,1505,0.1255168404287682
777,719,1496,0.1255425451276326
775,719,1494,0.12556800131860643
773,718,1491,0.1255931343254189
783,710,1493,0.1256216785927638
781,706,1487,0.1256254360465976
787,709,1496,0.125633117873619
780,695,1475,0.1256272254610178
782,710,1492,0.12563878925214358
786,717,1503,0.12564320204840423
773,722,1495,0.12563510646905446
773,719,1492,0.12565917117911635
764,717,1481,0.1256822644086272
772,726,1498,0.12572401337815098
766,726,1492,0.12574627857849813
765,737,1502,0.1257828309063735
769,741,1510,0.12581949018067126
775,740,1515,0.12584557812663824
777,746,1523,0.12585672031293207
770,743,1513,0.12586387744007219
772,754,1526,0.12588947233144673
763,753,1516,0.12590453986317346
761,749,1510,0.1259412196316066
767,749,1516,0.12597832109626977
778,748,1526,0.12599862851266266
760,742,1502,0.12599197428105982
768,748,1516,0.1260294042421315
757,740,1497,0.1260442625585145
756,743,1499,0.12608461875242283
755,749,1504,0.1261255587225331
757,744,1501,0.1261669212436685
754,745,1499,0.12620221647650762
760,755,1515,0.1262411937528616
752,751,1503,0.12626374566426418
750,753,1503,0.12630389144141663
745,754,1499,0.12634551192611018
752,765,1517,0.12639649251199295
747,750,1497,0.12642820431121987
744,754,1498,0.1264709635646401
736,749,1485,0.12651839065413673
737,752,1489,0.1265807328667618
725,757,1482,0.1266343617404212
734,754,1488,0.12671157724992577
731,759,1490,0.12676340275529785
732,769,1501,0.12681862510954325
730,769,1499,0.12686914568589652
728,771,1499,0.12692029419856776
725,767,1492,0.12697413379341937
729,772,1501,0.12702940081828537
734,773,1507,0.1270684855182256
728,772,1500,0.12709319694678742
735,783,1518,0.12712911272822774
748,765,1513,0.12714632238516674
742,769,1511,0.12713224024226405
741,769,1510,0.12713084045017203
742,772,1514,0.12713433941164137
735,773,1508,0.12713741152241234
738,777,1515,0.1271573899031938
735,785,1520,0.12717024725164486
741,782,1523,0.12719033714010172
728,781,1509,0.12719628089046384
729,775,1504,0.12723073248547845
731,767,1498,0.1272581536499531
731,767,1498,0.12727886080193102
728,766,1494,0.12729867344390025
727,767,1494,0.1273222299310468
723,772,1495,0.1273464791067028
720,770,1490,0.12737722086018186
723,778,1501,0.12741582952399078
732,777,1509,0.1274448923268831
737,779,1516,0.12745041207222585
725,777,1502,0.1274454456315086
720,771,1491,0.12747001051855286
726,762,1488,0.1275045916987955
729,760,1489,0.12752213306849336
724,770,1494,0.12753215329854092
717,776,1493,0.12755223441405714
721,767,1488,0.12758477992004372
716,773,1489,0.12760434667340198
727,772,1499,0.1276350636572062
722,787,1509,0.1276385998860805
719,792,1511,0.12765449499463433
720,795,1515,0.12767708953438023
716,792,1508,0.1276970655897055
713,794,1507,0.12772681024980076
707,802,1509,0.12776081344189907
705,810,1515,0.1278056610145111
711,810,1521,0.12785231682567488
709,804,1513,0.12788318298850082
704,815,1519,0.1279165214217815
705,804,1509,0.12795852804183527
696,803,1499,0.1279955989184855
698,809,1507,0.12805122566503108
700,804,1504,0.1280996087974825
691,803,1494,0.12813923391429966
697,805,1502,0.12819459697188368
696,799,1495,0.1282339071599919
697,805,1502,0.12827211013804102
689,812,1501,0.12830540241700042
683,812,1495,0.1283555978824601
690,819,1509,0.12841793933786064
693,824,1517,0.12845821412770866
693,819,1512,0.12849088416899979
686,819,1505,0.12852074165637556
686,817,1503,0.12856587118693572
685,821,1506,0.12860721012521584
681,825,1506,0.12865025615515052
683,823,1506,0.12869888847999872
686,831,1517,0.1287394565176081
680,835,1515,0.1287710655749846
678,844,1522,0.12881611474086602
669,832,1501,0.12886458593871022
671,825,1496,0.1289323331102115
669,837,1506,0.12898712409785523
677,836,1513,0.12904372032548406
676,824,1500,0.12907748293910548
678,828,1506,0.12911168336244894
678,819,1497,0.12913769921273197
674,825,1499,0.12916014613816895
679,830,1509,0.12919110003332127
678,833,1511,0.12920703419766402
673,839,1512,0.12922533723839005
666,836,1502,0.12925400469992443
668,840,1508,0.12929880126926543
660,845,1505,0.12933367602167495
670,849,1519,0.1293850616591773
659,846,1505,0.1294058718429571
658,853,1511,0.1294513168844037
665,845,1510,0.12949833624993656
662,832,1494,0.12952926735214207
668,842,1510,0.12956418240734327
657,838,1495,0.1295829397194122
656,851,1507,0.1296264668717747
655,852,1507,0.12967097490652715
663,855,1518,0.1297140270141806
657,846,1503,0.12973373228481797
657,840,1497,0.12976576471779253
659,846,1505,0.1297951032541202
664,856,1520,0.12981672453105866
672,847,1519,0.12982447056613972
675,849,1524,0.12981378057163404
675,838,1513,0.1297963015044281
666,836,1502,0.12978321221365974
649,833,1482,0.12979464170580052
653,844,1497,0.12984324088114352
652,848,1500,0.12988061123585587
654,853,1507,0.12991506952344156
661,847,1508,0.1299448310282794
654,855,1509,0.12995667122221968
652,853,1505,0.1299855132518058
649,856,1505,0.13001741168379288
652,854,1506,0.1300530337031324
657,861,1518,0.13008014469189458
657,866,1523,0.13009525438269207
657,854,1511,0.13010933773521727
660,852,1512,0.13012217126771705
661,855,1516,0.130126705298458
656,860,1516,0.13012264989792627
656,859,1515,0.1301322756502213
655,865,1520,0.13013734474054098
650,861,1511,0.13014664883560623
650,864,1514,0.13016112696716078
658,860,1518,0.1301758786096242
660,856,1516,0.13017202977792328
654,861,1515,0.1301653227111523
650,873,1523,0.13017450460776017
653,867,1520,0.13019184725943517
645,866,1511,0.13020228669280903
648,858,1506,0.1302299755672803
645,852,1497,0.13024692545774502
643,859,1502,0.13026990910985423
644,862,1506,0.13029609788077195
645,858,1503,0.1303162502303453
651,852,1503,0.13032926687654367
652,839,1491,0.13033089045178436
656,849,1505,0.1303290056265896
656,845,1501,0.13031824902548267
654,850,1504,0.13031050947806716
650,861,1511,0.13030825161540527
645,866,1511,0.1303125085634907
631,860,1491,0.13033051059987663
635,865,1500,0.13038028594742634
643,866,1509,0.13041893573483493
639,862,1501,0.13043286766586273
638,858,1496,0.13045493902222077
639,851,1490,0.13047932135205592
640,853,1493,0.13049809692753989
638,847,1485,0.13051237877518676
640,858,1498,0.1305315147478309
637,857,1494,0.1305458282977856
634,877,1511,0.13056927066774432
635,879,1514,0.13059888064277614
642,881,1523,0.13062286370428858
641,867,1508,0.13063007084815628
637,866,1503,0.1306378163781757
628,867,1495,0.1306556124291799
616,879,1495,0.13069148396782088
623,878,1501,0.13075134350842546
632,883,1515,0.13079589856813903
629,884,1513,0.13081556957362536
621,876,1497,0.13084130630916643
627,867,1494,0.13088109353609625
626,875,1501,0.13090426858110496
620,873,1493,0.13092929568596445
620,883,1503,0.13096577388222808
618,879,1497,0.13100130130045348
633,875,1508,0.1310396867927995
635,877,1512,0.1310382600192849
635,878,1513,0.13103407634038444
626,873,1499,0.13103152196980042
623,867,1490,0.13104840444734214
625,867,1492,0.13107266435194226
626,870,1496,0.13108755141874165
624,882,1506,0.1310976069828888
621,890,1511,0.1311107427053375
629,887,1516,0.13113269972325933
617,887,1504,0.13113827904466743
619,889,1508,0.13116945750240955
626,873,1499,0.13119159842493824
620,879,1499,0.13119576820199316
614,891,1505,0.13121571476215088
608,884,1492,0.13124924643707492
606,885,1491,0.13129519663408662
607,886,1493,0.13134647446821912
594,894,1488,0.1313899514691532
599,895,1494,0.1314596775092125
599,904,1503,0.1315153828385432
591,890,1481,0.13156691406161725
599,895,1494,0.13163469497051244
595,896,1491,0.13167461103226158
598,900,1498,0.13172266861709675
601,903,1504,0.13175929247722418
601,902,1503,0.13178429003255626
602,899,1501,0.13180824512108394
606,910,1516,0.13182631941007672
602,907,1509,0.13183414077667183
607,909,1516,0.13185156926624247
611,920,1531,0.1318554191527191
610,919,1529,0.1318541423396092
599,919,1518,0.131856408516783
598,917,1515,0.13188574393783703
596,911,1507,0.13191354062710173
596,900,1496,0.13194450410575384
590,907,1497,0.13197465249088938
593,907,1500,0.13201740115693944
597,916,1513,0.1320494754883424
595,919,1514,0.13207089222297502
584,920,1504,0.13209444767108272
591,917,1508,0.1321422471833364
589,900,1489,0.13216972680476569
598,912,1510,0.13220039157823613
586,907,1493,0.13220527000477925
582,923,1505,0.1322382176708908
583,915,1498,0.13227727799832778
576,910,1486,0.13231282445418052
577,902,1479,0.13235952874094406
576,902,1478,0.13240166470025252
580,914,1494,0.13244372951132166
586,915,1501,0.13247099421279848
578,922,1500,0.13248179442431973
571,934,1505,0.13251073640371971
564,943,1507,0.13255762735895735
564,944,1508,0.13261855867625894
570,947,1517,0.1326772871490685
574,944,1518,0.1327194496676736
569,947,1516,0.13275077905395274
566,944,1510,0.13279309125202338
561,947,1508,0.13283792260153043
560,949,1509,0.1328921749178255
560,947,1507,0.13294621736720136
555,942,1497,0.13299559698175775
561,947,1508,0.13305304263238546
547,954,1501,0.13309334277753412
551,965,1516,0.13316372051236633
547,964,1511,0.13321623946473604
556,962,1518,0.13327601029727848
559,958,1517,0.13331003394454505
557,963,1520,0.13333128270964
558,968,1526,0.13336102256108012
561,966,1527,0.13338932380913882
562,964,1526,0.1334095681056141
557,966,1523,0.13342742769098057
547,967,1514,0.13345526683809633
548,958,1506,0.13350618436176437
547,960,1507,0.13355140762879375
552,957,1509,0.13359518530774828
544,956,1500,0.13362466020486244
539,962,1501,0.13366927169982312
542,960,1502,0.13371938351532414
547,967,1514,0.13375687293709518
551,967,1518,0.1337782879234627
534,966,1500,0.13379294545443243
536,950,1486,0.13384721450954154
540,957,1497,0.13389421682163885
545,956,1501,0.1339241387215954
542,960,1502,0.1339396538341755
556,958,1514,0.13396079158717872
551,955,1506,0.1339459156326833
552,962,1514,0.13394515583770322
543,968,1511,0.1339432903355241
535,970,1505,0.1339625637101462
536,962,1498,0.1339985921646031
533,969,1502,0.13402852712327978
538,970,1508,0.13406426902772595
543,971,1514,0.134088770653186
542,976,1518,0.13410186058373844
541,970,1511,0.13411802384986016
545,969,1514,0.1341359538661369
543,979,1522,0.13414126126710305
538,971,1509,0.13415056547291898
540,979,1519,0.1341720939819379
531,995,1526,0.13418966319185927
537,994,1531,0.13422780712076104
527,985,1512,0.13425156814876762
524,998,1522,0.1342981834688628
523,990,1513,0.13434723331747211
520,1000,1520,0.1343971901377005
512,1000,1512,0.13445252543604438
515,1000,1515,0.1345216787733897
510,1006,1516,0.13457927422951996
503,990,1493,0.13464467280617037
503,986,1489,0.13471987452930864
508,981,1489,0.13478865741139492
508,971,1479,0.13484069070566135
505,975,1480,0.134887524524183
506,978,1484,0.13493980457510346
515,990,1505,0.13498799030410155
514,999,1513,0.13501018254582317
510,991,1501,0.13503286976067744
508,994,1502,0.13506312731022882
505,992,1497,0.13509841999055866
505,1005,1510,0.1351411184826299
516,993,1509,0.13518219215832683
514,989,1503,0.13519330259379803
505,981,1486,0.13520752905162325
516,991,1507,0.13524184010188953
518,988,1506,0.13524305469573566
514,989,1503,0.13523733588994238
516,983,1499,0.1352387057508562
521,978,1499,0.13523337664541737
525,982,1507,0.13521671171337465
533,979,1512,0.13519215871651918
524,990,1514,0.13515176927390826
528,995,1523,0.13513530233895452
526,995,1521,0.13511009359473597
525,996,1521,0.13508980349031838
520,994,1514,0.13507388451782046
520,986,1506,0.1350692606569391
516,980,1496,0.1350647059806594
516,986,1502,0.13507234954221758
509,993,1502,0.1350824763306782
512,982,1494,0.1351086017795841
512,987,1499,0.13512876959774192
505,992,1497,0.13514639301535167
503,990,1493,0.1351787074419542
514,996,1510,0.13520779492634985
501,997,1498,0.13520774945093755
503,1002,1505,0.13523846896334446
512,993,1505,0.13526437437414227
516,997,1513,0.135267984662018
510,1009,1519,0.13526346099706077
506,1016,1522,0.13527318061260163
504,1014,1518,0.13528728473030807
514,1002,1516,0.13530515024938708
508,990,1498,0.1352992505978246
510,982,1492,0.13530341071961488
522,980,1502,0.1353023288473079
521,987,1508,0.13527620152541375
517,984,1501,0.1352526110789248
520,979,1499,0.1352403557954454
512,980,1492,0.13522381995231367
510,985,1495,0.13522613806705114
513,996,1509,0.13523419081955484
518,995,1513,0.13523648650864806
514,994,1508,0.13522863659191542
514,997,1511,0.13523151964023442
501,1003,1504,0.1352345780806502
505,1016,1521,0.1352692412556058
502,1011,1513,0.13529287180022462
508,1006,1514,0.13532307663804402
500,1011,1511,0.1353367972330479
499,1019,1518,0.13537020010937414
501,1010,1511,0.13540405894494822
506,1012,1518,0.13543198144199464
502,1016,1518,0.13544660094789776
501,1015,1516,0.13547033793459293
497,1007,1504,0.13549410380697757
488,1011,1499,0.13552585403456172
494,1016,1510,0.13557658973670075
486,1012,1498,0.1356088251395423
477,1017,1494,0.1356566431647101
480,1018,1498,0.135723472441992
482,1009,1491,0.13577886596152217
488,1017,1505,0.13582540557182818
484,1013,1497,0.1358533733820394
485,1006,1491,0.13588904868673726
486,1016,1502,0.13592095613975588
495,1016,1511,0.13594482166634483
497,1007,1504,0.13594309608003627
495,1010,1505,0.13593491749624786
499,999,1498,0.13593086989349293
499,1011,1510,0.1359203874582221
499,1019,1518,0.13590990090019964
499,1016,1515,0.13590075636461418
493,1013,1506,0.1358939423361416
493,1016,1509,0.13590146073886747
498,1019,1517,0.1359081419124296
497,1020,1517,0.1359030502531557
496,1018,1514,0.13589868353293852
495,1009,1504,0.13589698918519216
500,1012,1512,0.1358964211340978
503,1008,1511,0.135885701700413
497,1010,1507,0.13586657227190124
495,1007,1502,0.13586723956088473
487,1023,1510,0.1358744790331903
486,1004,1490,0.1359008258535489
485,1010,1495,0.13593124208526197
481,1010,1491,0.13596130670611056
477,1027,1504,0.1359994719635015
473,1015,1488,0.13604652937696732
470,1023,1493,0.13609891335683477
469,1034,1503,0.13615516879858822
468,1038,1506,0.13621257181909147
479,1035,1514,0.13626631198021902
470,1033,1503,0.13628987964525208
471,1038,1509,0.13633192305555406
470,1040,1510,0.13636729481828472
471,1049,1520,0.13640363188947494
466,1050,1516,0.13643463834282218
463,1048,1511,0.13647592884235069
457,1034,1491,0.13652138175732417
459,1034,1493,0.1365762141805936
469,1020,1489,0.1366207543620783
462,1020,1482,0.13663795460087474
462,1031,1493,0.13666868075779182
459,1039,1498,0.13669775446767954
464,1050,1514,0.13673128402671833
461,1042,1503,0.13675374996340176
467,1049,1516,0.136782980570046
467,1045,1512,0.13679362199728928
469,1051,1520,0.13680222739940032
464,1055,1519,0.13680648931304143
469,1054,1523,0.1368210340703287
462,1045,1507,0.1368243991484572
459,1041,1500,0.13684625309833243
460,1042,1502,0.13687361557684194
467,1041,1508,0.13689651892649482
465,1045,1510,0.13690307686746198
468,1036,1504,0.1369134673553832
466,1039,1505,0.13691576948081402
471,1032,1503,0.13692444788604838
472,1043,1515,0.13691960079397422
473,1045,1518,0.13691261232907043
469,1053,1522,0.1369044512246505
469,1039,1508,0.13690594860039887
469,1047,1516,0.13690907649246778
471,1035,1506,0.13691366233486624
466,1026,1492,0.13691337609233054
456,1034,1490,0.13692169183213515
457,1033,1490,0.1369542656705071
453,1034,1487,0.13698431916656442
452,1056,1508,0.13702143042603382
450,1048,1498,0.13705975656386474
453,1039,1492,0.13709991143500858
448,1048,1496,0.13712976143179056
447,1050,1497,0.13716994680984096
450,1060,1510,0.13720920150662466
441,1055,1496,0.13723821121684535
435,1059,1494,0.1372851619402613
442,1058,1500,0.13734439810296015
449,1057,1506,0.13738357996710487
452,1062,1514,0.13740399412000162
454,1051,1505,0.1374157342886964
453,1061,1514,0.13742199079698508
447,1063,1510,0.137430284179634
446,1068,1514,0.137454963309821
434,1079,1513,0.13748240043526286
433,1091,1524,0.13753588560988572
436,1087,1523,0.13758948469932006
427,1079,1506,0.13763339051715026
434,1075,1509,0.13769443328208755
434,1079,1513,0.13773428621778808
433,1085,1518,0.13777209727787415
435,1069,1504,0.13780581087669558
436,1074,1510,0.1378296997422732
437,1071,1508,0.1378479704535981
434,1070,1504,0.13786058800861542
433,1075,1508,0.13788227258980879
431,1079,1510,0.13790269363133462
428,1065,1493,0.13792656257226313
421,1064,1485,0.1379560574664356
424,1064,1488,0.13800043994773425
426,1064,1490,0.13803244091090053
430,1070,1500,0.1380589878169381
430,1061,1491,0.13807467314682653
424,1067,1491,0.13809052453269133
422,1065,1487,0.13812084034252523
438,1080,1518,0.1381554758520478
440,1069,1509,0.13814796725892983
440,1072,1512,0.13813732884146743
436,1073,1509,0.13812477596188266
436,1070,1506,0.1381215632639588
440,1089,1529,0.13811869093761253
439,1086,1525,0.1381090087536176
429,1088,1517,0.1381053830399487
428,1089,1517,0.1381239531688462
426,1084,1510,0.13814440893039123
432,1073,1505,0.13816773135473526
434,1069,1503,0.13817675999904558
433,1070,1503,0.1381799952932737
428,1068,1496,0.1381870590658644
433,1065,1498,0.13820581340423024
432,1060,1492,0.13820988717170843
440,1060,1500,0.1382158836019714
437,1058,1495,0.13819964673284552
440,1062,1502,0.13819209143283917
444,1065,1509,0.13817578302551398
448,1066,1514,0.13815338858886006
438,1065,1503,0.1381235829828878
440,1074,1514,0.13811879762451107
444,1068,1512,0.1381093125740802
438,1061,1499,0.1380915220551108
434,1068,1502,0.13808873504525854
432,1069,1501,0.1380956579471701
434,1068,1502,0.1381071035439013
442,1069,1511,0.13811071493865462
443,1071,1514,0.13809324973693196
442,1068,1510,0.138076916931891
444,1069,1513,0.13806271983708923
438,1065,1503,0.13804688294181988
433,1057,1490,0.13804558368196077
436,1064,1500,0.13805815847736846
435,1061,1496,0.13806055133644113
441,1080,1521,0.13806536997504554
440,1077,1517,0.1380560446097434
437,1088,1525,0.13805152789811248
435,1074,1509,0.1380546968019116
433,1080,1513,0.13806240128614516
433,1071,1504,0.13807631398247236
431,1069,1500,0.1380923997853465
430,1076,1506,0.1381111355124439
433,1080,1513,0.1381312157318666
430,1076,1506,0.13814455469502415
435,1073,1508,0.13816362805129997
431,1077,1508,0.13817099025450527
434,1074,1508,0.13818529554672118
429,1075,1504,0.1381888830761867
432,1077,1509,0.13820349569660512
435,1076,1511,0.13821126907734807
441,1083,1524,0.138211142473051
440,1083,1523,0.1381974301223515
436,1080,1516,0.13818862122802517
433,1078,1511,0.13818879417521265
429,1068,1497,0.13819754969864315
428,1068,1496,0.13821599814998373
427,1065,1492,0.13823644025677606
427,1074,1501,0.1382595718140291
425,1073,1498,0.13827771439661185
435,1071,1506,0.13829782314290323
433,1078,1511,0.13829017779349229
428,1078,1506,0.1382888082978252
424,1082,1506,0.13829920967492726
428,1085,1513,0.1383167185050011
432,1079,1511,0.1383242420941432
434,1090,1524,0.13832190852213228
433,1093,1526,0.1383151613654486
419,1090,1509,0.13831338854394581
419,1082,1501,0.13834475167279636
417,1089,1506,0.13837381087685993
418,1088,1506,0.13840564990504706
416,1095,1511,0.1384323524216246
416,1092,1508,0.1384617203067112
414,1096,1510,0.13849037239009482
415,1098,1513,0.13852139591636706
411,1098,1509,0.13854826049181898
412,1092,1504,0.13858184755925426
410,1105,1515,0.13861169172021462
416,1096,1512,0.13864285932527415
415,1091,1506,0.13865919747270464
412,1104,1516,0.13867849577601166
406,1104,1510,0.13870558816970768
405,1113,1518,0.13874422333443806
399,1110,1509,0.13878419112998525
397,1104,1501,0.13883651555951249
399,1115,1514,0.1388889879270981
402,1117,1519,0.13893457748875973
401,1118,1519,0.13896827166223527
401,1117,1518,0.13900450959210744
401,1120,1521,0.13903835900317574
400,1126,1526,0.1390704675103472
400,1125,1525,0.13910188367741635
399,1126,1525,0.13913210908448906
399,1120,1519,0.1391634292466271
402,1131,1533,0.13919200485262173
392,1140,1532,0.139212704488207
388,1132,1520,0.1392519963933594
385,1123,1508,0.1392958752865345
389,1130,1519,0.139344912938233
388,1132,1520,0.13938179692456135
383,1139,1522,0.13941793309305558
381,1135,1516,0.13946444042983897
387,1137,1524,0.13951007121818018
387,1134,1521,0.1395368891959794
382,1129,1511,0.1395640740245464
387,1131,1518,0.1396023806728946
385,1127,1512,0.13962690221165283
387,1127,1514,0.13965356093161585
385,1129,1514,0.1396752749876114
384,1135,1519,0.1397007185390678
388,1133,1521,0.1397260448504287
384,1144,1528,0.13974104250792735
386,1134,1520,0.13976610360230685
380,1129,1509,0.13978525292508506
376,1120,1496,0.1398178383929916
380,1130,1510,0.13985730270722854
384,1128,1512,0.1398842713471538
381,1127,1508,0.13989990709170308
382,1116,1498,0.13992065009898058
378,1130,1508,0.13993788234469473
371,1134,1505,0.13996518944545522
371,1141,1512,0.1400077227736868
375,1140,1515,0.1400483171419231
367,1133,1500,0.14007764609279819
367,1129,1496,0.14012340734831702
365,1137,1502,0.14016250949652118
374,1135,1509,0.14020381004842453
374,1135,1509,0.14022235665571395
368,1146,1514,0.140239647454612
365,1148,1513,0.14026951358900097
370,1146,1516,0.14030322954006733
364,1139,1503,0.14032369739295866
370,1147,1517,0.14035561168507768
360,1148,1508,0.14036999177015516
364,1142,1506,0.14040760629466953
365,1151,1516,0.14043559498725633
365,1152,1517,0.1404566800942629
363,1155,1518,0.14047706910835195
362,1159,1521,0.14050007283266683
358,1160,1518,0.14052507130530031
353,1161,1514,0.1405588438315003
344,1160,1504,0.14059969727999064
350,1161,1511,0.14065963523833866
347,1157,1504,0.14070223602774676
347,1156,1503,0.14074686803834716
353,1150,1503,0.1407858470567323
350,1158,1508,0.14080826963932871
352,1160,1512,0.1408366364417103
348,1151,1499,0.14086091038230134
346,1155,1501,0.14089312351103803
341,1154,1495,0.14092813047917008
338,1161,1499,0.14097182760221202
343,1153,1496,0.14102095449945795
344,1145,1489,0.1410545556550308
343,1153,1496,0.1410840466637395
346,1159,1505,0.1411122754596852
347,1157,1504,0.14113204043818958
353,1160,1513,0.14114683387825064
348,1163,1511,0.141147559432397
339,1169,1508,0.14116048948432655
339,1153,1492,0.14119417458811745
340,1161,1501,0.1412245776601547
343,1154,1497,0.14124887497407954
340,1152,1492,0.1412643770332101
350,1157,1507,0.14128736388695784
344,1150,1494,0.14128564681855083
350,1165,1515,0.14129912662399113
350,1164,1514,0.14129712217596715
352,1156,1508,0.14129621638483056
352,1157,1509,0.14129064024926866
349,1163,1512,0.141286771312068
347,1171,1518,0.14129084821267848
343,1163,1506,0.14129897495357485
342,1172,1514,0.14131573601189362
341,1169,1510,0.14133604213343565
342,1169,1511,0.14135898068671754
342,1180,1522,0.14137938636752487
341,1174,1515,0.1413985168932534
347,1161,1508,0.1414169558719373
346,1162,1508,0.14142087993537472
343,1162,1505,0.14142617890594317
337,1158,1495,0.14143841194486012
329,1171,1500,0.14146191282561682
335,1178,1513,0.14150399431877972
342,1187,1529,0.14152780226555361
341,1181,1522,0.14153409038279818
337,1182,1519,0.14154300830205774
327,1193,1520,0.14156202086241168
331,1188,1519,0.14160253258886393
331,1175,1506,0.1416298769185757
334,1173,1507,0.1416533661949391
335,1181,1516,0.1416682104517763
333,1185,1518,0.1416789348716258
329,1177,1506,0.14169527670870444
331,1166,1497,0.14172076668637165
330,1169,1499,0.1417382975424127
329,1159,1488,0.14175647802213234
328,1160,1488,0.14177583103430894
332,1163,1495,0.14179611972587902
336,1181,1517,0.14180773787989026
332,1177,1509,0.14180797006169663
329,1184,1513,0.14181789126019034
329,1182,1511,0.14183549195089096
320,1187,1507,0.1418527943100593
321,1186,1507,0.1418884943153283
324,1196,1520,0.14191864181351732
318,1202,1520,0.14194096697606284
326,1188,1514,0.14197545015625015
323,1187,1510,0.14198953167502226
332,1188,1520,0.14200793973559891
326,1192,1518,0.1420044577691378
323,1189,1512,0.14201273459216457
321,1177,1498,0.14202915714794326
331,1179,1510,0.14204977803998303
324,1166,1490,0.142045503530524
328,1172,1500,0.14205917828095338
331,1175,1506,0.1420624662037655
329,1170,1499,0.1420599632392869
329,1161,1490,0.14206296464931142
328,1174,1502,0.14206547520427126
321,1184,1505,0.14207134489222603
321,1190,1511,0.14209134012829433
317,1189,1506,0.14211263761006993
325,1187,1512,0.142141333237614
332,1188,1520,0.14214961183221303
336,1188,1524,0.14213859381410393
333,1188,1521,0.14212040332653395
326,1191,1517,0.14211222253574765
328,1195,1523,0.1421205182879655
328,1188,1516,0.14212342033288575
333,1184,1517,0.1421258344266363
328,1187,1515,0.14211727230606377
331,1187,1518,0.14211786754037134
328,1195,1523,0.14211178142044062
330,1196,1526,0.1421126198561984
325,1192,1517,0.1421088334907991
323,1195,1518,0.1421183395140737
322,1188,1510,0.14213263749756572
322,1201,1523,0.1421476018758291
321,1197,1518,0.1421622516354444
322,1196,1518,0.14217765439439922
318,1208,1526,0.1421888154949672
314,1202,1516,0.1422103042690446
322,1200,1522,0.14223882402980823
321,1205,1526,0.142246841248447
324,1197,1521,0.14225683750891874
316,1186,1502,0.1422593664786836
317,1176,1493,0.14228154106110918
317,1185,1502,0.1423003931083879
319,1197,1516,0.1423191708875633
319,1203,1522,0.14232989189640524
320,1197,1517,0.14233858971970315
326,1202,1528,0.14234322316905373
325,1202,1527,0.14233025182889306
326,1203,1529,0.1423223711964664
329,1203,1532,0.14231413709840726
322,1200,1522,0.14230000697877127
321,1201,1522,0.14230373293193974
308,1201,1509,0.14230884996535267
305,1200,1505,0.1423420398476845
312,1209,1521,0.14238005266242568
311,1197,1508,0.14240024683130043
313,1206,1519,0.1424202311988738
310,1197,1507,0.14243417479409998
310,1205,1515,0.14245429282593453
311,1204,1515,0.14247444486703031
313,1210,1523,0.14249222140348095
312,1199,1511,0.1425034929846511
314,1200,1514,0.14251601458254884
316,1197,1513,0.14252325437153368
310,1199,1509,0.1425267844286792
305,1216,1521,0.1425436746881325
309,1197,1506,0.14257166202553942
312,1196,1508,0.1425880436084641
306,1195,1501,0.1425962966198571
311,1196,1507,0.14261817985079098
304,1199,1503,0.1426267882002919
300,1196,1496,0.14265046344870153
301,1209,1510,0.1426827506149189
308,1214,1522,0.14271281816387849
302,1213,1515,0.1427262569841017
299,1226,1525,0.14275227111726183
296,1223,1519,0.14278262598008515
292,1219,1511,0.14281881647021621
297,1224,1521,0.14286058782422142
292,1218,1510,0.14288799371831465
284,1218,1502,0.14292574431953384
284,1213,1497,0.14297962343043427
279,1223,1502,0.1430304138016876
279,1224,1503,0.1430891124554229
284,1234,1518,0.14314395380378214
284,1218,1502,0.14318445262168705
287,1218,1505,0.14322156081386958
282,1221,1503,0.1432480599333608
287,1238,1525,0.14328342737842997
283,1231,1514,0.1433062241078957
283,1229,1512,0.14333632270782595
283,1224,1507,0.14336458974531122
290,1222,1512,0.14339167173700507
289,1222,1511,0.14339900183294985
287,1216,1503,0.14341088337518787
287,1217,1504,0.14342526458663493
285,1220,1505,0.14343950644060183
285,1224,1509,0.14345766601561163
287,1228,1515,0.1434742345538259
277,1228,1505,0.14348446637568033
274,1237,1511,0.14351700466016115
273,1229,1502,0.14355626888900389
272,1237,1509,0.14359394507213835
278,1233,1511,0.14363152126622838
282,1220,1502,0.14365069397533334
283,1220,1503,0.14366019387137569
283,1230,1513,0.14366521605080515
279,1228,1507,0.14366955061430015
279,1224,1503,0.14368275132621808
280,1227,1507,0.14369517873577484
282,1229,1511,0.14370537743691172
278,1221,1499,0.14371066396060572
284,1228,1512,0.14372473193114602
286,1227,1513,0.1437229178487855
288,1229,1517,0.14371742983023908
284,1227,1511,0.14370513883206437
287,1224,1511,0.14370442052160218
286,1223,1509,0.14369761645997667
280,1228,1508,0.14369370077661597
276,1239,1515,0.14370405118001536
275,1236,1511,0.1437207931577322
276,1235,1511,0.1437396619486323
278,1236,1514,0.1437552528682084
282,1227,1509,0.14376643238889159
281,1217,1498,0.1437683646078751
282,1218,1500,0.14377204457182605
281,1225,1506,0.14377243536761677
282,1229,1511,0.1437753285844693
281,1221,1502,0.14377463171469382
288,1226,1514,0.14377581467541328
287,1228,1515,0.14376117217753964
286,1220,1506,0.14374991461888562
290,1232,1522,0.1437388027723188
293,1211,1504,0.1437202726406251
291,1215,1506,0.1436985464005132
288,1211,1499,0.14368228713488773
282,1215,1497,0.1436746545851479
287,1223,1510,0.1436827398570133
289,1236,1525,0.14367931340553317
297,1226,1523,0.14367309623508595
291,1228,1519,0.14364904829018804
294,1227,1521,0.14363964642082183
295,1221,1516,0.14362404550104077
293,1222,1515,0.14360688750544706
294,1223,1517,0.1435937577869089
293,1227,1520,0.14357790736489792
300,1235,1535,0.14356400609877532
295,1227,1522,0.14353392129218492
292,1235,1527,0.14351941111152894
295,1238,1533,0.14351536568891352
296,1236,1532,0.14350471871906062
290,1219,1509,0.1434931325237773
294,1213,1507,0.14349577146198922
294,1210,1504,0.14348899192446496
289,1220,1509,0.14348149746816677
287,1230,1517,0.14348556162556844
287,1236,1523,0.143494021434301
288,1232,1520,0.1435003959595886
287,1223,1510,0.14350514793318841
288,1215,1503,0.14351222089149934
290,1215,1505,0.14351523322107337
284,1231,1515,0.1435120866548764
286,1234,1520,0.1435222751375218
288,1220,1508,0.14352808097873654
296,1221,1517,0.1435298006365489
292,1220,1512,0.1435117086259071
285,1217,1502,0.14350455063510778
291,1217,1508,0.1435144417373401
293,1236,1529,0.1435108899036525
289,1237,1526,0.14350186891108652
288,1225,1513,0.14350215335710853
284,1230,1514,0.14350568773435424
273,1236,1509,0.1435202454159364
277,1224,1501,0.14356043890278625
277,1229,1506,0.1435900321563
276,1232,1508,0.14361839668118095
280,1242,1522,0.14364536097870262
282,1243,1525,0.14366089738408644
279,1237,1516,0.14367202487512398
280,1232,1512,0.1436901985306089
281,1234,1515,0.14370629349552166
278,1233,1511,0.14371869292027148
273,1235,1508,0.14373792924897474
273,1229,1502,0.14376864205219064
274,1229,1503,0.14379644410789352
275,1237,1512,0.1438211275429919
271,1243,1514,0.1438409121751692
273,1246,1519,0.14386896859408513
274,1249,1523,0.14389058817937161
271,1244,1515,0.1439086662142266
275,1239,1514,0.143931843878504
276,1231,1507,0.14394118627525165
275,1237,1512,0.14394947702257402
275,1234,1509,0.14395825996011202
275,1234,1509,0.14396758866916304
271,1240,1511,0.1439769191671435
274,1251,1525,0.14399563367684667
269,1241,1510,0.14400526789348086
270,1235,1505,0.144026045256864
268,1221,1489,0.14404406247484416
264,1243,1507,0.14406616707942219
259,1244,1503,0.14409651337594795
257,1243,1500,0.14413741915640235
259,1250,1509,0.14418066541184474
254,1260,1514,0.14421728427389813
252,1252,1504,0.14425981823608314
248,1259,1507,0.1443047294710752
252,1257,1509,0.14435580837282133
253,1262,1515,0.1443938258268247
252,1271,1523,0.14442605388061808
253,1267,1520,0.14446064967698571
253,1262,1515,0.14448808680616831
247,1244,1491,0.1445127373537069
248,1253,1501,0.14454819641713468
253,1256,1509,0.14457838119455121
253,1245,1498,0.14459578394592573
253,1254,1507,0.14461191475758586
258,1248,1506,0.1446262224120943
258,1258,1516,0.14462935424984258
255,1251,1506,0.1446326722592187
250,1256,1506,0.14464365389385808
254,1249,1503,0.1446639149349387
249,1259,1508,0.14467199062476976
252,1255,1507,0.14469080072083215
256,1252,1508,0.1446980159454996
251,1248,1499,0.14469627287180284
252,1252,1504,0.14470749794956805
255,1266,1521,0.1447159479399257
255,1252,1507,0.1447170016909209
255,1256,1511,0.14471615531563828
258,1259,1517,0.14471593242935882
259,1264,1523,0.14470983426360307
255,1267,1522,0.1447027157094171
252,1271,1523,0.1447068369979321
253,1271,1524,0.14471791376981144
249,1259,1508,0.144725820969015
248,1271,1519,0.1447426626951184
252,1278,1530,0.14476141346114185
250,1275,1525,0.1447708068050067
247,1268,1515,0.1447843784869473
248,1272,1520,0.14480469818054031
241,1272,1513,0.14482215298747747
248,1269,1517,0.14485349578200205
247,1278,1525,0.14486682380123647
247,1272,1519,0.14488004315158012
245,1271,1516,0.14489348665107232
246,1281,1527,0.1449090518627314
243,1270,1513,0.1449220746659613
237,1279,1516,0.14494224999282412
238,1278,1516,0.14497465743794175
243,1263,1506,0.1450020251885455
243,1274,1517,0.14501710400150308
247,1269,1516,0.1450321937144311
246,1263,1509,0.1450361050817657
244,1259,1503,0.14504211674515124
241,1264,1505,0.1450539659443146
242,1270,1512,0.14507268824898784
240,1263,1503,0.14508897638616922
238,1259,1497,0.14510912553833757
235,1262,1497,0.14513353973616025
234,1265,1499,0.1451620680061844
235,1272,1507,0.1451921884673207
237,1278,1515,0.14521902161697195
234,1293,1527,0.14523909979477087
235,1291,1526,0.14526445759093942
229,1284,1513,0.14528630275173582
232,1287,1519,0.14532035905613486
232,1291,1523,0.1453433375394039
234,1293,1527,0.14536568247175674
237,1286,1523,0.14538036041162872
240,1280,1520,0.14538717148299124
241,1286,1527,0.14538732490817938
242,1287,1529,0.145384919532771
241,1284,1525,0.14538061971337515
238,1273,1511,0.14537733081534884
241,1265,1506,0.145380654584321
236,1270,1506,0.14537840189003298
234,1269,1503,0.1453864005890428
236,1267,1503,0.1453970438801
241,1269,1510,0.14540261472096785
239,1262,1501,0.14539689433660022
233,1267,1500,0.14539646651262386
231,1270,1501,0.14541114989103984
228,1274,1502,0.1454257768246034
226,1271,1497,0.1454469993499014
229,1274,1503,0.14547191210362162
235,1275,1510,0.14548837543621002
233,1285,1518,0.14548589130190323
230,1286,1516,0.1454893967134069
228,1290,1518,0.14549910565035049
232,1274,1506,0.14551502473042346
233,1282,1515,0.14552000255693404
236,1285,1521,0.14552180283916244
236,1276,1512,0.1455162163917363
240,1277,1517,0.1455102738086553
239,1276,1515,0.14549554657222605
234,1278,1512,0.1454860244126124
235,1270,1505,0.14548976760628854
238,1290,1528,0.14548995124089406
238,1294,1532,0.1454824607046808
233,1291,1524,0.14547644790414135
233,1297,1530,0.14548351639231155
231,1297,1528,0.14549169861536426
230,1298,1528,0.14550287641060838
226,1294,1520,0.14551729854168247
218,1293,1511,0.1455414898860371
216,1305,1521,0.1455824782283883
221,1303,1524,0.14562549488105245
221,1288,1509,0.14565514951340933
217,1294,1511,0.14568288878834193
217,1309,1526,0.14571756116802118
220,1297,1517,0.14574873968271473
223,1284,1507,0.1457695632430986
224,1280,1504,0.14578375973969246
223,1283,1506,0.14579204499409612
222,1277,1499,0.14580249141292914
226,1287,1513,0.14581567396879777
226,1298,1524,0.1458186138466706
228,1302,1530,0.14582195419401195
225,1294,1519,0.14581887705276564
224,1300,1524,0.1458247992003996
226,1286,1512,0.14583265922612917
223,1296,1519,0.14583547513766348
216,1293,1509,0.1458455280524863
213,1297,1510,0.14587099391326303
218,1291,1509,0.14590219391431578
214,1295,1509,0.14591963967115118
213,1291,1504,0.1459457139829473
211,1300,1511,0.1459718439178497
210,1297,1507,0.14600089490813656
212,1296,1508,0.14602958405258154
215,1299,1514,0.14605154616344826
215,1303,1518,0.14606382244963517
219,1309,1528,0.14607625846645075
216,1300,1516,0.14607775518500918
223,1301,1524,0.14608702919223623
216,1296,1512,0.14607765406910755
214,1294,1508,0.14608490710839062
215,1305,1520,0.14609505365943018
210,1287,1497,0.14610063977830132
204,1286,1490,0.14611822017324094
206,1296,1502,0.14614911609964337
211,1305,1516,0.1461727608480539
212,1309,1521,0.1461825798817203
217,1298,1515,0.14618917933103226
217,1303,1520,0.1461841091677067
216,1316,1532,0.1461788436046918
214,1312,1526,0.14617705196341674
208,1308,1516,0.1461808154454349
209,1301,1510,0.14619919437258846
203,1300,1503,0.14621244646955453
202,1304,1506,0.14624012103349865
206,1300,1506,0.146269402897547
208,1302,1510,0.1462866629296981
214,1299,1513,0.14629717304096773
205,1297,1502,0.14629336971814996
206,1294,1500,0.14631071958297961
207,1300,1507,0.14632512880666443
207,1313,1520,0.14633826398821811
208,1298,1506,0.14635107229069663
207,1294,1501,0.14635979165265642
202,1297,1499,0.1463698465461963
202,1300,1502,0.14639066025515177
202,1289,1491,0.14640979013063288
201,1302,1503,0.14642737117251842
198,1308,1506,0.14644483283603807
196,1318,1514,0.14646799834673463
201,1322,1523,0.1464950928740353
207,1313,1520,0.14650883258755706
207,1309,1516,0.1465077667299951
204,1311,1515,0.14650581554715514
206,1301,1507,0.14651117675723258
204,1289,1493,0.1465109539205406
200,1302,1502,0.14651708408409933
199,1313,1512,0.14653304519177066
201,1319,1520,0.14655217150804004
199,1313,1512,0.14656709584975974
203,1314,1517,0.14658537878206826
200,1317,1517,0.14658998510560922
201,1316,1517,0.14660173513108174
203,1320,1523,0.1466086532205258
202,1317,1519,0.14660979365971352
199,1315,1514,0.14661533705223104
197,1325,1522,0.14662825365781113
195,1316,1511,0.14664599855242508
195,1318,1513,0.1466660003393116
193,1297,1490,0.14668625490971915
194,1307,1501,0.14670987568391533
191,1319,1510,0.14672906460236446
190,1320,1510,0.1467539839600082
199,1317,1516,0.14677949310504143
200,1301,1501,0.14678161931393038
202,1302,1504,0.14678073658828267
200,1314,1514,0.1467745023708183
199,1315,1514,0.1467740172124538
194,1301,1495,0.1467767389158101
188,1299,1487,0.1467922221978879
187,1299,1486,0.14681983114837693
184,1312,1496,0.14684679941870615
183,1318,1501,0.1468799362283938
179,1317,1496,0.1469141824695726
179,1327,1506,0.1469543196660907
180,1325,1505,0.14699007777555073
176,1328,1504,0.14702199670902544
181,1326,1507,0.14706194030931635
184,1314,1498,0.14708759601341234
184,1317,1501,0.14710466997391555
186,1318,1504,0.14712180254460375
187,1312,1499,0.14713247996561024
187,1317,1504,0.14713909875459866
185,1338,1523,0.14714450077659713
188,1325,1513,0.14715305934606424
185,1331,1516,0.1471547585715849
184,1329,1513,0.14716362364761937
189,1333,1522,0.14717522606843103
191,1334,1525,0.14717348039143247
196,1338,1534,0.1471663182165485
194,1328,1522,0.14714839124918336
192,1321,1513,0.14713741950300702
193,1318,1511,0.14713205886151093
194,1311,1505,0.14712332783078377
190,1324,1514,0.14711246592734298
192,1306,1498,0.14711157408925346
192,1313,1505,0.14710682189749483
190,1316,1506,0.147101486400909
192,1309,1501,0.14710101844907622
193,1317,1510,0.1470964852516904
200,1319,1519,0.14709157729821107
198,1321,1519,0.1470693392746498
196,1324,1520,0.14705253113443523
192,1327,1519,0.14704097514364403
192,1334,1526,0.14703991867206495
191,1326,1517,0.1470387712809959
191,1325,1516,0.14704116317212024
192,1317,1509,0.14704390304100184
197,1315,1512,0.14704172211367653
201,1313,1514,0.1470289103722856
201,1314,1515,0.14700633694912763
202,1312,1514,0.14698574259969735
200,1314,1514,0.14696255859851248
204,1318,1522,0.14694767736245112
206,1323,1529,0.14692462485320623
200,1326,1526,0.14689873571890172
202,1326,1528,0.14689015765749638
194,1330,1524,0.14687798846410993
190,1335,1525,0.14688713729040664
190,1316,1506,0.14690515116039696
189,1313,1502,0.14692032964090443
187,1321,1508,0.14693755876231318
185,1333,1518,0.14695822217742968
188,1330,1518,0.14698290565141786
185,1341,1526,0.14700010486050558
183,1344,1527,0.14702358751305766
183,1348,1531,0.14704978702504523
178,1334,1512,0.1470754660719528
177,1330,1507,0.14711068618148543
175,1335,1510,0.14714396289181134
177,1337,1514,0.14717996111493348
182,1339,1521,0.14721004298918208
181,1345,1526,0.147226674334029
181,1337,1518,0.14724521118351944
179,1331,1510,0.1472630155166922
183,1329,1512,0.14728325433596176
183,1331,1514,0.14729137172826479
187,1327,1514,0.1472991488361489
183,1326,1509,0.14729560417826262
176,1328,1504,0.14730236625141382
174,1331,1505,0.14732593871368152
178,1348,1526,0.14735333776797638
175,1336,1511,0.14736781604297616
177,1337,1514,0.1473873387037592
176,1335,1511,0.1474000582714555
175,1342,1517,0.14741689854844345
175,1331,1506,0.1474356300270299
176,1332,1508,0.14745375022940813
182,1335,1517,0.14746847391176213
176,1342,1518,0.1474669088152877
180,1344,1524,0.1474803381451907
178,1345,1523,0.14748301845316905
178,1348,1526,0.14749112136447884
177,1357,1534,0.14749886718064498
177,1341,1518,0.14750921618799365
174,1341,1515,0.14751864867818942
171,1357,1528,0.1475355401559748
172,1347,1519,0.14755873976440526
172,1341,1513,0.14757816099404025
169,1349,1518,0.1475970613736568
170,1350,1520,0.1476206022509122
166,1345,1511,0.14764112912459762
166,1352,1518,0.14766981076086425
168,1355,1523,0.14769689320312324
169,1355,1524,0.1477180645411517
167,1353,1520,0.1477348306958511
163,1365,1528,0.14775608682610486
168,1369,1537,0.14778561728847767
164,1363,1527,0.14780064070146984
166,1361,1527,0.14782311086588656
165,1358,1523,0.14784011706075556
166,1363,1529,0.1478590847801381
168,1363,1531,0.1478743614872176
164,1355,1519,0.1478834484721302
167,1350,1517,0.1479014063607252
166,1348,1514,0.14791062474415678
165,1351,1516,0.14792143924860743
163,1360,1523,0.14793443517909532
165,1363,1528,0.147951830723732
166,1334,1500,0.14796427387976968
165,1331,1496,0.14797238583164724
162,1342,1504,0.14798285292542246
163,1343,1506,0.1479989340130395
165,1340,1505,0.14801209320175437
165,1345,1510,0.14801979533176376
166,1358,1524,0.14802816718034492
167,1345,1512,0.14803387168982954
163,1339,1502,0.14803641042129473
161,1336,1497,0.14804746181555903
161,1328,1489,0.1480610088828127
164,1323,1487,0.14807227816301125
164,1329,1493,0.14807511800106302
166,1327,1493,0.14807882218310037
163,1340,1503,0.14807778537506283
165,1339,1504,0.14808456097554137
163,1345,1508,0.14808607466368617
162,1351,1513,0.14809154827324617
166,1351,1517,0.14809876750785458
161,1369,1530,0.1480975057514511
164,1356,1520,0.14810561023923252
165,1356,1521,0.14810562994315088
165,1351,1516,0.14810431931317666
162,1353,1515,0.148104560391057
163,1345,1508,0.1481108435800673
165,1344,1509,0.14811309671781736
165,1340,1505,0.14810948880191305
168,1345,1513,0.14810788847140408
166,1355,1521,0.14809962677457209
165,1343,1508,0.1480962753140423
164,1340,1504,0.14809570940478062
165,1335,1500,0.14809883363880863
170,1339,1509,0.1480995234099303
171,1339,1510,0.14808686243670066
172,1343,1515,0.14807232049322563
168,1362,1530,0.14805846121195765
167,1360,1527,0.14805411912994124
170,1344,1514,0.14805179777743188
167,1350,1517,0.14804276153671198
164,1360,1524,0.14804293383591338
165,1369,1534,0.14805150138371423
163,1362,1525,0.14805689200005656
165,1348,1513,0.14806732008761977
160,1335,1495,0.1480725703886336
162,1338,1500,0.1480892018336322
160,1341,1501,0.14810026211946214
160,1347,1507,0.1481155935302651
156,1347,1503,0.14812967173632496
158,1340,1498,0.14815159897561114
157,1346,1503,0.1481674025425203
159,1355,1514,0.14818440234942368
158,1357,1515,0.14819491421084385
159,1355,1514,0.1482077464034457
161,1352,1513,0.14821622671551427
158,1368,1526,0.14821938148971447
157,1369,1526,0.1482293707051727
155,1373,1528,0.14824067570228686
155,1371,1526,0.14825754526115098
153,1377,1530,0.14827227682258182
157,1371,1528,0.14829098418409037
154,1368,1522,0.1482988166289575
153,1356,1509,0.14831275571398012
154,1345,1499,0.14832797750033289
155,1345,1500,0.1483406532875769
152,1366,1518,0.1483508506488283
153,1363,1516,0.1483673781751682
156,1369,1525,0.14837839325437122
154,1372,1526,0.14838094941211197
153,1363,1516,0.1483887332305584
154,1348,1502,0.1484000634396626
153,1360,1513,0.14840905401026283
152,1364,1516,0.14841969654699916
155,1374,1529,0.1484326754417163
154,1369,1523,0.14843744776253892
157,1359,1516,0.14844431257428023
155,1339,1494,0.14844439342719182
152,1347,1499,0.14844928373252134
152,1342,1494,0.14846046177455421
152,1362,1514,0.14847077066151304
155,1355,1510,0.14847966648125543
155,1360,1515,0.1484810513816053
159,1362,1521,0.1484834005113248
156,1366,1522,0.14847530196824393
157,1363,1520,0.14847538241188196
153,1351,1504,0.1484740203313446
151,1359,1510,0.14848222045530085
148,1361,1509,0.14849337896891016
150,1351,1501,0.148511398551411
152,1339,1491,0.14852166249309343
151,1351,1502,0.14852621788188286
151,1358,1509,0.14853276483246522
148,1365,1513,0.1485400190792396
147,1360,1507,0.14855390458484471
149,1365,1514,0.14856963224257008
150,1362,1512,0.14857888613744863
151,1357,1508,0.14858624262709635
154,1352,1506,0.14859156543062965
151,1379,1530,0.14858923060956855
148,1369,1517,0.148593717012829
152,1355,1507,0.1486054785194899
147,1358,1505,0.14860800661120283
150,1373,1523,0.14862130349344127
145,1365,1510,0.14862660901358468
146,1365,1511,0.1486423315034554
147,1370,1517,0.1486545365833902
147,1372,1519,0.1486636253310176
150,1380,1530,0.14867177039263532
147,1378,1525,0.1486724175573464
150,1381,1531,0.1486805141795597
150,1363,1513,0.14868151637511942
148,1371,1519,0.1486825627031978
147,1359,1506,0.14868767634214347
145,1374,1519,0.14869503110743346
142,1367,1509,0.14870698649685077
141,1374,1515,0.1487244684321684
144,1383,1527,0.14874317494585249
144,1368,1512,0.14875331322501903
147,1373,1520,0.14876100102556095
145,1368,1513,0.14876066007655786
146,1376,1522,0.14876573321012732
143,1375,1518,0.1487675906256212
142,1377,1519,0.148776970722658
145,1372,1517,0.1487887864924139
144,1384,1528,0.14879272765521434
143,1379,1522,0.1487982549766212
142,1382,1524,0.14880576707240606
141,1387,1528,0.14881460112385833
142,1386,1528,0.1488245020268941
138,1391,1529,0.14883291856020286
137,1374,1511,0.1488500702475355
139,1371,1510,0.1488674080379379
141,1375,1516,0.14887932799772982
137,1375,1512,0.14888645388093258
133,1367,1500,0.1489016340886308
137,1369,1506,0.14892519217536943
141,1364,1505,0.1489380381546929
141,1360,1501,0.14893883458947704
140,1357,1497,0.14893945200881892
140,1361,1501,0.1489434852911797
141,1357,1498,0.14894765803399124
135,1365,1500,0.14894989190991192
132,1370,1502,0.1489661196296915
137,1381,1518,0.1489880310747819
142,1370,1512,0.14899674291752363
141,1365,1506,0.14899335497034943
137,1365,1502,0.1489933469148761
138,1372,1510,0.1490017453240149
139,1361,1500,0.14900734332396534
144,1360,1504,0.14900946061661455
143,1379,1522,0.14900094091065608
140,1382,1522,0.1489960144682457
140,1375,1515,0.14899880692656325
141,1390,1531,0.14900090925987508
142,1378,1520,0.1490013027471363
141,1364,1505,0.1489990323431622
147,1354,1501,0.14899930976106196
150,1362,1512,0.1489842176297713
140,1369,1509,0.14896248808914947
144,1379,1523,0.14896507059121386
140,1375,1515,0.1489570422292702
139,1370,1509,0.14895994555071812
140,1390,1530,0.14896560630799288
143,1388,1531,0.1489690828037495
144,1390,1534,0.14896597315245355
143,1388,1531,0.1489612925330114
138,1383,1521,0.14895939196204716
139,1373,1512,0.14896941446823
137,1376,1513,0.14897659767787524
133,1366,1499,0.14898774011933727
139,1373,1512,0.14900672619635877
138,1360,1498,0.14901073081855531
137,1372,1509,0.14901743095619518
136,1383,1519,0.14902575576253668
135,1372,1507,0.14903612082791193
130,1380,1510,0.14904874253022185
131,1382,1513,0.1490722093709654
133,1393,1526,0.14909154716788248
133,1401,1534,0.1491059196940725
132,1402,1534,0.14911911041620723
136,1393,1529,0.149133463816593
133,1378,1511,0.14913789440847508
131,1387,1518,0.14914878327332595
131,1395,1526,0.14916340708197035
130,1393,1523,0.1491770272511227
131,1391,1522,0.14919220537195801
130,1370,1500,0.1492043514321625
130,1368,1498,0.14921699144326311
131,1384,1515,0.14922935151142117
129,1384,1513,0.14923942434625975
131,1390,1521,0.14925327847880074
130,1382,1512,0.14926234386370296
132,1399,1531,0.14927359895393447
130,1400,1530,0.14927846770310613
129,1393,1522,0.14928810115857127
132,1391,1523,0.1492997318718488
128,1402,1530,0.14930235919388418
132,1394,1526,0.1493141934343074
135,1397,1532,0.14931545259002557
135,1398,1533,0.14930749831299844
137,1385,1522,0.14929963855048733
138,1386,1524,0.14928790997671
136,1389,1525,0.14927386151683752
135,1388,1523,0.14926591755943602
135,1398,1533,0.1492609532673309
136,1385,1521,0.14925628745168212
136,1381,1517,0.149250629144363
134,1374,1508,0.14924510612677405
136,1373,1509,0.14924462993573512
136,1387,1523,0.14923936728600234
137,1373,1510,0.1492343758536026
134,1382,1516,0.14922857690311989
131,1396,1527,0.14923045046806516
135,1384,1519,0.14923954964875738
136,1362,1498,0.14923761299101002
137,1372,1509,0.14923201269322267
136,1376,1512,0.14922331451786042
134,1379,1513,0.1492173244426791
135,1376,1511,0.1492173008466582
136,1384,1520,0.14921557016381726
136,1386,1522,0.14921331192634882
135,1389,1524,0.14921159348211352
137,1380,1517,0.14921114595684276
132,1390,1522,0.14920704093702286
131,1377,1508,0.14921482457193655
133,1374,1507,0.14922503849057958
133,1375,1508,0.14922969889469256
131,1376,1507,0.14923456713225547
130,1386,1516,0.14924447146987202
133,1384,1517,0.14925598093016712
131,1380,1511,0.1492590283857376
125,1389,1514,0.1492661600672766
127,1372,1499,0.14928552342512902
127,1388,1515,0.14929974225441003
124,1374,1498,0.14931320261164774
129,1374,1503,0.14933197495083228
127,1372,1499,0.14933829417933672
123,1386,1509,0.14934878936516882
124,1389,1513,0.14936642008122156
124,1387,1511,0.1493802970969711
121,1386,1507,0.1493916672932674
125,1385,1510,0.149409944711517
121,1381,1502,0.1494166945173281
126,1393,1519,0.1494320834433694
125,1388,1513,0.14943501640705065
126,1372,1498,0.14943991214809718
121,1387,1508,0.14944251873142142
123,1397,1520,0.14945756789145137
123,1385,1508,0.14946627452947867
124,1392,1516,0.14947506009592715
130,1395,1525,0.149481418429663
128,1398,1526,0.14947300842470043
124,1387,1511,0.14947038001515034
125,1392,1517,0.14947576836096438
122,1395,1517,0.14947972982765131
122,1401,1523,0.14949115934306947
124,1409,1533,0.14950241091674996
123,1406,1529,0.14950851590705483
122,1404,1526,0.14951649650660917
124,1399,1523,0.14952678318784549
124,1396,1520,0.14953251362727754
123,1397,1520,0.14953868435970782
119,1397,1516,0.149546354680065
119,1397,1516,0.14956291782317707
118,1385,1503,0.14957858362995655
120,1379,1499,0.14959568298266065
123,1394,1517,0.1496073702130181
124,1405,1529,0.1496107932952988
121,1404,1525,0.1496109945352967
120,1398,1518,0.14961695597577784
122,1387,1509,0.14962506390951766
119,1389,1508,0.14962814478865474
117,1384,1501,0.14963798086739924
118,1396,1514,0.14965226001207538
121,1375,1496,0.14966380590546935
121,1391,1512,0.14966814391770655
120,1401,1521,0.14967247249567392
117,1406,1523,0.14967924509227504
117,1390,1507,0.14969279102208527
118,1397,1515,0.14970516737251463
120,1395,1515,0.1497138594941392
119,1399,1518,0.14971714817966789
119,1406,1525,0.14972319448554838
117,1396,1513,0.14972912173592096
115,1401,1516,0.14973929421975737
117,1393,1510,0.14975388546387255
117,1410,1527,0.14976164651599064
117,1409,1526,0.1497690355693957
117,1402,1519,0.14977626311708472
118,1396,1514,0.14978236474917048
120,1394,1514,0.14978592653808415
119,1390,1509,0.1497841208331845
116,1386,1502,0.14978545128307774
114,1391,1505,0.14979395784067723
113,1405,1518,0.1498069409013325
116,1394,1510,0.1498214753574152
113,1393,1506,0.14982811496795934
113,1391,1504,0.14984118647552536
118,1390,1508,0.14985349518138072
119,1394,1513,0.14985345454800952
115,1408,1523,0.14985081802131256
118,1400,1518,0.1498577913219316
118,1392,1510,0.1498553753113038
120,1388,1508,0.14985125736210445
119,1389,1508,0.14984187250500586
122,1390,1512,0.14983616506516337
121,1394,1515,0.14982314245797848
122,1391,1513,0.14981392938003324
124,1390,1514,0.14980334243531565
124,1391,1515,0.14978950999541685
123,1400,1523,0.14977609815674028
123,1408,1531,0.14976619806801475
120,1401,1521,0.14975785850535522
115,1406,1521,0.14975758986670346
116,1403,1519,0.14976894810388783
118,1403,1521,0.14977838569493737
121,1401,1522,0.14978287596265916
121,1398,1519,0.14977905891256277
121,1398,1519,0.1497761888074783
120,1389,1509,0.14977329347426607
123,1385,1508,0.14977265767472886
123,1384,1507,0.1497633756393418
125,1372,1497,0.14975299267975095
129,1386,1515,0.14973934358871654
130,1384,1514,0.1497162009222633
129,1392,1521,0.1496929759099731
128,1380,1508,0.14967461323447986
126,1389,1515,0.14966033937528808
128,1391,1519,0.14965087926124215
125,1389,1514,0.1496385288247247
124,1393,1517,0.14963397814392565
125,1395,1520,0.1496316647498356
129,1398,1527,0.14962863855446012
127,1398,1525,0.14961662800505773
130,1403,1533,0.14961057112185303
129,1387,1516,0.14959691072672762
130,1389,1519,0.14958657332155512
131,1388,1519,0.14957573923491002
129,1385,1514,0.14956313808552937
128,1386,1514,0.14955639357290199
127,1404,1531,0.14955296011659772
127,1397,1524,0.14955248710587554
129,1383,1512,0.14955108238513648
124,1393,1517,0.14954404243963876
125,1390,1515,0.14954890431865026
128,1383,1511,0.14955204601255376
130,1391,1521,0.14954645433533542
131,1398,1529,0.14953559126158875
134,1411,1545,0.1495230131259072
132,1406,1538,0.14950452451865992
135,1396,1531,0.149492705735155
134,1398,1532,0.1494751870724951
130,1418,1548,0.1494609712261437
127,1401,1528,0.1494574387313023
133,1379,1512,0.14946018350776416
131,1381,1512,0.14944877507298174
127,1382,1509,0.14944315740103922
130,1378,1508,0.14944735211130644
128,1394,1522,0.14944435083928875
128,1380,1508,0.14944712153333162
128,1384,1512,0.14945045200921903
129,1387,1516,0.1494532802723352
124,1385,1509,0.14945387030955548
122,1386,1508,0.149465894935203
126,1383,1509,0.1494822262091061
125,1386,1511,0.14948659777557208
127,1386,1513,0.14949338541367083
128,1395,1523,0.1494946959022435
132,1383,1515,0.14949033296239117
136,1373,1509,0.14947592290641407
137,1373,1510,0.1494527875345984
141,1375,1516,0.14942852549202962
140,1377,1517,0.14939615788843608
135,1386,1521,0.14936970124310808
137,1377,1514,0.1493577627686184
136,1380,1516,0.14934135705188248
135,1392,1527,0.149329204735396
132,1390,1522,0.14932095669007736
127,1379,1506,0.1493203649257558
131,1370,1501,0.14933139166967468
132,1368,1500,0.14933353567167515
133,1380,1513,0.14933385370974936
137,1376,1513,0.14933020646186684
134,1377,1511,0.14931664827080268
132,1385,1517,0.14931177736570342
131,1390,1521,0.14931272186092728
131,1395,1526,0.14931665529984378
128,1398,1526,0.1493207517740252
128,1380,1508,0.14933192311332366
128,1381,1509,0.1493432294676381
128,1383,1511,0.14935269881157823
126,1374,1500,0.14936106246345493
127,1388,1515,0.14937274841796344
127,1385,1512,0.1493800884789809
130,1379,1509,0.14938763338653702
121,1366,1487,0.14938621149426382
119,1373,1492,0.14940471437682715
121,1373,1494,0.1494274399834411
126,1379,1505,0.14944286909975563
123,1383,1506,0.14944604594085262
127,1388,1515,0.14945528867411884
129,1389,1518,0.1494547820483284
125,1389,1514,0.1494499924683992
127,1393,1520,0.14945433701079947
126,1408,1534,0.14945405688870697
127,1407,1534,0.14945688071262864
124,1387,1511,0.14945772101022922
125,1388,1513,0.14946613848441306
124,1382,1506,0.14947088630320857
124,1374,1498,0.1494777629029964
128,1366,1494,0.14948452829434764
124,1366,1490,0.14948191565755123
122,1375,1497,0.1494873708299285
124,1376,1500,0.14949794728533475
123,1373,1496,0.1495038301792569
126,1371,1497,0.14951111159812214
126,1378,1504,0.14951151942199448
125,1386,1511,0.14951045043663647
123,1380,1503,0.149511305250514
125,1389,1514,0.14951714465680005
127,1383,1510,0.14951825629083357
130,1385,1515,0.14951452789184816
134,1371,1505,0.14950316394319027
134,1362,1496,0.14948319395756
132,1370,1502,0.14946447976611663
134,1383,1517,0.149451036258573
130,1382,1512,0.1494351528744046
132,1380,1512,0.1494303724785662
133,1386,1519,0.14942148619214582
134,1389,1523,0.14941076192902558
137,1393,1530,0.14939804359267803
130,1395,1525,0.14938035350737627
125,1379,1504,0.14938065197699948
125,1387,1512,0.14939314975238333
127,1390,1517,0.1494054266431991
125,1394,1519,0.14941159708193918
127,1394,1521,0.1494225458001179
128,1394,1522,0.1494280424784439
128,1408,1536,0.14943127979242335
128,1383,1511,0.14943358543476756
129,1390,1519,0.14943592431220587
124,1385,1509,0.14943654632662956
128,1389,1517,0.14944688279901275
130,1390,1520,0.14944531211952367
130,1397,1527,0.1494404320224726
127,1398,1525,0.1494363018587539
132,1399,1531,0.1494389870568172
132,1406,1538,0.14943100767217285
133,1397,1530,0.14942406621840276
132,1396,1528,0.14941614476360365
131,1397,1528,0.14941170741324686
124,1402,1526,0.14941045549139165
125,1392,1517,0.1494249134097951
126,1388,1514,0.149435872360038
123,1399,1522,0.14944443040686786
118,1404,1522,0.14945960832527694
118,1398,1516,0.149485424308303
120,1399,1519,0.14950963890010077
115,1407,1522,0.14952818343371702
110,1384,1494,0.14955674876224193
110,1379,1489,0.14959479288090743
110,1387,1497,0.1496296786893182
114,1386,1500,0.14966227610758653
116,1384,1500,0.14968212480153203
114,1395,1509,0.14969608553807634
112,1394,1506,0.1497132612900654
110,1403,1513,0.14973452906455198
111,1396,1507,0.149759225435074
111,1398,1509,0.1497808377246038
108,1403,1511,0.14979853943156535
112,1416,1528,0.14982138803788309
110,1401,1511,0.14983348075400593
109,1405,1514,0.14985027243340274
109,1409,1518,0.1498689426959409
110,1406,1516,0.14988693023641184
111,1406,1517,0.14990198523138512
109,1414,1523,0.14991309940861652
110,1402,1512,0.14992879154015276
107,1399,1506,0.1499411573178694
106,1405,1511,0.1499600528896094
105,1406,1511,0.14997937315463392
110,1402,1512,0.14999931428639127
106,1409,1515,0.1500065003430124
106,1403,1509,0.150022985945491
108,1406,1514,0.15003581487852566
102,1405,1507,0.1500433297723042
102,1399,1501,0.1500648335965266
102,1398,1500,0.15008591949828612
98,1396,1494,0.15010512759599387
99,1399,1498,0.1501314488703209
101,1415,1516,0.1501529145925507
102,1398,1500,0.15016866818003322
101,1394,1495,0.15018186269186637
103,1400,1503,0.15019500848624875
104,1404,1508,0.15020276829919696
102,1401,1503,0.15020655662527632
107,1397,1504,0.15021455791743749
106,1402,1508,0.15020885515496005
105,1401,1506,0.15020731474263613
107,1407,1514,0.15020865408222103
104,1413,1517,0.1502054094992116
104,1412,1516,0.15020990454007857
100,1396,1496,0.15021560710823437
100,1396,1496,0.15022984426491537
100,1400,1500,0.15024254725203984
103,1401,1504,0.1502550141250513
106,1402,1508,0.15026024258407925
106,1403,1509,0.15025855679576897
106,1414,1520,0.15025549083298415
105,1412,1517,0.15025338776452718
108,1418,1526,0.15025280432200516
108,1412,1520,0.15024551497858246
112,1402,1514,0.1502389481239257
115,1420,1535,0.15022233918483263
113,1410,1523,0.15019890058566848
111,1407,1518,0.1501825430602817
109,1407,1516,0.15017226021925206
113,1415,1528,0.15016813105786989
111,1405,1516,0.15015443246864016
111,1408,1519,0.15014607290188856
111,1403,1514,0.1501383478942479
111,1420,1531,0.15013051323612914
112,1425,1537,0.15012440945284058
114,1418,1532,0.1501164253493458
112,1402,1514,0.15010464764444065
112,1402,1514,0.15009922765910802
111,1396,1507,0.15009399719460734
110,1406,1516,0.15009204633629128
113,1399,1512,0.1500912832155073
109,1395,1504,0.15008448797044338
104,1403,1507,0.15008675277587857
107,1401,1508,0.15010080767647
108,1413,1521,0.1501060948328816
107,1401,1508,0.15010899294069227
106,1412,1518,0.15011458025695965
107,1406,1513,0.15012159257275262
108,1415,1523,0.15012583195319393
102,1404,1506,0.15012799200416005
100,1409,1509,0.1501443630609374
102,1414,1516,0.15016430129014477
104,1402,1506,0.1501783968406018
104,1394,1498,0.15018628122784247
104,1419,1523,0.1501947069171129
108,1417,1525,0.15020203149904826
106,1416,1522,0.15019950478566638
109,1418,1527,0.15020238039624212
109,1412,1521,0.15019791140841923
105,1409,1514,0.15019436219457521
106,1408,1514,0.15020057677183854
106,1408,1514,0.15020482479669148
108,1419,1527,0.15020784284759045
103,1418,1521,0.15020579872632492
104,1406,1510,0.15021539635147477
107,1398,1505,0.15022293015201352
107,1395,1502,0.15022279822540377
104,1400,1504,0.15022331681607182
105,1398,1503,0.1502305234624679
104,1400,1504,0.1502354572641985
104,1400,1504,0.15024307279916013
98,1395,1493,0.15025047434044583
95,1398,1493,0.15027109523155685
99,1419,1518,0.15029797959118643
102,1419,1521,0.15031107027392404
101,1410,1511,0.15031643548851406
103,1396,1499,0.15032320766758572
102,1408,1510,0.15032365984161264
105,1403,1508,0.15032643207088875
106,1405,1511,0.15032146631956722
106,1413,1519,0.15031267761404615
103,1404,1507,0.15030502883643843
103,1402,1505,0.1503051458985237
102,1402,1504,0.15030629086619882
103,1408,1511,0.15031025456076788
104,1411,1515,0.15031191186997314
105,1413,1518,0.15031201406833056
106,1413,1519,0.15031047742593956
105,1420,1525,0.15030662452852586
105,1426,1531,0.15030574428011306
103,1417,1520,0.15030533284100095
103,1419,1522,0.15030771496557904
105,1400,1505,0.1503111094201215
101,1409,1510,0.15030795402135835
101,1414,1515,0.15031480984183226
98,1422,1520,0.15032172701330584
101,1414,1515,0.15033566360056358
99,1418,1517,0.1503415854562604
102,1410,1512,0.15035225168565158
104,1417,1521,0.15035530049395773
103,1408,1511,0.15035392245506204
103,1395,1498,0.15035530090112081
103,1394,1497,0.1503567288405827
99,1405,1504,0.15035790736366964
99,1410,1509,0.150368341328542
99,1412,1511,0.1503771173007304
101,1417,1518,0.150385059853887
100,1405,1505,0.15038794134132874
97,1409,1506,0.15039429432494483
100,1400,1500,0.15040665274202727
101,1400,1501,0.15040925424422105
102,1404,1506,0.1504078319193369
102,1417,1519,0.1504050596619634
105,1420,1525,0.15040212910890152
105,1417,1522,0.15039363457263888
107,1425,1532,0.15038672269403314
104,1420,1524,0.15037491790273158
105,1411,1516,0.15037072761692338
105,1395,1500,0.15036547637351133
105,1391,1496,0.15036128739072524
109,1403,1512,0.15035695995823808
104,1414,1518,0.15034380418211657
104,1414,1518,0.15034232319742227
101,1411,1512,0.15034028120125856
105,1422,1527,0.1503457914700761
102,1415,1517,0.15034178549985044
107,1412,1519,0.15034507441427156
105,1404,1509,0.15033668604485834
104,1409,1513,0.15033298122566485
102,1415,1517,0.15033236343915543
104,1421,1525,0.15033571816650218
105,1431,1536,0.15033410680948078
106,1434,1540,0.15033106505087998
104,1409,1513,0.1503251580015705
110,1408,1518,0.15032466894673915
106,1409,1515,0.150309262921325
108,1415,1523,0.15030338780604957
106,1405,1511,0.15029418202927983
103,1403,1506,0.15029122286586893
106,1395,1501,0.1502950370541692
103,1392,1495,0.15029236740567978
101,1390,1491,0.15029691390987368
102,1405,1507,0.1503047454451538
105,1389,1494,0.15030858849400805
107,1418,1525,0.15030600509837555
107,1412,1519,0.150299347308857
105,1413,1518,0.1502925283879825
104,1422,1526,0.1502916462985005
103,1421,1524,0.15029377792316018
99,1417,1516,0.15029824365253727
102,1408,1510,0.1503115407917962
102,1411,1513,0.15031734059085677
102,1419,1521,0.1503225650073406
101,1423,1524,0.15032775898247203
100,1421,1521,0.15033564536142927
96,1416,1512,0.15034611867256242
96,1429,1525,0.15036513989851363
95,1426,1521,0.15038244649932972
94,1420,1514,0.1504013689391265
98,1420,1518,0.1504216620858913
98,1420,1518,0.15043011592111863
99,1428,1527,0.1504382689767475
97,1424,1521,0.15044384018972906
95,1418,1513,0.15045369948760295
98,1408,1506,0.15046811662468662
100,1413,1513,0.15047302661504175
96,1398,1494,0.15047129511762697
99,1404,1503,0.1504800176222974
102,1416,1518,0.15048078714949578
101,1411,1512,0.15047258830734098
100,1414,1514,0.15046805609013542
96,1417,1513,0.15046666094456884
97,1420,1517,0.1504750000420131
99,1432,1531,0.15048108777955016
100,1419,1519,0.15048291751603984
97,1421,1518,0.15048308222295692
98,1423,1521,0.15049110807932942
98,1417,1515,0.15049655179791924
96,1423,1519,0.15050090346515524
96,1425,1521,0.15050915592867078
90,1420,1510,0.15051544445533363
92,1413,1505,0.15053490924475607
93,1410,1503,0.1505482945718887
93,1420,1513,0.1505590603229839
93,1417,1510,0.1505687941495178
95,1404,1499,0.1505751467214739
93,1416,1509,0.15057693933105795
93,1422,1515,0.15058480230031143
95,1418,1513,0.1505932966861036
95,1421,1516,0.1505952722978179
90,1414,1504,0.15059776500753264
89,1433,1522,0.1506110704283126
89,1434,1523,0.1506262788608325
90,1431,1521,0.15064121458991067
95,1434,1529,0.15065291904489925
93,1428,1521,0.15065159378706622
95,1422,1517,0.15065543219349536
94,1418,1512,0.15065510283199118
94,1419,1513,0.15065809935733548
95,1421,1516,0.15066142113085232
97,1419,1516,0.15066250544593385
96,1421,1517,0.1506585689042708
94,1423,1517,0.15065639714208273
93,1426,1519,0.15066022128415876
95,1418,1513,0.15066611627965235
97,1434,1531,0.15066734788652333
97,1428,1525,0.1506625403204496
97,1424,1521,0.15065664939649245
101,1422,1523,0.15065167829955983
97,1422,1519,0.15063676540972393
93,1410,1503,0.15063233465397816
93,1414,1507,0.1506378021368989
95,1413,1508,0.15064359991315196
93,1427,1520,0.15064382985608232
93,1436,1529,0.15064917869274022
92,1443,1535,0.15065488215694187
93,1442,1535,0.15066304443222753
91,1431,1522,0.15066897443604674
90,1440,1530,0.15067827244381482
90,1425,1515,0.15068970802009254
91,1416,1507,0.15070042966358443
91,1418,1509,0.150708583029162
90,1420,1510,0.15071546580463513
88,1425,1513,0.15072359040789168
87,1431,1518,0.1507349980328511
85,1427,1512,0.1507484154291297
81,1443,1524,0.1507649721768932
87,1441,1528,0.15079116101190762
86,1446,1532,0.15080131722654627
85,1423,1508,0.15081250229151852
87,1417,1504,0.15082373747527553
86,1412,1498,0.15082927907497562
88,1419,1507,0.15083662025519326
90,1429,1519,0.15083928620366838
90,1421,1511,0.15083845307682528
90,1427,1517,0.15083844970150959
87,1421,1508,0.1508394749320878
86,1419,1505,0.1508475228170285
84,1421,1505,0.15085765498288958
83,1421,1504,0.15087189365400572
85,1435,1520,0.15088564646594507
85,1441,1526,0.1508946094852638
82,1431,1513,0.15090168273515261
80,1431,1511,0.15091539877911903
80,1433,1513,0.1509332735758548
85,1440,1525,0.15095031593560584
82,1432,1514,0.15095441467830878
82,1445,1527,0.1509648231829334
80,1451,1531,0.15097372290353753
76,1442,1518,0.15098788721164977
73,1452,1525,0.15101064727134306
74,1445,1519,0.15103964768529377
73,1439,1512,0.15106312450478246
74,1449,1523,0.15108660193641282
73,1428,1501,0.15110555944620724
77,1429,1506,0.15112631203596674
77,1435,1512,0.15113472322096988
79,1430,1509,0.1511435152283402
78,1434,1512,0.15114637363836372
80,1421,1501,0.15115218433452246
82,1430,1512,0.15115273007004362
81,1424,1505,0.1511475382111257
81,1428,1509,0.1511450113161935
80,1432,1512,0.1511427397868848
79,1421,1500,0.15114356962820075
81,1422,1503,0.15114557372643442
83,1430,1513,0.15114337446152346
81,1433,1514,0.1511353170156866
81,1430,1511,0.15113317594599898
80,1439,1519,0.15113263687907655
81,1434,1515,0.151134824534039
81,1436,1517,0.1511354006734905
79,1419,1498,0.1511365122967086
82,1429,1511,0.15114239306047045
83,1423,1506,0.15114003022685873
79,1429,1508,0.15113526440092404
77,1432,1509,0.15113981685045078
75,1415,1490,0.15114834980322633
78,1416,1494,0.1511614983531499
77,1420,1497,0.15116506682333172
78,1430,1508,0.15117148246822723
79,1439,1518,0.15117615428601489
78,1445,1523,0.15117783465370951
79,1428,1507,0.15118239582238543
82,1435,1517,0.15118391601709139
81,1445,1526,0.1511777702021825
81,1435,1516,0.15117464928918722
83,1432,1515,0.15117125622910904
81,1427,1508,0.15116235134440753
82,1420,1502,0.15116050388377117
85,1406,1491,0.1511536385866013
84,1412,1496,0.15114003432514697
82,1421,1503,0.15113048548098124
77,1417,1494,0.15112689939730445
81,1424,1505,0.15113452675060335
80,1436,1516,0.15113234994852232
78,1427,1505,0.15113323658272293
79,1441,1520,0.15113933416836633
80,1442,1522,0.15114277097023346
80,1443,1523,0.15114442800746025
79,1437,1516,0.15114657978182822
78,1436,1514,0.15115086030342081
77,1441,1518,0.15115706099190365
78,1448,1526,0.15116580046170516
80,1435,1515,0.15117091677986025
80,1439,1519,0.15117151686571328
80,1428,1508,0.15117257108765078
78,1430,1508,0.15117290517878218
80,1430,1510,0.15117783260490575
80,1440,1520,0.15117644870348715
80,1437,1517,0.15117595507347148
77,1431,1508,0.1511763384770825
74,1435,1509,0.15118401765903264
75,1447,1522,0.151198541401973
78,1436,1514,0.15121032032467313
76,1449,1525,0.1512140138513997
76,1445,1521,0.1512225008550419
76,1449,1525,0.15123066550575254
73,1438,1511,0.1512382340726898
74,1440,1514,0.15125248927825052
77,1435,1512,0.15126416028283343
75,1438,1513,0.15126827342966112
79,1434,1513,0.151276621291417
79,1426,1505,0.15127415036785438
77,1428,1505,0.15127189361383303
77,1435,1512,0.15127471494544506
72,1434,1506,0.15127793629701858
75,1438,1513,0.15129291339678475
76,1434,1510,0.15129956291268867
73,1439,1512,0.15130380784391798
70,1440,1510,0.15131498170189997
69,1439,1508,0.1513325294971325
68,1446,1514,0.15135038083894692
70,1449,1519,0.1513687114353114
67,1439,1506,0.151380741427127
70,1447,1517,0.1514001724284444
69,1438,1507,0.15141149431035
70,1451,1521,0.1514250794386071
70,1471,1541,0.15143487824608629
72,1466,1538,0.1514444234904333
71,1452,1523,0.15144813270289528
71,1450,1521,0.15145328566851135
72,1455,1527,0.15145789467570608
73,1458,1531,0.15146054698841704
72,1443,1515,0.15145925704055435
70,1452,1522,0.15146090385087962
68,1449,1517,0.1514672685360242
68,1452,1520,0.15147815886915517
67,1449,1516,0.15148553563552902
65,1454,1519,0.15149534046849722
64,1440,1504,0.15150959859579138
67,1435,1502,0.1515255213409596
68,1441,1509,0.1515337824347758
70,1432,1502,0.15153882733312515
70,1440,1510,0.15153756001829854
68,1448,1516,0.1515364330444502
72,1436,1508,0.1515404845026019
72,1454,1526,0.15153421797672265
70,1450,1520,0.1515286444910636
72,1446,1518,0.15152750225347877
70,1438,1508,0.1515217359155053
70,1439,1509,0.15152152300547658
73,1440,1513,0.15152137270098656
75,1433,1508,0.15151405970916754
75,1439,1514,0.15150237159858407
73,1431,1504,0.15149219239914993
73,1429,1502,0.151487810782824
74,1440,1514,0.1514822634424557
74,1427,1501,0.15147284314078033
78,1434,1512,0.15146430547995507
76,1436,1512,0.15144737015885285
72,1448,1520,0.15143711139332594
70,1441,1511,0.15143739074447624
73,1450,1523,0.1514418849885063
73,1450,1523,0.15143988447930767
71,1444,1515,0.15143874531137477
72,1448,1520,0.15144275027872764
71,1460,1531,0.15144397601735704
75,1459,1534,0.15144695672573877
77,1450,1527,0.15144008117632698
78,1451,1529,0.15142992649182585
74,1444,1518,0.1514186550186358
73,1447,1520,0.1514182613816641
74,1451,1525,0.15141970578051522
74,1460,1534,0.15141901557928614
74,1452,1526,0.15141898319904673
74,1446,1520,0.15141775355121342
73,1449,1522,0.1514173210837582
73,1450,1523,0.15141972257263944
76,1426,1502,0.1514225217435462
76,1426,1502,0.15141769184666484
71,1434,1505,0.15141380079260602
72,1441,1513,0.15142194238763543
73,1427,1500,0.1514278511288754
74,1440,1514,0.15143070616988763
73,1440,1513,0.15143144899048713
73,1441,1514,0.15143374875171073
70,1447,1517,0.1514354417756599
72,1439,1511,0.15144399433044695
74,1437,1511,0.15144798952282482
75,1442,1517,0.15144566100237075
74,1432,1506,0.15144072053949464
74,1430,1504,0.15143897702161158
73,1440,1513,0.1514370422069644
73,1437,1510,0.15143701730817785
73,1452,1525,0.15143772884442458
73,1443,1516,0.15143854908758678
72,1454,1526,0.15143989650244793
70,1468,1538,0.1514442303525678
70,1442,1512,0.15145257283316174
73,1436,1509,0.15145953746892263
71,1430,1501,0.15145900013678232
70,1428,1498,0.151463650819366
70,1441,1511,0.15147068939194916
70,1446,1516,0.15147772298171205
71,1466,1537,0.1514831875880212
69,1462,1531,0.15148667638202865
66,1465,1531,0.15149558151760192
66,1462,1528,0.1515106539138203
66,1451,1517,0.15152516323952983
66,1452,1518,0.15153910858144667
67,1451,1518,0.15155249252863842
67,1455,1522,0.15156293854986566
68,1447,1515,0.151571915996329
66,1438,1504,0.15157716718013425
62,1453,1515,0.15158658494581848
65,1455,1520,0.15160443552348243
66,1463,1529,0.1516148818288995
70,1465,1535,0.1516219323595385
68,1460,1528,0.15161785153533722
65,1456,1521,0.15161802938664284
65,1447,1512,0.15162614558177095
64,1458,1522,0.15163470145778088
65,1447,1512,0.15164479869205105
66,1447,1513,0.15165181697709895
63,1452,1515,0.15165666193647354
62,1450,1512,0.15166814117806976
62,1459,1521,0.1516814834622588
63,1453,1516,0.1516943608967243
63,1443,1506,0.1517032622625608
62,1456,1518,0.1517109975040492
63,1454,1517,0.15172085880627761
63,1457,1520,0.15172814657342826
64,1461,1525,0.15173447446267102
62,1458,1520,0.15173814544947034
64,1456,1520,0.15174727090938167
63,1464,1527,0.15174988312161833
65,1460,1525,0.1517549988505393
65,1456,1521,0.1517555300191212
64,1450,1514,0.15175648016795218
62,1457,1519,0.1517595798710641
59,1451,1510,0.15176715714318445
58,1444,1502,0.15178113548675223
60,1448,1508,0.15179674602395532
60,1448,1508,0.15180720738325373
59,1469,1528,0.151817317057816
58,1457,1515,0.1518291153985089
57,1452,1509,0.151842249840499
58,1472,1530,0.15185703272244017
61,1463,1524,0.1518684869744969
61,1479,1540,0.15187224392075852
60,1470,1530,0.15187607552858162
59,1469,1528,0.1518821714437171
59,1464,1523,0.15189013642172103
57,1466,1523,0.15189777779906932
60,1461,1521,0.15190975658963743
59,1452,1511,0.15191264539226373
60,1449,1509,0.1519178707310713
60,1445,1505,0.1519176569509436
58,1450,1508,0.1519180617862043
58,1455,1513,0.15192418762941082
57,1454,1511,0.15192943236609618
51,1454,1505,0.15193552681656436
52,1450,1502,0.15195487286085227
54,1461,1515,0.1519708594696178
54,1461,1515,0.15198153266095965
55,1459,1514,0.1519919459883041
54,1461,1515,0.1519977363986925
55,1456,1511,0.1520059673221345
54,1454,1508,0.15201113833549582
54,1453,1507,0.15201836129739021
53,1462,1515,0.15202460317712882
54,1461,1515,0.15203230221838362
55,1454,1509,0.15203676665094693
58,1463,1521,0.1520392837655237
57,1454,1511,0.1520333853351886
56,1454,1510,0.15202913631871018
57,1451,1508,0.15202797954602323
58,1458,1516,0.15202539528599168
62,1467,1529,0.1520207257947774
62,1454,1516,0.15200603929501466
62,1470,1532,0.15199321629957077
60,1437,1497,0.1519820497510443
58,1437,1495,0.15197699111147667
58,1453,1511,0.15197725882276328
58,1454,1512,0.15197717484075898
58,1456,1514,0.1519777389552656
56,1451,1507,0.15197884891225058
59,1447,1506,0.15198466696446858
59,1435,1494,0.1519816233507439
60,1434,1494,0.15197943422101615
61,1438,1499,0.15197544879729452
59,1444,1503,0.15196825062013558
58,1456,1514,0.15196541364153704
58,1441,1499,0.15196560518314342
60,1462,1522,0.15196460092695754
60,1455,1515,0.15195962091957688
56,1457,1513,0.15195605061039213
55,1464,1519,0.1519614121888421
58,1464,1522,0.15196923739507662
59,1459,1518,0.15196850419673688
59,1454,1513,0.151965320136542
57,1460,1517,0.15196326705118895
56,1460,1516,0.15196709776065845
56,1456,1512,0.15197337657490692
55,1465,1520,0.15197799481645255
54,1460,1514,0.15198509157171688
55,1452,1507,0.15199411110616326
54,1453,1507,0.15200032702109542
55,1460,1515,0.15200832265303002
55,1462,1517,0.15201419768078622
56,1460,1516,0.15201976603365758
57,1464,1521,0.15202325920403625
58,1460,1518,0.1520228161185545
59,1463,1522,0.1520188231196564
60,1457,1517,0.15201240258438709
59,1454,1513,0.15200408888180927
56,1468,1524,0.15199956622407595
56,1459,1515,0.15200258893286855
58,1455,1513,0.15200549531324598
57,1464,1521,0.1520007518849807
55,1461,1516,0.15199932380348985
58,1466,1524,0.15200305401044983
58,1457,1515,0.15199804557984511
59,1443,1502,0.1519929433093892
58,1443,1501,0.151986942296036
57,1450,1507,0.15198451941178573
56,1452,1508,0.15198475305608672
54,1468,1522,0.15198783843367278
54,1469,1523,0.15199571546010665
54,1468,1522,0.15200418800200527
54,1471,1525,0.15201267944558589
54,1458,1512,0.1520209793575156
56,1469,1525,0.1520287366460766
53,1480,1533,0.15203085639345576
52,1485,1537,0.15203902627383087
51,1476,1527,0.15204961306956832
49,1464,1513,0.1520621822453023
50,1467,1517,0.15207879496609703
53,1478,1531,0.15209245599256999
52,1476,1528,0.1520974289052491
53,1481,1534,0.15210466588868418
53,1478,1531,0.15210937530192045
52,1481,1533,0.1521135198299999
52,1475,1527,0.1521191454540961
51,1471,1522,0.1521246393473027
50,1483,1533,0.15213264139942712
50,1488,1538,0.15214167035209963
50,1477,1527,0.15215056297094648
49,1477,1526,0.1521581575764655
47,1455,1502,0.15216807644830518
47,1458,1505,0.1521822909606379
48,1470,1518,0.15219492574784024
46,1470,1516,0.1522048787606013
47,1463,1510,0.15221887667139303
48,1470,1518,0.15222927699882052
46,1477,1523,0.15223638895305672
47,1466,1513,0.1522485891952551
46,1474,1520,0.15225704164844253
47,1481,1528,0.152267752464999
48,1486,1534,0.15227497457637612
46,1478,1524,0.15227881819543385
45,1470,1515,0.15228744349092985
43,1463,1506,0.15229820936788005
40,1455,1495,0.15231214733151865
43,1445,1488,0.1523330148718876
44,1459,1503,0.15234478591685743
43,1469,1512,0.15235313528867647
43,1462,1505,0.15236282345731536
42,1485,1527,0.1523715239129242
41,1458,1499,0.15238247108582573
41,1458,1499,0.1523954725430961
43,1468,1511,0.15240716690100342
43,1469,1512,0.1524140727779944
42,1468,1510,0.15242109997384365
43,1467,1510,0.15243035892009651
44,1467,1511,0.1524356212298378
45,1467,1512,0.15243781657187191
45,1458,1503,0.15243724041466714
42,1472,1514,0.15243736516202902
43,1465,1508,0.1524446685987122
42,1473,1515,0.15244880971899336
43,1458,1501,0.15245361126323684
42,1456,1498,0.1524565769694437
45,1465,1510,0.15246102816321783
45,1466,1511,0.1524578729011928
45,1465,1510,0.15245568461520062
44,1470,1514,0.1524532219790271
44,1472,1516,0.15245362944089502
45,1485,1530,0.1524540232711247
45,1479,1524,0.15245271914874087
44,1488,1532,0.15245204324940953
43,1482,1525,0.15245450050050388
42,1471,1513,0.15245969741476847
40,1464,1504,0.15246715214464412
39,1472,1511,0.15247885307432651
42,1464,1506,0.15249232242739422
41,1467,1508,0.15249469388867332
43,1468,1511,0.1524997824874976
42,1478,1520,0.15249941958122024
41,1479,1520,0.15250191447300865
40,1484,1524,0.15250761213965447
40,1491,1531,0.15251570914831422
41,1490,1531,0.15252376125744013
39,1484,1523,0.1525286058277767
40,1497,1537,0.15253811461730296
41,1494,1535,0.15254497466454395
42,1494,1536,0.15254796961111555
42,1482,1524,0.15254879966145066
42,1489,1531,0.15254920491453897
40,1479,1519,0.15255011981661487
42,1478,1520,0.15255528823139078
41,1490,1531,0.152555344789927
43,1489,1532,0.1525588124868374
45,1481,1526,0.15255632782996084
44,1477,1521,0.1525480215970968
42,1468,1510,0.15254212083280602
42,1470,1512,0.15254247748233507
42,1484,1526,0.15254339241676781
41,1485,1526,0.15254450109110868
40,1484,1524,0.15254845616693077
38,1484,1522,0.15255474663718885
37,1478,1515,0.15256387103782248
37,1498,1535,0.15257515531342705
38,1481,1519,0.15258618679783725
36,1483,1519,0.15259271423069276
35,1483,1518,0.1526039230712177
37,1486,1523,0.15261603759503273
38,1478,1516,0.1526226000136549
36,1482,1518,0.152626987088587
37,1482,1519,0.1526362490695458
37,1487,1524,0.15264290821163967
37,1486,1523,0.1526496142883363
39,1492,1531,0.1526563206512418
36,1480,1516,0.15265646769207783
37,1472,1509,0.15266369435254887
36,1481,1517,0.15266876974357976
36,1499,1535,0.15267504548821456
36,1495,1531,0.15268144180717164
34,1492,1526,0.1526878064697282
32,1497,1529,0.15269860946243624
34,1480,1514,0.15271354528993655
33,1481,1514,0.1527232147795601
33,1473,1506,0.15273535999947938
35,1478,1513,0.15274578691724236
36,1471,1507,0.15275129401150803
36,1477,1513,0.15275421691977342
38,1471,1509,0.15275614924742423
38,1480,1518,0.15275294945920814
38,1479,1517,0.15274933493401036
37,1469,1506,0.15274648457496956
36,1474,1510,0.1527453524090326
36,1470,1506,0.15274759833851734
36,1460,1496,0.15275004337688183
35,1465,1500,0.15275101097606528
35,1469,1504,0.15275383364943143
33,1483,1516,0.15275594408952495
33,1479,1512,0.15276242282767816
33,1482,1515,0.1527685660545568
33,1489,1522,0.15277393884194904
34,1470,1504,0.15277934459793677
35,1476,1511,0.15278213653807507
32,1488,1520,0.15278293157865655
33,1480,1513,0.15279145573529804
33,1471,1504,0.15279670987482785
33,1472,1505,0.15280214569238523
33,1487,1520,0.15280770336144545
35,1482,1517,0.15281333142147438
33,1473,1506,0.1528115620727902
34,1481,1515,0.15281492857394333
34,1478,1512,0.15281608715432923
32,1479,1511,0.15281674940725515
33,1474,1507,0.1528229372271655
34,1479,1513,0.15282594759675341
37,1477,1514,0.15282605367505467
37,1486,1523,0.1528173410429609
39,1474,1513,0.1528099714290041
38,1489,1527,0.15279696652546937
38,1489,1527,0.1527878734466245
39,1487,1526,0.15278014656701447
38,1484,1522,0.15277026580721098
37,1484,1521,0.15276349640505474
36,1487,1523,0.1527600291389154
35,1479,1514,0.15276008099949082
34,1472,1506,0.15276296111799229
35,1481,1516,0.1527681756305426
35,1478,1513,0.15277029062860076
34,1478,1512,0.15277238425713083
33,1479,1512,0.15277627662668697
32,1472,1504,0.15278278231369483
31,1473,1504,0.1527915180056592
33,1476,1509,0.15280240881185023
32,1485,1517,0.1528074464071859
31,1491,1522,0.15281415177445246
31,1474,1505,0.152823673651668
33,1485,1518,0.15283187241563576
32,1491,1523,0.15283242862452387
31,1494,1525,0.1528364892445654
31,1483,1514,0.15284389776501683
30,1462,1492,0.15285129624987237
31,1473,1504,0.15286095109426714
29,1479,1508,0.15286786501610064
30,1481,1511,0.15287877886185983
31,1477,1508,0.1528849910838739
31,1486,1517,0.15288756608801338
30,1481,1511,0.15288980728852108
29,1480,1509,0.1528936529155554
30,1474,1504,0.15289973908835436
28,1468,1496,0.1529026805308083
28,1484,1512,0.15290951798956184
29,1493,1522,0.1529161647401875
26,1497,1523,0.15292073954269933
26,1486,1512,0.1529324881371868
26,1501,1527,0.1529440885705716
26,1494,1520,0.15295532918311644
27,1503,1530,0.1529659456281755
26,1477,1503,0.15297325424880504
26,1478,1504,0.1529832380608456
26,1485,1511,0.15299304250446247
26,1483,1509,0.15300226131043357
27,1493,1520,0.1530113048849626
27,1489,1516,0.15301514343060083
27,1484,1511,0.15301933906059326
27,1497,1524,0.1530237119283143
27,1509,1536,0.15302827037147748
26,1486,1512,0.15303212587429227
25,1490,1515,0.1530383879717824
24,1495,1519,0.1530469829479818
22,1483,1505,0.153057825968603
23,1479,1502,0.1530727854977026
22,1481,1503,0.1530846335374388
22,1477,1499,0.15309822147862412
20,1492,1512,0.15311124766801076
19,1499,1518,0.15312827528062117
19,1497,1516,0.15314698998808224
19,1495,1514,0.153163638505866
21,1503,1524,0.15317950159095442
21,1494,1515,0.15318959294669449
22,1504,1526,0.15319932225756314
21,1493,1514,0.15320625391223983
21,1489,1510,0.15321517127184406
21,1475,1496,0.15322375425189244
22,1476,1498,0.15323200296647926
24,1487,1511,0.1532366454368519
25,1491,1516,0.15323475049107013
25,1499,1524,0.15323014192824458
24,1503,1527,0.15322632477250248
24,1511,1535,0.15322537406884776
24,1522,1546,0.15322383340096127
22,1507,1529,0.15322286484193065
23,1494,1517,0.15322680827212568
21,1497,1518,0.15322867942977186
22,1497,1519,0.15323510468257023
21,1502,1523,0.15323818072551082
21,1493,1514,0.15324400928698517
20,1495,1515,0.15324979842663494
22,1489,1511,0.15325768047976548
23,1492,1515,0.153258829663943
24,1493,1517,0.15325707602066402
25,1487,1512,0.15325266511770733
26,1488,1514,0.1532466691034753
25,1480,1505,0.15323831909799998
25,1483,1508,0.15323323840916184
25,1481,1506,0.15322899839984047
24,1482,1506,0.15322549643459768
24,1483,1507,0.1532248008387466
24,1491,1515,0.15322489962963534
23,1488,1511,0.15322531130593375
23,1491,1514,0.15322850674219796
25,1498,1523,0.15323173396803258
26,1496,1522,0.1532284654802716
25,1484,1509,0.15322253575141542
25,1492,1517,0.1532196051554225
26,1486,1512,0.1532172742624012
26,1493,1519,0.15321218989100485
27,1490,1517,0.1532078662121594
27,1486,1513,0.15320093343966856
26,1499,1525,0.15319489814933082
25,1495,1520,0.15319191284020303
26,1497,1523,0.153191656074899
25,1498,1523,0.15318849990086375
24,1483,1507,0.15318899095107866
24,1480,1504,0.15319175058654605
24,1497,1521,0.15319462049874286
25,1489,1514,0.15319756694343473
26,1489,1515,0.1531972847465153
26,1482,1508,0.15319310815297935
25,1482,1507,0.15318966755429847
24,1494,1518,0.15318902520626995
25,1489,1514,0.15319097889826733
24,1496,1520,0.15318990039077268
26,1479,1505,0.15319148656845982
26,1479,1505,0.15318787126144234
27,1480,1507,0.1531849379205658
27,1475,1502,0.15317934760156912
31,1479,1510,0.15317383077988508
31,1478,1509,0.15315720063653515
30,1472,1502,0.15314131330629724
30,1473,1503,0.15312939004254314
32,1494,1526,0.15311892582546272
33,1487,1520,0.15310417916099908
29,1492,1521,0.1530868160021953
30,1482,1512,0.15308100331228092
31,1502,1533,0.1530731250694497
31,1501,1532,0.15306315945367754
31,1494,1525,0.1530545991316765
29,1483,1512,0.15304722065443763
32,1483,1515,0.1530455420432883
31,1489,1520,0.15303717675348277
30,1488,1518,0.15303208140131191
30,1486,1516,0.15303008186669925
31,1483,1514,0.1530286243182946
32,1483,1515,0.15302520982876014
32,1495,1527,0.15301924287352534
30,1496,1526,0.15301307374472015
29,1500,1529,0.15301259123634328
31,1484,1515,0.15301467724973938
29,1489,1518,0.15301047016480507
31,1490,1521,0.15301150498854826
31,1482,1513,0.15300826849471938
33,1481,1514,0.15300418913552563
34,1492,1526,0.1529948496965316
34,1491,1525,0.15298446910594232
35,1492,1527,0.15297533587975948
35,1487,1522,0.15296464660774706
32,1481,1513,0.15295516158971284
32,1485,1517,0.15295321865655243
34,1487,1521,0.15295068677231569
35,1486,1521,0.15294332933794522
35,1488,1523,0.15293469969209872
39,1485,1524,0.15292688059819556
37,1477,1514,0.152908116806905
35,1480,1515,0.15289565570540084
36,1481,1517,0.15289018361809023
37,1475,1512,0.15288296762158485
37,1476,1513,0.15287345982595685
37,1491,1528,0.1528651026890965
36,1493,1529,0.15285777144075627
33,1491,1524,0.15285359134046636
30,1489,1519,0.15285724702625506
31,1510,1541,0.1528674368470139
31,1501,1532,0.15287504941245098
31,1492,1523,0.15288245629223618
28,1493,1521,0.1528896447146767
28,1480,1508,0.15290309704017524
29,1474,1503,0.15291591642507543
28,1490,1518,0.1529254440256237
28,1492,1520,0.15293685772378
28,1493,1521,0.15294748085701815
28,1485,1513,0.1529576378903158
28,1485,1513,0.1529668439087914
27,1487,1514,0.15297568503202924
27,1480,1507,0.15298635172616135
26,1471,1497,0.1529965258423954
25,1480,1505,0.15300845597318344
26,1484,1510,0.15302102815300286
24,1486,1510,0.15303079680816103
24,1498,1522,0.15304472559447926
23,1483,1506,0.1530579493297412
22,1494,1516,0.15307230615190082
22,1487,1509,0.1530881020954814
22,1491,1513,0.15310307287206304
22,1498,1520,0.15311725530381254
23,1496,1519,0.1531306852780075
24,1495,1519,0.15314013673313803
23,1491,1514,0.15314594877569937
23,1501,1524,0.15315385628362432
21,1497,1518,0.15316153871156715
21,1494,1515,0.15317328470707736
21,1489,1510,0.15318452650889902
20,1487,1507,0.1531952742941637
20,1484,1504,0.15320769297103123
20,1491,1511,0.1532195113865646
20,1495,1515,0.1532298112831608
21,1495,1516,0.15323970034215317
22,1508,1530,0.1532459278190202
24,1490,1514,0.15324877906341566
23,1479,1502,0.15324527410327338
23,1479,1502,0.15324470732707085
23,1476,1499,0.15324466078812418
23,1476,1499,0.153245055788488
23,1489,1512,0.1532458229691853
24,1494,1518,0.15324595929937834
23,1488,1511,0.15324299075966052
26,1488,1514,0.15324291378163749
28,1487,1515,0.15323348792722993
29,1488,1517,0.1532190663544322
30,1501,1531,0.15320343381694201
30,1495,1525,0.15318633706557871
31,1491,1522,0.15317114912616173
30,1485,1515,0.15315443443267499
30,1494,1524,0.15314171822022604
31,1490,1521,0.153129944317023
31,1490,1521,0.15311687005874852
34,1495,1529,0.15310507911910343
34,1486,1520,0.1530859591086975
34,1500,1534,0.15306881106403647
34,1496,1530,0.15305343712504346
35,1485,1520,0.15303965896603094
35,1479,1514,0.15302293471813477
33,1480,1513,0.1530079808955327
31,1501,1532,0.15299937491223556
31,1502,1533,0.1529964217201259
30,1498,1528,0.15299414304748304
29,1498,1527,0.15299459354674558
29,1483,1512,0.1529977230443045
29,1489,1518,0.15299990399199748
28,1479,1507,0.15300237410953585
27,1487,1514,0.15300739479211506
27,1484,1511,0.15301356421616558
27,1493,1520,0.15301975481720048
27,1492,1519,0.15302592656540617
27,1492,1519,0.1530320456346034
27,1490,1517,0.15303808365933966
27,1492,1519,0.15304401707256304
26,1492,1518,0.15304982651555454
26,1481,1507,0.15305785966139507
28,1505,1533,0.15306557882456992
29,1494,1523,0.1530670764705472
29,1494,1523,0.15306589888798075
28,1495,1523,0.1530640309181501
27,1492,1519,0.15306483507819757
27,1491,1518,0.1530680965374488
26,1475,1501,0.15307149470201958
26,1481,1507,0.15307733132491796
26,1490,1516,0.1530830695752032
25,1491,1516,0.15308869042977175
25,1498,1523,0.1530963601595478
23,1499,1522,0.1531015875370345
22,1498,1520,0.15311121401143843
21,1491,1512,0.1531230739315782
22,1491,1513,0.15313663407836342
21,1491,1512,0.15314593476584332
22,1497,1519,0.15315721071946944
22,1496,1518,0.1531657960660165
22,1501,1523,0.15317418235173186
21,1512,1533,0.1531823502188859
21,1510,1531,0.1531924672510419
20,1498,1518,0.1532022059462584
19,1500,1519,0.1532142651478338
17,1487,1504,0.15322749997373417
17,1486,1503,0.15324448934164459
18,1496,1514,0.15326058672257706
18,1495,1513,0.15327333121656392
17,1493,1510,0.15328544892450913
17,1492,1509,0.15329921509477376
16,1499,1515,0.15331225698246254
15,1509,1524,0.15332676753103341
14,1506,1520,0.15334265925698387
14,1501,1515,0.15335981586314404
14,1485,1499,0.15337600574504273
15,1500,1515,0.15339040141114932
15,1507,1522,0.15340083062568863
15,1505,1520,0.15341086386347802
14,1495,1509,0.1534205020929985
14,1495,1509,0.15343198392794533
14,1477,1491,0.1534429370873258
13,1478,1491,0.15345337730306657
13,1476,1489,0.15346605950094783
12,1495,1507,0.15347803878328434
12,1483,1495,0.1534915078160477
11,1507,1518,0.15350421393171987
12,1518,1530,0.15351835370037795
12,1514,1526,0.15352840865375975
12,1509,1521,0.15353799993473033
12,1498,1510,0.15354714127853453
12,1503,1515,0.1535558469944637
12,1502,1514,0.15356413179396836
13,1502,1515,0.15357201064251413
13,1505,1518,0.15357622474453944
13,1510,1523,0.15358036903589872
15,1505,1520,0.15358442959687457
14,1520,1534,0.15358201124150433
14,1501,1515,0.15358223851833064
13,1504,1517,0.15358275628907403
13,1494,1507,0.15358567853604593
12,1506,1518,0.15358867149608404
12,1502,1514,0.15359386399876107
12,1500,1512,0.15359894342874886
12,1503,1515,0.15360389683975928
12,1501,1513,0.15360871400525725
12,1509,1521,0.15361338706505698
13,1503,1516,0.15361791021167645
13,1495,1508,0.15361929799968127
13,1495,1508,0.15361966703914884
13,1502,1515,0.15362089489373132
14,1501,1515,0.15362224079651532
13,1509,1522,0.15362040619702844
13,1502,1515,0.15362056830997214
14,1506,1520,0.1536210131630405
13,1502,1515,0.15361939248627404
13,1498,1511,0.15362028019120938
13,1503,1516,0.1536213412231567
13,1508,1521,0.15362254291375246
13,1511,1524,0.15362385673121368
14,1501,1515,0.15362525782015546
14,1498,1512,0.1536242554096561
14,1493,1507,0.15362348012449428
14,1503,1517,0.15362290207257392
13,1501,1514,0.1536224947345749
12,1494,1506,0.1536245982875397
12,1504,1516,0.15362902739827933
11,1512,1523,0.15363325074093945
11,1504,1515,0.1536394359727818
12,1514,1526,0.15364529724289314
12,1509,1521,0.153647706159855
12,1509,1521,0.15365010604957738
12,1512,1524,0.15365248405870638
13,1513,1526,0.1536548294180879
13,1503,1516,0.1536539099647565
13,1505,1518,0.15365324139335124
12,1516,1528,0.1536527896555746
12,1502,1514,0.15365470189817718
12,1509,1521,0.1536566404339411
12,1505,1517,0.15365858979128888
13,1514,1527,0.15366053678387492
13,1503,1516,0.15365929743179843
13,1502,1515,0.1536583264279885
13,1490,1503,0.15365758879976865
12,1493,1505,0.15365705350058337
11,1501,1512,0.15365887682140167
12,1497,1509,0.15366348129464563
12,1485,1497,0.15366506514576522
13,1513,1526,0.15366666496190134
13,1507,1520,0.15366499344978812
12,1493,1505,0.15366362216548282
12,1501,1513,0.15366558398857427
11,1515,1526,0.1536675014675653
12,1517,1529,0.15367153749940488
12,1513,1525,0.1536721263147017
13,1502,1515,0.15367284152254104
13,1502,1515,0.1536712920967529
14,1517,1531,0.15366998815291016
14,1509,1523,0.15366564146363362
15,1503,1518,0.15366178911891054
15,1506,1521,0.15365510727008155
15,1504,1519,0.1536491262627096
15,1505,1520,0.15364377505791743
14,1499,1513,0.15363898967912484
15,1499,1514,0.1536374649868984
15,1508,1523,0.15363290349241476
14,1500,1514,0.15362885148126335
15,1499,1514,0.15362742033487578
15,1504,1519,0.15362299441677105
15,1498,1513,0.15361911566407935
13,1522,1535,0.1536157238415573
13,1512,1525,0.15361713158871143
14,1504,1518,0.15361865423104143
15,1502,1517,0.15361700086523672
15,1505,1520,0.15361336006294615
14,1498,1512,0.15361020297572497
15,1493,1508,0.1536096349199682
14,1511,1525,0.1536060447486727
14,1516,1530,0.1536047907704949
13,1514,1527,0.15360391833146006
14,1512,1526,0.15360643089924508
15,1502,1517,0.15360567291799124
15,1502,1517,0.153601935847945
15,1504,1519,0.15359876229287642
15,1503,1518,0.15359596726994046
15,1497,1512,0.15359362874657814
15,1499,1514,0.15359169116838042
15,1490,1505,0.15359010505213008
16,1488,1504,0.15358882635590504
15,1490,1505,0.153584540086469
15,1484,1499,0.1535829520940428
16,1490,1506,0.15358171328554945
15,1496,1511,0.15357752331215926
17,1485,1502,0.15357608699229938
17,1495,1512,0.1535694960708653
19,1491,1510,0.15356274866000727
18,1494,1512,0.15355137792768012
18,1486,1504,0.1535433505621193
19,1491,1510,0.153536255000955
19,1491,1510,0.1535267770052166
19,1483,1502,0.15351833883300978
18,1480,1498,0.1535108324390211
18,1474,1492,0.15350632715975582
18,1495,1513,0.15350208902074536
18,1492,1510,0.1534984514083125
19,1491,1510,0.15349534455127645
19,1487,1506,0.1534894677534842
18,1490,1508,0.15348430621859904
18,1504,1522,0.15348220406465768
19,1495,1514,0.1534804967698947
18,1489,1507,0.15347586506302846
19,1496,1515,0.15347404450323107
19,1488,1507,0.15346935969766895
20,1490,1510,0.15346532704948695
19,1489,1508,0.15345860293848884
19,1495,1514,0.15345496096416286
20,1495,1515,0.15345189762941222
19,1499,1518,0.15344695199130653
18,1489,1507,0.1534447858307794
17,1490,1507,0.15344528817575825
17,1496,1513,0.15344841483321836
17,1497,1514,0.1534515493376854
17,1495,1512,0.1534546718233196
16,1506,1522,0.1534566479704098
16,1494,1510,0.15346091749835053
15,1498,1513,0.15346515589103063
14,1500,1514,0.15347151878418852
14,1504,1518,0.1534798319483967
14,1518,1532,0.15348780744464827
14,1514,1528,0.15349438505617397
14,1514,1528,0.15350080198066693
13,1515,1528,0.15350704456793202
13,1517,1530,0.1535152758928077
13,1518,1531,0.15352318265573472
12,1525,1537,0.15353053250699886
13,1520,1533,0.15353975473844642
12,1520,1532,0.153545438164998
12,1505,1517,0.1535531820769796
12,1504,1516,0.15356066139086746
11,1505,1516,0.15356787204328592
10,1512,1522,0.15357697752590993
10,1493,1503,0.1535881660927401
9,1495,1504,0.15359770064110742
10,1492,1502,0.15360901839168897
10,1499,1509,0.1536165662563321
10,1472,1482,0.15362286210463327
9,1482,1491,0.15362912391458308
10,1497,1507,0.1536375834139741
10,1496,1506,0.1536425371010223
10,1496,1506,0.15364754492457255
10,1494,1504,0.15365256908926492
10,1505,1515,0.15365757744590147
9,1509,1518,0.15366254282340266
10,1510,1520,0.15366961344587907
11,1509,1520,0.15367335124964832
11,1503,1514,0.15367387889029152
12,1503,1515,0.15367473905244666
12,1502,1514,0.15367260236328079
13,1497,1510,0.15367100002732792
12,1495,1507,0.15366660445281924
13,1505,1518,0.15366509616006174
12,1507,1519,0.1536618188854044
12,1497,1509,0.1536618037786226
12,1502,1514,0.15366206541003116
12,1505,1517,0.15366256025729824
12,1505,1517,0.15366325002584016
12,1502,1514,0.1536641010814814
12,1510,1522,0.15366508394171213
12,1503,1515,0.15366617281965086
12,1494,1506,0.15366734521540631
13,1517,1530,0.15366858155005564
13,1524,1537,0.15366659753015818
13,1516,1529,0.1536649508500092
12,1505,1517,0.15366359999341803
12,1498,1510,0.1536646723868288
12,1482,1494,0.15366583945957685
11,1487,1498,0.15366707989304998
10,1501,1511,0.1536695994537553
11,1506,1517,0.15367437539171727
10,1510,1520,0.1536757700931157
10,1509,1519,0.15367962747437358
10,1505,1515,0.1536824606665812
10,1504,1514,0.1536854376310469
11,1514,1525,0.15368851889967308
11,1515,1526,0.1536884117394544
11,1512,1523,0.15368864996441764
10,1514,1524,0.1536891796860383
10,1509,1519,0.15369212131463444
10,1496,1506,0.15369513396802723
10,1504,1514,0.1536981890461433
10,1510,1520,0.15370126204438303
10,1519,1529,0.15370433207609135
10,1509,1519,0.15370738144621154
10,1520,1530,0.15371039527086341
10,1514,1524,0.15371336113811682
10,1510,1520,0.15371626880570338
10,1510,1520,0.15371910993184223
11,1510,1521,0.1537210689512966
10,1505,1515,0.15371982299781334
9,1505,1514,0.1537212251979355
9,1507,1516,0.1537249261089502
8,1508,1516,0.15372830203712215
8,1498,1506,0.15373449887267523
8,1504,1512,0.1537404438594113
8,1504,1512,0.153746140124914
8,1497,1505,0.15375159179096876
8,1502,1510,0.15375680379825843
7,1509,1516,0.15376178175284025
8,1498,1506,0.15376869252538497
8,1503,1511,0.15377301929627168
7,1511,1518,0.15377715064374628
7,1511,1518,0.1537833096974315
8,1504,1512,0.15378914404741473
8,1517,1525,0.15379162367336502
8,1510,1518,0.15379407875207984
6,1509,1515,0.1537964984967024
6,1494,1500,0.15380322894777756
6,1489,1495,0.15380964127431362
7,1502,1509,0.15381574588652352
7,1503,1510,0.15381827577427098
8,1512,1520,0.1538208258405132
8,1506,1514,0.15382010850883354
8,1501,1509,0.15381968305811605
8,1506,1514,0.1538193015768704
8,1507,1515,0.1538191663662677
8,1516,1524,0.1538192409293023
8,1505,1513,0.1538194930628117
8,1504,1512,0.15381989439652424
8,1501,1509,0.15382041997938217
9,1505,1514,0.15382104790841203
9,1506,1515,0.15381855548998977
8,1516,1524,0.15381642490301528
7,1520,1527,0.15381677950359518
8,1514,1522,0.15381945081453152
8,1517,1525,0.15381886853527918
8,1520,1528,0.153818568710906
7,1513,1520,0.1538185104341325
7,1516,1523,0.15382108085358534
8,1500,1508,0.1538236520117988
8,1504,1512,0.15382368150930043
8,1496,1504,0.1538238729406953
8,1497,1505,0.15382420073601108
8,1514,1522,0.15382464239078802
7,1509,1516,0.15382517813448426
7,1519,1526,0.15382816905589103
7,1532,1539,0.15383105578853656
7,1515,1522,0.15383383713406346
7,1512,1519,0.15383651269576737
7,1514,1521,0.15383908275947017
6,1514,1520,0.15384154818842613
6,1507,1513,0.15384607257034089
6,1502,1508,0.1538503643594926
6,1497,1503,0.15385443351390515
6,1509,1515,0.1538582897951678
7,1519,1526,0.15386194274057263
8,1517,1525,0.15386213817166852
8,1520,1528,0.15385918771221893
8,1522,1530,0.15385664164248156
8,1520,1528,0.15385445349493265
8,1511,1519,0.15385258175249322
7,1487,1494,0.15385098934128622
8,1501,1509,0.15385240269724354
9,1499,1508,0.15385055888946866
10,1503,1513,0.1538457805377187
10,1511,1521,0.15383828247387885
10,1517,1527,0.15383158427067292
10,1508,1518,0.15382560418274957
10,1500,1510,0.15382026862183124
10,1508,1518,0.15381551135408766
9,1514,1523,0.1538112727758182
8,1513,1521,0.15381026457431157
9,1508,1517,0.1538115981952879
9,1500,1509,0.15381074722769264
9,1500,1509,0.1538100608346347
9,1507,1516,0.15380951817142235
10,1513,1523,0.15380830589412242
10,1509,1519,0.15380481182579242
9,1506,1515,0.1538017098329314
9,1503,1512,0.153801123602384
9,1504,1513,0.15380071999280634
8,1505,1513,0.15379939426924374
8,1514,1522,0.153801526306508
8,1512,1520,0.153803634951366
7,1504,1511,0.15380571132707238
8,1503,1511,0.15380989563475297
7,1500,1507,0.15381168604591786
7,1508,1515,0.1538156875717417
7,1507,1514,0.15381950659392227
7,1494,1501,0.15382314812830203
7,1505,1512,0.15382661748616006
7,1508,1515,0.15382992019744082
7,1511,1518,0.15383306194438123
7,1511,1518,0.15383604850434743
7,1503,1510,0.15383888570081827
7,1509,1516,0.15384157936156684
7,1518,1525,0.15384413528319196
7,1513,1520,0.1538465592012436
7,1510,1517,0.15384885676526777
7,1507,1514,0.1538510335181705
7,1497,1504,0.15385309487936458
7,1506,1513,0.15385504613122392
7,1500,1507,0.15385689240842204
7,1502,1509,0.15385863868977834
6,1501,1507,0.15386028979227848
6,1519,1525,0.1538640265757671
6,1527,1533,0.15386754374505618
6,1522,1528,0.15387085382349086
6,1516,1522,0.15387396865916605
6,1507,1513,0.1538768994572774
6,1506,1512,0.1538796568113691
6,1501,1507,0.1538822507334623
6,1508,1514,0.1538846906830547
6,1516,1522,0.1538869855949902
6,1513,1519,0.15388914390620603
6,1511,1517,0.15389117358136822
6,1507,1513,0.15389308213741273
6,1519,1525,0.1538948766670127
6,1517,1523,0.15389656386099604
6,1509,1515,0.15389815002973928
6,1506,1512,0.1538996411235669
5,1516,1521,0.1539010427521861
6,1514,1520,0.15390452288478798
6,1510,1516,0.15390452959433218
6,1509,1515,0.15390464324750416
6,1500,1506,0.1539048469104456
5,1496,1501,0.1539051256918047
4,1487,1491,0.1539076203596487
4,1484,1488,0.1539121951892209
4,1496,1500,0.15391655699864118
4,1511,1515,0.1539207122896199
4,1516,1520,0.1539246678035468
4,1536,1540,0.1539284304446387
4,1537,1541,0.1539320072138536
4,1513,1517,0.1539354051523216
4,1517,1521,0.15393863129317623
4,1511,1515,0.15394169262079122
4,1509,1513,0.1539445960365347
4,1505,1509,0.15394734833024945
3,1508,1511,0.15394995615675533
3,1517,1520,0.15395459922379576
3,1512,1515,0.15395897910188494
3,1521,1524,0.1539631099055404
3,1516,1519,0.15396700507667346
4,1509,1513,0.15397067740729578
4,1511,1515,0.15397087233600593
4,1515,1519,0.15397117313873485
4,1520,1524,0.15397156193670195
4,1514,1518,0.15397202304950838
4,1512,1516,0.1539725427535698
4,1512,1516,0.15397310906571016
3,1514,1517,0.15397371154937084
3,1524,1527,0.1539765683014404
3,1524,1527,0.15397930413779293
3,1511,1514,0.15398192130504829
2,1499,1501,0.15398442240739527
2,1483,1485,0.1539889793649493
2,1485,1487,0.15399329519437022
3,1503,1506,0.15399738111296835
2,1507,1509,0.15399811900624802
2,1498,1500,0.15400196680833655
2,1511,1513,0.15400560478433958
2,1514,1516,0.15400904338325472
2,1523,1525,0.1540122926406916
2,1527,1529,0.1540153621826109
1,1539,1540,0.15401826123090287
1,1532,1533,0.15402316545443362
1,1522,1523,0.15402778520345714
1,1514,1515,0.15403213645398697
1,1521,1522,0.1540362343384101
1,1518,1519,0.15404009318439024
1,1516,1517,0.15404372655260995
1,1510,1511,0.15404714727330415
1,1508,1509,0.15405036748155376
1,1504,1505,0.15405339865131895
1,1516,1517,0.15405625162820283
1,1520,1521,0.15405893666094447
1,1518,1519,0.15406146343164895
1,1513,1514,0.15406384108476787
1,1519,1520,0.15406607825484844
1,1520,1521,0.15406818309307527
1,1527,1528,0.15407016329263098
1,1521,1522,0.15407202611290582
1,1522,1523,0.1540737784025882
1,1524,1525,0.15407542662166956
1,1522,1523,0.15407697686239935
1,1516,1517,0.1540784348692252
1,1508,1509,0.15407980605775531
1,1513,1514,0.15408109553277974
1,1499,1500,0.1540823081053869
1,1515,1516,0.15408344830921186
1,1508,1509,0.15408452041585288
1,1515,1516,0.15408552844949094
1,1520,1521,0.1540864762007477
2,1499,1501,0.1540873672398152
2,1491,1493,0.15408493139994994
2,1506,1508,0.15408275125005352
2,1513,1515,0.15408080082155912
2,1508,1510,0.15407905673471212
2,1524,1526,0.15407749794329517
2,1516,1518,0.1540761055043606
2,1512,1514,0.1540748623705299
3,1513,1516,0.15407375320265757
3,1516,1519,0.15406949491821936
4,1520,1524,0.15406565004226416
4,1508,1512,0.1540588968099454
4,1506,1510,0.15405278753051047
4,1520,1524,0.15404726054302714
4,1529,1533,0.15404226010719724
4,1519,1523,0.15403773583382283
4,1514,1518,0.15403364217012439
4,1523,1527,0.15402993793462436
4,1508,1512,0.15402658589681795
4,1515,1519,0.1540235523973162
4,1523,1527,0.15402080700455945
4,1521,1525,0.15401832220457848
4,1511,1515,0.15401607312061805
4,1519,1523,0.15401403725974594
4,1510,1514,0.1540121942838474
4,1502,1506,0.15401052580265595
5,1513,1518,0.15400810821251645
5,1518,1523,0.15400270278614864
5,1507,1512,0.15399785940680327
4,1515,1519,0.15399352137563382
4,1515,1519,0.15399185775147328
5,1514,1519,0.1539904621863469
4,1508,1512,0.15398695189422335
2,1509,1511,0.153986140913762
2,1506,1508,0.15399037108397082
2,1522,1524,0.1539944032617617
2,1524,1526,0.15399824367653578
2,1527,1529,0.15400189874644052
1,1522,1523,0.15400537501160141
1,1537,1538,0.15401112459024296
1,1531,1532,0.1540165323696848
1,1528,1529,0.15402161838219489
1,1533,1534,0.1540264015145986
1,1535,1536,0.15403089957088212
1,1532,1533,0.15403512933167396
1,1520,1521,0.15403910661072764
1,1509,1510,0.1540428463085283
1,1498,1499,0.15404636246314307
1,1506,1507,0.15404966829843436
1,1501,1502,0.154052776269752
1,1504,1505,0.15405569810721764
1,1519,1520,0.15405844485671163
1,1514,1515,0.15406102691866994
1,1510,1511,0.1540634540847944
1,1508,1509,0.1540657355727771
1,1515,1516,0.15406788005913538
1,1519,1520,0.15406989571025106
1,1523,1524,0.15407179021170342
1,1508,1509,0.154073570795982
1,1516,1517,0.15407524426866195
1,1515,1516,0.15407681703312112
1,1521,1522,0.1540782951138746
1,1530,1531,0.15407968417859885
1,1519,1520,0.154080989558915
1,1526,1527,0.15408221626999674
1,1524,1525,0.15408336902906605
1,1518,1519,0.15408445227283657
1,1523,1524,0.15408547017396124
1,1510,1511,0.15408642665653904
1,1522,1523,0.1540873254107318
1,1501,1502,0.15408816990654028
1,1518,1519,0.1540889634067859
1,1521,1522,0.15408970897934232
1,1536,1537,0.15409040950865865
1,1544,1545,0.15409106770661368
1,1530,1531,0.1540916861227393
1,1529,1530,0.15409226715384808
1,1526,1527,0.15409281305309894
1,1530,1531,0.15409332593853298
1,1534,1535,0.1540938078011093
1,1534,1535,0.15409426051226954
1,1523,1524,0.15409468583105848
1,1515,1516,0.15409508541082498
1,1512,1513,0.1540954608055292
1,1507,1508,0.154095813475677
1,1514,1515,0.15409614479390463
1,1501,1502,0.1540964560502328
1,1502,1503,0.15409674845700988
1,1498,1499,0.15409702315356208
1,1499,1500,0.15409728121056832
1,1500,1501,0.15409752363417475
1,1506,1507,0.15409775136986512
1,1506,1507,0.1540979653061007
1,1503,1504,0.1540981662777439
1,1513,1514,0.15409835506927735
1,1512,1513,0.15409853241783136
1,1512,1513,0.1540986990160309
1,1516,1517,0.15409885551467195
1,1520,1521,0.1540990025252386
1,1516,1517,0.15409914062226904
1,1523,1524,0.15409927034558046
1,1514,1515,0.15409939220236027
1,1500,1501,0.15409950666913244
1,1515,1516,0.15409961419360566
1,1523,1524,0.15409971519641089
2,1511,1513,0.1540998100727343
2,1509,1511,0.15409663211627417
2,1509,1511,0.1540937536269104
2,1506,1508,0.15409114610128596
2,1494,1496,0.15408878376689297
2,1501,1503,0.15408664331931823
1,1497,1498,0.1540847036848399
1,1504,1505,0.1540857080624386
1,1503,1504,0.15408665179832137
1,1513,1514,0.15408753853191218
1,1513,1514,0.15408837168639825
1,1504,1505,0.15408915448136015
2,1503,1505,0.15408988994468634
2,1504,1506,0.15408730996615191
2,1515,1517,0.15408499381452562
2,1507,1509,0.1540829150694838
3,1515,1518,0.15408104992390162
4,1512,1516,0.15407610393256427
4,1523,1527,0.15406860981993992
4,1519,1523,0.15406181520418802
4,1515,1519,0.15405565399923735
4,1513,1517,0.15405006641327135
4,1512,1516,0.15404499834604912
4,1514,1518,0.15404040084413373
3,1523,1526,0.15403622960845065
3,1513,1516,0.1540349331639625
3,1521,1524,0.15403380423840413
3,1511,1514,0.15403282401958376
3,1509,1512,0.1540319756772457
3,1501,1504,0.1540312441611986
3,1506,1509,0.1540306160196134
2,1500,1502,0.1540300792354987
2,1507,1509,0.15403178747458263
2,1515,1517,0.15403343534095268
2,1521,1523,0.15403502221662252
2,1512,1514,0.15403654794225524
2,1495,1497,0.15403801274805046
2,1497,1499,0.1540394171928626
2,1497,1499,0.15404076211065706
2,1506,1508,0.15404204856350223
2,1516,1518,0.15404327780038074
2,1513,1515,0.1540444512211759
2,1498,1500,0.15404557034525906
2,1506,1508,0.15404663678416142
2,1509,1511,0.1540476522178705
3,1499,1502,0.1540486183743389
3,1511,1514,0.15404670639162935
3,1498,1501,0.15404498530802974
3,1508,1511,0.15404343630594927
3,1510,1513,0.1540420424082913
2,1504,1506,0.15404078829930978
2,1494,1496,0.15404185757292507
2,1496,1498,0.15404290448595903
2,1508,1510,0.15404392624987387
2,1498,1500,0.15404492064862993
2,1511,1513,0.1540458859647628
2,1522,1524,0.15404682091375055
2,1517,1519,0.15404772458579782
2,1517,1519,0.15404859639425428
3,1516,1519,0.15404943602996332
3,1524,1527,0.15404697520122465
3,1523,1526,0.15404478751456271
3,1519,1522,0.15404284437480376
3,1511,1514,0.15404112008818535
3,1500,1503,0.15403959157319902
3,1493,1496,0.1540382380999439
3,1503,1506,0.15403704105519875
3,1504,1507,0.1540359837306913
3,1508,1511,0.15403505113229132
3,1506,1509,0.15403422980807396
3,1510,1513,0.1540335076934025
3,1519,1522,0.15403287397135831
3,1528,1531,0.154032318947011
3,1537,1540,0.15403183393416786
3,1529,1532,0.15403141115337518
3,1523,1526,0.1540310436400643
2,1520,1522,0.15403072516184338
2,1510,1512,0.15403263985056717
2,1512,1514,0.15403445760356566
2,1513,1515,0.154036182369267
2,1513,1515,0.1540378180485754
2,1516,1518,0.15403936847881075
1,1503,1504,0.15404083742048358
1,1507,1508,0.15404439808995576
1,1510,1511,0.15404775319495861
1,1511,1512,0.1540509141813318
1,1508,1509,0.15405389190083052
1,1499,1500,0.15405669663736987
1,1513,1514,0.15405933813263226
1,1513,1514,0.1540618256109847
1,1509,1510,0.15406416780366278
1,1515,1516,0.15406637297219025
1,1514,1515,0.15406844893101204
1,1506,1507,0.15407040306932646
1,1509,1510,0.1540722423721094
1,1506,1507,0.15407397344032922
3,1514,1517,0.15407560251035585
3,1525,1528,0.15407060499168446
3,1507,1510,0.15406612657063964
3,1505,1508,0.1540621148014368
3,1508,1511,0.15405852245275928
3,1502,1505,0.15405530699425937
3,1510,1513,0.1540524301333308
2,1526,1528,0.15404985739724894
2,1528,1530,0.15405026188111312
2,1524,1526,0.1540506954568205
2,1528,1530,0.15405115113543164
2,1526,1528,0.15405162285997154
2,1519,1521,0.1540521053995528
2,1520,1522,0.15405259425471057
2,1519,1521,0.15405308557280445
2,1522,1524,0.1540535760724574
2,1524,1526,0.15405406297610388
3,1506,1509,0.15405454394981458
3,1509,1512,0.15405184527541294
3,1504,1507,0.15404942771769237
3,1517,1520,0.15404726288070622
3,1522,1525,0.1540453251863823
3,1509,1512,0.15404359159784764
3,1509,1512,0.15404204136974203
4,1508,1512,0.15404065582289925
3,1528,1531,0.15403614684457437
3,1524,1527,0.15403523997515678
3,1522,1525,0.15403444026720545
3,1500,1503,0.15403373617737395
3,1491,1494,0.1540331173498031
3,1501,1504,0.15403257449703017
3,1498,1501,0.1540320992926655
3,1504,1507,0.1540316842746838
2,1503,1505,0.1540313227582898
2,1504,1506,0.1540332096534207
2,1500,1502,0.15403500162012768
2,1525,1527,0.15403670245905235
2,1539,1541,0.15403831593418058
2,1530,1532,0.1540398457560079
2,1514,1516,0.15404129556759005
2,1508,1510,0.15404266893312252
2,1519,1521,0.15404396932873068
2,1509,1511,0.1540452001351898
2,1509,1511,0.1540463646323222
2,1514,1516,0.1540474659948508
2,1511,1513,0.15404850728951075
2,1526,1528,0.15404949147324504
2,1525,1527,0.15405042139232936
2,1527,1529,0.15405129978228949
2,1521,1523,0.15405212926849166
2,1519,1521,0.15405291236729873
2,1531,1533,0.15405365148769967
2,1520,1522,0.15405434893333053
2,1525,1527,0.1540550069048148
2,1519,1521,0.15405562750236043
2,1519,1521,0.1540562127285597
2,1507,1509,0.15405676449134315
2,1496,1498,0.15405728460704762
2,1499,1501,0.1540577748035618
2,1499,1501,0.1540582367235194
2,1509,1511,0.15405867192751316
2,1495,1497,0.1540590818973077
2,1507,1509,0.1540594680390322
2,1493,1495,0.15405983168633663
2,1511,1513,0.15406017410349895
2,1502,1504,0.1540604964884713
2,1511,1513,0.15406079997585737
2,1509,1511,0.15406108563981288
2,1516,1518,0.1540613544968641
2,1510,1512,0.15406160750863968
2,1517,1519,0.1540618455845135
2,1508,1510,0.15406206958415525
2,1518,1520,0.1540622803199886
2,1513,1515,0.15406247855955585
2,1516,1518,0.15406266502778965
2,1514,1516,0.15406284040919171
2,1513,1515,0.15406300534992068
2,1517,1519,0.15406316045978968
2,1512,1514,0.1540633063141761
2,1505,1507,0.154063443455845
1,1515,1516,0.15406357239668908
1,1516,1517,0.15406586173053177
0,1511,1511,0.15406801240522863
