1373,29,1402,0.13579592027468354
1404,29,1433,0.13293482427520126
1431,30,1461,0.13024758159865285
1420,31,1451,0.1277284577985345
1444,32,1476,0.12546897020356695
1454,31,1485,0.12334803288850119
1463,31,1494,0.12139277172949935
1469,31,1500,0.11959217618437598
1473,31,1504,0.11793849767135267
1472,31,1503,0.11642662729465464
1469,33,1502,0.11505563673365497
1467,34,1501,0.11381682619083135
1461,34,1495,0.11269539699838214
1472,31,1503,0.11169202758592793
1467,30,1497,0.11075613631299923
1465,31,1496,0.10991615761470755
1467,31,1498,0.10915583809665531
1460,31,1491,0.10845935688839202
1475,30,1505,0.10784507586068315
1480,31,1511,0.10725015798621308
1479,32,1511,0.10669593250218401
1472,30,1502,0.10619313905061573
1461,33,1494,0.10575424555533873
1464,37,1501,0.10538053942296947
1468,38,1506,0.1050341757008561
1459,38,1497,0.1047121036538255
1457,37,1494,0.1044405190275792
1451,39,1490,0.1041969042159016
1440,39,1479,0.10399090815915542
1439,40,1479,0.10382879462511854
1440,40,1480,0.10368759300950231
1455,37,1492,0.103557229436963
1450,36,1486,0.1034016807627069
1452,36,1488,0.10327061557050582
1471,36,1507,0.10314739815507588
1471,37,1508,0.10299185985748432
1469,36,1505,0.10285163399543606
1466,35,1501,0.10272915210819163
1460,33,1493,0.10262321163073299
1459,32,1491,0.10253883173515359
1455,35,1490,0.10246320304678103
1461,35,1496,0.10240364966638815
1458,38,1496,0.10233703212754212
1445,38,1483,0.10228353888872681
1437,38,1475,0.1022667181137901
1424,37,1461,0.10226887656473757
1434,37,1471,0.1023027600352668
1445,36,1481,0.10231125077546586
1461,38,1499,0.10229708815063095
1458,37,1495,0.10224559844903965
1462,35,1497,0.10220434174463397
1454,38,1492,0.10215549224734602
1451,38,1489,0.10212893868356264
1464,34,1498,0.10211167823564253
1465,33,1498,0.10206792117706463
1466,33,1499,0.10202549535028428
1468,31,1499,0.10198431369326108
1469,32,1501,0.10194392860101853
1469,34,1503,0.10190604684067851
1469,33,1502,0.10186918840434718
1468,33,1501,0.10183795196637416
1466,36,1502,0.10181092268838349
1464,37,1501,0.10179109189030505
1465,35,1500,0.10177522457523613
1461,36,1497,0.10176014660817384
1470,35,1505,0.10175555939031442
1448,38,1486,0.1017308088220872
1435,37,1472,0.10175581098502938
1433,38,1471,0.10180746403139848
1428,40,1468,0.10186068425227209
1438,38,1476,0.10192177889283455
1444,39,1483,0.10195716473983042
1448,40,1488,0.1019774088705824
1447,40,1487,0.10198676793475198
1445,41,1486,0.1019987982869263
1444,41,1485,0.10201529146939826
1436,41,1477,0.10203254956348295
1442,40,1482,0.10206592872653147
1439,40,1479,0.10208469264353201
1445,40,1485,0.10210656147657896
1459,41,1500,0.10211269806886422
1447,42,1489,0.10208681851747517
1449,41,1490,0.10208815847698754
1453,40,1493,0.1020857811404437
1456,41,1497,0.10207411564599227
1463,40,1503,0.10205664187519439
1462,39,1501,0.10202552553097571
1447,39,1486,0.10199820580219726
1464,39,1503,0.1020064823274619
1465,40,1505,0.10197575750636818
1452,38,1490,0.10194499359382435
1446,37,1483,0.10194580695914433
1462,36,1498,0.10196019380399723
1464,34,1498,0.10193654489419907
1452,37,1489,0.10191115505199232
1464,37,1501,0.10191616128617127
1457,38,1495,0.10189370132367699
1442,39,1481,0.10188795234514114
1440,40,1480,0.10191500184654302
1448,41,1489,0.10194355298341956
1432,41,1473,0.1019507856087612
1428,42,1470,0.10199338954985347
1440,43,1483,0.10204296959921282
1452,42,1494,0.10206326409594546
1453,41,1494,0.10205571462089233
1481,42,1523,0.10204827115727014
1469,43,1512,0.10197554293482257
1472,44,1516,0.1019361627152052
1465,43,1508,0.10189340496657405
1456,43,1499,0.10187255328952328
1456,42,1498,0.10187418334318427
1469,43,1512,0.10187822054706569
1469,43,1512,0.10185253520918541
1484,41,1525,0.10182973231070931
1467,44,1511,0.10177210872936744
1453,43,1496,0.10175481192599227
1466,48,1514,0.10176902193459561
1473,50,1523,0.10175594792723708
1464,47,1511,0.10173041028671098
1455,47,1502,0.10172702051414008
1460,48,1508,0.1017441635193401
1462,45,1507,0.10174764112663691
1460,43,1503,0.10174591443822316
1458,39,1497,0.10174666487016927
1456,37,1493,0.10175123626823204
1442,38,1480,0.10176175572582416
1454,37,1491,0.10180072682092849
1448,40,1488,0.10181211842384089
1449,38,1487,0.1018347533934274
1452,38,1490,0.10185481310316467
1454,39,1493,0.1018607607288003
1448,40,1488,0.10186256518050861
1460,42,1502,0.1018782153046221
1447,41,1488,0.10186734779720823
1434,42,1476,0.10188513505065355
1432,42,1474,0.10193036492653569
1439,44,1483,0.10197631067922706
1437,44,1481,0.1020046304945121
1435,45,1480,0.10203542940218549
1438,46,1484,0.10206716002243771
1437,45,1482,0.10208968709816651
1435,45,1480,0.10211335127555152
1432,46,1478,0.10214146452272559
1433,48,1481,0.10217250318600817
1437,47,1484,0.10220033540372608
1445,47,1492,0.10221920034061675
1454,45,1499,0.10221949918994767
1448,45,1493,0.10219613761611766
1446,42,1488,0.10218765767523914
1452,40,1492,0.10218503189664428
1456,41,1497,0.10216633936548185
1456,40,1496,0.10213881825775374
1461,39,1500,0.10211285996382462
1456,38,1494,0.10207818435153487
1449,38,1487,0.1020557872183663
1464,36,1500,0.10205188773242824
1460,39,1499,0.10201347661248424
1464,38,1502,0.10198920073595506
1464,39,1503,0.10195858982292005
1466,37,1503,0.10192989316581329
1468,38,1506,0.10190002135775642
1458,39,1497,0.10186817426880815
1474,38,1512,0.1018629197319645
1450,39,1489,0.10182070670097414
1449,40,1489,0.10183523689969619
1443,41,1484,0.10185206265645125
1450,43,1493,0.10188052319636735
1458,43,1501,0.10189233484057848
1463,43,1506,0.10188642719425328
1455,44,1499,0.10186886694169196
1446,45,1491,0.10187052675694766
1439,46,1485,0.10189204001676658
1443,49,1492,0.1019293135560832
1447,46,1493,0.1019570348761414
1429,45,1474,0.10197476715015855
1438,45,1483,0.10202956997224252
1440,49,1489,0.10205835551799915
1447,50,1497,0.10208071882782928
1449,51,1500,0.10208706700629736
1454,51,1505,0.10208773450699922
1448,50,1498,0.10207687114682913
1452,48,1500,0.10208047166075239
1455,50,1505,0.10207562112941487
1443,48,1491,0.10206243695980585
1449,48,1497,0.10207827932762699
1446,48,1494,0.1020775009101591
1442,49,1491,0.10208378708147911
1438,48,1486,0.10210037468474432
1443,47,1490,0.10212469815716416
1439,46,1485,0.10213739075359929
1436,46,1482,0.10215623489567806
1440,45,1485,0.10218159081643087
1446,46,1492,0.10219552300135593
1456,44,1500,0.1021940607525226
1459,43,1502,0.10216852216435754
1468,45,1513,0.10213840504290438
1459,45,1504,0.10208817695373497
1465,45,1510,0.10206427468071802
1457,46,1503,0.10202824651512583
1451,48,1499,0.10201340291650261
1453,49,1502,0.10201547464140875
1436,52,1488,0.1020150280528068
1429,52,1481,0.10205164798382174
1444,52,1496,0.10210039349378582
1442,50,1492,0.10211058614799512
1454,49,1503,0.10212634282258577
1448,49,1497,0.10211483758575862
1440,50,1490,0.10211714624546075
1437,50,1487,0.10213635262114544
1438,49,1487,0.10216140228960265
1447,47,1494,0.10218458722255633
1447,45,1492,0.10218478230956655
1452,47,1499,0.10218374862158366
1449,49,1498,0.10216882051170266
1456,49,1505,0.10216307598582253
1456,49,1505,0.10214245851001444
1446,47,1493,0.10212508313622654
1431,46,1477,0.10212965599078527
1431,46,1477,0.10216955165809803
1446,46,1492,0.10220532943126756
1440,49,1489,0.10220507950967483
1429,47,1476,0.10221862497661842
1434,50,1484,0.10225480156215035
1439,50,1489,0.10227917743075306
1440,50,1490,0.10228629327633325
1430,52,1482,0.10229030950786978
1436,55,1491,0.10231697211072188
1438,56,1494,0.1023279324306363
1445,56,1501,0.10233255112925335
1445,54,1499,0.10232244013336342
1444,56,1500,0.10231344028745237
1455,55,1510,0.10230801423714748
1459,57,1516,0.10228121018690384
1457,57,1514,0.10224999453199199
1455,55,1510,0.10222595840777153
1447,57,1504,0.10220521250854006
1440,59,1499,0.10220657037767321
1441,60,1501,0.10222203218573345
1435,59,1494,0.10223532008592119
1431,64,1495,0.10226135137626377
1433,64,1497,0.10229269136320154
1431,61,1492,0.10231898175333652
1433,62,1495,0.10234971101819529
1431,65,1496,0.10237504628699391
1424,66,1490,0.10240176298176787
1432,66,1498,0.10244288449689988
1448,64,1512,0.10246049013315738
1442,62,1504,0.10244209253872558
1443,62,1505,0.10243743826349413
1441,59,1500,0.10243184632521551
1437,62,1499,0.10243191518822858
1438,63,1501,0.10244047642770582
1431,61,1492,0.1024470914545639
1442,61,1503,0.10246809481675494
1442,59,1501,0.10246227628507555
1439,61,1500,0.10245755413766172
1450,61,1511,0.10246001834160115
1441,62,1503,0.10243824845993595
1447,59,1506,0.10243746444458977
1454,58,1512,0.10242191287303214
1451,58,1509,0.10239251527819918
1445,58,1503,0.10236967587809281
1456,58,1514,0.10236320937809915
1446,58,1504,0.10233353104598368
1452,56,1508,0.1023292729721388
1449,56,1505,0.10231295722555092
1440,58,1498,0.10230617808250242
1436,58,1494,0.1023194512531585
1429,61,1490,0.10234122107947204
1427,61,1488,0.10237728591685152
1421,65,1486,0.10241478859889307
1413,67,1480,0.10246173937641391
1416,68,1484,0.10252279404030898
1411,67,1478,0.10257440893363096
1415,69,1484,0.10263253461804137
1416,70,1486,0.10267602194763098
1421,68,1489,0.10271258742762647
1434,69,1503,0.10273457695832265
1426,68,1494,0.10272871170119696
1435,67,1502,0.10274207587110444
1436,69,1505,0.1027327646294827
1443,68,1511,0.1027229331280223
1444,70,1514,0.10269912807536247
1433,71,1504,0.1026725934785841
1421,70,1491,0.10267395566725326
1423,74,1497,0.1027039674926625
1426,73,1499,0.10272751730992283
1431,72,1503,0.10273995901209436
1434,72,1506,0.10273715667114428
1431,71,1502,0.10273033368593404
1414,70,1484,0.10273196012096569
1413,71,1484,0.10277148077660553
1395,68,1463,0.10281024711725582
1409,69,1478,0.10288521546254245
1423,70,1493,0.10292352021049482
1419,70,1489,0.1029264751569939
1417,68,1485,0.10293848009982415
1422,71,1493,0.10295515360540368
1423,70,1493,0.10295964191819737
1425,71,1496,0.1029587389102403
1432,73,1505,0.10295740218439807
1426,73,1499,0.10293801129695435
1426,76,1502,0.1029339925185765
1419,71,1490,0.10293034983528719
1432,73,1505,0.10294339960974735
1423,71,1494,0.10292643037140577
1430,72,1502,0.10292969424774874
1421,68,1489,0.10291450767508775
1411,67,1478,0.1029228002623788
1430,69,1499,0.10295269495396131
1424,69,1493,0.1029376904573391
1441,69,1510,0.10293803962415568
1429,71,1500,0.10290031510326847
1438,68,1506,0.10289170645571649
1430,67,1497,0.10286356210503059
1432,64,1496,0.102857811151547
1432,64,1496,0.10284984039963926
1433,65,1498,0.10284259079032282
1437,62,1499,0.10283201768496042
1426,62,1488,0.10281278166979516
1427,63,1490,0.10281776249324695
1418,65,1483,0.1028163403562471
1416,64,1480,0.10283526378971398
1413,66,1479,0.10285843643312953
1428,64,1492,0.10288863544405913
1418,64,1482,0.10288125304726126
1414,68,1482,0.10289998169627143
1417,68,1485,0.10292546118457548
1422,69,1491,0.10294144546614029
1425,66,1491,0.10294819571212725
1425,66,1491,0.10294633579056038
1429,67,1496,0.10294522742816109
1436,67,1503,0.10293502843293698
1425,67,1492,0.10290678668939668
1433,66,1499,0.1029052587881007
1434,61,1495,0.10288321419967111
1427,64,1491,0.10286228748787049
1427,67,1494,0.10285711527775057
1428,65,1493,0.10285080358413719
1433,67,1500,0.10284505730904275
1422,69,1491,0.1028293337857887
1423,72,1495,0.10284036974156009
1428,72,1500,0.10284778039212834
1427,74,1501,0.10284325466575166
1429,76,1505,0.10284419987897366
1425,75,1500,0.10284095263804169
1428,73,1501,0.10284700760612264
1422,75,1497,0.10284638475934513
1420,74,1494,0.10285778566904728
1417,76,1493,0.10287547323457437
1418,76,1494,0.10289896342731168
1415,75,1490,0.10291991934335769
1413,76,1489,0.10294456750015797
1409,78,1487,0.10297250336237937
1431,79,1510,0.10300707045689034
1424,76,1500,0.10298774103627864
1412,78,1490,0.10298871694182779
1417,75,1492,0.10301828567572296
1402,78,1480,0.10303560646350117
1402,79,1481,0.10308433874925918
1393,79,1472,0.1031291647792885
1396,86,1482,0.10319239970058085
1390,85,1475,0.103244293117485
1399,83,1482,0.10330514944363683
1408,86,1494,0.10333779588460758
1409,86,1495,0.10334903335083741
1408,89,1497,0.10335733234979022
1400,89,1489,0.10336620751219247
1407,87,1494,0.10338825275813061
1403,88,1491,0.10339309584956456
1393,89,1482,0.10340924963506694
1391,90,1481,0.10344636747796994
1395,87,1482,0.10348674277008647
1405,83,1488,0.10351333508789697
1404,86,1490,0.10351468602754098
1410,84,1494,0.10351668742086569
1403,83,1486,0.10350503272442566
1401,84,1485,0.10351228697721211
1394,91,1485,0.10352419054387163
1382,88,1470,0.10355130643883546
1383,92,1475,0.10360165172792754
1389,92,1481,0.10364738139540985
1394,93,1487,0.10367717101599584
1398,93,1491,0.10369323667008574
1406,91,1497,0.10370050155558036
1396,94,1490,0.10368991905137583
1409,91,1500,0.1037038779147878
1415,93,1508,0.10368738079185227
1406,94,1500,0.1036581727672084
1402,94,1496,0.10364925652575448
1408,90,1498,0.10364989053960429
1386,91,1477,0.10363845375110686
1397,89,1486,0.10367345623784904
1401,86,1487,0.10367847035392906
1411,86,1497,0.1036757991520942
1398,88,1486,0.10364870385875972
1386,92,1478,0.10365307468175898
1385,89,1474,0.10368467575989718
1385,87,1472,0.10371700547603019
1386,91,1477,0.10374855986955282
1391,91,1482,0.10377557716007098
1393,91,1484,0.10378970480519235
1396,93,1489,0.10379845997138183
1388,95,1483,0.10379858170806422
1385,95,1480,0.10381515631582663
1389,96,1485,0.10383914798579078
1393,95,1488,0.10385468894771094
1395,96,1491,0.10386008082402237
1392,96,1488,0.10385969932948907
1400,99,1499,0.10386735341771364
1400,104,1504,0.10385659194928809
1400,100,1500,0.10384715252456517
1400,102,1502,0.10383891676470032
1405,103,1508,0.10383224709784564
1407,104,1511,0.10381434440882846
1392,103,1495,0.10379551071925334
1396,99,1495,0.10381324874855861
1390,100,1490,0.10381919854788098
1389,99,1488,0.1038388709506529
1394,96,1490,0.10386047176942209
1384,100,1484,0.10386960086485665
1384,97,1481,0.10389987946707162
1389,98,1487,0.10392719386979639
1392,100,1492,0.10394156526825721
1394,97,1491,0.10394721923081277
1393,98,1491,0.10394964165745446
1383,104,1487,0.10395347127649711
1407,103,1510,0.10398271935105038
1403,109,1512,0.10395732088192508
1394,105,1499,0.1039405683714385
1400,107,1507,0.10394487350678688
1408,105,1513,0.10393327077759984
1403,108,1511,0.10390310760016742
1402,114,1516,0.1038896505116986
1410,117,1527,0.10388117661327449
1402,117,1519,0.10385462350568332
1389,117,1506,0.10384955855744828
1379,117,1496,0.1038756539846883
1380,119,1499,0.10392197441146102
1376,119,1495,0.10396237003039921
1393,118,1511,0.10400975723859737
1390,113,1503,0.10401766257008789
1390,113,1503,0.10403049096428318
1390,115,1505,0.10404044454423136
1389,114,1503,0.10405147971499183
1377,116,1493,0.10406422176830263
1373,116,1489,0.10410472454847358
1372,112,1484,0.10415109139424235
1382,115,1497,0.10419541919633771
1381,119,1500,0.10421412028000854
1397,122,1519,0.1042334240069989
1380,125,1505,0.10421684443862798
1375,124,1499,0.10424084693220607
1363,124,1487,0.10427423280808744
1362,126,1488,0.10432838943735931
1361,128,1489,0.10438386548122694
1359,124,1483,0.10443900879775957
1346,129,1475,0.10449352399824957
1343,126,1469,0.1045742272739976
1350,124,1474,0.10465853737821665
1350,128,1478,0.10471818342374735
1374,130,1504,0.10477150417202949
1367,125,1492,0.10476875561296463
1367,127,1494,0.10478164129267181
1369,132,1501,0.10479429311038313
1358,134,1492,0.10480099242684686
1341,134,1475,0.10483168242438509
1341,135,1476,0.10489514071470644
1359,132,1491,0.10495680044086349
1346,128,1474,0.10497391873326578
1354,135,1489,0.1050196506039633
1350,135,1485,0.10504457869801419
1354,131,1485,0.10507630690309883
1343,132,1475,0.10509630755813039
1352,135,1487,0.10514033736613441
1348,139,1487,0.10516001151977311
1357,135,1492,0.10518806902730915
1357,138,1495,0.10519254523348469
1354,143,1497,0.10519592624199445
1355,144,1499,0.10520786969013617
1361,144,1505,0.10521924255903845
1340,148,1488,0.10521524478284974
1326,148,1474,0.105258128333588
1339,147,1486,0.10533063104794226
1334,149,1483,0.10537119610368545
1330,148,1478,0.1054198423291217
1336,146,1482,0.10547450407581482
1338,140,1478,0.10551036407754394
1332,142,1474,0.10553840581671368
1329,148,1477,0.10557939712843754
1339,148,1487,0.10562085975234843
1334,150,1484,0.10563588584202056
1348,149,1497,0.10566195363407417
1345,149,1494,0.10565446505317012
1338,153,1491,0.1056528678712284
1331,158,1489,0.1056670747691054
1332,160,1492,0.10569619674082259
1330,164,1494,0.10572187198305888
1349,161,1510,0.10575051882159758
1360,159,1519,0.10573188172176476
1350,159,1509,0.10569129756716646
1341,159,1500,0.10567743893048945
1334,162,1496,0.105688004070834
1323,166,1489,0.10571531456588261
1329,162,1491,0.10576443969141584
1333,161,1494,0.10579572230953381
1329,159,1488,0.10581793035558663
1347,158,1505,0.10584905393340824
1344,158,1502,0.10583582185013551
1346,161,1507,0.10582994471795121
1354,162,1516,0.105820847449965
1350,161,1511,0.10579417685958163
1341,159,1500,0.10577780996530432
1344,165,1509,0.1057832631658038
1342,163,1505,0.10578401558769583
1335,167,1502,0.10579043735319459
1334,163,1497,0.1058141340419725
1332,166,1498,0.10583815367550437
1332,165,1497,0.10586560427012488
1326,160,1486,0.1058912788618827
1329,165,1494,0.10592651800734472
1332,165,1497,0.10595386003443666
1332,163,1495,0.1059735882889905
1336,164,1500,0.10598928126184116
1338,157,1495,0.1059965095997936
1344,162,1506,0.10599872087976721
1338,164,1502,0.10598438539783947
1332,166,1498,0.10598419716666509
1328,163,1491,0.10600025235701274
1338,166,1504,0.10602131593420133
1336,170,1506,0.10601960465694313
1330,172,1502,0.10602335874247917
1338,173,1511,0.1060418563623171
1332,172,1504,0.10604109283920148
1341,169,1510,0.10605298916251737
1342,168,1510,0.1060407396387551
1332,171,1503,0.10603028346023838
1332,170,1502,0.10604535210079977
1337,165,1502,0.10605873772606475
1333,163,1496,0.10605964762175805
1323,165,1488,0.10606980025257684
1324,159,1483,0.10610020440060565
1319,161,1480,0.10612281262990322
1309,164,1473,0.10615645486333908
1304,171,1475,0.1062075695952231
1303,176,1479,0.10626595643722253
1305,176,1481,0.1063234067500703
1302,183,1485,0.10637312037607732
1293,182,1475,0.10642791619732504
1308,181,1489,0.10649978504002831
1311,183,1494,0.10653156331178693
1322,182,1504,0.10655634752531551
1310,183,1493,0.10655037784619474
1311,184,1495,0.10657235027647775
1309,184,1493,0.10659286177039334
1307,187,1494,0.10661647162596888
1309,183,1492,0.10664461015269396
1304,186,1490,0.10666436040269207
1302,187,1489,0.10669271298179693
1302,191,1493,0.10672291566358102
1307,193,1500,0.10675217748547045
1314,193,1507,0.10676875531822744
1314,193,1507,0.10676881410723726
1315,202,1517,0.10677086753660525
1313,196,1509,0.1067740365966201
1300,198,1498,0.1067825710058052
1296,199,1495,0.1068188447317668
1307,197,1504,0.10686016073670203
1303,199,1502,0.106875083672372
1294,199,1493,0.106894613895616
1298,199,1497,0.10693410574406553
1300,196,1496,0.10696320180311984
1287,194,1481,0.10698152132893403
1292,192,1484,0.1070296964434341
1291,196,1487,0.10706434039355911
1290,198,1488,0.10710055783651734
1290,196,1486,0.10713692183813578
1290,203,1493,0.10716972371468746
1291,206,1497,0.10720064723621117
1289,199,1488,0.1072257188979128
1294,207,1501,0.1072558138181006
1285,206,1491,0.1072730234826805
1280,201,1481,0.10730946995847844
1285,202,1487,0.10735100666425636
1270,206,1476,0.10738172896707616
1276,203,1479,0.10744331615730413
1292,205,1497,0.10748499173178833
1289,206,1495,0.107485245975343
1290,207,1497,0.10749052475009002
1302,202,1504,0.10749506972693275
1306,202,1508,0.10747515605041022
1310,203,1513,0.10744829700494256
1306,200,1506,0.10741355048352466
1307,197,1504,0.1073895120305237
1300,200,1500,0.10736621995304635
1317,201,1518,0.10736191691245078
1304,205,1509,0.1073212187133354
1302,200,1502,0.10731271382312818
1297,202,1499,0.10730971006455454
1313,197,1510,0.10731914696570272
1309,193,1502,0.10728597348207586
1319,195,1514,0.10726633587037028
1321,189,1510,0.10722417381103931
1303,191,1494,0.10718043504006022
1299,189,1488,0.10718400217385365
1303,187,1490,0.1071966995884418
1295,190,1485,0.10719936842423249
1298,188,1486,0.10722068176975132
1310,186,1496,0.10723150297765952
1306,185,1491,0.10721166843898
1291,185,1476,0.10720178954992474
1299,184,1483,0.10722545303268745
1303,187,1490,0.10723023136200421
1306,187,1493,0.10722663127903273
1299,193,1492,0.1072157800031686
1292,194,1486,0.10722277140887289
1304,196,1500,0.10724418032028744
1304,190,1494,0.10723842896511498
1315,191,1506,0.10722935732673494
1316,197,1513,0.10719650441257937
1309,193,1502,0.10716260469885669
1298,191,1489,0.10714809500834896
1301,193,1494,0.1071593200837858
1300,201,1501,0.10716355349132524
1296,202,1498,0.10717226184355232
1293,203,1496,0.10718865885160475
1284,204,1488,0.10721248016171513
1296,208,1504,0.10725595698717104
1289,209,1498,0.10726953864879558
1284,211,1495,0.10729783016455734
1278,215,1493,0.10733682339846357
1277,219,1496,0.10738647348455015
1262,224,1486,0.1074351688711316
1251,223,1474,0.1075150814950677
1247,229,1476,0.10761453412479138
1248,232,1480,0.10771729862638363
1261,238,1499,0.10781159556883477
1257,244,1501,0.10786997370820962
1251,243,1494,0.10793508377952858
1249,236,1485,0.10800977484345178
1248,235,1483,0.10808195892377088
1258,240,1498,0.10815022182568736
1252,239,1491,0.1081883042101236
1256,240,1496,0.10823809038381618
1241,244,1485,0.10827411894015526
1261,246,1507,0.10834226414984666
1254,248,1502,0.10836108525229787
1263,245,1508,0.10839427870037299
1255,246,1501,0.10840809747486806
1263,245,1508,0.10843809014966926
1262,246,1508,0.10844762380972256
1264,243,1507,0.10845786378464237
1252,238,1490,0.10846301166967644
1254,241,1495,0.10849587408221542
1250,241,1491,0.10851913621801579
1262,239,1501,0.10855100234002255
1270,246,1516,0.10855587010602878
1257,245,1502,0.1085445194109863
1256,238,1494,0.10856309487713314
1243,240,1483,0.10858115067243762
1237,240,1477,0.10862944973688567
1235,246,1481,0.1086880051242817
1234,239,1473,0.10874620248734289
1256,242,1498,0.10880065313513182
1241,245,1486,0.10879801581160141
1243,249,1492,0.10882780272210062
1242,247,1489,0.10885271183048516
1246,252,1498,0.10888016729675641
1247,256,1503,0.10889915502814354
1227,254,1481,0.1089138016102821
1244,257,1501,0.10897494939156628
1242,260,1502,0.10899254902934268
1248,256,1504,0.10901456533606398
1245,258,1503,0.10902246358382489
1254,256,1510,0.10903569829871788
1264,254,1518,0.10902562959658947
1245,253,1498,0.1089939135403941
1246,258,1504,0.10901002386056102
1245,260,1505,0.1090227402122199
1247,257,1504,0.10903791103572097
1252,258,1510,0.10904572647596508
1255,261,1516,0.10904519682215279
1252,266,1518,0.10903752329952851
1234,265,1499,0.10903768793937046
1218,267,1485,0.10908014938233586
1229,270,1499,0.10915470770161396
1238,272,1510,0.10919965168084128
1239,268,1507,0.10922216401355764
1239,261,1500,0.10924396477570447
1234,265,1499,0.10926278127416449
1229,269,1498,0.10928937868961172
1226,273,1499,0.10932770335294319
1221,270,1491,0.10937078056435955
1217,278,1495,0.10942506408995988
1222,278,1500,0.10948410304395495
1220,278,1498,0.10952637846055137
1218,275,1493,0.10957112501803465
1225,272,1497,0.10961526159087388
1219,276,1495,0.1096395381379417
1216,276,1492,0.10967640343436294
1207,272,1479,0.10971793464507172
1197,272,1469,0.10977345153833357
1202,280,1482,0.10984883501004028
1209,286,1495,0.10990931242574631
1205,282,1487,0.1099489790334298
1210,282,1492,0.10999466456299527
1204,285,1489,0.11002585975785249
1209,289,1498,0.11006693126829212
1215,287,1502,0.11009603651938382
1211,290,1501,0.11010694479073546
1211,291,1502,0.11012452576773768
1208,292,1500,0.11014270298786405
1198,298,1496,0.11016931539684367
1195,299,1494,0.11021620254591667
1201,298,1499,0.11026577785335327
1199,300,1499,0.11029828320027528
1207,302,1509,0.11033422198279368
1201,303,1504,0.11035204121376818
1202,305,1507,0.1103817312514143
1194,306,1500,0.11040465302979192
1195,302,1497,0.11044640934991298
1183,306,1489,0.11048532814351042
1185,313,1498,0.11054797666648292
1190,315,1505,0.11060248180482848
1192,313,1505,0.11064194870555241
1194,314,1508,0.11067802240677165
1185,317,1502,0.11070782312329715
1178,311,1489,0.11075316700463339
1189,320,1509,0.11081159542642631
1189,320,1509,0.110840062373811
1186,319,1505,0.11086895051548051
1185,314,1499,0.11090436081768251
1181,320,1501,0.11094054753736853
1181,326,1507,0.11098288229064877
1176,326,1502,0.11102335256840011
1177,328,1505,0.1110708925304267
1168,328,1496,0.11111224228893855
1163,331,1494,0.1111734537272947
1158,327,1485,0.11123880796529463
1165,332,1497,0.11131221694892904
1157,332,1489,0.1113637006561738
1157,337,1494,0.11143066051479326
1162,338,1500,0.11149432685813285
1168,346,1514,0.11154139787892198
1165,354,1519,0.11156781144015572
1169,353,1522,0.111598372267218
1160,349,1509,0.11161947190047375
1156,345,1501,0.11166069339922703
1153,346,1499,0.11170931411530251
1150,346,1496,0.11176434076343052
1149,348,1497,0.1118216842361232
1142,349,1491,0.11187781205200001
1136,354,1490,0.11194418999014845
1144,351,1495,0.11201805565294337
1153,349,1502,0.11206654588796054
1148,348,1496,0.11209422686914639
1146,349,1495,0.11213118911311636
1147,352,1499,0.11216913974300248
1148,352,1500,0.11220349375428822
1145,351,1496,0.11223358862420277
1154,351,1505,0.1122660082386028
1144,353,1497,0.11227768546710369
1144,348,1492,0.1123131128602697
1135,349,1484,0.11234486631353281
1122,353,1475,0.11239453359957582
1138,355,1493,0.11247210389770376
1135,362,1497,0.11250558344870314
1138,357,1495,0.1125453482106159
1145,365,1510,0.11256955016290046
1143,363,1506,0.11257767067747249
1145,364,1509,0.11259033244245348
1151,364,1515,0.11259837194171705
1144,366,1510,0.11259425221579339
1145,355,1500,0.11260795294313503
1151,365,1516,0.11261621193989711
1152,368,1520,0.11261124141787081
1154,369,1523,0.1126053522226042
1146,365,1511,0.1125964785383697
1137,360,1497,0.11260834867060812
1141,368,1509,0.112639138389711
1129,367,1496,0.1126589428943366
1131,369,1500,0.11270776528452969
1136,367,1503,0.11274918010610474
1125,375,1500,0.11277654180031003
1123,375,1498,0.11282738511396721
1126,377,1503,0.11287980277532647
1132,378,1510,0.11292295950648197
1133,369,1502,0.11294958347349318
1135,375,1510,0.11296985426090381
1124,364,1488,0.11298302245069636
1126,369,1495,0.11301835370301763
1128,368,1496,0.11304455780154062
1138,376,1514,0.11306332781008756
1125,374,1499,0.1130595986380119
1121,381,1502,0.11308353031467107
1120,379,1499,0.11311755574350198
1119,380,1499,0.11315194360544663
1118,378,1496,0.11318512107869777
1118,385,1503,0.11322202310976173
1117,386,1503,0.11325692633214786
1112,388,1500,0.11329329682220152
1116,390,1506,0.1133361356550088
1106,392,1498,0.11336753789973773
1118,390,1508,0.11342102021772012
1115,385,1500,0.11344423094766855
1112,381,1493,0.11347143298108925
1109,380,1489,0.11350264644838162
1118,387,1505,0.11353473372133006
1125,394,1519,0.11354464314031461
1112,393,1505,0.11353925170276061
1113,392,1505,0.11356391799758683
1120,390,1510,0.11358464230628872
1116,393,1509,0.11358724519058855
1108,386,1494,0.11360002665112376
1117,390,1507,0.11363114761445506
1123,395,1518,0.1136411809102884
1116,391,1507,0.11363727056195376
1116,396,1512,0.11364845353058968
1114,384,1498,0.1136575677262669
1108,392,1500,0.11367130361301594
1107,390,1497,0.11369838258533445
1106,388,1494,0.11372272030482428
1104,390,1494,0.11374908440003452
1105,386,1491,0.11377934193619882
1102,388,1490,0.11380557201293827
1091,390,1481,0.11383812351758321
1098,391,1489,0.11389580266720667
1111,390,1501,0.11393215002854332
1110,396,1506,0.11393275721065978
1107,387,1494,0.11393754954404402
1102,390,1492,0.11395133970091177
1102,387,1489,0.11397466374714409
1100,395,1495,0.1139950337683902
1097,399,1496,0.11402105155887408
1099,391,1490,0.11405033457139073
1116,390,1506,0.11407079381280338
1126,396,1522,0.1140457502929127
1115,395,1510,0.11399770641805236
1115,397,1512,0.11397844332540168
1108,394,1502,0.11396420419716848
1111,392,1503,0.11396750272780927
1119,386,1505,0.11396384345365235
1117,383,1500,0.11394096164062838
1115,384,1499,0.11392601372626468
1109,386,1495,0.11391922127196676
1102,399,1501,0.11392746865171458
1098,400,1498,0.11394883096653537
1096,398,1494,0.11397787664152557
1095,404,1499,0.11401134316407091
1081,409,1490,0.11404654916386457
1094,413,1507,0.11410997264620253
1095,408,1503,0.11413894632235017
1095,403,1498,0.11416069865836156
1089,395,1484,0.11418374384922939
1099,402,1501,0.11422096961719214
1096,409,1505,0.1142325042932457
1109,408,1517,0.11425024458167662
1115,408,1523,0.11423765992643642
1107,407,1514,0.1142121675094695
1114,403,1517,0.11420849570021695
1104,413,1517,0.1141868492714109
1101,411,1512,0.11419088319964528
1091,409,1500,0.11420232472088192
1085,407,1492,0.11423611174269119
1095,410,1505,0.11428194819911507
1092,406,1498,0.11429958503603874
1087,406,1493,0.11431982755887322
1093,407,1500,0.11435151866330912
1091,414,1505,0.1143663782805614
1088,417,1505,0.11438629943833273
1085,420,1505,0.11440983630517162
1090,420,1510,0.11443859768616729
1095,421,1516,0.11445601696616711
1087,429,1516,0.11446180148501835
1079,434,1513,0.11448718476328787
1072,433,1505,0.1145295792429794
1087,430,1517,0.11458517544061482
1085,432,1517,0.11460164471705088
1082,436,1518,0.11462567126215564
1086,431,1517,0.11465168167426168
1069,433,1502,0.11466643812310488
1073,435,1508,0.1147165072344961
1067,445,1512,0.11475455608736347
1068,441,1509,0.11480565969775729
1062,433,1495,0.11485232773883185
1065,430,1495,0.11491138568092922
1061,430,1491,0.11495771176283505
1059,434,1493,0.11501135687624339
1052,443,1495,0.11506667359826096
1054,446,1500,0.11513263526251788
1059,451,1510,0.11519050226478136
1051,448,1499,0.11523159744189183
1045,447,1492,0.11529113696615212
1049,445,1494,0.11535843519545383
1064,443,1507,0.11541356469458655
1058,445,1503,0.11542726441178218
1058,449,1507,0.11545267287168441
1059,441,1500,0.11547735791735629
1063,447,1510,0.11549996188964766
1065,445,1510,0.11551093899355296
1055,443,1498,0.11551984632704666
1054,442,1496,0.11555009013898482
1067,436,1503,0.11557663052725779
1051,443,1494,0.11557144599169422
1045,452,1497,0.11560241850592906
1052,458,1510,0.1156451555484091
1051,450,1501,0.11567121117881872
1040,447,1487,0.11569830090022595
1043,446,1489,0.11574398442988812
1048,449,1497,0.1157793492299976
1042,453,1495,0.11580228779453712
1048,448,1496,0.11583818579792166
1046,458,1504,0.11585870314784491
1052,463,1515,0.11588304630588198
1033,463,1496,0.11589322417395503
1043,467,1510,0.11594613704937284
1034,459,1493,0.11597366819985049
1034,457,1491,0.11602127929906347
1033,461,1494,0.11606573625167677
1038,461,1499,0.11610925089131058
1028,457,1485,0.11613895168673008
1030,461,1491,0.11618418508027524
1030,469,1499,0.11622083259347459
1034,465,1499,0.11625378531104237
1040,464,1504,0.11627535382917503
1047,466,1513,0.11628442450968646
1048,464,1512,0.11627680373135675
1056,465,1521,0.1162705782106739
1048,466,1514,0.1162465759350496
1042,463,1505,0.11624396695874221
1039,464,1503,0.11625383609146384
1033,464,1497,0.11626936897902468
1033,464,1497,0.11629744493089685
1039,461,1500,0.11632433815993277
1035,456,1491,0.11633293016972303
1031,463,1494,0.11635005613919862
1030,466,1496,0.11637824143674141
1025,473,1498,0.11640624182270615
1036,476,1512,0.11644415069343904
1032,476,1508,0.11645678979049101
1039,477,1516,0.11647797477838413
1032,477,1509,0.11648340667343157
1024,470,1494,0.1165025815810732
1032,472,1504,0.11653771751300639
1022,478,1500,0.1165524751749558
1034,482,1516,0.11659018497940625
1032,491,1523,0.11659965898182062
1026,486,1512,0.11661436911630496
1030,493,1523,0.11663968603583935
1032,490,1522,0.11665257848852098
1025,485,1510,0.11666028147066065
1017,481,1498,0.1166846133431978
1019,491,1510,0.11672862131596069
1010,488,1498,0.11676392030959105
1009,482,1491,0.1168169051542306
1012,480,1492,0.11686777055899686
1023,480,1503,0.11690968508325955
1016,481,1497,0.11692374982751776
1021,486,1507,0.11694783944906562
1017,496,1513,0.11695675860463858
1012,495,1507,0.11697226445064522
1012,494,1506,0.11699898256285297
1010,501,1511,0.11702383941395332
1015,505,1520,0.11705473983230821
1005,509,1514,0.11707478535871106
989,513,1502,0.11711663056155139
986,516,1502,0.11719156624241273
984,520,1504,0.11726723451996389
977,514,1491,0.11734337092152725
984,507,1491,0.11743106822533057
986,506,1492,0.11749535231965888
985,508,1493,0.1175514761059114
996,509,1505,0.11760283586206835
1000,502,1502,0.11762803072263157
999,511,1510,0.1176423788843686
1002,508,1510,0.11765783225208214
999,512,1511,0.1176651801585423
1004,511,1515,0.11768042368116446
993,515,1508,0.1176851631312505
990,512,1502,0.11771520934018082
980,527,1507,0.11774906566031985
973,528,1501,0.11780393396050579
972,528,1500,0.11787258956814319
985,520,1505,0.11794062149526699
986,516,1502,0.11797395952544523
974,525,1499,0.11799821957489463
982,523,1505,0.11804457890501191
983,520,1503,0.11807295919659587
985,516,1501,0.11810048644684945
979,517,1496,0.11812390542821145
975,520,1495,0.11815532280771002
970,525,1495,0.11819305626488241
962,533,1495,0.11823951647225549
958,535,1493,0.11830254986310564
957,544,1501,0.11836820025040823
956,549,1505,0.11843388914325682
947,553,1500,0.11849776485964164
955,552,1507,0.1185801123896479
941,558,1499,0.1186380489993202
934,557,1491,0.11872555056126263
942,565,1507,0.11882427156866182
939,559,1498,0.1188983642305481
944,559,1503,0.11897505529139568
947,560,1507,0.1190367681991777
941,561,1502,0.11908730002689578
931,559,1490,0.11914767277589629
933,561,1494,0.1192253978365372
934,564,1498,0.11929237078657608
945,569,1514,0.11935106710285201
953,565,1518,0.11938068151081385
958,560,1518,0.11939006242336825
960,558,1518,0.119384826100986
944,549,1493,0.1193738747155309
949,553,1502,0.11940213214688583
952,551,1503,0.11941556992605952
945,558,1503,0.1194242372845401
941,558,1499,0.11944887915093108
935,566,1501,0.11948064972028083
927,563,1490,0.11952814366003289
917,565,1482,0.11959083662117756
921,570,1491,0.11967437258055767
927,572,1499,0.11974003457582605
912,582,1494,0.11978771774389119
920,586,1506,0.11986894510098522
925,585,1510,0.11992481931342504
911,594,1505,0.11996514532498713
911,591,1502,0.12003784256701287
911,587,1498,0.1201067803178881
912,584,1496,0.12017122610770975
918,595,1513,0.12023007597438089
917,589,1506,0.12027051158473379
921,599,1520,0.1203072759183203
924,607,1531,0.12033190695014433
920,596,1516,0.12035025667885577
912,593,1505,0.12037831380981145
908,596,1504,0.12042284411844531
900,595,1495,0.12047548717953686
899,604,1503,0.12054345935513659
903,607,1510,0.12061072217015427
903,601,1504,0.12066137254914551
908,596,1504,0.12070706271926177
905,596,1501,0.12073541593450308
910,594,1504,0.12077023388928226
902,593,1495,0.1207917658161697
906,602,1508,0.12083017692871512
904,594,1498,0.12085826293434021
907,598,1505,0.12088979151840079
912,600,1512,0.12090976915860566
910,594,1504,0.1209175438541241
912,601,1513,0.12093001049426995
909,596,1505,0.12093974249017159
903,604,1507,0.12095223056457285
908,600,1508,0.12097817268270035
906,588,1494,0.12098893154541304
906,588,1494,0.12100447335282852
910,585,1495,0.12101993995165511
914,586,1500,0.12102560266913123
915,580,1495,0.12101696831969123
913,578,1491,0.12100601907153255
913,584,1497,0.12100307182157975
908,586,1494,0.12100014679860337
897,597,1494,0.12101036313941237
894,592,1486,0.12104652324295519
893,596,1489,0.12108740985583982
894,593,1487,0.12112816411730591
889,587,1476,0.12116202877513807
893,595,1488,0.12120436511661442
884,598,1482,0.12123436161181093
885,595,1480,0.1212838082412674
897,601,1498,0.12133026910200095
900,608,1508,0.12134374734539803
887,603,1490,0.12134651487014506
889,608,1497,0.1213787453194914
893,609,1502,0.12140398715446608
890,601,1491,0.12141404195939196
892,607,1499,0.12143088650505643
888,610,1498,0.12144520370517728
889,601,1490,0.12146770243352738
888,606,1494,0.12148485904995855
889,613,1502,0.12150479977935402
896,619,1515,0.12152286325319973
903,612,1515,0.12152271856336867
900,615,1515,0.12150589251862857
897,618,1515,0.12149765482418673
895,615,1510,0.12149804579989384
898,623,1521,0.12150047268592534
896,633,1529,0.12149749597947483
880,629,1509,0.12149921240441051
887,624,1511,0.12153645385862089
882,625,1507,0.12155530446207934
877,630,1507,0.12158261156625556
880,640,1520,0.12162052326875779
880,646,1526,0.12165152047006349
871,642,1513,0.12168042057866707
872,634,1506,0.12172956440107445
874,637,1511,0.12177340253347417
870,648,1518,0.12181385156436972
859,646,1505,0.12186015706756467
860,647,1507,0.1219289718684397
850,633,1483,0.12199095570017032
854,633,1487,0.12207204900391712
854,641,1495,0.12214179739393587
859,640,1499,0.12220890679524146
854,645,1499,0.12225819200649983
850,657,1507,0.12231592663510486
851,657,1508,0.12237826124978063
854,659,1513,0.12243377494586273
855,658,1513,0.1224785020238825
852,659,1511,0.12251774671071697
857,656,1513,0.12256081095614349
855,654,1509,0.1225924453274021
850,656,1506,0.1226236525778812
861,648,1509,0.12266320464445163
860,639,1499,0.12267412049893466
859,637,1496,0.12268613244892532
854,637,1491,0.12269968869392066
850,639,1489,0.12272632318734437
850,646,1496,0.1227588086394314
852,645,1497,0.12278651526478405
854,641,1495,0.12280535993203805
852,649,1501,0.122818842497257
844,650,1494,0.12283746708691419
838,649,1487,0.12287508349398855
839,652,1491,0.12292368399211831
838,658,1496,0.12296562566979881
842,660,1502,0.12300812453974182
851,654,1505,0.12303761146203997
859,653,1512,0.12304518578426733
853,649,1502,0.12303371478876585
848,653,1501,0.12303929912545636
850,654,1504,0.12305562020046257
851,656,1507,0.12306718097316184
839,668,1507,0.12307787587638597
839,673,1512,0.12311468290071158
841,669,1510,0.12315045245964072
838,665,1503,0.1231806274603974
843,664,1507,0.12321504630348003
839,671,1510,0.12323186644468569
835,675,1510,0.1232586613569351
838,668,1506,0.12329387729162353
830,665,1495,0.12332163266309905
841,669,1510,0.12336498847714042
844,671,1515,0.12337759374203305
842,672,1514,0.12338401538349635
843,669,1512,0.12339146165415144
841,670,1511,0.12339751221565912
840,661,1501,0.12340647969750382
832,656,1488,0.12341982665790212
816,662,1478,0.12344999823702923
817,669,1486,0.12351313155475095
821,684,1505,0.12357067175629688
818,683,1501,0.12361641806326817
818,682,1500,0.12366689698848432
827,682,1509,0.1237144266254619
825,680,1505,0.12373987364639831
814,677,1491,0.12376674958084517
827,679,1506,0.12381867973176415
830,673,1503,0.12383425048349052
823,671,1494,0.1238410192653189
831,670,1501,0.1238614625576427
817,679,1496,0.12386178641687526
819,681,1500,0.12389440331152077
817,681,1498,0.12392171608972699
811,679,1490,0.12394978326594357
805,682,1487,0.12399006320972626
805,681,1486,0.12403838698287575
811,681,1492,0.12408299155447212
817,694,1511,0.12411385255480777
826,687,1513,0.12412708948895024
822,686,1508,0.12412152627044462
823,695,1518,0.12412596437124628
820,699,1519,0.12412651082720945
816,698,1514,0.1241349477070311
810,698,1508,0.1241562155819711
801,699,1500,0.12418764905501092
802,707,1509,0.1242400082794848
802,708,1510,0.12428793505291867
807,705,1512,0.12433313332812417
807,698,1505,0.12436012877282235
804,690,1494,0.12438469711151182
800,689,1489,0.12441334989985997
798,703,1501,0.12444681522001357
802,706,1508,0.1244826764895674
807,706,1513,0.12450649760999685
810,708,1518,0.12451841379909606
812,703,1515,0.1245256908373429
812,692,1504,0.12452743437309734
811,678,1489,0.12452607784039507
813,687,1500,0.12452420446467595
812,695,1507,0.12452058211696322
804,698,1502,0.12452206440220921
806,701,1507,0.12454187385022183
800,700,1500,0.12455602822325508
792,707,1499,0.12458537287415741
795,712,1507,0.12463218207419181
803,711,1514,0.12466714103053966
791,704,1495,0.12467855318021813
786,706,1492,0.12471834639932655
786,706,1492,0.12476552553644435
791,709,1500,0.12481072545939462
779,719,1498,0.12484374023306931
778,724,1502,0.12490017661446455
779,729,1508,0.12495658290784817
778,732,1510,0.1250045165309001
762,732,1494,0.1250509995308583
768,724,1492,0.12513097157510067
772,723,1495,0.12519085897192148
777,718,1495,0.12523689825419157
790,715,1505,0.12526928265429557
792,714,1506,0.12526911979174365
794,717,1511,0.12526453797647805
795,721,1516,0.12525983540045274
804,717,1521,0.12525211355343938
789,710,1499,0.12522571179429673
797,724,1521,0.12523617770667206
795,728,1523,0.1252257097756346
800,727,1527,0.1252219746799439
798,735,1533,0.12520327353489752
795,725,1520,0.12519395047647333
800,727,1527,0.12519566106405958
792,734,1526,0.12518764318539094
789,728,1517,0.12519799501490486
784,725,1509,0.12521516665223054
779,736,1515,0.12524264470758342
773,737,1510,0.12528081388902823
772,738,1510,0.125331536234172
756,727,1483,0.12538144962346542
762,721,1483,0.12546462732546718
771,721,1492,0.12552643265456181
780,716,1496,0.12556259179990054
779,718,1497,0.1255755976799078
784,718,1502,0.1255887540828443
776,730,1506,0.12559148870483228
775,728,1503,0.12561209186130337
783,730,1513,0.12563570256607937
775,733,1508,0.12563799126332195
766,725,1491,0.12566109915533108
764,717,1481,0.1257023613052314
771,732,1503,0.12574515716889118
769,736,1505,0.1257666667190072
767,738,1505,0.12578990885972985
771,741,1512,0.12581542190822612
766,740,1506,0.12582889443049855
778,735,1513,0.12585362936224276
776,730,1506,0.1258481049521185
780,732,1512,0.12585007537456477
772,736,1508,0.125842729866702
764,747,1511,0.12585527624048584
765,751,1516,0.1258848064128365
765,741,1506,0.1259117354675337
772,745,1517,0.12593854710284277
767,747,1514,0.12594922330734917
775,744,1519,0.12596858889801343
760,747,1507,0.1259698672311592
759,746,1505,0.1260049431024094
762,760,1522,0.12603941216847628
756,760,1516,0.12606662501984225
749,752,1501,0.12610595993957702
742,751,1493,0.12615781803673418
746,752,1498,0.12622335813896574
734,754,1488,0.1262766479739381
736,761,1497,0.12635379722107584
731,771,1502,0.1264231146229732
730,775,1505,0.12649783188076547
733,785,1518,0.12656818992391475
733,782,1515,0.12662404718869605
735,781,1516,0.12667596769694076
734,772,1506,0.1267199843170072
729,780,1509,0.12676672140012582
731,775,1506,0.12682335480751383
734,764,1498,0.12687284811076954
733,785,1518,0.12691056190970731
734,789,1523,0.12694974909246595
724,795,1519,0.12698289792902595
723,797,1520,0.12703816101083287
723,792,1515,0.1270934499791387
722,781,1503,0.12714393291629608
725,782,1507,0.1271934632586412
722,778,1500,0.12723097781857146
723,792,1515,0.12727384295850136
711,786,1497,0.12731178602590063
712,787,1499,0.12737498486775437
708,792,1500,0.12742875914880694
705,783,1488,0.127487708962519
716,782,1498,0.12754937322068519
721,793,1514,0.127581163639861
727,796,1523,0.1275971614590314
717,800,1517,0.12760005083543607
714,802,1516,0.12762695305413296
713,803,1516,0.1276580274117402
709,798,1507,0.12769056701173734
699,803,1502,0.12772719012968706
702,805,1507,0.12778473110869862
705,802,1507,0.1278309638201282
699,800,1499,0.1278679819355554
698,791,1489,0.12791409011457952
708,793,1501,0.12795924060195488
687,786,1473,0.1279778052958007
696,781,1477,0.1280445150980153
699,795,1494,0.12808870166442834
697,792,1489,0.12811777586694018
696,797,1493,0.12815089141410985
700,812,1512,0.12818464043496827
696,806,1502,0.12820850948172136
692,798,1490,0.12824092287404754
692,810,1502,0.1282799315545611
687,813,1500,0.1283162573793132
680,816,1496,0.1283635593546777
684,813,1497,0.12842546237260163
696,806,1502,0.1284751415301102
707,812,1519,0.12848879159917098
712,815,1527,0.1284751706501028
700,813,1513,0.12844959669952388
694,816,1510,0.12845683275092448
684,821,1505,0.12847732789625477
678,824,1502,0.1285221731482048
679,821,1500,0.1285792476073498
679,830,1509,0.1286288701222234
680,829,1509,0.12867462189457293
671,822,1493,0.12871540545710528
669,822,1491,0.12877391475605315
673,811,1484,0.1288331282384059
673,806,1479,0.12888165117001837
676,820,1496,0.12892912398417838
679,831,1510,0.128967651888563
681,826,1507,0.128996232292778
677,832,1509,0.1290206279072914
684,820,1504,0.12905304949958457
682,824,1506,0.12906472150965004
683,832,1515,0.12907788173399154
679,828,1507,0.12908985639724946
681,821,1502,0.129110953773992
675,809,1484,0.12912589071164604
669,826,1495,0.12915369894130613
679,826,1505,0.12919413723222553
674,831,1505,0.12920839893089558
680,825,1505,0.1292328146284219
673,830,1503,0.12923916319684717
672,817,1489,0.12926352434053867
673,816,1489,0.12928919466462113
671,832,1503,0.1293089134958405
669,826,1495,0.12933558098075262
672,827,1499,0.1293654504981417
661,836,1497,0.12938416315991222
664,824,1488,0.12942711375911212
669,823,1492,0.12945940098687975
676,817,1493,0.12947598379967729
683,821,1504,0.12947500254573732
683,830,1513,0.12945824384257845
683,836,1519,0.12944161102081148
688,827,1515,0.12942469317604524
693,829,1522,0.12939990496633905
696,829,1525,0.1293668618602398
689,828,1517,0.12932969447753168
689,823,1512,0.12931345885002082
681,818,1499,0.12929962687643035
681,824,1505,0.12930198600005147
685,836,1521,0.12930555762314705
678,831,1509,0.129296710094899
679,833,1512,0.12930507729175145
682,832,1514,0.12931173817547534
688,822,1510,0.12931154976958573
682,818,1500,0.12929741397343134
678,828,1506,0.12929676705402676
681,827,1508,0.12930533136251468
684,822,1506,0.12930684221943628
684,832,1516,0.12930104095354816
681,828,1509,0.129298042556161
678,829,1507,0.1293011552148553
682,836,1518,0.12930946884846167
686,827,1513,0.12930894330715045
683,832,1515,0.12929673255482318
681,832,1513,0.12929371344533774
674,832,1506,0.12929654608157218
675,827,1502,0.12931716555210046
670,821,1491,0.12933149299295468
665,818,1483,0.12935848361819932
666,824,1490,0.12939461469921262
665,831,1496,0.1294284511369692
658,831,1489,0.1294590297489357
653,825,1478,0.12950313569215594
656,819,1475,0.12955079080512721
664,821,1485,0.12958888656827391
667,827,1494,0.12960240235519596
669,829,1498,0.12960700633189817
668,832,1500,0.1296092322921124
665,827,1492,0.12961349806255296
655,830,1485,0.1296243403951024
661,840,1501,0.1296579447988972
659,841,1500,0.1296765324209948
661,836,1497,0.129701697634925
674,844,1518,0.12972000339230794
664,843,1507,0.12970677926976523
661,849,1510,0.1297186524842107
658,838,1496,0.12973677816476617
659,821,1480,0.12976056906121122
662,823,1485,0.1297803427669371
661,828,1489,0.12979282494715708
661,836,1497,0.12980566043818403
665,833,1498,0.12981920561335933
664,839,1503,0.12981937078988473
648,847,1495,0.12982326676687647
654,858,1512,0.1298641046606746
653,854,1507,0.12988722573571324
658,844,1502,0.1299110196369445
664,837,1501,0.12991982382802825
662,846,1508,0.1299127859536164
665,845,1510,0.12991186412945532
655,846,1501,0.12990472130354666
655,842,1497,0.1299227240046731
652,842,1494,0.1299415466112671
646,827,1473,0.12996397663481413
647,843,1490,0.1299998822622279
643,847,1490,0.13003034445684866
653,852,1505,0.13006876371503076
650,846,1496,0.1300816466800707
655,858,1513,0.13009958683782238
653,868,1521,0.13010691451170847
646,862,1508,0.13011808552291546
648,867,1515,0.13014746854202205
646,856,1502,0.1301698382579215
644,861,1505,0.1301961424442638
642,857,1499,0.1302275519596987
642,853,1495,0.1302592851476928
632,854,1486,0.1302883755339318
642,851,1493,0.13033920098997848
632,851,1483,0.13036280379533693
642,855,1497,0.1304100413778326
646,852,1498,0.1304289918224849
644,850,1494,0.13043235474104714
644,857,1501,0.13044025593277223
633,865,1498,0.13044775678671855
643,859,1502,0.13047962898565854
639,859,1498,0.13048599720531212
638,853,1491,0.1305001585801382
640,863,1503,0.13051754134055887
636,869,1505,0.1305296265629911
643,865,1508,0.13055034119513262
635,863,1498,0.1305555814083925
631,857,1488,0.13057849748263595
630,865,1495,0.13060953606544481
639,865,1504,0.13064007519533904
640,874,1514,0.13064830149169762
635,869,1504,0.1306521214903234
629,864,1493,0.1306692891495399
632,864,1496,0.13070181690498206
637,878,1515,0.13072310639244172
628,874,1502,0.1307345249145182
638,878,1516,0.13076757420846927
637,869,1506,0.1307740387031827
640,871,1511,0.13078018192233268
636,869,1505,0.13077899223128042
636,859,1495,0.13078596421445482
634,864,1498,0.13079130897371813
645,870,1515,0.1307980158089271
639,876,1515,0.13078044752109372
643,880,1523,0.1307775613240889
633,872,1505,0.1307665593191774
640,874,1514,0.1307822078829507
643,869,1512,0.13078341532420013
639,869,1508,0.1307778244789371
642,862,1504,0.13078112033943676
638,861,1499,0.1307746241191912
638,869,1507,0.13077664749505444
641,879,1520,0.13078029422122342
641,871,1512,0.13077657880757237
640,861,1501,0.1307722434826258
640,867,1507,0.13076927933137536
635,864,1499,0.13076697736385856
636,858,1494,0.1307744444041392
639,856,1495,0.1307819873853841
640,864,1504,0.13078414372051428
640,863,1503,0.130784342735016
640,856,1496,0.13078558150536693
638,863,1501,0.13078615496511606
643,872,1515,0.1307904231018404
646,872,1518,0.13078193361718868
645,869,1514,0.13076725285846583
653,860,1513,0.13075516361417894
641,863,1504,0.13072273338217832
636,855,1491,0.1307222265749602
635,845,1480,0.13073538193744264
631,856,1487,0.13074745538915444
628,859,1487,0.13076703489576713
639,864,1503,0.13079035692105126
644,871,1515,0.13078646408986078
650,870,1520,0.1307717999267723
640,865,1505,0.1307429590887239
642,869,1511,0.13074031304137348
645,867,1512,0.13073442311407368
649,870,1519,0.13072383303439575
640,871,1511,0.13070723275847507
646,875,1521,0.13071309272941767
649,870,1519,0.13070746584282447
640,861,1501,0.13069374214006899
632,868,1500,0.1307021738378115
621,877,1498,0.13072712037206582
629,871,1500,0.13077461550585254
628,874,1502,0.13080142346089552
626,870,1496,0.13082844625263632
629,875,1504,0.1308574904515593
634,881,1515,0.13087881781571326
636,880,1516,0.13088617303512506
638,881,1519,0.13089132104067724
637,888,1525,0.13089274500680415
638,877,1515,0.1308959236278429
635,885,1520,0.1308974222556782
639,884,1523,0.130904704748058
640,881,1521,0.1309007665421375
633,875,1508,0.1308959915324574
633,877,1510,0.130908508724252
625,893,1518,0.13092149245057882
625,888,1513,0.13095187359506297
629,881,1510,0.1309808272643463
621,884,1505,0.13099836645372545
618,882,1500,0.13103385927287953
615,887,1502,0.1310734590978163
616,869,1485,0.13111851612008757
613,875,1488,0.1311567553207451
619,881,1500,0.13119910037125074
617,893,1510,0.13122546869083765
611,900,1511,0.13125409281024286
607,902,1509,0.13129633012178274
603,895,1498,0.13134550798244615
600,905,1505,0.13140015110242512
597,905,1502,0.131458082954077
592,918,1510,0.13152010974225956
604,916,1520,0.1315880445897535
603,914,1517,0.13162277263039804
596,909,1505,0.131659257091704
593,912,1505,0.13170963136663175
592,911,1503,0.13176421741004066
590,923,1513,0.1318180315164217
586,925,1511,0.13187270788709873
591,913,1504,0.13193341825838942
596,920,1516,0.13197862582031114
585,923,1508,0.13200982121491645
583,933,1516,0.13206372674806605
586,925,1511,0.13211898115945211
583,930,1513,0.13216108194121662
578,926,1504,0.13220503095648448
580,927,1507,0.13225825606534275
581,934,1515,0.13230445941454894
577,941,1518,0.13234476904767134
572,952,1524,0.13239194230690304
577,946,1523,0.1324476544148082
580,945,1525,0.13248724948125737
579,951,1530,0.13251865507177296
570,942,1512,0.13255365515165976
564,939,1503,0.13260757392745184
568,939,1507,0.13267179970704382
568,944,1512,0.1327211242265534
567,936,1503,0.13276688600864206
561,932,1493,0.13281222165621093
567,936,1503,0.13286702804523615
569,929,1498,0.1329014825765042
564,928,1492,0.1329268355453345
574,934,1508,0.13296050445813087
574,942,1516,0.13296719205410806
578,931,1509,0.13296893079796435
578,934,1512,0.1329649081958307
577,928,1505,0.13296108895716224
572,934,1506,0.13296073091683944
572,942,1514,0.13297271816474177
570,944,1514,0.13298344805184698
572,932,1504,0.13300025279569833
575,935,1510,0.13301137604182414
582,937,1519,0.13301512352152323
585,938,1523,0.1330035924786643
590,930,1520,0.13298271396279365
589,928,1517,0.13295132200507428
589,934,1523,0.13292380996908734
591,931,1522,0.13289649901165623
590,929,1519,0.1328682130089806
586,908,1494,0.1328458057805269
582,912,1494,0.13283157207221025
591,908,1499,0.13282755614732653
586,923,1509,0.1328047854964484
577,920,1497,0.13279313922571603
587,915,1502,0.13280437957079763
590,910,1500,0.13279153577168054
591,920,1511,0.1327716234592683
586,920,1506,0.13275080988284024
586,923,1509,0.13274266073356494
591,923,1514,0.1327349808925941
587,921,1508,0.13271873949891497
597,920,1517,0.13271442693523916
583,934,1517,0.13268611403306535
586,931,1517,0.13269119349585726
586,930,1516,0.13269027227805708
585,930,1515,0.13269196943795558
583,935,1518,0.13269864880115376
572,930,1502,0.13271011155840326
573,920,1493,0.13274656138579924
567,935,1502,0.13277544013824477
574,937,1511,0.132815449013136
571,939,1510,0.1328364130790032
572,946,1518,0.13286242133583467
571,950,1521,0.13288379544487505
572,943,1515,0.13290864628752946
569,945,1514,0.13292559268635404
572,956,1528,0.1329500660276961
572,955,1527,0.132966578012523
566,942,1508,0.13298212411227195
572,948,1520,0.13300846801772845
567,954,1521,0.1330186497613941
568,948,1516,0.13304278707349884
563,947,1510,0.13306247759864567
559,948,1507,0.1330917322229259
554,945,1499,0.1331277711475486
554,943,1497,0.1331757205746229
556,951,1507,0.13322053887116758
544,956,1500,0.13325856849629786
547,956,1503,0.133321632774278
550,956,1506,0.133374703317556
552,963,1515,0.13341673750645422
554,973,1527,0.133447815661444
552,969,1521,0.1334744402222554
553,968,1521,0.13350481071727224
551,964,1515,0.13353167147721398
550,966,1516,0.13356069553696762
547,965,1512,0.13359262441189793
538,969,1507,0.13362982025174322
538,978,1516,0.1336859530296672
535,974,1509,0.13373757543900094
535,966,1501,0.13379228592788334
538,967,1505,0.13384398371718859
537,961,1498,0.13388455049404652
532,956,1488,0.13392456972270175
532,971,1503,0.1339725783883252
526,984,1510,0.13401852219249683
531,981,1512,0.1340762130136186
536,982,1518,0.13411782458553126
532,979,1511,0.13414662497660954
524,990,1514,0.13418449884946904
524,984,1508,0.13424144733640742
525,1005,1530,0.13428870490843806
526,993,1519,0.13433009560658835
525,988,1513,0.13436562937151433
522,990,1512,0.13440173611851203
518,988,1506,0.13444373836574233
517,984,1501,0.1344895178163879
520,978,1498,0.13453411848020422
518,992,1510,0.13456900858427717
511,1003,1514,0.13460609959711653
522,992,1514,0.13465889811913925
526,989,1515,0.13468269717252593
522,992,1514,0.1346940168118995
525,997,1522,0.13471278481577065
515,998,1513,0.13472554104269574
514,998,1512,0.13476117190116826
510,1006,1516,0.13479518682598826
511,1007,1518,0.13483784238747684
502,1004,1506,0.13487673103467723
500,996,1496,0.13493354019845513
497,998,1495,0.1349927394449647
490,1011,1501,0.13505407387479132
488,1001,1489,0.1351299011964678
491,1007,1498,0.13520597194341502
495,1012,1507,0.13526896175730774
495,1010,1505,0.13532054209220226
490,1012,1502,0.13536634425123864
489,1023,1512,0.13541971510277018
494,1022,1516,0.13546922930341587
499,1012,1511,0.13550392139864026
500,1000,1500,0.1355229116762546
496,1016,1512,0.13553947414557246
497,1027,1524,0.13556360579256158
494,1023,1517,0.1355823100741607
491,1018,1509,0.13560975809357795
486,1015,1501,0.13564049822601498
488,1023,1511,0.1356818809890358
482,1024,1506,0.13571390290673271
476,1015,1491,0.1357588689974134
472,1016,1488,0.13581501188697673
471,1034,1505,0.13587805193324393
479,1031,1510,0.13593948946153783
486,1028,1514,0.13597535868675145
486,1042,1528,0.13598985192120497
480,1036,1516,0.1360055294288212
482,1039,1521,0.136035308843955
473,1041,1514,0.1360583898039313
472,1040,1512,0.13610250524309186
462,1049,1511,0.13614825520718038
456,1049,1505,0.13621503582021682
460,1046,1506,0.13629230556862953
464,1036,1500,0.13635713581463227
461,1055,1516,0.13640603570944518
461,1052,1513,0.1364582792017396
453,1048,1501,0.1365087385953502
457,1057,1514,0.13657430842023205
457,1053,1510,0.1366258809713328
454,1053,1507,0.13667401508296625
455,1051,1506,0.13672398848715653
453,1061,1514,0.13676605648953113
448,1055,1503,0.136810775630927
454,1046,1500,0.13686542488440231
441,1041,1482,0.13689991809375512
434,1045,1479,0.13696222601643362
443,1053,1496,0.1370366028693181
439,1057,1496,0.13708370796970296
434,1063,1497,0.13713766602771102
430,1070,1500,0.13720026203271124
443,1064,1507,0.1372693041568304
443,1068,1511,0.13729955718499848
444,1062,1506,0.13732600633362613
443,1069,1512,0.13735050687373046
441,1069,1510,0.13737697575898875
434,1066,1500,0.13740744920380352
440,1068,1508,0.13745266054543948
437,1075,1512,0.13748340945401114
436,1082,1518,0.1375191837667408
444,1089,1533,0.1375574103207581
437,1092,1529,0.13757124377822116
439,1093,1532,0.137602041292815
440,1079,1519,0.13762493707214882
451,1075,1526,0.13764231343573627
460,1073,1533,0.13763154583718115
456,1075,1531,0.13759978197207554
451,1076,1527,0.13758196671695722
446,1066,1512,0.1375763853176072
439,1070,1509,0.13758556883177236
440,1071,1511,0.1376095066160065
441,1065,1506,0.13762757743890947
443,1060,1503,0.137644561226987
455,1065,1520,0.13765625886492938
454,1057,1511,0.13764096996399983
445,1062,1507,0.13762890470471617
441,1074,1515,0.13764149333242906
440,1074,1514,0.13766038214398038
445,1067,1512,0.1376822464190452
441,1068,1509,0.13769334573919548
443,1067,1510,0.13771011657726132
437,1066,1503,0.1377195382457109
432,1074,1506,0.13774200743353565
427,1072,1499,0.13777829787049092
430,1082,1512,0.13782603595672466
425,1073,1498,0.13786430739899888
429,1072,1501,0.13791005323565422
433,1057,1490,0.13794204120075762
435,1059,1494,0.1379640213668742
442,1063,1505,0.13797907000956236
441,1057,1498,0.13797343319659683
437,1069,1506,0.1379705698564909
432,1067,1499,0.13797492399909872
431,1066,1497,0.13798751818083438
434,1076,1510,0.1380022193159439
434,1083,1517,0.13801281787289463
434,1082,1516,0.13802274831328978
433,1065,1498,0.1380343742459514
427,1071,1498,0.138047982009788
426,1078,1504,0.1380739433157598
427,1078,1505,0.1381012409120724
426,1092,1518,0.13812381131618717
426,1093,1519,0.1381479270896391
427,1080,1507,0.138170963424585
428,1077,1505,0.13818621082301727
420,1080,1500,0.13819619774909836
418,1085,1503,0.138228121104783
418,1082,1500,0.1382634171902629
416,1097,1513,0.13829654527591706
420,1091,1511,0.13833134046780787
416,1095,1511,0.13835573561583137
412,1093,1505,0.1383878830424561
411,1090,1501,0.13842639083113306
405,1095,1500,0.1384635526064339
401,1089,1490,0.1385117965531766
402,1094,1496,0.13856755353656294
409,1090,1499,0.13861623555370545
407,1090,1497,0.13864608508265444
410,1081,1491,0.13867860683756425
416,1089,1505,0.13870283903458885
419,1096,1515,0.13871163134568018
420,1105,1525,0.13871482165928745
413,1094,1507,0.1387135160692401
409,1111,1520,0.13872917519717368
404,1108,1512,0.13875220395729287
407,1111,1518,0.13878571683582336
406,1114,1520,0.13881198071303952
407,1115,1522,0.13883547770588173
400,1112,1512,0.13885476711340933
404,1104,1508,0.13888707432223843
407,1101,1508,0.13890952724982833
407,1111,1518,0.1389236207808896
402,1102,1504,0.1389354704018967
401,1101,1502,0.13895977267614382
398,1095,1493,0.13898510873520958
404,1099,1503,0.1390158148337623
404,1112,1516,0.1390308053074065
399,1114,1513,0.13904579166042225
401,1120,1521,0.1390726105335577
401,1108,1509,0.1390947884816787
406,1106,1512,0.1391174580594821
405,1106,1511,0.13912295221132065
407,1106,1513,0.13913153315886678
404,1109,1513,0.1391342277629854
408,1094,1502,0.13914320596362584
408,1090,1498,0.1391429708943625
407,1108,1515,0.1391399263662063
406,1112,1518,0.13913834962173743
410,1117,1527,0.1391430835478293
409,1128,1537,0.1391399486470341
408,1126,1534,0.13914023178980117
414,1115,1529,0.1391431290004145
413,1111,1524,0.1391298168783649
406,1110,1516,0.13911975083509626
398,1107,1505,0.13912907899060076
395,1109,1504,0.139156723981571
403,1114,1517,0.13918953142538992
401,1112,1513,0.13920087064451198
401,1113,1514,0.13921633346779508
397,1111,1508,0.13922994649814024
401,1111,1512,0.1392522585681374
397,1103,1500,0.1392626658058863
396,1117,1513,0.13928284561763102
398,1114,1512,0.13930587147950038
392,1109,1501,0.13932436416191826
395,1115,1510,0.13935664094780031
395,1122,1517,0.13937935432024845
386,1130,1516,0.1394005239990346
387,1121,1508,0.13943929032359673
378,1110,1488,0.13947553399369933
386,1114,1500,0.1395313057902393
383,1123,1506,0.13956341980786122
377,1126,1503,0.13960205984536606
378,1124,1502,0.1396518872432532
381,1122,1503,0.13969615909236496
387,1127,1514,0.1397299103200301
379,1127,1506,0.13974730867179386
374,1129,1503,0.1397824537332973
380,1140,1520,0.13982657699342352
378,1134,1512,0.13985310341956061
379,1131,1510,0.13988113009726694
383,1134,1517,0.13990501774608666
377,1136,1513,0.13991742083600026
378,1149,1527,0.13994304509350428
369,1135,1504,0.13996389536276982
369,1136,1505,0.14000463676172972
370,1149,1519,0.14004321060972072
373,1142,1515,0.14007608673064872
370,1146,1516,0.14010082603224538
375,1141,1516,0.14013122123387858
368,1146,1514,0.14014801701174234
359,1154,1513,0.14018111204350278
364,1158,1522,0.14023398960616495
365,1149,1514,0.14027221118978997
369,1154,1523,0.1403057745103647
369,1148,1517,0.14032595542173357
364,1147,1511,0.14034486901501197
365,1150,1515,0.1403755827324202
365,1154,1519,0.14040393016446
361,1150,1511,0.1404315454518592
360,1151,1511,0.1404674088365231
356,1161,1517,0.1405027637702434
352,1164,1516,0.14054462739366916
354,1152,1506,0.14059256984895868
350,1150,1500,0.14063304077421865
346,1156,1502,0.14068142570881834
348,1168,1516,0.1407369597951994
349,1177,1526,0.14078589091148846
340,1164,1504,0.14082964987240978
338,1169,1507,0.14088866274267844
338,1164,1502,0.14094884517701067
345,1165,1510,0.14100439702031875
344,1157,1501,0.14103661840570655
340,1155,1495,0.14106932979156625
331,1155,1486,0.14110839833456396
331,1173,1504,0.14116331050482261
328,1168,1496,0.141213884976281
329,1176,1505,0.14126911359963162
334,1164,1498,0.14131765601619256
328,1157,1485,0.14135135768110965
335,1169,1504,0.14139700689105378
334,1169,1503,0.14142449589988004
337,1163,1500,0.14145346358555042
333,1163,1496,0.14147260342855822
331,1168,1499,0.1415006150732985
330,1166,1496,0.14153189386597137
330,1179,1509,0.14156318836566048
327,1187,1514,0.14159265720206587
328,1192,1520,0.1416266073898541
330,1187,1517,0.14165557054823402
329,1182,1511,0.14167876499896276
321,1192,1513,0.14170133634002072
316,1200,1516,0.14174196223741078
314,1195,1509,0.14179104304075796
318,1186,1504,0.1418442300119886
318,1181,1499,0.141883841522543
323,1172,1495,0.14192176174421883
330,1172,1502,0.14194097272061737
335,1176,1511,0.14194224646095105
339,1179,1518,0.14193323431883115
340,1189,1529,0.1419132188934676
340,1178,1518,0.1418900176601354
340,1184,1524,0.14187280185502105
335,1178,1513,0.14185700196772125
335,1167,1502,0.14185645354589846
327,1179,1506,0.14185596076716128
322,1178,1500,0.14187053815021947
331,1174,1505,0.14189801548692324
331,1179,1510,0.14190204742081108
332,1190,1522,0.1419071137338825
327,1196,1523,0.1419110350748284
333,1200,1533,0.14192577937404252
334,1205,1539,0.14192545623452682
335,1201,1536,0.14192407006910376
326,1194,1520,0.1419222165520743
326,1199,1525,0.14194085589838096
320,1195,1515,0.14195869883724643
318,1191,1509,0.1419898898440446
315,1206,1521,0.14202538560457803
313,1212,1525,0.14206466815354818
309,1209,1518,0.14210679051572922
306,1200,1506,0.14215639355602014
312,1198,1510,0.1422088156136995
316,1192,1508,0.14224087233137844
312,1193,1505,0.14226123764962245
316,1191,1507,0.14229089792238317
312,1196,1508,0.1423090893918228
317,1199,1516,0.14233569330296983
318,1193,1511,0.14234843007080986
315,1183,1498,0.14235835055754578
325,1190,1515,0.14237401723910575
318,1197,1515,0.14236175663569126
323,1202,1525,0.1423662717659952
319,1206,1525,0.14236125910848524
319,1192,1511,0.1423660845565733
315,1190,1505,0.14237355227607063
314,1189,1503,0.1423886849977443
315,1184,1499,0.14240379192343028
319,1204,1523,0.14241497673790857
320,1194,1514,0.14241473273585487
320,1203,1523,0.14241491722491037
321,1203,1524,0.14241421880954575
327,1195,1522,0.1424110705421392
327,1193,1520,0.1423928147086375
328,1205,1533,0.14237593794389483
328,1199,1527,0.14235939210862544
328,1194,1522,0.1423440936811802
325,1189,1514,0.14232668279448332
324,1197,1521,0.142318228134728
326,1197,1523,0.14231415774690917
323,1197,1520,0.14230778474714953
316,1196,1512,0.1423100789717408
315,1212,1527,0.14232904685950615
314,1217,1531,0.14234836827512026
313,1207,1520,0.1423690654286392
308,1203,1511,0.14238933486258262
308,1189,1497,0.1424178226388223
311,1198,1509,0.14244549546618882
314,1210,1524,0.14246215226126593
316,1207,1523,0.1424689976178212
317,1196,1513,0.1424706639879858
309,1204,1513,0.14247111610585206
314,1199,1513,0.1424915087059776
314,1204,1518,0.14250093197808358
315,1203,1518,0.1425081446517404
317,1204,1521,0.14251192773970184
314,1208,1522,0.14251030559101363
318,1199,1517,0.14251728508734487
318,1213,1531,0.14251146775229806
311,1222,1533,0.14250719682589996
306,1222,1528,0.1425224130126551
307,1223,1530,0.1425481077528916
311,1204,1515,0.14256963066789954
310,1210,1520,0.1425814435647975
308,1214,1522,0.1425951622613406
314,1217,1531,0.14261314267394037
313,1212,1525,0.14261188992523985
307,1207,1514,0.1426142190420138
301,1209,1510,0.14263154303425776
303,1210,1513,0.14265996242675447
302,1201,1503,0.1426828621886261
303,1196,1499,0.14270802621654222
300,1203,1503,0.14273056249725438
305,1201,1506,0.14275869159429433
300,1200,1500,0.14277265021423513
305,1200,1505,0.14279843960126784
303,1205,1508,0.14280972354998275
303,1193,1496,0.14282606390402505
301,1199,1500,0.1428402865077621
302,1196,1498,0.14285899047820308
297,1198,1495,0.1428722052235374
300,1193,1493,0.14289466365696668
300,1195,1495,0.14290547414789465
300,1204,1504,0.1429178549202811
297,1205,1502,0.1429298966448619
311,1198,1509,0.14294656105292566
313,1208,1521,0.1429261486330968
315,1203,1518,0.14290252328749534
311,1205,1516,0.14287625952872174
309,1206,1515,0.14286207162597248
311,1207,1518,0.14285436659014547
312,1210,1522,0.14284290519484633
310,1200,1510,0.14283150920496188
309,1200,1509,0.14282547598391557
308,1198,1506,0.1428210912296356
311,1206,1517,0.1428199858241701
306,1195,1501,0.14281188590515323
305,1200,1505,0.14281856813997698
306,1196,1502,0.14282552275905228
310,1183,1493,0.14283026710414468
312,1192,1504,0.14282443288397226
314,1202,1516,0.14281550271143606
313,1204,1517,0.14280067193228654
317,1212,1529,0.14278970372995647
308,1220,1528,0.14276960757249202
308,1209,1517,0.14277227722953031
306,1203,1509,0.1427754614975083
307,1203,1510,0.14278308922977653
312,1200,1512,0.14279018343976946
307,1202,1509,0.14278296650753727
305,1198,1503,0.1427885442191703
307,1206,1513,0.14279704544631247
306,1201,1507,0.14280072177539144
303,1215,1518,0.14280762349721393
301,1206,1507,0.14282139901880483
299,1196,1495,0.14283947336563654
297,1207,1504,0.14286120462682822
289,1223,1512,0.14288636840109453
287,1216,1503,0.14292928059434104
291,1216,1507,0.14297440957891117
289,1215,1504,0.14300538756525868
288,1222,1510,0.14304038253861834
294,1218,1512,0.1430747734468934
290,1229,1519,0.1430928365338205
290,1226,1516,0.14312018445234367
284,1221,1505,0.1431452180658676
281,1219,1500,0.1431833519997803
283,1229,1512,0.14322579828523435
280,1235,1515,0.14326108292378406
285,1230,1515,0.14330120770426852
285,1220,1505,0.14332577850044245
290,1214,1504,0.14334978862304645
291,1228,1519,0.143360320893167
292,1216,1508,0.1433666345219763
293,1221,1514,0.1433676115477479
291,1219,1510,0.1433653940190737
292,1214,1506,0.14336650825006272
292,1208,1500,0.1433652569209449
292,1212,1504,0.1433646587285339
293,1217,1510,0.14336276061900258
293,1219,1512,0.14335617536732884
298,1224,1522,0.14335261388189255
296,1231,1527,0.14333901078698985
290,1229,1519,0.14333408443177573
290,1223,1513,0.14334432662980995
290,1225,1515,0.14335012419500728
283,1223,1506,0.14335546179914527
281,1227,1508,0.14337820002992113
286,1233,1519,0.14340531058712833
289,1241,1530,0.14341949972455917
284,1236,1520,0.14342618505449634
279,1240,1519,0.14344530970678734
283,1227,1510,0.14347542132579735
278,1235,1513,0.14349257185429792
274,1233,1507,0.1435200196694409
280,1237,1517,0.14355681867282527
275,1234,1509,0.14357763261932338
274,1243,1517,0.1436093153656883
271,1229,1500,0.14364125400672903
264,1221,1485,0.1436785226012261
267,1230,1497,0.1437286366812131
267,1234,1501,0.14376716997264571
272,1238,1510,0.14380379764279846
260,1244,1504,0.14382576232206815
268,1235,1503,0.14387442567136272
264,1232,1496,0.1439029909556272
265,1240,1505,0.1439382864035974
265,1227,1492,0.14397009294302138
268,1229,1497,0.1439994570402102
267,1235,1502,0.14402125550972633
271,1240,1511,0.14404321828114486
268,1238,1506,0.14405384568647772
265,1244,1509,0.14407206111240878
258,1243,1501,0.14409651594110467
255,1250,1505,0.14413554164968867
254,1265,1519,0.14418000432285183
254,1264,1518,0.14422265945334878
252,1258,1510,0.144262012799093
250,1256,1506,0.14430214214183232
251,1256,1507,0.14434480303004218
254,1247,1501,0.14438140931881352
255,1254,1509,0.1444069526177859
255,1247,1502,0.1444276165867885
251,1253,1504,0.14444628971909743
256,1250,1506,0.14447251920678397
259,1254,1513,0.1444844185483658
260,1254,1514,0.14449029528032786
256,1248,1504,0.14449328155794397
249,1248,1497,0.14450619294532094
243,1269,1512,0.14453641821769644
243,1271,1514,0.1445800908092909
240,1288,1528,0.1446204924704995
244,1291,1535,0.14466537976923058
242,1291,1533,0.14469697072748797
243,1277,1520,0.14473086529023932
240,1277,1517,0.1447588783544909
240,1267,1507,0.14479054979521597
245,1271,1516,0.14482166138508973
246,1259,1505,0.144838793123978
243,1271,1514,0.1448515481849257
244,1273,1517,0.14487148119958487
240,1276,1516,0.1448887409998765
241,1286,1527,0.1449134055269798
243,1274,1517,0.1449350369974636
237,1270,1507,0.1449511727625948
236,1276,1512,0.1449806905228935
234,1282,1516,0.14501066704619936
237,1295,1532,0.14504328426714266
234,1288,1522,0.14506770965007865
233,1287,1520,0.14509800101675827
230,1295,1525,0.1451273442697827
229,1289,1518,0.1451590669501929
233,1283,1516,0.14519004039519362
229,1289,1518,0.14521151298373822
228,1295,1523,0.14524245118877438
233,1294,1527,0.14527283863597673
237,1292,1529,0.14529060412127717
233,1290,1523,0.14529918175909054
228,1296,1524,0.14531813524323728
230,1286,1516,0.1453471689409403
229,1284,1513,0.14537179785559143
226,1283,1509,0.14539504257988287
232,1283,1515,0.14542288094995334
234,1272,1506,0.14543491642772122
230,1266,1496,0.14543854974482975
232,1274,1506,0.1454520178502181
231,1277,1508,0.14545822904663033
225,1289,1514,0.14546602925334498
231,1294,1525,0.14548691628071667
227,1293,1520,0.14549287522647641
223,1291,1514,0.145505006737708
227,1288,1515,0.14552582911201214
230,1282,1512,0.14553830443206522
230,1280,1510,0.14554506952442914
236,1288,1524,0.14555133794038075
238,1288,1526,0.14554252987169078
237,1288,1525,0.14552815525041793
239,1275,1514,0.14551762446527014
232,1275,1507,0.14550392791986178
239,1264,1503,0.1455085739778218
241,1259,1500,0.14549412875604265
235,1262,1497,0.14547602208115093
236,1255,1491,0.14547387708917284
232,1263,1495,0.145470071501859
233,1274,1507,0.14547616207384287
233,1277,1510,0.1454793379105938
236,1279,1515,0.14548175440800054
231,1274,1505,0.14547800907849578
233,1270,1503,0.14548620571808504
232,1272,1504,0.1454891627931365
228,1287,1515,0.14549596407408288
224,1293,1517,0.1455128425662208
223,1283,1506,0.14553795665685318
221,1279,1500,0.145565503010591
227,1274,1501,0.14559522847465622
225,1279,1504,0.14560836170732103
225,1267,1492,0.14562629460035484
221,1282,1503,0.14564067022154933
223,1278,1501,0.14566413910711248
226,1282,1508,0.14567943099162203
229,1286,1515,0.14568656879259143
222,1279,1501,0.1456882022621734
221,1276,1497,0.14570425285169214
216,1277,1493,0.1457200151045085
215,1288,1503,0.14574573208867503
218,1288,1506,0.14577310111388628
224,1286,1510,0.14579292211794492
223,1288,1511,0.14579710816039967
220,1280,1500,0.14580494858583642
224,1279,1503,0.14581983093871417
225,1280,1505,0.1458212591217028
234,1285,1519,0.14581701096693375
236,1279,1515,0.14578456014252553
237,1285,1522,0.14575231147307274
235,1289,1524,0.14572116075549776
235,1284,1519,0.14569783555628193
229,1287,1516,0.1456753876172992
231,1278,1509,0.14566717303344848
232,1276,1508,0.14565557297476592
233,1271,1504,0.14564476940956464
233,1277,1510,0.14563257791778556
232,1276,1508,0.14562199322922553
234,1267,1501,0.1456145952970601
233,1277,1510,0.1456031625681754
230,1281,1511,0.14559596505678749
234,1277,1511,0.14559691734263913
233,1287,1520,0.1455879022911638
241,1286,1527,0.14558430827222615
237,1273,1510,0.14556105492065746
239,1285,1524,0.1455502159192056
238,1284,1522,0.1455380120598109
238,1278,1516,0.1455259003491835
240,1277,1517,0.14551522111298454
242,1266,1508,0.14549922967290385
236,1260,1496,0.1454788894526658
239,1255,1494,0.14547303467997974
237,1267,1504,0.1454599592197567
240,1269,1509,0.14545354281923106
242,1261,1503,0.14544195432981655
242,1268,1510,0.14542580720863005
237,1272,1509,0.1454124227352479
236,1285,1521,0.14541179203038446
235,1280,1515,0.14541278786703477
235,1282,1517,0.14541617684613428
236,1283,1519,0.14542042677111222
238,1268,1506,0.14542063229608468
238,1281,1519,0.14541733687545924
237,1280,1517,0.14541356156766405
237,1274,1511,0.14541406710051655
236,1278,1514,0.14541031289976775
235,1277,1512,0.1454101901707469
236,1280,1516,0.14541296925093058
237,1281,1518,0.14541410765110174
234,1273,1507,0.14541119814672968
233,1292,1525,0.14541548033010623
232,1281,1513,0.14542258101723476
234,1273,1507,0.1454309138891762
234,1272,1506,0.1454345877378625
230,1282,1512,0.14543834470305014
232,1271,1503,0.14545225717784727
228,1261,1489,0.1454597066851775
230,1256,1486,0.14547627994038062
229,1260,1489,0.14548449551674358
229,1277,1506,0.14549511154936529
229,1273,1502,0.1455049571131478
231,1286,1517,0.14551560791073326
231,1286,1517,0.14552153701147422
234,1284,1518,0.14552693355758223
229,1286,1515,0.14552215879586497
224,1287,1511,0.14553070381750774
223,1294,1517,0.14554873197198262
219,1292,1511,0.14556863613337964
220,1298,1518,0.1455982579498909
215,1291,1506,0.1456220308435557
218,1300,1518,0.1456566810796457
221,1299,1520,0.14568249579742126
217,1286,1503,0.14569866635509635
215,1297,1512,0.1457249681371921
217,1291,1508,0.14575523973600799
216,1287,1503,0.14577977057926553
214,1296,1510,0.14580311510467062
216,1308,1524,0.14582845324413016
219,1301,1520,0.14584694952928656
217,1294,1511,0.14585670509107587
216,1306,1522,0.14587107847013134
216,1302,1518,0.14588759940852913
214,1309,1523,0.145905134448002
217,1311,1528,0.14592756366511
212,1312,1524,0.14594196335883824
213,1303,1516,0.14596809545535178
218,1304,1522,0.14599066662188803
219,1292,1511,0.14599716863681825
222,1285,1507,0.14600061969259814
220,1289,1509,0.14599689326644336
215,1291,1506,0.14599785039413246
219,1295,1514,0.14601095984124407
222,1293,1515,0.146011780687563
221,1297,1518,0.1460039765385563
223,1292,1515,0.14599908200614994
220,1299,1519,0.1459914932117292
224,1295,1519,0.14599141452945452
225,1295,1520,0.14598313847893132
220,1292,1512,0.14596950464531352
217,1299,1516,0.14596837250587252
217,1289,1506,0.14597518139783663
214,1290,1504,0.14598293537630222
215,1294,1509,0.14599644273557746
214,1306,1520,0.14600513079766628
214,1309,1523,0.14601586769935615
219,1296,1515,0.14602446549370257
220,1300,1520,0.1460204641280598
221,1293,1514,0.14601443737407968
220,1294,1514,0.14600889897517555
223,1308,1531,0.14600701181875186
221,1299,1520,0.1459989751631855
219,1279,1498,0.1459967069301502
218,1288,1506,0.14599964593029158
217,1301,1518,0.14600085354914635
211,1311,1522,0.1460048341708254
213,1303,1516,0.14602329370375877
213,1305,1518,0.14603670243070296
213,1312,1525,0.1460503518684984
215,1308,1523,0.146062412281065
218,1310,1528,0.14607112315269963
219,1309,1528,0.14606946561194367
213,1302,1515,0.14606707207564862
214,1303,1517,0.1460810851779271
211,1301,1512,0.14609141460281985
205,1298,1503,0.14610730232365152
204,1304,1508,0.14613734854100371
199,1313,1512,0.14616876776129514
203,1310,1513,0.1462116246737347
199,1305,1504,0.14624331086560866
199,1305,1504,0.14628178794181554
199,1299,1498,0.1463162152423115
197,1304,1501,0.14634719803443177
194,1315,1509,0.14638036280612599
198,1312,1510,0.1464194307433473
194,1311,1505,0.1464466888007289
188,1329,1517,0.14648102237226507
185,1324,1509,0.14652723303022452
185,1338,1523,0.1465779330278876
189,1340,1529,0.1466249302450831
189,1331,1520,0.14666169159157327
183,1334,1517,0.14669562218639962
181,1339,1520,0.14674112315450927
182,1338,1520,0.14678959736833452
179,1339,1518,0.14683103854693552
180,1345,1525,0.14687771039961423
177,1353,1530,0.146918769571869
179,1353,1532,0.14696173398178392
181,1348,1529,0.1469971361564416
181,1336,1517,0.14702750797135025
181,1325,1506,0.1470549460377198
178,1325,1503,0.14708029533942207
180,1324,1504,0.1471114351494172
176,1327,1503,0.14713363579474537
182,1329,1511,0.14716529648210794
179,1326,1505,0.14718052958422173
182,1327,1509,0.1472020902687984
179,1332,1511,0.14721429317294965
177,1326,1503,0.147233058898218
177,1333,1510,0.14725409541819037
176,1331,1507,0.14727442813452613
176,1327,1503,0.14729514072115302
178,1333,1511,0.14731626724003624
182,1333,1515,0.14733069364471718
183,1336,1519,0.14733550869131684
185,1333,1518,0.1473372966715813
184,1341,1525,0.1473319710719182
183,1351,1534,0.14733098936248618
180,1348,1528,0.14733278272002687
182,1344,1526,0.14734243291107016
178,1342,1520,0.14734608981672756
181,1343,1524,0.1473593506909882
185,1346,1531,0.1473639706806858
184,1350,1534,0.14735783271031427
181,1341,1522,0.1473552832303372
177,1330,1507,0.1473608676112593
176,1335,1511,0.14737609938833532
176,1335,1511,0.14739040628601235
179,1342,1521,0.1474049325012181
178,1351,1529,0.14741247822632025
176,1353,1529,0.1474213596612321
173,1343,1516,0.14743527516259436
173,1344,1517,0.14745581625365808
169,1350,1519,0.14747468799171248
166,1337,1503,0.1475019783758648
165,1332,1497,0.14753517259411456
160,1351,1511,0.14756801006794804
156,1352,1508,0.14760939785713995
159,1340,1499,0.14765812523838698
160,1354,1514,0.1476955861034358
159,1358,1517,0.14773030663032166
162,1363,1525,0.14776514612463
165,1360,1525,0.14778996459650975
161,1364,1525,0.14780497320293587
165,1359,1524,0.14782996590509453
161,1365,1526,0.14784455932864493
162,1351,1513,0.14786831878819867
161,1360,1521,0.14788747599375074
160,1354,1514,0.1479078607043959
159,1349,1508,0.14792913428603427
156,1355,1511,0.14795161147218272
154,1366,1520,0.1479800378627866
153,1357,1510,0.1480120460646902
151,1362,1513,0.14804379379350976
153,1361,1514,0.14807840801223177
154,1363,1517,0.14810537019517622
153,1364,1517,0.14812807378839807
158,1360,1518,0.14815165317804496
160,1357,1517,0.14816098396252844
157,1351,1508,0.1481632770012797
157,1370,1527,0.14817293651116983
156,1378,1534,0.14818288447906977
156,1381,1537,0.14819667214384782
154,1370,1524,0.14821080155360217
158,1362,1520,0.14822630919677857
158,1361,1519,0.14823097515198708
158,1356,1514,0.14823463709990134
159,1356,1515,0.14823839450106369
158,1358,1516,0.1482407946307404
156,1346,1502,0.14824445134884967
153,1340,1493,0.14825392403004772
152,1356,1508,0.14826851026844076
153,1364,1517,0.14828574085562482
158,1365,1523,0.14829824552047718
161,1353,1514,0.14829702354417132
160,1359,1519,0.14828845131655677
159,1352,1511,0.14828535882075808
160,1362,1522,0.1482859988527379
156,1369,1525,0.14828328112493583
156,1371,1527,0.14828990245563237
160,1355,1515,0.1482953298483047
160,1366,1526,0.14829088189971887
163,1360,1523,0.14828662081911842
159,1358,1517,0.14827498266427352
157,1350,1507,0.1482725360081604
155,1366,1521,0.14827538228523213
155,1355,1510,0.14828385787883014
151,1353,1504,0.14829355561245997
152,1358,1510,0.14831264504018585
151,1369,1520,0.14832759549359792
151,1368,1519,0.14834318533703506
147,1381,1528,0.14835923558053865
149,1387,1536,0.14838201102374785
151,1386,1537,0.1483986706936771
152,1363,1515,0.148407591790512
153,1371,1524,0.1484145000491902
149,1362,1511,0.14841970756233083
151,1371,1522,0.14843427150019045
148,1364,1512,0.14844231563752883
150,1366,1516,0.14845708271101812
153,1375,1528,0.14846570783577798
148,1381,1529,0.14846797930832054
148,1382,1530,0.14848061704278911
148,1375,1523,0.1484936815102978
151,1373,1524,0.1485050907215664
145,1373,1518,0.1485084529290563
148,1370,1518,0.14852389430864715
148,1365,1513,0.1485321485417101
146,1362,1508,0.1485403916208881
142,1368,1510,0.1485543281346127
139,1374,1513,0.14857655507270212
139,1370,1509,0.14860412684513197
143,1371,1514,0.14862963084713512
142,1375,1517,0.1486431196958584
141,1368,1509,0.14865958612980318
139,1374,1513,0.14867704018722058
140,1356,1496,0.14869875071618288
136,1361,1497,0.14871635806148167
134,1361,1495,0.14874159348796545
134,1372,1506,0.1487687193689041
134,1375,1509,0.14879440550411163
130,1376,1506,0.14881962940716928
129,1386,1515,0.14885191296519945
132,1378,1510,0.1488853115588543
131,1382,1513,0.14890890381237093
130,1393,1523,0.14893396955639152
126,1390,1516,0.1489596677263565
121,1388,1509,0.14899346070334604
119,1383,1502,0.1490371521542992
124,1397,1521,0.14908317954572325
125,1393,1518,0.1491134959207693
124,1386,1510,0.14913979216006673
123,1396,1519,0.14916484016335707
122,1396,1518,0.1491902532896716
122,1395,1517,0.14921629055523275
122,1397,1519,0.14924032143608668
121,1401,1522,0.14926288771683094
120,1400,1520,0.14928691231452368
122,1402,1524,0.14931172943884097
125,1399,1524,0.14932911821659328
123,1393,1516,0.14933786516113454
123,1407,1530,0.149349095653175
124,1396,1520,0.1493601131388515
122,1400,1522,0.14936819168418933
119,1398,1517,0.14938017346098975
118,1397,1515,0.14939955766038715
118,1387,1505,0.14941989418142662
121,1388,1509,0.14943986336934698
125,1372,1497,0.14945128495205015
126,1365,1491,0.1494521211946613
123,1379,1502,0.14945070619830744
121,1382,1503,0.14945530813030505
120,1383,1503,0.14946460796326014
124,1385,1509,0.14947583834479172
126,1403,1529,0.1494766138039836
121,1393,1514,0.1494720996933622
121,1398,1519,0.14947936054031907
119,1379,1498,0.14948769208243948
114,1374,1488,0.14950194168781847
116,1391,1507,0.14952687465569775
111,1391,1502,0.1495449859518518
116,1401,1517,0.1495736958943426
118,1396,1514,0.14958820170765097
116,1396,1512,0.1495979426428281
115,1398,1513,0.1496127852281521
114,1408,1522,0.14962973761601409
108,1416,1524,0.14964843548577844
110,1415,1525,0.1496795419737821
110,1399,1509,0.1497037581671319
111,1394,1505,0.14972725715098356
112,1387,1499,0.1497473855478257
108,1404,1512,0.14976325123454085
109,1387,1496,0.1497868217992256
112,1392,1504,0.14980736610974574
111,1403,1514,0.14981787641860517
113,1398,1511,0.14983038390640224
111,1405,1516,0.14983849623322132
111,1412,1523,0.14985179519075184
111,1394,1505,0.14986287436199056
110,1401,1511,0.14987316420726568
112,1405,1517,0.149886043259633
109,1391,1500,0.1498933195397035
109,1388,1497,0.14990712485036725
109,1398,1507,0.14991917587196021
111,1406,1517,0.14993181999421965
111,1397,1508,0.14993819735912037
106,1394,1500,0.14994388841721806
104,1403,1507,0.1499603400023589
109,1413,1522,0.1499809461733143
111,1422,1533,0.14998945063894897
110,1417,1527,0.1499931736144376
111,1418,1529,0.14999854747876004
108,1419,1527,0.15000199183184418
104,1429,1533,0.150011327853019
108,1424,1532,0.15002996243563674
107,1426,1533,0.15003791441595501
106,1418,1524,0.1500479085579172
107,1414,1521,0.15005963951765633
110,1421,1531,0.1500683859082175
111,1412,1523,0.15006949948057577
109,1404,1513,0.15006899309030916
108,1419,1527,0.15006973953282432
107,1406,1513,0.15007266168171196
107,1411,1518,0.15007881407990933
107,1412,1519,0.15008464126401108
108,1413,1521,0.15009006220454466
108,1417,1525,0.15009232835041547
107,1406,1513,0.15009327292543173
104,1401,1505,0.15009619501201063
102,1405,1507,0.1501054724930488
106,1411,1517,0.1501187640231826
105,1408,1513,0.15012126269199066
104,1413,1517,0.15012604165680285
106,1408,1514,0.15013312364893758
102,1413,1515,0.1501345863169442
103,1415,1518,0.15014600064229405
97,1415,1512,0.15015260768613056
94,1410,1504,0.15017445618531094
93,1419,1512,0.15020165465810906
90,1405,1495,0.15023050886558445
90,1418,1508,0.1502644379513379
97,1426,1523,0.1502958105847159
93,1430,1523,0.150305664125731
89,1411,1500,0.15032513572467812
87,1418,1505,0.15035367024699586
92,1420,1512,0.1503855226486771
93,1421,1514,0.1504025671458996
93,1424,1517,0.1504166053008243
95,1417,1512,0.15043037524855718
93,1416,1509,0.15043940885014553
95,1403,1498,0.1504527799742155
96,1414,1510,0.15046153353079675
95,1406,1501,0.1504662974929838
99,1400,1499,0.1504729278414383
98,1407,1505,0.15046963578355357
93,1418,1511,0.15046898610319867
89,1415,1504,0.1504810775317439
91,1420,1511,0.15050182231856118
91,1410,1501,0.15051522120667898
89,1425,1514,0.15052768829876462
92,1425,1517,0.15054341155202894
93,1425,1518,0.15055167401852118
93,1425,1518,0.15055790822246265
95,1431,1526,0.15056473778836466
92,1422,1514,0.15056497521828752
93,1418,1511,0.1505726264130431
96,1421,1517,0.1505769175248223
96,1412,1508,0.15057352967105728
96,1420,1516,0.15056931768352347
98,1423,1521,0.15056569263281505
99,1422,1521,0.150559075203002
95,1426,1521,0.15055159943402258
93,1427,1520,0.1505539814684548
93,1424,1517,0.15056228099151717
93,1425,1518,0.1505709244834284
95,1430,1525,0.15057945033997508
96,1430,1526,0.15058095657648984
92,1428,1520,0.15057939944888524
92,1433,1525,0.1505876428542618
95,1427,1522,0.150595193900527
92,1427,1519,0.1505951057142223
95,1436,1531,0.15060267823748794
98,1431,1529,0.1506026713560844
95,1416,1511,0.15059496871483222
96,1420,1516,0.15059489789359787
95,1412,1507,0.1505936001713775
94,1410,1504,0.15059308129005589
95,1431,1526,0.15059585964922909
97,1424,1521,0.1505956664048379
97,1422,1519,0.15059078586043628
95,1435,1530,0.15058627190589471
93,1427,1520,0.15058662471959508
91,1423,1514,0.1505925268215905
91,1416,1507,0.15060237694439177
94,1411,1505,0.15061128609600935
94,1430,1524,0.1506131923548623
98,1428,1526,0.15061436570195852
98,1401,1499,0.15060541235707695
97,1401,1498,0.15059591846716788
95,1405,1500,0.15059034208533378
94,1402,1496,0.1505902856983569
98,1408,1506,0.1505930501220615
101,1409,1510,0.1505848332626428
99,1419,1518,0.1505702987598266
98,1423,1521,0.15056115723308333
96,1414,1510,0.1505543580377497
94,1409,1503,0.1505529090103173
92,1429,1521,0.15055679990760368
96,1434,1530,0.15056631895474268
99,1434,1533,0.15056467970806517
101,1431,1532,0.15055566685858435
103,1427,1530,0.15054256514194517
103,1429,1532,0.15052547015629814
100,1417,1517,0.15051036294762501
100,1422,1522,0.15050447975055292
100,1423,1523,0.15049817465801785
101,1425,1526,0.15049235783227485
99,1427,1526,0.15048306428890346
98,1413,1511,0.15047997720757
99,1409,1508,0.15047952818996788
99,1411,1510,0.15047748646663564
98,1421,1519,0.15047639198877863
99,1422,1521,0.15047851386210578
99,1426,1525,0.1504779590837242
100,1426,1526,0.15047780857983628
101,1424,1525,0.15047511570252584
102,1425,1527,0.15047126021449445
99,1404,1503,0.15046409290563714
98,1419,1517,0.15046384535491128
97,1422,1519,0.15046647695607604
96,1423,1519,0.15047198731177297
94,1414,1508,0.15048020566819337
93,1410,1503,0.15049272723707952
91,1427,1518,0.15050731125338848
91,1428,1519,0.150525601356148
91,1419,1510,0.15054266752140866
96,1413,1509,0.1505570561672215
95,1421,1516,0.15055833846316236
92,1434,1526,0.1505614735116553
89,1417,1506,0.15057250538253605
91,1413,1504,0.1505903255576505
89,1414,1503,0.15060238763878078
88,1412,1500,0.15061867592587197
91,1404,1495,0.15063573811695277
96,1423,1519,0.15064406768138341
96,1409,1505,0.1506384479779005
98,1420,1518,0.15063427173826946
93,1416,1509,0.15062374820680285
91,1413,1504,0.15062479171411003
90,1423,1513,0.15063018107313733
93,1414,1507,0.1506385400715318
95,1412,1507,0.15063865660446354
94,1420,1514,0.15063411514158684
95,1422,1517,0.15063309359115354
92,1407,1499,0.1506298102318189
92,1417,1509,0.1506317694773332
93,1410,1503,0.15063477076914858
97,1408,1505,0.15063629443982207
95,1396,1491,0.15062825768644633
99,1394,1493,0.15062581081033655
101,1407,1508,0.15061340805715998
103,1419,1522,0.15059755921639778
104,1413,1517,0.150577389330917
103,1419,1522,0.15055543664267607
98,1410,1508,0.15053645671818597
96,1411,1507,0.15053251711476165
92,1416,1508,0.15053336423160218
93,1427,1520,0.15054442984854885
91,1419,1510,0.15055246807411968
89,1428,1517,0.15056431712466692
86,1437,1523,0.15058050897697067
85,1436,1521,0.1506030791304326
85,1437,1522,0.15062777214336368
81,1442,1523,0.15065094236822013
82,1446,1528,0.15068105019527675
82,1434,1516,0.15070776962493174
82,1435,1517,0.15073114027024506
81,1433,1514,0.15075348500442223
80,1426,1506,0.150776465047017
78,1440,1518,0.15080154955372788
80,1440,1520,0.15083008289479904
80,1441,1521,0.15085149182465699
81,1446,1527,0.15087231106136237
80,1451,1531,0.15088919991957714
79,1449,1528,0.15090786886655186
78,1447,1525,0.15092816083816035
80,1432,1512,0.15094976497559598
80,1438,1518,0.1509641986270239
79,1437,1516,0.15097618962046527
80,1431,1511,0.15098924784287251
81,1440,1521,0.15099810858518395
80,1428,1508,0.15100343763161808
81,1415,1496,0.15101109742332608
79,1439,1518,0.15101683351100406
77,1441,1518,0.15102709962459934
78,1445,1523,0.151040892374261
78,1450,1528,0.15105230067182573
77,1447,1524,0.1510622959517036
76,1436,1512,0.15107364644269658
75,1441,1516,0.15108726260724997
74,1434,1508,0.1511019364771059
74,1433,1507,0.1511182345367839
73,1424,1497,0.1511338959101893
70,1432,1502,0.1511516502388401
73,1442,1515,0.1511764308381591
69,1455,1524,0.15119199310330836
69,1449,1518,0.1512149703203102
70,1451,1521,0.1512372975947977
70,1444,1514,0.15125659804437544
71,1454,1525,0.1512741925401922
69,1444,1513,0.15128699768452714
66,1434,1500,0.15130425220637217
67,1432,1499,0.15132924669764328
66,1443,1509,0.1513469989537567
63,1448,1511,0.15136471409309307
63,1457,1520,0.15138874789103215
64,1448,1512,0.15141214184795554
65,1452,1517,0.15143250236733852
66,1450,1516,0.15144905597002561
66,1436,1502,0.1514622336526071
67,1444,1511,0.15147425454398017
66,1451,1517,0.15148383195788814
65,1451,1516,0.15149573325063093
66,1448,1514,0.15150976461882323
63,1459,1522,0.15152031662073878
63,1462,1525,0.15153672699449136
63,1473,1536,0.1515516923045049
61,1464,1525,0.1515662842792209
62,1458,1520,0.15158513991054565
62,1468,1530,0.15160025410087596
62,1460,1522,0.15161519223258427
61,1456,1517,0.15162867705074923
62,1453,1515,0.15164412028103133
63,1457,1520,0.15165684148566766
63,1455,1518,0.15166626994521104
64,1460,1524,0.1516734876599158
64,1449,1513,0.1516768826810544
62,1449,1511,0.15167968724892103
65,1459,1524,0.151687925263295
63,1457,1520,0.1516879216157857
61,1456,1517,0.15169317775100816
59,1451,1510,0.15170327573131248
63,1453,1516,0.15171776733937567
64,1456,1520,0.15172117279923505
64,1452,1516,0.15172133486458855
62,1450,1512,0.15172168327318286
63,1451,1514,0.1517280926221028
64,1431,1495,0.15173085973482134
63,1442,1505,0.15173095596103012
64,1455,1519,0.15173415066132198
62,1449,1511,0.15173380586851665
61,1435,1496,0.15173860739046272
59,1442,1501,0.15174603319835397
56,1456,1512,0.15175698437069524
55,1458,1513,0.15177449347556202
55,1454,1509,0.15179294232300047
54,1460,1514,0.15180950057950793
55,1468,1523,0.15182861618710813
56,1460,1516,0.15184472811191083
55,1459,1514,0.1518567933624402
54,1463,1517,0.15187079327892727
54,1458,1512,0.1518856072623964
54,1448,1502,0.15189959573418843
57,1458,1515,0.15191256335744818
55,1460,1515,0.15191630069158873
54,1461,1515,0.15192469750423643
54,1474,1528,0.1519354227717466
53,1463,1516,0.15194620480426413
54,1456,1510,0.15195808293397048
54,1470,1524,0.1519668356245682
55,1459,1514,0.15197567830603334
54,1476,1530,0.15197992259298473
54,1461,1515,0.15198725264410215
56,1476,1532,0.15199485938311785
56,1464,1520,0.15199793940350007
53,1474,1527,0.1520014621984182
53,1467,1520,0.15201237422306046
52,1473,1525,0.15202308542648296
53,1473,1526,0.15203492970968147
53,1475,1528,0.1520432703848833
53,1487,1540,0.15205162260140975
53,1478,1531,0.15205887945986418
55,1474,1529,0.15206621902163117
55,1466,1521,0.15206674004613968
55,1455,1510,0.15206790017778793
55,1463,1518,0.15206959598267378
55,1462,1517,0.1520717365179979
54,1460,1514,0.15207401123246553
53,1466,1519,0.1520773313180536
53,1467,1520,0.15208238849478992
53,1462,1515,0.1520870812523831
52,1454,1506,0.1520917345847097
54,1468,1522,0.15209881936566827
56,1460,1516,0.15210095275844762
56,1463,1519,0.1520979672014909
56,1469,1525,0.15209527679202947
56,1464,1520,0.1520933493679015
54,1470,1524,0.15209193126612916
53,1466,1519,0.15209541011779282
52,1465,1517,0.15209949251359955
51,1461,1512,0.1521062489284037
54,1449,1503,0.15211522918189024
53,1457,1510,0.1521158479322519
54,1431,1485,0.15211847194680028
54,1439,1493,0.1521192030214448
53,1447,1500,0.15212028873129024
55,1450,1505,0.1521237357823676
55,1454,1509,0.15211987504739546
54,1461,1515,0.15211656399431045
55,1472,1527,0.15211636810081716
58,1469,1527,0.15211350788256356
58,1461,1519,0.1521039895020897
57,1466,1523,0.152095797648596
56,1462,1518,0.1520912088227636
58,1450,1508,0.15208794413238258
58,1447,1505,0.1520796396059602
59,1457,1516,0.15207129206091272
57,1477,1534,0.15206193758500125
57,1460,1517,0.15205831527474511
55,1464,1519,0.1520556067636184
55,1470,1525,0.15205801551508963
55,1459,1514,0.15206084140021708
55,1465,1520,0.152064004417364
50,1477,1527,0.1520674347059319
51,1468,1519,0.15208195155367815
52,1463,1515,0.15209262244567578
50,1459,1509,0.15210057116805215
49,1476,1525,0.15211168498828476
47,1467,1514,0.15212409589615622
44,1468,1512,0.15214057006773532
44,1461,1505,0.1521633001603438
45,1462,1507,0.15218545901864483
44,1475,1519,0.15220345782354144
44,1477,1521,0.15222206957522375
43,1476,1519,0.15223996299583528
42,1489,1531,0.15225927912606785
39,1492,1531,0.15228012106000288
39,1497,1536,0.15230648419434126
39,1497,1536,0.15233069164344415
40,1501,1541,0.15235358707579155
40,1499,1539,0.15237208248334402
39,1512,1551,0.15238982082050767
37,1493,1530,0.15240895663091616
36,1493,1529,0.15243150676735884
33,1486,1519,0.15245509982364053
35,1468,1503,0.15248408093791718
35,1473,1508,0.15250581838831662
35,1482,1517,0.15252611505938435
35,1481,1516,0.15254444948793558
38,1471,1509,0.15256206984899875
38,1476,1514,0.15257071968861918
36,1482,1518,0.15257934405856077
36,1480,1516,0.15259251970518511
36,1478,1514,0.15260504163265798
38,1469,1507,0.15261716420413493
38,1470,1508,0.152621518805528
39,1473,1512,0.15262619741210742
39,1474,1513,0.15262816177788902
41,1464,1505,0.15262918154119004
40,1456,1496,0.15262516326766215
43,1450,1493,0.15262413706838684
41,1459,1500,0.15261472925528696
39,1462,1501,0.15261130740694132
38,1465,1503,0.1526131598284644
39,1470,1509,0.15261774209072335
40,1474,1514,0.15261936299050458
39,1490,1529,0.1526179625190761
39,1479,1518,0.15261972839560248
39,1475,1514,0.15262123108256534
39,1476,1515,0.15262306799791334
37,1475,1512,0.15262538763698333
37,1472,1509,0.15263274768893276
37,1474,1511,0.15263933518267256
39,1481,1520,0.15264600699100292
39,1491,1530,0.15264682760330545
38,1488,1526,0.15264814482937553
37,1480,1517,0.15265294011925648
37,1479,1516,0.15265993618067716
35,1485,1520,0.1526658818981749
37,1493,1530,0.152676249811133
37,1485,1522,0.1526797876031898
37,1474,1511,0.15268347994425524
37,1469,1506,0.15268727387521774
37,1454,1491,0.15269129591247677
35,1462,1497,0.15269548779644163
35,1463,1498,0.15270394826320005
34,1483,1517,0.15271217957235467
34,1491,1525,0.15272251970282752
35,1484,1519,0.15273146252849135
34,1477,1511,0.15273782731356572
34,1470,1504,0.1527463336237572
34,1477,1511,0.15275463460760796
35,1470,1505,0.1527627125855896
34,1469,1503,0.15276745263520683
33,1486,1519,0.15277443117667056
34,1489,1523,0.1527834183082043
33,1489,1522,0.1527890076961686
31,1491,1522,0.15279698107826686
30,1491,1521,0.15281001493023474
31,1485,1516,0.15282456312077147
31,1478,1509,0.15283429721064828
33,1459,1492,0.15284383798227194
34,1464,1498,0.15284730194003715
33,1481,1514,0.15284542809541993
33,1481,1514,0.15284542600780043
35,1464,1499,0.15284612760379987
35,1472,1507,0.15284134572250546
33,1471,1504,0.15283646643332266
33,1481,1514,0.15283770264733118
32,1491,1523,0.1528394967340939
34,1489,1523,0.1528440721358457
33,1495,1528,0.15284234387599607
33,1484,1517,0.15284353310181678
32,1471,1503,0.15284525070114666
31,1483,1514,0.152849930358171
33,1485,1518,0.1528569148440802
33,1469,1502,0.1528584132099715
33,1474,1507,0.15285917802454127
34,1478,1512,0.1528594021963708
33,1474,1507,0.15285798826529834
32,1479,1511,0.15285934453942107
32,1479,1511,0.15286350382433905
32,1485,1517,0.15286770464905072
31,1476,1507,0.15287203934140006
30,1481,1511,0.1528786098235263
28,1486,1514,0.15288681590836437
29,1486,1515,0.15289926255494574
29,1486,1515,0.15290807363318953
28,1488,1516,0.15291670933293344
28,1487,1515,0.1529268504674555
28,1484,1512,0.15293671322068686
28,1474,1502,0.1529454373814333
27,1477,1504,0.15295399014921626
26,1481,1507,0.152964888841148
26,1480,1506,0.15297754030142685
25,1499,1524,0.152989654316534
22,1499,1521,0.15300341323570874
23,1501,1524,0.15302311930311993
25,1496,1521,0.15303852061518888
26,1503,1529,0.15304766820962784
27,1505,1532,0.15305334347518706
27,1489,1516,0.1530558177428655
26,1498,1524,0.1530586273926127
25,1498,1523,0.15306389393047332
24,1498,1522,0.1530713800113579
24,1486,1510,0.15308091705584054
25,1479,1504,0.15308995913482626
24,1479,1503,0.15309654994628993
24,1492,1516,0.1531051883140752
22,1494,1516,0.1531125225832961
23,1477,1500,0.15312407747689083
23,1489,1512,0.15313197733898612
22,1487,1509,0.15313977730526657
22,1486,1508,0.15314880610858858
24,1488,1512,0.15315767472407996
22,1501,1523,0.1531613534800792
21,1502,1523,0.15316879563812802
21,1480,1501,0.1531785802415641
22,1487,1509,0.15318812420370412
25,1488,1513,0.15319333919415412
26,1481,1507,0.15318976135625254
26,1491,1517,0.15318390961863138
26,1503,1529,0.15317805134507886
26,1493,1519,0.15317222807600803
28,1481,1509,0.15316695908702255
28,1502,1530,0.15315630920913326
26,1499,1525,0.15314718884857245
26,1498,1524,0.15314298619069078
25,1485,1510,0.15313983058386618
26,1482,1508,0.1531402367915656
24,1487,1511,0.15313800830930752
25,1473,1498,0.15314131424461735
25,1490,1515,0.15314173753970298
26,1492,1518,0.1531416880230146
26,1506,1532,0.15313962879187357
25,1495,1520,0.15313830850230883
25,1488,1513,0.15313963161939959
21,1490,1511,0.1531413911720688
21,1492,1513,0.15315257170159627
19,1490,1509,0.1531634541160637
18,1497,1515,0.15317848586352223
17,1509,1526,0.15319508526147332
17,1502,1519,0.1532134067036115
16,1516,1532,0.15323082275738972
16,1503,1519,0.15324952431489186
16,1509,1525,0.1532672593530037
18,1507,1525,0.15328406999645866
18,1502,1520,0.15329437207942945
18,1496,1514,0.153304298833166
18,1493,1511,0.15331384874792214
18,1497,1515,0.15332302275946894
19,1494,1513,0.15333182387296812
18,1502,1520,0.15333700249052837
17,1513,1530,0.15334430762316595
16,1514,1530,0.1533535450642616
14,1509,1523,0.15336457397439068
15,1494,1509,0.1533794699963015
17,1496,1513,0.15339038676288802
16,1503,1519,0.1533947623741472
16,1493,1509,0.15340232123345435
16,1498,1514,0.15340970353834246
17,1504,1521,0.1534168924616287
17,1502,1519,0.15342060254105588
15,1507,1522,0.15342440190755918
15,1504,1519,0.15343275548159194
15,1501,1516,0.1534408400512062
15,1498,1513,0.15344864862706953
14,1498,1512,0.15345505920761418
13,1490,1503,0.15346390637871457
14,1500,1514,0.15347459179578532
14,1508,1522,0.1534825966673224
15,1498,1513,0.15349029946533865
16,1491,1507,0.1534945118238455
18,1495,1513,0.15349544429631054
18,1491,1509,0.15349097925065108
17,1506,1523,0.1534872171867095
16,1505,1521,0.1534862186299434
16,1500,1516,0.15348780367413298
15,1490,1505,0.1534896111156673
17,1491,1508,0.1534937546244012
18,1476,1494,0.1534924908582862
16,1485,1501,0.15348729102774683
16,1491,1507,0.15348924390628846
17,1494,1511,0.15349135508766415
16,1497,1513,0.15349031747818767
16,1498,1514,0.15349187337806883
16,1500,1516,0.15349363107777247
16,1502,1518,0.1534955495390368
17,1496,1513,0.15349669823060885
16,1508,1524,0.1534956648032101
17,1506,1523,0.15349738554270873
18,1505,1523,0.1534959769010861
16,1507,1523,0.15349181946348892
15,1509,1524,0.1534935375125549
15,1510,1525,0.15349759420459047
15,1506,1521,0.15350164961962354
15,1512,1527,0.1535056799798232
16,1504,1520,0.1535096652655251
16,1491,1507,0.15351035885010267
16,1496,1512,0.15351127602314377
16,1495,1511,0.153511703269537
17,1495,1512,0.15351238581417742
16,1492,1508,0.15351059351279314
17,1488,1505,0.153511342797166
16,1489,1505,0.15351007577341153
16,1495,1511,0.1535112707336034
16,1504,1520,0.1535126053897913
14,1494,1508,0.1535140506248463
14,1496,1510,0.15352032260511467
14,1490,1504,0.15352632914894002
16,1496,1512,0.15353207509593114
15,1486,1501,0.15353103764687664
15,1484,1499,0.15353252538123402
15,1483,1498,0.15353419071914373
15,1484,1499,0.1535359968030477
15,1489,1504,0.1535379115467613
13,1498,1511,0.15353990709983956
13,1489,1502,0.1535463084927084
14,1494,1508,0.15355248160594276
14,1493,1507,0.15355463334708144
14,1491,1505,0.15355694377797882
15,1491,1506,0.15355937515623017
15,1493,1508,0.15355940762313355
14,1497,1511,0.1535596818230591
14,1497,1511,0.15356232906653108
14,1503,1517,0.1535650138806145
14,1493,1507,0.15356771473718422
14,1492,1506,0.1535704132810849
14,1497,1511,0.153573093956736
13,1512,1525,0.15357574367490728
13,1501,1514,0.15358051217761215
12,1502,1514,0.15358509893170255
12,1494,1506,0.15359195799831038
12,1505,1517,0.15359846018137197
12,1521,1533,0.15360462125319596
11,1511,1522,0.15361045660755776
10,1513,1523,0.15361815247245503
9,1519,1528,0.15362759215705146
9,1516,1525,0.15363865067955657
9,1505,1514,0.1536490703474865
8,1500,1508,0.1536588866791543
8,1511,1519,0.15367030494589629
8,1498,1506,0.1536810528763136
8,1502,1510,0.15369116887683235
7,1504,1511,0.15370068924885352
7,1512,1519,0.15371181708039616
7,1511,1518,0.15372228484056577
7,1499,1506,0.15373213107715902
7,1494,1501,0.15374040532773098
7,1500,1507,0.15374828469353125
7,1505,1512,0.15375578284942726
8,1493,1501,0.15376291362641012
8,1496,1504,0.15376641800606416
8,1507,1515,0.15376988850692241
8,1503,1511,0.1537733099274177
8,1503,1511,0.15377666965361678
8,1499,1507,0.15377995734156968
7,1496,1503,0.1537831646344259
7,1488,1495,0.15378881907896702
7,1494,1501,0.1537941910226006
7,1509,1516,0.15379929169734655
7,1507,1514,0.15380413222875958
7,1506,1513,0.15380872358650483
7,1519,1526,0.1538130765433575
8,1517,1525,0.1538172016415908
7,1511,1518,0.153817836295352
6,1509,1515,0.1538207374321674
6,1504,1510,0.15382575694667483
5,1511,1516,0.15383058346188702
5,1527,1532,0.15383738828315113
5,1535,1540,0.15384387119208093
5,1516,1521,0.1538500428757391
5,1515,1520,0.1538559142329926
5,1521,1526,0.1538614962779815
5,1525,1530,0.15386680005758518
5,1516,1521,0.1538707434420111
4,1516,1520,0.15387460357363955
4,1520,1524,0.15388086270931037
4,1511,1515,0.15388683819844928
4,1499,1503,0.1538925379035266
4,1507,1511,0.15389797011941225
4,1492,1496,0.15390314345863298
4,1499,1503,0.15390806675220647
4,1500,1504,0.1539127489642687
4,1506,1510,0.15391719911890023
4,1510,1514,0.15392142623772853
4,1503,1507,0.15392543928703528
4,1509,1513,0.15392924713323575
4,1513,1517,0.1539328585057188
4,1515,1519,0.15393628196614872
3,1520,1523,0.15393952588342588
3,1510,1513,0.1539449807578712
3,1509,1512,0.15395010740467974
3,1524,1527,0.15395492549936018
3,1516,1519,0.15395945354523044
3,1524,1527,0.15396370894254305
3,1524,1527,0.1539677080536034
3,1521,1524,0.15397146626410735
3,1512,1515,0.15397499804091028
3,1515,1518,0.15397831698643075
3,1520,1523,0.1539814358898786
3,1513,1516,0.15398436677548935
3,1515,1518,0.15398712094793487
3,1516,1519,0.15398970903507217
3,1530,1533,0.1539921410281834
3,1524,1527,0.15399442631985083
4,1518,1522,0.15399657373960282
4,1513,1517,0.15399531875986944
4,1505,1509,0.15399424777424195
3,1520,1523,0.15399333918002792
3,1524,1527,0.15399472867855565
3,1521,1524,0.15399611343689998
3,1507,1510,0.1539974859809385
3,1510,1513,0.1539988400467713
3,1509,1512,0.15400017043354017
2,1513,1515,0.15400147287236318
2,1516,1518,0.15400535179860395
2,1502,1504,0.15400899606535076
2,1488,1490,0.15401241986277686
2,1501,1503,0.15401563652351688
2,1511,1513,0.15401865857443503
2,1503,1505,0.15402149778527374
2,1501,1503,0.1540241652143698
2,1502,1504,0.15402667125161404
2,1517,1519,0.15402902565882112
2,1525,1527,0.15403123760766466
2,1518,1520,0.15403331571532408
2,1519,1521,0.1540352680779812
2,1517,1519,0.15403710230229606
2,1521,1523,0.15403882553498305
2,1534,1536,0.15404044449060295
2,1513,1515,0.15404196547767657
2,1512,1514,0.15404339442322304
2,1505,1507,0.15404473689581605
2,1512,1514,0.15404599812724853
2,1525,1527,0.154047183032889
2,1517,1519,0.15404829623080832
2,1513,1515,0.15404934205975224
2,1518,1520,0.15405032459602705
2,1515,1517,0.15405124766936656
2,1516,1518,0.15405211487783987
2,1522,1524,0.15405292960185843
2,1511,1513,0.15405369501733734
2,1494,1496,0.1540544141080608
2,1513,1515,0.15405508967730064
1,1505,1506,0.15405572435873277
1,1505,1506,0.15405848804547992
1,1511,1512,0.1540610843957812
1,1499,1500,0.15406352350778518
1,1516,1517,0.1540658148736517
1,1512,1513,0.1540679674155772
1,1525,1526,0.1540699895197126
1,1517,1518,0.15407188906809363
1,1516,1517,0.15407367346869624
1,1511,1512,0.1540753496837251
2,1505,1507,0.15407692425623648
2,1511,1513,0.15407513088468858
2,1504,1506,0.15407355349607807
2,1510,1512,0.15407216859189302
2,1511,1513,0.15407095510725083
2,1512,1514,0.15406989416551944
2,1499,1501,0.1540689688573006
2,1509,1511,0.15406816404137832
2,1506,1508,0.15406746616547135
2,1510,1512,0.15406686310483744
2,1525,1527,0.15406634401697175
2,1511,1513,0.15406589921081054
2,1521,1523,0.15406552002900933
2,1518,1520,0.15406519874200394
2,1509,1511,0.1540649284526891
2,1512,1514,0.15406470301066522
2,1515,1517,0.1540645169351049
2,1513,1515,0.15406436534538567
2,1504,1506,0.1540642438987178
2,1516,1518,0.1540641487340737
2,1526,1528,0.1540640764217912
2,1529,1531,0.1540640239182873
2,1520,1522,0.1540639885253729
2,1510,1512,0.15406396785370932
2,1515,1517,0.15406395978999388
2,1519,1521,0.15406396246750081
2,1508,1510,0.15406397423964255
2,1515,1517,0.15406399365624754
2,1506,1508,0.15406401944228296
2,1510,1512,0.1540640504787761
2,1509,1511,0.15406408578571223
2,1518,1520,0.15406412450671134
2,1513,1515,0.15406416589530203
2,1513,1515,0.15406420930263245
2,1506,1508,0.15406425416647168
2,1506,1508,0.15406430000137059
2,1507,1509,0.15406434638986435
2,1498,1500,0.15406439297461
3,1501,1504,0.15406443945136353
3,1510,1513,0.1540612202899764
3,1511,1514,0.15405830576136662
3,1512,1515,0.1540556668432246
3,1523,1526,0.1540532772904714
3,1527,1530,0.15405111336872668
5,1530,1535,0.15404915361340446
5,1534,1539,0.15404083285268308
5,1520,1525,0.1540332913021776
5,1498,1503,0.15402645531479536
5,1502,1507,0.1540202582469823
4,1502,1506,0.15401463979003308
4,1519,1523,0.15401170998808744
4,1528,1532,0.1540091232520683
4,1514,1518,0.15400684273953275
4,1509,1513,0.15400483539468182
4,1507,1511,0.1540030715686344
5,1494,1499,0.15400152467722886
4,1479,1483,0.153996891112835
4,1496,1500,0.1539959076814337
4,1500,1504,0.1539950649126885
4,1505,1509,0.15399434640540097
4,1509,1513,0.15399373751577486
4,1507,1511,0.15399322517703554
4,1501,1505,0.15399279773712243
4,1487,1491,0.15399244481266944
4,1493,1497,0.15399215715766254
4,1499,1503,0.1539919265453225
4,1502,1506,0.15399174566190252
4,1510,1514,0.1539905011249837
4,1510,1514,0.1539894682372631
5,1498,1503,0.15398862088713489
5,1490,1495,0.1539855742969535
5,1500,1505,0.15398283197030058
5,1512,1517,0.15398036386568278
5,1505,1510,0.1539781428866342
5,1493,1498,0.15397614459431477
5,1506,1511,0.1539743469480752
5,1516,1521,0.15397273007127135
5,1513,1518,0.15397127603987562
5,1511,1516,0.15396996869167076
5,1505,1510,0.15396879345402598
5,1504,1509,0.15396773718844972
5,1512,1517,0.15396678805028854
5,1509,1514,0.1539659353620995
5,1495,1500,0.15396516949936706
5,1507,1512,0.15396448178736388
5,1505,1510,0.15396386440807178
5,1511,1516,0.153963310316184
5,1509,1514,0.1539628131633058
5,1513,1518,0.1539623672295551
5,1502,1507,0.15396196736184292
5,1503,1508,0.15396160891818364
6,1505,1511,0.15396128771744766
6,1503,1509,0.15395773441864052
6,1513,1519,0.15395451648237896
6,1512,1518,0.153951602006597
7,1504,1511,0.1539489621396082
6,1494,1500,0.1539432976023572
6,1500,1506,0.15394038101348873
6,1501,1507,0.1539378054184146
6,1508,1514,0.15393553417822262
6,1507,1513,0.15393353442627375
6,1518,1524,0.1539317766889347
6,1507,1513,0.15393023454391475
6,1493,1499,0.15392888431250956
6,1504,1510,0.15392770478241707
6,1503,1509,0.1539266769581154
6,1513,1519,0.1539257838360881
4,1508,1512,0.15392501020244886
4,1520,1524,0.15392921071200155
4,1517,1521,0.15393315794972778
4,1507,1511,0.15393686708031584
3,1503,1506,0.1539403523708941
3,1516,1519,0.15394578812082804
3,1522,1525,0.15395089489875136
2,1526,1528,0.1539556925064853
2,1522,1524,0.15396236762984628
3,1509,1512,0.15396863834530497
3,1524,1527,0.15397205705862532
3,1511,1514,0.15397529890602132
3,1515,1518,0.15397837162297814
3,1519,1522,0.15398128276763576
3,1526,1529,0.15398403970318952
3,1516,1519,0.15398664958410654
3,1505,1508,0.1539891193456604
3,1511,1514,0.1539914556963431
3,1513,1516,0.153993665112762
3,1522,1525,0.15399575383667555
3,1511,1514,0.1539977278738609
3,1500,1503,0.1539995929945421
3,1504,1507,0.1540013547351401
3,1510,1513,0.15400301840113356
3,1505,1508,0.1540045890708452
3,1509,1512,0.1540060715999913
3,1505,1508,0.1540074706268517
3,1510,1513,0.15400879057793596
3,1519,1522,0.15401003567403673
2,1523,1525,0.15401120993657652
2,1515,1517,0.1540144778689888
2,1518,1520,0.15401755159374259
2,1521,1523,0.15402044243053262
2,1520,1522,0.1540231610615898
3,1523,1526,0.15402571756529437
3,1520,1523,0.15402486148956174
3,1527,1530,0.15402416622696802
2,1540,1542,0.15402361146879953
2,1525,1527,0.15402535785819857
2,1520,1522,0.1540270770153403
2,1523,1525,0.1540287628849944
2,1504,1506,0.15403041053132274
2,1510,1512,0.154032015996754
2,1507,1509,0.15403357617653704
2,1503,1505,0.15403508870733112
2,1508,1510,0.1540365518683574
2,1513,1515,0.1540379644937856
2,1501,1503,0.1540393258951654
2,1490,1492,0.1540406357928342
2,1494,1496,0.15404189425534154
2,1491,1493,0.15404310164602847
3,1499,1502,0.15404425857599133
3,1499,1502,0.15404210004265606
3,1496,1499,0.15404019811746628
3,1497,1500,0.1540385250843171
3,1500,1503,0.15403705608216128
3,1500,1503,0.15403576881848285
3,1510,1513,0.15403464331109062
3,1516,1519,0.15403366165545954
4,1514,1518,0.1540328078151151
4,1505,1509,0.15402881414052746
4,1501,1505,0.1540252241757373
4,1497,1501,0.15402199787038304
3,1496,1499,0.1540190991031276
3,1502,1505,0.15401897951888316
3,1505,1508,0.15401894336274163
3,1514,1517,0.15401897811367324
3,1508,1511,0.15401907273818977
3,1509,1512,0.15401921752923087
3,1508,1511,0.15401940396171365
3,1508,1511,0.15401962456306634
3,1511,1514,0.15401987279723223
3,1506,1509,0.15402014296078126
3,1508,1511,0.15402043008990268
3,1500,1503,0.15402072987717308
3,1505,1508,0.15402103859710586
3,1515,1518,0.15402135303958658
3,1516,1519,0.1540216704503881
4,1525,1529,0.15402198847804102
4,1520,1524,0.15401903148371227
4,1521,1525,0.1540163774021447
4,1523,1527,0.15401399585868047
4,1513,1517,0.15401185948582305
4,1512,1516,0.15400994362785156
4,1519,1523,0.15400822607430759
4,1502,1506,0.1540066868195418
4,1515,1519,0.15400530784577932
4,1518,1522,0.15400407292741242
4,1513,1517,0.15400296745444988
4,1515,1519,0.15400197827325482
4,1530,1534,0.1540010935428845
3,1520,1523,0.15400030260550954
4,1527,1531,0.1540020550368116
4,1520,1524,0.15400119412393812
4,1514,1518,0.15400042275902273
4,1521,1525,0.15399973188176214
4,1516,1520,0.15399911333378472
4,1520,1524,0.15399855976974866
4,1514,1518,0.1539980645771496
4,1513,1517,0.1539976218039873
4,1503,1507,0.15399722609352465
4,1513,1517,0.153996872625446
4,1512,1516,0.15399655706279056
4,1516,1520,0.153996275504096
4,1498,1502,0.1539960244402433
5,1505,1510,0.15399580071554347
4,1509,1513,0.1539923463172417
4,1511,1515,0.15399138514549487
3,1503,1506,0.15399058780886363
2,1512,1514,0.15399216775819127
2,1524,1526,0.15399589991804916
2,1512,1514,0.15399947705084543
2,1523,1525,0.15400290154813612
3,1522,1525,0.1540061763421036
2,1529,1531,0.15400687967432952
3,1522,1525,0.1540100123802946
3,1514,1517,0.15401054208952586
3,1514,1517,0.15401110618196848
3,1525,1528,0.15401169605703932
3,1516,1519,0.15401230427166
3,1510,1513,0.1540129244081394
4,1509,1513,0.1540135509560882
4,1502,1506,0.1540109466056233
4,1502,1506,0.15400864091602384
4,1501,1505,0.15400660218605586
4,1490,1494,0.15400480194722427
4,1496,1500,0.15400321464152467
3,1507,1510,0.15400181733088472
3,1504,1507,0.15400283856505254
3,1496,1499,0.15400386610840083
3,1506,1509,0.15400489290409244
3,1513,1516,0.15400591297290336
3,1524,1527,0.1540069212848297
3,1527,1530,0.15400791364458624
3,1517,1520,0.15400888658956385
2,1511,1513,0.15400983729895612
2,1499,1501,0.1540131752530551
2,1519,1521,0.154016316039117
2,1513,1515,0.15401927103088595
2,1523,1525,0.15402205097353852
2,1530,1532,0.15402466601557968
2,1533,1535,0.1540271257394254
2,1501,1503,0.15402943919069167
2,1509,1511,0.15403161490621156
2,1505,1507,0.1540336609408086
2,1497,1499,0.15403558489285593
2,1518,1520,0.15403739392865515
2,1516,1518,0.1540390948056689
2,1508,1510,0.15404069389464442
2,1513,1515,0.15404219720066487
1,1513,1514,0.15404361038316758
1,1520,1521,0.15404710061534202
1,1523,1524,0.15405038041176655
1,1514,1515,0.15405346237994486
0,1517,1517,0.15405635838004425
