1366,27,1393,0.1357959200751737
1395,27,1422,0.13295522588956635
1411,27,1438,0.13029263360947535
1418,27,1445,0.12782488852344165
1433,27,1460,0.12556272205984034
1453,27,1480,0.12346432030791413
1456,28,1484,0.12150110826174183
1454,30,1484,0.1197058757711374
1453,32,1485,0.11807993923233209
1468,32,1500,0.11660587927005642
1462,32,1494,0.11522840536228385
1462,34,1496,0.11399115653567934
1468,34,1502,0.1128667411625959
1458,34,1492,0.11183188545447546
1458,34,1492,0.11091580792514334
1457,34,1491,0.11008136118650491
1470,34,1504,0.10932460230941325
1470,32,1502,0.1086067310613794
1460,34,1494,0.10795602096476813
1472,32,1504,0.10738533821349719
1466,31,1497,0.10683770140529372
1470,31,1501,0.10635407186999637
1473,29,1502,0.10590830485529451
1473,29,1502,0.1054948575553855
1462,28,1490,0.1051188242312188
1461,26,1487,0.10480233399463504
1456,25,1481,0.10451656959488753
1459,25,1484,0.10426862132433268
1473,26,1499,0.10403863026435463
1476,27,1503,0.1037967654007618
1474,28,1502,0.10356845453878283
1473,27,1500,0.10336000861364997
1461,25,1486,0.10317414851782684
1481,24,1505,0.10303355009449987
1489,25,1514,0.1028588836073095
1492,25,1517,0.10268030185409999
1472,25,1497,0.10251256356583348
1473,26,1499,0.10240710399796883
1475,27,1502,0.10230900102327319
1459,25,1484,0.10221409529909926
1455,26,1481,0.10216467285548383
1447,26,1473,0.10212987146188379
1461,25,1486,0.10211790659965939
1453,27,1480,0.10207612532942253
1455,26,1481,0.10205511035256944
1451,28,1479,0.10203092895510509
1450,29,1479,0.10201867607303974
1455,29,1484,0.10201067712106711
1457,30,1487,0.10199076053882067
1447,31,1478,0.10196930349497314
1450,32,1482,0.10197204546268392
1448,33,1481,0.10196746091000211
1438,32,1470,0.10196777121242573
1454,34,1488,0.10199194229804917
1462,35,1497,0.10197837672558617
1460,35,1495,0.10194954211945753
1448,37,1485,0.10192624524890104
1461,35,1496,0.10193096733396345
1455,35,1490,0.10190523715342376
1457,35,1492,0.10189545525685169
1456,36,1492,0.10188204070179667
1450,36,1486,0.10187465170147551
1445,38,1483,0.10188245247627886
1459,37,1496,0.10190295386151876
1466,38,1504,0.10188987263127228
1463,39,1502,0.10186073614303323
1447,40,1487,0.10184173643397719
1443,40,1483,0.10185871926708064
1439,42,1481,0.10188530917285404
1451,42,1493,0.10192046912298144
1447,43,1490,0.10192513210819015
1444,45,1489,0.10193858587064643
1443,46,1489,0.10195812978784227
1431,47,1478,0.10197896633141475
1426,46,1472,0.10202609669733398
1436,46,1482,0.10208139188550139
1437,46,1483,0.10210810900638276
1447,45,1492,0.10213148431333675
1463,44,1507,0.10213190553170393
1451,44,1495,0.10209634908698952
1445,44,1489,0.10208924537794245
1428,47,1475,0.10209608389073199
1437,47,1484,0.10213871473235665
1434,49,1483,0.10216006804029895
1435,50,1485,0.10218883513250047
1429,51,1480,0.10221320529460083
1440,52,1492,0.10224930232482202
1436,51,1487,0.1022556274679237
1445,48,1493,0.1022714061178408
1443,49,1492,0.10226747840077159
1436,51,1487,0.10226937874586134
1429,50,1479,0.10228738376934382
1418,55,1473,0.1023201939959353
1422,56,1478,0.10237637458751292
1436,56,1492,0.10241927324895142
1435,57,1492,0.10242848526561818
1427,58,1485,0.10243714580659467
1440,58,1498,0.10246372183439757
1437,60,1497,0.10245792729610877
1438,60,1498,0.10246054327385799
1437,62,1499,0.10246136697576155
1425,63,1488,0.10246408851320667
1429,63,1492,0.1024941691273848
1433,62,1495,0.1025135720249862
1435,64,1499,0.10252426221218744
1429,65,1494,0.1025296902137613
1422,66,1488,0.10254649462966403
1429,71,1500,0.10258092116796037
1425,69,1494,0.10259654066238096
1432,69,1501,0.10261736243194589
1436,71,1507,0.10262078792902794
1437,74,1511,0.10261444980871307
1432,75,1507,0.10260964161267186
1440,75,1515,0.10261529749118903
1436,72,1508,0.1026031275419578
1438,74,1512,0.102602842610276
1428,74,1502,0.10259822379763957
1420,74,1494,0.10261542621539203
1422,77,1499,0.10265006450832181
1424,77,1501,0.10267959608575503
1437,76,1513,0.10270298991258357
1417,73,1490,0.10269479566898006
1416,72,1488,0.10273080302645854
1410,72,1482,0.1027677063782309
1408,76,1484,0.10281453517541923
1424,74,1498,0.1028603631223712
1419,72,1491,0.10286723916121979
1423,76,1499,0.1028849167192411
1420,77,1497,0.1028925820360522
1406,78,1484,0.10290889343310752
1408,78,1486,0.10295523675760243
1415,77,1492,0.10299355547091761
1411,79,1490,0.10301422642101113
1404,80,1484,0.10304061332590773
1409,83,1492,0.10308155271545948
1422,85,1507,0.10311006134246405
1408,87,1495,0.10310684016976403
1406,87,1493,0.10313471066063805
1409,87,1496,0.10316570757579335
1421,84,1505,0.10318611049867521
1433,83,1516,0.10317699696325754
1421,82,1503,0.10314151761366032
1408,80,1488,0.10313583259116417
1409,81,1490,0.10316112494955952
1401,82,1483,0.1031805791291977
1395,82,1477,0.10321523631212223
1404,82,1486,0.10326364363869633
1399,82,1481,0.10328949542981147
1413,82,1495,0.10332607216990632
1418,80,1498,0.10332650221301698
1416,80,1496,0.10331578635534595
1421,76,1497,0.10330579631840181
1427,74,1501,0.10328650847275994
1416,72,1488,0.10325491824555755
1414,73,1487,0.10324847868098395
1402,75,1477,0.103246537741489
1407,76,1483,0.10327499646055253
1415,77,1492,0.10329100826030096
1417,76,1493,0.10328624139179646
1415,77,1492,0.10327856117077147
1402,77,1479,0.10327576880529649
1393,74,1467,0.1033018609445282
1416,77,1493,0.10334750896301134
1421,75,1496,0.10333670694184971
1412,76,1488,0.10331586973106312
1412,78,1490,0.10331573073505455
1414,78,1492,0.10331583740789782
1407,83,1490,0.10331247250928381
1387,84,1471,0.10332676537284242
1397,83,1480,0.1033869815831846
1408,83,1491,0.10341588207264454
1423,80,1503,0.1034165561629112
1430,81,1511,0.10338376520269037
1434,84,1518,0.10333865391760028
1431,84,1515,0.10328910722407379
1420,82,1502,0.10324878066362189
1425,82,1507,0.1032380750987717
1426,83,1509,0.10321545779135205
1429,83,1512,0.10319143801016406
1425,82,1507,0.10316181410727314
1421,82,1503,0.1031466609488284
1428,79,1507,0.10314116967261958
1426,81,1507,0.10312166497910578
1418,83,1501,0.10310934165829849
1411,81,1492,0.10311580864749238
1396,84,1480,0.1031375146494343
1409,84,1493,0.10319381923717369
1407,84,1491,0.10321792907329418
1398,85,1483,0.10324515955282934
1413,84,1497,0.1032902627665623
1418,85,1503,0.10329675622578298
1416,87,1503,0.10329354217441093
1418,87,1505,0.10329358560523218
1417,88,1505,0.10328674030603484
1414,87,1501,0.1032840713295395
1415,90,1505,0.10329109896742299
1413,97,1510,0.10329510764639858
1417,91,1508,0.10330443331913702
1417,90,1507,0.10330290956138971
1406,91,1497,0.10330134975254113
1404,94,1498,0.10332400377130024
1398,94,1492,0.10335066396182928
1389,94,1483,0.10338560891863179
1388,94,1482,0.10343944074990408
1389,93,1482,0.10349442363874467
1395,95,1490,0.10354004533876854
1394,96,1490,0.1035660004341395
1386,98,1484,0.10359332314849183
1385,96,1481,0.10363652668026631
1383,97,1480,0.10367742267571373
1396,99,1495,0.10372047715281202
1410,98,1508,0.10372927812665073
1397,98,1495,0.10370847677428703
1402,97,1499,0.10371617628573687
1400,99,1499,0.10371165531783035
1409,99,1508,0.10371197325700685
1405,97,1502,0.10369528656725874
1411,98,1509,0.10368861936189887
1409,96,1505,0.10366600113318021
1402,98,1500,0.10365156636484599
1403,95,1498,0.10365501847062791
1392,98,1490,0.10365714721578759
1401,95,1496,0.1036822163462511
1396,93,1489,0.10368716136590393
1378,92,1470,0.10370456903415796
1388,91,1479,0.10376111112998113
1393,89,1482,0.10378618385343877
1402,90,1492,0.1037972273138713
1394,91,1485,0.10378868200098372
1391,93,1484,0.10380046809987359
1400,92,1492,0.10381968632772075
1391,92,1483,0.10381433419465934
1401,92,1493,0.10382984705439448
1396,93,1489,0.1038251606554067
1402,97,1499,0.10383041616818513
1403,96,1499,0.10382149447958199
1403,98,1501,0.10381023608540806
1407,101,1508,0.10380111886759977
1408,99,1507,0.10378448287788793
1398,101,1499,0.10376631688880238
1403,101,1504,0.1037723409061773
1411,103,1514,0.10376623332302176
1404,105,1509,0.10374302980613677
1402,109,1511,0.10373753727968556
1385,108,1493,0.10373771407860659
1384,107,1491,0.10377746044619192
1382,105,1487,0.10381739778475557
1389,106,1495,0.10385768251952351
1377,104,1481,0.10387779514002073
1377,106,1483,0.10392557650244079
1373,107,1480,0.10397094167000802
1394,106,1500,0.10402044008154109
1402,104,1506,0.10401921989364904
1402,107,1509,0.10399936650850851
1390,107,1497,0.10397981251480008
1392,105,1497,0.10398902266467848
1396,107,1503,0.10399385553804365
1396,104,1500,0.10399017031643627
1395,109,1504,0.10398740086247901
1387,111,1498,0.10398599793222799
1391,115,1506,0.10400536859806234
1390,116,1506,0.1040175814695953
1392,116,1508,0.10402964933632745
1379,115,1494,0.10403737978393267
1373,113,1486,0.10407120590356744
1378,113,1491,0.10411743174082315
1383,117,1500,0.10414757414978598
1371,118,1489,0.10416383664307588
1374,121,1495,0.10420479529834074
1375,123,1498,0.10423905135881664
1380,123,1503,0.10427006252807114
1368,124,1492,0.10428582569369547
1372,126,1498,0.10432879492493924
1369,126,1495,0.10435945950273777
1381,128,1509,0.10439544039380447
1376,124,1500,0.1044018021026924
1361,124,1485,0.10441951550002106
1355,122,1477,0.10446926139249169
1364,122,1486,0.10452825074164326
1362,120,1482,0.10456205077535628
1362,119,1481,0.10459833630520951
1359,118,1477,0.10462845088962137
1363,118,1481,0.10466179027087844
1374,116,1490,0.10468297685302871
1377,119,1496,0.10467920945835138
1382,115,1497,0.10466829837683077
1375,117,1492,0.10464680898955464
1371,117,1488,0.10464356619843639
1377,122,1499,0.10464931819716282
1378,122,1500,0.1046422394361505
1368,123,1491,0.10463344512021877
1369,125,1494,0.10464879568839411
1355,127,1482,0.1046606727742849
1364,123,1487,0.10470388736259126
1361,128,1489,0.10472093295863419
1374,127,1501,0.10474480893454782
1362,129,1491,0.10473879436071602
1361,130,1491,0.10476135041765514
1367,128,1495,0.10478567757235786
1369,129,1498,0.10479468761418759
1356,128,1484,0.10479535645425464
1358,131,1489,0.10482754579182448
1355,132,1487,0.10485422292401587
1350,131,1481,0.10488543883545358
1354,131,1485,0.1049264406466486
1368,133,1501,0.10495524117629121
1367,137,1504,0.1049492166812972
1368,136,1504,0.1049461118161143
1350,132,1482,0.1049389964396244
1354,132,1486,0.10497357841420633
1355,131,1486,0.10499909309743488
1362,133,1495,0.10501951785075395
1367,129,1496,0.10502294534530014
1369,137,1506,0.10501496275702121
1358,135,1493,0.105006191989349
1349,133,1482,0.10502297667350408
1335,139,1474,0.10505929139441605
1329,139,1468,0.10512544073609754
1339,138,1477,0.10519907642787193
1337,139,1476,0.10524440902371573
1342,141,1483,0.10529068053476315
1354,139,1493,0.10532402469968954
1339,137,1476,0.1053245675293967
1347,142,1489,0.10535841619259362
1345,143,1488,0.10537314659229473
1335,141,1476,0.10539329996408217
1339,143,1482,0.10543582600497274
1346,144,1490,0.1054689470019014
1355,141,1496,0.10548367799956887
1350,141,1491,0.10547569112259585
1355,141,1496,0.10547955337191298
1361,144,1505,0.10546986386502834
1357,149,1506,0.10544629118713995
1348,146,1494,0.10543203152965251
1353,150,1503,0.1054403837523936
1350,147,1497,0.10543919614364645
1353,146,1499,0.10544406466044237
1365,146,1511,0.10543961409119294
1356,148,1504,0.10540850708336343
1356,148,1504,0.10540163500876149
1339,141,1480,0.1053941721188531
1347,146,1493,0.10542751467440514
1358,148,1506,0.1054394242017655
1361,149,1510,0.10542542746800032
1359,152,1511,0.10540713162297446
1353,154,1507,0.1053965075868965
1346,151,1497,0.10540144985249875
1338,151,1489,0.1054215093564335
1338,151,1489,0.10545564824327734
1346,151,1497,0.1054871863760865
1342,151,1493,0.10549729791845683
1333,151,1484,0.10551639213679585
1326,157,1483,0.10555647395754253
1329,158,1487,0.10561135837366242
1334,154,1488,0.1056570579843954
1343,155,1498,0.10568700893826115
1335,156,1491,0.10569230342396257
1344,158,1502,0.10571584349216973
1347,160,1507,0.10572062687673647
1349,161,1510,0.10571634534807538
1351,162,1513,0.10570632019076295
1355,163,1518,0.10569536651371697
1356,163,1519,0.10567387037001169
1343,161,1504,0.10565398095158855
1338,159,1497,0.10566581137573776
1332,153,1485,0.1056893462607048
1332,156,1488,0.10572151798339034
1341,156,1497,0.10574984277395658
1340,157,1497,0.10575906988499138
1328,157,1485,0.10576958209298219
1328,156,1484,0.10580779780099486
1337,153,1490,0.10584227520479854
1343,151,1494,0.10585289316593834
1336,151,1487,0.10584855106665274
1349,154,1503,0.10586022212847404
1347,155,1502,0.1058406813875329
1335,158,1493,0.1058285367724033
1348,156,1504,0.10584372159387646
1351,156,1507,0.10582866176408229
1339,154,1493,0.10580777558550984
1353,158,1511,0.10581426675898445
1346,157,1503,0.1057906785285923
1329,160,1489,0.10578424794123292
1322,161,1483,0.10581638308198783
1324,164,1488,0.10586429387744463
1321,168,1489,0.10590467436264926
1319,168,1487,0.10594912874043082
1311,169,1480,0.10599555916275838
1317,167,1484,0.10605753878044463
1319,167,1486,0.10610160765853106
1320,165,1485,0.10613491660805216
1313,168,1481,0.1061665532997859
1307,166,1473,0.10621068295940798
1322,172,1494,0.10626434815089725
1323,169,1492,0.1062804837324266
1317,172,1489,0.10629173056609226
1329,169,1498,0.10631624904415972
1324,176,1500,0.10631017006258087
1320,176,1496,0.10631616401109746
1317,174,1491,0.10633154565901598
1323,175,1498,0.1063538137732246
1321,179,1500,0.10636287777718323
1319,177,1496,0.10637215656541908
1298,174,1472,0.10638716827507043
1298,174,1472,0.10644857014367443
1310,181,1491,0.10650540002978247
1308,184,1492,0.10653276907895598
1295,185,1480,0.10656195974198564
1305,185,1490,0.10662015433308294
1312,187,1499,0.10665137941568315
1319,187,1506,0.10666591896897469
1302,182,1484,0.10666383586145743
1300,187,1487,0.10670121573335142
1295,193,1488,0.1067429570098512
1295,202,1497,0.10678972460945396
1288,200,1488,0.10683440176833776
1282,204,1486,0.10689345328213598
1280,205,1485,0.10696083388041785
1295,203,1498,0.10702761941805448
1300,210,1510,0.10705671020825613
1298,210,1508,0.10707311777275358
1291,211,1502,0.10709238996414569
1275,212,1487,0.10712583091311201
1280,217,1497,0.10719288705191443
1283,213,1496,0.10724377875678325
1286,216,1502,0.10728342193434497
1282,217,1499,0.10731539083063865
1290,220,1510,0.10735555591433218
1295,214,1509,0.10737654664983355
1287,213,1500,0.10738596405834822
1291,214,1505,0.10741147207842211
1287,215,1502,0.10742562322593649
1285,219,1504,0.10744922429038756
1299,219,1518,0.10747373961634026
1293,215,1508,0.10746411337466799
1287,218,1505,0.10747030717410377
1286,219,1505,0.10749165762691378
1295,218,1513,0.10751542034900866
1290,229,1519,0.10751921752509466
1287,235,1522,0.10753554102000006
1283,234,1517,0.10755802146988977
1279,232,1511,0.10758756531072051
1282,229,1511,0.10762334979690678
1284,233,1517,0.10765178528474387
1285,230,1515,0.1076737665881533
1273,232,1505,0.10769089930137021
1272,236,1508,0.1077333249645373
1266,239,1505,0.1077741036840737
1258,237,1495,0.10782556129355438
1266,234,1500,0.1078917878081951
1258,241,1499,0.10793507331365992
1253,240,1493,0.10799595346168807
1266,243,1509,0.1080614563627035
1265,244,1509,0.10809491186809143
1262,244,1506,0.10812777786483085
1269,246,1515,0.10816181036670541
1267,245,1512,0.1081786819910266
1262,247,1509,0.1081983186442796
1257,247,1504,0.10822998265279876
1261,241,1502,0.10826921785846587
1253,246,1499,0.10829716649146352
1241,252,1493,0.10834131743186534
1227,258,1485,0.10840918452516948
1234,252,1486,0.10850517711645818
1246,254,1500,0.10858014948443565
1241,249,1490,0.10862034863305015
1232,257,1489,0.10866786987203067
1243,254,1497,0.1087322078502362
1238,257,1495,0.10876732258797288
1233,257,1490,0.10881339116394237
1237,256,1493,0.10886638647537414
1233,256,1489,0.10890773891949689
1227,261,1488,0.10895554795577934
1220,259,1479,0.10901333573504385
1224,266,1490,0.1090848722004884
1223,268,1491,0.10914141751244885
1227,273,1500,0.10919292792342862
1228,271,1499,0.10923105560662098
1218,275,1493,0.10926555121338083
1213,278,1491,0.10932302993089145
1219,280,1499,0.10938780428083306
1217,277,1494,0.10943536130525951
1203,274,1477,0.10948346287360536
1202,274,1476,0.10955888546982641
1207,276,1483,0.10963126500430569
1214,274,1488,0.10968634197153121
1224,275,1499,0.10971991461915842
1214,280,1494,0.1097264796065927
1212,275,1487,0.109756851515054
1214,276,1490,0.10979166850437139
1214,277,1491,0.10981707910057131
1217,280,1497,0.10984087647429845
1210,282,1492,0.10985581251945009
1221,274,1495,0.1098874515897042
1216,275,1491,0.10989346692386792
1226,276,1502,0.10990938205876809
1216,277,1493,0.10989971591655678
1203,276,1479,0.10991523242513729
1196,285,1481,0.1099606872632331
1201,286,1487,0.11001879058256604
1206,287,1493,0.11006236054980309
1205,292,1497,0.11009287924217698
1193,292,1485,0.11012474827798378
1200,293,1493,0.1101832378509371
1200,296,1496,0.11022159653770319
1198,300,1498,0.11025669833949035
1203,298,1501,0.11029156552990944
1207,294,1501,0.11031250558285369
1212,289,1501,0.11032566075850077
1212,285,1497,0.11032620105561765
1211,278,1489,0.11032539544239085
1202,288,1490,0.11032659559212148
1198,295,1493,0.11034848644024325
1195,294,1489,0.11038122822110637
1200,301,1501,0.11041851320211453
1190,299,1489,0.11044421638772668
1201,296,1497,0.11048578338738789
1194,303,1497,0.11049957282070387
1189,300,1489,0.11052772882569492
1184,292,1476,0.11056659998376633
1201,292,1493,0.11061494852645554
1190,288,1478,0.11061601369137122
1192,301,1493,0.11063965962555691
1189,307,1496,0.11065965994235644
1189,310,1499,0.11068517398200585
1179,315,1494,0.11070654480513056
1168,325,1493,0.11075239395773927
1173,320,1493,0.11082187140662172
1177,318,1495,0.11087442397978546
1168,326,1494,0.11091470473326771
1151,330,1481,0.11097427071397473
1153,337,1490,0.11106929902418475
1157,340,1497,0.11115543816260534
1144,342,1486,0.11122893971891194
1147,344,1491,0.11132385466783007
1153,340,1493,0.11140460643107537
1158,339,1497,0.11146769890230082
1167,342,1509,0.11151539150056097
1160,340,1500,0.11153675101414046
1167,339,1506,0.11157505227893778
1166,340,1506,0.11159273112574834
1165,339,1504,0.1116101062678608
1165,340,1505,0.11163029078959262
1160,334,1494,0.11165070434614359
1164,335,1499,0.11168219650392733
1166,343,1509,0.11170095064370691
1154,341,1495,0.11171787466760245
1152,339,1491,0.11175761789328986
1144,341,1485,0.1117972615960813
1142,341,1483,0.11185296311227094
1140,350,1490,0.11190936058207229
1150,349,1499,0.11196742280692548
1147,351,1498,0.11199775543306996
1153,353,1506,0.11203480707545284
1161,360,1521,0.11205562512094663
1152,357,1509,0.11205438974340655
1146,361,1507,0.11207284139516636
1141,358,1499,0.11210861584994189
1138,355,1493,0.11215522777560313
1135,357,1492,0.11220754867142776
1127,361,1488,0.11225931545923032
1121,364,1485,0.11232857437653182
1110,365,1475,0.11240723411773451
1119,368,1487,0.112505582932294
1110,371,1481,0.1125724095579532
1107,374,1481,0.11265774301303022
1107,388,1495,0.11274765558710294
1112,395,1507,0.11282899571236606
1102,398,1500,0.1128927419686841
1105,393,1498,0.11297583862709985
1103,391,1494,0.11304295841897577
1107,393,1500,0.11311051201119689
1106,390,1496,0.11316548879786549
1104,398,1502,0.11321736198047577
1099,405,1504,0.11327126090155593
1108,401,1509,0.11333725425941242
1114,408,1522,0.11337714665314982
1102,405,1507,0.11340037146274123
1097,406,1503,0.11345124678413894
1085,406,1491,0.11351300099164491
1080,411,1491,0.11359855680646788
1077,414,1491,0.11369087909816822
1082,419,1501,0.11378294041048231
1084,415,1499,0.11385936252967832
1085,415,1500,0.11392609833702597
1086,417,1503,0.11398786816459802
1089,416,1505,0.11404111990507758
1073,427,1500,0.11408388172237428
1063,430,1493,0.11415936348937564
1053,433,1486,0.11425183992849515
1048,425,1473,0.1143605763483829
1063,427,1490,0.11447350158250302
1074,422,1496,0.11454454623623647
1067,424,1491,0.11458250786647142
1063,421,1484,0.11463037831538161
1063,434,1497,0.11467928240311728
1066,426,1492,0.11472448757374988
1065,429,1494,0.11476384920133434
1055,425,1480,0.11480260543192333
1057,429,1486,0.11486230538245522
1059,425,1484,0.11491150310485754
1061,427,1488,0.11495434934984573
1065,435,1500,0.11498862902885543
1069,438,1507,0.1150112422517115
1069,432,1501,0.11502465806952512
1065,436,1501,0.11503685567707288
1053,440,1493,0.11506195271641514
1066,442,1508,0.11511617378657397
1065,437,1502,0.11513461105141651
1056,435,1491,0.11515515405419982
1055,436,1491,0.1151909467788364
1055,438,1493,0.11522859655251533
1055,449,1504,0.11526419369962408
1065,442,1507,0.11529719976632531
1062,439,1501,0.11530488436312245
1056,442,1498,0.11531769097890412
1067,442,1509,0.1153421618518136
1070,444,1514,0.1153395893893888
1072,448,1520,0.11533123546616718
1071,445,1516,0.11531941759399988
1074,449,1523,0.11530971185052813
1068,449,1517,0.11529693644066866
1059,449,1508,0.11529762949680553
1061,451,1512,0.11532043585844402
1054,452,1506,0.11533653494028627
1056,452,1508,0.11536856673018411
1061,448,1509,0.11539401233784777
1050,449,1499,0.11540605316956644
1053,443,1496,0.11544220340863827
1047,448,1495,0.1154647764589793
1055,450,1505,0.11550341498428959
1058,454,1512,0.11552209900705901
1050,449,1499,0.11553495000513869
1036,454,1490,0.11556594181457971
1037,460,1497,0.1156305138811829
1040,462,1502,0.11568809600704291
1035,461,1496,0.115736866946502
1039,472,1511,0.11579402526628384
1035,470,1505,0.11583669383460168
1032,468,1500,0.11588893209121633
1020,461,1481,0.11594397138645551
1020,465,1485,0.11602154904246806
1025,478,1503,0.11609255394159287
1022,482,1504,0.11614448860741394
1025,481,1506,0.11620120186357902
1024,478,1502,0.116247152559907
1031,476,1507,0.11629120934960746
1021,476,1497,0.11631635115997081
1035,469,1504,0.1163625928362493
1043,471,1514,0.11637710509656805
1032,475,1507,0.11637272306611664
1027,473,1500,0.11639208563008598
1019,475,1494,0.11642268395019684
1034,485,1519,0.11646919527852413
1040,481,1521,0.11648011033731791
1025,476,1501,0.11647729801430699
1019,480,1499,0.11651046376069019
1015,477,1492,0.11655731574569012
1008,474,1482,0.11660948302692635
1022,476,1498,0.11667391472775858
1023,488,1511,0.11670273762593152
1023,490,1513,0.11672594827689874
1023,486,1509,0.11674678196182889
1018,485,1503,0.11676704661761139
1007,493,1500,0.11679513421102175
1012,490,1502,0.11684404849641228
1004,483,1487,0.11687826280699476
1009,486,1495,0.11693132360112235
1008,485,1493,0.11697058899453015
1018,485,1503,0.11700522062976329
1006,489,1495,0.11701477390979707
1004,480,1484,0.11704985278930241
1016,481,1497,0.11708675325923579
1015,480,1495,0.11709230118480754
1034,482,1516,0.11709967655544264
1024,485,1509,0.11706071744379845
1025,477,1502,0.11704788376078251
1020,488,1508,0.11703569212507603
1021,492,1513,0.11703412539750317
1021,483,1504,0.11702541379798365
1013,488,1501,0.11701826127476482
1010,485,1495,0.11702812203847397
990,477,1467,0.11704746045220123
998,478,1476,0.11711281208855047
1005,480,1485,0.11715473383321334
1008,485,1493,0.11717863976233783
1000,486,1486,0.11719680620529863
1007,490,1497,0.11723323372416025
1013,495,1508,0.11724697485758633
1005,490,1495,0.1172473740668885
999,492,1491,0.11726696836261911
997,500,1497,0.11729888815929974
995,505,1500,0.11733565679446296
1005,501,1506,0.11737268030959104
1007,508,1515,0.11738559601175275
1002,510,1512,0.11739470645759705
1008,505,1513,0.11741465470857589
1004,507,1511,0.11742054438464358
997,504,1501,0.11743613667454021
974,513,1487,0.11746707929729457
969,527,1496,0.1175491101677085
971,528,1499,0.1176372369320189
968,524,1492,0.11771623738127734
966,524,1490,0.11779672483741954
962,530,1492,0.11787817496066276
968,530,1498,0.1179650675998215
962,526,1488,0.11803147931528249
969,532,1501,0.11810684655793828
973,536,1509,0.11815760502079194
971,533,1504,0.11819770737281494
974,536,1510,0.11823554552006034
969,535,1504,0.118264401855229
971,528,1499,0.11830446380501386
965,527,1492,0.11833883477213704
957,531,1488,0.11838559772827269
955,534,1489,0.11844581105199968
951,531,1482,0.11850959102474802
959,533,1492,0.11857721849803848
972,533,1505,0.11862469479653204
970,533,1503,0.11863546353987625
966,532,1498,0.11865086988555693
955,532,1487,0.11867609350080807
954,524,1478,0.1187208107256686
947,528,1475,0.1187602043577984
950,526,1476,0.11881410587795595
957,542,1499,0.11885732017026257
957,540,1497,0.11888194527743527
953,548,1501,0.11890253979083543
949,543,1492,0.11893071192778037
949,549,1498,0.11896907690221883
956,538,1494,0.11900714086032474
951,537,1488,0.1190256794986572
945,535,1480,0.11905499984087191
937,531,1468,0.11909728564214271
939,534,1473,0.11915606592240188
949,540,1489,0.11920689226422578
956,540,1496,0.1192293723173676
947,540,1487,0.11923404098078846
947,541,1488,0.1192595306839395
949,550,1499,0.11928453029185286
962,549,1511,0.11930425499540867
958,543,1501,0.11929171953227924
952,545,1497,0.11928919256178049
946,541,1487,0.11930195460435165
937,549,1486,0.11932857898666172
931,551,1482,0.11937164895144635
928,556,1484,0.11942485563246578
937,557,1494,0.11948396011360458
933,558,1491,0.1195232444764433
940,564,1504,0.11956819666683419
934,554,1488,0.1195943405886795
943,553,1496,0.11963242443742372
949,563,1512,0.11964799461665056
953,562,1515,0.1196491745249201
945,565,1510,0.11964266743863713
936,556,1492,0.11965314990442152
940,559,1499,0.11968526598108582
935,556,1491,0.11970802026869151
932,565,1497,0.1197409160842318
930,567,1497,0.1197772065397579
924,568,1492,0.11981489690063173
930,571,1501,0.11986447134802343
927,573,1500,0.11989600306782573
923,567,1490,0.11993084230791712
928,573,1501,0.11997193513352869
928,580,1508,0.11999969109995973
924,573,1497,0.12002360772375674
922,574,1496,0.12005748095194224
921,582,1503,0.12009200305525297
922,581,1503,0.12012386515283854
920,577,1497,0.12015178621667623
918,573,1491,0.1201848792900285
916,574,1490,0.1202188874573062
908,583,1491,0.12025564026565588
916,586,1502,0.12030579670721454
918,588,1506,0.12033631755351663
926,590,1516,0.12036140827674029
915,590,1505,0.12037008483527765
905,596,1501,0.12040050692997017
901,598,1499,0.12045042380850848
895,599,1494,0.12050743743769328
907,593,1500,0.12057553964350057
899,599,1498,0.12061244062211497
909,597,1506,0.12066375668207195
914,592,1506,0.12068891692950974
898,599,1497,0.120700904026427
899,597,1496,0.12075137137483188
896,592,1488,0.12079285303587692
897,594,1491,0.12083853727327938
899,595,1494,0.12088001355388987
901,592,1493,0.12091586897320358
899,596,1495,0.12094581476190637
902,600,1502,0.12097892178587615
896,597,1493,0.1210007114732024
886,602,1488,0.12103179358753863
890,596,1486,0.12108417596340758
892,606,1498,0.12112220768559885
895,602,1497,0.12115212488388323
902,593,1495,0.12117336920976353
895,598,1493,0.12117588817494321
896,594,1490,0.12119258241613422
887,599,1486,0.12120707091146878
887,602,1489,0.12123787481524026
885,615,1500,0.1212675586646272
897,613,1510,0.12129766495427863
905,612,1517,0.12130134239680129
902,620,1522,0.12128632660545773
898,621,1519,0.1212802590311448
892,626,1518,0.12128287662186688
887,617,1504,0.12130349675477774
881,612,1493,0.121333170780838
877,623,1500,0.12137471890524676
872,636,1508,0.12141989729766785
870,631,1501,0.12147764450482917
867,630,1497,0.12153600728926733
862,626,1488,0.12159999829910165
868,632,1500,0.121670855777438
876,635,1511,0.12172440770821977
867,643,1510,0.1217538904169632
866,652,1518,0.12180339538356787
850,652,1502,0.12185283532631058
852,651,1503,0.1219360506127596
846,654,1500,0.12201186287114651
844,659,1503,0.12209568630164103
843,655,1498,0.12217892851066474
845,658,1503,0.12225780718690117
843,656,1499,0.12232701551594163
843,666,1509,0.12239630370567194
842,665,1507,0.12246269651535037
837,674,1511,0.12252645403475952
844,664,1508,0.12259738942726002
837,664,1501,0.12264748802868378
847,668,1515,0.12270913073963591
842,664,1506,0.12274147242107122
843,667,1510,0.12278291462455063
836,677,1513,0.12282123930748423
829,682,1511,0.12287726857643559
823,678,1501,0.12294624715861645
830,679,1509,0.12302258244930958
830,680,1510,0.12307535191146879
821,686,1507,0.12312075643992071
813,685,1498,0.12318471518259931
820,686,1506,0.12326206283298163
815,685,1500,0.12332233956065117
812,685,1497,0.12338560667837235
818,685,1503,0.12345288060475657
816,687,1503,0.1234995840250798
818,683,1501,0.12355006610083691
817,680,1497,0.12359333072489523
824,685,1509,0.12363121980071728
826,679,1505,0.12365045504755226
816,676,1492,0.12366358641273027
818,672,1490,0.12369842418457296
811,674,1485,0.12372512200847212
801,681,1482,0.12376753367132527
812,676,1488,0.12382868444983447
810,673,1483,0.12385523240187223
801,680,1481,0.12388456163018916
806,682,1488,0.12393545018488282
803,690,1493,0.12397433927832485
803,695,1498,0.12401347969106087
810,694,1504,0.12405179260190291
806,692,1498,0.12406801130772623
809,688,1497,0.12409313927258828
809,689,1498,0.12411141495753286
822,695,1517,0.12412864239775136
817,697,1514,0.12411538391292137
817,702,1519,0.12411363309003395
817,699,1516,0.1241135127171442
802,701,1503,0.12411298040732138
806,704,1510,0.1241450674596129
811,710,1521,0.1241682798065866
819,709,1528,0.12418111382618134
812,698,1510,0.12417423455105368
810,703,1513,0.12418691367228188
811,705,1516,0.12420241767447784
796,702,1498,0.12421869780117731
797,698,1495,0.12427035897778821
804,705,1509,0.12431675166542437
797,700,1497,0.12434468266052054
803,692,1495,0.12438458582608938
817,700,1517,0.1244084129392866
800,701,1501,0.12439766718404385
797,698,1495,0.12442878412318661
802,699,1501,0.12446215372428274
813,707,1520,0.12448048674516997
811,707,1518,0.12447044336090687
808,707,1515,0.12446442441307806
809,706,1515,0.1244661638505583
814,704,1518,0.12446524409612757
811,707,1518,0.12445387244856455
804,700,1504,0.12445044150874089
812,688,1500,0.12446598698030996
804,704,1508,0.12446157933350552
800,710,1510,0.1244790877863585
795,714,1509,0.12450695492722817
793,703,1496,0.12453758939250736
795,707,1502,0.12457420702424883
793,709,1502,0.1246019347090647
803,704,1507,0.1246320791726142
808,701,1509,0.12463859613327123
807,703,1510,0.12463155104424128
808,702,1510,0.12462917836835576
801,704,1505,0.12462472629495189
809,697,1506,0.1246392876990018
798,699,1497,0.12463361026939776
800,705,1505,0.12465455646304839
796,707,1503,0.12466654317541596
799,707,1506,0.12468790605671945
793,701,1494,0.12470321752235691
799,702,1501,0.12472919563719767
789,710,1499,0.12474277111214402
789,727,1516,0.1247807328912117
774,718,1492,0.12481388696899329
780,713,1493,0.12488195381445323
770,716,1486,0.1249269661638835
776,720,1496,0.12499164339648941
775,715,1490,0.1250381211868689
766,729,1495,0.1250813124472402
762,733,1495,0.1251427137590284
775,733,1508,0.12521235736549385
783,734,1517,0.12524943870511543
769,736,1505,0.12526508038008008
768,739,1507,0.12531298984819375
764,737,1501,0.12536280482225098
752,748,1500,0.1254179228457705
748,747,1495,0.1254941163077906
749,750,1499,0.12557424348169857
750,756,1506,0.12564826926685138
749,751,1500,0.12571574893101975
750,749,1499,0.12578086341843486
751,750,1501,0.125839464010314
751,752,1503,0.12589352614888993
748,747,1495,0.12594492792921788
749,753,1502,0.12599895492792823
750,759,1509,0.12604466037792927
743,761,1504,0.12608602870129382
744,758,1502,0.12613939718700962
740,753,1493,0.12618498705569803
742,768,1510,0.12624080035346188
747,763,1510,0.12628989813646335
749,761,1510,0.1263204518465771
750,768,1518,0.12634293815847042
757,763,1520,0.12635961692465128
765,750,1515,0.12636046323293157
756,750,1506,0.12634362374384328
742,754,1496,0.12635025507130446
738,766,1504,0.12638776032116095
751,764,1515,0.12643184731208165
745,752,1497,0.1264436577079444
749,753,1502,0.1264697712025953
740,761,1501,0.12648587838992748
736,756,1492,0.12652171829959322
746,761,1507,0.12656185627006886
737,759,1496,0.12657119218088903
731,769,1500,0.126599869905085
725,763,1488,0.12664433864734076
723,772,1495,0.1266968980115804
739,775,1514,0.12675414916906416
726,775,1501,0.1267711188791808
727,778,1505,0.12681671451409804
725,765,1490,0.12685967286911268
733,760,1493,0.12689962288138446
731,755,1486,0.12691247354837024
734,761,1495,0.12692836693200196
734,755,1489,0.1269367736079145
735,757,1492,0.12694409681864383
743,764,1507,0.12695196948917112
746,769,1515,0.12693983252542884
736,766,1502,0.12692365731976735
733,778,1511,0.12692852050237935
733,779,1512,0.12694067318886745
728,776,1504,0.12695449044778848
725,774,1499,0.12698063483474287
726,780,1506,0.12701244976082016
725,781,1506,0.12704373113334896
715,791,1506,0.1270742206531052
715,789,1504,0.12712847616471007
713,794,1507,0.12718033054472425
709,791,1500,0.12723232005271767
705,795,1500,0.1272922277887761
705,794,1499,0.12735692651060285
709,794,1503,0.1274177697151129
711,801,1512,0.12746517683865455
701,806,1507,0.127502910653444
707,808,1515,0.12756199878244975
709,811,1520,0.12760200144623687
702,808,1510,0.12763768726974334
698,813,1511,0.12768868590382718
691,810,1501,0.12774446663752972
699,814,1513,0.12781461445792805
699,815,1514,0.12786402223943252
694,830,1524,0.1279119706401158
684,825,1509,0.12796912561546692
687,822,1509,0.1280473510571767
689,822,1511,0.12811308056596993
683,823,1506,0.12816937717160595
681,825,1506,0.12823522830246997
677,823,1500,0.1283033761955724
667,832,1499,0.12837718011408644
671,829,1500,0.1284701812564748
675,830,1505,0.12854501497670817
682,828,1510,0.12860503370676368
676,823,1499,0.12864320384068104
668,821,1489,0.12869537003527945
665,828,1493,0.1287655713629714
677,840,1517,0.12883850277288827
670,834,1504,0.12887912649177863
659,832,1491,0.12893204885821394
662,837,1499,0.1290067776056283
673,836,1509,0.1290698623939474
681,835,1516,0.12910520722693236
670,825,1495,0.12911547927435904
679,833,1512,0.1291486149089514
678,840,1518,0.1291608803653884
671,842,1513,0.12917466348010698
670,829,1499,0.12920267120879708
656,838,1494,0.12923370503262893
657,835,1492,0.12929235935167488
666,832,1498,0.129345513421127
659,824,1483,0.12937336179773462
664,835,1499,0.12941555071575528
663,849,1512,0.1294425709128104
662,854,1516,0.12947050655367143
665,861,1526,0.12950000157497424
654,858,1512,0.12952033494948212
660,858,1518,0.12956388926972578
655,844,1499,0.12959175298573394
650,849,1499,0.12962886667026574
652,851,1503,0.12967468945927257
657,848,1505,0.1297114378334717
655,855,1510,0.12973399034196853
662,849,1511,0.1297606367825363
660,848,1508,0.12976993544567997
647,851,1498,0.12978236818283892
646,852,1498,0.1298251091995673
643,855,1498,0.12986874385168296
643,852,1495,0.12991626824662772
653,855,1508,0.1299590065213309
654,858,1512,0.12997662303070404
651,854,1505,0.12999288738691145
653,859,1512,0.1300139824410757
656,853,1509,0.130031618337434
655,851,1506,0.130043165887127
651,857,1508,0.13005650270317592
645,852,1497,0.13007937694112393
648,851,1499,0.13011389079057967
646,862,1508,0.13013862597236295
639,861,1500,0.13016823380295672
648,863,1511,0.1302126947557757
640,855,1495,0.13022840047072315
641,859,1500,0.13026134369114062
649,858,1507,0.1302910595889505
645,860,1505,0.13029608031867307
636,860,1496,0.13030986305249923
647,867,1514,0.1303441230092119
644,865,1509,0.13035015439709577
646,869,1515,0.13036190847406168
646,866,1512,0.1303708065908356
653,864,1517,0.1303786912525075
646,863,1509,0.13037127088787823
650,867,1517,0.13037855869596549
644,871,1515,0.13037576433868278
634,857,1491,0.1303872998267523
635,863,1498,0.13042030906468496
623,871,1494,0.13045074416205232
633,873,1506,0.13050902743445175
626,873,1499,0.13053964549642982
628,878,1506,0.1305830201433783
638,888,1526,0.1306209528929397
637,880,1517,0.13063291861396892
642,880,1522,0.13064787517831264
629,885,1514,0.1306497726975952
627,883,1510,0.13068453658615048
625,889,1514,0.13072048676261983
624,884,1508,0.13075875384840863
624,881,1505,0.13079850605340432
620,883,1503,0.13083561033501276
610,887,1497,0.13088122220360385
607,889,1496,0.13094516519081856
609,898,1507,0.13101420701528518
605,898,1503,0.13107514442574747
607,900,1507,0.13114238693498168
610,896,1506,0.13120012442622322
613,905,1518,0.13124534150932682
623,903,1526,0.13128078510676663
627,890,1517,0.13129196163468262
619,886,1505,0.1312896813327756
613,888,1501,0.13130563498476264
609,898,1507,0.1313343065896939
614,909,1523,0.13137303842816528
604,906,1510,0.13139635995811294
599,910,1509,0.13144077246797958
599,907,1506,0.1314947148938844
602,917,1519,0.13154559300583227
602,910,1512,0.13158518661806115
600,917,1517,0.1316211775729387
595,917,1512,0.13166139118021442
594,925,1519,0.1317115392760873
592,920,1512,0.13176186335658965
597,927,1524,0.1318124970895613
598,939,1537,0.131848046915079
596,929,1525,0.13188051849625815
591,932,1523,0.1319151813118491
594,928,1522,0.13195800658757054
592,914,1506,0.13199017686438191
592,916,1508,0.1320252834469083
596,917,1513,0.13205791263948974
603,906,1509,0.13207922274257694
601,902,1503,0.13208135435675256
602,910,1512,0.13209012911746548
599,913,1512,0.13209686929909287
590,917,1507,0.13211302523980772
591,927,1518,0.13214998566351505
587,926,1513,0.1321814319316965
578,936,1514,0.13221859106365055
580,939,1519,0.13227316541072495
576,925,1501,0.13231923029074558
565,925,1490,0.1323722927276998
572,905,1477,0.13244638364643063
581,901,1482,0.13249877183202238
588,920,1508,0.13252300372629633
585,923,1508,0.13253061513345799
585,926,1511,0.13254344267335136
584,924,1508,0.13255596657517402
585,923,1508,0.13257101146323727
582,917,1499,0.13258267857611133
592,925,1517,0.13260028867639354
586,924,1510,0.13259043276687854
587,922,1509,0.13259529804865872
584,920,1504,0.132597591904576
579,926,1505,0.1326043999328004
579,931,1510,0.13262613463761824
579,926,1505,0.13264705656674802
569,931,1500,0.13266544560808644
576,930,1506,0.13270630166668465
580,937,1517,0.13272939492064226
577,936,1513,0.1327441611891363
571,938,1509,0.13276447228131733
562,937,1499,0.13279711917271697
565,951,1516,0.13284793353377833
572,953,1525,0.13288920234053866
570,954,1524,0.13291160165742247
564,936,1500,0.1329395104193545
563,933,1496,0.13298060172911078
570,942,1512,0.13302337590561789
566,947,1513,0.13304468119606644
555,942,1497,0.13307332668173313
552,944,1496,0.13312621656621051
555,945,1500,0.13318289364080743
559,951,1510,0.13322825541374414
560,951,1511,0.13326086209110424
555,958,1513,0.1332887406962826
553,952,1505,0.13332842850514998
555,953,1508,0.13337071393956665
554,949,1503,0.13340388178635607
545,944,1489,0.13343793399284
548,946,1494,0.13349035523173963
554,946,1500,0.13353004378430985
556,937,1493,0.1335500075861663
558,943,1501,0.13356118359144012
558,938,1496,0.13356759559217357
558,951,1509,0.13357560709731156
556,948,1504,0.1335874490617501
548,953,1501,0.13360506410355832
546,958,1504,0.13363973102641885
545,962,1507,0.13367406147653227
544,974,1518,0.13370774049051273
545,974,1519,0.13374235856068653
549,978,1527,0.13377416739538311
549,972,1521,0.13379489963463623
539,969,1508,0.13381154797171188
537,971,1508,0.1338490379253958
533,960,1493,0.13388862249286926
540,964,1504,0.13393605116608331
531,972,1503,0.13396571195869048
521,970,1491,0.13401592373360827
527,976,1503,0.13408701806511103
527,972,1499,0.13413856025904472
531,976,1507,0.13418763982051066
530,967,1497,0.1342239943203994
534,963,1497,0.13425852795062262
540,970,1510,0.13427990666689976
540,967,1507,0.13428548712942184
549,967,1516,0.13428876109369223
549,978,1527,0.1342700422064485
549,972,1521,0.13425617568814452
546,973,1519,0.13424379553641655
546,968,1514,0.13424103034904283
536,965,1501,0.13424029526949077
535,972,1507,0.13426294972121613
538,973,1511,0.1342855844476832
540,974,1514,0.13430000608402895
539,980,1519,0.1343063003665652
538,985,1523,0.1343138053674329
540,987,1527,0.1343260262702328
532,990,1522,0.1343325543928589
514,989,1503,0.134356885617201
520,998,1518,0.13442076581127366
522,999,1521,0.13446792328697424
517,992,1509,0.13450951995665184
518,991,1509,0.13455736967326815
517,990,1507,0.13460002920893346
528,988,1516,0.1346429282030684
524,980,1504,0.13465332540078617
516,983,1499,0.13467362153723259
520,994,1514,0.13471455138760904
519,990,1509,0.1347407553331377
515,983,1498,0.1347673052070396
514,990,1504,0.13480201930349847
517,1003,1520,0.1348370273329652
511,995,1506,0.13486198960437515
509,984,1493,0.13489937018731052
504,977,1481,0.1349374699613838
509,978,1487,0.134985036553489
508,988,1496,0.1350174008253813
511,1004,1515,0.13504972701917975
507,1013,1520,0.13507165568224078
503,1012,1515,0.13510147018844978
502,1020,1522,0.13514017913285728
493,1020,1513,0.13518079769234098
485,1025,1510,0.13524128843723018
492,1024,1516,0.13531484720425196
489,1033,1522,0.13536813664706474
489,1049,1538,0.135425342622403
484,1045,1529,0.13547944194553907
477,1044,1521,0.1355432107979333
479,1043,1522,0.13561934014661184
483,1043,1526,0.1356841999907849
482,1031,1513,0.13573855063324253
480,1044,1524,0.13579036255203591
476,1041,1517,0.1358431797949798
473,1045,1518,0.1359031083867542
465,1037,1502,0.13596413180773922
466,1034,1500,0.1360406622276782
463,1039,1502,0.1361094140751289
459,1049,1508,0.13617878897652755
454,1048,1502,0.1362542570916058
462,1052,1514,0.13633767354190943
462,1050,1512,0.13639361409399098
459,1049,1508,0.13644709052682413
454,1046,1500,0.13650374006541527
456,1053,1509,0.1365678709902878
448,1058,1506,0.13662494773825037
452,1071,1523,0.13669490685792038
450,1057,1507,0.1367517083827239
448,1053,1501,0.13681098939961042
447,1061,1508,0.13686923431053546
442,1066,1508,0.13692484720103137
441,1064,1505,0.13698810637867556
440,1059,1499,0.13705050776198802
449,1051,1500,0.13710889534614304
451,1041,1492,0.1371414026592851
449,1043,1492,0.13716878711041913
447,1045,1492,0.13719919785686455
448,1063,1511,0.13723080316021005
453,1064,1517,0.13725797655351848
456,1056,1512,0.1372705320291732
459,1062,1521,0.13727285079218585
458,1057,1515,0.13726990379960213
457,1067,1524,0.13727211583793622
455,1063,1518,0.13727626340634141
456,1067,1523,0.13728635100732223
453,1068,1521,0.13729273887720914
444,1067,1511,0.13730935804722466
442,1066,1508,0.13734799025568606
440,1069,1509,0.13739092521294996
439,1075,1514,0.1374333775380442
447,1081,1528,0.1374720714261036
444,1082,1526,0.13748918224875747
436,1086,1522,0.13751438196731094
429,1078,1507,0.13755612737369038
428,1074,1502,0.13761037472796495
423,1070,1493,0.13766426739486673
435,1079,1514,0.13772685885234406
429,1080,1509,0.1377586660389112
429,1072,1501,0.13780121714303387
426,1081,1507,0.13784107577836438
412,1082,1494,0.13788535529727633
415,1089,1504,0.13795756048164234
412,1095,1507,0.13801994045277294
414,1089,1503,0.13808491243487406
413,1109,1522,0.13813941766781349
414,1105,1519,0.13819393468136587
411,1102,1513,0.1382414917404528
414,1103,1517,0.13829261630570375
405,1105,1510,0.1383330199418449
406,1114,1520,0.13839299111805
410,1104,1514,0.1384481340313668
403,1103,1506,0.13849126799451703
406,1105,1511,0.13854767354268943
400,1120,1520,0.13859130824700214
398,1110,1508,0.13864715451875043
395,1117,1512,0.13870274063979962
399,1116,1515,0.13875959440268779
401,1112,1513,0.1388058988524659
404,1124,1528,0.13883896770770054
399,1120,1519,0.1388660754852234
400,1126,1526,0.13890477253053737
406,1121,1527,0.13893792632412275
409,1114,1523,0.13895476198009418
401,1112,1513,0.1389631160363912
405,1106,1511,0.1389905505667322
399,1100,1499,0.13900795725910206
396,1097,1493,0.13903822950303588
401,1107,1508,0.13907385507675465
400,1123,1523,0.1390945937856516
399,1120,1519,0.1391165678443809
397,1108,1505,0.139139997351811
384,1110,1494,0.13916744156371785
391,1121,1512,0.1392215905899237
384,1121,1505,0.13925717370625912
381,1118,1499,0.13930625427188517
388,1122,1510,0.13935912267672926
384,1125,1509,0.13939203705466563
389,1135,1524,0.13943424706321553
382,1130,1512,0.13945887950403169
378,1125,1503,0.1395003604009858
378,1131,1509,0.13955024901789026
370,1133,1503,0.13959371892114916
371,1147,1518,0.13965283491296243
367,1137,1504,0.13970546456884644
369,1142,1511,0.13976427023873084
380,1143,1523,0.13981483471390901
375,1134,1509,0.13983602665206565
370,1140,1510,0.13986651390037444
362,1143,1505,0.13990374740775732
357,1135,1492,0.1399568928287969
361,1133,1494,0.14001734763747697
359,1126,1485,0.14006597371504756
362,1140,1502,0.14011673602462524
361,1150,1511,0.1401591137546411
359,1149,1508,0.14020129966106573
363,1137,1500,0.1402477030942154
364,1139,1503,0.1402803965116394
362,1143,1505,0.14030722146129038
351,1151,1502,0.1403364990083956
349,1150,1499,0.14038811390598102
346,1142,1488,0.14044195016579994
350,1139,1489,0.14049951876033173
351,1152,1503,0.14054569642536993
352,1158,1510,0.14058432175507105
351,1165,1516,0.1406161530980507
356,1153,1509,0.14064862419158064
354,1148,1502,0.14066737952968147
346,1158,1504,0.1406897034539182
342,1145,1487,0.14073110729636543
338,1170,1508,0.14078052202126284
334,1177,1511,0.14083478989705842
335,1176,1511,0.14089546226238617
329,1187,1516,0.1409482998979537
331,1178,1509,0.1410131777711576
333,1177,1510,0.1410717205010296
335,1169,1504,0.1411216623491509
332,1167,1499,0.14116453996084444
330,1177,1507,0.1412117275527742
337,1183,1520,0.14126047488845184
326,1177,1503,0.14128886119006667
328,1171,1499,0.14134001006135047
333,1186,1519,0.14138175952523988
328,1186,1514,0.1414092158557082
322,1180,1502,0.14144687088811594
332,1171,1503,0.14149665158857697
328,1178,1506,0.14151980406048728
328,1183,1511,0.14155233899185518
331,1164,1495,0.14158504163777574
331,1175,1506,0.14160673752769867
332,1181,1513,0.1416273637305557
332,1167,1499,0.14164473510742964
335,1173,1508,0.14166027648378388
333,1166,1499,0.1416681776621822
331,1168,1499,0.14168150947790184
336,1180,1516,0.14169585761387654
334,1171,1505,0.14169563247258007
325,1180,1505,0.1417021384489799
328,1173,1501,0.1417290033366759
335,1169,1504,0.14174847864330223
341,1170,1511,0.14174864115310493
338,1167,1505,0.14173426134911132
331,1170,1501,0.14172792670984338
328,1157,1485,0.14173783500771084
337,1157,1494,0.1417538077355705
338,1171,1509,0.14174419658691786
337,1176,1513,0.14173526545537904
336,1170,1506,0.14173042189796387
338,1171,1509,0.14172830791332808
337,1168,1505,0.14172158926738462
338,1167,1505,0.141719961690567
338,1178,1516,0.1417144820346241
340,1173,1513,0.14171028281258374
331,1178,1509,0.1417021918606709
325,1186,1511,0.14171500798082529
327,1190,1517,0.1417428907438861
334,1180,1514,0.14176479086729887
333,1180,1513,0.1417651081116439
332,1178,1510,0.14176953396629763
330,1187,1517,0.14177854672146092
324,1184,1508,0.14179225110387988
322,1186,1508,0.14181950961112771
330,1186,1516,0.14184908038206057
330,1185,1515,0.14185481696911037
325,1194,1519,0.14185979033471882
321,1190,1511,0.14187833119696375
316,1190,1506,0.14190284311397966
316,1191,1507,0.14194029977470202
317,1197,1514,0.14197572724827914
321,1208,1529,0.1420074141100702
319,1203,1522,0.14202755972497147
316,1200,1516,0.14204968200013848
316,1203,1519,0.14207801603581963
323,1210,1533,0.14210490604474393
322,1196,1518,0.14211233650703803
319,1203,1522,0.14212201941134694
320,1203,1523,0.14213931040864924
320,1200,1520,0.14215370966879246
319,1202,1521,0.14216567991349327
323,1203,1526,0.14218126760638078
315,1189,1504,0.14218340662464485
312,1202,1514,0.14220444245502586
308,1205,1513,0.14223196267829902
308,1209,1517,0.14226615753242394
306,1204,1510,0.14229622257873825
314,1194,1508,0.1423310384549812
309,1197,1506,0.1423429175860535
315,1192,1507,0.14236648361744517
315,1185,1500,0.14237568509903611
312,1190,1502,0.1423858692295872
313,1191,1504,0.14240330977432608
316,1195,1511,0.1424188947334428
306,1200,1506,0.14242855139331292
300,1208,1508,0.1424612745850996
299,1201,1500,0.14250576846471705
303,1212,1515,0.1425477084322351
304,1216,1520,0.14257755065376368
304,1205,1509,0.14260215646212407
303,1200,1503,0.14262555405547647
298,1205,1503,0.14265032220851176
296,1205,1501,0.14268658994878236
292,1203,1495,0.14272358757511922
287,1223,1510,0.14276754378086007
290,1226,1516,0.14282000226130648
288,1214,1502,0.1428627128828236
292,1230,1522,0.14290865338588446
294,1225,1519,0.14294329876647588
292,1225,1517,0.14296945699918184
295,1231,1526,0.14299960736317663
292,1232,1524,0.14302022724924965
290,1207,1497,0.1430470825496898
288,1207,1495,0.14307784409445548
286,1217,1503,0.14311176947852744
292,1209,1501,0.14314924452193686
287,1214,1501,0.1431689021119345
274,1222,1496,0.1432003451549843
271,1226,1497,0.14326047045175652
268,1225,1493,0.14332440343448621
267,1232,1499,0.1433911170856873
271,1224,1495,0.1434544594935689
270,1226,1496,0.1435045484884174
272,1232,1504,0.14355484644797048
274,1246,1520,0.14359544086870668
273,1248,1521,0.14362862982140412
270,1253,1523,0.14366206968564832
269,1246,1515,0.14370216271832092
273,1249,1522,0.1437416973135415
274,1267,1541,0.14376629035366367
273,1271,1544,0.14378756406461263
268,1267,1535,0.14381034719382005
263,1274,1537,0.14384459090007962
266,1262,1528,0.14388874652872294
256,1250,1506,0.14392380590477394
252,1254,1506,0.14398028401487883
251,1251,1502,0.1440430488209189
254,1256,1510,0.1441048804225804
247,1268,1515,0.14415580086729046
244,1268,1512,0.14421832168984852
236,1276,1512,0.1442839067962504
245,1266,1511,0.14436233792582492
245,1264,1509,0.14441179596143208
246,1263,1509,0.14445746888655508
243,1267,1510,0.14449795461880646
249,1263,1512,0.14454241215495045
250,1259,1509,0.1445701324197643
245,1261,1506,0.14459396823628082
248,1268,1516,0.14462729459297516
243,1265,1508,0.14465184416069965
236,1278,1514,0.14468757308878819
239,1270,1509,0.14473830316872902
238,1269,1507,0.1447767463419528
235,1262,1497,0.1448160200060501
235,1271,1506,0.1448610488867033
240,1275,1515,0.14490223605877736
240,1268,1508,0.14492898442915386
242,1266,1508,0.14495520676273493
241,1261,1502,0.14497286746581714
242,1275,1517,0.1449901410121978
241,1275,1516,0.1450044106100275
241,1272,1513,0.14501910683052852
246,1273,1519,0.14503427648417105
249,1283,1532,0.14503674682582207
246,1275,1521,0.14503352541130923
252,1265,1517,0.14503715607114706
248,1276,1524,0.1450269393306538
244,1275,1519,0.1450271169697273
242,1277,1519,0.14503746721323732
240,1275,1515,0.14505269110276464
236,1273,1509,0.14507170601724562
235,1264,1499,0.14509935617961328
241,1266,1507,0.14512817902832492
246,1268,1514,0.14514078903026384
243,1275,1518,0.14514027558289067
245,1274,1519,0.14514664393367854
243,1278,1521,0.14514714810023682
245,1262,1507,0.14515128499193902
245,1260,1505,0.14514857753294266
244,1269,1513,0.14514662133817402
241,1276,1517,0.1451463566109561
241,1287,1528,0.145153279949207
239,1288,1527,0.1451596087784316
245,1283,1528,0.14517093245465384
240,1284,1524,0.1451656488407482
246,1283,1529,0.14517371505708937
244,1266,1510,0.14516771575022758
243,1265,1508,0.14516517802475737
248,1274,1522,0.14516434752102575
251,1276,1527,0.1451524738310136
248,1280,1528,0.14513416726683737
243,1286,1529,0.14512272422780909
242,1272,1514,0.14512492038219044
241,1276,1517,0.14512997215548776
240,1284,1524,0.14513508744691367
244,1285,1529,0.14514237642670216
240,1284,1524,0.1451418694637996
244,1284,1528,0.14515143993730878
240,1286,1526,0.14515158791007615
241,1286,1527,0.14516081771968037
239,1282,1521,0.14516827409083596
232,1288,1520,0.14517918801270574
235,1285,1520,0.14520561679748112
229,1292,1521,0.1452230319029896
224,1299,1523,0.14525496441630376
225,1301,1526,0.1452973572064359
228,1292,1520,0.1453339340859549
226,1299,1525,0.1453608450703867
223,1295,1518,0.14539063027813748
222,1288,1510,0.1454250777745034
227,1287,1514,0.14546026360617442
229,1277,1506,0.14548254896658283
226,1285,1511,0.14550082027541036
224,1289,1513,0.14552098909577743
229,1285,1514,0.14554325028381654
228,1278,1506,0.14555029239645503
233,1283,1516,0.14555931403525696
232,1277,1509,0.14555530191023766
227,1285,1512,0.1455522994340129
227,1292,1519,0.14556186209462507
233,1280,1513,0.14557057871234444
231,1277,1508,0.1455641573461715
229,1282,1511,0.14556379331058975
227,1287,1514,0.1455713292397416
228,1279,1507,0.14558110803248453
227,1293,1520,0.14559032898138832
226,1288,1514,0.14559918657023968
229,1287,1516,0.1456085824790668
227,1287,1514,0.1456097621895987
225,1276,1501,0.14561470857763897
232,1272,1504,0.14562644823993623
232,1262,1494,0.14561948326057528
228,1268,1496,0.14561140273691367
229,1266,1495,0.14561457815110754
232,1272,1504,0.14561572124353087
226,1279,1505,0.14560660975961554
227,1292,1519,0.145613402724214
226,1283,1509,0.1456195992850024
222,1279,1501,0.1456251011533842
220,1292,1512,0.1456405952972042
225,1290,1515,0.14565956687009052
220,1287,1507,0.14566691658528055
223,1283,1506,0.14568531191943102
227,1282,1509,0.1456955411969814
225,1284,1509,0.14569593213071774
223,1282,1505,0.14570172243457177
222,1269,1491,0.14571125503181548
224,1276,1500,0.14572100047009434
225,1277,1502,0.14572515020538593
224,1278,1502,0.1457277566007594
220,1285,1505,0.1457343144429421
225,1295,1520,0.14574968250003845
221,1304,1525,0.14575177829672953
219,1299,1518,0.14576442412826385
220,1308,1528,0.14578168098912875
219,1307,1526,0.14579627575665324
216,1303,1519,0.1458120788087366
214,1298,1512,0.14583337286509881
206,1302,1508,0.14585966390323304
207,1316,1523,0.1459023648882064
205,1302,1507,0.14594035043832862
204,1293,1497,0.1459818121247151
209,1306,1515,0.1460219384963894
206,1316,1522,0.14604508422210777
209,1319,1528,0.14607493333777677
210,1311,1521,0.1460977763792177
215,1316,1531,0.14611557855862592
213,1312,1525,0.14611849896933993
216,1309,1525,0.1461276137640672
215,1296,1511,0.1461268488522921
219,1303,1522,0.14612773764936451
216,1305,1521,0.1461197489039537
216,1303,1519,0.1461179069796614
219,1283,1502,0.14611889060292252
222,1300,1522,0.14610961376714002
223,1300,1523,0.1460961153272313
216,1307,1523,0.14608204363471475
209,1310,1519,0.14608607428514273
215,1298,1513,0.14610502918124474
210,1310,1520,0.1461095847126779
213,1308,1521,0.14612584308369958
212,1312,1524,0.14613421213647987
213,1316,1529,0.14614435239030002
218,1301,1519,0.14615335818280137
221,1309,1530,0.14614964186133148
215,1301,1516,0.1461390266059819
213,1300,1513,0.14614266054099156
211,1309,1520,0.1461501885251603
210,1304,1514,0.1461634808075778
210,1313,1523,0.14618007162895622
207,1304,1511,0.14619576757015143
204,1301,1505,0.14621851164269425
209,1295,1504,0.14624638881963561
202,1311,1513,0.14625960169988766
200,1319,1519,0.14628794028188175
204,1313,1517,0.1463179786087077
198,1305,1503,0.14633727808599037
201,1302,1503,0.14636744569209545
197,1304,1501,0.1463861787777553
197,1310,1507,0.14641365386935365
199,1308,1507,0.14644130575620073
196,1309,1505,0.14646032024580552
194,1320,1514,0.14648564872850448
194,1306,1500,0.1465133817446247
197,1323,1520,0.14653728606799216
201,1319,1520,0.1465525119059958
202,1311,1513,0.14655693469838715
199,1320,1519,0.1465582319224506
197,1324,1521,0.1465678784398705
195,1322,1517,0.14658333048340086
194,1325,1519,0.14660459602602516
190,1322,1512,0.14662675350131515
191,1320,1511,0.14665673688440267
190,1322,1512,0.14668434426972454
185,1318,1503,0.14671392406989942
184,1335,1519,0.14675280241569666
182,1344,1526,0.1467932109433834
182,1333,1515,0.14683424360430342
178,1342,1520,0.14687255977537686
181,1345,1526,0.1469183936182215
179,1347,1526,0.1469518652171415
177,1351,1528,0.1469879114780626
174,1337,1511,0.1470263425091901
176,1343,1519,0.1470700785549908
174,1341,1515,0.14710642057817225
181,1346,1527,0.14714355675318358
178,1333,1511,0.14716009037613806
178,1344,1522,0.1471839496585471
182,1334,1516,0.14720614645374056
184,1335,1519,0.14721719374116657
180,1352,1532,0.14722299800953292
178,1354,1532,0.1472386332388073
172,1352,1524,0.14725762814407936
174,1348,1522,0.147289739636389
173,1339,1512,0.14731633342850048
172,1345,1517,0.14734332337094938
177,1344,1521,0.14737148451910456
178,1330,1508,0.14738549066954557
175,1331,1506,0.14739615391426664
178,1337,1515,0.14741374961516296
175,1346,1521,0.1474234189252316
177,1351,1528,0.14743952769453592
173,1348,1521,0.14744743402554833
171,1338,1509,0.14746328962303681
169,1333,1502,0.14748304903465084
172,1332,1504,0.14750620798758
169,1333,1502,0.147522042273678
163,1340,1503,0.1475434412040026
166,1342,1508,0.14757747857525402
167,1347,1514,0.14759989108022853
165,1346,1511,0.14761940614652883
165,1341,1506,0.14764240141740978
167,1339,1506,0.14766418595559608
166,1339,1505,0.14768092695699514
159,1349,1508,0.14769917958184017
156,1340,1496,0.14773330733875786
154,1350,1504,0.14777272973492053
157,1340,1497,0.147813803564672
157,1332,1489,0.14784381258545579
160,1336,1496,0.14787069979050269
159,1344,1503,0.14788917529386497
155,1335,1490,0.14790993261245938
155,1342,1497,0.14793932229536128
157,1343,1500,0.14796833385293282
160,1344,1504,0.14798982151613188
159,1354,1513,0.14800053717301126
158,1360,1518,0.14801364506697343
157,1351,1508,0.14802869942314215
159,1355,1514,0.14804567620837333
163,1343,1506,0.14805583625240812
159,1347,1506,0.14805597819345745
162,1346,1508,0.14806433350086223
160,1350,1510,0.14806501925389418
163,1364,1527,0.1480715533889234
159,1356,1515,0.14807157972681192
158,1355,1513,0.14808076166538878
158,1366,1524,0.14809260811132577
155,1375,1530,0.14810234795945332
151,1365,1516,0.148116962403402
151,1363,1514,0.148140894716458
152,1372,1524,0.14816446439617376
151,1367,1518,0.14818597376686843
149,1363,1512,0.14820798056283188
151,1366,1517,0.14823462127434303
149,1367,1516,0.1482526722084441
144,1370,1514,0.1482765841887732
141,1365,1506,0.1483108421787387
137,1370,1507,0.1483506172489945
136,1383,1519,0.14839748768611674
131,1381,1512,0.1484426437616983
129,1376,1505,0.1484974029246195
127,1382,1509,0.14855317536078533
126,1385,1511,0.14861022290225012
126,1389,1515,0.14866603611682994
124,1386,1510,0.14871832759791812
127,1379,1506,0.14877089953745487
125,1393,1518,0.1488122137163816
123,1390,1513,0.14885592274283238
131,1401,1532,0.14890141005344137
128,1386,1514,0.14892477101144563
126,1389,1515,0.14895384579077978
134,1382,1516,0.14898455518828502
133,1377,1510,0.14899438977104768
133,1384,1517,0.1490058980004779
135,1388,1523,0.1490178602838938
128,1380,1508,0.14902487980532952
127,1379,1506,0.149048943356806
125,1390,1515,0.14907245351220155
129,1395,1524,0.14909999709298907
126,1383,1509,0.14911549877588953
128,1378,1506,0.149137086140763
128,1390,1518,0.14915304380480263
128,1401,1529,0.14916713510913707
124,1401,1525,0.14918034581762757
126,1400,1526,0.14920039784187927
122,1399,1521,0.14921252590952125
124,1397,1521,0.1492349127252842
121,1388,1509,0.1492515635803538
122,1394,1516,0.1492735948993869
117,1389,1506,0.14929268098330567
121,1392,1513,0.14932162916327166
120,1396,1516,0.14934053440046213
120,1393,1513,0.1493612323911166
122,1395,1517,0.1493818948623706
122,1390,1512,0.14939612338661878
120,1379,1499,0.14940988472800742
120,1382,1502,0.14942640303769902
120,1385,1505,0.14944210913536696
117,1400,1517,0.14945752694958914
113,1410,1523,0.14947969513247317
115,1412,1527,0.1495105000647386
112,1405,1517,0.14953459384417375
114,1407,1521,0.14956382467426876
113,1393,1506,0.14958718346841876
110,1387,1497,0.1496108161457747
111,1398,1509,0.14963973345630371
115,1405,1520,0.1496641931105793
117,1409,1526,0.14967847026336248
120,1417,1537,0.14968675596252878
118,1412,1530,0.1496849534232459
114,1401,1515,0.14968742386762443
113,1399,1512,0.14969920525653624
114,1409,1523,0.14971282059207108
115,1403,1518,0.14972300517410045
118,1380,1498,0.14972822255923607
118,1389,1507,0.14972776323781692
117,1398,1515,0.14972809794098915
117,1386,1503,0.1497299597940941
123,1384,1507,0.14973221766057673
124,1385,1509,0.14971957097304786
125,1390,1515,0.14970675320413232
123,1381,1504,0.14969189885108278
129,1386,1515,0.14968411907162957
128,1376,1504,0.14966063502176344
128,1363,1491,0.14964163047565024
126,1374,1500,0.1496233652831337
125,1361,1486,0.14961181846964405
125,1361,1486,0.14960385894069114
124,1369,1493,0.1495951583416685
127,1362,1489,0.1495904899718009
126,1375,1501,0.1495767256634822
127,1385,1512,0.1495667129353293
127,1373,1500,0.1495550591075948
129,1373,1502,0.14954476328123295
130,1361,1491,0.1495306194309325
133,1366,1499,0.1495154790786094
130,1376,1506,0.14949221320066722
130,1376,1506,0.14947928101838437
128,1387,1515,0.14946581427954256
126,1390,1516,0.1494579732647219
126,1386,1512,0.1494570313043008
124,1401,1525,0.1494546176595366
126,1388,1514,0.14945763143726837
123,1390,1513,0.14945485281071197
128,1385,1513,0.14946066470658337
129,1381,1510,0.14945273416382418
129,1373,1502,0.14944227679323702
126,1373,1499,0.14943213592296825
127,1391,1518,0.1494305009934377
128,1384,1512,0.1494275602806692
123,1381,1504,0.14942394628563943
122,1393,1515,0.1494323086763495
125,1398,1523,0.14944204243333054
124,1394,1518,0.14944323598213696
127,1394,1521,0.1494466833423949
129,1387,1516,0.1494439869466451
125,1393,1518,0.14943706658381256
128,1378,1506,0.149440365340916
126,1381,1507,0.1494368951420979
127,1375,1502,0.1494391802732089
126,1391,1517,0.14943810290987147
126,1390,1516,0.14944031336875355
121,1384,1505,0.14944336247141826
119,1380,1499,0.1494583238504799
112,1381,1493,0.14947561495931974
115,1388,1503,0.14950823470090147
114,1400,1514,0.14953159395798402
112,1405,1517,0.1495563346552065
114,1404,1518,0.1495839517200385
110,1386,1496,0.14960600109733632
104,1385,1489,0.14963619831576622
102,1378,1480,0.14967836915820953
103,1387,1490,0.149721789347128
102,1390,1492,0.14975924762321796
105,1393,1498,0.14979526390761186
105,1400,1505,0.14982112539629155
105,1414,1519,0.14984409759846298
108,1418,1526,0.14986727797318722
108,1420,1528,0.14988158472858262
106,1427,1533,0.1498942727975066
104,1427,1531,0.14991085543761165
102,1408,1510,0.1499317492256624
102,1406,1508,0.14995713128341234
101,1415,1516,0.14998066298063067
98,1391,1489,0.15000592174499588
100,1405,1505,0.15003703075597122
97,1395,1492,0.1500611492385259
96,1409,1505,0.1500903072080113
93,1411,1504,0.15012123984311745
95,1412,1507,0.1501575248715604
95,1420,1515,0.15018711816303845
95,1419,1514,0.1502144258125117
99,1409,1508,0.15023976883399576
101,1400,1501,0.15025214596103711
101,1395,1496,0.15025650712693378
102,1405,1507,0.15026103501690366
101,1411,1512,0.15026294919350883
102,1396,1498,0.15026727847784746
102,1408,1510,0.1502701716849597
101,1426,1527,0.15027260247632657
102,1422,1524,0.15027710577167852
101,1415,1516,0.1502792360255076
102,1418,1520,0.15028482566262027
103,1413,1516,0.1502880807458858
101,1411,1512,0.1502891317238671
101,1412,1513,0.15029448811821286
100,1429,1529,0.15029911510518354
100,1428,1528,0.1503072823650686
98,1438,1536,0.15031593842609514
98,1425,1523,0.1503282903541244
97,1429,1526,0.1503395680802378
95,1423,1518,0.15035171542058678
95,1432,1527,0.15036818999384818
94,1420,1514,0.1503834850918591
95,1418,1513,0.15040128360279606
90,1433,1523,0.15041446532435118
92,1419,1511,0.1504385067245746
93,1415,1508,0.15045638926665508
92,1420,1512,0.15047179209980965
95,1432,1527,0.15048898319062876
98,1433,1531,0.1504989814207013
98,1429,1527,0.1504997384273412
95,1426,1521,0.15050139025993428
91,1425,1516,0.15051031510253543
93,1425,1518,0.15052763153885357
91,1430,1521,0.1505367516881405
89,1437,1526,0.15055061704833966
91,1426,1517,0.15056898422871387
94,1417,1511,0.15058084764800658
94,1429,1523,0.15058509138634224
95,1435,1530,0.15058946293522077
98,1434,1532,0.15059095071005868
96,1431,1527,0.15058508518691702
93,1421,1514,0.1505849528981476
93,1413,1506,0.15059289142271448
94,1415,1509,0.1506000104678315
92,1414,1506,0.15060328745057436
90,1417,1507,0.15061134040838792
91,1407,1498,0.15062421707409815
93,1408,1501,0.1506338144074337
94,1413,1507,0.15063794256426277
91,1434,1525,0.15063892174268187
90,1432,1522,0.15064726642594398
90,1438,1528,0.15065759012799695
91,1433,1524,0.15066687875338658
92,1416,1508,0.15067417177747974
92,1427,1519,0.1506786544784732
92,1437,1529,0.15068227614592117
90,1430,1520,0.15068486792388708
90,1431,1521,0.15069288213870757
90,1423,1513,0.1507010854735592
90,1417,1507,0.15070863624384154
87,1424,1511,0.1507151504853401
87,1429,1516,0.1507284059279971
88,1434,1522,0.15074154475495274
91,1438,1529,0.15075072426848993
90,1431,1521,0.1507514114393535
91,1435,1526,0.15075481144346337
94,1430,1524,0.15075560741140978
95,1445,1540,0.1507475007327618
98,1448,1546,0.15073650843437578
97,1444,1541,0.15071807262528075
95,1432,1527,0.15070241895456452
98,1429,1527,0.15069236010512108
99,1427,1526,0.1506759717252053
100,1426,1526,0.15065959324351444
96,1414,1510,0.15064222928770468
96,1416,1512,0.15063629557737046
95,1429,1524,0.1506317928491826
94,1433,1527,0.15063029191552177
95,1420,1515,0.15063202015990662
94,1422,1516,0.15063116868411866
92,1421,1513,0.15063332093886958
93,1415,1508,0.15064044995106926
93,1428,1521,0.15064380980440528
95,1437,1532,0.15064723813566694
97,1423,1520,0.15064577345448582
98,1410,1508,0.15063790136722424
99,1407,1506,0.15062897762560404
101,1397,1498,0.15061718578285663
101,1402,1503,0.15060112889877425
96,1412,1508,0.15058526580204729
98,1402,1500,0.15058297708708543
97,1408,1505,0.1505761412852667
96,1414,1510,0.1505721560444956
95,1425,1520,0.1505712755281801
95,1417,1512,0.15057178230077695
94,1418,1512,0.1505708299240273
93,1416,1509,0.1505728022266272
93,1411,1504,0.15057600990439568
92,1426,1518,0.1505800575878816
93,1428,1521,0.15058663205192743
93,1421,1514,0.1505897352708749
96,1420,1516,0.15059372055925477
95,1412,1507,0.1505904979596343
91,1424,1515,0.15059069101738165
91,1433,1524,0.15060126833544207
88,1433,1521,0.15061108335039783
89,1452,1541,0.15062779390229117
87,1446,1533,0.15063959363321924
88,1427,1515,0.15065607825085
88,1427,1515,0.15066896997141474
86,1427,1513,0.15068074601092718
91,1423,1514,0.15069745074007077
91,1431,1522,0.15070083900777498
89,1432,1521,0.1507049970616111
90,1439,1529,0.1507120938758596
90,1432,1522,0.15071647726401774
89,1429,1518,0.15072016098848004
91,1423,1514,0.15072618216257044
91,1432,1523,0.15072492255851003
90,1432,1522,0.15072499103690634
87,1429,1516,0.15072653536767938
85,1425,1510,0.15073456428829554
92,1412,1504,0.1507464351898683
92,1404,1496,0.15074104989133766
94,1415,1509,0.15073710340377505
92,1407,1499,0.15072974185683047
92,1415,1507,0.15072781988593248
91,1407,1498,0.15072665522867168
92,1419,1511,0.15072810631834035
90,1419,1509,0.15072642512560208
89,1403,1492,0.15073001473775066
91,1418,1509,0.15073651251858405
88,1435,1523,0.15073858676111676
86,1420,1506,0.15074803835987854
87,1429,1516,0.15076105001096363
89,1431,1520,0.15077174040126018
88,1437,1525,0.15077667684149845
87,1436,1523,0.15078409105970497
86,1444,1530,0.15079422089817757
85,1439,1524,0.15080664128715277
86,1433,1519,0.1508210716334908
85,1438,1523,0.1508314191854422
81,1438,1519,0.15084278924330755
80,1448,1528,0.15086287448660812
78,1443,1521,0.15088346831287125
79,1446,1525,0.150906940769174
76,1432,1508,0.15092722140391657
76,1427,1503,0.15095340603128593
78,1431,1509,0.15097748965085242
76,1427,1503,0.1509937595821249
77,1434,1511,0.1510120595317207
79,1449,1528,0.1510245757520298
80,1446,1526,0.15103323146244668
77,1444,1521,0.15103917812826398
78,1436,1514,0.15105223185630856
76,1439,1515,0.15106250224343262
76,1442,1518,0.1510782094321402
78,1442,1520,0.15109304035775672
76,1437,1513,0.15110127282282623
76,1441,1517,0.15111413676558483
76,1435,1511,0.15112583770280197
78,1427,1505,0.15113646801735123
75,1431,1506,0.15114184859428573
75,1434,1509,0.15115384321740483
74,1446,1520,0.15116574423941265
78,1436,1514,0.15118032166173923
80,1434,1514,0.15118363881643218
81,1436,1517,0.1511826825830793
80,1429,1509,0.15117933422175014
79,1411,1490,0.15117854517428492
76,1424,1500,0.1511808002935858
73,1444,1517,0.1511901434052088
73,1433,1506,0.15120580519411045
70,1442,1512,0.15122101764420018
71,1450,1521,0.15124284054465734
72,1449,1521,0.15126110246052893
70,1455,1525,0.1512762933585404
67,1437,1504,0.15129433233690637
65,1443,1508,0.15131800759721004
65,1431,1496,0.15134503666330765
67,1438,1505,0.15136779013138263
67,1431,1498,0.15138409279122783
67,1426,1493,0.1513991372765922
70,1425,1495,0.151412632639663
69,1441,1510,0.1514177128922723
69,1441,1510,0.15142508148753683
68,1450,1518,0.15143265561305758
68,1443,1511,0.1514414556777217
70,1448,1518,0.15145027155943908
68,1444,1512,0.1514532027590189
63,1437,1500,0.1514612701644467
64,1440,1504,0.15148076591009152
65,1437,1502,0.15149547209974096
68,1442,1510,0.15150529227169848
72,1444,1516,0.15150798282342015
73,1438,1511,0.1515003716943084
75,1442,1517,0.15149044119947244
72,1440,1512,0.15147759612200462
71,1437,1508,0.15147356422662492
69,1431,1500,0.1514732529537638
67,1436,1503,0.15147816803362243
66,1447,1513,0.15148792449958645
67,1465,1532,0.15150013182096767
67,1462,1529,0.15150790972389383
70,1472,1542,0.15151538879090345
68,1461,1529,0.15151549492681227
68,1446,1514,0.15152080607265372
71,1449,1520,0.1515255091591438
69,1453,1522,0.1515228274174658
69,1442,1511,0.15152536019413262
66,1450,1516,0.15152850710210397
66,1453,1519,0.15153862373185628
67,1440,1507,0.15154775540027451
66,1446,1512,0.15155373609980963
63,1445,1508,0.15156255224132645
64,1440,1504,0.15157801503453883
66,1431,1497,0.1515904706370255
65,1441,1506,0.1515961546221976
65,1436,1501,0.15160354579756646
67,1439,1506,0.15160872155739347
65,1465,1530,0.1516091030366482
64,1459,1523,0.15161461434220505
66,1442,1508,0.15162271918328796
65,1437,1502,0.15162469111711488
66,1430,1496,0.1516293412026658
67,1431,1498,0.15163038760764144
69,1426,1495,0.15163006854504352
67,1436,1503,0.151625973492631
71,1429,1500,0.1516252547436326
70,1443,1513,0.15161337601539285
70,1458,1528,0.15160550618260646
68,1459,1527,0.15159806406668527
71,1460,1531,0.1515962035286315
71,1437,1508,0.15158661895133402
70,1436,1506,0.15157808974805265
72,1445,1517,0.1515727097611457
71,1437,1508,0.151563314674512
72,1431,1503,0.15155722327800408
73,1425,1498,0.15154972077445233
71,1436,1507,0.1515381760990077
70,1445,1515,0.15153280930566992
69,1451,1520,0.15152986748309477
72,1454,1526,0.15153011120441418
70,1459,1529,0.1515221711719466
73,1452,1525,0.15151967596625318
74,1457,1531,0.15151078551851402
73,1449,1522,0.15149994572386272
74,1456,1530,0.15149334501234904
73,1454,1527,0.15148379707085985
77,1460,1537,0.15147779986807508
77,1445,1522,0.1514624896483674
74,1453,1527,0.15144752157055646
74,1445,1519,0.1514420548230887
72,1455,1527,0.15143825118975535
71,1459,1530,0.1514398477483946
72,1458,1530,0.15144422045210945
74,1463,1537,0.1514457246720494
74,1449,1523,0.15144233589307857
74,1445,1519,0.1514396842050051
71,1446,1517,0.15143790523508127
70,1446,1516,0.151443783006241
69,1437,1506,0.15145159631505195
70,1432,1502,0.15146164374465323
73,1430,1503,0.15146773323665427
71,1437,1508,0.15146507914738347
71,1442,1513,0.15146773650811313
72,1448,1520,0.15147081796547626
70,1429,1499,0.15147003300498002
70,1442,1512,0.15147435611223356
70,1446,1516,0.1514786978695732
71,1455,1526,0.15148249530720492
70,1453,1523,0.15148426284330074
70,1449,1519,0.1514876055247835
68,1446,1514,0.15149019425380114
69,1441,1510,0.1514979287846034
72,1451,1523,0.15150359346621126
73,1442,1515,0.151502086946505
72,1452,1524,0.15149737048876577
71,1452,1523,0.1514958368315792
70,1457,1527,0.1514974642475495
68,1453,1521,0.15150178610498877
68,1458,1526,0.15151074182711946
68,1460,1528,0.15151862780904987
70,1451,1521,0.15152650727364939
74,1444,1518,0.15152688811390402
75,1437,1512,0.1515170685489382
75,1430,1505,0.1515063354240122
74,1449,1523,0.15149693885767512
77,1447,1524,0.151490267354652
73,1463,1536,0.151475440079455
76,1448,1524,0.15147271454480696
72,1443,1515,0.151460855464154
71,1440,1511,0.15145913752648638
74,1440,1514,0.15145925641933156
73,1430,1503,0.1514528795214199
75,1437,1512,0.15145062500585948
75,1435,1510,0.15144353605165795
76,1430,1506,0.15143775892077224
78,1445,1523,0.15142780752738652
74,1444,1518,0.15141480643500574
74,1451,1525,0.151412311652941
74,1466,1540,0.15141038897518655
72,1472,1544,0.1514092262961707
71,1464,1535,0.15141358188873977
69,1453,1522,0.15141985272258224
73,1453,1526,0.15143122527333863
73,1444,1517,0.15143048406247012
71,1430,1501,0.15142948757266017
72,1445,1517,0.15143403290994173
72,1431,1503,0.1514355949758927
71,1433,1504,0.15143849075900812
70,1442,1512,0.151444014066896
70,1437,1507,0.15145122317538867
71,1441,1512,0.15145768737377735
67,1446,1513,0.15146000750031027
69,1434,1503,0.15147178088548696
72,1450,1522,0.1514789301386078
71,1447,1518,0.1514783587331849
71,1451,1522,0.15147971027045137
71,1443,1514,0.15148171549755002
69,1444,1513,0.15148402574587547
70,1435,1505,0.15149172503599925
70,1449,1519,0.1514954605788005
72,1443,1515,0.15149960201213858
71,1453,1524,0.15149776642551976
72,1449,1521,0.15149887928720063
73,1440,1513,0.15149812137319113
76,1434,1510,0.15149371000958214
70,1441,1511,0.1514821562841533
73,1440,1513,0.15148454664509559
72,1441,1513,0.15147979626197094
71,1449,1520,0.15147826392472735
69,1454,1523,0.15148007622008042
69,1433,1502,0.15148575668314088
69,1439,1508,0.15149165033380868
69,1432,1501,0.15149652194441207
68,1432,1500,0.15150046352021707
70,1447,1517,0.15150657854227031
73,1433,1506,0.1515083853454904
72,1434,1506,0.15150178476916146
71,1445,1516,0.15149863236171504
71,1445,1516,0.1514978750620235
72,1446,1518,0.1514976987178024
74,1445,1519,0.15149536877956854
73,1444,1517,0.15148741066040725
76,1445,1521,0.15148186110778536
74,1447,1521,0.15146854552499492
73,1443,1516,0.15146141396151105
75,1432,1507,0.15145859482050425
74,1431,1505,0.15145207914775485
72,1439,1511,0.15144925422636357
75,1438,1513,0.15145159760971583
73,1450,1523,0.15144586908724453
71,1447,1518,0.15144590491628296
70,1443,1513,0.15144978308999255
73,1444,1517,0.15145512276299933
75,1451,1526,0.15145406917687565
72,1458,1530,0.15144841329285733
73,1454,1527,0.15145035958451442
75,1457,1532,0.15144980979143613
76,1432,1508,0.1514423928204643
76,1438,1514,0.15143252184610115
74,1436,1510,0.15142399504163379
74,1427,1501,0.15142127300203992
73,1429,1502,0.1514195076648443
74,1440,1514,0.1514207893941074
70,1437,1507,0.151420234448603
69,1441,1510,0.15142939447886092
70,1446,1516,0.15143965783178076
71,1447,1518,0.15144760551380415
69,1446,1515,0.15145237807597262
69,1445,1514,0.1514605968238917
70,1437,1507,0.15146881370212686
70,1431,1501,0.15147384870146596
67,1436,1503,0.15147853179558493
70,1448,1518,0.15149033615876129
67,1435,1502,0.15149312482544888
65,1447,1512,0.1515029562129043
65,1446,1511,0.15151712080860047
64,1460,1524,0.1515313873882085
65,1455,1520,0.1515477620975372
66,1460,1526,0.1515589006072056
65,1455,1520,0.15156776718721035
64,1463,1527,0.151579430240246
62,1453,1515,0.15159298616839617
62,1454,1516,0.1516088115055461
60,1442,1502,0.1516231891805527
61,1451,1512,0.15164045446718183
61,1444,1505,0.15165519391115356
63,1453,1516,0.1516675124338381
63,1453,1516,0.15167328873309788
62,1452,1514,0.15167912968720665
63,1452,1515,0.15168701985397282
65,1454,1519,0.15169294008588152
68,1456,1524,0.15169270152858444
68,1454,1522,0.15168349936135617
70,1460,1530,0.15167597236256777
69,1458,1527,0.15166387360151606
69,1459,1528,0.15165463712004976
65,1437,1502,0.15164697310212943
68,1432,1500,0.15164843228649053
68,1435,1503,0.15164414336340232
69,1443,1512,0.15163902048260947
68,1460,1528,0.15163296110460395
67,1440,1507,0.1516304362646096
66,1435,1501,0.15163158901783624
65,1451,1516,0.1516350763002912
65,1445,1510,0.1516390381491584
66,1437,1503,0.15164319327562178
68,1432,1500,0.15164319858745742
66,1425,1491,0.1516384893728893
68,1443,1511,0.1516393061162976
68,1447,1515,0.15163520843901254
70,1447,1517,0.15163001782362864
70,1449,1519,0.15161970751085696
69,1436,1505,0.15161117800263268
70,1448,1518,0.15160714383505203
69,1448,1517,0.15160097779349926
66,1446,1512,0.15159827351045585
67,1460,1527,0.15160423529915124
68,1465,1533,0.151607660366626
66,1467,1533,0.15160900231077307
65,1460,1525,0.15161521640459005
61,1459,1520,0.15162381697859703
61,1466,1527,0.15164124725571465
62,1463,1525,0.1516569039990528
63,1455,1518,0.15166861993295122
63,1444,1507,0.15167712184742593
63,1450,1513,0.1516844463430456
60,1444,1504,0.15169168953448708
60,1441,1501,0.15170559378161763
64,1438,1502,0.15171880121460415
64,1446,1510,0.15172149886486033
62,1460,1522,0.15172355949586758
65,1450,1515,0.1517295399534801
64,1441,1505,0.15172782471732518
62,1443,1505,0.15172798272589538
62,1453,1515,0.1517337256846951
62,1450,1512,0.15173983396266918
62,1452,1514,0.15174663491925133
64,1456,1520,0.15175315721634722
64,1463,1527,0.15175229696626083
65,1449,1514,0.15175208582838945
64,1442,1506,0.15175006318625595
65,1440,1505,0.15175104070006118
64,1455,1519,0.15174935234062098
64,1459,1523,0.15174979740267597
63,1463,1526,0.15175066417272678
63,1466,1529,0.1517534333766076
62,1454,1516,0.15175633297849925
61,1454,1515,0.15176158477251056
64,1447,1511,0.15176903862423932
66,1449,1515,0.1517682982673771
67,1454,1521,0.15176273847247415
68,1443,1511,0.1517559805580201
67,1457,1524,0.15174768636925057
67,1448,1515,0.15174209234513827
68,1448,1516,0.15173739466001493
69,1451,1520,0.15173099848442903
67,1444,1511,0.1517231687742881
65,1445,1510,0.15172121129772032
64,1446,1510,0.15172415357029434
66,1457,1523,0.15172913138193486
67,1453,1520,0.15172891734906116
65,1450,1515,0.15172596978391575
67,1439,1506,0.15172756178214902
68,1455,1523,0.15172439617172956
65,1460,1525,0.15171952603255984
64,1453,1517,0.15172055911210183
62,1438,1500,0.15172427654729204
60,1444,1504,0.15173042799404254
61,1453,1514,0.15174163067091093
63,1460,1523,0.1517501609387528
63,1457,1520,0.1517529658638653
63,1462,1525,0.15175626851201907
63,1450,1513,0.15175974946044485
63,1456,1519,0.15176305994110742
64,1452,1516,0.15176529554194235
62,1459,1521,0.1517647236394984
61,1449,1510,0.15177032060598936
63,1456,1519,0.15177808271892812
65,1463,1528,0.15178028638328026
66,1467,1533,0.15177728505096075
63,1458,1521,0.15177272790556517
58,1454,1512,0.15177440631455633
58,1445,1503,0.151786647122999
62,1438,1500,0.15179879531236054
62,1443,1505,0.15179962574564104
63,1458,1521,0.15180192990784136
63,1459,1522,0.1518023402012956
64,1458,1522,0.1518033219890279
64,1448,1512,0.15180014599651578
63,1449,1512,0.1517978899427708
64,1463,1527,0.15179786360438802
63,1455,1518,0.15179565379736076
62,1448,1510,0.15179528617282956
61,1455,1516,0.15179780580555882
60,1465,1525,0.15180179960975004
59,1468,1527,0.1518081965020711
57,1463,1520,0.15181760610625472
58,1445,1503,0.1518310029123038
58,1448,1506,0.1518416776109012
56,1456,1512,0.1518520569764446
58,1458,1516,0.15186653645146528
58,1443,1501,0.15187549953916132
59,1455,1514,0.1518843452578786
61,1456,1517,0.15189055530701284
60,1458,1518,0.15189052760424893
62,1456,1518,0.15189272428910142
63,1456,1519,0.1518903521474898
63,1450,1513,0.15188529373379878
62,1454,1516,0.1518793922517094
63,1459,1522,0.15187689375486788
62,1460,1522,0.15187166568282134
64,1450,1514,0.15187042363900877
67,1464,1531,0.1518642858736845
67,1464,1531,0.15185034645921675
66,1455,1521,0.15183803672695625
64,1451,1515,0.15182867019396085
64,1470,1534,0.15182489476674824
62,1466,1528,0.15182162236966665
62,1456,1518,0.15182350353160529
60,1438,1498,0.1518258131246636
60,1436,1496,0.1518327650260295
60,1445,1505,0.15183973370485668
64,1444,1508,0.15184637838523696
62,1449,1511,0.15184001457167504
66,1441,1507,0.15183828152537884
63,1447,1510,0.15182531505079278
61,1454,1515,0.15181969271530826
62,1442,1504,0.15181890795460423
60,1446,1506,0.15181681605204325
63,1445,1508,0.15181988705113342
63,1437,1500,0.15181542861200018
64,1439,1503,0.15181188718450145
64,1440,1504,0.15180609913855858
62,1444,1506,0.15180053655031434
65,1455,1520,0.15180068103498612
63,1452,1515,0.15179425803495292
62,1442,1504,0.15179383930711815
62,1445,1507,0.151794683959811
60,1445,1505,0.15179628807419995
59,1432,1491,0.1518029007812297
58,1441,1499,0.15181108624202913
58,1446,1504,0.15182131019156042
57,1457,1514,0.1518315470411097
57,1450,1507,0.15184358502567186
57,1457,1514,0.15185506673255933
58,1466,1524,0.1518653158000433
57,1462,1519,0.151873087825651
57,1456,1513,0.15188307568129125
55,1460,1515,0.15189207552508976
55,1449,1504,0.15190526521947714
56,1448,1504,0.15191815236342143
59,1455,1514,0.15192744412681983
59,1452,1511,0.1519281729946973
55,1463,1518,0.15192891013402732
53,1465,1518,0.15193872704779302
51,1459,1510,0.15195286325878393
52,1468,1520,0.1519714784827284
52,1455,1507,0.1519870320348816
53,1451,1504,0.1520010502696181
53,1463,1516,0.15201147330929893
48,1470,1518,0.15202072819802329
48,1468,1516,0.15204121230899464
48,1468,1516,0.15205988125234257
49,1462,1511,0.15207705129249466
51,1460,1511,0.15209106621962082
54,1467,1521,0.15209973486111977
55,1463,1518,0.15209985516585575
53,1465,1518,0.1520982780145164
53,1460,1513,0.1521016221391317
55,1464,1519,0.15210539322832822
55,1471,1526,0.1521044067940558
52,1473,1525,0.15210404228025085
53,1465,1518,0.15211145519810035
54,1464,1518,0.15211577316591285
55,1470,1525,0.15211782695729584
53,1463,1516,0.1521176439633407
55,1450,1505,0.15212224587677725
53,1457,1510,0.15212082831164062
53,1452,1505,0.1521249259964442
52,1465,1517,0.15212811777616864
49,1459,1508,0.15213378500617517
50,1459,1509,0.1521462101102251
49,1456,1505,0.1521564842952603
46,1460,1506,0.1521686986812411
47,1459,1506,0.1521868813859888
49,1453,1502,0.1522011052138282
46,1473,1519,0.15221050989098087
46,1472,1518,0.15222624880562574
43,1471,1514,0.15224066361188346
43,1473,1516,0.15226095143131033
47,1470,1517,0.15228026306792217
47,1470,1517,0.15228888594847076
47,1456,1503,0.1522970629180691
46,1464,1510,0.15230492329195924
44,1461,1505,0.15231467757094627
42,1462,1504,0.15232855814157664
43,1465,1508,0.15234595415851263
41,1471,1512,0.1523601295003365
41,1469,1510,0.1523769575276069
40,1476,1516,0.15239315519614804
39,1454,1493,0.15241078445667397
37,1466,1503,0.15242908936221106
36,1450,1486,0.1524508819098938
39,1459,1498,0.15247358030694044
39,1486,1525,0.15248733093704098
39,1481,1520,0.1525004754575109
38,1482,1520,0.15251295875817492
41,1471,1512,0.1525272185648023
40,1473,1513,0.1525328848011491
41,1471,1512,0.15254074212607133
43,1463,1506,0.15254601378187815
42,1468,1510,0.15254544540662127
42,1468,1510,0.15254645380626278
45,1474,1519,0.15254770977250245
43,1472,1515,0.15254255367981587
40,1471,1511,0.15254248910337292
40,1486,1526,0.15254926663307827
40,1482,1522,0.15255490301826433
42,1481,1523,0.15256067165396356
41,1469,1510,0.15256098405099233
40,1480,1520,0.15256403269461377
41,1480,1521,0.1525693558248175
41,1489,1530,0.1525722623858986
40,1473,1513,0.15257440635772684
42,1462,1504,0.1525790553508778
43,1469,1512,0.15257807448389002
43,1474,1517,0.1525751098265856
43,1479,1522,0.15257186359670094
42,1473,1515,0.15256937624724123
41,1458,1499,0.15256967894757992
43,1464,1507,0.15257255297761935
44,1478,1522,0.1525690984720309
43,1476,1519,0.1525642391810456
42,1486,1528,0.15256212863206758
43,1471,1514,0.1525632579640416
42,1469,1511,0.15256084943055082
43,1463,1506,0.15256127209899806
43,1465,1508,0.15255932863092073
44,1458,1502,0.15255668135008552
46,1466,1512,0.1525523801720432
46,1447,1493,0.15254407925818417
45,1459,1504,0.15253625561032172
45,1466,1511,0.15253197209420766
45,1470,1515,0.1525282944403075
43,1480,1523,0.15252459183379663
44,1489,1533,0.1525259519987597
44,1484,1528,0.15252536696847913
45,1482,1527,0.15252501767537083
46,1491,1537,0.15252261052156021
47,1471,1518,0.15251826492975826
48,1458,1506,0.15251128431727198
48,1462,1510,0.15250191595664636
50,1461,1511,0.15249360941754161
50,1460,1510,0.15248071493693435
49,1457,1506,0.15246912624416661
49,1460,1509,0.15246090433307669
47,1463,1510,0.1524536071212173
47,1471,1518,0.15245034620180625
48,1462,1510,0.1524475504588599
47,1466,1513,0.15244302891378625
45,1469,1514,0.15244137291014553
43,1465,1508,0.1524445142732394
42,1465,1507,0.1524524415669202
40,1466,1506,0.15246221122282397
42,1474,1516,0.152475982979963
42,1474,1516,0.15248429601965044
40,1479,1519,0.15249195879690447
39,1474,1513,0.1525037023233997
39,1478,1517,0.15251715438724833
39,1476,1515,0.15252998232207898
39,1472,1511,0.1525422177476339
38,1481,1519,0.15255387840068535
39,1491,1530,0.15256714332654542
40,1490,1530,0.1525761819048661
40,1478,1518,0.15258160125872416
41,1470,1511,0.15258641466899112
39,1469,1508,0.1525880351896656
39,1473,1512,0.15259532152213848
40,1463,1503,0.1526022783907087
40,1473,1513,0.15260689814465936
39,1478,1517,0.15260951333909972
38,1474,1512,0.1526146291839395
38,1478,1516,0.1526206344652444
39,1491,1530,0.1526256320684828
38,1496,1534,0.15262854993645703
39,1489,1528,0.15263358506683733
35,1490,1525,0.15263639050559366
36,1475,1511,0.15264825916200017
36,1483,1519,0.15265771418019813
35,1485,1520,0.15266644597209764
39,1485,1524,0.15267716326753875
39,1472,1511,0.15267732858943156
39,1473,1512,0.15267758313409177
38,1474,1512,0.1526782758977681
37,1485,1522,0.1526817101491733
36,1473,1509,0.15268742740864025
37,1472,1509,0.1526953803873996
35,1479,1514,0.1527006815538885
33,1480,1513,0.15271021642118085
35,1484,1519,0.1527237165824074
36,1491,1527,0.15273092852207942
36,1492,1528,0.15273478421798303
37,1490,1527,0.1527386510971975
37,1483,1520,0.15274013775317055
36,1490,1526,0.15274109262308133
35,1478,1513,0.15274437997716503
37,1479,1516,0.15275013282358593
37,1471,1508,0.1527511504994457
37,1487,1524,0.15275247837951966
39,1483,1522,0.15275396547318576
37,1485,1522,0.1527500732907963
37,1472,1509,0.15275109916830135
37,1475,1512,0.1527524324542765
38,1482,1520,0.1527529944591043
36,1490,1526,0.15275160576976718
35,1486,1521,0.15275494743358095
34,1490,1524,0.15276057169797227
34,1477,1511,0.15276831616542286
33,1488,1521,0.1527754731916396
32,1484,1516,0.1527844142629743
32,1480,1512,0.1527942081281347
32,1470,1502,0.15280376060244333
35,1476,1511,0.15281164599578387
32,1481,1513,0.15281209569482226
31,1486,1517,0.15282023529038027
33,1480,1513,0.15283095237869257
32,1483,1515,0.1528361813631013
33,1476,1509,0.1528432993921002
31,1483,1514,0.15284809045088962
32,1476,1508,0.15285731364424598
34,1481,1515,0.15286389116191842
35,1472,1507,0.1528646327898001
34,1476,1510,0.15286316974512093
35,1481,1516,0.1528645182668969
33,1487,1520,0.15286280683276066
32,1485,1517,0.15286594056084796
33,1483,1516,0.15287145951949038
35,1482,1517,0.15287464112168636
35,1491,1526,0.15287229858605425
36,1471,1507,0.152870470349112
36,1475,1511,0.15286639619119388
35,1471,1506,0.15286292787621708
35,1467,1502,0.15286217557065693
33,1459,1492,0.15286176051930603
34,1472,1506,0.15286536751141472
34,1472,1506,0.1528659357790451
34,1484,1518,0.1528668312066992
34,1488,1522,0.15286799905875648
34,1496,1530,0.1528682673705256
31,1490,1521,0.1528687699392759
32,1477,1509,0.15287611655252895
33,1477,1510,0.15288049588180294
32,1468,1500,0.1528820525241506
33,1468,1501,0.1528860471219837
33,1473,1506,0.1528877585638948
35,1479,1514,0.15288955100082213
35,1491,1526,0.15288680563428766
35,1480,1515,0.1528845555203288
34,1469,1503,0.15288273895064386
34,1480,1514,0.15288345514747279
32,1486,1518,0.15288437063822735
34,1468,1502,0.15288997850046154
34,1476,1510,0.15288972818466498
32,1491,1523,0.1528884787755249
31,1494,1525,0.15289204830401418
31,1500,1531,0.15289810664533207
30,1496,1526,0.15290400473731963
31,1508,1539,0.15291197252542257
30,1496,1526,0.1529163541847179
29,1504,1533,0.152921952380351
28,1497,1525,0.1529297593305684
29,1489,1518,0.152939578522255
30,1480,1510,0.15294551967094291
30,1479,1509,0.152949269992685
31,1492,1523,0.15295341608662785
30,1498,1528,0.15295519359143778
29,1491,1520,0.1529593589181553
29,1500,1529,0.15296574119466264
29,1491,1520,0.1529719788204408
28,1492,1520,0.1529774176483589
26,1472,1498,0.15298498009651304
26,1470,1496,0.15299685364971768
26,1495,1521,0.1530082280934598
26,1479,1505,0.15301870785335897
25,1490,1515,0.15302877191375622
23,1488,1511,0.1530405517631556
24,1485,1509,0.1530560617123959
26,1487,1513,0.15306852952400435
26,1496,1522,0.1530754669445312
25,1495,1520,0.15308199035876335
26,1491,1517,0.15309044894352788
26,1486,1512,0.1530963191759789
25,1465,1490,0.15310201448688424
24,1468,1492,0.15310980541581695
23,1471,1494,0.15311939598197735
23,1485,1508,0.1531307327976649
22,1493,1515,0.153141413140305
22,1502,1524,0.1531537101479942
21,1495,1516,0.15316535508311574
21,1493,1514,0.15317861424888746
22,1474,1496,0.15319113615322125
22,1479,1501,0.153200412889055
21,1480,1501,0.1532092213122392
21,1474,1495,0.15321970768983295
21,1493,1514,0.15322963477963608
24,1487,1511,0.15323902871933687
23,1494,1517,0.15323981034394404
23,1489,1512,0.15324292016298563
23,1497,1520,0.15324493847221166
23,1501,1524,0.15324636777806508
24,1503,1527,0.153248040733014
24,1509,1533,0.15324750598240822
23,1507,1530,0.15324729986582258
22,1500,1522,0.15324954293225518
22,1494,1516,0.15325405989860927
21,1495,1516,0.15325812274787456
21,1501,1522,0.15326445747109008
20,1500,1520,0.15327051357729815
20,1494,1514,0.15327854900031565
20,1487,1507,0.15328599803136428
20,1504,1524,0.15329317474188453
20,1487,1507,0.15330007834538784
20,1483,1503,0.15330656039458967
20,1503,1523,0.1533127969696016
18,1505,1523,0.15331878869678067
18,1505,1523,0.1533288361432684
17,1504,1521,0.15333845760406406
18,1495,1513,0.1533497128774629
20,1503,1523,0.1533575493427956
18,1498,1516,0.15336037695225171
19,1493,1512,0.15336745470638152
20,1491,1511,0.15337204442762592
20,1488,1508,0.15337423253085317
20,1494,1514,0.1533764255530522
20,1485,1505,0.1533786099339855
20,1502,1522,0.15338077420639298
20,1515,1535,0.15338235744428583
20,1508,1528,0.15338308563992226
19,1507,1526,0.15338398881532964
19,1507,1526,0.1533871804921897
19,1509,1528,0.15339035768207995
19,1507,1526,0.15339315080858068
18,1510,1528,0.1533959545958705
18,1516,1534,0.15340093876829233
18,1501,1519,0.15340576494776365
18,1502,1520,0.15341042867615332
18,1510,1528,0.1534149271196081
16,1505,1521,0.15341925884023183
14,1512,1526,0.1534277043499981
16,1503,1519,0.15343999973831846
17,1509,1526,0.15344720726985286
17,1492,1509,0.15345172250826264
17,1498,1515,0.15345605716987684
16,1490,1506,0.1534602130232608
15,1486,1501,0.15346647445076073
14,1486,1500,0.1534745411639916
16,1495,1511,0.15348430487334203
18,1502,1520,0.15348904377949474
18,1509,1527,0.15348817868438577
18,1507,1525,0.1534875252742022
18,1498,1516,0.15348705553029285
18,1501,1519,0.1534867445746447
18,1512,1530,0.15348544836854447
19,1505,1524,0.15348444406320397
18,1501,1519,0.15348141951661837
19,1499,1518,0.1534809242434238
19,1499,1518,0.15347744116770584
18,1500,1518,0.15347441965905906
19,1507,1526,0.15347434296220455
18,1507,1525,0.1534722402451465
18,1499,1517,0.15347256768562578
19,1498,1517,0.15347301722616405
20,1481,1501,0.15347029770595014
20,1486,1506,0.15346471077174265
21,1486,1507,0.15345884864261453
23,1488,1511,0.15345013356674098
23,1491,1514,0.1534367669358115
23,1491,1514,0.15342476566230526
22,1499,1521,0.15341288564030264
22,1501,1523,0.1534044314026581
24,1498,1522,0.15339698976128588
22,1496,1518,0.15338492086209965
22,1498,1520,0.15337845729265298
20,1483,1503,0.15337184801241271
21,1488,1509,0.1533704610230469
21,1487,1508,0.15336729423773948
21,1483,1504,0.15336545422850562
22,1473,1495,0.15336406281747092
22,1478,1500,0.15335978051098706
22,1473,1495,0.15335614054990857
23,1479,1502,0.1533530669015147
24,1479,1503,0.1533479399183521
24,1477,1501,0.1533407607115092
21,1488,1509,0.15333436124434233
21,1488,1509,0.15333534864470455
19,1497,1516,0.1533365334011102
21,1488,1509,0.1533421965186936
21,1499,1520,0.1533425064285989
21,1486,1507,0.15334307279676412
22,1492,1514,0.1533438532033312
22,1501,1523,0.15334154493976132
21,1495,1516,0.15333968631482708
21,1479,1500,0.15334036005038995
20,1479,1499,0.1533401534254419
20,1475,1495,0.15334245948872047
20,1475,1495,0.1533449223364625
19,1481,1500,0.15334750350223303
20,1489,1509,0.15335124309445203
18,1487,1505,0.1533517987619171
18,1491,1509,0.15335706295276078
18,1478,1496,0.15336232383811033
17,1485,1502,0.15336758886956742
18,1486,1504,0.15337541735581453
18,1481,1499,0.1533803575953964
19,1496,1515,0.15338524338756482
17,1478,1495,0.15338758591460044
17,1491,1508,0.15339433992044613
17,1507,1524,0.1534008918240177
17,1502,1519,0.15340723358964098
16,1488,1504,0.15341335963990668
15,1475,1490,0.1534214742555196
15,1477,1492,0.1534316910817447
15,1497,1512,0.15344138041585734
14,1509,1523,0.15345056519902914
14,1504,1518,0.15346141813051445
14,1490,1504,0.15347167947120263
14,1489,1503,0.15348137856811306
14,1498,1512,0.15349054362303372
13,1496,1509,0.15349920170066858
14,1504,1518,0.15350951729431656
14,1492,1506,0.15351703819449258
15,1498,1513,0.15352414544316317
14,1504,1518,0.15352650388954056
15,1510,1525,0.1535311004696801
15,1505,1520,0.1535334393884423
15,1501,1516,0.15353584539610277
15,1509,1524,0.15353829413790038
15,1494,1509,0.15354076470256978
15,1507,1522,0.15354323922306903
15,1515,1530,0.1535457025199535
14,1507,1521,0.1535481417830256
14,1510,1524,0.15355271282837202
15,1501,1516,0.15355710609836698
15,1493,1508,0.15355902343228917
15,1485,1500,0.1535609207896712
14,1481,1495,0.1535627900505807
15,1495,1510,0.1535656439188444
14,1496,1510,0.1535662777502874
13,1493,1506,0.1535691814933157
12,1508,1520,0.1535750334897434
12,1504,1516,0.1535827666415447
12,1495,1507,0.15359008231865298
12,1497,1509,0.15359700072347565
11,1508,1519,0.1536035413355286
11,1515,1526,0.15361191244860545
10,1511,1521,0.15361980470348643
11,1507,1518,0.15362942002350705
10,1509,1519,0.1536351960862864
10,1520,1530,0.15364287399351817
10,1525,1535,0.15365019961693993
9,1516,1525,0.15365718305166168
9,1513,1522,0.1536660578784409
9,1511,1520,0.15367447171895673
9,1504,1513,0.15368244471466494
9,1502,1511,0.15368999656450083
9,1515,1524,0.15369714647478208
9,1513,1522,0.1537039131197051
9,1506,1515,0.15371031461105356
8,1492,1500,0.15371636847589262
8,1508,1516,0.1537242435254661
8,1503,1511,0.1537316742084143
8,1504,1512,0.153736509727981
7,1504,1511,0.15374129166043943
7,1502,1509,0.15374816061476365
9,1507,1516,0.15375480812257764
10,1514,1524,0.15375585824941987
9,1503,1512,0.15375384142449494
9,1508,1517,0.15375460244687755
9,1511,1520,0.15375561321870324
8,1511,1519,0.15375682991954634
8,1510,1518,0.1537605844361285
8,1503,1511,0.15376430805208233
6,1514,1520,0.15376798338484618
6,1515,1521,0.15377589050455853
6,1504,1510,0.15378346286827366
6,1510,1516,0.1537907064369179
5,1494,1499,0.15379762822037513
5,1507,1512,0.15380659894686938
5,1518,1523,0.15381480840445733
5,1523,1528,0.15382261816784354
5,1527,1532,0.15383004282517515
6,1520,1526,0.1538370970232027
5,1518,1523,0.15384064244393789
5,1518,1523,0.1538462866512328
6,1513,1519,0.15385173480201023
8,1508,1516,0.15385405822675252
7,1519,1526,0.15385081210606605
7,1521,1528,0.15385081882342733
7,1523,1530,0.15385103936952174
6,1520,1526,0.15385144000902987
6,1519,1525,0.15385420722871404
6,1514,1520,0.15385695957207585
6,1514,1520,0.15385968309635636
6,1535,1541,0.15386236614239424
6,1526,1532,0.15386499905700826
6,1533,1539,0.1538675739456658
7,1530,1537,0.15387008445230102
7,1530,1537,0.15386925037415505
7,1526,1533,0.15386864918149903
7,1517,1524,0.15386824906660432
7,1525,1532,0.15386802186476944
7,1514,1521,0.1538679426673416
7,1504,1511,0.1538671971155056
7,1504,1511,0.15386668336898202
7,1501,1508,0.15386636918347954
7,1500,1507,0.1538662260378599
7,1493,1500,0.15386622873683498
8,1488,1496,0.15386635505437987
8,1493,1501,0.15386331829256053
8,1507,1515,0.15386067383310217
8,1509,1517,0.15385837769769428
8,1512,1520,0.15385639053002348
8,1504,1512,0.15385467712634462
8,1500,1508,0.15385320601280508
8,1514,1522,0.15385194906492092
8,1511,1519,0.15385088116505108
8,1500,1508,0.15384997989412388
8,1514,1522,0.15384922525423567
8,1494,1502,0.15384859941907195
8,1510,1518,0.1538480865094013
8,1516,1524,0.1538476723911604
8,1504,1512,0.15384734449389273
9,1508,1517,0.15384709164752292
9,1518,1527,0.1538436365129531
8,1508,1516,0.15384054324267749
8,1516,1524,0.15383993807187926
8,1516,1524,0.15383949378590486
9,1508,1517,0.15383828437926858
9,1497,1506,0.1538351056784279
8,1507,1515,0.15383229831378398
8,1504,1512,0.15383204083159757
8,1512,1520,0.15383193863115394
8,1507,1515,0.1538319686099202
8,1503,1511,0.15383211040116446
7,1507,1514,0.15383234607825585
8,1503,1511,0.15383485047610812
8,1511,1519,0.15383502391141074
8,1502,1510,0.15383526891626753
9,1506,1515,0.15383557309295598
10,1505,1515,0.15383267653524957
9,1499,1508,0.15382685748309444
8,1515,1523,0.153823811528545
8,1510,1518,0.1538233785749566
9,1504,1513,0.1538231791944909
9,1508,1517,0.15381990592321493
12,1508,1520,0.15381710771424514
12,1508,1520,0.15380520945673168
12,1504,1516,0.15379455433742778
13,1506,1519,0.15378501716846305
14,1493,1507,0.1537732039396753
14,1510,1524,0.15375933344737577
14,1509,1523,0.1537468582194784
14,1501,1515,0.15373508872931294
14,1504,1518,0.15372453999845892
13,1508,1521,0.15371508946316736
14,1497,1511,0.15370919571994046
15,1499,1514,0.15370071727054627
16,1505,1521,0.15368990434419597
16,1493,1509,0.15367586923751186
17,1504,1521,0.15366333189159004
17,1511,1528,0.15364887031807042
17,1506,1523,0.15363592240184498
16,1499,1515,0.1536243355661771
16,1496,1512,0.1536164163693162
15,1495,1510,0.15360941939153505
16,1502,1518,0.1536059399813107
17,1493,1510,0.15360039200757108
16,1496,1512,0.15359222434413014
16,1495,1511,0.15358717519973442
16,1504,1520,0.15358278705694053
16,1507,1523,0.15357898587023455
16,1507,1523,0.15357570533033993
15,1505,1520,0.15357288608510655
13,1517,1530,0.15357262415658784
13,1515,1528,0.15357746070087827
13,1530,1543,0.15358214362151731
13,1516,1529,0.15358666853834674
12,1505,1517,0.1535910326675996
12,1516,1528,0.15359740899562688
11,1511,1522,0.1536034864187251
11,1511,1522,0.15361152143654316
13,1495,1508,0.15361912984360016
13,1503,1516,0.15361994772942134
14,1492,1506,0.15362065737813876
13,1499,1512,0.1536190639278537
13,1485,1498,0.15362006225671093
13,1484,1497,0.15362123846313389
13,1473,1486,0.1536225586881035
16,1483,1499,0.15362399335079738
17,1502,1519,0.15361624418791117
16,1490,1506,0.1536061367628783
16,1488,1504,0.15359975318835128
15,1510,1525,0.15359364918109683
14,1504,1518,0.153590493151709
14,1492,1506,0.15359033800105149
14,1496,1510,0.1535905015395616
13,1497,1510,0.15359093446460148
14,1487,1501,0.1535940621084709
15,1492,1507,0.15359392654294446
14,1509,1523,0.15359153406425288
13,1525,1538,0.15359213563957083
14,1514,1528,0.1535950912118241
14,1521,1535,0.15359584477407087
14,1517,1531,0.15359674741570623
13,1537,1550,0.15359777123746673
13,1526,1539,0.15360116653787273
13,1524,1537,0.15360448624796905
13,1517,1530,0.15360772216061938
13,1521,1534,0.15361086781016534
13,1510,1523,0.15361319902045797
13,1502,1515,0.15361554399214794
13,1494,1507,0.15361788673619323
14,1493,1507,0.15362021370367795
17,1490,1507,0.1536194021287682
17,1493,1510,0.15360963114164575
17,1491,1508,0.15360089432120602
16,1481,1497,0.15359308651199757
15,1497,1512,0.15358842837662262
16,1513,1529,0.15358650882077587
16,1510,1526,0.15358170529938575
17,1506,1523,0.15357755475089452
17,1506,1523,0.15357163923133532
18,1506,1524,0.15356639713296327
16,1494,1510,0.15355848942629652
18,1492,1510,0.153556048007115
19,1506,1525,0.15354931040203884
18,1500,1518,0.15354001689439248
19,1498,1517,0.15353381552347012
19,1491,1510,0.1535250973559109
19,1483,1502,0.1535173334641114
20,1491,1511,0.15351032670201978
20,1490,1510,0.15350083825136515
20,1490,1510,0.1534914248566502
21,1499,1520,0.15348306292230465
21,1510,1531,0.15347247177055232
21,1507,1528,0.15346301558510883
21,1505,1526,0.15345457858207967
21,1478,1499,0.15344705646919254
21,1487,1508,0.15344035532366868
22,1489,1511,0.1534343905785782
21,1494,1515,0.15342582369880822
21,1494,1515,0.1534207452385672
20,1499,1519,0.15341627159681664
21,1499,1520,0.15341455119011355
21,1490,1511,0.15340990493547857
21,1493,1514,0.15340667779842765
21,1498,1519,0.15340385801013567
21,1492,1513,0.15340140047661557
21,1479,1500,0.1533981477683258
21,1491,1512,0.15339535547718136
18,1510,1528,0.15339225960599895
17,1516,1533,0.15339688622519776
17,1515,1532,0.15340353758416703
16,1497,1513,0.15341000854131984
16,1485,1501,0.15341840529150738
16,1479,1495,0.15342641562565815
16,1487,1503,0.1534340508738875
18,1498,1516,0.15344043074059782
18,1516,1534,0.15344182166806317
19,1509,1528,0.15344333529523016
20,1500,1520,0.1534418268647141
20,1501,1521,0.15343634173893414
20,1493,1513,0.1534316372991884
19,1499,1518,0.1534276229280091
21,1497,1518,0.1534263988118751
22,1502,1524,0.15342000240159132
22,1511,1533,0.15341209999110675
21,1499,1520,0.15340396430783418
21,1504,1525,0.15339893905122115
21,1492,1513,0.15339351848634375
21,1501,1522,0.15338891283414216
21,1502,1523,0.15338430492382554
19,1509,1528,0.1533804426239426
18,1501,1519,0.1533815975479735
18,1491,1509,0.15338518747823854
19,1495,1514,0.15338813055254577
20,1511,1531,0.15338799820924298
20,1505,1525,0.15338599054577062
20,1498,1518,0.15338452704147687
19,1491,1510,0.1533824307594595
18,1481,1499,0.15338342706398211
18,1483,1501,0.15338689359030033
18,1490,1508,0.15339046867665349
19,1488,1507,0.15339359496258778
20,1486,1506,0.15339410672825796
20,1488,1508,0.15339166670819304
20,1483,1503,0.15338980189260337
18,1486,1504,0.1533884362193962
17,1494,1511,0.15339207407341904
17,1501,1518,0.15339793939756202
16,1488,1504,0.15340370967106362
16,1495,1511,0.15341151727301433
16,1493,1509,0.15341906339482703
16,1498,1514,0.1534263430383042
16,1501,1517,0.15343335354297935
16,1510,1526,0.15344009424688212
16,1516,1532,0.15344656618697827
16,1507,1523,0.1534527718350337
16,1510,1526,0.15345871486508866
15,1501,1516,0.15346439994911917
17,1494,1511,0.1534719892807011
17,1484,1501,0.1534728598523771
17,1491,1508,0.15347394868726272
16,1496,1512,0.15347521638499653
17,1497,1514,0.15347878808881613
17,1501,1518,0.15347909074313076
17,1493,1510,0.15347966199931154
17,1494,1511,0.15348045779414657
17,1513,1530,0.15348044834314875
17,1513,1530,0.15348074779026163
16,1512,1528,0.15348038212610413
16,1514,1530,0.15348253709892692
17,1513,1530,0.15348431397778184
16,1517,1533,0.15348305642895685
17,1502,1519,0.15348506458125485
17,1499,1516,0.15348399778690142
17,1493,1510,0.15348338000754339
17,1497,1514,0.1534831470335073
17,1499,1516,0.15348324210020117
17,1503,1520,0.153482618049259
17,1501,1518,0.1534823823458925
17,1488,1505,0.1534824775187897
17,1498,1515,0.15348285285550733
17,1491,1508,0.1534823244894411
18,1493,1511,0.15348216857820784
17,1486,1503,0.15347905623175723
17,1484,1501,0.15347868014724322
16,1482,1498,0.15347748230811956
17,1490,1507,0.15347976872621807
16,1499,1515,0.15347970257146246
15,1501,1516,0.1534820940350078
15,1514,1529,0.15348683073065797
15,1499,1514,0.15349153455741665
13,1501,1514,0.15349618282995509
13,1506,1519,0.15350531491501218
12,1503,1515,0.15351405546077174
13,1509,1522,0.15352458149233578
13,1514,1527,0.15353205346957696
12,1508,1520,0.15353923026000127
12,1512,1524,0.15354825897503216
14,1497,1511,0.15355613590958983
14,1499,1513,0.15355922306460698
14,1494,1508,0.15356231246770569
14,1499,1513,0.1535653858700621
14,1493,1507,0.15356842785743527
14,1491,1505,0.1535714255136459
14,1492,1506,0.15357436812013428
14,1502,1516,0.1535772468879176
14,1494,1508,0.15358005471863304
14,1497,1511,0.1535827859916823
14,1509,1523,0.15358543637478894
15,1506,1521,0.15358800265555017
16,1504,1520,0.15358721434824624
15,1502,1517,0.15358337204444125
16,1514,1530,0.1535821846513654
15,1503,1518,0.1535780720704136
13,1503,1516,0.15357669399909357
14,1499,1513,0.15358010395581734
13,1517,1530,0.15358132986484085
12,1505,1517,0.15358487151176892
13,1500,1513,0.1535905943693414
13,1498,1511,0.15359366375332253
13,1507,1520,0.1535967446306607
13,1492,1505,0.15359981701697137
13,1504,1517,0.15360208891185842
12,1504,1516,0.15360444323936623
12,1512,1524,0.15360935543320275
12,1505,1517,0.15361411547702217
11,1499,1510,0.15361871839077262
9,1510,1519,0.1536253146247744
8,1512,1520,0.15363595296566826
8,1512,1520,0.15364819786107628
7,1513,1520,0.15365978585237783
7,1514,1521,0.15367292045623424
7,1517,1524,0.1536853270348654
8,1502,1510,0.15369704290972439
7,1504,1511,0.1537048275790916
7,1507,1514,0.15371474369680008
7,1514,1521,0.15372417269207492
7,1504,1511,0.15373313285603107
7,1510,1517,0.1537416424715532
7,1512,1519,0.1537497197064632
7,1505,1512,0.15375738252360413
7,1517,1524,0.15376464860580022
7,1517,1524,0.1537715352938765
7,1517,1524,0.15377805953611973
7,1508,1515,0.1537842378477403
7,1508,1515,0.15379008627905522
7,1517,1524,0.1537956203912546
7,1502,1509,0.1538008552387432
7,1494,1501,0.15380580535716074
7,1506,1513,0.15381048475629056
7,1511,1518,0.153814906917154
7,1511,1518,0.15381908479267292
7,1508,1515,0.1538230308113533
7,1499,1506,0.1538267568835092
7,1514,1521,0.15383027440960448
7,1522,1529,0.15383359429034107
7,1515,1522,0.15383672693816833
7,1523,1530,0.1538396822899298
7,1515,1522,0.1538424698204
6,1505,1511,0.1538450985564953
5,1518,1523,0.15384975155174996
5,1527,1532,0.15385636745179107
5,1513,1518,0.1538625825816119
5,1511,1516,0.15386842118659205
5,1502,1507,0.1538739060484708
4,1497,1501,0.15387905857339937
4,1518,1522,0.1538860462028524
4,1507,1511,0.15389261057364234
4,1504,1508,0.15389877727192428
4,1513,1517,0.15390457034218477
4,1510,1514,0.15391001237964708
4,1498,1502,0.15391512461718437
4,1506,1510,0.153919927007064
4,1506,1510,0.15392443829782462
4,1508,1512,0.15392867610657368
4,1512,1516,0.15393265698697353
4,1510,1514,0.15393639649317084
3,1518,1521,0.15393990923990866
3,1528,1531,0.15394537506503878
3,1515,1518,0.15395050966602472
3,1518,1521,0.1539553330665974
3,1518,1521,0.15395986408474205
3,1512,1515,0.153964120404834
3,1525,1528,0.15396811864550503
3,1525,1528,0.1539718744234883
3,1524,1527,0.15397540241367616
3,1529,1532,0.15397871640561192
2,1525,1527,0.15398182935662366
2,1514,1516,0.15398689352589032
3,1511,1514,0.1539916508453714
2,1519,1521,0.15399287596721456
2,1530,1532,0.1539963045806542
2,1526,1528,0.15399962029918757
2,1513,1515,0.15400282075566055
3,1505,1508,0.15400590461973998
3,1493,1496,0.15400560731233218
3,1506,1509,0.1540054981871725
3,1512,1515,0.15400554941294742
3,1507,1510,0.15400573643047166
3,1493,1496,0.15400603760138457
3,1485,1488,0.15400643389290047
3,1495,1498,0.1540069085950037
3,1497,1500,0.15400744706683434
3,1499,1502,0.154008036509333
3,1517,1520,0.1540086657615033
3,1494,1497,0.15400932511790968
3,1508,1511,0.15401000616526822
3,1506,1509,0.15401070163619596
3,1496,1499,0.15401140527838067
3,1502,1505,0.15401211173760265
4,1505,1509,0.15401281645319834
4,1514,1518,0.15401037418851615
4,1514,1518,0.1540082092183497
4,1515,1519,0.15400629234032046
4,1520,1524,0.15400459731102475
4,1514,1518,0.15400310055261027
4,1519,1523,0.1540017808880841
4,1520,1524,0.15400061930256015
4,1516,1520,0.1539995987279238
4,1526,1530,0.15399870384863645
4,1525,1529,0.15399792092662193
4,1516,1520,0.1539972376433769
3,1528,1531,0.15399664295762672
3,1529,1532,0.15399832354876464
3,1516,1519,0.15399993705432233
2,1526,1528,0.1540014840954513
2,1530,1532,0.15400533392133164
2,1514,1516,0.15400895536314077
2,1497,1499,0.1540123616832383
2,1518,1520,0.15401556540272845
2,1526,1528,0.15401857833991697
2,1529,1531,0.15402141164709005
2,1522,1524,0.1540240758456523
2,1519,1521,0.1540265808596646
2,1505,1507,0.15402893604782567
2,1506,1508,0.15403115023394487
2,1511,1513,0.1540332317359541
3,1517,1520,0.15403518839350913
3,1518,1521,0.15403375961585827
3,1492,1495,0.15403252555154462
3,1517,1520,0.15403146386682873
2,1506,1508,0.15403055460588216
2,1507,1509,0.1540319412662787
0,1517,1517,0.15403331575069615
