1368,29,1397,0.1357959196722903
1392,29,1421,0.13294847821180472
1417,26,1443,0.13029469513079772
1437,25,1462,0.1278117901149427
1454,27,1481,0.1254979495222156
1455,26,1481,0.12334668184398531
1458,26,1484,0.12138491678789036
1460,25,1485,0.1195926574241081
1456,25,1481,0.11796054691358819
1450,23,1473,0.11648850284714951
1456,24,1480,0.1151650619247741
1454,24,1478,0.11394747380826513
1452,25,1477,0.11284497400620122
1457,25,1482,0.11184598884424973
1461,25,1486,0.11092376020117928
1462,25,1487,0.11007624377978105
1455,25,1480,0.10930468991055584
1445,27,1472,0.10862019977122195
1445,26,1471,0.1080227148491874
1448,26,1474,0.10748148158878039
1461,27,1488,0.10698503037525033
1455,25,1480,0.10649996725209826
1470,26,1496,0.10607221983124962
1465,26,1491,0.10564685575291953
1476,27,1503,0.10527015706680726
1468,29,1497,0.10490029183193166
1469,27,1496,0.10458188332189983
1473,30,1503,0.10429346608093137
1468,29,1497,0.10402041278248046
1477,30,1507,0.10378494972387348
1472,28,1500,0.10355251557012624
1475,30,1505,0.10335075339361519
1459,28,1487,0.10316204673842215
1467,29,1496,0.10302658817806894
1467,29,1496,0.10288396801634506
1452,31,1483,0.10275616461037736
1453,32,1485,0.1026705321540048
1454,32,1486,0.10259291281946982
1452,33,1485,0.10252037760839752
1449,32,1481,0.10245957612802008
1444,33,1477,0.10241312752540964
1454,33,1487,0.10238244999741647
1464,34,1498,0.10233343181676609
1448,34,1482,0.10226828441943175
1452,34,1486,0.10224288428858219
1455,33,1488,0.10221173678439356
1454,33,1487,0.1021779274107936
1469,34,1503,0.10214861489882604
1466,32,1498,0.10208648420404266
1468,34,1502,0.10203592004930571
1464,33,1497,0.10198456609611448
1458,31,1489,0.10194937292023926
1465,32,1497,0.10193048365474722
1462,32,1494,0.10189616865457969
1457,32,1489,0.10187364490278775
1458,32,1490,0.10186250339477859
1462,33,1495,0.1018519445421029
1454,30,1484,0.1018353361695623
1444,31,1475,0.10183661570710896
1451,31,1482,0.10186151983262225
1441,34,1475,0.10186436703355
1464,33,1497,0.10188994035497576
1469,31,1500,0.10186444015397385
1461,31,1492,0.10182989633250966
1464,29,1493,0.10181642649513525
1467,28,1495,0.10179928680913555
1466,27,1493,0.10177546860703073
1457,29,1486,0.10175302061672045
1455,29,1484,0.10175259858137686
1450,28,1478,0.10175611642515481
1445,29,1474,0.10176946116304596
1467,29,1496,0.10179396767516487
1456,32,1488,0.10176584305540291
1458,33,1491,0.10176520185517773
1458,32,1490,0.10176175599338386
1462,35,1497,0.10176124093005462
1463,33,1496,0.10175223217146293
1456,32,1488,0.10174224590032468
1461,31,1492,0.10175039780704143
1467,32,1499,0.10174883745981907
1450,32,1482,0.10173437832148664
1443,32,1475,0.10175728848342057
1439,33,1472,0.1017953357855515
1439,33,1472,0.10183630545875813
1448,32,1480,0.10187314207270788
1457,31,1488,0.10188907624258872
1456,34,1490,0.10188202408624061
1448,35,1483,0.10187851649331234
1450,34,1484,0.10189116551580567
1449,34,1483,0.10189895109851534
1456,34,1490,0.10190934387224945
1444,34,1478,0.1019028373054881
1445,36,1481,0.1019247111302086
1450,38,1488,0.10194149150115557
1460,38,1498,0.10194577937887843
1451,40,1491,0.10192760289267425
1466,40,1506,0.10192982147790693
1461,40,1501,0.10189836265903537
1448,41,1489,0.1018801925550715
1445,41,1486,0.10189376049713797
1439,38,1477,0.10191388041254164
1455,36,1491,0.10194673393900086
1444,36,1480,0.10194013561093168
1456,36,1492,0.10195856132806369
1449,38,1487,0.10194905442960962
1453,39,1492,0.10195615882078851
1456,38,1494,0.10195187592260012
1447,38,1485,0.10194314078455223
1445,39,1484,0.10195652779926569
1454,38,1492,0.10197494466847892
1452,39,1491,0.10197373922714466
1458,38,1496,0.10197543421651954
1458,41,1499,0.10196192636948397
1452,41,1493,0.10194973836622989
1443,41,1484,0.1019523098781759
1454,43,1497,0.10197333098361819
1447,41,1488,0.10196987488766844
1457,42,1499,0.10198314303809976
1454,40,1494,0.10197331518071859
1451,42,1493,0.1019709586005091
1450,42,1492,0.10197409617388625
1445,42,1487,0.10198231162198271
1449,44,1493,0.10200169277899036
1447,47,1494,0.10201116890530088
1451,45,1496,0.1020216302062403
1460,45,1505,0.10202144555041681
1463,46,1509,0.102000451799844
1464,47,1511,0.10197619047058058
1463,46,1509,0.10195073180100338
1451,48,1499,0.10192804954231967
1454,49,1503,0.10193430799862199
1455,47,1502,0.10193405587626662
1452,48,1500,0.10193251576543658
1465,48,1513,0.10193863026490896
1456,48,1504,0.10191629535344243
1444,50,1494,0.10191600242730989
1439,52,1491,0.10194179172307553
1440,52,1492,0.10197928589912637
1443,53,1496,0.10201336638702806
1452,55,1507,0.10203563077529466
1453,57,1510,0.10203932413605978
1460,55,1515,0.10204036760568957
1426,56,1482,0.10202621616506502
1425,58,1483,0.10209028896248691
1425,59,1484,0.10215061065495325
1428,62,1490,0.10220738697586508
1428,65,1493,0.10225262387774153
1420,65,1485,0.1022941941312191
1432,66,1498,0.10234832965750655
1434,66,1500,0.10237413531914999
1441,66,1507,0.10239366499631
1430,66,1496,0.10239772646807838
1429,68,1497,0.10242638015031438
1427,69,1496,0.1024531076091022
1424,70,1494,0.10248354442221355
1438,69,1507,0.10251823486697129
1416,70,1486,0.10251998288083286
1427,71,1498,0.10256970127342697
1420,73,1493,0.10259256367306863
1430,74,1504,0.10262698682715765
1417,77,1494,0.10263610799547135
1413,79,1492,0.10267569692722887
1427,77,1504,0.10272092860096066
1417,78,1495,0.10273176697068585
1405,76,1481,0.1027653019621418
1421,79,1500,0.1028241951934827
1436,75,1511,0.10284090136452644
1423,76,1499,0.10282323840485265
1422,77,1499,0.10283667844063954
1423,76,1499,0.10285217971288947
1418,78,1496,0.10286478953745298
1416,80,1496,0.10288698557864911
1408,81,1489,0.10291220214457303
1416,81,1497,0.10295300454286752
1401,81,1482,0.10296991171608706
1405,79,1484,0.10301963144724208
1403,80,1483,0.10305723835998384
1404,77,1481,0.10309687678277292
1423,80,1503,0.1031325800556354
1426,79,1505,0.10312263813185922
1427,79,1506,0.10310617644371878
1417,82,1499,0.10308869998464751
1420,85,1505,0.10309667723325436
1409,85,1494,0.10309617975817692
1395,85,1480,0.10312342305916392
1385,84,1469,0.10318012027704328
1388,85,1473,0.1032528058623467
1388,86,1474,0.10331527795209848
1389,84,1473,0.10337522858051001
1387,86,1473,0.10342538927111006
1397,85,1482,0.10347482381155874
1393,81,1474,0.10349836579183576
1392,82,1474,0.10352792599845749
1409,85,1494,0.10355548080139755
1404,86,1490,0.10354138974242268
1421,87,1508,0.10354015580748839
1417,84,1501,0.10350011391355572
1409,88,1497,0.10347200119533755
1406,88,1494,0.10346428357607686
1399,88,1487,0.10346372938612593
1395,90,1485,0.10348011431706058
1396,90,1486,0.10350633415595643
1397,90,1487,0.10352737373518375
1385,91,1476,0.10354505063075024
1396,96,1492,0.1035882972407622
1398,96,1494,0.10360621478210615
1403,99,1502,0.10362058508807552
1405,97,1502,0.1036222052702593
1391,94,1485,0.1036197654826798
1394,96,1490,0.10364735924011136
1402,95,1497,0.10366761695296152
1413,100,1513,0.10366943701547546
1395,100,1495,0.10364563871204688
1374,103,1477,0.10366301702560855
1375,103,1478,0.10372643398048342
1388,106,1494,0.10378439604080991
1379,111,1490,0.10381021473647181
1382,113,1495,0.10385658043228077
1396,112,1508,0.10389343670941407
1393,111,1504,0.10389660481469129
1392,112,1504,0.10390349479068632
1390,112,1502,0.10391223130528603
1377,108,1485,0.10392612763977832
1377,111,1488,0.1039692459034318
1384,109,1493,0.10400933790478001
1385,110,1495,0.10402963422072319
1381,113,1494,0.1040467905327144
1370,115,1485,0.10407096344587757
1376,114,1490,0.10411917389711572
1373,112,1485,0.10415185614660225
1376,115,1491,0.10418973682281074
1361,116,1477,0.10421889476280292
1368,117,1485,0.1042796454105164
1366,116,1482,0.10432083971874899
1376,113,1489,0.10436507080752476
1387,112,1499,0.10438105414826515
1388,110,1498,0.10436916766418075
1390,109,1499,0.10435545750254988
1408,111,1519,0.10433842765621854
1390,112,1502,0.10428374232203363
1388,110,1498,0.10427283548312967
1394,109,1503,0.10426869633951182
1386,106,1492,0.10425057437492048
1386,105,1491,0.10425389852162838
1402,107,1509,0.1042551112225008
1400,107,1507,0.10422220269504395
1397,110,1507,0.10419435195291549
1395,110,1505,0.10417668704325887
1381,108,1489,0.10416679671210982
1386,109,1495,0.10418616901780187
1382,111,1493,0.10419403458321734
1381,106,1487,0.10421011559906819
1388,108,1496,0.10422617810808493
1377,111,1488,0.10422638411471652
1381,109,1490,0.10425201261009509
1390,111,1501,0.10426950537031175
1381,111,1492,0.10426529254778986
1376,110,1486,0.1042793809389644
1385,108,1493,0.10430501332060427
1391,109,1500,0.10430761080141497
1396,109,1505,0.10429598015024334
1395,109,1504,0.10427578700244662
1391,113,1504,0.10425858025901791
1385,114,1499,0.10425246536998876
1383,114,1497,0.10425975535098651
1377,116,1493,0.10427075052060443
1372,115,1487,0.10429682929043946
1386,115,1501,0.10432938881100114
1385,113,1498,0.10432585472755757
1386,114,1500,0.10432649033318579
1387,112,1499,0.10432393549678387
1386,110,1496,0.10431899977831126
1385,113,1498,0.10431638130650715
1383,117,1500,0.10431563550517285
1381,118,1499,0.10431969943098608
1376,120,1496,0.10432936658720358
1376,116,1492,0.10434972830917033
1367,117,1484,0.10436891627228587
1357,119,1476,0.10440705018087704
1362,121,1483,0.10446635366359193
1357,123,1480,0.1045105569627712
1359,115,1474,0.10456280635396904
1376,120,1496,0.10460577275974321
1378,123,1501,0.1046042482430785
1389,124,1513,0.10459932082352254
1387,127,1514,0.10457064949043665
1391,129,1520,0.10454947486864842
1394,130,1524,0.10452273228318731
1401,129,1530,0.10449201364223065
1371,129,1500,0.10444948571085139
1370,122,1492,0.10447653895360133
1377,125,1502,0.104507237390523
1376,122,1498,0.10451871868671642
1383,124,1507,0.10453089330394022
1384,122,1506,0.10452791386419477
1380,125,1505,0.10452054677394784
1378,128,1506,0.1045227924586888
1371,130,1501,0.10452845521012147
1374,132,1506,0.10455171439459682
1373,134,1507,0.10456679237212203
1386,132,1518,0.10458471840169334
1384,133,1517,0.10457131983555921
1382,133,1515,0.10456141851340034
1380,132,1512,0.10455871965195009
1382,131,1513,0.10456201842931558
1361,134,1495,0.10456234746079933
1351,135,1486,0.10460972689747486
1359,132,1491,0.10467649038837389
1360,133,1493,0.10472096613275889
1361,132,1493,0.10475941118943011
1355,132,1487,0.10478818454823788
1353,134,1487,0.10482792194993226
1350,135,1485,0.10487271578167663
1349,136,1485,0.10491872080402534
1369,136,1505,0.10496550981043778
1364,143,1507,0.10496339493409305
1361,146,1507,0.10497117481867267
1344,142,1486,0.10498406539527202
1339,140,1479,0.10503378263915158
1334,145,1479,0.10509096263768168
1340,142,1482,0.10515613408835964
1336,141,1477,0.1052048093340294
1338,141,1479,0.10525956113128608
1363,141,1504,0.10530413406698547
1357,144,1501,0.10528538277547192
1349,146,1495,0.10528443905629664
1359,150,1509,0.10530454469163181
1369,146,1515,0.1052986365853382
1367,147,1514,0.10527074153690923
1357,147,1504,0.10524576726000026
1341,144,1485,0.1052460534563881
1349,149,1498,0.10528493209044344
1337,148,1485,0.10530549306296194
1321,149,1470,0.10535266904134065
1322,154,1476,0.10543348344484571
1325,153,1478,0.10550687759698145
1337,151,1488,0.1055670348514289
1346,154,1500,0.10559443099725037
1339,156,1495,0.10559531078286202
1349,154,1503,0.10561493677948697
1348,152,1500,0.10560992965272473
1334,153,1487,0.1056089639321652
1337,155,1492,0.10564013180535728
1340,156,1496,0.10566167327011526
1343,154,1497,0.10567439614885117
1333,153,1486,0.10567366462403292
1334,150,1484,0.10569484799685991
1348,149,1497,0.10571266370201605
1340,148,1488,0.10569976118893383
1345,146,1491,0.10570651660275925
1343,150,1493,0.10570366154781013
1343,151,1494,0.10570411234407452
1337,153,1490,0.1057050656180736
1320,149,1469,0.10572029547498012
1323,151,1474,0.10577412382142086
1322,150,1472,0.10581648928754199
1335,151,1486,0.10585470879748779
1334,155,1489,0.10586448951607416
1326,157,1483,0.10587624533573024
1331,157,1488,0.10590427927011266
1322,157,1479,0.10591665400323222
1337,159,1496,0.10594823025068428
1338,163,1501,0.10594510231403616
1338,164,1502,0.10594187327823298
1337,162,1499,0.10594012509486933
1332,165,1497,0.105939803515233
1333,165,1498,0.10595301173216118
1327,166,1493,0.1059640168573098
1338,167,1505,0.10598862793185476
1333,170,1503,0.10598828719462382
1326,168,1494,0.10599823200514293
1319,169,1488,0.10602046283217006
1320,166,1486,0.10605801978808753
1321,164,1485,0.10609211031600432
1310,168,1478,0.10611867706320859
1325,164,1489,0.10616874411233233
1327,167,1494,0.1061804680089102
1335,162,1497,0.10618723721099763
1346,162,1508,0.10617417257889478
1344,160,1504,0.10613690946966728
1349,162,1511,0.10610542593161082
1340,159,1499,0.10606704193844209
1348,164,1512,0.10605091438516706
1350,162,1512,0.1060149393979831
1341,163,1504,0.10597748604012444
1329,162,1491,0.10596436043790526
1341,158,1499,0.105980639890083
1340,163,1503,0.10597000478629724
1345,161,1506,0.10596197618720403
1343,163,1506,0.10594400012259593
1344,164,1508,0.105932961449064
1351,163,1514,0.10592227693768753
1349,162,1511,0.1058940571722205
1357,162,1519,0.10587370847307646
1349,165,1514,0.10583692971971725
1340,161,1501,0.1058206870638368
1328,163,1491,0.10582905270869347
1334,161,1495,0.10586204988052743
1317,162,1479,0.10587677907083211
1324,163,1487,0.10592725937136878
1331,166,1497,0.10595887029726198
1342,169,1511,0.10597253737867061
1322,164,1486,0.10596157133213666
1311,165,1476,0.10599648291991148
1304,165,1469,0.10605111455149124
1308,163,1471,0.10611782131906689
1309,167,1476,0.10617055033821333
1317,167,1484,0.10621609796987176
1319,170,1489,0.10623781442343472
1327,168,1495,0.10625390112475752
1327,172,1499,0.10624997938363538
1325,171,1496,0.10624566185277746
1330,172,1502,0.10624742347143717
1331,171,1502,0.10623849164110569
1320,165,1485,0.10622800583756561
1325,171,1496,0.10624267060591577
1320,173,1493,0.10624694726071932
1325,173,1498,0.10626365782967596
1316,173,1489,0.10626902064708642
1317,174,1491,0.10629654091251836
1314,178,1492,0.10631975574875327
1310,178,1488,0.1063488788688031
1313,177,1490,0.10638585548689214
1307,178,1485,0.10641558484106786
1310,186,1496,0.10645290560064524
1313,188,1501,0.10648018291466708
1315,192,1507,0.10649996706020996
1321,195,1516,0.10651411797747709
1305,192,1497,0.10651532663999606
1300,195,1495,0.10655407809959813
1303,202,1505,0.10660099444657081
1300,203,1503,0.10664072671099628
1296,199,1495,0.10668555859361152
1299,198,1497,0.10673644033285705
1281,198,1479,0.10677621703408029
1269,200,1469,0.10685420394137124
1285,205,1490,0.10695345572725878
1291,205,1496,0.10700856742545312
1292,207,1499,0.10704860466063269
1285,207,1492,0.10708067394327404
1306,204,1510,0.1071256357367976
1296,208,1504,0.10712105463642714
1304,206,1510,0.10713987948930605
1299,207,1506,0.10713997630549908
1307,203,1510,0.10715184364459968
1309,209,1518,0.10714215358380659
1310,213,1523,0.10713055781749628
1300,217,1517,0.10712046667637574
1292,215,1507,0.10713421082209523
1280,211,1491,0.10716171380746814
1273,211,1484,0.10721694173201612
1274,213,1487,0.1072847161247962
1279,220,1499,0.10734464977183206
1284,220,1504,0.10739121029702353
1280,221,1501,0.10742019414868281
1274,216,1490,0.10745683145735746
1276,221,1497,0.10750626704576735
1256,230,1486,0.10754963410282095
1265,232,1497,0.10763337420340541
1254,228,1482,0.10769128964483768
1247,226,1473,0.10776680308027345
1254,229,1483,0.10785347889314843
1250,232,1482,0.10791960942553244
1235,232,1467,0.10799167981754287
1236,226,1462,0.10809401304664316
1244,232,1476,0.1081869852174118
1253,239,1492,0.1082530350593841
1248,247,1495,0.10829411954191358
1254,246,1500,0.10834296079169194
1245,241,1486,0.10837293731338991
1243,240,1483,0.10842234738298118
1245,244,1489,0.1084729278888404
1261,241,1502,0.10851722453249661
1258,242,1500,0.10852136568582171
1253,245,1498,0.10853357418877037
1248,247,1495,0.1085589752083288
1242,249,1491,0.10859635739436717
1241,246,1487,0.10864286255348077
1249,252,1501,0.10868762651552216
1248,249,1497,0.10871006046867271
1256,252,1508,0.10873165470220293
1247,252,1499,0.10873255894347982
1241,254,1495,0.10875606376461999
1241,259,1500,0.10879169518499573
1253,258,1511,0.10882745061996775
1241,253,1494,0.10883337125691891
1238,252,1490,0.10886478380717815
1240,252,1492,0.10890028806362011
1236,255,1491,0.10892759024026707
1238,255,1493,0.10896209892405448
1225,260,1485,0.10898892035411895
1223,262,1485,0.10904669395302793
1233,261,1494,0.10910582459822817
1225,267,1492,0.1091372650417953
1232,271,1503,0.10918268057435383
1221,266,1487,0.10920952064142848
1228,261,1489,0.10926268925869649
1236,269,1505,0.10929269305716138
1237,270,1507,0.10930294616971228
1240,263,1503,0.10931181274918185
1239,265,1504,0.10931338378587986
1239,264,1503,0.10931867721214766
1242,263,1505,0.1093208717641906
1245,270,1515,0.10931716807947396
1243,272,1515,0.10930610851354183
1240,271,1511,0.10930008113089414
1244,265,1509,0.10930521812219123
1244,262,1506,0.10929860324678292
1258,265,1523,0.10929419570498905
1252,264,1516,0.10925870445113865
1254,255,1509,0.10923656676151694
1250,253,1503,0.10921271748493679
1246,258,1504,0.10919847159567236
1248,255,1503,0.10919636888136487
1238,259,1497,0.10918912447523503
1239,261,1500,0.10920559907032025
1228,266,1494,0.1092188886472919
1226,267,1493,0.10925678294386736
1237,269,1506,0.10929879398867033
1212,263,1475,0.10931123228519088
1209,273,1482,0.10937935165558618
1214,281,1495,0.10945119697985488
1218,279,1497,0.10950850475195714
1220,282,1502,0.10955272805971454
1217,280,1497,0.10958834042838356
1204,276,1480,0.10962602089154667
1212,270,1482,0.10969139956172624
1209,276,1485,0.10973205487915857
1203,279,1482,0.10977679693513394
1215,273,1488,0.10983584543142826
1207,273,1480,0.10986169872287782
1211,274,1485,0.10990240360187352
1221,275,1496,0.10992567014530052
1223,268,1491,0.10992819895933348
1220,274,1494,0.10992405704924683
1217,273,1490,0.10992647410646414
1222,274,1496,0.10993670485650206
1212,274,1486,0.10993575012192801
1217,282,1499,0.10995616529207791
1222,277,1499,0.10996367296626336
1218,277,1495,0.1099619934030746
1205,277,1482,0.1099677872164552
1194,283,1477,0.11000427792885362
1188,279,1467,0.1100636132103605
1194,285,1479,0.11013264647924872
1191,291,1482,0.1101858215571119
1192,290,1482,0.1102426520548425
1187,289,1476,0.11029232712116845
1195,294,1489,0.11035114963750053
1183,301,1484,0.11038551072256096
1173,299,1472,0.11044805657934306
1174,300,1474,0.11052793741926312
1175,301,1476,0.11059969067809367
1172,300,1472,0.11066549444691244
1180,301,1481,0.11073416735340075
1188,306,1494,0.1107783190627979
1192,312,1504,0.11080014803354317
1192,311,1503,0.11080984557214478
1194,314,1508,0.11082086767362954
1186,315,1501,0.11082714253871197
1180,311,1491,0.11085300843922431
1181,303,1484,0.110886955631937
1186,307,1493,0.11091469739844836
1180,306,1486,0.11092815293835466
1184,311,1495,0.11095241185758102
1182,312,1494,0.11096591989921521
1177,314,1491,0.11098415571819632
1193,316,1509,0.11101518314260575
1190,315,1505,0.11100855017119553
1202,314,1516,0.11100953102533026
1190,312,1502,0.11098452596069613
1191,313,1504,0.11099118892285458
1191,315,1506,0.11099309042616085
1199,308,1507,0.11099125951177982
1194,306,1500,0.110971540046741
1191,305,1496,0.11096640652657622
1190,308,1498,0.11097082215285152
1201,302,1503,0.11097641851712262
1203,296,1499,0.1109522228800138
1210,298,1508,0.11092816254778523
1212,298,1510,0.11089212074198183
1204,300,1504,0.11085494437005161
1206,303,1509,0.11083972535239926
1212,302,1514,0.11082060487179798
1209,297,1506,0.11078974927703208
1197,300,1497,0.11076516284129206
1208,302,1510,0.11076757504486785
1206,307,1513,0.11074640820965048
1199,307,1506,0.11073381060307984
1191,309,1500,0.11073735267045588
1188,315,1503,0.1107617188725383
1173,305,1478,0.11079096948906716
1162,301,1463,0.11085024900647503
1164,311,1475,0.11093064677647163
1166,315,1481,0.1110002846089618
1168,317,1485,0.1110601573856016
1172,314,1486,0.11111248554656478
1167,315,1482,0.11115279292253005
1175,328,1503,0.11120402589532595
1181,328,1509,0.11123136881590243
1178,323,1501,0.11124592505830062
1177,324,1501,0.11126431950141917
1175,332,1507,0.1112856503505186
1177,334,1511,0.11130772511034775
1168,338,1506,0.111325538432085
1171,339,1510,0.11136487420993874
1172,333,1505,0.11139317625860416
1163,328,1491,0.11141825730957494
1161,331,1492,0.11146287622607909
1160,328,1488,0.11150809814457202
1162,334,1496,0.11155121006729089
1158,335,1493,0.11158652456256483
1161,334,1495,0.11162727414153636
1160,340,1500,0.11165981966078149
1156,338,1494,0.11169406104552831
1146,343,1489,0.11173444458996652
1146,345,1491,0.11179368065130711
1159,346,1505,0.11184933845662673
1148,349,1497,0.1118709320473109
1155,346,1501,0.11191668273613009
1155,350,1505,0.11194389589671129
1150,342,1492,0.11197080625387577
1155,340,1495,0.11200892065673201
1159,343,1502,0.11203565905201728
1156,340,1496,0.11204847648711894
1158,339,1497,0.11206188344643905
1155,331,1486,0.1120704118362904
1155,339,1494,0.11208576644054859
1150,346,1496,0.11209705475132141
1143,352,1495,0.11212037449561964
1140,354,1494,0.11215821653002052
1136,354,1490,0.11220382798632152
1135,359,1494,0.11225608941773114
1137,359,1496,0.11230824442158979
1138,353,1491,0.11235109202201185
1141,354,1495,0.11238894945553579
1143,350,1493,0.11241953409427563
1140,347,1487,0.11243895460147041
1142,349,1491,0.1124618931963355
1144,354,1498,0.1124763551311407
1136,357,1493,0.11248453649423981
1142,354,1496,0.11251056446512737
1148,353,1501,0.1125246884782898
1148,356,1504,0.11252496179744402
1144,357,1501,0.11252632125967704
1165,348,1513,0.11253960019129944
1149,348,1497,0.11250041861168474
1148,353,1501,0.11249729277383935
1150,352,1502,0.11249816600179187
1139,352,1491,0.11249492679471387
1138,350,1488,0.11251670028947813
1147,349,1496,0.11254211369353107
1154,350,1504,0.11254684386030224
1156,351,1507,0.11253241215986495
1146,351,1497,0.11251523399035379
1155,353,1508,0.1125223527738281
1140,355,1495,0.11250588129770817
1144,357,1501,0.11252320230913802
1148,354,1502,0.1125303042827725
1149,354,1503,0.11253111308404833
1156,347,1503,0.11252677234712699
1156,356,1512,0.11250491192606049
1146,348,1494,0.11248267006231533
1143,352,1495,0.1124862351184529
1136,358,1494,0.11249897831466515
1139,358,1497,0.11252618910649848
1150,359,1509,0.11254267114459152
1151,362,1513,0.11253303810623365
1157,360,1517,0.11252652614837341
1150,368,1518,0.11250695283390871
1147,373,1520,0.11250623513415733
1129,373,1502,0.11251026695505978
1125,376,1501,0.11255857517324835
1127,379,1506,0.11261014481739469
1109,386,1495,0.11265609728217671
1104,389,1493,0.11274253242326847
1104,386,1490,0.11283479620993159
1118,394,1512,0.11292360714846175
1111,392,1503,0.11297543738043761
1107,392,1499,0.1130412020886224
1107,394,1501,0.11310856059963786
1106,390,1496,0.1131725984293122
1110,397,1507,0.113236411780996
1102,403,1505,0.1132882630683161
1097,402,1499,0.11335347865538374
1094,403,1497,0.11342583384996135
1085,403,1488,0.11350228816398905
1087,407,1494,0.11359003921507341
1079,409,1488,0.11366847301644649
1089,407,1496,0.11375599827626591
1087,410,1497,0.11381601702199287
1077,411,1488,0.11387792402484148
1071,419,1490,0.11396032894991319
1072,418,1490,0.11404885015032941
1073,420,1493,0.11413007187010386
1073,432,1505,0.11420512839111006
1082,432,1514,0.11427671237101666
1079,427,1506,0.11432176554327064
1072,425,1497,0.11436884751266277
1081,430,1511,0.11442966600541
1070,436,1506,0.11446642538735503
1060,442,1502,0.11452759039457294
1053,442,1495,0.11460590341079283
1068,440,1508,0.11469569826728496
1059,435,1494,0.11474480801190172
1054,443,1497,0.1148113931039737
1054,443,1497,0.11488700902048593
1043,442,1485,0.1149569018700705
1052,436,1488,0.11504768078880005
1048,437,1485,0.11511171517035602
1036,443,1479,0.11517934378031976
1032,442,1474,0.11526779130393068
1041,441,1482,0.11536151529959764
1046,440,1486,0.11542998181405881
1043,440,1483,0.11548101308381835
1048,438,1486,0.11553600113136742
1047,446,1493,0.11557496580201447
1044,440,1484,0.11561101931084025
1052,435,1487,0.11564954031621459
1045,437,1482,0.11566775972688471
1053,431,1484,0.11570247316438963
1050,435,1485,0.11571699582471968
1052,437,1489,0.11573732090725589
1053,437,1490,0.11575101707804024
1051,436,1487,0.11576177070549697
1049,433,1482,0.11577322297265408
1061,433,1494,0.11578785771161325
1056,448,1504,0.11577508830603206
1060,446,1506,0.11577596729209613
1053,447,1500,0.11576520899493929
1049,443,1492,0.11577201259075841
1052,448,1500,0.11578932600451351
1046,455,1501,0.11580205953147146
1044,466,1510,0.11582587310127457
1044,462,1506,0.11585305264027415
1052,460,1512,0.11587975895550949
1041,458,1499,0.11588504782682588
1045,465,1510,0.1159156616613383
1046,466,1512,0.1159328436968756
1036,470,1506,0.11594805320049222
1036,467,1503,0.1159856114227691
1028,460,1488,0.11602020777773735
1027,462,1489,0.11607074250424523
1023,460,1483,0.11612274239231651
1022,465,1487,0.11618035841130095
1034,466,1500,0.11623629867397128
1042,463,1505,0.11625777229075612
1038,466,1504,0.1162588326329541
1033,463,1496,0.11627092580558251
1045,459,1504,0.11629329822988123
1046,458,1504,0.11628395185711426
1036,458,1494,0.11627168097757284
1041,465,1506,0.11628480111387908
1040,471,1511,0.11628486923701936
1034,464,1498,0.1162894306822094
1036,464,1500,0.11630571942173602
1035,466,1501,0.11631719321045704
1049,467,1516,0.11632916770493211
1047,464,1511,0.11631049462515289
1050,461,1511,0.11629624393212026
1054,463,1517,0.11627420903841428
1051,463,1514,0.11624462775569379
1044,458,1502,0.1162257561395344
1054,460,1514,0.11622469068733192
1053,466,1519,0.11619952958118727
1047,470,1517,0.11618396957127324
1046,471,1517,0.11618347769691059
1051,473,1524,0.11618533295454156
1043,480,1523,0.11617598723895661
1034,476,1510,0.11618606908953912
1036,476,1512,0.1162173221166727
1036,481,1517,0.11624398244513598
1043,474,1517,0.11626970391019363
1037,476,1513,0.11627725766668563
1032,483,1515,0.11630052347891734
1024,483,1507,0.11633516854405475
1020,484,1504,0.11638442363544359
1010,483,1493,0.1164415806233979
1011,480,1491,0.11651785146052067
1017,484,1501,0.1165873674418318
1015,486,1501,0.1166391067514906
1021,485,1506,0.11669189195249775
1012,488,1500,0.11672796268388069
1014,491,1505,0.11677886847775124
1009,491,1500,0.11682179210136973
1019,491,1510,0.11687247400898974
1003,495,1498,0.11689481074568527
998,496,1494,0.11695125823139019
1004,493,1497,0.1170170482935942
1008,493,1501,0.11706274907005561
986,500,1486,0.11709807140126341
992,501,1493,0.11718185284858819
987,498,1485,0.11724855462498106
993,495,1488,0.1173188867024097
999,495,1494,0.11736921426178405
1003,491,1494,0.11740296988584234
993,502,1495,0.11742650522395355
982,506,1488,0.11746911676822235
991,507,1498,0.11753768201120142
987,508,1495,0.11758300384629145
998,507,1505,0.11763207135172404
996,517,1513,0.11765143418960225
991,520,1511,0.11767439627082185
990,517,1507,0.11770730611493335
997,517,1514,0.11773633676964834
999,514,1513,0.11774424929559486
983,511,1494,0.1177494473580819
992,511,1503,0.11779307766281029
994,516,1510,0.11781326829511965
991,520,1511,0.11782448837142531
997,517,1514,0.11784017525791118
991,508,1499,0.11784329109289014
987,501,1488,0.11785844039916746
983,512,1495,0.11788367468590721
991,516,1507,0.11791901773000746
981,527,1508,0.11793168711521879
994,523,1517,0.11796714068564801
991,519,1510,0.11797078016574995
987,517,1504,0.11797614604679324
990,516,1506,0.11799116430481434
975,529,1504,0.11799843330131488
975,531,1506,0.11804163001198165
971,535,1506,0.11808239570234466
965,533,1498,0.11812934349675935
968,531,1499,0.11818942217540415
965,529,1494,0.1182391297695235
964,530,1494,0.11829427901975013
963,531,1494,0.11834382251666754
951,541,1492,0.1183943602849797
949,548,1497,0.11847032975581762
956,543,1499,0.11854489108067812
963,550,1513,0.11859928050998476
956,555,1511,0.11863492210736552
951,549,1500,0.1186854225004391
952,551,1503,0.11874486226711121
953,549,1502,0.11880026452216576
947,554,1501,0.11884985356277791
953,550,1503,0.11890779960680951
964,561,1525,0.11894708309548215
951,555,1506,0.11895918239121393
951,560,1511,0.11900136386982375
945,554,1499,0.1190400800170282
947,566,1513,0.11909013580563928
946,563,1509,0.11913364608870389
944,565,1509,0.11917861550145833
936,561,1497,0.11922654833914258
933,561,1494,0.11928460267063372
925,567,1492,0.11934408573678237
925,562,1487,0.11941788912934434
925,566,1491,0.11949024626022993
929,565,1494,0.11955807279890021
933,569,1502,0.11961000974120779
936,571,1507,0.1196521604091237
941,583,1524,0.11968541465607917
938,582,1520,0.11970181309702262
944,583,1527,0.11972526748601937
944,574,1518,0.11973518855654178
940,580,1520,0.11974573614970463
935,584,1519,0.11976538240959225
915,582,1497,0.11979626996861721
911,584,1495,0.11987013911742511
898,583,1481,0.11994815023416126
911,592,1503,0.12005255372293643
911,589,1500,0.1201205099829096
915,586,1501,0.12018269615624341
911,595,1506,0.1202308976941141
902,598,1500,0.12028650555412784
900,602,1502,0.12035885868785265
891,603,1494,0.12043043272550648
887,604,1491,0.12051819448573249
889,612,1501,0.12060694273298488
889,612,1501,0.12068563175807263
890,606,1496,0.12076001804169278
884,611,1495,0.1208238173915544
881,610,1491,0.12089973208146276
881,615,1496,0.12097686943099664
884,611,1495,0.12104639679962027
871,612,1483,0.1211048148210452
879,614,1493,0.12118848043485703
876,607,1483,0.12124937395760757
868,617,1485,0.12130878966147202
866,622,1488,0.12138492670895212
870,620,1490,0.12146210404916195
868,628,1496,0.12152503583847359
875,613,1488,0.12158716383115502
878,617,1495,0.12162471366310439
874,622,1496,0.12165363401397021
878,630,1508,0.12169088034189601
878,623,1501,0.12171810023600148
869,624,1493,0.12174239440089024
870,633,1503,0.12178668694795425
875,633,1508,0.12182519600248223
871,634,1505,0.12184951249807241
861,634,1495,0.12188640519957118
864,642,1506,0.12194578172421267
857,648,1505,0.121992128484238
860,656,1516,0.122051016341097
846,655,1501,0.12210007996117377
837,649,1486,0.12217663305409474
845,657,1502,0.12226645505296659
844,647,1491,0.12233401823556225
849,649,1498,0.12239829676367073
854,650,1504,0.12244480737665198
856,653,1509,0.1224767360133749
859,643,1502,0.12250185994536363
850,645,1495,0.12251736834907921
860,641,1501,0.12255583977955606
860,640,1500,0.1225663486850582
867,636,1503,0.12257723800933265
868,637,1505,0.12256740056790794
869,636,1505,0.1225559061863263
870,637,1507,0.12254136195451647
862,648,1510,0.12252594832405855
867,642,1509,0.1225303514785826
869,645,1514,0.1225227328045506
863,649,1512,0.12250909881524807
859,638,1497,0.12251320257988105
863,638,1501,0.12252522027083142
857,640,1497,0.12252187015950183
851,646,1497,0.12253355791053563
851,646,1497,0.1225600014104468
854,643,1497,0.12258544290004895
856,639,1495,0.12260460111724175
847,659,1506,0.1226201140900455
851,652,1503,0.12265557321208063
853,649,1502,0.12268054809639577
850,654,1504,0.1226989700022759
853,647,1500,0.12272362296703124
852,640,1492,0.12274117687364072
855,647,1502,0.12275670213289734
841,647,1488,0.12276423482211742
840,649,1489,0.12280087814005915
849,652,1501,0.12284015511598477
864,652,1516,0.12285669326721223
864,655,1519,0.12283526329196129
861,652,1513,0.12281758105612989
862,655,1517,0.12281234371684971
861,663,1524,0.12280542508507014
851,657,1508,0.12279820248723591
846,660,1506,0.12281823014818098
845,652,1497,0.12284856115502155
849,653,1502,0.12287793435054539
852,656,1508,0.12289844125166838
856,656,1512,0.12290970499553108
849,644,1493,0.12291573047508107
861,646,1507,0.12293671465680302
861,656,1517,0.12292560920163048
861,661,1522,0.12291471523677927
860,666,1526,0.12290093053214811
851,672,1523,0.1228917648384035
853,659,1512,0.12290529417128163
855,657,1512,0.12291317327506189
851,652,1503,0.12291570864509493
857,651,1508,0.1229279905158252
858,649,1507,0.12292594914175246
859,649,1508,0.12292023878525146
863,652,1515,0.12291587774536662
857,654,1511,0.122902370181764
857,653,1510,0.12290424815114306
856,650,1506,0.12290387738199314
859,655,1514,0.12290421922497838
858,661,1519,0.12289653868627635
844,671,1515,0.12289387779105512
842,666,1508,0.12292600429826148
844,672,1516,0.12296074586346627
839,662,1501,0.12298930576897775
840,671,1511,0.1230277569810255
832,673,1505,0.12306305597843582
825,675,1500,0.12311513166110213
821,680,1501,0.12317980657414765
815,690,1505,0.12324894650353269
821,692,1513,0.12332673412653904
806,703,1509,0.12338784406285237
807,712,1519,0.12347775372827324
802,711,1513,0.12355965870638728
803,705,1508,0.1236496289821356
802,700,1502,0.12373096692674299
811,697,1508,0.12380501155991613
826,692,1518,0.12385168516395373
814,694,1508,0.12385726661959304
815,687,1502,0.12389194751147745
807,694,1501,0.12392341848068752
806,697,1503,0.12396909290653359
805,699,1504,0.12401410342527315
809,703,1512,0.12405743286692053
804,706,1510,0.12408777984388213
800,705,1505,0.12412681810149906
799,708,1507,0.12417165910600256
800,707,1507,0.1242155509420197
817,696,1513,0.12425474323218438
811,693,1504,0.124252964080341
804,693,1497,0.12426455793377693
806,693,1499,0.12429207569554208
801,693,1494,0.12431303391754604
804,704,1508,0.12434294708258516
800,714,1514,0.1243683483967057
796,719,1515,0.12440555157583862
801,711,1512,0.12444967670638837
797,710,1507,0.12447571043693408
793,711,1504,0.12450674084434012
806,703,1509,0.12454590528341292
792,709,1501,0.12455329202665519
803,702,1505,0.12459456064909595
820,699,1519,0.1246038823181803
811,698,1509,0.12456989727429192
812,714,1526,0.12456128759089752
806,709,1515,0.12454962375869293
803,710,1513,0.12455400599499088
809,716,1525,0.12456589200261906
798,705,1503,0.12456441557596236
797,708,1505,0.12459103670677393
787,708,1495,0.1246173284617883
785,704,1489,0.12466225135302017
784,710,1494,0.12470727646393703
783,708,1491,0.12475383075030756
793,711,1504,0.12480081385293339
790,711,1501,0.1248206094441008
796,714,1510,0.12484383282007078
791,728,1519,0.12484926890539232
785,717,1502,0.12486672819417872
784,716,1500,0.12489833678801933
792,710,1502,0.12493010120691161
785,713,1498,0.12493982495947689
788,713,1501,0.12496234351450497
796,712,1508,0.12498025031093807
789,715,1504,0.1249765014104228
776,720,1496,0.1249896801334857
779,720,1499,0.1250343756523286
774,721,1495,0.12506684694647507
773,722,1495,0.1251074086484955
777,710,1487,0.12514552173765184
780,711,1491,0.12517252886133426
781,718,1499,0.1251929756664926
773,724,1497,0.12520865988077637
768,722,1490,0.1252415613261771
773,726,1499,0.1252806699254962
772,726,1498,0.12530541397937384
756,738,1494,0.12533092247120114
757,742,1499,0.1253921985217264
746,733,1479,0.12544964549815896
755,738,1493,0.12553192440758898
763,738,1501,0.12558758755404728
772,742,1514,0.12561992850539322
762,736,1498,0.12562903979258383
765,737,1502,0.12566231056077942
766,730,1496,0.1256863537206573
767,736,1503,0.12570612190614253
763,750,1513,0.12572151916975094
762,748,1510,0.12574895971303238
759,743,1502,0.12577807030254143
751,755,1506,0.1258158941264574
752,751,1503,0.12587206554865424
760,750,1510,0.12592161524916284
755,743,1498,0.12594446607795443
754,736,1490,0.12598103958112497
756,727,1483,0.1260161796294122
761,725,1486,0.12604157994090073
772,743,1515,0.1260556850266394
761,748,1509,0.12603948027673403
768,753,1521,0.12605117645088174
761,746,1507,0.12604472457337496
755,735,1490,0.12605569965301477
752,731,1483,0.12607935235314205
753,735,1488,0.12610845094983325
754,736,1490,0.12613270009802333
757,753,1510,0.12615502747221666
756,760,1516,0.12616786545261846
740,754,1494,0.12618630644055925
739,764,1503,0.12624200265151062
738,778,1516,0.12629783835273312
731,788,1519,0.1263553465488004
736,801,1537,0.12642501203383752
730,789,1519,0.12647827000081294
729,793,1522,0.12654364761314524
725,792,1517,0.12661113950901637
724,785,1509,0.1266829482174029
719,785,1504,0.12675046048176083
725,777,1502,0.12682606816622688
714,778,1492,0.1268844869816622
721,781,1502,0.1269640366404905
711,794,1505,0.12701835800007255
704,792,1496,0.12709438657811326
707,798,1505,0.12718317308044863
708,804,1512,0.12725769056248962
714,798,1512,0.12732758679536954
717,790,1507,0.1273751021194731
708,793,1501,0.12741428539294983
711,795,1506,0.1274721358497245
709,791,1500,0.12751700205552788
707,803,1510,0.12755839499872917
706,808,1514,0.12760302638203216
702,804,1506,0.12764738232981163
698,804,1502,0.12769869721453617
705,813,1518,0.12775657919694822
695,806,1501,0.1277925051883811
697,802,1499,0.12785037743468672
697,806,1503,0.127900301947591
694,804,1498,0.127949226237629
685,806,1491,0.12800068136893128
688,807,1495,0.12807011678701932
687,806,1493,0.12812769192033727
700,802,1502,0.12818383138338085
697,802,1499,0.12820295939824633
686,806,1492,0.1282286457921682
687,814,1501,0.1282763202035446
687,820,1507,0.12832017172596444
690,816,1506,0.12836153652953305
693,815,1508,0.12839415771490825
691,823,1514,0.12841931287657782
696,802,1498,0.12844801694137348
696,800,1496,0.1284617465436538
689,813,1502,0.1284753101783936
684,814,1498,0.12850302019822912
686,808,1494,0.12853981196289688
682,821,1503,0.12856764655604183
683,828,1511,0.1286015315758401
684,818,1502,0.12863183895358807
683,821,1504,0.12865907385954795
684,825,1509,0.12868833661392956
688,825,1513,0.12871357919729537
692,825,1517,0.12872726871496995
687,817,1504,0.1287308285784149
680,811,1491,0.12874364888566586
681,825,1506,0.12877453345187895
681,825,1506,0.1288014803742055
675,820,1495,0.12882405517761858
668,822,1490,0.12885994150395627
662,824,1486,0.12891075861592935
663,835,1498,0.12897169272989903
669,840,1509,0.12902598072846788
667,834,1501,0.12905981191327467
668,834,1502,0.1290978193916584
672,832,1504,0.12913298894635472
673,837,1510,0.1291541535487457
666,840,1506,0.12916939378989467
671,839,1510,0.12919880355163202
665,841,1506,0.12921517828625986
659,836,1495,0.12924737551762758
663,839,1502,0.12929279637683416
665,837,1502,0.12932627056828389
649,840,1489,0.12935485917331174
647,854,1501,0.1294182202943329
648,848,1496,0.12948168104270508
647,847,1494,0.12953925807859754
639,853,1492,0.1295963428545852
647,858,1505,0.12966823356071622
641,855,1496,0.1297143865445627
649,857,1506,0.1297717472226422
648,859,1507,0.12980915947774543
634,864,1498,0.12984720934429497
634,872,1506,0.12991643820388016
622,867,1489,0.1299807785613555
625,878,1503,0.13006988842801787
623,884,1507,0.1301425905772792
617,887,1504,0.1302156904011888
623,891,1514,0.13029834548000696
619,882,1501,0.13036111719742477
627,888,1515,0.1304309740936464
626,882,1508,0.1304715697762479
636,867,1503,0.13051218656940686
637,870,1507,0.13052590595834668
629,875,1504,0.13053903573189526
624,874,1498,0.1305729484637995
627,882,1509,0.1306162673058168
624,880,1504,0.13064802931032193
626,891,1517,0.130686303426736
621,877,1498,0.13071696472592376
624,881,1505,0.1307607366250087
628,890,1518,0.13079496059009973
624,892,1516,0.1308182194928575
624,902,1526,0.1308484595832016
610,895,1505,0.13087503149146587
610,899,1509,0.13093277864049907
620,899,1519,0.13098689783571146
622,898,1520,0.13101338575973595
624,895,1519,0.1310326910931359
616,893,1509,0.13104755843551466
619,893,1512,0.1310791926729906
622,884,1506,0.1311020144292394
626,887,1513,0.13111676861198604
617,882,1499,0.13112204350386572
614,889,1503,0.1311470541818625
618,892,1510,0.13117892483144192
605,900,1505,0.13119746238407512
599,898,1497,0.13124084103140063
598,893,1491,0.13129731216825832
602,900,1502,0.1313528134749045
599,910,1509,0.13139687586594334
598,914,1512,0.1314453205605495
596,914,1510,0.1314927690175822
597,917,1514,0.13154418317739539
591,916,1507,0.13159024441644956
588,927,1515,0.1316474781394498
581,931,1512,0.1317065305200072
584,919,1503,0.13177883070555954
575,920,1495,0.13184080183121719
572,930,1502,0.13191990681031748
568,936,1504,0.13199660696538199
565,935,1500,0.13207914572071036
562,937,1499,0.13216336268299345
562,927,1489,0.13224877655840928
561,942,1503,0.13232638798629925
557,931,1488,0.13240184563307933
567,932,1499,0.13248146510467051
567,938,1505,0.1325337201342
559,947,1506,0.13258223519545184
555,955,1510,0.1326487047831419
562,943,1505,0.13271972698187934
563,956,1519,0.1327709692018907
558,942,1500,0.13281664796741938
556,954,1510,0.1328711939031134
555,957,1512,0.1329264531639254
558,952,1510,0.1329823177549272
559,958,1517,0.13302997292247962
553,953,1506,0.13307221328693258
564,944,1508,0.1331239356354744
561,946,1507,0.1331447699146986
565,943,1508,0.13317020557734863
570,947,1517,0.1331834235842684
564,943,1507,0.13318300289238935
556,955,1511,0.13319545954872203
544,970,1514,0.1332264949286657
539,979,1518,0.13328509447692022
542,980,1522,0.13335287798136272
539,985,1524,0.13340936194951122
537,977,1514,0.1334722729888177
545,966,1511,0.13353321210939106
538,974,1512,0.13357120262089728
530,964,1494,0.13362188571539646
530,961,1491,0.13368648899773367
536,970,1506,0.13374840012035794
535,965,1500,0.13379565115232253
528,974,1502,0.13384259449866145
537,979,1516,0.13390219037477277
535,980,1515,0.1339386101472408
535,979,1514,0.13397733681668442
531,987,1518,0.13401434409338742
530,983,1513,0.134057961334359
527,989,1516,0.13410117500069782
525,992,1517,0.13414938971866927
520,997,1517,0.13419686592210583
518,982,1500,0.13425297348327964
516,984,1500,0.13431103667126063
510,983,1493,0.1343700549253097
513,997,1510,0.13443889657740052
505,991,1496,0.13449665101342195
511,987,1498,0.13456944027266224
509,996,1505,0.13461853764675458
507,990,1497,0.13467183887773942
501,987,1488,0.1347250167535544
505,987,1492,0.1347868915277029
506,997,1503,0.13483609186788686
510,985,1495,0.1348829829459356
500,1000,1500,0.13491631848838875
506,1003,1509,0.1349720421379488
505,1005,1510,0.1350099761000496
499,1012,1511,0.13504994804086257
502,1014,1516,0.1351017060849971
499,1024,1523,0.13514229616241202
506,1020,1526,0.13518701027807706
502,1018,1520,0.13521329788783723
500,1013,1513,0.13524657957342603
500,1008,1508,0.13528083170209831
491,1020,1511,0.1353147048506734
491,1020,1511,0.13536928490489364
491,1017,1508,0.13542013965569324
489,1024,1513,0.1354681272793435
486,1025,1511,0.13551887574110266
490,1022,1512,0.1355722750458736
485,1010,1495,0.13561076491647364
487,1009,1496,0.13565888633484724
491,1017,1508,0.1357008051474361
493,1017,1510,0.1357302234893124
494,1013,1507,0.1357522632006455
491,1017,1508,0.13576737337498684
488,1013,1501,0.13578996881551894
487,1012,1499,0.13581777885705074
484,1009,1493,0.1358467713899051
483,1017,1500,0.1358817168005119
484,1021,1505,0.13591824524448687
485,1030,1515,0.1359493233882738
477,1034,1511,0.1359742667727892
469,1030,1499,0.13601708322801978
473,1027,1500,0.1360740770210403
479,1021,1500,0.13612029825946248
480,1022,1502,0.1361456187834424
481,1025,1506,0.1361645183007579
488,1031,1519,0.1361811480825101
490,1019,1509,0.1361817523132577
486,1020,1506,0.13617953962993978
485,1018,1503,0.13618711001996195
481,1031,1512,0.1361973606694935
483,1049,1532,0.13621857014015765
472,1057,1529,0.13623523670495988
470,1059,1529,0.13627792258681817
468,1050,1518,0.13632201085785287
464,1063,1527,0.1363667278544578
465,1057,1522,0.136420185579851
455,1056,1511,0.13646920245327607
453,1055,1508,0.13653904720999827
457,1060,1517,0.13660882697833907
456,1069,1525,0.13666489973839696
452,1068,1520,0.1367196789354105
442,1071,1513,0.13677827428316688
443,1062,1505,0.13685642389534766
442,1057,1499,0.13692650021512193
442,1065,1507,0.13699302040135652
442,1068,1510,0.13705222340204004
442,1075,1517,0.13710715209451554
446,1076,1522,0.13716039296770027
443,1079,1522,0.13720206580281186
447,1074,1521,0.13724878621770664
449,1070,1519,0.13728106001428472
448,1068,1516,0.1373060599327016
441,1075,1516,0.1373323205324163
437,1079,1516,0.13737295898482643
431,1078,1509,0.13741946303732233
432,1074,1506,0.13747869732437584
429,1084,1513,0.13753307520522898
425,1085,1510,0.13759257652820933
422,1080,1502,0.13765810462829553
425,1078,1503,0.13772614168190359
428,1084,1512,0.13778079047960687
426,1078,1504,0.13782332984802648
430,1074,1504,0.13786834699334688
423,1079,1502,0.13790040703634118
422,1072,1494,0.13794973468429414
420,1073,1493,0.13799577322917372
427,1097,1524,0.13804496526006826
423,1084,1507,0.1380758321534476
423,1084,1507,0.13811160192862107
421,1081,1502,0.13814590587238576
423,1096,1519,0.13818141951185958
419,1090,1509,0.13820963500707617
412,1083,1495,0.13824679407452947
410,1099,1509,0.13829888207290744
411,1101,1512,0.13835332517256016
415,1103,1518,0.13840258113734727
409,1099,1508,0.13844011665949754
402,1105,1507,0.13848981244160966
391,1116,1507,0.1385513856568847
388,1116,1504,0.13863528191744076
395,1110,1505,0.13872061164355554
394,1115,1509,0.13878314970086694
398,1109,1507,0.13884423880923072
400,1101,1501,0.13889015323832388
395,1098,1493,0.13892997703618437
396,1095,1491,0.13897842912461347
393,1093,1486,0.1390185235545493
394,1103,1497,0.13906484214765036
399,1102,1501,0.13910626992151123
399,1116,1515,0.13913319431667745
393,1127,1520,0.13916082416553288
400,1128,1528,0.13919912106319676
397,1128,1525,0.13921938879867446
391,1145,1536,0.13924592806880862
387,1139,1526,0.1392848325826114
379,1130,1509,0.1393314052310143
380,1138,1518,0.13939453747074831
378,1124,1502,0.13945152874194044
382,1110,1492,0.139510798514419
380,1136,1516,0.1395552924134649
383,1135,1518,0.13960206738031403
388,1122,1510,0.13963489712270324
387,1122,1509,0.13965196169583458
382,1121,1503,0.13967111023516096
380,1124,1504,0.13970203429464362
384,1117,1501,0.13973599750141072
380,1118,1498,0.13975690116016298
373,1124,1497,0.13978567550152035
372,1124,1496,0.13982881314380763
380,1122,1502,0.13987009184885377
385,1133,1518,0.1398890255318296
386,1137,1523,0.1398971875504429
393,1137,1530,0.1399025769660341
388,1147,1535,0.13989147751885475
380,1142,1522,0.1398924266921079
375,1136,1511,0.13991363092438683
378,1143,1521,0.13994360209977286
377,1144,1521,0.13996474166847828
378,1139,1517,0.1399886618738226
371,1140,1511,0.14000854715114863
371,1134,1505,0.1400419117458966
364,1131,1495,0.1400749070264571
373,1151,1524,0.1401212825540217
377,1155,1532,0.14014447894846943
379,1148,1527,0.1401552820187556
372,1144,1516,0.14016339888555882
376,1140,1516,0.14018859827381858
380,1135,1515,0.14020227499773075
375,1139,1514,0.1402062706159727
368,1132,1500,0.14022273846120414
364,1132,1496,0.14025237599869897
364,1135,1499,0.14029041530912117
362,1144,1506,0.14032640355755785
363,1127,1490,0.14036476459764727
362,1134,1496,0.14039537359826718
359,1149,1508,0.14042579863629448
355,1136,1491,0.14046127721315185
349,1142,1491,0.1405045617101745
355,1143,1498,0.1405584356629594
358,1132,1490,0.14059599781913013
357,1143,1500,0.14062548989057258
349,1142,1491,0.14065665332364108
351,1142,1493,0.140703582781005
354,1152,1506,0.14074104852865335
355,1165,1520,0.14076949463012237
352,1171,1523,0.14079158900032093
348,1169,1517,0.14082135932097825
344,1167,1511,0.14085949968397443
334,1164,1498,0.1409046706755361
332,1160,1492,0.14096894559948908
335,1172,1507,0.14103368864064658
329,1176,1505,0.14108894404384922
324,1168,1492,0.14115303191468798
328,1175,1503,0.14122389414648284
326,1186,1512,0.14128026293928403
322,1186,1508,0.14133901342072397
323,1183,1506,0.1414029555870027
323,1185,1508,0.14145847962010888
325,1184,1509,0.1415108757663964
322,1188,1510,0.14155632050944156
323,1184,1507,0.14160595285951538
320,1190,1510,0.14165004325856614
321,1187,1508,0.1416979111523845
323,1186,1509,0.14173977976643282
320,1194,1514,0.14177534301126632
327,1191,1518,0.14181295888194548
323,1188,1511,0.14183126556201864
323,1194,1517,0.1418571342502063
327,1201,1528,0.1418815932037151
327,1199,1526,0.14189726602620095
324,1200,1524,0.14191276107901
322,1198,1520,0.14193231379609433
322,1191,1513,0.14195547079121099
322,1195,1517,0.14197834347296825
314,1190,1504,0.14200037863006676
316,1193,1509,0.14203952000311693
316,1185,1501,0.1420714022568684
316,1180,1496,0.14210134708289263
318,1191,1509,0.14213022905225953
316,1195,1511,0.1421542662701889
319,1201,1520,0.14217927054396928
318,1204,1522,0.1421925291579532
309,1197,1506,0.14220681784562936
309,1190,1499,0.1422425639932886
308,1202,1510,0.14227374974682816
312,1199,1511,0.14230679307202784
313,1192,1505,0.14232866599755004
309,1189,1498,0.14234686191659432
305,1197,1502,0.14237381641266958
305,1199,1504,0.14240928362874297
307,1192,1499,0.14244071786215876
305,1195,1500,0.1424651352223552
307,1208,1515,0.1424940490306561
308,1209,1517,0.14251493692750647
311,1216,1527,0.14253288851881105
311,1210,1521,0.14254405224111794
310,1205,1515,0.1425559512609518
309,1214,1523,0.14256669204856973
307,1215,1522,0.14257961353435258
308,1209,1517,0.14259693331457796
311,1212,1523,0.14261167635756725
307,1217,1524,0.14261608153299685
309,1208,1517,0.1426317331620417
316,1201,1517,0.14264241984489545
317,1214,1531,0.1426367514148188
315,1215,1530,0.14263048026380168
315,1210,1525,0.14262906124933777
316,1199,1515,0.1426268040023988
319,1212,1531,0.14262315668148026
314,1209,1523,0.14260939144942097
309,1205,1514,0.14260768490263204
314,1197,1511,0.1426194477662989
317,1200,1517,0.1426186931013019
313,1217,1530,0.14261149645083981
314,1204,1518,0.14261398857627008
319,1217,1536,0.1426152527492477
313,1215,1528,0.14260393066204094
312,1215,1527,0.14260675214786547
321,1198,1519,0.14261054810238696
317,1198,1515,0.14259468810944118
314,1199,1513,0.14258895801521643
310,1202,1512,0.14258784735941973
306,1204,1510,0.14259620119190441
303,1202,1505,0.142615448232869
302,1200,1502,0.14264057119153142
305,1203,1508,0.14266550220164653
304,1212,1516,0.14268315861710354
304,1205,1509,0.14270111717685308
301,1209,1510,0.1427201023740109
301,1200,1501,0.14274308499349275
300,1209,1509,0.14276665046170586
295,1197,1492,0.1427918352024376
293,1201,1494,0.14282489844776958
298,1217,1515,0.14286097876502615
299,1225,1524,0.14288266847254946
297,1211,1508,0.14290223144927347
293,1215,1508,0.14292668014240303
289,1214,1503,0.14295871205397073
284,1205,1489,0.142997978646691
291,1216,1507,0.14304608219059642
289,1210,1499,0.14307485037006018
292,1208,1500,0.14310589273549332
290,1213,1503,0.1431271231090642
291,1222,1513,0.1431481621115018
287,1224,1511,0.1431673177866664
284,1222,1506,0.14319606515189384
280,1223,1503,0.1432298292628426
280,1229,1509,0.14327064990833432
273,1221,1494,0.14330983975332545
269,1230,1499,0.14336359461154988
271,1225,1496,0.14342170263541448
274,1244,1518,0.14347097353624366
278,1243,1521,0.1435100625507959
274,1237,1511,0.1435342114777475
280,1225,1505,0.14356571055657594
276,1231,1507,0.14358097149445523
280,1231,1511,0.14360546210852784
281,1232,1513,0.1436204835566112
280,1216,1496,0.14362965292052549
283,1225,1508,0.1436423923551714
281,1230,1511,0.14364588259845576
283,1231,1514,0.14365512627927024
279,1237,1516,0.1436553161227856
276,1234,1510,0.14366504849152853
269,1219,1488,0.14368258912951537
274,1213,1487,0.14371651012272757
274,1210,1484,0.14373253890505266
266,1223,1489,0.14374570407442142
266,1225,1491,0.14377703147293633
264,1231,1495,0.14380794832909116
262,1229,1491,0.14384224693468195
267,1231,1498,0.14387784438550485
273,1235,1508,0.14390146592334463
269,1229,1498,0.14390884736862133
272,1239,1511,0.14392737625127905
277,1228,1505,0.14393713799164057
275,1244,1519,0.1439334371331906
276,1235,1511,0.14393410515339297
276,1238,1514,0.14393344183033446
276,1251,1527,0.14393320965511225
276,1238,1514,0.14393421271417253
276,1231,1507,0.1439358408077604
268,1239,1507,0.14393858940635101
269,1241,1510,0.14396185421782284
270,1244,1514,0.14398183108328455
264,1233,1497,0.1439969246382323
262,1246,1508,0.144025189397159
269,1243,1512,0.1440567004001504
273,1244,1517,0.1440674415028797
276,1233,1509,0.14406645281163066
279,1236,1515,0.14405963117544987
285,1243,1528,0.14404711593776232
286,1237,1523,0.14402161030320115
283,1229,1512,0.14399564630044653
282,1219,1501,0.1439796253158604
282,1237,1519,0.14396968751769537
276,1226,1502,0.14396010583381924
281,1228,1509,0.1439620309916586
277,1229,1506,0.1439507912939706
280,1226,1506,0.14394990948537728
278,1222,1500,0.14394188574054045
275,1234,1509,0.1439376238610086
274,1231,1505,0.1439404255862997
275,1229,1504,0.14394777869937134
280,1232,1512,0.1439532541045906
277,1241,1518,0.14394705834669375
274,1238,1512,0.14394546725134544
276,1241,1517,0.14395207190471232
279,1241,1520,0.1439542251483122
277,1233,1510,0.1439506742737222
277,1225,1502,0.14395225610678483
280,1230,1510,0.14395244126025797
276,1234,1510,0.14394208477184606
277,1227,1504,0.1439418217514352
288,1228,1516,0.14393906279056612
286,1232,1518,0.14391231747511682
282,1238,1520,0.14389088414668216
282,1235,1517,0.1438786477950988
282,1231,1513,0.14387053047089504
288,1223,1511,0.14386137541174937
285,1223,1508,0.14383867321138183
283,1227,1510,0.14382469238017298
285,1246,1531,0.14381707939840924
283,1235,1518,0.1438067990837077
285,1236,1521,0.143803016140933
288,1245,1533,0.14379563168941636
287,1240,1527,0.14378064362785184
287,1242,1529,0.14377031240203203
285,1240,1525,0.14376239504058352
276,1234,1510,0.14375924163727716
278,1229,1507,0.14377513015820317
275,1241,1516,0.14378713318446146
268,1233,1501,0.1438029386114695
273,1221,1494,0.14383695132563015
274,1219,1493,0.1438564707057604
274,1225,1499,0.14387140449441493
276,1221,1497,0.1438853213311046
273,1229,1502,0.14389193207938983
273,1226,1499,0.14390661453147088
273,1224,1497,0.1439189109817247
277,1229,1506,0.14393218257705745
276,1226,1502,0.14393363083403235
276,1225,1501,0.14393469989663743
280,1230,1510,0.14393256121403092
278,1238,1516,0.14392293213152232
275,1233,1508,0.143920207279562
285,1220,1505,0.14392438518582668
283,1217,1500,0.14390332531149305
281,1221,1502,0.14388942100611687
280,1214,1494,0.14388169286480462
282,1228,1510,0.14387778847158483
281,1220,1501,0.14386911383615508
281,1218,1499,0.1438614787404067
281,1236,1517,0.14385503006261233
283,1229,1512,0.1438494257298951
277,1237,1514,0.14384073400527528
276,1233,1509,0.14384614191479417
280,1226,1506,0.14385428266529915
279,1232,1511,0.14385308444254993
275,1235,1510,0.1438559199469789
272,1231,1503,0.14386912398633853
271,1233,1504,0.14388583229521693
274,1256,1530,0.14390547909516888
275,1243,1518,0.143916485514761
273,1251,1524,0.14392527710514716
269,1240,1509,0.14393819844058706
272,1243,1515,0.14395793941267218
275,1243,1518,0.14397076474715412
273,1243,1516,0.1439757874243568
267,1247,1514,0.1439855740226331
263,1249,1512,0.14400852055244168
266,1262,1528,0.14403825692487188
263,1259,1522,0.14405980908037117
262,1253,1515,0.14408813004612583
258,1239,1497,0.14411667096294697
267,1243,1510,0.14415304669397253
267,1228,1495,0.14416598053920607
260,1244,1504,0.14417825291493794
252,1230,1482,0.1442068443745789
247,1241,1488,0.1442517795944358
250,1246,1496,0.14430595927447407
255,1244,1499,0.1443511219397544
257,1241,1498,0.14438023333298106
255,1248,1503,0.14440127600268993
254,1254,1508,0.14442576803690088
252,1258,1510,0.14445124995590908
258,1261,1519,0.14448032594386714
256,1270,1526,0.14449524792244373
256,1271,1527,0.14451344149281348
257,1264,1521,0.14452979558194698
247,1264,1511,0.14454188156163003
250,1253,1503,0.1445754846029027
254,1260,1514,0.1445985403084478
249,1268,1517,0.14461126307137603
256,1272,1528,0.1446354763735833
253,1284,1537,0.14463933174699853
252,1268,1520,0.14465086608043826
253,1271,1524,0.1446654804049067
256,1269,1525,0.14467635494877915
249,1264,1513,0.14468075382426973
256,1271,1527,0.14470112660314718
257,1269,1526,0.14470313633788925
253,1275,1528,0.14470130330877015
257,1257,1514,0.14470738157259738
257,1259,1516,0.1447032105745178
260,1260,1520,0.14470062535292907
257,1261,1518,0.14468890794340425
256,1259,1515,0.1446862724339104
257,1265,1522,0.14468719827819232
257,1270,1527,0.14468398740646474
256,1268,1524,0.1446821109272231
255,1269,1524,0.14468253230940342
251,1268,1519,0.14468553374020027
250,1261,1511,0.14469920033670156
244,1249,1493,0.14471476241454626
245,1265,1510,0.14474417144525845
245,1276,1521,0.14476694451206767
243,1287,1530,0.144788938641668
241,1278,1519,0.14481382858474487
230,1272,1502,0.14484358812714573
234,1267,1501,0.14489745609113777
230,1266,1496,0.14493998955736792
229,1273,1502,0.14498989991591688
232,1273,1505,0.1450392526724939
225,1280,1505,0.14507667952724565
227,1274,1501,0.1451275196911947
224,1284,1508,0.14517053596061796
225,1275,1500,0.1452189356108952
230,1274,1504,0.1452619666592228
231,1278,1509,0.14528797527428503
230,1281,1511,0.1453081170174691
231,1282,1513,0.14532866033032873
234,1286,1520,0.14534573972678144
229,1293,1522,0.1453556052415143
231,1291,1522,0.14537631223452105
228,1299,1527,0.14538841312961417
228,1296,1524,0.14540496474869483
231,1282,1513,0.145420849656026
233,1289,1522,0.14542952148862015
237,1282,1519,0.145430456108674
240,1287,1527,0.145421345299184
237,1280,1517,0.14540490525226293
238,1286,1524,0.14539581917542507
243,1278,1521,0.1453882504815096
243,1267,1510,0.1453690748140095
242,1267,1509,0.14535289487960795
236,1280,1516,0.14534198364062764
240,1265,1505,0.14534345860396772
239,1270,1509,0.14533577701888997
235,1285,1520,0.1453307985049005
239,1286,1525,0.14533714499058867
239,1286,1525,0.1453349537649352
236,1284,1520,0.14533373177691972
235,1275,1510,0.14534069395952343
233,1281,1514,0.14535054427891633
226,1279,1505,0.1453649547156296
230,1281,1511,0.1453959518628951
229,1277,1506,0.14541363324997736
224,1295,1519,0.14543341563254597
225,1295,1520,0.14546328442636894
220,1297,1517,0.1454887133934245
224,1281,1505,0.14552292858425991
224,1285,1509,0.14554581586976126
226,1285,1511,0.1455664936179932
223,1290,1513,0.14558021445959932
226,1290,1516,0.14560112959121643
228,1281,1509,0.14561482202805417
228,1285,1513,0.1456217614177634
230,1277,1507,0.14562877856650128
228,1288,1516,0.1456307210080988
222,1282,1504,0.14563621791703485
223,1286,1509,0.14565588620817813
222,1291,1513,0.14567151042007442
220,1289,1509,0.14568801540829346
218,1288,1506,0.14570878628045913
227,1293,1520,0.1457325839160499
228,1291,1519,0.1457347879810059
233,1294,1527,0.1457329487349899
230,1291,1521,0.14572002462941813
228,1310,1538,0.14571646390708662
225,1300,1525,0.14571922059828327
222,1298,1520,0.1457296999757577
224,1291,1515,0.14574752482541467
231,1287,1518,0.14575636979178147
229,1282,1511,0.14574497155776034
228,1278,1506,0.1457401722636962
229,1283,1512,0.1457371741359987
233,1286,1519,0.14573219543336777
232,1284,1516,0.14571860417486526
231,1284,1515,0.14570999673680418
238,1274,1512,0.1457050003851028
235,1280,1515,0.1456811072929672
244,1270,1514,0.145668379847612
244,1262,1506,0.14563252124422135
245,1258,1503,0.14559894535591425
251,1252,1503,0.14556282481544858
251,1263,1514,0.1455147939432311
248,1263,1511,0.14547228775461835
253,1257,1510,0.14543872392046894
247,1261,1508,0.1453947847195219
244,1260,1504,0.14537092569923385
244,1257,1501,0.14535691484681262
246,1259,1505,0.14534531594321393
246,1259,1505,0.145330548176539
249,1272,1521,0.14531559241066522
247,1280,1527,0.14529456772627417
250,1292,1542,0.14527998362086258
248,1292,1540,0.14525694143542692
248,1280,1528,0.14523868002527798
250,1277,1527,0.14522250023334812
243,1269,1512,0.14520372917522067
239,1274,1513,0.14520316060767677
235,1274,1509,0.14521183941588364
232,1262,1494,0.14522896615488598
232,1259,1491,0.14525367147097132
234,1261,1495,0.14527551975659095
231,1254,1485,0.1452916793272124
228,1267,1495,0.1453132410705245
229,1271,1500,0.1453416984206274
231,1284,1515,0.1453667935334218
226,1290,1516,0.14538625528491653
220,1278,1498,0.1454143189668469
226,1278,1504,0.14545361389144504
228,1268,1496,0.1454765216235265
232,1271,1503,0.14549458196993378
225,1281,1506,0.145501147071069
223,1289,1512,0.14552330414968878
220,1298,1518,0.14555019452589701
226,1299,1525,0.14557983486011303
225,1304,1529,0.14559354998575239
224,1295,1519,0.14560711939749807
225,1290,1515,0.14562204068147774
221,1284,1505,0.1456343425191741
222,1289,1511,0.14565612559286034
217,1291,1508,0.14567515843367118
215,1307,1522,0.14570431073943696
218,1310,1528,0.14573679178730076
219,1306,1525,0.14575881848538866
214,1299,1513,0.14577630294823687
213,1311,1524,0.1458054001738569
215,1308,1523,0.1458354016137981
217,1298,1515,0.14585704534568728
221,1301,1522,0.14587371354352682
217,1298,1515,0.14588107694788988
216,1302,1518,0.1458977780076556
217,1299,1516,0.14591435499777725
217,1295,1512,0.14592569339475683
219,1303,1522,0.14593713323735147
220,1302,1522,0.14594371422178778
215,1290,1505,0.14594870422423104
221,1281,1502,0.1459663598018435
219,1280,1499,0.14596907943249285
210,1280,1490,0.1459762178539422
216,1286,1502,0.1460053980588378
221,1279,1500,0.14601905843887175
223,1289,1512,0.1460200829354141
218,1295,1513,0.1460151646992346
220,1300,1520,0.14602201658447778
223,1293,1516,0.1460239772700029
218,1290,1508,0.14601952234519977
220,1286,1506,0.14602464987403493
217,1291,1508,0.14602464199284662
218,1303,1521,0.1460311718648044
217,1295,1512,0.1460330933549234
218,1288,1506,0.1460368239223557
215,1298,1513,0.1460392076282171
210,1306,1516,0.14604984291158174
207,1308,1515,0.1460725113771083
208,1310,1518,0.1460987342041039
208,1308,1516,0.1461200954397907
211,1304,1515,0.14614101369422428
203,1319,1522,0.1461548514931179
200,1306,1506,0.14618587045295653
200,1307,1507,0.14622276662912725
201,1310,1511,0.1462570581910349
201,1313,1514,0.1462867410951674
206,1312,1518,0.14631475226181995
207,1307,1514,0.14632719593455196
206,1292,1498,0.1463381317680276
205,1301,1506,0.14635027355760225
199,1305,1504,0.1463630959103253
197,1313,1510,0.1463877703544344
189,1317,1506,0.14641641190418525
191,1305,1496,0.14646223186200014
189,1306,1495,0.14649893697070696
188,1315,1503,0.14653837355720212
194,1316,1510,0.14657778328824775
198,1318,1516,0.14660047225073763
196,1312,1508,0.1466142845687549
197,1322,1519,0.1466324865190752
192,1322,1514,0.14664695496354874
192,1311,1503,0.1466717404846875
192,1317,1509,0.1466944852068716
190,1325,1515,0.14671628570453357
192,1318,1510,0.14674124107120295
194,1320,1514,0.14675884204861656
197,1320,1517,0.14677001902080478
194,1322,1516,0.14677352999696194
193,1324,1517,0.1467841481736011
193,1324,1517,0.1467970840481296
193,1319,1512,0.14680912748056843
186,1321,1507,0.146820243207734
185,1327,1512,0.14684627705452719
190,1329,1519,0.1468738762383255
190,1341,1531,0.14688979641831326
191,1333,1524,0.14690599510422375
193,1328,1521,0.14691964254234638
189,1312,1501,0.1469254201271121
190,1307,1497,0.1469404082643439
182,1311,1493,0.14694910341092546
187,1320,1507,0.14697689980791548
184,1328,1512,0.14699128206996095
185,1317,1502,0.14701155817030184
183,1327,1510,0.14702811565341967
177,1339,1516,0.14704849774895354
185,1328,1513,0.14708238969477733
184,1335,1519,0.14709476651997913
184,1329,1513,0.14710890229481013
183,1335,1518,0.14712293855845776
183,1340,1523,0.1471390146916337
181,1330,1511,0.1471534367941859
182,1325,1507,0.14717047488410784
185,1324,1509,0.14718384408041965
188,1332,1520,0.14718995369613863
191,1328,1519,0.14718934213347087
187,1336,1523,0.1471812885488679
185,1322,1507,0.1471833401796453
187,1318,1505,0.14718820675676306
186,1314,1500,0.14718955585119967
187,1308,1495,0.14719433085155806
190,1312,1502,0.14719664497465046
191,1312,1503,0.1471933981470843
191,1307,1498,0.14718796334890583
193,1308,1501,0.14718330426452775
193,1315,1508,0.14717359130983315
192,1316,1508,0.14716419291306743
193,1315,1508,0.1471592609962089
192,1342,1534,0.14715303554292103
191,1335,1526,0.14714960607838712
186,1331,1517,0.14714696201541635
191,1319,1510,0.14715671678729816
187,1313,1500,0.1471551909618797
190,1323,1513,0.1471630306127287
184,1331,1515,0.14716431085805307
181,1325,1506,0.14717900178898996
176,1337,1513,0.14719857809671338
175,1330,1505,0.1472287327326857
175,1342,1517,0.1472600834146399
171,1354,1525,0.1472895425562256
170,1355,1525,0.14732744449193616
171,1351,1522,0.1473662111815771
172,1339,1511,0.14740037793184577
174,1336,1510,0.14742964004830314
170,1346,1516,0.14745259933509566
162,1347,1509,0.14748277723701583
160,1352,1512,0.1475294279058754
165,1350,1515,0.14757632520956832
161,1351,1512,0.14760642359721765
159,1342,1501,0.14764469831147475
161,1347,1508,0.14768401886687482
159,1352,1511,0.1477169790669249
160,1346,1506,0.1477535084795728
162,1352,1514,0.1477857744051647
158,1357,1515,0.14781176810565244
162,1361,1523,0.14784380321867982
158,1360,1518,0.14786454695692716
157,1349,1506,0.14789338657591217
156,1353,1509,0.1479225206696373
161,1349,1510,0.1479520351642979
158,1356,1514,0.14796834257429556
161,1357,1518,0.14799227740588627
156,1360,1516,0.14800822377216197
156,1357,1513,0.14803489173190384
155,1350,1505,0.1480606078904156
156,1363,1519,0.14808674912195421
157,1366,1523,0.14810750988525428
157,1360,1517,0.1481255280444195
157,1355,1512,0.14814087724159772
156,1352,1508,0.14815623931819222
154,1346,1500,0.14817269373030825
153,1348,1501,0.14819375825062805
151,1350,1501,0.14821509990030426
152,1362,1514,0.14823825935258556
153,1355,1508,0.14825750364561677
149,1363,1512,0.14827313724375826
147,1360,1507,0.14829554939246184
150,1364,1514,0.1483213459148445
149,1363,1512,0.14833821508555983
148,1361,1509,0.14835767185749651
146,1383,1529,0.14837708647279396
148,1380,1528,0.14840126865044978
145,1372,1517,0.148420584437182
140,1383,1523,0.1484464658899552
139,1370,1509,0.14848150743058594
138,1381,1519,0.148517146037869
141,1369,1510,0.14855256183306048
142,1371,1513,0.14857932864894782
142,1363,1505,0.14860283048040285
139,1361,1500,0.14862340051189085
140,1360,1500,0.14864936711930501
137,1370,1507,0.14867095519651533
138,1361,1499,0.14869874411473089
138,1373,1511,0.14872264355064038
138,1374,1512,0.14874384957162864
140,1377,1517,0.14876222400307315
137,1380,1517,0.14877386537888757
135,1379,1514,0.14879286450311516
140,1375,1515,0.1488162371855239
141,1374,1515,0.14882312048757623
145,1373,1518,0.14882635633142816
144,1367,1511,0.14882016184963887
141,1368,1509,0.14881730635719187
142,1381,1523,0.1488217637816268
141,1380,1521,0.14882199269938426
141,1382,1523,0.14882422370020873
141,1380,1521,0.1488263279046045
141,1380,1521,0.1488268365372081
145,1377,1522,0.14882913378377555
146,1388,1534,0.1488224478649427
149,1377,1526,0.14881249420883766
143,1380,1523,0.14879693613717465
144,1387,1531,0.14879751988610243
140,1382,1522,0.14879350081420537
141,1382,1523,0.14879975001032814
141,1379,1520,0.14880292882997895
147,1385,1532,0.14880622514135944
147,1385,1532,0.14879439130897057
142,1376,1518,0.1487834488485516
137,1382,1519,0.14878582947558214
139,1377,1516,0.1488007289764621
138,1372,1510,0.14881119059528258
136,1364,1500,0.14882418507621883
137,1380,1517,0.14884091395922602
134,1366,1500,0.14885573652496967
130,1373,1503,0.1488773119444607
129,1368,1497,0.14890745860947352
131,1373,1504,0.14893785280645802
133,1383,1516,0.14896151851661904
130,1365,1495,0.14897956769546616
134,1367,1501,0.14900306055971538
134,1369,1503,0.14901542027021147
138,1374,1512,0.14902692674882356
133,1385,1518,0.14902722041771527
128,1370,1498,0.14903998203963592
127,1372,1499,0.14906403436134125
128,1376,1504,0.14908852226680241
124,1392,1516,0.1491087223556595
120,1403,1523,0.14913678370504282
118,1394,1512,0.14917192079113395
121,1399,1520,0.14920919038402583
127,1380,1507,0.14923743743155535
127,1378,1505,0.14924780936717716
126,1387,1513,0.14925718808675112
121,1394,1515,0.14926755366304428
123,1387,1510,0.14928836950802665
122,1389,1511,0.14930383490620058
122,1386,1508,0.14932194465188908
120,1392,1512,0.14933878754364172
123,1390,1513,0.14935917848273184
120,1391,1511,0.14937212113407608
120,1403,1523,0.14939178622047575
120,1409,1529,0.14941021346116604
118,1403,1521,0.14942805532125283
119,1394,1513,0.14945049629533583
118,1396,1514,0.14946746065743138
116,1398,1514,0.14948558603839188
112,1404,1516,0.14950391567215898
111,1406,1517,0.14953061064476839
112,1401,1513,0.1495592480552086
112,1405,1517,0.14958431468026157
110,1412,1522,0.14960613792452146
108,1405,1513,0.1496313844513275
107,1409,1516,0.14966051418602133
104,1407,1511,0.14969096658292724
105,1416,1521,0.14972798564608308
106,1427,1533,0.14976110446168442
105,1415,1520,0.14979047535732173
101,1422,1523,0.14982050493555515
105,1409,1514,0.14985821644709924
107,1401,1508,0.14988335322594304
110,1408,1518,0.14990004728851344
106,1414,1520,0.14990838506069346
104,1410,1514,0.149926396252516
102,1414,1516,0.14994743865196583
101,1415,1516,0.14997202963939585
100,1413,1513,0.14999832135993732
97,1425,1522,0.1500261560572625
100,1430,1530,0.15005922525509832
101,1416,1517,0.15008167556245788
101,1407,1508,0.15010068193219753
102,1406,1508,0.15011787341949595
101,1409,1510,0.15013175185886246
102,1400,1502,0.15014709328631473
100,1405,1505,0.15016013819932678
98,1403,1501,0.15017726968248726
100,1405,1505,0.15019745045247868
98,1400,1498,0.15021066215910459
99,1395,1494,0.15022844736535423
101,1395,1496,0.15024174790320907
102,1402,1504,0.15024894703876523
100,1406,1506,0.1502521614705926
103,1398,1501,0.15025855138374555
105,1409,1514,0.15025845045008798
106,1411,1517,0.15025284417129703
106,1424,1530,0.1502449142314505
105,1411,1516,0.15023724287194795
106,1408,1514,0.15023318914293046
104,1411,1515,0.1502274329573855
108,1404,1512,0.15022660192461534
107,1415,1522,0.1502146044630397
108,1405,1513,0.1502074421417384
102,1395,1497,0.15019812739145022
106,1390,1496,0.15020571522555773
108,1398,1506,0.15020176010781267
107,1419,1526,0.15019334910138668
106,1412,1518,0.15018904671443623
108,1412,1520,0.15018747532323531
105,1398,1503,0.15017934122263757
106,1388,1494,0.15017976633553975
106,1403,1509,0.1501775247850286
109,1399,1508,0.15017411734165267
107,1403,1510,0.15016465248299798
107,1408,1515,0.15016180602851323
108,1408,1516,0.15015966483680315
107,1392,1499,0.15015374411151952
106,1391,1497,0.15015175567818076
99,1398,1497,0.15015250438281177
103,1396,1499,0.15017055957468234
102,1404,1506,0.1501765755534471
104,1423,1527,0.15018564289106315
105,1415,1520,0.15018832058152534
106,1410,1516,0.15018901866973583
104,1407,1511,0.15018784447179137
104,1404,1508,0.15019181461077444
102,1408,1510,0.15019610913883652
103,1397,1500,0.1502046680019982
101,1401,1502,0.15020994070977114
100,1397,1497,0.15021926632252103
101,1400,1501,0.150231335326086
102,1407,1509,0.15023978133370772
103,1412,1515,0.15024421018426476
102,1423,1525,0.15024734109470864
98,1429,1527,0.15025352864295782
98,1424,1522,0.15026922350738908
99,1434,1533,0.15028488851233518
95,1418,1513,0.15029723156890148
97,1416,1513,0.15031853266607556
99,1406,1505,0.1503335342928582
99,1405,1504,0.15034110914706075
102,1406,1508,0.15034695405001017
104,1413,1517,0.15034517571385897
99,1400,1499,0.1503390861760683
99,1409,1508,0.1503451858423104
102,1417,1519,0.15034843442536114
102,1398,1500,0.15034419767240675
102,1395,1497,0.1503425651935932
101,1408,1509,0.1503414417437035
102,1408,1510,0.1503401780595977
100,1409,1509,0.15033781911032051
100,1416,1516,0.150341221841873
101,1423,1524,0.15034555920879833
103,1429,1532,0.15034747179931693
102,1418,1520,0.15034415339869883
102,1426,1528,0.15034484801718648
103,1411,1514,0.15034580398581776
102,1397,1499,0.1503425453571071
99,1411,1510,0.15034173008162852
98,1406,1504,0.1503468851492981
100,1425,1525,0.15035508310294357
98,1424,1522,0.1503578924214093
96,1424,1520,0.15036597942165103
95,1406,1501,0.15037935473779426
96,1419,1515,0.15039339807442204
95,1410,1505,0.15040366702194444
96,1401,1497,0.15041561229965336
99,1412,1511,0.15042558599566858
101,1417,1518,0.1504270993977508
97,1420,1517,0.15042388834656187
96,1426,1522,0.15043117350750512
95,1418,1513,0.15044097074641413
97,1416,1513,0.15045232800911854
94,1416,1510,0.15045646155917802
90,1431,1521,0.15046802000251
90,1427,1517,0.15048878727394058
91,1423,1514,0.15050761116301511
93,1430,1523,0.15052316056223225
93,1419,1512,0.15053387701001042
94,1422,1516,0.15054372278646214
92,1420,1512,0.1505505869475829
90,1422,1512,0.1505627610782
94,1432,1526,0.15057933459836115
90,1438,1528,0.15058450658687358
92,1438,1530,0.15059882819143097
91,1437,1528,0.15060832423733003
88,1437,1525,0.15061927299013944
87,1436,1523,0.15063657111204257
88,1423,1511,0.15065568770761043
87,1423,1510,0.15067079556694854
85,1426,1511,0.1506878168673089
83,1423,1506,0.15070790555116992
87,1430,1517,0.15073151768622126
85,1420,1505,0.15074492887584762
87,1422,1509,0.1507620230104733
85,1418,1503,0.1507734738387312
86,1421,1507,0.1507895980039866
81,1426,1507,0.15080189048779336
79,1434,1513,0.15082496385394153
81,1417,1498,0.15085240436140318
79,1416,1495,0.15087178100738285
75,1422,1497,0.15089500411415124
74,1423,1497,0.15092598803068277
75,1421,1496,0.1509556234428661
74,1436,1510,0.15098095212486073
68,1442,1510,0.1510071349386518
67,1433,1500,0.15104477917675788
70,1432,1502,0.15108246494689798
67,1448,1515,0.151109611981138
68,1454,1522,0.15114229240443564
70,1442,1512,0.15117120137322496
70,1446,1516,0.1511916358989449
67,1443,1510,0.1512117090873006
66,1442,1508,0.15123801733884298
62,1438,1500,0.15126563204147397
61,1445,1506,0.1512997268009294
68,1448,1516,0.15133467885651505
69,1443,1512,0.15135034747872664
66,1458,1524,0.15136091781541
69,1448,1517,0.15137844023065433
68,1455,1523,0.1513853381395822
67,1450,1517,0.15139584145499105
65,1459,1524,0.151407892806549
64,1454,1518,0.15142360114840403
66,1454,1520,0.1514409725363787
62,1445,1507,0.15145248322397842
62,1451,1513,0.15147314152825575
62,1453,1515,0.15149289640036134
62,1459,1521,0.15151228475832504
64,1468,1532,0.151529964566482
68,1455,1523,0.15154190185367358
65,1452,1517,0.1515424018793702
64,1447,1511,0.15154939262436906
63,1449,1512,0.15155871058251816
62,1451,1513,0.15156955157428226
60,1454,1514,0.15158316257883248
59,1448,1507,0.1516013069513788
58,1453,1511,0.1516212429293274
57,1446,1503,0.15164199573762416
58,1451,1509,0.15166486830890596
58,1464,1522,0.15168398145666626
58,1458,1516,0.15170123117014594
59,1446,1505,0.15171663993461074
58,1451,1509,0.15172841747968815
58,1444,1502,0.15174241460303836
59,1444,1503,0.15175645150012967
55,1452,1507,0.15176683847183817
53,1458,1511,0.15178634731940677
55,1458,1513,0.15180963928383162
52,1458,1510,0.15182744144708807
52,1469,1521,0.15185173397438714
50,1473,1523,0.15187489289460604
49,1476,1525,0.15190036031435641
45,1475,1520,0.15192680234532877
45,1469,1514,0.1519605704860192
48,1465,1513,0.15199263618146047
48,1464,1512,0.15201487402023964
43,1466,1509,0.1520354979266139
41,1472,1513,0.1520668428115777
43,1464,1507,0.1521005602847114
45,1476,1521,0.15212613230067432
44,1487,1531,0.15214591515688308
43,1484,1527,0.1521671467717075
43,1480,1523,0.1521897140070876
43,1472,1515,0.15221017048439386
42,1471,1513,0.1522298313619664
42,1457,1499,0.15225176941203183
42,1464,1506,0.1522727115698955
41,1469,1510,0.1522926855295638
39,1491,1530,0.1523134292433566
39,1476,1515,0.15233748325945148
36,1471,1507,0.15235931788713192
36,1477,1513,0.1523878395787501
37,1484,1521,0.1524127072887689
38,1482,1520,0.15243368308945726
38,1490,1528,0.15245081259922966
42,1473,1515,0.15246733447410002
40,1472,1512,0.15247057040290846
39,1475,1514,0.15247908966230464
40,1465,1505,0.152489858516996
40,1478,1518,0.15249829301186377
40,1476,1516,0.15250674393376382
41,1488,1529,0.15251425291052303
40,1491,1531,0.15251904046822337
40,1491,1531,0.15252620471657657
40,1483,1523,0.1525334137292529
38,1479,1517,0.15254061849772943
38,1463,1501,0.15255102321510342
39,1468,1507,0.15256023993783097
39,1464,1503,0.15256717871184727
39,1463,1502,0.15257341397815946
37,1464,1501,0.1525786873951086
37,1463,1500,0.1525885294550652
37,1485,1522,0.1525982772836811
37,1486,1523,0.15260788780479026
35,1482,1517,0.15261732527315913
36,1486,1522,0.15262987879945789
35,1491,1526,0.15263987136270374
36,1491,1527,0.1526519322974918
38,1478,1516,0.15266001652572075
37,1463,1500,0.1526616728599024
37,1476,1513,0.15266611514287917
39,1473,1512,0.152670823604916
39,1471,1510,0.15267006967021632
35,1463,1498,0.15266993075805296
33,1462,1495,0.1526791806323049
35,1475,1510,0.15269260188421901
38,1480,1518,0.15270005165886952
38,1490,1528,0.1526992130676734
39,1483,1522,0.1526990349134596
36,1491,1527,0.152696143035961
36,1484,1520,0.15270137145292131
37,1485,1522,0.15270673977512778
38,1482,1520,0.1527089206539135
37,1495,1532,0.15270902818898344
37,1498,1535,0.15271172531867422
36,1488,1524,0.1527146752258308
35,1483,1518,0.1527205298574441
36,1467,1503,0.15272844274155623
34,1464,1498,0.1527318101998668
34,1465,1499,0.15273973423605652
33,1472,1505,0.1527475332758024
33,1471,1504,0.1527574085583328
35,1471,1506,0.1527670084855763
35,1477,1512,0.15277065107715182
38,1469,1507,0.15277230189700688
38,1470,1508,0.1527662887384652
38,1464,1502,0.1527613094419637
37,1477,1514,0.15275723656321766
37,1465,1502,0.15275612117847487
36,1472,1508,0.15275501126824642
35,1476,1511,0.1527557434467319
34,1492,1526,0.15275921347632615
32,1499,1531,0.15276521708818952
32,1500,1532,0.15277566643705476
33,1492,1525,0.1527847474244746
33,1481,1514,0.15279045658398188
34,1484,1518,0.15279631970254787
34,1481,1515,0.15279993907541634
33,1481,1514,0.1528037666404197
31,1481,1512,0.1528100486275475
30,1495,1525,0.15282083202735397
29,1498,1527,0.1528333903973137
30,1488,1518,0.15284766536809505
30,1487,1517,0.15285902022919173
31,1478,1509,0.15286989831024334
31,1493,1524,0.1528770432151104
32,1497,1529,0.15288403408898799
31,1493,1524,0.15288757413536147
32,1491,1523,0.15289234854967418
32,1491,1523,0.15289305686333446
34,1477,1511,0.15289427846225462
33,1480,1513,0.1528897459728375
31,1487,1518,0.1528871546304732
31,1476,1507,0.1528890758763843
30,1484,1514,0.15289156356870373
31,1496,1527,0.15289666190282555
33,1493,1526,0.15289979350349028
33,1495,1528,0.15289758687744873
32,1483,1515,0.15289610648958302
30,1474,1504,0.1528970672158872
32,1474,1506,0.1529027865811919
32,1471,1503,0.15290412759362046
32,1483,1515,0.15290582641810144
32,1494,1526,0.15290781873306158
30,1508,1538,0.15291004823941123
29,1508,1537,0.15291680005211578
30,1479,1509,0.15292556900973572
33,1472,1505,0.15293020270536403
32,1476,1508,0.1529270667941763
31,1482,1513,0.1529267955883321
30,1469,1499,0.15292945076880568
31,1470,1501,0.1529345851146247
30,1480,1510,0.1529364729750999
29,1488,1517,0.15294084200897254
26,1484,1510,0.1529474597647821
27,1490,1517,0.1529608046666987
28,1488,1516,0.15297131977693884
28,1487,1515,0.1529777350711348
28,1479,1507,0.1529841388435538
28,1487,1515,0.1529894917313344
28,1485,1513,0.15299382716170737
29,1496,1525,0.1529979520024143
31,1504,1535,0.1529997247331803
31,1497,1528,0.15299514188615038
31,1495,1526,0.15299149058038522
32,1496,1528,0.15298865152069546
32,1502,1534,0.15298324700956667
33,1511,1544,0.15297891142497647
32,1507,1539,0.15297209397877354
33,1506,1539,0.15296841210874335
30,1488,1518,0.15296279146718045
30,1474,1504,0.1529640410968046
29,1487,1516,0.1529656711631552
30,1483,1513,0.15296957449147988
30,1494,1524,0.15297042214602394
31,1484,1515,0.1529707942348375
33,1483,1516,0.15296827712017058
35,1495,1530,0.15296075073822707
36,1485,1521,0.15294903572695934
38,1487,1525,0.1529363561456871
37,1487,1524,0.15291911666123936
37,1488,1525,0.15290487124471672
38,1487,1525,0.15289229771186444
38,1495,1533,0.15287787318421886
37,1494,1531,0.15286510271861084
37,1495,1532,0.15285615347083228
35,1486,1521,0.15284836431289972
39,1482,1521,0.1528451843677887
38,1483,1521,0.15283169165682142
38,1482,1520,0.1528219282329607
37,1491,1528,0.15281340581217126
37,1490,1527,0.15280716131442
40,1482,1522,0.15280086036106488
39,1473,1512,0.15278686639680675
40,1486,1526,0.15277675709091174
41,1486,1527,0.15276505936658907
42,1463,1505,0.15275255686159622
41,1472,1513,0.15273885934666243
40,1472,1512,0.1527288442409283
42,1483,1525,0.15272166076769478
39,1478,1517,0.15271018892295346
42,1466,1508,0.15270675440249465
41,1477,1518,0.15269659937828886
39,1473,1512,0.15268891895021988
40,1481,1521,0.15268699868417543
41,1488,1529,0.1526825189438913
42,1488,1530,0.1526764167717311
41,1479,1520,0.15266881022209194
42,1482,1524,0.15266440383953409
42,1491,1533,0.15265655156979477
44,1488,1532,0.1526487185819673
43,1464,1507,0.15263559241950722
44,1459,1503,0.15262588561367346
43,1467,1510,0.15261427367134828
43,1473,1516,0.15260645973306494
45,1480,1525,0.1525998663077363
46,1464,1510,0.15258820505275147
43,1457,1500,0.15257583132752306
41,1473,1514,0.15257197402005895
42,1474,1516,0.15257441988758105
42,1478,1520,0.15257291235821038
43,1495,1538,0.15257150905930172
44,1481,1525,0.15256751558994489
46,1475,1521,0.15256113614585967
46,1471,1517,0.15254978395844063
46,1478,1524,0.15253880466546202
44,1478,1522,0.15252930891200184
42,1478,1520,0.1525255373556455
45,1475,1520,0.15252597522545305
49,1471,1520,0.15251819597497632
48,1479,1527,0.1525014037473636
48,1475,1523,0.15248906184224892
49,1470,1519,0.1524771651354168
48,1474,1522,0.15246357088255105
48,1476,1524,0.15245386967550914
46,1469,1515,0.152445535669681
44,1459,1503,0.15244278234079922
43,1457,1500,0.152445618489228
42,1459,1501,0.15245087538708002
42,1462,1504,0.1524589171122116
43,1451,1494,0.1524668503409932
43,1469,1512,0.15247024830616066
42,1467,1509,0.152473657733038
44,1468,1512,0.15247837910277842
46,1471,1517,0.15247851591713096
46,1468,1514,0.15247268845426246
46,1481,1527,0.1524679418981737
46,1468,1514,0.1524635862073776
46,1469,1515,0.1524592016363444
46,1456,1502,0.15245576092970117
47,1468,1515,0.1524520284821197
47,1471,1518,0.15244551988480018
46,1473,1519,0.15244015061448443
45,1477,1522,0.15243719947965265
45,1468,1513,0.15243535464123564
46,1457,1503,0.152433322083501
47,1455,1502,0.15243001771709772
47,1442,1489,0.15242508162748258
48,1466,1514,0.15242055903726037
49,1457,1506,0.15241376075335564
49,1462,1511,0.15240487955682133
51,1450,1501,0.15239610601834364
51,1451,1502,0.15238360886882588
52,1462,1514,0.1523726941725338
51,1456,1507,0.15235985994749204
50,1456,1506,0.15235083979962238
48,1450,1498,0.15234566145436537
47,1458,1505,0.15234502213913667
48,1455,1503,0.15234624947876177
48,1447,1495,0.15234510559899284
49,1457,1506,0.15234467616957145
50,1466,1516,0.15234158147972496
49,1451,1500,0.15233691840742036
45,1462,1507,0.15233494485469506
45,1464,1509,0.1523424228702625
45,1468,1513,0.15234994374490646
46,1456,1502,0.15235739949328117
46,1463,1509,0.15236140335920262
45,1469,1514,0.15236566020440018
44,1484,1528,0.15237223408515044
44,1474,1518,0.1523809239660967
44,1470,1514,0.15238945867861856
44,1491,1535,0.15239781141193956
45,1477,1522,0.15240596048795907
45,1468,1513,0.1524106566244965
45,1477,1522,0.15241328230262532
45,1470,1515,0.15241432983894965
44,1477,1521,0.1524159734076319
43,1473,1516,0.15242026968213318
43,1468,1511,0.15242713845895853
43,1462,1505,0.15243359421212133
43,1459,1502,0.15244012723656739
45,1465,1510,0.15244556984190014
46,1459,1505,0.15244464481866926
45,1476,1521,0.1524411514015016
45,1479,1524,0.15244075273108704
45,1481,1526,0.15244049136123342
45,1481,1526,0.1524408653195652
44,1490,1534,0.15244177611171358
44,1480,1524,0.1524452697129971
44,1456,1500,0.15244789150326463
44,1465,1509,0.15245087351756073
44,1465,1509,0.15245414342092092
42,1463,1505,0.15245651193203988
44,1461,1505,0.1524635401630792
45,1460,1505,0.15246484285996284
46,1473,1519,0.15246375878419285
46,1469,1515,0.15246098122041804
45,1474,1519,0.15245806668820885
46,1465,1511,0.1524580208795989
46,1475,1521,0.15245423863135601
45,1470,1515,0.15245037419521046
46,1480,1526,0.1524484899092321
45,1470,1515,0.15244418033238505
45,1488,1533,0.15244306323423137
47,1489,1536,0.15244229700946924
49,1487,1536,0.15243566715729912
49,1484,1533,0.15242445509831895
48,1481,1529,0.15241480013423314
48,1473,1521,0.15240945949718368
49,1467,1516,0.1524043263913043
50,1471,1521,0.15239691133789177
49,1464,1513,0.15238738107944005
53,1460,1513,0.15238049690625707
53,1465,1518,0.15236321379788678
50,1448,1498,0.15234681603766417
52,1447,1499,0.15233884395744113
51,1456,1507,0.15232679035344204
49,1468,1517,0.15231859356536034
48,1453,1501,0.15231631655799469
47,1462,1509,0.15231712674789877
50,1459,1509,0.15232065177634976
49,1457,1506,0.15231666803692342
47,1452,1499,0.15231578220553685
47,1478,1525,0.15232104645876987
47,1476,1523,0.15232639378127746
46,1468,1514,0.15233177980818208
47,1465,1512,0.1523385380469972
48,1463,1511,0.15234110708704052
47,1459,1506,0.152340617576445
47,1453,1500,0.152341794105318
47,1437,1484,0.15234354745373188
48,1442,1490,0.15234655007311695
49,1450,1499,0.15234569089919742
47,1458,1505,0.1523411759045551
48,1466,1514,0.15234299762156311
46,1462,1508,0.1523430790542533
49,1459,1508,0.1523481141648275
49,1458,1507,0.15234626305352345
47,1452,1499,0.15234500725251462
46,1454,1500,0.15234861328938276
44,1471,1515,0.1523545594727843
42,1467,1509,0.15236482926747258
41,1472,1513,0.15237946471346833
38,1483,1521,0.15239570395604685
36,1472,1508,0.15241780540944355
37,1475,1512,0.15244193738022765
35,1476,1511,0.15246243885960872
38,1466,1504,0.15248625772218918
36,1483,1519,0.1525008986302491
35,1491,1526,0.15251950931966657
37,1485,1522,0.15254035157344575
39,1482,1521,0.15255356071326212
39,1472,1511,0.15256149428245672
39,1481,1520,0.1525685531028412
38,1474,1512,0.1525746447496891
41,1473,1514,0.15258246314774093
41,1483,1524,0.15258258635275956
41,1487,1528,0.1525822508509243
38,1490,1528,0.15258255182020267
37,1496,1533,0.15258988717305766
38,1491,1529,0.1525983954980705
39,1484,1523,0.15260480492829168
40,1489,1529,0.1526080539903875
41,1494,1535,0.15260839390564548
40,1484,1524,0.15260606290007353
41,1472,1513,0.15260667101145786
41,1466,1507,0.1526037646629063
39,1452,1491,0.15260175209714458
40,1461,1501,0.1526048252855425
38,1483,1521,0.152603959023431
37,1486,1523,0.1526081726867765
36,1487,1523,0.1526149480400381
35,1479,1514,0.1526241762063387
36,1490,1526,0.1526355564048092
38,1492,1530,0.15264433438037486
37,1477,1514,0.1526465158089553
36,1482,1518,0.15265133125149474
38,1474,1512,0.1526586687831138
36,1488,1524,0.15266015239140412
37,1484,1521,0.15266648670795888
34,1485,1519,0.15266970664765464
38,1483,1521,0.1526800252874397
36,1478,1514,0.15267834344243095
36,1489,1525,0.1526820585492621
36,1478,1514,0.15268623899698666
35,1472,1507,0.15268981355438327
35,1476,1511,0.1526961006664261
32,1479,1511,0.15270206725927685
32,1479,1511,0.1527154292587883
33,1482,1515,0.15272734132341115
33,1490,1523,0.15273682470346858
32,1482,1514,0.15274620332526212
33,1482,1515,0.15275765707808273
34,1486,1520,0.15276555389886481
34,1487,1521,0.15277029152519098
34,1481,1515,0.15277350029103454
33,1476,1509,0.1527771369875831
33,1483,1516,0.15278215139552423
33,1487,1520,0.15278747796452394
33,1482,1515,0.15279303816915546
33,1489,1522,0.15279940337907758
33,1507,1540,0.1528057771248093
31,1496,1527,0.15281212086639698
29,1497,1526,0.15282269879344823
30,1488,1518,0.1528364188439603
33,1490,1523,0.15284558129410566
33,1494,1527,0.15284603888256082
33,1485,1518,0.15284712959564323
32,1487,1519,0.15284875119322486
29,1496,1525,0.15285208759782914
30,1482,1512,0.15286252716775653
30,1479,1509,0.1528705354252509
29,1471,1500,0.15287851073313127
29,1489,1518,0.15288901239205976
29,1481,1510,0.1528992028597618
27,1475,1502,0.15290906910306856
28,1472,1500,0.15292291322876522
28,1468,1496,0.1529328840105658
27,1483,1510,0.15294146459686875
27,1497,1524,0.1529520761794692
28,1490,1518,0.15296240499112024
28,1490,1518,0.15296989722455248
31,1489,1520,0.15297726574625792
32,1488,1520,0.15297481446210204
31,1488,1519,0.15297012242101585
31,1489,1520,0.15296848006044086
29,1484,1513,0.15296748014984302
29,1489,1518,0.15297137849638437
30,1492,1522,0.15297534987138822
32,1494,1526,0.152976219684886
32,1491,1523,0.15297288934167905
30,1485,1515,0.152970220475792
29,1486,1515,0.152972705601419
29,1492,1521,0.1529764498732688
27,1492,1519,0.1529803915492601
28,1489,1517,0.1529887137251295
28,1487,1515,0.15299426024188498
26,1487,1513,0.1529989780197727
25,1481,1506,0.15300817070472686
26,1471,1497,0.153019458590771
27,1483,1510,0.1530273147283481
27,1498,1525,0.15303172070687396
27,1490,1517,0.15303653322128916
28,1501,1529,0.15304036768689067
27,1492,1519,0.15304120085361742
27,1499,1526,0.15304530665838442
27,1506,1533,0.1530495745087167
27,1497,1524,0.15305395494309823
29,1498,1527,0.15305840531207257
27,1498,1525,0.15305651893623312
26,1496,1522,0.15305957841523057
25,1501,1526,0.1530651070332329
27,1496,1523,0.1530724857118486
29,1484,1513,0.15307356278086778
28,1492,1520,0.1530682683080089
27,1488,1515,0.1530661841763214
27,1474,1501,0.15306720579089564
27,1481,1508,0.15306873420666287
25,1482,1507,0.1530706836675733
25,1492,1517,0.1530773184966105
25,1491,1516,0.1530836333682334
24,1483,1507,0.1530899739349331
24,1484,1508,0.15309884365363927
23,1482,1505,0.15310747004820452
21,1484,1505,0.15311800155215902
22,1493,1515,0.15313251982883666
21,1494,1515,0.15314408951054356
22,1492,1514,0.15315737380367953
24,1495,1519,0.15316687888944702
23,1497,1520,0.15317104044331964
25,1488,1513,0.15317740870490762
26,1494,1520,0.15317816827865824
27,1501,1528,0.15317598748221944
26,1494,1520,0.1531710968245901
25,1497,1522,0.15316946721773766
25,1499,1524,0.15317048633246474
26,1497,1523,0.15317182125885073
25,1496,1521,0.15317114913636545
23,1506,1529,0.1531729737212985
25,1502,1527,0.1531798329091125
25,1497,1522,0.15318048939918197
24,1504,1528,0.15318145978110687
24,1501,1525,0.15318520747156109
23,1490,1513,0.15318876501198614
23,1486,1509,0.15319452236974793
22,1492,1514,0.15320015700119222
21,1477,1498,0.15320778954369482
22,1481,1503,0.15321732407838873
23,1494,1517,0.1532240331819445
22,1491,1513,0.15322742086540295
21,1492,1513,0.1532332111344283
22,1499,1521,0.15324089534084975
23,1494,1517,0.15324507922657835
23,1497,1520,0.15324702572533513
22,1500,1522,0.15324912012352349
22,1498,1520,0.1532534568116622
22,1492,1514,0.15325774747189055
23,1494,1517,0.1532608951559857
22,1496,1518,0.15326189074264562
23,1496,1519,0.1532652497016802
23,1491,1514,0.15326620619414372
23,1502,1525,0.153267348673381
22,1496,1518,0.15326864238834564
21,1497,1518,0.15327219038181528
20,1498,1518,0.15327786237775975
20,1499,1519,0.15328549564397334
21,1498,1519,0.15329281059899746
23,1486,1509,0.1532966030547553
22,1487,1509,0.1532937602706103
21,1484,1505,0.1532945289059581
19,1493,1512,0.15329770351554267
20,1485,1505,0.1533053489880888
23,1485,1508,0.1533101365122375
23,1502,1525,0.15330779143707857
23,1506,1529,0.15330588558508096
21,1486,1507,0.15330436365344602
22,1503,1525,0.15330794203908638
23,1482,1505,0.1533088252484505
22,1484,1506,0.1533072436735075
19,1488,1507,0.1533081241817371
19,1488,1507,0.15331563295593453
22,1485,1507,0.1533218085042562
21,1488,1509,0.15332003492044138
22,1496,1518,0.15332180150008187
21,1499,1520,0.15332132025726203
20,1495,1515,0.1533233923066818
20,1495,1515,0.15332790568390792
22,1488,1510,0.15333232252185724
23,1487,1510,0.15333014556551783
22,1485,1507,0.15332542364745116
23,1495,1518,0.15332357604980573
24,1484,1508,0.15331961945018943
24,1482,1506,0.15331363927226746
24,1482,1506,0.15330840653112715
23,1486,1509,0.15330383889314703
23,1495,1518,0.15330209210538664
21,1495,1516,0.15330072883978335
22,1500,1522,0.15330406234043722
23,1502,1525,0.15330516939500152
23,1508,1531,0.15330409810853912
23,1521,1544,0.15330329625626352
22,1499,1521,0.15330272776178083
19,1495,1514,0.15330465597526893
19,1497,1516,0.15331304025371761
20,1499,1519,0.15332103913844153
18,1514,1532,0.15332542053254555
19,1510,1529,0.15333426449231433
19,1508,1527,0.15334112834527125
18,1502,1520,0.15334767147275102
17,1513,1530,0.15335615449150075
18,1511,1529,0.15336635659732922
17,1517,1534,0.1533736259410203
18,1510,1528,0.153382678484092
18,1502,1520,0.15338858594539953
17,1509,1526,0.1533942476985224
16,1509,1525,0.15340184441928126
17,1512,1529,0.15341129223156053
17,1506,1523,0.1534179341674059
16,1510,1526,0.1534242564375845
15,1504,1519,0.15343268988655304
16,1485,1501,0.15344287942229354
16,1472,1488,0.1534499601896018
16,1476,1492,0.15345667278907285
16,1497,1513,0.15346303345410456
16,1501,1517,0.15346905803181402
16,1503,1519,0.1534747619482344
16,1493,1509,0.15348016018126132
16,1507,1523,0.1534852672403343
16,1507,1523,0.15349009715195272
16,1505,1521,0.15349466345022866
16,1497,1513,0.1534983110155494
17,1495,1512,0.15350182605992266
16,1498,1514,0.1535029078886598
17,1488,1505,0.15350615383654886
19,1490,1509,0.15350603305355873
20,1494,1514,0.15350057264654127
20,1491,1511,0.15349245530109346
20,1496,1516,0.15348519129782698
20,1490,1510,0.15347869438979533
20,1495,1515,0.15347288685525906
21,1491,1512,0.15346769866602897
20,1493,1513,0.15345979958634484
19,1484,1503,0.153455864924968
19,1508,1527,0.15345455397276117
18,1502,1520,0.15345294856263864
17,1490,1507,0.15345425271335947
17,1479,1496,0.15345776207334308
17,1499,1516,0.15346119047083676
16,1505,1521,0.15346404704979694
16,1512,1528,0.15346903120541824
15,1502,1517,0.1534741439174086
15,1493,1508,0.15348141189769968
16,1486,1502,0.1534871818131527
16,1490,1506,0.15349056530353938
16,1492,1508,0.1534938985250836
16,1497,1513,0.15349716932891655
15,1495,1510,0.1535003677837344
14,1498,1512,0.15350566204714527
13,1505,1518,0.1535128658918792
14,1500,1514,0.1535218523916645
14,1484,1498,0.1535280091729185
13,1494,1507,0.15353388699290135
14,1500,1514,0.15354166415996734
14,1496,1510,0.153546658092971
14,1494,1508,0.1535511201597524
14,1518,1532,0.15355469797554297
14,1516,1530,0.1535571277732242
14,1510,1524,0.15355967894927017
15,1499,1514,0.1535623179809498
15,1491,1506,0.1535620241783752
15,1496,1511,0.15356202794664442
15,1484,1499,0.15356228431571814
15,1488,1503,0.15356275362566696
15,1509,1524,0.15356340095735313
15,1513,1528,0.15356419562128454
15,1500,1515,0.15356511069885267
16,1494,1510,0.15356612263073544
16,1497,1513,0.15356397008550926
16,1499,1515,0.1535621783247803
16,1508,1524,0.15356070328660876
17,1508,1525,0.1535595057124944
15,1513,1528,0.15355535863234826
15,1503,1518,0.1535561164596228
15,1491,1506,0.1535570521825062
15,1491,1506,0.1535581333241626
13,1496,1509,0.15355933147248063
13,1505,1518,0.15356492696242963
12,1503,1515,0.15357032790300745
12,1499,1511,0.15357763465891008
11,1497,1508,0.15358461997324588
13,1493,1506,0.15359352662757153
11,1492,1503,0.15359720985615977
12,1490,1502,0.15360509621484028
13,1494,1507,0.15361039301387763
14,1499,1513,0.15361320450307137
14,1495,1509,0.15361269275813594
15,1497,1512,0.15361242203102202
16,1500,1516,0.15360975200703383
16,1518,1534,0.153604184052519
15,1518,1533,0.15359925731930743
15,1500,1515,0.15359707582960028
14,1499,1513,0.15359527532712036
14,1495,1509,0.1535959752083702
12,1504,1516,0.15359683425752407
12,1506,1518,0.1536025714101138
13,1502,1515,0.1536080822272445
13,1497,1510,0.15361068809144382
12,1501,1513,0.1536132859142458
12,1496,1508,0.15361814983589095
11,1498,1509,0.15362282636434635
12,1498,1510,0.15362921867879048
11,1507,1518,0.15363211921733905
11,1505,1516,0.15363723847913513
10,1517,1527,0.1536422291325973
9,1517,1526,0.15364922268388675
9,1503,1512,0.15365809165928346
9,1510,1519,0.15366655611244828
10,1510,1520,0.15367462743045662
10,1507,1517,0.1536797078951844
11,1509,1520,0.15368462164494606
10,1503,1513,0.15368686141717772
9,1512,1521,0.15369137397674965
10,1503,1513,0.15369787918170824
10,1502,1512,0.1537018894167749
9,1511,1520,0.15370576414170867
10,1514,1524,0.15371164857811156
9,1520,1529,0.15371504573559652
9,1519,1528,0.15372050764809772
9,1524,1533,0.1537257107565846
9,1527,1536,0.15373066356216408
9,1508,1517,0.15373537475615962
9,1507,1516,0.15373985313985938
8,1512,1520,0.15374410755579024
7,1519,1526,0.15374916290466734
7,1514,1521,0.15375628858162416
5,1522,1527,0.1537631062859671
5,1515,1520,0.15377395742269986
5,1506,1511,0.15378424854666484
5,1509,1514,0.15379400419234637
5,1517,1522,0.15380324831010975
4,1501,1505,0.1538120042151405
3,1509,1512,0.15382294278795755
4,1506,1510,0.15383539551357905
4,1499,1503,0.15384383145414776
4,1504,1508,0.15385187136383835
4,1511,1515,0.15385952815340267
4,1517,1521,0.15386681501608798
3,1513,1516,0.15387374530841566
2,1510,1512,0.15388252143664582
2,1504,1506,0.15389299593409608
2,1513,1515,0.15390289665250162
2,1530,1532,0.15391225244376586
2,1526,1528,0.1539210909838251
2,1511,1513,0.1539294387886809
2,1524,1526,0.1539373212347814
2,1520,1522,0.15394476258297574
2,1513,1515,0.15395178600536258
2,1506,1508,0.1539584136144391
2,1519,1521,0.15396466649403276
2,1511,1513,0.15397056473156645
2,1514,1516,0.15397612745126732
2,1516,1518,0.15398137284798286
2,1527,1529,0.15398631822131548
2,1517,1519,0.15399098000982783
2,1516,1518,0.15399537382510942
2,1517,1519,0.15399951448552532
2,1522,1524,0.15400341604949935
2,1525,1527,0.15400709184820716
2,1511,1513,0.154010554517577
2,1505,1507,0.15401381602951722
2,1513,1515,0.15401688772230376
2,1511,1513,0.15401978033007774
2,1517,1519,0.15402250401141523
2,1502,1504,0.1540250683769426
2,1516,1518,0.15402748251598025
2,1504,1506,0.15402975502220598
2,1513,1515,0.15403189401833628
2,1505,1507,0.15403390717982984
2,1528,1530,0.15403580175762227
2,1522,1524,0.15403758459990594
2,1524,1526,0.15403926217297198
2,1524,1526,0.15404084058113404
2,1514,1516,0.15404232558575667
2,1513,1515,0.15404372262341204
2,1496,1498,0.15404503682319096
2,1502,1504,0.1540462730231945
2,1497,1499,0.15404743578623425
2,1499,1501,0.15404852941476818
2,1517,1519,0.15404955796510125
2,1526,1528,0.15405052526087856
2,1518,1520,0.15405143490589884
2,1505,1507,0.15405229029627623
2,1503,1505,0.1540530946319785
2,1512,1514,0.15405385092776702
2,1507,1509,0.15405456202356674
2,1521,1523,0.15405523059429005
2,1524,1526,0.15405585915914088
2,1520,1522,0.1540564500904226
2,1519,1521,0.15405700562187338
2,1523,1525,0.15405752785655158
1,1515,1516,0.15405801877429348
1,1500,1501,0.15406063824742802
1,1505,1506,0.15406309910980728
1,1509,1510,0.15406541096493243
1,1499,1500,0.15406758283488603
1,1505,1506,0.15406962319552744
1,1527,1528,0.15407154000955792
1,1517,1518,0.15407334075758505
1,1515,1516,0.15407503246730683
1,1512,1513,0.15407662174092945
1,1516,1517,0.1540781147809256
1,1512,1513,0.15407951741423392
1,1523,1524,0.15408083511499357
1,1526,1527,0.15408207302590265
1,1521,1522,0.15408323597828397
1,1521,1522,0.15408432851093598
1,1510,1511,0.15408535488784314
1,1516,1517,0.15408631911481332
1,1514,1515,0.15408722495510918
1,1516,1517,0.15408807594413243
1,1528,1529,0.1540888754032195
1,1514,1515,0.1540896264526022
1,1508,1509,0.15409033202358358
1,1507,1508,0.15409099486997666
1,1515,1516,0.15409161757885084
1,1522,1523,0.15409220258062764
1,1506,1507,0.15409275215856522
1,1511,1512,0.1540932684576687
1,1514,1515,0.1540937534930611
1,1529,1530,0.15409420915784744
1,1527,1528,0.15409463723050262
1,1526,1527,0.15409503938181232
1,1524,1525,0.15409541718139322
1,1518,1519,0.15409577210381895
1,1510,1511,0.15409610553437467
1,1501,1502,0.15409641877446362
0,1508,1508,0.1540967130466862
