1377,29,1406,0.1357959195747285
1411,30,1441,0.1329229816466325
1430,32,1462,0.13021703820732541
1429,34,1463,0.12770525311608708
1434,36,1470,0.12542666988399698
1441,37,1478,0.12333962389644426
1441,36,1477,0.12142317908521903
1446,39,1485,0.11968083781617661
1448,42,1490,0.11808364046621886
1444,42,1486,0.11662633960179637
1461,43,1504,0.11531186125809924
1459,46,1505,0.11407333694625305
1456,46,1502,0.11295484038401121
1450,46,1496,0.11194742790876737
1454,46,1500,0.11104692148891258
1446,46,1492,0.11021735474791207
1449,48,1497,0.1094807191666478
1439,49,1488,0.1088040540325554
1434,49,1483,0.10821346010015309
1444,48,1492,0.1076884352452894
1449,46,1495,0.10719049680178357
1454,47,1501,0.1067238446852879
1452,48,1500,0.10628848027524337
1443,46,1489,0.10589773997571932
1449,49,1498,0.10556271319827254
1445,50,1495,0.10524554306639992
1456,51,1507,0.1049658060607284
1449,52,1501,0.10468709499461955
1435,53,1488,0.10444827466243176
1431,52,1483,0.10426382122490019
1433,55,1488,0.10410592687636898
1435,56,1491,0.10395827640338876
1450,57,1507,0.10382197922528671
1445,56,1501,0.10366663921364928
1435,54,1489,0.10353413799434694
1437,54,1491,0.10343722245021755
1440,52,1492,0.10334403074852563
1442,53,1495,0.10325407152860365
1439,52,1491,0.10316727198961535
1440,50,1490,0.10309508437263044
1442,52,1494,0.10302584295166672
1444,50,1494,0.10295740851876406
1439,52,1491,0.10289179036877995
1439,54,1493,0.10284359771602389
1438,55,1493,0.10279920071417503
1437,54,1491,0.10276195914389528
1436,53,1489,0.10273031883713589
1439,53,1492,0.10270527689409535
1432,52,1484,0.10267716181278547
1449,52,1501,0.10266716698692967
1428,50,1478,0.10261917909387913
1429,49,1478,0.10262028636056277
1429,49,1478,0.10261675923894956
1429,48,1477,0.10261410789189736
1429,47,1476,0.10260972832696606
1437,48,1485,0.10260815245193783
1431,46,1477,0.10258911996383507
1429,47,1476,0.10258701684928258
1431,48,1479,0.10259155378452711
1433,48,1481,0.10258900758394007
1431,47,1478,0.1025797035390648
1428,46,1474,0.10257545873082873
1441,47,1488,0.1025782103173577
1454,48,1502,0.10255388381949658
1449,49,1498,0.10250047955285052
1422,51,1473,0.10246346168970141
1437,49,1486,0.10249266825368551
1426,50,1476,0.10248703355099614
1433,51,1484,0.1025065465729337
1436,53,1489,0.10251214798969482
1436,55,1491,0.10250788219256986
1442,56,1498,0.1025045496221389
1446,58,1504,0.10248894720983022
1428,59,1487,0.10246545321126752
1441,59,1500,0.10248577440026306
1449,58,1507,0.10247332593704259
1435,58,1493,0.10244420795398118
1424,59,1483,0.10244709553721706
1437,62,1499,0.10247475740705582
1444,66,1510,0.10247249130503025
1438,66,1504,0.10245595246435053
1439,67,1506,0.10245355972562759
1439,65,1504,0.10245014367652427
1436,67,1503,0.10244910896130338
1440,65,1505,0.10245719216051107
1434,63,1497,0.10245362401568212
1429,59,1488,0.10246480833329873
1419,57,1476,0.10248515888741602
1428,58,1486,0.10252354704871465
1442,57,1499,0.10253897865429595
1436,57,1493,0.10252285952567916
1425,58,1483,0.10252218986861193
1419,59,1478,0.10254486426175706
1437,62,1499,0.1025782238583945
1435,63,1498,0.10256825206616932
1426,66,1492,0.10256574641816364
1430,66,1496,0.10258519201599312
1433,66,1499,0.10259440225354634
1436,65,1501,0.10259638749225672
1444,66,1510,0.10259095793147155
1450,63,1513,0.10256797767762968
1431,65,1496,0.10253436993574239
1443,62,1505,0.10254613389550034
1440,62,1502,0.10253148508031262
1445,61,1506,0.10252575067617567
1439,62,1501,0.1025086577660851
1421,63,1484,0.1025083627392582
1415,62,1477,0.10254851891958636
1431,65,1496,0.10259945345794474
1432,62,1494,0.10261165456044714
1440,62,1502,0.10261953441683311
1431,63,1494,0.10260713235219272
1429,63,1492,0.10261534367327915
1420,63,1483,0.1026283036436452
1426,65,1491,0.10266048033167997
1419,65,1484,0.10267764343083964
1430,64,1494,0.10271016103527791
1430,67,1497,0.10271615504203435
1422,67,1489,0.10272088911806562
1429,70,1499,0.10274315915579622
1431,67,1498,0.10274893348190343
1431,67,1498,0.10274879868266709
1418,68,1486,0.10274782177997026
1420,68,1488,0.1027769820057352
1414,69,1483,0.10279715635641776
1424,67,1491,0.1028293118991062
1433,64,1497,0.10283920354220184
1431,62,1493,0.10282584083436888
1431,60,1491,0.10281970332581583
1427,60,1487,0.10281479601560242
1423,59,1482,0.10281600906130695
1429,59,1488,0.10282557451556563
1441,60,1501,0.1028190057046533
1441,54,1495,0.10278583207285401
1439,55,1494,0.1027552368440979
1430,48,1478,0.10272804616041481
1422,53,1475,0.10272112505558098
1420,55,1475,0.10273434082476492
1418,54,1472,0.10275188063350311
1421,56,1477,0.10277245072136058
1429,59,1488,0.1027830242017301
1442,62,1504,0.10277413426854282
1451,63,1514,0.1027361672502012
1441,61,1502,0.10268226617981557
1424,60,1484,0.10265529011339077
1421,59,1480,0.10266925129948647
1410,61,1471,0.10268966428167461
1418,62,1480,0.10273442751719347
1409,64,1473,0.10275903219431232
1409,62,1471,0.10280095973024544
1422,63,1485,0.10284009676207395
1434,65,1499,0.10284717443481334
1438,65,1503,0.10282588177364574
1444,64,1508,0.10279777456386947
1428,63,1491,0.10275817270502832
1437,63,1500,0.10275788260449222
1432,64,1496,0.10273695482475781
1416,65,1481,0.10272855806916863
1413,64,1477,0.10275647163248884
1423,63,1486,0.10279013671201159
1423,61,1484,0.10280030389452324
1420,61,1481,0.10280852232751364
1410,60,1470,0.1028217073487845
1417,60,1477,0.10285599963067973
1426,58,1484,0.10287256562705462
1430,58,1488,0.10286542671587323
1437,58,1495,0.10285071335639052
1448,59,1507,0.10282232250748492
1465,61,1526,0.10277236690024734
1451,62,1513,0.10268901733020842
1444,62,1506,0.10264396398294114
1429,62,1491,0.10261486399317964
1437,63,1500,0.10262042955651429
1430,61,1491,0.10260716419390387
1425,63,1488,0.10261126279744655
1428,63,1491,0.1026267413219467
1430,65,1495,0.10263618457279353
1421,61,1482,0.10264109266749831
1424,62,1486,0.102664938534428
1427,61,1488,0.10267784278729249
1430,62,1492,0.1026850444823674
1433,63,1496,0.10268384457392393
1430,67,1497,0.10267446269734298
1430,66,1496,0.10266941484364533
1424,67,1491,0.10266770513061979
1420,64,1484,0.10268204880096322
1418,67,1485,0.10270392858404208
1430,70,1500,0.10273071026669428
1424,70,1494,0.10272803314366973
1411,72,1483,0.10273942442082921
1410,70,1480,0.10278107939268882
1410,72,1482,0.10282296475597404
1408,71,1479,0.10285996947110604
1411,68,1479,0.10289964356549708
1431,69,1500,0.10292936736783888
1420,70,1490,0.10291234779604323
1421,68,1489,0.1029193520704704
1425,70,1495,0.10292562815815863
1438,66,1504,0.1029233179671062
1426,65,1491,0.10289024472598228
1420,66,1486,0.10288694347687904
1428,67,1495,0.10289625897856074
1431,68,1499,0.10288810571770622
1437,66,1503,0.10287517625215592
1433,66,1499,0.10284916342225586
1427,68,1495,0.10283592216146292
1424,68,1492,0.10283546016172412
1431,68,1499,0.10284186543762659
1430,67,1497,0.1028321603062274
1421,67,1488,0.10282629896205918
1416,65,1481,0.10284101819067555
1419,67,1486,0.10286654952998173
1426,67,1493,0.10288553416382225
1435,70,1505,0.10288835487288431
1431,71,1502,0.10286922189187368
1422,74,1496,0.10286107995465799
1417,76,1493,0.10287428125845206
1419,77,1496,0.1028956963552821
1424,76,1500,0.1029116729177202
1434,73,1507,0.10291396701700016
1434,71,1505,0.1028947729391988
1439,70,1509,0.10287597458619832
1433,68,1501,0.10284837851571411
1423,69,1492,0.10283564253242591
1425,68,1493,0.1028439553754502
1417,66,1483,0.10284701664754944
1432,66,1498,0.10286633903009904
1431,67,1498,0.1028529174180475
1429,69,1498,0.1028445170129505
1431,69,1500,0.10284216201298467
1428,69,1497,0.1028337291210301
1443,71,1514,0.10283196895122142
1429,68,1497,0.10279776246097647
1413,68,1481,0.10279859260635094
1403,71,1474,0.10283566044776869
1408,70,1478,0.10289106884791213
1412,70,1482,0.10293138357619076
1404,70,1474,0.10295962209840522
1409,72,1481,0.10300363313791969
1396,72,1468,0.1030350729993431
1410,73,1483,0.10309344000421261
1413,75,1488,0.10311391248036081
1421,76,1497,0.10312342165411184
1416,74,1490,0.10311411041073949
1415,73,1488,0.10311784000336367
1411,79,1490,0.10312508994240326
1418,76,1494,0.1031422590804215
1422,77,1499,0.10314234145528545
1414,76,1490,0.10313123788665733
1403,76,1479,0.10313792035059823
1387,74,1461,0.10316966410123435
1387,73,1460,0.10323644428756498
1407,75,1482,0.10329661926370609
1419,75,1494,0.10330809855296366
1423,76,1499,0.10329002230794995
1427,80,1507,0.10326368453317318
1425,77,1502,0.10323243911285582
1423,76,1499,0.10320991577911932
1432,74,1506,0.10319460162272648
1427,73,1500,0.10316055397865981
1424,72,1496,0.10314107885649712
1423,72,1495,0.10313049542632317
1403,72,1475,0.10312333119924386
1417,76,1493,0.10315935533525308
1406,77,1483,0.10316156948991334
1404,78,1482,0.10318878788116141
1389,80,1469,0.10321872153561415
1396,80,1476,0.10327985992184967
1408,81,1489,0.10332386242770912
1395,78,1473,0.10333663005136134
1391,79,1470,0.103376097529246
1394,80,1474,0.10342174938920079
1406,78,1484,0.10345613607871243
1394,81,1475,0.10345945394334123
1407,81,1488,0.10349032107366465
1416,80,1496,0.10348756815921327
1426,79,1505,0.10346367386034658
1421,76,1497,0.10342033617951031
1423,76,1499,0.10338983159996473
1424,74,1498,0.1033575911617755
1420,80,1500,0.10332585163765479
1435,80,1515,0.10330732805962001
1431,80,1511,0.10325789763399335
1430,76,1506,0.10322068112763903
1414,76,1490,0.10318871000451356
1424,75,1499,0.10319235389283392
1410,75,1485,0.1031757087001564
1405,73,1478,0.10319463919788882
1410,71,1481,0.10322309856169326
1397,73,1470,0.10323912405299472
1404,75,1479,0.10328200272291496
1403,78,1481,0.10330507997433759
1410,79,1489,0.10333046763222539
1419,79,1498,0.10333597658397121
1408,80,1488,0.10331808661497872
1409,79,1488,0.1033264017097118
1414,78,1492,0.10333441663069375
1418,80,1498,0.10333044914000561
1419,80,1499,0.10331862505676227
1430,79,1509,0.10330484494104038
1426,82,1508,0.10326645944925064
1405,83,1488,0.10323946231217782
1410,83,1493,0.1032598618054989
1405,84,1489,0.1032691514087594
1405,84,1489,0.1032886005428475
1401,84,1485,0.10330611554305222
1408,82,1490,0.10333131661336331
1400,81,1481,0.10334137499168264
1402,83,1485,0.10337012896282509
1394,84,1478,0.10339105960437828
1396,85,1481,0.10342794916113722
1405,87,1492,0.10346014466407788
1414,87,1501,0.1034666361956312
1410,88,1498,0.10345186089744896
1404,89,1493,0.10344929180055132
1407,88,1495,0.1034618655727914
1397,87,1484,0.10346756165063471
1413,86,1499,0.10349552483648011
1405,88,1493,0.10348393529881467
1406,89,1495,0.10349286600440583
1407,86,1493,0.10349660454700697
1415,88,1503,0.10349921372266324
1405,88,1493,0.1034804857870835
1396,88,1484,0.1034856120399165
1393,92,1485,0.10350982127731768
1388,94,1482,0.10353830856110062
1402,91,1493,0.10357665066592432
1402,93,1495,0.10358150269033631
1400,94,1494,0.10358822046395101
1397,94,1491,0.10359973906878533
1403,98,1501,0.10361731388157508
1399,98,1497,0.10362087852938658
1397,97,1494,0.10363348275148652
1395,95,1490,0.10364829572988425
1399,98,1497,0.10366422668338238
1391,99,1490,0.10367336776058755
1399,98,1497,0.10370072720498409
1404,99,1503,0.10370861622978833
1407,99,1506,0.10370568130483825
1405,97,1502,0.10369688653705357
1405,98,1503,0.10369321892014095
1386,99,1485,0.10368836909467642
1395,104,1499,0.10372662557017012
1397,102,1499,0.1037429295959225
1406,104,1510,0.10375458494027275
1408,101,1509,0.10374666848205663
1413,99,1512,0.103734701427075
1409,104,1513,0.1037121442011104
1404,107,1511,0.10370143510716659
1383,110,1493,0.10370225875625749
1391,109,1500,0.10374922836105234
1391,113,1504,0.10377618368050864
1392,113,1505,0.10380235791641713
1372,108,1480,0.10382679727845012
1368,106,1474,0.10389251737897498
1369,107,1476,0.10396429930905939
1363,109,1472,0.10402915756074763
1364,111,1475,0.1041020215623002
1357,115,1472,0.10416567043788212
1372,112,1484,0.10423643422210148
1376,110,1486,0.10426692043896205
1374,109,1483,0.1042861340751896
1375,112,1487,0.1043092818964649
1378,115,1493,0.10433021621322379
1373,118,1491,0.10434191407219248
1380,117,1497,0.1043641356017041
1380,116,1496,0.10436948895656471
1387,115,1502,0.10437397083884074
1397,115,1512,0.10436257550380532
1391,117,1508,0.10433054689344531
1392,117,1509,0.10431645273833044
1383,118,1501,0.10430308599383992
1384,120,1504,0.10431214729045372
1395,118,1513,0.10431897727123748
1395,117,1512,0.10429898775147428
1386,117,1503,0.10428133690144521
1383,111,1494,0.10428704520094392
1379,113,1492,0.10429731994570983
1384,113,1497,0.10431519121012783
1369,113,1482,0.10432009685511026
1376,112,1488,0.1043562149718999
1381,112,1493,0.10437385437893253
1376,116,1492,0.10437956575964139
1372,117,1489,0.10439521544092642
1377,113,1490,0.10441850782069113
1373,117,1490,0.10443064969289213
1372,118,1490,0.10445062977093152
1383,124,1507,0.10446852186179749
1384,127,1511,0.10446128079207515
1395,123,1518,0.10445422284410963
1394,124,1518,0.10442374260646407
1386,121,1507,0.10439769561945246
1373,120,1493,0.10439424113252647
1377,120,1497,0.10442201519043733
1370,123,1493,0.10443834211755426
1378,121,1499,0.10447079823849291
1370,120,1490,0.10448283374714165
1388,124,1512,0.10451080353512907
1386,121,1507,0.10449300798010841
1374,123,1497,0.10448264144590919
1371,118,1489,0.10449908654572596
1364,118,1482,0.10451921057508443
1374,117,1491,0.10455477541421491
1377,117,1494,0.1045658237225351
1373,114,1487,0.1045691580830858
1377,116,1493,0.10457997016717446
1369,116,1485,0.10458316985945805
1380,120,1500,0.10460321176357092
1380,121,1501,0.10459805767680631
1365,124,1489,0.10459229510420195
1358,126,1484,0.10462214665451292
1352,125,1477,0.10466723651931394
1355,120,1475,0.10472220158626092
1358,120,1478,0.10476344342773988
1371,116,1487,0.10479418993172879
1382,116,1498,0.10479190378080058
1381,119,1500,0.1047672122390836
1378,120,1498,0.10474857221395321
1380,119,1499,0.1047375326584925
1393,119,1512,0.10472023355962498
1399,124,1523,0.10467635193505131
1387,121,1508,0.10462157861480403
1381,122,1503,0.10459997540470242
1391,122,1513,0.1045924143359328
1381,125,1506,0.10456475459980609
1379,126,1505,0.10456153834860134
1392,124,1516,0.1045617064195114
1386,129,1515,0.10453361593290422
1375,128,1503,0.1045233999042945
1370,129,1499,0.10453790730662092
1374,129,1503,0.10456428776867878
1376,127,1503,0.10458214208408996
1373,120,1493,0.10459232593990027
1378,125,1503,0.10460819758126667
1377,125,1502,0.10461087698461498
1373,126,1499,0.10461697811034537
1357,126,1483,0.10463326987948139
1362,126,1488,0.1046845819426943
1353,128,1481,0.10471821909545259
1356,129,1485,0.10477001903171798
1355,128,1483,0.1048099712861852
1358,127,1485,0.10484984819749484
1369,127,1496,0.10488132270697115
1351,129,1480,0.10488332725574383
1354,132,1486,0.10492388103198777
1352,129,1481,0.1049552411459156
1368,127,1495,0.10498971450635716
1367,128,1495,0.10498327258399215
1387,129,1516,0.10497875014094443
1387,128,1515,0.10492824994882906
1378,131,1509,0.10488264814882296
1376,131,1507,0.10486124571560468
1386,129,1515,0.10484671356223008
1382,128,1510,0.10481073203431453
1371,127,1498,0.10478662903967617
1369,123,1492,0.104788750953954
1353,122,1475,0.10479218334130294
1368,123,1491,0.10483062847140304
1352,123,1475,0.10483560766162253
1357,128,1485,0.1048756041400602
1368,127,1495,0.1049010180224618
1366,126,1492,0.10490094763713302
1367,125,1492,0.10490658486010178
1362,133,1495,0.10491106502855706
1363,133,1496,0.10492224094306046
1365,131,1496,0.10493074312447342
1364,130,1494,0.10493215472494188
1360,131,1491,0.10493516833188461
1365,130,1495,0.10494871670383293
1366,133,1499,0.1049518769679269
1364,129,1493,0.10495333581440296
1363,126,1489,0.10495692786013738
1372,125,1497,0.10496411807023186
1364,125,1489,0.10494961065002119
1361,126,1487,0.10495633735298837
1364,124,1488,0.1049709840902009
1357,122,1479,0.10497592099292978
1359,124,1483,0.10499457412541037
1359,122,1481,0.10500653350836629
1374,123,1497,0.10501698216387031
1370,126,1496,0.1049923504503432
1372,124,1496,0.10497749284089579
1379,127,1506,0.10496209092440414
1380,128,1508,0.10493048035397105
1373,128,1501,0.10489962140598777
1372,126,1498,0.1048882999388058
1372,122,1494,0.10488104407815654
1371,122,1493,0.10487390328482299
1364,122,1486,0.10486955665801774
1364,124,1488,0.10487854264411983
1365,128,1493,0.10488683594559921
1355,130,1485,0.10489430397754135
1348,129,1477,0.10492419792174719
1347,129,1476,0.10496668769665654
1348,129,1477,0.1050117991827292
1358,131,1489,0.10504911739477135
1366,131,1497,0.10506095513074257
1351,133,1484,0.10505169176737393
1347,133,1480,0.10507541606462724
1346,131,1477,0.10510758877191108
1354,132,1486,0.10513979101172374
1370,138,1508,0.10515278138842186
1375,135,1510,0.10512966360056078
1366,136,1502,0.10509819164432088
1371,136,1507,0.10508858857463795
1369,137,1506,0.10507086211254997
1367,136,1503,0.10505806083529111
1357,141,1498,0.10504952996882397
1352,135,1487,0.10506532922150175
1351,136,1487,0.10509070605998129
1339,138,1477,0.10511732001517803
1330,137,1467,0.1051716815945538
1317,141,1458,0.10524325281029669
1335,141,1476,0.10533898670672448
1347,141,1488,0.1053864166474273
1351,138,1489,0.10540431571285222
1352,141,1493,0.10541185775732473
1354,139,1493,0.10541510559261882
1366,135,1501,0.1054104714630845
1350,135,1485,0.10538078502058204
1347,136,1483,0.10539056430295063
1363,139,1502,0.10540512851043672
1367,137,1504,0.10538334404479426
1361,135,1496,0.10535400840762428
1344,140,1484,0.10533973691985155
1344,142,1486,0.10536436912882213
1349,138,1487,0.10538564578782364
1353,135,1488,0.10539482733312361
1347,140,1487,0.105394017388518
1350,142,1492,0.10540756586121575
1350,145,1495,0.10541235419237456
1342,145,1487,0.10541872993241981
1343,146,1489,0.10544435205723052
1346,150,1496,0.10546929799901417
1347,153,1500,0.10548412911112917
1340,151,1491,0.10549323054334525
1358,156,1514,0.10551647419994964
1347,160,1507,0.1054989047356629
1346,162,1508,0.10551120113703899
1351,160,1511,0.10552682777092554
1350,160,1510,0.10553175394351502
1352,160,1512,0.10553571807609352
1341,158,1499,0.10553673711016674
1334,160,1494,0.10556130513078915
1330,161,1491,0.10560240311178667
1335,166,1501,0.10564954456156803
1330,166,1496,0.10568252019619467
1324,166,1490,0.10572673258454657
1327,166,1493,0.10578192131626693
1330,163,1493,0.10582567060377443
1333,165,1498,0.10585616992794307
1330,162,1492,0.10587754083636249
1321,163,1484,0.10590528916834809
1306,165,1471,0.10595297958944311
1315,164,1479,0.10603022613333327
1320,165,1485,0.10608269980867119
1319,165,1484,0.10611768950715764
1325,166,1491,0.10615322202444315
1329,164,1493,0.1061717988297979
1326,162,1488,0.10617856656001962
1323,163,1486,0.10619105179201666
1312,163,1475,0.106212221948342
1321,171,1492,0.10625504291646536
1330,168,1498,0.1062714451466737
1330,169,1499,0.10626761594212583
1318,165,1483,0.10626143426806674
1311,164,1475,0.10628526065028102
1328,165,1493,0.1063225518998066
1331,161,1492,0.10632189428448496
1326,160,1486,0.10631436370073612
1331,161,1492,0.10631442375113015
1336,163,1499,0.10630277438673857
1336,159,1495,0.10628116751346084
1339,162,1501,0.10626022374964653
1333,164,1497,0.10623199023764698
1322,170,1492,0.10621987779829047
1326,173,1499,0.10623607090165635
1308,174,1482,0.10624344538484319
1319,176,1495,0.1062921561483064
1319,175,1494,0.1063152194162825
1326,174,1500,0.10633706330718037
1326,179,1505,0.1063426523626617
1325,176,1501,0.10634790679253876
1318,182,1500,0.10635729719225027
1310,179,1489,0.10638057436351019
1308,177,1485,0.10641764855853161
1328,179,1507,0.10645843474790706
1309,182,1491,0.10644828807102319
1309,180,1489,0.1064816226390608
1307,186,1493,0.1065150879342914
1308,189,1497,0.10655035061418046
1323,191,1514,0.10658216042295118
1308,187,1495,0.10657745446858762
1314,189,1503,0.10660710063378769
1305,190,1495,0.10662213917702953
1304,192,1496,0.10665691640658678
1307,191,1498,0.10669084387922688
1305,195,1500,0.10671654600865597
1308,195,1503,0.10674621019888222
1301,196,1497,0.1067707910673327
1295,202,1497,0.10680841662928721
1302,197,1499,0.10685676273674848
1296,203,1499,0.1068877954225208
1296,199,1495,0.10692821535688048
1292,204,1496,0.10696400266913812
1298,202,1500,0.10700642206350651
1299,200,1499,0.10703214021915525
1307,197,1504,0.10705212048110947
1310,198,1508,0.10705270794248464
1304,198,1502,0.10704721693829193
1302,197,1499,0.10705490657157889
1296,194,1490,0.10706816083174281
1288,192,1480,0.10709386564033065
1276,195,1471,0.10713668869807982
1292,201,1493,0.10720366475419471
1299,202,1501,0.10722988075556579
1290,208,1498,0.10723824101324611
1290,203,1493,0.10726589006025172
1300,202,1502,0.10729072552014975
1296,205,1501,0.10729122064070275
1287,208,1495,0.10730140244587213
1290,208,1498,0.10733171361979274
1268,212,1480,0.10735583702345977
1273,219,1492,0.10742640909424431
1289,217,1506,0.10747968534795473
1301,219,1520,0.10749418671981056
1287,217,1504,0.10747852128943051
1268,215,1483,0.10749880947712892
1279,217,1496,0.10756135213731749
1295,216,1511,0.1075929400280611
1284,209,1493,0.10758698858794176
1284,213,1497,0.1076055104008757
1285,212,1497,0.10762187497057957
1287,209,1496,0.1076341461282802
1290,214,1504,0.10764071179229319
1277,215,1492,0.10764008475902638
1271,213,1484,0.10767138798461559
1271,215,1486,0.10771535561886073
1268,218,1486,0.10775529415565076
1275,224,1499,0.10779808550037596
1270,231,1501,0.10782367068322377
1277,230,1507,0.10785895100812731
1276,229,1505,0.10787656064370635
1272,227,1499,0.10789484768859067
1258,228,1486,0.10792340810175417
1250,227,1477,0.10798322676612308
1260,224,1484,0.10805388414678131
1262,229,1491,0.1080949104242644
1267,228,1495,0.10812826812726815
1257,232,1489,0.10814370067645594
1252,232,1484,0.10818115825762202
1255,229,1484,0.10822878671758518
1238,225,1463,0.1082663347105635
1250,234,1484,0.10834053657561139
1246,237,1483,0.10838343196671399
1240,237,1477,0.10843418426547353
1236,238,1474,0.10849457326807116
1249,245,1494,0.10855915525768467
1256,245,1501,0.10859181110689367
1253,246,1499,0.10860675453593728
1261,250,1511,0.10862807648728895
1266,244,1510,0.10862970842572181
1251,242,1493,0.10861932500461365
1255,241,1496,0.10864561649565399
1246,243,1489,0.10866078894723347
1230,246,1476,0.10869495199281438
1234,250,1484,0.10876202944149238
1252,248,1500,0.10881552107367852
1252,251,1503,0.10882586351969291
1237,254,1491,0.10883624041269792
1230,255,1485,0.10888129739510903
1227,257,1484,0.10893939361565456
1238,259,1497,0.10900084836390303
1232,253,1485,0.10903395234815068
1243,252,1495,0.10907807603657176
1238,250,1488,0.10909470044193412
1237,254,1491,0.10911961822909134
1248,257,1505,0.1091443454981194
1249,258,1507,0.10914423232201742
1245,253,1498,0.10914362577280222
1245,253,1498,0.1091501952492602
1250,249,1499,0.10915620386970958
1246,253,1499,0.10915018118743848
1237,252,1489,0.10915362967680668
1237,253,1490,0.10917586964198128
1238,250,1488,0.10919526569812982
1227,248,1475,0.10921377751144895
1230,250,1480,0.10925252897618844
1237,254,1491,0.10927850463689748
1236,251,1487,0.10928944353034964
1241,254,1495,0.10929883151306263
1237,255,1492,0.10929607239842813
1240,252,1492,0.10930314480560345
1246,251,1497,0.10930529940492809
1247,256,1503,0.10929376243893184
1251,255,1506,0.10928284143489446
1249,257,1506,0.10926272021707505
1249,255,1504,0.10925133016799712
1235,252,1487,0.10924034499517543
1239,258,1497,0.1092613337324821
1232,259,1491,0.10927061499946258
1227,261,1488,0.10929502882699865
1227,258,1485,0.10933032357016946
1229,264,1493,0.10936524147874024
1231,267,1498,0.10939071980343729
1225,267,1492,0.10941423410856381
1233,262,1495,0.10944720319523231
1236,267,1503,0.10946035502287599
1231,268,1499,0.10946747600815009
1234,271,1505,0.10948404821259544
1254,269,1523,0.10949264784149218
1239,271,1510,0.10945622145385797
1244,277,1521,0.10945616124430306
1232,275,1507,0.10944805669775765
1235,273,1508,0.10946801720593984
1240,270,1510,0.109482129148005
1226,272,1498,0.10948454912880798
1223,280,1503,0.1095195032129194
1213,279,1492,0.1095621945019813
1215,287,1502,0.10962496318746162
1213,284,1497,0.10967686096196318
1208,288,1496,0.10972555335007383
1195,287,1482,0.10978379538319881
1177,279,1456,0.10986922501787227
1182,285,1467,0.10998868512764744
1195,285,1480,0.11008712775202714
1193,287,1480,0.11014516084028603
1192,283,1475,0.11020312651798428
1208,291,1499,0.11025972827535888
1198,289,1487,0.11027685990783484
1206,299,1505,0.11031448144165164
1216,297,1513,0.11033259841642967
1208,295,1503,0.11032830713106988
1206,292,1498,0.11034598584158463
1210,292,1502,0.11036726749336619
1209,294,1503,0.11037527983532275
1202,297,1499,0.11038635306324757
1201,296,1497,0.11041515796659596
1198,300,1498,0.11044405958935463
1200,303,1503,0.11047904938818437
1201,301,1502,0.11050900294148686
1195,310,1505,0.11053427940179857
1193,309,1502,0.11057034744390051
1186,308,1494,0.11060656812387668
1177,312,1489,0.11065623588989837
1193,317,1510,0.11072468613913113
1194,309,1503,0.11075228849356812
1182,305,1487,0.11077540326066822
1171,309,1480,0.11082471855363593
1178,306,1484,0.11089530321064504
1185,308,1493,0.11094553943732795
1202,303,1505,0.1109755854154734
1189,310,1499,0.11096327452521383
1184,309,1493,0.11098360408080574
1175,310,1485,0.11101292566193327
1181,309,1490,0.11106247850058494
1188,312,1500,0.1110941605775755
1191,318,1509,0.11110686061872986
1192,322,1514,0.111111888541042
1184,328,1512,0.11111545801987466
1178,324,1502,0.11113865670756348
1181,325,1506,0.1111720587058748
1162,331,1493,0.11119777598052469
1155,327,1482,0.1112647230572781
1154,328,1482,0.11134148819719225
1144,330,1474,0.11141616643193888
1153,330,1483,0.11150759749754063
1157,332,1489,0.11157087914968779
1167,326,1493,0.11162075917724187
1169,316,1485,0.11164235102408615
1173,321,1494,0.11165762785277668
1183,326,1509,0.11166197516760518
1176,333,1509,0.11164261191877163
1162,327,1489,0.11164050067908182
1152,329,1481,0.11166937512972726
1154,330,1484,0.11172004656323013
1155,330,1485,0.11176405267010407
1157,338,1495,0.11180437907974589
1155,338,1493,0.11184042891288616
1144,333,1477,0.1118799805395411
1148,343,1491,0.11194025969361582
1137,341,1478,0.11198572359352699
1143,337,1480,0.11205493418880685
1150,339,1489,0.11210378388022958
1132,343,1475,0.11213575914248572
1148,341,1489,0.11220574847091867
1146,340,1486,0.11223311221247126
1134,344,1478,0.11226309434858321
1132,342,1474,0.11231578044284962
1147,339,1486,0.1123687712745659
1147,341,1488,0.11238191455005601
1156,342,1498,0.1123957738996108
1167,343,1510,0.11238730828281387
1154,344,1498,0.11235367193003282
1150,345,1495,0.11235054044513366
1146,338,1484,0.1123568582766156
1149,336,1485,0.11237076585001898
1161,340,1501,0.1123792996028493
1158,345,1503,0.1123585813729916
1155,345,1500,0.11234751658132158
1165,341,1506,0.11234575179149321
1162,342,1504,0.11232118186237672
1163,335,1498,0.11230703560048727
1165,340,1505,0.1122904024562639
1160,337,1497,0.11226850171786036
1169,339,1508,0.1122582950375117
1169,330,1499,0.1122289049402152
1176,336,1512,0.11220017890189447
1174,336,1510,0.11216133023617546
1176,343,1519,0.11213060119368037
1169,338,1507,0.1120975238637045
1166,337,1503,0.11207908946693322
1162,336,1498,0.1120720626072224
1160,345,1505,0.11207513408397134
1164,341,1505,0.11208164434420566
1163,339,1502,0.11207842981432826
1172,329,1501,0.11207517659921194
1173,333,1506,0.11205396622884808
1164,338,1502,0.11203264196145789
1159,340,1499,0.11203231871716636
1159,341,1500,0.11204365322965171
1171,339,1510,0.11205440859504497
1159,335,1494,0.11203915326703554
1161,342,1503,0.11205546250552115
1166,347,1513,0.11206530286122379
1156,350,1506,0.1120632395069571
1154,347,1501,0.11208448695595777
1157,348,1505,0.11211054229235255
1150,353,1503,0.11212438386745913
1160,354,1514,0.11215431115400638
1163,356,1519,0.11215704021886458
1176,351,1527,0.11215438189679204
1161,356,1517,0.11212436525210341
1156,351,1507,0.11212880162342583
1161,354,1515,0.11214523376984116
1146,357,1503,0.11215173392902358
1148,354,1502,0.11219076989711609
1148,356,1504,0.1122247502140743
1159,354,1513,0.11225634432707299
1155,364,1519,0.11225862617477983
1151,367,1518,0.11226994376732989
1152,360,1512,0.11228938606307974
1144,365,1509,0.1123061896318246
1149,361,1510,0.1123423934839219
1132,363,1495,0.11236296039738963
1135,364,1499,0.11242163608717991
1127,365,1492,0.11246759081983905
1129,369,1498,0.11253039054268978
1123,375,1498,0.11258647753355266
1122,371,1493,0.11265571685844272
1120,370,1490,0.11272074224612845
1128,372,1500,0.11278664790956125
1131,372,1503,0.11282844646240182
1138,369,1507,0.1128604900910918
1132,368,1500,0.11287179714137534
1123,379,1502,0.11289725231231819
1120,384,1504,0.11294371205378642
1128,390,1518,0.11299494705198612
1124,383,1507,0.11302783382408853
1120,383,1503,0.11306765354128366
1110,381,1491,0.11311190604888395
1110,387,1497,0.11317526100019666
1115,381,1496,0.11323148097515208
1120,385,1505,0.11327295775680071
1108,378,1486,0.11329859680494504
1115,384,1499,0.11334882735492884
1123,387,1510,0.11337963556227361
1106,388,1494,0.11339052070778081
1106,393,1499,0.11343797465997112
1112,380,1492,0.11348186292320271
1119,379,1498,0.11351144631369962
1127,382,1509,0.11352015470944891
1124,384,1508,0.11351183861529063
1121,392,1513,0.1135063401946487
1129,388,1517,0.11350987046796288
1126,388,1514,0.11349827121743909
1118,387,1505,0.11349267098362921
1112,392,1504,0.11350793551054889
1103,398,1501,0.11353582223953892
1108,402,1510,0.11358366499732606
1104,400,1504,0.11361784359345979
1113,395,1508,0.11366185592568055
1112,396,1508,0.11367786999940879
1110,391,1501,0.11369678172382423
1098,396,1494,0.11371848233763615
1096,397,1493,0.11376537041764624
1103,402,1505,0.11381333565639258
1104,396,1500,0.11384113518472734
1095,402,1497,0.11386677779753765
1101,403,1504,0.11390902202943805
1094,402,1496,0.11393468111252236
1082,401,1483,0.11397509177465034
1085,403,1488,0.11403985193834658
1095,398,1493,0.11409204330427329
1085,401,1486,0.11411665269971444
1087,401,1488,0.11416399902724439
1094,399,1493,0.114205040412062
1083,406,1489,0.11422719116581817
1078,403,1481,0.11427167925376398
1079,412,1491,0.11432555599238135
1081,408,1489,0.11437526120609237
1078,407,1485,0.11441102938207255
1083,410,1493,0.11445462365166968
1072,414,1486,0.11448320534906944
1076,411,1487,0.11453491140513701
1069,417,1486,0.11457234066197913
1065,412,1477,0.11462434659887752
1079,413,1492,0.11468235871690446
1077,410,1487,0.11470424575466685
1068,416,1484,0.11472940586827014
1066,417,1483,0.11477354031182725
1072,416,1488,0.11481887144548043
1079,415,1494,0.1148488315482738
1075,416,1491,0.11485769515344448
1078,421,1499,0.11487639376647239
1078,422,1500,0.114888128916447
1063,421,1484,0.11489915996485628
1067,431,1498,0.11494546228571728
1063,435,1498,0.11497808217754177
1075,437,1512,0.1150200539603781
1070,442,1512,0.11503174375616629
1063,439,1502,0.11505617433861733
1061,433,1494,0.11509656827590461
1055,436,1491,0.11513790310823126
1058,435,1493,0.11519011254893056
1070,428,1498,0.11523057377319841
1057,437,1494,0.11524121213007071
1048,434,1482,0.1152815027766955
1045,438,1483,0.11533801218770265
1045,437,1482,0.11539746112899966
1053,434,1487,0.11545238429180386
1047,431,1478,0.11548278899431359
1042,445,1487,0.11552660809410167
1057,448,1505,0.11557989244963299
1053,449,1502,0.1155942700185765
1049,453,1502,0.11561877560839391
1056,451,1507,0.11565374243545996
1045,450,1495,0.11567007668300805
1040,454,1494,0.11570911350601794
1046,453,1499,0.1157558351956832
1059,457,1516,0.11578305799018168
1049,458,1507,0.11578054005791565
1048,451,1499,0.11580090476193051
1041,450,1491,0.115822647807032
1043,451,1494,0.11586011466511077
1039,453,1492,0.11589009656195785
1048,447,1495,0.11592617387343075
1050,442,1492,0.11593938576221911
1061,442,1503,0.1159474962274448
1054,447,1501,0.11592875842384494
1062,451,1513,0.11592847975456319
1061,452,1513,0.11590669648622676
1053,453,1506,0.11588885797053507
1053,448,1501,0.11589274003688063
1054,454,1508,0.1158981130015809
1046,457,1503,0.11590125093164635
1055,457,1512,0.11592375590481571
1055,458,1513,0.11592507195031974
1052,452,1504,0.11592654411286735
1050,456,1506,0.1159347914126133
1048,444,1492,0.11594753023757925
1047,447,1494,0.1159642760046417
1049,451,1500,0.1159814100998917
1047,454,1501,0.1159954688185114
1042,460,1502,0.11601346448683636
1041,456,1497,0.1160418490672379
1047,457,1504,0.11606996429028747
1058,459,1517,0.11608032521741869
1058,456,1514,0.11606623214677964
1048,451,1499,0.11605415367189202
1030,449,1479,0.11606623731558058
1037,459,1496,0.11611741596092051
1026,458,1484,0.11614865654955263
1019,458,1477,0.11620267286257374
1034,456,1490,0.11627033073003375
1032,459,1491,0.11629797287136448
1028,457,1485,0.11632911576857065
1035,459,1494,0.11636829689645242
1028,458,1486,0.11638620398955078
1028,460,1488,0.11641839441065079
1027,467,1494,0.11644907120837956
1025,465,1490,0.11648003170446362
1025,465,1490,0.11651591277059349
1026,476,1502,0.11654857775610154
1019,473,1492,0.11657794252267173
1015,474,1489,0.11662023201508355
1020,470,1490,0.11666751747850376
1020,474,1494,0.11669980013839146
1030,473,1503,0.116731716361932
1017,476,1493,0.1167361097431152
1009,486,1495,0.1167705534653496
1009,487,1496,0.11682002715623713
1012,490,1502,0.11686423163453737
1007,499,1506,0.11689826033994948
1009,496,1505,0.11694225600180257
1006,501,1507,0.11697828215419126
996,502,1498,0.11702162499361184
1002,506,1508,0.11708709423261393
1004,500,1504,0.1171366363070204
1011,504,1515,0.11717768456090628
1005,504,1509,0.11720173373056729
1005,508,1513,0.1172347340881888
998,512,1510,0.11726592310309245
997,511,1508,0.11731191719449921
990,513,1503,0.11735826347985523
981,518,1499,0.11741717459513168
989,516,1505,0.11749195073481059
977,521,1498,0.11754530474078419
967,528,1495,0.11762373071715215
974,528,1502,0.1177172609632558
968,528,1496,0.11778693058958936
957,525,1482,0.11786533817839226
959,521,1480,0.11796245906060068
962,521,1483,0.1180480654242082
972,518,1490,0.11812130703607625
976,526,1502,0.11816556311656214
968,537,1505,0.11819888794112846
972,538,1510,0.11824523029217524
987,531,1518,0.11828160298512166
975,535,1510,0.11827954888999193
964,536,1500,0.1183061273609314
958,531,1489,0.11835708385654133
960,542,1502,0.11842013986897305
962,549,1511,0.11847591306064084
965,554,1519,0.11852346915096203
961,552,1513,0.11856304791802262
964,548,1512,0.11860982764009599
967,556,1523,0.11864766227570471
959,552,1511,0.11867627625669976
950,553,1503,0.11872286681367011
950,546,1496,0.11878611776639206
945,548,1493,0.1188410881788024
938,558,1496,0.11890522977267938
930,559,1489,0.11898376181190255
934,560,1494,0.11907422841317583
946,555,1501,0.11914637801156863
948,550,1498,0.1191823297479075
942,545,1487,0.1192093848257796
929,552,1481,0.1192479979098298
940,567,1507,0.11931296919492666
935,560,1495,0.11934744626846105
936,559,1495,0.11939109194353119
942,567,1509,0.11942935686140928
942,564,1506,0.1194529396126096
949,558,1507,0.11947766539278809
955,556,1511,0.11948525128144151
943,557,1500,0.11947883534208881
950,564,1514,0.11949925296692308
942,565,1507,0.11950272200063697
941,564,1505,0.11952537978307269
936,563,1499,0.11954792792636841
938,564,1502,0.11958100151616388
934,567,1501,0.1196064766188973
939,563,1502,0.11963985823153772
936,566,1502,0.1196619030077141
935,563,1498,0.11968678703445339
941,570,1511,0.11971235684293324
940,576,1516,0.1197241919520603
938,565,1503,0.11973806265221733
921,563,1484,0.119753785670934
912,571,1483,0.11980720438698551
904,577,1481,0.11988110462130795
917,578,1495,0.11996921479311227
921,582,1503,0.12002019400995932
920,590,1510,0.12005848279651284
920,588,1508,0.12009789658322792
925,592,1517,0.12013637669428259
924,586,1510,0.12016101449514469
912,588,1500,0.12018528687693499
905,600,1505,0.12023609460008004
901,592,1493,0.12030147999870346
907,605,1512,0.12037230184942395
900,606,1506,0.1204242083133687
899,606,1505,0.12049019008324567
907,604,1511,0.12055076942468006
905,606,1511,0.12058984401174429
908,603,1511,0.12063121605100743
906,599,1505,0.12066366327399536
907,595,1502,0.12070113667343833
911,600,1511,0.12073456957174336
903,590,1493,0.12075325263390567
903,600,1503,0.12078990411711377
902,605,1507,0.12082426070731421
894,605,1499,0.12086047156744673
889,604,1493,0.12090993049499264
882,611,1493,0.12096825135349377
889,625,1514,0.1210406994767881
889,619,1508,0.12109483108240406
889,629,1518,0.12114666592487033
890,626,1516,0.12119627707500452
883,636,1519,0.12123893046306027
890,638,1528,0.12129395794613601
882,637,1519,0.12132724176728425
877,634,1511,0.12137842112595061
875,632,1507,0.12143937910644834
873,635,1508,0.12150296976129767
873,639,1512,0.12156850764741234
869,639,1508,0.12163111907135654
868,636,1504,0.12169820277051542
869,639,1508,0.12176535954279856
869,639,1508,0.12182700777860277
862,635,1497,0.12188394326183079
853,638,1491,0.1219507509061363
853,649,1502,0.12203224472313307
839,649,1488,0.1221104411029878
836,651,1487,0.12221480879680957
838,662,1500,0.12231944260023844
829,654,1483,0.12241352308132829
844,651,1495,0.12252140218796445
852,652,1504,0.12258529425500132
856,658,1514,0.12262643341376514
843,664,1507,0.12265516595255203
838,665,1503,0.12271276452529305
844,666,1510,0.12277559050654807
838,671,1509,0.12282094591023077
837,670,1507,0.12287879662064675
838,681,1519,0.12293562048001389
837,678,1515,0.12298563309618782
837,688,1525,0.12303231585156484
818,681,1499,0.1230777141807457
819,680,1499,0.12316320117725084
829,682,1511,0.12324310952646425
830,686,1516,0.12329460541752976
818,677,1495,0.12334254616344456
817,673,1490,0.12341564982028061
820,674,1494,0.12348607388736106
828,684,1512,0.12354246080060761
821,692,1513,0.12357720735233339
814,701,1515,0.12362595480888103
806,696,1502,0.12368865912173295
803,701,1504,0.12376309458015282
800,705,1505,0.12384149657392744
803,689,1492,0.12392021341500557
810,698,1508,0.12398666731553068
803,707,1510,0.12403024623522117
805,704,1509,0.12409027485786428
809,706,1515,0.12414130972680339
813,702,1515,0.12418012496688215
808,698,1506,0.12420752099355699
806,709,1515,0.12424473965739043
797,703,1500,0.12428488363938126
794,712,1506,0.12434317115090195
789,716,1505,0.1244048722827042
798,714,1512,0.12447447563224745
792,712,1504,0.12451909290962342
790,707,1497,0.12456990530142174
787,714,1501,0.1246227603661168
790,709,1499,0.12468068792464948
792,709,1501,0.12472826356055677
789,720,1509,0.12476858216542898
787,721,1508,0.12481373099422327
779,725,1504,0.1248622727513403
786,728,1514,0.1249255733619011
785,737,1522,0.1249663910104193
785,729,1514,0.12500575195780095
764,733,1497,0.1250417368749612
771,731,1502,0.12512250120078958
770,727,1497,0.12518249458616126
773,723,1496,0.12523830778259964
763,724,1487,0.1252843874542506
765,732,1497,0.12535212469200696
767,736,1503,0.12540912651475156
765,742,1507,0.12545756327386662
768,734,1502,0.1255118236538422
751,740,1491,0.12555495935601318
738,746,1484,0.12563469090848323
741,755,1496,0.1257397895541198
749,749,1498,0.12583014476690946
755,737,1492,0.12589582785690254
761,746,1507,0.1259434691804493
757,737,1494,0.1259722555102528
753,743,1496,0.12600712900355826
743,740,1483,0.12605052939323133
749,736,1485,0.126114962455684
727,750,1477,0.12615788772192757
727,752,1479,0.1262486937676141
736,761,1497,0.126332725665664
744,771,1515,0.1263901411999518
748,773,1521,0.12642495321879937
753,769,1522,0.12644754873469577
747,765,1512,0.12645524262729754
745,761,1506,0.12647824401440125
745,766,1511,0.12650535800215643
747,756,1503,0.12653100467522066
736,760,1496,0.12655152383339036
734,765,1499,0.12659772470166944
742,767,1509,0.12664477188449522
748,767,1515,0.1266709405908905
739,763,1502,0.12668320884918555
740,765,1505,0.12671595302117375
735,767,1502,0.12674190325355977
730,765,1495,0.12677785896139
733,763,1496,0.1268216582927159
730,763,1493,0.12685537061525562
731,779,1510,0.1268959309553977
733,766,1499,0.126933485573269
727,773,1500,0.12696291334948542
711,773,1484,0.12700616011656796
726,779,1505,0.1270855294000172
726,787,1513,0.12712410647936748
722,787,1509,0.12716235619376864
731,798,1529,0.12720642253885994
721,795,1516,0.1272289508117391
715,797,1512,0.12727167895420188
708,799,1507,0.1273250474960449
712,800,1512,0.12739381678584535
705,800,1505,0.12744911389831357
706,801,1507,0.12751840945861284
702,801,1503,0.12758289468992193
708,798,1506,0.12765210874283997
702,798,1500,0.12770106453566346
698,797,1495,0.1277590539155201
703,798,1501,0.1278209163506156
703,796,1499,0.1278704942996626
699,804,1503,0.12791392684893182
697,812,1509,0.12796376544830215
696,812,1508,0.1280170311319572
701,807,1508,0.12807107852392136
713,807,1520,0.1281087701860868
717,798,1515,0.1281140372578227
706,810,1516,0.1281094465942609
698,818,1516,0.12813238953091097
691,814,1505,0.12817518742474868
689,814,1503,0.1282323763050267
684,815,1499,0.1282900792353925
687,826,1513,0.12835245340123638
683,827,1510,0.1284046744422816
690,828,1518,0.1284649252745056
686,816,1502,0.12850483987260466
690,818,1508,0.12855014490258357
682,823,1505,0.12857991773403019
673,819,1492,0.12862907795020162
665,821,1486,0.1286964478685549
660,827,1487,0.12877752475003756
673,821,1494,0.1288644411742105
674,821,1495,0.128912786374628
670,826,1496,0.12895246252149353
663,815,1478,0.12899862364211198
673,828,1501,0.1290592499367707
670,819,1489,0.12909227751360267
672,837,1509,0.1291309108913916
671,829,1500,0.1291625226522053
677,831,1508,0.12919396042275932
672,836,1508,0.12920767905008604
678,841,1519,0.1292338751971526
669,839,1508,0.12924587479840885
662,839,1501,0.12927475231038296
668,836,1504,0.12931878753529805
667,829,1496,0.12934824834798594
662,837,1499,0.12937928518709604
656,846,1502,0.12942139207214942
666,843,1509,0.12947122843543957
654,843,1497,0.1294906572887644
655,833,1488,0.12953747729426837
661,830,1491,0.1295809975080104
664,834,1498,0.12960854591951387
661,850,1511,0.1296272427372147
662,845,1507,0.1296513750553582
654,848,1502,0.1296724684450803
654,846,1500,0.12971047876648847
655,857,1512,0.12974775613575784
653,849,1502,0.12977679743959533
652,853,1505,0.1298089426302929
651,852,1503,0.12984313015903406
654,860,1514,0.12987803677096796
663,860,1523,0.1299044913344572
661,857,1518,0.1299063173401223
647,863,1510,0.12991314449574312
643,869,1512,0.12995069359492425
645,862,1507,0.12999661161106124
646,864,1510,0.13003571581009052
638,863,1501,0.130071894017789
632,870,1502,0.13012560346507882
628,866,1494,0.1301869988100848
625,866,1491,0.13025526924330394
628,868,1496,0.1303243419201322
636,884,1520,0.1303839254890764
622,891,1513,0.1304214132117571
630,885,1515,0.13048929159953127
620,886,1506,0.13053645315004062
619,883,1502,0.1306031806855836
619,877,1496,0.13066889609283935
616,881,1497,0.13072929933438948
611,880,1491,0.13079354799841275
623,878,1501,0.1308657429640553
625,880,1505,0.13090423955066824
618,877,1495,0.13093763623266447
621,878,1499,0.1309828645361977
616,885,1501,0.13101879112717377
612,888,1500,0.13106507900409137
616,895,1511,0.13111734184426602
619,897,1516,0.13115734173710702
619,899,1518,0.131186035516671
629,899,1528,0.13121369818663817
626,893,1519,0.13121808550354497
627,899,1526,0.13122836659868573
624,907,1531,0.13123641280646187
621,893,1514,0.1312518593509228
613,903,1516,0.13127559616968804
604,905,1509,0.13131723172646143
610,898,1508,0.1313730927329053
609,896,1505,0.13141277837827506
616,895,1511,0.13145348138904617
614,896,1510,0.13147688900001178
609,903,1512,0.13150395445947272
612,897,1509,0.13153942044833403
612,887,1499,0.1315622758630305
618,877,1495,0.13158021455429203
617,885,1502,0.1315842790813381
619,890,1509,0.1315895487882697
615,897,1512,0.1315875251220383
620,893,1513,0.13159578324791063
618,899,1517,0.13158931110444644
613,894,1507,0.13159199187043427
610,893,1503,0.13160812011570072
615,893,1508,0.13162898433047127
622,894,1516,0.13163805335797624
617,892,1509,0.13163227694495816
615,889,1504,0.13163547617675106
607,902,1509,0.13164201409974768
617,906,1523,0.13166928348233353
610,902,1512,0.13167201724381947
606,899,1505,0.13169040315390887
608,899,1507,0.13171901699924804
614,894,1508,0.13173741638236577
620,901,1521,0.13173912591158765
615,897,1512,0.13172758450798977
618,894,1512,0.13172857074909078
614,896,1510,0.13172078894245648
619,887,1506,0.13172402953996942
615,892,1507,0.13171430183254523
620,896,1516,0.13171414535585543
621,891,1512,0.1317040021568271
620,905,1525,0.13169162011231358
615,900,1515,0.13168299834842978
616,902,1518,0.1316851473797468
613,890,1503,0.13168530371255205
607,882,1489,0.13169581130954075
617,899,1516,0.131719499281148
622,896,1518,0.13171831120881897
618,885,1503,0.13170665252436997
617,896,1513,0.13170550784260426
611,891,1502,0.13170560825666233
608,888,1496,0.13171848334378322
612,886,1498,0.13173569892691486
609,889,1498,0.13174219875218848
613,896,1509,0.13175690962503744
618,885,1503,0.13176233623221306
607,895,1502,0.13175432990427624
605,909,1514,0.1317733260375982
605,905,1510,0.13179462480313014
609,899,1508,0.13181548602894555
610,895,1505,0.13182372190808514
616,904,1520,0.13182988843778584
619,888,1507,0.13181949700678583
622,898,1520,0.13180465591025692
610,892,1502,0.13178694209020236
614,891,1505,0.13179764830235638
615,895,1510,0.13179759934098195
608,889,1497,0.13179517296173218
602,885,1487,0.13180819940902155
604,887,1491,0.13183574974587564
598,893,1491,0.1318577811295585
595,911,1506,0.13189249927707805
597,907,1504,0.13193131310513004
599,906,1505,0.13196593612246593
606,906,1512,0.13199266119636835
601,903,1504,0.13200101699985123
604,891,1495,0.13201942431229888
609,904,1513,0.13202912440925682
596,915,1511,0.1320280774992388
589,907,1496,0.13205785536542364
601,908,1509,0.13210216988094403
591,905,1496,0.13211579391294873
589,906,1495,0.13215035305157294
591,905,1496,0.13218768381619078
602,905,1507,0.13221699238389398
601,892,1493,0.13221875631602534
595,907,1502,0.13222412053516655
602,913,1515,0.13223857216115512
608,893,1501,0.13223440053103516
605,893,1498,0.13221739368723898
603,896,1499,0.13221021490176954
603,893,1496,0.13220939436297965
597,900,1497,0.1322082646931322
603,911,1514,0.13222329570589866
593,905,1498,0.13222196023709812
594,910,1504,0.13224467547706037
587,891,1478,0.13226219337757972
582,897,1479,0.13229366873374893
584,901,1485,0.13233292903072438
588,911,1499,0.1323646269862012
595,917,1512,0.13238820580923435
588,914,1502,0.13239311137057533
577,922,1499,0.1324127796196738
586,918,1504,0.13245914341772294
582,928,1510,0.13248156489821228
583,928,1511,0.13251226101036997
577,915,1492,0.13253804419499537
574,928,1502,0.1325756241106026
573,934,1507,0.13261957981631192
572,939,1511,0.13266395763298047
573,931,1504,0.1327080427179247
574,938,1512,0.1327438631403084
559,940,1499,0.13277367855590352
556,933,1489,0.13283489402432522
563,937,1500,0.1329005252984325
560,926,1486,0.13294617915104004
565,936,1501,0.1329956589832998
563,943,1506,0.1330317063009395
559,940,1499,0.13306997935062306
553,942,1495,0.13311647758880937
544,949,1493,0.13317428101992054
547,954,1501,0.13324918586048934
543,942,1485,0.1333137423563795
551,951,1502,0.13338174421514418
550,957,1507,0.13342566029375813
544,965,1509,0.13346936642651294
556,961,1517,0.13352488279757016
549,956,1505,0.13354933113660578
553,953,1506,0.1335884920229371
545,958,1503,0.13361573658984188
544,964,1508,0.1336603779195849
539,967,1506,0.13370495093128593
537,976,1513,0.13375854656651243
540,970,1510,0.13381234289690636
530,975,1505,0.13385660085339077
535,977,1512,0.13391968766803367
531,973,1504,0.13396628619027984
540,979,1519,0.1340203127843784
544,978,1522,0.1340509172081957
538,976,1514,0.13407046832156863
537,968,1505,0.13410478252829186
536,971,1507,0.13413904862981443
526,974,1500,0.13417467315366807
533,978,1511,0.13423181347565807
533,979,1512,0.13426783844429016
526,980,1506,0.1342996718422939
521,974,1495,0.1343467396664427
522,973,1495,0.13440165749382807
531,984,1515,0.13445241908074587
531,984,1515,0.1344766914543121
527,977,1504,0.1345016264690115
516,990,1506,0.1345354130781638
518,992,1510,0.13459252095535898
521,995,1516,0.13464064020216557
518,982,1500,0.13467651202973868
514,978,1492,0.13471526572729034
515,975,1490,0.13476167236079487
520,987,1507,0.1348016225289771
519,984,1503,0.13482860713529235
517,981,1498,0.13485750651197204
516,982,1498,0.1348893504360204
515,989,1504,0.13491530879945693
517,994,1511,0.13494342476110444
516,986,1502,0.1349647145971726
516,991,1507,0.13498882051204983
513,983,1496,0.13501027489528833
517,983,1500,0.1350385680648951
513,986,1499,0.1350585097934305
518,982,1500,0.13508613222377505
517,982,1499,0.13509569086608902
521,978,1499,0.13510768574243925
523,983,1506,0.13510974516077912
515,990,1505,0.13510765927981044
518,993,1511,0.13512445978531995
511,997,1508,0.1351333911063295
508,1000,1508,0.13515841864670317
512,995,1507,0.1351876490935727
508,995,1503,0.13520722475401853
511,996,1507,0.13523007522867453
508,994,1502,0.135245338607693
508,984,1492,0.13526944275485037
514,992,1506,0.13529211445216607
521,992,1513,0.13530004118696576
516,993,1509,0.13529232899775512
517,991,1508,0.13529234052507866
520,995,1515,0.13529129571661072
524,991,1515,0.13528500707181507
521,988,1509,0.13527166136753047
516,1001,1517,0.1352682836576678
512,1003,1515,0.13527546863567708
508,1009,1517,0.1352938376545792
511,1006,1517,0.1353190772909444
512,1001,1513,0.135336982687708
515,1004,1519,0.13535207226284943
519,1005,1524,0.13535794872011667
516,995,1511,0.1353562913726296
511,1001,1512,0.13536217706053721
511,1004,1515,0.13537905976593798
505,1019,1524,0.13539454113240898
503,1005,1508,0.13542400332620505
503,1007,1510,0.13545664804384017
510,1011,1521,0.1354872418172336
511,1012,1523,0.1354952380743007
508,1007,1515,0.13550099318203393
509,995,1504,0.13551471416436617
500,992,1492,0.13552390540029097
504,1001,1505,0.13555272865448104
505,1006,1511,0.13557027719751746
503,1009,1512,0.13558471937480762
502,1009,1511,0.1356019374234247
495,1020,1515,0.1356213666450631
500,1015,1515,0.13565501973346755
501,1007,1508,0.13567481427189437
502,1010,1512,0.13569071625788315
501,1016,1517,0.1357023834836409
493,1018,1511,0.1357161033477816
496,994,1490,0.1357467496185792
490,1008,1498,0.13576882987752661
489,1007,1496,0.13580346848096686
486,1011,1497,0.13583688359792842
489,1012,1501,0.13587527297774996
496,1020,1516,0.13590568105744275
488,1011,1499,0.13591869826490735
500,1003,1503,0.13594985609483123
499,1009,1508,0.13594991159009762
493,1007,1500,0.13594740524232354
492,1005,1497,0.13595942444252057
492,1002,1494,0.13597385131669706
484,1003,1487,0.13598699561390779
482,1024,1506,0.13601804306213677
483,1026,1509,0.136050468438885
483,1028,1511,0.13607853448700344
483,1023,1506,0.13610426093845718
486,1019,1505,0.13612928512808062
488,1020,1508,0.1361466813657805
486,1027,1513,0.1361588258548627
490,1041,1531,0.13617460478317941
486,1036,1522,0.13617784964917024
481,1041,1522,0.13619376726678564
480,1041,1521,0.13621925273091823
491,1045,1536,0.13624650872631222
485,1038,1523,0.13624548030210712
481,1021,1502,0.1362587941692398
486,1022,1508,0.13628045085964088
484,1020,1504,0.1362887246454001
483,1029,1512,0.13630298386580703
483,1029,1512,0.13631671783824995
480,1025,1505,0.13632906483321133
468,1033,1501,0.136350388762696
466,1037,1503,0.13639983141167947
474,1040,1514,0.13644994901117402
475,1030,1505,0.13647708845617712
472,1034,1506,0.136501953418692
473,1026,1499,0.13653265728766614
471,1025,1496,0.1365593920427171
470,1023,1493,0.13658887544224674
461,1024,1485,0.13661906481087552
462,1029,1491,0.13666916614936336
469,1037,1506,0.13671558242405701
475,1038,1513,0.13674048624419016
469,1039,1508,0.13675019775120656
462,1043,1505,0.1367716110849786
462,1030,1492,0.136808211238924
472,1040,1512,0.13684363920411843
460,1047,1507,0.13685337087636346
463,1043,1506,0.13689251755756648
466,1059,1525,0.1369203973352501
468,1057,1525,0.1369390576189611
466,1048,1514,0.13695297895054498
469,1051,1520,0.1369706117184975
469,1056,1525,0.13697870435301884
474,1053,1527,0.13698534867090711
470,1043,1513,0.13698037666721397
466,1039,1505,0.13698419164471334
473,1047,1520,0.13699782145220907
474,1043,1517,0.1369944710634351
469,1052,1521,0.13699039719653341
473,1049,1522,0.13699959193105635
477,1044,1521,0.13699973588529996
467,1045,1512,0.1369911400226301
465,1052,1517,0.13700683540873335
457,1051,1508,0.1370243123062615
457,1044,1501,0.13706005278650796
450,1043,1493,0.13709170996689932
447,1047,1494,0.13713752585659603
442,1047,1489,0.13718563735128633
445,1051,1496,0.1372401834923885
443,1059,1502,0.13728414468762096
451,1065,1516,0.1373296457813003
452,1070,1522,0.1373550854441959
447,1060,1507,0.1373772322019532
450,1050,1500,0.137410318927993
445,1061,1506,0.13743312154963344
437,1074,1511,0.13746842179767765
441,1077,1518,0.13752005701552114
441,1084,1525,0.1375595589561715
437,1086,1523,0.13759541053876675
434,1077,1511,0.13763801212472748
435,1076,1511,0.13768509779652519
445,1075,1520,0.13772579744223584
440,1065,1505,0.13773976836997912
443,1063,1506,0.1377669165037236
429,1074,1503,0.13778454034679627
433,1082,1515,0.13783398094509608
423,1071,1494,0.1378726349598004
423,1071,1494,0.13793002773446278
426,1084,1510,0.13798410887480486
428,1082,1510,0.13802765509685896
431,1085,1516,0.13806401591148415
429,1079,1508,0.13809192231854583
420,1083,1503,0.13812057430823188
424,1089,1513,0.13817052290903115
424,1091,1515,0.13820850832750023
427,1096,1523,0.1382439552191306
419,1083,1502,0.13827002989331913
413,1085,1498,0.13831356366330536
414,1112,1526,0.13836955813700919
416,1099,1515,0.13841670919989338
420,1097,1517,0.13845604251149257
418,1103,1521,0.13848479371218855
419,1090,1509,0.1385168062813528
417,1094,1511,0.1385453279746582
413,1096,1509,0.13857764614488088
412,1095,1507,0.13861578584123974
415,1088,1503,0.13865124127823042
412,1086,1498,0.13867642567104185
419,1089,1508,0.13870612307676042
422,1081,1503,0.13871628381742349
419,1094,1513,0.13871867941583804
415,1103,1518,0.13872824391503016
415,1105,1520,0.13874791603044703
415,1099,1514,0.1387650580160264
417,1097,1514,0.13877993981569886
421,1093,1514,0.13879069570396485
419,1101,1520,0.138792188311553
417,1103,1520,0.1387988398097636
414,1087,1501,0.13881034140132445
413,1088,1501,0.13882932098026546
417,1102,1519,0.13884810931371583
414,1102,1516,0.13885826070120166
414,1110,1524,0.13887509667534054
415,1104,1519,0.13889265590120017
413,1104,1517,0.13890564773602845
411,1097,1508,0.13892308465992115
409,1103,1512,0.13894463744545474
408,1100,1508,0.13896767410723046
408,1094,1502,0.13899047104877635
401,1094,1495,0.1390115286232412
400,1097,1497,0.13904789061167705
406,1103,1509,0.1390825795389479
405,1101,1506,0.13910193528515089
386,1102,1488,0.1391236094598758
394,1106,1500,0.1391872717725024
400,1116,1516,0.13922771618724472
397,1115,1512,0.13924937970127438
399,1109,1508,0.13927779241634414
398,1120,1518,0.13929914354114964
402,1119,1521,0.139321142047571
402,1116,1518,0.1393343170686875
409,1110,1519,0.13934650354352102
404,1120,1524,0.1393411579459054
410,1102,1512,0.1393494521682199
408,1106,1514,0.13934218961370282
405,1101,1506,0.1393403695332973
409,1112,1521,0.13934555578592675
409,1115,1524,0.13934263194379123
413,1119,1532,0.13934066609456383
405,1121,1526,0.1393276320415068
403,1120,1523,0.13933602138077641
405,1123,1528,0.13934848393184587
404,1113,1517,0.13935474572284393
399,1104,1503,0.13936324219351057
406,1109,1515,0.13938417082547716
409,1115,1524,0.13938815019937661
409,1115,1524,0.1393849762618391
406,1114,1520,0.1393830994772174
401,1113,1514,0.13938953047740457
398,1111,1509,0.13940786836867777
400,1112,1512,0.13943210020043323
402,1118,1520,0.13944953610163277
402,1106,1508,0.13946111762833083
401,1101,1502,0.13947336570409263
397,1098,1495,0.13948317069657507
401,1108,1509,0.1395026751859537
398,1119,1517,0.1395099855131685
396,1110,1506,0.13952409719366365
395,1113,1508,0.13953892327971576
393,1122,1515,0.13955724979985124
385,1130,1515,0.1395774040283699
386,1133,1519,0.13961414413945164
387,1131,1518,0.13964637783176456
380,1124,1504,0.13967569828149634
387,1122,1509,0.1397183975901902
383,1127,1510,0.1397417919857826
389,1122,1511,0.13977223424058974
389,1123,1512,0.13978780416240832
386,1115,1501,0.13980327446551755
388,1126,1514,0.13982269005886494
389,1117,1506,0.1398365595859767
391,1128,1519,0.1398454675815212
389,1120,1509,0.13984921293313785
385,1115,1500,0.13985906658048786
379,1099,1478,0.13987789476593626
385,1095,1480,0.1399075131010621
388,1117,1505,0.1399204818059648
382,1129,1511,0.13992686412175462
383,1134,1517,0.13994711405684052
379,1145,1524,0.13996372797854387
382,1134,1516,0.13998728095225668
382,1131,1513,0.14000175448718113
385,1138,1523,0.14001404367044368
388,1127,1515,0.14001944650592343
384,1121,1505,0.14001743178426
381,1122,1503,0.14002682212740544
383,1120,1503,0.14004309490510303
378,1125,1503,0.1400532899550613
374,1127,1501,0.14007442103021192
372,1126,1498,0.1401042787863029
380,1128,1508,0.14013724968297045
382,1129,1511,0.14014734738275333
381,1134,1515,0.140152684645911
384,1127,1511,0.14015895974925688
384,1127,1511,0.14015889786915361
385,1126,1511,0.14016056818581177
382,1129,1511,0.1401595694169882
377,1133,1510,0.14016622396632553
375,1148,1523,0.14018354360655733
376,1145,1521,0.14020499673878853
371,1140,1511,0.1402233822967303
373,1142,1515,0.14025317501968007
363,1140,1503,0.14027774330763315
371,1140,1511,0.14032362941407756
368,1153,1521,0.14034888680534455
363,1162,1525,0.14038025401216056
363,1155,1518,0.14042141132678101
359,1160,1519,0.14045906387471788
353,1161,1514,0.14050292555482918
361,1159,1520,0.14055657782102238
360,1146,1506,0.1405873271469322
361,1159,1520,0.14061898149174543
355,1158,1513,0.14064632636034255
360,1156,1516,0.14068460132264574
360,1156,1516,0.14070871461291343
358,1159,1517,0.14073257806620876
362,1167,1529,0.1407587156017993
353,1163,1516,0.14077424417816187
350,1167,1517,0.14081022341430885
347,1167,1514,0.14085105063864345
359,1165,1524,0.1408972720033941
361,1159,1520,0.1409125577078508
359,1165,1524,0.14092316220929593
360,1166,1526,0.14093754442593212
356,1171,1527,0.14094809300111144
351,1170,1521,0.14096861066193325
349,1168,1517,0.14099909468576896
354,1157,1511,0.14103279255766035
357,1156,1513,0.14105290289786063
357,1168,1525,0.14106247896062407
354,1158,1512,0.14106953868817398
357,1151,1508,0.1410826976822803
354,1153,1507,0.14108729565381314
360,1170,1530,0.1410991613469567
352,1178,1530,0.14109711021655413
346,1181,1527,0.14111413997956115
344,1172,1516,0.14114448399878404
343,1175,1518,0.14117829124318135
339,1176,1515,0.1412135508080194
337,1180,1517,0.14125471025133218
340,1186,1526,0.14129436060312914
333,1175,1508,0.14132552027186052
335,1169,1504,0.14137252024424865
328,1168,1496,0.14141240637270364
334,1173,1507,0.1414657990789231
327,1164,1491,0.14150241991113888
334,1165,1499,0.14155135154344617
334,1175,1509,0.14158061170125363
332,1173,1505,0.14160786471655484
329,1176,1505,0.14163813503795875
327,1182,1509,0.14167387873760048
328,1177,1505,0.1417129662346025
327,1175,1502,0.14174376026977786
333,1179,1512,0.14177349742851544
329,1180,1509,0.14178819683557733
331,1181,1512,0.1418129292177116
331,1177,1508,0.14183090552490696
336,1166,1502,0.14184619571563015
339,1166,1505,0.14184812601170918
344,1155,1499,0.14184399865142056
345,1175,1520,0.14182753090705166
339,1187,1526,0.14181016054406
342,1182,1524,0.14180867150981996
343,1177,1520,0.14180050281479015
346,1183,1529,0.14179042685030852
339,1178,1517,0.14177484529963505
342,1169,1511,0.14177558331665024
340,1163,1503,0.14177004392803155
341,1165,1506,0.14176986798840255
344,1172,1516,0.1417671199498182
342,1164,1506,0.14175726759707027
337,1172,1509,0.14175367674619765
334,1183,1517,0.14176325892163633
334,1175,1509,0.14177886952062857
337,1185,1522,0.1417945530884756
341,1161,1502,0.1418015855885419
341,1168,1509,0.14179681514517056
334,1174,1508,0.14179012983669895
336,1174,1510,0.1418002354451839
341,1177,1518,0.14180621116282555
340,1177,1517,0.14179999678345737
334,1177,1511,0.14179505547170224
329,1177,1506,0.141805342951182
329,1182,1511,0.141827817333597
331,1185,1516,0.14184901249201987
330,1187,1517,0.14186353712851626
331,1185,1516,0.14188108149685275
335,1167,1502,0.14189281282629118
334,1175,1509,0.1418943070126873
339,1171,1510,0.14189902191269244
341,1171,1512,0.14189146610510883
335,1169,1504,0.14187941789351624
333,1164,1497,0.14187908063607524
335,1166,1501,0.14188322707437165
337,1178,1515,0.14188400520539082
335,1173,1508,0.1418806536256565
331,1181,1512,0.14188300751877553
332,1177,1509,0.14189285223648793
326,1177,1503,0.14190108577821509
325,1185,1510,0.14192330759342628
329,1181,1510,0.14194673669745994
331,1176,1507,0.1419577642553331
330,1173,1503,0.14196270609659883
328,1193,1521,0.1419714471371762
324,1193,1517,0.14198561622459452
329,1195,1524,0.1420085114179998
330,1198,1528,0.14201966822099188
331,1181,1512,0.14202849197859377
327,1173,1500,0.14203509660004804
329,1192,1521,0.14204997189493
332,1183,1515,0.14205704724041118
336,1175,1511,0.1420579131595704
335,1181,1516,0.1420457210257708
339,1177,1516,0.14203857017626037
334,1177,1511,0.14202074431336942
334,1174,1508,0.14201602092900056
333,1178,1511,0.1420126492483404
327,1179,1506,0.14201297047942676
333,1181,1514,0.14202660162805242
332,1166,1498,0.1420249525215889
335,1155,1490,0.1420255545635192
330,1168,1498,0.14201939516006984
326,1167,1493,0.14202502800239605
334,1172,1506,0.1420386110816182
338,1171,1509,0.14202902957819016
333,1165,1498,0.14201131322120533
337,1164,1501,0.1420068197100773
342,1169,1511,0.14199366370072908
341,1175,1516,0.1419705933935857
341,1179,1520,0.14195270287315856
340,1176,1516,0.14193665929578622
339,1175,1514,0.14192210429502253
343,1177,1520,0.14191101351715762
346,1188,1534,0.14189210918250583
344,1182,1526,0.14186868930919452
341,1172,1513,0.14185197822313284
339,1173,1512,0.14184358478078057
341,1165,1506,0.14184166897474074
333,1170,1503,0.14183684951336759
335,1164,1499,0.14185137540102022
339,1163,1502,0.1418573321352086
339,1174,1513,0.14185367265723442
336,1174,1510,0.14185212229802918
331,1176,1507,0.14185678941452548
326,1178,1504,0.14187281605063995
327,1168,1495,0.1419005722191978
331,1174,1505,0.1419229073839393
333,1169,1502,0.14193278161055944
336,1165,1501,0.14193781198011882
333,1185,1518,0.14193677260747542
327,1172,1499,0.14194315932589585
329,1161,1490,0.14196219210784627
332,1159,1491,0.14197416780166316
331,1169,1500,0.14197839092545636
329,1163,1492,0.14198391327776452
331,1181,1512,0.14199359898532454
328,1182,1510,0.1420007708872954
325,1187,1512,0.1420152512988745
326,1191,1517,0.14203583793390656
326,1188,1514,0.14205420328624777
324,1173,1497,0.14207213895678436
318,1179,1497,0.14209248171930344
314,1178,1492,0.14212380358078405
311,1176,1487,0.14216194654604275
313,1180,1493,0.14220325179851132
310,1194,1504,0.14223677169045787
316,1198,1514,0.14227519369869715
312,1188,1500,0.14229743362648312
316,1184,1500,0.14232814473631783
316,1187,1503,0.14234756436317345
310,1188,1498,0.1423656667272477
306,1191,1497,0.14239548156508675
306,1188,1494,0.14243250645645766
308,1183,1491,0.14246774558868944
310,1181,1491,0.14249615859162515
308,1186,1494,0.14251755161392082
302,1187,1489,0.14254489306749873
303,1200,1503,0.14258137075740795
306,1189,1495,0.14261474283802397
307,1198,1505,0.14263866657970506
308,1203,1511,0.14265613881984543
308,1197,1505,0.14266905545034045
310,1211,1521,0.14268095566674244
314,1207,1521,0.1426878046157152
310,1210,1520,0.14268347486892238
315,1194,1509,0.14269007498379152
314,1184,1498,0.14268461340868602
310,1198,1508,0.14268300487053165
306,1189,1495,0.1426904689940747
303,1198,1501,0.14270763484269858
306,1211,1517,0.1427304608793586
302,1219,1521,0.142746042562318
302,1217,1519,0.14276907917300266
306,1226,1532,0.14279170383402617
302,1229,1531,0.14280454041874377
302,1225,1527,0.14282664357492617
301,1206,1507,0.14284774417929685
297,1204,1501,0.14287011416701428
297,1211,1508,0.14290051966057774
296,1218,1514,0.1429263159117314
304,1220,1524,0.14295499052984842
301,1227,1528,0.14295943858460777
299,1221,1520,0.14297133356536088
298,1223,1521,0.14298672387130945
297,1225,1522,0.14300530204573522
302,1212,1514,0.14302377844354286
298,1218,1516,0.14302955353834804
290,1214,1504,0.14304515600889856
293,1205,1498,0.14307767297117896
296,1223,1519,0.1431010701502223
296,1221,1517,0.14311578899591415
300,1217,1517,0.14312966520254222
297,1204,1501,0.1431333470080068
295,1202,1497,0.14314452893909393
294,1202,1496,0.14315971559484766
295,1221,1516,0.1431757441332519
296,1220,1516,0.14318871365540287
293,1225,1518,0.14320047393939397
296,1218,1514,0.14321892116011578
299,1214,1513,0.14322639932449957
300,1214,1514,0.14322780821385742
298,1197,1495,0.14322702731664308
288,1209,1497,0.14323118974745555
294,1212,1506,0.1432576227679593
292,1202,1494,0.14326858602067943
290,1202,1492,0.14328268611146885
289,1201,1490,0.14330067576245548
282,1221,1503,0.14331929240443803
283,1222,1505,0.14335402587390433
290,1213,1503,0.14338398610588496
286,1217,1503,0.1433942963489661
288,1222,1510,0.1434139800401443
282,1224,1506,0.1434279955961207
288,1235,1523,0.14345506465912483
287,1228,1515,0.14346749381100263
287,1227,1514,0.14347814869306266
290,1233,1523,0.14348775168783645
291,1231,1522,0.143490043825609
295,1231,1526,0.1434899694454801
292,1234,1526,0.14348136506588027
294,1240,1534,0.1434816766706048
291,1239,1530,0.14347768493149965
291,1229,1520,0.14348126153984647
287,1234,1521,0.143485020970615
287,1232,1519,0.1434990863570995
287,1223,1510,0.14351323393237497
282,1224,1506,0.14352662792537535
277,1239,1516,0.14354844848675596
281,1227,1508,0.14358091035493334
281,1233,1514,0.14359975737267547
280,1221,1501,0.1436178506714894
279,1228,1507,0.14363699310664255
283,1231,1514,0.14365762900842755
282,1234,1516,0.14366717794309067
278,1226,1504,0.14367888789072772
278,1228,1506,0.14369710188745605
277,1221,1498,0.1437154129169958
281,1222,1503,0.1437336873431213
285,1220,1505,0.14374143021791153
288,1229,1517,0.14374066022850235
277,1230,1507,0.14373262537952478
275,1236,1511,0.1437491975250351
277,1240,1517,0.1437672581863442
274,1236,1510,0.14378143025215182
274,1236,1510,0.14380136175190864
274,1242,1516,0.14382102567185534
272,1234,1506,0.14383938661382867
273,1244,1517,0.14386221728254792
272,1236,1508,0.1438817359598768
277,1231,1508,0.14390169923011306
277,1236,1513,0.1439108557273757
272,1239,1511,0.14391942216590656
273,1237,1510,0.14393880033649623
268,1230,1498,0.14395385175260006
262,1254,1516,0.1439792152475521
260,1252,1512,0.14401651603669663
266,1243,1509,0.14405509027300767
263,1245,1508,0.14407652320091885
260,1237,1497,0.14410201071190196
257,1237,1494,0.1441340923674673
258,1248,1506,0.14417014140161785
258,1242,1500,0.14420138747297231
255,1253,1508,0.14422974432486274
254,1258,1512,0.14426328072298078
250,1269,1519,0.1442976678574498
246,1266,1512,0.1443389177433848
248,1268,1516,0.14438574420588143
248,1265,1513,0.14442337798895133
246,1271,1517,0.14445992902173405
244,1261,1505,0.14449985523604525
244,1264,1508,0.14454273810634166
244,1266,1510,0.1445834415667637
240,1276,1516,0.1446216141968592
241,1276,1517,0.14466687746143955
235,1269,1504,0.1447072045968008
231,1273,1504,0.14475900566416017
233,1269,1502,0.14481672884273092
240,1270,1510,0.14486491990518485
242,1269,1511,0.1448910242568433
238,1263,1501,0.14491160712333617
237,1269,1506,0.1449414093827682
241,1266,1507,0.14497228462969136
242,1264,1506,0.144990543954599
241,1271,1512,0.1450056950531731
242,1283,1525,0.1450235393642661
240,1269,1509,0.1450382790017245
244,1262,1506,0.14505694436817138
244,1266,1510,0.14506524041993438
241,1258,1499,0.14507358830429862
238,1263,1501,0.14508759123537465
235,1266,1501,0.1451081783601871
236,1267,1503,0.14513491275708768
237,1278,1515,0.14515837193548783
237,1282,1519,0.14517909900581277
235,1302,1537,0.14519807682971247
238,1293,1531,0.1452207608610066
234,1292,1526,0.145232547253808
234,1287,1521,0.14525149392235706
237,1284,1521,0.14526823797553606
238,1297,1535,0.14527752117080062
232,1289,1521,0.14528557875675172
231,1277,1508,0.1453077103712176
230,1278,1508,0.14533172980407788
230,1277,1507,0.14535482744172948
227,1284,1511,0.1453759421532863
230,1274,1504,0.1454029013543112
233,1278,1511,0.14542288022152217
228,1280,1508,0.14543394103879867
226,1285,1511,0.1454543655259585
229,1284,1513,0.14547896398587298
225,1283,1508,0.14549582750991902
225,1276,1501,0.14552101147189067
227,1283,1510,0.1455436679509344
225,1286,1511,0.14556072609351525
222,1291,1513,0.145580575410481
220,1284,1504,0.14560652322405152
220,1290,1510,0.14563533533589657
219,1288,1507,0.14566274015607786
223,1301,1524,0.14569163495403806
221,1299,1520,0.14570891870492125
220,1290,1510,0.14572825012600293
221,1299,1520,0.145749478108005
228,1296,1524,0.14576705482264057
226,1294,1520,0.14576723686856286
225,1292,1517,0.14577264817303712
223,1278,1501,0.14578004766209798
222,1289,1511,0.14579072696077872
220,1281,1501,0.14580139949713927
216,1294,1510,0.14581463003390396
215,1283,1498,0.1458355664205795
213,1276,1489,0.14585743031638668
219,1280,1499,0.14588244964114794
220,1292,1512,0.14589328290467704
222,1290,1512,0.14590029382164194
220,1294,1514,0.14590122780360332
223,1292,1515,0.14590783555349507
217,1298,1515,0.1459069804512055
214,1300,1514,0.1459207402561921
212,1293,1505,0.14594036451799328
212,1303,1515,0.1459637567802852
211,1291,1502,0.14598640074623007
211,1285,1496,0.14600997377424396
208,1292,1500,0.14603350442458626
205,1293,1498,0.14606250485995498
209,1294,1503,0.14609529440829472
210,1304,1514,0.14611641049328405
207,1308,1515,0.14613485248463942
212,1312,1524,0.1461607087919863
213,1316,1529,0.1461731388650705
211,1301,1512,0.14618131817401114
213,1296,1509,0.1461948919471185
218,1306,1524,0.1462011644453911
218,1299,1517,0.146195978754562
220,1295,1515,0.14619182787959153
217,1305,1522,0.1461824359414027
221,1307,1528,0.14618169388961974
213,1302,1515,0.14617220738251865
218,1298,1516,0.14618266895550516
219,1295,1514,0.14618262326499226
218,1297,1515,0.14618066473427913
215,1293,1508,0.1461796594991901
215,1297,1512,0.14618497252532334
211,1297,1508,0.1461908338289974
211,1305,1516,0.14620493530251333
212,1306,1518,0.1462168198016216
209,1304,1513,0.14622685023451815
209,1312,1521,0.14624338948378093
207,1311,1518,0.14625839280006322
208,1312,1520,0.14627854299144954
204,1309,1513,0.14629610571435625
202,1313,1515,0.14632101642669423
208,1315,1523,0.14634846482628255
202,1303,1505,0.14635862352588058
202,1303,1505,0.14638196759867045
204,1312,1516,0.14640460678428827
206,1318,1524,0.14642018441119184
203,1311,1514,0.1464316225084863
205,1308,1513,0.14644950521215452
205,1314,1519,0.14646196812942228
203,1302,1505,0.14647454711886898
201,1302,1503,0.14649004042218722
197,1306,1503,0.14650937971352812
195,1310,1505,0.14653740041216196
194,1310,1504,0.1465663456919858
191,1313,1504,0.1465964576949594
192,1325,1517,0.14663070029889982
188,1317,1505,0.14666151944241776
185,1317,1502,0.14669983748983206
192,1317,1509,0.14674293352763448
191,1328,1519,0.14676725988203543
191,1324,1515,0.14679205078730853
188,1319,1507,0.14681466983520863
191,1326,1517,0.14684328907078853
189,1327,1516,0.14686302268629225
190,1334,1524,0.1468869172304575
187,1330,1517,0.1469081322922472
189,1335,1524,0.14693369282174684
190,1338,1528,0.14695234951842573
190,1327,1517,0.14696625246971007
187,1323,1510,0.14697959141559644
189,1324,1513,0.14699963683602263
187,1327,1514,0.14701450409231506
184,1337,1521,0.14703325984185653
179,1336,1515,0.14705813975695534
181,1330,1511,0.14709267844590576
178,1338,1516,0.14712074099367606
176,1341,1517,0.14715463347163557
176,1339,1515,0.14719141204679329
178,1342,1520,0.147222581417992
176,1337,1513,0.1472468977108562
183,1327,1510,0.14727417352406577
180,1343,1523,0.14728349771947336
183,1344,1527,0.14729905394549353
182,1343,1525,0.14730734582523936
188,1337,1525,0.14731628375909697
188,1334,1522,0.14730937591266804
191,1333,1524,0.14730357671590522
187,1332,1519,0.147290213411343
183,1331,1514,0.1472886988299857
182,1333,1515,0.14729705737073412
180,1345,1525,0.14730684723240905
176,1343,1519,0.14732111900634173
176,1339,1515,0.1473442457475507
173,1338,1511,0.1473662815538895
179,1339,1518,0.14739484042073803
178,1342,1520,0.14740464721324747
179,1341,1520,0.1474174777037266
173,1338,1511,0.14742607649201633
172,1333,1505,0.14744819269305087
170,1335,1505,0.14747075350525043
172,1340,1512,0.147496839524006
169,1344,1513,0.1475178592357263
166,1339,1505,0.14754527657736904
165,1337,1502,0.147577536842196
164,1347,1511,0.1476100206056245
164,1358,1522,0.14764154989342818
163,1350,1513,0.14767114217191493
163,1335,1498,0.14770011559500318
166,1346,1512,0.14772610830055397
167,1349,1516,0.14774489208527547
167,1348,1515,0.1477612525618622
164,1343,1507,0.14777642723074286
159,1346,1505,0.1477982736307778
156,1349,1505,0.14783049691457972
160,1344,1504,0.14786823542959052
160,1349,1509,0.14789430936316625
166,1351,1517,0.14791676419200175
165,1342,1507,0.14792338725001783
166,1333,1499,0.1479334667695808
170,1335,1505,0.147940641830148
173,1344,1517,0.1479379375210857
171,1345,1516,0.14792787533343393
167,1345,1512,0.14792406798768998
166,1351,1517,0.14792907114184936
162,1352,1514,0.14793597919211818
162,1349,1511,0.14795290449507154
164,1339,1503,0.14796877925974003
162,1352,1514,0.14797972595475262
164,1358,1522,0.14799404293507112
163,1365,1528,0.14800283339089568
154,1358,1512,0.14801324435552785
157,1354,1511,0.1480430975997443
162,1360,1522,0.14806368173593146
164,1361,1525,0.14807131902145496
164,1359,1523,0.14807446050608739
162,1345,1507,0.1480773159915877
160,1350,1510,0.14808450463900835
163,1359,1522,0.14809642221627095
169,1350,1519,0.14810067296083573
167,1348,1515,0.14809094022978622
168,1335,1503,0.14808614560836675
171,1320,1491,0.14807828259097572
168,1330,1498,0.14806315184088398
166,1334,1500,0.14805483782641227
164,1335,1499,0.14805229044928622
154,1346,1500,0.14805631178590667
158,1342,1500,0.14808211920447636
161,1341,1502,0.14809616282410598
157,1352,1509,0.1481017270236275
160,1346,1506,0.14811694291935354
162,1355,1517,0.1481235838991353
166,1341,1507,0.14812437569330475
164,1338,1502,0.14811592050641267
168,1342,1510,0.1481144871837815
167,1338,1505,0.1481035527873143
161,1346,1507,0.1480944559816092
164,1349,1513,0.1480993401371031
163,1346,1509,0.1480978243196693
165,1341,1506,0.1481006987444677
169,1345,1514,0.1480995685746741
165,1343,1508,0.14808683063651057
167,1353,1520,0.1480833870696744
169,1348,1517,0.1480758170359626
170,1351,1521,0.1480645396623103
170,1351,1521,0.14805080178936905
172,1341,1513,0.1480381160656448
174,1349,1523,0.14802265280148655
171,1357,1528,0.1480018875233257
170,1358,1528,0.14798973033725335
169,1342,1511,0.14798222362426436
167,1355,1522,0.14797704694207126
169,1339,1508,0.14797611777066016
174,1338,1512,0.14797104856848517
169,1338,1507,0.147954918574703
165,1342,1507,0.14795137998076127
171,1344,1515,0.14795755990639614
177,1339,1516,0.14794933681458258
178,1335,1513,0.14792595014847543
172,1336,1508,0.1479020234923193
171,1350,1521,0.1478942446458261
172,1344,1516,0.14789151871543682
172,1346,1518,0.14788780204429053
171,1341,1512,0.14788431232050786
172,1334,1506,0.14788304475375072
174,1336,1510,0.14787974874766568
174,1342,1516,0.14786979873652295
174,1339,1513,0.14785951817900364
175,1342,1517,0.14784993111595351
173,1339,1512,0.14783784050116078
175,1334,1509,0.14783069835875168
176,1333,1509,0.14781875215521337
172,1336,1508,0.14780737923191012
168,1329,1497,0.1478055573858655
170,1343,1513,0.1478140965917369
174,1357,1531,0.14781772142533559
172,1355,1527,0.14781082345766824
172,1355,1527,0.14781095943398057
172,1354,1526,0.1478120183270231
166,1355,1521,0.1478140196513404
166,1360,1526,0.14782991164025322
166,1351,1517,0.14784545913583094
167,1358,1525,0.14785958731678034
166,1365,1531,0.14786855129314921
169,1360,1529,0.14787777269258828
171,1359,1530,0.14787968330653287
168,1367,1535,0.14787660016712623
164,1359,1523,0.1478823159605688
162,1347,1509,0.14789748859309693
165,1340,1505,0.14791539397020428
163,1347,1510,0.14792604019352595
165,1345,1510,0.14793952946547761
163,1363,1526,0.1479476563654033
164,1357,1521,0.1479604549014069
164,1363,1527,0.14796905811903852
166,1341,1507,0.14797732646987846
163,1342,1505,0.1479813648492908
166,1341,1507,0.14799108305183828
165,1346,1511,0.147992948159848
166,1353,1519,0.14799642352543985
162,1351,1513,0.14799809281755275
159,1362,1521,0.1480103567703034
158,1350,1508,0.1480290954014064
157,1347,1504,0.14804897077913926
162,1351,1513,0.14806981099310274
158,1362,1520,0.14807771987720927
167,1354,1521,0.14809367844261725
165,1352,1517,0.1480849175117589
167,1344,1511,0.14808281929249995
167,1353,1520,0.14807569013383973
167,1345,1512,0.14807005334321643
166,1352,1518,0.14806364870466587
162,1359,1521,0.14806211732870678
157,1367,1524,0.14806931448250632
156,1366,1522,0.14808677642284881
156,1355,1511,0.14810536702416133
159,1352,1511,0.14812448690796884
154,1347,1501,0.14813589437373323
154,1337,1491,0.1481585796599393
152,1356,1508,0.14817862485181815
155,1367,1522,0.1482032642603331
155,1357,1512,0.14821682126559757
154,1352,1506,0.1482292134428665
154,1355,1509,0.1482437667148747
152,1357,1509,0.1482573302765727
153,1366,1519,0.14827417967132964
149,1353,1502,0.14828659526089855
155,1356,1511,0.14830766127193612
157,1372,1529,0.14831326268774067
159,1367,1526,0.14831402105190214
159,1356,1515,0.14830758346215375
157,1364,1521,0.14830301564603993
159,1367,1526,0.1483010233158048
155,1366,1521,0.14829334868813734
157,1359,1516,0.14829560147019946
156,1362,1518,0.14829271801456223
159,1361,1520,0.14829349707690995
161,1353,1514,0.14828679810066667
159,1352,1511,0.1482770233329126
158,1345,1503,0.14827427868798312
157,1341,1498,0.14827376413979323
154,1348,1502,0.14827634698935854
155,1348,1503,0.14828534816718558
153,1350,1503,0.1482927933622993
158,1354,1512,0.1483040276689038
158,1365,1523,0.14830260907603182
158,1356,1514,0.14830261248464663
155,1364,1519,0.14830131124094748
155,1365,1520,0.1483061859310309
154,1362,1516,0.14831165698377569
152,1358,1510,0.14831997198634161
149,1365,1514,0.14833266383267119
146,1366,1512,0.14835229244897516
147,1366,1513,0.1483782618592963
141,1361,1502,0.1483999112422114
141,1359,1500,0.14843488372205513
142,1355,1497,0.1484663801187038
142,1354,1496,0.14849519102281034
145,1360,1505,0.14852122605974505
141,1368,1509,0.1485364555245055
144,1376,1520,0.14856110469964495
143,1378,1521,0.14857433369231962
143,1377,1520,0.14858872246129246
143,1364,1507,0.14860295853199004
141,1379,1520,0.1486181527631027
145,1385,1530,0.14863771611106166
144,1383,1527,0.14864685684734616
142,1374,1516,0.14865836427998938
146,1369,1515,0.1486745079381809
148,1377,1525,0.1486801643513454
150,1379,1529,0.14868097076202239
146,1381,1527,0.148677380445159
145,1376,1521,0.14868172374327432
145,1385,1530,0.1486883508808651
145,1393,1538,0.14869548404669045
146,1380,1526,0.14870245959070366
142,1377,1519,0.14870777680793584
137,1384,1521,0.14872026148054132
136,1383,1519,0.14874256588825208
139,1384,1523,0.1487650687387931
134,1389,1523,0.1487792553792002
132,1381,1513,0.14880460426269135
134,1385,1519,0.14883334838822407
132,1367,1499,0.14885638833839354
129,1377,1506,0.148883331030671
126,1374,1500,0.14891495246859687
127,1377,1504,0.14895145960939096
128,1401,1529,0.14898407467582692
130,1392,1522,0.14901231542316432
132,1387,1519,0.14903355945725058
131,1386,1517,0.14904916094218756
129,1385,1514,0.14906689316754684
129,1382,1511,0.1490888789671811
129,1385,1514,0.1491071002453805
129,1382,1511,0.14912292139817368
131,1390,1521,0.14913781418605548
133,1391,1524,0.14914608591312206
131,1385,1516,0.14914954383863854
132,1384,1516,0.1491584220303813
130,1387,1517,0.1491646506194995
129,1379,1508,0.14917638283937495
126,1391,1517,0.14918961638816405
125,1390,1515,0.14920922078699025
121,1391,1512,0.14922860659344794
120,1382,1502,0.1492562311538294
120,1378,1498,0.14928563708403023
121,1377,1498,0.14931349410710942
121,1379,1500,0.1493369476207848
124,1379,1503,0.14935931025211727
125,1398,1523,0.14937331356304143
125,1401,1526,0.14938061880784478
127,1400,1527,0.14938809919904375
128,1398,1526,0.1493901984809556
124,1388,1512,0.14939028209759087
126,1393,1519,0.14939894214531826
126,1404,1530,0.14940137606849502
123,1387,1510,0.1494044635237744
124,1382,1506,0.14941567799413896
123,1391,1514,0.1494248903337977
125,1393,1518,0.14943630293444737
128,1393,1521,0.14944354274466565
124,1389,1513,0.14944275557863368
123,1381,1504,0.14945086585488387
122,1382,1504,0.14945903699999372
121,1385,1506,0.149470066120121
118,1387,1505,0.14948348023410002
115,1402,1517,0.14950338473658767
116,1402,1518,0.14953051215577415
119,1395,1514,0.14955358188732062
116,1401,1517,0.1495653859771197
121,1400,1521,0.14958411515870418
120,1401,1521,0.14959124974449492
116,1397,1513,0.14959972844639147
114,1404,1518,0.14961749840076735
113,1405,1518,0.14964018213591546
114,1408,1522,0.1496651347934448
114,1411,1525,0.14968508108486536
112,1404,1516,0.1497030777891561
115,1413,1528,0.14972412282490577
115,1411,1526,0.14973646985278222
112,1413,1525,0.1497486907957597
112,1411,1523,0.1497666782056458
115,1405,1520,0.14978249588857195
113,1403,1516,0.14979134397235302
112,1409,1521,0.14980432819462183
114,1401,1515,0.14981888509421767
110,1406,1516,0.14982863329319243
113,1408,1521,0.14984683867393028
111,1404,1515,0.14985636005192604
105,1413,1518,0.1498704664815897
107,1408,1515,0.14989766367690077
103,1417,1520,0.1499189367896794
107,1410,1517,0.14994810356366817
108,1414,1522,0.1499668493691904
107,1404,1511,0.14998270956274268
109,1397,1506,0.14999985487985878
108,1394,1502,0.15001161532541069
109,1412,1521,0.15002484824743548
106,1409,1515,0.15003295600401625
109,1401,1510,0.15004686113810306
106,1414,1520,0.15005296806368404
105,1410,1515,0.150065037875861
103,1403,1506,0.15007923348812474
105,1405,1510,0.15009704051263523
102,1405,1507,0.15010892254209793
100,1395,1495,0.1501272346315319
104,1404,1508,0.15014846998562933
106,1405,1511,0.15015752360735724
102,1399,1501,0.15016137180980949
104,1397,1501,0.15017460453927228
105,1403,1508,0.150182077760195
100,1394,1494,0.15018708807272707
98,1403,1501,0.15020405225304148
100,1401,1501,0.15022514768352888
105,1402,1507,0.15024047205647054
111,1409,1520,0.15024288509367204
113,1403,1516,0.15022821207201864
111,1400,1511,0.1502087294644715
112,1405,1517,0.15019635934318282
109,1406,1515,0.15018356451913134
109,1401,1510,0.15017929936493538
111,1392,1503,0.15017598386646905
109,1396,1505,0.15016808077875426
108,1405,1513,0.15016590525420295
105,1415,1520,0.1501669192328102
105,1413,1518,0.1501754487440993
104,1415,1519,0.15018400527282846
107,1412,1519,0.15019424097009954
104,1417,1521,0.15019592762094183
105,1407,1512,0.15020495922765856
102,1417,1519,0.15021043106490004
102,1404,1506,0.15022249074272753
106,1406,1512,0.15023307755838056
105,1394,1499,0.15023487355501947
104,1392,1496,0.15023835564246368
102,1398,1500,0.1502435512554123
104,1397,1501,0.15025282174373333
102,1417,1519,0.15025700611775306
101,1406,1507,0.15026578768697518
104,1408,1512,0.15027668001496206
106,1403,1509,0.1502802108371824
106,1406,1512,0.15027843834371968
107,1404,1511,0.15027718086285413
105,1403,1508,0.15027418840361456
106,1417,1523,0.150276634442649
105,1411,1516,0.15027504518712875
102,1392,1494,0.15027525297421362
104,1403,1507,0.15028343944933376
103,1417,1520,0.1502853722936462
106,1425,1531,0.15028865732332083
105,1425,1530,0.15028461687999634
109,1425,1534,0.15028253122488094
109,1413,1522,0.15027128969301898
107,1417,1524,0.15026196224091662
108,1425,1533,0.15025796845563388
106,1418,1524,0.15025256325377476
106,1414,1520,0.15025257312980853
103,1415,1518,0.1502539586820109
102,1403,1505,0.15026209628924908
101,1410,1511,0.15027120599083277
103,1410,1513,0.15028287114667227
105,1418,1523,0.15028959196516178
106,1414,1520,0.15029060433152078
103,1413,1516,0.15028992899511548
105,1405,1510,0.15029617744084156
105,1416,1521,0.15029765615989582
103,1411,1514,0.1502996335701753
100,1413,1513,0.15030548569013272
99,1418,1517,0.15031795418944077
98,1416,1514,0.1503323539830277
100,1421,1521,0.15034870741865117
99,1411,1510,0.15035893154526256
101,1405,1506,0.15037084596764472
103,1405,1508,0.15037798443428174
98,1397,1495,0.15038029273285744
98,1392,1490,0.1503938097904715
98,1390,1488,0.15040698736700556
96,1406,1502,0.1504197993087569
95,1413,1508,0.15043661092550195
96,1415,1511,0.1504538001265255
94,1422,1516,0.1504674581228475
93,1426,1519,0.15048496835422415
93,1416,1509,0.15050162420579463
95,1408,1503,0.15051722929750183
96,1407,1503,0.15052764129504662
94,1405,1499,0.1505356319034609
95,1422,1517,0.15054794575412508
94,1418,1512,0.15055758193119617
95,1418,1513,0.1505686126294374
96,1418,1514,0.15057711256383643
96,1430,1526,0.15058171349260874
95,1439,1534,0.15058655366496665
94,1430,1524,0.15059286542545192
94,1423,1517,0.15060124388558202
95,1422,1517,0.15060903085331417
91,1412,1503,0.15061463537056444
91,1413,1504,0.15062801959651564
91,1418,1509,0.15064090523346735
95,1409,1504,0.15065196775482484
94,1409,1503,0.15065256134996458
92,1412,1504,0.15065482236282401
95,1421,1516,0.15066102621324562
96,1435,1531,0.15065853550014408
95,1420,1515,0.1506549567866498
99,1433,1532,0.15065372898670773
100,1416,1516,0.15064281481498504
100,1415,1515,0.15062977305909717
96,1415,1511,0.15061834302170263
100,1410,1510,0.15061719947409025
101,1425,1526,0.1506063871032846
99,1412,1511,0.15059503558371265
96,1410,1506,0.1505897502972091
96,1418,1514,0.15059176620224826
97,1429,1526,0.1505939550414712
99,1427,1526,0.15059398889060238
97,1430,1527,0.15059007383452677
97,1442,1539,0.15059166451633663
96,1436,1532,0.15059245256120857
96,1431,1527,0.15059609163930643
94,1428,1522,0.15059920738887758
92,1429,1521,0.1506070644008242
93,1428,1521,0.15061927085588767
93,1423,1516,0.15062682845388634
93,1420,1513,0.1506346058550623
93,1430,1523,0.15064174814390022
95,1430,1525,0.15064870856100732
94,1429,1523,0.15065078345927504
93,1423,1516,0.15065550606980305
95,1412,1507,0.15066201881524083
98,1411,1509,0.1506628023959092
97,1423,1520,0.15065671012594936
99,1421,1520,0.15065280623764551
92,1415,1507,0.1506444628963889
94,1420,1514,0.15065286947896564
96,1418,1514,0.1506556938142174
98,1415,1513,0.1506535754088033
98,1420,1518,0.150646833637752
100,1430,1530,0.15064092537443255
99,1422,1521,0.1506316566399274
99,1417,1516,0.15062582195406912
97,1422,1519,0.15061983578334748
98,1429,1527,0.1506187757301586
99,1425,1524,0.15061515247477522
101,1425,1526,0.1506097390982053
97,1428,1525,0.15060034267980438
95,1424,1519,0.15060104493934734
94,1418,1512,0.15060686426785444
91,1416,1507,0.15061491317371473
91,1436,1527,0.1506297286035137
93,1430,1523,0.1506439968415429
93,1417,1510,0.1506521437066554
94,1416,1510,0.1506596761227797
93,1401,1494,0.15066288109619386
90,1409,1499,0.15066855475012894
95,1407,1502,0.15067981499926375
94,1415,1509,0.15067794492870604
92,1414,1506,0.15067899703017873
94,1422,1516,0.15068480080242636
96,1428,1524,0.15068606509302396
97,1424,1521,0.15068209699394658
93,1421,1514,0.15067574218802196
93,1417,1510,0.15067986799827737
92,1419,1511,0.15068473222990533
89,1424,1513,0.15069204725639374
90,1429,1519,0.1507054738014913
90,1416,1506,0.15071559402306497
91,1415,1506,0.15072559608212888
93,1417,1510,0.1507321833566801
96,1405,1501,0.15073308978542824
94,1405,1499,0.15072762059269637
91,1414,1505,0.15072743280015474
92,1414,1506,0.15073322076151435
95,1407,1502,0.15073670672311937
95,1402,1497,0.15073363582123048
96,1418,1514,0.1507298970994887
95,1425,1520,0.15072398822850194
95,1419,1514,0.15072105778956235
97,1409,1506,0.15071883778242984
93,1416,1509,0.15071243156940203
92,1421,1513,0.15071532519487033
95,1440,1535,0.15072118800991569
95,1432,1527,0.15071897257053887
90,1427,1517,0.15071519851639553
89,1421,1510,0.1507219886707358
86,1427,1513,0.15073117900800795
86,1426,1512,0.15074698204518405
87,1430,1517,0.150761362253105
90,1435,1525,0.15077293400920466
90,1431,1521,0.15077601931436907
88,1418,1506,0.15077911937734623
89,1414,1503,0.1507870038621971
91,1427,1518,0.15079215285439726
90,1433,1523,0.1507929400060226
88,1435,1523,0.15079638724110775
88,1438,1526,0.15080439005256774
88,1435,1523,0.15081250726436185
87,1433,1520,0.15082034519498896
89,1439,1528,0.15083038720972783
88,1431,1519,0.15083445241105994
83,1421,1504,0.1508403727110821
84,1438,1522,0.1508575309133052
86,1431,1517,0.15087079510739027
88,1438,1526,0.150878493366261
90,1437,1527,0.15088164949341032
92,1434,1526,0.1508798389127446
92,1426,1518,0.15087240263155227
92,1436,1528,0.15086566457853215
92,1430,1522,0.15085890646414168
88,1428,1516,0.15085330397475163
91,1433,1524,0.1508576211566853
93,1419,1512,0.15085441984199324
91,1422,1513,0.15084619447365227
94,1426,1520,0.15084245893586398
91,1433,1524,0.1508322961658266
91,1421,1512,0.15083031321061302
91,1421,1512,0.15082659968707657
89,1419,1508,0.1508240586496825
89,1419,1508,0.1508265246545022
89,1422,1511,0.15082767905574385
84,1423,1507,0.15082892159428668
83,1423,1506,0.15084200216527058
84,1416,1500,0.15085680863626102
90,1429,1519,0.15086807099827665
90,1431,1521,0.15086525418740632
90,1446,1536,0.15086320982910045
86,1435,1521,0.15086200947227216
85,1435,1520,0.15087015857736413
85,1446,1531,0.15088058366252954
86,1443,1529,0.15089077580210156
86,1439,1525,0.150897190038132
88,1428,1516,0.1509034887863713
86,1426,1512,0.15090417220842892
87,1432,1519,0.15090876931735991
89,1422,1511,0.15091003128116012
86,1411,1497,0.15090706817964783
84,1411,1495,0.1509112326552712
86,1412,1498,0.15092023735785273
88,1418,1506,0.15092310819686194
89,1410,1499,0.1509213313496181
89,1422,1511,0.15091647927309296
87,1416,1503,0.15091166713617737
87,1409,1496,0.1509117431861739
86,1416,1502,0.15091167074502126
86,1414,1500,0.15091470114056116
89,1428,1517,0.1509182700388043
87,1414,1501,0.15091438657903372
89,1417,1506,0.15091598644878665
92,1425,1517,0.1509121369525851
94,1421,1515,0.150901229631867
93,1437,1530,0.15088543401585067
93,1424,1517,0.1508737936038595
93,1433,1526,0.1508634074927314
94,1422,1516,0.15085447226399562
93,1425,1518,0.15084404335988594
94,1427,1521,0.15083746282385796
91,1433,1524,0.15082864859399078
95,1433,1528,0.1508264683476596
93,1432,1525,0.15081395044256168
92,1431,1523,0.15080740983808227
91,1436,1527,0.15080374385394937
93,1421,1514,0.15080315758788834
93,1420,1513,0.150797753231528
91,1417,1508,0.15079239634032104
91,1405,1496,0.15079214248248707
94,1410,1504,0.15079268426524006
90,1417,1507,0.15078662172181462
90,1417,1507,0.15079071466386337
88,1407,1495,0.15079551137858313
87,1411,1498,0.15080446446484955
84,1423,1507,0.15081472059707426
84,1412,1496,0.1508308355728297
85,1419,1504,0.1508464465025047
85,1423,1508,0.15085838662577924
88,1419,1507,0.15086911671692566
90,1438,1528,0.15087196593211777
90,1438,1528,0.15087032015764806
89,1427,1516,0.15086907186511003
87,1423,1510,0.15086905672918977
86,1418,1504,0.1508742916076272
85,1420,1505,0.15088080871338808
87,1431,1518,0.15089024334500192
88,1428,1516,0.15089482753241917
91,1423,1514,0.15089601999931151
90,1410,1500,0.15089060503356336
88,1413,1501,0.15088837431915503
88,1417,1505,0.15089070412611005
89,1414,1503,0.1508931430734536
85,1429,1514,0.15089398727730077
86,1425,1511,0.150904155954439
86,1424,1510,0.15091022228481957
86,1408,1494,0.15091641334299077
84,1403,1487,0.15092197399328008
82,1420,1502,0.15093207120988275
80,1423,1503,0.15094646676531456
82,1434,1516,0.15096428142480728
81,1438,1519,0.15097558986337092
83,1434,1517,0.1509886345308726
84,1443,1527,0.15099584857709614
83,1431,1514,0.15100075704153618
82,1439,1521,0.15100823145160466
84,1430,1514,0.1510160440836414
83,1426,1509,0.1510190446986167
85,1435,1520,0.15102336080299342
83,1423,1506,0.15102199583702075
88,1417,1505,0.15102536264274286
88,1427,1515,0.15101634792858554
87,1416,1503,0.15100880457621954
88,1422,1510,0.1510050138219041
88,1424,1512,0.15099812548556546
92,1432,1524,0.1509898039335293
95,1433,1528,0.15097231745823705
93,1432,1525,0.15094937946887144
89,1428,1517,0.15093325787680684
90,1420,1510,0.15092793751599143
90,1414,1504,0.15092160081882497
93,1399,1492,0.1509162439228524
90,1415,1505,0.15090408911104475
89,1424,1513,0.150899997590389
92,1427,1519,0.15089907172553008
94,1431,1525,0.15089188759747446
90,1429,1519,0.15088028439528275
89,1427,1516,0.15087870231293457
87,1429,1516,0.1508800943262484
87,1426,1513,0.1508859952579572
89,1421,1510,0.15089188561817501
87,1415,1502,0.15089333023436213
85,1421,1506,0.15089949347197698
84,1412,1496,0.15090903493294466
82,1424,1506,0.1509197478484157
84,1427,1511,0.15093441745348757
84,1428,1512,0.1509445965135731
86,1421,1507,0.1509541258819237
87,1413,1500,0.15095766308671396
84,1424,1508,0.15095693083345824
81,1423,1504,0.15096361004608888
80,1432,1512,0.15097700998872068
78,1419,1497,0.15099225162431812
78,1428,1506,0.15101089961756095
79,1429,1508,0.15102760035554752
79,1433,1512,0.15104120059321643
78,1440,1518,0.15105361052199653
78,1439,1517,0.15106724573869368
79,1425,1504,0.1510803113613442
81,1418,1499,0.15108980499865307
82,1443,1525,0.1510935742338667
82,1446,1528,0.15109560958313634
83,1440,1523,0.1510970187220824
84,1434,1518,0.15109585551365348
83,1436,1519,0.15109244618169593
83,1442,1525,0.1510933904278308
79,1441,1520,0.151094888752088
79,1449,1528,0.15110560036627418
80,1438,1518,0.15111600736019654
81,1449,1530,0.15112339688081186
81,1445,1526,0.15112789434144966
82,1430,1512,0.15113221783169195
81,1426,1507,0.15113391531165776
80,1425,1505,0.1511382046079077
82,1429,1511,0.15114482750831118
81,1431,1512,0.15114603485863268
82,1448,1530,0.15114952907014156
83,1441,1524,0.15114993389302428
82,1439,1521,0.15114852214315544
83,1439,1522,0.15114954365188718
80,1436,1516,0.15114776712392802
81,1431,1512,0.15115328601226435
80,1440,1520,0.1511544926598363
77,1423,1500,0.151158171272907
75,1436,1511,0.15116919287546074
78,1437,1515,0.1511846447543835
78,1430,1508,0.15119263600206503
77,1426,1503,0.15120056315595637
80,1428,1508,0.15120954889219648
79,1436,1515,0.15121014236711935
74,1431,1505,0.151213361630329
75,1444,1519,0.15122811393222071
75,1446,1521,0.15123958210836203
75,1436,1511,0.15125054074377092
78,1440,1518,0.15126004236150942
78,1439,1517,0.15126214009494024
77,1436,1513,0.1512646464138282
80,1439,1519,0.1512694311834355
84,1440,1524,0.15126654866602945
83,1441,1524,0.15125379230528718
82,1440,1522,0.15124397701017767
82,1437,1519,0.1512375855820295
80,1436,1516,0.15123133650662118
77,1431,1508,0.15122964038926218
80,1432,1512,0.15123536914502034
78,1441,1519,0.15123432747696286
79,1431,1510,0.15123785487916921
79,1440,1519,0.1512388281919626
78,1444,1522,0.15123941489904527
77,1435,1512,0.1512427190089967
77,1432,1509,0.1512480875878758
78,1433,1511,0.15125260353619144
77,1441,1518,0.15125411711241837
79,1438,1517,0.15125843744599834
78,1452,1530,0.15125832925793486
77,1443,1520,0.1512609135495203
75,1454,1529,0.1512659113349584
74,1451,1525,0.15127532647196673
72,1454,1526,0.15128562470953694
74,1462,1536,0.1512991751881588
75,1450,1525,0.15130738867330837
80,1433,1513,0.15131222486949777
81,1435,1516,0.15130215342036438
84,1437,1521,0.1512908641212056
81,1445,1526,0.15127447351892262
82,1436,1518,0.15126487411218922
81,1442,1523,0.1512546114502298
81,1438,1519,0.15124804819897186
79,1442,1521,0.15124249721494198
75,1438,1513,0.15124227263478815
79,1423,1502,0.151250944801352
80,1403,1483,0.1512497147314104
80,1410,1490,0.15124705856279974
80,1426,1506,0.15124430810414657
79,1431,1510,0.1512423721822595
81,1434,1515,0.1512420230593874
79,1444,1523,0.15123643367673636
80,1428,1508,0.15123651035578123
79,1422,1501,0.15123399459569967
80,1436,1516,0.15123319330355994
83,1428,1511,0.15123095894565433
82,1433,1515,0.15122184325832236
82,1437,1519,0.15121659357360362
80,1438,1518,0.1512121329313131
84,1437,1521,0.151213014559395
84,1444,1528,0.151202496401075
83,1447,1530,0.15119202467751944
81,1437,1518,0.15118248113528007
81,1441,1522,0.15117929645001962
82,1440,1522,0.1511771870862862
83,1436,1519,0.15117139034375626
82,1432,1514,0.1511645647570592
84,1428,1512,0.15116089235635868
83,1447,1530,0.1511519930483832
81,1433,1514,0.15114641002184334
82,1430,1512,0.1511462944786418
80,1444,1524,0.15114457964763214
82,1437,1519,0.15114843198052097
81,1435,1516,0.15114741287048136
81,1427,1508,0.15114868893432593
81,1426,1507,0.15115055031587035
77,1426,1503,0.15115180983336907
73,1424,1497,0.15116210344227032
70,1433,1503,0.15118103713497205
68,1432,1500,0.15120553707434614
69,1441,1510,0.15123201840435022
70,1447,1517,0.15125494883416626
68,1448,1516,0.15127479091589
71,1458,1529,0.1512980885050665
73,1452,1525,0.15131314861890843
74,1446,1520,0.15132311655440112
71,1441,1512,0.1513290671978943
73,1451,1524,0.15134226210054716
71,1440,1511,0.15134978576357175
71,1445,1516,0.15136175213104341
71,1448,1519,0.151371244556005
70,1439,1509,0.15137996153696942
72,1438,1510,0.15139099171123716
73,1436,1509,0.1513972103723894
73,1435,1508,0.15140100959233085
75,1449,1524,0.15140442671435922
75,1440,1515,0.15140151861443252
75,1437,1512,0.15139909240170246
72,1431,1503,0.15139823981956632
75,1424,1499,0.1514042953873398
74,1444,1518,0.15140207971534436
69,1452,1521,0.15140097410876416
71,1436,1507,0.15141203978180148
70,1419,1489,0.15141852845681253
69,1421,1490,0.1514274804689444
71,1442,1513,0.15143851511014217
72,1438,1510,0.15144346663634634
70,1436,1506,0.15144642532455002
72,1438,1510,0.15145326805624654
75,1451,1526,0.15145471377977893
71,1448,1519,0.1514477465806077
76,1446,1522,0.15145068950292015
77,1440,1517,0.1514416020326377
74,1446,1520,0.1514312364726865
76,1446,1522,0.15142922499524225
78,1437,1515,0.1514226306991492
77,1433,1510,0.15141132704634247
79,1443,1522,0.15140351385275397
80,1430,1510,0.15139187957247136
82,1435,1517,0.1513782612264287
80,1438,1518,0.1513615701548416
78,1432,1510,0.15135112322442817
78,1443,1521,0.15134669152590344
74,1450,1524,0.15134279624542568
76,1446,1522,0.15134895722827676
77,1442,1519,0.15134960893223967
78,1426,1504,0.15134639613858267
76,1428,1504,0.1513418027070299
76,1427,1503,0.1513424236752516
77,1435,1512,0.15134184516674357
77,1434,1511,0.15134041684916918
78,1429,1507,0.15133862383982305
79,1440,1519,0.151334259786533
79,1434,1513,0.15132712844100166
78,1443,1521,0.1513195536440831
78,1443,1521,0.1513154002124786
76,1444,1520,0.15131201580029857
74,1425,1499,0.15131396261865684
73,1433,1506,0.1513207613847281
75,1456,1531,0.15132981685337585
75,1463,1538,0.1513333674396002
73,1443,1516,0.15133740336092583
72,1433,1505,0.15134623582329662
72,1439,1511,0.15135680576667288
75,1439,1514,0.15136702886803532
74,1433,1507,0.15136893143474528
75,1416,1491,0.15137185168635375
74,1408,1482,0.15137211500447745
77,1409,1486,0.15137477313639466
78,1406,1484,0.1513700190294607
77,1418,1495,0.15136366788031272
75,1431,1506,0.15136055279229552
76,1427,1503,0.15136254184261508
76,1432,1508,0.1513627965189022
74,1423,1497,0.15136356845566645
69,1436,1505,0.1513690453444966
70,1448,1518,0.15138586490230857
72,1452,1524,0.15139857473510474
71,1448,1519,0.1514051954009868
72,1453,1525,0.1514142458243341
73,1449,1522,0.15142033533128746
74,1442,1516,0.1514233995925166
73,1439,1512,0.15142302495446622
74,1445,1519,0.1514244404439149
74,1450,1524,0.15142399972342935
70,1448,1518,0.15142422918954165
67,1449,1516,0.15143407598880387
66,1454,1520,0.15145090429500702
67,1459,1526,0.1514685348747321
69,1452,1521,0.15148175801391933
69,1452,1521,0.15148973340464586
72,1445,1517,0.15149754407120603
70,1436,1506,0.15149661042016058
69,1452,1521,0.15150069422687334
70,1452,1522,0.15150689145944873
68,1461,1529,0.1515110870118666
68,1454,1522,0.15152069290295295
70,1449,1519,0.151528357220588
71,1459,1530,0.15152904580553916
72,1453,1525,0.15152716336897046
71,1443,1514,0.1515236600855917
70,1442,1512,0.15152318063501105
70,1439,1509,0.15152527175990957
68,1451,1519,0.1515274871709224
72,1462,1534,0.1515345303021686
70,1449,1519,0.15153250853611586
67,1453,1520,0.15153449695661275
64,1453,1517,0.15154346313097314
65,1452,1517,0.15155904062725775
66,1452,1518,0.15157193112448006
66,1459,1525,0.15158217026299284
67,1463,1530,0.15159114356653117
66,1449,1515,0.15159761741715505
67,1447,1514,0.1516058298579344
67,1439,1506,0.15161038795219287
69,1442,1511,0.15161431324010388
70,1442,1512,0.15161215401427325
68,1452,1520,0.15160815439670017
68,1450,1518,0.15160900981414688
69,1452,1521,0.15161049041193717
68,1452,1520,0.15160913707946122
68,1453,1521,0.15161073834147348
65,1457,1522,0.15161284297468988
64,1459,1523,0.151621611134693
63,1463,1526,0.15163247668351462
64,1458,1522,0.1516451286922279
62,1460,1522,0.15165506347503635
61,1447,1508,0.15166897566585422
58,1444,1502,0.15168427888169211
56,1462,1518,0.15170548174240753
59,1449,1508,0.1517300148968468
61,1444,1505,0.15174621213018039
60,1446,1506,0.15175704647621358
61,1452,1513,0.15176989325351292
62,1459,1521,0.15177815163630315
63,1466,1529,0.15178359717900203
61,1455,1516,0.1517860372012889
61,1451,1512,0.15179318397580563
62,1451,1513,0.15180061794153343
63,1457,1520,0.15180551679066856
63,1452,1515,0.15180801807618438
62,1456,1518,0.15180979501323918
63,1449,1512,0.15181405019008132
63,1450,1513,0.15181518250036605
63,1444,1507,0.15181486334784322
64,1443,1507,0.15181516190644456
65,1441,1506,0.15181320167453807
62,1434,1496,0.15180969417916707
61,1448,1509,0.15181310881562868
63,1449,1512,0.15181887610565448
61,1438,1499,0.1518189679658063
59,1439,1498,0.1518233100341836
57,1440,1497,0.15183124562479214
57,1452,1509,0.1518436948329596
57,1449,1506,0.1518559038790964
56,1460,1516,0.15186486508797856
58,1452,1510,0.1518761285117353
58,1444,1502,0.1518823371402079
62,1447,1509,0.15188760444991137
61,1449,1510,0.1518823783939548
61,1450,1511,0.15187958775525537
61,1443,1504,0.15187693819069267
62,1453,1515,0.15187510564274423
63,1443,1506,0.1518709076475913
61,1459,1520,0.15186521544510506
62,1458,1520,0.1518649790508813
62,1455,1517,0.15186319627794836
62,1450,1512,0.15186085118664006
58,1464,1522,0.1518596942155432
57,1466,1523,0.15186818798304802
56,1458,1514,0.15187882730521335
56,1461,1517,0.1518913023273795
56,1455,1511,0.15190345524293336
55,1453,1508,0.15191526280616258
55,1445,1500,0.1519286987941898
53,1446,1499,0.1519409950562396
53,1465,1518,0.1519573547566497
54,1473,1527,0.15197193394629874
56,1471,1527,0.151981881584431
56,1468,1524,0.1519861156188341
52,1462,1514,0.15198960561742086
55,1458,1513,0.1520021796010449
53,1460,1513,0.1520069124478742
54,1473,1527,0.15201631868216986
54,1474,1528,0.15202292203422466
53,1466,1519,0.15202889912587828
51,1471,1522,0.15203727763706923
51,1470,1521,0.15205054627652165
49,1473,1522,0.15206326456549113
48,1461,1509,0.15208005575514474
48,1458,1506,0.15209826215949768
48,1451,1499,0.15211470940589003
51,1455,1506,0.15213007889431188
51,1449,1500,0.15213608547064744
51,1452,1503,0.15214114796301703
52,1454,1506,0.15214653478120355
51,1463,1514,0.15214957322122463
51,1453,1504,0.1521552259411148
52,1460,1512,0.15216134284405775
51,1460,1511,0.1521649364736124
51,1472,1523,0.1521706988726175
50,1474,1524,0.15217654853607432
52,1471,1523,0.1521845939318424
52,1468,1520,0.152186495656474
52,1465,1517,0.1521887711477525
54,1462,1516,0.15219135062173017
52,1461,1513,0.1521883351993642
52,1458,1510,0.15219064551699274
52,1453,1505,0.15219324432494694
52,1460,1512,0.1521960726979845
51,1461,1512,0.15219907926379983
47,1465,1512,0.1522048594861668
46,1472,1518,0.1522193339681487
47,1466,1513,0.1522353537976661
46,1476,1522,0.1522472973467074
46,1472,1518,0.15226092384772694
48,1461,1509,0.15227479809753688
48,1467,1515,0.15228305345340526
49,1473,1522,0.15229049069912
51,1464,1515,0.15229446483402984
51,1468,1519,0.15229262067389
51,1473,1524,0.15229001350884758
52,1485,1537,0.15228824022263826
50,1481,1531,0.15228387503572763
51,1478,1529,0.15228456327417245
50,1466,1516,0.15228311618473925
49,1471,1520,0.15228432795218777
47,1472,1519,0.15228799326185832
49,1473,1522,0.1522961054797112
49,1479,1528,0.15229843515901934
48,1480,1528,0.1523013768785428
48,1476,1524,0.15230669310734352
47,1471,1518,0.15231198778233768
47,1459,1506,0.15231917897540675
46,1459,1505,0.15232558605295557
46,1464,1510,0.1523333769979242
47,1458,1505,0.15234101438886724
49,1456,1505,0.15234597096404917
46,1458,1504,0.15234462374693244
45,1458,1503,0.15235023160451436
45,1457,1502,0.15235803194783956
44,1465,1509,0.15236575717047057
45,1473,1518,0.1523755273834608
41,1472,1513,0.15238176589156513
43,1474,1517,0.15239727267804312
46,1476,1522,0.15240742210568714
46,1471,1517,0.15240810634513724
43,1472,1515,0.15240886321674585
42,1491,1533,0.1524154696395348
43,1489,1532,0.15242418567547183
43,1477,1520,0.15242944723839447
43,1488,1531,0.15243390924806885
43,1485,1528,0.152437764093965
43,1483,1526,0.15244198399836204
44,1472,1516,0.15244707580837372
45,1475,1520,0.15244917548110226
42,1469,1511,0.15244935509357913
41,1466,1507,0.1524562106068043
44,1471,1515,0.15246420626830315
45,1481,1526,0.15246410674427444
43,1476,1519,0.15246141901442192
42,1474,1516,0.15246492389012048
42,1474,1516,0.15247092414325195
41,1464,1505,0.1524770381338569
40,1464,1504,0.1524856131330821
42,1448,1490,0.15249619306301418
45,1469,1514,0.1525000213924832
44,1462,1506,0.15249704214795198
43,1467,1510,0.15249692943013302
44,1459,1503,0.15249945904924045
43,1474,1517,0.15249947206573405
44,1472,1516,0.15250208668405663
44,1464,1508,0.1525026413830333
43,1481,1524,0.1525029007088604
43,1477,1520,0.15250573239430343
39,1471,1510,0.15250877912098237
38,1467,1505,0.1525209330653767
39,1462,1501,0.15253475161626462
44,1467,1511,0.15254471476082698
43,1469,1512,0.1525406754616625
45,1474,1519,0.1525396375782131
42,1466,1508,0.15253340816776945
41,1471,1512,0.15253468870743297
41,1481,1522,0.1525391719975627
42,1462,1504,0.15254372781137793
42,1467,1509,0.1525450482189229
36,1482,1518,0.15254679127612253
40,1477,1517,0.15256246006437948
40,1483,1523,0.1525669066048616
39,1491,1530,0.1525714628896451
38,1478,1516,0.1525783471637759
37,1473,1510,0.15258752297026792
36,1466,1502,0.15259838626764743
36,1460,1496,0.15261045489834923
37,1476,1513,0.15262203308282055
38,1475,1513,0.1526306337977016
38,1469,1507,0.15263641948351864
36,1481,1517,0.15264224470013077
35,1488,1523,0.1526523764307908
38,1482,1520,0.1526643992714961
37,1478,1515,0.15266741071439985
37,1481,1518,0.1526728438548341
38,1481,1519,0.1526783253823095
37,1490,1527,0.1526805802887019
37,1485,1522,0.15268537415910613
35,1492,1527,0.15269027858477568
34,1479,1513,0.15269966761206638
32,1482,1514,0.15271097522664534
33,1479,1512,0.15272621386972243
34,1490,1524,0.15273787165780595
33,1500,1533,0.15274646556678295
33,1505,1538,0.15275680265738473
33,1491,1524,0.15276681944700207
33,1481,1514,0.15277571248989041
36,1475,1511,0.15278329480655287
35,1484,1519,0.1527829213189894
36,1478,1514,0.1527852111479536
37,1483,1520,0.15278492301934382
35,1491,1526,0.1527829098928885
36,1482,1518,0.1527858037539892
36,1482,1518,0.15278602962327129
37,1478,1515,0.15278667212899333
37,1486,1523,0.15278532392962096
36,1497,1533,0.15278442937384054
36,1491,1527,0.15278606456773786
35,1479,1514,0.15278790375049883
36,1468,1504,0.15279204696898382
35,1477,1512,0.15279397391461363
33,1470,1503,0.15279814305421843
34,1479,1513,0.15280678144307766
35,1478,1513,0.152812740758258
33,1474,1507,0.15281517803693226
34,1475,1509,0.15282224461463048
34,1487,1521,0.15282583886050413
35,1480,1515,0.15282976540834312
34,1487,1521,0.15283055589085542
34,1476,1510,0.1528337794360701
34,1476,1510,0.15283709840938428
33,1473,1506,0.15283938612233242
33,1482,1515,0.15284403224686494
36,1477,1513,0.1528487046686299
36,1482,1518,0.15284626170558593
35,1475,1510,0.15284324962322932
34,1474,1508,0.15284296494995891
34,1484,1518,0.15284573451053912
32,1486,1518,0.15284859960130823
32,1469,1501,0.15285588933489977
33,1483,1516,0.15286351080110008
33,1471,1504,0.152867936373718
33,1489,1522,0.15287116404915257
33,1491,1524,0.15287374845966814
33,1489,1522,0.15287649543176948
32,1490,1522,0.15287936405856628
32,1483,1515,0.15288445257120598
33,1485,1518,0.15288946760835276
32,1485,1517,0.1528911222942041
33,1486,1519,0.15289432794958716
33,1479,1512,0.1528954669091695
34,1482,1516,0.15289685661624763
35,1490,1525,0.1528952035177015
35,1491,1526,0.15289073710199244
32,1485,1517,0.15288728881670846
32,1483,1515,0.15289091023702947
32,1496,1528,0.15289509398674805
32,1498,1530,0.15289927851767035
32,1488,1520,0.15290343916223456
29,1481,1510,0.15290755511900272
30,1484,1514,0.1529180383957927
30,1490,1520,0.15292491179745288
31,1500,1531,0.15293161928127696
30,1501,1531,0.15293487367291683
29,1493,1522,0.15294039322929062
27,1503,1530,0.15294802354355055
28,1508,1536,0.15296057822341466
30,1496,1526,0.15296924429433306
30,1494,1524,0.15297195042052966
30,1486,1516,0.15297484355271798
30,1472,1502,0.1529778785575327
30,1493,1523,0.15298101628382924
30,1497,1527,0.1529842228886956
29,1492,1521,0.1529874692341548
28,1482,1510,0.15299287763389655
29,1482,1511,0.1529991873665659
28,1480,1508,0.15300203227981762
28,1475,1503,0.15300745894798556
29,1467,1496,0.153012864405047
27,1469,1496,0.15301586455527985
28,1469,1497,0.15302339527613226
28,1468,1496,0.15302820845825896
26,1473,1499,0.15303297248503014
27,1472,1499,0.15304208574178496
26,1479,1505,0.1530484847944939
27,1477,1504,0.153056842542681
27,1492,1519,0.15306166668535673
28,1491,1519,0.15306532865514588
28,1508,1536,0.1530668843965504
26,1491,1517,0.15306865627763655
25,1486,1511,0.15307515474740233
26,1493,1519,0.15308364198306532
25,1474,1499,0.15308896301318448
25,1503,1528,0.15309637574533733
25,1485,1510,0.15310357059653348
25,1476,1501,0.1531105383111117
26,1483,1509,0.15311727235949296
25,1488,1513,0.1531203079710951
25,1496,1521,0.15312564451200322
25,1498,1523,0.1531309060258131
25,1510,1535,0.15313607282148714
26,1486,1512,0.15314112874891045
28,1470,1498,0.1531427984964936
28,1477,1505,0.15313844087553316
27,1488,1515,0.15313477550421614
26,1498,1524,0.15313386472621282
26,1495,1521,0.15313550698568096
24,1509,1533,0.15313736438007566
24,1506,1530,0.15314376646109462
23,1502,1525,0.15315002899640817
23,1498,1521,0.15315827491924125
26,1486,1512,0.15316665718037772
26,1477,1503,0.1531658952619158
26,1491,1517,0.15316553223896168
25,1484,1509,0.15316550961344044
25,1489,1514,0.1531679071269597
25,1482,1507,0.15317041883137925
26,1489,1515,0.15317301233817568
24,1497,1521,0.15317239903632968
23,1497,1520,0.15317654103167014
22,1499,1521,0.1531828410134481
21,1501,1522,0.15319113070924673
21,1491,1512,0.1532013064130987
21,1496,1517,0.15321105355794606
21,1499,1520,0.15322023621025585
21,1486,1507,0.1532290337955087
20,1498,1518,0.15323745304021938
20,1491,1511,0.15324766671540105
18,1485,1503,0.15325738811747164
19,1488,1507,0.15327102367786172
19,1487,1506,0.15328164789577886
18,1495,1513,0.1532917287704384
16,1497,1513,0.1533035026779964
17,1491,1508,0.15331895665909429
17,1493,1510,0.1533312871003486
17,1496,1513,0.15334183160391468
18,1493,1511,0.1533519040458386
17,1486,1503,0.153359019557169
18,1487,1505,0.1533680878738352
18,1489,1507,0.1533734885036138
18,1506,1524,0.15337880395245804
18,1512,1530,0.15338401588222553
18,1513,1531,0.15338910933901076
18,1502,1520,0.15339407232871732
16,1498,1514,0.15339889543948687
16,1490,1506,0.15340789539399247
16,1503,1519,0.1534164812188347
18,1495,1513,0.1534246651584328
18,1494,1512,0.15342692284080658
18,1506,1524,0.15342925843399502
18,1504,1522,0.15343164641225734
17,1498,1515,0.1534340648069246
18,1505,1523,0.15343753949312652
18,1491,1509,0.1534380670748511
18,1492,1510,0.15343886973849302
18,1496,1514,0.15343990119119813
19,1499,1518,0.15344112079579536
18,1495,1513,0.1534400323421431
18,1489,1507,0.15344138993090678
18,1484,1502,0.1534428773509659
19,1494,1513,0.15344446626538574
21,1493,1514,0.15344288903497008
20,1504,1524,0.15343533721520008
20,1496,1516,0.15343093930553903
20,1501,1521,0.15342721595297568
20,1486,1506,0.15342406146809737
20,1484,1504,0.15342140834662787
20,1490,1510,0.1534191963476235
20,1489,1509,0.15341737174896938
19,1490,1509,0.15341588667716602
20,1503,1523,0.15341683641572085
21,1509,1530,0.15341465363422332
21,1509,1530,0.15341060596678954
21,1501,1522,0.15340706573704957
21,1502,1523,0.15340397695807095
20,1494,1514,0.1534012894614861
21,1497,1518,0.15340115571325483
21,1505,1526,0.1533981705752362
21,1516,1537,0.15339449600069124
21,1510,1531,0.15339136743019727
20,1509,1529,0.15338872058292644
20,1509,1529,0.1533892306169971
20,1498,1518,0.15338929677127672
20,1494,1514,0.1533895829097913
20,1507,1527,0.15339005402824152
20,1503,1523,0.15339067933545622
20,1502,1522,0.15339029698799156
21,1508,1529,0.15339019406179066
20,1511,1531,0.1533876573475232
18,1511,1529,0.15338767133727227
21,1505,1526,0.15339296822539747
21,1493,1514,0.15338960867468873
21,1486,1507,0.1533857888675313
21,1488,1509,0.15338242409574776
21,1501,1522,0.15337962535023705
22,1510,1532,0.15337732291421113
22,1509,1531,0.1533727881316388
22,1498,1520,0.15336884606618018
20,1499,1519,0.1533654300158349
20,1504,1524,0.1533675075368548
20,1502,1522,0.15336852737686482
21,1504,1525,0.15336973968431397
20,1496,1516,0.1533678403536846
19,1503,1522,0.15336850880255581
18,1510,1528,0.15337158301873205
19,1507,1526,0.15337710578654262
19,1503,1522,0.15337967650415507
20,1502,1522,0.15338124690384972
20,1506,1526,0.1533797821084297
21,1505,1526,0.15337881896518774
20,1508,1528,0.1533757613848123
18,1497,1515,0.15337539738485753
19,1497,1516,0.15337983680477557
18,1501,1519,0.15338208902115727
18,1486,1504,0.15338660005885793
19,1495,1514,0.15338998320738703
19,1504,1523,0.1533905351628425
20,1494,1514,0.1533914241375925
20,1502,1522,0.15339005099241745
19,1496,1515,0.15338910234894038
17,1509,1526,0.15339070521130865
16,1510,1526,0.1533978667141244
16,1508,1524,0.15340690191918196
16,1510,1526,0.15341552009784376
13,1492,1505,0.15342373364145778
12,1487,1499,0.153438091268978
12,1495,1507,0.1534538225159712
11,1498,1509,0.15346867893950938
10,1499,1509,0.153484989599292
10,1504,1514,0.15350255621631445
10,1506,1516,0.15351910061217067
10,1495,1505,0.15353468028310505
10,1496,1506,0.15354934969307696
10,1502,1512,0.15356316041252296
10,1500,1510,0.15357616125313597
10,1512,1522,0.15358839839846994
11,1510,1521,0.15359991553023364
11,1500,1511,0.15360766806357554
10,1508,1518,0.1536150574307649
9,1505,1514,0.1536242810248048
9,1510,1519,0.15363517912103222
9,1511,1520,0.15364549379084977
10,1502,1512,0.1536552526930133
10,1497,1507,0.1536615735054143
10,1493,1503,0.15366764104339997
10,1505,1515,0.15367345803222904
10,1511,1521,0.15367902825348284
10,1506,1516,0.1536843563632507
10,1509,1519,0.15368944773267057
10,1515,1525,0.15369430830837996
10,1521,1531,0.15369894449068602
10,1514,1524,0.15370336302749077
9,1510,1519,0.1537075709222112
9,1514,1523,0.15371371309541956
9,1508,1517,0.15371952985103435
9,1499,1508,0.1537250362726793
9,1493,1502,0.15373024698409327
9,1505,1514,0.15373517613282153
9,1508,1517,0.15373983737917363
10,1513,1523,0.15374424388971578
10,1508,1518,0.1537458602114327
10,1500,1510,0.15374744003392035
10,1492,1502,0.15374897965064288
10,1499,1509,0.15375047614766635
10,1499,1509,0.1537519273012423
10,1499,1509,0.15375333148679768
10,1508,1518,0.15375468759814295
10,1503,1513,0.15375599497582967
10,1498,1508,0.15375725334369716
9,1498,1507,0.15375846275274407
8,1485,1493,0.1537618215222306
8,1505,1513,0.15376716177153668
8,1492,1500,0.15377219599440287
8,1501,1509,0.15377694098445355
7,1491,1498,0.15378141268915738
7,1503,1510,0.15378778223102896
6,1511,1517,0.1537937198915222
6,1514,1520,0.15380148313286426
6,1511,1517,0.15380878930089087
5,1500,1505,0.15381566471870564
5,1517,1522,0.15382428355359717
5,1511,1516,0.1538323897986168
5,1509,1514,0.15384001348041154
4,1512,1516,0.15384718291201452
5,1507,1512,0.15385611394248008
5,1521,1526,0.15386224889812475
5,1523,1528,0.15386802452583154
5,1517,1522,0.15387346132411506
5,1519,1524,0.15387857867717517
5,1512,1517,0.15388339490978997
4,1510,1514,0.15388792734011925
4,1512,1516,0.15389434672717744
4,1505,1509,0.15390038375980822
4,1515,1519,0.15390606092177683
4,1513,1517,0.15391139940334495
5,1510,1515,0.1539164191728287
5,1517,1522,0.15391786755569828
5,1510,1515,0.15391933934934804
5,1515,1520,0.15392082233258084
5,1525,1530,0.15392230607349322
5,1530,1535,0.15392378171928914
5,1523,1528,0.1539252418087015
4,1522,1526,0.15392668010469465
4,1517,1521,0.15393079788302436
3,1514,1517,0.15393466812446266
3,1518,1521,0.15394045305416948
3,1518,1521,0.1539458889880428
3,1517,1520,0.15395099687858413
3,1520,1523,0.1539557964303142
2,1519,1521,0.15396030617313367
2,1514,1516,0.15396669357536283
2,1523,1525,0.15397269462595098
2,1521,1523,0.15397833260967306
2,1518,1520,0.15398362941626473
2,1526,1528,0.15398860562318498
2,1520,1522,0.15399328057354952
2,1534,1536,0.15399767244950913
2,1507,1509,0.15400179834133076
2,1505,1507,0.15400567431242806
2,1500,1502,0.15400931546057126
3,1511,1514,0.1540127359754974
3,1512,1515,0.15401267834175553
3,1521,1524,0.15401273161141749
3,1513,1516,0.15401287878068537
5,1520,1525,0.1540131048597116
5,1519,1524,0.1540072772965723
4,1516,1520,0.15400204922707636
4,1511,1515,0.15399951231111964
4,1516,1520,0.15399733087284567
4,1518,1522,0.15399546406162845
4,1521,1525,0.15399387535107475
4,1511,1515,0.15399253209993294
4,1516,1520,0.15399140515656853
5,1511,1516,0.15399046850274162
6,1508,1514,0.15398642835946125
6,1510,1516,0.15397956287185088
5,1492,1497,0.15397340876246124
5,1503,1508,0.1539709652356139
5,1503,1508,0.15396882270544332
5,1501,1506,0.15396694820339998
5,1514,1519,0.15396531217753817
4,1519,1523,0.15396388814879378
4,1517,1521,0.15396492623795738
5,1522,1527,0.15396598132850783
5,1527,1532,0.15396377603522776
4,1520,1524,0.15396187705020953
4,1510,1514,0.1539624091924112
4,1508,1512,0.1539630496354306
4,1505,1509,0.15396377808160824
4,1508,1512,0.15396457680153827
3,1510,1513,0.15396543034828866
3,1518,1521,0.15396856339325077
3,1513,1516,0.153971583016695
3,1505,1508,0.1539744885370393
4,1507,1511,0.15397728005638528
3,1496,1499,0.1539773040860605
3,1504,1507,0.1539799127732833
3,1519,1522,0.15398242128856526
3,1509,1512,0.15398483000250185
3,1519,1522,0.1539871398211837
3,1518,1521,0.15398935209931208
3,1502,1505,0.15399146856387888
3,1500,1503,0.15399349124725523
3,1502,1505,0.1539954224286544
3,1505,1508,0.15399635503910114
3,1500,1503,0.15399734442044133
3,1499,1502,0.1539983762703726
3,1505,1508,0.15399943819347328
2,1512,1514,0.15400051948611865
2,1510,1512,0.15400381225724516
2,1504,1506,0.15400697094171828
2,1518,1520,0.15400981718687037
2,1524,1526,0.15401256012269698
2,1527,1529,0.15401519939087827
2,1521,1523,0.15401773528846005
2,1526,1528,0.15402016866745577
2,1502,1504,0.15402250084634578
2,1505,1507,0.15402473353219512
2,1498,1500,0.1540268687522436
2,1508,1510,0.15402890879393846
2,1508,1510,0.1540308561524861
2,1518,1520,0.15403271348509576
2,1521,1523,0.15403448357117253
2,1513,1515,0.15403616927779468
2,1504,1506,0.15403777352988068
1,1495,1496,0.154039299284512
1,1505,1506,0.15404295352990727
1,1501,1502,0.1540463981963579
2,1505,1507,0.15404964482150085
2,1509,1511,0.1540503066768763
2,1506,1508,0.154050959427196
2,1512,1514,0.1540516006352541
2,1513,1515,0.15405222829984996
2,1509,1511,0.1540528408015459
2,1507,1509,0.15405240423279828
2,1499,1501,0.15405211186368561
2,1484,1486,0.1540519436673706
2,1509,1511,0.15405188191199562
1,1517,1518,0.15405191091807527
1,1517,1518,0.15405426671406577
1,1525,1526,0.154056542877192
1,1517,1518,0.15405873815197693
1,1515,1516,0.15406085194405417
0,1513,1513,0.15406288422387296
