1363,25,1388,0.13579591962391802
1399,25,1424,0.13296398572935242
1418,25,1443,0.13028913816816667
1434,26,1460,0.12780473275541923
1430,29,1459,0.12549928946199324
1444,29,1473,0.12341425492232978
1450,29,1479,0.12148149317569462
1460,29,1489,0.11970786516565614
1461,30,1491,0.1180666876803339
1459,30,1489,0.11657456006832892
1471,31,1502,0.11522366594399051
1485,31,1516,0.11396382649766476
1475,34,1509,0.1127854174805239
1473,33,1506,0.11173893922275704
1473,31,1504,0.11078977455733639
1471,30,1501,0.10992858971384084
1459,28,1487,0.1091508279444815
1457,28,1485,0.10847417921626358
1452,27,1479,0.10786217334794122
1445,25,1470,0.10731823778976178
1461,24,1485,0.10684088119506818
1465,24,1489,0.10636822902500001
1461,23,1484,0.1059264346744914
1479,22,1501,0.10553552420881097
1470,23,1493,0.10513791162249941
1470,26,1496,0.10479725429491343
1469,27,1496,0.1044882436308374
1484,26,1510,0.10421016743520026
1473,26,1499,0.10392067499898835
1473,28,1501,0.1036826894513029
1483,27,1510,0.10346464414499934
1480,27,1507,0.1032445342674075
1472,28,1500,0.10304872725632398
1468,28,1496,0.10288908530634182
1461,27,1488,0.10275521896977097
1468,26,1494,0.10264849612814847
1464,26,1490,0.10253786608964796
1463,28,1491,0.10244681546374018
1470,29,1499,0.10236765556732824
1458,32,1490,0.1022807291055181
1439,34,1473,0.10222840533002005
1452,35,1487,0.10222418835979148
1459,32,1491,0.10219133894366844
1455,33,1488,0.10214765070969291
1436,33,1469,0.10211606334040242
1443,33,1476,0.10212955469712799
1456,32,1488,0.10212893886529863
1436,33,1469,0.10210008103281527
1438,32,1470,0.10211861140004405
1427,33,1460,0.10213169286604447
1447,33,1480,0.10216807944116534
1445,33,1478,0.10215775781997287
1445,36,1481,0.10215344227986403
1443,37,1480,0.10214990149253968
1452,39,1491,0.10215156179151055
1450,39,1489,0.10213385006443128
1454,40,1494,0.10212176301508435
1451,39,1490,0.10209834717231261
1451,38,1489,0.10208452989309674
1444,41,1485,0.10207098696070513
1445,41,1486,0.10207604359233975
1442,40,1482,0.10207978825402143
1438,40,1478,0.10208817079318905
1444,41,1485,0.1021063499174705
1443,43,1486,0.10210906994280336
1460,41,1501,0.10211579446474398
1460,41,1501,0.10208392160723002
1469,40,1509,0.10205373385335913
1467,39,1506,0.10200623614956907
1461,38,1499,0.10196644535572665
1464,37,1501,0.10194475433607474
1459,36,1495,0.10191776928035033
1460,36,1496,0.10190290102903855
1444,35,1479,0.10188525893398612
1462,36,1498,0.10190521972837045
1460,36,1496,0.10188568357135415
1444,36,1480,0.1018721728842421
1439,36,1475,0.10189777555091016
1444,38,1482,0.10193118708988907
1437,35,1472,0.10195212857647558
1446,36,1482,0.10198604954542312
1460,37,1497,0.10199565997176654
1449,39,1488,0.10197413847765395
1451,38,1489,0.10197811469121948
1454,41,1495,0.10197795985137692
1462,41,1503,0.101972738899327
1457,42,1499,0.10195032494571747
1442,44,1486,0.10193909177851934
1439,44,1483,0.10196411902593747
1435,43,1478,0.10199477959849677
1433,44,1477,0.1020344580315925
1428,47,1475,0.10207377446178623
1429,49,1478,0.10212190462579432
1433,47,1480,0.10216415838215961
1426,48,1474,0.10219642703411147
1435,46,1481,0.10224254301173424
1438,47,1485,0.10226391723797665
1432,48,1480,0.10227687228222884
1429,49,1478,0.10230189285924184
1429,51,1480,0.10233190257617868
1438,52,1490,0.10236043298586538
1443,52,1495,0.10236708860539843
1455,53,1508,0.10236249082479429
1460,53,1513,0.10233035293337753
1454,52,1506,0.10228898566126336
1456,52,1508,0.10226304944982481
1449,50,1499,0.10223511976349123
1450,49,1499,0.102226014489706
1435,50,1485,0.10221534577601397
1438,54,1492,0.10223988570540252
1441,56,1497,0.10225786248558923
1446,61,1507,0.10226740570392014
1443,59,1502,0.10226511018847806
1445,55,1500,0.10226992963381093
1438,53,1491,0.10226927800534727
1433,52,1485,0.1022853781627066
1440,53,1493,0.1023137693942539
1434,56,1490,0.10232132256955488
1436,58,1494,0.10234301865906438
1433,63,1496,0.10236129269214989
1429,64,1493,0.10238467025299505
1426,64,1490,0.1024138711110732
1415,64,1479,0.1024473997517748
1420,67,1487,0.10250375400428302
1419,67,1486,0.10254399914136136
1420,66,1486,0.10258537103001597
1421,69,1490,0.10262150018585786
1428,67,1495,0.10265377757673443
1427,66,1493,0.10266602914375522
1433,66,1499,0.10267998066919634
1429,65,1494,0.10267863410953212
1438,62,1500,0.10268383362676005
1432,63,1495,0.10266876006314116
1433,63,1496,0.10266734709743601
1437,61,1498,0.10266353799973853
1439,65,1504,0.10265281761178921
1446,66,1512,0.10263947156596843
1449,67,1516,0.10261077041936591
1447,68,1515,0.10257931061820874
1432,66,1498,0.1025536185869143
1437,65,1502,0.10256386826571168
1441,66,1507,0.10256355400411006
1444,66,1510,0.10255413079935832
1434,65,1499,0.10253823200897319
1430,64,1494,0.10254674381971568
1439,66,1505,0.1025660400042937
1437,68,1505,0.10256521312827709
1445,71,1516,0.10256588882278006
1447,70,1517,0.10255024708127791
1447,71,1518,0.1025315147888811
1431,67,1498,0.10251417417414328
1430,68,1498,0.10253343171622938
1429,70,1499,0.10255055248356236
1426,66,1492,0.1025705398366872
1415,67,1482,0.1025955446258094
1408,69,1477,0.1026449249374442
1409,70,1479,0.10270523812818677
1392,73,1465,0.10275904320329766
1388,75,1463,0.10284756939269867
1386,76,1462,0.1029366214535496
1406,75,1481,0.10302357100131296
1403,72,1475,0.10305875965646838
1410,75,1485,0.10309646339632614
1416,74,1490,0.103110320013995
1424,73,1497,0.103110401441778
1418,75,1493,0.10309520718755101
1410,71,1481,0.10309323446935735
1411,69,1480,0.10311101709303486
1397,68,1465,0.1031263965654556
1406,68,1474,0.10317253671410487
1411,68,1479,0.10319177480733664
1421,68,1489,0.10319887234346174
1411,65,1476,0.10318280757801582
1420,65,1485,0.10318878026101212
1418,63,1481,0.10316985756210326
1417,62,1479,0.10315927607934501
1426,61,1487,0.10315089724917431
1411,60,1471,0.10312442145903987
1438,60,1498,0.10313527183843182
1409,61,1470,0.10308005437921086
1410,63,1473,0.10309380063706745
1409,62,1471,0.1031047436781733
1413,61,1474,0.10311553584498234
1416,63,1479,0.1031179080395117
1422,63,1485,0.10311491104072726
1421,64,1485,0.10309812700665244
1431,67,1498,0.103085583224297
1433,65,1498,0.10305055710890461
1437,66,1503,0.1030153646662238
1436,66,1502,0.10297448325006958
1426,66,1492,0.10294039857677686
1424,66,1490,0.10293059818281904
1422,67,1489,0.1029270817811128
1416,65,1481,0.10292925923609005
1425,65,1490,0.10294625785901594
1443,66,1509,0.10294047459228477
1446,64,1510,0.1028934632255164
1437,64,1501,0.10284163167498937
1433,63,1496,0.10281560392277879
1427,62,1489,0.10280128601038269
1415,65,1480,0.10280124812113638
1427,66,1493,0.10282879576391085
1409,63,1472,0.10282812816256641
1419,61,1480,0.10286885065609074
1432,64,1496,0.10288126657976523
1415,60,1475,0.10286296832662649
1422,63,1485,0.10288641339775595
1424,62,1486,0.10289165164994493
1418,60,1478,0.10289102806826084
1414,59,1473,0.1029024759314926
1418,60,1478,0.10292125461973488
1434,59,1493,0.10292859832665108
1453,59,1512,0.10289800609642868
1447,58,1505,0.10282725700498915
1451,58,1509,0.10277457710941296
1453,59,1512,0.10271568837690405
1438,58,1496,0.10265801416751402
1442,56,1498,0.102639281254775
1438,56,1494,0.1026143719256769
1434,61,1495,0.10260198685695211
1437,61,1498,0.10260054474539917
1444,64,1508,0.10258986321299413
1442,67,1509,0.10256418441602357
1431,63,1494,0.10254719209155119
1418,63,1481,0.10255712072524567
1424,63,1487,0.10259419240951441
1425,62,1487,0.10261535626402692
1414,67,1481,0.10263389823204153
1425,70,1495,0.10267745157256031
1410,75,1485,0.10269246035237577
1402,79,1481,0.10274150649907816
1399,84,1483,0.10280495133775691
1406,83,1489,0.10286999117327991
1409,84,1493,0.10291554581679829
1416,81,1497,0.10295024398541885
1410,80,1490,0.10296809395894044
1413,80,1493,0.1029990384317215
1414,83,1497,0.10302317852207295
1414,83,1497,0.1030418242608768
1409,81,1490,0.10305945177045071
1420,83,1503,0.10308627732113357
1415,85,1500,0.10308576969838441
1415,87,1502,0.10309633136353376
1410,88,1498,0.10310636802774283
1383,88,1471,0.10312942359904113
1387,88,1475,0.10321211386265818
1391,91,1482,0.10327985303264046
1401,86,1487,0.10333438560064223
1411,88,1499,0.1033624503702173
1411,87,1498,0.10336489799690074
1414,84,1498,0.10336609992987812
1408,83,1491,0.10335869158614681
1403,82,1485,0.1033627025365326
1383,83,1466,0.10337771572371256
1384,89,1473,0.10343887180606086
1397,89,1486,0.10349451704919208
1396,88,1484,0.10351663370858499
1406,91,1497,0.10353689635970806
1390,90,1480,0.10353368298452793
1385,91,1476,0.10356910965082948
1390,96,1486,0.1036143477054929
1381,93,1474,0.10364764528803366
1397,89,1486,0.10369641506152863
1410,87,1497,0.10370416066387485
1419,83,1502,0.10368220331992653
1411,83,1494,0.1036384375459344
1409,86,1495,0.10361585511907499
1400,89,1489,0.10360023194975518
1395,92,1487,0.10360603201768463
1386,92,1478,0.10362474794662535
1379,95,1474,0.10366294578601329
1389,95,1484,0.10371564147922768
1389,90,1479,0.10374364774154599
1382,89,1471,0.10376758573215625
1385,95,1480,0.10380575896279412
1375,95,1470,0.10383449339295701
1376,98,1474,0.10388345690513796
1395,98,1493,0.10392606543607638
1392,98,1490,0.10392246563012922
1383,97,1480,0.10392484182838485
1387,95,1482,0.10394775490197025
1380,98,1478,0.1039603568075235
1394,92,1486,0.10398768409495794
1403,89,1492,0.10397817828693143
1409,90,1499,0.10394726469914815
1411,90,1501,0.1039053303986981
1409,90,1499,0.10386397283782486
1402,94,1496,0.1038311116132014
1398,96,1494,0.103816966525528
1398,94,1492,0.10381443414375341
1409,95,1504,0.10381115053824663
1408,93,1501,0.10378337254847696
1411,90,1501,0.10375999812985885
1405,95,1500,0.10373178489735548
1401,97,1498,0.10371786347890509
1394,96,1490,0.1037154339421267
1393,95,1488,0.10372996073713862
1408,96,1504,0.10374608577679512
1403,97,1500,0.10372730895649951
1406,102,1508,0.10372097097488385
1406,105,1511,0.10370754023165356
1404,106,1510,0.10369801903212864
1393,106,1499,0.1036938108600818
1388,104,1492,0.10371665534416241
1390,99,1489,0.10374859541579041
1375,101,1476,0.1037747780651352
1385,99,1484,0.10383270504201562
1380,100,1480,0.10386546021820027
1380,97,1477,0.10390778071884733
1395,98,1493,0.10394781127623855
1387,97,1484,0.1039477226304944
1400,101,1501,0.10396380264530074
1400,98,1498,0.10394623199316616
1395,100,1495,0.10392952667713434
1393,101,1494,0.10392257361829545
1398,104,1502,0.10392395179178887
1381,102,1483,0.10391495594367413
1381,105,1486,0.10394405178414871
1382,104,1486,0.10397179903222792
1383,104,1487,0.10399477814042787
1390,107,1497,0.10401492433787428
1392,112,1504,0.10401901799766668
1401,114,1515,0.10401945758347168
1398,113,1511,0.10399777156113413
1389,106,1495,0.10398649507650015
1391,107,1498,0.10399499029750064
1410,104,1514,0.10399822284127247
1412,107,1519,0.10396170105638941
1389,108,1497,0.1039217931672421
1395,108,1503,0.10393622559835684
1386,108,1494,0.10393875807965226
1379,109,1488,0.10396227290304136
1381,110,1491,0.10399857092346128
1369,107,1476,0.10402694923360212
1386,107,1493,0.10408216204275027
1412,106,1518,0.10409212323382888
1408,103,1511,0.10404194994749297
1404,107,1511,0.10400442747299295
1410,108,1518,0.10397959085170937
1379,108,1487,0.10394296336265078
1364,116,1480,0.10397943818718013
1365,111,1476,0.10404723492413315
1370,111,1481,0.10410295146485822
1361,112,1473,0.10414456682160945
1368,113,1481,0.10420362125783943
1371,113,1484,0.1042431937407342
1383,115,1498,0.1042733240558426
1375,118,1493,0.10427616465443122
1378,116,1494,0.10429667179748715
1378,118,1496,0.10430977396353473
1371,120,1491,0.10432334905985105
1382,119,1501,0.1043513810108124
1382,119,1501,0.10435241375058664
1378,120,1498,0.10435558322218805
1390,117,1507,0.10436689877392766
1397,119,1516,0.1043475599319164
1385,118,1503,0.10431375431346396
1371,120,1491,0.10430820802625666
1359,121,1480,0.10433901605375427
1362,119,1481,0.10439586145047092
1366,119,1485,0.10443994921904981
1363,125,1488,0.10447222884255489
1376,129,1505,0.10450978576759135
1382,128,1510,0.10451510474821042
1383,127,1510,0.10450705459879027
1381,128,1509,0.10449794508445295
1367,130,1497,0.10449637143278641
1353,127,1480,0.104524791190671
1353,127,1480,0.10458402783723501
1347,134,1481,0.1046369442070512
1354,138,1492,0.1046996516286622
1360,138,1498,0.10474307612165891
1354,137,1491,0.10476834037872304
1360,138,1498,0.10480691548073065
1357,135,1492,0.10482892550069628
1343,134,1477,0.10485501870327837
1344,132,1476,0.10491202400033593
1345,136,1481,0.10496405573584408
1357,132,1489,0.10501100105999303
1353,137,1490,0.10502441354114866
1360,135,1495,0.1050455950857896
1372,135,1507,0.10505127322311714
1376,138,1514,0.10502958293495393
1374,139,1513,0.10499971396982431
1372,137,1509,0.10497815298108464
1377,133,1510,0.10496183007974441
1376,138,1514,0.10493483330684011
1366,140,1506,0.10491342922699856
1363,141,1504,0.1049165252440612
1359,140,1499,0.10492571328190714
1355,141,1496,0.10494390092681734
1358,141,1499,0.10497224618601755
1344,144,1488,0.10499282176734677
1334,147,1481,0.10504272414837708
1342,149,1491,0.10511268127621452
1321,151,1472,0.10516179770376333
1333,154,1487,0.10525465223255719
1336,157,1493,0.10531471811776597
1339,153,1492,0.10536385034350496
1334,155,1489,0.10540333862059578
1335,154,1489,0.10545074922697967
1350,157,1507,0.10549355637256162
1354,158,1512,0.10549608241976699
1339,158,1497,0.10548828973606582
1336,165,1501,0.10551614104724581
1340,167,1507,0.1055506564008512
1331,162,1493,0.10557326720013893
1337,162,1499,0.10561424526244664
1329,163,1492,0.10563464994237105
1337,167,1504,0.10567529905502013
1337,166,1503,0.10569428067877182
1336,170,1506,0.10571152890098374
1326,169,1495,0.10573237307612655
1328,177,1505,0.10577448198767961
1315,175,1490,0.10580992924028479
1311,179,1490,0.10587010130711227
1305,179,1484,0.10593795442692716
1306,180,1486,0.1060147291807168
1303,179,1482,0.10608364648343888
1311,178,1489,0.1061545742726343
1315,176,1491,0.106200289014152
1313,179,1492,0.10623333031174022
1309,175,1484,0.1062690784188495
1307,178,1485,0.10631109552841508
1313,175,1488,0.10635410313589738
1311,183,1494,0.10638155312995998
1318,186,1504,0.10641282704479721
1317,188,1505,0.10642214047755516
1307,191,1498,0.10643637386469418
1304,188,1492,0.10647465742706437
1293,190,1483,0.10651770711233542
1308,188,1496,0.10658177571677153
1308,190,1498,0.10660689058784549
1286,194,1480,0.10663072710799618
1284,197,1481,0.10670164834944001
1291,196,1487,0.10677212724862072
1291,196,1487,0.10682236087452082
1306,200,1506,0.1068674333692385
1303,203,1506,0.10687466142495533
1293,198,1491,0.10688918204726
1287,205,1492,0.10692732012146006
1291,207,1498,0.10697961149962726
1290,207,1497,0.10701996085539726
1292,210,1502,0.10706030858944121
1285,212,1497,0.10709385229729028
1283,214,1497,0.10714027446294196
1278,218,1496,0.10718709102551412
1262,219,1481,0.10724289732816271
1266,217,1483,0.10733306580584091
1269,218,1487,0.10740915677390958
1266,219,1485,0.10747423837185231
1275,222,1497,0.10754023777892158
1275,221,1496,0.10758534421470133
1260,225,1485,0.10762877663376863
1264,221,1485,0.10770332255940666
1276,222,1498,0.10776115126353637
1258,223,1481,0.10778688573984929
1268,225,1493,0.1078494804431207
1270,223,1493,0.10788484686576222
1268,226,1494,0.10791131996796356
1266,221,1487,0.10794042191445151
1276,221,1497,0.10797000207747992
1265,218,1483,0.10797777116000237
1260,222,1482,0.1080074054447212
1270,221,1491,0.10804671956294831
1269,220,1489,0.10806186897481589
1280,220,1500,0.10807614667548808
1281,224,1505,0.10806325950258026
1289,216,1505,0.1080513260162482
1284,217,1501,0.10801967796567374
1292,219,1511,0.1079990486786382
1282,221,1503,0.10796335274475755
1283,218,1501,0.10795295916489554
1288,217,1505,0.10794021948687582
1296,209,1505,0.10791580599168986
1285,210,1495,0.10787674196015441
1284,205,1489,0.10786776055597276
1281,204,1485,0.1078599056368269
1288,202,1490,0.10786032837876332
1293,201,1494,0.10784457690863725
1292,205,1497,0.1078179991812863
1284,204,1488,0.10779379754547444
1293,204,1497,0.10778876194601601
1300,203,1503,0.10776301226994103
1311,206,1517,0.1077238849746103
1295,204,1499,0.10766162335279122
1285,206,1491,0.107642791098832
1278,204,1482,0.10764760807991035
1289,212,1501,0.10767054323316039
1291,216,1507,0.10766755337352256
1286,218,1504,0.10765954952646917
1270,218,1488,0.10766806959238048
1280,217,1497,0.10771226756863632
1278,212,1490,0.10772997268032021
1281,216,1497,0.10775091953758753
1283,215,1498,0.10776575430584416
1279,214,1493,0.1077750553939188
1275,210,1485,0.10779272538200775
1287,213,1500,0.10781626342961773
1275,213,1488,0.10781226490946384
1275,218,1493,0.10783709766025379
1278,227,1505,0.10786056659195233
1284,229,1513,0.10787543761597544
1275,224,1499,0.10787421453608166
1268,223,1491,0.10789347119533357
1278,218,1496,0.10792865066898522
1275,218,1493,0.10793828669783309
1266,216,1482,0.1079529669223012
1286,218,1504,0.10798831769860985
1288,219,1507,0.10797318098577417
1286,220,1506,0.10795277527068273
1284,218,1502,0.10793741080314763
1282,224,1506,0.10792623097011067
1278,225,1503,0.10792347492592783
1278,223,1501,0.10793251212986889
1281,224,1505,0.10794163299666978
1277,225,1502,0.10794607221476012
1272,223,1495,0.10795722804766884
1262,219,1481,0.10797457692719274
1260,223,1483,0.1080137034738902
1251,225,1476,0.10805689539613766
1261,227,1488,0.10811831882568114
1249,227,1476,0.10815398551352583
1250,228,1478,0.10821521922705472
1251,229,1480,0.10827079658541214
1257,233,1490,0.10831870398199622
1269,228,1497,0.10834869674975821
1266,228,1494,0.10834863384125323
1273,226,1499,0.10835056737435687
1281,227,1508,0.10833771383248386
1270,222,1492,0.10830627526595478
1267,219,1486,0.10830093569678087
1270,216,1486,0.10830394588726022
1279,219,1498,0.10829856377060867
1280,222,1502,0.10827309172583703
1275,219,1494,0.10824907354865729
1282,219,1501,0.1082382941332811
1284,223,1507,0.10821393951603248
1274,222,1496,0.10818272764234954
1268,231,1499,0.10817680525418914
1270,231,1501,0.10818492985830794
1267,234,1501,0.10818885089098583
1266,233,1499,0.10820035084894851
1267,237,1504,0.1082148795244221
1263,243,1506,0.10822824876085063
1245,246,1491,0.10824775732102103
1254,250,1504,0.10830579561035478
1255,247,1502,0.10834146944325158
1261,241,1502,0.1083737314170151
1244,245,1489,0.10839418803206512
1262,248,1510,0.10845265164137637
1255,254,1509,0.10846638690391891
1250,259,1509,0.1084951814750254
1244,258,1502,0.10853438063863972
1238,249,1487,0.10858289094324217
1246,257,1503,0.10864259650917867
1252,259,1511,0.10867901468794461
1243,253,1496,0.10869930070673352
1235,252,1487,0.10873584147724655
1238,255,1493,0.10878860685346378
1230,257,1487,0.10883374324431572
1224,263,1487,0.10889255045724035
1225,267,1492,0.10896015413685081
1217,261,1478,0.10901795799514488
1224,265,1489,0.10909171524641731
1212,271,1483,0.10914415139195992
1214,270,1484,0.10922075299559374
1212,270,1482,0.10928901537595916
1203,273,1476,0.10935722399918094
1204,269,1473,0.10944064560850225
1215,265,1480,0.10951490281143211
1219,269,1488,0.10955863811120697
1221,270,1491,0.10959185167318328
1220,270,1490,0.10961696934155464
1220,269,1489,0.10963991512097766
1215,272,1487,0.10966128465177484
1216,275,1491,0.10969436404561991
1219,280,1499,0.10972374886178039
1220,280,1500,0.10974388874631831
1211,279,1490,0.10975985197288757
1216,274,1490,0.10979678284911898
1222,280,1502,0.10981931577222387
1212,278,1490,0.10982816452122675
1223,280,1503,0.10985978754455548
1216,278,1494,0.1098606141301688
1218,285,1503,0.10987893472278444
1221,283,1504,0.10989131910794199
1215,282,1497,0.10989730470514454
1218,286,1504,0.10991393971634253
1215,282,1497,0.1099256157652209
1211,278,1489,0.10994336967062111
1211,283,1494,0.1099720629576781
1214,281,1495,0.10999620946323814
1212,277,1489,0.11001270584834458
1213,284,1497,0.11003256378481766
1218,290,1508,0.11004908106555074
1233,291,1524,0.11005443410746434
1233,293,1526,0.1100255718165552
1226,287,1513,0.10999971341759941
1214,295,1509,0.10999221936656582
1193,295,1488,0.1100151402782822
1199,298,1497,0.11008287051127837
1201,293,1494,0.11013296591430134
1194,291,1485,0.1101723997783294
1196,293,1489,0.11022833159931893
1199,290,1489,0.11027573697932393
1215,299,1514,0.11031373157095903
1212,296,1508,0.1103118854311889
1202,294,1496,0.1103194381678281
1206,296,1502,0.11034655024300392
1205,297,1502,0.11036265837857792
1191,298,1489,0.11038104908053892
1200,296,1496,0.11043267287001127
1195,298,1493,0.1104616763784389
1192,295,1487,0.1104999251124426
1204,304,1508,0.11054048016752152
1207,298,1505,0.1105505204849979
1208,299,1507,0.11055374612668095
1208,306,1514,0.1105549989127266
1205,305,1510,0.1105567584071995
1191,305,1496,0.11056525868555026
1198,301,1499,0.11060625956319985
1201,299,1500,0.11062774837263842
1195,301,1496,0.11063977823219057
1204,303,1507,0.11066705788470373
1187,299,1486,0.11066814168558149
1195,301,1496,0.11071015850482326
1185,302,1487,0.11073093172324056
1180,307,1487,0.11077441455261666
1188,308,1496,0.11082505035976435
1188,313,1501,0.11085316754785071
1189,310,1499,0.11087862557180848
1190,314,1504,0.11089871027851213
1199,307,1506,0.11091400087930804
1193,309,1502,0.11090768876728017
1185,311,1496,0.1109173119294426
1188,313,1501,0.11094576985462241
1180,311,1491,0.11096161317667516
1197,315,1512,0.11099574740180453
1191,311,1502,0.1109870188851325
1194,314,1508,0.11099199311307158
1183,312,1495,0.11099230317760454
1189,313,1502,0.11101878407427827
1179,311,1490,0.11102962848322825
1184,309,1493,0.11106268369053957
1188,313,1501,0.11108160575696381
1188,318,1506,0.11108766938380821
1187,318,1505,0.11109646200630005
1180,316,1496,0.1111050919373784
1183,309,1492,0.11112815382991076
1175,309,1484,0.11114511931284746
1163,307,1470,0.11118078314800656
1173,308,1481,0.11124128063327075
1180,312,1492,0.11127190889850708
1192,311,1503,0.11128167424598438
1182,316,1498,0.11126186339739075
1178,318,1496,0.11126750328077495
1174,325,1499,0.11128354524132586
1185,324,1509,0.11130776323520884
1188,324,1512,0.11130421702209455
1198,321,1519,0.11129579385396685
1201,320,1521,0.11126285039830756
1200,317,1517,0.1112254797017361
1182,320,1502,0.11119415479631012
1187,315,1502,0.11120655249195915
1172,318,1490,0.11120577262748889
1178,319,1497,0.11123986712730112
1181,319,1500,0.11125597868425335
1185,317,1502,0.11126507047536699
1178,319,1497,0.1112658930126214
1176,320,1496,0.11128016326777809
1185,317,1502,0.11130007458426995
1185,314,1499,0.11129670786497997
1172,319,1491,0.11129392046528311
1179,331,1510,0.11132255136969754
1181,333,1514,0.11133366103867992
1180,335,1515,0.11134133036677482
1170,329,1499,0.1113508210151911
1168,328,1496,0.11138212087831502
1177,328,1505,0.11141637544750363
1170,323,1493,0.11142831005895952
1177,325,1502,0.11145521463599448
1165,334,1499,0.1114639907157107
1165,330,1495,0.11149880332321647
1167,327,1494,0.11152932166268163
1172,330,1502,0.11154922329827428
1167,330,1497,0.11155814016606437
1165,323,1488,0.11157876553445234
1156,318,1474,0.11160448197989392
1150,325,1475,0.11165085898836391
1156,333,1489,0.11170644280404936
1162,333,1495,0.11174260993792957
1167,336,1503,0.11176441823042371
1161,340,1501,0.11177287448163692
1161,340,1501,0.11179616163576026
1160,333,1493,0.11181579737194865
1172,329,1501,0.11183573256200749
1159,333,1492,0.11182895664047031
1159,334,1493,0.11185272173990057
1160,334,1494,0.11187180641453578
1163,334,1497,0.11188876429631081
1156,337,1493,0.11189881491442889
1159,341,1500,0.11192454590672356
1168,343,1511,0.11194155801759864
1165,337,1502,0.11193534838231642
1163,335,1498,0.11193762410554198
1171,340,1511,0.11194484496681152
1177,345,1522,0.11193238187291234
1165,346,1511,0.11191019783446043
1155,342,1497,0.11191677501811265
1158,343,1501,0.11194791704639658
1170,342,1512,0.11197290659829733
1166,348,1514,0.11196874149485715
1155,344,1499,0.11197303345318599
1155,346,1501,0.11200047598762725
1158,341,1499,0.1120275762053333
1158,339,1497,0.11204333407084933
1166,345,1511,0.11205380107625743
1167,346,1513,0.11204753519714071
1167,345,1512,0.1120391982617221
1151,345,1496,0.11203186676271099
1158,346,1504,0.11206041279776337
1157,346,1503,0.11207166224089854
1160,343,1503,0.11208633225135084
1160,344,1504,0.11209195113612136
1160,346,1506,0.11209721819673078
1163,350,1513,0.11210235683610013
1164,357,1521,0.11210283963626917
1154,349,1503,0.11210156172919067
1148,354,1502,0.11212366501730113
1144,361,1505,0.11216041898959445
1146,358,1504,0.1122018257449733
1139,360,1499,0.11223489160347797
1137,368,1505,0.11228421066268718
1131,369,1500,0.11233438742409833
1130,366,1496,0.11239408063547904
1139,367,1506,0.11245217203602774
1146,360,1506,0.11248582944907103
1136,359,1495,0.11249914637439345
1133,357,1490,0.11253441116312192
1135,365,1500,0.11257291582967008
1144,360,1504,0.1126057658839446
1146,361,1507,0.11261439824821327
1149,358,1507,0.11261755233809058
1137,362,1499,0.11261406694577687
1135,363,1498,0.11263751967317492
1133,363,1496,0.11266300344699295
1132,367,1499,0.1126910314869378
1129,376,1505,0.11272057572902941
1112,376,1488,0.11275928874465975
1124,380,1504,0.1128315219001535
1126,379,1505,0.11287073861265082
1127,376,1503,0.11290229022819781
1122,383,1505,0.11292834787539585
1111,377,1488,0.11296562136900652
1114,384,1498,0.11302766902168909
1114,383,1497,0.11307530584980956
1120,383,1503,0.11311735200957157
1113,384,1497,0.11314332743856484
1102,378,1480,0.11318293605481078
1103,377,1480,0.11324434854104304
1117,382,1499,0.11330250187354995
1121,384,1505,0.11332740587516488
1124,379,1503,0.11334044007345973
1120,386,1506,0.1133463782368737
1128,389,1517,0.11335883851949571
1132,384,1516,0.11335245549334967
1133,379,1512,0.11333898284126316
1123,379,1502,0.11332504951752145
1125,384,1509,0.11333007950487779
1104,385,1489,0.11333397363435005
1117,385,1502,0.11338665052177019
1116,382,1498,0.11340472750371808
1109,383,1492,0.11342600095315036
1106,378,1484,0.11345974797197894
1110,378,1488,0.11349684546872858
1122,380,1502,0.11352146618181727
1126,381,1507,0.1135156314599476
1131,383,1514,0.11349973580800288
1132,383,1515,0.11347315369464422
1130,388,1518,0.1134488625523252
1109,389,1498,0.1134337321557225
1109,388,1497,0.11346586046391983
1117,394,1511,0.11349678428514196
1105,387,1492,0.11350831118872864
1095,381,1476,0.11354431516892607
1106,380,1486,0.11359798239872601
1110,385,1495,0.11362445235633163
1105,386,1491,0.11363672271714145
1119,390,1509,0.11366078553856837
1110,390,1500,0.11364858535898184
1107,387,1494,0.11366148341409728
1112,395,1507,0.11367836854807066
1114,404,1518,0.11368310798630954
1104,403,1507,0.1136844054137052
1119,402,1521,0.1137093758522318
1116,399,1515,0.11370058080632578
1108,398,1506,0.1136987644533363
1096,399,1495,0.11371750977532984
1108,398,1506,0.11376079632263031
1106,393,1499,0.1137732782787694
1093,389,1482,0.11378933328177145
1097,394,1491,0.11383136185175101
1099,397,1496,0.11385834337397456
1092,396,1488,0.11388173860367846
1084,399,1483,0.11391856931541877
1087,403,1490,0.11397018700861075
1083,403,1486,0.1140119418810798
1080,406,1486,0.11406224578518481
1077,403,1480,0.11411593191678567
1088,409,1497,0.11417492683740406
1091,409,1500,0.11420458374097883
1091,409,1500,0.11422421962273667
1097,407,1504,0.11424242820862571
1089,408,1497,0.11424688274920043
1079,410,1489,0.11427010001619113
1097,404,1501,0.11431613327211468
1086,409,1495,0.11431765419865439
1097,411,1508,0.11434416349573788
1079,404,1483,0.11434337174266648
1087,399,1486,0.11438416788919532
1088,404,1492,0.11439681474890033
1095,413,1508,0.11440799292569706
1106,413,1519,0.11440213262382329
1093,402,1495,0.11437428407811374
1093,392,1485,0.11437768363704987
1086,394,1480,0.11438197408803831
1088,392,1480,0.11440027239257271
1080,389,1469,0.11441003609912308
1080,399,1479,0.11443613580817168
1089,402,1491,0.11446112546108983
1077,402,1479,0.11446758435621987
1078,410,1488,0.11450360126028716
1079,413,1492,0.11453596504438629
1097,409,1506,0.11456457627215925
1107,415,1522,0.11454742683194716
1092,413,1505,0.11450883258815811
1103,416,1519,0.11450820821039223
1104,410,1514,0.11448415492103674
1107,413,1520,0.11445923544105512
1082,405,1487,0.1144288949808604
1083,409,1492,0.1144584790937365
1093,409,1502,0.11448504113013483
1096,407,1503,0.1144836859795137
1096,407,1503,0.1144772104329871
1092,406,1498,0.11447103156788556
1097,407,1504,0.11447433470760032
1106,408,1514,0.11446685473781351
1097,409,1506,0.11443555675392435
1099,403,1502,0.1144278233779998
1102,401,1503,0.11441899941192617
1099,403,1502,0.11440404023194901
1090,401,1491,0.11439612630861276
1095,399,1494,0.1144124860652268
1077,398,1475,0.11441618718007217
1086,398,1484,0.11446176666917801
1085,402,1487,0.11448433487959798
1087,402,1489,0.11450852608384089
1089,397,1486,0.11452590027807397
1098,401,1499,0.11453807867241476
1097,402,1499,0.11452497272801505
1092,406,1498,0.11451389805784393
1099,404,1503,0.11451694272073705
1101,410,1511,0.11449959444503803
1098,411,1509,0.11447985038518635
1095,401,1496,0.11447011152957075
1088,404,1492,0.11446747385351276
1078,409,1487,0.11448337331377187
1078,416,1494,0.11452225476664242
1079,412,1491,0.11455831566413234
1088,421,1509,0.11458909356824097
1083,421,1504,0.11459776221389877
1065,421,1486,0.1146197579206014
1068,427,1495,0.11467625762684794
1078,429,1507,0.11472411909872811
1081,425,1506,0.11474387767842774
1079,431,1510,0.1147591429988628
1072,429,1501,0.11477866046373558
1064,428,1492,0.11481272554559332
1068,425,1493,0.11486290445424953
1063,430,1493,0.11489676694663835
1068,435,1503,0.11493968859853147
1070,431,1501,0.11496776902353573
1077,426,1503,0.11498822425467459
1083,424,1507,0.11499069858196725
1071,424,1495,0.11497923500739052
1078,438,1516,0.11499664516789
1097,432,1529,0.11499595627617869
1087,430,1517,0.11495400836415809
1076,433,1509,0.11493885191943656
1085,435,1520,0.11495011564001122
1076,434,1510,0.11494088466675531
1074,438,1512,0.11495111985689008
1079,441,1520,0.11496706326733885
1075,441,1516,0.11496817075135908
1076,434,1510,0.11498016216254324
1073,434,1507,0.1149902796500476
1069,442,1511,0.11500198143153625
1060,443,1503,0.11502443608684104
1050,444,1494,0.1150652185692623
1049,446,1495,0.11513079127851944
1052,450,1502,0.11519488191919333
1057,456,1513,0.1152458611181913
1047,456,1503,0.1152846436409163
1052,450,1502,0.11534493481607852
1043,453,1496,0.11539036725458111
1044,450,1494,0.11545347173558403
1047,451,1498,0.11551187429597619
1060,462,1522,0.11555881853620636
1060,460,1520,0.1155714513887765
1052,456,1508,0.11558485372630134
1062,453,1515,0.11561143311221482
1055,445,1500,0.1156113539579621
1049,444,1493,0.11562567262968422
1044,443,1487,0.11565409365912925
1054,444,1498,0.1156953414516933
1058,434,1492,0.11570943783261062
1045,438,1483,0.11571474084512173
1053,445,1498,0.11574652944533856
1043,454,1497,0.11575718767622156
1050,453,1503,0.11579209764066287
1048,453,1501,0.1158082101861626
1049,455,1504,0.11582910453465661
1051,463,1514,0.11584621139933172
1051,464,1515,0.1158586394541301
1055,470,1525,0.11587163795531356
1038,465,1503,0.11587437956657684
1035,471,1506,0.11591501379835627
1021,474,1495,0.11596171274714034
1024,479,1503,0.11604021041593239
1033,475,1508,0.11610490076161897
1027,470,1497,0.1161426119409754
1032,469,1501,0.11619237979376316
1027,470,1497,0.1162261082177784
1023,472,1495,0.1162680996147652
1027,468,1495,0.1163148938335223
1028,463,1491,0.11635231418030699
1027,467,1494,0.11638297852321923
1031,472,1503,0.11641381425898725
1034,476,1510,0.11643087742075421
1030,473,1503,0.11644067533219093
1031,478,1509,0.11646217958260613
1038,482,1520,0.1164798236527609
1037,486,1523,0.11648047779701855
1045,484,1529,0.11648436745120624
1037,479,1516,0.11647230605548259
1029,482,1511,0.11647816368219456
1022,487,1509,0.11650210466253426
1017,485,1502,0.11654054042367083
1023,482,1505,0.11658738303414318
1016,474,1490,0.11661787909144372
1010,477,1487,0.11666078986917737
1010,482,1492,0.1167143068537296
1006,486,1492,0.11676457527879508
995,494,1489,0.11682055295550281
987,495,1482,0.11689911217305006
988,502,1490,0.11699230236991699
989,504,1493,0.11707512401012878
986,497,1483,0.11715002866548734
985,495,1480,0.11722582688911819
992,501,1493,0.117299250783094
989,505,1494,0.11735061138652438
1001,509,1510,0.11740325955298511
1005,508,1513,0.11742552043032045
1002,513,1515,0.11743737790719287
993,501,1494,0.1174567218902699
994,497,1491,0.11749515570750167
998,498,1496,0.11752472249125717
997,502,1499,0.11754414499406977
992,507,1499,0.11756330412292698
999,510,1509,0.11759225040979564
996,517,1513,0.11760263563407497
1000,513,1513,0.11761964290657484
991,513,1504,0.11763002750077556
988,515,1503,0.11766409148947918
981,522,1503,0.11769953424298767
976,517,1493,0.11774882866227782
977,525,1502,0.11780888038208953
969,533,1502,0.11786235815504835
968,541,1509,0.11793118013513632
965,541,1506,0.11799818916023146
961,547,1508,0.11806828008392133
961,539,1500,0.11814515139710256
958,535,1493,0.11821603794010058
954,534,1488,0.11828817865030791
962,538,1500,0.11836577982558197
965,531,1496,0.11841929399135204
968,536,1504,0.11846256240503099
953,536,1489,0.11849239418363905
959,544,1503,0.1185552116046707
961,550,1511,0.11859981790873673
955,542,1497,0.1186394278569526
954,544,1498,0.11868830503698698
960,542,1502,0.11873652203172735
962,544,1506,0.11876894714052615
959,541,1500,0.11878826029590407
957,541,1498,0.1188144865450418
946,549,1495,0.11884312777426218
937,553,1490,0.1188973615478307
947,549,1496,0.1189704656019384
950,550,1500,0.1190179346313375
944,552,1496,0.11905314768898365
955,550,1505,0.11909971366594449
962,546,1508,0.11911628637216377
956,547,1503,0.11911384588512122
956,550,1506,0.11912403632033594
960,551,1511,0.1191325274094196
960,558,1518,0.11913226937658099
954,541,1495,0.11913299459032897
948,551,1499,0.11914885472998066
956,546,1502,0.11918152549480576
947,550,1497,0.11919508377900975
939,555,1494,0.11922712701873056
951,551,1502,0.1192748500825665
946,554,1500,0.11928817193674565
937,561,1498,0.11931436175965203
925,560,1485,0.11936026934347672
924,566,1490,0.11943194297071401
933,564,1497,0.11949911485208296
940,567,1507,0.119538766362395
942,570,1512,0.11955800663361987
939,573,1512,0.11957393159413822
930,574,1504,0.11959592900715052
938,567,1505,0.1196356235352505
939,564,1503,0.11965608251327325
941,559,1500,0.11967638975446061
929,567,1496,0.11968968745567267
936,567,1503,0.1197245569742807
935,565,1500,0.119741293499196
933,559,1492,0.11976121866110281
940,559,1499,0.11978456456075363
943,558,1501,0.11979152269030177
942,560,1502,0.11979081655521147
950,557,1507,0.11979187861234399
948,559,1507,0.1197770896044552
955,562,1517,0.11976415727389664
948,557,1505,0.11974163236142114
955,566,1521,0.11973869666886999
942,572,1514,0.11971794911512149
936,557,1493,0.11972773579710815
926,564,1490,0.11975082432170278
930,568,1498,0.11979441167150698
920,569,1489,0.11982559246003716
911,577,1488,0.11987981005452564
930,579,1509,0.11994982549213408
929,565,1494,0.11996982601068108
936,571,1507,0.11999047186508843
917,570,1487,0.11999291217959404
932,578,1510,0.12003854105297719
930,585,1515,0.12004561064327962
919,587,1506,0.1200590093296724
918,589,1507,0.1200974230199872
915,597,1512,0.12013613750603203
906,605,1511,0.12017876947990903
910,600,1510,0.12023836742452218
908,604,1512,0.12028707711399424
910,598,1508,0.12033728383662513
902,593,1495,0.12038016765967428
902,596,1498,0.12043797968013358
898,602,1500,0.1204944347945837
902,596,1498,0.12055658367058601
892,593,1485,0.12060649047892333
899,597,1496,0.12067444922063747
892,592,1484,0.12071941753512483
880,592,1472,0.120776969045576
885,598,1483,0.1208610169693136
882,604,1486,0.12092906162960797
882,609,1491,0.12099982636253104
874,609,1483,0.12106328400906483
876,606,1482,0.12113881296704497
893,610,1503,0.12120442507116058
894,611,1505,0.12122193848263164
881,621,1502,0.12123370000824142
891,630,1521,0.1212786311118591
884,624,1508,0.12129827479783292
878,612,1490,0.12133560389824449
879,609,1488,0.12138479769111205
880,622,1502,0.12142853666270995
874,618,1492,0.12146379450803213
882,623,1505,0.1215109755518267
891,615,1506,0.12153842244905225
889,615,1504,0.12154117794395698
890,618,1508,0.12154841919829713
885,623,1508,0.12155380301351514
884,623,1507,0.12157300336162292
881,619,1500,0.12159525578572332
873,619,1492,0.12162137670546727
888,623,1511,0.12166370930617595
890,610,1500,0.12167038056432478
889,606,1495,0.12166970145589082
886,606,1492,0.12167283847936475
887,613,1500,0.12168528689594275
884,612,1496,0.12169135703487352
879,614,1493,0.12170465960257432
891,608,1499,0.1217255794223312
898,602,1500,0.12171541039888308
898,605,1503,0.12169257848100708
898,601,1499,0.12166891440738863
907,608,1515,0.12164563625144156
906,606,1512,0.12160441720079318
911,600,1511,0.12156615093672726
919,597,1516,0.12152112745361002
912,602,1514,0.12145841082019139
904,605,1509,0.12141728719198484
907,600,1507,0.1214014283220336
908,605,1513,0.1213792654320692
913,601,1514,0.12135872165802213
911,607,1518,0.12132900029390079
899,609,1508,0.12130683012822625
892,605,1497,0.12131039695068747
890,603,1493,0.12133317814586507
894,599,1493,0.12135896597086174
893,607,1500,0.12137130578225876
898,615,1513,0.12137768719754329
907,610,1517,0.12137457667308608
904,603,1507,0.1213521803258275
900,604,1504,0.12133941091004745
899,605,1504,0.12133797135512477
897,597,1494,0.12133756717766397
890,601,1491,0.12134305880209367
901,601,1502,0.12136463631962183
897,597,1494,0.12136004533262618
887,603,1490,0.12136764226670209
888,600,1488,0.12139940063310065
889,599,1488,0.12142489624249798
898,603,1501,0.12144793718199803
901,607,1508,0.12145121178359491
893,605,1498,0.12144673238804549
892,604,1496,0.121464371927687
893,608,1501,0.12148268778766394
893,603,1496,0.12149929185828011
894,593,1487,0.12150985333585491
894,601,1495,0.12151694988995727
886,613,1499,0.1215233363024398
896,612,1508,0.12154658505648738
887,617,1504,0.12154649289565064
893,615,1508,0.12156924420143386
888,620,1508,0.12157686880387164
893,613,1506,0.12159419095367657
897,625,1522,0.12159830979971556
886,627,1513,0.12159324906815545
886,624,1510,0.12161246861793878
891,625,1516,0.1216321157337321
885,626,1511,0.12163848246887035
885,619,1504,0.12166013151398991
878,611,1489,0.12167978836683074
881,622,1503,0.12171169419812976
873,624,1497,0.12173610312664827
879,624,1503,0.12177651426795137
872,628,1500,0.12179714317932948
880,619,1499,0.1218346610110746
882,620,1502,0.12185031419461431
883,619,1502,0.12185919493978271
881,607,1488,0.12186631659174577
883,607,1490,0.12187760123704332
885,619,1504,0.12188296932199773
875,622,1497,0.12188303406350882
864,618,1482,0.12190580947532294
873,616,1489,0.12195469410176103
886,617,1503,0.12197758031839986
880,623,1503,0.1219680797599295
875,627,1502,0.12197454054977275
874,626,1500,0.12199191291136476
883,625,1508,0.12201127258620026
882,622,1504,0.12200635001912502
880,623,1503,0.12200678445640734
876,624,1500,0.12201436196835229
874,626,1500,0.12202946456599628
879,627,1506,0.12204969815476857
893,632,1525,0.12205569352841276
885,624,1509,0.12203137843845319
882,614,1496,0.12202757790994898
871,613,1484,0.12202968171087775
872,607,1479,0.12205600005000906
878,611,1489,0.12207289115438265
874,619,1493,0.12207512396564792
882,621,1503,0.12208847260041834
870,624,1494,0.1220773201421329
885,630,1515,0.12209556279309641
870,624,1494,0.12207820019083676
869,622,1491,0.1221001941545556
864,625,1489,0.1221229535959414
866,621,1487,0.12215403908681885
863,628,1491,0.12217800827539584
872,628,1500,0.12220951000845752
861,625,1486,0.12221792620914806
858,627,1485,0.12224903430696116
858,619,1477,0.12228643827345412
869,627,1496,0.1223197856062936
871,630,1501,0.12232612923952409
863,634,1497,0.12232774564027857
859,628,1487,0.12235024902454361
852,631,1483,0.1223802644146318
850,642,1492,0.12242310245048403
844,647,1491,0.12246799347007296
848,653,1501,0.12252233060134658
849,649,1498,0.12256628660354413
849,657,1506,0.12260507230045686
846,667,1513,0.1226442639325423
844,671,1515,0.1226899053505003
848,669,1517,0.1227381254373513
840,674,1514,0.12277566555862375
834,683,1517,0.12282924504386887
826,681,1507,0.12289324550954323
823,680,1503,0.12297429513229191
819,693,1512,0.12305809058827913
817,687,1504,0.1231443538395672
820,688,1508,0.1232259607631686
819,696,1515,0.12329868925605726
810,695,1505,0.12336930084010916
807,693,1500,0.12345767841405195
809,696,1505,0.12354872166586275
817,697,1514,0.12362694519373996
801,704,1505,0.12367923536999989
798,699,1497,0.1237650718791069
793,699,1492,0.12385059661223556
800,704,1504,0.12394363662630063
783,698,1481,0.12401513710002533
787,706,1493,0.12412394324890749
799,702,1501,0.12420940419926924
800,697,1497,0.124262726001781
798,695,1493,0.12430793016358066
802,697,1499,0.12435332334372017
802,701,1503,0.12438192029883091
794,691,1485,0.12440419392431473
801,689,1490,0.12444564983914377
810,693,1503,0.12446663222519845
809,689,1498,0.12446990388866976
809,692,1501,0.12447796320662191
803,698,1501,0.12448003771969617
803,699,1502,0.12449650781683058
801,703,1504,0.12451283271690375
815,707,1522,0.12453488840952387
808,714,1522,0.12452077620328471
797,711,1508,0.1245252381781325
806,716,1522,0.12455700037738911
809,718,1527,0.12456760318734075
808,715,1523,0.12457426124257566
814,716,1530,0.12458063158878006
806,710,1516,0.12457571336674846
805,703,1508,0.12458936360632462
798,712,1510,0.12460594229364702
794,721,1515,0.1246393859260872
795,717,1512,0.12468125069926568
798,730,1528,0.12471908878670376
788,726,1514,0.12474903832310336
795,722,1517,0.12479983807274111
786,719,1505,0.12483108252340887
783,723,1506,0.12487877464937398
790,721,1511,0.12493206899485056
788,723,1511,0.12496485656802594
791,728,1519,0.12499774500623843
796,722,1518,0.12502306626631624
794,725,1519,0.1250338509537564
785,721,1506,0.1250484179332071
778,719,1497,0.12508461288020178
777,729,1506,0.12513583097666703
771,736,1507,0.1251866203921043
777,736,1513,0.12524598222875608
779,738,1517,0.12528601971417916
770,729,1499,0.12531890035631765
775,724,1499,0.12536805796895695
772,731,1503,0.12540389983095646
768,723,1491,0.1254464771244715
764,732,1496,0.12549483640061462
763,740,1503,0.12554595518995926
764,737,1501,0.12559748269467783
772,744,1516,0.12564265953238074
764,749,1513,0.12566672045197408
763,738,1501,0.1257095562827268
767,743,1510,0.1257495467522868
760,742,1502,0.12577706287805865
756,746,1502,0.1258197760053717
754,742,1496,0.12587125518421766
748,755,1503,0.1259248704164654
753,753,1506,0.12598890904022586
756,754,1510,0.12603705026510093
763,750,1513,0.12607154962711314
751,751,1502,0.12608814521943437
751,750,1501,0.12613144766510195
750,753,1503,0.1261728609724852
749,752,1501,0.1262133523372038
758,752,1510,0.12625420228359083
748,760,1508,0.1262742433386499
748,745,1493,0.12631563120503814
746,755,1501,0.12634994792996931
740,758,1498,0.12638553870533054
738,758,1496,0.12643417490512932
745,757,1502,0.1264851769645562
747,772,1519,0.12651721548557376
732,777,1509,0.12654366343265178
740,776,1516,0.12660079405576577
738,769,1507,0.12663438748723227
729,771,1500,0.12666965166930466
732,778,1510,0.126721586417688
731,777,1508,0.12676448368536788
733,771,1504,0.12680612106461514
738,768,1506,0.1268385863450864
750,763,1513,0.12685682815076477
736,762,1498,0.1268466685398731
739,772,1511,0.12687194022174153
726,770,1496,0.1268889940094507
719,768,1487,0.1269349281019806
729,766,1495,0.12699506849274403
743,773,1516,0.12702872090368858
746,780,1526,0.12702904668530343
729,780,1509,0.12702493420019967
725,783,1508,0.12706370666317157
724,790,1514,0.12711010191393363
714,787,1501,0.12715654486258227
719,786,1505,0.12722328007466377
719,792,1511,0.1272738550775247
719,797,1516,0.12731967136166605
715,804,1519,0.12736251347538932
712,797,1509,0.12741489127421995
716,791,1507,0.12746821153357435
719,797,1516,0.12750870370765294
716,801,1517,0.12754206691871534
715,804,1519,0.1275809513744011
717,798,1515,0.1276202648001899
708,801,1509,0.12765139808841866
708,804,1512,0.1277046128707541
707,804,1511,0.1277552785667549
705,813,1518,0.1278033072109199
705,816,1521,0.12784904785745646
708,814,1522,0.12788972477995642
706,812,1518,0.12792015863674236
707,809,1516,0.1279515465180021
707,813,1520,0.12797801563998817
713,806,1519,0.12800339672286642
705,809,1514,0.1280150135498964
702,816,1518,0.12804501223714357
690,818,1508,0.12807904818783714
688,805,1493,0.12813966141717398
688,809,1497,0.12820089636568405
698,813,1511,0.12825957383288739
703,826,1529,0.12829079893132692
696,826,1522,0.12830862340710622
693,828,1521,0.1283409744940888
685,826,1511,0.12838088960515723
682,827,1509,0.12843574634608465
680,825,1505,0.1284893353804124
681,822,1503,0.1285449330792642
677,829,1506,0.12859517121043343
670,827,1497,0.12865350041907256
679,836,1515,0.12872411360705655
675,832,1507,0.12876592182582425
682,832,1514,0.12881629261581679
676,840,1516,0.12884789644658898
678,835,1513,0.12889254428863736
676,848,1524,0.12893214460692592
661,842,1503,0.1289743098337508
658,846,1504,0.12904758279833636
653,844,1497,0.12912310891676834
660,850,1510,0.12920397927479313
657,851,1508,0.12926024664909255
660,855,1515,0.12932091358600106
658,847,1505,0.1293721258068993
648,849,1497,0.12942336976336236
656,855,1511,0.12949335618731006
665,854,1519,0.12954285403502142
655,848,1503,0.12956734977949824
658,843,1501,0.1296138900216778
658,846,1504,0.12965165473006518
645,855,1500,0.12968734414920965
645,867,1512,0.1297485232908675
648,870,1518,0.12980545781799913
650,861,1511,0.12985268407717904
644,855,1499,0.12989413321966542
638,855,1493,0.12994720389233083
634,852,1486,0.1300096427898503
633,861,1494,0.13007845799454731
638,862,1500,0.13014456652505849
636,870,1506,0.13019630012786707
625,871,1496,0.13024673291446123
633,869,1502,0.1303193926283127
639,871,1510,0.13037024990269244
646,872,1518,0.13040409429476377
635,856,1491,0.1304165668191958
632,852,1484,0.13045653810917443
639,869,1508,0.13050032544202392
640,872,1512,0.1305240742213302
631,870,1501,0.13054425354906718
623,877,1500,0.1305831487508717
621,880,1501,0.13063944992364912
626,883,1509,0.13069438376715692
628,880,1508,0.13073476232686235
630,876,1506,0.13076570692636333
633,866,1499,0.1307908402538332
628,869,1497,0.1308063045265795
624,884,1508,0.13082973915611876
617,887,1504,0.1308639206252844
613,892,1505,0.13091418727149892
618,895,1513,0.13097058995463912
606,896,1502,0.13101072658332846
611,884,1495,0.13107672523226876
616,877,1493,0.13112730805543765
625,889,1514,0.1311603253140251
632,892,1524,0.1311688250633712
623,893,1516,0.1311601000740194
622,886,1508,0.13117447250790107
618,887,1505,0.13119126191622327
620,878,1498,0.13121492975145607
623,878,1501,0.1312289016557466
620,885,1505,0.13123497090357694
621,885,1506,0.13124819090993395
620,874,1494,0.13125965970924472
611,884,1495,0.13127538167168257
621,888,1509,0.1313112102065957
626,884,1510,0.13131796659452846
633,870,1503,0.13130985265347475
633,876,1509,0.13128666946351258
631,875,1506,0.131266637700808
626,885,1511,0.13125331216188424
616,889,1505,0.13125127843664366
621,884,1505,0.13127475244832026
626,882,1508,0.1312876737692374
623,886,1509,0.13128772556354215
612,897,1509,0.1312936408056002
612,892,1504,0.13132524741232005
608,894,1502,0.13135199840011613
616,893,1509,0.13138777629069803
617,893,1510,0.13140356040832354
614,888,1502,0.13141602965046373
612,889,1501,0.131436823003555
613,890,1503,0.1314577103450521
611,875,1486,0.13147774273308704
619,887,1506,0.13150152421111513
620,884,1504,0.13150507310278695
619,887,1506,0.13150339724491478
615,887,1502,0.13150566153042345
617,894,1511,0.1315185637411091
621,891,1512,0.13152680214099585
614,888,1502,0.13152292651702197
614,890,1504,0.13153502534865194
613,914,1527,0.13154354442238467
615,908,1523,0.13155430087127354
611,906,1517,0.13155977208942135
607,895,1502,0.13157672550543872
601,902,1503,0.1316024459784401
598,899,1497,0.13164089246526084
598,890,1488,0.13168328303461327
603,895,1498,0.13172453266565676
599,890,1489,0.13175088548670416
610,884,1494,0.13178452933552973
613,888,1501,0.13178562880130848
626,900,1526,0.13178229503105426
621,890,1511,0.13174955976064556
610,886,1496,0.1317285468156997
622,884,1506,0.13173548831782225
613,891,1504,0.13171371564741935
611,899,1510,0.13171284605056974
612,897,1509,0.13171882409396965
615,898,1513,0.13172171052300985
616,898,1514,0.13171748300342873
598,901,1499,0.13171416054984417
598,901,1499,0.13175191100153769
603,908,1511,0.13178751775762954
602,910,1512,0.13181038083418092
594,915,1509,0.13183349303420389
593,907,1500,0.13187566713396034
591,917,1508,0.13191598243847683
590,915,1505,0.1319589982252521
588,903,1491,0.13200227852260185
589,904,1493,0.1320471651404404
587,908,1495,0.13208687540272057
591,912,1503,0.13212851059043057
601,907,1508,0.13215739321156747
601,910,1511,0.13215847877142925
593,916,1509,0.13216056160693865
593,908,1501,0.13218310173013048
592,908,1500,0.13220327921205186
592,908,1500,0.13222314565322285
588,912,1500,0.13224176243847413
587,921,1508,0.13226942231601732
582,921,1503,0.1322992753462965
585,914,1499,0.1323398084599121
586,918,1504,0.13237092885463414
585,913,1498,0.13239508063892313
589,909,1498,0.13241984659570544
589,921,1510,0.1324310019320617
576,917,1493,0.13244436338039367
577,917,1494,0.1324892391525359
573,915,1488,0.1325270623924537
575,927,1502,0.13257106962591692
577,930,1507,0.1326066248820525
585,921,1506,0.13263517071775027
579,915,1494,0.13264323896808108
579,905,1484,0.13266615738929852
573,920,1493,0.13268629435145068
568,925,1493,0.1327182297729554
569,940,1509,0.1327572283370566
566,938,1504,0.13278934184788954
567,940,1507,0.13282893269832255
564,946,1510,0.13286418452963164
569,940,1509,0.13290443848731004
572,941,1513,0.1329295180818165
568,934,1502,0.13294692645648148
577,944,1521,0.13297399617407932
572,944,1516,0.13297942378265154
572,930,1502,0.13299456072011046
575,925,1500,0.13300941102949865
570,934,1504,0.13301728076382982
576,940,1516,0.13303727015089742
568,950,1518,0.13303811628799692
565,953,1518,0.13305883943074773
567,961,1528,0.13308594918853514
560,960,1520,0.1331078987159698
555,957,1512,0.1331445513297176
553,953,1506,0.133193086941974
569,948,1517,0.13324485270210595
571,943,1514,0.13325164714082904
563,947,1510,0.13325324252395904
567,951,1518,0.1332760876762344
564,950,1514,0.13328938890972977
559,959,1518,0.1333102208190835
555,947,1502,0.13334287591885083
556,935,1491,0.13337929997632997
568,933,1501,0.13341025443213453
563,924,1487,0.13340625671997627
568,940,1508,0.13341600350623556
567,940,1507,0.1334108543435462
567,946,1513,0.13340849561099752
563,941,1504,0.1334058054674184
558,944,1502,0.1334117247701995
556,938,1494,0.13343103492055877
557,945,1502,0.13345451080132872
554,946,1500,0.13347560246862689
559,942,1501,0.13350321105965438
557,940,1497,0.1335150489618339
550,955,1505,0.13353150996166777
560,957,1517,0.13356301699766734
564,958,1522,0.13356909413860144
572,958,1530,0.1335657433014207
564,953,1517,0.13354369409342526
559,943,1502,0.13354389782334533
549,955,1504,0.13355694304619578
555,955,1510,0.13359204318920515
562,951,1513,0.13361526315810035
553,951,1504,0.13361952003939198
555,949,1504,0.13364264334673812
550,950,1500,0.13366201041074047
554,950,1504,0.13369300495736156
554,951,1505,0.13371036321968263
557,941,1498,0.13372445414635092
559,950,1509,0.13373106599344634
558,956,1514,0.13373302933971348
558,956,1514,0.13373705747883277
568,949,1517,0.13374141353113259
561,953,1514,0.1337229259236688
563,956,1519,0.13372144998737437
557,953,1510,0.13371489716922474
555,950,1505,0.13372385153022212
551,949,1500,0.13373617645729485
544,955,1499,0.13375815815139946
549,951,1500,0.1337933526253961
545,958,1503,0.13381211622557818
561,961,1522,0.13383928848250154
553,964,1517,0.1338289367273263
553,970,1523,0.13383615850037894
553,966,1519,0.13384448915268393
559,967,1526,0.13385165107371969
563,974,1537,0.13384615190540886
555,978,1533,0.1338322388666116
552,967,1519,0.13383709260135085
552,961,1513,0.13384739437716017
549,963,1512,0.1338584075746504
548,961,1509,0.13387846528403113
543,958,1501,0.13389865839202428
548,966,1514,0.1339271029548387
542,969,1511,0.13394057136812176
545,972,1517,0.13396740114630848
541,966,1507,0.13398783428745553
541,964,1505,0.13401491352966333
539,976,1515,0.13404094414070147
538,977,1515,0.13406960619645933
545,964,1509,0.13409961820544972
550,970,1520,0.13411302631329097
559,955,1514,0.13411237068966853
554,951,1505,0.1340886707257161
552,950,1502,0.13407812139608807
553,956,1509,0.13407437780616807
545,968,1513,0.13406987483325747
541,961,1502,0.13408352457411893
530,970,1500,0.13410587357010648
532,983,1515,0.13415293413010929
521,978,1499,0.13419288989448747
517,991,1508,0.13425623710823667
522,1000,1522,0.13432581234177715
521,998,1519,0.13437882774285687
512,994,1506,0.13443000773539818
518,992,1510,0.13449727423318436
518,989,1507,0.13454421049141824
525,995,1520,0.134588520509375
513,1000,1513,0.1346134905371584
515,996,1511,0.1346647531905501
520,993,1513,0.13470953571464436
517,983,1500,0.13474122527204396
510,983,1493,0.13477719038215774
512,990,1502,0.1348239164723343
513,996,1509,0.13486404514866723
522,993,1515,0.13489721947856367
530,988,1518,0.1349078377784807
523,993,1516,0.13489986390722866
520,991,1511,0.13491031163820288
521,987,1508,0.1349266175054015
518,987,1505,0.1349399254141838
524,983,1507,0.13496010761663998
523,980,1503,0.1349651884290952
522,992,1514,0.13497424128278482
515,999,1514,0.13498545552435207
513,992,1505,0.13501199392244295
508,986,1494,0.13503965394995668
512,995,1507,0.13507886151510132
509,983,1492,0.13510596867988955
508,994,1502,0.13513835645536665
505,1011,1516,0.13517254863890987
497,1016,1513,0.13521018191335568
496,1017,1513,0.1352642316624049
495,1007,1502,0.13531683300656056
496,1011,1507,0.13536918514151788
490,1008,1498,0.13541322694384905
493,1004,1497,0.13546916038632603
495,1022,1517,0.13551151257838215
490,1021,1511,0.13554354530990279
487,1021,1508,0.13558601291111738
481,1010,1491,0.1356339269831831
476,1017,1493,0.1356937066301217
475,1025,1500,0.1357615324579769
479,1037,1516,0.1358282771307164
475,1034,1509,0.13588213160844512
478,1033,1511,0.13593932598723085
469,1031,1500,0.13598447913367728
481,1029,1510,0.1360483398626736
484,1030,1514,0.13608012837351155
480,1016,1496,0.13610091646847133
495,1020,1515,0.13612885394510257
484,1013,1497,0.13612139078238727
491,1019,1510,0.1361370940102943
488,1018,1506,0.13613729137366692
488,1034,1522,0.13614800952919423
479,1029,1508,0.1361574360121173
481,1021,1502,0.13618714577020977
478,1027,1505,0.1362119536623977
480,1026,1506,0.13624363945076057
475,1030,1505,0.13626788147880065
471,1026,1497,0.13630279622744296
471,1032,1503,0.13634483216105028
472,1037,1509,0.13638299185148103
481,1030,1511,0.1364146732589957
475,1043,1518,0.1364204534059398
481,1038,1519,0.13643989287724448
485,1030,1515,0.13644356632486285
488,1014,1502,0.13643595509063838
480,1021,1501,0.1364239136658992
482,1024,1506,0.13643165357465958
487,1048,1535,0.13643621552905189
479,1059,1538,0.13642900323883628
478,1046,1524,0.13644367691367595
473,1040,1513,0.13646095624397878
473,1051,1524,0.13648628092017326
465,1043,1508,0.13651087017580743
462,1048,1510,0.1365525501786381
459,1048,1507,0.13659870020771275
465,1051,1516,0.13664812787551767
460,1043,1503,0.13668068875619194
461,1052,1513,0.13672269204278645
463,1046,1509,0.136760873395734
465,1047,1512,0.13679121429751834
471,1049,1520,0.1368141286787016
471,1043,1514,0.13682227190836826
464,1048,1512,0.13683222377323387
472,1047,1519,0.13685851619019387
464,1032,1496,0.13686344500187794
463,1023,1486,0.1368856153478242
470,1022,1492,0.13690850232065113
467,1029,1496,0.13691440863847038
470,1033,1503,0.1369263501646066
469,1036,1505,0.13692995400408914
459,1034,1493,0.13693761071647662
463,1022,1485,0.13696818297703472
463,1025,1488,0.13698330122503544
464,1043,1507,0.13699784391561745
464,1045,1509,0.13700953919010891
466,1055,1521,0.13702117533324312
460,1058,1518,0.137027763191456
458,1072,1530,0.13704819114825006
456,1069,1525,0.13707089774587072
454,1065,1519,0.13709868124530053
454,1059,1513,0.1371275600189704
462,1070,1532,0.13715700810949788
465,1075,1540,0.13716363772279283
462,1074,1536,0.13716223800059255
454,1055,1509,0.13716630938204546
457,1065,1522,0.13718707596033905
458,1074,1532,0.1372008084688422
455,1068,1523,0.1372104886112546
454,1063,1517,0.13722830503084033
447,1068,1515,0.13724712938600347
444,1071,1515,0.13728160276579263
442,1069,1511,0.1373209344803484
442,1069,1511,0.13736438387392272
452,1063,1515,0.13740524145731145
459,1062,1521,0.13741928262303305
453,1064,1517,0.13741848365662582
448,1068,1516,0.13743225952765012
447,1066,1513,0.1374570124619676
448,1063,1511,0.13748285327128507
450,1059,1509,0.13750500730192808
444,1071,1515,0.1375205916577531
440,1072,1512,0.13754909194459955
438,1069,1507,0.13758269887654326
430,1076,1506,0.13761906685590333
425,1071,1496,0.1376724093546567
422,1076,1498,0.1377352941435287
421,1086,1507,0.1378021718082103
426,1084,1510,0.13786699049173706
422,1085,1507,0.13791504987622324
425,1093,1518,0.1379677373762994
426,1088,1514,0.13800743701224305
421,1090,1511,0.13804395110721007
419,1085,1504,0.13808872733372388
417,1097,1514,0.1381365120057225
420,1092,1512,0.13818412454328996
416,1087,1503,0.13821992107966735
418,1096,1514,0.13826148543627526
414,1098,1512,0.13829397813660926
421,1093,1514,0.13833547167322363
415,1092,1507,0.1383576739965273
414,1090,1504,0.13839303348153695
415,1080,1495,0.13842999181414176
412,1089,1501,0.1384638228405844
411,1090,1501,0.13850229945593856
411,1104,1515,0.1385375821974208
400,1106,1506,0.13857261566682877
409,1096,1505,0.13862990686185503
410,1093,1503,0.13866034766095114
412,1086,1498,0.13869032131622738
414,1088,1502,0.13871434207523037
415,1089,1504,0.13873087402805054
418,1088,1506,0.1387420479480392
412,1089,1501,0.1387444993015715
411,1093,1504,0.13876293857088354
410,1104,1514,0.13878394971372432
406,1105,1511,0.13880830414259207
399,1102,1501,0.13883675478235202
401,1093,1494,0.1388794656327179
400,1100,1500,0.1389151427006494
396,1111,1507,0.13895197984213026
397,1115,1512,0.13899562078560032
397,1117,1514,0.1390334026716502
401,1118,1519,0.13907012247038408
395,1113,1508,0.13909635185756886
399,1111,1510,0.13913523050445747
403,1112,1515,0.13915905427555003
398,1118,1516,0.13916977294983016
400,1115,1515,0.1391917742363315
396,1116,1512,0.13920769715832737
399,1115,1514,0.13923238803566856
396,1111,1507,0.13924693328035465
394,1113,1507,0.13926827425424274
393,1116,1509,0.1392927485521072
399,1112,1511,0.13931970824758952
403,1111,1514,0.13933012140246015
403,1117,1520,0.13933186525274152
398,1110,1508,0.13933416102872223
397,1110,1507,0.13934809859991873
396,1108,1504,0.1393628079261311
393,1099,1492,0.13938061217084302
390,1091,1481,0.13940339468362184
395,1084,1479,0.1394291531562061
403,1091,1494,0.13944154390793181
399,1104,1503,0.1394318994085509
402,1103,1505,0.13943290884310172
403,1108,1511,0.13942685759874227
399,1110,1509,0.13941931907682714
397,1108,1505,0.13942007635965978
398,1101,1499,0.1394267217165561
396,1108,1504,0.1394313613592703
403,1103,1506,0.13944227377994914
399,1095,1494,0.13943644009102682
403,1109,1512,0.1394386724503281
400,1103,1503,0.13943305358401165
403,1104,1507,0.1394352080668483
400,1099,1499,0.13943044799618423
394,1112,1506,0.13943326484071647
392,1117,1509,0.13944970927855152
390,1114,1504,0.13947044671738812
393,1121,1514,0.1394959074799848
386,1124,1510,0.13951127704500366
383,1120,1503,0.13954349466128824
391,1124,1515,0.13958035549573256
391,1116,1507,0.13959715008369172
387,1132,1519,0.13961296086980785
397,1120,1517,0.13963973339563704
403,1110,1513,0.13963834107226883
402,1112,1514,0.1396204767526661
399,1119,1518,0.1396068604132148
396,1127,1523,0.1395994842387674
397,1134,1531,0.13959743386186538
392,1119,1511,0.13959385427818585
388,1126,1514,0.1396047264451036
396,1121,1517,0.13962158506438715
395,1126,1521,0.1396209020700852
391,1116,1507,0.13962328030658372
389,1114,1503,0.1396352937282333
386,1112,1498,0.13965220937816422
392,1109,1501,0.13967380963476583
395,1116,1511,0.13968064469600205
395,1112,1507,0.1396783904961564
392,1118,1510,0.13967457825166216
389,1122,1511,0.1396789008050701
384,1134,1518,0.13969183294310702
386,1130,1516,0.13971690719216392
388,1131,1519,0.13973552453013635
387,1136,1523,0.13974962927633583
380,1133,1513,0.13976561396002157
379,1130,1509,0.13979624024308296
383,1127,1510,0.13982767911390137
383,1132,1515,0.13984782340212143
378,1126,1504,0.13986576594455394
375,1126,1501,0.13989313056215955
373,1127,1500,0.13992702686573044
382,1127,1509,0.13996059862904014
384,1134,1518,0.1399708724472392
384,1143,1527,0.13997528314680932
378,1134,1512,0.13998280905698182
379,1132,1511,0.14000384220895318
371,1130,1501,0.1400211075482947
377,1135,1512,0.14005510396794613
377,1147,1524,0.14007378386238803
370,1142,1512,0.140091964552581
370,1145,1515,0.14012554214442918
366,1145,1511,0.14015539303895777
376,1138,1514,0.14019111552853264
373,1142,1515,0.14020164428737267
369,1146,1515,0.14021955873561118
368,1141,1509,0.14024809339536318
368,1134,1502,0.14027647492497086
368,1146,1514,0.14030278032400725
365,1152,1517,0.14032870782221682
361,1150,1511,0.1403611411682479
358,1155,1513,0.14039949385064052
351,1154,1505,0.1404400471811319
350,1148,1498,0.1404935603402177
352,1142,1494,0.14054787088716933
348,1136,1484,0.1405926927475401
346,1142,1488,0.14064228489602956
341,1146,1487,0.14069474498500434
347,1160,1507,0.14075613037951565
349,1146,1495,0.14079983703372204
355,1150,1505,0.14083471176927115
350,1158,1508,0.14085332310667328
353,1147,1500,0.14088259086838445
352,1145,1497,0.14090385228371935
352,1154,1506,0.14092459517932227
350,1155,1505,0.14094559433349169
345,1155,1500,0.14096756162069035
348,1154,1502,0.14100185355742442
341,1155,1496,0.14102486145342227
340,1153,1493,0.1410600617936091
340,1160,1500,0.14109582410070953
329,1161,1490,0.14113046472524768
327,1167,1494,0.14118947835463033
333,1174,1507,0.1412512198102928
335,1186,1521,0.14129549127939708
330,1189,1519,0.14133086587131463
335,1191,1526,0.14137849316661166
333,1182,1515,0.1414112713118124
334,1182,1516,0.14144608728351413
335,1173,1508,0.14147813719496952
329,1183,1512,0.1415044823544646
326,1185,1511,0.14154422312803233
320,1183,1503,0.14158686986729674
318,1180,1498,0.14163948129814297
324,1177,1501,0.14169293706955646
322,1177,1499,0.14172872020249694
323,1188,1511,0.14176576578737365
323,1185,1508,0.14179942738792284
324,1196,1520,0.14183219184717522
324,1183,1507,0.1418594215034895
322,1185,1507,0.14188416672472456
333,1182,1515,0.14191255583005244
337,1190,1527,0.14191159634810052
335,1183,1518,0.1418991307111653
334,1186,1520,0.14189407081134983
330,1190,1520,0.1418939201337772
332,1188,1520,0.14190163136284262
334,1179,1513,0.14190418534447635
334,1190,1524,0.14190194867752656
332,1191,1523,0.14190035047061392
327,1194,1521,0.14190443832567945
324,1195,1519,0.1419195976098484
328,1193,1521,0.1419410800209565
330,1200,1530,0.1419511304333882
325,1203,1528,0.1419541984349369
324,1206,1530,0.14197028727123404
321,1209,1530,0.14198859325752144
322,1201,1523,0.14201110769077602
317,1200,1517,0.14202857516323078
320,1199,1519,0.14205636494492088
315,1201,1516,0.14207589172531015
317,1208,1525,0.1421065484693779
316,1196,1512,0.14213122234659836
320,1190,1510,0.1421565302208677
319,1198,1517,0.1421726980128089
316,1188,1504,0.14218991400256312
313,1203,1516,0.14221350813668862
314,1207,1521,0.1422435099403624
319,1192,1511,0.14227001726207336
317,1189,1506,0.142281714046779
315,1196,1511,0.14229636261186993
317,1202,1519,0.14231569628876495
318,1195,1513,0.1423300451403358
318,1203,1521,0.1423412261406254
316,1189,1505,0.14235253966354347
309,1193,1502,0.1423673117300309
310,1189,1499,0.14239762473902767
303,1202,1505,0.14242592175608768
313,1202,1515,0.14246734921299103
316,1195,1511,0.1424847209980355
313,1197,1510,0.14249131934537201
312,1192,1504,0.1425048271233069
317,1180,1497,0.14252082745183955
313,1181,1494,0.14252114530112464
310,1196,1506,0.14253020653303922
319,1204,1523,0.14254514230286686
315,1200,1515,0.14253650950513264
311,1188,1499,0.14253921912338685
306,1186,1492,0.14255206683367586
310,1189,1499,0.1425767773998334
310,1188,1498,0.14259083950747037
316,1196,1512,0.14260134998213403
311,1178,1489,0.14259704422512084
314,1176,1490,0.14260506827753863
306,1182,1488,0.1426079528526797
310,1185,1495,0.1426301933847581
308,1179,1487,0.14263998867198496
306,1181,1487,0.14265366155763382
305,1198,1503,0.14267171962572028
306,1208,1514,0.14269124803147482
307,1203,1510,0.1427071838437132
312,1197,1509,0.14271915759807327
312,1194,1506,0.14271849977093828
308,1189,1497,0.14271676563821858
307,1191,1498,0.1427251570032571
307,1194,1501,0.14273583638391682
304,1187,1491,0.142746081521693
304,1200,1504,0.1427637266491678
300,1207,1507,0.14278197915178847
302,1204,1506,0.14280750206286283
300,1217,1517,0.14282532453067262
302,1218,1520,0.1428472719252448
303,1222,1525,0.14286388900580704
303,1211,1514,0.14287597513192643
301,1215,1516,0.14288586386761865
300,1213,1513,0.14290122343068198
303,1215,1518,0.14291793908312347
303,1221,1524,0.14292524109704696
303,1203,1506,0.14293255912762665
303,1211,1514,0.14294083499566965
300,1212,1512,0.1429500248097837
297,1213,1510,0.14296550488954693
295,1202,1497,0.1429885450374897
294,1200,1494,0.14301500891040317
293,1216,1509,0.14304251289794012
289,1222,1511,0.14307116070498405
287,1225,1512,0.14310606721230346
297,1223,1520,0.14314134216199326
292,1210,1502,0.14315012524330004
295,1212,1507,0.14316962188380958
289,1213,1502,0.143181724589766
285,1215,1500,0.14320628458097662
282,1224,1506,0.14323869591578056
286,1231,1517,0.14327597705256395
285,1238,1523,0.1433020391165538
289,1241,1530,0.14332912804392275
292,1238,1530,0.1433455843860676
288,1240,1528,0.14335492283267676
289,1243,1532,0.14337377509550353
286,1240,1526,0.14338932375387703
289,1235,1524,0.14340987025674726
292,1235,1527,0.14342234105093815
289,1219,1508,0.14342752288045257
283,1229,1512,0.14343696709237794
282,1232,1514,0.14345967929711795
280,1234,1514,0.143482648278898
288,1225,1513,0.14350773287796437
286,1218,1504,0.14351215571423231
290,1217,1507,0.14351843805562564
289,1216,1505,0.14351773792374758
284,1218,1502,0.14351960211559256
287,1219,1506,0.14353276870119122
287,1217,1504,0.14353804878960005
280,1221,1501,0.14354340157908954
287,1227,1514,0.14356512142648228
287,1226,1513,0.14356893330528017
283,1232,1515,0.14357321616183902
281,1235,1516,0.14358671680601678
283,1230,1513,0.14360497541320372
281,1226,1507,0.14361735712013352
288,1229,1517,0.14363440872749347
288,1219,1507,0.143634496676993
286,1222,1508,0.14363400167385965
289,1229,1518,0.14363909121714385
292,1215,1507,0.14363531334660343
293,1232,1525,0.14362152770183925
288,1226,1514,0.14360747800758755
286,1220,1506,0.14360910053368123
289,1228,1517,0.1436163162082183
286,1236,1522,0.14361666536773657
283,1242,1525,0.14362321518609725
287,1231,1518,0.14363758570725924
285,1218,1503,0.14364236981531478
285,1225,1510,0.14365145868955423
278,1224,1502,0.14365705671863502
274,1230,1504,0.14367861386597094
272,1232,1504,0.14370760466013746
278,1221,1499,0.14373978078907237
282,1223,1505,0.1437574434890655
278,1224,1502,0.14376305593646505
275,1222,1497,0.1437782099621024
276,1234,1510,0.1437954755347037
272,1228,1500,0.14380837121025408
274,1230,1504,0.14382846860090623
276,1234,1510,0.14384210493113767
278,1237,1515,0.14385320307085767
282,1244,1526,0.14386002752461913
275,1241,1516,0.14385574934389836
275,1255,1530,0.14386918941989538
277,1249,1526,0.14388189787149344
275,1245,1520,0.14388762930683396
275,1245,1520,0.14389558234592104
280,1241,1521,0.14390403054557155
278,1239,1517,0.14390116481274273
281,1244,1525,0.14390427232603717
280,1238,1518,0.1439003871781722
277,1232,1509,0.14389902490435966
274,1224,1498,0.14390577062077262
272,1240,1512,0.1439198701027586
273,1226,1499,0.1439374140163522
269,1235,1504,0.14394982118042388
268,1251,1519,0.143971975935918
268,1253,1521,0.14399552421441789
267,1249,1516,0.14401746814758526
268,1238,1506,0.14404101044372886
269,1243,1512,0.14405903080137247
265,1240,1505,0.14407461930362092
269,1235,1504,0.14409936274368096
260,1240,1500,0.14411327541070562
257,1245,1502,0.14414838911949707
259,1243,1502,0.14418781945434272
258,1234,1492,0.14421862154524864
265,1232,1497,0.1442508338496281
260,1228,1488,0.14426278615085283
263,1219,1482,0.14428654471494276
264,1247,1511,0.1443009497706969
267,1252,1519,0.14431182112967714
261,1251,1512,0.14431354247421582
268,1249,1517,0.1443305799876814
271,1247,1518,0.14432813985066786
273,1250,1523,0.14431955987888456
275,1236,1511,0.1443073948752924
273,1239,1512,0.1442906763449772
270,1250,1520,0.14428050992653335
270,1244,1514,0.14427839972430032
265,1233,1498,0.14427726330866303
270,1229,1499,0.14428731840753273
266,1244,1510,0.1442833566009284
269,1251,1520,0.14428897328194082
269,1244,1513,0.14428585263432597
267,1259,1526,0.14428354438972124
262,1254,1516,0.14428723168601412
260,1254,1514,0.14430355088848795
254,1270,1524,0.14432435913749184
256,1260,1516,0.14435830683486411
254,1262,1516,0.14438509508781247
251,1246,1497,0.14441261344539527
249,1255,1504,0.14444665218815295
250,1263,1513,0.14448333665966787
247,1263,1510,0.14451591083716872
248,1271,1519,0.1445524234289852
243,1269,1512,0.14458295072882957
242,1278,1520,0.1446232375372337
245,1273,1518,0.1446638772059361
244,1275,1519,0.14469453306567293
245,1275,1520,0.14472524639561804
244,1270,1514,0.14475070354706385
247,1269,1516,0.1447759860035978
243,1272,1515,0.14479406233564632
243,1276,1519,0.14482033464771116
244,1267,1511,0.14484591365209398
241,1265,1506,0.14486832688532977
244,1263,1507,0.14489712105164362
240,1260,1500,0.14491372090558863
242,1274,1516,0.14493923105640888
243,1277,1520,0.14495735371852997
238,1287,1525,0.14497149465940656
235,1282,1517,0.1449965915838298
238,1281,1519,0.1450288073100992
234,1276,1510,0.1450481177317146
242,1284,1526,0.14507855759622484
242,1294,1536,0.14508741478353365
240,1294,1534,0.14509640553429373
240,1271,1511,0.14510723670233494
244,1268,1512,0.14511653713357978
247,1269,1516,0.14511432171950606
254,1263,1517,0.14510618823690075
256,1265,1521,0.14507914211142672
254,1260,1514,0.1450501378422374
254,1251,1505,0.14503073083577273
252,1253,1505,0.1450149484645003
250,1257,1507,0.14500364015508463
245,1257,1502,0.14499981474728496
245,1265,1510,0.14500751975134032
236,1263,1499,0.14501455033410277
244,1269,1513,0.14504245300640967
248,1266,1514,0.145048523577462
245,1258,1503,0.14504515129754028
243,1260,1503,0.14505093393015997
240,1270,1510,0.14506028513533076
244,1266,1510,0.14507703527827823
241,1263,1504,0.14508130398196825
242,1265,1507,0.14509256890932348
244,1283,1527,0.14510117967812114
242,1280,1522,0.14510543947873675
243,1282,1525,0.1451149919498312
245,1281,1526,0.14512236178106924
237,1277,1514,0.14512297688796882
242,1267,1509,0.14514087727655908
246,1278,1524,0.14514748961136087
245,1276,1521,0.1451440935716129
244,1266,1510,0.14514418812017044
241,1254,1495,0.14514717402302232
243,1252,1495,0.14515777855465878
243,1262,1505,0.14516328971858083
243,1260,1503,0.1451687910245278
241,1270,1511,0.1451751307758551
231,1271,1502,0.1451861214883016
239,1276,1515,0.1452193099490957
236,1271,1507,0.145228868671189
241,1261,1502,0.14524510374224378
242,1273,1515,0.14524631778855354
239,1258,1497,0.14524641728740384
238,1264,1502,0.14525401684456443
245,1267,1512,0.14526388230699083
240,1274,1514,0.14525632820813952
241,1271,1512,0.14526035865219605
238,1269,1507,0.14526345555505427
236,1287,1523,0.14527418126948127
236,1276,1512,0.1452899333959853
240,1274,1514,0.14530393733730607
239,1282,1521,0.14530716342203032
239,1279,1518,0.14531326065535596
239,1265,1504,0.14531765963638515
238,1267,1505,0.14532229531084528
235,1269,1504,0.14532996923368935
238,1289,1527,0.14534391055569643
237,1293,1530,0.14535187532793012
238,1295,1533,0.14536194151359333
234,1302,1536,0.14536769568528166
234,1306,1540,0.14538324789647347
235,1299,1534,0.1453976898558398
235,1288,1523,0.14540890923851152
236,1285,1521,0.14541927305275043
232,1281,1513,0.14542813676894442
229,1287,1516,0.1454456657100665
228,1276,1504,0.14546977825304883
225,1274,1499,0.1454940382916425
230,1281,1511,0.14552168967329557
228,1278,1506,0.1455367202910858
223,1282,1505,0.1455565893118249
222,1286,1508,0.1455865996926403
221,1287,1508,0.1456181268202912
220,1286,1506,0.14564984853519367
220,1293,1513,0.14568162382883826
220,1293,1513,0.14571069227252603
222,1284,1506,0.14573853970389067
226,1288,1514,0.14575996639289363
226,1287,1513,0.14577100756609743
225,1292,1517,0.14578211358850351
224,1284,1508,0.14579351973389076
223,1293,1516,0.1458069055070842
225,1296,1521,0.14582157437769186
218,1294,1512,0.14582902826197644
218,1301,1519,0.14585040387530154
218,1300,1518,0.14587022933680951
216,1293,1509,0.14588881466575315
217,1293,1510,0.1459121388440231
217,1300,1517,0.1459332452699104
218,1287,1505,0.14595331150051133
214,1288,1502,0.14596955440497428
209,1300,1509,0.14599479421999859
201,1302,1503,0.1460313948583684
207,1313,1520,0.1460824658685101
207,1319,1526,0.14611553998046017
205,1316,1521,0.14614488741328016
203,1314,1517,0.1461768528193005
207,1308,1515,0.1462108260675419
208,1311,1519,0.1462342204183889
203,1316,1519,0.14625333130418788
202,1315,1517,0.14628322856977236
206,1306,1512,0.14631259613337225
207,1305,1512,0.14632967421972076
210,1311,1521,0.14634449615092265
209,1319,1528,0.1463499424462098
204,1309,1513,0.14635567545497236
206,1317,1523,0.1463737087797954
209,1316,1525,0.14638709607272585
211,1304,1515,0.14639107074535807
211,1305,1516,0.1463905540377931
208,1296,1504,0.14638894923462067
209,1300,1509,0.14639481213517921
213,1289,1502,0.14639806204171904
207,1291,1498,0.1463913327649998
211,1298,1509,0.146400254562487
212,1301,1513,0.14639871198483545
207,1311,1518,0.14639560393587492
211,1298,1509,0.14640513669154762
208,1300,1508,0.1464055108724997
204,1300,1504,0.14641390970612647
204,1299,1503,0.14643246178886066
200,1305,1505,0.14644816788302437
202,1305,1507,0.1464708941400655
197,1299,1496,0.14648766433152005
198,1301,1499,0.14651556082167125
201,1291,1492,0.14653843334268365
199,1304,1503,0.1465519087836298
197,1309,1506,0.14656909137327662
204,1306,1510,0.1465885299028578
200,1312,1512,0.14659068173060796
202,1307,1509,0.14660376442418832
204,1305,1509,0.14661145917674837
205,1304,1509,0.1466136992950667
203,1317,1520,0.14661277627597025
204,1318,1522,0.14661841316708785
200,1311,1511,0.1466213314773716
200,1311,1511,0.14663326062431334
202,1308,1510,0.14664381343273664
204,1311,1515,0.14665066985907038
203,1322,1525,0.14665312226999905
205,1319,1524,0.14665878344248143
201,1313,1514,0.14665919481390616
200,1316,1516,0.14666856731800876
205,1329,1534,0.14668012402199587
204,1324,1528,0.14667826788911223
206,1317,1523,0.1466766757581922
204,1322,1526,0.14667141407671072
202,1319,1521,0.14667065468902493
200,1320,1520,0.14667463305111553
201,1317,1518,0.14668376095428504
200,1320,1520,0.14669059371916796
198,1327,1525,0.14670008834761958
199,1320,1519,0.1467133459966492
205,1315,1520,0.1467224181844289
199,1316,1515,0.14671777996028115
194,1325,1519,0.14672787230274034
192,1332,1524,0.14674919355325522
192,1325,1517,0.1467752173149693
192,1328,1520,0.14680053501202395
191,1328,1519,0.14682338382325177
197,1329,1526,0.14684652483481644
195,1324,1519,0.1468564870009246
193,1320,1513,0.14687050585449274
192,1330,1522,0.14688861775012893
186,1335,1521,0.14690755582126333
182,1328,1510,0.14693907902437758
180,1323,1503,0.14697797737271645
183,1329,1512,0.147019037368599
183,1324,1507,0.14705121434141893
183,1331,1514,0.1470812791093189
183,1333,1516,0.14710987427030606
186,1325,1511,0.147136044448382
187,1321,1508,0.14715351167403376
185,1328,1513,0.14716669011113642
184,1328,1512,0.14718287471438118
178,1333,1511,0.14720116034809033
180,1332,1512,0.147230797561793
180,1335,1515,0.14725464845692865
179,1345,1524,0.14727761473253648
180,1346,1526,0.14730069461990042
177,1343,1520,0.147320547053045
180,1345,1525,0.14734605789564958
179,1343,1522,0.1473639758789008
169,1348,1517,0.14738330097021532
170,1345,1515,0.14742390677822853
169,1324,1493,0.14745942663349682
168,1330,1498,0.14749355131703595
171,1338,1509,0.1475280389778634
171,1337,1508,0.14755297008126095
171,1338,1509,0.14757506070865828
172,1330,1502,0.1475952629793804
173,1337,1510,0.14761154851363967
179,1350,1529,0.1476243041318596
177,1345,1522,0.14762320680430996
177,1348,1525,0.1476281556467413
173,1341,1514,0.14763201466563186
175,1333,1508,0.14764550396893614
172,1339,1511,0.14765415722932296
171,1339,1510,0.147667636954222
171,1340,1511,0.14768265728384095
171,1350,1521,0.14769615420964569
168,1344,1512,0.1477093012988841
171,1345,1516,0.14772706539500846
176,1344,1520,0.14773215347559382
175,1356,1531,0.14772686149328743
174,1358,1532,0.14772574479256792
168,1354,1522,0.1477279771733238
170,1356,1526,0.14774389126613385
170,1347,1517,0.14775428916003952
168,1342,1510,0.14776492167318295
169,1347,1516,0.14778008250867902
167,1343,1510,0.14779189333829823
165,1342,1507,0.14780854221103573
165,1338,1503,0.14782848435826026
164,1355,1519,0.14784780176153714
162,1363,1525,0.1478685791385194
163,1355,1518,0.14789326549126078
161,1367,1528,0.14791282737206643
159,1358,1517,0.14793593810477879
157,1347,1504,0.1479614179235117
156,1349,1505,0.14798933311879353
156,1349,1505,0.14801763973298307
153,1351,1504,0.1480436775372422
154,1346,1500,0.1480750609048961
151,1355,1506,0.1481023335359832
151,1361,1512,0.14813544528301953
158,1361,1519,0.14816692673772178
152,1358,1510,0.14817977980982633
154,1361,1515,0.1482050132650424
154,1365,1519,0.14822444784464003
150,1366,1516,0.14824213056802082
150,1362,1512,0.14826697752286339
155,1367,1522,0.14829113113736864
155,1363,1518,0.14830038256715342
157,1362,1519,0.14830996151809558
157,1351,1508,0.148312516295175
158,1359,1517,0.1483149705245978
153,1378,1531,0.14831591533332147
151,1359,1510,0.14832930312372306
147,1362,1509,0.1483481518651715
148,1370,1518,0.14837513327535073
147,1368,1515,0.14839819528706474
149,1373,1522,0.14842119958253305
147,1363,1510,0.14843828157928937
144,1349,1493,0.14846076308440545
148,1351,1499,0.14848788748440583
148,1372,1520,0.14850490259616164
146,1380,1526,0.14852156786527523
143,1375,1518,0.1485420958327167
143,1374,1517,0.1485685053175451
144,1358,1502,0.14859296334829772
142,1362,1504,0.1486124129123036
141,1379,1520,0.14863587842277756
142,1376,1518,0.14865985457263256
142,1369,1511,0.14868024348061248
146,1370,1516,0.14869814555948063
148,1366,1514,0.14870607811856007
144,1378,1522,0.14870759398261205
146,1378,1524,0.14871888915300746
144,1373,1517,0.1487261263946269
143,1366,1509,0.14873800004639512
142,1383,1525,0.14875164537263383
143,1383,1526,0.14876668422597167
142,1386,1528,0.1487785900639678
143,1384,1527,0.14879152976617138
141,1387,1528,0.14880123739325726
141,1379,1520,0.14881503993705658
140,1374,1514,0.14882723814105808
138,1378,1516,0.14884114882968325
139,1383,1522,0.14885953546496555
136,1395,1531,0.14887401020446459
132,1392,1524,0.1488943762570633
128,1389,1517,0.1489225473748303
128,1378,1506,0.14895830952799816
125,1380,1505,0.148992039302913
131,1377,1508,0.14903049566685436
129,1372,1501,0.14905223626807318
132,1373,1505,0.14907562048800427
133,1365,1498,0.1490894547731127
135,1376,1511,0.1491006283945929
134,1375,1509,0.14910667157826057
129,1385,1514,0.1491150936774219
130,1372,1502,0.14913375510600496
130,1388,1518,0.14914788373808718
134,1387,1521,0.14916171716405696
129,1391,1520,0.14916539715747568
129,1387,1516,0.14918069416100976
131,1394,1525,0.14919590150449155
131,1391,1522,0.14920625341014893
133,1396,1529,0.1492154160905657
132,1376,1508,0.14921779658192016
127,1384,1511,0.14922299486567195
128,1376,1504,0.14923968503153615
131,1388,1519,0.1492535071529647
131,1371,1502,0.14925903137623384
129,1373,1502,0.14926349257492222
130,1386,1516,0.1492725830745049
129,1387,1516,0.149277913516363
127,1375,1502,0.1492850029937569
129,1374,1503,0.14929726577963068
127,1370,1497,0.14930264406790808
130,1376,1506,0.14931341815767019
132,1376,1508,0.14931501423854066
134,1386,1520,0.14931187140748045
133,1377,1510,0.14930439075963187
133,1376,1509,0.14930082452963372
132,1380,1512,0.14929663103258534
133,1383,1516,0.14929675837522619
132,1387,1519,0.1492928968887125
133,1394,1527,0.14929067362019807
133,1384,1517,0.1492874803626879
133,1379,1512,0.1492844922347397
131,1377,1508,0.1492805953915487
131,1387,1518,0.1492827434088891
131,1384,1515,0.1492846115807288
130,1389,1519,0.1492874380968422
131,1381,1512,0.14929313024770832
129,1387,1516,0.14929423556799487
131,1373,1504,0.14929984039178446
132,1373,1505,0.1492998035395216
129,1395,1524,0.1492976555416614
131,1382,1513,0.14930346216255072
131,1375,1506,0.14930260326420586
134,1375,1509,0.14930197622437508
134,1376,1510,0.14929388193634413
132,1378,1510,0.14928725874120938
133,1392,1525,0.14928583641205387
134,1388,1522,0.14928239410803137
132,1382,1514,0.14927784627599747
128,1389,1517,0.14927845800997516
127,1386,1513,0.1492893277275069
121,1389,1510,0.1493025460483772
116,1389,1505,0.1493290291362693
117,1389,1506,0.14936515722616592
120,1391,1511,0.1493962927924226
120,1385,1505,0.14941925423418556
119,1387,1506,0.14944151460562352
124,1385,1509,0.1494643192067976
122,1391,1513,0.14947178580605947
122,1399,1521,0.14948293635903326
121,1385,1506,0.14949296790205005
120,1407,1527,0.14950558445529336
118,1395,1513,0.1495199716149277
119,1401,1520,0.1495384035458597
116,1397,1513,0.14955356516579404
113,1389,1502,0.14957505795301698
113,1397,1510,0.14960193929156462
110,1397,1507,0.14962824675924996
109,1410,1519,0.14966027222347975
112,1402,1514,0.1496914634788803
117,1407,1524,0.14971348033568443
114,1410,1524,0.1497199045052382
112,1408,1520,0.14973204322068118
110,1409,1519,0.149748873063467
112,1400,1512,0.14976990989863428
111,1399,1510,0.14978562285329983
111,1398,1509,0.14980212747623797
106,1401,1507,0.14981750296563473
107,1396,1503,0.1498429156086606
104,1408,1512,0.1498639610029149
102,1414,1516,0.14989060850721134
97,1416,1513,0.14992043666892518
97,1411,1508,0.14996021240543425
98,1417,1515,0.14999793143977358
99,1419,1518,0.1500310022237203
101,1409,1510,0.15006051165382958
99,1416,1515,0.15008422020484213
99,1416,1515,0.150110915594364
99,1425,1524,0.15013523567544998
98,1422,1520,0.15015877533222835
97,1403,1500,0.15018312836603662
95,1420,1515,0.15020793065911633
96,1413,1509,0.15023592238314465
99,1409,1508,0.1502585079579721
102,1395,1497,0.1502730893825095
99,1418,1517,0.15027986572273253
95,1420,1515,0.15029354274779758
94,1406,1500,0.15031453262273048
97,1407,1504,0.15033666166530235
95,1412,1507,0.15035033475480158
101,1405,1506,0.15036958053239602
103,1421,1524,0.15037183341205115
105,1424,1529,0.15036797846723682
105,1418,1523,0.1503596426862367
103,1416,1519,0.15035082876909034
104,1408,1512,0.15034719926002577
105,1410,1515,0.1503428017691966
102,1413,1515,0.15033539988526612
99,1417,1516,0.15033612121067175
99,1422,1521,0.15034338150266602
98,1428,1526,0.15035145020795665
96,1419,1515,0.1503610586705374
99,1429,1528,0.15037520883143699
95,1420,1515,0.15038163187095865
97,1418,1515,0.15039623599396484
96,1418,1514,0.150404356743503
98,1413,1511,0.1504147792634116
100,1414,1514,0.15042001968122695
97,1423,1520,0.15041985517716724
98,1421,1519,0.15042791891808718
97,1428,1525,0.15043311401047443
96,1424,1520,0.15044002323862138
93,1426,1519,0.1504485194770083
93,1421,1514,0.15046446728030552
93,1429,1522,0.1504792382977929
92,1426,1518,0.1504938665485806
90,1436,1526,0.15050915778670576
90,1434,1524,0.15052755547731297
90,1431,1521,0.15054558691335862
90,1436,1526,0.15056214720871475
90,1413,1503,0.15057686772847564
89,1421,1510,0.150591057793463
94,1429,1523,0.15060592323807134
91,1422,1513,0.1506091552117408
90,1414,1504,0.15061997357396073
91,1416,1507,0.15063225484245676
92,1417,1509,0.15063984790169038
86,1420,1506,0.15064466092576237
88,1421,1509,0.15066257429066654
90,1408,1498,0.15067610970628773
90,1416,1506,0.1506827856996809
88,1415,1503,0.15068949549012153
89,1421,1510,0.15070094297182052
89,1428,1517,0.1507079544456613
84,1432,1516,0.15071360549584578
88,1425,1513,0.15073186468542968
87,1430,1517,0.1507405271266142
85,1432,1517,0.15075165082657294
86,1434,1520,0.15076676015007084
86,1428,1514,0.15077930131613976
82,1416,1498,0.15079078143448021
82,1418,1500,0.15081132158462182
84,1421,1505,0.15083078964151736
84,1429,1513,0.15084474510553822
84,1438,1522,0.15085847485834752
86,1426,1512,0.1508694731109048
84,1423,1507,0.1508747361035182
84,1406,1490,0.15088334702949016
84,1426,1510,0.15089257509178747
84,1429,1513,0.15090054282719462
81,1424,1505,0.15090806347534585
83,1435,1518,0.15092272885770883
82,1429,1511,0.1509303881055727
85,1422,1507,0.1509406182672235
83,1422,1505,0.15094369717137662
81,1423,1504,0.15095155693335138
83,1432,1515,0.15096397718465088
81,1416,1497,0.15097099198414873
80,1431,1511,0.15098197904588148
82,1447,1529,0.15099344346621504
81,1439,1520,0.15100038257467868
85,1441,1526,0.1510097934059746
82,1440,1522,0.15100819845365818
86,1446,1532,0.15101403002548555
84,1435,1519,0.15100975984935497
83,1435,1518,0.1510113300667836
84,1427,1511,0.15101570781446713
84,1437,1521,0.1510172350997384
84,1426,1510,0.15101939380229532
83,1426,1509,0.15102056593297963
84,1444,1528,0.15102463382535178
81,1454,1535,0.15102629362546566
83,1446,1529,0.15103499503540352
83,1437,1520,0.15103796099299482
83,1429,1512,0.15104215631946016
83,1431,1514,0.15104652878425953
79,1433,1512,0.1510511430789632
77,1439,1516,0.15106489375092097
79,1445,1524,0.15108124635075654
80,1446,1526,0.15109162398125084
79,1448,1527,0.15109766501010446
80,1443,1523,0.15110581699431627
80,1456,1536,0.15111005399712574
78,1434,1512,0.15111456643347967
76,1435,1511,0.1511238494532148
76,1446,1522,0.15113776788868527
73,1445,1518,0.15115031280915428
72,1449,1521,0.15116951142653307
69,1455,1524,0.1511900024325986
70,1448,1518,0.15121614044927734
66,1442,1508,0.1512382008290353
67,1440,1507,0.15126805767321458
69,1423,1492,0.15129389626968717
66,1439,1505,0.1513120605107925
65,1434,1499,0.15133663223108326
66,1443,1509,0.15136183018490024
67,1441,1508,0.1513837430609326
65,1439,1504,0.1514019482951057
66,1447,1513,0.15142344353814244
65,1458,1523,0.1514418673707987
66,1454,1520,0.15146068515025926
63,1458,1521,0.1514756388725885
61,1458,1519,0.15149669698607382
62,1452,1514,0.1515214283077356
63,1449,1512,0.1515428401570798
63,1450,1513,0.1515608092408799
60,1461,1521,0.15157739038698853
60,1453,1513,0.15159997198528166
57,1453,1510,0.15162095872683973
59,1460,1519,0.1516472514399816
61,1440,1501,0.15166602093763326
62,1449,1511,0.1516793669672607
63,1456,1519,0.1516893256168414
63,1455,1518,0.15169560903638032
65,1464,1529,0.1517019181756863
65,1457,1522,0.15170310140224802
63,1444,1507,0.15170489103015128
65,1442,1507,0.15171145738885047
65,1454,1519,0.15171244201847883
65,1450,1515,0.15171229224110794
64,1443,1507,0.15171161720494308
64,1439,1503,0.15171336513740172
63,1436,1499,0.15171492148662225
64,1443,1507,0.1517179803379526
63,1446,1509,0.1517186457589242
63,1450,1513,0.15172126592965055
66,1446,1512,0.15172347588591278
65,1444,1509,0.15171720752452067
68,1434,1502,0.15171434633289993
67,1441,1508,0.1517036894250445
66,1444,1510,0.15169712285603873
67,1457,1524,0.1516940803936461
69,1444,1513,0.15169018964887157
71,1445,1516,0.1516802911713485
70,1443,1513,0.15166574359207075
69,1447,1516,0.15165542696348502
70,1459,1529,0.15164788842234006
68,1445,1513,0.15163888681952073
66,1440,1506,0.15163568555342563
68,1435,1503,0.15163685548972577
68,1442,1510,0.15163435167107575
67,1457,1524,0.1516319791306609
63,1446,1509,0.1516329500158794
64,1451,1515,0.1516428736553797
62,1453,1515,0.1516505818693686
58,1441,1499,0.151662490724653
60,1446,1506,0.15168302889729332
61,1438,1499,0.1516973045345449
60,1452,1512,0.15170796510894885
60,1464,1524,0.15171987132607195
58,1456,1514,0.15173032290411026
58,1462,1520,0.15174556565763153
58,1459,1517,0.1517592185458129
61,1458,1519,0.15177162685238105
63,1465,1528,0.15177589506210207
61,1457,1518,0.15177491838944598
59,1444,1503,0.15177933742596547
61,1454,1515,0.15178851780500305
60,1458,1518,0.15179128802027259
63,1459,1522,0.151797541921634
64,1455,1519,0.15179509424442947
66,1456,1522,0.15178949631633942
65,1461,1526,0.1517792794849313
65,1450,1515,0.1517715565789355
65,1459,1524,0.15176591922810495
69,1451,1520,0.15176036859405692
67,1452,1519,0.15174456298783276
65,1449,1514,0.15173515448529357
66,1455,1521,0.1517324691922113
65,1441,1506,0.15172678105882975
64,1438,1502,0.15172458090008123
63,1455,1518,0.15172539439175003
66,1446,1512,0.15172910709813822
63,1448,1511,0.15172537233954533
62,1447,1509,0.1517291643138768
67,1438,1505,0.1517354956763327
66,1448,1514,0.1517286193101963
64,1456,1520,0.15172429108658364
63,1452,1515,0.1517260259832416
66,1463,1529,0.15173051807541008
65,1461,1526,0.15172711685774298
63,1465,1528,0.15172670303848637
64,1447,1511,0.15173184619456268
61,1443,1504,0.15173475100765252
64,1444,1508,0.15174461320274638
65,1459,1524,0.15174711018461978
65,1455,1520,0.1517472134281338
65,1460,1525,0.1517478294319353
65,1463,1528,0.15174774954442938
63,1462,1525,0.15174740983892834
61,1454,1515,0.15175105550600293
61,1452,1513,0.1517579950005809
62,1447,1509,0.15176310961085573
60,1454,1514,0.1517663705813779
60,1466,1526,0.15177301943688729
61,1449,1510,0.15177993498357428
60,1454,1514,0.15178472706919063
59,1451,1510,0.15179132170788281
57,1454,1511,0.15180037893883802
58,1458,1516,0.15181257750555754
58,1455,1513,0.15182139514709467
60,1471,1531,0.15183041566665806
57,1448,1505,0.15183355717520733
58,1459,1517,0.1518437804347599
58,1462,1520,0.1518517639120999
60,1464,1524,0.15185976435902532
59,1467,1526,0.15186240523123107
59,1462,1521,0.15186710146120652
57,1459,1516,0.15187166034385732
56,1460,1516,0.15188032017559533
56,1475,1531,0.1518911804923972
56,1464,1520,0.15190193978682706
55,1464,1519,0.15191038672933246
53,1445,1498,0.1519212164247581
53,1454,1507,0.15193516548897334
53,1462,1515,0.1519494369488399
55,1463,1518,0.15196226367812585
53,1464,1517,0.15196945225797676
52,1475,1527,0.1519815822482766
52,1475,1527,0.1519940764676724
50,1487,1537,0.15200631580720483
49,1466,1515,0.1520227280430044
48,1466,1514,0.15204095142302465
48,1457,1505,0.1520614134772367
48,1459,1507,0.15208108181419724
46,1468,1514,0.1520998605017797
46,1467,1513,0.15212210360795603
46,1464,1510,0.15214221559478527
44,1465,1509,0.1521614280512499
42,1483,1525,0.15218302420049434
43,1471,1514,0.1522081517284909
42,1476,1518,0.15222879013435098
43,1476,1519,0.15225070552910477
43,1468,1511,0.15226839425152583
44,1463,1507,0.15228441976150897
45,1466,1511,0.15229769328284526
45,1482,1527,0.15230746025065256
45,1482,1527,0.15231712263630348
43,1466,1509,0.15232580926803924
43,1446,1489,0.1523389355990968
43,1447,1490,0.15235167818886897
41,1452,1493,0.15236401979136324
41,1471,1512,0.1523802996621132
41,1471,1512,0.15239588938848506
40,1479,1519,0.1524098563727955
40,1478,1518,0.1524254819902225
40,1473,1513,0.1524404636440011
39,1463,1502,0.15245481079147272
38,1475,1513,0.15247042960289833
37,1470,1507,0.1524866582860339
38,1473,1511,0.15250435797737436
38,1471,1509,0.15251799450667738
39,1473,1512,0.15253116528628266
37,1468,1505,0.1525404008040022
38,1477,1515,0.15255270864323248
40,1464,1504,0.15256144448565406
39,1454,1493,0.15256382978051064
40,1467,1507,0.15256890373640583
42,1462,1504,0.1525710475627855
42,1457,1499,0.15256791801000777
41,1459,1500,0.15256556806654473
42,1471,1513,0.1525667985621468
40,1474,1514,0.15256495941023965
43,1463,1506,0.1525682298953137
40,1482,1522,0.152565128424481
42,1475,1517,0.15256935767934798
44,1473,1517,0.15256841778378302
42,1473,1515,0.15256171637798974
45,1468,1513,0.1525607085767125
46,1473,1519,0.15255141696642222
45,1463,1508,0.1525412043352407
45,1466,1511,0.15253364287640367
43,1479,1522,0.15252728413623406
44,1487,1531,0.1525269118914866
43,1476,1519,0.1525231791337793
43,1477,1520,0.15252246518630563
42,1470,1512,0.15252239790088454
42,1465,1507,0.15252501660204865
41,1462,1503,0.15252778368076686
41,1473,1514,0.152533456527275
41,1472,1513,0.15253907536993064
38,1483,1521,0.15254445693966634
37,1477,1514,0.15255638568247107
36,1485,1521,0.15256881168812378
36,1490,1526,0.1525830197062827
37,1488,1525,0.15259678423674264
38,1480,1518,0.15260716911525937
38,1474,1512,0.15261370860473478
39,1487,1526,0.1526200531027377
40,1485,1525,0.15262318355617463
39,1490,1529,0.15262318115156145
38,1494,1532,0.15262592867104677
39,1482,1521,0.1526311490804764
40,1479,1519,0.15263215220937565
40,1468,1508,0.15263046996359453
39,1484,1523,0.1526285242117673
39,1468,1507,0.15263012670595077
39,1477,1516,0.15263161263199687
38,1492,1530,0.15263327947134234
39,1494,1533,0.1526373242451656
39,1469,1508,0.1526388129765992
38,1459,1497,0.1526407528691304
37,1460,1497,0.15264565612960296
36,1461,1497,0.152652796124553
36,1464,1500,0.15266201429320375
38,1477,1515,0.1526709994873153
38,1468,1506,0.15267418240264058
37,1476,1513,0.15267705491439762
35,1485,1520,0.1526824295889792
34,1475,1509,0.15269237322496296
33,1473,1506,0.15270418791796744
32,1480,1512,0.15271768618999498
32,1482,1514,0.1527328246090124
31,1483,1514,0.15274617799993606
32,1478,1510,0.1527612546949232
30,1486,1516,0.1527722616153354
31,1470,1501,0.15278738019382287
31,1479,1510,0.15279853851349603
30,1487,1517,0.1528094059935447
31,1487,1518,0.15282221474107183
30,1492,1522,0.15283155798911216
30,1482,1512,0.1528428419165489
32,1483,1515,0.152853758081213
32,1484,1516,0.15285782880140614
33,1478,1511,0.15286101666080865
32,1476,1508,0.15286213356771314
32,1483,1515,0.152864806297292
31,1485,1516,0.15286722085315751
30,1492,1522,0.15287275790111376
28,1496,1524,0.15288064056017556
27,1486,1513,0.1528934535762077
28,1492,1520,0.15290793508422026
28,1494,1522,0.15291856805384169
28,1500,1528,0.15292890237317835
28,1498,1526,0.15293892237237094
28,1498,1526,0.15294861660797315
28,1491,1519,0.15295797729015304
28,1480,1508,0.152966999775132
28,1481,1509,0.15297568211597004
28,1489,1517,0.15298293343424546
28,1498,1526,0.1529900208307164
28,1507,1535,0.15299692758466882
28,1494,1522,0.1530025395435995
28,1483,1511,0.15300812104967476
27,1485,1512,0.1530126688187997
25,1493,1518,0.15301944360617092
25,1499,1524,0.1530304360088375
26,1487,1513,0.1530410408498721
25,1477,1502,0.15304798451979046
23,1487,1510,0.15305689804618722
23,1493,1516,0.15306985366842357
24,1495,1519,0.15308168009407896
26,1494,1520,0.15309089936302459
28,1499,1527,0.15309426897318812
26,1491,1517,0.15309141842032936
25,1490,1515,0.1530945854140785
23,1491,1514,0.15310012967237666
22,1490,1512,0.15311045331402695
21,1493,1514,0.15312261610564012
22,1498,1520,0.153137049158374
22,1496,1518,0.15314834118507414
22,1495,1517,0.1531581166513468
22,1491,1513,0.15316756507797094
22,1486,1508,0.15317668017036984
22,1496,1518,0.15318517080512936
23,1478,1501,0.15319337001430897
24,1482,1506,0.1531980288442015
24,1473,1497,0.1531999579428983
24,1475,1499,0.15320003027520168
24,1488,1512,0.15320058147927254
23,1485,1508,0.15320153554537774
24,1492,1516,0.1532049876184487
24,1491,1515,0.1532063529561557
22,1496,1518,0.15320688748376582
23,1501,1524,0.15321209846750672
26,1494,1520,0.15321513699831715
26,1470,1496,0.1532095777437567
27,1486,1513,0.15320487948774145
26,1485,1511,0.15319845823242592
25,1486,1511,0.15319504382649007
27,1499,1526,0.15319440154003441
26,1482,1508,0.1531889498472344
27,1493,1520,0.15318658510108407
28,1493,1521,0.15318147118129055
27,1492,1519,0.1531738449335597
26,1490,1516,0.15316949312519695
26,1482,1508,0.15316839700194881
25,1490,1515,0.15316772821677455
24,1491,1515,0.15316957645963059
24,1490,1514,0.15317279709604956
24,1493,1517,0.1531761808108826
22,1495,1517,0.15317968275736144
24,1494,1518,0.15318832872064705
22,1489,1511,0.15319150917469526
23,1497,1520,0.15319913399129928
22,1483,1505,0.15320287143316663
24,1487,1511,0.15320940236819036
25,1484,1509,0.15321018030145736
25,1476,1501,0.1532083216342856
24,1476,1500,0.15320604268993215
24,1477,1501,0.15320716868408255
24,1475,1499,0.1532085689407637
24,1466,1490,0.1532101933706627
23,1490,1513,0.15321199817637282
23,1494,1517,0.15321610834428642
21,1487,1508,0.15321952571852815
21,1491,1512,0.15322729825382342
20,1501,1521,0.15323478266878246
19,1515,1534,0.1532442000612385
19,1507,1526,0.15325574717538315
19,1496,1515,0.15326674922066313
19,1501,1520,0.1532772240322722
18,1490,1508,0.1532871898436679
20,1493,1513,0.15329887746867635
20,1503,1523,0.1533034407298954
20,1491,1511,0.15330802963390894
19,1505,1524,0.15331261353705528
19,1501,1520,0.1533193343275075
20,1491,1511,0.15332477674669662
18,1494,1512,0.1533270089609914
18,1499,1517,0.153334703321327
18,1507,1525,0.15334218689025905
15,1510,1525,0.15334944766382985
14,1506,1520,0.15336335846180627
14,1487,1501,0.15337872172878947
14,1496,1510,0.15339328401291463
13,1502,1515,0.15340598355241106
14,1510,1524,0.15342027793348717
13,1514,1527,0.15343167392721369
14,1507,1521,0.15344471002351515
15,1502,1517,0.15345385524298163
15,1508,1523,0.15346041044947178
15,1496,1511,0.15346680912839145
15,1493,1508,0.15347303716932903
15,1493,1508,0.15347908361776366
15,1497,1512,0.15348494026021464
15,1491,1506,0.15349060125621647
16,1473,1489,0.1534960628121812
16,1472,1488,0.15349805415154447
16,1485,1501,0.15350014893843816
16,1485,1501,0.15350132660977925
16,1496,1512,0.1535027125877594
16,1505,1521,0.15350426714377502
16,1506,1522,0.15350595557711968
16,1521,1537,0.15350774765738057
15,1518,1533,0.1535091015314084
14,1511,1525,0.15351276268193156
14,1516,1530,0.15351857632499852
14,1514,1528,0.1535232391653431
15,1512,1527,0.1535278728933673
15,1512,1527,0.1535291857096081
18,1489,1507,0.15353073250369637
18,1505,1523,0.15352282183980873
16,1511,1527,0.15351595409547691
16,1508,1524,0.1535143159535262
16,1509,1525,0.15351323522172644
16,1501,1517,0.15351263379538427
17,1504,1521,0.1535124425832001
18,1497,1515,0.15351020561225767
18,1510,1528,0.1535051899979827
16,1514,1530,0.15350088056025435
17,1507,1524,0.15350197237639734
17,1498,1515,0.1535001206278071
16,1506,1522,0.15349873812877643
16,1510,1526,0.15350000550575255
16,1506,1522,0.15350147947023046
17,1508,1525,0.15350312022065093
16,1498,1514,0.1535016478007649
15,1501,1516,0.15350294408698636
14,1504,1518,0.15350674845136378
15,1512,1527,0.15351276085923002
14,1504,1518,0.1535163207200447
14,1504,1518,0.15352213242298385
14,1507,1521,0.15352775072263858
13,1507,1520,0.15353206693882382
14,1519,1533,0.153538734180897
14,1511,1525,0.15354289209206423
13,1509,1522,0.1535469860785836
13,1498,1511,0.153553192469922
12,1509,1521,0.15355917273265093
12,1509,1521,0.15356768556735112
12,1518,1530,0.1535757466379616
11,1513,1524,0.1535833769754717
12,1500,1512,0.15359276240170275
13,1510,1523,0.15359874777221424
14,1510,1524,0.15360132058796833
14,1508,1522,0.1536001955760572
14,1511,1525,0.15359947237863952
15,1512,1527,0.15359909446262565
15,1506,1521,0.1535957836055048
15,1501,1516,0.15359302575774655
15,1502,1517,0.15359075362884744
15,1507,1522,0.15358890724138605
15,1517,1532,0.15358743317812787
14,1504,1518,0.15358628390439794
14,1495,1509,0.15358780933232125
14,1498,1512,0.15358941197790732
14,1491,1505,0.15359107078763246
14,1513,1527,0.1535927675595955
13,1509,1522,0.15359448661933586
13,1497,1510,0.1535983832960314
13,1494,1507,0.15360214489373994
12,1495,1507,0.15360576978632104
12,1504,1516,0.15361156724013889
11,1504,1515,0.15361707209959824
12,1504,1516,0.1536244488320904
12,1504,1516,0.1536292027556758
11,1506,1517,0.1536327659862849
11,1499,1510,0.15363841345066265
11,1510,1521,0.1536438442876421
12,1521,1533,0.15364905936227916
11,1517,1528,0.15365080791904073
11,1517,1528,0.1536557954496935
11,1518,1529,0.15366056409683707
10,1520,1530,0.15366511896077603
10,1525,1535,0.15367164205747122
9,1522,1531,0.1536778287147936
9,1515,1524,0.1536858924418176
9,1502,1511,0.153693509206013
10,1510,1520,0.15370070176637063
10,1502,1512,0.15370432528656144
10,1503,1513,0.15370785748396115
10,1507,1517,0.15371129134266726
10,1515,1525,0.15371462149156667
10,1502,1512,0.15371784398665425
9,1509,1518,0.15372095611792888
9,1506,1515,0.15372611731601613
9,1507,1516,0.15373103428701765
9,1519,1528,0.1537357150627702
9,1527,1536,0.15374016784994418
8,1516,1524,0.15374440095519992
8,1512,1520,0.1537509063179579
8,1505,1513,0.1537570262729977
9,1519,1528,0.15376278311634178
9,1496,1505,0.1537655745710694
8,1504,1512,0.15376824833461197
8,1509,1517,0.1537729632924797
9,1506,1515,0.153777434310601
7,1509,1516,0.15377869318583037
7,1506,1513,0.1537842924694813
7,1510,1517,0.15378965661518662
7,1507,1514,0.15379478960380738
8,1503,1511,0.15379969617813857
8,1507,1515,0.15380196330871215
8,1520,1528,0.15380418672191334
7,1521,1528,0.1538063599212156
7,1510,1517,0.1538107712690195
7,1514,1521,0.15381497101248404
7,1512,1519,0.15381896646441323
7,1507,1514,0.153822765033485
7,1508,1515,0.15382637416607078
7,1505,1512,0.15382980129664708
6,1497,1503,0.15383305380578982
6,1503,1509,0.15383827233504013
8,1499,1507,0.15384320127980375
7,1504,1511,0.15384264017754037
7,1501,1508,0.15384437430066736
7,1499,1506,0.15384610400566623
7,1502,1509,0.1538478197136224
7,1502,1509,0.15384951338355118
7,1505,1512,0.1538511783264527
7,1502,1509,0.15385280903959797
6,1508,1514,0.15385440105895432
7,1509,1516,0.153858145243881
7,1493,1500,0.153859444942818
7,1503,1510,0.15386071692009914
8,1506,1514,0.153861957847511
8,1523,1531,0.15385989205527592
8,1512,1520,0.1538580962998153
9,1510,1519,0.1538565401328597
9,1510,1519,0.15385194142203765
9,1512,1521,0.1538478351068592
9,1511,1520,0.15384417086027533
9,1517,1526,0.15384090336761005
9,1513,1522,0.15383799183490451
9,1508,1517,0.1538353995450411
8,1513,1521,0.15383309345703225
8,1511,1519,0.15383320982576745
8,1515,1523,0.1538334231068504
8,1527,1535,0.15383371730434997
8,1515,1523,0.15383407837213975
8,1510,1518,0.15383449400110422
9,1503,1512,0.15383495342835535
9,1510,1519,0.1538321897878128
9,1501,1510,0.15382975637221244
8,1506,1514,0.15382761740798023
8,1507,1515,0.15382790176801156
7,1501,1508,0.1538282886196003
7,1498,1505,0.153831080451046
6,1500,1506,0.15383378326468894
5,1501,1506,0.15383853214185372
6,1504,1510,0.15384523750607432
6,1511,1517,0.1538493439844215
6,1500,1506,0.15385326108102418
7,1509,1516,0.15385699434365255
7,1502,1509,0.1538581021327044
7,1499,1506,0.15385921581453396
7,1496,1503,0.15386032789073004
7,1502,1509,0.15386143201147706
7,1495,1502,0.1538625228387264
8,1502,1510,0.15386359592415302
8,1499,1507,0.1538613700192172
9,1495,1504,0.15385942615068757
9,1501,1510,0.15385447280883036
8,1515,1523,0.15385004592078289
9,1520,1529,0.15384834317446866
8,1518,1526,0.15384460246677026
8,1510,1518,0.15384342635377013
8,1510,1518,0.15384247850764182
8,1517,1525,0.1538417298379973
8,1525,1533,0.15384115449773028
7,1516,1523,0.15384072954297667
7,1520,1527,0.15384260651893478
7,1519,1526,0.15384446306284627
7,1504,1511,0.1538462913349146
7,1510,1517,0.15384808485187548
7,1514,1521,0.15384983831931037
7,1508,1515,0.15385154748240457
7,1506,1513,0.15385320899323118
7,1488,1495,0.153854820292834
7,1480,1487,0.15385637950655862
7,1499,1506,0.15385788535123676
7,1490,1497,0.1538593370529732
6,1503,1509,0.15386073427440916
6,1500,1506,0.15386425714659932
6,1508,1514,0.15386759242210016
6,1500,1506,0.15387074892603056
6,1507,1513,0.15387373519738592
7,1522,1529,0.15387655948213286
7,1515,1522,0.15387596245428534
6,1503,1509,0.15387552453589576
6,1509,1515,0.15387737995914488
6,1511,1517,0.1538792220355991
6,1495,1501,0.15388104193451288
6,1500,1506,0.15388283229533173
6,1503,1509,0.15388458704806174
4,1517,1521,0.15388630125328112
4,1508,1512,0.15389227609824294
4,1503,1507,0.1538979429652969
4,1502,1506,0.15390331523284784
4,1509,1513,0.15390840598271358
4,1519,1523,0.15391322796821558
4,1517,1521,0.15391779358903435
4,1515,1519,0.15392211487195223
5,1516,1521,0.15392620345670538
5,1527,1532,0.153926796470847
4,1520,1524,0.1539274848277761
4,1524,1528,0.15393058656854236
4,1505,1509,0.15393359039187487
4,1513,1517,0.15393649341945415
4,1519,1523,0.15393929380685303
4,1516,1520,0.15394199059723654
4,1519,1523,0.15394458359205723
5,1516,1521,0.15394707323692675
5,1506,1511,0.15394618019794792
5,1502,1507,0.15394549297257
6,1505,1511,0.15394498435865026
6,1502,1508,0.15394136414653345
7,1502,1509,0.15393818249296912
8,1497,1505,0.15393211812359964
8,1513,1521,0.1539234394941293
8,1499,1507,0.15391565348274241
10,1497,1507,0.15390867071663625
11,1503,1514,0.15389621075152246
11,1506,1517,0.1538816779145858
11,1505,1516,0.15386854364351454
10,1511,1521,0.15385667339020473
9,1513,1522,0.15384850157325353
9,1533,1542,0.15384333021964372
8,1534,1542,0.1538387815837014
9,1514,1523,0.15383717048681655
9,1509,1518,0.1538334482096814
9,1504,1513,0.1538301865980583
9,1507,1516,0.15382747669680572
9,1496,1505,0.15382511064076337
10,1497,1507,0.1538230502390267
8,1512,1520,0.15381799393045292
8,1509,1517,0.15381817085054658
8,1505,1513,0.1538185186206621
7,1500,1507,0.1538187596235932
7,1501,1508,0.15382132778652444
7,1503,1510,0.15382389591391055
7,1506,1513,0.1538264490528677
7,1500,1507,0.153828974592051
6,1497,1503,0.1538314619821129
6,1509,1515,0.1538361470154379
7,1503,1510,0.15384063301467926
7,1505,1512,0.1538425538822593
7,1509,1516,0.15384444869215033
7,1516,1523,0.1538463103332377
7,1508,1515,0.15384813295998367
7,1510,1517,0.153848842397457
7,1506,1513,0.15384891620059615
8,1504,1512,0.15384920702686483
8,1516,1524,0.15384737301783405
8,1503,1511,0.15384584404457347
7,1516,1523,0.15384458285557082
8,1516,1524,0.15384582699287735
9,1514,1523,0.15384394291640358
10,1501,1511,0.15383911332977374
10,1505,1515,0.15383163203533193
10,1521,1531,0.15382498638153597
10,1503,1513,0.15381908887829293
9,1503,1512,0.15381386088679408
10,1511,1521,0.15381142282381208
10,1509,1519,0.15380712426143264
10,1515,1525,0.1538033233590785
10,1510,1520,0.153799967088764
10,1518,1528,0.15379700783920722
10,1517,1527,0.15379440287545296
10,1519,1529,0.15379211385165914
10,1517,1527,0.15378932147123858
10,1501,1511,0.15378584463551398
11,1496,1507,0.1537828659073401
11,1498,1509,0.1537770721271102
11,1500,1511,0.15377197092506548
11,1508,1519,0.1537674872203002
11,1506,1517,0.15376260459574362
11,1511,1522,0.15375836267416848
11,1505,1516,0.15375468929095285
11,1509,1520,0.1537515198724914
10,1509,1519,0.15374879666591545
9,1505,1514,0.15374910602708702
9,1498,1507,0.15375175579450692
8,1505,1513,0.15375438514205647
7,1513,1520,0.15375941676899
7,1524,1531,0.15376639560676264
6,1532,1538,0.15377302997188202
6,1523,1529,0.15378149573532163
7,1513,1520,0.15378943400986483
7,1505,1512,0.1537937214895323
7,1513,1520,0.15379791193437875
7,1504,1511,0.15380199520686821
7,1520,1527,0.15380596334944183
8,1520,1528,0.15380981030002186
8,1515,1523,0.15381088027972234
8,1511,1519,0.15381203127918486
8,1503,1511,0.15381324422471832
8,1515,1523,0.15381450256830942
9,1507,1516,0.15381579200243478
8,1500,1508,0.15381383822015512
8,1509,1517,0.15381535220353984
9,1499,1508,0.15381685351222277
9,1504,1513,0.1538150629579823
9,1489,1498,0.15381355274270864
9,1487,1496,0.15381228918640763
9,1495,1504,0.15381124226838072
9,1499,1508,0.15381038524876195
10,1503,1513,0.15380969432815386
11,1502,1513,0.1538058794356163
10,1513,1523,0.1537992217648806
10,1507,1517,0.15379541833473595
10,1507,1517,0.15379210598249882
10,1503,1513,0.15378922973892362
10,1511,1521,0.15378674040132542
10,1515,1525,0.15378459394905772
10,1512,1522,0.15378275101708863
10,1504,1514,0.15378117642196848
11,1497,1508,0.15377983873503745
11,1495,1506,0.15377543035589603
12,1505,1517,0.15377151241994846
12,1504,1516,0.15376475402994258
12,1511,1523,0.1537586956575247
12,1502,1514,0.15375326702153533
12,1478,1490,0.15374840477102317
11,1491,1502,0.15374405180922646
11,1512,1523,0.15374242850962866
10,1501,1511,0.15374106891358338
10,1507,1517,0.15374264762753675
10,1513,1523,0.15374421210764702
10,1504,1514,0.15374575527059559
11,1510,1521,0.1537472712344226
11,1501,1512,0.1537454904029453
9,1492,1501,0.1537439789795375
9,1507,1516,0.15374701737212523
9,1499,1508,0.15375000325550808
8,1497,1505,0.153752926911021
8,1492,1500,0.15375812278686588
9,1503,1512,0.1537630832986772
9,1499,1508,0.15376535670781752
8,1513,1521,0.1537675852174326
8,1509,1517,0.1537719212273526
9,1505,1514,0.15377607009438665
10,1517,1527,0.15377678552093882
9,1512,1521,0.15377436812746917
9,1506,1515,0.15377550598239714
8,1506,1514,0.1537767120219736
8,1511,1519,0.15378013360699447
8,1514,1522,0.1537834600920417
8,1524,1532,0.15378668646687335
8,1527,1535,0.15378980905614095
9,1523,1532,0.15379282533993816
9,1519,1528,0.15379249841673284
10,1512,1522,0.1537923643841305
10,1514,1524,0.1537891293651011
10,1506,1516,0.15378633873120384
10,1504,1514,0.1537839416042701
10,1497,1507,0.15378189249661045
10,1488,1498,0.15378015076218143
9,1492,1501,0.15377868010239848
9,1496,1505,0.15377962099577794
10,1511,1521,0.15378063953071588
10,1511,1521,0.15377845371962548
9,1510,1519,0.15377661732263748
9,1506,1515,0.15377727350876502
9,1518,1527,0.15377806233912472
10,1508,1518,0.15377895893104743
9,1504,1513,0.15377735960396513
9,1510,1519,0.15377818414897831
10,1514,1524,0.15377910968171762
10,1521,1531,0.15377781827080605
10,1506,1516,0.15377674139089703
10,1508,1518,0.15377585282101422
9,1501,1510,0.15377512920889036
10,1508,1518,0.1537767159186592
11,1508,1519,0.1537750470814207
11,1506,1517,0.15377039340638093
11,1501,1512,0.1537662998083642
11,1512,1523,0.15376270544585702
12,1510,1522,0.15375955576431838
12,1518,1530,0.15375361558431813
12,1511,1523,0.15374831962773472
13,1500,1513,0.15374360133243123
13,1497,1510,0.1537361420728177
13,1499,1512,0.15372945209951328
13,1506,1519,0.1537234543524278
14,1513,1527,0.15371778056224308
14,1499,1513,0.1537094526673686
13,1500,1513,0.1537019734112034
13,1506,1519,0.15369767238519969
13,1504,1517,0.1536938873648417
13,1509,1522,0.15369056236584755
11,1497,1508,0.15368764718413064
11,1507,1518,0.1536900219985407
11,1498,1509,0.1536925296592904
12,1504,1516,0.15369496942673153
12,1509,1521,0.15369422064630153
13,1510,1523,0.15369271906932722
13,1501,1514,0.15368894110083092
13,1510,1523,0.15368461229107255
13,1513,1526,0.1536808826497601
16,1501,1517,0.1536766048152457
17,1487,1504,0.15366406369507932
17,1501,1518,0.1536497101307675
17,1502,1519,0.15363684988226697
18,1504,1522,0.15362533289427835
17,1515,1532,0.15361204552030425
15,1500,1515,0.15360240316548673
16,1511,1527,0.1535989972671534
18,1500,1518,0.15359372787213504
18,1502,1520,0.15358331689715582
17,1498,1515,0.15357398818486984
16,1501,1517,0.15356807855332416
16,1492,1508,0.15356503377326505
16,1490,1506,0.1535624812756882
16,1496,1512,0.15355975171844252
16,1501,1517,0.1535574982151554
16,1498,1514,0.15355566202284446
16,1497,1513,0.1535534323770611
16,1492,1508,0.15355163831838528
16,1498,1514,0.15355022442214072
15,1490,1505,0.15354914141461984
14,1494,1508,0.15355064557981382
15,1502,1517,0.15355442505393813
16,1507,1523,0.15355588713507015
16,1502,1518,0.15355494978080916
15,1489,1504,0.15355424287956024
16,1480,1496,0.15355611822501541
13,1502,1515,0.15355533624095913
13,1521,1534,0.1535614878446011
14,1508,1522,0.15356738173008488
14,1496,1510,0.15356975077641918
14,1498,1512,0.15357217724462024
14,1495,1509,0.15357463803673888
12,1498,1510,0.15357711335816876
13,1501,1514,0.15358392229254034
12,1495,1507,0.15358819857984296
13,1509,1522,0.15359449546646303
13,1493,1506,0.1535983027695278
12,1511,1523,0.15360152366573943
13,1511,1524,0.15360685833167284
11,1502,1513,0.15360964918073197
11,1507,1518,0.15361711171059647
10,1503,1513,0.15362421201741758
10,1505,1515,0.15363319748505652
10,1505,1515,0.15364170160664548
10,1507,1517,0.15364974727846265
11,1509,1520,0.15365735662265428
8,1500,1508,0.15366208700164197
9,1510,1519,0.15367332345549817
11,1505,1516,0.1536810819674509
12,1494,1506,0.15368365176501947
11,1508,1519,0.15368292711576248
12,1504,1516,0.15368464412766294
13,1500,1513,0.15368319408076495
12,1508,1520,0.15367885793302016
12,1497,1509,0.15367738822863902
11,1508,1519,0.1536763370501789
11,1503,1514,0.15367841634714793
10,1507,1517,0.15368057970648208
10,1504,1514,0.15368500716907024
11,1516,1527,0.15368933239178467
11,1504,1515,0.1536909899021036
11,1493,1504,0.1536927229899978
11,1502,1513,0.15369451003028461
11,1510,1521,0.15369633235305505
11,1511,1522,0.15369817390622184
11,1505,1516,0.15370002095374272
12,1511,1523,0.15370186180589454
12,1506,1518,0.15370041567222162
12,1503,1515,0.15369925122672717
12,1503,1515,0.153698332639118
12,1506,1518,0.15369762806037265
11,1503,1514,0.15369605675676534
11,1502,1513,0.15369763774388864
11,1503,1514,0.1536992665311827
11,1499,1510,0.15370092621752615
11,1493,1504,0.1537026022870864
10,1485,1495,0.1537042823327714
10,1495,1505,0.1537082076375003
12,1511,1523,0.15371197254035973
12,1511,1523,0.15370991983733515
12,1507,1519,0.15370818322499374
12,1501,1513,0.1537067249423607
12,1501,1513,0.15370551132015428
12,1505,1517,0.153704512358189
12,1507,1519,0.15370370134529154
13,1517,1530,0.15370223371761965
13,1520,1533,0.153697764817664
13,1522,1535,0.15369384122122096
13,1515,1528,0.15369040326922886
14,1524,1538,0.1536873974955064
13,1512,1525,0.15368151445994474
13,1512,1525,0.15367846300520996
15,1509,1524,0.15367585581830703
15,1509,1524,0.15366803977646737
15,1506,1521,0.15366103222901
15,1506,1521,0.15365475194285588
16,1505,1521,0.15364912571022418
18,1497,1515,0.1536408133132893
17,1509,1526,0.15362593484027903
18,1497,1515,0.15361469955706306
19,1478,1497,0.153602416440719
20,1487,1507,0.1535890980499063
19,1482,1501,0.15357380485800992
19,1486,1505,0.15356101361269367
19,1489,1508,0.15354958059710608
19,1496,1515,0.1535393038060307
19,1499,1518,0.15353073900405914
19,1505,1524,0.15352307210173927
19,1501,1520,0.15351621232870127
19,1512,1531,0.1535100779021819
18,1515,1533,0.15350459514807263
17,1519,1536,0.15350183411505777
19,1510,1529,0.15350174300205152
19,1506,1525,0.15349533003678278
18,1500,1518,0.15348969722821038
19,1490,1509,0.15348782525625515
19,1504,1523,0.1534830316612327
19,1494,1513,0.15347789981561127
19,1493,1512,0.15347345859284714
19,1493,1512,0.15346912477531635
20,1480,1500,0.15346579817202433
21,1484,1505,0.1534596878324338
20,1483,1503,0.15345105625544547
20,1491,1511,0.15344555703652454
19,1489,1508,0.1534407849858364
19,1498,1517,0.1534395261917424
19,1495,1514,0.1534385979688847
19,1501,1520,0.1534379557399936
19,1508,1527,0.15343755998984968
19,1510,1529,0.1534373757320019
19,1497,1516,0.15343737202950572
19,1486,1505,0.1534375215643314
19,1493,1512,0.15343700085871656
18,1501,1519,0.15343671444546925
18,1495,1513,0.15343878168230599
18,1493,1511,0.1534408874036135
19,1482,1501,0.15344301330144997
19,1487,1506,0.15344186667313417
19,1492,1511,0.15344101781378425
20,1498,1518,0.15344042661580867
20,1505,1525,0.15343698225510113
20,1505,1525,0.15343400593153864
18,1501,1519,0.15343144452926227
18,1493,1511,0.15343367580990006
17,1493,1510,0.15343595192966217
14,1504,1518,0.1534404246456598
14,1512,1526,0.153451243801151
12,1505,1517,0.1534618682861498
13,1496,1509,0.15347617661657903
13,1492,1505,0.1534874112233205
12,1486,1498,0.15349805326837757
11,1491,1502,0.15351028323703644
12,1501,1513,0.1535240506946111
11,1509,1520,0.15353410808744455
11,1515,1526,0.1535459209973062
11,1505,1516,0.15355712602048271
12,1508,1520,0.1535677493433525
10,1495,1505,0.15357539472218218
11,1500,1511,0.15358701607906883
11,1496,1507,0.15359576208232226
10,1498,1508,0.1536040699631828
10,1490,1500,0.1536141082876271
11,1492,1503,0.15362361278279454
11,1486,1497,0.15362928796011346
11,1500,1511,0.15363379928231474
11,1502,1513,0.1536382875756064
11,1505,1516,0.1536427297404192
11,1506,1517,0.15364710646086135
11,1504,1515,0.15365140174421496
11,1502,1513,0.15365560251071672
11,1491,1502,0.15365969822841316
11,1498,1509,0.1536636805884046
11,1514,1525,0.15366754321626494
11,1512,1523,0.15367128141585013
11,1501,1512,0.15367489194209188
11,1513,1524,0.15367837279971855
12,1516,1528,0.1536817230651558
12,1511,1523,0.15368189337109292
12,1508,1520,0.15368220513100095
11,1515,1526,0.1536826350548935
12,1515,1527,0.15368533296250222
12,1504,1516,0.15368573757116685
13,1505,1518,0.15368622542903637
14,1502,1516,0.1536835560118705
14,1518,1532,0.15367797269327377
14,1522,1536,0.1536730081751764
15,1509,1524,0.1536685979594035
15,1509,1524,0.15366160328882436
14,1499,1513,0.1536553303576052
12,1507,1519,0.15365186541551437
13,1505,1518,0.15365436760738366
13,1512,1525,0.15365410380602798
13,1504,1517,0.15365400292274803
13,1507,1520,0.15365404084605594
13,1492,1505,0.15365382350627532
13,1505,1518,0.1536537648180335
13,1502,1515,0.15365384107638141
12,1494,1506,0.15365403137285294
12,1486,1498,0.1536564710821979
12,1504,1516,0.15365885891462747
11,1516,1527,0.15366118861733072
11,1510,1521,0.15366562462196717
12,1513,1525,0.153669862258621
12,1500,1512,0.1536714441651375
12,1496,1508,0.1536730179024593
12,1514,1526,0.153674575466679
12,1503,1515,0.15367611015915741
12,1508,1520,0.15367761642847522
11,1505,1516,0.15367908972954836
10,1510,1520,0.15368268934042753
10,1507,1517,0.15368826725457094
10,1501,1511,0.15369354910917882
10,1507,1517,0.15369854861575952
10,1498,1508,0.15370327907350734
11,1498,1509,0.15370775335332243
11,1497,1508,0.15370952355184278
11,1497,1508,0.15371124121360558
10,1494,1504,0.1537129041674869
11,1501,1512,0.1537166600598491
11,1498,1509,0.15371800874058805
11,1506,1517,0.15371835515367077
11,1503,1514,0.15371881394260517
10,1499,1509,0.1537193653519743
9,1505,1514,0.15372217353203133
9,1505,1514,0.15372710097443232
8,1505,1513,0.15373181268378452
9,1493,1502,0.15373849562431668
9,1506,1515,0.1537425870270765
8,1497,1505,0.1537464979466371
8,1503,1511,0.15375236985066643
8,1500,1508,0.15375794067303306
9,1498,1507,0.1537632231235557
9,1515,1524,0.15376589448996716
9,1512,1521,0.1537684627129898
10,1505,1515,0.15377092829082495
10,1500,1510,0.1537705466838429
10,1495,1505,0.1537702884268226
11,1506,1517,0.15377013631798456
11,1501,1512,0.15376681054552566
11,1496,1507,0.15376386737704434
11,1506,1517,0.15376126612128427
12,1512,1524,0.15375897024343355
12,1498,1510,0.15375368033889664
12,1501,1513,0.15374893845454743
12,1507,1519,0.15374468936501734
12,1509,1521,0.15374088332111951
11,1509,1520,0.1537374755120881
11,1506,1517,0.15373657532367538
12,1506,1518,0.15373586643222392
12,1507,1519,0.15373303726424778
12,1512,1524,0.1537305041286465
11,1510,1521,0.15372823703869654
11,1512,1523,0.15372835450038827
10,1508,1518,0.15372855649178857
9,1501,1510,0.15373106114856205
9,1504,1513,0.1537356412179394
9,1516,1525,0.15374000361266507
9,1503,1512,0.15374415560527832
9,1498,1507,0.15374810460771596
8,1512,1520,0.15375185810630257
7,1509,1516,0.1537577644277829
6,1517,1523,0.15376548470049972
6,1517,1523,0.15377494684820647
6,1517,1523,0.15378384672659884
6,1528,1534,0.15379221713394955
6,1517,1523,0.15380008901663336
6,1519,1525,0.15380749156745938
6,1517,1523,0.15381445231943655
6,1524,1530,0.15382099723511103
6,1507,1513,0.15382715079162007
6,1513,1519,0.1538329360616096
6,1513,1519,0.15383837479016524
6,1498,1504,0.15384348746790763
6,1496,1502,0.15384829340040224
6,1499,1505,0.15385281077403254
6,1500,1506,0.15385705671848515
6,1502,1508,0.153861047365991
6,1507,1513,0.15386479790746563
6,1501,1507,0.1538672109134424
6,1499,1505,0.15386958605100892
5,1503,1508,0.15387191522835855
5,1507,1512,0.1538763693254879
5,1522,1527,0.15388063252695688
5,1516,1521,0.15388470880009233
5,1510,1515,0.15388860259980242
5,1513,1518,0.15389231876949336
5,1515,1520,0.15389586245462122
4,1501,1505,0.15389923902748057
4,1509,1513,0.15390462247265332
4,1504,1508,0.15390971895930902
4,1515,1519,0.15391454210383443
4,1525,1529,0.15391910505853715
4,1515,1519,0.15392342050530303
4,1508,1512,0.15392750065292254
3,1513,1516,0.15393135723755094
3,1514,1517,0.1539373446342975
3,1505,1508,0.15394296937565174
3,1510,1513,0.1539482533431139
3,1515,1518,0.15395321710616564
3,1509,1512,0.153957880000133
3,1508,1511,0.15396226019950848
3,1515,1518,0.1539663747869877
2,1500,1502,0.15397023981846467
1,1509,1510,0.153976012838278
1,1512,1513,0.15398360589511784
1,1511,1512,0.15399073913386652
1,1515,1516,0.15399744035653362
1,1527,1528,0.15400373568842166
1,1520,1521,0.15400964967882452
1,1521,1522,0.1540152053957201
1,1507,1508,0.15402042451481035
0,1521,1521,0.15402532740324346
