1373,28,1401,0.13579591991698425
1407,29,1436,0.13293462902494224
1427,30,1457,0.13023868108915967
1441,30,1471,0.1277310163857678
1438,31,1469,0.12541140472735182
1440,32,1472,0.12331050658544154
1457,33,1490,0.12139752326488434
1458,33,1491,0.11961189967166845
1462,32,1494,0.11798733580760583
1463,31,1494,0.11649867836864637
1447,31,1478,0.11514234381351035
1464,31,1495,0.11395008674346614
1459,33,1492,0.11282340749679771
1462,33,1495,0.11181311632795893
1450,34,1484,0.11088821637076857
1441,36,1477,0.1100773717362035
1446,38,1484,0.10936525557728072
1445,38,1483,0.1087057254855376
1448,38,1486,0.10810574593769656
1445,39,1484,0.10755393315844158
1452,42,1494,0.10705850682834946
1454,45,1499,0.1065923376988406
1462,48,1510,0.10616299013280622
1451,46,1497,0.10575631106343664
1459,45,1504,0.1054114898031497
1454,43,1497,0.1050815328500332
1449,43,1492,0.10479304041543695
1445,46,1491,0.1045431224107007
1449,45,1494,0.10432352866212705
1458,45,1503,0.1041135637613988
1464,44,1508,0.10390352374674969
1468,42,1510,0.10369970694575517
1464,41,1505,0.10350346791351221
1464,44,1508,0.10333629340788536
1446,42,1488,0.10318368693310574
1445,41,1486,0.10308644136860579
1441,44,1485,0.1030016315620066
1446,42,1488,0.10293334856758019
1443,44,1487,0.1028598744838359
1443,45,1488,0.10280176589639249
1443,47,1490,0.1027484611507496
1427,47,1474,0.10270038470662796
1435,50,1485,0.10269565760090789
1433,49,1482,0.10267210662738308
1426,51,1477,0.10265433167387839
1426,49,1475,0.10265511379310793
1440,51,1491,0.10265634029305012
1438,53,1491,0.10262917509352701
1445,53,1498,0.10260795238101911
1447,54,1501,0.10257257579231772
1432,58,1490,0.10253613955724344
1441,58,1499,0.1025387370280076
1440,58,1498,0.10252313970949363
1441,58,1499,0.10250825623794117
1448,59,1507,0.10249219948254386
1421,61,1482,0.10246263200821445
1427,60,1487,0.10249949204312447
1424,60,1484,0.1025201791270221
1439,61,1500,0.10254750026942987
1442,59,1501,0.10253973529883385
1440,57,1497,0.10252531236300168
1449,58,1507,0.1025167500052972
1448,59,1507,0.10248755270183421
1466,55,1521,0.10246372042337533
1449,56,1505,0.10240125305673109
1440,58,1498,0.10238116783886894
1435,58,1493,0.10238126102271018
1430,58,1488,0.10239427359416652
1426,59,1485,0.1024195714512048
1425,59,1484,0.10245122873795796
1426,60,1486,0.10248374881610887
1431,59,1490,0.10251004337586733
1435,63,1498,0.10252280699826948
1433,64,1497,0.10252730163653297
1430,66,1496,0.10253296057064791
1427,70,1497,0.10254767411330241
1426,71,1497,0.10256826231557004
1430,68,1498,0.10259091039077342
1434,71,1505,0.10260423818076013
1425,70,1495,0.10260526070980536
1412,69,1481,0.10262730246279678
1418,71,1489,0.10267572382535219
1416,69,1485,0.10270826241406869
1409,73,1482,0.10274194489631285
1406,72,1478,0.10279068563241309
1407,76,1483,0.10284328702911497
1417,77,1494,0.1028871150276405
1416,74,1490,0.10290776478312838
1409,71,1480,0.10292791349503563
1423,71,1494,0.10296290849265567
1428,71,1499,0.1029633710458903
1433,68,1501,0.10295035252864629
1429,70,1499,0.1029279724754752
1437,70,1507,0.10291523253927433
1446,68,1514,0.10288387899684244
1430,70,1500,0.10283260908847539
1427,69,1496,0.1028239021573076
1438,72,1510,0.10282327389263286
1430,71,1501,0.10279865032821174
1415,73,1488,0.10279597412103232
1429,74,1503,0.10282547157513491
1430,75,1505,0.1028213569039433
1440,76,1516,0.1028166265321353
1428,78,1506,0.10279011452144189
1422,81,1503,0.1027928963234545
1425,80,1505,0.10281081890116509
1414,81,1495,0.10282129105601573
1424,83,1507,0.10285708662455617
1436,81,1517,0.10286953683229129
1424,83,1507,0.10285608196479153
1416,79,1495,0.10286857733112285
1414,80,1494,0.10289873420379397
1423,81,1504,0.10293073044459355
1411,81,1492,0.10294127995309381
1401,83,1484,0.10297729526989224
1394,81,1475,0.10303242360565407
1385,82,1467,0.10309967156668406
1393,83,1476,0.1031808539817106
1409,83,1492,0.10323945186083598
1411,85,1496,0.10325765135901581
1411,85,1496,0.10326995748381304
1388,83,1471,0.103279989551326
1380,83,1463,0.10334170924087385
1392,91,1483,0.10341582310960692
1386,91,1477,0.10345858469544993
1389,91,1480,0.10351069357559614
1402,95,1497,0.10355332446090693
1390,100,1490,0.10356470822598796
1399,107,1506,0.10360232360664696
1394,106,1500,0.10361788837805865
1389,112,1501,0.10364364782459137
1394,112,1506,0.10367943042369042
1379,116,1495,0.10370350133303102
1375,117,1492,0.10376086198025496
1379,119,1498,0.10382394108497238
1385,121,1506,0.10387377234108328
1383,121,1504,0.10390702495579118
1381,122,1503,0.10394400178451306
1379,122,1501,0.10398283179659021
1372,125,1497,0.10402494965631577
1387,123,1510,0.10408020025173594
1381,127,1508,0.10409627319678912
1372,128,1500,0.1041232331995414
1373,126,1499,0.10417008376522877
1371,125,1496,0.10421316937211272
1370,122,1492,0.1042568965319441
1363,127,1490,0.10429774341762389
1373,125,1498,0.10435284417309301
1367,125,1492,0.10438022681086499
1366,130,1496,0.10442154302828285
1359,126,1485,0.10446222861815518
1362,127,1489,0.10451723046569014
1365,131,1496,0.10456053613420528
1357,128,1485,0.10459465159853153
1361,124,1485,0.10464334635763733
1366,123,1489,0.10468128719188932
1370,125,1495,0.10470163684112099
1365,126,1491,0.10471071638973704
1364,123,1487,0.10472640421326261
1363,123,1486,0.10474559623015108
1354,127,1481,0.10476489162341704
1358,128,1486,0.10480456098387578
1350,126,1476,0.10483269656309624
1349,126,1475,0.10487552769198634
1363,129,1492,0.10491700550075432
1353,122,1475,0.10492241579872669
1352,127,1479,0.10494876966030539
1350,129,1479,0.10497662048107034
1345,131,1476,0.1050096012147897
1356,132,1488,0.10504925662770404
1354,131,1485,0.10506257713343527
1370,131,1501,0.10508146706125274
1364,126,1490,0.10506108980060079
1360,127,1487,0.10505385843637347
1357,127,1484,0.10505545550579211
1363,128,1491,0.10506538203288368
1359,130,1489,0.10506298354733128
1367,131,1498,0.10506855773275586
1366,136,1502,0.10505476654667331
1370,132,1502,0.10504557084651936
1357,135,1492,0.10502819946639827
1348,142,1490,0.10504180522443292
1355,140,1495,0.10507542587172448
1358,145,1503,0.1050904837856905
1348,146,1494,0.10510051176686926
1338,145,1483,0.10513129201155819
1336,148,1484,0.1051827674491361
1350,149,1499,0.10523625517260767
1357,149,1506,0.10525333174412513
1368,150,1518,0.10525349792029354
1351,150,1501,0.10522810220099423
1355,146,1501,0.10524347342503906
1339,142,1481,0.10525135649995038
1335,140,1475,0.10529254881559343
1354,144,1498,0.10533891998937593
1349,148,1497,0.1053401815586183
1338,145,1483,0.10535524026609426
1341,150,1491,0.1053915789038177
1336,147,1483,0.10541854314124866
1338,145,1483,0.10545509757452275
1326,144,1470,0.1054825915676211
1325,147,1472,0.10553596129559356
1327,151,1478,0.10558984673328077
1328,152,1480,0.10563449792030223
1336,154,1490,0.10567400565621704
1341,158,1499,0.10569086284203812
1347,153,1500,0.10569622142457533
1339,154,1493,0.10568675781335571
1336,159,1495,0.10569816138143445
1330,157,1487,0.10571567413164798
1325,158,1483,0.10574672073939909
1325,155,1480,0.10578465528444682
1332,163,1495,0.10582024006116368
1339,165,1504,0.10583631457338274
1340,165,1505,0.10583431383132291
1343,170,1513,0.10583137159558677
1343,162,1505,0.10582520508076833
1347,159,1506,0.10582031097270071
1340,163,1503,0.10580878480950223
1334,159,1493,0.10581305409897031
1333,163,1496,0.10582994623170336
1329,170,1499,0.10584923503563626
1332,171,1503,0.10587629426858923
1331,173,1504,0.10589346280387653
1326,171,1497,0.10591275509585393
1335,175,1510,0.1059432136887662
1340,173,1513,0.10594918997424603
1334,170,1504,0.10594485188631719
1327,174,1501,0.10595393587048657
1324,178,1502,0.10597674534626879
1321,176,1497,0.10600649474301455
1321,182,1503,0.1060424570463097
1319,181,1500,0.10607593757372272
1316,182,1498,0.10611341339216727
1316,183,1499,0.10615711764612358
1314,186,1500,0.10619852016092893
1299,184,1483,0.10623865210860245
1299,185,1484,0.10631157955042836
1288,193,1481,0.10638227874495172
1293,193,1486,0.10647530592422769
1292,193,1485,0.10655025689754934
1298,195,1493,0.10661881193716737
1295,197,1492,0.10666885512154636
1288,200,1488,0.10672305307706513
1279,201,1480,0.10679074417532221
1279,200,1479,0.10687302648604906
1286,202,1488,0.10695130297632556
1302,199,1501,0.10700714381679612
1305,196,1501,0.10702346067023268
1301,195,1496,0.10703156752894859
1305,199,1504,0.10704615699677855
1302,198,1500,0.1070495985645001
1298,200,1498,0.10706006406128925
1300,203,1503,0.10708042663116309
1285,199,1484,0.10709604205740984
1290,200,1490,0.10714437346251633
1286,202,1488,0.10717775994740751
1274,203,1477,0.10721729559615355
1267,205,1472,0.10728008482539277
1265,206,1471,0.10735396622014527
1270,207,1477,0.10742667908338728
1281,210,1491,0.10748488317516593
1277,211,1488,0.1075115418505205
1289,211,1500,0.1075469017363659
1286,214,1500,0.10754987926588849
1284,213,1497,0.1075608709248889
1278,215,1493,0.10757463646057065
1274,216,1490,0.10760477881552162
1274,209,1483,0.10764290283248218
1288,209,1497,0.1076761876552435
1282,207,1489,0.10767515943715214
1271,210,1481,0.10768645136412396
1269,215,1484,0.10771932097840246
1274,210,1484,0.10775331911225415
1277,217,1494,0.10777722075893466
1269,215,1484,0.10779456438803506
1265,215,1480,0.10782806526066208
1257,217,1474,0.10786600786127622
1265,217,1482,0.10792040118755923
1260,217,1477,0.1079538316887809
1256,217,1473,0.10799402435872812
1262,218,1480,0.10804107242328588
1272,218,1490,0.10806989730181746
1267,220,1487,0.1080749670281595
1264,224,1488,0.10809037502372455
1263,223,1486,0.10811232893418346
1254,219,1473,0.1081352061176892
1251,225,1476,0.10817773965600268
1251,223,1474,0.10822585438380791
1261,221,1482,0.10826932265470823
1261,214,1475,0.10828279207958928
1268,219,1487,0.10829439242705263
1279,223,1502,0.10828740697144112
1281,224,1505,0.10825521573482551
1282,223,1505,0.10822202080633328
1283,221,1504,0.10818628621072574
1276,222,1498,0.10815015869231136
1275,222,1497,0.10813447673665058
1284,217,1501,0.1081233369095509
1272,221,1493,0.10809376840616586
1275,228,1503,0.10809441968263302
1276,230,1506,0.10809085061378418
1271,231,1502,0.10808677228278946
1272,232,1504,0.10809167185474637
1277,231,1508,0.10809758657638892
1265,233,1498,0.10808932671159614
1267,239,1506,0.10810834704818544
1263,238,1501,0.10812152564785546
1266,236,1502,0.10814324779411497
1249,238,1487,0.1081564015270671
1256,238,1494,0.10820712764111046
1253,241,1494,0.10823938136261488
1253,244,1497,0.10827817212360041
1258,245,1503,0.10831669808642619
1251,238,1489,0.10834212463545548
1246,243,1489,0.10838136279820393
1244,246,1490,0.10843113005816822
1241,252,1493,0.10848324711319124
1237,252,1489,0.10853769222654709
1235,249,1484,0.10859689886091439
1242,252,1494,0.10865549159804054
1251,252,1503,0.10869351035532566
1260,247,1507,0.10870699797434621
1245,247,1492,0.10869704476600114
1242,250,1492,0.10872390089980982
1255,246,1501,0.10875573757396051
1249,249,1498,0.10875620692128436
1238,250,1488,0.10877118749616323
1237,252,1489,0.10881202079708649
1250,249,1499,0.10885021896080632
1239,245,1484,0.10886081225119339
1241,246,1487,0.10889330906844163
1238,243,1481,0.1089209927156422
1249,250,1499,0.10895263825850066
1235,255,1490,0.10895748110950824
1239,253,1492,0.10898970895410848
1231,252,1483,0.10900891351540565
1248,254,1502,0.10904650670407806
1248,250,1498,0.10904421173000613
1262,248,1510,0.10904237924554927
1252,248,1500,0.10900801820616231
1246,249,1495,0.10900017768070967
1255,250,1505,0.10900524473204676
1233,254,1487,0.1089886578411846
1230,261,1491,0.10902231702469485
1225,263,1488,0.10906229833467375
1233,263,1496,0.10911253633265235
1231,261,1492,0.10914165158548769
1241,259,1500,0.10917334975462772
1243,255,1498,0.10918017467276726
1246,256,1502,0.10918444076351708
1243,258,1501,0.1091794449530829
1248,259,1507,0.10918417875101943
1236,263,1499,0.10917700768397562
1245,263,1508,0.10919714407497721
1254,258,1512,0.10919562404743323
1246,255,1501,0.10917552143661247
1252,254,1506,0.10917710332809318
1254,258,1512,0.10916078235983612
1245,260,1505,0.10914134561529634
1245,259,1504,0.10914648909277808
1243,260,1503,0.10915084676643559
1246,262,1508,0.10915973834199164
1244,260,1504,0.10916051044775556
1228,259,1487,0.10916536208506836
1236,255,1491,0.10920856803555828
1229,254,1483,0.10923021380971515
1231,250,1481,0.10926527026401273
1235,251,1486,0.10929128554791781
1235,253,1488,0.10930400688655464
1243,257,1500,0.10931524685394972
1257,254,1511,0.10930647187277176
1249,256,1505,0.10926436067459687
1247,256,1503,0.10924364780402243
1248,254,1502,0.10923296092616926
1240,253,1493,0.10922307130126335
1240,255,1495,0.10922973393762976
1233,257,1490,0.10923545397705173
1233,263,1496,0.10925497086633584
1222,262,1484,0.10927488849571163
1239,267,1506,0.10931745717749852
1219,266,1485,0.1093145196330833
1228,262,1490,0.10936070695848184
1242,262,1504,0.10938641875394296
1237,261,1498,0.10937810077438942
1247,266,1513,0.1093797527168375
1246,262,1508,0.10935491943406213
1228,263,1491,0.10933546547799523
1240,258,1498,0.10936146806193929
1245,252,1497,0.10936169885709125
1248,251,1499,0.10935061853280721
1242,257,1499,0.10933284023111285
1247,257,1504,0.109327308773201
1233,260,1493,0.10930702918167422
1251,261,1512,0.10931828084061752
1237,260,1497,0.10929183461753642
1246,257,1503,0.1092987722773615
1240,260,1500,0.1092852000361947
1240,262,1502,0.10928691882974945
1233,266,1499,0.10929046121195482
1242,268,1510,0.10930991460090453
1226,267,1493,0.10930860475187082
1236,271,1507,0.10934356524011082
1233,272,1505,0.10935329525660205
1229,269,1498,0.10937005237146603
1222,269,1491,0.10939357126858729
1230,273,1503,0.10943217092702597
1220,268,1488,0.10945080822506906
1219,272,1491,0.10949159256568773
1220,272,1492,0.10953301255653106
1224,273,1497,0.10956592477848347
1218,277,1495,0.10958763382787447
1222,279,1501,0.10962096978694229
1228,276,1504,0.10964506145394917
1222,279,1501,0.10965635946918002
1218,281,1499,0.10968042433039765
1219,281,1500,0.1097120526699912
1217,273,1490,0.10974144464050017
1215,278,1493,0.1097759627135718
1205,273,1478,0.10981027027791669
1215,273,1488,0.10986255508615372
1221,272,1493,0.10988762339024298
1222,270,1492,0.10989750846396064
1216,273,1489,0.10990502458288458
1218,275,1493,0.10992074881038474
1217,273,1490,0.1099311018607139
1227,273,1500,0.10994198162528822
1232,264,1496,0.10992927986816564
1229,266,1495,0.10990928487768675
1220,272,1492,0.10989633239513555
1215,280,1495,0.10990594981891824
1229,276,1505,0.10992541089155765
1216,282,1498,0.10990663723402366
1209,285,1494,0.10992351819862325
1206,283,1489,0.10995377929251113
1197,281,1478,0.10998607708715191
1174,280,1454,0.11003791737682658
1202,279,1481,0.1101397352201613
1187,276,1463,0.11016977785787249
1184,276,1460,0.11023186570466632
1198,281,1479,0.11029854432538148
1197,283,1480,0.1103294080295249
1204,283,1487,0.11036326398347088
1198,286,1484,0.11037904277821971
1199,297,1496,0.11040597245318626
1211,302,1513,0.11042918961837213
1209,296,1505,0.1104183923107644
1220,290,1510,0.11041552172777397
1218,290,1508,0.11038430392987036
1219,296,1515,0.1103598235718589
1218,297,1515,0.11033548697543022
1215,305,1520,0.11031828375591798
1203,305,1508,0.11030755875690479
1200,309,1509,0.11032774031478695
1188,309,1497,0.11035627136342888
1185,313,1498,0.11041053295807465
1188,317,1505,0.11046800213977978
1195,316,1511,0.11051772979982989
1191,316,1507,0.11054851820733966
1195,315,1510,0.11058684362322563
1198,318,1516,0.11061386814371893
1199,315,1514,0.11063433235751191
1195,321,1516,0.11065064405433234
1199,317,1516,0.11067305218054177
1196,323,1519,0.1106837899012071
1197,320,1517,0.11069807320383923
1194,319,1513,0.11071200141481967
1185,322,1507,0.1107338238649577
1182,321,1503,0.11077516650813536
1169,322,1491,0.11082091533372526
1167,318,1485,0.11089422841460866
1174,316,1490,0.11096540252020215
1178,321,1499,0.11101591743596181
1181,322,1503,0.11105595726420964
1184,321,1505,0.11108571761054353
1181,328,1509,0.11110787251932555
1174,330,1504,0.11113661963528706
1166,327,1493,0.1111795360323301
1177,339,1516,0.11123669153370613
1170,334,1504,0.11126477070274833
1164,331,1495,0.11130447944442308
1163,333,1496,0.11135496048523709
1165,337,1502,0.11140306509148132
1170,340,1510,0.11144574203059535
1157,336,1493,0.11146983163010259
1154,336,1490,0.11152365646327964
1155,338,1493,0.11157886102912495
1162,330,1492,0.11162680846581921
1161,331,1492,0.11165480733417434
1158,332,1490,0.11168406644746597
1144,333,1477,0.11171986878241498
1152,337,1489,0.1117830659071262
1149,341,1490,0.11182528565857627
1152,343,1495,0.11187259668460353
1163,344,1507,0.11190834273045817
1155,350,1505,0.11191332530766442
1154,346,1500,0.1119345385900203
1153,342,1495,0.11195580488871464
1149,346,1495,0.11197732219486375
1152,348,1500,0.11201007192078942
1150,345,1495,0.11203549502381667
1150,345,1495,0.11206475221698906
1154,347,1501,0.11209240294507301
1153,353,1506,0.11210989669779936
1152,352,1504,0.11213009965505791
1151,353,1504,0.11215093554687282
1147,348,1495,0.11217421359275587
1151,345,1496,0.11220619774809634
1147,353,1500,0.11222724754515571
1144,353,1497,0.11225053113628071
1143,354,1497,0.11227772528897763
1140,353,1493,0.11230523261503808
1139,355,1494,0.11233761057638265
1142,359,1501,0.11237102474689387
1149,356,1505,0.11239641676296962
1143,362,1505,0.11240379273762517
1155,360,1515,0.11242672643373978
1157,365,1522,0.11242258343256037
1156,365,1521,0.11241341256529915
1150,356,1506,0.11240514442646951
1153,354,1507,0.11241155230159691
1138,348,1486,0.11240892172645207
1149,353,1502,0.11244090899998252
1147,348,1495,0.11244508501290973
1161,354,1515,0.11245426766029755
1159,355,1514,0.11243150672258397
1154,353,1507,0.11241210901085485
1154,350,1504,0.11240727725915839
1140,349,1489,0.11240068668435586
1137,359,1496,0.11242860630177659
1140,360,1500,0.11246264802615412
1133,365,1498,0.11248887111241317
1138,365,1503,0.11253011494891883
1132,371,1503,0.11255749600189369
1127,378,1505,0.11259655717059816
1133,378,1511,0.11264501059268188
1132,376,1508,0.11267998965514732
1129,382,1511,0.11271386527456329
1138,380,1518,0.1127512291634826
1133,376,1509,0.11276507804424124
1121,382,1503,0.11279009750772342
1110,382,1492,0.11284290862545657
1111,390,1501,0.11291797096010768
1104,388,1492,0.11298757527162305
1119,385,1504,0.11306940852335218
1120,388,1508,0.11310886773100855
1120,387,1507,0.11314616423768704
1127,392,1519,0.1131816619158462
1127,394,1521,0.11319617166234748
1109,391,1500,0.11321102530853479
1104,391,1495,0.11326471997885576
1109,392,1501,0.11332344642838141
1106,388,1494,0.1133685298943371
1108,399,1507,0.11342064001105978
1106,403,1509,0.11346178658568848
1107,407,1514,0.11350669472384865
1106,404,1510,0.11354443321623815
1106,409,1515,0.11358121691851254
1101,404,1505,0.11361741000578589
1107,405,1512,0.11366157558891762
1100,415,1515,0.11369276401187392
1084,414,1498,0.11373425680981214
1085,414,1499,0.1138105150108595
1099,424,1523,0.11387661536860286
1092,420,1512,0.11390580308796733
1083,421,1504,0.11395149034985019
1078,423,1501,0.11401622109033546
1078,422,1500,0.11408655345588321
1073,420,1493,0.11415386654196197
1062,420,1482,0.11423058899503712
1071,420,1491,0.1143261564901274
1063,419,1482,0.1143938756048091
1072,429,1501,0.11447492980466581
1072,427,1499,0.11453151799348531
1082,426,1508,0.11458416277035267
1078,428,1506,0.114608532465186
1071,430,1501,0.11464076567275336
1058,427,1485,0.11468546374058887
1070,432,1502,0.11475656930709242
1065,437,1502,0.11479841071692558
1058,435,1493,0.11484686121165658
1056,427,1483,0.11490938014892435
1050,426,1476,0.11497192004626478
1067,430,1497,0.11504546564698033
1065,429,1494,0.11507708913410283
1070,431,1501,0.11510885555958232
1061,425,1486,0.11512778862656603
1059,427,1486,0.11516721929639268
1048,427,1475,0.11520515796620617
1048,429,1477,0.11526531112784878
1058,435,1493,0.11532239420651294
1070,434,1504,0.11534957124858511
1078,440,1518,0.11534990449839799
1068,436,1504,0.1153309740065243
1060,434,1494,0.11534055122246692
1057,438,1495,0.1153684448517062
1057,441,1498,0.11540222669083229
1065,440,1505,0.11543315713456699
1061,440,1501,0.1154449200739959
1070,440,1510,0.11546475236650483
1077,437,1514,0.11546114068376938
1075,432,1507,0.11544003995504123
1069,440,1509,0.11542484610347457
1073,441,1514,0.11542392649452182
1073,439,1512,0.1154143379239597
1063,439,1502,0.11540345961940973
1048,446,1494,0.11541872740424296
1047,442,1489,0.11546845895518118
1048,441,1489,0.11551913956104208
1039,441,1480,0.1155631311678436
1039,447,1486,0.11562347466604452
1039,458,1497,0.11568019033481347
1037,456,1493,0.11573378048005178
1034,461,1495,0.11578904918258033
1039,455,1494,0.11584899160485801
1049,459,1508,0.11589419769142222
1044,457,1501,0.11591429580741743
1045,458,1503,0.11594500147445441
1044,462,1506,0.1159724649179933
1043,458,1501,0.11599832819577767
1042,462,1504,0.11602396992586667
1042,460,1502,0.11604907183087874
1026,450,1476,0.11607359663831136
1025,450,1475,0.11613469643033188
1032,454,1486,0.11619313446519687
1042,457,1499,0.11622978873367547
1035,461,1496,0.11624001349157513
1032,466,1498,0.11626370792254086
1041,464,1505,0.11628930297788795
1046,459,1505,0.11629178367939684
1046,465,1511,0.11628844863341324
1036,464,1500,0.11628613587978906
1035,457,1492,0.11630667522138281
1034,462,1496,0.11632889346090941
1030,457,1487,0.11635355714472624
1037,458,1495,0.11638645964519982
1039,463,1502,0.11640183133191502
1038,459,1497,0.11641245382754098
1036,457,1493,0.11642114959659913
1026,454,1480,0.1164326208663005
1035,462,1497,0.11646624260587383
1034,474,1508,0.11648041976461887
1026,479,1505,0.1164963732608946
1016,479,1495,0.11653005826286296
1012,476,1488,0.11658415257341918
1018,473,1491,0.11664515816399923
1018,481,1499,0.1166870923944413
1017,479,1496,0.11672428844399069
1019,482,1501,0.11676124352740727
1011,482,1493,0.11679488034662455
1019,482,1501,0.11684456497110356
1023,479,1502,0.11687295906092926
1022,478,1500,0.11689081280649331
1020,480,1500,0.11690703407717741
1019,484,1503,0.11692515643402825
1013,486,1499,0.11694757630472942
1021,486,1507,0.1169805423417064
1013,481,1494,0.11699274860986879
1012,485,1497,0.11702287640017786
1010,489,1499,0.1170515802345074
1001,495,1496,0.11708367205230012
1001,492,1493,0.11713210037206895
995,493,1488,0.11717627655752764
1001,490,1491,0.11723003718455374
1009,488,1497,0.11726953275679833
1008,494,1502,0.1172893749429259
1000,499,1499,0.11731094067370879
1001,505,1506,0.11734870558526975
994,507,1501,0.11738179074937147
982,511,1493,0.11743007419689157
998,504,1502,0.11750425052317025
1003,503,1506,0.11753361664862054
999,504,1503,0.11754801702720101
1003,511,1514,0.11757228275784434
990,518,1508,0.1175854199777116
993,507,1500,0.11762608320452106
986,508,1494,0.11765566012930076
991,506,1497,0.11770071719088528
998,502,1500,0.11773220555078662
994,504,1498,0.11774463020941969
997,505,1502,0.11776508022191223
997,498,1495,0.11777758874311227
993,502,1495,0.11779042000056691
998,508,1506,0.11781326270915844
993,507,1500,0.11782281927823014
989,508,1497,0.11784135973936351
994,510,1504,0.11787084566869882
991,513,1504,0.11788579380101862
993,507,1500,0.11790576840078552
993,505,1498,0.11792054622582693
988,516,1504,0.11793456881359589
986,520,1506,0.1179600713547185
983,511,1494,0.117987412972069
979,513,1492,0.11802140687756943
981,511,1492,0.11806260207890734
981,512,1493,0.1180968242594892
983,517,1500,0.1181298683157803
983,519,1502,0.11815341318554484
985,523,1508,0.11817362667215686
982,519,1501,0.11818933268360929
982,525,1507,0.11821221902347936
979,525,1504,0.11823231996196322
986,525,1511,0.11825811905588539
976,530,1506,0.11826885981680554
959,531,1490,0.11830193092680837
970,538,1508,0.11837028747340377
969,537,1506,0.11840969003077546
969,539,1508,0.11844870943816833
957,548,1505,0.1184858998605306
960,544,1504,0.11854763749993737
952,543,1495,0.11860054591917603
963,544,1507,0.11866925683633422
953,552,1505,0.11870819558550057
953,557,1510,0.11876790954323656
966,552,1518,0.11882470619294143
959,557,1516,0.11884527457185405
962,558,1520,0.11888321026945714
960,554,1514,0.11891435789165535
955,555,1510,0.11894929059707536
954,549,1503,0.11899407021908165
955,547,1502,0.11903434346766101
951,541,1492,0.11906773036398563
946,534,1480,0.11910244466504086
945,534,1479,0.11914584643371519
955,535,1490,0.11918729165855695
952,538,1490,0.1192023585647451
957,536,1493,0.11922474336132276
948,547,1495,0.11923090162915236
944,545,1489,0.11925912126773021
948,546,1494,0.11929724505938356
950,550,1500,0.11932377876482811
949,549,1498,0.11934459158614164
955,552,1507,0.11936757129313501
960,553,1513,0.119376261611655
956,559,1515,0.11937286485101424
956,556,1512,0.11937590736909338
959,559,1518,0.11938043263174933
959,560,1519,0.11938008680640678
946,563,1509,0.11937891572225892
947,558,1505,0.11941063461809119
952,557,1509,0.11943756204880007
950,563,1513,0.11945359734299334
950,569,1519,0.11947341323384954
939,570,1509,0.11949613153812921
935,564,1499,0.11954064685804937
923,573,1496,0.11959085563231792
934,563,1497,0.11966274511431725
940,567,1507,0.11970270337142708
931,569,1500,0.11972654231910282
935,570,1505,0.11977170766876183
928,568,1496,0.1198022826855545
931,573,1504,0.11984849221766833
925,573,1498,0.11988531906278176
921,573,1494,0.11993300584539818
927,584,1511,0.11998475524172356
923,585,1508,0.12001758666419506
927,573,1500,0.12005948212818103
921,576,1497,0.12008923514716191
914,576,1490,0.12012882486314785
917,577,1494,0.12018232690199263
914,574,1488,0.12022377279283869
923,567,1490,0.12026934866636012
934,573,1507,0.12028938390629149
935,569,1504,0.12028119071346297
939,578,1517,0.12026775607498558
932,564,1496,0.12024563103607026
927,572,1499,0.12024068426439624
928,571,1499,0.12024709106230444
922,581,1503,0.1202519416752002
918,578,1496,0.12026788057767632
923,583,1506,0.1202910716945897
916,578,1494,0.12030233074860633
910,576,1486,0.12032974973622579
910,576,1486,0.12036872097316628
916,581,1497,0.1204064320431591
929,584,1513,0.1204290264843446
936,584,1520,0.12042121465724445
923,580,1503,0.12039885151389695
924,582,1506,0.1204059007288656
919,587,1506,0.12041402997891591
905,589,1494,0.12043263959298547
907,589,1496,0.12048349990072303
901,584,1485,0.12052901273151048
905,583,1488,0.12058536758759139
908,580,1488,0.12062739529648654
911,597,1508,0.12066354023417429
908,601,1509,0.12069085191338562
911,593,1504,0.12072157711563143
910,585,1495,0.12074505833105509
911,587,1498,0.1207696009663975
913,599,1512,0.12078896090587511
909,604,1513,0.12080315626645753
896,604,1500,0.12082600651369106
892,602,1494,0.12087754342636807
893,608,1501,0.12093606242185632
889,616,1505,0.12098767892170313
886,607,1493,0.12104337028729985
897,609,1506,0.12110205664502258
890,613,1503,0.12113051525486278
888,612,1500,0.12117569723990954
890,608,1498,0.12122198274211998
892,619,1511,0.1212590931056134
884,622,1506,0.12128942255927967
896,623,1519,0.1213363881603504
894,631,1525,0.1213518686894437
886,627,1513,0.12137235000587211
890,629,1519,0.12140885369110276
902,630,1532,0.12143535909324375
899,619,1518,0.12143057120745106
893,623,1516,0.12143232783959315
890,627,1517,0.12144985400517186
888,628,1516,0.12147486791229596
876,638,1514,0.12150363805786828
883,640,1523,0.12155923505743668
885,648,1533,0.12159510334270657
871,641,1512,0.12162526798097203
875,652,1527,0.12168718252941167
859,653,1512,0.12173836365527459
854,646,1500,0.12181974494090009
859,649,1508,0.12190581195729852
862,650,1512,0.1219743196331439
875,649,1524,0.12203133091964338
865,651,1516,0.12205254830182287
862,651,1513,0.12209615290255335
865,650,1515,0.12214338045814632
864,645,1509,0.12217942869335273
854,657,1511,0.12221779203060272
848,654,1502,0.12227829370862327
857,658,1515,0.1223490451109477
856,660,1516,0.12239445845736686
855,662,1517,0.12244025188346434
856,659,1515,0.12248630322860325
850,659,1509,0.1225250539816922
849,662,1511,0.12257654013029136
846,668,1514,0.12262561721762061
843,671,1514,0.12268073650072818
848,671,1519,0.12273825032266668
847,671,1518,0.12278060532916875
846,659,1505,0.12282295586874327
835,662,1497,0.12286533217043964
842,664,1506,0.12292742890242439
840,662,1502,0.12296743474741366
837,656,1493,0.12300812294142878
842,662,1504,0.12305311434340732
836,667,1503,0.12308494645878915
839,666,1505,0.12312646830127473
838,671,1509,0.12315954677548042
841,667,1508,0.12319502098493401
839,682,1521,0.12322238604018176
838,678,1516,0.12325202217117216
840,670,1510,0.12328256864556644
832,671,1503,0.12330730462783115
840,668,1508,0.12335105486231185
832,667,1499,0.12336939172765796
835,666,1501,0.12340268076387563
835,670,1505,0.12342501493341804
827,684,1511,0.1234463457241245
826,686,1512,0.12348508390295565
814,684,1498,0.12352545058208982
811,685,1496,0.12359286261956687
813,683,1496,0.12366117365074686
814,683,1497,0.1237228094178836
806,685,1491,0.12377525839715191
808,681,1489,0.12384087653426562
804,692,1496,0.12389908115800179
807,685,1492,0.1239657547447956
799,685,1484,0.1240190118333943
809,696,1505,0.12408632426144774
812,695,1507,0.12412697403886369
813,701,1514,0.12415899356098002
803,698,1501,0.12418766213200293
804,701,1505,0.1242353835300933
801,705,1506,0.1242783832472367
800,715,1515,0.1243217119552861
803,703,1506,0.12436710678557192
799,703,1502,0.1244018554520876
803,698,1501,0.12444214566109102
810,706,1516,0.12447277546075089
806,703,1509,0.12448370582397071
807,707,1514,0.12450536991969134
807,709,1516,0.12451971928011649
799,706,1505,0.12453528861023141
802,698,1500,0.12456547125497053
803,697,1500,0.12458708389935204
802,699,1501,0.12460115904106353
800,708,1508,0.12461559001153928
800,716,1516,0.12463112358873162
798,709,1507,0.12464931133268058
778,713,1491,0.12467057299953542
775,717,1492,0.12473619128209727
774,713,1487,0.12480494278658323
769,721,1490,0.12487089792143959
778,716,1494,0.1249463274125733
765,730,1495,0.1249958828871994
756,729,1485,0.12507322967398415
765,728,1493,0.12516644658185502
769,728,1497,0.1252330120824801
760,727,1487,0.12528253431170505
765,727,1492,0.1253493864488165
760,738,1498,0.1254029153759471
769,749,1518,0.12546504667300892
771,737,1508,0.12550396861522592
773,733,1506,0.12553455932052626
766,742,1508,0.12555909977928065
762,743,1505,0.12559969395953152
762,743,1505,0.1256479291511134
745,746,1491,0.12569329365317736
739,752,1491,0.1257733684268488
755,755,1510,0.12586297075580263
749,751,1500,0.1259093910004515
735,759,1494,0.1259675280533942
746,753,1499,0.12605704275475835
746,761,1507,0.12611625976798918
753,755,1508,0.12617275134237269
755,764,1519,0.1262111770330441
743,767,1510,0.1262428950065428
739,770,1509,0.1262993568192479
746,762,1508,0.12636155359702117
744,760,1504,0.12639945411417242
736,761,1497,0.12643922463381044
740,758,1498,0.12649549706846558
743,751,1494,0.12653901819424626
751,756,1507,0.12656837777961585
748,744,1492,0.1265745816472129
742,746,1488,0.12658896487045027
743,752,1495,0.12661301546856665
746,765,1511,0.12663604979248133
741,762,1503,0.12665370162779127
740,760,1500,0.126676922929627
740,762,1502,0.1267006292192208
747,751,1498,0.12672462802582607
740,752,1492,0.12673495354644057
732,764,1496,0.12675874641249663
737,761,1498,0.12679913746550178
731,753,1484,0.12682632006858427
736,757,1493,0.12686647183842345
743,760,1503,0.12689082122550413
741,767,1508,0.12689525123912612
729,769,1498,0.12690217289283673
724,769,1493,0.12693817276234617
726,766,1492,0.12698410509251418
732,766,1498,0.12702029611835805
731,776,1507,0.1270399759971793
729,782,1511,0.12705732283592483
735,777,1512,0.1270781792868134
729,783,1512,0.12708311665487332
737,773,1510,0.12710060718772642
730,776,1506,0.12710213401744866
728,774,1502,0.1271205137860605
725,775,1500,0.12714349360856914
723,777,1500,0.12717424645486478
718,779,1497,0.12720805521871867
720,782,1502,0.12725336566945256
717,787,1504,0.12728961467338418
722,792,1514,0.12733067649938984
704,796,1500,0.1273596510977321
701,805,1506,0.12742791668651932
699,797,1496,0.1274995423634996
714,800,1514,0.12756862835237107
709,793,1502,0.12760016537637495
709,800,1509,0.1276419005875225
707,798,1505,0.12767918725019156
710,797,1507,0.1277189355499721
714,802,1516,0.12774958284218405
714,795,1509,0.12777020181820517
715,801,1516,0.12779043052661807
721,796,1517,0.12780601339800687
714,803,1517,0.1278067502652854
712,801,1513,0.12782504154554267
711,797,1508,0.12784513863549768
706,796,1502,0.12786502114843468
711,804,1515,0.1278970930022688
712,803,1515,0.12791989280572494
705,797,1502,0.1279375666373021
701,800,1501,0.12797074020922422
704,803,1507,0.12801220163080976
697,812,1509,0.12804562216536688
687,812,1499,0.12809225198903196
691,817,1508,0.12815934811885984
690,814,1504,0.12821253582705722
689,810,1499,0.12826456807917183
696,820,1516,0.1283115864930689
694,813,1507,0.1283400290537768
694,818,1512,0.12837186495525163
694,822,1516,0.1284036409800313
687,826,1513,0.12843459746038594
687,824,1511,0.12848087987884363
683,827,1510,0.12852331021148458
678,823,1501,0.12857199263638208
672,843,1515,0.1286303078028539
674,837,1511,0.12869633028722863
664,837,1501,0.12875317118936175
679,835,1514,0.12883152553311908
666,824,1490,0.12886697687309723
662,831,1493,0.12892936953225306
665,835,1500,0.12899865797249263
670,838,1508,0.12905550932507492
676,839,1515,0.1290979089481799
671,845,1516,0.12912337453043354
673,833,1506,0.12915740087519803
676,834,1510,0.12918234585972393
664,841,1505,0.12919618154769652
664,835,1499,0.12923622649061403
664,845,1509,0.12927598745120847
671,844,1515,0.12931570073116083
673,843,1516,0.1293377131607385
671,839,1510,0.12935124527386307
667,850,1517,0.12936809757455334
665,849,1514,0.12939172795824333
671,859,1530,0.1294192218368691
661,863,1524,0.12942667222942406
656,849,1505,0.1294597100552879
657,851,1508,0.12950093922682437
656,861,1517,0.12953875059979225
638,874,1512,0.12957585973576966
643,866,1509,0.1296539149265022
639,856,1495,0.12971503039025284
635,862,1497,0.12978100770704426
638,862,1500,0.12985320333481176
633,867,1500,0.12991494930833627
626,867,1493,0.1299835989259085
625,865,1490,0.13006619733375277
623,869,1492,0.13014464299498804
625,865,1490,0.13022167397423737
622,859,1481,0.130286796548888
634,872,1506,0.13035628503767765
637,860,1497,0.13039226117930092
636,864,1500,0.13041532521498742
629,864,1493,0.13043679837548555
633,869,1502,0.13047619997541413
616,871,1487,0.13050380905440073
622,880,1502,0.13056898977913
624,883,1507,0.13061738739950507
629,880,1509,0.13065518011596125
628,879,1507,0.13067901873534388
627,884,1511,0.1307065794384432
624,881,1505,0.13073119744311906
633,878,1511,0.1307628428435852
631,879,1510,0.13076883686972177
628,874,1502,0.13077961116351788
620,886,1506,0.13079826690923216
616,890,1506,0.1308340832668657
614,905,1519,0.1308782553566367
615,900,1515,0.13092528720033092
618,903,1521,0.13096891080128453
613,909,1522,0.13100501321363212
616,912,1528,0.13105192336182492
617,903,1520,0.13108748551396032
617,908,1525,0.13111719899710328
610,904,1514,0.13114221303516854
614,900,1514,0.13118083260845714
621,894,1515,0.131206957856745
617,888,1505,0.13121666708418517
619,890,1509,0.13123405787914125
616,894,1510,0.13124522427776944
619,896,1515,0.13126323242929522
612,899,1511,0.13127480082475732
613,895,1508,0.13130015086728508
608,894,1502,0.13132267245422818
613,892,1505,0.1313556422200202
609,892,1501,0.13137397568944043
605,886,1491,0.13140255090526723
607,887,1494,0.1314372169690391
602,898,1500,0.1314641506619847
605,901,1506,0.13150043823085966
608,908,1516,0.13152651950892158
597,901,1498,0.13154778668591674
594,896,1490,0.13159467784949633
590,900,1490,0.13164606586705013
589,893,1482,0.13170363769811458
593,895,1488,0.13176288217364732
575,898,1473,0.131803655005836
570,898,1468,0.13188226308878467
576,902,1478,0.13196924829059248
575,922,1497,0.1320363795229363
571,914,1485,0.13209954883048033
566,921,1487,0.13216624189459128
574,928,1502,0.1322418325776134
575,930,1505,0.13229399813772783
569,934,1503,0.13234048026382325
570,944,1514,0.13239768056003504
573,943,1516,0.13244991094550343
566,940,1506,0.1324905079278243
571,942,1513,0.13254723472297067
566,937,1503,0.13258577252515727
564,930,1494,0.13263334008603062
573,924,1497,0.1326834242647611
569,942,1511,0.13270748914974387
564,935,1499,0.13273749803198454
570,936,1506,0.13277704933593348
565,936,1501,0.13279818123449275
569,940,1509,0.1328314337461439
574,931,1505,0.13285049245101516
562,930,1492,0.1328561015915145
566,949,1515,0.13289119632623458
569,951,1520,0.13291381097706226
566,951,1517,0.1329286071454205
576,941,1517,0.13294888775876937
576,944,1520,0.1329459301921021
571,951,1522,0.1329440063621404
568,952,1520,0.13295682037785578
559,968,1527,0.13297932681179897
556,970,1526,0.1330226126582655
556,962,1518,0.13307073987565807
549,973,1522,0.13311769574301324
546,977,1523,0.13317963799743396
537,966,1503,0.13324457640303922
541,954,1495,0.13332512177641404
541,948,1489,0.13339186419747795
540,952,1492,0.13344921552416678
536,963,1499,0.1335046269180814
548,964,1512,0.1335658496565392
550,962,1512,0.13359421142462385
543,964,1507,0.13361830774099848
543,964,1507,0.13365545017847524
545,967,1512,0.1336923635421345
534,971,1505,0.13372303245675016
535,975,1510,0.13377884055162045
531,951,1482,0.13383057893296582
536,956,1492,0.1338852380111496
529,964,1493,0.13391948901204995
526,971,1497,0.13396638495501667
533,973,1506,0.13401792171366333
534,982,1516,0.1340506783331351
534,982,1516,0.13408029494922324
524,986,1510,0.13410700066353407
512,991,1503,0.1341572612647507
513,997,1510,0.13423352920500814
503,1004,1507,0.13430347171533316
504,996,1500,0.13439331327871656
505,1000,1505,0.1344755141363924
505,1006,1511,0.13454993773434623
508,1002,1510,0.13462171991039995
506,1012,1518,0.13468102279985192
508,1006,1514,0.1347422414408053
504,1016,1520,0.13479136164971983
510,1018,1528,0.13484752737516298
508,1016,1524,0.13488323262915933
506,1013,1519,0.13492475734228482
512,1007,1519,0.1349680153206524
509,1001,1510,0.1349957993754298
513,1007,1520,0.13502672315224484
511,1005,1516,0.13504579224978477
502,1007,1509,0.13506887811781665
503,1023,1526,0.13510901685755963
513,1002,1515,0.13514502547456886
508,1011,1519,0.13515456201365114
507,1009,1516,0.13517504513079126
509,1005,1514,0.135198815754864
513,1014,1527,0.1352166985098846
503,1016,1519,0.13522470314001026
496,1021,1517,0.13525605114848416
499,1014,1513,0.1353027550876564
485,1015,1500,0.13533568085595563
482,1019,1501,0.13540018412378071
489,1009,1498,0.13546856108032745
482,1015,1497,0.13551761455472866
479,1018,1497,0.13557646701140372
473,1025,1498,0.13563935765242296
476,1015,1491,0.1357137625101884
468,1009,1477,0.135776457433468
478,1031,1509,0.13585065898433168
482,1024,1506,0.135897891059783
478,1022,1500,0.13593271117503547
479,1016,1495,0.13597177314445572
475,1027,1502,0.1360047814799246
475,1039,1514,0.13604543523027932
468,1037,1505,0.13607845809409688
468,1034,1502,0.13612643231992183
463,1041,1504,0.13617071082533763
470,1039,1509,0.1362252844882269
466,1039,1505,0.13626163752957052
467,1040,1507,0.1363051423413476
467,1047,1514,0.13634582519709249
460,1049,1509,0.1363858360039426
470,1042,1512,0.1364384691880055
468,1050,1518,0.13645800979111772
464,1047,1511,0.13648342541894534
466,1059,1525,0.13651623823789186
464,1060,1524,0.13654300353998444
469,1070,1539,0.13657548460800892
462,1061,1523,0.13659363083764592
468,1076,1544,0.1366283232709722
459,1068,1527,0.13664721566351426
443,1056,1499,0.13668435063242096
448,1061,1509,0.13675657909508726
442,1061,1503,0.13681484285916856
446,1069,1515,0.13688410555260985
439,1075,1514,0.13693900783822108
435,1074,1509,0.13700779750314895
430,1081,1511,0.13708316357792794
426,1086,1512,0.1371669515712449
423,1096,1519,0.1372564829088651
417,1084,1501,0.13734747911170606
424,1084,1508,0.13744792703916434
423,1091,1514,0.1375235196406247
421,1090,1511,0.13759715486865742
417,1090,1507,0.13767116587860356
415,1094,1509,0.13774922683384547
414,1085,1499,0.13782732110174645
415,1092,1507,0.13790106435310057
416,1097,1513,0.1379693852355472
418,1094,1512,0.1380270125348662
420,1091,1511,0.13807745003219649
419,1094,1513,0.13811680598622253
416,1089,1505,0.1381541359758864
412,1082,1494,0.13819857308407424
419,1082,1501,0.13825009553837883
420,1082,1502,0.13827871231046363
424,1082,1506,0.13830377244526545
423,1087,1510,0.13831675691531306
425,1085,1510,0.13833108955380202
426,1087,1513,0.1383407266556495
428,1084,1512,0.13834610579763287
427,1095,1522,0.13834683853860702
426,1098,1524,0.13835145794130377
423,1089,1512,0.13835632602812611
418,1094,1512,0.13836770455453148
423,1083,1506,0.13838781471333003
431,1100,1531,0.13839431138124536
434,1102,1536,0.1383817528557216
431,1098,1529,0.13836330776871644
429,1089,1518,0.13835385759031843
427,1075,1502,0.13835125375631244
424,1073,1497,0.13835436509034515
427,1072,1499,0.1383649199186142
425,1081,1506,0.13836919426121133
418,1072,1490,0.1383756878697192
419,1075,1494,0.13839880034153487
423,1082,1505,0.1384183516728054
421,1086,1507,0.13842898811212034
416,1080,1496,0.1384455698339379
420,1089,1509,0.13847135158180468
417,1080,1497,0.13848787675883278
425,1076,1501,0.138508751619461
426,1082,1508,0.13850603475961537
424,1079,1503,0.1384993436966966
420,1089,1509,0.1385000182263942
413,1090,1503,0.13851191935899015
413,1092,1505,0.13853988045722815
424,1094,1518,0.13856537794632207
411,1103,1514,0.13856249008456797
416,1097,1513,0.13859174074270844
403,1103,1506,0.1386071114694464
411,1096,1507,0.1386500268504346
409,1092,1501,0.13867101153869857
411,1095,1506,0.13869436661856185
407,1091,1498,0.13871234052381756
410,1098,1508,0.13874057658270325
409,1099,1508,0.1387559576544413
407,1101,1508,0.13876840972463778
406,1090,1496,0.13878768066702382
402,1101,1503,0.13880782435962213
399,1107,1506,0.13883418397283215
401,1120,1521,0.1388669613399207
403,1109,1512,0.13889467245070058
402,1107,1509,0.13892021314557979
399,1108,1507,0.13894373222020406
402,1121,1523,0.13897349020936062
401,1116,1517,0.13899352880448604
397,1121,1518,0.13901496043641168
389,1120,1509,0.13904428545474715
381,1126,1507,0.1390875605094162
383,1115,1498,0.1391477627673667
390,1126,1516,0.13919970250017613
393,1119,1512,0.1392345012059133
390,1115,1505,0.13925999474580827
389,1121,1510,0.13929221896132365
387,1125,1512,0.1393243403105355
378,1139,1517,0.13936108918451973
378,1136,1514,0.13941578197318444
381,1135,1516,0.13946752204750637
380,1134,1514,0.13950947625752363
379,1133,1512,0.13955335685332237
375,1133,1508,0.1395970071240711
368,1132,1500,0.13964608768373682
374,1139,1513,0.13970988723821295
371,1144,1515,0.1397526081024915
375,1141,1516,0.13980223547354678
378,1139,1517,0.13983645971321187
382,1143,1525,0.1398603507488006
385,1126,1511,0.13987275200070806
381,1118,1499,0.13987578683957633
383,1129,1512,0.13988463052667333
382,1140,1522,0.13988841658626136
380,1140,1520,0.13989484202895533
381,1139,1520,0.13990565467941013
381,1134,1515,0.13991517228957548
376,1122,1498,0.13992560931705386
372,1133,1505,0.13994875443076013
373,1146,1519,0.1399809166957372
363,1144,1507,0.14000884394967647
356,1149,1505,0.14005602704169856
347,1148,1495,0.14011726992955992
353,1148,1501,0.14019814841506942
356,1153,1509,0.14025818474384638
354,1154,1508,0.14030775982061208
352,1150,1502,0.1403593463615657
350,1164,1514,0.14041166600534222
349,1166,1515,0.1404640272201193
347,1167,1514,0.14051422349207063
345,1153,1498,0.14056540228861628
341,1159,1500,0.14061956292159053
349,1177,1526,0.1406809050405416
349,1181,1530,0.14071852962547418
344,1176,1520,0.1407539240161198
343,1180,1523,0.14079836720516284
344,1183,1527,0.1408414903356656
334,1180,1514,0.14088086715182196
338,1184,1522,0.14093969739472115
333,1193,1526,0.14098691945294256
333,1193,1526,0.14104122783283
336,1175,1511,0.14109139105040602
334,1183,1517,0.14112794364843703
333,1186,1519,0.14116780532005108
332,1181,1513,0.1412108366456231
326,1173,1499,0.14125571445901408
327,1192,1519,0.14131163754558634
324,1185,1509,0.14136237275332153
327,1179,1506,0.14141556958633153
324,1187,1511,0.1414566856204399
319,1185,1504,0.14150198427498395
331,1191,1522,0.14155660603324483
326,1194,1520,0.14157864486532878
325,1191,1516,0.1416142331804018
320,1188,1508,0.14165072530286296
311,1185,1496,0.14169779632705962
307,1195,1502,0.14176207896782123
308,1207,1515,0.14183166485796683
310,1205,1515,0.1418936868062735
303,1208,1511,0.14194883471484426
301,1216,1517,0.14201837016105137
303,1217,1520,0.1420866284533809
305,1212,1517,0.1421459307637319
303,1220,1523,0.14219409584708148
292,1218,1510,0.14224442583769267
289,1214,1503,0.14231719143568064
294,1202,1496,0.142392017268049
299,1203,1502,0.1424510885711792
295,1209,1504,0.14249515266076737
290,1216,1506,0.14254565825454335
291,1222,1513,0.1426050401076848
289,1215,1504,0.14265748019140934
289,1229,1518,0.14270879676366038
290,1240,1530,0.14275606004516053
285,1235,1520,0.14279891936065384
286,1236,1522,0.14285285443060464
293,1229,1522,0.14290368677214765
287,1216,1503,0.14293329027094256
291,1209,1500,0.14297450332942277
287,1217,1504,0.1430018513345583
285,1210,1495,0.14303736862766872
288,1208,1496,0.1430763125985413
288,1210,1498,0.1431038773131422
292,1213,1505,0.1431318417795338
285,1217,1502,0.14314786779863908
284,1227,1511,0.14317793223558958
286,1225,1511,0.1432087208757113
281,1223,1504,0.14323327336298367
279,1236,1515,0.14326875425402613
275,1234,1509,0.14330855233270015
278,1234,1512,0.14335412049354965
273,1225,1498,0.14338919435250919
269,1226,1495,0.1434350625940432
275,1226,1501,0.14348683881574723
278,1220,1498,0.14352184848511257
268,1229,1497,0.14354882830239413
270,1229,1499,0.14359659725827612
271,1236,1507,0.14363591016880078
274,1243,1517,0.14366915105234238
265,1242,1507,0.14369254570596432
264,1241,1505,0.14373566429992957
264,1240,1504,0.14378029933767142
267,1244,1511,0.14382304963927542
266,1240,1506,0.1438555812053354
261,1241,1502,0.14388694506900276
262,1256,1518,0.1439268633033476
263,1249,1512,0.14396165165694666
267,1256,1523,0.1439917337140984
271,1250,1521,0.1440094353692425
267,1251,1518,0.14401636907831147
266,1259,1525,0.14403380396291152
268,1233,1501,0.14405232885695718
266,1246,1512,0.14406298580289337
265,1251,1516,0.14407798808589004
264,1253,1517,0.14409408050308775
257,1244,1501,0.14411415909425696
251,1247,1498,0.14414859345731373
250,1250,1500,0.1441952242910078
255,1253,1508,0.14424159283615087
250,1270,1520,0.14427631086224094
247,1262,1509,0.14431960005430244
243,1263,1506,0.1443657271272735
240,1256,1496,0.14442023278730123
244,1255,1499,0.14447828743660612
246,1264,1510,0.14452391032186557
249,1271,1520,0.144561026045639
251,1268,1519,0.14458860260468384
254,1276,1530,0.14460964076361776
257,1274,1531,0.14462199073092322
254,1272,1526,0.14462701433966113
249,1273,1522,0.1446392839642427
252,1276,1528,0.14466391386919358
245,1277,1522,0.14467838861790244
245,1270,1515,0.14471028871163125
243,1261,1504,0.1447394762524153
238,1261,1499,0.14477164390679867
239,1265,1504,0.14481363879196213
241,1274,1515,0.1448506796233004
240,1262,1502,0.14487755622139262
242,1263,1505,0.1449047949676915
243,1279,1522,0.1449262503572496
240,1277,1517,0.1449437147119684
238,1280,1518,0.14496773083497408
238,1278,1516,0.14499495372376242
232,1277,1509,0.14501986795880054
233,1277,1510,0.14505715437151567
236,1281,1517,0.1450910936068844
234,1280,1514,0.1451129447402245
237,1284,1521,0.1451384922586601
232,1285,1517,0.14515554729229266
224,1297,1521,0.14518460776940384
226,1291,1517,0.14523081976854535
227,1278,1505,0.14527025032078808
228,1294,1522,0.14530422296122786
227,1295,1522,0.1453330703444819
224,1282,1506,0.14536320795299046
229,1276,1505,0.14539676123961576
230,1289,1519,0.14541846708439057
227,1292,1519,0.14543781146674134
226,1293,1519,0.14546262348722752
227,1300,1527,0.1454879472248221
224,1297,1521,0.14551026842842318
227,1299,1526,0.14553600871053973
221,1305,1526,0.14555173267203528
222,1301,1523,0.14558433083232053
227,1294,1521,0.1456132975205422
226,1281,1507,0.14562811601021872
218,1283,1501,0.145644251513162
217,1290,1507,0.14567786387250728
210,1298,1508,0.14571006639464376
210,1293,1503,0.14575702088434947
214,1292,1506,0.14580187530276398
217,1303,1520,0.1458319941541042
215,1307,1522,0.1458531688445808
217,1305,1522,0.14587778191685613
218,1312,1530,0.14589592346799377
214,1301,1515,0.1459120474019605
218,1295,1513,0.14593601146615087
213,1305,1518,0.14594861342550883
215,1303,1518,0.14596994735870766
214,1296,1510,0.145985954718423
212,1302,1514,0.14600205302406125
203,1296,1499,0.14602319294530197
210,1293,1503,0.1460640757794108
211,1292,1503,0.14608578149445736
213,1295,1508,0.14610473569989224
217,1294,1511,0.14611675178540312
217,1297,1514,0.1461148224882194
218,1298,1516,0.14611265598365356
213,1298,1511,0.14610985427687292
216,1304,1520,0.1461201430905298
213,1298,1511,0.14612145990015624
207,1291,1498,0.14613051664251286
202,1292,1494,0.14615345502297014
205,1294,1499,0.1461866768917129
207,1301,1508,0.14620998511026273
205,1298,1503,0.14622688225345443
207,1313,1520,0.1462474102148423
207,1299,1506,0.1462601680593632
205,1304,1509,0.14627386502425743
206,1309,1515,0.14629203782972092
206,1303,1509,0.1463082561474447
205,1300,1505,0.14632271560370974
203,1308,1511,0.14633742629404828
196,1308,1504,0.1463571889190291
194,1308,1502,0.14639171760356035
200,1309,1509,0.14642862931842365
200,1309,1509,0.14644894623883928
202,1322,1524,0.14646917085459932
197,1319,1516,0.14648423377421704
200,1315,1515,0.1465103687512453
199,1327,1526,0.14652762958797394
200,1329,1529,0.14654628279086304
199,1328,1527,0.1465597417423943
196,1321,1517,0.14657675413441015
200,1326,1526,0.14660021091946712
202,1324,1526,0.14661356105891912
199,1323,1522,0.14661884229244973
195,1325,1520,0.14663120877394248
197,1326,1523,0.14665406054173236
189,1315,1504,0.14666997490936917
193,1320,1513,0.14670269226602398
194,1320,1514,0.14672474886658485
196,1328,1524,0.14674205511992838
196,1329,1525,0.1467548641699902
193,1325,1518,0.14676448405426398
193,1321,1514,0.1467803343015689
193,1321,1514,0.14679512228934535
192,1332,1524,0.1468101629002227
192,1332,1524,0.1468245443351379
191,1338,1529,0.14683883861498803
191,1322,1513,0.14685413522901838
185,1331,1516,0.1468699894628378
187,1329,1516,0.14689871926032885
191,1327,1518,0.1469180077966411
196,1320,1516,0.1469239455465512
199,1310,1509,0.14691647401298852
199,1312,1511,0.14690232205146386
199,1328,1527,0.14689147370913064
201,1332,1533,0.14688274403030316
198,1333,1531,0.14687006520687673
195,1324,1519,0.14686535079479807
196,1318,1514,0.1468691071056293
197,1309,1506,0.1468704228143795
196,1303,1499,0.14687003570404866
195,1304,1499,0.14687202561907514
196,1308,1504,0.14687744715412818
197,1310,1507,0.14687941301219717
194,1313,1507,0.14687916050343497
196,1321,1517,0.14688678755734555
192,1318,1510,0.14688945744064846
196,1320,1516,0.14690049891854368
196,1322,1518,0.14689996995065868
195,1323,1518,0.1468990103428955
195,1316,1511,0.14690197993732595
198,1302,1500,0.14690310619291394
197,1301,1498,0.14689638468032942
198,1313,1511,0.14689421363814645
203,1310,1513,0.14688983980111547
201,1304,1505,0.14687343694687074
203,1322,1525,0.14686286699220333
206,1314,1520,0.1468473800561652
208,1311,1519,0.14682716450846353
208,1317,1525,0.14680244191346115
204,1321,1525,0.1467782881672382
202,1323,1525,0.14676585973707582
200,1324,1524,0.14675812030476906
199,1323,1522,0.1467566391532722
193,1313,1506,0.14675856541158383
194,1308,1502,0.14677461599261984
196,1322,1518,0.14678861786292519
194,1321,1515,0.14679585605038503
193,1326,1519,0.14680615890670085
197,1321,1518,0.14681671965749202
197,1337,1534,0.14681648071932
188,1343,1531,0.1468166549631238
184,1335,1519,0.14684011700545876
187,1343,1530,0.14687238237149447
183,1333,1516,0.1468968534724439
182,1338,1520,0.14692879067995868
184,1331,1515,0.14696202209646927
185,1332,1517,0.14698758030829018
187,1325,1512,0.1470085600560291
185,1332,1517,0.14702350345752
182,1335,1517,0.1470429600890573
182,1337,1519,0.14706750259279525
181,1343,1524,0.14709200770212555
184,1343,1527,0.14711626761798716
179,1341,1520,0.14713200871311027
179,1333,1512,0.14715974006890584
181,1322,1503,0.14718234960330598
185,1328,1513,0.1471980237418391
183,1333,1516,0.14720274084480534
185,1337,1522,0.14721190840012327
189,1341,1530,0.1472145109930379
182,1340,1522,0.14720700352874963
180,1342,1522,0.14721734884009657
181,1340,1521,0.1472324117597698
173,1329,1502,0.14724367139886765
179,1328,1507,0.14727311784348887
179,1304,1483,0.14728614891909092
176,1312,1488,0.14729938387249877
173,1322,1495,0.1473186369151096
175,1323,1498,0.1473442408245277
176,1327,1503,0.1473640569387667
174,1326,1500,0.14737959660182354
178,1338,1516,0.14739722265998842
176,1335,1511,0.14740641284078693
179,1328,1507,0.147419600281169
181,1320,1501,0.1474256136502598
181,1307,1488,0.14742475082499434
179,1319,1498,0.1474241491556668
182,1317,1499,0.1474277907195794
184,1320,1504,0.1474238029341893
180,1322,1502,0.14741473360322935
183,1318,1501,0.14741681535168533
184,1333,1517,0.14741092491675722
183,1334,1517,0.14740314602859916
183,1334,1517,0.14739976847784914
182,1331,1513,0.14739591978689248
185,1335,1520,0.14739598430989773
182,1334,1516,0.14738904033776637
187,1323,1510,0.14738631953679548
184,1319,1503,0.14737258290452127
180,1317,1497,0.14736752084176616
182,1337,1519,0.14737308265328897
180,1327,1507,0.14737422450232254
176,1324,1500,0.14737982834575142
175,1338,1513,0.14739530048200944
176,1340,1516,0.14741076839251138
178,1336,1514,0.14742244639226343
178,1338,1516,0.14742913629206442
182,1331,1513,0.147434761565432
183,1326,1509,0.14743087276460415
180,1341,1521,0.14742564809526562
176,1341,1517,0.14742701031391753
179,1334,1513,0.1474377301040001
180,1333,1513,0.14744082173092998
178,1344,1522,0.14744068391272716
178,1341,1519,0.14744492020724848
174,1336,1510,0.14745083726918726
172,1340,1512,0.14746638710841695
175,1335,1510,0.1474866980966741
178,1343,1521,0.14749761396839806
179,1339,1518,0.14749931852428008
178,1328,1506,0.1474998535570176
180,1323,1503,0.14750162132016625
184,1321,1505,0.1474983138911508
183,1335,1518,0.14748534908258595
186,1341,1527,0.1474762231671775
183,1331,1514,0.147459288890454
182,1332,1514,0.1474519064195256
185,1338,1523,0.14744785690415774
183,1341,1524,0.14743676685841023
184,1334,1518,0.14743022598954642
185,1333,1518,0.14742254903684754
183,1329,1512,0.14741202211306725
185,1326,1511,0.1474079437217414
184,1328,1512,0.14740041215525593
186,1320,1506,0.14739719039407972
183,1312,1495,0.14738818342518087
179,1324,1503,0.14738801671577603
178,1335,1513,0.1473970258051196
182,1338,1520,0.14740646123418358
188,1329,1517,0.14740465287055898
187,1334,1521,0.14738517127913836
185,1320,1505,0.14736967350045088
187,1319,1506,0.14736052053195633
190,1305,1495,0.14734708804985522
191,1319,1510,0.14732838221725186
190,1317,1507,0.14730949159478698
190,1322,1512,0.14729518123032512
192,1322,1514,0.1472813635015713
190,1320,1510,0.1472646293328598
192,1318,1510,0.14725515762729652
192,1327,1519,0.14723991092825522
189,1328,1517,0.14722489864200822
187,1322,1509,0.14721921984625821
188,1324,1512,0.14721838687821137
185,1322,1507,0.14721383894840506
184,1329,1513,0.14721744182202948
181,1343,1524,0.14722460879044902
182,1345,1527,0.14724073193120846
183,1346,1529,0.14725249696351628
184,1331,1515,0.1472623767575785
182,1337,1519,0.1472696671911039
181,1336,1517,0.1472815074238693
175,1334,1509,0.14729495580700921
177,1338,1515,0.14732083473604787
175,1337,1512,0.14734081915969185
181,1330,1511,0.1473622743482138
182,1354,1536,0.14736817467656377
182,1336,1518,0.14737168261974498
182,1347,1529,0.14737578691160036
182,1328,1510,0.14738018705400246
184,1341,1525,0.1473841156271092
179,1336,1515,0.1473815508951504
180,1333,1513,0.14739007224920397
178,1332,1510,0.1473971041948835
172,1346,1518,0.14740761653694556
171,1346,1517,0.1474329688908065
172,1341,1513,0.14745880466297398
165,1330,1495,0.14747993736135948
165,1338,1503,0.14751671350867204
162,1333,1495,0.1475497813931335
173,1336,1509,0.1475887240054941
165,1337,1502,0.1475988974523795
166,1346,1512,0.1476261118455554
164,1353,1517,0.14765026674310547
170,1358,1528,0.14767823444686173
164,1355,1519,0.1476889986467925
163,1341,1504,0.14771419118101836
170,1338,1508,0.14773917001509337
170,1341,1511,0.14774268289176196
164,1350,1514,0.14774574772929483
166,1340,1506,0.14776280650025783
167,1344,1511,0.14777386562724726
164,1337,1501,0.14778272202207007
167,1341,1508,0.1477974245568553
160,1344,1504,0.14780531617706733
158,1348,1506,0.14782873108963088
160,1353,1513,0.14785587966504743
160,1345,1505,0.14787620805433943
161,1360,1521,0.14789532426336385
159,1353,1512,0.14791226145095265
159,1347,1506,0.14793202760640514
156,1344,1500,0.1479497072733512
155,1350,1505,0.14797417708428542
156,1346,1502,0.14800052386633247
156,1363,1519,0.14802197156192917
154,1357,1511,0.14804229400771224
154,1356,1510,0.1480666289518081
156,1355,1511,0.14808948397036503
152,1355,1507,0.1481051667810558
152,1358,1510,0.1481291992413582
152,1357,1509,0.1481530366718528
150,1360,1510,0.14817346826137442
151,1368,1519,0.14819754553849113
148,1377,1525,0.14821772108062445
149,1379,1528,0.14824305952368882
149,1372,1521,0.1482662767917362
149,1364,1513,0.14828752676397514
146,1371,1517,0.14830839967225587
148,1358,1506,0.1483360053088111
146,1366,1512,0.14835657871355978
147,1372,1519,0.14838067188601603
144,1371,1515,0.14840240678250752
143,1359,1502,0.14843014744122918
137,1362,1499,0.14845894146270533
138,1369,1507,0.1484987769393077
137,1371,1508,0.14853398052527736
135,1382,1517,0.14856917614784287
137,1375,1512,0.1486049509344404
136,1382,1518,0.14863471093517566
137,1375,1512,0.14866425559407903
133,1372,1505,0.14868745283835172
132,1386,1518,0.1487183819139465
135,1383,1518,0.1487508992265478
134,1378,1512,0.1487726140517978
133,1391,1524,0.14879575092986255
132,1401,1533,0.1488200295936145
127,1389,1516,0.14884471506662453
127,1375,1502,0.1488801826177598
126,1379,1505,0.1489144682199046
130,1389,1519,0.14894730931812128
133,1379,1512,0.14896825213875617
131,1363,1494,0.14898065848447492
126,1371,1497,0.1489953777340804
129,1386,1515,0.14902007822871616
132,1392,1524,0.14903575394537916
135,1403,1538,0.14904280389708474
132,1397,1529,0.1490442362357647
130,1389,1519,0.1490520602492632
126,1386,1512,0.14906559022124224
127,1384,1511,0.14908834207800215
134,1398,1532,0.14910720919911646
132,1398,1530,0.14910620608757305
134,1387,1521,0.14911101933944196
133,1391,1524,0.1491122334502494
135,1383,1518,0.14911482822522895
136,1377,1513,0.14911283844505077
139,1382,1521,0.14910763255459702
140,1361,1501,0.14909428251936063
140,1364,1504,0.14907905510109715
138,1376,1514,0.14906594270473847
136,1377,1513,0.1490598130366207
135,1382,1517,0.14905973854174515
137,1379,1516,0.149062890436103
141,1374,1515,0.14905985777940875
143,1380,1523,0.14904728603626471
142,1385,1527,0.14903035795413846
140,1385,1525,0.1490166612990254
139,1394,1533,0.149009230089763
139,1382,1521,0.14900325912039725
140,1378,1518,0.1489993505637934
140,1365,1505,0.14899362782360254
134,1377,1511,0.1489896728452288
137,1381,1518,0.14900045540788504
135,1392,1527,0.14900246047358037
135,1390,1525,0.14900972651612437
131,1389,1520,0.14901761001391903
131,1381,1512,0.14903452856630284
131,1381,1512,0.1490513403455253
132,1380,1512,0.14906613394289167
131,1379,1510,0.14907751845482067
133,1386,1519,0.14909156041795568
132,1377,1509,0.14910024116925197
127,1386,1513,0.14911147472782463
123,1405,1528,0.14913388882082604
124,1402,1526,0.14916357716259915
123,1399,1522,0.1491884664865805
127,1390,1517,0.14921453002283516
127,1382,1509,0.14922977162156864
128,1387,1515,0.14924466281528645
127,1384,1511,0.14925684999495656
120,1396,1516,0.14927155476055576
120,1386,1506,0.14930191490384426
121,1386,1507,0.14932840152183158
121,1385,1506,0.14934840752218034
120,1390,1510,0.14936843817952825
120,1385,1505,0.14938930141054818
119,1389,1508,0.1494103562504492
118,1401,1519,0.14943059655027247
117,1397,1514,0.14945250229221746
117,1392,1509,0.14947489285881818
117,1405,1522,0.1494951791921736
117,1403,1520,0.1495133653650903
114,1401,1515,0.14953158265115937
117,1396,1513,0.1495552094190108
119,1391,1510,0.14956976093441837
117,1392,1509,0.14957913456070054
117,1405,1522,0.14959375615663786
116,1404,1520,0.1496065721405008
117,1416,1533,0.14962140475047087
118,1416,1534,0.14963298736219816
118,1401,1519,0.14964131803078864
113,1409,1522,0.1496482036913721
112,1403,1515,0.14966715314201892
109,1404,1513,0.14968695101287594
110,1403,1513,0.1497123541636363
114,1393,1507,0.1497322835192662
108,1395,1503,0.14974053178328592
107,1395,1502,0.1497641987185465
106,1406,1512,0.14978943181706006
106,1392,1498,0.14981543913578263
106,1397,1503,0.14983967766732678
109,1389,1498,0.1498621967846946
110,1388,1498,0.1498733386401368
111,1396,1507,0.14988075183824542
108,1392,1500,0.14988649051113037
103,1403,1506,0.14989831096851397
101,1414,1515,0.14992043431323004
101,1411,1512,0.14994706080108003
99,1395,1494,0.14997247627341578
102,1415,1517,0.15000157868855715
106,1415,1521,0.15002161635981598
105,1415,1520,0.1500295591024544
105,1406,1511,0.15003805274783558
102,1413,1515,0.1500463277802626
105,1419,1524,0.150060219304283
103,1415,1518,0.15006662301015594
106,1408,1514,0.15007783192527577
107,1418,1525,0.15008222688217263
104,1414,1518,0.15008497331123655
103,1415,1518,0.15009476590054036
106,1417,1523,0.15010557947251915
105,1410,1515,0.150108649537841
104,1420,1524,0.1501150066907001
101,1417,1518,0.15012273282835611
97,1410,1507,0.15013720830160268
99,1414,1513,0.15016032825501158
99,1405,1504,0.1501776174381236
105,1417,1522,0.1501936019479938
103,1415,1518,0.15019229662589406
99,1421,1520,0.1501960534382757
100,1403,1503,0.15020898352212878
97,1411,1508,0.1502178574604049
97,1415,1512,0.15023416520355767
97,1417,1514,0.15025004201181003
98,1419,1517,0.1502653115243419
94,1435,1529,0.1502766635099408
97,1414,1511,0.15029742887005765
95,1409,1504,0.15030860091518433
95,1400,1495,0.15032452585960115
94,1408,1502,0.15033993642717036
98,1407,1505,0.15035645638788242
96,1420,1516,0.15036123553821107
97,1430,1527,0.1503705636613593
95,1429,1524,0.15037606414641702
95,1433,1528,0.15038760675749802
98,1426,1524,0.15039865150555448
99,1424,1523,0.15040284748106778
100,1419,1519,0.15040467608488217
97,1423,1520,0.15040493631171323
95,1405,1500,0.15041272338591857
89,1419,1508,0.1504242549083546
95,1405,1500,0.15044922807664954
95,1427,1522,0.15045764374527337
93,1436,1529,0.1504654158541657
93,1427,1520,0.15047807093826043
91,1423,1514,0.15048795691368363
88,1427,1515,0.15050316720983747
83,1414,1497,0.15052416387769735
85,1408,1493,0.15055587443897886
85,1406,1491,0.15058007544482507
81,1411,1492,0.1506036980317137
80,1425,1505,0.15063595886861147
81,1419,1500,0.15066882433890696
80,1427,1507,0.15069776044560249
80,1427,1507,0.1507273900750942
83,1429,1512,0.15075438692304435
81,1428,1509,0.15077253372843577
79,1433,1512,0.15079482149553866
80,1424,1504,0.15082126708748422
80,1417,1497,0.1508427221221366
74,1425,1499,0.15086219868892717
70,1425,1495,0.15089525804263182
68,1433,1501,0.15093394748404992
68,1437,1505,0.15097519049580108
68,1441,1509,0.15101355613023199
71,1442,1513,0.15104805831343854
73,1435,1508,0.15107293822881032
72,1430,1502,0.15109118692101725
74,1421,1495,0.1511115240151984
74,1444,1518,0.15112497219042673
72,1429,1501,0.1511375903605465
72,1427,1499,0.15115474589478775
72,1434,1506,0.15117181872382018
69,1438,1507,0.1511865481309869
69,1444,1513,0.15120698716946918
66,1444,1510,0.15122643515306025
68,1448,1516,0.15125251082669014
66,1449,1515,0.1512724238602727
65,1448,1513,0.15129561577900913
64,1463,1527,0.15131934325020668
62,1453,1515,0.1513446784187515
66,1447,1513,0.15137362019959036
65,1446,1511,0.15139032508187658
65,1453,1518,0.151408048629446
69,1465,1534,0.15142545779938327
68,1462,1530,0.1514301977440884
67,1460,1527,0.15143787184887633
65,1471,1536,0.15144848222730226
65,1461,1526,0.15146250257929642
65,1457,1522,0.15147655224892076
64,1472,1536,0.15148945554210588
64,1466,1530,0.15150407497161275
62,1459,1521,0.1515187474468271
60,1448,1508,0.1515368144215236
60,1453,1513,0.15155865582586753
60,1453,1513,0.151579818349781
62,1462,1524,0.15159880717536903
62,1472,1534,0.15161258807179653
59,1462,1521,0.1516261777824841
60,1449,1509,0.15164606909500275
58,1452,1510,0.15166294113800763
55,1459,1514,0.15168371942082584
55,1482,1537,0.15171015437719532
55,1476,1531,0.1517353591317935
56,1470,1526,0.15175937121039162
55,1469,1524,0.15177964240779232
55,1477,1532,0.15180075648563401
56,1472,1528,0.15182077474434244
55,1473,1528,0.15183654226552504
53,1460,1513,0.15185389729104115
51,1455,1506,0.15187513891625654
50,1462,1512,0.15189966478989828
51,1473,1524,0.15192398581404779
51,1474,1525,0.15194407131773702
50,1456,1506,0.15196234267772468
49,1455,1504,0.1519810186303526
51,1466,1517,0.15199999965507846
50,1472,1522,0.15201303245318998
49,1477,1526,0.152028077232856
49,1472,1521,0.15204477568769847
46,1468,1514,0.15205979581087573
44,1471,1515,0.15208224381712918
45,1480,1525,0.15210810509118372
45,1475,1520,0.15212997249501684
44,1462,1506,0.15215085775775264
44,1462,1506,0.15217302662206117
44,1463,1507,0.1521938747827521
44,1469,1513,0.15221261078528742
43,1473,1516,0.1522306134479741
44,1467,1511,0.15225008321045405
42,1462,1504,0.15226546577047756
43,1473,1516,0.15228533262332647
40,1455,1495,0.1523010248569454
41,1460,1501,0.1523215113828045
41,1474,1515,0.15233897946701722
40,1479,1519,0.1523552423137609
39,1487,1526,0.15237309497897822
40,1490,1530,0.1523924100364212
39,1497,1536,0.15240763449428427
40,1492,1532,0.15242341815971452
37,1483,1520,0.15243630352569398
40,1490,1530,0.1524553472551956
42,1477,1519,0.1524669475406166
42,1477,1519,0.1524725693101205
43,1481,1524,0.1524783354428191
43,1483,1526,0.15247987550538963
41,1483,1524,0.152481926499122
41,1465,1506,0.15248879778032834
39,1477,1516,0.15249573678727008
40,1472,1512,0.15250716953246926
39,1485,1524,0.1525158488145553
38,1482,1520,0.1525262471649106
38,1488,1526,0.15253853309156376
38,1486,1524,0.15255040067504902
39,1468,1507,0.15255967181266608
39,1476,1515,0.15256645061743035
38,1493,1531,0.15257327275305713
37,1489,1526,0.15258118396047013
37,1488,1525,0.1525913173946938
38,1487,1525,0.15260114168690117
41,1469,1510,0.15260749982375915
40,1474,1514,0.15260496350606365
39,1466,1505,0.15260539310812415
39,1471,1510,0.1526085407505876
39,1482,1521,0.152612031226163
40,1487,1527,0.15261579165070066
40,1479,1519,0.15261654662886825
41,1478,1519,0.15261698978482643
41,1485,1526,0.15261465866707255
40,1475,1515,0.15261304604629075
39,1474,1513,0.1526142157190724
39,1478,1517,0.1526170068249283
40,1474,1514,0.15261903147857045
42,1454,1496,0.15261927771512965
46,1460,1506,0.15261399484943106
45,1466,1511,0.15259712054751115
44,1469,1513,0.1525844039576849
46,1465,1511,0.1525761537857695
47,1467,1514,0.1525622295211159
46,1462,1508,0.1525458915700416
46,1457,1503,0.1525328932474249
50,1462,1512,0.15252166689784732
49,1464,1513,0.1524994285889319
47,1466,1513,0.15248187380995126
48,1470,1518,0.15246989757111348
47,1475,1522,0.15245612462173475
47,1472,1519,0.1524456114781492
46,1483,1529,0.1524368023982971
41,1482,1523,0.1524316522947609
41,1478,1519,0.15243989782687917
41,1481,1522,0.15244768504956646
39,1481,1520,0.15245463618302493
37,1479,1516,0.1524660123856278
35,1479,1514,0.15248172163555715
36,1490,1526,0.15250173946513235
37,1484,1521,0.15251791843399717
34,1480,1514,0.15253135152150676
35,1481,1516,0.15255122305885188
32,1487,1519,0.15256647421478847
30,1481,1511,0.15258814119448688
30,1477,1507,0.15261385055386803
28,1492,1520,0.15263762335228703
28,1494,1522,0.15266464127782287
27,1487,1514,0.15269001038869193
28,1482,1510,0.15271634823267802
27,1482,1509,0.15273903633174585
26,1486,1512,0.15276285505430695
26,1492,1518,0.15278764905348788
25,1496,1521,0.15281116654962257
25,1487,1512,0.1528356224393578
25,1496,1521,0.15285877960887778
27,1488,1515,0.1528806983987949
27,1488,1515,0.15289517341368092
26,1497,1523,0.152909094013186
25,1482,1507,0.1529249213211518
25,1484,1509,0.1529414516645648
25,1487,1512,0.15295726461036538
25,1485,1510,0.15297237575961284
23,1486,1509,0.1529856978698101
21,1498,1519,0.15300182970165405
23,1501,1524,0.15302178759445884
21,1505,1526,0.1530358077848648
21,1495,1516,0.15305406534447072
21,1489,1510,0.1530704202711308
21,1470,1491,0.15308559656324153
21,1471,1492,0.1531002467052625
20,1482,1502,0.15311436398439715
20,1493,1513,0.15313017922660674
20,1487,1507,0.15314531706482346
20,1500,1520,0.15315979091578963
18,1494,1512,0.15317361608528457
18,1502,1520,0.15319128784140376
17,1503,1520,0.15320805916747118
17,1505,1522,0.15322612969417743
15,1506,1521,0.15324217627519032
16,1516,1532,0.15326276501465824
16,1507,1523,0.15327802049206152
16,1500,1516,0.1532922608727979
15,1496,1511,0.1533059479295545
14,1494,1508,0.15332129862423072
13,1486,1499,0.15333811140009568
13,1503,1516,0.15335629489874364
13,1505,1518,0.15337357801843052
14,1496,1510,0.15338999553684748
13,1491,1504,0.15340232250298882
13,1509,1522,0.15341672062437553
12,1505,1517,0.15343043736028697
11,1519,1530,0.15344588225105607
11,1516,1527,0.1534626895626382
11,1517,1528,0.15347859802490946
12,1511,1523,0.15349365032015536
12,1516,1528,0.15350463419786003
12,1505,1517,0.1535151463591444
14,1515,1529,0.1535251964907429
15,1500,1515,0.15352835661092373
16,1499,1515,0.15352841101722858
16,1488,1504,0.15352585860102289
17,1490,1507,0.15352392523446046
17,1484,1501,0.15351929228782832
18,1492,1510,0.1535154234475353
18,1493,1511,0.15350895964278333
18,1495,1513,0.15350229052673214
18,1502,1520,0.15349658593690002
18,1504,1522,0.15349173318113132
17,1497,1514,0.153487631643992
17,1480,1497,0.15348709003065408
16,1489,1505,0.15348688328404275
16,1498,1514,0.15348939947114523
18,1505,1523,0.15349198229297012
18,1501,1519,0.15348785079482308
19,1491,1510,0.15348438668302916
18,1501,1519,0.1534783272298988
17,1501,1518,0.15347535262512524
17,1502,1519,0.15347583770319034
16,1503,1519,0.1534765683580405
16,1508,1524,0.1534796582047612
16,1493,1509,0.15348278463840553
18,1492,1510,0.15348592358087576
20,1494,1514,0.15348320646884558
20,1492,1512,0.15347443625100957
21,1498,1519,0.15346669539569147
21,1507,1528,0.1534565957609017
21,1502,1523,0.1534476223438275
21,1504,1525,0.1534396573327039
20,1503,1523,0.15343259483052202
18,1497,1515,0.15342903728262308
16,1495,1511,0.1534305260761433
16,1489,1505,0.15343654194812334
18,1506,1524,0.1534424058716535
19,1498,1517,0.15344156252936647
19,1496,1515,0.15343829857902047
21,1499,1520,0.15343565013492835
22,1503,1525,0.1534277925057549
22,1499,1521,0.15341761521261973
24,1496,1520,0.153408594630936
24,1497,1521,0.1533940697393924
24,1491,1515,0.15338108123602884
23,1493,1516,0.15336947278876237
23,1484,1507,0.15336143169327054
23,1493,1516,0.15335401810510763
24,1481,1505,0.1533466455946085
23,1492,1515,0.1533377476520772
23,1494,1517,0.15333202301098683
23,1501,1524,0.15332605614100803
23,1507,1530,0.15332094004318464
23,1499,1522,0.15331548780885426
25,1487,1512,0.1533107771641219
26,1495,1521,0.1533013323869138
26,1487,1513,0.1532897286854665
26,1484,1510,0.15327890749557344
26,1489,1515,0.15326932443930738
27,1497,1524,0.15326084845341284
28,1498,1526,0.15325009778534546
26,1501,1527,0.1532372672115564
26,1486,1512,0.15323111090672673
27,1490,1517,0.15322576720403316
26,1480,1506,0.1532180592070568
26,1479,1505,0.15321386509361143
26,1471,1497,0.15321028722214447
26,1481,1507,0.15320725320429515
28,1476,1504,0.1532046984245411
26,1488,1514,0.15319495560139793
25,1483,1508,0.15319067791781008
25,1479,1504,0.1531893510054874
25,1485,1510,0.15318859573940524
26,1481,1507,0.15318719071904657
25,1491,1516,0.15318308842516348
22,1482,1504,0.15318194262660265
19,1485,1504,0.15318810676875005
18,1494,1512,0.15320096353603563
18,1500,1518,0.1532156506054086
18,1502,1520,0.1532297562730501
18,1505,1523,0.15324287892108737
17,1506,1523,0.15325549745196942
16,1511,1527,0.15326977506403341
16,1506,1522,0.15328598198365348
16,1496,1512,0.1533005707200923
16,1494,1510,0.15331451083875045
15,1493,1508,0.15332781845291482
18,1498,1516,0.15334266546060324
18,1500,1518,0.1533480315939908
18,1498,1516,0.153353448624933
19,1489,1508,0.15335887669736106
19,1498,1517,0.15336143207453126
19,1490,1509,0.15336417565998303
19,1505,1524,0.15336706259778
19,1499,1518,0.15337005400112938
19,1489,1508,0.15337311627537742
18,1484,1502,0.1533762205125664
19,1490,1509,0.15338178788094048
21,1488,1509,0.15338425805532221
22,1482,1504,0.15338025327124122
22,1499,1521,0.1533728622179035
22,1493,1515,0.15336647154824604
22,1502,1524,0.1533609670337911
21,1498,1519,0.1533562465615564
22,1506,1528,0.1533550496939202
23,1504,1527,0.15335106648616936
22,1503,1525,0.15334419019967277
22,1506,1528,0.15334036046310673
22,1495,1517,0.15333718105594113
22,1503,1525,0.15333457182828922
22,1500,1522,0.1533313689511451
24,1490,1514,0.1533287724306645
23,1482,1505,0.15332094857237602
23,1487,1510,0.1533163221750349
21,1491,1512,0.153312396924333
21,1491,1512,0.15331363472253262
21,1490,1511,0.15331512019573196
20,1482,1502,0.15331680706253398
20,1485,1505,0.1533208213081875
20,1500,1520,0.15332482990270477
21,1508,1529,0.1533288101297114
21,1502,1523,0.15332947418881304
21,1485,1506,0.1533292706331815
21,1494,1515,0.15332944161738268
20,1494,1514,0.1533289176784144
21,1479,1500,0.15333099238545939
20,1492,1512,0.1533298379450802
19,1490,1509,0.1533313667234439
18,1493,1511,0.15333596062494295
19,1493,1512,0.15334354798161132
18,1498,1516,0.15334760953685606
18,1493,1511,0.153353888905222
18,1486,1504,0.15336004457989372
19,1473,1492,0.15336507116178114
19,1481,1500,0.15336682653129652
18,1492,1510,0.15336885876861786
18,1500,1518,0.1533741802032885
18,1490,1508,0.15337940357019605
18,1480,1498,0.15338451286566246
16,1485,1501,0.15338949519361111
17,1479,1496,0.1533988361625371
20,1496,1516,0.15340446922617734
20,1484,1504,0.15340091801016023
21,1493,1514,0.15339708839188304
20,1490,1510,0.15339176191139
20,1495,1515,0.15338942337327904
20,1490,1510,0.1533876427799091
20,1496,1516,0.1533863459702193
20,1483,1503,0.15338546718189763
20,1484,1504,0.15338494816499634
19,1499,1518,0.15338362508712633
18,1503,1521,0.1533849154498535
18,1491,1509,0.15338860637688623
18,1487,1505,0.15339236494393996
17,1486,1503,0.1533951214132812
16,1493,1509,0.1534004891679465
16,1501,1517,0.15340795753071093
15,1502,1517,0.15341522454258397
15,1491,1506,0.15342468472693388
15,1500,1515,0.1534337531721747
15,1498,1513,0.15344243590365766
14,1496,1510,0.15345074030153788
14,1502,1516,0.153460955680988
14,1510,1524,0.15347058851589512
13,1519,1532,0.1534797417117887
13,1519,1532,0.1534905908283835
13,1506,1519,0.15350086700952287
14,1504,1518,0.15351059654941424
14,1503,1517,0.15351654810592635
14,1502,1516,0.15352230807126582
14,1501,1515,0.15352787156959566
13,1521,1534,0.1535332356197184
14,1521,1535,0.1535397480441605
14,1522,1536,0.15354344762015348
13,1524,1537,0.1535471404347907
13,1527,1540,0.15355297879851432
13,1510,1523,0.15355863952676324
12,1510,1522,0.15356411611821483
12,1518,1530,0.15357156476998274
12,1501,1513,0.1535786913218038
12,1506,1518,0.15358550253641323
13,1518,1531,0.15359090908419576
13,1511,1524,0.15359291549440562
14,1514,1528,0.15359508975792843
13,1505,1518,0.15359411204857126
13,1497,1510,0.15359463787908897
13,1501,1514,0.15359554521092877
13,1506,1519,0.15359677072784295
13,1495,1508,0.15359825885059575
13,1497,1510,0.15359892455593574
13,1496,1509,0.1536007869375501
13,1508,1521,0.15360279142002348
12,1495,1507,0.1536049045698718
13,1490,1503,0.1536092585495731
13,1489,1502,0.15361025685462626
13,1488,1501,0.15361065938489638
12,1495,1507,0.15361136733742684
12,1513,1525,0.15361454474393044
10,1514,1524,0.1536177932576276
10,1502,1512,0.1536261313476794
10,1504,1514,0.15363410958370488
9,1514,1523,0.1536406818325393
8,1511,1519,0.15365019615567202
8,1512,1520,0.15366139956488442
9,1507,1516,0.15367202093417442
10,1505,1515,0.15367894082129802
10,1499,1509,0.15368234559101146
10,1503,1513,0.1536858095089931
10,1500,1510,0.1536882677165962
10,1515,1525,0.15369089430980218
11,1511,1522,0.1536936485935256
11,1513,1524,0.15369407067183116
11,1512,1523,0.15369472717921037
11,1508,1519,0.15369557895947378
11,1511,1522,0.1536965916223721
11,1511,1522,0.1536968267840937
11,1518,1529,0.15369731181511706
11,1508,1519,0.1536980062807852
11,1504,1515,0.15369887461547563
13,1498,1511,0.15369988559644804
14,1509,1523,0.15369514552697663
14,1505,1519,0.15368772986703813
15,1488,1503,0.15368115105195815
14,1489,1503,0.1536720610154128
14,1492,1506,0.15366627646868225
14,1488,1502,0.15366120826891852
14,1496,1510,0.15365683103933866
14,1508,1522,0.1536530114562382
14,1500,1514,0.15364968748576402
15,1507,1522,0.1536468035764666
15,1512,1527,0.15364103896037717
15,1516,1531,0.1536359262405063
15,1503,1518,0.153631396704624
15,1507,1522,0.15362738862090614
16,1511,1527,0.15362384654351838
16,1515,1531,0.15361743944621253
17,1502,1519,0.1536117106610275
17,1492,1509,0.1536037135301114
15,1487,1502,0.15359650988310883
16,1492,1508,0.1535945856228694
17,1494,1511,0.15359071531011176
17,1503,1520,0.15358403494166795
15,1503,1518,0.15357806480614722
16,1497,1513,0.15357705423096152
15,1500,1515,0.15357375057590905
13,1501,1514,0.153573481258266
13,1507,1520,0.15357789231595464
13,1512,1525,0.1535822023651022
12,1506,1518,0.1535864011638792
12,1502,1514,0.15359290590554422
12,1495,1507,0.15359911290253792
12,1500,1512,0.15360503063963601
12,1513,1525,0.15361066802361215
12,1508,1520,0.15361561945034402
12,1511,1523,0.15362037398447828
12,1503,1515,0.15362493333979782
12,1500,1512,0.1536293001280603
12,1508,1520,0.1536334777069794
12,1504,1516,0.15363747004688819
12,1505,1517,0.15364128161403667
11,1500,1511,0.15364491726868715
9,1508,1517,0.1536506795784209
8,1511,1519,0.15366048729220608
8,1517,1525,0.1536718598665088
10,1517,1527,0.15368256363486849
10,1511,1521,0.153686995627353
11,1508,1519,0.15369130520165208
12,1511,1523,0.15369221832039576
12,1507,1519,0.15369085384165213
12,1515,1527,0.15368980592173906
13,1518,1531,0.15368903277989454
12,1512,1524,0.15368524197499153
13,1497,1510,0.15368422534143591
13,1509,1522,0.15368118249518417
13,1508,1521,0.15367824991193843
13,1510,1523,0.15367573653083494
13,1509,1522,0.15367359371246544
12,1512,1524,0.15367177799659934
13,1513,1526,0.15367240352984793
12,1516,1528,0.15367092855574138
12,1521,1533,0.1536718865567013
12,1527,1539,0.15367292107231711
12,1537,1549,0.15367401436894418
12,1525,1537,0.15367515105619728
12,1512,1524,0.15367631782244298
12,1516,1528,0.1536775031981283
11,1513,1524,0.15367869734412123
10,1506,1516,0.1536820832936197
11,1512,1523,0.15368751143087186
12,1497,1509,0.15369040818731214
12,1518,1530,0.1536899219697965
12,1510,1522,0.15368962350797724
12,1513,1525,0.15368948598688406
13,1510,1523,0.15368948571560362
13,1492,1505,0.15368644993136304
12,1499,1511,0.15368380001203288
12,1494,1506,0.1536844603763959
12,1488,1500,0.15368406058525513
13,1494,1507,0.15368387006701606
12,1508,1520,0.15368064434372875
12,1508,1520,0.15368042371641624
12,1507,1519,0.15368040644190317
10,1499,1509,0.15368056167135485
10,1516,1526,0.15368519260266625
10,1512,1522,0.1536896823794452
11,1502,1513,0.15369402584297284
11,1502,1513,0.153694952367516
11,1510,1521,0.15369493482390098
11,1508,1519,0.15369521280530202
11,1524,1535,0.1536957397211046
11,1527,1538,0.1536953525223226
9,1516,1525,0.15369531365543157
9,1514,1523,0.15369990692125493
9,1500,1509,0.15370448441006399
7,1511,1518,0.15370902153584506
6,1519,1525,0.1537179974585291
7,1511,1518,0.1537289516046903
8,1514,1522,0.15373610933223675
7,1511,1518,0.15374060774546686
7,1499,1506,0.15374723134279947
7,1506,1513,0.15375367132525755
6,1501,1507,0.15375991761608673
6,1497,1503,0.15376734880693146
6,1500,1506,0.1537745657291485
6,1494,1500,0.15378155827217102
6,1505,1511,0.15378831919096186
5,1519,1524,0.15379484371302315
4,1527,1531,0.1538032970268592
4,1508,1512,0.15381365098093444
4,1507,1511,0.1538234946165912
4,1516,1520,0.15383284737494596
4,1514,1518,0.1538417286416116
4,1517,1521,0.1538501576405274
4,1505,1509,0.15385815334489664
4,1506,1510,0.15386573440315665
4,1518,1522,0.15387291907813105
5,1513,1518,0.15387972519771917
5,1507,1512,0.15388289462779894
5,1512,1517,0.15388602586347
5,1496,1501,0.15388910624579552
5,1494,1499,0.1538921253384607
5,1515,1520,0.153895074651701
5,1507,1512,0.15389794739668738
5,1512,1517,0.15390073826719025
5,1499,1504,0.1539034432456665
5,1526,1531,0.15390605943120228
5,1517,1522,0.15390858488700757
5,1516,1521,0.15391101850538996
4,1522,1526,0.15391335988835098
4,1514,1518,0.15391781621030853
4,1520,1524,0.1539220436084171
4,1523,1527,0.1539260519210013
3,1529,1532,0.15392985078435809
4,1533,1537,0.15393562399703328
4,1527,1531,0.15393780416128366
5,1528,1533,0.1539399840321315
5,1518,1523,0.15393887358223343
5,1506,1511,0.1539380460775249
5,1507,1512,0.15393746363212618
4,1500,1504,0.1539370926511771
4,1511,1515,0.15393980711345467
4,1523,1527,0.1539424291595462
3,1529,1532,0.1539449574208865
3,1515,1518,0.1539495792503889
3,1519,1522,0.15395397276002554
3,1511,1514,0.1539581467912015
3,1508,1511,0.15396211013147507
4,1514,1518,0.15396587147132063
4,1512,1516,0.15396617102799437
4,1523,1527,0.15396659113709524
4,1524,1528,0.15396711112981032
4,1518,1522,0.15396771287753186
4,1521,1525,0.1539683805138276
2,1514,1516,0.15396910018521967
3,1506,1509,0.15397478443171259
3,1510,1513,0.1539779064611861
3,1509,1512,0.15398086179226741
3,1520,1523,0.1539836583289589
3,1513,1516,0.15398630371008
3,1507,1510,0.1539888053045993
3,1502,1505,0.15399117020925698
3,1500,1503,0.1539934052481455
3,1510,1513,0.1539955169739535
2,1509,1511,0.15399751167061435
2,1501,1503,0.15400160610280306
2,1512,1514,0.15400545641067853
2,1522,1524,0.1540090769333361
2,1517,1519,0.15401248118924543
2,1526,1528,0.15401568192102974
2,1524,1526,0.15401869113802819
2,1532,1534,0.15402152015672588
2,1525,1527,0.15402417963913775
2,1511,1513,0.1540266796292288
2,1507,1509,0.1540290295874547
2,1501,1503,0.15403123842350352
2,1505,1507,0.15403331452731892
2,1496,1498,0.1540352657984814
2,1499,1501,0.15403709967402487
2,1518,1520,0.15403882315476047
2,1514,1516,0.15404044283017945
2,1513,1515,0.15404196490200386
3,1513,1516,0.15404339520645083
2,1524,1526,0.15404146690152387
2,1519,1521,0.15404292796656432
2,1516,1518,0.15404430083770987
2,1503,1505,0.15404559080352995
2,1503,1505,0.15404680283893918
2,1507,1509,0.15404794162345403
2,1507,1509,0.15404901155842196
2,1502,1504,0.15405001678327612
2,1513,1515,0.1540509611908689
2,1503,1505,0.15405184844193265
2,1511,1513,0.15405268197871527
2,1512,1514,0.1540534650378352
2,1522,1524,0.1540542006623985
2,1528,1530,0.15405489171341846
2,1529,1531,0.15405554088057646
2,1527,1529,0.15405615069236
2,1527,1529,0.15405672352561361
2,1516,1518,0.15405726161453395
2,1509,1511,0.1540577670591419
2,1518,1520,0.15405824183326
2,1516,1518,0.15405868779202372
2,1524,1526,0.15405910667895267
1,1519,1520,0.15405950013260736
1,1523,1524,0.15406203629659504
1,1528,1529,0.15406441884602642
1,1516,1517,0.15406665705024836
1,1506,1507,0.15406875962280456
1,1518,1519,0.15407073475440958
1,1505,1506,0.15407259014400235
1,1499,1500,0.15407433302798634
1,1515,1516,0.15407597020776062
1,1516,1517,0.15407750807563705
1,1520,1521,0.1540789526392375
1,1519,1520,0.15408030954445595
1,1523,1524,0.15408158409706985
1,1521,1522,0.15408278128307626
1,1526,1527,0.15408390578782807
1,1522,1523,0.1540849620140384
1,1525,1526,0.15408595409871917
1,1521,1522,0.15408688592911607
1,1518,1519,0.15408776115769723
1,1521,1522,0.15408858321625202
1,1520,1521,0.15408935532915116
1,1510,1511,0.1540900805258172
1,1502,1503,0.15409076165245206
1,1498,1499,0.15409140138306496
1,1515,1516,0.1540920022298418
1,1519,1520,0.15409256655289522
1,1515,1516,0.15409309656943115
1,1524,1525,0.1540935943623672
1,1512,1513,0.15409406188843425
1,1509,1510,0.15409450098579297
1,1508,1509,0.1540949133811931
1,1501,1502,0.15409530069670327
1,1504,1505,0.15409566445603637
1,1511,1512,0.15409600609049506
1,1516,1517,0.15409632694455944
1,1522,1523,0.1540966282811389
1,1524,1525,0.15409691128650738
1,1526,1527,0.1540971770749419
1,1535,1536,0.15409742669308107
1,1541,1542,0.1540976611240213
1,1518,1519,0.1540978812911654
1,1518,1519,0.1540980880618396
1,1535,1536,0.15409828225069172
1,1527,1528,0.1540984646228844
1,1529,1530,0.15409863589709535
1,1533,1534,0.15409879674833604
1,1517,1518,0.15409894781060057
1,1510,1511,0.15409908967935365
1,1512,1513,0.15409922291386888
1,1512,1513,0.1540993480394244
1,1517,1518,0.15409946554936696
1,1524,1525,0.15409957590704995
1,1518,1519,0.1540996795476547
1,1534,1535,0.15409977687990106
1,1519,1520,0.15409986828765468
1,1524,1525,0.15409995413143643
1,1542,1543,0.15410003474984074
1,1537,1538,0.1541001104608678
1,1525,1526,0.15410018156317487
1,1522,1523,0.15410024833725175
1,1513,1514,0.15410031104652486
1,1521,1522,0.15410036993839457
1,1508,1509,0.15410042524520937
1,1517,1518,0.15410047718518083
1,1510,1511,0.15410052596324314
1,1517,1518,0.15410057177186046
1,1522,1523,0.15410061479178544
1,1531,1532,0.15410065519277094
1,1534,1535,0.15410069313423955
1,1529,1530,0.15410072876591158
1,1530,1531,0.15410076222839528
1,1538,1539,0.15410079365374124
1,1529,1530,0.1541008231659629
1,1531,1532,0.15410085088152553
1,1531,1532,0.15410087690980542
1,1519,1520,0.15410090135352136
1,1514,1515,0.15410092430913946
1,1521,1522,0.1541009458672539
1,1522,1523,0.15410096611294413
1,1516,1517,0.15410098512611048
1,1509,1510,0.15410100298178922
1,1521,1522,0.15410101975044885
1,1510,1511,0.15410103549826792
1,1509,1510,0.15410105028739612
1,1521,1522,0.15410106417619965
1,1510,1511,0.15410107721949123
1,1521,1522,0.15410108946874682
1,1516,1517,0.1541011009723083
1,1513,1514,0.15410111177557456
1,1507,1508,0.15410112192118045
1,1519,1520,0.15410113144916512
1,1519,1520,0.1541011403971301
1,1521,1522,0.1541011488003876
1,1523,1524,0.1541011566920999
1,1511,1512,0.1541011641034102
1,1517,1518,0.15410117106356572
1,1523,1524,0.15410117760003286
1,1517,1518,0.15410118373860585
1,1506,1507,0.15410118950350837
1,1516,1517,0.15410119491748944
1,1506,1507,0.15410120000191277
1,1520,1521,0.15410120477684158
1,1520,1521,0.15410120926111748
1,1524,1525,0.15410121347243488
1,1533,1534,0.15410121742741092
1,1519,1520,0.15410122114165115
1,1525,1526,0.15410122462981074
1,1516,1517,0.15410122790565287
1,1523,1524,0.15410123098210254
1,1527,1528,0.15410123387129804
1,1533,1534,0.15410123658463848
1,1520,1521,0.1541012391328291
1,1511,1512,0.15410124152592325
1,1507,1508,0.15410124377336237
1,1512,1513,0.1541012458840129
1,1507,1508,0.15410124786620166
1,1496,1497,0.1541012497277484
1,1504,1505,0.1541012514759969
1,1508,1509,0.15410125311784373
1,1516,1517,0.1541012546597657
1,1505,1506,0.15410125610784525
1,1503,1504,0.15410125746779466
1,1525,1526,0.15410125874497824
1,1531,1532,0.15410125994443383
2,1527,1529,0.15410126107089273
2,1520,1522,0.1540979891305452
2,1505,1507,0.15409502290455174
2,1515,1517,0.15409233345910409
2,1509,1511,0.1540898946221969
2,1520,1522,0.15408768271854123
2,1517,1519,0.1540856763300129
2,1516,1518,0.15408385607917063
2,1508,1510,0.15408220443361625
4,1519,1523,0.15408070552918618
4,1513,1517,0.1540728009975268
4,1516,1520,0.15406563354989683
4,1511,1515,0.1540591335919296
4,1516,1520,0.15405323815517655
4,1520,1524,0.15404789026281032
4,1513,1517,0.15404303835626584
4,1510,1514,0.15403863577695034
4,1523,1527,0.15403464029772132
4,1508,1512,0.15403101369934138
3,1503,1506,0.15402772138758106
3,1507,1510,0.15402705580157303
3,1516,1519,0.15402650848594596
3,1496,1499,0.15402606467094151
3,1494,1497,0.15402571122187114
3,1507,1510,0.15402543646809908
3,1499,1502,0.15402523004937427
3,1511,1514,0.15402508277778254
3,1509,1512,0.15402498651375954
3,1501,1504,0.15402493405476003
3,1525,1528,0.15402491903531723
3,1519,1522,0.15402493583735097
3,1506,1509,0.15402497950969718
3,1507,1510,0.15402504569593145
3,1517,1520,0.15402513056965333
3,1524,1527,0.15402523077647817
3,1524,1527,0.15402534338206134
3,1518,1521,0.15402546582554283
3,1512,1515,0.15402559587786477
3,1518,1521,0.15402573160446667
3,1513,1516,0.15402587133191337
4,1521,1525,0.15402601361805487
4,1525,1529,0.1540228855812078
4,1521,1525,0.15402006348651714
4,1509,1513,0.15401751750209072
3,1508,1511,0.1540152206991114
4,1511,1515,0.15401534686079224
4,1525,1529,0.15401227743431534
4,1535,1539,0.15400956838248325
4,1516,1520,0.154007180983173
4,1507,1511,0.15400508049457265
4,1524,1528,0.15400323575594388
4,1512,1516,0.15400161882786073
5,1507,1512,0.1540002046680549
6,1507,1513,0.15399569921104642
6,1498,1504,0.15398839809775505
5,1500,1505,0.15398182173027586
6,1503,1509,0.15397895613526685
6,1517,1523,0.1539733374112028
6,1513,1519,0.1539682773909512
5,1507,1512,0.1539637212929622
5,1507,1512,0.15396194256810447
5,1506,1511,0.1539604171618504
4,1505,1509,0.15395911562748932
5,1518,1523,0.15396066072448467
5,1525,1530,0.15395948327591713
6,1519,1525,0.15395848233721188
5,1512,1517,0.15395500491555164
5,1495,1500,0.15395415924514502
5,1494,1499,0.1539534716035525
5,1491,1496,0.15395292212414252
5,1496,1501,0.1539524931338747
5,1514,1519,0.1539521689253063
5,1507,1512,0.15395193555153763
5,1504,1509,0.1539517806418329
6,1509,1515,0.15395169323587132
5,1513,1518,0.15394839249366485
5,1504,1509,0.15394760475859395
6,1497,1503,0.15394700512930137
6,1492,1498,0.1539442734594118
5,1507,1512,0.15394183508528994
5,1517,1522,0.15394188737785006
5,1511,1516,0.15394203361519748
5,1511,1516,0.15394225857029156
5,1513,1518,0.15394254886988099
5,1516,1521,0.153942892791555
5,1514,1519,0.15394328008189245
5,1518,1523,0.15394370179357633
4,1515,1519,0.1539441501395541
4,1512,1516,0.1539468263832565
4,1511,1515,0.15394937821439864
4,1504,1508,0.15395180938021255
4,1512,1516,0.15395412377653672
4,1507,1511,0.15395632540190124
4,1510,1514,0.15395841831800247
4,1512,1516,0.15396040661582824
4,1522,1526,0.15396229438677494
4,1520,1524,0.15396408569816633
4,1515,1519,0.15396578457265014
4,1518,1522,0.15396739497100362
5,1521,1526,0.15396892077793012
5,1526,1531,0.15396738735220936
5,1522,1527,0.1539660380012963
5,1511,1516,0.15396485283109734
5,1499,1504,0.15396381399011108
5,1511,1516,0.15396290546553823
5,1499,1504,0.15396211289941064
5,1499,1504,0.1539614234227934
5,1497,1502,0.15396082550630183
5,1496,1501,0.15396030882534584
5,1497,1502,0.15395986413866616
5,1514,1519,0.15395948317886776
5,1520,1525,0.1539591585537793
5,1504,1509,0.15395888365758167
6,1492,1498,0.15395865259075128
6,1516,1522,0.15395520385167763
7,1524,1531,0.15395209341479382
7,1522,1529,0.15394602873685098
7,1518,1525,0.15394054416442782
7,1509,1516,0.15393558409361477
7,1516,1523,0.15393109825740542
7,1517,1524,0.15392704121300035
7,1511,1518,0.15392337187839317
7,1503,1510,0.15392005311349988
6,1500,1506,0.15391705134154823
5,1494,1499,0.1539164911518086
5,1512,1517,0.15391865712625674
6,1510,1516,0.15391963273536782
6,1513,1519,0.15391847325345456
5,1517,1522,0.15391752064185313
6,1517,1523,0.15391889922799706
6,1517,1523,0.15391808474102
6,1524,1530,0.15391742683922197
6,1502,1508,0.15391690560602372
6,1503,1509,0.1539165033433411
6,1511,1517,0.15391620433916967
6,1498,1504,0.15391599465873362
6,1500,1506,0.15391586195685458
6,1514,1520,0.15391579530942576
6,1522,1528,0.15391578506208614
6,1516,1522,0.1539158226943763
6,1522,1528,0.15391590069782723
6,1522,1528,0.15391601246658693
7,1526,1533,0.15391615219932603
6,1517,1523,0.1539130814552458
5,1509,1514,0.15391270249384903
5,1519,1524,0.15391476780701752
5,1517,1522,0.15391678265344638
4,1522,1526,0.15391874279495513
5,1530,1535,0.153922803987279
5,1520,1525,0.15392444395722762
6,1515,1521,0.15392604083864034
6,1516,1522,0.15392495671748566
6,1518,1524,0.1539240295404767
6,1504,1510,0.15392324093032295
6,1509,1515,0.1539225744827067
6,1512,1518,0.1539220155635791
6,1503,1509,0.15392155112677536
5,1520,1525,0.15392116954994223
5,1525,1530,0.15392304105309543
5,1517,1522,0.15392484057950503
5,1514,1519,0.15392656831671545
5,1507,1512,0.15392822485551855
5,1506,1511,0.15392981112469314
5,1501,1506,0.1539313283336968
5,1497,1502,0.15393277792243784
5,1497,1502,0.1539341615173469
5,1503,1508,0.15393548089304773
5,1515,1520,0.15393673793900145
5,1519,1524,0.1539379346305643
5,1512,1517,0.15393907300395682
5,1507,1512,0.15394015513469753
4,1514,1518,0.15394118311910016
4,1505,1509,0.15394431837291964
4,1500,1504,0.15394727297888788
3,1520,1523,0.1539500568554438
3,1524,1527,0.15395488910936006
3,1511,1514,0.15395943151104668
2,1513,1515,0.15396370125349423
2,1511,1513,0.15396989709800152
2,1515,1517,0.15397571727150366
2,1500,1502,0.15398118443673336
2,1514,1516,0.15398631990079498
2,1519,1521,0.15399114369510575
1,1528,1529,0.15399567465073782
1,1525,1526,0.15400208511599803
0,1516,1516,0.1540081070787279
