1373,28,1401,0.1357959198754537
1407,29,1436,0.13293482364948533
1445,29,1474,0.13023765153255756
1451,33,1484,0.12767931181368633
1461,33,1494,0.12533625263855197
1468,34,1502,0.12317921513427374
1458,35,1493,0.12120079170064205
1455,37,1492,0.11942958685505467
1445,37,1482,0.11782676113525337
1443,37,1480,0.11639897992861524
1449,39,1488,0.11510423064775602
1451,40,1491,0.11391281544438193
1460,40,1500,0.11282564118517754
1469,42,1511,0.11181659054726718
1460,40,1500,0.11087869799298097
1460,39,1499,0.11004514788379371
1463,40,1503,0.10928863447567078
1455,41,1496,0.10859325064711581
1461,41,1502,0.10798058539618285
1449,45,1494,0.10740946618830918
1453,47,1500,0.10691992185662436
1452,48,1500,0.10646578315581412
1447,46,1493,0.10605583959303931
1434,46,1480,0.10569692229244154
1435,47,1482,0.10539998447753363
1444,46,1490,0.10512854139144416
1444,45,1489,0.10486354659515147
1455,46,1501,0.10462511171990613
1454,45,1499,0.1043819831047378
1444,46,1490,0.1041629258481742
1443,49,1492,0.10398546136265616
1453,50,1503,0.10382741928100803
1457,49,1506,0.10366022732781499
1474,47,1521,0.1035008685269672
1452,46,1498,0.10331675439853666
1447,48,1495,0.10319808669993621
1450,45,1495,0.10310078701639984
1445,45,1490,0.10300578265668303
1441,44,1485,0.10293060442586112
1444,42,1486,0.10287165568900751
1437,42,1479,0.10281182055071149
1433,45,1478,0.10277281852035468
1430,46,1476,0.1027458787183572
1431,49,1480,0.10272895937265752
1431,49,1480,0.10271261217998352
1447,48,1495,0.10269861943265425
1436,45,1481,0.10264984827418473
1451,44,1495,0.10263059026999605
1448,44,1492,0.10257924291074007
1439,43,1482,0.10253917084111705
1454,42,1496,0.1025237347229599
1454,46,1500,0.10247283592997292
1448,47,1495,0.10242570534696409
1452,48,1500,0.10239590747138966
1456,47,1503,0.10235684321599862
1449,48,1497,0.10231401090221609
1448,47,1495,0.10229017100113896
1455,47,1502,0.10227235250678976
1442,44,1486,0.10223782078005442
1448,43,1491,0.10223673336733302
1443,44,1487,0.1022223469010558
1439,44,1483,0.1022199545510024
1435,43,1478,0.10222767460547998
1443,45,1488,0.10224577135417728
1434,46,1480,0.10224813572774882
1430,48,1478,0.10227002068614385
1428,48,1476,0.10229607114199167
1425,47,1472,0.1023249179410584
1437,50,1487,0.10236052878367254
1442,50,1492,0.10236977846510854
1426,52,1478,0.10236588529563911
1424,50,1474,0.10239821015154277
1417,52,1469,0.10243142591274498
1425,53,1478,0.10247587136706804
1424,55,1479,0.10249958140505937
1435,55,1490,0.1025243196185727
1435,57,1492,0.10252290786009036
1432,56,1488,0.10252107656235049
1437,57,1494,0.10252643014010995
1415,55,1470,0.10252131318886874
1422,55,1477,0.1025620369546015
1424,54,1478,0.10258546090895201
1445,55,1500,0.1026043418409537
1441,54,1495,0.10257027493446579
1436,56,1492,0.10254979387598132
1435,58,1493,0.10254229653777866
1435,55,1490,0.10253869803938376
1449,55,1504,0.10253552193408691
1445,56,1501,0.10250167115176335
1434,59,1493,0.10247884331038903
1447,58,1505,0.10248421815003576
1440,58,1498,0.10245837633230488
1451,59,1510,0.10245045374165074
1443,60,1503,0.10241885213634554
1429,60,1489,0.10240991077763098
1436,59,1495,0.10243527023533103
1441,61,1502,0.10244251098198856
1432,62,1494,0.10243861544381386
1420,64,1484,0.1024542795125842
1425,64,1489,0.10249693377125096
1422,61,1483,0.1025247021336395
1426,62,1488,0.10255841965704093
1422,63,1485,0.10257935337302453
1427,63,1490,0.102606222508163
1424,63,1487,0.10262130219895138
1437,64,1501,0.10264164184323127
1427,64,1491,0.10263150711680331
1430,65,1495,0.10264586380769361
1424,63,1487,0.10264974324500528
1423,63,1486,0.1026681457603123
1432,63,1495,0.10268832339878191
1433,62,1495,0.10268608009649807
1427,64,1491,0.10268064587016934
1436,61,1497,0.10268766674148838
1442,62,1504,0.10267569633936478
1449,63,1512,0.1026501600521073
1442,63,1505,0.10261145737910539
1438,63,1501,0.10259169466454451
1423,63,1486,0.10258429012248893
1416,62,1478,0.10261261176293855
1412,64,1476,0.10265448487952292
1417,61,1478,0.10270455074803415
1418,63,1481,0.10273932749609768
1443,63,1506,0.10277060223136121
1449,66,1515,0.10274231574731132
1441,63,1504,0.10270159180169253
1440,64,1504,0.10267907844478957
1424,65,1489,0.10266325409954537
1432,65,1497,0.10268234774627918
1436,65,1501,0.10268167313466545
1423,62,1485,0.10267421857685755
1417,62,1479,0.10269613748719282
1420,62,1482,0.1027319665921608
1428,62,1490,0.10275685219429692
1431,63,1494,0.10276066650238637
1418,63,1481,0.10275634303366193
1427,65,1492,0.10278263781622667
1421,66,1487,0.1027846205088421
1437,64,1501,0.1027994981693572
1428,65,1493,0.10277622327749363
1425,71,1496,0.10277439637288747
1419,73,1492,0.10278169293655257
1429,75,1504,0.10280340603507149
1433,72,1505,0.10280172103852189
1439,73,1512,0.10279289638904791
1433,73,1506,0.10277160669739996
1434,72,1506,0.10276650293317129
1426,72,1498,0.10275870808623834
1418,75,1493,0.10277138354794182
1407,78,1485,0.10280146559769875
1392,81,1473,0.1028538074368403
1394,83,1477,0.10293557021024334
1398,85,1483,0.10300687088569134
1396,82,1478,0.10306471202898916
1406,86,1492,0.10312225873050349
1413,86,1499,0.10315207390706217
1410,86,1496,0.10316513326424827
1405,87,1492,0.10318361902088165
1400,87,1487,0.1032111920144764
1409,86,1495,0.10324776955849099
1420,88,1508,0.10326204517272021
1411,88,1499,0.10325168694110128
1419,85,1504,0.10326145287582815
1414,88,1502,0.10325307394788932
1419,85,1504,0.10325760102713655
1415,88,1503,0.10325108211010982
1427,90,1517,0.10325222509761357
1415,86,1501,0.10322547233503584
1409,89,1498,0.10322738407127403
1393,90,1483,0.103244079829251
1408,93,1501,0.10329381168363312
1416,92,1508,0.10330763596358913
1417,89,1506,0.10330154753588458
1416,87,1503,0.10329081973391233
1417,89,1506,0.10328745807753378
1414,90,1504,0.10328339470467832
1403,93,1496,0.1032886972662568
1410,92,1502,0.10331721334617852
1415,94,1509,0.10332605961120439
1408,91,1499,0.10332488004869587
1402,92,1494,0.10334051817984793
1386,94,1480,0.10336935698942681
1387,95,1482,0.10343109904626091
1382,96,1478,0.10348658645887338
1394,95,1489,0.10355116278429861
1396,98,1494,0.10358314129395979
1399,97,1496,0.10360777634366862
1398,95,1493,0.10362294679418443
1404,95,1499,0.1036382091490814
1404,95,1499,0.10363840671476045
1404,92,1496,0.10363858875977519
1399,91,1490,0.10363739797648529
1402,95,1497,0.10364580180710141
1400,96,1496,0.10364853588591444
1391,97,1488,0.10365538621573746
1399,94,1493,0.10368238809056439
1400,96,1496,0.1036894855416386
1385,91,1476,0.10369392998903201
1393,90,1483,0.10373413929999309
1410,94,1504,0.10375146785868307
1397,99,1496,0.10372871778287684
1385,98,1483,0.10373652750872257
1398,99,1497,0.10377241520138027
1397,94,1491,0.10377908408866514
1405,94,1499,0.10378670481790497
1404,95,1499,0.10377187897371362
1405,94,1499,0.10376083531653046
1389,96,1485,0.10374766316082262
1386,100,1486,0.1037705136385854
1392,102,1494,0.10379893376530233
1394,104,1498,0.1038133836907934
1387,109,1496,0.1038235958610574
1383,102,1485,0.10385143394215976
1386,110,1496,0.10388668200887231
1390,113,1503,0.10391146331836974
1389,114,1503,0.10392596416126451
1383,113,1496,0.10394119365808238
1395,110,1505,0.10397007238748855
1393,109,1502,0.10397231220386076
1406,112,1518,0.10397840191237226
1404,112,1516,0.10395246595179256
1401,108,1509,0.10393270140496762
1400,108,1508,0.10392050474181325
1404,112,1516,0.10391433044703138
1393,108,1501,0.10390027237073934
1382,108,1490,0.10391036747966911
1393,111,1504,0.10394462865093493
1392,108,1500,0.10395267235296846
1394,106,1500,0.10396225663786123
1410,103,1513,0.10396776942730447
1411,105,1516,0.10393289881041307
1403,106,1509,0.10389928733581949
1397,109,1506,0.1038858791946943
1392,109,1501,0.10388909778912239
1388,106,1494,0.1039038409779932
1377,107,1484,0.1039260943924298
1387,104,1491,0.10397338666057113
1387,106,1493,0.10399471735906804
1381,107,1488,0.10401428508895397
1391,114,1505,0.1040460629678255
1387,113,1500,0.1040528161325271
1374,114,1488,0.10406889407306846
1361,117,1478,0.1041111620279517
1357,119,1476,0.10418220548344256
1358,115,1473,0.10425782362471764
1357,115,1472,0.10432092846752827
1362,115,1477,0.10438334283107147
1365,119,1484,0.10443174911670124
1374,120,1494,0.10446974606442933
1378,125,1503,0.10448130165557995
1366,125,1491,0.10448273746278587
1370,125,1495,0.10451189973006844
1363,127,1490,0.10453006311753973
1366,123,1489,0.10456378550064144
1371,123,1494,0.1045897773988564
1373,122,1495,0.10460205563925701
1379,120,1499,0.10460740454857803
1369,123,1492,0.1045990283633491
1361,123,1484,0.10461501133698915
1347,125,1472,0.10464951231417972
1347,127,1474,0.10471503633213722
1348,134,1482,0.10477492503006963
1353,138,1491,0.10482780977983303
1349,136,1485,0.1048665304243778
1358,138,1496,0.104913434518357
1351,138,1489,0.10493287214684784
1347,136,1483,0.1049685605921769
1351,140,1491,0.10500998853158011
1349,141,1490,0.10504209894970692
1347,140,1487,0.10507436438216614
1348,139,1487,0.10510538276789486
1357,140,1497,0.10513313650695064
1348,140,1488,0.10513825235880837
1352,142,1494,0.10516361599124589
1351,143,1494,0.10518002832603347
1360,141,1501,0.10519554961384837
1370,143,1513,0.10518806193079513
1368,141,1509,0.10515785812332833
1355,142,1497,0.10513712144850067
1371,141,1512,0.10514842661167649
1347,143,1490,0.1051248086684432
1340,145,1485,0.10515636377842723
1345,146,1491,0.10520222476764954
1329,147,1476,0.10523657127753332
1349,146,1495,0.10530250370547467
1361,150,1511,0.10531901554271653
1354,151,1505,0.10530733766390825
1348,151,1499,0.10531258623412923
1347,150,1497,0.1053318694274716
1360,154,1514,0.10535039185030687
1343,153,1496,0.10533851050601782
1344,153,1497,0.10536885586683578
1340,151,1491,0.10539471939590944
1340,150,1490,0.10543026513590034
1337,150,1487,0.10545916244266415
1329,153,1482,0.10549526506872586
1317,157,1474,0.1055480612505721
1324,157,1481,0.10562250389539267
1331,155,1486,0.10567158758042944
1337,156,1493,0.10570185656136331
1335,154,1489,0.10571937584014829
1332,153,1485,0.10574275101471364
1324,157,1481,0.10577009103433886
1316,156,1472,0.10581344926449653
1297,160,1457,0.1058714800575518
1307,166,1473,0.10596705803263981
1314,163,1477,0.10603559850000797
1311,173,1484,0.10608080474118595
1319,175,1494,0.10612763973720343
1315,177,1492,0.10615509983816868
1320,177,1497,0.10618836860609743
1314,179,1493,0.10621094093669413
1317,184,1501,0.10624311222887123
1308,184,1492,0.10626916851526637
1313,184,1497,0.10631135777327241
1307,177,1484,0.10634192680643675
1301,182,1483,0.10638290359622601
1301,180,1481,0.1064344151286004
1300,183,1483,0.10648087411547219
1300,184,1484,0.10652626680767051
1298,185,1483,0.10657110238694453
1285,185,1470,0.10661876486119087
1283,185,1468,0.10669328906225793
1299,189,1488,0.10676582487615655
1295,189,1484,0.1067973824502579
1293,193,1486,0.10683426491471003
1291,193,1484,0.10687195069483924
1294,191,1485,0.10691213084398267
1295,195,1490,0.10694225800202137
1296,198,1494,0.1069697003601979
1303,197,1500,0.10699273872217381
1308,195,1503,0.10699799431632646
1313,194,1507,0.10699468601351558
1305,194,1499,0.10698069356836161
1306,193,1499,0.10698722266249852
1306,199,1505,0.10699281486699669
1300,201,1501,0.10699644234616958
1297,199,1496,0.10701555283218225
1291,200,1491,0.10704098803614998
1289,204,1493,0.10707990939162963
1288,206,1494,0.10711860722892261
1283,210,1493,0.10715681641599482
1286,204,1490,0.10720524650661507
1292,200,1492,0.10724387549044476
1281,203,1484,0.10726500024417346
1290,207,1497,0.10731001612058666
1294,203,1497,0.10733278538690957
1297,201,1498,0.10734469919520347
1298,208,1506,0.10734943905075936
1284,212,1496,0.10735001171181997
1283,208,1491,0.10738462169011712
1292,209,1501,0.10741884046781194
1280,213,1493,0.10743329895418625
1275,218,1493,0.10747293966039542
1261,216,1477,0.1075188064964058
1269,219,1488,0.1075921488858928
1276,212,1488,0.1076371531370929
1276,216,1492,0.10766320909397031
1269,219,1488,0.10768592169976669
1261,215,1476,0.10772385388715346
1273,216,1489,0.10777895045732099
1261,216,1477,0.107802430038048
1267,212,1479,0.10785345519792887
1267,214,1481,0.10788589668563148
1264,216,1480,0.10791738739645514
1263,212,1475,0.10795281886806844
1259,212,1471,0.10799156516007745
1266,212,1478,0.10803613100273876
1269,219,1488,0.10806152545110528
1290,218,1508,0.10807647010502962
1276,221,1497,0.1080415915713121
1264,217,1481,0.10804138765120377
1254,215,1469,0.1080688293004507
1276,215,1491,0.10811534579206344
1285,219,1504,0.10810695771093563
1287,217,1504,0.10807858037846714
1275,221,1496,0.1080486303592166
1270,223,1493,0.10804818301109816
1268,224,1492,0.10806187377103336
1277,223,1500,0.10808206599270116
1277,227,1504,0.10808188170876754
1271,225,1496,0.10808371664018292
1269,222,1491,0.10809865520255162
1265,230,1495,0.10811836110543269
1266,235,1501,0.10814736102650016
1262,231,1493,0.10817015764250111
1260,236,1496,0.10820181026430774
1251,232,1483,0.10823326293981235
1251,238,1489,0.10828206608830275
1256,236,1492,0.10833090396839135
1255,236,1491,0.10836565897349676
1245,236,1481,0.10839624188194968
1239,234,1473,0.10844513441240598
1251,234,1485,0.10850259229173786
1246,245,1491,0.10852877780289752
1249,245,1494,0.10856291079858131
1239,248,1487,0.1085883403520926
1232,252,1484,0.10863729729897027
1230,253,1483,0.10869941332535327
1244,253,1497,0.10876322060036105
1246,256,1502,0.10879105366917712
1236,260,1496,0.10881269504204535
1237,263,1500,0.10885382217443432
1236,269,1505,0.10889321678084458
1236,264,1500,0.10893204184783509
1238,265,1503,0.10896784758172647
1248,264,1512,0.10899697255147504
1240,266,1506,0.10900022098367178
1246,264,1510,0.10902370891986184
1253,262,1515,0.10903376083598822
1251,263,1514,0.10902718387846998
1233,261,1494,0.1090278216400908
1215,262,1477,0.10906905510253068
1216,266,1482,0.10914830879213745
1224,272,1496,0.10921589629995822
1205,270,1475,0.1092630646014527
1212,271,1483,0.10934646080472556
1209,273,1482,0.10940937053859244
1211,268,1479,0.10947465730748931
1214,269,1483,0.10952920263573397
1216,266,1482,0.10957444782116792
1225,263,1488,0.10961174192355429
1228,268,1496,0.10962170651875638
1237,270,1507,0.10962420379954285
1233,274,1507,0.10960494717979129
1236,273,1509,0.10959677625570263
1233,274,1507,0.10958380568002911
1226,278,1504,0.10957773126341237
1215,283,1498,0.10959304773847656
1219,278,1497,0.10963440000015512
1217,282,1499,0.10966227579333954
1215,273,1488,0.1096945370182511
1213,268,1481,0.10972804316061527
1226,269,1495,0.10976305553228567
1223,275,1498,0.1097640737276266
1223,276,1499,0.10977316343027489
1231,276,1507,0.10978416560128855
1218,272,1490,0.10977521576285998
1223,270,1493,0.1097958774684013
1212,276,1488,0.10980445482488588
1211,277,1488,0.10983661337335544
1206,283,1489,0.10986994083077416
1187,288,1475,0.1099139851964178
1190,282,1472,0.10999876088404069
1187,287,1474,0.11007070841583538
1193,289,1482,0.11014546006123498
1184,295,1479,0.11020305305220898
1193,294,1487,0.11027880008133385
1200,293,1493,0.11032658456707012
1204,290,1494,0.11035508479124768
1207,286,1493,0.11037020521525331
1196,288,1484,0.11037698493521798
1191,292,1483,0.11041107033086549
1192,293,1485,0.1104554290988693
1193,301,1494,0.11049797405298127
1184,304,1488,0.11053621888685913
1192,303,1495,0.1105903843664726
1196,305,1501,0.1106204717686189
1191,309,1500,0.11064109124700366
1191,308,1499,0.11066876280705427
1199,303,1502,0.1106958703978429
1201,309,1510,0.11070307940064737
1194,306,1500,0.11070498184598465
1191,308,1499,0.11072379069936232
1185,312,1497,0.11074916645944143
1187,305,1492,0.1107847051008602
1190,309,1499,0.11081387583204828
1181,312,1493,0.11083095496063945
1188,305,1493,0.11086577746706915
1179,304,1483,0.11088354960681808
1178,306,1484,0.11092277862972594
1181,304,1485,0.11096200463359839
1176,305,1481,0.11099009860667623
1191,305,1496,0.11102577260113389
1178,310,1488,0.11102280515226676
1184,314,1498,0.11105037403507285
1184,312,1496,0.11105799426786366
1178,309,1487,0.11106949126904764
1181,310,1491,0.11109287955072145
1175,308,1483,0.11110673574350587
1175,314,1489,0.11113256446164346
1169,308,1477,0.11115884241831225
1169,311,1480,0.11120038056254898
1184,310,1494,0.11123736507565236
1186,311,1497,0.11123818173382378
1190,317,1507,0.1112307698950064
1183,319,1502,0.1112154246921879
1174,313,1487,0.11121955916424689
1170,305,1475,0.11124440895453716
1168,304,1472,0.11127943102853294
1182,315,1497,0.1113172634197075
1193,314,1507,0.11131680203437194
1189,311,1500,0.11128926144761789
1179,315,1494,0.111274027884822
1175,317,1492,0.11128220382455803
1168,317,1485,0.11129916497762858
1148,321,1469,0.11132991496138567
1156,323,1479,0.11140407379246571
1174,322,1496,0.11145943396621566
1176,318,1494,0.11146858278071259
1173,321,1494,0.11147009431213448
1181,323,1504,0.1114805765643539
1186,325,1511,0.1114722580673098
1170,323,1493,0.11145431845491506
1174,327,1501,0.11147159869883545
1185,324,1509,0.11147784205064544
1186,322,1508,0.11146254723651204
1184,319,1503,0.11144293861979077
1169,321,1490,0.11142952609310937
1170,328,1498,0.11145218971114396
1169,330,1499,0.11147205360996285
1169,328,1497,0.1114917424525573
1182,324,1506,0.11151096932539155
1184,330,1514,0.11149829704776776
1175,336,1511,0.11148383563670182
1171,333,1504,0.11149075381900947
1172,330,1502,0.11150719990127658
1170,329,1499,0.11152114255040174
1164,330,1494,0.11153786100687607
1168,327,1495,0.11156533744262394
1165,327,1492,0.11158351490384329
1143,331,1474,0.1116082973681878
1157,330,1487,0.1116838047323829
1171,328,1499,0.11171930300306222
1166,322,1488,0.11172329668148437
1163,325,1488,0.11173710487098754
1156,323,1479,0.11175705990451285
1164,325,1489,0.11179113226282349
1172,325,1497,0.1118013807804374
1158,334,1492,0.11179335712341758
1155,328,1483,0.11181575633919923
1147,331,1478,0.11184497786563842
1154,336,1490,0.11189185212831612
1155,340,1495,0.11191992341250287
1148,342,1490,0.11194264417222125
1161,339,1500,0.1119796212647726
1154,337,1491,0.11198415219018301
1169,332,1501,0.11200156871298099
1175,333,1508,0.1119826702391218
1168,338,1506,0.11195286365328476
1158,338,1496,0.1119418770594616
1160,335,1495,0.11195610624081136
1169,337,1506,0.11196440010412331
1167,336,1503,0.11195140454946145
1165,335,1500,0.11194713629644848
1158,331,1489,0.1119444181865461
1159,333,1492,0.11195834850976498
1163,338,1501,0.11196510112639388
1161,343,1504,0.11196366926852196
1163,346,1509,0.11196731524229897
1165,340,1505,0.11196692202911203
1155,341,1496,0.11196314948960684
1151,331,1482,0.11198483789281682
1144,334,1478,0.11201310191840012
1149,337,1486,0.11205396296251179
1157,340,1497,0.11208024104122524
1156,341,1497,0.1120887260466989
1163,338,1501,0.11209790893033098
1162,342,1504,0.11208953880245673
1155,343,1498,0.1120870254994148
1164,340,1504,0.11209706407728717
1153,343,1496,0.11208316434543855
1157,349,1506,0.11209744451958653
1149,349,1498,0.11210282433334498
1155,352,1507,0.11212562051958784
1148,354,1502,0.11213458449759742
1149,353,1502,0.1121614082905689
1161,355,1516,0.1121850815910739
1142,354,1496,0.11218108354004919
1144,355,1499,0.1122210198049136
1154,354,1508,0.11225518539807103
1153,356,1509,0.11226652493727725
1146,356,1502,0.11227519685518793
1150,355,1505,0.11229830867647836
1145,357,1502,0.11231211137278391
1143,359,1502,0.11233759385082781
1141,362,1503,0.11236715203690535
1145,364,1509,0.11239857538931648
1140,371,1511,0.11241897259048468
1138,372,1510,0.11245231595543671
1129,375,1504,0.11248721572975837
1126,374,1500,0.11254008333800865
1120,373,1493,0.11259803772244187
1112,372,1484,0.11266700693942543
1108,371,1479,0.11274840329792982
1104,378,1482,0.11283388369671123
1109,390,1499,0.11291985754031397
1119,393,1512,0.11299080929904137
1116,397,1513,0.11303294332321098
1112,396,1508,0.11307923022272073
1118,391,1509,0.11313098846239314
1115,389,1504,0.11316528108526892
1111,389,1500,0.11320780851532447
1116,386,1502,0.11325579906104982
1114,384,1498,0.11329054399598239
1117,386,1503,0.11332608995734277
1121,385,1506,0.11335420668046875
1113,394,1507,0.11337084705227256
1109,398,1507,0.1134035213493074
1112,406,1518,0.113444159053211
1111,406,1517,0.11347608354054733
1099,402,1501,0.11350799079643353
1110,403,1513,0.11356480281806043
1094,393,1487,0.11359129495524875
1094,391,1485,0.11365061952910673
1077,402,1479,0.11370266775051759
1086,400,1486,0.11378858738963095
1093,400,1493,0.1138478775776418
1102,404,1506,0.11388689052068958
1102,404,1506,0.11390265495377555
1100,401,1501,0.11392095746638692
1089,406,1495,0.11394462424802661
1080,410,1490,0.11399447644527334
1085,411,1496,0.11406234193474617
1086,416,1502,0.11411537936001284
1078,415,1493,0.11416504018385953
1078,420,1498,0.11423237888426083
1076,423,1499,0.11429526651660112
1070,432,1502,0.11435555012527258
1063,432,1495,0.11442694311231953
1073,431,1504,0.11450849707633794
1064,431,1495,0.11456025883627624
1064,434,1498,0.11463210064432382
1065,432,1497,0.11469852723338164
1055,436,1491,0.1147565041226733
1056,436,1492,0.11483203476056651
1059,440,1499,0.11489942681395188
1059,445,1504,0.11495201682846254
1064,440,1504,0.11500086030582331
1062,442,1504,0.11503422462248253
1062,439,1501,0.11507074346187686
1053,441,1494,0.1151066212229065
1049,439,1488,0.11515892429387396
1045,444,1489,0.11521647964463448
1044,442,1486,0.11527819764726745
1049,444,1493,0.11534181082175607
1037,449,1486,0.11538806814470232
1052,451,1503,0.11545993910846501
1046,454,1500,0.11549387740820126
1059,447,1506,0.11554009588114621
1058,448,1506,0.11555281084862988
1060,446,1506,0.1155677316771634
1056,448,1504,0.1155780817502258
1053,444,1497,0.11559638318494382
1049,448,1497,0.11561984623522584
1052,463,1515,0.11565072378384028
1060,460,1520,0.11567298506217583
1047,458,1505,0.11567742963498198
1060,455,1515,0.1157090790085957
1069,447,1516,0.11571225835542659
1061,441,1502,0.11569431649182231
1055,447,1502,0.11569437846263281
1056,448,1504,0.1157063711622741
1046,450,1496,0.11571691820220721
1041,456,1497,0.11574835313462571
1047,454,1501,0.115791275267603
1054,445,1499,0.11581792334508584
1050,454,1504,0.11582871120582436
1052,459,1511,0.1158490145376934
1057,461,1518,0.11586375280960506
1045,461,1506,0.11586615798550141
1031,466,1497,0.11589672216134403
1028,469,1497,0.11595614415725901
1041,465,1506,0.11601843186437692
1038,465,1503,0.11604502901088892
1044,461,1505,0.11607595235064451
1038,460,1498,0.11609053104676653
1030,457,1487,0.11611566373278771
1027,461,1488,0.11615739932778918
1029,461,1490,0.1162050305030544
1032,466,1498,0.11624878442312134
1027,469,1496,0.11627928793826296
1021,468,1489,0.11631794565882508
1015,465,1480,0.11636945213543921
1024,471,1495,0.11643341987434544
1037,475,1512,0.11647266448295274
1030,475,1505,0.11648041315907122
1029,475,1504,0.11650582188180707
1019,480,1499,0.1165299430001327
1009,475,1484,0.11657530830305811
1017,472,1489,0.11663940198735996
1026,476,1502,0.11668053500602252
1028,477,1505,0.11669813865527921
1013,478,1491,0.11670621504771432
1016,482,1498,0.11674895799392437
1022,481,1503,0.1167836997298783
1012,488,1500,0.11680234394033924
1016,482,1498,0.11684242267505893
1012,487,1499,0.11687052931749392
1012,488,1500,0.11690315657719977
1018,489,1507,0.11693629628463759
1013,482,1495,0.11695199083852455
1016,488,1504,0.11697750889393867
1013,491,1504,0.1169993237297991
1010,492,1502,0.11702799301517515
1004,487,1491,0.11706308640667196
1000,492,1492,0.11710490031353997
996,482,1478,0.11715436637224556
1004,487,1491,0.11721108816180667
998,497,1495,0.1172427871248568
991,498,1489,0.11728808017812892
995,497,1492,0.11734651598097834
997,504,1501,0.1173911106148552
998,513,1511,0.11742815063621055
1002,513,1515,0.11745970932481821
1004,515,1519,0.11748086898714188
992,515,1507,0.11749866345785154
979,513,1492,0.11754578223407823
981,508,1489,0.11761979518080505
987,508,1495,0.11768465573755364
992,506,1498,0.11773051908015254
994,506,1500,0.11776356744865937
1000,512,1512,0.11778523175713503
991,514,1505,0.11779153975250477
990,519,1509,0.11781626657354707
987,520,1507,0.11784032644618046
984,524,1508,0.11787212045041691
984,520,1504,0.11790734458131405
982,519,1501,0.11794030552581526
986,516,1502,0.11797455659539292
989,523,1512,0.11799791981877902
989,526,1515,0.11801371767339276
989,525,1514,0.11802926864355047
987,516,1503,0.11804473861931493
990,519,1509,0.11806303003910312
989,522,1511,0.11807086897165647
975,520,1495,0.11808245669778718
970,528,1498,0.1181266887662045
986,522,1508,0.11818168397805007
983,528,1511,0.1181990453311397
974,534,1508,0.1182214336271689
959,530,1489,0.11826232040639371
949,523,1472,0.11833405028152086
958,531,1489,0.11842179680792263
964,541,1505,0.11848500177728892
955,547,1502,0.11853080271113686
963,550,1513,0.11859390556145222
970,536,1506,0.11863490868420708
973,539,1512,0.11865745779321238
971,547,1518,0.11867209104864056
977,537,1514,0.11869142560342395
969,535,1504,0.11869707346715931
953,540,1493,0.11872256997860152
945,546,1491,0.11878175025429076
952,554,1506,0.11885598773717973
944,553,1497,0.11890836271194638
941,553,1494,0.11897394083165802
940,548,1488,0.11904280519229735
943,552,1495,0.11911070890334934
954,556,1510,0.1191657292943123
942,547,1489,0.11919042721961493
951,550,1501,0.11923901909114948
953,550,1503,0.11926444476732641
957,549,1506,0.11927967317467963
965,560,1525,0.11928268985662907
971,554,1525,0.11926702017000214
971,552,1523,0.11923976696190831
985,554,1539,0.11921608474403456
978,550,1528,0.11916131693410899
969,546,1515,0.11912896415720606
966,548,1514,0.11912140797014822
962,542,1504,0.119121504362473
971,542,1513,0.11912910825969292
964,535,1499,0.11911520716908473
964,547,1511,0.11912116202303105
966,548,1514,0.11912812949513757
963,547,1510,0.11912828121416542
958,546,1504,0.11913541193318711
963,542,1505,0.11915358308247172
965,540,1505,0.11915614935678608
969,540,1509,0.11915311122022629
961,540,1501,0.11913931881269325
965,545,1510,0.11914570876297788
960,542,1502,0.1191415692568303
961,541,1502,0.11914920850228633
957,544,1501,0.11915778796303318
965,553,1518,0.11917199555247932
956,554,1510,0.11916796588018927
963,542,1505,0.11918207813871504
967,541,1508,0.11917774110692603
963,534,1497,0.1191630097249913
964,539,1503,0.11915965013146147
958,539,1497,0.11915270837234417
964,533,1497,0.1191589874946834
962,537,1499,0.11915242918149244
959,530,1489,0.11914944552002965
975,539,1514,0.11915756050711422
977,545,1522,0.11912799589992645
978,550,1528,0.11909663561238128
969,548,1517,0.11906692419398582
962,545,1507,0.11906070349123107
963,552,1515,0.11907321698208737
964,553,1517,0.11908301112095124
956,552,1508,0.11909022247306918
970,549,1519,0.11911324467346691
966,558,1524,0.11910210943949619
962,553,1515,0.11910270511953153
954,543,1497,0.11911269325675584
956,553,1509,0.11913811378966138
958,548,1506,0.11915354288578639
954,553,1507,0.11916612186977892
951,555,1506,0.11918860801358606
953,557,1510,0.11921610528717227
960,551,1511,0.11923607464025097
959,552,1511,0.11923618204448992
961,549,1510,0.11923946335190497
951,548,1499,0.11924011711675579
956,551,1507,0.11926371486124729
947,552,1499,0.11927530780289157
943,545,1488,0.11930613662961649
936,555,1491,0.11934507214360249
942,566,1508,0.11939683770263823
946,568,1514,0.11943100824416591
956,565,1521,0.11945431130148869
950,568,1518,0.11945549895325659
936,567,1503,0.11947058805057184
930,569,1499,0.11951448996231186
924,557,1481,0.11957019754299095
931,555,1486,0.11963808931365412
943,555,1498,0.11968241551065756
939,561,1500,0.11969722414595127
942,557,1499,0.11971996138632189
944,552,1496,0.11973428238188
936,555,1491,0.11974395097485978
933,561,1494,0.11976794882368695
943,565,1508,0.11979850408334641
935,567,1502,0.11980658230467568
927,562,1489,0.11983216236040473
931,564,1495,0.11987292156803492
934,566,1500,0.11989992386625299
947,563,1510,0.11991846517069937
937,578,1515,0.11990394192067737
935,581,1516,0.11991640053841515
927,588,1515,0.11993142571961217
922,585,1507,0.11996397414874391
911,579,1490,0.12000617964578318
896,597,1493,0.12007181258743625
895,603,1498,0.12016675909011523
893,596,1489,0.12025986349901281
896,607,1503,0.1203521453541049
897,612,1509,0.1204334557653679
899,606,1505,0.12050644055426599
902,607,1509,0.12056909772626781
902,605,1507,0.12062056496624761
895,606,1501,0.12066751443628351
899,601,1500,0.12072752729545623
912,603,1515,0.12077113867996474
900,603,1503,0.12078403380692386
901,607,1508,0.12082327838247052
905,615,1520,0.12086032154002133
899,619,1518,0.1208858179615379
894,616,1510,0.12092207098545486
898,610,1508,0.12096804078850684
900,608,1508,0.12100193017907433
901,608,1509,0.12102947061204165
887,609,1496,0.12105220589660207
889,611,1500,0.12110821217745159
882,619,1501,0.12115651318290882
878,625,1503,0.12121698776441252
876,634,1510,0.12128336951941981
873,637,1510,0.12135097038232331
875,636,1511,0.12142080985060762
878,634,1512,0.12148177225376801
889,631,1520,0.12153099005491255
875,629,1504,0.12155393551734736
874,625,1499,0.1216075520644587
877,628,1505,0.12166078194326647
881,623,1504,0.12170027431738649
898,626,1524,0.12172549982000574
886,632,1518,0.12170630852762492
879,621,1500,0.12171600024604234
877,614,1491,0.12174368911031648
878,612,1490,0.12177227806759848
885,619,1504,0.12179562004279512
881,626,1507,0.12180176348998448
876,619,1495,0.12181805647701296
883,619,1502,0.12184268129097102
876,621,1497,0.12185061399134177
884,622,1506,0.1218751703441625
885,629,1514,0.12188118529145477
870,627,1497,0.12188539508333292
859,629,1488,0.12192630811890832
859,634,1493,0.12198902499414825
861,636,1497,0.12204400141805341
862,644,1506,0.12209391330632474
862,636,1498,0.12213989275823817
858,639,1497,0.12218396806446272
863,652,1515,0.12223399712568968
861,648,1509,0.12226983672831264
860,657,1517,0.12231082838643083
852,654,1506,0.12235288592297408
837,655,1492,0.12241160343041642
836,652,1488,0.12249760333364708
833,647,1480,0.1225796301999392
844,648,1492,0.12266398362608098
853,647,1500,0.1227179957536602
860,648,1508,0.12274519850398793
846,655,1501,0.12275178255080949
847,648,1495,0.12279158383313384
840,652,1492,0.12282687082043654
847,656,1503,0.12287633634449055
832,664,1496,0.1229046311931352
836,663,1499,0.12296560677052323
839,669,1508,0.12301309982289844
842,666,1508,0.1230508631541947
851,668,1519,0.12308143876518393
849,664,1513,0.1230890503322927
860,661,1521,0.12310026489498536
856,656,1512,0.12308499782297531
848,659,1507,0.12307829396856584
857,657,1514,0.1230891964879786
853,657,1510,0.12307958660871045
850,653,1503,0.12308042082576848
849,665,1514,0.12308472794996766
853,660,1513,0.12309127039974516
854,665,1519,0.1230877681999419
851,665,1516,0.12308283608708198
843,663,1506,0.12308552240732429
847,657,1504,0.12310462727430377
851,657,1508,0.12311253585598239
849,660,1509,0.12311129942437261
844,663,1507,0.12311573487145439
842,661,1503,0.12313599793513408
849,660,1509,0.1231587235032465
850,659,1509,0.12316040883355822
835,664,1499,0.1231619624762927
835,661,1496,0.12319977232074766
834,660,1494,0.1232358411024396
830,657,1487,0.12326778950263886
841,656,1497,0.12330592195138601
838,658,1496,0.12332026337923843
837,653,1490,0.1233433923671927
843,658,1501,0.12336602671743119
841,651,1492,0.12337203479034542
842,656,1498,0.12338219442407151
843,650,1493,0.12338959509972051
854,653,1507,0.12339554660672776
851,665,1516,0.12337624260223577
849,658,1507,0.12336331581277651
845,667,1512,0.12335645816557468
834,663,1497,0.12335982587678586
844,669,1513,0.12338989709480369
845,677,1522,0.12339624730392312
843,674,1517,0.12339948700482167
839,672,1511,0.12340753427892835
830,677,1507,0.12342405134505846
824,673,1497,0.12346117127337614
826,672,1498,0.12350657369363752
834,671,1505,0.12354724723867797
834,673,1507,0.12356908541655807
828,672,1500,0.12358942731661643
830,674,1504,0.12362415599413584
831,672,1503,0.12364892951789924
816,672,1488,0.12366633735837489
816,685,1501,0.12371610589751576
828,680,1508,0.12376298899748644
821,680,1501,0.12378105103157376
816,687,1503,0.12381502090718956
819,691,1510,0.12386068139651878
814,694,1508,0.12389592897022025
819,694,1513,0.12394082780259545
812,693,1505,0.12397065488564384
807,689,1496,0.1240125912566916
821,688,1509,0.1240606600964072
820,692,1512,0.12407285607779478
814,693,1507,0.1240850977535186
805,689,1494,0.12411135232579444
804,683,1487,0.12415714258187294
813,684,1497,0.1242033683931244
806,689,1495,0.12422111040667286
804,696,1500,0.12425674151859407
819,702,1521,0.12429743317854537
810,699,1509,0.12430053145493741
816,696,1512,0.1243193598873356
812,698,1510,0.12432274751872598
813,695,1508,0.12433463038033948
808,690,1498,0.12434615475871844
798,704,1502,0.12437062956378078
797,706,1503,0.12441295842005676
798,700,1498,0.12445417678450965
804,695,1499,0.12449359164554519
795,705,1500,0.12451679444660084
796,712,1508,0.12455494816908302
799,708,1507,0.12459034415875392
803,701,1504,0.12461536513471697
803,709,1512,0.12462994108505533
808,702,1510,0.12464244346334574
811,704,1515,0.12464019107618031
814,699,1513,0.12463164066341542
809,698,1507,0.12461760153785702
807,697,1504,0.12461862535188668
807,693,1500,0.12462276014615682
807,690,1497,0.12462343602701824
805,695,1500,0.1246284342983818
791,696,1487,0.12463994962891219
786,696,1482,0.12468595183283164
792,708,1500,0.1247422486571295
797,712,1509,0.12478026054815387
800,713,1513,0.12480590108819055
797,716,1513,0.12482163319756417
794,706,1500,0.12484558245055734
790,709,1499,0.12487219276288503
794,712,1506,0.12490566855264508
784,715,1499,0.12492639467505477
783,703,1486,0.12496632385849782
783,715,1498,0.12500754154899282
777,720,1497,0.12504479662810813
782,715,1497,0.1250935501530201
783,724,1507,0.12512849163346598
775,728,1503,0.1251598093076975
763,733,1496,0.12520687506488987
774,727,1501,0.12528086366090757
773,726,1499,0.12532515647514159
770,728,1498,0.12536793752911315
783,734,1517,0.12541478611648296
762,726,1488,0.12542640400659155
766,735,1501,0.12548810822036624
779,737,1516,0.1255354136097934
774,743,1517,0.1255498665652823
765,742,1507,0.1255771076891898
775,739,1514,0.12562412113346974
766,740,1506,0.1256435017401201
769,741,1510,0.12568472682209378
765,748,1513,0.12571784375077136
772,748,1520,0.1257561492427286
770,742,1512,0.12577694161671743
770,737,1507,0.1257997023131895
766,750,1516,0.12581737512121852
765,757,1522,0.12584276082888793
764,757,1521,0.12587082505944736
773,747,1520,0.12590114955923734
774,748,1522,0.1259058653018931
775,748,1523,0.12590689996430482
768,737,1505,0.12590678632132996
767,739,1506,0.12592295512344256
770,742,1512,0.12594029497837003
769,742,1511,0.1259508053504092
768,743,1511,0.1259561949339418
766,739,1505,0.1259679857609568
760,752,1512,0.12598469303882862
766,747,1513,0.12601647010003936
765,740,1505,0.12603309598315712
764,734,1498,0.12604767782749046
760,744,1504,0.12606378705146917
760,745,1505,0.12608763567262884
763,749,1512,0.12611273066000128
768,745,1513,0.12612670135374016
767,738,1505,0.12612987370015558
761,744,1505,0.1261366599347679
766,747,1513,0.1261595782701827
761,744,1505,0.12616967260236034
765,738,1503,0.12618877724607763
771,749,1520,0.1261950033431806
779,746,1525,0.12618891509258381
772,739,1511,0.1261631567272324
769,740,1509,0.12615600908978217
760,747,1507,0.12615660948820076
761,747,1508,0.12617839003668985
761,741,1502,0.1261973639950176
752,740,1492,0.1262167705289686
753,736,1489,0.12625356385803557
754,743,1497,0.1262847381995093
745,728,1473,0.1263109742894946
752,726,1478,0.12635538341571234
758,736,1494,0.12637626828562648
759,744,1503,0.12638190845101197
759,747,1506,0.12638554572997632
757,748,1505,0.12638930751846503
754,752,1506,0.12639578388182643
743,751,1494,0.1264085088170705
745,762,1507,0.12644468683396212
742,755,1497,0.12647590287206742
746,749,1495,0.12651385942403925
748,747,1495,0.12653986667696251
745,741,1486,0.12655734279492226
749,743,1492,0.12657804865611177
755,756,1511,0.12658947066470383
743,761,1504,0.12658543713764123
739,761,1500,0.12661133866140925
737,763,1500,0.12664524379653377
726,766,1492,0.12668465486058922
729,772,1501,0.12674375290581316
726,772,1498,0.12679522607114513
732,772,1504,0.12685020815258358
731,769,1500,0.1268887344332539
721,780,1501,0.12692891950143625
723,766,1489,0.12698914148928428
726,764,1490,0.12703902624629015
736,777,1513,0.12707494707114805
732,776,1508,0.12708717562733468
727,778,1505,0.12711122102003858
717,773,1490,0.12714493642710528
728,782,1510,0.12720019439151015
734,772,1506,0.1272293827696713
727,771,1498,0.1272447632304693
720,776,1496,0.1272754709318965
725,776,1501,0.12731782042024567
721,782,1503,0.12734567338982317
723,776,1499,0.12737938722191855
718,778,1496,0.12740665160480813
715,765,1480,0.12744327566047048
724,775,1499,0.12748509069419214
725,792,1517,0.12750304633952986
727,794,1521,0.12751745058977876
731,795,1526,0.1275255663904054
725,788,1513,0.1275225417028869
720,781,1501,0.12753427168190548
723,770,1493,0.1275563590466545
729,775,1504,0.12756553264482626
728,774,1502,0.1275591730442721
731,775,1506,0.12755336183160482
730,773,1503,0.127540394899824
734,766,1500,0.1275307093615597
724,765,1489,0.12751415726369916
728,773,1501,0.12752074700267488
737,775,1512,0.12751698266253217
735,777,1512,0.12749189845011585
736,776,1512,0.1274748403601531
732,777,1509,0.1274565816704903
725,775,1500,0.12745296086340085
732,778,1510,0.12746848376798423
731,774,1505,0.1274658127863852
734,773,1507,0.1274669713411001
729,775,1504,0.12746123895509862
733,779,1512,0.12746675579993713
730,782,1512,0.12746079416034753
739,777,1516,0.1274635846876303
728,779,1507,0.1274462641946963
718,781,1499,0.12745421199810664
715,781,1496,0.12748487041148793
716,795,1511,0.127520600213888
720,795,1515,0.12755024688905192
704,791,1495,0.12757075844981786
712,775,1487,0.12762882836801326
709,781,1490,0.1276602636138948
716,771,1487,0.127697154833889
714,780,1494,0.12771832837366348
715,782,1497,0.12774246523344301
712,778,1490,0.12776161079233386
709,788,1497,0.12778390604848489
713,791,1504,0.1278138394039083
722,800,1522,0.12783243108517545
719,797,1516,0.12782687869395837
721,795,1516,0.12783041509659646
723,793,1516,0.12783063583741444
710,794,1504,0.12782561213670512
706,797,1503,0.1278474219165303
715,799,1514,0.1278777410273352
721,800,1521,0.12788624858531894
716,798,1514,0.1278806486865949
714,799,1513,0.12788841162074657
711,793,1504,0.12790152009860833
716,787,1503,0.12792089681557753
711,791,1502,0.12792879207213229
709,799,1508,0.12794577462214923
713,796,1509,0.12796483606436604
711,786,1497,0.12797204659686992
714,785,1499,0.1279817770322966
714,786,1500,0.12798462293014065
715,794,1509,0.12798752966271132
718,786,1504,0.12798780103631746
715,795,1510,0.12798175154542638
708,813,1521,0.12798113199687167
695,811,1506,0.1279981983750097
699,805,1504,0.12804564826718778
701,805,1506,0.12808111110303236
703,813,1516,0.12811260822213824
693,809,1502,0.12813954889959167
691,818,1509,0.1281891358386976
690,815,1505,0.1282389636373589
685,827,1512,0.12828763205164131
687,819,1506,0.12834394460766466
684,816,1500,0.12839280686392646
680,814,1494,0.12844592022384083
678,823,1501,0.1285036969256371
674,824,1498,0.12856180609369472
678,833,1511,0.1286221583927372
672,833,1505,0.1286716330812244
675,839,1514,0.12872912903373407
677,836,1513,0.12877687693967999
674,844,1518,0.12881734660785124
666,843,1509,0.12886157442726806
677,837,1514,0.12892420603292976
676,833,1509,0.12895888994378604
682,833,1515,0.12899356350281926
667,833,1500,0.12900911629947867
664,834,1498,0.1290590395678621
655,830,1485,0.12911230079219904
649,838,1487,0.12918385926836404
649,848,1497,0.12926609591904192
651,850,1501,0.12934391833679235
658,854,1512,0.12941101863848942
663,851,1514,0.1294533055331288
665,853,1518,0.12948012826873015
660,842,1502,0.12950346641699598
657,849,1506,0.12953794575513627
659,854,1513,0.12957922817486067
652,859,1511,0.1296140555280066
647,872,1519,0.12966393752388083
661,864,1525,0.12972373696549622
656,859,1515,0.12974383634283207
658,863,1521,0.12977072041126334
657,861,1518,0.12979094520071574
657,850,1507,0.12981348134921208
658,855,1513,0.12983517662822425
649,850,1499,0.1298559108705149
649,848,1497,0.12989530808218622
656,847,1503,0.12992816789230577
647,859,1506,0.12994281807981625
646,863,1509,0.1299773079634226
646,862,1508,0.13001512193701573
641,857,1498,0.1300486725415847
640,870,1510,0.13009056340238787
633,869,1502,0.13013267708051757
635,866,1501,0.13018892671129798
635,880,1515,0.1302379264205484
638,884,1522,0.1302804883892461
641,875,1516,0.13031062907125449
643,872,1515,0.13033144082335668
634,874,1508,0.13034560653258878
629,884,1513,0.1303826248023757
631,878,1509,0.13042761070287567
643,867,1510,0.13046663004913117
633,876,1509,0.1304731348387639
628,870,1498,0.13050070192215082
638,874,1512,0.13054067186986992
633,877,1510,0.13055751464845536
627,874,1501,0.13058365586848453
622,877,1499,0.13062289721244197
632,881,1513,0.1306707677492964
630,877,1507,0.13069287528770956
636,873,1509,0.13071695949543397
641,867,1508,0.13072596436671705
643,874,1517,0.1307221941236334
642,878,1520,0.13071229313494112
633,877,1510,0.1307067250075807
636,874,1510,0.13072116942763923
644,875,1519,0.13072273455831035
641,866,1507,0.1307029069682537
635,877,1512,0.13069250483449765
636,880,1516,0.13070134426041075
633,877,1510,0.13070731096995838
638,876,1514,0.1307212576471416
637,882,1519,0.13072208244801045
629,866,1495,0.1307236522805462
635,886,1521,0.1307449248320475
630,882,1512,0.13075171917224834
632,872,1504,0.13077016076829975
642,856,1498,0.13078041682253885
645,854,1499,0.13076818228385498
647,865,1512,0.1307477465920364
640,871,1511,0.13072518037597308
637,882,1519,0.13072020717878557
638,869,1507,0.13072248801564906
626,872,1498,0.13072151786332725
628,878,1506,0.13075024077061287
626,882,1508,0.13077386530940585
622,885,1507,0.13080289768393666
624,880,1504,0.13084059822774854
629,886,1515,0.13086909874970742
626,880,1506,0.13088218299110402
621,870,1491,0.13090111217745196
632,861,1493,0.13093144095983075
626,866,1492,0.13093214807183867
628,880,1508,0.13094172133918366
629,879,1508,0.13094710443212068
634,885,1519,0.13095218030201908
628,889,1517,0.1309468662467895
633,882,1515,0.13095920693028018
624,883,1507,0.13095829557620284
623,878,1501,0.13097896558169825
624,881,1505,0.13100093596392182
618,873,1491,0.131016646616478
618,887,1505,0.13104531088680738
613,899,1512,0.1310732603976935
612,890,1502,0.13111390037049275
612,896,1508,0.13115419022000016
611,888,1499,0.13118928328384807
605,900,1505,0.13122395272506057
599,889,1488,0.1312700786735726
598,901,1499,0.1313291505204581
602,905,1507,0.1313879012556546
598,905,1503,0.13143329183947944
600,903,1503,0.13148380050748554
596,909,1505,0.13152441997462241
595,913,1508,0.1315743487964391
597,904,1501,0.13162537003601785
592,911,1503,0.13166962358702577
591,918,1509,0.13172450558784898
582,916,1498,0.13177406932450642
588,928,1516,0.13184051639944638
589,923,1512,0.13188761407257182
591,923,1514,0.13192847791371368
591,928,1519,0.13196423468430665
586,925,1511,0.13200175923617702
585,928,1513,0.13204816438349748
586,929,1515,0.1320956733831099
577,929,1506,0.13213523547164852
573,927,1500,0.13219303761177134
575,930,1505,0.13225579514922717
573,936,1509,0.1323070040191525
567,942,1509,0.1323613344222442
574,945,1519,0.13242478362195376
575,941,1516,0.13246815462846911
578,935,1513,0.13250811915535932
572,941,1513,0.13253622317006072
578,940,1518,0.13257548294180568
569,932,1501,0.13259567711025932
563,936,1499,0.13263613966220578
567,920,1487,0.13268644543294658
566,929,1495,0.13272657680922229
572,935,1507,0.13276534730105805
564,940,1504,0.13279020852299803
569,946,1515,0.13283348522054272
570,948,1518,0.13286292043482484
568,940,1508,0.13288865406740033
565,958,1523,0.13291852782905916
563,979,1542,0.13295557721813459
559,975,1534,0.1329961563300737
550,966,1516,0.13304327587029646
550,963,1513,0.13311202151522036
541,961,1502,0.1331783184100482
539,975,1514,0.13326114884235601
531,971,1502,0.13334254925982514
532,976,1508,0.13343710334399667
535,983,1518,0.13352307628214585
543,969,1512,0.13359625047093754
547,967,1514,0.13364345156437474
534,972,1506,0.13367732856273704
533,977,1510,0.13373672560865996
532,981,1513,0.1337955765295499
532,980,1512,0.1338545005537111
525,998,1523,0.1339120574048486
531,989,1520,0.1339835386914122
527,996,1523,0.13403462987392678
521,996,1517,0.134092430531684
525,992,1517,0.13416165870112845
528,991,1519,0.13421534226959075
528,993,1521,0.13425532574108115
526,981,1507,0.1342918211164219
527,978,1505,0.13432993261043336
528,982,1510,0.13436436302476382
525,981,1506,0.13439415960502551
520,979,1499,0.1344264770238176
524,984,1508,0.1344676139879185
526,983,1509,0.13449641291927647
521,985,1506,0.13451953519818774
515,985,1500,0.13455059943122852
514,1000,1514,0.13459544186311448
515,995,1510,0.13464134785648466
516,986,1502,0.13468352972193437
520,975,1495,0.1347203592441326
518,983,1501,0.13474427165181027
517,999,1516,0.1347717454811762
511,1002,1513,0.13479882955891412
511,1003,1514,0.134837932999006
509,1006,1515,0.13487460438523288
510,992,1502,0.13491408454099935
502,992,1494,0.13495141988783493
509,998,1507,0.13500434883607287
506,999,1505,0.13503778915429857
504,1008,1512,0.13507712410565564
499,1009,1508,0.13511647682981753
499,1006,1505,0.13516595241148022
497,1002,1499,0.1352143414621029
501,1009,1510,0.135261526907079
497,1018,1515,0.13529384344544237
493,1011,1504,0.13532844779824532
485,1017,1502,0.13537247037300207
493,1028,1521,0.13543432311245948
488,1035,1523,0.13547341201718907
480,1039,1519,0.13552286456138324
476,1040,1516,0.13558756616274184
480,1037,1517,0.13565857467194822
472,1031,1503,0.13571689972558093
475,1040,1515,0.13579152291539753
469,1051,1520,0.13585205149080337
470,1051,1521,0.13592174588580702
468,1051,1519,0.13598631574096257
467,1044,1511,0.136052860752614
461,1055,1516,0.13611744302945186
461,1052,1513,0.13619057790603567
460,1050,1510,0.13625819301381545
463,1050,1513,0.13632273938630884
453,1046,1499,0.13637593203358797
450,1046,1496,0.13645096141014296
452,1049,1501,0.13652877450761916
445,1054,1499,0.13659542464927754
450,1056,1506,0.13667369036597876
450,1058,1508,0.13673501850705352
452,1058,1510,0.13679498138871718
451,1054,1505,0.1368451890220107
452,1054,1506,0.13689403425710497
447,1061,1508,0.1369375425102958
452,1054,1506,0.13699119079345345
445,1060,1505,0.1370304260811071
445,1049,1494,0.13708312034601228
443,1062,1505,0.13713219933390236
446,1056,1502,0.13718272074978077
443,1056,1499,0.13722385756946634
440,1050,1490,0.13727060420138457
434,1067,1501,0.13732064230655855
434,1069,1503,0.13738205969614806
431,1068,1499,0.13743774205428125
428,1067,1495,0.13749612690273552
426,1066,1492,0.13755791161215855
425,1073,1498,0.13761723502773426
435,1083,1518,0.1376746819616056
429,1092,1521,0.13770602888141348
432,1083,1515,0.13775055001166348
435,1082,1517,0.1377825617285086
438,1078,1516,0.13780604415805014
437,1078,1515,0.1378205564263396
443,1075,1518,0.1378382186496719
440,1073,1513,0.13784106339143726
433,1061,1494,0.13784991954538783
428,1065,1493,0.13787381520055944
429,1071,1500,0.13790729451303144
428,1081,1509,0.1379363013724503
433,1076,1509,0.13796692377272024
430,1065,1495,0.13798376438199633
424,1069,1493,0.13800662909673775
429,1063,1492,0.13803931377874248
434,1056,1490,0.13805709325503696
435,1056,1491,0.1380636137815869
434,1065,1499,0.13806649635617418
429,1075,1504,0.13807279190152447
430,1069,1499,0.13809132427587203
431,1076,1507,0.13810722561835348
432,1087,1519,0.13811800288482334
425,1087,1512,0.13812733055667195
422,1076,1498,0.13815353130224195
421,1092,1513,0.1381844363179432
414,1092,1506,0.1382115779028096
416,1088,1504,0.13825430387707874
418,1090,1508,0.1382916666760961
416,1088,1504,0.13832313984558092
419,1083,1502,0.13835454783234336
416,1086,1502,0.13837961196472562
410,1087,1497,0.13840984392858086
411,1096,1507,0.13845031767046406
412,1106,1518,0.1384838662313471
412,1096,1508,0.13851455795948123
415,1093,1508,0.13854405493003324
417,1109,1526,0.1385653504080155
406,1114,1520,0.1385800853822903
405,1095,1500,0.13862033719417272
407,1094,1501,0.13866069995599753
411,1101,1512,0.1386918176464452
411,1109,1520,0.13870969285990095
409,1107,1516,0.1387286016176942
409,1101,1510,0.13875166233928243
408,1104,1512,0.13877457167587914
404,1098,1502,0.13879857373115254
409,1097,1506,0.13883241580199876
410,1098,1508,0.13884807501697544
417,1109,1526,0.1388571316241874
416,1097,1513,0.13885191994391594
421,1097,1518,0.1388481530280972
427,1102,1529,0.13883126109459787
428,1088,1516,0.13879713908985475
422,1097,1519,0.1387644618359003
421,1099,1520,0.13874642469230283
420,1091,1511,0.138733943410672
415,1086,1501,0.1387263269410374
412,1087,1499,0.13873355265704562
410,1091,1501,0.13874749415421817
401,1102,1503,0.138762903476116
406,1109,1515,0.1387988865371345
406,1106,1512,0.13882297548476846
412,1111,1523,0.13884499798282493
405,1111,1516,0.1388510733452271
400,1108,1508,0.13887566690012706
405,1108,1513,0.13891003020998127
408,1111,1519,0.13893112163988078
404,1105,1509,0.1389416330072706
404,1113,1517,0.13896256850334265
401,1117,1518,0.13898287906232734
393,1117,1510,0.13901005552654028
387,1122,1509,0.1390556605388626
392,1124,1516,0.1391124944892111
391,1114,1505,0.1391537369613172
393,1112,1505,0.1391947349945262
389,1109,1498,0.13922541059440832
396,1105,1501,0.1392642632143218
396,1102,1498,0.13928351109035197
398,1097,1495,0.13929982952812103
396,1104,1500,0.13931055339225695
392,1112,1504,0.13932304322373637
385,1114,1499,0.13934670304821029
386,1129,1515,0.1393852375690294
388,1133,1521,0.13942027578474842
377,1124,1501,0.13944912882448934
383,1122,1505,0.13950157488412845
375,1136,1511,0.1395357574747492
373,1133,1506,0.13958688500106298
374,1127,1501,0.13963786009748136
373,1126,1499,0.13968522594529825
375,1124,1499,0.13973091062786117
377,1127,1504,0.13976884282672797
380,1128,1508,0.1398021800922931
380,1121,1501,0.13982284707930545
376,1135,1511,0.13984106444051778
373,1148,1521,0.13986861728540498
377,1148,1525,0.1399044090077811
378,1147,1525,0.1399290918473628
376,1142,1518,0.13994959868373832
374,1137,1511,0.13997550194068142
379,1131,1510,0.14000618473036286
371,1146,1517,0.14002479939220852
369,1156,1525,0.1400613589828806
363,1148,1511,0.14009940203313723
366,1148,1514,0.14014919476940396
363,1141,1504,0.1401882833045211
363,1139,1502,0.14023122548086608
368,1146,1514,0.1402727342552463
358,1152,1510,0.14029796927668056
354,1154,1508,0.14034417365522087
356,1161,1517,0.1403961614634886
351,1157,1508,0.14044129474605277
344,1155,1499,0.1404966592534297
344,1155,1499,0.14056293024695005
353,1155,1508,0.14062435265502654
357,1155,1512,0.14066138133804182
352,1154,1506,0.14068467662070838
363,1151,1514,0.1407175956472396
358,1163,1521,0.14071978086799178
352,1148,1500,0.14073574585416948
350,1151,1501,0.14076699761217726
349,1155,1504,0.14079842265955517
345,1154,1499,0.1408312678791922
347,1156,1503,0.14086958864045449
344,1154,1498,0.14090050615320188
338,1168,1506,0.14093703682118963
337,1163,1500,0.1409837038032158
337,1172,1509,0.14102915206760597
341,1166,1507,0.14107122606032857
342,1159,1501,0.1411020194042784
347,1150,1497,0.14112920448465677
339,1168,1507,0.14113985740611357
339,1167,1506,0.14117070655085628
340,1164,1504,0.14119293657222706
343,1170,1513,0.14121362276047975
336,1173,1509,0.14122804899175267
341,1168,1509,0.14125808906888934
343,1155,1498,0.14127471172160852
341,1161,1502,0.1412840010639175
340,1158,1498,0.1412956568796047
346,1153,1499,0.14130969499359064
351,1156,1507,0.1413093138601548
350,1165,1515,0.14129568309199567
354,1157,1511,0.14128532178551237
352,1161,1513,0.1412664685471914
351,1183,1534,0.1412551339689078
348,1170,1518,0.14124886740029627
346,1168,1514,0.14125093147319165
346,1169,1515,0.14126081871660873
343,1171,1514,0.1412678279217297
340,1180,1520,0.14128164989392733
337,1172,1509,0.14129838019075586
338,1173,1511,0.1413227485563788
340,1172,1512,0.14133960001608667
343,1170,1513,0.14135271130952692
344,1174,1518,0.1413581306960638
341,1179,1520,0.14136132318066916
337,1189,1526,0.14137173695241548
333,1180,1513,0.14139393910686113
329,1182,1511,0.1414240302935575
332,1184,1516,0.1414616799278173
324,1191,1515,0.14149096236810418
324,1186,1510,0.14153714886251556
325,1183,1508,0.14158229580119325
326,1178,1504,0.14162225484180196
326,1183,1509,0.14165920716025504
327,1191,1518,0.14169207935605757
321,1190,1511,0.1417219067687372
328,1195,1523,0.14176045752883376
328,1193,1521,0.1417795362651441
328,1189,1517,0.14179809619531072
328,1186,1514,0.14181658747849932
329,1188,1517,0.14183342751280198
327,1193,1520,0.1418456460833471
325,1195,1520,0.14186280829307582
325,1189,1514,0.14188563807769927
327,1185,1512,0.14190804634947254
330,1175,1505,0.1419217505047819
325,1174,1499,0.14192803273777005
324,1178,1502,0.14194411169850668
326,1181,1507,0.14196098303525836
331,1181,1512,0.14196820930343662
328,1194,1522,0.14196359975084324
325,1186,1511,0.1419675271716565
326,1193,1519,0.14197866460414155
322,1198,1520,0.14198579489934418
315,1201,1516,0.14200288892439525
315,1200,1515,0.14203565775217208
316,1198,1514,0.14206594716094345
319,1202,1521,0.14209283599264302
317,1202,1519,0.14211021325363543
313,1204,1517,0.14213130370312246
312,1195,1507,0.14215934307461128
310,1192,1502,0.14218950904421734
309,1193,1502,0.14222268111518363
308,1192,1500,0.14225273428127894
309,1194,1503,0.1422831838852661
313,1193,1506,0.1423095383117046
303,1200,1503,0.14232585330124775
304,1200,1504,0.1423654004378738
303,1204,1507,0.14239667653166357
307,1206,1513,0.14242818910640792
306,1201,1507,0.14244583926521825
311,1212,1523,0.14246349355960952
315,1202,1517,0.14246985760903716
313,1201,1514,0.14246533976396697
306,1207,1513,0.14246852035792348
309,1202,1511,0.14249078753291186
306,1205,1511,0.14250572444814957
305,1211,1516,0.14252451798045518
309,1204,1513,0.14254433504774994
303,1210,1513,0.14255373598288296
306,1216,1522,0.1425776222143119
306,1211,1517,0.14259270135438856
305,1209,1514,0.14260546744598582
302,1202,1504,0.14262122628185042
301,1210,1511,0.1426428077833129
301,1198,1499,0.14266587714109494
296,1202,1498,0.1426859090682469
296,1213,1509,0.14271700043954538
305,1218,1523,0.1427478136201471
301,1212,1513,0.14275469634153098
300,1206,1506,0.14277122420520613
300,1209,1509,0.14279046757728464
304,1204,1508,0.14280988426330665
302,1209,1511,0.14281736310345697
298,1202,1500,0.14282830098289656
298,1195,1493,0.14284761619879394
292,1218,1510,0.1428656962349222
289,1219,1508,0.1428940020875383
295,1215,1510,0.14292983336561196
294,1210,1504,0.1429492888123636
295,1205,1500,0.14297150942374068
299,1201,1500,0.14298938503825467
299,1195,1494,0.14299631060219636
292,1204,1496,0.14300467842700207
291,1210,1501,0.14303021519297765
290,1213,1503,0.14305407651783597
300,1206,1506,0.14307947373970678
295,1202,1497,0.14307745831987012
292,1212,1504,0.14308894653609217
290,1224,1514,0.14310758179081795
288,1222,1510,0.143130111120556
284,1229,1513,0.1431549157639701
287,1231,1518,0.14318873785441524
287,1234,1521,0.14321323566759114
286,1238,1524,0.14323592282566802
286,1238,1524,0.14326038473241848
286,1240,1526,0.14328395354543927
287,1239,1526,0.1433078893751632
287,1240,1527,0.14333034587152874
282,1237,1519,0.1433515795985902
276,1238,1514,0.14338318638253877
283,1241,1524,0.14342667317377672
284,1238,1522,0.14345122696439766
281,1238,1519,0.14347143311773278
275,1231,1506,0.14349581942452996
282,1237,1519,0.14353202340137344
279,1244,1523,0.1435490600069298
277,1237,1514,0.14357321694240444
276,1245,1521,0.14360179446711568
274,1243,1517,0.14363183291822765
268,1238,1506,0.14366332417293504
274,1233,1507,0.14370457840194253
275,1224,1499,0.14372620221856977
278,1232,1510,0.1437414201663264
279,1229,1508,0.1437501523810388
277,1238,1515,0.14375716746156397
277,1237,1514,0.14376837849736152
282,1237,1519,0.14377943262750345
279,1227,1506,0.14377674758250003
276,1228,1504,0.14378168408115988
275,1234,1509,0.14379511982332185
272,1238,1510,0.1438100165322111
270,1229,1499,0.14383150095447686
269,1237,1506,0.14385650464657102
271,1253,1524,0.14388229914939518
262,1252,1514,0.14390199339902657
261,1240,1501,0.14394113505779207
266,1246,1512,0.14398156034951254
267,1241,1508,0.14400684566370323
270,1251,1521,0.14402639714274962
266,1250,1516,0.14403905952238996
266,1249,1515,0.14406084731091767
264,1250,1514,0.14408065224956557
263,1251,1514,0.14410328290253907
267,1256,1523,0.14412410235047282
266,1248,1514,0.14413407879877588
266,1252,1518,0.14414721579594436
263,1252,1515,0.14415593535817595
260,1248,1508,0.14417330521303406
258,1268,1526,0.1441968171861358
252,1258,1510,0.14422351080062015
251,1267,1518,0.14426581057152282
252,1270,1522,0.14430830770496134
245,1263,1508,0.1443465713410851
242,1281,1523,0.14439958749052978
243,1282,1525,0.1444567382268063
242,1277,1519,0.14450791955112371
237,1278,1515,0.1445568693630668
240,1277,1517,0.1446142578781259
241,1277,1518,0.14466091100550435
238,1264,1502,0.14470251463083847
241,1265,1506,0.14474879481363204
239,1271,1510,0.1447860712855925
238,1276,1514,0.14482449453380913
237,1281,1518,0.1448621763949137
232,1280,1512,0.14489980112859116
229,1287,1516,0.14494643017264508
231,1273,1504,0.14499569389911982
227,1275,1502,0.1450379809628343
226,1287,1513,0.1450881551081052
225,1281,1506,0.14513831552300574
221,1296,1517,0.14518404274163899
220,1299,1519,0.14523563182934968
218,1290,1508,0.14528702217065814
221,1294,1515,0.1453397788736758
219,1294,1513,0.1453809147209687
222,1306,1528,0.14542610181663293
220,1303,1523,0.1454620744425874
214,1309,1523,0.14550130004484196
219,1290,1509,0.14555136222047002
221,1287,1508,0.14558651784465063
218,1284,1502,0.14561433617352157
213,1288,1501,0.1456459736834503
212,1299,1511,0.14568637515716304
211,1293,1504,0.14572813105725557
203,1290,1493,0.1457709394823055
211,1296,1507,0.14583104218866427
210,1294,1504,0.1458672284303593
208,1307,1515,0.14590418544099715
209,1298,1507,0.1459437468922153
211,1294,1505,0.1459781652801518
208,1295,1503,0.1460055564301237
208,1299,1507,0.14603900570710632
206,1299,1505,0.14606979620549726
204,1323,1527,0.1461030052306564
207,1322,1529,0.14613941148582188
201,1317,1518,0.14616694711706862
200,1313,1513,0.14620682084296116
198,1322,1520,0.146244261843265
201,1320,1521,0.14628568249611107
198,1314,1512,0.14631733095098734
199,1298,1497,0.14635236770746596
199,1309,1508,0.14638110835557724
192,1314,1506,0.1464088303621023
191,1318,1509,0.14645200475937756
188,1319,1507,0.14649571858104685
191,1317,1508,0.1465439369296114
193,1311,1504,0.14658104832748545
192,1312,1504,0.14661139618289415
194,1318,1512,0.14664166953237343
195,1316,1511,0.14666324236125383
196,1318,1514,0.14668181325676388
195,1319,1514,0.1466967694150108
194,1326,1520,0.14671027997292702
188,1331,1519,0.14672724611725052
187,1341,1528,0.14675765314350792
187,1329,1516,0.14678864589611337
187,1324,1511,0.14681883683897573
187,1319,1506,0.14684608617324252
194,1326,1520,0.14687120356514466
192,1336,1528,0.1468744189036334
195,1336,1531,0.146882937206926
195,1333,1528,0.1468822192436244
189,1351,1540,0.14688332417287525
187,1341,1528,0.14689927989886953
192,1328,1520,0.1469192839190958
185,1323,1508,0.14692794910570112
185,1311,1496,0.14695211499835859
184,1315,1499,0.14697591784920008
188,1321,1509,0.14699871783670995
190,1326,1516,0.14700920497530048
191,1316,1507,0.14701485859365754
191,1330,1521,0.14701649920858223
190,1325,1515,0.14701835794107646
189,1320,1509,0.14702447623122272
189,1329,1518,0.14703178213990054
187,1345,1532,0.14703927384444915
186,1341,1527,0.14705195525834822
185,1341,1526,0.14706644245199899
187,1339,1526,0.14708415845070472
188,1339,1527,0.1470976539395337
186,1337,1523,0.14710781563370387
184,1321,1505,0.1471230879840765
184,1326,1510,0.14714109211206824
181,1320,1501,0.147158980650593
179,1327,1506,0.14718091196827937
181,1323,1504,0.14720384138766246
179,1330,1509,0.1472206678046589
182,1333,1515,0.14724186120891447
178,1342,1520,0.14725340180118696
179,1337,1516,0.14727414268764308
178,1335,1513,0.14729189690825018
180,1339,1519,0.14730987454500474
177,1337,1514,0.1473227171397905
179,1323,1502,0.14734140268197016
180,1333,1513,0.14735280143984134
179,1329,1508,0.14736206630865958
181,1324,1505,0.1473716380653303
177,1345,1522,0.14737639271572067
176,1348,1524,0.14738842404105498
175,1349,1524,0.14740273789423378
171,1351,1522,0.14741757531475969
176,1350,1526,0.14744122956424047
176,1352,1528,0.14745152863343555
172,1348,1520,0.14746291078480925
170,1342,1512,0.14748079686822207
172,1334,1506,0.14750361989039049
173,1330,1503,0.14752067766074814
175,1328,1503,0.14753403172355425
173,1340,1513,0.14754095218982763
173,1340,1513,0.1475525568316973
171,1338,1509,0.14756383967543477
166,1330,1496,0.14758009694578486
169,1345,1514,0.14760757469589106
171,1348,1519,0.14762600413039337
168,1350,1518,0.14763806052480238
170,1349,1519,0.1476547634715448
173,1337,1510,0.1476674793285033
175,1340,1515,0.1476726507901101
178,1345,1523,0.147673478684016
179,1344,1523,0.14766479325570714
175,1334,1509,0.14765426786139835
175,1331,1506,0.14765102325142254
178,1341,1519,0.14764829997645873
182,1342,1524,0.14763906751940684
181,1331,1512,0.14762104519200475
183,1343,1526,0.14760752907062968
180,1334,1514,0.14759094688314248
178,1332,1510,0.14758371404295528
182,1336,1518,0.14758315669087288
179,1340,1519,0.14757413689065832
177,1351,1528,0.14757233781465054
179,1345,1524,0.1475762540122225
176,1338,1514,0.14757528931533004
175,1343,1518,0.1475816460602886
174,1351,1525,0.1475896382585154
172,1349,1521,0.14759929030885277
174,1329,1503,0.1476130516178118
177,1336,1513,0.14762070102419247
180,1333,1513,0.14762027506957628
180,1338,1518,0.1476109191833795
178,1325,1503,0.14760378311936015
179,1347,1526,0.14760346932230725
178,1341,1519,0.1476015511938942
173,1347,1520,0.14760164304232068
170,1351,1521,0.14761404868381262
173,1352,1525,0.1476323124708704
163,1354,1517,0.1476422648616596
165,1354,1519,0.1476749464269548
164,1339,1503,0.14770066791438916
167,1342,1509,0.14772589159965563
168,1346,1514,0.14774031556734915
171,1330,1501,0.1477517368975484
167,1336,1503,0.14775347721220064
165,1340,1505,0.14776526638771018
168,1354,1522,0.14778035866679368
168,1334,1502,0.14778762880468096
172,1340,1512,0.14779519583880688
174,1353,1527,0.1477911801343895
172,1345,1517,0.14778020357286445
170,1344,1514,0.1477772873577054
173,1330,1503,0.14777644079343896
175,1337,1512,0.14776978638698132
173,1341,1514,0.14775990522928864
171,1346,1517,0.14775594526313043
172,1342,1514,0.14775936156082167
167,1349,1516,0.1477611461282685
166,1349,1515,0.14777577861773622
170,1348,1518,0.14779124814142686
170,1343,1513,0.14779611426945571
169,1357,1526,0.14779905248113978
170,1353,1523,0.1478038156099697
170,1357,1527,0.14780522588871228
168,1343,1511,0.14780812332279994
169,1345,1514,0.14781585132920547
167,1329,1496,0.14782165994433735
167,1325,1492,0.14783129143751544
168,1330,1498,0.14784039450177222
166,1344,1510,0.14784638098506955
163,1350,1513,0.1478548728442103
168,1354,1522,0.1478707242174065
169,1343,1512,0.14787568694313508
167,1340,1507,0.14787692391665402
168,1346,1514,0.1478843972313262
165,1351,1516,0.1478889463460166
163,1346,1509,0.14789962867960582
162,1341,1503,0.14791503530755484
162,1332,1494,0.1479333103345527
156,1338,1494,0.14795013171143814
154,1346,1500,0.1479793750398406
154,1346,1500,0.14801199219066463
157,1352,1509,0.14804327824280347
156,1353,1509,0.1480644146270398
154,1366,1520,0.14808731838676809
155,1362,1517,0.1481127335658703
160,1359,1519,0.14813446936627234
159,1357,1516,0.14814193531469325
160,1369,1529,0.1481524374154047
157,1371,1528,0.14815828787423235
158,1364,1522,0.14817183464108377
156,1359,1515,0.14818019020258472
156,1365,1521,0.14819467905441125
161,1365,1526,0.14820772888708653
161,1363,1524,0.14820676716640885
159,1361,1520,0.14820613703951324
155,1371,1526,0.14821091321119667
153,1371,1524,0.1482254559182464
153,1379,1532,0.1482446198377987
153,1381,1534,0.14826299638896587
151,1378,1529,0.14827940570166143
149,1383,1532,0.14830022179969696
145,1383,1528,0.14832588848571526
144,1376,1520,0.14835919324914248
142,1368,1510,0.1483922191978827
141,1367,1508,0.14842765133425964
144,1366,1510,0.14846395153924266
146,1369,1515,0.1484902846616037
143,1372,1515,0.14850917175625672
143,1369,1512,0.14853440330387194
142,1373,1515,0.148557943610276
138,1351,1489,0.14858140467219463
139,1362,1501,0.148611967030508
139,1357,1496,0.1486379280704264
138,1384,1522,0.1486629803983715
134,1381,1515,0.14868945010951162
136,1396,1532,0.14872186779781507
139,1390,1529,0.14874855822825445
136,1394,1530,0.14876641264254076
134,1396,1530,0.14879081599987157
127,1396,1523,0.1488176449428625
129,1401,1530,0.14885647478996
130,1407,1537,0.14888813459315722
133,1403,1536,0.14891547196089383
137,1398,1535,0.1489331877532104
137,1375,1512,0.14894077774511624
138,1373,1511,0.1489483015178098
138,1387,1525,0.14895238427384908
139,1388,1527,0.1489554889566057
136,1386,1522,0.14895657281343536
132,1383,1515,0.14896540378521678
131,1395,1526,0.14898357910139104
131,1388,1519,0.14900219995445965
135,1384,1519,0.14901890031867399
131,1380,1511,0.1490227781467417
134,1378,1512,0.14903692005032151
134,1387,1521,0.14904133596310382
132,1381,1513,0.1490465527176917
129,1382,1511,0.14905686636030116
132,1383,1515,0.14907446740185226
129,1389,1518,0.14908311958290432
127,1377,1504,0.1490981676306488
132,1390,1522,0.14911625654160068
128,1382,1510,0.14912025528059875
128,1395,1523,0.14913342660105539
131,1397,1528,0.149145026653999
126,1395,1521,0.14914794996409053
132,1381,1513,0.1491632116284396
132,1385,1517,0.14916346417410092
132,1380,1512,0.1491648912717699
133,1378,1511,0.14916553783856187
129,1389,1518,0.14916551409914894
129,1399,1528,0.14917582239330632
131,1397,1528,0.14918465931179462
128,1397,1525,0.14918611429432627
130,1393,1523,0.14919432419358397
129,1388,1517,0.14919761671085963
128,1392,1520,0.14920215953506968
127,1384,1511,0.1492093678372948
130,1390,1520,0.14921864757685654
129,1385,1514,0.14922186506520005
133,1378,1511,0.14922739116632816
132,1371,1503,0.14922218275520313
130,1377,1507,0.1492202431475748
130,1379,1509,0.14922242633068933
125,1383,1508,0.14922296891588194
124,1393,1517,0.14923592034126074
122,1394,1516,0.14925067252763893
117,1397,1514,0.14927059947979063
120,1403,1523,0.14930186843269777
118,1400,1518,0.14932422590629665
116,1406,1522,0.14934974323873607
119,1403,1522,0.14937865224922728
119,1390,1509,0.14939865375972794
119,1396,1515,0.14941869807927954
119,1398,1517,0.1494384714932945
119,1394,1513,0.14945748444630116
118,1383,1501,0.14947310120215776
116,1392,1508,0.1494902373216237
117,1408,1525,0.1495108626182948
117,1398,1515,0.1495289847496843
118,1403,1521,0.14954710976498523
118,1406,1524,0.14956185954195045
117,1401,1518,0.1495767239120343
119,1408,1527,0.14959263756608923
115,1393,1508,0.14960297805739375
114,1401,1515,0.14962249356787935
110,1403,1513,0.14964250127626402
111,1406,1517,0.1496695735117887
112,1411,1523,0.14969180680614166
116,1406,1522,0.1497095752530585
114,1401,1515,0.1497159012338024
116,1405,1521,0.14972687806815724
116,1399,1515,0.14972964050015464
116,1392,1508,0.1497339244938187
115,1381,1496,0.14973687138397387
116,1394,1510,0.14974253002952917
114,1393,1507,0.14974613630606545
112,1393,1505,0.14975417860784548
112,1407,1519,0.14976637529920186
115,1402,1517,0.14977863777066702
116,1399,1515,0.1497814489853687
115,1396,1511,0.1497825759845945
116,1399,1515,0.14978617582691578
117,1396,1513,0.14978722242533374
115,1405,1520,0.14978607560131582
109,1393,1502,0.14979060727124477
113,1397,1510,0.14980969579041759
111,1396,1507,0.14981714911267563
112,1394,1506,0.14982987326570293
117,1412,1529,0.1498398805354778
114,1404,1518,0.14983838139241648
117,1402,1519,0.14984347961470523
109,1404,1513,0.14983971459401935
107,1396,1503,0.1498549878161227
110,1404,1514,0.14987368604089127
113,1407,1520,0.14988436424926577
110,1399,1509,0.14988735462398634
112,1396,1508,0.14989639901606602
107,1402,1509,0.1498994832451417
106,1404,1510,0.14991489504618868
108,1402,1510,0.14993121712903212
106,1403,1509,0.14994283694221056
108,1401,1509,0.14995693973319962
110,1414,1524,0.1499641934526557
108,1401,1509,0.1499661015500411
115,1405,1520,0.1499726722878236
115,1406,1521,0.1499605913800369
117,1419,1536,0.14994914051118743
115,1409,1524,0.1499343254949302
114,1409,1523,0.14992558125460065
108,1409,1517,0.1499206918955332
110,1405,1515,0.14993015588574876
115,1398,1513,0.14993249927041777
115,1396,1511,0.14992418569698945
116,1401,1517,0.14991817829123472
116,1401,1517,0.1499102993114685
118,1407,1525,0.14990201405408332
120,1408,1528,0.14988890988867348
120,1387,1507,0.1498695765355607
118,1386,1504,0.14985423122794939
120,1387,1507,0.14984412039419584
121,1376,1497,0.14982941310532616
122,1389,1511,0.14981430603766405
120,1399,1519,0.14979731615561256
121,1404,1525,0.14978561814278815
120,1404,1524,0.14977242620946657
120,1395,1515,0.14976358832339
123,1397,1520,0.14975666069025143
125,1387,1512,0.14974114314794998
121,1391,1512,0.14972239673564045
124,1385,1509,0.14971490901365084
124,1396,1520,0.14970071053033876
124,1400,1524,0.14968893916649806
122,1403,1525,0.14967876078614903
119,1410,1529,0.1496751361815035
116,1395,1511,0.14967732083146212
120,1393,1513,0.14968620355601195
117,1395,1512,0.14968406339422685
115,1396,1511,0.1496889387511662
118,1399,1517,0.14969768781994774
115,1397,1512,0.1496990039481694
117,1398,1515,0.14970434019145917
120,1392,1512,0.1497050077749806
117,1388,1505,0.14969903032807522
112,1414,1526,0.1497023656414967
110,1402,1512,0.1497170582683113
113,1392,1505,0.14973660045945858
113,1398,1511,0.14974811150939857
117,1405,1522,0.14975851689945283
118,1399,1517,0.14975838166489383
117,1386,1503,0.14975674302481268
119,1398,1517,0.14975680533867877
116,1398,1514,0.14975286112993388
117,1408,1525,0.14975696101614877
116,1403,1519,0.14975867766986603
117,1402,1519,0.14976369701945091
119,1399,1518,0.14976615349585656
120,1399,1519,0.14976099884596214
120,1404,1524,0.1497532459095196
117,1402,1519,0.1497441134502959
116,1401,1517,0.14974395664613313
114,1409,1523,0.14974810232968502
119,1409,1528,0.14975757208464427
117,1403,1520,0.149754113953897
119,1403,1522,0.14975553621744558
116,1411,1527,0.14975249657989465
114,1406,1520,0.1497570488599612
118,1398,1516,0.1497657135284966
121,1396,1517,0.14976634879340195
122,1399,1521,0.14975931234015138
121,1400,1521,0.14974968302683375
124,1416,1540,0.1497423286172195
121,1405,1526,0.14972852699310835
121,1398,1519,0.14972265311686336
116,1409,1525,0.14971751113950618
116,1411,1527,0.1497242907564336
114,1391,1505,0.14973152509044443
113,1390,1503,0.14974245976321549
117,1398,1515,0.1497563731653821
115,1395,1510,0.14975862794739467
114,1405,1519,0.14976529729884883
115,1394,1509,0.1497740108780709
112,1397,1509,0.1497796306787852
113,1400,1513,0.14979317703339143
116,1404,1520,0.14980317060209658
117,1409,1526,0.14980458397777613
115,1404,1519,0.14980199440510952
111,1414,1525,0.1498062097891574
109,1419,1528,0.149819939457758
109,1408,1517,0.1498387482068188
107,1410,1517,0.1498561023639383
108,1404,1512,0.14987631010313865
112,1393,1505,0.14989053904715913
113,1392,1505,0.1498927961201658
117,1398,1515,0.14989242816032905
116,1388,1504,0.14988241112124323
113,1390,1503,0.1498755426510532
113,1392,1505,0.14987758167234147
114,1390,1504,0.14988023862284108
113,1407,1520,0.14988121701174092
110,1404,1514,0.14988506663021553
112,1400,1512,0.14989747971019454
113,1394,1507,0.14990399122708545
115,1399,1514,0.14990767387214762
115,1400,1515,0.1499063103621714
118,1403,1521,0.14990466335949673
120,1410,1530,0.14989464524532728
113,1396,1509,0.14987993539580532
113,1392,1505,0.1498821957114447
111,1401,1512,0.14988480880190808
110,1395,1505,0.1498921588178776
109,1408,1517,0.14990139736020022
111,1414,1525,0.14991339612910268
111,1414,1525,0.14992033588779458
113,1410,1523,0.14992566706522897
113,1408,1521,0.14992711825579882
109,1420,1529,0.14992918371776517
109,1413,1522,0.14994102655644426
105,1414,1519,0.14995165110653136
105,1413,1518,0.1499704575902024
107,1407,1514,0.14998946022130016
105,1409,1514,0.1500004170073928
104,1416,1520,0.1500149591930073
101,1412,1513,0.15003181424008016
99,1414,1513,0.15005520562397018
101,1417,1518,0.15008316142559489
102,1416,1518,0.15010541501172164
101,1404,1505,0.15012089839738724
101,1404,1505,0.15013747201568423
100,1414,1514,0.15015275412937062
101,1419,1520,0.1501693666221055
102,1421,1523,0.15018347869358453
101,1419,1520,0.1501951572168466
98,1426,1524,0.15020908270464817
97,1434,1531,0.15022906971962255
99,1426,1525,0.15024939755770952
95,1424,1519,0.1502627202202756
98,1425,1523,0.15028391623942383
96,1426,1522,0.1502978814306678
99,1429,1528,0.15031558075051346
100,1425,1525,0.1503251893947095
99,1426,1525,0.15033175272609223
96,1428,1524,0.15034045280952704
92,1419,1511,0.15035679327124374
92,1427,1519,0.15038194083322595
93,1430,1523,0.15040519249104328
94,1422,1516,0.1504228102502165
95,1408,1503,0.15043638482260718
95,1411,1506,0.15044673732960864
96,1417,1513,0.15045744294275262
95,1414,1509,0.15046425288874007
97,1430,1527,0.1504741586114636
97,1424,1521,0.15047682314588967
98,1413,1511,0.15047836667476747
98,1410,1508,0.15047775417489967
100,1413,1513,0.1504757392430437
98,1413,1511,0.15046715221091309
98,1410,1508,0.15046495063627532
96,1432,1528,0.1504633258589387
103,1431,1534,0.15046627699402074
103,1422,1525,0.1504524520340156
101,1431,1532,0.15044054688716024
99,1422,1521,0.1504347667814637
101,1425,1526,0.15043561784889367
101,1423,1524,0.15043234933337624
101,1416,1517,0.1504292235929973
100,1431,1531,0.15042636169046497
98,1432,1530,0.15042605165771816
100,1435,1535,0.15043116471032245
99,1414,1513,0.15043230650837608
98,1426,1524,0.15043541115150777
96,1406,1502,0.15044055151120223
94,1413,1507,0.15045052156367614
98,1401,1499,0.15046523702400577
96,1397,1493,0.15046599080734438
96,1404,1500,0.15047235711258763
95,1396,1491,0.15047794254656743
100,1405,1505,0.15048649440862294
99,1402,1501,0.1504811470650862
98,1410,1508,0.15047944865744534
97,1405,1502,0.1504810643728755
96,1419,1515,0.150485322215339
95,1403,1498,0.1504915846919091
99,1388,1487,0.150500561426084
100,1403,1503,0.15049611906928284
99,1410,1509,0.1504896025967073
101,1409,1510,0.15048573143580835
100,1419,1519,0.15047611890260806
98,1421,1519,0.15047066205196416
98,1418,1516,0.15047019587802432
95,1418,1513,0.15047097185377595
94,1427,1521,0.15047924069420143
92,1431,1523,0.15048957282220943
90,1430,1520,0.1505045631219568
90,1435,1525,0.1505237916193189
90,1415,1505,0.15054255464589494
92,1416,1508,0.1505593206994002
91,1414,1505,0.15057038361869154
91,1413,1504,0.15058184696169877
92,1414,1506,0.15059215421263203
90,1423,1513,0.15059953859190778
89,1419,1508,0.1506122092551521
91,1422,1513,0.15062653906672616
91,1426,1517,0.15063581473742363
90,1414,1504,0.1506433025594819
92,1409,1501,0.15065320973918608
89,1420,1509,0.15065747324569048
86,1420,1506,0.15066890781792172
86,1430,1516,0.15068701382480099
80,1421,1501,0.15070344581215242
78,1418,1496,0.15073259076997755
77,1419,1496,0.15076500179113494
78,1424,1502,0.15079749966575917
79,1430,1509,0.1508256290481267
82,1448,1530,0.15085021447932795
78,1443,1521,0.15086617980808129
81,1428,1509,0.15089085490415538
79,1434,1513,0.15090585159697814
81,1439,1520,0.15092499419465802
80,1444,1524,0.15093816085030498
80,1436,1516,0.15095231361939335
81,1440,1521,0.15096482025566027
81,1422,1503,0.15097481237086238
77,1435,1512,0.1509831830142006
75,1434,1509,0.1510008074789918
75,1440,1515,0.1510216920619649
81,1435,1516,0.15104327504460568
80,1440,1520,0.15104742896335244
81,1445,1526,0.1510544201902738
82,1438,1520,0.15105943339361502
80,1429,1509,0.15106244388123435
80,1436,1516,0.15107032475034254
79,1430,1509,0.15107872493941635
77,1419,1496,0.15108816700300454
79,1423,1502,0.15109979133337598
77,1421,1498,0.15110526928298262
76,1427,1503,0.1511154294904524
78,1435,1513,0.1511271073172689
75,1435,1510,0.15113251052648213
74,1446,1520,0.1511452097343162
76,1447,1523,0.15116015953238715
75,1444,1519,0.15116932303267144
77,1441,1518,0.1511788870123846
76,1447,1523,0.15118230474681352
76,1440,1516,0.15118870844814786
73,1441,1514,0.15119535646171747
72,1431,1503,0.15120916389767636
72,1437,1509,0.1512250901825459
72,1448,1520,0.15124055134105518
71,1448,1519,0.1512557315264828
68,1458,1526,0.1512719112781525
69,1456,1525,0.15129389187693923
68,1453,1521,0.1513124986208829
70,1454,1524,0.15133274172684238
69,1450,1519,0.15134641424434112
71,1448,1519,0.15136179201808755
69,1461,1530,0.15137216323094357
68,1463,1531,0.1513865706790729
68,1450,1518,0.15140275294088135
66,1436,1502,0.15141634520318628
62,1446,1508,0.15143415273295968
63,1439,1502,0.15146020965003668
66,1452,1518,0.15148242405597886
67,1452,1519,0.15149569585653067
65,1453,1518,0.15150583335188103
61,1451,1512,0.15152047328527135
60,1463,1523,0.15154350063029082
60,1454,1514,0.15156731833829762
61,1456,1517,0.15159025831673267
59,1445,1504,0.15160983526224459
63,1439,1502,0.15163310275954883
64,1448,1512,0.15164306872733507
61,1456,1517,0.151650426232404
61,1440,1501,0.15166535574215992
60,1451,1511,0.15167953017727695
60,1453,1513,0.15169423753840156
58,1446,1504,0.1517082761829199
61,1465,1526,0.15172501568468838
59,1473,1532,0.1517329737643084
62,1458,1520,0.15174569291341422
62,1460,1522,0.15175106560982526
63,1448,1511,0.15175641838457135
60,1444,1504,0.15175918123427004
61,1448,1509,0.15176804788339843
62,1444,1506,0.15177456127020084
60,1458,1518,0.1517777470870927
58,1455,1513,0.15178596494229393
59,1459,1518,0.15179763468417592
60,1463,1523,0.15180635884802762
57,1464,1521,0.15181283799861597
61,1456,1517,0.15182465070617318
59,1469,1528,0.15182572002204706
61,1463,1524,0.15183102143762287
62,1460,1522,0.15183202715425906
62,1460,1522,0.15183106059834084
60,1470,1530,0.15183090425235884
60,1465,1525,0.15183577794497705
58,1461,1519,0.15184083462224496
58,1456,1514,0.15185077171729744
59,1460,1519,0.15185990561887913
59,1456,1515,0.15186667663616768
60,1458,1518,0.15187224164395685
59,1471,1530,0.15187481164066377
57,1468,1525,0.15187904712376618
54,1466,1520,0.15188792302409893
56,1452,1508,0.15190351959607176
55,1457,1512,0.15191345398800377
56,1458,1514,0.1519258073493756
55,1471,1526,0.1519346632282068
56,1462,1518,0.1519456162091718
56,1473,1529,0.15195414106097682
56,1481,1537,0.15196255789955346
55,1483,1538,0.15197010952317436
54,1482,1536,0.15197991154016058
53,1483,1536,0.15199062722634138
54,1471,1525,0.1520032221771931
53,1464,1517,0.1520123607288774
52,1486,1538,0.15202260424221706
52,1481,1533,0.1520348756071859
51,1479,1530,0.15204682419273227
51,1463,1514,0.15206026257927183
53,1473,1526,0.15207194173921262
56,1471,1527,0.15207886544515054
54,1462,1516,0.1520779308390878
54,1451,1505,0.1520810617756744
53,1469,1522,0.15208281360851733
58,1462,1520,0.1520862894376255
58,1451,1509,0.15207589313872674
58,1460,1518,0.15206693645181457
61,1470,1531,0.15205960372023336
62,1467,1529,0.15204394218777076
62,1462,1524,0.15202699070360987
61,1461,1522,0.1520111265114369
61,1472,1533,0.1519986463070433
61,1463,1524,0.15198729667888328
60,1458,1518,0.15197768049368968
60,1460,1520,0.15197170158923604
62,1449,1511,0.1519658996951275
63,1453,1516,0.15195629449791212
61,1457,1518,0.151945728894325
60,1464,1524,0.15194011591154422
57,1460,1517,0.15193771710022108
57,1463,1520,0.15194299048893445
55,1465,1520,0.15194885384196288
55,1460,1515,0.15195924442452624
55,1471,1526,0.15196941885365794
55,1468,1523,0.15197934958163792
55,1472,1527,0.15198901468374124
55,1477,1532,0.15199839713545601
53,1471,1524,0.15200643236976855
54,1479,1533,0.15201754894651132
56,1468,1524,0.1520261944979749
55,1472,1527,0.15202940503612936
53,1465,1518,0.15203503231906587
53,1461,1514,0.1520450348501618
53,1464,1517,0.15205478360054273
54,1460,1514,0.1520610375751274
53,1468,1521,0.15206438145579657
52,1460,1512,0.1520702221226195
52,1466,1518,0.1520785176149038
53,1471,1524,0.15208648389452173
51,1457,1508,0.15209081880360917
50,1457,1507,0.15209874578214752
50,1455,1505,0.15210857728194005
46,1461,1507,0.152117836182499
45,1456,1501,0.15213664924515627
44,1466,1510,0.15215713924900523
46,1456,1502,0.15217892701604024
44,1465,1509,0.1521928051468064
44,1464,1508,0.1522107203716769
42,1462,1504,0.15222808205481522
43,1461,1504,0.1522493135925095
41,1467,1508,0.15226745797159935
42,1474,1516,0.152289289764919
44,1472,1516,0.15230791335687738
44,1466,1510,0.1523208268768076
43,1472,1515,0.15233329474826815
40,1461,1501,0.15234744692280963
40,1470,1510,0.15236798962233902
41,1486,1527,0.1523874837856277
42,1482,1524,0.1524036396178778
42,1473,1515,0.15241655298253282
43,1472,1515,0.15242887255191076
42,1472,1514,0.15243736570410849
41,1480,1521,0.15244780755247866
40,1474,1514,0.1524599834776267
37,1483,1520,0.15247379795087113
39,1486,1525,0.15249357632778185
42,1477,1519,0.15250771343709302
43,1477,1520,0.1525123310920465
41,1482,1523,0.1525145989172829
41,1472,1513,0.1525214143417676
39,1480,1519,0.15252814844747797
38,1491,1529,0.15253910734167614
39,1480,1519,0.15255200028503357
40,1474,1514,0.1525610721473833
40,1470,1510,0.15256727894800018
37,1465,1502,0.1525734332888986
36,1466,1502,0.15258625521464433
38,1482,1520,0.1526006817159259
38,1484,1522,0.1526071839332775
38,1484,1522,0.15261376828568338
41,1469,1510,0.15262025800337078
41,1481,1522,0.1526171324173196
43,1486,1529,0.152614866398936
44,1485,1529,0.15260642747093617
42,1466,1508,0.15259608519586756
42,1460,1502,0.15259135324107617
39,1468,1507,0.15258762200250325
40,1468,1508,0.15259197211054804
40,1472,1512,0.15259426994272587
37,1477,1514,0.15259594949772645
35,1465,1500,0.15260490284635952
36,1470,1506,0.15261820510473542
34,1474,1508,0.1526262843081486
33,1482,1515,0.15263892828209427
35,1479,1514,0.15265357125105486
37,1473,1510,0.15266296929873532
37,1482,1519,0.15266669148909406
38,1480,1518,0.1526707723927618
38,1472,1510,0.15267186632652582
38,1470,1508,0.15267347731506142
38,1483,1521,0.1526751531354784
38,1478,1516,0.1526765946417024
38,1470,1508,0.15267847237998214
38,1477,1515,0.1526796079260336
38,1476,1514,0.15268120707126634
39,1476,1515,0.15268231378257402
37,1478,1515,0.15268042584487554
40,1474,1514,0.15268380958755956
39,1475,1514,0.1526786005053971
39,1474,1513,0.1526765411376006
41,1467,1508,0.15267523441349937
40,1477,1517,0.1526682182833835
40,1466,1506,0.15266448091503615
40,1468,1508,0.1526610681010485
39,1480,1519,0.15265788301228173
38,1487,1525,0.152658676510165
39,1489,1528,0.1526620760237982
39,1496,1535,0.15266214015484353
38,1497,1535,0.15266266572014214
38,1492,1530,0.15266628268322294
38,1496,1534,0.15267005963021585
37,1475,1512,0.15267394977989604
36,1473,1509,0.15268007204865497
34,1466,1500,0.15268826560556847
35,1470,1505,0.1526995348662863
36,1470,1506,0.15270520805675125
36,1483,1519,0.15270870992478985
36,1480,1516,0.15271169313453598
33,1484,1517,0.152715081839034
33,1483,1516,0.15272538614404646
32,1487,1519,0.15273397779794212
31,1488,1519,0.1527448597168269
29,1491,1520,0.15275772924511663
29,1491,1520,0.15277458104962868
29,1492,1521,0.15279082181198095
28,1496,1524,0.15280644839985458
28,1490,1518,0.15282241547971476
29,1486,1515,0.15283783359040096
29,1499,1528,0.15284955948932788
29,1501,1530,0.15285992880140364
29,1492,1521,0.15287016999619094
29,1498,1527,0.15288024239129092
29,1500,1529,0.15288901424231333
29,1490,1519,0.15289763584762242
29,1494,1523,0.15290415057120668
29,1477,1506,0.15290975775162044
30,1486,1516,0.15291572851012541
30,1481,1511,0.15291869800793292
29,1481,1510,0.15292211056212543
30,1475,1505,0.1529288961525869
32,1477,1509,0.1529324212374225
32,1481,1513,0.15292976900238542
32,1478,1510,0.15292792822236856
32,1492,1524,0.15292678692260953
32,1475,1507,0.15292561093601797
32,1473,1505,0.15292504642499577
29,1491,1520,0.15292500408648435
29,1481,1510,0.15293187598929806
29,1481,1510,0.152938729909592
31,1492,1523,0.15294552826114596
28,1503,1531,0.15294624116557043
27,1493,1520,0.15295471076797618
27,1494,1521,0.15296492169572545
27,1483,1510,0.15297483331748757
27,1494,1521,0.15298443265113948
26,1482,1508,0.15299371051698216
26,1486,1512,0.15300481706623714
26,1501,1527,0.15301546266870167
25,1492,1517,0.1530256545076922
26,1495,1521,0.15303644248411058
27,1496,1523,0.15304350325042065
28,1489,1517,0.15304721167596552
29,1495,1524,0.1530488239324476
29,1493,1522,0.1530475296252357
29,1491,1520,0.15304677195900346
28,1485,1513,0.15304543870019544
28,1492,1520,0.1530470339588671
28,1495,1523,0.15304894047851236
28,1485,1513,0.15305109979787712
28,1480,1508,0.15305346083015858
27,1485,1512,0.15305493072970186
27,1477,1504,0.15305775898228913
27,1472,1499,0.15306085484158147
27,1494,1521,0.15306415911901416
27,1492,1519,0.1530676203991094
24,1493,1517,0.15306906790951558
23,1486,1509,0.15307835527258556
24,1503,1527,0.15308959501255354
25,1504,1529,0.15309815904817412
25,1495,1520,0.15310325475601327
25,1496,1521,0.1531084222527192
25,1495,1520,0.15311362008659446
24,1495,1519,0.1531188129196294
25,1501,1526,0.15312612855008412
27,1486,1513,0.153130005648135
26,1488,1514,0.1531274889717618
26,1498,1524,0.15312778771366706
27,1496,1523,0.1531285308139555
29,1494,1523,0.15312632248504415
30,1498,1528,0.1531182349329962
31,1477,1508,0.153108048825636
31,1468,1499,0.15309592617607037
30,1481,1511,0.15308420509070253
31,1464,1495,0.153076552243819
31,1458,1489,0.15306675375077383
31,1464,1495,0.15305824859927314
32,1467,1499,0.15305089111551123
31,1485,1516,0.15304109519461007
31,1490,1521,0.1530346899524969
31,1490,1521,0.15302925378863674
31,1481,1512,0.15302467189821548
30,1489,1519,0.1530198461017876
30,1492,1522,0.15301736023826232
28,1497,1525,0.15301543270382598
27,1493,1520,0.15301855276112503
28,1489,1517,0.15302407018963635
29,1491,1520,0.15302645819651167
29,1497,1526,0.15302671762185643
29,1487,1516,0.1530266100823201
29,1492,1521,0.15302698705101886
28,1480,1508,0.15302777313773944
28,1497,1525,0.15303104683004942
29,1496,1525,0.15303447301295417
29,1489,1518,0.1530357303300616
29,1488,1517,0.15303618151773787
29,1486,1515,0.15303583397644402
27,1484,1511,0.15303595106725917
26,1500,1526,0.15304077875551123
26,1498,1524,0.15304683854582268
26,1475,1501,0.15305295323463652
26,1473,1499,0.15305880193140314
26,1487,1513,0.15306359915213655
26,1475,1501,0.15306834384797977
25,1498,1523,0.1530721514586975
24,1495,1519,0.153078390164176
24,1499,1523,0.15308737260363361
24,1507,1531,0.15309614971768984
25,1504,1529,0.15310437250660816
26,1493,1519,0.15310918738477697
28,1479,1507,0.15311123929737377
28,1486,1514,0.15310705756664622
27,1486,1513,0.15310268708644187
25,1497,1522,0.15310156751764448
25,1492,1517,0.15310596128685958
26,1491,1517,0.1531105303140715
26,1485,1511,0.1531127063989551
26,1501,1527,0.1531151465356751
25,1494,1519,0.15311770273908223
24,1499,1523,0.1531215610646837
24,1491,1515,0.15312774744092475
23,1485,1508,0.15313201315423078
24,1491,1515,0.1531387020988543
26,1502,1528,0.15314286303631192
26,1512,1538,0.15314255199982554
26,1511,1537,0.15314270769537366
26,1502,1528,0.1531432586840749
27,1503,1530,0.15314414200581544
27,1488,1515,0.15314203853770472
27,1491,1518,0.15314046849943666
29,1498,1527,0.15313936057670563
29,1497,1526,0.1531321154963282
29,1501,1530,0.1531258242449855
30,1491,1521,0.15312037975326498
30,1482,1512,0.15311242224276048
30,1494,1524,0.15310543537741733
29,1493,1522,0.153099313570527
29,1495,1524,0.15309693300882987
28,1489,1517,0.15309385582772891
27,1476,1503,0.15309350339075997
27,1479,1506,0.15309460958658433
27,1491,1518,0.15309601157431135
26,1481,1507,0.1530965656059007
26,1479,1505,0.15309965383089227
23,1490,1513,0.15310293952688384
23,1490,1513,0.1531119107941936
22,1485,1507,0.1531207420651038
21,1486,1507,0.15313155315765242
22,1475,1497,0.15314479891851768
23,1487,1510,0.153154796235108
24,1495,1519,0.15316119814673526
24,1491,1515,0.15316477888057045
24,1507,1531,0.1531677800795574
23,1509,1532,0.15317100764030128
23,1504,1527,0.15317654455067678
23,1509,1532,0.15318207868566833
23,1496,1519,0.15318757773837172
22,1498,1520,0.15319301451114473
21,1501,1522,0.15319949332801372
20,1508,1528,0.15320805312541352
19,1508,1527,0.1532185396072481
19,1500,1519,0.15323162363057005
17,1505,1522,0.15324406999205525
17,1507,1524,0.1532603990287802
19,1511,1530,0.15327547493187368
19,1504,1523,0.1532849443610084
19,1502,1521,0.15329289591033404
19,1513,1532,0.15330062793441543
19,1504,1523,0.15330812819382703
20,1504,1524,0.153314559042241
21,1490,1511,0.15331837596515896
20,1494,1514,0.15331898250784368
19,1495,1514,0.15332234110583723
19,1497,1516,0.15332795252422365
19,1492,1511,0.15333349156136142
19,1497,1516,0.1533389365208073
20,1499,1519,0.15334426955263875
19,1516,1535,0.15334681751142212
20,1512,1532,0.15335167677054096
21,1500,1521,0.15335326527233234
21,1505,1526,0.15335187386689675
20,1509,1529,0.1533509145081565
20,1511,1531,0.1533527861753069
20,1500,1520,0.15335479968649032
20,1503,1523,0.15335582315622096
20,1508,1528,0.15335709889202087
19,1504,1523,0.1533585810668658
18,1506,1524,0.15336129397607218
17,1496,1513,0.1533663445286117
17,1500,1517,0.15337357342381974
17,1500,1517,0.1533802714869008
17,1499,1516,0.15338684510268188
16,1497,1513,0.15339327417700757
16,1501,1517,0.1534016978643429
16,1512,1528,0.1534098175299202
14,1500,1514,0.15341763129668246
15,1499,1514,0.15342943959679586
16,1492,1508,0.15343812324832815
16,1495,1511,0.15344321017969242
17,1492,1509,0.15344730965430428
17,1488,1505,0.1534491423944118
17,1481,1498,0.15345118460143184
16,1490,1506,0.15345339270161362
15,1492,1507,0.15345700997041462
15,1500,1515,0.1534629124692557
15,1502,1517,0.15346874469568295
14,1494,1508,0.15347448286336773
14,1489,1503,0.15348226321693814
13,1501,1514,0.1534897835778401
13,1516,1529,0.15349920714576304
12,1506,1518,0.15350823186587775
12,1493,1505,0.1535191064576733
12,1505,1517,0.15352957725932143
11,1508,1519,0.15353951884498243
11,1491,1502,0.15355132491701137
10,1493,1503,0.15356137179300955
10,1502,1512,0.15357313984988422
10,1498,1508,0.15358434437670063
10,1497,1507,0.15359500470927062
10,1505,1515,0.15360514046740564
10,1501,1511,0.15361477139533672
9,1510,1519,0.1536239172256864
9,1512,1521,0.15363478683049445
9,1509,1518,0.15364507584606849
8,1511,1519,0.15365481170602538
9,1510,1519,0.15366658256104562
9,1516,1525,0.1536743818831251
9,1521,1530,0.1536818329899446
9,1516,1525,0.1536889447851883
10,1508,1518,0.15369572682383073
9,1503,1512,0.15369910065826553
9,1511,1520,0.15370461119485385
8,1507,1515,0.15370994192395315
7,1505,1512,0.15371724550737192
6,1508,1514,0.15372637277638368
6,1503,1509,0.15373723828134334
5,1519,1524,0.1537475466327937
5,1521,1526,0.15375946259282353
5,1518,1523,0.15377073913855938
5,1510,1515,0.15378140685428193
5,1516,1521,0.1537914952722862
5,1516,1521,0.15380103285824473
5,1525,1530,0.15381004700510714
5,1518,1523,0.15381856403427377
5,1509,1514,0.15382660920292968
5,1520,1525,0.15383420671655842
5,1513,1518,0.15384137974577283
5,1505,1510,0.15384815044670744
5,1501,1506,0.15385453998430898
4,1504,1508,0.15386056855794678
4,1504,1508,0.15386842611682383
3,1514,1517,0.15387582907789715
3,1520,1523,0.15388497836869505
3,1519,1522,0.1538935900289032
3,1525,1528,0.1539016949339288
3,1524,1527,0.1539093222583884
3,1524,1527,0.15391649956233053
3,1513,1516,0.15392325287389036
3,1515,1518,0.15392960676843023
3,1514,1517,0.15393558444423233
3,1508,1511,0.15394120779482037
3,1497,1500,0.15394649747799527
3,1505,1508,0.15395147298167636
4,1509,1513,0.15395615268664442
3,1502,1505,0.15395728688186855
3,1499,1502,0.15396065361602213
4,1510,1514,0.1539639153834001
4,1518,1522,0.15396380254015896
5,1517,1522,0.1539638842245735
5,1514,1519,0.1539608972029318
5,1522,1527,0.15395834837774522
5,1518,1523,0.1539561864346912
5,1530,1535,0.15395436555288936
5,1524,1529,0.1539528448424835
5,1525,1530,0.1539515878384053
4,1523,1527,0.15395056204478666
4,1524,1528,0.15395191765842012
5,1515,1520,0.1539533172160551
5,1519,1524,0.15395146859597086
5,1531,1536,0.1539499431495873
5,1521,1526,0.15394870099870894
5,1512,1517,0.15394770663294965
5,1510,1515,0.15394692845739505
6,1521,1527,0.15394633838572627
6,1513,1519,0.15394268968987931
6,1506,1512,0.1539394806667655
6,1514,1520,0.15393666362614747
6,1517,1523,0.15393419579460732
7,1516,1523,0.15393203882238551
7,1497,1504,0.15392688863035317
6,1506,1512,0.15392229040228153
6,1510,1516,0.15392086556843135
6,1510,1516,0.1539196727086902
6,1512,1518,0.15391868377990214
6,1515,1521,0.15391787378086366
7,1522,1529,0.15391722043913797
7,1509,1516,0.1539134519055522
7,1510,1517,0.15391010654039575
7,1518,1525,0.15390713999419134
7,1519,1526,0.15390451240079828
7,1520,1527,0.153902187933348
7,1507,1514,0.1539001344036353
6,1509,1515,0.15389832290074407
6,1513,1519,0.15389890852245286
6,1523,1529,0.15389955081995307
5,1511,1516,0.1539002372610765
5,1518,1523,0.1539031793190187
5,1506,1511,0.1539060043187931
5,1507,1512,0.1539087132330781
5,1505,1510,0.15391130758006594
5,1513,1518,0.15391378933116928
5,1512,1517,0.15391616083009751
5,1518,1523,0.15391842472205192
5,1523,1528,0.1539205838919201
5,1523,1528,0.1539226414104655
5,1532,1537,0.15392460048761467
5,1515,1520,0.1539264644320386
4,1529,1533,0.15392823661630975
4,1515,1519,0.15393208727847993
4,1521,1525,0.15393572156595733
3,1503,1506,0.15393915084320015
3,1509,1512,0.15394458845226286
3,1508,1511,0.1539497050893448
3,1500,1503,0.15395451928461307
3,1508,1511,0.1539590485400965
3,1493,1496,0.15396330938247652
3,1507,1510,0.1539673174136195
3,1525,1528,0.1539710873588957
4,1527,1531,0.15397463311333523
3,1520,1523,0.15397470919237294
2,1520,1522,0.153977046033953
2,1534,1536,0.15398149653921497
2,1512,1514,0.15398576810413847
2,1518,1520,0.15398986279747898
2,1512,1514,0.15399378340750652
2,1513,1515,0.15399753331727492
2,1514,1516,0.15400111639522604
2,1515,1517,0.1540045368994553
2,1518,1520,0.15400779939413764
2,1509,1511,0.15401090867676742
1,1513,1514,0.1540138697150068
1,1508,1509,0.1540191632238509
1,1503,1504,0.15402413709731178
1,1505,1506,0.15402881054261908
1,1499,1500,0.15403320162202824
1,1509,1510,0.15403732732016143
1,1517,1518,0.1540412036074799
1,1535,1536,0.15404484550009873
1,1520,1521,0.15404826711614822
1,1523,1524,0.15405148172887287
1,1513,1514,0.15405450181665029
1,1513,1514,0.15405733911010303
1,1503,1504,0.15406000463646655
1,1507,1508,0.1540625087613684
1,1510,1511,0.15406486122816496
1,1500,1501,0.15406707119497542
1,1514,1515,0.15406914726954302
1,1521,1522,0.15407109754204928
1,1529,1530,0.15407292961599706
1,1524,1525,0.15407465063727455
1,1519,1520,0.15407626732150476
1,1532,1533,0.15407778597977934
1,1510,1511,0.1540792125428703
1,1493,1494,0.15408055258400843
1,1498,1499,0.15408181134031088
1,1500,1501,0.15408299373293746
1,1504,1505,0.1540841043860496
1,1512,1513,0.15408514764464143
1,1516,1517,0.1540861275913098
1,1508,1509,0.15408704806202522
1,1514,1515,0.15408791266096236
1,1513,1514,0.15408872477444532
1,1512,1513,0.15408948758405994
1,1528,1529,0.15409020407898277
1,1526,1527,0.15409087706757207
1,1536,1537,0.15409150918826522
1,1518,1519,0.15409210291982334
1,1515,1516,0.15409266059096194
1,1520,1521,0.1540931843894038
1,1525,1526,0.1540936763703888
1,1513,1514,0.15409413846467246
1,1518,1519,0.1540945724860443
1,1515,1516,0.15409498013839423
1,1517,1518,0.1540953630223535
0,1521,1521,0.15409572264153684
