1370,32,1402,0.13579591941798558
1407,33,1440,0.1329427035698575
1435,33,1468,0.1302455571038873
1448,34,1482,0.12771509774327042
1440,32,1472,0.12537923459283593
1435,32,1467,0.12327762280464263
1441,32,1473,0.12137936517876191
1458,31,1489,0.11964028087863245
1480,31,1511,0.11801181040393754
1476,33,1509,0.11647649118108108
1479,35,1514,0.11508964386827854
1474,36,1510,0.11382007635827666
1476,34,1510,0.11268088590802534
1468,34,1502,0.11164036239914589
1470,35,1505,0.1107139991057959
1471,33,1504,0.1098653583209773
1465,33,1498,0.10909269555575446
1463,30,1493,0.10840579428761533
1466,29,1495,0.10778789428223448
1476,29,1505,0.10721744018367982
1467,28,1495,0.10667532541416179
1459,27,1486,0.10620456307802628
1465,28,1493,0.10579567197097245
1478,27,1505,0.1054103818671841
1472,25,1497,0.10502755420872713
1483,27,1510,0.1046926996688348
1476,26,1502,0.10436527926458634
1477,28,1505,0.10408356180766447
1471,27,1498,0.10382340337465834
1473,26,1499,0.1035998482740029
1473,26,1499,0.10339313936632422
1459,26,1485,0.10320467126171755
1471,26,1497,0.10306568521808933
1467,30,1497,0.10291297126715637
1481,27,1508,0.10278443093519762
1476,24,1500,0.10263513695034047
1475,24,1499,0.10251111707481797
1471,24,1495,0.1023977466896645
1470,26,1496,0.10230330485251203
1471,31,1502,0.10222051451637001
1463,31,1494,0.10214281635905287
1458,29,1487,0.1020888264645356
1440,29,1469,0.10205265632185258
1434,29,1463,0.1020587050051278
1449,31,1480,0.10207928273541579
1451,30,1481,0.1020658545728763
1451,32,1483,0.1020468579752135
1454,34,1488,0.10202940824248469
1453,36,1489,0.10200809439568151
1455,34,1489,0.10199014865845257
1459,34,1493,0.1019718468506543
1459,34,1493,0.10194555358611651
1460,33,1493,0.10192331569697116
1468,35,1503,0.1019019098756812
1469,34,1503,0.10186557297368541
1470,35,1505,0.10182961659493525
1465,36,1501,0.10179224552723326
1452,36,1488,0.1017705250649059
1441,36,1477,0.10178062626083563
1446,37,1483,0.10181374130020965
1453,37,1490,0.1018345092176745
1456,38,1494,0.10183820658755029
1461,38,1499,0.101835569797638
1460,42,1502,0.10182035954123869
1464,43,1507,0.1018084062837465
1461,42,1503,0.1017902964135207
1471,42,1513,0.10178194804536606
1468,42,1510,0.10175252851441907
1463,44,1507,0.1017316812875944
1459,43,1502,0.10172485488358664
1447,43,1490,0.10172920680849558
1440,42,1482,0.10176125829376517
1441,43,1484,0.10180792172680742
1451,43,1494,0.10185001006866479
1449,43,1492,0.10186710604209245
1453,44,1497,0.10188364479993087
1458,44,1502,0.10188996689127777
1460,44,1504,0.10188523212766629
1463,44,1507,0.10187776029637498
1455,46,1501,0.10186343632523485
1453,42,1495,0.1018716003456586
1452,42,1494,0.10188102416357012
1441,40,1481,0.10189263294187327
1447,41,1488,0.10192737387020705
1452,40,1492,0.10194277436783329
1450,39,1489,0.10194319649410911
1458,43,1501,0.1019489310499377
1448,46,1494,0.10193602177362038
1445,46,1491,0.10194703824938955
1433,43,1476,0.10196356021392702
1419,44,1463,0.10200679243787747
1426,45,1471,0.10207787873969007
1419,45,1464,0.10213008476397632
1426,47,1473,0.10219117225074406
1427,48,1475,0.10223323462494686
1430,49,1479,0.10227158886101634
1442,49,1491,0.10229884347575052
1445,47,1492,0.10229331416354888
1432,47,1479,0.10228277505628902
1428,46,1474,0.10230136888840029
1413,49,1462,0.10232981460979833
1427,47,1474,0.10239083484919818
1417,45,1462,0.10241482572408778
1425,45,1470,0.10245634318323825
1429,46,1475,0.10247661876603384
1426,49,1475,0.10248718652837642
1426,49,1475,0.10250406124054845
1439,49,1488,0.10252048734099961
1441,50,1491,0.10250618535118373
1444,51,1495,0.10248651654042704
1446,50,1496,0.10246323663517984
1433,50,1483,0.10243650050017557
1449,53,1502,0.10244360578116124
1439,55,1494,0.10241407777420251
1451,54,1505,0.10241105066722828
1451,54,1505,0.10238067589857387
1440,53,1493,0.102352765921051
1436,53,1489,0.10235101306302472
1447,55,1502,0.10235799786899796
1446,58,1504,0.10234321052959505
1447,58,1505,0.10233233309884181
1442,57,1499,0.10232342445862326
1442,57,1499,0.1023261783577629
1445,57,1502,0.10232777455687703
1446,56,1502,0.102323443983447
1447,56,1503,0.10231778993250627
1453,57,1510,0.1023111592036313
1438,56,1494,0.10229079384054848
1443,57,1500,0.10230530275732164
1439,55,1494,0.10230800591484293
1445,54,1499,0.10232073265346425
1442,55,1497,0.10232086343870243
1428,60,1488,0.10232305037066579
1442,63,1505,0.10235648479535599
1433,63,1496,0.10235867560169762
1432,63,1495,0.10237908078731361
1426,63,1489,0.10239933944089313
1428,67,1495,0.10243302134150771
1426,68,1494,0.10245910016330444
1417,67,1484,0.10248898080007617
1422,64,1486,0.10253541800184138
1425,65,1490,0.10256644323350311
1426,66,1492,0.10258680624625734
1430,68,1498,0.1026076254536845
1432,68,1500,0.10261796846276124
1434,70,1504,0.1026213698057209
1432,71,1503,0.10262130170359786
1427,73,1500,0.10262610900875446
1424,73,1497,0.10264387707342185
1417,78,1495,0.10266924080166973
1411,81,1492,0.10270521279169592
1421,79,1500,0.10275423766506663
1406,78,1484,0.10277876765959332
1404,80,1484,0.10283660461936747
1409,83,1492,0.10289483123714252
1407,84,1491,0.10293441184402441
1405,86,1491,0.10297631254555589
1407,85,1492,0.10301977066369354
1404,83,1487,0.10305607407538588
1397,80,1477,0.10309780513588752
1414,83,1497,0.1031522488814576
1413,83,1496,0.10316491742449738
1416,83,1499,0.10317808872900582
1408,80,1488,0.10318114584093106
1411,82,1493,0.10320170836892757
1411,81,1492,0.10321437473319639
1411,82,1493,0.1032282915552424
1410,80,1490,0.10324109528364278
1410,82,1492,0.10325321430023732
1409,85,1494,0.10326343908941911
1394,87,1481,0.10327506669571307
1393,89,1482,0.10332025304777293
1396,92,1488,0.10336422385734721
1409,90,1499,0.10339980986622335
1410,90,1500,0.1034047148323613
1392,93,1485,0.10340689055989057
1407,92,1499,0.10344958633207278
1392,95,1487,0.10345514237038693
1390,96,1486,0.10349510928427307
1391,99,1490,0.10353689167610063
1392,103,1495,0.10357307199369213
1403,102,1505,0.10360389985087247
1406,102,1508,0.10361029785192884
1393,103,1496,0.10360981821908556
1399,105,1504,0.1036399292334356
1400,106,1506,0.10365289313529795
1393,110,1503,0.1036623729689619
1393,107,1500,0.10368793264501334
1389,103,1492,0.10371332786787396
1391,102,1493,0.10374715258948619
1396,102,1498,0.10377392250079795
1386,106,1492,0.10378869209516589
1379,109,1488,0.10382718398094715
1369,108,1477,0.10387534868362973
1368,111,1479,0.10393961869110757
1385,111,1496,0.10400256814083095
1391,115,1506,0.10402298601341407
1393,112,1505,0.10403007118497345
1386,111,1497,0.10403430953523124
1385,109,1494,0.10405390215234352
1382,109,1491,0.10407607361720476
1384,106,1490,0.10410003027995199
1378,105,1483,0.10411737195454944
1376,108,1484,0.10414642388357503
1377,107,1484,0.10417811807159652
1379,111,1490,0.1042065596913422
1389,110,1499,0.10422802900071135
1382,110,1492,0.10422344582927892
1377,106,1483,0.104234612931769
1368,101,1469,0.10425692390359587
1377,102,1479,0.1042937366549166
1385,100,1485,0.1043055383111955
1386,103,1489,0.10429705613614013
1383,108,1491,0.10428900433155693
1383,107,1490,0.10429003777814337
1382,105,1487,0.10429080917577575
1383,107,1490,0.10429187264438143
1389,103,1492,0.10428899914419278
1398,105,1503,0.10427023359513589
1404,106,1510,0.10423446520494048
1383,107,1490,0.10418864657862031
1389,112,1501,0.10419348638330411
1389,111,1500,0.10418681123034171
1390,115,1505,0.10418061115255321
1376,116,1492,0.10417518782429248
1382,115,1497,0.1042024213048273
1387,114,1501,0.10421504654642763
1380,112,1492,0.10421363417202927
1385,113,1498,0.1042288459814589
1383,116,1499,0.10423382720477566
1383,115,1498,0.10424383931182067
1383,116,1499,0.10425133283007551
1386,116,1502,0.10425930078518501
1387,118,1505,0.10426087682850405
1394,116,1510,0.10425894837551343
1393,116,1509,0.10424070678175429
1379,118,1497,0.10422769346855619
1378,119,1497,0.10424894279248019
1373,123,1496,0.10427166247880768
1374,120,1494,0.1043033149879777
1384,117,1501,0.10433381596777665
1378,118,1496,0.10433796154999193
1375,121,1496,0.10435256006093759
1373,123,1496,0.10437175718957324
1358,125,1483,0.10439680058457196
1356,124,1480,0.10445294339197668
1365,124,1489,0.10450943394074859
1377,124,1501,0.10454051261799575
1371,125,1496,0.10454370625775365
1366,127,1493,0.104558481299298
1362,129,1491,0.10458417811018757
1352,131,1483,0.10461894924558462
1366,127,1493,0.10467602014836322
1373,127,1500,0.1046951941423779
1371,125,1496,0.10469403344672895
1382,125,1507,0.10469677504725976
1378,127,1505,0.10467666620232734
1382,125,1507,0.10466667659538231
1382,123,1505,0.10465076328394035
1375,121,1496,0.10463181118978238
1383,121,1504,0.10463067941543186
1379,118,1497,0.1046114197650321
1379,115,1494,0.10460025697825952
1374,113,1487,0.10458951470341649
1373,113,1486,0.10459013172382768
1371,110,1481,0.10459399593505916
1368,112,1480,0.10460274713867229
1361,114,1475,0.10461817927003317
1376,114,1490,0.10464745138876573
1378,115,1493,0.10463817071397137
1375,117,1492,0.10462473841526652
1376,119,1495,0.10462104439285123
1377,118,1495,0.10461807290847357
1394,117,1511,0.10461261718994287
1394,117,1511,0.10456686499787315
1384,120,1504,0.10452489445279575
1390,120,1510,0.10451090377241638
1396,118,1514,0.10448537672322374
1391,112,1503,0.10444731234826041
1385,107,1492,0.10442007099032156
1404,108,1512,0.10440639352488175
1393,109,1502,0.10434856901840409
1385,111,1496,0.10431918046175868
1388,109,1497,0.10430985014036732
1392,110,1502,0.10429793173456815
1401,111,1512,0.10427787192929376
1379,108,1487,0.10423597147024505
1382,116,1498,0.10424857382273406
1376,111,1487,0.10425426791689633
1380,110,1490,0.10427446593688035
1386,112,1498,0.10428212444531149
1388,115,1503,0.10427678264189882
1392,113,1505,0.10426837469400134
1379,114,1493,0.10424921915928294
1372,109,1481,0.10426308875059824
1378,115,1493,0.10428909167893825
1383,115,1498,0.10430231695817266
1371,112,1483,0.10430292919815179
1370,117,1487,0.1043323234227534
1363,114,1477,0.10436047323647196
1384,114,1498,0.10440282642371086
1385,111,1496,0.10439453238328919
1387,112,1499,0.10438172339982536
1397,112,1509,0.10436924374596696
1401,112,1513,0.10433404659674413
1391,110,1501,0.10429332549042919
1393,110,1503,0.10427808137299863
1385,115,1500,0.1042604496924443
1387,115,1502,0.10426504491586941
1393,116,1509,0.10426263380119918
1381,115,1496,0.10424611496967032
1377,111,1488,0.10425850478675784
1378,114,1492,0.10427891637861171
1384,118,1502,0.10429521353707125
1398,116,1514,0.10429612300367092
1394,119,1513,0.10426914857350657
1386,119,1505,0.10425433254983671
1369,117,1486,0.10425731925028962
1358,116,1474,0.1042974007362709
1366,121,1487,0.10435977903994999
1370,119,1489,0.10440028716692237
1386,122,1508,0.10442851983864151
1381,119,1500,0.10441520939641948
1374,115,1489,0.10441776800964664
1383,114,1497,0.10443604007454202
1398,114,1512,0.10442940175812748
1404,114,1518,0.10438965200949975
1397,112,1509,0.10433781611718722
1393,114,1507,0.10430141425018942
1403,115,1518,0.10427977582750554
1390,114,1504,0.10423807096083097
1372,116,1488,0.10423148074972395
1371,117,1488,0.10426726839695734
1359,123,1482,0.10430202445270138
1366,121,1487,0.10436015251242341
1369,122,1491,0.1043983542307962
1374,120,1494,0.10442659468412885
1360,121,1481,0.10443794719226056
1362,125,1487,0.10448170657302053
1351,127,1478,0.10452034297602587
1367,124,1491,0.10458022723145131
1361,124,1485,0.10459970269963532
1372,129,1501,0.10463019943912552
1368,136,1504,0.10463388805095644
1361,133,1494,0.10464788174311251
1361,133,1494,0.10467752284266016
1345,131,1476,0.10470635047431763
1357,130,1487,0.1047677086816599
1363,129,1492,0.1047948331322813
1363,129,1492,0.10480782045058927
1368,127,1495,0.10481882791451264
1376,126,1502,0.10482115955812957
1368,131,1499,0.10480458125213175
1372,130,1502,0.1048068713459007
1359,130,1489,0.10480162125295589
1350,131,1481,0.1048225222895373
1356,132,1488,0.104864581571342
1363,130,1493,0.10489072600623585
1363,130,1493,0.10489970391662155
1354,134,1488,0.1049096097094411
1349,133,1482,0.10494109305719984
1343,136,1479,0.10498070867140913
1345,141,1486,0.10503022830003785
1344,138,1482,0.10506966860673288
1355,140,1495,0.10510721263171777
1360,141,1501,0.10511689326450581
1353,145,1498,0.10511475245143657
1356,146,1502,0.10512677982999007
1353,144,1497,0.1051326683799639
1350,142,1492,0.10514744283077362
1357,144,1501,0.10516977563561898
1353,142,1495,0.10517420533861857
1357,142,1499,0.10518659024273952
1364,144,1508,0.10518891332882138
1363,146,1509,0.10517363166624541
1352,143,1495,0.1051614653195582
1354,146,1500,0.10517712128079573
1346,148,1494,0.10518854297665105
1343,148,1491,0.10521833345031477
1352,149,1501,0.10524972704767208
1358,150,1508,0.10525999392368156
1352,149,1501,0.10525641098235632
1356,148,1504,0.10526567478816055
1356,148,1504,0.10526595884827689
1348,146,1494,0.10526468618688209
1360,149,1509,0.1052840991466397
1352,152,1504,0.10527544395589952
1349,156,1505,0.1052859594194424
1340,155,1495,0.10530379331268591
1339,152,1491,0.10534164185306141
1342,147,1489,0.10537947328130459
1342,151,1493,0.10540670137589299
1342,157,1499,0.10543356323420727
1344,156,1500,0.10545575991082393
1347,154,1501,0.10547259454018967
1344,153,1497,0.10548329739853309
1342,154,1496,0.10550185377094717
1340,152,1492,0.10552194525191007
1333,155,1488,0.10554538789125165
1324,160,1484,0.10558351427100973
1329,162,1491,0.10564054641230052
1332,167,1499,0.10568455494604242
1332,166,1498,0.10571890033995791
1330,168,1498,0.10575257255231583
1336,163,1499,0.1057879238947664
1330,166,1496,0.10580691255843537
1333,169,1502,0.10583867529067462
1323,171,1494,0.10586076104745676
1320,173,1493,0.10590533363214316
1327,171,1498,0.10595352454659984
1322,178,1500,0.10598159970955705
1323,173,1496,0.10601922105924984
1322,175,1497,0.1060510514259352
1313,185,1498,0.10608450437262064
1308,182,1490,0.10613754888493274
1306,184,1490,0.10619752488273101
1322,183,1505,0.10625681241222555
1316,180,1496,0.10627418851072307
1313,182,1495,0.10630407111456645
1308,183,1491,0.10634066148220395
1297,181,1478,0.10638456367106602
1295,186,1481,0.1064475277363892
1298,187,1485,0.10651379996421723
1294,188,1482,0.10656843586824358
1305,188,1493,0.10662910258874124
1302,187,1489,0.1066566427697539
1300,189,1489,0.10668702139109999
1295,187,1482,0.10671952636946516
1297,194,1491,0.1067593135169913
1289,195,1484,0.10679304970638707
1300,195,1495,0.1068420445788683
1292,198,1490,0.10686469651874132
1294,198,1492,0.10690442957687508
1297,195,1492,0.10693372372482013
1294,198,1492,0.1069553296432445
1296,195,1491,0.10698389003797734
1306,198,1504,0.10700577985513139
1307,204,1511,0.10700654552156211
1311,204,1515,0.10700447997176205
1309,207,1516,0.10699334957275866
1310,204,1514,0.10698917085329486
1296,205,1501,0.10698473969081207
1301,205,1506,0.10701446508001233
1296,205,1501,0.1070323544125032
1293,204,1497,0.10706212480277
1290,207,1497,0.1070970766301777
1297,209,1506,0.10713251658710604
1298,210,1508,0.10714942092780977
1291,211,1502,0.10716081409452141
1278,210,1488,0.10718689459740689
1274,212,1486,0.1072426310793735
1270,212,1482,0.10730471001252884
1274,210,1484,0.10736967362592247
1293,212,1505,0.10742363129443641
1291,210,1501,0.10742750908966192
1280,215,1495,0.10743532361258991
1278,211,1489,0.10746680703541234
1277,209,1486,0.10750143696952259
1274,210,1484,0.1075382527962236
1277,217,1494,0.10758003989584303
1287,215,1502,0.10761151705384188
1298,215,1513,0.107618736466093
1291,214,1505,0.10759887942084656
1274,217,1491,0.10759735908526323
1284,216,1500,0.10763618553080381
1277,222,1499,0.10764568369637736
1270,219,1489,0.1076700184623936
1275,216,1491,0.10770956025241063
1276,219,1495,0.1077328985335199
1285,219,1504,0.10775549220156694
1282,217,1499,0.10775822540791609
1278,224,1502,0.10776792928292835
1280,218,1498,0.10778805742261134
1262,220,1482,0.10780234043062549
1252,222,1474,0.10785586232742396
1260,231,1491,0.10792891054389826
1250,233,1483,0.10797877213705277
1256,235,1491,0.1080455775510801
1252,239,1491,0.10809543194623161
1251,231,1482,0.10815038249986014
1259,233,1492,0.10820083455776722
1258,237,1495,0.10823390888360526
1258,232,1490,0.1082668502976942
1259,234,1493,0.10829920095921391
1239,241,1480,0.1083262770065038
1252,245,1497,0.10839488463187238
1246,239,1485,0.10842928045823604
1243,239,1482,0.1084746032145723
1236,243,1479,0.10852532048603139
1247,249,1496,0.10858815773198613
1248,249,1497,0.10862268496545767
1244,251,1495,0.10865231261443255
1252,250,1502,0.10869026668469782
1254,249,1503,0.10870581321955111
1256,248,1504,0.10871932521345375
1258,250,1508,0.10872523300328972
1261,250,1511,0.10872560389579355
1256,256,1512,0.10871917756329928
1245,262,1507,0.10872560623746143
1243,259,1502,0.10875666893306071
1230,253,1483,0.10879358989697124
1219,260,1479,0.10885597495571464
1230,266,1496,0.1089374447334745
1232,264,1496,0.10898747020063584
1242,261,1503,0.10903042570969694
1240,260,1500,0.10904706388512951
1226,262,1488,0.10906904981341439
1231,261,1492,0.10912206312365527
1233,263,1496,0.10916062459428386
1237,268,1505,0.10918881870010753
1213,266,1479,0.10920404345506327
1212,259,1471,0.10927281534503586
1211,265,1476,0.10933934421983693
1218,267,1485,0.10940542831353475
1236,275,1511,0.10945445662127948
1234,270,1504,0.10946160485315197
1243,271,1514,0.10947347062721764
1233,271,1504,0.10946252814644523
1228,275,1503,0.10947548233602147
1220,273,1493,0.10950011432920118
1212,274,1486,0.1095399573368713
1211,272,1483,0.10959667676170809
1216,265,1481,0.10965326104776557
1216,270,1486,0.10969375255488681
1216,273,1489,0.10972828000751463
1225,274,1499,0.10976357865622859
1231,276,1507,0.10977208530981056
1217,280,1497,0.10976758026333591
1210,280,1490,0.10979659638730371
1204,289,1493,0.10984140115270251
1200,288,1488,0.10989723732290646
1201,293,1494,0.10995810047654031
1198,293,1491,0.11001191219080539
1186,291,1477,0.11006838747617592
1186,299,1485,0.11014711983023616
1194,292,1486,0.11022206921849378
1188,294,1482,0.11027258623787414
1195,292,1487,0.11033198074534009
1203,292,1495,0.11037133481608141
1195,289,1484,0.11038543421249697
1191,291,1482,0.11041436143561724
1187,297,1484,0.11045150530323873
1191,302,1493,0.11049791363146348
1185,296,1481,0.11053372314440263
1196,296,1492,0.11058065404979757
1203,294,1497,0.1105996003203588
1204,298,1502,0.11059991044286298
1199,294,1493,0.1105992836135383
1197,295,1492,0.11061157620370947
1192,298,1490,0.11062513616185032
1182,302,1484,0.11064869369946041
1191,298,1489,0.11069595841962557
1195,304,1499,0.11071986738707786
1194,306,1500,0.11073402346068678
1199,308,1507,0.11074983492423325
1197,307,1504,0.11075116033166894
1208,309,1517,0.11075743047720349
1200,308,1508,0.11073799552992948
1197,307,1504,0.11073750160491011
1189,312,1501,0.11074596543175351
1182,307,1489,0.11076814279184749
1174,310,1484,0.110802374696833
1175,309,1484,0.11085479034731063
1182,316,1498,0.11090327455385567
1178,322,1500,0.11093617496801994
1177,322,1499,0.11097643423193787
1171,319,1490,0.11101590344558691
1176,324,1500,0.11106705948337119
1177,322,1499,0.11110352274115495
1174,326,1500,0.11113533261586639
1166,327,1493,0.11117328024680989
1173,325,1498,0.11122361993385688
1170,330,1500,0.11125486885136059
1160,328,1488,0.11129211683196236
1163,327,1490,0.11135159903869202
1168,331,1499,0.11139991317378836
1161,335,1496,0.11143537599284682
1166,330,1496,0.11147984301991003
1157,331,1488,0.11151105729287916
1156,329,1485,0.11156062192151879
1156,326,1482,0.11160922745981815
1171,332,1503,0.11165286102498667
1165,336,1501,0.11165750733966068
1156,334,1490,0.11167691765687202
1149,337,1486,0.11171500938254893
1154,344,1498,0.1117664740404932
1162,348,1510,0.1118052210736994
1166,354,1520,0.11182244189260901
1154,356,1510,0.11183075694789596
1152,352,1504,0.11186589202942698
1142,343,1485,0.11190294034787124
1144,347,1491,0.1119611889637702
1144,345,1489,0.11201133108054563
1136,352,1488,0.11205555614583691
1147,350,1497,0.1121149184559253
1141,347,1488,0.11214655113084315
1143,347,1490,0.11219038789174503
1144,352,1496,0.11222572536337283
1148,357,1505,0.11225766250599904
1152,360,1512,0.11227993245526523
1156,355,1511,0.11229401837520094
1161,348,1509,0.11229657733098561
1151,344,1495,0.11228552966874378
1147,349,1496,0.11229814369808565
1149,355,1504,0.11231995713070698
1144,352,1496,0.11233624039825575
1145,358,1503,0.1123627011845762
1145,353,1498,0.11238637019262153
1133,356,1489,0.1124060923622324
1125,362,1487,0.11245217108623741
1132,366,1498,0.11251565574615933
1119,365,1484,0.11255939252556722
1116,375,1491,0.11262947664531303
1126,368,1494,0.1127018741509238
1124,378,1502,0.11274762398114416
1120,382,1502,0.11279318420422033
1122,389,1511,0.1128467747252452
1119,386,1505,0.11289278095602924
1128,387,1515,0.1129445252097453
1115,387,1502,0.11297046372346242
1108,389,1497,0.11302517921906136
1117,391,1508,0.11309166465657369
1106,391,1497,0.11313438605601721
1112,397,1509,0.11319971419325321
1111,394,1505,0.11324850617741643
1111,394,1505,0.11329831201281572
1114,394,1508,0.11334233737720659
1115,394,1509,0.11337633682711847
1111,389,1500,0.11340810149283452
1103,387,1490,0.11344729612620139
1097,398,1495,0.11350035929259158
1099,395,1494,0.11356163780339017
1097,395,1492,0.11361449175646925
1100,393,1493,0.11366353136474175
1100,396,1496,0.11370303777518564
1090,389,1479,0.1137388368237255
1096,381,1477,0.11379344619810083
1092,387,1479,0.11383441604849036
1112,394,1506,0.11388083186108088
1106,393,1499,0.11387647772234155
1109,395,1504,0.11388442254975463
1114,393,1507,0.11388543112459576
1105,397,1502,0.11387395905909406
1108,391,1499,0.11388564694634358
1116,391,1507,0.11388983000710479
1108,392,1500,0.11387455526052634
1104,391,1495,0.11387945241214625
1092,385,1477,0.11389442493685956
1101,392,1493,0.11393450686561035
1110,397,1507,0.11395427095833348
1102,395,1497,0.11395227994592937
1094,394,1488,0.11396752753303606
1104,392,1496,0.11399895085260293
1100,393,1493,0.11400909460373715
1096,395,1491,0.11402648164919892
1082,402,1484,0.11405324274478552
1079,402,1481,0.11410965219865407
1076,397,1473,0.11416686651243861
1086,402,1488,0.11422673897513848
1082,405,1487,0.11425977848579119
1096,408,1504,0.11430092502261999
1091,404,1495,0.11430775629879507
1088,410,1498,0.11432606529165298
1082,404,1486,0.11435358902297367
1084,410,1494,0.11439368928397489
1094,408,1502,0.11442290084929951
1091,418,1509,0.11442789362108768
1082,414,1496,0.1144399130259825
1078,413,1491,0.11447132024893972
1071,410,1481,0.11451135127674984
1068,407,1475,0.11456377784029759
1079,403,1482,0.1146175406107897
1091,411,1502,0.11463920961827313
1093,411,1504,0.11463341837034158
1093,410,1503,0.11462466747453114
1088,405,1493,0.11461730306407408
1085,399,1484,0.11461939593336418
1090,404,1494,0.11463008658846473
1087,399,1486,0.11462479573835097
1106,391,1497,0.11462751233226857
1105,393,1498,0.11458487110333807
1110,396,1506,0.11454425933726035
1103,402,1505,0.11449391905132002
1103,406,1509,0.11446285081839008
1087,407,1494,0.11443692552952779
1090,404,1494,0.11445251145602463
1088,406,1494,0.11445993958623067
1084,411,1495,0.1144718201237327
1079,418,1497,0.11449443599231067
1075,425,1500,0.11452790153201235
1071,426,1497,0.11456755310688527
1072,424,1496,0.11461619603938196
1070,420,1490,0.11466058204498854
1072,417,1489,0.11470561067544019
1087,419,1506,0.11474219963047112
1074,418,1492,0.11473679381130975
1074,416,1490,0.11476264796988436
1076,420,1496,0.11478444874582898
1081,412,1493,0.1148012693175027
1078,422,1500,0.11480582182307496
1081,420,1501,0.11481788142483695
1071,406,1477,0.11482345092121818
1077,416,1493,0.11485218862059293
1079,420,1499,0.11486701515734846
1081,417,1498,0.11487733556380554
1068,418,1486,0.11488157093879652
1077,416,1493,0.11491466622271355
1075,420,1495,0.11492607033168817
1084,424,1508,0.11493787673258872
1091,428,1519,0.11492910164703961
1084,423,1507,0.11490665155998375
1082,425,1507,0.11490087591763416
1079,428,1507,0.11490285837730539
1079,431,1510,0.11491324387049051
1075,432,1507,0.11492347937117736
1064,428,1492,0.11494359896415492
1059,432,1491,0.11498726105366008
1053,439,1492,0.11503830721836138
1062,441,1503,0.11510128434849891
1061,443,1504,0.11513888218192139
1062,444,1506,0.11517650994564707
1057,444,1501,0.11521083511484792
1043,449,1492,0.11525477660183142
1047,444,1491,0.11532710650578587
1057,452,1509,0.11538359539696189
1053,448,1501,0.11541501464253287
1055,446,1501,0.11545506519253937
1055,447,1502,0.11548512359885794
1060,437,1497,0.11551074654255455
1060,431,1491,0.11551894908311443
1056,431,1487,0.11552451959166006
1064,431,1495,0.11553828908800728
1062,433,1495,0.11553233993969479
1049,427,1476,0.11553120739408924
1041,432,1473,0.11556132517771452
1044,436,1480,0.1156063922008705
1044,443,1487,0.11564281473796122
1041,444,1485,0.1156786638933839
1039,446,1485,0.11571865443050285
1053,450,1503,0.115763368401083
1059,451,1510,0.11577087916772295
1059,441,1500,0.11576372993008402
1048,444,1492,0.11575689687958747
1049,438,1487,0.11577664715710158
1044,441,1485,0.11579288277960384
1053,440,1493,0.11582060264442486
1054,448,1502,0.11582568081315671
1053,445,1498,0.11582682471658273
1043,449,1492,0.11582718881592229
1038,457,1495,0.11585405506416704
1049,448,1497,0.11589233631247976
1054,447,1501,0.11590093799180655
1044,454,1498,0.11589591077865069
1041,455,1496,0.1159120378048765
1045,454,1499,0.11593773792205947
1038,455,1493,0.11594986810225719
1029,460,1489,0.1159772054296402
1030,462,1492,0.11602485120694613
1036,453,1489,0.11606521125210215
1033,452,1485,0.11609185884381919
1035,452,1487,0.11612167501295306
1028,459,1487,0.11614501644960164
1037,470,1507,0.11618465625697638
1051,464,1515,0.11619783599593106
1051,459,1510,0.11617831275206669
1046,466,1512,0.11615943334640277
1038,463,1501,0.11615173882372141
1032,457,1489,0.11616591222568409
1023,461,1484,0.11619445562307681
1022,466,1488,0.11624217977564079
1027,469,1496,0.11628948139626166
1030,471,1501,0.1163202101674929
1024,480,1504,0.11634445692043516
1032,483,1515,0.11638064920296615
1029,479,1508,0.11639729129207708
1018,485,1503,0.11641803314904424
1014,489,1503,0.11646272732845628
1011,488,1499,0.11651742081538441
1004,488,1492,0.11657666421390597
996,487,1483,0.1166467547844626
995,481,1476,0.11672805779171708
993,482,1475,0.11680890111784692
1007,480,1487,0.11688857425624054
1011,491,1502,0.11692953183845357
1008,492,1500,0.11695664039171026
1006,496,1502,0.11699063172914059
1010,499,1509,0.11702898521438632
1021,500,1521,0.11705514559840648
1023,500,1523,0.1170555715976494
1023,494,1517,0.11705325754616291
1016,489,1505,0.11705175911134953
1017,495,1512,0.11706487553196125
1010,486,1496,0.11707348674564315
1006,498,1504,0.11709940290795165
1011,502,1513,0.11713261039094489
1005,502,1507,0.11715266821520517
996,491,1487,0.11718498779297847
1001,490,1491,0.11723795079003402
1005,492,1497,0.11727615077397445
1005,503,1508,0.11730584007918672
999,504,1503,0.1173337053854447
997,511,1508,0.11737366004318307
999,512,1511,0.11741467130965443
1003,513,1516,0.11744800494449287
994,513,1507,0.11746912947020804
990,517,1507,0.1175079164707763
993,520,1513,0.11755365187706418
988,521,1509,0.1175881513337216
992,523,1515,0.11763599239623485
995,519,1514,0.11767143812983702
986,514,1500,0.11769870140790996
970,515,1485,0.11774490205859525
971,522,1493,0.11782174728403837
975,518,1493,0.11788897919046905
991,524,1515,0.11794486288529515
987,526,1513,0.11796127030014153
988,524,1512,0.11798873598959805
985,521,1506,0.11801053144558082
989,510,1499,0.11803892872310325
996,517,1513,0.11805371431118533
989,522,1511,0.1180512412497954
988,520,1508,0.11806508454796438
990,512,1502,0.11807940201707473
996,514,1510,0.11808753368072736
992,513,1505,0.11808389719338866
982,515,1497,0.11808748011920066
988,519,1507,0.11811173568540656
988,519,1507,0.11812326453145619
992,515,1507,0.11813513437309865
992,516,1508,0.11813728455284087
991,518,1509,0.11814048125683041
974,518,1492,0.11814399106362732
971,527,1498,0.11818651479620876
960,518,1478,0.1182341488294299
958,522,1480,0.11830405007150725
955,521,1476,0.11837483473068847
961,528,1489,0.11844682447524546
963,529,1492,0.11849907871251136
971,529,1500,0.11854435520421779
978,519,1497,0.1185672427232992
983,516,1499,0.11857146633159435
979,521,1500,0.11856284791442025
970,515,1485,0.11856451313115685
974,525,1499,0.118587027341617
962,531,1493,0.11859894039922313
965,522,1487,0.1186399498894351
971,524,1495,0.11866799309843166
979,524,1503,0.1186804983342474
980,512,1492,0.11867367054216801
976,515,1491,0.11866553726640308
977,527,1504,0.11866416711700163
965,534,1499,0.11866096030568257
953,532,1485,0.11868620012213021
963,535,1498,0.1187370780324337
965,544,1509,0.11876472473130101
968,539,1507,0.11878628710335132
961,543,1504,0.118801133801501
949,543,1492,0.11883113509768545
953,554,1507,0.11888625430368073
941,557,1498,0.11892838537133958
942,550,1492,0.11899597751684649
945,554,1499,0.1190579044038871
943,552,1495,0.11910918271088694
937,564,1501,0.11916328366757135
939,563,1502,0.11922499235538271
942,563,1505,0.119274379343591
952,555,1507,0.11931593087036446
952,558,1510,0.11932911745378881
953,557,1510,0.11934029174028442
948,566,1514,0.11934912940357868
932,581,1513,0.11937184644323554
926,583,1509,0.1194298584283016
939,589,1528,0.11949834340655283
936,583,1519,0.1195358227444676
932,580,1512,0.11957839687578113
925,580,1505,0.11962680091814913
922,578,1500,0.11968655729207996
926,578,1504,0.11975013722657504
922,573,1495,0.11979596638580724
931,574,1505,0.11985007670466798
921,570,1491,0.11987924811486067
925,572,1497,0.11992944977788149
935,573,1508,0.11996638707130802
926,581,1507,0.11997869480179917
913,579,1492,0.12001253320726094
906,580,1486,0.12007520929253504
898,583,1481,0.12014842419967639
910,579,1489,0.12023385856713023
910,584,1494,0.12028281980541727
911,575,1486,0.12032791192046424
907,579,1486,0.12036882536848555
908,584,1492,0.12041376060402857
908,585,1493,0.12044739993291934
911,579,1490,0.12047922568457697
916,584,1500,0.12050190963353515
920,578,1498,0.12051347723088707
915,577,1492,0.12051200495416081
930,580,1510,0.12052398065525267
929,576,1505,0.12049822707638903
924,579,1503,0.12047860841397152
925,576,1501,0.12047125701175489
917,574,1491,0.12046407856851098
916,578,1494,0.1204759954396895
917,571,1488,0.1204907086967432
915,572,1487,0.12050210684453905
913,572,1485,0.12052067053208343
918,578,1496,0.1205441173642404
904,577,1481,0.12055089908779344
912,582,1494,0.12058957013639934
915,592,1507,0.1206073585033667
916,588,1504,0.12061845185430892
911,588,1499,0.12062891036452253
912,584,1496,0.12065165961746573
896,590,1486,0.12067214511893398
892,598,1490,0.12072782285858949
894,604,1498,0.1207905232983493
900,609,1509,0.12084444242602514
896,606,1502,0.12087774904669918
901,608,1509,0.12091955477325478
894,607,1501,0.12094616679620449
893,612,1505,0.12098872599386873
888,617,1505,0.12103068205930746
884,617,1501,0.1210800613212421
881,619,1500,0.12113728537252469
879,616,1495,0.12119710562608642
899,621,1520,0.12125901322633129
899,619,1518,0.12126932262453125
896,618,1514,0.12127896464723634
885,619,1504,0.12129623246089313
877,615,1492,0.12133912599345344
871,623,1494,0.12139768080597228
882,622,1504,0.12146820391925273
882,623,1505,0.1215055097448413
886,633,1519,0.12154168637783348
878,625,1503,0.12156702313671416
881,627,1508,0.1216084097008723
882,626,1508,0.12163838709513602
874,624,1498,0.12166698273399959
872,623,1495,0.12171150776029278
876,633,1509,0.12175782407114583
866,636,1502,0.12178981234133608
863,628,1491,0.12184359100110768
860,631,1491,0.12190125090568181
856,629,1485,0.12196405798481162
868,636,1504,0.12202852063928037
862,643,1505,0.12205959432752483
857,646,1503,0.12210511660838648
869,645,1514,0.12215898250263979
866,640,1506,0.12217935000952124
863,643,1506,0.12220651699351215
867,648,1515,0.12223961953483173
862,651,1513,0.12226202415310779
856,650,1506,0.12229547141380107
850,663,1513,0.12234007965235552
851,657,1508,0.12239490232959355
847,653,1500,0.12244185590916792
846,648,1494,0.12249459110637817
846,652,1498,0.12254865859060445
854,656,1510,0.12259606220240507
846,655,1501,0.12262357343352762
846,654,1500,0.1226634577221211
833,659,1492,0.12270143069950734
826,659,1485,0.12276706799520312
832,653,1485,0.12284799306630972
831,657,1488,0.12290658626332451
829,660,1489,0.12296379252359607
828,653,1481,0.12302044514348641
843,647,1490,0.12307545873643569
844,646,1490,0.12308741692739385
842,659,1501,0.12309361029624512
838,652,1490,0.12310339454577973
837,658,1495,0.12312454478149562
844,667,1511,0.1231459602674689
842,663,1505,0.12315210578774512
844,670,1514,0.12316479510377594
833,666,1499,0.1231728083922517
837,673,1510,0.12320589461214577
828,668,1496,0.12322993189285966
824,664,1488,0.12327285118282524
829,668,1497,0.12332478271084764
829,659,1488,0.12336173134771895
836,664,1500,0.12339692105584586
832,666,1498,0.12341380687176198
825,666,1491,0.12344013165351572
819,664,1483,0.12347976556010769
820,666,1486,0.12352942077676915
823,675,1498,0.12357513103563464
816,673,1489,0.12361370224320722
816,682,1498,0.12366316194336086
802,682,1484,0.12370856665969983
802,689,1491,0.12378603223793735
802,705,1507,0.12386041968865108
806,708,1514,0.12392972396388213
813,714,1527,0.12398760861419746
806,714,1520,0.12402319415017647
792,707,1499,0.12407658132323998
794,701,1495,0.12415925738713024
798,698,1496,0.1242308729317261
789,702,1491,0.12428810334171113
791,709,1500,0.12436085952243929
793,711,1504,0.12442185360320293
801,708,1509,0.12447424013884473
794,708,1502,0.12450529213564242
793,711,1504,0.1245502064250276
792,711,1503,0.12459324516416061
785,711,1496,0.12463216708820418
787,711,1498,0.12468914602546687
785,716,1501,0.12473480046052565
783,711,1494,0.12478155629313616
786,702,1488,0.12482916619570084
788,705,1493,0.12486705327444433
803,705,1508,0.12489688848788352
796,717,1513,0.12488347853412542
788,718,1506,0.12489014712863118
782,718,1500,0.12491568050816855
792,718,1510,0.12495788564419147
784,725,1509,0.12497185743241974
778,721,1499,0.12500430133234572
786,720,1506,0.12504805209216457
783,722,1505,0.1250705701983409
772,724,1496,0.12509893566757924
782,728,1510,0.12515107425919453
779,724,1503,0.12517735478126468
785,713,1498,0.1252113538359396
790,717,1507,0.12523015058421394
790,725,1515,0.1252341483803713
789,725,1514,0.12523764791076808
784,718,1502,0.12524426127902338
787,715,1502,0.12526311598957257
783,725,1508,0.1252736964702908
777,727,1504,0.12529585526734877
769,720,1489,0.1253311900180345
766,726,1492,0.12538557532063777
765,728,1493,0.12544386421039133
767,721,1488,0.1254974404581153
771,720,1491,0.12554047060201629
769,728,1497,0.12557103691712382
771,726,1497,0.12560730215181043
769,733,1502,0.12563240446221063
770,740,1510,0.12565873212030346
771,744,1515,0.1256831501944667
760,742,1502,0.12570293787813386
755,739,1494,0.12574932588379625
756,746,1502,0.12580533190611565
759,742,1501,0.12585637727853824
765,741,1506,0.125896909343612
772,734,1506,0.12592110191456665
764,738,1502,0.1259260175323389
757,737,1494,0.12594814170897797
757,746,1503,0.12598324322598622
757,740,1497,0.12601693410120499
762,738,1500,0.1260511006973154
772,744,1516,0.1260741080228752
764,741,1505,0.12607191163826353
772,739,1511,0.12608831370832912
770,739,1509,0.12608781888108148
769,743,1512,0.12608860884452133
762,744,1506,0.12609131753770927
759,739,1498,0.1261096165422843
750,752,1502,0.12613417885443617
751,746,1497,0.12618157142693165
741,748,1489,0.12622398242481986
752,756,1508,0.12628785818231783
749,752,1501,0.12632058794332413
750,752,1502,0.12635625195679534
752,757,1509,0.1263870935655913
756,754,1510,0.12640932388832543
749,752,1501,0.12642217094528824
747,760,1507,0.1264503903024073
741,769,1510,0.12648096094131295
744,769,1513,0.1265219343862238
729,765,1494,0.12655262316016444
729,761,1490,0.12661188870671697
728,761,1489,0.12667206390712224
735,762,1497,0.12673305352242928
735,769,1504,0.12677189686017795
733,773,1506,0.12680646718482166
737,768,1505,0.1268390304386817
739,762,1501,0.1268586663539749
737,764,1501,0.12687561351438073
745,764,1509,0.12689828346964596
749,762,1511,0.12689805015227912
746,755,1501,0.12689005020358218
750,760,1510,0.12688760343466762
751,764,1515,0.1268745590396308
742,762,1504,0.12686029108086277
741,762,1503,0.12687070218851612
733,761,1494,0.1268854948265321
740,766,1506,0.12691912536855987
739,771,1510,0.12693708468210577
739,775,1514,0.12695649828139446
733,780,1513,0.1269710958583265
724,773,1497,0.12699946202994358
718,769,1487,0.12704334120340682
713,784,1497,0.127096905126027
711,787,1498,0.12715952449255385
704,793,1497,0.1272232191391555
708,794,1502,0.12729646355723961
717,785,1502,0.12735886526604884
710,787,1497,0.12739720478941308
708,793,1501,0.12744675203578337
714,797,1511,0.1274958531944812
707,789,1496,0.12752989189155295
710,785,1495,0.12758041786033222
705,786,1491,0.12761976206993492
698,784,1482,0.12766851368897053
708,786,1494,0.12773024855241333
705,795,1500,0.12776464469518214
697,802,1499,0.12780303538945836
694,801,1495,0.1278586935402696
693,809,1502,0.12791954086695534
684,819,1503,0.12798036210669608
681,815,1496,0.12805652713544977
686,812,1498,0.12813185426314921
681,807,1488,0.12819219558884576
690,807,1497,0.1282596919003536
698,800,1498,0.1282984239087575
701,805,1506,0.12831429977698722
710,804,1514,0.12832392739952517
710,803,1513,0.1283080908929931
713,795,1508,0.1282936003404459
722,798,1520,0.12827298087863628
720,798,1518,0.1282340192806553
723,795,1518,0.12820039077504058
717,790,1507,0.12816060745718044
711,792,1503,0.12813735807504287
711,798,1509,0.1281314984342503
713,806,1519,0.12812788790781954
705,802,1507,0.12811729032677416
695,812,1507,0.12812650188397898
708,808,1516,0.12816053132484437
710,811,1521,0.12816520966257358
701,823,1524,0.12816884946042686
698,818,1516,0.1281952803410991
696,810,1506,0.12822653995503225
693,810,1503,0.1282592034345798
692,808,1500,0.12829721085100995
694,815,1509,0.12833736834845627
696,813,1509,0.12836811814985716
701,815,1516,0.1283923020857774
693,810,1503,0.12839979080524241
696,816,1512,0.12842640011859305
697,824,1521,0.12844575531506117
684,831,1515,0.12846087167608863
679,832,1511,0.1285083284592662
677,833,1510,0.12856277979344008
671,830,1501,0.12862071061093483
664,834,1498,0.1286900739838964
661,831,1492,0.12877036433419511
663,842,1505,0.12885425759070582
666,849,1515,0.1289281609957385
671,854,1525,0.12898905780409944
667,850,1517,0.12903397060430286
668,844,1512,0.12908693249473924
669,854,1523,0.12913379702701236
664,841,1505,0.1291779928523397
662,842,1504,0.12922654735388958
661,841,1502,0.1292752322003891
659,842,1501,0.12932217783421962
662,849,1511,0.12937151277757203
658,850,1508,0.12941025364327705
653,849,1502,0.1294558726940406
654,836,1490,0.1295094477828725
656,840,1496,0.1295565395511853
653,837,1490,0.12959529151732474
652,843,1495,0.1296383605713513
658,841,1499,0.12968065977947382
658,848,1506,0.12970507093860473
652,854,1506,0.12972903790335086
654,860,1514,0.129766864712073
653,860,1513,0.12979966964802853
648,861,1509,0.1298324240979131
648,859,1507,0.1298741433594434
646,868,1514,0.12991312506779182
646,859,1505,0.12995153729806275
641,881,1522,0.12998771190358893
639,880,1519,0.1300340572873575
632,878,1510,0.13008212089434157
623,887,1510,0.13014616220929207
630,882,1512,0.13022711745962412
635,878,1513,0.13028846073081285
635,883,1518,0.13033357673215432
636,877,1513,0.13037409734106042
638,866,1504,0.13040759311177796
633,874,1507,0.13043070430436743
637,857,1494,0.13046331362786862
627,870,1497,0.13048307532957032
626,873,1499,0.13052597339610358
616,880,1496,0.13056874958559878
612,877,1489,0.13063278563965183
614,888,1502,0.13070365647175816
628,887,1515,0.1307636534296562
633,894,1527,0.13078603305023637
628,872,1500,0.13079694885274193
618,869,1487,0.13081845649234414
623,878,1501,0.1308632437788595
622,879,1501,0.13089174531150755
616,875,1491,0.13092056971882576
617,887,1504,0.13096237732239455
613,896,1509,0.1309975740905715
610,901,1511,0.13103863478291175
616,908,1524,0.13108470656171062
623,906,1529,0.13111592982164552
620,906,1526,0.1311312981664576
618,909,1527,0.131152076603969
611,904,1515,0.131177559670101
612,903,1515,0.13121478306526455
623,901,1524,0.1312486958084877
622,903,1525,0.13125446813681763
622,900,1522,0.1312631764812094
622,897,1519,0.13127045101057314
616,899,1515,0.1312807717356858
612,907,1519,0.1313062808133502
611,898,1509,0.13134139370466824
619,900,1519,0.1313774649308666
611,893,1504,0.13139101668202227
609,892,1501,0.13142448025653028
613,900,1513,0.13146093186039007
611,886,1497,0.13148512321593037
611,886,1497,0.1315103343591667
602,891,1493,0.13153375661459935
599,901,1500,0.13157252566404395
598,906,1504,0.13161806465210296
607,904,1511,0.1316609318852672
604,897,1501,0.13168008644083662
598,899,1497,0.13170563109700403
602,910,1512,0.13174390072113484
602,919,1521,0.13176837297623545
601,898,1499,0.13179095932007925
588,902,1490,0.131815265117045
586,914,1500,0.1318696240563659
594,920,1514,0.1319247896506841
589,923,1512,0.13195466831711766
591,920,1511,0.13199554059015017
586,928,1514,0.13202686316980275
581,923,1504,0.1320660134993984
578,925,1503,0.13211645074616402
574,932,1506,0.13216961701438737
576,916,1492,0.13223231953964829
577,923,1500,0.13228370169330883
583,915,1498,0.1323302524676246
589,927,1516,0.13235789055332725
579,918,1497,0.13236949095014497
575,922,1497,0.13240537683566356
574,930,1504,0.13245051863536791
571,929,1500,0.13249344112015637
578,938,1516,0.13254323792633005
570,936,1506,0.13257457240805118
575,925,1500,0.1326194707029341
577,929,1506,0.13265002683475513
580,925,1505,0.1326751293442084
585,923,1508,0.1326896615825494
580,928,1508,0.13269261530366966
581,933,1514,0.13270636850687934
581,930,1511,0.13271738984094256
580,928,1508,0.13272596717232638
573,933,1506,0.13273549681883123
565,938,1503,0.13276070556740394
565,940,1505,0.13280002214288975
569,932,1501,0.1328398090497488
569,936,1505,0.13286720476179437
574,936,1510,0.1328914891831109
570,939,1509,0.13290496500909932
575,930,1505,0.13292900778928668
585,929,1514,0.1329392002009957
574,926,1500,0.1329257951861782
576,934,1510,0.13293578183800087
576,942,1518,0.13294157252511962
574,948,1522,0.1329424258906554
571,953,1524,0.13294832882364502
570,947,1517,0.13296278862966854
572,943,1515,0.1329802849010815
562,938,1500,0.13299333950216596
555,938,1493,0.133028747816393
563,942,1505,0.1330766185077316
567,945,1512,0.1331042701442945
565,954,1519,0.1331179552792311
560,954,1514,0.133138473568331
561,952,1513,0.13317186694824407
558,957,1515,0.13320201899061535
556,958,1514,0.13323718853634173
556,960,1516,0.13327442458934535
554,961,1515,0.1333079488371018
551,964,1515,0.13334325746846887
546,958,1504,0.13338363884854532
549,957,1506,0.13342892188533972
546,963,1509,0.13346498525096284
551,957,1508,0.13350570375191595
550,960,1510,0.13353235654691967
541,961,1502,0.13356045689813706
536,965,1501,0.13360927047131668
534,968,1502,0.13366673345614463
534,963,1497,0.13372605346937705
536,963,1499,0.13378194697225865
544,974,1518,0.13382882029874016
544,970,1514,0.1338544071682758
543,971,1514,0.13388169806576364
537,971,1508,0.13391043378325868
531,976,1507,0.1339486843564372
530,967,1497,0.13399901865213737
527,973,1500,0.1340477317054865
531,952,1483,0.13410011164477773
522,971,1493,0.1341367399532736
533,960,1493,0.13419054179368226
538,957,1495,0.1342131983186749
538,960,1498,0.13422245424576182
536,961,1497,0.13423084174193012
544,968,1512,0.1342426273240796
541,969,1510,0.1342380960344751
542,974,1516,0.13423976563771906
545,982,1527,0.13424085035917435
541,984,1525,0.13423646650825136
539,984,1523,0.13424118443615607
536,983,1519,0.13425154985773616
534,983,1517,0.13426851606651052
539,975,1514,0.13428985992197448
539,978,1517,0.13429874413378914
540,977,1517,0.13430690155551891
544,970,1514,0.1343090126106163
534,964,1498,0.13430175033928118
543,971,1514,0.13431726445741543
541,971,1512,0.13431207273877604
539,970,1509,0.13431250621441893
531,959,1490,0.13431896188147685
528,975,1503,0.134342408190324
540,973,1513,0.13436956880462883
538,973,1511,0.13436587263712757
537,973,1510,0.13436709549230144
532,968,1500,0.1343697914403275
528,962,1490,0.13438426190562042
531,958,1489,0.1344091726121419
528,971,1499,0.1344269594587238
526,979,1505,0.13445122991664735
527,970,1497,0.1344808657563363
526,987,1513,0.13450614252876528
524,986,1510,0.1345331127950928
529,987,1516,0.1345616619543377
521,985,1506,0.13457350009107283
517,990,1507,0.13460376858659623
517,993,1510,0.13464296019665495
506,995,1501,0.1346810526570353
504,1000,1504,0.13474352594149813
514,1010,1524,0.13480674511923424
506,996,1502,0.13484252383154677
513,998,1511,0.13489639736414205
512,994,1506,0.1349297940944422
502,1003,1505,0.13496226550156465
503,1006,1509,0.13501331369643582
505,991,1496,0.13505963643538743
508,979,1487,0.1351002371719081
499,993,1492,0.13512945503469648
499,1001,1500,0.1351778516087009
497,990,1487,0.13522071062452634
497,990,1487,0.13526485155747248
505,990,1495,0.13531001814166674
504,999,1503,0.13533105699202394
507,1015,1522,0.13534977980294066
508,1015,1523,0.13536322906288958
513,1015,1528,0.1353749908855459
503,1007,1510,0.13537341578360917
501,1016,1517,0.13539608128337746
500,1015,1515,0.13542162893412765
495,1022,1517,0.13544734697087346
499,1016,1515,0.1354834063830133
500,1007,1507,0.13550814971824715
497,1012,1509,0.1355301959361964
496,1015,1511,0.13555675392924652
497,1009,1506,0.13558361631685667
500,1022,1522,0.13560572474083799
496,1019,1515,0.1356210687596936
493,1026,1519,0.13564522759735834
505,1029,1534,0.13567428513428437
499,1022,1521,0.13567301316873473
501,1021,1522,0.13568423749665107
493,1015,1508,0.1356910860551993
491,1016,1507,0.13571436498760373
487,1008,1495,0.13574118818737266
484,1009,1493,0.13577584032987522
482,1010,1492,0.13581457959360482
484,1007,1491,0.13585386519992496
484,1020,1504,0.1358857830014623
481,1029,1510,0.13591604131904128
478,1028,1506,0.13595328724465375
488,1023,1511,0.13599632665690708
488,1028,1516,0.13601185034128552
491,1011,1502,0.13602663660439396
491,1018,1509,0.13603422222297762
489,1030,1519,0.1360409875516358
491,1039,1530,0.13605424354019913
488,1034,1522,0.13606399642848074
485,1038,1523,0.1360803167217043
482,1036,1518,0.13610101867026175
485,1032,1517,0.13612732762119992
475,1042,1517,0.1361455098669296
476,1050,1526,0.13618473998346706
483,1056,1539,0.13621784630738593
479,1050,1529,0.13623576078628355
481,1035,1516,0.13626127562796594
483,1045,1528,0.13627809002663516
482,1032,1514,0.13628805749613282
486,1042,1528,0.13630107578369463
482,1047,1529,0.13630593118950196
480,1036,1516,0.1363217166684254
475,1051,1526,0.13634222451926237
472,1051,1523,0.13637387783294272
471,1047,1518,0.136410861183731
466,1048,1514,0.13644691926708052
467,1037,1504,0.1364950990442048
461,1040,1501,0.1365349417402485
461,1050,1511,0.13658663228621606
463,1056,1519,0.13663667384550768
459,1048,1507,0.13667801128112467
455,1052,1507,0.13672727072475438
450,1049,1499,0.13678276190106164
450,1046,1496,0.1368458294900696
455,1049,1504,0.13690481198350457
461,1044,1505,0.13694802369708842
467,1045,1512,0.13697076545228132
467,1056,1523,0.1369792100523534
466,1056,1522,0.13698683834431444
467,1062,1529,0.13699607224235696
458,1057,1515,0.13700430856317503
461,1061,1522,0.13703527289775397
451,1066,1517,0.13705705249955424
447,1066,1513,0.1371001487524437
460,1062,1522,0.13714916081620865
462,1068,1530,0.1371632967806405
460,1055,1515,0.13717179609726451
456,1059,1515,0.13718366489689923
461,1056,1517,0.13720175726797595
466,1070,1536,0.13720804682330665
457,1070,1527,0.13720287590316008
453,1072,1525,0.13721901785846705
452,1058,1510,0.13724289328482558
458,1054,1512,0.1372668152826569
460,1046,1506,0.13727491040211615
461,1052,1513,0.13727773382776903
456,1048,1504,0.13727769388800565
455,1049,1504,0.1372895110474128
457,1050,1507,0.13730352354671982
457,1061,1518,0.13731308305522824
450,1070,1520,0.13732184468171257
449,1068,1517,0.13734682396979658
443,1059,1502,0.13737188433395311
444,1057,1501,0.13740928251563736
443,1067,1510,0.13744137762369468
442,1066,1508,0.1374757004753819
443,1063,1506,0.1375107899521528
442,1073,1515,0.13754028443688074
439,1075,1514,0.13757105724631638
440,1074,1514,0.137606746972693
439,1083,1522,0.13763616019864522
433,1089,1522,0.137667613672659
435,1088,1523,0.137711568624596
433,1080,1513,0.1377478598998516
434,1075,1509,0.1377846606725639
437,1081,1518,0.13781681055664716
435,1088,1523,0.13784214985859067
436,1090,1526,0.13786751136821723
432,1090,1522,0.13789144454950578
425,1097,1522,0.1379239112727314
419,1094,1513,0.1379717840951497
422,1091,1513,0.13803006706224083
418,1082,1500,0.13807806676301712
418,1089,1507,0.13813057733324016
423,1098,1521,0.13818015927299002
416,1090,1506,0.13821638204292275
415,1095,1510,0.13826620248156513
412,1096,1508,0.13831472045590587
414,1108,1522,0.138367545442183
417,1096,1513,0.13841119278302705
420,1103,1523,0.13844338953675595
419,1098,1517,0.13846607708906702
415,1099,1514,0.13848816337508268
425,1103,1528,0.13851885716330403
425,1095,1520,0.13852430444722813
422,1094,1516,0.13853087386654214
427,1094,1521,0.13854528847523864
424,1091,1515,0.138543539901056
431,1092,1523,0.1385485749515973
427,1089,1516,0.13853623466539308
419,1087,1506,0.1385343490402301
426,1075,1501,0.13855020007189925
429,1084,1513,0.1385500743591596
432,1088,1520,0.13854180484706205
443,1074,1517,0.13852769343631696
439,1073,1512,0.1384884813141644
440,1083,1523,0.13846208723374617
433,1083,1516,0.1384373183269121
435,1084,1519,0.1384331369482002
434,1091,1525,0.13842111117742614
426,1070,1496,0.1384135519677347
428,1073,1501,0.13842705301256467
434,1079,1513,0.1384323121485121
436,1088,1524,0.13842347186489484
432,1096,1528,0.13841072726512027
426,1103,1529,0.13841046801379492
421,1088,1509,0.1384258253176154
416,1086,1502,0.13845092447334734
411,1088,1499,0.13848557709603196
406,1094,1500,0.13853020730576737
409,1099,1508,0.13858190115386987
410,1106,1516,0.13862468339697254
414,1088,1502,0.1386611571198637
417,1086,1503,0.1386848804368877
418,1084,1502,0.13870155941216994
414,1088,1502,0.13871264478260115
418,1084,1502,0.13873094714339193
419,1086,1505,0.1387382967017399
425,1084,1509,0.13874210245337204
427,1072,1499,0.13873149730926787
420,1068,1488,0.13871792149870163
419,1094,1513,0.1387219867013625
406,1090,1496,0.1387304261421992
412,1092,1504,0.13876410149075943
409,1095,1504,0.13878179534491403
413,1106,1519,0.13880517938459286
418,1102,1520,0.138816900818409
420,1107,1527,0.1388185097300894
420,1107,1527,0.13881561226847897
420,1111,1531,0.1388138792717141
420,1094,1514,0.13881105285504602
419,1101,1520,0.13880936199504706
417,1112,1529,0.13881229099061781
413,1104,1517,0.13882011134007757
419,1093,1512,0.13883464300207193
422,1080,1502,0.13883416640560542
421,1083,1504,0.1388282977982951
422,1093,1515,0.13882584328400333
411,1106,1517,0.13882062487998867
415,1102,1517,0.13883994277004225
412,1097,1509,0.13884825039549406
412,1095,1507,0.13886143690279376
410,1098,1508,0.1388740052125839
412,1102,1514,0.1388915346586303
409,1096,1505,0.13890364993507132
400,1103,1503,0.13892032030643642
403,1104,1507,0.13895731293464222
397,1105,1502,0.13898558301338226
394,1113,1507,0.1390248198805828
396,1099,1495,0.1390674075449987
395,1093,1488,0.13910286181398507
399,1105,1504,0.13913901595937397
396,1107,1503,0.13916279909500454
399,1110,1509,0.139190326758625
398,1109,1507,0.13921052384627305
399,1116,1515,0.13923179167418887
400,1113,1513,0.13924878154967238
399,1118,1517,0.13926309240432133
392,1116,1508,0.1392781121499455
398,1127,1525,0.13930883613647185
402,1129,1531,0.1393253494729574
395,1120,1515,0.13933433831547504
400,1122,1522,0.13935694586290914
400,1126,1526,0.13936795542380953
395,1124,1519,0.13937917020492274
397,1129,1526,0.13940324204961488
389,1130,1519,0.13942148255440667
378,1119,1497,0.13945593975528914
368,1117,1485,0.1395117284814821
382,1112,1494,0.1395869387057843
385,1122,1507,0.139623117928589
384,1129,1513,0.13965078419791663
384,1123,1507,0.13967860258051587
386,1133,1519,0.13970243503057125
384,1127,1511,0.13971782700942573
384,1130,1514,0.13973583878461457
385,1131,1516,0.1397521766044059
390,1131,1521,0.13976408858392703
388,1122,1510,0.13976481299876242
382,1131,1513,0.13977109928991718
376,1112,1488,0.13979118016257644
383,1116,1499,0.13982538749007747
382,1115,1497,0.1398409978556102
381,1116,1497,0.13986033890550453
379,1121,1500,0.13988169526344443
379,1112,1491,0.13990684674638845
379,1127,1506,0.1399304003374429
383,1129,1512,0.13995345294390926
379,1121,1500,0.13996426303443366
380,1117,1497,0.13998224310514418
378,1130,1508,0.13999702374392076
380,1120,1500,0.1400175392487341
375,1136,1511,0.14003013586620344
373,1130,1503,0.14005401161898917
374,1139,1513,0.14008204141746894
376,1140,1516,0.14010564601050307
373,1140,1513,0.14012228201534696
375,1144,1519,0.14014463157360837
375,1147,1522,0.14016174279260052
371,1144,1515,0.14018011095256042
373,1145,1518,0.14020663558105612
372,1141,1513,0.14022677392449365
360,1151,1511,0.14024847958649123
362,1154,1516,0.140295642861098
361,1154,1515,0.14033676544735485
360,1159,1519,0.14037652513824173
365,1155,1520,0.14041643720329744
370,1164,1534,0.14044268786335448
360,1153,1513,0.14045485013204279
363,1152,1515,0.14048877064642912
358,1158,1516,0.14051498668312626
354,1152,1506,0.14054962562407244
352,1140,1492,0.14059271406771615
363,1140,1503,0.14063581683517654
364,1146,1510,0.1406465816638015
366,1146,1512,0.1406533430653706
368,1155,1523,0.1406560550944625
363,1151,1514,0.14065541048377642
368,1149,1517,0.14066643829371145
367,1144,1511,0.14066481725395524
361,1136,1497,0.1406670717675264
364,1133,1497,0.1406842707612112
368,1125,1493,0.14069203123413757
365,1141,1506,0.14068981387925064
361,1148,1509,0.1406956690825556
355,1141,1496,0.14071094428680098
352,1156,1508,0.14074000959491542
355,1160,1515,0.1407744028605245
356,1156,1512,0.14080012536836164
359,1155,1514,0.14082121365617842
357,1150,1507,0.1408352444182535
355,1145,1500,0.14085205515908295
352,1148,1500,0.14087336588070296
346,1153,1499,0.14090064059717175
350,1160,1510,0.14094038650686672
353,1163,1516,0.14096793032906782
358,1165,1523,0.14098546381194202
357,1158,1515,0.14099079696506187
355,1160,1515,0.1409982686099542
357,1154,1511,0.1410101236722781
354,1157,1511,0.14101741073449603
348,1162,1510,0.1410317613374045
350,1152,1502,0.14105549430041886
348,1163,1511,0.14107349837144095
348,1165,1513,0.14109447241758166
351,1161,1512,0.14111589479484937
345,1164,1509,0.14112696424658258
343,1159,1502,0.14115059413337472
348,1158,1506,0.14117793442901772
351,1151,1502,0.14119220915822545
354,1153,1507,0.141195954687493
348,1158,1506,0.14119128430902186
348,1160,1508,0.1412009183146251
355,1156,1511,0.14120958421007018
353,1153,1506,0.14120366142154697
361,1163,1524,0.14119802741910867
363,1153,1516,0.14117429287691935
370,1158,1528,0.14114626139166145
366,1163,1529,0.1411030911680883
366,1163,1529,0.141074149895934
364,1157,1521,0.1410497710451356
353,1166,1519,0.1410320864770833
354,1171,1525,0.1410414334236021
347,1172,1519,0.14105048759444838
355,1160,1515,0.1410761165628823
352,1158,1510,0.14108013731676464
350,1154,1504,0.14108942751720036
350,1164,1514,0.14110312787573462
345,1167,1512,0.14111576949611315
346,1164,1510,0.14113712592552008
347,1158,1505,0.14115690394701758
341,1157,1498,0.14117265292440173
346,1168,1514,0.14120042264999996
339,1165,1504,0.1412164970666043
329,1165,1494,0.14124820335925647
337,1159,1496,0.14130019082736692
338,1171,1509,0.141331081594424
336,1169,1505,0.14135814165021782
343,1168,1511,0.141388316327885
338,1168,1506,0.14140030939847248
339,1176,1515,0.14142329170167678
338,1186,1524,0.14144381662382238
332,1192,1524,0.14146567851240524
335,1185,1520,0.14149966790860094
334,1189,1523,0.14152609597748023
333,1193,1526,0.14155394287187656
339,1192,1531,0.14158249441810283
335,1197,1532,0.14159438587875262
330,1196,1526,0.1416165355425743
335,1191,1526,0.14164832535915758
336,1193,1529,0.14166473350767525
333,1189,1522,0.1416776310445578
326,1184,1510,0.14169787181440166
330,1179,1509,0.14173247637349085
330,1185,1515,0.1417562134896189
333,1177,1510,0.14177752863773344
332,1177,1509,0.14178928335146185
329,1185,1514,0.141801644795561
325,1193,1518,0.1418196524531049
320,1204,1524,0.14184819117504918
310,1194,1504,0.1418863491603195
313,1190,1503,0.14194409408871195
314,1198,1512,0.14199041954312616
319,1194,1513,0.14203085385279798
319,1190,1509,0.14205536640676397
321,1190,1511,0.14207576399184202
322,1192,1514,0.142088213387721
329,1194,1523,0.1420985610674074
320,1202,1522,0.1420912451463728
322,1210,1532,0.1421051750401478
318,1202,1520,0.14211208463969652
313,1196,1509,0.14212988626974485
318,1191,1509,0.1421581246579054
326,1197,1523,0.1421734854993873
325,1200,1525,0.14217116820445874
327,1204,1531,0.14217081480377491
331,1194,1525,0.14216493992622029
320,1198,1518,0.1421505903413021
322,1195,1517,0.142163464101165
319,1210,1529,0.14217069124247833
325,1212,1537,0.14218493151814446
326,1198,1524,0.14218391881061637
329,1184,1513,0.14218168128024977
323,1177,1500,0.14217329594755904
320,1179,1499,0.1421792013748256
325,1192,1517,0.142191166393775
323,1184,1507,0.1421907531241548
328,1189,1517,0.1421930998478123
324,1185,1509,0.14218370803933605
323,1195,1518,0.14218379432670777
328,1188,1516,0.14218649136152237
329,1181,1510,0.14217519605914056
327,1190,1517,0.14216250307886866
319,1194,1513,0.1421577440962397
319,1189,1508,0.14217217398130708
327,1194,1521,0.142181953157977
321,1189,1510,0.14217209129981026
326,1190,1516,0.1421790547883376
319,1184,1503,0.1421714380632212
322,1181,1503,0.14218260334638017
325,1173,1498,0.14218539869115543
332,1171,1503,0.1421829645901119
329,1180,1509,0.14216259063074513
326,1186,1512,0.14215328994476648
321,1203,1524,0.14215356670437507
316,1193,1509,0.142166695208376
314,1208,1522,0.14218926120465764
308,1202,1510,0.1422151326130928
305,1210,1515,0.1422536317252729
314,1206,1520,0.14229706908523743
314,1208,1522,0.14231628450119949
311,1204,1515,0.14233531850802578
304,1201,1505,0.14235959940308782
310,1197,1507,0.14239909974514206
304,1197,1501,0.14242273114107312
302,1203,1505,0.14245937212138737
301,1202,1503,0.14249893632193494
307,1206,1513,0.1425356620307722
304,1198,1502,0.14255656549985066
297,1209,1506,0.14258279429220877
305,1208,1513,0.14262436766779424
309,1219,1528,0.14264715622332882
312,1216,1528,0.1426603323424342
309,1204,1513,0.14266588967344615
304,1217,1521,0.14267759440608063
309,1225,1534,0.14270066243575613
304,1209,1513,0.1427096048211519
306,1207,1513,0.14273104383332144
305,1210,1515,0.14274832191458173
299,1212,1511,0.1427684390345798
298,1226,1524,0.14280058997477674
296,1218,1514,0.14283207341338836
289,1206,1495,0.14286524033593534
287,1208,1495,0.1429109535175929
291,1226,1517,0.14295756845045754
293,1218,1511,0.14299168182469082
287,1220,1507,0.143019429593015
286,1218,1504,0.1430571464102549
291,1224,1515,0.1430950772193573
284,1222,1506,0.14311843957537188
280,1219,1499,0.14315719863859244
282,1223,1505,0.14320339889607736
280,1226,1506,0.14324188270272364
286,1223,1509,0.14328208271943585
286,1231,1517,0.14330622895421377
286,1259,1545,0.14332931938160903
284,1255,1539,0.14334995772727335
282,1239,1521,0.14337267545436938
277,1240,1517,0.1433983502040833
277,1244,1521,0.1434349269019985
278,1243,1521,0.14346947337626353
277,1245,1522,0.1434991504313076
276,1244,1520,0.14353128946547314
275,1241,1516,0.14356249025937595
271,1248,1519,0.14359386548627284
266,1243,1509,0.1436325100798519
269,1254,1523,0.14368106811762257
267,1249,1516,0.14372179843145827
265,1254,1519,0.1437624872599991
262,1262,1524,0.14380543384782418
268,1267,1535,0.1438542431806389
264,1257,1521,0.1438869780215811
263,1255,1518,0.1439280633037959
260,1259,1519,0.14396877882339698
256,1256,1512,0.14401339593302007
258,1252,1510,0.14406449267978996
252,1254,1506,0.14410763455273293
251,1248,1499,0.14415967503870883
258,1258,1516,0.14420979689708296
260,1243,1503,0.14423938459804517
260,1243,1503,0.14426142341546
256,1246,1502,0.14428231568504102
259,1244,1503,0.144311878109742
260,1239,1499,0.144332701939331
257,1249,1506,0.14435008902775867
255,1263,1518,0.1443740283479708
255,1260,1515,0.14439754486774986
254,1257,1511,0.14441827934406903
250,1253,1503,0.1444403161919504
253,1256,1509,0.14447147260827736
254,1255,1509,0.14449350769984165
254,1255,1509,0.14451097900172447
255,1259,1514,0.14452891471726365
258,1260,1518,0.144543149570419
255,1269,1524,0.14455076551912968
247,1270,1517,0.144565415420106
246,1258,1504,0.14459728067211006
248,1261,1509,0.14463044290268462
244,1260,1504,0.14465475488290758
245,1263,1508,0.14468701754368538
246,1263,1509,0.1447154275395845
245,1274,1519,0.14473902031193522
246,1270,1516,0.14476448268450065
250,1271,1521,0.14478632062524066
247,1270,1517,0.14479833190199015
246,1262,1508,0.1448156073338363
241,1258,1499,0.14483477999911948
236,1249,1485,0.14486282138446083
241,1263,1504,0.14490003600057488
241,1270,1511,0.14492447952752183
240,1272,1512,0.14494580733965579
246,1277,1523,0.14496903213971252
246,1272,1518,0.14497615856918344
245,1261,1506,0.14498423367327345
248,1268,1516,0.14499458594022968
245,1255,1500,0.14499807977955836
241,1260,1501,0.14500772696317518
247,1267,1514,0.1450279801361143
246,1273,1519,0.14503231742454453
242,1261,1503,0.14503889154042193
231,1246,1477,0.1450534846952477
231,1253,1484,0.14509239819548939
235,1260,1495,0.14512798545246672
228,1269,1497,0.14515146886342378
234,1276,1510,0.14518828590425323
239,1287,1526,0.14520965526859062
235,1283,1518,0.14521923059565686
231,1288,1519,0.14523789799326933
229,1286,1515,0.14526572886669467
225,1289,1514,0.1452980994147824
227,1284,1511,0.14533699359953334
226,1277,1503,0.14536970663197335
224,1285,1509,0.14540248062677308
230,1288,1518,0.14543817093129907
230,1286,1516,0.14545594924138724
230,1289,1519,0.1454723024254356
222,1281,1503,0.14548814332418752
220,1288,1508,0.14552078360134332
222,1292,1514,0.14555635783263265
218,1285,1503,0.1455870702354523
219,1283,1502,0.14562343200118838
213,1285,1498,0.14565219325099552
211,1288,1499,0.14569174703866672
214,1283,1497,0.14573303432907841
213,1298,1511,0.14576471146410153
218,1298,1516,0.14579691043184284
217,1290,1507,0.14581485287769985
220,1292,1512,0.145835606703538
216,1301,1517,0.1458478857768427
215,1307,1522,0.145867314451394
214,1312,1526,0.1458893886022988
207,1310,1517,0.1459130808813066
205,1302,1507,0.145951455473765
203,1307,1510,0.1459919763938629
200,1298,1498,0.14603353136832029
201,1302,1503,0.14607921927599574
192,1296,1488,0.14611817542271904
194,1295,1489,0.1461760198708923
194,1296,1490,0.14622487896155476
199,1290,1489,0.14627031647581362
199,1294,1493,0.14630181404205422
204,1307,1511,0.14633248908230137
205,1296,1501,0.14634902842060696
204,1301,1505,0.14636137958708237
203,1312,1515,0.14637663924535277
200,1314,1514,0.14639479296872981
197,1319,1516,0.1464197257329188
198,1326,1524,0.14644874124656707
201,1324,1525,0.14647496257217363
197,1327,1524,0.1464913412247412
198,1316,1514,0.14651668091964973
196,1320,1516,0.14653816819716423
196,1330,1526,0.14656389203551043
195,1330,1525,0.1465871936291458
198,1320,1518,0.14661186457943023
193,1321,1514,0.14662745817292097
193,1317,1510,0.14665458895827854
195,1307,1502,0.14667899198994067
188,1320,1508,0.14669620678484935
188,1318,1506,0.14672895308998318
188,1319,1507,0.14675770135388422
189,1320,1509,0.14678449213608885
193,1322,1515,0.14680579192051407
190,1332,1522,0.1468177367490962
189,1328,1517,0.14683651013127735
186,1316,1502,0.14685575781782564
182,1318,1500,0.14688242655430264
184,1318,1502,0.14691565108033405
187,1322,1509,0.14694399515522866
184,1322,1506,0.1469622326814835
189,1313,1502,0.14698514963503354
193,1323,1516,0.14699619749008497
197,1331,1528,0.14699582510648057
198,1324,1522,0.14698508850040684
193,1336,1529,0.14697286440249713
195,1337,1532,0.1469727598665609
196,1334,1530,0.14696923647933718
197,1344,1541,0.14696396149595448
196,1332,1528,0.1469590509204783
196,1323,1519,0.14695640389750342
198,1320,1518,0.14695432914651924
195,1330,1525,0.14694626587103918
190,1337,1527,0.14694680876263194
186,1331,1517,0.1469597935980304
189,1325,1514,0.14698011239759987
186,1327,1513,0.14699218652855908
182,1336,1518,0.14700952337051126
184,1339,1523,0.14703597425322631
179,1331,1510,0.1470556080334251
180,1333,1513,0.14708612775810784
184,1321,1505,0.14711177085910337
186,1317,1503,0.14712637885185417
186,1324,1510,0.1471335904063859
183,1317,1500,0.1471386306524746
177,1325,1502,0.1471526294083047
178,1319,1497,0.14718129969283203
179,1322,1501,0.14720709434343024
177,1331,1508,0.14722940176585858
178,1324,1502,0.14725535501385933
181,1317,1498,0.14727713164353076
181,1320,1501,0.14729020630797973
180,1333,1513,0.14730284907682656
183,1344,1527,0.1473153201785439
179,1340,1519,0.14732078603736093
174,1339,1513,0.1473360593986983
177,1342,1519,0.14736143624312784
177,1338,1515,0.14737716242653717
175,1339,1514,0.14739215520649288
179,1325,1504,0.14741064515005373
177,1327,1504,0.1474166170426529
175,1327,1502,0.14742520333820702
176,1332,1508,0.1474385665386784
177,1323,1500,0.1474486397333891
178,1333,1511,0.14745702494084104
176,1328,1504,0.14746334233995495
172,1335,1507,0.1474726431778829
178,1328,1506,0.1474907769837109
176,1331,1507,0.14749249889071206
182,1335,1517,0.14750012487997524
182,1336,1518,0.14749395903172358
178,1320,1498,0.14748998599125648
178,1321,1499,0.14749597283553087
172,1331,1503,0.14750289344855463
174,1324,1498,0.1475226214031598
173,1322,1495,0.1475354135134007
173,1320,1493,0.14755098739075095
170,1337,1507,0.147564145897724
170,1345,1515,0.147584346813234
165,1364,1529,0.1476030448743602
168,1355,1523,0.14763260448343293
163,1351,1514,0.14765360134832423
168,1351,1519,0.14768455295907232
166,1352,1518,0.14770182320512518
166,1352,1518,0.14772281910865284
166,1351,1517,0.1477433562816756
164,1360,1524,0.1477615455763563
165,1343,1508,0.1477843788496569
162,1352,1514,0.14780369458308484
161,1353,1514,0.14782911056598363
164,1355,1519,0.14785537426569484
160,1345,1505,0.14787250467425767
159,1346,1505,0.14789762897473602
160,1350,1510,0.14792432730465502
160,1356,1516,0.1479458991833855
161,1360,1521,0.1479651573189226
160,1352,1512,0.14798139587948056
157,1343,1500,0.14799902113028915
158,1352,1510,0.1480248002142622
156,1358,1514,0.14804639642394563
155,1355,1510,0.14807128994358515
154,1361,1515,0.14809653556936964
156,1357,1513,0.14812272355100176
156,1353,1509,0.14814235547063467
151,1360,1511,0.14816063722752207
152,1364,1516,0.14818992468749448
152,1353,1505,0.1482134228777495
152,1350,1502,0.14823555898749569
151,1351,1502,0.14825659988401355
145,1353,1498,0.1482779431944904
141,1363,1504,0.14831224451508712
139,1370,1509,0.1483538825823405
138,1373,1511,0.14839771356546277
138,1362,1500,0.14843969900398438
135,1363,1498,0.1484760767705253
136,1374,1510,0.14851634073867043
138,1372,1510,0.14855295072977504
138,1368,1506,0.148582991082079
134,1380,1514,0.14861045200865572
133,1366,1499,0.14864675442046776
130,1388,1518,0.1486841167646268
130,1389,1519,0.148725903205565
132,1384,1516,0.14876600041832283
139,1356,1495,0.14879954173105184
138,1351,1489,0.14881321120383745
136,1344,1480,0.1488272615955113
138,1345,1483,0.14884515100687454
131,1356,1487,0.14885587531406233
130,1358,1488,0.14888176340373696
130,1358,1488,0.14890891887395788
134,1374,1508,0.14893467351754916
135,1370,1505,0.14894970251638798
129,1386,1515,0.1489619999869864
128,1385,1513,0.1489884685982107
125,1392,1517,0.14901585791874122
128,1382,1510,0.1490489506869287
129,1390,1519,0.1490730127974391
131,1378,1509,0.14909345916090477
130,1373,1503,0.149107887347284
131,1377,1508,0.14912439067223837
130,1387,1517,0.1491369139108852
132,1382,1514,0.14915117323518284
132,1380,1512,0.14915962315808712
132,1378,1510,0.1491676549712415
135,1372,1507,0.14917374391117907
137,1377,1514,0.1491729596107077
131,1377,1508,0.1491686867906468
131,1377,1508,0.14917888696663362
129,1380,1509,0.14918876197902567
135,1386,1521,0.14920334145807368
134,1381,1515,0.1492015598122762
134,1393,1527,0.1492035777054513
134,1388,1522,0.14920498960043813
131,1380,1511,0.149206797198128
131,1379,1510,0.1492144174792796
129,1383,1512,0.1492234258360545
128,1381,1509,0.14923729828064855
123,1387,1510,0.1492507846416342
121,1374,1495,0.14927521154076323
125,1381,1506,0.14930319553492577
124,1398,1522,0.14932019598156365
127,1397,1524,0.14933876774441124
129,1400,1529,0.14934922960676394
125,1403,1528,0.1493544514365737
123,1398,1521,0.14936867863248593
123,1389,1512,0.14938569485064535
121,1395,1516,0.14940157414662372
122,1402,1524,0.14942184912368306
121,1396,1517,0.14943940874894604
120,1401,1521,0.1494587386836911
121,1387,1508,0.14947757173868362
116,1392,1508,0.14949270612253718
119,1391,1510,0.1495174045577706
121,1399,1520,0.14953439520874912
124,1387,1511,0.1495451964701909
127,1385,1512,0.14954795782409425
126,1382,1508,0.14954232243279866
123,1384,1507,0.1495400069352676
124,1382,1506,0.1495450982989615
121,1387,1508,0.14954737951008137
122,1385,1507,0.14955613722403932
126,1371,1497,0.14956194406849757
127,1388,1515,0.1495581628761823
129,1392,1521,0.1495538358674204
126,1400,1526,0.14954421901480017
129,1404,1533,0.14954275142071446
129,1396,1525,0.14953381398561366
131,1386,1517,0.14952559407177327
131,1392,1523,0.14951320761515735
131,1386,1517,0.1495029705262907
132,1391,1523,0.14949323215124988
133,1391,1524,0.1494822997111032
131,1400,1531,0.14947040258397798
126,1399,1525,0.14946321159740605
126,1392,1518,0.14946836364162908
126,1393,1519,0.14947313532820364
129,1376,1505,0.14947839150865513
128,1392,1520,0.1494768295254709
124,1400,1524,0.14947705744972248
123,1396,1519,0.14948625946847066
121,1397,1518,0.14949663037499017
120,1386,1506,0.14951150064513313
120,1410,1530,0.14952681686904554
120,1402,1522,0.14954084517533617
119,1395,1514,0.1495533114454479
119,1394,1513,0.14956813276421366
119,1392,1511,0.1495828079089834
116,1397,1513,0.1495970023500259
114,1401,1515,0.14961793041922333
116,1407,1523,0.1496403233682849
118,1409,1527,0.14965568996962528
116,1412,1528,0.1496654054881994
118,1415,1533,0.1496800425211523
121,1421,1542,0.14968818651946778
121,1425,1546,0.14968888322091473
117,1412,1529,0.14968918509604612
114,1395,1509,0.14969911951214893
121,1392,1513,0.1497158469693962
123,1396,1519,0.14971534204181836
119,1393,1512,0.14971092215985393
118,1389,1507,0.1497168431991497
120,1392,1512,0.14972524598912865
120,1387,1507,0.14972831276835769
122,1386,1508,0.14972986574286767
123,1397,1520,0.14972765387588052
120,1401,1521,0.14972254806516772
114,1405,1519,0.14972564493557783
115,1410,1525,0.14974327927740722
113,1406,1519,0.1497565576840553
111,1396,1507,0.1497740494986335
109,1393,1502,0.1497950731734093
116,1396,1512,0.14981963058473402
117,1406,1523,0.14982561590331595
116,1416,1532,0.1498292566619902
116,1412,1528,0.14983556496875103
114,1403,1517,0.149841872030378
109,1410,1519,0.14985167716563294
105,1423,1528,0.14987260732018615
103,1416,1519,0.149901658212773
101,1420,1521,0.14993379632411322
101,1426,1527,0.14996911606005492
105,1418,1523,0.15000234941556173
103,1429,1532,0.1500235496825882
103,1427,1530,0.15004728406492926
106,1412,1518,0.1500690019076269
107,1421,1528,0.15008196114129077
107,1416,1523,0.1500923239548524
106,1421,1527,0.15010216859709563
103,1411,1514,0.15011394400184447
103,1417,1520,0.15013206290054942
104,1416,1520,0.1501488960723306
106,1405,1511,0.15016282234063583
107,1419,1526,0.15017158530563293
104,1419,1523,0.15017797524956497
101,1422,1523,0.15019024620741395
102,1423,1525,0.15020869012202362
104,1412,1516,0.1502240248611895
104,1422,1526,0.150234310943463
106,1417,1523,0.15024232578680524
107,1415,1522,0.15024438212903224
107,1413,1520,0.15024373000057006
103,1422,1525,0.15024277247872206
103,1420,1523,0.1502512201899858
103,1419,1522,0.15026037484775895
102,1422,1524,0.1502694709793381
105,1419,1524,0.1502803280476435
105,1414,1519,0.15028334841410382
104,1425,1529,0.15028548856375434
104,1415,1519,0.15028949999363653
101,1416,1517,0.1502947531559527
101,1424,1525,0.15030655937330722
103,1420,1523,0.15031646231660076
101,1418,1519,0.1503217495400525
102,1414,1516,0.1503301789562711
97,1423,1520,0.15033613533523532
98,1420,1518,0.15035337251314979
97,1426,1523,0.1503664784415358
95,1427,1522,0.1503801782504759
96,1423,1519,0.15039765945016412
94,1420,1514,0.15041146465282457
94,1425,1519,0.15042932348606952
92,1414,1506,0.15044645221630545
90,1422,1512,0.15046752040151712
87,1420,1507,0.15049227021945563
86,1428,1514,0.15052222209102506
85,1431,1516,0.1505528881247892
84,1434,1518,0.15058369425151544
85,1432,1517,0.1506149133025545
86,1436,1522,0.15064232322130344
85,1445,1530,0.150665513334686
81,1433,1514,0.15068973833545538
82,1422,1504,0.1507215590121386
82,1447,1529,0.15074936786754325
81,1451,1532,0.15077599404317263
82,1439,1521,0.15080351173148282
81,1437,1518,0.15082727796290274
82,1440,1522,0.15085203740380682
82,1439,1521,0.15087216323128186
79,1451,1530,0.150890931766873
80,1429,1509,0.15091611183355183
79,1413,1492,0.1509365447192079
79,1421,1500,0.15095790882642685
79,1422,1501,0.15097813137051935
82,1442,1524,0.15099755417430194
81,1422,1503,0.15100868704684195
81,1430,1511,0.1510204171979248
82,1426,1508,0.15103185580668327
83,1439,1522,0.1510394438769434
84,1438,1522,0.15104343045645904
84,1445,1529,0.15104454249054045
83,1445,1528,0.1510461186080123
82,1443,1525,0.15105032621949951
82,1439,1521,0.15105694598359354
82,1435,1517,0.1510631255484465
83,1441,1524,0.1510689674386706
81,1427,1508,0.15107223042588544
81,1431,1512,0.15108001368867646
82,1423,1505,0.15108726537175143
84,1409,1493,0.15109130659132253
85,1415,1500,0.15108852226804892
86,1416,1502,0.15108352002383588
86,1422,1508,0.15107769221550144
88,1424,1512,0.1510722177438649
87,1428,1515,0.1510627278918807
86,1437,1523,0.15105668512688372
88,1436,1524,0.15105365549360303
86,1445,1531,0.1510450760255236
83,1424,1507,0.15104213821883217
85,1430,1515,0.1510463710058419
84,1441,1525,0.1510459325710759
81,1453,1534,0.15104809043923306
79,1453,1532,0.15105696379650937
78,1453,1531,0.15107012364037245
81,1447,1528,0.15108509896202216
81,1445,1526,0.1510919851196635
82,1452,1534,0.15109871155933507
80,1434,1514,0.15110308488013163
80,1427,1507,0.151111764506593
80,1444,1524,0.1511194127243328
79,1453,1532,0.15112542834567846
79,1456,1535,0.15113348944921173
83,1456,1539,0.1511408284111341
80,1432,1512,0.15113887997088596
77,1449,1526,0.15114404507612852
76,1425,1501,0.15115589014177436
80,1436,1516,0.15116962792298974
81,1438,1519,0.15117323851769038
81,1445,1526,0.1511739154813151
81,1445,1526,0.15117454277813602
78,1446,1524,0.15117459463997343
77,1424,1501,0.1511825977740022
80,1432,1512,0.15119272320985291
79,1429,1508,0.15119490744020633
80,1426,1506,0.15119969887240411
81,1438,1519,0.15120145076427022
82,1449,1531,0.1511998647351875
80,1452,1532,0.1511967403898324
81,1440,1521,0.15119839457652842
77,1435,1512,0.15119704357632271
77,1446,1523,0.1512051736413813
79,1444,1523,0.1512133489837651
80,1441,1521,0.15121678115001264
79,1450,1529,0.15121810080796522
74,1442,1516,0.1512216624407291
78,1440,1518,0.15123664139862228
78,1441,1519,0.15124193411590386
79,1445,1524,0.15124716191926946
79,1437,1516,0.15125015199226474
78,1424,1502,0.15125290465904556
79,1429,1508,0.151257982869138
82,1436,1518,0.1512603301646331
81,1439,1520,0.1512541951994667
82,1428,1510,0.15125114260629602
80,1423,1503,0.15124545248838664
83,1426,1509,0.1512454198971402
81,1426,1507,0.15123832415298996
82,1416,1498,0.15123677828647927
82,1416,1498,0.1512334387969098
82,1418,1500,0.15122959538491235
79,1439,1518,0.1512253853898715
79,1430,1509,0.15122762328659406
79,1427,1506,0.15123060533907776
81,1430,1511,0.15123394044273714
80,1428,1508,0.15123168413600963
80,1437,1517,0.15123221627719352
80,1431,1511,0.1512328488040261
80,1434,1514,0.15123356110585642
79,1435,1514,0.151234342678021
75,1436,1511,0.1512366206220616
74,1436,1510,0.15124758220582277
75,1434,1509,0.15126037227012878
76,1442,1518,0.15127100805330856
74,1441,1515,0.1512788208140752
72,1446,1518,0.15129082206700797
70,1441,1511,0.15130540783424923
74,1450,1524,0.15132339385006158
77,1447,1524,0.1513302523759318
79,1447,1526,0.1513302399244464
80,1457,1537,0.15132432742743882
79,1456,1535,0.15131714978932984
76,1458,1534,0.1513131497438926
76,1443,1519,0.15131660040800513
77,1439,1516,0.15131986737236955
78,1437,1515,0.15132113740215414
74,1432,1506,0.15131948779638404
73,1436,1509,0.15132709344248485
78,1434,1512,0.1513365948500766
75,1452,1527,0.15133426442787898
74,1453,1527,0.1513395488834644
70,1453,1523,0.1513458785297987
71,1449,1520,0.15136074003331818
70,1446,1516,0.15137285500941428
70,1428,1498,0.1513867648418614
69,1447,1516,0.15139980611805648
69,1433,1502,0.15141462952516388
70,1433,1503,0.15142865879800543
70,1425,1495,0.15143851512839057
71,1429,1500,0.15144818051384623
69,1435,1504,0.15145451381132854
68,1446,1514,0.15146500186451106
70,1437,1507,0.15147640109885632
71,1450,1521,0.15148195497746803
72,1446,1518,0.15148511035484805
70,1445,1515,0.15148540240357783
70,1454,1524,0.15149060395223243
68,1456,1524,0.15149581909954826
68,1447,1515,0.1515050101795879
69,1448,1517,0.1515126444755662
73,1437,1510,0.15151826279675493
73,1442,1515,0.15151322030543318
73,1429,1502,0.15150827895309518
71,1431,1502,0.15150331679664053
73,1434,1507,0.15150373470073655
73,1431,1504,0.1514993334369605
73,1449,1522,0.15149621372363342
74,1442,1516,0.15149397868513031
73,1453,1526,0.151489769704539
73,1453,1526,0.15148874774113805
73,1457,1530,0.15148786319141036
74,1454,1528,0.1514871893575088
72,1450,1522,0.15148488440385788
71,1442,1513,0.15148746969966964
71,1442,1513,0.15149198488527996
70,1449,1519,0.15149489789080264
72,1448,1520,0.15149980827325127
75,1438,1513,0.15149939322957162
73,1442,1515,0.15149130928942317
72,1452,1524,0.15148752133363244
75,1453,1528,0.15148764797961714
74,1450,1524,0.151480472709527
71,1443,1514,0.15147661237576696
70,1429,1499,0.15148024462209633
71,1432,1503,0.15148631735440804
74,1427,1501,0.151490287892106
75,1441,1516,0.15148581161380445
73,1426,1499,0.15148012355915116
76,1443,1519,0.15147965047894535
75,1451,1526,0.1514718348857381
79,1448,1527,0.1514659231621633
78,1440,1518,0.15145139996375842
76,1427,1503,0.15143985044670738
77,1437,1514,0.1514342377943593
77,1445,1522,0.1514271122989411
76,1447,1523,0.1514210334493719
77,1442,1519,0.1514180295960981
77,1441,1518,0.15141211356630838
77,1432,1509,0.15140620236611063
78,1445,1523,0.15140106331215158
80,1449,1529,0.1513943404265132
77,1456,1533,0.15138273114169798
79,1448,1527,0.1513790436890838
77,1439,1516,0.15137153559959446
78,1440,1518,0.15136887610347333
75,1449,1524,0.1513644854127861
71,1437,1508,0.1513673800251751
71,1433,1504,0.1513797631667627
69,1444,1513,0.15139177872157547
70,1437,1507,0.1514074974960514
72,1427,1499,0.15141893101759124
72,1436,1508,0.1514255605696356
71,1443,1514,0.15143194647523636
70,1448,1518,0.15144034505974577
72,1443,1515,0.15145075958904164
71,1446,1517,0.15145578496343326
67,1457,1524,0.15146303299763464
67,1454,1521,0.1514791162991318
66,1459,1525,0.1514939592056566
64,1452,1516,0.15150971860685092
63,1445,1508,0.15152895864606764
61,1439,1500,0.1515492162034138
61,1428,1489,0.1515728979596975
62,1442,1504,0.15159498529289062
61,1451,1512,0.15161355989881822
59,1444,1503,0.15163343528852072
58,1440,1498,0.1516562377923491
57,1445,1502,0.1516798129397664
55,1452,1507,0.15170440496109772
58,1455,1513,0.1517315860959732
59,1445,1504,0.1517500509017659
59,1451,1510,0.1517647427315785
60,1442,1502,0.15177825536062883
61,1442,1503,0.1517885525273259
61,1447,1508,0.151795339599549
62,1449,1511,0.1518014891153521
61,1443,1504,0.1518057091315693
63,1457,1520,0.1518121069377068
56,1445,1501,0.1518131597303227
59,1445,1504,0.1518299541288951
57,1443,1500,0.15183880293529195
60,1464,1524,0.1518516471445113
62,1454,1516,0.1518552194723676
62,1448,1510,0.15185458760720216
59,1440,1499,0.15185449767735126
59,1453,1512,0.15186161203624285
59,1455,1514,0.15186843819924564
56,1455,1511,0.15187484676516844
59,1457,1516,0.15188785771600283
57,1458,1515,0.15189325292163874
58,1463,1521,0.15190303419607898
58,1459,1517,0.1519100027243062
56,1460,1516,0.15191644088566716
54,1459,1513,0.15192727393085248
56,1460,1516,0.15194193108226703
55,1459,1514,0.15195051599608533
50,1461,1511,0.151961196494483
50,1463,1513,0.1519814573159685
54,1466,1520,0.15200091240845448
56,1466,1522,0.1520096727507525
57,1466,1523,0.15201267966351925
57,1469,1526,0.15201340235292143
58,1467,1525,0.15201453420703154
58,1459,1517,0.1520134540729483
58,1460,1518,0.15201300603548315
58,1466,1524,0.15201309760841863
57,1471,1528,0.1520133003097353
59,1462,1521,0.15201648054601105
58,1473,1531,0.15201511783698698
58,1465,1523,0.1520164183151784
58,1472,1530,0.15201687191737204
57,1478,1535,0.1520166094186801
58,1472,1530,0.15201905725178524
58,1472,1530,0.152018259837933
58,1472,1530,0.15201774702530627
58,1462,1520,0.15201767464662835
59,1455,1514,0.15201797831693362
59,1463,1522,0.1520161464901416
54,1459,1513,0.15201463385238523
56,1463,1519,0.1520244445970651
57,1451,1508,0.15202809079047452
57,1456,1513,0.1520297171362074
56,1467,1523,0.15203167593578434
55,1468,1523,0.15203569588433122
56,1454,1510,0.1520422012200734
57,1459,1516,0.15204585050345107
55,1454,1509,0.15204702111104518
55,1456,1511,0.1520530065527673
54,1477,1531,0.15205893694008518
54,1475,1529,0.1520667411629544
53,1475,1528,0.1520743426310427
51,1472,1523,0.15208423403838078
53,1460,1513,0.15209801787949698
51,1452,1503,0.15210628128748305
50,1451,1501,0.15211813291922785
47,1449,1496,0.15213160811818924
46,1460,1506,0.15215086110925735
47,1470,1517,0.15217127710062653
48,1468,1516,0.15218803485689897
47,1469,1516,0.1522015579441688
48,1475,1523,0.1522162441024495
49,1462,1511,0.15222741020288214
50,1465,1515,0.15223488414180772
46,1465,1511,0.15223960836563363
48,1467,1515,0.1522534767638974
45,1482,1527,0.15226149489055726
45,1462,1507,0.15227622748536615
47,1464,1511,0.15229018720040863
47,1471,1518,0.15229797490441377
46,1472,1518,0.15230530664102837
46,1468,1514,0.15231447643945026
48,1486,1534,0.15232250016433135
49,1472,1521,0.1523255018159333
49,1477,1526,0.15232651741098072
49,1470,1519,0.15232786299296452
49,1470,1519,0.15232948109804656
47,1467,1514,0.15233021759700327
46,1481,1527,0.15233555588439984
45,1476,1521,0.15234315943090582
45,1462,1507,0.15235274262242032
47,1457,1504,0.1523612497892662
47,1461,1508,0.15236493236484946
48,1454,1502,0.15236810324730418
49,1462,1511,0.15236844326745932
49,1470,1519,0.15236690027808147
50,1471,1521,0.152365835108498
50,1463,1513,0.15236190183529796
49,1466,1515,0.152358628965022
48,1469,1517,0.15235678489056123
46,1471,1517,0.15235775064312526
47,1470,1517,0.15236334054117662
49,1472,1521,0.15236664852511084
49,1476,1525,0.15236420026326372
49,1463,1512,0.15236203480022556
48,1457,1505,0.15236030499248832
47,1454,1501,0.1523610045783118
47,1458,1505,0.1523643924075623
49,1463,1512,0.15236770369833036
49,1454,1503,0.15236596815462586
47,1457,1504,0.15236456029111967
45,1460,1505,0.15236805792773273
47,1482,1529,0.15237594998203632
47,1480,1527,0.15237894179152003
47,1483,1530,0.15238207214835228
45,1477,1522,0.1523841957454045
46,1478,1524,0.15239085503569352
46,1466,1512,0.1523943481029887
43,1470,1513,0.15239796751012638
46,1476,1522,0.1524081885516572
45,1467,1512,0.15241030868470745
44,1463,1507,0.1524149808962524
44,1471,1515,0.15242192640547447
42,1480,1522,0.15242877545990388
42,1496,1538,0.15243956396544273
43,1491,1534,0.15244985710423223
44,1462,1506,0.15245737678113497
44,1450,1494,0.1524620595249962
44,1460,1504,0.15246675152592398
43,1479,1522,0.15247120320218588
42,1484,1526,0.1524778739949755
41,1486,1527,0.15248635854432896
41,1481,1522,0.15249668640832537
41,1479,1520,0.15250636525879865
41,1486,1527,0.1525154697297963
40,1474,1514,0.1525242221074973
40,1473,1513,0.15253475348935985
41,1480,1521,0.152543503533496
41,1471,1512,0.15254847863744048
39,1475,1514,0.1525542484894069
39,1465,1504,0.15256423237186098
38,1488,1526,0.15257380679447294
39,1493,1532,0.15258486100627955
38,1487,1525,0.15259314759105727
37,1481,1518,0.15260304912894052
39,1475,1514,0.15261473936730677
37,1480,1517,0.152621397882377
36,1476,1512,0.15263215781851247
38,1464,1502,0.15264469014654714
38,1454,1492,0.1526510722923883
36,1458,1494,0.1526573318578751
37,1472,1509,0.1526678609306388
37,1466,1503,0.15267567175938873
38,1476,1514,0.15268320605554767
34,1477,1511,0.15268771214126226
34,1479,1513,0.15270087499204638
34,1488,1522,0.15271290692765543
36,1478,1514,0.15272419982854873
38,1476,1514,0.15273047397269301
38,1478,1516,0.15273098540119545
36,1480,1516,0.15273179402481407
35,1477,1512,0.1527371957442631
34,1470,1504,0.15274470585850713
33,1472,1505,0.15275414326585898
34,1477,1511,0.15276448237512535
33,1481,1514,0.15277205311810227
32,1478,1510,0.1527815883867452
32,1483,1515,0.15279295045901814
30,1492,1522,0.15280384899913377
31,1499,1530,0.15281807957092042
29,1497,1526,0.15282882887390653
30,1497,1527,0.1528434870283654
30,1488,1518,0.15285479753093026
30,1489,1519,0.15286570324381757
30,1482,1512,0.15287620244206554
29,1486,1515,0.15288629504547457
27,1488,1515,0.15289811890045577
28,1482,1510,0.15291380015421777
27,1484,1511,0.15292614190989456
27,1480,1507,0.15294005275595798
27,1486,1513,0.15295225546951474
28,1501,1529,0.15296289440713365
29,1500,1529,0.15297100919544185
30,1492,1522,0.15297655947233924
30,1497,1527,0.15297952650628946
29,1492,1521,0.15298261868908342
29,1503,1532,0.15298811565456286
29,1492,1521,0.15299351066919528
29,1489,1518,0.15299878741327405
29,1485,1514,0.153001698994516
30,1477,1507,0.15300481655051323
30,1471,1501,0.15300535319386166
32,1490,1522,0.15300622672422745
31,1492,1523,0.1530017314757296
31,1481,1512,0.15299904249344828
30,1479,1509,0.15299701287670395
30,1476,1506,0.15299825807461173
31,1479,1510,0.15299885665122612
32,1494,1526,0.15299757276155077
32,1498,1530,0.15299408024960418
32,1492,1524,0.15299119405150713
31,1486,1517,0.152988839787296
29,1483,1512,0.15298910333243718
30,1501,1531,0.15299392699750605
31,1500,1531,0.1529966893921131
31,1497,1528,0.15299705899001723
31,1489,1520,0.1529976397763554
30,1494,1524,0.15299839648397356
33,1500,1533,0.1530014690082627
32,1499,1531,0.15299690591119194
32,1495,1527,0.1529950509963763
31,1488,1519,0.15299266710346177
32,1482,1514,0.15299288627824442
30,1478,1508,0.1529911457970974
30,1493,1523,0.15299408495933473
30,1489,1519,0.15299700080872142
30,1480,1510,0.1529999549195897
30,1490,1520,0.15300292437467278
30,1494,1524,0.1530054009176147
30,1496,1526,0.15300767162746667
29,1503,1532,0.15301001734800213
29,1488,1517,0.15301444634799113
31,1498,1529,0.1530187884793867
32,1488,1520,0.15301814490793816
28,1493,1521,0.15301337414804853
29,1491,1520,0.15301808416135274
30,1485,1515,0.15302052203512978
31,1484,1515,0.1530208509015756
26,1500,1526,0.1530182187624119
26,1487,1513,0.15302688058252353
26,1496,1522,0.15303536361518752
25,1497,1522,0.15304364472952778
24,1499,1523,0.15305435179930665
24,1507,1531,0.15306681405955005
24,1491,1515,0.15307870202735882
22,1486,1508,0.15309003252182202
22,1489,1511,0.15310512314075667
22,1496,1518,0.15311897613819297
21,1498,1519,0.15313144044340737
21,1506,1527,0.15314556042629224
22,1496,1518,0.15315901024449238
23,1486,1509,0.15316913211635652
22,1495,1517,0.1531764544275794
22,1503,1525,0.15318625310928924
21,1495,1516,0.15319558862580598
22,1495,1517,0.15320679897573158
22,1485,1507,0.15321503658587624
22,1487,1509,0.15322287762574022
22,1481,1503,0.1532295278345677
21,1480,1501,0.15323586616791957
21,1488,1509,0.15324352022385998
22,1495,1517,0.15325090432114474
22,1486,1508,0.15325569057627264
23,1487,1510,0.15326016019984498
22,1498,1520,0.15326157782973662
23,1501,1524,0.1532652865740358
23,1498,1521,0.15326671946111325
21,1503,1524,0.15326817085869238
20,1506,1526,0.15327402972764856
22,1513,1535,0.15328184583026405
22,1492,1514,0.1532848698787308
21,1485,1506,0.15328776255006388
22,1492,1514,0.15329279966162537
23,1491,1514,0.15329441548410036
23,1494,1517,0.15329388181118156
23,1512,1535,0.15329361146061266
20,1508,1528,0.1532935661766303
21,1512,1533,0.15330018698039327
22,1508,1530,0.15330436923931237
23,1504,1527,0.1533061878051846
22,1502,1524,0.15330537789371995
23,1485,1508,0.153307045878769
22,1491,1513,0.15330559399669957
22,1495,1517,0.15330664726306023
22,1488,1510,0.15330785409365577
23,1490,1513,0.15330850651931752
22,1489,1511,0.1533062804784511
22,1491,1513,0.15330668106217402
22,1497,1519,0.1533073329047747
23,1486,1509,0.15330706174667585
22,1485,1507,0.15330492959486341
23,1497,1520,0.15330500554701076
23,1485,1508,0.1533028481255392
21,1483,1504,0.1533011426841393
21,1494,1515,0.15330479325045135
20,1491,1511,0.15330841935184625
20,1488,1508,0.15331413677247474
20,1494,1514,0.15331966716933867
21,1492,1513,0.1533250059984811
20,1499,1519,0.1533267253137268
19,1501,1520,0.1533307450805234
20,1500,1520,0.1533368875284321
19,1487,1506,0.15333963081892293
18,1488,1506,0.15334477425048554
17,1505,1522,0.1533519946005245
19,1505,1524,0.1533619295807781
19,1508,1527,0.15336537818155752
19,1501,1520,0.15336888834798193
20,1499,1519,0.15337242991505842
21,1501,1522,0.15337287250340526
21,1496,1517,0.15337031848413493
21,1491,1512,0.1533682877341193
22,1498,1520,0.15336671286162445
21,1489,1510,0.15336227410556744
20,1488,1508,0.15336061584212812
19,1485,1504,0.15336155772887333
20,1481,1501,0.15336489514910043
19,1498,1517,0.15336601314460183
21,1494,1515,0.15336963285141342
21,1508,1529,0.15336753336487077
21,1503,1524,0.1533658974515459
21,1501,1522,0.15336466433446674
21,1506,1527,0.15336378008184293
22,1491,1513,0.15336319688718247
22,1476,1498,0.15335974647623363
21,1480,1501,0.15335680114881106
19,1470,1489,0.15335563265598917
20,1481,1501,0.1533598641096029
19,1494,1513,0.1533613199908881
20,1499,1519,0.1533651152551042
19,1492,1511,0.15336572388307707
21,1495,1516,0.15336873755697183
21,1497,1518,0.1533661728258223
22,1505,1527,0.1533641523049151
21,1492,1513,0.15336027752270007
20,1502,1522,0.1533599208600347
21,1502,1523,0.1533619640874235
19,1490,1509,0.153361121220473
20,1498,1518,0.1533638886239438
21,1488,1509,0.1533625591282589
22,1486,1508,0.15335955241464547
23,1499,1522,0.15335492284410798
22,1488,1510,0.15334850481561682
23,1482,1505,0.15334549514387721
23,1500,1523,0.15334051319608058
23,1501,1524,0.1533361838836319
23,1508,1531,0.15333243425821283
22,1504,1526,0.15332919896626293
22,1495,1517,0.15332880054954104
22,1482,1504,0.153328386029184
22,1492,1514,0.15332821139052527
22,1490,1512,0.1533282415706995
21,1495,1516,0.1533284455870966
21,1499,1520,0.1533309565366438
21,1508,1529,0.15333279061614769
20,1512,1532,0.15333470907545343
19,1508,1527,0.15333885439770306
19,1513,1532,0.1533450590829991
19,1511,1530,0.15335075282522265
18,1514,1532,0.15335625429991484
18,1496,1514,0.15336370652474593
19,1491,1510,0.15337082965211482
19,1486,1505,0.15337489301859406
21,1500,1521,0.15337886683527965
21,1501,1522,0.15337749721717478
22,1494,1516,0.15337643246041524
22,1472,1494,0.1533725417726605
23,1482,1505,0.15336915857744665
21,1478,1499,0.15336299066635367
19,1478,1497,0.15336279844591572
18,1491,1509,0.15336708327344642
19,1488,1507,0.15337289938230803
20,1509,1529,0.15337619311168912
19,1502,1521,0.15337729043297643
19,1503,1522,0.15338001990159306
18,1496,1514,0.15338283783631992
17,1501,1518,0.15338851966485034
15,1502,1517,0.15339594019984096
16,1505,1521,0.15340740657834262
16,1497,1513,0.15341507544415928
15,1494,1509,0.15342250054708756
15,1497,1512,0.15343214486904622
15,1506,1521,0.15344135478334886
15,1508,1523,0.15345017182457685
15,1519,1534,0.15345857454066567
15,1520,1535,0.1534665764774039
15,1517,1532,0.15347419146356642
14,1511,1525,0.15348090976055329
15,1506,1521,0.15348950878132897
15,1503,1518,0.15349548110291988
15,1497,1512,0.15350120691979993
15,1501,1516,0.15350669013415488
15,1498,1513,0.15351193546105854
14,1493,1507,0.1535169482797949
14,1490,1504,0.15352389945247583
14,1500,1514,0.1535304991684774
14,1497,1511,0.15353676202034847
14,1500,1514,0.1535427023559098
14,1502,1516,0.15354833423237382
13,1507,1520,0.15355257632345118
13,1502,1515,0.15355886296151927
12,1499,1511,0.15356482111190425
12,1504,1516,0.15357268774657717
12,1505,1517,0.15358019157370315
12,1505,1517,0.15358734339568691
11,1516,1527,0.15359415444734534
11,1519,1530,0.15360257541615613
11,1509,1520,0.15361094946334436
11,1504,1515,0.1536188650613335
10,1512,1522,0.15362634496199123
11,1512,1523,0.15363554414328628
12,1509,1521,0.15364155344865155
13,1495,1508,0.15364447804913287
11,1494,1505,0.153645033108772
11,1495,1506,0.15365035590433176
10,1500,1510,0.15365544850838941
10,1498,1508,0.15366255299504836
10,1505,1515,0.1536692931530717
8,1503,1511,0.1536756844506236
8,1492,1500,0.15368601353910263
8,1502,1510,0.15369576487184577
9,1515,1524,0.15370496858727978
9,1508,1517,0.15371131956426987
10,1513,1523,0.1537171573120363
10,1516,1526,0.15371950302548323
10,1505,1515,0.15372186824125414
9,1507,1516,0.153724235995181
9,1512,1521,0.15372884968274428
8,1513,1521,0.15373329162814525
8,1506,1514,0.15373970304762505
8,1499,1507,0.153745812769736
9,1504,1513,0.1537516303986808
9,1516,1525,0.15375391232378527
9,1514,1523,0.15375622614228102
9,1510,1519,0.1537585533143658
9,1520,1529,0.1537608780359088
9,1513,1522,0.153763186916679
9,1517,1526,0.15376546869313498
9,1509,1518,0.15376771397222938
9,1511,1520,0.15376991500303636
9,1512,1521,0.15377206547332917
8,1514,1522,0.1537741603285247
8,1518,1526,0.15377832470212996
9,1520,1529,0.15378229745944003
9,1501,1510,0.1537838192582145
10,1513,1523,0.15378531101841833
9,1504,1513,0.1537836494847986
9,1507,1516,0.1537844940028556
8,1504,1512,0.1537854080321535
8,1508,1516,0.15378853921946134
8,1516,1524,0.15379157781209732
9,1519,1528,0.1537945199782882
8,1507,1515,0.15379500347563663
8,1514,1522,0.15379769258272574
8,1515,1523,0.1538003016164765
8,1509,1517,0.15380282725692956
8,1496,1504,0.15380526718253976
8,1497,1505,0.15380761993242426
8,1503,1511,0.15380988478441204
8,1503,1511,0.15381206164721828
8,1498,1506,0.15381415096524148
8,1504,1512,0.15381615363463108
8,1513,1521,0.1538180709294133
8,1524,1532,0.15381990443658705
8,1517,1525,0.1538205831324583
8,1515,1523,0.15382135044063885
9,1519,1528,0.15382218828457897
9,1506,1515,0.15381992572641875
10,1507,1517,0.15381799327710183
10,1508,1518,0.15381311891785276
10,1519,1529,0.15380880177214584
10,1524,1534,0.15380498302810156
9,1517,1526,0.15380160982985086
9,1503,1512,0.1538007806924547
9,1498,1507,0.1538001769943821
8,1497,1505,0.15379976817166013
7,1506,1513,0.15380166868396614
7,1508,1515,0.15380571552822977
7,1519,1526,0.15380963392539862
8,1516,1524,0.15381342023452388
8,1503,1511,0.15381474205571377
8,1506,1514,0.15381608834648572
8,1498,1506,0.1538174474998091
8,1501,1509,0.15381880958661046
7,1523,1530,0.1538201661606185
7,1517,1524,0.15382381103044793
7,1519,1526,0.15382728197091602
8,1513,1521,0.15383058483776946
9,1510,1519,0.15383097732558032
9,1516,1525,0.1538281626917472
8,1518,1526,0.15382570966258663
7,1527,1534,0.15382664833220955
8,1529,1537,0.15383014530115904
9,1524,1533,0.15383049823225864
8,1519,1527,0.15382767796279023
8,1506,1514,0.1538273914092666
8,1505,1513,0.15382729859482422
8,1514,1522,0.1538273707284653
8,1519,1527,0.15382758240653674
8,1528,1536,0.15382791124955852
9,1515,1524,0.15382833757621714
9,1510,1519,0.15382558957686499
9,1510,1519,0.15382321053186712
10,1503,1513,0.15382115850969277
11,1518,1529,0.15381612568541508
11,1506,1517,0.15380866398133888
10,1504,1514,0.15380196917221522
10,1510,1520,0.15379871571621678
9,1498,1507,0.15379585919826058
8,1497,1505,0.15379566453049764
8,1508,1516,0.1537978087735031
7,1507,1514,0.15379995631457255
6,1506,1512,0.15380423643441937
6,1510,1516,0.15381050860093018
7,1515,1522,0.15381649857557442
8,1503,1511,0.15381894106979854
7,1510,1517,0.15381908370247557
6,1511,1517,0.15382156008667716
6,1514,1520,0.15382629631706016
6,1523,1529,0.1538308888631329
6,1521,1527,0.15383533236609093
5,1514,1519,0.15383962316395394
6,1526,1532,0.1538459073965766
6,1524,1530,0.15384862527662302
5,1530,1535,0.1538513722805452
5,1529,1534,0.15385641069435638
4,1531,1535,0.15386128943962984
4,1543,1547,0.1538689099243611
5,1533,1538,0.15387611528638528
5,1527,1532,0.15388017360780737
5,1513,1518,0.15388408279781282
4,1506,1510,0.153887842653052
4,1507,1511,0.15389364694119334
4,1496,1500,0.1538991658719734
5,1496,1501,0.15390441028406013
5,1492,1497,0.15390630640953096
5,1492,1497,0.15390822681094604
5,1505,1510,0.15391015652606335
5,1503,1508,0.15391208280347443
5,1503,1508,0.15391399484278445
5,1511,1516,0.15391588356266783
5,1515,1520,0.15391774139394088
5,1507,1512,0.15391956209508034
5,1506,1511,0.1539213405878729
5,1510,1515,0.15392307281111361
5,1508,1513,0.15392475559047958
5,1507,1512,0.15392638652289534
4,1520,1524,0.1539279638738744
4,1514,1518,0.15393163543880883
4,1523,1527,0.15393512074320317
4,1510,1514,0.1539384274824831
4,1526,1530,0.15394156323825345
4,1529,1533,0.15394453545081135
5,1525,1530,0.15394735139666482
4,1510,1514,0.1539475097618855
4,1512,1516,0.1539499914900963
5,1508,1513,0.15395236065100076
5,1518,1523,0.15395135559000903
5,1510,1515,0.15395054953639487
5,1512,1517,0.15394991707711161
5,1507,1512,0.15394943562820138
5,1516,1521,0.15394908513904032
5,1524,1529,0.15394884782648732
5,1522,1527,0.15394870793596904
4,1513,1517,0.15394865152682707
4,1524,1528,0.15395131399865675
4,1531,1535,0.15395382904933624
4,1512,1516,0.1539562042055646
4,1510,1514,0.15395844667723027
4,1507,1511,0.15396056336298744
3,1518,1521,0.15396256085681675
3,1517,1520,0.1539666012523832
3,1532,1535,0.1539704042991518
3,1519,1522,0.15397398357048736
3,1525,1528,0.15397735190059925
3,1522,1525,0.15398052142097687
2,1517,1519,0.15398350359544077
3,1516,1519,0.15398845685887927
4,1513,1517,0.15399006252391853
4,1516,1520,0.15398840558261237
4,1522,1526,0.15398703586454537
4,1523,1527,0.15398569722500943
5,1506,1511,0.15398461304237576
6,1504,1510,0.15398067232348392
6,1515,1521,0.15397392159462253
5,1505,1510,0.1539678961587845
5,1506,1511,0.1539646833096454
5,1494,1499,0.1539619219031919
5,1501,1506,0.15396016971335574
5,1521,1526,0.15395819632276272
6,1521,1527,0.15395652610353314
6,1500,1506,0.1539525706202828
7,1501,1508,0.15394904254943495
7,1516,1523,0.15394263082733353
7,1507,1514,0.15393686875586518
7,1520,1527,0.15393169188813263
7,1513,1520,0.15392704209089186
7,1513,1520,0.15392286693072485
7,1520,1527,0.15391911911960887
6,1525,1531,0.1539157560141526
6,1518,1524,0.1539150522245019
6,1502,1508,0.15391450370945825
6,1505,1511,0.15391409015789012
6,1501,1507,0.15391379354245846
6,1506,1512,0.1539135978796587
6,1515,1521,0.1539134890141916
6,1512,1518,0.15391345442524598
6,1509,1515,0.15391348305251318
6,1488,1494,0.1539135651399678
5,1494,1499,0.1539136920956428
5,1503,1508,0.15391610977099282
5,1499,1504,0.15391841278644866
4,1493,1497,0.15392060492170162
5,1504,1509,0.1539248528434313
6,1496,1502,0.15392598505188596
6,1507,1513,0.15392460018565138
6,1512,1518,0.15392341864082348
6,1493,1499,0.15392241661838763
6,1508,1514,0.15392157286317057
6,1506,1512,0.15392086840405872
6,1516,1522,0.1539202863200802
6,1513,1519,0.1539198115298138
6,1509,1515,0.1539194306018343
5,1496,1501,0.1539191315841274
5,1508,1513,0.1539212160189374
5,1512,1517,0.15392320758669548
5,1524,1529,0.15392510863685602
5,1522,1527,0.15392692169491937
5,1526,1531,0.1539286494210122
5,1512,1517,0.1539302945739358
5,1507,1512,0.1539318599800689
6,1508,1514,0.15393334850657203
5,1504,1509,0.15393150288183374
5,1514,1519,0.15393206917629687
5,1520,1525,0.15393270943899423
4,1514,1518,0.15393340862239924
4,1512,1516,0.15393631875418282
4,1521,1525,0.1539391319923678
4,1523,1527,0.15394184643407485
5,1508,1513,0.15394446105057302
5,1507,1512,0.15394371889895989
4,1513,1517,0.1539431814880833
4,1526,1530,0.15394587370154042
3,1531,1534,0.1539484458675499
3,1524,1527,0.15395307956145496
3,1522,1525,0.15395746405475805
2,1505,1507,0.15396161126605162
2,1501,1503,0.1539679333542678
2,1504,1506,0.15397387279753644
2,1514,1516,0.15397945268818244
2,1524,1526,0.1539846947315491
2,1522,1524,0.15398961932865368
2,1514,1516,0.15399424565398148
2,1509,1511,0.15399859172869731
2,1508,1510,0.154002674489539
2,1516,1518,0.15400650985364245
2,1509,1511,0.15401011277953355
2,1518,1520,0.1540134973245102
2,1512,1514,0.15401667669862346
2,1505,1507,0.1540196633154565
2,1506,1508,0.15402246883988813
2,1515,1517,0.15402510423301746
2,1528,1530,0.15402757979441556
2,1527,1529,0.1540299052018609
2,1522,1524,0.15403208954870706
2,1513,1515,0.15403414137902113
2,1511,1513,0.15403606872062459
2,1519,1521,0.15403787911616046
2,1513,1515,0.154039579652303
2,1521,1523,0.15404117698722028
2,1524,1526,0.15404267737639213
2,1520,1522,0.15404408669688216
2,1511,1513,0.15404541047015474
2,1505,1507,0.1540466538835233
3,1506,1509,0.15404782181031196
3,1510,1513,0.15404568121501114
3,1505,1508,0.1540437749443813
3,1512,1515,0.15404207870354106
3,1508,1511,0.15404057064398907
3,1514,1517,0.15403923112135837
3,1509,1512,0.15403804247692082
3,1505,1508,0.15403698884052716
3,1517,1520,0.15403605595289244
3,1504,1507,0.15403523100534092
3,1517,1520,0.15403450249530615
3,1501,1504,0.1540338600960486
3,1513,1516,0.15403329453920242
3,1502,1505,0.1540327975088971
3,1495,1498,0.15403236154632363
3,1498,1501,0.1540319799637227
3,1498,1501,0.15403164676687264
3,1503,1506,0.15403135658524605
3,1512,1515,0.15403110460908193
3,1504,1507,0.15403088653269698
3,1500,1503,0.15403069850342274
3,1506,1509,0.15403053707561715
3,1508,1511,0.15403039916925093
3,1507,1510,0.15403028203262045
3,1513,1516,0.15403018320877948
3,1516,1519,0.15403010050532476
2,1507,1509,0.15403003196720452
2,1506,1508,0.15403221196956354
2,1519,1521,0.15403426010172822
1,1517,1518,0.1540361842706216
1,1508,1509,0.15404015407275942
1,1514,1515,0.15404388347655545
1,1510,1511,0.15404738698046763
1,1513,1514,0.1540506782143971
1,1505,1506,0.15405376999114567
1,1508,1509,0.1540566743548815
1,1508,1509,0.15405940262678094
1,1507,1508,0.15406196544800665
1,1503,1504,0.1540643728201717
2,1512,1514,0.1540666341434342
2,1511,1513,0.15406549373797865
2,1507,1509,0.15406452935920537
2,1485,1487,0.15406372008871788
2,1502,1504,0.15406304725730155
2,1498,1500,0.15406249421472917
2,1499,1501,0.1540620461224928
3,1506,1509,0.15406168976721507
3,1521,1524,0.15405813299381546
3,1524,1527,0.15405495245796336
3,1524,1527,0.15405210986406395
3,1524,1527,0.1540495707309374
3,1527,1530,0.1540473040167055
3,1516,1519,0.15404485279870142
3,1516,1519,0.1540426896458434
3,1497,1500,0.15404078364325202
3,1507,1510,0.15403910704630377
3,1512,1515,0.15403763496363304
3,1519,1522,0.15403634507136568
3,1512,1515,0.15403521735553427
3,1513,1516,0.15403423387992135
3,1523,1526,0.1540333785768454
3,1513,1516,0.15403263705864453
3,1522,1525,0.15403199644783216
3,1512,1515,0.15403144522409518
3,1517,1520,0.15403097308648395
3,1508,1511,0.1540305708293036
3,1518,1521,0.15403023023036108
3,1510,1513,0.15402994395035421
3,1523,1526,0.1540297054423066
3,1510,1513,0.15402950887005995
3,1494,1497,0.15402934903493098
3,1501,1504,0.15402922130972757
3,1500,1503,0.1540291215793983
3,1506,1509,0.15402904618765875
3,1515,1518,0.15402899188900426
2,1512,1514,0.15402895580557485
2,1509,1511,0.1540311082476714
2,1512,1514,0.15403313959570814
2,1505,1507,0.15403505621421507
2,1516,1518,0.15403686418059323
2,1511,1513,0.1540385692927066
2,1508,1510,0.15404017707698023
2,1498,1500,0.15404169279687893
2,1494,1496,0.15404312146165824
2,1506,1508,0.15404446783529469
2,1509,1511,0.15404573644551386
2,1514,1516,0.15404693159284896
2,1522,1524,0.15404805735967028
2,1516,1518,0.1540491176191369
2,1511,1513,0.15405011604402932
2,1513,1515,0.15405105611542796
2,1518,1520,0.15405194113121026
2,1524,1526,0.1540527742143426
2,1517,1519,0.1540535583209501
2,1522,1524,0.1540542962481488
2,1525,1527,0.15405499064163083
2,1512,1514,0.1540556440029949
1,1516,1517,0.1540562586968168
1,1505,1506,0.154058983317226
1,1520,1521,0.15406154377955308
1,1511,1512,0.15406394990140654
1,1510,1511,0.15406621092046513
1,1511,1512,0.15406833552801547
1,1520,1521,0.154070331900622
1,1527,1528,0.1540722077300275
1,1540,1541,0.15407397025137418
1,1538,1539,0.15407562626983565
1,1534,1535,0.15407718218574248
1,1524,1525,0.1540786440182825
1,1520,1521,0.154080017427852
1,1520,1521,0.15408130773713066
1,1520,1521,0.15408251995095004
1,1508,1509,0.1540836587750208
1,1513,1514,0.15408472863358225
1,1513,1514,0.15408573368603268
1,1512,1513,0.15408667784259808
1,1514,1515,0.15408756477909205
1,1511,1512,0.15408839795081802
1,1512,1513,0.1540891806056619
1,1527,1528,0.15408991579642098
1,1522,1523,0.15409060639241196
1,1517,1518,0.15409125509039936
1,1520,1521,0.15409186442488282
1,1525,1526,0.15409243677777978
1,1515,1516,0.15409297438753883
1,1497,1498,0.15409347935771545
1,1504,1505,0.1540939536650419
1,1513,1514,0.15409439916702003
1,1519,1520,0.15409481760906518
1,1511,1512,0.15409521063122614
1,1515,1516,0.15409557977450714
1,1515,1516,0.15409592648681392
1,1508,1509,0.1540962521285466
1,1501,1502,0.15409655797785965
1,1509,1510,0.15409684523560838
2,1509,1511,0.1540971150300004
2,1507,1509,0.15409409556976048
2,1519,1521,0.1540913664621406
2,1520,1522,0.15408889970670603
2,1517,1519,0.1540866700082381
2,1516,1518,0.1540846545150665
2,1516,1518,0.15408283258273062
2,1520,1522,0.15408118556051764
2,1511,1513,0.15407969659866155
2,1516,1518,0.15407835047420193
2,1507,1509,0.15407713343369653
2,1502,1504,0.1540760330511543
3,1507,1510,0.15407503809971665
3,1514,1517,0.15407085888199268
3,1512,1515,0.15406707245288323
3,1504,1507,0.15406364150758678
3,1512,1515,0.15406053230888866
3,1508,1511,0.1540577143444375
3,1515,1518,0.15405516001704125
3,1517,1520,0.1540528443647972
3,1514,1517,0.15405074480817452
3,1521,1524,0.15404884092145024
3,1530,1533,0.15404711422614786
3,1528,1531,0.15404554800435552
3,1515,1518,0.15404412713000706
3,1525,1528,0.15404283791639292
3,1528,1531,0.15404166797833604
3,1517,1520,0.15404060610761852
3,1513,1516,0.15403964216038235
3,1516,1519,0.15403876695534943
3,1502,1505,0.1540379721818188
3,1504,1507,0.15403725031649884
2,1514,1516,0.15403659454832372
1,1508,1509,0.1540382041380375
1,1501,1502,0.154041898335122
1,1499,1500,0.15404538146969204
1,1495,1496,0.15404866506464462
1,1493,1494,0.15405176006928487
1,1503,1504,0.15405467688186436
1,1499,1500,0.1540574253719484
1,1512,1513,0.15406001490250587
2,1514,1516,0.15406245435163415
2,1510,1512,0.15406148297496375
2,1525,1527,0.15406068335276493
2,1523,1525,0.15406003410958305
2,1523,1525,0.15405951622989125
2,1520,1522,0.15405911281179513
2,1516,1518,0.1540588088456799
2,1518,1520,0.15405859101531766
2,1518,1520,0.15405844751919562
1,1514,1515,0.15405836791004915
1,1509,1510,0.1540609475228499
1,1514,1515,0.15406337322473906
1,1504,1505,0.1540656540829185
1,1516,1517,0.15406779864198483
0,1521,1521,0.1540698149528836
