1366,29,1395,0.13579591976270558
1410,29,1439,0.1329561031046906
1427,28,1455,0.13025070960315616
1440,29,1469,0.12774305780017367
1467,29,1496,0.12542802801337374
1455,30,1485,0.12324704499319995
1452,30,1482,0.12129520952485993
1452,29,1481,0.11952871269315449
1465,30,1495,0.11792498973039929
1468,31,1499,0.1164338764972285
1470,31,1501,0.11507126297791664
1472,31,1503,0.11382807039169453
1469,32,1501,0.11269402136938282
1458,31,1489,0.11167148799385529
1454,31,1485,0.11076800448696289
1445,32,1477,0.1099562186616517
1459,33,1492,0.10924177601001027
1457,33,1490,0.10855809583958063
1463,32,1495,0.10794004210734764
1466,33,1499,0.107363432706848
1469,33,1502,0.10683357311679637
1458,33,1491,0.10634568366442977
1458,32,1490,0.10592663608621039
1460,33,1493,0.10554687145283978
1466,32,1498,0.10519705751303458
1478,31,1509,0.10486479667679262
1466,31,1497,0.10453664961613499
1461,32,1493,0.10426283775372297
1452,33,1485,0.1040246943252054
1449,33,1482,0.1038307644782384
1447,34,1481,0.10366166620540863
1455,33,1488,0.10351304748356904
1449,29,1478,0.10335863818584456
1445,33,1478,0.10323318608023735
1446,36,1482,0.10312954580119263
1444,38,1482,0.10303271444259966
1456,39,1495,0.10295083778617889
1449,36,1485,0.10284929414407877
1464,39,1503,0.10277239634509107
1461,38,1499,0.10266860136942575
1446,38,1484,0.10257817801638805
1453,39,1492,0.10252975952383439
1444,39,1483,0.102472185152173
1444,39,1483,0.10244166571608304
1446,40,1486,0.10241211914641735
1445,42,1487,0.10238147946132589
1453,40,1493,0.10235628847734012
1466,40,1506,0.10231474832362722
1464,37,1501,0.10224597563319676
1449,38,1487,0.10218918849052484
1450,37,1487,0.10217161756274809
1459,40,1499,0.10215464625636773
1451,41,1492,0.10211901416469843
1457,38,1495,0.10210388632246534
1442,35,1477,0.10207638203757544
1434,37,1471,0.10208512299468563
1456,36,1492,0.10211321566133655
1443,34,1477,0.10208910211950574
1427,33,1460,0.1020950656497919
1431,31,1462,0.1021351017637188
1427,30,1457,0.1021594747715536
1443,27,1470,0.10219172863548415
1448,26,1474,0.1021877564747874
1454,29,1483,0.1021703200110304
1445,28,1473,0.10214123818327842
1454,27,1481,0.10213317659133761
1458,28,1486,0.10210704687873218
1467,29,1496,0.10207522714487752
1471,30,1501,0.10202644284303095
1473,28,1501,0.10196916085106295
1482,29,1511,0.10191461158612362
1460,30,1490,0.10184413974771045
1453,31,1484,0.10182775970967871
1449,31,1480,0.10182977752669417
1436,33,1469,0.10184154843192608
1441,32,1473,0.10188218422486456
1447,32,1479,0.10190756001601266
1445,31,1476,0.10191846673477675
1454,32,1486,0.10193358915725899
1463,34,1497,0.10192495233690536
1466,34,1500,0.10189880262465013
1458,33,1491,0.10186823349781815
1455,32,1487,0.10185949445054476
1451,32,1483,0.10185814970903627
1449,31,1480,0.10186767723228966
1440,32,1472,0.10187945826695667
1456,29,1485,0.10191203001297007
1460,28,1488,0.10190421794158212
1460,27,1487,0.1018879942191866
1462,26,1488,0.10187293342923949
1458,27,1485,0.10185287059273936
1474,27,1501,0.10184365281890823
1473,26,1499,0.10179688601413613
1471,27,1498,0.10175792705397836
1471,29,1500,0.10172668758416922
1480,31,1511,0.101696645530869
1488,29,1517,0.10164711177297565
1487,29,1516,0.10158439882544076
1488,30,1518,0.10153171407915923
1480,31,1511,0.10148076623619878
1466,32,1498,0.10145288132539534
1467,32,1499,0.10145695871571966
1465,31,1496,0.10145813009354793
1451,32,1483,0.10146377303011285
1472,31,1503,0.10150087614877101
1463,29,1492,0.10148937081777813
1463,28,1491,0.10149937743582554
1460,28,1488,0.10150968321011987
1466,29,1495,0.10152556981606885
1463,31,1494,0.10152728529170048
1461,31,1492,0.10153501402345018
1471,32,1503,0.1015470235072158
1463,33,1496,0.10153413743753656
1461,32,1493,0.10154048240631215
1461,32,1493,0.10155126587169942
1463,29,1492,0.10156181160332962
1453,29,1482,0.101566341404355
1456,28,1484,0.10158988241344097
1459,28,1487,0.10160560056566645
1466,29,1495,0.10161095742113285
1463,28,1491,0.10160026738999724
1464,30,1494,0.10159908952736611
1462,30,1492,0.10159632478278942
1459,30,1489,0.10159915367259263
1467,28,1495,0.10160676229871289
1461,27,1488,0.10159723622523878
1467,27,1494,0.10160071718997774
1473,27,1500,0.10159014847694044
1469,27,1496,0.1015667364374978
1472,29,1501,0.1015523534427107
1469,28,1497,0.10153108014068483
1458,27,1485,0.10152002994761684
1454,27,1481,0.10153494585171229
1456,25,1481,0.10155763935195523
1454,27,1481,0.10157304667804136
1459,25,1484,0.10159229911472632
1463,24,1487,0.1015993393090156
1468,25,1493,0.10159288543645427
1465,25,1490,0.10157600762235247
1469,25,1494,0.10156831540619145
1461,26,1487,0.10155303639767498
1465,25,1490,0.10155690226569067
1464,24,1488,0.10155100399102186
1468,23,1491,0.1015481931649743
1463,25,1488,0.10153841164768132
1449,26,1475,0.10154133483992123
1455,26,1481,0.10157514109131299
1468,27,1495,0.10159173018421225
1465,26,1491,0.10157716127746841
1465,24,1489,0.10156941853521329
1472,24,1496,0.10156492296562
1473,24,1497,0.10154507856320691
1469,24,1493,0.1015242657518865
1469,22,1491,0.10151386847029822
1484,20,1504,0.10150553634944474
1468,20,1488,0.10146301426998125
1470,20,1490,0.1014578295290529
1485,18,1503,0.10144888940845323
1482,20,1502,0.10140681625276848
1471,19,1490,0.1013763099993637
1480,18,1498,0.10137326484187241
1487,19,1506,0.1013499774305021
1497,19,1516,0.10131121714613986
1489,21,1510,0.10125120766200695
1480,24,1504,0.10121372602093652
1463,21,1484,0.10120071209851983
1477,23,1500,0.10122939533931971
1470,27,1497,0.10122472566066933
1470,27,1497,0.10123760671969446
1471,27,1498,0.10124933499676265
1475,24,1499,0.1012580989376875
1465,25,1490,0.10125844241185704
1475,23,1498,0.10128159009995599
1478,23,1501,0.10127775972316423
1472,23,1495,0.10126700919332354
1462,22,1484,0.10127204725828978
1460,22,1482,0.10129864960084949
1449,22,1471,0.10132682853634067
1449,22,1471,0.10137744700193135
1456,22,1478,0.10142441743857031
1449,24,1473,0.10145294739265413
1458,24,1482,0.10149409140400371
1463,24,1487,0.10151142341420787
1467,23,1490,0.10151561374768032
1482,23,1505,0.10151106106374487
1485,23,1508,0.10147206442157153
1475,24,1499,0.10142961844640422
1475,23,1498,0.10141468487650908
1482,23,1505,0.10140165177158769
1480,23,1503,0.10137113644500449
1476,23,1499,0.10134741142812682
1478,21,1499,0.10133402562543507
1470,21,1491,0.10131605012530578
1475,22,1497,0.10131807378897027
1462,21,1483,0.10130822911843045
1469,22,1491,0.10132988983547082
1473,21,1494,0.10133500703448485
1487,21,1508,0.10132966295893323
1485,20,1505,0.10129370459480444
1482,21,1503,0.10126506131598305
1472,22,1494,0.10124753034485152
1477,22,1499,0.10125399861970923
1481,23,1504,0.10124669422615121
1473,22,1495,0.10122969363666957
1461,24,1485,0.10123339715353792
1448,23,1471,0.1012642558385192
1466,22,1488,0.1013227297729068
1474,22,1496,0.10133782363713233
1464,21,1485,0.10133432862384384
1462,21,1483,0.10135425885504765
1454,21,1475,0.10137383594158857
1449,20,1469,0.10140868013192005
1463,23,1486,0.10145234787478667
1465,23,1488,0.10146128260497647
1466,23,1489,0.10146374829001434
1459,25,1484,0.10146091740141548
1466,26,1492,0.10147736550838356
1457,25,1482,0.10147709027351529
1462,25,1487,0.10149712949688564
1466,26,1492,0.10150381873622372
1461,26,1487,0.10150061358572472
1448,25,1473,0.10150847676063826
1443,26,1469,0.10154473792516157
1450,26,1476,0.10159156806492015
1470,26,1496,0.1016176609284407
1482,25,1507,0.10159781455823126
1466,25,1491,0.10155233526155186
1451,26,1477,0.10154611705323065
1463,28,1491,0.10157425040189484
1470,29,1499,0.10157492362238539
1468,28,1496,0.10156052237152947
1461,31,1492,0.1015506078212882
1461,30,1491,0.10155934433859948
1453,33,1486,0.10156809141724434
1446,33,1479,0.10159110388822178
1453,33,1486,0.1016296160601668
1453,36,1489,0.10165094550412636
1465,35,1500,0.10167011651101256
1474,35,1509,0.10166230430166089
1464,35,1499,0.1016319231270293
1468,37,1505,0.10162676709805467
1451,39,1490,0.10161271263580401
1448,41,1489,0.10164012484478241
1449,41,1490,0.10167325831186222
1456,41,1497,0.10170111565592585
1462,41,1503,0.10171252233262268
1475,41,1516,0.10170788322995922
1461,41,1502,0.10167562701650017
1451,41,1492,0.10167851644721958
1453,41,1494,0.10170451480630835
1443,40,1483,0.10172438403193455
1444,40,1484,0.10176545986543135
1440,44,1484,0.101799813115815
1449,44,1493,0.10184158444993371
1445,46,1491,0.10186168541070004
1457,45,1502,0.10188900701881572
1449,42,1491,0.10188581538518637
1445,46,1491,0.10190054039533152
1451,45,1496,0.10192344878042275
1450,48,1498,0.10193224122783658
1450,47,1497,0.1019421723550801
1438,49,1487,0.10195089221564699
1435,48,1483,0.10198555350782022
1435,51,1486,0.10202484527722781
1422,51,1473,0.10206268213193709
1420,50,1470,0.10212688936039559
1426,54,1480,0.10219276367542829
1432,55,1487,0.10223897585909401
1414,56,1470,0.10226602897750446
1426,56,1482,0.1023312872472972
1436,60,1496,0.10236545096296606
1419,60,1479,0.1023750053614135
1409,58,1467,0.10242205800679854
1417,57,1474,0.10248881313550823
1411,57,1468,0.10253239898407329
1427,59,1486,0.10258503784380249
1423,60,1483,0.10259952623333149
1430,61,1491,0.10262387709348793
1430,60,1490,0.10263149572082295
1424,63,1487,0.10263683560133324
1434,66,1500,0.10265471714999251
1429,62,1491,0.10265211765092516
1425,66,1491,0.10265960402414369
1435,66,1501,0.10267513582403338
1426,64,1490,0.10266776298768956
1430,65,1495,0.10268087624628378
1431,66,1497,0.10268313113882659
1424,66,1490,0.10268331370165719
1424,68,1492,0.10269909120282311
1433,65,1498,0.10271495923208757
1435,64,1499,0.10271034861483244
1429,63,1492,0.10270339993665267
1428,61,1489,0.10270867646281925
1420,62,1482,0.10271602983574372
1420,62,1482,0.10274253403594236
1421,61,1482,0.10276467336595971
1426,59,1485,0.10278089077432458
1414,61,1475,0.10278493457854676
1419,64,1483,0.10281424320476161
1431,65,1496,0.10283060251220469
1426,63,1489,0.10281889802438142
1426,63,1489,0.10281991340662444
1434,65,1499,0.10281871219620414
1434,67,1501,0.1027997669233465
1434,66,1500,0.10278192654762056
1438,62,1500,0.10276569104989437
1436,63,1499,0.10274397363791149
1436,63,1499,0.10273035623216732
1435,64,1499,0.10271972620948329
1436,64,1500,0.10271145852127607
1436,63,1499,0.10270131550195066
1435,65,1500,0.10269059236940169
1442,65,1507,0.10267920255589745
1452,66,1518,0.1026538306877797
1443,66,1509,0.10261054866234579
1443,64,1507,0.10259159913929927
1440,60,1500,0.10257360155887926
1438,58,1496,0.10256347527189534
1451,59,1510,0.10255993824138272
1445,60,1505,0.10252729193039496
1445,61,1506,0.10251109663939567
1445,61,1506,0.10249709158379336
1443,61,1504,0.1024815863348914
1439,58,1497,0.10247334141511083
1446,60,1506,0.10247553544668854
1440,63,1503,0.1024643266776672
1441,62,1503,0.102464576289137
1430,63,1493,0.10246152465936328
1427,63,1490,0.10248421390935153
1437,63,1500,0.10251301700688951
1434,67,1501,0.10252036420824329
1439,66,1505,0.1025328923696821
1434,66,1500,0.1025332381932817
1422,65,1487,0.10254505483140383
1414,67,1481,0.10258394078386121
1401,68,1469,0.10263786267144233
1408,67,1475,0.10271384420123163
1417,68,1485,0.10276863792091451
1421,70,1491,0.10279771898086251
1424,70,1494,0.1028146819033858
1431,71,1502,0.10282263510921684
1409,71,1480,0.10281410867442262
1420,72,1492,0.10285510328700394
1421,72,1493,0.1028714686987334
1422,73,1495,0.10288346076643133
1426,72,1498,0.10289468867528909
1421,77,1498,0.10289326687900449
1427,73,1500,0.1029049145529505
1426,72,1498,0.10290360023926343
1426,75,1501,0.10290632996891089
1411,76,1487,0.10290649251562871
1409,75,1484,0.10294198193190898
1415,77,1492,0.10297759206008311
1406,78,1484,0.10299738198149852
1429,73,1502,0.10303647800839785
1415,74,1489,0.10301674921442575
1415,74,1489,0.10303033224166222
1417,75,1492,0.1030451162744633
1426,75,1501,0.10305533019449996
1410,78,1488,0.10304739885935359
1413,77,1490,0.10307391154594592
1421,80,1501,0.10309189087394353
1417,79,1496,0.10308914758804803
1403,79,1482,0.1030949213456113
1408,79,1487,0.10313276203227865
1416,81,1497,0.10315746820639062
1421,78,1499,0.10316200545341583
1423,80,1503,0.1031556739563278
1421,83,1504,0.10314498816076129
1421,83,1504,0.10313935113448981
1415,84,1499,0.10313386863194726
1419,82,1501,0.103141061992375
1408,82,1490,0.10313949088887923
1403,84,1487,0.10316551808751406
1414,81,1495,0.10320010030965542
1411,81,1492,0.10320651501392167
1412,82,1494,0.10321819843992092
1419,81,1500,0.10322772929292183
1421,80,1501,0.10322143334128406
1423,81,1504,0.10320947521756021
1427,85,1512,0.10319615904685282
1421,81,1502,0.1031738183621308
1422,80,1502,0.10316637450976725
1417,81,1498,0.10315267246265716
1413,81,1494,0.10315185296444587
1431,85,1516,0.10316069887436648
1432,85,1517,0.10312872220359391
1420,85,1505,0.10309850661954764
1415,81,1496,0.10309850917547368
1420,80,1500,0.10311177900052021
1416,79,1495,0.10311046055792357
1427,77,1504,0.10311832796063548
1419,75,1494,0.10310240823820045
1428,75,1503,0.10310474084257899
1429,72,1501,0.10308420619782335
1422,71,1493,0.10306363012141186
1416,79,1495,0.1030599978538557
1428,79,1507,0.10306936569720525
1412,80,1492,0.10305327010172594
1408,82,1490,0.10307422094652473
1399,84,1483,0.10310317207013245
1405,85,1490,0.10315242618644377
1409,87,1496,0.1031843209084849
1413,88,1501,0.10320641717224177
1407,86,1493,0.10321630939813561
1408,85,1493,0.1032398986551298
1401,85,1486,0.10326036820625062
1410,87,1497,0.10329443040004203
1404,89,1493,0.1033068043883791
1407,86,1493,0.10333175984749059
1415,84,1499,0.10334774208171407
1407,84,1491,0.10334555662887754
1392,85,1477,0.10335941324569714
1401,84,1485,0.10340465091772845
1398,86,1484,0.10342687854211151
1409,87,1496,0.10345457929770578
1413,89,1502,0.10345500412747985
1412,90,1502,0.10344724259650775
1403,91,1494,0.10344389307646903
1396,91,1487,0.10346166017543502
1403,89,1492,0.10349615135325738
1411,93,1504,0.10351206809675795
1403,91,1494,0.10350860529161508
1405,91,1496,0.10352485206604783
1392,91,1483,0.10353442493556018
1389,93,1482,0.10357152396591512
1400,92,1492,0.10361310690629359
1410,94,1504,0.10362789536142998
1411,89,1500,0.10361853446642712
1410,93,1503,0.1036059146347399
1418,94,1512,0.1035969830772861
1412,95,1507,0.1035709471328372
1402,95,1497,0.10356184995739139
1395,94,1489,0.10357564554293491
1406,90,1496,0.10360431696648162
1401,89,1490,0.1036052810544502
1404,87,1491,0.10361453988688707
1404,86,1490,0.10361727192702794
1413,85,1498,0.10361874162800973
1403,87,1490,0.10359928745149888
1394,91,1485,0.10360192893134201
1402,91,1493,0.10362225194272327
1410,92,1502,0.10362583633378378
1401,94,1495,0.10361245927542743
1412,95,1507,0.10362000968479083
1400,92,1492,0.10360265066318279
1403,93,1496,0.10361436998826917
1410,92,1502,0.10361981774848822
1415,96,1511,0.10360868472972028
1401,93,1494,0.10358687376797984
1394,96,1490,0.10359905234678234
1395,96,1491,0.10362575219339946
1401,99,1500,0.1036479193436243
1394,99,1493,0.1036586235489868
1399,99,1498,0.10368489144401735
1390,101,1491,0.10369744395242356
1400,103,1503,0.10372774278668917
1393,104,1497,0.10373558296568533
1391,105,1496,0.10375791080241964
1399,104,1503,0.10378354355603221
1392,106,1498,0.10379052635270541
1393,105,1498,0.10381321367405612
1390,100,1490,0.1038332746396166
1391,98,1489,0.103854132789082
1391,98,1489,0.103872195041491
1396,99,1495,0.10388776498662873
1389,95,1484,0.10389252951838245
1389,101,1490,0.10391215990438867
1389,94,1483,0.10393080218376063
1383,98,1481,0.10394761928968094
1381,101,1482,0.10397541261377835
1387,102,1489,0.10400459555128982
1392,102,1494,0.10401653518399595
1383,102,1485,0.10401522773680977
1405,101,1506,0.10403345352637289
1393,98,1491,0.10400121360407258
1399,95,1494,0.10399872636348981
1402,96,1498,0.1039850530424478
1397,96,1493,0.10396403625918263
1404,93,1497,0.10395641061132611
1384,93,1477,0.10393318496977132
1377,94,1471,0.1039592181439587
1386,99,1485,0.10399745770875578
1381,102,1483,0.10401505518423954
1374,101,1475,0.10404304884691147
1376,98,1474,0.10408704280698339
1395,101,1496,0.10412138645743511
1396,100,1496,0.10411021572748862
1403,96,1499,0.10409693275946093
1402,98,1500,0.10406864752457354
1405,95,1500,0.10404238405286215
1411,95,1506,0.10401159031274025
1407,97,1504,0.10396914982998207
1393,93,1486,0.10393913184025076
1397,93,1490,0.10394241613890466
1405,94,1499,0.10393494521504149
1402,91,1493,0.10391017699431206
1410,89,1499,0.10389596519440075
1408,91,1499,0.10386445402252045
1425,94,1519,0.10383927621966596
1414,95,1509,0.10377966392304958
1401,96,1497,0.10374931527931316
1392,96,1488,0.10374877624259668
1393,96,1489,0.10376844218161516
1399,95,1494,0.10378543781448901
1399,93,1492,0.10378798269526465
1403,92,1495,0.10379041739188485
1406,92,1498,0.10378462024055964
1411,91,1502,0.10377463739105551
1408,90,1498,0.10375169998595092
1397,92,1489,0.10373896193671119
1398,94,1492,0.10375158978829356
1401,95,1496,0.10376156309184388
1410,94,1504,0.10376355199042012
1404,93,1497,0.10374678769772899
1396,92,1488,0.10374430275364833
1410,92,1502,0.10376069973757503
1403,91,1494,0.10374218181865338
1398,92,1490,0.10374277650397914
1404,93,1497,0.10375481583723993
1407,93,1500,0.10375130747903626
1411,97,1508,0.10374148820195056
1397,98,1495,0.10372063158684601
1402,96,1498,0.10373169124478039
1404,96,1500,0.10372791246384244
1402,99,1501,0.10372120758981453
1402,99,1501,0.10371978429854846
1392,98,1490,0.10371798913335216
1401,97,1498,0.1037402886129017
1386,101,1487,0.10373868741546081
1389,102,1491,0.10377159580827908
1387,103,1490,0.10379655861569966
1391,104,1495,0.10382517119048826
1395,105,1500,0.10384379591962267
1394,106,1500,0.10385388479679569
1380,109,1489,0.10386600789923833
1369,106,1475,0.10390807379849612
1373,108,1481,0.10397129812560828
1389,105,1494,0.1040193594028586
1394,107,1501,0.10403121471694286
1385,105,1490,0.10402932138047326
1369,105,1474,0.10404778048463857
1385,109,1494,0.10410110159662953
1376,110,1486,0.104116480625413
1365,114,1479,0.10415185937270863
1377,115,1492,0.10420940284724317
1375,115,1490,0.10423740936689228
1370,117,1487,0.10426860380983553
1377,118,1495,0.10430903850525301
1376,121,1497,0.10432895302404516
1384,121,1505,0.10434938829705313
1377,120,1497,0.10434899310981198
1383,120,1503,0.10436322710296128
1387,122,1509,0.1043640162415642
1373,124,1497,0.10435763780269312
1380,122,1502,0.10438480309656953
1372,119,1491,0.10439516651689412
1376,123,1499,0.10442431737501387
1386,122,1508,0.10443957458900478
1384,124,1508,0.10443133525665647
1381,122,1503,0.10442796700561102
1372,124,1496,0.1044315886888932
1384,126,1510,0.10445809845915299
1384,124,1508,0.10445630549045136
1371,127,1498,0.10445525464867877
1374,128,1502,0.10448570932022914
1364,122,1486,0.1045092427718658
1370,121,1491,0.10455381943627973
1370,121,1491,0.10457979882211926
1377,128,1505,0.10460405668524646
1364,130,1494,0.10460783643473157
1360,133,1493,0.10463925137190104
1365,134,1499,0.10467982122432123
1355,134,1489,0.10470505893400552
1365,133,1498,0.10475107339390664
1358,134,1492,0.10477212203449053
1355,135,1490,0.10480901623179971
1348,134,1482,0.10485101530654785
1364,135,1499,0.10490428412588329
1358,134,1492,0.10491836345291082
1359,136,1495,0.1049465992732299
1352,139,1491,0.10497040394905603
1364,137,1501,0.1050087932979924
1365,139,1504,0.10501469644000239
1367,139,1506,0.10501660703790716
1372,135,1507,0.10501460563757302
1367,132,1499,0.10500207065088787
1363,133,1496,0.10500120945681196
1367,135,1502,0.10500897592057544
1373,134,1507,0.1050043223613464
1371,135,1506,0.10498803237165909
1359,133,1492,0.10497836681400428
1353,131,1484,0.10499834196200741
1353,133,1486,0.10502812913513733
1357,133,1490,0.1050583159323555
1363,133,1496,0.10507701176636437
1355,134,1489,0.10508070910550156
1366,133,1499,0.1051019764637143
1371,133,1504,0.10509739339765002
1365,135,1500,0.10508129940962938
1363,137,1500,0.10508084612564617
1358,142,1500,0.10508120685410052
1356,141,1497,0.10509427314025022
1363,136,1499,0.10510981792359302
1359,134,1493,0.10510893837261097
1358,135,1493,0.10511498177846111
1355,131,1486,0.10512577289469997
1344,127,1471,0.10514257427463136
1345,128,1473,0.10518213352839309
1348,128,1476,0.10521461171898469
1358,130,1488,0.10523772587027341
1360,128,1488,0.1052362833466949
1370,124,1494,0.10522769041615787
1362,122,1484,0.105195964048796
1365,128,1493,0.10518430428833778
1373,127,1500,0.10516749646514736
1376,126,1502,0.10513469172794196
1384,126,1510,0.10509562800576674
1391,128,1519,0.1050396741047938
1386,128,1514,0.10497344517120005
1378,129,1507,0.10492646601431124
1365,128,1493,0.1049027674122892
1375,128,1503,0.10490933469237586
1375,127,1502,0.1048932356165065
1367,127,1494,0.10487941540389563
1380,125,1505,0.10488438708998063
1374,124,1498,0.10485932807575184
1369,121,1490,0.10485019333386723
1369,123,1492,0.10485620685549665
1363,125,1488,0.10486015598015296
1356,127,1483,0.10487588940524349
1370,128,1498,0.10490592769962866
1381,129,1510,0.10490291905026936
1370,128,1498,0.10487611144410622
1362,128,1490,0.10487592490406011
1356,125,1481,0.10489286371747825
1366,124,1490,0.10492249134916769
1366,125,1491,0.10493051477674877
1374,125,1499,0.10493756094936418
1372,123,1495,0.10492471475667214
1367,125,1492,0.10491702423891003
1360,125,1485,0.10492154464065032
1365,126,1491,0.10493977297081848
1375,124,1499,0.10494552140169881
1377,121,1498,0.10493060022142796
1371,126,1497,0.10491087223256926
1370,126,1496,0.10490728531980914
1369,125,1494,0.1049065990346082
1367,128,1495,0.10490996215145743
1367,131,1498,0.1049190159463024
1360,127,1487,0.10492513856088417
1361,130,1491,0.10494951592819415
1362,132,1494,0.10496870967885603
1365,136,1501,0.10497918674679817
1376,136,1512,0.10498292884086638
1373,137,1510,0.10496205937134437
1367,134,1501,0.10495332767949068
1367,135,1502,0.10495728002096126
1359,133,1492,0.10496122702195754
1368,135,1503,0.1049836016852192
1369,134,1503,0.10498433395003161
1356,134,1490,0.10498408512518463
1344,136,1480,0.10501204837307064
1351,141,1492,0.10506572822529822
1352,140,1492,0.10509983535240405
1366,142,1508,0.10512680754616913
1357,143,1500,0.10512339850366288
1353,142,1495,0.10514043015078528
1361,145,1506,0.10516496484117634
1360,142,1502,0.10517128018453996
1365,141,1506,0.10517665042780652
1365,142,1507,0.10517019972834145
1366,147,1513,0.10516620717121393
1361,145,1506,0.1051585562253971
1354,147,1501,0.10516265337177341
1353,143,1496,0.10518249839995325
1354,142,1496,0.10520537201854965
1352,138,1490,0.10522260768328735
1332,140,1472,0.10524717515221332
1325,145,1470,0.10531313790508762
1325,143,1468,0.10538941764772719
1324,145,1469,0.10546248773217975
1342,149,1491,0.10552925818530688
1340,148,1488,0.10554976643461661
1340,149,1489,0.10557371505050059
1328,148,1476,0.10559772776756057
1328,152,1480,0.10564810757398385
1336,157,1493,0.1056937453404067
1334,159,1493,0.10571646527441636
1333,164,1497,0.10574348341942687
1334,168,1502,0.10576993885311749
1331,167,1498,0.10579336077145583
1330,164,1494,0.10582251744388038
1326,165,1491,0.10585235268771843
1325,161,1486,0.10588909917229124
1327,161,1488,0.10592745771742816
1332,163,1495,0.10595722987350716
1333,168,1501,0.10596991874190102
1334,164,1498,0.10598158469885206
1330,160,1490,0.10598835480431586
1332,162,1494,0.10600339004818825
1328,165,1493,0.10601376450680874
1335,169,1504,0.10603512948300609
1324,172,1496,0.10603963225014615
1321,174,1495,0.10606903703112998
1320,172,1492,0.1061004949060675
1322,173,1495,0.1061315516565741
1318,174,1492,0.10615666850088147
1305,171,1476,0.10619025713993528
1306,174,1480,0.10625173994934038
1293,173,1466,0.10630690555880949
1296,170,1466,0.10638929624979453
1285,171,1456,0.10646014744386627
1297,170,1467,0.10655061680047279
1304,164,1468,0.10660465826075584
1306,171,1477,0.106638449124216
1321,175,1496,0.10666426344387894
1322,172,1494,0.10665258048562656
1316,177,1493,0.10663962946796428
1315,177,1492,0.10664109338371734
1325,174,1499,0.10664657353990456
1331,170,1501,0.10663040974570995
1327,173,1500,0.10659798578189364
1319,176,1495,0.10657645160336066
1331,173,1504,0.10657442064111347
1332,173,1505,0.1065455868532866
1318,175,1493,0.10651741078883782
1319,175,1494,0.10652243819238784
1330,173,1503,0.10652586751483409
1320,173,1493,0.10650444927405868
1324,173,1497,0.106507175103377
1329,177,1506,0.1065014665425857
1313,180,1493,0.10648564893694555
1304,177,1481,0.1065057639847973
1312,176,1488,0.10654723415170196
1318,175,1493,0.10656974628011977
1306,174,1480,0.10657611336377792
1312,173,1485,0.10660938320557965
1309,175,1484,0.10662703446744652
1310,171,1481,0.1066515192024384
1304,173,1477,0.1066708413740056
1319,170,1489,0.1067016780041743
1323,167,1490,0.10669639569469144
1323,167,1490,0.10668185872327694
1318,172,1490,0.10666827622559322
1314,172,1486,0.1066674527990375
1316,172,1488,0.10667682354391193
1312,175,1487,0.1066806466440315
1323,176,1499,0.10669239552991351
1317,181,1498,0.1066746896885381
1318,176,1494,0.1066723286144018
1319,177,1496,0.10666857596843717
1325,176,1501,0.10666423964583654
1330,176,1506,0.10664676541664447
1327,176,1503,0.10662033170942198
1318,176,1494,0.10660163284170569
1310,173,1483,0.1066066366017083
1307,172,1479,0.10662777641559519
1308,168,1476,0.10665651317187724
1308,174,1482,0.10667880533065141
1313,172,1485,0.10669717062033005
1303,171,1474,0.10670326896829958
1292,175,1467,0.10673131717256293
1303,175,1478,0.1067835177724939
1315,175,1490,0.10680669932993393
1304,175,1479,0.10679845194835785
1316,174,1490,0.10681605315661823
1322,174,1496,0.10680577871946087
1337,176,1513,0.10678292520975187
1338,173,1511,0.10672566110690157
1337,177,1514,0.10667060721534512
1332,175,1507,0.10662321826696823
1331,179,1510,0.10659325296102477
1321,178,1499,0.10656908413324125
1315,183,1498,0.10656612169213975
1322,181,1503,0.10657886024983215
1325,178,1503,0.10657771526966371
1327,181,1508,0.10657019583369415
1317,181,1498,0.10655962713246797
1324,181,1505,0.10657113086639886
1318,185,1503,0.10656419214504254
1307,190,1497,0.10657277611944921
1304,190,1494,0.10660720556867971
1309,187,1496,0.10664601732990268
1299,184,1483,0.1066717219583791
1295,187,1482,0.10672106665394292
1289,195,1484,0.10677608450632192
1292,201,1493,0.10684033539675919
1304,204,1508,0.1068919910671563
1305,206,1511,0.10691452749245726
1301,206,1507,0.10693202305412886
1288,204,1492,0.10695919381259858
1294,214,1508,0.10701442356817477
1281,210,1491,0.10705269737795742
1279,215,1494,0.10711901271138732
1284,215,1499,0.1071857097781167
1287,216,1503,0.10723696792553866
1299,218,1517,0.10727867922260448
1294,218,1512,0.10728889801988485
1296,214,1510,0.10730993199955809
1286,214,1500,0.10732561599805691
1283,214,1497,0.10736481725135644
1273,218,1491,0.10740753508984557
1264,215,1479,0.10746890307107564
1263,221,1484,0.10754692891401042
1275,226,1501,0.1076206889658649
1265,221,1486,0.10766320472768881
1272,223,1495,0.1077249983954114
1282,222,1504,0.1077663708916268
1278,225,1503,0.10778162629890728
1283,222,1505,0.10780416589658842
1280,218,1498,0.10781044574193578
1275,218,1493,0.10782373321024213
1273,221,1494,0.10784636971804583
1256,222,1478,0.10787518564974312
1263,225,1488,0.1079384598032199
1260,229,1489,0.10798226051228464
1266,231,1497,0.10802672454638974
1261,226,1487,0.108055681194738
1269,225,1494,0.10809537962787313
1270,221,1491,0.10811551808592863
1271,225,1496,0.10813419184543571
1264,226,1490,0.10814852570046309
1271,222,1493,0.10817799018369546
1267,226,1493,0.10819121079264099
1269,228,1497,0.10821261293461217
1263,230,1493,0.10822886048561291
1265,231,1496,0.10825762430742732
1261,233,1494,0.10828208596340697
1267,234,1501,0.10831094331415349
1260,235,1495,0.10832572191178476
1262,237,1499,0.10835260153217068
1252,233,1485,0.10837171240602443
1257,234,1491,0.10841256930956648
1253,237,1490,0.10843845388455117
1261,237,1498,0.10847343760041066
1265,237,1502,0.10849003424279952
1262,238,1500,0.1084965395259683
1255,239,1494,0.10850874349396722
1257,240,1497,0.10853622221539229
1272,244,1516,0.10855642538277585
1269,244,1513,0.10854268691573661
1270,244,1514,0.10853565614947862
1269,238,1507,0.1085276092102567
1269,233,1502,0.1085227075893598
1264,230,1494,0.10851754121228512
1263,234,1497,0.10852297121166497
1273,232,1505,0.10852885811773326
1262,237,1499,0.10851328523592244
1261,236,1497,0.10852426067357651
1272,235,1507,0.10853527640801611
1269,236,1505,0.10851990070316642
1265,235,1500,0.10851359528552691
1265,239,1504,0.10851688851468042
1260,244,1504,0.10852129395011215
1266,240,1506,0.1085389334260612
1262,241,1503,0.10854154196598084
1258,239,1497,0.10855230436497379
1260,245,1505,0.1085699079986778
1248,242,1490,0.10858245336731201
1239,244,1483,0.10862139550195156
1242,244,1486,0.10867900379573545
1254,241,1495,0.10872600044243093
1263,244,1507,0.10874122244305888
1253,248,1501,0.10873182008089938
1254,248,1502,0.10874734227708491
1247,246,1493,0.10876230138177817
1246,247,1493,0.10879019217610462
1254,253,1507,0.10881840712232066
1249,251,1500,0.10882712178776974
1250,251,1501,0.10884168380508889
1241,252,1493,0.10885165720138953
1245,252,1497,0.1088847406653205
1258,253,1511,0.10890759900401456
1251,255,1506,0.1088995513072914
1252,254,1506,0.10890544577703026
1258,258,1516,0.10891113071564544
1260,255,1515,0.10890544019892644
1255,256,1511,0.10889690834282273
1257,257,1514,0.10890136281434966
1254,254,1508,0.10890183635221243
1254,254,1508,0.10890898495652225
1242,261,1503,0.10891581902944049
1225,259,1484,0.10894872498423344
1209,258,1467,0.10901759409953034
1209,259,1468,0.10911850945092627
1226,261,1487,0.10921339715311833
1230,262,1492,0.10926130238094672
1231,264,1495,0.1092960625548692
1239,267,1506,0.10932320982086047
1240,269,1509,0.10933186652562138
1230,267,1497,0.10933864128492216
1240,265,1505,0.10936954425452501
1247,267,1514,0.1093751096439275
1242,266,1508,0.1093641713135621
1239,266,1505,0.10936573762393376
1236,268,1504,0.10937239103822566
1233,268,1501,0.10938633864879448
1233,266,1499,0.10940943039565902
1215,261,1476,0.10943175316805007
1233,272,1505,0.1094932982818381
1236,273,1509,0.10950924723287896
1222,274,1496,0.10951893533355558
1226,277,1503,0.10956094135885966
1222,282,1504,0.1095903185238032
1207,286,1493,0.1096272451805996
1206,286,1492,0.10969689536331569
1214,288,1502,0.10976318038760963
1225,281,1506,0.10980863807646907
1222,286,1508,0.1098259361996853
1216,288,1504,0.10984766517530233
1211,284,1495,0.10988211302527244
1203,289,1492,0.1099257169790556
1201,287,1488,0.1099845108701031
1201,286,1487,0.1100438853403869
1204,292,1496,0.11009974682262573
1207,293,1500,0.110143382018297
1202,296,1498,0.11017887864870678
1202,297,1499,0.1102228186790006
1206,298,1504,0.11026068651011935
1198,300,1498,0.11028726534304376
1203,303,1506,0.110330377684474
1200,297,1497,0.11036111291937449
1195,296,1491,0.11039694893646546
1197,305,1502,0.11044067588067791
1200,301,1501,0.11047648491371027
1204,292,1496,0.11050369535599884
1218,290,1508,0.11052055060328464
1213,292,1505,0.11050129327364466
1219,286,1505,0.11049644974855413
1211,294,1505,0.11047899208206637
1211,297,1508,0.11047670217724871
1214,300,1514,0.1104755763428215
1211,298,1509,0.11046896807363701
1206,296,1502,0.11047252589664042
1209,298,1507,0.11048701560551394
1193,294,1487,0.11049651366236227
1196,298,1494,0.11054144717948161
1204,296,1500,0.11057838626742839
1199,292,1491,0.1105915743399088
1220,297,1517,0.11061284005155284
1226,301,1527,0.11058428857020589
1215,300,1515,0.11054784573274296
1218,300,1518,0.11053846474394736
1213,303,1516,0.11052201585359347
1209,296,1505,0.11051603875699428
1209,293,1502,0.11052022644156036
1204,298,1502,0.1105239836895634
1198,298,1496,0.11053966140418522
1203,299,1502,0.11056760853857188
1210,302,1512,0.1105839855776588
1194,298,1492,0.11058603481570241
1184,298,1482,0.11062414828279485
1203,296,1499,0.11068001196199767
1211,290,1501,0.11068810180401666
1206,292,1498,0.11067576482982579
1200,295,1495,0.11067721548623519
1200,301,1501,0.11069352889161996
1204,295,1499,0.11070684891535375
1203,299,1502,0.11071042330258674
1200,303,1503,0.11071661993179177
1191,309,1500,0.11072850598685906
1180,312,1492,0.11075890324623212
1187,315,1502,0.11081288795504911
1198,314,1512,0.11084683132469482
1180,313,1493,0.1108535676610742
1187,312,1499,0.11090133302648639
1193,312,1505,0.11093286550918545
1179,318,1497,0.11094791529556909
1179,313,1492,0.11099108739274854
1182,316,1498,0.11103135830017169
1186,315,1501,0.11106070828887937
1191,313,1504,0.11108008467291768
1183,316,1499,0.11108794020170112
1189,314,1503,0.11111595735668008
1183,315,1498,0.111132155377807
1174,319,1493,0.11116009215454864
1168,319,1487,0.11120734730161147
1172,314,1486,0.11125916669419876
1169,306,1475,0.11129887010237337
1169,310,1479,0.11134086974181102
1169,311,1480,0.11138122728684419
1175,301,1476,0.11141881669571031
1174,305,1479,0.11143949873071511
1178,312,1490,0.11145907553274714
1183,318,1501,0.11146837859246482
1172,323,1495,0.11146649666741931
1184,330,1514,0.11148996194711308
1163,337,1500,0.11148699070676742
1160,337,1497,0.11153408712573384
1163,335,1498,0.11158552157468865
1166,336,1502,0.11162739361072992
1161,334,1495,0.11165901017742881
1177,340,1517,0.11170093081654332
1163,339,1502,0.11170248632407867
1152,336,1488,0.11173612135290892
1152,335,1487,0.11179269778136355
1158,336,1494,0.11184430049746251
1166,330,1496,0.11187917167568891
1165,329,1494,0.11189289624338006
1156,332,1488,0.11190554390094246
1156,330,1486,0.11193903143828238
1158,334,1492,0.1119698431178385
1171,335,1506,0.11199163183018605
1170,338,1508,0.11198287989828427
1179,338,1517,0.11197446217181653
1175,337,1512,0.1119448770557427
1181,330,1511,0.11193029809191554
1170,326,1496,0.11189957492036359
1177,328,1505,0.11189487557030489
1179,323,1502,0.11187587267612614
1178,325,1503,0.11185304779957857
1183,324,1507,0.11183640047040008
1183,325,1508,0.11180976405529426
1183,327,1510,0.11178406257673451
1179,329,1508,0.1117608992564698
1180,328,1508,0.11174889006322555
1181,325,1506,0.11173850281913839
1177,324,1501,0.11172490828761118
1177,321,1498,0.11172292301588996
1176,323,1499,0.11172203297154551
1188,321,1509,0.11172327909584988
1173,326,1499,0.111697027254251
1173,318,1491,0.11170521213957722
1159,323,1482,0.11171202150284561
1148,329,1477,0.11175036289568765
1137,335,1472,0.11181235622451478
1139,335,1474,0.11189523896163682
1147,336,1483,0.11196573455253994
1145,337,1482,0.11201409758681434
1170,344,1514,0.1120635517024465
1178,347,1525,0.11205431859765133
1183,351,1534,0.11202879875082336
1171,349,1520,0.11199656165050431
1149,348,1497,0.1119933755194412
1154,348,1502,0.11204166492189913
1140,350,1490,0.11207657399676246
1151,342,1493,0.11214028804270548
1144,342,1486,0.11217320470583425
1140,343,1483,0.11222030557941136
1152,346,1498,0.11227262734766037
1134,347,1481,0.11229307916755521
1141,349,1490,0.11235101042619285
1131,351,1482,0.11239120033566455
1114,357,1471,0.11245182135571824
1128,356,1484,0.11254815448433562
1119,357,1476,0.11260651515538661
1122,359,1481,0.11267984561869779
1135,361,1496,0.11274006805819699
1139,361,1500,0.1127660800631032
1151,356,1507,0.11278155319536207
1141,358,1499,0.11276796159614978
1155,360,1515,0.11277310732786489
1147,361,1508,0.11274963674230748
1161,356,1517,0.11274594962411866
1153,354,1507,0.11271217118016665
1146,351,1497,0.11270187959267712
1141,352,1493,0.11270814135241636
1143,356,1499,0.11272435523484496
1132,358,1490,0.11273533678002004
1137,357,1494,0.11276972446380325
1132,359,1491,0.11279011747366205
1137,359,1496,0.1128219164422271
1122,364,1486,0.11283956485743114
1126,360,1486,0.11289011675612538
1124,359,1483,0.11293102799941103
1140,360,1500,0.11296913857689361
1141,362,1503,0.11296803701380007
1128,365,1493,0.11296372419520555
1133,369,1502,0.11298968169499302
1134,382,1516,0.11300337705468348
1142,375,1517,0.11301483833379844
1145,379,1524,0.11300877307229486
1139,377,1516,0.11299495866687537
1144,369,1513,0.11299544173225719
1130,365,1495,0.11298739383955364
1129,365,1494,0.11301359832319952
1131,371,1502,0.11303860620580007
1126,367,1493,0.1130595307012369
1139,368,1507,0.11309210102410716
1130,373,1503,0.11309056871727374
1124,379,1503,0.11310727805002037
1130,371,1501,0.11313798722086503
1133,378,1511,0.11315064154458261
1132,379,1511,0.11315591692445676
1129,379,1508,0.11316685104355556
1123,387,1510,0.11318237351138148
1120,383,1503,0.1132111378179499
1109,384,1493,0.11324583931222708
1107,386,1493,0.11330297081920271
1102,387,1489,0.1133602240663668
1106,388,1494,0.11342793255407688
1102,396,1498,0.11348153381604512
1095,404,1499,0.11354015221322389
1099,399,1498,0.11360971543388647
1106,401,1507,0.11366586182199846
1095,399,1494,0.1137027654310878
1090,401,1491,0.11376288295965668
1090,405,1495,0.1138275980147496
1094,404,1498,0.1138884432082718
1088,403,1491,0.11393605655062551
1075,403,1478,0.11399513780734434
1072,406,1478,0.11407682187717441
1083,409,1492,0.11416001534189955
1093,405,1498,0.11421156506847197
1092,409,1501,0.11423708337764332
1089,409,1498,0.11426383653263507
1093,410,1503,0.11429487029071721
1096,405,1501,0.11431643054155514
1101,413,1514,0.11432942755461006
1082,418,1500,0.11433237032054558
1087,414,1501,0.11437949696687046
1081,407,1488,0.11441299103998599
1081,407,1488,0.11445781504778463
1076,410,1486,0.114497784464645
1085,410,1495,0.11454820238965063
1096,415,1511,0.1145734047527246
1091,411,1502,0.11457377976886426
1080,415,1495,0.11458463784002197
1084,416,1500,0.11461730248870275
1097,415,1512,0.11463998464533748
1096,417,1513,0.11463224473747566
1104,419,1523,0.11462728675715862
1088,417,1505,0.11460567426320604
1084,419,1503,0.11462342697969753
1066,419,1485,0.11464980684862025
1075,420,1495,0.1147149374335822
1086,420,1506,0.11475541382993099
1080,422,1502,0.11476753015686772
1080,420,1500,0.11479360277851684
1081,427,1508,0.1148188185925275
1076,428,1504,0.11484040251856957
1077,430,1507,0.11487521701889619
1075,425,1500,0.11490537419963238
1078,429,1507,0.11493959823827722
1075,429,1504,0.11496269033623534
1078,426,1504,0.11498750222857268
1076,428,1504,0.11500478893197183
1073,427,1500,0.11502477526228713
1067,421,1488,0.11504913847618774
1065,429,1494,0.11508640359635183
1067,425,1492,0.11512700734307772
1071,434,1505,0.11516095809586041
1078,432,1510,0.11518240768568751
1063,433,1496,0.11518732320118388
1061,428,1489,0.11522401051882718
1068,428,1496,0.11526470156218122
1074,427,1501,0.11528401359305367
1078,430,1508,0.11529009651672681
1082,432,1514,0.1152841489430319
1085,429,1514,0.11526717210262216
1075,426,1501,0.11524374979605218
1073,428,1501,0.11524580174418336
1071,437,1508,0.11525395362317878
1064,428,1492,0.11526661971240354
1058,426,1484,0.11529588524516061
1059,424,1483,0.11533723755561102
1074,423,1497,0.11537313048501979
1075,427,1502,0.11537304661106934
1066,427,1493,0.11536920104851743
1059,439,1498,0.11538647400177192
1054,437,1491,0.11541380528880175
1060,431,1491,0.11545195878830365
1063,426,1489,0.11547431136294577
1063,431,1494,0.11549069879185782
1063,428,1491,0.11550444101492673
1063,425,1488,0.11551491266267465
1068,432,1500,0.11552499172717834
1074,429,1503,0.11552210191693073
1070,429,1499,0.11550732535915602
1068,420,1488,0.11550238254709494
1074,418,1492,0.11550165568142401
1068,421,1489,0.11548217350475372
1065,422,1487,0.11547825329051607
1064,420,1484,0.11548121828807903
1065,416,1481,0.11548777727567519
1069,420,1489,0.11549150757939508
1064,415,1479,0.11548567128924309
1073,421,1494,0.11548954049970331
1075,421,1496,0.11547016764328129
1082,417,1499,0.11544814165290934
1093,415,1508,0.1154126314388177
1087,417,1504,0.11535326744162724
1080,420,1500,0.11531416930030947
1083,421,1504,0.11529479414628402
1089,426,1515,0.11527062529601334
1083,423,1506,0.11523678023236225
1074,428,1502,0.11522034080765796
1073,429,1502,0.11522443481532287
1075,428,1503,0.11523068753204772
1079,429,1508,0.11523254080622554
1072,430,1502,0.11522773991293324
1068,427,1495,0.11524087411697724
1062,426,1488,0.1152625139435611
1058,430,1488,0.11529605691696357
1068,437,1505,0.11534021275814489
1062,430,1492,0.11536001982312535
1073,435,1508,0.11539089216483754
1056,440,1496,0.11539433022950064
1049,440,1489,0.11543641044287707
1045,441,1486,0.11549224717692684
1048,437,1485,0.11555263762067894
1053,436,1489,0.11560012684328662
1066,434,1500,0.1156309433526959
1067,435,1502,0.11562976097408464
1074,434,1508,0.11562599733874933
1072,432,1504,0.11560546296891941
1075,429,1504,0.11559246375262106
1077,438,1515,0.11557269916967028
1067,440,1507,0.11555078983996545
1060,442,1502,0.1155559826505023
1059,441,1500,0.11557788752391364
1063,442,1505,0.11560243474998984
1069,448,1517,0.11561257453248917
1069,451,1520,0.11560969060747574
1063,448,1511,0.11560702745892555
1065,456,1521,0.11561822496937017
1069,447,1516,0.11562371122572919
1071,452,1523,0.115621494615308
1064,458,1522,0.11561622949514266
1063,457,1520,0.1156290164501488
1053,454,1507,0.11564572984989416
1044,449,1493,0.11568522407578703
1051,450,1501,0.11574082622905997
1051,451,1502,0.11577359711821864
1053,449,1502,0.11580356992698418
1055,449,1504,0.11582381538413097
1043,448,1491,0.11583810257056398
1050,445,1495,0.11587905190433484
1049,446,1495,0.11590203244930115
1065,455,1520,0.11592699574205173
1064,457,1521,0.11591281315661975
1064,456,1520,0.11590266211458253
1073,452,1525,0.11589309954067709
1068,453,1521,0.11586252051450856
1062,446,1508,0.1158459775115234
1058,450,1508,0.11584516997357294
1061,444,1505,0.11585560448182353
1064,442,1506,0.11585725096547074
1058,444,1502,0.1158528334346188
1060,438,1498,0.11586416370008937
1054,441,1495,0.11586565497568013
1061,438,1499,0.11588222344849836
1062,439,1501,0.11587980878481279
1049,447,1496,0.11587449804931475
1060,442,1502,0.11589885622056675
1060,430,1490,0.1158954730905804
1062,428,1490,0.11589119767328626
1050,428,1478,0.11588007920597948
1051,427,1478,0.11589606187017823
1058,427,1485,0.11590859172061936
1049,441,1490,0.11590194964137115
1041,437,1478,0.11591684522011468
1043,438,1481,0.11594798970899316
1062,443,1505,0.11597302656103832
1061,439,1500,0.11595398384267311
1063,439,1502,0.11594104240435815
1065,445,1510,0.11592597266403022
1052,447,1499,0.11590601452836219
1063,448,1511,0.11591824837558498
1052,456,1508,0.1159055420921871
1056,460,1516,0.11592116190319782
1034,459,1493,0.11592941372637613
1047,469,1516,0.11598656789914362
1040,475,1515,0.1160145007365168
1047,475,1522,0.116056916047011
1028,474,1502,0.11608027186375378
1033,466,1499,0.11614602690295524
1024,477,1501,0.11619366887511556
1025,475,1500,0.11625827423115272
1027,471,1498,0.11631711850402458
1028,472,1500,0.11636310081384092
1028,470,1498,0.11640563157004387
1013,472,1485,0.11644590919014926
1008,470,1478,0.11651816475314375
1014,468,1482,0.11659760499009937
1017,475,1492,0.1166555804571638
1010,482,1492,0.11670343895630025
1017,484,1501,0.11676517942583776
1021,471,1492,0.11680564515323684
1020,482,1502,0.11683446559814449
1023,482,1505,0.11686538732229095
1031,473,1504,0.11688854959289867
1029,479,1508,0.11689242643861698
1023,486,1509,0.11690063233634035
1041,492,1533,0.11692073621146186
1038,490,1528,0.1168973132216837
1028,491,1519,0.11688399531174685
1025,479,1504,0.11689560807374214
1031,489,1520,0.11691611883863295
1019,486,1505,0.11692125361968411
1011,492,1503,0.11695441454429271
1003,501,1504,0.11700282378106788
1005,502,1507,0.11706808721496813
1004,496,1500,0.11712563380138828
1012,494,1506,0.11717821982430998
1002,497,1499,0.11720763508028992
1014,495,1509,0.11725740850586668
1018,498,1516,0.11727544384557038
1014,498,1512,0.1172836188118686
1014,500,1514,0.11730222462227426
1019,496,1515,0.11731866089337323
1030,499,1529,0.11732220694003594
1031,503,1534,0.11730027657652638
1029,502,1531,0.1172741694247087
1016,504,1520,0.11725230026395454
1025,496,1521,0.1172631643697987
1015,506,1521,0.11725606302003676
1010,501,1511,0.11727298209701748
1014,504,1518,0.11730226807809614
1010,498,1508,0.11732097078991079
1008,499,1507,0.11734863556641324
1018,495,1513,0.11737828068410285
1018,494,1512,0.11738289658907615
1008,495,1503,0.11738836503157951
1008,504,1512,0.11741389930427121
996,500,1496,0.11744047118326754
1012,495,1507,0.1174918657314403
1013,499,1512,0.1175023468972745
1013,498,1511,0.11750920176873347
1006,496,1502,0.11751388118310455
1012,496,1508,0.11753574830336205
1012,499,1511,0.11754289930646664
1010,491,1501,0.11755012525665536
996,489,1485,0.11756042902333469
1002,492,1494,0.11759968886609443
1007,494,1501,0.11762508305391338
1003,499,1502,0.11763752679063649
995,501,1496,0.11765665438963165
999,503,1502,0.11769073626252212
1007,508,1515,0.11771161285027165
1009,504,1513,0.11771188883314761
1009,504,1513,0.11770675665343397
1012,502,1514,0.11770353605521663
1021,504,1525,0.11769599876376216
1009,505,1514,0.11767090906925246
1011,496,1507,0.11767622592892932
1006,499,1505,0.11767271652543877
995,495,1490,0.11768260597459866
1004,498,1502,0.11771596150631275
1007,498,1505,0.11772442850288573
1006,502,1508,0.11772326228818622
1009,498,1507,0.11772342514462243
1010,498,1508,0.11771644018112049
1002,496,1498,0.11770952755610481
991,498,1489,0.11772285475365746
983,499,1482,0.11775837630478214
980,506,1486,0.11780855848707965
984,506,1490,0.11786219295118076
994,508,1502,0.1179045486772385
988,507,1495,0.1179222972133259
977,513,1490,0.11795355685464436
981,506,1487,0.11800604968556623
983,501,1484,0.11804368427272387
986,503,1489,0.11807273578211701
994,504,1498,0.11809363026337032
988,506,1494,0.11809305083924368
993,507,1500,0.1181080964701395
1003,507,1510,0.11811039699497329
996,502,1498,0.11808834555823924
994,509,1503,0.11808544879153375
1004,507,1511,0.1180869996954322
998,503,1501,0.11806716707243295
1016,500,1516,0.11806208166000215
1006,501,1507,0.11801764067131082
992,500,1492,0.1180015278626953
986,498,1484,0.11801665424115647
983,496,1479,0.11804201484113612
992,513,1505,0.11807252340974247
993,515,1508,0.11808306190256435
987,520,1507,0.11808945528981486
981,514,1495,0.11811071141526425
982,515,1497,0.11814592631354738
982,526,1508,0.11817789389416415
961,526,1487,0.11820663795398845
966,516,1482,0.11828053510862063
968,513,1481,0.11833918368711259
964,513,1477,0.11838737091168489
960,523,1483,0.1184435563348944
972,535,1507,0.1185070018604258
969,541,1510,0.11854119051253004
972,539,1511,0.11857911425813814
969,540,1509,0.11860833696619277
963,540,1503,0.11864244332052568
964,542,1506,0.11868853376518076
968,542,1510,0.1187300396739057
969,543,1512,0.1187621914177079
970,549,1519,0.1187891922622247
964,545,1509,0.11880978158492615
960,543,1503,0.11884171391734664
960,541,1501,0.11887966665759823
961,540,1501,0.1189145381749718
965,542,1507,0.11894386269450137
965,544,1509,0.11896218966923776
967,539,1506,0.11897933221575965
961,530,1491,0.11898977273312758
958,533,1491,0.11901269224484588
951,535,1486,0.1190397856201222
947,532,1479,0.11907978939389885
943,538,1481,0.11912654665657751
951,544,1495,0.11917549431696357
961,541,1502,0.1192034262919682
961,542,1503,0.11920828635707244
947,540,1487,0.11921295547037367
946,548,1494,0.1192487616963265
937,548,1485,0.11928534045020893
949,550,1499,0.11934075079744516
954,553,1507,0.11936332928731912
958,548,1506,0.11937023415624244
951,547,1498,0.11936512984730197
950,536,1486,0.11937915040387709
965,539,1504,0.119395579371629
957,541,1498,0.11937598999071974
952,541,1493,0.11937660070150372
949,545,1494,0.11938782299518491
951,544,1495,0.1194066782837389
964,553,1517,0.11942225527528415
948,549,1497,0.11940276316622597
955,550,1505,0.11942293340320109
959,549,1508,0.11942727915939162
954,543,1497,0.11941731509335383
966,543,1509,0.11941862862535853
952,546,1498,0.11939439154270502
937,548,1485,0.11940621274324517
933,546,1479,0.11945143141150165
937,554,1491,0.1195024604700323
944,556,1500,0.11954216187652136
943,566,1509,0.11956495361658268
941,562,1503,0.11958684044666913
933,560,1493,0.11961479852003011
936,558,1494,0.11966208028525259
938,566,1504,0.11969917617691425
940,573,1513,0.11972545791704593
941,573,1514,0.11974673433412061
939,570,1509,0.11976677644448554
945,563,1508,0.11979053275092177
942,561,1503,0.1197976066294183
943,561,1504,0.1198095962233419
938,558,1496,0.11981962590863988
943,566,1509,0.1198408526324472
945,566,1511,0.11985260975466595
939,562,1501,0.1198552811427402
937,569,1506,0.11987206094221019
926,565,1491,0.11989194252980007
933,565,1498,0.11993647255320126
918,562,1480,0.11996250252036297
923,563,1486,0.12001893834009728
919,561,1480,0.12005960047962695
913,569,1482,0.12010815177669869
923,573,1496,0.12016741874685226
920,581,1501,0.1201989399476538
927,574,1501,0.12023548872800091
934,571,1505,0.12025237092239592
931,573,1504,0.12024823904404934
929,578,1507,0.12025371764229717
925,578,1503,0.12026639923326161
922,577,1499,0.12028658534076893
922,581,1503,0.12031365802979482
931,580,1511,0.1203409535679933
928,585,1513,0.12034323113106588
926,583,1509,0.12035360267024588
922,586,1508,0.12036473794676514
923,576,1499,0.12038707130641481
912,573,1485,0.1204063492505941
916,575,1491,0.12044695498348737
923,584,1507,0.12047739929874575
921,578,1499,0.12048945060870028
916,579,1495,0.1205054641397776
913,585,1498,0.12053156107570033
916,584,1500,0.1205647633361599
917,590,1507,0.12059008522010821
916,593,1509,0.1206096945429665
914,594,1508,0.12063112664556053
908,597,1505,0.12065623548967054
905,594,1499,0.12069298669341286
909,601,1510,0.12073460389091599
913,598,1511,0.12076392477551584
904,598,1502,0.12078381169976461
897,597,1494,0.12082346712153352
896,609,1505,0.12087640192946654
903,612,1515,0.12092741766187878
901,603,1504,0.1209597573307369
899,603,1502,0.1209977366524836
901,601,1502,0.12103722392611725
900,613,1513,0.1210712708939697
899,610,1509,0.12110368486636748
908,615,1523,0.12113656969797368
903,618,1521,0.12114696790415554
893,623,1516,0.12116903071291282
890,625,1515,0.12121352271802578
892,617,1509,0.12126193163825323
885,608,1493,0.12130091954480397
891,607,1498,0.12135173476819071
883,616,1499,0.12138647141723254
897,620,1517,0.12143900289501663
888,611,1499,0.12145585033401327
894,611,1505,0.12149364705879695
890,614,1504,0.12151543033734184
898,614,1512,0.12154708727312304
899,621,1520,0.12155749751191039
895,621,1516,0.12156235889940746
886,624,1510,0.12157814630104494
888,618,1506,0.1216139983080034
888,615,1503,0.12164366416933779
879,615,1494,0.12166955483092044
871,620,1491,0.12171366149417558
878,631,1509,0.12177271305146338
880,621,1501,0.12181032909383123
886,616,1502,0.12184161372127633
889,614,1503,0.12185860488342425
887,615,1502,0.12186466213714667
888,626,1514,0.12187594910493836
891,623,1514,0.1218851792826874
889,620,1509,0.12188641790460965
880,620,1500,0.12189485300223389
882,617,1499,0.12192355117760023
883,614,1497,0.12194621764799798
882,618,1500,0.12196614839225395
880,622,1502,0.12198695394683849
887,612,1499,0.12200997235092526
874,605,1479,0.12201319678529128
868,616,1484,0.12204334579026167
870,623,1493,0.1220872059544351
874,627,1501,0.12211911428326899
884,629,1513,0.12214029257592135
873,630,1503,0.12213655767427439
868,629,1497,0.12215890684232956
875,622,1497,0.12219306386727251
886,626,1512,0.12221092693153804
871,629,1500,0.12220380965597329
874,632,1506,0.1222293269224284
879,640,1519,0.12224860154967565
869,646,1515,0.12225577371140879
864,641,1505,0.12228543695082336
859,650,1509,0.12232556515930312
859,642,1501,0.12237545261024056
866,641,1507,0.12241939817342001
866,640,1506,0.12244705570402832
860,645,1505,0.12247541863045004
856,636,1492,0.12251412428677227
852,641,1493,0.12255906626088532
850,645,1495,0.12260675716142354
859,646,1505,0.122652133054634
867,638,1505,0.12267471676144576
871,642,1513,0.12267748864700621
877,637,1514,0.12266898913452748
869,643,1512,0.12264575618488588
870,649,1519,0.12264192554085074
860,644,1504,0.12263666231095675
860,647,1507,0.12265806254490187
861,646,1507,0.12268005917704393
859,644,1503,0.12269902047919651
866,641,1507,0.12272384383896863
862,639,1501,0.12273054247794409
858,638,1496,0.12274547813835354
867,643,1510,0.12276554928813929
873,649,1522,0.12276217492293728
868,650,1518,0.12274649275919494
869,649,1518,0.12274317167941967
865,648,1513,0.12273859550285654
865,649,1514,0.12274532026010995
852,652,1504,0.12275380605579977
852,659,1511,0.12279196106721792
857,653,1510,0.12282735939728541
861,653,1514,0.12284912318318768
852,660,1512,0.12286099777060551
853,654,1507,0.12289393806365563
856,647,1503,0.12292085781165213
866,645,1511,0.12294055426841155
859,643,1502,0.1229341560153673
857,649,1506,0.12294048664200911
857,643,1500,0.12295093581107769
857,650,1507,0.12296109415619692
865,652,1517,0.12296859243298393
860,654,1514,0.12295774998864939
844,645,1489,0.12295975368200023
840,645,1485,0.12299862649392342
844,638,1482,0.12303979811015654
854,643,1497,0.1230686453216099
859,645,1504,0.12307098403523124
859,648,1507,0.12306232440502746
857,652,1509,0.12305536329712664
853,653,1506,0.12305419757261227
853,653,1506,0.12306157738804947
837,657,1494,0.12306791465393749
847,652,1499,0.12311324330267763
849,657,1506,0.12313305236327221
847,657,1504,0.1231471558784714
848,661,1509,0.12316708273828332
844,659,1503,0.12318184442333407
849,652,1501,0.12320427355423964
847,646,1493,0.1232156373733706
838,654,1492,0.1232279542926404
856,653,1509,0.1232596621019612
853,650,1503,0.12324641090362903
843,650,1493,0.12324114784153879
840,654,1494,0.12326064911924751
841,647,1488,0.12328628121439276
843,651,1494,0.1233077683960345
844,659,1503,0.12332314835752667
844,661,1505,0.1233343609535693
833,672,1505,0.12334680021227577
842,669,1511,0.1233852814803016
826,667,1493,0.12340095831623316
831,668,1499,0.12345450864750501
829,661,1490,0.12349183118004003
832,670,1502,0.12353162084873563
838,663,1501,0.12355902271351273
852,664,1516,0.12357146684938439
844,652,1496,0.12354949022305092
848,657,1505,0.12354523021772768
849,666,1515,0.12353283380761347
843,657,1500,0.12352142437891005
844,659,1503,0.12352395768204964
841,653,1494,0.12352541835309125
845,654,1499,0.12353238935684459
837,661,1498,0.12352759298945451
833,672,1505,0.12354219940401841
828,670,1498,0.12356544336136728
837,672,1509,0.12359985194740566
841,670,1511,0.12361200251512681
833,668,1501,0.12361235879414587
834,668,1502,0.12363300754737466
848,668,1516,0.12365016050168787
849,665,1514,0.12363422732052602
841,667,1508,0.123615105827691
835,663,1498,0.12361575328187727
833,668,1501,0.12363087796254386
844,665,1509,0.1236490499519936
841,668,1509,0.12363634814363099
837,671,1508,0.12363316068450515
845,679,1524,0.12364040693002977
838,685,1523,0.12362623010961339
848,674,1522,0.1236311847659459
849,676,1525,0.1236133952830032
835,676,1511,0.12359527616840811
826,682,1508,0.12361212128152324
820,676,1496,0.12364980295887715
825,672,1497,0.1236989347402911
823,682,1505,0.12373431377193196
818,692,1510,0.12377159815265217
811,682,1493,0.1238178435665536
820,686,1506,0.12387438798292175
827,684,1511,0.12390740382068259
819,684,1503,0.12392366251706717
814,689,1503,0.1239581805528902
803,688,1491,0.12400249203128487
804,690,1494,0.12406979130741146
796,690,1486,0.12413040802038307
803,687,1490,0.12420529264139246
804,691,1495,0.12425577418949274
804,694,1498,0.1243016294133228
798,696,1494,0.12434266693279879
793,708,1501,0.12439596130016614
810,696,1506,0.12445642484750248
808,698,1506,0.12447376669136893
807,694,1501,0.12449568251617465
797,698,1495,0.12451905250402592
802,701,1503,0.12456411458347107
794,704,1498,0.12459633826806037
799,706,1505,0.12464446881291
794,701,1495,0.12467692047953856
785,703,1488,0.12472055764643596
788,703,1491,0.12478199763592254
793,708,1501,0.12483317845842504
794,705,1499,0.12486833435633309
790,700,1490,0.12489495920526192
793,699,1492,0.12492832786772727
801,688,1489,0.12495659788238196
799,696,1495,0.12496499973092152
797,701,1498,0.12497670401470824
799,707,1506,0.12499394100971994
797,700,1497,0.1250045079426811
803,695,1498,0.12501877694204555
805,697,1502,0.12501854724353387
795,699,1494,0.1250102308239013
791,695,1486,0.12502609946092696
795,700,1495,0.12504895124611018
799,690,1489,0.1250627310649057
797,712,1509,0.12506538869940007
800,696,1496,0.12507028156728506
801,699,1500,0.12506998896065138
800,690,1490,0.12506903558984242
801,697,1498,0.12506762936168397
797,694,1491,0.12506695497027115
806,702,1508,0.1250759792923832
806,699,1505,0.1250626230568929
804,701,1505,0.12504963181785528
810,712,1522,0.12504255569787648
800,724,1524,0.12501982364028147
788,719,1507,0.12502148386717854
783,719,1502,0.12505187935504422
783,717,1500,0.1250937397156055
782,715,1497,0.1251325707886809
784,719,1503,0.1251714635535512
779,712,1491,0.1252046122983738
783,710,1493,0.1252452446027823
783,706,1489,0.1252756419961053
779,717,1496,0.12530041621232704
780,716,1496,0.12533385482326692
787,708,1495,0.12536270974663138
785,711,1496,0.125370488548763
788,716,1504,0.12537893102846479
782,707,1489,0.12538082464412426
788,708,1496,0.12539855992896318
792,719,1511,0.12540269022689937
796,724,1520,0.12539754755449217
785,722,1507,0.12538425549731805
777,721,1498,0.12540004905390909
781,723,1504,0.12543062846017564
790,724,1514,0.1254513656461506
801,719,1520,0.12544975229489677
795,714,1509,0.12542558777449045
795,726,1521,0.125415684108818
783,726,1509,0.1254079970221975
777,725,1502,0.1254284056342374
776,735,1511,0.12546129583580354
778,725,1503,0.1254955036816294
778,719,1497,0.12552525772544504
781,729,1510,0.12555165419227898
777,740,1517,0.1255700862426936
780,736,1516,0.12559763535748045
767,738,1505,0.12561602823726814
768,734,1502,0.12566316568538416
766,734,1500,0.12570432249003696
777,743,1520,0.12574724154011788
775,741,1516,0.12576207018764637
762,741,1503,0.1257821389388435
756,735,1491,0.12582770746105196
759,722,1481,0.12588265296962287
766,734,1500,0.12592661627140658
763,736,1499,0.1259516678290396
758,748,1506,0.12598409529668786
754,754,1508,0.12602553816801748
743,747,1490,0.12607382404160242
753,747,1500,0.12614636643807173
758,740,1498,0.1261906918500614
746,745,1491,0.12621896939325403
750,750,1500,0.12627172567966355
747,749,1496,0.12631162114959316
744,749,1493,0.1263559541240487
744,754,1498,0.12640520348328305
741,744,1485,0.12645290112085228
737,751,1488,0.12650409583481007
749,758,1507,0.12656120054508135
742,760,1502,0.12658611129903652
742,765,1507,0.1266256378624727
738,758,1496,0.12666317504726698
742,762,1504,0.1267062784781124
741,767,1508,0.126736268011547
744,760,1504,0.1267689373691062
745,765,1510,0.12679499875570538
743,760,1503,0.12681607696543182
735,767,1502,0.12684034781483314
735,767,1502,0.12688340371465492
744,763,1507,0.12692358038562307
748,761,1509,0.12693836295613084
747,759,1506,0.12694553655469923
744,758,1502,0.12695447689722902
748,758,1506,0.12697100442602946
739,755,1494,0.1269758708421076
745,754,1499,0.12699955685195172
746,759,1505,0.12700937256913625
746,763,1509,0.12701523644482673
750,766,1516,0.12702179408451517
749,769,1518,0.12702048713844324
743,766,1509,0.12702145596379694
738,775,1513,0.12703557259531822
742,771,1513,0.12706242307966403
756,770,1526,0.12707532392475313
748,780,1528,0.12705630933960152
745,764,1509,0.12705862759727765
739,767,1506,0.12706776502968486
736,767,1503,0.12709240618091028
730,782,1512,0.1271214352190058
725,772,1497,0.12716102479021252
724,763,1487,0.12720725649764728
723,761,1484,0.12725237207654452
729,763,1492,0.1272966081961009
728,772,1500,0.12732049927111755
735,763,1498,0.1273470221461933
742,768,1510,0.1273545872665689
745,766,1511,0.12734546228902585
739,767,1506,0.12733115356482053
734,779,1513,0.12733168146304005
732,764,1496,0.12734249906103332
749,756,1505,0.12735622228326512
740,769,1509,0.12732893206851334
740,773,1513,0.12732291389532674
738,764,1502,0.12731910320176118
733,770,1503,0.12732171840245723
734,774,1508,0.12733483891265604
718,772,1490,0.12734796101423052
728,772,1500,0.12739668121453984
727,777,1504,0.1274192984305681
732,771,1503,0.1274419448351699
731,765,1496,0.12745293848899342
727,769,1496,0.12746436888888288
726,777,1503,0.12748445372396297
726,774,1500,0.12750372596740303
725,779,1504,0.12752032389036885
722,777,1499,0.12754093793024826
711,793,1504,0.1275674919913574
712,789,1501,0.12761604062235687
723,776,1499,0.1276604758781702
721,778,1499,0.1276759953970364
721,780,1501,0.1276950633283054
714,777,1491,0.1277130993916324
715,782,1497,0.12774591950219832
723,779,1502,0.1277745735359434
723,778,1501,0.12778308093185678
721,779,1500,0.12778849098829212
722,787,1509,0.1277991781689904
719,787,1506,0.12780692133565882
722,781,1503,0.1278222474367608
716,790,1506,0.12783024983713584
711,788,1499,0.12785195269234692
717,798,1515,0.1278850998318391
718,794,1512,0.12790468889909018
718,790,1508,0.12791944604825822
719,783,1502,0.12793331722753312
721,786,1507,0.12794437920262045
711,783,1494,0.12795150483604822
705,796,1501,0.12798095256434447
696,792,1488,0.12802202996661471
694,787,1481,0.1280773982437143
700,792,1492,0.12813443806563987
697,794,1491,0.1281691562213073
698,799,1497,0.128210394067329
690,803,1493,0.12824628041009334
693,808,1501,0.1282968400272254
690,809,1499,0.12834027849173993
692,800,1492,0.1283884195464916
692,799,1491,0.12843016989406938
692,816,1508,0.12846878690764027
687,812,1499,0.1285050897077109
692,811,1503,0.1285519373483604
697,812,1509,0.12858389229054817
688,816,1504,0.1286032206963764
684,813,1497,0.1286430437843995
687,822,1509,0.1286879517760497
687,829,1516,0.12872192778536115
687,836,1523,0.12875475448213838
683,835,1518,0.12878642399865264
691,839,1530,0.12882553301400607
677,833,1510,0.12884447208831143
679,838,1517,0.1288963801548471
676,849,1525,0.1289415839160357
676,850,1526,0.12899140776381512
669,849,1518,0.129038673336093
668,848,1516,0.12909878237846661
682,839,1521,0.1291574284265635
674,839,1513,0.12918066898235833
670,830,1500,0.12922196662790905
666,832,1498,0.12927098565633563
674,846,1520,0.12932565478180297
671,841,1512,0.12935567459728597
671,835,1506,0.12939100088681116
668,834,1502,0.12942297670380454
664,836,1500,0.12946128031262216
662,849,1511,0.12950457235644344
658,853,1511,0.12955009172295096
660,860,1520,0.12960139276137098
662,857,1519,0.12964466021507307
660,852,1512,0.12968062070906222
653,851,1504,0.1297209641446576
655,858,1513,0.12977601437874323
666,848,1514,0.12982086864688336
663,840,1503,0.1298348019023074
662,847,1509,0.12985454884108755
672,849,1521,0.12987509898647454
670,846,1516,0.12987019781652465
673,840,1513,0.12987156367874841
665,853,1518,0.1298691473627648
665,852,1517,0.1298842604044529
662,846,1508,0.12989787059313157
658,844,1502,0.12991706142328682
654,847,1501,0.12994391944538325
658,844,1502,0.1299794848077179
666,857,1523,0.13000451110574307
665,858,1523,0.13000845871858224
643,867,1510,0.13001473987744247
650,859,1509,0.13006967373934825
655,854,1509,0.1301064625848358
655,859,1514,0.13013204152799904
650,860,1510,0.13015605888633894
647,854,1501,0.13018914628963368
655,860,1515,0.13022523239381475
648,858,1506,0.1302403998513359
640,857,1497,0.13026792422349856
649,853,1502,0.13031275087058303
657,847,1504,0.13033172377348987
658,859,1517,0.13033003599599893
651,856,1507,0.13032877752880087
644,862,1506,0.13034512746199653
639,869,1508,0.13037695589164622
641,873,1514,0.13041733168136485
636,870,1506,0.1304487753294874
627,867,1494,0.13049011328895216
629,866,1495,0.13054974469072295
641,870,1511,0.13060221942390982
634,871,1505,0.13062455432877965
626,876,1502,0.13065852347161716
624,875,1499,0.1307099454070199
626,868,1494,0.1307594020401493
636,863,1499,0.13080199877620932
634,847,1481,0.1308145644917426
634,862,1496,0.130831493043355
634,874,1508,0.13084929177427385
634,878,1512,0.1308662190543961
631,881,1512,0.13088510775950268
627,881,1508,0.1309098885169847
619,884,1503,0.13094071716136493
623,887,1510,0.130988649763493
620,890,1510,0.1310243583714853
623,885,1508,0.13106576434606015
622,892,1514,0.13109802111135438
621,894,1515,0.1311297487825982
614,902,1516,0.13116217995428955
614,893,1507,0.1312097287240792
612,889,1501,0.1312535174912801
605,897,1502,0.1313002377336499
618,896,1514,0.13136009253124495
609,886,1495,0.1313853526565879
605,889,1494,0.13142767502893216
612,888,1500,0.13147645741899372
614,889,1503,0.1315045889738683
622,881,1503,0.13152539744115818
612,884,1496,0.13152613296579066
609,892,1501,0.1315504542070619
618,886,1504,0.13157874856949975
622,871,1493,0.13158447414313973
632,885,1517,0.13158112986486223
634,880,1514,0.13155369575748446
636,878,1514,0.1315244141660607
633,887,1520,0.13149364948161224
632,884,1516,0.13147528059836133
636,882,1518,0.13146023840194
628,887,1515,0.13143896639851138
625,888,1513,0.13143580084572146
618,902,1520,0.131439166634985
612,891,1503,0.13145435159617094
612,893,1505,0.13148508103606182
615,897,1512,0.13151546598037034
622,883,1505,0.1315373701742618
619,893,1512,0.13154287344346463
620,904,1524,0.13155533276300654
622,903,1525,0.13156303684229217
623,906,1529,0.13156497682843982
615,893,1508,0.1315652307033396
612,894,1506,0.13158335549074546
611,896,1507,0.1316083596339897
617,897,1514,0.13162902626901146
620,892,1512,0.13163493639864515
617,892,1509,0.13163129290164347
612,889,1501,0.13163693243749208
607,891,1498,0.13165563499017097
604,891,1495,0.13168452288727178
599,893,1492,0.13171602119733708
592,896,1488,0.13175853412533917
597,902,1499,0.13181511681984018
603,904,1507,0.13185313270771284
603,911,1514,0.13187508870065578
601,905,1506,0.13189797087103586
604,914,1518,0.13192423325666913
610,904,1514,0.13194457752838604
602,904,1506,0.1319503059781999
608,910,1518,0.1319756500404758
611,908,1519,0.13198606501884508
608,906,1514,0.1319885402403983
608,914,1522,0.1319962535415884
607,916,1523,0.13200269522348573
610,919,1529,0.13201273621892468
609,921,1530,0.13201708381258126
601,918,1519,0.13202337838944878
598,931,1529,0.13204865916339925
582,924,1506,0.13207878994385797
587,919,1506,0.13214513559078242
580,918,1498,0.1321969044689773
589,911,1500,0.13226021260214899
580,923,1503,0.13230066517532593
580,928,1508,0.13235928741943848
586,924,1510,0.13241444484608544
585,913,1498,0.13244823333397795
582,914,1496,0.1324826071322608
577,908,1485,0.13252130002881965
583,922,1505,0.1325696404598445
575,921,1496,0.13259930228863392
569,928,1497,0.13264584231262672
573,927,1500,0.1327037105712368
577,921,1498,0.13274943394280073
577,922,1499,0.13278226942206253
575,939,1514,0.13281428036012366
571,946,1517,0.13284975420015394
570,945,1515,0.13289209331693655
569,941,1510,0.13293325562642758
567,941,1508,0.13297459167168516
569,942,1511,0.13301638852683817
571,946,1517,0.133049848287129
573,948,1521,0.1330786110568784
572,943,1515,0.13310228685873346
563,950,1513,0.13312630252105911
559,949,1508,0.1331679672606895
553,944,1497,0.13321533204577296
564,934,1498,0.13327287182413833
560,946,1506,0.13330356461106135
550,952,1502,0.13334186919694666
552,954,1506,0.1333996247871623
563,950,1513,0.13344916623878017
570,955,1525,0.1334686403573175
568,958,1526,0.13347131228321638
563,955,1518,0.1334776665954861
568,952,1520,0.1334966528387361
559,937,1496,0.1335029337786796
572,943,1515,0.13352817262999336
563,936,1499,0.13352102448756906
564,939,1503,0.13353442301529467
562,946,1508,0.13354348400445876
562,943,1505,0.13355859217709642
565,952,1517,0.13357149381408523
560,956,1516,0.1335767504642172
554,951,1505,0.13359216396955748
561,939,1500,0.1336181840219044
560,948,1508,0.1336280800130878
559,963,1522,0.13364019702991403
551,964,1515,0.1336551826437798
541,959,1500,0.1336892204113235
548,950,1498,0.13374438657866616
552,956,1508,0.1337820432149071
553,955,1508,0.1338073964035048
549,960,1509,0.13382564217775603
551,964,1515,0.13385013903915038
554,966,1520,0.13387003945101225
556,974,1530,0.13388074172045453
546,971,1517,0.1338873960466898
555,961,1516,0.13391679800537667
553,967,1520,0.13392340008154105
561,963,1524,0.13393403872948806
558,966,1524,0.13392374887111408
564,960,1524,0.1339213274039084
558,959,1517,0.13390743437915759
558,960,1518,0.13390722344500033
555,967,1522,0.13390639027925125
546,964,1510,0.13391390270675624
545,964,1509,0.1339403712228099
551,960,1511,0.13396908932698834
550,958,1508,0.13398248682005168
544,951,1495,0.13399853505153284
538,945,1483,0.13402749441965026
542,942,1484,0.13406474936142973
546,956,1502,0.13408807385765178
540,959,1499,0.13410044308703684
540,956,1496,0.1341249643606228
543,950,1493,0.13414917291255557
539,945,1484,0.1341652921762872
532,946,1478,0.13418759101624744
537,941,1478,0.1342256599390526
532,948,1480,0.1342483169678501
524,955,1479,0.13427699403179552
534,950,1484,0.13432304818502147
539,956,1495,0.1343419886336474
541,967,1508,0.13434744429042658
550,979,1529,0.13434982305168439
549,982,1531,0.13433245466226104
547,980,1527,0.13431886658508105
548,974,1522,0.13431031712256997
540,974,1514,0.13430016420573207
540,967,1507,0.13430998342328354
533,965,1498,0.1343189581000546
534,975,1509,0.1343452696184038
532,972,1504,0.13436798099751734
534,976,1510,0.1343949615079479
523,974,1497,0.13441552388885766
529,982,1511,0.1344605302463522
530,976,1506,0.13449121753438845
528,984,1512,0.13451686503416313
527,975,1502,0.134545147018911
528,974,1502,0.13457530666502268
525,979,1504,0.1345999374300132
526,989,1515,0.13462940691983508
526,980,1506,0.13465610862600172
523,983,1506,0.13467833851641445
523,989,1512,0.1347078008508158
523,989,1512,0.1347365607120692
526,975,1501,0.13475995361892135
532,970,1502,0.13477404984356053
525,972,1497,0.1347735397533735
524,987,1511,0.13479042535110375
527,986,1513,0.1348072502044552
526,996,1522,0.13481904191565558
520,993,1513,0.1348339955322014
519,995,1514,0.13486114829061369
519,991,1510,0.1348865352133634
516,998,1514,0.13491016123249888
518,1000,1518,0.1349381179111337
517,997,1514,0.1349619801092773
515,996,1511,0.13498715035163392
522,1005,1527,0.1350165469089921
515,1001,1516,0.1350277400434807
526,994,1520,0.13505439170292888
529,995,1524,0.13505308708208996
527,989,1516,0.13504607410256242
525,989,1514,0.13504285462270627
521,994,1515,0.13504387982038096
523,997,1520,0.1350536538704307
522,983,1505,0.1350582984612054
522,993,1515,0.135063553193161
521,985,1506,0.1350699810736391
523,989,1512,0.13507910973157827
519,984,1503,0.13508379846526572
527,976,1503,0.1350972585491865
517,968,1485,0.13509108891058016
519,979,1498,0.13510837895969274
520,985,1505,0.13511949478760546
520,986,1506,0.13512688656599098
519,1001,1520,0.1351339583162683
515,996,1511,0.13514502722475247
516,999,1515,0.13516497957143753
523,1009,1532,0.13518142292116284
516,1013,1529,0.13518151248956162
515,1008,1523,0.13519904992463272
522,1012,1534,0.13521760525459872
515,1000,1515,0.13522021550978827
512,1005,1517,0.1352396746703296
517,999,1516,0.13526618425282236
513,1005,1518,0.135280276419199
505,1010,1515,0.13530326920343796
505,1011,1516,0.13534212046594898
504,1004,1508,0.13537647606072695
502,1013,1515,0.13540816377169645
504,1002,1506,0.13544199235216056
502,993,1495,0.13546818293981747
500,988,1488,0.13549304652211036
496,995,1491,0.13552200366299483
497,1000,1497,0.135559270206932
499,1004,1503,0.1355921245604845
502,1000,1502,0.13561992209986143
507,1002,1509,0.13563912236668157
514,1010,1524,0.1356454220190305
515,1018,1533,0.13563486377770836
509,1009,1518,0.13562285540251903
506,1014,1520,0.13562550911635998
507,1014,1521,0.1356346509773365
507,1021,1528,0.13564166331840574
512,1014,1526,0.13564776001273826
512,1007,1519,0.13564205851466515
504,1012,1516,0.13563859625490726
492,1002,1494,0.13565298254410968
494,996,1490,0.13568947407151088
502,1015,1517,0.13572111740370396
498,1014,1512,0.13573182482381532
500,1014,1514,0.13575147716178954
500,1010,1510,0.13576397318509303
499,1009,1508,0.1357751980156705
500,1003,1503,0.13578759614357197
501,1009,1510,0.13579795730813513
496,1007,1503,0.1358057918207714
500,1008,1508,0.1358234477809891
497,1011,1508,0.13583006596774738
503,1009,1512,0.13584486132182225
498,1010,1508,0.13584673692265523
501,1010,1511,0.13585869599401185
502,999,1501,0.1358631403267004
500,1001,1501,0.13586490763993186
499,1010,1509,0.1358704111838105
496,1013,1509,0.13587753775691558
488,1025,1513,0.13589275877402174
485,1022,1507,0.13592571114347057
484,1023,1507,0.13596204476555854
485,1025,1510,0.13599585263584058
485,1021,1506,0.1360259448566346
482,1012,1494,0.1360537209537146
484,1021,1505,0.13608687437898492
483,1022,1505,0.13611427576916335
485,1032,1517,0.13614258538851487
489,1031,1520,0.13616507527088403
501,1032,1533,0.13617499826704113
501,1022,1523,0.1361577629082381
505,1013,1518,0.136141884568267
507,1020,1527,0.13611865963801173
503,1027,1530,0.1360914106564758
495,1025,1520,0.13607608555329292
486,1019,1505,0.1360819187628026
484,1020,1504,0.13610835486079717
481,1029,1510,0.13613872635999436
487,1030,1517,0.13617176397232014
485,1027,1512,0.13619065070647018
490,1049,1539,0.13621366612404656
491,1036,1527,0.13622429367204789
480,1035,1515,0.1362312572325705
478,1033,1511,0.13626391827122092
475,1038,1513,0.13630141380480543
472,1042,1514,0.1363420799660551
474,1041,1515,0.1363852782623658
475,1046,1521,0.1364199131155951
463,1054,1517,0.1364512397019867
462,1051,1513,0.1365078431545735
463,1046,1509,0.1365643319320653
461,1048,1509,0.13661531334418794
466,1055,1521,0.1366686135369817
465,1053,1518,0.13670448704952404
466,1048,1514,0.13674000822928825
468,1035,1503,0.13677265009265388
471,1042,1513,0.13679882494241713
472,1040,1512,0.13681512608321728
469,1044,1513,0.13682757156326583
463,1050,1513,0.1368470913713686
463,1053,1516,0.13687811736720337
460,1054,1514,0.13690590052814
463,1041,1504,0.13694039125789403
467,1042,1509,0.1369633800077579
463,1052,1515,0.13697708559915062
468,1050,1518,0.13700011658670208
467,1042,1509,0.13701091127180928
464,1052,1516,0.13702467833683016
463,1056,1519,0.13704393799581138
457,1053,1510,0.13706334066017598
461,1059,1520,0.13709557270697212
465,1052,1517,0.1371183538281061
453,1050,1503,0.13713064180436293
457,1036,1493,0.13716841975048832
456,1040,1496,0.13719234763129898
460,1049,1509,0.1372197373304903
456,1037,1493,0.13723292431194337
459,1047,1506,0.13725599191600005
463,1046,1509,0.1372690023518122
458,1043,1501,0.1372705983656641
458,1049,1507,0.13728289898997806
459,1055,1514,0.13729536497279018
461,1055,1516,0.13730378671127796
453,1056,1509,0.13730812665393205
455,1046,1501,0.13733023350848492
448,1047,1495,0.13734638679134153
457,1042,1499,0.1373771910136932
462,1052,1514,0.1373840237016596
460,1041,1501,0.13737867693569672
457,1041,1498,0.1373801438091019
460,1062,1522,0.13738604273471633
465,1054,1519,0.13738544264192584
463,1038,1501,0.1373730777257985
457,1042,1499,0.1373661434348676
452,1049,1501,0.13737284668950625
460,1045,1505,0.13738879205877041
463,1037,1500,0.1373863870743401
463,1034,1497,0.1373766161663715
474,1038,1512,0.13736636518783774
477,1050,1527,0.1373316163040632
469,1034,1503,0.13729387890457628
470,1035,1505,0.1372781764642742
469,1029,1498,0.13726158049339507
462,1039,1501,0.13724908696926086
464,1044,1508,0.137251047322927
468,1040,1508,0.13724956542287006
465,1043,1508,0.13723910656882096
463,1048,1511,0.13723740835406173
466,1039,1505,0.13724077762548392
466,1045,1511,0.13723530978784265
458,1048,1506,0.1372314295624083
452,1054,1506,0.1372490750466309
455,1053,1508,0.13727835563986382
455,1042,1497,0.13729859491131013
463,1043,1506,0.13731703977343646
462,1043,1505,0.1373160173883359
462,1048,1510,0.13731690223888038
460,1045,1505,0.1373180345739508
464,1044,1508,0.137320695647847
467,1050,1517,0.13731581766028053
463,1058,1521,0.13730684271380633
458,1054,1512,0.13730953277577498
460,1057,1517,0.13732483313980434
452,1056,1508,0.1373316827419098
456,1058,1514,0.13735524550231962
456,1052,1508,0.1373686670538607
463,1051,1514,0.13738283020533099
461,1035,1496,0.13737962536507223
456,1047,1503,0.1373817936400467
449,1042,1491,0.13739392604365042
448,1043,1491,0.13741972879173342
445,1040,1485,0.13744582334299035
438,1048,1486,0.1374797595966532
453,1061,1514,0.13752710919233585
458,1061,1519,0.13753632914139274
450,1059,1509,0.1375304922275108
439,1064,1503,0.13754503867121248
446,1055,1501,0.13758561898543964
449,1053,1502,0.13760739272431927
450,1052,1502,0.13761910311754874
453,1067,1520,0.13762980375523765
450,1069,1519,0.13763089664497025
450,1064,1514,0.13763956499939062
452,1064,1516,0.13764772138303144
453,1069,1522,0.13765084399043268
454,1070,1524,0.13765300969018
459,1073,1532,0.13765413210292904
452,1075,1527,0.13764002250779672
453,1077,1530,0.1376426832669098
454,1077,1531,0.13764283746358386
462,1070,1532,0.13763991566922457
450,1073,1523,0.13761692044784127
451,1067,1518,0.13762379283014992
455,1056,1511,0.1376290426583417
450,1057,1507,0.13762157260516644
453,1053,1506,0.13762758359917496
455,1052,1507,0.13762539447647054
456,1048,1504,0.1376187309007545
450,1055,1505,0.1376107609222613
464,1054,1518,0.13761788032104544
466,1059,1525,0.13759175331431162
458,1063,1521,0.1375625165311001
452,1061,1513,0.13755733141707135
446,1050,1496,0.13756896512014222
451,1056,1507,0.13759374323005288
457,1059,1516,0.137604335401526
450,1061,1511,0.13759980039637576
451,1064,1515,0.1376126404366241
453,1078,1531,0.13762334536491244
447,1072,1519,0.13762918724157097
451,1063,1514,0.1376474967235501
458,1069,1527,0.1376569423819028
452,1064,1516,0.137649341003193
449,1057,1506,0.13765473975968312
450,1060,1510,0.1376668299906685
445,1061,1506,0.13767652501119934
444,1068,1512,0.1376980881321333
447,1069,1516,0.1377206707713653
447,1076,1523,0.13773470828173195
448,1074,1522,0.1377476826134648
446,1068,1514,0.13775716233980081
458,1072,1530,0.13776819606591156
451,1064,1515,0.13774824149377138
450,1054,1504,0.13774497529203114
447,1057,1504,0.13774592203978347
441,1067,1508,0.1377542630485189
440,1066,1506,0.1377769501109
440,1067,1507,0.13779814610763097
440,1060,1500,0.13781770787387115
441,1057,1498,0.1378367728169756
442,1061,1503,0.13785230500242693
445,1064,1509,0.1378649343691496
446,1061,1507,0.13787189906077427
444,1074,1518,0.1378776828100329
437,1065,1502,0.13788845324315221
437,1061,1498,0.1379131657065224
434,1055,1489,0.13793453722726073
437,1057,1494,0.13796441872841697
441,1067,1508,0.1379849093686196
442,1065,1507,0.13799486951339002
436,1055,1491,0.13800058821483163
442,1067,1509,0.1380188895240611
429,1070,1499,0.1380229134356516
424,1073,1497,0.13805609422893098
432,1054,1486,0.13809916424891314
433,1062,1495,0.13811862613050738
433,1065,1498,0.13813412332473354
439,1066,1505,0.13814442390272266
436,1068,1504,0.13814011799407666
439,1080,1519,0.13814366163642108
448,1070,1518,0.13813833730696257
447,1071,1518,0.13811262641469205
443,1071,1514,0.13809205214631795
440,1078,1518,0.1380834384703869
444,1081,1525,0.1380820107329992
436,1083,1519,0.1380724517819176
441,1091,1532,0.13808324487738474
448,1072,1520,0.13808173477617072
449,1071,1520,0.1380633714993991
447,1067,1514,0.13804431489600133
445,1078,1523,0.13803341600603836
437,1077,1514,0.13802659691707533
428,1075,1503,0.13803844792125478
422,1084,1506,0.13807108257982803
430,1072,1502,0.13811720580977765
424,1079,1503,0.1381419747552466
420,1078,1498,0.13817781126568607
422,1070,1492,0.1382214967227348
420,1082,1502,0.13825737129838309
416,1089,1505,0.13829525991581038
416,1094,1510,0.13834194898495064
414,1084,1498,0.13838454297680225
420,1086,1506,0.1384301971296739
417,1090,1507,0.13845745386524339
416,1089,1505,0.13849109895925696
415,1091,1506,0.13852654217080407
414,1101,1515,0.13855964401931228
412,1094,1506,0.13859406572340904
415,1111,1526,0.1386301098383478
414,1102,1516,0.13865552874901765
418,1093,1511,0.1386802564539885
421,1089,1510,0.1386922870702179
415,1079,1494,0.13869309995080448
412,1082,1494,0.1387078956925074
411,1076,1487,0.1387296850211521
411,1076,1487,0.1387542245881044
418,1085,1503,0.138777190914873
418,1090,1508,0.13878236232741428
416,1087,1503,0.13878777230980005
411,1091,1502,0.1387952147259919
416,1097,1513,0.1388162702416287
412,1096,1508,0.138825235191376
410,1105,1515,0.13884380761533377
413,1101,1514,0.13886665055006728
416,1103,1519,0.13888261220342402
415,1102,1517,0.13889052708166774
413,1104,1517,0.13889952127813804
411,1095,1506,0.13891080214555324
403,1092,1495,0.13892566117913577
398,1100,1498,0.13895799831085948
395,1110,1505,0.13900224106011527
394,1102,1496,0.13905108139459343
401,1100,1501,0.1390992855707781
396,1103,1499,0.13912901756407908
398,1113,1511,0.13916916762412895
389,1113,1502,0.13920344164699622
395,1129,1524,0.1392552824987624
396,1120,1516,0.13928962824176883
397,1128,1525,0.13931901434178287
387,1130,1517,0.13934497698723125
386,1127,1513,0.13939139779997362
382,1135,1517,0.1394367333381247
378,1133,1511,0.13948777156262104
380,1126,1506,0.13954677005467395
378,1133,1511,0.13959726476776074
376,1135,1511,0.13965000923361015
373,1131,1504,0.1397042885617052
373,1121,1494,0.13976208534620388
373,1142,1515,0.13981551960015978
378,1147,1525,0.13986437832169876
377,1143,1520,0.13989912803299892
377,1133,1510,0.13993370310190842
380,1127,1507,0.139965864826803
380,1147,1527,0.1399875396798177
375,1146,1521,0.14000912156191417
371,1150,1521,0.1400416025111927
374,1139,1513,0.14008092734024058
382,1145,1527,0.14010896168525505
381,1157,1538,0.14011611477535815
379,1147,1526,0.1401246836723271
378,1153,1531,0.14013834048097515
373,1150,1523,0.14015342531902736
376,1146,1522,0.14017850323192765
376,1139,1515,0.14019700302587867
378,1140,1518,0.14021232100379902
378,1129,1507,0.14022110438323895
380,1146,1526,0.1402310148074076
378,1139,1517,0.14023488181913282
384,1140,1524,0.14024291780972878
385,1133,1518,0.1402374294608516
376,1141,1517,0.14023060667590487
375,1127,1502,0.14024557679856708
372,1146,1518,0.14026204926463465
376,1139,1515,0.1402845600002118
375,1150,1525,0.1402948057726002
363,1147,1510,0.14030753815400196
365,1155,1520,0.14034547662213323
371,1149,1520,0.14037588228440534
378,1151,1529,0.1403892292755314
376,1153,1529,0.14038872317132747
380,1148,1528,0.14039148528383394
375,1144,1519,0.14038243449001123
369,1146,1515,0.140386783568509
369,1140,1509,0.14040472165923393
369,1142,1511,0.14041836746623107
363,1139,1502,0.1404318856442976
365,1143,1508,0.1404588135009048
367,1141,1508,0.14047967268268294
371,1138,1509,0.14049362363729428
374,1131,1505,0.14049587605420502
372,1115,1487,0.14049154699660088
376,1116,1492,0.1404939127106048
376,1112,1488,0.140486474631819
373,1127,1500,0.14048108410508578
373,1143,1516,0.1404787231368785
382,1141,1523,0.1404774365558248
377,1144,1521,0.14045418802519646
373,1138,1511,0.14044490097325968
380,1140,1520,0.1404460131276345
383,1145,1528,0.14042967980329887
381,1149,1530,0.1404100086910215
377,1143,1520,0.14039621641651123
370,1138,1508,0.14039442796027174
368,1132,1500,0.140410422197546
362,1138,1500,0.14042931248650678
353,1149,1502,0.14046002035144922
360,1151,1511,0.1405088152450626
364,1140,1504,0.14053884682515946
364,1142,1506,0.14055695934131926
367,1135,1502,0.14057480940693615
364,1150,1514,0.14058222473084808
361,1148,1509,0.14059485417593326
363,1154,1517,0.14061602906593249
366,1149,1515,0.14063220402846477
364,1150,1514,0.1406410920283799
363,1158,1521,0.14065299804424808
359,1150,1509,0.1406667248578376
356,1153,1509,0.1406894575305054
355,1167,1522,0.1407179005466577
351,1172,1523,0.14074911179542623
347,1166,1513,0.140786904736024
343,1172,1515,0.14083193187493914
338,1161,1499,0.14088434051749307
341,1163,1504,0.1409458505099551
344,1161,1505,0.1409968099431779
345,1155,1500,0.14103817932677998
343,1156,1499,0.14107397424500875
345,1153,1498,0.141111099290562
338,1150,1488,0.1411394354760326
342,1167,1509,0.14118309785644217
340,1176,1516,0.1412149323854478
341,1180,1521,0.14125007029757267
345,1167,1512,0.141280418256263
339,1179,1518,0.14129930582261652
339,1189,1528,0.14133231484882158
338,1195,1533,0.14136251681158882
334,1195,1529,0.14139294348239392
327,1194,1521,0.14142873842516615
333,1181,1514,0.14147862227643757
319,1185,1504,0.14151100080942958
320,1186,1506,0.1415737888132645
324,1182,1506,0.14163082115749384
323,1191,1514,0.1416741522978384
320,1191,1511,0.14171566116506054
321,1189,1510,0.1417623933592713
320,1196,1516,0.14180399271034855
316,1204,1520,0.1418453365637024
315,1205,1520,0.14189461540169734
312,1193,1505,0.1419434341078324
311,1189,1500,0.1419968584358376
306,1182,1488,0.14205040022063742
307,1177,1484,0.1421135690562016
305,1196,1501,0.14216918245715987
307,1196,1503,0.14222533532813036
307,1199,1506,0.14227373912619964
303,1191,1494,0.14231722985857234
307,1197,1504,0.14236681981902563
310,1197,1507,0.14240363950666604
308,1196,1504,0.14243085433816238
309,1201,1510,0.1424602602375542
303,1219,1522,0.1424856057574381
309,1207,1516,0.1425222877212464
307,1210,1517,0.14254391633542518
307,1212,1519,0.14257036398496623
309,1214,1523,0.1425948050561076
303,1215,1518,0.1426137781209356
306,1204,1510,0.14264388606076875
306,1203,1509,0.14266518996469296
305,1206,1511,0.14268548667559158
304,1218,1522,0.1427052558133495
302,1213,1515,0.1427274857854192
299,1203,1502,0.14275270651851388
293,1216,1509,0.142785312638465
301,1196,1497,0.1428298700269091
295,1205,1500,0.14285350362264343
289,1221,1510,0.1428884000552026
288,1223,1511,0.1429342099451387
289,1225,1514,0.14298152292199828
288,1230,1518,0.14302301754623262
288,1226,1514,0.1430644077047681
290,1225,1515,0.14310409218107015
292,1232,1524,0.1431379577175505
288,1228,1516,0.1431624885701771
283,1225,1508,0.14319495571842963
286,1210,1496,0.14323624257642997
285,1221,1506,0.14326646705667678
278,1223,1501,0.1432967885386267
285,1231,1516,0.14334132146712228
289,1231,1520,0.14336479871514993
292,1229,1521,0.14337495952490673
289,1229,1518,0.14337923098646516
288,1226,1514,0.14339150593470595
295,1220,1515,0.14340596517151363
293,1212,1505,0.14340312811351708
291,1226,1517,0.14340639625883014
298,1238,1536,0.14341362016803993
292,1234,1526,0.14340433847196687
295,1226,1521,0.14341118740612505
297,1218,1515,0.143412258368053
288,1221,1509,0.14340820253858266
291,1218,1509,0.14342582050038075
293,1232,1525,0.14343615157093054
298,1229,1527,0.14344062176066463
293,1233,1526,0.14343317268639555
293,1235,1528,0.14343832924282862
290,1226,1516,0.1434440107476452
291,1230,1521,0.1434541528760816
291,1240,1531,0.14346141771653742
292,1236,1528,0.14346767009158687
290,1229,1519,0.1434721212437331
297,1222,1519,0.14348111486827936
295,1221,1516,0.1434701984197691
294,1223,1517,0.14346623494253682
294,1226,1520,0.1434621717895906
294,1228,1522,0.14345963969713488
295,1220,1515,0.1434585308105403
296,1215,1511,0.14345699677044216
298,1220,1518,0.14345135460902658
297,1224,1521,0.14344068140124883
288,1218,1506,0.14343276000308605
291,1228,1519,0.14344662148397666
292,1223,1515,0.1434523519680762
289,1222,1511,0.14345385828463242
291,1224,1515,0.14346419508536165
287,1223,1510,0.14346901047375074
290,1220,1510,0.14348372624244785
289,1229,1518,0.1434899362879289
293,1238,1531,0.14349776525933602
293,1230,1523,0.14349432530652828
290,1219,1509,0.14349151241079747
293,1210,1503,0.143494292208187
297,1222,1519,0.14348971167948088
288,1227,1515,0.14347636237718592
291,1221,1512,0.14348449481757697
288,1219,1507,0.14348348062939434
289,1218,1507,0.1434905398864765
288,1220,1508,0.14349446097160826
281,1227,1508,0.14350094993982856
283,1220,1503,0.1435229116033251
291,1231,1522,0.14353887236337434
294,1231,1525,0.14353553794402454
291,1227,1518,0.14352298006022685
291,1228,1519,0.1435175701837985
292,1232,1524,0.14351447301413262
292,1230,1522,0.14351077552499625
292,1231,1523,0.14350921273981093
296,1233,1529,0.14350760214457012
297,1222,1519,0.14349572454289528
293,1223,1516,0.14348213824273182
290,1222,1512,0.14347942188870802
293,1224,1517,0.14348438078038928
288,1227,1515,0.1434841170197629
290,1225,1515,0.1434934502727989
292,1226,1518,0.14349831414436223
293,1220,1513,0.14349801912490145
289,1228,1517,0.14349503179116155
291,1235,1526,0.14350333952800523
295,1224,1519,0.1435052714186082
291,1226,1517,0.1434965785350139
296,1221,1517,0.14349816622951972
291,1225,1516,0.1434898433824721
291,1227,1518,0.14349262403653032
284,1215,1499,0.14349609200014077
286,1224,1510,0.14351377118215963
289,1231,1520,0.1435241091815856
289,1227,1516,0.14352661189779256
288,1226,1514,0.1435314740275553
287,1226,1513,0.1435384880897242
286,1238,1524,0.14354675913824758
287,1242,1529,0.14355756089528196
292,1240,1532,0.14356364347599435
288,1237,1525,0.14355643187007167
287,1234,1521,0.14356067862177077
286,1222,1508,0.14356775542616007
285,1227,1512,0.14357878504532226
282,1218,1500,0.14359223756930362
286,1229,1515,0.14361212233265613
283,1235,1518,0.14362110067722506
283,1228,1511,0.143637352175282
282,1231,1513,0.1436510796130347
276,1244,1520,0.14366709098356048
280,1244,1524,0.14369651964204957
283,1229,1512,0.14371361359107457
280,1246,1526,0.14372175534654505
278,1245,1523,0.14373736998722056
276,1236,1512,0.1437578103211046
273,1245,1518,0.14378199406009687
275,1249,1524,0.14381127777409783
277,1252,1529,0.14383401159728662
274,1234,1508,0.14384853974958825
275,1228,1503,0.14386959132840485
275,1232,1507,0.14388559674914286
271,1237,1508,0.14390088843021887
270,1238,1508,0.14392461302034096
267,1242,1509,0.14395044431271256
269,1248,1517,0.14398007550504716
264,1245,1509,0.14400301710438113
266,1255,1521,0.14403433679734934
274,1258,1532,0.14406002978197555
275,1255,1530,0.14406557207624143
275,1252,1527,0.14406946676722035
272,1251,1523,0.1440732686121604
272,1255,1527,0.14408288065610916
270,1261,1531,0.1440920435060416
273,1256,1529,0.14410630200345134
272,1252,1524,0.144112247926864
270,1256,1526,0.14412020833208422
267,1247,1514,0.144133294065216
272,1250,1522,0.14415092109971517
272,1250,1522,0.14415520009653335
275,1251,1526,0.14415973673731963
272,1237,1509,0.14415454233126318
272,1234,1506,0.14415619517145672
278,1220,1498,0.14415643502169714
277,1240,1517,0.1441407679029008
276,1244,1520,0.1441281785513256
275,1250,1525,0.14412076548079075
271,1239,1510,0.1441148390944479
278,1240,1518,0.14412104237271747
271,1242,1513,0.1441111509096391
270,1236,1506,0.14411862096037337
274,1226,1500,0.14412693118842068
278,1230,1508,0.14412535879289265
272,1234,1506,0.14411347468555147
276,1236,1512,0.14411745003121995
279,1243,1522,0.1441129414384842
277,1240,1517,0.14410147727121742
277,1241,1518,0.14409471351237513
271,1249,1520,0.14408717860987685
274,1238,1512,0.14409509494398798
274,1245,1519,0.14409516460268176
273,1242,1515,0.14409596518568457
271,1235,1506,0.1441002465694276
274,1229,1503,0.14410815674311547
275,1236,1511,0.14410895716522906
277,1239,1516,0.14410886626124061
279,1237,1516,0.14410382354420923
273,1236,1509,0.14409517595119595
277,1234,1511,0.1441008549039488
276,1241,1517,0.1440953273935216
278,1241,1519,0.14409102138627738
276,1244,1520,0.14408264046209798
271,1248,1519,0.14408046721566772
262,1245,1507,0.14409004539684964
262,1245,1507,0.1441203197381679
266,1264,1530,0.14414840289462877
264,1258,1522,0.14416357432367347
262,1247,1509,0.1441819507917984
261,1247,1508,0.14420447679933646
256,1247,1503,0.14422830203840206
254,1259,1513,0.14426080835007518
254,1265,1519,0.14429775262662786
253,1248,1501,0.1443326705050174
248,1248,1496,0.14436892896729023
247,1250,1497,0.1444148106317277
245,1254,1499,0.14446060333285732
245,1263,1508,0.144505842605722
245,1260,1505,0.14454783673847463
249,1247,1496,0.14458730914012857
251,1255,1506,0.14461621467414432
252,1250,1502,0.14463814982150439
244,1262,1506,0.14465628693359725
246,1273,1519,0.14469180757375352
248,1262,1510,0.14472026431278137
250,1256,1506,0.1447418935448516
246,1273,1519,0.14475720774334075
248,1264,1512,0.14477896393315529
249,1270,1519,0.1447958461235976
249,1265,1514,0.14480822871782825
240,1262,1502,0.14482063945353538
244,1266,1510,0.1448505764494163
245,1265,1510,0.14487126443798093
246,1256,1502,0.1448888752396813
249,1262,1511,0.14490432618779783
247,1273,1520,0.1449122186179573
247,1263,1510,0.1449231488892877
252,1257,1509,0.14493461385875192
254,1261,1515,0.144932429199641
250,1248,1498,0.14492670825631138
246,1255,1501,0.14493077204986463
244,1263,1507,0.14494080336329207
247,1269,1516,0.14495675234103886
249,1278,1527,0.14496309849103123
257,1279,1536,0.1449618224104394
259,1275,1534,0.14494440860091476
254,1267,1521,0.14492388370629514
254,1264,1518,0.14491797644263504
254,1268,1522,0.14491137636205267
252,1263,1515,0.14490505627290418
247,1266,1513,0.1449044706411608
250,1270,1520,0.14491757664066762
247,1267,1514,0.14492346118174695
240,1253,1493,0.144935848492029
242,1248,1490,0.14496251859742496
240,1272,1512,0.14498345774337068
242,1273,1515,0.14500860035668026
235,1266,1501,0.14502739689350375
240,1269,1509,0.14506102202358057
239,1283,1522,0.14508083094338833
239,1263,1502,0.14510286432678016
237,1270,1507,0.14512348331982206
235,1277,1512,0.14514721412757467
232,1277,1509,0.14517399964451294
236,1270,1506,0.14520557734133463
238,1272,1510,0.14522567578763065
236,1282,1518,0.1452411081689977
234,1288,1522,0.14526094971699954
229,1270,1499,0.14528354541905483
227,1273,1500,0.14531325882479876
225,1268,1493,0.14534439774036176
224,1274,1498,0.1453782563213492
225,1276,1501,0.14541183042733072
221,1269,1490,0.14544106749237976
219,1276,1495,0.1454778191100843
220,1277,1497,0.1455171087600591
221,1276,1497,0.14555036856076076
218,1283,1501,0.14557790980474047
216,1295,1511,0.14561122830384846
212,1286,1498,0.1456466424457379
223,1276,1499,0.1456901762467971
227,1281,1508,0.1457022740118209
226,1287,1513,0.14570396450300482
233,1279,1512,0.1457076735961039
230,1281,1511,0.1456936867028038
228,1290,1518,0.14568764790166033
225,1290,1515,0.1456880887805803
221,1290,1511,0.14569553419968137
220,1276,1496,0.14571368820896913
218,1280,1498,0.14573444917518277
218,1289,1507,0.14575826224032265
215,1296,1511,0.14578001090892434
214,1294,1508,0.14580913763011033
217,1288,1505,0.14583985819186499
210,1283,1493,0.14586050376456539
216,1287,1503,0.1458948358044546
218,1298,1516,0.14591360978573817
218,1309,1527,0.14592749690909385
209,1312,1521,0.1459401307099387
202,1310,1512,0.14597407395976952
202,1316,1518,0.14602250512698578
204,1302,1506,0.14606913160304924
209,1300,1509,0.14610689103598304
209,1303,1512,0.1461314015461653
210,1299,1509,0.14615256233880364
209,1306,1515,0.14617155646545865
206,1302,1508,0.1461917781227819
206,1308,1514,0.14621768937313306
203,1313,1516,0.14624154153221564
204,1316,1520,0.14627162649813222
201,1316,1517,0.14629747199896082
192,1322,1514,0.14632881943051054
188,1312,1500,0.14637858306972057
186,1306,1492,0.14643511453959449
191,1299,1490,0.14649406799432893
191,1308,1499,0.14653737002809694
194,1306,1500,0.1465769038757426
197,1322,1519,0.14660541433391297
197,1309,1506,0.14662636247027294
192,1311,1503,0.14664728482825923
188,1311,1499,0.14667740037686824
190,1323,1513,0.14671417168571907
186,1311,1497,0.1467449965572193
189,1328,1517,0.1467830023819851
191,1314,1505,0.14680962588298624
191,1325,1516,0.14682857192941628
186,1331,1517,0.14684492899417137
184,1332,1516,0.14687202405336044
184,1333,1517,0.14690361258182658
180,1345,1525,0.1469340667359074
179,1339,1518,0.14697168742434363
177,1334,1511,0.1470102442780497
176,1334,1510,0.14705107109771912
177,1332,1509,0.14709127109073236
178,1337,1515,0.147127025965753
184,1338,1522,0.14715897297724576
181,1347,1528,0.14717071315207617
179,1346,1525,0.14718981651975116
177,1341,1518,0.14721225505201874
182,1342,1524,0.14723882772701294
176,1358,1534,0.1472520497808148
178,1344,1522,0.14727938781778127
180,1336,1516,0.147299351869325
177,1328,1505,0.14731492416988307
172,1343,1515,0.1473371261111666
171,1350,1521,0.14736875289972887
173,1356,1529,0.14739971370615015
173,1353,1526,0.14742459057545967
172,1350,1522,0.14744765887418293
171,1353,1524,0.14747246788035864
167,1366,1533,0.14749906139726865
165,1350,1515,0.14753351674533463
165,1346,1511,0.1475693856262904
166,1333,1499,0.1476039518610933
163,1350,1513,0.14763470540402993
168,1349,1517,0.1476685260522826
162,1348,1510,0.14768863271392946
164,1347,1511,0.14772122198726786
167,1343,1510,0.14774641207769104
171,1334,1505,0.14776037068184641
168,1339,1507,0.14776433487641685
163,1348,1511,0.14777513745270326
158,1344,1502,0.14779835667812516
154,1342,1496,0.14783204799834007
152,1340,1492,0.14787186111339135
155,1350,1505,0.14791402888602945
154,1359,1513,0.14794445877143897
160,1344,1504,0.14797647468066233
161,1349,1510,0.14799224473618125
157,1351,1508,0.1480047679021058
155,1349,1504,0.14802725434372369
157,1336,1493,0.14805154959586303
163,1345,1508,0.14806843865579464
168,1340,1508,0.14806862762707557
172,1341,1513,0.14805629218713282
167,1339,1506,0.14803406285354298
169,1344,1513,0.14802611947304523
171,1350,1521,0.14801388330458784
172,1341,1513,0.1479979512293759
171,1343,1514,0.14798229562374948
167,1342,1509,0.1479712042365376
171,1342,1513,0.1479715319885284
171,1337,1508,0.147961616258174
177,1330,1507,0.14795204683521676
173,1343,1516,0.1479275588734359
171,1342,1513,0.1479152745944565
172,1341,1513,0.14790889363273962
164,1338,1502,0.14790244533302382
162,1345,1507,0.14791658563099044
166,1346,1512,0.14793457859797463
168,1347,1515,0.1479408073282656
163,1345,1508,0.14794242409761058
157,1366,1523,0.14795600814718526
160,1357,1517,0.14798295454938393
159,1362,1521,0.14800039471637766
163,1350,1513,0.14802029410524017
158,1344,1502,0.14802894859948512
158,1340,1498,0.14804823066348585
154,1345,1499,0.14806715699010753
158,1345,1503,0.14809434526102494
154,1343,1497,0.14810948794185014
150,1353,1503,0.14813297574273862
151,1358,1509,0.1481629053555063
155,1360,1515,0.1481888906568943
159,1354,1513,0.14820439396396
153,1351,1504,0.14820963173404503
155,1355,1510,0.14822859524872256
151,1349,1500,0.14824089927989678
153,1354,1507,0.1482623961755486
156,1363,1519,0.1482774815612565
154,1362,1516,0.1482840029643094
153,1349,1502,0.14829549178447182
149,1355,1504,0.1483082187538803
151,1357,1508,0.14832894192402332
147,1362,1509,0.14834366106461375
146,1369,1515,0.1483674372283813
144,1360,1504,0.14839204136044346
148,1373,1521,0.14841838984479883
146,1366,1512,0.14843220009085695
143,1365,1508,0.14845020205719858
146,1367,1513,0.14847506339185382
144,1368,1512,0.14849190290884826
141,1369,1510,0.1485130288546844
137,1382,1519,0.14853823777746616
142,1383,1525,0.1485735317815309
140,1374,1514,0.14859476246953351
138,1380,1518,0.14862019161114964
138,1376,1514,0.14864931381766233
138,1380,1518,0.14867574517983642
134,1379,1513,0.1486996491744618
132,1386,1518,0.148731390605251
133,1382,1515,0.14876647338542404
135,1379,1514,0.14879744865780656
132,1378,1510,0.14882077339708702
133,1381,1514,0.14885036318119826
131,1385,1516,0.1488751643808312
130,1389,1519,0.14890272000175275
133,1378,1511,0.148930274434441
132,1382,1514,0.14895004429574688
133,1393,1526,0.1489714203981147
131,1386,1517,0.14899008720521165
130,1383,1513,0.14901285051927313
129,1385,1514,0.14903769334031888
128,1384,1512,0.1490632690673102
130,1399,1529,0.1490899950136334
130,1387,1517,0.14911025810663187
129,1381,1510,0.1491298707446508
127,1378,1505,0.14915045597183652
123,1393,1516,0.14917263846044
123,1396,1519,0.14920321742094522
125,1384,1509,0.14923149062844857
124,1395,1519,0.14925339681012129
122,1392,1514,0.1492750701909548
121,1398,1519,0.14930075322162523
118,1392,1510,0.14932726432148205
115,1409,1524,0.14935935548492282
117,1407,1524,0.14939490001373193
118,1406,1524,0.1494223049581372
117,1390,1507,0.14944546018306923
118,1382,1500,0.14946799474116085
119,1387,1506,0.1494876556092347
118,1399,1517,0.14950478376632773
119,1389,1508,0.14952301483522895
117,1387,1504,0.14953897504383173
121,1397,1518,0.14955945099493007
121,1394,1515,0.14956846648999658
121,1388,1509,0.14957657516828118
119,1390,1509,0.14958435850911708
116,1396,1512,0.14959659252244908
117,1405,1522,0.14961494200498562
121,1407,1528,0.1496287332712263
119,1403,1522,0.1496318578447235
118,1390,1508,0.14963968380388604
117,1391,1508,0.14964950375225958
115,1400,1515,0.14966196931403616
107,1407,1514,0.14967757251301497
104,1415,1519,0.14971114815229108
104,1424,1528,0.14975019010318724
105,1428,1533,0.14978734467512594
108,1425,1533,0.14981992360525376
108,1425,1533,0.14984364363103406
109,1409,1518,0.14986501573402772
107,1410,1517,0.14988187997146898
108,1403,1511,0.14990173260027317
109,1415,1524,0.1499184147411384
109,1405,1514,0.14993132161526568
108,1395,1503,0.14994357325342011
108,1404,1512,0.1499567823651092
107,1393,1500,0.14996923976455354
103,1410,1513,0.1499840375447674
105,1411,1516,0.15000801997311053
102,1410,1512,0.15002554938957086
102,1401,1503,0.1500493430888574
106,1410,1516,0.15007125953562872
103,1406,1509,0.1500823711339579
103,1406,1509,0.15010006199885856
105,1399,1504,0.15011650681728445
103,1407,1510,0.15012791030136033
106,1411,1517,0.15014331305698433
104,1419,1523,0.15015059140487189
101,1422,1523,0.15016248889370856
103,1420,1523,0.15018067053032436
106,1424,1530,0.15019379909416108
102,1417,1519,0.15019909088152228
101,1412,1513,0.15021346925621717
98,1401,1499,0.15022753189305374
99,1416,1515,0.1502480323568565
99,1419,1518,0.15026462244335434
101,1421,1522,0.1502805040100952
102,1418,1520,0.15028867531273793
101,1431,1532,0.15029465565213843
105,1419,1524,0.15030312381372696
104,1410,1514,0.15030014610002143
101,1403,1504,0.15030013255911537
100,1402,1502,0.1503059270977677
99,1415,1514,0.1503146414929925
99,1412,1511,0.15032587939677086
100,1420,1520,0.1503358710982792
97,1414,1511,0.15034250721496348
95,1410,1505,0.15035608460590047
95,1434,1529,0.1503743945977692
97,1429,1526,0.15039161233024548
98,1428,1526,0.15040150208525244
96,1419,1515,0.15040898430049862
98,1426,1524,0.15042134701030388
100,1421,1521,0.15042825345461466
101,1421,1522,0.15042989682222319
101,1423,1524,0.15042827293132896
96,1408,1504,0.15042728397283373
98,1416,1514,0.15043819362496064
96,1420,1516,0.15044302209075933
96,1410,1506,0.15045375503048067
97,1415,1512,0.15046423745192025
97,1416,1513,0.1504693782300225
96,1416,1512,0.15047462363263292
98,1421,1519,0.15048101753207846
98,1409,1507,0.15048199878098092
93,1401,1494,0.15048371917129347
97,1405,1502,0.15049751450809074
100,1420,1520,0.15050191781893324
99,1417,1516,0.15049868458986734
94,1414,1508,0.15049871545209118
101,1417,1518,0.15051082404576252
99,1431,1530,0.15050413973706606
98,1424,1522,0.1505029507691185
101,1415,1516,0.15050476473834123
102,1416,1518,0.15049998707091794
100,1441,1541,0.15049369350438774
100,1423,1523,0.15049293417773166
100,1409,1509,0.15049256618973106
95,1411,1506,0.15049273394624535
91,1405,1496,0.15050461501940643
92,1404,1496,0.1505247795709453
93,1412,1505,0.1505408057525152
92,1426,1518,0.15055394851463183
93,1414,1507,0.150567983308978
94,1416,1510,0.15057837156638068
92,1415,1507,0.1505851893827491
92,1424,1516,0.15059597590381288
92,1429,1521,0.15060671374646772
94,1426,1520,0.15061734798588858
96,1420,1516,0.15062243932222155
95,1414,1509,0.1506231567614627
95,1417,1512,0.15062651074161612
94,1411,1505,0.15062914340567068
95,1417,1512,0.15063440145685203
94,1420,1514,0.15063670594972975
94,1421,1515,0.15064089808952194
95,1440,1535,0.15064407569669758
96,1422,1518,0.1506450129264889
95,1423,1518,0.15064228098968657
91,1422,1513,0.15064271417224398
93,1419,1512,0.15065236934650178
91,1411,1502,0.15065740595054408
89,1414,1503,0.15066604705790201
87,1420,1507,0.1506794375486525
87,1430,1517,0.15069697558733108
88,1422,1510,0.15071399184127013
87,1424,1511,0.15072770535703517
87,1419,1506,0.15074188795964458
90,1417,1507,0.15075451557984101
88,1430,1518,0.15076002144845085
88,1413,1501,0.1507704164816549
86,1418,1504,0.15078050308350993
84,1402,1486,0.15079518837095818
81,1410,1491,0.15081147804511322
83,1415,1498,0.15083381551746164
83,1427,1510,0.15085010207936975
84,1425,1509,0.15086550277433128
85,1429,1514,0.1508782995401902
83,1411,1494,0.15088753964342644
81,1427,1508,0.15090103373647487
82,1417,1499,0.15091631175318285
83,1427,1510,0.1509284627849649
84,1423,1507,0.15093827792832515
85,1429,1514,0.15094492200027695
83,1417,1500,0.1509473568274748
81,1419,1500,0.15095422795980107
81,1410,1491,0.150965668851632
81,1408,1489,0.1509772055571406
81,1421,1502,0.15098682395621377
76,1430,1506,0.15099552956892637
80,1434,1514,0.1510160262560596
79,1441,1520,0.1510248056548265
81,1441,1522,0.15103612328985389
82,1438,1520,0.1510422468814711
80,1435,1515,0.15104556562034444
81,1442,1523,0.1510533635846736
81,1455,1536,0.15105883187318006
80,1452,1532,0.15106280949303313
81,1449,1530,0.15106957303171378
84,1443,1527,0.15107385963228995
84,1448,1532,0.15107099176450398
83,1450,1533,0.15106872695771328
83,1441,1524,0.15106862214283637
84,1436,1520,0.15106934780529063
86,1436,1522,0.15106806432082448
88,1414,1502,0.15106197293972115
88,1430,1518,0.15105165943082605
86,1429,1515,0.15104195113706326
85,1445,1530,0.1510369557009985
84,1439,1523,0.15103530460830142
86,1433,1519,0.1510365440336188
88,1425,1513,0.15103347182340682
83,1433,1516,0.15102553801718233
80,1456,1536,0.15102988282793445
80,1447,1527,0.15104107664455715
81,1439,1520,0.15105162665275107
82,1434,1516,0.15105806392745874
81,1439,1520,0.15106264578641274
81,1437,1518,0.15106976464380806
78,1442,1520,0.1510753855485436
76,1438,1514,0.15108778613194757
77,1441,1518,0.1511038039511306
80,1424,1504,0.15111582642955101
80,1442,1522,0.1511197250089635
77,1447,1524,0.15112367466916043
78,1444,1522,0.15113478457628954
79,1445,1524,0.1511433045101504
77,1438,1515,0.1511495086327547
76,1441,1517,0.15116021142629318
74,1450,1524,0.15117271016676692
74,1447,1521,0.15118889978015584
75,1442,1517,0.1512042047534786
75,1443,1518,0.15121631281671305
76,1444,1520,0.15122801615749426
76,1458,1534,0.15123648529037412
76,1457,1533,0.15124491874837256
75,1435,1510,0.15125183984371088
74,1437,1511,0.15126103574703262
74,1445,1519,0.15127217067612675
74,1450,1524,0.15128133321733941
77,1461,1538,0.15128982165089122
77,1438,1515,0.1512909803334995
76,1451,1527,0.15129170164104772
73,1460,1533,0.15129478673106578
74,1459,1533,0.15130419111260401
74,1458,1532,0.15130957368817152
74,1434,1508,0.15131407066143168
73,1444,1517,0.15131866412069603
73,1447,1520,0.15132637788357942
74,1435,1509,0.15133300663560306
72,1430,1502,0.15133756419935004
70,1437,1507,0.15134685253117847
73,1439,1512,0.1513604928520977
73,1441,1514,0.1513646713646486
75,1443,1518,0.1513679313910986
75,1442,1517,0.1513650506785879
76,1430,1506,0.1513630493306555
77,1429,1506,0.15135885195927973
76,1425,1501,0.15135321804225255
79,1437,1516,0.15134913046396598
77,1440,1517,0.15133848592588342
78,1438,1516,0.15133417452311318
77,1433,1510,0.1513285259254763
79,1438,1517,0.15132541371498343
79,1441,1520,0.1513186679672177
79,1444,1523,0.1513117685124433
75,1447,1522,0.1513046445134016
77,1455,1532,0.15130750211857694
76,1437,1513,0.15130528378761882
74,1432,1506,0.15130619553202906
74,1447,1521,0.15131209366146148
75,1450,1525,0.15131829548669143
74,1449,1523,0.1513216315463411
73,1446,1519,0.15132720573837102
74,1447,1521,0.1513346381637561
75,1445,1520,0.15133868830457764
77,1437,1514,0.15134093484131142
74,1441,1515,0.1513370334156544
77,1442,1519,0.15134000649297807
77,1426,1503,0.15133507118019598
79,1428,1507,0.15133077083893168
81,1443,1524,0.15131991328245994
82,1448,1530,0.15130577507975182
84,1446,1530,0.15129110422242675
83,1431,1514,0.15127288871487038
84,1431,1515,0.15125865066748148
81,1423,1504,0.15124407052010524
80,1439,1519,0.1512375837693731
79,1443,1522,0.15123448940312081
79,1440,1519,0.1512345425376208
79,1441,1520,0.15123483491647494
79,1446,1525,0.1512357377092153
79,1434,1513,0.1512361657332565
78,1448,1526,0.15123727531728914
76,1453,1529,0.15124073363512658
76,1445,1521,0.1512490603767936
75,1446,1521,0.15125702413708264
76,1440,1516,0.15126634177700665
77,1444,1521,0.15127105284447215
77,1440,1517,0.151272914080363
76,1444,1520,0.1512740004509732
76,1445,1521,0.15127660186592948
74,1440,1514,0.15127907568129287
73,1445,1518,0.15128657699880063
76,1439,1515,0.15129647365444499
77,1444,1521,0.15129965932304607
75,1432,1507,0.15129915254750734
76,1442,1518,0.15130391048081898
73,1435,1508,0.15130646078751867
75,1434,1509,0.15131650166510383
74,1439,1513,0.15132078620790496
73,1440,1513,0.15132651868540337
75,1439,1514,0.15133418562654044
77,1423,1500,0.15133706136448816
76,1426,1502,0.1513351185344982
78,1429,1507,0.15133548089272675
78,1433,1511,0.15133172023876237
77,1443,1520,0.15132792835295678
79,1441,1520,0.1513260771091204
79,1431,1510,0.15131916058587186
81,1432,1513,0.15131274553723081
81,1435,1516,0.15130163661268697
82,1443,1525,0.15129048543131593
81,1444,1525,0.15127769268800056
81,1453,1534,0.1512688257114355
78,1445,1523,0.15126136792930886
77,1437,1514,0.15126216920876545
75,1438,1513,0.1512647336560831
75,1435,1510,0.15127221826982265
77,1449,1526,0.15127968615697873
76,1447,1523,0.15128253790110432
77,1442,1519,0.15128690371618758
75,1447,1522,0.1512893762196546
74,1443,1517,0.15129605340038177
76,1455,1531,0.1513047432724146
75,1461,1536,0.1513073062328009
71,1455,1526,0.15131247594836084
74,1453,1527,0.1513266539669691
76,1441,1517,0.1513325057924193
77,1439,1516,0.15133270796789056
73,1447,1520,0.15133137447340264
74,1448,1522,0.15133923699103063
74,1451,1525,0.15134396132714684
74,1444,1518,0.1513490423831227
73,1448,1521,0.15135328543507423
76,1447,1523,0.15136005752301318
74,1444,1518,0.15135921076442505
73,1450,1523,0.151363482217732
71,1437,1508,0.1513702071247306
71,1436,1507,0.15138131259583448
73,1432,1505,0.15139182133799628
75,1431,1506,0.15139581189884221
74,1439,1513,0.15139450488705136
73,1447,1520,0.15139605523307237
72,1443,1515,0.15140082847123865
75,1451,1526,0.15140784206887034
75,1449,1524,0.15140577178011239
75,1447,1522,0.15140409430252866
70,1449,1519,0.15140318222235216
73,1452,1525,0.15141404137261952
74,1437,1511,0.15141753008396763
75,1435,1510,0.15141907550654976
74,1431,1505,0.15141799635406045
74,1436,1510,0.15141983997056946
73,1458,1531,0.15141996744432829
74,1463,1537,0.15142176157669024
73,1447,1520,0.1514219113569041
74,1448,1522,0.15142467658656
74,1442,1516,0.15142545534267848
75,1439,1514,0.15142544939453317
78,1440,1518,0.151422770267155
78,1423,1501,0.15141292587129038
76,1438,1514,0.15140441522242892
77,1441,1518,0.1514013832388223
77,1451,1528,0.1513969322881137
74,1459,1533,0.15139329821940076
76,1462,1538,0.15139751375217259
77,1459,1536,0.15139521192352975
77,1444,1521,0.15139135648038074
74,1445,1519,0.15138826421096666
74,1440,1514,0.15139241181749097
73,1440,1513,0.1513966463904714
74,1448,1522,0.1514031342595549
76,1448,1524,0.15140711541243299
73,1449,1522,0.15140561666307728
73,1449,1522,0.15141103595222383
74,1449,1523,0.1514151639298257
72,1444,1516,0.15141625522806318
73,1443,1516,0.1514219659885058
74,1447,1521,0.1514247758069547
76,1437,1513,0.1514256687960137
74,1438,1512,0.1514214424758835
75,1449,1524,0.15142233263595528
74,1443,1517,0.15141970577690406
76,1459,1535,0.15142002061229248
75,1446,1521,0.1514155501113814
75,1441,1516,0.15141428901115606
73,1433,1506,0.1514123112179548
72,1433,1505,0.15141533782833305
74,1444,1518,0.1514208941691927
74,1446,1520,0.1514205224891785
72,1448,1520,0.151420214467615
71,1456,1527,0.15142458789445823
72,1459,1531,0.15143076649137807
73,1454,1527,0.15143435791371154
72,1444,1516,0.1514363799536361
72,1452,1524,0.1514407828189944
72,1441,1513,0.1514453689512922
70,1453,1523,0.1514489657241792
69,1456,1525,0.15145718078003642
68,1453,1521,0.15146744972591766
72,1458,1530,0.1514787790666979
74,1439,1513,0.15148008143090963
73,1450,1523,0.15147711306082925
72,1463,1535,0.15147692894641532
72,1462,1534,0.15147939806648947
74,1453,1527,0.15148218170251024
73,1447,1520,0.1514800291114466
74,1450,1524,0.15148060495305737
68,1446,1514,0.15147829936804547
69,1444,1513,0.15149008639371747
70,1442,1512,0.15149888955526503
68,1431,1499,0.15150494798760136
68,1440,1508,0.15151515154230058
65,1441,1506,0.15152487415109697
67,1431,1498,0.1515409186999716
70,1434,1504,0.15155143330679435
65,1437,1502,0.15155451311902998
66,1447,1513,0.15156864526389305
63,1443,1506,0.15157899097773048
61,1453,1514,0.15159580659244162
60,1449,1509,0.15161549211193934
61,1452,1513,0.15163587654872476
60,1451,1511,0.15165321181406355
61,1460,1521,0.15167091994362078
57,1460,1517,0.1516854871601616
57,1461,1518,0.15170826330093334
59,1452,1511,0.15172997220090634
56,1456,1512,0.15174536940587138
56,1457,1513,0.15176675539326256
50,1465,1515,0.15178714257823075
51,1465,1516,0.15181971417227763
53,1453,1506,0.1518472001815358
51,1452,1503,0.15186852724531627
49,1455,1504,0.15189326231025413
50,1448,1498,0.15192127074856632
50,1456,1506,0.15194540989751978
51,1469,1520,0.15196820611684633
51,1458,1509,0.15198768088344447
50,1466,1516,0.1520062445544677
48,1460,1508,0.1520262102270722
45,1460,1505,0.15204944392963893
45,1453,1498,0.15207780511298882
47,1457,1504,0.15210415275010092
46,1463,1509,0.15212390460226113
46,1456,1502,0.15214486838125482
49,1467,1516,0.1521643814172579
49,1456,1505,0.1521747862412842
49,1460,1509,0.15218496603471887
46,1474,1520,0.1521948950923513
44,1468,1512,0.15221074336358356
42,1466,1508,0.15223034690358161
42,1477,1519,0.15225234519949793
42,1475,1517,0.15227313315843027
43,1478,1521,0.15229282640723096
43,1479,1522,0.1523093194570132
41,1477,1518,0.15232511553685654
44,1474,1518,0.15234449970356703
44,1480,1524,0.15235501134936327
44,1465,1509,0.15236485153972013
43,1472,1515,0.15237446606576652
44,1472,1516,0.15238693121148306
44,1483,1527,0.1523948805823702
43,1470,1513,0.1524020443114071
42,1458,1500,0.15241130796891428
42,1452,1494,0.15242253251077287
44,1471,1515,0.15243329240353287
44,1480,1524,0.15243806607128685
42,1478,1520,0.15244295118336026
42,1491,1533,0.15245219537275573
40,1481,1521,0.15246021961921039
37,1485,1522,0.15247142947281153
37,1478,1515,0.15248850736963215
36,1475,1511,0.15250474667326105
37,1484,1521,0.15252302796275743
38,1489,1527,0.1525381951424237
39,1495,1534,0.15255033781052857
39,1483,1522,0.15255853970266076
39,1489,1528,0.15256584447894003
39,1494,1533,0.1525729000865701
41,1503,1544,0.1525801546991255
38,1495,1533,0.15258085467916882
40,1494,1534,0.15258847448239776
38,1483,1521,0.15259076666190358
37,1481,1518,0.15259775901035336
36,1485,1521,0.15260661986886573
38,1478,1516,0.15261761439814728
39,1480,1519,0.15262288008312436
39,1473,1512,0.15262628328371095
38,1474,1512,0.1526299411225695
38,1475,1513,0.1526359776762103
37,1491,1528,0.15264201925955914
39,1491,1530,0.15265001569414344
39,1496,1535,0.1526526037901498
38,1491,1529,0.15265541447483222
40,1484,1524,0.1526606615961422
41,1494,1535,0.15266004920044784
41,1482,1523,0.15265751038978315
40,1478,1518,0.15265552905350213
39,1469,1508,0.15265619347911918
39,1464,1503,0.1526593282677931
40,1464,1504,0.1526625647526831
38,1477,1515,0.15266351716460805
38,1482,1520,0.15266900629381186
37,1483,1520,0.1526743942105805
39,1480,1519,0.1526814780702336
38,1481,1519,0.15268285716347138
38,1469,1507,0.1526867399012345
39,1471,1510,0.15269049136520557
36,1468,1504,0.1526920427008187
36,1483,1519,0.15270025077171615
34,1477,1511,0.15270817756814986
33,1483,1516,0.1527200921459724
35,1474,1509,0.15273248204309947
34,1459,1493,0.1527399026472848
35,1476,1511,0.15274925999080488
34,1483,1517,0.1527557519261302
35,1491,1526,0.15276427521782285
37,1483,1520,0.15276923413548882
36,1490,1526,0.1527684261129967
36,1485,1521,0.15277025554186824
35,1492,1527,0.1527710034402721
34,1494,1528,0.15277513125860537
33,1487,1520,0.1527815124989522
32,1487,1519,0.152789993017295
31,1475,1506,0.1527999568592296
32,1474,1506,0.15281061360539652
31,1476,1507,0.15281868487454486
29,1482,1511,0.1528287513154386
32,1481,1513,0.15284264492884223
32,1480,1512,0.15284756334621694
33,1472,1505,0.15285265622455096
29,1473,1502,0.15285294759938073
30,1480,1510,0.15286376080051334
32,1485,1517,0.1528712205133796
31,1490,1521,0.15287318582571585
33,1486,1519,0.15287777783725814
34,1483,1517,0.15287503531473537
34,1482,1516,0.15287027339355036
35,1487,1522,0.1528665988354762
34,1482,1516,0.1528605892214129
34,1482,1516,0.15285829902576187
34,1484,1518,0.1528556737367043
34,1483,1517,0.15285389661345342
34,1488,1522,0.15285284978035674
34,1479,1513,0.15285242889873993
32,1488,1520,0.15285193671793051
32,1478,1510,0.1528568348789775
31,1479,1510,0.15286150549124217
30,1482,1512,0.15286853200269143
28,1485,1513,0.15287780450636138
29,1481,1510,0.15289128647677683
30,1484,1514,0.15290136504188243
31,1496,1527,0.15290828494985825
32,1486,1518,0.152912528900232
32,1481,1513,0.1529144662507963
32,1477,1509,0.1529166317026871
32,1480,1512,0.15291690466864152
33,1475,1508,0.1529166397010615
33,1468,1501,0.15291414561664549
29,1487,1516,0.15291234474819806
29,1484,1513,0.1529202232001947
31,1490,1521,0.15292801647564033
31,1492,1523,0.15293087203169844
32,1481,1513,0.1529339248957004
32,1481,1513,0.15293395977911287
30,1481,1511,0.15293439291558802
29,1492,1521,0.15293993379488957
29,1483,1512,0.15294746033085022
31,1491,1522,0.15295540586508888
32,1495,1527,0.15295688849529465
32,1495,1527,0.15295629637794067
31,1476,1507,0.15295606869219433
30,1490,1520,0.15295832678934793
31,1468,1499,0.15296291023683564
33,1486,1519,0.15296465029894882
34,1476,1510,0.1529600540387637
34,1470,1504,0.1529529285197627
34,1471,1505,0.15294607477133784
34,1466,1500,0.1529400033170043
34,1470,1504,0.1529336894534392
35,1485,1520,0.15292832268437218
34,1469,1503,0.15292051318718272
34,1475,1509,0.15291487177724844
35,1480,1515,0.15291018218914273
35,1489,1524,0.1529018366696209
32,1481,1513,0.15289468029163994
34,1493,1527,0.15289573030723083
31,1491,1522,0.15289257971651257
29,1492,1521,0.152897355034546
25,1499,1524,0.1529066229942809
25,1496,1521,0.1529254645665769
28,1493,1521,0.15294336106566964
28,1495,1523,0.15295317564374866
26,1496,1522,0.15296167143933548
26,1492,1518,0.152974247690945
26,1483,1509,0.1529865312469246
30,1495,1525,0.15299829768707657
27,1502,1529,0.15299796628553625
29,1505,1534,0.153004641989517
29,1479,1508,0.15300600797505914
30,1482,1512,0.15300776654837805
29,1496,1525,0.15300707201430633
29,1492,1521,0.1530090123767141
30,1492,1522,0.15301016847831841
26,1490,1516,0.15300945777135283
26,1497,1523,0.1530193036680271
27,1506,1533,0.15302880360905088
27,1490,1517,0.15303370601147745
29,1491,1520,0.15303762262851173
29,1476,1505,0.1530353289805471
30,1479,1509,0.1530338096661674
29,1492,1521,0.15302967988659646
26,1496,1522,0.1530285891905216
27,1480,1507,0.15303537948106552
28,1479,1507,0.1530398912257012
29,1480,1509,0.15304125547406636
29,1489,1518,0.15304067393222398
30,1484,1514,0.1530394680648228
29,1474,1503,0.15303540584088005
29,1487,1516,0.15303492151675377
29,1489,1518,0.15303444830557858
29,1483,1512,0.1530344725281062
28,1471,1499,0.15303491839738187
28,1491,1519,0.15303678591223935
29,1487,1516,0.15303899022553025
29,1489,1518,0.15303818789826484
29,1477,1506,0.1530369751061564
28,1483,1511,0.1530363523280902
28,1491,1519,0.1530376337852254
29,1485,1514,0.15303980752487295
29,1495,1524,0.15303956523294374
27,1495,1522,0.15303848502766074
27,1473,1500,0.1530423922845966
28,1500,1528,0.15304650465181863
29,1499,1528,0.15304759274200708
29,1488,1517,0.15304585023645711
30,1482,1512,0.153044731575303
29,1500,1529,0.1530397602475302
28,1501,1529,0.1530388289344209
27,1500,1527,0.1530406370339789
27,1494,1521,0.15304490750547992
28,1489,1517,0.1530493082959691
28,1487,1515,0.15305062281704973
29,1492,1521,0.15305116570762603
29,1479,1508,0.15304888242783732
29,1477,1506,0.15304728066934994
29,1473,1502,0.1530462663735333
29,1497,1526,0.15304575628551237
29,1498,1527,0.15304567680700754
29,1500,1529,0.15304484340728905
29,1496,1525,0.15304351330975582
30,1499,1529,0.153042753145629
30,1497,1527,0.1530392980976225
29,1479,1508,0.15303655243146744
29,1485,1514,0.15303671150332818
28,1492,1520,0.15303725606126548
29,1498,1527,0.15304043007868207
29,1488,1517,0.1530413523881103
28,1489,1517,0.15304251687830195
26,1493,1519,0.1530460172904741
25,1500,1525,0.15305383177572549
25,1491,1516,0.15306355984785422
25,1492,1517,0.15307289376597694
26,1483,1509,0.15308169071149835
25,1491,1516,0.15308678120406288
25,1486,1511,0.15309398011447425
25,1482,1507,0.15310098986216775
26,1489,1515,0.1531076111956435
27,1485,1512,0.15311153927526508
26,1485,1511,0.15311279485850593
26,1491,1517,0.1531166892149055
27,1481,1508,0.15312055550418308
26,1489,1515,0.15312001651921292
24,1488,1512,0.1531222603294184
24,1486,1510,0.153129059449185
25,1487,1512,0.15313573527501914
23,1501,1524,0.1531399830973674
23,1509,1532,0.15314857765480677
25,1517,1542,0.153156872380277
25,1504,1529,0.15315839641510656
25,1494,1519,0.15315913862537767
25,1497,1522,0.15316060121214087
25,1487,1512,0.15316126992341392
26,1489,1515,0.15316155637614887
26,1497,1523,0.15315905633445484
27,1502,1529,0.15315725500622926
27,1492,1519,0.15315258846076368
25,1485,1510,0.15314877930222856
27,1489,1516,0.1531501202435502
26,1475,1501,0.1531452385946695
26,1464,1490,0.15314356772106286
22,1459,1481,0.15314248288900562
23,1485,1508,0.15315135023262624
23,1486,1509,0.15315738573784404
23,1487,1510,0.1531626011796505
23,1483,1506,0.15316794809475284
22,1490,1512,0.1531729763766354
22,1480,1502,0.15318074524316855
22,1497,1519,0.15318836053672708
22,1497,1519,0.15319580055533877
20,1492,1512,0.15320304792626666
20,1499,1519,0.15321438284982786
18,1497,1515,0.15322567112030605
18,1491,1509,0.1532407536058881
21,1488,1509,0.15325505456356517
21,1504,1525,0.15326062262432857
22,1517,1539,0.15326507421043417
23,1516,1539,0.1532671637347002
23,1512,1535,0.15326618160765768
23,1518,1541,0.1532656579703504
24,1500,1524,0.153265526262847
24,1483,1507,0.15325923416964268
24,1494,1518,0.153253911231015
25,1482,1507,0.1532494344631333
25,1488,1513,0.1532425862799801
25,1499,1524,0.15323635159791832
26,1499,1525,0.15323113224710547
29,1498,1527,0.15322357683860524
29,1496,1525,0.15320754583100543
27,1499,1526,0.153193353724318
27,1510,1537,0.1531854212116867
27,1500,1527,0.15317865111385953
27,1502,1529,0.15317290756148952
28,1493,1521,0.15316806919373344
28,1495,1523,0.15316074805668123
28,1498,1526,0.15315443369243792
28,1487,1515,0.15314901096021308
27,1486,1513,0.15314437689674182
27,1477,1504,0.15314208437736124
27,1482,1509,0.15314035824174088
26,1489,1515,0.1531382117087228
26,1478,1504,0.1531389826292138
26,1484,1510,0.15314008158603376
27,1480,1507,0.15314120014629723
27,1505,1532,0.15314018702091642
28,1494,1522,0.15313955965144516
26,1503,1529,0.15313601694624
24,1502,1526,0.15313842505672765
26,1502,1528,0.15314538515365472
24,1503,1527,0.15314753329142786
23,1498,1521,0.15315403832112928
24,1487,1511,0.15316243716984632
22,1502,1524,0.153168275166098
21,1491,1512,0.1531782526838808
20,1497,1517,0.1531899207064655
22,1498,1520,0.15320331588250669
22,1493,1515,0.1532111342160066
22,1494,1516,0.15321752132320235
23,1493,1516,0.15322375976331506
23,1489,1512,0.15322756177557717
23,1505,1528,0.15323134076269998
23,1506,1529,0.1532350779353112
23,1499,1522,0.15323767683420375
22,1496,1518,0.15324037481747635
21,1495,1516,0.15324530421672353
21,1496,1517,0.1532523691169759
21,1504,1525,0.15325918565459248
22,1494,1516,0.15326575106083
25,1490,1515,0.1532696595990176
24,1487,1511,0.15326372632425522
24,1496,1520,0.15326125897736217
21,1494,1515,0.15325879429718603
20,1483,1503,0.15326328601184247
21,1489,1510,0.15327001271430415
22,1496,1518,0.1532743630536413
22,1492,1514,0.15327642066764613
21,1502,1523,0.15327863999951893
21,1488,1509,0.15328322622018092
22,1494,1516,0.15328666075842115
21,1479,1500,0.15328782627443366
21,1495,1516,0.15329047211723268
20,1497,1517,0.15329331355065676
22,1493,1515,0.15329863323805928
23,1484,1507,0.153298202554356
23,1495,1518,0.15329574868189286
24,1495,1519,0.15329381612263393
24,1478,1502,0.15328909539784402
23,1487,1510,0.15328415716536026
23,1492,1515,0.15328212860923124
24,1499,1523,0.15328063871811864
24,1500,1524,0.15327643303612987
23,1490,1513,0.15327212608962434
24,1489,1513,0.15327114693127375
23,1485,1508,0.15326833840013473
23,1493,1516,0.15326822045727126
23,1490,1513,0.15326843355871053
22,1497,1519,0.15326892629898464
21,1486,1507,0.15327220526366908
21,1502,1523,0.15327765869193516
21,1506,1527,0.15328296150835008
20,1499,1519,0.1532881054410857
19,1497,1516,0.15329529356584973
19,1485,1504,0.15330435826584277
18,1485,1503,0.1533129834191238
18,1489,1507,0.15332334625951247
18,1493,1511,0.15333317022322338
19,1489,1508,0.15334247903390666
19,1485,1504,0.15334881964771754
18,1499,1517,0.15335377042382636
16,1503,1519,0.15336076454378889
17,1496,1513,0.1533718519179222
18,1496,1514,0.1533801376952307
16,1496,1512,0.15338487522920086
16,1491,1507,0.15339384318093646
17,1491,1508,0.1534015153141848
18,1490,1508,0.15340574060541778
18,1501,1519,0.1534068123574953
18,1497,1515,0.15340759817242072
19,1490,1509,0.15340879499963633
19,1486,1505,0.15340695489422695
20,1479,1499,0.15340461103505548
20,1473,1493,0.1534002632503971
22,1497,1519,0.15339673296993325
21,1488,1509,0.15338893144803342
22,1496,1518,0.15338430824330487
23,1500,1523,0.1533767168270991
23,1510,1533,0.1533678091979134
24,1497,1521,0.15335998164522255
24,1492,1516,0.15334985764782544
26,1506,1532,0.1533408962539503
25,1494,1519,0.15332642646240635
24,1500,1524,0.15331583506708427
24,1494,1518,0.15330776295555543
24,1502,1526,0.1533005058763972
23,1496,1519,0.15329426000878893
21,1503,1524,0.15329081682573586
22,1501,1523,0.15329287458354415
23,1506,1529,0.15329278394927898
22,1502,1524,0.15329078821553485
22,1495,1517,0.15329170229373346
22,1488,1510,0.15329285755739247
23,1499,1522,0.15329421032067767
24,1487,1511,0.15329245519098106
25,1495,1520,0.1532885162967133
24,1489,1513,0.15328188500755002
24,1486,1510,0.15327823591842168
24,1493,1517,0.15327518185213118
25,1496,1521,0.1532726504856612
25,1493,1518,0.15326821157070547
24,1498,1522,0.15326433641473192
25,1489,1514,0.1532631297987511
25,1492,1517,0.15325895840359643
24,1484,1508,0.15325462377617438
21,1490,1511,0.15325352196142814
21,1494,1515,0.15326010987336197
21,1501,1522,0.1532664751373744
20,1492,1512,0.15327261380976018
20,1488,1508,0.15328068034984077
19,1478,1497,0.1532887294991427
20,1492,1512,0.15329873369734467
20,1502,1522,0.15330390322861637
19,1505,1524,0.15330901618038287
19,1502,1521,0.1533161919268052
19,1507,1526,0.15332215672965657
18,1498,1516,0.15332708024905264
18,1508,1526,0.153334190008679
18,1497,1515,0.15334011033062753
17,1496,1513,0.15334606331671263
17,1504,1521,0.15335417502415732
17,1501,1518,0.15336211368111966
17,1491,1508,0.15336985854700205
17,1496,1513,0.1533773931789968
17,1494,1511,0.15338470487678513
18,1502,1520,0.15339066371879292
17,1510,1527,0.15339435850677735
15,1503,1518,0.1534005649780097
14,1500,1514,0.15341092159618314
14,1512,1526,0.153422984766575
15,1511,1526,0.15343449368183926
15,1514,1529,0.15344262763380848
15,1506,1521,0.15345047963897135
16,1501,1517,0.15345804615541986
16,1513,1529,0.15346223910368573
16,1512,1528,0.15346642339452463
16,1494,1510,0.15347057571960407
17,1505,1522,0.15347467648610139
16,1512,1528,0.15347544658986234
15,1507,1522,0.15347865828592824
14,1521,1535,0.15348413953457402
14,1521,1535,0.1534916392362597
14,1517,1531,0.15349887225979944
14,1522,1536,0.15350583633555248
14,1522,1536,0.15351141273279414
13,1524,1537,0.153516896388018
11,1523,1534,0.1535245509043258
12,1513,1525,0.15353637387121957
14,1509,1523,0.15354524567658648
13,1495,1508,0.1535472234032273
13,1503,1516,0.1535515831162888
14,1508,1522,0.15355600592962193
14,1501,1515,0.15355731842101727
16,1500,1516,0.1535589143985802
16,1493,1509,0.15355518279531313
16,1507,1523,0.1535520955918134
15,1495,1510,0.15354900828577392
15,1503,1518,0.15354866520752578
15,1494,1509,0.15354808722183413
15,1485,1500,0.1535479245605955
16,1481,1497,0.1535481151648371
16,1491,1507,0.1535461892269767
17,1501,1518,0.1535440561483616
19,1486,1505,0.15353914151046996
19,1502,1521,0.1535291710614792
19,1488,1507,0.15352031847157957
19,1477,1496,0.1535124665787672
19,1485,1504,0.1535055100678188
19,1487,1506,0.1534993542969494
20,1491,1511,0.15349309252103532
19,1501,1520,0.15348519742785238
19,1501,1520,0.15348079082458274
19,1495,1514,0.1534765887441829
19,1492,1511,0.15347275481752656
19,1489,1508,0.1534694431735143
18,1496,1514,0.15346659417923952
18,1505,1523,0.15346572267192543
16,1502,1518,0.15346517707850885
17,1490,1507,0.15346919704162695
18,1500,1518,0.15347098032309098
18,1494,1512,0.1534705865828743
18,1501,1519,0.1534704175128659
18,1496,1514,0.15347044011006578
18,1490,1508,0.15347062523540525
18,1493,1511,0.1534709472008822
18,1488,1506,0.15347138339882027
18,1492,1510,0.15347191396906423
18,1498,1516,0.15347143870638721
18,1508,1526,0.15347051245641052
18,1503,1521,0.15346978032821626
19,1500,1519,0.153469327074516
19,1493,1512,0.15346585991406209
20,1489,1509,0.15346150394855107
21,1491,1512,0.15345453939191409
21,1486,1507,0.15344704290087527
21,1489,1510,0.15343956576521617
20,1477,1497,0.15343294393677173
20,1466,1486,0.15342988951954661
20,1493,1513,0.15342665217018603
21,1489,1510,0.15342279085377378
21,1497,1518,0.15341683935001527
21,1508,1529,0.15341164595826437
21,1500,1521,0.15340733741571655
20,1491,1511,0.1534035931828069
20,1507,1527,0.15340248285672275
21,1498,1519,0.15340168684795905
21,1509,1530,0.15339860367434735
19,1504,1523,0.15339594832603623
19,1499,1518,0.153398125547811
19,1506,1525,0.1534003511995234
19,1493,1512,0.15340260470619282
19,1490,1509,0.15340486845217566
20,1489,1509,0.1534063433707848
20,1491,1511,0.1534057077820542
19,1503,1522,0.15340529542611303
17,1505,1522,0.15340729913216195
18,1494,1512,0.15341377516849647
19,1491,1510,0.15341669630493
19,1500,1519,0.15341732147371073
19,1498,1517,0.15341811772530745
19,1500,1519,0.1534190544483445
19,1496,1515,0.15342010484177396
17,1493,1510,0.15342124549546654
16,1504,1520,0.15342675769731312
17,1501,1518,0.1534346968113377
18,1508,1526,0.15343847252943058
18,1497,1515,0.1534399531451617
15,1501,1516,0.1534415517789448
16,1501,1517,0.15344975182728177
16,1493,1509,0.1534544269237804
18,1497,1515,0.15345906770758988
18,1483,1501,0.15345802866143946
18,1490,1508,0.15345738221400645
18,1485,1503,0.15345707260657698
17,1496,1513,0.1534570505469227
18,1487,1505,0.153459415751982
18,1486,1504,0.15345923177883602
19,1489,1508,0.1534593022116245
19,1494,1513,0.153457246575865
18,1500,1518,0.15345553295840492
19,1513,1532,0.1534567267329462
19,1503,1522,0.1534547287187653
19,1492,1511,0.15345308033793148
19,1495,1514,0.15345173834643602
17,1504,1521,0.1534506642429163
18,1507,1525,0.15345418706637046
17,1509,1526,0.15345429515668488
17,1490,1507,0.15345739464455202
16,1486,1502,0.1534604725623124
15,1494,1509,0.1534656685459172
16,1487,1503,0.15347290856042758
14,1497,1511,0.15347731271080803
14,1509,1523,0.15348589002836696
13,1488,1501,0.15349407207047414
14,1498,1512,0.15350402905189767
14,1505,1519,0.15351096752557078
12,1513,1525,0.15351761114548051
12,1506,1518,0.15352829896252337
12,1500,1512,0.1535384379188842
11,1496,1507,0.15354805129181834
10,1496,1506,0.1535593310886524
11,1497,1508,0.1535723890364873
11,1499,1510,0.15358225021769426
11,1509,1520,0.15359157875131807
11,1511,1522,0.1536004003971537
9,1512,1521,0.15360873999719782
10,1504,1514,0.15362002098940827
9,1509,1518,0.1536279537311441
11,1509,1520,0.1536377284472881
11,1504,1515,0.15364231864169953
11,1504,1515,0.15364682009080724
12,1498,1510,0.1536512196336221
13,1510,1523,0.15365297812269585
13,1502,1515,0.15365235005166228
13,1486,1499,0.15365194829307183
13,1496,1509,0.15365174099123055
13,1499,1512,0.15365169996376363
13,1507,1520,0.15365180031189946
13,1495,1508,0.1536520200703733
12,1496,1508,0.1536523398930192
13,1492,1505,0.15365496873098924
14,1495,1509,0.1536542942364326
13,1501,1514,0.15365080543263168
13,1497,1510,0.15364993889213197
13,1500,1513,0.15364934938377645
13,1503,1516,0.15364899827867604
13,1513,1526,0.15364885140621862
13,1509,1522,0.15364887857907297
13,1515,1528,0.15364905316676444
12,1507,1519,0.15364935171296806
12,1500,1512,0.1536523397731074
11,1502,1513,0.1536552153091594
11,1503,1514,0.15366020279835005
11,1500,1511,0.15366493739324172
10,1511,1521,0.15366942952998242
10,1515,1525,0.1536758518478184
10,1513,1523,0.15368192116978466
9,1517,1526,0.153686544976385
9,1514,1523,0.15369318414942473
9,1512,1521,0.15369954293327978
10,1507,1517,0.15370562630631018
10,1494,1504,0.15370908408129516
10,1489,1499,0.15371244178904725
9,1490,1499,0.15371569485653203
9,1497,1506,0.15372098997430755
9,1492,1501,0.15372604473120174
8,1501,1509,0.1537308657173875
8,1505,1513,0.1537376185046972
8,1509,1517,0.1537440208413222
9,1515,1524,0.15375008808252638
12,1509,1521,0.153752556171425
10,1500,1510,0.153746237456685
10,1507,1517,0.15374590225280443
10,1508,1518,0.15374582421498348
10,1511,1521,0.15374596480792901
11,1508,1519,0.15374629004994722
11,1507,1518,0.1537436175808353
10,1504,1514,0.1537413601917249
9,1511,1520,0.1537420863702374
11,1506,1517,0.1537452063325303
10,1506,1516,0.15374267731136826
10,1498,1508,0.15374279886845257
10,1499,1509,0.15374312665398332
8,1508,1516,0.15374362736141695
8,1512,1520,0.1537494357261515
8,1501,1509,0.15375496644324316
8,1478,1486,0.1537602288921395
6,1490,1496,0.15376523262048047
6,1502,1508,0.15377430225114863
6,1496,1502,0.1537828713725598
5,1514,1519,0.15379096533929182
5,1520,1525,0.15380099023109595
5,1515,1520,0.15381042291969135
5,1514,1519,0.15381929765511818
6,1515,1521,0.15382764677977598
6,1510,1516,0.15383293663191933
6,1505,1511,0.15383795513855011
6,1518,1524,0.15384271389011378
6,1509,1515,0.1538472242492676
6,1526,1532,0.15385149731851425
6,1512,1518,0.15385554391427358
6,1513,1519,0.1538593745465694
4,1510,1514,0.15386299940359918
4,1508,1512,0.1538707311139969
4,1502,1506,0.1538780162882903
4,1508,1512,0.1538848798364665
4,1522,1526,0.15389134536801888
5,1533,1538,0.15389743525049437
5,1524,1529,0.15389991877897
5,1515,1520,0.15390237046754612
5,1507,1512,0.15390478073075065
5,1516,1521,0.1539071416807442
5,1510,1515,0.1539094469161753
6,1526,1532,0.15391169133432553
6,1517,1523,0.1539105982663049
6,1512,1518,0.15390974370477192
6,1504,1510,0.15390909672737232
7,1510,1517,0.15390862985981582
7,1506,1513,0.15390504748363862
7,1505,1512,0.15390190475893112
7,1492,1499,0.1538991536272025
6,1501,1507,0.1538967510031629
6,1506,1512,0.15389708239415426
6,1502,1508,0.15389751687122363
6,1521,1527,0.15389803626949777
5,1513,1518,0.15389862467646664
6,1515,1521,0.15390143330437378
5,1517,1522,0.15390191747538776
5,1503,1508,0.15390468218241765
4,1496,1500,0.15390734603451814
5,1506,1511,0.15391205993511073
4,1520,1524,0.15391326507258088
4,1532,1536,0.1539167202404975
4,1519,1523,0.15392010731951472
4,1513,1517,0.15392341665100273
4,1519,1523,0.15392664050289462
3,1516,1519,0.153929772822656
3,1516,1519,0.15393497681217652
3,1505,1508,0.1539399499428099
3,1515,1518,0.15394469799709387
3,1512,1515,0.15394922720329132
3,1523,1526,0.15395354413121073
2,1516,1518,0.1539576556018163
2,1516,1518,0.15396382128051467
2,1503,1505,0.1539696508367014
2,1517,1519,0.1539751609585725
2,1509,1511,0.15398036768285878
2,1506,1508,0.15398528639920436
2,1524,1526,0.15398993185769924
2,1521,1523,0.15399431817904138
2,1519,1521,0.15399845886686897
2,1504,1506,0.15400236682186033
2,1526,1528,0.1540060543572491
2,1511,1513,0.15400953321544805
2,1513,1515,0.15401281458551547
2,1506,1508,0.15401590912123186
2,1514,1516,0.1540188269595888
2,1506,1508,0.1540215777395167
2,1508,1510,0.15402417062070606
2,1519,1521,0.1540266143023959
2,1526,1528,0.15402891704202382
2,1530,1532,0.1540310866736487
2,1535,1537,0.15403313062607174
2,1526,1528,0.15403505594059483
3,1515,1518,0.15403686928836638
3,1525,1528,0.15403531737116508
3,1520,1523,0.15403396976348527
3,1523,1526,0.15403280337405134
2,1524,1526,0.1540317975504244
2,1529,1531,0.1540338254559969
2,1523,1525,0.1540357331634051
2,1527,1529,0.15403752767826748
2,1535,1537,0.15403921560976902
2,1522,1524,0.15404080319188704
2,1530,1532,0.1540422963036072
2,1515,1517,0.15404370048816274
2,1512,1514,0.1540450209713331
2,1522,1524,0.15404626267883573
2,1513,1515,0.1540474302528466
2,1508,1510,0.15404852806768457
2,1517,1519,0.15404956024469343
2,1515,1517,0.15405053066635588
2,1516,1518,0.15405144298967322
2,1505,1507,0.15405230065884276
2,1503,1505,0.15405310691726523
2,1518,1520,0.15405386481891273
2,1525,1527,0.15405457723908764
2,1533,1535,0.15405524688460137
2,1525,1527,0.15405587630340084
2,1516,1518,0.15405646789366997
2,1506,1508,0.15405702391243253
2,1510,1512,0.1540575464836804
2,1506,1508,0.15405803760605227
2,1500,1502,0.15405849916008565
3,1501,1504,0.15405893291506362
3,1519,1522,0.15405613625591344
3,1511,1514,0.15405361000636192
3,1514,1517,0.1540513279977617
3,1510,1513,0.1540492665953392
3,1513,1516,0.1540474044527535
3,1518,1521,0.1540457222904352
3,1521,1524,0.1540442026954013
3,1533,1536,0.15404282994046414
3,1518,1521,0.15404158982095642
3,1522,1525,0.1540404695072737
3,1519,1522,0.15403945741170297
3,1520,1523,0.15403854306815173
3,1514,1517,0.15403771702352886
3,1510,1513,0.15403697073964723
3,1516,1519,0.15403629650462922
3,1512,1515,0.15403568735289425
2,1519,1521,0.15403513699289662
2,1511,1513,0.1540369888944998
2,1501,1503,0.15403872883230804
2,1512,1514,0.15404036354059777
2,1503,1505,0.15404189935210166
1,1503,1504,0.15404334222160135
1,1519,1520,0.15404685299964643
0,1505,1505,0.15405015123514093
