1367,29,1396,0.13579591914643657
1394,30,1424,0.1329522393894775
1418,30,1448,0.13029274013901293
1430,33,1463,0.1278087116260168
1447,34,1481,0.12551670122649722
1451,35,1486,0.12338420347847479
1451,33,1484,0.1214363673505112
1446,33,1479,0.11966449061661771
1446,35,1481,0.11806956132374836
1444,32,1476,0.11661827613050839
1472,31,1503,0.11530571752615196
1472,31,1503,0.11404026362501966
1481,28,1509,0.11288398640505123
1456,27,1483,0.11180894954865483
1443,29,1472,0.11089331317652278
1454,29,1483,0.1100939538912474
1456,29,1485,0.10934110624159174
1462,27,1489,0.10865426118129448
1459,26,1485,0.10801623786113962
1460,26,1486,0.1074404077353925
1458,28,1486,0.10691507984027339
1461,29,1490,0.10644249391235616
1466,30,1496,0.10600683740947268
1452,31,1483,0.10559924240016734
1449,31,1480,0.10526107965265304
1448,34,1482,0.1049621105363807
1440,34,1474,0.10469417273278517
1446,33,1479,0.104466903402622
1458,35,1493,0.10424753316901869
1471,35,1506,0.10402160007144304
1460,35,1495,0.10378594435923973
1465,34,1499,0.10359694549476053
1460,36,1496,0.1034153741005393
1450,37,1487,0.1032612482892005
1453,38,1491,0.10314217414101562
1439,40,1479,0.10302679990748104
1442,40,1482,0.10295372989893789
1445,41,1486,0.10288117092943118
1445,39,1484,0.10280975762393235
1439,39,1478,0.10274453919811188
1441,38,1479,0.10269872468301898
1466,37,1503,0.10265244474813834
1459,37,1496,0.10255500137721515
1465,35,1500,0.10248063745285961
1467,36,1503,0.10239915980509673
1464,36,1500,0.10232072790178379
1468,34,1502,0.10225560512784035
1474,34,1508,0.1021874361817898
1466,35,1501,0.10211277333372352
1470,37,1507,0.10206219680921513
1453,39,1492,0.10200877431796478
1461,39,1500,0.10199825583584826
1444,41,1485,0.10196942527059669
1444,41,1485,0.10198254982167568
1453,41,1494,0.10199480922009417
1456,39,1495,0.10198605682436152
1460,36,1496,0.10197223903001493
1455,36,1491,0.10194999995901012
1450,37,1487,0.10194109343403727
1444,39,1483,0.10194663441414488
1434,40,1474,0.10196434399363966
1448,41,1489,0.10200234916592416
1442,41,1483,0.10200854473654822
1454,42,1496,0.10202352061827444
1456,42,1498,0.10201311394953891
1456,42,1498,0.10199805018671444
1451,40,1491,0.10198395547126061
1447,38,1485,0.10198427394395605
1437,38,1475,0.10199087721729637
1438,41,1479,0.10201981888386005
1444,43,1487,0.10204394333609787
1441,43,1484,0.10205318372318878
1449,42,1491,0.1020686194896959
1449,42,1491,0.10206607196713258
1430,42,1472,0.10206114554604725
1441,42,1483,0.10210210431620936
1436,42,1478,0.1021155953525537
1440,42,1482,0.10213988874124785
1441,44,1485,0.10215120128125314
1448,47,1495,0.10215638041518854
1448,48,1496,0.10214686262887267
1443,46,1489,0.10214096522928755
1441,45,1486,0.10214649888950796
1439,46,1485,0.10215694924307286
1429,48,1477,0.10216958561706287
1448,47,1495,0.10220472435543358
1450,48,1498,0.10219552366677903
1446,50,1496,0.10218233849668647
1439,50,1489,0.10217959930919303
1436,49,1485,0.10219454940953725
1438,51,1489,0.10221437099966701
1437,52,1489,0.10222816557132244
1430,50,1480,0.10224641732517181
1442,49,1491,0.1022784020194394
1433,50,1483,0.10228035291971231
1432,49,1481,0.10230067567646595
1456,49,1505,0.10232382525784088
1456,50,1506,0.10228880598485833
1437,48,1485,0.10225931399315864
1436,49,1485,0.10227237460348094
1446,50,1496,0.10228729793577443
1451,54,1505,0.10227763807830889
1457,54,1511,0.10225788533829373
1441,56,1497,0.10222542920064108
1446,55,1501,0.10223325731101905
1442,58,1500,0.10223293754581539
1453,59,1512,0.10223925988189211
1455,56,1511,0.10222125092889232
1452,57,1509,0.1021996981117735
1453,55,1508,0.10218781330229731
1462,54,1516,0.10217394729146376
1442,56,1498,0.10214029663492308
1432,58,1490,0.10215396019257757
1435,58,1493,0.10219260496581811
1431,58,1489,0.1022226947240979
1431,57,1488,0.10226024773205494
1430,60,1490,0.10229245664026092
1425,60,1485,0.10232166678957935
1430,58,1488,0.10236186678266272
1423,59,1482,0.10238993058141937
1435,60,1495,0.10243095205700353
1440,62,1502,0.10244133425876724
1442,63,1505,0.10243850840484224
1437,63,1500,0.10243198845394652
1421,62,1483,0.10243676317961083
1412,62,1474,0.10247722482025257
1418,63,1481,0.10253710202476712
1420,62,1482,0.10257928257224357
1423,62,1485,0.10261312312224545
1421,64,1485,0.1026379441093788
1418,63,1481,0.1026667880079291
1420,63,1483,0.10270029542699007
1425,64,1489,0.10272427144322428
1427,62,1489,0.10273494673718106
1415,64,1479,0.10274069894721491
1404,65,1469,0.10277297644547798
1412,68,1480,0.10282819227877686
1416,71,1487,0.1028618430610925
1421,68,1489,0.102883456140083
1417,68,1485,0.10289356569314424
1408,70,1478,0.10290963502330698
1428,73,1501,0.10294839681834783
1425,74,1499,0.10293688167813254
1404,73,1477,0.10293228844511777
1408,71,1479,0.10297571538658577
1413,74,1487,0.10300673903039438
1419,72,1491,0.10302429187796408
1418,74,1492,0.1030267938485991
1416,76,1492,0.10303068216288178
1420,77,1497,0.10303998754353234
1416,77,1493,0.1030405301718091
1425,77,1502,0.10304999885246235
1432,78,1510,0.10303838856788879
1430,76,1506,0.103012981091549
1435,79,1514,0.10299531819807083
1432,76,1508,0.10296856607508129
1423,74,1497,0.1029522135171471
1424,76,1500,0.1029583594252605
1415,73,1488,0.10296138574461672
1424,73,1497,0.1029870279609975
1431,73,1504,0.10298820985993785
1411,72,1483,0.10297304922260693
1417,69,1486,0.10300282220748462
1423,73,1496,0.10301791566610671
1425,78,1503,0.10301915653105816
1420,79,1499,0.10301653755996185
1426,78,1504,0.10302704285961323
1423,77,1500,0.10302290090872018
1430,76,1506,0.10302425389819823
1432,75,1507,0.10300644892188501
1422,72,1494,0.10298827106992517
1411,71,1482,0.10299234468161567
1419,73,1492,0.10302161433100349
1419,74,1493,0.10303172137988453
1415,71,1486,0.10303924344800769
1406,71,1477,0.10305591860912845
1422,71,1493,0.10309101816957074
1410,68,1478,0.10308866036322023
1418,70,1488,0.10311079784664398
1430,72,1502,0.10311417724712964
1428,70,1498,0.10309092913885749
1433,67,1500,0.10307210515132871
1436,69,1505,0.10304363196914998
1432,69,1501,0.10301021407976219
1422,68,1490,0.10299041014083843
1422,66,1488,0.10299361510679164
1419,65,1484,0.10299601338767282
1414,65,1479,0.1030058190565228
1419,64,1483,0.10302491602211608
1419,63,1482,0.10303147752175139
1420,68,1488,0.10303859916319709
1428,69,1497,0.10304278046433009
1429,69,1498,0.10302686170906603
1432,65,1497,0.10300922011738323
1435,64,1499,0.10298480235279495
1434,62,1496,0.102957240658964
1433,63,1496,0.10293073291305176
1428,63,1491,0.10290690805209954
1426,61,1487,0.10289427266997286
1435,61,1496,0.10288696712524267
1449,63,1512,0.10286064613264789
1425,63,1488,0.10280530483701433
1436,62,1498,0.10281097380725651
1439,62,1501,0.10279114566265743
1447,66,1513,0.10276645791236948
1453,65,1518,0.10272751997773191
1422,65,1487,0.1026786508275449
1426,65,1491,0.10270258911596826
1437,67,1504,0.10271679736952966
1437,65,1502,0.10270554728264628
1428,66,1494,0.1026945798346547
1424,67,1491,0.1027027794379397
1423,69,1492,0.1027188488512709
1428,71,1499,0.10273622599998156
1423,69,1492,0.10274272628221627
1430,68,1498,0.10276210475494572
1419,68,1487,0.10276307818354917
1418,66,1484,0.1027890107024379
1428,66,1494,0.10281488592146605
1417,67,1484,0.10281556438653734
1423,67,1490,0.10284074302034167
1423,66,1489,0.10285161691842973
1421,64,1485,0.10286330994090745
1424,65,1489,0.10287874382348346
1433,67,1500,0.10288670715270086
1429,68,1497,0.10287453026431347
1424,69,1493,0.1028713142903921
1425,68,1493,0.10288066886797165
1423,68,1491,0.1028866060566291
1431,65,1496,0.10289449731635933
1419,66,1485,0.10288264566718432
1427,68,1495,0.10289731518004488
1431,69,1500,0.10289509050363838
1434,73,1507,0.10288426252720317
1438,72,1510,0.10286764104863892
1426,73,1499,0.10284338388980363
1418,75,1493,0.10284993644315994
1420,75,1495,0.10287337520401647
1420,77,1497,0.102891702949677
1414,78,1492,0.10290849224507452
1411,78,1489,0.10293652914760124
1402,81,1483,0.1029714199171308
1399,80,1479,0.10302574890648394
1401,80,1481,0.103082660577577
1408,79,1487,0.10313053420312034
1414,78,1492,0.10315765756602739
1416,80,1496,0.1031659753380265
1429,78,1507,0.10316910838154307
1415,77,1492,0.10314333256033059
1415,77,1492,0.10315045653474457
1419,75,1494,0.10315715857001023
1409,73,1482,0.1031535329549378
1407,71,1478,0.10317405787689538
1410,73,1483,0.10319704348907383
1399,75,1474,0.10320960710225124
1404,76,1480,0.10324380680958338
1402,75,1477,0.10326608223609889
1410,76,1486,0.1032903807694813
1406,80,1486,0.10329597815550842
1409,79,1488,0.10330963365835374
1429,82,1511,0.10331682056559352
1425,82,1507,0.10327947231775171
1437,81,1518,0.10325407249603341
1433,81,1514,0.10320346324978591
1423,81,1504,0.10316725462758913
1416,84,1500,0.10315623267681769
1412,84,1496,0.1031631170210174
1415,84,1499,0.10317951089284268
1411,79,1490,0.10318954611585805
1417,81,1498,0.10320562647791974
1420,83,1503,0.10320376695602036
1420,85,1505,0.10319645855367622
1413,84,1497,0.10319114011020208
1399,82,1481,0.10320340296864057
1420,81,1501,0.1032457915009207
1421,81,1502,0.1032375468039018
1424,82,1506,0.10322732935667417
1429,82,1511,0.10321215942498188
1421,82,1503,0.1031863363304102
1418,84,1502,0.10318425168315393
1409,86,1495,0.1031892420296249
1400,88,1488,0.10321461770328653
1401,87,1488,0.10325721644868924
1402,90,1492,0.10329612785431111
1413,89,1502,0.10332979527408373
1411,90,1501,0.10333721216203542
1395,88,1483,0.10334816568768947
1385,85,1470,0.10339287519614054
1397,89,1486,0.1034557171748098
1394,90,1484,0.10348798602989358
1385,92,1477,0.103523145121327
1392,93,1485,0.10357707123091242
1393,94,1487,0.10361339723791049
1402,93,1495,0.10364260313369637
1413,95,1508,0.10364817176569098
1404,94,1498,0.10363070862175812
1413,96,1509,0.10363338004441697
1404,95,1499,0.1036168055048407
1407,94,1501,0.10362001366407472
1403,93,1496,0.10361550658634049
1407,91,1498,0.10362148124065328
1403,91,1494,0.10361497419275935
1409,92,1501,0.10361806201043779
1414,90,1504,0.10360654644819338
1409,92,1501,0.1035873142293826
1397,93,1490,0.10358085601015622
1401,91,1492,0.103602573134731
1407,90,1497,0.1036127982780897
1396,92,1488,0.10360979916564762
1396,88,1484,0.10363307334460167
1400,89,1489,0.1036547296658277
1396,92,1488,0.10366447119990964
1398,92,1490,0.1036849621524994
1393,94,1487,0.10369848235472254
1396,91,1487,0.10372377333797704
1404,91,1495,0.1037405770549843
1402,89,1491,0.10373984083945867
1400,93,1493,0.10374169447188585
1385,90,1475,0.1037453167773862
1393,92,1485,0.10377981778266093
1393,95,1488,0.1037956491651998
1398,97,1495,0.10381120231019057
1406,96,1502,0.10381412697109235
1388,94,1482,0.10379759364577865
1387,94,1481,0.10382255508313812
1400,95,1495,0.10385041908048098
1397,91,1488,0.10384779017090608
1397,89,1486,0.10384805911532823
1402,89,1491,0.10384910417287617
1392,93,1485,0.10383859704312887
1398,95,1493,0.10385174247803665
1403,94,1497,0.10384931582582674
1402,94,1496,0.10383772779381531
1397,93,1490,0.1038263459535197
1400,92,1492,0.1038267517067809
1409,91,1500,0.10382388010948798
1401,93,1494,0.1038026758775641
1393,96,1489,0.10380117713765134
1387,92,1479,0.10381953966529668
1393,93,1486,0.10385078915766854
1400,93,1493,0.10386217646385837
1405,93,1498,0.10385594947342235
1393,90,1483,0.10383838357986275
1386,94,1480,0.10384992419516031
1383,98,1481,0.1038760804085652
1381,99,1480,0.10390846654972537
1378,99,1477,0.10394394763262174
1378,99,1477,0.10398509521749506
1388,100,1488,0.1040227479941755
1394,101,1495,0.1040359023125761
1395,102,1497,0.10403301963027822
1394,102,1496,0.1040259365834828
1393,105,1498,0.10402373464961055
1383,105,1488,0.10402436519710836
1383,107,1490,0.10404643516816797
1384,108,1492,0.10406804308183912
1391,108,1499,0.1040866586431109
1373,109,1482,0.10408898352700703
1381,113,1494,0.10413347356520136
1380,111,1491,0.1041560502826333
1383,116,1499,0.1041788774331621
1387,114,1501,0.10419317459561825
1377,115,1492,0.1041996341480888
1374,115,1489,0.10422958168871432
1362,118,1480,0.10426333735236602
1360,119,1479,0.10432254833442343
1366,123,1489,0.10438221624534538
1369,122,1491,0.10442211321078165
1365,119,1484,0.10445098455340653
1378,117,1495,0.10448737676680668
1363,122,1485,0.10449163660650532
1361,121,1482,0.10452856216830923
1380,124,1504,0.10456708641067085
1363,127,1490,0.10455881031649124
1370,124,1494,0.10459048558112251
1368,124,1492,0.10460364227931812
1372,126,1498,0.10461920294018061
1363,123,1486,0.1046274296166564
1367,124,1491,0.10465520577690005
1368,124,1492,0.10467363969740184
1356,121,1477,0.10468914403004355
1363,120,1483,0.10473129115920331
1360,127,1487,0.10475524005836473
1365,128,1493,0.10478403627790406
1367,130,1497,0.10479807796213937
1369,136,1505,0.10480674039413344
1368,137,1505,0.10481059374129582
1372,141,1513,0.1048173413269237
1376,138,1514,0.10481712331281276
1365,142,1507,0.10480967629990752
1369,143,1512,0.10482648565660427
1363,142,1505,0.10483421338517833
1357,141,1498,0.1048556771661389
1359,141,1500,0.10488892276600797
1353,138,1491,0.10491636609955071
1342,142,1484,0.10495430577241532
1346,144,1490,0.10501518022774235
1337,143,1480,0.1050626126410013
1349,146,1495,0.10512682898666945
1350,149,1499,0.10516123943669459
1344,145,1489,0.10518925835475855
1349,146,1495,0.10522682119670464
1360,148,1508,0.1052493243197462
1343,146,1489,0.10524696083102704
1344,148,1492,0.10528402390716804
1347,150,1497,0.10531811792698399
1345,149,1494,0.10534049919124826
1346,153,1499,0.10536616770611619
1335,154,1489,0.10538875392414067
1328,155,1483,0.10543629688274463
1336,150,1486,0.10549628459449913
1345,150,1495,0.10553363864437994
1345,158,1503,0.10554852622333566
1338,155,1493,0.10556039177759953
1335,154,1489,0.10558737251964727
1338,159,1497,0.10561989911232615
1334,159,1493,0.10564415657145876
1334,156,1490,0.10567515457874337
1340,158,1498,0.10570553515612861
1339,161,1500,0.10572035657258481
1322,161,1483,0.1057383548884411
1314,158,1472,0.1057953569715992
1322,163,1485,0.10586272877516695
1323,163,1486,0.10590523877058697
1325,164,1489,0.10594282689967542
1321,163,1484,0.1059743210442036
1320,167,1487,0.10600796275772834
1315,166,1481,0.10604194395827328
1318,164,1482,0.10608550706809661
1327,167,1494,0.10612132405386777
1334,170,1504,0.10613347391425103
1354,172,1526,0.10613028051320747
1335,172,1507,0.10608238561505953
1343,176,1519,0.10608076228483658
1328,171,1499,0.10606265882173459
1314,175,1489,0.10607949470842062
1314,180,1494,0.10612832585201921
1323,177,1500,0.10617389860578168
1314,178,1492,0.106198738620052
1322,176,1498,0.10624159708105788
1328,174,1502,0.10626323317147925
1313,175,1488,0.10627024098213195
1318,176,1494,0.10630991270745999
1313,180,1493,0.10633704833242552
1299,176,1475,0.10637474874326229
1302,180,1482,0.10644057068020649
1309,182,1491,0.10649803462203934
1315,182,1497,0.10653456839052414
1310,185,1495,0.10655721749593755
1306,185,1491,0.10658747700161048
1293,185,1478,0.10662601495922878
1303,189,1492,0.10669189533634023
1306,185,1491,0.10672838427378953
1312,186,1498,0.10675480978938247
1312,189,1501,0.10676513488254046
1295,182,1477,0.10677630925958397
1299,185,1484,0.10682703924184979
1297,189,1486,0.10686356338457235
1299,186,1485,0.1069035154115111
1299,187,1486,0.1069401731148497
1301,187,1488,0.10697279727893702
1300,186,1486,0.10699922314876317
1297,188,1485,0.10702377508037503
1279,188,1467,0.10705606375358943
1293,184,1477,0.10712583378320499
1309,190,1499,0.10715893593834737
1311,195,1506,0.10715269876068109
1306,197,1503,0.10714155673424544
1311,196,1507,0.10714058914550745
1306,196,1502,0.10712886775698575
1312,196,1508,0.10712954147253889
1293,193,1486,0.10711678247698357
1297,194,1491,0.10714861428043708
1309,198,1507,0.10717114312265438
1297,201,1498,0.10716283353113885
1295,196,1491,0.10718266134783322
1288,199,1487,0.10720609177287774
1299,201,1500,0.10724077824253912
1301,203,1504,0.1072478727444452
1296,203,1499,0.10725205392272356
1296,199,1495,0.10726862137762434
1297,200,1497,0.10728407168037613
1288,206,1494,0.10729792713825383
1283,204,1487,0.10733167338107487
1266,204,1470,0.10737484912320597
1272,204,1476,0.10745427384182747
1277,203,1480,0.10751074441179263
1291,203,1494,0.10755290874718387
1297,206,1503,0.10756094538257938
1291,206,1497,0.10755484427729886
1281,209,1490,0.10756431049668605
1279,204,1483,0.10759313469541869
1287,209,1496,0.10762479821627202
1291,205,1496,0.10763509260022364
1287,200,1487,0.10763630908160664
1313,203,1516,0.10764366622644808
1302,202,1504,0.1075903553457692
1292,207,1499,0.10756522433338432
1288,212,1500,0.10756682340153201
1288,210,1498,0.10757865832427356
1283,212,1495,0.10758948222624692
1282,210,1492,0.10761457987281933
1282,211,1493,0.10764260552145974
1286,211,1497,0.10766690989115325
1293,218,1511,0.10767842257909947
1286,222,1508,0.10767647215955044
1290,222,1512,0.10769070281709842
1279,224,1503,0.10769561551749546
1285,216,1501,0.10772562662685506
1277,216,1493,0.10774045291719127
1282,216,1498,0.1077702206854801
1284,214,1498,0.10778520195865124
1278,215,1493,0.10779493914373905
1277,217,1494,0.1078190117895467
1283,214,1497,0.10784354234497098
1287,218,1505,0.10785182586546334
1282,217,1499,0.10784897657096931
1276,214,1490,0.10785880901921814
1281,220,1501,0.10788272795852011
1282,215,1497,0.1078944533609451
1292,215,1507,0.1079047172752531
1293,217,1510,0.10789173605482814
1292,218,1510,0.10787752185344181
1283,220,1503,0.10786465667574774
1275,215,1490,0.1078728030676887
1274,213,1487,0.10789719414291934
1273,214,1487,0.10792156816236335
1279,213,1492,0.1079478132493299
1281,215,1496,0.10796049732939803
1276,221,1497,0.1079660688508976
1281,223,1504,0.10798129992053869
1272,225,1497,0.1079865472317875
1271,228,1499,0.1080105054855841
1268,231,1499,0.10803580443548594
1262,236,1498,0.1080660182520765
1267,237,1504,0.1081104078893971
1257,236,1493,0.10813856475860849
1258,231,1489,0.10818902174436267
1263,238,1501,0.10823046233508705
1258,239,1497,0.10825778999098254
1266,240,1506,0.10829602818528712
1270,239,1509,0.10831157598986792
1261,239,1500,0.10831779271330316
1269,236,1505,0.10834256955599568
1265,232,1497,0.10835012318357584
1261,238,1499,0.1083661792377968
1264,232,1496,0.10839025825280778
1276,234,1510,0.10840641181671914
1269,236,1505,0.10839325018932106
1256,232,1488,0.10839558071035224
1256,230,1486,0.10842602252645181
1253,230,1483,0.10845424074789504
1255,233,1488,0.10848937446207571
1258,236,1494,0.10851931783133761
1262,228,1490,0.10853688637753262
1247,229,1476,0.10854355812069466
1256,231,1487,0.10858325847976769
1266,231,1497,0.10859746531393988
1276,228,1504,0.1085836013959425
1277,231,1508,0.10854722392825489
1278,227,1505,0.10851140540538723
1272,227,1499,0.10847804630054149
1274,224,1498,0.10845979307653081
1278,226,1504,0.10843993321628545
1281,227,1508,0.10841187924674343
1286,228,1514,0.10838166352251641
1274,230,1504,0.1083420128808656
1263,231,1494,0.10833349632477503
1262,232,1494,0.10834958817784308
1269,229,1498,0.10836720494521244
1270,226,1496,0.10836995630175367
1265,223,1488,0.10837060307860137
1261,226,1487,0.10837974490186422
1272,228,1500,0.10839936607027358
1271,225,1496,0.10839405302721175
1266,225,1491,0.1083920829233661
1275,230,1505,0.10840138328857782
1274,230,1504,0.10838901939191803
1266,231,1497,0.10837817458766345
1272,227,1499,0.10838562989104167
1272,224,1496,0.10838073952349031
1274,220,1494,0.10837643534029276
1275,219,1494,0.10836383684742926
1278,215,1493,0.10835121241061123
1269,218,1487,0.10833259435559509
1274,221,1495,0.10833339394600355
1279,227,1506,0.10832617788891838
1257,231,1488,0.10830899298324898
1255,234,1489,0.1083436830092193
1267,237,1504,0.1083816701516605
1258,236,1494,0.10839041779327634
1260,239,1499,0.10841966448987986
1248,237,1485,0.10844289480190504
1247,234,1481,0.10849086169234998
1248,239,1487,0.10853658579512387
1256,238,1494,0.10857874921049557
1250,240,1490,0.10859667964369377
1253,242,1495,0.10862571767724809
1260,242,1502,0.10864533189841512
1250,246,1496,0.10865028042422445
1258,244,1502,0.10867787648965016
1244,242,1486,0.10868226295498057
1249,240,1489,0.10871705678660348
1252,243,1495,0.10873952892311867
1240,238,1478,0.1087544303667381
1246,247,1493,0.10879955470127474
1258,244,1502,0.10882392245760783
1263,243,1506,0.10882103152218583
1255,243,1498,0.10880873994887054
1255,247,1502,0.10881613217899634
1245,250,1495,0.10882499789657257
1245,255,1500,0.10885505878540748
1231,252,1483,0.10888350469905529
1246,252,1498,0.10894217661752202
1242,252,1494,0.1089622865677253
1239,257,1496,0.10899069367059369
1252,262,1514,0.1090231601694543
1242,262,1504,0.1090221780680183
1234,264,1498,0.10904427608389583
1243,262,1505,0.10908344530536397
1243,262,1505,0.10909987491273093
1253,261,1514,0.10911665729844822
1248,259,1507,0.10911004812360214
1246,260,1506,0.1091144815062131
1242,258,1500,0.10912655798339575
1226,253,1479,0.10914789409507421
1240,262,1502,0.10920398029812066
1230,258,1488,0.10922367425933625
1237,259,1496,0.1092637472810633
1238,251,1489,0.10928571194600556
1228,253,1481,0.10930371549310185
1235,254,1489,0.10934183304262542
1241,254,1495,0.10936035202899536
1253,255,1508,0.10935912692383554
1251,252,1503,0.10933101139049935
1244,256,1500,0.10930839664824989
1237,260,1497,0.10930241822663689
1244,254,1498,0.10931473207821639
1247,254,1501,0.10931170699845084
1237,252,1489,0.10930266208157179
1240,248,1488,0.10931882922289354
1241,250,1491,0.10932629422567462
1237,251,1488,0.10932999424399892
1236,250,1486,0.10934444701511835
1245,253,1498,0.10935732206962058
1239,253,1492,0.10934929587193448
1248,253,1501,0.10935412939368717
1253,250,1503,0.10933558289832114
1250,249,1499,0.10930638837823164
1253,250,1503,0.10928580850807393
1251,243,1494,0.10926126575739413
1253,244,1497,0.10924135021620426
1242,244,1486,0.10921818417265293
1238,247,1485,0.10922243440463397
1236,239,1475,0.10923460802594559
1242,248,1490,0.10925337427842774
1250,246,1496,0.10925546186817842
1244,247,1491,0.10923857294057558
1229,251,1480,0.10923628096119159
1249,259,1508,0.10926935684300322
1250,255,1505,0.10925518680568695
1257,253,1510,0.10923950138262492
1250,254,1504,0.10920824665441163
1253,251,1504,0.10919704527060674
1259,245,1504,0.10918155077943428
1247,242,1489,0.10915511644772623
1253,245,1498,0.10915508097461338
1242,242,1484,0.1091397644108329
1250,241,1491,0.10914618559386285
1250,248,1498,0.10913505629546862
1252,251,1503,0.10912590804633439
1239,256,1495,0.10911409465542408
1250,260,1510,0.10913484338411504
1255,259,1514,0.10912796613909738
1250,261,1511,0.10911015267600717
1253,258,1511,0.10910848329743023
1253,251,1504,0.10910121992983633
1246,251,1497,0.10909590112098379
1243,250,1493,0.10910747947531604
1242,248,1490,0.10912464130665094
1248,251,1499,0.10914142943045414
1235,244,1479,0.10914369251227755
1247,248,1495,0.10917416666188866
1248,246,1494,0.10917481912150898
1238,254,1492,0.10916920980217937
1242,252,1494,0.10918863822705475
1245,248,1493,0.109197820040635
1243,255,1498,0.10920029624936134
1228,251,1479,0.10920556113838593
1230,251,1481,0.10924094673066989
1235,254,1489,0.10927121018224087
1230,256,1486,0.10928555678010426
1242,258,1500,0.10931071979497319
1242,258,1500,0.10930506411776907
1242,256,1498,0.1093002535727407
1244,258,1502,0.1092973329540785
1245,256,1501,0.10928971475483898
1258,257,1515,0.10928215075536872
1258,257,1515,0.10924781449718772
1266,258,1524,0.10921656665207675
1253,260,1513,0.10917133255655452
1241,257,1498,0.10915959305679987
1239,257,1496,0.10917587884097714
1233,256,1489,0.1091959781633043
1238,257,1495,0.10922930782520983
1238,260,1498,0.10924948990976756
1242,256,1498,0.1092690579541492
1238,254,1492,0.1092802754259262
1236,250,1486,0.10929766581304477
1235,254,1489,0.10931833292705065
1241,258,1499,0.10933684149502383
1246,255,1501,0.10934050448963838
1245,262,1507,0.10933572569426596
1240,268,1508,0.10933463692330399
1238,269,1507,0.1093468085054931
1233,274,1507,0.10936199894073574
1213,270,1483,0.10938752796145822
1215,274,1489,0.10945706471299585
1220,274,1494,0.10951871020619486
1218,272,1490,0.109567449092688
1209,277,1486,0.10961678531421787
1225,275,1500,0.10968109014580273
1220,280,1500,0.1097053817554788
1215,280,1495,0.10973917948648239
1213,278,1491,0.1097827656838232
1217,280,1497,0.10982534854862092
1215,277,1492,0.10985614232207745
1214,278,1492,0.10989153736040279
1223,279,1502,0.10992675121875375
1220,281,1501,0.10993566020680039
1211,280,1491,0.10995338760327897
1207,277,1484,0.10999051907563402
1211,281,1492,0.11003524659289181
1217,278,1495,0.11006563854837675
1216,284,1500,0.11007934768310525
1217,287,1504,0.11009408225282179
1221,291,1512,0.1101072954069088
1220,292,1512,0.11011054673354038
1221,290,1511,0.11011829433649326
1204,290,1494,0.1101218570105338
1198,289,1487,0.11016288758870921
1207,295,1502,0.11021532314385951
1204,296,1500,0.11024464676255953
1205,300,1505,0.11027907898108806
1204,307,1511,0.1103082907945229
1207,302,1509,0.11033981142192249
1214,302,1516,0.11036067767448351
1207,301,1508,0.110363750566079
1204,305,1509,0.110380780162263
1199,307,1506,0.11040666079879177
1192,313,1505,0.11044135961574028
1197,309,1506,0.11049084712624989
1185,305,1490,0.11052608208715328
1184,309,1493,0.11058720050377978
1178,316,1494,0.11064747167826956
1190,318,1508,0.1107148036590218
1197,315,1512,0.11075369808251487
1197,309,1506,0.11077501253956715
1199,312,1511,0.11079292848452926
1203,312,1515,0.11080400783749778
1188,307,1495,0.11080436103200465
1195,313,1508,0.11084108535647036
1189,312,1501,0.1108603373162752
1196,317,1513,0.11089203277419646
1180,318,1498,0.11090664350897995
1172,324,1496,0.11095602965582664
1166,327,1493,0.1110200968441007
1170,330,1500,0.11109463287911708
1161,332,1493,0.1111512331008619
1161,329,1490,0.11122398035987036
1168,329,1497,0.11129290110199133
1172,335,1507,0.11133963381410546
1169,334,1503,0.11137465754029406
1168,334,1502,0.1114141471588287
1164,335,1499,0.11145357692532212
1157,334,1491,0.11150169406740923
1158,339,1497,0.11156186149318881
1161,331,1492,0.11161575020692513
1167,336,1503,0.11165547387627214
1173,331,1504,0.11168109782055836
1165,335,1500,0.1116919811165895
1153,339,1492,0.1117188580773146
1168,334,1502,0.11177190408931544
1179,337,1516,0.11178636696923125
1173,334,1507,0.11177399620656409
1175,334,1509,0.11177709178099308
1164,337,1501,0.11177668268409548
1169,335,1504,0.1117988253797222
1164,334,1498,0.11180958580631999
1145,335,1480,0.1118317008637118
1150,340,1490,0.11189529882330956
1143,345,1488,0.11194501713612492
1134,349,1483,0.1120060044143019
1137,348,1485,0.11208554040434873
1141,355,1496,0.11215196584574763
1136,356,1492,0.11220432345933133
1143,364,1507,0.11226582530786615
1135,362,1497,0.1123074637219642
1152,360,1512,0.11236523917214797
1148,352,1500,0.11238023872177699
1153,358,1511,0.11240224657536867
1147,360,1507,0.11241199000038012
1141,371,1512,0.11243588448459103
1140,361,1501,0.11247255314260494
1144,358,1502,0.11250789205853713
1137,356,1493,0.11253252949163986
1123,358,1481,0.11256928034319454
1123,360,1483,0.11263743483506979
1139,349,1488,0.11269952130517139
1137,355,1492,0.11271800241292432
1144,359,1503,0.11274037734764449
1150,358,1508,0.11274436893798218
1154,358,1512,0.1127345935270607
1156,356,1512,0.11271696227266048
1160,352,1512,0.11269570488168362
1163,349,1512,0.11266617911331749
1156,346,1502,0.11263288713628836
1156,347,1503,0.11261794409163706
1149,348,1497,0.11260506187732541
1145,352,1497,0.11260757454500471
1141,359,1500,0.11261738536763122
1141,358,1499,0.11263722617755072
1131,356,1487,0.11265489728829603
1143,358,1501,0.11269555050089788
1136,371,1507,0.11270716672593079
1131,369,1500,0.11273406793032972
1136,367,1503,0.11277276666447975
1138,366,1504,0.11279621706268221
1137,374,1511,0.11281487594274524
1138,370,1508,0.11283547230904872
1138,374,1512,0.11285388173970894
1134,371,1505,0.11287137426623892
1136,369,1505,0.11289650206865769
1137,368,1505,0.11291510873224095
1133,367,1500,0.11293059574423346
1129,371,1500,0.11295548692629297
1131,366,1497,0.11298693579323604
1105,375,1480,0.11300924828110606
1107,369,1476,0.11308586994992592
1106,371,1477,0.11315444562664187
1111,375,1486,0.11322180085501926
1107,376,1483,0.11327178189467212
1097,380,1477,0.1133270859694236
1106,386,1492,0.11340342367679533
1103,390,1493,0.11345414391681682
1103,389,1492,0.11350701123102482
1117,387,1504,0.11355728393693369
1109,394,1503,0.11357285453333624
1110,396,1506,0.11360485297997247
1101,397,1498,0.11363225789872415
1098,400,1498,0.1136760960180031
1103,394,1497,0.11372508744071311
1101,396,1497,0.11376302721740732
1097,400,1497,0.11380104323596951
1103,401,1504,0.11384353871659336
1090,405,1495,0.11387135901335053
1092,404,1496,0.11392623742958792
1106,409,1515,0.1139755942148831
1106,408,1514,0.11398971753285396
1094,399,1493,0.11400176279155463
1090,407,1497,0.11404044452931039
1085,403,1488,0.11408666367523185
1096,409,1505,0.11414087885023261
1101,407,1508,0.11416634832660773
1092,412,1504,0.11417637179095488
1091,411,1502,0.11420630355021974
1080,411,1491,0.1142381007719028
1075,413,1488,0.11429403397371977
1099,414,1513,0.11435468883396643
1094,422,1516,0.11435716151458455
1076,419,1495,0.11437233038737055
1080,409,1489,0.11442685701164723
1075,418,1493,0.11447031069661766
1077,417,1494,0.11452063369405006
1075,419,1494,0.11456649585390803
1079,416,1495,0.11461270662842839
1078,420,1498,0.11464476519839657
1065,425,1490,0.11467781564677093
1067,415,1482,0.1147385681778081
1079,424,1503,0.1147932898726188
1082,427,1509,0.11481861233050396
1080,430,1510,0.11483348255649826
1076,429,1505,0.11485433376099408
1074,428,1502,0.1148837368138367
1070,422,1492,0.11491749375267553
1072,433,1505,0.11495846007881692
1069,431,1500,0.11499124259792143
1062,435,1497,0.11503042578114413
1063,440,1503,0.1150812170306874
1062,440,1502,0.11512675779464399
1060,436,1496,0.11517091819622165
1062,436,1498,0.11521667289743326
1056,444,1500,0.11525469413659913
1068,451,1519,0.11530417737373246
1057,452,1509,0.11532266124136659
1053,448,1501,0.11536533439285591
1049,452,1501,0.11541344582379262
1053,454,1507,0.11546687501755251
1052,446,1498,0.1155081525964172
1058,449,1507,0.11554960964090844
1051,454,1505,0.11557346858587883
1054,456,1510,0.1156149486207646
1056,456,1512,0.1156474617172893
1052,454,1506,0.11567267190598386
1049,459,1508,0.11570628192671968
1055,458,1513,0.1157460043719404
1061,458,1519,0.11576782587337736
1056,458,1514,0.11577426547638076
1061,462,1523,0.11579112811987154
1072,455,1527,0.11579710875687957
1066,462,1528,0.11577711956633985
1060,456,1516,0.11577600588897663
1048,452,1500,0.11578770754386962
1044,454,1498,0.11582572961612449
1043,460,1503,0.11587292992658395
1049,473,1522,0.1159182394084295
1047,467,1514,0.11594600769151028
1039,463,1502,0.11597999648084023
1045,465,1510,0.11602945737711699
1036,460,1496,0.11606104942830914
1034,464,1498,0.11610971545687825
1040,468,1508,0.11615876676005435
1036,462,1498,0.11619123754852655
1040,452,1492,0.11622960112295264
1053,455,1508,0.11625362483848425
1049,454,1503,0.11624362876188635
1048,460,1508,0.11624153161197974
1049,466,1515,0.11624091258048881
1053,464,1517,0.1162396260259743
1037,463,1500,0.11622950589294888
1035,459,1494,0.1162577756154111
1038,465,1503,0.11629067746455818
1043,465,1508,0.11631345296031698
1037,465,1502,0.1163190433425728
1039,472,1511,0.11633587788156018
1037,473,1510,0.11635076241732559
1029,472,1501,0.11637131842209271
1024,471,1495,0.11641103648061561
1027,469,1496,0.11645916784704452
1015,478,1493,0.11649741639250574
1021,470,1491,0.11655992581065577
1024,474,1498,0.11660409892582696
1034,466,1500,0.11663755197278489
1025,471,1496,0.11664618237733908
1026,476,1502,0.11667060406857324
1021,474,1495,0.11669110208467239
1017,476,1493,0.11671892802901526
1019,481,1500,0.11675527231363186
1023,477,1500,0.11678707487790987
1023,479,1502,0.116808634471188
1020,483,1503,0.11682622060377845
1027,478,1505,0.11685135117619273
1017,491,1508,0.11685956369303022
1012,490,1502,0.11689157512537221
1019,492,1511,0.11693426023271208
1015,485,1500,0.11695776034348039
1010,483,1493,0.11698848049148904
1004,482,1486,0.11702823379642231
1009,485,1494,0.11708041708529375
1012,493,1505,0.11711663819234211
1011,498,1509,0.11714155713128299
1010,496,1506,0.11717008513542242
1013,497,1510,0.11720084565678945
1009,504,1513,0.11722301616339738
1014,507,1521,0.11725234372441434
1006,503,1509,0.11727119233720423
1003,509,1512,0.11730734092976938
1004,503,1507,0.11734809842775168
987,505,1492,0.11738299051094542
986,502,1488,0.11745355701744256
979,506,1485,0.11751867971331201
985,506,1491,0.11759453950276944
998,509,1507,0.11764937964769448
995,506,1501,0.11767144199035705
991,513,1504,0.11770048038171488
986,514,1500,0.11773513338129347
970,518,1488,0.11777975165190448
960,513,1473,0.117860039241955
956,521,1477,0.11795386877304452
971,512,1483,0.11805242144352786
966,509,1475,0.11810493181643515
966,515,1481,0.11816774223958715
964,515,1479,0.11822663733208312
957,524,1481,0.11828437817635258
956,523,1479,0.1183536436511438
973,520,1493,0.11842178017239138
996,519,1515,0.11844559027326274
988,521,1509,0.11841697170193206
984,518,1502,0.11841234414316144
983,511,1494,0.11841825301398053
986,510,1496,0.11842287589641588
988,523,1511,0.11842097885606134
992,526,1518,0.11841430531219928
995,531,1526,0.11839817560432314
977,535,1512,0.11837774580942004
976,532,1508,0.1184017637808348
988,536,1524,0.1184281732731927
990,533,1523,0.11842666925042768
983,531,1514,0.11842390792364141
978,543,1521,0.11843779336142536
974,537,1511,0.11846505376957132
967,531,1498,0.11850075761281254
968,532,1500,0.1185513967436445
977,535,1512,0.11859292643718888
967,533,1500,0.11861270427478293
967,538,1505,0.1186543210167169
959,540,1499,0.118693963713504
964,540,1504,0.11874673652970526
961,555,1516,0.11878534685488627
953,546,1499,0.1188282064451783
956,550,1506,0.11888699589552211
945,557,1502,0.1189333491223315
951,563,1514,0.1190029540265394
948,564,1512,0.11905673533107197
950,559,1509,0.11911183021554503
947,568,1515,0.11915814840250999
948,568,1516,0.11920978496677885
944,564,1508,0.11925637835246766
948,562,1510,0.11930750447136836
943,556,1499,0.11934719581821102
936,557,1493,0.11939361221819812
938,561,1499,0.11945494310642227
925,558,1483,0.11950627633482665
943,555,1498,0.1195815095276853
943,555,1498,0.11961028630674551
943,556,1499,0.11963627788593889
939,563,1502,0.11966207908843284
934,571,1505,0.11969416885492343
937,571,1508,0.11973599128047308
943,575,1518,0.11976834411263065
943,578,1521,0.11978182300167546
943,575,1518,0.11979672885154262
940,569,1509,0.11981359839194156
943,565,1508,0.11983373253732509
943,570,1513,0.11984595728995283
947,566,1513,0.11985569866599217
937,566,1503,0.119856847269648
926,575,1501,0.11988130095241534
929,572,1501,0.11992864902296901
924,574,1498,0.11996869805617674
914,570,1484,0.12001483423390823
910,571,1481,0.12007934686437986
909,574,1483,0.12014868620093001
923,575,1498,0.12021569603252331
921,581,1502,0.12024534186557569
922,590,1512,0.12027489008558223
919,589,1508,0.1203029349599024
923,586,1509,0.1203387401288522
915,585,1500,0.12035989305420033
915,587,1502,0.12039718087849974
916,585,1501,0.1204317752416971
916,594,1510,0.12045991683867953
921,593,1514,0.1204895520043776
928,590,1518,0.1205089543966909
924,586,1510,0.12051187375532468
921,587,1508,0.12052305440197263
929,591,1520,0.12053980274897307
938,591,1529,0.1205355925178165
930,593,1523,0.12050969872080472
937,588,1525,0.1205063032102092
940,582,1522,0.1204894141457913
929,588,1517,0.1204668040263779
925,586,1511,0.12047178322195011
937,591,1528,0.12048461900395344
935,598,1533,0.12046765708012036
937,581,1518,0.12045774492913118
926,585,1511,0.12044182127617865
923,585,1508,0.1204528475373478
922,582,1504,0.12047190249966383
927,588,1515,0.12049241169267415
928,592,1520,0.12050257993274922
917,599,1516,0.1205100594307864
912,600,1512,0.12054233652434115
908,597,1505,0.12058344916709408
909,603,1512,0.12063200277752077
909,597,1506,0.12067572658976236
918,598,1516,0.12071501002693424
926,594,1520,0.12073001607821364
919,588,1507,0.1207271749618505
921,588,1509,0.12074143270624123
910,584,1494,0.12074678677914968
913,587,1500,0.12077514857640363
916,580,1496,0.1207935767730688
914,590,1504,0.12080316508072104
923,593,1516,0.12081981934054166
922,593,1515,0.12081251706216033
911,592,1503,0.1208066071549516
911,601,1512,0.12082911217570266
899,601,1500,0.12084790130737183
902,596,1498,0.12089382158185255
903,599,1502,0.12093402066914492
904,603,1507,0.12096587067572556
907,610,1517,0.1209947562820407
900,609,1509,0.12101522105062411
904,608,1512,0.12105214369556805
899,612,1511,0.12107612188733093
882,608,1490,0.12111172987937924
882,601,1483,0.1211816428762712
893,600,1493,0.12124643452523529
901,600,1501,0.12128175529140756
898,605,1503,0.12129495078004382
898,604,1502,0.12131393927575822
893,612,1505,0.12133413069745667
892,612,1504,0.12136582155909334
898,604,1502,0.12140009856511629
895,603,1498,0.12141610155723702
891,598,1489,0.12143725009245789
888,595,1483,0.1214667310866724
884,605,1489,0.12150161721608267
880,609,1489,0.12154280448025992
887,608,1495,0.12158947051829841
879,614,1493,0.12161634621650758
875,619,1494,0.12166138503359766
876,612,1488,0.12170931657099153
875,606,1481,0.12175091342992324
881,606,1487,0.12179530974235739
882,616,1498,0.12181978145448774
884,616,1500,0.12184090662618424
892,620,1512,0.12185748735752401
880,627,1507,0.1218564201908256
871,634,1505,0.12188215551036335
867,633,1500,0.12192640938323278
871,633,1504,0.12197502826377066
865,637,1502,0.12201214192501782
862,645,1507,0.12206128100923198
863,646,1509,0.12211535258057137
857,647,1504,0.12216446370231226
855,643,1498,0.12222250112402289
845,644,1489,0.12228163608314435
851,644,1495,0.1223597200395093
854,635,1489,0.12241833056422044
848,634,1482,0.12246713215080385
838,635,1473,0.12252587347048603
853,645,1498,0.1226034247400933
849,648,1497,0.12264176854090067
857,650,1507,0.1226861271346353
856,650,1506,0.12270858330318539
857,651,1508,0.12273138546077308
845,648,1493,0.12274900998630724
848,649,1497,0.12279121525308302
859,644,1503,0.12282385772970258
863,646,1509,0.12282315785137797
855,638,1493,0.12281453643190417
846,636,1482,0.12282427661832893
855,641,1496,0.1228537215246504
861,635,1496,0.12286277056994287
855,632,1487,0.12285838349622512
847,635,1482,0.12286953754194303
851,633,1484,0.1228956114237357
858,631,1489,0.12290875004612511
863,630,1493,0.12290527705537833
856,624,1480,0.12289451608024272
849,631,1480,0.12290024366144202
861,639,1500,0.12292398826685734
867,634,1501,0.12291757818159685
864,640,1504,0.12289753120274075
856,638,1494,0.12288779152566377
850,648,1498,0.12289779925631762
841,641,1482,0.1229184577590867
852,645,1497,0.12295830518237617
848,641,1489,0.12297147375510396
855,638,1493,0.1229924545237428
861,645,1506,0.12299736047403595
863,644,1507,0.12298897285225928
873,634,1507,0.12297555107207353
871,643,1514,0.12293982338246892
862,644,1506,0.12291309216061158
849,638,1487,0.1229088386732072
851,643,1494,0.12293493475553731
861,643,1504,0.12295721964074101
853,641,1494,0.12295438191947344
844,652,1496,0.12297017074964878
847,652,1499,0.12300423037929735
846,645,1491,0.12302970267063787
844,644,1488,0.12305650994720314
846,649,1495,0.12308718384587213
840,646,1486,0.12311154764120907
846,648,1494,0.12314669617492836
839,651,1490,0.12316819414492425
836,658,1494,0.12320389067954576
844,660,1504,0.12324461013868915
845,657,1502,0.12326361575819281
841,657,1498,0.12328209412734992
842,654,1496,0.12330879390106077
845,658,1503,0.12333103195259668
852,654,1506,0.12334336465375711
847,652,1499,0.12333934334706659
845,646,1491,0.12334523785388
844,664,1508,0.12335692343347833
830,670,1500,0.12336850059154265
828,673,1501,0.12341269066469206
829,670,1499,0.12346042975085787
836,669,1505,0.12350081539003364
832,679,1511,0.12352205310914698
837,672,1509,0.12354965516068642
842,677,1519,0.12356386485583634
844,671,1515,0.12356587441621664
846,668,1514,0.12356441245486391
847,669,1516,0.12355811236944728
839,664,1503,0.12355011003237173
839,661,1500,0.12356124394826379
831,661,1492,0.12357093002877016
823,655,1478,0.12359777805349317
822,664,1486,0.1236428065518641
825,669,1494,0.12368728558225453
835,677,1512,0.1237228870377266
827,664,1491,0.12373371355845504
833,665,1498,0.12376140235575576
825,673,1498,0.12377358907544096
830,670,1500,0.12380197381106023
820,665,1485,0.12381847284291253
827,672,1499,0.12385680872932196
816,666,1482,0.1238746942474893
818,667,1485,0.12391662058332713
821,663,1484,0.12395256562075117
827,669,1496,0.12398020240607685
815,656,1471,0.12398893205925081
821,659,1480,0.12402479723131744
822,663,1485,0.12404275890368922
824,668,1492,0.1240573572852896
833,681,1514,0.12406798438472577
825,688,1513,0.12405716350667609
824,687,1511,0.12406662055330195
814,694,1508,0.1240811222147283
809,693,1502,0.12412042240928937
799,685,1484,0.12416860311178594
799,687,1486,0.12423431514145346
805,701,1506,0.12429337062781162
803,695,1498,0.12433428396944954
796,693,1489,0.12437503604265107
794,693,1487,0.12442915921465464
805,697,1502,0.12448373476864914
799,702,1501,0.1245096570386152
808,697,1505,0.12454740984155521
816,686,1502,0.12456566482762103
811,698,1509,0.12456491183635215
811,702,1513,0.12457908797566718
805,705,1510,0.12459137015627686
801,706,1507,0.12461666119840537
794,698,1492,0.12465118512377316
793,699,1492,0.12469957543601734
800,698,1498,0.12474558206469713
795,700,1495,0.12477175478815368
793,701,1494,0.12480597899727405
801,705,1506,0.12484496710009843
802,710,1512,0.12486426421269592
798,710,1508,0.12487825793706184
796,709,1505,0.12490122619801745
789,722,1511,0.1249301306988712
789,730,1519,0.12497456118201088
782,723,1505,0.12501859864226403
785,723,1508,0.12507779056723067
786,731,1517,0.12512513910539524
787,714,1501,0.12516602081496472
779,729,1508,0.1252011457589566
781,730,1511,0.12525088001584797
783,725,1508,0.12529344516919863
780,726,1506,0.12532841660743047
777,724,1501,0.12536983746583114
778,725,1503,0.12541710775316292
763,740,1503,0.12545878452578751
764,742,1506,0.12553103015342099
770,736,1506,0.12559759029466566
768,727,1495,0.12564381206191125
770,735,1505,0.1256911284446226
764,737,1501,0.12573157966425366
777,738,1515,0.1257837265863935
779,729,1508,0.12580152261279992
770,733,1503,0.12581353589588962
764,736,1500,0.12584419539653557
767,737,1504,0.12588683740321904
771,736,1507,0.12591882060933368
771,740,1511,0.12593967776906115
766,744,1510,0.12596079854098072
771,750,1521,0.12599387733303236
763,747,1510,0.1260123004840275
759,739,1498,0.12605137235857014
753,746,1499,0.12609447964937218
753,743,1496,0.1261468627267931
758,747,1505,0.1261946999601857
758,739,1497,0.12622915711571178
758,740,1498,0.12625907073113113
748,734,1482,0.126287344363816
749,738,1487,0.1263337517691992
753,740,1493,0.12637652554278553
761,749,1510,0.12640752109756412
761,750,1511,0.12641922094753924
766,746,1512,0.1264312453099357
766,731,1497,0.12642900207877553
766,740,1506,0.12642699277548947
762,738,1500,0.12642514304101898
760,741,1501,0.12643168975148536
756,736,1492,0.1264437159706792
757,736,1493,0.12646415114188628
758,736,1494,0.12648068862406847
760,739,1499,0.12649527912074285
754,739,1493,0.1265048360912975
755,742,1497,0.12652457353810176
745,746,1491,0.1265425445104618
751,741,1492,0.1265835503522186
752,757,1509,0.12660641297053477
737,752,1489,0.12662430537413844
736,752,1488,0.12667525554312087
745,759,1504,0.12672492273084476
745,755,1500,0.12675042590570595
746,756,1502,0.12677388721781782
750,753,1503,0.12679310627853574
742,763,1505,0.12680315702318062
740,755,1495,0.12683143083057974
744,751,1495,0.12686284270513573
738,756,1494,0.12688348549390988
736,757,1493,0.1269156932987493
737,759,1496,0.12694944191156043
744,765,1509,0.1269787496638341
738,773,1511,0.1269875815043603
725,768,1493,0.12700968404253687
726,761,1487,0.1270618775161587
729,767,1496,0.12710709199160053
727,770,1497,0.12714116789176483
729,769,1498,0.1271794152406808
735,766,1501,0.12721252445489423
730,766,1496,0.12723017145772555
729,761,1490,0.12725786049139118
729,773,1502,0.12728699840968488
735,781,1516,0.1273151515293179
725,784,1509,0.1273283402731738
728,780,1508,0.1273639484755935
731,771,1502,0.12738669633728786
737,775,1512,0.12740037667000048
726,782,1508,0.1273998952519189
724,778,1502,0.1274261135949633
726,777,1503,0.12745540161508628
727,772,1499,0.1274799698524755
731,763,1494,0.12749901048339177
730,770,1500,0.1275087230750509
722,768,1490,0.12751945008495155
717,776,1493,0.12754744259307949
724,785,1509,0.1275867543201836
722,779,1501,0.12760778550818458
709,787,1496,0.127628114548652
704,778,1482,0.12767570519224397
707,788,1495,0.1277331269149803
717,783,1500,0.12778122967623365
711,781,1492,0.12780287695409484
705,785,1490,0.1278376514052595
709,782,1491,0.12788247183051726
712,782,1494,0.12791508901763446
714,789,1503,0.1279366735496281
718,799,1517,0.1279544852435003
718,794,1512,0.12796246628294847
718,791,1509,0.12796976195706444
719,791,1510,0.12797618366719107
710,799,1509,0.1279810921846565
711,791,1502,0.12800629633940097
711,786,1497,0.128028060247632
707,778,1485,0.12804953115027787
712,776,1488,0.12808060695353782
705,780,1485,0.12809432662749146
713,793,1506,0.1281241176202934
709,795,1504,0.12813563695058325
708,801,1509,0.12815750252675553
711,791,1502,0.1281790001802678
708,792,1500,0.12819310443658513
708,792,1500,0.12821220524448107
702,790,1492,0.12823130279088715
700,797,1497,0.12826278484684903
704,789,1493,0.128298096720721
709,778,1487,0.12832176419440877
698,788,1486,0.12833027125415294
705,792,1497,0.12836273401405685
707,798,1505,0.128376656541709
709,805,1514,0.12838470364236643
710,800,1510,0.12839099904396684
710,801,1511,0.12839443363562966
709,806,1515,0.12839729119449064
712,806,1518,0.128402492339314
712,803,1515,0.12840107271988885
708,800,1508,0.1284003225403734
709,809,1518,0.128407750643805
715,804,1519,0.12841309458490854
703,812,1515,0.12840648709745442
702,810,1512,0.1284284347328022
700,813,1513,0.1284510588951945
700,806,1506,0.12847605146986546
699,810,1509,0.12850096521402787
708,816,1524,0.12852574814181983
704,814,1518,0.12852915170888793
708,802,1510,0.12854077471038988
718,801,1519,0.1285410064495796
705,801,1506,0.12852061982028576
704,813,1517,0.12853040367648394
699,826,1525,0.12854263091627838
701,814,1515,0.12856676419966587
706,815,1521,0.12858531354849506
702,817,1519,0.1285909419727788
706,820,1526,0.1286073192205137
698,820,1518,0.12861319003102
694,817,1511,0.12863824149210462
686,817,1503,0.12867008662247437
691,829,1520,0.12871750162323728
685,824,1509,0.1287515337003473
678,819,1497,0.1287982130990437
680,821,1501,0.12885794915013501
683,838,1521,0.12891038645702366
684,837,1521,0.1289515505280306
682,827,1509,0.12898628766842865
683,833,1516,0.12902419780142949
678,830,1508,0.12905693737148952
677,830,1507,0.12909908600557204
682,831,1513,0.12914206725581673
674,826,1500,0.12916997102803124
674,832,1506,0.12921169629671636
671,833,1504,0.12925081337949082
684,837,1521,0.12929400558167847
685,852,1537,0.12930658639402182
667,849,1516,0.12931552510281044
673,852,1525,0.12936468801330903
685,840,1525,0.1293990964337673
679,852,1531,0.12940308025890873
672,849,1521,0.12942122256242858
673,835,1508,0.1294532627033519
672,838,1510,0.12948214735017072
666,829,1495,0.12951216669554969
660,832,1492,0.12955239292578857
666,834,1500,0.12960335502978207
670,840,1510,0.12963831577754795
676,841,1517,0.12965778599149944
662,843,1505,0.12966024841726004
663,831,1494,0.12969604627136244
658,826,1484,0.12972718071353811
655,841,1496,0.12976616932660956
661,852,1513,0.12981078132304827
658,851,1509,0.12983779651893762
659,858,1517,0.12986943737432113
660,856,1516,0.12989804909162023
653,859,1512,0.129923014461022
647,858,1505,0.12996232531192908
655,863,1518,0.13001346138016218
661,858,1519,0.13003945578529547
654,855,1509,0.13005118492719783
648,851,1499,0.13008034156211454
648,857,1505,0.1301217910553174
640,863,1503,0.130160282349289
636,857,1493,0.13021540270624168
638,868,1506,0.13027569651835574
641,867,1508,0.1303276682008344
647,868,1515,0.13036977758413001
647,869,1516,0.13039566926981888
636,880,1516,0.13041834206923547
636,885,1521,0.1304655015433108
633,877,1510,0.1305101013407577
631,879,1510,0.13055886661563676
630,875,1505,0.1306100394558063
631,876,1507,0.13065787039175447
632,879,1511,0.13069908083907256
630,877,1507,0.1307370584665379
625,876,1501,0.13077619704987897
624,872,1496,0.130824815587994
631,886,1517,0.1308731360464508
625,887,1512,0.1309040122952845
627,893,1520,0.13094809603082333
623,885,1508,0.13098528250541705
632,872,1504,0.13102350436564592
621,882,1503,0.13103884826936824
621,888,1509,0.13107846172157633
620,892,1512,0.13111300476394347
619,887,1506,0.1311494908074852
621,874,1495,0.13118465073406987
613,879,1492,0.13121148454121767
613,890,1503,0.1312538676518327
608,896,1504,0.13129490946571484
611,900,1511,0.1313454011135222
614,899,1513,0.13138757366918444
613,902,1515,0.13141568470476397
621,902,1523,0.1314440619425154
613,893,1506,0.13145418369013265
620,878,1498,0.13148202414708623
612,887,1499,0.13149114725990008
615,897,1512,0.1315158797429598
616,896,1512,0.13153481908063502
618,901,1519,0.13155050577245916
619,903,1522,0.1315597517697813
617,900,1517,0.13156811188133757
613,893,1506,0.13158064441556427
617,896,1513,0.13160307187143147
614,896,1510,0.1316147818785957
614,906,1520,0.1316331853767656
610,895,1505,0.131651112842843
620,885,1505,0.1316753657144925
616,882,1498,0.13167605550438274
612,882,1494,0.13168556291378578
608,892,1500,0.1317044173069558
611,896,1507,0.1317310992778229
608,896,1504,0.1317480872697988
610,907,1517,0.1317692058051866
603,898,1501,0.13178302145052723
607,894,1501,0.13181126545264027
601,902,1503,0.1318292181988735
602,909,1511,0.13185884201438366
600,898,1498,0.13188440305225402
603,897,1500,0.13191590362932842
609,890,1499,0.13193547179975115
608,899,1507,0.13194006605337893
605,905,1510,0.1319461295530956
591,907,1498,0.1319598087914718
596,912,1508,0.13200603659071586
590,905,1495,0.13203726131346175
593,917,1510,0.1320799543695799
600,913,1513,0.13211397307776368
597,896,1493,0.13213128170579555
600,894,1494,0.13215553612424083
599,903,1502,0.13216981135053218
602,911,1513,0.1321857600771161
599,920,1519,0.13219476197261176
591,917,1508,0.13221177691843378
585,918,1503,0.13224556920240846
589,917,1506,0.13228835985391257
585,912,1497,0.13231773258452859
588,921,1509,0.13235509137310758
596,920,1516,0.13238442285203977
596,916,1512,0.13239332466707762
599,925,1524,0.13240024216185253
592,922,1514,0.13239804898613497
595,925,1520,0.13241454666794852
593,921,1514,0.13242243955435726
588,933,1521,0.13243475394135124
587,932,1519,0.13245639259910663
588,926,1514,0.13248013541201348
582,931,1513,0.13250269555871402
579,937,1516,0.13253832418509967
583,934,1517,0.13257958278695184
585,929,1514,0.13260820707732981
581,937,1518,0.13262954529995022
572,930,1502,0.13266009678182938
574,932,1506,0.1327099021830294
571,929,1500,0.13275194097776416
574,931,1505,0.13279721381300963
570,928,1498,0.13283211600464825
570,921,1491,0.13287335309495021
566,932,1498,0.1329106530316192
580,926,1506,0.13295594967092705
576,924,1500,0.13296453336403866
573,915,1488,0.13298261814640516
571,919,1490,0.13300616194485232
575,928,1503,0.13303403177444817
578,933,1511,0.1330526591176962
581,928,1509,0.13306360175954285
566,922,1488,0.13306319691041477
571,927,1498,0.13309631949769887
572,926,1498,0.13311586497914565
577,923,1500,0.13313259995534998
578,934,1512,0.13313661560382092
577,931,1508,0.1331390304552458
579,924,1503,0.1331442479098225
577,921,1498,0.13314574889655634
571,931,1502,0.13315265468739246
566,937,1503,0.13317224509977574
563,940,1503,0.13320345711730056
564,938,1502,0.13324044068350066
574,947,1521,0.13327347175843068
574,961,1535,0.13328065645176107
569,966,1535,0.1332884388743991
573,957,1530,0.1333065109202848
571,956,1527,0.13331496866482234
570,954,1524,0.1333258717591833
568,954,1522,0.13333832774644236
557,954,1511,0.13335273211629595
559,949,1508,0.13339238799552522
562,942,1504,0.1334230966821998
569,939,1508,0.13344426642920543
569,947,1516,0.13344652149963424
573,949,1522,0.13345045507349934
569,957,1526,0.1334456573513804
566,958,1524,0.13345040379417822
571,956,1527,0.1334611358906991
569,945,1514,0.13345938917401623
570,940,1510,0.1334646243212233
562,937,1499,0.1334674239535956
561,953,1514,0.13348681571824209
557,948,1505,0.13350894026945526
549,943,1492,0.13353840253254495
555,940,1495,0.13358562303678506
557,944,1501,0.13361304130569807
560,943,1503,0.13363653846115284
565,941,1506,0.13365048874788737
566,943,1509,0.13365117115882935
564,950,1514,0.1336513957157779
553,945,1498,0.13365179753427633
554,947,1501,0.13367676629064107
556,947,1503,0.133698825314879
560,943,1503,0.13371595710387613
554,953,1507,0.13372344838802516
553,958,1511,0.1337457228958657
556,946,1502,0.13376918887359504
555,941,1496,0.1337849304187767
544,957,1501,0.13380042956044602
536,960,1496,0.13384049008747695
545,958,1503,0.13389653691565878
553,953,1506,0.1339277153066943
549,959,1508,0.1339398819096855
551,957,1508,0.13396184245031398
549,956,1505,0.13397617384650026
554,959,1513,0.13399629563406884
540,957,1497,0.1340022774015188
534,966,1500,0.13404028964274925
535,974,1509,0.1340889877945042
545,970,1515,0.13413406731095143
545,961,1506,0.13415231248267495
553,953,1506,0.1341670901101552
545,958,1503,0.1341618973566283
543,970,1513,0.1341759896412786
537,970,1507,0.13419410673760213
539,984,1523,0.13422699768979907
539,975,1514,0.13425483489714396
534,971,1505,0.1342818630732908
527,977,1504,0.1343205731928551
527,973,1500,0.13436942823066014
533,972,1505,0.13441345816940206
529,964,1493,0.13444063386812838
521,962,1483,0.13447205149261982
529,964,1493,0.13452038846389897
534,965,1499,0.1345464622102538
528,962,1490,0.13455885099404713
527,953,1480,0.1345851207931472
526,961,1487,0.13461235366041702
526,960,1486,0.13464103827885635
531,961,1492,0.13466695827665753
538,962,1500,0.1346805946089491
540,958,1498,0.13467594130207952
543,955,1498,0.1346649852851041
546,969,1515,0.13464711443011015
545,965,1510,0.13462545015883756
535,965,1500,0.13460779233309556
541,968,1509,0.13461431635106472
538,963,1501,0.1346067706580102
541,970,1511,0.13460451717559613
535,964,1499,0.134596446908911
533,962,1495,0.13460355277161087
531,957,1488,0.13461461056242396
535,956,1491,0.1346291871200995
535,948,1483,0.13463412520047602
534,953,1487,0.13463916802354522
539,949,1488,0.13464612721742955
546,956,1502,0.13464063580843885
542,965,1507,0.13461865530131148
541,958,1499,0.13460811606992532
534,965,1499,0.1346010796435688
541,961,1502,0.1346120234144884
541,964,1505,0.13460554117374246
544,970,1514,0.13459803365356507
540,971,1511,0.13458354568508735
536,973,1509,0.13458060516174197
536,968,1504,0.13458713434682634
530,973,1503,0.1345942591077925
533,964,1497,0.1346164666536928
538,966,1504,0.13463026928978664
533,980,1513,0.1346328652347102
527,992,1519,0.13464648006853547
518,990,1508,0.13467450285340066
518,989,1507,0.13472023984446327
520,980,1500,0.13476318443416577
524,982,1506,0.13479628792349413
529,993,1522,0.13481628859994527
528,995,1523,0.1348238287803273
526,990,1516,0.13483411152204758
521,984,1505,0.1348490729822535
513,989,1502,0.1348741646334456
513,979,1492,0.13491721676487337
513,986,1499,0.13495968428893226
517,985,1502,0.13500106181353858
520,996,1516,0.13502725022175205
523,999,1522,0.1350453852616119
518,1004,1522,0.135056305294989
515,1001,1516,0.13507952104886564
522,988,1510,0.13510865514951031
525,996,1521,0.13512102362061082
525,999,1524,0.13512491100886648
522,991,1513,0.13512753604531644
517,992,1509,0.13513711452029878
513,997,1510,0.13515907939800076
505,1002,1507,0.1351895363933877
506,996,1502,0.13523583722794708
512,1004,1516,0.1352772166230061
513,995,1508,0.13530218104440955
510,995,1505,0.13532229007744706
514,1011,1525,0.1353468926382802
508,1008,1516,0.13536196354844762
511,1006,1517,0.13538800044283905
516,1001,1517,0.1354050306396954
515,1011,1526,0.1354107946469793
508,1012,1520,0.13541715361042583
501,1004,1505,0.1354392969473266
499,1006,1505,0.13547671505914502
503,1008,1511,0.1355157425835001
506,1008,1514,0.135543245007355
505,1007,1512,0.13556058380486738
497,1005,1502,0.13557996186334367
493,1011,1504,0.13561518310823467
494,1006,1500,0.1356584610407839
496,1009,1505,0.13569483398745097
491,1002,1493,0.13572601576522245
495,1010,1505,0.1357662422569877
500,1001,1501,0.13579336950991439
497,1004,1501,0.13580450500509608
501,1004,1505,0.13582239993197542
495,1007,1502,0.13583168101555512
487,1011,1498,0.13585423623440207
485,1007,1492,0.1358945376439593
486,1018,1504,0.13593691613831946
482,1026,1508,0.1359744702802141
482,1024,1506,0.13601741581165705
483,1036,1519,0.13605752273640076
485,1038,1523,0.13609477474259482
489,1033,1522,0.13612304364614577
484,1027,1511,0.136138496000094
482,1029,1511,0.13616315463104706
479,1030,1509,0.1361900446695665
490,1030,1520,0.13622392538487213
490,1022,1512,0.13623050549807594
488,1025,1513,0.13623669986733428
490,1028,1518,0.1362478980881196
493,1024,1517,0.13625491152488256
491,1020,1511,0.13625356274523479
492,1029,1521,0.13625694151968093
491,1027,1518,0.1362576290475551
492,1034,1526,0.1362637870495551
488,1028,1516,0.13626717714573133
486,1023,1509,0.13628118403253126
486,1025,1511,0.13629871332243454
493,1019,1512,0.1363122855721425
484,1021,1505,0.13630783644900127
490,1011,1501,0.13632220169117892
488,1011,1499,0.13632271919442882
493,1013,1506,0.13632549831621002
492,1020,1512,0.13631647578681055
488,1013,1501,0.13631072385474735
496,1021,1517,0.1363163514579944
494,1023,1517,0.13630192477583233
496,1019,1515,0.136294557150246
493,1020,1513,0.1362845129034167
492,1029,1521,0.13628411216478573
483,1043,1526,0.1362853872703081
477,1038,1515,0.1363068425393234
474,1031,1505,0.13634162149190426
478,1019,1497,0.1363802610775256
480,1011,1491,0.13640734138045799
485,1023,1508,0.1364272032111461
481,1030,1511,0.13643345756660152
481,1027,1508,0.1364494153989554
479,1040,1519,0.13646395977618894
475,1028,1503,0.13648412202663504
477,1026,1503,0.1365113427038353
482,1012,1494,0.1365324619604617
479,1023,1502,0.1365362280561517
480,1022,1502,0.13654613449694397
481,1017,1498,0.13655361085892076
482,1029,1511,0.13655867009095587
478,1028,1506,0.13656133270852414
483,1024,1507,0.13657395982494017
489,1034,1523,0.13657462028554446
486,1030,1516,0.13656006424818926
487,1039,1526,0.13655415018644887
484,1040,1524,0.13654896489869547
488,1041,1529,0.136552028801356
477,1029,1506,0.13654553754803148
479,1028,1507,0.13656604587221355
482,1036,1518,0.1365807413054929
477,1031,1508,0.13658859853024924
479,1035,1514,0.13660747325954228
477,1032,1509,0.13661813597370315
470,1028,1498,0.13663155302590774
474,1028,1502,0.13665945254617065
475,1039,1514,0.1366773813105684
474,1038,1512,0.13669321122876535
473,1028,1501,0.13671176428542392
467,1034,1501,0.13673321515554326
468,1026,1494,0.1367669844474383
461,1034,1495,0.13679735332880194
467,1047,1514,0.13683921133716923
471,1048,1519,0.1368639709433412
470,1041,1511,0.13687690876998423
465,1040,1505,0.13689129486125118
453,1042,1495,0.13691486752290893
455,1047,1502,0.1369654800233005
465,1039,1504,0.13700817461497813
470,1036,1506,0.13702214994525466
478,1041,1519,0.13702372394681073
476,1035,1511,0.13700692139909415
472,1030,1502,0.13699553431432945
473,1038,1511,0.1369953505962601
475,1043,1518,0.13699386993125562
476,1043,1519,0.13698888041314372
473,1048,1521,0.1369825039461578
471,1046,1517,0.13698124742847997
460,1043,1503,0.13698447078920936
461,1043,1504,0.13701250917005273
465,1048,1513,0.13703532470210386
470,1055,1525,0.13704962504318338
463,1057,1520,0.13705175513140952
464,1051,1515,0.13706999607409875
466,1029,1495,0.13708298113509143
468,1037,1505,0.1370899174100601
467,1035,1502,0.1370912327047768
466,1046,1512,0.13709336288221396
465,1054,1519,0.13709990846626013
468,1053,1521,0.13710853642089588
464,1054,1518,0.1371096909522725
466,1042,1508,0.13711992123746478
471,1050,1521,0.1371244621975602
472,1054,1526,0.13711757306343625
466,1051,1517,0.13710905878532811
463,1054,1517,0.13711624224355695
463,1051,1514,0.13712831517611657
462,1045,1507,0.1371414171176346
463,1041,1504,0.1371552361924335
465,1045,1510,0.13716773830524123
460,1038,1498,0.13717409952340026
457,1042,1499,0.137190663056512
453,1041,1494,0.13721460980961256
453,1047,1500,0.1372474045319255
457,1043,1500,0.13727964457676559
464,1050,1514,0.13729639328735682
464,1054,1518,0.13729629267773094
462,1048,1510,0.13729773019861452
459,1059,1518,0.13730323392169683
461,1053,1514,0.1373162263762174
458,1044,1502,0.1373240426793786
458,1042,1500,0.13733661860952953
454,1048,1502,0.1373496027501935
458,1044,1502,0.13736826984641679
458,1044,1502,0.13737680478469033
450,1056,1506,0.13738360409248299
449,1066,1515,0.13741027537919595
452,1067,1519,0.13743896803021285
454,1062,1516,0.13745865715969438
453,1059,1512,0.1374712420556947
452,1059,1511,0.13748628252269324
452,1063,1515,0.13750201641053258
455,1064,1519,0.1375150031290491
450,1070,1520,0.137520853917254
456,1070,1526,0.13753783000572514
454,1066,1520,0.13754090772844518
450,1057,1507,0.13754789123305078
448,1058,1506,0.13756365142458854
439,1058,1497,0.13758008804927638
441,1056,1497,0.1376165733977917
441,1066,1507,0.13764619172605128
444,1076,1520,0.13767547897885624
443,1077,1520,0.13769597615638762
444,1069,1513,0.13771690238390175
449,1070,1519,0.13773450698944772
442,1063,1505,0.13774038866225
444,1071,1515,0.13776082675057666
433,1069,1502,0.1377746845383298
443,1080,1523,0.1378109798618973
446,1075,1521,0.1378203040557512
447,1074,1521,0.1378230966402588
451,1068,1519,0.13782368222994792
451,1072,1523,0.13781581628750153
445,1064,1509,0.13780840030483626
439,1068,1507,0.13781476705014434
441,1069,1510,0.13783435533557437
439,1068,1507,0.13784874748995563
439,1062,1501,0.13786705487038595
435,1076,1511,0.13788373482205796
435,1088,1523,0.1379091729989108
433,1086,1519,0.13793316506313516
429,1088,1517,0.13796166518464742
429,1090,1519,0.13799633463882455
421,1090,1511,0.1380288541859962
429,1093,1522,0.1380745465336149
431,1088,1519,0.13809940978642493
433,1080,1513,0.13811891539751436
432,1071,1503,0.1381322141572257
433,1078,1511,0.13814875728285847
431,1083,1514,0.13816378717436884
425,1080,1505,0.13818435025439263
429,1090,1519,0.13821608140600902
421,1100,1521,0.13823905906903353
412,1097,1509,0.1382783636437359
414,1097,1511,0.13833498475831793
411,1080,1491,0.13838243672073625
415,1091,1506,0.13843474399978437
412,1083,1495,0.13847544669604875
408,1086,1494,0.13851824044078576
412,1090,1502,0.1385655303870294
410,1089,1499,0.13860105242011886
416,1083,1499,0.13863896206083193
416,1091,1507,0.13865891854347148
420,1097,1517,0.1386785520815253
415,1092,1507,0.13868495666333744
419,1092,1511,0.13870314887998828
416,1095,1511,0.13871029648537858
415,1095,1510,0.13872405717028344
423,1091,1514,0.13873913618593264
418,1093,1511,0.13873443925323664
423,1093,1516,0.13874188541111965
416,1089,1505,0.13873881200915053
414,1084,1498,0.1387526665145285
408,1085,1493,0.13876968688018126
411,1094,1505,0.13879950805894586
408,1087,1495,0.1388230091327765
409,1088,1497,0.13885358931581301
403,1099,1502,0.13888105058266834
412,1102,1514,0.13891870539216244
410,1106,1516,0.1389339527873345
405,1108,1513,0.1389526341728905
412,1106,1518,0.13898074774234379
409,1118,1527,0.13898969682845994
406,1108,1514,0.13900698216756813
406,1100,1506,0.13903117282525146
409,1112,1521,0.13905266879811962
408,1103,1511,0.1390674999622967
405,1108,1513,0.13908178536375243
405,1098,1503,0.13910035096374773
404,1115,1519,0.13911949085202263
402,1115,1517,0.13914060577033394
407,1109,1516,0.13916339971680433
407,1110,1517,0.13917366791646424
407,1110,1517,0.13918475395945873
405,1111,1516,0.139195445638307
401,1103,1504,0.13921145009442457
403,1105,1508,0.13923724293628711
397,1117,1514,0.1392569059659103
398,1109,1507,0.13928827394136825
394,1110,1504,0.1393144455955414
393,1104,1497,0.13934638763941784
388,1103,1491,0.13937726632871134
403,1107,1510,0.1394127435254971
406,1101,1507,0.13941012841006054
403,1097,1500,0.13940027831839072
397,1092,1489,0.1393998236329598
407,1101,1508,0.13941367613027308
402,1112,1514,0.139404678848937
404,1109,1513,0.13940852289463837
404,1120,1524,0.1394072756812365
407,1113,1520,0.13940711569591918
403,1108,1511,0.13940027781866826
402,1108,1510,0.13940398489367822
406,1110,1516,0.13941050964321705
405,1101,1506,0.13940838064760014
402,1107,1509,0.13940956903127602
408,1102,1510,0.13941764419150698
405,1097,1502,0.13941203637931693
406,1105,1511,0.13941392513026726
404,1115,1519,0.1394094515073489
401,1118,1519,0.13941004418801872
396,1100,1496,0.13941760116713306
395,1108,1503,0.13943641269257145
402,1109,1511,0.13945700577079612
392,1109,1501,0.13946025373194854
392,1111,1503,0.139486966842217
398,1115,1513,0.13951124724474678
394,1117,1511,0.13951748468233363
401,1126,1527,0.13953429685667282
395,1122,1517,0.13953422876997335
398,1122,1520,0.139547133951887
395,1121,1516,0.13955228350012466
400,1106,1506,0.1395645660968034
399,1122,1521,0.1395644603441018
401,1125,1526,0.1395667205817268
404,1122,1526,0.13956333635390414
397,1128,1525,0.1395543905354552
400,1111,1511,0.13956359154794815
399,1122,1521,0.1395651174372781
389,1119,1508,0.13956758187957471
394,1107,1501,0.1395939141402663
397,1107,1504,0.1396061722840466
399,1114,1513,0.13961006837147497
408,1110,1518,0.1396088461575704
409,1117,1526,0.13958669543092095
403,1106,1509,0.13956437067162145
394,1102,1496,0.13955816737701468
394,1102,1496,0.1395740722902542
399,1104,1503,0.139589922310936
395,1117,1512,0.13959444067091842
394,1126,1520,0.13960919070960692
396,1121,1517,0.13962671193982013
393,1113,1506,0.1396365649689875
395,1121,1516,0.1396530822349088
397,1115,1512,0.1396631611119482
396,1108,1504,0.1396646286268308
387,1096,1483,0.1396685804837902
392,1113,1505,0.13969199026845686
383,1109,1492,0.1397011007052775
395,1111,1506,0.13973141731004549
387,1122,1509,0.13973344052341433
390,1108,1498,0.13975300236467814
390,1107,1497,0.13976457838973397
385,1093,1478,0.13977359579926962
388,1107,1495,0.1397948251696668
390,1104,1494,0.139808386661021
388,1112,1500,0.13981482313243052
395,1122,1517,0.139826652455159
398,1114,1512,0.13981701341963051
402,1112,1514,0.1398021373029508
399,1106,1505,0.13977985909753993
397,1099,1496,0.13976823279104622
399,1116,1515,0.13976313240335572
395,1117,1512,0.13975503536585132
392,1120,1512,0.13975396624328923
392,1115,1507,0.13975938857756898
399,1124,1523,0.13976573749017177
394,1120,1514,0.1397547881668011
396,1122,1518,0.13975615671398306
389,1113,1502,0.13975477326055027
389,1115,1504,0.13977028603165365
390,1119,1509,0.139785976589277
389,1128,1517,0.13979958754933425
389,1123,1512,0.13981400288826656
382,1125,1507,0.1398268151064638
388,1129,1517,0.13985298613543565
382,1124,1506,0.13986350243127146
372,1127,1499,0.1398871339051121
377,1136,1513,0.13992939096142387
377,1139,1516,0.13996001233719407
374,1137,1511,0.13998927989497006
375,1140,1515,0.14002375126306155
378,1132,1510,0.14005524645803896
376,1130,1506,0.14007875399956707
377,1136,1513,0.14010583437932803
378,1140,1518,0.1401304135935066
383,1137,1520,0.1401496923962782
377,1146,1523,0.14015378187037925
379,1146,1525,0.14017088883479858
376,1148,1524,0.14018232515238893
369,1140,1509,0.14020015021023313
365,1145,1510,0.14023386445383332
365,1135,1500,0.14027537321979314
362,1147,1509,0.1403142991820086
367,1141,1508,0.14035903918727594
370,1151,1521,0.14038721015756425
364,1151,1515,0.14040660465372087
357,1144,1501,0.14043872495071572
363,1146,1509,0.14048509376222218
367,1139,1506,0.14051324500787576
360,1140,1500,0.14053080399581414
367,1143,1510,0.14056122520686545
365,1154,1519,0.14057469554790905
356,1141,1497,0.1405933899184627
354,1145,1499,0.14063245183741366
354,1147,1501,0.1406744337376924
357,1157,1514,0.14071214681916408
355,1156,1511,0.14073980007103393
354,1159,1513,0.1407722675979106
355,1158,1513,0.14080229625833052
353,1158,1511,0.14082889822798395
352,1154,1506,0.14085913909518466
346,1157,1503,0.14088948000897883
340,1150,1490,0.14093280923613669
338,1143,1481,0.1409856239658474
340,1152,1492,0.14103987304114468
338,1163,1501,0.14108505893396653
344,1166,1510,0.14113134666083516
345,1158,1503,0.14115997198250796
346,1160,1506,0.1411857729360647
345,1171,1516,0.1412075300266852
343,1167,1510,0.14122836583088286
342,1157,1499,0.14125514637958742
340,1166,1506,0.14128250274425289
336,1162,1498,0.1413135473351704
338,1173,1511,0.1413512850423652
342,1177,1519,0.14137993936307994
342,1168,1510,0.14139772846338347
345,1161,1506,0.1414153064257148
345,1158,1503,0.1414220119570388
342,1158,1500,0.1414279573857624
335,1156,1491,0.1414411766351326
337,1164,1501,0.14146926774284665
340,1172,1512,0.14149123441429243
333,1173,1506,0.14150496144570576
337,1167,1504,0.14153515909906336
338,1169,1507,0.1415534030098299
339,1176,1515,0.1415700534248213
339,1171,1510,0.1415806550622294
339,1163,1502,0.14159114889976074
335,1177,1512,0.14159830075039173
337,1167,1504,0.14161453057480394
335,1159,1494,0.1416251530162807
338,1176,1514,0.14164082861096555
337,1182,1519,0.1416492668969783
342,1182,1524,0.14165799467651763
343,1190,1533,0.14165432897134825
338,1170,1508,0.14164714816950139
346,1177,1523,0.14165366895381226
348,1187,1535,0.14164359362382992
353,1174,1527,0.14163029203022406
352,1192,1544,0.14160544052525428
345,1184,1529,0.1415861278411469
342,1187,1529,0.14158599797084556
333,1185,1518,0.14159067480397225
339,1191,1530,0.14161732208146863
338,1177,1515,0.1416308391216871
339,1185,1524,0.1416450767305754
332,1181,1513,0.14165629283723288
333,1176,1509,0.14168272024005057
336,1174,1510,0.1417051275738185
336,1178,1514,0.1417184727838693
337,1174,1511,0.14173137059929197
339,1169,1508,0.1417406566875479
336,1171,1507,0.14174497733804545
332,1184,1516,0.14175654574179342
337,1185,1522,0.14177252290611958
332,1193,1525,0.14177779505147392
331,1197,1528,0.1417954757508171
323,1191,1514,0.14181550307181498
321,1185,1506,0.1418510915567715
323,1192,1515,0.14188932038079222
323,1185,1508,0.14192091534573578
328,1183,1511,0.14194684623807002
329,1183,1512,0.14196029495550577
332,1195,1527,0.141969142596433
324,1183,1507,0.14197158772272467
331,1195,1526,0.14199018502922897
324,1188,1512,0.14199397011245962
331,1188,1519,0.14201543814241777
330,1189,1519,0.14201904800617213
325,1193,1518,0.14202241576693936
319,1186,1505,0.1420387723652131
317,1197,1514,0.14206971297199517
316,1198,1514,0.14210221233429135
313,1188,1501,0.14213401367644266
318,1189,1507,0.14217009329578967
315,1184,1499,0.14219041434030405
313,1189,1502,0.14221677459069182
310,1194,1504,0.14224639725258842
315,1189,1504,0.1422818505716813
310,1201,1511,0.14229951732967736
310,1204,1514,0.1423258177262596
311,1206,1517,0.14235187762741183
303,1196,1499,0.1423746231751438
304,1198,1502,0.14241444530478944
305,1201,1506,0.1424494319397372
307,1198,1505,0.14248139401715154
309,1202,1511,0.14250748456392567
302,1205,1507,0.1425261240747145
301,1216,1517,0.1425604237301407
298,1214,1512,0.14259641986080943
301,1205,1506,0.14263684180691502
306,1213,1519,0.14266729370485917
299,1220,1519,0.14268387482596145
298,1212,1510,0.14271617412834003
299,1212,1511,0.1427488009529174
295,1195,1490,0.14277853245611027
292,1207,1499,0.14281539117630396
292,1215,1507,0.14285737130026824
293,1216,1509,0.1428949498564286
300,1227,1527,0.14292807140234168
297,1224,1521,0.14294345588236307
293,1222,1515,0.14296382252106624
291,1217,1508,0.14299337287672667
291,1219,1510,0.14302583572735572
292,1232,1524,0.14305714260414196
289,1220,1509,0.14308382283866128
288,1222,1510,0.14311712627120557
290,1237,1527,0.1431498036510188
290,1240,1530,0.14317548921034307
286,1236,1522,0.1432002929513327
283,1231,1514,0.14323376141972566
280,1227,1507,0.14327202818296514
276,1240,1516,0.14331452396890765
279,1230,1509,0.14336385716505212
277,1225,1502,0.1434004252864025
277,1225,1502,0.14343987925679072
277,1231,1508,0.14347624583716181
270,1233,1503,0.14351207833609103
270,1225,1495,0.143561774079062
271,1236,1507,0.14360872155508558
277,1244,1521,0.14364804583844806
275,1239,1514,0.14366968220246223
268,1236,1504,0.1436916513370385
271,1240,1511,0.14372918577188037
270,1243,1513,0.1437575105546212
269,1237,1506,0.1437852061826933
271,1236,1507,0.14381474573018418
270,1230,1500,0.1438389584158511
275,1232,1507,0.14386560326838788
270,1239,1509,0.14387899216859076
265,1228,1493,0.14390349176602238
269,1243,1512,0.14393879559907682
261,1226,1487,0.14396089554858568
257,1227,1484,0.14400052604799282
259,1224,1483,0.144048019992977
255,1237,1492,0.1440865846775778
257,1244,1501,0.1441327135512291
258,1253,1511,0.14416964312403313
266,1250,1516,0.14420170775396365
265,1248,1513,0.14421313935439442
260,1240,1500,0.14422275211875846
264,1227,1491,0.14424535825884569
268,1236,1504,0.14425669732632007
265,1233,1498,0.14425935783748844
264,1243,1507,0.14427041322894849
262,1246,1508,0.14428288041163126
260,1249,1509,0.14429893419648185
253,1243,1496,0.14431932112648316
254,1254,1508,0.14435481943518794
251,1259,1510,0.14438441650079445
252,1265,1517,0.14442001197998514
251,1266,1517,0.14445261947024673
256,1258,1514,0.14448626711051998
260,1248,1508,0.1445029428807622
262,1261,1523,0.14450745011835892
258,1255,1513,0.1445093464216004
258,1264,1522,0.1445210396960094
256,1261,1517,0.14453158979271133
257,1270,1527,0.14454624261660848
254,1267,1521,0.14455944622539316
255,1262,1517,0.14457915095480306
245,1269,1514,0.14459645864598222
238,1273,1511,0.14463464028435108
241,1272,1513,0.14468612938516365
240,1276,1516,0.1447278583504832
242,1279,1521,0.144769133830807
242,1290,1532,0.14480386391521766
242,1276,1518,0.14483679957171364
245,1279,1524,0.14486618023413214
241,1281,1522,0.1448847403837728
242,1272,1514,0.1449122181561175
236,1284,1520,0.1449356621667231
234,1287,1521,0.14497233313941232
236,1268,1504,0.1450095971339712
237,1280,1517,0.14504067796050818
229,1286,1515,0.14506827914493584
228,1273,1501,0.14511315675660316
231,1284,1515,0.14515857320410733
234,1272,1506,0.14519354307225502
233,1274,1507,0.14521950291598182
234,1279,1513,0.14524619036522002
233,1291,1524,0.14526658144228555
237,1282,1519,0.14528675555543655
237,1272,1509,0.1452957572081782
235,1280,1515,0.14530444734980094
234,1285,1519,0.14531819146212527
234,1284,1518,0.14533193522113122
239,1280,1519,0.1453445017092748
239,1270,1509,0.14534472491078496
233,1288,1521,0.1453455191399875
236,1291,1527,0.14535947726648643
237,1280,1517,0.14536643361584925
236,1273,1509,0.14537142629105174
235,1289,1524,0.1453785641926367
236,1283,1519,0.14538764905408413
235,1266,1501,0.14539446323045863
237,1272,1509,0.14540368358417294
233,1272,1505,0.1454073858567684
231,1265,1496,0.1454197960161415
227,1273,1500,0.14543739318081542
229,1275,1504,0.14546423070779713
234,1279,1513,0.145483049220389
235,1289,1524,0.14548869622654026
232,1293,1525,0.14549075612123893
233,1294,1527,0.1455010394882451
226,1302,1528,0.14550954081506745
225,1297,1522,0.1455347391136004
224,1300,1524,0.14556111977450895
223,1283,1506,0.14558699872317948
218,1280,1498,0.14561315166257527
222,1282,1504,0.14564890454979731
219,1293,1512,0.1456731720969604
216,1285,1501,0.1457033183091315
218,1293,1511,0.14573701365515848
219,1287,1506,0.14576396799502914
216,1289,1505,0.14578807037695835
217,1290,1507,0.14581845772732432
217,1283,1500,0.1458427327059146
213,1284,1497,0.1458661382806973
211,1290,1501,0.14589620710019102
210,1302,1512,0.145930764436589
215,1295,1510,0.1459652156887557
211,1308,1519,0.14598322235904138
210,1300,1510,0.14600974894166593
209,1304,1513,0.14603824725110384
205,1303,1508,0.14606741073897792
203,1302,1505,0.14610374880942129
204,1300,1504,0.14614088791262522
198,1302,1500,0.14617355335460708
197,1314,1511,0.14621814959903978
201,1313,1514,0.14626170831527932
202,1318,1520,0.1462936519217583
206,1324,1530,0.1463221620835844
207,1324,1531,0.1463375649065463
208,1321,1529,0.14635159614390006
212,1323,1535,0.14636286198982038
207,1313,1520,0.1463656580491326
207,1313,1520,0.14637983020052958
204,1308,1512,0.14639176678822835
205,1312,1517,0.14640940897948101
204,1311,1515,0.1464238334291367
202,1300,1502,0.14644083257213603
199,1299,1498,0.14646175421434074
203,1302,1505,0.1464865516120779
203,1311,1514,0.1464984807104941
203,1306,1509,0.14651088901477521
198,1303,1501,0.14652347710466285
198,1306,1504,0.14654620680138325
198,1307,1505,0.14656879378689816
196,1303,1499,0.14658974339771952
197,1301,1498,0.14661400167466718
195,1308,1503,0.1466338556793399
194,1313,1507,0.14665509299851032
197,1306,1503,0.14667846161506795
191,1296,1487,0.14669146801042687
191,1299,1490,0.1467170779113163
193,1304,1497,0.14674268960126302
193,1320,1513,0.1467621601707296
189,1311,1500,0.14677958341225567
186,1330,1516,0.14680418737999254
188,1325,1513,0.14683464836315388
185,1328,1513,0.14685950884131307
187,1322,1509,0.14688917371856028
183,1314,1497,0.14691199089364992
182,1311,1493,0.14694354647713698
182,1312,1494,0.14697601135750898
182,1314,1496,0.14700552287475116
181,1321,1502,0.14703341966148165
183,1329,1512,0.1470636190235177
179,1325,1504,0.1470872545271343
184,1335,1519,0.1471189900206152
185,1336,1521,0.1471346356144441
181,1334,1515,0.14714645532723908
175,1336,1511,0.1471675048906098
177,1328,1505,0.14720068963407262
176,1323,1499,0.1472268097771648
179,1327,1506,0.1472523767529605
177,1340,1517,0.14726988065947305
176,1343,1519,0.14729050527368093
173,1347,1520,0.14731310701782216
175,1343,1518,0.1473404268189599
179,1344,1523,0.14736299129841238
173,1346,1519,0.14737298434242585
173,1345,1518,0.14739736656671099
170,1343,1513,0.14742222152374032
171,1339,1510,0.14745067022808783
172,1340,1512,0.1474747563874049
173,1344,1517,0.14749557200544092
165,1336,1501,0.14751207529352897
161,1342,1503,0.14754797074323386
162,1348,1510,0.14759036812528187
160,1346,1506,0.14762774970402875
160,1351,1511,0.14766845141103307
162,1354,1516,0.14770519342780766
165,1341,1506,0.14773420930976833
169,1336,1505,0.1477543927431886
169,1338,1507,0.1477602756948343
172,1334,1506,0.14776658983418853
170,1335,1505,0.1477663073198371
172,1335,1507,0.14777074944143379
174,1338,1512,0.14776931209673821
175,1342,1517,0.1477636533999234
177,1348,1525,0.14775671090634984
174,1355,1529,0.14774367629569984
177,1350,1527,0.14773761511879313
176,1348,1524,0.14772695574477865
177,1344,1521,0.1477196048181604
178,1338,1516,0.14771069594887767
186,1337,1523,0.14769775754843684
185,1329,1514,0.14766603877063145
187,1323,1510,0.14764016334979646
189,1335,1524,0.14761180039041516
184,1329,1513,0.14758088284177207
187,1327,1514,0.14756430081056185
182,1325,1507,0.14754293461272425
181,1339,1520,0.1475359363726148
183,1331,1514,0.1475329418463181
176,1339,1515,0.14752434396016204
173,1342,1515,0.14753191108332037
173,1341,1514,0.14754596365944025
171,1342,1513,0.14756021862818758
171,1341,1512,0.1475790840932952
170,1339,1509,0.14759672797997117
176,1336,1512,0.14761576048621763
172,1340,1512,0.14762000320885707
172,1343,1515,0.14763416381559485
174,1349,1523,0.14764635826111017
169,1349,1518,0.1476530535577951
167,1351,1518,0.14767145738834375
171,1357,1528,0.1476923436267874
164,1359,1523,0.1477020126663648
168,1343,1511,0.14772627645403322
165,1344,1509,0.14774129054966767
167,1347,1514,0.14776226769880443
169,1344,1513,0.14777827350394698
165,1343,1508,0.1477886238185081
165,1335,1500,0.14780716098426802
164,1348,1512,0.1478254725831804
164,1333,1497,0.1478441805311081
165,1332,1497,0.1478622078441549
167,1335,1502,0.14787702415391962
164,1331,1495,0.14788531084936196
163,1327,1490,0.14789956757049566
161,1336,1497,0.14791429948147872
163,1338,1501,0.14793349344723075
164,1354,1518,0.14794497927151895
165,1342,1507,0.1479509295986398
166,1344,1510,0.14795458145471282
169,1339,1508,0.14795548166785438
173,1338,1511,0.14794778274904757
174,1332,1506,0.1479302082571672
175,1335,1510,0.14791164079193175
173,1342,1515,0.14789160665307097
173,1354,1527,0.147878010014187
174,1356,1530,0.14786551546236695
171,1350,1521,0.14785300747108823
172,1341,1513,0.1478488008565545
171,1343,1514,0.14783965428897541
172,1354,1526,0.14783367706666584
169,1349,1518,0.14782619868899707
172,1340,1512,0.14782568178809727
168,1337,1505,0.14781864207545145
169,1337,1506,0.14782331907752932
172,1349,1521,0.14782642525722575
172,1354,1526,0.147822949014079
171,1342,1513,0.14782003998278556
170,1342,1512,0.14781995355701935
170,1344,1514,0.14782365313956547
165,1349,1514,0.14782899993837173
167,1349,1516,0.14784448483023077
162,1362,1524,0.14785460870512973
162,1370,1532,0.14787666390907386
166,1357,1523,0.14789584344637238
169,1353,1522,0.1479028175046129
167,1346,1513,0.14790241119683706
169,1345,1514,0.14790576927574278
164,1350,1514,0.14790583564757953
162,1348,1510,0.147915952235881
164,1342,1506,0.14793098556438009
164,1350,1514,0.1479399011486016
163,1356,1519,0.14794814336745404
164,1360,1524,0.1479590860427216
162,1350,1512,0.1479683018468909
162,1352,1514,0.14798166790403555
166,1335,1501,0.1479941074543757
165,1344,1509,0.14799600746115116
166,1352,1518,0.14800072644768672
161,1344,1505,0.14800278307472944
166,1347,1513,0.14801624980109782
164,1337,1501,0.14801643315448182
164,1321,1485,0.14802033450834806
165,1328,1493,0.14802391685004251
166,1339,1505,0.148025200144824
165,1338,1503,0.14802488434948433
166,1338,1504,0.1480269388545619
161,1348,1509,0.1480266012913184
166,1345,1511,0.14803846886046865
167,1342,1509,0.14803783923957275
167,1344,1511,0.14803595436789443
163,1350,1513,0.14803303927929737
167,1337,1504,0.14803991262604688
167,1336,1503,0.14803665275027847
166,1339,1505,0.1480330742785041
165,1346,1511,0.1480325594119699
168,1348,1516,0.14803365998262916
172,1347,1519,0.14802750686612934
170,1345,1515,0.14801201536694933
165,1346,1511,0.14800263274582842
166,1352,1518,0.1480062537288057
168,1348,1516,0.14800670202994856
166,1338,1504,0.14800247948269302
168,1338,1506,0.14800260422539924
164,1348,1512,0.14799932000022203
165,1351,1516,0.14800514172621454
162,1359,1521,0.14800773818564913
167,1354,1521,0.14801724794389376
169,1349,1518,0.14801554766251157
168,1344,1512,0.14800914529370016
167,1341,1508,0.1480058567514943
162,1343,1505,0.14800475354428472
163,1356,1519,0.1480148228693893
167,1349,1516,0.14802282812499523
165,1347,1512,0.14802026313658317
164,1341,1505,0.1480231837543999
161,1344,1505,0.14802990689929033
161,1357,1518,0.1480424525343998
163,1358,1521,0.14805471165184578
159,1361,1520,0.14806178195621722
159,1360,1519,0.1480785343161687
163,1353,1516,0.14809429492193346
160,1352,1512,0.14809785751868257
160,1354,1514,0.148108835621721
159,1361,1520,0.14811993422697992
157,1354,1511,0.1481321340771565
156,1360,1516,0.14814873920050559
154,1366,1520,0.14816668308347342
152,1370,1522,0.1481875963186608
155,1366,1521,0.14821153648497984
151,1358,1509,0.14822714036452805
153,1359,1512,0.14825132179495715
149,1367,1516,0.14826771702816544
146,1377,1523,0.14829358628117337
145,1376,1521,0.1483249072349324
147,1367,1514,0.14835657870195085
146,1377,1523,0.14838102565119868
146,1365,1511,0.14840470729926714
147,1346,1493,0.14842699366433829
152,1352,1504,0.14844503732231154
152,1361,1513,0.14845021664491112
149,1358,1507,0.14845621524219813
150,1363,1513,0.14846935936440075
151,1363,1514,0.14847962122966174
150,1359,1509,0.14848507500286504
150,1358,1508,0.14849293260539118
151,1361,1512,0.1485010649406407
148,1365,1513,0.1485049723432308
144,1371,1515,0.14851460997001778
145,1363,1508,0.1485330347828746
143,1354,1497,0.1485483499711967
145,1367,1512,0.14856807509835152
146,1374,1520,0.1485825950307876
147,1371,1518,0.14859408061833024
145,1371,1516,0.1486030453583018
145,1370,1515,0.14861664204455693
147,1361,1508,0.14863033272275444
150,1358,1508,0.14863646138206038
152,1370,1522,0.14863269329725642
150,1371,1521,0.14862587743056718
149,1367,1516,0.14862350358761892
150,1374,1524,0.14862418695368199
151,1364,1515,0.14862360679703762
149,1361,1510,0.14862152591364972
148,1360,1508,0.14862404408802543
149,1363,1512,0.14862932909131987
147,1375,1522,0.14863120403083208
146,1359,1505,0.14863830787132737
144,1372,1516,0.14864676740199767
146,1378,1524,0.14866006412649074
145,1377,1522,0.14866912377488295
141,1376,1517,0.1486791595845763
141,1381,1522,0.14869799609679354
141,1368,1509,0.14871518121815597
142,1377,1519,0.1487315411487276
144,1381,1525,0.1487446260737076
145,1369,1514,0.14875227242899075
140,1363,1503,0.14875614055480493
134,1362,1496,0.14877056736071004
134,1375,1509,0.14879711566382609
136,1376,1512,0.14882290043760893
136,1388,1524,0.14884343280262324
134,1383,1517,0.1488634989325842
135,1383,1518,0.1488874033287091
138,1379,1517,0.14890678814474753
141,1377,1518,0.14891831137347375
134,1381,1515,0.14892195334530325
134,1390,1524,0.14894184174654457
135,1378,1513,0.1489613183810984
131,1369,1500,0.14897666518286226
133,1373,1506,0.1490004906600476
135,1367,1502,0.14901752844186356
134,1375,1509,0.1490297108092178
135,1376,1511,0.14904300392882264
137,1371,1508,0.14905202279153681
136,1382,1518,0.149055960242293
136,1378,1514,0.14906284627311928
138,1381,1519,0.14906827513574622
135,1387,1522,0.14906810905264276
135,1378,1513,0.1490755540921602
134,1361,1495,0.14908208794809225
133,1356,1489,0.14909018280450967
134,1360,1494,0.14909901526450206
135,1385,1520,0.1491034550305204
133,1389,1522,0.1491050241797548
130,1386,1516,0.1491122117607276
131,1384,1515,0.14912675645483753
129,1385,1514,0.14913696667607412
132,1383,1515,0.14915168877168328
129,1379,1508,0.14915901270530166
126,1379,1505,0.14917289549442064
122,1386,1508,0.14919382142732182
121,1401,1522,0.1492227143576841
123,1395,1518,0.14925256079937213
126,1396,1522,0.1492752235086428
125,1395,1520,0.1492899782904724
121,1390,1511,0.1493060436884898
122,1392,1514,0.14932985636638885
121,1394,1515,0.1493505012602546
118,1399,1517,0.14937328216132995
119,1412,1531,0.149402023801914
116,1405,1521,0.1494273951918502
116,1404,1520,0.14945754801355884
117,1395,1512,0.14948448775125775
114,1397,1511,0.14950735236788293
113,1401,1514,0.14953586983443645
111,1402,1513,0.1495645700669971
114,1392,1506,0.14959608121206272
112,1400,1512,0.14961755234855076
116,1398,1514,0.14964185249477038
110,1402,1512,0.1496559412130841
111,1406,1517,0.14968308411787143
109,1413,1522,0.14970528395661845
110,1409,1519,0.1497314041107842
114,1411,1525,0.1497532336855452
113,1400,1513,0.1497644503842714
111,1396,1507,0.14977729842966347
110,1412,1522,0.1497949790592817
110,1410,1520,0.14981417445551307
111,1412,1523,0.14983122380384675
113,1413,1526,0.14984581005096065
109,1413,1522,0.14985255326216462
111,1413,1524,0.14986840776985144
109,1400,1509,0.1498793694911051
112,1405,1517,0.14989493877286666
111,1407,1518,0.1499021206092789
111,1392,1503,0.14990949635952486
112,1393,1505,0.1499163560546785
110,1391,1501,0.14992069495036625
112,1405,1517,0.14993098542072278
112,1399,1511,0.14993531810204103
111,1405,1516,0.1499391127615251
115,1414,1529,0.1499457230688485
116,1404,1520,0.14994148101864696
113,1404,1517,0.14993454675828807
112,1394,1506,0.14993585440201418
116,1403,1519,0.1499403514997222
115,1408,1523,0.14993508757140578
116,1401,1517,0.14993170645078194
122,1405,1527,0.14992580827816462
123,1379,1502,0.14990528111521784
121,1387,1508,0.14988456830053046
117,1397,1514,0.14987016966697791
119,1396,1515,0.14986527331791344
116,1389,1505,0.14985600322081108
113,1381,1494,0.14985483054701246
114,1405,1519,0.14986183333487155
116,1404,1520,0.14986631665899083
116,1405,1521,0.14986574085922996
114,1397,1511,0.14986482643921228
115,1409,1524,0.14986965038837124
112,1409,1521,0.14987227518899318
107,1407,1514,0.14988169864046733
106,1407,1513,0.14990104641811686
109,1404,1513,0.14992240248111383
108,1388,1496,0.1499350069031139
115,1390,1505,0.14994985113904707
113,1386,1499,0.14994561513042068
110,1392,1502,0.1499465241491762
112,1397,1509,0.1499551828420926
115,1398,1513,0.14995714650279723
116,1418,1534,0.14995293505670465
119,1412,1531,0.1499474637031885
119,1404,1523,0.1499352532641157
117,1407,1524,0.1499237833355512
116,1401,1517,0.1499174687498175
117,1413,1530,0.1499147526145012
115,1424,1539,0.14991082544287435
114,1418,1532,0.14991128086692984
115,1418,1533,0.14991361707442405
117,1417,1534,0.14991361561561922
112,1401,1513,0.14990688293581245
113,1403,1516,0.14991344528686304
112,1407,1519,0.1499179897691479
114,1406,1520,0.1499254253381594
118,1411,1529,0.14992793306632865
115,1406,1521,0.14991952938063574
116,1410,1526,0.1499188622039383
115,1404,1519,0.1499163568584362
114,1401,1515,0.14991715186009644
112,1398,1510,0.14992159026397733
114,1399,1513,0.14992894100269152
118,1397,1515,0.1499309578695292
117,1405,1522,0.14992050633812423
114,1404,1518,0.1499143527685582
111,1407,1518,0.14991684594143312
111,1412,1523,0.14992611293915561
109,1414,1523,0.14993500038256516
108,1405,1513,0.14994715365432917
106,1405,1511,0.14996110828168063
108,1400,1508,0.14997765821856945
110,1408,1518,0.14998746311738415
109,1405,1514,0.149992408295365
109,1403,1512,0.15000008642481025
105,1411,1516,0.15000847181766042
104,1417,1521,0.15002599021084972
104,1417,1521,0.15004464349719085
103,1412,1515,0.15006119981401428
105,1405,1510,0.15007655167141565
107,1394,1501,0.1500852067796341
108,1397,1505,0.15008851183486488
112,1409,1521,0.15008975847269831
112,1416,1528,0.1500816762444491
112,1407,1519,0.15007370324002747
111,1413,1524,0.1500673219224012
114,1409,1523,0.15006359000311723
115,1391,1506,0.15005290231253046
114,1393,1507,0.15004163346377802
111,1393,1504,0.1500345085622572
106,1402,1508,0.15003470962755416
110,1406,1516,0.15004690471905893
108,1404,1512,0.15004783378416295
112,1404,1516,0.15005337624913362
111,1403,1514,0.15004629053335974
108,1402,1510,0.15004282759089382
110,1413,1523,0.15004761368192554
113,1407,1520,0.1500482145337113
117,1405,1522,0.15004222147708637
117,1387,1504,0.15002590480685185
114,1399,1513,0.15001148085186763
113,1397,1510,0.15000570538870533
114,1404,1518,0.15000313795031675
114,1414,1528,0.14999867329141195
111,1406,1517,0.14999523562463313
111,1401,1512,0.14999895923498097
110,1407,1517,0.1500031003636562
108,1400,1508,0.15000786220754567
107,1397,1504,0.15001656423088677
110,1395,1505,0.1500258188495378
113,1384,1497,0.15002728783250002
112,1381,1493,0.1500206892332084
111,1387,1498,0.1500174973620502
109,1396,1505,0.15001777727606636
113,1402,1515,0.1500232377735439
114,1403,1517,0.15001798163033042
112,1403,1515,0.1500114668435151
114,1415,1529,0.15000998647882022
110,1408,1518,0.15000453803583935
108,1411,1519,0.15001010932743253
109,1407,1516,0.15002053972103688
112,1404,1516,0.15002664690805578
112,1411,1523,0.15002551244916632
112,1421,1533,0.15002259281659716
112,1402,1514,0.1500206272109739
111,1405,1516,0.15001978828603174
111,1407,1518,0.15002293343076537
112,1399,1511,0.1500262851518183
109,1398,1507,0.15002735626276484
107,1410,1517,0.1500342283981524
107,1415,1522,0.15004551745524303
106,1407,1513,0.15005654116903924
104,1391,1495,0.15006890463273195
107,1399,1506,0.15008420354808671
105,1396,1501,0.15009196616257822
105,1407,1512,0.1501043380289788
102,1408,1510,0.15011576964339374
99,1398,1497,0.15013203530422042
102,1413,1515,0.15015373995376283
102,1407,1509,0.1501682652959404
98,1406,1504,0.1501816230602759
97,1414,1511,0.1502037172915125
98,1415,1513,0.1502265488148248
97,1414,1511,0.15024528808171034
98,1420,1518,0.15026427882939788
97,1426,1523,0.15028009896557193
95,1418,1513,0.15029696567727022
95,1423,1518,0.15031617734319894
96,1428,1524,0.15033329258525285
96,1426,1522,0.15034625937878346
98,1428,1526,0.1503577290985323
99,1426,1525,0.15036431435501538
98,1412,1510,0.1503690870320242
100,1401,1501,0.15037660561272376
99,1409,1508,0.15038042184787478
98,1414,1512,0.15038611613500266
97,1414,1511,0.15039293841015458
98,1424,1522,0.15040242638688073
100,1429,1529,0.15040920258519183
98,1419,1517,0.15041023676767754
99,1432,1531,0.15041577642970771
98,1424,1522,0.15041962064683326
98,1416,1514,0.1504262778059301
98,1417,1515,0.15043157104166435
95,1424,1519,0.1504364312356544
96,1423,1519,0.15044683605918194
100,1414,1514,0.15045433768752572
97,1406,1503,0.1504521093546232
99,1404,1503,0.1504571080452349
103,1406,1509,0.15045678681762176
101,1414,1515,0.1504484655809428
98,1409,1507,0.1504458380956262
99,1415,1514,0.15045140972433246
95,1417,1512,0.15045321488532767
94,1430,1524,0.15046391889632418
97,1419,1516,0.15047626272186299
93,1427,1520,0.15048034679310304
93,1416,1509,0.150494115294497
93,1426,1519,0.15050779821247462
95,1428,1523,0.15052078313417996
93,1411,1504,0.15052684720552748
94,1408,1502,0.15053819235116125
93,1414,1507,0.1505465088766544
90,1422,1512,0.15055620777175377
89,1424,1513,0.15057344567393635
88,1436,1524,0.15059095907393483
89,1433,1522,0.1506081954221718
90,1444,1534,0.15062291853962376
90,1431,1521,0.15063508569963072
88,1430,1518,0.15064659546619297
90,1424,1514,0.15066152446905792
93,1416,1509,0.15067029377058375
90,1427,1517,0.15067075424776905
93,1415,1508,0.1506785563701734
94,1428,1522,0.1506796547492814
93,1428,1521,0.15067872380286856
89,1421,1510,0.15068054867381897
85,1421,1506,0.15069214495531702
85,1426,1511,0.15071230009144684
86,1431,1517,0.15073090101232228
83,1436,1519,0.1507458608139196
84,1431,1515,0.15076822382869037
84,1439,1523,0.15078620382909513
85,1438,1523,0.15080330787997007
82,1432,1514,0.15081708796397017
83,1432,1515,0.15083686153033327
83,1441,1524,0.15085160997153382
81,1447,1528,0.1508624137492783
81,1439,1520,0.1508775575528246
82,1434,1516,0.1508920239050845
80,1434,1514,0.1509043147843852
80,1431,1511,0.1509212920830143
88,1424,1512,0.1509379310711162
90,1435,1525,0.15093293392935944
87,1433,1520,0.15092283789386365
89,1427,1516,0.1509208763851704
90,1429,1519,0.1509149418130807
87,1438,1525,0.15090707279714027
86,1420,1506,0.1509071299039801
87,1442,1529,0.1509101119107641
86,1436,1522,0.15091148866004025
82,1443,1525,0.15091569338496474
82,1437,1519,0.15092863986361738
85,1432,1517,0.15094133292368783
85,1433,1518,0.1509467641137555
85,1433,1518,0.1509524788372031
83,1433,1516,0.15095741053477263
85,1436,1521,0.15096610239278882
87,1444,1531,0.1509683340812481
83,1443,1526,0.15096645380731247
84,1431,1515,0.15097440989362312
80,1442,1522,0.1509801366518343
83,1448,1531,0.1509949682187553
84,1435,1519,0.15100260638738203
81,1427,1508,0.1510076482618846
79,1432,1511,0.15101930091978238
78,1435,1513,0.15103499656223407
74,1443,1517,0.1510521361252059
75,1435,1510,0.15107699202941752
74,1447,1521,0.15109850722780396
75,1434,1509,0.1511207675078164
72,1434,1506,0.1511377965310089
72,1425,1497,0.15116046360502836
71,1441,1512,0.15118175801631475
70,1445,1515,0.1512044351440904
70,1455,1525,0.1512278596097403
70,1454,1524,0.15124987569277465
68,1448,1516,0.1512705520541408
69,1447,1516,0.15129398120322485
65,1454,1519,0.15131369504044662
67,1449,1516,0.15134174164182976
67,1439,1506,0.15136335445771082
65,1433,1498,0.1513835356082508
65,1442,1507,0.15140721566122703
69,1438,1507,0.15142967473547725
67,1450,1517,0.15144012440639876
68,1450,1518,0.15145481770957775
64,1452,1516,0.15146615810513708
66,1447,1513,0.1514865959034709
66,1440,1506,0.15150117658749646
68,1448,1516,0.15151477079647807
67,1452,1519,0.15152273895467824
68,1450,1518,0.15153304409787705
68,1450,1518,0.15153977892225265
69,1458,1527,0.15154664657214265
69,1458,1527,0.15155110614960646
69,1444,1513,0.15155474668282748
71,1448,1519,0.151558312953226
68,1462,1530,0.15155722037312652
68,1463,1531,0.15156288095934797
68,1467,1535,0.15156865977004516
69,1450,1519,0.15157359244527413
69,1457,1526,0.15157610385456177
68,1441,1509,0.15157789395618093
68,1445,1513,0.15158187370038956
67,1444,1511,0.15158616651667103
67,1445,1512,0.15159144448893905
67,1444,1511,0.15159647348169794
65,1447,1512,0.15160196296778913
66,1445,1511,0.15161194888676077
67,1447,1514,0.15161928703473626
68,1436,1504,0.15162425906124413
67,1459,1526,0.1516263301042648
66,1458,1524,0.15163100541567176
67,1462,1529,0.15163777303069162
66,1454,1520,0.15164076293354178
66,1462,1528,0.15164620270392884
64,1455,1519,0.15165166335425329
67,1468,1535,0.1516615106191522
64,1453,1517,0.1516631148862369
63,1456,1519,0.15167131067487688
61,1463,1524,0.15168164081500352
60,1449,1509,0.15169608277521274
60,1442,1502,0.15171201929943248
58,1459,1517,0.1517269674090814
57,1463,1520,0.1517457646411136
57,1462,1519,0.15176578226995424
58,1460,1518,0.15178465259330357
56,1458,1514,0.15180015311013867
57,1444,1501,0.15181923806720796
59,1449,1508,0.1518341581781784
59,1440,1499,0.15184355952415823
58,1448,1506,0.15185193653198822
52,1457,1509,0.15186152695946706
56,1464,1520,0.1518841518921738
57,1459,1516,0.15189614472887392
59,1458,1517,0.15190485901629855
58,1459,1517,0.15190877874566525
57,1461,1518,0.15191508951732538
58,1471,1529,0.15192361620113104
58,1469,1527,0.1519288702502423
59,1468,1527,0.1519338047830135
59,1472,1531,0.15193648995887848
56,1468,1524,0.15193917605075952
56,1476,1532,0.15194829580944602
54,1476,1530,0.151956701407777
58,1470,1528,0.15196934297087858
58,1463,1521,0.15197059947413374
57,1457,1514,0.15197242684307732
53,1456,1509,0.15197692578672847
49,1460,1509,0.1519893216255004
49,1458,1507,0.15201088321091882
48,1449,1497,0.15203223013101794
46,1450,1496,0.15205456091171402
46,1448,1494,0.15208011366983265
48,1464,1512,0.15210408611683124
48,1472,1520,0.15212179168041423
48,1478,1526,0.15213806648411402
49,1474,1523,0.15215348308611693
50,1463,1513,0.1521657549677334
50,1465,1515,0.15217446055204856
52,1444,1496,0.15218301281518495
51,1460,1511,0.15218552275557756
51,1471,1522,0.15219049119192313
50,1474,1524,0.15219498394551276
53,1474,1527,0.15220165150813336
52,1469,1521,0.1522003158215838
50,1477,1527,0.152201720451242
47,1467,1514,0.1522078255352275
49,1457,1506,0.15222039790765765
49,1467,1516,0.1522279882046082
48,1472,1520,0.15223542545215402
49,1468,1517,0.1522449058168663
49,1466,1515,0.15225102997183973
49,1475,1524,0.15225714887356218
51,1472,1523,0.15226263142350713
51,1468,1519,0.1522631014038118
51,1479,1530,0.15226393676805905
51,1468,1519,0.15226507755794835
49,1472,1521,0.15226539729459074
46,1473,1519,0.15227035756313176
46,1476,1522,0.15228170288659953
49,1470,1519,0.15229281953010543
48,1474,1522,0.1522959932723253
48,1469,1517,0.15230176405077156
47,1466,1513,0.15230639035521482
48,1461,1509,0.15231320696532102
50,1477,1527,0.15231766924582602
51,1473,1524,0.15231529687996934
51,1478,1529,0.15231036581563007
51,1483,1534,0.15230633833666107
54,1480,1534,0.1523020056631103
51,1468,1519,0.1522895534455442
51,1464,1515,0.1522844646679827
53,1463,1516,0.15228016663689523
52,1462,1514,0.15227153858798256
55,1460,1515,0.1522654955067649
56,1455,1511,0.1522511256322376
53,1468,1521,0.15223639906411512
54,1467,1521,0.152231375794437
54,1465,1519,0.15222472511113408
54,1454,1508,0.15221865295640302
51,1472,1523,0.15221339011830984
53,1462,1515,0.15221560763368763
53,1460,1513,0.15221258224388085
53,1466,1519,0.15221032455650513
52,1470,1522,0.1522080675895383
52,1475,1527,0.1522088426467702
50,1472,1522,0.1522093911176788
50,1467,1517,0.15221510938822316
51,1462,1513,0.15222106509876285
52,1469,1521,0.15222393001117068
52,1473,1525,0.15222461072396706
53,1468,1521,0.15222563329632754
52,1453,1505,0.1522246073816623
53,1465,1518,0.15222506904792468
51,1454,1505,0.1522236222053537
51,1463,1514,0.15222695890138982
50,1468,1518,0.15223042771129067
48,1471,1519,0.152236119043953
48,1471,1519,0.15224584769055113
49,1472,1521,0.1522541775392989
50,1469,1519,0.15225680780837875
50,1477,1527,0.15225752271991008
51,1476,1527,0.15225842205231013
46,1469,1515,0.15225677364491313
45,1453,1498,0.15226638033407916
45,1457,1502,0.15227809254652477
44,1454,1498,0.15228959974234166
43,1465,1508,0.15230299261869085
43,1463,1506,0.15231724289046752
44,1474,1518,0.15233108739952622
43,1478,1521,0.1523412515082424
42,1482,1524,0.15235342376695318
40,1473,1513,0.15236743580542875
41,1469,1510,0.15238530940128805
41,1470,1511,0.15240006491453986
40,1468,1508,0.15241427275788041
38,1468,1506,0.15242985835376197
39,1463,1502,0.15244798526460632
41,1477,1518,0.15246300639065383
42,1476,1518,0.15247197074044888
41,1483,1524,0.15247845784590713
38,1485,1523,0.15248713256755442
37,1466,1503,0.15250248488874577
37,1475,1512,0.15251862500983027
36,1467,1503,0.1525330169385733
37,1474,1511,0.15254904775249087
38,1470,1508,0.15256221166848813
39,1471,1510,0.15257174518973401
39,1472,1511,0.1525785789969938
39,1475,1514,0.15258542504045847
42,1466,1508,0.15259109987389838
41,1470,1511,0.15258790429198876
40,1464,1504,0.15258736628034533
38,1476,1514,0.15258962140335794
38,1470,1508,0.15259754258999753
37,1466,1503,0.15260540222589788
34,1459,1493,0.1526143252691557
34,1457,1491,0.15262999004339808
32,1461,1493,0.15264506202659553
32,1471,1503,0.1526638494220668
30,1498,1528,0.1526817870291017
30,1492,1522,0.15270330398924417
28,1484,1512,0.15272376602892218
29,1481,1510,0.15274795813004916
28,1479,1507,0.15276814772732183
28,1487,1515,0.1527894994745558
28,1502,1530,0.15280970339630973
27,1506,1533,0.15282881423573816
27,1493,1520,0.15284903081039242
26,1496,1522,0.15286804502151358
27,1484,1511,0.15288701870735286
27,1487,1514,0.15290248808316942
26,1480,1506,0.15291722195474214
26,1478,1504,0.15293341003416738
27,1496,1523,0.15294879761197555
27,1492,1519,0.1529601679264968
27,1482,1509,0.1529711023528219
26,1487,1513,0.15298160248297524
25,1495,1520,0.15299379974141933
25,1497,1522,0.15300757003269472
25,1504,1529,0.15302067297973
24,1497,1521,0.1530331323632525
25,1507,1532,0.15304713307138307
26,1488,1514,0.15305789637255898
26,1485,1511,0.15306571867103405
25,1493,1518,0.153073228200892
25,1494,1519,0.15308258216304865
24,1492,1516,0.15309150071753838
23,1498,1521,0.1531021707945056
24,1494,1518,0.15311471065968668
24,1503,1527,0.15312335715965747
25,1513,1538,0.15313057367649135
25,1497,1522,0.15313535210956933
24,1497,1521,0.153140079010206
25,1509,1534,0.15314691450917745
22,1510,1532,0.15315048689760527
23,1498,1521,0.1531605390870168
19,1490,1509,0.15316800474441114
19,1498,1517,0.15318438943216872
19,1502,1521,0.15319992684017897
19,1496,1515,0.15321465388644545
17,1488,1505,0.15322860666282054
16,1491,1507,0.1532461972489399
16,1500,1516,0.15326429226011565
14,1509,1523,0.15328069509281647
13,1514,1527,0.15330063469900254
13,1509,1522,0.15332168835300572
13,1503,1516,0.1533416302401968
14,1503,1517,0.15335940590433472
15,1502,1517,0.15337390982890878
14,1498,1512,0.15338537839165597
12,1485,1497,0.15339854857149704
11,1483,1494,0.15341617556253614
12,1496,1508,0.1534350161132839
12,1498,1510,0.15345054562180752
13,1508,1521,0.15346524864506553
12,1498,1510,0.15347637764415425
13,1493,1506,0.1534891462982638
13,1505,1518,0.15349802428641837
13,1511,1524,0.15350659718860804
13,1507,1520,0.15351486080949425
13,1508,1521,0.1535228134062107
13,1517,1530,0.1535304553273818
13,1512,1525,0.15353778869449083
12,1499,1511,0.15354481712106036
12,1501,1513,0.15355373456079924
13,1510,1523,0.1535622209091109
13,1500,1513,0.15356797126263985
13,1489,1502,0.15357347885352088
14,1498,1512,0.15357874807312283
14,1490,1504,0.15358051285250818
14,1496,1510,0.15358235564203102
14,1519,1533,0.15358425372263546
13,1512,1525,0.1535861874975087
15,1504,1519,0.15359027884610735
15,1499,1514,0.15358882061485432
13,1506,1519,0.15358767138675636
12,1505,1517,0.15359132544268156
14,1506,1520,0.1535970523183564
16,1509,1525,0.15359779507411336
16,1508,1524,0.15359312001161549
15,1488,1503,0.1535890065687096
15,1487,1502,0.15358806699437802
14,1482,1496,0.1535873611678744
14,1484,1498,0.15358901979341066
15,1473,1488,0.15359072117003347
14,1484,1498,0.15358920019572964
14,1487,1501,0.15359113643022013
14,1486,1500,0.15359176864651358
14,1502,1516,0.15359258356612096
14,1511,1525,0.15359354864378327
14,1504,1518,0.15359463538277993
14,1504,1518,0.15359581888944848
15,1498,1513,0.15359707747395437
15,1486,1501,0.15359517611646167
18,1488,1506,0.15359361393527848
16,1491,1507,0.1535832772792844
16,1494,1510,0.15357914430732408
16,1487,1503,0.15357557563884075
16,1497,1513,0.15357250703382394
16,1509,1525,0.15356988101328747
14,1499,1513,0.15356764617623525
13,1497,1510,0.15357013221178825
14,1479,1493,0.15357480001916068
13,1485,1498,0.15357653217914496
13,1493,1506,0.15358062834733835
12,1503,1515,0.1535846644297139
13,1512,1525,0.15359126688720082
13,1505,1518,0.15359489508281257
11,1508,1519,0.15359845050556145
11,1498,1509,0.15360641680450968
10,1505,1515,0.1536139997055028
11,1511,1522,0.15362371011362458
12,1512,1524,0.15363036753861503
12,1494,1506,0.15363430008886034
12,1495,1507,0.15363808836017465
12,1491,1503,0.1536417319202172
12,1506,1518,0.15364523124983756
12,1500,1512,0.1536485876025035
13,1514,1527,0.15365116709784446
13,1514,1527,0.1536504494802334
13,1512,1525,0.15364998716423964
13,1517,1530,0.15364974425841604
14,1506,1520,0.1536496890061534
13,1510,1523,0.15364652817478938
15,1509,1524,0.15364597539451
14,1514,1528,0.15363986875621743
14,1522,1536,0.15363667639550596
14,1518,1532,0.15363399001747793
14,1517,1531,0.15363174910548025
14,1521,1535,0.15362989965749932
13,1514,1527,0.15362839352009033
14,1517,1531,0.15362953997400175
14,1505,1519,0.15362837641330526
14,1509,1523,0.1536274616724655
14,1516,1530,0.15362676363669686
13,1504,1517,0.15362625376204286
14,1517,1531,0.15362807790204447
15,1514,1529,0.15362766815157486
14,1497,1511,0.15362426148453776
15,1499,1514,0.15362355543647493
16,1501,1517,0.1536197917062906
15,1500,1515,0.15361365804667151
15,1490,1505,0.15361036441835
15,1510,1525,0.1536075441457059
15,1520,1535,0.15360514237038334
15,1498,1513,0.15360311005751018
15,1494,1509,0.15360140340437356
16,1489,1505,0.15359924502708455
16,1484,1500,0.15359486950266749
16,1476,1492,0.153591014440607
17,1482,1499,0.15358762390382258
16,1491,1507,0.15358141926883934
17,1499,1516,0.1535787151693947
16,1515,1531,0.1535731152082091
18,1512,1530,0.15357030394605065
19,1509,1528,0.15356174213017518
17,1503,1520,0.15355118551508215
17,1511,1528,0.15354674478450192
19,1494,1513,0.1535429113495454
21,1483,1504,0.15353341403134255
21,1505,1526,0.1535196912608171
19,1507,1526,0.1535073105051301
19,1508,1527,0.15350061095990017
18,1502,1520,0.15349496469475754
18,1504,1522,0.1534921611704033
18,1504,1522,0.153489833400082
17,1505,1522,0.15348749899695044
17,1503,1520,0.15348772289845353
19,1496,1515,0.15348819493560256
19,1500,1519,0.15348419299898744
19,1505,1524,0.15348068751030144
18,1494,1512,0.15347762412053048
16,1489,1505,0.1534773343541882
16,1488,1504,0.15348190026070413
16,1495,1511,0.15348604276033304
17,1497,1514,0.15349005975044064
16,1504,1520,0.15349130369143602
16,1501,1517,0.15349476432612666
17,1503,1520,0.15349815030766323
16,1502,1518,0.1534991279448055
15,1508,1523,0.15350237040565173
15,1497,1512,0.15350781575921676
14,1496,1510,0.15351301544774892
15,1494,1509,0.15351988466589717
15,1492,1507,0.15352421032587077
14,1493,1507,0.15352836286133636
14,1499,1513,0.15353454470043215
15,1506,1521,0.15354041726482187
16,1509,1525,0.1535433148679752
17,1503,1520,0.1535430641684032
17,1500,1517,0.15354061103011563
16,1505,1521,0.15353850051222476
16,1503,1519,0.15353888364328325
16,1488,1504,0.1535393985294881
16,1485,1501,0.15354002220293597
17,1491,1508,0.15354073452890563
17,1513,1530,0.15353825854540964
16,1491,1507,0.15353614256315243
16,1491,1507,0.15353649701535216
16,1488,1504,0.15353699986526556
16,1486,1502,0.15353762558665424
15,1490,1505,0.1535375034084106
15,1500,1515,0.1535396521178078
14,1504,1518,0.1535418656324028
14,1504,1518,0.1535462584503691
16,1500,1516,0.1535505431025027
16,1507,1523,0.15354970100962764
13,1500,1513,0.15354910837132618
13,1492,1505,0.15355524973973916
14,1494,1508,0.15356117031497385
14,1508,1522,0.15356359582052584
14,1501,1515,0.15356610494534575
14,1503,1517,0.153568670197418
15,1504,1519,0.15357126791686107
16,1499,1515,0.15357121157892134
15,1494,1509,0.15356859438802284
14,1489,1503,0.15356807401929862
14,1497,1511,0.1535699955866486
15,1510,1525,0.15357204460097484
14,1514,1528,0.15357095658777575
14,1510,1524,0.1535724087760326
13,1498,1511,0.15357404679006648
12,1508,1520,0.1535782298517761
12,1518,1530,0.15358522870182478
12,1513,1525,0.15359081165660843
12,1504,1516,0.15359607467870814
12,1506,1518,0.15360122089123265
11,1510,1521,0.15360623775864476
10,1506,1516,0.15361328073875094
9,1511,1520,0.15362235845997538
9,1508,1517,0.15363318816864255
9,1512,1521,0.15364346221040562
8,1529,1537,0.153653204134188
9,1521,1530,0.15366458100843292
9,1507,1516,0.15367312719729934
10,1506,1516,0.1536812279868635
10,1506,1516,0.15368637358646509
10,1504,1514,0.15369130396551636
11,1489,1500,0.15369602271335378
9,1507,1516,0.15369764723831852
9,1506,1515,0.15370430340774427
8,1508,1516,0.15371061678079412
8,1510,1518,0.15371893220217037
7,1518,1525,0.15372677624249823
7,1514,1521,0.1537363697008063
7,1505,1512,0.15374540233638614
7,1509,1516,0.1537539058935464
8,1497,1505,0.15376191042489032
8,1495,1503,0.15376645524770646
9,1492,1501,0.1537708196642232
9,1506,1515,0.153772316647287
9,1499,1508,0.153773853363323
9,1499,1508,0.15377541493818309
9,1500,1509,0.15377698858519
9,1499,1508,0.15377856336611345
10,1497,1507,0.15378012997728566
10,1499,1509,0.15377857341991208
10,1500,1510,0.15377727427463825
10,1505,1515,0.15377620135098216
10,1510,1520,0.1537753268358678
10,1515,1525,0.1537746259472892
10,1496,1506,0.15377407662244355
10,1480,1490,0.1537736592369628
10,1501,1511,0.15377335635219805
10,1497,1507,0.1537731524878079
10,1497,1507,0.1537730339171663
10,1499,1509,0.15377298848334806
9,1498,1507,0.15377300543366637
8,1500,1508,0.15377551012297597
8,1510,1518,0.15378003624345646
8,1507,1515,0.15378430752338204
8,1492,1500,0.15378833753610774
9,1490,1499,0.15379106255019537
9,1493,1502,0.15379147613034147
9,1500,1509,0.1537919817706158
9,1504,1513,0.15379256270640115
9,1497,1506,0.1537932042565523
9,1489,1498,0.15379389359530243
9,1500,1509,0.1537946195477035
9,1496,1505,0.15379537240624835
9,1500,1509,0.1537961437665533
9,1498,1507,0.15379579838645435
10,1499,1509,0.15379451710904435
10,1502,1512,0.15379028348142834
10,1507,1517,0.15378664176274545
11,1508,1519,0.1537835237022501
11,1503,1514,0.15377760300789844
10,1500,1510,0.15377239513172566
10,1504,1514,0.15376998180809298
10,1521,1531,0.15376800345877878
9,1506,1515,0.15376640568545244
9,1494,1503,0.15376780046533728
9,1504,1513,0.1537692755722214
9,1513,1522,0.15377081006868146
9,1505,1514,0.1537723858476011
8,1506,1514,0.15377398730922423
9,1505,1514,0.1537777405788543
10,1519,1529,0.15377808849638572
10,1513,1523,0.15377633669138788
8,1512,1520,0.15377488168416664
7,1510,1517,0.1537779821007549
8,1492,1500,0.15378319728268092
7,1493,1500,0.15378601743758544
7,1508,1515,0.1537910820141693
8,1500,1508,0.15379594811845781
7,1498,1505,0.15379733873566764
7,1510,1517,0.153800991270496
8,1518,1526,0.15380459979526853
8,1521,1529,0.15380507530062743
8,1517,1525,0.15380575489017925
8,1520,1528,0.1538066035778639
7,1503,1510,0.15380759068893723
7,1504,1511,0.15381089730225006
7,1513,1520,0.15381354352154453
7,1512,1519,0.15381622328541286
7,1513,1520,0.15381891578001924
7,1511,1518,0.15382160326739328
7,1514,1521,0.1538242707239984
6,1517,1523,0.153826905518069
6,1529,1535,0.1538319865129656
6,1520,1526,0.15383683164847844
5,1512,1517,0.15384144819167694
6,1517,1523,0.15384809345424644
6,1511,1517,0.1538520652745594
6,1501,1507,0.15385585130711393
6,1503,1509,0.15385945745603663
6,1501,1507,0.15386288978784765
6,1497,1503,0.15386615447120888
6,1506,1512,0.15386925772520127
5,1498,1503,0.15387220577514232
5,1514,1519,0.153877241361639
4,1506,1510,0.15388199127673668
3,1498,1501,0.15388870444323013
3,1507,1510,0.15389717590250868
3,1494,1497,0.15390514200588803
3,1512,1515,0.1539126325298019
3,1506,1509,0.15391967553304156
2,1513,1515,0.1539262974521289
2,1515,1517,0.153934685533342
2,1516,1518,0.15394257012509602
2,1514,1516,0.15394998120957296
2,1513,1515,0.1539569470073279
2,1508,1510,0.15396349407842064
2,1518,1520,0.15396964741798136
2,1514,1516,0.15397543054649215
1,1513,1514,0.1539808655950543
1,1512,1513,0.153988143893351
1,1517,1518,0.15399498307837217
1,1512,1513,0.15400140956162237
0,1520,1520,0.1540074481740125
