1367,27,1394,0.1357959195543012
1396,28,1424,0.13295272645908657
1421,29,1450,0.13028716704623897
1433,28,1461,0.1277927283899547
1431,28,1459,0.12549142356099413
1452,28,1480,0.12340234295609523
1466,28,1494,0.12144776604414446
1470,27,1497,0.11963492677518815
1474,25,1499,0.11797803015053336
1483,24,1507,0.1164592415454107
1475,25,1500,0.11505645311463784
1461,27,1488,0.11379950611177073
1454,27,1481,0.11269084908974164
1457,28,1485,0.11170231787220175
1459,26,1485,0.11079499099945886
1469,26,1495,0.10996598605733565
1473,26,1499,0.10918665060948946
1464,27,1491,0.10846801371918761
1486,27,1513,0.10783660351986932
1469,28,1497,0.10721122593221531
1466,29,1495,0.10668449799074643
1461,31,1492,0.10621100840997298
1465,33,1498,0.10579462963620695
1476,32,1508,0.10540675201912371
1468,30,1498,0.10502823459403554
1469,31,1500,0.10470375632593332
1462,30,1492,0.10440456880958209
1465,29,1494,0.10414724574204764
1461,28,1489,0.10390711767311625
1464,28,1492,0.1036989446658014
1468,29,1497,0.10350428684835031
1462,31,1493,0.10331898801023719
1464,31,1495,0.10316360104462799
1469,32,1501,0.10301484594960993
1465,32,1497,0.10286962971024295
1465,32,1497,0.10274634462214559
1460,31,1491,0.10263446384933314
1473,31,1504,0.10254586962931103
1463,33,1496,0.10243585983960035
1460,35,1495,0.1023582208798695
1460,39,1499,0.10229638832041353
1470,40,1510,0.10224075211626638
1455,42,1497,0.10216671449291434
1450,40,1490,0.10213418026536275
1449,37,1486,0.10211528709813834
1459,38,1497,0.1021014671447017
1449,39,1488,0.10206722090904449
1444,42,1486,0.10206061204785423
1453,43,1496,0.1020667524509538
1455,45,1500,0.10205137551537526
1457,42,1499,0.10203453742936813
1458,44,1502,0.10201507800832138
1467,43,1510,0.1019969207267829
1469,45,1514,0.10195859216779805
1462,49,1511,0.10191803775075473
1452,48,1500,0.10189681342822463
1446,49,1495,0.10190012762676687
1447,50,1497,0.1019191338405506
1432,49,1481,0.10193469033557627
1430,50,1480,0.10198290010174763
1439,51,1490,0.10203243830088851
1420,53,1473,0.10205917502752353
1422,54,1476,0.10212983829276688
1428,54,1482,0.10218873592626576
1435,52,1487,0.10222742372732091
1432,52,1484,0.10224673567984661
1441,51,1492,0.10227199963855046
1445,50,1495,0.10227482343479091
1442,51,1493,0.10226788310867356
1442,54,1496,0.1022690217847883
1437,54,1491,0.102270476703417
1451,52,1503,0.10228349641419708
1452,52,1504,0.10226426530018165
1447,52,1499,0.10224428356850314
1434,52,1486,0.10223710503529215
1433,51,1484,0.10225898118966185
1420,53,1473,0.1022797687178689
1438,52,1490,0.10232842762417807
1449,52,1501,0.10233413966013591
1448,51,1499,0.10231375997439177
1452,52,1504,0.10229759564842222
1445,50,1495,0.1022750986090443
1449,51,1500,0.10227103276383903
1456,51,1507,0.10225682276466973
1454,53,1507,0.10222895465688588
1437,53,1490,0.10220684793248208
1440,54,1494,0.10222707085748706
1435,52,1487,0.10223986904553611
1439,53,1492,0.10226054752173644
1416,54,1470,0.10227069274672526
1422,54,1476,0.10233371855252958
1433,55,1488,0.10237579069191825
1434,55,1489,0.10239023215222531
1426,56,1482,0.10240204820995047
1421,53,1474,0.10243069773659208
1419,54,1473,0.10247194402787621
1420,56,1476,0.10251385114799277
1432,55,1487,0.10254729544430971
1428,55,1483,0.1025524277991023
1446,54,1500,0.10256709312632159
1436,55,1491,0.1025369523229502
1439,56,1495,0.10253406905671496
1442,58,1500,0.10252189381571569
1440,60,1500,0.10250218974652302
1443,62,1505,0.10248950717590312
1439,62,1501,0.10247305918906115
1435,60,1495,0.10246768311060621
1428,61,1489,0.10247369241409798
1435,62,1497,0.10249594677670927
1435,63,1498,0.10250438458829389
1426,62,1488,0.10251105103593075
1435,63,1498,0.10253659210454562
1439,61,1500,0.10253934135897648
1434,59,1493,0.10253149477469346
1435,57,1492,0.10253845679305468
1428,58,1486,0.10254494102817105
1434,59,1493,0.10256383601689922
1444,56,1500,0.10256889227304493
1433,58,1491,0.10255081922745514
1438,60,1498,0.1025560203424613
1437,63,1500,0.10255038832708832
1419,64,1483,0.10254777792540973
1428,65,1493,0.10258648440500956
1427,64,1491,0.10260240816397602
1434,62,1496,0.10261865647579452
1432,65,1497,0.10261805453881348
1430,64,1494,0.10262239592843425
1425,62,1487,0.10263292949132723
1425,64,1489,0.10265181221038745
1435,61,1496,0.10267065207622796
1431,62,1493,0.1026634858251037
1437,63,1500,0.10266728808287588
1429,66,1495,0.10265615216844068
1431,68,1499,0.10266425332144485
1435,70,1505,0.10266808753512457
1421,69,1490,0.10266397495919122
1430,69,1499,0.10269325064378038
1429,66,1495,0.10270091235527629
1420,63,1483,0.10271013963621972
1418,63,1481,0.10273712475616331
1416,61,1477,0.10276402952038238
1421,60,1481,0.10279346110582394
1424,61,1485,0.10280806415074518
1427,65,1492,0.10281319188923298
1435,63,1498,0.10281198909457079
1419,63,1482,0.10279431431672734
1429,63,1492,0.10281509721025231
1426,64,1490,0.10281168041896016
1431,63,1494,0.10281544297744145
1429,62,1491,0.10280587105413755
1426,62,1488,0.10280050682601946
1429,64,1493,0.10280298736229117
1422,62,1484,0.10279797117150644
1431,63,1494,0.10281096882245254
1427,66,1493,0.10280307924506521
1430,69,1499,0.10280345449938263
1414,71,1485,0.10279959465452074
1429,69,1498,0.10283137658477769
1429,70,1499,0.1028240736800929
1429,68,1497,0.10281576517541482
1426,67,1493,0.10280732314198754
1411,68,1479,0.10280883518880785
1413,68,1481,0.10284543272694466
1411,68,1479,0.1028755087552153
1417,66,1483,0.10290847052603613
1412,65,1477,0.10292452668098276
1401,69,1470,0.10295017793216044
1407,70,1477,0.10299825136794206
1414,69,1483,0.10302793737809121
1417,68,1485,0.10303840785399788
1416,70,1486,0.10304099496574778
1411,70,1481,0.10304361500962082
1413,74,1487,0.10306032079149681
1421,73,1494,0.1030699007813497
1430,78,1508,0.10306224746982584
1413,80,1493,0.10303368724776485
1417,80,1497,0.10304574297495435
1425,82,1507,0.1030500419210238
1418,85,1503,0.10303770184519104
1413,83,1496,0.10304534372117334
1412,83,1495,0.10306224052812257
1410,85,1495,0.10308165959093403
1410,82,1492,0.10310387292231571
1412,86,1498,0.10312561116226124
1401,93,1494,0.10314159346893184
1403,95,1498,0.10318392506026103
1407,93,1500,0.10321804735600985
1396,93,1489,0.10323980309208337
1397,95,1492,0.10328510392086092
1409,98,1507,0.1033258926298252
1411,97,1508,0.10333784742552393
1394,100,1494,0.10334311198429713
1386,97,1483,0.10338707215867894
1388,100,1488,0.10344520559406592
1388,103,1491,0.10349499087004972
1385,103,1488,0.1035426021024188
1375,107,1482,0.10359384374728715
1376,109,1485,0.10366504888747771
1379,111,1490,0.10372978206880912
1381,114,1495,0.10378386116402845
1384,116,1500,0.10382961782101581
1383,117,1500,0.10386527814469995
1387,117,1504,0.10389888061783126
1394,117,1511,0.10392003642314891
1370,117,1487,0.10392425703013376
1380,116,1496,0.10398177045734482
1381,118,1499,0.10401533475536465
1381,117,1498,0.10404117718128876
1379,119,1498,0.1040648977748376
1376,116,1492,0.1040931565222656
1371,113,1484,0.10412773602655628
1367,115,1482,0.10417205688793198
1371,117,1488,0.10422142073899149
1365,120,1485,0.10426008987706414
1368,121,1489,0.1043074922413334
1376,122,1498,0.1043418497138069
1389,124,1513,0.10435865415927531
1390,124,1514,0.10434491337147098
1381,123,1504,0.10432843630943578
1383,122,1505,0.10433332307204139
1378,117,1495,0.10433298069176594
1373,123,1496,0.10434408129005415
1367,127,1494,0.10436398504803908
1369,130,1499,0.1043960934944643
1362,125,1487,0.10442225572319214
1344,129,1473,0.10446240355722353
1347,130,1477,0.10453998449843188
1356,131,1487,0.10460683381998043
1357,130,1487,0.10464742244272289
1353,132,1485,0.1046828369815737
1350,131,1481,0.10472577782071026
1344,135,1479,0.10477230136255482
1350,133,1483,0.10483183194478181
1356,132,1488,0.10487387655620513
1354,131,1485,0.10490137088994868
1357,133,1490,0.10492975891397915
1353,133,1486,0.10494908389613343
1343,132,1475,0.10497530984515983
1359,131,1490,0.10502362613237202
1351,129,1480,0.10503291921131754
1361,137,1498,0.10505699663434352
1353,139,1492,0.10505825398957831
1357,135,1492,0.10507574083239168
1351,137,1488,0.10508649457201358
1345,139,1484,0.1051100839356824
1363,140,1503,0.10514566186778163
1343,147,1490,0.10513718464032898
1336,148,1484,0.10517664929190701
1341,146,1487,0.10523030352000898
1348,149,1497,0.10526756604521008
1354,149,1503,0.10528444980806691
1357,153,1510,0.10528551239510443
1361,153,1514,0.10528084865393089
1340,148,1488,0.10527037610881955
1338,148,1486,0.1053082536154292
1338,151,1489,0.10534973933611795
1337,150,1487,0.10538789780250803
1340,151,1491,0.1054260785870214
1331,151,1482,0.10545372922568629
1329,152,1481,0.10550026063001294
1336,152,1488,0.10554772444167977
1339,153,1492,0.1055758517107574
1329,155,1484,0.10559645146876148
1320,160,1480,0.10563988018792404
1317,158,1475,0.10569947123044883
1328,157,1485,0.10576123751335205
1326,160,1486,0.10579644770757796
1328,162,1490,0.10583326123851336
1345,157,1502,0.1058618841057943
1344,158,1502,0.10585115096972614
1353,158,1511,0.10584527833625934
1359,158,1517,0.10581646406848445
1354,156,1510,0.10577789082750393
1347,159,1506,0.1057515236047979
1347,159,1506,0.10574252245281279
1341,157,1498,0.10573459568686713
1333,157,1490,0.1057397837173389
1344,159,1503,0.10576300373523775
1340,154,1494,0.10576076113668222
1349,157,1506,0.10576927699056972
1339,160,1499,0.10575710543949846
1339,161,1500,0.1057676281034507
1339,159,1498,0.1057793323093367
1338,159,1497,0.10579042269325405
1339,156,1495,0.105802490612414
1328,156,1484,0.10581048792235329
1340,157,1497,0.10584124655135779
1345,162,1507,0.10584337898596698
1348,160,1508,0.10583508627524632
1342,155,1497,0.10582149272689012
1353,159,1512,0.10581743014965361
1345,157,1502,0.10579154071572247
1338,158,1496,0.10578752720890025
1343,161,1504,0.1058020738488856
1334,162,1496,0.10580547041452912
1330,163,1493,0.10582788304056423
1323,165,1488,0.10585715447659826
1321,165,1486,0.10589744821562426
1325,166,1491,0.10594027581664069
1332,166,1498,0.10597133014005174
1323,166,1489,0.1059856044659568
1330,167,1497,0.10601789461340372
1327,165,1492,0.10603219720611655
1320,165,1485,0.10605385741808827
1329,165,1494,0.10608948729794931
1333,163,1496,0.1060995806135594
1332,162,1494,0.10609824461323775
1313,160,1473,0.1061004335093091
1317,158,1475,0.1061432795261344
1308,157,1465,0.10617095119712246
1313,161,1474,0.10621590405068343
1335,162,1497,0.10624549086719119
1338,163,1501,0.10622463545981933
1333,163,1496,0.106191579035291
1322,159,1481,0.10617285455691178
1323,156,1479,0.10618031397627678
1335,156,1491,0.10618699856758576
1339,153,1492,0.10616771368542038
1330,153,1483,0.10614228599470113
1331,156,1487,0.1061362042429209
1334,162,1496,0.10612907444577406
1332,160,1492,0.1061184340785698
1340,157,1497,0.10611479282396832
1324,157,1481,0.10609347931612127
1323,158,1481,0.10610874191941166
1326,163,1489,0.10612461006299963
1333,162,1495,0.10613013953204586
1321,164,1485,0.10611945291598605
1341,162,1503,0.10613809831800528
1336,161,1497,0.10611100633388167
1343,158,1501,0.10609716098300886
1346,158,1504,0.10606979421386907
1335,154,1489,0.10603642771164608
1331,159,1490,0.10603284672818558
1326,159,1485,0.10603688773652013
1333,163,1496,0.10605265458907936
1332,163,1495,0.10605365629256303
1335,162,1497,0.10605838732314364
1334,162,1496,0.10605355578359937
1323,160,1483,0.10605072311210333
1321,165,1486,0.10607369779644234
1333,163,1496,0.10609983721289101
1329,163,1492,0.10609746728571193
1347,158,1505,0.10610196351402068
1343,162,1505,0.10606372790009624
1328,161,1489,0.10603477634178247
1320,162,1482,0.10604005085498538
1311,167,1478,0.1060643344843741
1329,164,1493,0.1061081815332877
1326,164,1490,0.10610760976820618
1319,162,1481,0.10611496485903292
1337,166,1503,0.10613754771369585
1328,163,1491,0.10611682629556096
1323,167,1490,0.10611532877619201
1340,170,1510,0.10612513538438867
1343,166,1509,0.10609367523674447
1331,164,1495,0.10605875638162997
1326,165,1491,0.10605454086189102
1333,166,1499,0.10606209637490904
1345,162,1507,0.10605427707642075
1340,161,1501,0.10601940851528377
1334,163,1497,0.10600255139886648
1324,168,1492,0.10600391813228306
1330,165,1495,0.10602408833140568
1320,163,1483,0.10603044019750252
1329,163,1492,0.10605856651185963
1331,165,1496,0.10606328760880562
1347,163,1510,0.10606327574385517
1344,167,1511,0.1060271719153135
1346,163,1509,0.10599964217254869
1344,162,1506,0.10596840969053765
1340,158,1498,0.10594507089096439
1345,157,1502,0.10593258792574446
1352,154,1506,0.10590976210534525
1342,155,1497,0.1058757186271428
1344,160,1504,0.1058653683495002
1334,162,1496,0.10584864025560363
1340,162,1502,0.10585712700442695
1346,163,1509,0.1058521174262571
1346,160,1506,0.10583487664978904
1345,156,1501,0.10581983250823751
1349,156,1505,0.10581227807560703
1351,157,1508,0.10579419101312727
1355,159,1514,0.10577238371310539
1348,155,1503,0.10574010839583817
1344,154,1498,0.10572694341677867
1339,152,1491,0.10572390020308145
1347,148,1495,0.10573342412457208
1345,152,1497,0.10571984356636893
1351,151,1502,0.1057113927615029
1344,148,1492,0.1056924193593686
1333,153,1486,0.10569189835509647
1334,155,1489,0.10571671321745799
1334,155,1489,0.1057378791979188
1331,155,1486,0.10575922202458471
1339,158,1497,0.1057877289586172
1329,163,1492,0.10579741418940208
1327,163,1490,0.10582890937293063
1332,163,1495,0.10586027992160872
1317,166,1483,0.1058780485252908
1329,166,1495,0.1059272047739316
1328,172,1500,0.1059485669223741
1337,175,1512,0.10596916766448844
1331,172,1503,0.10596717239393875
1326,173,1499,0.1059801386731669
1331,171,1502,0.10600394988986608
1332,170,1502,0.10601491098778762
1332,175,1507,0.10602116913148339
1343,178,1521,0.1060270154491384
1339,181,1520,0.106008008606838
1335,178,1513,0.1060012150821125
1327,173,1500,0.10600351356817922
1325,172,1497,0.1060222841571428
1327,178,1505,0.10604819714206588
1323,177,1500,0.10606763940970079
1316,169,1485,0.10609557129289376
1319,170,1489,0.10613609711182673
1316,170,1486,0.10616574327347422
1316,169,1485,0.10620026902732967
1312,179,1491,0.10622678585479417
1312,176,1488,0.10626042862081041
1306,178,1484,0.10629225401719794
1309,181,1490,0.10633740601587427
1310,180,1490,0.10637226884831895
1300,183,1483,0.10640399724074276
1289,183,1472,0.10645737037656682
1288,187,1475,0.10653275366295616
1304,186,1490,0.10660404259481027
1301,186,1487,0.10663350031777256
1295,187,1482,0.10666795734010812
1291,184,1475,0.10671384053350312
1296,181,1477,0.10676482155128372
1286,180,1466,0.10679395470143732
1291,176,1467,0.10684120246611725
1285,178,1463,0.10687844887522999
1294,175,1469,0.10692449801993961
1304,184,1488,0.1069455562161599
1312,184,1496,0.10694377790405181
1311,188,1499,0.10692312899980581
1309,188,1497,0.1069040990298803
1304,185,1489,0.10689341165876984
1311,185,1496,0.10689519953021417
1303,194,1497,0.10688100597323702
1306,187,1493,0.10688707875003299
1296,187,1483,0.10688632958462428
1296,189,1485,0.1069100748522402
1301,191,1492,0.10693003250908442
1301,195,1496,0.10693922206430023
1293,196,1489,0.10694789027500662
1297,199,1496,0.10697369234424645
1288,209,1497,0.1069894470134023
1297,207,1504,0.10702616938104537
1301,207,1508,0.10703981209466207
1306,207,1513,0.10704270438052958
1308,202,1510,0.10703669180889384
1301,208,1509,0.107027956760637
1288,211,1499,0.10703505287837416
1281,211,1492,0.10707344996379646
1276,216,1492,0.1071280287872378
1259,217,1476,0.10719208242310348
1252,221,1473,0.10729055617892143
1243,220,1463,0.10739730109534996
1257,222,1479,0.10751224402694774
1257,222,1479,0.10758963623956135
1273,228,1501,0.10766126649001072
1274,228,1502,0.10768846331274087
1290,228,1518,0.10771209642963822
1285,227,1512,0.10769887401867795
1285,228,1513,0.10769954283736365
1275,226,1501,0.10770349722481326
1284,226,1510,0.10773354250762104
1272,227,1499,0.10773707938721235
1274,230,1504,0.10776967569861247
1273,226,1499,0.1077901944216783
1258,228,1486,0.10781280879646106
1267,230,1497,0.10786723176213521
1254,227,1481,0.10789870654355024
1254,231,1485,0.10795822740971804
1243,232,1475,0.10801397510220177
1259,236,1495,0.1080909458061478
1263,237,1500,0.1081277623335939
1265,245,1510,0.1081506649186073
1251,246,1497,0.10817039683767014
1256,253,1509,0.1082199862750363
1260,253,1513,0.10825709602027395
1258,249,1507,0.10828431838153914
1243,252,1495,0.10831340267320039
1239,248,1487,0.10837479897350068
1235,257,1492,0.10844024924133358
1240,255,1495,0.1085073712007911
1256,257,1513,0.1085606062781564
1247,257,1504,0.10857434273456665
1243,257,1500,0.1086077682253602
1242,260,1502,0.10864840458494235
1248,263,1511,0.10868788428328874
1252,265,1517,0.108710673301307
1251,264,1515,0.10872529757069564
1240,268,1508,0.10873969991841399
1234,267,1501,0.10878047685198848
1229,270,1499,0.10883345688555313
1224,273,1497,0.10889408593786687
1216,277,1493,0.1089620395134765
1224,282,1506,0.10904351665157991
1227,277,1504,0.109100609585981
1213,274,1487,0.10914788739204472
1206,273,1479,0.10922382779531155
1211,280,1491,0.10931141249901169
1213,275,1488,0.10938035905099239
1206,272,1478,0.10943786455023773
1221,277,1498,0.10950919571465338
1208,277,1485,0.10953889237790917
1221,281,1502,0.10959403062676543
1218,282,1500,0.10961439225587803
1225,281,1506,0.10964057919626016
1228,278,1506,0.10964796697778191
1228,270,1498,0.10964853662127962
1214,276,1490,0.10965079498354431
1213,282,1495,0.10968600823477787
1226,280,1506,0.10971989309758691
1233,283,1516,0.10972174206472687
1225,287,1512,0.10970573178354895
1221,282,1503,0.10970907987093857
1222,288,1510,0.10972502067272025
1208,291,1499,0.10973658700243842
1205,303,1508,0.10978247815829395
1204,307,1511,0.10983318815595158
1199,308,1507,0.10988450872873078
1202,309,1511,0.10994408689211362
1195,311,1506,0.10999507119769664
1192,306,1498,0.11006043517341771
1176,315,1491,0.11012417239685918
1179,316,1495,0.11021919825657914
1189,314,1503,0.11030138445450646
1188,320,1508,0.11035665016243815
1181,319,1500,0.11041099890747481
1188,319,1507,0.11047818930674225
1185,325,1510,0.11052404751815983
1177,327,1504,0.1105754691554565
1177,326,1503,0.11064248852312797
1176,325,1501,0.11070562555039232
1176,330,1506,0.11076275418418767
1177,333,1510,0.11081864904674363
1169,329,1498,0.1108687199391588
1168,333,1501,0.11093583270270266
1155,333,1488,0.11100113470636311
1161,332,1493,0.11108901647506687
1153,326,1479,0.11115594686736323
1146,333,1479,0.11123775918352784
1145,333,1478,0.11133109332477373
1147,337,1484,0.11142163405476634
1149,337,1486,0.1114994909149018
1158,336,1494,0.11156664452350175
1167,337,1504,0.11160938314973651
1173,334,1507,0.11162859680228902
1169,334,1503,0.11162768468649523
1171,330,1501,0.11163541928787465
1176,331,1507,0.11163739009106663
1173,332,1505,0.11162849744218004
1168,335,1503,0.11162826424120763
1156,341,1497,0.11164101695137102
1139,338,1477,0.11168039959262382
1146,339,1485,0.11175730478389424
1147,340,1487,0.11181439764886486
1142,351,1493,0.11186506254022328
1154,346,1500,0.1119245995548565
1150,343,1493,0.1119513761860981
1143,341,1484,0.11198402915799929
1144,347,1491,0.11202966480745497
1140,351,1491,0.1120696621135468
1130,355,1485,0.11211369556291265
1118,365,1483,0.11218054921617301
1122,367,1489,0.11226924308611594
1117,367,1484,0.1123451573600038
1119,367,1486,0.1124285046039633
1113,381,1494,0.11250024209435973
1110,377,1487,0.11258030112316185
1119,380,1499,0.11266107099233076
1127,379,1506,0.11271832523230692
1129,383,1512,0.11275229862603049
1119,372,1491,0.1127816345138403
1123,379,1502,0.11283234644125979
1127,373,1500,0.11287106995203622
1119,370,1489,0.11290021476473466
1121,383,1504,0.11294332611567323
1116,383,1499,0.11298059142208902
1114,381,1495,0.11302714989327732
1101,385,1486,0.11307580068173145
1108,386,1494,0.11314952022422321
1109,392,1501,0.1132029025386576
1100,389,1489,0.11324625218504827
1108,402,1510,0.11331157539585054
1107,405,1512,0.11335399707701165
1111,408,1519,0.11339761967818326
1113,410,1523,0.11342978237213237
1107,405,1512,0.11345480077573931
1100,402,1502,0.11348978115511969
1098,401,1499,0.11354108015269944
1089,400,1489,0.11359184890900736
1090,403,1493,0.11365751990540468
1097,404,1501,0.11371287109332055
1096,398,1494,0.113750369593028
1100,404,1504,0.1137885144494773
1096,407,1503,0.1138197574996608
1102,407,1509,0.11385752951352437
1090,408,1498,0.11387752807173097
1084,411,1495,0.1139235484320324
1098,416,1514,0.11398017055063782
1095,410,1505,0.11399980671558751
1084,418,1502,0.11402653980242293
1089,418,1507,0.11407820496906997
1097,425,1522,0.11411787171651884
1089,425,1514,0.11413814226641851
1076,417,1493,0.11417272752567709
1074,423,1497,0.11423461577820636
1068,425,1493,0.11430034776448476
1075,430,1505,0.11437731783320747
1077,430,1507,0.1144345835247287
1063,430,1493,0.11448245756370813
1065,425,1490,0.11455903279164285
1065,438,1503,0.11462597923979623
1076,442,1518,0.11468755542848835
1077,441,1518,0.11472113248737444
1074,431,1505,0.11475098795020834
1063,434,1497,0.11478490368523703
1077,437,1514,0.11484186564487917
1078,440,1518,0.11486091615866867
1079,435,1514,0.11487655694062425
1059,432,1491,0.11488875459826765
1059,433,1492,0.11494605484494647
1062,439,1501,0.11499529949913968
1069,436,1505,0.11503545450796271
1071,429,1500,0.11505719060658809
1069,435,1504,0.11507618724532329
1065,434,1499,0.1150986222208196
1066,438,1504,0.11512807091089161
1054,444,1498,0.11515327508761636
1053,453,1506,0.11520345958460375
1045,460,1505,0.1152550066765835
1043,462,1505,0.11532479218886095
1040,460,1500,0.11539127324177711
1048,456,1504,0.1154598946487817
1037,465,1502,0.11550804895373906
1035,471,1506,0.11557791388119243
1056,471,1527,0.11564720066265582
1049,474,1523,0.11566459038490823
1046,465,1511,0.11569725200827323
1048,466,1514,0.11573449646628065
1044,468,1512,0.11576350751331475
1042,466,1508,0.11580099357625738
1036,462,1498,0.1158394578506639
1037,454,1491,0.11589159452587008
1040,466,1506,0.11593751449177038
1041,462,1503,0.115972549908778
1037,466,1503,0.11600299029770973
1034,466,1500,0.11603750943534166
1036,463,1499,0.11607721165821523
1041,460,1501,0.1161098255579277
1033,457,1490,0.11612767239641292
1031,470,1501,0.11616126033987091
1031,470,1501,0.11619895408261616
1032,472,1504,0.11623340930513497
1026,466,1492,0.11626141705738519
1022,465,1487,0.11630214108863322
1029,461,1490,0.11635199054267835
1031,463,1494,0.11637930695723736
1024,467,1491,0.11640038930208331
1020,479,1499,0.11643628701080992
1018,478,1496,0.11647777295863491
1030,469,1499,0.11652218485560556
1033,479,1512,0.11653466575387103
1023,485,1508,0.11653892185306923
1032,489,1521,0.11656682456879651
1027,480,1507,0.11657340496040267
1041,479,1520,0.11659302141810883
1036,471,1507,0.11658191436833132
1022,469,1491,0.11658051142861084
1025,470,1495,0.11661136267932667
1027,472,1499,0.11663227547517437
1022,479,1501,0.11664858164499253
1018,478,1496,0.11667638275622409
1021,481,1502,0.11670862460975293
1004,487,1491,0.1167350666495065
1020,487,1507,0.11680078992765792
1020,483,1503,0.1168200587084802
1021,487,1508,0.11683939548232104
1013,489,1502,0.11685558668653717
1006,492,1498,0.11688947977480023
1003,489,1492,0.11693800333346661
1017,487,1504,0.11699355033389354
1003,494,1497,0.11701533629169905
995,509,1504,0.11706712080132255
1004,506,1510,0.11713132027392976
1002,511,1513,0.11717366927843816
995,510,1505,0.11721747164947756
988,509,1497,0.11727387032280902
994,511,1505,0.1173420420657141
988,513,1501,0.1173927347408228
986,509,1495,0.11745424192686221
998,513,1511,0.11751589177555247
999,521,1520,0.11754599472353679
991,522,1513,0.11757062279241311
998,514,1512,0.11761344592128566
987,523,1510,0.11763828907466913
970,522,1492,0.11768819130871468
979,518,1497,0.11777287150909377
979,526,1505,0.11783396515242142
975,527,1502,0.11788884231229424
970,530,1500,0.1179488855150893
958,529,1487,0.11801690032038938
956,526,1482,0.11810759079281048
966,529,1495,0.11819525636090451
971,530,1501,0.118253811180323
981,532,1513,0.11829515832602544
992,527,1519,0.1183105359563768
986,521,1507,0.1182993195642446
980,521,1501,0.118302465205131
972,519,1491,0.11832019004340545
971,522,1493,0.11835081399584531
967,530,1497,0.11838153571526408
982,525,1507,0.11842097415731753
977,520,1497,0.11842086637394161
988,515,1503,0.11843131941723158
986,521,1507,0.11841592946043242
989,516,1505,0.11840727108599226
1000,519,1519,0.11839467198883144
987,517,1504,0.1183585550056889
988,521,1509,0.11835167146393173
978,521,1499,0.11834603332303655
987,533,1520,0.11836324407525939
983,527,1510,0.11835697131695878
980,528,1508,0.11835923875285395
982,526,1508,0.11836899152145229
983,529,1512,0.11837606658211915
968,533,1501,0.11837936926892283
965,534,1499,0.11841584988159962
963,533,1496,0.11845713412952442
964,536,1500,0.11850384089136426
959,542,1501,0.11854398412791188
962,548,1510,0.11859356695301038
968,547,1515,0.11863402593171252
963,546,1509,0.11865719278476482
957,543,1500,0.11868935861019018
954,544,1498,0.11873123559223146
948,543,1491,0.11877848624261109
941,553,1494,0.11883684849564886
947,549,1496,0.11890789999910421
949,551,1500,0.11896293108211037
946,552,1498,0.11900864567670104
948,553,1501,0.11905782447451915
939,560,1499,0.11909396934086257
938,564,1502,0.11914687245591594
938,564,1502,0.11920157300153487
938,560,1498,0.11925165008044473
938,566,1504,0.11929775239764735
936,567,1503,0.11933932920900685
921,571,1492,0.11938454648433197
926,574,1500,0.11946500103126524
926,579,1505,0.11952601470123868
919,582,1501,0.11958378274516901
926,584,1510,0.1196546065032506
918,591,1509,0.11970480036275327
918,596,1514,0.11977162919595565
923,596,1519,0.11983652206297787
915,591,1506,0.1198863686151181
923,593,1516,0.1199509657947721
919,594,1513,0.11998859194151609
913,597,1510,0.12003268921324865
912,597,1509,0.12008733616690595
908,597,1505,0.12013869656422915
908,597,1505,0.12019681832205943
895,605,1500,0.12025489216090236
900,602,1502,0.12033845697567802
897,610,1507,0.12040594082211803
892,607,1499,0.12047836972756612
889,611,1500,0.12055604026052177
888,617,1505,0.12063572911566407
893,616,1509,0.1207133298214848
880,607,1487,0.12077419856995779
876,610,1486,0.12086113471301281
879,618,1497,0.12094830889204179
878,626,1504,0.12102436098253837
884,623,1507,0.12109687827078065
883,629,1512,0.12114891891705941
876,627,1503,0.12120178204864022
876,639,1515,0.12126795654236744
880,626,1506,0.12133117496566825
874,629,1503,0.12138018756416155
874,637,1511,0.1214401794058407
871,633,1504,0.1214984410926601
864,636,1500,0.12156096401981742
859,639,1498,0.1216363720701175
860,647,1507,0.12171903653244028
853,637,1490,0.12179048799193602
860,624,1484,0.12187286596401303
865,641,1506,0.12193486889417554
870,643,1513,0.12197979006548962
870,647,1517,0.12200895396322345
860,640,1500,0.12203732651566476
858,647,1505,0.12208953721044263
863,640,1503,0.12214395132768754
860,635,1495,0.12218261550668214
856,632,1488,0.12222669175470047
865,627,1492,0.12227465175376778
862,637,1499,0.12229840066093804
856,645,1501,0.12232277399845592
856,653,1509,0.12235962664386164
851,661,1512,0.12239208519607991
859,656,1515,0.12243650913436559
858,657,1515,0.12246154955400002
840,659,1499,0.1224880312121763
851,666,1517,0.12255635329430468
843,666,1509,0.12259675984767864
853,656,1509,0.12265155960463205
855,660,1515,0.12267953941883004
852,665,1517,0.12270105077527411
852,661,1513,0.12272993272790879
846,662,1508,0.12275584740959732
849,674,1523,0.1227936734668436
843,668,1511,0.12282332685394966
844,662,1506,0.12286437005202294
828,662,1490,0.1229015284818031
836,676,1512,0.12297458476916612
831,675,1506,0.12302444195403822
834,676,1510,0.1230797738409165
837,674,1511,0.12312597857456067
836,673,1509,0.12316348654986185
836,676,1512,0.12319850878018382
831,669,1500,0.12323257975001392
839,659,1498,0.12327517220909083
845,654,1499,0.12329295130839917
831,659,1490,0.1232932494993413
831,663,1494,0.1233269308126153
833,672,1505,0.12335785616094022
830,679,1509,0.12338164665899086
827,679,1506,0.12341092945486766
816,685,1501,0.12344498223910229
813,679,1492,0.1235012747046083
817,679,1496,0.12356100330255326
818,683,1501,0.12360650975093794
827,674,1501,0.12364679915070109
829,676,1505,0.12366566169083146
834,679,1513,0.1236776565139497
827,679,1506,0.12367682561242548
835,685,1520,0.12369482528929338
828,684,1512,0.12369080869558868
826,687,1513,0.12370456096530859
830,683,1513,0.12372276125324742
827,675,1502,0.12372793496721644
828,670,1498,0.12374134594695323
840,669,1509,0.12375263421890921
843,673,1516,0.12373211410303213
838,666,1504,0.12370680662451516
838,667,1505,0.12369137076040687
833,672,1505,0.12367633661183813
836,678,1514,0.12367730035305613
834,677,1511,0.12366966194561729
838,673,1511,0.12366704841665836
832,682,1514,0.12365631068210764
836,688,1524,0.12365959133378425
828,689,1517,0.12365572479675006
824,690,1514,0.12367112932765152
828,684,1512,0.12369598891609522
822,691,1513,0.12370877759533826
827,684,1511,0.12373560130760772
814,687,1501,0.12374684390063209
809,694,1503,0.12379058406391877
812,695,1507,0.12384631021181941
803,697,1500,0.12389373342985245
799,700,1499,0.12395645455476649
801,711,1512,0.12402322895971413
806,712,1518,0.12408012547619578
801,709,1510,0.12412280744559283
802,716,1518,0.12417164563033445
801,707,1508,0.12421552169227627
798,699,1497,0.12425981363512494
798,705,1503,0.12430881945966565
795,708,1503,0.12435599994407631
791,710,1501,0.12440636720546985
795,707,1502,0.12446251946376925
796,703,1499,0.12450304812820871
786,702,1488,0.12453995462289992
798,701,1499,0.12459828588794938
799,707,1506,0.124623757511266
790,714,1504,0.1246473549447517
786,708,1494,0.12468752067975852
782,717,1499,0.12473476309680116
769,725,1494,0.1247895411332353
771,726,1497,0.12486846919156347
764,724,1488,0.1249385365393708
779,724,1503,0.12502142500717583
769,725,1494,0.1250624130757916
775,721,1496,0.1251235096507986
762,726,1488,0.12516904576215854
761,725,1486,0.12524114350348853
767,723,1490,0.12530577058588396
752,730,1482,0.1253514520381207
763,727,1490,0.125432124617321
770,725,1495,0.12547992770370808
765,726,1491,0.12550599891612327
772,730,1502,0.12554111776650842
768,727,1495,0.1255550756361736
762,730,1492,0.125577550099127
755,730,1485,0.1256094635177489
767,727,1494,0.1256554195070482
767,727,1494,0.1256700612546863
769,741,1510,0.12568296087670955
782,745,1527,0.12569395660771465
777,733,1510,0.12567657633404022
778,728,1506,0.12567342912062032
779,724,1503,0.12566750939272833
782,720,1502,0.12565882495105
779,727,1506,0.12564453131313824
773,732,1505,0.12564202871387636
768,734,1502,0.12565465687484703
775,739,1514,0.12567635181813405
774,736,1510,0.12568232027645
775,734,1509,0.1256909428067884
773,730,1503,0.12569688728853667
770,727,1497,0.12570790962669748
778,723,1501,0.12572314487153644
786,734,1520,0.1257174713488716
776,735,1511,0.12569302732099266
771,733,1504,0.12569311290549792
781,731,1512,0.1257038714983746
780,724,1504,0.12569198381912675
778,725,1503,0.12568546465246108
774,723,1497,0.12568098699642022
782,722,1504,0.12568727204672958
781,719,1500,0.12567325143475472
786,722,1508,0.12566680147062528
774,727,1501,0.12564807578536402
775,733,1508,0.125659997988658
763,731,1494,0.12567116996035213
777,742,1519,0.12570689686797562
781,745,1526,0.12570573669537222
776,736,1512,0.12569281857352516
767,732,1499,0.12569629285904335
756,741,1497,0.1257200464430756
762,738,1500,0.12576405951051256
756,738,1494,0.12579251012486153
755,747,1502,0.12583144426721118
754,747,1501,0.1258729554819088
747,747,1494,0.1259147133592303
744,749,1493,0.1259720134167393
746,744,1490,0.12603143566659056
743,744,1487,0.12608416695389543
744,756,1500,0.12613893989725286
743,762,1505,0.12618840076251658
746,750,1496,0.12623491427952838
749,747,1496,0.12627112678445024
745,753,1498,0.12629744820059005
746,756,1502,0.12632651255036997
739,763,1502,0.12635355492260872
742,770,1512,0.12639624960237575
739,768,1507,0.12642871252672427
737,766,1503,0.12646740938371445
729,762,1491,0.12651170678532556
723,763,1486,0.1265709870125365
729,762,1491,0.12663850700072452
721,759,1480,0.1266867587444505
724,758,1482,0.12675167471632534
716,764,1480,0.12680532200327604
720,785,1505,0.1268756798221699
722,788,1510,0.12693116637276433
714,793,1507,0.1269801261715052
706,788,1494,0.1270435057138502
707,782,1489,0.1271171727059253
705,788,1493,0.1271837334406689
716,778,1494,0.12725067055117664
712,782,1494,0.12728848373150456
717,788,1505,0.12733467052661127
720,797,1517,0.1273660148352861
713,797,1510,0.12738779053836144
713,792,1505,0.12742029080563186
718,802,1520,0.12745340166441946
709,799,1508,0.12747179869990208
710,806,1516,0.12751131401790933
705,813,1518,0.1275451450182944
701,806,1507,0.12758984374886148
705,800,1505,0.12764127076663434
705,797,1502,0.12768080181873612
693,795,1488,0.12771798223828842
689,806,1495,0.12778394475439556
687,808,1495,0.12785304015247265
690,810,1500,0.12792223016891943
685,812,1497,0.1279804240808431
691,812,1503,0.1280479767546759
696,823,1519,0.12809798354665966
693,812,1505,0.12812850340646922
693,811,1504,0.1281634476496962
692,818,1510,0.12819245945678304
686,828,1514,0.1282219531986519
685,818,1503,0.1282639980219831
685,826,1511,0.1283074692601785
687,822,1509,0.12834752162076096
692,822,1514,0.12838269032574373
681,820,1501,0.1284034557289761
680,821,1501,0.12844771177380437
665,825,1490,0.12849206488029669
662,830,1492,0.12857312589053138
667,835,1502,0.12865388126306584
667,834,1501,0.12871794565773317
676,836,1512,0.1287755263745538
674,832,1506,0.1288088650196956
667,837,1504,0.12884496070279855
656,842,1498,0.12889696085112398
653,835,1488,0.12897099311559046
658,842,1500,0.12904240926310617
662,840,1502,0.12909774291381662
661,848,1509,0.1291389734242153
662,839,1501,0.12917986742183443
659,843,1502,0.12921227395436335
669,836,1505,0.1292508239183195
673,831,1504,0.12926256922102364
674,828,1502,0.1292661389273662
672,827,1499,0.1292672406989503
670,839,1509,0.12927385137755973
668,841,1509,0.12928580180185997
662,856,1518,0.1293033277196554
657,851,1508,0.1293344361540231
655,861,1516,0.1293764728727355
642,862,1504,0.1294225226810951
636,871,1507,0.1294938633269468
635,868,1503,0.1295771874805206
634,863,1497,0.12965337676530425
631,862,1493,0.12972846942480715
635,851,1486,0.12980564712904122
637,858,1495,0.1298711804468973
642,851,1493,0.12992537908158908
643,852,1495,0.12996189511913958
640,865,1505,0.1299888760883018
630,859,1489,0.1300234771207526
637,871,1508,0.13007924099075058
636,876,1512,0.13011645450701942
635,876,1511,0.13015371333675127
634,887,1521,0.13019269809363065
627,882,1509,0.13023099263452745
623,882,1505,0.1302800832718895
616,881,1497,0.13033569082318106
608,884,1492,0.13040360220124605
616,893,1509,0.1304886566789686
609,888,1497,0.13055027218224274
608,888,1496,0.13062217081423708
599,898,1497,0.13069196929883473
598,901,1499,0.13077703336118296
603,903,1506,0.13086101182119814
597,911,1508,0.13092925209900053
590,913,1503,0.13100820825563594
597,905,1502,0.13109731260491597
592,915,1507,0.1311656751813377
581,920,1501,0.13124102587537537
581,914,1495,0.13133826729611664
579,926,1505,0.13142807098818907
572,917,1489,0.13151610481615492
573,936,1509,0.13161410315294295
577,932,1509,0.13170321250797815
562,932,1494,0.13177710819430696
554,936,1490,0.1318838818300985
557,943,1500,0.13200273417154312
563,945,1508,0.13210731614577714
558,945,1503,0.13219168062917372
558,927,1485,0.1322817863788497
552,946,1498,0.1323655506849427
565,946,1511,0.13245557091351345
573,946,1519,0.13250519045790166
574,950,1524,0.13253113833012461
571,940,1511,0.13255333181556941
568,951,1519,0.13258174287129418
565,956,1521,0.13261423004616912
572,941,1513,0.13264951679530881
559,940,1499,0.13267155925961308
559,934,1493,0.13272282838291038
563,928,1491,0.1327691160217072
573,934,1507,0.1328006663065808
564,943,1507,0.13280738085837723
560,951,1511,0.13283580557316785
566,944,1510,0.13287370509754715
566,963,1529,0.13289488239125138
568,956,1524,0.13291681826337368
558,940,1498,0.13292993995603397
562,945,1507,0.13296795689624896
557,952,1509,0.1329933118056077
559,951,1510,0.13302898151233683
554,952,1506,0.13305702848994716
550,963,1513,0.13309633728052575
553,954,1507,0.13314316407509644
550,959,1509,0.13317934580471302
546,952,1498,0.13322110966287112
544,949,1493,0.13326849303143876
538,953,1491,0.13331698788590923
532,957,1489,0.13337776447677693
529,960,1489,0.13344946908384686
531,962,1493,0.13352438454385826
538,960,1498,0.1335879150976621
537,963,1500,0.13362856001758863
534,970,1504,0.13366916067296797
533,972,1505,0.13371570395742413
534,984,1518,0.13376303081970448
523,986,1509,0.13380420957956485
514,1000,1514,0.13387093035337724
506,1004,1510,0.13395542125858004
507,1000,1507,0.13405153037573303
506,1002,1508,0.13414123264710803
506,1007,1513,0.13422650489523366
502,1005,1507,0.134304629996584
503,1002,1505,0.13438551562341125
502,999,1501,0.13446028217283593
502,1001,1503,0.13453356084894263
500,996,1496,0.13460253273325773
508,1008,1516,0.1346708312181785
506,1012,1518,0.1347168247943793
506,1012,1518,0.13476438782754102
502,1008,1510,0.1348098236991161
500,1028,1528,0.13486522824242297
499,1019,1518,0.13492069539236284
497,1026,1523,0.1349738069223629
494,1026,1520,0.13502955208917333
487,1010,1497,0.13508821315321407
482,1008,1490,0.13515853211413326
489,1004,1493,0.13523872824631003
479,1005,1484,0.13529443794523516
481,1018,1499,0.13536878586574827
481,1027,1508,0.13543214947732726
481,1035,1516,0.1354949961850239
482,1023,1505,0.13555416027369557
476,1031,1507,0.1356083819251883
472,1032,1504,0.13567352819832404
462,1029,1491,0.13574086935679078
458,1038,1496,0.1358280746790903
461,1034,1495,0.1359197316617537
454,1036,1490,0.13599953748463034
456,1031,1487,0.136091916077533
459,1048,1507,0.1361723138305106
466,1037,1503,0.13624107840017155
465,1036,1501,0.13628700925551523
471,1025,1496,0.13633044604288663
470,1035,1505,0.1363549664742996
469,1039,1508,0.1363821526925293
466,1053,1519,0.13640733295538626
460,1048,1508,0.1364389080229558
458,1040,1498,0.136482610517615
452,1046,1498,0.1365241052953442
454,1046,1500,0.1365783969686242
448,1050,1498,0.13662519597077927
442,1055,1497,0.136683892544546
443,1062,1505,0.13675393620420906
439,1064,1503,0.13681863500337127
439,1057,1496,0.13689154026488073
439,1066,1505,0.13696124139041546
435,1057,1492,0.13702693014753684
435,1071,1506,0.1370988222685758
438,1080,1518,0.1371645355920816
436,1072,1508,0.137219407928445
432,1079,1511,0.13727346970332255
420,1077,1497,0.13733141796526918
417,1091,1508,0.13741586885462673
414,1095,1509,0.1375010931898322
411,1088,1499,0.13758596966240258
408,1084,1492,0.13767052844381086
413,1078,1491,0.13775736519805373
414,1087,1501,0.13782568073068951
417,1085,1502,0.13788660168735153
407,1089,1496,0.13793595772182737
406,1092,1498,0.1380057337157029
404,1085,1489,0.1380735830695042
398,1069,1467,0.13814314607095407
405,1078,1483,0.13822178427217657
406,1086,1492,0.13827992506515815
408,1093,1501,0.13833195630646586
415,1087,1502,0.13837579424539562
409,1104,1513,0.13839729734951636
400,1117,1517,0.1384298736755165
403,1115,1518,0.13848246741458373
403,1110,1513,0.13852518453373477
397,1124,1521,0.13856963752683182
391,1135,1526,0.1386267198048378
388,1128,1516,0.13869525079260153
389,1133,1522,0.13876829752167238
382,1141,1523,0.13883577182915455
378,1134,1512,0.13891529580707837
384,1130,1514,0.13899962738498123
379,1141,1520,0.13906291899699488
378,1143,1521,0.13913105758790803
377,1143,1520,0.13919548361283712
380,1144,1524,0.13925957706672742
374,1136,1510,0.139313363915629
379,1139,1518,0.13937832387930704
377,1137,1514,0.13942829023887082
375,1148,1523,0.13948104220354982
375,1152,1527,0.13953605211204223
371,1143,1514,0.13958749418856914
371,1142,1513,0.1396445183779704
365,1147,1512,0.1396950541515917
366,1152,1518,0.13975467309531195
367,1155,1522,0.1398084429277599
365,1152,1517,0.13985904993303072
361,1136,1497,0.1399110533993789
361,1152,1513,0.13996877481141268
358,1162,1520,0.14002576695373406
352,1158,1510,0.14008547316409772
354,1156,1510,0.14015463625100477
352,1159,1511,0.14021209861224523
351,1147,1498,0.1402678758168282
353,1152,1505,0.14032403129588095
353,1157,1510,0.14037096967474652
357,1166,1523,0.14041218484112217
358,1160,1518,0.14044045707681885
355,1155,1510,0.14046496743579795
355,1152,1507,0.14049576048372883
354,1149,1503,0.14052589303624602
352,1153,1505,0.1405585551983576
352,1148,1500,0.14059087859830494
344,1147,1491,0.1406210972619169
348,1142,1490,0.14066957120815832
361,1158,1519,0.14070508499653842
359,1161,1520,0.14070540253789923
359,1160,1519,0.14071172516940048
355,1154,1509,0.14071640977237032
351,1154,1505,0.14073306157033616
345,1163,1508,0.1407613922220729
342,1160,1502,0.14080249179886478
341,1168,1509,0.14084671933735973
335,1170,1505,0.14089187711886747
342,1171,1513,0.14094907136757154
344,1177,1521,0.1409864282705194
344,1181,1525,0.14101651183364947
343,1163,1506,0.14104168970212377
342,1158,1500,0.1410680520151458
335,1167,1502,0.14109483999793718
333,1167,1500,0.14113758563174794
327,1168,1495,0.14118402668703803
330,1178,1508,0.14124247657016095
333,1189,1522,0.14128921342602394
331,1185,1516,0.14132243240214407
329,1191,1520,0.14135536695683298
330,1191,1521,0.14138927457112882
326,1186,1512,0.14141683207471623
330,1183,1513,0.14145317933263055
328,1188,1516,0.141476118358048
328,1184,1512,0.14150295176738684
329,1188,1517,0.14152997178635707
325,1185,1510,0.14155051875486227
322,1181,1503,0.14158186605860476
320,1182,1502,0.14161971293721595
319,1174,1493,0.1416595689409949
315,1180,1495,0.14169938422980316
312,1192,1504,0.14174781730057734
320,1190,1510,0.14179966761378293
317,1192,1509,0.1418286870421401
315,1207,1522,0.14186379651994677
308,1207,1515,0.14190230464758186
310,1202,1512,0.14195502955740377
309,1215,1524,0.1419992178836974
309,1215,1524,0.1420445363262626
306,1219,1525,0.14208840439926815
304,1210,1514,0.1421363624676132
302,1211,1513,0.14218648957841276
300,1224,1524,0.1422383118611813
294,1214,1508,0.14228939326407455
297,1228,1525,0.1423528599170277
292,1235,1527,0.14240346225276912
288,1225,1513,0.14246263633774647
286,1221,1507,0.14252693869750557
278,1231,1509,0.14259318250675418
281,1247,1528,0.14267359937288815
281,1244,1525,0.142743371955635
278,1243,1521,0.14280616573336238
281,1248,1529,0.14286950125771342
279,1246,1525,0.14291807685280095
278,1259,1537,0.1429688022976213
273,1250,1523,0.14302073442877586
274,1254,1528,0.14308023794885513
271,1242,1513,0.14313294097730025
269,1236,1505,0.14319119971319677
272,1239,1511,0.143250545120475
270,1238,1508,0.1432944488047102
267,1246,1513,0.1433384489964669
266,1245,1511,0.14338549419584876
264,1238,1502,0.14343283349085736
267,1237,1504,0.14348211179025816
268,1219,1487,0.14352226358402143
262,1237,1499,0.1435589870178074
261,1240,1501,0.14360866792076118
260,1250,1510,0.14365783669869148
255,1262,1517,0.14370471928152226
254,1271,1525,0.1437626305132507
253,1261,1514,0.14382017392462212
252,1258,1510,0.14387778914480273
250,1248,1498,0.14393263097034542
253,1253,1506,0.14398727713844064
258,1239,1497,0.14402963230222407
257,1246,1503,0.14405483929864102
257,1248,1505,0.1440807934068666
254,1261,1515,0.1441048368211734
255,1269,1524,0.14413375237569023
257,1258,1515,0.14416039448325083
254,1264,1518,0.1441808725782111
250,1254,1504,0.1442075352162114
248,1257,1505,0.14424369876287052
243,1264,1507,0.14428184228972
251,1254,1505,0.1443305404986724
244,1246,1490,0.1443547321168791
247,1246,1493,0.14439526291989987
251,1245,1496,0.1444260853170096
252,1244,1496,0.1444433072083173
250,1241,1491,0.1444587517279087
254,1230,1484,0.14447870334555407
248,1254,1502,0.1444879047459752
252,1262,1514,0.14450978751869095
251,1259,1510,0.14452022790352514
249,1257,1506,0.14453159351125908
247,1262,1509,0.14454610157540426
250,1265,1515,0.1445645588786767
248,1265,1513,0.14457488406197133
247,1257,1504,0.14459215060160346
239,1265,1504,0.14461052448428674
244,1268,1512,0.14464721754920057
242,1270,1512,0.14467003538082415
245,1255,1500,0.14469623805890452
242,1258,1500,0.14470979677096282
241,1262,1503,0.14473005709740586
242,1260,1502,0.1447508588042423
240,1268,1508,0.14476843851523785
241,1273,1514,0.14479002079697437
236,1286,1522,0.14480751005341858
236,1293,1529,0.14483584792694593
238,1296,1534,0.1448624464074819
237,1290,1527,0.1448842210758116
235,1285,1520,0.14490841401254667
233,1285,1518,0.14493593248563016
229,1285,1514,0.14496627868760664
229,1282,1511,0.14500373094756713
228,1279,1507,0.14503888622013225
230,1291,1521,0.14507239466222988
229,1289,1518,0.1450982069620553
228,1289,1517,0.1451250628300182
226,1295,1521,0.14515416613574947
224,1297,1521,0.14518588726900805
225,1293,1518,0.14521937913190897
225,1294,1519,0.14524914110391968
222,1297,1519,0.1452781610351504
226,1289,1515,0.14531393510142884
225,1293,1518,0.14533469870683963
227,1298,1525,0.14535893647312587
222,1300,1522,0.14537697512758133
223,1296,1519,0.1454064164624989
225,1289,1514,0.14543311295485786
224,1292,1516,0.1454496613507521
227,1288,1515,0.1454664289903178
223,1289,1512,0.14547437149439396
220,1296,1516,0.1454944767888727
220,1304,1524,0.14551874718924734
213,1306,1519,0.1455439765027028
208,1312,1520,0.14558351547719967
210,1308,1518,0.14563060661941368
214,1296,1510,0.14567010203797282
218,1300,1518,0.14569697990894298
214,1297,1511,0.14571150586147993
210,1297,1507,0.14573558352948165
207,1302,1509,0.14576935876474825
212,1308,1520,0.1458099915223159
210,1325,1535,0.14583462387232732
206,1330,1536,0.14586250247084037
204,1326,1530,0.14589997824880077
203,1328,1531,0.14594071320539775
200,1326,1526,0.14598060106469934
201,1317,1518,0.14602546212267695
204,1327,1531,0.14606586874741864
201,1319,1520,0.14609392309667796
196,1315,1511,0.14612937630848308
189,1315,1504,0.14617332554105977
188,1325,1513,0.14623272359558231
187,1328,1515,0.1462898790222145
191,1330,1521,0.14634519531806472
194,1320,1514,0.14638684055213907
193,1327,1520,0.14641812039358196
188,1328,1516,0.14644821956948192
187,1335,1522,0.14649001590430077
190,1340,1530,0.14653236702964453
193,1332,1525,0.14656379407762987
192,1334,1526,0.1465830649120137
190,1326,1516,0.14660421851495448
189,1320,1509,0.14662988739641716
185,1324,1509,0.14665774154757816
185,1323,1508,0.1466944995236614
188,1331,1519,0.14672867256426694
187,1331,1518,0.14675052408805223
186,1329,1515,0.1467732811679804
189,1318,1507,0.14679454082721896
194,1319,1513,0.14680819994332225
193,1321,1514,0.14681101129401555
193,1324,1517,0.14681623708117708
187,1325,1512,0.14681966531042154
178,1336,1514,0.14683867906525427
175,1342,1517,0.14687861663415536
172,1337,1509,0.14692512231722155
175,1346,1521,0.14697396992907344
174,1344,1518,0.14701281549837866
177,1339,1516,0.14705342070222702
183,1339,1522,0.14708282416773164
180,1338,1518,0.14709757987800956
180,1350,1530,0.14711714166297601
180,1330,1510,0.14713361188410023
178,1329,1507,0.14715110865565065
178,1318,1496,0.14717076201302612
173,1319,1492,0.147190794762777
174,1341,1515,0.14722176893779138
175,1334,1509,0.14724825617407972
173,1333,1506,0.14727046038746902
173,1345,1518,0.14729579290859332
172,1355,1527,0.14731863822491273
166,1355,1521,0.14734356998008727
165,1350,1515,0.14738069194663592
165,1352,1517,0.14741874963770907
162,1347,1509,0.14745312574187067
164,1357,1521,0.14749424663327207
159,1363,1522,0.1475257329620195
154,1365,1519,0.14756815259714756
157,1362,1519,0.14761986329455581
156,1356,1512,0.14765989429215876
154,1355,1509,0.14770098843894566
158,1357,1515,0.14774442342179994
157,1360,1517,0.1477725262658853
159,1370,1529,0.14780093910853442
157,1368,1525,0.14782184538466997
157,1347,1504,0.14784567763970394
157,1351,1508,0.14786774801203678
155,1347,1502,0.1478864602283748
155,1353,1508,0.1479096352511675
153,1363,1516,0.1479323360556766
155,1366,1521,0.14795934651683001
152,1380,1532,0.14798060091737864
150,1375,1525,0.14800823909454763
154,1364,1518,0.14803851528078904
153,1360,1513,0.14805707307795576
147,1359,1506,0.14807651773783728
143,1359,1502,0.1481071564792861
147,1362,1509,0.14814417985330866
149,1371,1520,0.14816801740208363
147,1359,1506,0.14818575243607404
144,1349,1493,0.14820775366262637
143,1370,1513,0.14823712626388522
143,1369,1512,0.14826700221768477
145,1372,1517,0.1482960529049388
145,1360,1505,0.14831653393123478
144,1363,1507,0.14833523406856614
141,1364,1505,0.1483550167816781
139,1378,1517,0.14838085900057796
134,1380,1514,0.14841006433659612
136,1378,1514,0.1484495565241069
130,1385,1515,0.14848005346710158
129,1389,1518,0.1485252644464362
128,1385,1513,0.14857165804760022
129,1391,1520,0.148615968690243
128,1375,1503,0.14865509413150207
128,1378,1506,0.14869634179318544
131,1377,1508,0.14873463702356252
128,1395,1523,0.1487632810290297
131,1380,1511,0.1487964942015777
126,1391,1517,0.14881729549429754
128,1390,1518,0.14884943588944607
132,1388,1520,0.14887681225837138
136,1381,1517,0.1488925953931677
135,1381,1516,0.14889715742417692
132,1389,1521,0.1489043657477182
134,1380,1514,0.14891955995530412
130,1388,1518,0.1489294689752532
132,1387,1519,0.1489484199551012
130,1379,1509,0.14896341072477817
126,1398,1524,0.1489831739588147
124,1376,1500,0.14901176447181821
120,1388,1508,0.14904297756355445
118,1389,1507,0.1490815697297866
116,1392,1508,0.14912332571114903
121,1377,1498,0.14916638367793453
126,1381,1507,0.14919345738840917
127,1385,1512,0.14920546456423583
123,1391,1514,0.14921509046878045
123,1392,1515,0.14923323993144208
118,1395,1513,0.14925071275462098
120,1399,1519,0.14927976358619297
119,1399,1518,0.14930150684113755
119,1392,1511,0.14932447329465262
116,1406,1522,0.1493425874997592
115,1405,1520,0.1493667449404876
115,1400,1515,0.14939034574461427
116,1402,1518,0.1494130046865227
112,1404,1516,0.1494312010934368
111,1412,1523,0.14945850242431397
108,1415,1523,0.1494847166439941
109,1419,1528,0.1495166125808163
108,1414,1522,0.14954390499062353
108,1415,1523,0.1495728609394805
104,1412,1516,0.14960114012785916
104,1420,1524,0.1496382488577636
108,1422,1530,0.149671860346492
111,1428,1539,0.14969279104756314
111,1429,1540,0.14970452438994916
109,1421,1530,0.1497152259567177
104,1429,1533,0.14973105898390549
104,1416,1520,0.14975919368591178
106,1406,1512,0.1497858925612583
105,1409,1514,0.14980664627208287
99,1402,1501,0.149829216748823
98,1395,1493,0.14986517734799917
105,1394,1499,0.14990163757095043
103,1400,1503,0.1499174969987779
108,1404,1512,0.14993666589804008
106,1396,1502,0.14994306436275653
105,1404,1509,0.14995437084288146
107,1412,1519,0.14996770916420063
110,1405,1515,0.14997568246337342
106,1411,1517,0.14997545163604042
107,1404,1511,0.14998572878812622
109,1412,1521,0.14999199549562586
110,1406,1516,0.14999263150859116
108,1401,1509,0.1499908279580291
102,1411,1513,0.14999435363212338
103,1402,1505,0.15001044919098644
103,1414,1517,0.15002364802995313
103,1412,1515,0.15003667636070428
108,1406,1514,0.15004987007347154
109,1401,1510,0.15004701788384422
108,1406,1514,0.1500423900510267
109,1415,1524,0.15004087046728046
105,1414,1519,0.1500360054076103
106,1416,1522,0.15004157726287037
105,1414,1519,0.1500429502421143
100,1420,1520,0.15004716379863456
98,1426,1524,0.15006454226884544
100,1416,1516,0.15008537484966677
99,1411,1510,0.15010154159107061
100,1422,1522,0.15011777941904636
96,1423,1519,0.15013195973989377
99,1419,1518,0.1501553960566768
98,1431,1529,0.15017008608095797
98,1422,1520,0.15018725261205057
96,1425,1521,0.15020442700051445
97,1423,1520,0.15022522664325863
95,1421,1516,0.15024278700903815
95,1430,1525,0.1502625725533287
93,1443,1536,0.1502815911124194
93,1424,1517,0.15030444219422642
92,1430,1522,0.15032541788209486
90,1427,1517,0.15034834084326695
89,1425,1514,0.15037496821765425
89,1436,1525,0.1504020335736837
89,1432,1521,0.15042652385355812
90,1420,1510,0.1504502532475962
88,1424,1512,0.15046961721983318
86,1436,1522,0.1504914548781254
87,1430,1517,0.15051625074146738
86,1420,1506,0.150537303297822
83,1408,1491,0.15056004681543236
85,1408,1493,0.15058760383814362
82,1416,1498,0.1506070837441095
83,1422,1505,0.15063299073823105
84,1427,1511,0.15065515443942318
89,1425,1514,0.15067313414824451
87,1431,1518,0.15067794934604092
89,1431,1520,0.1506881193897711
85,1432,1517,0.1506922218934853
85,1446,1531,0.15070693288502504
81,1453,1534,0.1507205682156659
79,1445,1524,0.15074419057805105
78,1438,1516,0.1507711995037513
76,1428,1504,0.1507997280782708
80,1446,1526,0.15083063328430213
77,1454,1531,0.15084946391860396
76,1451,1527,0.15087387012874293
75,1441,1516,0.15089899625801645
72,1451,1523,0.1509245632377674
74,1449,1523,0.15095520040436777
74,1453,1527,0.15097946784316427
75,1454,1529,0.15100277121798006
76,1444,1520,0.15102230230168578
77,1436,1513,0.15103865842858852
77,1441,1518,0.15105162998099306
76,1449,1525,0.15106471701143728
76,1446,1522,0.15108004418668913
76,1453,1529,0.1510940569552916
74,1446,1520,0.151106913039038
73,1444,1517,0.1511243936877932
73,1440,1513,0.15114332547300793
72,1437,1509,0.15115954346634536
73,1429,1502,0.15117765453773316
72,1428,1500,0.15119288254257587
73,1424,1497,0.15120902890040477
69,1435,1504,0.1512207976617368
68,1443,1511,0.1512420095990039
66,1441,1507,0.1512641323359426
68,1438,1506,0.15128998295477375
68,1450,1518,0.15130915118221633
70,1450,1520,0.15132685710301916
70,1444,1514,0.1513379083314879
69,1448,1517,0.15134943617808008
69,1449,1518,0.15136201627738044
68,1445,1513,0.15137456807112146
70,1446,1516,0.1513886990290116
70,1450,1520,0.15139651399395274
69,1453,1522,0.15140460843221507
69,1450,1519,0.15141511503037625
67,1450,1517,0.15142413222069082
69,1456,1525,0.15143807862290268
67,1445,1512,0.15144579611053838
65,1447,1512,0.15145811143548035
66,1451,1517,0.15147388414551155
63,1454,1517,0.15148600507859958
62,1462,1524,0.15150462953557664
62,1445,1507,0.15152543559316387
64,1453,1517,0.15154534149740861
66,1448,1514,0.15155889978471707
65,1446,1511,0.15156556475390454
65,1452,1517,0.1515747550405294
62,1461,1523,0.15158289997849717
64,1452,1516,0.15159780529059083
65,1447,1512,0.1516076512772719
65,1459,1524,0.15161430804313641
66,1451,1517,0.1516191308561967
64,1454,1518,0.1516222665703829
62,1451,1513,0.15162914812103323
60,1454,1514,0.1516403571149958
61,1454,1515,0.15165591116436133
62,1462,1524,0.1516671352280334
63,1464,1527,0.15167518592563206
63,1454,1517,0.15168031477442587
63,1451,1514,0.15168604519056994
60,1455,1515,0.15169218852119803
59,1444,1503,0.15170505567384698
59,1447,1506,0.151719889269733
61,1456,1517,0.15173428022802493
61,1446,1507,0.1517424648172129
60,1449,1509,0.15174966187952055
57,1449,1506,0.15175791698195887
56,1439,1495,0.15177308222920635
58,1426,1484,0.15178808799361745
56,1438,1494,0.1517964864759518
55,1449,1504,0.15180849380829925
56,1461,1517,0.15182365946285717
57,1468,1525,0.15183550191328515
59,1470,1529,0.1518442339042003
59,1466,1525,0.15184802131161068
60,1464,1524,0.1518517970238309
59,1468,1527,0.1518539354357562
56,1457,1513,0.1518578775142429
56,1474,1530,0.15186926542532364
52,1472,1524,0.15187926455845788
52,1469,1521,0.1518980177176228
51,1469,1520,0.1519149966364609
48,1466,1514,0.15193378956325038
49,1470,1519,0.15195833385769075
51,1481,1532,0.15197869336000883
49,1473,1522,0.1519935083000376
50,1465,1515,0.1520121661958987
52,1460,1512,0.15202725653291949
51,1467,1518,0.15203635519640038
54,1471,1525,0.15204785172933072
54,1474,1528,0.1520511977847028
52,1467,1519,0.15205505592143023
51,1460,1511,0.1520630522077677
52,1461,1513,0.15207312976951318
49,1450,1499,0.15208093153984095
49,1453,1502,0.1520957380356234
51,1449,1500,0.15210985413064812
51,1450,1501,0.15211845760391257
48,1451,1499,0.15212700320286066
48,1456,1504,0.15214275131621147
46,1470,1516,0.15215759502269383
46,1472,1518,0.15217615014703628
48,1467,1515,0.1521927065930505
48,1476,1524,0.15220351533571408
50,1479,1529,0.152213616276699
49,1477,1526,0.1522179657775229
50,1481,1531,0.15222466109808452
50,1463,1513,0.152228106256293
45,1463,1508,0.15223102736502062
45,1456,1501,0.15224536357003005
45,1441,1486,0.15225923411682943
47,1446,1493,0.1522723438479945
46,1445,1491,0.15228037392764027
45,1456,1501,0.1522904470318009
47,1472,1519,0.15230209257953636
48,1460,1508,0.15230785199393165
48,1464,1512,0.1523106068315304
49,1466,1515,0.15231322458154983
48,1461,1509,0.15231184955035562
47,1469,1516,0.15231336134134815
46,1478,1524,0.15231811028400444
45,1480,1525,0.1523251812710187
45,1476,1521,0.15233440666997317
45,1472,1517,0.15234311980541426
45,1475,1520,0.1523516951834944
44,1478,1522,0.15235997822864664
42,1484,1526,0.1523702158662628
39,1484,1523,0.1523844972469326
39,1481,1520,0.15240459093516248
38,1490,1528,0.15242257616738786
35,1481,1516,0.15244187872768433
38,1482,1520,0.15246681788331246
38,1488,1526,0.15248088239481278
39,1483,1522,0.1524944966583254
38,1470,1508,0.1525052033904716
40,1463,1503,0.1525166031926932
40,1459,1499,0.15252306309297065
39,1476,1515,0.15252965396613397
36,1475,1511,0.1525382189564714
36,1468,1504,0.15255262226185404
35,1472,1507,0.1525655790590189
34,1470,1504,0.15258055442473634
37,1473,1510,0.1525973473137584
37,1467,1504,0.15260552844421865
38,1487,1525,0.1526133405245069
36,1478,1514,0.15261782120413325
39,1479,1518,0.15262693938082114
41,1466,1507,0.15262754412681848
39,1462,1501,0.1526232420181369
39,1471,1510,0.15262407184210386
38,1476,1514,0.1526255360500416
36,1482,1518,0.15262984306461586
36,1486,1522,0.1526395440087685
36,1489,1525,0.15264906877556597
35,1487,1522,0.1526583877580642
35,1493,1528,0.15266963187350363
33,1480,1513,0.15267968341283325
32,1486,1518,0.1526938863041272
29,1475,1504,0.1527095263999441
29,1485,1514,0.15273100205219847
30,1479,1509,0.1527514341176872
29,1494,1523,0.15276858689182637
30,1499,1529,0.15278717173059278
32,1505,1537,0.15280222958343428
34,1488,1522,0.15280973474153103
34,1488,1522,0.1528110979237603
35,1482,1517,0.15281295460650832
36,1471,1507,0.15281228687945547
35,1473,1508,0.15280963115312715
34,1480,1514,0.15280945769867685
34,1484,1518,0.1528125628260295
34,1481,1515,0.15281589243911722
33,1481,1514,0.15281939304851938
34,1469,1503,0.1528241149334292
32,1463,1495,0.1528260691287582
32,1475,1507,0.15283292160337777
32,1484,1516,0.15283972870266316
32,1483,1515,0.15284645737534933
33,1487,1520,0.15285308002177644
32,1496,1528,0.1528566385607082
35,1492,1527,0.15286256606403623
35,1492,1527,0.15285905089666307
36,1484,1520,0.1528562809921568
34,1478,1512,0.15285149353876398
31,1486,1517,0.15285194658116563
29,1486,1515,0.15285993000402834
26,1489,1515,0.1528718873231527
27,1497,1524,0.15289049313078273
27,1486,1513,0.15290529458335292
27,1486,1513,0.1529194641726594
28,1481,1509,0.15293306973887966
28,1483,1511,0.15294283122729532
28,1495,1523,0.152952295511858
31,1497,1528,0.15296145185585272
30,1495,1525,0.15296059568480003
30,1498,1528,0.15296253967976375
30,1492,1522,0.152964837810231
26,1480,1506,0.15296742282965273
27,1482,1509,0.15297894407494012
27,1470,1497,0.15298724737401848
27,1496,1523,0.15299541493835275
27,1502,1529,0.15300341896924444
26,1487,1513,0.15301089940512477
28,1492,1520,0.15301958383839842
28,1491,1519,0.15302254662058976
28,1487,1515,0.15302569736880284
29,1478,1507,0.15302905594776647
29,1477,1506,0.15302962961811012
29,1487,1516,0.15303004431194422
30,1488,1518,0.1530303269230404
30,1480,1510,0.1530278211753662
30,1476,1506,0.1530258372047876
30,1488,1518,0.15302442802618527
31,1487,1518,0.1530235150324911
30,1490,1520,0.15301865524467012
31,1485,1516,0.15301693310856357
31,1485,1516,0.15301349626214839
29,1486,1515,0.1530107188499506
30,1501,1531,0.15301284700824952
28,1491,1519,0.153011981435166
29,1477,1506,0.15301592987012916
27,1490,1517,0.1530177789320293
29,1483,1512,0.15302465327324746
30,1486,1516,0.15302651047988053
29,1486,1515,0.15302530240018053
31,1485,1516,0.1530257205554386
31,1489,1520,0.153020122270411
32,1487,1519,0.15301559325877792
32,1490,1522,0.15300833610355763
31,1490,1521,0.15300214053646355
31,1500,1531,0.15299970078747052
31,1493,1524,0.15299785153392073
30,1509,1539,0.1529965140252075
30,1503,1533,0.15299844361760492
30,1508,1538,0.1530005175440815
30,1498,1528,0.15300270158510482
30,1487,1517,0.15300496606730682
30,1491,1521,0.15300502128977872
31,1480,1511,0.15300545876610377
30,1474,1504,0.15300384122842603
30,1485,1515,0.15300481778809136
30,1498,1528,0.15300604418492006
30,1484,1514,0.15300747518857935
28,1489,1517,0.15300907123001475
30,1474,1504,0.1530150861641631
33,1480,1513,0.1530144080730363
33,1491,1524,0.15300656559227296
33,1488,1521,0.15299967266865924
31,1485,1516,0.152993626008329
32,1483,1515,0.15299265299019368
29,1484,1513,0.15298896695005118
29,1492,1521,0.15299232549506248
29,1485,1514,0.15299584955622858
29,1479,1508,0.1529990955778463
29,1490,1519,0.15300136648751306
30,1497,1527,0.15300390987690116
30,1497,1527,0.15300498364234216
33,1489,1522,0.15300628372051273
34,1496,1530,0.15299935445895188
34,1483,1517,0.15299000538987761
35,1489,1524,0.15298171946756706
35,1477,1512,0.15297114964504405
36,1478,1514,0.15296063334609675
33,1477,1510,0.15294860125192458
30,1491,1521,0.1529444071779566
30,1508,1538,0.15294746588195876
30,1501,1531,0.15295080142152512
31,1498,1529,0.15295435228507118
32,1500,1532,0.15295459039560647
31,1500,1531,0.15295287202765773
30,1488,1518,0.15295393365221177
29,1496,1525,0.15295765821765106
30,1499,1529,0.15296272610556996
29,1495,1524,0.15296537415409123
27,1490,1517,0.1529704212349749
25,1480,1505,0.15297981775965983
28,1486,1514,0.15299326741594155
28,1491,1519,0.15299931228560557
27,1481,1508,0.1530041722128441
27,1477,1504,0.153011313611916
27,1481,1508,0.1530174257734716
26,1485,1511,0.15302339801032933
25,1475,1500,0.15303151073317176
25,1484,1509,0.1530422819732828
24,1493,1517,0.1530525458763294
24,1496,1520,0.15306465045927115
23,1489,1512,0.15307621555816658
23,1488,1511,0.15308968475725743
23,1491,1514,0.15310247224165965
24,1491,1515,0.1531135756775469
24,1495,1519,0.15312130904158006
24,1495,1519,0.1531277257168466
25,1499,1524,0.1531340984481143
24,1504,1528,0.1531371312799318
24,1495,1519,0.15314256868051224
24,1481,1505,0.15314802427609495
26,1475,1501,0.15315346322887144
24,1493,1517,0.15315229809043562
25,1499,1524,0.15315605361744353
24,1501,1525,0.15315770533003192
22,1499,1521,0.15316058234524044
21,1502,1523,0.1531679606834206
20,1496,1516,0.15317743133638817
20,1495,1515,0.1531889673529507
21,1496,1517,0.15319998330761625
21,1493,1514,0.15320738935533076
21,1485,1506,0.15321475062726211
21,1499,1520,0.1532220305130821
21,1505,1526,0.15322827335554262
22,1492,1514,0.15323452395337686
19,1487,1506,0.1532382775260813
19,1492,1511,0.15324917855936795
19,1492,1511,0.153259281673507
19,1501,1520,0.15326904631710345
18,1495,1513,0.1532784663703977
18,1500,1518,0.15328968628892245
18,1494,1512,0.15330042736722285
18,1501,1519,0.15331069892378593
17,1489,1506,0.1533205116298962
15,1486,1501,0.1533320158140379
14,1488,1502,0.15334769477652987
14,1490,1504,0.1533646584126685
16,1502,1518,0.15338066506348397
16,1511,1527,0.1533892682343902
16,1498,1514,0.15339762059578754
16,1495,1511,0.1534057108513468
17,1492,1509,0.15341353096655497
17,1484,1501,0.153417811491466
17,1501,1518,0.15342211914964404
18,1489,1507,0.15342642433303033
17,1511,1528,0.15342746564750992
18,1516,1534,0.15343089959523962
18,1490,1508,0.15343128395158703
18,1499,1517,0.15343199520435277
19,1495,1514,0.1534318953527284
20,1488,1508,0.15342905018502445
20,1496,1516,0.1534236921707886
19,1499,1518,0.1534191604387109
18,1488,1506,0.15341756975342805
18,1485,1503,0.15341929439890925
17,1494,1511,0.15342121619868546
16,1505,1521,0.15342561256566578
18,1506,1524,0.1534321038697361
17,1505,1522,0.15343369544245758
17,1492,1509,0.15343644470607515
19,1484,1503,0.153439455290164
20,1493,1513,0.1534371561458654
19,1508,1527,0.15343254944778026
20,1509,1529,0.15343153403977386
20,1508,1528,0.15342855502740196
18,1505,1523,0.15342601263166455
18,1504,1522,0.15342817965306133
17,1499,1516,0.15343042485541122
15,1500,1515,0.1534349692783273
15,1504,1519,0.1534430951378162
14,1512,1526,0.15345093266130508
14,1504,1518,0.15346050844243617
13,1516,1529,0.15346968274093536
13,1508,1521,0.15348062456309516
13,1530,1543,0.15349104862521917
14,1525,1539,0.15350097191947698
13,1518,1531,0.1535079479111685
14,1506,1520,0.15351707133153075
13,1499,1512,0.15352249282886146
14,1504,1518,0.1535299644742204
17,1515,1532,0.15353390305407794
17,1508,1525,0.15352815474972373
17,1512,1529,0.15352330548082171
16,1512,1528,0.15351924752182236
17,1495,1512,0.15351693289015372
18,1488,1506,0.1535119955927922
18,1493,1511,0.1535046606711467
17,1490,1507,0.15349838991202017
18,1508,1526,0.15349569876318142
19,1492,1511,0.15349036907863098
19,1486,1505,0.15348260462687294
19,1490,1509,0.15347588851689298
19,1494,1513,0.15346905422459747
18,1501,1519,0.15346320566765034
17,1493,1510,0.1534603914051723
17,1493,1510,0.15346077817782494
16,1495,1511,0.15346160036833933
14,1497,1511,0.15346486368745935
14,1506,1520,0.15347289080496682
13,1505,1518,0.1534806736003068
14,1512,1526,0.1534907688536048
14,1501,1515,0.1534980032521645
14,1496,1510,0.1535049663524138
13,1494,1507,0.15351165811093853
12,1507,1519,0.15352022016849987
10,1512,1522,0.15353057633745226
10,1516,1526,0.1535447350853747
10,1504,1514,0.15355805785654952
10,1509,1519,0.15357066772428524
11,1519,1530,0.15358259842972705
12,1509,1521,0.1535914654350989
12,1508,1520,0.1535966228773657
12,1508,1520,0.15360165945549803
12,1508,1520,0.15360656370909867
12,1518,1530,0.15361132670436364
10,1529,1539,0.15361594170282533
10,1526,1536,0.15362489169161925
9,1529,1538,0.1536323212725698
9,1524,1533,0.1536416763304552
9,1518,1527,0.15365063576889798
9,1510,1519,0.1536585352445316
9,1508,1517,0.15366616097032718
10,1502,1512,0.15367350946078717
10,1506,1516,0.15367742227287487
10,1507,1517,0.1536808195010912
9,1521,1530,0.15368428659751765
10,1496,1506,0.1536903883172525
11,1507,1518,0.15369366384255784
12,1499,1511,0.15369368558715693
11,1506,1517,0.15369073529076027
11,1500,1511,0.15369098089984534
11,1501,1512,0.15369042103710281
9,1497,1506,0.15369026401509667
9,1496,1505,0.1536947871391827
11,1504,1515,0.15369933573584116
11,1515,1526,0.15369771071917807
11,1520,1531,0.15369660842350089
12,1507,1519,0.15369595611794853
12,1494,1506,0.15369242605081077
12,1495,1507,0.15368953019028397
12,1480,1492,0.15368718953211385
12,1485,1497,0.15368533377071647
11,1482,1493,0.15368390039536223
13,1480,1493,0.15368531366382346
13,1488,1501,0.15368106073917687
13,1499,1512,0.15367668596512257
12,1488,1500,0.15367295729281824
14,1485,1499,0.1536727768346749
16,1491,1507,0.15366631141429835
15,1502,1517,0.1536543995913872
15,1504,1519,0.15364661112445466
15,1498,1513,0.15363974922184215
15,1506,1521,0.15363276911082477
16,1502,1518,0.15362667481255757
15,1493,1508,0.1536189324296845
15,1485,1500,0.1536150378577788
15,1495,1510,0.15361166723284442
14,1494,1508,0.15360876123848713
14,1488,1502,0.15360842630553212
14,1503,1517,0.15360832426059026
14,1494,1508,0.15360842051608373
13,1506,1519,0.15360868454700485
13,1489,1502,0.15361146782660864
13,1507,1520,0.1536142017478481
13,1508,1521,0.15361687770659085
13,1502,1515,0.15361948874091924
12,1506,1518,0.15362202932364893
13,1498,1511,0.1536266514442364
13,1497,1510,0.15362883785274334
12,1500,1512,0.153630963101246
12,1502,1514,0.15363529383845187
12,1510,1522,0.15363871965334616
12,1509,1521,0.15364204908795212
12,1503,1515,0.153645277268863
11,1495,1506,0.1536484006475375
11,1492,1503,0.15365358761306264
13,1508,1521,0.15365853469579607
13,1501,1514,0.15365672148499507
13,1510,1523,0.1536552936243249
14,1496,1510,0.15365420136504532
15,1501,1516,0.1536501874072521
15,1504,1519,0.15364347490045727
15,1508,1523,0.1536375536239846
14,1524,1538,0.15363233891198502
14,1517,1531,0.15362990521416683
14,1514,1528,0.1536279028240407
14,1512,1526,0.15362627831606726
13,1499,1512,0.15362498412025494
13,1500,1513,0.15362648867101145
11,1508,1519,0.15362805645492067
11,1502,1513,0.15363470705744298
11,1503,1514,0.153641008976971
11,1516,1527,0.15364697782000322
11,1505,1516,0.15365262879698935
10,1517,1527,0.1536579766923288
10,1508,1518,0.15366524484818014
10,1510,1520,0.1536720991384639
9,1508,1517,0.15367856184172538
9,1513,1522,0.15368679047855507
9,1512,1521,0.15369453943360942
9,1510,1519,0.1537018356198746
10,1510,1520,0.15370870454754434
10,1502,1512,0.1537127789202149
10,1506,1516,0.15371664274597596
10,1518,1528,0.1537203051595258
10,1517,1527,0.15372377509753116
10,1498,1508,0.15372706127610147
10,1497,1507,0.15373017217295978
11,1500,1511,0.1537331160137053
12,1497,1509,0.1537326463169055
12,1480,1492,0.1537290704069379
13,1487,1500,0.15372593055061917
13,1486,1499,0.1537199291904054
12,1491,1503,0.15371457734418315
12,1501,1513,0.15371196844857957
12,1521,1533,0.15370975101585346
12,1514,1526,0.15370787876727954
12,1518,1530,0.15370631040367377
12,1502,1514,0.15370500909421225
12,1512,1524,0.153703942016372
11,1497,1508,0.1537030799419594
10,1501,1511,0.15370454052765922
10,1492,1502,0.15370707457998636
9,1506,1515,0.15370966478356493
8,1495,1503,0.15371533458567752
9,1505,1514,0.15372290755295023
8,1499,1507,0.15372786185190718
7,1510,1517,0.1537348160271983
7,1501,1508,0.15374371933931072
7,1504,1511,0.15375212153454051
7,1504,1511,0.15376004889412773
6,1513,1519,0.15376752652543557
5,1523,1528,0.15377687640347523
5,1529,1534,0.15378781244526585
4,1520,1524,0.1537980958520108
5,1506,1511,0.15380991883106485
6,1513,1519,0.15381880838369968
6,1505,1511,0.15382395402772522
6,1513,1519,0.1538289030555807
4,1512,1516,0.15383365594101564
4,1505,1509,0.15384336333366
3,1500,1503,0.1538524863122424
3,1519,1522,0.15386321497835725
3,1537,1540,0.15387329693197238
2,1536,1538,0.15388277094506478
2,1532,1534,0.15389385535056777
1,1534,1535,0.15390426787696207
1,1527,1528,0.15391620965202246
0,1521,1521,0.1539274279831275
