1356,31,1387,0.13579591999414725
1380,34,1414,0.13298487677921492
1391,37,1428,0.1303636206555508
1412,42,1454,0.12794934255180848
1427,42,1469,0.1256972640409742
1418,46,1464,0.12360622368207248
1430,45,1475,0.12173074869850099
1433,41,1474,0.11999055819966412
1441,44,1485,0.1184012504856537
1460,44,1504,0.11693204570145087
1465,44,1509,0.11554760608444808
1469,43,1512,0.11427749645186402
1473,39,1512,0.11311283063794304
1473,42,1515,0.11204349981057493
1467,41,1508,0.11107226884526966
1464,40,1504,0.11020343091832735
1463,41,1504,0.10942155193017271
1464,43,1507,0.10871234549759529
1454,44,1498,0.10806587472773957
1459,41,1500,0.10750199617404155
1461,40,1501,0.10697912037013678
1445,37,1482,0.10649975122416144
1454,36,1490,0.10609837430121687
1458,36,1494,0.10571218782181395
1452,38,1490,0.10535414627259093
1457,38,1495,0.10504267702508592
1466,37,1503,0.10474784230089142
1464,39,1503,0.10445804126830552
1461,39,1500,0.10420060925464415
1461,39,1500,0.10397400067468697
1453,41,1494,0.1037669661314537
1445,41,1486,0.1035976861896566
1451,40,1491,0.1034633474132068
1449,42,1491,0.1033284650618281
1457,43,1500,0.10320912035936708
1453,45,1498,0.10308337271984637
1453,42,1495,0.10297782619835459
1460,41,1501,0.10288314695771497
1467,41,1508,0.102778221764118
1459,40,1499,0.10266729999213144
1458,42,1500,0.10258447583942366
1456,42,1498,0.1025131310474597
1460,39,1499,0.1024540229750418
1463,38,1501,0.10239229834160918
1455,38,1493,0.10232708147293634
1447,38,1485,0.10228551646982595
1450,38,1488,0.10226706081235754
1448,39,1487,0.1022464509844114
1457,38,1495,0.10223365735654305
1452,40,1492,0.10219927118150526
1442,38,1480,0.10217727403784461
1426,38,1464,0.10218055253348748
1434,39,1473,0.10222023312596029
1445,38,1483,0.1022378208592447
1461,40,1501,0.10223037225859255
1465,41,1506,0.10218614208017424
1469,43,1512,0.1021361814041178
1452,46,1498,0.10208194936401085
1439,44,1483,0.10207006882299051
1448,44,1492,0.10208946558298557
1443,43,1486,0.10208630495982707
1459,41,1500,0.10209414978217111
1454,41,1495,0.10206537110360366
1455,40,1495,0.10205169533420609
1457,42,1499,0.10203559947360841
1449,42,1491,0.1020179829820024
1454,43,1497,0.10201607478331962
1458,46,1504,0.10200313521786794
1453,45,1498,0.10198393261746959
1450,46,1496,0.10197677041678326
1437,45,1482,0.10197705884233234
1439,49,1488,0.10200705655081344
1442,50,1492,0.10203218962515237
1435,47,1482,0.10205151722963965
1438,46,1484,0.10208552061921494
1433,49,1482,0.10211075022523597
1426,49,1475,0.1021437355899532
1439,51,1490,0.10218975105737592
1453,49,1502,0.10220200866603164
1444,48,1492,0.102182770092193
1454,49,1503,0.10218558261723476
1450,50,1500,0.102166708671317
1450,54,1504,0.1021601306363106
1440,51,1491,0.10215321823162495
1440,51,1491,0.10216897556314379
1445,49,1494,0.10218232269233724
1440,48,1488,0.10218365447335856
1441,48,1489,0.10219513795482164
1447,51,1498,0.10220427521333582
1439,50,1489,0.1022012025061937
1444,50,1494,0.10221715627060952
1430,48,1478,0.10222075718712946
1431,49,1480,0.10225412549013978
1439,51,1490,0.10228029201198677
1442,51,1493,0.10228665821615841
1439,53,1492,0.10228794381019377
1442,52,1494,0.10229748733949588
1443,52,1495,0.10229745614506411
1445,53,1498,0.10229656660848054
1433,54,1487,0.10229176297303127
1440,57,1497,0.10231242537931155
1447,59,1506,0.10231646316619404
1457,57,1514,0.10230592031159876
1454,57,1511,0.10227506421686612
1444,57,1501,0.10225204425109044
1426,59,1485,0.10225299882511767
1422,65,1487,0.10229613332622098
1413,67,1480,0.1023464287370334
1413,67,1480,0.10241434977360969
1415,67,1482,0.10247756126228502
1414,67,1481,0.10253024614834913
1419,65,1484,0.10258099324392572
1417,68,1485,0.10261596618020558
1430,67,1497,0.10265371250308863
1432,71,1503,0.10265886432928398
1430,72,1502,0.1026588934045542
1423,72,1495,0.10266422647487536
1429,71,1500,0.10268463148787915
1438,68,1506,0.1026899111938066
1430,67,1497,0.10267647384287287
1433,71,1504,0.10268461832717087
1431,71,1502,0.10268273107939307
1432,73,1505,0.10268663002283479
1432,76,1508,0.10268889241097405
1423,78,1501,0.10269281672466513
1411,74,1485,0.1027156179728951
1410,78,1488,0.10276160701557405
1413,82,1495,0.10280760563410375
1401,88,1489,0.10284547202029078
1397,84,1481,0.1029073884332787
1391,82,1473,0.10297491170028582
1396,84,1480,0.10305042953624342
1402,87,1489,0.10310648882501755
1394,86,1480,0.10314522312378115
1399,87,1486,0.10320070697859318
1405,89,1494,0.10324289109831078
1397,92,1489,0.10326521199750945
1406,91,1497,0.10330286077852106
1408,93,1501,0.10331990029603759
1410,94,1504,0.1033316543584753
1407,89,1496,0.10334042288455059
1409,89,1498,0.10335588273352556
1399,93,1492,0.10336327890130309
1393,91,1484,0.10339334401702757
1392,93,1485,0.10343644463190571
1401,95,1496,0.10347681919816398
1407,91,1498,0.10349341319814301
1406,87,1493,0.10349496394455762
1397,85,1482,0.10349644458910276
1398,84,1482,0.10351763374295513
1400,84,1484,0.10353673261277432
1407,84,1491,0.10355165419335023
1406,85,1491,0.10354802864315868
1399,87,1486,0.10354697795327074
1413,86,1499,0.10356026657521662
1417,88,1505,0.10353812463176922
1402,88,1490,0.10351043148372663
1399,87,1486,0.1035179947691963
1408,90,1498,0.10353607036649923
1383,92,1475,0.10353362076953099
1384,90,1474,0.10358790205488877
1391,95,1486,0.10363865156175493
1388,94,1482,0.10367031076500575
1393,92,1485,0.10370600356487819
1393,94,1487,0.10372580054452296
1401,99,1500,0.10374256409841096
1410,99,1509,0.10374175662573044
1399,101,1500,0.10372045075665672
1393,100,1493,0.10372617489607058
1400,104,1504,0.10374422816533314
1396,105,1501,0.1037452120518957
1404,104,1508,0.10375552339027216
1411,102,1513,0.10374867147991168
1407,103,1510,0.10372585993619397
1395,105,1500,0.10371412529728459
1402,104,1506,0.10373233501772659
1383,104,1487,0.10373183127703689
1379,105,1484,0.10377437074652912
1382,105,1487,0.10382113462608256
1395,104,1499,0.1038573466750035
1397,105,1502,0.10386202085896834
1388,109,1497,0.10386142556890801
1380,107,1487,0.10388201128429393
1380,107,1487,0.1039191264336279
1385,109,1494,0.10395463111525398
1392,111,1503,0.10397488636517734
1391,110,1501,0.10397879933415297
1389,107,1496,0.1039870019696183
1382,112,1494,0.10400038733630794
1388,112,1500,0.10402953039982592
1393,110,1503,0.10404423979252155
1380,111,1491,0.10404787366490378
1382,111,1493,0.10408120262631022
1375,112,1487,0.10410803097348165
1382,112,1494,0.10414722527032635
1386,114,1500,0.10416913942298091
1382,116,1498,0.10417830464619396
1385,113,1498,0.10419366115003893
1378,114,1492,0.1042022394375774
1385,113,1498,0.1042236374777294
1371,113,1484,0.10423010471619776
1377,118,1495,0.10426747336335886
1380,115,1495,0.10428571121782834
1374,118,1492,0.10429646456665845
1375,120,1495,0.1043203049566024
1357,122,1479,0.10434005314643427
1365,117,1482,0.10439950799607463
1358,114,1472,0.10443591650881114
1368,114,1482,0.10448311735375655
1366,112,1478,0.10450415199932703
1367,113,1480,0.10452278556036665
1372,116,1488,0.1045363649972884
1380,120,1500,0.10453819419939701
1382,120,1502,0.10452302515800106
1377,119,1496,0.1045075950348339
1370,123,1493,0.10450694985470342
1365,128,1493,0.10452421549249272
1365,127,1492,0.10455375250873887
1360,132,1492,0.10458238630009414
1366,132,1498,0.10461798463554368
1365,131,1496,0.1046388805927662
1352,130,1482,0.10465957875794946
1340,133,1473,0.10470960626474313
1350,135,1485,0.10478317800992898
1353,140,1493,0.10482616242380313
1360,139,1499,0.10485834614156371
1363,131,1494,0.10487405399174976
1361,133,1494,0.10488024799480071
1349,131,1480,0.10489184085686691
1357,127,1484,0.10492503668069009
1365,123,1488,0.1049376634305599
1358,126,1484,0.1049308981428544
1360,133,1493,0.10494175149298765
1362,133,1495,0.10494739179143484
1354,135,1489,0.10494817929167372
1357,134,1491,0.10496928038822935
1360,138,1498,0.10498385254753728
1362,135,1497,0.10498910958712372
1368,136,1504,0.10499082183382068
1357,134,1491,0.10498052787534456
1368,135,1503,0.10499174514555981
1356,139,1495,0.10498085250299838
1356,140,1496,0.10499882855987541
1362,137,1499,0.10501617417916048
1360,136,1496,0.1050202354675671
1358,134,1492,0.10502888117102191
1374,134,1508,0.10504154551018254
1378,136,1514,0.1050152444204803
1366,136,1502,0.10498023691951947
1348,140,1488,0.10497619250194709
1347,141,1488,0.10501478351176279
1355,145,1500,0.10505587870420811
1347,146,1493,0.10507796483975775
1355,147,1502,0.1051154418924177
1347,151,1498,0.10513137317270232
1346,147,1493,0.10516364456172612
1335,152,1487,0.10519514782348625
1344,151,1495,0.10525074294645981
1348,153,1501,0.10528171803763875
1338,151,1489,0.10529796707413436
1332,148,1480,0.10533549988557585
1345,150,1495,0.10538467584878138
1338,151,1489,0.10539976227357954
1351,152,1503,0.10543001407310737
1343,156,1499,0.10543062365811387
1337,152,1489,0.10545025173367567
1353,151,1504,0.10548150090594205
1354,149,1503,0.10547541465488243
1364,147,1511,0.1054669999305292
1355,147,1502,0.10543496477145681
1349,150,1499,0.10542654474231881
1350,151,1501,0.10543411398455675
1343,149,1492,0.10543986812510894
1329,149,1478,0.10546331112997923
1336,148,1484,0.10551685094764238
1334,154,1488,0.10555061474829099
1334,156,1490,0.10558754118800585
1345,154,1499,0.10562033122194979
1355,155,1510,0.10562487244261674
1347,154,1501,0.10560690913559281
1355,157,1512,0.10560964918647152
1350,160,1510,0.1055962525190348
1332,165,1497,0.10559517189252748
1320,167,1487,0.10563587360005051
1331,169,1500,0.10570140457471969
1321,165,1486,0.10573690940561498
1324,162,1486,0.10579164678511976
1334,164,1498,0.1058352233520144
1330,164,1494,0.1058561054752819
1344,164,1508,0.10588483027856115
1337,164,1501,0.10587826069999873
1327,166,1493,0.10588663351159106
1329,167,1496,0.10591788758845028
1323,169,1492,0.10594199067941258
1330,171,1501,0.1059770193712712
1335,168,1503,0.10599288293356018
1315,171,1486,0.10599815101351162
1313,172,1485,0.1060467793916995
1325,175,1500,0.1060978937144824
1320,172,1492,0.10611950941810455
1328,170,1498,0.10615090544699939
1329,169,1498,0.10616050616853795
1331,170,1501,0.10616443217255415
1333,163,1496,0.10616302052173335
1342,167,1509,0.10615622869177815
1329,167,1496,0.1061319289401093
1334,166,1500,0.10613845251723926
1339,165,1504,0.10613447187238993
1328,171,1499,0.10611849617242472
1329,169,1498,0.10612555963826685
1325,171,1496,0.10612949135032884
1328,167,1495,0.10614307995624837
1335,170,1505,0.10614866343735553
1341,173,1514,0.10613912794673083
1339,173,1512,0.10611680970584034
1343,178,1521,0.10610192398523541
1337,173,1510,0.1060783865731656
1333,167,1500,0.10607240927513431
1332,170,1502,0.10607555272752672
1332,172,1504,0.1060802150854721
1322,174,1496,0.10608292235501449
1309,176,1485,0.1061119901993446
1307,183,1490,0.10616784310674499
1299,179,1478,0.10622348022903502
1302,179,1481,0.10629342157436879
1307,180,1487,0.10635171064748096
1283,180,1463,0.10639544543330695
1292,185,1477,0.10648936148802327
1294,188,1482,0.10655539335831662
1294,190,1484,0.10660915029320626
1286,193,1479,0.1066595714443766
1300,190,1490,0.10672518818322561
1305,187,1492,0.10675279117234052
1316,189,1505,0.1067693702478849
1313,185,1498,0.10675637064319844
1300,190,1490,0.1067531153805315
1303,191,1494,0.10678023445898009
1297,185,1482,0.10679836755527577
1291,186,1477,0.10682914381515184
1304,188,1492,0.10687202723182779
1318,193,1511,0.10688255951064363
1321,193,1514,0.10686107805795508
1304,192,1496,0.10683502218953077
1320,191,1511,0.10685126254040801
1320,194,1514,0.10682893450854189
1330,195,1525,0.10680788116387863
1315,195,1510,0.10676335254152595
1305,196,1501,0.10675689987825067
1310,197,1507,0.10677420512001284
1316,194,1510,0.10678000720934623
1309,186,1495,0.10677031879780068
1314,189,1503,0.1067756469704571
1293,192,1485,0.1067700580848415
1293,196,1489,0.10681330291941503
1292,192,1484,0.10685093896710374
1300,189,1489,0.10688896439902823
1302,195,1497,0.10690632759361784
1302,194,1496,0.10691674565934361
1293,199,1492,0.10692770154656973
1299,194,1493,0.10695854804388528
1294,193,1487,0.10697386469555575
1293,193,1486,0.10700224943838833
1294,195,1489,0.1070309575968097
1302,197,1499,0.10705289022274339
1308,203,1511,0.10705742703792621
1309,195,1504,0.10704544539014077
1305,195,1500,0.1070305309507751
1307,196,1503,0.10702452663695951
1301,196,1497,0.1070163175542607
1305,198,1503,0.10702575522597602
1312,204,1516,0.1070279174074988
1307,202,1509,0.10701454590203312
1294,201,1495,0.10701545706653329
1307,206,1513,0.10704724806176852
1307,206,1513,0.10704579497431321
1310,208,1518,0.10704690543615322
1305,204,1509,0.10704105422235025
1309,202,1511,0.10704541769457751
1316,206,1522,0.1070399891126133
1315,205,1520,0.10702173195673756
1309,203,1512,0.10700530243304886
1311,203,1514,0.10700499709965908
1308,202,1510,0.10700147161006879
1305,202,1507,0.10700299374317947
1300,209,1509,0.1070112265733317
1296,208,1504,0.10703034651234684
1298,208,1506,0.10705589504028037
1296,210,1506,0.10707878709616651
1294,221,1515,0.10710677877990171
1281,226,1507,0.10713720078859781
1275,229,1504,0.10719775726531594
1273,234,1507,0.10726786737182263
1274,233,1507,0.10733672997349998
1264,234,1498,0.1074002898883833
1258,230,1488,0.10748357799525005
1253,231,1484,0.10757230316563028
1267,233,1500,0.10766538267508541
1254,231,1485,0.10771761798304545
1254,232,1486,0.10779748745513132
1264,232,1496,0.10787085796117184
1263,234,1497,0.10791814244878321
1268,229,1497,0.10796115610879176
1267,230,1497,0.10799118669307062
1278,229,1507,0.10801778779778688
1279,230,1509,0.10801676943452264
1278,234,1512,0.1080115280745918
1277,236,1513,0.10800995887707236
1267,229,1496,0.10801335463158625
1263,228,1491,0.10803924130457972
1258,232,1490,0.10807173136235662
1258,240,1498,0.10811341077815595
1265,243,1508,0.10815145112777107
1261,248,1509,0.10817017146148263
1257,247,1504,0.10819649598024199
1254,248,1502,0.108229049318895
1250,248,1498,0.10826811238075466
1253,244,1497,0.10831666497346752
1244,251,1495,0.10835473096766295
1246,251,1497,0.10840884085876182
1229,253,1482,0.10845384064797296
1247,243,1490,0.10853554141010761
1248,237,1485,0.10857093117132013
1242,232,1474,0.10860100829068584
1247,234,1481,0.10864104482925789
1246,243,1489,0.10866369213792527
1240,253,1493,0.10868676147836283
1248,250,1498,0.10872177754533306
1238,245,1483,0.10873535846182955
1239,248,1487,0.10876997630283267
1247,244,1491,0.10879927719472167
1258,247,1505,0.10880851415342359
1252,241,1493,0.10879569381377763
1250,244,1494,0.10879436184265234
1252,244,1496,0.1087994648730108
1242,243,1485,0.10879858891019803
1240,238,1478,0.10882239827479522
1241,243,1484,0.10884528060796696
1238,251,1489,0.1088644413598865
1237,253,1490,0.10888903519827905
1221,256,1477,0.1089169487128241
1221,260,1481,0.10898209728661308
1221,253,1474,0.1090422931429789
1219,255,1474,0.109097956885616
1229,260,1489,0.1091529000226074
1223,261,1484,0.10918315450377555
1220,265,1485,0.10922199866361514
1204,268,1472,0.10926557641529218
1219,269,1488,0.10934144715398386
1221,266,1487,0.10937864151129424
1230,268,1498,0.10940883465017504
1228,269,1497,0.10941631784811022
1235,272,1507,0.10942705994028494
1226,274,1500,0.10942309580212434
1227,277,1504,0.10943994023647581
1228,278,1506,0.10945080699000684
1230,280,1510,0.10946023624169915
1238,273,1511,0.10946802435867665
1224,274,1498,0.10945612345169019
1208,271,1479,0.1094787888400598
1209,276,1485,0.10953490740084156
1205,274,1479,0.1095857721568704
1209,268,1477,0.10964506262625948
1223,270,1493,0.10968598963518755
1226,270,1496,0.10969074345235458
1224,268,1492,0.1096889923756148
1231,265,1496,0.10968938332842808
1230,265,1495,0.10967639839306326
1230,269,1499,0.1096636054253511
1234,261,1495,0.1096545717328146
1221,252,1473,0.10963417190203412
1228,251,1479,0.10964509326612529
1224,252,1476,0.109636807518029
1221,252,1473,0.10963961278654148
1224,249,1473,0.10964788895026277
1227,252,1479,0.1096473783939064
1223,250,1473,0.10963669208127022
1222,254,1476,0.10963454852678957
1220,259,1479,0.10963827676902571
1232,258,1490,0.10964825309273862
1224,263,1487,0.10962970921629277
1221,258,1479,0.10963077589408528
1222,257,1479,0.10963583505865021
1211,260,1471,0.10963718843342075
1217,262,1479,0.10966621336004302
1230,260,1490,0.10968202983073758
1239,265,1504,0.1096682362090381
1224,265,1489,0.1096332178306632
1225,273,1498,0.1096375953939319
1221,275,1496,0.10964073962601503
1228,275,1503,0.10965437112527791
1209,277,1486,0.10965277351424368
1218,278,1496,0.10969596031807229
1215,278,1493,0.1097151661852164
1223,281,1504,0.10974050693891925
1210,289,1499,0.10974403590785918
1215,288,1503,0.10977938970300012
1217,293,1510,0.10979966952809626
1208,289,1497,0.10981563656909765
1206,292,1498,0.10985200248934612
1211,292,1503,0.10988938113461445
1205,291,1496,0.10991505173300518
1212,289,1501,0.10995226950988997
1218,292,1510,0.10997098890588944
1219,289,1508,0.10997221352129015
1215,288,1503,0.10997049386457687
1220,290,1510,0.10997634591434607
1209,288,1497,0.1099713357700195
1214,287,1501,0.10999215163904932
1208,281,1489,0.1100005605773205
1207,285,1492,0.11002391195560182
1208,279,1487,0.11004805711589215
1200,282,1482,0.1100699985827464
1207,288,1495,0.11010590999577928
1202,285,1487,0.11012567024030094
1206,280,1486,0.11015227023617834
1207,278,1485,0.1101695645119452
1212,281,1493,0.11018241283537496
1217,284,1501,0.11018187814301512
1228,285,1513,0.11017008394258947
1219,289,1508,0.11013088964253984
1209,286,1495,0.11011546442573303
1209,294,1503,0.1101263343558666
1202,297,1499,0.11014132987359478
1203,297,1500,0.11017222237739492
1200,298,1498,0.11019961328218959
1207,298,1505,0.11023316729716172
1206,296,1502,0.11024766398352068
1193,300,1493,0.11026258727656271
1192,301,1493,0.11030835589484937
1199,300,1499,0.11035325010920313
1195,301,1496,0.11037611071365847
1189,308,1497,0.11040479156297604
1189,307,1496,0.1104473512997642
1187,301,1488,0.1104888593687889
1186,306,1492,0.11053261174966945
1188,309,1497,0.11057470503309025
1178,307,1485,0.11060814865314718
1188,313,1501,0.11066616099488324
1189,315,1504,0.11069595264438431
1199,317,1516,0.11072215103879487
1183,319,1502,0.11072371497641413
1172,323,1495,0.11076128737760832
1166,322,1488,0.11081894964547744
1161,323,1484,0.11088864869810756
1154,327,1481,0.11096330146218523
1158,324,1482,0.11104725116736437
1172,334,1506,0.11111746236356847
1165,339,1504,0.11115050484082173
1163,339,1502,0.1111978332467706
1159,339,1498,0.11124668973434229
1157,337,1494,0.11130200197066557
1158,338,1496,0.1113576797663555
1164,330,1494,0.11140626817872708
1160,338,1498,0.11143981073529083
1163,335,1498,0.11148229522557498
1162,335,1497,0.11151406816659094
1164,339,1503,0.11154921823617786
1173,336,1509,0.11157871636365214
1167,336,1503,0.11158319787108692
1163,330,1493,0.11160344669204189
1159,323,1482,0.11162866307430011
1164,321,1485,0.11165854228197318
1158,316,1474,0.11167613819938013
1156,319,1475,0.11170620303827121
1160,324,1484,0.11173580819882892
1163,326,1489,0.11175450955196016
1163,326,1489,0.11176761296507182
1167,336,1503,0.11177874855827977
1174,336,1510,0.11178117989490487
1163,338,1501,0.11176948876520704
1170,335,1505,0.11178195482060918
1162,334,1496,0.11177794347601985
1158,340,1498,0.111794403157042
1147,337,1484,0.11181591096796722
1155,342,1497,0.11186259946025717
1155,342,1497,0.1118909534618732
1165,341,1506,0.11191743405136584
1157,341,1498,0.11192208591856533
1161,334,1495,0.11194035769129693
1160,338,1498,0.11195135418407616
1154,334,1488,0.11196059878302851
1151,332,1483,0.11198188822486468
1156,332,1488,0.11200966925447295
1153,339,1492,0.11202165945635889
1160,340,1500,0.11204084474317665
1160,341,1501,0.1120425822971477
1163,345,1508,0.11204225067868435
1164,348,1512,0.11203410261828058
1162,348,1510,0.11202641656291419
1156,344,1500,0.11202335477524158
1160,337,1497,0.11203532091595832
1165,340,1505,0.11203674838591197
1159,337,1496,0.11202866275942272
1157,340,1497,0.11203390970361415
1157,341,1498,0.11204061839744074
1156,348,1504,0.11204753682911239
1145,355,1500,0.11205709180180111
1141,361,1502,0.1120914693697588
1149,364,1513,0.11213356266619985
1154,357,1511,0.1121549306732446
1152,361,1513,0.1121643353996157
1139,349,1488,0.11217824755866446
1137,345,1482,0.11222115687716337
1145,341,1486,0.11226213631959123
1126,342,1468,0.11228428798332998
1134,340,1474,0.11235044775453117
1141,341,1482,0.11238972891678703
1145,343,1488,0.1124081009454993
1143,347,1490,0.11241534930351066
1143,347,1490,0.11242915785039248
1137,353,1490,0.11244010948105515
1127,348,1475,0.11246635588394949
1140,347,1487,0.11251415706635454
1143,353,1496,0.11252514042849615
1146,345,1491,0.11253086410944904
1140,350,1490,0.11252772979019827
1132,354,1486,0.11254027970530046
1137,365,1502,0.11257122945038364
1129,365,1494,0.11258795134643272
1130,367,1497,0.11262395181993085
1124,368,1492,0.11265646671446207
1131,373,1504,0.11269978100906985
1133,374,1507,0.11272232627215698
1134,368,1502,0.11273933192742369
1142,366,1508,0.11275164968920434
1148,364,1512,0.11274828080244546
1133,363,1496,0.11273002602915326
1132,375,1507,0.11274839603896815
1136,379,1515,0.11276751196496901
1132,378,1510,0.11277986020017085
1124,380,1504,0.11280122539800562
1117,375,1492,0.11283807665674615
1120,385,1505,0.1128906060643283
1117,387,1504,0.11293369536916942
1120,391,1511,0.112982120324112
1113,396,1509,0.11301840966185112
1109,394,1503,0.11306884920169083
1092,396,1488,0.11312338052004475
1099,396,1495,0.11321578432408472
1109,393,1502,0.1132858667557954
1107,393,1500,0.11332917747212758
1114,384,1498,0.11337406492291023
1113,385,1498,0.11340031384532331
1109,394,1503,0.11342769090421384
1106,396,1502,0.11346178061877879
1105,392,1497,0.11349838261248796
1108,390,1498,0.11353753597801415
1094,390,1484,0.11356251276752072
1101,392,1493,0.11361927081261737
1104,391,1495,0.11365628410253606
1104,383,1487,0.11368387337182222
1095,393,1488,0.11371168016456494
1102,392,1494,0.11375968651310575
1112,390,1502,0.11378355414041924
1122,400,1522,0.11378343979461647
1125,393,1518,0.11375921799770762
1115,393,1508,0.11373049265703404
1104,388,1492,0.11372830508429634
1108,388,1496,0.11374917920730272
1097,392,1489,0.11375853910852995
1096,394,1490,0.1137950912281356
1088,386,1474,0.11382930438614089
1097,389,1486,0.11387996584141363
1103,392,1495,0.11390489689821628
1098,397,1495,0.1139143928128245
1087,399,1486,0.11393629946654822
1089,401,1490,0.11398124337594213
1076,406,1482,0.11401854262801525
1080,411,1491,0.11408406860805691
1073,416,1489,0.11413276806521583
1076,421,1497,0.11419514262123592
1064,419,1483,0.11424793947802318
1064,422,1486,0.11432432698569815
1073,424,1497,0.11439577726018996
1075,428,1503,0.1144426942814312
1072,431,1503,0.11448265716010933
1081,435,1516,0.11452851234383239
1063,437,1500,0.11455297328609661
1063,442,1505,0.1146188812339022
1069,450,1519,0.11467973042196317
1058,448,1506,0.114725279327569
1060,446,1506,0.11479123832259759
1051,445,1496,0.11484911955128645
1041,443,1484,0.1149277431955122
1042,451,1493,0.1150203580575721
1039,450,1489,0.1151042389155867
1040,448,1488,0.11519133564491554
1039,441,1480,0.11526769103559084
1046,451,1497,0.11534187276243892
1055,456,1511,0.1153932931040146
1050,460,1510,0.11542028136617084
1051,448,1499,0.11545963656398123
1053,452,1505,0.11549325874041902
1058,455,1513,0.1155211628198597
1054,455,1509,0.11553475732432743
1055,452,1507,0.11555153952499879
1061,459,1520,0.11556744156083813
1043,464,1507,0.11557176077126437
1033,467,1500,0.11561683338061657
1030,462,1492,0.11568209824758384
1007,460,1467,0.11574930657721687
1027,463,1490,0.11586231362339622
1028,457,1485,0.1159207976085782
1029,461,1490,0.11597511603320157
1029,462,1491,0.11602775397348535
1044,466,1510,0.11607625372268501
1031,470,1501,0.11608637921088125
1018,469,1487,0.11612714537258953
1023,475,1498,0.11619612419571893
1026,480,1506,0.11624801415307667
1030,474,1504,0.11628753768184673
1029,474,1503,0.11631181980863295
1031,480,1511,0.1163349737538801
1020,479,1499,0.11635092344739664
1020,481,1501,0.11639238305122362
1024,485,1509,0.11643299403878543
1031,484,1515,0.11646019126219923
1028,479,1507,0.11647122051819697
1035,486,1521,0.11648659324165582
1042,485,1527,0.11648870578598318
1027,480,1507,0.11647588026289822
1028,479,1507,0.11649839355524991
1025,483,1508,0.11651684898188357
1020,486,1506,0.11654313816796107
1019,491,1510,0.11658274370742577
1017,494,1511,0.11662252753027554
1017,488,1505,0.11666480901589395
1016,495,1511,0.11670537262232013
997,495,1492,0.11674394264528999
1003,497,1500,0.11682253730101974
994,498,1492,0.11687966733839936
994,506,1500,0.11695256507760923
1007,506,1513,0.11702211096618552
994,500,1494,0.1170576655555648
993,502,1495,0.11712399446383126
991,507,1498,0.11718704623022273
980,515,1495,0.11725080565614572
983,511,1494,0.11733755026493885
984,517,1501,0.11741298652313613
984,513,1497,0.1174796462754724
984,509,1493,0.11753832029428952
992,507,1499,0.11759180559100844
985,509,1494,0.11762552542475682
994,517,1511,0.11767211526867605
1001,524,1525,0.11769282277633822
993,517,1510,0.11769949106907265
981,515,1496,0.11772315009799747
977,516,1493,0.11777192396932927
983,510,1493,0.11782621491536795
980,519,1499,0.11786627458001074
974,517,1491,0.11790918884309377
979,521,1500,0.11795890203693361
976,522,1498,0.1179969669593186
982,523,1505,0.11803965090927537
989,521,1510,0.11806463670372824
984,511,1495,0.118073003896566
975,507,1482,0.11808966200470604
975,504,1479,0.11812484204803457
986,507,1493,0.11815715980089436
993,502,1495,0.11816276515598631
989,501,1490,0.11814957298770232
987,504,1491,0.11814768899915482
987,505,1492,0.11815147392138059
994,511,1505,0.11815417341246812
997,509,1506,0.11813671494706902
1006,510,1516,0.11811388958797268
1003,510,1513,0.11807400855308113
997,514,1511,0.11804465552926452
980,514,1494,0.11803210632688721
982,516,1498,0.11806123275847968
977,518,1495,0.11808730613828448
969,524,1493,0.11812035369666647
959,520,1479,0.11816972518508251
967,526,1493,0.11823934280541853
969,521,1490,0.11828577198866216
973,526,1499,0.1183213820765447
985,525,1510,0.11834337376146356
983,531,1514,0.11833265369166082
968,525,1493,0.11832631131354619
982,531,1513,0.118356005454925
979,535,1514,0.11835485401231534
981,535,1516,0.1183616072103235
976,525,1501,0.11836154916912824
958,541,1499,0.11837042449304609
955,534,1489,0.11842306005522836
958,544,1502,0.11848054069150091
959,543,1502,0.11852966766880144
957,547,1504,0.11857465895881679
961,548,1509,0.11861935528455333
961,548,1509,0.11865202408853205
952,545,1497,0.11868190817339778
953,553,1506,0.1187303156512337
942,560,1502,0.11877753213953124
950,557,1507,0.11884876798267306
956,559,1515,0.11889583893004925
945,566,1511,0.11892447279957874
949,563,1512,0.11897627053771792
951,559,1510,0.11901693733043693
928,561,1489,0.11904663720281924
925,561,1486,0.11913031825449608
935,553,1488,0.11921689630543256
940,551,1491,0.1192757627342377
921,554,1475,0.11932060171782859
919,571,1490,0.11940467763050051
920,577,1497,0.11948716529840567
924,574,1498,0.11956286436243597
927,579,1506,0.11962505324741207
933,584,1517,0.1196740073474475
926,578,1504,0.11970886641935945
921,579,1500,0.119760358974799
919,582,1501,0.1198214507600469
922,583,1505,0.11988162286044356
926,580,1506,0.1199275343357487
923,579,1502,0.11995811634350546
924,586,1510,0.11999211465286659
916,588,1504,0.12002351057862799
920,581,1501,0.12007179508869614
925,585,1510,0.12010817747023317
916,584,1500,0.12012552790819452
906,588,1494,0.12016465808739651
911,579,1490,0.12022646193033432
902,580,1482,0.12027214688398587
905,584,1489,0.12033626602087769
921,586,1507,0.12039140303455767
926,583,1509,0.12040013137420756
914,585,1499,0.12039941938773442
910,581,1491,0.12042776230047504
905,584,1489,0.12046538363618266
917,585,1502,0.12050661718238458
918,592,1510,0.12051894926373505
919,588,1507,0.12052873427633948
918,588,1506,0.1205367257886551
911,597,1508,0.12054818168798206
903,599,1502,0.1205749148021145
905,593,1498,0.12061566775199008
899,588,1487,0.12064829364884087
899,591,1490,0.12069045107879951
900,591,1491,0.1207283874768325
897,598,1495,0.1207633566766652
906,601,1507,0.12080510107848166
904,608,1512,0.12082354568949877
904,605,1509,0.12084323861920904
902,599,1501,0.12086372044989754
895,602,1497,0.1208882446504313
890,605,1495,0.12092553416474074
893,607,1500,0.1209749167888345
896,607,1503,0.12101650032844141
894,609,1503,0.12104773582912615
890,606,1496,0.12108368692806462
882,618,1500,0.12112493750961723
873,615,1488,0.12118208534665366
870,606,1476,0.12125866663479372
876,616,1492,0.12133637730453277
886,631,1517,0.12139442058930046
894,623,1517,0.12142635425759567
874,626,1500,0.12143351281740754
871,623,1494,0.12148612647168261
868,632,1500,0.12154202167415022
861,637,1498,0.12160013667662956
863,638,1501,0.1216720167615323
860,629,1489,0.12173557502024358
849,626,1475,0.12180414033646013
858,624,1482,0.1218948182185018
866,620,1486,0.12195728264473452
867,638,1505,0.12199670981451391
866,627,1493,0.12203041871576105
876,618,1494,0.12206698836520934
872,631,1503,0.12207541408559898
869,628,1497,0.12209137083089043
864,626,1490,0.12211080741251176
857,640,1497,0.12214089193922134
841,649,1490,0.12218237797502987
838,650,1488,0.12226058417157519
848,651,1499,0.12234216517867935
848,652,1500,0.12239350399064654
857,651,1508,0.12244256885526468
849,654,1503,0.1224703774654696
849,648,1497,0.12251283565231294
854,641,1495,0.12255358816971781
857,645,1502,0.12258054290389314
863,649,1512,0.12259820016522884
854,654,1508,0.12260220632291538
852,658,1510,0.1226280542013356
860,654,1514,0.12265724878866426
856,667,1523,0.12266381462118602
848,675,1523,0.12267998338207611
858,667,1525,0.12271659984475392
846,668,1514,0.1227306267969214
846,659,1505,0.12277123496208303
843,653,1496,0.1228083863025308
847,654,1501,0.12285191655336669
846,654,1500,0.12288195762598718
844,658,1502,0.12291310417085334
838,657,1495,0.12294612236682866
841,656,1497,0.12299255702354714
846,656,1502,0.123030144984853
850,661,1511,0.12305408248704712
845,665,1510,0.12306588534995776
841,657,1498,0.12309158784887787
840,662,1502,0.12312340531017782
840,669,1509,0.12315196987633743
854,665,1519,0.12318092904135883
847,673,1520,0.12317542051361578
842,675,1517,0.12318817457216548
840,678,1518,0.12320976371239446
839,681,1520,0.12323821336922308
836,674,1510,0.1232685418908595
829,670,1499,0.12330334925002173
826,662,1488,0.12335041703563149
835,667,1502,0.12340323061206294
827,671,1498,0.12343081283613902
842,669,1511,0.12347473914913902
826,672,1498,0.12348132527493177
826,680,1506,0.12352656956677262
831,669,1500,0.12356461875232651
822,666,1488,0.12358866212265887
826,675,1501,0.12363029042202378
830,678,1508,0.12366123086566645
840,679,1519,0.1236785250440326
835,671,1506,0.12367181905515
837,672,1509,0.12367443616741984
834,680,1514,0.12367136865586112
813,677,1490,0.12367511717922511
831,677,1508,0.123727960493089
814,677,1491,0.12373233494560427
812,672,1484,0.12377607615958236
825,667,1492,0.1238201915729627
818,677,1495,0.1238308384114531
822,680,1502,0.12385804232009065
810,679,1489,0.12387649691999374
810,675,1485,0.12392511411663296
814,681,1495,0.12397143759486695
820,684,1504,0.12400638995212937
824,696,1520,0.12402561304667369
820,699,1519,0.12403537837682718
820,703,1523,0.12405076836863987
817,689,1506,0.12406072517914549
819,691,1510,0.12407858008519453
818,686,1504,0.12408810896671613
824,685,1509,0.12410151914109115
823,685,1508,0.12409965949059157
823,687,1510,0.12409729485078515
812,696,1508,0.12409947266706772
810,703,1513,0.12412642603968609
801,703,1504,0.12415606475584078
805,711,1516,0.12420526596464301
798,711,1509,0.1242431943028684
798,714,1512,0.12429713028226845
782,711,1493,0.12434339101209192
793,717,1510,0.1244242732466973
800,714,1514,0.12447065509605312
798,717,1515,0.12449692970918697
795,704,1499,0.12452747129558402
795,716,1511,0.12456291603366516
783,711,1494,0.1245992328974147
788,713,1501,0.12465950011251545
779,717,1496,0.12470595705597969
782,719,1501,0.12477022394783878
776,730,1506,0.12482362427255182
778,732,1510,0.12488725826925634
778,735,1513,0.12494490598605902
780,726,1506,0.12499281712474182
780,725,1505,0.12503475365429348
785,728,1513,0.12507270243777963
785,718,1503,0.12509858807198881
771,718,1489,0.12512374178102922
770,722,1492,0.12517836339945376
776,721,1497,0.1252319965376465
778,714,1492,0.12526484680636887
778,715,1493,0.12529124878919592
773,717,1490,0.12531557238147775
772,721,1493,0.12535271152618466
776,722,1498,0.12539016075048737
772,721,1493,0.1254154463847149
777,727,1504,0.1254514334720443
775,728,1503,0.12547363930536395
766,735,1501,0.12549728490849496
762,727,1489,0.1255396597682361
757,738,1495,0.1255875538948101
751,747,1498,0.1256456678412388
756,745,1501,0.1257155471853143
757,752,1509,0.12577021452358944
757,752,1509,0.1258185073035893
746,749,1495,0.12586231609126464
752,745,1497,0.12592979206397373
750,742,1492,0.12597794661015296
763,741,1504,0.12602650771731283
764,737,1501,0.12603872956398027
760,741,1501,0.12604804981491222
751,740,1491,0.1260665998702401
746,740,1486,0.12610436805625497
747,747,1494,0.12614862473111604
746,750,1496,0.12618554773559626
748,754,1502,0.12622584497023892
740,766,1506,0.12625783885185035
727,758,1485,0.12630642843171339
732,748,1480,0.12638170900853532
732,761,1493,0.12643969766123994
735,762,1497,0.12649703773676615
736,767,1503,0.1265430266489061
730,772,1502,0.12658413314979772
726,775,1501,0.12663343683851508
736,772,1508,0.12668883419618318
729,774,1503,0.12671478122059868
729,778,1507,0.1267548048228874
722,777,1499,0.12679112136027545
722,775,1497,0.12684653730885598
723,781,1504,0.1269004512256372
719,778,1497,0.12694895268983117
717,784,1501,0.12700232160633187
712,796,1508,0.1270568013939873
715,805,1520,0.12712150610386974
708,815,1523,0.12717657801194845
711,817,1528,0.12724470240202415
703,814,1517,0.12729792541785795
706,813,1519,0.12736954388081592
703,812,1515,0.12743009041480546
707,805,1512,0.1274912970604778
693,805,1498,0.12753837910692453
683,803,1486,0.12761792145759232
691,806,1497,0.12771038124223055
695,808,1503,0.12777660988618758
692,810,1502,0.12783173150443936
700,813,1513,0.12789198566555476
702,810,1512,0.12792876426846153
698,807,1505,0.12795530752318413
699,809,1508,0.12798896130390322
694,813,1507,0.12801397057763267
689,810,1499,0.128051615130932
690,808,1498,0.12810206337146618
691,808,1499,0.12814726083566133
695,817,1512,0.12818819773638748
684,809,1493,0.12821203928308297
691,819,1510,0.1282644114575117
689,826,1515,0.12829609799793837
687,817,1504,0.12832876661846773
689,812,1501,0.1283599448230843
681,832,1513,0.12838620164171227
666,838,1504,0.12843036407834754
669,837,1506,0.1285077168081665
669,838,1507,0.12857458244593079
677,829,1506,0.12863919431164328
681,834,1515,0.12868118714366902
666,835,1501,0.12871057022510915
671,842,1513,0.12877509598717068
657,843,1500,0.12882317926107986
656,842,1498,0.12890257848646913
666,842,1508,0.1289809240546672
672,841,1513,0.12902434091285528
668,835,1503,0.1290510915232891
658,841,1499,0.12908664941472492
653,843,1496,0.12914178181334024
660,845,1505,0.12920596830822578
663,835,1498,0.12924582281908514
662,846,1508,0.12927636783262567
660,844,1504,0.12930901718375748
655,844,1499,0.12934523830519956
653,840,1493,0.12939221696275588
655,855,1510,0.1294438129795654
650,855,1505,0.1294831638375599
652,858,1510,0.12953429966739946
653,867,1520,0.1295755481552807
651,868,1519,0.12961219416684075
653,871,1524,0.129653390562783
655,864,1519,0.1296872052485273
646,868,1514,0.1297132522811071
638,865,1503,0.12975691447712215
640,867,1507,0.12981712513186694
641,870,1511,0.129869501303048
636,865,1501,0.12991641372529336
628,873,1501,0.12997126469732842
627,871,1498,0.1300409990219343
619,869,1488,0.1301079242948381
612,880,1492,0.13019195658651517
614,887,1501,0.13028484517242464
609,887,1496,0.13036943290603542
608,883,1491,0.13045983171058673
615,884,1499,0.1305463299210522
612,889,1501,0.13061106199525233
606,882,1488,0.13067916185238398
610,881,1491,0.13075794484402486
597,901,1498,0.13082245204292428
593,905,1498,0.13091294361274977
592,898,1490,0.13100864520098632
588,902,1490,0.13109949575988206
586,909,1495,0.13118863365448416
583,909,1492,0.13127537908560966
593,913,1506,0.13136447252011504
583,920,1503,0.13142403713867476
581,933,1514,0.13150198823348241
581,936,1517,0.13157959004067993
572,936,1508,0.13165437056965845
572,938,1510,0.13174699206429813
579,932,1511,0.13183223776404807
566,917,1483,0.1318979845722204
565,906,1471,0.1319909754654466
564,916,1480,0.1320792314257255
562,925,1487,0.1321623186964632
561,938,1499,0.13224428647606376
562,937,1499,0.13232097865633483
553,941,1494,0.13239105518822733
555,934,1489,0.13248013351489032
562,937,1499,0.1325588936189397
559,937,1496,0.1326147687401869
564,936,1500,0.13267399704402136
557,938,1495,0.1327168812187243
559,945,1504,0.13277394287786265
558,955,1513,0.13282291384249773
558,957,1515,0.13287304838374786
563,946,1509,0.1329186384277078
559,946,1505,0.13295208464560515
563,952,1515,0.13299065314767974
564,950,1514,0.13301758912211242
567,953,1520,0.13303812940558368
561,955,1516,0.13304613010810595
553,952,1505,0.13307211190732354
557,953,1510,0.13311701136333248
556,949,1505,0.1331461658616956
555,959,1514,0.1331780003631807
552,954,1506,0.13321050674192303
544,961,1505,0.13324826876304496
534,957,1491,0.13330343605374784
532,963,1495,0.13337665241565355
532,959,1491,0.13345219862311825
532,968,1500,0.1335244794500384
541,969,1510,0.1335932104458463
536,968,1504,0.13363137193341415
531,968,1499,0.13368157719215598
535,971,1506,0.13373998454642483
541,963,1504,0.13378359879085674
542,972,1514,0.1338038225384465
535,978,1513,0.1338214617214818
527,980,1507,0.1338551419260553
524,976,1500,0.13390536344636206
519,982,1501,0.13395970694809586
517,986,1503,0.134025820758757
519,989,1508,0.13409342582333647
517,996,1513,0.13415401657719003
508,1004,1512,0.13421611230663166
513,999,1512,0.13429545960019137
514,999,1513,0.13436107159526015
515,995,1510,0.13441762018353529
508,991,1499,0.13446489607357545
509,1003,1512,0.1345254456649654
509,992,1501,0.13458204315080208
509,996,1505,0.13463601171381132
506,996,1502,0.1346854718945765
494,998,1492,0.13473992813794541
494,985,1479,0.1348156273151594
489,1007,1496,0.13488768494469736
487,1009,1496,0.1349663660519094
493,1008,1501,0.13504480483442863
497,1015,1512,0.13510397859040035
487,1015,1502,0.1351490124541424
487,1012,1499,0.13521685825485194
498,1016,1514,0.13527936296837867
489,1003,1492,0.1353110724816906
492,1004,1496,0.13536286116095247
486,1005,1491,0.13539876262573144
486,1003,1489,0.13544806103821722
488,1021,1509,0.13549501749860896
489,1033,1522,0.13553527866352988
484,1034,1518,0.13557055014216268
488,1031,1519,0.1356167826162803
483,1030,1513,0.1356514497231772
482,1024,1506,0.13569397848103024
485,1017,1502,0.1357319121636326
491,1006,1497,0.13575971851015353
487,1015,1502,0.13577198046221256
491,1023,1514,0.1357942049906093
498,1021,1519,0.13580678838770616
492,1030,1522,0.13580186217858697
482,1035,1517,0.1358105587062411
471,1040,1511,0.13584303789814067
465,1038,1503,0.13590239379871707
464,1030,1494,0.13597253047473198
464,1028,1492,0.1360411688836467
463,1027,1490,0.13610300363768155
472,1036,1508,0.13616080183095153
469,1040,1509,0.13619516768865625
470,1047,1517,0.13623611080522802
464,1045,1509,0.13627204034292884
469,1039,1508,0.13632132779313053
463,1047,1510,0.13635594786290958
458,1043,1501,0.13640096854346143
449,1051,1500,0.13645628282698025
441,1061,1502,0.13652793480738107
447,1056,1503,0.13661542313119182
445,1060,1505,0.1366833643174455
434,1083,1517,0.13675181634428504
438,1071,1509,0.136840392265743
445,1069,1514,0.13691406704423378
443,1071,1514,0.13696610440655194
434,1065,1499,0.1370186643770919
428,1067,1495,0.13708982968305095
429,1073,1502,0.13717167984099427
428,1079,1507,0.13724676028142374
423,1091,1514,0.13732016317763715
420,1091,1511,0.13739926608710895
417,1086,1503,0.13747604964772975
410,1094,1504,0.137556452428736
422,1097,1519,0.13764879751804793
424,1093,1517,0.1377069574794404
420,1099,1519,0.13775696484359046
416,1100,1516,0.13781411920776196
416,1105,1521,0.13787896306059358
410,1104,1514,0.1379400652257029
403,1111,1514,0.13801283346265275
407,1107,1514,0.13809730286564748
402,1105,1507,0.13816961756094093
399,1108,1507,0.13824731306859916
400,1103,1503,0.13832704510203817
395,1107,1502,0.13839718748196667
397,1106,1503,0.13847453851513214
402,1116,1518,0.13854160264200124
403,1113,1516,0.13859222603309182
401,1114,1515,0.13863893056021637
395,1118,1513,0.13868918079566028
392,1125,1517,0.1387500020489113
388,1128,1516,0.13881314342272766
384,1140,1524,0.1388826435426985
376,1146,1522,0.13895615742195958
375,1148,1523,0.13904385260103475
373,1138,1511,0.1391283649156426
376,1134,1510,0.13921183816659677
378,1148,1526,0.13928444710470636
370,1131,1501,0.13934576797340964
374,1143,1517,0.13942409925493673
373,1149,1522,0.13948744011022066
375,1146,1521,0.13954982360978557
372,1139,1511,0.1396037892289139
371,1144,1515,0.1396596501708453
366,1137,1503,0.13971265195616142
366,1139,1505,0.13977327644543
367,1147,1514,0.13982648280905383
366,1148,1514,0.13987270508659255
359,1162,1521,0.13991981567936182
358,1164,1522,0.1399819578200378
360,1160,1520,0.14004232479075993
358,1157,1515,0.1400954114541138
361,1148,1509,0.14015165449493175
362,1149,1511,0.14019751504322447
357,1151,1508,0.14023747347738819
360,1143,1503,0.14028790589270929
357,1142,1499,0.140327898441897
359,1152,1511,0.14037334269391427
366,1152,1518,0.14041048391858946
364,1153,1517,0.1404282406913859
364,1150,1514,0.14044673444341493
367,1146,1513,0.14046450600345906
369,1153,1522,0.14047277203860237
374,1157,1531,0.1404720181551413
376,1151,1527,0.14046068428902456
375,1146,1521,0.14044494809510355
370,1144,1514,0.14043407669842653
360,1156,1516,0.14043624448050623
358,1152,1510,0.1404646659701578
361,1154,1515,0.14049687131189323
359,1146,1505,0.14051814464990234
356,1159,1515,0.14054445290347725
353,1170,1523,0.14057588918495248
353,1165,1518,0.14061334173518467
349,1169,1518,0.14064771297171139
342,1164,1506,0.14069058468849996
349,1159,1508,0.14074853424614445
351,1167,1518,0.1407847308765928
344,1171,1515,0.14081510406745248
345,1176,1521,0.14086000662671289
349,1157,1506,0.14090127708849917
344,1168,1512,0.14093037035767858
339,1161,1500,0.14096704801827356
342,1177,1519,0.1410128647917973
341,1184,1525,0.1410478018381743
340,1174,1514,0.14108368634584761
338,1191,1529,0.14112077061019862
329,1171,1500,0.1411586110813748
326,1169,1495,0.14121562147399142
327,1176,1503,0.14127675760511796
323,1175,1498,0.1413308196580128
321,1174,1495,0.14139116782464184
324,1172,1496,0.14144946775607348
331,1179,1510,0.1414964618914448
325,1185,1510,0.14152281196773334
319,1189,1508,0.14156390650771739
321,1185,1506,0.14161761910152124
320,1178,1498,0.14166124778573413
322,1178,1500,0.14170387121579192
327,1180,1507,0.14173590725424265
318,1184,1502,0.14175205564917326
323,1170,1493,0.14178942142571332
323,1159,1482,0.14180983799399072
319,1178,1497,0.1418320742429188
313,1175,1488,0.14186259008410973
314,1186,1500,0.1419072203061482
313,1185,1498,0.1419445847041204
311,1192,1503,0.141979306536342
308,1203,1511,0.14201815338872792
311,1198,1509,0.14205983293659152
313,1204,1517,0.14209206665052435
312,1192,1504,0.14211915600620847
307,1187,1494,0.14214874095584423
309,1181,1490,0.14218575354685833
314,1179,1493,0.14221548312148116
321,1188,1509,0.1422295774707385
320,1181,1501,0.1422248022990189
323,1181,1504,0.14222066412217393
323,1176,1499,0.1422115801641051
327,1178,1505,0.14220070759933595
330,1186,1516,0.14218103343669952
329,1176,1505,0.14215581951934989
329,1184,1513,0.14213872043327094
327,1191,1518,0.14212331820063948
324,1195,1519,0.1421146428859622
319,1208,1527,0.14211295335459959
314,1213,1527,0.14212417761290283
318,1204,1522,0.14214808456399158
318,1199,1517,0.14216257305333152
318,1187,1505,0.1421733479913973
320,1190,1510,0.14218280794152505
321,1201,1522,0.14218382440176802
322,1198,1520,0.14218156648544755
318,1199,1517,0.14217876837113266
321,1199,1520,0.1421864768934112
325,1189,1514,0.14218871398466104
323,1176,1499,0.14218253043067405
323,1184,1507,0.14218337048422958
315,1193,1508,0.1421856269567796
313,1199,1512,0.1422071530975465
314,1193,1507,0.1422346263969643
302,1214,1516,0.14225778511366083
304,1216,1520,0.14230733851696228
305,1207,1512,0.14234808304123742
304,1209,1513,0.14238303640022365
301,1208,1509,0.1424160713867369
304,1211,1515,0.1424526973785345
297,1222,1519,0.1424811651575175
288,1231,1519,0.14252658905080495
284,1225,1509,0.14258904342470813
286,1233,1519,0.14265625895845285
284,1224,1508,0.14271254491218568
286,1213,1499,0.14276979478383847
277,1211,1488,0.1428185108495758
285,1220,1505,0.1428844064062728
283,1222,1505,0.1429244200056158
286,1226,1512,0.1429679134613617
294,1222,1516,0.14300162639846983
294,1217,1511,0.14301273900823808
294,1220,1514,0.14302276325567054
294,1201,1495,0.14303277017923377
288,1211,1499,0.14304301962336355
288,1198,1486,0.14306621457332988
290,1211,1501,0.1430894407617661
285,1221,1506,0.14310708207694284
279,1220,1499,0.1431372315375311
281,1227,1508,0.14318164520442916
284,1231,1515,0.1432143422860376
286,1222,1508,0.143237122440666
284,1227,1511,0.1432555339073402
278,1224,1502,0.14327760013541824
283,1226,1509,0.14331083075887963
285,1232,1517,0.14333020612728617
283,1234,1517,0.14334453504752115
278,1237,1515,0.1433639623922592
276,1240,1516,0.14339450936710318
274,1245,1519,0.14342722473605865
266,1240,1506,0.14346328990030885
267,1238,1505,0.1435160540465421
266,1239,1505,0.1435643382973786
267,1251,1518,0.1436122663061319
267,1256,1523,0.1436518917525247
269,1238,1507,0.1436885614034455
266,1239,1505,0.14371769653116634
271,1228,1499,0.14375359312722452
272,1241,1513,0.1437747130812343
276,1246,1522,0.14379062753148136
271,1247,1518,0.14379524270202293
274,1258,1532,0.14380997360291223
271,1256,1527,0.14381566014692698
263,1257,1520,0.1438315661881577
263,1255,1518,0.14386636363318153
265,1256,1521,0.1439008411801904
266,1252,1518,0.1439272533259114
262,1243,1505,0.14394904841824568
257,1244,1501,0.14397839522835262
255,1245,1500,0.1440184939200759
258,1247,1505,0.14406002818002617
258,1258,1516,0.14409103211851576
256,1258,1514,0.1441207557282678
256,1249,1505,0.14415419492899062
259,1242,1501,0.14418392177208397
263,1249,1512,0.14420098293468162
262,1245,1507,0.14420628419440787
267,1257,1524,0.144212528658722
272,1250,1522,0.14420836138527202
265,1246,1511,0.14419327887378983
261,1249,1510,0.14419673039910852
264,1234,1498,0.1442073356509262
258,1225,1483,0.14420867720948025
261,1231,1492,0.14422386518319413
264,1235,1499,0.14423238869178773
266,1237,1503,0.14423122302275485
268,1245,1513,0.14422718580036484
269,1238,1507,0.14422015808069047
269,1243,1512,0.14421175246966939
263,1247,1510,0.144204897945291
261,1247,1508,0.14421329448594447
264,1246,1510,0.14422830699303266
264,1250,1514,0.1442358439588495
265,1260,1525,0.14424107506300596
266,1254,1520,0.1442439149061854
262,1255,1517,0.1442432268973816
262,1262,1524,0.1442513679553813
264,1262,1526,0.1442605657804636
264,1251,1515,0.1442639914510751
262,1251,1513,0.14426731658720807
262,1254,1516,0.14427516891900224
254,1250,1504,0.14428398922349361
262,1252,1514,0.14430969595551266
258,1258,1516,0.1443144336291047
256,1255,1511,0.14433112491651282
249,1271,1520,0.1443483051212908
246,1266,1512,0.1443820573747556
249,1259,1508,0.14442325119208602
253,1264,1517,0.14445552776315077
248,1262,1510,0.14447510923181933
254,1268,1522,0.14450483556299554
252,1268,1520,0.1445184112372072
256,1275,1531,0.14453570434728835
256,1277,1533,0.14454442713520788
258,1269,1527,0.14455399651196812
252,1255,1507,0.1445554191066966
251,1261,1512,0.14457094470153964
253,1250,1503,0.1445863666202711
255,1255,1510,0.14459804536444382
261,1258,1519,0.14460477270437655
255,1253,1508,0.14459494745899204
251,1253,1504,0.1445996013333048
242,1266,1508,0.14461460779296426
236,1273,1509,0.14465009900316528
236,1267,1503,0.1446974274772749
238,1269,1507,0.14474224237135871
249,1263,1512,0.14477731565936836
250,1264,1514,0.14478286251447606
249,1258,1507,0.14478768697583408
249,1250,1499,0.14479466363601579
248,1255,1503,0.1447995291793688
246,1266,1512,0.14480870890170103
249,1269,1518,0.14482190556515145
243,1266,1509,0.14482545241083966
242,1278,1520,0.14484361658983422
234,1271,1505,0.14486241915202633
238,1279,1517,0.14490012535792188
235,1282,1517,0.14492631909731588
239,1290,1529,0.14495982102006202
234,1279,1513,0.1449820108506778
236,1282,1518,0.14501397762749677
235,1279,1514,0.1450398978674287
236,1277,1513,0.14506636781009744
235,1279,1514,0.14508966926728076
236,1274,1510,0.1451149597958364
235,1266,1501,0.14513628717759405
232,1269,1501,0.14515926598348677
227,1277,1504,0.14518739105558637
227,1271,1498,0.14522453698027424
233,1272,1505,0.14525876600848633
233,1280,1513,0.14527471306653544
237,1286,1523,0.14529015937274953
240,1293,1533,0.14529328114372692
237,1280,1517,0.14529010160772363
235,1278,1513,0.14529478352560596
233,1273,1506,0.14530510662385066
235,1261,1496,0.1453204062230833
233,1279,1512,0.14532750209939996
228,1280,1508,0.1453400650202229
231,1280,1511,0.14536363792906254
232,1281,1513,0.1453792130176654
233,1281,1514,0.14539236904948383
234,1288,1522,0.14540304465791792
232,1281,1513,0.14540867754532516
236,1275,1511,0.1454184418764031
238,1281,1519,0.14541820862445523
238,1276,1514,0.1454114340819558
240,1286,1526,0.14540623937615918
237,1273,1510,0.14539488728039907
233,1283,1516,0.14539194742147735
237,1273,1510,0.14539626889410964
238,1278,1516,0.14539129127490177
238,1279,1517,0.14538433538883072
237,1274,1511,0.14537857886778682
234,1275,1509,0.1453761633365952
235,1276,1511,0.1453802436323531
232,1285,1517,0.1453823291831782
233,1295,1528,0.14539103922627825
229,1290,1519,0.14539612989798964
230,1281,1511,0.14541036162109797
236,1277,1513,0.14542205885889314
232,1273,1505,0.14541633440428087
224,1285,1509,0.14542228968855495
224,1286,1510,0.14544930955853666
226,1291,1517,0.14547368015886925
224,1287,1511,0.14549330393690685
222,1277,1499,0.1455161409788145
223,1287,1510,0.1455424745301576
226,1286,1512,0.1455654948815493
225,1308,1533,0.1455809269680264
221,1283,1504,0.14559937245070778
226,1286,1512,0.14562623997206123
225,1290,1515,0.14563861927625188
227,1297,1524,0.1456506307166924
222,1297,1519,0.14565384633490244
219,1311,1530,0.14566975770921592
223,1306,1529,0.14569119692466947
224,1304,1528,0.14570435109824925
224,1312,1536,0.1457148800450144
225,1311,1536,0.1457235228653806
223,1303,1526,0.14572824239217438
221,1299,1520,0.14573728403988429
220,1296,1516,0.14575208414335689
225,1303,1528,0.145766146151865
228,1288,1516,0.1457671804345116
226,1298,1524,0.14575918080478278
227,1292,1519,0.14575853076730289
226,1283,1509,0.14575598035353318
220,1290,1510,0.1457560952142801
219,1292,1511,0.14577193480980735
221,1293,1514,0.14578598108117402
220,1293,1513,0.14579121140618032
222,1287,1509,0.1458001763697224
223,1288,1511,0.14580275527990458
227,1284,1511,0.14580446442634482
228,1284,1512,0.14579265016770826
232,1290,1522,0.14577806079672212
229,1285,1514,0.14575527372971542
232,1293,1525,0.1457416428936403
230,1298,1528,0.14572221588718448
227,1283,1510,0.14570857701802672
225,1295,1520,0.14570583111666585
226,1300,1526,0.14570859730403402
227,1299,1526,0.14571079343620968
222,1300,1522,0.14571102861186855
227,1293,1520,0.14572262764194627
222,1301,1523,0.14572122616163585
219,1303,1522,0.14573193560419262
220,1299,1519,0.14574948422139664
216,1300,1516,0.14576352493842085
213,1303,1516,0.14578581959306608
213,1297,1510,0.14581526489741337
213,1291,1504,0.1458443534821458
215,1285,1500,0.14587169954129428
215,1285,1500,0.14589133332359203
215,1297,1512,0.1459080600327356
208,1292,1500,0.14592406196526506
201,1290,1491,0.1459566564214431
205,1298,1503,0.1460034542382578
212,1291,1503,0.14603513362863763
210,1285,1495,0.14604506049553256
210,1288,1498,0.14605776745594415
213,1300,1513,0.14606860152177797
213,1304,1517,0.1460715507186023
210,1310,1520,0.14607482545628958
211,1294,1505,0.14608548311223346
213,1289,1502,0.14609426684046423
220,1297,1517,0.14610004871759105
223,1298,1521,0.14608697497953718
220,1301,1521,0.14606628348876846
215,1291,1506,0.14605530202257527
212,1304,1516,0.14605835617266055
211,1304,1515,0.1460669587943469
210,1290,1500,0.14607937455942518
207,1299,1506,0.1460939688884617
214,1289,1503,0.14611632179227732
212,1291,1503,0.14612112078495246
210,1304,1514,0.1461291997179312
206,1299,1505,0.14614238912383556
208,1291,1499,0.14616264177500327
210,1293,1503,0.14617583588408561
214,1298,1512,0.14618479281847108
216,1303,1519,0.14618320557688086
221,1297,1518,0.1461779355671226
217,1297,1514,0.14615829469952996
213,1296,1509,0.14615019373603302
205,1289,1494,0.14615090979238413
207,1299,1506,0.1461706747816404
206,1310,1516,0.14618577640683914
208,1312,1520,0.14620437466749997
207,1317,1524,0.14621679162069953
198,1322,1520,0.1462327744908894
198,1318,1516,0.14626998872919522
196,1302,1498,0.14630542514035708
196,1316,1512,0.14634377813030855
197,1316,1513,0.14638061660581786
197,1322,1519,0.1464111053489923
193,1315,1508,0.1464403193883829
196,1323,1519,0.1464776747847154
190,1341,1531,0.146504091067708
190,1329,1519,0.1465429502145319
188,1325,1513,0.14657876241983495
183,1318,1501,0.1466152549459315
182,1315,1497,0.14666134607793935
185,1319,1504,0.1467070491347899
186,1323,1509,0.14674405586285721
185,1331,1516,0.1467761548760003
186,1334,1520,0.14680767772408196
182,1321,1503,0.1468339601190688
181,1323,1504,0.14686821126975666
179,1334,1513,0.14690268613148824
180,1338,1518,0.14693999872410696
180,1339,1519,0.1469712804326107
184,1349,1533,0.14699973890085663
180,1341,1521,0.14701630490315698
181,1330,1511,0.1470428753969231
178,1331,1509,0.14706528399421487
179,1329,1508,0.14709393504258916
179,1330,1509,0.14711716402602174
179,1334,1513,0.14713852721161794
180,1325,1505,0.14715757644885794
184,1315,1499,0.1471707544519151
187,1317,1504,0.1471750651657434
180,1321,1501,0.14717228617209094
183,1326,1509,0.14718830289812954
180,1332,1512,0.14719359642786206
177,1332,1509,0.14720700683150903
180,1324,1504,0.14722669982651848
178,1321,1499,0.14723988722614503
175,1323,1498,0.14725663818062948
165,1329,1494,0.14728079348776238
167,1346,1513,0.14732594583417313
160,1348,1508,0.14736181979790353
167,1346,1513,0.1474118426621348
164,1333,1497,0.14744167119378282
167,1335,1502,0.1474763485071598
164,1343,1507,0.14750054802585078
162,1336,1498,0.14753120789593527
167,1339,1506,0.14756517689330068
166,1346,1512,0.1475846675000503
167,1340,1507,0.14760378989712433
165,1336,1501,0.1476205037580062
161,1337,1498,0.1476409747451674
163,1331,1494,0.14767028968810758
166,1335,1501,0.14769117506710575
168,1331,1499,0.14770191217403753
168,1339,1507,0.14770872439118574
163,1337,1500,0.1477159050433464
161,1348,1509,0.14773514360333045
159,1354,1513,0.14775960780139263
157,1343,1500,0.14778709227496414
153,1343,1496,0.14781779196226064
154,1350,1504,0.14785876325518976
150,1360,1510,0.14789430596414738
149,1355,1504,0.14793742498785575
152,1354,1506,0.14797992165495455
150,1360,1510,0.14801240547122615
157,1357,1514,0.14804804916654438
157,1364,1521,0.14806153822705656
154,1366,1520,0.14807320483094974
150,1365,1515,0.14809124495019652
151,1359,1510,0.14811783985212476
153,1358,1511,0.14813996791418557
155,1355,1510,0.14815590797463102
153,1357,1510,0.14816600805934457
153,1365,1518,0.14818057701560539
155,1359,1514,0.1481956279041093
152,1361,1513,0.14820425771748386
150,1359,1509,0.14822046651232243
154,1351,1505,0.14824103603010172
155,1351,1506,0.14825222593969534
151,1353,1504,0.14825944953644551
147,1355,1502,0.14827685837733273
145,1362,1507,0.14830233073265148
148,1361,1509,0.1483295906315995
143,1359,1502,0.14834571979436992
143,1366,1509,0.14837311848779852
147,1357,1504,0.14839910097346073
149,1349,1498,0.14841330207929823
148,1339,1487,0.14842126949872314
150,1341,1491,0.14843240253359094
154,1353,1507,0.14843701723363778
159,1361,1520,0.14843018087124057
159,1365,1524,0.14840988313488188
164,1363,1527,0.148389172171071
163,1346,1509,0.14835751047572462
164,1347,1511,0.1483294398187399
167,1349,1516,0.14830068410254924
168,1333,1501,0.14826228665967556
170,1330,1500,0.14822507195554852
175,1315,1490,0.14818658569129378
172,1339,1511,0.14813843056956336
174,1340,1514,0.14810236950898742
174,1324,1498,0.14806258700858
174,1337,1511,0.1480270829589661
176,1331,1507,0.14799546410186262
170,1351,1521,0.14796329143488932
171,1334,1505,0.14794823073784427
167,1335,1502,0.1479328443678205
163,1332,1495,0.14792941076203237
161,1343,1504,0.1479354525889184
162,1351,1513,0.14794768331617927
157,1350,1507,0.1479569871552022
156,1350,1506,0.1479786206478067
157,1348,1505,0.14800178114525855
152,1349,1501,0.14802182273616374
151,1353,1504,0.1480525710601724
149,1362,1511,0.1480849027599586
149,1364,1513,0.14811962257675707
151,1350,1501,0.14815173372318713
147,1359,1506,0.14817495606214906
148,1356,1504,0.14820404658818717
151,1360,1511,0.14823009659489736
146,1365,1511,0.14824724584180038
144,1369,1513,0.1482746113785428
146,1365,1511,0.14830361720021779
145,1355,1500,0.14832485201300272
146,1357,1503,0.14834625027334006
142,1364,1506,0.14836250958775504
140,1367,1507,0.14838841881253817
140,1374,1514,0.14841947710021788
141,1367,1508,0.1484469861489019
140,1356,1496,0.14846887022918934
140,1362,1502,0.14849348801319942
141,1372,1513,0.14851652603717283
140,1369,1509,0.14853643971681507
143,1364,1507,0.148557983538574
148,1360,1508,0.14856878314173572
148,1364,1512,0.1485667323978932
147,1368,1515,0.1485646757002779
146,1373,1519,0.14856511419277077
145,1371,1516,0.14856905947165466
152,1369,1521,0.14857571456711632
147,1359,1506,0.14856322113194056
145,1375,1520,0.14856533950623596
144,1387,1531,0.14857245820617526
144,1375,1519,0.14858167890621876
144,1369,1513,0.1485874022496539
141,1362,1503,0.14859360476954755
139,1368,1507,0.14860793451418883
145,1362,1507,0.1486259112136689
141,1359,1500,0.1486296289278467
140,1363,1503,0.14864203600926817
144,1363,1507,0.1486565982767696
142,1361,1503,0.14865825697589932
143,1358,1501,0.14866361785731766
145,1363,1508,0.1486667889769251
151,1372,1523,0.14866480734224458
148,1370,1518,0.148647322745219
148,1363,1511,0.14863963755839124
147,1365,1512,0.14863436990574863
150,1362,1512,0.14863188834154115
148,1377,1525,0.14862258567059106
147,1383,1530,0.14861982690570794
149,1373,1522,0.14862123347052275
152,1373,1525,0.14861665672724847
153,1379,1532,0.14860420083059384
152,1373,1525,0.1485896091471081
149,1367,1516,0.14857930863276342
144,1370,1514,0.14857768357179293
139,1378,1517,0.14858856146128596
138,1382,1520,0.1486122283761716
144,1372,1516,0.14863778956144752
144,1371,1515,0.14864612232485264
141,1379,1520,0.14865450722756432
138,1365,1503,0.14866880581133224
132,1376,1508,0.14869044091908173
133,1378,1511,0.14872409196617656
136,1378,1514,0.14875285740447639
137,1374,1511,0.1487692618293226
139,1378,1517,0.14878251399738207
139,1368,1507,0.14879166437688926
138,1376,1514,0.14880112184701383
142,1383,1525,0.14881279959399246
137,1378,1515,0.1488115246793537
138,1376,1514,0.14882134545321926
137,1376,1513,0.14882779167745494
140,1369,1509,0.14883672715951876
137,1376,1513,0.14883833504910027
138,1381,1519,0.14884743251240612
134,1373,1507,0.14885420837558608
133,1384,1517,0.1488698020674173
133,1372,1505,0.1488871984202294
137,1380,1517,0.14890239677288006
138,1387,1525,0.14890590793878844
137,1391,1528,0.14890771610751083
132,1377,1509,0.14891257912227773
139,1383,1522,0.14892911723853391
139,1390,1529,0.14892530815436225
140,1391,1531,0.1489236358482096
138,1392,1530,0.1489186862152283
137,1376,1513,0.14891800351927806
139,1376,1515,0.14892016041315725
138,1377,1515,0.1489181886917323
135,1373,1508,0.14892018337732055
132,1366,1498,0.14892911667118133
134,1365,1499,0.14894591554356007
134,1370,1504,0.14895764237482814
130,1374,1504,0.148968092696459
134,1382,1516,0.1489874652174297
133,1394,1527,0.14899310604613106
135,1394,1529,0.14900242759456095
138,1390,1528,0.14900568162562208
137,1393,1530,0.1490010321123494
137,1388,1525,0.1489995780567032
136,1403,1539,0.14900049888933542
135,1404,1539,0.1490022548064852
131,1388,1519,0.1490065909653822
132,1391,1523,0.14902238024463532
127,1397,1524,0.14903570141603625
125,1394,1519,0.1490589393073484
125,1389,1514,0.14908535873823933
125,1381,1506,0.1491100695094486
124,1373,1497,0.1491329180428553
125,1395,1520,0.1491566511173966
124,1392,1516,0.14917594834423636
128,1398,1526,0.14919719539810639
127,1400,1527,0.14920829038801103
125,1403,1528,0.14922010388341292
125,1405,1530,0.14923731646902486
126,1401,1527,0.14925380871664096
124,1410,1534,0.14926551471810842
119,1396,1515,0.14928118719535013
116,1406,1522,0.1493077787910417
114,1412,1526,0.1493391883617403
112,1403,1515,0.14937264395611044
107,1394,1501,0.1494086364961769
105,1396,1501,0.1494545945695268
104,1405,1509,0.14950316049591256
103,1411,1514,0.1495520689600517
102,1412,1514,0.14959934745810174
103,1409,1512,0.14964497962520631
100,1416,1516,0.14968524771726388
100,1425,1525,0.14972795400996897
103,1423,1526,0.14976919438608835
102,1412,1514,0.1498001850352976
102,1391,1493,0.1498310689206752
103,1398,1501,0.14985988536451042
103,1399,1502,0.14988534684960558
101,1411,1512,0.14990862026735785
103,1411,1514,0.14993439395360614
104,1408,1512,0.14995135411024943
104,1399,1503,0.14996656320257287
102,1407,1509,0.14998069591190222
103,1414,1517,0.15000007267990997
99,1427,1526,0.1500153049503068
99,1418,1517,0.15004008209589684
93,1407,1500,0.15006432736985892
91,1412,1503,0.15010129244750353
91,1425,1516,0.15014104824571928
90,1438,1528,0.15017931730935588
89,1446,1535,0.15021810270076158
84,1440,1524,0.15025706034243022
84,1437,1521,0.15030576190790704
80,1439,1519,0.15035210814979613
78,1426,1504,0.1504051884601138
80,1423,1503,0.1504592867976648
82,1439,1521,0.15050471302827254
83,1445,1528,0.15054204084203177
81,1444,1525,0.1505750524039168
82,1433,1515,0.15061110186146295
83,1433,1516,0.15064189595382393
83,1444,1527,0.1506682341083263
83,1441,1524,0.15069261959805627
81,1432,1513,0.15071521012933198
81,1435,1516,0.15073964905082898
83,1444,1527,0.15076166354824186
83,1441,1524,0.15077709633122224
81,1447,1528,0.15079222709041198
80,1439,1519,0.15081145519668465
77,1440,1517,0.15083316889611545
78,1445,1523,0.15086139634540657
74,1461,1535,0.15088513932385011
77,1443,1520,0.15091674339939648
75,1450,1525,0.15093898558094876
73,1447,1520,0.1509653027204925
72,1433,1505,0.1509948453325357
71,1448,1519,0.15102366100355016
70,1447,1517,0.15105353217604428
71,1436,1507,0.15108175194765164
73,1440,1513,0.15110611109375027
69,1445,1514,0.1511245019462354
66,1444,1510,0.15115155129869876
69,1439,1508,0.15118407335070466
73,1442,1515,0.15120768881295293
72,1438,1510,0.15121731984287565
76,1443,1519,0.15122880211529197
73,1449,1522,0.1512296155508003
72,1440,1512,0.15123806405597862
73,1442,1515,0.1512499376213529
73,1445,1518,0.15125898904718307
72,1453,1525,0.1512675045024639
74,1442,1516,0.15127873627801994
74,1441,1515,0.15128443320534593
73,1445,1518,0.15129061693401924
71,1448,1519,0.15129941560706586
69,1436,1505,0.15131279299236702
67,1435,1502,0.15133043791299872
68,1444,1512,0.15135211383590505
68,1450,1518,0.15136959301508326
69,1439,1508,0.15138622188330306
66,1446,1512,0.1513976051344794
67,1450,1517,0.15141545672166312
69,1455,1524,0.15142918090141225
69,1453,1522,0.1514372442318059
71,1452,1523,0.15144499976183845
72,1439,1511,0.15144649373625588
72,1433,1505,0.1514453437017833
73,1449,1522,0.15144054983794406
72,1453,1525,0.1514340659822299
71,1453,1524,0.15143140627698098
70,1460,1530,0.15143205343932625
70,1460,1530,0.15143553914384847
70,1457,1527,0.151439732183267
69,1452,1521,0.15144506442518804
71,1445,1516,0.15145186424495655
74,1447,1521,0.15145364808180195
74,1443,1517,0.15144683001780207
73,1452,1525,0.15144037397713017
75,1446,1521,0.1514375439435183
76,1437,1513,0.15142921750921648
73,1438,1511,0.15141731973586395
73,1439,1512,0.15141455812080504
72,1441,1513,0.15141355148619393
66,1441,1507,0.1514156495487914
67,1438,1505,0.15143190176880975
69,1442,1511,0.15144542231773392
68,1440,1508,0.1514535032434236
68,1452,1520,0.15146391313347535
68,1441,1509,0.1514721177891555
69,1439,1508,0.15147981766171553
70,1443,1513,0.1514823326809121
69,1428,1497,0.15148138866091826
69,1434,1503,0.15148377325487902
65,1432,1497,0.1514873809856331
66,1429,1495,0.1514995072196823
67,1443,1510,0.15150917766989608
64,1452,1516,0.1515149580255064
65,1456,1521,0.15152646065402778
65,1452,1517,0.15153588672241647
64,1466,1530,0.1515447223336016
65,1465,1530,0.15155569697250593
64,1458,1522,0.1515633165926459
67,1453,1520,0.15157363108352875
64,1451,1515,0.15157541143734443
64,1448,1512,0.15158447214470042
64,1453,1517,0.15159274757837723
66,1455,1521,0.1516002779750142
63,1457,1520,0.15160354816775173
62,1449,1511,0.15161311658293053
61,1448,1509,0.15162487181860146
63,1454,1517,0.15163849697831266
62,1464,1526,0.15164594642502233
61,1475,1536,0.15165563776444638
61,1457,1518,0.15166766470265766
59,1463,1522,0.15167966506273672
60,1456,1516,0.1516958868655198
57,1458,1515,0.15170775763693123
58,1451,1509,0.1517261319603066
58,1467,1525,0.15174134759126212
59,1448,1507,0.15175624442782432
56,1444,1500,0.15176840899363975
60,1448,1508,0.1517867756795449
61,1436,1497,0.15179257109394426
61,1441,1502,0.1517946966074262
63,1440,1503,0.1517973620447691
61,1441,1502,0.15179385138820675
57,1459,1516,0.1517956734570631
54,1456,1510,0.15180707196618337
54,1466,1520,0.15182507863568628
55,1461,1516,0.15184164056301788
56,1459,1515,0.1518548340970456
53,1454,1507,0.15186443735421792
54,1460,1514,0.15188080846978078
55,1467,1522,0.1518943820133105
54,1468,1522,0.1519051324672266
55,1471,1526,0.15191782797918008
54,1464,1518,0.15192759239491566
52,1462,1514,0.15193909823594784
51,1455,1506,0.15195484568689288
53,1453,1506,0.15197234769173865
55,1453,1508,0.15198372283315506
54,1461,1515,0.15198767565002208
54,1469,1523,0.15199398318752802
54,1469,1523,0.1519999939919265
52,1455,1507,0.152004387676727
51,1457,1508,0.1520136755633516
51,1448,1499,0.15202529920192537
52,1454,1506,0.15203661582137162
53,1450,1503,0.15204434276520448
52,1458,1510,0.15204966301630726
54,1457,1511,0.15205753509427572
53,1459,1512,0.1520575096952199
52,1461,1513,0.15206046713215596
52,1470,1522,0.15206632513010765
51,1472,1523,0.1520725497547281
50,1469,1519,0.15208128762556922
48,1467,1515,0.15209143741317768
46,1465,1511,0.15210610462799512
46,1466,1512,0.15212465951013343
46,1465,1511,0.15214162028426995
46,1462,1508,0.15215814033877656
47,1460,1507,0.15217203973873653
46,1451,1497,0.1521814563596423
46,1465,1511,0.15219327561343848
45,1463,1508,0.15220504207932012
43,1475,1518,0.15221824351540447
43,1469,1512,0.15223479533440615
40,1477,1517,0.15225142308200496
40,1469,1509,0.15227409426661698
37,1471,1508,0.1522955955494632
35,1469,1504,0.15232283376322353
35,1461,1496,0.15235362652790138
35,1467,1502,0.1523828360245566
33,1467,1500,0.15240997496233727
34,1463,1497,0.15243964841083124
33,1457,1490,0.15246540643051518
33,1459,1492,0.15249110960232684
35,1476,1511,0.1525155526039752
34,1474,1508,0.15253271535189325
37,1482,1519,0.15255234491015215
35,1480,1515,0.15256171417050446
34,1492,1526,0.1525744189221845
35,1495,1530,0.1525892379006646
37,1480,1517,0.15260094252823067
36,1489,1525,0.1526063175936418
36,1480,1516,0.15261438641234093
35,1482,1517,0.1526226567143943
37,1475,1512,0.15263366494514696
38,1475,1513,0.1526378381892045
39,1477,1516,0.15263920515289606
38,1466,1504,0.15263840638977627
37,1461,1498,0.15263993722178007
38,1467,1505,0.15264428887262252
38,1466,1504,0.1526457592464758
38,1470,1508,0.15264759071987274
36,1463,1499,0.15264920983277513
37,1473,1510,0.1526559373401598
36,1475,1511,0.1526595840819125
35,1486,1521,0.15266583576738305
34,1493,1527,0.15267444400225974
35,1489,1524,0.15268462389018578
36,1482,1518,0.15269137433512944
37,1479,1516,0.15269501459101548
36,1477,1513,0.15269579172494435
37,1475,1512,0.15269864457572196
38,1472,1510,0.15269966733290244
40,1474,1514,0.15269849588617007
41,1472,1513,0.15269286581473568
41,1477,1518,0.152684965998447
41,1482,1523,0.15267823470833086
41,1495,1536,0.15267253469875663
40,1480,1520,0.15266774342961204
41,1480,1521,0.15266592732221146
40,1473,1513,0.15266148371221763
42,1459,1501,0.15265999235860245
42,1460,1502,0.15265301327506237
42,1465,1507,0.1526451611313099
41,1469,1510,0.1526384990918152
38,1474,1512,0.1526346595175851
39,1466,1505,0.15263814281131702
39,1467,1506,0.1526395007019979
39,1477,1516,0.15264131168053421
41,1471,1512,0.15264349638219232
39,1465,1504,0.15263950086761807
40,1476,1516,0.15264099093862601
40,1471,1511,0.1526396636288515
41,1470,1511,0.15263898589293756
41,1471,1512,0.15263623897035886
38,1482,1520,0.15263306727306855
37,1475,1512,0.15263806050485346
38,1464,1502,0.15264310941353998
38,1474,1512,0.15264517342887807
36,1473,1509,0.1526477524321728
36,1477,1513,0.1526550485245851
36,1488,1524,0.15266242288510518
38,1476,1514,0.15266982010167074
38,1492,1530,0.15267017555580387
38,1478,1516,0.1526706396163871
38,1480,1518,0.15267162793753022
38,1486,1524,0.15267266193484577
38,1476,1514,0.15267420383917998
39,1469,1508,0.15267575502474945
39,1486,1525,0.1526744649265971
37,1488,1525,0.15267325211247076
37,1484,1521,0.15267697382039105
40,1484,1524,0.15268098187859327
41,1484,1525,0.15267679221807184
40,1490,1530,0.1526706940925784
41,1473,1514,0.15266664988126302
41,1470,1511,0.1526602475060775
41,1478,1519,0.1526549338203887
39,1488,1527,0.15265057528014142
38,1478,1516,0.15265135134016597
38,1469,1507,0.1526547508346438
37,1482,1519,0.15265841022273166
37,1470,1507,0.15266357128702135
35,1478,1513,0.1526682999757353
37,1480,1517,0.1526775298844584
37,1481,1518,0.15268099114555092
37,1471,1508,0.15268385338403198
38,1469,1507,0.15268709600508817
38,1472,1510,0.1526873053532763
39,1482,1521,0.15268788797395413
40,1478,1518,0.15268473095611734
40,1483,1523,0.1526791671834657
40,1472,1512,0.15267466056853224
41,1482,1523,0.15267000791566038
40,1481,1521,0.1526640610844736
40,1480,1520,0.1526612879898416
40,1474,1514,0.15265925465172914
41,1470,1511,0.15265786100547094
41,1477,1518,0.15265323431320713
40,1486,1526,0.15264835470533403
40,1476,1516,0.1526470073718828
40,1468,1508,0.1526462696655267
40,1483,1523,0.1526460534872095
41,1478,1519,0.1526454912681427
41,1488,1529,0.15264267062931697
42,1480,1522,0.1526403681464431
41,1476,1517,0.15263643773981495
41,1473,1514,0.1526358591144625
39,1463,1502,0.15263563120682933
39,1482,1521,0.15264009722937266
38,1474,1512,0.15264453932460448
37,1479,1516,0.15265111434908668
37,1488,1525,0.1526596604399345
38,1491,1529,0.15266786372721644
38,1471,1509,0.1526723069596331
39,1472,1511,0.152675774021094
39,1472,1511,0.1526770129059238
40,1462,1502,0.15267636209584967
41,1470,1511,0.15267299076291355
41,1479,1520,0.15266710988392454
41,1488,1529,0.15266218972647988
39,1479,1518,0.1526581132528267
38,1488,1526,0.15265909075301487
39,1480,1519,0.15266262199155545
37,1487,1524,0.15266195151834341
36,1471,1507,0.15266623899220655
37,1479,1516,0.15267228962397053
38,1488,1526,0.1526762061549672
37,1487,1524,0.1526764118239889
38,1484,1522,0.15267916903907097
38,1469,1507,0.15267983624619105
38,1467,1505,0.15267991405293835
39,1472,1511,0.15268060293731944
41,1474,1515,0.15267888084331951
41,1474,1515,0.1526713284960447
42,1456,1498,0.15266384071790373
39,1459,1498,0.15265430287295867
39,1462,1501,0.1526529126136521
41,1464,1505,0.15265230408533484
41,1464,1505,0.15264735911727245
41,1465,1506,0.15264230953276126
42,1472,1514,0.15263715832031766
40,1480,1520,0.15263018744372714
40,1481,1521,0.1526286571828718
40,1482,1522,0.1526278649661382
41,1492,1533,0.15262770357622682
41,1499,1540,0.15262392708165406
40,1492,1532,0.15262104682539843
40,1494,1534,0.1526211065343832
41,1497,1538,0.15262170671091538
40,1504,1544,0.15262046284956182
39,1485,1524,0.152622015267794
37,1488,1525,0.15262524285164086
34,1491,1525,0.1526329829788162
33,1484,1517,0.15264757700749454
34,1480,1514,0.15266376894244346
32,1474,1506,0.15267677282717793
34,1468,1502,0.15269357057576052
34,1486,1520,0.15270312224382715
34,1477,1511,0.15271242145685274
33,1486,1519,0.15272156898326042
33,1493,1526,0.1527327040473988
31,1492,1523,0.15274349866905731
33,1490,1523,0.1527589118825719
31,1476,1507,0.15276730592280466
31,1486,1517,0.15277883218587315
33,1501,1534,0.15278894696134024
34,1484,1518,0.15279397004214956
31,1482,1513,0.15279595137091648
31,1486,1517,0.15280500409227055
31,1485,1516,0.1528131737246975
32,1478,1510,0.15282140062949465
31,1469,1500,0.1528263913980545
30,1491,1521,0.15283384752404486
29,1494,1523,0.1528424831874726
28,1498,1526,0.15285374585334094
26,1501,1527,0.15286693082307912
26,1493,1519,0.15288403177076174
24,1491,1515,0.1528993453159174
24,1492,1516,0.15291905249510687
23,1492,1515,0.15293790455535544
23,1477,1500,0.1529581148191546
24,1489,1513,0.15297737240993672
23,1494,1517,0.15299143467880955
26,1492,1518,0.1530072461618473
25,1492,1517,0.1530129343274055
25,1487,1512,0.15302133212940552
25,1499,1524,0.153029779364974
26,1492,1518,0.15303779530490774
25,1485,1510,0.15304255198405708
24,1485,1509,0.15305006170692764
24,1486,1510,0.1530597426914935
24,1485,1509,0.1530682480357958
24,1480,1504,0.153076720839596
27,1476,1503,0.15308511606279337
25,1475,1500,0.1530838091254559
25,1481,1506,0.15308759335567498
24,1476,1500,0.15309173754979397
25,1486,1511,0.15309892613814438
26,1501,1527,0.15310330554648227
25,1490,1515,0.1531046685782625
25,1498,1523,0.15310801946124675
25,1492,1517,0.1531116769730314
26,1485,1511,0.1531155729235711
25,1469,1494,0.15311638231913283
25,1494,1519,0.15311989964119863
24,1498,1522,0.1531232266360651
23,1465,1488,0.15312893951954268
23,1462,1485,0.15313691618720457
25,1475,1500,0.15314474535062986
24,1486,1510,0.15314586827829393
24,1487,1511,0.15314962462230747
24,1499,1523,0.15315257986585906
24,1493,1517,0.1531558453434674
23,1494,1517,0.15315935458722146
22,1491,1513,0.15316559624243242
22,1500,1522,0.1531740429152172
22,1484,1506,0.15318225950761188
21,1495,1516,0.15319023236353474
21,1489,1510,0.15320009891285877
21,1488,1509,0.153209574207739
21,1479,1500,0.15321866154955469
22,1490,1512,0.1532264344354763
22,1494,1516,0.15323158158198574
21,1501,1522,0.15323665719836435
20,1495,1515,0.15324381056657382
20,1496,1516,0.15325294566177647
20,1507,1527,0.15326156988778825
19,1500,1519,0.15326983754222026
18,1493,1511,0.15327991052037618
18,1500,1518,0.1532908969302547
19,1510,1529,0.15330141522330545
19,1518,1537,0.15330824592513723
20,1486,1506,0.15331492913220363
20,1477,1497,0.153318979064853
21,1483,1504,0.15332303104408218
22,1484,1506,0.15332380829947753
22,1490,1512,0.15332161994980045
22,1502,1524,0.1533199473214581
23,1513,1536,0.15331872228706608
22,1502,1524,0.15331465143501521
21,1503,1524,0.15331343990616997
20,1491,1511,0.15331482481057013
20,1501,1521,0.15331859612583337
21,1496,1517,0.15332297735159756
21,1508,1529,0.1533240305311443
21,1522,1543,0.1533253049635317
19,1505,1524,0.15332675962307868
18,1502,1520,0.15333268456905602
17,1512,1529,0.1533413525155785
17,1494,1511,0.1533517928435864
17,1503,1520,0.15336170506091712
17,1490,1507,0.15337111079681515
15,1506,1521,0.15337892892805813
15,1508,1523,0.15339094727335584
15,1493,1508,0.15340238446152676
15,1491,1506,0.15341326120137558
14,1502,1516,0.15342359836643749
13,1503,1516,0.1534355795401212
14,1495,1509,0.15344908347159833
14,1495,1509,0.1534596349959166
13,1497,1510,0.15346963312569556
14,1502,1516,0.1534813112704743
13,1505,1518,0.1534900707209895
14,1494,1508,0.15350053781379158
14,1488,1502,0.1535071523646691
14,1495,1509,0.1535135294109214
14,1489,1503,0.15351966753830795
14,1482,1496,0.1535255669422127
15,1485,1500,0.15353122918354348
15,1494,1509,0.1535333841907761
15,1492,1507,0.15353561417476264
15,1492,1507,0.15353789466641277
15,1498,1513,0.1535402046068284
13,1493,1506,0.1535425259544597
13,1503,1516,0.15354916924185852
16,1499,1515,0.15355553248561388
17,1498,1515,0.1535527719019109
16,1500,1516,0.1535472368812009
16,1508,1524,0.15354460422728972
16,1507,1523,0.1535424973424692
16,1525,1541,0.1535397248072129
16,1520,1536,0.15353752739526372
16,1506,1522,0.15353583104771928
16,1497,1513,0.15353456996538137
15,1506,1521,0.15353368574561985
14,1512,1526,0.15353596129778463
14,1499,1513,0.15354055019208232
14,1500,1514,0.15354501191526035
13,1497,1510,0.15354933947085425
11,1494,1505,0.1535557004900962
10,1493,1503,0.1535661246937574
10,1505,1515,0.15357844129682063
10,1495,1505,0.15359007384628753
10,1502,1512,0.1536010574995075
10,1502,1512,0.15361142590877885
10,1509,1519,0.15362121125104877
9,1503,1512,0.15363044426182323
8,1502,1510,0.15364132288310958
8,1499,1507,0.15365385421924585
6,1499,1505,0.1536656444409639
6,1507,1513,0.15368107058277428
6,1495,1501,0.15369557694540098
7,1492,1499,0.15370921770367063
7,1499,1506,0.15371878278461115
7,1502,1509,0.15372788569360846
9,1501,1510,0.15373654294832
9,1493,1502,0.15373823201414705
9,1511,1520,0.15373973005119093
9,1520,1529,0.15374144595952102
9,1520,1529,0.15374333675115806
8,1509,1517,0.15374536491531374
7,1499,1506,0.15375040502073317
7,1491,1498,0.15375745616178052
8,1490,1498,0.1537641994181439
7,1499,1506,0.15376736567699698
8,1503,1511,0.15377271831708902
9,1508,1517,0.15377487300165624
9,1511,1520,0.1537738693021505
9,1512,1521,0.15377326386466572
9,1521,1530,0.15377300024908425
9,1528,1537,0.15377302852872232
10,1514,1524,0.1537733045994323
10,1508,1518,0.1537705166131099
11,1504,1515,0.15376820903665944
12,1518,1530,0.15376304707770955
12,1521,1533,0.15375528246102213
12,1514,1526,0.15374842458625124
13,1505,1518,0.15374237672547586
12,1501,1513,0.15373378622082826
12,1498,1510,0.1537283092977079
13,1500,1513,0.15372355323962072
12,1509,1521,0.15371618364876846
10,1501,1511,0.15371283189604457
9,1505,1514,0.15371444392534098
10,1501,1511,0.15371849835682577
10,1502,1512,0.15372008767678827
9,1490,1499,0.15372179407175465
10,1489,1499,0.1537258027044209
10,1496,1506,0.15372646200341894
10,1486,1496,0.15372734313029351
10,1486,1496,0.15372840744845992
10,1486,1496,0.15372962108502145
10,1490,1500,0.15373095440933082
10,1491,1501,0.1537323815655087
11,1500,1511,0.15373388005350158
10,1493,1503,0.15373215898629128
10,1496,1506,0.15373298588346035
9,1500,1509,0.15373397047508075
9,1504,1513,0.15373806117444977
9,1509,1518,0.15374199421116264
9,1506,1515,0.1537457703669512
8,1499,1507,0.15374939122549602
9,1492,1501,0.15375504499970408
9,1498,1507,0.1537571447217452
9,1500,1509,0.15375927416966037
9,1504,1513,0.1537614162728883
9,1502,1511,0.15376355647588114
9,1508,1517,0.153765682442429
10,1516,1526,0.15376743464871784
10,1514,1524,0.15376696022814693
10,1512,1522,0.15376664060497705
10,1514,1524,0.15376645427832514
10,1517,1527,0.1537663822142479
10,1509,1519,0.15376640758454493
9,1513,1522,0.15376651553210444
9,1502,1511,0.1537688475721725
11,1508,1519,0.15377110702544794
10,1511,1521,0.1537667671723727
11,1511,1522,0.1537651363640821
11,1508,1519,0.15376058022162534
10,1512,1522,0.15375662711311236
10,1504,1514,0.15375537311611767
9,1500,1509,0.15375446119282124
9,1512,1521,0.1537560370107029
9,1510,1519,0.15375773121429095
9,1503,1512,0.15375951579577585
9,1494,1503,0.15376136646721925
9,1497,1506,0.15376326223918196
9,1504,1513,0.15376518504384493
9,1497,1506,0.15376711939809462
9,1500,1509,0.15376905210249578
9,1498,1507,0.15377097197248055
10,1510,1520,0.15377286959845018
9,1511,1520,0.1537714998168062
9,1508,1517,0.15377256531074862
11,1504,1515,0.1537728338186078
9,1504,1513,0.15376762835141858
8,1503,1511,0.15376764499686604
8,1503,1511,0.15377011536740312
8,1511,1519,0.15377269746580619
8,1523,1531,0.15377535892635177
8,1509,1517,0.1537780718406695
7,1512,1519,0.1537808122448315
7,1503,1510,0.1537862564879316
7,1504,1511,0.15379147524335215
7,1505,1512,0.15379647194662485
6,1508,1514,0.15380125082177953
6,1509,1515,0.1538079877443145
6,1507,1513,0.1538143843999993
6,1516,1522,0.15382045467522681
6,1523,1529,0.153826212275992
5,1528,1533,0.15383167067426975
5,1532,1537,0.15383898051335143
5,1524,1529,0.15384588753012132
6,1511,1517,0.15385241204258374
6,1495,1501,0.1538562385185622
6,1506,1512,0.15385988127286887
6,1505,1511,0.15386334672810156
6,1499,1505,0.15386664137522282
6,1500,1506,0.1538697717251691
6,1494,1500,0.15387274426765996
5,1503,1508,0.15387556543635875
4,1508,1512,0.15388047570359425
4,1515,1519,0.15388724510114546
5,1518,1523,0.15389361687616218
5,1529,1534,0.1538973343694525
5,1525,1530,0.1539008495506643
4,1521,1525,0.15390417235394327
4,1522,1526,0.1539094756282284
4,1520,1524,0.15391447383927084
4,1528,1532,0.15391918375608332
4,1517,1521,0.1539236213061541
3,1525,1528,0.1539278016090359
3,1515,1518,0.15393391087397648
3,1508,1511,0.1539396580728588
3,1499,1502,0.15394506427497773
2,1507,1509,0.15395014936219006
2,1517,1519,0.15395709803138716
2,1510,1512,0.1539636310815756
2,1517,1519,0.15396977314475954
2,1510,1512,0.15397554741533712
2,1520,1522,0.1539809757318103
2,1516,1518,0.15398607865407027
2,1518,1520,0.15399087553647559
1,1524,1525,0.15399538459693143
1,1509,1510,0.15400180256824128
1,1512,1513,0.1540078334426864
1,1508,1509,0.15401350049194767
1,1507,1508,0.1540188255959775
1,1504,1505,0.15402382932551997
1,1503,1504,0.15402853101980754
1,1507,1508,0.15403294885970858
1,1517,1518,0.15403709993658724
1,1525,1526,0.15404100031711998
1,1510,1511,0.15404466510430279
1,1525,1526,0.1540481084948667
1,1526,1527,0.15405134383331084
1,1526,1527,0.15405438366274724
1,1518,1519,0.15405723977274266
1,1519,1520,0.15405992324433232
1,1513,1514,0.1540624444923692
1,1527,1528,0.15406481330536462
1,1515,1516,0.15406703888296683
1,1534,1535,0.1540691298712148
1,1533,1534,0.15407109439569835
1,1529,1530,0.15407294009274705
1,1526,1527,0.15407467413876347
1,1515,1516,0.15407630327780975
1,1514,1515,0.1540778338475511
1,1530,1531,0.15407927180365194
1,1517,1518,0.15408062274271692
1,1517,1518,0.15408189192386207
1,1517,1518,0.15408308428899736
1,1518,1519,0.1540842044818974
1,1521,1522,0.15408525686613092
1,1517,1518,0.1540862455419179
1,1499,1500,0.1540871743619773
1,1513,1514,0.15408804694642556
1,1517,1518,0.15408886669678215
1,1515,1516,0.15408963680913562
1,1531,1532,0.15409036028651993
1,1518,1519,0.15409103995054774
1,1502,1503,0.15409167845234592
1,1515,1516,0.1540922782828337
1,1507,1508,0.15409284178238392
1,1501,1502,0.15409337114990326
1,1510,1511,0.15409386845136663
1,1506,1507,0.15409433562783847
1,1511,1512,0.15409477450301115
1,1515,1516,0.15409518679029025
0,1506,1506,0.15409557409945257
