1359,29,1388,0.1357959190969115
1393,29,1422,0.13297611497386846
1418,31,1449,0.13031887212989468
1451,33,1484,0.12783181456525308
1450,33,1483,0.1254759922656506
1440,33,1473,0.12333685011037199
1448,34,1482,0.12141871567901863
1441,32,1473,0.11965373089010298
1454,30,1484,0.11806860265318007
1450,30,1480,0.11659362299874676
1464,28,1492,0.1152641566920268
1469,28,1497,0.11402035044472619
1475,27,1502,0.11287702469093705
1459,27,1486,0.11182357173132423
1471,27,1498,0.11090504016095498
1465,27,1492,0.11004093078764807
1466,27,1493,0.10926870072544599
1475,27,1502,0.10856371777310002
1476,28,1504,0.10790175410860219
1474,29,1503,0.10729577977705475
1462,28,1490,0.1067485564253857
1451,29,1480,0.10628033081400418
1441,30,1471,0.10588013093985203
1438,30,1468,0.10553998843403271
1460,30,1490,0.10523732089371346
1458,29,1487,0.10491201522119514
1465,29,1494,0.10462339242093435
1465,29,1494,0.10434283683193142
1475,27,1502,0.10408712474005799
1482,28,1510,0.10383290856279775
1488,30,1518,0.10358511646932307
1480,30,1510,0.10334253066172859
1478,29,1507,0.10314035502461431
1476,28,1504,0.10296362976679814
1478,27,1505,0.10280885079757311
1483,28,1511,0.10266218901671156
1479,31,1510,0.10251681494306776
1467,31,1498,0.10239323100590263
1467,30,1497,0.10230806973846952
1465,29,1494,0.10223052263834674
1453,29,1482,0.10216511597019803
1447,29,1476,0.10213386881368754
1460,29,1489,0.10212019385994381
1461,29,1490,0.10207764145836445
1461,28,1489,0.10203729379682304
1443,29,1472,0.10199841083818793
1455,30,1485,0.10200491314518213
1459,31,1490,0.10198595873242411
1461,31,1492,0.10196082314777698
1467,31,1498,0.10193298892753891
1437,30,1467,0.10189254678051612
1438,32,1470,0.10192180734351924
1441,31,1472,0.10194732080712904
1446,32,1478,0.10196585802306217
1464,34,1498,0.10197326873480166
1474,34,1508,0.10194112014607239
1465,35,1500,0.10188925426291519
1470,33,1503,0.10186094748283675
1471,33,1504,0.10182462475803825
1461,32,1493,0.10178626792988187
1466,33,1499,0.10177255459135255
1468,32,1500,0.10174848098433689
1461,32,1493,0.10172189627224631
1468,33,1501,0.10171317797229967
1474,33,1507,0.10169193360291913
1472,36,1508,0.10165960615995004
1470,36,1506,0.10163640105038532
1463,37,1500,0.1016177791079551
1461,35,1496,0.10161687535696164
1450,38,1488,0.10162148777999208
1450,37,1487,0.10165150295807727
1460,35,1495,0.10168112632243559
1470,36,1506,0.10168324313606353
1464,34,1498,0.10166195931440956
1469,32,1501,0.10165736135480624
1462,32,1494,0.10164348171769094
1463,32,1495,0.10164645022344257
1459,32,1491,0.10164676321192356
1460,32,1492,0.10165775259424766
1469,34,1503,0.10166572430325255
1464,31,1495,0.10165059059035324
1455,32,1487,0.10164810760394782
1469,31,1500,0.10166520110061547
1468,31,1499,0.1016474511905764
1470,30,1500,0.10163471418956928
1466,29,1495,0.10161913266889414
1456,27,1483,0.10161248190907032
1451,26,1477,0.10162869138792835
1453,28,1481,0.1016540277972554
1467,28,1495,0.1016742467792145
1456,26,1482,0.10166227092707253
1442,25,1467,0.10167596838123355
1450,25,1475,0.10171732399352944
1460,25,1485,0.10173919723236655
1451,24,1475,0.10173737964360678
1458,25,1483,0.10175433383474171
1474,27,1501,0.10175246978256411
1467,26,1493,0.10171465209606641
1467,25,1492,0.10169441962196839
1460,27,1487,0.10167747378400441
1455,27,1482,0.10167925218499249
1466,30,1496,0.10169174434813383
1447,31,1478,0.10167827278813021
1444,32,1476,0.10170818228026
1451,34,1485,0.10174281243892505
1456,31,1487,0.10175939908488721
1452,30,1482,0.1017638847535358
1454,28,1482,0.10177481158365069
1450,28,1478,0.10178180257260834
1445,30,1475,0.10179474402803304
1460,30,1490,0.1018192352955287
1460,27,1487,0.10180773856895226
1461,28,1489,0.10179649038794583
1449,30,1479,0.10178401609004312
1446,31,1477,0.10179953823114228
1451,31,1482,0.10181998002505006
1453,32,1485,0.10182777232541089
1453,30,1483,0.10183016145230755
1446,32,1478,0.10183374674167998
1461,31,1492,0.10185246476610609
1467,30,1497,0.10183608439865541
1457,30,1487,0.10180841537935943
1451,31,1482,0.10180540262198605
1444,31,1475,0.1018133629936347
1458,32,1490,0.10183877155393456
1463,31,1494,0.10183086213902984
1461,31,1492,0.10181262487654635
1462,32,1494,0.10180213677694294
1460,32,1492,0.10178970766694086
1463,34,1497,0.10178366626109556
1461,34,1495,0.10177275121493082
1458,32,1490,0.10176576334703177
1436,33,1469,0.10176721909819524
1442,32,1474,0.1018184841115643
1445,30,1475,0.1018511688711394
1451,30,1481,0.10187259207041453
1463,31,1494,0.10188145857384415
1473,33,1506,0.10186129743728867
1474,31,1505,0.10181802333099096
1483,31,1514,0.10177681798118943
1492,30,1522,0.1017185527575265
1485,29,1514,0.10164527325391011
1485,30,1515,0.10159516862164043
1472,29,1501,0.10154768219479796
1465,30,1495,0.10153385322785842
1453,30,1483,0.10153808935234948
1456,29,1485,0.1015697091461077
1464,28,1492,0.10158839142792499
1468,29,1497,0.10158868036378678
1475,30,1505,0.10158099330711684
1471,32,1503,0.10155944884294175
1463,31,1494,0.10154861649048737
1481,32,1513,0.10155606436683101
1467,32,1499,0.10152135810175052
1455,33,1488,0.10152187694310928
1452,34,1486,0.10155016342127077
1457,35,1492,0.1015819818617662
1465,34,1499,0.10160219443468041
1464,33,1497,0.10160470856671637
1460,32,1492,0.1016080252804759
1442,33,1475,0.10162093448521892
1439,33,1472,0.10167292807252254
1445,33,1478,0.10172740188680464
1447,34,1481,0.10176251893835715
1448,34,1482,0.10178689598053552
1438,34,1472,0.10181030953138116
1431,33,1464,0.1018540209458385
1450,33,1483,0.10190879553221839
1455,35,1490,0.10191857880859571
1461,35,1496,0.10191484157388185
1469,35,1504,0.10189811323171809
1470,34,1504,0.10186496036688641
1466,34,1500,0.10183143639210021
1465,33,1498,0.1018089035269361
1465,34,1499,0.1017907358069931
1461,33,1494,0.10177565212919971
1466,34,1500,0.10176930234638164
1462,34,1496,0.10175470547920373
1458,34,1492,0.10174848596348891
1475,32,1507,0.10175301230677665
1479,31,1510,0.1017173726281539
1474,32,1506,0.10167686629744249
1466,33,1499,0.10165223368601323
1461,36,1497,0.10164908985367507
1463,37,1500,0.10165595983355423
1450,37,1487,0.10165818403420232
1442,36,1478,0.10169096911942997
1444,36,1480,0.10173819586685968
1448,36,1484,0.10177704090998194
1451,36,1487,0.10180438320415795
1459,38,1497,0.10182210195028298
1467,37,1504,0.10182040252957382
1474,36,1510,0.10180108082146645
1471,36,1507,0.10176456737369338
1467,38,1505,0.10173887776560296
1467,39,1506,0.10172408745376707
1467,38,1505,0.10171156259510088
1468,38,1506,0.10170187006877278
1458,35,1493,0.10169218109425243
1464,37,1501,0.10170512048681055
1483,37,1520,0.10170131283888843
1472,37,1509,0.10165368394370702
1469,37,1506,0.1016354450727893
1475,37,1512,0.10162481779984642
1471,37,1508,0.10160363229497898
1471,36,1507,0.10159290011787431
1469,35,1504,0.10158226326482372
1462,34,1496,0.10157562579293605
1454,32,1486,0.10158396489445798
1469,33,1502,0.10161245233733726
1464,33,1497,0.1016046763084688
1464,33,1497,0.10160601486351656
1445,31,1476,0.10160977880077247
1438,33,1471,0.10165468634393494
1449,33,1482,0.10171331308890244
1460,34,1494,0.10174292594937202
1450,34,1484,0.1017457359331619
1447,35,1482,0.10177004630939933
1442,37,1479,0.101799880091719
1453,35,1488,0.10183792357085496
1436,37,1473,0.10184781125479418
1450,39,1489,0.1018936830317275
1459,40,1499,0.10190519824340287
1451,41,1492,0.10189511607463134
1463,42,1505,0.10190430677204784
1458,44,1502,0.10188432394739873
1452,43,1495,0.10187830929073538
1462,43,1505,0.10188747023916524
1465,41,1506,0.10187351973660923
1455,41,1496,0.10185382123646282
1450,41,1491,0.10185978813903052
1443,41,1484,0.10187685869348409
1451,42,1493,0.10190964970890601
1449,40,1489,0.10192196204507815
1458,41,1499,0.10193687471393162
1448,42,1490,0.10193099349002561
1452,41,1493,0.10194717118018691
1441,42,1483,0.10195164922379496
1451,43,1494,0.10197988882288993
1450,42,1492,0.10198194262893782
1458,45,1503,0.10198722966234086
1448,43,1491,0.10197462814908632
1456,41,1497,0.1019873937632659
1442,43,1485,0.10197921800047091
1434,47,1481,0.10200231636376365
1459,46,1505,0.1020422111577937
1469,44,1513,0.10202496820365539
1453,46,1499,0.10198910432009288
1455,47,1502,0.10199250541173711
1451,47,1498,0.10199104847413099
1455,48,1503,0.10199701858848836
1463,47,1510,0.10199450871935184
1456,47,1503,0.10197479642957685
1453,48,1501,0.10197178774157228
1448,47,1495,0.10197618836406715
1444,46,1490,0.1019917709616653
1438,46,1484,0.10201495985201542
1461,46,1507,0.10205158072159343
1459,44,1503,0.10203288380276178
1458,43,1501,0.10201856363829412
1460,44,1504,0.10200827625538954
1462,44,1506,0.10199643967600881
1453,45,1498,0.10197821550564072
1445,45,1490,0.10198245099937356
1446,49,1495,0.10200423624461515
1432,48,1480,0.10202171091323478
1428,48,1476,0.10206951511483187
1436,50,1486,0.10212349999248221
1454,48,1502,0.10215623030836003
1458,47,1505,0.10214377310067414
1453,49,1502,0.10212458499156442
1453,46,1499,0.10211737437964107
1454,47,1501,0.10211055365505117
1457,47,1504,0.10210330052269054
1453,46,1499,0.10209068815606981
1448,45,1493,0.1020875281879038
1450,44,1494,0.10209283515354642
1454,47,1501,0.10209484544062879
1446,47,1493,0.10208667162131768
1450,48,1498,0.10209705282452973
1447,47,1494,0.10209976551830995
1449,46,1495,0.10210717159940487
1450,49,1499,0.10211091099509641
1459,49,1508,0.10211192450709529
1463,50,1513,0.1020923692756681
1452,48,1500,0.10206531670738621
1453,47,1500,0.1020637324813573
1468,48,1516,0.10206163434047631
1469,47,1516,0.10202394115826202
1464,46,1510,0.10198680124577798
1466,48,1514,0.10196414454497844
1460,47,1507,0.10193874326443525
1444,49,1493,0.10192919375185351
1445,49,1494,0.10195692641573163
1445,49,1494,0.10198120701251721
1453,50,1503,0.10200553335532035
1459,49,1508,0.10201091168509777
1455,49,1504,0.10199983547034411
1454,44,1498,0.10199731177226777
1447,46,1493,0.10199838200225338
1454,48,1502,0.10201819500313004
1451,50,1501,0.10202055175067538
1446,51,1497,0.10202730109565028
1441,51,1492,0.10204536102004269
1440,50,1490,0.10207517790139159
1440,55,1495,0.10210472320925856
1449,57,1506,0.10213190430897619
1437,56,1493,0.10213803329289947
1438,57,1495,0.10217115284484538
1433,57,1490,0.10220149931732138
1432,58,1490,0.10224085308605221
1436,58,1494,0.10227961870684961
1435,58,1493,0.10230602349522559
1435,58,1493,0.10233021086670352
1435,57,1492,0.10235230189587817
1446,59,1505,0.1023728290035248
1436,61,1497,0.10236704143648075
1426,62,1488,0.10238476454721028
1413,63,1476,0.10242312520461785
1420,61,1481,0.10248715645440351
1417,66,1483,0.1025297154557788
1423,66,1489,0.10257827959769733
1437,65,1502,0.10261012459511504
1438,65,1503,0.10260695071340668
1444,64,1508,0.10260355229579743
1422,67,1489,0.10258613043091243
1416,67,1483,0.10261940283258653
1425,70,1495,0.10266594318564326
1416,71,1487,0.1026881388692383
1415,70,1485,0.10273125369023589
1414,70,1484,0.10277184848708502
1429,74,1503,0.10281003013783337
1425,71,1496,0.10280934758052847
1426,69,1495,0.10281971324261235
1424,69,1493,0.10282768416027616
1419,71,1490,0.10284096888832601
1418,71,1489,0.10286457603088867
1421,72,1493,0.10288893780981746
1423,73,1496,0.10290521535290209
1423,73,1496,0.10291503884384286
1409,75,1484,0.10292250678955654
1417,75,1492,0.10296109220556808
1408,77,1485,0.10298228105072994
1409,76,1485,0.10302108358503802
1408,72,1480,0.10305494376199405
1412,73,1485,0.10308722585051874
1426,73,1499,0.10310601990867031
1418,71,1489,0.10309266085550188
1424,71,1495,0.1030973455052198
1422,74,1496,0.10308984815354055
1411,73,1484,0.10308606262280107
1414,73,1487,0.10310825715969592
1419,72,1491,0.10312137777624075
1418,73,1491,0.10312335715856527
1423,71,1494,0.10312776625545902
1422,70,1492,0.10312155719708467
1413,72,1485,0.10311857011424262
1433,73,1506,0.10313509432742426
1439,74,1513,0.10310272138830669
1433,73,1506,0.10306040158341107
1421,71,1492,0.10303597377373468
1416,72,1488,0.10304029558757076
1421,74,1495,0.10305594500094316
1429,75,1504,0.10306002785192707
1420,74,1494,0.10304711078182191
1419,76,1495,0.10305653419672961
1419,72,1491,0.10306698788321125
1416,71,1487,0.10307761064571157
1416,70,1486,0.10309284174793358
1422,72,1494,0.10310621051006556
1429,72,1501,0.10310595857842379
1424,72,1496,0.10308792090524832
1423,72,1495,0.10308259403510502
1423,71,1494,0.10307844300749376
1399,69,1468,0.10307415179861155
1406,70,1476,0.10312450331084694
1400,69,1469,0.1031540999595214
1403,69,1472,0.1031953703344717
1402,70,1472,0.10322718539209713
1418,70,1488,0.1032595444389824
1433,68,1501,0.10325201743087899
1429,66,1495,0.10321010583099159
1430,67,1497,0.10317965000109043
1423,68,1491,0.10314840913674192
1429,70,1499,0.10313545402549959
1402,71,1473,0.10311027336043242
1399,76,1475,0.10314836428152184
1406,74,1480,0.10319091600884579
1410,75,1485,0.10321518520827261
1416,75,1491,0.10322632988541898
1424,77,1501,0.10322405252483885
1423,75,1498,0.10320190960773033
1419,74,1493,0.10318510882688779
1421,75,1496,0.10317865459308928
1402,79,1481,0.10316966983627969
1401,78,1479,0.10320541985665298
1405,82,1487,0.10324304365340453
1415,79,1494,0.10326764605257827
1410,77,1487,0.10326933935344072
1413,78,1491,0.10328147731725477
1413,78,1491,0.1032854926961
1414,82,1496,0.10328899174447574
1405,79,1484,0.10329090771893984
1410,76,1486,0.10331184403336251
1409,79,1488,0.10332004445345187
1414,79,1493,0.10332981551251433
1417,81,1498,0.10332682320460736
1416,80,1496,0.10331826491001089
1416,79,1495,0.10331327177948957
1421,79,1500,0.10330681909751037
1424,78,1502,0.10328810826895189
1409,79,1488,0.10326491770916107
1407,79,1486,0.10327841163743676
1408,76,1484,0.1032955555152346
1408,79,1487,0.10331023309839522
1421,82,1503,0.10332673409696433
1411,86,1497,0.1033135717594169
1412,88,1500,0.10332326396650197
1408,90,1498,0.10332943845125925
1395,92,1487,0.10334317437711546
1415,91,1506,0.1033853751397555
1410,92,1502,0.10338165455194734
1399,92,1491,0.10339210593547811
1400,89,1489,0.10342807032431267
1395,91,1486,0.1034568707634929
1398,90,1488,0.1034948342648543
1416,90,1506,0.10352298288689778
1410,91,1501,0.10350677819935364
1414,93,1507,0.1035041507321371
1429,95,1524,0.1034932615136762
1424,94,1518,0.1034493401583208
1408,95,1503,0.10342165894900664
1396,94,1490,0.10343389063473986
1400,94,1494,0.10347220872460153
1390,92,1482,0.1035016358210381
1382,91,1473,0.10355014006606482
1396,94,1490,0.10361362442318832
1405,97,1502,0.10363994755342698
1404,97,1501,0.10364418165097654
1401,98,1499,0.10364932435063043
1399,100,1499,0.10366086392175329
1390,99,1489,0.10367777852086693
1391,102,1493,0.10371624067992087
1403,102,1505,0.10374899018244861
1392,107,1499,0.10375058191726144
1399,107,1506,0.10377630301041876
1405,106,1511,0.10378704037692753
1397,103,1500,0.10378392157323307
1380,110,1490,0.10380017395955037
1386,107,1493,0.10385141404872064
1398,106,1504,0.10388653573938893
1398,112,1510,0.10388957906817584
1392,113,1505,0.1038927683127591
1377,115,1492,0.10391114754223203
1378,114,1492,0.10396283463309607
1374,115,1489,0.10400849638236241
1384,116,1500,0.10405993174193749
1372,115,1487,0.10408461950602878
1382,120,1502,0.1041362013677005
1393,116,1509,0.10416236992703187
1384,113,1497,0.10416237836047042
1379,115,1494,0.10418268858300937
1380,117,1497,0.10421042689494747
1383,115,1498,0.10423628059238393
1385,117,1502,0.10425415271404159
1390,117,1507,0.10426501721560695
1377,117,1494,0.10426567995205394
1371,120,1491,0.10429480755165109
1372,122,1494,0.10433678892221941
1366,121,1487,0.10437211424934208
1358,116,1474,0.10441907967751078
1361,116,1477,0.10447946964472571
1369,117,1486,0.10452606472634166
1369,112,1481,0.10455219714577613
1375,114,1489,0.10457459140493754
1382,111,1493,0.10458201092652723
1395,112,1507,0.10457347796019002
1391,112,1503,0.1045332283708845
1394,114,1508,0.10450354462002659
1396,113,1509,0.10447113027945662
1389,113,1502,0.10443886032829315
1373,112,1485,0.1044244491438533
1382,109,1491,0.1044446785140455
1390,109,1499,0.10444616485658073
1391,111,1502,0.1044288548032997
1395,115,1510,0.10440972946910242
1396,114,1510,0.1043818254493738
1399,114,1513,0.10435464903471704
1390,115,1505,0.10432465586371599
1378,118,1496,0.10431778359694349
1372,118,1490,0.10433840212427459
1365,120,1485,0.10437195686240106
1371,115,1486,0.10442159121214659
1365,114,1479,0.10445028224279827
1369,118,1487,0.10448685670694942
1362,121,1483,0.10451408007114305
1359,121,1480,0.10455681540162405
1361,120,1481,0.10460175268907915
1363,119,1482,0.1046397530672952
1371,119,1490,0.10467034293012503
1372,119,1491,0.10467969468564028
1383,121,1504,0.10468859895739428
1387,121,1508,0.10467133575264997
1375,118,1493,0.10464616292646371
1370,116,1486,0.10464916867393463
1360,116,1476,0.10466276279642214
1364,116,1480,0.1046959910730755
1369,112,1481,0.10471725210670293
1378,113,1491,0.10472613666204829
1376,116,1492,0.10471497385225423
1355,124,1479,0.10470812323030511
1358,125,1483,0.10475250005696025
1365,124,1489,0.10478823879919241
1356,126,1482,0.10480714572918287
1352,127,1479,0.10484350756228335
1358,121,1479,0.10488611535496639
1348,120,1468,0.10491033693501503
1355,124,1479,0.10495701309425277
1355,128,1483,0.1049833830176993
1347,127,1474,0.10500566866358846
1362,127,1489,0.10504655049390074
1356,121,1477,0.10504616282772827
1351,126,1477,0.10506052172012875
1351,124,1475,0.10508527238174148
1358,129,1487,0.1051075527494593
1355,131,1486,0.10511072747400553
1366,126,1492,0.10512248133671495
1365,123,1488,0.10510835590764288
1361,127,1488,0.10509819519695003
1364,125,1489,0.105098246193728
1373,125,1498,0.10509035731172453
1371,125,1496,0.10506339492843524
1360,124,1484,0.10504319145788962
1369,125,1494,0.10505087859086885
1367,127,1494,0.10503950562511401
1380,131,1511,0.10503487436548876
1397,124,1521,0.1050010750030466
1390,122,1512,0.10493085292566023
1394,120,1514,0.10488159408355982
1380,125,1505,0.10482543098473396
1373,125,1498,0.10480577507622572
1366,123,1489,0.10480203720815787
1353,121,1474,0.10481583684327159
1356,121,1477,0.10485750389557763
1363,122,1485,0.10489103470358746
1381,127,1508,0.10490803710558395
1367,129,1496,0.10488239689383651
1366,128,1494,0.10488948172512004
1369,125,1494,0.10490032500365455
1366,129,1495,0.10490191537796723
1360,132,1492,0.10490840156466667
1363,129,1492,0.10492862165565413
1369,129,1498,0.10494030491241307
1372,128,1500,0.10493843786867363
1376,139,1515,0.10493059829302834
1371,134,1505,0.10491518868459955
1366,138,1504,0.10491226528783003
1370,138,1508,0.1049195087064122
1361,135,1496,0.10491865598756393
1354,137,1491,0.10493939153390439
1365,138,1503,0.10497483163078462
1357,137,1494,0.10498055101819982
1356,140,1496,0.10500372761737778
1357,143,1500,0.10502761576560825
1342,142,1484,0.10504898704738153
1354,145,1499,0.10510162018242386
1351,146,1497,0.10512527707260563
1356,145,1501,0.10515448846880307
1350,147,1497,0.10516827268479517
1353,147,1500,0.10519676788370046
1347,146,1493,0.10521537132947464
1354,146,1500,0.10524529153797589
1348,148,1496,0.10525909367006736
1335,143,1478,0.1052854155551681
1341,141,1482,0.10534003314810367
1349,146,1495,0.10537732527988516
1347,150,1497,0.10539473775838605
1346,146,1492,0.10541463044229558
1350,145,1495,0.1054338842669694
1356,145,1501,0.10544346676324798
1361,141,1502,0.10544076010869084
1352,141,1493,0.10542580262164528
1349,139,1488,0.10543072764080094
1357,139,1496,0.10544376150450371
1350,140,1490,0.10543574874932266
1337,145,1482,0.10544355847572326
1342,143,1485,0.10548098738212902
1357,137,1494,0.10550315646130998
1351,138,1489,0.10548915902074223
1353,137,1490,0.10548800358619513
1344,136,1480,0.10548204742889876
1337,140,1477,0.1054988376870554
1336,143,1479,0.10552869500913005
1351,140,1491,0.10555861454088611
1348,142,1490,0.10555064528661655
1358,144,1502,0.10554860913304513
1356,140,1496,0.10552570983922437
1364,139,1503,0.10550968636469772
1369,142,1511,0.1054757172896121
1359,139,1498,0.10543306890328302
1359,141,1500,0.10541581946125689
1347,141,1488,0.10540164861697264
1348,141,1489,0.10541543350241626
1361,139,1500,0.10542622735418238
1352,137,1489,0.10540803333025099
1341,139,1480,0.10541101452188373
1351,137,1488,0.10543916687556967
1353,137,1490,0.10544180801893525
1359,140,1499,0.10543996146549137
1368,141,1509,0.10542365707793355
1352,141,1493,0.10538976076398442
1339,143,1482,0.10539314993573587
1341,143,1484,0.10542606711797753
1355,143,1498,0.10545240049686391
1347,138,1485,0.10544621906602927
1347,138,1485,0.10545941547286716
1357,143,1500,0.1054710145807006
1353,144,1497,0.10545969453368428
1356,144,1500,0.10546063334953036
1364,146,1510,0.10545344895992483
1371,151,1522,0.10543014053960316
1369,148,1517,0.1053919944414747
1357,152,1509,0.10536009167376534
1353,151,1504,0.10535713376892537
1356,148,1504,0.10536444624464618
1354,149,1503,0.10536443666773326
1343,153,1496,0.10536962778607804
1351,155,1506,0.10539994629955622
1342,151,1493,0.10541311467266214
1333,153,1486,0.10544493067796872
1341,156,1497,0.10549567125400511
1332,156,1488,0.10552385862249265
1330,154,1484,0.10557275176341879
1342,149,1491,0.10562387218248595
1333,156,1489,0.10564339855818951
1344,158,1502,0.10568139887657174
1350,155,1505,0.1056910910350479
1352,153,1505,0.1056877117930463
1352,148,1500,0.10568096757867965
1353,150,1503,0.10566903922141795
1337,155,1492,0.10565773980228318
1335,155,1490,0.10568232264748122
1338,156,1494,0.1057109660159214
1340,156,1496,0.10572999865703164
1342,160,1502,0.10574293499248992
1334,156,1490,0.10575132862310072
1329,157,1486,0.105777887320728
1332,155,1487,0.10581480141591364
1330,155,1485,0.1058395994534708
1334,155,1489,0.10586325026093889
1343,151,1494,0.10587556266631003
1337,152,1489,0.10586700576908199
1335,152,1487,0.10587356611347636
1339,153,1492,0.1058827447810562
1342,154,1496,0.10588391467662063
1338,151,1489,0.10587895443796544
1348,150,1498,0.10588376025717934
1342,151,1493,0.10586397301779897
1348,149,1497,0.10585805798613819
1342,152,1494,0.10583931016649563
1344,155,1499,0.10583722351316617
1339,156,1495,0.10583120212598614
1325,155,1480,0.1058375248390347
1333,157,1490,0.10587385646588927
1340,158,1498,0.10589160061121085
1354,160,1514,0.10589231616943406
1348,160,1508,0.10586199472466813
1346,159,1505,0.10584726627593437
1341,157,1498,0.10583951929495304
1341,153,1494,0.10584475636925421
1352,160,1512,0.10585063753225929
1350,161,1511,0.1058288735567552
1352,163,1515,0.10581363481193513
1346,159,1505,0.10579452884668825
1350,159,1509,0.1057902273828351
1342,163,1505,0.10577937166380995
1339,165,1504,0.10578693001332869
1339,165,1504,0.10580166798525555
1333,166,1499,0.10581326391421779
1332,167,1499,0.10583918422688074
1336,172,1508,0.10586625195735407
1329,174,1503,0.10588253960109785
1325,175,1500,0.10591503354698699
1329,173,1502,0.10595508703950497
1320,175,1495,0.10598210118419246
1328,174,1502,0.10602809210921656
1336,174,1510,0.1060525813402214
1330,177,1507,0.10605872565207954
1318,170,1488,0.10607991097606075
1325,169,1494,0.1061274038332667
1319,168,1487,0.10615273547450482
1325,173,1498,0.10618783776481955
1318,170,1488,0.10620571309498195
1324,165,1489,0.10623915338816517
1311,158,1469,0.10625466213209364
1311,156,1467,0.10629449702029742
1314,161,1475,0.10633149372805586
1314,167,1481,0.10636038193568595
1308,172,1480,0.1063888396843457
1311,166,1477,0.10642769142819798
1319,164,1483,0.106457010439571
1322,163,1485,0.10646223442769845
1320,159,1479,0.10646087727962489
1326,164,1490,0.10646383105494756
1333,164,1497,0.10645224455761985
1332,162,1494,0.10642893535180363
1340,166,1506,0.10640940464910437
1335,164,1499,0.10637251154484041
1336,164,1500,0.10635047662799252
1336,165,1501,0.10632553064250605
1328,161,1489,0.10630398321630712
1325,160,1485,0.10630239284782327
1332,159,1491,0.10630854572009923
1335,160,1495,0.10629816779300383
1335,158,1493,0.10628004024757548
1337,159,1496,0.10626263302677515
1331,158,1489,0.10624273547567561
1334,163,1497,0.10623746624634639
1332,164,1496,0.1062249358422222
1331,171,1502,0.10621855669684419
1342,171,1513,0.10621617976042852
1336,168,1504,0.10619070217134283
1336,167,1503,0.10617992581999154
1333,172,1505,0.10617015721290364
1333,171,1504,0.10616663642867881
1317,171,1488,0.10616403364477753
1321,171,1492,0.1061982758200621
1327,169,1496,0.10622332588894087
1327,174,1501,0.10623497182836374
1326,168,1494,0.10624622912294171
1334,165,1499,0.10625819809522684
1327,172,1499,0.10625058093555442
1323,170,1493,0.10625832283664156
1324,172,1496,0.10627487966647055
1321,172,1493,0.10628883119817834
1316,169,1485,0.10631042141402121
1310,174,1484,0.10634008998161841
1317,175,1492,0.10638307013971458
1316,179,1495,0.10640666485874255
1307,179,1486,0.10642951331060914
1307,182,1489,0.10647279443371001
1296,181,1477,0.10651089062433469
1299,181,1480,0.10657117984460462
1293,181,1474,0.10661985287227203
1297,183,1480,0.10667897334254998
1299,179,1478,0.1067245162050229
1309,175,1484,0.10676165479197718
1316,175,1491,0.10677187833677665
1315,173,1488,0.10676468054190506
1318,178,1496,0.10676125530424337
1313,175,1488,0.10675023429271484
1325,181,1506,0.10675294545116212
1338,179,1517,0.10672725552005768
1328,184,1512,0.10667545963019794
1311,182,1493,0.1066483525711704
1314,186,1500,0.10666301340629321
1311,184,1495,0.1066700289336352
1313,185,1498,0.1066839263423958
1319,185,1504,0.10669203419745849
1319,187,1506,0.10669085028055258
1313,188,1501,0.10669104205046948
1311,187,1498,0.10670594044664
1319,187,1506,0.10672434988454577
1313,187,1500,0.1067198274856964
1308,187,1495,0.10673063790892286
1321,188,1509,0.10675197781451168
1304,190,1494,0.10674154875286293
1296,188,1484,0.10677025474278169
1296,191,1487,0.10681630173484201
1297,190,1487,0.10685951980501544
1307,191,1498,0.10689750144746021
1304,184,1488,0.10690981181300951
1294,186,1480,0.1069297710644555
1310,188,1498,0.10696773627978544
1328,186,1514,0.10696744428612416
1311,186,1497,0.10692913176197656
1303,184,1487,0.10693270852178043
1298,190,1488,0.10695295161652535
1304,189,1493,0.10698316917092372
1310,192,1502,0.10699830565188545
1315,192,1507,0.10699855475188379
1309,192,1501,0.10698948650396374
1307,190,1497,0.10699514816862736
1309,193,1502,0.10700342730579558
1306,193,1499,0.1070067501933546
1307,193,1500,0.10701724259908536
1305,194,1499,0.10702186825631572
1306,194,1500,0.1070311645064238
1300,189,1489,0.10703894482471639
1292,190,1482,0.10705743679968069
1297,188,1485,0.10709502301412872
1299,189,1488,0.10711723792015354
1302,184,1486,0.10713015970822994
1305,183,1488,0.10713659696512284
1314,187,1501,0.10713720773602976
1309,183,1492,0.10711940199016073
1318,187,1505,0.10711177978776952
1334,189,1523,0.1070841813434528
1327,189,1516,0.10702624916752194
1323,189,1512,0.10698766894401592
1331,186,1517,0.10696329228331464
1322,188,1510,0.106922723498041
1310,188,1498,0.10690629957804773
1303,194,1497,0.10691923529504117
1310,197,1507,0.10694764536066394
1303,195,1498,0.10695827699624413
1309,189,1498,0.10698638212435413
1312,196,1508,0.10699810408072188
1312,198,1510,0.10700208309117042
1305,199,1504,0.10700383059379609
1302,200,1502,0.10702336144168217
1307,194,1501,0.10704663609520867
1302,188,1490,0.10705760312979122
1304,194,1498,0.10707748909812231
1300,199,1499,0.10709290808619785
1303,200,1503,0.10711639277431172
1311,205,1516,0.10713200466574736
1301,209,1510,0.10712964775477536
1295,207,1502,0.10715019735633163
1293,208,1501,0.10718377056300409
1281,205,1486,0.10722012733655509
1293,208,1501,0.10728083733993621
1292,204,1496,0.1073096432521947
1303,204,1507,0.10733539606679753
1296,205,1501,0.10733489766392607
1278,206,1484,0.10734984887766881
1283,205,1488,0.10740552772364996
1277,206,1483,0.10744538795768581
1276,205,1481,0.1074948685324878
1284,210,1494,0.107540575306372
1279,208,1487,0.10756467549024534
1271,209,1480,0.10759878489167012
1272,213,1485,0.1076491483990181
1276,207,1483,0.10769447127016112
1275,205,1480,0.10772780507748206
1267,212,1479,0.10776281340640892
1240,216,1456,0.10781113781586597
1265,215,1480,0.10792003267655663
1274,217,1491,0.10796305918265073
1284,214,1498,0.10798388196547183
1280,217,1497,0.10797965402627131
1286,212,1498,0.10798446912625113
1280,215,1495,0.10797458630474993
1288,220,1508,0.1079803713114486
1294,215,1509,0.10796869239429771
1283,219,1502,0.10794590467251819
1277,215,1492,0.10794708529810773
1273,216,1489,0.10795713625657505
1252,216,1468,0.10797502465052253
1258,219,1477,0.10804102302439376
1267,222,1489,0.10809117389226676
1265,222,1487,0.10811721799496173
1269,211,1480,0.10814796853160452
1275,213,1488,0.10816635966808391
1284,216,1500,0.10817100139692287
1284,223,1507,0.10815539432859989
1283,226,1509,0.1081393770243998
1282,228,1510,0.1081276170215505
1286,232,1518,0.1081211685469012
1276,232,1508,0.10810839257219303
1277,233,1510,0.10812024487037002
1283,235,1518,0.10812468821318158
1278,231,1509,0.10811638086137354
1272,230,1502,0.10812177993144367
1268,230,1498,0.10814069605759066
1267,227,1494,0.10816811886861859
1282,225,1507,0.1081959413701255
1278,233,1511,0.10818943469557155
1272,234,1506,0.10819234111081098
1259,235,1494,0.10821033208513196
1258,235,1493,0.1082566036352026
1250,237,1487,0.10830261977664098
1250,241,1491,0.10836373411751284
1248,240,1488,0.10841885736217641
1253,240,1493,0.10847404127177039
1238,239,1477,0.10851483214120158
1236,240,1476,0.10858641426083036
1239,237,1476,0.10865362515667167
1252,239,1491,0.10870974606604047
1248,240,1488,0.10873149487767723
1251,241,1492,0.10876382367839006
1243,240,1483,0.10878654805936479
1263,240,1503,0.10882447176948425
1253,236,1489,0.1088159949490221
1254,238,1492,0.10882853391336056
1263,240,1503,0.10883825562631629
1267,237,1504,0.10882545628327012
1268,236,1504,0.10880196682524325
1259,233,1492,0.10877871305525826
1259,231,1490,0.10877851806489591
1260,231,1491,0.10877755455327087
1269,231,1500,0.10877282349905308
1262,237,1499,0.10875052397204503
1264,234,1498,0.10874480522034391
1268,235,1503,0.10873536480960819
1253,241,1494,0.10871883197246474
1261,234,1495,0.10873816507720148
1275,233,1508,0.10874003130049381
1259,235,1494,0.10870430867871735
1256,230,1486,0.10870683519424443
1259,230,1489,0.10871659607093351
1258,234,1492,0.10871782333480251
1248,234,1482,0.108720019484585
1252,235,1487,0.10874469638523265
1247,238,1485,0.10876188888449581
1254,236,1490,0.10878869821880958
1252,236,1488,0.10879800816406689
1262,236,1498,0.10881049827163362
1254,240,1494,0.1087971009008123
1255,240,1495,0.10880342512101861
1264,242,1506,0.1088078428270891
1250,242,1492,0.10879208220674826
1264,239,1503,0.10880961469640957
1267,241,1508,0.10879611181190507
1269,248,1517,0.10877937415784192
1256,248,1504,0.10875998203374024
1256,250,1506,0.1087727415419301
1254,251,1505,0.1087841949160412
1256,250,1506,0.10880055408130083
1257,254,1511,0.10881310282139839
1252,255,1507,0.10882286573608976
1262,256,1518,0.10884421210987495
1246,251,1497,0.10884140423662486
1240,254,1494,0.10887295078616667
1251,253,1504,0.10891288800758504
1244,256,1500,0.10892827662814412
1243,257,1500,0.10895913822388689
1242,256,1498,0.1089906664011712
1244,256,1500,0.10902207328848547
1248,257,1505,0.10904877332028139
1248,255,1503,0.10906332460502273
1253,249,1502,0.10907489228814433
1257,249,1506,0.10907613953070219
1247,255,1502,0.1090669952213687
1239,247,1486,0.10908227199279497
1233,257,1490,0.10911470831953012
1237,259,1496,0.10916129357414942
1236,263,1499,0.1091955667890349
1235,263,1498,0.10922810155298146
1235,268,1503,0.10926220593950754
1240,270,1510,0.1092912376661332
1239,259,1498,0.10930714045302478
1242,267,1509,0.10932290596458506
1239,264,1503,0.1093328508419869
1225,265,1490,0.10934906648106639
1222,268,1490,0.10939693150921588
1239,263,1502,0.1094484534543812
1242,267,1509,0.10945610626777218
1234,260,1494,0.10945454843750703
1230,259,1489,0.10947080784809791
1239,264,1503,0.10949795763515065
1231,262,1493,0.10950211734998037
1230,263,1493,0.10952373459538492
1246,264,1510,0.10954582932722826
1254,264,1518,0.1095297151677623
1249,261,1510,0.10949488567418694
1246,265,1511,0.10947257365345227
1242,263,1505,0.10945739140182269
1245,262,1507,0.10945242627665858
1236,263,1499,0.10944240367759055
1233,260,1493,0.10945445082930969
1243,262,1505,0.10947410077968836
1244,264,1508,0.10946871207686273
1246,267,1513,0.1094603667269423
1241,267,1508,0.1094480072895058
1238,268,1506,0.10944860646717817
1232,269,1501,0.1094579313844399
1227,267,1494,0.10948205220053514
1234,262,1496,0.10951659105139043
1238,267,1505,0.10953308978243399
1229,262,1491,0.1095355338604572
1247,263,1510,0.10955755273225275
1243,262,1505,0.10953817393938461
1239,262,1501,0.10952774616222964
1231,266,1497,0.1095267605207777
1231,264,1495,0.10954593518268688
1229,263,1492,0.10956181851287138
1245,257,1502,0.10958392202816741
1247,257,1504,0.10956416474821638
1233,263,1496,0.10954016443757475
1223,266,1489,0.10954807674673368
1216,265,1481,0.1095791132702393
1224,263,1487,0.10962584767008657
1230,269,1499,0.10965231977389081
1224,269,1493,0.109663558138672
1219,267,1486,0.10968802602286669
1214,259,1473,0.1097213655716571
1224,263,1487,0.10976328933739216
1221,267,1488,0.10977865679741475
1219,264,1483,0.10979985364760364
1206,266,1472,0.10982559697656641
1228,264,1492,0.10987896371830118
1227,265,1492,0.1098795868042841
1233,268,1501,0.1098811099658234
1219,268,1487,0.10986854601797379
1213,271,1484,0.10988642556429434
1227,272,1499,0.10991682517709406
1223,271,1494,0.10991607869551
1227,277,1504,0.10992518176767853
1221,276,1497,0.10992561445227463
1226,278,1504,0.10993954562259887
1214,277,1491,0.10993920754948645
1223,276,1499,0.10996678009701878
1225,276,1501,0.10997189058416054
1226,273,1499,0.1099715758246536
1215,277,1492,0.10996761068679327
1214,281,1495,0.10999009059622371
1203,278,1481,0.11001451814404868
1214,280,1494,0.11006211532281217
1225,280,1505,0.11008203192086499
1227,282,1509,0.11007538251429963
1225,279,1504,0.11006584970858606
1220,278,1498,0.11006278978826246
1224,277,1501,0.1100744903274978
1224,276,1500,0.11007674224941179
1223,278,1501,0.110075681660623
1214,280,1494,0.11007873703834711
1221,281,1502,0.11010156158977887
1226,283,1509,0.11010893930558632
1225,279,1504,0.11010132963637204
1221,282,1503,0.11009706585716056
1220,280,1500,0.11010140652829102
1226,282,1508,0.11010780867436423
1211,280,1491,0.11010038389356039
1214,281,1495,0.11012527303659546
1218,285,1503,0.11013984218350853
1210,285,1495,0.11014614312038251
1213,290,1503,0.11017068063707491
1204,289,1493,0.11018808966481193
1202,289,1491,0.11022223496602822
1215,288,1503,0.11026225787791212
1206,286,1492,0.11027175814841012
1203,284,1487,0.11029981190162254
1208,283,1491,0.11033337369465729
1194,284,1478,0.1103526551321052
1188,287,1475,0.11040143199609581
1201,290,1491,0.11045999399972058
1210,298,1508,0.11048428466636129
1211,296,1507,0.11048642890791582
1218,296,1514,0.11048688690293933
1216,293,1509,0.11047225157657552
1199,289,1488,0.11046325462909841
1195,292,1487,0.11049358700399935
1204,298,1502,0.11053283706639759
1207,304,1511,0.11055008675708511
1217,304,1521,0.11055877824660844
1204,303,1507,0.11054559712311943
1208,307,1515,0.11056462282160119
1202,307,1509,0.11057104961351889
1197,310,1507,0.11059152978316139
1185,309,1494,0.11062284905950992
1181,311,1492,0.11067908204392601
1173,314,1487,0.11074256393999052
1185,317,1502,0.11082070628311136
1180,313,1493,0.11086504390375732
1187,308,1495,0.11091608495223276
1183,305,1488,0.11094483009826206
1183,307,1490,0.11097845916112538
1188,305,1493,0.11101062924834562
1189,309,1498,0.11102887070973849
1200,313,1513,0.11104110704317534
1199,307,1506,0.11102847671883506
1182,306,1488,0.11102056864973359
1178,307,1485,0.1110529397009273
1177,311,1488,0.11108942251450556
1178,308,1486,0.11112880240918713
1180,305,1485,0.1111640039597971
1181,306,1487,0.11119429953673327
1174,307,1481,0.1112190573208437
1178,311,1489,0.1112566726098444
1182,316,1498,0.11128310982295546
1189,322,1511,0.11129763786849083
1185,323,1508,0.11129619085699986
1185,321,1506,0.1113055576208587
1185,317,1502,0.11131439064920265
1195,319,1514,0.1113203136119029
1174,324,1498,0.11130562455331117
1178,323,1501,0.11133768616004014
1184,317,1501,0.11136042580886428
1184,321,1505,0.11136770096008376
1179,316,1495,0.11137271866906825
1183,311,1494,0.11138483049974901
1180,312,1492,0.11138738761436631
1171,311,1482,0.1113935835969507
1154,308,1462,0.11142314962842288
1158,313,1471,0.11148974677632165
1177,311,1488,0.11154239252956931
1170,316,1486,0.11154880714756839
1176,309,1485,0.111569753944016
1176,303,1479,0.11157786039415678
1173,298,1471,0.11158137701193542
1175,301,1476,0.11158958188527704
1192,297,1489,0.11159260852481893
1185,298,1483,0.11155525371470411
1194,303,1497,0.1115348100672176
1198,309,1507,0.11149328506536026
1199,304,1503,0.11144779216787105
1202,303,1505,0.11140460759239737
1198,302,1500,0.11135625991085499
1187,299,1486,0.11132012830334044
1198,307,1505,0.11130918510164226
1197,310,1507,0.11127487986881239
1207,309,1516,0.11124750069041564
1213,308,1521,0.11120091501228917
1205,312,1517,0.11114770916260572
1195,312,1507,0.11111776011659559
1189,312,1501,0.11111246319536122
1192,319,1511,0.1111241101857048
1181,322,1503,0.11113000841931629
1187,318,1505,0.11116175077799896
1193,311,1504,0.11117871529649205
1181,310,1491,0.11117869297210767
1175,312,1487,0.11120413524516298
1180,312,1492,0.11124139722009875
1179,314,1493,0.11126416513950677
1167,311,1478,0.11128977921625491
1160,315,1475,0.11134145032818314
1179,325,1504,0.11140507858517001
1184,326,1510,0.11141917582143272
1187,319,1506,0.11142131666218752
1181,322,1503,0.11141569419724164
1167,319,1486,0.11142438504378661
1182,315,1497,0.111463837844857
1193,314,1507,0.11146570727555019
1175,317,1492,0.11144276653671323
1185,317,1502,0.11146133723234328
1174,322,1496,0.11145704823087947
1157,326,1483,0.1114773134819051
1164,327,1491,0.11153629149234696
1168,326,1494,0.11157604613472767
1165,327,1492,0.1116025982130688
1178,325,1503,0.11163481015225152
1178,324,1502,0.11163513492674194
1167,328,1495,0.11163811542601162
1173,326,1499,0.1116655218939876
1188,331,1519,0.1116762037558259
1171,321,1492,0.11165178194565246
1177,334,1511,0.11166643677483135
1156,339,1495,0.11166612557460392
1160,336,1496,0.11171340318823246
1156,332,1488,0.11174762753595001
1153,331,1484,0.1117900700268914
1147,335,1482,0.11183802524207785
1146,336,1482,0.1118955271089067
1142,343,1485,0.11195136256392174
1143,345,1488,0.11201256761276293
1146,341,1487,0.11207011411863099
1151,341,1492,0.11211445734072675
1151,346,1497,0.11214346408035283
1154,339,1493,0.11217057867360128
1157,351,1508,0.11218859524978943
1156,347,1503,0.1121964322394386
1156,345,1501,0.11220596141405938
1155,347,1502,0.1122157931758369
1156,348,1504,0.11222739243982806
1145,350,1495,0.11223711746255863
1155,341,1496,0.11227153693602077
1162,342,1504,0.11228430535142149
1154,346,1500,0.11227991533710682
1137,343,1480,0.11229312200086104
1133,348,1481,0.11234455323049214
1150,344,1494,0.11240340664886879
1163,347,1510,0.11241587153389133
1155,347,1502,0.1123979266046305
1150,349,1499,0.11240087792643212
1156,351,1507,0.11241483977772568
1164,349,1513,0.1124146619653693
1150,353,1503,0.11239476063177531
1132,361,1493,0.11240773366326673
1123,352,1475,0.11245883062393709
1131,356,1487,0.11252732139560606
1143,354,1497,0.11256941937257486
1147,350,1497,0.11258238954715452
1143,345,1488,0.11258775410660796
1130,339,1469,0.11260338807806544
1139,344,1483,0.11264602652168565
1153,339,1492,0.11266298743232835
1165,342,1507,0.11264755016364875
1173,342,1515,0.11260806980768372
1164,344,1508,0.1125521322777708
1168,345,1513,0.11252021668727771
1160,341,1501,0.11248148339871931
1159,342,1501,0.11246314936435056
1165,352,1517,0.11244876722282492
1149,349,1498,0.11241972526662551
1144,350,1494,0.11243015009840907
1151,349,1500,0.11245301863664593
1148,347,1495,0.1124605544973149
1143,348,1491,0.11247336853739999
1143,343,1486,0.11249859523717387
1140,352,1492,0.11252435075259157
1140,355,1495,0.11255476973153968
1138,352,1490,0.11257948421914815
1142,355,1497,0.11260990212370559
1147,353,1500,0.11262845531831005
1151,353,1504,0.11263414808324658
1155,355,1510,0.11262981877038528
1141,356,1497,0.11261705031861455
1140,349,1489,0.1126361429892622
1147,343,1490,0.11265777515825501
1164,342,1506,0.11266209545296757
1166,340,1506,0.11262561727370698
1157,339,1496,0.11258598325675818
1153,337,1490,0.11256929640177851
1156,330,1486,0.11255987569837625
1144,331,1475,0.11254320638941595
1157,336,1493,0.1125540739384449
1162,340,1502,0.11253681092004982
1164,347,1511,0.11251033554808995
1156,356,1512,0.1124824149211742
1153,353,1506,0.11247718769840322
1149,358,1507,0.11247879582072998
1141,356,1497,0.11249104219514294
1142,351,1493,0.1125203731050711
1136,350,1486,0.11254607478023299
1133,346,1479,0.11258401639577859
1135,347,1482,0.11262664904073302
1121,351,1472,0.11266111124222863
1132,347,1479,0.11272759352163135
1125,358,1483,0.1127634689563972
1124,368,1492,0.11281197887742161
1122,368,1490,0.11286067408304663
1123,373,1496,0.11290837648813706
1123,368,1491,0.11295281296055464
1116,365,1481,0.11299301976080171
1128,367,1495,0.11304661954820454
1139,370,1509,0.11307017236627667
1136,370,1506,0.11306958037661208
1135,364,1499,0.11307384192008155
1130,369,1499,0.11308099013000981
1128,373,1501,0.11310012132235585
1128,374,1502,0.11312273764583121
1115,377,1492,0.11314478781445253
1125,372,1497,0.11319599456845078
1127,373,1500,0.11322010699593585
1136,370,1506,0.11323983198345781
1135,372,1507,0.11323816808751166
1132,375,1507,0.11323663993879673
1136,375,1511,0.1132443503528729
1131,380,1511,0.11324283506307602
1137,380,1517,0.11325335520308982
1141,381,1522,0.11324760405767993
1152,377,1529,0.11323458107080413
1137,368,1505,0.11319847280421409
1128,370,1498,0.11319889169342043
1125,374,1499,0.1132189143778965
1123,374,1497,0.11324576091202898
1136,374,1510,0.11327612604210778
1136,377,1513,0.11327384659219913
1138,381,1519,0.11327113699147418
1142,371,1513,0.11326410136172058
1143,369,1512,0.11324638885715324
1133,372,1505,0.11322566729380147
1145,364,1509,0.11322766603880874
1135,367,1502,0.11320395108847904
1130,366,1496,0.11320537282761844
1120,372,1492,0.1132178156909525
1111,369,1480,0.11325126157752469
1128,373,1501,0.1132993577984088
1123,368,1491,0.1133027728143238
1130,374,1504,0.11331781992209475
1134,378,1512,0.1133182720727438
1124,377,1501,0.1133083308476682
1131,375,1506,0.11332229830894298
1125,378,1503,0.11331913712898997
1139,382,1521,0.11332941281944109
1131,380,1511,0.1133066937940126
1120,388,1508,0.11330693719362277
1122,392,1514,0.1133324901163575
1116,393,1509,0.11335553801470712
1105,393,1498,0.11338897560703431
1091,394,1485,0.11344380204360494
1095,389,1484,0.11352777270036793
1090,393,1483,0.11359473803820398
1091,389,1480,0.11367006532230135
1085,401,1486,0.11373796592987709
1088,402,1490,0.11381450278462073
1099,403,1502,0.1138804265920992
1089,402,1491,0.11391749603268893
1087,401,1488,0.11397581624721126
1081,396,1477,0.1140318792525969
1073,399,1472,0.11409703350365998
1076,397,1473,0.11417680137912295
1069,402,1471,0.11424397058326206
1056,412,1468,0.11432394522247977
1068,413,1481,0.11442917428494702
1075,417,1492,0.11449884255534833
1071,424,1495,0.11454626833542214
1067,424,1491,0.11460135986761692
1074,430,1504,0.11466052954257147
1075,427,1502,0.11470139835329944
1080,426,1506,0.11473770395164128
1086,422,1508,0.11475910556238887
1079,424,1503,0.11476503967546645
1067,422,1489,0.11478609103711294
1078,425,1503,0.11483581722916356
1074,422,1496,0.11485626917137366
1084,419,1503,0.11488486855462707
1076,416,1492,0.11488494093965987
1072,416,1488,0.11490446989354387
1070,428,1498,0.11493121766630239
1065,430,1495,0.11496138657693568
1079,437,1516,0.11500239355424621
1080,431,1511,0.1150106426989461
1066,429,1495,0.1150152237250402
1071,441,1512,0.11505323506946055
1061,443,1504,0.11507992801267951
1056,438,1494,0.11512913802663335
1068,438,1506,0.11518519831421381
1067,439,1506,0.11521220408370227
1068,433,1501,0.11523792118669281
1059,433,1492,0.11526005927707023
1064,434,1498,0.11530061550964675
1053,439,1492,0.11532667799043345
1048,440,1488,0.1153766188994027
1046,435,1481,0.11543377588431243
1049,432,1481,0.11549297228434145
1048,442,1490,0.11554303821935229
1038,448,1486,0.11558984946942942
1043,444,1487,0.11565526958890476
1037,442,1479,0.11570444626365334
1043,448,1491,0.1157647290747318
1046,449,1495,0.1158087940578725
1048,458,1506,0.1158434353252725
1049,456,1505,0.11587302582619717
1052,454,1506,0.11589986181438633
1051,451,1502,0.11591926780381198
1042,450,1492,0.11593779458806473
1040,451,1491,0.11597619026665544
1043,453,1496,0.116016377833467
1043,457,1500,0.1160445227901306
1036,462,1498,0.11607037455488094
1027,468,1495,0.11611209054435466
1034,473,1507,0.11617115124363231
1036,478,1514,0.11620912528911029
1041,465,1506,0.11623838631888236
1033,471,1504,0.1162527014895236
1042,473,1515,0.11628412131345406
1037,465,1502,0.11629475023750104
1024,470,1494,0.11631701884800769
1018,472,1490,0.11636883060365463
1028,472,1500,0.11643374036726781
1021,480,1501,0.11647052134859996
1030,489,1519,0.116520942999481
1021,496,1517,0.1165480963637637
1011,493,1504,0.11659493994742193
1008,495,1503,0.1166625515172441
1011,491,1502,0.1167336540758798
1013,489,1502,0.11679306264298717
1024,485,1509,0.11684155240735304
1019,482,1501,0.11686101466463267
1020,483,1503,0.11689134325436827
1014,478,1492,0.11691683603973022
1016,477,1493,0.11695474563240703
1023,481,1504,0.11698497650295937
1013,479,1492,0.1169968296752648
1015,482,1497,0.11703109763726716
1015,480,1495,0.11705656074681153
1008,483,1491,0.11708115132863921
1020,488,1508,0.11712163961502962
1009,485,1494,0.11713306585867897
1009,478,1487,0.1171684847724536
1007,477,1484,0.11720426183380281
1010,477,1487,0.11724029977361833
1005,485,1490,0.11726466284399512
1004,489,1493,0.11729603016434148
1012,487,1499,0.11732762109955097
1008,495,1503,0.11733998636447254
999,492,1491,0.11736098699330264
1002,498,1500,0.11739983813588697
997,492,1489,0.1174327700552427
991,499,1490,0.11747616160742734
988,495,1483,0.1175299833826611
993,505,1498,0.11758585549481326
993,499,1492,0.11762725659789437
996,507,1503,0.1176658531431121
999,507,1506,0.1176975549596101
997,505,1502,0.11772175267653148
991,507,1498,0.11775003019378427
998,511,1509,0.1177911432926887
988,511,1499,0.11781312243832788
982,511,1493,0.11785742831257784
982,517,1499,0.11791340777961942
980,517,1497,0.11796486888518937
985,517,1502,0.1180176178344897
984,520,1504,0.11805633246889422
962,519,1481,0.11809412002323405
969,514,1483,0.11817813380995215
973,521,1494,0.11824110049495157
974,520,1494,0.11829046096420821
962,521,1483,0.11832965034151645
970,525,1495,0.11839308415419081
969,536,1505,0.11843297326436604
970,535,1505,0.11847379432158041
964,537,1501,0.11851270384903236
967,536,1503,0.1185639807275714
963,534,1497,0.1186041352831903
969,537,1506,0.11865073335769791
968,536,1504,0.11867862392428155
962,540,1502,0.11870744520508276
968,544,1512,0.11874838038833041
955,545,1500,0.11877214053498795
952,542,1494,0.11882801480177044
947,540,1487,0.11888437011733444
951,542,1493,0.1189475250710215
952,539,1491,0.11899894408114424
952,537,1489,0.11904496624223956
945,538,1483,0.1190885560568824
950,546,1496,0.11914591950721042
959,545,1504,0.11918686374788838
967,548,1515,0.11920526459277152
956,549,1505,0.11920240411743638
952,553,1505,0.1192260630580245
947,559,1506,0.11925933817421507
946,556,1502,0.1192988320263861
948,559,1507,0.11933949333013136
935,559,1494,0.11937301688329885
933,562,1495,0.11943701865478623
924,557,1481,0.11950193016788849
919,567,1486,0.1195789846259909
923,569,1492,0.11966208612906172
926,570,1496,0.1197307211532917
929,563,1492,0.11978793703438413
930,569,1499,0.11983403148963868
937,579,1516,0.11987641548847183
917,578,1495,0.11989988244018424
911,584,1495,0.11996647751096379
904,584,1488,0.12004076324742279
911,591,1502,0.12012558143202748
912,583,1495,0.12019138764992182
903,584,1487,0.12025198067881898
909,586,1495,0.12032690474921964
910,575,1485,0.12038336845432909
906,585,1491,0.12043148577949278
901,601,1502,0.12048775212071806
896,598,1494,0.12055091826487406
895,601,1496,0.12062235043620445
889,607,1496,0.12068998521809629
892,601,1493,0.12076883869730193
896,591,1487,0.12083547561361176
908,591,1499,0.12088808066459655
911,597,1508,0.12090952848967039
908,599,1507,0.12092383312410294
904,598,1502,0.12094605277538513
893,602,1495,0.12097556114483586
908,611,1519,0.1210284859832342
908,614,1522,0.12104361239162544
907,614,1521,0.12106282017841614
899,621,1520,0.12108474912185974
897,624,1521,0.12112345184048348
892,614,1506,0.12116634612056804
890,615,1505,0.12121832107387462
887,613,1500,0.12127184548806308
886,610,1496,0.12132906429536405
903,612,1515,0.12138228763821259
898,597,1495,0.12138953892754553
903,604,1507,0.12140970600485432
898,607,1505,0.12141421153295423
893,609,1502,0.12142976082157286
889,612,1501,0.12145906077457523
886,613,1499,0.12149580908345406
879,614,1493,0.12153614820858205
886,616,1502,0.12159004157261044
875,615,1490,0.12162209875889086
881,610,1491,0.12167862412759728
884,611,1495,0.12171408536379438
886,618,1504,0.12174082637155037
894,616,1510,0.12176054880706282
893,612,1505,0.12176121686042735
887,610,1497,0.12176245184230729
885,619,1504,0.1217767276593624
890,619,1509,0.12179626535619299
886,616,1502,0.12180308229727764
890,614,1504,0.12181917552404445
876,612,1488,0.12182673656589142
871,610,1481,0.12186804098924534
877,609,1486,0.12191824001826948
878,618,1496,0.12194850418875468
878,632,1510,0.12197394883468272
879,632,1511,0.1219971994522176
873,631,1504,0.12201861949361689
874,627,1501,0.12205056155385212
873,618,1491,0.1220767404121215
877,621,1498,0.12210612304590837
882,609,1491,0.12212494506214738
888,603,1491,0.12212995430013987
894,606,1500,0.12211935042508681
891,612,1503,0.12209276593439754
895,610,1505,0.12207401550713462
905,606,1511,0.12204484713152959
905,608,1513,0.12199324688123114
895,614,1509,0.12194412621101439
885,614,1499,0.12192451614650199
888,614,1502,0.12193077599536352
887,614,1501,0.1219315697026261
880,620,1500,0.12193613289218383
888,617,1505,0.12195717272468688
888,618,1506,0.1219590353801045
893,619,1512,0.12195926157597771
882,624,1506,0.1219478310716542
881,623,1504,0.12196221681287142
887,621,1508,0.12197792299811855
890,616,1506,0.12197975515548784
889,631,1520,0.1219747022312823
891,632,1523,0.1219743984970728
891,631,1522,0.12197213446033732
889,627,1516,0.1219695960522117
885,635,1520,0.12197251238800255
889,639,1528,0.12198320681708928
886,633,1519,0.12198487869748799
874,629,1503,0.12199164033488388
879,637,1516,0.12202569285111478
881,642,1523,0.1220495835721805
873,643,1516,0.1220687479372511
870,643,1513,0.12210570550177026
871,644,1515,0.1221464043923671
875,643,1518,0.12218245381570693
868,647,1515,0.12220637635980496
863,636,1499,0.12224573504734672
862,640,1502,0.12229389326349334
859,642,1501,0.12233883556167134
847,639,1486,0.12238538983464434
861,641,1502,0.12245663749438147
862,645,1507,0.12249068398923356
857,647,1504,0.12252256930868537
856,644,1500,0.12256566651946656
844,653,1497,0.12261039651394066
845,655,1500,0.12267783746939287
852,657,1509,0.12273614552480148
852,649,1501,0.12277566690072725
847,661,1508,0.12281193080497223
850,653,1503,0.12285625130924621
850,659,1509,0.122889040031949
850,659,1509,0.1229205375452432
853,659,1512,0.12295105632012185
844,661,1505,0.12297329673699586
847,652,1499,0.1230134891440568
843,656,1499,0.12304433379795364
843,657,1500,0.12308313673077002
840,652,1492,0.12311961279590396
840,653,1493,0.12316184270370745
838,658,1496,0.1232013585266801
841,657,1498,0.12324181505050624
845,663,1508,0.12327114356067086
854,669,1523,0.12328896120739959
837,670,1507,0.12328475322842893
838,665,1503,0.12332110312649153
837,665,1502,0.12335181166786548
841,663,1504,0.12338179452791362
834,660,1494,0.12339810989897641
841,651,1492,0.1234305029466208
834,656,1490,0.12344409198686218
837,659,1496,0.1234739247898969
850,665,1515,0.12349086075759255
863,661,1524,0.12347686682852389
853,662,1515,0.12343375856080387
849,665,1514,0.12341782529628315
853,667,1520,0.12341208071874701
845,673,1518,0.12340085122550787
846,670,1516,0.12340928298556823
846,672,1518,0.12341443923954717
840,659,1499,0.12342056186944898
835,659,1494,0.12344067044991985
842,662,1504,0.1234698351755394
846,662,1508,0.1234776859929497
850,657,1507,0.12347554304717075
845,660,1505,0.12346345223272454
837,650,1487,0.12346311199892611
847,653,1500,0.12348109936552444
841,648,1489,0.12347690440850431
845,652,1497,0.12348947980744952
852,658,1510,0.12349308124055995
842,659,1501,0.12347826011152563
848,656,1504,0.12348973147941202
843,653,1496,0.12348602718537617
837,666,1503,0.12349309796013237
839,665,1504,0.12351239900486125
844,669,1513,0.12352772596452258
835,663,1498,0.12353101513940203
839,676,1515,0.12355771415761957
840,678,1518,0.12357497012246252
835,668,1503,0.12359028985629578
832,671,1503,0.12361581496559694
831,673,1504,0.1236460225391998
832,683,1515,0.12367413099413016
839,677,1516,0.12369870802360936
841,667,1508,0.1237082801333451
849,680,1529,0.12371254589675712
835,695,1530,0.12369709070373126
835,704,1539,0.12371559041596783
829,698,1527,0.12373440674021285
825,687,1512,0.12376639022459678
827,686,1513,0.12380526680736217
825,681,1506,0.12383838426896407
829,675,1504,0.12387180009792853
831,675,1506,0.1238917615782971
827,675,1502,0.12390071917941035
829,674,1503,0.12391544797021131
829,686,1515,0.12392547434082056
821,685,1506,0.12393572637040404
815,682,1497,0.12396424029925562
809,690,1499,0.1240046900418826
826,687,1513,0.12405728808322088
823,684,1507,0.1240676929678369
822,683,1505,0.12408434891485168
823,681,1504,0.12410194690837645
820,684,1504,0.12411620433278948
812,677,1489,0.12413640395091917
824,682,1506,0.12417215209576744
817,682,1499,0.12417797611591172
821,691,1512,0.12419690211603594
819,689,1508,0.12420557043966393
824,693,1517,0.12422117350687781
828,687,1515,0.12422206664914821
820,687,1507,0.12421395995785066
812,692,1504,0.1242251399120625
810,695,1505,0.12425341472594251
809,692,1501,0.12428311017675607
807,692,1499,0.12431246593160612
812,699,1511,0.12434677446166209
807,707,1514,0.12436660874023453
808,704,1512,0.12439645501669304
814,702,1516,0.12442025686459783
821,703,1524,0.12443062983482335
813,701,1514,0.12442728227223743
803,687,1490,0.12444329919449854
798,689,1487,0.12448345614852836
804,690,1494,0.12453459309053017
806,699,1505,0.12456274234495723
804,691,1495,0.12458423150906596
807,687,1494,0.1246072646755658
813,688,1501,0.12461881125910898
804,685,1489,0.12461481048985233
813,683,1496,0.12463295453709837
820,684,1504,0.1246286948976882
810,678,1488,0.12461083297326364
813,688,1501,0.12461727851408205
814,691,1505,0.12461643574176691
817,689,1506,0.1246139487912713
811,702,1513,0.12460575911545047
815,704,1519,0.12461356439305021
820,698,1518,0.12461277042782769
808,704,1512,0.12460033447719181
806,708,1514,0.1246150928389725
804,696,1500,0.12463546143364013
807,689,1496,0.12465919489014887
797,704,1501,0.12467403833110356
791,699,1490,0.1247110252721263
786,704,1490,0.1247585795103791
794,706,1500,0.12481710382783745
784,711,1495,0.12485248367483014
783,706,1489,0.12490620706308775
784,716,1500,0.12496141574328729
793,721,1514,0.12501164990800273
788,724,1512,0.12503772915775366
787,724,1511,0.12507459678410696
783,716,1499,0.12511021249834386
779,718,1497,0.1251518754694925
780,722,1502,0.12520063679356983
784,727,1511,0.12524592428483072
784,726,1510,0.12527778039652734
782,725,1507,0.12530825368693
779,727,1506,0.125342053034767
780,722,1502,0.12538055259201092
777,721,1498,0.12541425077907986
769,727,1496,0.1254532961197785
770,727,1497,0.12550963217813654
767,734,1501,0.12555803941580138
768,738,1506,0.1256085681592645
771,732,1503,0.12565312049470675
777,741,1518,0.12569006257098458
784,737,1521,0.12570888522376975
787,731,1518,0.12570914331432392
774,738,1512,0.12570148336109757
772,733,1505,0.12572461146675307
767,727,1494,0.12575205810153237
769,730,1499,0.12578758657771466
775,734,1509,0.12581783277319059
756,733,1489,0.12583203399782403
759,743,1502,0.12589028198801602
760,740,1500,0.12593771584820573
772,739,1511,0.12598052704885843
773,743,1516,0.12599069648964423
778,740,1518,0.12599893620138494
772,735,1507,0.1259922417361261
772,738,1510,0.12599934735480417
771,744,1515,0.12600900114006497
773,732,1505,0.12602067391046887
767,727,1494,0.126026903164861
760,724,1484,0.1260458613071364
759,733,1492,0.1260802476526045
752,737,1489,0.12611394824150682
753,747,1500,0.1261630250642258
747,747,1494,0.12620746694817256
748,744,1492,0.12626379279629987
756,737,1493,0.12631352812568072
754,734,1488,0.12633987879534542
750,747,1497,0.12637014391079462
751,755,1506,0.12640737710726624
757,744,1501,0.1264405426677923
755,733,1488,0.12645830225685753
761,734,1495,0.1264789907017682
760,745,1505,0.12648441801192503
765,741,1506,0.1264917577332213
776,748,1524,0.1264841902610508
782,751,1533,0.126452440510206
774,744,1518,0.12640801847446842
779,752,1531,0.12638475482781453
773,754,1527,0.1263533092289152
765,757,1522,0.12633780872841055
759,759,1518,0.1263445591518831
755,763,1518,0.1263635538697068
754,756,1510,0.12639224929636725
743,752,1495,0.1264209044024312
755,751,1506,0.12647172150554684
751,748,1499,0.12649259818987968
743,760,1503,0.12652038641029606
740,753,1493,0.12656314077387326
748,755,1503,0.12661106753824908
746,750,1496,0.12663762802199138
741,748,1489,0.12666676644277775
740,759,1499,0.12670384147237249
747,763,1510,0.1267399924740526
743,761,1504,0.1267559866694761
745,763,1508,0.12678109076087174
751,768,1519,0.1268000680207459
738,767,1505,0.12680615187951652
731,767,1498,0.12683945740151809
726,760,1486,0.12688763571068581
716,755,1471,0.1269463715574253
725,769,1494,0.12702377142166227
735,773,1508,0.1270740467556433
735,774,1509,0.12709652617331582
729,775,1504,0.12711697022635643
723,778,1501,0.12714935441030725
724,782,1506,0.12719554172867603
730,777,1507,0.1272365100932897
731,773,1504,0.127262944406791
720,782,1502,0.1272851585131594
724,777,1501,0.12732924446378877
719,782,1501,0.12736319757209902
721,791,1512,0.12741014141667975
721,794,1515,0.12745174235610104
715,790,1505,0.12749117148990327
706,802,1508,0.12754358042749886
706,798,1504,0.1276106099581921
697,800,1497,0.1276701498787087
697,809,1506,0.12774736187668093
700,811,1511,0.127820954769986
693,807,1500,0.12788299637905298
700,809,1509,0.12795625837857552
703,811,1514,0.128009049894035
703,811,1514,0.1280517988270393
716,814,1530,0.12809008824165294
707,810,1517,0.1280976404369255
695,818,1513,0.12812439335420453
694,819,1513,0.12817585630491374
697,812,1509,0.128224518733589
700,799,1499,0.12826307326103162
711,798,1509,0.12829162977084738
712,799,1511,0.12829393237497208
713,811,1524,0.12829427017904493
696,815,1511,0.1282944305465046
692,807,1499,0.12833314083587002
691,806,1497,0.12837945851464747
695,810,1505,0.12842483018896045
695,813,1508,0.1284583744254975
694,818,1512,0.1284862781896359
687,814,1501,0.1285166376216364
678,822,1500,0.12856164593849193
672,832,1504,0.12862432822852587
670,825,1495,0.12869544596635193
672,825,1497,0.12876751241799655
676,832,1508,0.1288295500605862
675,837,1512,0.12887677219428412
670,832,1502,0.12892369365555278
674,832,1506,0.12897893142634312
673,826,1499,0.1290179839189125
678,827,1505,0.12905854654325088
676,834,1510,0.1290872306652263
670,842,1512,0.1291174603480249
667,836,1503,0.1291599704657102
666,850,1516,0.1292090054266939
657,841,1498,0.12925753439567614
665,834,1499,0.12932406370428584
662,840,1502,0.12936513870853553
665,845,1510,0.12941057863445177
665,842,1507,0.12944601999032315
668,843,1511,0.12947926952048647
661,832,1493,0.12950477594961843
666,829,1495,0.12954462878218323
667,839,1506,0.12957015063418584
662,845,1507,0.12958700017404814
652,849,1501,0.12961353608120255
657,852,1509,0.12965848089766982
655,851,1506,0.1296912898633048
664,838,1502,0.12972790144225285
661,840,1501,0.12973712975526844
657,848,1505,0.1297540999754334
657,844,1501,0.1297805718674283
652,849,1501,0.12980600313336135
655,849,1504,0.12984355464063219
658,843,1501,0.12987147532954196
660,838,1498,0.12989096359897645
656,841,1497,0.12990435835727965
651,857,1508,0.12992639003225182
652,859,1511,0.12995944218892824
648,853,1501,0.12998812268738472
651,872,1523,0.13002590824872587
651,865,1516,0.13005054016086398
653,862,1515,0.1300743091174993
654,868,1522,0.13009137610933816
647,864,1511,0.1301039195084398
643,860,1503,0.13013200985986628
644,856,1500,0.13016658263164796
635,857,1492,0.13019550542412428
638,866,1504,0.13024408400540785
635,871,1506,0.13028567814342756
637,872,1509,0.1303263259686152
640,882,1522,0.1303626266085114
629,875,1504,0.1303897949324793
626,875,1501,0.13044099412613458
632,875,1507,0.13049447471238204
624,881,1505,0.13053414627221815
627,871,1498,0.1305891519480563
629,878,1507,0.13063006050136258
626,886,1512,0.130662772640775
622,881,1503,0.13069919242115519
629,878,1507,0.13074349675704566
615,875,1490,0.1307683975041411
612,885,1497,0.1308251361703881
603,894,1497,0.13088737963093283
600,905,1505,0.13096577758016267
595,909,1504,0.1310462952341394
597,906,1503,0.13113394142912885
602,904,1506,0.13121113893367867
596,915,1511,0.13127221330968475
591,924,1515,0.13134489958978957
595,929,1524,0.13142319593008178
592,921,1513,0.13148620539361652
590,923,1513,0.13155343988449142
596,919,1515,0.13161765756517796
591,920,1511,0.1316658077737569
591,914,1505,0.13172321506072257
583,918,1501,0.13177796341043474
581,915,1496,0.13184840706590883
587,919,1506,0.1319184058038589
589,928,1517,0.13197124182291461
582,928,1510,0.13201692362025239
572,918,1490,0.13207841705871204
569,925,1494,0.1321609264872985
579,931,1510,0.13224423509702254
573,931,1504,0.1322949421905868
579,928,1507,0.13235720942798143
574,932,1506,0.13239908623791258
567,939,1506,0.13245067862430956
564,953,1517,0.13251562098853298
568,945,1513,0.13258440217807077
571,946,1517,0.1326378402675924
572,946,1518,0.13268060710860743
575,948,1523,0.13271731963461947
577,944,1521,0.13274009459768676
568,938,1506,0.13275854959302255
566,934,1500,0.13279689086619073
561,930,1491,0.1328370339692151
569,929,1498,0.1328864663047185
568,948,1516,0.13291551415418024
563,941,1504,0.13294435972550087
554,942,1496,0.13298272767676106
554,945,1499,0.13304079555244594
543,955,1498,0.13309476543365678
547,952,1499,0.13317034807683512
548,952,1500,0.13323161381769125
547,957,1504,0.13328795988009987
556,964,1520,0.13334079127001494
556,972,1528,0.1333681389776512
556,967,1523,0.1333947455322122
549,955,1504,0.13342136357745782
553,940,1493,0.13346492488325573
547,962,1509,0.13349628689510823
538,971,1509,0.1335393919920822
539,969,1508,0.13360091557524573
550,968,1518,0.13365574613040765
553,965,1518,0.13368260584245165
549,965,1514,0.13370197353391863
555,965,1520,0.13372906289943504
557,969,1526,0.13374252512163257
549,967,1516,0.1337486991759196
550,970,1520,0.13377141702126527
538,969,1507,0.13379181963624642
535,976,1511,0.13383898562471636
536,971,1507,0.13388718584525175
536,968,1504,0.133930497084542
541,961,1502,0.13396920921038066
536,961,1497,0.133994506197701
538,971,1509,0.13402867595123916
538,983,1521,0.13405740681240888
537,971,1508,0.1340864819399674
538,985,1523,0.13411710856927478
529,974,1503,0.13414404489481607
527,974,1501,0.13419213869017568
534,977,1511,0.1342390188557262
526,986,1512,0.13426476774667526
526,987,1513,0.13430635333424287
525,977,1502,0.13434259081492955
524,974,1498,0.13438142948417606
532,980,1512,0.13441933956812302
524,985,1509,0.13443678057474148
525,986,1511,0.13447001652004986
528,986,1514,0.13450116844599028
529,994,1523,0.13452439504906935
527,993,1520,0.13454381426716902
527,991,1518,0.13456504356372392
528,992,1520,0.13458642623118292
527,993,1520,0.1346037774667377
528,1001,1529,0.13462173453487059
517,996,1513,0.13463939079577492
513,995,1508,0.13468113414046037
509,1003,1512,0.13473090062869442
509,1005,1514,0.13478692294591188
505,1005,1510,0.13484052067485303
503,1006,1509,0.13489942613856634
507,1009,1516,0.13495859378079386
502,1008,1510,0.13500488567072305
510,1005,1515,0.1350578632021772
502,1013,1515,0.13508846215920184
501,1007,1508,0.13513468150113694
496,1007,1503,0.13517963920110093
489,1011,1500,0.13523226669728453
495,1013,1508,0.13529689177304527
494,1015,1509,0.13534205642725314
489,1005,1494,0.1353884497824001
487,1013,1500,0.13544248886976384
484,1018,1502,0.13549978128376028
490,1019,1509,0.13555947101916976
484,1020,1504,0.13559839003750176
476,1015,1491,0.13565032831110227
482,1019,1501,0.13571618121627127
475,1026,1501,0.13576404283801513
464,1034,1498,0.1358264021749804
461,1035,1496,0.135910845247214
460,1031,1491,0.13599797515539574
469,1031,1500,0.1360821034058948
467,1034,1501,0.13613611812224005
460,1036,1496,0.13619016739207596
460,1049,1509,0.13625666804572012
458,1052,1510,0.13631900296831004
459,1054,1513,0.13638125751014318
460,1049,1509,0.13643781333331886
465,1054,1519,0.13648818467798
464,1047,1511,0.13652394297614204
471,1045,1516,0.13656053722058142
468,1049,1517,0.13657948962911826
464,1054,1518,0.13660658612009838
464,1052,1516,0.13664019548914652
465,1054,1519,0.13667243236524193
458,1047,1505,0.13670025129794786
463,1043,1506,0.13674351225913697
464,1034,1498,0.13677187502838697
453,1039,1492,0.13679572632778098
462,1048,1510,0.13684574100528335
464,1050,1514,0.13686992220449926
465,1054,1519,0.13688757391909298
464,1061,1525,0.13690270211117647
462,1059,1521,0.13691917701960896
456,1057,1513,0.13693888067773866
452,1067,1519,0.13697264166372325
451,1060,1511,0.13701428589996348
457,1065,1522,0.1370554763385054
451,1062,1513,0.13707822914428702
449,1062,1511,0.13711477783308212
448,1065,1513,0.13715234492659228
447,1064,1511,0.13718947119985353
444,1062,1506,0.13722633645755378
441,1055,1496,0.13726528535567192
443,1056,1499,0.1373083421623823
446,1054,1500,0.1373449997348253
443,1060,1503,0.13737286202335952
446,1052,1498,0.13740512405116964
448,1061,1509,0.13742997546227037
446,1074,1520,0.13744562496716078
447,1085,1532,0.1374669283556126
439,1084,1523,0.13748646134128337
439,1081,1520,0.13752515743175883
433,1070,1503,0.13756275460656014
435,1073,1508,0.13761259639086554
432,1070,1502,0.13765502419900585
431,1067,1498,0.1377003051355253
431,1064,1495,0.1377435258791235
439,1066,1505,0.13778580255965278
438,1076,1514,0.13780446131519294
440,1074,1514,0.1378245502832912
430,1062,1492,0.1378385700390715
441,1068,1509,0.13787281360364279
436,1062,1498,0.1378760924613392
434,1079,1513,0.13789240096399114
436,1078,1514,0.13791211558741814
423,1071,1494,0.13792685682227435
427,1073,1500,0.13797180986919147
426,1065,1491,0.1380026881296274
421,1081,1502,0.13803255160139746
425,1085,1510,0.13807164424903168
423,1076,1499,0.13810022886316503
419,1087,1506,0.138131898180176
413,1093,1506,0.1381711322928481
425,1087,1512,0.13822381665143524
424,1086,1510,0.1382427455119738
427,1088,1515,0.13825887562996172
419,1089,1508,0.13826573523571584
415,1082,1497,0.13829269307099815
415,1083,1498,0.1383254071885411
416,1080,1496,0.138356190195916
417,1076,1493,0.13838174779702356
417,1092,1509,0.13840561975531532
415,1107,1522,0.1384307077184129
410,1106,1516,0.1384609096020012
405,1106,1511,0.13849901688494717
408,1109,1517,0.1385472514060555
414,1103,1517,0.13858437211954777
411,1116,1527,0.13860608298449115
417,1107,1524,0.1386330595569585
416,1108,1524,0.1386448280561609
417,1096,1513,0.13865913884490114
419,1105,1524,0.13867271526358138
418,1112,1530,0.13868057767855327
420,1103,1523,0.13868818679568584
415,1102,1517,0.1386924270674391
419,1109,1528,0.13870635316766028
404,1110,1514,0.13870864958308424
406,1111,1517,0.13874753482477412
410,1111,1521,0.13878065294693062
406,1119,1525,0.13880143999955372
402,1110,1512,0.1388324756634642
395,1107,1502,0.13886913761861922
403,1100,1503,0.13892073953899875
400,1111,1511,0.13894801703433393
403,1120,1523,0.13897908429250816
407,1121,1528,0.1389988033495387
411,1112,1523,0.1390082326532789
405,1115,1520,0.1390072552798771
404,1127,1531,0.13902265157324775
392,1121,1513,0.13904123982223815
395,1114,1509,0.13908637933909515
395,1116,1511,0.13911821228912633
393,1122,1515,0.13914735792677768
402,1112,1514,0.13917784713542716
403,1107,1510,0.13918473512103932
404,1113,1517,0.13918962209004235
393,1112,1505,0.1391930598814525
394,1109,1503,0.13922137855191294
401,1109,1510,0.13924822623051553
409,1109,1518,0.1392540074625401
406,1107,1513,0.13923591342536976
406,1112,1518,0.13922559609731425
410,1115,1525,0.13921416393502614
405,1109,1514,0.13919616572925853
405,1099,1504,0.13919257475752758
401,1100,1501,0.13918870220235158
399,1100,1499,0.13919569694539458
396,1102,1498,0.139208634797884
407,1103,1510,0.1392232762922286
408,1104,1512,0.1392131089830971
407,1106,1513,0.13920164835357823
404,1094,1498,0.13919369494876027
398,1104,1502,0.13919269641973234
400,1101,1501,0.13920904127771722
394,1110,1504,0.13921918955832926
400,1111,1511,0.13924371351419407
395,1107,1502,0.13925303830542426
393,1104,1497,0.13927428504595935
394,1109,1503,0.13929822263279515
392,1116,1508,0.1393183708376175
388,1116,1504,0.13934252503189729
381,1126,1507,0.13937437257777796
378,1122,1500,0.13942113920320406
381,1118,1499,0.13947171453067114
388,1122,1510,0.13951166930591427
390,1129,1519,0.13953109210199277
391,1130,1521,0.13954573774624549
387,1125,1512,0.13955596458018416
391,1122,1513,0.13957377133998844
389,1114,1503,0.13958150344697448
384,1119,1503,0.1395910773826232
388,1121,1509,0.13961339558584307
391,1132,1523,0.1396267327568818
387,1124,1511,0.13963323678904
389,1128,1517,0.13964501980156213
386,1125,1511,0.13964821919558296
386,1127,1513,0.13965827317552543
382,1125,1507,0.13966961985789367
383,1125,1508,0.13969131423261902
386,1123,1509,0.13970925599345815
395,1123,1518,0.13972058451128772
392,1129,1521,0.13970955216215594
391,1135,1526,0.13970579790653093
393,1131,1524,0.13970741048913704
389,1137,1526,0.13970379575525838
393,1124,1517,0.1397085054137206
389,1108,1497,0.13970225994932206
390,1114,1504,0.1397064269172984
385,1126,1511,0.13970706360043306
380,1125,1505,0.1397214815271273
378,1148,1526,0.1397493862284573
373,1150,1523,0.1397813947268894
373,1151,1524,0.13982165737112529
373,1152,1525,0.1398592441751227
373,1155,1528,0.13989618674559182
374,1147,1521,0.1399325436564403
370,1147,1517,0.1399656037505538
364,1148,1512,0.1400072430857071
358,1155,1513,0.14006037151937267
357,1153,1510,0.14012326685813914
354,1158,1512,0.1401830135055761
353,1161,1514,0.1402453718685998
351,1156,1507,0.14030744002055154
349,1141,1490,0.1403692014643876
350,1138,1488,0.14042909599621997
351,1151,1502,0.1404818372089652
356,1151,1507,0.14052828081901933
350,1157,1507,0.14055925513656445
350,1154,1504,0.14060389820133778
350,1159,1509,0.14064502484173289
350,1177,1527,0.14068297519952627
351,1173,1524,0.14071852980701244
347,1163,1510,0.14074690683555505
351,1163,1514,0.14078314840601822
348,1170,1518,0.14080900001084706
338,1169,1507,0.1408434480356409
337,1172,1509,0.1408997922006394
335,1176,1511,0.14095329287461905
331,1177,1508,0.14100837509358147
330,1178,1508,0.14106892497938545
326,1176,1502,0.14112587623980097
330,1169,1499,0.1411899276636341
323,1162,1485,0.14123846508656196
334,1164,1498,0.14130150314234105
330,1157,1487,0.1413319511325182
329,1157,1486,0.14136766491776773
334,1171,1505,0.14140006376510103
336,1176,1512,0.14141667773918454
337,1175,1512,0.14142847669143063
335,1187,1522,0.14143925656474335
339,1195,1534,0.14145642286320842
334,1204,1538,0.14146372668300966
335,1201,1536,0.14148341279560683
327,1184,1511,0.14150026734740806
328,1189,1517,0.14153693075038917
322,1188,1510,0.14156970384197398
323,1197,1520,0.14161323541919976
324,1192,1516,0.14165210743639667
322,1199,1521,0.14168373950334934
320,1195,1515,0.1417192368492919
322,1195,1517,0.14175973796616645
319,1200,1519,0.14179206183090837
315,1202,1517,0.14183015609337896
310,1193,1503,0.1418749099352787
311,1192,1503,0.1419284853581899
311,1190,1501,0.14197788756414226
305,1205,1510,0.14202429981278783
307,1202,1509,0.14208259522541464
307,1197,1504,0.14213303131545268
312,1205,1517,0.1421763066673243
314,1204,1518,0.14220551512537535
322,1200,1522,0.1422293426898826
328,1198,1526,0.14222933134524202
322,1201,1523,0.14221281550682735
320,1204,1524,0.14221400543846477
319,1211,1530,0.1422214906763355
318,1204,1522,0.14223369702622035
319,1215,1534,0.1422490859694128
316,1204,1520,0.1422602874569031
323,1194,1517,0.142276138437967
322,1196,1518,0.14227520032561536
325,1190,1515,0.14227571208254278
323,1193,1516,0.14226945593259196
315,1198,1513,0.1422693284074959
315,1200,1515,0.14228779465794805
316,1206,1522,0.14230475546146937
317,1216,1533,0.1423175190012529
314,1217,1531,0.14232772475837785
310,1210,1520,0.14234536845096776
312,1211,1523,0.14237251041349122
314,1213,1527,0.14239242065491148
306,1202,1508,0.14240835715902855
309,1196,1505,0.14244421351733055
308,1198,1506,0.1424687384926667
304,1191,1495,0.14249442964316303
304,1188,1492,0.14252707116198693
308,1197,1505,0.14255856976929723
303,1203,1506,0.1425780723187833
303,1196,1499,0.14260635840816874
307,1196,1503,0.14262993425936013
303,1179,1482,0.14264032255741999
302,1189,1491,0.14266050936904168
305,1179,1484,0.14268282197664803
306,1206,1512,0.14269195066198356
305,1198,1503,0.14269801084476272
298,1195,1493,0.1427067379865514
296,1186,1482,0.14273023986227884
299,1184,1483,0.14275327728398404
298,1188,1486,0.142768122145985
302,1202,1504,0.14278619896973876
298,1214,1512,0.14279510025255868
299,1198,1497,0.1428131786813935
297,1214,1511,0.142830865563089
298,1209,1507,0.14285177605081822
303,1211,1514,0.1428678028238239
303,1207,1510,0.1428678200053772
300,1227,1527,0.14286714948024806
296,1227,1523,0.1428755116545722
294,1232,1526,0.14289467244206563
293,1215,1508,0.14291678805476077
291,1224,1515,0.1429406632378507
287,1227,1514,0.14296717335183629
290,1224,1514,0.14300179187162898
291,1220,1511,0.1430252658635417
288,1212,1500,0.14304612407225847
292,1203,1495,0.14307333136171552
289,1203,1492,0.14308757133622885
287,1214,1501,0.14310787895174493
291,1209,1500,0.14313065313936188
289,1213,1502,0.14314158379054248
283,1220,1503,0.14315638559111224
282,1228,1510,0.14318301786557444
289,1228,1517,0.1432114960075628
290,1231,1521,0.14322417323131995
281,1231,1512,0.1432352098247496
278,1226,1504,0.14326683173744706
275,1248,1523,0.14330386958608077
272,1247,1519,0.14334715850367835
272,1244,1516,0.14339464265499044
274,1240,1514,0.14344033099022763
275,1240,1515,0.1434776087620274
269,1235,1504,0.143510714459397
268,1235,1503,0.1435546103618014
274,1230,1504,0.14359872668014811
264,1233,1497,0.14362572296935877
257,1223,1480,0.1436731671307366
260,1237,1497,0.14373217720055295
262,1251,1513,0.14378147368878744
260,1258,1518,0.14382269606051076
262,1268,1530,0.1438645624449704
257,1259,1516,0.1439006150505206
255,1263,1518,0.14394624478943616
251,1259,1510,0.14399506516687827
254,1252,1506,0.14404718736555733
248,1264,1512,0.14409106418889847
250,1262,1512,0.1441467058105153
251,1276,1527,0.1441950320312204
251,1276,1527,0.144237253210547
247,1276,1523,0.1442762276940591
246,1281,1527,0.14432013465124144
245,1275,1520,0.14436473421898233
246,1265,1511,0.14441050275696507
249,1264,1513,0.14444882625859054
249,1267,1516,0.1444781024695957
248,1256,1504,0.14450687600396947
248,1256,1504,0.1445360054012715
241,1253,1494,0.14456260411080854
237,1264,1501,0.14460315904412263
241,1272,1513,0.14465149894806864
237,1275,1512,0.1446875149442154
234,1288,1522,0.14473195610717113
232,1283,1515,0.14478210545671055
233,1269,1502,0.14483357687469092
230,1273,1503,0.14487840082746878
227,1290,1517,0.1449257521866788
231,1286,1517,0.144976988150602
231,1284,1515,0.14501521953726593
224,1296,1520,0.14504933767321826
226,1297,1523,0.14509968224964226
225,1297,1522,0.14514188430938751
221,1295,1516,0.14518496939096578
224,1287,1511,0.14523449053382578
218,1287,1505,0.14527361367445482
217,1321,1538,0.14532437229826653
217,1305,1522,0.14537285916961948
212,1303,1515,0.14541866693266914
212,1308,1520,0.14547394671453906
209,1306,1515,0.14552647596978235
207,1309,1516,0.1455835689121614
214,1294,1508,0.14564133630819706
213,1293,1506,0.1456789754535615
214,1317,1531,0.1457160776707019
213,1297,1510,0.14575001981530541
210,1296,1506,0.1457848269743266
204,1300,1504,0.1458256444704629
205,1302,1507,0.1458758828889474
206,1308,1514,0.14591996803309024
207,1310,1517,0.1459605116171121
207,1315,1522,0.14599700312275737
206,1308,1514,0.1460279309942337
201,1307,1508,0.14605992519988661
197,1314,1511,0.1461002997532662
192,1306,1498,0.14614803861645403
194,1324,1518,0.14620451579066515
198,1322,1520,0.14625234429763118
201,1307,1508,0.14629016785226068
188,1303,1491,0.14631648717993956
186,1305,1491,0.1463707772787871
185,1309,1494,0.1464272054937292
184,1325,1509,0.14648019402996174
184,1327,1511,0.14653078885369553
184,1330,1514,0.14657881126721678
182,1322,1504,0.1466220093444072
185,1326,1511,0.14666751976438414
187,1323,1510,0.1467026305696165
182,1327,1509,0.14673281176379155
185,1335,1520,0.14677308372662792
184,1328,1512,0.14680449592584682
181,1339,1520,0.1468355013142587
180,1331,1511,0.14687250048868114
178,1326,1504,0.14690853763986048
181,1330,1511,0.14694653780625397
180,1327,1507,0.14697610605271205
182,1334,1516,0.14700566147091343
179,1345,1524,0.1470289776611795
176,1333,1509,0.14706027068317834
175,1320,1495,0.1470961774691559
179,1324,1503,0.14713215887634573
179,1322,1501,0.14715539653743218
177,1320,1497,0.1471773822553838
181,1336,1517,0.14720296610932285
179,1331,1510,0.14721477064985153
177,1329,1506,0.1472326905997546
178,1328,1506,0.14725361446617716
178,1326,1504,0.1472702842005554
176,1342,1518,0.14728643744454042
177,1342,1519,0.14730668436860972
183,1330,1513,0.14732230309229555
183,1334,1517,0.1473199956356726
181,1317,1498,0.14731493713913185
182,1330,1512,0.14731384656469906
182,1334,1516,0.1473112944358582
180,1330,1510,0.14731003797541906
177,1337,1514,0.14731563202402742
176,1331,1507,0.14732755540042264
176,1334,1510,0.14734245027862702
177,1335,1512,0.14735822560144665
176,1338,1514,0.14736999430170036
175,1340,1515,0.14738323981662974
177,1333,1510,0.1473991742351065
174,1338,1512,0.1474077832274928
177,1339,1516,0.14742045331404452
175,1336,1511,0.14742431430270264
174,1324,1498,0.14743391167441872
175,1328,1503,0.14744675019688022
177,1334,1511,0.14745545057407827
177,1339,1516,0.1474565184572516
181,1340,1521,0.14745817007341558
178,1340,1518,0.14745004144220045
177,1337,1514,0.1474514457398296
178,1344,1522,0.14745515397023684
180,1347,1527,0.14745788822598438
176,1340,1516,0.14745722687743285
175,1324,1499,0.14746411916867694
175,1324,1499,0.14747112091616363
177,1333,1510,0.14747875062698085
182,1333,1515,0.14748276281585254
180,1337,1517,0.14747276646600113
183,1338,1521,0.14746962290931223
183,1335,1518,0.14745884655382188
182,1342,1524,0.14745027732790336
179,1334,1513,0.1474453134075606
179,1334,1513,0.14744837749191345
181,1326,1507,0.14745161174721677
178,1318,1496,0.14744974782315468
175,1330,1505,0.14745531118345295
175,1328,1503,0.14746827535535897
176,1345,1521,0.14747939854082737
175,1348,1523,0.1474858592530796
172,1341,1513,0.14749479108503993
176,1335,1511,0.14751119956395992
175,1331,1506,0.1475165567626247
174,1333,1507,0.14752384483886566
174,1327,1501,0.14753307034553997
177,1320,1497,0.14754255329279237
176,1318,1494,0.1475451080246857
179,1332,1511,0.14755015484607878
181,1328,1509,0.1475460025959209
182,1334,1516,0.14753811977178163
183,1333,1516,0.14752856792226546
178,1331,1509,0.1475182348236267
173,1330,1503,0.1475217767511653
169,1339,1508,0.14753828846668682
172,1339,1511,0.14756049933368695
168,1352,1520,0.14757512707026155
164,1356,1520,0.14759895057811512
163,1349,1512,0.1476298418815816
167,1343,1510,0.1476613153508437
167,1340,1507,0.14768108606803415
166,1339,1505,0.14770071354612457
164,1339,1503,0.147720633521738
163,1339,1502,0.14774489761551837
161,1339,1500,0.14776950383175108
163,1340,1503,0.14779773331306617
166,1344,1510,0.14781830600992327
165,1354,1519,0.14782874352127703
161,1352,1513,0.14784237148609108
160,1354,1514,0.1478648749934869
157,1339,1496,0.1478898201787227
154,1358,1512,0.1479185487400031
150,1359,1509,0.14795327836457153
152,1366,1518,0.1479956389719935
150,1368,1518,0.14802737285364184
147,1371,1518,0.14806134717381184
152,1361,1513,0.14810003424122933
146,1360,1506,0.14812496382058624
146,1367,1513,0.1481636373882475
146,1374,1520,0.14819916398538296
143,1348,1491,0.14823070993824758
144,1355,1499,0.14826915389965298
142,1356,1498,0.14830139512209836
142,1371,1513,0.14833494620797738
144,1365,1509,0.14836747992406032
141,1371,1512,0.14839435026463846
136,1368,1504,0.14842630269807472
140,1375,1515,0.14846901440458338
140,1386,1526,0.1485011932381974
143,1378,1521,0.14853082043704613
147,1379,1526,0.14854973531246723
150,1379,1529,0.1485575531973763
149,1376,1525,0.14855771030697326
146,1381,1527,0.14855749193879672
147,1377,1524,0.14856550435694388
148,1372,1520,0.14857176179814383
146,1352,1498,0.14857674647702981
145,1367,1512,0.14858722950796321
143,1373,1516,0.14859843011950158
140,1377,1517,0.148613741700164
140,1374,1514,0.14863467165635774
137,1392,1529,0.14865548778519397
134,1404,1538,0.14868250383241577
131,1390,1521,0.14871537314599798
129,1390,1519,0.14875515584853183
132,1401,1533,0.14879732129422385
129,1396,1525,0.14882984743105435
130,1399,1529,0.14886734614973998
128,1396,1524,0.1488983093401837
129,1376,1505,0.1489327193560869
126,1367,1493,0.1489621458327647
127,1387,1514,0.14899666159309005
126,1405,1531,0.1490238845390316
129,1404,1533,0.14905249510221893
127,1400,1527,0.1490731515812389
124,1395,1519,0.14909799650037572
124,1383,1507,0.14912899770880494
126,1384,1510,0.14915730410368322
127,1388,1515,0.14917803751987452
125,1394,1519,0.14919464504463598
126,1382,1508,0.14921548949012955
129,1369,1498,0.14923248544775028
128,1357,1485,0.1492411791917297
125,1361,1486,0.1492515201381358
129,1370,1499,0.1492670119790328
133,1373,1506,0.1492713953751384
137,1385,1522,0.14926476485022303
137,1380,1517,0.14924982442493356
135,1370,1505,0.1492374455379652
132,1386,1518,0.1492315503887758
122,1384,1506,0.14923509925369255
127,1392,1519,0.14926028902955746
125,1384,1509,0.14927176217741345
124,1383,1507,0.1492866992426657
120,1402,1522,0.14930264889698716
123,1392,1515,0.1493274866832631
124,1383,1507,0.14934505395637906
131,1375,1506,0.14935861304213216
128,1390,1518,0.1493524626125397
126,1389,1515,0.14935661404791847
123,1376,1499,0.149365232794076
123,1375,1498,0.14938122806950985
123,1381,1504,0.1493958634619876
125,1381,1506,0.1494074439868103
124,1383,1507,0.1494129354743084
125,1400,1525,0.14942025163703226
125,1401,1526,0.14942379032946007
131,1400,1531,0.14942834722704745
130,1389,1519,0.14941611338820732
132,1401,1533,0.14940622926964878
129,1380,1509,0.1493923472467684
128,1382,1510,0.14938759887911454
127,1381,1508,0.149385951506726
129,1382,1511,0.1493872424199902
127,1377,1504,0.14938406827951894
126,1386,1512,0.1493872142949948
127,1385,1512,0.14939161667374276
129,1378,1507,0.14939239139106225
129,1394,1523,0.1493876997769256
126,1398,1524,0.14938320573386407
125,1393,1518,0.1493869594177508
128,1395,1523,0.14939405603071296
128,1388,1516,0.1493930279879811
128,1393,1521,0.14939364459546522
129,1391,1520,0.14939418755989103
127,1395,1522,0.14939315215940935
129,1394,1523,0.1493974115056477
131,1383,1514,0.14939535504580445
130,1389,1519,0.14938815158994415
135,1393,1528,0.14938437287603204
139,1387,1526,0.14936976318106335
138,1386,1524,0.14934560217790074
133,1384,1517,0.14932540693887683
134,1386,1520,0.14931877781108444
134,1374,1508,0.1493110645493349
136,1369,1505,0.14930307871491075
141,1382,1523,0.14929091268973482
140,1365,1505,0.14926740348489936
141,1358,1499,0.14924722883149907
139,1364,1503,0.14922632170311748
133,1363,1496,0.14921120483375072
133,1376,1509,0.14921133286263358
134,1374,1508,0.14921178262734588
132,1378,1510,0.14920916397985462
131,1375,1506,0.14921201974523327
129,1375,1504,0.14921624220860344
129,1384,1513,0.14922439072789576
127,1387,1514,0.1492320187917835
128,1388,1516,0.1492426953955811
128,1385,1513,0.14925269669012434
127,1385,1512,0.14926281994946694
125,1391,1516,0.14927342362016188
123,1391,1514,0.14928771596379525
124,1382,1506,0.14930594043215742
124,1375,1499,0.1493203025826626
122,1377,1499,0.1493318744226361
120,1366,1486,0.14934803690219817
122,1369,1491,0.14936915315122531
119,1380,1499,0.14938381481301907
121,1378,1499,0.14940424829663754
125,1375,1500,0.1494178482122583
125,1369,1494,0.14942037275787182
120,1394,1514,0.1494231513423067
121,1383,1504,0.14943871170514253
123,1390,1513,0.14945214589205574
121,1403,1524,0.14945977901684165
119,1400,1519,0.14947172004553078
122,1394,1516,0.1494883924982212
123,1400,1523,0.14949787667590927
125,1401,1526,0.1495053845523403
124,1386,1510,0.14950635368067647
123,1377,1500,0.1495095053327953
119,1389,1508,0.14951353943397078
122,1391,1513,0.14952803898222955
121,1404,1525,0.14953383811412516
119,1410,1529,0.1495423702257343
116,1412,1528,0.14955617636409005
115,1409,1524,0.1495742736769637
117,1409,1526,0.1495938445219241
118,1393,1511,0.14960758246804798
120,1384,1504,0.14961858348986995
122,1391,1513,0.14962447907373483
121,1379,1500,0.149624609656721
121,1383,1504,0.14962785207540763
125,1380,1505,0.14963152253107775
125,1393,1518,0.14962185542230114
121,1389,1510,0.14961402673991453
120,1408,1528,0.14961562827360222
115,1417,1532,0.14962031286493338
116,1414,1530,0.14963669023983342
116,1406,1522,0.1496508498332874
114,1407,1521,0.14966401790919087
114,1410,1524,0.149679487347429
115,1411,1526,0.14969367799073707
114,1412,1526,0.14970534790300796
114,1405,1519,0.14971952932928592
115,1407,1522,0.1497337816313712
113,1410,1523,0.14974490984639843
109,1401,1510,0.14975957560593747
109,1404,1513,0.14978431579789472
110,1396,1506,0.1498064887183661
113,1389,1502,0.14982257446942632
111,1410,1521,0.14982840537361344
112,1405,1517,0.14983855523932418
112,1409,1521,0.14984572144333422
117,1397,1514,0.14985353477293178
117,1397,1514,0.14984796338839348
118,1391,1509,0.14983991299274782
116,1379,1495,0.1498303767074097
117,1391,1508,0.1498263981001323
111,1384,1495,0.14982085806459358
110,1395,1505,0.14983034433555825
111,1394,1505,0.1498424389860579
111,1401,1512,0.14985068815087008
107,1401,1508,0.14985972331245473
109,1403,1512,0.1498784594044878
105,1407,1512,0.14989043701313856
108,1406,1514,0.1499092274193109
109,1396,1505,0.14992059506273
111,1413,1524,0.14992914200065244
112,1403,1515,0.14993241327718512
111,1409,1520,0.1499338110720039
110,1411,1521,0.14993835821804655
111,1422,1533,0.14994484594791407
112,1427,1539,0.14994743648395395
109,1422,1531,0.1499477721243593
110,1419,1529,0.1499556299467358
109,1421,1530,0.14996091880255413
109,1420,1529,0.14996936284299756
110,1424,1534,0.1499773554124092
108,1421,1529,0.1499839605185268
108,1412,1520,0.14999327725458259
109,1417,1526,0.15000270832102416
112,1408,1520,0.15000838849185766
111,1412,1523,0.15000605040355605
114,1403,1517,0.15000680800789304
115,1395,1510,0.14999912557909315
111,1401,1512,0.14998994405220603
110,1408,1518,0.14999210091463605
111,1403,1514,0.14999686176716334
111,1399,1510,0.14999883888310872
110,1405,1515,0.14999985013243677
112,1413,1525,0.15000184809249661
113,1414,1527,0.1499978476643206
109,1406,1515,0.14999193775063768
112,1388,1500,0.14999604520600004
109,1388,1497,0.14999430092980082
114,1392,1506,0.14999880585185696
112,1396,1508,0.14999019216908635
111,1400,1511,0.14998632269963022
110,1415,1525,0.14998627531032632
111,1417,1528,0.14998966988179482
113,1410,1523,0.14999170953670848
112,1395,1507,0.1499879373184996
113,1405,1518,0.14998663886527358
110,1393,1503,0.14998184673751813
111,1384,1495,0.1499840832426359
107,1379,1486,0.14998379763734807
108,1385,1493,0.14999324147005327
105,1406,1511,0.1499973121866892
108,1400,1508,0.15000853598257355
115,1399,1514,0.15001120503914506
113,1398,1511,0.14999644619978234
116,1404,1520,0.1499879721571116
115,1404,1519,0.14997207004734583
112,1403,1515,0.14995986930437555
110,1403,1513,0.14995737945145932
108,1401,1509,0.14996089322479686
110,1414,1524,0.14996763940209093
109,1414,1523,0.14996897408697196
109,1407,1516,0.14997298872151255
109,1408,1517,0.14997696138395064
111,1405,1516,0.14998094845598048
112,1403,1515,0.1499786220480285
111,1399,1510,0.14997377840692336
111,1407,1518,0.14997241697580194
107,1402,1509,0.14997245908309062
107,1412,1519,0.14998262758557698
105,1416,1521,0.14999239827373056
100,1419,1519,0.15000592669779741
101,1409,1510,0.15003028082138078
102,1405,1507,0.15005079214067116
102,1425,1527,0.1500668918945658
103,1411,1514,0.15008244456463987
106,1420,1526,0.15009431586167354
105,1417,1522,0.15010003448870862
100,1420,1520,0.15010742509127625
100,1416,1516,0.15012327321161567
101,1416,1517,0.15013973835523423
102,1413,1515,0.15015300634678097
99,1414,1513,0.15016123187673447
97,1394,1491,0.15017485848005518
102,1410,1512,0.15019199037166925
102,1413,1515,0.15019565334478174
100,1416,1516,0.1501983489090978
100,1422,1522,0.15020860640653352
104,1413,1517,0.15021949667360526
106,1423,1529,0.15021894642154357
104,1415,1519,0.15021220741227745
99,1417,1516,0.15021194178440417
98,1421,1519,0.15022385201349414
97,1416,1513,0.15023508815846426
97,1412,1509,0.15024824211404436
96,1403,1499,0.15026142766507367
95,1430,1525,0.15027596319875894
96,1414,1510,0.1502931920952801
102,1412,1514,0.1503054129799359
102,1428,1530,0.15029990209138006
104,1411,1515,0.150294310423034
104,1425,1529,0.15028527782746387
108,1428,1536,0.15027756430623207
108,1422,1530,0.15026090086527719
106,1405,1511,0.15024548020321732
105,1401,1506,0.15023750551581166
107,1397,1504,0.15023229254937656
107,1406,1513,0.150223206869898
108,1414,1522,0.15021384745818084
102,1420,1522,0.15020212263773425
104,1416,1520,0.15020663021862143
101,1415,1516,0.15020753995073186
103,1404,1507,0.1502141026641226
101,1402,1503,0.1502155176921827
98,1401,1499,0.1502220692537592
97,1407,1504,0.15023539681349735
97,1405,1502,0.15024907611750904
96,1399,1495,0.1502629808452426
94,1405,1499,0.15027912249477388
99,1418,1517,0.15029948202729587
102,1412,1514,0.1503060239408445
99,1407,1506,0.15030431644992157
98,1407,1505,0.1503088821874382
97,1413,1510,0.15031511033742137
98,1412,1510,0.15032301959911723
97,1425,1522,0.150329451744707
98,1422,1520,0.15033902454530954
100,1428,1528,0.1503458125073721
99,1430,1529,0.1503456503346773
98,1427,1525,0.15034708478164938
97,1423,1520,0.15035227837419116
96,1403,1499,0.15036032691368809
97,1405,1502,0.15037027812420745
95,1429,1524,0.1503766284018167
94,1433,1527,0.1503874531937971
95,1413,1508,0.15040106684373963
94,1415,1509,0.1504118693681108
92,1410,1502,0.15042409305103088
95,1409,1504,0.15044050705255438
95,1422,1517,0.15044929577536634
96,1420,1516,0.15045639917181794
95,1406,1501,0.15046124597037647
95,1419,1514,0.15046867642689002
94,1417,1511,0.15047422690017812
97,1433,1530,0.15048214776280897
96,1424,1520,0.15048095609635792
93,1418,1511,0.15048346245239405
95,1426,1521,0.15049377644237372
94,1428,1522,0.15049827799422327
94,1428,1522,0.15050560252536993
93,1430,1523,0.15051406113396695
90,1421,1511,0.15052245076621434
89,1431,1520,0.1505359666240857
89,1428,1517,0.15055234675692883
89,1430,1519,0.15056684607434934
87,1430,1517,0.15058084670965904
88,1436,1524,0.15059934588996174
88,1429,1517,0.15061421619349594
89,1430,1519,0.15062840124628177
91,1423,1514,0.1506401651847893
93,1433,1526,0.15064622052065618
92,1432,1524,0.1506457757798799
91,1430,1521,0.15064741358340572
90,1431,1521,0.15065086884982745
90,1432,1522,0.15065764461065256
90,1435,1525,0.15066492095474532
92,1432,1524,0.15067248580988477
94,1421,1515,0.1506739044731285
93,1418,1511,0.15067073565281697
90,1413,1503,0.15067191194134927
89,1422,1511,0.1506808839446511
90,1419,1509,0.15069255517390834
88,1430,1518,0.15070037439940273
89,1434,1523,0.1507129955852788
87,1424,1511,0.15072268848392625
89,1427,1516,0.15073679376146668
89,1411,1500,0.15074409569917893
90,1411,1501,0.15075200838975228
90,1418,1508,0.15075437905792854
88,1427,1515,0.15075749472814756
87,1420,1507,0.15076481262428484
87,1433,1520,0.15077522869499385
85,1435,1520,0.15078487299650212
88,1426,1514,0.15079724596773897
87,1435,1522,0.150799368536833
85,1423,1508,0.15080341510446038
85,1441,1526,0.15081129480696961
86,1446,1532,0.15081870618586055
86,1442,1528,0.15082369442026994
86,1432,1518,0.150828047556568
88,1429,1517,0.15083337817086653
88,1429,1517,0.1508343812656186
86,1421,1507,0.15083590661513546
90,1424,1514,0.15084199484037847
91,1444,1535,0.15083708855276398
90,1440,1530,0.1508282004887934
85,1436,1521,0.15082305805617102
85,1447,1532,0.15083103546635057
86,1440,1526,0.1508395266240545
86,1436,1522,0.15084408723956705
85,1438,1523,0.1508487037568373
83,1431,1514,0.15085566188705482
82,1442,1524,0.1508674281147463
81,1445,1526,0.15087939430211614
80,1450,1530,0.15089299846649223
81,1443,1524,0.1509088235844597
81,1439,1520,0.15092087086295913
78,1429,1507,0.1509328906448758
80,1426,1506,0.15095205375523052
77,1431,1508,0.15096455325960895
78,1433,1511,0.1509835364184914
78,1435,1513,0.15099881036466872
75,1426,1501,0.15101281812894393
74,1424,1498,0.15103453142867
73,1431,1504,0.15105656731070066
73,1437,1510,0.15108012487662403
73,1433,1506,0.15110154241324683
71,1439,1510,0.15112055288775492
71,1446,1517,0.15114248536612476
73,1438,1511,0.1511639064772795
71,1453,1524,0.1511788548107612
71,1460,1531,0.1511980615234276
74,1448,1522,0.15121564216548827
73,1439,1512,0.15122588319652627
73,1441,1514,0.1512384320567352
74,1440,1514,0.15125047215965295
79,1439,1518,0.15125918808154168
75,1448,1523,0.15125072841095785
73,1431,1504,0.1512536161171616
76,1418,1494,0.15126168778552795
76,1434,1510,0.15126030811519764
75,1426,1501,0.15125974431867908
73,1432,1505,0.1512625134021504
71,1441,1512,0.15126854425082562
70,1437,1507,0.15127960344612265
67,1435,1502,0.15129319587401688
66,1446,1512,0.15131299637082163
65,1450,1515,0.15133438607820102
66,1455,1521,0.1513574168434999
70,1454,1524,0.1513744282628153
71,1446,1517,0.15137996831173686
70,1447,1517,0.15138189044949862
70,1448,1518,0.15138739492597028
68,1445,1513,0.15139299279758053
66,1451,1517,0.15140249793481542
66,1450,1516,0.15141598391378464
66,1453,1519,0.15142938763945837
67,1453,1520,0.15144278749042425
66,1457,1523,0.15145296802119984
63,1461,1524,0.15146570918932437
62,1451,1513,0.15148411662189332
63,1446,1509,0.1515046927721605
59,1453,1512,0.15152231968550464
59,1465,1524,0.15154838102503318
63,1469,1532,0.15157254284806274
62,1461,1523,0.15158279118378076
60,1456,1516,0.15159465577089778
61,1469,1530,0.15161073969914413
61,1466,1527,0.15162340502441288
60,1462,1522,0.15163575137028432
59,1446,1505,0.1516500655247629
58,1443,1501,0.15166562326242095
58,1452,1510,0.15168207251517993
54,1462,1516,0.15169731061262265
55,1444,1499,0.15172124592684436
55,1446,1501,0.15174256466054237
53,1465,1518,0.1517622661319341
49,1470,1519,0.15178578073062968
52,1471,1523,0.15181699212222774
51,1479,1530,0.1518392331116341
49,1472,1521,0.15186308499761403
48,1469,1517,0.1518904011572505
48,1481,1529,0.15191871573393112
50,1465,1515,0.15194522805340185
48,1471,1519,0.1519648801978974
48,1459,1507,0.15198735356089813
47,1451,1498,0.1520085546896301
46,1463,1509,0.15203104746602888
45,1466,1511,0.15205274760772916
46,1470,1516,0.15207597328056505
48,1461,1509,0.15209559998421304
47,1468,1515,0.15210971624565903
47,1460,1507,0.1521254546644088
46,1468,1514,0.15214061977414503
46,1463,1509,0.15215739927929545
48,1472,1520,0.15217261298783205
47,1472,1519,0.15218149458371336
47,1470,1517,0.15219177980645676
52,1469,1521,0.15220204729723769
52,1462,1514,0.15219730236632137
51,1462,1513,0.15219355464159107
53,1470,1523,0.15219276566630283
54,1467,1521,0.15218718833001513
57,1457,1514,0.1521804183019238
54,1463,1517,0.15216499985478754
55,1472,1527,0.15215777369051187
53,1457,1510,0.15214766857442802
56,1453,1509,0.15214167960941816
61,1461,1522,0.15213031642339533
60,1441,1501,0.15210625305028605
59,1437,1496,0.15208726887191548
58,1447,1505,0.15207189478508013
55,1459,1514,0.15205993438864782
55,1467,1522,0.15205643281453973
57,1458,1515,0.1520548686450559
59,1451,1510,0.152047759795472
60,1464,1524,0.15203724560445303
56,1445,1501,0.15202524441968696
57,1445,1502,0.15202278095892605
59,1446,1505,0.15201830391708185
56,1441,1497,0.15200856911958915
57,1441,1498,0.15200775516259138
57,1439,1496,0.15200477659278125
57,1447,1504,0.15200124969783815
57,1467,1524,0.15199728809912957
59,1459,1518,0.15199359532307857
59,1454,1513,0.15198633698810055
61,1445,1506,0.15197950776937222
60,1442,1502,0.15196673807433914
59,1447,1506,0.1519570397379212
58,1451,1509,0.15195094983972038
56,1448,1504,0.15194871895480744
57,1451,1508,0.1519519884791919
57,1461,1518,0.15195246770686513
58,1452,1510,0.15195281546094894
57,1463,1520,0.15195079871789352
60,1461,1521,0.1519520657790593
59,1458,1517,0.15194505416814866
60,1458,1518,0.1519408063424719
60,1463,1523,0.15193417321779593
60,1462,1522,0.15192897564519076
61,1467,1528,0.15192502663347407
61,1463,1524,0.15191744334372534
62,1453,1515,0.1519112645883709
63,1454,1517,0.15190336898944104
61,1441,1502,0.15189302928351225
59,1451,1510,0.1518886401415143
60,1452,1512,0.15188971517408315
57,1439,1496,0.1518880740207447
59,1441,1500,0.15189183299028042
58,1444,1502,0.1518910957299825
59,1447,1506,0.15189326588181168
61,1456,1517,0.15189249628338491
61,1464,1525,0.15188638351661443
59,1462,1521,0.15188062961764046
59,1459,1518,0.1518807824942156
61,1448,1509,0.15188062682156808
62,1451,1513,0.15187644187050936
62,1452,1514,0.1518683462564992
67,1446,1513,0.15186155556208353
67,1439,1506,0.1518425902064096
69,1450,1519,0.15182590982056418
69,1448,1517,0.15180501893491555
69,1451,1520,0.15178550539751717
63,1461,1524,0.1517675568152814
63,1451,1514,0.15176421904493131
61,1451,1512,0.15176148331361294
60,1462,1522,0.15176472184167453
61,1464,1525,0.15177046733706928
60,1462,1522,0.15177350861256084
59,1459,1518,0.15177904195548683
59,1464,1523,0.1517872733814788
58,1464,1522,0.15179553809613597
60,1452,1512,0.15180434127718856
61,1436,1497,0.15180787460028142
62,1436,1498,0.15180770382016312
64,1432,1496,0.1518032030932613
64,1443,1507,0.15179478656548365
64,1450,1514,0.15178555390450899
66,1448,1514,0.15177886910484056
71,1455,1526,0.15176738706285112
71,1450,1521,0.15174377567484915
71,1453,1524,0.15172231398908867
70,1448,1518,0.15170243152801566
69,1449,1518,0.1516872705820112
65,1439,1504,0.1516764893953729
67,1438,1505,0.15167720700077883
69,1439,1508,0.15167401204048514
69,1442,1511,0.15166367371354106
68,1453,1521,0.15165392018360055
65,1448,1513,0.1516472030044977
64,1451,1515,0.15164864217440435
67,1455,1522,0.15165283178534295
68,1445,1513,0.15164861562655
65,1444,1509,0.15164117652565132
63,1440,1503,0.15164195088619947
65,1438,1503,0.15164765390149565
60,1455,1515,0.1516474842174162
58,1460,1518,0.15165972458142984
54,1454,1508,0.1516769973388112
55,1461,1516,0.15170332187603264
52,1455,1507,0.1517254383673583
55,1455,1510,0.15175335349161068
56,1444,1500,0.1517708126272257
57,1446,1503,0.15178570480627795
56,1445,1501,0.15179581206743706
58,1448,1506,0.15180712652827644
58,1439,1497,0.15181266638674287
58,1453,1511,0.151818430078252
57,1451,1508,0.15182217076261778
57,1441,1498,0.15182993392747618
57,1436,1493,0.15183820719687507
58,1443,1501,0.15184629172683947
58,1452,1510,0.15185151331885463
53,1450,1503,0.15185673703591684
54,1453,1507,0.15187355789292148
55,1459,1514,0.15188662771362352
55,1453,1508,0.1518973686321951
56,1447,1503,0.15190707194793412
56,1456,1512,0.1519139450644822
55,1466,1521,0.15192090479973355
54,1463,1517,0.15192931049164723
54,1469,1523,0.15193900566581675
52,1476,1528,0.15194881441660768
52,1474,1526,0.15196318520360483
52,1472,1524,0.15197731266221726
50,1470,1520,0.15199089743505584
47,1461,1508,0.1520091040679492
45,1444,1489,0.15203318862009318
46,1453,1499,0.15206106443888287
45,1458,1503,0.1520842531620944
48,1469,1517,0.152107737352977
47,1476,1523,0.15212261695409565
45,1466,1511,0.1521377221772928
44,1465,1509,0.15215680856511685
45,1468,1513,0.15217562649895303
47,1475,1522,0.15219066139748819
46,1483,1529,0.1522004305874436
45,1474,1519,0.15221275661661524
44,1480,1524,0.15222617224388288
43,1471,1514,0.15224166578566506
43,1476,1519,0.15225799578913707
42,1475,1517,0.15227245536524425
45,1473,1518,0.15228840983021205
46,1467,1513,0.1522961171402926
45,1464,1509,0.1523007153909337
46,1468,1514,0.1523079580543036
47,1477,1524,0.15231284449038301
49,1483,1532,0.15231512573267103
48,1479,1527,0.15231130298471007
47,1483,1530,0.15231071131713503
47,1489,1536,0.1523130699797557
45,1482,1527,0.15231595935531655
46,1474,1520,0.15232366658575092
44,1483,1527,0.15232914073485848
44,1469,1513,0.15233814806447105
45,1466,1511,0.1523469660470661
45,1474,1519,0.1523523625098702
42,1472,1514,0.15235782750180865
43,1466,1509,0.15237092177438094
44,1466,1510,0.15237926798567641
42,1460,1502,0.1523854645064837
42,1465,1507,0.15239625564882286
42,1470,1512,0.15240535762213941
41,1467,1508,0.15241365282710037
43,1490,1533,0.1524249661479893
43,1482,1525,0.15243056881954412
42,1483,1525,0.15243525846636605
42,1473,1515,0.15244331322628188
41,1482,1523,0.15245132686153312
41,1475,1516,0.1524616061963443
39,1465,1504,0.15247160574188212
37,1471,1508,0.15248454267120126
39,1480,1519,0.15250057388338015
40,1483,1523,0.15251057638892315
40,1490,1530,0.15251814023555976
39,1500,1539,0.15252618485488573
38,1476,1514,0.15253609065711743
38,1469,1507,0.15254710032784502
39,1476,1515,0.1525578402431401
39,1456,1495,0.15256444641237973
39,1461,1500,0.15257004508812178
38,1479,1517,0.15257584520827122
38,1474,1512,0.15258371995154849
38,1488,1526,0.15259065081287368
36,1484,1520,0.15259752426410936
37,1485,1522,0.15260855837055243
36,1479,1515,0.15261612814704562
36,1479,1515,0.15262590185183852
36,1481,1517,0.15263537413294948
36,1478,1514,0.15264384572515416
37,1487,1524,0.1526522782559818
33,1494,1527,0.1526577908449702
33,1476,1509,0.15267136484041552
34,1472,1506,0.15268479728870574
33,1478,1511,0.15269553172093625
34,1488,1522,0.15270776075877227
35,1493,1528,0.15271736846285316
35,1493,1528,0.15272349542599406
36,1496,1532,0.15272873730933512
35,1491,1526,0.1527318426948966
35,1497,1532,0.15273737780857305
32,1499,1531,0.15274297952414992
32,1501,1533,0.1527551701239723
31,1495,1526,0.15276688052520246
30,1513,1543,0.15278014763322983
31,1493,1524,0.15279505191268694
30,1475,1505,0.15280694281649898
30,1477,1507,0.15282052332868618
30,1488,1518,0.15283350203959822
32,1491,1523,0.15284589354372188
31,1477,1508,0.15285205819462785
30,1479,1509,0.15285924868752912
29,1481,1510,0.1528685908393382
27,1495,1522,0.15287992811353657
27,1492,1519,0.15289544216849665
28,1502,1530,0.1529102505904921
27,1490,1517,0.1529211136260638
27,1478,1505,0.15293376931098493
24,1491,1515,0.15294592666388968
25,1489,1514,0.15296407189924177
25,1489,1514,0.15297864922485288
24,1492,1516,0.15299259150921216
23,1507,1530,0.15300805853904081
22,1501,1523,0.15302497937068835
22,1493,1515,0.1530432136335554
21,1494,1515,0.1530594080532343
21,1508,1529,0.15307703526435806
20,1499,1519,0.15309382282036438
19,1501,1520,0.15311251641811482
20,1496,1516,0.1531323632120495
18,1490,1508,0.15314790995657987
19,1507,1526,0.15316717146398598
18,1505,1523,0.15318199099781915
20,1500,1520,0.15319836188314018
19,1497,1516,0.15320751186642687
19,1494,1513,0.15321880362935503
17,1485,1502,0.15322869325681107
18,1490,1508,0.15324279434673124
17,1503,1520,0.15325318471582228
17,1505,1522,0.15326658412958222
16,1509,1525,0.15327950684883535
16,1500,1516,0.15329410382452852
17,1503,1520,0.15330808962815706
16,1506,1522,0.1533181987172999
16,1509,1525,0.1533302499168476
15,1506,1521,0.1533407978206897
15,1509,1524,0.1533532375504011
15,1502,1517,0.15336525375500673
15,1500,1515,0.15337639267272915
15,1511,1526,0.15338717020101356
15,1509,1524,0.1533975777481641
15,1501,1516,0.15340761019643068
15,1492,1507,0.15341726540612927
15,1494,1509,0.15342654377734424
13,1498,1511,0.15343544786306876
14,1492,1506,0.15344829820739078
12,1491,1503,0.1534582838023062
13,1490,1503,0.15347219672828463
12,1492,1504,0.15348255337132974
12,1498,1510,0.15349462672756248
11,1496,1507,0.1535061318668392
10,1519,1529,0.15351943311688454
10,1515,1525,0.15353427815653084
11,1512,1523,0.15354832224014095
11,1524,1535,0.15355840888431174
11,1519,1530,0.1535680652349574
11,1494,1505,0.1535772999006765
11,1496,1507,0.1535861226505847
11,1483,1494,0.15359454418221835
10,1486,1496,0.15360257591904583
9,1498,1507,0.15361238256465776
8,1498,1506,0.15362387255737586
10,1500,1510,0.15363698674936976
10,1507,1517,0.1536437610367608
10,1511,1521,0.15365031446398908
10,1515,1525,0.15365664191582817
11,1513,1524,0.1536627403850028
11,1507,1518,0.1536653747127917
11,1502,1513,0.15366807967551316
12,1504,1516,0.15367082878578495
12,1503,1515,0.15367032904531575
11,1503,1514,0.15366901761940852
10,1495,1505,0.1536703038654447
10,1495,1505,0.15367399410545052
11,1492,1503,0.15367804207779362
12,1502,1514,0.15367934297251717
12,1508,1520,0.1536775527975764
12,1509,1521,0.15367520621760455
12,1511,1523,0.15367341720350644
11,1515,1526,0.15367211202561465
11,1498,1509,0.15367378761327752
11,1503,1514,0.1536756294644254
11,1508,1519,0.1536776016088376
10,1501,1511,0.15367967275712485
9,1507,1516,0.15368415604706132
10,1501,1511,0.15369069919422534
9,1498,1507,0.1536938021479689
9,1513,1522,0.15369941807026655
8,1509,1517,0.1537048701620075
7,1503,1510,0.15371232086591025
5,1511,1516,0.15372163066091815
5,1519,1524,0.1537353476337014
5,1526,1531,0.15374830180785698
5,1530,1535,0.15376053271230294
4,1515,1519,0.15377207813408258
5,1524,1529,0.15378515871192788
5,1522,1527,0.15379523560844463
5,1508,1513,0.15380474962622673
5,1504,1509,0.1538137302084036
5,1511,1516,0.15382220546865508
5,1507,1512,0.15383020222752614
5,1509,1514,0.15383774605084224
4,1513,1517,0.1538448612896798
4,1514,1518,0.1538537113239343
5,1517,1522,0.15386204798879669
5,1515,1520,0.15386762400326728
5,1525,1530,0.15387289393778147
4,1522,1526,0.15387787326788785
4,1529,1533,0.15388471386374164
4,1529,1533,0.1538911633558355
3,1527,1530,0.1538972430818131
3,1513,1516,0.15390518632728792
3,1516,1519,0.15391265811845728
3,1532,1535,0.15391968594313277
3,1516,1519,0.15392629573598074
3,1509,1512,0.1539325119612364
3,1511,1514,0.15393835769154188
3,1515,1518,0.15394385468303265
3,1513,1516,0.1539490234467971
4,1505,1509,0.15395388331683768
4,1521,1525,0.15395517961301844
4,1530,1534,0.15395650818621928
4,1533,1537,0.15395785627565742
4,1524,1528,0.15395921294505424
4,1529,1533,0.15396056886992882
4,1519,1523,0.1539619161476985
4,1520,1524,0.15396324812824172
4,1512,1516,0.1539645592628143
4,1512,1516,0.15396584496942198
4,1512,1516,0.1539671015129439
4,1525,1529,0.15396832589847298
4,1526,1530,0.1539695157764944
4,1524,1528,0.15397066935866363
4,1519,1523,0.15397178534307002
4,1519,1523,0.15397286284798622
4,1516,1520,0.15397390135320482
4,1519,1523,0.15397490064815555
3,1524,1527,0.15397586078607975
3,1520,1523,0.15397912446916312
3,1524,1527,0.15398219086240789
3,1518,1521,0.1539850718279121
3,1498,1501,0.1539877785209177
3,1500,1503,0.15399032143130076
3,1502,1505,0.1539927104226894
3,1507,1510,0.15399495476933872
3,1511,1514,0.15399706319088546
3,1504,1507,0.15399904388509927
4,1515,1519,0.15400090455874144
4,1517,1521,0.15399948552664042
4,1523,1527,0.1539982506029313
4,1518,1522,0.15399717929042198
4,1519,1523,0.15399625322257013
3,1515,1518,0.1539954559498867
3,1512,1515,0.153996937578604
3,1519,1522,0.15399838888089284
3,1493,1496,0.153999805940577
2,1503,1505,0.15400118563308457
2,1511,1513,0.15400469944569284
1,1522,1523,0.15400803996878296
1,1530,1531,0.1540136950629144
1,1524,1525,0.15401900767873367
1,1524,1525,0.15402399850555185
1,1503,1504,0.15402868698795216
1,1512,1513,0.15403309140016827
1,1520,1521,0.1540372289160686
1,1526,1527,0.15404111567500123
1,1513,1514,0.15404476684373913
1,1503,1504,0.15404819667475397
1,1497,1498,0.15405141856103038
1,1510,1511,0.15405444508762503
1,1512,1513,0.15405728808015906
1,1510,1511,0.15405995865042443
2,1528,1530,0.15406246723927364
2,1526,1528,0.15406164126796523
2,1519,1521,0.1540609638292341
2,1524,1526,0.15406041636653253
2,1527,1529,0.15405998237466567
2,1524,1526,0.15405964718560394
3,1521,1524,0.15405939777599
3,1527,1530,0.15405594326082908
3,1526,1529,0.15405285926779652
3,1521,1524,0.154050107744903
2,1527,1529,0.15404765445570864
2,1533,1535,0.15404763603673743
3,1513,1516,0.1540477261086832
3,1522,1525,0.15404463896266138
3,1507,1510,0.15404193381165254
3,1487,1490,0.15403956858498163
3,1482,1485,0.15403750559700996
3,1494,1497,0.15403571110342132
3,1507,1510,0.15403415490165007
3,1518,1521,0.15403280997110344
3,1508,1511,0.1540316521492568
3,1507,1510,0.1540306598400841
4,1503,1507,0.154029813751633
4,1519,1523,0.1540258223121099
5,1502,1507,0.15402225090617372
6,1517,1523,0.1540157775205859
7,1526,1533,0.15400666828367504
6,1518,1524,0.15399517659740075
5,1504,1509,0.15398702139029474
4,1511,1515,0.15398249136172917
4,1519,1523,0.15398148738328593
4,1515,1519,0.15398071183671366
4,1513,1517,0.15398013475822536
4,1507,1511,0.15397972954731579
4,1518,1522,0.15397947261459774
4,1508,1512,0.15397934306518873
4,1507,1511,0.1539793224141336
4,1522,1526,0.15397939433069152
4,1520,1524,0.153979544408626
4,1506,1510,0.1539797599599155
4,1504,1508,0.15398002982955694
4,1507,1511,0.1539803442293598
4,1517,1521,0.15398069458883726
4,1514,1518,0.15398107342148515
4,1521,1525,0.153981474204908
4,1517,1521,0.1539818912734031
4,1522,1526,0.15398231972174972
4,1517,1521,0.15398275531907568
4,1508,1512,0.15398319443178266
4,1505,1509,0.15398363395461445
4,1495,1499,0.15398407124904137
4,1504,1508,0.15398450408821757
4,1513,1517,0.15398493060783988
4,1519,1523,0.15398534926230587
4,1498,1502,0.15398575878562648
5,1503,1508,0.153986158156605
5,1512,1517,0.15398327998717068
5,1512,1517,0.15398069570240341
5,1501,1506,0.15397837596886876
5,1512,1517,0.153976294342063
5,1501,1506,0.1539744269841852
5,1505,1510,0.1539727524093448
5,1520,1525,0.15397125125354583
4,1524,1528,0.15396990606704594
4,1523,1527,0.15397087219134106
5,1525,1530,0.15397183244864898
5,1532,1537,0.15397047381954487
5,1525,1530,0.15396925420228197
5,1525,1530,0.15396815969782296
5,1524,1529,0.15396717777812013
5,1537,1542,0.15396629715198254
5,1544,1549,0.1539655076440009
5,1529,1534,0.153964800085263
5,1521,1526,0.15396416621471498
5,1516,1521,0.1539635985901349
5,1497,1502,0.1539630905077851
4,1508,1512,0.15396263592990067
5,1502,1507,0.15396444181383243
4,1504,1508,0.15396287660028138
4,1513,1517,0.15396367077986337
3,1535,1538,0.1539645251777254
3,1530,1533,0.15396759904825777
3,1518,1521,0.15397057502243489
3,1517,1520,0.15397345042812435
4,1528,1532,0.1539762235913457
4,1521,1525,0.15397562689469563
4,1528,1532,0.15397523267988586
4,1526,1530,0.15397501273816838
4,1512,1516,0.15397494209672655
3,1507,1510,0.15397499867642803
3,1501,1504,0.15397765479413997
3,1501,1504,0.15398021899111122
3,1500,1503,0.15398269022799277
3,1517,1520,0.15398506815968743
2,1507,1509,0.15398735303308342
2,1495,1497,0.1539920987716177
2,1504,1506,0.15399655939665732
2,1498,1500,0.15400075187090906
2,1513,1515,0.15400469216428803
2,1513,1515,0.15400839531039354
2,1505,1507,0.15401187545993697
2,1505,1507,0.15401514593126867
2,1509,1511,0.15401821925814685
2,1507,1509,0.1540211072348842
2,1507,1509,0.15402382095900502
2,1509,1511,0.154026370871538
2,1506,1508,0.15402876679506655
2,1516,1518,0.15403101796965235
2,1505,1507,0.1540331330867426
3,1510,1513,0.15403512032116762
3,1509,1512,0.15403371679697
3,1518,1521,0.1540325058204992
3,1516,1519,0.15403146527467235
3,1508,1511,0.1540305753973284
3,1519,1522,0.15402981854005596
2,1499,1501,0.15402917895118712
2,1499,1501,0.1540307889159218
2,1491,1493,0.1540323597256383
2,1497,1499,0.15403388805069224
2,1504,1506,0.15403537131843625
2,1513,1515,0.1540368076133779
2,1509,1511,0.15403819558862789
2,1519,1521,0.15403953438744666
2,1520,1522,0.1540408235738176
2,1507,1509,0.15404206307108578
4,1502,1506,0.15404325310779843
4,1509,1513,0.1540379046319477
5,1508,1513,0.15403311102113276
5,1504,1509,0.15402553441043645
5,1519,1524,0.1540187132296201
5,1532,1537,0.15401257313031913
5,1529,1534,0.15400704702382942
5,1525,1530,0.15400170191635584
5,1520,1525,0.15399691446584873
4,1520,1524,0.15399262831112906
4,1530,1534,0.1539917800274633
4,1523,1527,0.15399107607725887
4,1517,1521,0.15399049873690873
4,1514,1518,0.15399003222297133
4,1514,1518,0.15398966249109855
4,1516,1520,0.15398937705519417
4,1516,1520,0.15398916482480218
4,1528,1532,0.1539890159589193
4,1522,1526,0.1539889217346042
4,1524,1528,0.15398887442891399
5,1518,1523,0.15398886721284405
5,1499,1504,0.1539856249428704
5,1491,1496,0.15398271723890866
5,1502,1507,0.15398011050717872
5,1505,1510,0.15397777447403926
5,1511,1516,0.15397568186095748
4,1507,1511,0.15397380809111344
4,1499,1503,0.1539743738632828
4,1501,1505,0.15397497282355413
3,1502,1505,0.1539755963670283
3,1503,1506,0.15397840909073318
2,1499,1501,0.15398109972669016
2,1502,1504,0.1539861919104923
2,1521,1523,0.15399098020459204
2,1519,1521,0.15399548255262574
2,1516,1518,0.15399860528996823
2,1520,1522,0.15400164972359703
2,1515,1517,0.15400460974711067
1,1528,1529,0.15400748068390946
1,1517,1518,0.15401316020469838
1,1526,1527,0.15401849796276446
1,1521,1522,0.1540235144220583
1,1513,1514,0.15402822883106343
1,1513,1514,0.1540326592940273
1,1507,1508,0.1540368228381119
1,1508,1509,0.15404073547668967
1,1522,1523,0.1540444122689958
1,1513,1514,0.1540478673763405
1,1532,1533,0.15405111411507202
1,1524,1525,0.15405416500647212
2,1526,1528,0.15405703182375627
2,1520,1522,0.15405645497182252
2,1522,1524,0.15405602103101226
2,1510,1512,0.1540557108717482
2,1536,1538,0.1540555075388343
2,1527,1529,0.1540553960212647
2,1526,1528,0.15405536304552497
2,1525,1527,0.15405539689003633
2,1529,1531,0.1540554872186268
2,1524,1526,0.15405562493112135
2,1530,1532,0.1540558020293321
2,1531,1533,0.1540560114969009
2,1517,1519,0.15405624719159777
2,1522,1524,0.1540565037488203
2,1531,1533,0.15405677649516072
2,1518,1520,0.15405706137102226
2,1502,1504,0.1540573548613664
3,1509,1512,0.15405765393376503
2,1514,1516,0.15405480933315022
2,1518,1520,0.15405440283784597
2,1518,1520,0.15405412397220433
2,1511,1513,0.15405395490668655
2,1521,1523,0.15405387987948546
2,1531,1533,0.1540538849748081
2,1526,1528,0.15405395792400156
2,1520,1522,0.1540540879272198
2,1517,1519,0.15405426549355977
2,1519,1521,0.1540544822977991
2,1495,1497,0.15405473105205636
2,1488,1490,0.15405500539085987
2,1504,1506,0.1540552997682638
2,1506,1508,0.15405560936578566
2,1503,1505,0.154055930010062
2,1502,1504,0.15405625809922938
2,1504,1506,0.15405659053713816
2,1515,1517,0.15405692467459442
2,1517,1519,0.1540572582569086
1,1514,1515,0.15405758937709982
1,1528,1529,0.15406021257319943
1,1524,1525,0.15406267924530417
1,1510,1511,0.1540649986372846
1,1507,1508,0.15406717945654255
1,1512,1513,0.1540692299042024
1,1523,1524,0.1540711577036994
1,1510,1511,0.15407297012783913
1,1523,1524,0.154074674024402
1,1525,1526,0.15407627584036213
1,1535,1536,0.1540777816447888
1,1519,1520,0.15407919715049553
1,1512,1513,0.15408052773449954
1,1506,1507,0.15408177845735146
1,1519,1520,0.1540829540813938
1,1512,1513,0.15408405908800205
1,1531,1532,0.15408509769386292
0,1529,1529,0.15408607386633855
