1356,29,1385,0.1357959198128798
1383,30,1413,0.13298477821684848
1400,32,1432,0.13035526478337534
1413,32,1445,0.12791810143103316
1426,30,1456,0.12566420152107283
1440,29,1469,0.12357929417808171
1447,29,1476,0.1216422244621059
1451,29,1480,0.11986225778327177
1471,28,1499,0.11823197907813306
1477,29,1506,0.11669893251922202
1469,34,1503,0.11529098507679106
1486,35,1521,0.11402880459455884
1478,38,1516,0.1128383730033388
1472,37,1509,0.11177750388866127
1456,37,1493,0.11082919282367108
1456,40,1496,0.11000578218101144
1450,39,1489,0.10925731312030815
1442,40,1482,0.10859364122149633
1449,42,1491,0.10801210430366416
1471,41,1512,0.10746821642767725
1463,40,1503,0.10692134331785383
1459,41,1500,0.1064423941198655
1454,41,1495,0.10601566893612584
1466,42,1508,0.10563933276665356
1453,43,1496,0.1052698587511113
1443,45,1488,0.10496433596435135
1446,46,1492,0.1047096855836757
1453,45,1498,0.10447093979317622
1460,45,1505,0.10423962222612777
1464,45,1509,0.10401342170296278
1471,41,1512,0.10379883051890455
1466,40,1506,0.10358879214029994
1454,42,1496,0.10340866938826618
1453,44,1497,0.10327291823573245
1453,45,1498,0.10315148449935005
1457,46,1503,0.10304258553198746
1436,47,1483,0.10293424212031635
1435,46,1481,0.10288272406276365
1439,46,1485,0.10283947617281587
1440,44,1484,0.10279037588397325
1441,45,1486,0.1027441702143182
1432,44,1476,0.1027013796595281
1439,46,1485,0.1026837591904949
1436,45,1481,0.10265238719226431
1449,46,1495,0.10263035826440042
1442,47,1489,0.10258182046376207
1452,49,1501,0.10255430338368762
1460,48,1508,0.10250497917737796
1456,47,1503,0.10243871332725281
1436,44,1480,0.10238696416039644
1440,42,1482,0.10238454920788072
1439,40,1479,0.10237516866693425
1458,41,1499,0.10236651622488123
1458,41,1499,0.1023160428147019
1463,40,1503,0.10227193607286696
1452,41,1493,0.10221731330650652
1441,41,1482,0.10219084688563938
1453,42,1495,0.10219358993228067
1455,42,1497,0.10216710322505093
1453,39,1492,0.10213866497516029
1457,40,1497,0.10212005642849965
1450,40,1490,0.10209429157594424
1446,40,1486,0.10208694363122735
1448,40,1488,0.10209002571012
1452,44,1496,0.10208956861821004
1441,43,1484,0.10207766589481845
1437,42,1479,0.10209123359034106
1442,41,1483,0.10211327756386146
1432,40,1472,0.10212401336163052
1437,41,1478,0.10215723025815876
1455,43,1498,0.10217416483645712
1464,42,1506,0.10214910030906024
1468,42,1510,0.10210568566266053
1446,43,1489,0.10205954230282355
1442,41,1483,0.10206446856637251
1447,41,1488,0.10207792677138534
1448,39,1487,0.10207918459302742
1430,39,1469,0.1020794075028315
1434,39,1473,0.102119459163377
1450,41,1491,0.10214525455858357
1445,40,1485,0.10213435766505344
1450,40,1490,0.10213578773488166
1463,40,1503,0.10212671465047225
1458,41,1499,0.10208772372405381
1470,41,1511,0.10206490279193678
1470,40,1510,0.10201477253158575
1457,41,1498,0.10196855646867871
1451,39,1490,0.10195562330820099
1449,42,1491,0.10195684853054926
1451,44,1495,0.10196426512226822
1451,48,1499,0.10196805075430722
1445,47,1492,0.10197379365691812
1460,46,1506,0.10199480276005968
1457,46,1503,0.10197956487311767
1462,47,1509,0.10197131769446123
1446,48,1494,0.10195222428160028
1431,48,1479,0.10197172154690795
1423,50,1473,0.102021655679181
1416,51,1467,0.10208638334517552
1405,52,1457,0.10216245626940929
1417,51,1468,0.10225791278471444
1428,52,1480,0.10231923785423037
1432,52,1484,0.10234999555703124
1427,52,1479,0.10236851799530954
1410,52,1462,0.10239857408258096
1415,57,1472,0.10246447932201841
1431,56,1487,0.10251494292887198
1438,56,1494,0.10252676381566506
1431,53,1484,0.10252285483294035
1439,55,1494,0.10253301073826464
1434,55,1489,0.10252525196672561
1438,53,1491,0.10253061417509252
1436,56,1492,0.10252529343494278
1433,56,1489,0.10252451725194181
1445,55,1500,0.10253138426648395
1448,58,1506,0.10251198435735198
1444,57,1501,0.10248901095725164
1434,58,1492,0.10247311061886479
1432,56,1488,0.10248156905713694
1429,56,1485,0.10249546010320364
1413,56,1469,0.10251486861558312
1413,57,1470,0.1025694420232681
1413,58,1471,0.10261994749119135
1414,57,1471,0.1026673356811527
1416,59,1475,0.10270772816394981
1415,63,1478,0.10273892645470778
1415,64,1479,0.10277011368913602
1428,64,1492,0.10280118065341544
1422,65,1487,0.10279677750671977
1420,65,1485,0.10280688042846066
1418,63,1481,0.10282058902870922
1425,60,1485,0.1028363984852966
1428,60,1488,0.10283679953398957
1433,60,1493,0.10283026942227366
1433,61,1494,0.10281381185533003
1430,63,1493,0.10279716877412987
1428,66,1494,0.10278968787587374
1426,64,1490,0.10278678142109404
1426,66,1492,0.10278785901315686
1425,68,1493,0.10279077317488017
1438,68,1506,0.10279924988129277
1434,69,1503,0.10277730218886777
1430,69,1499,0.10276467253732698
1423,68,1491,0.10276185218490635
1445,69,1514,0.10277675874195655
1439,70,1509,0.10273869984844537
1452,72,1524,0.10271863859628919
1443,74,1517,0.10267146551724535
1447,77,1524,0.10264823926889279
1457,75,1532,0.10262028140314289
1433,77,1510,0.10257527099380216
1434,80,1514,0.10258830826610016
1427,83,1510,0.10259868121323855
1430,85,1515,0.10262611304414024
1426,88,1514,0.10264526254321843
1413,91,1504,0.10266969419046008
1410,89,1499,0.10272231143119567
1408,89,1497,0.10277921874159719
1411,86,1497,0.10283612239593393
1398,90,1488,0.10288195074770884
1401,92,1493,0.10295449764306841
1405,92,1497,0.10301607166804409
1412,94,1506,0.10306407984468668
1410,91,1501,0.10309044466970113
1402,90,1492,0.10312134531474698
1405,93,1498,0.10316836318186627
1411,92,1503,0.10320451994256434
1413,93,1506,0.10322364122534042
1409,95,1504,0.10323656793108205
1405,94,1499,0.10325874588140525
1407,94,1501,0.10328918182699016
1399,95,1494,0.10331218028358319
1393,94,1487,0.10335372405912341
1407,96,1503,0.10340730501822826
1405,96,1501,0.10342559005592389
1405,94,1499,0.10344731875908435
1397,93,1490,0.10346369965867039
1408,93,1501,0.10349590483401798
1411,95,1506,0.10350089392229346
1408,93,1501,0.10349843755437739
1398,92,1490,0.10350219574524737
1404,92,1496,0.1035279717581943
1403,91,1494,0.10354112136937371
1407,93,1500,0.10355486737150638
1413,95,1508,0.10355504642220949
1409,93,1502,0.10354334524006462
1410,95,1505,0.10354081972438073
1411,95,1506,0.10353529444040667
1409,98,1507,0.10352841333134587
1405,97,1502,0.10352725567762656
1411,97,1508,0.10353580346144149
1407,97,1504,0.10353014924673967
1399,96,1495,0.10353384058265207
1407,96,1503,0.10355646510616161
1400,101,1501,0.1035614134506673
1392,100,1492,0.10358087394318492
1390,105,1495,0.10361568267072259
1392,103,1495,0.10365365580206466
1396,98,1494,0.10368677899625295
1389,97,1486,0.10370998504086447
1390,96,1486,0.10374331183825422
1395,93,1488,0.10377074589576968
1397,99,1496,0.10378522167106123
1390,99,1489,0.10379239584408785
1397,99,1496,0.10381498908815011
1396,102,1498,0.1038208991964873
1391,100,1491,0.10382734221238894
1403,101,1504,0.10384416502050701
1408,101,1509,0.10383212372490253
1399,99,1498,0.1038106035506112
1411,99,1510,0.10380608917878377
1408,98,1506,0.10377817610119994
1406,100,1506,0.10375888325416298
1398,103,1501,0.103745356810645
1394,105,1499,0.1037504629349439
1387,105,1492,0.10376283677374029
1402,103,1505,0.10379326106362317
1411,101,1512,0.10378917255756186
1412,100,1512,0.10376450465168376
1399,102,1501,0.1037415731154297
1399,101,1500,0.10375067058902655
1402,99,1501,0.10375751057541528
1386,101,1487,0.10375768208095566
1399,101,1500,0.10379450798652204
1398,98,1496,0.10379809632158532
1402,106,1508,0.1038042530730134
1404,108,1512,0.10380312030704612
1401,104,1505,0.10379947190672102
1397,108,1505,0.10379967410561207
1396,104,1500,0.10380949175981975
1374,106,1480,0.10381980854635307
1379,106,1485,0.10387919481743627
1382,106,1488,0.10391773281296267
1396,109,1505,0.1039494547040053
1409,108,1517,0.10394797596138951
1404,109,1513,0.10391546569395053
1396,108,1504,0.10389510924781416
1388,106,1494,0.10389617561144295
1382,105,1487,0.10391793437487654
1383,108,1491,0.10395054196869687
1385,111,1496,0.10398065160758105
1377,113,1490,0.10400151872727288
1379,113,1492,0.10403909177966125
1398,116,1514,0.10407025516725912
1400,113,1513,0.10405738077498163
1391,115,1506,0.10404112692374429
1391,114,1505,0.10404664534481968
1373,115,1488,0.10404945914465316
1374,117,1491,0.10409365043821943
1374,117,1491,0.10413452185658224
1379,118,1497,0.1041736519972499
1386,117,1503,0.10419664335673122
1369,115,1484,0.10420290870162521
1375,118,1493,0.10424746115804248
1374,122,1496,0.10427715548747038
1367,122,1489,0.10430555891004226
1367,123,1490,0.10434742288356227
1370,126,1496,0.10438626220714246
1374,124,1498,0.10441552248887742
1375,124,1499,0.10443363418498666
1363,127,1490,0.10444814522146881
1359,128,1487,0.10448848563223452
1345,130,1475,0.10453463786353674
1346,131,1477,0.10460958277993146
1352,132,1484,0.10467816615657227
1355,136,1491,0.10472598082641874
1350,136,1486,0.10476470035227999
1364,136,1500,0.10481352504807959
1367,139,1506,0.10482805805405572
1354,139,1493,0.10483215136133996
1344,144,1488,0.10486446954000772
1343,143,1486,0.10491736288222
1339,144,1483,0.10497153717513384
1344,144,1488,0.10503181758004315
1358,144,1502,0.10507843172801604
1350,145,1495,0.10509022339543098
1346,144,1490,0.10512106061503054
1344,143,1487,0.10515992780408931
1340,148,1488,0.1051987826805906
1342,148,1490,0.10524185856889087
1327,152,1479,0.10527753727741697
1345,154,1499,0.10534179852283554
1336,157,1493,0.10536283953205137
1329,156,1485,0.10540184847876156
1335,157,1492,0.10545469650356849
1339,157,1496,0.10548791024214975
1339,156,1495,0.10550889705189613
1354,153,1507,0.10553152121108933
1335,153,1488,0.10551882909842362
1331,153,1484,0.10555276223845655
1335,152,1487,0.10559124362655797
1334,152,1486,0.10561715762838732
1329,156,1485,0.10564390433283197
1336,156,1492,0.10567797683885628
1340,157,1497,0.10569677694917953
1335,155,1490,0.10570494584472907
1341,155,1496,0.10572364455655815
1330,160,1490,0.10572742151396015
1323,165,1488,0.1057594052644286
1314,165,1479,0.10580678444923407
1327,163,1490,0.10587108387774467
1323,162,1485,0.1059028662460873
1317,165,1482,0.10594159999512215
1323,167,1490,0.10598956469707531
1329,169,1498,0.1060207426551265
1323,169,1492,0.10603451486718488
1315,171,1486,0.10606046651067734
1316,176,1492,0.10610546146084167
1319,169,1488,0.10614550989952182
1318,176,1494,0.10617461717799795
1317,180,1497,0.10620573290436258
1308,185,1493,0.10623628526839933
1317,185,1502,0.1062836786940207
1315,185,1500,0.10630786642088612
1306,183,1489,0.10633786253307917
1307,184,1491,0.10638680493620116
1309,180,1489,0.10642953004664608
1299,184,1483,0.1064676754820065
1309,182,1491,0.1065228940126484
1301,188,1489,0.10655156683154747
1304,189,1493,0.10659617073854061
1298,186,1484,0.1066304110326179
1298,186,1484,0.10667636871938453
1292,192,1484,0.10671722106048903
1297,194,1491,0.10676838196098698
1295,195,1490,0.10680591269534873
1293,199,1492,0.10684518119550716
1296,195,1491,0.1068887156710635
1309,194,1503,0.1069212315710784
1297,194,1491,0.10692110315091995
1300,195,1495,0.10694686542991536
1292,191,1483,0.10696615624094903
1303,196,1499,0.1070028700924077
1293,198,1491,0.10701219147938111
1303,201,1504,0.10704130722521978
1296,200,1496,0.10704825117790426
1312,198,1510,0.10706887229714417
1302,199,1501,0.1070513267922389
1296,191,1487,0.10705885881352102
1297,193,1490,0.10707912896922181
1284,191,1475,0.10709532161482876
1287,198,1485,0.10714215050528103
1288,196,1484,0.10717740388092477
1292,197,1489,0.10720941338827306
1286,196,1482,0.10722961062174065
1295,192,1487,0.107259970338048
1293,193,1486,0.10726673857128961
1292,190,1482,0.10727721760618612
1295,187,1482,0.10728766492614289
1287,188,1475,0.10729176058986002
1299,186,1485,0.10731126405313866
1289,186,1475,0.10730323626513663
1288,184,1472,0.10731821627646747
1301,188,1489,0.10733521344829164
1301,186,1487,0.10731746590604821
1300,191,1491,0.10730161903601285
1305,191,1496,0.10729099977619533
1313,190,1503,0.10726738821139467
1300,193,1493,0.10722535470352618
1291,200,1491,0.10721751824746402
1294,197,1491,0.10723216997566669
1295,195,1490,0.10724172750746216
1290,193,1483,0.10724726333760745
1286,198,1484,0.1072627704248682
1298,197,1495,0.10728620039551709
1290,199,1489,0.10728110706244301
1290,200,1490,0.10729546843757336
1293,201,1494,0.1073111316276552
1301,201,1502,0.10731917189775658
1273,201,1474,0.10731192411355213
1283,205,1488,0.10736539810289582
1287,205,1492,0.10739195102850055
1293,208,1501,0.10740848404558417
1300,209,1509,0.10740878224917147
1292,211,1503,0.10739585166193923
1300,212,1512,0.10740272125053085
1300,214,1514,0.10739164568320785
1292,217,1509,0.10738474007576666
1288,217,1505,0.10739624359724059
1293,222,1515,0.10741619369455754
1280,224,1504,0.10742238879428405
1273,217,1490,0.10745735439858888
1276,220,1496,0.10750753513626123
1267,220,1487,0.1075470373028728
1268,226,1494,0.10760337912790745
1273,223,1496,0.10765588894396803
1267,226,1493,0.10769347588056338
1269,227,1496,0.10774241178449938
1265,229,1494,0.10778186493692118
1260,227,1487,0.10782696329883676
1265,223,1488,0.10788233520950292
1267,224,1491,0.10791946791365117
1267,222,1489,0.10794720297192771
1269,225,1494,0.10797399157757788
1276,225,1501,0.10799361046743615
1270,225,1495,0.10799524396642557
1281,228,1509,0.10800956652626528
1285,230,1515,0.10799955832129161
1270,227,1497,0.10798364400719787
1275,236,1511,0.10800370705671736
1269,241,1510,0.10801159541932716
1268,241,1509,0.10803437190896435
1264,244,1508,0.10805467254757246
1262,246,1508,0.1080848679714509
1259,240,1499,0.10811998098996088
1245,243,1488,0.10816016011299652
1235,247,1482,0.10823012229433435
1258,245,1503,0.10831464943514221
1256,248,1504,0.10834315280815009
1249,254,1503,0.10837297407763273
1244,257,1501,0.10841834470357256
1236,261,1497,0.10847156813537286
1220,265,1485,0.10854121275430537
1227,259,1486,0.10863968047038294
1233,260,1493,0.10871360020634933
1243,256,1499,0.10876645002269847
1245,251,1496,0.10879401252007626
1239,256,1495,0.10881433577167864
1237,257,1494,0.10884694484256119
1233,258,1491,0.10888082420696184
1241,255,1496,0.10892359977057932
1240,255,1495,0.1089433808746943
1232,256,1488,0.10896316851445748
1226,259,1485,0.10900212828288694
1230,255,1485,0.1090546718827125
1246,258,1504,0.10909645145168488
1233,260,1493,0.10909928231498423
1236,267,1503,0.10912936360551867
1239,264,1503,0.10914977154442551
1253,260,1513,0.10916326705018067
1251,251,1502,0.10914025250035017
1255,251,1506,0.10912452483760013
1257,248,1505,0.10910082486650216
1245,247,1492,0.1090718055276259
1252,245,1497,0.1090733021472993
1257,243,1500,0.10905918291495928
1256,248,1504,0.10903607353677028
1245,251,1496,0.10901877856595195
1248,253,1501,0.10902905974826144
1258,255,1513,0.10903187225549926
1251,257,1508,0.10901327329020674
1240,256,1496,0.10901244785288305
1237,257,1494,0.1090372951241747
1225,260,1485,0.10906617723907763
1241,263,1504,0.10911994629860697
1235,265,1500,0.10913662559471077
1221,267,1488,0.10916595731981797
1221,269,1490,0.10922681910403118
1220,266,1486,0.10928283789645633
1228,262,1490,0.10933503173021492
1234,262,1496,0.10936481131400902
1238,264,1502,0.10937566531353926
1225,258,1483,0.10937756241760083
1222,262,1484,0.10941151343330463
1230,262,1492,0.10945135974996764
1243,257,1500,0.10947038634196289
1233,262,1495,0.10945695627546112
1224,263,1487,0.10946506548585645
1231,260,1491,0.10948871235490693
1229,263,1492,0.10949421779634261
1225,265,1490,0.10950364635247381
1222,267,1489,0.1095207953562624
1217,270,1487,0.10954582392123491
1220,274,1494,0.10958406639507996
1223,277,1500,0.10961491031149183
1212,279,1491,0.10963499172317212
1204,278,1482,0.10967817578269315
1204,285,1489,0.10973788750614882
1200,285,1485,0.10979525233195649
1212,290,1502,0.10985561084709027
1214,285,1499,0.10988347164393376
1215,280,1495,0.10990855720345964
1205,279,1484,0.1099278101366975
1214,284,1498,0.10997062435392314
1214,284,1498,0.10998837236404115
1218,285,1503,0.11000604146742031
1220,284,1504,0.1100135505815576
1216,285,1501,0.11001793059655345
1211,292,1503,0.11003126202323074
1213,290,1503,0.11005374905162806
1211,292,1503,0.11006959423226109
1210,297,1507,0.11008839653071173
1200,296,1496,0.11011100359745518
1201,289,1490,0.11015577192895247
1204,293,1497,0.11019400841817234
1203,294,1497,0.1102245302086336
1207,299,1506,0.11025594106856058
1204,300,1504,0.11027676690708939
1207,292,1499,0.11030410340167465
1205,297,1502,0.11032092915037799
1193,293,1486,0.11034303431923381
1187,289,1476,0.11038792731139871
1196,290,1486,0.11044449476346659
1196,289,1485,0.11047512829216698
1213,294,1507,0.11050058317780477
1216,291,1507,0.1104826426987859
1219,290,1509,0.11045325535754257
1200,292,1492,0.11041842321786886
1211,292,1503,0.110428662046456
1209,294,1503,0.11041881155476654
1198,295,1493,0.11041565196599669
1199,296,1495,0.11044032171554587
1209,298,1507,0.11046310735635594
1193,303,1496,0.11046263769685911
1187,305,1492,0.11050071261996063
1174,310,1484,0.11054959599266401
1178,310,1488,0.11062783025250916
1180,313,1493,0.11069094064996061
1168,316,1484,0.11074311172075196
1166,311,1477,0.11082047634395423
1176,310,1486,0.11089803370969395
1171,310,1481,0.11094782938121618
1182,312,1494,0.1110026717956239
1170,308,1478,0.11102959770093417
1164,318,1482,0.11108163327205425
1163,315,1478,0.11114248755882325
1169,308,1477,0.11120113674993665
1159,319,1478,0.11124035312749822
1170,318,1488,0.11129947548646507
1179,325,1504,0.11133078429771785
1169,323,1492,0.11134037208849579
1179,323,1502,0.11137216856983922
1164,327,1491,0.11137973510343702
1156,328,1484,0.11142377546905624
1160,332,1492,0.11148359470000781
1155,336,1491,0.11153050995105812
1155,341,1496,0.11158371026421801
1159,344,1503,0.11163511782709952
1162,346,1508,0.11167163851835435
1160,350,1510,0.11169976802023383
1158,353,1511,0.11173107547701201
1154,354,1508,0.11176733177004339
1152,350,1502,0.11181020244492287
1156,347,1503,0.11185703989359584
1163,345,1508,0.1118925397667974
1159,342,1501,0.11190847826048472
1151,343,1494,0.11192930237277969
1156,349,1505,0.11196922412424082
1147,348,1495,0.11199594466497188
1140,354,1494,0.11203892566503425
1146,357,1503,0.11209571207617561
1148,350,1498,0.11213640414769177
1150,351,1501,0.11216504446213296
1150,348,1498,0.11218733584878997
1138,343,1481,0.11221064648722265
1153,343,1496,0.112258111655756
1129,345,1474,0.11227083013492317
1130,353,1483,0.11233642206236455
1134,350,1484,0.1123957782219658
1123,355,1478,0.1124416852750899
1131,359,1490,0.11251037210311803
1131,352,1483,0.11255465756851395
1136,355,1491,0.11259675037763364
1141,359,1500,0.11262390146334916
1141,365,1506,0.11263523697751505
1129,360,1489,0.11264633065165269
1122,365,1487,0.11268796629753719
1130,367,1497,0.11274251084361808
1124,369,1493,0.11277741012436308
1124,377,1501,0.1128204113575147
1136,376,1512,0.11285841742292707
1137,372,1509,0.11286508596491729
1135,377,1512,0.11287225126863001
1128,373,1501,0.112882836306283
1121,373,1494,0.11290966062095437
1132,374,1506,0.11294982375729422
1134,368,1502,0.11296514302831565
1129,368,1497,0.11297334324748111
1143,370,1513,0.11299319205765075
1131,376,1507,0.11298355726490619
1132,380,1512,0.11300291436079384
1139,380,1519,0.11301878542368954
1129,381,1510,0.11301840372350544
1126,385,1511,0.11303584060230526
1124,386,1510,0.11306212733882981
1127,382,1509,0.11309307750893247
1127,386,1513,0.11311719676150822
1124,388,1512,0.11313707848581894
1126,384,1510,0.11316311096625525
1118,386,1504,0.11318381494587959
1106,386,1492,0.11321710209543819
1099,395,1494,0.11327679985729837
1104,393,1497,0.1133481377719134
1100,393,1493,0.11340014392128353
1109,395,1504,0.11346073741927754
1109,397,1506,0.1134959822046758
1116,395,1511,0.11352739086206377
1121,399,1520,0.11354167913251398
1126,394,1520,0.11354415223107064
1118,393,1511,0.11353268212813784
1108,394,1502,0.11353800557868564
1107,395,1502,0.11356740902792875
1106,396,1502,0.11359810571757731
1107,403,1510,0.11362967931712521
1102,402,1504,0.11365851382307321
1105,394,1499,0.11369631492160534
1110,394,1504,0.1137229652663871
1110,394,1504,0.11373680818827897
1108,394,1502,0.11374872805493812
1108,396,1504,0.11376636888579807
1104,399,1503,0.11378269017894478
1101,396,1497,0.11380662148780264
1097,397,1494,0.11383725171767117
1099,387,1486,0.1138754775553652
1107,397,1504,0.11390512851681217
1112,400,1512,0.11391574750066132
1114,396,1510,0.11391606387139384
1104,395,1499,0.11391038997670272
1112,389,1501,0.11392670991971457
1110,388,1498,0.11392271545878628
1112,402,1514,0.11392070434455041
1101,400,1501,0.11391700418493618
1088,400,1488,0.11393665840104962
1079,397,1476,0.11398549253796604
1074,400,1474,0.11405223033842718
1080,405,1485,0.11412384147169675
1081,410,1491,0.1141786744226923
1083,405,1488,0.11422595094604426
1091,410,1501,0.11426682309120462
1097,409,1506,0.1142863632970676
1087,416,1503,0.11429045582015165
1096,413,1509,0.11431753393359784
1093,410,1503,0.11432129386171813
1090,411,1501,0.1143337016284534
1090,416,1506,0.11435289059889424
1086,415,1501,0.11437212435294564
1081,421,1502,0.1144021313290218
1078,428,1506,0.1144418028002105
1078,431,1509,0.11448531699430468
1074,431,1505,0.11452440367825638
1076,430,1506,0.11457017760647163
1084,426,1510,0.11461064228163266
1084,427,1511,0.11463031226679657
1090,415,1505,0.11464735885377855
1100,416,1516,0.11464854200320057
1093,414,1507,0.11462340919966013
1094,413,1507,0.11461440921217786
1094,413,1507,0.11460334494260092
1096,413,1509,0.11459444728025821
1089,416,1505,0.11458217874373469
1083,415,1498,0.11458861271591406
1086,410,1496,0.11460830055931957
1070,411,1481,0.11461828954842755
1066,414,1480,0.11466467722983519
1068,421,1489,0.11471974172434596
1075,422,1497,0.1147656879645137
1065,423,1488,0.11479141357535419
1079,420,1499,0.11483806188702364
1072,422,1494,0.11484909600888775
1074,426,1500,0.11487732301157319
1077,431,1508,0.11490019578007171
1077,442,1519,0.11491447507030098
1073,445,1518,0.11492721343236206
1062,437,1499,0.11494910004408457
1053,439,1492,0.11499468698579544
1057,438,1495,0.11505814242814198
1051,445,1496,0.11510922973004423
1056,439,1495,0.11516907911216392
1060,440,1500,0.11521462357869904
1058,440,1498,0.11524605656411463
1052,439,1491,0.11528182426185105
1050,441,1491,0.11532891169292928
1055,447,1502,0.11537862447238116
1042,445,1487,0.11541213336789358
1045,443,1488,0.1154729019191448
1043,448,1491,0.11552327076991346
1043,445,1488,0.11557328706298059
1056,450,1506,0.11562155643730047
1046,449,1495,0.11563526708680047
1052,448,1500,0.11567105380522338
1052,448,1500,0.11569152165208994
1048,447,1495,0.11570855196521243
1046,450,1496,0.11573274600464611
1040,456,1496,0.11575929128237707
1036,455,1491,0.1157957530739857
1038,468,1506,0.11583924473865163
1040,465,1505,0.11587876787882469
1037,475,1512,0.11591265240545681
1031,469,1500,0.11595375362940524
1024,471,1495,0.11600797393795034
1027,469,1496,0.1160753214993633
1027,466,1493,0.11613142378375865
1030,461,1491,0.11618425540331984
1031,468,1499,0.1162246156918453
1039,472,1511,0.11625785503745899
1047,468,1515,0.11627128593823695
1039,472,1511,0.11626861875761364
1039,464,1503,0.11628231519333307
1042,469,1511,0.11629931063197688
1038,465,1503,0.11630216103068257
1042,468,1510,0.11631331293696218
1033,465,1498,0.11631592110109296
1034,458,1492,0.11633722479537464
1035,461,1496,0.11635464366861627
1024,463,1487,0.11636890608779998
1011,463,1474,0.11640651514544473
1016,460,1476,0.11647168808267391
1029,470,1499,0.11652125260914203
1035,469,1504,0.11653942477009614
1028,463,1491,0.11654288906369997
1014,472,1486,0.1165607021197636
1012,466,1478,0.116610117108703
1015,469,1484,0.1166644382005352
1018,467,1485,0.11670600576305677
1020,469,1489,0.11673706121156649
1020,466,1486,0.11675891407523853
1015,462,1477,0.1167789905714335
1017,465,1482,0.11680635149300872
1022,474,1496,0.11682220668465089
1023,479,1502,0.1168275969030886
1023,478,1501,0.11683228679814814
1020,472,1492,0.11683447958931663
1026,473,1499,0.116843349376476
1032,471,1503,0.11683933316944248
1025,470,1495,0.11682286952865875
1024,477,1501,0.11682397785781251
1026,489,1515,0.11683055535124201
1026,490,1516,0.11683237630915703
1023,481,1504,0.11683596143528334
1017,480,1497,0.11684653839126359
1018,482,1500,0.11687170028586136
1020,478,1498,0.11689170707085393
1026,485,1511,0.11690321626386016
1022,490,1512,0.11690055207035643
1015,483,1498,0.11690424313627787
1018,489,1507,0.11692556015619444
1013,487,1500,0.11694147231946612
999,487,1486,0.11697126898438294
997,488,1485,0.11702760502634611
1001,496,1497,0.11708658422073284
1011,496,1507,0.11713335807940169
1008,507,1515,0.11715358239046475
998,501,1499,0.11717725308082777
994,504,1498,0.11722297267934405
993,509,1502,0.11727314204873338
984,512,1496,0.11732596197992182
974,508,1482,0.11739559822036057
979,505,1484,0.11748638013826133
980,508,1488,0.11755996301848082
981,504,1485,0.11762519896739101
979,503,1482,0.11768266233903336
985,505,1490,0.11773994624699863
984,509,1493,0.1177771692346763
981,510,1491,0.1178129463210544
974,513,1487,0.11785189586864764
984,512,1496,0.11790735555926737
978,519,1497,0.11793831627582703
979,514,1493,0.1179819249169357
978,514,1492,0.1180184926054287
980,514,1494,0.11805308466763641
978,520,1498,0.11807938173125067
980,522,1502,0.11810898294314359
975,520,1495,0.11813143535307866
976,515,1491,0.1181637585075347
977,517,1494,0.11819324845966492
974,522,1496,0.11821481957320444
966,520,1486,0.11824503414975045
959,528,1487,0.1182948370932761
962,522,1484,0.1183542382160391
966,528,1494,0.11840417897139371
969,531,1500,0.11844255384024306
969,533,1502,0.11847132263157537
965,533,1498,0.11850099823487198
952,536,1488,0.11853972893703556
962,528,1490,0.11860621549186683
955,535,1490,0.11864344034200452
955,534,1489,0.11869393173996638
950,528,1478,0.11874068937032632
965,529,1494,0.11879584692437455
958,530,1488,0.11881289018430101
964,532,1496,0.1188412833002231
963,533,1496,0.11885401227419078
962,534,1496,0.11886568342345193
958,538,1496,0.11888290694833817
961,540,1501,0.11890875047284478
964,541,1505,0.11892891367409927
964,541,1505,0.11894059957771422
970,538,1508,0.1189509108854353
969,549,1518,0.11894795485402831
971,551,1522,0.11894775941721773
959,552,1511,0.11894611053811278
949,557,1506,0.11897101774475242
935,559,1494,0.11901656874937919
933,560,1493,0.11908753266920864
933,554,1487,0.11915648002967771
932,556,1488,0.11922151043832858
942,558,1500,0.11928413013639026
951,556,1507,0.1193183534520632
950,565,1515,0.11932836872676343
951,569,1520,0.11933943992039801
941,570,1511,0.11935305555210825
940,565,1505,0.11938663993793253
927,569,1496,0.11942012367746671
926,572,1498,0.11948210693028362
928,576,1504,0.11954251784563256
935,574,1509,0.11959597213660877
930,571,1501,0.11962763700983065
936,573,1509,0.11966861415320353
949,569,1518,0.11969196256760953
947,575,1522,0.11968115101221505
947,565,1512,0.11967705494689639
943,567,1510,0.11967692229257637
942,570,1512,0.11968637546417855
953,566,1519,0.11969791134200193
944,566,1510,0.11968479377747364
934,564,1498,0.11969496583230234
935,569,1504,0.11972421715792106
929,569,1498,0.11974948639862644
936,569,1505,0.11978784892065601
933,570,1503,0.11980805789176432
925,572,1497,0.119834217879216
923,585,1508,0.11987856632084963
918,587,1505,0.11992341235226477
918,582,1500,0.1199790748507648
911,591,1502,0.12003254399873263
903,594,1497,0.12009779997456853
905,585,1490,0.12017671765283248
901,591,1492,0.12024539862794305
906,587,1493,0.1203166355615307
908,580,1488,0.12037015830130365
915,588,1503,0.12041600709239819
914,586,1500,0.12043982275961058
913,587,1500,0.1204627969281786
899,587,1486,0.12048405793773828
901,590,1491,0.12053668275498516
899,596,1495,0.12058278510572185
908,600,1508,0.12063377441513264
914,593,1507,0.12065885743925929
915,588,1503,0.12067277773895631
913,594,1507,0.12067822500188281
920,596,1516,0.12069116568327751
912,605,1517,0.12068590424820397
910,593,1503,0.12070090256473741
910,599,1509,0.12072166048477719
907,602,1509,0.12074140572513546
907,614,1521,0.12076911558361089
906,606,1512,0.12079574217348195
898,606,1504,0.12082578620961669
890,603,1493,0.12087156710162855
906,602,1508,0.12093247687193115
906,606,1512,0.12094793320996479
908,608,1516,0.12095954688281427
902,617,1519,0.12096587993604196
890,611,1501,0.1209889163447525
890,619,1509,0.12104116502007164
886,624,1510,0.12109021889716447
887,614,1501,0.12114747420642495
886,622,1508,0.12120015382396958
888,617,1505,0.12125007637590839
890,627,1517,0.12129361957278574
882,620,1502,0.12133109670106851
880,622,1502,0.12138424825734813
878,622,1500,0.12143983387477839
878,615,1493,0.1214963180558621
873,618,1491,0.12154755991450049
877,629,1506,0.12160392751256488
879,625,1504,0.12164618438816788
880,619,1499,0.12167786160502594
879,624,1503,0.12170545691927966
886,624,1510,0.12173583376936861
885,622,1507,0.12174779769076738
876,627,1503,0.12176255547319816
871,623,1494,0.1217961951552119
869,629,1498,0.12184372112875604
867,630,1497,0.12189254969919705
870,638,1508,0.12194205702234012
866,647,1513,0.12197977637590654
854,653,1507,0.12202289414675765
847,650,1497,0.12209140466575566
850,641,1491,0.1221726125227314
853,648,1501,0.1222406374979142
865,646,1511,0.12229889884607005
867,642,1509,0.1223225880852068
874,651,1525,0.12233768808216468
866,650,1516,0.12233308982593986
878,638,1516,0.12234946804441417
870,640,1510,0.12233935966097656
870,637,1507,0.12234950168877219
871,639,1510,0.12235821623469613
874,636,1510,0.12236416287269497
865,633,1498,0.12236032046134702
865,640,1505,0.12238015955977538
862,637,1499,0.12239958486486245
865,635,1500,0.12242455565081535
869,634,1503,0.12243998404832176
868,636,1504,0.12244353568099968
870,643,1513,0.12244903771834696
865,640,1505,0.12244347664434581
851,645,1496,0.12244618436583994
862,646,1508,0.1224851754781182
857,643,1500,0.1224992445289157
854,654,1508,0.12252672919569459
848,653,1501,0.12255625960662121
849,656,1505,0.12259860007018558
852,658,1510,0.12263776347979899
847,646,1493,0.12266961516018143
845,656,1501,0.12270916823690893
839,660,1499,0.12274954078767575
835,669,1504,0.12280261875340315
840,669,1509,0.1228616262343579
837,672,1509,0.12290545542474775
834,673,1507,0.12295220854099931
836,670,1506,0.12300432670337537
833,672,1505,0.12304551352452797
820,671,1491,0.12308997323370274
823,672,1495,0.12316310136198963
836,671,1507,0.12322077669231019
839,676,1515,0.12324296763206587
827,676,1503,0.12325440660323991
819,678,1497,0.12329225608954687
824,682,1506,0.12334886136519047
817,678,1495,0.1233859118959987
817,681,1498,0.1234352903599664
809,682,1491,0.12348325428462534
811,687,1498,0.12354550071885999
806,685,1491,0.12360396616517882
797,683,1480,0.12366906793577442
790,683,1473,0.12375082461279431
798,688,1486,0.12384220012180565
805,692,1497,0.12390860966102064
799,691,1490,0.12395430164137008
800,698,1498,0.12401274130427656
796,692,1488,0.12406047183872972
795,697,1492,0.12411474673269585
795,713,1508,0.12416833503564545
799,714,1513,0.12421822882099665
814,716,1530,0.12425929402736086
815,705,1520,0.1242630438402843
826,700,1526,0.12426605461972187
825,709,1534,0.12424276622039951
822,708,1530,0.12421996783338309
812,693,1505,0.1242109356571583
807,695,1502,0.12422686013322995
802,694,1496,0.12425421429830256
813,685,1498,0.12429231989224881
801,692,1493,0.12430352361132986
803,696,1499,0.12434245394653526
809,695,1504,0.12437342063424214
803,700,1503,0.12439112758261162
803,696,1499,0.12442128567743421
798,699,1497,0.1244469839822045
797,704,1501,0.12448174508697046
792,716,1508,0.12451778118357627
799,713,1512,0.12456451296312673
802,706,1508,0.12459296423398734
801,703,1504,0.12461255201005259
801,714,1515,0.12463442145283857
799,713,1512,0.1246553506791791
793,709,1502,0.12468223538202261
786,701,1487,0.12472152127950879
784,706,1490,0.1247745148926067
783,724,1507,0.12482666294225522
774,733,1507,0.12487699597077086
771,723,1494,0.12494618715916307
778,724,1502,0.12501971961967948
771,723,1494,0.12506658729094183
767,717,1484,0.12512744899572492
770,723,1493,0.12519227787169257
771,726,1497,0.12524707297061305
749,719,1468,0.1252932663509512
753,720,1473,0.1253846806951378
759,732,1491,0.12546278323542154
769,736,1505,0.12552459869539087
770,742,1512,0.1255588343677025
763,753,1516,0.12559112435716294
763,746,1509,0.1256330036146671
765,744,1509,0.12567438292878264
770,751,1521,0.12570670842070186
761,752,1513,0.12572593290420245
762,759,1521,0.1257680432139308
763,764,1527,0.12580502191467868
762,763,1525,0.12583790729126
764,767,1531,0.12586868995862419
760,763,1523,0.12589446664193138
758,760,1518,0.1259273332683493
745,759,1504,0.12596146775066
744,756,1500,0.12602455410769184
748,764,1512,0.12608534618896725
752,758,1510,0.12613319775687926
748,764,1512,0.12616979062550424
744,761,1505,0.126214584571476
745,763,1508,0.126266016768453
745,759,1504,0.1263103797202733
747,744,1491,0.1263529532276754
745,758,1503,0.1263846247653123
748,762,1510,0.12642051465930634
739,754,1493,0.12644660403175464
745,768,1513,0.12648924267862072
752,765,1517,0.12651497352890695
752,769,1521,0.12652164491628612
750,769,1519,0.12652937577241588
743,763,1506,0.12653990039810808
732,767,1499,0.12656681084608845
735,773,1508,0.12662055538215308
738,774,1512,0.12666642852302545
742,762,1504,0.1267041108305732
751,767,1518,0.12672970167530362
747,770,1517,0.12673012926181396
748,765,1513,0.1267405406831189
750,778,1528,0.12674966754369674
747,782,1529,0.1267547547766292
749,777,1526,0.1267678822167548
750,772,1522,0.1267772989920893
746,759,1505,0.12678001965256355
749,757,1506,0.12679242254838194
754,758,1512,0.12679749183447758
754,767,1521,0.12678809701590826
755,753,1508,0.1267773147004735
760,755,1515,0.12676663380190906
751,773,1524,0.1267428867409814
747,781,1528,0.12674098770392317
755,776,1531,0.12674768873568137
755,769,1524,0.12673961610675755
744,763,1507,0.1267294353121302
744,770,1514,0.12674822646863368
737,765,1502,0.12676763757139656
732,766,1498,0.1268036234820666
731,773,1504,0.12684847329588542
729,774,1503,0.12689346957941752
731,778,1509,0.1269408101153025
735,790,1525,0.12697755905152214
728,795,1523,0.12700259737388095
731,799,1530,0.12704245395780903
738,787,1525,0.12707167665508506
744,787,1531,0.12707922185630743
734,789,1523,0.12707475590380868
731,791,1522,0.12709338036349027
727,796,1523,0.1271179196558124
721,798,1519,0.12715002356764293
715,805,1520,0.12719539335377042
721,787,1508,0.12725242129914272
722,794,1516,0.12729037977469346
713,783,1496,0.12732225646473944
703,784,1487,0.1273746082147175
690,798,1488,0.1274479693569006
698,806,1504,0.12754771708564067
698,807,1505,0.12761903985724718
688,812,1500,0.1276848585709117
694,812,1506,0.12777169403853325
701,806,1507,0.12783906238560439
702,802,1504,0.12788279993283766
698,802,1500,0.1279237815384774
695,800,1495,0.12797055841452504
700,815,1515,0.12802098635405867
693,820,1513,0.12805555479918396
694,812,1506,0.12810481268677695
693,818,1511,0.1281485497428676
704,807,1511,0.12819443295928018
704,814,1518,0.12821278990838236
700,815,1515,0.12822829055079712
697,811,1508,0.1282492738848018
689,811,1500,0.12827783408817253
695,815,1510,0.12832112356589842
697,820,1517,0.1283461140445905
686,825,1511,0.12836634154463444
687,820,1507,0.12841399570103465
692,826,1518,0.12845487968159908
691,821,1512,0.12848472022104984
691,822,1513,0.12851497443237936
682,816,1498,0.12854186102463624
684,810,1494,0.1285873586518164
693,823,1516,0.12862711671270546
689,825,1514,0.1286426009100881
695,821,1516,0.1286657490926688
692,831,1523,0.12867355685539195
687,831,1518,0.12868941800962816
679,831,1510,0.128714439446511
675,826,1501,0.12875531372557902
670,830,1500,0.12880631862509315
680,835,1515,0.1288648131500373
685,834,1519,0.12889514767836183
693,838,1531,0.12890800920196066
690,835,1525,0.12889789067249147
695,837,1532,0.12889463376574928
692,827,1519,0.1288812252618313
695,827,1522,0.1288779830764062
686,827,1513,0.1288625618496758
692,827,1519,0.128869380223695
691,826,1517,0.12886217427308025
691,819,1510,0.1288574862108326
678,815,1493,0.128855752391983
676,828,1504,0.1288861109858837
673,827,1500,0.12892107873425654
674,834,1508,0.12896217859934092
667,826,1493,0.1290001430504659
674,822,1496,0.12904894273902875
662,828,1490,0.1290739021159328
668,824,1492,0.12912620279842674
678,822,1500,0.12915569477520283
674,826,1500,0.12916197311188188
669,823,1492,0.129180494889728
678,821,1499,0.12921028769459217
678,821,1499,0.1292142821517867
682,820,1502,0.1292154633232659
688,813,1501,0.12920543034133872
682,814,1496,0.12918186998528786
674,813,1487,0.12917492171324407
674,819,1493,0.1291874012827873
675,823,1498,0.1292001251378901
672,830,1502,0.12920830566138408
670,837,1507,0.1292249761399835
664,838,1502,0.12924453703618358
663,835,1498,0.12927872851169991
676,841,1517,0.1293141321421655
670,843,1513,0.12931241009049133
667,839,1506,0.12932513400573453
667,842,1509,0.12934499404327718
662,844,1506,0.12936337897315242
664,847,1511,0.12939326175865912
660,841,1501,0.1294161033233292
660,841,1501,0.12944401462362812
659,857,1516,0.1294688756271537
668,850,1518,0.12949495477040004
676,859,1535,0.12949843412157755
661,861,1522,0.12948382080176946
654,854,1508,0.12950619094289526
654,851,1505,0.12954500005021788
649,852,1501,0.12958228925350476
651,855,1506,0.12962985485959402
648,855,1503,0.12967157559943876
648,850,1498,0.12971577014477215
643,861,1504,0.12975433005232068
649,865,1514,0.1298042603039889
653,858,1511,0.1298353875363472
642,867,1509,0.12985241159378436
635,874,1509,0.12989199818329067
639,874,1513,0.12994565632774482
637,871,1508,0.12998685558832765
631,877,1508,0.13003040605521726
629,872,1501,0.1300830377965018
631,871,1502,0.13013858466896622
623,876,1499,0.13018782668986909
612,875,1487,0.1302529582906538
620,876,1496,0.13033747605339144
631,883,1514,0.13039880493093028
628,885,1513,0.1304288030610777
624,887,1511,0.1304658786059106
618,881,1499,0.13050846430006635
627,875,1502,0.13056423336693948
618,879,1497,0.13059437481949185
623,871,1494,0.13064481598853037
621,877,1498,0.13068179877063638
621,895,1516,0.13072386987684267
616,896,1512,0.13076075127934367
618,891,1509,0.13080703990315976
625,886,1511,0.13084538168609697
624,879,1503,0.13086437570395482
623,884,1507,0.13088513086025433
618,884,1502,0.13090307813297497
622,895,1517,0.1309335877093199
615,885,1500,0.13095438487784658
625,888,1513,0.1309898784299669
625,895,1520,0.13100006846753387
625,897,1522,0.13100977186440513
622,902,1524,0.13102134418769634
622,891,1513,0.13104083639138986
620,887,1507,0.13106197131883648
615,894,1509,0.13108741309227592
615,896,1511,0.13111797829193508
612,907,1519,0.13114828923340277
618,902,1520,0.1311853931224263
613,900,1513,0.13120593042905193
605,892,1497,0.13123838515818068
606,909,1515,0.1312881521787993
615,911,1526,0.13133412140689313
618,900,1518,0.13135925556514644
621,897,1518,0.13137459176574023
619,897,1516,0.13137613040271365
616,904,1520,0.13138025305671386
611,907,1518,0.13139205567422518
600,900,1500,0.13141307515581133
596,903,1499,0.1314590004051061
594,898,1492,0.13151205591676124
596,909,1505,0.1315615540154106
596,904,1500,0.13160246777782236
592,904,1496,0.1316433144856936
593,911,1504,0.13169066960349776
586,919,1505,0.13173333648458505
590,915,1505,0.1317871246403235
589,930,1519,0.13182670476461777
587,934,1521,0.13186810154777404
575,940,1515,0.13191417107268938
581,934,1515,0.13198571951326651
581,936,1517,0.13203930340501102
582,923,1505,0.13208880930108413
590,929,1519,0.132130901579402
588,927,1515,0.1321490824114637
583,931,1514,0.13217409337838704
579,935,1514,0.1322113717531725
574,934,1508,0.13225320250029765
564,938,1502,0.13230180710259024
564,936,1500,0.13237107693879593
570,954,1524,0.13243527013232245
568,941,1509,0.13248322980059168
576,919,1495,0.1325353463607399
578,919,1497,0.13256293908125158
571,922,1493,0.1325840797767524
567,926,1493,0.13262022748514346
578,920,1498,0.13266185312471218
572,927,1499,0.13267253744454954
576,921,1497,0.13269210568190495
575,918,1493,0.13270570591882971
574,924,1498,0.13272240774872773
581,918,1499,0.13274191799066853
579,916,1495,0.13274411182134105
579,918,1497,0.13275251695094892
587,934,1521,0.13275706290076233
593,937,1530,0.13273929333355863
583,942,1525,0.13270347638573576
576,943,1519,0.13269387172008462
574,935,1509,0.13270175708590162
568,945,1513,0.13271642194338848
572,939,1511,0.13274318466914714
575,951,1526,0.13275687699802127
581,947,1528,0.13276438409659913
580,938,1518,0.13275908416202797
572,945,1517,0.1327567181408989
570,939,1509,0.13277532036859255
564,935,1499,0.13280027541203507
565,939,1504,0.13283910722047726
560,946,1506,0.13287392105987605
556,945,1501,0.13291692570204489
552,947,1499,0.13296654548068365
557,944,1501,0.13302097952690548
551,942,1493,0.13305886338377335
547,945,1492,0.13310767690629655
541,947,1488,0.13316061993485998
539,939,1478,0.13322587473932318
543,947,1490,0.13328976109204185
550,955,1505,0.13334098985674422
550,950,1500,0.13336879869786053
552,951,1503,0.13339782026042044
553,956,1509,0.1334207416942978
548,958,1506,0.13344008030255317
548,959,1507,0.13346685480242837
546,953,1499,0.13348979016557533
546,960,1506,0.1335127073860328
541,965,1506,0.1335362399531339
547,962,1509,0.13357321213974288
545,969,1514,0.13359699186551516
534,974,1508,0.13362092532000125
540,968,1508,0.13367137294547018
542,978,1520,0.13370438629836118
546,976,1522,0.13373379577337285
535,971,1506,0.1337537567692067
523,980,1503,0.1337989005609586
524,987,1511,0.1338699047222652
527,982,1509,0.1339331179963187
529,977,1506,0.1339839658475227
532,975,1507,0.1340267180983418
524,981,1505,0.13406098426576205
533,987,1520,0.13411002967923522
531,980,1511,0.13413349316094517
531,982,1513,0.13415784994306768
521,990,1511,0.1341818615223288
523,998,1521,0.13422634234974976
512,996,1508,0.13426413691107356
514,998,1512,0.13432663030964856
512,994,1506,0.13437934859576564
519,1010,1529,0.13443677100423557
520,1008,1528,0.13447296856001395
518,1002,1520,0.1345053415720282
511,1006,1517,0.1345424483959191
506,1003,1509,0.13459498300966452
508,1004,1512,0.13465395912881134
508,996,1504,0.13470403888013763
513,1002,1515,0.13475153187551253
516,1008,1524,0.1347832384366458
507,1015,1522,0.13480697064464947
504,1010,1514,0.13485216944289502
504,1012,1516,0.13489977136156223
505,1016,1521,0.1349437669754895
498,1015,1513,0.13498168737869293
497,1017,1514,0.1350322137746148
496,1023,1519,0.13508125155530717
499,1015,1514,0.13512981823243778
494,1007,1501,0.1351694107243976
496,1010,1506,0.13521946167016108
498,1011,1509,0.13526201409511696
502,1017,1519,0.1352975391631636
492,1021,1513,0.13532026186013799
482,1031,1513,0.1353648275053118
489,1025,1514,0.1354308148252047
493,1020,1513,0.13547590663804474
489,1029,1518,0.13550973517198872
486,1021,1507,0.13555024081748715
478,1021,1499,0.1355935871891656
485,1023,1508,0.13565355637075335
482,1022,1504,0.13569136456426975
483,1023,1506,0.13573164299123902
491,1021,1512,0.135765255989005
495,1016,1511,0.13577588258654621
483,1023,1506,0.13577753864530323
485,1025,1510,0.13580793037452554
481,1031,1512,0.1358306978388945
487,1029,1516,0.1358625653765439
479,1019,1498,0.13587771823336808
484,1025,1509,0.13590893702871018
493,1023,1516,0.13592697219568708
491,1009,1500,0.1359234706761055
485,1008,1493,0.13592613976388015
490,1011,1501,0.13594225830327894
489,1007,1496,0.13594689558704814
494,1011,1505,0.13595445673686704
493,1020,1513,0.13595154992133973
498,1016,1514,0.13595094812024042
490,1017,1507,0.13593825031705517
478,1031,1509,0.13594525956026468
472,1031,1503,0.13598065648640922
473,1026,1499,0.1360285960166649
480,1035,1515,0.1360708052674451
476,1020,1496,0.13609218799805733
474,1021,1495,0.13612041523542642
472,1028,1500,0.1361530040463556
461,1038,1499,0.13618774170822148
459,1041,1500,0.1362456174165792
463,1042,1505,0.1363062202130355
458,1053,1511,0.13635592598055687
459,1049,1508,0.13641503496859034
459,1040,1499,0.13646791739748218
459,1036,1495,0.13651630414050986
463,1035,1498,0.13656053005029448
466,1048,1514,0.13659218589384237
460,1053,1513,0.1366151252901762
460,1046,1506,0.13665163256938556
461,1045,1506,0.1366869190846371
461,1049,1510,0.1367150852598762
463,1056,1519,0.1367431589186773
461,1048,1509,0.1367648748699497
460,1057,1517,0.1367937868881213
460,1058,1518,0.1368211253515182
462,1072,1534,0.1368451694863491
460,1061,1521,0.1368633910549636
455,1055,1510,0.13688599248348907
450,1066,1516,0.13691638684780646
449,1065,1514,0.1369568959701241
439,1071,1510,0.13699990543272744
441,1077,1518,0.1370633732411416
437,1072,1509,0.13711545095976077
440,1068,1508,0.13717051727792706
442,1068,1510,0.13721666881469644
434,1068,1502,0.1372529971692365
439,1070,1509,0.13730663368858534
434,1066,1500,0.13734740100257778
437,1083,1520,0.13739835244314377
441,1082,1523,0.13743887797534618
439,1085,1524,0.13746809757090422
444,1084,1528,0.13749917373572354
447,1072,1519,0.13751443012940381
445,1066,1511,0.13751903069987942
445,1071,1516,0.13752690702440548
452,1066,1518,0.1375353198339267
446,1057,1503,0.13752567486958506
452,1063,1515,0.13753239906557543
448,1060,1508,0.13752229891125226
454,1063,1517,0.13752407394442442
450,1061,1511,0.1375090386599464
452,1067,1519,0.13750489225458984
446,1063,1509,0.13749786652903545
446,1063,1509,0.13750639061947872
438,1067,1505,0.13751591724146897
440,1072,1512,0.13754522023036
443,1060,1503,0.1375704170557236
435,1059,1494,0.1375852506103875
436,1074,1510,0.13761817403277285
436,1071,1507,0.13764454281083796
440,1078,1518,0.13767068531902613
437,1076,1513,0.13768507677914057
437,1061,1498,0.1377070924104778
431,1070,1501,0.137725023466817
429,1076,1505,0.13775342796750498
431,1081,1512,0.1377860856564236
422,1088,1510,0.1378128780780726
427,1087,1514,0.13786132717144559
422,1090,1512,0.13789544329493503
423,1092,1515,0.1379421520513872
425,1088,1513,0.13798387206635848
425,1087,1512,0.13801625605460952
422,1087,1509,0.1380446513632575
414,1084,1498,0.13807838661563157
419,1097,1516,0.13813019201577448
421,1097,1518,0.1381638606682546
420,1100,1520,0.13818972654853304
422,1096,1518,0.13821685976113465
426,1093,1519,0.13823850917505331
414,1108,1522,0.13825122587921435
407,1107,1514,0.13829044460194384
404,1101,1505,0.13834442941193256
406,1107,1513,0.1384015359120186
407,1105,1512,0.13844944048594596
398,1105,1503,0.13849177970735485
404,1104,1508,0.13855207601089192
408,1103,1511,0.13859420823967997
406,1113,1519,0.13862185161528834
402,1112,1514,0.13865428619718023
402,1110,1512,0.13869150345993703
399,1108,1507,0.13872734393007452
399,1107,1506,0.13876951586051958
398,1113,1511,0.13880956359121924
400,1113,1513,0.1388470326435708
397,1111,1508,0.13887694052993146
393,1107,1500,0.13891024474347266
387,1107,1494,0.13895002409740945
389,1111,1500,0.1390032343155742
388,1108,1496,0.13904746520223682
381,1108,1489,0.13908860640171863
384,1109,1493,0.13914385663949927
389,1119,1508,0.13919045626028573
390,1118,1508,0.13922098692894885
383,1112,1495,0.1392499631759599
387,1112,1499,0.13929625055732753
383,1108,1491,0.13932668361764025
375,1117,1492,0.13936216083791614
373,1138,1511,0.1394152086375149
378,1144,1522,0.13946843271138834
375,1140,1515,0.13950762197954172
370,1141,1511,0.13955238248092758
374,1145,1519,0.13960784491067005
370,1136,1506,0.13964714892023386
371,1136,1507,0.13969325944941233
376,1147,1523,0.1397332528503034
373,1139,1512,0.1397580838309153
368,1143,1511,0.13979057129355169
362,1145,1507,0.1398321473224745
365,1147,1512,0.1398846031774587
365,1152,1517,0.13992579868352886
361,1154,1515,0.13996817081189136
361,1147,1508,0.14001786978786376
359,1143,1502,0.14006252432258381
355,1145,1500,0.14011080013987676
354,1154,1508,0.14016412568105627
350,1154,1504,0.14021696575674267
355,1145,1500,0.14027717176734997
357,1164,1521,0.14031986260357765
354,1167,1521,0.14035786076962442
353,1170,1523,0.14040162732849393
355,1163,1518,0.1404465369178922
354,1147,1501,0.14048337340966602
353,1143,1496,0.1405190126963431
355,1146,1501,0.140554226448287
352,1157,1509,0.1405806981733181
348,1160,1508,0.14061352804836807
343,1177,1520,0.14065352423704114
336,1177,1513,0.14070326273345363
341,1182,1523,0.1407670938547902
334,1180,1514,0.14081765305587204
330,1198,1528,0.14088257419932293
325,1198,1523,0.14095341792038382
321,1179,1500,0.14103080602071616
325,1189,1514,0.14110998838142716
329,1184,1513,0.1411746078771085
330,1192,1522,0.14122602701362774
326,1194,1520,0.14127342175807567
321,1192,1513,0.14132726793678996
322,1198,1520,0.1413898294606361
316,1194,1510,0.14144206372521848
314,1187,1501,0.14150657830780364
319,1187,1506,0.14156924098869195
327,1191,1518,0.14161587581564328
332,1197,1529,0.1416424788862827
327,1191,1518,0.14165189325431715
326,1191,1517,0.1416725777870282
322,1198,1520,0.14169414495687926
322,1186,1508,0.14172445889937127
320,1177,1497,0.14175358070630406
324,1175,1499,0.14178318450130267
320,1175,1495,0.1417999539938412
319,1182,1501,0.14182623010491988
323,1181,1504,0.1418534481382601
322,1187,1509,0.1418698590051086
319,1193,1512,0.1418884823586196
313,1203,1516,0.1419132617586785
318,1198,1516,0.14195166190292383
319,1185,1504,0.14197735039159115
324,1186,1510,0.14199942473918195
323,1191,1514,0.14200971189082418
322,1185,1507,0.1420219785570718
322,1189,1511,0.14203512331888585
326,1190,1516,0.14204624634661703
318,1199,1517,0.14204676929655133
319,1188,1507,0.14206842552282772
320,1185,1505,0.14208429720614296
318,1178,1496,0.14209890840035186
313,1188,1501,0.14211805538347327
312,1190,1502,0.14214681779691568
317,1193,1510,0.14217396429480336
316,1193,1509,0.1421848102925086
318,1189,1507,0.1421975666827004
311,1204,1515,0.14220513951142277
316,1196,1512,0.14222601693895784
314,1177,1491,0.14223382223470316
310,1183,1493,0.14224734690476662
312,1194,1506,0.14227025011222275
313,1192,1505,0.1422844794952071
313,1196,1509,0.14229330738813234
305,1191,1496,0.14230274528398895
306,1182,1488,0.1423305981833182
311,1202,1513,0.14235459694186467
313,1211,1524,0.14236310879274724
313,1203,1516,0.1423671694744451
315,1188,1503,0.14237187524413775
317,1194,1511,0.1423720748778696
316,1192,1508,0.14236942784853887
308,1206,1514,0.14237112680752306
306,1198,1504,0.1423907080571875
304,1197,1501,0.14241101801644787
308,1197,1505,0.14243567718705055
311,1191,1502,0.14244800302960609
309,1202,1511,0.14245366782054
303,1199,1502,0.1424632840118284
305,1201,1506,0.14248575115398757
303,1199,1502,0.14250304714081924
311,1203,1514,0.14252187055426252
312,1201,1513,0.14252154870005293
311,1203,1514,0.1425183556885772
307,1205,1512,0.14252022289512062
311,1200,1511,0.14253217442809318
313,1216,1529,0.14253508069185508
312,1209,1521,0.1425346499197829
308,1200,1508,0.14253562305360595
302,1210,1512,0.14254538078252355
304,1208,1512,0.14257096814551112
304,1208,1512,0.14259113497355377
307,1201,1508,0.14260741761645568
303,1215,1518,0.14261373881288986
293,1225,1518,0.14263027154391567
291,1233,1524,0.14266982946641452
289,1230,1519,0.1427109272077903
282,1235,1517,0.14275260733984269
279,1239,1518,0.1428094163414417
284,1234,1518,0.14286827650493128
290,1230,1520,0.14290991647930684
291,1226,1517,0.14293310021344977
294,1229,1523,0.1429530537076165
298,1218,1516,0.14296533156892977
297,1211,1508,0.1429656941152551
303,1210,1513,0.14296736801162224
302,1209,1511,0.1429514731734291
308,1202,1510,0.14294087840658068
300,1212,1512,0.14291550681310658
297,1216,1513,0.14291233038209736
296,1208,1504,0.1429166303270931
301,1214,1515,0.14292377747158203
301,1215,1516,0.14291859772206247
303,1222,1525,0.1429158879248413
305,1227,1532,0.14291135742203068
308,1221,1529,0.14289912123971982
300,1219,1519,0.14288042651173832
295,1221,1516,0.1428837161926269
298,1229,1527,0.14290135422174433
294,1229,1523,0.14290988901401308
289,1225,1514,0.1429267391590253
286,1226,1512,0.1429543077053409
284,1228,1512,0.14298819485179778
282,1242,1524,0.1430247592063775
282,1236,1518,0.14306263822404142
280,1247,1527,0.14309745317483144
285,1234,1519,0.14313498121400697
283,1234,1517,0.14315743985531648
286,1220,1506,0.1431826221566955
290,1220,1510,0.14320076172486573
291,1214,1505,0.1432053997206497
288,1210,1498,0.14320492886313604
292,1213,1505,0.14320918073041466
287,1204,1491,0.14320542449245668
283,1222,1505,0.14321615748899652
280,1222,1502,0.14323617481426879
276,1234,1510,0.1432619502998381
276,1228,1504,0.1432931895568171
274,1238,1512,0.14332380607301354
269,1250,1519,0.14335926410060118
273,1251,1524,0.14340529985116857
275,1238,1513,0.14343849316753363
277,1241,1518,0.1434662650689515
280,1244,1524,0.14348653232448055
285,1247,1532,0.1434965624820256
278,1238,1516,0.14349548728147635
277,1243,1520,0.14351158354656476
278,1252,1530,0.14353057359742472
276,1244,1520,0.14354663732167044
274,1249,1523,0.1435657480430189
276,1238,1514,0.14358723191673384
274,1237,1511,0.14360341030650733
278,1242,1520,0.14362469344874376
273,1245,1518,0.14362948792135277
274,1233,1507,0.1436473824351685
277,1237,1514,0.14366257931687362
278,1238,1516,0.14367060720085173
276,1247,1523,0.1436729015102496
278,1240,1518,0.143682701221691
276,1232,1508,0.14368515545348307
277,1231,1508,0.14369118023992683
274,1234,1508,0.14369564995780407
276,1244,1520,0.1437038956280524
281,1236,1517,0.14370723917635655
278,1245,1523,0.14369714300519887
281,1248,1529,0.14369661060974612
284,1247,1531,0.14368960787562418
285,1243,1528,0.14367505524784685
277,1236,1513,0.14365847109559893
276,1234,1510,0.1436640008544697
276,1227,1503,0.14367231927047938
273,1234,1507,0.14367827963299626
274,1243,1517,0.14369319079437656
279,1236,1515,0.1437045586400943
278,1245,1523,0.14370056278642698
274,1254,1528,0.1437016026099436
272,1249,1521,0.14371205816451646
270,1259,1529,0.14372582207672135
266,1264,1530,0.1437460417259487
261,1259,1520,0.14377587622519342
259,1263,1522,0.14381724975484814
263,1254,1517,0.14385906897606598
261,1259,1520,0.14388919106254028
263,1249,1512,0.14392152261667124
259,1249,1508,0.1439459819132411
261,1253,1514,0.14397911540754374
255,1264,1519,0.14400701749964873
248,1259,1507,0.1440485549366709
247,1263,1510,0.14410320249699532
246,1263,1509,0.14415737793690842
237,1261,1498,0.14420991378359896
239,1272,1511,0.14428088703544056
246,1284,1530,0.14433841679597656
238,1269,1507,0.14437628247645484
237,1272,1509,0.1444327387647003
226,1287,1513,0.144490381878055
224,1285,1509,0.14456935434111087
222,1293,1515,0.14464892049297087
221,1303,1524,0.14472936610200768
219,1304,1523,0.1448083538697933
219,1298,1517,0.14488519903605215
218,1305,1523,0.14495856964373668
220,1295,1515,0.14502882367814873
221,1287,1508,0.14509061089731168
218,1292,1510,0.145146360948379
216,1298,1514,0.1452051112700136
216,1302,1518,0.1452622962485881
220,1298,1518,0.14531446990017222
222,1292,1514,0.14535127144826465
223,1284,1507,0.14538216116274005
221,1285,1506,0.14540599227743548
224,1297,1521,0.14543523708913578
225,1294,1519,0.14545598130794418
223,1301,1524,0.14547221743308064
227,1289,1516,0.14548845582751674
224,1284,1508,0.14549306530935985
224,1289,1513,0.14550792120225953
225,1295,1520,0.14552241369203472
230,1283,1513,0.1455320852262764
229,1296,1525,0.14552891601218435
228,1295,1523,0.1455301767495607
222,1294,1516,0.14553302153192818
225,1301,1526,0.1455497447977033
222,1290,1512,0.1455570390096744
221,1294,1515,0.14557154587977122
223,1304,1527,0.14558749273964666
223,1303,1526,0.14559897559660534
216,1302,1518,0.14561081677829033
213,1306,1519,0.14563960086203506
212,1318,1530,0.14567249787472236
205,1307,1512,0.14570587556001618
201,1326,1527,0.1457548118080357
200,1310,1510,0.1458101671067845
200,1314,1514,0.14586612184102132
200,1315,1515,0.14591787063104866
197,1312,1509,0.14596593373536146
198,1320,1518,0.14601710208586552
191,1321,1512,0.14606323668961557
191,1326,1517,0.14612380235319855
186,1336,1522,0.1461797317790677
185,1335,1520,0.14624521659330203
186,1339,1525,0.14630940649693722
185,1340,1525,0.14636722666591379
185,1334,1519,0.1464242619592579
179,1337,1516,0.1464766330173495
181,1345,1526,0.14653972821674333
179,1342,1521,0.1465942669776004
177,1341,1518,0.1466492522454326
178,1334,1512,0.14670499877653928
180,1340,1520,0.14675399534540604
178,1332,1510,0.14679437175270368
180,1335,1515,0.14683732593697674
184,1351,1535,0.1468723211838584
182,1347,1529,0.1468955766150166
182,1346,1528,0.1469228983406815
179,1332,1511,0.1469485818824845
176,1331,1507,0.14698012315727335
174,1336,1510,0.14701697768592328
175,1330,1505,0.14705696868786675
171,1326,1497,0.14708778846199264
171,1321,1492,0.14712833283279436
170,1329,1499,0.1471665860869948
168,1331,1499,0.14720409204207388
163,1339,1502,0.1472434746017204
168,1334,1502,0.1472910062099335
170,1335,1505,0.14732349017850047
171,1333,1504,0.1473488640341853
172,1322,1494,0.14736763793581667
173,1327,1500,0.14738093064875474
168,1341,1509,0.14739137633003677
170,1339,1509,0.14741420777969616
168,1350,1518,0.14743219090707688
169,1348,1517,0.14745523319374174
168,1350,1518,0.14747372861772529
163,1363,1526,0.14749391897026726
166,1353,1519,0.1475247951732701
161,1337,1498,0.14754645514028666
162,1344,1506,0.1475784996293688
163,1351,1514,0.14760567974313613
160,1361,1521,0.14763038381987828
157,1352,1509,0.14766058660226694
154,1356,1510,0.14769435775174483
157,1361,1518,0.1477340627322158
163,1359,1522,0.14776432689840802
161,1355,1516,0.14777752331566107
159,1351,1510,0.14779434777698697
157,1357,1514,0.14781413511497188
156,1368,1524,0.14783754863533857
156,1367,1523,0.14786189744370853
157,1368,1525,0.14788580830735185
158,1365,1523,0.147904050327125
158,1360,1518,0.14791909245082638
156,1363,1519,0.1479349715586305
153,1370,1523,0.14795433066002103
157,1357,1514,0.14798176022009535
154,1353,1507,0.1479957018152453
153,1358,1511,0.1480154843849636
160,1359,1519,0.14803777600417134
161,1352,1513,0.14804099083491623
161,1350,1511,0.14804050787593714
156,1376,1532,0.14803802085184972
157,1372,1529,0.14805007037099954
156,1363,1519,0.14806015687465712
161,1365,1526,0.14807049421164992
159,1368,1527,0.1480641795345866
156,1363,1519,0.1480648984760815
157,1350,1507,0.14807275547413645
154,1356,1510,0.1480778197307365
151,1351,1502,0.14808965938205754
145,1357,1502,0.14810825832056496
145,1359,1504,0.14814103749801627
148,1361,1509,0.14817240754604882
142,1367,1509,0.1481926235134841
144,1358,1502,0.1482283307101076
141,1352,1493,0.14825740458188783
143,1361,1504,0.1482929842935848
143,1378,1521,0.1483198987953325
142,1377,1519,0.14834535345713962
143,1367,1510,0.1483726588013948
148,1360,1508,0.14839623913743952
146,1361,1507,0.14840649852444723
147,1382,1529,0.14842268496020988
144,1371,1515,0.14843410470638763
140,1372,1512,0.14845265821321416
142,1364,1506,0.14848000593717373
137,1369,1506,0.14850106225356755
134,1371,1505,0.14852986528200968
137,1377,1514,0.14856427853465642
140,1371,1511,0.14858908777152563
135,1380,1515,0.14860085318396918
137,1361,1498,0.14862427016781996
140,1360,1500,0.14864228070616545
135,1351,1486,0.14865111425218547
141,1360,1501,0.148673826465202
144,1372,1516,0.14867808994903686
145,1370,1515,0.14867326052314808
140,1358,1498,0.14866512464032447
141,1369,1510,0.1486713117318412
138,1372,1510,0.14867573806980972
141,1374,1515,0.1486878943505773
140,1378,1518,0.14869080080077013
142,1376,1518,0.14869779682207568
143,1369,1512,0.14869945652466096
143,1374,1517,0.14869814480148644
138,1379,1517,0.1486987520717197
137,1380,1517,0.14871294087426254
135,1377,1512,0.14872797139748042
136,1387,1523,0.14874825811175105
134,1383,1517,0.14876339891296575
131,1385,1516,0.14878323520443654
131,1394,1525,0.14880829445993707
133,1400,1533,0.1488305326474087
132,1400,1532,0.1488447849683001
126,1404,1530,0.14886268416898074
128,1393,1521,0.1488926735010562
127,1401,1528,0.14891768427698118
125,1395,1520,0.148943179594354
126,1396,1522,0.14897207452686279
124,1393,1517,0.1489956471576574
122,1397,1519,0.1490228145989115
119,1387,1506,0.14905432994558832
118,1386,1504,0.14909128997578278
120,1394,1514,0.14912787491365123
122,1380,1502,0.14915615321321293
124,1377,1501,0.14917609332371062
123,1376,1499,0.14918939219639538
126,1387,1513,0.1492036410229681
125,1400,1525,0.14920896605817985
125,1401,1526,0.14921934497084396
125,1397,1522,0.14922882851181474
125,1390,1515,0.1492381417016503
126,1385,1511,0.14924605644524
118,1387,1505,0.14925161317635555
116,1389,1505,0.14927908581757623
120,1387,1507,0.14930836350092686
123,1402,1525,0.1493242578810143
121,1399,1520,0.14933162119201632
119,1390,1509,0.14934352749040958
122,1400,1522,0.14936033191139886
122,1396,1518,0.14936881915898356
123,1411,1534,0.14937657697283135
118,1398,1516,0.14938252312384478
115,1393,1508,0.14940082982163244
116,1400,1516,0.149425030973373
116,1406,1522,0.14944143893198528
116,1414,1530,0.14945851044985994
118,1411,1529,0.14947683388636324
116,1412,1528,0.14948944586343133
117,1403,1520,0.1495075631098446
116,1403,1519,0.14952242824126452
116,1393,1509,0.14953763318624888
112,1396,1508,0.14954929714111231
114,1405,1519,0.14957075533543374
113,1413,1526,0.14958593082939095
112,1410,1522,0.14960295447894909
115,1408,1523,0.14962203054376969
114,1417,1531,0.14963331680926437
115,1413,1528,0.14964694976571588
115,1408,1523,0.14965792753106594
115,1407,1522,0.1496678598464523
113,1392,1505,0.1496777749651197
110,1397,1507,0.14969238007415928
107,1410,1517,0.1497137538541943
112,1419,1531,0.1497403217665841
111,1411,1522,0.14974998862946276
109,1396,1505,0.14976074883784554
104,1417,1521,0.14977671528965542
109,1404,1513,0.14980423838218448
107,1410,1517,0.14981783785882943
105,1415,1520,0.14983749287430081
103,1417,1520,0.14985920966076638
104,1406,1510,0.149884209855196
99,1405,1504,0.14990580082180127
98,1420,1518,0.14993756730254382
100,1427,1527,0.14996968072410677
97,1421,1518,0.14999432685950434
99,1420,1519,0.15002518466017442
97,1412,1509,0.15004933655042957
96,1408,1504,0.15007647259721552
98,1413,1511,0.15010414950462259
96,1424,1520,0.15012425005788546
94,1427,1521,0.15014873955503694
94,1439,1533,0.1501763773355269
95,1421,1516,0.15020284939353756
92,1413,1505,0.1502240905934769
90,1432,1522,0.15025242447545156
92,1422,1514,0.1502851032481323
90,1411,1501,0.1503101287451423
91,1421,1512,0.15033922544997672
87,1429,1516,0.15036485245507636
88,1436,1524,0.1503984100344421
89,1437,1526,0.1504255866038595
88,1428,1516,0.15044760498746823
90,1422,1512,0.15047039759548977
88,1433,1521,0.15048756254738702
86,1426,1512,0.150508820274906
85,1428,1513,0.150534107029402
78,1423,1501,0.15055979894656046
79,1438,1517,0.15060002432993322
84,1445,1529,0.1506352306996653
80,1434,1514,0.15065508048609758
79,1447,1526,0.15068251653592693
78,1441,1519,0.150711545433439
78,1432,1510,0.150741670755904
78,1427,1505,0.15076883700825086
79,1439,1518,0.15079329385816076
80,1444,1524,0.15081284225878047
78,1449,1527,0.15082678325017612
75,1455,1530,0.15084560559134175
73,1462,1535,0.15086992742806601
72,1452,1524,0.15089871379780115
72,1454,1526,0.15092788127999715
72,1461,1533,0.1509552936596757
74,1463,1537,0.15098132585027865
73,1465,1538,0.15100037038132247
71,1454,1525,0.15102166420128862
70,1457,1527,0.15104722303885018
68,1455,1523,0.15107436803688543
69,1443,1512,0.1511050442610515
69,1442,1511,0.151132274537156
70,1444,1514,0.1511575672406936
70,1441,1511,0.15117843760793187
70,1449,1519,0.15119700986995893
71,1455,1526,0.15121526192555124
71,1470,1541,0.1512300087386655
70,1469,1539,0.15124352213522518
71,1463,1534,0.1512598280008342
71,1450,1521,0.15127293227028651
70,1458,1528,0.15128601024512534
70,1453,1523,0.15130130029358024
68,1455,1523,0.1513160830212027
69,1452,1521,0.15133499144894014
69,1455,1524,0.15134972992333423
69,1458,1527,0.15136324401335569
69,1442,1511,0.15137638870382117
70,1442,1512,0.1513893426550427
70,1455,1525,0.15139879703382267
66,1453,1519,0.15140716729612436
66,1452,1518,0.15142500702093883
69,1451,1520,0.15144117846420574
71,1449,1520,0.15144749472327423
71,1453,1524,0.1514477481166217
68,1448,1516,0.15144893020747066
71,1447,1518,0.15145779523113884
70,1447,1517,0.15145805251978486
70,1439,1509,0.15146043564326916
72,1433,1505,0.15146293681455059
71,1450,1521,0.15145753552780203
68,1458,1526,0.15145498218686224
68,1464,1532,0.15146001975122045
68,1446,1514,0.15146486418812344
66,1457,1523,0.15147042589926263
68,1451,1519,0.15148249060768268
67,1439,1506,0.15148800497398712
64,1432,1496,0.1514947038204877
66,1427,1493,0.15150819565788554
64,1431,1495,0.1515160733849948
64,1438,1502,0.15152868662675034
62,1435,1497,0.1515411899628012
62,1457,1519,0.1515586172329647
63,1467,1530,0.15157342626113
61,1455,1516,0.1515856870467225
60,1453,1513,0.15160201622298636
61,1462,1523,0.15161942021284985
61,1459,1520,0.15163234121601524
59,1466,1525,0.15164416307381662
60,1455,1515,0.1516606113242365
61,1453,1514,0.15167448338513984
59,1452,1511,0.1516840840150196
59,1457,1516,0.15169877492233638
55,1465,1520,0.1517119791410651
56,1471,1527,0.1517338871566161
56,1463,1519,0.15175079665242053
57,1454,1511,0.15176738388574054
56,1453,1509,0.15177930473737025
57,1441,1498,0.15179425213355122
54,1447,1501,0.15180463880688402
50,1457,1507,0.1518217136460402
49,1453,1502,0.15184720262778967
49,1469,1518,0.1518741805143875
48,1459,1507,0.15189975772056521
46,1477,1523,0.1519265482777575
44,1470,1514,0.15195552231275658
44,1479,1523,0.1519875990271448
46,1483,1529,0.1520163148526722
45,1473,1518,0.15203845633857743
47,1475,1522,0.15206210738369585
48,1479,1527,0.152079243801389
47,1466,1513,0.15209362190916428
45,1465,1510,0.15210882859311478
44,1472,1516,0.15212858576418817
44,1468,1512,0.1521498132415673
44,1464,1508,0.15216920320053656
43,1453,1496,0.1521869570496003
40,1461,1501,0.15220643091304853
41,1464,1505,0.1522317692868938
44,1475,1519,0.15225203311969213
40,1467,1507,0.15226388321043197
42,1463,1505,0.1522846125916466
43,1471,1514,0.15229735386440363
44,1469,1513,0.1523069046333503
45,1467,1512,0.1523123702008353
44,1463,1507,0.15231526693252032
45,1458,1503,0.15232191351000476
45,1463,1508,0.15232465373083762
45,1464,1509,0.15232719739375802
44,1481,1525,0.15233012517279595
42,1480,1522,0.15233596412843123
44,1480,1524,0.15234719101548544
46,1486,1532,0.15235239118315597
47,1472,1519,0.15235155784871746
46,1462,1508,0.15234811143459084
47,1472,1519,0.15234828561193864
46,1468,1514,0.15234639657413088
45,1470,1515,0.15234763276115934
43,1474,1517,0.1523505779210793
43,1481,1524,0.152358704475823
42,1475,1517,0.15236596378190814
40,1476,1516,0.1523757026332741
41,1470,1511,0.15239042228451516
40,1484,1524,0.152401214267958
42,1473,1515,0.152414487405517
42,1477,1519,0.15242098603524895
45,1479,1524,0.15242779424943773
47,1471,1518,0.15242573780203095
46,1470,1516,0.1524170764642918
46,1468,1514,0.15241260686782324
47,1459,1506,0.1524093266759957
47,1468,1515,0.1524039649305936
47,1467,1514,0.15239869107586348
48,1459,1507,0.1523942001157381
48,1446,1494,0.15238663496146182
47,1457,1504,0.15237936731168453
47,1467,1514,0.1523759346117362
48,1479,1527,0.1523735366755681
47,1471,1518,0.15236761954578235
45,1465,1510,0.1523635759396308
44,1466,1510,0.15236596335057853
46,1458,1504,0.1523714393210726
49,1458,1507,0.1523700619731264
47,1465,1512,0.15236024189548394
47,1462,1509,0.15235621894794504
47,1468,1515,0.15235343797322293
48,1479,1527,0.15235161700215863
47,1478,1525,0.1523476464691702
46,1474,1520,0.15234692568491617
46,1466,1512,0.15234970841975007
46,1477,1523,0.15235295340930807
45,1484,1529,0.15235657173088252
45,1483,1528,0.15236179838422528
45,1490,1535,0.15236725480432856
45,1484,1529,0.15237268235743046
43,1483,1526,0.15237824686141216
45,1471,1516,0.15238864142078767
44,1468,1512,0.152392486167944
43,1470,1513,0.15239766543682887
43,1475,1518,0.15240412845487517
41,1470,1511,0.1524098575248227
40,1477,1517,0.15242033242401365
41,1477,1518,0.15243298599994037
42,1476,1518,0.1524429411070909
42,1472,1514,0.15244925625803585
42,1475,1517,0.15245575514693316
40,1482,1522,0.15246198605753167
40,1499,1539,0.1524718973155924
40,1487,1527,0.15248137958573313
38,1483,1521,0.15249079507344285
39,1478,1517,0.15250444179182823
38,1482,1520,0.15251545053729756
40,1478,1518,0.15252862379368598
40,1480,1520,0.15253552618663738
42,1475,1517,0.15254243428149472
42,1469,1511,0.15254284025170062
43,1456,1499,0.15254377783905612
41,1470,1511,0.15254072694879714
40,1464,1504,0.15254283875892433
36,1469,1505,0.1525465502408098
36,1470,1506,0.15255833626252527
37,1466,1503,0.15257008206045403
38,1458,1496,0.15257883592772392
37,1465,1502,0.15258445093406844
40,1474,1514,0.15259262256105646
41,1474,1515,0.152592736512269
40,1468,1508,0.15259027242755496
41,1489,1530,0.15259126492288008
41,1485,1526,0.15258997008286193
41,1479,1520,0.15258825872502765
41,1479,1520,0.15258721656505006
41,1480,1521,0.15258612948862538
41,1472,1513,0.15258524427804818
44,1465,1509,0.15258394042599016
43,1460,1503,0.15257357977707875
44,1468,1512,0.1525669666901333
42,1475,1517,0.1525573634820189
42,1476,1518,0.1525536347152583
41,1463,1504,0.1525509912055876
40,1467,1507,0.1525508659131836
42,1471,1513,0.15255373721799295
40,1473,1513,0.15255225274638953
40,1469,1509,0.15255441783732024
41,1469,1510,0.15255608754624808
41,1463,1504,0.1525542627335265
41,1467,1508,0.15255343962390058
42,1479,1521,0.1525523662169009
41,1496,1537,0.1525475381621592
42,1492,1534,0.1525457450391653
43,1482,1525,0.15254172044505485
42,1486,1528,0.15253561969734278
41,1472,1513,0.15253249107323077
38,1475,1513,0.15253262856881272
38,1481,1519,0.15254074068567453
36,1495,1531,0.152549054432458
37,1496,1533,0.15256192923643724
36,1495,1531,0.15257236276007197
37,1492,1529,0.15258485150468432
36,1490,1526,0.15259379898110992
37,1483,1520,0.1526050838005926
36,1482,1518,0.15261176785848676
34,1484,1518,0.1526208597047987
36,1486,1522,0.15263526826624094
33,1489,1522,0.15264278331247436
33,1490,1523,0.15265711611690283
32,1486,1518,0.15266995199668212
31,1476,1507,0.1526847268068214
29,1461,1490,0.1527019988629867
28,1464,1492,0.15272313366889123
26,1477,1503,0.1527454644455129
24,1473,1497,0.15277107011454505
25,1487,1512,0.15279968607717884
26,1479,1505,0.1528226780490135
27,1485,1512,0.1528414554187499
27,1468,1495,0.15285628556096653
27,1478,1505,0.15286980333322392
25,1479,1504,0.15288306396685197
24,1495,1519,0.15290011097071354
22,1487,1509,0.1529197674432265
22,1492,1514,0.15294294743900383
22,1486,1508,0.15296478754812662
22,1504,1526,0.1529855973977392
23,1495,1518,0.15300541051926442
20,1491,1511,0.15302136661131147
22,1486,1508,0.15304366538050262
22,1507,1529,0.1530583988749041
22,1520,1542,0.15307250455339033
22,1520,1542,0.15308612093384033
21,1510,1531,0.15309816388083913
21,1507,1528,0.15311302024954246
21,1502,1523,0.15312540371817496
22,1495,1517,0.1531364313527517
20,1511,1531,0.15314403938645968
19,1517,1536,0.1531560549691456
19,1503,1522,0.15316997197127807
19,1503,1522,0.15318348456570594
18,1498,1516,0.1531965745351291
19,1507,1526,0.15321147748719935
19,1513,1532,0.1532233270358555
19,1507,1526,0.15323477264852559
19,1512,1531,0.15324580827769765
19,1523,1542,0.153256431198266
18,1512,1530,0.15326664152059585
18,1509,1527,0.15327885256986795
18,1505,1523,0.15329048632315612
17,1482,1499,0.15330156189296004
16,1485,1501,0.15331426153190972
16,1498,1514,0.15332855968885176
18,1493,1511,0.1533420888648598
17,1491,1508,0.15334838809001825
18,1495,1513,0.15335679029533592
17,1494,1511,0.15336167553157304
18,1499,1517,0.15336877432299267
19,1505,1524,0.15337351428979346
16,1507,1523,0.15337497694614566
16,1517,1533,0.1533840346158746
16,1514,1530,0.1533927935406376
16,1506,1522,0.15340124743633188
17,1503,1520,0.15340939276980206
16,1501,1517,0.15341395538723746
14,1484,1498,0.15341966575195629
15,1488,1503,0.15343002487502383
15,1497,1512,0.15343774531299795
16,1495,1511,0.15344526327310265
15,1496,1511,0.15344940943985536
15,1496,1511,0.15345578984174058
15,1496,1511,0.15346206421546932
15,1501,1516,0.15346741869206804
14,1492,1506,0.15347275498274304
13,1498,1511,0.153479740423559
13,1488,1501,0.15348875344716661
11,1480,1491,0.15349748648211756
11,1503,1514,0.15351088545987493
11,1507,1518,0.15352362610835488
12,1510,1522,0.15353573328979375
11,1512,1523,0.15354395902071075
10,1511,1521,0.15355406999099924
10,1506,1516,0.15356611518986127
10,1516,1526,0.1535775920286602
10,1509,1519,0.15358851916847235
10,1498,1508,0.15359891567491193
10,1513,1523,0.1536088008446022
10,1516,1526,0.15361819405660268
10,1520,1530,0.1536271146458813
10,1518,1528,0.15363558179623346
10,1504,1514,0.15364361445032876
11,1495,1506,0.15365123123481766
11,1499,1510,0.15365539193901132
10,1484,1494,0.1536594447748767
10,1485,1495,0.15366553119366994
10,1493,1503,0.1536713664023635
10,1494,1504,0.15367695413858207
10,1499,1509,0.15368229903167255
10,1494,1504,0.15368740644000067
10,1487,1497,0.15369228230865514
11,1484,1495,0.1536969330452987
13,1494,1507,0.15369809632649886
13,1497,1510,0.1536928518609228
12,1500,1512,0.15368828797097323
12,1508,1520,0.15368650184465119
12,1509,1521,0.15368511982555805
12,1515,1527,0.1536836926812224
11,1509,1520,0.1536819126430924
11,1507,1518,0.15368331424469284
11,1495,1506,0.15368381611502638
13,1499,1512,0.15368459963653971
13,1494,1507,0.1536795499025494
13,1492,1505,0.15367523131521704
12,1500,1512,0.15367155864725632
11,1506,1517,0.153671114646968
11,1501,1512,0.1536731200632483
10,1515,1525,0.1536752419801263
10,1506,1516,0.15367968140286972
10,1499,1509,0.15368403892624674
10,1496,1506,0.15368830125928148
8,1492,1500,0.15369245769056622
8,1502,1510,0.15370083691474584
8,1500,1508,0.1537088323677735
8,1498,1506,0.15371645520679011
8,1509,1517,0.15372371708894064
8,1517,1525,0.15373063002702078
9,1511,1520,0.15373720626491438
9,1512,1521,0.15374020082052725
9,1518,1527,0.15374318764882858
9,1517,1526,0.15374615036119063
10,1507,1517,0.1537490751944528
11,1513,1524,0.15374886677165653
11,1520,1531,0.15374561130974818
11,1500,1511,0.15374284617910988
11,1506,1517,0.15374051342597522
12,1500,1512,0.15373856132847954
12,1495,1507,0.15373367168208368
11,1502,1513,0.1537293813979587
11,1497,1508,0.15372781197407664
11,1501,1512,0.15372658305641643
11,1505,1516,0.15372565037003688
10,1501,1511,0.15372497459925033
10,1507,1517,0.15372697868439833
11,1503,1514,0.15372899567107842
11,1488,1499,0.15372774394211786
12,1491,1503,0.15372584794567154
12,1497,1509,0.15372170925219245
12,1497,1509,0.1537181280407217
12,1517,1529,0.15371504097267663
12,1507,1519,0.15371239139338747
12,1509,1521,0.1537101286532421
11,1513,1524,0.15370820749630593
11,1502,1513,0.15370874013195931
11,1510,1521,0.15370940713677975
11,1510,1521,0.1537101841463044
11,1506,1517,0.15371104984583478
11,1507,1518,0.15371198563339258
12,1501,1513,0.1537129753178086
12,1509,1521,0.15371073707717867
12,1501,1513,0.15370883210962108
13,1497,1510,0.15370722106361118
14,1501,1515,0.15370262293531423
12,1498,1510,0.15369529085803907
12,1501,1513,0.1536939796693892
13,1508,1521,0.15369295894085078
13,1514,1527,0.1536889244358407
13,1511,1524,0.15368541377693
12,1511,1523,0.1536823681771464
12,1506,1518,0.15368189625162884
11,1504,1515,0.15368165851763163
12,1518,1530,0.1536842686212099
14,1516,1530,0.15368390406184265
14,1508,1522,0.1536778882072885
14,1500,1514,0.15367255487558118
14,1505,1519,0.15366783213371776
14,1503,1517,0.15366365534389292
13,1487,1500,0.15365996643965102
14,1480,1494,0.15365886681788873
14,1499,1513,0.15365476488075225
14,1501,1515,0.1536511924778348
14,1503,1517,0.15364809050429884
11,1509,1520,0.1536454060317368
10,1508,1518,0.1536502923656036
13,1499,1512,0.15365659002874602
13,1502,1515,0.15365372226702909
13,1503,1516,0.15365141109728922
13,1482,1495,0.15364958582456104
14,1482,1496,0.15364810727898967
14,1483,1497,0.15364466310743377
15,1484,1499,0.15364170825340195
14,1499,1513,0.15363591443135774
14,1506,1520,0.15363309801446887
13,1497,1510,0.1536307436962404
13,1513,1526,0.1536309952871153
12,1511,1523,0.15363146695394136
11,1504,1515,0.15363429165378453
13,1504,1517,0.15363934346533545
13,1494,1507,0.15363870433559035
11,1491,1502,0.1536383753715459
11,1495,1506,0.15364321541432313
11,1501,1512,0.1536479262021893
11,1511,1522,0.15365249958780647
12,1510,1522,0.15365692946888762
12,1511,1523,0.15365845626191782
12,1516,1528,0.15366005738945485
12,1504,1516,0.15366171215294858
12,1513,1525,0.15366340267623904
12,1510,1522,0.15366511358290333
11,1508,1519,0.15366683170780177
12,1511,1523,0.1536710272814143
11,1508,1519,0.153672230916637
11,1514,1525,0.15367564062680786
10,1505,1515,0.15367785628199507
9,1498,1507,0.1536822766230692
10,1503,1513,0.15368919076498863
10,1510,1520,0.15369353215020565
10,1509,1519,0.15369773291141278
10,1509,1519,0.15370178954456354
10,1500,1510,0.1537056999305893
10,1506,1516,0.15370946313764203
10,1494,1504,0.15371307924633887
10,1491,1501,0.15371654919554856
10,1497,1507,0.15371987464651543
10,1497,1507,0.15372305786333887
10,1500,1510,0.15372610160803363
10,1497,1507,0.1537290090485775
9,1509,1518,0.1537317836785185
9,1522,1531,0.1537365937569241
8,1526,1534,0.15374114727877453
8,1519,1527,0.15374762859146274
7,1519,1526,0.15375374226375618
7,1517,1524,0.15376166190859186
7,1514,1521,0.15376912159667483
6,1513,1519,0.15377614699005535
7,1494,1501,0.15378491036176775
8,1497,1505,0.1537899629814552
8,1500,1508,0.15379253667826695
8,1505,1513,0.15379506878274193
8,1511,1519,0.153797550539488
8,1498,1506,0.15379997482814967
7,1505,1512,0.1538023359565897
6,1508,1514,0.15380678701476266
6,1517,1523,0.1538132622602067
6,1505,1511,0.15381940026052301
6,1521,1527,0.15382521601422855
6,1541,1547,0.15383072414370091
6,1524,1530,0.15383593886599464
6,1514,1520,0.15384087397048343
6,1519,1525,0.15384554280242424
6,1514,1520,0.1538499582516401
7,1516,1523,0.1538541327456112
7,1506,1513,0.153855082402586
6,1512,1518,0.15385607803009818
6,1512,1518,0.15385994662166694
6,1515,1521,0.15386359847525047
6,1505,1511,0.15386704495259948
6,1497,1503,0.1538702969022707
6,1500,1506,0.15387336467351706
6,1510,1516,0.15387625813101713
6,1503,1509,0.15387898667022948
6,1506,1512,0.153881559233186
6,1498,1504,0.1538839843245645
6,1508,1514,0.15388627002790256
7,1520,1527,0.15388842402183656
7,1514,1521,0.1538871809040559
7,1524,1531,0.15388612604617313
7,1521,1528,0.15388523707154697
6,1513,1519,0.15388449402423204
5,1512,1517,0.15388608114285096
6,1503,1509,0.15389047357786415
6,1507,1513,0.15389133480384617
6,1502,1508,0.153892251033944
6,1501,1507,0.1538932084848479
6,1522,1528,0.15389419522522935
6,1517,1523,0.15389520096471723
6,1518,1524,0.153896216865254
6,1518,1524,0.1538972353725454
5,1505,1510,0.1538982500655443
5,1505,1510,0.1539014170078419
5,1506,1511,0.15390443921719932
5,1508,1513,0.15390732079088998
5,1505,1510,0.15391006603726357
5,1521,1526,0.1539126794180211
5,1521,1526,0.15391516549836956
5,1504,1509,0.1539175289041525
5,1499,1504,0.15391977428514886
5,1500,1505,0.15392190628381855
5,1501,1506,0.15392392950885075
5,1491,1496,0.1539258485129414
5,1495,1500,0.15392766777428654
6,1506,1512,0.153929391681337
6,1506,1512,0.15392775165903
6,1503,1509,0.15392633050557664
6,1522,1528,0.15392510333944479
6,1515,1521,0.1539240479154052
6,1500,1506,0.1539231443552354
6,1502,1508,0.1539223749053713
7,1513,1520,0.1539217237188409
7,1509,1516,0.15391790503553218
7,1513,1520,0.1539144834892584
7,1519,1526,0.15391141893039795
6,1504,1510,0.15390867520261695
7,1505,1512,0.15390838120891734
7,1503,1510,0.15390494556331544
7,1512,1519,0.15390192517831522
5,1531,1536,0.15389927481598178
5,1525,1530,0.15390131213875635
4,1516,1520,0.15390337607089222
4,1508,1512,0.15390761496560262
4,1509,1513,0.15391171965763545
4,1507,1511,0.15391568638280984
4,1512,1516,0.1539195127579234
4,1508,1512,0.15392319758539907
4,1507,1511,0.15392674068058385
4,1504,1508,0.15393014271927807
4,1508,1512,0.1539334051033256
4,1516,1520,0.15393652984231465
4,1522,1526,0.15393951944964332
4,1511,1515,0.1539423768513818
4,1504,1508,0.15394510530652675
3,1522,1525,0.1539477083373894
3,1532,1535,0.15395252691069472
3,1530,1533,0.15395706899231956
3,1509,1512,0.15396134976110099
3,1509,1512,0.15396538363360748
4,1522,1526,0.15396918429474368
4,1509,1513,0.15396949490883657
4,1512,1516,0.15396990340478392
4,1515,1519,0.15397039262674056
4,1514,1518,0.15397094753591156
4,1521,1525,0.15397155497897116
3,1501,1504,0.15397220348040894
3,1490,1493,0.1539750881443116
3,1491,1494,0.15397785855385843
4,1490,1494,0.15398051581557556
4,1499,1503,0.15397978589028033
3,1507,1510,0.15397925278188768
3,1509,1512,0.1539810625280666
3,1508,1511,0.15398288639264768
3,1517,1520,0.15398471161543545
3,1511,1514,0.15398652735174323
3,1519,1522,0.1539883244468802
3,1516,1519,0.1539900952347784
3,1517,1520,0.15399183335829503
3,1522,1525,0.15399353360897053
3,1517,1520,0.15399519178424412
3,1529,1532,0.15399680456032797
3,1518,1521,0.1539983693791199
3,1525,1528,0.1539998843476994
3,1517,1520,0.15400134814909464
3,1520,1523,0.15400275996314267
3,1515,1518,0.15400411939638248
3,1516,1519,0.15400542642002818
3,1522,1525,0.15400668131516596
2,1518,1520,0.154007884624405
2,1522,1524,0.15401120542890426
2,1520,1522,0.15401434533529657
2,1513,1515,0.1540173133572684
2,1511,1513,0.15402011814868918
2,1520,1522,0.15402276800759926
2,1518,1520,0.15402527088165832
2,1523,1525,0.15402763437480307
2,1520,1522,0.154029865754894
2,1519,1521,0.15403197196215848
2,1527,1529,0.15403395961826105
2,1520,1522,0.15403583503585472
2,1518,1520,0.15403760422848517
2,1514,1516,0.15403927292073813
2,1504,1506,0.15404084655853367
2,1502,1504,0.1540423303194871
2,1507,1509,0.1540437291232647
2,1503,1505,0.15404504764187696
2,1518,1520,0.15404629030985773
2,1513,1515,0.15404746133428834
2,1513,1515,0.15404856470463155
2,1493,1495,0.15404960420234712
2,1492,1494,0.15405058341026606
2,1508,1510,0.15405150572170603
2,1506,1508,0.15405237434931301
2,1508,1510,0.1540531923336207
2,1520,1522,0.15405396255131865
2,1516,1518,0.15405468772322725
2,1510,1512,0.15405537042197523
2,1512,1514,0.15405601307938163
2,1506,1508,0.15405661799354328
2,1502,1504,0.15405718733563062
2,1512,1514,0.1540577231563975
2,1501,1503,0.15405822739240885
2,1502,1504,0.15405870187199378
2,1511,1513,0.1540591483209302
2,1524,1526,0.15405956836786883
2,1516,1518,0.15405996354950388
2,1507,1509,0.15406033531549923
2,1511,1513,0.15406068503317766
2,1511,1513,0.15406101399198205
2,1507,1509,0.1540613234077168
2,1505,1507,0.15406161442657818
2,1504,1506,0.15406188812898144
2,1499,1501,0.15406214553319406
3,1492,1495,0.154062387598782
3,1500,1503,0.1540593587023716
3,1500,1503,0.15405662011796448
3,1503,1506,0.15405414395871786
2,1509,1511,0.15405190502056712
3,1523,1526,0.1540527688179824
3,1525,1528,0.15405030966011693
3,1508,1511,0.15404810755572368
3,1516,1519,0.15404613658416946
3,1504,1507,0.15404437338508437
2,1505,1507,0.15404279690860492
2,1516,1518,0.1540435355902843
2,1516,1518,0.15404429463634878
2,1524,1526,0.15404506648659066
2,1524,1526,0.1540458446507845
2,1522,1524,0.1540466235848349
2,1522,1524,0.15404739858011135
2,1522,1524,0.15404816566462473
2,1523,1525,0.1540489215148335
2,1521,1523,0.1540496633769896
2,1512,1514,0.15405038899704196
2,1513,1515,0.1540510965582145
2,1514,1516,0.15405178462546396
2,1524,1526,0.15405245209610233
2,1523,1525,0.15405309815594126
1,1517,1518,0.15405372224038058
1,1521,1522,0.15405662381099913
1,1525,1526,0.15405934955007208
1,1521,1522,0.1540619101034271
1,1523,1524,0.15406431547322602
1,1516,1517,0.15406657505679694
1,1523,1524,0.15406869768313133
1,1505,1506,0.1540706916471864
1,1506,1507,0.1540725647421236
1,1493,1494,0.15407432428960732
1,1502,1503,0.1540759771682794
1,1509,1510,0.15407752984051915
1,1513,1514,0.15407898837759113
1,1513,1514,0.15408035848327814
1,1510,1511,0.15408164551608958
2,1526,1528,0.15408285451013096
2,1511,1513,0.15408088279816495
2,1515,1517,0.15407912249489736
2,1505,1507,0.15407755200260018
2,1509,1511,0.15407615187190948
2,1513,1515,0.15407490459143414
2,1518,1520,0.15407379439777405
2,1515,1517,0.15407280710398052
2,1516,1518,0.15407192994467883
2,1510,1512,0.1540711514362448
2,1505,1507,0.15407046125058166
2,1511,1513,0.1540698501011839
2,1517,1519,0.1540693096402995
0,1519,1519,0.15406883236611857
