1367,29,1396,0.13579592002336485
1400,28,1428,0.1329519494381514
1442,29,1471,0.13027362227883515
1443,29,1472,0.12772107162711535
1456,29,1485,0.12539872446511702
1468,32,1500,0.12325102517932127
1470,32,1502,0.1212645807554019
1466,31,1497,0.11945385248975565
1478,31,1509,0.11781956458882373
1476,31,1507,0.11630036757830303
1446,31,1477,0.11492711672019774
1442,33,1475,0.11375505065576962
1452,34,1486,0.11270250052306316
1462,33,1495,0.11172104412849147
1463,38,1501,0.1108043492656067
1469,37,1506,0.10996669445975928
1462,37,1499,0.109192688534587
1466,39,1505,0.10850586864941719
1460,39,1499,0.10787345782105508
1461,40,1501,0.10731325527492382
1455,42,1497,0.10680471447572344
1459,44,1503,0.10635536523584709
1465,42,1507,0.10593723989950243
1456,42,1498,0.10554129871569536
1452,45,1497,0.10520432807067774
1453,49,1502,0.10490638914033283
1449,50,1499,0.10463450094062964
1445,52,1497,0.1043966869685328
1438,55,1493,0.10418970708545824
1437,55,1492,0.10402019735578229
1453,55,1508,0.10386993621716649
1457,55,1512,0.10369713845328019
1459,57,1516,0.1035328433609915
1455,59,1514,0.10337848192946555
1436,61,1497,0.10324810714158712
1440,59,1499,0.10317227517230272
1450,60,1510,0.10309742697071098
1444,63,1507,0.10300901064052077
1450,64,1514,0.10294179328215274
1446,62,1508,0.1028670690014855
1460,61,1521,0.10280922581292205
1445,60,1505,0.1027229792628702
1448,62,1510,0.10267836716694909
1443,64,1507,0.10263006104044856
1436,66,1502,0.10259919038917559
1427,68,1495,0.10258966939500169
1419,69,1488,0.10260259566632633
1415,71,1486,0.1026342850510389
1399,72,1471,0.10267446045581587
1390,68,1458,0.10274760031641644
1392,67,1459,0.10283348341855607
1397,67,1464,0.10290873523366145
1412,68,1480,0.10296566563164333
1410,67,1477,0.10298443780309068
1425,71,1496,0.10300657356536018
1421,75,1496,0.10299144479899146
1410,75,1485,0.10298666144814227
1409,73,1482,0.10300626353001434
1409,69,1478,0.10302755457153673
1415,69,1484,0.10304903524709712
1420,71,1491,0.10305404773300961
1419,72,1491,0.10305157826251747
1424,71,1495,0.103052586250542
1420,70,1490,0.10303921081373957
1415,70,1485,0.10303672501043355
1421,70,1491,0.103047356553753
1413,69,1482,0.10304127771684567
1417,67,1484,0.10305419607920319
1421,69,1490,0.10305494207711334
1429,70,1499,0.10304666379118398
1421,70,1491,0.10302271083376159
1401,71,1472,0.10302072769453387
1410,72,1482,0.10306323292428025
1422,73,1495,0.1030805598264723
1415,75,1490,0.10306945402685949
1405,78,1483,0.10307565954215842
1412,78,1490,0.10310238296351472
1416,80,1496,0.10311102881138651
1421,82,1503,0.10311355842431202
1406,80,1486,0.10310432681508332
1419,82,1501,0.10312973600853201
1412,82,1494,0.10312373476301831
1416,83,1499,0.10313382325178651
1421,86,1507,0.1031364318577868
1413,88,1501,0.10312967291724322
1408,85,1493,0.10314040475287627
1419,84,1503,0.10316462003073383
1402,85,1487,0.10316248186711782
1422,87,1509,0.10319824798569059
1423,87,1510,0.10318668779923612
1411,90,1501,0.10317416769505881
1400,89,1489,0.10318902478565072
1395,92,1487,0.10322794312129847
1385,93,1478,0.1032764920971976
1400,92,1492,0.10334172853633827
1404,91,1495,0.10336744016178426
1400,90,1490,0.10338270175071723
1399,96,1495,0.10340525288764596
1407,99,1506,0.1034283753282219
1405,100,1505,0.10342976033649821
1401,98,1499,0.10343627460728555
1393,98,1491,0.10345216208788706
1384,96,1480,0.10348466301846619
1391,98,1489,0.10353634973065949
1381,102,1483,0.10356841411918921
1371,102,1473,0.10362203372648185
1394,109,1503,0.10369488452308982
1393,109,1502,0.10371023701867464
1393,109,1502,0.10372898214665195
1380,111,1491,0.10374475785929375
1367,111,1478,0.10379196814512323
1367,114,1481,0.10386463049602618
1367,116,1483,0.1039315156491969
1359,120,1479,0.10399463797450052
1362,122,1484,0.10407418108069502
1365,119,1484,0.10414292170296652
1369,118,1487,0.10419973630882659
1364,123,1487,0.10424263162151189
1363,125,1488,0.10429367975661442
1367,124,1491,0.10434333117176543
1360,124,1484,0.10437704550271115
1360,130,1490,0.10442343537945935
1367,127,1494,0.10446930953482625
1375,128,1503,0.10449760484461315
1379,130,1509,0.10450455304841048
1367,124,1491,0.1045011289611481
1371,126,1497,0.1045232010951574
1367,131,1498,0.1045348942395688
1367,131,1498,0.1045553768197242
1375,132,1507,0.10457491234679381
1361,134,1495,0.10457501025036323
1353,137,1490,0.10460808263559233
1348,138,1486,0.10465845653580731
1354,141,1495,0.10471550919436773
1362,138,1500,0.10475605088450318
1355,142,1497,0.10477446244490496
1361,138,1499,0.10480856583557255
1360,140,1500,0.10482884632998367
1354,137,1491,0.104850664244235
1344,139,1483,0.1048869905464047
1346,139,1485,0.10494455917290506
1347,142,1489,0.10499275357328926
1354,145,1499,0.10503380878689286
1358,143,1501,0.10505364981034132
1341,142,1483,0.10506299584822942
1359,142,1501,0.1051100172691016
1352,145,1497,0.10511022490081232
1362,147,1509,0.10512710615612601
1365,152,1517,0.10511941586669268
1340,152,1492,0.10510815972235946
1338,152,1490,0.10515526801295931
1340,151,1491,0.10520376602743436
1355,154,1509,0.10524561779659301
1349,155,1504,0.10525113916376788
1342,153,1495,0.10527354461487894
1338,151,1489,0.1053080306191894
1331,152,1483,0.10534986418560653
1340,153,1493,0.10540470641070467
1341,149,1490,0.10543522308181692
1343,152,1495,0.1054594634064732
1329,154,1483,0.10547676110116001
1330,152,1482,0.10552417526522044
1339,153,1492,0.10556524738417615
1342,153,1495,0.10558431095903124
1334,153,1487,0.10559415269929293
1330,152,1482,0.10562174298863912
1320,151,1471,0.10565734172319285
1326,150,1476,0.10571280987851658
1334,152,1486,0.10574952630089468
1334,146,1480,0.10576585734120368
1334,147,1481,0.10577979009839769
1349,149,1498,0.10579228936408665
1358,150,1508,0.10577034554952508
1339,151,1490,0.10572986906110601
1340,150,1490,0.10573656739962552
1360,150,1510,0.1057412097021179
1353,149,1502,0.1057010834621153
1363,152,1515,0.1056803308765086
1352,151,1503,0.10563385225055927
1344,155,1499,0.10561519147323989
1333,158,1491,0.10561823945163937
1346,161,1507,0.1056479472414982
1329,161,1490,0.10564957560041974
1329,159,1488,0.1056907433897225
1351,166,1517,0.1057266314036108
1354,168,1522,0.10571321060471622
1336,168,1504,0.1056958533063581
1319,167,1486,0.10572134964218932
1321,164,1485,0.10578195224908966
1314,170,1484,0.10583325121685853
1327,172,1499,0.10589660418343627
1331,172,1503,0.10592505840211945
1336,166,1502,0.10594314731830813
1332,173,1505,0.1059513324396844
1322,176,1498,0.10596694729900095
1314,177,1491,0.10600336373375424
1318,182,1500,0.1060570293882416
1298,182,1480,0.10609949044821282
1313,186,1499,0.10618353387902815
1308,191,1499,0.106227688878057
1319,194,1513,0.10628027395913353
1317,197,1514,0.10630463251569759
1309,196,1505,0.10633262652390618
1296,192,1488,0.10637690671800148
1289,194,1483,0.1064489914881274
1282,198,1480,0.10653137919017557
1281,196,1477,0.1066252199304563
1287,197,1484,0.10671182559557969
1296,198,1494,0.1067775054457696
1278,190,1468,0.10681860233195728
1282,199,1481,0.10689868187188989
1271,203,1474,0.1069634250971761
1275,206,1481,0.10704845234717993
1294,208,1502,0.10711754909353274
1287,213,1500,0.10713978888172086
1291,213,1504,0.1071776282423933
1297,213,1510,0.10720581553411183
1283,213,1496,0.10721594179753335
1278,219,1497,0.10725757797503238
1281,215,1496,0.10730980315865513
1287,221,1508,0.10735104427800582
1285,218,1503,0.1073741362256363
1282,221,1503,0.10740027663278096
1269,225,1494,0.10743147964746683
1270,220,1490,0.1074903676260175
1273,223,1496,0.10754294816244676
1257,228,1485,0.10758428356278162
1255,225,1480,0.10765974534578296
1275,226,1501,0.10773632811149671
1273,228,1501,0.10776073534531243
1272,232,1504,0.10778930659084132
1261,224,1485,0.10781741139643897
1257,225,1482,0.10786828296171837
1265,228,1493,0.10792517121672411
1279,227,1506,0.10795550697431838
1280,225,1505,0.1079536379767574
1270,221,1491,0.10795130789364156
1277,221,1498,0.10797155043838748
1266,228,1494,0.10797651978511925
1271,228,1499,0.10800957903409347
1269,231,1500,0.10803002106165036
1250,232,1482,0.1080537164501121
1246,230,1476,0.10811899671882738
1244,231,1475,0.10818856542188467
1254,230,1484,0.10825868274406517
1259,229,1488,0.10830233384762548
1259,232,1491,0.10833001350614035
1248,236,1484,0.10835627879683267
1260,238,1498,0.10840451658844259
1272,242,1514,0.10842101293083893
1269,243,1512,0.10840759328638865
1243,245,1488,0.10840172053963049
1246,244,1490,0.10845688771259329
1245,247,1492,0.10850249656999683
1255,250,1505,0.10854547445790322
1245,245,1490,0.10856529147133888
1252,251,1503,0.10860676212345384
1249,247,1496,0.10862747889201074
1266,248,1514,0.108653197191219
1268,245,1513,0.10863868147411658
1255,244,1499,0.1086213984912417
1264,242,1506,0.10863431681743808
1266,239,1505,0.10862838519486423
1260,242,1502,0.10861903036916033
1251,248,1499,0.10862209518680882
1266,243,1509,0.10864363810943935
1274,242,1516,0.10862658120324653
1275,242,1517,0.10859330886004129
1261,243,1504,0.10856059404988708
1256,241,1497,0.10856381493837557
1248,244,1492,0.10857789708774028
1255,246,1501,0.10861054896603718
1255,244,1499,0.10862654418504268
1246,248,1494,0.10864367742835361
1246,243,1489,0.10867930204858091
1246,253,1499,0.10871304510683072
1241,249,1490,0.10874437475666424
1246,250,1496,0.10878315928628833
1251,248,1499,0.10880948223276342
1256,246,1502,0.10881959757514913
1251,255,1506,0.10881815940189053
1234,256,1490,0.1088287881776126
1235,259,1494,0.10887772664276611
1240,258,1498,0.10892226578113824
1233,257,1490,0.10895156727382936
1234,256,1490,0.10899575721251555
1255,249,1504,0.10903485824948803
1244,251,1495,0.10902045407016554
1232,246,1478,0.10903186690150864
1226,249,1475,0.10907111244006178
1239,244,1483,0.10911868960731862
1241,245,1486,0.10913191150775402
1239,242,1481,0.1091380109783714
1238,244,1482,0.10914729429044652
1242,248,1490,0.10916140667144386
1239,247,1486,0.10916487766270543
1237,252,1489,0.10917607480572838
1239,251,1490,0.10918953058750677
1254,248,1502,0.10919718414343643
1253,253,1506,0.10916876772919715
1244,258,1502,0.10914446489712333
1229,252,1481,0.10914302570840732
1231,253,1484,0.10917725609964556
1232,251,1483,0.10920490022309838
1234,252,1486,0.1092285377972772
1239,259,1498,0.10924691843053559
1236,256,1492,0.10925269860133369
1234,258,1492,0.10926570085013644
1232,257,1489,0.10927777020989364
1231,263,1494,0.10929593470577516
1241,260,1501,0.10931465067604568
1245,261,1506,0.1093092630952436
1249,270,1519,0.10929343869739405
1236,269,1505,0.10926968277376081
1223,267,1490,0.10927827578049934
1229,267,1496,0.10931689927295832
1225,268,1493,0.1093417126708612
1218,269,1487,0.1093752486087883
1225,274,1499,0.10942151399169152
1228,275,1503,0.10945100670543066
1245,270,1515,0.10947012098856927
1242,274,1516,0.10944939539931113
1237,276,1513,0.10943952825653365
1242,278,1520,0.10943993055661258
1240,284,1524,0.10942916442389987
1223,286,1509,0.10942485032755471
1221,278,1499,0.10946055275806814
1216,277,1493,0.10949877294329305
1226,279,1505,0.10954407882016269
1223,284,1507,0.10956241641907816
1221,283,1504,0.1095853145796508
1205,284,1489,0.10961154168294707
1209,292,1501,0.10967376419683704
1203,294,1497,0.10972238138416694
1210,299,1509,0.10978238123073027
1216,296,1512,0.10982038646458361
1210,295,1505,0.10984209089005535
1210,293,1503,0.10987533714191734
1213,295,1508,0.10990807920764176
1222,299,1521,0.10993043020043032
1208,298,1506,0.1099295737803812
1203,300,1503,0.10996117982501769
1189,298,1487,0.1100048671873385
1197,296,1493,0.11007772423794425
1196,294,1490,0.11012710954792862
1210,291,1501,0.11017653452005093
1210,294,1504,0.11018617633573836
1213,293,1506,0.11019725551857644
1202,299,1501,0.11019869675665454
1199,298,1497,0.11022365246531442
1208,294,1502,0.11025159759146512
1197,294,1491,0.11026065341474159
1201,301,1502,0.11029584777316323
1197,307,1504,0.11031847895157103
1194,308,1502,0.11035073279257566
1191,309,1500,0.11038876737964518
1188,308,1496,0.11043494091806927
1195,311,1506,0.11047850162321915
1195,310,1505,0.1105036390834849
1183,307,1490,0.11052508183804377
1189,310,1499,0.11057260291095589
1179,314,1493,0.1106057854066033
1166,311,1477,0.1106594854944859
1171,313,1484,0.11073956700970307
1173,316,1489,0.11080197413110604
1173,319,1492,0.11085807075659602
1177,319,1496,0.11090964497983513
1175,318,1493,0.11094924759310543
1172,322,1494,0.11098745299495719
1173,321,1494,0.11103162201868141
1173,329,1502,0.11106911783578458
1178,334,1512,0.1111062581498113
1168,327,1495,0.11113242068619267
1173,331,1504,0.11117979256485168
1160,334,1494,0.11120977773282892
1176,332,1508,0.1112654614469892
1172,334,1506,0.11128219065373628
1162,339,1501,0.11130902306538074
1164,342,1506,0.11135565448013651
1164,344,1508,0.111394771802342
1162,343,1505,0.11143326047391575
1157,338,1495,0.11147584187640308
1159,347,1506,0.11152923293495337
1161,351,1512,0.111574840268998
1161,353,1514,0.11161172966489698
1162,349,1511,0.11164437276512018
1155,349,1504,0.11167495810925221
1149,352,1501,0.11171795351860812
1148,352,1500,0.11177266837077816
1155,354,1509,0.11182532488200096
1162,353,1515,0.11186011709650767
1149,348,1497,0.11187591247907785
1153,350,1503,0.11191855321961945
1151,350,1501,0.11194841912574198
1148,351,1499,0.11198204615683997
1149,355,1504,0.11202237607789385
1142,361,1503,0.11205977378884736
1149,362,1511,0.11210995519897042
1152,365,1517,0.11214085314099256
1144,367,1511,0.11215951408990006
1132,363,1495,0.11219536986754468
1131,363,1494,0.11225723845037174
1129,363,1492,0.11231568993017255
1141,362,1503,0.11237385651076369
1133,362,1495,0.11240171656982817
1127,365,1492,0.11244435126860537
1123,370,1493,0.11249803324743915
1125,373,1498,0.11255923441034024
1111,372,1483,0.11261086632018198
1110,374,1484,0.11269268551261896
1106,373,1479,0.11277184091402394
1119,376,1495,0.1128538876503978
1119,380,1499,0.11290021270465374
1115,383,1498,0.11294042058812341
1122,382,1504,0.11298722360461319
1121,379,1500,0.11301694629353637
1122,385,1507,0.11304865431806489
1113,389,1502,0.11307371986170679
1121,395,1516,0.11311720326609191
1116,386,1502,0.11313904959249968
1120,387,1507,0.11317065128349296
1118,392,1510,0.11319166466963435
1119,394,1513,0.11321615800365425
1113,393,1506,0.11323534376703893
1116,391,1507,0.11326875450575406
1112,390,1502,0.11329157694235147
1109,394,1503,0.113323540294821
1102,402,1504,0.11336015768935087
1108,400,1508,0.11341095088751771
1107,396,1503,0.11344527194340674
1103,402,1505,0.11348251237770547
1095,406,1501,0.1135257180256032
1093,397,1490,0.11358431884061224
1089,401,1490,0.11364599227500337
1113,403,1516,0.11371072006743273
1116,404,1520,0.11371473799785108
1113,402,1515,0.11371353590527526
1113,405,1518,0.11371883410661279
1104,399,1503,0.11372273059626928
1106,409,1515,0.11374955280536035
1109,409,1518,0.11376691959174369
1104,408,1512,0.1137802256646885
1106,409,1515,0.1138022601224062
1092,413,1505,0.11382040231175258
1090,411,1501,0.11386852364960365
1090,409,1499,0.11391775268668884
1095,401,1496,0.11396137687217023
1099,406,1505,0.1139902390337113
1091,412,1503,0.11401018802209005
1084,417,1501,0.11404386389917896
1074,417,1491,0.11409366997558998
1067,421,1488,0.11416421825460317
1066,417,1483,0.1142478719668368
1065,421,1486,0.11433136838898131
1080,422,1502,0.11441112345204724
1079,422,1501,0.11445112822753434
1082,413,1495,0.114490268261059
1087,417,1504,0.11451734862509808
1088,424,1512,0.1145300929103532
1082,426,1508,0.11453782246143525
1079,425,1504,0.11455967212970813
1092,421,1513,0.11458482521874724
1093,413,1506,0.11458273580123735
1083,412,1495,0.11457449863586185
1068,409,1477,0.11459208735728663
1079,413,1492,0.11464105242202102
1082,414,1496,0.11465892782365712
1069,420,1489,0.1146680452220588
1080,414,1494,0.11470908374987801
1066,419,1485,0.11472267187281542
1072,414,1486,0.11476631617183049
1091,410,1501,0.11478890304192291
1078,417,1495,0.11477041413841149
1074,420,1494,0.11478172309611238
1070,421,1491,0.11480263397547233
1062,429,1491,0.11483296336671586
1070,427,1497,0.11487918242086476
1067,434,1501,0.11490362917858256
1064,440,1504,0.11493502738599994
1060,443,1503,0.11497115987391035
1059,442,1501,0.11501691650235703
1047,437,1484,0.11506259936515008
1046,432,1478,0.11512903240564235
1058,426,1484,0.11519261554614893
1053,433,1486,0.1152246262751132
1051,429,1480,0.1152684025329289
1040,430,1470,0.11531059851007357
1050,434,1484,0.11537515830491639
1066,442,1508,0.11541093293847578
1071,438,1509,0.11540591225888747
1067,446,1513,0.11539178941976737
1060,449,1509,0.11538828108229694
1061,452,1513,0.11540222815124372
1061,448,1509,0.11541406538074167
1054,451,1505,0.11542341273926192
1059,449,1508,0.11544995147514918
1050,455,1505,0.11546514720213893
1040,455,1495,0.11549947704219511
1027,452,1479,0.1155575192796085
1033,463,1496,0.11564131025763821
1023,469,1492,0.11570634742041658
1023,474,1497,0.11578860953274439
1027,471,1498,0.11586488126222504
1041,462,1503,0.11592178013973982
1034,464,1498,0.11594559623936326
1043,457,1500,0.1159853398798596
1035,450,1485,0.11599906148210504
1044,449,1493,0.11603061448370987
1043,457,1500,0.11603609120616884
1042,456,1498,0.11604469110380616
1045,458,1503,0.1160530547196895
1039,460,1499,0.1160546058981836
1038,463,1501,0.11607462828915345
1039,459,1498,0.1160952032017854
1025,469,1494,0.11610881849258119
1022,465,1487,0.11615497453407533
1009,470,1479,0.11620275539665702
1017,470,1487,0.11627707708332302
1023,464,1487,0.11632875889483152
1027,467,1494,0.116360064007144
1040,470,1510,0.11638109990470595
1038,471,1509,0.11637170349088882
1026,472,1498,0.11636676537223117
1017,467,1484,0.11639391098537452
1017,471,1488,0.11643927725435319
1013,483,1496,0.11648048173587981
1002,485,1487,0.11653142385285652
994,493,1487,0.11660310551666014
991,495,1486,0.11669023284753915
987,494,1481,0.11677989349877134
997,494,1491,0.11687354069956284
1000,499,1499,0.11694127042145035
996,493,1489,0.11699799957680308
995,495,1490,0.11705659244799284
998,501,1499,0.11711723274016812
1002,501,1503,0.11716607030917991
997,502,1499,0.11720178007786031
988,501,1489,0.11724685544410499
995,502,1497,0.11731016388478498
995,503,1498,0.11735476564691703
999,515,1514,0.11739865599026877
988,510,1498,0.11743034747353948
999,516,1515,0.11748156699506014
1000,512,1512,0.11750388213512569
997,517,1514,0.11752023342788226
990,506,1496,0.11754342116778053
988,509,1497,0.11758007591920636
1001,515,1516,0.11761897152954645
1006,519,1525,0.11762338254984367
1002,513,1515,0.11761388225046343
991,515,1506,0.11761631579182265
999,518,1517,0.11764343071786101
995,515,1510,0.11765070310190627
987,514,1501,0.11766575948423842
988,509,1497,0.11769777931499252
986,513,1499,0.11772618522726708
981,511,1492,0.11775702712548228
972,515,1487,0.11779948035351383
974,520,1494,0.11786088733080025
982,527,1509,0.11791290866392544
995,525,1520,0.11794293834463059
995,517,1512,0.1179398252058314
980,517,1497,0.11793670859934263
973,520,1493,0.1179689345368014
976,524,1500,0.1180167911527408
982,518,1500,0.1180535760687556
985,519,1504,0.11807515768226047
980,526,1506,0.11808867171519566
979,523,1502,0.11811782361728036
972,530,1502,0.11814658262409711
966,540,1506,0.11819109127109716
963,541,1504,0.1182460941306603
962,539,1501,0.11830606243833693
964,539,1503,0.11836169941172199
961,533,1494,0.11841111802389032
968,544,1512,0.11846172818671567
964,537,1501,0.11849032151582828
959,539,1498,0.11852716921448987
948,548,1496,0.11857503590699153
946,549,1495,0.11864383751518628
951,554,1505,0.11871586979260983
947,563,1510,0.11877135689589792
943,557,1500,0.11882942076982413
940,555,1495,0.11889154045199422
943,552,1495,0.1189570785345565
949,549,1498,0.11900944888706814
954,564,1518,0.1190445139179522
946,560,1506,0.11906889858741461
939,571,1510,0.11911027685513957
940,568,1508,0.11916572571049883
942,565,1507,0.11921619921064629
944,567,1511,0.11925588756480121
936,573,1509,0.11929035129366182
935,571,1506,0.11934449002762974
932,568,1500,0.11939668972715381
929,561,1490,0.11945213685748005
929,559,1488,0.11951064225684752
938,564,1502,0.1195603993827635
937,567,1504,0.11958677622297874
931,560,1491,0.1196125162331424
945,561,1506,0.11964879894836165
944,570,1514,0.11964926914512816
945,573,1518,0.11965244968787367
938,583,1521,0.11965695147843135
939,572,1511,0.11967949310593308
940,573,1513,0.11969914813077712
936,569,1505,0.11971409260740856
935,584,1519,0.11973565876281934
922,575,1497,0.11976129628620794
926,580,1506,0.1198150742596689
926,568,1494,0.1198560909074392
929,575,1504,0.11989455134342865
912,587,1499,0.11992607301886553
910,587,1497,0.11999611186206746
917,579,1496,0.1200696073226683
914,587,1501,0.12012040559728437
912,597,1509,0.12017820522453686
914,600,1514,0.1202312275561357
908,594,1502,0.12027720878702938
896,611,1507,0.12033794019715918
899,601,1500,0.12042243067971654
887,595,1482,0.12049328324064054
879,603,1482,0.12058471152961295
887,601,1488,0.12068604790663975
885,607,1492,0.12076070721178905
901,602,1503,0.1208354179532613
900,606,1506,0.12086391387374676
898,602,1500,0.12088809571965399
897,600,1497,0.12091798683030425
896,596,1492,0.1209469234713212
896,602,1498,0.12097835393691085
897,595,1492,0.121005470273777
903,598,1501,0.1210292371558976
904,596,1500,0.12103967008953444
901,609,1510,0.12104928859487658
898,613,1511,0.12106416007935251
890,618,1508,0.12108593815878635
892,619,1511,0.12112799611862429
893,624,1517,0.12116297036180336
888,613,1501,0.12119319228069383
883,623,1506,0.12123510309789767
876,621,1497,0.12128692345771656
874,636,1510,0.12135239050108933
873,635,1508,0.12141814011556668
868,627,1495,0.12148161881317054
881,628,1509,0.12155452025558229
877,636,1513,0.12159106202769983
880,634,1514,0.12163248058483339
878,629,1507,0.12166542476097986
873,637,1510,0.12169717360600098
863,639,1502,0.12173706944117037
863,643,1506,0.12179712106565703
867,642,1509,0.12185532508706932
869,638,1507,0.12190041331846248
867,629,1496,0.12193818644489322
873,627,1500,0.12197542239085803
875,619,1494,0.12199486654640083
867,631,1498,0.1220093079125788
864,631,1495,0.12204144690450114
871,636,1507,0.12207898251697856
869,642,1511,0.12209989381414921
860,637,1497,0.1221205228601929
856,631,1487,0.1221577585403314
851,637,1488,0.12220379935018404
852,643,1495,0.12225538633662439
852,655,1507,0.1222997533110741
841,659,1500,0.12234064505280949
839,654,1493,0.12240836875672724
836,659,1495,0.12247761360272634
848,655,1503,0.12255002575391391
850,656,1506,0.12258887718708465
837,657,1494,0.12261832856417275
848,661,1509,0.12267630895257714
852,664,1516,0.1227055677658905
856,666,1522,0.12272532360086828
863,669,1532,0.1227338090841576
853,670,1523,0.12272539430025821
856,667,1523,0.12274487805208438
854,657,1511,0.12275561977682223
852,652,1504,0.12276874606710093
855,665,1520,0.12278301514390404
844,668,1512,0.12278880435578542
847,666,1513,0.12281861997508045
841,661,1502,0.12283818742713294
842,663,1505,0.12287420513989167
847,662,1509,0.1229053379114478
843,664,1507,0.12292464475603343
843,666,1509,0.12295443593176927
849,661,1510,0.12298050532501226
847,662,1509,0.12298991827688756
844,660,1504,0.12300051166462232
846,659,1505,0.12302149330242226
844,655,1499,0.123031260613073
843,660,1503,0.1230421510201287
833,667,1500,0.12305335576587434
835,669,1504,0.12308959618466149
836,672,1508,0.12311985926818723
839,674,1513,0.12314512632467632
838,673,1511,0.12316423209688437
837,671,1508,0.12318714564900286
820,668,1488,0.12321099935606483
821,652,1473,0.12327248237489993
842,655,1497,0.12332586970670802
838,660,1498,0.12332275800809663
849,659,1508,0.12332734005470676
844,663,1507,0.12330741867834949
833,667,1500,0.12329999295943116
830,677,1507,0.12332161335893428
833,674,1507,0.12335144668091176
828,675,1503,0.12337517270051307
825,677,1502,0.12340683457152184
833,675,1508,0.12344263627925192
831,679,1510,0.12345608760866852
825,673,1498,0.12347593789724405
830,681,1511,0.12350415476625598
825,684,1509,0.12351715502396346
822,683,1505,0.12354272280879092
826,692,1518,0.12357407168735925
815,695,1510,0.12359360815465462
815,689,1504,0.12363836473109285
812,698,1510,0.12367949865321906
824,699,1523,0.1237252085535168
826,703,1529,0.12373898395824467
815,698,1513,0.12374616048954752
803,698,1501,0.12378135470944265
795,695,1490,0.12384302026207805
799,699,1498,0.12392088105114375
799,702,1501,0.1239856969457633
802,696,1498,0.12404343686495789
806,707,1513,0.12409185287354171
801,701,1502,0.12412856880437062
795,701,1496,0.12417554024987056
789,711,1500,0.1242334296404953
788,718,1506,0.12429902346592961
789,714,1503,0.12436385765184366
795,714,1509,0.12442319077891056
794,712,1506,0.1244622102939423
792,710,1502,0.12450194961085426
792,719,1511,0.12454247473881566
789,721,1510,0.12457825521586342
783,725,1508,0.1246183729518019
782,724,1506,0.12466920023860104
781,721,1502,0.1247237702053657
786,725,1511,0.1247798470679622
793,720,1513,0.12482078416173771
795,715,1510,0.1248405015800471
802,723,1525,0.12485453701847389
790,715,1505,0.12484954528589498
795,723,1518,0.12487479721821287
793,716,1509,0.12488413609160397
789,713,1502,0.12489912393433623
789,706,1495,0.12492254449580191
787,706,1493,0.12493963558589169
788,706,1494,0.12496050675004618
782,710,1492,0.12497647369245478
785,717,1502,0.1250065568255786
780,717,1497,0.12502827664775407
772,718,1490,0.12506150551480105
780,719,1499,0.12511156499680143
771,720,1491,0.1251416975244765
780,711,1491,0.12518865690919545
783,720,1503,0.12521110910631048
787,719,1506,0.12522420838729675
779,727,1506,0.1252288928602964
779,729,1508,0.12525276724041945
773,724,1497,0.12527579126824734
769,733,1502,0.1253085892932797
778,737,1515,0.12535270840399923
779,735,1514,0.12536948199927742
772,734,1506,0.1253830779784553
766,739,1505,0.12541451289156455
761,737,1498,0.12545908836857433
754,742,1496,0.12551359320878638
740,749,1489,0.1255792449991458
737,752,1489,0.1256749595113961
735,755,1490,0.12577488383230936
733,763,1496,0.12587645552345947
750,772,1522,0.12597502789857462
744,768,1512,0.12602453489712587
732,766,1498,0.1260804849887818
737,760,1497,0.12616228674697982
732,758,1490,0.12622581114166256
735,760,1495,0.12629809925560015
736,768,1504,0.12635488151359756
737,761,1498,0.12640492496674255
736,775,1511,0.12645041054527237
730,782,1512,0.12649672310858237
727,784,1511,0.12655530677041554
731,773,1504,0.12661556344116418
726,776,1502,0.12665928631467566
726,775,1501,0.1267135686389715
726,781,1507,0.1267653892317811
734,779,1513,0.12681213697449764
738,775,1513,0.1268335818804132
743,769,1512,0.12684617775761065
740,766,1506,0.12684391460434372
742,757,1499,0.1268495125027448
732,760,1492,0.12684998494730362
734,758,1492,0.1268722891185644
733,759,1492,0.12689019184861558
731,763,1494,0.12691209753395127
730,765,1495,0.12693676874468474
730,765,1495,0.12696363521824836
720,772,1492,0.12698909311095538
719,780,1499,0.12703841456525336
723,790,1513,0.12708589644004653
712,786,1498,0.12712309142529
717,780,1497,0.12718344104204968
719,779,1498,0.1272275604243023
728,788,1516,0.12726138833689704
723,781,1504,0.1272721847251561
715,784,1499,0.12729411635097856
718,780,1498,0.12732827887446324
707,782,1489,0.12734986680700483
715,790,1505,0.12739732850193128
708,793,1501,0.12742334866263805
696,807,1503,0.1274671703824945
700,797,1497,0.12753425614795652
699,799,1498,0.1275878023472262
703,807,1510,0.12764197225118554
701,802,1503,0.1276820375742691
693,794,1487,0.12772491437341696
697,795,1492,0.12778486914037612
698,805,1503,0.12782832926101284
693,808,1501,0.12786931159417098
689,795,1484,0.12791944962106436
693,803,1496,0.12797811550386953
681,819,1500,0.12802440169520954
690,820,1510,0.1280982117330477
686,827,1513,0.1281444628580055
696,819,1515,0.12819611186636667
684,832,1516,0.12821972469151893
675,840,1515,0.1282721646234047
675,843,1518,0.12834621580967043
675,838,1513,0.12841877314300926
661,840,1501,0.12848467537162012
656,845,1501,0.12857612433851845
662,839,1501,0.12867174198592582
669,835,1504,0.12874494983724738
665,837,1502,0.12879930818549815
665,834,1499,0.1288626466462199
665,841,1506,0.12891903813954098
663,848,1511,0.12897324441354466
664,845,1509,0.12902325132094053
655,852,1507,0.1290646719248044
653,856,1509,0.1291249245311074
650,858,1508,0.12918776683330166
655,859,1514,0.1292548858800912
652,859,1511,0.12930866113336761
649,868,1517,0.12936307095063204
654,865,1519,0.12941932158210837
648,861,1509,0.12946099186768933
646,866,1512,0.12951546141739206
644,861,1505,0.12957351274395293
653,857,1510,0.12963254429966453
640,870,1510,0.1296660061289866
639,873,1512,0.12972514212934005
634,874,1508,0.1297837439975954
634,875,1509,0.1298511098476328
641,868,1509,0.12991255539955823
641,868,1509,0.12994993622352224
639,872,1511,0.12998887242445945
640,874,1514,0.13003094873858148
638,870,1508,0.13006706571598717
630,871,1501,0.1301068946045426
636,883,1519,0.1301634717235246
641,883,1524,0.1302027290472406
634,889,1523,0.13022852765499898
634,892,1526,0.13026497790397784
631,898,1529,0.13029913193477094
619,895,1514,0.1303390184653435
613,895,1508,0.13040609127572408
603,886,1489,0.13048111432604234
600,904,1504,0.1305755615703305
598,909,1507,0.13067072737616553
598,901,1499,0.13076479368056884
596,915,1511,0.1308530984425805
591,916,1507,0.13093985427020438
590,922,1512,0.13103178159459897
585,930,1515,0.1311178664320829
590,929,1519,0.13120943485742437
584,932,1516,0.1312836805633029
581,938,1519,0.13136836854285908
577,938,1515,0.13145618968011744
568,931,1499,0.1315492804709663
567,937,1504,0.1316581659977093
566,941,1507,0.1317606123614358
559,951,1510,0.13186120209021207
562,951,1513,0.1319738333039246
565,951,1516,0.13206962168765812
572,947,1519,0.1321500918337331
572,949,1521,0.13220583071907635
568,940,1508,0.13226100176658456
556,945,1501,0.132322724127942
553,938,1491,0.13240600964943228
564,935,1499,0.1324903173556552
553,937,1490,0.13253892275937912
557,934,1491,0.1326107453556263
563,941,1504,0.1326691265345749
558,939,1497,0.1327098806138057
565,938,1503,0.13275379372980567
576,936,1512,0.13278051422855455
576,931,1507,0.1327768998470972
571,925,1496,0.1327718529924543
579,922,1501,0.13277711816772217
581,915,1496,0.1327648103373593
579,931,1510,0.13274591888466095
576,933,1509,0.13273503316538565
570,936,1506,0.13273538566703955
574,933,1507,0.13275292267813854
585,928,1513,0.13276001687069475
586,931,1517,0.13273775170892702
580,916,1496,0.13271737697798827
584,916,1500,0.13271163463756316
589,920,1509,0.13269642617683072
583,921,1504,0.1326720023923267
588,928,1516,0.13266515166940296
577,938,1515,0.1326482546036988
576,932,1508,0.1326589455879702
575,940,1515,0.13267405810158667
569,951,1520,0.13269033622697668
562,946,1508,0.1327226966249137
556,947,1503,0.13277030944005067
554,953,1507,0.13282948332495614
544,962,1506,0.13288993889979284
544,941,1485,0.13297135201881363
542,948,1490,0.1330477848209814
552,943,1495,0.13312536336965752
543,944,1487,0.13317368562591525
544,955,1499,0.1332407528089731
542,953,1495,0.13330045757276945
543,962,1505,0.13335879895975972
549,960,1509,0.13341104708747153
553,967,1520,0.13344609623587964
546,976,1522,0.13347057478564545
543,975,1518,0.1335044582733057
537,970,1507,0.13354147532790062
537,972,1509,0.1335923159070515
545,972,1517,0.13364206859429037
536,972,1508,0.13367076085815938
532,973,1505,0.13372177328087656
543,978,1521,0.13377781719623463
543,981,1524,0.133801733288548
533,989,1522,0.1338250172443099
532,995,1527,0.13387233386287986
538,992,1530,0.1339196629797546
532,990,1522,0.13395076762068248
528,990,1518,0.1339938807481595
530,988,1518,0.1340394222523766
521,986,1507,0.13407974867280484
522,990,1512,0.1341385624000454
521,999,1520,0.13418995617099572
515,1005,1520,0.1342403236431646
507,1010,1517,0.13430157138899354
510,1002,1512,0.13438048233645314
507,1004,1511,0.13444466859165896
509,1008,1517,0.1345139880470834
506,1006,1512,0.1345763983842083
502,1009,1511,0.1346402283331718
494,996,1490,0.1347096490321565
508,995,1503,0.13479037933662322
506,997,1503,0.13483138765762365
505,1016,1521,0.134870865933506
506,1018,1524,0.13491142636397513
506,1022,1528,0.1349467489571938
505,1027,1532,0.13498127506554577
502,1027,1529,0.13501775499135243
501,1023,1524,0.13505711409576018
505,1016,1521,0.13509721400176442
502,1011,1513,0.13512505530299423
502,1020,1522,0.1351604626766128
497,1022,1519,0.13519148001823045
499,1012,1511,0.1352298124912704
495,1013,1508,0.1352623748385243
496,1010,1506,0.1353027041267117
503,1018,1521,0.1353357318491073
499,1017,1516,0.13534731589245244
502,1019,1521,0.13536676775213205
500,1008,1508,0.13537748926405185
500,1012,1512,0.1353923271003201
501,1019,1520,0.13540748215433174
495,1020,1515,0.1354219136390446
498,1030,1528,0.13545103363168523
493,1025,1518,0.13546847690064479
496,1025,1521,0.13549758132951267
489,1036,1525,0.13552167821822253
476,1031,1507,0.1355586919409372
474,1034,1508,0.1356232276725956
472,1035,1507,0.1356883855729788
468,1039,1507,0.135752174707047
468,1044,1512,0.13581934435299567
469,1047,1516,0.1358859008869378
476,1044,1520,0.13594694900828574
472,1049,1521,0.13599014221511727
474,1055,1529,0.13604083760496824
467,1056,1523,0.13608296268407025
464,1057,1521,0.1361389131141816
455,1052,1507,0.13619701288090255
450,1052,1502,0.1362739923412074
451,1063,1514,0.1363585897603705
455,1071,1526,0.1364335819282555
455,1064,1519,0.1364949257422113
458,1055,1513,0.13655120017651598
452,1055,1507,0.13659813249683328
453,1055,1508,0.13665810317458996
453,1055,1508,0.136709688473094
444,1052,1496,0.1367575312764146
436,1047,1483,0.13682346111645555
425,1050,1475,0.1369042779556219
427,1072,1499,0.13700551483087586
422,1086,1508,0.13709374003654712
421,1085,1506,0.13718713883162578
426,1086,1512,0.13727808317253692
419,1083,1502,0.13734832766464572
419,1084,1503,0.13742976115801755
426,1091,1517,0.13750597861046812
430,1088,1518,0.13755775588356883
426,1094,1520,0.1375971117605165
432,1094,1526,0.1376424469260044
427,1098,1525,0.13767051141385347
423,1093,1516,0.13770984817782467
418,1091,1509,0.13775603579001341
423,1090,1513,0.13781311652006742
417,1083,1500,0.13785375288455778
418,1072,1490,0.13790593819795538
417,1080,1497,0.1379513329779747
417,1089,1506,0.13799534463934646
423,1091,1514,0.1380361046225618
417,1104,1521,0.13805676149533647
421,1109,1530,0.1380944362137344
423,1104,1527,0.13811837253033554
414,1103,1517,0.13813725940773605
411,1094,1505,0.1381774690544103
404,1100,1504,0.13822063509889265
408,1108,1516,0.13827749343112625
412,1110,1522,0.13832270873187627
410,1119,1529,0.13835602252809764
406,1124,1530,0.13839218566729503
408,1111,1519,0.13843424167630677
412,1094,1506,0.13846869708655452
414,1091,1505,0.1384904284521521
412,1102,1514,0.13850382210613077
415,1105,1520,0.13852453722481253
413,1098,1511,0.13853637167553084
413,1090,1503,0.13855369749535854
418,1097,1515,0.13856928559802228
414,1094,1508,0.13857251992496614
412,1095,1507,0.13858651618658654
407,1105,1512,0.13860444556352522
410,1106,1516,0.13863472457052378
405,1113,1518,0.13865511915278733
412,1104,1516,0.13868589794818054
408,1112,1520,0.1386978671581365
412,1106,1518,0.138715282189821
415,1110,1525,0.13872277274272693
412,1107,1519,0.13872111689056163
407,1118,1525,0.13872723456227642
402,1119,1521,0.13874566028815494
394,1110,1504,0.1387762909400214
400,1126,1526,0.13882357722879943
392,1118,1510,0.13885266760328155
394,1105,1499,0.13889806435512975
391,1101,1492,0.13893592489403342
396,1103,1499,0.13897829945273715
401,1108,1509,0.13900602638970505
399,1125,1524,0.13902101348153267
397,1119,1516,0.13903641922202908
402,1123,1525,0.1390548549086441
400,1122,1522,0.13905968498090904
403,1129,1532,0.13906692057940961
400,1112,1512,0.13906910971118808
399,1118,1517,0.13908028031978123
398,1130,1528,0.13909519106034882
397,1141,1538,0.13911078281238445
402,1127,1529,0.13912916260596225
400,1113,1513,0.13913580958381397
402,1105,1507,0.13914624602182696
404,1102,1506,0.13915162639326606
410,1105,1515,0.13914893559567562
407,1106,1513,0.13913188542591556
404,1108,1512,0.13912291761397047
401,1121,1522,0.13912246362216021
397,1125,1522,0.1391301988789725
387,1133,1520,0.1391446853727926
387,1128,1515,0.13918279807472964
384,1141,1525,0.1392209860594248
388,1145,1533,0.13926437417663387
390,1145,1535,0.13929612619053455
383,1142,1525,0.13932178180590413
385,1146,1531,0.13936393507780345
389,1130,1519,0.13939793806344208
390,1132,1522,0.13942130607223852
385,1139,1524,0.13944160073931053
382,1129,1511,0.13947189604860497
378,1126,1504,0.13950725288736518
376,1133,1509,0.13954711703321288
377,1134,1511,0.13958894613350128
371,1138,1509,0.13962666278553568
373,1132,1505,0.1396750635605776
377,1137,1514,0.13971433996017793
370,1140,1510,0.13974250241506264
369,1140,1509,0.13978336049526432
367,1140,1507,0.13982428697923888
368,1137,1505,0.13986659410859492
374,1142,1516,0.13990615097327797
377,1144,1521,0.13993022741898856
377,1141,1518,0.13994619710661282
381,1144,1525,0.13995915510118415
382,1141,1523,0.13996066308970717
379,1131,1510,0.13996265640130562
378,1123,1501,0.1399727277053274
381,1130,1511,0.1399818998559501
376,1126,1502,0.1399831819826797
379,1118,1497,0.13999562391074144
380,1112,1492,0.13999923546388973
383,1119,1502,0.13999502059518298
384,1127,1511,0.13998365411897107
380,1133,1513,0.13997193480117628
380,1137,1517,0.13997464455039765
379,1126,1505,0.13997754583615035
376,1140,1516,0.13998254386836043
376,1140,1516,0.13999511806761933
378,1146,1524,0.140005883350009
369,1146,1515,0.14001377398229214
364,1146,1510,0.14004357110538118
366,1150,1516,0.14008398194327398
365,1151,1516,0.14011662025970295
363,1161,1524,0.14014827466675917
362,1152,1514,0.1401798129977457
365,1154,1519,0.1402136600843444
359,1153,1512,0.1402411193752202
356,1143,1499,0.14028169219802478
362,1139,1501,0.14032758193217157
363,1153,1516,0.14035501761075148
358,1150,1508,0.14037844143876393
364,1146,1510,0.14041045466379662
365,1161,1526,0.1404276523184352
363,1162,1525,0.14044084486833067
363,1157,1520,0.14045974566132471
351,1156,1507,0.14047397022721944
352,1154,1506,0.14051725197235648
350,1148,1498,0.14055304900216195
347,1147,1494,0.1405939964987996
350,1143,1493,0.140637994944322
347,1153,1500,0.14066965095736692
350,1154,1504,0.1407071217028982
354,1146,1500,0.14073382791789205
354,1150,1504,0.14074659249247357
354,1146,1500,0.1407550649332272
358,1156,1514,0.1407656284546389
361,1144,1505,0.14076697521926454
362,1148,1510,0.14076321824163898
365,1155,1520,0.14075383049995402
368,1152,1520,0.14073839151970569
367,1153,1520,0.14071596048664642
372,1152,1524,0.14069829178445278
368,1162,1530,0.14066948710412489
356,1162,1518,0.14065285631882204
355,1156,1511,0.14066793933026994
357,1156,1513,0.14068700048371746
347,1151,1498,0.14069965700850573
336,1143,1479,0.14073552084903374
335,1178,1513,0.14079585702445896
338,1187,1525,0.14085430245325362
336,1172,1508,0.14090240485161165
338,1171,1509,0.14095159171088342
338,1164,1502,0.14099382316326015
333,1166,1499,0.1410327148089568
334,1172,1506,0.14108178801485521
340,1167,1507,0.14112454518200074
343,1177,1520,0.1411485458354034
339,1172,1511,0.1411619908253791
338,1166,1504,0.14118501355631932
337,1175,1512,0.1412057514474566
342,1168,1510,0.14122606965743867
346,1168,1514,0.14123425097264122
347,1165,1512,0.1412345642006385
342,1165,1507,0.1412334703858634
345,1170,1515,0.14124509982991154
340,1182,1522,0.14125147934938972
331,1179,1510,0.14127166063239127
330,1173,1503,0.14131200581137338
337,1178,1515,0.14135012247703582
339,1184,1523,0.14136837541125502
332,1183,1515,0.14138071942312946
331,1178,1509,0.1414070183075116
325,1187,1512,0.14143304958109754
325,1186,1511,0.14147324225148253
328,1189,1517,0.14151004200805364
325,1195,1520,0.14153712513038566
317,1206,1523,0.14157020336438955
318,1197,1515,0.14162107548662925
319,1186,1505,0.14166774385009706
323,1178,1501,0.14170897809433172
324,1187,1511,0.141738724501102
321,1188,1509,0.1417647973433095
324,1186,1510,0.14179644152930687
325,1183,1508,0.14181967051191957
324,1183,1507,0.1418387446861384
322,1186,1508,0.14185568768955834
318,1187,1505,0.141875628509976
315,1191,1506,0.141903926096125
317,1196,1513,0.14193722661148336
319,1189,1508,0.1419626510742636
317,1189,1506,0.1419825174796723
321,1198,1519,0.1420054644114158
322,1190,1512,0.14201623095554836
320,1207,1527,0.14202619120987353
317,1207,1524,0.14204051047661645
319,1190,1509,0.14206345502836895
322,1194,1516,0.14207930961150406
316,1185,1501,0.14208547461124232
322,1192,1514,0.1421051719102895
314,1202,1516,0.1421063372860323
318,1201,1519,0.14212927056151936
320,1206,1526,0.1421406248112653
321,1204,1525,0.14214702098764792
319,1201,1520,0.14215071264368434
314,1197,1511,0.1421597609149569
317,1199,1516,0.14218199950156846
309,1194,1503,0.14219594512145484
305,1191,1496,0.14222688592790167
306,1204,1510,0.14226701025319077
299,1204,1503,0.14230021430851825
297,1210,1507,0.1423497684652569
299,1196,1495,0.14239911301779537
301,1200,1501,0.14244208267812844
308,1201,1509,0.14247516470833793
307,1207,1514,0.14248769363049407
305,1208,1513,0.142505606674644
305,1217,1522,0.14252861117106497
305,1209,1514,0.14255059547555723
304,1213,1517,0.14257249988105758
310,1202,1512,0.14259423847631106
309,1201,1510,0.14259691384477866
305,1209,1514,0.14260194300175605
299,1210,1509,0.1426175808979335
298,1214,1512,0.14264574092965807
298,1207,1505,0.1426755797742349
300,1228,1528,0.14270050429632491
302,1225,1527,0.1427178031798451
302,1215,1517,0.14272811768075375
302,1210,1512,0.1427361309218149
302,1202,1504,0.14274614743992256
298,1201,1499,0.1427519947966628
305,1204,1509,0.14276815749526914
302,1206,1508,0.14276706507762177
300,1210,1510,0.14277521976132085
297,1199,1496,0.14278700334411132
295,1204,1499,0.14280491987037627
295,1206,1501,0.1428273791966058
296,1210,1506,0.14284691702941998
299,1203,1502,0.14286276833036138
298,1204,1502,0.1428704151055849
298,1200,1498,0.14288036512875688
295,1227,1522,0.14289018882408397
294,1222,1516,0.14290713766380983
302,1227,1529,0.14292600334537564
300,1234,1534,0.14292287590948705
299,1229,1528,0.14292451633202374
301,1232,1533,0.14292898309033572
298,1239,1537,0.142929575594433
299,1235,1534,0.14293893362967736
296,1223,1519,0.1429435357377976
293,1223,1516,0.14295774341102235
299,1218,1517,0.1429787507996272
297,1216,1513,0.1429847924125429
292,1215,1507,0.14299356943583302
292,1227,1519,0.14301281186109382
292,1225,1517,0.14303125847474923
288,1229,1517,0.14304808766218954
288,1218,1506,0.1430741174430531
289,1225,1514,0.1430967098620681
287,1223,1510,0.14311566339425943
284,1217,1501,0.1431361798722034
278,1204,1482,0.14316359982964572
282,1209,1491,0.14320562541159193
280,1218,1498,0.14323452377955415
282,1221,1503,0.14326614181944808
286,1221,1507,0.14329036924510047
287,1233,1520,0.14330143444706878
283,1237,1520,0.14331185563465046
280,1236,1516,0.14333303168135975
270,1234,1504,0.14336070277100363
274,1230,1504,0.14341106794346373
271,1233,1504,0.1434479538814738
267,1228,1495,0.1434885250553177
268,1242,1510,0.14353766001061086
266,1247,1513,0.14357985896655912
262,1249,1511,0.1436238378331988
258,1263,1521,0.1436749623133445
259,1267,1526,0.1437327379319484
262,1261,1523,0.1437841391280776
263,1255,1518,0.14382354955591223
258,1274,1532,0.14385923454834118
255,1272,1527,0.1439044251154483
251,1268,1519,0.14395447237157635
255,1262,1517,0.14401072197885006
250,1269,1519,0.14405375012771734
250,1267,1517,0.14410629600588235
240,1268,1508,0.1441556517181213
244,1264,1508,0.144225845900557
247,1268,1515,0.14428087493426026
244,1273,1517,0.14432509581397576
245,1282,1527,0.14437434741933547
241,1270,1511,0.14441638994616304
242,1272,1514,0.14446710793055556
241,1274,1515,0.14451345800581097
242,1281,1523,0.14455903222341543
236,1272,1508,0.1445988405626919
233,1278,1511,0.1446507164090492
231,1276,1507,0.14470658082333093
228,1270,1498,0.1447636590629454
233,1277,1510,0.1448234842957703
235,1278,1513,0.1448680306035142
232,1268,1500,0.14490234249590245
231,1274,1505,0.14494011213427554
233,1284,1517,0.1449785476016304
235,1284,1519,0.14501005897961505
228,1291,1519,0.14503515197109232
232,1285,1517,0.14507505039869326
232,1284,1516,0.1451001370267051
231,1287,1518,0.1451233168729459
236,1276,1512,0.14514781790316322
234,1280,1514,0.14516043435262024
236,1276,1512,0.14517653049990253
239,1284,1523,0.14518454172286308
237,1284,1521,0.1451834903101162
237,1283,1520,0.14518884475256982
233,1282,1515,0.145193317038892
234,1284,1518,0.14520814494483306
234,1281,1515,0.14522170422474281
234,1272,1506,0.14523520746917407
230,1286,1516,0.14524653910210925
233,1289,1522,0.14526719403358643
229,1284,1513,0.14527985636711854
226,1294,1520,0.14530105487168174
230,1294,1524,0.1453278173618733
229,1299,1528,0.14534258619769413
220,1292,1512,0.14535802033965292
218,1307,1525,0.14539236268495215
220,1298,1518,0.14543003553360095
222,1286,1508,0.14545860779932115
224,1277,1501,0.14548141955911256
223,1272,1495,0.1454989246602162
221,1283,1504,0.14551884717710062
217,1285,1502,0.14554321737655132
218,1288,1506,0.14557538914886556
215,1295,1510,0.14560263235176724
207,1300,1507,0.14563677084463847
212,1295,1507,0.1456876741008499
215,1293,1508,0.14572285044601435
218,1302,1520,0.14574709655445886
221,1282,1503,0.14576181805748026
218,1280,1498,0.14576880235518225
216,1288,1504,0.14578283572112555
215,1305,1520,0.14580022677585755
209,1308,1517,0.14582002057250054
209,1311,1520,0.14585444361754105
206,1317,1523,0.14588802594793615
206,1320,1526,0.14592658952120033
203,1312,1515,0.14596184066853896
204,1308,1512,0.14600137522505713
205,1307,1512,0.14603469952238318
203,1305,1508,0.14606056529602682
203,1302,1505,0.146089897663628
200,1304,1504,0.14611727530720395
206,1313,1519,0.14614991986055406
206,1310,1516,0.14616455700975436
207,1311,1518,0.1461763122272927
207,1313,1520,0.14618630103995753
206,1318,1524,0.14619588906648356
208,1323,1531,0.14620835236202073
206,1315,1521,0.14621654920448623
207,1305,1512,0.1462291881885046
205,1309,1514,0.1462384504654615
205,1303,1508,0.14625215035263184
205,1314,1519,0.1462653653854536
204,1322,1526,0.1462769609043716
204,1315,1519,0.1462911166614195
206,1320,1526,0.14630394664747187
204,1311,1515,0.14631156772690215
200,1318,1518,0.14632335075731046
202,1319,1521,0.14634587476513503
199,1324,1523,0.146360012363211
196,1330,1526,0.146381480421768
199,1336,1535,0.14640790851353705
199,1322,1521,0.14642694624889382
192,1323,1515,0.14644467004122025
188,1318,1506,0.1464771957366321
194,1310,1504,0.14651847024617737
192,1319,1511,0.1465428176947573
187,1325,1512,0.14657037433175277
187,1326,1513,0.1466073650819101
186,1331,1517,0.14664160179370408
188,1323,1511,0.1466768398133314
186,1335,1521,0.14670553748696258
187,1337,1524,0.1467379004796051
184,1343,1527,0.14676510746009166
178,1351,1529,0.14679798768373192
181,1351,1532,0.14684171000116614
174,1345,1519,0.14687719342321884
178,1337,1515,0.14692751336179055
178,1335,1513,0.1469610127150955
174,1343,1517,0.14699107932201738
176,1331,1507,0.14702825942453304
172,1332,1504,0.14705903492433406
174,1345,1519,0.14709780836356448
165,1343,1508,0.14712960286935803
167,1352,1519,0.1471816647632798
170,1350,1520,0.1472241843779607
173,1359,1532,0.14725504284888077
179,1355,1534,0.14727473928980786
179,1356,1535,0.1472792672081094
175,1341,1516,0.14728106911609956
173,1347,1520,0.14729368524476757
175,1345,1520,0.14731130811235843
173,1344,1517,0.14732393009589648
169,1349,1518,0.1473403116018349
170,1353,1523,0.1473660493068169
165,1346,1511,0.14738916666614568
160,1359,1519,0.14742381050891795
164,1346,1510,0.1474687214924034
165,1346,1511,0.14750106004460556
163,1345,1508,0.14753055438854343
162,1349,1511,0.14756203570333398
160,1342,1502,0.14759455310972677
160,1348,1508,0.14763112599287495
160,1355,1515,0.14766463536655308
157,1355,1512,0.14769577646031273
154,1363,1517,0.14773256326566378
149,1366,1515,0.14777413411027415
144,1363,1507,0.14782361087546217
142,1366,1508,0.14788119385982315
143,1353,1496,0.14794037722366715
140,1362,1502,0.1479949219189227
137,1357,1494,0.14805377172002354
137,1368,1505,0.1481161982459028
133,1383,1516,0.1481757380223021
129,1389,1518,0.14824173226840637
129,1393,1522,0.14831220852829474
130,1390,1520,0.14837804216700312
131,1386,1517,0.14843563246720665
129,1395,1524,0.1484867630191222
127,1387,1514,0.14853967504876786
128,1387,1515,0.14859378295655667
125,1393,1518,0.1486392483254798
123,1387,1510,0.14868873781068037
123,1389,1512,0.14873920489892317
119,1377,1496,0.14878609434663065
124,1389,1513,0.14884010865082187
124,1397,1521,0.14887778125624812
123,1387,1510,0.1489129409814074
122,1387,1509,0.1489486421078414
124,1376,1500,0.14898477028999482
120,1379,1499,0.1490120333901327
118,1385,1503,0.14904796715145943
117,1393,1510,0.1490854594386636
122,1396,1518,0.14912423578999146
121,1403,1524,0.14914579983803322
121,1410,1531,0.14916892076761212
120,1401,1521,0.14919096029622758
120,1406,1526,0.1492156453757306
120,1393,1513,0.14923919672319821
117,1380,1497,0.14926062050972552
119,1389,1508,0.1492869566796785
120,1386,1506,0.1493068503445278
121,1410,1531,0.1493239780312126
119,1407,1526,0.14933671646187177
121,1407,1528,0.14935496898555034
121,1394,1515,0.14936576766062198
122,1394,1516,0.14937642692400988
117,1405,1522,0.14938464834866358
116,1410,1526,0.14940588073064734
117,1396,1513,0.14942934535570795
116,1411,1527,0.14944867608993165
113,1410,1523,0.1494703909983764
115,1413,1528,0.14949674952876074
111,1412,1523,0.14951576032563677
109,1405,1514,0.149544309680527
108,1412,1520,0.14957631274129682
108,1417,1525,0.14960863931864427
111,1432,1543,0.1496359279513206
112,1429,1541,0.14965501968815725
109,1411,1520,0.14966935890098487
106,1424,1530,0.1496909137582275
104,1409,1513,0.14971972237078338
102,1413,1515,0.1497511986894564
103,1418,1521,0.1497864788092249
102,1414,1516,0.14981626773794382
102,1416,1518,0.14984771423485932
103,1407,1510,0.14987803784466508
99,1408,1507,0.149903136781118
101,1415,1516,0.14993637754195505
100,1406,1506,0.14996205756434988
99,1400,1499,0.14998636475268756
97,1407,1504,0.15000922991350504
100,1414,1514,0.15003659382802975
101,1409,1510,0.1500533417361887
98,1419,1517,0.15006629436295538
99,1414,1513,0.15008665984898617
98,1409,1507,0.15010306297875095
98,1409,1507,0.15012132699679473
97,1420,1517,0.1501379588121469
100,1410,1510,0.1501561204330472
103,1401,1504,0.15016571277615412
103,1397,1500,0.15016714061016898
101,1390,1491,0.15016814698617312
101,1405,1506,0.1501742621704849
103,1413,1516,0.15017997787910242
101,1412,1513,0.15017982103442132
100,1418,1518,0.1501843627170799
98,1409,1507,0.15019172401524877
98,1409,1507,0.15020491292835442
96,1396,1492,0.1502188734986634
94,1417,1511,0.15023697692271262
91,1420,1511,0.15025998715779088
89,1411,1500,0.15028905044085913
92,1423,1515,0.1503212744083324
91,1432,1523,0.15034356964072196
92,1425,1517,0.15036495824190457
91,1423,1514,0.15038289289595816
91,1419,1510,0.15040325110689562
95,1418,1513,0.1504201978942621
95,1408,1503,0.15042792539235314
90,1407,1497,0.150433299646293
91,1407,1498,0.15045151887156114
88,1415,1503,0.15046620096328683
88,1437,1525,0.15048712792072866
88,1438,1526,0.1505051730447628
85,1435,1520,0.1505235949023425
86,1433,1519,0.15054870978330076
87,1433,1520,0.15056958352607347
89,1442,1531,0.15058635714722576
88,1441,1529,0.15059458800524225
88,1435,1523,0.15060387322080346
88,1427,1515,0.15061183583019896
93,1423,1516,0.15061981420561513
97,1418,1515,0.15061336609596027
99,1406,1505,0.15059513049491266
99,1417,1516,0.15057325556285625
100,1429,1529,0.15055295484167083
100,1428,1528,0.15053207558635448
99,1419,1518,0.1505136809324562
103,1409,1512,0.15050009213618507
101,1411,1512,0.15047750654916214
100,1412,1512,0.15046202251800675
99,1415,1514,0.15044978339255333
101,1411,1512,0.15044225163795427
99,1406,1505,0.1504287866313409
96,1409,1505,0.1504198353087158
91,1410,1501,0.1504187358381481
92,1411,1503,0.15043286250027155
89,1423,1512,0.15044426215645143
91,1428,1519,0.1504626056882615
90,1411,1501,0.15047493205092008
93,1419,1512,0.15048957899960577
95,1422,1517,0.15049595504978242
94,1420,1514,0.1504973463974779
92,1418,1510,0.15050109899881775
88,1406,1494,0.15051032432158215
88,1401,1489,0.15052887741729049
87,1399,1486,0.15054506390877972
87,1402,1489,0.15055944600897658
86,1416,1502,0.15057416122959905
87,1425,1512,0.15059125659754377
87,1423,1510,0.1506039269721665
89,1425,1514,0.15061416783059417
90,1420,1510,0.15061840396723972
92,1426,1518,0.15061932213858065
95,1412,1507,0.15061471221922948
95,1407,1502,0.15060339437656284
95,1411,1506,0.15059363754854752
94,1404,1498,0.15058525671515294
98,1416,1514,0.15057964387914421
97,1410,1507,0.15056413857997927
99,1407,1506,0.1505531400746946
98,1415,1513,0.15053889528014575
96,1404,1500,0.15052994877131637
99,1406,1505,0.15052531519922435
98,1404,1502,0.15051369131705583
97,1413,1510,0.1505064554168624
96,1410,1506,0.15050226279080714
92,1419,1511,0.1505008622056598
92,1427,1519,0.15050962826360098
90,1422,1512,0.1505179977543618
91,1431,1522,0.15053142503746778
90,1427,1517,0.15054343455690225
91,1420,1511,0.15055667487218444
92,1407,1499,0.15056576463424895
93,1404,1497,0.15057027410625431
93,1403,1496,0.15057073166516652
96,1401,1497,0.15057091595879551
96,1407,1503,0.15056315934215572
96,1410,1506,0.1505553749003914
98,1407,1505,0.15054627634694237
96,1398,1494,0.15053302500851515
93,1404,1497,0.1505264484495863
95,1411,1506,0.1505285456684653
94,1408,1502,0.15052563064383598
94,1426,1520,0.15052548005628652
96,1407,1503,0.15052467467391872
94,1424,1518,0.15051911616382582
94,1427,1521,0.15051925657103596
96,1424,1520,0.15052099298581564
97,1416,1513,0.15051853375708088
99,1427,1526,0.15051340438646163
99,1417,1516,0.15050392262685827
98,1425,1523,0.15049552493145335
96,1424,1520,0.15049125488304263
94,1432,1526,0.1504920700739415
95,1420,1515,0.15049869895631487
99,1408,1507,0.150500929085395
94,1414,1508,0.15049254147481242
92,1417,1509,0.15049827510664518
90,1414,1504,0.1505091659750807
88,1426,1514,0.1505237656588634
87,1429,1516,0.1505419266525147
88,1421,1509,0.1505617235310038
89,1422,1511,0.1505786776498267
89,1422,1511,0.1505922244808353
90,1435,1525,0.15060484556031958
88,1440,1528,0.15061404154039754
88,1427,1515,0.15062483633986454
89,1422,1511,0.150633999676744
91,1429,1520,0.15064048014375284
90,1430,1520,0.15064143630313295
87,1437,1524,0.15064591288460336
85,1433,1518,0.15065767820763515
84,1444,1528,0.15067375177190034
82,1426,1508,0.15069126151530593
83,1422,1505,0.1507131884416922
77,1424,1501,0.150730048346272
78,1442,1520,0.15076006640046014
73,1434,1507,0.15078686325783802
72,1424,1496,0.15082429319782084
76,1438,1514,0.15086238962597107
76,1436,1512,0.1508866938358629
77,1445,1522,0.15091050957025437
79,1443,1522,0.15092910551830102
82,1447,1529,0.15094104213253193
80,1444,1524,0.1509442428356758
78,1431,1509,0.1509526712175636
78,1432,1510,0.15096664804856125
79,1430,1509,0.15097876934057208
77,1423,1500,0.15098802982765766
77,1427,1504,0.15100236058554084
77,1429,1506,0.15101506242692056
78,1426,1504,0.1510269938444283
78,1408,1486,0.15103526899362127
81,1423,1504,0.15104206024306024
81,1432,1513,0.15104111702555656
79,1430,1509,0.15104034105163847
78,1424,1502,0.1510438618100383
75,1429,1504,0.151050679144169
78,1432,1510,0.15106432631393357
79,1430,1509,0.15106823407941275
75,1446,1521,0.15107065731968877
77,1440,1517,0.15108331746106152
79,1427,1506,0.15108900366187214
81,1434,1515,0.15108896314771464
79,1431,1510,0.1510852648232522
78,1433,1511,0.15108713458555478
76,1438,1514,0.1510923166743736
79,1436,1515,0.15110204795181278
79,1420,1499,0.15110263704948018
77,1413,1490,0.151103013461949
75,1436,1511,0.1511090900240736
77,1440,1517,0.15112029811867367
76,1442,1518,0.15112527659942251
77,1450,1527,0.151132346652447
76,1443,1519,0.151137902538392
74,1445,1519,0.15114631618227745
69,1453,1522,0.1511591886694978
68,1441,1509,0.15118361867235353
71,1442,1513,0.15121031198145002
72,1440,1512,0.1512270418945976
73,1434,1507,0.15123984304086863
71,1432,1503,0.1512483134028305
69,1437,1506,0.15126155378992284
69,1437,1506,0.15127946154034774
69,1437,1506,0.1512956353657261
68,1437,1505,0.15131053726630225
67,1433,1500,0.15132758446446326
65,1436,1501,0.15134592707506336
68,1440,1508,0.15136822052292392
67,1449,1516,0.151380390234282
68,1438,1506,0.1513948521197011
68,1426,1494,0.15140595795430697
68,1428,1496,0.15141721873672462
66,1448,1514,0.1514276816687156
64,1453,1517,0.15144181957211175
65,1465,1530,0.15146040799925098
64,1468,1532,0.15147421747244905
64,1474,1538,0.1514890726682141
65,1463,1528,0.15150173646635673
61,1464,1525,0.15151133786762658
58,1454,1512,0.15152974293797972
54,1449,1503,0.15155438834205112
54,1457,1511,0.15158804656645178
50,1466,1516,0.15162005953776905
48,1469,1517,0.15165939044223176
47,1467,1514,0.1517011813299781
46,1455,1501,0.15174319676657586
46,1446,1492,0.15178433397160343
44,1466,1510,0.15182252999708803
44,1474,1518,0.15186330730710526
47,1460,1507,0.1519013598296949
46,1466,1512,0.15192928633223313
47,1461,1508,0.15195793146727707
47,1459,1506,0.15198282289689383
45,1462,1507,0.15200677241835828
47,1462,1509,0.15203432907003786
47,1474,1521,0.15205489518391851
47,1466,1513,0.15207475485550848
46,1469,1515,0.15209300975125534
47,1470,1517,0.1521122474686617
44,1481,1525,0.15212735295958857
43,1487,1530,0.15214881361174235
43,1486,1529,0.15217157744620624
42,1478,1520,0.1521924341927552
42,1475,1517,0.15221376722932678
42,1467,1509,0.15223394688799385
41,1477,1518,0.15225340611696936
41,1487,1528,0.15227253676293995
42,1485,1527,0.15229077817513983
39,1472,1511,0.15230526683073817
39,1475,1514,0.15232582376694567
40,1477,1517,0.15234574942593843
41,1469,1510,0.1523617430362422
39,1476,1515,0.15237432082413715
38,1468,1506,0.15239038035381555
38,1483,1521,0.15240828343231083
36,1486,1522,0.15242568181458777
37,1485,1522,0.15244691402194463
37,1485,1522,0.15246200319222122
38,1486,1524,0.1524768786023903
37,1484,1521,0.15248824280179538
38,1489,1527,0.15250222940696256
38,1483,1521,0.15251170321711327
38,1479,1517,0.15252071364407957
37,1475,1512,0.15252788758167804
36,1480,1516,0.15253764419303364
36,1482,1518,0.15254989775813455
36,1481,1517,0.15256208395737683
39,1477,1516,0.1525741410731245
39,1482,1521,0.15257756735959327
40,1469,1509,0.15258038159039766
41,1466,1507,0.15258112168050317
41,1481,1522,0.152579249449489
39,1476,1515,0.15257823522414196
38,1484,1522,0.1525826729904437
41,1482,1523,0.15258868954981775
43,1481,1524,0.1525864997721403
43,1491,1534,0.15257904134987638
43,1490,1533,0.15257287356181598
41,1477,1518,0.1525678373134013
42,1480,1522,0.1525688312023478
41,1472,1513,0.15256703493040968
39,1485,1524,0.15256746851359637
40,1482,1522,0.15257277100055278
37,1465,1502,0.15257607496597628
38,1474,1512,0.1525866227893389
38,1475,1513,0.15259450161134425
40,1478,1518,0.152602294742104
40,1472,1512,0.15260277086056231
37,1474,1511,0.15260274768419463
36,1506,1542,0.15261082507502308
37,1491,1528,0.1526211071351487
35,1487,1522,0.15262786494120736
36,1480,1516,0.15263907385551423
37,1491,1528,0.15264768980212232
36,1484,1520,0.15265398244089973
36,1479,1515,0.15266248994899262
36,1488,1524,0.15266987673470464
34,1484,1518,0.15267722867388833
32,1476,1508,0.15268887447669477
30,1471,1501,0.1527044434661212
30,1482,1512,0.15272367229763603
29,1483,1512,0.15274129118589508
29,1489,1518,0.15276080492730715
29,1493,1522,0.15277937153459764
29,1481,1510,0.1527968691353174
30,1499,1529,0.15281335702134224
29,1474,1503,0.15282577613463555
29,1477,1506,0.1528398857110147
30,1480,1510,0.15285311979857982
31,1498,1529,0.15286255058069403
30,1486,1516,0.15286851660975484
31,1494,1525,0.15287696707262566
31,1485,1516,0.1528822847924099
32,1491,1523,0.1528876721901696
33,1476,1509,0.1528888036228857
34,1470,1504,0.15288778349145982
33,1478,1511,0.15288501874900767
34,1480,1514,0.1528839799916463
34,1483,1517,0.15288030767085709
34,1492,1526,0.15287745508701067
34,1480,1514,0.15287476478385265
32,1486,1518,0.15287277568767793
33,1495,1528,0.15287603940278552
30,1504,1534,0.1528752319425553
29,1502,1531,0.15288178390127258
27,1493,1520,0.15289111961054438
29,1480,1509,0.152904612960368
29,1486,1515,0.1529121682222342
29,1495,1524,0.15291970041493444
29,1493,1522,0.15292683815038283
28,1505,1533,0.1529339279593806
26,1489,1515,0.1529430969667782
25,1489,1514,0.1529563561331839
25,1493,1518,0.15297127851263911
23,1489,1512,0.15298554984872745
23,1488,1511,0.15300248922302892
24,1489,1513,0.15301787174322057
23,1487,1510,0.15302941146981713
23,1483,1506,0.1530428564242028
23,1472,1495,0.15305587410997432
23,1479,1502,0.15306845250075407
22,1466,1488,0.15307952812527945
20,1489,1509,0.15309343505938902
20,1486,1506,0.15311120753231955
20,1491,1511,0.1531281199851391
19,1499,1518,0.1531442030368861
19,1502,1521,0.15316166636108366
19,1505,1524,0.1531782283394321
19,1508,1527,0.1531939279350266
20,1501,1521,0.15320880329541095
19,1495,1514,0.1532200124547132
19,1480,1499,0.15323287907560318
20,1481,1501,0.15324512171242805
21,1492,1513,0.15325363111717752
20,1496,1516,0.15325858918006754
19,1493,1512,0.15326558164723925
19,1500,1519,0.1532747248276849
18,1488,1506,0.15328356447177602
18,1493,1511,0.15329413686212634
18,1474,1492,0.1533042843351711
20,1484,1504,0.15331401153836943
20,1487,1507,0.1533168525121669
20,1472,1492,0.15331879804388215
19,1482,1501,0.15332106220791197
18,1483,1501,0.15332463521585538
19,1480,1499,0.15333144253309208
19,1490,1509,0.15333469261298707
19,1512,1531,0.1533381797961134
18,1492,1510,0.1533418474810318
18,1486,1504,0.1533467350968214
17,1494,1511,0.15335175078128518
18,1496,1514,0.15335904636176315
15,1501,1516,0.15336298227580286
15,1518,1533,0.1533742765110407
16,1508,1524,0.15338519513818805
16,1515,1531,0.15339245952393799
15,1493,1508,0.15339964267123254
14,1496,1510,0.15340887576455325
11,1483,1494,0.15342004268332282
12,1492,1504,0.15343701861876943
12,1506,1518,0.15345083789428918
12,1503,1515,0.15346407521644545
12,1506,1518,0.15347674079189683
12,1502,1514,0.15348884665677295
12,1493,1505,0.15350040632728237
12,1492,1504,0.15351143449469767
14,1500,1514,0.15352194675977282
15,1500,1515,0.15352545703301979
15,1505,1520,0.1535258335630213
15,1495,1510,0.15352659621732415
16,1490,1506,0.15352768182782095
16,1490,1506,0.15352577410445228
15,1489,1504,0.15352438941181773
16,1482,1498,0.15352562221570343
15,1497,1512,0.15352383860247973
15,1504,1519,0.15352474047695572
15,1503,1518,0.15352595375503542
14,1507,1521,0.1535274238820608
14,1504,1518,0.15353161522973222
14,1502,1516,0.15353578808575213
14,1488,1502,0.15353992056113483
15,1500,1515,0.15354292781377826
15,1512,1527,0.15354277499043106
15,1505,1520,0.15354298973577687
16,1504,1520,0.15354351517660075
16,1505,1521,0.15354103351936096
16,1508,1524,0.15353907424884222
16,1502,1518,0.15353756988812461
16,1514,1530,0.15353646049462052
15,1508,1523,0.15353569287236696
14,1505,1519,0.1535378586177646
14,1513,1527,0.15354223706129644
15,1496,1511,0.15354650980945186
15,1495,1510,0.1535473981709342
16,1505,1521,0.15354846991834809
15,1494,1509,0.15354666421325033
15,1489,1504,0.15354746779158582
16,1499,1515,0.153548467308392
16,1506,1522,0.15354673696863513
14,1496,1510,0.15354538290555184
12,1501,1513,0.15354891876452892
11,1511,1522,0.1535568087432429
10,1497,1507,0.15356699953900044
9,1497,1506,0.15357886220603467
8,1494,1502,0.15359228319845575
8,1495,1503,0.15360715001275815
8,1502,1510,0.15362119866287233
7,1509,1516,0.15363447052249857
7,1515,1522,0.1536492235016272
7,1511,1518,0.15366313636048054
7,1515,1522,0.1536762545549039
7,1506,1513,0.15368862132943778
9,1510,1519,0.1537002777977377
8,1504,1512,0.15370484906248583
7,1506,1513,0.1537116688763702
7,1515,1522,0.15372044828879441
7,1503,1510,0.15372887510332423
8,1494,1502,0.15373695331587844
8,1504,1512,0.15374143688888217
8,1501,1509,0.15374588758115973
7,1498,1505,0.15375028435694327
8,1490,1498,0.15375726217558128
8,1506,1514,0.15376066936934768
7,1491,1498,0.15376409407562416
7,1498,1505,0.15376999545364398
6,1503,1509,0.15377458871366825
6,1505,1511,0.15378130765335468
6,1508,1514,0.15378783917603314
7,1510,1517,0.15379417321147262
6,1503,1509,0.153797196489807
6,1503,1509,0.1538029434074539
6,1499,1505,0.15380852263490102
5,1503,1508,0.15381392677898567
4,1511,1515,0.15382194003528127
4,1521,1525,0.15383171472874346
4,1522,1526,0.15384096064815392
4,1520,1524,0.1538497035634193
4,1505,1509,0.153857968298363
3,1501,1504,0.15386577872788115
3,1509,1512,0.15387544500265515
3,1508,1511,0.15388455150689723
3,1507,1510,0.15389312962597365
3,1506,1509,0.15390120909025387
4,1507,1511,0.1539088180513935
4,1514,1518,0.1539127100097896
3,1504,1507,0.15391648913258202
3,1506,1509,0.1539223167465129
3,1497,1500,0.15392789161962483
3,1515,1518,0.1539332193040573
3,1507,1510,0.15393830596408456
3,1521,1524,0.15394315824691493
3,1513,1516,0.1539477831702587
3,1516,1519,0.1539521880247825
3,1508,1511,0.15395638028976347
3,1517,1520,0.15396036756043677
4,1518,1522,0.15396415748568879
4,1510,1514,0.153964546854893
4,1521,1525,0.15396505016282494
4,1514,1518,0.15396564716287306
4,1511,1515,0.1539663201294511
4,1513,1517,0.15396705357971713
4,1516,1520,0.15396783402432887
4,1519,1523,0.15396864974429442
4,1513,1517,0.15396949059127077
4,1506,1510,0.15397034780892713
4,1508,1512,0.1539712138732274
5,1507,1512,0.15397208234970008
5,1495,1500,0.15396967480843363
5,1497,1502,0.1539675653649108
5,1505,1510,0.15396572120379806
5,1523,1528,0.15396411292816534
5,1517,1522,0.15396271421372246
5,1513,1518,0.15396150149744706
6,1490,1496,0.15396045369721723
6,1494,1500,0.15395627440288281
6,1493,1499,0.15395253091775152
6,1505,1511,0.15394917930734792
5,1502,1507,0.15394617998232005
5,1516,1521,0.15394567346220708
5,1508,1513,0.15394531933537114
4,1503,1507,0.15394509669545964
5,1495,1500,0.15394741808093287
5,1503,1508,0.153946391576718
5,1501,1506,0.15394559283808143
5,1489,1494,0.1539449920813607
5,1505,1510,0.1539445628703148
5,1506,1511,0.15394428176438343
5,1518,1523,0.15394412800263244
5,1515,1520,0.15394408321983616
5,1511,1516,0.15394413119149558
6,1515,1521,0.15394425760490704
6,1500,1506,0.1539411930482507
6,1514,1520,0.15393848777631947
6,1519,1525,0.15393610332827923
6,1510,1516,0.15393400517884825
6,1521,1527,0.15393216234545018
6,1511,1517,0.15393054703402062
6,1510,1516,0.1539291343196973
5,1515,1520,0.15392790185898844
5,1500,1505,0.15392906984154103
6,1488,1494,0.15393023575239936
6,1492,1498,0.1539281229008744
6,1503,1509,0.15392630144345046
5,1498,1503,0.1539247379024448
5,1523,1528,0.1539263805819107
5,1524,1529,0.15392796519643193
5,1519,1524,0.15392949124562083
5,1503,1508,0.15393095864794548
5,1497,1502,0.15393236767784013
5,1496,1501,0.15393371891024457
5,1503,1508,0.15393501317177322
5,1514,1519,0.1539362514977969
5,1525,1530,0.15393743509479438
5,1524,1529,0.1539385653073969
5,1523,1528,0.15393964358960915
4,1517,1521,0.15394067147974322
4,1505,1509,0.15394389079675752
4,1510,1514,0.1539469189429932
4,1507,1511,0.15394976701881063
4,1494,1498,0.15395244550540774
4,1496,1500,0.1539549642967447
4,1504,1508,0.15395733273010195
4,1512,1516,0.15395955961529773
4,1520,1524,0.153961653262595
4,1517,1521,0.15396362150933204
4,1513,1517,0.15396547174531125
4,1528,1532,0.15396721093698573
4,1518,1522,0.153968845650481
4,1502,1506,0.15397038207349384
4,1494,1498,0.15397182603610773
4,1516,1520,0.15397318303056667
4,1502,1506,0.15397445823004777
3,1522,1525,0.15397565650647388
3,1518,1521,0.1539778396301859
3,1523,1526,0.15397999756927938
3,1524,1527,0.1539821213802533
3,1517,1520,0.1539842036819976
3,1514,1517,0.15398623846184126
4,1507,1511,0.15398822090299988
5,1526,1531,0.1539868884021779
5,1517,1522,0.15398323875004055
5,1514,1519,0.15397999876444354
5,1516,1521,0.153977125441667
5,1519,1524,0.15397458013580448
6,1521,1527,0.1539723281259383
5,1502,1507,0.1539670684936787
5,1505,1510,0.1539645137071299
5,1508,1513,0.15396231353633116
5,1503,1508,0.15396042714256716
5,1503,1508,0.15395881803331524
5,1497,1502,0.15395745361802518
5,1514,1519,0.15395630480828537
5,1519,1524,0.15395534565799882
5,1503,1508,0.15395455303962133
5,1496,1501,0.15395390635289913
5,1506,1511,0.15395338726289318
5,1509,1514,0.15395297946439207
6,1503,1509,0.1539526684700987
7,1501,1508,0.15394925603246404
8,1495,1503,0.15394294973974915
8,1500,1508,0.15393401791608077
8,1499,1507,0.1539259618877407
8,1496,1504,0.15391869655988694
8,1492,1500,0.15391214505851075
9,1503,1512,0.15390623793912203
9,1499,1508,0.15389777043751796
9,1502,1511,0.1538901133901922
9,1507,1516,0.15388318919151317
9,1492,1501,0.1538769276688956
10,1505,1515,0.1538712653707587
10,1501,1511,0.15386287346027147
10,1508,1518,0.1538552775682636
10,1489,1499,0.15384840203663638
11,1492,1503,0.15384217840730155
11,1500,1511,0.15383328185306483
11,1500,1511,0.15382522491261685
11,1516,1527,0.15381792807865996
11,1492,1503,0.15381131938931944
10,1501,1511,0.15380533371105554
10,1503,1513,0.15380207433815316
11,1502,1513,0.15379816595481308
11,1500,1511,0.1537924420961965
11,1490,1501,0.1537873176172608
11,1493,1504,0.15378273201012357
11,1508,1519,0.15377863074679038
11,1507,1518,0.15377496469575744
10,1507,1517,0.1537716895950727
10,1513,1523,0.1537710239435124
11,1512,1523,0.15377052586824405
12,1497,1509,0.1537668990804082
12,1501,1513,0.15376044624179452
12,1507,1519,0.1537546823899164
12,1506,1518,0.15374953702957683
12,1513,1525,0.15374494670501393
12,1512,1524,0.15374085430718845
11,1500,1511,0.15373720844861988
11,1509,1520,0.15373612520087407
12,1508,1520,0.15373526872103105
12,1508,1520,0.1537323114586157
12,1508,1520,0.15372967879681923
12,1509,1521,0.1537273370280051
12,1507,1519,0.1537252558392541
12,1503,1515,0.1537234079766132
11,1504,1515,0.15372176894218434
11,1513,1524,0.1537224739437016
12,1499,1511,0.15372321368730182
13,1496,1509,0.1537216868670558
13,1499,1512,0.1537170767236076
15,1487,1502,0.153712923399412
15,1497,1512,0.15370268185218033
15,1510,1525,0.15369341895871091
17,1501,1518,0.15368504110036582
17,1509,1526,0.15367094505924833
17,1509,1526,0.15365818281517865
17,1506,1523,0.1536466279001041
18,1507,1525,0.15363616585358988
17,1503,1520,0.15362343279345544
17,1515,1532,0.15361408052978143
17,1502,1519,0.15360568083204673
15,1496,1511,0.15359813920541593
15,1491,1506,0.15359570448093215
15,1487,1502,0.1535936966455227
16,1485,1501,0.153592062640608
16,1495,1511,0.15358729782328345
16,1501,1517,0.15358315348570506
16,1503,1519,0.15357955991063116
16,1499,1515,0.1535764547045349
17,1496,1513,0.15357378205542516
16,1488,1504,0.1535682109394199
16,1498,1514,0.15356552591238296
17,1491,1508,0.15356327026598443
17,1492,1509,0.1535587982645348
17,1492,1509,0.15355485856054163
16,1493,1509,0.15355139357184586
15,1494,1509,0.15355050287728095
15,1503,1518,0.15355257061546584
13,1510,1523,0.15355463354660606
14,1505,1519,0.15356095859583904
14,1513,1527,0.15356479067991863
14,1513,1527,0.15356848581038085
13,1518,1531,0.15357204286414827
12,1523,1535,0.15357764627844697
11,1506,1517,0.15358512030127908
11,1497,1508,0.153594391645284
12,1508,1520,0.1536031501663274
12,1518,1530,0.15360910049160614
12,1508,1520,0.15361474657303198
12,1509,1521,0.15362010112446445
13,1509,1522,0.15362517665747374
13,1498,1511,0.15362671218413723
15,1499,1514,0.15362829877350329
15,1504,1519,0.15362457939750976
15,1494,1509,0.15362130392535364
15,1496,1511,0.15361842431087488
16,1494,1510,0.15361589746160326
16,1495,1511,0.15361040365992312
16,1496,1512,0.15360549613651953
16,1488,1504,0.15360111484923078
16,1492,1508,0.15359720576338667
15,1479,1494,0.15359372025900486
16,1485,1501,0.15359276076648798
16,1488,1504,0.15358874564738706
16,1496,1512,0.1535852181441784
17,1497,1514,0.1535821250884975
17,1497,1514,0.15357614180342646
17,1510,1527,0.15356967852819875
17,1500,1517,0.1535639744175583
17,1508,1525,0.15355894781060436
17,1508,1525,0.15355452544663017
16,1513,1529,0.15354969155980747
15,1507,1522,0.1535476470481945
15,1515,1530,0.15354819919542279
14,1524,1538,0.1535489907839824
13,1514,1527,0.15355217966348936
14,1512,1526,0.15355754556843806
16,1502,1518,0.15356045183433772
16,1496,1512,0.15355746658273547
16,1497,1513,0.153554992262081
16,1499,1515,0.15355296592071893
16,1500,1516,0.15355133151458544
17,1502,1519,0.15355003919008745
17,1505,1522,0.1535458096524554
16,1513,1529,0.15354214112019107
17,1516,1533,0.15354113294115984
18,1508,1526,0.15353820091581524
18,1500,1518,0.1535324253853348
17,1501,1518,0.15352617746869696
17,1496,1513,0.1535228720213736
15,1491,1506,0.15352012217863067
15,1494,1509,0.15352220149874493
15,1497,1512,0.1535246182647353
17,1499,1516,0.15352712835013596
17,1492,1509,0.15352410185085008
17,1490,1507,0.15352158120016635
19,1483,1502,0.15351950454934815
22,1485,1507,0.15351128616715784
21,1494,1515,0.15349543730241183
22,1503,1525,0.15348271687270004
22,1502,1524,0.15346810181175305
23,1495,1518,0.15345503731183743
22,1490,1512,0.15344010828655436
22,1498,1520,0.15342910224795023
22,1498,1520,0.15341933130845561
20,1494,1514,0.15341056343227788
18,1494,1512,0.15340772730784408
17,1492,1509,0.15341018505362516
16,1499,1515,0.1534149608148133
16,1497,1513,0.15342188008093585
15,1505,1520,0.1534281002440248
16,1494,1510,0.1534356601375822
16,1506,1522,0.15344069137678262
15,1496,1511,0.15344571542579669
15,1508,1523,0.15345309618792405
14,1501,1515,0.15346024984183512
14,1499,1513,0.15346948274282382
14,1508,1522,0.15347815356790437
14,1504,1518,0.15348646256600984
13,1496,1509,0.15349441567109623
13,1508,1521,0.15350417380947118
12,1514,1526,0.15351345938768612
11,1513,1524,0.15352454256314296
11,1500,1511,0.15353719580636935
12,1502,1514,0.15354916007095085
12,1501,1513,0.15355817723399595
12,1506,1518,0.15356624669855218
11,1499,1510,0.15357394365580268
11,1500,1511,0.1535835036066444
11,1489,1500,0.15359256960202206
12,1472,1484,0.15360116292266152
11,1475,1486,0.15360680738731522
12,1487,1499,0.15361466870479218
12,1505,1517,0.1536195985093746
12,1501,1513,0.15362431561581352
12,1510,1522,0.15362882445608247
11,1524,1535,0.1536331300162345
11,1510,1521,0.15363941896956304
11,1512,1523,0.1536453808892645
11,1513,1524,0.15365103015830006
11,1518,1529,0.15365638082452412
11,1504,1515,0.15366144656862357
11,1509,1520,0.1536662406790758
10,1503,1513,0.1536707760332101
10,1510,1520,0.15367722271455217
9,1510,1519,0.15368330455971438
8,1511,1519,0.1536912073693977
8,1511,1519,0.15370081529112484
8,1518,1526,0.15370985850951788
8,1515,1523,0.15371836935409242
8,1510,1518,0.15372637838970976
8,1492,1500,0.153733914504038
8,1501,1509,0.15374100499163262
8,1513,1521,0.15374767563465414
8,1504,1512,0.1537539507802574
8,1495,1503,0.1537598534147016
8,1501,1509,0.15376540523424123
8,1511,1519,0.15377062671286904
8,1512,1520,0.15377553716698955
7,1508,1515,0.1537801548171064
8,1509,1517,0.15378665396926372
8,1518,1526,0.15379053497561176
8,1520,1528,0.15379419085459892
8,1520,1528,0.15379763419865708
8,1509,1517,0.15380087694319522
7,1515,1522,0.15380393039590454
7,1508,1515,0.153808967119052
7,1504,1511,0.15381370347062553
8,1506,1514,0.15381815704352203
9,1512,1521,0.15381908659139287
9,1513,1522,0.15381765333565872
8,1511,1519,0.15381643182551183
8,1510,1518,0.15381755719877316
8,1510,1518,0.1538187163914674
8,1508,1516,0.15381989741954502
8,1512,1520,0.15382108998908298
8,1505,1513,0.15382228530056175
7,1518,1525,0.1538234758740212
8,1520,1528,0.15382679963917376
8,1508,1516,0.1538267285093381
8,1505,1513,0.15382681830771308
8,1488,1496,0.15382704413349035
8,1489,1497,0.15382738405462643
8,1501,1509,0.15382781878760393
8,1512,1520,0.1538283314100688
9,1493,1502,0.15382890710305888
9,1506,1515,0.1538262830288293
9,1513,1522,0.15382400158396378
9,1519,1528,0.15382202439082387
9,1514,1523,0.15382031708403243
8,1520,1528,0.1538188489060417
8,1525,1533,0.15381977643425807
9,1504,1513,0.15382075567292808
9,1515,1524,0.15381851086457357
9,1504,1513,0.15381659665440583
9,1504,1513,0.15381497413826847
9,1499,1508,0.1538136085952232
10,1498,1508,0.1538124690576982
10,1484,1494,0.1538082859621296
9,1481,1490,0.15380457845938975
9,1506,1515,0.1538034616421178
10,1520,1530,0.15380259347401024
10,1494,1504,0.15379869820102937
10,1502,1512,0.15379529102233966
10,1523,1533,0.153791783420607
10,1528,1538,0.1537887449949701
9,1526,1535,0.1537850310000898
9,1499,1508,0.15378406682517606
9,1501,1510,0.15378324256946455
9,1501,1510,0.1537827387138438
10,1509,1519,0.1537825094755965
10,1497,1507,0.15377941356258973
10,1500,1510,0.15377679531608823
9,1503,1512,0.15377459760658302
9,1500,1509,0.15377491816687588
9,1496,1505,0.15377543313065212
9,1509,1518,0.15377610991296303
8,1497,1505,0.153776919921632
9,1508,1517,0.15378003206686433
9,1523,1532,0.15377981437236252
9,1518,1527,0.15377984278548798
8,1516,1524,0.15378007979706296
8,1510,1518,0.15378265088268206
7,1510,1517,0.1537852374513092
7,1511,1518,0.15379012202243525
8,1513,1521,0.15379483568165098
8,1511,1519,0.1537969613159025
7,1518,1525,0.15379908506333934
7,1513,1520,0.15380335107699494
5,1510,1515,0.15380746202002668
5,1514,1519,0.1538161743369344
5,1521,1526,0.153824402086011
6,1518,1524,0.15383217030371396
6,1518,1524,0.15383625761486844
5,1517,1522,0.15384023426387536
6,1517,1523,0.1538463361189302
6,1517,1523,0.15384986374869442
6,1511,1517,0.1538532855194718
4,1503,1507,0.15385659735243823
5,1505,1510,0.15386418467752302
5,1507,1512,0.15386909444399113
5,1495,1500,0.1538737859136565
5,1489,1494,0.15387826464376456
5,1492,1497,0.15388253659640988
5,1504,1509,0.15388660804237544
5,1499,1504,0.15389048547771358
4,1522,1526,0.15389417555162832
4,1530,1534,0.15389990648469795
4,1507,1511,0.1539053225000397
4,1517,1521,0.15391043943866614
4,1517,1521,0.1539152725025817
4,1509,1513,0.15391983626197686
4,1523,1527,0.15392414466506976
4,1514,1518,0.15392821105013357
5,1518,1523,0.1539320481593057
5,1515,1520,0.15393239417598925
5,1522,1527,0.15393284063762155
6,1518,1524,0.15393336963365692
6,1518,1524,0.15393069277729104
6,1519,1525,0.1539283748402746
6,1520,1526,0.15392637496568212
6,1518,1524,0.15392465662692392
6,1519,1525,0.15392318718543652
6,1520,1526,0.1539219374926221
6,1524,1530,0.15392088153166433
7,1520,1527,0.1539199960952761
7,1524,1531,0.15391600443593412
7,1518,1525,0.15391244815699553
8,1511,1519,0.15390928214038538
8,1516,1524,0.15390319523779833
8,1517,1525,0.15389772725412942
8,1509,1517,0.15389201209340223
8,1516,1524,0.1538869264999303
8,1508,1516,0.15388240513970294
8,1507,1515,0.1538783892458543
7,1512,1519,0.1538748259705365
8,1503,1511,0.15387422024603634
7,1508,1515,0.15387118592360152
8,1492,1500,0.15387077037035518
8,1507,1515,0.15386725005661694
8,1513,1521,0.1538641973491901
9,1511,1520,0.1538604136458535
8,1499,1507,0.1538539843970335
9,1496,1505,0.15385073767777882
9,1498,1507,0.15384472724994175
9,1496,1505,0.15383861140618926
10,1496,1506,0.15383329222844183
9,1500,1509,0.15382539867916611
9,1506,1515,0.15382060933434066
9,1500,1509,0.15381652152892028
9,1502,1511,0.15381305288879438
9,1506,1515,0.1538101298874449
10,1517,1527,0.1538076869372717
9,1518,1527,0.15380239084731945
9,1525,1534,0.15380022029277254
9,1517,1526,0.15379847242735376
9,1526,1535,0.15379709331903543
9,1534,1543,0.15379603505157388
8,1523,1531,0.1537952550937786
7,1519,1526,0.15379711995286185
7,1502,1509,0.1538011765427517
7,1494,1501,0.15380512427001353
8,1491,1499,0.15380895631781585
7,1504,1511,0.15381031504081988
8,1499,1507,0.1538138941344182
7,1506,1513,0.1538151095150242
8,1507,1515,0.15381860653449564
8,1500,1508,0.15381769433932121
8,1519,1527,0.15381712174215945
8,1519,1527,0.1538168406155943
8,1505,1513,0.15381680841112252
8,1518,1526,0.15381698756417578
8,1512,1520,0.15381734495996077
8,1508,1516,0.1538178514540466
7,1499,1506,0.1538184814422263
7,1503,1510,0.15382185469408202
8,1503,1511,0.15382510219979312
9,1492,1501,0.1538249562589813
9,1499,1508,0.15382183659358958
9,1512,1521,0.15381915833210044
9,1502,1511,0.15381687052710866
8,1499,1507,0.1538149276353321
9,1489,1498,0.15381547331772208
11,1510,1521,0.1538128998074031
11,1517,1528,0.153804194696236
10,1502,1512,0.1537964645421698
9,1496,1505,0.15379191741633894
8,1496,1504,0.1537902020629706
8,1502,1510,0.15379107443266032
8,1504,1512,0.15379217571318488
9,1490,1499,0.15379346492171073
10,1498,1508,0.15379165261248626
10,1503,1513,0.15378699124405404
12,1512,1524,0.15378300455188085
12,1505,1517,0.15377306312303227
12,1509,1521,0.15376426046343464
12,1514,1526,0.15375647610486953
11,1500,1511,0.1537496018139164
11,1496,1507,0.15374644532153214
11,1495,1506,0.15374376585679503
11,1485,1496,0.15374150694673688
11,1489,1500,0.15373961819652282
10,1495,1505,0.15373805466542032
9,1500,1509,0.15373900130990922
10,1511,1521,0.15374221583793182
10,1524,1534,0.1537431517128919
11,1525,1536,0.1537441715342069
11,1521,1532,0.15374199947511452
9,1500,1509,0.15374018134559317
10,1509,1519,0.15374297259970043
10,1520,1530,0.15374257805543876
11,1510,1521,0.15374171433523895
10,1503,1513,0.15373887099532502
11,1508,1519,0.1537394368901447
11,1506,1517,0.15373678690619244
11,1509,1520,0.1537345939529345
11,1494,1505,0.1537328017784717
11,1502,1513,0.15373026943356854
11,1500,1511,0.15372821315785035
11,1500,1511,0.15372657303117715
11,1492,1503,0.15372529575018062
10,1488,1498,0.15372433394081297
10,1502,1512,0.15372581004082156
10,1509,1519,0.15372739039511882
10,1512,1522,0.15372904996486286
8,1507,1515,0.1537307670316702
7,1498,1505,0.15373687444742923
7,1498,1505,0.15374510146780038
8,1491,1499,0.15375292069566185
8,1502,1510,0.15375798917947597
9,1481,1490,0.15376284443363558
9,1496,1505,0.15376423885972587
9,1498,1507,0.15376573210809347
10,1504,1514,0.1537673004646087
10,1500,1510,0.15376566410769318
10,1500,1510,0.15376436942157146
11,1503,1514,0.15376337250757052
11,1517,1528,0.15375941516856534
11,1510,1521,0.15375597971334112
11,1508,1519,0.15375300753315402
12,1498,1510,0.15375044614799788
12,1507,1519,0.15374529583064123
12,1504,1516,0.1537407232777155
11,1512,1523,0.15373666802072006
10,1511,1521,0.15373524656421733
9,1498,1507,0.15373673326482276
9,1502,1511,0.15374041733099494
8,1492,1500,0.1537439970352091
9,1492,1501,0.1537500145222964
9,1494,1503,0.15375246854507377
9,1513,1522,0.15375493478454783
8,1507,1515,0.15375739697144553
8,1505,1513,0.15376199937503457
9,1513,1522,0.15376644107336837
9,1511,1520,0.15376842579946215
9,1522,1531,0.15377040022974398
9,1514,1523,0.15377235437348807
9,1504,1513,0.1537742798667239
10,1506,1516,0.15377616977558276
10,1503,1513,0.1537747465397097
9,1507,1516,0.15377358352790776
11,1506,1517,0.15377480100986105
11,1505,1516,0.1537706144319898
11,1506,1517,0.15376692360650732
11,1510,1521,0.15376367527274656
11,1509,1520,0.1537608216236269
11,1506,1517,0.15375831976182117
12,1500,1512,0.15375613120932344
11,1500,1511,0.15375098152479058
12,1509,1521,0.15374852598568742
12,1513,1525,0.15374421716496
12,1501,1513,0.1537403694030629
12,1506,1518,0.15373693548727624
11,1507,1518,0.15373387292292168
11,1499,1510,0.1537332979657109
11,1506,1517,0.1537328906866976
11,1509,1520,0.15373262797302467
11,1513,1524,0.15373248937023118
11,1514,1525,0.1537324567993208
11,1509,1520,0.15373251430275792
11,1522,1533,0.1537326478165006
11,1515,1526,0.15373284496546352
11,1517,1528,0.15373309488006273
11,1505,1516,0.15373338803172473
10,1508,1518,0.1537337160854522
8,1507,1515,0.15373625151441112
8,1501,1509,0.15374315535360628
8,1511,1519,0.1537496607728645
8,1514,1522,0.1537557897780292
9,1515,1524,0.15376156326091056
8,1524,1532,0.15376374207337246
9,1514,1523,0.1537680484700358
10,1521,1531,0.15376999159071456
9,1510,1519,0.15376786993458155
8,1500,1508,0.15376867172940248
8,1507,1515,0.15377270413413505
6,1499,1505,0.15377659983265435
6,1507,1513,0.15378465276543002
5,1510,1515,0.15379230526294696
5,1507,1512,0.15380171788525257
6,1509,1515,0.1538106309756765
6,1523,1529,0.15381678567799434
5,1527,1532,0.15382263759867493
5,1510,1515,0.15383052145940052
5,1499,1504,0.15383796834320423
5,1506,1511,0.1538450005609452
6,1508,1514,0.153851639489193
6,1514,1520,0.1538552204654211
5,1522,1527,0.15385866251114586
5,1527,1532,0.15386411926543608
4,1528,1532,0.15386930922427675
4,1512,1516,0.15387653156520756
4,1515,1519,0.15388335591738117
4,1521,1525,0.15388980237762895
4,1522,1526,0.15389589022607866
4,1511,1515,0.15390163793600523
3,1527,1530,0.15390706318697903
3,1517,1520,0.15391432867502658
3,1527,1530,0.15392117435548675
3,1519,1522,0.15392762351053504
3,1516,1519,0.153933698231752
3,1507,1510,0.15393941947019465
3,1524,1527,0.15394480708562275
2,1519,1521,0.15394987989471381
2,1512,1514,0.15395679748691535
1,1511,1512,0.15396330552505486
1,1515,1516,0.15397166542461455
1,1516,1517,0.15397951966930504
1,1510,1511,0.15398689875774393
1,1508,1509,0.15399383135749548
1,1512,1513,0.15400034441416863
1,1518,1519,0.15400646325409734
1,1514,1515,0.1540122116809722
1,1505,1506,0.15401761206677198
0,1496,1496,0.15402268543732528
