1367,27,1394,0.1357959201376954
1404,29,1433,0.13295263575369398
1418,30,1448,0.13026334642149462
1427,31,1458,0.12778038797917055
1432,31,1463,0.12549896425878526
1432,32,1464,0.12341085426048277
1442,34,1476,0.12151468479250374
1440,35,1475,0.11976166256453387
1440,33,1473,0.11817081867817034
1431,35,1466,0.11672601409033559
1447,36,1483,0.11543563489241987
1439,36,1475,0.11421936367242375
1450,40,1490,0.11313352608218136
1449,42,1491,0.1121199670021014
1440,42,1482,0.11120330183162558
1450,42,1492,0.11038979116817864
1443,44,1487,0.10962759240566175
1449,45,1494,0.10895099762129061
1442,43,1485,0.10832262195284695
1450,43,1493,0.10776930975683474
1448,41,1489,0.1072486094575342
1445,43,1488,0.10677983829847132
1443,42,1485,0.10636087587287765
1448,43,1491,0.10598297271021824
1429,43,1472,0.10562823436581947
1450,42,1492,0.10534924903174427
1456,40,1496,0.10504893682221261
1448,41,1489,0.10476349717322783
1447,42,1489,0.10452184267528758
1437,43,1480,0.10430310920450936
1434,49,1483,0.10412711471233027
1441,50,1491,0.10397316807081822
1437,52,1489,0.10381739348273439
1443,54,1497,0.10368710747484229
1449,55,1504,0.10355608269320882
1448,53,1501,0.10342370119096522
1454,53,1507,0.10330602787875985
1451,52,1503,0.10318524615284158
1450,56,1506,0.10308219627812702
1452,54,1506,0.10299231650801037
1445,58,1503,0.1029036222975995
1438,57,1495,0.10283977940441316
1447,58,1505,0.10279904748564325
1449,60,1509,0.10274243893926456
1443,61,1504,0.10268717947233935
1446,62,1508,0.10265132556131024
1444,62,1506,0.10261392526685707
1433,62,1495,0.10258306838323117
1423,62,1485,0.10258091383441968
1437,62,1499,0.1026017407531759
1428,62,1490,0.10259084108512902
1427,59,1486,0.10260009956615482
1431,59,1490,0.10261182244563319
1440,60,1500,0.10261209088374841
1434,60,1494,0.1025933211403975
1446,60,1506,0.10259112140144769
1447,60,1507,0.10256005130582549
1440,61,1501,0.10252935012756101
1444,60,1504,0.10251829136529875
1438,65,1503,0.10250104155990016
1440,67,1507,0.10249992703457142
1430,66,1496,0.10249537591594535
1429,67,1496,0.10251498653182935
1431,68,1499,0.1025335324427071
1432,67,1499,0.10254539038022617
1429,68,1497,0.10255530660062004
1430,70,1500,0.10256967175597159
1431,72,1503,0.1025792025498926
1417,74,1491,0.10258778553429954
1413,74,1487,0.1026264472396581
1416,73,1489,0.10267268971589939
1416,76,1492,0.10270787232896988
1416,76,1492,0.1027394898234851
1418,77,1495,0.10276950747058067
1421,76,1497,0.10279248457030077
1422,75,1497,0.10281042155186354
1423,75,1498,0.10282265489361322
1411,71,1482,0.10283209573997185
1407,70,1477,0.10286726822414537
1403,70,1473,0.1029074791617515
1408,71,1479,0.10295205757327912
1407,71,1478,0.10298247412924041
1398,70,1468,0.10301259050290479
1412,71,1483,0.10305913694005372
1413,69,1482,0.10306987624578026
1422,68,1490,0.10307733996189553
1409,68,1477,0.10306181220092255
1403,66,1469,0.10307577545704494
1425,68,1493,0.10310433763422372
1419,66,1485,0.10308354289323812
1420,64,1484,0.1030773325922622
1430,66,1496,0.10306839252199237
1434,70,1504,0.1030390822589791
1425,71,1496,0.10300230707124981
1412,71,1483,0.10299112672027995
1418,71,1489,0.1030110415454858
1409,69,1478,0.10301492252175509
1426,68,1494,0.10303909719448519
1421,68,1489,0.10301872604543082
1426,69,1495,0.10301218425125748
1424,70,1494,0.10299717974059312
1407,72,1479,0.10298921618532027
1407,71,1478,0.10302055116977833
1414,76,1490,0.10304937195372783
1425,73,1498,0.10306031498367173
1424,71,1495,0.1030451606719978
1422,71,1493,0.10303259874280637
1412,73,1485,0.10302491749020369
1418,72,1490,0.10304113865012035
1430,70,1500,0.10304364213808298
1426,70,1496,0.10301857045473145
1435,71,1506,0.10300327628338135
1442,69,1511,0.10296671040094711
1441,68,1509,0.10292090297369257
1443,69,1512,0.10288071710067369
1436,70,1506,0.10283969892434795
1424,68,1492,0.10281892812673049
1437,72,1509,0.10282754462397813
1430,73,1503,0.1028084680346506
1414,73,1487,0.10280461298294714
1411,73,1484,0.10283785336814187
1420,73,1493,0.10287416871276932
1411,73,1484,0.10288751769195006
1433,73,1506,0.10292018249764422
1427,69,1496,0.10290243340436461
1423,69,1492,0.10289965858371605
1418,69,1487,0.10290568714100382
1409,73,1482,0.10292504496331166
1423,73,1496,0.10296533594384925
1422,72,1494,0.1029714432277046
1413,75,1488,0.10297893690163154
1422,77,1499,0.10300675851807721
1424,80,1504,0.10301042373127757
1427,80,1507,0.10300826194074363
1419,78,1497,0.1030009927311081
1432,80,1512,0.1030151612124181
1440,82,1522,0.10299724168619502
1431,82,1513,0.10296349257680511
1420,85,1505,0.10295495893258177
1414,89,1503,0.10297365472867835
1421,91,1512,0.10300647415818538
1422,90,1512,0.10302060110860378
1416,90,1506,0.10303053600719103
1410,92,1502,0.10305433325344665
1408,94,1502,0.10308801726404251
1417,96,1513,0.10312437222695231
1424,95,1519,0.10313523046086086
1415,96,1511,0.10312890164592126
1433,95,1528,0.10314636066016333
1408,94,1502,0.10312253102065441
1402,95,1497,0.10315566435213219
1403,92,1495,0.10320281837453109
1405,93,1498,0.10324430160937297
1403,94,1497,0.1032780344048276
1400,96,1496,0.10331424584151484
1402,96,1498,0.10335413136258431
1402,95,1497,0.10338831294786635
1403,95,1498,0.10341714486587002
1416,96,1512,0.10344014213955852
1405,98,1503,0.10343431898866634
1398,96,1494,0.10345495092206321
1385,96,1481,0.10348784333799387
1390,101,1491,0.10354916594367997
1392,105,1497,0.10359508883470442
1393,107,1500,0.1036324033297161
1380,103,1483,0.10366393475582282
1387,107,1494,0.10372189927956019
1390,108,1498,0.10376090250418443
1391,107,1498,0.10378887896602568
1387,107,1494,0.1038128365371446
1386,108,1494,0.10384533223328067
1390,104,1494,0.10387642028114452
1385,105,1490,0.10389573517769327
1385,102,1487,0.10392446284728393
1404,106,1510,0.10394830156318012
1386,107,1493,0.10392910238647417
1376,111,1487,0.10395057243906944
1381,112,1493,0.10399376505784785
1383,109,1492,0.10402364834257682
1368,109,1477,0.10404993091893136
1360,111,1471,0.10410920548305098
1372,115,1487,0.10418019304417137
1384,117,1501,0.10421827718032822
1379,121,1500,0.10422784701934491
1388,122,1510,0.10424854093220405
1378,122,1500,0.10424515376384168
1378,123,1501,0.10426432235211014
1373,123,1496,0.10428433539891685
1377,122,1499,0.10431700870335577
1389,121,1510,0.10433762472028235
1388,122,1510,0.10433117460533893
1375,125,1500,0.10432832966493955
1370,127,1497,0.10435505250439871
1373,129,1502,0.10439310301721089
1388,128,1516,0.1044216738644938
1389,127,1516,0.10441309572136027
1381,124,1505,0.1044025504849419
1383,126,1509,0.10440858914632997
1379,124,1503,0.10441115260042552
1368,128,1496,0.10442246461170733
1371,130,1501,0.1044577676424435
1370,130,1500,0.10448592310437727
1379,130,1509,0.10451595533773732
1387,130,1517,0.10452287594616298
1383,130,1513,0.10451152467227132
1377,130,1507,0.104506050916393
1368,128,1496,0.10451430527303993
1354,131,1485,0.10454384282900633
1352,133,1485,0.10460439800689628
1351,134,1485,0.10466398395096334
1375,133,1508,0.10472236964881844
1362,133,1495,0.10472091792051909
1362,140,1502,0.1047495946774421
1355,138,1493,0.10477695477044005
1353,135,1488,0.10481959952256294
1352,138,1490,0.10486259253891417
1348,141,1489,0.10490538596230425
1347,139,1486,0.10495067384208136
1362,139,1501,0.10499577874760573
1370,141,1511,0.10500151210162549
1364,136,1500,0.1049890255080285
1359,134,1493,0.10499090151458773
1345,134,1479,0.10500464336364866
1345,135,1480,0.105051839545388
1354,136,1490,0.10509424136655975
1362,136,1498,0.10511318764071213
1351,133,1484,0.10510980496999114
1344,133,1477,0.10513287746324725
1345,133,1478,0.10516978001793852
1354,137,1491,0.10520231857646384
1351,136,1487,0.10521057570630832
1360,135,1495,0.10522539512320175
1371,135,1506,0.10521916564785955
1369,134,1503,0.10518726361517011
1356,139,1495,0.10516246865004654
1359,138,1497,0.10516845381648281
1352,135,1487,0.10516825283996063
1362,135,1497,0.10518325417913701
1367,138,1505,0.10517531461283242
1366,137,1503,0.10515847909111073
1361,138,1499,0.10514518850061397
1369,138,1507,0.1051477953526993
1368,140,1508,0.10512996874620698
1373,142,1515,0.10511773640678068
1380,141,1521,0.10509398561108
1382,143,1525,0.10505646653753076
1378,142,1520,0.10501951142159971
1381,141,1522,0.10499295512692308
1360,142,1502,0.10496023051675923
1357,140,1497,0.10497872968497074
1358,140,1498,0.10500139723541249
1364,142,1506,0.10502055807383374
1366,144,1510,0.1050243377589982
1362,149,1511,0.10502486476322165
1358,146,1504,0.10503824804164424
1363,148,1511,0.10506173013183663
1356,147,1503,0.10507231501050583
1354,147,1501,0.10509926672059429
1350,147,1497,0.10512712561480018
1343,148,1491,0.10516019621156172
1356,154,1510,0.10520771167552433
1350,157,1507,0.10522096830821043
1342,158,1500,0.10524579547283736
1332,157,1489,0.10528758355829396
1333,152,1485,0.10534718926840618
1336,155,1491,0.10540135254781255
1329,164,1493,0.10544548922944483
1313,164,1477,0.10550145824765174
1304,163,1467,0.10559019643092965
1306,160,1466,0.10569271449359934
1322,156,1478,0.10578245413597091
1338,158,1496,0.10582610881780923
1343,158,1501,0.10582750127891143
1345,153,1498,0.10581576507518119
1346,156,1502,0.10580234621878465
1338,154,1492,0.1057879067531691
1337,156,1493,0.10579196066726256
1346,156,1502,0.10579847120897604
1351,154,1505,0.1057843944885501
1341,156,1497,0.10575780875177529
1333,160,1493,0.10575741288107665
1336,166,1502,0.10577542550146198
1329,166,1495,0.10578623665533954
1323,166,1489,0.10580995622868823
1312,169,1481,0.10584792327426815
1326,172,1498,0.1059082970104805
1317,173,1490,0.10593206961906908
1310,172,1482,0.10597618486711394
1315,167,1482,0.1060324127860243
1322,167,1489,0.10607154680080122
1313,163,1476,0.10609603340152375
1320,168,1488,0.10613835180890643
1323,168,1491,0.10616053107759091
1313,166,1479,0.1061765168476575
1311,168,1479,0.10621270433688179
1306,175,1481,0.10625385171035619
1308,181,1489,0.10630389492351161
1307,187,1494,0.10634688215210815
1314,183,1497,0.1063902012921552
1302,185,1487,0.10641673987582405
1302,191,1493,0.10646840884962519
1309,193,1502,0.10651535494927764
1309,188,1497,0.10654183041912546
1295,189,1484,0.10656331922065636
1294,191,1485,0.10661784005214163
1292,192,1484,0.10666904757721486
1305,188,1493,0.10671885967802115
1303,184,1487,0.10673548580902353
1315,176,1491,0.1067557684233672
1311,179,1490,0.10674862415618577
1317,178,1495,0.10674959740442143
1301,177,1478,0.1067343114947006
1307,178,1485,0.10675721665124654
1309,184,1493,0.10676306119176342
1299,183,1482,0.1067647636028828
1305,179,1484,0.10678774816611018
1323,183,1506,0.1067976441940742
1319,184,1503,0.1067661137754612
1311,185,1496,0.10674946702031818
1306,187,1493,0.1067533132544912
1311,186,1497,0.10676831032675235
1318,182,1500,0.10677214887304938
1325,181,1506,0.10676079919285524
1322,180,1502,0.10673707737018968
1308,184,1492,0.10672179347152416
1300,189,1489,0.10673904699831763
1296,188,1484,0.10677563065264659
1298,187,1485,0.10681581135223914
1293,193,1486,0.10685025469709312
1297,191,1488,0.10689027381261237
1304,192,1496,0.10691861112194503
1307,200,1507,0.1069306521081947
1306,199,1505,0.10693314250157858
1309,203,1512,0.1069382406027567
1306,200,1506,0.10693786554347053
1314,192,1506,0.10694508026745607
1318,195,1513,0.10693371332641789
1308,198,1506,0.10691162030502763
1300,199,1499,0.10691322784745803
1309,202,1511,0.10693210280332067
1291,200,1491,0.10693063055711068
1287,205,1492,0.10697064357354652
1288,204,1492,0.1070194581539029
1291,198,1489,0.10706384977077654
1285,202,1487,0.10709891664458414
1286,201,1487,0.10713963004321864
1278,207,1485,0.10717666512425549
1290,209,1499,0.10723073550352857
1285,210,1495,0.10725763504409828
1286,210,1496,0.1072949990961381
1289,208,1497,0.10732908435352356
1295,212,1507,0.10735199500813962
1289,209,1498,0.10735987789558717
1291,208,1499,0.10738183840266437
1284,208,1492,0.10739528279858784
1293,211,1504,0.10742407988017309
1301,212,1513,0.10743207980011661
1296,208,1504,0.10742206767497113
1292,199,1491,0.1074231361363676
1286,196,1482,0.10743385459911078
1294,202,1496,0.1074563470086758
1287,202,1489,0.10746195039897863
1294,199,1493,0.10748398287627683
1296,201,1497,0.10748839789517882
1286,205,1491,0.10748741718388631
1293,201,1494,0.10750843178372121
1315,198,1513,0.10750940587730469
1313,195,1508,0.10745748550230229
1314,199,1513,0.10741654851438988
1300,202,1502,0.10737681272387997
1295,203,1498,0.10737113163403496
1293,203,1496,0.10737632662812191
1302,204,1506,0.10738600920055104
1310,200,1510,0.107373702126821
1307,201,1508,0.10734446737194979
1302,207,1509,0.10732492963767187
1304,207,1511,0.10731642829538446
1290,202,1492,0.10730308216696029
1290,203,1493,0.10732301952204101
1280,202,1482,0.10734222485014147
1277,200,1477,0.10738425396693387
1285,198,1483,0.10743143497412624
1286,203,1489,0.10745249324450187
1284,205,1489,0.1074708744158738
1292,205,1497,0.10749330036159342
1294,205,1499,0.10749396546748394
1293,200,1493,0.10748958328477468
1298,198,1496,0.10748503761844433
1304,204,1508,0.1074709558871851
1303,205,1508,0.1074453547455838
1296,209,1505,0.10742485548732665
1305,208,1513,0.10742399249542195
1309,210,1519,0.1074005206491554
1301,209,1510,0.10736900047680542
1313,211,1524,0.10735956276371697
1301,208,1509,0.10732566624172296
1292,203,1495,0.10732040986310437
1297,203,1500,0.10733537742553771
1289,204,1493,0.10733459484359802
1292,206,1498,0.10735457926815511
1292,205,1497,0.10736691286337033
1276,208,1484,0.10737840076452917
1276,209,1485,0.10742398075185264
1279,210,1489,0.10746632794558111
1285,213,1498,0.1074981723639365
1283,212,1495,0.10751383742362958
1292,214,1506,0.10753400057252767
1292,213,1505,0.10753244769774034
1294,209,1503,0.10752865643412193
1272,215,1487,0.10751933689851206
1279,220,1499,0.10756012019946727
1271,222,1493,0.10758374756903619
1262,219,1481,0.1076215300354904
1237,226,1463,0.10767936960946856
1245,236,1481,0.10779242457491517
1251,238,1489,0.10788244225632732
1252,245,1497,0.10795197410303504
1258,245,1503,0.10801680287138542
1259,243,1502,0.10806299537018227
1253,242,1495,0.10810431340765625
1256,240,1496,0.10815523597907173
1256,241,1497,0.1081949674212116
1256,241,1497,0.10823261075912835
1249,247,1496,0.10826697550603054
1254,245,1499,0.10831740720705951
1254,245,1499,0.10835292472362112
1253,248,1501,0.10838517116459283
1252,251,1503,0.1084173148320449
1254,251,1505,0.10845194577828074
1259,247,1506,0.10848186108792848
1253,247,1500,0.10849510225319467
1257,243,1500,0.1085209103432301
1250,246,1496,0.10853258182323638
1261,246,1507,0.10856135177782068
1263,249,1512,0.10856314958951976
1269,246,1515,0.10855889702433143
1264,245,1509,0.10854185546068801
1257,240,1497,0.10853679299080186
1244,238,1482,0.1085498805616584
1242,242,1484,0.10859195820588517
1256,247,1503,0.10863822782863217
1247,245,1492,0.10864856167204699
1258,244,1502,0.10867757605040711
1260,244,1504,0.10867858009488632
1252,247,1499,0.10867696704813938
1251,245,1496,0.10869206804353741
1265,242,1507,0.10870856794743751
1257,244,1501,0.10869212810591555
1254,245,1499,0.10869513695159594
1255,240,1495,0.1087047547039577
1250,241,1491,0.10871149340673199
1264,246,1510,0.10872701588379136
1264,242,1506,0.10870862785289327
1269,244,1513,0.1086918616243781
1262,236,1498,0.10866260446210284
1264,229,1493,0.10864973258520454
1265,227,1492,0.10863149019260927
1266,227,1493,0.10861285765107369
1268,232,1500,0.10859489691429808
1256,231,1487,0.10857121939650512
1262,232,1494,0.10857648611860812
1252,232,1484,0.108568431013644
1259,237,1496,0.10858238692552119
1255,236,1491,0.10858023713356621
1253,236,1489,0.108589581048683
1241,242,1483,0.10860110987602133
1241,247,1488,0.10864036131303337
1248,247,1495,0.10867868830575586
1252,243,1495,0.10869502055671695
1251,248,1499,0.10870244249055024
1256,249,1505,0.10870986808143701
1260,245,1505,0.10870473651305902
1262,234,1496,0.10869089240887572
1264,237,1501,0.10867452239422963
1256,238,1494,0.10865664810461638
1253,234,1487,0.10865927460369765
1243,239,1482,0.1086687807825335
1237,243,1480,0.10870122111600893
1239,251,1490,0.1087463767258471
1237,253,1490,0.10878309163102255
1242,248,1490,0.10882028107635427
1244,255,1499,0.10884479183176754
1241,251,1492,0.10886465717066691
1239,252,1491,0.10889027660722078
1236,248,1484,0.10891880984814736
1249,248,1497,0.10895526773348657
1237,251,1488,0.10895644791817975
1240,253,1493,0.10898621818311031
1246,251,1497,0.1090048557130472
1244,249,1493,0.10900777823204122
1251,250,1501,0.10901543786830951
1248,255,1503,0.10900696644797268
1253,260,1513,0.109006004935557
1253,262,1515,0.10899225002908222
1251,263,1514,0.10898150902916161
1259,268,1527,0.10897789145088961
1239,270,1509,0.1089602249617128
1230,264,1494,0.1089897073473291
1232,266,1498,0.10903849862308401
1225,263,1488,0.10907882484983414
1226,266,1492,0.10913338564358455
1225,266,1491,0.10918181288966004
1219,272,1491,0.10922665675922832
1223,274,1497,0.1092799042098913
1225,277,1502,0.10932147045922569
1244,279,1523,0.1093571174630587
1243,280,1523,0.10934666717124152
1248,273,1521,0.10933855896268282
1244,268,1512,0.1093195983511932
1231,271,1502,0.10931287477096036
1237,273,1510,0.10933806678751712
1237,270,1507,0.1093474477160088
1237,259,1496,0.10935811197905071
1227,263,1490,0.10936556194205659
1221,265,1486,0.10939747886704713
1226,272,1498,0.10943842124103856
1230,265,1495,0.10946302231865404
1232,266,1498,0.10947512270760086
1226,266,1492,0.10948372092978811
1218,271,1489,0.1095057682644979
1225,272,1497,0.10954668976531173
1229,272,1501,0.10956815301985294
1238,271,1509,0.10957840163594809
1228,274,1502,0.10956836779985968
1216,281,1497,0.10958070668779549
1214,284,1498,0.109622100362634
1210,282,1492,0.10966573852988198
1191,280,1471,0.10971772080437173
1208,281,1489,0.10980918601841452
1200,283,1483,0.10985254448880077
1199,291,1490,0.10990805901170322
1201,291,1492,0.10996466298000204
1204,295,1499,0.11001361677764133
1212,292,1504,0.11005485560565759
1202,288,1490,0.11007775197132759
1205,294,1499,0.11011839945161395
1211,290,1501,0.11014741062029469
1200,293,1493,0.11016137578739858
1215,290,1505,0.11020014144363696
1210,285,1495,0.11020049352366387
1201,293,1494,0.11021093635676238
1194,297,1491,0.11024277015482448
1188,298,1486,0.11029146747385338
1182,298,1480,0.11034903708900747
1202,304,1506,0.1104174873768761
1197,304,1501,0.11043275111756674
1199,302,1501,0.11046044321756501
1205,302,1507,0.11048042495648605
1202,303,1505,0.11048394024834238
1207,303,1510,0.11049636707272616
1196,307,1503,0.11049347705495265
1196,311,1507,0.11051569951534962
1200,314,1514,0.11053871822183979
1184,312,1496,0.11055409671960749
1188,319,1507,0.1106051525533476
1181,320,1501,0.11064179470224637
1180,309,1489,0.11069373468310313
1167,313,1480,0.11074383565705144
1169,317,1486,0.1108195207538743
1179,323,1502,0.11088911865961833
1182,318,1500,0.11093351785684569
1183,310,1493,0.11096587937277427
1180,319,1499,0.1109949781635353
1166,319,1485,0.11102833969296654
1156,322,1478,0.1110897483287991
1159,322,1481,0.11117238584520789
1159,330,1489,0.11124357491231404
1161,331,1492,0.1113077168839655
1164,332,1496,0.11136198294855192
1168,331,1499,0.11140359655982643
1181,330,1511,0.11143193659341372
1190,329,1519,0.11142733004438447
1184,330,1514,0.11140243622629327
1181,325,1506,0.11139447420479179
1180,326,1506,0.11139486567578304
1163,328,1491,0.11139635262592922
1169,334,1503,0.11143632961591741
1167,331,1498,0.11146138629743207
1164,340,1504,0.11148935373792003
1160,341,1501,0.11152301459576
1162,343,1505,0.11156340319067076
1165,334,1499,0.1115987090554759
1161,340,1501,0.11162255899474662
1164,345,1509,0.11165354647200115
1167,339,1506,0.11167495572683782
1160,341,1501,0.11168436540802305
1152,343,1495,0.11171083411914794
1159,339,1498,0.1117559373248796
1151,334,1485,0.111784337202026
1157,335,1492,0.11183200928490326
1150,340,1490,0.11185965735981875
1140,346,1486,0.11190151359020747
1144,345,1489,0.11196230351164557
1149,343,1492,0.11200710332309675
1157,345,1502,0.11203805824120808
1160,338,1498,0.11204777099323807
1155,335,1490,0.11205123400972543
1151,341,1492,0.11206484350557552
1148,345,1493,0.11208802183754743
1150,347,1497,0.11211777983593615
1152,347,1499,0.11214012768775636
1155,340,1495,0.1121556176005377
1163,344,1507,0.11216545724136658
1157,343,1500,0.11215463288378548
1152,343,1495,0.11215922741151246
1147,350,1497,0.11217716121964742
1155,352,1507,0.11220528589482905
1160,352,1512,0.11221202727388559
1144,358,1502,0.11220672379489713
1157,364,1521,0.11223736634046919
1150,360,1510,0.11223604322072259
1152,362,1514,0.1122538854641418
1138,359,1497,0.11226548590754383
1138,357,1495,0.1123100788110636
1136,358,1494,0.11234935370405445
1140,361,1501,0.11239323451248388
1137,370,1507,0.11242509682629757
1136,370,1506,0.11245883863902263
1143,365,1508,0.11249538603838787
1122,367,1489,0.1125133660085722
1127,371,1498,0.11257905611462217
1133,367,1500,0.11262792128171721
1126,365,1491,0.11266298216036125
1117,367,1484,0.11271101992244408
1106,368,1474,0.11277648062422402
1109,368,1477,0.11286359040572805
1106,367,1473,0.11293521323016201
1121,377,1498,0.11300682192537057
1118,368,1486,0.11304064390103868
1123,373,1496,0.11307611198987379
1116,372,1488,0.11309602901771662
1132,373,1505,0.11313032445622623
1122,378,1500,0.11312815493282219
1120,368,1488,0.11314926992667747
1123,369,1492,0.11317470124599502
1124,371,1495,0.11319165481760773
1128,368,1496,0.1132042301036077
1124,373,1497,0.1132075075449411
1105,380,1485,0.11322123768411398
1109,378,1487,0.11327821250944237
1113,383,1496,0.11332023729135031
1111,380,1491,0.11334938937221295
1124,374,1498,0.1133802352918816
1116,368,1484,0.11337890462317785
1117,367,1484,0.1133943747426639
1113,369,1482,0.11340673941511448
1122,364,1486,0.11342876050954864
1128,365,1493,0.1134305432035635
1130,365,1495,0.11341737785156258
1121,369,1490,0.11339944213996297
1121,372,1493,0.1134026974255286
1126,366,1492,0.11340519906964015
1123,362,1485,0.11339753619157346
1130,366,1496,0.11339454750058384
1134,371,1505,0.11337546697505153
1126,371,1497,0.11334844607916446
1128,365,1493,0.11334320054007435
1119,365,1484,0.11333386764258366
1130,375,1505,0.11334480003031168
1137,371,1508,0.11333007181641022
1131,380,1511,0.11330045687764549
1132,376,1508,0.1132890319673265
1133,373,1506,0.11327516804820649
1129,379,1508,0.11326006782968749
1124,381,1505,0.11325991979139198
1133,375,1508,0.11327092260596455
1131,373,1504,0.11326131792480566
1148,368,1516,0.11325469033796828
1141,369,1510,0.11320893825487513
1127,370,1497,0.11318194851530539
1130,368,1498,0.11318884544921605
1123,367,1490,0.11319194415514783
1138,373,1511,0.11321230286690728
1136,371,1507,0.1131992288243993
1137,363,1500,0.11319110674517503
1132,358,1490,0.1131804981853497
1126,363,1489,0.11318269686498268
1142,367,1509,0.11319866732221552
1128,369,1497,0.11317466945526258
1130,368,1498,0.11318510449269986
1124,371,1495,0.1131921593251279
1121,363,1484,0.11321170217821852
1125,374,1499,0.11323213993382154
1124,373,1497,0.1132446797532215
1115,371,1486,0.11325882877217769
1118,368,1486,0.11329167557784578
1121,371,1492,0.11331548333274234
1124,374,1498,0.11333118606975702
1125,379,1504,0.11334186641121806
1108,383,1491,0.11334831857058184
1111,386,1497,0.11339228649105242
1112,388,1500,0.11342545256647409
1119,390,1509,0.1134530481188338
1116,394,1510,0.1134647793331418
1104,390,1494,0.11348450057572902
1113,387,1500,0.11352665629067875
1118,384,1502,0.11354517049466263
1112,386,1498,0.11355274827187978
1111,389,1500,0.11357349171507362
1114,391,1505,0.11359840962569984
1112,380,1492,0.11361550341313074
1100,378,1478,0.11363567355542116
1107,380,1487,0.11368154062382342
1108,379,1487,0.11370752103991735
1106,383,1489,0.11373124266677095
1100,395,1495,0.11375705564370325
1096,384,1480,0.11379497454414139
1103,383,1486,0.113839577570024
1094,389,1483,0.11386514274051975
1109,388,1497,0.11390988594661272
1109,387,1496,0.11391889524021287
1109,397,1506,0.11392538104868098
1099,400,1499,0.11393344694009425
1113,397,1510,0.11396412264118445
1122,399,1521,0.11396188079784939
1120,394,1514,0.11393664400660715
1117,392,1509,0.11391528519964918
1107,387,1494,0.11390150267497239
1098,394,1492,0.11391130527622974
1104,395,1499,0.11394101677468957
1100,388,1488,0.11395579381934919
1093,396,1489,0.11398106006767016
1092,401,1493,0.11402285818444984
1095,401,1496,0.11406308344997766
1095,406,1501,0.11409229217126465
1085,410,1495,0.11411983335509318
1090,410,1500,0.11417024326130058
1084,420,1504,0.11420706581638555
1080,422,1502,0.11425632704812948
1082,425,1507,0.11431153612776908
1069,434,1503,0.11435998970035105
1065,430,1495,0.1144362666309741
1065,433,1498,0.11451401439176
1059,437,1496,0.1145863752062891
1057,437,1494,0.11466743025801368
1063,442,1505,0.11474852314082781
1054,433,1487,0.11481138792826273
1048,441,1489,0.11488952904859247
1045,445,1490,0.11497554674593996
1055,445,1500,0.11506164642345368
1042,448,1490,0.11511730325005713
1032,448,1480,0.11519927249118375
1044,457,1501,0.11529862849692925
1036,456,1492,0.11536423128960126
1034,460,1494,0.11544426361871299
1033,464,1497,0.11552351570217297
1040,454,1494,0.1155990388562263
1040,449,1489,0.1156518382460867
1044,454,1498,0.11569854300409975
1039,457,1496,0.11573373286044887
1037,465,1502,0.11577826284272685
1037,463,1500,0.11582541960302774
1046,463,1509,0.11586795957900062
1039,470,1509,0.11588828672662847
1033,475,1508,0.11592653868753561
1036,473,1509,0.11597805052218145
1028,469,1497,0.1160215930762499
1014,468,1482,0.11608011307419883
1038,466,1504,0.11616641508808645
1027,471,1498,0.11618820564462702
1020,472,1492,0.11623766084227562
1031,471,1502,0.11629896719992733
1029,477,1506,0.11633432224207983
1019,476,1495,0.1163693520924424
1027,477,1504,0.11642578861169628
1028,476,1504,0.11646042297155727
1024,472,1496,0.11649386090047885
1020,478,1498,0.11653177660153695
1024,476,1500,0.1165783780912358
1030,469,1499,0.11660931853478074
1029,469,1498,0.11662310110029515
1024,463,1487,0.1166380889253179
1030,467,1497,0.11666379194637737
1038,469,1507,0.11667475720588896
1038,478,1516,0.11666731987296192
1039,484,1523,0.11666088306216695
1028,479,1507,0.11665397367319741
1029,477,1506,0.11667112937122129
1038,484,1522,0.11667995742631326
1036,486,1522,0.11666699582094454
1035,486,1521,0.11666179326608195
1023,479,1502,0.11666312922770895
1029,479,1508,0.11669478594267588
1030,483,1513,0.11671232660203067
1029,484,1513,0.11672586335105514
1030,484,1514,0.11673726529202408
1032,485,1517,0.11674723618185201
1035,487,1522,0.11675257672809362
1034,485,1519,0.11675069585722143
1033,482,1515,0.1167528698208116
1032,484,1516,0.1167567908111659
1043,480,1523,0.11676424919853912
1047,475,1522,0.1167415283059357
1038,479,1517,0.1167114509216736
1038,473,1511,0.11670583050965298
1035,476,1511,0.11670143787087088
1032,477,1509,0.11670297538714271
1030,482,1512,0.11671246113881754
1024,483,1507,0.11672756875154273
1020,486,1506,0.1167552385811469
1024,482,1506,0.1167890483202929
1027,480,1507,0.11681069402048024
1036,484,1520,0.11682450225815354
1041,479,1520,0.11681511256779205
1033,476,1509,0.11679639389782988
1028,476,1504,0.1167999827418123
1023,475,1498,0.11681326453411532
1026,471,1497,0.1168368605883773
1026,481,1507,0.11685327802715101
1023,485,1508,0.11687164688694365
1024,481,1505,0.11689620307786093
1020,487,1507,0.11691571244870834
1015,494,1509,0.11694349522646451
1007,500,1507,0.11698116770086493
998,506,1504,0.11703576334687402
997,503,1500,0.11710568016166999
1002,496,1498,0.11717368687781672
1004,498,1502,0.11722683256448803
1001,504,1505,0.11726808136671213
990,505,1495,0.11731395369348764
997,509,1506,0.11737914804968738
989,510,1499,0.11742257169822644
995,508,1503,0.11748137734805794
987,509,1496,0.1175217971778956
991,512,1503,0.11757611432979959
1001,515,1516,0.11761910489461781
1005,513,1518,0.11763453015218467
988,514,1502,0.11764029367215384
979,511,1490,0.11768511154271742
988,517,1505,0.11774703521322831
989,520,1509,0.11778562624755168
987,530,1517,0.1178181422528743
986,533,1519,0.11785358551443606
983,529,1512,0.11789051699423371
983,526,1509,0.1179343395367813
980,527,1507,0.1179754072486373
967,528,1495,0.11802161391878702
962,520,1482,0.11809644920999919
959,525,1484,0.11817740796097041
959,536,1495,0.11826133483502685
970,542,1512,0.11833773277797092
964,541,1505,0.11838423222447159
966,540,1506,0.11844227397797415
970,543,1513,0.11849211186403419
962,541,1503,0.11852687357552001
961,539,1500,0.11857911326651319
974,547,1521,0.11863066224439002
966,544,1510,0.11864613038806429
962,545,1507,0.11867868370302272
955,527,1482,0.11872105892065697
941,527,1468,0.11877497990315714
948,534,1482,0.1188567374889383
949,538,1487,0.11891318236908904
950,547,1497,0.11896334188292759
952,543,1495,0.11900698715734269
946,548,1494,0.11904466866075694
951,546,1497,0.11909354020157291
948,544,1492,0.11912844797822147
949,539,1488,0.11916543216070231
946,532,1478,0.11919912678036848
963,527,1490,0.11923479234983138
966,535,1501,0.11923044603822301
968,535,1503,0.11922073722841947
964,538,1502,0.11920634252727096
962,544,1506,0.11920604406662687
949,544,1493,0.1192086798057527
954,544,1498,0.11924477202950384
950,547,1497,0.1192701608547425
946,553,1499,0.11930442912537963
945,565,1510,0.11934430761704723
950,558,1508,0.11938251833531258
954,550,1504,0.11940130122428919
953,554,1507,0.1194093393665284
954,556,1510,0.11942124783716247
955,554,1509,0.11942790153865745
954,554,1508,0.11943076617947686
945,555,1500,0.11943653704028218
949,553,1502,0.11946229833962706
939,561,1500,0.11947930945296104
945,574,1519,0.11951963177664494
933,562,1495,0.11954356501708978
937,562,1499,0.11959320054640521
939,566,1505,0.11963069106166298
935,567,1502,0.11966388160401266
932,566,1498,0.11970265362308254
929,574,1503,0.11974187383474452
934,566,1500,0.11978734092256647
948,560,1508,0.11982148296541151
944,557,1501,0.11981933143613098
941,565,1506,0.1198254799420517
938,566,1504,0.11983844035232981
939,560,1499,0.11986147066584334
925,553,1478,0.11988100059548694
925,559,1484,0.11993175065461852
931,565,1496,0.1199780192391249
936,561,1497,0.12000611558130948
926,569,1495,0.12001965936886579
926,563,1489,0.12005370752887844
928,561,1489,0.12008537883345348
921,567,1488,0.12010801811702992
922,569,1491,0.12014517734979999
928,565,1493,0.12017635437586865
933,567,1500,0.12019016348895832
941,558,1499,0.12018951785192587
938,552,1490,0.12016873790002008
941,559,1500,0.12015901215093251
929,560,1489,0.12014466251050165
937,567,1504,0.1201616317289989
933,563,1496,0.12015937515740915
933,564,1497,0.12016539829044878
936,573,1509,0.12017035504099305
932,574,1506,0.12016969402300638
926,581,1507,0.12017606378645171
928,577,1505,0.12019863400699167
928,576,1504,0.12021536928171411
931,569,1500,0.12023096288791453
935,569,1504,0.12024102036283056
918,563,1481,0.12024057078973893
936,566,1502,0.12027780011065331
942,573,1515,0.12027067580603021
938,578,1516,0.12025007415091939
933,576,1509,0.12024009707949375
943,578,1521,0.12024168060382809
940,581,1521,0.1202200923940931
929,575,1504,0.12020859347045083
914,573,1487,0.1202256640480118
917,576,1493,0.1202763957080741
915,582,1497,0.12031747041404384
922,582,1504,0.12035844932585911
930,578,1508,0.12038144475626236
925,584,1509,0.12038246155286042
924,584,1508,0.12039305084587969
935,585,1520,0.12040549400544741
940,584,1524,0.12039392886843484
933,593,1526,0.12037267731090814
924,591,1515,0.12037013598368258
913,590,1503,0.1203918965087971
914,592,1506,0.12043756612789164
912,591,1503,0.12047782772056602
918,588,1506,0.12051864134903728
919,591,1510,0.12054330872052514
903,595,1498,0.12056527914071494
896,595,1491,0.12062249145834819
902,600,1502,0.12069309031708327
898,604,1502,0.12074556240342783
894,605,1499,0.12080289534604359
889,601,1490,0.12086568000724414
893,593,1486,0.12093615354584461
897,598,1495,0.12099126838625406
893,598,1491,0.12103486492765377
892,599,1491,0.12108592355395914
881,598,1479,0.12113523838163488
870,600,1470,0.12120629794944492
874,602,1476,0.12129629391390809
882,616,1498,0.12137204034081968
885,612,1497,0.1214229960127118
887,607,1494,0.12146026608702051
896,606,1502,0.12148860950792686
898,607,1505,0.12149151250411293
885,616,1501,0.12149012501110314
889,607,1496,0.12152042322737838
895,599,1494,0.12153806061317524
904,613,1517,0.1215376400789302
896,616,1512,0.12151855765573702
889,613,1502,0.12151909213268094
898,601,1499,0.12153594254418866
895,593,1488,0.12153119063092883
903,605,1508,0.12153139965439569
897,607,1504,0.12151228929962529
902,603,1505,0.12150847887708849
903,607,1510,0.1214934530165186
898,605,1503,0.12147586655404755
898,612,1510,0.12147153912259241
891,621,1512,0.12146878105672325
890,609,1499,0.12148213325094886
899,607,1506,0.1214961727799103
881,612,1493,0.12148986717108241
888,608,1496,0.12152767289985351
886,616,1502,0.12154984523490278
876,624,1500,0.12157658652669351
881,629,1510,0.12162580274347373
880,622,1502,0.12165925234878326
884,617,1501,0.12169372283396081
881,616,1497,0.12171658445050071
865,610,1475,0.12174419623657631
864,619,1483,0.12180227386469188
866,623,1489,0.121858040475939
874,628,1502,0.12190704540324791
879,628,1507,0.12193555708647288
880,622,1502,0.12194958875349496
884,626,1510,0.12196117786743584
883,622,1505,0.12196154018149477
891,616,1507,0.12196249101040696
876,610,1486,0.12194541687805825
892,609,1501,0.12196152984078111
882,613,1495,0.12193661493194785
878,622,1500,0.12193844447174723
870,621,1491,0.12195174864337427
858,619,1477,0.12198259791964365
856,613,1469,0.12204121528122557
867,625,1492,0.12210240260665056
862,628,1490,0.12213146051052465
862,637,1499,0.12216747951781481
861,638,1499,0.12220323236628435
870,630,1500,0.12224118634882579
872,630,1502,0.12225732299377945
878,633,1511,0.12226139953613473
870,630,1500,0.12225169359444785
866,639,1505,0.12226000352374485
860,637,1497,0.1222805877244965
858,638,1496,0.12231834080156269
856,653,1509,0.1223589436478219
851,664,1515,0.12240231753964124
846,654,1500,0.12245863253287811
842,661,1503,0.12252253586863476
834,658,1492,0.12259132936253987
828,660,1488,0.1226728882771385
832,661,1493,0.1227608987807125
839,667,1506,0.12283522835421447
843,671,1514,0.1228896039608583
843,670,1513,0.12292849168954158
842,679,1521,0.12296532418203483
832,678,1510,0.12300311395130388
831,668,1499,0.12305859726563874
826,673,1499,0.12311315771045712
832,669,1501,0.1231758620547174
827,685,1512,0.12321988132633806
837,680,1517,0.12327431998254396
824,672,1496,0.12330498889383731
813,680,1493,0.12336539643639241
815,683,1498,0.12344628950560602
821,678,1499,0.12351569041960875
813,689,1502,0.12356406293042382
829,681,1510,0.1236295367182979
829,689,1518,0.12365277051763134
836,684,1520,0.12367422753427078
829,687,1516,0.12368024536208823
819,688,1507,0.12370307285173382
822,687,1509,0.1237461162200844
825,688,1513,0.12377965029719892
821,690,1511,0.12380557928222766
820,680,1500,0.12384054639791499
818,682,1500,0.12387579138444467
822,681,1503,0.12391536011680047
810,688,1498,0.12394336139505958
806,687,1493,0.12399682811617292
807,701,1508,0.12405498362070269
806,699,1505,0.12410365004333362
813,706,1519,0.12415199733345617
815,696,1511,0.12418286068111227
806,692,1498,0.12420763855340289
802,692,1494,0.12425139417635096
807,689,1496,0.12430296994947895
819,692,1511,0.12433723253410608
824,696,1520,0.12434128541942786
819,689,1508,0.12433590631279332
809,708,1517,0.12434188899455659
808,703,1511,0.12437088933406618
811,710,1521,0.12439979116736519
808,709,1517,0.12442213662871422
813,705,1518,0.12445144583498874
806,709,1515,0.12446577646010691
816,702,1518,0.12449612740152297
804,708,1512,0.1245030541418753
812,699,1511,0.12453722437354592
809,699,1508,0.12455092290722378
800,694,1494,0.12457248788509463
803,707,1510,0.12461086593173261
794,709,1503,0.12463916569989823
784,715,1499,0.12468362209033873
784,713,1497,0.12474885527144965
781,720,1501,0.1248085843909767
792,716,1508,0.1248687499670141
779,712,1491,0.12489896972265174
792,714,1506,0.12495877504756056
784,727,1511,0.12498292470599477
781,730,1511,0.1250243361349433
771,739,1510,0.1250699253210561
779,743,1522,0.12513767343050983
770,733,1503,0.1251835730012867
756,740,1496,0.12524920151581348
758,745,1503,0.12534221671942164
753,746,1499,0.12542426952471392
764,734,1498,0.1255127665958565
774,736,1510,0.12557026580388134
784,732,1516,0.1255983830682341
783,733,1516,0.12559817443062493
774,741,1515,0.12559972765267213
774,742,1516,0.12562318859819194
767,746,1513,0.1256460911888644
758,745,1503,0.12568428227337258
766,744,1510,0.12574067536883235
771,738,1509,0.12577521823068596
780,736,1516,0.12579609400280156
780,732,1512,0.12579198615734247
766,735,1501,0.1257876249826055
767,739,1506,0.12581634050546348
751,744,1495,0.12584209925827305
757,746,1503,0.12590357805050906
754,739,1493,0.1259462368867319
753,737,1490,0.1259942363318463
759,756,1515,0.12604255896775274
763,754,1517,0.12607240702122285
755,749,1504,0.12609016880549903
752,746,1498,0.1261262573359686
742,748,1490,0.12616804549054353
745,745,1490,0.1262308114323537
751,745,1496,0.12628163892478708
751,741,1492,0.12631507164953548
745,747,1492,0.12634686668035827
749,758,1507,0.12638969713427964
751,751,1502,0.12642282276992892
743,750,1493,0.12644717080270088
735,743,1478,0.12648929468143494
731,756,1487,0.1265474100224209
727,762,1489,0.12661138457034904
731,771,1502,0.1266809743848155
726,780,1506,0.1267345585060427
722,776,1498,0.12679310061561924
723,774,1497,0.12686052426928301
723,786,1509,0.1269217317616461
733,797,1530,0.12697849027968913
734,795,1529,0.12700732744737372
724,791,1515,0.1270322494776
720,786,1506,0.12708135177967775
721,793,1514,0.12713644955963532
723,789,1512,0.12718892940943896
719,787,1506,0.12723312602661913
721,786,1507,0.1272806217107658
716,794,1510,0.12732266056882532
722,781,1503,0.1273700136058161
722,782,1504,0.127400943381635
717,783,1500,0.1274291714837265
709,781,1490,0.12746995611493925
706,783,1489,0.1275236561954166
712,786,1498,0.12758106328321234
708,788,1496,0.12762233424373817
710,789,1499,0.127669346350451
708,790,1498,0.1277070745858572
712,797,1509,0.12774886439768487
702,800,1502,0.12777883828782793
700,806,1506,0.1278270431860927
710,804,1514,0.12787756124215144
707,808,1515,0.1279027527125819
701,800,1501,0.12793605934447963
688,805,1493,0.1279784487403081
695,812,1507,0.12804762998245403
690,797,1487,0.128097053595014
688,806,1494,0.12815622288629172
691,808,1499,0.12821819849235974
694,817,1511,0.1282689717245524
688,802,1490,0.12830989203047805
689,808,1497,0.1283593684507354
682,807,1489,0.1284040281393363
695,800,1495,0.12846078935232147
685,803,1488,0.12848176999382124
685,805,1490,0.12852493058799147
688,822,1510,0.12856246161241794
692,816,1508,0.12858652032581802
687,814,1501,0.1286026997555835
689,823,1512,0.1286310266112091
687,821,1508,0.12865695610307884
688,823,1511,0.12868695290296717
692,827,1519,0.1287123071782166
696,829,1525,0.12872524918336128
686,826,1512,0.12872695982978277
682,820,1502,0.12875346205647875
692,819,1511,0.12878507370322287
684,822,1506,0.1287924311569389
689,824,1513,0.1288188882348431
687,828,1515,0.12883294568241188
679,812,1491,0.1288533156952089
689,815,1504,0.12888946969701529
689,813,1502,0.12890013478302056
697,816,1513,0.12891092682813382
693,805,1498,0.12890183650230452
691,814,1505,0.12890324313398568
691,813,1504,0.12891033905648525
690,818,1508,0.12891713835161528
689,815,1504,0.12892397213026435
698,818,1516,0.1289328424629466
693,818,1511,0.12892136516742628
694,827,1521,0.128923080351996
691,829,1520,0.12892105403305923
689,832,1521,0.12892585145967403
693,823,1516,0.12893533872692456
684,823,1507,0.12893571666509615
688,833,1521,0.1289570405455657
686,840,1526,0.12896667624754257
682,836,1518,0.12897985590035416
686,822,1508,0.1290028172695168
679,827,1506,0.12901555945150242
673,827,1500,0.12904393279283227
667,830,1497,0.12908405618092755
674,833,1507,0.12913664209472803
670,833,1503,0.12916691373671946
669,829,1498,0.12920466513175824
668,833,1501,0.12924064181770206
670,834,1504,0.12927555651620715
666,835,1501,0.12930518789999382
656,850,1506,0.12934253228700646
664,856,1520,0.12940034669613193
658,858,1516,0.1294353344540373
661,857,1518,0.12948075146043267
660,864,1524,0.1295185075405795
667,852,1519,0.12955610079759597
671,848,1519,0.12957562638919834
670,851,1521,0.12958699762871995
661,844,1505,0.129599723025828
655,852,1507,0.12963492029183338
662,832,1494,0.12968095593700954
664,834,1498,0.12970533225953754
663,825,1488,0.12972706617421492
670,832,1502,0.1297470350180985
667,836,1503,0.12974623457885495
659,838,1497,0.1297497456756649
668,833,1501,0.12977324160919707
665,840,1505,0.12977274709555356
662,844,1506,0.12977882503502416
653,842,1495,0.12979145964341046
642,849,1491,0.12982693843166795
647,851,1498,0.12988647540496473
649,841,1490,0.12993188268157815
652,845,1497,0.1299704310777961
651,850,1501,0.12999936713494478
659,864,1523,0.1300292007960919
653,864,1517,0.13003641506340835
652,866,1518,0.1300562399456051
655,856,1511,0.13007914195856324
659,860,1519,0.1300958743485495
657,865,1522,0.13010021747805087
651,865,1516,0.1301085422957507
646,861,1507,0.13013297495179046
634,866,1500,0.13016669804299397
624,868,1492,0.13022540897236712
633,873,1506,0.13030308969034318
622,868,1490,0.13035459607867514
630,862,1492,0.130428765134345
637,871,1508,0.13047954322840427
643,886,1529,0.13051253633005455
646,871,1517,0.13052727684531434
637,866,1503,0.13053429011930084
632,871,1503,0.13055926524143277
642,875,1517,0.1305947455150703
634,879,1513,0.1306066615395544
630,881,1511,0.13063799825825023
637,880,1517,0.13067867923132437
630,880,1510,0.13069863934721176
629,872,1501,0.13073474976792818
619,876,1495,0.13076984911537576
624,863,1487,0.13082357962733962
624,873,1497,0.13085938492341354
623,875,1498,0.13088966938728522
619,873,1492,0.13092123518940604
621,870,1491,0.13096210461816757
616,873,1489,0.13099397868833754
619,876,1495,0.13103585465623144
630,878,1508,0.1310648325230702
630,879,1509,0.13106854752633473
617,880,1497,0.13107088745822082
619,884,1503,0.13110344681589428
619,887,1506,0.1311318055370876
615,880,1495,0.1311572473153148
622,890,1512,0.13118867108516383
607,901,1508,0.13120442421976616
609,902,1511,0.13125478783917172
611,913,1524,0.13129515721540513
605,914,1519,0.13132963227059724
599,919,1518,0.13137800983081746
605,909,1514,0.13144070180780754
605,908,1513,0.13148536368019031
608,906,1514,0.13152643698376448
605,914,1519,0.13155916817046745
614,906,1520,0.1315959850229066
603,902,1505,0.13160900136204495
599,910,1509,0.13164599005524372
593,903,1496,0.13169061380628894
598,911,1509,0.1317461124722592
598,909,1507,0.13178493984149423
598,914,1512,0.13182175623996142
596,913,1509,0.13185756618714034
596,919,1515,0.13189684346024635
594,915,1509,0.1319345843238189
600,920,1520,0.1319738730715816
595,923,1518,0.1319942922442733
590,924,1514,0.1320238761904411
596,928,1524,0.1320654215840583
597,929,1526,0.1320915196311273
591,912,1503,0.13211087718083955
593,911,1504,0.13214358635351278
588,915,1503,0.1321687947082948
585,928,1513,0.13220243574158402
589,934,1523,0.13224113910592736
585,925,1510,0.13227052813375953
579,923,1502,0.1323082158826069
573,933,1506,0.13235489834108635
574,930,1504,0.1324109472133148
588,931,1519,0.13246006472790917
581,937,1518,0.13247418497973662
579,944,1523,0.1325041212861596
579,940,1519,0.13253794201449878
584,936,1520,0.13256934925360458
577,932,1509,0.1325888254069985
577,931,1508,0.13262226915815098
583,934,1517,0.13265337764162402
580,940,1520,0.13266841703595095
579,936,1515,0.132689926199169
571,932,1503,0.1327110458430708
569,934,1503,0.1327491117913365
572,930,1502,0.13279070430009074
563,921,1484,0.13282228321912512
563,934,1497,0.13286984541408844
567,940,1507,0.132912811206817
568,934,1502,0.1329451729943937
564,942,1506,0.1329722463446604
563,952,1515,0.13300675087492655
555,949,1504,0.13304108912639961
558,955,1513,0.13309175259714262
553,970,1523,0.13313293165296572
557,958,1515,0.13318482682165717
552,960,1512,0.13322470568783673
552,951,1503,0.13327499885661567
549,963,1512,0.13332397501995757
546,952,1498,0.1333774634626004
550,960,1510,0.1334335454943535
536,964,1500,0.13347227974206505
543,969,1512,0.13353794806240715
535,962,1497,0.13358431100311277
530,967,1497,0.13364660799734754
532,965,1497,0.13371843902497477
536,968,1504,0.13378095671502377
534,976,1510,0.13383116137999507
541,966,1507,0.13388363210552742
534,967,1501,0.13391622319480775
533,974,1507,0.1339638857979387
527,976,1503,0.1340113725384785
524,974,1498,0.1340711750401443
520,981,1501,0.1341302585873126
518,1000,1518,0.13419507214279824
521,994,1515,0.1342599874219988
515,985,1500,0.13431417691264294
511,980,1491,0.13437814288799682
509,986,1495,0.13444790218740915
522,990,1512,0.13451666366587123
517,985,1502,0.134549028959344
514,992,1506,0.13458968703116458
513,988,1501,0.13463442407188275
504,992,1496,0.13467744059331216
509,987,1496,0.1347379942214773
504,1003,1507,0.13477976230665412
508,1008,1516,0.13482948670543451
500,1008,1508,0.13486575978518545
507,1004,1511,0.1349173744274065
502,1011,1513,0.13495168877306604
501,1009,1510,0.1349957918585425
504,1004,1508,0.1350401288548827
512,1004,1516,0.13507721131893133
514,1000,1514,0.1350950994514315
517,996,1513,0.13510736614185656
517,998,1515,0.1351103099794232
518,1005,1523,0.1351100902710399
512,995,1507,0.1351092049220739
514,998,1512,0.13512422950906267
509,1005,1514,0.1351321471192604
505,1009,1514,0.13514851108963633
499,1000,1499,0.13517447874377914
497,1012,1509,0.13521524052718725
499,1015,1514,0.13525733010833774
504,1010,1514,0.1352895974449504
495,1006,1501,0.13530924269978406
499,1006,1505,0.13535002527083373
494,1015,1509,0.13537951495577685
495,1015,1510,0.1354181283243755
492,1016,1508,0.13545135365542094
495,1018,1513,0.13549173876478754
486,1009,1495,0.1355220177168259
488,1011,1499,0.13557264680510125
487,1025,1512,0.1356167866192683
475,1010,1485,0.1356599338453103
464,1011,1475,0.13572677560756582
464,1023,1487,0.1358156458510544
464,1016,1480,0.135899855988002
470,1026,1496,0.13597981077697904
473,1036,1509,0.13603954528616022
471,1031,1502,0.13608828815938612
472,1029,1501,0.13613777039883487
468,1038,1506,0.13618083072323123
467,1034,1501,0.13623068187267415
467,1039,1506,0.1362798744341115
464,1036,1500,0.13632409278314017
456,1046,1502,0.13637505404992592
459,1049,1508,0.13643816788496774
465,1059,1524,0.13649011083647408
458,1062,1520,0.13652500997499126
461,1059,1520,0.1365751651027275
453,1061,1514,0.136612955037028
445,1065,1510,0.13666743606483597
448,1060,1508,0.136736656954786
447,1047,1494,0.13679561239796673
451,1052,1503,0.13685453721040786
452,1058,1510,0.1368995011504285
455,1062,1517,0.136939699622632
450,1064,1514,0.136970278933664
456,1058,1514,0.13700864958549072
451,1052,1503,0.1370294652080205
456,1052,1508,0.13706202195766073
455,1046,1501,0.13707784011916724
459,1050,1509,0.1370934376922215
464,1054,1518,0.13710111791711088
462,1056,1518,0.1370973263847028
462,1059,1521,0.1370984989500147
462,1061,1523,0.13710011236290753
460,1062,1522,0.13710295416016316
462,1062,1524,0.13710924427999419
458,1058,1516,0.13711159784857682
455,1060,1515,0.13712397130443918
449,1059,1508,0.13714160674440762
451,1062,1513,0.13717283722585133
455,1055,1510,0.1371959120783344
446,1058,1504,0.13720882380235086
444,1059,1503,0.1372404157814759
442,1047,1489,0.13727448805398126
441,1054,1495,0.13730892581943124
444,1052,1496,0.1373413905905185
441,1049,1490,0.1373664670793686
448,1063,1511,0.1374006463789926
438,1060,1498,0.13741395004679938
438,1055,1493,0.1374509078893618
431,1067,1498,0.13748481544536248
428,1082,1510,0.13753250861743416
428,1097,1525,0.13758447453488207
425,1094,1519,0.13763478566333054
425,1097,1522,0.1376913785572306
431,1093,1524,0.1377432689454121
437,1088,1525,0.13777660413883358
426,1077,1503,0.13779596327650748
423,1080,1503,0.13783987331975914
419,1078,1497,0.13788841894477769
423,1085,1508,0.13794281435856517
422,1090,1512,0.13798127373676233
424,1097,1521,0.13802041345206162
426,1099,1525,0.13805402535463046
424,1093,1517,0.13808125386248235
415,1095,1510,0.1381090091002905
418,1088,1506,0.13815694272655435
408,1094,1502,0.1381942488106629
415,1107,1522,0.1382514253872277
414,1108,1522,0.138289284720661
411,1105,1516,0.13832577480756933
410,1107,1517,0.1383676621468286
405,1118,1523,0.1384113930850678
395,1120,1515,0.13846423709122616
395,1125,1520,0.13853703691229163
392,1122,1514,0.1386049052798413
392,1124,1516,0.13867392039735457
386,1118,1504,0.1387393882010763
384,1127,1511,0.1388155631509743
390,1124,1514,0.13889448198202806
391,1126,1517,0.13895277043047366
386,1134,1520,0.13900561178926163
381,1125,1506,0.13906641273511863
374,1134,1508,0.13913397777092193
378,1134,1512,0.13921275632160765
374,1133,1507,0.13927896260946832
369,1127,1496,0.13934930777499116
374,1133,1507,0.1394262369299907
365,1139,1504,0.13948697962423492
361,1142,1503,0.13956476613602425
368,1140,1508,0.13964533952481234
370,1138,1508,0.13970621651207693
366,1153,1519,0.13975810337173464
358,1148,1506,0.13981439075795588
357,1155,1512,0.13988484086614067
356,1158,1514,0.13995482641894944
353,1148,1501,0.14002278769586549
349,1151,1500,0.14009172360955724
341,1158,1499,0.14016501566212056
348,1173,1521,0.14025004045168304
348,1171,1519,0.14031255698534859
350,1177,1527,0.14037056408348542
347,1175,1522,0.14042150652669616
347,1176,1523,0.14047638546509805
347,1172,1519,0.14052961816445916
343,1171,1514,0.14057917663768993
347,1166,1513,0.14063493886460393
349,1162,1511,0.14067996104404729
349,1172,1521,0.14071467319927197
353,1164,1517,0.14074899658881354
350,1168,1518,0.14076951410057917
351,1162,1513,0.14079687389456189
354,1152,1506,0.14081987696661605
357,1142,1499,0.1408353848236653
351,1147,1498,0.14084025177247614
353,1149,1502,0.14085786799433955
349,1162,1511,0.14086862261732847
346,1163,1509,0.14088866549524418
344,1164,1508,0.14091694032008928
346,1160,1506,0.1409453220295617
347,1152,1499,0.1409688530325195
348,1164,1512,0.14098801307731176
346,1170,1516,0.14100309383250603
352,1165,1517,0.14102402696563254
349,1175,1524,0.14102939078446788
350,1175,1525,0.14104449050787526
346,1169,1515,0.14105404910782254
339,1167,1506,0.14107370972065067
344,1170,1514,0.14110786242831455
347,1180,1527,0.14112981648854134
344,1180,1524,0.14114469737842458
340,1184,1524,0.14116251281054853
337,1177,1514,0.14118931239949098
336,1181,1517,0.14122129479469972
338,1192,1530,0.1412530382722247
335,1187,1522,0.14127913412814386
336,1177,1513,0.14131238781686112
332,1168,1500,0.14134325797706845
331,1170,1501,0.1413808490594635
333,1170,1503,0.14141683068172722
328,1178,1506,0.14144379589805756
330,1170,1500,0.14148063217833706
331,1180,1511,0.14150995162039626
334,1178,1512,0.14153616307985906
334,1171,1505,0.14155007701795355
333,1182,1515,0.14156401329940885
335,1192,1527,0.1415807040621236
337,1192,1529,0.14159366374767063
337,1191,1528,0.14160018170012945
333,1196,1529,0.14160641765963547
329,1187,1516,0.14162147881534
327,1180,1507,0.1416457028141236
326,1190,1516,0.14167294730141397
326,1182,1508,0.14169955180291066
326,1185,1511,0.14172347418187115
328,1178,1506,0.14174783640876648
328,1177,1505,0.14176712684732334
333,1172,1505,0.1417828711567494
334,1176,1510,0.14178624728971223
334,1182,1516,0.1417874685434395
332,1185,1517,0.14179060913709002
329,1195,1524,0.141797721415188
329,1196,1525,0.1418103415184297
327,1199,1526,0.14182321642212975
324,1198,1522,0.14184136833323696
323,1198,1521,0.14186300358928253
325,1192,1517,0.14188462086650003
325,1197,1522,0.14190242396726868
324,1188,1512,0.14191814883103182
327,1190,1517,0.14193259290095953
317,1191,1508,0.14194022747074947
319,1191,1510,0.14197072727181526
320,1198,1518,0.1419934116700154
318,1197,1515,0.14201380517358822
318,1203,1521,0.1420373100878922
315,1206,1521,0.1420589674302914
311,1212,1523,0.14208677181815677
312,1215,1527,0.14212236208027856
310,1208,1518,0.14215317793132676
306,1205,1511,0.14218776698986413
301,1205,1506,0.14223094684746346
302,1210,1512,0.14228212439044544
305,1214,1519,0.1423265568483269
300,1216,1516,0.14236176377437854
297,1207,1504,0.14240509983461944
302,1196,1498,0.1424496317160551
307,1203,1510,0.14248052778766906
309,1204,1513,0.14249850881113996
315,1204,1519,0.1425123577358842
318,1213,1531,0.14250822544886182
314,1211,1525,0.14249656360207377
304,1217,1521,0.14249738767922074
308,1213,1521,0.14252287305386635
315,1211,1526,0.14253249182527536
317,1211,1528,0.1425258037058924
314,1210,1524,0.1425171746201625
310,1202,1512,0.14251468903700723
309,1215,1524,0.14252364957490515
308,1210,1518,0.1425352226176427
303,1211,1514,0.14254787961561788
306,1197,1503,0.14257387312727093
306,1190,1496,0.14259018884289984
306,1199,1505,0.1426057652593588
306,1210,1516,0.14262091153173226
306,1205,1511,0.1426354223336924
307,1210,1517,0.1426482103802234
307,1210,1517,0.14265937036600573
312,1201,1513,0.14266861958030447
311,1210,1521,0.1426624539805669
313,1213,1526,0.14265928325489952
313,1213,1526,0.1426510225577302
310,1208,1518,0.14264538290836254
309,1212,1521,0.14264567853418117
310,1215,1525,0.14264797094080267
309,1211,1520,0.1426494556680919
309,1213,1522,0.14265534693473625
306,1219,1525,0.14265990132021897
296,1201,1497,0.14267252448355264
294,1203,1497,0.1427085131820656
296,1217,1513,0.14274418314734713
288,1217,1505,0.14277133401621764
283,1217,1500,0.14281635659665748
279,1222,1501,0.14286859772246704
285,1217,1502,0.14292790673792202
285,1226,1511,0.14296883716505362
291,1218,1509,0.14300825170514117
294,1223,1517,0.1430277182387354
297,1221,1518,0.1430389862154381
296,1212,1508,0.14304233113125023
296,1216,1512,0.14304885793384664
289,1228,1517,0.1430526432003609
287,1228,1515,0.14307493895072887
285,1219,1504,0.14309996063167194
288,1213,1501,0.14312880162482122
285,1207,1492,0.14314800631227148
296,1207,1503,0.1431753893202885
293,1212,1505,0.14317364096508484
298,1207,1505,0.14317924839541013
293,1216,1509,0.14317239742785978
296,1217,1513,0.1431787319142329
293,1230,1523,0.14317889104835013
291,1230,1521,0.14318749060951763
291,1230,1521,0.14320057266576566
294,1225,1519,0.14321294884843971
287,1223,1510,0.14321642024108308
290,1234,1524,0.1432353447614451
290,1236,1526,0.14324811112941538
290,1230,1520,0.14326045598019704
286,1224,1510,0.14327161816038608
283,1225,1508,0.14329309750710914
286,1227,1513,0.14332191494951624
282,1223,1505,0.14334182685620475
280,1217,1497,0.1433712324729158
279,1229,1508,0.14340105541318554
288,1226,1514,0.14343156364151546
288,1226,1514,0.1434386192562992
289,1221,1510,0.1434441823201369
279,1210,1489,0.1434479407674753
278,1221,1499,0.14347471227394457
278,1227,1505,0.14350317700039317
280,1231,1511,0.14352885782491007
276,1234,1510,0.14354715941982987
282,1234,1516,0.1435738102994533
282,1229,1511,0.1435843198812323
283,1245,1528,0.14359057871844427
280,1239,1519,0.1435929083519452
278,1240,1518,0.14360367538488186
283,1235,1518,0.14361863280058207
282,1243,1525,0.14362106581023965
279,1230,1509,0.14362513010183928
281,1231,1512,0.1436377705179757
284,1237,1521,0.14364277551707705
280,1231,1511,0.14364060869842693
276,1236,1512,0.14364919285233943
274,1233,1507,0.14366847901090843
279,1236,1515,0.14369237561947265
283,1236,1519,0.14370069226120333
278,1238,1516,0.1436969742655847
272,1253,1525,0.14370576837562266
265,1241,1506,0.14372819519631794
269,1237,1506,0.14376570160776236
265,1218,1483,0.1437890798482764
269,1224,1493,0.14382176238998262
269,1231,1500,0.14384303705444268
270,1226,1496,0.14386432345099157
269,1218,1487,0.14388056810982972
275,1226,1501,0.1438975441517261
273,1237,1510,0.1439009345569869
270,1237,1507,0.14390863709516746
275,1238,1513,0.14392365983574076
273,1238,1511,0.14392510576656092
271,1246,1517,0.14393192059790572
270,1262,1532,0.14394519418135257
265,1245,1510,0.1439590779082038
263,1245,1508,0.14398348480508874
264,1248,1512,0.14401310541225207
257,1252,1509,0.14403598776801604
258,1252,1510,0.1440750684885653
256,1251,1507,0.14410523752696286
254,1248,1502,0.144140754263061
257,1252,1509,0.14418043401835962
256,1249,1505,0.14421030963695464
258,1253,1511,0.14424026007830143
252,1256,1508,0.14426429952341827
249,1255,1504,0.14430056916921863
250,1246,1496,0.1443428694229825
247,1253,1500,0.14438027368734418
241,1262,1503,0.14441962891237778
238,1276,1514,0.14447018889361993
237,1265,1502,0.144525042031221
232,1261,1493,0.14457690164921666
227,1262,1489,0.1446381632040534
229,1266,1495,0.14470824403257615
237,1258,1495,0.14476948192472358
232,1258,1490,0.14480606421766581
232,1252,1484,0.14485240334913377
231,1264,1495,0.14489506770911872
227,1272,1499,0.14493533845343712
229,1267,1496,0.14498332885156368
227,1274,1501,0.14502039833468797
231,1272,1503,0.14505905481338868
228,1278,1506,0.14508517274298569
229,1283,1512,0.14511645650928437
228,1280,1508,0.1451431873227847
231,1282,1513,0.14517165071815247
232,1273,1505,0.14519299646958064
231,1269,1500,0.14520769327699903
232,1273,1505,0.14522392471354753
232,1279,1511,0.1452382649677192
228,1289,1517,0.14524994025732077
229,1290,1519,0.14527135475305578
227,1294,1521,0.14529066879207897
224,1305,1529,0.1453138808306768
221,1301,1522,0.1453449689277463
217,1308,1525,0.14538227721973127
210,1300,1510,0.14542605934482047
209,1313,1522,0.14548344874676652
209,1305,1514,0.14553842853598697
209,1297,1506,0.1455895062312238
203,1287,1490,0.14563551904258798
200,1292,1492,0.14569300807978247
204,1303,1507,0.14575561159008973
206,1297,1503,0.14580449902204365
208,1293,1501,0.14584376696113704
205,1288,1493,0.14587823803613026
203,1299,1502,0.14591745599171405
204,1306,1510,0.14595993071504643
208,1306,1514,0.14599630017492232
206,1311,1517,0.1460204004224566
204,1307,1511,0.14604815699596665
202,1312,1514,0.14607894773635655
202,1298,1500,0.14611239718768587
202,1311,1513,0.14614241119606047
203,1303,1506,0.14617147077227963
208,1302,1510,0.14619103724976554
210,1313,1523,0.14619854258311027
214,1316,1530,0.14620153271927797
215,1307,1522,0.14619566704821743
217,1292,1509,0.14618744246814788
217,1294,1511,0.146174038939693
221,1280,1501,0.14616190600607115
216,1287,1503,0.14613981858028288
212,1301,1513,0.14613300422801634
215,1298,1513,0.146135452779506
218,1293,1511,0.14613085688961464
217,1291,1508,0.1461178753375043
211,1295,1506,0.1461101110236374
210,1309,1519,0.14611803808805354
206,1314,1520,0.1461274345705032
206,1311,1517,0.1461452598277365
204,1310,1514,0.1461614419431163
199,1304,1503,0.1461825860143528
198,1314,1512,0.14621414748479367
200,1300,1500,0.14624499371085903
209,1302,1511,0.1462689196450595
208,1309,1517,0.14626817372205392
210,1311,1521,0.14627169429860715
214,1301,1515,0.14626883947995323
211,1305,1516,0.14625519651253988
215,1307,1522,0.14624991048007144
217,1320,1537,0.1462343334966922
215,1313,1528,0.1462174943186377
214,1304,1518,0.14620589965142103
211,1299,1510,0.14619726891214735
217,1304,1521,0.14619769550253175
214,1307,1521,0.14618194633493356
216,1307,1523,0.14617561599680687
216,1297,1513,0.14616579352163211
218,1293,1511,0.14615906375026647
217,1292,1509,0.14614794269493614
214,1295,1509,0.14613941193412538
214,1294,1508,0.14613834855872948
213,1286,1499,0.146137464489136
211,1297,1508,0.14613811659445075
212,1301,1513,0.14614387381989696
209,1291,1500,0.14614881387316409
205,1291,1496,0.14616116134593884
204,1300,1504,0.14618370142198966
206,1298,1504,0.14620722557049162
208,1290,1498,0.14622306358173404
205,1294,1499,0.1462324276454113
207,1296,1503,0.1462484211298406
205,1286,1491,0.14625818174204736
205,1301,1506,0.14627278589948736
205,1299,1504,0.14628697748977226
210,1303,1513,0.14629962255259368
208,1301,1509,0.14630064670152718
206,1301,1507,0.1463049825391732
212,1298,1510,0.14631200880817422
210,1292,1502,0.14630268388760712
213,1308,1521,0.14629862420223977
208,1313,1521,0.1462872433348667
209,1313,1522,0.14628851378558042
214,1313,1527,0.14628669251209456
215,1309,1524,0.14627262064182328
209,1308,1517,0.1462593541319025
218,1305,1523,0.1462629834827824
211,1297,1508,0.14624241681871333
214,1307,1521,0.14623928759042595
216,1297,1513,0.14622789767783204
210,1299,1509,0.14621373643453844
203,1304,1507,0.14621660381420976
200,1306,1506,0.14623723530061983
201,1318,1519,0.14626164421159796
200,1312,1512,0.14628278500216432
204,1311,1515,0.1463037921381928
198,1308,1506,0.14631366397245477
196,1303,1499,0.14633704302148143
198,1309,1507,0.1463649073619282
197,1311,1508,0.14638577020118973
199,1303,1502,0.1464075233737364
199,1306,1505,0.1464242309770723
196,1312,1508,0.1464392860765477
196,1322,1518,0.1464611104761968
196,1324,1520,0.14648102271568406
203,1329,1532,0.14650042517630293
206,1319,1525,0.14650250027789327
209,1316,1525,0.14649655723171337
201,1318,1519,0.14648507236571878
199,1325,1524,0.1464958679844547
197,1319,1516,0.14651071645695324
199,1319,1518,0.14652736546051914
201,1320,1521,0.14653911345967385
198,1317,1515,0.14654618138960507
198,1320,1518,0.1465610127567971
195,1317,1512,0.14657499838813415
191,1312,1503,0.14659217444257075
190,1304,1494,0.14661817057755275
187,1312,1499,0.1466446747198925
182,1331,1513,0.14667731570587295
184,1342,1526,0.1467187342556784
188,1345,1533,0.1467514169337857
186,1338,1524,0.14677272956403783
189,1327,1516,0.14679554150505172
185,1328,1513,0.14680934147508765
181,1338,1519,0.14683152510703334
181,1338,1519,0.14686403424086156
186,1337,1523,0.1468968839843915
185,1343,1528,0.14691368865465776
187,1334,1521,0.1469320100403533
181,1327,1508,0.146945100460627
177,1328,1505,0.1469716754530668
176,1323,1499,0.14700499819124627
180,1333,1513,0.14704009811759078
180,1341,1521,0.1470588766230775
178,1338,1516,0.1470780692344751
184,1326,1510,0.14710094991866815
186,1323,1509,0.14710743704722248
188,1324,1512,0.1471046244151509
187,1333,1520,0.1470986134171293
186,1333,1519,0.1470970105821759
185,1330,1515,0.14709885530635147
183,1334,1517,0.14710157215065198
181,1330,1511,0.14710834119157742
181,1330,1511,0.14712133991515153
181,1321,1502,0.14713397176403378
175,1334,1509,0.1471451693058169
173,1342,1515,0.14717030267925663
175,1354,1529,0.14719863404910533
173,1356,1529,0.1472217664010415
171,1342,1513,0.14724983574827127
174,1342,1516,0.1472801278927797
177,1336,1513,0.14730179058973725
178,1344,1522,0.14731363107912612
178,1343,1521,0.14732292278700293
173,1342,1515,0.14733137000916016
174,1344,1518,0.1473511733116401
171,1349,1520,0.14736825717138863
178,1343,1521,0.14739044290607925
180,1331,1511,0.14739318327960066
177,1319,1496,0.14738983230425565
173,1325,1498,0.14739511463402577
174,1325,1499,0.1474104898366303
170,1330,1500,0.14742270660413187
174,1342,1516,0.14744237046102898
172,1328,1500,0.14745158620471657
169,1328,1497,0.14746690131380868
167,1330,1497,0.14748889462051332
165,1327,1492,0.14751465734952052
162,1343,1505,0.14754198819473374
158,1337,1495,0.14757368667164456
161,1344,1505,0.14761372070453402
165,1342,1507,0.14764582472587226
169,1346,1515,0.1476654740692621
165,1352,1517,0.14767208791809158
168,1357,1525,0.14768802549386986
165,1347,1512,0.14769608506679704
166,1350,1516,0.1477112722679714
169,1342,1511,0.14772311767510837
170,1350,1520,0.1477237359348769
165,1350,1515,0.14772374580303946
161,1337,1498,0.1477360998624526
159,1356,1515,0.1477553943759619
159,1349,1508,0.14777953276670386
160,1347,1507,0.14780298613905501
161,1339,1500,0.14782117717419577
161,1341,1502,0.14783470129468348
161,1357,1518,0.14784664837180542
160,1367,1527,0.14785665048029709
161,1375,1536,0.14787032283716284
158,1367,1525,0.1478808107264219
154,1361,1515,0.14789843711919537
158,1354,1512,0.14792627725802476
160,1350,1510,0.14794371160378852
158,1343,1501,0.14795653718597618
158,1335,1493,0.14797250851745145
158,1343,1501,0.14798722279902132
155,1342,1497,0.14800066106813536
153,1347,1500,0.1480208139574845
160,1348,1508,0.1480452738723243
165,1342,1507,0.1480506388587381
162,1355,1517,0.14804358019416694
159,1356,1515,0.14804364573095077
160,1356,1516,0.14805101444278188
160,1363,1523,0.14805749688929945
162,1347,1509,0.14806404598107695
161,1354,1515,0.14806323815286646
161,1361,1522,0.14806536371590404
167,1363,1530,0.14806814975189578
165,1360,1525,0.14805686438380494
163,1361,1524,0.14805046627398008
166,1364,1530,0.14805087909158987
167,1361,1528,0.1480428229591627
166,1369,1535,0.14803380788861722
167,1357,1524,0.14802823684201727
167,1347,1514,0.14802099280051187
166,1357,1523,0.14801432584693597
168,1359,1527,0.1480103313365581
165,1346,1511,0.148002102869346
165,1339,1504,0.1480008080182231
169,1349,1518,0.14800186617483074
169,1357,1526,0.1479910717599366
167,1356,1523,0.14797912930105347
165,1368,1533,0.1479732201518712
165,1346,1511,0.14797272462254182
170,1358,1528,0.14797225861635865
169,1353,1522,0.14795935935778107
168,1350,1518,0.14795074527775245
170,1345,1515,0.14794619970996695
169,1360,1529,0.14793542120955905
169,1368,1537,0.14792944966297367
163,1359,1522,0.14792396335665775
161,1370,1531,0.14793465252348736
161,1374,1535,0.14794891551128017
160,1360,1520,0.14795941304579896
160,1350,1510,0.14797308874776335
161,1352,1513,0.14798681879741188
155,1344,1499,0.1479966800117505
154,1354,1508,0.1480217751697744
156,1355,1511,0.148048742150306
153,1362,1515,0.14806614947858704
155,1353,1508,0.1480889420992688
151,1364,1515,0.14810615212952186
152,1342,1494,0.148132748088169
153,1351,1504,0.14815409404057361
153,1353,1506,0.1481720148869777
153,1354,1507,0.14818932967606752
158,1363,1521,0.14820594328574146
155,1370,1525,0.14820658785381496
151,1378,1529,0.14821648622398967
152,1363,1515,0.14823452248748736
148,1360,1508,0.14824895122796733
152,1376,1528,0.14827362426179266
151,1360,1511,0.14828546374414714
148,1372,1520,0.14829868747754799
143,1380,1523,0.1483182846753919
145,1377,1522,0.14834914000640484
143,1377,1520,0.1483738924008972
142,1376,1518,0.14840218459385235
138,1373,1511,0.1484312301693193
136,1376,1512,0.14846909227745475
135,1389,1524,0.1485098843035342
135,1386,1521,0.14855075696137898
132,1388,1520,0.14858891792911227
130,1393,1523,0.14863252860196038
133,1394,1527,0.14867692893227422
133,1372,1505,0.14871061645509295
134,1370,1504,0.1487418565454843
133,1379,1512,0.14876849195229125
134,1387,1521,0.1487943583150391
135,1393,1528,0.14881615514863705
131,1396,1527,0.14883549985131875
125,1382,1507,0.14886321907222982
124,1388,1512,0.14890366107683636
123,1395,1518,0.14894485619225062
121,1401,1522,0.1489855286198807
121,1395,1516,0.1490282018972718
121,1397,1518,0.14906922782817578
121,1402,1523,0.1491076051164671
123,1405,1528,0.14914271609720473
120,1398,1518,0.14917081245282304
118,1410,1528,0.14920339107698258
116,1403,1519,0.14923740746944628
120,1399,1519,0.1492747233408578
120,1378,1498,0.14929920675065728
122,1387,1509,0.1493213206301121
122,1390,1512,0.1493370364532217
124,1399,1523,0.14935002847179335
125,1391,1516,0.1493572499608727
120,1404,1524,0.1493620955045199
118,1412,1530,0.14937801265436057
121,1389,1510,0.149398079660437
121,1400,1521,0.14940837573998816
120,1392,1512,0.1494185183406136
124,1398,1522,0.14943174057949224
125,1398,1523,0.14943358482024716
129,1402,1531,0.14943440382728643
126,1395,1521,0.1494249808483388
122,1387,1509,0.14942421315343699
121,1398,1519,0.1494318630879262
122,1397,1519,0.14944243579208544
124,1409,1533,0.14944939668150248
123,1399,1522,0.14945097916364242
127,1406,1533,0.14945457303790677
123,1393,1516,0.14944884238217526
125,1405,1530,0.14945389279465396
121,1390,1511,0.14945418738954253
121,1393,1514,0.14946316202052226
123,1394,1517,0.1494699633448959
123,1388,1511,0.14947237810761954
123,1399,1522,0.14947603295824563
126,1401,1527,0.14947882651472746
127,1396,1523,0.14947450960057154
126,1393,1519,0.1494678512418077
127,1399,1526,0.1494643917433863
126,1390,1516,0.14945533788054413
128,1384,1512,0.1494497889779115
126,1379,1505,0.14944070188426342
128,1378,1506,0.14943738784717905
131,1391,1522,0.14942709404518748
130,1402,1532,0.14941180088310627
129,1396,1525,0.1494003925116161
126,1386,1512,0.1493924739939233
124,1398,1522,0.1493924334130022
130,1389,1519,0.14939832335832695
130,1402,1532,0.1493901099104986
128,1393,1521,0.14938093989567727
126,1387,1513,0.14937812126681738
127,1390,1517,0.14937818585182114
131,1403,1534,0.14937471535339877
131,1395,1526,0.14936195644772218
131,1386,1517,0.14935113252644755
130,1388,1518,0.14934027329228614
129,1390,1519,0.14933291320280265
128,1380,1508,0.14932789090592777
127,1369,1496,0.14932590049138472
125,1377,1502,0.14932708414298712
124,1377,1501,0.1493328272025968
126,1388,1514,0.1493420254219199
126,1372,1498,0.1493445953600032
129,1372,1501,0.14934577772060995
127,1385,1512,0.14934011376466172
127,1392,1519,0.14934007086736512
126,1395,1521,0.14934125643092863
125,1403,1528,0.14934540311602562
121,1403,1524,0.14935223385813765
121,1397,1518,0.14936932784224108
118,1404,1522,0.14938541852029208
116,1398,1514,0.1494081481184195
119,1392,1511,0.1494336957120166
118,1401,1519,0.14945181125405585
119,1401,1520,0.14947008655284866
117,1388,1505,0.1494847953441987
117,1388,1505,0.14950492434730428
120,1393,1513,0.14952171858773475
119,1400,1519,0.14953078697326722
120,1403,1523,0.14954159259164732
120,1408,1528,0.14955032715853908
118,1403,1521,0.1495586271869355
115,1399,1514,0.1495700224423951
114,1408,1522,0.14958760113330222
112,1404,1516,0.14960761044350002
118,1408,1526,0.14963068371625532
118,1402,1520,0.14963566987174493
118,1406,1524,0.1496410885923447
117,1407,1524,0.1496457804359339
112,1400,1512,0.14965331627375994
109,1407,1516,0.14967062529945077
115,1392,1507,0.14969360236481197
113,1388,1501,0.14970101831692875
114,1400,1514,0.14971330226538382
110,1393,1503,0.14972079219294915
108,1395,1503,0.14973968431853377
109,1406,1515,0.1497626579566728
108,1401,1509,0.14978248691681684
109,1407,1516,0.14980279356523404
108,1411,1519,0.1498186742757467
109,1401,1510,0.14983571480793492
108,1396,1504,0.14984954747410278
110,1393,1503,0.14986480141794523
109,1404,1513,0.14987309230045306
109,1393,1502,0.14988448314735098
108,1408,1516,0.149895181666648
108,1418,1526,0.14990886081578286
110,1416,1526,0.14992153301302205
110,1412,1522,0.14992808386094986
107,1411,1518,0.14993499691386888
106,1415,1521,0.14994851313436036
105,1415,1520,0.14996360315018714
104,1411,1515,0.1499806060582171
104,1412,1516,0.14999844381669675
100,1407,1507,0.1500153736125664
101,1409,1510,0.150040823758474
103,1409,1512,0.15006202178380057
101,1419,1520,0.15007737229175316
101,1418,1519,0.15009601563434827
100,1429,1529,0.1501141386676674
101,1425,1526,0.15013373095887603
102,1425,1527,0.15014819462357404
101,1435,1536,0.15015998266783154
96,1440,1536,0.15017319188599412
91,1432,1523,0.15019739843026375
91,1432,1523,0.1502329718540264
92,1423,1515,0.1502657556367663
97,1426,1523,0.15029288515424394
96,1422,1518,0.15030538517064204
94,1432,1526,0.15032080999723862
93,1429,1522,0.1503396922343022
92,1433,1525,0.15036029498246092
93,1438,1531,0.1503835025758721
94,1429,1523,0.15040204694788373
93,1423,1516,0.15041717849701558
90,1425,1515,0.15043444900476835
92,1423,1515,0.1504574726487607
91,1430,1521,0.15047389443301454
88,1424,1512,0.15049027265379375
86,1431,1517,0.15051336232807275
85,1432,1517,0.15054023145134898
86,1433,1519,0.1505663086980009
83,1428,1511,0.15058918787724576
83,1442,1525,0.15061692027645762
79,1457,1536,0.15064382530675327
78,1450,1528,0.15067876983854803
77,1449,1526,0.1507144232261319
76,1440,1516,0.1507495677606135
78,1450,1528,0.15078533696389018
78,1448,1526,0.15081302070132613
79,1455,1534,0.1508359303960894
78,1454,1532,0.15085240756266735
76,1445,1521,0.15087152304919824
73,1442,1515,0.15089573426212627
71,1451,1522,0.15092486473722097
75,1447,1522,0.15095693631476215
70,1449,1519,0.15097594164748857
71,1437,1508,0.15100781507254216
67,1453,1520,0.1510349876768442
68,1446,1514,0.15107028030535405
66,1449,1515,0.1511006106092024
68,1448,1516,0.15113479251569614
68,1458,1526,0.15116301006846317
66,1462,1528,0.1511902255905097
68,1454,1522,0.15121988793808225
67,1449,1516,0.15124269103367746
66,1468,1534,0.15126564487834085
64,1469,1533,0.151287904598165
63,1464,1527,0.15131484055983105
62,1466,1528,0.15134196037936734
61,1462,1523,0.15137027375969025
59,1468,1527,0.15139970569745448
59,1457,1516,0.15143195794129402
59,1459,1518,0.15146147632528362
58,1475,1533,0.15148991691199806
58,1480,1538,0.15151951032209554
57,1471,1528,0.15154802595669115
58,1473,1531,0.151577293544517
58,1469,1527,0.15160301986396094
56,1467,1523,0.15162481137292189
53,1454,1507,0.15165128831116617
52,1463,1515,0.15168312900835446
54,1470,1524,0.15171549646174065
54,1462,1516,0.15173870916650198
55,1454,1509,0.15176121511883703
55,1460,1515,0.15177973485655838
57,1467,1524,0.15179665398188813
58,1472,1530,0.15180763781486054
57,1449,1506,0.15181409347114308
55,1451,1506,0.15182253670987728
57,1450,1507,0.1518357461303002
58,1458,1516,0.1518427860724188
55,1470,1525,0.1518471576585536
53,1463,1516,0.15185917688089182
52,1485,1537,0.1518764242349075
50,1464,1514,0.15189543876309416
48,1474,1522,0.1519182328885068
48,1472,1520,0.15194451701862785
48,1464,1512,0.1519685845733904
45,1457,1502,0.15199199496630386
45,1473,1518,0.1520209122056053
45,1471,1516,0.15204848942637303
47,1473,1520,0.15207476740273532
48,1469,1517,0.15209338691356422
50,1466,1516,0.15210827487990486
51,1468,1519,0.15211759000786165
49,1464,1513,0.15212386591540838
49,1454,1503,0.15213470063331505
45,1459,1504,0.15214335078319813
46,1464,1510,0.15216078200222663
45,1469,1514,0.15217535236827578
46,1463,1509,0.1521917994755453
47,1463,1510,0.15220451142575145
46,1458,1504,0.1522137665464305
45,1469,1514,0.15222419723452854
45,1475,1520,0.1522359920344514
45,1459,1504,0.15224776742906698
45,1461,1506,0.15225915465373452
47,1458,1505,0.15226893163007996
49,1471,1520,0.1522722665652514
52,1458,1510,0.15226973006446182
54,1457,1511,0.15225917930006558
52,1461,1513,0.15224330841495728
53,1455,1508,0.15223351871580146
56,1463,1519,0.15222256982573412
56,1476,1532,0.15220379184612587
57,1477,1534,0.1521872137644748
61,1465,1526,0.1521707005791202
60,1473,1533,0.15214461921242572
58,1475,1533,0.15212365794167204
59,1469,1528,0.15210947353985266
55,1470,1525,0.15209485678541732
56,1471,1527,0.1520912319957928
57,1475,1532,0.15208653940025157
53,1472,1525,0.15207964046759584
54,1466,1520,0.15208307794009218
56,1465,1521,0.15208349524521111
54,1465,1519,0.15207898327784464
56,1454,1510,0.15208023331517925
55,1463,1518,0.15207652460599744
55,1470,1525,0.15207492868901626
55,1470,1525,0.1520742034338103
54,1463,1517,0.15207344038274864
53,1459,1512,0.1520757682444513
52,1461,1513,0.15207858213157077
54,1470,1524,0.15208308273910168
55,1470,1525,0.15208258218993453
56,1475,1531,0.15207858216271453
57,1459,1516,0.15207259838819134
57,1467,1524,0.15206566683382905
56,1450,1506,0.1520589749226521
57,1453,1510,0.15205577922230912
56,1453,1509,0.15204973476873274
58,1449,1507,0.1520460625884386
57,1445,1502,0.15203879055555322
58,1455,1513,0.15203324302184548
61,1468,1529,0.15202532579250483
60,1468,1528,0.15200910608143542
58,1466,1524,0.15199710945508701
54,1470,1524,0.1519919185391175
52,1474,1526,0.15199734059497072
54,1475,1529,0.15200765412506118
53,1478,1531,0.1520132178044932
53,1467,1520,0.15202130640779765
53,1463,1516,0.15202841607431594
53,1473,1526,0.15203293144214552
53,1473,1526,0.15203796997592012
49,1468,1517,0.15204372473948832
50,1478,1528,0.15205759490148962
50,1469,1519,0.15206852279100289
51,1480,1531,0.15207950888348554
52,1492,1544,0.15208608910695948
50,1465,1515,0.15208963103762504
52,1472,1524,0.152098132529239
50,1471,1521,0.15210157532607319
49,1465,1514,0.1521099825644216
50,1480,1530,0.15212110830902056
51,1484,1535,0.15212890275653426
51,1471,1522,0.15213251816565174
50,1474,1524,0.15213611538165345
50,1459,1509,0.1521424421930697
52,1462,1514,0.15214709488013425
53,1463,1516,0.15214705897490993
54,1463,1517,0.15214359210494813
52,1470,1522,0.15213828888312786
54,1472,1526,0.15213903848552904
51,1458,1509,0.15213478214623086
51,1473,1524,0.15213816992244744
50,1484,1534,0.15214213571255375
51,1479,1530,0.15214872889914816
53,1471,1524,0.1521522882402886
52,1472,1524,0.15215078236829208
51,1477,1528,0.15214991748917686
52,1478,1530,0.15215256378285588
50,1478,1528,0.15215164120329297
51,1465,1516,0.1521559836717305
51,1462,1513,0.15215855282781415
52,1463,1515,0.15216171004273293
51,1467,1518,0.1521617279633128
50,1464,1514,0.15216361565467493
49,1457,1506,0.15216854969618432
48,1470,1518,0.15217647331975967
49,1475,1524,0.15218622379013788
49,1463,1512,0.15219163508993058
51,1450,1501,0.15219632532951352
51,1438,1489,0.15219496921784184
48,1454,1502,0.15219261703306247
47,1450,1497,0.15219885537746947
49,1468,1517,0.1522054960630761
50,1471,1521,0.15220817488299268
50,1464,1514,0.1522085346229712
51,1453,1504,0.15220933591663985
49,1466,1515,0.1522076405103961
49,1455,1504,0.152211325825581
46,1443,1489,0.15221540368762862
49,1447,1496,0.15222669622928936
49,1456,1505,0.15222995669708017
49,1477,1526,0.15223370963567961
46,1473,1519,0.15223785858969022
46,1472,1518,0.1522492329434839
46,1478,1524,0.15226038242019452
43,1475,1518,0.15227127547946753
41,1479,1520,0.15228833953305135
43,1452,1495,0.15230904761755742
42,1456,1498,0.15232308123869898
44,1467,1511,0.1523388020712818
43,1465,1508,0.15234741510737027
45,1465,1510,0.15235821020864937
45,1473,1518,0.15236232445836306
43,1465,1508,0.1523667560005459
44,1482,1526,0.1523750224679591
44,1468,1512,0.1523801475827315
43,1479,1522,0.15238563636623292
45,1457,1502,0.152394256625786
46,1460,1506,0.15239710657684255
46,1471,1517,0.1523965604778864
44,1478,1522,0.15239673347171592
44,1474,1518,0.15240100745841229
44,1474,1518,0.15240381467538122
44,1477,1521,0.15240703541290337
44,1488,1532,0.15241075810330312
44,1480,1524,0.15241450344574747
45,1486,1531,0.1524185908132754
47,1480,1527,0.1524186629973611
45,1480,1525,0.1524142826959597
47,1476,1523,0.15241536186067323
47,1475,1522,0.15241060886263288
43,1480,1523,0.15240651823828813
43,1480,1523,0.1524123940464865
42,1479,1521,0.1524176956741699
42,1469,1511,0.1524262305909815
42,1471,1513,0.1524342654325401
44,1483,1527,0.15244233091798823
44,1487,1531,0.15244524603880033
46,1474,1520,0.15244848413752352
46,1471,1517,0.1524454534737641
45,1470,1515,0.15244109588451057
45,1461,1506,0.15243887139238793
47,1472,1519,0.15243649788929794
46,1471,1517,0.1524294647563617
45,1463,1508,0.1524247372263175
45,1470,1515,0.152423335956611
43,1456,1499,0.15242282300192933
44,1455,1499,0.15242660669256422
44,1465,1509,0.1524274255532102
42,1467,1509,0.15242798247039463
41,1479,1520,0.15243340525150909
41,1486,1527,0.1524413989990591
40,1473,1513,0.15244958683453608
40,1482,1522,0.15246006153419628
40,1482,1522,0.15247045440247464
41,1476,1517,0.15248071663255733
41,1467,1508,0.15248691786036936
41,1470,1511,0.15249331760272766
40,1467,1507,0.15249869927446702
40,1476,1516,0.1525064920047094
39,1471,1510,0.1525143320344374
40,1479,1519,0.1525242988231676
40,1488,1528,0.1525308334616802
40,1487,1527,0.15253732912848636
40,1491,1531,0.15254388260805424
38,1486,1524,0.15255044629857287
38,1477,1515,0.15256148825489796
38,1462,1500,0.1525721751254589
35,1467,1502,0.15258249759731868
35,1474,1509,0.15259932284916627
35,1470,1505,0.15261532024974273
32,1480,1512,0.15263052082323203
32,1483,1515,0.15265153251825186
32,1485,1517,0.15267012076519634
33,1489,1522,0.15268761001009573
32,1489,1521,0.1527018179315172
33,1483,1516,0.15271786890695918
34,1473,1507,0.15273055832687235
34,1472,1506,0.15273988134210836
34,1472,1506,0.15274775494148798
37,1464,1501,0.15275512434186012
36,1487,1523,0.15275369535052152
37,1485,1522,0.15275581297494495
38,1472,1510,0.1527539541829069
38,1470,1508,0.15275053363578997
38,1468,1506,0.1527478395144938
39,1470,1509,0.15274577764597594
38,1471,1509,0.152741040262144
38,1484,1522,0.15273808362735827
38,1490,1528,0.15273585407613385
39,1483,1522,0.1527331509118412
39,1482,1521,0.1527292139535763
40,1487,1527,0.15272600042829532
39,1481,1520,0.15272016231259658
37,1484,1521,0.1527173428753194
36,1472,1508,0.15271944850458985
37,1490,1527,0.1527237439380379
37,1481,1518,0.1527258897003395
37,1479,1516,0.15272809075367821
37,1487,1524,0.15273024498227794
36,1479,1515,0.15273142369334486
38,1475,1513,0.15273400811875926
36,1488,1524,0.15273156928902773
34,1486,1520,0.1527342205020244
35,1489,1524,0.15274157062864543
36,1481,1517,0.1527454801938382
36,1497,1533,0.15274734226386966
36,1500,1536,0.15274924806820855
33,1487,1520,0.15275150324044148
33,1493,1526,0.15276057167343782
33,1476,1509,0.15276771785942844
33,1484,1517,0.15277493569466116
32,1479,1511,0.15278145423026498
33,1489,1522,0.1527903811189418
34,1489,1523,0.1527959119378186
33,1493,1526,0.15279831857683404
31,1487,1518,0.15280327235904567
33,1482,1515,0.15281271543106068
35,1485,1520,0.15281655753464707
35,1492,1527,0.15281471917984132
35,1497,1532,0.1528136118638729
33,1500,1533,0.15281313100066302
34,1493,1527,0.15281753332178735
34,1499,1533,0.15281897311564413
33,1478,1511,0.15281973482688757
34,1467,1501,0.15282337839079832
35,1476,1511,0.15282388034967087
35,1496,1531,0.15282243348566987
35,1490,1525,0.15282161121915405
35,1492,1527,0.1528213234741892
33,1495,1528,0.15282036200017596
32,1492,1524,0.15282448447644087
32,1503,1535,0.15283098064149742
32,1490,1522,0.1528374711868913
31,1487,1518,0.15284391857421573
34,1472,1506,0.15285244857389593
33,1477,1510,0.1528519156986375
35,1482,1517,0.1528534874141628
36,1489,1525,0.15284963761747264
35,1487,1522,0.15284335211849073
33,1496,1529,0.15283831876700354
33,1493,1526,0.15283967245589702
34,1499,1533,0.15284125036260712
33,1486,1519,0.15284011447768012
34,1494,1528,0.15284185446734389
34,1492,1526,0.1528407785244702
34,1498,1532,0.15284024828156575
35,1496,1531,0.1528403041509748
35,1488,1523,0.15283759223282534
35,1489,1524,0.1528350909255213
36,1488,1524,0.15283329711279706
36,1480,1516,0.15282782022497046
35,1476,1511,0.1528233359842856
34,1477,1511,0.1528218997908645
34,1471,1505,0.15282332207919042
34,1473,1507,0.1528251354260707
32,1490,1522,0.15282707169905446
33,1489,1522,0.15283362709898587
32,1493,1525,0.15283690015988127
32,1478,1510,0.1528414387724936
31,1489,1520,0.1528462065349489
31,1482,1513,0.15285354154377562
30,1487,1517,0.1528608198366743
29,1478,1507,0.15287025534592946
27,1492,1519,0.1528815835430868
27,1493,1520,0.15289742233281858
26,1486,1512,0.15291249180723473
26,1478,1504,0.1529283550306518
26,1488,1514,0.15294339842413954
26,1481,1507,0.15295773121919537
24,1493,1517,0.15297085679705028
24,1485,1509,0.15298771785894133
26,1489,1515,0.15300374939337302
27,1484,1511,0.15301282271715405
28,1492,1520,0.1530184315752806
27,1484,1511,0.1530212519657481
27,1484,1511,0.15302652864449548
27,1485,1512,0.15303187582336103
27,1489,1516,0.15303730651850178
28,1491,1519,0.15304248536617343
28,1482,1510,0.15304442266822366
29,1472,1501,0.15304577913707879
29,1487,1516,0.1530442034533969
28,1485,1513,0.15304321361020937
28,1502,1530,0.1530450675588421
26,1498,1524,0.1530471914326333
26,1492,1518,0.153053835679145
27,1502,1529,0.1530603888866453
28,1489,1517,0.15306376907048236
28,1487,1515,0.15306401846468334
30,1485,1515,0.1530646685657774
27,1481,1508,0.15305926032762393
26,1497,1523,0.1530613335404266
26,1503,1529,0.1530664489914247
26,1494,1520,0.1530716295066582
25,1495,1520,0.15307683467121055
27,1491,1518,0.1530848336900377
27,1484,1511,0.15308620322725713
25,1496,1521,0.15308788006353255
24,1506,1530,0.15309413776913403
23,1509,1532,0.15310206670719295
23,1502,1525,0.15311201653781406
22,1503,1525,0.15312162688895867
22,1509,1531,0.15313318626650202
21,1495,1516,0.15314427707922937
21,1492,1513,0.1531571780022099
19,1490,1509,0.15316947593176092
21,1488,1509,0.15318551033322272
19,1482,1501,0.15319423585190595
19,1485,1504,0.15320655601040015
19,1495,1514,0.15321849059822212
19,1494,1513,0.153230027712084
18,1496,1514,0.1532411596025072
18,1501,1519,0.1532540467701887
19,1486,1505,0.15326528395869357
18,1491,1509,0.1532739328714214
18,1484,1502,0.1532845912549947
18,1490,1508,0.1532951487068681
17,1501,1518,0.1533052754456849
16,1489,1505,0.15331718498328434
16,1498,1514,0.15333071866540757
15,1500,1515,0.15334357959094627
16,1510,1526,0.15335803768655565
16,1508,1524,0.15336846655957584
16,1511,1527,0.15337847078091282
16,1505,1521,0.15338696165322577
15,1507,1522,0.15339521383250992
15,1512,1527,0.15340553140410057
16,1516,1532,0.15341543346484052
17,1515,1532,0.15342165763195886
17,1502,1519,0.15342451782952285
16,1508,1524,0.15342756244756367
15,1495,1510,0.15343292047830637
14,1500,1514,0.1534404111737411
14,1504,1518,0.15344987689924905
14,1505,1519,0.1534590063506033
12,1501,1513,0.15346779685521061
12,1498,1510,0.15348061082486306
13,1503,1516,0.15349222008055644
13,1515,1528,0.15350076089543582
14,1500,1514,0.15350828208530753
13,1506,1519,0.15351235903236493
13,1511,1524,0.15351871307407058
12,1509,1521,0.15352393585066287
13,1516,1529,0.15353153675148135
13,1511,1524,0.15353667255115191
13,1507,1520,0.15354183253874557
13,1513,1526,0.15354698284616952
12,1517,1529,0.1535520947847247
12,1510,1522,0.15355975257448606
11,1506,1517,0.1535671265920639
11,1515,1526,0.15357660649341104
11,1498,1509,0.15358563585298957
10,1518,1528,0.1535942298332926
10,1511,1521,0.15360465171590504
10,1514,1524,0.15361452359257854
10,1507,1517,0.15362387074040626
10,1510,1520,0.1536327176939879
10,1517,1527,0.15364108821342534
10,1519,1529,0.15364900526174774
10,1505,1515,0.15365649099046663
10,1496,1506,0.153663566732112
8,1500,1508,0.15366912473826935
8,1501,1509,0.15367907457367655
8,1503,1511,0.1536885251954199
10,1506,1516,0.15369749665014684
8,1519,1527,0.15370028771468544
8,1511,1519,0.15370744840142922
9,1510,1519,0.15371436747960426
9,1515,1524,0.15371874261339397
10,1517,1527,0.15372302256523804
10,1532,1542,0.15372393493319653
10,1509,1519,0.15372503771982846
10,1514,1524,0.15372629556290346
10,1520,1530,0.1537276775484742
11,1505,1516,0.1537291567185034
11,1505,1516,0.15372762167981666
11,1498,1509,0.15372641840810147
11,1500,1511,0.15372550381044353
11,1505,1516,0.15372483961640956
12,1498,1510,0.1537243918732873
12,1493,1505,0.15372085891012158
12,1490,1502,0.15371779126043983
12,1503,1515,0.15371513646435964
12,1503,1515,0.15371284758267464
11,1503,1514,0.15371088263640012
11,1513,1524,0.15371137626119646
11,1522,1533,0.15371199105154765
11,1526,1537,0.15371270501081905
11,1523,1534,0.15371349889474917
11,1524,1535,0.1537143559072991
11,1522,1533,0.15371526142821865
10,1508,1518,0.15371620276912196
11,1490,1501,0.15371933383841865
11,1492,1503,0.1537201130500327
11,1496,1507,0.15372091859342826
11,1501,1512,0.15372174174014985
11,1504,1515,0.15372257498121436
11,1510,1521,0.15372341188643288
11,1509,1520,0.15372424697871176
11,1501,1512,0.15372507562180013
11,1495,1506,0.15372480988710152
11,1489,1500,0.15372460301499463
12,1498,1510,0.1537245447648618
13,1505,1518,0.15372134988434352
12,1505,1517,0.15371529351400678
13,1505,1518,0.15371208678518009
13,1502,1515,0.15370709948206024
13,1485,1498,0.1537016443687242
14,1482,1496,0.15369685107856434
13,1495,1508,0.15368939125289457
13,1493,1506,0.15368531761731077
13,1503,1516,0.15368179329760728
13,1513,1526,0.15367875577835816
13,1513,1526,0.15367614915267835
13,1503,1516,0.15367392344988906
14,1519,1533,0.15367203403011756
14,1505,1519,0.1536671624413967
14,1505,1519,0.1536628582772715
14,1500,1514,0.15365906081852723
16,1501,1517,0.15365571557047766
16,1487,1503,0.15364659763539623
16,1495,1511,0.15363839687697334
16,1504,1520,0.15363102276269724
16,1486,1502,0.15362384278474128
15,1496,1511,0.15361590167306996
14,1481,1495,0.15361121990631055
13,1501,1514,0.15360936360824287
12,1498,1510,0.1536102601341048
12,1507,1519,0.15361429560667586
12,1504,1516,0.15361827986122933
9,1511,1520,0.15362219707319996
10,1495,1505,0.1536330878185888
9,1505,1514,0.15364083761430067
9,1499,1508,0.15365060145640125
9,1494,1503,0.15365986408570906
9,1503,1512,0.15366864711616082
9,1498,1507,0.1536769716971025
9,1484,1493,0.1536848584600609
8,1490,1498,0.1536923274765665
8,1497,1505,0.15370154673105016
9,1493,1502,0.15371025599929808
9,1509,1518,0.15371531804915048
9,1516,1525,0.15372021099194935
10,1503,1513,0.15372493165579823
10,1496,1506,0.15372636513668195
9,1508,1517,0.15372790694656732
9,1510,1519,0.153731675355541
7,1507,1514,0.1537353743318267
8,1503,1511,0.15374344899123077
10,1505,1515,0.15374880829994325
11,1510,1521,0.15374833509526128
11,1500,1511,0.1537457233557465
11,1495,1506,0.15374351013637533
12,1497,1509,0.15374164814650468
13,1500,1513,0.15373589009959102
12,1503,1515,0.15372760052539522
11,1498,1509,0.15372243717154482
11,1512,1523,0.15372024928359707
11,1497,1508,0.15371854895527554
12,1494,1506,0.15371727235043514
12,1506,1518,0.15371310016549247
12,1506,1518,0.15370954980850055
11,1502,1513,0.1537065479481415
10,1491,1501,0.15370699993878928
10,1488,1498,0.15370976305110126
10,1507,1517,0.15371253226091247
10,1518,1528,0.1537152900807917
9,1506,1515,0.15371802175680663
9,1513,1522,0.15372315808399023
8,1515,1523,0.15372769380654694
7,1525,1532,0.15373443735379244
8,1523,1531,0.15374324929089955
7,1516,1523,0.15374830353024496
7,1510,1517,0.1537563707364686
7,1509,1516,0.15376398955130063
7,1520,1527,0.15377118284920557
8,1519,1527,0.1537779725585283
8,1516,1524,0.15378111561014782
8,1511,1519,0.15378420091177672
8,1512,1520,0.1537872187942488
8,1502,1510,0.15379016147010474
8,1505,1513,0.15379302279273407
8,1503,1511,0.15379579804248486
8,1496,1504,0.1537984837369037
9,1499,1508,0.1538010774625548
8,1503,1511,0.15380038812553012
8,1519,1527,0.1538020944658167
8,1513,1521,0.1538038388693495
8,1517,1525,0.15380560537567212
9,1517,1526,0.15380738030467614
9,1514,1523,0.1538060017543339
9,1509,1518,0.1538048975080072
9,1507,1516,0.1538040326126749
8,1516,1524,0.15380337599188157
7,1515,1522,0.15380505574947115
7,1518,1525,0.15380951296470388
6,1522,1528,0.15381375660475755
7,1519,1526,0.15381997478202114
7,1516,1523,0.15382344948736473
7,1508,1515,0.15382677887543164
7,1508,1515,0.15382996541430535
7,1507,1514,0.1538330120344795
7,1504,1511,0.15383592204197313
7,1506,1513,0.15383869904235867
7,1510,1517,0.15384134687450046
7,1502,1509,0.15384386955292645
6,1503,1509,0.1538462712178669
5,1504,1509,0.1538508088413039
6,1504,1510,0.1538572422651245
6,1493,1499,0.15386024189449313
6,1496,1502,0.1538631595361187
7,1503,1510,0.15386599030550183
8,1511,1519,0.15386545759368844
8,1512,1520,0.1538625617125799
8,1518,1526,0.15386004688197633
8,1501,1509,0.15385787029833742
7,1503,1510,0.15385599364094438
7,1497,1504,0.15385653342116679
7,1506,1513,0.15385717803805704
7,1514,1521,0.15385790785253037
7,1512,1519,0.15385870569531496
7,1519,1526,0.15385955659424935
7,1510,1517,0.15386044752992023
7,1505,1512,0.1538613672167897
7,1507,1514,0.15386230590724173
7,1512,1519,0.1538632552162335
7,1513,1520,0.15386420796446404
8,1523,1531,0.15386515803818082
8,1517,1525,0.15386283034046
8,1512,1520,0.15386079630329016
8,1515,1523,0.15385902340465712
8,1512,1520,0.15385748251304565
8,1512,1520,0.1538561475452005
8,1503,1511,0.1538549951577989
8,1505,1513,0.15385400446971206
8,1517,1525,0.15385315681185469
7,1523,1530,0.15385243550191605
7,1524,1531,0.1538539826511755
7,1523,1530,0.1538554969133939
5,1519,1524,0.15385697430918327
5,1506,1511,0.15386272186931463
5,1511,1516,0.15386816349716056
4,1505,1509,0.153873313432666
4,1505,1509,0.15388058576587493
4,1516,1520,0.15388742493975385
4,1506,1510,0.1538938562459085
5,1516,1521,0.15389990355034106
5,1516,1521,0.15390231448261701
5,1504,1509,0.1539046912410179
4,1520,1524,0.15390702488017222
4,1518,1522,0.15391229007929952
5,1518,1523,0.15391723908971003
5,1512,1517,0.15391862651935073
5,1508,1513,0.15392003918324948
4,1511,1515,0.15392146488056455
4,1515,1519,0.15392506666656783
4,1500,1504,0.15392852946547708
4,1507,1511,0.15393185394962644
4,1516,1520,0.1539350415045558
4,1517,1521,0.15393809411267145
4,1524,1528,0.15394101425103313
3,1526,1529,0.15394380480172962
3,1519,1522,0.15394862765000025
3,1509,1512,0.1539531966475456
3,1506,1509,0.15395752336195578
3,1503,1506,0.15396161903542854
3,1519,1522,0.15396549456772265
3,1507,1510,0.1539691605037305
3,1516,1519,0.15397262702504086
3,1517,1520,0.15397590394493485
3,1510,1513,0.15397900070632287
3,1524,1527,0.15398192638218697
3,1525,1528,0.15398468967814555
3,1538,1541,0.1539872989368017
3,1523,1526,0.15398976214357923
3,1517,1520,0.15399208693378477
3,1507,1510,0.1539942806006676
3,1515,1518,0.15399635010427878
3,1517,1520,0.1539983020809543
3,1508,1511,0.1540001428532722
3,1498,1501,0.15400187844035207
3,1503,1506,0.15400351456838432
3,1497,1500,0.1540050566812916
3,1516,1519,0.15400650995143933
3,1518,1521,0.15400787929032458
3,1511,1514,0.15400916935918318
3,1498,1501,0.15401038457946473
3,1510,1513,0.15401152914313382
3,1512,1515,0.15401260702276243
3,1503,1506,0.15401362198138613
3,1510,1513,0.15401457758210144
3,1510,1513,0.15401547719738654
3,1507,1510,0.15401632401813295
2,1497,1499,0.15401712106237808
2,1529,1531,0.1540200362493238
2,1521,1523,0.15402277622089364
2,1511,1513,0.15402535141912543
2,1506,1508,0.15402777167260007
2,1506,1508,0.15403004623159863
1,1517,1518,0.15403218380133402
1,1510,1511,0.15403636500475584
1,1512,1513,0.1540402936646864
1,1509,1510,0.1540439849872299
1,1518,1519,0.15404745326759323
1,1511,1512,0.15405071194418835
1,1512,1513,0.15405377364956732
1,1523,1524,0.15405665025837056
1,1502,1503,0.15405935293245965
1,1512,1513,0.15406189216339594
1,1524,1525,0.15406427781241835
1,1532,1533,0.15406651914806338
1,1523,1524,0.15406862488156514
1,1517,1518,0.1540706032001628
1,1519,1520,0.1540724617984377
1,1518,1519,0.15407420790779394
1,1505,1506,0.15407584832419147
1,1511,1512,0.15407738943423344
1,1521,1522,0.15407883723970303
1,1508,1509,0.1540801973806425
1,1517,1518,0.15408147515705792
1,1501,1502,0.15408267554933197
1,1506,1507,0.15408380323741958
1,1502,1503,0.15408486261889867
1,1503,1504,0.15408585782594364
1,1512,1513,0.1540867927412847
1,1512,1513,0.15408767101321355
1,1517,1518,0.15408849606969122
1,1522,1523,0.15408927113161203
1,1517,1518,0.15408999922527286
1,1505,1506,0.15409068319409572
1,1503,1504,0.15409132570964723
1,1500,1501,0.15409192928199741
1,1505,1506,0.1540924962694569
1,1518,1519,0.15409302888772936
1,1522,1523,0.1540935292185143
1,1517,1518,0.15409399921759315
1,1532,1533,0.15409444072242895
1,1519,1520,0.15409485545930918
1,1517,1518,0.15409524505005884
1,1526,1527,0.15409561101834954
1,1519,1520,0.1540959547956287
1,1515,1516,0.15409627772669193
1,1515,1516,0.15409658107491914
1,1514,1515,0.15409686602719577
1,1514,1515,0.15409713369853714
1,1515,1516,0.1540973851364335
1,1513,1514,0.1540976213249339
2,1508,1510,0.15409784318848307
1,1498,1499,0.15409478364461696
1,1507,1508,0.15409517729266656
2,1508,1510,0.1540955471349338
2,1512,1514,0.15409271982075967
2,1505,1507,0.15409016177594073
2,1515,1517,0.1540878471939591
2,1525,1527,0.15408575275167777
2,1531,1533,0.15408385736973454
2,1523,1525,0.15408214199609332
2,1519,1521,0.1540805894105117
1,1506,1507,0.1540791840479014
1,1510,1511,0.1540800834666557
1,1505,1506,0.15408097161798712
1,1502,1503,0.1540818449459812
1,1522,1523,0.15408270052481027
1,1513,1514,0.1540835359800571
1,1509,1510,0.15408434941875732
1,1509,1510,0.15408513936724696
1,1512,1513,0.1540859047159947
2,1517,1519,0.1540866446706817
2,1525,1527,0.15408408149809502
1,1515,1516,0.1540817984898103
1,1517,1518,0.15408283841224907
1,1519,1520,0.15408382930044173
1,1524,1525,0.15408477274505802
0,1514,1514,0.1540856703760478
