1383,27,1410,0.13579591994519996
1405,31,1436,0.13290458941984956
1425,30,1455,0.1302160563363937
1444,34,1478,0.12771775705080018
1437,35,1472,0.12539427335845738
1444,35,1479,0.12329990772678764
1449,37,1486,0.12137778315475072
1442,38,1480,0.11961759555885862
1458,38,1496,0.11803542044131131
1463,42,1505,0.11655568766359913
1455,43,1498,0.11519652846303131
1463,40,1503,0.11398420705537297
1477,37,1514,0.11286190198102375
1469,38,1507,0.11180739379645482
1470,38,1508,0.11087038126146875
1464,35,1499,0.11001533563819674
1458,35,1493,0.10925188416481582
1454,37,1491,0.1085710192654641
1444,41,1485,0.1079639238984637
1442,39,1481,0.10743618003823567
1438,39,1477,0.1069609369004679
1439,39,1478,0.10653869924747697
1430,41,1471,0.10615240457240342
1435,44,1479,0.10582341651942588
1442,47,1489,0.10551209454142936
1437,45,1482,0.10521286076922994
1432,43,1475,0.10495254402988043
1432,47,1479,0.10472738833132139
1435,48,1483,0.10452395828956802
1427,48,1475,0.10433142921952539
1431,50,1481,0.10417739917291909
1443,50,1493,0.10403037462280353
1436,50,1486,0.10386747050869122
1448,51,1499,0.10373551831514716
1448,53,1501,0.10358696931127387
1447,54,1501,0.10345138589006425
1446,57,1503,0.10333108846658484
1453,55,1508,0.10322415407141725
1457,56,1513,0.10311092654176952
1456,60,1516,0.10299852592712991
1431,59,1490,0.10290032529816093
1424,57,1481,0.10286731306804149
1439,55,1494,0.10285482265646323
1450,56,1506,0.10281188691508568
1445,56,1501,0.10274755808388011
1441,58,1499,0.10270054129892216
1438,56,1494,0.10266726118654212
1440,55,1495,0.1026433374652557
1442,56,1498,0.10261840445331018
1443,58,1501,0.10258983207066087
1445,58,1503,0.1025623001898136
1437,63,1500,0.10253281551628905
1443,65,1508,0.10252396936868997
1442,65,1507,0.10250321337730364
1444,66,1510,0.10248728780673776
1442,67,1509,0.10246817617093268
1445,65,1510,0.10245648949473736
1426,64,1490,0.1024389779285353
1441,63,1504,0.10246413900559524
1433,65,1498,0.10245528075389242
1425,66,1491,0.10246538025524397
1433,65,1498,0.10249279170371903
1423,66,1489,0.10250123933437895
1433,67,1500,0.10253111083933711
1436,67,1503,0.1025355684735375
1434,66,1500,0.1025351688035124
1428,66,1494,0.10253977424447663
1435,68,1503,0.10255497043232008
1427,69,1496,0.10255284700339386
1443,66,1509,0.10256787872811614
1425,67,1492,0.10254781231515761
1409,66,1475,0.10257051590316622
1419,67,1486,0.10262749352296276
1425,70,1495,0.10265977396751744
1439,71,1510,0.10267678659769748
1434,72,1506,0.10266229386048986
1426,72,1498,0.10265927866507163
1427,69,1496,0.10267373770442806
1417,74,1491,0.10268443136155941
1412,74,1486,0.10271517780851529
1414,74,1488,0.10275694807359148
1423,71,1494,0.10279057306181945
1416,74,1490,0.1028032648896653
1421,76,1497,0.10283035628168918
1423,76,1499,0.1028452471969073
1423,74,1497,0.10285597065408995
1411,75,1486,0.10286716270285362
1411,80,1491,0.10290412844145524
1404,85,1489,0.1029357321606697
1402,79,1481,0.10298196073696536
1395,85,1480,0.10302783478558704
1402,88,1490,0.10308877661532939
1413,89,1502,0.10312811363579794
1412,90,1502,0.10314099530439204
1419,89,1508,0.1031547723809114
1431,88,1519,0.10315428145377085
1421,88,1509,0.10312626358152054
1416,86,1502,0.10312194814652752
1407,83,1490,0.1031295645997449
1421,85,1506,0.10315693345064185
1412,86,1498,0.10315297345336144
1429,85,1514,0.10317002806941858
1424,87,1511,0.10314784834676996
1415,87,1502,0.10313577122652745
1421,89,1510,0.10314566196068249
1414,88,1502,0.1031425502219949
1408,87,1495,0.10315812306800945
1399,92,1491,0.10318549096445503
1403,91,1494,0.10322938720079482
1414,91,1505,0.10326286069141628
1412,92,1504,0.10326848888978074
1409,88,1497,0.10327886917525539
1409,87,1496,0.1032959411482738
1410,92,1502,0.1033107301697763
1402,93,1495,0.10332041931180665
1382,97,1479,0.10334772757687208
1376,96,1472,0.10341871255270912
1373,98,1471,0.10349862733235832
1382,101,1483,0.10358222983712599
1383,101,1484,0.103639005948679
1389,107,1496,0.10368924471726969
1378,108,1486,0.10372101175822293
1389,109,1498,0.10377629750698883
1392,113,1505,0.1038018182779961
1387,111,1498,0.10381784969997725
1389,112,1501,0.10384695382639453
1379,109,1488,0.10387010149370796
1383,109,1492,0.10391418724923072
1394,111,1505,0.10394693511116007
1381,111,1492,0.10395181443399298
1372,113,1485,0.10398435036213245
1373,112,1485,0.10403475473270894
1380,112,1492,0.10407918606433512
1382,111,1493,0.10410441466781993
1388,112,1500,0.10412213138358188
1394,113,1507,0.10412738517573135
1380,113,1493,0.10411818391533839
1379,115,1494,0.10414165118021472
1385,117,1502,0.10416602709806799
1393,119,1512,0.10417670744181702
1386,119,1505,0.10416799023670166
1380,120,1500,0.10417759441516544
1372,123,1495,0.10420053627724135
1375,128,1503,0.10423838641669907
1362,127,1489,0.10426853863955099
1353,128,1481,0.10432670218231543
1346,125,1471,0.1043983507679113
1364,128,1492,0.10448083308954124
1365,128,1493,0.10451210947240781
1369,128,1497,0.10453872354622312
1350,128,1478,0.10455602099959864
1351,127,1478,0.10461589320463982
1356,126,1482,0.10466965774316296
1367,133,1500,0.10470870037123868
1360,133,1493,0.10472103771556616
1364,131,1495,0.10474983578562146
1372,128,1500,0.1047693046926992
1348,135,1483,0.10476909153560583
1354,138,1492,0.10482226146011563
1351,137,1488,0.10485623819004534
1336,137,1473,0.10489720536722484
1334,137,1471,0.10497008716013534
1325,142,1467,0.10504205132792935
1333,145,1478,0.10512566477898933
1342,147,1489,0.10518675470226364
1349,146,1495,0.10522429579886296
1350,145,1495,0.10524344236737469
1345,144,1489,0.10525912059172829
1358,145,1503,0.1052848232861971
1344,145,1489,0.10527559367267578
1345,143,1488,0.1053017294296918
1343,148,1491,0.10531954203788217
1342,143,1485,0.10533730565529816
1350,144,1494,0.10535757476805713
1347,140,1487,0.10536108660539661
1355,143,1498,0.10536846104057776
1338,140,1478,0.10535644917709767
1340,145,1485,0.10538732486565308
1344,146,1490,0.1054117669709557
1347,144,1491,0.10542381239269388
1344,147,1491,0.10542984490891325
1353,145,1498,0.10544540648909166
1345,144,1489,0.10544038360565483
1348,148,1496,0.10545702123460793
1347,147,1494,0.10546124850665171
1336,151,1487,0.10546806773448396
1338,154,1492,0.10549515818094751
1333,157,1490,0.105517830301635
1322,155,1477,0.10555006272551823
1325,155,1480,0.1056062084884078
1327,155,1482,0.10565118118463954
1332,156,1488,0.10568801325981825
1333,158,1491,0.1057103732344795
1329,162,1491,0.1057280060156808
1331,161,1492,0.10575402336957626
1335,165,1500,0.1057736738230113
1332,161,1493,0.10578391507274013
1318,161,1479,0.10580064165944432
1323,162,1485,0.1058472757287709
1323,159,1482,0.1058789678407657
1326,161,1487,0.10590954765066432
1331,163,1494,0.10593107358288772
1335,161,1496,0.10593962222208471
1333,156,1489,0.10593935160221976
1328,157,1485,0.10593960645289682
1337,156,1493,0.10594916538195225
1339,160,1499,0.10593210421348981
1345,166,1511,0.10591389930269496
1332,166,1498,0.10588476192924798
1318,170,1488,0.10588911725709049
1335,173,1508,0.10592943659855894
1340,178,1518,0.10592893754370344
1333,185,1518,0.10591871151684704
1315,185,1500,0.10592711591052824
1314,183,1497,0.10597810928835973
1314,187,1501,0.10602749144197862
1320,185,1505,0.10607568060124255
1321,184,1505,0.10610516435936185
1317,182,1499,0.10613363335536967
1318,186,1504,0.10616975317193997
1317,188,1505,0.10620188168300515
1308,188,1496,0.10623381590666131
1298,191,1489,0.10628346549596288
1308,192,1500,0.10635247720342138
1296,196,1492,0.10639407916060678
1295,196,1491,0.10646102746274931
1309,198,1507,0.10652598750996928
1297,200,1497,0.10655366920072033
1287,199,1486,0.1066062058962887
1285,203,1488,0.1066793847983833
1286,203,1489,0.10675229188135642
1300,206,1506,0.10681730453705736
1302,200,1502,0.1068426407157252
1304,200,1504,0.1068596066453753
1311,201,1512,0.10687245595332781
1305,203,1508,0.10687043540469407
1307,207,1514,0.10688048919354211
1315,200,1515,0.10688873264573527
1321,197,1518,0.10687905435143573
1299,198,1497,0.10685499381838237
1298,203,1501,0.10688413091192078
1292,203,1495,0.10691471919535837
1296,203,1499,0.10695867650617451
1308,204,1512,0.10698929432188255
1281,205,1486,0.10698988850463806
1276,212,1488,0.10705320591723569
1275,218,1493,0.10711948415026401
1291,216,1507,0.10718694799725441
1290,215,1505,0.10721320270349104
1284,216,1500,0.10724085769961093
1285,219,1504,0.10727985528425167
1279,221,1500,0.10731016223761948
1278,219,1497,0.10735403990718907
1272,221,1493,0.10739800014978185
1270,227,1497,0.10745421739156413
1280,230,1510,0.1075100643665291
1264,229,1493,0.10754272175365308
1266,224,1490,0.10760575814068594
1277,225,1502,0.10765985726848357
1271,222,1493,0.10768383957812555
1263,222,1485,0.10771898396160053
1273,225,1498,0.10777008659727563
1267,231,1498,0.10779424528699659
1264,226,1490,0.10783010126718601
1282,231,1513,0.1078715317834349
1273,231,1504,0.10787107078259321
1271,233,1504,0.10788980578865726
1270,237,1507,0.10791007267344761
1262,240,1502,0.10792986139738746
1261,238,1499,0.10796985043814437
1265,237,1502,0.10800881648662379
1253,238,1491,0.10803939547719427
1263,235,1498,0.10809495177589454
1259,236,1495,0.10812339650999253
1267,235,1502,0.10815977625473198
1270,238,1508,0.10817548257292806
1268,242,1510,0.10818308258547851
1259,241,1500,0.10819237710396754
1253,241,1494,0.10822250220841151
1245,244,1489,0.10826430570270461
1247,245,1492,0.10832369755678489
1249,248,1497,0.10837666552784768
1240,252,1492,0.10842271351618372
1232,250,1482,0.1084852841822811
1246,253,1499,0.10856293926483992
1248,253,1501,0.10860218080178384
1241,262,1503,0.1086345228113017
1231,259,1490,0.10868148068947404
1233,261,1494,0.10874929976648844
1231,261,1492,0.10880423686320034
1234,258,1492,0.10885286804516286
1232,265,1497,0.10889227008341111
1226,264,1490,0.10893612772232952
1236,266,1502,0.1089917080800846
1225,276,1501,0.10902119768820785
1229,277,1506,0.10907275599184839
1221,277,1498,0.1091124981788493
1224,279,1503,0.10916845346225021
1206,280,1486,0.10921190113892422
1218,277,1495,0.10929714901699793
1221,281,1502,0.10934770582018462
1199,287,1486,0.10938960652026111
1205,290,1495,0.1094762320148477
1205,291,1496,0.10954760834958474
1205,290,1495,0.10961355132113916
1198,297,1495,0.1096743281683264
1209,295,1504,0.10974890265362668
1212,294,1506,0.10979193441065832
1209,295,1504,0.10982656779398134
1203,296,1499,0.10986777354395523
1193,299,1492,0.10991861080016573
1205,292,1497,0.1099910031601863
1204,291,1495,0.11002847535853047
1212,286,1498,0.11006332456812937
1204,292,1496,0.11007645302127074
1201,293,1494,0.11010626444536101
1195,288,1483,0.11013957326379689
1206,280,1486,0.11018592706947405
1206,284,1490,0.11020366051668862
1210,279,1489,0.11021480022013326
1206,278,1484,0.11021364990375232
1217,285,1502,0.1102208068183773
1219,282,1501,0.11020514631305284
1209,277,1486,0.110185029720073
1198,281,1479,0.11019160561810691
1200,285,1485,0.11022490827172401
1196,288,1484,0.11024987373824946
1196,290,1486,0.11028114248167334
1203,299,1502,0.11030772238714157
1208,298,1506,0.11031909330820622
1214,298,1512,0.1103201272446406
1213,294,1507,0.11030635425822595
1213,291,1504,0.1102942220607877
1213,295,1508,0.11028109335788622
1213,296,1509,0.11027027660106625
1217,297,1514,0.11026412376029031
1199,301,1500,0.1102485417921536
1198,302,1500,0.1102744308020316
1205,304,1509,0.11030237434889005
1204,308,1512,0.11031382993371507
1204,310,1514,0.11033019842142786
1198,301,1499,0.1103469592071345
1207,302,1509,0.11037475492106719
1205,299,1504,0.11037930620389201
1204,299,1503,0.11038963938884012
1204,301,1505,0.11040144440836532
1196,300,1496,0.11040849288266916
1199,293,1492,0.11043504111310248
1200,293,1493,0.11045232126451776
1195,288,1483,0.1104652080584501
1195,292,1487,0.11048519564175077
1200,298,1498,0.11050162526455988
1201,299,1500,0.11050967760729517
1194,293,1487,0.11051490766107637
1204,293,1497,0.11053324842019897
1201,300,1501,0.11053314772428165
1206,300,1506,0.11053910238887327
1211,298,1509,0.11053499196423981
1210,299,1509,0.11051893606994222
1209,301,1510,0.1105040061353694
1203,305,1508,0.11049508002301912
1202,305,1507,0.1105024100976652
1195,307,1502,0.11051200380489186
1201,309,1510,0.11053797336031118
1181,307,1488,0.11054729888775626
1190,300,1490,0.11060129371198539
1199,302,1501,0.11062744694799767
1199,303,1502,0.11063229883025034
1207,301,1508,0.11064015742656157
1201,302,1503,0.11062746366567118
1198,307,1505,0.1106280134534121
1196,311,1507,0.11063635936827941
1202,306,1508,0.11064881831707563
1181,307,1488,0.11064889463627407
1187,314,1501,0.1106956697667822
1180,313,1493,0.11072902884035365
1183,308,1491,0.11077270708940244
1173,305,1478,0.11080721671712312
1186,317,1503,0.1108623552017094
1185,318,1503,0.1108810954681398
1179,317,1496,0.11090201763833854
1185,325,1510,0.11093759020484514
1178,320,1498,0.11095666281631811
1189,319,1508,0.11099328859142264
1164,319,1483,0.11099975707203974
1180,310,1490,0.11106415477424932
1181,313,1494,0.11108847858083419
1176,320,1496,0.11110838905789581
1157,316,1473,0.11113629685730622
1163,320,1483,0.11120472617743032
1171,321,1492,0.11125689943810191
1159,326,1485,0.11128176053600985
1161,320,1481,0.11133333686875488
1164,325,1489,0.11137608691108047
1177,328,1505,0.11140872697148048
1187,328,1515,0.11140876892682698
1184,328,1512,0.11138659048341801
1189,336,1525,0.11137233417961294
1174,336,1510,0.1113505273550997
1169,319,1488,0.11136649616849408
1173,318,1491,0.11139390312592014
1169,322,1491,0.11140599093331083
1157,325,1482,0.11142931255648371
1162,328,1490,0.1114807357419383
1171,333,1504,0.11151635681737665
1167,329,1496,0.1115287429806566
1161,326,1487,0.11154995079281353
1161,330,1491,0.11158335365755426
1166,337,1503,0.11161450578000615
1178,342,1520,0.11163575768824609
1178,332,1510,0.11162764045622268
1172,337,1509,0.1116241137342081
1162,337,1499,0.11163473843939943
1164,338,1502,0.11166617094525919
1177,340,1517,0.11168937159294526
1160,335,1495,0.11168285302960052
1154,334,1488,0.11171259686328568
1149,337,1486,0.11175432169085092
1133,340,1473,0.11180629232745
1130,338,1468,0.11189085692298778
1137,338,1475,0.11197609109353424
1140,337,1477,0.11203878582597872
1128,340,1468,0.11209144388554725
1134,346,1480,0.11216455684112842
1138,348,1486,0.11221828303787017
1145,355,1500,0.1122606632023048
1140,355,1495,0.11228216609370356
1148,346,1494,0.11231527073584126
1155,354,1509,0.11233094892347802
1145,353,1498,0.11233040091055584
1147,350,1497,0.1123540325951327
1138,351,1489,0.11237211490542506
1146,353,1499,0.11240772939920377
1141,357,1498,0.1124217002270955
1153,360,1513,0.11244980582805059
1142,360,1502,0.11244568946406691
1140,356,1496,0.1124692228250036
1132,353,1485,0.11249386467867335
1131,358,1489,0.11253801095577838
1137,357,1494,0.11258144930447869
1145,358,1503,0.1126053404974008
1139,355,1494,0.11260976400584483
1143,352,1495,0.11262770075198013
1136,355,1491,0.11263508397477928
1129,363,1492,0.11265703987960549
1112,367,1479,0.11269119244570433
1121,371,1492,0.11276248115214366
1123,374,1497,0.11280913733018295
1117,375,1492,0.11285103516233282
1130,373,1503,0.11290254499924862
1123,369,1492,0.1129197728531651
1120,366,1486,0.11295241067136155
1131,365,1496,0.11299168519978042
1125,375,1500,0.11300411871520719
1116,374,1490,0.11303003960502914
1121,370,1491,0.11307486578198475
1139,370,1509,0.11310554287700024
1139,369,1508,0.11309120304095088
1130,378,1508,0.11307886603610229
1131,372,1503,0.11308585383068184
1119,377,1496,0.1130907598787834
1123,374,1497,0.1131244596929061
1120,384,1504,0.11314685644737615
1104,383,1487,0.11317572939737232
1101,381,1482,0.11323810235540083
1111,383,1494,0.11330368502900302
1106,391,1497,0.11334545631831444
1100,392,1492,0.11339587793611577
1103,391,1494,0.11345503243962117
1091,400,1491,0.11350427254381916
1093,394,1487,0.1135776998795783
1097,396,1493,0.1136440334192962
1094,403,1497,0.11369482490721135
1089,404,1493,0.11374955575472147
1100,401,1501,0.1138099655067724
1102,402,1504,0.11384536447185545
1096,400,1496,0.1138708156620866
1098,405,1503,0.11390797211648415
1095,408,1503,0.11393909914478165
1088,412,1500,0.11397686655817324
1089,413,1502,0.1140284248076614
1090,400,1490,0.11407620889836492
1081,411,1492,0.11411927077935106
1076,405,1481,0.11418120951932025
1077,411,1488,0.11424942959837246
1082,413,1495,0.11430760129403651
1079,414,1493,0.11435078247415681
1080,421,1501,0.11439664380077326
1075,419,1494,0.11443407971113677
1081,431,1512,0.11447983280480906
1074,425,1499,0.1145076864453793
1080,428,1508,0.1145517592333999
1074,424,1498,0.11457924829935169
1068,426,1494,0.11462089882385784
1068,425,1493,0.11467051707576989
1071,415,1486,0.1147163930619358
1075,416,1491,0.1147487082733093
1072,416,1488,0.11476899043426914
1083,420,1503,0.11479089436099926
1081,428,1509,0.11478629961141269
1077,427,1504,0.11478889993322243
1076,427,1503,0.1148035166344928
1070,427,1497,0.11482051929685333
1075,420,1495,0.11485119846116486
1076,433,1509,0.11487075999066232
1067,437,1504,0.11488420649556154
1065,433,1498,0.11492110562326896
1059,441,1500,0.11496208121693076
1062,444,1506,0.11501463060700122
1063,434,1497,0.11505535583754681
1067,431,1498,0.11508800575182752
1053,439,1492,0.11510856784507792
1048,453,1501,0.11516155520774324
1047,455,1502,0.11522383588402199
1046,456,1502,0.11528687871563975
1030,452,1482,0.11534907571547688
1037,457,1494,0.11544341788399827
1039,461,1500,0.11551469401700411
1033,462,1495,0.11557391627132187
1024,465,1489,0.11564326755034873
1025,466,1491,0.11572566823911884
1008,468,1476,0.1158013925400574
1011,471,1482,0.11591143692106114
1011,468,1479,0.11600816207867723
1022,464,1486,0.11609764710575213
1006,466,1472,0.11615322905303942
1008,468,1476,0.11624329958896139
1006,474,1480,0.11632352936429882
1009,484,1493,0.11640404677810162
1006,495,1501,0.11647113520886322
1014,491,1505,0.11654406074959978
1017,492,1509,0.1165950516895996
1006,496,1502,0.11663728368241555
1009,499,1508,0.11670106287707586
1007,506,1513,0.11675568813126999
1003,500,1503,0.11681181745839077
1002,500,1502,0.11687285668760423
1002,499,1501,0.11693109289577937
1008,497,1505,0.1169855026079793
999,500,1499,0.11702186530014494
996,505,1501,0.11707504896128691
990,504,1494,0.11713080161151973
1006,499,1505,0.11719612642828253
991,508,1499,0.11721985140180785
993,508,1501,0.11727887010837158
983,515,1498,0.11732938673019337
976,521,1497,0.11740221746632723
985,519,1504,0.11748516793232934
989,520,1509,0.11754088959196751
993,526,1519,0.11758449735690586
987,522,1509,0.11761201197954275
979,522,1501,0.11765539243891901
978,527,1505,0.11771617132991126
971,526,1497,0.1177734280269756
976,517,1493,0.11784191545354634
978,521,1499,0.11789527741694826
974,522,1496,0.11793720819551469
960,520,1480,0.11798859533380256
965,523,1488,0.11806882232999732
964,531,1495,0.11813113308385734
963,529,1492,0.118193420446727
962,521,1483,0.11825431492900504
954,529,1483,0.11831235561300593
961,538,1499,0.11838633018715967
960,549,1509,0.11843960022911292
969,547,1516,0.1184915495938046
985,547,1532,0.11851890121007562
987,555,1542,0.11850714601700368
967,551,1518,0.11849212761025363
952,544,1496,0.11852476353502464
946,549,1495,0.11859132383731807
938,553,1491,0.11866916670735655
952,553,1505,0.11875940229770152
958,562,1520,0.11881003139435176
961,561,1522,0.1188447942883397
953,566,1519,0.11887163966917164
948,575,1523,0.11891792198283614
937,564,1501,0.11897354445162239
944,566,1510,0.11905105152375992
937,566,1503,0.11910769699855611
932,570,1502,0.11917756130784539
929,565,1494,0.11924685342654559
938,562,1500,0.11932171146094181
938,562,1500,0.11936895933342923
932,571,1503,0.11941378466917897
930,559,1489,0.11947021320929252
936,564,1500,0.11952338886444565
932,564,1496,0.11956192807123373
930,565,1495,0.11960647122242073
936,572,1508,0.11965474581040128
923,569,1492,0.11968514179243174
929,580,1509,0.11974541742794048
933,578,1511,0.11978754567376594
920,575,1495,0.11981756402753962
916,580,1496,0.11987586611289189
903,574,1477,0.11994066550340826
910,590,1500,0.12002855421484114
912,591,1503,0.12009375328715052
903,588,1491,0.12014851244969595
906,588,1494,0.12021881916508331
904,591,1495,0.12027771552703914
900,595,1495,0.1203387880486826
916,591,1507,0.12040518633651842
911,592,1503,0.12043007952735461
915,600,1515,0.12046405526363589
917,595,1512,0.12048731320353501
914,600,1514,0.12050485730891278
920,599,1519,0.12052843814522685
920,597,1517,0.12053840799088013
913,598,1511,0.12054539497181806
909,603,1512,0.1205684936020312
900,605,1505,0.12059980110508112
905,607,1512,0.12064910029859935
904,610,1514,0.12068688549274052
907,609,1516,0.12072310264321469
896,605,1501,0.12075236109268161
890,616,1506,0.1208035861619269
884,618,1502,0.12086663912520901
874,614,1488,0.1209395287224736
878,607,1485,0.12103061771775528
873,606,1479,0.1211077262136006
873,621,1494,0.1211909790271588
878,621,1499,0.1212667784628314
882,608,1490,0.12132278324477384
876,606,1482,0.12136816803410387
873,609,1482,0.12142409947464809
869,617,1486,0.1214822013746733
865,629,1494,0.12154583701523887
867,626,1493,0.12161414536049257
856,628,1484,0.12167336410851885
860,635,1495,0.12175343737233295
856,635,1491,0.12181859157092774
855,644,1499,0.12189131943342599
852,647,1499,0.12196306307021025
839,643,1482,0.1220341001811212
831,636,1467,0.12212998180547531
845,643,1488,0.122236471613676
848,635,1483,0.12230407422703682
839,637,1476,0.12236014598455508
843,636,1479,0.12243327744709046
839,639,1478,0.12249095758216261
841,646,1487,0.12255411514589312
841,642,1483,0.1226070802995659
848,642,1490,0.12265704415941257
838,647,1485,0.12268902075566164
839,650,1489,0.12274517392802828
840,658,1498,0.12279388211742821
845,659,1504,0.12283809439469963
846,657,1503,0.12286742701619058
837,658,1495,0.12289631191917681
830,666,1496,0.1229416445445063
828,666,1494,0.12300196582613154
825,672,1497,0.12306184962541096
829,671,1500,0.12312816459634479
829,671,1500,0.12318120444491523
829,674,1503,0.12322675132456734
824,673,1497,0.12327155238520549
817,683,1500,0.12332708816861376
816,684,1500,0.12339148894396842
815,698,1513,0.12345637852251641
808,696,1504,0.12352193820368981
797,694,1491,0.12359920412690104
791,697,1488,0.12369539398902812
786,705,1491,0.12379941558873807
794,707,1501,0.12390752605465082
797,716,1513,0.1239899399119502
790,712,1502,0.12405868305941689
790,708,1498,0.12414015705446178
791,718,1509,0.12421542985330435
787,719,1506,0.12428122248461579
784,718,1502,0.12435271820684818
782,723,1505,0.12443080886899015
779,732,1511,0.12450925007265318
768,729,1497,0.12458985373133513
773,741,1514,0.12469140553166365
773,738,1511,0.12477441368921963
770,729,1499,0.12485380685430236
759,735,1494,0.12493177650886647
754,731,1485,0.1250284161195853
757,746,1503,0.12512792463382294
756,746,1502,0.12521522477658767
755,752,1507,0.1252993373429866
759,750,1509,0.125378109807729
750,745,1495,0.12544154529881663
765,732,1497,0.12552413072328364
772,733,1505,0.12556127952430665
767,743,1510,0.12557893804594908
756,745,1501,0.12560984444922169
758,755,1513,0.12566485935316263
754,756,1510,0.12571423824951952
753,772,1525,0.1257722952458866
748,761,1509,0.12582851394773162
754,764,1518,0.12589250364430946
759,756,1515,0.12593798009014645
754,754,1508,0.12596914973754877
746,762,1508,0.12601166407285885
739,755,1494,0.12606753281431182
737,756,1493,0.12613282130692977
739,766,1505,0.12619708891799633
739,766,1505,0.12625193021483028
736,774,1510,0.12630276267395985
735,772,1507,0.1263586597614912
731,766,1497,0.12641741433461587
728,763,1491,0.12648003831132176
732,760,1492,0.12654618643305116
736,771,1507,0.1265969495610052
731,770,1501,0.12663551861766184
735,771,1506,0.12668584686853637
736,771,1507,0.12672514137460478
722,775,1497,0.12675968300112928
719,787,1506,0.12682228824956646
712,792,1504,0.12688875283224665
709,804,1513,0.12696826497151328
708,798,1506,0.12704793292743954
714,795,1509,0.12712512958300096
714,796,1510,0.127183401013779
720,800,1520,0.12723715046410689
716,806,1522,0.1272737904574777
705,804,1509,0.12731690682873015
698,803,1501,0.12738466852686925
693,797,1490,0.12746565326138729
697,798,1495,0.12755186148459519
699,808,1507,0.127620892784403
693,812,1505,0.12767899560746077
696,810,1506,0.1277496640894229
690,817,1507,0.12780951903537754
683,816,1499,0.1278809743590444
682,819,1501,0.12796533526813478
694,816,1510,0.12804403097108563
691,815,1506,0.12808619843967275
675,814,1489,0.12813329444979732
685,814,1499,0.12821440991358457
676,824,1500,0.1282685205573476
686,827,1513,0.1283417529994079
679,830,1509,0.12838400225702773
685,827,1512,0.12843612180618108
680,830,1510,0.12847214280343733
691,821,1512,0.1285183225387516
685,815,1500,0.1285366183627633
691,813,1504,0.12857112262631715
678,813,1491,0.12858894201489457
682,812,1494,0.12863623139582525
678,816,1494,0.12867226199433346
686,820,1506,0.12871210645807388
690,826,1516,0.12873206638682388
682,824,1506,0.12873805285015755
676,827,1503,0.12876457743073166
682,826,1508,0.12880481804470623
681,827,1508,0.128827717848535
681,826,1507,0.12885299704561104
670,827,1497,0.12887685218599754
675,829,1504,0.12892475667965875
679,828,1507,0.1289530894702078
677,832,1509,0.12896879287047386
674,836,1510,0.12899127516257003
683,824,1507,0.12901555227098657
684,831,1515,0.12901796678293806
674,815,1489,0.1290191051316898
678,812,1490,0.1290468724693207
675,819,1494,0.1290632574374744
663,825,1488,0.12908666970946822
663,840,1503,0.1291365408640354
659,846,1505,0.12917996788143296
656,848,1504,0.12923250749184934
652,850,1502,0.12928971568926975
646,848,1494,0.12935105777253517
659,858,1517,0.12942112099156308
655,854,1509,0.12945803254131028
652,855,1507,0.12950235464529297
637,854,1491,0.12955398740527724
629,860,1489,0.12963754186236925
633,870,1503,0.12973465870120285
631,876,1507,0.12981455377710982
643,872,1515,0.12989321991903954
633,881,1514,0.12993762354734265
635,887,1522,0.13000300636584514
627,886,1513,0.13006096742781095
631,877,1508,0.13013477524386424
635,872,1507,0.13019542453632676
634,886,1520,0.13024288255246885
630,890,1520,0.1302900975594493
632,889,1521,0.13034255686059493
621,873,1494,0.13039084015021077
621,870,1491,0.13045992056106395
624,875,1499,0.13052363861613078
626,882,1508,0.1305770488720877
630,877,1507,0.13062146091029997
624,880,1504,0.13065628009742994
627,880,1507,0.13070142083690015
625,887,1512,0.1307359703254593
625,883,1508,0.13077508572825336
627,889,1516,0.13080974376867227
622,894,1516,0.1308371554708487
618,891,1509,0.13087567155197577
613,898,1511,0.13091625968669768
620,905,1525,0.13096615818659899
619,899,1518,0.13099935696847026
612,895,1507,0.13103214518001302
613,905,1518,0.1310802482314979
615,899,1514,0.13112366947257884
609,889,1498,0.13116053469820294
613,886,1499,0.13120934110044374
605,895,1500,0.13124435227248657
601,903,1504,0.13129469646646874
599,907,1506,0.13135254886122197
600,921,1521,0.13140780541476296
602,915,1517,0.13145880057895418
598,910,1508,0.13150104000806462
594,906,1500,0.13155177820652264
593,908,1501,0.13160886996660376
597,913,1510,0.13166472258579973
597,918,1515,0.13170804141404863
593,910,1503,0.13174695604890715
592,913,1505,0.13179164955915273
585,899,1484,0.13183601062795477
584,909,1493,0.13189467437647623
586,914,1500,0.13195253138093807
582,918,1500,0.13199981322017199
584,925,1509,0.13205290081713564
582,920,1502,0.13209864862538861
585,923,1508,0.13214592233315275
587,918,1505,0.13218451069959497
585,923,1508,0.13221757537378856
587,922,1509,0.13225176911580228
583,937,1520,0.1322772126735151
576,932,1508,0.1323093571913069
574,923,1497,0.13235582295772796
572,926,1498,0.13240378227466812
579,919,1498,0.13244999689301487
586,925,1511,0.1324783026417526
587,922,1509,0.13248896467172977
590,914,1504,0.13249691238066366
581,923,1504,0.1324974681628629
577,909,1486,0.13252113367135798
575,915,1490,0.1325536236328975
567,927,1494,0.1325868198097874
564,931,1495,0.13263400463020525
578,936,1514,0.1326871956652624
578,934,1512,0.13270139511852944
576,938,1514,0.13271137824261595
575,943,1518,0.13272712092812997
571,949,1520,0.1327415287932741
567,953,1520,0.1327668349564119
564,947,1511,0.13280139732679128
555,941,1496,0.1328397523046175
561,948,1509,0.13289789592526455
572,945,1517,0.1329398707876151
573,934,1507,0.1329518639886532
565,949,1514,0.13296245180291133
560,953,1513,0.13299106531117905
562,948,1510,0.13303014648519654
561,951,1512,0.1330615258649241
560,956,1516,0.13309397319072372
558,972,1530,0.13312891147686334
557,961,1518,0.13316603493032186
555,968,1523,0.13320370879763913
554,966,1520,0.13324603802063537
547,966,1513,0.13328478884733572
549,969,1518,0.13333837951770505
549,960,1509,0.13338161653974845
538,965,1503,0.13342294336203722
533,973,1506,0.13348575895280093
541,979,1520,0.13355833470616396
538,977,1515,0.1336072415065493
543,972,1515,0.13365881749570194
544,965,1509,0.13369657679228678
540,973,1513,0.13372748959460012
535,983,1518,0.13376270079415448
533,967,1500,0.13380666356762005
534,966,1500,0.13385132270469582
541,973,1514,0.13389047921344724
528,976,1504,0.13390937636851558
532,977,1509,0.13395924819489313
535,983,1518,0.13399656942200472
531,990,1521,0.13402722963310343
530,988,1518,0.134062831980527
523,981,1504,0.1341001191548103
522,984,1506,0.13415088321678975
531,989,1520,0.13420236778536127
527,984,1511,0.13422440998014679
522,985,1507,0.13425788425158508
522,985,1507,0.1343024830866776
514,968,1482,0.1343467310929488
508,974,1482,0.1344072529055132
499,987,1486,0.13447870300882814
495,997,1492,0.1345686972076005
493,1007,1500,0.1346606009107513
498,1006,1504,0.13474918370401967
498,1009,1507,0.13482047555913046
494,1001,1495,0.13488485043687878
495,1006,1501,0.13495568683374315
500,1003,1503,0.135018429287967
498,1014,1512,0.1350655925715594
502,1023,1525,0.13511296201789447
502,1025,1527,0.13515136497379177
504,1008,1512,0.1351862735865852
497,1009,1506,0.13521418266597704
491,1013,1504,0.13525961656946034
497,1017,1514,0.13531514229604866
493,1030,1523,0.13535256476316093
490,1030,1520,0.13539283618831818
486,1019,1505,0.13543886908692948
496,1020,1516,0.13549077183493996
493,1006,1499,0.13551624622031347
487,1009,1496,0.13554627873374503
493,1016,1509,0.1355877849131749
493,1006,1499,0.13561042815647756
490,1021,1511,0.13563589696710746
490,1033,1523,0.13566586643069375
480,1039,1519,0.13569327188939528
479,1036,1515,0.13574404992405584
481,1029,1510,0.13579409833679842
476,1047,1523,0.1358350661931743
477,1043,1520,0.1358811546599385
475,1036,1511,0.13592570687335725
479,1040,1519,0.13597397476277684
475,1038,1513,0.13600869488950473
479,1037,1516,0.13605330727521864
474,1050,1524,0.13608300024986278
474,1042,1516,0.1361198321792687
472,1046,1518,0.13615537083959647
463,1035,1498,0.13619151184360187
463,1042,1505,0.13624392224904833
466,1053,1519,0.13629211035782215
458,1050,1508,0.13633165478572093
464,1050,1514,0.1363827991457943
466,1047,1513,0.13641831579160893
465,1049,1514,0.13644698110715303
470,1052,1522,0.1364788885553216
463,1062,1525,0.13649933577757753
454,1067,1521,0.13653578498803878
453,1062,1515,0.13659377304159512
450,1062,1512,0.13665029347872149
442,1065,1507,0.13671003973597062
443,1067,1510,0.13678510944152017
446,1072,1518,0.13685431916226773
441,1072,1513,0.1369089119775756
446,1070,1516,0.1369742477299586
444,1076,1520,0.1370240514161398
450,1071,1521,0.13707570702756552
439,1069,1508,0.1371123969586612
437,1075,1512,0.1371733321767283
431,1078,1509,0.13723173884762002
428,1065,1493,0.13730152291531236
427,1078,1505,0.13737367637878709
423,1079,1502,0.13744297912622816
422,1071,1493,0.13751565033643748
413,1079,1492,0.13758541219823642
418,1074,1492,0.13767222082288033
422,1075,1497,0.13773992088564185
426,1087,1513,0.1377933156516644
419,1087,1506,0.137831092276976
419,1089,1508,0.1378845746560887
421,1090,1511,0.13793458121557112
423,1092,1515,0.13797744145339205
421,1087,1508,0.1380144747770644
422,1089,1511,0.13805267699465962
413,1088,1501,0.1380849358764403
417,1092,1509,0.13813877931926494
412,1082,1494,0.13817870462035106
420,1088,1508,0.13822962158644933
423,1092,1515,0.13825391735947007
425,1089,1514,0.13826798790463507
423,1089,1512,0.13827692638686206
428,1092,1520,0.1382890058732697
425,1094,1519,0.1382857544881814
426,1092,1518,0.13828965023856202
417,1079,1496,0.13828889066402414
422,1084,1506,0.1383127464116226
414,1095,1509,0.1383249919823837
410,1112,1522,0.13835699766548948
414,1093,1507,0.13839615260353585
418,1094,1512,0.1384239657961551
424,1089,1513,0.13843784605761436
425,1093,1518,0.1384386856995874
426,1097,1523,0.13843577334182122
422,1089,1511,0.1384296058879431
413,1091,1504,0.1384362159250693
414,1098,1512,0.13846548061951824
421,1107,1528,0.13849197033029878
422,1103,1525,0.13850047278480318
423,1110,1533,0.13850647694866608
419,1109,1528,0.13851090394889273
408,1110,1518,0.13852588048463327
396,1106,1502,0.1385653488309949
394,1111,1505,0.13863189653312016
394,1109,1503,0.13870012537960796
395,1120,1515,0.13876332471612735
392,1123,1515,0.13882159583176734
394,1119,1513,0.13888522998082609
384,1120,1504,0.138937967210675
383,1117,1500,0.13900946519036836
387,1119,1506,0.13907520816839017
392,1126,1518,0.1391276829157543
395,1127,1522,0.13916220814209726
393,1140,1533,0.1391839162814218
391,1139,1530,0.13921266696112883
388,1134,1522,0.13924538128974207
388,1141,1529,0.13928148512530086
390,1136,1526,0.13931528931350465
384,1144,1528,0.13933756107908585
378,1127,1505,0.1393735548222082
375,1135,1510,0.1394213244070229
365,1143,1508,0.13947599221213033
365,1152,1517,0.1395529660002082
363,1142,1505,0.13962395441966868
368,1136,1504,0.13969120116772157
368,1137,1505,0.139740412386528
369,1134,1503,0.13978792603490917
364,1133,1497,0.13982693609195887
364,1131,1495,0.13987648994313656
361,1141,1502,0.1399258452443846
359,1146,1505,0.13997796471279725
362,1151,1513,0.14003277919015975
355,1149,1504,0.14007533761568505
354,1155,1509,0.14013072725608308
347,1146,1493,0.14018679432112635
351,1158,1509,0.14025732148472148
350,1157,1507,0.1403124213600648
357,1161,1518,0.14036733064588058
353,1160,1513,0.14040256932351053
353,1158,1511,0.1404448625729114
351,1156,1507,0.14048380602656516
353,1161,1514,0.14052651213478903
352,1147,1499,0.14056299035546624
354,1156,1510,0.1406006519110311
351,1168,1519,0.1406306086119601
350,1151,1501,0.14066710379006991
351,1167,1518,0.14070470769634716
355,1169,1524,0.14073470485549586
349,1176,1525,0.14075359237402074
347,1172,1519,0.14078572479283769
344,1179,1523,0.14082033765061447
341,1180,1521,0.1408609935556322
340,1168,1508,0.14090692487114734
332,1171,1503,0.14095258011381465
340,1158,1498,0.1410126107931714
334,1157,1491,0.14104995141894314
334,1161,1495,0.14109736468229986
336,1174,1510,0.14114347800579327
335,1173,1508,0.14118110499445358
332,1179,1511,0.14121895188227832
331,1180,1511,0.14126000698321867
328,1186,1514,0.14130183406782368
323,1192,1515,0.14134913014709205
322,1192,1514,0.1414039026249349
321,1186,1507,0.14145517395879878
320,1192,1512,0.14150484889028836
318,1201,1519,0.14155384787682118
314,1189,1503,0.1416072235062327
314,1195,1509,0.14166558617433297
317,1204,1521,0.14171615106474655
323,1217,1540,0.14175614355283714
319,1216,1535,0.1417817227561248
309,1196,1505,0.1418166734339682
303,1204,1507,0.14187541535520493
298,1215,1513,0.14194440841010653
300,1211,1511,0.14202213562949012
297,1215,1512,0.14209081402774282
296,1204,1500,0.14216112728287164
303,1204,1507,0.14222862106694872
310,1202,1512,0.1422742481864058
306,1206,1512,0.14230067991803264
304,1211,1515,0.14233378566889743
302,1206,1508,0.14237172951294663
300,1213,1513,0.14241267143492897
295,1214,1509,0.14245447593301325
296,1215,1511,0.14250512183713573
298,1210,1508,0.1425509016349086
301,1208,1509,0.14258765164108753
305,1211,1516,0.1426136638561087
303,1205,1508,0.14262536777936
305,1213,1518,0.1426422074032654
302,1217,1519,0.14265355010044764
305,1216,1521,0.14266925632823182
307,1212,1519,0.14267688999538736
304,1207,1511,0.14267822799733784
299,1209,1508,0.142686771248186
301,1212,1513,0.142707119960198
300,1201,1501,0.14271783606502442
307,1196,1503,0.14272841478036147
307,1214,1521,0.14272426729356993
306,1201,1507,0.14272050222498142
309,1205,1514,0.142718848728718
306,1201,1507,0.14271071960104792
308,1198,1506,0.14271273278067084
309,1201,1510,0.142707697766669
309,1220,1529,0.14269560575295898
315,1221,1536,0.14268584552048
309,1216,1525,0.1426638435935403
305,1202,1507,0.1426605404719556
302,1213,1515,0.14266624605256292
303,1217,1520,0.14268109860042055
303,1213,1516,0.14269339031077594
296,1220,1516,0.14270460694447806
297,1217,1514,0.1427328256100473
295,1207,1502,0.14275623297913076
299,1208,1507,0.1427841269568935
293,1217,1510,0.14279790328299036
300,1222,1522,0.14282694459118192
303,1204,1507,0.14283628764800554
304,1201,1505,0.14283795346039962
309,1206,1515,0.1428366261128456
310,1217,1527,0.14282444084481655
306,1218,1524,0.1428122440835563
299,1212,1511,0.1428118934994785
294,1217,1511,0.14283018957313373
291,1208,1499,0.14285906253786163
287,1210,1497,0.14289559788858444
282,1219,1501,0.1429372031655463
289,1225,1514,0.1429893933921099
284,1231,1515,0.14302088081991593
284,1226,1510,0.14306191506639215
287,1237,1524,0.14310017645969375
286,1235,1521,0.14312565857995638
289,1224,1513,0.14315096656158832
289,1233,1522,0.14317027371865634
284,1246,1530,0.1431888690114931
278,1237,1515,0.14321912655798774
278,1248,1526,0.14326211119462834
276,1249,1525,0.1433030259715407
274,1245,1519,0.14334394273204898
272,1236,1508,0.14338732326333845
278,1239,1517,0.14342944355360715
272,1243,1515,0.14345515518955065
273,1254,1527,0.14349556387588744
272,1243,1515,0.14353022408193358
276,1239,1515,0.14356627749638887
275,1241,1516,0.14359057251015245
273,1244,1517,0.14361527239407207
274,1245,1519,0.14364357599417021
271,1253,1524,0.14367007257097433
271,1252,1523,0.14370025682137016
268,1258,1526,0.14372990599627408
269,1240,1509,0.14376567112190833
266,1243,1509,0.1437957934626753
260,1250,1510,0.14383217573502438
261,1238,1499,0.14388108886367804
261,1232,1493,0.14392402419210942
256,1249,1505,0.14396247892232542
253,1250,1503,0.1440136401614188
259,1250,1509,0.14406772243782473
258,1257,1515,0.14410142694682335
257,1241,1498,0.1441366901207981
256,1235,1491,0.14417168031311609
255,1251,1506,0.14420585814644607
255,1256,1511,0.1442387449315191
250,1255,1505,0.14426846831498732
253,1257,1510,0.1443071866595265
252,1267,1519,0.14433624453323746
254,1271,1525,0.14436454832425583
252,1267,1519,0.14438740943109035
248,1266,1514,0.14441286750615176
246,1251,1497,0.14444735004931566
246,1256,1502,0.14448642974350367
243,1249,1492,0.14452192880735232
240,1253,1493,0.14456282991926395
243,1268,1511,0.14460722670474657
246,1270,1516,0.14464014934288102
245,1262,1507,0.144665621693386
247,1254,1501,0.14468975106795617
248,1258,1506,0.1447075470597233
249,1256,1505,0.1447227586711972
251,1254,1505,0.14473408710535793
250,1261,1511,0.1447397888179272
248,1257,1505,0.1447474178296963
242,1260,1502,0.1447597434172422
240,1272,1512,0.14478395633165406
244,1272,1516,0.14481209952228669
241,1259,1500,0.14482965856602423
240,1264,1504,0.1448546574457513
239,1274,1513,0.144881630805276
240,1283,1523,0.1449101303312283
238,1277,1515,0.14493431788900238
235,1277,1512,0.14496105284844724
236,1270,1506,0.1449940118497046
235,1283,1518,0.1450238094710459
232,1281,1513,0.14505370568262335
235,1298,1533,0.14508653237351904
236,1288,1524,0.1451106920698323
237,1287,1524,0.14513283725030865
240,1291,1531,0.1451514747980565
239,1292,1531,0.14516252806175514
233,1298,1531,0.1451746708746999
230,1291,1521,0.14520131109586817
229,1287,1516,0.14523437681799278
229,1282,1511,0.14526503003137756
225,1291,1516,0.1452901260931228
226,1282,1508,0.1453224551987146
228,1278,1506,0.14534983168594917
234,1275,1509,0.14536920222457458
237,1263,1500,0.1453731729488476
228,1286,1514,0.14536815817967194
226,1283,1509,0.1453872146097736
225,1287,1512,0.1454087051927738
219,1279,1498,0.1454325961178699
216,1287,1503,0.14546862231465296
217,1295,1512,0.14551043601897073
218,1291,1509,0.14554805801770201
219,1292,1511,0.14557979158234682
216,1295,1511,0.14560885238315863
219,1302,1521,0.14564415824360172
215,1293,1508,0.1456698250821929
217,1293,1510,0.14570380431131708
219,1292,1511,0.1457320914218017
219,1278,1497,0.14574991823752487
217,1294,1511,0.1457655970660628
220,1296,1516,0.14578409801793735
216,1301,1517,0.14579396818296808
212,1296,1508,0.14581185806288605
209,1289,1498,0.14583781423681627
208,1289,1497,0.1458683143660104
214,1290,1504,0.14590057315590638
217,1285,1502,0.1459181784972723
219,1290,1509,0.1459252758639808
207,1284,1491,0.14592883015267472
206,1292,1498,0.14595990691489244
210,1302,1512,0.14599113282875553
206,1309,1515,0.14601207392060703
210,1309,1519,0.14604167712092347
207,1310,1517,0.14605934426868128
205,1312,1517,0.14608432056472428
201,1306,1507,0.14611248168254995
203,1301,1504,0.14614862510674131
205,1311,1516,0.1461766951910468
205,1312,1517,0.14619755278568272
199,1301,1500,0.14621776213366505
202,1298,1500,0.14624966737873776
205,1302,1507,0.14627213139606787
208,1295,1503,0.14628746926117356
209,1291,1500,0.14629455609734798
209,1300,1509,0.1462973796629981
209,1307,1516,0.14629843036600843
210,1307,1517,0.14630040715868037
210,1289,1499,0.1463011774441312
211,1295,1506,0.14630225230005242
212,1290,1502,0.1463000675902834
215,1305,1520,0.14629364706860776
211,1310,1521,0.14627849918093633
213,1308,1521,0.14627464976279078
206,1310,1516,0.14626828140222364
204,1311,1515,0.14628102479425928
206,1305,1511,0.1462982448811625
205,1313,1518,0.14631156429475628
203,1322,1525,0.14632678336751898
208,1311,1519,0.14634679735055936
206,1316,1522,0.14635445697506902
212,1313,1525,0.1463669337357211
208,1315,1523,0.14636398409927284
199,1319,1518,0.1463706761247031
198,1318,1516,0.1463972429952557
192,1314,1506,0.14642309683645352
189,1323,1512,0.146461044867088
189,1310,1499,0.1465032324013356
186,1300,1486,0.1465444250538362
188,1300,1488,0.14658772544368623
189,1306,1495,0.14662593945021563
192,1305,1497,0.14665892752621681
197,1315,1512,0.1466807635081111
191,1314,1505,0.1466886266931358
192,1317,1509,0.14671012108850878
194,1317,1511,0.14672603277768442
196,1313,1509,0.14673663946656698
200,1318,1518,0.1467411742696505
199,1305,1504,0.14673430965701717
202,1298,1500,0.14672858166023195
203,1316,1519,0.14671718681563617
201,1321,1522,0.14670521983240406
200,1324,1524,0.1466992520423309
202,1318,1520,0.14669748341338842
198,1324,1522,0.14669138588249292
195,1320,1515,0.1466969803823485
193,1328,1521,0.14670946676300056
195,1339,1534,0.1467271812289134
193,1327,1520,0.14673967053252077
194,1328,1522,0.14675623979733518
190,1322,1512,0.1467695702159518
183,1324,1507,0.14679289032577525
182,1342,1524,0.14683075878858504
185,1337,1522,0.14686847630840183
178,1328,1506,0.1468949314479573
176,1327,1503,0.14693532620600497
173,1335,1508,0.1469777262922938
171,1342,1513,0.14702343784256747
174,1351,1525,0.14707080813615458
174,1333,1507,0.14710848618010913
174,1323,1497,0.1471456037343609
167,1335,1502,0.1471785498844646
163,1342,1505,0.14722632272589756
166,1346,1512,0.1472802823644861
167,1350,1517,0.14732378843730826
164,1349,1513,0.1473614725382821
169,1345,1514,0.14740590105671258
170,1356,1526,0.14743158192864458
169,1360,1529,0.14745404419679675
168,1353,1521,0.14747753646555395
170,1350,1520,0.14750200757014542
170,1341,1511,0.14752070540280784
165,1345,1510,0.14753876864372611
165,1349,1514,0.14756846995338457
164,1349,1513,0.14759604131058687
159,1353,1512,0.14762301355156662
157,1356,1513,0.14766109410923625
159,1359,1518,0.14770257209083965
156,1354,1510,0.1477367538292824
159,1346,1505,0.1477759060729717
152,1355,1507,0.1478067469697175
155,1356,1511,0.14785283505411892
156,1349,1505,0.14788811146628522
159,1348,1507,0.14791820761830177
159,1353,1512,0.14793832745220267
158,1355,1513,0.14795734298696453
158,1359,1517,0.14797483260443206
157,1361,1518,0.14799194890440964
157,1358,1515,0.1480088888236142
155,1354,1509,0.14802335159612218
155,1353,1508,0.14804143747522697
154,1353,1507,0.14805790722981904
159,1345,1504,0.14807488845989078
157,1356,1513,0.14807880127185075
160,1360,1520,0.14808832462410032
163,1356,1519,0.14809078184690283
161,1348,1509,0.1480865273761085
161,1351,1512,0.14808784229118874
164,1345,1509,0.14808914591814495
162,1342,1504,0.14808033490109931
158,1354,1512,0.14807684738688365
158,1364,1522,0.14808259816635164
159,1368,1527,0.1480897738699884
158,1375,1533,0.14809595508762766
157,1374,1531,0.148105255376778
156,1365,1521,0.14811509044040214
154,1350,1504,0.14812684956394012
156,1366,1522,0.14814247960287935
153,1367,1520,0.14814941772393714
149,1369,1518,0.1481630474555962
153,1367,1520,0.14818667375167607
147,1359,1506,0.14819977663202935
151,1357,1508,0.14822791869258903
146,1374,1520,0.1482442149999346
147,1367,1514,0.1482722726185964
144,1367,1511,0.1482956634218638
144,1359,1503,0.1483241299384671
149,1348,1497,0.14834997380271672
142,1356,1498,0.14836052570461838
144,1359,1503,0.14838781113409766
146,1360,1506,0.148409368036461
147,1369,1516,0.14842501467270203
145,1375,1520,0.1484382133007868
145,1373,1518,0.14845652871034218
142,1374,1516,0.14847495453190512
144,1380,1524,0.14850004048366133
143,1368,1511,0.14851597907441444
144,1377,1521,0.14853256288974773
142,1381,1523,0.14854403887491777
142,1380,1522,0.14855839620098218
139,1375,1514,0.14857180907883394
143,1378,1521,0.14859187740536753
141,1380,1521,0.1486025798084195
139,1387,1526,0.1486182342674532
136,1391,1527,0.14863872271857337
137,1391,1528,0.1486666884356983
137,1383,1520,0.14869079362896595
132,1401,1533,0.1487122301252628
134,1390,1524,0.14874557591027085
133,1381,1514,0.14877176334845602
136,1375,1511,0.14879806048622346
136,1375,1511,0.14881507510869965
135,1368,1503,0.14883061672908732
133,1378,1511,0.14884690685512422
131,1374,1505,0.14886765368325275
131,1377,1508,0.14889075228059787
132,1387,1519,0.14891234955214078
131,1392,1523,0.1489313657336362
131,1385,1516,0.14895078262785366
134,1383,1517,0.14897036332976954
138,1383,1521,0.14898154241058287
138,1390,1528,0.14898185347900605
133,1384,1517,0.14897892206178956
134,1392,1526,0.1489868203759402
133,1391,1524,0.1489936325208632
133,1387,1520,0.14900232429589963
132,1391,1523,0.1490095106669932
131,1390,1521,0.1490190693517393
128,1394,1522,0.14902982792605193
130,1378,1508,0.14904726419261694
130,1374,1504,0.14905801736619212
132,1369,1501,0.1490688285491281
129,1367,1496,0.14907285307647564
129,1375,1504,0.1490841581221226
125,1393,1518,0.14909695197295605
132,1403,1535,0.14911831739310094
135,1400,1535,0.14912173010319693
129,1390,1519,0.14911644965784163
129,1383,1512,0.14912643909802423
132,1383,1515,0.14913523323398484
132,1390,1522,0.1491368903382985
130,1385,1515,0.1491381414334438
129,1373,1502,0.14914535988435595
124,1357,1481,0.14915260821021506
125,1377,1502,0.14917159458476348
124,1392,1516,0.1491856646537282
125,1398,1523,0.1492016396932668
124,1382,1506,0.1492135902134881
126,1369,1495,0.14922805507523126
128,1360,1488,0.1492382678370601
131,1371,1502,0.14924315058063356
128,1373,1501,0.1492395711490467
123,1365,1488,0.14924491299242637
123,1388,1511,0.14926265287785065
128,1392,1520,0.14928059340671654
128,1385,1513,0.14928471324053105
127,1389,1516,0.14928809234599555
123,1384,1507,0.1492948043025645
125,1403,1528,0.14931106337978675
129,1389,1518,0.14932207475471515
128,1404,1532,0.1493203213171954
125,1389,1514,0.14932243233958303
127,1385,1512,0.14933225836993594
128,1387,1515,0.1493352473269384
128,1382,1510,0.1493342673159828
126,1388,1514,0.14933555557496883
123,1396,1519,0.14934150088427126
122,1398,1520,0.14935339941120795
120,1397,1517,0.1493658378366046
121,1409,1530,0.14938339206324724
121,1398,1519,0.1493980083031433
122,1393,1515,0.14941269786051056
119,1382,1501,0.14942445464652082
120,1399,1519,0.14944294997212965
118,1390,1508,0.1494577224894723
120,1394,1514,0.14947656273034202
118,1383,1501,0.14948959952792493
115,1387,1502,0.14950765530814217
113,1396,1509,0.14953084378233672
114,1388,1502,0.14955695384592296
114,1385,1499,0.1495792456017283
113,1381,1494,0.1495990147953459
113,1389,1502,0.14962058729981056
109,1408,1517,0.14963900970903915
108,1408,1516,0.1496663047691345
109,1403,1512,0.14969244000637302
109,1401,1510,0.14971410169464724
108,1407,1515,0.14973601310215834
107,1409,1516,0.14975781701240432
111,1401,1512,0.14978108658755535
108,1405,1513,0.14979114272701366
110,1391,1501,0.14980610594599306
112,1400,1512,0.14981656247157393
111,1402,1513,0.1498210974614943
111,1401,1512,0.14982912284923947
111,1398,1509,0.14983641552719473
108,1419,1527,0.14984164554767812
109,1417,1526,0.1498537059799159
110,1414,1524,0.1498628481494571
111,1412,1523,0.14987017998725477
107,1419,1526,0.14987554424848043
103,1423,1526,0.1498903640954492
106,1410,1516,0.14991387427235306
107,1409,1516,0.1499291957738348
106,1414,1520,0.1499416572602699
106,1414,1520,0.14995623471427513
101,1423,1524,0.14997024150058103
98,1424,1522,0.1499953655947194
95,1427,1522,0.15002644924042183
94,1428,1522,0.1500607905394978
91,1413,1504,0.15009617040448422
92,1408,1500,0.15013539569476209
92,1416,1508,0.1501699044320887
96,1419,1515,0.15020286692124807
94,1405,1499,0.15022332374584102
94,1409,1503,0.15024604220397206
95,1414,1509,0.15026856638443475
97,1430,1527,0.150285540853576
102,1418,1520,0.15029488653119802
103,1420,1523,0.15028964923155577
103,1422,1525,0.15028327758908402
100,1424,1524,0.1502769799932879
103,1416,1519,0.1502787717698558
104,1427,1531,0.15027312884688884
102,1420,1522,0.15026637043109045
102,1410,1512,0.15026525606257488
103,1396,1499,0.1502638240899192
105,1407,1512,0.15025991612100406
108,1427,1535,0.15025184722692844
106,1428,1534,0.15023679058412173
103,1427,1530,0.1502270705084379
103,1410,1513,0.1502266630555264
102,1423,1525,0.150227429519086
99,1417,1516,0.15023092932743995
102,1407,1509,0.15024242144543729
99,1415,1514,0.15024464211699662
100,1410,1510,0.15025422549137926
97,1410,1507,0.15026118778089745
96,1420,1516,0.1502764674064924
98,1423,1521,0.15029371563203103
98,1416,1514,0.1503050313597541
97,1406,1503,0.15031548898971006
96,1411,1507,0.15032892663521047
97,1423,1520,0.1503448356979669
99,1421,1520,0.1503581766518646
100,1422,1522,0.15036467520013222
99,1414,1513,0.15036824375837413
97,1415,1512,0.1503752797207856
90,1419,1509,0.15038733839658652
91,1413,1504,0.1504145885937771
88,1412,1500,0.15043758948459754
89,1433,1522,0.15046518431926453
91,1417,1508,0.1504889953943439
91,1411,1502,0.15050605823383217
90,1416,1506,0.15052163278278766
90,1422,1512,0.15053904209459668
92,1412,1504,0.15055620304710401
89,1410,1499,0.1505665107118914
91,1420,1511,0.15058324778379373
93,1431,1524,0.1505934791086
89,1437,1526,0.15059750336520408
88,1434,1522,0.15061170465175466
86,1419,1505,0.15062685190036437
87,1418,1505,0.15064589236672332
86,1442,1528,0.15066120766580368
86,1451,1537,0.15067864851201906
85,1438,1523,0.15069531974546135
83,1427,1510,0.1507131610019438
84,1433,1517,0.1507350208733685
85,1439,1524,0.15075196559996618
81,1443,1524,0.15076549911140813
81,1447,1528,0.15078772503527704
80,1447,1527,0.15080822785418665
79,1441,1520,0.15083037222382858
79,1440,1519,0.15085423845415444
79,1440,1519,0.15087737032239615
77,1452,1529,0.1508996923724426
76,1450,1526,0.1509255079402484
76,1448,1524,0.15095121237794187
74,1442,1516,0.15097583659837766
75,1434,1509,0.15100274465517127
70,1437,1507,0.15102616390538554
72,1424,1496,0.15105839295318257
70,1440,1510,0.15108380903285595
68,1440,1508,0.15111264041883846
68,1444,1512,0.15114337158820268
69,1439,1508,0.15117188939532816
67,1440,1507,0.1511953370977732
66,1446,1512,0.1512221715266043
65,1451,1516,0.15125003377959975
67,1448,1515,0.1512784783817989
72,1453,1525,0.15129992877649134
70,1446,1516,0.15130607230003235
69,1433,1502,0.15131617193734037
72,1439,1511,0.15132704995731316
73,1426,1499,0.15132870783734056
73,1416,1489,0.15132923493647776
72,1428,1500,0.15132988187789073
72,1433,1505,0.15133336632349695
72,1427,1499,0.15133813163854082
73,1438,1511,0.15134309136164653
73,1441,1514,0.15134502511752668
73,1441,1514,0.1513470863068204
76,1437,1513,0.15134784803793536
76,1428,1504,0.15134005050686816
76,1438,1514,0.15133101423145143
78,1443,1521,0.15132291112724552
78,1433,1511,0.15131050379461797
82,1433,1515,0.15130019719516444
82,1438,1520,0.1512795822974203
82,1436,1518,0.15126066513605657
79,1431,1510,0.15124343218716554
76,1433,1509,0.15123510666536585
74,1436,1510,0.15123399808993257
74,1440,1514,0.15123960575464032
72,1436,1508,0.15124425846903763
76,1445,1521,0.1512531203726252
78,1442,1520,0.15125211602560057
79,1428,1507,0.15124653747508027
79,1430,1509,0.15123668606102567
79,1432,1511,0.1512283319973831
80,1427,1507,0.151221493201936
78,1419,1497,0.15121372892198529
77,1435,1512,0.15121212474346885
75,1433,1508,0.15121400696678194
75,1434,1509,0.1512214082509817
77,1436,1513,0.15122925647595262
77,1439,1516,0.15123239809153632
75,1432,1507,0.15123595302918014
75,1440,1515,0.15124471817707064
75,1433,1508,0.1512525196878049
72,1444,1516,0.15125909113640268
73,1444,1517,0.1512724602649661
75,1427,1502,0.15128226044025578
74,1436,1510,0.15128549892667154
74,1432,1506,0.15129161254696163
75,1438,1513,0.15129809522901838
76,1427,1503,0.15130162446509904
77,1427,1504,0.1513023870678427
78,1419,1497,0.15129942230792653
79,1435,1514,0.1512939169073582
78,1427,1505,0.15128622890328003
78,1433,1511,0.15128201739943298
77,1451,1528,0.151277857962881
76,1440,1516,0.15127700675810019
77,1455,1532,0.15127807874474006
80,1452,1532,0.1512765754903367
81,1445,1526,0.151267692592481
81,1442,1523,0.15125787444706806
80,1436,1516,0.15124846244650972
80,1431,1511,0.15124287799664957
85,1415,1500,0.1512374031880096
84,1417,1501,0.15121638778361235
87,1415,1502,0.1511976476221464
87,1420,1507,0.15117369499642822
86,1415,1501,0.15115225388498574
81,1422,1503,0.15113474502050953
78,1425,1503,0.15113123566610664
78,1430,1508,0.1511354738293867
80,1425,1505,0.15113987139985613
80,1431,1511,0.1511378216326432
83,1425,1508,0.15113707369880075
83,1420,1503,0.15112878547496586
83,1419,1502,0.15111994417916144
82,1416,1498,0.15111200347898918
84,1425,1509,0.15110888417205406
81,1431,1512,0.15110133263216619
83,1427,1510,0.1511019760376231
83,1425,1508,0.1510957072260987
80,1430,1510,0.15108822960285986
78,1433,1511,0.15109000306053091
79,1441,1520,0.1510970692115545
77,1435,1512,0.1511003468580445
76,1436,1512,0.15110782095173925
76,1458,1534,0.15111773555756977
75,1454,1529,0.15112738012570553
76,1455,1531,0.15113976308548394
75,1439,1514,0.15114781761962948
74,1441,1515,0.15115895678835203
71,1444,1515,0.15117291850334794
69,1440,1509,0.1511926014631673
67,1452,1519,0.15121671971944545
68,1444,1512,0.1512443846555742
71,1444,1515,0.15126753567887033
70,1425,1495,0.15128126782256002
66,1436,1502,0.15129806737095977
66,1427,1493,0.15132353996009434
65,1439,1504,0.15134693163901505
62,1434,1496,0.1513716336507018
61,1446,1507,0.15140181221422083
62,1446,1508,0.15143070568646705
59,1452,1511,0.15145393847564567
61,1456,1517,0.15148296150987775
60,1461,1521,0.15150540156797765
58,1469,1527,0.15152934415412098
58,1470,1528,0.15155571087825984
59,1465,1524,0.15158077891434968
59,1468,1527,0.1516024225089885
57,1466,1523,0.15162299423041892
56,1462,1518,0.15164721110583865
56,1471,1527,0.1516728558365964
56,1475,1531,0.15169732571561703
55,1484,1539,0.15172074117548906
51,1475,1526,0.15174440889023796
51,1466,1517,0.15177569024221868
52,1471,1523,0.1518043659595889
50,1465,1515,0.15182889933788538
48,1464,1512,0.1518567586403285
47,1477,1524,0.1518876529696886
47,1473,1520,0.15191854734561894
48,1481,1529,0.15194710902539277
47,1474,1521,0.15197096652748418
50,1468,1518,0.15199616364145135
47,1477,1524,0.15201098379135375
48,1470,1518,0.15203263265991743
48,1475,1523,0.15205002018153796
46,1469,1515,0.1520666823117573
40,1477,1517,0.15208668950101786
37,1476,1513,0.15212008541069102
38,1485,1523,0.152158683895777
38,1489,1527,0.15219209319666946
37,1483,1520,0.1522239360142525
39,1493,1532,0.15225640427128362
37,1475,1512,0.1522824395479609
37,1476,1513,0.15231161860558762
36,1475,1511,0.1523392568955533
36,1488,1524,0.15236767655300373
36,1492,1528,0.1523935446715238
35,1480,1515,0.15241821577350842
33,1477,1510,0.15244294369752762
36,1491,1527,0.15247089460104443
36,1490,1526,0.15248874131900564
38,1477,1515,0.15250604894743763
36,1473,1509,0.15251702886742588
34,1467,1501,0.15253223559667634
33,1501,1534,0.15255157041439735
33,1490,1523,0.15257237128823714
32,1490,1522,0.15259211797104213
34,1482,1516,0.15261149151283268
35,1476,1511,0.15262577302795627
36,1488,1524,0.1526364179836035
36,1495,1531,0.15264371668167445
34,1477,1511,0.1526498108003512
34,1487,1521,0.15266070257015585
33,1484,1517,0.15267045954521916
31,1483,1514,0.15268235146905784
27,1490,1517,0.15269841897927067
28,1492,1520,0.15272298012158494
26,1482,1508,0.15274427179594988
26,1493,1519,0.15276952823185738
26,1496,1522,0.1527931820769755
27,1478,1505,0.1528157132075501
26,1478,1504,0.15283390545677367
27,1500,1527,0.1528535015502152
25,1494,1519,0.15286898455809106
25,1499,1524,0.1528885642284399
25,1508,1533,0.15290643645005375
26,1501,1527,0.15292360370586344
25,1486,1511,0.15293683173352904
27,1490,1517,0.1529518340565767
26,1497,1523,0.15295982457484983
26,1494,1520,0.15297004935220404
24,1490,1514,0.15298014543379057
25,1503,1528,0.15299520029507355
25,1493,1518,0.15300720090632453
25,1500,1525,0.15301879737476362
25,1495,1520,0.153028876788871
24,1497,1521,0.15303866528483495
24,1495,1519,0.15305046057225127
24,1499,1523,0.15306101041810127
24,1504,1528,0.15307127146917707
23,1501,1524,0.15308122721174047
24,1496,1520,0.1530938023524687
22,1484,1506,0.1531014107335746
21,1494,1515,0.15311343636595165
20,1482,1502,0.1531274559621707
21,1487,1508,0.15314312770002148
21,1489,1510,0.15315497077018927
21,1499,1520,0.15316639734488366
20,1505,1525,0.1531764270615354
19,1500,1519,0.15318833300697904
19,1493,1512,0.15320261567135518
19,1500,1519,0.15321624925532698
19,1496,1515,0.1532292516783776
19,1507,1526,0.1532416418738715
19,1491,1510,0.15325323893073797
19,1508,1527,0.15326361470667826
18,1496,1514,0.15327357661557253
17,1500,1517,0.1532852875733169
17,1498,1515,0.153298625748768
19,1492,1511,0.15331131341013715
22,1477,1499,0.15331686557492938
21,1479,1500,0.1533127529789394
23,1488,1511,0.15331057080486596
22,1485,1507,0.1533036891692422
21,1496,1517,0.15330009188510785
22,1497,1519,0.15330017595374915
22,1490,1512,0.1532984831962027
20,1491,1511,0.15329737464748777
21,1500,1521,0.1533016618556361
22,1491,1513,0.15330287834264852
21,1483,1504,0.1533011522295743
21,1485,1506,0.15330316281943504
21,1487,1508,0.15330537884869577
21,1492,1513,0.1533071713768968
21,1494,1515,0.15330917947152287
20,1501,1521,0.1533113587043401
20,1495,1515,0.15331582575241604
21,1488,1509,0.15331992907457503
21,1493,1514,0.1533217911795001
21,1502,1523,0.15332377189500618
21,1498,1519,0.15332584158142698
21,1486,1507,0.15332797456595335
21,1488,1509,0.15333014869281508
23,1497,1520,0.1533323449209005
22,1493,1515,0.1533280242326745
23,1489,1512,0.15332550362472547
23,1498,1521,0.15332130057033116
22,1495,1517,0.15331772368183483
22,1494,1516,0.15331685192144776
22,1494,1516,0.153315231953619
22,1493,1515,0.15331409274526497
21,1491,1512,0.15331232717090867
21,1496,1517,0.15331329308669603
22,1494,1516,0.15331383564704637
22,1483,1505,0.15331223494427357
21,1470,1491,0.1533100667596573
20,1486,1506,0.15331118858281528
22,1492,1514,0.1533147614524351
22,1491,1513,0.15331269269471665
20,1484,1504,0.15331119174578595
19,1495,1514,0.15331377089775183
19,1491,1510,0.15331882272531494
18,1480,1498,0.15332394978647773
17,1475,1492,0.15333124945306825
19,1468,1487,0.15334058125834482
16,1487,1503,0.15334312418164456
17,1488,1505,0.15335455222721964
17,1491,1508,0.15336224837621415
17,1497,1514,0.15336877100539947
17,1493,1510,0.15337526830819004
16,1482,1498,0.15338170579928764
17,1481,1498,0.1533902268114467
18,1487,1505,0.1533956827160802
17,1499,1516,0.15339788582200228
14,1508,1522,0.15340250288201351
15,1501,1516,0.15341392369961668
13,1495,1508,0.15342232775863582
10,1510,1520,0.1534353980413375
11,1501,1512,0.15345328369353464
11,1511,1522,0.15346816583698836
11,1510,1521,0.15348242369014795
11,1509,1520,0.15349606812243358
11,1510,1521,0.15350911195231778
12,1515,1527,0.15352156957768723
12,1499,1511,0.1535302043552556
12,1505,1517,0.15353858911727383
13,1511,1524,0.1535467125632396
12,1499,1511,0.15355066446479232
13,1503,1516,0.15355691092261492
12,1494,1506,0.15355983996511074
13,1503,1516,0.15356597384137224
14,1508,1522,0.1535690312627597
15,1520,1535,0.15356897070501196
15,1495,1510,0.15356622244444143
15,1483,1498,0.1535641080289435
15,1502,1517,0.15356254370779954
15,1507,1522,0.15356145519445225
15,1505,1520,0.15356077666876772
15,1499,1514,0.15356044988072373
15,1493,1508,0.15356042334542494
14,1499,1513,0.15356065162033833
14,1502,1516,0.15356330438631155
14,1497,1511,0.15356599676018884
13,1498,1511,0.15356870672226994
13,1488,1501,0.15357379105156485
13,1497,1510,0.15357869261414756
12,1496,1508,0.15358341011435797
12,1506,1518,0.1535901847304263
11,1510,1521,0.15359650713429837
11,1518,1529,0.15360488425936938
11,1513,1524,0.15361281590170234
10,1501,1511,0.1536203228856838
9,1495,1504,0.1536295834177902
9,1497,1506,0.15364047878289194
8,1502,1510,0.15365075381454785
8,1510,1518,0.15366267365285857
9,1513,1522,0.15367389635346493
10,1511,1521,0.15368124881812423
10,1499,1509,0.1536850208883043
10,1506,1516,0.15368878151652002
10,1508,1518,0.1536925102263196
12,1511,1523,0.153696189836678
12,1521,1533,0.15369384771016098
12,1503,1515,0.15369195098235294
11,1507,1518,0.15369044322143108
10,1507,1517,0.15369147374142084
10,1514,1524,0.15369530237665902
11,1513,1524,0.15369905009769075
11,1495,1506,0.15369944686250303
11,1493,1504,0.15370004918607824
11,1501,1512,0.15370082214837544
11,1497,1508,0.15370065343739434
11,1502,1513,0.15370076832591686
13,1505,1518,0.1537011229783488
12,1508,1520,0.15369532347500328
14,1509,1523,0.1536931562552649
14,1505,1519,0.15368490635475293
14,1500,1514,0.15367762974197693
14,1491,1505,0.15367122155574264
14,1485,1499,0.15366558772963143
13,1487,1500,0.15366064390854778
13,1491,1504,0.1536590111444932
14,1480,1494,0.15365770971969747
15,1496,1511,0.1536534262349367
15,1488,1503,0.15364646631243709
15,1506,1521,0.15364030246721724
14,1505,1519,0.1536348505276411
13,1506,1519,0.15363220056208587
13,1495,1508,0.15363281409140345
12,1501,1513,0.1536335756375131
12,1493,1505,0.15363662514611243
12,1493,1505,0.15363964091012391
12,1491,1503,0.1536426103913567
11,1497,1508,0.1536455232153166
12,1505,1517,0.1536509062033065
11,1507,1518,0.15365344490721847
11,1521,1532,0.15365808126965416
10,1518,1528,0.1536625260208308
11,1518,1529,0.1536690242058521
11,1506,1517,0.15367191956859844
11,1499,1510,0.1536748055342476
10,1498,1508,0.153677666456855
10,1496,1506,0.1536826437596519
10,1506,1516,0.15368744142908108
10,1499,1509,0.15369205832402585
10,1499,1509,0.15369649454992054
9,1505,1514,0.15370075126845456
9,1505,1514,0.15370700818280514
9,1502,1511,0.1537118965864406
8,1512,1520,0.15371665524480527
8,1505,1513,0.15372351615900953
8,1515,1523,0.15373008826107132
9,1504,1513,0.15373637666211593
10,1504,1514,0.15373913491708582
11,1514,1525,0.15373901435203344
11,1521,1532,0.1537362115156886
11,1524,1535,0.15373388358351284
9,1508,1517,0.15373197236252958
9,1502,1511,0.15373524016403264
10,1504,1514,0.15373848607371451
10,1506,1516,0.15373940094562422
10,1510,1520,0.15374041733206478
10,1501,1511,0.15374151385878915
9,1508,1517,0.15374267191911983
9,1516,1525,0.1537460354992867
8,1519,1527,0.15374929964833156
7,1516,1523,0.15375462820327576
7,1522,1529,0.15376214101264588
7,1513,1520,0.15376924941329118
7,1513,1520,0.15377597283990227
7,1505,1512,0.15378233004956837
7,1520,1527,0.15378833911387046
6,1508,1514,0.1537940174162265
6,1512,1518,0.15380166248409405
6,1519,1525,0.15380885960311333
6,1510,1516,0.15381563435330103
6,1522,1528,0.15382201092101824
6,1512,1518,0.1538280121679787
6,1522,1528,0.1538336596975881
5,1516,1521,0.1538389739186289
5,1507,1512,0.15384615808553687
5,1504,1509,0.15385291255501762
5,1500,1505,0.15385926273750275
5,1493,1498,0.15386523256953757
6,1494,1500,0.1538708445963946
6,1503,1509,0.1538728600884584
8,1500,1508,0.15387375754182112
8,1513,1521,0.15386829287995105
8,1508,1516,0.15386355829261109
8,1504,1512,0.15385947093982025
8,1519,1527,0.15385595673113608
8,1501,1509,0.15385294943539493
9,1491,1500,0.15385038987914018
10,1501,1511,0.15384494562210452
10,1501,1511,0.15383689565424452
10,1516,1526,0.15382973314026815
10,1508,1518,0.15382336569198796
10,1507,1517,0.15381771024706645
11,1503,1514,0.15381269214424229
10,1519,1529,0.1538049847403043
11,1508,1519,0.15380054435089124
11,1515,1526,0.15379415537869467
12,1509,1521,0.15378844572405798
13,1512,1525,0.15378007359829152
13,1509,1522,0.15376932218421013
13,1516,1529,0.15375963962489664
13,1512,1525,0.1537509210572259
13,1502,1515,0.15374307182290237
12,1512,1524,0.1537360064803689
12,1502,1514,0.15373205037499996
12,1499,1511,0.1537285630551644
12,1504,1516,0.15372549409778924
12,1500,1512,0.15372177459704303
11,1497,1508,0.15371854976201596
11,1503,1514,0.15371792675439144
11,1514,1525,0.1537175618063649
11,1517,1528,0.1537174182111683
11,1520,1531,0.15371746349876464
11,1506,1517,0.153717668987055
10,1517,1527,0.1537180093786015
10,1508,1518,0.15372110555643861
11,1509,1520,0.15372408619321967
12,1507,1519,0.15372423340109134
11,1502,1513,0.1537212196161344
11,1504,1515,0.15372121087842047
10,1508,1518,0.15372134743174462
10,1503,1513,0.1537237789333817
10,1510,1520,0.1537255679301316
10,1522,1532,0.153727413819456
10,1511,1521,0.1537292970722217
11,1503,1514,0.15373120090205245
11,1497,1508,0.1537298606877212
10,1505,1515,0.1537288173356197
10,1514,1524,0.1537302134966569
10,1508,1518,0.15373169778871879
9,1510,1519,0.15373324805839061
9,1513,1522,0.15373703441300812
8,1519,1527,0.15374071458122684
7,1518,1525,0.15374647567760952
6,1521,1527,0.1537543339187817
5,1520,1525,0.1537639440262105
5,1520,1525,0.15377517889256795
5,1515,1520,0.15378578905567405
5,1516,1521,0.15379580674055593
5,1519,1524,0.15380526277716816
5,1519,1524,0.1538141866301373
5,1513,1518,0.15382260643205997
5,1514,1519,0.15383054901961826
5,1510,1515,0.15383803997186982
5,1517,1522,0.1538451036501555
5,1513,1518,0.1538517632391429
5,1499,1504,0.15385804078858967
5,1496,1501,0.15386395725547086
5,1510,1515,0.15386953254616517
5,1509,1514,0.1538747855584417
5,1498,1503,0.1538797342230294
6,1505,1511,0.15388439554458622
6,1507,1513,0.153885518747397
5,1515,1520,0.1538866914379171
5,1514,1519,0.1538900610974329
5,1508,1513,0.1538933225452525
6,1511,1517,0.15389647293452538
6,1514,1520,0.15389624986675016
6,1514,1520,0.15389621775414522
6,1517,1523,0.15389634779458586
5,1522,1527,0.15389661460180964
5,1509,1514,0.15389959800850123
6,1506,1512,0.15390247600732962
6,1517,1523,0.15390198127296106
6,1513,1519,0.1539016848475347
6,1514,1520,0.15390155837027208
6,1501,1507,0.15390157678426009
6,1515,1521,0.15390060565501348
6,1512,1518,0.15389991242054266
6,1502,1508,0.15389945906240704
6,1504,1510,0.15389921191151654
6,1496,1502,0.15389914118713616
6,1503,1509,0.15389922058287545
6,1506,1512,0.15389942689497635
5,1509,1514,0.15389973968867765
5,1510,1515,0.1539024758799964
5,1522,1527,0.1539051264706606
5,1507,1512,0.1539076888242696
5,1512,1517,0.15391016122404158
5,1513,1518,0.15391254274348745
6,1511,1517,0.15391483313203808
6,1502,1508,0.15391376313510183
6,1503,1509,0.15391290850370587
5,1514,1519,0.1539122415562871
6,1510,1516,0.15391471549638222
6,1515,1521,0.15391380797571455
6,1509,1515,0.1539130909265084
5,1502,1507,0.15391253963129387
7,1509,1516,0.15391510533549885
8,1509,1517,0.1539112729872586
8,1529,1537,0.15390461788661322
8,1518,1526,0.1538986598273183
7,1514,1521,0.15389332812200784
7,1517,1524,0.15389079256404883
9,1503,1512,0.15388861957548192
9,1512,1521,0.153880252769016
9,1503,1512,0.15387277603002328
9,1499,1508,0.15386609839466484
9,1494,1503,0.15386013798838127
8,1496,1504,0.15385482112966892
8,1500,1508,0.15385263816028982
8,1487,1495,0.15385077947081838
9,1482,1491,0.15384920679014186
8,1495,1503,0.1538451546665689
8,1520,1528,0.15384372673587265
8,1520,1528,0.15384256213583852
8,1523,1531,0.1538416279082914
8,1528,1536,0.15384089472531973
8,1514,1522,0.15384033651252405
7,1506,1513,0.15383993011013883
7,1505,1512,0.15384191222646454
7,1505,1512,0.15384386090034272
6,1516,1522,0.15384576970250044
5,1514,1519,0.15384979279660022
5,1513,1518,0.1538559545943089
5,1507,1512,0.1538617853278454
5,1498,1503,0.15386730085196934
5,1503,1508,0.1538725164740919
5,1517,1522,0.15387744694710415
4,1503,1507,0.15388210646655875
4,1502,1506,0.15388867236950143
4,1506,1510,0.1538948631022847
5,1510,1515,0.15390069910988133
5,1520,1525,0.15390383594807402
5,1518,1523,0.1539068184582863
5,1508,1513,0.1539096524646728
4,1515,1519,0.15391128987895322
4,1516,1520,0.15391515512020829
4,1502,1506,0.15391889770673492
5,1508,1513,0.15392251413064342
5,1519,1524,0.1539227225784157
5,1512,1517,0.15392310800975062
6,1521,1527,0.1539236412599176
7,1507,1514,0.15392102257496842
7,1509,1516,0.1539155606882655
7,1507,1514,0.15391075809949242
6,1526,1532,0.15390654298956533
6,1525,1531,0.1539057532395161
6,1517,1523,0.1539051816696758
6,1523,1529,0.15390479849869934
6,1506,1512,0.15390457735830268
6,1501,1507,0.153904494930333
5,1500,1505,0.15390453062097686
5,1503,1508,0.15390685791347192
5,1507,1512,0.1539091340231839
5,1497,1502,0.15391135328313532
5,1492,1497,0.1539135112234959
5,1501,1506,0.15391560441603985
5,1488,1493,0.1539176303360902
5,1496,1501,0.15391958724010726
4,1507,1511,0.15392147405726717
4,1495,1499,0.15392545920218326
4,1497,1501,0.15392924232270228
3,1505,1508,0.15393283176391395
3,1509,1512,0.15393854227127116
3,1516,1519,0.15394392231999734
3,1509,1512,0.15394899040697954
3,1514,1517,0.15395376405748673
3,1510,1513,0.15395825986950784
3,1499,1502,0.15396249355681652
3,1508,1511,0.15396647999070356
3,1520,1523,0.15397023324033304
3,1508,1511,0.15397376661169349
3,1509,1512,0.15397709268512863
3,1508,1511,0.15398022335144154
3,1507,1510,0.15398316984657776
3,1510,1513,0.15398594278489683
3,1514,1517,0.153988552191053
3,1515,1518,0.1539910075305066
3,1521,1524,0.15399331773869565
3,1511,1514,0.15399549124889905
2,1510,1512,0.15399753601882554
2,1518,1520,0.15400163090290897
2,1521,1523,0.1540054802943631
2,1512,1514,0.15400909881880312
2,1518,1520,0.15401250023950153
2,1525,1527,0.15401569750734534
2,1520,1522,0.15401870280798824
2,1520,1522,0.15402152760634524
2,1517,1519,0.15402418268857163
2,1511,1513,0.15402667820166158
2,1491,1493,0.15402902369079474
2,1490,1492,0.15403122813455317
2,1507,1509,0.15403329997812404
2,1513,1515,0.15403524716459985
2,1514,1516,0.15403707716447992
1,1510,1511,0.154038797003473
1,1512,1513,0.15404258212496913
1,1514,1515,0.1540461383999499
1,1522,1523,0.15404947961895735
1,1510,1511,0.15405261874600185
1,1517,1518,0.15405556796765438
1,1509,1510,0.15405833873926694
2,1515,1517,0.15406094182848498
2,1514,1516,0.15406011411818668
2,1506,1508,0.15405944418149814
2,1499,1501,0.1540589120159253
2,1500,1502,0.1540584998438509
3,1499,1502,0.1540581918795044
3,1504,1507,0.15405470887724954
3,1514,1517,0.1540516088107624
3,1496,1499,0.15404885187991085
3,1503,1506,0.15404640229822578
3,1510,1513,0.15404422789508943
3,1519,1522,0.15404229975694683
3,1512,1515,0.15404059190373792
3,1500,1503,0.15403908099711497
3,1508,1511,0.1540377460773437
3,1516,1519,0.15403573662787334
3,1514,1517,0.15403399869169865
3,1526,1529,0.15403250123192763
3,1510,1513,0.15403121650982377
3,1511,1514,0.1540301197473752
3,1505,1508,0.15402918882365163
3,1517,1520,0.15402840400161
3,1518,1521,0.15402774768233438
2,1516,1518,0.1540272041839943
2,1517,1519,0.1540290952819888
2,1517,1519,0.15403091427235746
2,1510,1512,0.15403266129971918
2,1532,1534,0.15403433691691254
2,1528,1530,0.15403594201929732
2,1517,1519,0.15403747778704932
2,1516,1518,0.1540389456345709
3,1511,1514,0.15404034716623344
4,1504,1508,0.15403840878569716
3,1527,1530,0.15403344335912605
3,1513,1516,0.1540312858761882
3,1516,1519,0.15402944787102396
4,1520,1524,0.15402789175920079
4,1514,1518,0.15402330258172006
4,1513,1517,0.1540192386163681
5,1518,1523,0.15401564417050476
4,1523,1527,0.1540092049705475
4,1519,1523,0.15400635345961197
4,1527,1531,0.15400386458277898
4,1531,1535,0.15400169804336042
4,1521,1525,0.15399981775386087
4,1519,1523,0.15399819141049761
3,1504,1507,0.15399679010993197
3,1494,1497,0.15399776113085767
3,1501,1504,0.153998775168253
3,1511,1514,0.15399981964277326
3,1507,1510,0.15400088370992238
3,1515,1518,0.15400195806031403
3,1513,1516,0.15400303474122545
3,1516,1519,0.15400410699726197
3,1523,1526,0.1540051691281691
3,1518,1521,0.15400621636202647
3,1514,1517,0.15400724474223434
3,1520,1523,0.15400825102686444
3,1515,1518,0.15400923259909052
3,1512,1515,0.15401018738754357
3,1499,1502,0.15401111379555385
3,1501,1504,0.1540120106383467
2,1513,1515,0.1540128770873551
4,1514,1518,0.15401591885690064
4,1531,1535,0.15401360984582685
4,1524,1528,0.1540115383805252
4,1527,1531,0.15400968068583398
3,1521,1524,0.15400801532856476
3,1511,1514,0.15400874942039383
3,1527,1530,0.1540094981487766
3,1528,1531,0.15401025486198996
3,1508,1511,0.15401101387141408
3,1517,1520,0.15401177033889726
3,1502,1505,0.15401252017619765
3,1520,1523,0.15401325995526252
3,1511,1514,0.15401398682822992
3,1504,1507,0.15401469845614893
3,1507,1510,0.15401539294551614
3,1502,1505,0.15401606879181653
3,1490,1493,0.1540167248293389
3,1500,1503,0.1540173601866096
3,1500,1503,0.15401797424685504
3,1502,1505,0.15401856661296268
3,1497,1500,0.15401913707646492
3,1504,1507,0.1540196855901181
3,1513,1516,0.15402021224369283
3,1512,1515,0.15402071724263108
3,1499,1502,0.15402120088926072
4,1520,1524,0.15402166356629063
4,1515,1519,0.15401885765867634
5,1496,1501,0.15401633435902579
5,1495,1500,0.15401080057661312
5,1505,1510,0.1540058015391638
5,1504,1509,0.1540012856950085
5,1498,1503,0.1539972064547432
5,1498,1503,0.15399352171403402
5,1504,1509,0.1539901934222829
5,1499,1504,0.1539871871927487
5,1499,1504,0.15398447195014134
5,1507,1512,0.153982019612088
5,1503,1508,0.15397980480121778
5,1512,1517,0.15397780458492302
6,1522,1528,0.15397599824013747
6,1515,1521,0.15397110284653623
5,1502,1507,0.15396667066033282
5,1519,1524,0.15396502666817488
5,1505,1510,0.15396249134187107
5,1498,1503,0.1539603203774229
5,1507,1512,0.1539584710390465
5,1509,1514,0.15395690519894698
5,1525,1530,0.15395558886128727
5,1528,1533,0.15395449173416717
5,1529,1534,0.15395358684483806
5,1520,1525,0.15395285019385094
5,1509,1514,0.15395226044425844
5,1508,1513,0.15395179864237526
5,1515,1520,0.15395144796694604
5,1519,1524,0.15395119350388145
5,1501,1506,0.1539510220440043
4,1503,1507,0.15395092190149928
4,1521,1525,0.15395323991717158
4,1514,1518,0.15395544841420458
3,1503,1506,0.15395755092903626
3,1509,1512,0.15396175159525746
3,1507,1510,0.15396571634678632
3,1507,1510,0.1539694575351141
4,1499,1503,0.1539729869608138
3,1504,1507,0.1539733294083389
3,1513,1516,0.15397589872371648
3,1518,1521,0.15397839643094804
3,1512,1515,0.15398081866958754
3,1504,1507,0.1539831626097895
2,1505,1507,0.1539854263126367
2,1513,1515,0.15398976750988747
2,1510,1512,0.15399389633124597
2,1514,1516,0.153997820688879
2,1522,1524,0.15400154849872302
2,1533,1535,0.15400508763324827
3,1524,1527,0.15400844588165188
3,1513,1516,0.1540091074536129
3,1522,1525,0.15400979121033576
3,1517,1520,0.15401048974232825
3,1505,1508,0.1540111966784274
3,1497,1500,0.15401190656570077
3,1496,1499,0.15401261476216768
3,1514,1517,0.15401331734102675
3,1507,1510,0.15401401100520754
3,1502,1505,0.15401469301118276
2,1496,1498,0.1540153611010845
2,1505,1507,0.15401826015977746
2,1509,1511,0.1540209975362749
2,1498,1500,0.15402358159281518
2,1505,1507,0.15402602032928947
3,1512,1515,0.1540283213908446
3,1506,1509,0.1540279575737855
3,1507,1510,0.15402766024627432
3,1513,1516,0.15402742107460635
2,1502,1504,0.15402723264652848
3,1503,1506,0.15402949723768458
2,1516,1518,0.15402916618507864
2,1494,1496,0.15403109737117507
2,1507,1509,0.15403293868529613
2,1496,1498,0.1540346929111227
2,1511,1513,0.1540363629236117
2,1519,1521,0.15403795165814815
1,1521,1522,0.1540394620840282
1,1512,1513,0.15404306806098034
1,1517,1518,0.1540464699495244
1,1510,1511,0.15404967866133956
1,1521,1522,0.15405270459188034
0,1517,1517,0.1540555576373306
