1358,26,1384,0.13579591943242555
1384,29,1413,0.13297880977541202
1412,31,1443,0.13034601324225012
1431,30,1461,0.12787317308590998
1444,28,1472,0.1255724784986124
1472,28,1500,0.12344398300257639
1473,28,1501,0.12143302281582496
1467,26,1493,0.11960192261783796
1474,27,1501,0.11795085682074963
1474,27,1501,0.1164326240813382
1467,28,1495,0.1150525578370531
1461,26,1487,0.11381489374004991
1464,27,1491,0.1127055762779744
1450,27,1477,0.11169198116425293
1455,29,1484,0.11080585992230978
1456,29,1485,0.10998663843803172
1472,31,1503,0.10923860844112532
1464,32,1496,0.10852130759329182
1465,32,1497,0.107888152390626
1458,31,1489,0.10731211667347383
1471,30,1501,0.106804564376082
1462,29,1491,0.10631383849926905
1471,28,1499,0.10588846636419952
1483,31,1514,0.10548057572957098
1460,30,1490,0.10508243157645544
1467,29,1496,0.10477151084579824
1464,30,1494,0.10447350126164207
1454,31,1485,0.10420976423489985
1464,30,1494,0.10399425286372202
1449,32,1481,0.10377691185021602
1451,32,1483,0.10361371010933297
1451,33,1484,0.10345906175625476
1453,31,1484,0.10331848446683158
1448,32,1480,0.10318966457201523
1444,34,1478,0.10308602260846417
1463,37,1500,0.10300100008664778
1455,37,1492,0.10287806062674004
1443,40,1483,0.10278212672688397
1448,38,1486,0.10272051927814005
1463,39,1502,0.10265658096743124
1467,39,1506,0.10256249288539365
1461,38,1499,0.10246792089129904
1452,39,1491,0.10239691057218338
1454,40,1494,0.10235439402055273
1458,39,1497,0.10231239907051082
1455,38,1493,0.10226265964012406
1457,37,1494,0.10222465560450178
1468,37,1505,0.10218407154092336
1460,37,1497,0.10212258460681087
1465,35,1500,0.10208557108607245
1456,37,1493,0.1020426471685472
1451,37,1488,0.10202346776454345
1453,38,1491,0.1020158867628967
1447,39,1486,0.10200809744587853
1450,40,1490,0.10201397996033494
1439,45,1484,0.1020118365121737
1449,45,1494,0.10203611800648496
1442,46,1488,0.10203702061483957
1439,44,1483,0.10205509721299355
1443,41,1484,0.10207780393073188
1451,44,1495,0.10209129666345255
1457,45,1502,0.10208836651155856
1464,44,1508,0.10207060464548519
1467,44,1511,0.10203814125229016
1473,44,1517,0.10200079939774831
1474,43,1517,0.10195128263724577
1470,41,1511,0.10190462238664366
1474,40,1514,0.10187085268305694
1475,41,1516,0.10183117598392437
1459,43,1502,0.10179266724255713
1457,43,1500,0.10179316661068294
1461,43,1504,0.10179471916754823
1460,45,1505,0.10178893616002614
1461,45,1506,0.10178756218545551
1450,45,1495,0.10178488572183238
1445,44,1489,0.10180790472835227
1461,43,1504,0.10183904366653039
1466,42,1508,0.10183268068469936
1468,42,1510,0.10181525449920832
1468,43,1511,0.10179414725141527
1466,43,1509,0.10177576282456093
1461,43,1504,0.10176454897209393
1463,40,1503,0.10176600464525293
1459,39,1498,0.10176071818215568
1445,41,1486,0.10176408726876449
1456,42,1498,0.10179892699851872
1464,42,1506,0.10180669692864171
1476,43,1519,0.10179561713520296
1465,43,1508,0.10175758968434914
1457,41,1498,0.10174969572757593
1446,41,1487,0.10175944295763978
1447,44,1491,0.10179255500312656
1449,44,1493,0.10182270796362458
1457,43,1500,0.10184675719294235
1445,42,1487,0.10184898373533738
1433,43,1476,0.10187770720205784
1443,38,1481,0.10193146399805599
1441,38,1479,0.1019562477269072
1449,35,1484,0.10198464115094774
1453,38,1491,0.10199213926181691
1445,37,1482,0.1019901652708672
1437,37,1474,0.10200419086420563
1442,38,1480,0.10203470045183487
1445,38,1483,0.10205092902826536
1444,38,1482,0.10205894312931144
1452,38,1490,0.10206993981720283
1450,38,1488,0.10206282258047793
1463,38,1501,0.10205856131009491
1460,40,1500,0.10202587011367957
1448,41,1489,0.1020006828850341
1455,40,1495,0.10200620500005649
1465,43,1508,0.10199550715441993
1471,44,1515,0.10196084182093208
1472,45,1517,0.1019165372321695
1459,42,1501,0.10187468441859565
1465,41,1506,0.1018648389638992
1451,43,1494,0.10184411294241849
1445,43,1488,0.1018564457012666
1447,43,1490,0.10188072575798071
1447,43,1490,0.10189727879806894
1454,42,1496,0.10191486159182606
1452,42,1494,0.10191451075200371
1461,45,1506,0.1019205437703973
1448,44,1492,0.10190624448088088
1444,45,1489,0.10192111409921242
1457,43,1500,0.10194340510138623
1459,44,1503,0.10193587578129998
1460,41,1501,0.10192473897206389
1460,40,1500,0.10191018538867042
1459,40,1499,0.10189750622467847
1443,42,1485,0.10188934678846494
1442,43,1485,0.10191862923164154
1449,42,1491,0.1019437746788919
1452,42,1494,0.10195244290319021
1455,42,1497,0.1019533521849974
1448,41,1489,0.10194719166106818
1443,42,1485,0.10195865708664048
1451,43,1494,0.10198162008707651
1456,43,1499,0.10198416172945209
1472,45,1517,0.10197664833875109
1466,43,1509,0.10193099547446473
1473,44,1517,0.10190303865876515
1460,43,1503,0.1018626877312241
1471,42,1513,0.10185641872976162
1476,44,1520,0.10182526017210067
1477,43,1520,0.10178636539226116
1461,44,1505,0.10174683126473613
1476,43,1519,0.10174475239645603
1462,42,1504,0.101712307876614
1460,40,1500,0.10171272935602635
1442,40,1482,0.10171551129864646
1444,41,1485,0.10175974103037173
1443,44,1487,0.10179676837073025
1444,46,1490,0.10183357692011918
1450,48,1498,0.10186419906469465
1459,47,1506,0.10187960098033665
1456,48,1504,0.10187407155957948
1444,48,1492,0.10187507130171379
1443,48,1491,0.10190250636778049
1454,53,1507,0.10193109253732142
1448,51,1499,0.1019333876364618
1436,54,1490,0.10194985330549768
1433,51,1484,0.10199205556412551
1437,50,1487,0.10203596367195847
1460,49,1509,0.10206778992313373
1466,49,1515,0.10204389943100668
1446,50,1496,0.10200897811365742
1445,51,1496,0.10202319545899265
1450,52,1502,0.10203779392291441
1451,53,1504,0.10203911105643604
1453,52,1505,0.10203993684908876
1451,51,1502,0.10203745920465013
1441,51,1492,0.10203824732406233
1445,55,1500,0.10206178578949547
1450,54,1504,0.10207323148121648
1463,53,1516,0.10207350363205572
1456,53,1509,0.10204429493796852
1455,55,1510,0.1020339176583093
1450,58,1508,0.10202822634647336
1439,55,1494,0.10203704326143948
1437,56,1493,0.1020698804005253
1446,56,1502,0.10210561139039097
1444,57,1501,0.10211610527363899
1430,56,1486,0.10213067943515362
1432,56,1488,0.1021761219106387
1442,56,1498,0.10221451839315211
1432,57,1489,0.10222491065109407
1436,57,1493,0.102257557059291
1444,57,1501,0.10228028122787652
1445,59,1504,0.10228351758103298
1433,56,1489,0.10228290922927752
1419,57,1476,0.10231024761750201
1412,57,1469,0.10236701388835359
1415,60,1475,0.10243500403718181
1428,65,1493,0.10249182885952104
1408,67,1475,0.10251346204545081
1417,69,1486,0.10257933661321467
1416,68,1484,0.10262171512856849
1409,65,1474,0.10266229223424879
1400,62,1462,0.10271683399305051
1403,62,1465,0.10278905526489143
1405,62,1467,0.10285075122520482
1426,64,1490,0.1029010869308287
1427,66,1493,0.10289873204961783
1437,65,1502,0.10289398988304327
1422,63,1485,0.10286444761663431
1426,63,1489,0.10287331490366167
1431,65,1496,0.10287358785978505
1431,64,1495,0.1028629857927347
1416,63,1479,0.10285315645697857
1413,63,1476,0.1028759492150356
1409,62,1471,0.10290180827146063
1399,67,1466,0.10293599707858452
1406,66,1472,0.10298979710113024
1414,70,1484,0.10302251056415716
1417,70,1487,0.10303567737526645
1421,68,1489,0.10304080866077568
1420,68,1488,0.10303685940183442
1412,68,1480,0.10303566714155711
1417,67,1484,0.10305309412060407
1416,65,1481,0.1030581323558399
1412,69,1481,0.10306579528362836
1413,72,1485,0.10308345776302928
1429,72,1501,0.10309779018649
1431,74,1505,0.10307234535476194
1428,76,1504,0.10304440922567235
1422,78,1500,0.10302603797760859
1427,77,1504,0.10302538401300261
1421,76,1497,0.10301448977721563
1417,72,1489,0.10301830396671065
1412,73,1485,0.10303064757425524
1409,74,1483,0.10305335905745171
1404,74,1478,0.10308173969351689
1408,71,1479,0.10312036295158153
1413,71,1484,0.1031462935543145
1416,73,1489,0.10315746172543189
1420,76,1496,0.10316208399802519
1415,75,1490,0.10315747894036824
1424,76,1500,0.10316730920941077
1417,79,1496,0.10315650465938464
1425,77,1502,0.10316070337723834
1426,78,1504,0.10314612863495581
1418,81,1499,0.10312976535599631
1413,77,1490,0.10313419425808767
1405,80,1485,0.10315137237408979
1405,80,1485,0.1031843374593454
1402,83,1485,0.10321504556241422
1399,83,1482,0.10324527153131749
1396,82,1478,0.10328238840171756
1415,84,1499,0.10332456900899631
1421,82,1503,0.10332084074261122
1427,78,1505,0.1033061514565166
1417,77,1494,0.10327602503682072
1436,77,1513,0.10327267534197002
1430,79,1509,0.10322710006500566
1432,79,1511,0.10319467623973637
1438,80,1518,0.10316321806358981
1436,81,1517,0.10312256604219583
1414,83,1497,0.10308715050913776
1419,80,1499,0.10310520083766139
1407,83,1490,0.10310913125874904
1412,84,1496,0.10314145688034328
1401,83,1484,0.10316199240525338
1389,82,1471,0.10320562138192793
1390,81,1471,0.103272846108656
1396,81,1477,0.10333187316182801
1413,79,1492,0.10337274360965892
1415,78,1493,0.10337131241611687
1413,79,1492,0.103364358500083
1417,80,1497,0.10336326523503221
1406,81,1487,0.10335161993625651
1412,76,1488,0.10336552954794645
1418,77,1495,0.10336764846594372
1423,75,1498,0.10335171331586024
1415,77,1492,0.10332629347726083
1406,76,1482,0.10332071636200736
1409,77,1486,0.10333673764883214
1414,81,1495,0.10334459794619759
1409,81,1490,0.10334186056293439
1400,80,1480,0.10335110394297864
1402,80,1482,0.10338318454064307
1409,83,1492,0.10340706146142008
1419,82,1501,0.10341326364100159
1417,81,1498,0.10339581663381793
1417,82,1499,0.10338347928912242
1417,80,1497,0.10337127834950464
1415,81,1496,0.10335838153013689
1424,80,1504,0.10335234524631048
1419,79,1498,0.10332519164685777
1417,81,1498,0.10330986883697914
1394,77,1471,0.10329905905903379
1408,78,1486,0.1033425291427463
1392,83,1475,0.10335200522892743
1389,86,1475,0.10339683193776253
1395,84,1479,0.10344644054784741
1400,84,1484,0.1034790237701497
1396,85,1481,0.10349862304941211
1397,83,1480,0.10352519610696685
1409,86,1495,0.10354509632162745
1421,84,1505,0.10353780167379145
1418,86,1504,0.10350344823682019
1405,85,1490,0.103478709664108
1409,82,1491,0.10348614855901182
1399,83,1482,0.10348533673521676
1405,88,1493,0.10350703123959558
1411,88,1499,0.10351351631524564
1407,88,1495,0.10350502240960463
1401,90,1491,0.10350709260181755
1407,91,1498,0.10352402296661771
1407,94,1501,0.10352449564128059
1410,95,1505,0.10352389823606174
1405,95,1500,0.10351862208542915
1417,94,1511,0.10352279704339824
1409,90,1499,0.10350051760624304
1406,89,1495,0.10349732346477747
1418,90,1508,0.10350235649903433
1425,88,1513,0.10348175562050342
1425,87,1512,0.10344716017252586
1429,87,1516,0.10341605187527617
1420,85,1505,0.10337819671659519
1415,85,1500,0.10336145996604394
1404,85,1489,0.10335754479127476
1405,86,1491,0.10337986687720474
1401,89,1490,0.10339698688813811
1408,94,1502,0.10342235996373639
1402,93,1495,0.10342976405037443
1410,95,1505,0.10344934069889994
1392,98,1490,0.10345103108326502
1393,98,1491,0.10349024582391397
1403,97,1500,0.1035247120931077
1398,95,1493,0.10353616355231604
1391,95,1486,0.10355938734006224
1396,93,1489,0.10359601269444026
1405,95,1500,0.10361982217435006
1399,96,1495,0.10362379563769153
1393,98,1491,0.1036402704150107
1392,96,1488,0.10367031310634768
1388,100,1488,0.1037008589099973
1384,99,1483,0.10373710955847823
1381,97,1478,0.10377943063958242
1372,94,1466,0.10382528351314871
1387,94,1481,0.10388931374679085
1402,96,1498,0.10391262138603302
1407,97,1504,0.10389745203351708
1402,99,1501,0.10387246230333534
1410,96,1506,0.10386119334469375
1392,97,1489,0.10383200229313579
1408,97,1505,0.10384442904822791
1397,95,1492,0.103822172136695
1407,98,1505,0.10382669943733347
1410,101,1511,0.10380921595132897
1411,100,1511,0.10378563619852312
1412,99,1511,0.10376189353555232
1408,100,1508,0.10373897397984402
1403,103,1506,0.10372645724430807
1403,103,1506,0.1037256272356554
1380,104,1484,0.1037237333562306
1384,104,1488,0.10377409389760775
1383,98,1481,0.10381069683248727
1375,101,1476,0.10384538201256653
1378,101,1479,0.10389739756033198
1385,101,1486,0.10393840789734597
1403,103,1506,0.10396081332118272
1401,108,1509,0.10394185888924042
1397,109,1506,0.10392930829712015
1399,109,1508,0.10392704519413944
1399,109,1508,0.10392006354030894
1399,112,1511,0.10391477001014783
1393,109,1502,0.1039103037885123
1395,109,1504,0.10392001460668478
1386,106,1492,0.10392730195550941
1383,109,1492,0.10395259305260308
1385,109,1494,0.10398293685467777
1394,109,1503,0.10400742172790092
1393,109,1502,0.10400882504620895
1387,112,1499,0.10401277958695332
1375,108,1483,0.10403084867969487
1361,108,1469,0.10407626899733728
1363,109,1472,0.10414904326235462
1386,106,1492,0.10421241745230579
1391,111,1502,0.1042153147316607
1381,109,1490,0.1042058669887178
1378,106,1484,0.10421855653885402
1378,103,1481,0.10423708052148331
1366,100,1466,0.10425541679780714
1388,105,1493,0.10429952509786683
1388,109,1497,0.10429386530140165
1405,111,1516,0.10428921752272133
1395,107,1502,0.10424434840509664
1386,104,1490,0.10422425686887163
1377,105,1482,0.10422664947692382
1381,106,1487,0.1042465548338373
1386,106,1492,0.10425657239122095
1378,109,1487,0.10425495488696428
1399,111,1510,0.10427071021047857
1390,114,1504,0.1042364933325943
1386,110,1496,0.10422760468647282
1379,108,1487,0.10422835682858783
1373,109,1482,0.10424727109602189
1373,111,1484,0.1042781854750782
1379,115,1494,0.10430427811742142
1380,118,1498,0.10431588431241016
1379,122,1501,0.10432609272016276
1375,124,1499,0.10433933307921256
1377,128,1505,0.10436207991191751
1369,129,1498,0.10437957017482408
1362,129,1491,0.10441526877768663
1361,127,1488,0.10446480033281251
1357,128,1485,0.10451127406711258
1364,134,1498,0.10456318629390954
1367,136,1503,0.10459748280362613
1376,138,1514,0.10462539015193556
1382,138,1520,0.10463013907317283
1374,139,1513,0.1046211676177821
1367,142,1509,0.10463221844456293
1349,142,1491,0.10466057086532615
1355,148,1503,0.10472848785494648
1356,148,1504,0.10477905057956463
1349,151,1500,0.10482565379281039
1351,154,1505,0.10488440369608343
1352,147,1499,0.1049350580283247
1357,146,1503,0.10497908930702671
1348,145,1493,0.10500920566494827
1358,146,1504,0.10505637261377294
1357,144,1501,0.10507865429684332
1361,142,1503,0.10509974443219472
1340,143,1483,0.10511031380954222
1340,143,1483,0.10516441675363669
1335,143,1478,0.10521465744659428
1350,148,1498,0.10527459339400867
1352,148,1500,0.1052951567825794
1351,149,1500,0.10530761210215969
1347,149,1496,0.10532038720616571
1347,146,1493,0.10533866165066545
1347,142,1489,0.10535517190278455
1351,142,1493,0.10537313439041868
1343,142,1485,0.10538149222646684
1339,142,1481,0.1054094440752713
1337,146,1483,0.10544542398587638
1346,147,1493,0.1054824163111824
1349,147,1496,0.10549760816366728
1337,145,1482,0.10550394797719666
1330,145,1475,0.10553574933058077
1338,148,1486,0.10557697491474659
1352,144,1496,0.1056006867631325
1344,148,1492,0.10558891227725184
1333,147,1480,0.10559786811987187
1338,151,1489,0.10562949380907787
1349,153,1502,0.10564763897860047
1344,158,1502,0.10564168602747008
1351,158,1509,0.10564842219131726
1347,156,1503,0.10563943019913802
1345,156,1501,0.10564057296507552
1341,162,1503,0.10564833450682658
1346,164,1510,0.10566356489794104
1333,161,1494,0.10566766410806665
1334,164,1498,0.10570066239080882
1342,167,1509,0.10572989566874283
1338,170,1508,0.10573978030659313
1340,169,1509,0.10575654742350755
1339,167,1506,0.10576925684359867
1341,170,1511,0.1057822615812689
1334,166,1500,0.10579032050903453
1338,171,1509,0.10581335122444696
1334,171,1505,0.10582837267899264
1335,167,1502,0.1058512545495542
1327,163,1490,0.10587159382851652
1327,168,1495,0.10590902667609012
1323,167,1490,0.10593946850525811
1317,165,1482,0.105975163299141
1318,168,1486,0.10602148665798831
1318,169,1487,0.10606377086693385
1321,176,1497,0.10610148456424608
1317,177,1494,0.10613044464204718
1325,176,1501,0.10616872829362851
1339,178,1517,0.10618533742669842
1319,181,1500,0.10616798880023975
1341,178,1519,0.10619787531102709
1317,178,1495,0.10617744911024157
1316,177,1493,0.1062150149667999
1326,180,1506,0.10624922354588076
1320,182,1502,0.10626113414249438
1315,182,1497,0.10628830717582716
1298,184,1482,0.10632448700487174
1296,185,1481,0.10639604937598257
1287,183,1470,0.10646619050058785
1295,184,1479,0.10655132073787818
1304,190,1494,0.10661325830028545
1296,190,1486,0.10664899747993721
1287,189,1476,0.10670286554904687
1299,189,1488,0.10677297198778504
1286,188,1474,0.10681042428173186
1288,182,1470,0.10687356501238991
1296,188,1484,0.10692560803811553
1301,183,1484,0.10695888746468021
1308,182,1490,0.1069725385970326
1307,185,1492,0.10696696051754956
1309,194,1503,0.10696400599904908
1307,190,1497,0.10695798355401533
1309,193,1502,0.10695502234843932
1301,193,1494,0.10695234032829823
1297,197,1494,0.10696811524509187
1307,195,1502,0.10699336409185214
1312,192,1504,0.10699637876312389
1314,194,1508,0.10698613992772418
1310,194,1504,0.10697367523606553
1305,198,1503,0.10697036195124791
1306,199,1505,0.10697846049724513
1306,192,1498,0.10698422447752481
1322,196,1518,0.10699073649442425
1318,195,1513,0.1069574103366626
1318,187,1505,0.1069370217174436
1318,189,1507,0.10691796974598149
1318,195,1513,0.1068998266054847
1317,191,1508,0.10688403133692435
1315,187,1502,0.10687270285566328
1302,190,1492,0.10686593800009703
1288,189,1477,0.10688945447836265
1305,195,1500,0.10694315884444429
1310,197,1507,0.10695776870259735
1310,197,1507,0.10695946743884392
1302,198,1500,0.1069617695617062
1309,196,1505,0.10698268749083635
1309,200,1509,0.1069884291899697
1308,202,1510,0.10699178529630796
1304,204,1508,0.10699728813407275
1299,204,1503,0.10701332671648378
1299,201,1500,0.10703502139232243
1300,207,1507,0.10705763884957653
1299,199,1498,0.10707523130692842
1302,197,1499,0.10709415563689564
1293,197,1490,0.10710564282881307
1295,203,1498,0.10713467126702073
1297,207,1504,0.10715760468155945
1309,206,1515,0.1071750799073569
1300,208,1508,0.10716380594619636
1293,209,1502,0.10717536507728162
1279,215,1494,0.10720384000935645
1277,217,1494,0.10725936162500371
1270,213,1483,0.1073166054125919
1278,214,1492,0.10738748101839223
1291,212,1503,0.10743277870480053
1292,209,1501,0.1074439140246397
1287,212,1499,0.10745006124515108
1291,210,1501,0.10746740562519172
1280,209,1489,0.10747392947112992
1280,202,1482,0.1075033995309207
1274,209,1483,0.1075299204350058
1275,208,1483,0.10756776698889847
1283,204,1487,0.10760137238012123
1277,205,1482,0.10760941192880265
1276,206,1482,0.10762852593533365
1269,205,1474,0.10765071165093666
1275,205,1480,0.10768361170155677
1284,203,1487,0.10770218273469148
1294,201,1495,0.1076955596634302
1296,202,1498,0.10766894729824195
1294,208,1502,0.10763980054505383
1289,209,1498,0.10762164351041921
1272,210,1482,0.10761726925466956
1280,212,1492,0.10765303438183672
1280,209,1489,0.10766984610210631
1264,210,1474,0.10768543998976839
1273,209,1482,0.10773668268643392
1273,209,1482,0.10776269233586849
1272,209,1481,0.10778725736444755
1273,208,1481,0.10781037493275758
1266,212,1478,0.10783122754655673
1250,207,1457,0.10786794898774606
1265,213,1478,0.10793926385880522
1288,217,1505,0.10796757262262759
1288,217,1505,0.10794024838151013
1288,209,1497,0.10791476926906761
1283,211,1494,0.1078926912815576
1282,210,1492,0.10788363707755642
1276,213,1489,0.10787376007924271
1282,213,1495,0.10787888057093482
1282,211,1493,0.10787200017102033
1266,224,1490,0.10786678398515309
1269,225,1494,0.10790067451563934
1263,224,1487,0.10792733946170736
1258,223,1481,0.1079658704717462
1260,224,1484,0.10801446145093319
1265,219,1484,0.10805291498631511
1254,219,1473,0.10807849947848441
1251,223,1474,0.10812766590065484
1264,228,1492,0.10817780208387287
1264,227,1491,0.10819564843882003
1255,233,1488,0.10821437157493632
1249,239,1488,0.10825592042646702
1242,234,1476,0.108310574988322
1238,235,1473,0.10837672433925044
1241,235,1476,0.10844819492769293
1258,234,1492,0.10850496079486764
1273,231,1504,0.10851930099361617
1270,227,1497,0.10849427500539917
1271,229,1500,0.10847921169084213
1280,226,1506,0.10845822222254817
1262,225,1487,0.10841811700396997
1251,231,1482,0.10842329201739766
1249,231,1480,0.10845530023882657
1251,233,1484,0.1084906342432713
1254,234,1488,0.10851976713598287
1270,233,1503,0.10853709637544562
1265,233,1498,0.1085145032841109
1270,227,1497,0.10850290529938046
1268,233,1501,0.10848264163877717
1266,232,1498,0.10847047435551727
1259,239,1498,0.10846552036672731
1269,243,1512,0.10847980401568165
1279,239,1518,0.10847043564001019
1288,233,1521,0.1084382277546194
1284,232,1516,0.10838572830696327
1289,230,1519,0.10834936425576652
1278,230,1508,0.1083055973607135
1266,231,1497,0.108289388551323
1283,224,1507,0.10830451862484597
1271,228,1499,0.10827732083734327
1272,231,1503,0.10827582318303523
1255,232,1487,0.10827078268584187
1254,240,1494,0.10830607882286798
1270,241,1511,0.1083427194955875
1268,242,1510,0.10834080867995993
1274,239,1513,0.1083457439976635
1252,237,1489,0.10833655458000369
1252,234,1486,0.10837720058883578
1257,233,1490,0.1084166700360228
1258,231,1489,0.10844141118644732
1263,239,1502,0.10846248246789121
1266,246,1512,0.10846732037096342
1267,243,1510,0.10846605852389413
1267,242,1509,0.10846478288483091
1264,247,1511,0.10846197226138869
1256,243,1499,0.10846795272421783
1244,242,1486,0.10849108411811743
1238,243,1481,0.10854289010077327
1243,244,1487,0.10860329051642889
1255,242,1497,0.10864794882694782
1255,243,1498,0.10866351618780076
1255,245,1500,0.10867523651282425
1250,246,1496,0.10868556347554198
1246,248,1494,0.10870949911813879
1229,248,1477,0.10873824623084659
1238,248,1486,0.10880439289957562
1235,250,1485,0.10884835019870287
1227,255,1482,0.10889687425733267
1235,259,1494,0.10896180156263774
1235,258,1493,0.10900164269924381
1225,257,1482,0.10903655612654212
1223,258,1481,0.10909135693429965
1235,260,1495,0.10914735725151964
1218,261,1479,0.10917466507457481
1226,255,1481,0.10923718265974483
1231,256,1487,0.10927452929311615
1233,256,1489,0.10929684483978847
1231,254,1485,0.10930929590008098
1234,255,1489,0.10932761142998369
1241,256,1497,0.10933967262011826
1244,257,1501,0.10933406433766432
1242,259,1501,0.10932131334509979
1240,266,1506,0.10931648843809041
1238,262,1500,0.10931592036315499
1241,260,1501,0.10931920348114947
1237,258,1495,0.10931733219025026
1228,262,1490,0.1093221667976491
1220,261,1481,0.10934811430425179
1216,265,1481,0.10939187872898178
1210,273,1483,0.1094427618724003
1227,274,1501,0.10950498296325854
1227,270,1497,0.10952311207764381
1237,268,1505,0.1095418260920839
1231,267,1498,0.10953744535169503
1219,272,1491,0.1095476986639866
1227,270,1497,0.10958306615199603
1231,269,1500,0.109599450368641
1231,270,1501,0.10960123845964834
1236,272,1508,0.10960083669546865
1241,270,1511,0.10959024902718635
1238,267,1505,0.10956828911805949
1236,278,1514,0.1095571517744834
1242,274,1516,0.10955260803499342
1238,271,1509,0.10953597272864248
1225,274,1499,0.1095302082586921
1219,277,1496,0.10955401082070772
1212,280,1492,0.10959121233625693
1202,285,1487,0.10964060539547063
1206,286,1492,0.1097109734937232
1194,280,1474,0.1097695422767245
1190,284,1474,0.1098532088177366
1188,284,1472,0.10994119436070421
1197,285,1482,0.11002777030316956
1197,287,1484,0.11008680745781696
1195,285,1480,0.1101416263557434
1187,287,1474,0.11019708338517198
1188,294,1482,0.11026541300218222
1195,292,1487,0.11032812657319276
1181,296,1477,0.11037236726145544
1193,294,1487,0.11044539688534322
1192,298,1490,0.11048463609495202
1203,303,1506,0.11052270557924501
1206,300,1506,0.1105299260031511
1202,306,1508,0.11053005540482351
1195,304,1499,0.11054061733495135
1188,305,1493,0.1105648350257659
1183,310,1493,0.11060524197653276
1188,309,1497,0.11065722869248701
1180,313,1493,0.11069618571098733
1176,310,1486,0.11075066335828965
1178,308,1486,0.11081009556041169
1178,313,1491,0.1108628454368824
1172,306,1478,0.11091046010499102
1168,311,1479,0.11096821960908544
1174,312,1486,0.11102888955004793
1172,307,1479,0.1110723076322198
1173,303,1476,0.11111571252349883
1162,308,1470,0.1111517869760909
1186,316,1502,0.11121066075563625
1199,314,1513,0.11121012095658141
1181,317,1498,0.11118016501161364
1173,316,1489,0.1111947610480174
1179,313,1492,0.11122322823725207
1176,318,1494,0.11123910344277929
1183,316,1499,0.11126321582999894
1176,320,1496,0.11127021247876509
1175,325,1500,0.11129132576755893
1175,331,1506,0.1113141408547727
1173,329,1502,0.11133664463684033
1173,329,1502,0.11136422560331312
1180,330,1510,0.11139192398632256
1157,334,1491,0.11139980193731133
1162,331,1493,0.11146184977017091
1148,336,1484,0.11150850585759114
1152,337,1489,0.11158556980992607
1157,335,1492,0.11164467725853915
1157,334,1491,0.11168781309726544
1141,339,1480,0.11172462887736302
1148,341,1489,0.11179678599947597
1147,339,1486,0.11184882055464933
1148,339,1487,0.11190321214552743
1146,345,1491,0.11195104945370117
1147,349,1496,0.11199784021718594
1151,359,1510,0.11203915241471048
1141,354,1495,0.11206889887030741
1147,350,1497,0.11211984778906761
1150,351,1501,0.11215703238106733
1149,358,1507,0.11218627707826663
1142,363,1505,0.11221618607054473
1143,366,1509,0.11226176770996159
1140,357,1497,0.11230376630811018
1136,366,1502,0.112350339467104
1129,367,1496,0.11240043893589402
1134,369,1503,0.11246560175991908
1135,370,1505,0.11251522899419598
1124,377,1501,0.1125598418105761
1122,375,1497,0.11262694050040828
1122,372,1494,0.11269375307340496
1132,367,1499,0.11275910525001326
1125,377,1502,0.11279515121294746
1134,373,1507,0.11284260896372
1127,377,1504,0.11286436400742321
1119,379,1498,0.11290155879183564
1124,378,1502,0.11295624638196233
1122,379,1501,0.11299364291882023
1118,384,1502,0.11303198034386978
1118,388,1506,0.11307785759635419
1107,388,1495,0.11312174985054246
1103,389,1492,0.11318903005294484
1107,394,1501,0.11326192849720326
1112,388,1500,0.11332156489166517
1114,390,1504,0.11336652868183852
1113,395,1508,0.11340030040225098
1111,390,1501,0.1134344372588004
1105,388,1493,0.11347086434892663
1102,390,1492,0.11351776646656994
1118,392,1510,0.1135661343715223
1101,397,1498,0.11357308483117783
1098,400,1498,0.11361960238472654
1091,406,1497,0.11367045745513106
1103,411,1514,0.11373733201368302
1109,411,1520,0.11377464588209665
1102,414,1516,0.11379466619114503
1092,407,1499,0.11382923285939593
1089,408,1497,0.1138860986854933
1091,405,1496,0.11394706447407671
1092,406,1498,0.11399973370625473
1095,412,1507,0.11404770569510685
1091,411,1502,0.11408140666968172
1089,416,1505,0.11412277584292045
1089,414,1503,0.11416680094038034
1082,412,1494,0.11420810374269554
1091,410,1501,0.11426159255587813
1087,408,1495,0.11428901299757813
1078,408,1486,0.11432388014460254
1090,410,1500,0.11437661977390094
1099,409,1508,0.11439723563082435
1086,413,1499,0.11439467575370042
1090,405,1495,0.11442285054828936
1095,402,1497,0.11444011673197245
1097,408,1505,0.11444371320216341
1094,406,1500,0.11444467642045981
1093,413,1506,0.11445455856344915
1080,416,1496,0.11446840992907045
1081,413,1494,0.1145097496225434
1084,415,1499,0.11454551411521799
1069,420,1489,0.11457266370922038
1083,418,1501,0.11463317404011564
1070,419,1489,0.11465760919626118
1082,427,1509,0.11471138015319594
1078,424,1502,0.11473531537751484
1091,420,1511,0.11476502064796393
1089,419,1508,0.114760660408447
1091,421,1512,0.1147621317112334
1089,420,1509,0.11476188280573474
1082,426,1508,0.11476702770043234
1084,433,1517,0.11478877115186027
1073,432,1505,0.11480356714181697
1076,428,1504,0.11483810995683878
1083,434,1517,0.11486174751941601
1082,442,1524,0.11486933476637531
1074,435,1509,0.11487874479370845
1076,441,1517,0.11490810596976236
1067,443,1510,0.11492668962867736
1061,442,1503,0.11496671134374518
1064,445,1509,0.1150161823430905
1063,440,1503,0.11505728397077052
1063,438,1501,0.11509799552950259
1057,441,1498,0.1151367830367705
1062,446,1508,0.11518583242334823
1060,449,1509,0.1152229922374738
1052,453,1505,0.11525948651038168
1050,447,1497,0.1153132552186916
1054,453,1507,0.11536815474961643
1053,449,1502,0.11541102454957874
1047,447,1494,0.11545314896928036
1053,444,1497,0.11550484729137722
1041,444,1485,0.11553714436392415
1055,446,1501,0.11559646985299832
1046,446,1492,0.11561881749220587
1041,456,1497,0.11565958132833198
1036,459,1495,0.11571062720544335
1025,460,1485,0.11577083154643596
1033,458,1491,0.11585120467217143
1041,455,1496,0.11590871926148198
1053,456,1509,0.1159426794405015
1039,457,1496,0.1159458482832332
1046,461,1507,0.11598276184492506
1053,455,1508,0.11600215212595634
1045,453,1498,0.11600555128580814
1047,462,1509,0.1160282928242566
1036,466,1502,0.11604066830213679
1045,472,1517,0.1160787494632753
1032,474,1506,0.1160954749374718
1020,480,1500,0.11614326051981724
1023,474,1497,0.11621404196804157
1029,471,1500,0.11627346146103822
1032,469,1501,0.1163156582745512
1020,470,1490,0.11634647312505181
1015,469,1484,0.11640328629370454
1016,467,1483,0.11646872013156256
1024,472,1496,0.11652634547755251
1020,480,1500,0.11656252339784988
1025,476,1501,0.11660491854601215
1034,478,1512,0.11663334442131403
1026,481,1507,0.11663557677316443
1034,486,1520,0.1166562358616347
1044,481,1525,0.11665885535701666
1034,482,1516,0.11663706094751149
1031,475,1506,0.11664136672875788
1027,485,1512,0.11664990086969138
1025,485,1510,0.11666728318655022
1006,480,1486,0.11669075888371726
1003,484,1487,0.11675525423933732
1002,486,1488,0.11682313481885047
1000,490,1490,0.11688935185448988
992,492,1484,0.11695434435156145
1004,498,1502,0.11703432619108428
1014,495,1509,0.11708183644425048
1015,494,1509,0.11710340746103487
1014,485,1499,0.11712072146005653
1018,484,1502,0.11713874978140726
1008,485,1493,0.11714412039869067
1012,489,1501,0.11716895970895984
1023,485,1508,0.11718560814663072
1017,489,1506,0.11717753178697451
1001,496,1497,0.11718498356602669
997,482,1479,0.1172298512924247
1009,490,1499,0.11728095793255125
997,496,1493,0.11730147580878256
995,502,1497,0.11734813288784335
998,506,1504,0.11739661252909193
994,504,1498,0.11743562722905303
996,503,1499,0.11748120053931327
991,495,1486,0.11751979460950271
977,504,1481,0.1175680627476504
987,511,1498,0.11764699362776092
994,506,1500,0.11769657314074639
992,496,1488,0.1177262729198047
989,501,1490,0.1177580777348248
990,502,1492,0.11778987895178471
997,500,1497,0.11781794929162835
987,504,1491,0.11783113765897792
969,506,1475,0.11786180232274716
979,501,1480,0.11793016722124562
976,510,1486,0.11797277048063698
990,514,1504,0.11802233337763347
987,521,1508,0.11803834239545843
983,517,1500,0.11805801723331776
976,516,1492,0.11808628714793994
975,523,1498,0.1181273292618445
983,521,1504,0.1181702606689678
986,519,1505,0.1181941839923208
994,510,1504,0.11820804477920857
989,513,1502,0.1182031223066407
986,522,1508,0.11820723571625713
983,521,1504,0.11821941966182235
989,522,1511,0.11823664128902589
979,522,1501,0.11823808655113474
984,526,1510,0.11826314886612548
992,521,1513,0.11827671987104532
983,522,1505,0.11827025727527332
986,519,1505,0.11828564781510385
984,523,1507,0.11829537927091077
980,521,1501,0.11830895268443152
976,525,1501,0.11832882354181982
978,529,1507,0.11835623986309173
971,531,1502,0.11837603226593614
970,523,1493,0.11841013086658712
967,523,1490,0.11844786160738231
973,523,1496,0.11848785518901632
976,520,1496,0.11850970449507814
983,526,1509,0.1185227419040345
969,528,1497,0.11851903887302946
967,524,1491,0.11854611214600436
975,516,1491,0.11857507890288435
969,526,1495,0.11858341771712964
975,536,1511,0.11860445677694095
984,537,1521,0.11861166255133632
979,536,1515,0.11859741400904954
965,539,1504,0.11859869281366592
957,542,1499,0.11863466813504672
953,541,1494,0.11868725619493184
948,546,1494,0.11874691872602075
949,551,1500,0.1188129574681562
947,546,1493,0.11887416253140785
939,548,1487,0.11893376805701454
940,554,1494,0.1190073751639127
941,557,1498,0.11907562550022892
934,555,1489,0.1191358521185543
931,563,1494,0.11920907352374616
936,560,1496,0.11928348721265586
924,565,1489,0.1193433540371575
930,570,1500,0.1194299277339277
928,567,1495,0.11950036035749279
931,564,1495,0.1195679047972022
943,568,1511,0.11962510042595874
936,575,1511,0.11964711597026528
919,565,1484,0.11968685764572382
912,559,1471,0.11976028790372091
924,559,1483,0.11984319869382258
933,559,1492,0.11989076014349295
941,562,1503,0.11991458556100128
932,559,1491,0.11991990287218063
928,570,1498,0.1199465333590484
926,569,1495,0.11998339363643833
927,571,1498,0.12002139251627324
920,560,1480,0.12005433142372629
927,555,1482,0.12010327859128068
923,565,1488,0.12013295719527824
917,568,1485,0.12017095539034546
927,565,1492,0.12021900724146256
922,570,1492,0.12024281830023022
922,573,1495,0.12027664365833537
917,569,1486,0.12030407287651591
921,570,1491,0.12033986496389094
919,579,1498,0.12036207082099068
919,574,1493,0.12038710425717379
919,572,1491,0.12040697007721357
914,578,1492,0.12042496058933817
914,581,1495,0.12045485149870784
921,572,1493,0.12048378829938595
924,569,1493,0.12049702156468126
919,578,1497,0.12050302481320532
923,571,1494,0.12052078993403886
911,570,1481,0.12052680184582133
914,573,1487,0.12055804877333304
920,569,1489,0.12057890629040938
924,570,1494,0.12058613923690299
928,570,1498,0.12058328101655548
935,579,1514,0.12056838101531285
920,585,1505,0.12054160426175768
929,585,1514,0.12055300540111827
927,581,1508,0.12054304520702519
926,585,1511,0.1205381681444631
925,583,1508,0.12053727321927067
919,580,1499,0.12054058131768212
919,587,1506,0.12055804601071955
907,593,1500,0.1205750886546587
907,595,1502,0.12061917490773276
911,595,1506,0.1206618817746136
918,599,1517,0.12069215623884523
917,600,1517,0.12070697231766218
916,601,1517,0.12072489192461491
914,602,1516,0.12074078346386802
903,597,1500,0.1207607453778953
912,593,1505,0.12080457895772767
909,600,1509,0.12082598336219626
910,600,1510,0.12085082516547212
904,599,1503,0.12086977713020808
905,596,1501,0.12090058877314766
900,600,1500,0.1209274423258569
901,602,1503,0.12096608970124595
904,600,1504,0.12099814237354829
898,606,1504,0.12102260137107743
896,609,1505,0.12106071355691984
898,607,1505,0.1211008573801713
892,598,1490,0.12113203502757028
898,590,1488,0.12117570165396216
889,583,1472,0.121201891700628
902,596,1498,0.12124632131436201
900,604,1504,0.12125500385538363
899,605,1504,0.12126905198885424
909,594,1503,0.12128270179746906
904,588,1492,0.12127258617552446
905,596,1501,0.12127579435704142
907,600,1507,0.12127385422901575
902,598,1500,0.12126943625502022
889,602,1491,0.12127759855967404
894,598,1492,0.12131572078814594
896,606,1502,0.12134234938768935
898,608,1506,0.12136524584406265
901,608,1509,0.12138063842249704
891,607,1498,0.12138590072474287
890,608,1498,0.12140895479728389
877,617,1494,0.12143574364062787
886,619,1505,0.12149240339043504
886,608,1494,0.1215277630086696
886,609,1495,0.1215616464727173
881,619,1500,0.12159361308242875
869,621,1490,0.12163544440410842
878,621,1499,0.12170155525758798
873,613,1486,0.12173859580611732
881,608,1489,0.1217847335933596
888,607,1495,0.12181094877781291
892,605,1497,0.12181609774596275
898,613,1511,0.12181129109742544
889,614,1503,0.12179365801788129
896,607,1503,0.12179710050654992
871,610,1481,0.12178481897504075
873,604,1477,0.12182745811087982
870,603,1473,0.12186264300872546
878,611,1489,0.12190371863607995
891,611,1502,0.12192334378793249
892,620,1512,0.12191264443398296
892,619,1511,0.12189998077421191
885,616,1501,0.12188941337416467
880,620,1500,0.12189207513682704
882,629,1511,0.1219054837248389
869,626,1495,0.12191568494056092
864,619,1483,0.12195771566064881
870,620,1490,0.12200551977071944
871,623,1494,0.12203793764717955
873,637,1510,0.1220667869161039
877,635,1512,0.1220906890182496
870,626,1496,0.12210481830966889
875,627,1502,0.1221329880772909
883,639,1522,0.12214832580939484
871,640,1511,0.12214439567744208
874,631,1505,0.12216848168466306
867,631,1498,0.1221854045513214
864,636,1500,0.12221764502635697
860,631,1491,0.12225398949114957
862,644,1506,0.12229618752949603
862,644,1506,0.12233135956164107
855,650,1505,0.12236442954466425
864,653,1517,0.12241345316322938
853,643,1496,0.12243587581153077
849,652,1501,0.12248389984844499
854,651,1505,0.12253634399689807
856,659,1515,0.12257096106059219
848,651,1499,0.12259968478027462
849,658,1507,0.12264679622995554
839,670,1509,0.12268747756206076
839,662,1501,0.1227486050353606
824,656,1480,0.12280660649248464
835,657,1492,0.12289390833633455
826,662,1488,0.12295003517568674
832,663,1495,0.1230223536077899
832,668,1500,0.12307864174264935
837,663,1500,0.12313358817492738
833,670,1503,0.1231697944446882
830,679,1509,0.12321196366104525
822,675,1497,0.12326026724976497
829,675,1504,0.12332376773455074
830,683,1513,0.1233700962916042
829,686,1515,0.1234101579533007
826,694,1520,0.12345183442026532
816,697,1513,0.12349972811702134
813,688,1501,0.12356646302648605
811,691,1502,0.1236388092397088
819,690,1509,0.12371119131894912
825,688,1513,0.12375922198403509
816,689,1505,0.12378931079853313
809,676,1485,0.12383763498635136
815,677,1492,0.12389506167238629
808,688,1496,0.12393394571977165
802,696,1498,0.12398790540816665
794,688,1482,0.12404992035090302
808,696,1504,0.12412833888676598
812,697,1509,0.12416600999005016
815,689,1504,0.12419388551566689
816,694,1510,0.12421274899999152
809,698,1507,0.12423029555768496
820,694,1514,0.12426417035156404
819,698,1517,0.12426960446129742
814,697,1511,0.12427631081234386
804,704,1508,0.12429654497669479
796,707,1503,0.12434053524019621
803,705,1508,0.1244008638434795
797,703,1500,0.12444205993763752
797,699,1496,0.12449086282574261
798,709,1507,0.12453422850177072
800,706,1506,0.12457209038805499
796,699,1495,0.12460263395835669
786,701,1487,0.1246432029402898
786,703,1489,0.12470241027401553
797,706,1503,0.12475606129681033
796,702,1498,0.12477980658698971
793,693,1486,0.12480649203873881
800,698,1498,0.12483968857406393
799,705,1504,0.12485145423521236
797,713,1510,0.1248670536008612
797,708,1505,0.12488581876509748
794,700,1494,0.1249054018330451
787,709,1496,0.12493103337903001
789,715,1504,0.12497169199059932
787,707,1494,0.12500291483846537
788,703,1491,0.12503643785210372
793,695,1488,0.12506469739407236
800,700,1500,0.125079821501569
796,715,1511,0.1250801227335194
791,718,1509,0.12509099591347003
792,714,1506,0.12511139837844268
792,716,1508,0.12512789150529854
786,721,1507,0.1251425308966446
780,707,1487,0.12516719056745315
778,712,1490,0.12520531918672181
778,715,1493,0.1252430397487218
774,715,1489,0.1252780343138452
773,704,1477,0.12532239773637002
778,708,1486,0.12536531499049614
788,717,1505,0.12539261343657584
791,717,1508,0.12539547813823768
782,717,1499,0.12538908466750964
785,719,1504,0.1254049856562311
788,714,1502,0.12541394145549148
786,710,1496,0.12541840659854614
789,709,1498,0.12542646234436977
785,710,1495,0.1254230628955404
791,717,1508,0.1254309090497546
785,714,1499,0.12542264191508135
793,712,1505,0.12542864609408072
793,714,1507,0.1254166116337401
798,706,1504,0.1254068588171204
802,714,1516,0.12538577538014187
808,706,1514,0.1253565337000576
813,704,1517,0.12531596450331522
808,702,1510,0.12526861785313337
796,704,1500,0.12523750239350323
781,700,1481,0.12523677815461798
788,699,1487,0.12527053941912705
795,706,1501,0.125288223710859
797,708,1505,0.12528509816075778
794,705,1499,0.12527835998898446
795,704,1499,0.12527981023881304
793,708,1501,0.1252809586006162
783,705,1488,0.1252891083927652
781,703,1484,0.12531704405234767
785,697,1482,0.12534691414422564
783,694,1477,0.12536344263079469
784,698,1482,0.12538179616016565
782,693,1475,0.12539537716244134
780,696,1476,0.12541269421940296
781,708,1489,0.12543635767739497
780,717,1497,0.12545412178665138
775,713,1488,0.1254703607494347
782,714,1496,0.12549458529749605
785,716,1501,0.12550242726979224
789,718,1507,0.12550435528519244
788,729,1517,0.12549933183295434
785,727,1512,0.1254988984492776
774,718,1492,0.1255063354980198
768,721,1489,0.12554130134343722
765,733,1498,0.1255883232313293
770,742,1512,0.12563828193924148
774,735,1509,0.12567493140792815
767,734,1501,0.12570370821023186
763,740,1503,0.1257429684501082
767,739,1506,0.12578819330075583
767,734,1501,0.1258193721813134
768,742,1510,0.12585072059414162
766,740,1506,0.12587735298874064
760,742,1502,0.12590609766026803
762,746,1508,0.12594638842049607
761,752,1513,0.12597914497267973
759,752,1511,0.1260117771871124
759,746,1505,0.12604766041538118
762,747,1509,0.12608046073268686
762,740,1502,0.126105003607083
765,743,1508,0.12612352926471668
764,750,1514,0.1261341661632056
764,745,1509,0.12614760645132797
762,742,1504,0.12615809608492246
762,743,1505,0.12617334643730235
759,751,1510,0.12618975322023426
760,753,1513,0.12621291638573953
761,754,1515,0.12623134501983144
753,754,1507,0.12624548594892548
749,755,1504,0.12627607026332455
757,765,1522,0.1263159480678708
757,767,1524,0.12633312892411275
759,765,1524,0.12635154519120395
759,762,1521,0.12636538379201154
750,767,1517,0.12638013780713678
750,766,1516,0.12641214447256366
743,765,1508,0.12644264787259826
743,770,1513,0.12648952473110353
748,765,1513,0.1265302467900885
741,754,1495,0.12655532684623982
749,759,1508,0.1265935248613272
743,758,1501,0.12660923299494634
740,757,1497,0.12663904090099487
748,753,1501,0.126671720612128
734,755,1489,0.1266824024014973
729,766,1495,0.12672643419480964
728,761,1489,0.1267789661971278
733,767,1500,0.12683187685618594
726,779,1505,0.1268725555339507
715,782,1497,0.12692797047540993
714,782,1496,0.12700436935160073
713,786,1499,0.12707653407755898
721,776,1497,0.12714832241115034
729,777,1506,0.12719685439838638
722,780,1502,0.12722291177666187
713,780,1493,0.12726500160977988
704,799,1503,0.1273260663606751
706,798,1504,0.12740480976781396
710,793,1503,0.12747445382770742
709,790,1499,0.12753004012250505
708,788,1496,0.12758216033419376
707,793,1500,0.12763343328834476
694,799,1493,0.12768498159618902
689,800,1489,0.1277635743589789
689,803,1492,0.1278487692307258
688,813,1501,0.12792849981218973
694,813,1507,0.12800429385357467
684,812,1496,0.12806136750602207
687,815,1502,0.1281361262374582
698,814,1512,0.1281986882028198
699,815,1514,0.12822857964967274
701,809,1510,0.12824967534670287
695,804,1499,0.12826413185242536
690,814,1504,0.12829338488077224
691,823,1514,0.12833448263385916
688,829,1517,0.12837046285264775
680,825,1505,0.12841381131835078
685,827,1512,0.1284741731853784
689,821,1510,0.12851876282582889
693,816,1509,0.12855026531426014
684,816,1500,0.1285733717629506
683,816,1499,0.12861627494132585
685,816,1501,0.12865910953533854
684,819,1503,0.1286950419153973
687,820,1507,0.1287317772761489
679,824,1503,0.12875943357788647
673,819,1492,0.1288057553392045
674,822,1496,0.1288590821087896
669,827,1496,0.12890682625089836
675,827,1502,0.1289650018933676
673,825,1498,0.12900228782964387
682,817,1499,0.12904230692170288
681,825,1506,0.1290577172155842
679,843,1522,0.12907498885783117
682,837,1519,0.1290937765809038
681,833,1514,0.1291050354508147
672,828,1500,0.1291188464112378
672,839,1511,0.1291528675788443
675,845,1520,0.12918383073398337
672,853,1525,0.12920658128001097
668,847,1515,0.12923782926345456
669,845,1514,0.1292774821564988
659,852,1511,0.1293121609123933
665,853,1518,0.12936738482973037
670,856,1526,0.1294075205220493
662,862,1524,0.12943235609296821
662,862,1524,0.12947628065776734
666,855,1521,0.12951514313018658
676,855,1531,0.12954323721283928
672,857,1529,0.12954647809863168
666,850,1516,0.12955736893725558
654,858,1512,0.12958314874886023
648,850,1498,0.1296356874249778
646,849,1495,0.12969793209785196
642,855,1497,0.12976060441771506
640,854,1494,0.1298280196976682
643,854,1497,0.12989529776143932
646,855,1501,0.12995334008111026
649,855,1504,0.13000102826828347
644,865,1509,0.13003914534867572
644,864,1508,0.13008660725860394
645,856,1501,0.13012942601813532
645,866,1511,0.13016757127106207
645,851,1496,0.1302029442128128
640,850,1490,0.13023595079865916
628,862,1490,0.13027741823422295
627,867,1494,0.1303428447082915
626,874,1500,0.13040795014649098
615,875,1490,0.13047038145314344
621,873,1494,0.13055473986707747
626,863,1489,0.13062115280775285
618,862,1480,0.13067224977799935
617,871,1488,0.130736748100315
624,866,1490,0.13079836020663016
628,865,1493,0.13083808687579462
635,878,1513,0.13086566297671745
640,882,1522,0.13087456741309608
648,871,1519,0.13086998744054779
644,866,1510,0.13084542028122642
637,869,1506,0.13083322938680847
637,868,1505,0.130840885888716
643,859,1502,0.13084752568876923
636,852,1488,0.13084101164708364
633,851,1484,0.13085067921205237
629,862,1491,0.13086788526344184
634,863,1497,0.1308922641303759
631,868,1499,0.13090195415537315
626,883,1509,0.1309181723250994
628,886,1514,0.13094153026684305
630,884,1514,0.13096072449808735
624,893,1517,0.13097575679365625
620,890,1510,0.13100331888256406
622,892,1514,0.13103828078338206
622,893,1515,0.13106747282480646
620,888,1508,0.13109518478680957
625,901,1526,0.13112607955660852
622,920,1542,0.13114395972836657
616,913,1529,0.131170424842056
613,906,1519,0.13121018600323392
614,901,1515,0.13125375605884637
610,899,1509,0.13129063915545636
602,897,1499,0.1313329066771728
605,898,1503,0.1313926825466324
598,908,1506,0.13144081102717198
594,920,1514,0.13149959793142663
601,913,1514,0.13156350596004254
604,920,1524,0.13160892562009863
603,914,1517,0.13164360499776176
606,917,1523,0.13167801707195909
611,912,1523,0.1317052423286976
607,919,1526,0.13171783062345285
603,919,1522,0.13174036514741094
602,910,1512,0.13176770468937932
604,905,1509,0.13179439729616438
602,913,1515,0.1318160875931963
599,903,1502,0.1318430221958405
601,904,1505,0.13187522913967153
607,908,1515,0.1318994633405033
606,909,1515,0.1319063091380257
612,905,1517,0.1319157492149281
602,900,1502,0.1319091151503163
598,907,1505,0.13192655483623425
609,908,1517,0.13195426710882904
610,905,1515,0.13195582673776907
611,898,1509,0.13195160192357822
616,905,1521,0.13194616193507017
614,902,1516,0.13192958215483086
616,902,1518,0.1319180969223448
616,907,1523,0.1319020277802217
617,910,1527,0.1318907489113797
610,913,1523,0.13188084083563253
605,912,1517,0.13188809143175861
593,921,1514,0.1319069594796785
595,928,1523,0.13195206490031605
594,915,1509,0.13198961200576897
595,904,1499,0.1320267488531603
604,902,1506,0.13205971494973429
613,894,1507,0.13206675043771016
606,886,1492,0.13205096973998556
606,894,1500,0.13205104005661675
600,896,1496,0.1320497039289475
599,887,1486,0.13206354224601538
594,901,1495,0.13207857846323331
602,899,1501,0.1321020421323041
598,900,1498,0.13210157455253232
598,897,1495,0.13211235828561665
601,912,1513,0.13212305171461927
597,915,1512,0.13212767410726692
599,913,1512,0.1321398455024847
600,899,1499,0.13214566002853442
599,894,1493,0.1321526088739738
599,904,1503,0.13215891806980126
608,904,1512,0.13216185650755954
608,906,1514,0.1321451505260548
611,909,1520,0.1321317433229923
607,908,1515,0.13211072886308586
607,908,1515,0.13210082676636967
606,917,1523,0.13209370816550042
616,920,1536,0.1320907854765634
609,916,1525,0.1320659206430079
612,903,1515,0.13205980850265933
596,906,1502,0.1320464473882369
595,917,1512,0.13207210505125422
592,928,1520,0.1321006049073502
580,925,1505,0.1321360882994534
578,917,1495,0.13219746751496697
570,913,1483,0.13225999099061914
578,919,1497,0.13233211905802414
565,928,1493,0.13237917785928716
576,930,1506,0.13245433017284783
583,921,1504,0.13249677603850618
579,917,1496,0.13252108608825314
578,920,1498,0.13255495453464397
571,913,1484,0.13258791609662499
573,921,1494,0.13263528131942348
573,925,1498,0.1326742278080641
572,921,1493,0.13271031579943013
573,926,1499,0.13274201174445488
562,926,1488,0.13277100176734793
571,932,1503,0.13282045671064036
566,933,1499,0.13284450694453653
574,917,1491,0.13287965841404908
569,926,1495,0.13289238843802761
574,932,1506,0.13291596456029153
580,928,1508,0.13292466146541226
584,942,1526,0.1329184871887129
571,939,1510,0.13290323513700225
563,939,1502,0.13292297257810248
556,940,1496,0.13296010677393158
557,947,1504,0.13301146827968272
557,947,1504,0.13305947500140775
551,950,1501,0.1331072629436697
552,950,1502,0.13316442162575293
551,957,1508,0.133219001915279
551,959,1510,0.13326797305491522
549,952,1501,0.13331434504086104
550,957,1507,0.1333606242146017
548,958,1506,0.13340187937030815
543,956,1499,0.13344705146371968
537,963,1500,0.1335015802753788
541,970,1511,0.13356550226300534
549,969,1518,0.13361946443938247
548,976,1524,0.1336516653238525
537,976,1513,0.13368279469306577
530,976,1506,0.133736766351884
526,968,1494,0.13380274012959234
527,967,1494,0.13387457836772865
528,968,1496,0.13393777966858342
520,974,1494,0.1339955960791569
519,979,1498,0.13406893650049007
513,989,1502,0.13413818198860852
511,989,1500,0.13421651564143075
516,998,1514,0.13429543459351698
515,1000,1515,0.13435861570219795
514,995,1509,0.13442011100878964
515,992,1507,0.13447924123704225
521,994,1515,0.13453359747172278
521,1000,1521,0.134569552259467
524,996,1520,0.1346010621459007
521,996,1517,0.13462386477966595
526,997,1523,0.13465147381348966
528,990,1518,0.13466255443240838
526,989,1515,0.13467111776563923
525,990,1515,0.13467961712628904
529,993,1522,0.13469153704257303
526,991,1517,0.13469448460061656
523,985,1508,0.1347041586404673
518,983,1501,0.13472175155151045
517,987,1504,0.13475224966330177
512,976,1488,0.134780845632859
513,971,1484,0.1348195048816786
514,970,1484,0.1348539745625153
511,977,1488,0.1348850425326674
511,979,1490,0.1349189223017148
517,991,1508,0.13495208318430985
514,996,1510,0.13496799462260556
506,1005,1511,0.13498968497349823
506,1015,1521,0.13502982581648706
513,1015,1528,0.1350691099344409
509,1005,1514,0.13508941774622504
513,1008,1521,0.13511956552526028
510,999,1509,0.13513758375348772
509,995,1504,0.13516352746204402
503,995,1498,0.13518846475126015
503,994,1497,0.13522598744919329
498,1000,1498,0.13526142766856103
500,1002,1502,0.13530612650169474
504,1001,1505,0.13534246635347028
507,1014,1521,0.1353692100228614
501,1016,1517,0.1353865891467783
498,1022,1520,0.1354210004940272
495,1011,1506,0.13545686449663205
501,1015,1516,0.1354973264007855
499,1024,1523,0.13551768923447904
497,1018,1515,0.13554348539238836
490,1018,1508,0.13557067604907863
482,1018,1500,0.13561243436558687
476,1021,1497,0.13567029088500526
480,1019,1499,0.13573789236294012
484,1019,1503,0.13579119305526197
490,1029,1519,0.13582992039287742
492,1034,1526,0.1358515531418426
491,1023,1514,0.13586904560815008
480,1023,1503,0.1358884238923971
482,1031,1513,0.1359326964476031
475,1031,1506,0.13596886291923085
482,1037,1519,0.13601893116229472
476,1043,1519,0.13604849929060156
474,1044,1518,0.13609096696848394
475,1046,1521,0.1361343405648393
472,1040,1512,0.13617211941680274
477,1036,1513,0.13621518019453693
474,1032,1506,0.13624251788086597
470,1041,1511,0.13627767298111135
463,1037,1500,0.13631805708006137
458,1041,1499,0.13637030084109372
463,1055,1518,0.13643398989082642
460,1051,1511,0.13648460191842754
460,1043,1503,0.1365373444937201
460,1053,1513,0.136586838158991
461,1051,1512,0.1366325289189244
467,1048,1515,0.13667232619657813
464,1051,1515,0.13669745223974542
452,1054,1506,0.13672896595355044
449,1053,1502,0.13678442883098516
451,1052,1503,0.13684551567658654
457,1065,1522,0.13689745784078008
443,1059,1502,0.13693047025608687
447,1067,1514,0.13699647335327994
451,1051,1502,0.13704618368144966
436,1056,1492,0.1370851006339432
442,1064,1506,0.13715816458756186
430,1059,1489,0.13721418713472752
436,1066,1502,0.13729057721035395
440,1061,1501,0.13734836355205915
448,1062,1510,0.13739262187030157
449,1047,1496,0.1374156505905934
447,1068,1515,0.13743491802288127
442,1067,1509,0.13745604059718874
447,1068,1515,0.13748688175808407
437,1059,1496,0.1375037395079293
436,1062,1498,0.13754159493657295
437,1057,1494,0.13757894933675133
435,1062,1497,0.13761378993919138
438,1067,1505,0.13765189275821307
439,1059,1498,0.1376778594686422
438,1062,1500,0.1376976102379653
437,1050,1487,0.13771780338531528
428,1048,1476,0.13773886802910945
432,1060,1492,0.13777549955359494
432,1057,1489,0.13780220011458877
431,1063,1494,0.1378292452970313
433,1077,1510,0.13785686215239187
431,1084,1515,0.1378782922451087
436,1068,1504,0.13790594810160478
441,1064,1505,0.13792205592401113
443,1055,1498,0.13792511401862
441,1060,1501,0.1379221224625688
436,1060,1496,0.13792307487151936
425,1061,1486,0.13793663117787072
427,1072,1499,0.13797589549827943
426,1077,1503,0.13800586274153753
424,1082,1506,0.1380354075523664
430,1080,1510,0.13807010795426797
422,1079,1501,0.13809022894129735
426,1079,1505,0.1381256034909052
428,1079,1507,0.13814934581264157
425,1086,1511,0.13816546110775774
415,1084,1499,0.1381867495066197
417,1098,1515,0.1382338450451588
413,1099,1512,0.13827363922770797
404,1090,1494,0.1383209976887982
412,1094,1506,0.13838724742065614
407,1094,1501,0.13842999896384214
407,1105,1512,0.13848196748468755
407,1099,1506,0.13852845156842977
410,1112,1522,0.13857001255325266
417,1099,1516,0.13860238674815278
417,1094,1511,0.13861427694264833
424,1094,1518,0.1386234136570359
417,1088,1505,0.13861440763279845
415,1091,1506,0.13862438533917165
417,1093,1510,0.13863942376791571
419,1101,1520,0.13865128301127386
412,1094,1506,0.1386585990867444
406,1097,1503,0.1386803218576925
405,1092,1497,0.13871617529485664
411,1093,1504,0.1387525899504755
410,1090,1500,0.1387717713014739
404,1096,1500,0.13879269016862822
402,1087,1489,0.13882589542907692
392,1098,1490,0.13886326818979075
398,1093,1491,0.13892135464201538
399,1105,1504,0.13896200747633325
407,1113,1520,0.13899927523683162
402,1107,1509,0.139016315527004
399,1112,1511,0.1390441484510605
397,1114,1511,0.13907908914471395
399,1124,1523,0.13911700871732627
399,1109,1508,0.13914819951108043
388,1106,1494,0.13917678274546869
394,1119,1513,0.13922726280568112
394,1130,1524,0.13926041075230725
390,1130,1520,0.13929225376216403
389,1132,1521,0.13932929360375482
391,1127,1518,0.13936497313984195
390,1124,1514,0.13939218401306128
393,1114,1507,0.13941916307881785
390,1118,1508,0.1394391874144185
387,1110,1497,0.13946485586701537
388,1124,1512,0.13949597173356917
385,1129,1514,0.1395234262110819
386,1122,1508,0.13955635283598833
386,1130,1516,0.13958418948254148
381,1141,1522,0.1396094859604438
380,1130,1510,0.1396464553307751
380,1115,1495,0.13968427531283895
378,1119,1497,0.13972145958100055
377,1121,1498,0.1397586109526299
377,1133,1510,0.1397947720412089
378,1115,1493,0.13982815815060648
383,1127,1510,0.13985704796713327
376,1128,1504,0.13986966802323755
376,1132,1508,0.13989751690326052
383,1134,1517,0.1399244571024696
377,1124,1501,0.139933637024247
377,1119,1496,0.1399571187123855
381,1126,1507,0.13997914540715212
377,1138,1515,0.13998866763361673
375,1124,1499,0.14000788040063533
376,1135,1511,0.1400289515940193
373,1141,1514,0.14004886760623603
376,1140,1516,0.14007462320967115
370,1134,1504,0.1400918826098258
367,1135,1502,0.1401235140541068
373,1132,1505,0.14016021532908518
371,1140,1511,0.1401799800654066
373,1137,1510,0.14020503018618752
370,1137,1507,0.14022228632103026
377,1134,1511,0.1402480588799112
375,1130,1505,0.14025582327503255
377,1132,1509,0.14026549015961665
373,1150,1523,0.1402666258225007
369,1150,1519,0.1402794900885261
374,1147,1521,0.14030268474239171
375,1154,1529,0.1403120978713851
366,1148,1514,0.1403175185266292
370,1136,1506,0.14034430966935843
374,1134,1508,0.14036212340740453
376,1142,1518,0.1403701369244912
375,1145,1520,0.140371719618737
374,1146,1520,0.1403753238599635
371,1149,1520,0.14038176775202124
370,1147,1517,0.14039261955060858
371,1156,1527,0.14040468543859685
372,1146,1518,0.14041403790342152
370,1155,1525,0.14042157689850365
364,1151,1515,0.14043290022364785
358,1160,1518,0.14045811316102252
358,1171,1529,0.14049646153028228
353,1172,1525,0.14053416169851107
350,1180,1530,0.14058094071410968
357,1166,1523,0.1406300013362468
364,1165,1529,0.14066145641938016
364,1157,1521,0.1406745516538717
363,1149,1512,0.14068593661154177
364,1146,1510,0.14069393702652366
360,1141,1501,0.14070074252756637
360,1161,1521,0.14071655616537554
357,1159,1516,0.14073004140301168
351,1159,1510,0.14074968820053527
348,1172,1520,0.1407835355908243
346,1167,1513,0.14082228207861353
348,1179,1527,0.14086308721876983
343,1169,1512,0.14089593383237964
338,1177,1515,0.1409390829400056
340,1176,1516,0.14099127107927192
337,1184,1521,0.14103692194682896
333,1186,1519,0.14108844490297778
340,1192,1532,0.1411458010437434
340,1183,1523,0.14118373395791273
339,1183,1522,0.1412209567662649
341,1188,1529,0.1412572644659982
341,1184,1525,0.14128609627283184
343,1182,1525,0.1413125724663288
340,1182,1522,0.14133280112847582
338,1190,1528,0.14135949692184313
341,1192,1533,0.14139058085904604
349,1183,1532,0.14141302423151897
350,1183,1533,0.14141334536918834
345,1173,1518,0.14141038503816974
348,1177,1525,0.14142094922117873
342,1172,1514,0.14142404656815152
343,1174,1517,0.141438230645964
339,1183,1522,0.14144797858168162
340,1175,1515,0.14146656160161578
343,1178,1521,0.14148166372747148
341,1180,1521,0.14149128849305728
343,1171,1514,0.14150363518349304
347,1169,1516,0.14151034812416893
343,1171,1514,0.14150639599330123
346,1174,1520,0.1415120494213634
352,1178,1530,0.14151024155787717
346,1178,1524,0.14149245596444543
346,1170,1516,0.14149171937177596
348,1167,1515,0.14149100431524148
348,1166,1514,0.14148347092717078
344,1177,1521,0.14147704118896393
339,1170,1509,0.14147908717452917
339,1176,1515,0.14149439248627005
331,1180,1511,0.14150900004268116
331,1178,1509,0.14154214535391188
330,1184,1514,0.14157358164665484
325,1195,1520,0.14160557546007213
329,1186,1515,0.14164878992366917
324,1195,1519,0.1416785819488376
328,1198,1526,0.14172055042952647
326,1188,1514,0.14174967678435718
322,1188,1510,0.14178225971314382
324,1184,1508,0.14182425620919978
328,1186,1514,0.14185800790375874
327,1186,1513,0.14187887488812806
326,1189,1515,0.14189986611443223
326,1187,1513,0.14192162634907632
326,1193,1519,0.14194140084842177
330,1185,1515,0.14195873870639214
333,1188,1521,0.1419605903839759
328,1197,1525,0.1419572456086297
327,1202,1529,0.1419681358984133
328,1200,1528,0.14198260539836377
321,1191,1512,0.1419937594757155
322,1190,1512,0.14202023881688416
315,1194,1509,0.1420418415107204
316,1200,1516,0.1420785351613478
321,1201,1522,0.14210993095138272
320,1197,1517,0.14212885118572352
310,1198,1508,0.14214834381639385
321,1194,1515,0.14219000089507383
324,1186,1510,0.14220118574106544
323,1196,1519,0.14220325664656377
324,1193,1517,0.1422060152234005
324,1188,1512,0.14220674616675283
313,1200,1513,0.14220934189856266
317,1202,1519,0.14223903012142394
326,1192,1518,0.1422573612464854
323,1191,1514,0.14225185937497156
321,1194,1515,0.14225220389306206
319,1193,1512,0.1422593392978872
321,1192,1513,0.14227053588107935
318,1181,1499,0.14227503750689016
319,1190,1509,0.14228571662151088
318,1198,1516,0.14229364975811337
319,1198,1517,0.14230285660951175
315,1195,1510,0.14230917509538182
319,1193,1512,0.14232600798731349
318,1196,1514,0.1423333371306255
316,1194,1510,0.1423411515924229
324,1194,1518,0.14235263973601162
321,1188,1509,0.14234374047718168
319,1202,1521,0.14234066181188398
322,1199,1521,0.14234347020097826
313,1203,1516,0.1423394804922871
324,1184,1508,0.14235683866555834
318,1176,1494,0.1423465024681703
319,1177,1496,0.14235263380860608
320,1185,1505,0.14235549846912968
322,1186,1508,0.14235509340794597
324,1185,1509,0.14234894253576466
326,1197,1523,0.14234027830744023
330,1189,1519,0.14232628961828023
327,1190,1517,0.14230321800294216
331,1192,1523,0.14228629434583648
326,1195,1521,0.14225916546704082
325,1206,1531,0.14224553079969776
331,1197,1528,0.1422366060320606
330,1194,1524,0.1422147089536391
329,1194,1523,0.14219918689023806
325,1198,1523,0.1421885522901481
326,1195,1521,0.14218675515390922
325,1193,1518,0.1421851685044361
324,1195,1519,0.14218777267603838
325,1200,1525,0.14219223476934487
327,1194,1521,0.14219455551350813
318,1194,1512,0.14219391048159669
320,1204,1524,0.14221260045623357
315,1208,1523,0.14222347002273794
313,1205,1518,0.14224572108889416
307,1212,1519,0.1422721596784444
302,1214,1516,0.14231177615908058
304,1211,1515,0.14236086149781532
299,1206,1505,0.1424034045781655
296,1212,1508,0.14245345574512772
296,1217,1513,0.14250775494899826
296,1220,1516,0.14255743340998614
293,1215,1508,0.14260438518606888
292,1208,1500,0.14265572652541536
290,1215,1505,0.14270692904638935
288,1219,1507,0.14276099603865489
289,1224,1513,0.14281735302552118
291,1225,1516,0.1428680368427404
294,1219,1513,0.14291101644537874
292,1235,1527,0.14294400461167825
289,1231,1520,0.1429776900171085
289,1217,1506,0.14301234411431732
288,1217,1505,0.14304718466989827
291,1218,1509,0.14308382544793005
290,1217,1507,0.1431091581764214
288,1225,1513,0.14313508341670636
287,1231,1518,0.1431643434376354
287,1235,1522,0.14319451636120037
285,1238,1523,0.1432221200340647
283,1242,1525,0.14325288832406216
288,1241,1529,0.1432853916700237
282,1247,1529,0.14330455026171826
279,1256,1535,0.1433374504806562
276,1254,1530,0.14337624702674698
272,1258,1530,0.14341950858258978
271,1251,1522,0.14346886360417632
271,1251,1522,0.14351763184904626
271,1249,1520,0.14356571814976365
270,1249,1519,0.14360933633891512
269,1242,1511,0.14365121847186402
270,1246,1516,0.14369283633574081
271,1244,1515,0.14372749857351763
267,1241,1508,0.14375750461503461
261,1256,1517,0.14379537556637925
263,1255,1518,0.14384390928496715
259,1259,1518,0.14388647851918585
262,1257,1519,0.14393463160377457
258,1254,1512,0.14397106004203106
259,1261,1520,0.14401577413963407
261,1259,1520,0.14405615472446973
262,1258,1520,0.14408803942846884
260,1254,1514,0.14411422126136134
262,1255,1517,0.1441437215203012
258,1251,1509,0.1441666248531913
248,1262,1510,0.14419548448993708
248,1270,1518,0.14424557833311438
246,1267,1513,0.14429339806084943
249,1273,1522,0.14434359600481694
247,1276,1523,0.14438448676776816
246,1276,1522,0.1444279898384509
246,1275,1521,0.14447093913512946
241,1273,1514,0.14451151846043792
243,1274,1517,0.144560679133253
241,1280,1521,0.14460206175693024
245,1280,1525,0.14464492168528623
242,1287,1529,0.14467416109267428
243,1294,1537,0.14470981418889584
241,1288,1529,0.1447419352820759
235,1286,1521,0.14477755464457734
236,1276,1512,0.14482582049119702
231,1275,1506,0.14486865850240666
232,1287,1519,0.1449195573352643
230,1283,1513,0.1449655028408483
225,1272,1497,0.14501311520310492
232,1274,1506,0.14506987352502596
232,1275,1507,0.14510525155689574
231,1270,1501,0.1451391201340368
230,1265,1495,0.14517337757324772
230,1272,1502,0.14520919607053429
229,1282,1511,0.14524128792775626
229,1285,1514,0.14527406901824516
233,1278,1511,0.14530416498755097
238,1284,1522,0.14532196155005367
238,1270,1508,0.14532511594647046
234,1265,1499,0.1453286744224926
232,1261,1493,0.14534272793569328
233,1275,1508,0.14536133130070897
227,1275,1502,0.14537613160896315
231,1282,1513,0.14540399803836324
233,1270,1503,0.14542049833436327
225,1277,1502,0.14543216038869625
232,1285,1517,0.14546214548330327
231,1284,1515,0.14547452438601435
230,1284,1514,0.14548964472675852
229,1286,1515,0.14550589761692245
222,1293,1515,0.1455236865340299
220,1290,1510,0.14555642807593258
218,1298,1516,0.1455907223306511
223,1294,1517,0.14562705795937791
221,1309,1530,0.14564697026102952
219,1300,1519,0.1456716454666467
216,1304,1520,0.14570059268982888
218,1305,1523,0.1457346816009989
216,1293,1509,0.14575926626777633
218,1296,1514,0.14578822081802667
222,1303,1525,0.14580798316866128
219,1305,1524,0.1458165019009061
222,1297,1519,0.14583275987810024
219,1298,1517,0.14583877846697885
225,1282,1507,0.1458493216851436
227,1293,1520,0.14584155353924083
222,1283,1505,0.1458306882020707
220,1289,1509,0.14583359355831557
220,1298,1518,0.14584136520644214
223,1297,1520,0.1458500173624772
217,1299,1516,0.14584979990611077
218,1304,1522,0.14586495714317846
216,1307,1523,0.14587707767779368
216,1304,1520,0.1458932128416054
214,1283,1497,0.1459098162262113
217,1285,1502,0.14592967236943463
215,1288,1503,0.1459413125230752
214,1271,1485,0.14595708897445406
211,1296,1507,0.1459754853231234
211,1284,1495,0.14599831412377906
218,1294,1512,0.14601961353404644
221,1301,1522,0.14602107251971358
223,1296,1519,0.14601525060341253
214,1298,1512,0.14600587115205568
214,1294,1508,0.14601761100991756
213,1295,1508,0.14602866630331177
215,1300,1515,0.14604274671441148
212,1304,1516,0.1460510472695759
213,1308,1521,0.14606605896597497
216,1304,1520,0.1460785453893729
218,1296,1514,0.14608351141200354
218,1303,1521,0.14608216700209836
214,1301,1515,0.1460808974913166
210,1287,1497,0.14608836358282035
206,1276,1482,0.14610575011557475
212,1276,1488,0.1461315452955489
210,1296,1506,0.14613955036329807
209,1299,1508,0.14615094993203187
211,1286,1497,0.14616668560277304
210,1283,1493,0.1461771982067449
203,1294,1497,0.14618828437818515
208,1302,1510,0.1462158039343894
204,1306,1510,0.1462317009885212
202,1308,1510,0.14625694963390123
203,1320,1523,0.1462863826415348
198,1322,1520,0.14631113692001488
198,1314,1512,0.14634547864033542
199,1299,1498,0.1463788582447961
204,1300,1504,0.14640667104970195
207,1300,1507,0.14641704813594636
207,1299,1506,0.14641866758705394
210,1304,1514,0.14642298682750965
207,1302,1509,0.14641975930672613
200,1302,1502,0.1464252655719113
202,1302,1504,0.14644536177499465
196,1306,1502,0.14645948583416396
192,1313,1505,0.14648787974242589
188,1312,1500,0.1465236223241061
192,1308,1500,0.14656687188770323
196,1326,1522,0.14659825463675344
196,1328,1524,0.14661916828927526
191,1326,1517,0.146638555153703
189,1327,1516,0.14666694423524096
189,1330,1519,0.1466990354452163
188,1320,1508,0.14672884163522582
196,1307,1503,0.14675723931264253
200,1305,1505,0.14676456141248995
204,1317,1521,0.14676243702140063
204,1323,1527,0.14674899178624956
201,1317,1518,0.14673783751983627
198,1332,1530,0.14673476119351567
200,1325,1525,0.14674030178028835
204,1324,1528,0.14674331482512454
204,1327,1531,0.14673475182811332
203,1323,1526,0.14672645237686868
196,1321,1517,0.14672172411946258
195,1317,1512,0.14673253645083867
196,1313,1509,0.1467443747330048
195,1318,1513,0.14675293834304484
195,1321,1516,0.14676259112763176
195,1317,1512,0.14677197315116058
190,1315,1505,0.14677922466524562
194,1322,1516,0.14679778769201302
192,1318,1510,0.14680553930835705
190,1317,1507,0.14681882364303792
186,1314,1500,0.1468336479825291
187,1336,1523,0.14685776261077074
185,1338,1523,0.14687701675241352
186,1324,1510,0.14690070127787883
185,1321,1506,0.14692003622698077
188,1326,1514,0.1469420703005504
186,1327,1513,0.14695508069650884
183,1330,1513,0.14697281165369858
182,1341,1523,0.14699618954215107
185,1329,1514,0.14701996865058525
191,1324,1515,0.14703505222685018
191,1321,1512,0.14703258576509692
194,1323,1517,0.14703209220787067
190,1334,1524,0.1470250792919497
185,1319,1504,0.14702837981533282
186,1326,1512,0.1470434305471531
183,1341,1524,0.14705560886645647
189,1333,1522,0.14707359204887832
197,1334,1531,0.14707573085840206
191,1343,1534,0.1470575692138142
188,1327,1515,0.14705626670167657
188,1337,1525,0.14706283914068868
185,1340,1525,0.1470699942030412
183,1350,1533,0.14708630631841943
182,1355,1537,0.14710737093015477
176,1350,1526,0.14713001033374673
178,1341,1519,0.14716410362786317
178,1324,1502,0.14719263741602262
170,1335,1505,0.14721809738127853
171,1338,1509,0.14726046043674734
174,1341,1515,0.14729769090037995
176,1351,1527,0.14732552632688287
176,1345,1521,0.14734706758897226
172,1357,1529,0.1473678350879659
174,1343,1517,0.14739614773881515
173,1339,1512,0.14741885147023656
167,1339,1506,0.14744343572004798
162,1340,1502,0.14748089375705103
165,1357,1522,0.14752765721840844
161,1344,1505,0.1475637825395736
163,1353,1516,0.1476076610667328
163,1354,1517,0.14764483928025454
161,1356,1517,0.14767736714685026
165,1350,1515,0.14771277690454235
164,1360,1524,0.14773365546821168
167,1343,1510,0.14775684081118
168,1338,1506,0.14777125657262055
171,1331,1502,0.14778039009151375
173,1334,1507,0.14778212857868525
174,1334,1508,0.14777687166924736
175,1349,1524,0.14777032578015528
173,1347,1520,0.14775917476259243
170,1347,1517,0.1477551019583599
169,1352,1521,0.14775866818461567
168,1355,1523,0.14776469617281415
169,1348,1517,0.14777187708453557
169,1341,1510,0.1477747782325699
164,1353,1517,0.14777801891845008
165,1354,1519,0.1477919611440824
168,1349,1517,0.14780088695002008
168,1338,1506,0.14780145433987624
168,1324,1492,0.1478010682751363
169,1328,1497,0.14780093362442803
166,1318,1484,0.14779938500106507
168,1320,1488,0.14780679177153208
169,1340,1509,0.14780996824551676
171,1333,1504,0.14781034080715372
169,1346,1515,0.1478067718058461
166,1345,1511,0.1478074222396208
168,1347,1515,0.14781562643967908
164,1348,1512,0.14781978948073926
165,1347,1512,0.147833583292251
166,1349,1515,0.1478435000522847
167,1355,1522,0.14784903842926372
165,1349,1514,0.14785257545077535
157,1342,1499,0.14786169596887577
159,1343,1502,0.14788838207238533
158,1345,1503,0.14790849994687494
163,1350,1513,0.14792962359751538
165,1348,1513,0.14793672051245527
164,1358,1522,0.1479400144185798
166,1345,1511,0.14794651871014897
163,1352,1515,0.14794704966516858
159,1349,1508,0.14795538666110658
158,1356,1514,0.14797373200573516
163,1349,1512,0.14799205036533725
165,1355,1520,0.14799429433675337
166,1361,1527,0.14799296286742525
163,1357,1520,0.14798821317904612
161,1352,1513,0.14799189940051533
161,1344,1505,0.1480018971170706
162,1345,1507,0.1480100100555192
163,1361,1524,0.1480158062516746
165,1348,1513,0.14802023058925456
165,1351,1516,0.14801952925919581
166,1347,1513,0.14801922030203685
162,1346,1508,0.1480168997563665
164,1335,1499,0.14802294492357923
168,1340,1508,0.14802555242982798
161,1349,1510,0.14801842424982964
158,1351,1509,0.14802843201493926
159,1363,1522,0.14804449237186013
160,1365,1525,0.14805885605181202
160,1355,1515,0.14806715052997452
161,1345,1506,0.14807396631802702
158,1345,1503,0.148077915659753
158,1360,1518,0.1480899266242334
153,1366,1519,0.14810199317783249
154,1361,1515,0.1481254323100511
152,1347,1499,0.14814407619441916
153,1350,1503,0.1481672708317402
156,1357,1513,0.14818729704779948
157,1357,1514,0.1481991342869403
154,1367,1521,0.14820830983949215
150,1361,1511,0.1482239269526249
149,1371,1520,0.1482468610969581
156,1373,1529,0.1482712726731521
156,1375,1531,0.14827499428464846
156,1378,1534,0.14827900945619604
152,1378,1530,0.1482811907286854
153,1373,1526,0.1482931419100736
156,1367,1523,0.14830303846809073
154,1370,1524,0.14830536876895842
156,1373,1529,0.1483128450957637
159,1372,1531,0.14831513460846543
157,1379,1536,0.1483105740375593
155,1370,1525,0.14831217191009374
151,1363,1514,0.14831951549797362
152,1365,1517,0.1483365099052291
146,1358,1504,0.14834860458476334
145,1354,1499,0.14837401743271525
149,1364,1513,0.14839960493518345
154,1369,1523,0.14841451951963192
153,1375,1528,0.14841460515296886
150,1377,1527,0.14841728727260572
150,1376,1526,0.14842681074788763
151,1378,1529,0.14843612076622528
151,1365,1516,0.14844295636073648
153,1371,1524,0.14844722216501516
147,1371,1518,0.14844662641823358
152,1350,1502,0.14846166933168597
153,1364,1517,0.14846101650203627
152,1376,1528,0.14845987816844577
149,1379,1528,0.1484603242015625
150,1374,1524,0.14846843606184693
151,1367,1518,0.14847308396647438
153,1359,1512,0.14847538464366472
152,1367,1519,0.14847399959301705
147,1369,1516,0.14847517774529495
146,1365,1511,0.14848829263231064
146,1372,1518,0.14850301690744996
146,1384,1530,0.14851658400649964
148,1375,1523,0.14853058592499976
147,1373,1520,0.14853653779031256
146,1379,1525,0.14854677878369885
145,1368,1513,0.1485603239982954
145,1368,1513,0.14857566837414687
147,1364,1511,0.14859006779076986
144,1360,1504,0.14859846036479094
144,1363,1507,0.14861366556002226
142,1365,1507,0.14862699994314926
144,1363,1507,0.14864525625011424
149,1367,1516,0.14865653232401563
144,1373,1517,0.1486535198216358
147,1378,1525,0.1486629192422401
146,1370,1516,0.14866373805069746
146,1354,1500,0.14866739025781453
144,1369,1513,0.14867117473918598
143,1377,1520,0.14868056054497647
144,1373,1517,0.1486900165771145
140,1358,1498,0.14869721564010827
137,1367,1504,0.14871150408094155
137,1373,1510,0.14873279479910825
137,1386,1523,0.14874955024594505
136,1361,1497,0.14876688822899964
140,1375,1515,0.14878402389385578
139,1364,1503,0.1487911757543485
137,1374,1511,0.14880048652383052
135,1370,1505,0.14881481974623437
138,1374,1512,0.14883295059192642
144,1368,1512,0.14884403426652695
144,1368,1512,0.1488391436286009
141,1380,1521,0.148833486158959
140,1385,1525,0.1488351591909732
141,1386,1527,0.1488388316614402
141,1373,1514,0.14884011270576322
144,1371,1515,0.14884211353317225
144,1374,1518,0.14883722599331073
140,1367,1507,0.1488334475444225
138,1375,1513,0.14884105068379788
142,1368,1510,0.14885243344232102
141,1353,1494,0.14885423098682016
140,1361,1501,0.14885826559397727
138,1354,1492,0.1488635920434439
138,1343,1481,0.14887284823314098
132,1353,1485,0.14888097276236123
133,1360,1493,0.1489029446895047
134,1374,1508,0.1489227638064775
135,1373,1508,0.14893785525913086
135,1372,1507,0.1489500494058289
138,1366,1504,0.14896212750873075
136,1378,1514,0.14896488963013646
135,1367,1502,0.14897352364220298
134,1376,1510,0.14898275883264595
138,1385,1523,0.14899169072365206
134,1384,1518,0.14899112907706089
133,1388,1521,0.14899881189765535
133,1380,1513,0.14901037397898612
135,1378,1513,0.14902266689345212
138,1374,1512,0.14902837140225653
138,1378,1516,0.1490259610914058
133,1383,1516,0.1490246879475314
131,1392,1523,0.14903502978794353
132,1389,1521,0.149050514338061
131,1392,1523,0.14906441590543237
128,1387,1515,0.14907908097454947
126,1380,1506,0.14910018918243273
127,1374,1501,0.14912507667034042
129,1394,1523,0.14914695768519629
128,1399,1527,0.14916363487884277
125,1390,1515,0.14918247022381442
127,1395,1522,0.14920512936615804
127,1373,1500,0.14922004619798904
131,1377,1508,0.14923511788814842
130,1382,1512,0.14923941267719124
128,1377,1505,0.14924476083385846
129,1386,1515,0.14925588510858254
129,1384,1513,0.1492642691312705
130,1384,1514,0.14927029390248292
132,1369,1501,0.14927390006842486
130,1386,1516,0.14927305184842696
135,1380,1515,0.14927720625702842
134,1384,1518,0.14926936832356355
133,1384,1517,0.1492634692745486
131,1377,1508,0.1492613500309939
128,1375,1503,0.1492637427205615
127,1379,1506,0.14927314516038664
127,1368,1495,0.14928417722771853
128,1392,1520,0.14929570889132532
125,1391,1516,0.14930510065960984
127,1406,1533,0.14932025999989076
126,1407,1533,0.14932976486235727
125,1407,1532,0.14934186704510363
124,1385,1509,0.14935225879441333
129,1380,1509,0.1493650425129761
133,1373,1506,0.1493652260680375
130,1384,1514,0.14935560725131586
129,1392,1521,0.149353900572264
127,1384,1511,0.1493551197047471
124,1374,1498,0.149359891188246
125,1372,1497,0.1493721279290024
123,1364,1487,0.14938165708668574
123,1374,1497,0.14939499167902467
123,1379,1502,0.14940783885619813
122,1399,1521,0.149419542530946
122,1397,1519,0.1494332828651698
122,1396,1518,0.1494459535080662
122,1382,1504,0.1494577592809371
121,1381,1502,0.1494697079581383
119,1382,1501,0.1494820885682933
117,1389,1506,0.14949828607614918
111,1387,1498,0.14951805379792182
106,1404,1510,0.1495525037843767
107,1414,1521,0.14959622323970456
109,1424,1533,0.14963564218838235
111,1420,1531,0.14966753738086955
109,1418,1527,0.14969367543067666
108,1413,1521,0.14972326194291205
106,1422,1528,0.14975326366129807
106,1413,1519,0.14978546923196528
107,1408,1515,0.14981622368570022
109,1411,1520,0.1498423390807581
109,1415,1524,0.14986167542839168
110,1410,1520,0.14987948315388386
108,1405,1513,0.14989347731427877
104,1401,1505,0.14991245083394653
106,1401,1507,0.14994009394689492
104,1407,1511,0.14996140920407292
105,1417,1522,0.14998536506154797
103,1418,1521,0.1500040892432942
103,1426,1529,0.15002675227667742
99,1418,1517,0.15004823457331426
97,1427,1524,0.15007700178955483
98,1424,1522,0.15010756922686933
100,1419,1519,0.15013472944444226
98,1410,1508,0.15015679277885988
98,1399,1497,0.150181207592217
97,1403,1500,0.15020106102984032
98,1421,1519,0.1502228772344868
98,1404,1502,0.15024079015761482
97,1404,1501,0.1502582914863836
94,1412,1506,0.15027766905049186
93,1419,1512,0.15030400893270904
94,1422,1516,0.15033126217217824
95,1426,1521,0.15035349768659192
91,1429,1520,0.15037283845835314
89,1420,1509,0.1503995336143412
88,1422,1510,0.15042901679976917
89,1407,1496,0.15045797021889687
90,1407,1497,0.1504834674263117
90,1413,1503,0.150505023538025
91,1422,1513,0.1505236441898202
92,1427,1519,0.15053840975105434
94,1428,1522,0.15055030578180864
92,1436,1528,0.1505562124008494
90,1439,1529,0.15056702244830444
89,1438,1527,0.15058193195859043
86,1435,1521,0.15059893913157685
83,1439,1522,0.15062212023866897
81,1435,1516,0.15065090556344
84,1431,1515,0.15068287941635725
86,1420,1506,0.15070570083243584
90,1431,1521,0.1507208169635543
90,1439,1529,0.15072487525261657
89,1436,1525,0.1507285867052088
89,1424,1513,0.15073433259357116
89,1418,1507,0.15074037808908283
90,1431,1521,0.1507460936441638
87,1436,1523,0.1507498041723225
85,1434,1519,0.15076214383623665
85,1435,1520,0.15077822656139106
84,1431,1515,0.15079352548823596
86,1440,1526,0.15080908876799132
85,1441,1526,0.15081963363799192
83,1433,1516,0.15083272231367428
84,1433,1517,0.15084991968746808
83,1432,1515,0.15086418093763937
82,1440,1522,0.15088022241140575
81,1433,1514,0.15089757735601617
84,1423,1507,0.1509151465169663
83,1431,1514,0.1509234693871961
82,1430,1512,0.15093412072838353
79,1421,1500,0.15094679407857695
80,1405,1485,0.15096473594182586
83,1411,1494,0.15097721726180796
82,1406,1488,0.1509816873255417
81,1408,1489,0.15098865986768284
84,1415,1499,0.15099837226173926
85,1426,1511,0.15099856563333902
84,1445,1529,0.1509972045795722
85,1448,1533,0.1509989967671883
84,1434,1518,0.15099857157483199
83,1429,1512,0.15100103764785358
82,1430,1512,0.15100454594167584
82,1439,1521,0.15101033389273127
81,1442,1523,0.1510138770067966
82,1431,1513,0.15102037505723565
83,1423,1506,0.1510240700742622
87,1423,1510,0.151025603675382
89,1433,1522,0.15101554818800605
88,1431,1519,0.15100183447598234
89,1434,1523,0.1509913936980354
92,1439,1531,0.15097954968343674
92,1425,1517,0.1509609887319397
93,1427,1520,0.15094464829564852
96,1429,1525,0.15092700342390977
95,1429,1524,0.15090427835250397
90,1420,1510,0.15088595519193432
91,1412,1503,0.1508816532925588
89,1416,1505,0.1508751228922982
92,1425,1517,0.15087415595817336
93,1439,1532,0.15086584099118336
91,1428,1519,0.15085584788103915
88,1417,1505,0.15085032346194602
91,1418,1509,0.15085184543493146
93,1413,1506,0.15084542510359047
92,1417,1509,0.15083509539509818
90,1430,1520,0.15082856475506967
91,1410,1501,0.1508265755743403
90,1414,1504,0.1508212027461591
86,1423,1509,0.15081902742124537
87,1432,1519,0.15082565492750163
84,1431,1515,0.15083180279665725
85,1433,1518,0.15084472939876567
86,1434,1520,0.15085506594412362
85,1438,1523,0.1508627290498544
85,1434,1519,0.1508727454316214
88,1431,1519,0.15088123556708463
88,1437,1525,0.15088185902848347
86,1427,1513,0.1508825189924298
83,1422,1505,0.15088849814792005
88,1423,1511,0.15090124547995537
87,1418,1505,0.1509005161894467
87,1425,1512,0.15090294130898796
87,1421,1508,0.15090483467277432
89,1423,1512,0.15090652951098882
91,1426,1517,0.1509037979744309
91,1417,1508,0.15089631927948183
90,1440,1530,0.1508890143988605
94,1431,1525,0.1508851608803593
94,1431,1525,0.15087238525016985
93,1432,1525,0.15086122137247254
90,1422,1512,0.15085168029699836
89,1429,1518,0.15085004480418682
90,1425,1515,0.15085076269189457
88,1415,1503,0.1508487649213121
89,1403,1492,0.15085175423342798
94,1416,1510,0.15085322346556634
94,1435,1529,0.1508411334476825
93,1418,1511,0.15083064910185195
90,1422,1512,0.15082397510485077
91,1432,1523,0.15082529887164672
90,1440,1530,0.15082388369599958
90,1440,1530,0.15082565145356558
87,1429,1516,0.1508253922360855
87,1435,1522,0.1508325839407917
89,1437,1526,0.15083887598204176
88,1432,1520,0.15084041567774814
89,1429,1518,0.15084469398570818
87,1417,1504,0.1508460550314476
90,1416,1506,0.1508522058229019
90,1418,1508,0.15085193243345082
91,1422,1513,0.15085130474226205
90,1420,1510,0.15084921245356703
89,1405,1494,0.15085003437376265
88,1423,1511,0.15085353899915094
88,1419,1507,0.1508583734150494
86,1425,1511,0.15086374503102326
85,1433,1518,0.15087349987678636
82,1433,1515,0.15088526971290953
79,1427,1506,0.15090350715759
78,1428,1506,0.15092744442341094
76,1419,1495,0.1509521580332258
74,1429,1503,0.1509799043234531
74,1433,1507,0.15100985450202892
70,1428,1498,0.1510381846968094
73,1441,1514,0.15107279852297623
75,1447,1522,0.15109823347784412
75,1465,1540,0.15111765772760774
74,1436,1510,0.15113521402038607
73,1436,1509,0.15115329988803766
74,1442,1516,0.15117282948495414
76,1441,1517,0.15118943395508744
76,1431,1507,0.15120071061805038
77,1451,1528,0.15121106356054423
73,1434,1507,0.1512183864806816
76,1434,1510,0.1512351041396653
77,1438,1515,0.1512440704112182
80,1434,1514,0.15124880433221272
78,1435,1513,0.15124516599614934
73,1435,1508,0.15124676718143154
75,1434,1509,0.15126089151500557
78,1436,1514,0.15126788978813466
76,1444,1520,0.1512659779828938
79,1439,1518,0.15126930678860634
80,1447,1527,0.15126534928018892
77,1447,1524,0.15125958797687653
76,1438,1514,0.1512603873256401
77,1451,1528,0.15126328455313742
78,1450,1528,0.15126449762702607
78,1443,1521,0.15126313308833653
76,1431,1507,0.15126227400124037
75,1434,1509,0.15126649187678598
75,1434,1509,0.15127218936309267
78,1440,1518,0.1512776910997409
77,1441,1518,0.1512751026962419
76,1438,1514,0.15127493628601063
74,1437,1511,0.15127740095401612
72,1438,1510,0.15128477055625647
70,1442,1512,0.15129670404887466
72,1439,1511,0.15131297801344096
74,1445,1519,0.1513240225959291
73,1447,1520,0.15132980561034817
73,1446,1519,0.15133749064817742
71,1453,1524,0.15134494137384927
72,1439,1511,0.15135681894996697
71,1435,1506,0.15136608847113353
71,1450,1521,0.15137665925368426
70,1445,1515,0.1513858192858542
70,1443,1513,0.15139720094807488
73,1439,1512,0.15140822558467157
70,1433,1503,0.15141111113266817
70,1452,1522,0.15141996730214888
70,1448,1518,0.15142818432193697
71,1443,1514,0.15143590331119827
68,1440,1508,0.1514415148697781
69,1446,1515,0.151453690526656
71,1448,1519,0.15146328447062055
67,1444,1511,0.15146670476908863
69,1444,1513,0.15147950481492917
69,1442,1511,0.15148577793284182
71,1440,1511,0.1514898949385569
70,1434,1504,0.15148970569378897
69,1432,1501,0.1514933197202836
71,1430,1501,0.1514995148395425
72,1442,1514,0.15149934902992127
69,1445,1514,0.15149616479537598
67,1453,1520,0.1514993848242251
67,1444,1511,0.15150672445098426
67,1463,1530,0.1515144305222485
67,1458,1525,0.1515229705818501
66,1456,1522,0.151530929030721
69,1455,1524,0.15154004272453533
69,1453,1522,0.15154079607160692
68,1451,1519,0.15154141890637254
69,1450,1519,0.15154497184445734
65,1463,1528,0.15154620976062685
65,1450,1515,0.15155651713799656
67,1443,1510,0.1515671555970678
67,1457,1524,0.15157302212424859
68,1446,1514,0.15157913697669972
69,1455,1524,0.15158270813024013
69,1456,1525,0.15158395111399345
66,1458,1524,0.15158566418598357
67,1444,1511,0.15159420191800255
67,1447,1514,0.15159945707505895
65,1447,1512,0.15160440483492385
63,1457,1520,0.15161456629990622
62,1447,1509,0.15162888298815536
63,1462,1525,0.15164480725764254
63,1453,1516,0.1516558239662246
63,1447,1510,0.1516645229620038
61,1441,1502,0.15167223138112512
62,1435,1497,0.15168443457158823
63,1455,1518,0.15169340309815402
64,1455,1519,0.15169885092398525
61,1466,1527,0.15170173018175007
62,1461,1523,0.15171145152089216
62,1456,1518,0.15171789336000235
63,1443,1506,0.1517246486011204
62,1439,1501,0.15172881970817642
62,1432,1494,0.15173560843019934
63,1437,1500,0.1517426041151156
66,1446,1512,0.15174560625496863
63,1450,1513,0.15173969253669506
63,1465,1528,0.1517424498437968
63,1475,1538,0.1517446629067275
62,1474,1536,0.15174634783620092
62,1461,1523,0.1517500037070774
61,1441,1502,0.15175406875118672
61,1448,1509,0.15176159133801598
61,1444,1505,0.15176810839833973
59,1449,1508,0.151773826794187
60,1455,1515,0.15178434382105654
60,1456,1516,0.15179154042745968
61,1448,1509,0.15179885185768674
62,1444,1506,0.15180391672153346
62,1444,1506,0.15180560404765062
61,1440,1501,0.1518060780575304
62,1452,1514,0.15180868153389293
63,1459,1522,0.15180962270614234
64,1446,1510,0.1518086126389153
64,1456,1520,0.15180563499083927
63,1448,1511,0.15180350688408495
67,1429,1496,0.15180372265087105
67,1432,1499,0.15179359225998298
68,1441,1509,0.15178417235369066
67,1442,1509,0.15177290217807016
67,1455,1522,0.15176523286944832
71,1444,1515,0.15175859418211973
69,1442,1511,0.15174177977758072
68,1450,1518,0.15173045535459972
68,1448,1516,0.15172314531884054
65,1460,1525,0.15171589418149334
67,1448,1515,0.15171648361227608
65,1471,1536,0.1517109660459688
64,1458,1522,0.15171197566325995
63,1456,1519,0.15171570685488547
65,1458,1523,0.15172187862276576
62,1460,1522,0.15172381058629406
60,1463,1523,0.15173259397291006
63,1456,1519,0.15174574775037641
64,1447,1511,0.15175069297263527
64,1441,1505,0.1517532007810048
64,1450,1514,0.15175492864997547
62,1453,1515,0.15175666247272715
62,1449,1511,0.1517631579447549
59,1463,1522,0.151769747770657
58,1464,1522,0.1517828124295313
58,1460,1518,0.15179763476353808
58,1465,1523,0.15181191392817062
57,1449,1506,0.15182565469135986
58,1454,1512,0.15184079386524124
58,1451,1509,0.15185309855913437
59,1447,1506,0.15186492188710263
60,1460,1520,0.15187300881951027
63,1460,1523,0.1518776676627936
63,1466,1529,0.15187376577160488
62,1470,1532,0.1518706802349459
60,1457,1517,0.15186955155066256
62,1448,1510,0.15187334604705438
60,1460,1520,0.15187228147803442
59,1451,1510,0.15187504220219125
62,1458,1520,0.1518803302949317
63,1462,1525,0.15187661097494623
62,1466,1528,0.15187155970062627
62,1457,1519,0.1518692585095127
57,1450,1507,0.15186726952272822
56,1454,1510,0.15187791664524464
57,1459,1516,0.15189005113281354
57,1461,1518,0.1518997262395483
58,1454,1512,0.1519093498992435
58,1449,1507,0.15191597798601308
58,1456,1514,0.1519217176178349
56,1463,1519,0.15192757448006788
56,1460,1516,0.15193775130219994
54,1464,1518,0.15194771990287112
54,1462,1516,0.15196205348745626
54,1461,1515,0.15197546464897768
52,1471,1523,0.15198687860991822
53,1476,1529,0.15200206956228723
55,1466,1521,0.1520144532843261
57,1453,1510,0.15202169575581562
54,1455,1509,0.152022811741577
54,1454,1508,0.15203087494753528
54,1462,1516,0.15203887903610622
54,1468,1522,0.1520468648099997
53,1466,1519,0.15205430426978517
52,1457,1509,0.15206379374990142
51,1475,1526,0.15207517432439702
53,1458,1511,0.15208813159569076
50,1471,1521,0.1520959846250196
51,1465,1516,0.15210983876888157
52,1446,1498,0.15212076639584504
51,1453,1504,0.15212868251217665
51,1454,1505,0.15213855970196918
50,1464,1514,0.1521483180431638
47,1456,1503,0.15215879238002425
48,1452,1500,0.15217548771056943
48,1449,1497,0.15218908881470417
49,1457,1506,0.15220086054622725
48,1462,1510,0.1522100784127271
47,1452,1499,0.15222116293388369
46,1462,1508,0.1522340273765062
46,1475,1521,0.15224830618977786
44,1477,1521,0.15226242538422202
43,1478,1521,0.15228014699619866
43,1467,1510,0.15229908292271152
45,1467,1512,0.1523170335891218
46,1482,1528,0.15232917102609886
48,1488,1536,0.15233759091041046
48,1471,1519,0.1523409103059615
47,1466,1513,0.15234433090599153
46,1464,1510,0.15235020204217442
46,1453,1499,0.15235778550888662
46,1474,1520,0.1523650652796568
46,1474,1520,0.15237003544068847
46,1475,1521,0.1523750994793656
42,1475,1517,0.15238008290697752
42,1475,1517,0.1523936371980977
43,1459,1502,0.1524066145996229
43,1474,1517,0.15241655165281828
43,1469,1512,0.15242598304493074
44,1471,1515,0.15243453645604776
44,1478,1522,0.15244043580960548
43,1481,1524,0.15244628733766233
41,1486,1527,0.1524542121154431
41,1484,1525,0.1524665485676982
41,1496,1537,0.1524783330316563
43,1500,1543,0.15248948198891818
44,1499,1543,0.15249479754995268
44,1495,1539,0.1524967654661253
44,1482,1526,0.15249894836765726
44,1482,1526,0.15250130082215507
44,1486,1530,0.15250378327871825
41,1474,1515,0.15250636141031987
41,1468,1509,0.15251471135543224
37,1478,1515,0.15252282477475726
35,1470,1505,0.15253967389973724
35,1469,1504,0.1525599766918853
33,1465,1498,0.15257716316234987
33,1477,1510,0.15259764301805276
33,1461,1494,0.15261721440586223
33,1474,1507,0.15263517111479213
33,1476,1509,0.15265262821374467
35,1478,1513,0.1526693123360001
36,1486,1522,0.1526799079063501
36,1477,1513,0.15268701756202405
36,1494,1530,0.15269369471533337
36,1502,1538,0.15270002714522357
36,1481,1517,0.15270637666302697
34,1478,1512,0.15271270366469808
33,1464,1497,0.152723263712987
32,1471,1503,0.15273561761306867
32,1457,1489,0.1527495023131184
33,1470,1503,0.1527624844882186
34,1481,1515,0.1527726774328707
32,1482,1514,0.1527801530031354
33,1474,1507,0.15279129302736377
34,1479,1513,0.152799630980523
33,1469,1502,0.15280545701902637
32,1480,1512,0.15281319022798812
31,1483,1514,0.15282279275400185
34,1503,1537,0.1528339964817236
35,1492,1527,0.15283780730930324
35,1477,1512,0.1528383572717171
34,1481,1515,0.15283919917044536
35,1492,1527,0.15284247319456934
33,1490,1523,0.15284355381157663
34,1486,1520,0.1528490862559771
37,1489,1526,0.15285229605948336
36,1469,1505,0.15284601347621415
36,1477,1513,0.15284167285880781
37,1473,1510,0.15283810247438434
37,1466,1503,0.15283279545614856
38,1459,1497,0.15282828407863602
35,1461,1496,0.15282212417288854
36,1462,1498,0.15282376356302146
36,1477,1513,0.15282330163103708
34,1474,1508,0.1528231672572796
31,1476,1507,0.15282767220851162
33,1466,1499,0.15283878181000848
33,1478,1511,0.15284491299958003
34,1481,1515,0.15285086949991594
34,1476,1510,0.15285375018618075
35,1477,1512,0.15285668777639216
35,1469,1504,0.15285639168868848
33,1469,1502,0.15285531138232586
35,1477,1512,0.1528589504941044
36,1468,1504,0.15285827789975012
35,1476,1511,0.1528546936216283
34,1480,1514,0.15285391537093834
35,1476,1511,0.1528562684586171
36,1479,1515,0.15285575516718
35,1479,1514,0.15285320262358718
35,1483,1518,0.1528532522149112
34,1493,1527,0.15285335127069286
34,1481,1515,0.15285586132223808
34,1487,1521,0.15285846558290733
31,1489,1520,0.15286113408243351
32,1496,1528,0.1528702685748594
30,1494,1524,0.15287626138721777
32,1477,1509,0.15288661942919324
32,1484,1516,0.15289193048986044
32,1487,1519,0.15289711308895287
32,1497,1529,0.1529021560509799
31,1490,1521,0.15290705071573654
31,1486,1517,0.15291392448348856
32,1483,1515,0.15292050971347165
30,1482,1512,0.15292454102591158
30,1483,1513,0.15293276295642375
30,1483,1513,0.15294058602374846
30,1483,1513,0.15294802430356025
30,1491,1521,0.15295404092424245
30,1496,1526,0.15295986440305834
28,1480,1508,0.15296548929034742
24,1491,1515,0.1529746074173643
27,1481,1508,0.15299195547241154
26,1471,1497,0.1530010994215543
28,1478,1506,0.15301204728790474
28,1483,1511,0.1530163336522056
30,1473,1503,0.15302073462017216
31,1485,1516,0.15302013454044525
31,1486,1517,0.1530172555601956
32,1497,1529,0.1530145661765212
32,1497,1529,0.15300995534430759
30,1490,1520,0.15300583798245163
29,1490,1519,0.15300679306076231
29,1481,1510,0.15301043021530913
30,1488,1518,0.1530140032294527
30,1490,1520,0.15301533896064792
29,1490,1519,0.1530168377431573
27,1484,1511,0.15302059235152562
29,1483,1512,0.15302869025956736
29,1487,1516,0.1530310390856589
27,1480,1507,0.15303351098388174
27,1471,1498,0.1530403425111566
27,1467,1494,0.15304697675310877
25,1472,1497,0.1530534043632215
25,1482,1507,0.15306285855511248
26,1484,1510,0.1530728645965424
24,1492,1516,0.1530791418131101
25,1485,1510,0.1530895615367007
24,1483,1507,0.15309735542498715
24,1476,1500,0.15310703278320442
24,1470,1494,0.15311630751275573
23,1482,1505,0.15312502910762502
23,1492,1515,0.15313565940075047
23,1487,1510,0.15314577971738985
23,1490,1513,0.15315430110968417
23,1488,1511,0.15316252219231813
24,1493,1517,0.15317043978701603
23,1494,1517,0.1531755612083907
23,1498,1521,0.15318273036105187
23,1497,1520,0.15318963596240046
24,1487,1511,0.15319627707918188
23,1485,1508,0.15319938684494902
24,1488,1512,0.15320467845890454
24,1505,1529,0.15320739012551016
25,1500,1525,0.15321015731699947
25,1490,1515,0.15321062341117184
25,1492,1517,0.15321126033084392
24,1493,1517,0.15321203848118356
24,1485,1509,0.15321520897820404
23,1479,1502,0.15321831910155173
24,1499,1523,0.15322349657683873
25,1505,1530,0.15322537180996185
27,1507,1534,0.1532242383685627
26,1499,1525,0.15321808907194603
25,1497,1522,0.15321478128675176
27,1496,1523,0.15321426052073525
25,1482,1507,0.15320751333091454
28,1484,1512,0.1532059236419706
28,1490,1518,0.15319741132043782
27,1491,1518,0.15318987782405347
27,1473,1500,0.15318538988073904
28,1483,1511,0.15318145128063979
28,1471,1499,0.15317588902478999
28,1476,1504,0.1531709859684348
26,1467,1493,0.15316667131117775
25,1458,1483,0.15316667007657864
25,1465,1490,0.15316822964932353
25,1463,1488,0.15317003465307494
26,1454,1480,0.15317116662677566
26,1483,1509,0.15316967850572608
24,1495,1519,0.15316836727824176
24,1496,1520,0.15317191405870267
24,1502,1526,0.15317559403141975
22,1487,1509,0.15317936509069938
23,1475,1498,0.15318635667827465
24,1474,1498,0.1531910622757297
24,1480,1504,0.15319354382724093
24,1498,1522,0.15319619380735777
25,1490,1515,0.15319897106374142
25,1501,1526,0.15319923813846
25,1507,1532,0.1531986493276319
24,1504,1528,0.15319845550738645
23,1506,1529,0.1532016530912431
22,1493,1515,0.15320706852194685
22,1488,1510,0.1532145275004481
22,1509,1531,0.1532216943629754
24,1510,1534,0.15322857115994096
24,1498,1522,0.1532291514776953
24,1500,1524,0.15322969267066341
22,1500,1522,0.15323048388919197
22,1500,1522,0.15323589567819965
21,1493,1514,0.15324113150839605
22,1499,1521,0.15324858669294106
22,1505,1527,0.15325247936466557
22,1497,1519,0.15325624880119645
21,1496,1517,0.15325993465626814
20,1505,1525,0.15326579599143073
21,1509,1530,0.15327366722705155
22,1510,1532,0.1532779834419947
22,1502,1524,0.1532799588724897
22,1499,1521,0.1532820860344458
22,1498,1520,0.15328432934643998
21,1498,1519,0.15328665793550864
22,1487,1509,0.15329119154068718
22,1493,1515,0.15329341358382476
23,1488,1511,0.15329567033380181
19,1493,1512,0.15329504926783769
18,1491,1509,0.15330385549136755
17,1491,1508,0.15331453592474092
17,1471,1488,0.1533268233336672
17,1474,1491,0.15333846295071674
17,1485,1502,0.15334948421732938
16,1491,1507,0.1533599157661794
15,1502,1517,0.15337191762435817
16,1509,1525,0.1533854377918936
16,1514,1530,0.1533949635371417
14,1514,1528,0.15340406566182013
15,1503,1518,0.15341705229214858
16,1506,1522,0.15342614527543755
16,1504,1520,0.1534326335457149
16,1494,1510,0.15343893736778638
16,1503,1519,0.1534450474134075
16,1499,1515,0.15345095691841873
15,1507,1522,0.15345666133347918
15,1499,1514,0.15346326436727473
16,1500,1516,0.15346957681763412
16,1500,1516,0.15347262367051268
16,1495,1511,0.15347577453572328
15,1487,1502,0.153478545806081
15,1489,1504,0.15348320299207244
15,1501,1516,0.15348786706196604
14,1504,1518,0.15349250978124476
14,1504,1518,0.15349927865768231
14,1500,1514,0.1535056021647749
14,1495,1509,0.1535117597084957
15,1503,1518,0.15351774042305494
15,1502,1517,0.15352026418446968
15,1518,1533,0.1535229028589323
14,1509,1523,0.15352453566764818
14,1501,1515,0.15352881419521122
15,1518,1533,0.15353309840940865
16,1507,1523,0.15353425024846604
16,1494,1510,0.15353238694847043
15,1491,1506,0.15353102379718306
16,1491,1507,0.1535323377286345
17,1481,1498,0.15353061399591098
17,1477,1494,0.15352700971595848
18,1494,1512,0.15352399241087966
18,1497,1515,0.153518236956872
18,1495,1513,0.15351323772527045
18,1488,1506,0.15350890985943363
19,1500,1519,0.1535051773767558
17,1496,1513,0.15349907834733234
16,1492,1508,0.1534987184039759
17,1500,1517,0.15350076662000767
17,1503,1520,0.15350004349275384
17,1493,1510,0.1534996325587979
17,1487,1504,0.15349948933876
17,1495,1512,0.15349848383764883
17,1495,1512,0.15349784444405082
16,1491,1507,0.1534975197655883
16,1496,1512,0.1534998398879071
17,1501,1518,0.15350222426035287
17,1481,1498,0.15350139273685612
16,1488,1504,0.15350088536231896
16,1498,1514,0.15350288830776765
16,1504,1520,0.1535049867269617
16,1512,1528,0.15350715390906042
15,1504,1519,0.1535093667762417
14,1501,1515,0.15351387254849702
14,1490,1504,0.15352037095711554
15,1491,1506,0.15352659362581786
15,1494,1509,0.1535293210259409
15,1492,1507,0.1535319993738766
16,1498,1514,0.15353470239885206
14,1501,1515,0.15353426409055015
13,1504,1517,0.1535393236805427
13,1514,1527,0.15354701069914958
13,1524,1537,0.15355429159021677
12,1515,1527,0.1535611848614961
12,1514,1526,0.1535698557743228
11,1511,1522,0.15357804390072144
10,1523,1533,0.15358802872137345
10,1496,1506,0.15359958159215498
10,1498,1508,0.15361045691282246
8,1505,1513,0.15362069323054126
8,1502,1510,0.1536347375145578
8,1512,1520,0.15364793676503086
8,1496,1504,0.15366034132471168
8,1502,1510,0.15367199858629502
8,1498,1506,0.1536829531604513
8,1505,1513,0.1536932470347721
8,1517,1525,0.1537029197240706
8,1512,1520,0.1537120084124623
8,1518,1526,0.15372054808763574
7,1523,1530,0.15372857166770612
7,1521,1528,0.1537382547388032
5,1509,1514,0.15374735211324178
6,1505,1511,0.15376021356050176
4,1501,1505,0.1537699531714199
4,1510,1514,0.15378359683678788
4,1507,1511,0.15379641544301184
4,1503,1507,0.15380845874377896
4,1507,1511,0.15381977350589193
3,1508,1511,0.15383040368728682
3,1515,1518,0.15384253853630395
3,1502,1505,0.15385393848301562
3,1518,1521,0.15386464796222524
3,1518,1521,0.15387470872897768
3,1514,1517,0.15388416001950198
3,1509,1512,0.1538930387025518
3,1506,1509,0.15390137942171156
2,1508,1510,0.15390921472920085
2,1506,1508,0.15391871809426774
2,1508,1510,0.15392764588934982
2,1516,1518,0.15393603291849842
2,1524,1526,0.1539439118865677
2,1530,1532,0.153951313525307
2,1522,1524,0.1539582667119306
2,1522,1524,0.1539647985806068
2,1529,1531,0.15397093462728623
2,1527,1529,0.15397669880826295
2,1525,1527,0.15398211363283884
2,1517,1519,0.15398720025044163
2,1506,1508,0.1539919785325251
2,1515,1517,0.15399646714956158
3,1517,1520,0.1540006836434179
3,1514,1517,0.154001828321877
3,1508,1511,0.15400296748418693
3,1516,1519,0.1540040953559308
3,1506,1509,0.15400520709664298
2,1494,1496,0.154006298687401
2,1504,1506,0.15400952213436533
2,1510,1512,0.15401258899612744
2,1504,1506,0.15401550505768513
2,1500,1502,0.1540182761073696
2,1509,1511,0.15402090790283657
2,1512,1514,0.15402340614234766
3,1509,1512,0.15402577644071222
3,1518,1521,0.1540247541460489
2,1515,1517,0.1540239203308249
2,1510,1512,0.15402540033789072
2,1498,1500,0.15402689431121894
2,1511,1513,0.15402839147936903
2,1515,1517,0.1540298826730541
2,1516,1518,0.15403136013729024
2,1504,1506,0.15403281736360305
1,1508,1509,0.15403424894024623
1,1513,1514,0.15403825197960036
1,1513,1514,0.15404202039059667
1,1511,1512,0.15404556759337143
1,1516,1517,0.15404890627357942
1,1507,1508,0.15405204841920897
1,1500,1501,0.15405500535591288
1,1509,1510,0.15405778778087267
1,1518,1519,0.15406040579522023
1,1511,1512,0.15406286893504498
1,1517,1518,0.15406518620101906
1,1510,1511,0.1540673660866766
1,1503,1504,0.15406941660538476
1,1489,1490,0.1540713453160462
1,1507,1508,0.15407315934757557
2,1510,1512,0.15407486542219082
2,1508,1510,0.1540734502893946
1,1506,1507,0.15407220584989817
1,1510,1511,0.1540732786028689
1,1493,1494,0.15407435462311742
1,1508,1509,0.15407542713511557
1,1511,1512,0.1540764904066971
0,1515,1515,0.15407753962501242
