1366,26,1392,0.13579591970991942
1399,28,1427,0.1329557143942837
1406,28,1434,0.13028105726243996
1424,28,1452,0.1278321245703337
1427,29,1456,0.12555428462985976
1433,31,1464,0.12347527518544947
1435,32,1467,0.12156767298339943
1438,30,1468,0.11982682033620189
1458,30,1488,0.11823711178673534
1459,31,1490,0.11673912115243044
1471,32,1503,0.11537481663429247
1477,34,1511,0.11410325955968481
1472,33,1505,0.11293047778401924
1479,35,1514,0.11187813000189234
1467,36,1503,0.11090282561794233
1470,38,1508,0.11004670215519655
1467,37,1504,0.1092654109262042
1460,37,1497,0.10856352924757266
1448,35,1483,0.1079421755305249
1451,36,1487,0.10740468487411763
1456,35,1491,0.10691025285393727
1444,34,1478,0.10644809885079728
1450,36,1486,0.10605654521983628
1447,37,1484,0.10568584447699245
1448,35,1483,0.10535554940394772
1445,35,1480,0.10505193735183851
1448,34,1482,0.10478269684824369
1457,32,1489,0.10453008394677264
1451,30,1481,0.10428115128359067
1439,35,1474,0.10406855126976629
1436,37,1473,0.1039029198175482
1456,38,1494,0.10375915982846688
1458,37,1495,0.1035831150978467
1463,36,1499,0.10341849937931824
1452,36,1488,0.10325674201962545
1441,38,1479,0.1031364549622193
1441,37,1478,0.1030511839232686
1452,38,1490,0.10297448048482881
1458,37,1495,0.10287950361115397
1468,34,1502,0.10278196405198607
1452,36,1488,0.10267018076377099
1453,37,1490,0.10260495581721953
1441,38,1479,0.10254273929797612
1456,36,1492,0.10251386543920578
1449,35,1484,0.10245278622231108
1454,33,1487,0.10241390556212951
1445,32,1477,0.10236734898478644
1462,31,1493,0.10234281876493018
1454,36,1490,0.10228478824041044
1470,36,1506,0.10225166135921401
1459,38,1497,0.10218384133597919
1465,38,1503,0.10214666070280215
1469,40,1509,0.10209856146310058
1454,40,1494,0.10204413477854513
1455,41,1496,0.1020287733278963
1454,42,1496,0.10201034230145087
1447,44,1491,0.10199939826229873
1432,46,1478,0.10200621593683729
1430,44,1474,0.10204621353251535
1435,43,1478,0.10208761345570505
1453,47,1500,0.10211496297655419
1447,45,1492,0.10209991958288937
1446,47,1493,0.10210237342889027
1439,47,1486,0.10210802527671711
1445,49,1494,0.10213077258868548
1446,49,1495,0.10213620822184588
1448,47,1495,0.10213959635017751
1453,48,1501,0.1021402008998698
1446,51,1497,0.10212762558670269
1448,52,1500,0.10213215659428339
1451,52,1503,0.10213296609549168
1440,54,1494,0.10212911695388784
1444,54,1498,0.10215093508092396
1444,54,1498,0.10216247005684817
1439,53,1492,0.10217294610864255
1438,54,1492,0.10219466832238072
1435,52,1487,0.10221717971298293
1438,54,1492,0.10224533252713894
1451,55,1506,0.10226392493628583
1434,58,1492,0.10225261568262045
1437,59,1496,0.10228214460026312
1431,61,1492,0.10230189883606228
1430,59,1489,0.10233346104026914
1445,60,1505,0.10236274644242706
1447,57,1504,0.10235658023381144
1446,57,1503,0.10234540660814098
1434,55,1489,0.10233532616243864
1435,56,1491,0.10235494664838124
1441,57,1498,0.10237181032802384
1434,57,1491,0.10237372420786546
1425,57,1482,0.10239153704533542
1414,57,1471,0.10242715088475261
1427,58,1485,0.10248558459390981
1424,59,1483,0.1025119048393984
1435,58,1493,0.10254311931644977
1430,57,1487,0.10254701417496719
1431,58,1489,0.10255927626325008
1433,58,1491,0.10256710366511797
1431,61,1492,0.10256905349177999
1437,59,1496,0.10257598233880433
1442,57,1499,0.10256996188672148
1434,58,1492,0.10255530714183396
1434,58,1492,0.10255977139277225
1433,58,1491,0.10256195081931406
1446,59,1505,0.10256737314488333
1425,64,1489,0.10254110547411979
1423,63,1486,0.10256343192882646
1431,59,1490,0.1025891717204248
1430,59,1489,0.10259850398471791
1423,59,1482,0.10260984711194354
1423,57,1480,0.10263170177810892
1423,58,1481,0.10265422989704938
1422,61,1483,0.10267340354468509
1430,63,1493,0.10269172213388361
1421,64,1485,0.10269097177017987
1424,65,1489,0.10270983322036913
1430,63,1493,0.102719265705159
1421,64,1485,0.1027156284165951
1422,64,1486,0.10273355585664205
1422,66,1488,0.10274954903109222
1422,67,1489,0.10276347736004489
1418,69,1487,0.10277620664331692
1398,68,1466,0.10279695952089994
1402,69,1471,0.1028615768534036
1402,65,1467,0.10291237384351966
1397,66,1463,0.10295936947677463
1418,69,1487,0.10301346227718108
1419,71,1490,0.10301587775877985
1414,73,1487,0.10301762885605464
1411,71,1482,0.1030311119872897
1397,68,1465,0.10304995718298439
1410,66,1476,0.10309449273361734
1416,65,1481,0.1031080881489751
1426,67,1493,0.10310770006197405
1431,69,1500,0.10308678578567289
1425,71,1496,0.10305254575591918
1427,70,1497,0.1030343439459649
1437,72,1509,0.10301470421072917
1434,72,1506,0.10297421729335074
1429,73,1502,0.1029456719828746
1446,71,1517,0.10293151010256693
1440,67,1507,0.1028817004331818
1448,68,1516,0.10284838013431592
1452,69,1521,0.10279936793964466
1443,68,1511,0.10274573464118181
1429,72,1501,0.1027128792246422
1423,72,1495,0.10271603253663303
1417,73,1490,0.10273464781658465
1423,74,1497,0.10276738517968237
1412,76,1488,0.10278311106721227
1422,74,1496,0.10282133014838063
1420,74,1494,0.10283538071499095
1429,72,1501,0.10285367397081085
1415,72,1487,0.1028495485745698
1425,74,1499,0.10287779938143445
1419,76,1495,0.10288342985356902
1403,78,1481,0.10290106459201606
1396,78,1474,0.10295366836656485
1401,74,1475,0.10301769023275614
1406,73,1479,0.10306750292038096
1414,75,1489,0.10310122956745207
1402,74,1476,0.10311481111039063
1419,75,1494,0.10315468725566201
1424,74,1498,0.103151671747536
1423,74,1497,0.10313811981645765
1421,76,1497,0.10312694402893909
1432,78,1510,0.10312215719279194
1433,79,1512,0.10309241584359295
1432,78,1510,0.10306426037149302
1432,79,1511,0.10304140236639622
1425,76,1501,0.10301945156356425
1427,78,1505,0.1030165325730627
1425,80,1505,0.10300852096318669
1413,81,1494,0.10300689103670495
1404,79,1483,0.10303315184055134
1402,78,1480,0.10307735965581831
1397,80,1477,0.10312358855489621
1393,80,1473,0.10317810260120738
1391,80,1471,0.10323881969354406
1371,81,1452,0.1032990221988425
1377,82,1459,0.103400484075716
1384,83,1467,0.10347920632432012
1395,83,1478,0.10353531263377956
1400,86,1486,0.10356176509742841
1390,85,1475,0.10357228895426082
1382,84,1466,0.10360526773665885
1388,87,1475,0.10365444518784303
1389,91,1480,0.10368609586008212
1400,91,1491,0.10371040804385113
1393,88,1481,0.1037079835582709
1408,88,1496,0.10372278466739521
1400,90,1490,0.10370243528190777
1398,94,1492,0.10370205666446658
1386,95,1481,0.10371098179869497
1384,97,1481,0.10374372115456096
1399,96,1495,0.10378046022319143
1392,94,1486,0.10378208884837369
1399,95,1494,0.10380111465169595
1404,91,1495,0.10380055775704979
1388,90,1478,0.1037896402819867
1397,87,1484,0.10381527401273033
1394,89,1483,0.1038184937530675
1404,88,1492,0.10382893601961958
1393,89,1482,0.10381445258165878
1404,91,1495,0.1038274381081773
1396,92,1488,0.10381486395332759
1391,91,1482,0.1038216650038797
1393,91,1484,0.10383616361475717
1399,92,1491,0.10384513355190123
1402,90,1492,0.10383994448922945
1424,89,1513,0.10383007909257437
1423,91,1514,0.10377157813478519
1404,91,1495,0.10371877731195538
1395,91,1486,0.10371302297372839
1408,91,1499,0.10372630280355243
1406,92,1498,0.10370916209707173
1396,92,1488,0.10369933384389657
1405,93,1498,0.10371386098031454
1416,93,1509,0.10370691403168955
1417,94,1511,0.10367546578902244
1407,96,1503,0.1036442206477666
1405,98,1503,0.10363795882229052
1403,99,1502,0.103638438992099
1401,102,1503,0.10364613550022975
1399,100,1499,0.10365836956061265
1381,100,1481,0.10367468509854405
1396,102,1498,0.10373126157705972
1383,100,1483,0.10374780700687093
1383,99,1482,0.10379265508717586
1386,100,1486,0.10383455974010028
1388,100,1488,0.10386613181366343
1393,105,1498,0.10389332672504097
1391,106,1497,0.10390449239113886
1382,103,1485,0.10391881233687095
1387,105,1492,0.10395306918135173
1400,108,1508,0.10397367480702652
1393,106,1499,0.10396363659725472
1401,106,1507,0.10397082833758126
1403,107,1510,0.1039579885327232
1388,107,1495,0.10394367821110567
1393,105,1498,0.10396529861865555
1393,107,1500,0.10397336387122104
1384,103,1487,0.10398083664232471
1383,103,1486,0.10400484826791505
1383,104,1487,0.10402745430741873
1371,102,1473,0.10404900225359265
1376,102,1478,0.10409541223731143
1372,103,1475,0.10412729602873949
1377,107,1484,0.10416639950491093
1391,103,1494,0.10419175461019638
1365,106,1471,0.10418416654845761
1374,108,1482,0.104233693525297
1379,105,1484,0.10426312693868947
1378,106,1484,0.10427735997227422
1379,105,1484,0.10429307570160408
1377,109,1486,0.1043008997659969
1380,111,1491,0.10431519318712681
1380,112,1492,0.10432308531141049
1377,110,1487,0.10433216679508879
1386,111,1497,0.10434711390721152
1395,110,1505,0.10434252660926024
1391,108,1499,0.1043156758702975
1398,110,1508,0.10430064980856368
1400,112,1512,0.10427333216368755
1401,110,1511,0.10424428911531526
1396,109,1505,0.10421688533094403
1396,108,1504,0.10420404108184943
1392,109,1501,0.10419180141724205
1391,110,1501,0.10418867556437035
1392,109,1501,0.1041905815694529
1392,111,1503,0.10418960834797993
1387,113,1500,0.10418770591437199
1371,115,1486,0.10419493927648407
1368,117,1485,0.1042409464978106
1384,117,1501,0.10429230213298236
1382,116,1498,0.1043024092737668
1380,125,1505,0.10431658651297358
1367,124,1491,0.10433399216192733
1362,125,1487,0.10438001429423799
1366,123,1489,0.10443477388674233
1365,123,1488,0.10447506843834915
1353,125,1478,0.10451569234615964
1364,125,1489,0.10458100308262223
1370,127,1497,0.10461744019315407
1364,132,1496,0.10463649500632875
1364,133,1497,0.1046677957851485
1365,137,1502,0.10469865810726339
1373,140,1513,0.10472526192597698
1365,136,1501,0.10473138356054452
1357,138,1495,0.10475669759104417
1356,138,1494,0.10479874563269007
1370,140,1510,0.10484064267461685
1362,139,1501,0.1048459814692363
1357,141,1498,0.10487244374961292
1361,144,1505,0.104907549323508
1364,144,1508,0.10493037643816137
1354,143,1497,0.10494635292523785
1354,144,1498,0.10498190484625111
1343,146,1489,0.1050165862019794
1334,144,1478,0.10507350556608923
1332,142,1474,0.1051459934346973
1325,147,1472,0.10522158006660146
1341,154,1495,0.10530352076211877
1345,158,1503,0.10534236754958794
1336,158,1494,0.1053704677348544
1339,154,1493,0.1054154540112602
1327,157,1484,0.10544941189294238
1341,153,1494,0.1055052760369993
1327,157,1484,0.10552712704921291
1318,154,1472,0.10558043879446903
1317,157,1474,0.10565157942657492
1323,158,1481,0.10571924776098328
1332,158,1490,0.10576694210161067
1342,157,1499,0.10579294790176086
1338,160,1498,0.10579500227802739
1348,165,1513,0.10580605433708735
1346,163,1509,0.1057917477074592
1345,163,1508,0.10578437776428708
1343,159,1502,0.10577895035649951
1341,161,1502,0.10577800799300553
1336,160,1496,0.10578393835470547
1341,160,1501,0.10580240966760587
1349,157,1506,0.1058109545425188
1338,158,1496,0.10579971557001286
1349,160,1509,0.10581102178749933
1345,158,1503,0.10579461443862119
1342,153,1495,0.10578906737932758
1353,155,1508,0.1057919174444331
1345,155,1500,0.10577085504763378
1343,158,1501,0.10576672355632447
1351,158,1509,0.10576774588166142
1336,159,1495,0.10575103510891073
1337,162,1499,0.10576926775273093
1335,157,1492,0.10578634264499064
1335,158,1493,0.10580682498879486
1333,163,1496,0.10582608708498807
1324,167,1491,0.10584844665553472
1319,167,1486,0.10588711406474789
1327,164,1491,0.10593536169629647
1332,164,1496,0.10595753195323948
1346,162,1508,0.10596867715467546
1338,159,1497,0.10594646325688725
1328,160,1488,0.10594627721644194
1332,166,1498,0.10596730110700023
1322,172,1494,0.1059791176000717
1335,169,1504,0.10601243298542432
1346,168,1514,0.1060150380030192
1322,169,1491,0.10599180677326571
1312,172,1484,0.10602364330669088
1313,172,1485,0.1060789979837466
1314,175,1489,0.10612496729379008
1325,175,1500,0.10616613530897479
1328,177,1505,0.10617971772551528
1344,177,1521,0.10618649406199744
1336,173,1509,0.1061589913429095
1335,173,1508,0.10615196938876041
1330,173,1503,0.10614649984743468
1326,179,1505,0.10615322132652363
1330,181,1511,0.10616976330127255
1333,177,1510,0.10617823930027111
1331,181,1512,0.10618026823146672
1316,176,1492,0.1061868911359273
1310,173,1483,0.10622833463930646
1309,180,1489,0.10628049394720562
1313,179,1492,0.10633277906820783
1308,180,1488,0.10637196666370388
1320,181,1501,0.10641647648366397
1337,185,1522,0.10643192116946519
1339,181,1520,0.10640490371543646
1331,176,1507,0.10637652752595443
1326,175,1501,0.10636695462853908
1332,173,1505,0.10637130183860555
1335,175,1510,0.10635820855815208
1329,177,1506,0.10634154397776442
1325,180,1505,0.10633964899992059
1322,181,1503,0.10634954374483538
1318,178,1496,0.10636675924248533
1329,180,1509,0.10639397373080278
1314,174,1488,0.1063943478301804
1314,176,1490,0.10642916197716484
1325,185,1510,0.10646266384174627
1312,185,1497,0.10646813403699808
1321,180,1501,0.10650152734957029
1306,181,1487,0.10651095954474457
1318,179,1497,0.10655185336706985
1316,185,1501,0.10656090778597326
1310,185,1495,0.1065721382238685
1314,187,1501,0.1065968412860031
1302,187,1489,0.10661374537559869
1291,193,1484,0.10665493194512099
1295,190,1485,0.10671774529912462
1309,185,1494,0.10676730367523714
1294,188,1482,0.10678224080893436
1295,188,1483,0.10683309768557198
1296,185,1481,0.10687787417157946
1302,186,1488,0.10691509770983006
1292,189,1481,0.10693613006784926
1290,193,1483,0.10697954144653236
1305,188,1493,0.10702280026638551
1310,186,1496,0.10702763081025118
1310,185,1495,0.10702122802031955
1311,189,1500,0.10701081046537199
1305,190,1495,0.10699912385853043
1303,192,1495,0.10700304077980963
1309,193,1502,0.10700941351132308
1310,193,1503,0.10700631251897212
1318,192,1510,0.10700227846525642
1313,187,1500,0.10698173468786523
1315,194,1509,0.1069748022550114
1305,192,1497,0.10696247287049644
1308,190,1498,0.10697406862090766
1306,196,1502,0.10697798525522142
1304,200,1504,0.10698705866246558
1306,203,1509,0.10700180296083946
1297,205,1502,0.10700986468959123
1296,207,1503,0.10704021966282933
1289,208,1497,0.10707126949645634
1292,210,1502,0.10711725323384293
1291,205,1496,0.10715001423919582
1284,203,1487,0.10718365725040913
1266,204,1470,0.10723176525014261
1268,207,1475,0.10731595082921538
1269,207,1476,0.10739089168396411
1263,206,1469,0.10745907045833905
1279,207,1486,0.107532925294182
1285,206,1491,0.10756459258765139
1283,206,1489,0.10758062432222326
1285,205,1490,0.10760013027001701
1283,207,1490,0.10761342184007265
1297,205,1502,0.10762805457464647
1289,202,1491,0.10760686655250787
1283,204,1487,0.107607338730041
1295,198,1493,0.10761837625997554
1298,204,1502,0.10760276628716553
1291,198,1489,0.1075834332150448
1304,198,1502,0.10758215567520142
1301,202,1503,0.10754990441266735
1284,201,1485,0.10752689180309913
1286,207,1493,0.10754616973009458
1287,207,1494,0.10755838496161252
1290,210,1500,0.10756894030211843
1286,205,1491,0.1075736701512164
1285,209,1494,0.10758618182833957
1285,210,1495,0.10760312229953603
1281,211,1492,0.10761760856029488
1290,211,1501,0.10763864262396775
1286,212,1498,0.1076398225566394
1280,210,1490,0.10765022232884877
1288,207,1495,0.10767652281394112
1296,207,1503,0.1076792697347501
1293,207,1500,0.10766096541086899
1278,205,1483,0.10765267169849178
1274,208,1482,0.10767959450520127
1272,212,1484,0.10771387373173524
1270,211,1481,0.10774810887407459
1280,206,1486,0.1077831784459962
1273,201,1474,0.10779375889655295
1283,202,1485,0.10782213432953018
1303,198,1501,0.1078258782483659
1288,198,1486,0.10778835157726352
1298,202,1500,0.10778451642366592
1292,206,1498,0.10775634859027647
1284,201,1485,0.10774156575075747
1273,205,1478,0.10774984364190975
1275,202,1477,0.10778070682086675
1274,202,1476,0.10780420483616437
1277,203,1480,0.10782530941380411
1275,211,1486,0.1078397031011684
1264,208,1472,0.10785558926715169
1267,209,1476,0.10789625014720543
1282,214,1496,0.10792743208944389
1276,216,1492,0.10792585739100588
1276,217,1493,0.10794027837948711
1274,212,1486,0.10795172755247599
1275,214,1489,0.10796597599210156
1275,213,1488,0.10797877724356265
1271,211,1482,0.10799202492924705
1261,214,1475,0.10801081159719378
1278,213,1491,0.1080512261801697
1282,217,1499,0.10805157897541803
1278,217,1495,0.10804051744403254
1276,220,1496,0.10803919123504205
1268,218,1486,0.10804273159042088
1283,218,1501,0.10806404839649268
1283,220,1503,0.10805156652578148
1276,220,1496,0.10803897999884647
1275,219,1494,0.1080446393155097
1279,216,1495,0.10805187158918755
1284,213,1497,0.10804839680794125
1280,211,1491,0.10803303815011862
1282,211,1493,0.10802401248780243
1283,217,1500,0.10801340677769165
1281,222,1503,0.10799882537714164
1283,224,1507,0.10799114654504359
1282,224,1506,0.10798156125795007
1277,225,1502,0.1079754476874923
1274,221,1495,0.10798323834662493
1270,220,1490,0.1079981798749213
1267,221,1488,0.10802140310286582
1267,221,1488,0.10805074598855438
1258,223,1481,0.10807981339139594
1266,221,1487,0.10812592163082786
1269,223,1492,0.10814837135107311
1266,222,1488,0.1081644980542385
1255,223,1478,0.1081852447899923
1244,218,1462,0.10822975548942525
1264,228,1492,0.10829651993490988
1255,223,1478,0.10831464940429864
1266,226,1492,0.10834870098673616
1275,225,1500,0.10835854101971228
1277,235,1512,0.10834492723406537
1282,238,1520,0.10832892816248708
1281,240,1521,0.10830347086530978
1265,243,1508,0.10828129570720624
1266,241,1507,0.10829737353210746
1266,246,1512,0.1083131900367194
1263,247,1510,0.10832814284042952
1255,248,1503,0.10834850595749974
1247,244,1491,0.10838793285762767
1260,245,1505,0.10844217335312147
1234,239,1473,0.10846449066361641
1237,246,1483,0.10854519344229464
1235,253,1488,0.10861430900811019
1234,257,1491,0.1086843513639462
1238,259,1497,0.10875375935641522
1242,256,1498,0.10880517158371711
1258,250,1508,0.10884475957907781
1257,249,1506,0.10884365356164308
1252,248,1500,0.10884340977468981
1254,248,1502,0.10885462003965247
1251,242,1493,0.10885908134740062
1244,245,1489,0.10886767059957955
1244,242,1486,0.10889239741489172
1239,245,1484,0.10891621329116288
1244,242,1486,0.10894621140457239
1234,242,1476,0.10896366899827412
1240,242,1482,0.10900270042408162
1250,245,1495,0.10902624410852756
1248,247,1495,0.10902606301885416
1254,256,1510,0.1090332480570308
1249,256,1505,0.1090265798636658
1262,249,1511,0.10903387944954847
1245,255,1500,0.10901042313698088
1248,252,1500,0.10902794885805576
1256,255,1511,0.1090364228593992
1248,254,1502,0.10902656636839642
1267,259,1526,0.10903662119580419
1259,260,1519,0.10900233609708986
1260,265,1525,0.10898987145552617
1240,263,1503,0.10897593365226008
1237,260,1497,0.10900947128791921
1248,264,1512,0.1090479096864346
1257,259,1516,0.10905722260902027
1248,260,1508,0.10904746474307896
1244,267,1511,0.10905789002941313
1234,264,1498,0.10907812501589981
1232,267,1499,0.10911841226274392
1226,263,1489,0.10916093904554192
1231,266,1497,0.10921544859201675
1234,271,1505,0.10925206164350461
1221,275,1496,0.10927890594941257
1206,272,1478,0.10933572246803706
1214,268,1482,0.10942240317567009
1216,267,1483,0.10948309094903973
1228,271,1499,0.10953443481719524
1230,269,1499,0.10955319591403402
1234,274,1508,0.10956568975755002
1232,274,1506,0.10956868939070709
1235,273,1508,0.10957566080192455
1210,272,1482,0.1095754403595998
1217,278,1495,0.10963420229326093
1230,271,1501,0.10967468204780208
1229,270,1499,0.1096807646938132
1237,268,1505,0.10968745195207238
1241,270,1511,0.10967336910083658
1228,272,1500,0.10965167723880583
1214,272,1486,0.10966477654282
1218,272,1490,0.10971023066679184
1217,273,1490,0.10974119595113184
1225,269,1494,0.10977304822541711
1225,277,1502,0.10978660923338783
1217,271,1488,0.10979952600035789
1220,271,1491,0.1098310264453114
1214,276,1490,0.10985448300285623
1214,271,1485,0.10988843026543055
1206,265,1471,0.1099170123048036
1222,262,1484,0.10995925229820226
1210,263,1473,0.10995985867210031
1192,269,1461,0.10998963020240447
1201,277,1478,0.11005829305258492
1206,282,1488,0.11010071122771087
1210,275,1485,0.11012876555540332
1205,274,1479,0.11014459555383002
1219,271,1490,0.11017216254296475
1216,273,1489,0.11016634905737974
1227,273,1500,0.11016756758780825
1227,276,1503,0.11013900927845686
1227,274,1501,0.11011352025921563
1217,273,1490,0.11008996385015873
1222,273,1495,0.11008925703304716
1223,275,1498,0.11007774069249945
1230,276,1506,0.11006550976486375
1227,274,1501,0.11003894328561838
1222,276,1498,0.11002250311312689
1215,277,1492,0.11002085350569885
1211,278,1489,0.110035821825249
1212,282,1494,0.11005753841626464
1220,278,1498,0.11007450656571315
1215,282,1497,0.1100706929366337
1203,286,1489,0.11008018639884161
1214,288,1502,0.11011923644210825
1212,281,1493,0.11013027122614474
1211,279,1490,0.11014550602715058
1203,279,1482,0.11016105657744861
1206,277,1483,0.11019483939732848
1205,279,1484,0.11021982266604066
1205,278,1483,0.11024451496943001
1209,272,1481,0.11026747558321119
1212,269,1481,0.11027815740194237
1219,272,1491,0.11028034093917849
1226,266,1492,0.11026244285418225
1229,264,1493,0.11022668543889258
1232,270,1502,0.11018742615621552
1228,266,1494,0.11014648987948766
1232,270,1502,0.11011615117570692
1226,269,1495,0.11007973791953425
1227,268,1495,0.11006018417403633
1224,259,1483,0.11003828291471265
1228,262,1490,0.11002594988410584
1235,265,1500,0.11000401006415352
1226,266,1492,0.10996763577781765
1216,273,1489,0.10995585885063712
1222,273,1495,0.10997017873518365
1227,270,1497,0.10996938893311978
1232,260,1492,0.10995510104453966
1239,252,1491,0.10992662194980425
1239,259,1498,0.10988621972912982
1236,260,1496,0.1098490713888362
1239,262,1501,0.10982181208087444
1246,264,1510,0.10979020141076465
1243,269,1512,0.10974534589995741
1233,267,1500,0.10970965860697345
1229,268,1497,0.10970267752574323
1241,271,1512,0.1097075799154474
1239,273,1512,0.1096800435640165
1233,271,1504,0.10965986804459447
1224,273,1497,0.10965509173905318
1229,276,1505,0.10967189644793106
1208,275,1483,0.10967802557168917
1213,278,1491,0.10973397664501224
1210,280,1490,0.1097723398352008
1216,286,1502,0.10981475596092925
1221,292,1513,0.10984280166083395
1218,290,1508,0.10985780758235557
1204,288,1492,0.10987730662985505
1209,287,1496,0.10992825749119564
1211,282,1493,0.10996406544738348
1213,280,1493,0.10999486085386824
1228,287,1515,0.11001858039617764
1231,276,1507,0.11000406208505817
1214,280,1494,0.10998165625999523
1222,283,1505,0.11000201056415068
1220,281,1501,0.11000131947118615
1220,282,1502,0.11000603904649096
1223,284,1507,0.11000929731441492
1214,279,1493,0.11000415783756903
1212,283,1495,0.11002162270859454
1208,281,1489,0.11004272329507117
1212,286,1498,0.11007245167184361
1217,285,1502,0.11008784734309146
1219,286,1505,0.11009356868861571
1209,284,1493,0.11009475932562104
1210,285,1495,0.11011664725927256
1202,283,1485,0.11013649356229656
1207,283,1490,0.11017431387046894
1202,289,1491,0.11019884452043305
1190,292,1482,0.11023264843254653
1196,295,1491,0.11029170045967841
1205,297,1502,0.1103334368864142
1204,295,1499,0.11035179892120733
1194,301,1495,0.11037158385615545
1192,310,1502,0.11041182348881051
1185,308,1493,0.11045575428587519
1179,309,1488,0.11051477325144159
1178,306,1484,0.11058203322454194
1180,307,1487,0.11064792894522552
1176,311,1487,0.1107051202884093
1173,305,1478,0.11076512859822404
1184,311,1495,0.1108282477622719
1177,319,1496,0.11085954518433788
1186,320,1506,0.11090370583048628
1181,316,1497,0.11092757968036765
1183,313,1496,0.11096348885463608
1178,313,1491,0.11099647058787948
1169,320,1489,0.11103802489177102
1180,323,1503,0.11109498293377307
1186,328,1514,0.11112321747915299
1182,329,1511,0.11113765171212142
1186,325,1511,0.11116045596442613
1180,324,1504,0.11117521778572398
1178,330,1508,0.11120039978206223
1187,326,1513,0.11122814096428424
1161,326,1487,0.11123211586124554
1164,328,1492,0.11129556032768245
1163,335,1498,0.1113478166578826
1164,337,1501,0.11139916224496524
1159,330,1489,0.11144452388206673
1163,330,1493,0.11149784862874043
1158,326,1484,0.11153950758371017
1159,323,1482,0.11159138541513176
1163,331,1494,0.1116372668424938
1146,330,1476,0.11167011187257966
1141,329,1470,0.11173923589819391
1159,334,1493,0.11181161348511795
1161,330,1491,0.11183826962904402
1165,335,1500,0.11185824450042688
1168,335,1503,0.11186586018018724
1156,336,1492,0.11186568467446678
1156,334,1490,0.1118930122278839
1148,336,1484,0.1119189446088833
1169,337,1506,0.1119577649664922
1156,345,1501,0.11194823749061573
1151,347,1498,0.11196749586434607
1158,343,1501,0.11199878627801856
1155,347,1502,0.11201493577635144
1163,345,1508,0.1120353803689757
1156,345,1501,0.11203768860075336
1148,343,1491,0.11205596919819452
1144,348,1492,0.11208977783177093
1147,347,1494,0.11212828976257747
1141,361,1502,0.11215959840640441
1148,359,1507,0.11220441493675919
1149,364,1513,0.1122318246530962
1150,360,1510,0.11225583449813277
1144,353,1497,0.11227539288613123
1144,343,1487,0.11230759957340476
1135,347,1482,0.1123397749399042
1126,349,1475,0.11238982019906203
1121,355,1476,0.11245590782830849
1124,358,1482,0.11252868123041136
1136,355,1491,0.11258870159771373
1141,354,1495,0.11261969281763279
1145,363,1508,0.11263730945103351
1135,366,1501,0.11264259868695682
1137,371,1508,0.11267007760519421
1138,367,1505,0.11268781388922959
1133,370,1503,0.11270541043609768
1120,367,1487,0.11273502639306593
1127,370,1497,0.11279241606311934
1120,373,1493,0.11283148136304774
1128,373,1501,0.11288421850969023
1123,373,1496,0.11291490742967879
1126,383,1509,0.1129552990735438
1121,388,1509,0.11298471210277881
1115,397,1512,0.1130271915437876
1113,393,1506,0.11307947499715539
1121,391,1512,0.11313502927872872
1117,394,1511,0.11316923317262546
1111,396,1507,0.11321230135869817
1114,395,1509,0.11326764989799905
1110,395,1505,0.11330981174451175
1103,394,1497,0.11335628299497923
1097,402,1499,0.11341588559957827
1085,408,1493,0.11348389031826145
1090,408,1498,0.11357661524844218
1087,411,1498,0.11365013759166703
1087,411,1498,0.11372730174737558
1090,413,1503,0.11379878580650431
1088,412,1500,0.11386170620679081
1080,413,1493,0.1139268661913464
1082,413,1495,0.11400714503341802
1079,407,1486,0.11407581154264353
1071,413,1484,0.11414513341436157
1080,410,1490,0.11422851252116872
1068,415,1483,0.1142845866708911
1081,422,1503,0.11436589348390473
1085,420,1505,0.11441248515820003
1078,421,1499,0.11444212615736368
1075,428,1503,0.11448611625951369
1076,420,1496,0.1145365082817256
1070,419,1489,0.11458089108211614
1075,425,1500,0.11463534211382505
1082,422,1504,0.11467361884243171
1077,427,1504,0.11469552141303216
1077,425,1502,0.11472833131547258
1081,425,1506,0.11475994444170542
1079,430,1509,0.11478135724600413
1079,430,1509,0.11480551858307918
1077,433,1510,0.11482930009426986
1081,426,1507,0.11485429748966766
1085,426,1511,0.11486401121742126
1079,428,1507,0.1148665094995429
1076,427,1503,0.114883809088261
1076,436,1512,0.11491027190193577
1081,433,1514,0.11493477413528268
1070,426,1496,0.1149454312946779
1078,422,1500,0.11497993105350517
1078,422,1500,0.11499558693622919
1069,420,1489,0.11500840262398615
1074,420,1494,0.11503875426339577
1080,417,1497,0.11505737317273267
1079,421,1500,0.11505891462794779
1081,418,1499,0.11506294621551444
1081,417,1498,0.11506373895398828
1071,419,1490,0.11506239200383085
1083,423,1506,0.11508576165357211
1084,425,1509,0.11507982483661643
1092,421,1513,0.11507247929408092
1100,423,1523,0.11504809188151408
1089,425,1514,0.1150041615509325
1084,432,1516,0.11498802751289945
1078,424,1502,0.11498448747070668
1079,424,1503,0.11499630000442705
1082,427,1509,0.11500628505414762
1075,426,1501,0.11500893875588768
1077,423,1500,0.11502423938783941
1082,420,1502,0.11503580776213053
1082,428,1510,0.11503519454022632
1088,423,1511,0.11503384519000757
1090,422,1512,0.11501257776219952
1083,424,1507,0.11498974219655825
1084,425,1509,0.11498617421031299
1078,425,1503,0.11498196047281752
1080,433,1513,0.11499123967168207
1074,428,1502,0.11499396356225872
1081,429,1510,0.11501296848825629
1084,430,1514,0.11501485263320284
1075,426,1501,0.11500983909363408
1080,426,1506,0.1150243045389245
1085,430,1515,0.11502843069722822
1076,425,1501,0.11502004737011465
1071,430,1501,0.11503638776738981
1072,427,1499,0.11506286359760662
1058,431,1489,0.11508414400460527
1062,437,1499,0.11513616010754411
1057,439,1496,0.1151792599505152
1056,448,1504,0.11522825517059485
1047,447,1494,0.11527549948108512
1049,442,1491,0.11533950566545101
1059,445,1504,0.11539357458354754
1058,443,1501,0.1154213881673962
1048,445,1493,0.11544996922327469
1056,447,1503,0.11549799664112989
1053,451,1504,0.11552536252293971
1049,445,1494,0.11556009492397709
1051,454,1505,0.11559918846543084
1062,452,1514,0.1156308223694743
1050,453,1503,0.11563436069595646
1048,454,1502,0.11566687552463069
1037,460,1497,0.11570213880033045
1054,447,1501,0.11575883164771682
1053,456,1509,0.1157753578593121
1042,456,1498,0.11579237260464413
1030,454,1484,0.11583522639796161
1036,452,1488,0.11590515348513467
1052,451,1503,0.11595700800504184
1053,445,1498,0.11596560275525643
1052,450,1502,0.11597241039575801
1056,447,1503,0.11598021330898653
1061,439,1500,0.11597607558196171
1058,443,1501,0.11595799985335352
1051,440,1491,0.11595104295399232
1060,439,1499,0.11595867846055938
1075,444,1519,0.11594269388182299
1054,447,1501,0.1158928594334333
1066,451,1517,0.11589525654255996
1071,448,1519,0.11586711605355575
1068,446,1514,0.11582983795155836
1056,444,1500,0.11580439400188126
1051,444,1495,0.11580648489748611
1052,453,1505,0.11582208876795672
1049,452,1501,0.11583415497769596
1043,446,1489,0.11585110939600214
1037,459,1496,0.11588131536643137
1039,457,1496,0.11592350059894291
1038,460,1498,0.11595948929284126
1042,457,1499,0.11599758041143657
1026,454,1480,0.1160228913343688
1026,457,1483,0.11608464787683147
1028,458,1486,0.11614279584142828
1014,462,1476,0.11619186198125206
1027,465,1492,0.11626961796981611
1036,472,1508,0.11631163977012314
1036,477,1513,0.11633168695314397
1029,470,1499,0.11635241982266452
1040,475,1515,0.11638827408553493
1042,476,1518,0.11639570099585693
1042,476,1518,0.11639804024365528
1041,475,1516,0.11640049055356584
1037,473,1510,0.1164046171461176
1033,474,1507,0.11641915318180523
1036,473,1509,0.1164408888720915
1031,474,1505,0.11645666483960074
1043,473,1516,0.11648155283004279
1036,469,1505,0.11647920191248717
1035,472,1507,0.11649333846062201
1034,480,1514,0.11651053259798021
1032,485,1517,0.11652942770777383
1017,485,1502,0.11655206172368505
1020,493,1513,0.11660856380874553
1019,503,1522,0.11665274022051371
1014,496,1510,0.1166953691683
1017,492,1509,0.11674446447535453
1015,495,1510,0.11678493994802248
1020,490,1510,0.11682948130777646
1014,502,1516,0.11686052665318346
1015,505,1520,0.11690330677669827
1018,496,1514,0.11694282921638244
1005,501,1506,0.11696862373371497
1003,497,1500,0.11702377584250682
999,497,1496,0.11707874562174046
1008,501,1509,0.11713967459646625
1003,507,1510,0.11717757184499832
1013,500,1513,0.11722253884427525
1007,496,1503,0.11723944631727282
1011,495,1506,0.11726985754788607
1014,497,1511,0.11728680343457722
1008,502,1510,0.11729415360089795
1010,495,1505,0.11731604305250258
1019,483,1502,0.1173310862342678
1015,485,1500,0.11732236529431578
999,487,1486,0.11732153949010929
999,486,1485,0.11735881703421448
998,487,1485,0.11739353409890606
993,483,1476,0.11742858906721418
981,491,1472,0.11747093062222405
996,490,1486,0.11753928247593771
997,496,1493,0.11756698902747763
1000,490,1490,0.11758900915285604
997,491,1488,0.11760010273062636
991,499,1490,0.11761773779800447
996,504,1500,0.11764563230701601
1003,496,1499,0.11766287867190542
999,504,1503,0.1176635198991252
987,501,1488,0.11767212641073417
988,499,1487,0.1177096210185109
996,496,1492,0.11774249123297502
992,500,1492,0.11775538537925924
991,496,1487,0.11777729842666189
981,498,1479,0.11780155835963989
992,500,1492,0.1178467355589828
980,496,1476,0.11786137769270684
989,497,1486,0.11790385362201747
990,507,1497,0.1179233961795995
996,506,1502,0.11793766545511591
992,509,1501,0.11793439661641958
991,508,1499,0.11794219213275653
981,512,1493,0.11795292041832318
995,515,1510,0.1179854896417336
996,514,1510,0.11798796353077337
1008,516,1524,0.11798906450968757
1009,519,1528,0.11796328330889327
1002,511,1513,0.11793509038852079
999,504,1503,0.11792543088277953
994,500,1494,0.11791928650760954
988,511,1499,0.11792823496589935
980,514,1494,0.11795300691676129
983,516,1499,0.11799484291650625
975,520,1495,0.11802545377617875
979,528,1507,0.11807294412680433
972,528,1500,0.11811080524312802
974,523,1497,0.11816344378095067
966,528,1494,0.11820917909699004
957,533,1490,0.11827033233055761
956,537,1493,0.11834729617844847
949,537,1486,0.11841990560373748
952,535,1487,0.11850401748768061
956,544,1500,0.1185757573864266
955,545,1500,0.1186333881835147
962,543,1505,0.11868704401540335
966,543,1509,0.11872272876307777
962,537,1499,0.11874727202457322
957,549,1506,0.11877930859450948
945,546,1491,0.1188219696302752
951,549,1500,0.11889019313261319
967,545,1512,0.11894198368083454
968,548,1516,0.11895294242427308
950,540,1490,0.11895778756636927
938,548,1486,0.11900451488859065
942,550,1492,0.11907209895045025
942,551,1493,0.11912754851461757
945,561,1506,0.11918074027099314
939,557,1496,0.1192225675896405
940,563,1503,0.11927833041679686
949,564,1513,0.11932880014023156
955,561,1516,0.11935439150977142
952,565,1517,0.1193659253763927
952,555,1507,0.11937900641276063
948,550,1498,0.11939266010261161
951,564,1515,0.11941393574718326
947,555,1502,0.11942917851934542
947,559,1506,0.1194557090722061
932,562,1494,0.11948212417367564
931,564,1495,0.11954035582403488
926,574,1500,0.11959795053081654
923,580,1503,0.11966078602113112
919,581,1500,0.119731800486018
920,575,1495,0.11980614455835513
925,575,1500,0.11987270096529161
921,573,1494,0.11991792099984956
936,572,1508,0.11996657412208281
929,578,1507,0.11997546092507246
947,584,1531,0.1200018526784829
938,585,1523,0.1199849121258427
939,580,1519,0.11999037911630024
931,577,1508,0.11999466298242069
927,585,1512,0.12001755634108244
926,585,1511,0.12004892439628335
915,593,1508,0.1200812751660212
907,605,1512,0.1201376075916215
904,606,1510,0.12021084169446067
904,606,1510,0.12028554445421794
903,609,1512,0.12035333174819471
892,601,1493,0.12041982310541793
900,604,1504,0.12050714200430708
906,603,1509,0.12057070951293088
902,608,1510,0.12061862379782275
897,616,1513,0.12067242837745919
897,625,1522,0.12073053409869214
881,623,1504,0.12078777113711624
895,613,1508,0.12087743597639473
902,617,1519,0.12092823290041992
899,609,1508,0.12096091375031866
894,602,1496,0.12099749175370433
890,604,1494,0.12104047795553939
884,606,1490,0.12109147812189486
886,606,1492,0.12115494299108942
884,606,1490,0.12121070371011239
879,611,1490,0.1212637457479363
873,612,1485,0.12132470505960193
878,612,1490,0.12139282922754994
878,614,1492,0.12144827235291206
879,616,1495,0.1214981509099955
870,613,1483,0.12154186148625977
880,617,1497,0.12160220582533227
885,616,1501,0.12163305600751885
883,629,1512,0.12165364624536298
864,632,1496,0.121676559437675
877,636,1513,0.12174290496846617
880,630,1510,0.12177828028046551
884,625,1509,0.12180462917504269
880,631,1511,0.12181786496117997
883,630,1513,0.12184107305423553
883,629,1512,0.12185905402432454
875,628,1503,0.1218739144793323
870,634,1504,0.12190598814614816
872,630,1502,0.12194747272780634
856,632,1488,0.12198122651814736
853,625,1478,0.12204936683152262
864,620,1484,0.12212132561710287
867,621,1488,0.12216196696563773
871,627,1498,0.12219218373332692
888,625,1513,0.1222117115873327
888,629,1517,0.12218700643284011
884,625,1509,0.12216142816289038
885,628,1513,0.12214764347271556
886,632,1518,0.12213549230397805
875,644,1519,0.12212502074335788
876,640,1516,0.12214047308439298
887,646,1533,0.12215489653337436
876,630,1506,0.12214245810651292
866,633,1499,0.12215640730773313
868,637,1505,0.12219245917544126
868,636,1504,0.1222238273971972
869,629,1498,0.12225371806146434
875,632,1507,0.12228045993342274
877,636,1513,0.12228834083431014
861,648,1509,0.12228968545713585
858,641,1499,0.1223284402917385
864,640,1504,0.12237263765362019
873,640,1513,0.12239994340774424
859,642,1501,0.12240599670085174
865,643,1508,0.12244187586489337
870,645,1515,0.12246100149668497
861,638,1499,0.1224686820372792
868,634,1502,0.12249833965990309
868,638,1506,0.12250677173846668
871,642,1513,0.12251510951062486
869,638,1507,0.12251795758179462
864,630,1494,0.12252458132183815
862,640,1502,0.12254026663690354
849,637,1486,0.12255972064289035
857,637,1494,0.12261126883778507
864,630,1494,0.12263994760397973
859,635,1494,0.12264967761906805
864,642,1506,0.12267150946645806
870,639,1509,0.12267893841853156
874,644,1518,0.12267256322094693
861,633,1494,0.12265839842013614
858,639,1497,0.12267388022700246
852,644,1496,0.12269420072826678
839,650,1489,0.1227230797401448
841,639,1480,0.12278275364039896
836,650,1486,0.12283519397065554
836,658,1494,0.12289478099360164
829,654,1483,0.12295204997113736
828,660,1488,0.12301796644093248
843,653,1496,0.12308220641979303
840,650,1490,0.12310440410645654
835,651,1486,0.12313238159134392
838,650,1488,0.12317020274729121
846,654,1500,0.12319623480748143
840,658,1498,0.12320623367140815
842,654,1496,0.12322768803044976
853,659,1512,0.12324364441918145
851,660,1511,0.12323533729680776
843,661,1504,0.12323398612159515
837,666,1503,0.12325002778267255
843,662,1505,0.12328048578109364
846,652,1498,0.12329603788438082
849,652,1501,0.12330210869830051
858,656,1514,0.123299524953871
852,659,1511,0.12327612715719155
849,658,1507,0.12327162534966929
841,668,1509,0.12327084078651138
829,675,1504,0.12328960184299043
826,671,1497,0.123336247162038
823,679,1502,0.12338563812273616
821,674,1495,0.12344045287177646
831,668,1499,0.12349947230872285
830,666,1496,0.12353079279420368
820,665,1485,0.1235588888053195
819,667,1486,0.12360706517854105
822,671,1493,0.12365295939708211
811,669,1480,0.12369141832001819
811,670,1481,0.12375207656580606
811,679,1490,0.1238091058425337
812,680,1492,0.1238627538444837
803,675,1478,0.12390981739042249
806,677,1483,0.12397577269738701
804,683,1487,0.12402922850003789
810,682,1492,0.12408404709419657
814,688,1502,0.12411913085558442
816,682,1498,0.12414112885315863
825,678,1503,0.12415758055961179
815,690,1505,0.12415110697231108
816,693,1509,0.12416893652729843
830,686,1516,0.12418434838409106
840,682,1522,0.12416783063103573
835,690,1525,0.1241283589343911
829,682,1511,0.12410454740378199
834,687,1521,0.12409911709789032
821,688,1509,0.12408111616454874
816,688,1504,0.12409620837784577
817,696,1513,0.12412328403183498
820,698,1518,0.12414793263804015
806,693,1499,0.12416199138145963
809,692,1501,0.12420793699506426
812,693,1505,0.12424479261028896
822,691,1513,0.12427388451803527
829,696,1525,0.12427755164886488
826,689,1515,0.12426394206612393
814,698,1512,0.12425998922979904
808,700,1508,0.12428352073150278
801,703,1504,0.1243225541619078
804,697,1501,0.12437466923245362
801,698,1499,0.12441848283181096
797,700,1497,0.12446503682218818
798,699,1497,0.12451726861546242
796,699,1495,0.1245643984113162
792,698,1490,0.12461349634090066
788,703,1491,0.12466833878000927
792,711,1503,0.12472693613665438
801,713,1514,0.1247719057933511
804,713,1517,0.12479292010237433
797,716,1513,0.12480383328133772
812,717,1529,0.12483042191192525
812,712,1524,0.12481794858427055
809,709,1518,0.12480856796564918
797,703,1500,0.12480948261991628
790,701,1491,0.1248372201601677
788,709,1497,0.12487857070516446
792,706,1498,0.12492136856536913
797,704,1501,0.12495131671398962
790,699,1489,0.12497062568382851
795,713,1508,0.12500369559152458
797,714,1511,0.12502202947007343
790,719,1509,0.12503541214821834
788,717,1505,0.12506532975703666
781,720,1501,0.1250968773418702
774,717,1491,0.125141089115587
780,718,1498,0.125198830148124
785,719,1504,0.1252384760177603
787,717,1504,0.12526551292782365
787,717,1504,0.1252858065357852
786,716,1502,0.1253076063552858
788,723,1511,0.12532587238483667
788,719,1507,0.12534112850631093
795,719,1514,0.12535440393753514
796,730,1526,0.1253513767653984
780,731,1511,0.12534455421183197
775,738,1513,0.12537372499441532
774,737,1511,0.1254118603580296
769,739,1508,0.1254520148940178
760,743,1503,0.12550316236947506
749,753,1502,0.12557358714987377
755,746,1501,0.1256649347999849
754,747,1501,0.1257350023054004
763,740,1503,0.12580530296432946
757,745,1502,0.12584967873573322
757,740,1497,0.12590263337005744
755,738,1493,0.12595030195462248
759,738,1497,0.12600042326388564
766,738,1504,0.12603728866646147
760,748,1508,0.12605367679339038
760,744,1504,0.12607966682873628
745,736,1481,0.12609995833473597
758,736,1494,0.12615586088352068
756,731,1487,0.12618031019952652
749,741,1490,0.12620816226060377
751,746,1497,0.12625105891486707
768,747,1515,0.12628568749439165
762,742,1504,0.12627520768348602
767,752,1519,0.12627961107975288
764,748,1512,0.1262710014046137
767,743,1510,0.1262712724614138
758,735,1493,0.12626617901492795
761,744,1505,0.12628152575807775
759,737,1496,0.12629027108502275
762,732,1494,0.12630318368761573
766,741,1507,0.1263066409086059
772,753,1525,0.12629828584121752
757,751,1508,0.12627796445143924
763,753,1516,0.1262949459029698
750,743,1493,0.12629727596185325
745,738,1483,0.1263295399070266
760,746,1506,0.12636739640645206
767,747,1514,0.12636958368927817
766,746,1512,0.1263568917191556
763,736,1499,0.12634885807741214
776,746,1522,0.12634939063916067
770,743,1513,0.126321532494897
766,745,1511,0.12630925712122087
759,750,1509,0.12630850688867415
760,738,1498,0.12632372867559852
751,744,1495,0.12633516379748966
754,746,1500,0.1263684395448629
749,744,1493,0.126393512224038
747,744,1491,0.12642670033344525
747,753,1500,0.12646378084456028
750,744,1494,0.12649739552243214
754,751,1505,0.12652302480751718
756,740,1496,0.12653673767010068
759,741,1500,0.12654428604166337
755,752,1507,0.12654053513664335
753,747,1500,0.12654455368971054
751,751,1502,0.1265524040111682
745,762,1507,0.12656480522459657
736,764,1500,0.12659271582705758
731,770,1501,0.1266397772996926
742,756,1498,0.12669599578877963
744,753,1497,0.12672399474857304
736,757,1493,0.12674886341189634
734,752,1486,0.12679027747660776
740,757,1497,0.12683076200103882
730,771,1501,0.126851201882092
729,778,1507,0.12689178449162017
723,780,1503,0.12693344413673924
724,780,1504,0.12698749166424939
720,772,1492,0.12703724036948638
719,771,1490,0.12709245344157719
718,767,1485,0.12714489969132936
720,777,1497,0.12719406496647612
715,781,1496,0.1272360902957987
712,793,1505,0.12728763929273537
716,791,1507,0.1273456248515797
702,794,1496,0.12738778391629355
708,786,1494,0.1274606643040011
701,789,1490,0.12751785510304428
704,797,1501,0.12758948825059743
699,806,1505,0.12765214163739153
699,807,1506,0.12772094028729722
693,803,1496,0.12778486423548532
688,810,1498,0.1278584566226646
682,803,1485,0.12793961290752748
690,810,1500,0.1280284374819657
691,801,1492,0.12809053779772467
696,800,1496,0.1281467008290783
691,799,1490,0.12818624110392945
692,804,1496,0.12823044170748257
702,785,1487,0.12827030631586622
707,783,1490,0.12828117221957805
705,796,1501,0.128279524250505
694,800,1494,0.12828036418722627
683,800,1483,0.12830919396941098
689,803,1492,0.12836135051820496
693,804,1497,0.12839455121443832
691,800,1491,0.12841879661000674
690,810,1500,0.12844369859414287
691,813,1504,0.12847145643244967
692,813,1505,0.12849450484211805
696,817,1513,0.12851295808104102
694,810,1504,0.12851900361951688
703,813,1516,0.12853154258991875
704,825,1529,0.12852258475312905
697,816,1513,0.12851482204891096
686,818,1504,0.128525892013445
686,819,1505,0.12856396379617763
678,822,1500,0.12859760081455748
683,820,1503,0.1286462664235367
682,820,1502,0.12868377758107968
680,830,1510,0.12871931499393421
675,823,1498,0.12875574583264762
683,820,1503,0.12880133889579023
682,826,1508,0.12882174909232152
679,823,1502,0.12884417779607996
672,826,1498,0.12887287977583242
675,827,1502,0.12891674096241076
674,835,1509,0.12895191611239784
665,837,1502,0.12898918987900618
664,840,1504,0.1290465729165085
666,839,1505,0.12910158763194918
662,838,1500,0.12915046453873777
658,851,1509,0.1292043388843519
651,861,1512,0.1292650206147024
646,848,1494,0.1293355415122882
651,845,1496,0.12941416354149496
652,828,1480,0.12947831559636908
654,825,1479,0.12953526445313976
649,836,1485,0.1295835692647332
647,838,1485,0.12963903943589422
652,841,1493,0.1296907476361814
653,836,1489,0.1297295912082013
653,846,1499,0.12976322821623842
641,849,1490,0.1297953217080838
644,864,1508,0.12985372665997846
654,868,1522,0.12990006359581988
659,868,1527,0.12992039867050678
649,868,1517,0.12992895390461479
647,864,1511,0.12995553560757878
644,863,1507,0.12998700956430823
635,863,1498,0.1300241738736252
637,859,1496,0.13008121610193282
633,856,1489,0.1301295820788793
637,862,1499,0.13018659723247958
642,861,1503,0.13023073690181128
645,866,1511,0.13026006961189512
636,871,1507,0.1302809242795603
639,873,1512,0.13031837873622903
647,873,1520,0.13034669491256815
643,873,1516,0.13035279556919974
635,873,1508,0.13036745898335533
639,877,1516,0.13040271898863803
629,882,1511,0.1304244032969092
624,878,1502,0.13046914632980183
625,877,1502,0.13052642875987983
626,880,1506,0.13057606021463436
623,870,1493,0.13061716952766356
628,867,1495,0.1306619875976786
621,884,1505,0.13069158611114784
624,882,1506,0.13073534302673992
622,884,1506,0.1307690567756337
623,898,1521,0.13080799062273574
618,898,1516,0.13084328015438107
617,899,1516,0.13088588268867793
619,890,1509,0.1309298153861523
619,899,1518,0.13096674488564333
617,896,1513,0.1310028828309464
611,902,1513,0.1310431147539353
606,892,1498,0.13109494835288107
598,906,1504,0.13115572216927796
598,906,1504,0.13123007609775073
591,919,1510,0.13130295562444474
589,909,1498,0.13138612214685494
594,919,1513,0.13146801022017993
597,912,1509,0.13153358617564134
594,912,1506,0.13159007568329995
590,913,1503,0.13164835946585832
598,915,1513,0.1317116073066643
597,910,1507,0.13174854780888956
597,909,1506,0.13178462522402268
590,908,1498,0.13182033679212485
594,909,1503,0.13186849426918434
598,910,1508,0.13190575774969357
598,909,1507,0.13193188705107334
595,908,1503,0.13195848937355872
597,913,1510,0.13198794737490696
592,915,1507,0.132010690240595
585,926,1511,0.13204263559094137
589,928,1517,0.1320877874686895
583,922,1505,0.13212198280845444
585,920,1505,0.13216796221354205
583,923,1506,0.13220858592341192
576,920,1496,0.1322522197291395
587,926,1513,0.1323102522928237
583,933,1516,0.13234009230142224
573,926,1499,0.13237488096239136
574,925,1499,0.13243162287108007
586,935,1521,0.13247987589783322
582,932,1514,0.13249824608494482
586,930,1516,0.132525939068803
586,933,1519,0.1325448738208116
579,933,1512,0.13255990988274535
574,946,1520,0.13258830007020483
574,940,1514,0.1326243968257085
576,938,1514,0.1326543242531894
568,950,1518,0.1326779512997516
569,942,1511,0.13272049244694192
571,944,1515,0.13276076647941792
572,943,1515,0.1327960786459635
571,941,1512,0.13282733895102267
566,941,1507,0.1328586864514975
567,943,1510,0.13290182120225189
564,946,1510,0.13293450599199827
563,950,1513,0.13297211376585755
562,938,1500,0.13301133357355505
561,944,1505,0.13305032479108436
556,941,1497,0.1330885771255499
560,941,1501,0.13313575158849777
567,934,1501,0.13317062650781764
569,931,1500,0.1331870328868052
565,932,1497,0.13319725837623714
564,932,1496,0.1332150787826219
574,938,1512,0.1332325145660488
572,937,1509,0.13322197421079984
571,928,1499,0.13321762605000162
562,930,1492,0.13321589251779353
570,925,1495,0.13323471834253342
573,930,1503,0.1332331396643248
566,932,1498,0.1332230008388671
567,931,1498,0.13323003232831224
574,941,1515,0.13323400722973175
573,943,1516,0.13321909393838308
566,952,1518,0.133209577605879
574,957,1531,0.1332177642152293
571,947,1518,0.13320860159078696
567,953,1520,0.1332091925096168
572,956,1528,0.1332200861802785
566,946,1512,0.1332200264803295
570,947,1517,0.13323309118387636
570,954,1524,0.1332363949527654
575,961,1536,0.1332398171995415
575,960,1535,0.13322992960212862
571,951,1522,0.1332214680233487
574,943,1517,0.13322138738284686
571,946,1517,0.13321269598903437
569,949,1518,0.13321343280052528
567,947,1514,0.1332195735776091
566,942,1508,0.1332328880538038
561,959,1520,0.13324585656089344
557,953,1510,0.13327035346994584
556,954,1510,0.13330348267305808
562,957,1519,0.1333363880259784
559,960,1519,0.13335131583648166
557,962,1519,0.13336892538391812
551,960,1511,0.13339159305140794
552,967,1519,0.13342791695026807
543,966,1509,0.13345712097853363
543,956,1499,0.13350353390905456
537,963,1500,0.13354526915468198
542,968,1510,0.13359558035442823
541,956,1497,0.13363008305681665
540,954,1494,0.13366583057936215
525,957,1482,0.13370025916479059
523,968,1491,0.1337699300778138
532,964,1496,0.13384191046726887
539,963,1502,0.13389152689844774
539,963,1502,0.13392084298147305
539,962,1501,0.13394703584460127
542,955,1497,0.13397121701146036
535,966,1501,0.1339869505038977
533,978,1511,0.13401783376090465
534,983,1517,0.13405255548289777
523,980,1503,0.13408157693103526
521,974,1495,0.13413541195867926
531,990,1521,0.13419218687392354
540,974,1514,0.13422258439779605
536,967,1503,0.13422714612705294
534,966,1500,0.1342391344844256
539,959,1498,0.13425417265427406
533,966,1499,0.13425588500076927
537,962,1499,0.13426869265328445
538,974,1512,0.13427118376765745
528,967,1495,0.13427208494732168
531,963,1494,0.13429627606348418
526,957,1483,0.1343133378314371
534,964,1498,0.13434292553199464
526,975,1501,0.1343508447924241
529,978,1507,0.13437476766000578
523,984,1507,0.1343916782471789
520,986,1506,0.1344205523661092
518,989,1507,0.13445797022056688
519,985,1504,0.13449898778562047
518,990,1508,0.13453447015535283
519,980,1499,0.1345693827632738
519,987,1506,0.13460328123780507
520,1008,1528,0.13463451999268977
517,999,1516,0.13465957715327653
513,1000,1513,0.1346899723615929
518,998,1516,0.13472915316919803
516,1003,1519,0.1347529597698467
515,1009,1524,0.13478093128253316
516,1017,1533,0.1348102336778232
508,1017,1525,0.1348374947125557
504,1022,1526,0.13488335464770265
511,1021,1532,0.13493215614524837
514,1018,1532,0.13496205270613354
504,1007,1511,0.13498289970151867
519,1005,1524,0.13502592156672488
514,994,1508,0.13502926383657227
513,1002,1515,0.13504600206508735
505,1015,1520,0.13506374781245456
505,1015,1520,0.135099438134846
496,1007,1503,0.13513373106599752
500,1018,1518,0.1351852226451402
495,1016,1511,0.13522535940701189
505,1020,1525,0.1352719434776856
501,1012,1513,0.13529165051740544
500,1016,1516,0.13532018046318506
501,1016,1517,0.1353510602039517
497,1011,1508,0.13537755312663832
496,1012,1508,0.1354073605926499
493,1007,1500,0.13543794410531643
491,1009,1500,0.13547335474690425
495,1010,1505,0.13551097979179028
497,1014,1511,0.1355348071514676
498,1010,1508,0.13555335172724284
497,1015,1512,0.13556599626223156
500,1013,1513,0.13557964055902993
497,1014,1511,0.13558131408798524
498,1010,1508,0.13559209918365325
488,1012,1500,0.1356028867449867
492,1018,1510,0.13563860183222862
493,1024,1517,0.13566231204114693
492,1041,1533,0.13568368520972499
489,1045,1534,0.13570600730919594
486,1053,1539,0.13573459579559174
478,1047,1525,0.13577116691109828
471,1029,1500,0.1358268362258865
461,1038,1499,0.13589408002668588
465,1045,1510,0.13598208879098184
462,1047,1509,0.1360549373518582
465,1047,1512,0.13613131139492748
472,1045,1517,0.1361933328692865
463,1050,1513,0.13623494305936382
458,1044,1502,0.13629484863737307
469,1045,1514,0.13636086387842453
468,1047,1515,0.13639609504716516
467,1057,1524,0.13642999117903362
460,1051,1511,0.13646488568702558
459,1062,1521,0.1365122279565639
459,1069,1528,0.13655772396934704
455,1058,1513,0.13660298952903285
450,1055,1505,0.13665284915838974
457,1061,1518,0.1367108242013611
453,1075,1528,0.13674938485401067
453,1078,1531,0.13679752825654568
459,1062,1521,0.13684297243888108
450,1067,1517,0.13686757951033315
448,1052,1500,0.13691205905102388
448,1032,1480,0.1369572048501998
445,1037,1482,0.1369986730945807
445,1047,1492,0.13704671248222933
442,1059,1501,0.13709047817724554
449,1064,1513,0.1371384083970217
446,1054,1500,0.1371651946859455
449,1064,1513,0.13719672796418256
452,1054,1506,0.13721787566687688
451,1058,1509,0.13723147048956644
453,1056,1509,0.13724738388138136
453,1060,1513,0.13725782595937555
450,1054,1504,0.13726708242126548
445,1053,1498,0.1372817685736503
448,1055,1503,0.1373079877157611
453,1054,1507,0.13732880951669768
450,1063,1513,0.13733275555505023
453,1071,1524,0.1373452837801382
445,1062,1507,0.13734943049028264
456,1047,1503,0.1373723189912701
454,1059,1513,0.13736901233736284
443,1075,1518,0.13737024164511027
436,1081,1517,0.13739750039588708
442,1073,1515,0.1374392994954832
438,1073,1511,0.13746381486443263
442,1073,1515,0.13749867163652016
437,1078,1515,0.13752366938040872
441,1076,1517,0.13755701324002806
434,1069,1503,0.1375797346776333
431,1079,1510,0.1376170278212552
433,1073,1506,0.13765840746216107
435,1064,1499,0.13769379505557175
433,1073,1506,0.13772172567847074
423,1080,1503,0.13774863565076115
425,1084,1509,0.1377969968986561
423,1090,1513,0.137838273740765
425,1091,1516,0.13788012983349673
424,1078,1502,0.13791731484630662
424,1078,1502,0.1379558153635621
425,1084,1509,0.13799159211199022
420,1077,1497,0.13802008869745838
424,1085,1509,0.13805983041746844
430,1085,1515,0.13808776877695622
423,1088,1511,0.13810099283413194
420,1093,1513,0.13812886334441254
418,1085,1503,0.13816431286066858
421,1079,1500,0.1382012132329387
415,1079,1494,0.13822883512247494
421,1080,1501,0.13827026432412395
421,1091,1512,0.13829546994468397
425,1081,1506,0.1383185842991009
424,1062,1486,0.13832851292127832
424,1079,1503,0.1383396871239577
425,1083,1508,0.13834835249342178
427,1085,1512,0.13835744771897548
423,1089,1512,0.1383636834229079
421,1101,1522,0.1383780603185176
422,1101,1523,0.13839772418220214
422,1099,1521,0.13841377787400397
420,1110,1530,0.1384299094472243
419,1109,1528,0.13844998519868862
407,1113,1520,0.13847320471837588
405,1116,1521,0.13852230276469377
404,1103,1507,0.13856952878683684
404,1098,1502,0.13861704597065655
405,1113,1518,0.138661627224221
400,1107,1507,0.13869921874253677
401,1114,1515,0.1387466164149234
403,1121,1524,0.1387901414811482
401,1110,1511,0.13882741503486276
393,1120,1513,0.13886743986114602
393,1121,1514,0.13892391879700436
391,1124,1515,0.13897681643288423
393,1126,1519,0.13903071751110282
392,1116,1508,0.13907509124495385
380,1128,1508,0.1391164388792307
386,1132,1518,0.1391846698680358
384,1133,1517,0.13923580776000677
383,1133,1516,0.13928679712341172
383,1138,1521,0.13933643915248375
383,1135,1518,0.13938528454900193
382,1140,1522,0.1394293966209478
374,1141,1515,0.13947512220852315
370,1148,1518,0.13953525770211278
371,1143,1514,0.13959991390710175
366,1139,1505,0.13965908072687083
363,1135,1498,0.13972549201047396
368,1145,1513,0.13979402592051593
366,1149,1515,0.13984511408798472
358,1138,1496,0.1398968587825218
354,1128,1482,0.13996556166721144
356,1133,1489,0.14004111709577638
356,1137,1493,0.14010789185978653
359,1142,1501,0.14017087853046487
359,1152,1511,0.14022002771959058
353,1143,1496,0.14026604664099537
351,1150,1501,0.14032064021661672
359,1148,1507,0.14037641877996823
361,1142,1503,0.14041123298326774
360,1145,1505,0.1404380275162359
361,1154,1515,0.14046614747840513
365,1145,1510,0.14048819635136486
366,1150,1516,0.14049526261725034
370,1162,1532,0.14049661481819226
363,1163,1526,0.14048965176208092
369,1153,1522,0.14050039930567
369,1150,1519,0.14049497216612628
366,1153,1519,0.14049165253264032
369,1140,1509,0.1404961572368286
369,1148,1517,0.14049535063588764
364,1151,1515,0.1404952614308954
365,1143,1508,0.14050552590529292
368,1146,1514,0.14051339802794238
367,1151,1518,0.14051558422286167
364,1152,1516,0.14052222969270345
363,1145,1508,0.1405340989687552
364,1145,1509,0.140548082992496
362,1140,1502,0.14055783119854073
361,1140,1501,0.1405722332699992
362,1140,1502,0.1405871792447219
356,1142,1498,0.14060134145118308
355,1144,1499,0.14062990536355183
357,1152,1509,0.1406599246146858
361,1161,1522,0.14068154291345775
354,1152,1506,0.14069075326748556
347,1148,1495,0.14071745894430043
350,1147,1497,0.14075746388707785
361,1147,1508,0.14078707907707708
362,1156,1518,0.14078755571919627
360,1151,1511,0.14078375154291933
357,1154,1511,0.14078495531353835
356,1164,1520,0.1407926415676074
352,1173,1525,0.14080088419694958
347,1164,1511,0.14081918129892235
348,1169,1517,0.14084853599486175
345,1176,1521,0.14087486488132164
342,1165,1507,0.14090854765033559
339,1178,1517,0.14094725294438679
341,1168,1509,0.14099113264476995
337,1176,1513,0.14102884959082287
337,1165,1502,0.14107317531097605
341,1158,1499,0.14111444485021507
341,1158,1499,0.1411401666067496
344,1159,1503,0.14116508802050723
337,1171,1508,0.14118280099308675
332,1174,1506,0.14121516624261504
328,1181,1509,0.14125834880670735
327,1174,1501,0.1413077976963482
327,1177,1504,0.14135826624005207
328,1176,1504,0.14140492216930445
328,1191,1519,0.14144748904176407
322,1190,1512,0.14148494019682586
324,1202,1526,0.14153490315337017
326,1207,1533,0.14157773255444234
320,1204,1524,0.14161480196434972
325,1208,1533,0.14166454186705527
322,1200,1522,0.1417017156228637
323,1203,1526,0.1417432053162643
319,1197,1516,0.14178131206445577
314,1189,1503,0.14182797107367448
305,1206,1511,0.14188319491514434
305,1209,1514,0.14195589089456828
304,1201,1505,0.1420244333061
298,1204,1502,0.14208983773056694
299,1197,1496,0.14216502960789218
301,1204,1505,0.14222965143879931
305,1194,1499,0.1422848898884124
307,1213,1520,0.14232493718284367
304,1210,1514,0.14235894829806056
305,1204,1509,0.14239841464394726
303,1205,1508,0.14243248173077466
304,1226,1530,0.14246779355121947
298,1218,1516,0.1424980665018259
294,1208,1502,0.14254163738166617
291,1201,1492,0.14258847289786383
289,1210,1499,0.142639033183379
289,1219,1508,0.1426931390489552
286,1225,1511,0.14274394674293833
286,1221,1507,0.1427998242928302
285,1214,1499,0.14285063048275803
280,1220,1500,0.14289969676103906
286,1215,1501,0.1429565162448793
281,1223,1504,0.142996111888233
281,1220,1501,0.14304492765061436
278,1225,1503,0.14309220098554268
276,1226,1502,0.1431444922642534
274,1246,1520,0.1431998352827174
271,1255,1526,0.1432573721319071
272,1263,1535,0.1433196991051661
275,1254,1529,0.1433760422933474
272,1248,1520,0.14342311749560305
274,1247,1521,0.14347195929945872
278,1240,1518,0.14351172055715117
271,1249,1520,0.14353717604844227
274,1255,1529,0.143579004657889
275,1268,1543,0.14361116434774868
268,1256,1524,0.14363783056348695
261,1253,1514,0.14367871129771317
267,1252,1519,0.14373260989073736
266,1253,1519,0.14377119817799905
258,1248,1506,0.14381022623416745
262,1243,1505,0.14386625586183188
262,1250,1512,0.14390885872871786
261,1262,1523,0.14394841298457467
262,1260,1522,0.14398806346004536
262,1260,1522,0.144023635424559
254,1269,1523,0.14405829892944877
253,1267,1520,0.14410743025376552
253,1261,1514,0.14415379134409537
252,1251,1503,0.14419768235466698
254,1243,1497,0.1442395656997296
258,1249,1507,0.14427090738099133
261,1252,1513,0.14429065454081846
257,1241,1498,0.1442977160344819
262,1242,1504,0.14431461142277535
263,1224,1487,0.1443190300808339
267,1240,1507,0.1443222528581629
262,1227,1489,0.14431276776500782
262,1225,1487,0.1443180830716913
260,1239,1499,0.14432392090693327
259,1233,1492,0.14433382282538215
259,1239,1498,0.1443477210437545
251,1231,1482,0.1443600164628909
253,1248,1501,0.14439281784168884
243,1264,1507,0.14441768689593978
244,1260,1504,0.1444647838229993
243,1277,1520,0.14450772369228165
243,1283,1526,0.14454834877304057
242,1282,1524,0.14458647135314748
240,1271,1511,0.14462602510718522
246,1265,1511,0.1446659933442454
243,1278,1521,0.14468880279785484
245,1280,1525,0.14471860290103536
240,1285,1525,0.14474167175162048
236,1280,1516,0.14477215400741442
240,1283,1523,0.14481057865946137
238,1292,1530,0.14483800320631138
233,1290,1523,0.1448689007915943
235,1289,1524,0.1449108700543481
231,1298,1529,0.14494700778684785
229,1289,1518,0.14499168714504695
227,1297,1524,0.1450394904447197
222,1291,1513,0.14508506615968284
225,1278,1503,0.1451404417659748
218,1265,1483,0.14518365758223667
210,1275,1485,0.14524001229452269
213,1276,1489,0.14531204627152935
217,1276,1493,0.14536897217331293
218,1274,1492,0.14541336969796131
223,1282,1505,0.14545055899511658
221,1282,1503,0.1454706194912882
220,1285,1505,0.14549508270341321
222,1280,1502,0.14551853613406482
228,1280,1508,0.14553626165884656
235,1276,1511,0.14553782816345162
235,1284,1519,0.145521126812069
232,1280,1512,0.14550552464949115
233,1278,1511,0.14549943581577374
236,1274,1510,0.14549229193141797
233,1282,1515,0.14547776079647476
230,1279,1509,0.14547102579373364
227,1280,1507,0.14547313562013323
227,1282,1509,0.1454839934320997
220,1297,1517,0.14549659536174236
221,1294,1515,0.14552779307786326
215,1292,1507,0.14555663116139597
217,1281,1498,0.1455980892637328
221,1277,1498,0.14562981727441437
225,1282,1507,0.1456483572538626
226,1284,1510,0.14565791296563568
226,1284,1510,0.14566398065323263
226,1276,1502,0.14567115367832245
227,1282,1509,0.14567771372426944
223,1284,1507,0.14568232990129362
222,1280,1502,0.14569495032798813
223,1295,1518,0.14570833888947143
223,1295,1518,0.14571671460681498
225,1304,1529,0.14572479211193096
224,1304,1528,0.1457300313865186
222,1297,1519,0.14573533454449297
216,1294,1510,0.14574744964261332
217,1290,1507,0.14577210117474199
213,1297,1510,0.14579156783239966
215,1301,1516,0.14582013315297904
211,1308,1519,0.14584213780137567
209,1305,1514,0.14587230433902965
208,1319,1527,0.1459067283893366
204,1306,1510,0.1459424479178992
203,1316,1519,0.14598612438949216
200,1314,1514,0.1460290567119235
196,1310,1506,0.14607570048263074
194,1320,1514,0.14613047068954696
195,1328,1523,0.14618550128496619
199,1323,1522,0.14623332261124955
193,1323,1516,0.14626877514353964
191,1338,1529,0.14631621714372883
196,1318,1514,0.14636629446752714
195,1316,1511,0.14640118800557794
197,1317,1514,0.14643366559472884
194,1328,1522,0.14645927485220178
193,1331,1524,0.14648765594387803
187,1321,1508,0.1465174143945253
191,1315,1506,0.14656017491010703
191,1318,1509,0.1465902008836053
191,1333,1524,0.14661852614698123
185,1342,1527,0.1466444715107806
183,1331,1514,0.14668477512496073
180,1323,1503,0.14672765412663197
179,1316,1495,0.14677584247848563
175,1325,1500,0.1468216316830889
175,1335,1510,0.14687298554958733
176,1340,1516,0.14692050459209172
173,1330,1503,0.14696422155781946
169,1350,1519,0.14701362398881263
173,1352,1525,0.1470661360372591
174,1341,1515,0.14710608170171713
172,1355,1527,0.14714213603767065
170,1351,1521,0.1471807531269068
168,1343,1511,0.14722114459377744
172,1339,1511,0.147264455948702
169,1341,1510,0.14729543012978083
168,1338,1506,0.1473329176798141
168,1323,1491,0.14737048343176506
167,1329,1496,0.1474046471832857
171,1327,1498,0.14744017605836693
171,1336,1507,0.14746242630657008
170,1332,1502,0.14748250445812328
171,1339,1510,0.14750230511550572
171,1343,1514,0.1475187194028618
170,1346,1516,0.14753408510285193
174,1329,1503,0.14754983441265285
175,1343,1518,0.1475552727784448
172,1340,1512,0.14755581574687748
174,1339,1513,0.1475627905446471
174,1345,1519,0.14756583464330833
170,1345,1515,0.14757109180262723
173,1341,1514,0.14758724716919602
163,1335,1498,0.14759596686132498
162,1334,1496,0.14762667034476792
163,1347,1510,0.14765773188837097
166,1346,1512,0.14768398922313364
164,1337,1501,0.14769925225411068
163,1333,1496,0.14771817381873756
164,1347,1511,0.14773701453296728
159,1349,1508,0.14775249527883214
161,1355,1516,0.14778085773262423
162,1356,1518,0.14780340725580654
158,1365,1523,0.14782174604164755
157,1347,1504,0.14784729642768057
159,1350,1509,0.14787329339672675
160,1347,1507,0.14789324495173803
160,1356,1516,0.1479104181420798
156,1363,1519,0.14792827191639812
156,1363,1519,0.1479554696361318
158,1364,1522,0.14798012317808637
157,1370,1527,0.14799741496480742
153,1379,1532,0.14801699765306034
151,1370,1521,0.14804491115718993
151,1370,1521,0.14807661736859573
145,1361,1506,0.14810719261214
151,1360,1511,0.14815033770877678
151,1356,1507,0.14817475413664977
152,1361,1513,0.14819868781376233
151,1354,1505,0.14821897122065933
153,1352,1505,0.1482402037182552
154,1373,1527,0.14825210128429522
153,1374,1527,0.1482597119741219
155,1377,1532,0.14827049443889997
159,1377,1536,0.1482764184660123
161,1374,1535,0.14827175977548454
160,1359,1519,0.14826069485490043
160,1373,1533,0.14825338060907992
156,1371,1527,0.14824836384787463
156,1372,1528,0.14825281558056227
155,1367,1522,0.1482573956402466
154,1369,1523,0.1482659612075566
154,1369,1523,0.1482758161323209
152,1364,1516,0.1482864201233161
150,1378,1528,0.1482999450030512
150,1378,1528,0.1483187457062553
144,1363,1507,0.1483354590259307
140,1354,1494,0.14836463718840365
140,1359,1499,0.14840139183604822
140,1365,1505,0.148435343142821
142,1380,1522,0.14846833818766517
142,1380,1522,0.1484947615350762
140,1361,1501,0.1485192800886838
144,1363,1507,0.14854571242550121
144,1370,1514,0.14856182184528463
143,1385,1528,0.14857662312018938
142,1377,1519,0.14859399296811315
140,1387,1527,0.14861301360970497
139,1375,1514,0.14863714990236485
140,1382,1522,0.14866164851685454
135,1384,1519,0.1486800005183615
139,1392,1531,0.14870847276856738
135,1388,1523,0.14872713372847815
133,1390,1523,0.14875532638774927
128,1383,1511,0.14878712039434594
127,1386,1513,0.14882772344430273
127,1384,1511,0.14886791256639262
126,1386,1512,0.14890536282548672
130,1399,1529,0.14894198599389047
130,1398,1528,0.1489656134541776
127,1382,1509,0.14898840032056251
123,1396,1519,0.1490163466436448
125,1395,1520,0.14905169122804632
127,1384,1511,0.1490811038545622
120,1381,1501,0.14910262661038384
119,1374,1493,0.1491396001893723
120,1381,1501,0.14917534602368324
120,1372,1492,0.14920795878396226
120,1392,1512,0.149238337650817
120,1403,1523,0.14926793317995352
120,1402,1522,0.14929630613501035
117,1393,1510,0.14932099472793792
116,1394,1510,0.14935088194797777
114,1396,1510,0.1493807264805791
111,1402,1513,0.1494123040337937
115,1394,1509,0.1494495085901228
116,1392,1508,0.1494754799018785
116,1401,1517,0.14949819018886973
112,1394,1506,0.14951868881997776
113,1406,1519,0.14954708451684728
114,1407,1521,0.14957059375090875
108,1405,1513,0.14959069279182569
111,1421,1532,0.1496229702331973
112,1415,1527,0.1496458874196061
111,1415,1526,0.14966530195502764
108,1415,1523,0.14968675132095557
105,1417,1522,0.14971452682461156
103,1405,1508,0.14974847606697694
104,1400,1504,0.14978470212126235
105,1406,1511,0.14981667737996152
103,1420,1523,0.14984455869633526
103,1434,1537,0.14987492363124438
101,1423,1524,0.14990422998022138
101,1416,1517,0.14993670936069048
101,1414,1515,0.14996486959101968
97,1401,1498,0.14999112699556222
100,1418,1518,0.1500260877885111
97,1400,1497,0.1500512460367064
99,1411,1510,0.15008117426205303
101,1408,1509,0.15010475761043104
101,1408,1509,0.15012222062565786
105,1394,1499,0.1501385494086249
108,1400,1508,0.15014107109808889
107,1391,1498,0.15013620566510824
101,1392,1493,0.1501330483915495
102,1402,1504,0.1501444413235974
104,1406,1510,0.15015277267956736
102,1417,1519,0.15015565107392603
102,1421,1523,0.15016376787844782
103,1420,1523,0.15017232488891794
101,1418,1519,0.15017856818520336
100,1418,1518,0.15018950320515512
99,1410,1509,0.15020210102912393
99,1419,1518,0.1502159856563955
101,1432,1533,0.15022945796131043
103,1436,1539,0.15023793593320448
104,1429,1533,0.1502409488532827
100,1429,1529,0.15024264656474384
99,1428,1527,0.15025435155532457
96,1431,1527,0.15026836451655792
98,1429,1527,0.15028873268232892
97,1430,1527,0.15030008406885315
98,1421,1519,0.15031462021395114
96,1415,1511,0.15032569169476553
95,1424,1519,0.15034118756462442
94,1415,1509,0.15035868073146286
90,1428,1518,0.1503766943328326
93,1429,1522,0.15040186714106055
94,1433,1527,0.1504181970696694
93,1428,1521,0.15043150019703405
98,1425,1523,0.15044646318457283
98,1429,1527,0.15044615069999065
98,1432,1530,0.15044607089885695
97,1434,1531,0.15044748372488814
95,1410,1505,0.15045249166089103
96,1412,1508,0.1504625176913553
97,1423,1520,0.15046837388603918
96,1419,1515,0.15047203617299407
93,1422,1515,0.1504786659203038
93,1402,1495,0.15049110764936752
94,1405,1499,0.15050185681731829
92,1414,1506,0.15050961803298116
91,1420,1511,0.15052327654217032
90,1421,1511,0.1505368139108303
88,1430,1518,0.1505511162566826
89,1429,1518,0.15057019483170372
88,1433,1521,0.15058625436303202
87,1429,1516,0.1506042253686931
89,1431,1520,0.1506239197357489
90,1428,1518,0.15063710427937957
90,1437,1527,0.15064778446405255
92,1440,1532,0.15065579423063188
94,1425,1519,0.1506595194840864
92,1413,1505,0.15065862115831682
92,1426,1518,0.15066400060833923
92,1430,1522,0.15066793285963276
91,1432,1523,0.15067235110311963
89,1436,1525,0.15067854984666565
87,1434,1521,0.15068947351116724
88,1436,1524,0.15070369263152258
85,1436,1521,0.15071349823078392
83,1444,1527,0.1507289577915729
86,1428,1514,0.15074799723498586
86,1425,1511,0.15075903241224217
86,1427,1513,0.15076922505286128
89,1431,1520,0.15078006320702772
87,1429,1516,0.1507803090984899
92,1427,1519,0.15078533829474303
91,1418,1509,0.15077507906119691
93,1421,1514,0.15076809387653997
90,1431,1521,0.15075819933458218
89,1425,1514,0.15075625261060405
85,1419,1504,0.15075614604374846
86,1412,1498,0.1507665066099737
87,1419,1506,0.15077443831452184
88,1427,1515,0.15078052206371942
87,1424,1511,0.15078300989268198
87,1431,1518,0.1507883718438278
81,1430,1511,0.15079210144755956
79,1434,1513,0.15081110217527707
77,1441,1518,0.1508338888500267
77,1439,1516,0.15085906042731229
78,1437,1515,0.1508833046999872
78,1427,1505,0.15090430261349566
76,1428,1504,0.15092374287033253
76,1419,1495,0.1509472703852031
74,1437,1511,0.15096947948114367
72,1429,1501,0.15099583116657297
72,1438,1510,0.15102546935941533
71,1447,1518,0.1510532905807046
71,1432,1503,0.15108243330759494
73,1445,1518,0.15111026199144809
67,1453,1520,0.15113119431995556
66,1449,1515,0.15116460559991493
66,1443,1509,0.15119776362585668
67,1431,1498,0.15122841926384392
68,1420,1488,0.15125458830106178
69,1429,1498,0.15127601394457735
69,1447,1516,0.15129399767759083
68,1453,1521,0.15131083269287135
70,1454,1524,0.1513285852452747
68,1464,1532,0.15134062190561226
64,1458,1522,0.1513572970438725
65,1462,1527,0.15138292804335146
66,1453,1519,0.1514042654971711
68,1454,1522,0.15142293053708966
68,1458,1526,0.15143570130008208
70,1453,1523,0.15144732308471176
68,1462,1530,0.15145309573019708
67,1456,1523,0.1514634395390938
66,1450,1516,0.15147613656681586
65,1442,1507,0.15149074446618294
66,1451,1517,0.15150684192297467
66,1451,1517,0.15151837078074024
68,1454,1522,0.1515284274028544
67,1443,1510,0.1515330630638062
68,1452,1520,0.15154027923259267
64,1452,1516,0.15154588511912764
60,1446,1506,0.15156032442213596
58,1453,1511,0.1515837966715949
58,1448,1506,0.15161076016098837
55,1437,1492,0.15163634456937103
56,1433,1489,0.15166720077715995
56,1437,1493,0.15169216563561164
57,1457,1514,0.15171521102170563
56,1461,1517,0.15173378164088422
54,1461,1515,0.15175388846761934
53,1463,1516,0.15177770160391407
55,1475,1530,0.15180191181883415
54,1477,1531,0.15181952657938816
53,1491,1544,0.15183890690536672
54,1480,1534,0.15185973587855042
51,1475,1526,0.15187740545893985
50,1486,1536,0.15190092071479433
49,1470,1519,0.15192439817728212
48,1467,1515,0.15194905175675835
50,1464,1514,0.15197475809069222
51,1463,1514,0.15199280444643207
51,1463,1514,0.15200799719376593
52,1465,1517,0.15202293299714578
51,1478,1529,0.15203414914113036
49,1481,1530,0.15204807832578876
50,1485,1535,0.15206451719436065
51,1489,1540,0.15207743260679418
51,1490,1541,0.15208699142578702
51,1488,1539,0.15209539977439676
51,1486,1537,0.15210390249922223
50,1468,1518,0.15211210944414444
51,1459,1510,0.15212246835168147
49,1461,1510,0.15212977410169498
47,1480,1527,0.15214144401458335
47,1479,1526,0.15215722286106076
46,1469,1515,0.15217227399256064
48,1467,1515,0.15218883894428598
49,1465,1514,0.1521993284181702
50,1455,1505,0.15220701007390208
51,1454,1505,0.15221196293088007
49,1463,1512,0.152213541179521
50,1464,1514,0.15221964334409482
50,1461,1511,0.15222276906097829
51,1461,1512,0.15222623600144378
51,1465,1516,0.15222594771656245
51,1473,1524,0.1522252208850573
53,1462,1515,0.1522252199583602
53,1451,1504,0.15221944928274744
53,1455,1508,0.1522147882870281
53,1471,1524,0.15220922387485689
53,1488,1541,0.15220366159051615
55,1471,1526,0.15220019986569877
52,1462,1514,0.15219215208869089
51,1471,1522,0.15219307818606487
52,1476,1528,0.1521956358893861
51,1474,1525,0.1521942633608792
49,1459,1508,0.15219584392274133
47,1471,1518,0.15220231100956647
47,1469,1516,0.15221322465943182
49,1469,1518,0.15222400859690838
51,1466,1517,0.15222918729223675
48,1477,1525,0.15222816054844487
47,1483,1530,0.1522359232404777
46,1481,1527,0.15224545391335148
49,1479,1528,0.15225723657622717
47,1468,1515,0.1522596124443432
48,1479,1527,0.15226693280067383
49,1465,1514,0.15227159724965988
50,1469,1519,0.15227410003263298
50,1473,1523,0.15227383710450856
50,1476,1526,0.15227416785438552
48,1468,1516,0.15227500076167963
48,1472,1520,0.1522807303953011
49,1470,1519,0.15228652030068163
49,1480,1529,0.15229005441229584
49,1481,1530,0.15229336673676794
50,1475,1525,0.1522968247961508
47,1459,1506,0.15229686831860334
46,1481,1527,0.15230379255316018
46,1463,1509,0.15231273609737245
45,1456,1501,0.15232148493828365
46,1466,1512,0.1523321798373664
49,1469,1518,0.15234015850787885
49,1464,1513,0.1523390943409562
50,1473,1523,0.15233768501510447
50,1472,1522,0.15233442760552499
50,1470,1520,0.1523318672739994
50,1481,1531,0.15232991378937974
51,1480,1531,0.15232746306447859
50,1481,1531,0.15232332533486312
51,1479,1530,0.15232200214873504
50,1469,1519,0.15231895858411285
51,1470,1521,0.15231862216846104
49,1462,1511,0.15231563139092194
49,1471,1520,0.15231653577172138
49,1469,1518,0.15231697500387514
47,1470,1517,0.15231786557305035
48,1469,1517,0.1523233987423934
47,1474,1521,0.15232678726298782
48,1474,1522,0.15233141426043684
48,1469,1517,0.15233374369400657
50,1472,1522,0.15233634755702094
50,1466,1516,0.15233382830136874
48,1474,1522,0.15233190422528606
49,1469,1518,0.1523348445786782
49,1458,1507,0.15233490024298602
46,1471,1517,0.15233556584056188
47,1476,1523,0.15234296632208694
46,1469,1515,0.1523475519764762
50,1472,1522,0.1523534788536133
49,1474,1523,0.15234909311460546
49,1468,1517,0.15234845833197416
47,1461,1508,0.152348259221153
46,1472,1518,0.15235279528133275
46,1478,1524,0.15235849153420625
47,1469,1516,0.15236422580692377
47,1464,1511,0.15236754261260166
47,1457,1504,0.15236975031909433
45,1454,1499,0.15237230421155956
45,1470,1515,0.15237836394664117
47,1470,1517,0.15238265594884964
48,1463,1511,0.1523827883330547
46,1461,1507,0.15238016076935587
47,1462,1509,0.1523827694890359
47,1472,1519,0.15238243008584798
46,1463,1509,0.15238255987112995
47,1471,1518,0.15238501212133646
48,1447,1495,0.15238457358077426
50,1451,1501,0.15238174443966476
49,1451,1500,0.1523727015124332
49,1471,1520,0.15236731337749618
46,1473,1519,0.15236274394509994
46,1469,1515,0.15236595434539768
47,1477,1524,0.15236918631535484
47,1477,1524,0.1523696034116427
48,1473,1521,0.1523694531229646
49,1479,1528,0.1523672496840449
49,1479,1528,0.15236142931877453
49,1477,1526,0.15235673981399614
46,1476,1522,0.15235253492126635
45,1479,1524,0.1523564440131144
44,1478,1522,0.15236355248768102
43,1487,1530,0.15237169017134838
41,1482,1523,0.152381954549632
41,1484,1525,0.15239656835650667
44,1478,1522,0.15241090806982005
43,1487,1530,0.15241673467811354
43,1488,1531,0.15242477400922216
44,1492,1536,0.1524317022249566
41,1488,1529,0.15243613631258565
41,1488,1529,0.15244717928635812
41,1477,1518,0.15245794505060417
37,1475,1512,0.1524672870454172
36,1480,1516,0.15248567180045092
37,1486,1523,0.152504826464708
35,1481,1516,0.15252090246421784
34,1482,1516,0.15254078774567367
34,1483,1517,0.1525605345844364
35,1487,1522,0.1525791946166306
39,1471,1510,0.15259365127805977
41,1474,1515,0.15259605401307066
41,1482,1523,0.15259350033944077
44,1487,1531,0.15259100065859119
43,1493,1536,0.15258098780284984
42,1481,1523,0.15257499409189199
42,1476,1518,0.15257276536517067
42,1483,1525,0.15257131487527295
42,1486,1528,0.15256871182518097
44,1489,1533,0.1525669669873748
42,1482,1524,0.15255955299304255
43,1479,1522,0.15255714706991655
45,1467,1512,0.15255237395854135
45,1474,1519,0.15254406112314625
44,1480,1524,0.1525369979995664
44,1483,1527,0.15253327561884522
44,1480,1524,0.1525303809655872
44,1479,1523,0.15252653893635146
43,1477,1520,0.15252247871859104
42,1478,1520,0.1525216861615721
44,1490,1534,0.1525237077380446
42,1499,1541,0.15252066064932288
41,1491,1532,0.15252280186238237
41,1492,1533,0.1525277147882563
41,1483,1524,0.15253272982899652
40,1477,1517,0.1525377849823687
43,1477,1520,0.15254518710754533
43,1481,1524,0.152543685640963
42,1466,1508,0.15254122195267886
41,1466,1507,0.15254183087772769
40,1468,1508,0.15254505733491278
38,1464,1502,0.15255077551459753
40,1467,1507,0.15256035286934527
42,1480,1522,0.152564287918927
41,1479,1520,0.15256217953404488
40,1477,1517,0.1525632445700858
40,1469,1509,0.15256701393796962
41,1467,1508,0.15257110748807
43,1464,1507,0.15257135020536794
45,1466,1511,0.15256746687737086
45,1464,1509,0.15255813364334483
43,1462,1505,0.15254934586938795
44,1470,1514,0.15254620078842102
44,1465,1509,0.15254076759138718
43,1471,1514,0.1525363739791063
43,1471,1514,0.15253508545367997
42,1477,1519,0.15253356880054486
43,1469,1512,0.15253490912922435
41,1463,1504,0.15253346209825722
41,1461,1502,0.1525370007822956
41,1481,1522,0.1525402474117522
43,1479,1522,0.15254276009404683
44,1475,1519,0.15254022517789867
42,1477,1519,0.1525362351808223
42,1487,1529,0.15253762685465508
41,1488,1529,0.15253945987138376
41,1482,1523,0.15254412925664454
41,1487,1528,0.1525480075061421
41,1474,1515,0.15255209525487276
40,1471,1511,0.152555222385688
41,1462,1503,0.15256079116894708
43,1472,1515,0.15256334796164872
46,1473,1519,0.15256057646188823
48,1467,1515,0.15254991569793228
47,1469,1516,0.15253308004443045
47,1478,1525,0.15251925507982367
48,1477,1525,0.15250614483927197
48,1478,1526,0.15249155483571333
51,1480,1531,0.15247803832437323
49,1465,1514,0.15245915924528178
47,1460,1507,0.15244691062071045
47,1453,1500,0.1524406887150953
47,1474,1521,0.15243439526187938
45,1463,1508,0.15242919499874258
47,1461,1508,0.15242866292124857
46,1464,1510,0.15242308043591982
46,1479,1525,0.1524204048485965
45,1476,1521,0.1524186117912726
47,1468,1515,0.15242050638243435
45,1469,1514,0.15241782095041576
46,1469,1515,0.1524203715264305
42,1471,1513,0.1524203625196137
40,1471,1511,0.1524295621577936
41,1472,1513,0.15244300015645076
40,1465,1505,0.15245377656503148
41,1462,1503,0.15246552149293793
41,1457,1498,0.15247197065445106
42,1450,1492,0.15247925419784703
42,1470,1512,0.1524841237707737
41,1475,1516,0.15248909765792976
43,1482,1525,0.15249684905201769
45,1476,1521,0.15249925548398924
47,1471,1518,0.15249532323593357
46,1462,1508,0.15248641784215639
46,1475,1521,0.15248092289954795
47,1484,1531,0.15247641725419686
46,1479,1525,0.1524704972417087
48,1481,1529,0.1524676302189648
46,1476,1522,0.1524599694423819
43,1474,1517,0.1524579837057588
44,1481,1525,0.15246308717628615
44,1490,1534,0.15246609729198807
47,1484,1531,0.15246807669933238
46,1494,1540,0.15246267083503798
47,1496,1543,0.15246028730792996
48,1478,1526,0.1524563334486881
48,1465,1513,0.15245002967065985
50,1463,1513,0.15244351978439244
49,1461,1510,0.15243148702857476
49,1458,1507,0.15242199286166794
47,1466,1513,0.1524147194459181
45,1475,1520,0.15241330795729885
44,1480,1524,0.15241749024235582
45,1485,1530,0.15242383445742502
42,1465,1507,0.1524278191032457
43,1482,1525,0.1524383424447918
43,1467,1510,0.15244627089381232
43,1469,1512,0.15245389618343363
42,1484,1526,0.15246130961677604
42,1484,1526,0.15247040327624395
43,1479,1522,0.15247917389821958
43,1481,1524,0.15248518871013275
45,1472,1517,0.15249013246786924
45,1471,1516,0.1524903321918396
44,1470,1514,0.1524896945523061
42,1480,1522,0.15249163035368737
41,1484,1525,0.15249826452624926
41,1477,1518,0.15250691686517942
42,1476,1518,0.15251423998066177
43,1477,1520,0.15251899448334805
44,1476,1520,0.15252022704944124
46,1463,1509,0.15251889205212174
47,1464,1511,0.15251171516451767
46,1471,1517,0.15250128433551657
48,1467,1515,0.15249440290961652
49,1477,1526,0.15248290616159751
49,1476,1525,0.15246964327453588
48,1470,1518,0.15245690503554035
49,1465,1514,0.15244752585704704
50,1467,1517,0.15243617754504482
50,1460,1510,0.1524239418786472
49,1456,1505,0.15241266871692144
46,1466,1512,0.15240518572366918
45,1471,1516,0.1524052845465266
46,1468,1514,0.15240763324953727
46,1469,1515,0.15240810328706686
49,1463,1512,0.1524084821038822
50,1466,1516,0.15239935825202103
50,1479,1529,0.1523876465670468
49,1479,1528,0.1523775784577243
48,1482,1530,0.15237089323809738
50,1469,1519,0.15236731855595503
46,1467,1513,0.15236018198502785
43,1474,1517,0.15236367902401235
41,1472,1513,0.1523724655006495
40,1475,1515,0.1523856337909268
40,1468,1508,0.15240023463494995
42,1470,1512,0.15241407439023416
40,1486,1526,0.15242192013815423
39,1484,1523,0.15243434223782087
38,1482,1520,0.15244872201122145
38,1483,1521,0.1524648663278591
35,1485,1520,0.1524804375238568
34,1479,1513,0.15250189513549298
32,1470,1502,0.15252458967091642
33,1472,1505,0.15255053425174592
33,1479,1512,0.15257227397242798
30,1499,1529,0.15259212939045216
31,1495,1526,0.15261864422116045
29,1493,1522,0.15264133952643025
29,1489,1518,0.15266736423933672
29,1488,1517,0.15269097329318765
29,1479,1508,0.15271345671500097
28,1470,1498,0.15273510709149185
27,1476,1503,0.15275783171815407
29,1487,1516,0.1527814155149212
30,1480,1510,0.15279838759206432
29,1467,1496,0.15281138393067384
28,1478,1506,0.15282621569889604
29,1475,1504,0.15284273903951115
30,1487,1517,0.15285614364426148
29,1486,1515,0.15286529768384252
31,1480,1511,0.1528764441659483
32,1467,1499,0.1528817250442127
33,1475,1508,0.15288385918544356
34,1488,1522,0.15288310846953113
32,1499,1531,0.15287969702962773
31,1511,1542,0.15288151695930557
32,1501,1533,0.15288593254259011
32,1498,1530,0.15288730529455077
33,1502,1535,0.15288914725174022
35,1484,1519,0.15288791300538332
34,1488,1522,0.15288259141825805
36,1473,1509,0.1528803219679148
36,1471,1507,0.1528732168325133
37,1478,1515,0.15286711602375216
38,1474,1512,0.15285863242104794
37,1477,1514,0.1528472593087851
37,1483,1520,0.15283874247576235
37,1481,1518,0.15283121728208524
38,1481,1519,0.15282378980185485
37,1486,1523,0.1528151954722846
37,1483,1520,0.15280992227820384
38,1477,1515,0.15280496593493975
37,1466,1503,0.1527983659903844
37,1472,1509,0.15279492935233668
37,1478,1515,0.15279219415149736
34,1484,1518,0.15278901746141518
33,1480,1513,0.1527929933760143
29,1495,1524,0.15279820454719517
32,1486,1518,0.15281218471599878
31,1481,1512,0.15281906600208817
32,1480,1512,0.15282728832143042
31,1483,1514,0.15283225270657075
32,1485,1517,0.15283992915001116
32,1479,1511,0.15284433882883927
32,1488,1520,0.15284878822705564
32,1489,1521,0.15285241754578813
34,1482,1516,0.15285530520515206
34,1479,1513,0.15285283182239495
33,1476,1509,0.15285109057698212
33,1473,1506,0.15285193478193462
33,1473,1506,0.15285221469211463
32,1469,1501,0.15285207594756997
33,1470,1503,0.15285616010087144
32,1454,1486,0.15285764304348148
32,1458,1490,0.152861840027717
33,1472,1505,0.1528662296262062
33,1480,1513,0.1528682542500748
32,1481,1513,0.15286879754947985
33,1477,1510,0.15287201045784904
34,1485,1519,0.15287112509553588
31,1483,1514,0.15286797482277795
30,1486,1516,0.1528716399298563
30,1492,1522,0.15287788924107082
30,1485,1515,0.15288342034920205
29,1494,1523,0.15288923109880073
28,1488,1516,0.1528973807896173
28,1489,1517,0.1529076667955527
28,1467,1495,0.15291778141159626
28,1452,1480,0.15292769076158041
28,1463,1491,0.15293736732554167
30,1487,1517,0.1529467891380792
30,1491,1521,0.15295024454836315
30,1496,1526,0.1529528186169947
29,1483,1512,0.1529549606479802
27,1490,1517,0.15296009057233245
26,1484,1510,0.15296977471419676
25,1482,1507,0.15298137301350434
26,1480,1506,0.1529948769048478
26,1505,1531,0.1530054789015599
25,1496,1521,0.1530157021238896
25,1491,1516,0.15302773594168895
26,1489,1515,0.15303932256826538
26,1477,1503,0.1530471849062484
25,1475,1500,0.15305370628638879
25,1482,1507,0.15306235713145086
26,1493,1519,0.15307079520250239
27,1490,1517,0.15307572606522218
26,1481,1507,0.15307791899345194
27,1496,1523,0.15308271898173761
27,1490,1517,0.15308466062005727
24,1489,1513,0.15308576522190653
22,1488,1510,0.15309476140085213
22,1501,1523,0.15310780630290896
23,1503,1526,0.1531203288942717
22,1504,1526,0.1531290679891669
24,1499,1523,0.15313979023578178
25,1501,1526,0.15314548961455574
24,1500,1524,0.153147877361942
22,1505,1527,0.1531528548620214
21,1490,1511,0.1531621531263004
22,1494,1516,0.15317332823189883
23,1489,1512,0.153180880968884
24,1482,1506,0.1531859816866211
25,1498,1523,0.1531879097185968
25,1490,1515,0.15318687316710577
26,1499,1525,0.15318529917735513
25,1500,1525,0.1531810594045431
25,1510,1535,0.1531797982761238
24,1494,1518,0.15317912956618307
24,1481,1505,0.15318158706550494
23,1485,1508,0.15318427151072692
24,1493,1517,0.15318936631907618
24,1495,1519,0.15319136061077634
24,1509,1533,0.15319310543493977
23,1504,1527,0.15319511913255027
23,1500,1523,0.15319957110388926
23,1494,1517,0.15320405309704704
23,1497,1520,0.15320853414382657
23,1504,1527,0.15321298797337377
23,1505,1528,0.15321739245538274
22,1498,1520,0.15322172910324852
20,1506,1526,0.153228307086798
21,1505,1526,0.1532390281798138
21,1505,1526,0.1532461512340447
20,1496,1516,0.15325304516920973
20,1508,1528,0.1532618682848051
20,1499,1519,0.15326940969717
20,1492,1512,0.15327673166985537
19,1502,1521,0.15328382424003686
18,1502,1520,0.15329284274346167
19,1496,1515,0.15330371846460378
19,1502,1521,0.15331178798974016
17,1495,1512,0.1533195164544741
15,1484,1499,0.1533314391949943
15,1486,1501,0.15334750734160876
15,1487,1502,0.15336158832344107
15,1487,1502,0.15337495917872743
14,1503,1517,0.15338764864024643
12,1509,1521,0.15340184685327338
11,1513,1524,0.1534195899869396
12,1512,1524,0.15343913831696618
11,1517,1528,0.153454853143387
11,1518,1529,0.15347230776794185
11,1517,1528,0.15348872268618843
12,1517,1529,0.15350359748900552
12,1506,1518,0.15351542939341023
12,1507,1519,0.15352661127029418
13,1504,1517,0.15353717572316194
12,1498,1510,0.15354397965457425
11,1504,1515,0.1535526846533795
11,1498,1509,0.15356315075507163
11,1505,1516,0.1535731027016661
11,1507,1518,0.15358255974438598
13,1500,1513,0.1535915411381559
13,1511,1524,0.15359473139224722
14,1511,1525,0.15359696664324057
14,1505,1519,0.15359604729800286
15,1500,1515,0.15359551636620966
15,1503,1518,0.15359297950681994
15,1493,1508,0.1535908864595667
15,1493,1508,0.15358918221914583
16,1491,1507,0.15358781783329592
16,1482,1498,0.1535834816239382
16,1499,1515,0.15357929015960722
16,1497,1513,0.15357566437128425
16,1499,1515,0.1535725397556854
16,1487,1503,0.15356985864542877
15,1503,1518,0.15356756951154193
15,1507,1522,0.15356778956957512
16,1506,1522,0.15356818319265927
16,1507,1523,0.15356553563551847
16,1499,1515,0.1535633007940167
16,1484,1500,0.153561429169117
17,1487,1504,0.1535598766336773
17,1494,1511,0.15355534895604447
16,1505,1521,0.15355137029346033
16,1513,1529,0.1535501162003242
16,1506,1522,0.15354915492681553
15,1500,1515,0.15354844761500658
14,1503,1517,0.15355023125288408
15,1486,1501,0.1535542817009693
14,1494,1508,0.15355592281088679
14,1511,1525,0.1535599019191358
14,1514,1528,0.15356264150609722
14,1505,1519,0.15356541367037668
13,1497,1510,0.15356819702108548
13,1493,1506,0.1535720654647636
13,1487,1500,0.15357595082666436
13,1491,1504,0.15357982756609115
14,1493,1507,0.15358367407294252
14,1503,1517,0.15358503924502742
13,1505,1518,0.15358651418712901
13,1498,1511,0.1535904053594165
12,1511,1523,0.15359420076638292
11,1503,1514,0.15360005867943663
11,1500,1511,0.15360781876616847
11,1499,1510,0.15361521124180658
11,1496,1507,0.15362224822312473
12,1493,1505,0.15362894209056496
12,1494,1506,0.15363290668830099
12,1498,1510,0.15363672333923542
12,1482,1494,0.15364039198208823
11,1490,1501,0.15364391343763115
11,1490,1501,0.15364948044289103
10,1487,1497,0.1536547677402077
11,1482,1493,0.1536619341320676
11,1479,1490,0.15366546988067206
11,1500,1511,0.15366893941992812
10,1504,1514,0.15367233242344155
10,1503,1513,0.15367788374894636
10,1498,1508,0.1536832003943907
10,1504,1514,0.15368828667078874
10,1513,1523,0.1536931475871905
9,1520,1529,0.15369778871590387
11,1511,1522,0.15370437243405274
11,1514,1525,0.15370515001178556
11,1512,1523,0.15370604850607664
10,1513,1523,0.15370704441395663
10,1521,1531,0.15371026040994137
10,1514,1524,0.15371406576954044
10,1515,1525,0.15371768872825287
11,1512,1523,0.15372113559087072
11,1499,1510,0.15372118737688115
12,1494,1506,0.15372137472954614
12,1502,1514,0.1537184154176328
12,1502,1514,0.15371585569590906
13,1507,1520,0.15371365021677838
13,1499,1512,0.15370848667857825
13,1505,1518,0.15370390640910503
12,1509,1521,0.15369984816328816
12,1512,1524,0.15369842116194996
12,1507,1519,0.15369728067275382
11,1513,1524,0.15369551942183565
11,1512,1523,0.15369628898007368
11,1516,1527,0.153697237002832
12,1517,1529,0.15369833111912443
12,1510,1522,0.1536971697456122
12,1490,1502,0.1536952071049987
12,1493,1505,0.1536936343350575
11,1497,1508,0.1536924017620276
12,1499,1511,0.15369361198363027
13,1507,1520,0.15369138825245565
14,1510,1524,0.1536868883831452
15,1505,1520,0.1536797494835331
15,1498,1513,0.1536701970458732
15,1501,1516,0.15366095355381099
15,1497,1512,0.15365188605501764
15,1494,1509,0.15364421873695921
15,1498,1513,0.15363747807945388
14,1512,1526,0.15363156327070693
14,1516,1530,0.15362864126881465
14,1508,1522,0.15362622547836538
14,1498,1512,0.1536242533389078
13,1505,1518,0.1536224347862306
13,1508,1521,0.1536236421426554
14,1499,1513,0.15362413851407314
13,1501,1514,0.1536224248976416
14,1504,1518,0.1536233446298093
14,1484,1498,0.15362115959875725
13,1482,1495,0.1536194146215183
13,1501,1514,0.15362042635706527
13,1501,1514,0.15362053517209887
13,1501,1514,0.1536209486378925
13,1495,1508,0.1536216180928035
13,1499,1512,0.15362250074281714
15,1501,1516,0.15362355902458205
15,1507,1522,0.15361827465918976
15,1510,1525,0.15361371000086319
16,1508,1524,0.1536097830698273
17,1506,1523,0.1536032729856459
17,1514,1531,0.15359427254133978
17,1505,1522,0.15358627988328238
17,1504,1521,0.15357918951885888
17,1509,1526,0.15357290660988293
17,1510,1527,0.1535673459184628
16,1513,1529,0.15356243085587948
14,1518,1532,0.15356048810561973
15,1522,1537,0.15356364648744422
12,1514,1526,0.15356422419465482
12,1502,1514,0.1535714686044064
12,1512,1524,0.153578436409167
12,1507,1519,0.1535851284343261
11,1515,1526,0.15359044063041172
11,1519,1530,0.15359780103149068
11,1508,1519,0.15360491870193527
12,1512,1524,0.15361178834067765
13,1508,1521,0.15361606434095249
13,1514,1527,0.153617799257338
13,1518,1531,0.15361961081087763
13,1518,1531,0.15362147674908896
13,1512,1525,0.15362337786623473
12,1508,1520,0.15362529765535718
12,1507,1519,0.15362937454609385
10,1503,1513,0.15363331337229988
11,1506,1517,0.15364155751298514
11,1504,1515,0.1536470842769771
11,1499,1510,0.15365134478624048
11,1487,1498,0.15365551529132046
11,1491,1502,0.15365958485736772
13,1490,1503,0.15366354480393266
13,1499,1512,0.15366165632010303
13,1514,1527,0.153660132284945
13,1524,1537,0.15365892647996965
14,1518,1532,0.1536579978139218
14,1511,1525,0.15365410799781704
13,1508,1521,0.15365072309965108
13,1499,1512,0.15364994105085095
13,1491,1504,0.15364942698365208
13,1496,1509,0.15364914353306125
13,1497,1510,0.1536490576186048
13,1501,1514,0.1536491399916693
12,1510,1522,0.15364936482870506
11,1504,1515,0.15365208989598694
11,1497,1508,0.1536571967757947
11,1504,1515,0.15366205643166692
11,1497,1508,0.1536666778555009
10,1499,1509,0.1536710700672019
10,1490,1500,0.15367739115330034
10,1494,1504,0.15368336955275963
10,1509,1519,0.15368902191818734
10,1503,1513,0.1536943643017257
10,1505,1515,0.1536994121514687
10,1501,1511,0.15370418031196814
10,1507,1517,0.1537086830282074
10,1508,1518,0.15371293395249652
8,1520,1528,0.1537169461538068
8,1524,1532,0.15372503674961402
9,1528,1537,0.15373265223360558
9,1524,1533,0.1537365594723292
10,1501,1511,0.15374034890282956
10,1506,1516,0.15374077109198683
11,1515,1526,0.15374137118319292
9,1509,1518,0.15373883885560696
12,1519,1531,0.15374104101290226
12,1513,1525,0.15373459361453462
11,1510,1521,0.15372898171675747
11,1508,1519,0.15372701863399613
12,1514,1526,0.1537254657813409
11,1514,1525,0.15372102150414593
10,1508,1518,0.15371970617867448
10,1497,1507,0.15372150867431977
10,1497,1507,0.15372339258631654
10,1506,1516,0.15372533440308267
10,1511,1521,0.15372731384025268
10,1509,1519,0.15372931347072277
12,1498,1510,0.15373028588552193
12,1498,1510,0.15372506266562252
11,1498,1509,0.1537202964988352
11,1496,1507,0.1537187472637277
11,1503,1514,0.1537175963171066
11,1505,1516,0.15371679021601217
11,1504,1515,0.15371628157186795
10,1501,1511,0.1537160284134027
10,1507,1517,0.15371814536607833
10,1501,1511,0.15372031695805163
11,1506,1517,0.15372252203057385
10,1506,1516,0.15372189805155628
9,1500,1509,0.1537236636087712
8,1514,1522,0.15372653836809735
8,1516,1524,0.15373166020730303
7,1504,1511,0.15373671414163928
7,1494,1501,0.15374408643235662
7,1498,1505,0.15375118440646715
7,1488,1495,0.15375800782240592
7,1488,1495,0.15376455809297374
7,1495,1502,0.15377083802624378
7,1496,1503,0.1537768515975209
7,1489,1496,0.15378260374898936
7,1492,1499,0.15378810021403308
8,1484,1492,0.1537933473635235
7,1498,1505,0.15379507725105615
7,1503,1510,0.15379918893793484
7,1499,1506,0.15380319625393865
7,1494,1501,0.1538070915284505
7,1503,1510,0.1538108689031569
7,1510,1517,0.15381452409280996
7,1510,1517,0.1538180541728969
7,1513,1520,0.15382145739139733
7,1516,1523,0.1538247330020942
7,1521,1528,0.15382788111715964
7,1511,1518,0.15383090257696888
6,1510,1516,0.15383305320890708
7,1509,1516,0.1538373568691341
9,1513,1522,0.15383825949333013
9,1527,1536,0.1538339634530882
8,1525,1533,0.1538302152438617
8,1508,1516,0.15382916703222305
7,1494,1501,0.15382841068274525
8,1499,1507,0.15383006809707936
8,1502,1510,0.1538285409340069
8,1494,1502,0.15382824571697098
8,1499,1507,0.1538281337042927
8,1501,1509,0.1538281778025637
8,1519,1527,0.15382835410455473
8,1501,1509,0.15382864154715012
7,1493,1500,0.1538290216043743
8,1501,1509,0.15383164382857076
7,1502,1509,0.153830950685302
6,1504,1510,0.1538336258330555
6,1520,1526,0.15383854825376794
7,1521,1528,0.15384215386882222
7,1508,1515,0.1538424737359488
7,1510,1517,0.15384301156439556
7,1508,1515,0.15384373117685485
7,1497,1504,0.15384460080340961
8,1493,1501,0.15384559260131653
8,1495,1503,0.1538434189730286
9,1486,1495,0.15384162683336464
9,1494,1503,0.15383755302891164
8,1493,1501,0.15383397461088
9,1481,1490,0.15383305899341393
8,1486,1494,0.15383010759394283
9,1500,1509,0.1538299873373829
9,1496,1505,0.15382673823003226
10,1499,1509,0.1538239226548156
10,1498,1508,0.1538182245051229
10,1505,1515,0.15381317235449
10,1501,1511,0.15380869815186787
10,1500,1510,0.1538047407444817
10,1507,1517,0.15380124519373023
10,1509,1519,0.15379816215804284
10,1505,1515,0.15379544733619321
10,1522,1532,0.15379306096519704
10,1532,1542,0.15379096736748818
10,1527,1537,0.15378913454258045
10,1517,1527,0.1537875337988865
9,1514,1523,0.15378613942178299
9,1512,1521,0.15378720753175248
9,1515,1524,0.15378828726976754
9,1500,1509,0.15378937049170982
9,1515,1524,0.1537904502680545
8,1511,1519,0.15379152074060862
7,1515,1522,0.1537949229304092
7,1520,1527,0.1538003136100622
6,1506,1512,0.1538054001939339
6,1515,1521,0.15381236002881446
6,1509,1515,0.15381891622543575
6,1511,1517,0.15382509128457655
6,1508,1514,0.1538309065459077
6,1509,1515,0.15383638223797105
6,1509,1515,0.1538415375271508
6,1510,1516,0.15384639056550056
6,1503,1509,0.15385095853731565
6,1507,1513,0.15385525770436514
6,1508,1514,0.15385930344971935
7,1512,1519,0.15386311032012528
7,1500,1507,0.15386343432044566
7,1502,1509,0.15386385025525193
7,1508,1515,0.15386434169424132
7,1511,1518,0.15386489425644886
7,1517,1524,0.15386549538402197
7,1512,1519,0.15386613413957342
7,1519,1526,0.15386680102472872
7,1515,1522,0.15386748781772316
7,1515,1522,0.1538681874281154
7,1511,1518,0.15386889376687674
7,1512,1519,0.15386960163029018
6,1517,1523,0.1538703065962472
5,1508,1513,0.15387316144919738
5,1518,1523,0.15387803997833527
5,1515,1520,0.15388265233757079
5,1518,1523,0.15388701164926893
6,1514,1520,0.15389113054152695
6,1525,1531,0.15389176374586933
6,1513,1519,0.15389248467112504
5,1506,1511,0.1538932756980274
4,1499,1503,0.15389708799403337
4,1494,1498,0.15390284490424988
4,1516,1520,0.15390826568901936
4,1512,1516,0.1539133693757996
4,1516,1520,0.15391817397594565
4,1513,1517,0.1539226965325544
4,1526,1530,0.15392695316677216
4,1521,1525,0.15393095912252286
4,1514,1518,0.15393472880963274
5,1515,1520,0.15393827584533892
5,1501,1506,0.1539383539103588
5,1520,1525,0.1539385387706768
6,1519,1525,0.15393881313317503
6,1521,1527,0.15393590482875902
6,1517,1523,0.15393336185233267
6,1519,1525,0.15393114385870646
6,1510,1516,0.1539292146988527
6,1514,1520,0.1539275419972803
6,1513,1519,0.15392609677119504
6,1515,1521,0.15392485308735934
6,1513,1519,0.1539237877529627
6,1522,1528,0.1539228800371718
6,1519,1525,0.1539221114203543
6,1504,1510,0.1539214653682611
5,1518,1523,0.15392092712871702
5,1522,1527,0.15392265119940274
5,1514,1519,0.153924326920662
5,1510,1515,0.15392595177946533
5,1502,1507,0.1539275239411068
5,1495,1500,0.153929042157372
5,1507,1512,0.153930505685155
4,1511,1515,0.15393191421442243
4,1510,1514,0.15393558082421874
4,1515,1519,0.15393903736655903
4,1519,1523,0.15394229528332298
4,1520,1524,0.1539453654548026
4,1535,1539,0.15394825822054106
4,1523,1527,0.1539509834002117
4,1518,1522,0.15395355031440822
4,1517,1521,0.15395596780523493
4,1513,1517,0.15395824425660615
4,1518,1522,0.15396038761417763
4,1516,1520,0.15396240540484837
4,1525,1529,0.15396430475578182
5,1506,1511,0.1539660924129067
4,1510,1514,0.1539645023355108
5,1508,1513,0.15396528352360592
5,1531,1536,0.15396388131686603
5,1514,1519,0.15396266105539222
5,1515,1520,0.1539616024041165
6,1511,1517,0.1539606871526657
6,1504,1510,0.15395663099375145
6,1512,1518,0.15395299246964658
6,1519,1525,0.15394972967189977
6,1510,1516,0.15394680483445478
6,1508,1514,0.15394418392792583
5,1507,1512,0.1539418362933884
5,1509,1514,0.15394189883614304
5,1516,1521,0.15394205094301622
4,1513,1517,0.1539422780764874
4,1521,1525,0.1539447335156504
4,1499,1503,0.1539471082661609
4,1512,1516,0.15394940050331257
4,1505,1509,0.1539516091704972
4,1507,1511,0.15395373386853847
4,1498,1502,0.15395577475796882
3,1506,1509,0.15395773247285813
3,1512,1515,0.1539617700721067
3,1516,1519,0.15396559641960347
3,1518,1521,0.15396922105235944
3,1515,1518,0.15397265324717313
3,1522,1525,0.153975902005547
3,1507,1510,0.15397897604250932
3,1500,1503,0.1539818837788159
3,1505,1508,0.1539846333360641
3,1508,1511,0.15398723253430696
3,1506,1509,0.1539896888918017
3,1504,1507,0.15399200962657106
3,1502,1505,0.15399420165949276
3,1495,1498,0.15399627161866783
3,1504,1507,0.15399822584484762
3,1509,1512,0.15400007039772734
3,1510,1513,0.15400181106293787
3,1507,1510,0.1540034533595882
3,1505,1508,0.1540050025482318
3,1513,1516,0.1540064636391444
3,1517,1520,0.15400784140081866
3,1511,1514,0.1540091403685916
4,1510,1514,0.1540103648533351
4,1515,1519,0.15400824793064802
4,1516,1520,0.15400637004883502
4,1516,1520,0.15400470598182991
5,1514,1519,0.15400323307357766
6,1500,1506,0.15399866075589555
6,1495,1501,0.15399126500236338
6,1494,1500,0.15398458866974735
6,1497,1503,0.15397856190923037
6,1501,1507,0.15397312164602053
6,1503,1509,0.1539682109228327
6,1513,1519,0.15396377830697294
6,1503,1509,0.15395977735486632
6,1513,1519,0.15395616612846288
6,1513,1519,0.1539529067584982
6,1505,1511,0.15394996505006894
6,1506,1512,0.15394731012642535
6,1504,1510,0.15394491410727848
6,1502,1508,0.153942751818279
5,1502,1507,0.15394080052864756
5,1495,1500,0.15394120354825203
5,1497,1502,0.15394164728055798
6,1506,1512,0.1539421228817229
4,1509,1513,0.15393934963682518
3,1506,1509,0.15394122189445675
3,1508,1511,0.15394543143458458
3,1512,1515,0.1539494993333367
3,1516,1519,0.1539534232233538
3,1505,1508,0.15395720193750084
3,1508,1511,0.15396083533416688
3,1507,1510,0.1539643241429896
3,1519,1522,0.1539676698288182
3,1512,1515,0.1539708744719509
3,1516,1519,0.15397394066288725
3,1516,1519,0.15397687141001404
3,1511,1514,0.15397967005880975
3,1509,1512,0.15398234022129728
3,1499,1502,0.15398488571460764
3,1521,1524,0.1539873105076361
3,1524,1527,0.1539896186748785
3,1515,1518,0.15399181435663223
3,1515,1518,0.15399390172483135
3,1525,1528,0.1539958849538643
3,1508,1511,0.15399776819579036
4,1518,1522,0.15399955555943556
4,1520,1524,0.1539979948102147
4,1522,1526,0.15399665070828106
4,1519,1523,0.1539954984045728
4,1524,1528,0.1539945156810763
4,1520,1524,0.15399368268336935
4,1521,1525,0.15399298167974074
3,1518,1521,0.15399239684428068
3,1526,1529,0.15399408566000525
3,1513,1516,0.15399573107887343
3,1515,1518,0.15399732994328924
4,1518,1522,0.15399887985175695
4,1528,1532,0.1539971131307623
4,1519,1523,0.1539955998487784
4,1507,1511,0.15399431045792888
4,1509,1513,0.15399321857410933
4,1519,1523,0.15399230065252137
4,1516,1520,0.15399153569569235
4,1519,1523,0.15399090499077334
4,1524,1528,0.15399039187322328
4,1517,1521,0.1539899815142689
4,1522,1526,0.15398966072978737
3,1528,1531,0.15398941780848754
3,1517,1520,0.15399176181828977
3,1513,1516,0.1539939766235282
3,1508,1511,0.15399606873411917
3,1504,1507,0.15399804439796175
3,1511,1514,0.15399990960370716
3,1511,1514,0.15400167008464552
3,1507,1510,0.15400333132351782
3,1503,1506,0.15400489855808275
3,1517,1520,0.15400637678729112
3,1516,1519,0.15400777077793915
2,1518,1520,0.15400908507168726
2,1524,1526,0.1540125203270325
3,1508,1511,0.15401574776645985
3,1510,1513,0.15401550880106132
4,1517,1521,0.15401539171861348
4,1524,1528,0.154012269900486
3,1526,1529,0.15400951724141662
3,1510,1513,0.1540099939653541
3,1511,1514,0.15401051732123563
3,1513,1516,0.15401107711394751
3,1508,1511,0.1540116644824193
3,1506,1509,0.15401227174935048
3,1512,1515,0.1540128922867631
3,1511,1514,0.15401352039577104
3,1508,1511,0.15401415119911882
3,1504,1507,0.15401478054518475
3,1500,1503,0.15401540492227586
3,1503,1506,0.15401602138215742
3,1520,1523,0.1540166274718673
3,1529,1532,0.15401722117295952
3,1524,1527,0.15401780084740804
3,1518,1521,0.15401836518947926
3,1509,1512,0.1540189131829509
3,1506,1509,0.15401944406311835
3,1510,1513,0.1540199572830857
3,1515,1518,0.15402045248389065
3,1508,1511,0.1540209294680565
3,1514,1517,0.15402138817620822
3,1515,1518,0.15402182866642444
3,1520,1523,0.15402225109603263
3,1506,1509,0.15402265570558327
3,1509,1512,0.15402304280476764
3,1510,1513,0.15402341276006618
3,1511,1514,0.15402376598393863
3,1526,1529,0.1540241029253848
3,1516,1519,0.154024424061724
3,1516,1519,0.15402472989145657
3,1515,1518,0.15402502092808523
3,1521,1524,0.15402529769478682
3,1511,1514,0.1540255607198372
3,1508,1511,0.15402581053270126
3,1516,1519,0.1540260476607107
4,1517,1521,0.15402627262625976
4,1515,1519,0.15402321395123267
4,1509,1513,0.15402044978577195
4,1492,1496,0.15401795170055263
5,1509,1514,0.15401569401497128
5,1511,1516,0.154010447779641
6,1496,1502,0.15400569425205768
6,1491,1497,0.15399812428956447
7,1498,1505,0.1539912629020354
7,1499,1506,0.15398177866701826
7,1498,1505,0.15397318044931999
7,1503,1510,0.15396538456273975
8,1501,1509,0.15395831528389517
8,1496,1504,0.15394862467225753
8,1491,1499,0.15393983678854833
8,1493,1501,0.15393186649288954
8,1486,1494,0.15392463674239384
8,1497,1505,0.15391807781686015
8,1503,1511,0.15391212661878423
8,1526,1534,0.1539067260405351
8,1512,1520,0.1539018243922365
8,1517,1525,0.15389737488451538
8,1517,1525,0.1538933351608411
9,1530,1539,0.15388966687468847
9,1514,1523,0.1538830671847593
9,1513,1522,0.1538770783796615
9,1518,1527,0.153871643112211
9,1523,1532,0.15386670947041373
10,1528,1538,0.1538622304590419
10,1525,1535,0.15385491462465783
9,1505,1514,0.1538482762180625
9,1505,1514,0.15384447911400478
9,1517,1526,0.15384145234167054
8,1520,1528,0.15383874161466018
8,1520,1528,0.15383861229685053
8,1514,1522,0.15383858667151223
8,1523,1531,0.15383864923327675
8,1526,1534,0.1538387863020447
8,1518,1526,0.15383898582740552
8,1520,1528,0.1538392372130558
9,1510,1519,0.15383953115922414
9,1513,1522,0.15383660315864586
9,1512,1521,0.1538340070442648
9,1509,1518,0.1538317078628782
10,1506,1516,0.15382967420444751
10,1503,1513,0.15382460340977147
9,1508,1517,0.15382005058832302
9,1520,1529,0.1538181466449032
8,1512,1520,0.15381652767686568
8,1509,1517,0.15381730712027292
8,1510,1518,0.15381817736489117
8,1512,1520,0.1538191193543357
8,1504,1512,0.15382011651087502
8,1498,1506,0.15382115445635453
8,1499,1507,0.15382222076255048
8,1508,1516,0.15382330472795666
8,1521,1529,0.15382439717830476
7,1518,1525,0.15382549028839018
7,1520,1527,0.15382872297155167
8,1519,1527,0.15383175675905025
8,1515,1523,0.1538324326366033
9,1512,1521,0.1538331245313726
7,1518,1525,0.15383056820921812
7,1511,1518,0.15383374549909645
7,1504,1511,0.15383676137992836
7,1508,1515,0.15383962254526867
7,1500,1507,0.15384233558602267
7,1502,1509,0.15384490696713538
7,1485,1492,0.1538473430085594
7,1499,1506,0.1538496498699658
7,1513,1520,0.15385183353871895
7,1505,1512,0.15385389982069259
7,1503,1510,0.1538558543335492
7,1515,1522,0.15385770250214922
7,1516,1523,0.15385944955579445
7,1516,1523,0.15386110052704263
7,1513,1520,0.15386266025186313
6,1511,1517,0.15386413337092816
6,1507,1513,0.15386772947642233
6,1520,1526,0.15387111047068142
6,1503,1509,0.15387428905668193
6,1496,1502,0.15387727720344926
5,1504,1509,0.15388008618685142
4,1508,1512,0.15388488414624152
4,1507,1511,0.1538915462513273
4,1516,1520,0.15389780567677547
4,1529,1533,0.15390368656985876
4,1530,1534,0.15390921164885105
5,1522,1527,0.15391440228570347
4,1516,1520,0.15391603117146035
4,1508,1512,0.1539198091487594
4,1506,1510,0.1539234533953798
4,1516,1520,0.15392696263859384
4,1514,1518,0.15393033660107874
4,1509,1513,0.15393357585098638
4,1511,1515,0.1539366816698236
4,1499,1503,0.15393965593621506
4,1506,1510,0.15394250102382054
3,1493,1496,0.15394521971185754
4,1503,1507,0.1539499752054015
4,1508,1512,0.15395224882771213
4,1509,1513,0.15395442515808688
4,1514,1518,0.15395650609452066
4,1523,1527,0.15395849381204785
3,1523,1526,0.15396039070767217
3,1518,1521,0.1539645765879544
3,1524,1527,0.15396851255316016
3,1522,1525,0.15397221330358873
3,1514,1517,0.15397569269687775
3,1522,1525,0.15397896379407944
3,1513,1516,0.15398203890344891
3,1522,1525,0.15398492962203197
3,1523,1526,0.15398764687514113
3,1523,1526,0.15399020095380717
3,1520,1523,0.15399260155029207
3,1518,1521,0.1539948577917477
4,1510,1514,0.15399697827210315
3,1509,1512,0.15399570304793386
3,1514,1517,0.153996770679923
3,1530,1533,0.15399787123683079
3,1527,1530,0.15399899316384716
3,1531,1534,0.15400012653905848
3,1527,1530,0.15400126288370966
3,1521,1524,0.15400239499278784
3,1522,1525,0.15400351678383953
3,1525,1528,0.1540046231621428
3,1517,1520,0.15400570990054463
3,1515,1518,0.1540067735324438
3,1518,1521,0.15400781125655377
3,1526,1529,0.15400882085221665
3,1516,1519,0.154009800604165
3,1513,1516,0.15401074923573957
3,1525,1528,0.1540116658496719
3,1531,1534,0.1540125498756314
3,1524,1527,0.15401340102381864
3,1506,1509,0.15401421924395964
3,1519,1522,0.15401500468912224
3,1515,1518,0.1540157576838349
3,1521,1524,0.1540164786960427
3,1505,1508,0.15401716831248202
3,1493,1496,0.1540178272171004
3,1493,1496,0.15401845617218501
3,1495,1498,0.15401905600190058
3,1498,1501,0.15401962757796628
4,1514,1518,0.15402017180723188
4,1496,1500,0.15401743019130656
4,1507,1511,0.15401496752337437
4,1511,1515,0.154012755999407
5,1519,1524,0.15401077055297172
6,1527,1533,0.15400571407671684
6,1509,1515,0.15399790889480244
6,1513,1519,0.15399084719015385
5,1524,1529,0.15398445792716653
5,1521,1526,0.1539808478821822
5,1502,1507,0.15397765644334463
5,1513,1518,0.15397432267146238
4,1512,1516,0.15397140366975692
3,1508,1511,0.15397192892239203
3,1521,1524,0.15397468769491718
3,1514,1517,0.15397735463235518
3,1509,1512,0.1539799279338634
4,1510,1514,0.1539824066244631
4,1513,1517,0.15398154938161177
4,1514,1518,0.15398089932084433
4,1506,1510,0.15398042882749735
4,1510,1514,0.15398011341816342
4,1506,1510,0.15397993141001087
4,1518,1522,0.15397986362375396
4,1518,1522,0.15397989311692042
4,1512,1516,0.15398000494439326
4,1515,1519,0.1539801859435014
4,1522,1526,0.15398042454120245
3,1520,1523,0.1539807105811433
3,1524,1527,0.1539832966112412
3,1508,1511,0.15398576655744936
3,1499,1502,0.15398812343967852
5,1501,1506,0.1539903704881727
5,1496,1501,0.15398609046501224
5,1496,1501,0.15398229984435619
5,1511,1516,0.15397894659332975
5,1522,1527,0.1539759840057258
5,1506,1511,0.1539733701682606
3,1503,1506,0.15397106747963737
3,1493,1496,0.15397408948189503
3,1507,1510,0.1539769827216511
3,1501,1504,0.15397974961618213
3,1513,1516,0.15398239296555016
3,1508,1511,0.15398491587765176
2,1513,1515,0.1539873217028537
2,1514,1516,0.15399177255371532
2,1508,1510,0.15399598308195547
2,1513,1515,0.15399996492903947
2,1513,1515,0.15400372931871714
2,1510,1512,0.15400688388319672
2,1502,1504,0.15400990625192856
2,1508,1510,0.1540127986279239
2,1505,1507,0.1540155636494593
2,1505,1507,0.15401820430820384
2,1496,1498,0.15402072387770993
2,1499,1501,0.154023125851115
2,1497,1499,0.15402541388702118
2,1502,1504,0.15402759176262998
2,1501,1503,0.154029663333305
2,1509,1511,0.1540316324978252
2,1501,1503,0.15403350316866793
2,1512,1514,0.15403527924673294
2,1507,1509,0.15403696459998137
2,1510,1512,0.15403856304552044
2,1520,1522,0.15404007833471603
2,1523,1525,0.15404151414096
2,1506,1508,0.1540428740497618
2,1515,1517,0.15404416155086834
2,1519,1521,0.15404538003215085
2,1513,1515,0.15404653277502603
2,1504,1506,0.15404762295120486
2,1502,1504,0.1540486536205866
3,1496,1499,0.15404962773013586
3,1515,1518,0.1540472820505674
4,1511,1515,0.15404519023307262
4,1515,1519,0.1540400553162771
4,1515,1519,0.15403542992794667
4,1512,1516,0.15403126394729785
4,1513,1517,0.1540275121573181
4,1510,1514,0.1540241337665942
4,1525,1529,0.1540210919776696
3,1522,1525,0.15401835359740887
3,1522,1525,0.15401807398336803
3,1517,1520,0.1540179063353636
3,1527,1530,0.15401783456068738
3,1522,1525,0.15401784445104022
3,1508,1511,0.1540179234796803
3,1506,1509,0.15401806061949963
3,1509,1512,0.15401824617991972
3,1514,1517,0.15401847166070762
3,1511,1514,0.15401872962100185
3,1525,1528,0.15401901356200823
3,1522,1525,0.15401931782197922
3,1518,1521,0.15401963748222858
3,1513,1516,0.15401996828305753
2,1517,1519,0.1540203065485818
2,1515,1517,0.15402294672663455
2,1509,1511,0.15402543709788405
3,1512,1515,0.1540277857422569
3,1509,1512,0.1540267252152948
3,1503,1506,0.154025844061533
2,1512,1514,0.15402512025358198
2,1533,1535,0.15402675711410604
2,1519,1521,0.15402837398674735
2,1519,1521,0.1540299643038675
2,1520,1522,0.15403152265756642
2,1519,1521,0.15403304465494924
3,1518,1521,0.15403452678943252
3,1509,1512,0.15403270625253768
3,1508,1511,0.1540311451735089
3,1495,1498,0.1540298132934368
3,1507,1510,0.154028683601925
3,1518,1521,0.15402773200264255
3,1500,1503,0.1540269370125163
3,1504,1507,0.15402627949122508
3,1519,1522,0.1540257423979871
3,1508,1511,0.15402531057292668
3,1500,1503,0.15402497054057515
3,1510,1513,0.1540247103333014
3,1499,1502,0.1540245193326844
3,1495,1498,0.15402438812703698
3,1506,1509,0.1540243083834668
3,1509,1512,0.15402427273302
3,1521,1524,0.15402427466759608
3,1515,1518,0.15402430844745418
3,1518,1521,0.15402436901824582
3,1515,1518,0.15402445193661612
3,1518,1521,0.15402455330351011
3,1516,1519,0.15402466970440604
3,1521,1524,0.15402479815577613
3,1510,1513,0.15402493605714374
3,1503,1506,0.15402508114816882
3,1496,1499,0.1540252314702513
3,1522,1525,0.15402538533219162
3,1523,1526,0.15402554127949453
3,1527,1530,0.15402569806694363
3,1521,1524,0.15402585463411067
4,1522,1526,0.15402601008349884
3,1521,1524,0.15402288917900317
3,1513,1516,0.15402226253696788
2,1522,1524,0.15402177574626105
2,1520,1522,0.1540236142104187
2,1515,1517,0.15402542098214472
2,1516,1518,0.15402719027770406
2,1520,1522,0.1540289174066168
2,1517,1519,0.15403059863391108
2,1519,1521,0.15403223105759822
2,1505,1507,0.1540338124997873
2,1509,1511,0.15403534141001518
2,1507,1509,0.15403681677951234
2,1510,1512,0.15403823806525313
2,1505,1507,0.1540396051227571
1,1512,1513,0.15404091814671195
1,1519,1520,0.15404457696766008
1,1504,1505,0.15404801410605137
1,1514,1515,0.15405124298310957
1,1512,1513,0.1540542762085148
1,1516,1517,0.15405712562937562
1,1506,1507,0.15405980237625563
1,1503,1504,0.15406231690643085
1,1497,1498,0.15406467904454385
1,1505,1506,0.15406689802081006
1,1495,1496,0.15406898250692339
1,1497,1498,0.15407094064979895
1,1517,1518,0.1540727801032822
1,1524,1525,0.15407450805794703
1,1533,1534,0.15407613126909755
1,1532,1533,0.15407765608308086
1,1539,1540,0.15407908846201276
1,1529,1530,0.15408043400701196
1,1535,1536,0.1540816979800317
1,1514,1515,0.1540828853243742
1,1520,1521,0.154084000683966
1,1517,1518,0.15408504842146978
1,1520,1521,0.15408603263530252
1,1521,1522,0.15408695717562498
1,1518,1519,0.1540878256593659
1,1518,1519,0.15408864148433776
1,1521,1522,0.15408940784249997
1,1521,1522,0.1540901277324199
2,1520,1522,0.15409080397098082
2,1528,1530,0.15408817592519186
2,1524,1526,0.15408581368906193
3,1516,1519,0.15408369082688209
3,1516,1519,0.15407851301712713
3,1521,1524,0.15407383493660184
3,1538,1541,0.1540696083702403
3,1524,1527,0.1540657897541827
3,1507,1510,0.1540623397271099
3,1507,1510,0.15405922272485653
3,1510,1513,0.15405640661412812
3,1502,1505,0.15405386236155016
3,1520,1523,0.1540515637346407
3,1504,1507,0.15404948703162746
3,1510,1513,0.1540476108373269
3,1503,1506,0.15404591580257146
3,1505,1508,0.154044384444913
3,1496,1499,0.15404300096855095
3,1489,1492,0.15404175110163001
3,1493,1496,0.15404062194923226
3,1511,1514,0.1540396018605499
3,1509,1512,0.15403868030887044
3,1507,1510,0.1540378477831386
3,1512,1515,0.15403709568997853
3,1497,1500,0.15403641626516681
3,1499,1502,0.15403580249364493
3,1514,1517,0.15403524803724752
4,1513,1517,0.1540347471694021
4,1520,1524,0.1540310220947059
3,1518,1521,0.1540276464902834
5,1525,1530,0.15402680605868327
5,1525,1530,0.154020550258474
4,1527,1531,0.15401487941743597
4,1530,1534,0.15401280850244992
4,1520,1524,0.15401094330018117
4,1526,1530,0.1540092635771425
4,1519,1523,0.15400775107817719
4,1523,1527,0.15400638933372576
4,1519,1523,0.15400516348582788
4,1514,1518,0.15400406013104043
4,1515,1519,0.15400306717862963
4,1518,1522,0.15400217372255434
4,1524,1528,0.1540013699259008
4,1512,1516,0.15400064691656049
4,1520,1524,0.15399999669305833
4,1519,1523,0.15399941203954584
4,1515,1519,0.15399888644906856
4,1512,1516,0.15399841405430417
4,1501,1505,0.15399798956504523
4,1490,1494,0.15399760821177083
4,1507,1511,0.1539972656947161
4,1507,1511,0.1539969581379042
4,1514,1518,0.15399668204765915
4,1516,1520,0.15399643427516327
4,1512,1516,0.1539962119826661
4,1518,1522,0.15399601261298987
4,1516,1520,0.1539958338620099
3,1521,1524,0.15399567365382205
2,1517,1519,0.15399768671449782
2,1519,1521,0.1540017490512026
2,1506,1508,0.15400557050565683
2,1512,1514,0.15400916507032672
2,1509,1511,0.1540125459542624
2,1517,1519,0.15401572562393628
2,1524,1526,0.15401871584227514
2,1517,1519,0.15402152770592878
2,1522,1524,0.15402417168082233
2,1524,1526,0.15402665763604223
2,1523,1525,0.15402899487610777
2,1510,1512,0.15403119217168298
2,1507,1509,0.15403325778878296
1,1507,1508,0.15403519951653072
1,1500,1501,0.15403920620811376
1,1508,1509,0.15404297018736024
1,1522,1523,0.15404650613398893
1,1522,1523,0.15404982784212212
1,1527,1528,0.15405294827348964
1,1520,1521,0.15405587960745856
1,1523,1524,0.15405863328807531
1,1517,1518,0.15406122006829728
1,1498,1499,0.15406365005157965
1,1506,1507,0.15406593273097413
1,1518,1519,0.154068077025887
1,1512,1513,0.1540700913166356
1,1513,1514,0.1540719834769334
1,1501,1502,0.15407376090442734
1,1500,1501,0.15407543054940295
1,1516,1517,0.15407699894176638
1,1525,1526,0.1540784722164062
1,1531,1532,0.1540798561370313
1,1520,1521,0.154081156118576
1,1524,1525,0.15408237724825788
1,1512,1513,0.1540835243053689
1,1521,1522,0.15408460177987543
1,1516,1517,0.15408561388989864
1,1517,1518,0.154086564598142
1,1521,1522,0.15408745762732934
1,1535,1536,0.15408829647471245
1,1519,1520,0.15408908442570407
1,1515,1516,0.15408982456668913
1,1521,1522,0.15409051979706284
1,1513,1514,0.15409117284054286
1,1514,1515,0.15409178625579856
1,1527,1528,0.15409236244643862
1,1511,1512,0.15409290367039583
1,1520,1521,0.15409341204874497
1,1527,1528,0.15409388957398795
1,1515,1516,0.15409433811783846
1,1517,1518,0.15409475943853618
1,1510,1511,0.1540951551877189
1,1518,1519,0.15409552691687917
1,1528,1529,0.15409587608343037
1,1530,1531,0.15409620405640628
1,1534,1535,0.1540965121218156
1,1520,1521,0.15409680148767266
1,1531,1532,0.15409707328872357
1,1527,1528,0.15409732859088682
1,1523,1524,0.15409756839542443
1,1523,1524,0.15409779364286127
1,1517,1518,0.15409800521666667
1,1508,1509,0.15409820394671336
2,1525,1527,0.15409839061252673
2,1529,1531,0.15409529385929288
2,1516,1518,0.15409249211954879
2,1507,1509,0.15408995711454027
2,1522,1524,0.15408766328713813
2,1522,1524,0.15408558753921794
2,1516,1518,0.1540837089944235
2,1511,1513,0.15408200878385817
2,1513,1515,0.15408046985248544
1,1514,1515,0.1540790767842354
1,1512,1513,0.1540799872196248
1,1506,1507,0.15408088528492667
1,1507,1508,0.15408176753364752
1,1497,1498,0.15408263113855244
1,1501,1502,0.15408347381405918
1,1516,1517,0.15408429374724483
1,1512,1513,0.1540850895365632
1,1516,1517,0.15408586013746034
1,1517,1518,0.15408660481416042
0,1510,1510,0.15408732309696713
