1364,28,1392,0.13579591988929823
1401,28,1429,0.132961098668902
1422,29,1451,0.13028096710906995
1426,30,1456,0.1277870784032803
1439,30,1469,0.12550832886622304
1454,30,1484,0.12339984027892471
1460,31,1491,0.1214403968798339
1446,30,1476,0.11964331879129833
1449,33,1482,0.11804647278052137
1451,34,1485,0.11658624025808002
1465,34,1499,0.1152527325129214
1450,35,1485,0.11400483889024017
1454,35,1489,0.11291055033536582
1444,34,1478,0.11190554224462101
1452,34,1486,0.1110163809899333
1450,33,1483,0.11018805729448371
1459,35,1494,0.10944109484674637
1469,35,1504,0.10874004194137173
1456,35,1491,0.10807804731371398
1451,34,1485,0.10750779500091215
1450,37,1487,0.10700089860395247
1447,40,1487,0.10654189171100455
1457,39,1496,0.10613404452444226
1467,40,1507,0.10573978088174275
1462,39,1501,0.1053580235072706
1462,37,1499,0.10502188778798345
1467,37,1504,0.10471417145570219
1467,38,1505,0.10442432927917018
1459,37,1496,0.10415937493049089
1458,37,1495,0.1039378343323395
1460,37,1497,0.1037389342741691
1450,38,1488,0.10355431648939113
1455,38,1493,0.10341024135729451
1437,37,1474,0.10326706861176767
1440,37,1477,0.10317844380869384
1438,37,1475,0.10309114335663136
1437,37,1474,0.10301561336454297
1433,35,1468,0.10294941198845549
1447,38,1485,0.10289862057251266
1451,39,1490,0.10282076977157352
1454,40,1494,0.10273905966075698
1451,41,1492,0.1026598253279239
1455,42,1497,0.10259315042533196
1458,43,1501,0.10252481819956627
1453,45,1498,0.10245725100992263
1451,45,1496,0.1024068832456668
1443,47,1490,0.1023672695152412
1451,48,1499,0.1023495443505308
1454,49,1503,0.10231683205441651
1465,49,1514,0.1022800958438911
1463,50,1513,0.10222206069932628
1468,50,1518,0.1021738429634151
1463,50,1513,0.10211900990093778
1450,51,1501,0.10208097294255505
1446,52,1498,0.10207649870506572
1443,53,1496,0.10208093130538547
1451,53,1504,0.10209307379180128
1445,52,1497,0.10208537546236127
1445,54,1499,0.10209317240665895
1445,55,1500,0.10210045750430069
1454,54,1508,0.10210785953596098
1450,56,1506,0.10209663797471986
1437,56,1493,0.10209676425039774
1431,57,1488,0.10212731881306684
1435,56,1491,0.10216869689137022
1440,56,1496,0.10219887771782492
1437,56,1493,0.10221441749987267
1442,58,1500,0.1022349149454168
1443,59,1502,0.10224524475209197
1435,63,1498,0.1022539655713436
1430,69,1499,0.10227996507651284
1415,70,1485,0.1023164681153439
1418,71,1489,0.10238432844450272
1415,70,1485,0.10244095660250466
1413,71,1484,0.10250011712901218
1417,71,1488,0.10255999263044181
1425,69,1494,0.10260390756220959
1411,73,1484,0.10262750398981685
1425,72,1497,0.10267969044018146
1422,72,1494,0.1026971440181691
1431,72,1503,0.10272118436309606
1427,71,1498,0.10272242630723703
1419,73,1492,0.10273418341216316
1408,73,1481,0.10276161295537062
1411,74,1485,0.10281400394996282
1415,73,1488,0.10285283691503368
1424,70,1494,0.10288034834150685
1427,70,1497,0.10288592295306938
1421,72,1493,0.10288215643102408
1421,67,1488,0.10289388325820294
1432,68,1500,0.10290322355576337
1424,68,1492,0.10288513564142225
1422,67,1489,0.10288648420021959
1422,64,1486,0.10289322574624002
1421,65,1486,0.10289944803040313
1407,66,1473,0.10290612391308748
1426,68,1494,0.10294346724162046
1413,70,1483,0.10293485051641305
1412,69,1481,0.10295725712048416
1404,70,1474,0.10298100919831285
1416,68,1484,0.1030186147265126
1434,71,1505,0.10302472512218884
1416,72,1488,0.10299062580583765
1415,73,1488,0.10300116384671895
1424,78,1502,0.10301280684349765
1419,77,1496,0.10300414469767322
1424,75,1499,0.10301034530495996
1417,76,1493,0.10300656502535624
1423,72,1495,0.10301693912446078
1419,69,1488,0.10301480743580646
1412,68,1480,0.10301920707837137
1398,70,1468,0.10303688321158232
1403,71,1474,0.10308537657569133
1412,70,1482,0.10311900394562791
1409,69,1478,0.10312840504365858
1413,70,1483,0.10314303220453894
1422,69,1491,0.10314696187436038
1411,67,1478,0.10313072906822807
1421,65,1486,0.1031404947054178
1426,69,1495,0.10312469029887687
1433,67,1500,0.1031011027708416
1417,70,1487,0.10306335583560094
1411,71,1482,0.10306279403203841
1414,67,1481,0.10307862211719794
1428,67,1495,0.1030868867530442
1433,69,1502,0.10306334079506377
1421,73,1494,0.10303111495741447
1422,74,1496,0.1030293637131998
1420,72,1492,0.10302349935281281
1426,75,1501,0.10302199907358284
1427,76,1503,0.10300790514038784
1426,77,1503,0.10299382802911669
1434,76,1510,0.10298274512167672
1422,74,1496,0.10295703251625049
1414,73,1487,0.10296034116302895
1413,74,1487,0.10298079689916385
1424,72,1496,0.10300342954120101
1425,74,1499,0.10300151820705207
1426,78,1504,0.1029964414748491
1419,80,1499,0.10298832831505507
1414,81,1495,0.10299543017897951
1407,80,1487,0.1030134964815121
1412,82,1494,0.10304735178740922
1404,83,1487,0.10306633903622536
1412,82,1494,0.10310148821039995
1417,84,1501,0.10311843438101992
1417,83,1500,0.10312481121145843
1389,87,1476,0.10312993941312913
1389,87,1476,0.10319900685346091
1385,88,1473,0.10326451471068487
1385,85,1470,0.1033306895340699
1384,87,1471,0.10339189988451367
1395,90,1485,0.10344847953791475
1411,90,1501,0.10347505688519142
1405,88,1493,0.10346564693625541
1407,87,1494,0.10347277728632101
1404,86,1490,0.1034728828647464
1405,88,1493,0.10348038557489232
1400,90,1490,0.10348158509266245
1407,98,1505,0.1034943458245378
1406,98,1504,0.10349258063703388
1404,96,1500,0.10349554582283499
1395,95,1490,0.10350291697711465
1398,94,1492,0.10353158491225933
1396,96,1492,0.10354966484175175
1383,97,1480,0.10357181569306059
1403,102,1505,0.10362220011444535
1403,101,1504,0.10362488469147327
1397,102,1499,0.10362621098352026
1390,104,1494,0.10364176079504173
1403,102,1505,0.10367221824851494
1407,100,1507,0.10367234241532187
1396,101,1497,0.10366482676308336
1387,103,1490,0.10368155251702742
1386,104,1490,0.1037176817977372
1379,106,1485,0.10375254457312319
1391,99,1490,0.10380287787098456
1394,104,1498,0.10382194269852386
1402,103,1505,0.10383161076036565
1400,101,1501,0.10382171312427416
1400,98,1498,0.10381715751200346
1392,97,1489,0.103811144633322
1379,97,1476,0.10382455292445694
1377,99,1476,0.10386485152208025
1376,100,1476,0.10390698486905876
1379,99,1478,0.10395028890403957
1382,103,1485,0.10398283715493677
1380,105,1485,0.10400622652656293
1378,101,1479,0.10403137254835475
1388,98,1486,0.10405760816969224
1365,102,1467,0.10405877804552005
1372,99,1471,0.10411224887801966
1384,99,1483,0.1041486750170574
1388,101,1489,0.10415296120264075
1379,102,1481,0.10414947352826479
1398,109,1507,0.10416929418180823
1390,111,1501,0.10414485507921899
1382,112,1494,0.10413906895249238
1383,112,1495,0.10415251953144523
1382,110,1492,0.10416458791265748
1373,110,1483,0.10417578891932186
1368,105,1473,0.10420725010318961
1368,105,1473,0.10424866924879268
1370,106,1476,0.1042862419294594
1382,101,1483,0.10431736956756588
1388,101,1489,0.10431815958533046
1377,106,1483,0.10430563407395532
1383,109,1492,0.10431922324363668
1379,114,1493,0.10431823103876489
1380,118,1498,0.10432610615274897
1374,117,1491,0.1043324302656168
1378,117,1495,0.10435398343426314
1376,115,1491,0.1043656144569896
1372,115,1487,0.10438015321757903
1375,114,1489,0.1044012944984398
1382,112,1494,0.10441380475050749
1381,114,1495,0.10441103413854279
1375,118,1493,0.10440896035554179
1370,120,1490,0.10442221479905049
1381,124,1505,0.10444426625819293
1375,122,1497,0.10444323066424807
1386,122,1508,0.10445508550541836
1386,125,1511,0.10444302968069906
1374,120,1494,0.10443365868059094
1369,120,1489,0.10445269236338557
1385,124,1509,0.10448023572617605
1378,126,1504,0.1044704284019366
1371,125,1496,0.10447664551158699
1371,127,1498,0.1044966389571025
1360,128,1488,0.10451723151316808
1349,127,1476,0.10456120288248517
1348,128,1476,0.10462761621263159
1358,129,1487,0.10469023384509417
1356,125,1481,0.10472880167599113
1364,126,1490,0.10476763428938518
1368,128,1496,0.10478529774850492
1380,127,1507,0.10479324009850917
1376,125,1501,0.10477065319281338
1374,126,1500,0.10475815603264571
1379,127,1506,0.10475299574292761
1383,129,1512,0.10473730649259559
1367,131,1498,0.10471444267054915
1364,127,1491,0.10472583825187691
1359,131,1490,0.10474481032430141
1352,129,1481,0.10477434844057591
1353,130,1483,0.10481883549371857
1356,132,1488,0.10485830182715034
1351,131,1482,0.10488591266961383
1367,131,1498,0.10492333388808028
1367,133,1500,0.10492411513358511
1366,134,1500,0.10492447683023003
1360,140,1500,0.10492715251710479
1372,140,1512,0.10494371809323061
1380,141,1521,0.10492968947786498
1387,139,1526,0.10489640724399792
1373,139,1512,0.10485024618549164
1373,143,1516,0.10484195392743689
1363,143,1506,0.10483596773171888
1362,145,1507,0.1048555426749637
1360,148,1508,0.10487583632554955
1341,150,1491,0.10490026410013893
1344,146,1490,0.10496583209090296
1346,146,1492,0.10502032839512232
1336,143,1479,0.10506782344840339
1343,144,1487,0.1051322268243226
1349,149,1498,0.10517520922191373
1363,152,1515,0.10520246663997504
1348,149,1497,0.1051956146462863
1353,148,1501,0.10522380552316392
1342,145,1487,0.10523895714571972
1347,147,1494,0.10527942919121941
1358,139,1497,0.10530548412562085
1357,141,1498,0.10530207192385038
1357,140,1497,0.10529948664972621
1360,139,1499,0.10529842687234549
1368,145,1513,0.1052906171542869
1371,144,1515,0.10526380360050737
1359,144,1503,0.1052322947875324
1357,147,1504,0.10522990990269405
1356,149,1505,0.1052318322688356
1349,148,1497,0.10523553378622799
1340,149,1489,0.10525342564686496
1329,149,1478,0.10529238605312113
1325,151,1476,0.10535675784041608
1329,154,1483,0.10542502919243749
1333,155,1488,0.10547981222886751
1331,155,1486,0.105517483929635
1337,159,1496,0.10555688883859467
1334,159,1493,0.10558016743146824
1348,159,1507,0.10560952200932797
1342,159,1501,0.10560599696229549
1347,158,1505,0.10561757979082141
1349,158,1507,0.10561972832871622
1344,157,1501,0.10561655283508553
1343,160,1503,0.10562785556920336
1356,162,1518,0.10564035738304382
1344,164,1508,0.10562191821575456
1330,163,1493,0.10563320860273497
1329,162,1491,0.10567588560307273
1326,161,1487,0.10571907289198475
1325,161,1486,0.10576704087836529
1324,166,1490,0.10581389393841949
1326,166,1492,0.1058590874160738
1330,171,1501,0.10589605644863137
1332,168,1500,0.10592222199861535
1317,166,1483,0.10594295090053216
1305,167,1472,0.10599482806081326
1324,164,1488,0.106072103636484
1336,170,1506,0.10609801833962873
1339,167,1506,0.10609641271181956
1334,167,1501,0.10608798711354162
1329,168,1497,0.10608618003217224
1333,166,1499,0.10609728879856208
1331,167,1498,0.1060999330627135
1330,168,1498,0.10610651053438647
1333,171,1504,0.10611562781409777
1329,170,1499,0.10611690591408347
1329,172,1501,0.10612787243333191
1332,179,1511,0.10613906504445456
1328,178,1506,0.10614288320605487
1327,181,1508,0.10615591180957783
1321,184,1505,0.10617120044289002
1319,181,1500,0.10619950683364941
1317,178,1495,0.1062323318771034
1320,182,1502,0.10626747831225959
1310,182,1492,0.10629389776895963
1319,181,1500,0.10634043319630443
1316,179,1495,0.10636425361452019
1309,185,1494,0.1063901995837538
1307,182,1489,0.10643133401197026
1308,181,1489,0.10647291740445539
1300,185,1485,0.10650881825296155
1309,182,1491,0.10655981883100209
1320,187,1507,0.10658579151539001
1317,187,1504,0.10658286720339824
1308,186,1494,0.10658624624685686
1306,189,1495,0.10660968833587066
1316,193,1509,0.10663813728465377
1312,190,1502,0.10664569185267542
1314,189,1503,0.10666159694255718
1310,193,1503,0.10667035768179957
1319,194,1513,0.106689829769347
1310,195,1505,0.1066844822282135
1309,198,1507,0.10670212919715577
1305,194,1499,0.10672217006371712
1303,194,1497,0.10675079329373556
1297,197,1494,0.1067834442228651
1293,192,1485,0.10682712350313998
1298,190,1488,0.10687572083628989
1302,190,1492,0.10690878900556616
1289,185,1474,0.10692805950784855
1293,188,1481,0.10697922424440272
1297,189,1486,0.10701593542325114
1310,192,1502,0.10704274170649625
1306,189,1495,0.10703750882103041
1301,192,1493,0.10703961861495222
1294,195,1489,0.10705346764744986
1302,200,1502,0.107081700087133
1305,199,1504,0.10709036978158473
1301,203,1504,0.10709146586429297
1293,205,1498,0.10710427823445766
1287,203,1490,0.10713553758026077
1296,201,1497,0.10717869335700488
1290,200,1490,0.10720102065413756
1279,212,1491,0.1072344494271952
1287,221,1508,0.10729143791857185
1296,222,1518,0.10732438604362154
1303,219,1522,0.10733666509262374
1295,212,1507,0.10733335410556244
1287,213,1500,0.1073459074843596
1280,213,1493,0.10737608129245962
1285,218,1503,0.1074218087997478
1283,222,1505,0.10745414566366236
1277,225,1502,0.1074896576392391
1283,225,1508,0.10753663030526033
1271,225,1496,0.10756853725114648
1262,226,1488,0.1076236622993511
1257,227,1484,0.10769841045537908
1275,223,1498,0.10777586686009594
1269,221,1490,0.10780781184389365
1274,222,1496,0.10785280404969119
1284,220,1504,0.10788475329167575
1285,222,1507,0.10788741788809063
1274,222,1496,0.10788886338204322
1272,226,1498,0.1079174890954231
1273,232,1505,0.10794788576406156
1290,233,1523,0.10797437506318318
1286,228,1514,0.10795916108070404
1284,228,1512,0.10795175298529461
1290,226,1516,0.10795155441097119
1275,225,1500,0.10793863153389943
1273,225,1498,0.1079619113921006
1270,228,1498,0.10798428432258915
1270,226,1496,0.10801303400390189
1264,226,1490,0.10804260143482218
1260,233,1493,0.10808408087035641
1260,237,1497,0.1081315199708405
1256,237,1493,0.10817564082499499
1256,233,1489,0.10822454171926331
1264,230,1494,0.10826890968608774
1265,229,1494,0.10829259823284454
1270,231,1501,0.10831244388396614
1269,229,1498,0.10831878622116595
1265,230,1495,0.10832624439447526
1270,226,1496,0.10834057360518975
1267,230,1497,0.10834473894696188
1264,230,1494,0.10835628738042757
1258,233,1491,0.10837494264987443
1262,237,1499,0.10840638239225515
1274,243,1517,0.10842546570720046
1268,247,1515,0.10841772684938342
1269,244,1513,0.10842632394280251
1270,243,1513,0.1084321722711785
1254,249,1503,0.10843493562958638
1257,250,1507,0.1084756983340353
1255,254,1509,0.10850667690684772
1247,248,1495,0.10854179910779163
1244,255,1499,0.10859247583809857
1242,260,1502,0.10864655002566498
1235,249,1484,0.1087021131326233
1232,254,1486,0.10876831619372901
1230,259,1489,0.10883670812645024
1223,256,1479,0.10890369116964849
1225,259,1484,0.10898168615514336
1212,262,1474,0.1090465972028432
1226,257,1483,0.10913769220912034
1226,257,1483,0.10918864601223678
1240,255,1495,0.1092366316479484
1248,255,1503,0.10924844331505348
1244,249,1493,0.10923820671624114
1241,250,1491,0.1092398840852249
1228,250,1478,0.1092489573510538
1253,247,1500,0.10928832272566823
1254,257,1511,0.10926329597245864
1260,255,1515,0.109237091611042
1262,258,1520,0.10920182811717773
1257,261,1518,0.10916457594200363
1259,265,1524,0.10914158056583284
1259,266,1525,0.1091168516594464
1237,265,1502,0.10909514402829966
1248,266,1514,0.1091262843120482
1256,263,1519,0.109131540273087
1234,260,1494,0.10911842500470065
1231,261,1492,0.10915600879316541
1243,261,1504,0.1091972955460091
1243,258,1501,0.10920918557068254
1243,264,1507,0.10921674708792015
1246,261,1507,0.10922486754691672
1247,256,1503,0.10922772916595395
1236,251,1487,0.10923029361621009
1225,258,1483,0.10925683542904664
1237,261,1498,0.10930703204364153
1241,265,1506,0.10932445921414416
1232,265,1497,0.10933374957718078
1221,265,1486,0.1093592188705165
1223,263,1486,0.10940608614254423
1229,263,1492,0.10944696135422671
1238,261,1499,0.10947207022410126
1234,266,1500,0.10947521960717509
1237,267,1504,0.10948453578502444
1241,266,1507,0.10948932522491761
1239,263,1502,0.10948547396803165
1229,264,1493,0.10948689877376708
1221,270,1491,0.10951040228660817
1214,270,1484,0.10955029638616326
1222,272,1494,0.10960297702581506
1227,274,1501,0.10963500277845675
1228,268,1496,0.10965306335253899
1226,262,1488,0.10966574347865432
1224,268,1492,0.10968076586583746
1220,272,1492,0.10970018004151001
1210,268,1478,0.10972825051706678
1201,274,1475,0.10977793629614269
1210,275,1485,0.1098460236619378
1219,277,1496,0.10989077896198624
1211,276,1487,0.1099093542846065
1225,280,1505,0.10994347970707402
1216,278,1494,0.10993956029216599
1220,273,1493,0.10995617969936358
1214,277,1491,0.10996325151815167
1217,274,1491,0.10998352783426232
1216,278,1494,0.10999481905257177
1208,279,1487,0.11000982428729665
1208,274,1482,0.11003972484396872
1205,283,1488,0.11007067383715295
1212,281,1493,0.11010427134553832
1214,282,1496,0.11012189737061515
1216,280,1496,0.11013378483725163
1208,277,1485,0.11013766505892564
1218,290,1508,0.11015810477728788
1212,289,1501,0.11015634413746174
1214,286,1500,0.11016889470689016
1211,286,1497,0.11017296434327442
1208,284,1492,0.11018454907659261
1206,284,1490,0.11020255302029032
1199,281,1480,0.11022177333176336
1204,287,1491,0.11025643634621062
1200,292,1492,0.11027839359301965
1199,290,1489,0.11030824408992251
1200,289,1489,0.1103404292001907
1192,297,1489,0.11037092026878981
1196,295,1491,0.11041880261399202
1204,292,1496,0.11045407570069277
1196,297,1493,0.11046684832545527
1200,298,1498,0.1104979530493209
1202,297,1499,0.11051865008319578
1210,295,1505,0.11053190045138075
1208,301,1509,0.1105272796295262
1203,298,1501,0.11052613201456171
1198,299,1497,0.11053604979597999
1201,300,1501,0.11055634237712393
1199,299,1498,0.11056732051585691
1191,301,1492,0.11058419158273235
1195,300,1495,0.11061568186939494
1195,301,1496,0.11063730487534087
1189,304,1493,0.1106573621702801
1183,304,1487,0.11068756568702592
1190,300,1490,0.11073058324495523
1183,303,1486,0.1107552619709291
1190,304,1494,0.11079396128137162
1202,302,1504,0.11081197960958435
1199,306,1505,0.11080351501721214
1190,307,1497,0.11080170952064954
1181,302,1483,0.11082311764465008
1180,313,1493,0.11086620362175821
1165,312,1477,0.1109067128979811
1180,317,1497,0.11097779565665053
1170,316,1486,0.11101023476745399
1171,313,1484,0.11106376512414526
1173,312,1485,0.11111317689060642
1180,314,1494,0.11115717552403517
1175,317,1492,0.11118168335430485
1171,312,1483,0.11121569523042779
1170,316,1486,0.11125532933912811
1161,322,1483,0.11129402139769638
1173,316,1489,0.11134945959328131
1161,317,1478,0.1113770387684055
1174,318,1492,0.11142741170083634
1177,326,1503,0.11144546791769723
1172,334,1506,0.11145308300533521
1170,329,1499,0.11147431709386016
1161,333,1494,0.11149909478730428
1155,330,1485,0.11154389450662001
1152,333,1485,0.1115985944664948
1148,333,1481,0.11165783710522081
1159,328,1487,0.11172388784455371
1157,339,1496,0.11175653206541121
1156,346,1502,0.11179271961388856
1146,348,1494,0.11183130314101287
1156,348,1504,0.11188880010617058
1148,347,1495,0.1119184722098545
1143,341,1484,0.11196592596800063
1141,347,1488,0.11202223054995702
1141,351,1492,0.11207934440534562
1145,353,1498,0.11213405346403725
1139,354,1493,0.11217721887492985
1143,353,1496,0.11223149774987698
1151,351,1502,0.11227020125179127
1148,348,1496,0.11228462247001847
1164,349,1513,0.11230267786249425
1159,350,1509,0.11228756400832687
1151,356,1507,0.11228711983949634
1153,362,1515,0.1123055799313201
1145,362,1507,0.11232112666472169
1129,352,1481,0.11235259794218636
1128,354,1482,0.11241697124256587
1130,358,1488,0.11248038092399096
1127,361,1488,0.11253354795046508
1129,364,1493,0.11258808776707031
1136,363,1499,0.11263332817438265
1128,369,1497,0.11265401254457261
1120,368,1488,0.1126909195510811
1118,364,1482,0.11274506983116997
1123,360,1483,0.11280326104683698
1130,357,1487,0.11284566482714244
1133,359,1492,0.11286889425616234
1123,362,1485,0.11288431850953672
1133,361,1494,0.11292167893573611
1138,364,1502,0.11293383629035532
1131,366,1497,0.11293464123625713
1122,371,1493,0.11295126130762652
1116,374,1490,0.11298851060304031
1123,377,1500,0.11303762909803225
1116,376,1492,0.113069055450599
1119,379,1498,0.11311526007504531
1112,378,1490,0.11314927688742181
1112,377,1489,0.11319723961670562
1116,376,1492,0.11324203291150557
1119,379,1498,0.11327365713066183
1125,378,1503,0.11329883033782984
1123,380,1503,0.11331023008582969
1122,373,1495,0.11332450003762172
1126,374,1500,0.11333934428480484
1131,378,1509,0.11334336741365142
1132,381,1513,0.11333605854883419
1128,374,1502,0.11332795281538281
1135,375,1510,0.11333357935503745
1126,380,1506,0.11332310247630138
1126,381,1507,0.11333442755862212
1139,381,1520,0.11334329868664153
1129,382,1511,0.1133190526360795
1124,378,1502,0.11332224420880443
1123,383,1506,0.11333490861456305
1119,385,1504,0.11334978598750041
1118,380,1498,0.11337482693583739
1119,384,1503,0.11340120014156842
1125,382,1507,0.11342393100290529
1120,379,1499,0.11342897850422357
1128,378,1506,0.11344482714624839
1128,380,1508,0.11344120197508223
1115,382,1497,0.11343834263278518
1123,381,1504,0.11346751966711022
1127,385,1512,0.11347366473886751
1125,381,1506,0.11346975103670116
1117,379,1496,0.11347358235737967
1111,379,1490,0.11349531804691533
1118,377,1495,0.11352885230009795
1116,383,1499,0.11354419870557195
1116,380,1496,0.11356184096714195
1104,374,1478,0.11357735561402255
1100,385,1485,0.11361629459586309
1105,385,1490,0.11366304456870456
1117,389,1506,0.11369823970673272
1113,397,1510,0.11370268018217702
1113,394,1507,0.11371792752557724
1116,396,1512,0.11373274902866555
1123,400,1523,0.11373936328391303
1104,392,1496,0.1137334237874232
1093,400,1493,0.1137677417149879
1105,405,1510,0.1138236860947617
1100,414,1514,0.11384867174788287
1091,412,1503,0.11388378899975252
1095,413,1508,0.1139392843160687
1094,413,1507,0.11398129114324368
1097,421,1518,0.11402162412808795
1102,420,1522,0.1140527460663388
1105,416,1521,0.11407337250052205
1096,416,1512,0.11408561010428052
1090,413,1503,0.1141182268092809
1086,413,1499,0.1141633284320369
1090,423,1513,0.11421403872992532
1080,414,1494,0.11425081038845665
1080,414,1494,0.11431012643469984
1077,416,1493,0.11436402259437799
1086,416,1502,0.11442229765028983
1088,413,1501,0.1144522358855823
1081,410,1491,0.11447539219236916
1076,408,1484,0.11451131837294282
1076,410,1486,0.1145587741822214
1075,409,1484,0.11460304918856941
1088,417,1505,0.11464635021797129
1085,420,1505,0.11465375276134188
1083,423,1506,0.11466564415978178
1079,422,1501,0.11467823290612021
1088,420,1508,0.11470036448597995
1083,426,1509,0.11470037080305504
1084,430,1514,0.11470981276512011
1082,428,1510,0.11471720415726314
1076,423,1499,0.11472895195927385
1083,426,1509,0.11475314732729214
1079,427,1506,0.11476151042281213
1084,423,1507,0.11477796492221785
1085,424,1509,0.11478250314707697
1087,420,1507,0.11478614679903675
1076,412,1488,0.11478676505020104
1077,416,1493,0.11481333075218916
1076,420,1496,0.11483254542447476
1078,419,1497,0.11485313949778554
1074,422,1496,0.11486857462873058
1078,427,1505,0.11489403654442938
1080,429,1509,0.11490648886015074
1075,430,1505,0.1149127415564909
1075,431,1506,0.11493104472788693
1073,436,1509,0.11495230710513687
1075,427,1502,0.11497657258259979
1075,438,1513,0.11498946704646805
1062,440,1502,0.11500217295300402
1065,439,1504,0.11504406096043203
1065,443,1508,0.11507495799244599
1074,442,1516,0.11510479687077371
1067,446,1513,0.11511119413813688
1064,441,1505,0.11513095259948489
1069,442,1511,0.11515824296851093
1064,440,1504,0.11517419677279367
1069,444,1513,0.11520326881787535
1068,442,1510,0.11521859688238145
1062,441,1503,0.11523624812367275
1066,438,1504,0.11526661554229638
1072,437,1509,0.11528253086519977
1085,435,1520,0.11528178537950634
1080,438,1518,0.11524885207965468
1061,437,1498,0.11523063719419258
1061,435,1496,0.11525680815054219
1060,436,1496,0.1152830857956538
1066,441,1507,0.11531087420379263
1060,433,1493,0.1153217441663808
1052,438,1490,0.115345874510898
1047,440,1487,0.11538827804312503
1051,446,1497,0.1154346429001178
1052,450,1502,0.11547057196241856
1047,453,1500,0.11550461416727512
1042,452,1494,0.11554688788992416
1044,448,1492,0.11559646043692545
1056,450,1506,0.11564027419975599
1060,454,1514,0.11565074668902885
1053,456,1509,0.11565069206428408
1064,459,1523,0.11566652406843662
1057,458,1515,0.11565522149947703
1053,454,1507,0.1156612439523579
1060,453,1513,0.1156755308403482
1060,456,1516,0.11567401606825398
1057,453,1510,0.11567209590819288
1066,455,1521,0.11567759166476949
1058,459,1517,0.11566294553334633
1050,456,1506,0.11566955421662123
1049,457,1506,0.1156940453163164
1048,455,1503,0.11571948839840815
1046,456,1502,0.11574649239737436
1039,465,1504,0.11577702478395263
1032,464,1496,0.115819825547504
1035,462,1497,0.11587478016604333
1032,457,1489,0.11591969473719554
1036,456,1492,0.11597198429009588
1042,459,1501,0.11601194962589609
1049,452,1501,0.11603228104288067
1042,448,1490,0.11603171807598285
1040,455,1495,0.11604795075240061
1033,461,1494,0.11606730586871138
1025,461,1486,0.11610259204331108
1036,463,1499,0.11615275898435085
1034,458,1492,0.11617314555320991
1044,460,1504,0.11619669671083853
1048,462,1510,0.11619295521539609
1035,460,1495,0.11618502190175764
1034,462,1496,0.11620699992582331
1035,458,1493,0.11622946713084695
1034,466,1500,0.116245767626004
1027,462,1489,0.11626637346708435
1023,464,1487,0.11630231181027127
1038,467,1505,0.11634697167163527
1030,471,1501,0.11635500393948921
1033,470,1503,0.11638131121634845
1026,473,1499,0.11639923299250368
1033,471,1504,0.116428256759253
1035,472,1507,0.11643889259905549
1036,474,1510,0.11644266022411187
1024,472,1496,0.11644549117981587
1024,473,1497,0.11647489408567947
1016,472,1488,0.11650617364733742
1026,480,1506,0.1165539718667011
1029,479,1508,0.11657770679727031
1020,484,1504,0.11659398267826795
1016,477,1493,0.11663084611047422
1014,477,1491,0.1166737305972459
1015,483,1498,0.11671660574741598
1017,492,1509,0.11675413404491028
1016,494,1510,0.11678084765040808
1008,501,1509,0.11681060239045643
1004,505,1509,0.11685978446563801
1005,504,1509,0.11691693571878671
1003,499,1502,0.11697022872775431
1010,496,1506,0.1170230377605883
1009,496,1505,0.11705472524725696
1001,497,1498,0.11708676949457197
1010,494,1504,0.11713597198928741
1010,502,1512,0.11715890705795065
1002,503,1505,0.11718167143030478
999,504,1503,0.11722278251834492
999,505,1504,0.11726792783354059
990,507,1497,0.11730972933208189
1003,504,1507,0.11736952029384326
990,502,1492,0.11739490015897464
996,513,1509,0.11744653715795288
996,503,1499,0.11748172552759026
992,505,1497,0.11751529671953072
985,508,1493,0.11755615309933119
984,507,1491,0.11760862014962939
982,510,1492,0.11766209137972088
982,516,1498,0.11771627403801814
989,527,1516,0.11776957243845988
987,522,1509,0.117803652210069
993,526,1519,0.11783994807613526
990,524,1514,0.11785731273170462
993,525,1518,0.11788224454626711
985,526,1511,0.11789655873616303
975,522,1497,0.11792822848988138
985,532,1517,0.11798227905779751
967,525,1492,0.11800963600524048
977,522,1499,0.1180787141545771
973,538,1511,0.11811753053244967
965,531,1496,0.11816417906116719
965,536,1501,0.11822710011451884
963,538,1501,0.11828672209877024
969,536,1505,0.1183454641994132
963,537,1500,0.11838429767747187
952,545,1497,0.11843836935752368
947,548,1495,0.11851365492957525
956,537,1493,0.11859528410926753
954,542,1496,0.118649924713214
953,541,1494,0.11870385897402823
940,545,1485,0.11875581878034627
942,544,1486,0.11883439329256756
951,546,1497,0.1189003118321126
954,545,1499,0.11894152145915662
945,549,1494,0.11897228769452467
947,544,1491,0.11902200621307198
951,555,1506,0.11906105699183175
948,551,1499,0.11908703086736523
943,545,1488,0.11911620301763028
954,542,1496,0.1191546105166935
952,541,1493,0.11916658834841723
949,541,1490,0.119183168619812
947,545,1492,0.11920786214263375
953,557,1510,0.11923507567088545
947,554,1501,0.11924913606311388
950,561,1511,0.11927684330605678
949,559,1508,0.119294922986699
951,562,1513,0.11931583789099907
961,566,1527,0.11933362582219786
958,563,1521,0.11932903912257548
952,561,1513,0.11933402194724252
952,560,1512,0.11935200279801153
949,557,1506,0.11936789003305595
936,565,1501,0.11938791288008588
936,561,1497,0.11943985053523073
937,563,1500,0.1194878383204768
934,570,1504,0.11952645683727266
933,578,1511,0.1195712926143914
931,587,1518,0.11961723251792908
930,592,1522,0.1196665910400693
923,579,1502,0.11971560394448769
915,583,1498,0.11977527878667221
909,587,1496,0.11984747641861138
918,594,1512,0.11992895306738481
920,596,1516,0.11998482395007982
919,592,1511,0.12003060058736587
919,585,1504,0.12007728806070266
916,592,1508,0.12011977729373007
909,586,1495,0.12016550162502991
906,581,1487,0.1202266634649315
916,584,1500,0.1202901749899868
919,589,1508,0.12032751504634906
924,587,1511,0.12035635686326909
922,591,1513,0.12036959451610894
922,581,1503,0.12038854777838846
922,584,1506,0.12040494290200168
913,590,1503,0.12041932364758294
912,589,1501,0.12045508870526317
917,596,1513,0.12048963067869846
917,597,1514,0.12050704857695912
923,591,1514,0.12052185334228996
923,586,1509,0.12052343664612833
919,593,1512,0.12052447962729193
912,598,1510,0.12053496842092581
912,598,1510,0.12056364503028418
898,600,1498,0.12059222194441326
901,605,1506,0.12064678574391065
902,610,1512,0.120691909772843
901,616,1517,0.1207368829610505
902,616,1518,0.1207805955814581
889,618,1507,0.12081974507060794
890,616,1506,0.12088788982574233
894,615,1509,0.12094774506748518
897,616,1513,0.12099595028975639
892,616,1508,0.12103522393797508
889,621,1510,0.12108499651231405
891,614,1505,0.12113785086285848
886,614,1500,0.1211839543094494
891,614,1505,0.12123922199437683
886,609,1495,0.12127572856527255
891,609,1500,0.12131846765596097
890,607,1497,0.12134483482537335
888,606,1494,0.1213706861418959
891,611,1502,0.12139850879551735
884,620,1504,0.12141785849651797
886,622,1508,0.12144988679650882
881,616,1497,0.12147500090715535
882,619,1501,0.12150947314930235
880,622,1502,0.12153843996912425
880,621,1501,0.12156961381794641
862,627,1489,0.12159879286983774
861,631,1492,0.12166804493915873
856,625,1481,0.12173470579743839
860,626,1486,0.12180998434588573
872,629,1501,0.12186943137485035
871,640,1511,0.12189685528633674
870,642,1512,0.12192564733394913
870,650,1520,0.12195681380957098
877,649,1526,0.12198704052680437
871,650,1521,0.12200284437795272
862,643,1505,0.1220309468522016
864,644,1508,0.12207681899574566
869,653,1522,0.12211403664244187
868,656,1524,0.12213951498198013
854,659,1513,0.12216512548866153
852,655,1507,0.12222267743900651
861,653,1514,0.12227822611300958
867,651,1518,0.12230841055087105
859,652,1511,0.12232560388847098
859,656,1515,0.1223594179255731
843,648,1491,0.12239073632818488
841,645,1486,0.12245490925881378
850,642,1492,0.12252137713649965
845,656,1501,0.12256342869608922
833,656,1489,0.12261458174418954
840,649,1489,0.12269129316217989
842,656,1498,0.12274411308139684
842,661,1503,0.12278912359669157
839,650,1489,0.12283088099066788
849,647,1496,0.12287681856903561
846,648,1494,0.12289758044389514
839,648,1487,0.12292465363484556
843,656,1499,0.12296453791528242
841,652,1493,0.12298951700766825
834,650,1484,0.12301840744745399
832,655,1487,0.12305977399296285
843,654,1497,0.12310391803976434
851,653,1504,0.12311587334813996
858,651,1509,0.12310663736664268
848,653,1501,0.1230823299575331
849,661,1510,0.123084359116611
856,661,1517,0.12308657035904856
843,661,1504,0.1230760320148439
847,662,1509,0.12309667197566113
847,670,1517,0.12310760301356587
856,666,1522,0.12312040754851228
844,668,1512,0.12311053989346252
846,673,1519,0.12312660208468575
856,675,1531,0.12313715179200375
850,671,1521,0.12312386214851674
836,673,1509,0.12312568197917184
838,663,1501,0.12316297752754359
832,662,1494,0.12319469139406986
832,671,1503,0.12323968997805881
827,670,1497,0.12328174848012619
827,675,1502,0.12333377761663121
823,676,1499,0.12338107287949551
817,686,1503,0.12343241783514641
814,682,1496,0.12349665081441664
817,682,1499,0.12356531898636097
819,678,1497,0.12362204537752039
801,684,1485,0.12367130198881852
803,687,1490,0.1237560929604001
817,688,1505,0.12382878871332256
815,696,1511,0.12386523240373024
806,683,1489,0.12390465900496114
800,687,1487,0.1239636870437078
801,690,1491,0.12403300769114768
797,692,1489,0.1240951051229593
801,690,1491,0.1241613829451758
807,703,1510,0.12421186162826324
813,709,1522,0.12424565842613636
808,712,1520,0.12426267383116409
807,700,1507,0.12429106493901816
799,701,1500,0.12432101375679054
795,705,1500,0.12436662870857532
799,699,1498,0.12441944728430354
801,702,1503,0.1244584409915817
797,710,1507,0.12449289988049415
787,714,1501,0.12453304834311858
795,727,1522,0.1245935901834283
801,727,1528,0.12463413764703152
803,719,1522,0.12465478333488968
801,720,1521,0.12466900048280603
783,716,1499,0.12468892223599588
794,718,1512,0.12475184209682393
791,711,1502,0.12478202364967977
790,717,1507,0.1248189134062234
779,721,1500,0.12485720459770694
774,723,1497,0.1249184081447054
773,719,1492,0.12498482918111681
787,723,1510,0.12504952890661497
788,719,1507,0.1250771522031659
783,725,1508,0.12509868084695216
784,717,1501,0.12512995309607539
783,725,1508,0.12515814151110308
788,727,1515,0.12518625960616966
785,730,1515,0.12520239296331892
784,724,1508,0.12522677767779442
782,726,1508,0.1252523415684134
775,731,1506,0.1252817460818514
767,729,1496,0.12532509109951
764,737,1501,0.12538569001214458
777,740,1517,0.1254511213615582
770,733,1503,0.1254819247022702
768,728,1496,0.12552629609719282
762,731,1493,0.1255725463683814
767,737,1504,0.1256322116075956
769,734,1503,0.12567183370862717
764,739,1503,0.1257035906978877
743,741,1484,0.12574552273052447
750,749,1499,0.12583254630557023
753,749,1502,0.12589898018469686
758,757,1515,0.12595198392508827
759,753,1512,0.1259913510219938
760,759,1519,0.12602611718384205
750,762,1512,0.12605681731953658
746,749,1495,0.12610822436433952
747,763,1510,0.12616608600640616
744,768,1512,0.12621890970296787
742,762,1504,0.12627633048611464
751,759,1510,0.12633366222019896
750,766,1516,0.12636447390298466
744,772,1516,0.1263971065756207
738,774,1512,0.12644252690664678
742,779,1521,0.12649787060663595
746,767,1513,0.12653803707397804
744,771,1515,0.1265678372442201
744,762,1506,0.1266012106077166
732,775,1507,0.12663167808427728
730,773,1503,0.1266882642749875
719,783,1502,0.12674328373073526
715,773,1488,0.12681976897143532
717,779,1496,0.12690153031786053
713,778,1491,0.12697026246267343
714,780,1494,0.12704381179156257
715,779,1494,0.12711178172484672
707,771,1478,0.12717317970860514
716,785,1501,0.12724867823729288
713,793,1506,0.12730047298892655
704,795,1499,0.12735703912747817
705,790,1495,0.12742941671842553
698,784,1482,0.12749122253712467
713,787,1500,0.127565674075038
715,778,1493,0.12760013125273884
713,787,1500,0.12762763149076772
715,795,1510,0.1276580613949204
728,787,1515,0.12767936921619513
724,789,1513,0.12766784411913024
715,790,1505,0.12766206593919927
717,793,1510,0.1276790598515252
707,785,1492,0.12769055532221057
701,790,1491,0.1277261354742569
710,788,1498,0.12777599692880004
702,798,1500,0.12779966025036496
707,800,1507,0.12783936949830157
702,810,1512,0.12786702199171135
701,810,1511,0.12790417731858714
700,811,1511,0.12794569751982762
701,803,1504,0.12798629984018858
703,807,1510,0.12802197998914863
700,812,1512,0.12805066263278875
702,809,1511,0.12808444143926645
705,805,1510,0.12810978387694982
701,797,1498,0.1281272757160016
697,793,1490,0.12815353211068417
685,810,1495,0.1281869475737441
691,817,1508,0.12824722481711948
698,817,1515,0.12829096089667755
703,817,1520,0.12831454065836198
692,809,1501,0.12832477403420936
696,808,1504,0.12836202015527934
696,810,1506,0.1283879595498081
688,816,1504,0.12841527013650514
689,820,1509,0.12846146014312762
682,818,1500,0.12850323795370955
681,815,1496,0.12855790755487953
676,827,1503,0.12861032062130587
671,830,1501,0.12867017350994708
673,834,1507,0.128737693002184
667,829,1496,0.12879527303889104
670,831,1501,0.12886274934819122
674,842,1516,0.128915782569781
678,840,1518,0.12895469772490395
674,826,1500,0.12898414052578072
685,821,1506,0.1290218211374753
688,819,1507,0.1290320799457663
680,831,1511,0.12903225064152538
677,824,1501,0.129049545769777
676,831,1507,0.12907440495032443
665,830,1495,0.12909969585863174
664,841,1505,0.12914873502879975
665,840,1505,0.12919496233997735
665,841,1506,0.12923673559593749
659,848,1507,0.12927481588442763
654,848,1502,0.1293275317974521
652,853,1505,0.1293867216185423
659,850,1509,0.12944649020118548
661,850,1511,0.12948685570853175
662,858,1520,0.129519577667181
665,847,1512,0.1295462528262938
660,839,1499,0.1295640456517544
663,839,1502,0.12959218242142015
666,843,1509,0.12961188233403048
656,854,1510,0.12962412017001315
652,850,1502,0.1296605133515122
655,860,1515,0.12970220745486027
664,862,1526,0.12973270252934616
658,857,1515,0.12974364429413418
655,859,1514,0.12976979406750927
658,860,1518,0.12980257382260926
655,862,1517,0.12982407988969033
657,861,1518,0.129850704679643
654,860,1514,0.12987212508774396
651,858,1509,0.12989841581280095
650,856,1506,0.12992961008412604
651,857,1508,0.12996074288849174
646,854,1500,0.1299897377075711
647,864,1511,0.13002966681498995
639,860,1499,0.13006708068340736
637,864,1501,0.1301199589717078
634,856,1490,0.1301728362060402
637,858,1495,0.1302269201710493
635,866,1501,0.13026982829739925
643,866,1509,0.13031385273944074
649,862,1511,0.1303374479016405
641,870,1511,0.13034389074737976
643,878,1521,0.1303681584974976
642,872,1514,0.13038890461159577
638,878,1516,0.13041294313638324
637,881,1518,0.13044400681775742
633,880,1513,0.1304759641446046
636,877,1513,0.1305150918975401
640,876,1516,0.130543826035364
633,875,1508,0.13056145435923389
637,873,1510,0.13059565017550612
642,863,1505,0.13061484808232918
630,866,1496,0.13061905769800858
640,865,1505,0.13065245740341783
635,864,1499,0.1306572795875051
634,863,1497,0.13067273315107505
631,861,1492,0.13068990085767243
642,861,1503,0.1307127364055808
647,861,1508,0.13070789274003342
652,856,1508,0.1306898304624629
647,851,1498,0.13066405200437448
648,852,1500,0.1306526758801785
656,856,1512,0.13063784522554805
665,866,1531,0.13060243099315666
660,861,1521,0.13055001895219917
653,855,1508,0.13051287670260148
641,866,1507,0.13049562315414867
649,865,1514,0.13050737762170952
645,860,1505,0.1305029094224721
643,857,1500,0.13050758071201737
650,853,1503,0.1305176409705495
642,853,1495,0.13050972567527555
644,853,1497,0.13051968478732032
645,856,1501,0.130527703305227
646,862,1508,0.13053029811511938
646,868,1514,0.13053061139022376
641,867,1508,0.13053083115425104
640,868,1508,0.13054247214656636
639,874,1513,0.1305572757089464
633,872,1505,0.13056843471186627
625,872,1497,0.13059606470734625
622,875,1497,0.13063992555014955
623,873,1496,0.13068846594055522
629,878,1507,0.13073110342346134
626,865,1491,0.13075809840567373
628,878,1506,0.13078942211737693
636,873,1509,0.1308132933135687
629,862,1491,0.1308173939633106
628,872,1500,0.1308381555404924
630,865,1495,0.1308571829209233
628,866,1494,0.13086836469141921
636,879,1515,0.13088472471860566
635,882,1517,0.1308823817351863
630,876,1506,0.13088541838489276
637,875,1512,0.13090081880682014
628,873,1501,0.13089832232660917
637,876,1513,0.13091659132793165
631,876,1507,0.13091458619884733
621,865,1486,0.1309289948928374
625,874,1499,0.13096472692394984
630,866,1496,0.13098742997194918
636,872,1508,0.13099786255732554
634,871,1505,0.13099322122490675
624,882,1506,0.1309904624197331
627,878,1505,0.13101146736959163
621,883,1504,0.13102667471755275
611,890,1501,0.13105455194400562
618,886,1504,0.1311052161578132
619,879,1498,0.13113672526704284
623,878,1501,0.13115936849764778
623,887,1510,0.13117174031592446
615,890,1505,0.13118253197661736
611,888,1499,0.13121304706702455
621,886,1507,0.13125116491860128
623,889,1512,0.1312612378438876
627,883,1510,0.1312642556137091
626,889,1515,0.13125852295119395
618,881,1499,0.13125432667415518
616,886,1502,0.1312706566647769
623,888,1511,0.1312911722786494
632,898,1530,0.13129261440361117
624,900,1524,0.131272729698338
618,894,1512,0.13127394535231227
621,893,1514,0.13128833500383352
622,889,1511,0.13129609209646237
621,877,1498,0.13130379190820765
617,875,1492,0.13131275991053698
612,880,1492,0.1313294286850022
610,882,1492,0.13135698421750439
604,897,1501,0.13138913217683862
594,905,1499,0.13143459837167948
598,909,1507,0.1315005297942104
599,915,1514,0.13155193498140527
597,909,1506,0.13159602818845925
599,906,1505,0.13163960989747392
601,905,1506,0.13167445508564307
602,906,1508,0.13169911596788902
605,909,1514,0.13172065348087247
602,918,1520,0.13173712863882797
608,922,1530,0.13176168217553175
607,920,1527,0.13176961419003994
614,925,1539,0.13178005319760494
611,923,1534,0.13177159674256797
611,926,1537,0.1317721499591001
606,923,1529,0.1317749494041916
606,918,1524,0.13179085012168332
610,912,1522,0.1318070727804962
606,920,1526,0.13181305109514846
607,917,1524,0.13182442126391913
611,906,1517,0.13183162803359985
607,905,1512,0.13183209068078702
603,908,1511,0.13184418648598048
598,919,1517,0.13186455214116508
601,919,1520,0.13189642180472233
601,916,1517,0.13191889308586466
592,917,1509,0.1319411551906226
592,922,1514,0.13198276218451918
595,926,1521,0.1320224098202125
594,918,1512,0.13205197872230567
587,925,1512,0.13208297288770038
579,919,1498,0.1321282037564193
581,919,1500,0.13218799674849835
578,925,1503,0.13224031883730078
565,936,1501,0.13229512716994984
565,945,1510,0.13237634920017655
561,943,1504,0.13245136271786784
560,936,1496,0.1325314852421034
556,935,1491,0.1326080932669381
561,930,1491,0.13268862787679822
557,937,1494,0.13275130588641587
558,943,1501,0.13281899750408163
556,949,1505,0.13287822171485275
559,958,1517,0.132937265251896
552,954,1506,0.13298370659763653
551,954,1505,0.13304401489967044
558,963,1521,0.133102988912425
547,957,1504,0.1331441651728472
545,969,1514,0.13320560560639697
550,963,1513,0.13326864681081316
556,953,1509,0.13331411374659377
564,960,1524,0.13334343273199975
561,959,1520,0.133353559454236
559,952,1511,0.13336769397853182
553,952,1505,0.1333857216392882
555,951,1506,0.1334167472499509
560,961,1521,0.1334444698967629
563,955,1518,0.13345954348437544
562,956,1518,0.13346434789416667
556,960,1516,0.13347193674113922
556,968,1524,0.133495197622324
550,974,1524,0.13351431935892355
563,974,1537,0.13354937785424945
558,965,1523,0.13355430594555956
561,953,1514,0.13356905992258003
552,954,1506,0.13357239784487104
545,956,1501,0.13359737523309828
541,952,1493,0.13363599268163123
546,957,1503,0.1336800437024522
547,956,1503,0.13370938033347995
545,953,1498,0.13373486581261587
551,955,1506,0.1337618592410555
550,956,1506,0.13377379023556007
555,953,1508,0.13378641952296597
555,961,1516,0.13378093016338394
554,959,1513,0.13377581335709984
547,963,1510,0.13377364029936462
553,958,1511,0.13379140803673528
548,959,1507,0.1337912436725803
545,960,1505,0.1338031519402901
538,960,1498,0.13382361159131814
534,961,1495,0.13385887082890044
536,965,1501,0.13389924186204674
527,957,1484,0.1339339401915629
522,967,1489,0.1339898170781783
523,973,1496,0.13405338003165032
521,970,1491,0.1341100329262517
523,983,1506,0.13416889506299673
515,973,1488,0.13422000580028626
515,978,1493,0.13428445020211544
515,969,1484,0.1343445928447053
516,969,1485,0.13440054670773235
509,974,1483,0.13444877547743453
507,979,1486,0.1345099818533772
508,975,1483,0.13456870416201905
511,987,1498,0.1346225769415626
507,990,1497,0.1346663492270589
512,995,1507,0.13471331373300796
514,986,1500,0.1347455059574056
520,983,1503,0.13477057985500138
510,992,1502,0.13477978518039205
511,984,1495,0.13481305731756957
512,990,1502,0.1348427716328698
516,991,1507,0.13486926290582332
515,993,1508,0.13488314821850697
520,988,1508,0.1348991199829677
522,993,1515,0.13489938727204578
521,996,1517,0.13489729810137788
515,1004,1519,0.13489921203422664
515,1010,1525,0.13491446619966413
521,1010,1531,0.1349322034277263
514,1004,1518,0.1349368008678221
513,1004,1517,0.13495840010485619
510,1001,1511,0.13498276003159393
510,1003,1513,0.13501533418741193
507,1017,1524,0.13504546116912958
503,1026,1529,0.1350806431298175
499,1024,1523,0.13512514886650343
492,1021,1513,0.13517478705767416
486,1015,1501,0.13523655465285436
476,1019,1495,0.13530963027582396
480,1023,1503,0.1353978810740658
482,1020,1502,0.13546970786477977
482,1017,1499,0.1355299731021001
482,1018,1500,0.1355882727507511
476,1021,1497,0.13563994243499775
471,1019,1490,0.13570295415324535
473,1024,1497,0.13577498815425776
467,1033,1500,0.1358375029991495
464,1037,1501,0.13591162277361538
459,1052,1511,0.13598742680712322
458,1054,1512,0.13606930725448074
459,1046,1505,0.13614564473660853
458,1030,1488,0.13621184658244315
455,1041,1496,0.13627752520144262
458,1035,1493,0.13634523143137692
460,1038,1498,0.13639989909189493
450,1045,1495,0.13644635366791136
456,1054,1510,0.1365136739624026
451,1059,1510,0.13656125536993402
450,1060,1510,0.1366147383874312
450,1068,1518,0.13666735198471558
453,1063,1516,0.13672045473441438
446,1069,1515,0.13676312909948296
442,1068,1510,0.1368215053696333
449,1059,1508,0.1368866314112637
441,1055,1496,0.1369334751993407
446,1064,1510,0.13699519009688102
441,1064,1505,0.13704034725272707
439,1067,1506,0.13709254417248903
442,1067,1509,0.13714838756114567
444,1076,1520,0.13719216458643405
444,1077,1521,0.1372282748348431
447,1076,1523,0.13726418316379654
443,1074,1517,0.13729177069187495
437,1064,1501,0.1373283572471432
428,1065,1493,0.13737567490865632
431,1068,1499,0.13744264994186867
434,1075,1509,0.13749845178364528
445,1073,1518,0.13754289767298497
445,1065,1510,0.13756010931114765
441,1075,1516,0.1375749216894213
437,1078,1515,0.13759739066598464
437,1086,1523,0.1376266811259592
429,1077,1506,0.1376552674871658
427,1080,1507,0.13769985523561246
433,1071,1504,0.13774716061319767
426,1089,1515,0.1377774675497778
432,1099,1531,0.13782269223286048
429,1095,1524,0.1378485485768689
422,1098,1520,0.1378807580510768
413,1087,1500,0.13792740497946895
419,1089,1508,0.13799173039462334
414,1092,1506,0.13803868647654846
408,1090,1498,0.13809606688246806
406,1098,1504,0.1381635929999768
399,1100,1499,0.13823279468026503
395,1106,1501,0.13831432243071354
390,1106,1496,0.1383973650366707
397,1114,1511,0.13848737978169237
400,1106,1506,0.1385538807227034
401,1098,1499,0.13860960416585108
404,1110,1514,0.13865953645487317
403,1101,1504,0.13869815694234594
401,1106,1507,0.13873460262120993
400,1121,1521,0.13877359324322597
395,1115,1510,0.13881332480687245
395,1128,1523,0.13886345974997572
394,1141,1535,0.13890959597949273
390,1129,1519,0.1389512295415389
388,1130,1518,0.13900113521373478
391,1127,1518,0.13905374966093384
387,1118,1505,0.13909586587463846
385,1117,1502,0.13914449979669688
384,1128,1512,0.13919409380463377
382,1133,1515,0.13924142734631753
374,1134,1508,0.13929154929966267
381,1142,1523,0.13935650067562141
388,1128,1516,0.1394000064776151
390,1129,1519,0.13942526639505404
390,1122,1512,0.13944343238953028
391,1120,1511,0.13945877219957203
387,1117,1504,0.13947169751768837
382,1127,1509,0.1394936855159469
385,1123,1508,0.13952837253481692
387,1130,1517,0.1395517997172776
385,1136,1521,0.13956884316672866
381,1131,1512,0.13959115843211123
382,1125,1507,0.13962053488527146
384,1132,1516,0.13964493543705955
385,1135,1520,0.13966339035653152
384,1148,1532,0.1396771714998116
381,1130,1511,0.13969526697262316
377,1142,1519,0.13971990861280512
380,1137,1517,0.13975271069744893
380,1134,1514,0.1397771300099421
380,1132,1512,0.13979964348123927
383,1143,1526,0.13981728849976613
385,1141,1526,0.1398276161593252
374,1138,1512,0.13983126993187622
370,1139,1509,0.13985919856617396
378,1140,1518,0.13989692210434504
376,1140,1516,0.13991053937744266
372,1140,1512,0.13992685324067777
371,1137,1508,0.13995529519919075
371,1141,1512,0.13998472424023697
371,1148,1519,0.14001057153086802
374,1130,1504,0.14003652586474755
376,1146,1522,0.14005527729510373
380,1138,1518,0.14006544681513067
369,1144,1513,0.14006655525848957
371,1153,1524,0.14009507606962868
369,1157,1526,0.14011819275878806
355,1154,1509,0.14014423448353816
354,1157,1511,0.14020138238882196
357,1156,1513,0.14025565108542706
357,1152,1509,0.14030030936490445
358,1159,1517,0.14034151778630244
352,1156,1508,0.14037568243058351
355,1154,1509,0.14041991061522083
359,1147,1506,0.1404561957246517
360,1153,1513,0.14048056749842644
362,1159,1521,0.14049951128784408
364,1150,1514,0.14051068475848516
364,1158,1522,0.14051650224774984
364,1154,1518,0.14052356549622605
364,1149,1513,0.14053330872943387
363,1142,1505,0.14054322968320712
366,1139,1505,0.14055675208057614
366,1146,1512,0.14055943224428577
359,1150,1509,0.14056209176822057
360,1150,1510,0.1405805978945584
358,1160,1518,0.14059490609940256
361,1162,1523,0.14061373308561603
359,1167,1526,0.14062278854643942
360,1171,1531,0.14063616141666502
355,1168,1523,0.1406452217210304
344,1164,1508,0.14066602780041632
348,1166,1514,0.14071272550813926
346,1161,1507,0.14074702854614107
344,1154,1498,0.14078265459958342
343,1166,1509,0.140820704063456
346,1156,1502,0.14086098488330426
339,1160,1499,0.14088968698209597
340,1151,1491,0.14093473111398314
345,1160,1505,0.1409727992954652
351,1158,1509,0.1409982032235229
349,1156,1505,0.1410057987649369
346,1156,1502,0.14101597289017065
339,1158,1497,0.14103343517424846
338,1158,1496,0.1410662247488216
339,1163,1502,0.14109924580553712
336,1165,1501,0.14112770237875083
343,1175,1518,0.1411621749846137
353,1166,1519,0.14117764495128118
350,1176,1526,0.1411640049897564
349,1164,1513,0.1411587439635954
341,1172,1513,0.14115939100719213
346,1173,1519,0.14118103881455846
337,1173,1510,0.1411886088479601
344,1178,1522,0.1412182545583257
341,1177,1518,0.1412282882191206
341,1175,1516,0.14124496392907163
338,1176,1514,0.14126149278614053
334,1177,1511,0.14128489582245554
330,1182,1512,0.14131657960614322
328,1174,1502,0.14135617372168666
334,1173,1507,0.14139558344383368
338,1173,1511,0.14141445957546694
337,1175,1512,0.14142416455702236
325,1179,1504,0.1414374281975637
329,1174,1503,0.14147666356281177
330,1181,1511,0.14150737480776826
332,1171,1503,0.14153655459292136
328,1172,1500,0.1415574939877198
322,1178,1500,0.1415842302332665
321,1190,1511,0.14162304890053384
323,1190,1513,0.141660917091862
322,1182,1504,0.14169287414604903
322,1177,1499,0.1417265999522178
324,1179,1503,0.14175765029919835
316,1188,1504,0.14177869624969072
319,1184,1503,0.14181614910089727
322,1180,1502,0.14184527609982445
322,1178,1500,0.14186662084167764
323,1179,1502,0.14188426938230198
324,1177,1501,0.1419009693100511
319,1175,1494,0.14191454104171064
318,1183,1501,0.14193816099686016
323,1182,1505,0.14196125731446466
328,1183,1511,0.141970637425901
326,1184,1510,0.14196474772404316
329,1199,1528,0.14196696907898512
323,1199,1522,0.1419607819555412
315,1204,1519,0.14196906463168787
317,1199,1516,0.14199668014246977
321,1202,1523,0.14201796116634047
319,1210,1529,0.14202850464416533
319,1212,1531,0.1420442328310983
320,1197,1517,0.14206064334130533
323,1205,1528,0.14207126244234805
324,1209,1533,0.14207391215158224
313,1204,1517,0.14207310054016295
306,1205,1511,0.14209979307837686
305,1208,1513,0.14214303854911972
303,1222,1525,0.1421871222759308
303,1211,1514,0.142234295384006
299,1203,1502,0.14227837173058502
300,1208,1508,0.14232990696776807
296,1202,1498,0.14237476841351418
299,1201,1500,0.1424266385689442
296,1210,1506,0.1424625748799777
291,1200,1491,0.14250352440503927
295,1204,1499,0.1425550021818487
287,1215,1502,0.14259341730098624
295,1226,1521,0.14264803967333242
294,1217,1511,0.14268005865652883
289,1216,1505,0.14271173849328558
295,1226,1521,0.14275434089761227
294,1223,1517,0.14278155137348805
293,1223,1516,0.14280875347350608
292,1212,1504,0.142836727391778
295,1222,1517,0.14286401678483296
296,1227,1523,0.14288077064698135
291,1211,1502,0.14289514112814763
288,1215,1503,0.1429195568188699
291,1227,1518,0.14295015872788014
282,1219,1501,0.1429738394383799
282,1225,1507,0.1430179103978097
288,1228,1516,0.14305946756503396
283,1225,1508,0.14308284376129424
282,1217,1499,0.14311736115515525
276,1233,1509,0.143150553962557
275,1238,1513,0.1431939294322812
264,1233,1497,0.14323714495786274
269,1232,1501,0.1433027852223316
268,1244,1512,0.1433550001724538
268,1243,1511,0.14340748623953237
265,1238,1503,0.14345661840092447
260,1258,1518,0.14351145135808874
265,1251,1516,0.14357506218151994
265,1249,1514,0.1436201187795517
264,1262,1526,0.14366299339217195
264,1254,1518,0.14370412238418215
263,1247,1510,0.14374500742295837
268,1246,1514,0.14378737178312412
264,1258,1522,0.14381153236170996
265,1245,1510,0.14384438408504557
267,1254,1521,0.14387191097850452
265,1260,1525,0.1438938391459813
265,1253,1518,0.14391962364911462
267,1259,1526,0.1439457544386891
259,1258,1517,0.14396630869068056
252,1268,1520,0.14400369136068428
252,1259,1511,0.1440570120788148
246,1265,1511,0.14410600368699886
245,1261,1506,0.14416751553217438
244,1266,1510,0.14422891082447123
241,1263,1504,0.14428727115587414
241,1265,1506,0.1443496649579377
244,1280,1524,0.14440790337648315
242,1279,1521,0.14445493576487717
241,1274,1515,0.14450491231077048
243,1278,1521,0.144551781029056
242,1269,1511,0.1445882612394085
245,1276,1521,0.14462581832444285
237,1286,1523,0.1446546548854617
240,1270,1510,0.14469954768875812
236,1277,1513,0.14473452064179781
232,1275,1507,0.14477858615219044
228,1273,1501,0.14482693778385014
229,1280,1509,0.14487815141739888
227,1275,1502,0.144920036120341
232,1274,1506,0.14496558906608756
232,1273,1505,0.14499580318551195
227,1263,1490,0.14502418542738094
231,1277,1508,0.14506215485400392
235,1290,1525,0.14508928385487863
232,1292,1524,0.14510573737240168
228,1289,1517,0.14512699019319106
229,1282,1511,0.1451579994417678
228,1285,1513,0.1451853361042338
221,1283,1504,0.1452138231824873
225,1295,1520,0.14525835707500867
229,1300,1529,0.14528899101182002
227,1297,1524,0.14530684436188981
221,1292,1513,0.14532721649036234
221,1288,1509,0.14535974258897658
224,1290,1514,0.14539240854235058
223,1288,1511,0.14541483877821051
225,1293,1518,0.14543720095193394
225,1296,1521,0.14545331501944156
219,1292,1511,0.1454700066992742
223,1293,1516,0.14549837509371472
219,1285,1504,0.14551784747770768
222,1276,1498,0.1455445746078904
224,1289,1513,0.14556392650568747
222,1305,1527,0.14557920946991146
224,1302,1526,0.1455965621094454
226,1296,1522,0.14560889555205686
224,1284,1508,0.1456137693946482
225,1296,1521,0.14562226526202637
223,1282,1505,0.14562765322014123
222,1284,1506,0.1456384120101415
222,1289,1511,0.14564957705989293
222,1295,1517,0.14566008009935183
221,1299,1520,0.1456706134174195
223,1299,1522,0.14568182951526706
226,1298,1524,0.14568859922129293
229,1284,1513,0.1456898707741664
226,1279,1505,0.1456831910448825
224,1281,1505,0.14568379700885084
223,1287,1510,0.14568889660211456
223,1293,1516,0.1456940047425415
226,1290,1516,0.14569965368422827
223,1278,1501,0.14569686282599076
217,1290,1507,0.1457015994303442
215,1288,1503,0.14572177589282811
218,1289,1507,0.14574592031077585
214,1294,1508,0.1457616049145661
220,1294,1514,0.1457880781989601
218,1291,1509,0.14579830759201498
217,1297,1514,0.14580961424694178
218,1294,1512,0.14582266739276842
216,1309,1525,0.14583185743408925
214,1297,1511,0.14584693169502053
209,1298,1507,0.14586632230242613
215,1298,1513,0.14589720348879048
216,1301,1517,0.14590814861607826
218,1307,1525,0.14591515082017215
213,1301,1514,0.14591728201873944
213,1294,1507,0.14593080760715807
212,1303,1515,0.14594454267632287
209,1316,1525,0.1459604080108197
209,1314,1523,0.14598243073334075
204,1312,1516,0.14600507117693837
202,1316,1518,0.14603789088000757
204,1314,1518,0.146073135787562
196,1308,1504,0.14609816406608808
196,1299,1495,0.14614015644123118
197,1308,1505,0.14617646168265086
199,1314,1513,0.1462100117956803
197,1312,1509,0.14623784509265492
195,1315,1510,0.1462698971384147
200,1322,1522,0.146305256169678
197,1316,1513,0.1463262473323942
195,1315,1510,0.14635288006945252
187,1318,1505,0.14638291955345623
188,1310,1498,0.14642986229536528
191,1324,1515,0.14647022125189177
193,1324,1517,0.14650145822544788
196,1325,1521,0.14652633291046138
197,1312,1509,0.1465429529376669
197,1311,1508,0.14655667867069266
194,1315,1509,0.14657178959657627
191,1318,1509,0.14659354724059095
191,1330,1521,0.1466199811645869
189,1333,1522,0.14664408740173596
195,1324,1519,0.1466720295140637
194,1324,1518,0.14668277167442498
190,1332,1522,0.1466951062728799
186,1323,1509,0.1467162032752016
186,1324,1510,0.14674634096880024
190,1325,1515,0.14677553856518175
190,1334,1524,0.14679238776028986
192,1321,1513,0.1468099353140215
188,1314,1502,0.1468197795121646
187,1331,1518,0.14683661603934575
184,1325,1509,0.14685382215639575
182,1336,1518,0.14687765635825553
190,1332,1522,0.14690551935677257
185,1335,1520,0.14691175565315193
189,1336,1525,0.14693023410974282
189,1331,1520,0.14693929682276438
190,1320,1510,0.14694806591490522
187,1318,1505,0.14695399954633803
187,1319,1506,0.14696613963857447
188,1339,1527,0.14697469370183472
183,1335,1518,0.1469824009409788
186,1349,1535,0.147002864966959
187,1346,1533,0.14701628389608662
185,1344,1529,0.1470268292897366
184,1339,1523,0.1470399484732193
193,1326,1519,0.14705442232542285
195,1321,1516,0.14704229941720076
194,1340,1534,0.14702722182206604
190,1330,1520,0.1470163512810288
185,1336,1521,0.14701327012820567
184,1334,1518,0.1470231225780917
180,1332,1512,0.14703587990931571
181,1325,1506,0.14705825763504365
180,1331,1511,0.1470768666668537
180,1333,1513,0.14709591524425988
180,1331,1511,0.1471148043325989
182,1333,1515,0.14713024328840063
179,1325,1504,0.14714004854240403
174,1323,1497,0.1471580287437878
175,1336,1511,0.14718679432937173
174,1339,1513,0.14721059304587686
172,1339,1511,0.14723505623369276
171,1339,1510,0.14726398003307925
166,1331,1497,0.14729293033496407
165,1342,1507,0.14733241363562624
164,1353,1517,0.1473714674137131
163,1344,1507,0.14741007134477468
158,1359,1517,0.1474484560157773
159,1361,1520,0.1474947460882452
158,1372,1530,0.1475351028902071
159,1357,1516,0.1475738018926713
157,1359,1516,0.1476069064482255
159,1359,1518,0.14764332181241813
160,1353,1513,0.14767232172265643
157,1358,1515,0.1476980868523248
160,1359,1519,0.1477311420613011
159,1357,1516,0.14775582092779144
154,1351,1505,0.14778263224698246
152,1370,1522,0.14782135507844996
150,1369,1519,0.14786252016376028
151,1378,1529,0.1479068697035624
150,1378,1528,0.1479453762438746
147,1373,1520,0.14798470074111064
143,1368,1511,0.1480285124557082
142,1358,1500,0.14807942745597358
142,1376,1518,0.14812775205400378
146,1370,1516,0.14817237504499745
145,1370,1515,0.14820355764808124
142,1373,1515,0.1482352356132912
145,1384,1529,0.14827280664618378
144,1382,1526,0.1483002476232201
143,1384,1527,0.1483297805424196
141,1381,1522,0.14835994419887502
144,1383,1527,0.14839183445081922
140,1375,1515,0.14841448032006194
137,1378,1515,0.14844696374131694
138,1387,1525,0.1484835958932379
137,1394,1531,0.14851658177335225
136,1390,1526,0.14855001310253654
133,1385,1518,0.14858485361757023
128,1384,1512,0.148624924532968
132,1394,1526,0.14867479502801303
130,1398,1528,0.1487100569070094
130,1393,1523,0.14874845415499163
132,1395,1527,0.14878464082448217
132,1397,1529,0.14881284501042402
135,1392,1527,0.1488388142227596
133,1399,1532,0.1488562984047266
133,1391,1524,0.14887770326070604
134,1404,1538,0.14889885309714926
135,1403,1538,0.14891657257319751
134,1390,1524,0.14893039955762463
134,1390,1524,0.14894565209078864
132,1392,1524,0.14896091251483232
133,1393,1526,0.14898134008077532
132,1401,1533,0.14899690646002248
131,1383,1514,0.14901309628367332
131,1391,1522,0.14903182067194704
131,1381,1512,0.14904925054273302
131,1381,1512,0.14906446374945342
129,1388,1517,0.14907826106288055
128,1394,1522,0.14909727480744522
128,1394,1522,0.14911699434034437
126,1384,1510,0.14913618345135443
123,1388,1511,0.14915832362376588
125,1386,1511,0.14918542879680793
127,1378,1505,0.14920478323187633
127,1393,1520,0.14921520975632258
131,1383,1514,0.14922569187360613
130,1374,1504,0.14922610791215335
131,1383,1514,0.14922992669570856
129,1378,1507,0.14923184017356575
127,1383,1510,0.14923815782593966
126,1383,1509,0.14924961354388955
125,1386,1511,0.14926367645257407
125,1391,1516,0.1492801540104982
126,1389,1515,0.1492947938102566
124,1381,1505,0.14930541831118915
121,1384,1505,0.14932032238070497
121,1393,1514,0.1493410105471413
121,1396,1517,0.14936047559042487
122,1405,1527,0.14937911886965505
121,1399,1520,0.14939434923288344
120,1394,1514,0.1494102676658388
118,1405,1523,0.1494286045613897
117,1392,1509,0.14945116722707907
117,1392,1509,0.14947392477048266
116,1391,1507,0.14949402058252012
116,1391,1507,0.1495161866639549
117,1389,1506,0.14953563751903787
116,1389,1505,0.14955265636623843
114,1399,1513,0.14957182240705427
113,1391,1504,0.14959315958725347
109,1392,1501,0.14961609225752334
108,1400,1508,0.14964598898311487
108,1403,1511,0.14967543794956836
113,1412,1525,0.14970341541382312
111,1417,1528,0.1497171938473943
112,1426,1538,0.1497343933321593
111,1411,1522,0.14974716965806142
109,1417,1526,0.14975921938707015
110,1418,1528,0.14977566074156726
110,1413,1523,0.14978974488170427
110,1414,1524,0.14980300692847412
107,1399,1506,0.14981590168143794
111,1395,1506,0.14983485602147606
111,1408,1519,0.14984214441133814
111,1416,1527,0.14984856070493832
112,1420,1532,0.14985634920174198
111,1403,1514,0.14986067425907731
112,1396,1508,0.149868282997838
112,1395,1507,0.14987281379947975
114,1389,1503,0.14987731046783614
112,1401,1513,0.149876255692833
113,1409,1522,0.14987791215019047
113,1410,1523,0.14987755201997616
112,1404,1516,0.14987789863069886
113,1402,1515,0.14988211968041615
111,1410,1521,0.1498840057115917
110,1406,1516,0.1498903696261105
110,1410,1520,0.1498975745007382
107,1410,1517,0.14990517044259172
105,1416,1521,0.1499200646440587
106,1417,1523,0.14993735658086751
102,1431,1533,0.1499513865373583
101,1431,1532,0.14997432101469296
101,1422,1523,0.14999799761618998
99,1410,1509,0.1500202651751728
100,1410,1510,0.15004655414369644
99,1416,1515,0.15006723261813043
101,1399,1500,0.15008893566174378
98,1412,1510,0.15010402829242492
98,1414,1512,0.1501262210781644
96,1421,1517,0.1501467773628731
93,1415,1508,0.15017170552449724
88,1427,1515,0.1502026655421146
89,1411,1500,0.1502435976904011
90,1420,1510,0.1502794971721456
88,1419,1507,0.15030977245950555
85,1410,1495,0.15034225145407829
84,1422,1506,0.1503799288692786
86,1420,1506,0.15041670556021677
86,1417,1503,0.15044614420649638
84,1431,1515,0.1504736360316543
83,1422,1505,0.1505041408834762
88,1429,1517,0.15053547493378414
91,1433,1524,0.150550935494663
91,1442,1533,0.15055786643663904
87,1443,1530,0.15056468135764955
86,1444,1530,0.1505806050072278
89,1431,1520,0.15059865569187594
91,1455,1546,0.1506070036782652
92,1434,1526,0.15060988560084337
92,1427,1519,0.15060925426488614
89,1426,1515,0.1506091203032635
95,1435,1530,0.15061773900084383
94,1430,1524,0.15061038866885743
94,1428,1522,0.15060700676257335
92,1425,1517,0.15060305534237434
92,1423,1515,0.15060412744893856
92,1412,1504,0.15060328692399705
91,1439,1530,0.15060330940765815
91,1443,1534,0.15060620069312633
88,1441,1529,0.1506100654142103
90,1433,1523,0.15062057963185763
87,1433,1520,0.15062540107184424
86,1417,1503,0.15063793545159931
90,1417,1507,0.15065311654506147
91,1411,1502,0.15065744149717164
90,1410,1500,0.15065904459398374
89,1419,1508,0.15066427926166212
88,1428,1516,0.15067236015065658
89,1422,1511,0.15068221156252373
88,1425,1513,0.1506888871915595
86,1430,1516,0.1506972247516424
84,1443,1527,0.15071052461315737
83,1443,1526,0.15072679185267876
83,1448,1531,0.15074432205726895
85,1437,1522,0.1507607483170285
84,1433,1517,0.15076961781565346
86,1426,1512,0.1507818457700264
86,1424,1510,0.15078887579301303
87,1421,1508,0.15079615678697583
88,1411,1499,0.15080106887031064
85,1423,1508,0.15080329828327194
86,1441,1527,0.15081261110943678
85,1437,1522,0.15081654738503653
86,1432,1518,0.15082393631876162
82,1434,1516,0.15082852476113742
81,1433,1514,0.15084178672425552
78,1446,1524,0.15085671759954272
78,1453,1531,0.15087737956000327
82,1445,1527,0.15089522910388797
82,1444,1526,0.15090294153818593
82,1437,1519,0.1509098184421746
82,1439,1521,0.15091557334698844
82,1436,1518,0.1509222244528381
83,1431,1514,0.15092697526138124
84,1438,1522,0.15092907141659745
86,1435,1521,0.15092915202422133
84,1432,1516,0.15092401534372515
85,1432,1517,0.15092526950187496
80,1422,1502,0.15092502732090826
80,1433,1513,0.1509373527290297
77,1447,1524,0.15094971775867988
77,1436,1513,0.15096902453759373
77,1430,1507,0.15098796014056298
75,1432,1507,0.15100300553710563
69,1440,1509,0.1510233713700735
72,1440,1512,0.15105650548355892
72,1444,1516,0.15107961092782196
72,1437,1509,0.1511011100145748
71,1451,1522,0.1511213405374137
72,1449,1521,0.15114273849023746
72,1440,1512,0.15116037180762296
71,1449,1520,0.1511762115299389
74,1440,1514,0.15119423561493295
70,1441,1511,0.15120276222767884
68,1435,1503,0.15122113751233546
65,1436,1501,0.15124202184869706
65,1446,1511,0.15126833888811106
63,1453,1516,0.15129363634269535
63,1448,1511,0.15132326474475402
61,1457,1518,0.1513496448198076
60,1453,1513,0.15137947753158285
61,1460,1521,0.15141035874398334
62,1447,1509,0.1514375488963631
61,1459,1520,0.1514612389619029
59,1453,1512,0.15148605614510813
62,1456,1518,0.15151427690669186
62,1447,1509,0.1515325700751383
61,1458,1519,0.15154943066209856
60,1461,1521,0.15156706477416226
59,1460,1519,0.15158670803241894
56,1465,1521,0.15160817196533447
57,1459,1516,0.15163553771722849
56,1467,1523,0.1516585342643733
56,1475,1531,0.15168235610881417
54,1470,1524,0.151704738204565
58,1462,1520,0.15173010103400433
57,1452,1509,0.15174205571503946
59,1457,1516,0.15175671891598083
61,1463,1524,0.15176475664640715
62,1458,1520,0.1517671433207769
60,1458,1518,0.15176791234107365
59,1458,1517,0.1517727497550385
56,1475,1531,0.1517794505808998
58,1476,1534,0.1517936510441867
59,1463,1522,0.151802844470367
57,1447,1504,0.15180899457957492
56,1439,1495,0.15181826471371765
57,1445,1502,0.15183002498620715
57,1437,1494,0.1518382017373151
56,1450,1506,0.1518445390478779
53,1444,1497,0.15185348020774433
53,1461,1514,0.1518693287453605
54,1458,1512,0.15188502514946475
53,1460,1513,0.15189732732204828
53,1468,1521,0.1519117332875199
53,1459,1512,0.1519251903980674
53,1469,1522,0.15193685160186543
53,1465,1518,0.15194749930203316
51,1464,1515,0.15195832341744953
53,1463,1516,0.1519726723541418
55,1468,1523,0.15198151241611954
53,1452,1505,0.15198297859440668
52,1453,1505,0.15198973650824954
51,1468,1519,0.15199849220113149
52,1475,1527,0.1520087596989095
52,1466,1518,0.15201701190066547
52,1468,1520,0.1520256025772524
54,1459,1513,0.15203222238954126
53,1449,1502,0.15203353864775992
53,1454,1507,0.15203711612965176
51,1457,1508,0.15204039544015352
51,1469,1520,0.15204905922714673
50,1477,1527,0.15205650283860264
50,1490,1540,0.15206667148622802
50,1479,1529,0.15207628241420668
51,1475,1526,0.15208648836475086
52,1457,1509,0.1520926879256883
53,1463,1516,0.15209492936544744
52,1455,1507,0.1520947101428749
50,1457,1507,0.1520964998108416
52,1462,1514,0.15210239396996403
51,1461,1512,0.15210146739311678
53,1464,1517,0.1521034985265135
53,1472,1525,0.15209976904517533
53,1462,1515,0.15209750148454004
50,1472,1522,0.15209648768033182
50,1474,1524,0.15210346799699384
49,1473,1522,0.15210892892439812
49,1474,1523,0.1521174259712302
50,1467,1517,0.15212598150657392
50,1458,1508,0.1521314884426554
48,1462,1510,0.15213692065936762
47,1459,1506,0.15214722903498992
50,1461,1511,0.15215977589164
52,1458,1510,0.15216409535984207
53,1465,1518,0.1521612943764673
54,1463,1517,0.15215743142870608
53,1459,1512,0.15215148549918178
53,1468,1521,0.15214979481627858
53,1457,1510,0.15214785343094714
53,1466,1519,0.15214677699466378
51,1470,1521,0.1521464884156395
51,1473,1524,0.15215119217616188
48,1476,1524,0.15215518274144807
49,1474,1523,0.15216628187532674
47,1465,1512,0.15217482000253232
47,1466,1513,0.15218777737221773
49,1480,1529,0.1522000271641271
48,1473,1521,0.15220575831044814
49,1469,1518,0.15221283499644567
48,1472,1520,0.1522174982517951
48,1477,1525,0.15222466094020276
49,1466,1515,0.1522318213162433
49,1474,1523,0.15223582024123372
49,1477,1526,0.152240153897516
44,1464,1508,0.15224474619352393
39,1478,1517,0.1522613121867062
38,1478,1516,0.15228806297015451
35,1471,1506,0.15231586222299526
36,1474,1510,0.1523491350543643
35,1477,1512,0.15237733843276172
35,1482,1517,0.15240626008963276
33,1494,1527,0.1524336537995826
33,1495,1528,0.1524638983064426
34,1494,1528,0.15249144282739713
32,1490,1522,0.15251529635852026
33,1488,1521,0.15254121267768664
33,1489,1522,0.1525626127878077
32,1488,1520,0.15258295950445247
33,1481,1514,0.15260459302396456
33,1471,1504,0.1526218536794286
33,1470,1503,0.15263736131938044
32,1482,1514,0.1526524233999403
32,1498,1530,0.15266918142625197
33,1502,1535,0.15268532620535724
34,1493,1527,0.15269758254491664
34,1479,1513,0.15270685958198635
34,1481,1515,0.15271535910109438
34,1474,1508,0.15272330747751325
35,1474,1509,0.1527312389731572
35,1456,1491,0.15273610696332302
35,1467,1502,0.15274004397761975
37,1466,1503,0.15274426712220712
37,1476,1513,0.15274187760734403
37,1471,1508,0.15274030807705322
37,1481,1518,0.15273639526072347
38,1481,1519,0.15273356348132427
39,1483,1522,0.15272916453595864
40,1484,1524,0.1527232095464687
41,1482,1523,0.1527150282179216
42,1475,1517,0.1527050769245042
39,1467,1506,0.15269324264791884
40,1471,1511,0.15268900444984826
37,1489,1526,0.15268352967414445
37,1487,1524,0.15268558931407822
37,1488,1525,0.1526885559333934
36,1483,1519,0.15269184367656105
35,1496,1531,0.1526976812796493
36,1504,1540,0.15270570270785402
38,1493,1531,0.1527105270349511
39,1476,1515,0.15270936406814653
40,1464,1504,0.1527055777789759
40,1481,1521,0.15269744872866617
39,1481,1520,0.15269064552385533
39,1486,1525,0.15268717425022682
40,1482,1522,0.15268433287944333
40,1485,1525,0.15267889303794324
36,1484,1520,0.1526738922199483
37,1471,1508,0.15267756567452848
38,1474,1512,0.15267849296824448
37,1482,1519,0.1526778230452648
37,1482,1519,0.15267938306726148
35,1488,1523,0.15268153897633868
35,1470,1505,0.15268947300291186
35,1474,1509,0.15269739508290603
38,1475,1513,0.15270321752881494
40,1476,1516,0.15269950300985244
39,1470,1509,0.1526913221140901
38,1470,1508,0.15268662769911856
37,1472,1509,0.1526843074928272
38,1467,1505,0.15268508461972047
38,1477,1515,0.15268372919805498
39,1474,1513,0.1526831691313626
37,1471,1508,0.15268003230904845
38,1464,1502,0.1526811634009507
37,1482,1519,0.15267978590944634
36,1481,1517,0.15267944927258972
33,1474,1507,0.15268206761881814
32,1490,1522,0.15269311660172594
33,1487,1520,0.15270531291254116
33,1478,1511,0.152714688486613
34,1487,1521,0.15272409439064874
33,1495,1528,0.15273098259269915
33,1478,1511,0.15274030810124262
33,1485,1518,0.15274952050520466
31,1480,1511,0.15275858272946563
29,1479,1508,0.1527723014800873
28,1476,1504,0.1527888147163406
28,1500,1528,0.15280667990588775
29,1483,1512,0.1528237927345166
30,1478,1508,0.15283689921768537
31,1478,1509,0.15284631738716822
31,1459,1490,0.1528512911872454
29,1461,1490,0.15285553309699831
29,1467,1496,0.15286542708843723
28,1485,1513,0.1528752235201008
28,1491,1519,0.15288770566047508
29,1493,1522,0.15289962014740674
29,1506,1535,0.15290840302640693
29,1486,1515,0.15291641932084774
28,1476,1504,0.15292432473253473
28,1495,1523,0.15293318360349878
27,1494,1521,0.15294191212121816
27,1494,1521,0.15295264708199757
27,1495,1522,0.15296145486916712
26,1497,1523,0.15296909071615322
24,1487,1511,0.1529789394995771
25,1490,1515,0.15299446340085376
25,1496,1521,0.15300625169922086
26,1503,1529,0.15301741048793374
25,1495,1520,0.1530256194506828
24,1491,1515,0.15303592947609176
25,1499,1524,0.15304808662598698
26,1501,1527,0.15305570551819794
26,1507,1533,0.15306002652508804
26,1496,1522,0.15306458203333728
25,1497,1522,0.15306839241799763
24,1493,1517,0.15307463797215523
23,1486,1509,0.15308358882190634
23,1478,1501,0.15309462560709383
23,1485,1508,0.15310530172003453
24,1490,1514,0.15311560899025733
24,1496,1520,0.15312230098659715
24,1491,1515,0.15312780437878412
24,1498,1522,0.1531333801628228
24,1479,1503,0.1531389845454147
23,1488,1511,0.15314458019912722
24,1480,1504,0.1531530346555819
27,1485,1512,0.15315790716629366
27,1493,1520,0.15315338513188426
28,1490,1518,0.15314967870824744
28,1494,1522,0.15314341457413927
29,1492,1521,0.1531380794154398
29,1493,1522,0.15313028719006952
28,1496,1524,0.15312352341253954
30,1497,1527,0.15312042738279444
31,1509,1540,0.15311184548753307
30,1499,1529,0.15310105052203327
30,1503,1533,0.15309364837287162
30,1491,1521,0.1530872210789249
30,1488,1518,0.15308165863071138
29,1493,1522,0.15307686260672218
28,1485,1513,0.1530749575996552
28,1503,1531,0.1530756847360331
28,1497,1525,0.15307667856179127
29,1496,1525,0.1530767958520488
28,1483,1511,0.15307480926036712
27,1487,1514,0.15307567876818717
24,1487,1511,0.1530791898547145
23,1489,1512,0.15308922653943596
22,1489,1511,0.15310105045030842
23,1489,1512,0.15311477831581768
23,1486,1509,0.15312434092351385
20,1482,1502,0.15313358812379088
19,1501,1520,0.1531500001179618
20,1499,1519,0.15316777232583945
21,1485,1506,0.1531813020870646
21,1491,1512,0.1531910284572342
21,1496,1517,0.15320044306488548
22,1500,1522,0.15320953772546278
22,1501,1523,0.15321503488714566
21,1507,1528,0.15322051056003538
21,1512,1533,0.1532280875291985
21,1499,1520,0.15323545963134902
20,1506,1526,0.15324261454095042
19,1503,1522,0.15325237074007442
17,1517,1534,0.1532638267179727
18,1508,1526,0.1532790311723801
18,1502,1520,0.1532903051043304
18,1503,1521,0.15330089023862942
17,1497,1514,0.15331101511004155
17,1505,1522,0.1533230213705593
17,1490,1507,0.15333338701575555
16,1489,1505,0.1533433442334593
15,1492,1507,0.15335507297442277
16,1499,1515,0.1533679834731391
18,1506,1524,0.15337810934364937
19,1505,1524,0.1533814933789944
19,1499,1518,0.15338177504016548
18,1509,1527,0.15338247736835453
18,1502,1520,0.15338568336658442
18,1494,1512,0.15338905164388197
17,1496,1513,0.15339253808391062
17,1498,1515,0.15339846760294779
17,1488,1505,0.15340428108028628
16,1507,1523,0.1534099620300065
16,1490,1506,0.15341764002614408
14,1496,1510,0.1534250318794611
13,1494,1507,0.1534367495815139
12,1487,1499,0.15345002771982014
12,1495,1507,0.15346508670127842
14,1506,1520,0.15347929558804638
14,1493,1507,0.15348616067800414
14,1487,1501,0.15349287478190857
13,1494,1507,0.1534994213014795
14,1490,1504,0.1535080478528922
14,1497,1511,0.15351359890499636
14,1502,1516,0.15351903661766253
13,1510,1523,0.1535243462329282
13,1509,1522,0.1535316814363499
14,1490,1504,0.15353873657590855
14,1494,1508,0.15354224182416984
14,1505,1519,0.15354577597452612
14,1507,1521,0.15354931384189427
13,1503,1516,0.15355255856632558
14,1497,1511,0.15355826366921366
14,1492,1506,0.15356052589932961
14,1487,1501,0.1535628990286574
14,1504,1518,0.15356535233592314
15,1509,1524,0.15356785928025585
15,1499,1514,0.15356771727090235
14,1498,1512,0.15356779965832926
15,1497,1512,0.15357024002790912
15,1496,1511,0.15356945651824336
16,1504,1520,0.15356898639650793
16,1509,1525,0.153565525741786
15,1509,1524,0.15356259916280396
14,1492,1506,0.15356255415925316
14,1500,1514,0.1535652281855002
14,1492,1506,0.15356792571020175
12,1484,1496,0.15357062733344268
13,1485,1498,0.15357764992446832
13,1490,1503,0.15358125436808145
13,1503,1516,0.1535848586523131
14,1507,1521,0.15358844175158537
14,1509,1523,0.15358956255712158
14,1510,1524,0.15359080156288557
14,1520,1534,0.1535921336503069
14,1521,1535,0.1535928639678611
14,1518,1532,0.15359375330634514
14,1522,1536,0.15359477242894864
13,1509,1522,0.15359589575679572
13,1502,1515,0.1535992489487988
13,1496,1509,0.15360253421447503
13,1493,1506,0.1536046339266871
12,1473,1485,0.15360582789264246
11,1487,1498,0.15360951996658845
12,1490,1502,0.1536154081162413
12,1495,1507,0.1536189292054722
11,1500,1511,0.15362245023542737
11,1505,1516,0.15362817618739733
11,1507,1518,0.15363372401943562
11,1503,1514,0.15363908833320974
11,1512,1523,0.15364426560953628
11,1505,1516,0.15364925394578172
11,1521,1532,0.15365405282342726
11,1512,1523,0.15365866290260302
12,1505,1517,0.15366308584072338
12,1486,1498,0.15366410178517825
12,1492,1504,0.15366523433709445
12,1500,1512,0.153666459388618
12,1501,1513,0.15366775592254686
11,1495,1506,0.1536691056691955
10,1493,1503,0.15367264374614698
10,1485,1495,0.15367825040208571
10,1497,1507,0.15368361341353623
10,1490,1500,0.15368873825135781
8,1499,1507,0.15369363095030725
8,1491,1499,0.15370300996849884
8,1499,1507,0.15371184734401921
8,1513,1521,0.1537190423289459
8,1505,1513,0.15372593066785656
7,1502,1509,0.1537314715469459
7,1501,1508,0.1537390236372014
6,1505,1511,0.15374630467704073
5,1514,1519,0.15375552303371104
5,1517,1522,0.1537664868395989
5,1516,1521,0.15377691830521298
7,1517,1524,0.15378683674033106
7,1513,1520,0.15378970736414493
7,1515,1522,0.15379271668994232
7,1509,1516,0.15379582600924596
7,1512,1519,0.1537990018903523
7,1516,1523,0.1538022155754175
7,1524,1531,0.15380544244141003
7,1509,1516,0.15380866151842315
7,1521,1528,0.15381185505948827
7,1503,1510,0.15381500815661622
6,1503,1509,0.15381810839831933
5,1505,1510,0.15382330997494137
5,1508,1513,0.15383060687346004
5,1510,1515,0.1538375490814187
5,1505,1510,0.15384404113616468
5,1507,1512,0.15385022331033696
5,1510,1515,0.15385610630163105
5,1512,1517,0.15386170093925158
5,1511,1516,0.15386701810081538
5,1506,1511,0.15387206864152028
5,1505,1510,0.15387686333414263
5,1510,1515,0.1538814128185767
5,1520,1525,0.15388572755977115
5,1522,1527,0.15388981781303918
4,1518,1522,0.15389369359583177
3,1506,1509,0.15389962389770848
3,1512,1515,0.15390743725325354
3,1533,1536,0.15391478553171523
3,1534,1537,0.1539216960196229
3,1517,1520,0.1539281944421518
3,1519,1522,0.1539343050484603
3,1513,1516,0.1539400506927784
3,1498,1501,0.15394545291141346
3,1511,1514,0.15395053199583886
3,1505,1508,0.15395530706202926
3,1509,1512,0.1539597961162028
3,1505,1508,0.1539640161171274
3,1501,1504,0.15396798303514622
3,1505,1508,0.1539717119080709
3,1516,1519,0.1539752168940894
3,1524,1527,0.15397851132182896
3,1522,1525,0.15398160773771036
3,1512,1515,0.15398451795072668
3,1509,1512,0.15398725307477165
3,1499,1502,0.15398982356864177
3,1501,1504,0.1539922392738274
3,1509,1512,0.15399450945020784
3,1504,1507,0.1539966428097556
3,1501,1504,0.15399864754835588
2,1500,1502,0.15400053137583714
1,1511,1512,0.15400445653138273
1,1509,1510,0.15401031978041868
1,1514,1515,0.1540158279770192
1,1505,1506,0.1540210026206059
1,1508,1509,0.15402586390885536
1,1512,1513,0.15403043081650636
1,1509,1510,0.154034721169397
1,1514,1515,0.15403875171402062
1,1514,1515,0.1540425381828717
1,1517,1518,0.15404609535583616
1,1515,1516,0.15404943711786626
1,1516,1517,0.15405257651316304
1,1522,1523,0.15405552579608053
1,1510,1511,0.15405829647894698
1,1519,1520,0.15406089937699236
1,1520,1521,0.1540633446505551
1,1520,1521,0.15406564184473467
1,1522,1523,0.1540677999266428
1,1517,1518,0.15406982732040006
1,1506,1507,0.15407173194001345
1,1518,1519,0.1540735212202638
1,1529,1530,0.15407520214572265
1,1522,1523,0.1540767812780132
1,1504,1505,0.15407826478141967
1,1515,1516,0.1540796584469473
1,1518,1519,0.15408096771492463
1,1512,1513,0.15408219769623813
1,1511,1512,0.15408335319228048
1,1517,1518,0.1540844387136915
1,1512,1513,0.15408545849796412
1,1514,1515,0.1540864165259842
1,1518,1519,0.15408731653756952
1,1518,1519,0.15408816204606696
0,1519,1519,0.15408895635206668
