1361,27,1388,0.13579591914347502
1392,30,1422,0.13296995260265174
1413,30,1443,0.13031489594637752
1428,34,1462,0.12784444450965257
1441,34,1475,0.1255578637942077
1429,36,1465,0.12344030704713621
1451,37,1488,0.12154662255101865
1449,36,1485,0.11976568404798613
1456,39,1495,0.11815188226574481
1465,40,1505,0.11666810157511787
1456,40,1496,0.11529656151138475
1452,41,1493,0.11407339953045324
1459,43,1502,0.11297193136248541
1450,44,1494,0.1119534704704585
1445,42,1487,0.11105201337505873
1444,40,1484,0.11024165330741345
1440,40,1480,0.10950706672719007
1438,40,1478,0.10885095991424461
1442,40,1482,0.10825859443513959
1437,39,1476,0.10771234589502506
1444,39,1483,0.10722851079515613
1446,40,1486,0.10676770294652961
1459,42,1501,0.10634597104074053
1447,42,1489,0.10593030370797801
1444,40,1484,0.10557876021852089
1449,37,1486,0.10526765403924408
1442,38,1480,0.10497291164551846
1460,37,1497,0.10472031435732454
1465,37,1502,0.10445031124255974
1463,36,1499,0.10419184839882135
1462,35,1497,0.10395984459682682
1471,36,1507,0.10375034542325967
1481,38,1519,0.10353814972406739
1458,37,1495,0.10332127775578712
1463,38,1501,0.1031746233462896
1461,36,1497,0.1030317933856626
1448,36,1484,0.10290689702907826
1443,37,1480,0.10282399737453533
1455,39,1494,0.10276113057867875
1452,38,1490,0.10267872875731009
1442,39,1481,0.10261058415789631
1442,37,1479,0.10257245785196802
1443,37,1480,0.10253799899168645
1470,38,1508,0.10250508180421423
1469,40,1509,0.10241252594369264
1450,40,1490,0.10232931590902346
1452,41,1493,0.10229708927073139
1448,38,1486,0.10226385526419975
1458,38,1496,0.10224063627559378
1466,38,1504,0.10219830374949883
1458,38,1496,0.10214287999740705
1458,41,1499,0.10211235340376272
1462,41,1503,0.10208175592819278
1456,40,1496,0.10204401100406284
1440,40,1480,0.10202284655435417
1438,39,1477,0.102039972939636
1439,40,1479,0.10206173116832047
1446,41,1487,0.10208262667913172
1442,41,1483,0.10208758693127422
1438,41,1479,0.1020997207831844
1459,38,1497,0.1021194383435341
1460,39,1499,0.10208886383323527
1463,37,1500,0.1020571496448537
1460,40,1500,0.10202055976644292
1452,43,1495,0.10199341232598001
1455,43,1498,0.10198812644132664
1460,45,1505,0.101979752468825
1456,47,1503,0.10196052019929024
1438,48,1486,0.10195229416695993
1441,48,1489,0.10198562594622414
1437,48,1485,0.10201097844691748
1455,49,1504,0.10204471054143888
1449,48,1497,0.10203571369361981
1451,47,1498,0.1020412193226396
1445,50,1495,0.10204049804976427
1449,50,1499,0.10205559321785382
1452,48,1500,0.10205847909698867
1459,48,1507,0.10205435908532846
1448,48,1496,0.10203476133176118
1442,49,1491,0.10203902816699646
1438,49,1487,0.10205727893485722
1429,50,1479,0.10208522008060487
1437,48,1485,0.10213112364890663
1436,50,1486,0.10215742254037238
1429,50,1479,0.10218401658401398
1437,49,1486,0.10222403764208461
1453,53,1506,0.102244910151856
1450,51,1501,0.1022253987910954
1464,51,1515,0.10221188666140169
1461,50,1511,0.10216803955101544
1453,50,1503,0.10213286961512721
1458,48,1506,0.10211863870931215
1454,47,1501,0.10209376836089831
1453,46,1499,0.1020790117447466
1445,49,1494,0.10206923686677269
1435,49,1484,0.10207911160851994
1434,50,1484,0.10211149209740217
1443,51,1494,0.10214471433494793
1444,52,1496,0.10215448446413351
1444,52,1496,0.10216185242684403
1451,51,1502,0.10216806077515946
1442,49,1491,0.10215708961131355
1443,50,1493,0.10216577138478279
1440,49,1489,0.10217209518107083
1442,50,1492,0.10218602674794738
1446,50,1496,0.10219187278061963
1435,52,1487,0.1021887811916069
1451,56,1507,0.10221154688447745
1433,56,1489,0.10219973127894359
1446,57,1503,0.1022304251577588
1453,57,1510,0.10222986259521394
1457,56,1513,0.10221306229861117
1452,56,1508,0.10218814156098187
1460,54,1514,0.10217488143235784
1462,56,1518,0.1021444735429682
1461,56,1517,0.10211438714060989
1442,57,1499,0.10208969234649846
1444,55,1499,0.10210951082728606
1435,57,1492,0.10212181980627737
1453,57,1510,0.10215323398381965
1451,55,1506,0.10214427669248045
1455,52,1507,0.10213967324804216
1447,52,1499,0.1021260817536545
1440,51,1491,0.10213080856524989
1443,52,1495,0.10215207919259509
1442,53,1495,0.10216554134852437
1444,53,1497,0.1021796208577101
1444,54,1498,0.10218896051411733
1444,56,1500,0.1021944239969376
1437,62,1499,0.10220130125681852
1430,65,1495,0.102225247216129
1430,62,1492,0.10226500711884501
1426,62,1488,0.10230134789425388
1426,64,1490,0.10234362281763042
1426,65,1491,0.10238468502443514
1431,65,1496,0.10242098980636348
1431,67,1498,0.10244477668748728
1430,65,1495,0.10246775458513951
1430,64,1494,0.10249026095025318
1419,63,1482,0.10251099519813611
1423,62,1485,0.10255275961668976
1431,59,1490,0.10258317838940759
1426,61,1487,0.10259258652620538
1421,60,1481,0.10261191822030344
1428,60,1488,0.10264125253137557
1431,62,1493,0.10265130662202016
1437,63,1500,0.10265384261770577
1440,67,1507,0.10264385671456987
1436,67,1503,0.10262836196751152
1431,67,1498,0.10262435384051301
1429,68,1497,0.1026321462785651
1432,68,1500,0.10264285286256998
1430,66,1496,0.10264804127207683
1427,66,1493,0.10265587462984285
1429,65,1494,0.10266875538756738
1413,63,1476,0.10267537734425414
1425,66,1491,0.10271853779641776
1431,70,1501,0.10273320673058298
1425,73,1498,0.10273323573463095
1423,73,1496,0.10274739177701055
1413,75,1488,0.1027634093400435
1436,76,1512,0.10280197770825827
1414,76,1490,0.102785526187815
1415,79,1494,0.102819037971438
1426,77,1503,0.10284727688774918
1420,80,1500,0.10285121035457934
1405,82,1487,0.1028700025321443
1406,82,1488,0.10292189535966646
1412,82,1494,0.10296749811025586
1423,82,1505,0.10299682620629486
1416,84,1500,0.10300023087989701
1421,86,1507,0.10301934674421322
1409,85,1494,0.10302488507912187
1411,83,1494,0.10305795301008086
1412,84,1496,0.10308427643071776
1419,85,1504,0.10310615253003377
1405,89,1494,0.10311004189858938
1398,90,1488,0.10314611049917019
1406,92,1498,0.1031955740223237
1401,96,1497,0.10322329382959747
1401,96,1497,0.10326121211538794
1409,96,1505,0.10329651168996325
1397,95,1492,0.1033127084514312
1407,96,1503,0.10335323331391072
1396,102,1498,0.10337027863927872
1379,100,1479,0.10341005222535882
1382,102,1484,0.10348487473265333
1384,107,1491,0.10354598648808784
1386,106,1492,0.10359883007263639
1381,105,1486,0.10364759008906113
1383,101,1484,0.10370339599709069
1388,104,1492,0.10374746247989122
1386,102,1488,0.10377627464723703
1404,101,1505,0.10380671635611333
1396,104,1500,0.1037938092724477
1386,104,1490,0.10380142370972142
1397,103,1500,0.10383184035274802
1386,102,1488,0.10383344794903682
1391,100,1491,0.10386036462312742
1385,102,1487,0.10387427434301244
1382,101,1483,0.10389893315710548
1391,101,1492,0.10392734457645152
1404,95,1499,0.10393205029976808
1405,98,1503,0.10390661982383348
1411,103,1514,0.10388052462273448
1398,101,1499,0.10384266124967087
1395,98,1493,0.10383751274897658
1394,101,1495,0.10383742571295652
1397,103,1500,0.10384394076155798
1397,101,1498,0.10384386451560931
1398,100,1498,0.10384596146901721
1381,100,1481,0.1038449774891368
1382,98,1480,0.10388356742237587
1382,97,1479,0.10391676784580416
1385,101,1486,0.10394435163484457
1385,106,1491,0.10396234161573856
1384,108,1492,0.10398092252874402
1388,109,1497,0.10399977479454062
1392,106,1498,0.10400881517719361
1381,108,1489,0.10400893136069075
1385,105,1490,0.10403329527712085
1398,109,1507,0.10404778296486762
1380,107,1487,0.10403154444840564
1381,106,1487,0.10405753529877901
1384,110,1494,0.10408009166252662
1387,106,1493,0.10409435280255426
1389,107,1496,0.10410023474972671
1408,104,1512,0.104102067893372
1405,106,1511,0.10406218168273774
1401,104,1505,0.10403315447056133
1397,102,1499,0.10401550019836776
1384,102,1486,0.10400622599198744
1384,98,1482,0.10402703812327443
1396,94,1490,0.10404652700503654
1404,98,1502,0.10403564332023241
1400,101,1501,0.10400722293130701
1388,99,1487,0.10398854423929622
1380,98,1478,0.10399944638594015
1390,97,1487,0.10402551278222556
1391,96,1487,0.10402725373952645
1396,94,1490,0.10402500557380553
1395,95,1490,0.10401167325596933
1399,97,1496,0.10400179856684863
1403,98,1501,0.10398539095659869
1393,100,1493,0.10396308568350082
1408,102,1510,0.10396345021506949
1404,105,1509,0.10393115637408985
1400,105,1505,0.10390868203135906
1393,103,1496,0.1038998351616404
1399,103,1502,0.10390985635301901
1394,100,1494,0.1039047529771511
1389,101,1490,0.10391183980936518
1391,104,1495,0.10392975090344837
1393,105,1498,0.10394056988751568
1398,103,1501,0.10394678842708069
1396,103,1499,0.10393958257454297
1393,104,1497,0.10393996216561537
1386,103,1489,0.10394503531002165
1397,105,1502,0.10396711062817186
1413,103,1516,0.10396092542108214
1408,105,1513,0.10391906610465285
1414,102,1516,0.10388851975406936
1405,101,1506,0.10384802665549406
1402,100,1502,0.10383015832819137
1399,101,1500,0.1038210632147468
1406,101,1507,0.1038188210537707
1400,103,1503,0.10380165194845448
1387,106,1493,0.10380156356753072
1381,105,1486,0.1038301639075126
1386,108,1494,0.1038705360117908
1385,106,1491,0.10389629679383548
1390,108,1498,0.10392088133967413
1389,107,1496,0.10393288770440322
1387,111,1498,0.10394547167717598
1404,107,1511,0.10396444847315038
1387,108,1495,0.10394479306814279
1397,111,1508,0.10396376448489718
1391,111,1502,0.10395712379965144
1393,112,1505,0.10396658992794308
1388,111,1499,0.10397256595149497
1388,115,1503,0.10398951430363292
1389,114,1503,0.10400778475883601
1389,116,1505,0.10401951798594428
1375,118,1493,0.10403129898043385
1370,114,1484,0.10407384149128497
1384,113,1497,0.10412179766514827
1391,114,1505,0.10413628687497986
1387,120,1507,0.10413425638601238
1386,120,1506,0.10414256979197273
1397,125,1522,0.10415333109397105
1389,127,1516,0.10413683503561362
1377,128,1505,0.10414027890144388
1372,127,1499,0.10417325815577144
1361,127,1488,0.10421612244749565
1359,130,1489,0.10428038210126551
1346,134,1480,0.10434588686042097
1342,136,1478,0.10443568647913874
1341,137,1478,0.10452794838325036
1345,136,1481,0.10461602951218006
1337,138,1475,0.10468926439056205
1340,140,1480,0.10477297252195719
1341,142,1483,0.10484256738509697
1346,146,1492,0.1049064711860903
1345,144,1489,0.10495320559177625
1351,144,1495,0.1049999174762819
1350,151,1501,0.10502725443876634
1353,148,1501,0.1050546286030015
1349,151,1500,0.10507327601962067
1363,148,1511,0.10510175294394834
1351,148,1499,0.10509888180729121
1351,145,1496,0.10512087351895925
1354,140,1494,0.10514388564325187
1360,145,1505,0.10515964042533986
1369,148,1517,0.10516035087359153
1369,148,1517,0.10513839022021948
1360,151,1511,0.1051178979080704
1359,152,1511,0.10511981023636058
1361,155,1516,0.10512600946616345
1353,153,1506,0.1051283803795639
1339,154,1493,0.10514841429849663
1350,155,1505,0.10519880232689167
1338,154,1492,0.10522206627422408
1343,155,1498,0.10526929051643741
1356,154,1510,0.10530375388494359
1356,156,1512,0.10530518558998608
1338,156,1494,0.10530563605803302
1347,161,1508,0.10534508276378858
1342,159,1501,0.10536311878014466
1339,154,1493,0.10539189333158731
1338,153,1491,0.1054250881816809
1356,152,1508,0.10545988840333259
1351,154,1505,0.10545159503835745
1345,152,1497,0.10545517518657889
1355,157,1512,0.10547221002689439
1349,157,1506,0.10546243684233428
1353,155,1508,0.10546582286219337
1358,153,1511,0.10546146171740643
1356,154,1510,0.10544618821755546
1356,158,1514,0.10543515555629326
1353,152,1505,0.10542629159492194
1341,150,1491,0.10542484655785897
1336,153,1489,0.10545124607442798
1344,157,1501,0.1054871994909038
1344,155,1499,0.10550595485144189
1344,155,1499,0.10552116724272763
1337,161,1498,0.10553381306248706
1324,161,1485,0.10556096928401885
1326,163,1489,0.1056176015654727
1334,162,1496,0.1056624063506803
1346,168,1514,0.10568702818773533
1342,170,1512,0.10568361896850387
1342,169,1511,0.10569258133519294
1336,169,1505,0.1057002313229064
1336,170,1506,0.1057221977846553
1337,171,1508,0.10574578173767141
1330,169,1499,0.10576532730524235
1341,172,1513,0.1057969285310862
1341,169,1510,0.1058007460782797
1335,169,1504,0.10580681805814866
1337,171,1508,0.10582742136713465
1334,175,1509,0.1058382606156501
1337,170,1507,0.1058552300562533
1326,170,1496,0.10586395392512643
1324,167,1491,0.10589877911082893
1335,168,1503,0.10593385528646174
1325,171,1496,0.10594123099731317
1337,173,1510,0.10596891785568413
1332,170,1502,0.10596931077313884
1338,163,1501,0.10598355888398357
1327,167,1494,0.10597907400828771
1313,167,1480,0.10600117487239302
1309,175,1484,0.10605037411317714
1314,176,1490,0.10610606055948574
1325,177,1502,0.1061484910151814
1312,174,1486,0.10616141886200771
1304,176,1480,0.10620229395257834
1308,179,1487,0.1062584619276028
1306,183,1489,0.10630272849046644
1316,180,1496,0.10634717762701029
1319,185,1504,0.10636925101752151
1331,182,1513,0.10638018861505724
1310,179,1489,0.10636330200616559
1324,187,1511,0.10639493945900362
1314,188,1502,0.10639387591199366
1308,187,1495,0.10641508141891447
1310,187,1497,0.10644656195512649
1315,191,1506,0.10647334761794859
1302,189,1491,0.10648802380751464
1303,190,1493,0.10653218771918364
1312,192,1504,0.10657081568638466
1305,183,1488,0.1065851965593043
1311,181,1492,0.10661400156367566
1303,184,1487,0.10662851421082876
1299,183,1482,0.10666157816789124
1297,190,1487,0.10670075377212154
1296,191,1487,0.10673836198870626
1299,185,1484,0.10677411659617377
1299,185,1484,0.10680281653653394
1306,179,1485,0.1068290855735868
1305,176,1481,0.10683912220754738
1304,177,1481,0.1068480369830213
1306,173,1479,0.10685700173721856
1298,175,1473,0.10685834128913957
1307,175,1482,0.10687793678382043
1297,177,1474,0.1068758532641203
1313,176,1489,0.10689679987514465
1313,177,1490,0.10687915255428124
1318,175,1493,0.10686094878932842
1326,177,1503,0.10683386818019086
1325,174,1499,0.10679062529434315
1318,175,1493,0.10675783359862535
1313,178,1491,0.10674267670288234
1312,179,1491,0.10674060079861045
1311,171,1482,0.1067404420348444
1313,172,1485,0.10674406856952856
1312,172,1484,0.10674231785393246
1301,173,1474,0.10674148368486414
1320,173,1493,0.10676758171819839
1326,180,1506,0.1067450543909016
1338,178,1516,0.10671064388477229
1344,179,1523,0.1066505463750394
1319,177,1496,0.10658252011975175
1318,175,1493,0.10657285885982049
1328,175,1503,0.10656555758094051
1322,175,1497,0.10653750130453439
1328,175,1503,0.1065272670843162
1326,177,1503,0.10650392196794627
1323,174,1497,0.10648754734047731
1334,175,1509,0.10647835037204337
1327,174,1501,0.10644700928986486
1310,175,1485,0.1064345903584783
1303,177,1480,0.10646328736321464
1306,174,1480,0.10650642244953197
1320,178,1498,0.1065369457762244
1321,183,1504,0.10653469666587069
1326,188,1514,0.10653195911127451
1320,184,1504,0.10651843298945496
1318,182,1500,0.10651823168530292
1308,181,1489,0.10652336602779379
1318,182,1500,0.10654764316793659
1305,179,1484,0.10654606016801249
1304,177,1481,0.10657357808381591
1305,179,1484,0.10660337416190185
1315,182,1497,0.10662791548954338
1322,181,1503,0.10662979906430603
1314,183,1497,0.10661732117208648
1305,184,1489,0.10662217038045513
1302,188,1490,0.10665048914639827
1304,191,1495,0.10668399474489344
1299,189,1488,0.10671101252511878
1285,187,1472,0.10674767585298174
1298,188,1486,0.10681324728682653
1306,184,1490,0.1068467129534287
1308,188,1496,0.10686247656881175
1302,195,1497,0.106870938447978
1296,194,1490,0.1068940377203099
1288,201,1489,0.10692953552334238
1274,204,1478,0.10697899767223705
1270,204,1474,0.10705657599975021
1275,205,1480,0.10714109697364918
1275,205,1480,0.10720839978351314
1281,208,1489,0.10726861127445943
1291,207,1498,0.10731199789871065
1286,205,1491,0.10732990061150187
1282,209,1491,0.10735446353487875
1290,210,1500,0.10738793834767243
1296,212,1508,0.10740365426922281
1289,211,1500,0.10740179612821091
1292,212,1504,0.10741468366461379
1257,218,1475,0.10741935364215532
1261,218,1479,0.10750598996260095
1259,219,1478,0.10757911420001308
1271,221,1492,0.10765155179321109
1268,217,1485,0.10769055838624393
1265,220,1485,0.10773217906316628
1260,228,1488,0.10777856516970409
1255,230,1485,0.1078309385956797
1254,228,1482,0.10789226803544238
1241,230,1471,0.10794855452068627
1241,230,1471,0.10803243407342379
1252,225,1477,0.1081127713561619
1247,227,1474,0.10816271712343294
1253,231,1484,0.10821876511996333
1264,231,1495,0.10825643447203567
1272,235,1507,0.10826596561621604
1274,234,1508,0.10825801654508296
1272,241,1513,0.10824992291823936
1263,240,1503,0.10824670904829682
1266,243,1509,0.10826582324248964
1243,244,1487,0.10827673158487096
1248,244,1492,0.10833900341038609
1248,248,1496,0.10838660353504935
1256,252,1508,0.10842912501880068
1264,249,1513,0.10845271286055808
1253,250,1503,0.10845461601228759
1237,235,1472,0.10848366089358848
1236,238,1474,0.10854676261317964
1246,242,1488,0.10860820648191312
1260,249,1509,0.10864129632273933
1258,250,1508,0.10863836454779303
1258,253,1511,0.10864014035330306
1246,243,1489,0.10864267836078582
1258,243,1501,0.1086750768004179
1241,242,1483,0.10867543888998236
1248,246,1494,0.10871393237798165
1253,242,1495,0.10873523166262969
1238,243,1481,0.10874363178372072
1240,250,1490,0.10878627872765151
1245,254,1499,0.10882116811758519
1242,254,1496,0.10884284344002873
1240,255,1495,0.1088711344338276
1239,262,1501,0.10890167587222484
1243,263,1506,0.10893132816309631
1245,263,1508,0.10894994754213473
1244,260,1504,0.10896275847634293
1253,263,1516,0.1089791512965378
1247,261,1508,0.10897462027049003
1236,256,1492,0.10898467861065501
1243,253,1496,0.10901769727817122
1242,251,1493,0.1090350878449196
1228,254,1482,0.10904949568288895
1231,256,1487,0.10909455191759751
1229,259,1488,0.10912981719164136
1222,262,1484,0.1091663823320888
1234,258,1492,0.10921747214029942
1225,263,1488,0.10924070132006833
1236,260,1496,0.10928214728739605
1245,253,1498,0.10929516254411574
1227,259,1486,0.10928861319678598
1225,257,1482,0.1093219597528572
1225,262,1487,0.10935753906646717
1229,263,1492,0.10938691839247937
1239,260,1499,0.10940601077520533
1231,261,1492,0.10939967940749064
1237,265,1502,0.1094140144256047
1233,265,1498,0.10941420570389554
1231,264,1495,0.10941918146228927
1239,269,1508,0.10942814791188157
1231,270,1501,0.10941990688048633
1227,273,1500,0.10943309477185306
1234,272,1506,0.10945779024162673
1237,277,1514,0.10946499424769861
1238,274,1512,0.10946516013511076
1227,275,1502,0.10946484308368865
1229,269,1498,0.1094902775845788
1229,269,1498,0.10950761396898159
1235,271,1506,0.10952775841673262
1225,275,1500,0.10953035146883815
1217,280,1497,0.1095572820182381
1220,280,1500,0.10960081344953934
1227,275,1502,0.10963497483564762
1224,281,1505,0.10965267858099984
1207,278,1485,0.10967601701907005
1216,275,1491,0.10973539831142937
1226,272,1498,0.10977095990910789
1213,282,1495,0.10978105163072151
1210,283,1493,0.10981895814031505
1200,284,1484,0.10986004573522573
1190,289,1479,0.10992170406606318
1200,293,1493,0.11000431412071862
1194,291,1485,0.11005635708712988
1203,288,1491,0.11011371987387843
1195,285,1480,0.11014719815688193
1196,278,1474,0.11019753682777733
1208,283,1491,0.11024112154703587
1202,282,1484,0.11025577904495855
1214,281,1495,0.1102805923078143
1215,277,1492,0.11027657442477284
1206,281,1487,0.11027036571747593
1197,280,1477,0.11028597525652897
1190,275,1465,0.1103217310847307
1208,281,1489,0.11037185236847556
1195,278,1473,0.11037899816951402
1202,277,1479,0.11041407526098247
1213,273,1486,0.11043172220081018
1205,280,1485,0.1104190050616799
1201,281,1482,0.1104270122780835
1185,291,1476,0.11044206723222551
1190,294,1484,0.1104929691804399
1198,291,1489,0.11052823559125563
1195,287,1482,0.1105417324121072
1191,290,1481,0.11056278579089873
1192,290,1482,0.11059121219973952
1208,292,1500,0.11061531010808368
1214,292,1506,0.11059967800546304
1219,296,1515,0.11056928638201885
1211,297,1508,0.11053118678077208
1208,293,1501,0.11051443616991832
1217,289,1506,0.11050634955408035
1220,296,1516,0.11047782211949202
1213,287,1500,0.11044696055253475
1211,282,1493,0.11043591078295144
1211,284,1495,0.11042959840244819
1219,285,1504,0.11042376700558137
1215,290,1505,0.11040018398085277
1220,291,1511,0.11038736846382896
1219,298,1517,0.1103655967085891
1209,301,1510,0.11035162597624999
1202,302,1504,0.11036295327247388
1193,304,1497,0.11039000537074742
1194,303,1497,0.110433681529534
1191,305,1496,0.11047010515917872
1199,307,1506,0.11051114226185554
1198,307,1505,0.11053100692494035
1200,312,1512,0.11055364608796864
1196,310,1506,0.11056835440531755
1190,312,1502,0.11059057246920222
1191,310,1501,0.11062680655657203
1199,302,1501,0.11065698871108505
1208,310,1518,0.11066734613326125
1202,314,1516,0.1106591361021967
1197,311,1508,0.11066607693782529
1186,309,1495,0.11068478002223596
1195,308,1503,0.11072766404131518
1190,314,1504,0.11074635532408987
1184,315,1499,0.11077688690405718
1176,324,1500,0.11082011708390756
1165,327,1492,0.11088144693916935
1171,317,1488,0.11096454158313035
1174,320,1494,0.11102533312165537
1175,327,1502,0.11107567337910787
1176,329,1505,0.11112162861456444
1186,330,1516,0.11116134610757811
1189,331,1520,0.11117550507852161
1183,338,1521,0.11118218057378368
1175,332,1507,0.11120234771886255
1173,335,1508,0.11123875361713026
1150,338,1488,0.11127674868647552
1147,339,1486,0.11136626055605876
1152,342,1494,0.11145473240947189
1140,343,1483,0.1115262197392876
1143,339,1482,0.11161672611446154
1132,339,1471,0.11169436350664975
1141,342,1483,0.11179230767978217
1154,344,1498,0.11186429595610914
1154,343,1497,0.1119034857457134
1153,347,1500,0.11193616442723676
1156,342,1498,0.11196974948319313
1145,340,1485,0.11199204895552167
1143,345,1488,0.11203804121418935
1150,345,1495,0.11208877142632476
1154,343,1497,0.11211730469043957
1153,343,1496,0.11213534353854944
1159,349,1508,0.11215670851165474
1157,348,1505,0.11216308863831084
1159,351,1510,0.11217539744633577
1151,354,1505,0.11218029180039527
1141,352,1493,0.1122033410748657
1144,352,1496,0.1122451635165171
1150,352,1502,0.11227590461470374
1148,351,1499,0.1122895958202172
1145,350,1495,0.11230747789143923
1138,355,1493,0.11233140093478536
1135,358,1493,0.11236807218724026
1136,360,1496,0.11240962687595674
1138,361,1499,0.11245011223883904
1122,364,1486,0.11248194711187703
1117,366,1483,0.11255107397754135
1131,373,1504,0.11262625489206929
1119,372,1491,0.11266438589199718
1128,373,1501,0.11272854537049282
1123,379,1502,0.11276512169807386
1118,373,1491,0.11280762252837277
1116,376,1492,0.1128597015238115
1119,379,1498,0.11291197829659176
1114,387,1501,0.11295547256082365
1107,382,1489,0.11300781516229737
1101,382,1483,0.11307147275880318
1100,385,1485,0.11314710111961535
1089,378,1467,0.11321810376560397
1102,377,1479,0.11330940806345122
1112,379,1491,0.11336375444524499
1112,388,1500,0.11339087639051389
1120,382,1502,0.11341672658759702
1120,383,1503,0.11342521361306027
1117,384,1501,0.11342937515083262
1103,389,1492,0.11344197981506907
1100,394,1494,0.11348626184660533
1093,395,1488,0.11353392349505839
1092,395,1487,0.11359815547974048
1087,396,1483,0.11366049717327367
1087,406,1493,0.11373137414589146
1088,401,1489,0.1137987314156063
1083,398,1481,0.11386156742944728
1080,402,1482,0.11392996196646678
1073,400,1473,0.11399965069833043
1074,394,1468,0.11408040709008631
1087,395,1482,0.114153700854697
1089,400,1489,0.11419410658849671
1079,406,1485,0.11422523922960394
1089,413,1502,0.11427701435840025
1093,408,1501,0.11430237374776223
1088,411,1499,0.11431763515095743
1084,414,1498,0.11434305124976259
1082,413,1495,0.11437844955192272
1076,416,1492,0.11441553604021738
1070,414,1484,0.11446335250545747
1068,412,1480,0.11452055664337422
1071,419,1490,0.11458104021214827
1061,431,1492,0.11463064063837798
1061,426,1487,0.11470030331985377
1055,431,1486,0.11476530073298473
1055,429,1484,0.11483683510847857
1041,431,1472,0.11490531486556335
1046,429,1475,0.11500070380636312
1056,427,1483,0.11508145983130738
1055,426,1481,0.11513310156457532
1062,426,1488,0.1151829772807735
1060,442,1502,0.11521547418564511
1063,435,1498,0.11525050879948873
1061,440,1501,0.11527202033004955
1060,435,1495,0.11529307847504608
1063,431,1494,0.11531508588990463
1062,437,1499,0.11532966192336244
1052,439,1491,0.11534739565640986
1050,448,1498,0.11538650104705947
1051,439,1490,0.11542741825640296
1046,444,1490,0.11546529660232345
1050,448,1498,0.115509931785542
1051,447,1498,0.11554238715062998
1055,456,1511,0.1155707468027238
1061,451,1512,0.11558765632099216
1062,447,1509,0.11559150823296646
1070,443,1513,0.11559063428567694
1068,446,1514,0.1155710942814641
1068,448,1516,0.11555953344960641
1049,444,1493,0.11554861833576897
1038,441,1479,0.11558141565972159
1037,448,1485,0.11563738479821825
1042,443,1485,0.1156923694803956
1037,441,1478,0.11572841273555814
1040,449,1489,0.1157765155267521
1042,450,1492,0.11581283125509582
1038,448,1486,0.11584254107956965
1041,447,1488,0.11587953544043357
1050,442,1492,0.11590792194530206
1045,440,1485,0.11591381995385029
1060,453,1513,0.11593254850839987
1065,447,1512,0.11591255717944783
1047,446,1493,0.1158841866281282
1053,450,1503,0.11589840801979726
1045,442,1487,0.11589323893064236
1051,443,1494,0.11591098704208352
1050,435,1485,0.1159153794883898
1052,445,1497,0.11592429499575095
1042,453,1495,0.11592612631372816
1032,456,1488,0.11595085107266177
1048,449,1497,0.11599663844302036
1049,451,1500,0.11600301205980633
1045,458,1503,0.11600617558369318
1041,464,1505,0.11602246463635259
1039,475,1514,0.11604903921129779
1038,469,1507,0.11607828989442429
1033,472,1505,0.11610743719191419
1028,481,1509,0.11614483682932786
1033,485,1518,0.11619346784058723
1029,480,1509,0.1162271039138221
1025,477,1502,0.11626688292980177
1016,476,1492,0.1163142271856437
1020,476,1496,0.11637937686145619
1025,477,1502,0.11642658352930502
1030,475,1505,0.11646039635286286
1040,471,1511,0.11647848394959501
1030,464,1494,0.11646955364060667
1025,463,1488,0.1164846275072504
1023,463,1486,0.11650908792719226
1033,468,1501,0.11653291784464033
1037,465,1502,0.1165330589574527
1025,469,1494,0.11652109703156566
1022,470,1492,0.11653792559884145
1038,470,1508,0.11656368490695909
1023,472,1495,0.11654967142311787
1029,473,1502,0.11656979483876227
1026,469,1495,0.11657494487263233
1026,469,1495,0.11659126174169966
1029,467,1496,0.11660583736200952
1029,471,1500,0.11660970435281799
1022,467,1489,0.11661519481313753
1033,471,1504,0.11663540583313303
1021,469,1490,0.1166292208971282
1020,471,1491,0.11664736725171537
1021,475,1496,0.11666447625532488
1027,473,1500,0.11667833804036647
1021,471,1492,0.11667970148278844
1017,476,1493,0.11669789657874662
1011,476,1487,0.11672424540431088
1016,479,1495,0.11676198422188343
1012,481,1493,0.11678800065655764
1026,486,1512,0.1168217604058568
1013,474,1487,0.11682162861045041
1012,483,1495,0.11685048949771044
1009,481,1490,0.1168788730242505
1005,483,1488,0.11691078760798593
1008,483,1491,0.11695135627526825
1005,483,1488,0.11698282828218992
1001,485,1486,0.11701994663202936
1016,488,1504,0.11706383717111901
1018,480,1498,0.11706692057224088
1012,481,1493,0.11706551939529194
1011,485,1496,0.11707884823901982
1021,484,1505,0.11709448609298174
1013,485,1498,0.1170884146138482
1009,489,1498,0.11710431784105577
1004,493,1497,0.1171272628722073
1004,496,1500,0.11716484398187166
1009,501,1510,0.11719652003346624
1011,498,1509,0.11721603199765497
1007,504,1511,0.11723140997538803
1005,503,1508,0.11725376526267216
1009,496,1505,0.11727715621796252
998,504,1502,0.11729270745059144
995,503,1498,0.11733178454312355
987,507,1494,0.11737293877507586
989,501,1490,0.11742847432792748
984,496,1480,0.11747644095334958
992,501,1493,0.11752918117027214
1002,501,1503,0.11755931927250476
999,497,1496,0.11756384742801992
992,509,1501,0.11757213142701631
993,509,1502,0.11760105967231667
988,502,1490,0.1176258653555151
989,514,1503,0.11766088214352984
1005,508,1513,0.11769162538424077
994,506,1500,0.11768113726102407
999,504,1503,0.1176967355289133
990,507,1497,0.11769923971999235
995,511,1506,0.11772324738128345
987,511,1498,0.11773777718081448
981,509,1490,0.11776860083796649
985,522,1507,0.11781179437814085
984,529,1513,0.1178432238020374
988,524,1512,0.1178753656862495
982,523,1505,0.11789444886186871
977,520,1497,0.11792450455662315
975,526,1501,0.11796597364030546
976,520,1496,0.11800514899037222
983,525,1508,0.1180429526223739
974,525,1499,0.11806229905350993
970,528,1498,0.11810334075215607
976,528,1504,0.11815072763403756
969,523,1492,0.11818171589311753
960,523,1483,0.11822433974274996
981,529,1510,0.11828151728527363
980,532,1512,0.11828884819139614
970,529,1499,0.1182967112322672
971,527,1498,0.11832710816248887
967,529,1496,0.11835268936306255
971,536,1507,0.11838867246534132
976,546,1522,0.11841550803522782
972,534,1506,0.11842967817535706
965,542,1507,0.11845070770814757
956,543,1499,0.1184869475405327
956,545,1501,0.11854425382376169
949,545,1494,0.11859486647976443
956,543,1499,0.11866003925552036
958,545,1503,0.11870695498378676
958,547,1505,0.11874760571392072
952,548,1500,0.11878611385319221
959,541,1500,0.11883828099638415
961,544,1505,0.11887200590094771
953,541,1494,0.11889468492616356
962,550,1512,0.11893525310795706
965,556,1521,0.11895201790545169
966,560,1526,0.11896018760346032
965,562,1527,0.11896457063812237
954,558,1512,0.11897016308347716
939,557,1496,0.11900194308434024
944,561,1505,0.11906303656751216
940,555,1495,0.1191127388920576
942,557,1499,0.11916720250456607
939,558,1497,0.11921350889044163
936,560,1496,0.11926568575817266
939,563,1502,0.11932137633072788
942,570,1512,0.11936676072229264
937,578,1515,0.11940304005814052
929,576,1505,0.11945089477188542
928,571,1499,0.11951543505906351
920,571,1491,0.11957774152308584
917,578,1495,0.11965179242074132
928,574,1502,0.11972538538767513
923,575,1498,0.11977024739195008
912,585,1497,0.11982378816780377
911,589,1500,0.11989803458330733
905,589,1494,0.11997189729271593
906,591,1497,0.12005274877095003
911,585,1496,0.12012573560654814
927,580,1507,0.1201808712708808
920,578,1498,0.12019337094869034
929,571,1500,0.12022084214904341
914,566,1480,0.12022278118768653
921,572,1493,0.12025875535820246
916,583,1499,0.12027470452496516
913,579,1492,0.12030445490453562
905,590,1495,0.12033978563328426
906,604,1510,0.12039219685642437
906,604,1510,0.12044041766723901
909,596,1505,0.12048165833227088
913,596,1509,0.12051209428942368
906,594,1500,0.12053148435583687
909,603,1512,0.12056690395268038
903,597,1500,0.12059691060263177
906,595,1501,0.12064024616060426
911,595,1506,0.1206700729100833
915,599,1514,0.12068544905600959
895,606,1501,0.12068958100498171
910,607,1517,0.1207386317878899
911,605,1516,0.1207534228822567
906,608,1514,0.12076675418735254
900,609,1509,0.1207917178986721
898,609,1507,0.12082995572119735
901,610,1511,0.12087049056284634
890,616,1506,0.12090006781988884
891,610,1501,0.12095294894303571
886,607,1493,0.12100338402291375
894,607,1501,0.1210596429664518
893,609,1502,0.12109445647832891
892,619,1511,0.12112835206918561
887,626,1513,0.12116403428280359
876,623,1499,0.1212118741765483
881,626,1507,0.12128051625209109
884,625,1509,0.12132917931575542
891,627,1518,0.12137000791890601
879,636,1515,0.12139256851124712
883,643,1526,0.12144116962453928
878,642,1520,0.12147617457967959
878,647,1525,0.12152143743174988
885,639,1524,0.12156667905564252
881,635,1516,0.12159431763109264
874,632,1506,0.12163257072781855
877,632,1509,0.12168178313991815
865,634,1499,0.12172132678320789
855,626,1481,0.1217823484367468
856,638,1494,0.12186036452511875
869,645,1514,0.12193367415502107
864,641,1505,0.12197129112482093
864,647,1511,0.1220211332581431
867,652,1519,0.1220679368875275
862,650,1512,0.12210416312215976
855,646,1501,0.12214925623409992
854,642,1496,0.12220945081776717
858,646,1504,0.1222675149288177
854,636,1490,0.12231045196858222
849,640,1489,0.12235737904093423
843,640,1483,0.12241107868537777
850,641,1491,0.12247362168709905
842,645,1487,0.12251202373125178
842,644,1486,0.12256799235962315
839,643,1482,0.12262281744101046
843,652,1495,0.12268201136561428
835,652,1487,0.1227278993716893
835,660,1495,0.12278635433586771
833,660,1493,0.12284332853523397
834,656,1490,0.12289859520928659
851,663,1514,0.12294941768794196
849,666,1515,0.12295538409605701
844,666,1510,0.12296613758528341
846,661,1507,0.12298854920129255
847,660,1507,0.12300119467383144
839,656,1495,0.12301015673768015
833,659,1492,0.12304007203369131
842,652,1494,0.12307928013765373
841,665,1506,0.1230988510260026
841,671,1512,0.12311790499012557
843,671,1514,0.12313815934276061
825,668,1493,0.12315167099539621
830,666,1496,0.1232081629989244
830,667,1497,0.12324953192277179
835,666,1501,0.12328977602812216
847,671,1518,0.12331934658937543
843,670,1513,0.12331915119406166
833,671,1504,0.1233261245400144
831,673,1504,0.12335519717198466
825,673,1498,0.12339081159077805
816,679,1495,0.123438523665656
825,691,1516,0.12350264032499475
830,693,1523,0.12354053284617249
831,701,1532,0.12356696863543444
820,701,1521,0.12359155998659105
821,702,1523,0.12363974246510454
819,698,1517,0.12368287718511412
808,696,1504,0.1237292174193085
802,695,1497,0.12379920719163647
804,698,1502,0.12387920538824898
804,689,1493,0.12394635200074959
816,698,1514,0.12400877817374319
802,690,1492,0.12403630018706437
814,702,1516,0.12409286892263297
806,702,1508,0.12411803656650722
805,703,1508,0.12415928264464889
804,707,1511,0.12420035547628355
815,699,1514,0.12424133668364196
819,704,1523,0.12425493596067198
815,702,1517,0.12425927052736542
818,705,1523,0.1242730948046616
809,704,1513,0.12427589599964169
804,700,1504,0.12429863691049611
805,706,1511,0.12433434204986363
816,707,1523,0.12436511418936261
796,713,1509,0.12436547203323679
802,717,1519,0.12441222732452799
806,718,1524,0.12444479473498284
806,710,1516,0.12446418289043291
805,710,1515,0.12448378630968886
809,708,1517,0.12450558056761508
799,709,1508,0.12451489328265115
809,709,1518,0.12455009210182429
811,718,1529,0.12455947211622483
810,723,1533,0.12456242527085398
806,724,1530,0.1245711041557163
802,721,1523,0.12458142515750632
795,725,1520,0.12460337043992699
781,702,1483,0.12463561837263175
778,712,1490,0.12469815053169128
773,717,1490,0.12476032795836342
785,721,1506,0.12483205396682323
782,712,1494,0.12486681042255139
784,707,1491,0.12490825528376369
777,714,1491,0.12494256933836813
779,711,1490,0.12498946254608354
767,720,1487,0.12502603188602734
771,722,1493,0.125087769043395
771,732,1503,0.1251383850679456
771,732,1503,0.12518454085691236
767,737,1504,0.12522576511015793
772,737,1509,0.12527661044830507
761,735,1496,0.12531083415337033
753,740,1493,0.12536949916401902
750,737,1487,0.12544428969404176
756,741,1497,0.12551955245945678
766,736,1502,0.12557575813507518
759,738,1497,0.1256030805185949
754,743,1497,0.12564637590254324
752,737,1489,0.12569674783298904
751,723,1474,0.12574855775097696
756,728,1484,0.12579733216181221
760,728,1488,0.12583165748196165
763,727,1490,0.1258558622682128
766,732,1498,0.12587118265372177
763,729,1492,0.12587828342678337
774,727,1501,0.12589199418393288
772,730,1502,0.12587875389809405
770,730,1500,0.125872622895219
770,742,1512,0.1258749706103884
770,745,1515,0.12587747995814808
765,743,1508,0.12588274767497867
764,748,1512,0.1258985947649001
758,753,1511,0.1259157547756403
755,762,1517,0.1259456394481969
756,761,1517,0.12598242688138403
738,762,1500,0.12601227425368944
745,758,1503,0.12608113381082856
743,760,1503,0.12613018822011018
749,768,1517,0.12618179729063958
755,771,1526,0.12621651667149433
745,776,1521,0.12623588615128736
729,776,1505,0.12627846889603447
730,773,1503,0.12635635526332728
725,773,1498,0.12642936663366086
732,775,1507,0.12651129716279416
731,786,1517,0.1265704951740943
727,785,1512,0.12662849400752477
721,782,1503,0.12669322576418462
721,780,1501,0.12676550509595302
715,766,1481,0.12683209901618156
717,769,1486,0.12690520077143835
715,772,1487,0.12696984139919215
713,782,1495,0.12703356362265586
718,779,1497,0.1270974317271999
711,775,1486,0.1271456860739953
711,773,1484,0.12720363008140312
714,776,1490,0.1272589043503344
719,782,1501,0.12730683557105008
712,783,1495,0.127341661919895
713,787,1500,0.1273918534687145
713,794,1507,0.1274346882566543
703,800,1503,0.1274739536474011
701,808,1509,0.12753475898197736
709,811,1520,0.1275978707248701
708,800,1508,0.12763765586432257
711,803,1514,0.1276783365035947
710,811,1521,0.12770880380556132
710,791,1501,0.12773832952685774
716,794,1510,0.12776168482101746
714,799,1513,0.12776652712243425
720,794,1514,0.1277780313890051
720,798,1518,0.1277699047279759
717,805,1522,0.12776568698915267
719,800,1519,0.12777187091113182
712,798,1510,0.12777428414242015
719,810,1529,0.12778922611980412
717,813,1530,0.127789139380874
712,807,1519,0.12779452952387974
706,800,1506,0.1278117109441641
708,799,1507,0.12784614485998064
698,800,1498,0.12787387439581205
698,812,1510,0.12792242552912075
691,823,1514,0.12796934772885427
691,825,1516,0.12803137713236432
693,818,1511,0.12808629799961918
692,812,1504,0.12813143246434283
696,811,1507,0.12817357273332677
700,816,1516,0.1282056534366376
693,814,1507,0.128226275914796
681,817,1498,0.12826527342968666
682,818,1500,0.1283282014013568
684,819,1503,0.12838414751049304
685,813,1498,0.12843310861885215
683,824,1507,0.12847602162218916
677,829,1506,0.12852273144978768
669,832,1501,0.12857905255392146
660,837,1497,0.12864888631147942
654,839,1493,0.12873938082292127
654,848,1502,0.1288353179514748
651,848,1499,0.12892738391222672
667,845,1512,0.12901894707057288
670,845,1515,0.1290626428816308
667,846,1513,0.12909615944916827
672,840,1512,0.12913599935553804
666,842,1508,0.12916251927356281
659,846,1505,0.12920327368116363
659,850,1509,0.12925958998192758
668,847,1515,0.12931063420237046
664,853,1517,0.12933521691980082
657,851,1508,0.12936721803500636
649,849,1498,0.12941321901939154
660,837,1497,0.1294722639130691
662,852,1514,0.1295020363370587
661,854,1515,0.1295247268931007
662,856,1518,0.12954709239980922
655,853,1508,0.12956828963902103
650,858,1508,0.1296041813533842
646,856,1502,0.12964856933792454
651,853,1504,0.129699655997329
648,854,1502,0.1297322505091615
646,851,1497,0.12976923458106274
641,859,1500,0.12981089528003012
637,866,1503,0.12986158525047958
641,869,1510,0.12991250125266474
642,877,1519,0.12995591303560494
634,877,1511,0.1299938296397365
625,868,1493,0.13004860964588652
633,869,1502,0.13012227936512782
633,864,1497,0.1301701376550972
632,871,1503,0.1302128925569511
621,885,1506,0.13025563214077562
620,882,1502,0.13032037664964682
620,885,1505,0.13038426813719758
628,893,1521,0.1304436355803078
630,881,1511,0.1304822692265021
634,891,1525,0.13051090984189137
627,890,1517,0.13053090940395204
627,900,1527,0.13056878409285588
626,908,1534,0.130604492540643
624,900,1524,0.13064209795165133
621,910,1531,0.13067998596986846
612,913,1525,0.13072601995250957
607,910,1517,0.13079200532244306
600,912,1512,0.13086744430935837
598,911,1509,0.1309553432821995
601,917,1518,0.13104182032393427
595,907,1502,0.1311160712441392
587,909,1496,0.1312003875439186
582,913,1495,0.1312970695957315
577,913,1490,0.13139748332263979
567,915,1482,0.13149904149747824
570,919,1489,0.13162046590598314
563,924,1487,0.13172706023034916
569,926,1495,0.13184400712274771
575,931,1506,0.13193459666755064
573,932,1505,0.13200519857403425
575,931,1506,0.13207306805793548
575,924,1499,0.13212975150602438
576,932,1508,0.13218037380527728
582,927,1509,0.13222598599441596
581,928,1509,0.13225347204846621
581,933,1514,0.13228505327912296
580,930,1510,0.13231309772279165
583,932,1515,0.13234076034965145
579,938,1517,0.13236216078115512
575,934,1509,0.1323920164693557
567,932,1499,0.13242778407382705
568,933,1501,0.1324781454986564
574,923,1497,0.13252483649505506
574,924,1498,0.13255229899510973
573,932,1505,0.13258055487555168
576,916,1492,0.13260746667373666
582,925,1507,0.13262735694082675
581,926,1507,0.13263511672065645
583,928,1511,0.13264551014726536
584,923,1507,0.13264939461720446
580,940,1520,0.1326496750881029
577,934,1511,0.13266088057016667
565,933,1498,0.13267933618631342
571,946,1517,0.13272672307992653
574,944,1518,0.13275615399719107
570,934,1504,0.13277732728439304
570,926,1496,0.1328081519983963
571,931,1502,0.13283638762721658
572,931,1503,0.13285886547517653
586,931,1517,0.13287677252755295
590,936,1526,0.13285766812859612
589,933,1522,0.1328282019556406
584,938,1522,0.13280548860930794
587,932,1519,0.13279663433993563
578,942,1520,0.13278254578898557
575,940,1515,0.13279111004037655
574,935,1509,0.13280811678439705
564,928,1492,0.13282663771834538
560,928,1488,0.1328684120673667
557,939,1496,0.13291719058937793
559,946,1505,0.1329654588764125
553,937,1490,0.1330027216668124
544,947,1491,0.13305081034900065
530,964,1494,0.1331164153434103
533,976,1509,0.13321180763528934
526,981,1507,0.13329443030492283
523,988,1511,0.13338996101739023
521,980,1501,0.13348596669211832
530,979,1509,0.13358018252099882
523,971,1494,0.1336475618510959
524,978,1502,0.13372636587392867
526,982,1508,0.13379705999710947
525,973,1498,0.13385761910927893
531,967,1498,0.1339195085210727
528,975,1503,0.13395803025414427
527,973,1500,0.13399924600327268
521,971,1492,0.13404023683493738
524,989,1513,0.13409256891221338
527,990,1517,0.1341376728421111
531,982,1513,0.13417253056415746
532,982,1514,0.1341951556673305
528,988,1516,0.13421298944669313
526,980,1506,0.1342412834845994
528,969,1497,0.13427382237886687
526,970,1496,0.13429758247944115
522,984,1506,0.13432202838188706
521,992,1513,0.13435752578114585
515,995,1510,0.13439530851914383
517,988,1505,0.13444431977674712
503,988,1491,0.13448415614388318
508,978,1486,0.13455378389787226
516,988,1504,0.13460805768090361
511,985,1496,0.13463914662029322
513,991,1504,0.13468124150109836
513,991,1504,0.134717201848843
508,993,1501,0.13475056832363383
508,995,1503,0.13479385736950766
508,997,1505,0.1348376120785997
509,1000,1509,0.1348795863817291
504,1004,1508,0.13491250556517215
497,1004,1501,0.13495733147073544
497,1000,1497,0.13501401047979303
501,1016,1517,0.13506717161700565
507,1014,1521,0.13510703031112353
502,1009,1511,0.13513209791548353
501,1017,1518,0.13516847809466312
493,1027,1520,0.13520640506149206
492,1030,1522,0.1352603391234253
493,1033,1526,0.13531298032979325
494,1027,1521,0.13535928253398363
493,1026,1519,0.1353967445888667
492,1025,1517,0.1354336974939806
489,1025,1514,0.13547203590981544
497,1026,1523,0.13551439092557654
493,1025,1518,0.13553407337929152
489,1032,1521,0.1355633362483477
478,1030,1508,0.13559912183051354
479,1039,1518,0.1356602152834958
485,1038,1523,0.1357157775199789
485,1036,1521,0.13575282080827997
482,1024,1506,0.13578686646915827
481,1023,1504,0.1358256042151907
479,1031,1510,0.13585974834347256
479,1024,1503,0.13589774958200226
483,1026,1509,0.13593324918668592
471,1032,1503,0.13595746624109953
483,1040,1523,0.13600705600142737
479,1046,1525,0.13602611947920656
473,1032,1505,0.13605592448372275
469,1042,1511,0.136096612423875
469,1044,1513,0.13614240544013534
465,1039,1504,0.13618737601545194
464,1047,1511,0.13623775067252086
459,1049,1508,0.1362869439103223
461,1054,1515,0.13634680704289884
455,1061,1516,0.13639714446859474
462,1064,1526,0.13645997741758745
463,1059,1522,0.13650160304001274
456,1053,1509,0.13653809705327313
459,1058,1517,0.13658828402169523
452,1062,1514,0.1366276382863465
449,1060,1509,0.13668059217422399
438,1061,1499,0.13673866090893325
437,1059,1496,0.1368213610569368
444,1055,1499,0.13690169142974187
443,1053,1496,0.13695699768623248
446,1054,1500,0.13701004111205067
454,1059,1513,0.13705314964281243
449,1052,1501,0.137073105536181
445,1061,1506,0.13710422203621905
447,1060,1507,0.13714195169816407
458,1067,1525,0.13717080265999346
451,1055,1506,0.13717356123577565
451,1063,1514,0.13719194310210273
451,1064,1515,0.1372093789676808
449,1063,1512,0.137227301684467
452,1068,1520,0.13725155837052827
448,1066,1514,0.1372650384254107
438,1067,1505,0.13728928115347996
442,1072,1514,0.13733663704934165
431,1078,1509,0.13737060043861465
428,1086,1514,0.13742860013021102
423,1094,1517,0.137490651267783
418,1094,1512,0.13756154879563245
419,1090,1509,0.13764042825367448
422,1097,1519,0.13771170164349797
421,1098,1519,0.13777190950982646
421,1101,1522,0.1378309884183255
424,1094,1518,0.13788858204558763
421,1079,1500,0.1379327295568756
416,1078,1494,0.1379799422401736
420,1100,1520,0.13803701298893567
420,1104,1524,0.13807925094351967
411,1098,1509,0.13811722260181264
406,1096,1502,0.13817551990535965
401,1104,1505,0.13824159354498516
399,1102,1501,0.13831584977764405
397,1105,1502,0.13838679050999103
397,1118,1515,0.13845710415693413
396,1116,1512,0.13852333702370376
396,1111,1507,0.1385850587162214
394,1119,1513,0.1386442002407178
396,1114,1510,0.13870646467966416
397,1117,1514,0.13876205662878974
405,1116,1521,0.1388107727204439
409,1107,1516,0.13883745923916951
399,1124,1523,0.13885198604986748
397,1120,1517,0.13888494131649565
391,1114,1505,0.13892232276550043
391,1112,1503,0.13896891452147886
395,1117,1512,0.13901123222991252
404,1119,1523,0.13904173978796008
403,1111,1514,0.13905001300159692
409,1099,1508,0.13905926362976795
404,1103,1507,0.13905633616157254
399,1092,1491,0.13906632424666976
398,1096,1494,0.13908858794846282
396,1111,1507,0.1391120944813557
396,1111,1507,0.13913588918977166
399,1105,1504,0.13915367670280493
399,1104,1503,0.1391616571239342
400,1113,1513,0.13917130858604806
402,1098,1500,0.1391805423827721
403,1107,1510,0.1391830401497953
403,1098,1501,0.1391818110097522
404,1111,1515,0.13917940491563516
403,1119,1522,0.13917383320387394
403,1119,1522,0.1391710808225923
399,1111,1510,0.13917145060138955
402,1114,1516,0.1391836008007872
401,1115,1516,0.13918709447731967
403,1114,1517,0.1391953427674396
397,1113,1510,0.13919919101581446
391,1116,1507,0.13921761526153728
394,1129,1523,0.1392490613826568
393,1125,1518,0.13927200048887642
387,1121,1508,0.1392967120629951
389,1121,1510,0.13933420273854302
387,1115,1502,0.13936304583817852
391,1123,1514,0.13938977950962184
391,1114,1505,0.13940742307280835
386,1111,1497,0.13942237198204302
376,1110,1486,0.1394490441516802
377,1108,1485,0.1394950442746505
376,1129,1505,0.13953335984948162
380,1130,1510,0.1395738989673382
377,1146,1523,0.13960264842243944
386,1138,1524,0.13963876142121814
384,1141,1525,0.13965248549449236
383,1145,1528,0.1396708416506579
380,1146,1526,0.13969204446188324
388,1138,1526,0.13971830842939553
384,1140,1524,0.13972394725018453
376,1145,1521,0.13973896203009128
372,1142,1514,0.13977162346209315
376,1126,1502,0.13981206248528966
379,1130,1509,0.13983406938372103
378,1143,1521,0.13984772823102415
375,1137,1512,0.13986398963118213
375,1135,1510,0.13988695353284009
377,1134,1511,0.13990464723498686
381,1122,1503,0.13991775624744646
382,1119,1501,0.13992052912043135
383,1116,1499,0.13992079006246694
385,1114,1499,0.13991889329957355
392,1113,1505,0.13991293914064393
394,1104,1498,0.13989123298370687
392,1110,1502,0.13986528012456825
394,1114,1508,0.13984580850245826
392,1124,1516,0.13982325387998013
384,1128,1512,0.1398088294455905
388,1125,1513,0.13981550504906234
393,1129,1522,0.13980939228311878
389,1121,1510,0.13979339680538097
380,1129,1509,0.1397876195768411
381,1127,1508,0.13980250291976648
383,1125,1508,0.1398147933158724
386,1127,1513,0.1398240644276177
377,1123,1500,0.13982519794935436
377,1129,1506,0.1398471892031479
379,1132,1511,0.13986879865393143
378,1139,1517,0.13988712933420203
373,1140,1513,0.13990617774298927
367,1147,1514,0.13993687813473438
371,1150,1521,0.13998059405417265
368,1154,1522,0.1400108660151881
370,1154,1524,0.14004521202653733
362,1153,1515,0.1400737517729994
372,1157,1529,0.14011728769352289
369,1168,1537,0.14013374967827588
364,1165,1529,0.14015602672193114
362,1147,1509,0.1401907787034182
359,1139,1498,0.1402285965072128
360,1122,1482,0.14027134922934514
356,1121,1477,0.14030775048703564
357,1144,1501,0.14034977678073332
350,1150,1500,0.14038898813005324
349,1150,1499,0.14044202151154292
351,1148,1499,0.14049318971539992
353,1165,1518,0.14053864822927659
345,1176,1521,0.14057120820755817
340,1182,1522,0.14062389611244805
338,1165,1503,0.14068503981561334
336,1159,1495,0.14074753595496348
336,1169,1505,0.14081165852330613
337,1174,1511,0.14087303598876655
329,1173,1502,0.14092464297464236
324,1176,1500,0.14099127398325956
321,1174,1495,0.14106486315085998
324,1180,1504,0.14114022526031603
329,1174,1503,0.14120362824984337
331,1182,1513,0.14124989015286182
330,1183,1513,0.1412895820923822
328,1184,1512,0.14133060288400834
329,1190,1519,0.14137462614097193
323,1193,1516,0.1414142514734211
332,1189,1521,0.14146301833449684
334,1185,1519,0.14148932275039391
329,1183,1512,0.1415088417525665
325,1184,1509,0.14153857319875876
320,1179,1499,0.1415750267979284
316,1183,1499,0.14161927489636106
317,1186,1503,0.14166992055222363
314,1200,1514,0.1417166790489211
314,1214,1528,0.14176834079872466
309,1205,1514,0.14181533773054894
316,1205,1521,0.1418724031443863
314,1203,1517,0.14190872247278766
314,1196,1510,0.1419451443052512
309,1189,1498,0.14197951700875386
312,1193,1505,0.1420244441540644
310,1189,1499,0.14205854202663407
314,1182,1496,0.1420938411050551
313,1182,1495,0.14211651103248138
317,1178,1495,0.14213847207852642
319,1174,1493,0.14214990188060386
317,1184,1501,0.1421581606634765
322,1186,1508,0.14217029065842474
317,1185,1502,0.1421675496569726
315,1197,1512,0.1421775147726784
315,1195,1510,0.1421914320307595
319,1193,1512,0.14220606839210645
321,1193,1514,0.14220874381713833
323,1187,1510,0.14220136184498688
318,1205,1523,0.14218826836810997
318,1204,1522,0.14219102227469385
316,1201,1517,0.14219579724631143
320,1192,1512,0.1422041771274002
322,1189,1511,0.14220265687938685
317,1191,1508,0.14219447384467096
320,1185,1505,0.14219974272466712
323,1191,1514,0.14220124737755857
331,1193,1524,0.14219608771303818
321,1191,1512,0.14217347733880134
323,1181,1504,0.14217614247065252
321,1184,1505,0.14217510842996894
317,1191,1508,0.14217948208665995
319,1203,1522,0.14219444528911956
314,1196,1510,0.14220310095357247
307,1202,1509,0.14222359805496299
304,1202,1506,0.14225851690153976
305,1199,1504,0.14230016270010507
301,1199,1500,0.14233633991542446
308,1194,1502,0.14237866384369066
310,1205,1515,0.1423996165033695
305,1200,1505,0.14241404071138206
309,1211,1520,0.1424355838274288
303,1225,1528,0.14244747330795207
293,1227,1520,0.1424746625145898
291,1232,1523,0.1425239694379319
285,1239,1524,0.1425772715284216
282,1229,1511,0.14264263218622075
276,1236,1512,0.14270988419525824
285,1229,1514,0.14278566552045002
280,1233,1513,0.14283528481473337
275,1242,1517,0.14289209702966077
274,1226,1500,0.1429570129803839
270,1240,1510,0.1430181933853101
270,1251,1521,0.14308722101697544
270,1252,1522,0.14315294209436416
270,1258,1528,0.14321562967265453
272,1248,1520,0.14327229549405351
268,1249,1517,0.14331978577785573
268,1260,1528,0.14337534885438655
270,1255,1525,0.14342786042491112
262,1257,1519,0.14347390593155995
259,1262,1521,0.14353627273968975
256,1265,1521,0.14360329932127033
257,1265,1522,0.14367340372070178
259,1264,1523,0.1437363416262708
259,1267,1526,0.14379015785842048
255,1269,1524,0.1438413738529362
253,1263,1516,0.14389919968562434
249,1266,1515,0.14395903105723398
252,1262,1514,0.14402491921211705
258,1265,1523,0.144077952412917
260,1260,1520,0.14411128142981677
257,1260,1517,0.14413652224315432
260,1263,1523,0.14416734599445
260,1258,1518,0.1441887228140514
260,1245,1505,0.14420945937087215
259,1240,1499,0.14422923237443835
256,1244,1500,0.14424753508606059
252,1250,1502,0.14427261551565385
252,1242,1494,0.14430507860923708
252,1252,1504,0.14433468194574797
253,1250,1503,0.14436181356462086
246,1262,1508,0.1443832854168662
243,1260,1503,0.14442081032775833
245,1260,1505,0.14446556353074255
244,1253,1497,0.1445015800940278
245,1265,1510,0.14453475104220728
244,1268,1512,0.14456185736249907
237,1275,1512,0.14458970848402417
239,1265,1504,0.14463283653854658
248,1257,1505,0.14466855885756583
248,1254,1502,0.14467948511796697
243,1259,1502,0.14468907340101325
247,1263,1510,0.14471131355991787
245,1265,1510,0.14472344052701247
248,1268,1516,0.14474167585643102
247,1271,1518,0.14475023368372067
252,1282,1534,0.14476089174745596
254,1288,1542,0.14476143780888395
252,1278,1530,0.14475818805994328
246,1270,1516,0.1447606392221236
232,1263,1495,0.14477843740779203
233,1267,1500,0.14482887208906456
235,1277,1512,0.14487426254180402
235,1268,1503,0.1449099479968812
238,1269,1507,0.14494235465053415
236,1270,1506,0.14496759489421362
235,1275,1510,0.1449953841590915
240,1277,1517,0.1450228556278503
234,1265,1499,0.1450386851858307
231,1285,1516,0.14506628735074678
231,1287,1518,0.14509794747271706
230,1282,1512,0.1451280489732305
229,1280,1509,0.14515851842818767
231,1285,1516,0.14518971162969727
235,1274,1509,0.145213570019593
232,1279,1511,0.14522835441697227
230,1283,1513,0.14524972919729065
222,1281,1503,0.1452764947656237
220,1297,1517,0.14531909452074826
229,1296,1525,0.14536213988162872
229,1287,1516,0.14538109383498235
227,1279,1506,0.14539901488584653
229,1288,1517,0.1454181795064156
226,1303,1529,0.14543368396727294
225,1300,1525,0.1454548175501224
226,1288,1514,0.14547614444232093
222,1286,1508,0.14549434370796363
216,1293,1509,0.14552096225217945
215,1307,1522,0.14556125669899028
218,1297,1515,0.14560035363592136
219,1291,1510,0.14562943141283444
218,1285,1503,0.1456517135847787
218,1303,1521,0.14567364387345166
217,1305,1522,0.14569514518060256
215,1298,1513,0.14571703489182833
220,1300,1520,0.14574104931247642
218,1297,1515,0.14575017323175538
215,1302,1517,0.14576480482530696
211,1306,1517,0.14578594259521446
210,1305,1515,0.1458145910889297
209,1303,1512,0.1458454637066275
210,1306,1516,0.1458776719339806
209,1293,1502,0.14590418993230883
208,1301,1509,0.14593029630809137
212,1301,1513,0.14595912485946574
208,1297,1505,0.1459761890162615
207,1313,1520,0.1460007111837631
208,1304,1512,0.14602777883868862
205,1310,1515,0.14605099163514715
201,1321,1522,0.1460799425494098
197,1315,1512,0.146115839519139
197,1320,1517,0.14615935035350489
194,1324,1518,0.1461995974667133
194,1319,1513,0.1462458962165109
193,1324,1517,0.1462888904095467
192,1328,1520,0.14633193141206463
195,1325,1520,0.14637380853826198
194,1320,1514,0.1464057664610868
192,1332,1524,0.14643960641159434
190,1326,1516,0.14647577633709105
191,1325,1516,0.14651516118618496
192,1311,1503,0.1465492328955931
195,1313,1508,0.14657806180612062
194,1323,1517,0.14659772912979857
195,1327,1522,0.1466190815861869
194,1317,1511,0.14663756169258624
192,1320,1512,0.1466575439690684
191,1319,1510,0.146680393334157
188,1327,1515,0.14670366130764542
188,1325,1513,0.14673391431159488
194,1326,1520,0.1467612478007807
193,1310,1503,0.14677031595669182
193,1328,1521,0.14678143984596279
192,1326,1518,0.14679179324781827
189,1327,1516,0.14680535057210592
190,1331,1521,0.14682600082007147
187,1327,1514,0.1468423121571717
188,1330,1518,0.14686455436617976
184,1322,1506,0.14688198226852736
181,1331,1512,0.14690708721549772
177,1336,1513,0.1469386356409037
182,1337,1519,0.14697640477061483
184,1335,1519,0.1469998015742807
184,1313,1497,0.14701553072060958
187,1330,1517,0.14703013914532556
182,1330,1512,0.14703666206959348
186,1327,1513,0.14705454140080346
178,1343,1521,0.14706131998139643
174,1338,1512,0.14708694091068883
167,1331,1498,0.1471210651568044
163,1340,1503,0.14716785054581144
169,1329,1498,0.1472212043465499
176,1329,1505,0.14725759821273537
177,1335,1512,0.14727421194628662
176,1346,1522,0.14728761168966248
173,1353,1526,0.14730308668824887
174,1337,1511,0.1473241365011308
178,1332,1510,0.14734175928269871
176,1335,1511,0.14734824092908996
172,1338,1510,0.14735676630166925
173,1343,1516,0.14737534199593763
171,1347,1518,0.1473885295724765
175,1336,1511,0.14740666357154136
174,1349,1523,0.14741444443603835
177,1353,1530,0.14742358461635166
177,1362,1539,0.1474270984896274
177,1355,1532,0.14743155686951595
176,1345,1521,0.14743354776159298
172,1351,1523,0.14743739863548533
175,1357,1532,0.14745190974043088
173,1355,1528,0.14745775849050755
170,1338,1508,0.14746886988635965
166,1346,1512,0.14748623032611743
165,1346,1511,0.14751288241417676
165,1343,1508,0.14753889099458214
166,1331,1497,0.1475648260833428
169,1336,1505,0.14758506512929562
167,1337,1504,0.14759820046232427
166,1337,1503,0.14761707236902538
161,1344,1505,0.14763784142325878
158,1352,1510,0.14766857826327603
159,1341,1500,0.14770391667195992
159,1353,1512,0.14773381072928593
153,1352,1505,0.14776267113302702
159,1352,1511,0.14780442380307943
157,1353,1510,0.1478283278131281
157,1361,1518,0.14785555247927695
157,1372,1529,0.14787976597507743
158,1361,1519,0.14790211377873444
161,1350,1511,0.1479208904085972
159,1350,1509,0.14793299834388823
154,1347,1501,0.14795098204424728
152,1348,1500,0.14797995661248844
158,1350,1508,0.1480127456969742
154,1361,1515,0.14802787495411024
153,1358,1511,0.14805257753965761
151,1357,1508,0.148078376693661
151,1369,1520,0.14810528707154244
154,1361,1515,0.14813185330223635
153,1359,1512,0.14814630448583194
148,1365,1513,0.14816183814176198
148,1363,1511,0.14818863102410254
150,1358,1508,0.1482139434603852
150,1358,1508,0.14823282124847104
149,1361,1510,0.14824905300176883
147,1363,1510,0.1482670927652098
150,1368,1518,0.1482902872969399
148,1368,1516,0.14830369639909313
144,1382,1526,0.14832068441507684
136,1378,1514,0.14834686359531932
139,1377,1516,0.1483902265891808
137,1387,1524,0.1484213043139385
136,1392,1528,0.14845488790687167
139,1389,1528,0.14848907196737685
140,1375,1515,0.14851219088168327
140,1372,1512,0.14853263705069872
140,1358,1498,0.1485515403260258
138,1366,1504,0.1485695243266515
135,1370,1505,0.1485907059443236
135,1366,1501,0.14862016219211335
138,1364,1502,0.14864640997949483
136,1360,1496,0.14866281186608993
131,1370,1501,0.1486833212327124
134,1375,1509,0.14871397661635136
138,1385,1523,0.14873334227289156
140,1374,1514,0.14873941673307228
138,1367,1505,0.14874244545548332
142,1388,1530,0.148751306008041
143,1389,1532,0.14875014320853502
137,1387,1524,0.14874783505792724
138,1395,1533,0.14876095973220788
133,1393,1526,0.1487711499677425
131,1387,1518,0.1487923795837818
134,1388,1522,0.1488174815391232
134,1386,1520,0.14883290472578561
135,1377,1512,0.14884549491940444
140,1383,1523,0.14885436421519566
136,1384,1520,0.14884982901691646
131,1384,1515,0.14885517280392663
131,1387,1518,0.14887483266271342
129,1390,1519,0.14889449384850423
124,1394,1518,0.14891726855841106
125,1397,1522,0.14895146270027498
121,1406,1527,0.14898132738348038
122,1392,1514,0.14901955041987563
124,1384,1508,0.1490541997980216
120,1394,1514,0.14908169645316244
123,1398,1521,0.14911752576433457
123,1392,1515,0.1491400004252522
124,1387,1511,0.14916171350451002
122,1400,1522,0.14917909884666627
122,1394,1516,0.14920152323905025
121,1410,1531,0.14922232748291153
120,1398,1518,0.14924524021352048
118,1400,1518,0.14926884711636046
117,1399,1516,0.14929494773698315
116,1401,1517,0.14931974841925105
115,1393,1508,0.14934547152669814
114,1405,1519,0.1493724857160386
111,1391,1502,0.14940155268863503
109,1400,1509,0.14943715436445082
108,1402,1510,0.14947576963750012
115,1406,1521,0.14951359615495302
117,1404,1521,0.1495297327271313
118,1394,1512,0.14954089464508247
118,1386,1504,0.14954885255952796
122,1390,1512,0.14955608478196875
123,1398,1521,0.14955066017299137
124,1404,1528,0.14954383680945318
126,1400,1526,0.14953529122266696
127,1393,1520,0.14952349120371952
123,1391,1514,0.14950993834756537
121,1385,1506,0.149506292963332
123,1382,1505,0.1495080452484058
123,1380,1503,0.14950440637903667
123,1379,1502,0.14950142979193534
124,1392,1516,0.14949911254013368
120,1393,1513,0.14949246734436636
122,1401,1523,0.14949631395253038
123,1401,1524,0.14949593470740966
126,1396,1522,0.14949258666162046
124,1399,1523,0.149483569492266
124,1403,1527,0.149479290784091
122,1399,1521,0.1494763180833747
122,1388,1510,0.1494787050645763
120,1380,1500,0.14948023826824514
120,1386,1506,0.1494869400257515
119,1394,1513,0.1494923112106261
120,1409,1529,0.1495006436141183
120,1393,1513,0.14950777969589907
115,1411,1526,0.1495160426077153
117,1409,1526,0.1495348267693759
116,1411,1527,0.14954731274035915
112,1396,1508,0.14956063291437105
111,1394,1505,0.1495828820102392
112,1398,1510,0.14960643247819141
110,1392,1502,0.14962522798569125
115,1404,1519,0.1496476930508477
112,1409,1521,0.14965540582009534
112,1395,1507,0.149671309002234
112,1395,1507,0.1496856208750511
111,1398,1509,0.1496984946806427
111,1406,1517,0.1497131354844054
106,1402,1508,0.14972730558330982
107,1406,1513,0.14975234583747624
111,1403,1514,0.1497732418904709
113,1403,1516,0.14978080585662215
113,1392,1505,0.1497833184387079
107,1399,1506,0.14978587474056845
107,1402,1509,0.14980228959277914
107,1406,1513,0.14981833952551815
106,1402,1508,0.14983427053388898
109,1400,1509,0.14985298347817916
104,1404,1508,0.14986288484315133
104,1417,1521,0.14988418129764478
104,1417,1521,0.149905560755597
101,1408,1509,0.14992664175826662
99,1417,1516,0.14995422330491276
100,1411,1511,0.14998459972976919
101,1421,1522,0.1500097479782168
103,1420,1523,0.15003162853939228
104,1419,1523,0.15004566525103555
106,1406,1512,0.1500551576431254
109,1410,1519,0.15006053154611376
108,1403,1511,0.15005859794475787
105,1398,1503,0.1500606038191491
104,1408,1512,0.1500699886560521
102,1408,1510,0.15008225491308572
97,1408,1505,0.15009881100200279
99,1408,1507,0.15012628048996335
98,1417,1515,0.15014638995143753
102,1411,1513,0.1501683951129163
103,1404,1507,0.1501780584882895
100,1421,1521,0.1501858451281555
101,1422,1523,0.15019971038622693
100,1421,1521,0.15021021097311021
98,1433,1531,0.1502225615852482
98,1433,1531,0.15023878437545835
94,1429,1523,0.15025490509875525
96,1416,1512,0.15027861412288485
97,1420,1517,0.15029625079839934
97,1419,1516,0.15031121930378574
98,1412,1510,0.15032390493324183
96,1419,1515,0.15033366080602184
97,1431,1528,0.1503466449404332
94,1409,1503,0.15035673025729512
96,1405,1501,0.15037222574704048
99,1412,1511,0.15037956225108093
97,1411,1508,0.15037867609470618
95,1409,1504,0.1503831906954467
95,1428,1523,0.15039202649733124
94,1427,1521,0.15040060552442353
93,1436,1529,0.1504117431012367
89,1431,1520,0.1504256602174077
90,1427,1517,0.15044880602780122
90,1421,1511,0.15046859185128236
91,1416,1507,0.15048810403048837
90,1432,1522,0.1505047799959543
90,1432,1522,0.15052286305294818
89,1436,1525,0.15053957406218108
89,1434,1523,0.1505590347909518
87,1426,1513,0.15057727911249963
87,1430,1517,0.15059972701915125
86,1432,1518,0.15061816655760926
87,1427,1514,0.15063638180461628
86,1435,1521,0.15065108235933786
85,1437,1522,0.15066712841032928
85,1436,1521,0.15068527125151754
85,1430,1515,0.15070159290457696
86,1435,1521,0.15071777815186482
87,1430,1517,0.15073073879944388
85,1430,1515,0.15074006493743133
86,1431,1517,0.1507540790255831
89,1420,1509,0.1507635295983925
90,1425,1515,0.15076441095366697
91,1426,1517,0.15076177140732436
91,1411,1502,0.15075810911644666
89,1420,1509,0.15075561671720647
91,1431,1522,0.1507586992316854
90,1432,1522,0.15075608035441246
92,1428,1520,0.15075719811238403
93,1422,1515,0.15075273263930092
91,1424,1515,0.1507463808926233
90,1420,1510,0.15074471646803442
93,1424,1517,0.1507458522769413
91,1428,1519,0.15073824923950677
88,1416,1504,0.1507358353708707
90,1422,1512,0.15074171031166655
83,1416,1499,0.150742395113394
83,1419,1502,0.15075982613572678
80,1422,1502,0.1507760480037011
81,1445,1526,0.15079869309056462
79,1440,1519,0.15081854709841264
78,1437,1515,0.15083988646678237
77,1422,1499,0.1508630775875391
77,1436,1513,0.15088648778138036
78,1441,1519,0.1509078340263944
76,1434,1510,0.1509254300796739
76,1434,1510,0.15094732511356998
78,1428,1506,0.1509658892836161
79,1429,1508,0.15097987661567283
78,1450,1528,0.1509907851051445
75,1456,1531,0.15100210023188365
74,1442,1516,0.1510210788403015
74,1454,1528,0.15104234263479036
72,1447,1519,0.15106235310802002
74,1441,1515,0.15108622375757733
75,1438,1513,0.15110389425870963
76,1450,1526,0.15111840314649203
75,1449,1524,0.15112936281875744
74,1462,1536,0.151142627714504
71,1448,1519,0.15115706381727695
69,1439,1508,0.15117712888882742
68,1440,1508,0.1511999959594266
69,1447,1516,0.15122323170163476
71,1443,1514,0.1512423790879906
72,1453,1525,0.15125399506891887
70,1453,1523,0.15126254285795818
68,1462,1530,0.1512763211634239
68,1445,1513,0.15129473259113424
65,1452,1517,0.15131184541416
65,1452,1517,0.15133529096954124
66,1455,1521,0.15135699366398403
68,1456,1524,0.15137495942335022
68,1444,1512,0.1513861222214608
67,1440,1507,0.15139582266285453
66,1453,1519,0.15140703742996017
64,1445,1509,0.15142074748093395
66,1447,1513,0.15143779420570316
66,1450,1516,0.15144812344493794
65,1449,1514,0.15145889230621723
64,1472,1536,0.15147214833080494
64,1469,1533,0.15148766810402975
64,1460,1524,0.15150193656369265
61,1454,1515,0.15151447168222934
60,1458,1518,0.15153429845463362
61,1458,1519,0.15155594768804995
55,1448,1503,0.15157367228071528
56,1440,1496,0.15160180878557583
55,1452,1507,0.15162582286451773
53,1448,1501,0.1516508123655967
52,1450,1502,0.15167846691546058
53,1445,1498,0.15170755374624348
53,1462,1515,0.15173036643703605
51,1463,1514,0.15175240976443274
49,1457,1506,0.15177844810307964
48,1468,1516,0.1518074885010439
51,1464,1515,0.1518377189021016
53,1464,1517,0.15185827408527341
54,1461,1515,0.15187270927650187
57,1455,1512,0.1518828132172785
57,1453,1510,0.15188358619332146
54,1460,1514,0.1518850690471038
54,1463,1517,0.15189505508756093
56,1459,1515,0.1519043622829533
54,1451,1505,0.15190659959408984
56,1453,1509,0.15191469259699197
58,1451,1509,0.15191681692854375
57,1465,1522,0.15191392456168373
57,1461,1518,0.15191459502872318
57,1468,1525,0.15191497903188067
56,1474,1530,0.15191574388804754
54,1466,1520,0.15191887296054188
55,1460,1515,0.15192699836594745
54,1470,1524,0.15193232474103077
52,1456,1508,0.15193926214296233
50,1457,1507,0.15195141982332724
50,1451,1501,0.15196812907565793
49,1461,1510,0.15198372779824265
50,1465,1515,0.15200133113428924
52,1461,1513,0.15201531930966247
52,1478,1530,0.15202328321702624
52,1477,1529,0.1520304711754315
50,1472,1522,0.15203696492841248
50,1463,1513,0.15204727118348704
51,1474,1525,0.15205571374760113
47,1466,1513,0.1520613720866525
50,1461,1511,0.15207658201240623
50,1457,1507,0.15208299787276416
49,1476,1525,0.15209005272600357
49,1474,1523,0.15210033698380943
47,1478,1525,0.1521097578908762
47,1484,1531,0.1521228922854168
47,1479,1526,0.1521347402559052
46,1482,1528,0.1521467221792642
47,1474,1521,0.15215982917721868
49,1461,1510,0.1521696531518488
50,1454,1504,0.1521741910814502
50,1466,1516,0.15217586240452324
47,1468,1515,0.1521783372047638
49,1462,1511,0.15218867514897202
49,1454,1503,0.15219186136742263
44,1463,1507,0.15219473185828367
47,1453,1500,0.15221061284543308
47,1457,1504,0.15221801109303348
50,1453,1503,0.15222573144012366
49,1451,1500,0.15222477604375811
49,1456,1505,0.15222536372178588
49,1467,1516,0.15222700240663736
48,1475,1523,0.15222902375060657
48,1466,1514,0.1522327405585102
47,1457,1504,0.15223704763582854
47,1452,1499,0.1522439914785824
47,1461,1508,0.15225026457590554
45,1470,1515,0.1522557389516816
46,1467,1513,0.1522660925963183
45,1462,1507,0.1522731952393617
45,1452,1497,0.15228233218901124
42,1475,1517,0.15229046458803944
41,1473,1514,0.15230484226631025
39,1480,1519,0.15232119240138708
40,1480,1520,0.1523416127459418
39,1478,1517,0.1523580632252276
40,1473,1513,0.1523762858978007
40,1483,1523,0.15239066131613513
38,1493,1531,0.15240475247486585
39,1483,1522,0.1524235945103981
37,1473,1510,0.15243843633487134
34,1472,1506,0.15245740608550987
35,1476,1511,0.15248254342205178
35,1477,1512,0.15250323975987004
35,1489,1524,0.15252275483005362
32,1482,1514,0.15254147622631073
32,1464,1496,0.1525660143608294
35,1482,1517,0.15258936831132755
35,1497,1532,0.15260276082750024
35,1489,1524,0.1526158161755146
36,1488,1524,0.1526279192257611
36,1484,1520,0.15263648460183288
36,1486,1522,0.1526450405748182
35,1503,1538,0.1526525260694437
35,1490,1525,0.15266221818639955
36,1479,1515,0.15267178733574752
34,1487,1521,0.15267681220937362
35,1488,1523,0.1526867894788883
35,1471,1506,0.15269442298339084
36,1470,1506,0.15270205457852426
38,1470,1508,0.152706365645669
37,1483,1520,0.1527046176008108
37,1484,1521,0.15270478230425208
36,1477,1513,0.1527046085021022
36,1487,1523,0.15270730522443418
36,1469,1505,0.15271046511351405
37,1473,1510,0.15271297137651751
37,1469,1506,0.15271339219527502
36,1478,1514,0.15271437566068338
36,1487,1523,0.15271799792265406
38,1479,1517,0.15272188039070828
35,1474,1509,0.15271840232317171
35,1483,1518,0.15272125352994187
37,1475,1512,0.1527247679576573
39,1469,1508,0.15272376814022112
39,1468,1507,0.1527179155326822
40,1474,1514,0.15271276433100195
38,1486,1524,0.15270611677458645
39,1479,1518,0.1527048372368104
38,1469,1507,0.15270201541238262
38,1470,1508,0.1527020749410886
38,1484,1522,0.15270156948981273
38,1474,1512,0.15270164194434643
39,1474,1513,0.1527012520147094
39,1483,1522,0.15269706480331632
41,1480,1521,0.15269271493735595
42,1478,1520,0.1526837338572203
42,1475,1517,0.15267281759932985
39,1482,1521,0.1526623533507137
38,1469,1507,0.15266062536913588
37,1483,1520,0.15266187487220637
37,1475,1512,0.15266476582517102
37,1474,1511,0.1526680980145139
36,1481,1517,0.15267183234958615
37,1481,1518,0.15267804093122414
37,1467,1504,0.15268214034486402
36,1471,1507,0.15268644323625033
35,1481,1516,0.1526930480057392
33,1491,1524,0.15270177398722468
32,1490,1522,0.15271464548715696
34,1495,1529,0.15272918392540868
32,1488,1520,0.15273759907542772
33,1484,1517,0.1527507128975995
31,1483,1514,0.15276048850829937
31,1489,1520,0.15277436719058038
31,1492,1523,0.15278755106749917
31,1502,1533,0.15280019386307916
31,1496,1527,0.15281230315068964
31,1491,1522,0.15282388849381942
31,1489,1520,0.1528349610886404
32,1491,1523,0.15284553345107213
32,1474,1506,0.15285283790725165
31,1480,1511,0.15285990019797724
31,1482,1513,0.15286887192793633
32,1486,1518,0.15287746167386046
30,1475,1505,0.15288246627228846
30,1489,1519,0.15289175676493177
30,1493,1523,0.15289950170704114
27,1493,1520,0.15290601940787063
27,1488,1515,0.15291910751437354
26,1501,1527,0.15293245718319093
27,1492,1519,0.152947400419347
26,1485,1511,0.15295939720088672
27,1487,1514,0.15297298539020826
27,1486,1513,0.1529837271722395
27,1488,1515,0.15299398091729116
27,1477,1504,0.15300376025673146
27,1485,1512,0.15301307954664092
28,1496,1524,0.15302195367363683
28,1496,1524,0.153027131852136
27,1504,1531,0.15303220091600725
27,1492,1519,0.15303930711115923
26,1487,1513,0.15304512945962162
28,1491,1519,0.15305300558121185
28,1493,1521,0.1530540895256776
29,1490,1519,0.15305459539592534
31,1501,1532,0.15305227229279197
29,1500,1529,0.1530449241642309
28,1495,1523,0.15304292901390762
29,1505,1534,0.15304467623236265
30,1509,1539,0.1530434657451909
29,1510,1539,0.15304046285098205
28,1501,1529,0.15304074831898215
28,1503,1531,0.15304407454342767
28,1497,1525,0.15304638143490615
28,1501,1529,0.15304889996264298
27,1491,1518,0.15305158319806345
26,1488,1514,0.153056539576267
25,1498,1523,0.1530637730135367
25,1493,1518,0.1530729454589258
24,1493,1517,0.1530817584990215
24,1496,1520,0.1530913504197943
24,1481,1505,0.1530994987799451
25,1482,1507,0.15310641151561363
25,1485,1510,0.15310899605653078
26,1486,1512,0.1531121139680827
23,1481,1504,0.15311319699243334
23,1490,1513,0.15312079311396887
23,1491,1514,0.153128294223539
23,1494,1517,0.15313574740480776
24,1485,1509,0.15314314894871758
23,1491,1514,0.15314790475451048
23,1501,1524,0.15315489149093245
22,1502,1524,0.15316178428704522
24,1494,1518,0.15317070656977655
22,1490,1512,0.15317385715351595
23,1494,1517,0.15318053039608642
21,1503,1524,0.15318407518544136
24,1504,1528,0.15319228659113185
22,1496,1518,0.15319145902169345
22,1502,1524,0.1531958194575387
22,1503,1525,0.15319937496164598
22,1491,1513,0.15320290667736491
22,1514,1536,0.15320579211635574
23,1507,1530,0.15320910962979942
23,1494,1517,0.15321042644057342
23,1494,1517,0.1532121778939831
24,1492,1516,0.15321428781909124
24,1485,1509,0.15321340923048882
24,1495,1519,0.15321307073815144
24,1500,1524,0.15321240721082183
24,1492,1516,0.1532122563930709
22,1484,1506,0.15321254137621396
20,1481,1501,0.1532181397988985
20,1485,1505,0.15322816353413998
22,1480,1502,0.15323782316053047
22,1484,1506,0.15324058017239206
24,1479,1503,0.153242733690482
25,1481,1506,0.1532379513586132
24,1484,1508,0.15323087993101964
24,1495,1519,0.15322714736406998
23,1494,1517,0.15322430387264407
23,1497,1520,0.1532244143743782
23,1502,1525,0.15322505745879936
24,1499,1523,0.15322502400314625
23,1495,1518,0.15322267169854883
21,1496,1517,0.15322326490587654
19,1495,1514,0.1532294685675262
18,1498,1516,0.15324039304182013
19,1504,1523,0.15325340445350405
19,1495,1514,0.15326274322335715
21,1501,1522,0.15327182712397264
21,1503,1524,0.15327410368384575
20,1503,1523,0.15327671027125497
23,1509,1532,0.1532807981516366
25,1500,1525,0.15327647071722678
25,1483,1508,0.15326651057713436
25,1488,1513,0.15325794308148588
25,1470,1495,0.15325029247227456
24,1491,1515,0.15324378001170275
23,1497,1520,0.1532409179720967
23,1499,1522,0.15324090554945224
24,1493,1517,0.15324127512307745
23,1502,1525,0.15323883885578243
23,1504,1527,0.15323917394978678
24,1499,1523,0.15323992076639786
23,1510,1533,0.15323872965168944
23,1508,1531,0.15324082586628276
23,1499,1522,0.15324305728183243
20,1500,1520,0.15324539016266986
20,1502,1522,0.15325476950544542
20,1499,1519,0.1532637244961234
20,1487,1507,0.15327226661783133
20,1482,1502,0.15327931973968745
19,1490,1509,0.15328533006814746
20,1494,1514,0.15329343466732478
20,1507,1527,0.15329892048738836
19,1510,1529,0.15330431318456403
17,1501,1518,0.15331173952735347
17,1505,1522,0.15332324751122997
17,1499,1516,0.15333423298017185
18,1490,1508,0.15334471042522144
17,1489,1506,0.15335142994138792
16,1483,1499,0.1533602339968305
14,1483,1497,0.15337122213913573
14,1494,1508,0.15338628624976433
14,1492,1506,0.15339948054096733
15,1488,1503,0.15341207284285427
15,1477,1492,0.15342089628846906
16,1488,1504,0.15342944503077974
18,1493,1511,0.15343453442368485
18,1492,1510,0.15343337006187766
19,1497,1516,0.1534327432634408
19,1501,1520,0.15342930703201638
19,1491,1510,0.1534265668208039
19,1486,1505,0.15342443304421183
20,1503,1523,0.15342282614426486
20,1494,1514,0.1534184185897226
19,1497,1516,0.1534141500976845
19,1500,1519,0.15341274857387868
18,1487,1505,0.15341183284587326
15,1486,1501,0.15341270680558172
16,1503,1519,0.1534207033371553
16,1504,1520,0.15342604152909767
15,1504,1519,0.15343139243403395
14,1509,1523,0.15343778288327
15,1515,1530,0.15344647377984408
15,1496,1511,0.1534526652786679
15,1500,1515,0.15345788131106083
15,1503,1518,0.15346314971515299
15,1503,1518,0.1534684314141863
15,1494,1509,0.15347369318862664
15,1505,1520,0.15347890698268993
16,1507,1523,0.15348404928570336
17,1506,1523,0.15348583566104929
15,1493,1508,0.15348455844301495
15,1484,1499,0.15348811525674702
14,1494,1508,0.15349179697184925
14,1492,1506,0.15349777322124555
13,1503,1516,0.153503660195164
13,1502,1515,0.15351225674190883
13,1504,1517,0.15352049041946575
13,1499,1512,0.15352836769082093
12,1508,1520,0.15353589614485535
13,1507,1520,0.1535454686160841
12,1502,1514,0.15355150788641214
13,1501,1514,0.15355958221576319
13,1499,1512,0.15356499789553676
13,1506,1519,0.15357022312640448
13,1505,1518,0.15357525599114383
13,1507,1520,0.1535790213501369
13,1513,1526,0.1535827639502345
13,1516,1529,0.15358646516031926
14,1519,1533,0.15359010942314585
14,1510,1524,0.1535904167898965
14,1515,1529,0.15359094931066128
15,1512,1527,0.15359166969559215
14,1508,1522,0.15358927204948156
14,1504,1518,0.1535895665491643
14,1498,1512,0.153589115066817
15,1515,1530,0.15358796122384435
16,1512,1528,0.1535838980392653
17,1505,1522,0.15357728119838496
17,1489,1506,0.15356832459788358
17,1493,1510,0.15356049974951097
17,1498,1515,0.1535533142100945
17,1490,1507,0.15354708086824698
17,1490,1507,0.15354169207960328
19,1503,1522,0.1535370515466084
15,1497,1512,0.15352654168432692
17,1499,1516,0.15352808760793313
17,1508,1525,0.1535234050087378
16,1504,1520,0.15351947420899834
16,1510,1526,0.15351918917804
16,1504,1520,0.1535192238983713
17,1510,1527,0.15351952980185393
17,1504,1521,0.15351702751410654
17,1502,1519,0.15351387039750036
17,1501,1518,0.15351128934811215
17,1500,1517,0.15350921207851215
18,1498,1516,0.15350757430599413
18,1513,1531,0.1535025057654791
18,1498,1516,0.15349816012150974
16,1475,1491,0.15349445317672378
16,1487,1503,0.15349482054308475
16,1490,1506,0.1534955505952037
16,1501,1517,0.15349658398537558
14,1497,1511,0.15349786858038003
14,1488,1502,0.15350372115544522
13,1500,1513,0.15350947003436283
13,1512,1525,0.15351727657082634
13,1504,1517,0.1535248127283449
13,1498,1511,0.1535320750529007
12,1498,1510,0.15353906223103728
12,1494,1506,0.153547967634741
12,1511,1523,0.1535564648552271
12,1507,1519,0.15356443467613587
12,1501,1513,0.15357204131101798
12,1517,1529,0.15357929507170565
11,1500,1511,0.15358620678199766
11,1501,1512,0.15359500267484388
9,1516,1525,0.15360333989372768
8,1512,1520,0.15361556614998445
8,1511,1519,0.15362935543729742
8,1509,1517,0.15364235617489824
7,1516,1523,0.15365461141757578
7,1506,1513,0.15366832752631163
7,1495,1502,0.15368124700058217
8,1493,1501,0.15369341466923322
8,1504,1512,0.15370161244471708
9,1522,1531,0.15370944537549747
9,1519,1528,0.15371368955763898
9,1520,1529,0.15371788813103693
9,1513,1522,0.1537220233199887
9,1510,1519,0.15372608041684085
9,1503,1512,0.15373004740328317
9,1507,1516,0.1537339146132484
9,1499,1508,0.15373767443309314
9,1492,1501,0.15374132103516858
9,1489,1498,0.15374485014128644
9,1504,1513,0.1537482588129374
8,1517,1525,0.15375154526544002
8,1520,1528,0.1537568885796435
7,1528,1535,0.15376197628248456
7,1516,1523,0.15376898462203134
7,1511,1518,0.15377562387802868
7,1504,1511,0.15378191098479926
7,1519,1526,0.1537878623790604
7,1518,1525,0.15379349397875638
7,1517,1524,0.15379882116815
7,1525,1532,0.15380385878830963
7,1520,1527,0.15380862113223226
7,1526,1533,0.15381312194392674
7,1523,1530,0.15381737442086252
7,1496,1503,0.15382139121925975
8,1502,1510,0.15382518446175847
7,1489,1496,0.15382549481058566
7,1501,1508,0.15382814589889177
6,1508,1514,0.1538307405650556
6,1510,1516,0.15383625103038132
7,1517,1524,0.15384143355003757
7,1517,1524,0.15384304574273677
6,1507,1513,0.15384467219844986
6,1498,1504,0.15384844768519776
6,1501,1507,0.15385208571960174
6,1500,1506,0.15385558580082948
6,1509,1515,0.15385894830860025
4,1520,1524,0.15386217436818106
4,1524,1528,0.15387014784375402
4,1514,1518,0.15387763852890718
4,1510,1514,0.1538846755494766
4,1519,1523,0.1538912862847967
4,1521,1525,0.1538974964713767
4,1504,1508,0.153903330300526
4,1511,1515,0.15390881051027372
4,1506,1510,0.1539139584719038
4,1509,1513,0.15391879427141472
4,1508,1512,0.1539233367861923
4,1500,1504,0.1539276037571711
4,1507,1511,0.1539316118567432
4,1520,1524,0.15393537675265917
3,1506,1509,0.15393891316815334
3,1512,1515,0.15394440649776542
3,1528,1531,0.153949566824952
3,1528,1531,0.1539544143131463
1,1533,1534,0.1539589679071686
1,1512,1513,0.15396758605486408
0,1515,1515,0.1539756823527989
