1359,28,1387,0.13579591957062478
1398,30,1428,0.13297650906154523
1425,35,1460,0.1303034755593742
1434,37,1471,0.12779585707300545
1431,35,1466,0.12549180005335828
1435,34,1469,0.12340664231613677
1451,32,1483,0.12149966654509443
1455,31,1486,0.1197251991688324
1455,34,1489,0.11809925529773262
1456,34,1490,0.11661871570021837
1451,34,1485,0.11527030478337043
1453,39,1492,0.11405632506230003
1449,40,1489,0.11294878990371325
1463,41,1504,0.11195314057841665
1467,41,1508,0.11101722430335442
1457,42,1499,0.1101554759022455
1464,42,1506,0.10939622904291511
1438,41,1479,0.10868960124941836
1438,43,1481,0.10810973393222476
1437,42,1479,0.1075853661006113
1446,43,1489,0.10711411002420787
1439,44,1483,0.10666244580557527
1435,43,1478,0.10626716177404089
1440,43,1483,0.10591758428483346
1451,45,1496,0.10559022364158736
1439,43,1482,0.10526751978758023
1435,41,1476,0.10500020897971908
1422,42,1464,0.10476629059633855
1432,41,1473,0.10458631328944862
1443,40,1483,0.10440005132318621
1459,41,1500,0.10420378534712679
1445,40,1485,0.1039856341667752
1455,40,1495,0.10381804687366668
1461,40,1501,0.10364322372666773
1443,39,1482,0.1034712352780355
1455,40,1495,0.1033562724910355
1457,41,1498,0.1032227870534687
1464,41,1505,0.10309703810926704
1448,40,1488,0.10296765216640878
1467,38,1505,0.10288484504649718
1476,39,1515,0.10276500229313161
1476,39,1515,0.1026327513739605
1471,39,1510,0.10251126724916812
1460,38,1498,0.10241211687185832
1458,39,1497,0.10234789018735131
1467,39,1506,0.10229591256743781
1456,38,1494,0.1022262294009274
1458,40,1498,0.10218751609534468
1448,40,1488,0.10214912648160453
1446,38,1484,0.10213597796252909
1449,36,1485,0.10212988990945888
1454,36,1490,0.10211871832304183
1451,36,1487,0.10209673905952933
1456,34,1490,0.10208375992850938
1458,35,1493,0.10205873230943162
1461,38,1499,0.10203036265781507
1467,36,1503,0.10199811516995937
1464,37,1501,0.10195605989056246
1473,37,1510,0.10192398319926435
1447,39,1486,0.10187531758917757
1456,40,1496,0.10188932872587002
1457,39,1496,0.10188298595758125
1444,41,1485,0.10187521655040024
1446,41,1487,0.10189667639021639
1462,43,1505,0.10191387207798847
1462,45,1507,0.10189559286541915
1458,43,1501,0.10187748644884496
1447,42,1489,0.10187020057671493
1449,43,1492,0.10188918407856065
1448,45,1493,0.10190440237299905
1444,45,1489,0.1019207460501035
1448,45,1493,0.10194255302825111
1445,46,1491,0.10195313775458899
1453,48,1501,0.1019700538683842
1436,48,1484,0.10196918935213184
1427,49,1476,0.10200736375670552
1440,47,1487,0.10206364164971238
1454,46,1500,0.10208392322147715
1459,48,1507,0.10206990703724188
1443,47,1490,0.10204831417504578
1451,49,1500,0.10206351851659949
1454,49,1503,0.10205749891518628
1450,49,1499,0.10204594370005982
1444,52,1496,0.1020445706951178
1451,52,1503,0.10205889684614462
1453,50,1503,0.1020573788722205
1444,49,1493,0.10205175925598355
1438,51,1489,0.1020639948401227
1447,49,1496,0.10208789545315203
1438,48,1486,0.10209035721605028
1440,48,1488,0.1021131969679582
1436,46,1482,0.10213074612303473
1424,46,1470,0.10215262139837286
1429,45,1474,0.10220098774285663
1429,43,1472,0.1022354564226248
1445,45,1490,0.10226774774282955
1448,47,1495,0.10226185973336423
1445,49,1494,0.10225067318395144
1457,48,1505,0.1022460325645341
1438,48,1486,0.10221566450024339
1454,46,1500,0.10222940879866252
1456,44,1500,0.10220291792927089
1442,44,1486,0.10217339921041044
1439,42,1481,0.10217707395642199
1455,45,1500,0.10218784990464547
1471,41,1512,0.10216313912501228
1455,39,1494,0.10210357316107078
1456,41,1497,0.102083862228465
1449,40,1489,0.10206277273842872
1444,41,1485,0.10205869157760106
1440,40,1480,0.10206722135694811
1443,41,1484,0.10208370164559476
1441,42,1483,0.10209130695290422
1436,43,1479,0.10210479794092815
1456,41,1497,0.1021285476080785
1460,41,1501,0.10210507657370538
1451,44,1495,0.10207377878482184
1442,44,1486,0.10206698800978017
1441,41,1482,0.10208127063953505
1455,38,1493,0.10209536352583988
1454,39,1493,0.10207480043687756
1450,38,1488,0.10205874124498666
1452,38,1490,0.10205182701190613
1452,35,1487,0.10204041378688601
1455,37,1492,0.10202999506089391
1458,38,1496,0.10201100721889951
1468,38,1506,0.10198781788682804
1455,42,1497,0.10194498147348575
1459,42,1501,0.10193555257027559
1453,41,1494,0.1019181561131425
1447,41,1488,0.10191756582391079
1445,40,1485,0.10193081051262676
1458,39,1497,0.10194776299611152
1452,37,1489,0.10193249646163938
1457,35,1492,0.1019310696622669
1455,36,1491,0.10191920326102187
1455,37,1492,0.10191197046196114
1457,35,1492,0.10190564328487949
1463,37,1500,0.10189445732431512
1468,38,1506,0.10187106241650021
1467,37,1504,0.10183709178109826
1453,36,1489,0.10180763948680653
1455,36,1491,0.10181365656034103
1456,38,1494,0.10181541641284243
1458,38,1496,0.10181468305195114
1455,40,1495,0.10180985001414002
1453,40,1493,0.10181374370711495
1452,40,1492,0.10182335644192043
1450,41,1491,0.10183352595072229
1452,40,1492,0.10184620624340092
1455,39,1494,0.10185166195204406
1465,39,1504,0.10185316329035551
1472,38,1510,0.10183190462077281
1467,38,1505,0.10179534466788531
1456,39,1495,0.10177167635170253
1456,40,1496,0.10177501154622093
1443,42,1485,0.10177897667042327
1457,41,1498,0.10181367738022416
1450,42,1492,0.1018131549874726
1463,41,1504,0.10182752920544857
1458,44,1502,0.1018126752662918
1454,45,1499,0.10180906007287163
1455,44,1499,0.10181645711827908
1450,43,1493,0.10182139460622781
1452,42,1494,0.10183789194458431
1454,40,1494,0.1018508612050364
1456,40,1496,0.10185909010366682
1450,39,1489,0.10186028477559468
1465,39,1504,0.10187625723901711
1463,40,1503,0.10185615230346229
1459,40,1499,0.10184172414257497
1454,41,1495,0.1018367033764259
1446,41,1487,0.10184357488961243
1444,40,1484,0.10186787133157738
1441,40,1481,0.10189496825449541
1440,40,1480,0.10192718117111543
1434,42,1476,0.10195838138437066
1449,40,1489,0.10200119692258011
1445,40,1485,0.1020077371876371
1439,43,1482,0.1020226049217711
1450,45,1495,0.10204918237127111
1451,46,1497,0.10205222787674863
1459,45,1504,0.10205139313030794
1459,44,1503,0.10203263606089291
1467,46,1513,0.10201403703641254
1463,45,1508,0.1019801846370181
1436,44,1480,0.10195640866430551
1454,43,1497,0.10199558516904013
1435,49,1484,0.10199162893684054
1443,50,1493,0.10202946018986278
1441,50,1491,0.1020495897733257
1439,52,1491,0.10207425390085768
1442,53,1495,0.1021018465832259
1434,52,1486,0.10211925482331365
1428,54,1482,0.10215439821708988
1415,55,1470,0.10220135889997191
1411,56,1467,0.10227256224204907
1424,57,1481,0.10234797747836025
1434,56,1490,0.10238858574699412
1443,59,1502,0.10240070025976843
1439,60,1499,0.10239135984287084
1432,59,1491,0.10239312197650072
1427,58,1485,0.10241220439049176
1436,59,1495,0.10244223390742573
1445,59,1504,0.10244982143287576
1453,59,1512,0.10243455364009943
1433,58,1491,0.10240305454660495
1431,56,1487,0.1024184160518145
1431,56,1487,0.10243668450310692
1447,58,1505,0.10245371434122937
1440,58,1498,0.10243494501931334
1428,60,1488,0.10243438979795545
1446,59,1505,0.10246062192241595
1451,58,1509,0.10244390029890177
1464,60,1524,0.10241526622281516
1463,60,1523,0.10235787519691485
1448,61,1509,0.10230817434223566
1450,59,1509,0.10229744425781147
1449,59,1508,0.10228526536971284
1448,55,1503,0.10227769882444025
1457,56,1513,0.10227342290386696
1449,58,1507,0.10224921412200758
1444,59,1503,0.10224402186437861
1434,58,1492,0.10225111073961948
1437,58,1495,0.10228057268415636
1441,58,1499,0.10230092205862473
1431,56,1487,0.1023133222640205
1429,57,1486,0.1023471208415688
1429,58,1487,0.10237921881613406
1418,57,1475,0.10240984982422326
1434,57,1491,0.1024594757898409
1441,56,1497,0.10247011444290949
1438,56,1494,0.10246432909172291
1439,55,1494,0.10246671254997942
1456,55,1511,0.10246576708244298
1456,56,1512,0.10242656497850414
1449,57,1506,0.1023910111575551
1446,59,1505,0.10237472849668677
1447,59,1506,0.10236660512276721
1444,56,1500,0.10235717061597409
1442,58,1500,0.10235500595950946
1432,59,1491,0.10235813074742298
1425,57,1482,0.10238429943520444
1429,55,1484,0.10242213564381725
1436,55,1491,0.10244782281122151
1441,53,1494,0.10245732710220068
1438,53,1491,0.10245465071935606
1424,54,1478,0.10245864892507221
1423,52,1475,0.10249277995412868
1438,53,1491,0.10252680266467731
1440,53,1493,0.10252452390832971
1438,53,1491,0.10251681463545563
1445,55,1500,0.10251395054912874
1443,55,1498,0.10249635013541077
1439,53,1492,0.1024825667694582
1449,57,1506,0.10247672522315407
1454,56,1510,0.10244998626917434
1455,60,1515,0.10241269294504139
1454,58,1512,0.10237570128419626
1449,59,1508,0.10234351588358309
1435,61,1496,0.10232710249914431
1404,63,1467,0.10234542847549206
1407,63,1470,0.10242972396555317
1421,65,1486,0.10250442330447695
1432,65,1497,0.10254452755540192
1417,65,1482,0.1025531759731647
1410,65,1475,0.10259629915532549
1411,65,1476,0.10265296987552684
1409,63,1472,0.1027005126689053
1418,64,1482,0.10274864542250116
1414,65,1479,0.10276984820602066
1423,66,1489,0.10279937440578917
1423,66,1489,0.10280758617684564
1426,67,1493,0.10281633784967743
1421,69,1490,0.10281853053786304
1429,68,1497,0.10283182890280736
1421,67,1488,0.10282734816759959
1417,67,1484,0.10283945892340018
1413,74,1487,0.102861262768579
1414,78,1492,0.10289126754424338
1423,77,1500,0.10291907345352846
1420,76,1496,0.10292524690250375
1413,72,1485,0.10293644627511961
1410,73,1483,0.10296120971616154
1400,74,1474,0.10299016224424541
1405,75,1480,0.10303960319764327
1413,71,1484,0.10307498803580462
1413,71,1484,0.1030884736744422
1417,68,1485,0.10310014975205421
1423,67,1490,0.10309986743106662
1422,68,1490,0.10308538191535575
1415,69,1484,0.10307174488497386
1412,71,1483,0.10307685597193057
1402,69,1471,0.10308781971639792
1409,70,1479,0.10312119349317526
1425,71,1496,0.10313388492257024
1422,69,1491,0.10311063351401778
1423,68,1491,0.10309717954612835
1423,72,1495,0.10308291742966649
1420,70,1490,0.10306893883886424
1411,71,1482,0.10306200103166435
1411,69,1480,0.10307684866721573
1424,72,1496,0.10309348640555951
1416,74,1490,0.10308208462470919
1417,74,1491,0.1030899930289801
1421,78,1499,0.10309494193405427
1428,77,1505,0.10308895728542962
1411,78,1489,0.10306457659494896
1417,78,1495,0.10308274675889897
1420,75,1495,0.10308668486643523
1407,76,1483,0.10308252225771945
1405,75,1480,0.10310975247225265
1418,76,1494,0.10313884792377921
1410,78,1488,0.1031380706051155
1409,78,1487,0.10315559025647636
1411,79,1490,0.10317299848602078
1420,75,1495,0.10318644111694932
1419,74,1493,0.10317915118138415
1414,74,1488,0.10317411631035026
1405,73,1478,0.1031785772573528
1413,80,1493,0.10320378732078236
1411,76,1487,0.10321126268718497
1407,80,1487,0.1032202157969504
1405,79,1484,0.10323736220874054
1393,79,1472,0.10325792626182301
1405,78,1483,0.10330259028643926
1402,78,1480,0.10331960428705322
1403,77,1480,0.10334321151878115
1420,78,1498,0.10336262313444515
1415,74,1489,0.10333911912780629
1418,75,1493,0.10332855582273046
1416,79,1495,0.10331224214373647
1414,82,1496,0.10330487132738662
1405,81,1486,0.10330077882918655
1405,83,1488,0.1033195636616059
1403,80,1483,0.10333767815402278
1404,79,1483,0.10335502899546871
1407,81,1488,0.10336818487621717
1412,83,1495,0.10337369655414497
1416,79,1495,0.1033691914994485
1425,77,1502,0.10335782344670168
1420,74,1494,0.10332838671668203
1415,77,1492,0.10331456013361845
1415,79,1494,0.10331333695352178
1420,79,1499,0.10331024292225807
1414,83,1497,0.103293515164127
1414,83,1497,0.10329221693271595
1411,88,1499,0.10328996775602689
1407,87,1494,0.10329510390914773
1405,87,1492,0.10330972556748477
1391,88,1479,0.10332725163823378
1399,88,1487,0.1033759327106673
1397,86,1483,0.10340516651999833
1410,85,1495,0.10343850797649995
1412,84,1496,0.10343881823336493
1405,85,1490,0.10343430095458526
1409,88,1497,0.10344225658649737
1405,85,1490,0.10344131764949585
1401,85,1486,0.10344872900908253
1401,85,1486,0.10346684860926217
1401,88,1489,0.10348433563524903
1403,91,1494,0.10350147120752858
1403,89,1492,0.10351430793373886
1413,88,1501,0.10352445894482316
1416,95,1511,0.10351315088725603
1405,93,1498,0.1034969405724296
1406,93,1499,0.10350807087849395
1397,94,1491,0.10351538523398915
1394,94,1488,0.10354252258232467
1393,92,1485,0.10357535980807756
1388,95,1483,0.1036088652763652
1396,96,1492,0.10365205972236806
1389,97,1486,0.10367093839929145
1390,98,1488,0.10370549272222813
1397,95,1492,0.10373426848611737
1393,92,1485,0.1037470988269547
1398,94,1492,0.10376314364847435
1412,94,1506,0.10376584323643995
1400,95,1495,0.10373833252672679
1400,94,1494,0.1037396174394633
1405,91,1496,0.10374299221223683
1404,94,1498,0.10373588309558451
1410,97,1507,0.10373227846975315
1399,97,1496,0.10371634634126149
1393,99,1492,0.10372777684418505
1396,99,1495,0.10375165337215853
1388,98,1486,0.10376511753141056
1397,97,1494,0.10379552236112065
1400,99,1499,0.10380306393076683
1404,98,1502,0.10380106868058134
1411,102,1513,0.10379085298465927
1415,105,1520,0.10376589504473589
1400,105,1505,0.1037354540661553
1401,103,1504,0.10374087341881488
1392,104,1496,0.10374599490870523
1376,101,1477,0.10377255304712914
1384,98,1482,0.10383262565449175
1381,101,1482,0.10386938927150084
1376,105,1481,0.1039103693387424
1384,106,1490,0.10395850185608438
1380,107,1487,0.1039859066270473
1378,107,1485,0.10402039076925103
1383,105,1488,0.1040576691719993
1383,107,1490,0.10408261634624213
1378,107,1485,0.10410596806987364
1386,109,1495,0.10414047712627966
1383,111,1494,0.1041531854726534
1384,104,1488,0.10417033487136815
1384,110,1494,0.10418566884799395
1391,106,1497,0.10419995264633812
1392,111,1503,0.10419951253660084
1399,110,1509,0.10419626890415114
1409,107,1516,0.10417587512142347
1410,109,1519,0.10413570336114632
1398,108,1506,0.1040947859643725
1398,110,1508,0.10408214823985291
1389,111,1500,0.10407095129559604
1383,108,1491,0.10407957208245179
1386,109,1495,0.10410173998860468
1378,110,1488,0.10411658504566602
1383,111,1494,0.10414901773202687
1370,117,1487,0.104169423123587
1375,116,1491,0.1042166996143579
1375,116,1491,0.10425074634364194
1384,115,1499,0.10428161676871536
1386,123,1509,0.10428897206468207
1387,125,1512,0.10429047098203491
1386,122,1508,0.10429219372666665
1379,123,1502,0.10429651291508012
1374,120,1494,0.10431753193819243
1379,121,1500,0.10434732153645782
1387,122,1509,0.10436317503370962
1379,125,1504,0.10436088360660258
1363,127,1490,0.10437930107327135
1371,127,1498,0.10443011656404241
1361,125,1486,0.10445844821164943
1359,127,1486,0.10450799068562354
1354,123,1477,0.10455785240681088
1370,127,1497,0.10461469888049658
1374,128,1502,0.10463075617048234
1363,131,1494,0.10463667890078489
1365,131,1496,0.10466814944736683
1364,132,1496,0.10469390015361382
1376,130,1506,0.10472070459519456
1365,129,1494,0.10471853023323428
1365,126,1491,0.10474288363004947
1370,125,1495,0.10476335385407812
1369,125,1494,0.10477104202122117
1365,125,1490,0.10478261495748754
1368,127,1495,0.10480264745431624
1386,125,1511,0.1048164632472749
1384,126,1510,0.10478611488544687
1380,125,1505,0.10476043780658294
1380,122,1502,0.10474472753287273
1375,125,1500,0.10472936548636186
1381,121,1502,0.10472734227178211
1372,123,1495,0.10471344340719377
1382,124,1506,0.10472042801849103
1369,128,1497,0.10470587213118447
1385,130,1515,0.10472124635017581
1395,126,1521,0.10470002818374725
1383,127,1510,0.10465884854069735
1382,128,1510,0.10464624090879476
1384,128,1512,0.10463898077810142
1386,125,1511,0.10462768699130592
1385,125,1510,0.10461428828660516
1380,124,1504,0.10460126734224401
1381,124,1505,0.10459931509231994
1369,121,1490,0.10459827494704133
1364,121,1485,0.10462279496696397
1363,122,1485,0.10465263070194325
1363,123,1486,0.10468301496481835
1367,125,1492,0.10471228065219412
1374,127,1501,0.10473029993159394
1374,129,1503,0.10473283148974674
1370,129,1499,0.1047358875993956
1372,130,1502,0.10474851470288965
1370,131,1501,0.1047551772316585
1364,131,1495,0.1047675457294421
1358,134,1492,0.10479287460562904
1360,134,1494,0.10482945221672263
1365,133,1498,0.10485930214186948
1356,138,1494,0.10487609289582563
1351,141,1492,0.1049093188118315
1343,142,1485,0.10495069428924347
1346,140,1486,0.10501035128433639
1338,146,1484,0.10506159026856339
1356,146,1502,0.10512583629765235
1380,142,1522,0.10514394678054999
1376,143,1519,0.10510535937059981
1359,142,1501,0.1050785900880194
1360,146,1506,0.10509403727796887
1359,150,1509,0.10510638022130445
1351,153,1504,0.10512052516172102
1349,149,1498,0.10515281201489056
1333,149,1482,0.10518859952296594
1338,153,1491,0.10525755243573286
1336,148,1484,0.10531113254792021
1324,147,1471,0.10536651765845843
1319,155,1474,0.10544250039993855
1317,149,1466,0.10552589763595449
1329,154,1483,0.10560796822390082
1323,155,1478,0.10565705506806981
1322,153,1475,0.10571426651286008
1336,157,1493,0.10577032945297846
1340,155,1495,0.1057898929570179
1341,155,1496,0.10579790903999992
1341,156,1497,0.10580274515950755
1352,156,1508,0.10580625601423296
1357,156,1513,0.10578598503935745
1350,157,1507,0.1057582164042137
1349,155,1504,0.10574791109439122
1353,158,1511,0.10574093223387085
1358,163,1521,0.10572770757942276
1347,163,1510,0.10570459181402939
1344,165,1509,0.10570924122154032
1341,164,1505,0.10571917113073635
1355,160,1515,0.1057373154719593
1351,158,1509,0.10572254407980582
1343,158,1501,0.10571542646188427
1347,161,1508,0.10572795784998164
1345,161,1506,0.10572839689871455
1344,163,1507,0.10573397707028018
1337,161,1498,0.10574487275248917
1337,157,1494,0.10576813335564575
1342,161,1503,0.10578961247152271
1333,163,1496,0.10579778597028903
1340,161,1501,0.10582689198892363
1349,160,1509,0.10583845203900681
1341,162,1503,0.10582758968417508
1351,162,1513,0.10583827038739284
1347,165,1512,0.10582629195282797
1349,162,1511,0.10582441894999228
1355,161,1516,0.10581685110205431
1338,160,1498,0.10579440489074511
1342,162,1504,0.10581159097935262
1332,163,1495,0.1058188296826959
1320,164,1484,0.10584974843278036
1323,163,1486,0.10590492561570347
1319,165,1484,0.10594853853191305
1309,164,1473,0.10599461935281372
1316,158,1474,0.10605963085597735
1327,159,1486,0.1061055443545343
1332,163,1495,0.10612490837697602
1327,164,1491,0.10613231975365672
1331,165,1496,0.1061486035003821
1327,161,1488,0.10615284732944787
1333,162,1495,0.10616553742553014
1329,157,1486,0.10616143597508376
1336,159,1495,0.10616730119101855
1343,160,1503,0.10615808792459568
1355,157,1512,0.10613530014047974
1353,158,1511,0.10608598046368904
1357,157,1514,0.10604463813012714
1350,157,1507,0.10599633119388638
1341,157,1498,0.10596836375412433
1345,154,1499,0.1059614062970456
1339,155,1494,0.10594641306143521
1333,159,1492,0.10594884640955168
1330,163,1493,0.10596371820299738
1345,170,1515,0.10598418193252257
1339,165,1504,0.10596923022580806
1337,162,1499,0.10597078164857673
1334,162,1496,0.1059781131564353
1341,161,1502,0.10598951181009265
1329,161,1490,0.10598462453488253
1333,161,1494,0.10600560817997354
1341,159,1500,0.10601240614463953
1347,153,1500,0.10600210089356608
1341,156,1497,0.10597835248566242
1352,156,1508,0.1059690440638083
1352,155,1507,0.10593444587391414
1354,153,1507,0.10590217770500848
1348,150,1498,0.10587053079921552
1337,155,1492,0.10585632648214405
1320,158,1478,0.10586727523254826
1323,163,1486,0.10591586517263454
1333,164,1497,0.10595656494097387
1330,170,1500,0.10597373467734034
1330,169,1499,0.10599712340776271
1319,168,1487,0.10601716043451155
1314,165,1479,0.10606138762667523
1317,169,1486,0.10611591734647584
1337,173,1510,0.10615879740678956
1340,179,1519,0.10615663915828075
1338,179,1517,0.10614930174180323
1318,181,1499,0.10614772793317659
1313,178,1491,0.10619188714002661
1330,175,1505,0.10624583831145103
1325,178,1503,0.10625786952966003
1331,179,1510,0.10627440270192327
1331,177,1508,0.10627791110257366
1323,176,1499,0.1062822738502524
1319,177,1496,0.10630498181303097
1311,180,1491,0.10633535738632198
1315,179,1494,0.10638273599495493
1320,185,1505,0.10641593936468417
1331,186,1517,0.106435499549479
1325,183,1508,0.10642682463423558
1309,185,1494,0.1064322954605029
1305,184,1489,0.106474747862295
1298,185,1483,0.10652096063152877
1293,190,1483,0.10657965294759655
1289,187,1476,0.10664590203393991
1306,187,1493,0.1067171694251494
1311,190,1501,0.10674507793009276
1307,187,1494,0.10676084748307264
1305,190,1495,0.10678202797399983
1300,192,1492,0.10680827558470113
1295,193,1488,0.10684443484014387
1307,195,1502,0.10688866693287466
1298,193,1491,0.1069045699271709
1308,192,1500,0.10693982020241968
1303,193,1496,0.10694814831218186
1298,193,1491,0.10696815346285062
1284,199,1483,0.10699883877205522
1287,198,1485,0.10705826165549963
1278,197,1475,0.10710596894676955
1283,202,1485,0.10716821811035615
1270,194,1464,0.10721654353321287
1281,194,1475,0.10729166724422261
1290,193,1483,0.10733638875240956
1291,191,1482,0.10735619591081061
1289,188,1477,0.10737237361057109
1287,189,1476,0.10739182626380284
1279,190,1469,0.10741552098884805
1285,197,1482,0.10745351804679718
1295,196,1491,0.10747591474327084
1273,197,1470,0.10747337275644726
1285,192,1477,0.10752031508748157
1302,199,1501,0.10753720905826196
1313,195,1508,0.10751409899020475
1304,189,1493,0.10746834775427759
1304,196,1500,0.10744515330416635
1307,189,1496,0.1074201195480758
1322,190,1512,0.10738828702085801
1316,190,1506,0.10732731855842871
1320,192,1512,0.10728584070714846
1325,189,1514,0.10723781697166951
1322,187,1509,0.10718322991960944
1313,189,1502,0.1071407169568311
1333,190,1523,0.1071194259008241
1314,191,1505,0.10705472676079066
1314,194,1508,0.10703701147299323
1299,196,1495,0.10702150381823113
1298,197,1495,0.10704050638192739
1294,198,1492,0.10706352223801378
1301,191,1492,0.10709395969732186
1303,194,1497,0.10710825899160702
1297,191,1488,0.10711736252209672
1297,193,1490,0.10714023331572622
1296,199,1495,0.10715989765972711
1284,199,1483,0.10718030014231904
1295,197,1492,0.10723051011817272
1278,196,1474,0.10724849915519302
1303,197,1500,0.10730053086760093
1297,197,1494,0.10729437303473667
1287,201,1488,0.1073021435341332
1301,199,1500,0.10733270636110426
1302,199,1501,0.10732939318672699
1298,202,1500,0.10732203097380225
1292,202,1494,0.10732894872872713
1299,205,1504,0.10734885944214266
1295,207,1502,0.10735237604775008
1288,206,1494,0.10736678197201152
1285,208,1493,0.10739503838564034
1290,211,1501,0.10742804158002045
1307,210,1517,0.10744690236106312
1297,208,1505,0.10742487794154255
1298,210,1508,0.1074275577938764
1276,211,1487,0.10742643013807376
1275,207,1482,0.10747703381265815
1273,206,1479,0.10752379832899846
1266,207,1473,0.1075704822418412
1267,208,1475,0.1076315757059951
1266,210,1476,0.10768809121986912
1272,211,1483,0.10774428197404701
1282,205,1487,0.10778249343345854
1304,202,1506,0.10779120454435276
1301,200,1501,0.10774798158143031
1301,207,1508,0.10771580183885188
1294,206,1500,0.10768269654340838
1287,207,1494,0.10766755949879694
1286,208,1494,0.10767083590338636
1288,204,1492,0.10767728086403977
1291,201,1492,0.10768024433617834
1283,210,1493,0.1076770431006916
1280,209,1489,0.10769087128816544
1295,205,1500,0.10771031688625271
1297,199,1496,0.10769355006121843
1298,203,1501,0.1076750435904963
1293,197,1490,0.1076528446013026
1298,203,1501,0.10764079642383809
1290,199,1489,0.10761749656326025
1290,200,1490,0.10761391563499281
1289,198,1487,0.10761197517238816
1288,202,1490,0.10761140545160897
1271,206,1477,0.10761315232323654
1277,209,1486,0.10765441966750697
1275,213,1488,0.10768095584523443
1271,211,1482,0.10771321245607707
1282,216,1498,0.10774925748748998
1280,224,1504,0.10775691855003519
1277,225,1502,0.10776836552961154
1275,225,1500,0.10778795934925728
1275,230,1505,0.10781087473395527
1278,229,1507,0.10783381456974382
1283,221,1504,0.10785026997523492
1268,224,1492,0.1078541627275796
1263,223,1486,0.10789218046163868
1264,226,1490,0.10793972049520534
1258,221,1479,0.10798226209240354
1266,221,1487,0.10803391049554514
1270,226,1496,0.10806368261351113
1262,227,1489,0.10808363856931297
1258,229,1487,0.10811918594336753
1248,229,1477,0.10816216365152066
1250,232,1482,0.10822413655771751
1241,232,1473,0.10827453937035766
1259,228,1487,0.10833982812097624
1256,227,1483,0.10836183925794991
1260,227,1487,0.10838862695215752
1268,232,1500,0.10839912023302478
1276,229,1505,0.10839378386919303
1264,229,1493,0.10837307454367208
1263,230,1493,0.10838152392764112
1271,224,1495,0.1083917444305688
1281,223,1504,0.108382425251922
1286,220,1506,0.1083510828079054
1290,217,1507,0.10830789953029081
1289,213,1502,0.10825723111438933
1277,216,1493,0.10821218767998038
1274,210,1484,0.10819650056221508
1264,217,1481,0.10819067580497262
1267,218,1485,0.10821122136037124
1276,216,1492,0.1082253939739291
1286,216,1502,0.1082173113451346
1279,215,1494,0.10818605795103389
1281,213,1494,0.10817508199313647
1283,213,1496,0.10815865972977749
1275,213,1488,0.10813881498806588
1273,214,1487,0.10813774134599953
1266,216,1482,0.10814451275274979
1253,212,1465,0.1081669561630277
1256,213,1469,0.10821854818291236
1260,210,1470,0.10825849575363598
1276,212,1488,0.10828368882586456
1274,214,1488,0.10826809113657038
1279,207,1486,0.10826015444277898
1280,205,1485,0.10824185148922016
1280,209,1489,0.10822262805863342
1274,211,1485,0.10820651594795602
1276,212,1488,0.1082060502924569
1283,212,1495,0.10819987241853589
1291,214,1505,0.10817917336292794
1287,216,1503,0.1081424903814248
1284,217,1501,0.10812009699729148
1260,218,1478,0.10810450001219626
1258,217,1475,0.10814439106304118
1275,219,1494,0.10818513136667521
1272,216,1488,0.10818177765818032
1275,219,1494,0.10818903535280786
1278,220,1498,0.10819132470947589
1285,216,1501,0.10818726499285397
1282,214,1496,0.10816763082595969
1285,214,1499,0.10815294958055904
1269,214,1483,0.10813089441985206
1268,212,1480,0.10814648403270191
1269,212,1481,0.10816368896591257
1266,219,1485,0.10817785071307601
1266,220,1486,0.10819612347794351
1265,225,1490,0.10821083341231467
1273,217,1490,0.10822946655599615
1264,220,1484,0.10822577755736548
1263,223,1486,0.10824331096807167
1269,218,1487,0.10826271703106992
1276,218,1494,0.10826681285418165
1281,220,1501,0.10825579852598213
1278,222,1500,0.10823447650963844
1280,225,1505,0.10821884772600782
1271,224,1495,0.10819890458710663
1270,219,1489,0.10820408112983149
1261,221,1482,0.10821218611954637
1265,224,1489,0.10824109190407662
1267,226,1493,0.10825827133629463
1269,220,1489,0.10826921321903164
1266,213,1479,0.1082726458678274
1273,212,1485,0.10828183146870429
1280,208,1488,0.10827424083627914
1276,209,1485,0.1082490458886096
1292,210,1502,0.10823349044796991
1282,213,1495,0.10818391058914559
1291,213,1504,0.10816027353000214
1295,212,1507,0.10812089424519122
1292,214,1506,0.10807388408967292
1296,215,1511,0.10803879613000268
1289,216,1505,0.10800044848039547
1284,218,1502,0.10797957406133009
1285,219,1504,0.10797282577076135
1295,220,1515,0.10796526757183163
1284,219,1503,0.10793467939188212
1285,216,1501,0.10793160036428094
1285,216,1501,0.10792814348608712
1294,216,1510,0.10792887957206375
1285,224,1509,0.10791079811810501
1296,221,1517,0.1079123852646033
1281,224,1505,0.10788489454779285
1282,226,1508,0.10789525074017614
1288,223,1511,0.10790197880762602
1289,226,1515,0.10789600464252802
1279,227,1506,0.10788783502259376
1279,227,1506,0.10790553279015423
1281,229,1510,0.10792193957533046
1276,223,1499,0.10793398076885069
1265,219,1484,0.10795545799049584
1274,222,1496,0.10799831311166169
1283,221,1504,0.10801657556575207
1271,220,1491,0.10801479475043341
1274,216,1490,0.10803845263841415
1269,217,1486,0.1080549990626527
1281,213,1494,0.108082781737393
1281,209,1490,0.10807920012769269
1284,211,1495,0.10807435640469848
1284,204,1488,0.10806085896570884
1286,206,1492,0.1080491072166385
1297,212,1509,0.10803464782130964
1295,217,1512,0.10799708774849764
1280,217,1497,0.10796591410973845
1275,216,1491,0.10797167268427643
1279,217,1496,0.10798527572208098
1284,211,1495,0.1079906562597695
1284,214,1498,0.10798578667945206
1284,212,1496,0.10798296635032335
1286,211,1497,0.10797964838328042
1285,208,1493,0.10796669642765508
1292,209,1501,0.10795769373687125
1283,210,1493,0.10793379188890916
1274,212,1486,0.10792966902179132
1270,217,1487,0.10794696412674858
1271,209,1480,0.10797205381968628
1267,218,1485,0.10799426180347087
1274,217,1491,0.10802503688611158
1274,221,1495,0.1080359992756162
1267,220,1487,0.1080468678111179
1265,222,1487,0.10807196921483962
1263,225,1488,0.1081006906356711
1266,226,1492,0.10813167619108413
1264,227,1491,0.10815594355812251
1271,225,1496,0.10818120657950463
1261,230,1491,0.10819064536117237
1263,232,1495,0.1082216906306643
1269,233,1502,0.10824688660971711
1261,234,1495,0.10825571720803104
1269,240,1509,0.10828099877436678
1263,240,1503,0.10828975262497505
1263,238,1501,0.10831062933372358
1262,242,1504,0.10832957766759627
1254,240,1494,0.1083490461145744
1265,240,1505,0.10838566785261243
1259,235,1494,0.10839533045925616
1238,243,1481,0.10841994919931496
1244,240,1484,0.10848861697775579
1237,239,1476,0.10853893772807557
1244,236,1480,0.10860300273729909
1246,238,1484,0.10864459677310404
1256,241,1497,0.10867847411649258
1249,236,1485,0.10868748440799586
1251,235,1486,0.10871079647989923
1262,238,1500,0.10872693716137874
1258,241,1499,0.1087170028658414
1263,249,1512,0.10871451840868585
1262,249,1511,0.10870369776201158
1264,244,1508,0.10869990271111654
1265,240,1505,0.10869108958659592
1257,240,1497,0.10868239157303877
1254,242,1496,0.10869349289974542
1261,240,1501,0.10871073232096137
1254,240,1494,0.10870994741182621
1258,240,1498,0.10872599274301557
1259,234,1493,0.10873111139343829
1267,229,1496,0.10873462156985973
1272,231,1503,0.10871855887932522
1262,236,1498,0.10869321225282907
1262,243,1505,0.10868955503572969
1256,245,1501,0.10868738436221481
1264,242,1506,0.10869822230352945
1257,237,1494,0.1086904787959115
1262,244,1506,0.10870192638823858
1259,244,1503,0.10870334621862365
1257,242,1499,0.10870937399235324
1254,235,1489,0.10872057832537983
1246,244,1490,0.1087379492032487
1258,244,1502,0.1087698332766228
1258,246,1504,0.10877155514869419
1258,244,1502,0.10877514478345596
1250,246,1496,0.1087799065509966
1258,253,1511,0.10880285191867473
1259,253,1512,0.10880419331867268
1241,252,1493,0.1088055843517888
1238,251,1489,0.10884686570422104
1238,258,1496,0.10889256033766712
1233,253,1486,0.10893472370867137
1244,254,1498,0.10898385960280527
1229,258,1487,0.10900703391464503
1234,253,1487,0.1090604905138359
1225,256,1481,0.10909833653220709
1220,255,1475,0.10915268578763897
1229,255,1484,0.1092129662832859
1239,255,1494,0.10924874132793339
1240,256,1496,0.10925951507682059
1233,258,1491,0.10926850653239016
1245,260,1505,0.10929535528841348
1231,265,1496,0.10929479866929853
1222,269,1491,0.10932571889281284
1229,273,1502,0.10937620933759433
1227,272,1499,0.10940616904864264
1234,275,1509,0.10943984091627058
1235,274,1509,0.10945517125508344
1220,274,1494,0.10946659594364753
1229,270,1499,0.10950885242295692
1227,276,1503,0.10952939594584027
1217,273,1490,0.10955152217985913
1224,279,1503,0.10959724739144072
1215,279,1494,0.1096224937099403
1218,280,1498,0.10966976299041141
1223,279,1502,0.10970582166104982
1233,276,1509,0.10972993935172137
1229,273,1502,0.1097284948692904
1228,274,1502,0.10973639443739555
1217,266,1483,0.10974523092705361
1222,274,1496,0.10977651400139334
1222,267,1489,0.10979656097645403
1217,274,1491,0.10981375633846635
1217,276,1493,0.109842460586854
1226,280,1506,0.10986978815123095
1212,283,1495,0.10987428272265343
1220,275,1495,0.10991260400892255
1222,269,1491,0.10992738216206034
1219,273,1492,0.10993819700870087
1229,276,1505,0.10995556654875922
1228,277,1505,0.10994820214050857
1220,276,1496,0.10994244265776829
1226,283,1509,0.1099532393093724
1223,286,1509,0.10994953292276051
1222,285,1507,0.10995321348256101
1225,276,1501,0.10996338756413832
1227,273,1500,0.10996578990246875
1225,275,1500,0.10996463695152144
1229,276,1505,0.10996617791146825
1241,269,1510,0.10996007117497225
1233,272,1505,0.10992467729032133
1226,276,1502,0.109910895248698
1231,278,1509,0.10991320992479708
1238,281,1519,0.10990320724480548
1230,280,1510,0.10987832213672867
1226,277,1503,0.10987469218102955
1221,275,1496,0.1098816342172454
1218,272,1490,0.10989765295138725
1211,270,1481,0.10992005722486776
1214,270,1484,0.10995709818050767
1213,266,1479,0.10998436436705741
1208,265,1473,0.11001441477376972
1217,269,1486,0.11005162589937757
1223,279,1502,0.11006540100747937
1231,280,1511,0.11006471894014419
1227,285,1512,0.11004684011584166
1216,283,1499,0.11004083796556338
1218,283,1501,0.11005947126996748
1212,280,1492,0.11006971071589142
1194,285,1479,0.11009365677861488
1207,282,1489,0.11015709574274667
1203,282,1485,0.1101867447428852
1212,282,1494,0.11022286860994825
1208,277,1485,0.11023825638696712
1207,278,1485,0.1102606142761587
1212,276,1488,0.11028559742160148
1224,280,1504,0.11029815722816999
1236,272,1508,0.11028465677854583
1227,274,1501,0.11024531568516824
1228,278,1506,0.11022265649862156
1209,274,1483,0.11019941630614563
1198,272,1470,0.11022117187345294
1215,268,1483,0.1102676518942565
1224,272,1496,0.1102719311806127
1226,280,1506,0.11025344692292123
1220,274,1494,0.1102307485477984
1224,274,1498,0.11022176322005496
1227,274,1501,0.11020280479878249
1236,275,1511,0.1101775358073763
1232,275,1507,0.11013314582761219
1224,271,1495,0.11010319845757252
1224,273,1497,0.11009567051969381
1211,272,1483,0.11008998331738684
1205,280,1485,0.11011403647557147
1211,278,1489,0.11015049859944054
1212,277,1489,0.11016980791987205
1223,273,1496,0.11018450908081245
1223,271,1494,0.11017310509805903
1216,271,1487,0.110163049366922
1226,269,1495,0.11017041206532543
1233,273,1506,0.11015201123241734
1223,274,1497,0.1101195057419495
1213,277,1490,0.11011400841342876
1200,274,1474,0.1101329423650807
1210,278,1488,0.11017996069586061
1204,276,1480,0.11020295186287331
1216,273,1489,0.11023435984212317
1212,277,1489,0.11023505452471095
1223,271,1494,0.11024539369373562
1229,274,1503,0.11022947881425388
1225,275,1500,0.11019872477518247
1229,281,1510,0.11017958827734395
1230,277,1507,0.11015364727826228
1233,270,1503,0.11012836750679
1236,276,1512,0.1100987509936795
1229,275,1504,0.11006547635629714
1235,269,1504,0.11004925824656318
1230,271,1501,0.11001865539175384
1235,275,1510,0.11000422332325627
1224,282,1506,0.10997812620330848
1219,282,1501,0.10998104269780498
1211,280,1491,0.10999570455631864
1206,278,1484,0.11002691231747637
1210,278,1488,0.11006929870531713
1210,278,1488,0.11009895536019904
1201,280,1481,0.11012673498766984
1190,282,1472,0.11017434279603772
1198,280,1478,0.11024234021208214
1203,282,1485,0.11028486951859362
1209,278,1487,0.11031236144368023
1201,275,1476,0.11032311457526121
1210,279,1489,0.11035425564080864
1204,279,1483,0.11036192509231953
1214,280,1494,0.11038204910745694
1203,288,1491,0.11037364994867481
1191,283,1474,0.11039371649499514
1197,282,1479,0.11043611537006512
1213,271,1484,0.11046248419327188
1229,273,1502,0.110451184609576
1232,275,1507,0.11040278879337866
1219,275,1494,0.11035202890380841
1226,272,1498,0.11033410552739807
1229,269,1498,0.11030237349359708
1220,270,1490,0.1102643419620735
1217,276,1493,0.1102516591489572
1223,276,1499,0.11024832231891969
1213,275,1488,0.11023116100437923
1214,279,1493,0.11023701676571022
1225,280,1505,0.11024233412646814
1216,277,1493,0.11022408601504825
1216,280,1496,0.1102298183429256
1219,277,1496,0.11023299293880347
1211,274,1485,0.11023192493214115
1218,277,1495,0.11024678945804879
1228,283,1511,0.11024568204537133
1233,275,1508,0.11022312784350512
1238,272,1510,0.11019029965708167
1230,280,1510,0.11014169465663087
1227,279,1506,0.11011751268178215
1218,278,1496,0.11010060459143127
1220,273,1493,0.11010759967757423
1222,275,1497,0.11011001479398158
1219,273,1492,0.11010859187923
1227,277,1504,0.1101169677703817
1225,280,1505,0.11010620801177035
1220,276,1496,0.11010311089066713
1222,280,1502,0.11010774852774016
1219,272,1491,0.11010597082383301
1215,273,1488,0.11011077303790329
1213,279,1492,0.110123979879806
1218,283,1501,0.11014014099649548
1231,284,1515,0.11014606533573602
1228,285,1513,0.11011988173426011
1217,276,1493,0.11010232029538855
1216,273,1489,0.11011322870222226
1207,283,1490,0.11012429194422531
1200,287,1487,0.11015559505593928
1204,290,1494,0.11020150323721128
1194,293,1487,0.11023585615527022
1193,293,1486,0.1102910132140916
1187,296,1483,0.11033909381290026
1188,297,1485,0.11039768037775033
1199,300,1499,0.11045098099907942
1204,291,1495,0.11047366085857865
1201,289,1490,0.11048284970656684
1205,293,1498,0.110498868592632
1194,289,1483,0.11050449107517778
1209,283,1492,0.1105381392895412
1218,290,1508,0.11053540369394582
1218,285,1503,0.11050891886817495
1210,287,1497,0.11048479369397171
1198,287,1485,0.1104809625823547
1210,287,1497,0.11050622441454058
1205,293,1498,0.11050195568828641
1214,290,1504,0.11050996573884689
1213,288,1501,0.11049821724399447
1208,291,1499,0.11049025617148212
1200,293,1493,0.11049253229871332
1191,292,1483,0.11051437978670801
1190,297,1487,0.1105545988218843
1196,308,1504,0.11059916992153723
1191,308,1499,0.11062413558638902
1183,307,1490,0.11066132300893353
1194,307,1501,0.11071588786862964
1185,303,1488,0.11074176802367079
1195,305,1500,0.11078689000143545
1212,308,1520,0.11080739142652707
1212,305,1517,0.11078580415391671
1206,301,1507,0.11076478169496846
1201,298,1499,0.11075744228365306
1195,302,1497,0.11076260336920057
1187,306,1493,0.11078291753730099
1188,302,1490,0.1108210574226932
1183,307,1490,0.11085298852539183
1191,310,1501,0.11089458652619896
1184,306,1490,0.11091545042425914
1177,298,1475,0.11095063348081027
1181,299,1480,0.1110018826070352
1195,308,1503,0.11103856820393375
1185,308,1493,0.11103808219618135
1182,304,1486,0.11106160682201707
1186,306,1492,0.11109185770001379
1177,308,1485,0.11111018748705855
1178,308,1486,0.11114448949941778
1200,314,1514,0.11117517731287528
1202,310,1512,0.11115536308307476
1203,308,1511,0.11113171525256096
1200,312,1512,0.11110564351376934
1198,308,1506,0.11108883352923613
1193,307,1500,0.11107846168428669
1189,307,1496,0.11108020845012799
1187,315,1502,0.11109276279413118
1190,321,1511,0.11111075866872834
1178,323,1501,0.11112209184527709
1179,322,1501,0.11116220710179166
1179,310,1489,0.11119743055502075
1188,324,1512,0.11123038823060437
1177,320,1497,0.11123913870255614
1170,317,1487,0.11126909587211373
1169,321,1490,0.11131281760194893
1170,321,1491,0.11135553801004211
1169,319,1488,0.11138912429922045
1190,319,1509,0.11142302068205137
1190,315,1505,0.11140632415781536
1188,321,1509,0.11139316294610424
1180,315,1495,0.11138644080533183
1186,319,1505,0.11139979143757611
1183,321,1504,0.11139840238268864
1189,324,1513,0.11140450589376179
1187,322,1509,0.11139901256353964
1186,319,1505,0.1113997485653665
1170,323,1493,0.11140423012590908
1170,321,1491,0.1114452175993347
1167,326,1493,0.11148179313386802
1167,327,1494,0.11152486001669963
1155,330,1485,0.11156309685359163
1156,324,1480,0.11162701297117582
1162,328,1490,0.11168398719205871
1167,320,1487,0.11172064022942033
1179,328,1507,0.11174119871044513
1183,328,1511,0.11173206220897143
1185,330,1515,0.11171530276132081
1179,328,1507,0.11169341604067658
1178,330,1508,0.11168675808805258
1170,333,1503,0.11168448531033945
1168,333,1501,0.11170254160153358
1165,342,1507,0.11172535473504322
1177,343,1520,0.11175318161094029
1176,334,1510,0.11175443908707546
1167,332,1499,0.11175881143400307
1166,333,1499,0.11178248380468839
1160,331,1491,0.11180698785881006
1142,334,1476,0.11184156843191523
1145,340,1485,0.11191583463412023
1145,343,1488,0.11197758356864634
1143,345,1488,0.11203648456685623
1140,344,1484,0.11209596406168228
1130,349,1479,0.11215660351906262
1149,349,1498,0.11223363358796908
1147,350,1497,0.11226102595386907
1140,348,1488,0.1122899336284247
1154,347,1501,0.11233607987289598
1137,340,1477,0.11234611209535135
1142,346,1488,0.11239469225864228
1145,346,1491,0.11242611791780659
1142,350,1492,0.11244722769847351
1146,355,1501,0.11247255363082179
1144,351,1495,0.11248747375019859
1141,352,1493,0.11250484605190791
1138,358,1496,0.11253023156074725
1147,355,1502,0.11256349800890529
1145,354,1499,0.11257182528149698
1142,358,1500,0.11258402802134267
1139,363,1502,0.11260405317739601
1145,362,1507,0.1126291097304022
1138,362,1500,0.1126410123604294
1142,363,1505,0.1126702104769094
1131,365,1496,0.11268846896397175
1135,379,1514,0.11273181093799957
1123,380,1503,0.11276240610036414
1133,372,1505,0.11281591964866321
1144,372,1516,0.1128425646293096
1138,375,1513,0.11284205280681547
1123,378,1501,0.11285437053176466
1136,379,1515,0.11290122212137998
1130,380,1510,0.11291660043405245
1130,378,1508,0.11294650062295307
1130,378,1508,0.11297675369977495
1123,376,1499,0.11300467303257494
1138,382,1520,0.11304744988773174
1123,378,1501,0.11305389059884355
1118,380,1498,0.11309584038762754
1124,383,1507,0.1131458430411434
1123,382,1505,0.11317784348689866
1127,384,1511,0.11320954702303411
1114,381,1495,0.11323137173357617
1117,388,1505,0.1132820252109553
1108,392,1500,0.11332353602564157
1117,385,1502,0.11338272103213849
1101,386,1487,0.11341638767085613
1106,388,1494,0.11348073746996182
1097,386,1483,0.11352730322158128
1101,389,1490,0.11359074642201765
1109,389,1498,0.11363921925518668
1110,384,1494,0.11366637946623247
1110,384,1494,0.11368824051088375
1115,393,1508,0.11370928105751897
1113,392,1505,0.11371961391246542
1121,389,1510,0.11372966031651091
1129,393,1522,0.11372166001828088
1120,392,1512,0.11369754162189079
1118,396,1514,0.11369537626200314
1116,406,1522,0.1136999306437566
1114,402,1516,0.11370805125609687
1116,399,1515,0.11372216723114686
1103,399,1502,0.11373276397968154
1101,403,1504,0.11377287705394717
1097,410,1507,0.11381431043120742
1105,407,1512,0.11386400798874713
1106,410,1516,0.1138911489431542
1099,411,1510,0.11391491628767669
1100,408,1508,0.11395343518160868
1088,408,1496,0.11398749308140572
1085,406,1491,0.11404287335328733
1078,413,1491,0.11410252578170325
1096,408,1504,0.11417399411984049
1096,406,1502,0.11419883264631692
1088,407,1495,0.1142225995844166
1087,408,1495,0.11426269909781596
1103,413,1516,0.1143029427174173
1098,412,1510,0.11430388861110535
1100,416,1516,0.11431805035950408
1088,409,1497,0.11432561580569017
1086,413,1499,0.11436270034776377
1084,412,1496,0.1144035938989238
1086,419,1505,0.11444628945153376
1079,418,1497,0.11447769119238557
1069,419,1488,0.11452342783292048
1072,416,1488,0.11458898622589393
1083,424,1507,0.11464369159477172
1082,424,1506,0.11466772561493592
1087,420,1507,0.11469300870385606
1084,421,1505,0.1147058096877312
1085,433,1518,0.11472638612584543
1080,431,1511,0.11474500525601265
1086,435,1521,0.11477545927839367
1082,437,1519,0.11479086220427975
1073,436,1509,0.11481365745537345
1072,430,1502,0.11485744753211521
1063,434,1497,0.1149013558031099
1055,436,1491,0.1149626521640911
1053,445,1498,0.1150382362381864
1060,448,1508,0.11511382878444863
1065,438,1503,0.11516808910388868
1064,443,1507,0.11520769534763854
1056,446,1502,0.11524658617680995
1060,445,1505,0.11530193088358297
1058,439,1497,0.11534450835197457
1043,444,1487,0.11538741728403704
1047,448,1495,0.11546161685161618
1058,452,1510,0.11552064019832953
1044,447,1491,0.1155490782989443
1042,448,1490,0.11560907130600359
1051,445,1496,0.11566941759766905
1058,445,1503,0.11570313296875245
1062,447,1509,0.11571973717565619
1058,457,1515,0.11572690537035964
1040,462,1502,0.11574295237712746
1033,463,1496,0.11579964821217825
1035,464,1499,0.11586822501814695
1035,463,1498,0.11592762192716108
1040,452,1492,0.11598232381585831
1041,449,1490,0.11602146967033518
1043,455,1498,0.11605797937061378
1028,458,1486,0.11608769137389124
1023,464,1487,0.11614798741914412
1025,463,1488,0.11621671984897597
1030,460,1490,0.11627518317399325
1025,478,1503,0.11631844276091266
1033,476,1509,0.11636974545982433
1033,484,1517,0.11639809441112443
1037,475,1512,0.11642246221873785
1040,476,1516,0.11643534491482589
1036,463,1499,0.11644162926863803
1037,454,1491,0.11645827770445322
1031,452,1483,0.11647231682196982
1026,458,1484,0.11649762662453797
1024,449,1473,0.11653257688229848
1022,453,1475,0.11657011115882529
1018,465,1483,0.11661157796309572
1024,467,1491,0.11665621455056133
1018,474,1492,0.11668403495467676
1030,474,1504,0.11672445599585089
1029,476,1505,0.11673336714415788
1029,483,1512,0.11674571625557968
1031,484,1515,0.11675991686806389
1016,487,1503,0.11676871669830105
1019,488,1507,0.11681035605111642
1029,484,1513,0.11684112294248124
1031,485,1516,0.11684912949648815
1023,477,1500,0.11685237927184328
1018,486,1504,0.11687459336525707
1021,484,1505,0.11690498640605021
1022,480,1502,0.11692776835993098
1003,476,1479,0.11694383795621334
995,474,1469,0.11700092137057722
1002,479,1481,0.1170687856933933
1009,469,1478,0.1171163536419839
1010,475,1485,0.11714253666819213
1009,482,1491,0.1171656996582053
998,486,1484,0.1171907498880098
998,485,1483,0.11723498534080523
1002,492,1494,0.11727208831786744
1019,482,1501,0.11729856920570093
1027,491,1518,0.11728658096286428
1021,500,1521,0.11725754905255062
1017,490,1507,0.11724384977860564
1011,494,1505,0.11724170010252294
1012,498,1510,0.11725621094027996
994,502,1496,0.11726619888966797
996,504,1500,0.11731745339088892
997,503,1500,0.11736443153809148
999,505,1504,0.11740687040157682
996,502,1498,0.11744175826519453
993,505,1498,0.11748365541678957
996,505,1501,0.11752930847002661
994,500,1494,0.11755964531885375
1004,498,1502,0.11759076902497266
999,496,1495,0.11759839965246681
999,502,1501,0.11761823765646373
1007,502,1509,0.11763619294786064
1008,503,1511,0.11763302963855649
998,504,1502,0.11762912117695871
1007,502,1509,0.11764835353897293
1005,500,1505,0.11764417667252182
1006,499,1505,0.11764475818348405
1005,508,1513,0.11764539510306164
1001,506,1507,0.11764563908339122
1002,511,1513,0.11765553747619407
1002,507,1509,0.11766198084206252
996,517,1513,0.11766796927482119
991,510,1501,0.11768960383743199
992,517,1509,0.11772091622355539
1001,518,1519,0.11774921283877127
998,516,1514,0.11775706895175847
1001,513,1514,0.11777080186727899
1001,513,1514,0.11777574023749267
1000,509,1509,0.11778362440351497
1000,506,1506,0.11779110880843796
989,501,1490,0.1177979499356499
987,500,1487,0.11783178621973736
989,505,1494,0.11786496656667772
983,505,1488,0.11789078277660056
990,511,1501,0.11792910952774058
989,512,1501,0.11794889158505746
991,511,1502,0.11797099227013379
993,513,1506,0.11798755021917653
991,514,1505,0.11799757309411904
988,523,1511,0.11801316077321289
993,520,1513,0.11803428871477215
992,526,1518,0.11804450026009762
1003,522,1525,0.1180562793225908
992,515,1507,0.11804087255520139
990,516,1506,0.11805337256591784
984,513,1497,0.1180655904079956
986,519,1505,0.11808918396824243
993,521,1514,0.11810771128165051
996,513,1509,0.11811147278422113
1001,513,1514,0.11811010375742612
1001,512,1513,0.11809709626645117
996,516,1512,0.11808446576153742
999,518,1517,0.11808398924816466
999,521,1520,0.11807795644406681
987,525,1512,0.1180709305647073
983,520,1503,0.1180936282818078
985,518,1503,0.11812377180402198
972,526,1498,0.11814685398208541
974,526,1500,0.11819754255291931
976,528,1504,0.11824142257440019
982,519,1501,0.11827781844821378
981,519,1500,0.11829375835222787
971,523,1494,0.11831292842269071
970,524,1494,0.11835246821716716
976,521,1497,0.11839098131969383
975,516,1491,0.1184130998781242
966,518,1484,0.11843774144507108
972,516,1488,0.11847999031266379
972,515,1487,0.11850655936925164
973,524,1497,0.11853087063099252
975,531,1506,0.11855309317271416
957,538,1495,0.11856951344542839
949,538,1487,0.11862651994543062
968,538,1506,0.11870057065481054
973,543,1516,0.11872630597244836
968,545,1513,0.11873766384772591
968,535,1503,0.11875972385413974
970,530,1500,0.11878033332283813
971,540,1511,0.11879345423549856
969,536,1505,0.11880548728722903
967,537,1504,0.11882128754727642
961,537,1498,0.1188403286984111
953,537,1490,0.11887086277626878
959,535,1494,0.11891862881663937
948,537,1485,0.11895133318924778
952,533,1485,0.11900921855690844
954,540,1494,0.119052408356867
950,540,1490,0.1190893940991477
952,540,1492,0.1191276254049325
953,534,1487,0.11915687014484277
965,537,1502,0.11918248305799907
967,535,1502,0.1191747620502104
963,539,1502,0.11916640801548273
965,541,1506,0.11916870665046186
959,541,1500,0.11916546407694611
953,541,1494,0.11917403134707842
953,543,1496,0.11919706243074848
959,542,1501,0.11922168841625905
951,549,1500,0.11923009637423407
953,552,1505,0.11925511352165544
962,547,1509,0.11927543252620833
960,549,1509,0.11927653863268237
957,560,1517,0.1192819033533769
949,557,1506,0.11929665793601192
950,555,1505,0.11932845557131032
949,547,1496,0.11935510101276851
944,549,1493,0.11938471399948096
947,552,1499,0.11942177603097076
944,560,1504,0.11944677904790996
941,565,1506,0.1194791892344106
938,556,1494,0.11951853975578701
934,569,1503,0.11956230746597007
945,569,1514,0.11961155637102809
943,563,1506,0.11963103851527429
940,562,1502,0.11965510970942952
949,571,1520,0.11968544504942245
945,574,1519,0.1196938131481982
940,572,1512,0.11970833176158373
936,574,1510,0.1197345221383243
945,584,1529,0.11976544234185685
938,575,1513,0.11977116022001887
939,567,1506,0.11979207500826866
932,563,1495,0.11980954336181991
922,573,1495,0.11984513818914408
919,581,1500,0.11989882754000945
924,581,1505,0.11995642359164295
922,579,1501,0.1200011973873974
910,586,1496,0.1200479633895645
913,583,1496,0.12011877861629099
906,584,1490,0.1201761713241668
907,583,1490,0.12024446565256264
904,589,1493,0.12030679823823416
912,594,1506,0.12037247936952042
910,590,1500,0.12041655099333928
913,587,1500,0.12046066864033227
915,590,1505,0.12049651487594566
914,593,1507,0.12052478186220686
911,595,1506,0.12055563359955199
910,598,1508,0.1205921246551363
904,591,1495,0.12062987884471728
914,600,1514,0.12067741102369273
910,601,1511,0.1206984791676626
896,601,1497,0.12072646133349671
903,603,1506,0.12078339983201776
914,608,1522,0.12082074028918917
909,608,1517,0.12082945788896592
904,602,1506,0.12084887234064631
909,610,1519,0.12088185048898317
908,605,1513,0.1209022858453816
902,612,1514,0.12092290963326657
900,611,1511,0.1209582258452902
900,615,1515,0.12099741281298215
902,609,1511,0.12103148758222883
894,611,1505,0.1210592109325393
894,608,1502,0.12110522911793854
899,609,1508,0.12115014622396551
891,617,1508,0.12117744157833954
881,618,1499,0.12122229354776617
885,622,1507,0.12128758448009984
890,618,1508,0.12133934901406913
881,617,1498,0.121374836890129
892,620,1512,0.12142508132114402
890,611,1501,0.12144465450387142
895,615,1510,0.1214689439737737
895,627,1522,0.12147912448348398
880,626,1506,0.12148850926636723
880,628,1508,0.12153283978042953
897,622,1519,0.12157550585310112
897,621,1518,0.12157510369815715
893,625,1518,0.12157555748022013
892,622,1514,0.12158850529584143
890,618,1508,0.12160024053979494
894,623,1517,0.12161424247367492
886,625,1511,0.12162163880971491
879,632,1511,0.12164439945360844
858,631,1489,0.1216838283034635
863,631,1494,0.12176730384729594
873,634,1507,0.12183150885576524
880,639,1519,0.12186824402188008
878,632,1510,0.1218863164462347
872,634,1506,0.12190809677946177
866,637,1503,0.12194317888891895
866,638,1504,0.12199331579079266
858,639,1497,0.12203927704383936
865,643,1508,0.122102181298776
863,638,1501,0.12214550057086405
863,640,1503,0.12219127605014336
862,646,1508,0.12223515527296719
856,656,1512,0.12227999611219893
853,652,1505,0.1223369143132192
843,652,1495,0.12239692195215639
840,651,1491,0.12247642799510018
840,669,1509,0.122557823749448
846,666,1512,0.12263235573551765
842,663,1505,0.1226862227706034
842,665,1507,0.12274762101157442
832,669,1501,0.1228032924780829
827,666,1493,0.12287945616280424
828,662,1490,0.12296198500580394
837,662,1499,0.1230351446872039
842,663,1505,0.12308082062433083
839,666,1505,0.12311121668410915
839,671,1510,0.1231438115304173
835,673,1508,0.12317589136603393
839,666,1505,0.12321744136450961
840,661,1501,0.12324628110777741
837,666,1503,0.12327104476568351
838,669,1507,0.12329842213998286
823,667,1490,0.1233222762206869
826,662,1488,0.12337927973276724
826,664,1490,0.12342586184735307
834,661,1495,0.12346577207823742
831,662,1493,0.12348377663142532
816,667,1483,0.12350576831156762
826,674,1500,0.12356154846279414
835,671,1506,0.12358796526124458
840,662,1502,0.12359193622043675
837,666,1503,0.12358259877624952
839,665,1504,0.12358489913226228
833,666,1499,0.1235855369841934
842,666,1508,0.12359953654120631
841,670,1511,0.12359287708551403
845,670,1515,0.12358940712426446
838,679,1517,0.12357488690645127
843,680,1523,0.12357775967633479
835,671,1506,0.12357162971877049
838,674,1512,0.12358464372679967
826,679,1505,0.12359114746812612
830,678,1508,0.12362620755325626
829,670,1499,0.1236524824516737
828,676,1504,0.12368076049508062
831,677,1508,0.12371180093204487
829,674,1503,0.12373081364932645
827,676,1503,0.12375413225761692
823,670,1493,0.12377970653358311
813,680,1493,0.1238112149690195
815,686,1501,0.12386440331131443
820,685,1505,0.12390793624787272
817,682,1499,0.12393699667413582
814,687,1501,0.12397237509690644
805,694,1499,0.12401214905047443
815,685,1500,0.12407043618821215
807,697,1504,0.12410503013705089
790,703,1493,0.12415442820313607
792,700,1492,0.12423950173220061
797,700,1497,0.12431552800220279
806,706,1512,0.12437402008188156
802,696,1498,0.1244011585458684
793,688,1481,0.12443668434443221
791,695,1486,0.12449038196746418
788,694,1482,0.12454325012662737
790,685,1475,0.1246009181162304
792,689,1481,0.12464937501483501
795,688,1483,0.12469005251660414
796,687,1483,0.1247202741089126
799,698,1497,0.1247485475638462
796,700,1496,0.12476675234275866
797,703,1500,0.12479016236474809
803,713,1516,0.12481110308775044
802,702,1504,0.12481676624356322
806,698,1504,0.12482360693153219
803,695,1498,0.12482170141570414
802,690,1492,0.12482740355456988
810,695,1505,0.12483838314362256
800,699,1499,0.12483017442750874
800,709,1509,0.12484822661703868
793,702,1495,0.12486601571770972
798,708,1506,0.12489763858141605
793,708,1501,0.12491429908717652
786,712,1498,0.12494184381790423
783,718,1501,0.12498349886015904
780,714,1494,0.12502889776610066
773,718,1491,0.12507833092729273
779,717,1496,0.12513881148051834
780,722,1502,0.1251859740412006
774,727,1501,0.1252270089764336
781,731,1512,0.1252799928427512
772,728,1500,0.12531274218742244
770,731,1501,0.12536588286009995
765,736,1501,0.12541535920298574
776,728,1504,0.12547180115909198
776,734,1510,0.12550251288044123
776,729,1505,0.1255295803475039
775,728,1503,0.12555544064252155
778,727,1505,0.12558279445851575
776,719,1495,0.12560146193284585
775,718,1493,0.1256240104216798
774,720,1494,0.1256465451882506
776,722,1498,0.12566673174152931
768,727,1495,0.12568193451686235
771,722,1493,0.12571428497512138
765,728,1493,0.12573933546823807
755,731,1486,0.1257783941436653
763,733,1496,0.12583512477498268
750,745,1495,0.12587160634981515
752,753,1505,0.1259367048266395
755,749,1504,0.12599310759312554
746,751,1497,0.1260387122335123
747,741,1488,0.12610127730156528
749,751,1500,0.12615808868763254
747,748,1495,0.12620782269389946
747,741,1488,0.12625747412794752
755,745,1500,0.12630437924766308
750,750,1500,0.12632858847961653
755,753,1508,0.1263606329439464
752,756,1508,0.12637703419207413
750,753,1503,0.1264019754612809
751,750,1501,0.12642705978636987
752,757,1509,0.12644804918799107
750,761,1511,0.1264685917026576
742,762,1504,0.1264914167983545
736,760,1496,0.12653172626786519
741,765,1506,0.12658475026036023
741,773,1514,0.1266233912442535
737,774,1511,0.1266601477614366
736,768,1504,0.12670428299298944
743,767,1510,0.12674889563432923
747,768,1515,0.12677111791039444
748,764,1512,0.12678261055353524
750,762,1512,0.12679129653695673
747,760,1507,0.12679363151837844
734,771,1505,0.1268031055123202
748,772,1520,0.12684124855749349
747,772,1519,0.12684490105050536
747,767,1514,0.1268517884216376
743,767,1510,0.12685606173057642
747,758,1505,0.12687005916291968
748,750,1498,0.1268747374543225
747,770,1517,0.1268781962380498
746,761,1507,0.1268859494990488
748,755,1503,0.12689485299581502
751,752,1503,0.1268974504435257
751,755,1506,0.1268920759203344
745,754,1499,0.12688632340778788
750,755,1505,0.1268933202426646
747,759,1506,0.12688456941630444
752,758,1510,0.1268847849920446
749,757,1506,0.1268750033153319
750,760,1510,0.1268705422045618
750,759,1509,0.1268652717859801
746,757,1503,0.1268599648958748
748,761,1509,0.12686584607731363
752,761,1513,0.12686759688455237
743,769,1512,0.1268597327430134
746,759,1505,0.12687236062064206
746,765,1511,0.12687537787787206
740,771,1511,0.1268808476471012
744,771,1515,0.12690107472015166
744,775,1519,0.12691113240624202
738,775,1513,0.12692073240177926
742,773,1515,0.12694252298692763
737,778,1515,0.12695393393689083
728,774,1502,0.12697814811474592
732,771,1503,0.12702374059890573
734,768,1502,0.12705400621835172
738,767,1505,0.12707828555485137
736,763,1499,0.12709559822728175
729,773,1502,0.12711469614803328
721,777,1498,0.12714638761259084
730,785,1515,0.12719063207792083
733,783,1516,0.12720895096151494
731,782,1513,0.12722008303459897
734,773,1507,0.12723525973090605
731,779,1510,0.1272410778325281
731,774,1505,0.1272522001568035
738,778,1516,0.12725812303521394
736,776,1512,0.1272485818808982
742,782,1524,0.12724363281886938
743,777,1520,0.12722427514899942
728,781,1509,0.12720708816994583
720,780,1500,0.12722687861594253
717,781,1498,0.12726569158697282
715,770,1485,0.12730917845911427
719,772,1491,0.127353089520021
731,772,1503,0.12738401165500984
730,782,1512,0.12738534736843674
724,786,1510,0.12738819928934395
722,790,1512,0.1274047372804736
725,784,1509,0.12742396664988898
729,782,1511,0.12743759120484457
729,775,1504,0.12744125549020222
720,777,1497,0.1274446422401149
716,779,1495,0.1274690288017813
713,784,1497,0.127500483002394
723,782,1505,0.1275360371675089
723,779,1502,0.1275446807740306
722,782,1504,0.12755385100033803
723,784,1507,0.12756653332647583
709,793,1502,0.1275763672873897
708,801,1509,0.12761808012177378
718,795,1513,0.12766161185077624
704,785,1489,0.12768110521487927
704,786,1490,0.1277341101288198
707,796,1503,0.12778414822618092
701,787,1488,0.12782237363725418
708,799,1507,0.1278723374316657
717,802,1519,0.12789762684494835
715,799,1514,0.12790243414207386
716,794,1510,0.1279105613271022
704,801,1505,0.1279161269993743
716,798,1514,0.1279508898974588
710,799,1509,0.12795755825782654
699,798,1497,0.1279770367797583
701,802,1503,0.12802117748660616
697,807,1504,0.12805855468102087
705,802,1507,0.12810449200600205
693,808,1501,0.12812678748423656
697,816,1513,0.12817497076718998
691,821,1512,0.12821167271965828
694,819,1513,0.12825949906531112
696,823,1519,0.1282999407958043
695,822,1517,0.1283341388250724
696,824,1520,0.12836851248980363
700,825,1525,0.12839892712957407
706,816,1522,0.1284170123668913
707,803,1510,0.12842046267416005
706,818,1524,0.128416941843869
703,821,1524,0.12841660341630587
699,820,1519,0.12842313834539065
689,824,1513,0.12843867952820925
678,824,1502,0.12847740206730524
672,819,1491,0.12854051564494612
668,827,1495,0.12861284071279047
671,828,1499,0.1286905460459031
676,821,1497,0.12875451779593955
687,832,1519,0.128802414901776
678,821,1499,0.12882061581799273
674,819,1493,0.12885940155305475
678,824,1502,0.1289029726837612
687,820,1507,0.12893431648970372
674,824,1498,0.1289439656598397
680,836,1516,0.1289839832887738
683,833,1516,0.12900494986129013
678,834,1512,0.12901549940099233
673,840,1513,0.12903914317296003
672,848,1520,0.12907489989913087
683,847,1530,0.12911216120432198
681,837,1518,0.12912151774419364
682,852,1534,0.1291360722798025
668,848,1516,0.12914573047112607
669,846,1515,0.12918682837804948
670,839,1509,0.12922547477035665
666,844,1510,0.1292580584472815
665,851,1516,0.12929759837228516
655,851,1506,0.12934025191467288
661,861,1522,0.12940311484005812
661,861,1522,0.1294452384843574
657,866,1523,0.1294860936387389
659,863,1522,0.1295319704763551
659,861,1520,0.12957100024864665
653,847,1500,0.12960821557001886
659,850,1509,0.12965860253491346
659,842,1501,0.12968651910772894
663,835,1498,0.1297087128448997
667,844,1511,0.12972146512440397
658,846,1504,0.12972161887332095
659,849,1508,0.12974523999849644
661,849,1510,0.12976717291574785
664,849,1513,0.12978334830703445
653,858,1511,0.12979018751669608
654,861,1515,0.12982326860043486
650,861,1511,0.12985277363284012
651,869,1520,0.12988885503285655
639,873,1512,0.12992388221769746
632,867,1499,0.12998499061555183
633,864,1497,0.13005868537440549
637,854,1491,0.1301243630665308
638,865,1503,0.13017574120248268
630,869,1499,0.1302227027574714
625,866,1491,0.13028453586992822
641,857,1498,0.13035102821764932
645,866,1511,0.1303765427973035
630,870,1500,0.1303911149410494
627,878,1505,0.13043765601814872
625,880,1505,0.13049014623354074
625,871,1496,0.1305428720481257
630,876,1506,0.13059334604386333
629,881,1510,0.13062834729967243
625,888,1513,0.1306614292943861
629,886,1515,0.130703672255459
634,877,1511,0.13073257934868412
646,878,1524,0.13074792159588028
641,873,1514,0.1307337975719289
647,872,1519,0.13073262480683806
646,867,1513,0.13071535766113668
635,876,1511,0.13070439293474664
643,873,1516,0.13071682009331562
641,874,1515,0.1307087138918956
638,869,1507,0.13070675304308244
641,866,1507,0.13071492490844222
633,871,1504,0.1307156976137641
634,875,1509,0.13073643630132745
628,875,1503,0.13075681635239525
619,880,1499,0.13078653662797016
616,886,1502,0.13083677656992362
624,894,1518,0.1308929354773999
616,899,1515,0.13092353237457963
606,900,1506,0.13097188129049353
609,895,1504,0.1310416761301529
607,889,1496,0.1310980037237268
606,898,1504,0.13115468123180626
609,901,1510,0.13120767893446225
602,899,1501,0.13125409572006155
609,890,1499,0.13131045779921677
598,888,1486,0.1313423314272916
594,884,1478,0.13139863905400923
592,878,1470,0.13145881889542102
592,882,1474,0.13151957724677968
584,901,1485,0.13157650021307873
590,899,1489,0.1316496163503634
594,897,1491,0.13170350596411823
599,887,1486,0.13174325189779076
599,879,1478,0.1317681596760491
607,878,1485,0.13179164665625995
600,886,1486,0.13179501970888652
599,885,1484,0.1318116127765136
607,900,1507,0.13182898627658052
608,905,1513,0.13182695952966106
600,902,1502,0.13182239963300485
601,900,1501,0.13183785231588757
589,897,1486,0.13185257678611034
593,912,1505,0.13189481281499277
592,915,1507,0.1319234210418978
595,920,1515,0.13195562510202963
588,924,1512,0.13198043988903824
590,927,1517,0.1320205719576064
576,937,1513,0.132056202343412
582,933,1515,0.13212315958262422
584,925,1509,0.1321719159571093
584,925,1509,0.13221072200034503
582,925,1507,0.1322414399145502
582,923,1505,0.13227433691180038
583,929,1512,0.13231018365459066
571,937,1508,0.13234074741718266
567,936,1503,0.13239675560676273
569,928,1497,0.13245749408741897
564,927,1491,0.13250829747385157
554,930,1484,0.13256884528171833
560,934,1494,0.13264793159770782
562,936,1498,0.13270628492397138
563,945,1508,0.13275293656782494
566,943,1509,0.1327927123128435
571,939,1510,0.13282150750650154
563,950,1513,0.13284020720390577
560,955,1515,0.1328789748949928
552,955,1507,0.13292116437007542
554,956,1510,0.13298059255128886
556,946,1502,0.13303124644587858
563,956,1519,0.1330740389475844
562,951,1513,0.133095965476904
549,950,1499,0.13312111957059777
554,942,1496,0.13317600986804787
549,953,1502,0.13321578618528324
560,949,1509,0.13326431170449135
558,958,1516,0.13328711634342633
559,946,1505,0.13331180829621997
562,942,1504,0.13333130492204245
570,951,1521,0.1333404928773061
558,949,1507,0.13332955193330098
550,950,1500,0.13334790823493387
545,948,1493,0.13338716740259782
543,939,1482,0.13343410264678834
552,953,1505,0.13348516389878923
561,944,1505,0.13350976630177644
559,947,1506,0.13351143175852098
552,941,1493,0.13351820047329077
549,944,1493,0.13354168380919496
545,958,1503,0.13357233430395127
541,960,1501,0.13360890052229624
536,956,1492,0.13365357841947684
536,960,1496,0.13370754652725442
535,948,1483,0.13375682070209868
545,950,1495,0.13380392223940482
547,953,1500,0.13382451980221188
546,968,1514,0.13383796986049712
547,965,1512,0.13385236588028518
554,960,1514,0.13386396005440468
556,960,1516,0.1338601859666029
553,960,1513,0.13385062626215652
555,969,1524,0.13384932943517336
549,964,1513,0.1338463171885837
551,961,1512,0.13385726389492475
548,965,1513,0.13386309841591756
539,969,1508,0.1338771120805267
541,971,1512,0.13391286451247844
538,960,1498,0.1339428879788008
542,966,1508,0.1339800904418359
542,956,1498,0.13400377127270438
541,962,1503,0.13402401547357434
550,967,1517,0.13404592365344953
540,961,1501,0.13404761546180283
546,958,1504,0.13407006476371847
550,964,1514,0.13407913827517848
546,971,1517,0.13407894412255292
542,974,1516,0.1340877048097189
535,972,1507,0.13410356014177105
541,980,1521,0.1341359921990325
542,985,1527,0.13415215652932072
537,987,1524,0.1341656482399673
529,983,1512,0.13419140692513437
524,974,1498,0.13423581697384754
525,974,1499,0.13428595864470547
536,972,1508,0.13432870450926349
541,973,1514,0.13434247234489566
530,975,1505,0.13434131487893444
521,975,1496,0.13436839217652272
521,976,1497,0.13441218232008909
519,980,1499,0.13445052904488633
519,979,1498,0.1344917359138086
528,981,1509,0.13453161986971984
528,990,1518,0.13454604686315869
527,997,1524,0.1345581149494198
529,988,1517,0.13457015210459364
524,988,1512,0.13457763668090816
525,987,1512,0.13459577015432056
522,993,1515,0.13461192270104136
522,993,1515,0.13463275820257029
519,993,1512,0.13465111247498812
526,999,1525,0.13467658313468175
536,996,1532,0.1346871422001264
527,998,1525,0.1346739025278157
525,994,1519,0.13468538725762344
521,994,1515,0.1347013596305758
519,992,1511,0.1347259768068745
520,996,1516,0.1347528857120533
515,996,1511,0.13477678252522757
506,997,1503,0.13481110755381112
503,1003,1506,0.13486290824104466
494,1009,1503,0.13491710055529246
496,1013,1509,0.13498978768525025
499,1014,1513,0.13505295155240854
493,1001,1494,0.1351048156613415
488,1015,1503,0.1351668918978304
482,1030,1512,0.1352371205237741
483,1033,1516,0.1353170558066985
480,1023,1503,0.1353901002830699
476,1034,1510,0.1354656715662235
470,1027,1497,0.13554563459737173
472,1028,1500,0.1356344573831341
465,1039,1504,0.13571178544516532
465,1061,1526,0.13580153253249017
467,1056,1523,0.13588525703148033
467,1066,1533,0.13596104942615536
457,1061,1518,0.13603292532883868
454,1056,1510,0.13612274766164975
454,1053,1507,0.13621574919838253
452,1054,1506,0.13630335598488638
453,1057,1510,0.13638976021811686
449,1061,1510,0.13646733000814515
446,1063,1509,0.13654978849103208
446,1058,1504,0.13663429858378534
442,1064,1506,0.13670998644242655
444,1061,1505,0.13678895404777733
439,1061,1500,0.13685946066227475
440,1057,1497,0.13693715462096553
434,1078,1512,0.1370080050469316
436,1080,1516,0.13708753955019176
430,1088,1518,0.1371556713757884
421,1087,1508,0.13723385542648706
420,1081,1501,0.13732526625561425
422,1081,1503,0.13741328207068965
416,1084,1500,0.13749049103763564
416,1088,1504,0.13757799201283544
418,1093,1511,0.13766106766906552
414,1098,1512,0.13773243194947912
411,1094,1505,0.1378066294344503
410,1097,1507,0.13788321901927006
417,1088,1505,0.13795695555693488
419,1085,1504,0.13801027643965214
418,1085,1503,0.13805672120931575
417,1079,1496,0.13810146073745858
413,1079,1492,0.13814525362308777
416,1083,1499,0.1381965374227623
416,1090,1506,0.13823726899717786
417,1102,1519,0.1382781710829231
414,1106,1520,0.13831368351835693
410,1102,1512,0.13835460176819953
413,1107,1520,0.1384037824099104
407,1104,1511,0.1384428066181519
405,1104,1509,0.13849489418461808
404,1107,1511,0.13854554317659423
408,1103,1511,0.13859474007340716
410,1101,1511,0.13863507663233088
417,1106,1523,0.13866581266695252
411,1102,1513,0.1386764875269939
410,1094,1504,0.13870068968356652
409,1095,1504,0.13872361891044072
410,1100,1510,0.13874579385049457
401,1104,1505,0.13876290100584474
397,1100,1497,0.13880134496077778
397,1101,1498,0.13884942148294732
394,1103,1497,0.13889586148587932
396,1096,1492,0.13894874734078896
399,1103,1502,0.13899054712541672
401,1100,1501,0.1390225140537129
400,1108,1508,0.1390489211329402
396,1108,1504,0.13907590136526088
394,1111,1505,0.13911074807704804
388,1120,1508,0.13914902816174027
390,1119,1509,0.13919759562210487
383,1111,1494,0.13923777652768007
387,1107,1494,0.13929172935920447
388,1121,1509,0.13933303489655283
385,1121,1506,0.13937003312640583
385,1125,1510,0.13941046118961137
386,1127,1513,0.1394475221625059
390,1120,1510,0.13948110699921323
392,1126,1518,0.13950374547003636
389,1136,1525,0.1395216671640373
388,1143,1531,0.13954682063883972
381,1135,1516,0.13957346384032016
378,1131,1509,0.1396150073636004
377,1133,1510,0.13966087551095085
379,1130,1509,0.13970486953112238
383,1130,1513,0.13974110901406467
383,1132,1515,0.13976161780620192
381,1137,1518,0.13977989771806815
380,1145,1525,0.13980237010441102
378,1152,1530,0.13982329522597425
375,1142,1517,0.1398478323650814
369,1148,1517,0.13987984790860603
369,1136,1505,0.13992411550890435
365,1137,1502,0.1399652208049234
372,1150,1522,0.14001391283065362
360,1149,1509,0.14004280464942442
363,1158,1521,0.14009962941490106
357,1159,1516,0.1401479280890195
360,1170,1530,0.14020637836952723
363,1164,1527,0.14025445976331669
354,1152,1506,0.1402938007307517
353,1159,1512,0.1403500613532278
354,1159,1513,0.1404036811137265
354,1153,1507,0.14045048253172676
352,1154,1506,0.1404907140165638
351,1163,1514,0.1405329596012557
353,1168,1521,0.14057589136200493
349,1160,1509,0.14061226509763194
350,1157,1507,0.14065730049804678
352,1164,1516,0.14069450009793075
355,1160,1515,0.1407251956294275
359,1159,1518,0.14074618138344516
362,1151,1513,0.14075568306267144
361,1154,1515,0.14075837897955668
369,1151,1520,0.14076276983819974
364,1142,1506,0.14074702900397631
362,1139,1501,0.14074668298479456
363,1138,1501,0.14075125177509687
357,1139,1496,0.14075245673404935
352,1144,1496,0.14076794368207535
354,1153,1507,0.14079568318459892
353,1156,1509,0.1408175748084843
357,1156,1513,0.14083872596964025
358,1148,1506,0.14084489469593392
355,1164,1519,0.14084972960874065
352,1156,1508,0.14086030302765898
354,1148,1502,0.14087532004188602
351,1158,1509,0.14088416410055163
349,1159,1508,0.14090225079104057
353,1151,1504,0.14092535732129263
345,1150,1495,0.1409355073091473
350,1164,1514,0.14096290963738578
349,1167,1516,0.14097613961888963
346,1166,1512,0.1409900922428202
346,1163,1509,0.14101144878791852
346,1161,1507,0.14103185865334214
341,1160,1501,0.1410505892783681
342,1155,1497,0.1410803146175651
347,1166,1513,0.14110639653290177
348,1169,1517,0.1411213967404618
344,1162,1506,0.14113088613902813
342,1155,1497,0.14115078388596672
341,1150,1491,0.1411743190848683
349,1164,1513,0.1411955940645667
349,1169,1518,0.1411983226432676
342,1175,1517,0.1412005837136055
344,1164,1508,0.1412204156499685
349,1163,1512,0.1412363285598181
349,1153,1502,0.1412371071346595
354,1159,1513,0.14123498085601544
356,1161,1517,0.14122226559047996
347,1168,1515,0.14120508506703014
341,1157,1498,0.1412137980188507
337,1159,1496,0.14123443390154222
331,1172,1503,0.1412644917569196
328,1164,1492,0.14130706896981599
330,1180,1510,0.14135044125167
325,1172,1497,0.14138566228534905
324,1162,1486,0.1414291386402795
324,1170,1494,0.14147413040435872
330,1171,1501,0.14151729842928154
330,1174,1504,0.1415451946225489
336,1188,1524,0.14157114984797634
339,1178,1517,0.14158251842927247
340,1178,1518,0.14158492652084287
335,1184,1519,0.14158740763456
330,1192,1522,0.1416018831367188
328,1193,1521,0.1416273782670865
321,1187,1508,0.14165706109869372
318,1193,1511,0.14169901928280737
329,1194,1523,0.14174598344572506
332,1191,1523,0.1417632140657729
328,1197,1525,0.1417725641517518
330,1196,1526,0.14178982683707744
333,1201,1534,0.1417992513334547
327,1190,1517,0.14180173697942813
326,1191,1517,0.1418191380129695
325,1187,1512,0.14183892549520924
315,1193,1508,0.14185989318898937
320,1196,1516,0.14190256609912694
324,1197,1521,0.14193020068106596
319,1189,1508,0.14194505442105282
310,1177,1487,0.1419717001556991
312,1188,1500,0.14201592097895202
320,1183,1503,0.1420523895863773
319,1181,1500,0.14206776760868983
315,1183,1498,0.14208299210618594
314,1186,1500,0.14210742675413063
312,1188,1500,0.14213313966534236
310,1192,1502,0.1421619806874976
307,1202,1509,0.14219278083853568
310,1199,1509,0.14222999023317912
307,1186,1493,0.14225741741813766
310,1188,1498,0.1422912595960797
308,1198,1506,0.14231486132801563
301,1204,1505,0.14233950971753878
305,1206,1511,0.14237780905328024
301,1209,1510,0.14240404259592543
300,1199,1499,0.1424395562968458
303,1205,1508,0.14247680287916517
307,1203,1510,0.14250260400575865
303,1202,1505,0.14251882014277326
300,1198,1498,0.14254186342717387
298,1209,1507,0.14257321895878416
302,1210,1512,0.14260662724804607
296,1215,1511,0.1426280545148967
298,1213,1511,0.1426639516236054
299,1199,1498,0.1426935276660536
296,1203,1499,0.14271747543369454
292,1204,1496,0.1427464749713242
300,1215,1515,0.1427853997298328
300,1210,1510,0.14280164690542577
294,1214,1508,0.1428180355047695
296,1213,1509,0.14284649140171285
303,1210,1513,0.14286691397806173
307,1212,1519,0.142870443476106
308,1206,1514,0.1428624666943741
312,1204,1516,0.14285040902368343
309,1195,1504,0.14282993436118055
308,1179,1487,0.14281907551350898
302,1186,1488,0.14281290848363307
302,1191,1493,0.14281998943440882
305,1186,1491,0.1428260314596682
307,1195,1502,0.14282488540539887
309,1193,1502,0.14282059999110572
311,1187,1498,0.1428110272623377
313,1189,1502,0.14279669854765584
308,1194,1502,0.14277896021922026
311,1187,1498,0.1427748308982308
314,1195,1509,0.14276410147227667
312,1195,1507,0.14274840461617985
308,1199,1507,0.14273894349124638
313,1205,1518,0.14274069999682973
311,1215,1526,0.1427305451266314
307,1220,1527,0.14272683573826422
309,1215,1524,0.14273409094806
317,1216,1533,0.14273915092841594
306,1217,1523,0.142721220815651
304,1211,1515,0.14273236265362266
301,1206,1507,0.14274897476351373
299,1208,1507,0.1427712756397292
302,1204,1506,0.1427958740070378
303,1206,1509,0.14281334018436592
304,1201,1505,0.1428252498692428
302,1198,1500,0.14283316316052658
301,1205,1506,0.14284642538554984
300,1211,1511,0.14286259599723253
301,1219,1520,0.14287920169579046
305,1212,1517,0.14289106943391064
299,1211,1510,0.14288957994374527
301,1215,1516,0.14290301248097698
298,1199,1497,0.14291047699551684
297,1212,1509,0.14292410686383328
294,1206,1500,0.1429359347366208
298,1217,1515,0.14295557958831104
299,1220,1519,0.14296461466552401
295,1210,1505,0.14297258262250664
303,1223,1526,0.14298926491722758
301,1214,1515,0.14298687798068344
300,1220,1520,0.14298922302647044
300,1215,1515,0.1429927538866796
296,1214,1510,0.14299659764810016
299,1218,1517,0.14301103846014254
299,1211,1510,0.14301640730843712
297,1213,1510,0.1430217354156646
293,1213,1506,0.14303370757375417
296,1221,1517,0.14305499166127286
294,1214,1508,0.1430682259309919
290,1214,1504,0.14308229314479895
293,1221,1514,0.14310515913376182
292,1220,1512,0.1431200326367939
295,1225,1520,0.14313560870452377
300,1223,1523,0.143142147156888
307,1220,1527,0.14313467655914747
304,1217,1521,0.14310958230883114
300,1217,1517,0.14309230674426898
294,1222,1516,0.14308638495745124
298,1214,1512,0.14309552510568604
299,1208,1507,0.1430963159429322
296,1208,1504,0.14309793652210845
300,1213,1513,0.14310595339684426
301,1208,1509,0.143102521364987
298,1218,1516,0.1430969893559489
301,1214,1515,0.14309716568912695
300,1213,1513,0.1430910876050719
300,1209,1509,0.1430879614747962
301,1212,1513,0.1430852088995701
300,1221,1521,0.14308203224412225
296,1218,1514,0.14308265022765693
294,1227,1521,0.14309326301590122
290,1216,1506,0.14311040399056218
294,1218,1512,0.1431367349509026
291,1222,1513,0.14315435416395644
284,1230,1514,0.14317778084013685
284,1220,1504,0.14321560982505321
288,1226,1514,0.14324782281761597
277,1232,1509,0.14326626711145124
280,1234,1514,0.14331006383659506
280,1229,1509,0.14334248552797824
280,1228,1508,0.1433718771118814
279,1233,1512,0.14340079566507732
275,1235,1510,0.14343093166590817
276,1231,1507,0.14346831650210873
275,1225,1500,0.14350126526501875
273,1222,1495,0.14353326629724583
273,1233,1506,0.14356784120434113
268,1244,1512,0.14360001363355526
266,1242,1508,0.14364208864651096
262,1250,1512,0.1436870009834189
271,1245,1516,0.14373748460376287
270,1245,1515,0.14376480453530607
262,1243,1505,0.1437922210264572
257,1245,1502,0.14383802810819737
265,1240,1505,0.1438915594652324
263,1240,1503,0.14392000152565987
261,1243,1504,0.14395197742360757
260,1254,1514,0.1439846440721361
262,1247,1509,0.14401769470427933
263,1249,1512,0.14404639419449888
268,1249,1517,0.14407071234167845
260,1257,1517,0.14407954713855597
259,1260,1519,0.1441071701113355
259,1261,1520,0.14413639453940136
264,1265,1529,0.14416275504838372
267,1269,1536,0.14417520916230547
261,1249,1510,0.14417955564112808
258,1251,1509,0.14419655370545967
256,1257,1513,0.14421968884057143
252,1269,1521,0.14424796361865555
249,1268,1517,0.14428197088959904
251,1257,1508,0.14432202367330318
248,1262,1510,0.14435282022477558
247,1264,1511,0.14438867571103833
250,1269,1519,0.14442412092392776
251,1271,1522,0.14445064099988625
255,1265,1520,0.14447296081735903
254,1256,1510,0.14448501407100647
250,1256,1506,0.14450106559998394
249,1257,1506,0.14452502119535432
244,1257,1501,0.14454774229846687
242,1267,1509,0.14458147555314654
240,1285,1525,0.1446205079759624
244,1276,1520,0.14465870996483518
245,1263,1508,0.1446862741043519
243,1258,1501,0.14470675595553764
251,1268,1519,0.1447296588176776
247,1273,1520,0.1447337555479396
243,1256,1499,0.14474816721120212
244,1257,1501,0.1447711337846959
244,1270,1514,0.1447928946196533
248,1274,1522,0.14481297574192872
245,1279,1524,0.14482191297013855
241,1273,1514,0.1448381487421505
237,1270,1507,0.1448618384346828
240,1268,1508,0.1448934116215819
238,1271,1509,0.14491721192876153
241,1271,1512,0.14494332305236696
241,1284,1525,0.14496151430657833
240,1281,1521,0.14497881787422093
240,1281,1521,0.1449973718487405
237,1290,1527,0.14501782443262795
238,1264,1502,0.14504447992093716
241,1271,1512,0.14506638274136538
242,1273,1515,0.1450775644735784
244,1275,1519,0.14508606435399507
238,1267,1505,0.14508863481462123
235,1268,1503,0.14510549432768768
231,1273,1504,0.14512765127030758
232,1269,1501,0.14515671196828794
227,1279,1506,0.14518289374652288
230,1274,1504,0.1452181615350513
228,1278,1506,0.14524460370326342
223,1277,1500,0.1452735681633238
223,1283,1506,0.14531301275646175
224,1283,1507,0.14535003931210835
229,1290,1519,0.1453825034914968
226,1300,1526,0.14539795519178964
224,1299,1523,0.14541847902870525
224,1293,1517,0.1454435457865423
227,1291,1518,0.14546715644527228
227,1289,1516,0.14548250374036448
226,1294,1520,0.14549605848608657
225,1284,1509,0.14551202279275696
220,1290,1510,0.14553109159324162
220,1285,1505,0.14555928664444281
214,1289,1503,0.14558688431951208
213,1298,1511,0.14562676756484463
214,1288,1502,0.1456677852403971
211,1280,1491,0.14570440892291764
209,1293,1502,0.14574579160134832
205,1301,1506,0.14578910797028757
200,1318,1518,0.1458355088247255
198,1330,1528,0.14589200697681076
194,1328,1522,0.14594981234367263
195,1322,1517,0.14601345641602134
194,1332,1526,0.14607057293812817
190,1329,1519,0.1461282012666322
191,1332,1523,0.1461918562284145
193,1320,1513,0.1462476527536827
196,1326,1522,0.1462942709628296
198,1330,1528,0.14633059771332277
188,1323,1511,0.14635867590561677
193,1332,1525,0.14641007553833402
194,1328,1522,0.14644564704188487
199,1325,1524,0.14647582709852836
191,1334,1525,0.14649277964578894
191,1337,1528,0.14652963916466047
191,1331,1522,0.14656439021935797
187,1329,1516,0.14659770503449868
183,1324,1507,0.14663677878002918
185,1330,1515,0.14668095268296658
184,1333,1517,0.1467164433927201
177,1324,1501,0.1467528222026569
178,1330,1508,0.1468045524745664
177,1324,1501,0.14685059205475925
177,1331,1508,0.14689543416053993
178,1348,1526,0.14693661531588764
178,1347,1525,0.14697349316180713
180,1337,1517,0.1470070411747731
183,1329,1512,0.14703420147233653
184,1329,1513,0.1470524790472531
183,1328,1511,0.14706660674536198
185,1339,1524,0.1470841544365563
183,1331,1514,0.1470964105135807
184,1324,1508,0.1471135531525436
184,1333,1517,0.1471254230750816
187,1339,1526,0.14713712436485926
188,1342,1530,0.14713743274556673
182,1346,1528,0.14713433099679177
177,1339,1516,0.14714677699478906
175,1338,1513,0.14717129773203205
178,1352,1530,0.14719915525248126
178,1366,1544,0.14721900544303326
180,1350,1530,0.14723816408219115
181,1324,1505,0.14724971810528265
177,1328,1505,0.147256826240296
177,1323,1500,0.14727254931473566
176,1340,1516,0.14728679200767972
172,1351,1523,0.14730321594475065
174,1348,1522,0.14732805104169708
171,1351,1522,0.14734780771757655
172,1347,1519,0.14737466286070725
174,1352,1526,0.14739792521150213
170,1352,1522,0.14741566252156005
169,1350,1519,0.14744375321602127
168,1352,1520,0.14747328941441865
169,1353,1522,0.14750210161351174
169,1346,1515,0.14752557320422097
168,1345,1513,0.14754659542026982
166,1348,1514,0.1475708957980476
167,1359,1526,0.1475971397858249
168,1352,1520,0.14761901289840118
165,1349,1514,0.14763756298135508
164,1360,1524,0.1476630486054444
165,1351,1516,0.1476901951307167
167,1350,1517,0.14771256671932187
169,1343,1512,0.1477277037032399
165,1348,1513,0.14773577454371
158,1340,1498,0.14775312375563415
158,1338,1496,0.14778583132313597
159,1345,1504,0.14781782298162868
159,1342,1501,0.14784503287480102
161,1338,1499,0.14786660300861731
160,1342,1502,0.14788247869140547
160,1341,1501,0.14790179580824794
159,1360,1519,0.1479198384126204
158,1361,1519,0.14794003044404558
160,1353,1513,0.1479600426119239
163,1354,1517,0.14797373741238595
156,1365,1521,0.14797940362921116
154,1358,1512,0.14800292837477214
151,1370,1521,0.14802949683928732
147,1377,1524,0.1480623194034095
152,1382,1534,0.14810196935278358
152,1389,1541,0.14812498741853242
152,1372,1524,0.14814695319107166
148,1356,1504,0.14816651922909066
147,1337,1484,0.14819433645666666
146,1363,1509,0.14822191571009177
146,1373,1519,0.14825050427091788
141,1370,1511,0.1482773470545586
138,1374,1512,0.1483139943867895
141,1369,1510,0.14835656471443592
138,1370,1508,0.1483888318032107
141,1361,1502,0.14842574294960412
146,1362,1508,0.14845316618237653
147,1354,1501,0.1484651002451031
144,1367,1511,0.14847423914136054
140,1364,1504,0.14849152208799016
137,1375,1512,0.1485183419621226
137,1375,1512,0.14854921441496366
138,1379,1517,0.14857927627449785
140,1368,1508,0.14860443276063376
139,1379,1518,0.1486233900317732
138,1373,1511,0.14864312850653305
137,1368,1505,0.1486623413560279
131,1364,1495,0.14868290247647867
136,1353,1489,0.14871715559860604
137,1358,1495,0.14873446145080021
138,1374,1512,0.14874923139872884
132,1372,1504,0.14876109259409287
129,1377,1506,0.14878623846767627
130,1387,1517,0.1488182358658883
128,1370,1498,0.14884739089228344
129,1374,1503,0.148879464155532
129,1378,1507,0.14890735667948352
130,1376,1506,0.14893261346859463
132,1375,1507,0.1489544392340375
129,1366,1495,0.1489698100989666
134,1380,1514,0.1489899578685059
133,1388,1521,0.1489959371712823
129,1391,1520,0.14900476335709378
124,1393,1517,0.14902350166255898
121,1400,1521,0.1490539147773687
124,1381,1505,0.14908940741132376
125,1368,1493,0.14911684654468174
124,1401,1525,0.14913888828882804
124,1394,1518,0.1491618383460715
124,1402,1526,0.14918433687739932
123,1391,1514,0.14920621336199955
125,1397,1522,0.14922792189252435
124,1403,1527,0.14924334966942648
124,1407,1531,0.1492616011617163
124,1403,1527,0.1492787173582802
123,1395,1518,0.14929535760139942
119,1398,1517,0.1493114548233086
124,1394,1518,0.1493350353175974
122,1394,1516,0.14934542964931652
122,1405,1527,0.14935866067366202
121,1405,1526,0.14937244485026974
121,1406,1527,0.14938795486691575
123,1399,1522,0.14940380161115352
122,1385,1507,0.14941398816489448
123,1387,1510,0.1494255617682069
122,1394,1516,0.14943299986644118
120,1394,1514,0.14944156123388277
120,1399,1519,0.14945492989535678
121,1403,1524,0.14946712686319225
122,1409,1531,0.1494748061378175
124,1395,1519,0.14947949490405613
120,1384,1504,0.14948041030586165
120,1379,1499,0.14949059032107712
120,1370,1490,0.14949965257851175
123,1367,1490,0.14950797678867483
124,1368,1492,0.14950967825163175
125,1363,1488,0.14950833469057948
127,1372,1499,0.14950444804987087
126,1382,1508,0.14949567312054599
124,1386,1510,0.1494891260617258
126,1399,1525,0.1494884589537634
125,1405,1530,0.14948421806603013
125,1398,1523,0.14948286535704117
121,1406,1527,0.149482583639955
119,1415,1534,0.14949178686170161
116,1412,1528,0.14950579975398295
115,1398,1513,0.14952675769275678
114,1408,1522,0.14954795785521666
112,1411,1523,0.1495702940516437
114,1394,1508,0.14959587737615515
117,1401,1518,0.14961521250695875
118,1387,1505,0.1496262153493927
116,1391,1507,0.1496340060939966
116,1389,1505,0.14964444068310165
119,1392,1511,0.14965423878465814
115,1398,1513,0.1496549890589673
116,1395,1511,0.14966538407088809
115,1392,1507,0.14967445447324476
116,1392,1508,0.14968429300330352
120,1397,1517,0.14969107005601487
123,1384,1507,0.14968787900366304
128,1380,1508,0.14967807151178547
125,1373,1498,0.1496544652622791
123,1382,1505,0.14964089148186638
123,1394,1517,0.14963232181408784
121,1386,1507,0.14962551913829525
124,1393,1517,0.14962479350571878
127,1390,1517,0.14961685752871384
128,1386,1514,0.14960138869693135
131,1387,1518,0.14958514085052005
134,1391,1525,0.14956090949794695
135,1389,1524,0.1495301848005197
135,1394,1529,0.14949970256179734
135,1383,1518,0.14947184051508838
133,1394,1527,0.1494447430594192
131,1397,1528,0.14942635105987798
131,1394,1525,0.1494142419306825
130,1391,1521,0.14940342898701542
129,1401,1530,0.14939602781985153
131,1392,1523,0.14939253289980697
131,1400,1531,0.14938234581606213
133,1398,1531,0.14937358450830363
130,1401,1531,0.1493607343542291
131,1390,1521,0.14935444902379574
132,1389,1521,0.149347243505845
128,1383,1511,0.14933679627875396
126,1374,1500,0.14933764384686227
129,1369,1498,0.1493447157813182
132,1380,1512,0.149342080927394
132,1388,1520,0.1493316330756011
134,1385,1519,0.14932321284067723
133,1395,1528,0.1493082126758302
132,1390,1522,0.1492968307876434
129,1389,1518,0.14928852210533497
126,1391,1517,0.14928895631396982
124,1387,1511,0.14929741136941924
119,1388,1507,0.14931046603977582
119,1398,1517,0.14933464305776212
118,1393,1511,0.14935915278208742
117,1389,1506,0.1493847374364307
121,1385,1506,0.14941227629234927
121,1387,1508,0.14942681851318415
115,1401,1516,0.14944117126951006
112,1408,1520,0.14946901110294228
115,1398,1513,0.14950253374172026
116,1402,1518,0.14952662300881292
115,1409,1524,0.1495437803865784
112,1404,1516,0.14956293457774414
113,1394,1507,0.14958749634800106
109,1409,1518,0.14960689803653293
110,1409,1519,0.1496350800706497
106,1404,1510,0.1496581292627087
105,1399,1504,0.14968971794061006
105,1416,1521,0.14972243875096347
105,1417,1522,0.1497535988879643
104,1417,1521,0.14978316711950895
105,1401,1506,0.14981449255281137
105,1407,1512,0.14984016548160145
104,1403,1507,0.149864317069697
100,1409,1509,0.14989046609630488
101,1408,1509,0.14992355755917697
97,1404,1501,0.149952554008232
98,1417,1515,0.14998821194104933
99,1412,1511,0.150019468027828
97,1415,1512,0.15004733390048894
92,1424,1516,0.15007754556099473
88,1402,1490,0.150118470629852
91,1411,1502,0.15016606802284854
88,1419,1507,0.150202381002821
92,1420,1512,0.15024188456619453
97,1428,1525,0.15026743805228868
97,1438,1535,0.15027982610543622
98,1424,1522,0.1502917703050767
98,1428,1526,0.15029938538792467
97,1430,1527,0.15030734937438467
97,1425,1522,0.15031740068251678
96,1426,1522,0.150326026288994
97,1419,1516,0.15033673810607537
97,1403,1500,0.15034428771684005
96,1410,1506,0.15035053403429213
100,1409,1509,0.15035692399115339
99,1410,1509,0.15035438359488854
97,1414,1511,0.1503554993319019
102,1406,1508,0.15036157494757998
104,1416,1520,0.15035257379777908
101,1412,1513,0.1503411557268627
100,1407,1507,0.15033777878733065
100,1406,1506,0.1503375014808849
102,1421,1523,0.15033684235311745
102,1421,1523,0.15033019027997493
99,1410,1509,0.15032435138947342
101,1410,1511,0.15032697694005914
100,1405,1505,0.15032357925680512
98,1412,1510,0.15032421153841613
100,1412,1512,0.15032760698253425
104,1412,1516,0.15032592549606372
104,1405,1509,0.1503137514499233
106,1394,1500,0.15030267322015828
102,1396,1498,0.15028757035733245
101,1397,1498,0.15028425373369628
101,1408,1509,0.15028485379315565
102,1414,1516,0.1502861529320358
100,1410,1510,0.15028483666498854
100,1419,1519,0.15028785295461297
100,1409,1509,0.1502918946161802
97,1404,1501,0.15029645338986497
92,1408,1500,0.15030852658483454
93,1421,1514,0.15033238048907832
92,1416,1508,0.150352650774028
91,1428,1519,0.15037342866305184
90,1423,1513,0.1503964776603857
89,1416,1505,0.1504191244437847
91,1425,1516,0.1504417233025085
93,1426,1519,0.15045842954552108
92,1427,1519,0.15046870333689125
94,1426,1520,0.1504816881814994
93,1422,1515,0.15048628781719897
88,1427,1515,0.1504925578568545
90,1427,1517,0.15051130917494457
92,1425,1517,0.15052364694779194
91,1430,1521,0.15053024156893585
92,1422,1514,0.15053889390808384
91,1427,1518,0.15054512083056346
91,1434,1525,0.15055427485183642
93,1436,1529,0.15056293763415876
95,1422,1517,0.15056538594259064
95,1427,1522,0.15056215536454842
92,1417,1509,0.1505595770769331
91,1425,1516,0.15056523641672187
89,1433,1522,0.150571845370559
90,1411,1501,0.15058281603001358
92,1411,1503,0.1505900250517541
93,1411,1504,0.15059256034566418
91,1414,1505,0.15059237372725925
93,1420,1513,0.15059871323291596
92,1418,1510,0.15059999826100376
90,1423,1513,0.1506050725221053
90,1422,1512,0.15061529018263814
90,1427,1517,0.15062371708573724
90,1424,1514,0.1506310081060827
88,1430,1518,0.1506378261416287
89,1427,1516,0.1506485272491104
92,1427,1519,0.15065505729730383
95,1423,1518,0.15065261804566837
93,1420,1513,0.15064234738940466
94,1417,1511,0.15063813824405445
90,1424,1514,0.15063254669296483
91,1417,1508,0.15063660750357563
89,1419,1508,0.15063756337856968
88,1428,1516,0.15064186696978316
87,1437,1524,0.15064901549473245
90,1416,1506,0.1506587614907928
86,1421,1507,0.1506608377504508
82,1431,1513,0.1506739092079244
81,1426,1507,0.15069535900747744
82,1429,1511,0.15071792224271557
83,1439,1522,0.15073691710529538
83,1439,1522,0.15075261991129263
84,1445,1529,0.150766446547906
86,1440,1526,0.1507775526313636
88,1429,1517,0.15078154063165494
89,1439,1528,0.15077913005008575
88,1446,1534,0.15077554304642768
86,1444,1530,0.15077389176651082
87,1436,1523,0.15077819658085764
86,1423,1509,0.15078093000995424
84,1426,1510,0.15078602007290887
84,1421,1505,0.15079609256658444
84,1419,1503,0.15080443020424245
85,1423,1508,0.15081287002995722
84,1419,1503,0.15081875907857287
87,1437,1524,0.15082765332421125
86,1440,1526,0.15082728713118929
86,1431,1517,0.15082935711917184
86,1441,1527,0.15083133061528858
84,1441,1525,0.15083427488889944
84,1439,1523,0.15084158199815667
85,1442,1527,0.15084870049336954
84,1434,1518,0.15085265732154482
82,1436,1518,0.15085950617862573
81,1432,1513,0.15087034107498046
82,1422,1504,0.15088370288700242
84,1420,1504,0.1508934054365022
87,1418,1505,0.15089636224908456
86,1434,1520,0.15089231748845955
83,1437,1520,0.1508916920388786
82,1432,1514,0.15089801028153527
83,1438,1521,0.15090624897109015
81,1420,1501,0.15091083389710017
83,1427,1510,0.1509191607997363
84,1432,1516,0.15092148412293238
84,1424,1508,0.15092172071674914
83,1421,1504,0.1509221283638982
80,1427,1507,0.15092508031767768
82,1428,1510,0.15093460157809996
82,1424,1506,0.15094031820282883
86,1424,1510,0.1509456995818028
88,1427,1515,0.15093937683240902
83,1428,1511,0.15092727079227708
82,1430,1512,0.15092808510354763
85,1439,1524,0.1509313563523179
84,1444,1528,0.15092624090443713
84,1433,1517,0.15092520144948698
82,1415,1497,0.15092562890410322
85,1418,1503,0.15093131085944061
89,1414,1503,0.15092704309019184
88,1416,1504,0.15091010287457995
86,1428,1514,0.15089654495627328
86,1430,1516,0.15088956130806486
82,1424,1506,0.15088399166395228
87,1425,1512,0.1508890678668909
88,1422,1510,0.15088051078971887
89,1421,1510,0.15086984746009988
92,1435,1527,0.15085620523846238
89,1423,1512,0.15083762216825053
87,1436,1523,0.15082823647948604
88,1447,1535,0.15082523256420327
85,1432,1517,0.1508207218021379
85,1428,1513,0.15082357175377278
85,1440,1525,0.15082663897642726
84,1436,1520,0.1508305535372675
82,1422,1504,0.1508365526190663
82,1415,1497,0.15084713134488253
82,1430,1512,0.1508575071481545
78,1435,1513,0.15086668298727587
79,1440,1519,0.15088436544830708
79,1442,1521,0.15089892628490745
78,1445,1523,0.15091366181356208
78,1448,1526,0.15093054024847102
77,1462,1539,0.1509451886609681
76,1451,1527,0.1509610982431747
74,1448,1522,0.15097935497636686
73,1456,1529,0.1510024870402934
71,1457,1528,0.15102574099655777
74,1451,1525,0.15105233730424839
72,1442,1514,0.15106981803219754
73,1441,1514,0.15109064701441383
73,1448,1521,0.1511067804121765
74,1444,1518,0.15112251723501216
73,1433,1506,0.15113400873284324
72,1428,1500,0.15114815623199526
70,1411,1481,0.15116467407932757
69,1425,1494,0.15118486998525538
72,1441,1513,0.151205796186637
73,1446,1519,0.15121729957154176
72,1443,1515,0.1512253361504642
72,1446,1518,0.15123482199144123
72,1443,1515,0.1512447786402449
69,1447,1516,0.15125519436194618
71,1442,1513,0.15127258066894775
71,1440,1511,0.15128386033569854
71,1441,1512,0.1512944310951197
72,1436,1508,0.15130470069913454
71,1440,1511,0.151312843767887
73,1432,1505,0.1513235722622039
71,1434,1505,0.15132924340007375
70,1448,1518,0.15133711467526242
66,1445,1511,0.15134761866201152
67,1453,1520,0.15136737485021398
67,1450,1517,0.1513821899652748
69,1445,1514,0.15139727328510236
63,1441,1504,0.151406515559406
61,1444,1505,0.15142933779692436
63,1457,1520,0.15145553841619827
64,1451,1515,0.15147419317714725
65,1452,1517,0.1514892556699483
63,1439,1502,0.15150144087033468
65,1441,1506,0.1515172863057478
64,1447,1511,0.15152646009126006
63,1456,1519,0.1515382108652828
66,1459,1525,0.1515512439314571
66,1451,1517,0.151555948562217
67,1446,1513,0.15156080422753013
64,1449,1513,0.1515630092911125
61,1455,1516,0.1515732620995389
62,1457,1519,0.15159045928379297
61,1452,1513,0.15160497014774776
61,1441,1502,0.1516202676746226
59,1445,1504,0.1516342867391116
59,1462,1521,0.15165247390234246
59,1462,1521,0.15166974944838302
59,1454,1513,0.1516864491776553
56,1451,1507,0.15170219619865855
56,1445,1501,0.1517229782148494
56,1449,1505,0.1517399904695952
56,1457,1513,0.1517566398361191
58,1452,1510,0.1517720536135199
64,1442,1506,0.151782426247996
63,1443,1506,0.1517740638025281
64,1426,1490,0.15177021221119147
62,1446,1508,0.1517644301485775
64,1441,1505,0.15176446777661964
60,1442,1502,0.1517600461178574
57,1449,1506,0.1517659744816284
55,1455,1510,0.15177795794457682
54,1467,1521,0.15179495560336675
53,1467,1520,0.15181368660866945
54,1467,1521,0.15183455757320094
57,1461,1518,0.15185094892736664
59,1457,1516,0.1518590840147424
60,1441,1501,0.15186094030455918
63,1438,1501,0.15185901666269472
63,1448,1511,0.15184947420578193
65,1447,1512,0.15184004154585856
63,1440,1503,0.15182473368276284
61,1450,1511,0.1518149678707785
61,1445,1506,0.15180973554534805
62,1458,1520,0.15180581416558123
64,1472,1536,0.1518009653551039
66,1470,1536,0.1517910999169228
62,1459,1521,0.15177529837609813
63,1474,1537,0.15177116564738513
64,1456,1520,0.15176452636673332
65,1461,1526,0.15175514529349993
62,1454,1516,0.1517445392688323
60,1444,1504,0.15174297022353797
62,1456,1518,0.151745671080398
61,1451,1512,0.15174272085648993
60,1456,1516,0.15174259169363224
59,1455,1514,0.15174572486394633
58,1468,1526,0.15175231550400795
59,1470,1529,0.1517617281007166
58,1480,1538,0.15176791565570602
55,1466,1521,0.1517766268002656
56,1447,1503,0.15179203316372317
56,1450,1506,0.15180310319164853
58,1459,1517,0.15181338969599315
59,1452,1511,0.1518184840044486
57,1449,1506,0.1518212131072026
56,1452,1508,0.15182944308562837
58,1450,1508,0.15184024373781213
57,1457,1514,0.15184547259117154
57,1458,1515,0.1518522989292972
57,1454,1511,0.15185876233520554
58,1449,1507,0.1518621281249659
55,1451,1506,0.15186318877595759
58,1455,1513,0.15187274732030653
58,1453,1511,0.1518737220144743
57,1458,1515,0.15187619642424255
55,1461,1516,0.15188078537101066
55,1468,1523,0.1518903584613386
55,1457,1512,0.1519003689795249
54,1461,1515,0.15190856251376597
56,1462,1518,0.15191977334032408
55,1464,1519,0.1519250273809212
54,1473,1527,0.15193206445467983
49,1475,1524,0.15194181638000756
52,1465,1517,0.15196257451709227
52,1461,1513,0.1519749527087474
51,1465,1516,0.15198528588215585
51,1469,1520,0.15199687493218314
52,1457,1509,0.1520070184452324
51,1468,1519,0.15201341672859633
50,1469,1519,0.1520223377741755
54,1477,1531,0.15203327254991525
53,1464,1517,0.15203495450504556
54,1458,1512,0.15204001182645666
54,1454,1508,0.15204146848564626
54,1462,1516,0.1520437589548551
54,1471,1525,0.15204672423922644
52,1471,1523,0.15205017371255738
54,1462,1516,0.15205837077468826
56,1454,1510,0.15205938938514763
55,1452,1507,0.15205428113388406
54,1460,1514,0.15205267921085291
56,1458,1514,0.1520530969484317
58,1454,1512,0.15204686917998272
60,1434,1494,0.15203458079375318
59,1445,1504,0.15201902070469772
60,1452,1512,0.1520070754448601
64,1453,1517,0.15199385845821398
65,1455,1520,0.1519707111176496
62,1460,1522,0.15194716887860527
63,1453,1516,0.15193335386483475
63,1452,1515,0.1519190226551635
63,1448,1511,0.15190674058407708
64,1466,1530,0.15189570217775825
63,1455,1518,0.15188349111067562
61,1453,1514,0.15187545710422196
60,1443,1503,0.15187160851701312
58,1447,1505,0.15187113233129923
58,1440,1498,0.15187493780106606
56,1453,1509,0.15187934780098933
57,1439,1496,0.1518881719217982
58,1444,1502,0.1518938298990718
56,1452,1508,0.15189665271333566
56,1465,1521,0.15190335536562094
55,1470,1525,0.15190938290657738
55,1465,1520,0.15191806388348492
56,1456,1512,0.15192548446146578
53,1445,1498,0.1519289216209399
52,1444,1496,0.15194060900205833
52,1437,1489,0.1519543702877382
51,1441,1492,0.15196701960646813
52,1443,1495,0.15198052209185423
52,1443,1495,0.15198966219266222
53,1450,1503,0.15199888020102664
54,1451,1505,0.15200582969854515
53,1459,1512,0.15200988791070785
53,1450,1503,0.1520167436503836
53,1458,1511,0.15202277548035462
56,1467,1523,0.15202908464924264
56,1458,1514,0.15202598518544805
56,1457,1513,0.15202406245261835
54,1469,1523,0.15202105529185733
55,1460,1515,0.1520225088260198
56,1450,1506,0.15202235960978297
57,1467,1524,0.15201990070603733
57,1469,1526,0.15201425160971793
57,1473,1530,0.15200899458502293
53,1474,1527,0.15200514430025172
53,1453,1506,0.1520122957172475
54,1464,1518,0.1520196657385858
54,1461,1515,0.15202390701487148
56,1462,1518,0.1520286558249101
55,1463,1518,0.1520282383095752
60,1445,1505,0.1520307394234666
61,1442,1503,0.1520184789464475
61,1447,1508,0.15200323360860213
58,1453,1511,0.15199011915268834
58,1459,1517,0.1519846581400355
58,1456,1514,0.15198057657140732
57,1458,1515,0.15197756500263093
59,1455,1514,0.15197730097097642
61,1453,1514,0.1519721554008253
61,1455,1516,0.15196262253056386
62,1460,1522,0.15195355269583438
61,1454,1515,0.15194274772447572
60,1453,1513,0.1519362009626307
60,1461,1521,0.1519333923621823
59,1458,1517,0.15193016234797896
61,1466,1527,0.15192964138130344
59,1464,1523,0.15192463130857575
57,1467,1524,0.1519250180283193
55,1468,1523,0.15192927044895468
55,1479,1534,0.15193840567211173
55,1458,1513,0.15194717876407113
58,1463,1521,0.15195488905091084
58,1463,1521,0.1519544004174174
57,1459,1516,0.1519547305658754
59,1458,1517,0.1519575192401264
57,1456,1513,0.1519556725595549
55,1463,1518,0.15195897322645385
54,1468,1522,0.15196754223563572
55,1461,1516,0.15197825292253891
56,1467,1523,0.1519865666932726
55,1467,1522,0.15199157979730885
56,1467,1523,0.1519979052727102
57,1460,1517,0.15200184220630145
56,1459,1515,0.15200384531652122
56,1465,1521,0.15200770078709502
55,1460,1515,0.1520118286774985
53,1454,1507,0.15201711840930793
55,1456,1511,0.15202621165585448
56,1457,1513,0.1520285720622245
56,1459,1515,0.15202909135955242
55,1448,1503,0.1520291875221828
56,1444,1500,0.15203119229770878
56,1461,1517,0.152030704786926
52,1468,1520,0.15203102166098426
54,1458,1512,0.1520406654576637
56,1466,1522,0.15204482709232298
57,1461,1518,0.1520447156560374
57,1464,1521,0.15204203005430997
56,1464,1520,0.15204021485977198
54,1456,1510,0.15204135822664447
54,1449,1503,0.15204735796958108
55,1447,1502,0.1520532663057437
54,1454,1508,0.15205505985943826
52,1465,1517,0.15205959605319655
51,1452,1503,0.15206905075316648
49,1456,1505,0.15208057854140453
50,1465,1515,0.15209659600547687
53,1455,1508,0.15210898809895526
53,1465,1518,0.15211240941048054
52,1458,1510,0.15211568909169507
52,1456,1508,0.15212160528872165
53,1469,1522,0.15212653729635683
53,1459,1512,0.15212743527110156
50,1450,1500,0.15212743987343277
51,1461,1512,0.15213463923321574
51,1458,1509,0.15213989602259137
53,1471,1524,0.15214415991123648
53,1460,1513,0.15214431488893132
53,1457,1510,0.15214485454736706
52,1457,1509,0.15214590621199342
52,1457,1509,0.1521500774552093
51,1465,1516,0.15215408876428155
47,1466,1513,0.15216046149975762
46,1463,1509,0.15217577191652487
47,1468,1515,0.1521927183639524
48,1468,1516,0.15220643050474944
50,1456,1506,0.15221597010285062
48,1440,1488,0.15221890536197638
48,1446,1494,0.1522265484295551
46,1455,1501,0.15223426929935382
47,1453,1500,0.1522452304804718
47,1471,1518,0.15225274989197302
45,1479,1524,0.1522603907538995
46,1471,1517,0.15227244180196498
45,1460,1505,0.15228174585861004
45,1449,1494,0.1522931404592322
46,1463,1509,0.15230296637029891
47,1472,1519,0.15230946349545416
47,1473,1520,0.15231182593463644
48,1465,1513,0.15231395094722253
48,1481,1529,0.15231378350825875
47,1476,1523,0.15231436293699838
47,1472,1519,0.15231699092752987
48,1472,1520,0.1523198728185588
49,1468,1517,0.15231893611038705
48,1454,1502,0.15231557313559263
47,1460,1507,0.15231537187848507
47,1469,1516,0.15231696198377326
47,1474,1521,0.15231824777635836
46,1461,1507,0.15231971413570275
44,1466,1510,0.15232399377869985
46,1474,1520,0.15233292747344965
48,1463,1511,0.15233686509781655
51,1477,1528,0.15233361392602293
53,1467,1520,0.15232269618270503
50,1463,1513,0.15230699694334368
49,1460,1509,0.1523010026414822
46,1463,1509,0.1522973677958423
46,1458,1504,0.15230154634597276
48,1461,1509,0.15230656592229422
46,1469,1515,0.1523066574575324
47,1482,1529,0.15231167033760806
50,1474,1524,0.15231463453728902
46,1470,1516,0.15230882100475074
47,1466,1513,0.15231204711523158
49,1463,1512,0.1523135290087785
49,1474,1523,0.1523104827380551
49,1469,1518,0.15230769553588766
47,1468,1515,0.15230588359604114
48,1458,1506,0.15230878484763405
45,1462,1507,0.1523091824789882
47,1472,1519,0.15231679092944544
46,1464,1510,0.15232002982125561
47,1468,1515,0.15232575329703063
46,1453,1499,0.15232841861321614
49,1461,1510,0.15233367403830533
50,1454,1504,0.15232823368527318
51,1456,1507,0.15232094765619927
52,1479,1531,0.15231269554886998
49,1481,1530,0.15230282535214104
48,1485,1533,0.15230101197203733
49,1480,1529,0.15230222496625875
47,1472,1519,0.15230041286751528
48,1461,1509,0.15230392018781364
49,1463,1512,0.1523056588512882
48,1467,1515,0.15230441441694836
49,1461,1510,0.15230474890992712
49,1464,1513,0.1523032151198371
50,1459,1509,0.15230136780456519
50,1460,1510,0.15229804856336618
48,1462,1510,0.15229548191634937
46,1460,1506,0.15229805584644038
45,1456,1501,0.15230525813742002
47,1460,1507,0.15231452214415842
48,1451,1499,0.15231919872313898
48,1470,1518,0.15232139323955482
50,1469,1519,0.1523218190602426
50,1474,1524,0.15231725850232886
49,1468,1517,0.1523135678273145
49,1457,1506,0.152312874657538
47,1455,1502,0.15231169661452149
46,1465,1511,0.15231454587111898
47,1468,1515,0.15232012137081216
50,1476,1526,0.152322143908323
46,1475,1521,0.1523162523721432
47,1467,1514,0.15232010607176621
47,1462,1509,0.15232054145639862
46,1465,1511,0.15232063374019034
48,1469,1517,0.15232455182428872
49,1462,1511,0.15232223558508032
49,1474,1523,0.15231814115200107
50,1487,1537,0.15231450572040195
46,1471,1517,0.1523092029426658
49,1467,1516,0.15231415420254873
46,1471,1517,0.15231192651437292
46,1463,1509,0.15231732303534895
46,1464,1510,0.1523230506947854
46,1470,1516,0.15232898576529777
46,1470,1516,0.1523350616380459
44,1468,1512,0.1523409351534337
41,1463,1504,0.15235122926775155
41,1465,1506,0.1523670645104773
42,1464,1506,0.1523822315073632
41,1472,1513,0.15239459729857216
42,1473,1515,0.15240900956678857
37,1485,1522,0.15242061041023539
39,1485,1524,0.15244272816327073
39,1490,1529,0.1524592234862442
42,1486,1528,0.15247395563412236
40,1465,1505,0.15247987276835226
39,1470,1509,0.15249044223735703
38,1480,1518,0.15250302910166963
35,1482,1517,0.15251747174207725
35,1479,1514,0.15253778792797146
36,1465,1501,0.15255602932663945
37,1469,1506,0.15257121445246968
37,1463,1500,0.15258251669080772
36,1475,1511,0.15259240868619717
36,1464,1500,0.1526044562547439
36,1464,1500,0.15261616809638992
36,1478,1514,0.15262643652544533
35,1472,1507,0.1526365081947759
36,1475,1511,0.15264850220511128
36,1481,1517,0.1526556507821526
35,1487,1522,0.15266285766628648
35,1469,1504,0.15267249724879745
35,1464,1499,0.15268197096046543
34,1479,1513,0.15269036748025175
34,1477,1511,0.15270116439784837
34,1482,1516,0.152711659838303
32,1469,1501,0.15272183752941676
34,1471,1505,0.15273660148810592
36,1461,1497,0.15274521619184697
35,1472,1507,0.15274750373128182
34,1477,1511,0.15275222836996727
33,1481,1514,0.15275921783356836
31,1480,1511,0.15276833782777305
32,1487,1519,0.15278196782254255
34,1483,1517,0.1527917829278776
34,1495,1529,0.15279482774246447
33,1504,1537,0.1527981922678073
31,1494,1525,0.1528039688551937
31,1484,1515,0.15281413784797404
31,1481,1512,0.15282406177174468
32,1478,1510,0.15283421774463699
31,1480,1511,0.15284097973913582
31,1478,1509,0.15284981079501328
31,1480,1511,0.15285800296252058
31,1476,1507,0.152864969376905
30,1485,1515,0.15287188119279133
32,1489,1521,0.15288089173769337
33,1478,1511,0.15288312231430493
34,1476,1510,0.15288245986919194
35,1480,1515,0.15287802241854467
36,1479,1515,0.15287128521109675
37,1496,1533,0.15286340031726522
36,1479,1515,0.15285370082591995
37,1464,1501,0.15284745163376148
36,1471,1507,0.15283895815813672
36,1484,1520,0.15283440713516924
36,1484,1520,0.1528296309878504
36,1484,1520,0.15282574878129343
36,1479,1515,0.15282157780948447
36,1487,1523,0.15281717703375697
36,1489,1525,0.15281368967989237
35,1485,1520,0.15281099808229048
35,1481,1516,0.15281119784409278
35,1479,1514,0.15281185702111913
33,1471,1504,0.15281290217726004
34,1475,1509,0.1528188119380189
33,1472,1505,0.15282141772164964
31,1479,1510,0.15282641909590672
28,1477,1505,0.15283479996987356
27,1488,1515,0.15284989363839896
27,1482,1509,0.15286657355199654
27,1483,1510,0.15288237192023804
29,1493,1522,0.1528967220961026
31,1491,1522,0.15290479054914338
31,1496,1527,0.15290797060587413
31,1503,1534,0.15291141874613937
32,1497,1529,0.15291507409888758
32,1491,1523,0.15291590978546007
31,1478,1509,0.15291711366063995
30,1473,1503,0.15292081095020912
29,1478,1507,0.15292705287990746
30,1485,1515,0.1529353531102236
31,1493,1524,0.1529410231057463
31,1493,1524,0.15294333452058173
29,1502,1531,0.15294583789379498
28,1495,1523,0.15295177663392764
28,1499,1527,0.15295991950276802
26,1505,1531,0.1529667356314091
25,1490,1515,0.1529775350090649
23,1490,1513,0.15299019516703147
24,1496,1520,0.1530076140602457
24,1498,1522,0.15302097164901807
23,1488,1511,0.15303385298631308
22,1474,1496,0.1530483880872932
22,1484,1506,0.15306464766921896
20,1488,1508,0.15308014975702683
19,1498,1517,0.15309994019623727
20,1488,1508,0.15312084318944744
18,1494,1512,0.15313773571512468
18,1495,1513,0.1531580637313708
19,1490,1509,0.15317639934644223
20,1511,1531,0.15319143529091694
22,1510,1532,0.15320256331364443
22,1510,1532,0.15320772421016318
20,1510,1530,0.15321189482259256
21,1500,1521,0.153220678360992
21,1502,1523,0.153226092558416
21,1510,1531,0.15323166111399783
20,1510,1530,0.15323732836324674
21,1513,1534,0.15324520328304023
21,1516,1537,0.15324989914261888
21,1506,1527,0.15325471703965765
21,1507,1528,0.15325961027845994
22,1507,1529,0.15326341621887052
22,1515,1537,0.15326518453466104
21,1506,1527,0.1532672201396359
19,1504,1523,0.153271664042099
19,1490,1509,0.15328050299381085
19,1487,1506,0.1532890360767839
19,1497,1516,0.1532972954716356
18,1500,1518,0.1533052741296942
18,1501,1519,0.15331516393134229
19,1498,1517,0.1533235300912099
19,1509,1528,0.15332837862216947
20,1513,1533,0.153333275665666
20,1501,1521,0.15333492213341818
21,1501,1522,0.1533368545079065
21,1494,1515,0.1533358310191984
20,1496,1516,0.15333478117279775
21,1512,1533,0.15333641413006396
22,1486,1508,0.15333475766932328
23,1480,1503,0.15333069662126292
21,1488,1509,0.15332413158019187
19,1492,1511,0.15332291244329269
22,1494,1516,0.15332662690610555
22,1508,1530,0.15332277444614234
22,1506,1528,0.15331969909751464
22,1510,1532,0.1533173011613638
21,1507,1528,0.15331549205950532
21,1502,1523,0.15331633828393773
19,1490,1509,0.15331676114231574
19,1487,1506,0.15332223104302975
20,1494,1514,0.1533277859160391
21,1488,1509,0.15333065513514194
21,1490,1511,0.1533305805945228
20,1496,1516,0.15333087729650424
20,1496,1516,0.15333439320082454
20,1495,1515,0.15333792236624247
16,1495,1511,0.15334144210435002
17,1485,1502,0.15335377997180005
17,1475,1492,0.15336252544545512
17,1476,1493,0.15337095012774732
15,1486,1501,0.15337905302972024
15,1487,1502,0.15339008415633906
15,1492,1507,0.1534007028219292
15,1493,1508,0.15341090900788926
14,1495,1509,0.15342070512188577
12,1484,1496,0.15343225096558705
12,1498,1510,0.15344760183669315
11,1507,1518,0.15346217188751787
11,1519,1530,0.15347817221555893
11,1509,1520,0.1534933206275897
11,1501,1512,0.15350765722880094
11,1493,1504,0.15352122081254713
10,1504,1514,0.1535340488318056
11,1506,1517,0.15354832720544415
11,1503,1514,0.15355891587067913
11,1496,1507,0.1535689975649794
12,1495,1507,0.1535785899034985
12,1504,1516,0.15358443954917483
12,1501,1513,0.15359014109664623
11,1501,1512,0.15359568346134983
11,1508,1519,0.1536036088609988
11,1489,1500,0.15361116656487797
11,1495,1506,0.1536183677541386
11,1496,1507,0.1536252240188004
9,1508,1517,0.15363174722714767
9,1507,1516,0.1536427669858341
9,1522,1531,0.15365313864266844
9,1518,1527,0.1536619979140826
7,1514,1521,0.15367042372950296
7,1506,1513,0.1536827506216251
8,1500,1508,0.15369441480548962
7,1502,1509,0.15370316452496074
7,1500,1507,0.15371361370580497
7,1513,1520,0.15372347495141458
6,1512,1518,0.15373280773230552
6,1519,1525,0.15374384324578394
6,1520,1526,0.15375426079075682
7,1516,1523,0.15376409273642003
7,1532,1539,0.1537709755055905
7,1531,1538,0.1537775018927954
8,1533,1541,0.15378368755484648
7,1526,1533,0.15378692065121985
6,1515,1521,0.15379236108969438
7,1514,1521,0.153799693537312
7,1519,1526,0.1538025412051729
7,1513,1520,0.1538054585687095
8,1512,1520,0.15380841790264121
9,1513,1522,0.15380814049447203
9,1508,1517,0.15380488512136695
9,1517,1526,0.15380219118129276
8,1516,1524,0.15379998936777897
8,1507,1515,0.1538004415684374
8,1499,1507,0.153801126608665
8,1514,1522,0.15380200508182884
8,1514,1522,0.15380304242263138
6,1524,1530,0.15380420837614708
6,1515,1521,0.1538101079020592
6,1515,1521,0.15381577729476326
6,1510,1516,0.15382121811191904
6,1519,1525,0.1538264330182782
6,1521,1527,0.1538314256022752
5,1521,1526,0.1538362002149811
5,1518,1523,0.15384306333801406
5,1508,1513,0.15384956496980173
5,1514,1519,0.15385572173369547
5,1512,1517,0.1538615497576918
5,1520,1525,0.15386706465487987
4,1513,1517,0.15387228150987028
4,1512,1516,0.15387936649426487
4,1521,1525,0.15388605152327986
4,1518,1522,0.15389235794023773
4,1515,1519,0.15389830607815497
4,1514,1518,0.1539039152933803
5,1509,1514,0.15390920399987673
5,1510,1515,0.15391093154745647
4,1510,1514,0.1539126771413814
4,1502,1506,0.15391748225097435
4,1508,1512,0.1539220091645992
4,1514,1518,0.1539262734420053
4,1504,1508,0.15393028982828796
3,1512,1515,0.15393407229068415
3,1504,1507,0.15393979498853766
2,1511,1513,0.15394517802624844
2,1524,1526,0.15395243197348255
2,1518,1520,0.15395924967720587
2,1499,1501,0.1539656572212322
2,1499,1501,0.15397167914470702
3,1513,1516,0.1539773385321016
3,1510,1513,0.15397939644809977
3,1512,1515,0.15398143824117141
3,1518,1521,0.15398345432201574
3,1524,1527,0.15398543670921344
3,1519,1522,0.1539873788321018
3,1519,1522,0.1539892753552681
3,1501,1504,0.15399112202241405
3,1514,1517,0.15399291551756938
3,1511,1514,0.15399465334183815
3,1517,1520,0.15399633370404597
3,1515,1518,0.1539979554238216
3,1510,1513,0.15399951784579557
3,1507,1510,0.15400102076373423
3,1524,1527,0.15400246435354675
3,1520,1523,0.15400384911421366
3,1517,1520,0.1540051758157808
3,1529,1532,0.15400644545365377
3,1519,1522,0.1540076592085044
3,1520,1523,0.1540088184111738
2,1530,1532,0.15400992451202047
2,1523,1525,0.15401314809687935
2,1517,1519,0.15401619027719737
2,1522,1524,0.15401906064800827
2,1526,1528,0.15402176836158682
2,1525,1527,0.15402432214061001
2,1520,1522,0.15402673029186306
2,1506,1508,0.1540290007203245
1,1503,1504,0.15403114094348974
1,1511,1512,0.15403533090865354
1,1495,1496,0.15403927305772858
1,1495,1496,0.1540429818006992
1,1494,1495,0.15404647073439257
1,1496,1497,0.15404975268584548
1,1516,1517,0.1540528397536221
1,1515,1516,0.1540557433471511
1,1507,1508,0.15405847422415034
1,1509,1510,0.1540610425262091
1,1512,1513,0.15406345781259786
1,1518,1519,0.15406572909237584
1,1523,1524,0.15406786485486468
1,1517,1518,0.15406987309855733
1,1523,1524,0.15407176135852962
1,1524,1525,0.15407353673241952
1,1526,1527,0.15407520590503918
1,1521,1522,0.15407677517168164
1,1515,1516,0.1540782504601842
1,1517,1518,0.1540796373518055
1,1517,1518,0.15408094110097506
2,1508,1510,0.15408216665396932
2,1509,1511,0.15408005080702375
2,1515,1517,0.15407817098310198
2,1516,1518,0.1540765025838278
2,1506,1508,0.15407502348463673
2,1512,1514,0.15407371379098542
3,1495,1498,0.1540725556182979
2,1497,1499,0.15406825675075767
2,1499,1501,0.1540675534104306
2,1510,1512,0.15406694614478103
2,1502,1504,0.15406642402371853
3,1512,1515,0.1540659772675058
3,1510,1513,0.15406232468523634
3,1500,1503,0.1540590367910922
4,1513,1517,0.15405607779874253
4,1515,1519,0.15405014903026715
4,1500,1504,0.15404479302572444
4,1497,1501,0.15403906827567948
4,1495,1499,0.15403395066559292
4,1510,1514,0.15402937853148624
5,1517,1522,0.15402529632115577
5,1519,1524,0.15401907741715695
5,1507,1512,0.15401345099518088
5,1519,1524,0.15400836070232699
5,1506,1511,0.1540037555401576
7,1503,1510,0.1539995893562504
7,1500,1507,0.1539892736236567
7,1511,1518,0.1539799301330821
7,1497,1504,0.1539714670141497
7,1510,1517,0.15396380109285823
7,1505,1512,0.15395685706740672
7,1497,1504,0.15395056676219285
6,1495,1501,0.15394486845256514
6,1505,1511,0.15394241250088714
5,1499,1504,0.15394022445120822
4,1520,1524,0.15394059269263544
4,1517,1521,0.1539432539904648
4,1512,1516,0.15394581638782123
4,1492,1496,0.15394827968593938
4,1506,1510,0.15395064430607708
4,1495,1499,0.15395291119265256
4,1502,1506,0.15395508172800887
4,1506,1510,0.15395715765754323
4,1498,1502,0.1539591410240695
4,1507,1511,0.15396103411039952
4,1509,1513,0.15396283938923414
4,1514,1518,0.1539645594795496
4,1508,1512,0.15396619710875065
4,1514,1518,0.15396775507993798
4,1523,1527,0.15396923624370637
4,1511,1515,0.15397064347395178
4,1527,1531,0.15397197964722184
4,1520,1524,0.15397324762519266
4,1515,1519,0.15397445023990097
4,1519,1523,0.1539755902814001
4,1521,1525,0.1539766704875442
4,1511,1515,0.15397769353563806
4,1514,1518,0.15397866203571747
4,1526,1530,0.1539795785252532
4,1529,1533,0.15398044546509224
4,1533,1537,0.153981265236473
4,1521,1525,0.15398204013896857
4,1532,1536,0.15398277238922892
4,1527,1531,0.15398346412040778
4,1524,1528,0.15398411738217427
4,1539,1543,0.15398473414121883
4,1538,1542,0.15398531628217685
4,1520,1524,0.15398586560889943
4,1519,1523,0.15398638384601163
4,1514,1518,0.1539868726407056
3,1510,1513,0.153987333564721
3,1513,1516,0.15398993637282046
3,1508,1511,0.15399238272311366
3,1515,1518,0.15399468193143126
3,1504,1507,0.15399684276763895
3,1516,1519,0.1539988734867726
3,1521,1524,0.1540007818584844
3,1515,1518,0.15400257519488278
2,1520,1522,0.15400426037684553
2,1514,1516,0.15400798710352948
2,1505,1507,0.15401148835458908
3,1503,1506,0.15401477767097824
3,1508,1511,0.15401466618878173
3,1517,1520,0.15401466368749905
3,1515,1518,0.15401475373764295
3,1518,1521,0.15401492184593946
3,1514,1517,0.15401515524818715
3,1522,1525,0.15401544272322865
3,1523,1526,0.15401577442593975
3,1520,1523,0.15401614173734682
3,1522,1525,0.1540165371301672
3,1516,1519,0.1540169540482341
3,1518,1521,0.15401738679841886
3,1505,1508,0.154017830453798
3,1512,1515,0.15401828076693727
3,1512,1515,0.1540187340922746
2,1512,1514,0.15401918731668396
2,1522,1524,0.15402179601072535
2,1520,1522,0.15402426911794978
2,1524,1526,0.15402661261640113
2,1519,1521,0.15402883234131223
2,1515,1517,0.15403093397244055
1,1519,1520,0.15403292302423
1,1526,1527,0.1540370727334982
1,1514,1515,0.15404097109095882
1,1522,1523,0.15404463326474757
2,1522,1524,0.15404807351325597
2,1523,1525,0.15404822746454078
2,1527,1529,0.15404846159387714
2,1531,1533,0.15404876242168963
2,1525,1527,0.15404911811312297
2,1523,1525,0.15404951829902663
2,1508,1510,0.15404995391538243
3,1513,1516,0.1540504170593315
3,1523,1526,0.1540476354737204
3,1516,1519,0.1540451738002143
3,1510,1513,0.15404299822981266
2,1508,1510,0.15404107837522724
2,1510,1512,0.15404228043091514
2,1506,1508,0.1540434392871221
2,1502,1504,0.1540445546735157
2,1507,1509,0.1540456266155826
2,1512,1514,0.15404665538978743
2,1522,1524,0.15404764148403274
2,1522,1524,0.154048585562853
2,1516,1518,0.15404948843683097
2,1507,1509,0.1540503510357771
2,1509,1511,0.15405117438526256
2,1499,1501,0.15405195958613516
3,1507,1510,0.15405270779668875
3,1508,1511,0.15405028037847804
2,1508,1510,0.15404810388726417
2,1500,1502,0.15404837328361792
1,1493,1494,0.15404870399684797
1,1500,1501,0.15405124901165168
1,1507,1508,0.15405370310418232
1,1508,1509,0.15405606556412604
1,1511,1512,0.1540583363334336
1,1499,1500,0.1540605159072457
1,1514,1515,0.15406260524663506
1,1509,1510,0.15406460570188243
1,1519,1520,0.15406651894513623
1,1527,1528,0.1540683469114252
1,1524,1525,0.15407009174710168
1,1523,1524,0.1540717557648884
1,1526,1527,0.15407334140478957
1,1534,1535,0.15407485120020406
1,1534,1535,0.15407628774864965
1,1532,1533,0.1540776536865685
1,1531,1532,0.15407895166774183
1,1524,1525,0.15408018434489215
1,1524,1525,0.1540813543540953
1,1537,1538,0.15408246430166814
1,1539,1540,0.15408351675323068
1,1533,1534,0.15408451422467784
1,1520,1521,0.154085459174822
1,1507,1508,0.15408635399949594
1,1511,1512,0.15408720102692894
1,1524,1525,0.1540880025142286
1,1525,1526,0.15408876064482135
1,1519,1520,0.15408947752672078
1,1505,1506,0.1540901551915069
1,1515,1516,0.15409079559391586
1,1520,1521,0.15409140061194745
2,1533,1535,0.15409197204741237
2,1520,1522,0.15408923728259938
2,1505,1507,0.15408677829859868
2,1507,1509,0.15408456771392406
2,1506,1508,0.15408258084067195
2,1506,1508,0.15408079542103278
2,1525,1527,0.1540791913894875
3,1520,1523,0.15407775065819165
3,1519,1522,0.15407318400918568
3,1502,1505,0.1540690556166341
3,1500,1503,0.15406532342526627
3,1499,1502,0.15406194941543958
3,1501,1504,0.1540588992158661
3,1511,1514,0.15405614175350524
2,1508,1510,0.1540536489370555
2,1512,1514,0.1540538268774229
2,1506,1508,0.1540540481839271
2,1495,1497,0.1540543050334809
2,1509,1511,0.15405459057473161
2,1525,1527,0.15405489882155068
1,1528,1529,0.15405522455753157
1,1510,1511,0.15405773362990527
1,1515,1516,0.15406011983782764
1,1517,1518,0.15406238780061232
1,1515,1516,0.15406454213046808
1,1518,1519,0.1540665874066472
1,1522,1523,0.15406852815368885
1,1529,1530,0.15407036882326663
1,1528,1529,0.1540721137792014
1,1524,1525,0.15407376728524977
1,1525,1526,0.15407533349532027
1,1518,1519,0.15407681644580765
1,1523,1524,0.15407822004977062
1,1520,1521,0.1540795480927084
1,1518,1519,0.15408080422971962
1,1514,1515,0.15408199198385134
1,1513,1514,0.1540831147454682
1,1520,1521,0.15408417577249137
1,1514,1515,0.15408517819137463
1,1509,1510,0.15408612499870059
1,1523,1524,0.15408701906329397
1,1506,1507,0.15408786312876185
1,1507,1508,0.15408865981638123
1,1513,1514,0.154089411628265
1,1504,1505,0.15409012095074545
1,1507,1508,0.15409079005792278
1,1512,1513,0.1540914211153336
1,1520,1521,0.15409201618369872
1,1514,1515,0.1540925772227174
1,1517,1518,0.15409310609487842
1,1525,1526,0.1540936045692636
1,1511,1512,0.1540940743253218
1,1516,1517,0.15409451695659696
1,1524,1525,0.15409493397439453
1,1516,1517,0.1540953268113746
1,1515,1516,0.15409569682506166
1,1492,1493,0.1540960453012632
1,1497,1498,0.1540963734573906
1,1502,1503,0.15409668244567826
1,1502,1503,0.15409697335629713
1,1506,1507,0.15409724722036033
1,1510,1511,0.15409750501282027
1,1523,1524,0.15409774765525547
1,1499,1500,0.15409797601854894
0,1496,1496,0.15409819092545782
