1380,27,1407,0.13579591992623496
1416,28,1444,0.13291402971537758
1434,29,1463,0.13019326575204723
1457,30,1487,0.12766981201917138
1455,28,1483,0.12531202976893183
1462,28,1490,0.12317526030719986
1475,28,1503,0.12121512651748549
1475,27,1502,0.11939552372670086
1471,27,1498,0.11774434535299864
1459,29,1488,0.11625152031828463
1468,33,1501,0.11492646649965295
1464,33,1497,0.1137004658072291
1447,34,1481,0.11259693492340908
1457,34,1491,0.11163528433083063
1469,31,1500,0.11073847039170559
1472,31,1503,0.10989499266683107
1458,31,1489,0.10912024658173976
1468,34,1502,0.10845095456004461
1468,35,1503,0.10781747636618372
1477,36,1513,0.10724043536620634
1458,36,1494,0.10669624244323973
1462,35,1497,0.10624535490433477
1449,32,1481,0.10582814587536614
1448,32,1480,0.10547810720183609
1467,34,1501,0.10516232365531313
1465,32,1497,0.10483095378025295
1457,33,1490,0.10453594905328105
1457,34,1491,0.10428809882387574
1465,34,1499,0.10406246648514675
1466,36,1502,0.10383916960306169
1463,37,1500,0.10363375320840004
1467,38,1505,0.1034521421042939
1451,41,1492,0.10327783638315383
1446,42,1488,0.10315644001277022
1439,44,1483,0.10305756098512077
1448,43,1491,0.10298342077996421
1451,44,1495,0.10289752997228829
1451,47,1498,0.10281451485335254
1460,48,1508,0.10273907056603958
1458,48,1506,0.10265107212702036
1442,46,1488,0.10257514313635945
1444,53,1497,0.10254315851500934
1440,56,1496,0.10251284360460983
1440,56,1496,0.10249510192748669
1444,54,1498,0.10247962839428162
1442,52,1494,0.10245574721242919
1445,52,1497,0.10243813690173852
1435,54,1489,0.10241605698350131
1432,56,1488,0.10241944426113092
1432,56,1488,0.10242995564846495
1438,54,1492,0.10244015648317947
1433,53,1486,0.10243664750928133
1438,50,1488,0.10244229458420047
1441,56,1497,0.10243657954681536
1444,56,1500,0.10242687884343592
1437,57,1494,0.10241207289944512
1433,58,1491,0.10241506744242802
1425,60,1485,0.10242661651992431
1438,61,1499,0.10245513032805163
1447,61,1508,0.1024525889085643
1441,61,1502,0.10243037483152265
1440,63,1503,0.1024250463472542
1445,65,1510,0.10242376517370802
1457,67,1524,0.10241106873038314
1457,68,1525,0.1023738882282829
1440,67,1507,0.10234120170040278
1429,68,1497,0.10235026559466881
1425,68,1493,0.10238287248584131
1426,70,1496,0.10242230570067874
1416,70,1486,0.10245307648934122
1423,67,1490,0.10250506042352868
1415,69,1484,0.10253781631137074
1435,70,1505,0.10258751501280006
1425,69,1494,0.1025890219459312
1417,67,1484,0.10261375546124483
1426,68,1494,0.10265478648198041
1426,69,1495,0.10267176485163076
1431,68,1499,0.10268721000142246
1429,67,1496,0.1026894853442764
1421,68,1489,0.10269644321842236
1416,66,1482,0.10272022228465374
1430,69,1499,0.10275342094420836
1424,70,1494,0.10275456763365697
1428,69,1497,0.10276786553846286
1420,73,1493,0.10277044021465329
1413,72,1485,0.10279212280885087
1417,70,1487,0.10282874418091907
1426,73,1499,0.10285501860193928
1428,73,1501,0.10285678465316815
1428,74,1502,0.1028551009125017
1415,76,1491,0.1028505029765943
1412,77,1489,0.10287604192806903
1419,77,1496,0.10290797549242942
1421,79,1500,0.10292276670292572
1414,83,1497,0.10293178615356034
1409,82,1491,0.10295480000617172
1400,80,1480,0.10298876771079957
1388,80,1468,0.10304062751483184
1384,81,1465,0.10311362284681497
1387,81,1468,0.10319172294633837
1404,79,1483,0.10325862607932351
1404,80,1484,0.10328415089064963
1417,80,1497,0.10330588693889005
1415,83,1498,0.10329448396908149
1402,76,1478,0.10328838080767296
1404,80,1484,0.10331108975774678
1395,84,1479,0.10332683061119571
1390,82,1472,0.10336039846954766
1389,82,1471,0.10340640441510285
1402,81,1483,0.10345284170185344
1409,86,1495,0.10346349244664553
1399,88,1487,0.10345689351432628
1400,89,1489,0.10347496546830878
1399,90,1489,0.10349026627308885
1404,91,1495,0.10350740497795675
1410,90,1500,0.1035131758579988
1417,90,1507,0.10350358142638988
1412,92,1504,0.10348025028596339
1412,93,1505,0.1034703200907952
1404,90,1494,0.10346267488770777
1416,92,1508,0.1034726027198085
1404,90,1494,0.10345434137365367
1412,88,1500,0.10346536662276368
1391,88,1479,0.10345576650969951
1405,92,1497,0.10349269370009756
1405,94,1499,0.10349754738120652
1396,95,1491,0.10350293016938356
1398,92,1490,0.10353018193161354
1387,91,1478,0.10355163072144297
1394,93,1487,0.10359595088561392
1385,94,1479,0.10362338668406647
1389,94,1483,0.10366892775932644
1391,98,1489,0.10370185020913313
1391,100,1491,0.103726385806816
1389,99,1488,0.10374641794653322
1384,100,1484,0.1037703564806726
1384,100,1484,0.1038052501721631
1390,99,1489,0.10383690531771038
1387,100,1487,0.10385319274325379
1382,102,1484,0.10387466880247208
1384,100,1484,0.10390510173542808
1396,104,1500,0.103930767842846
1384,107,1491,0.10392723725055754
1387,108,1495,0.103951729079056
1388,102,1490,0.10396827687597807
1390,109,1499,0.1039829845536926
1394,110,1504,0.10398918621102819
1385,110,1495,0.1039893809527821
1391,109,1500,0.10400880415755413
1394,104,1498,0.1040109241043179
1395,102,1497,0.10400387394367763
1399,107,1506,0.10399638727127693
1401,107,1508,0.10398119250044205
1378,104,1482,0.10396352677525841
1372,100,1472,0.1039999495931503
1376,101,1477,0.1040474221950334
1374,101,1475,0.10408242301877699
1391,101,1492,0.10412002473843505
1388,103,1491,0.1041159448922841
1392,108,1500,0.10411962102070466
1391,111,1502,0.10411112746941448
1398,112,1510,0.10410780847193349
1401,112,1513,0.10408915051541585
1402,112,1514,0.10406594404900633
1394,112,1506,0.10404241127680432
1390,108,1498,0.10403946037032316
1392,111,1503,0.10404598755465967
1391,115,1506,0.10404927810311189
1379,115,1494,0.10405544948475157
1381,113,1494,0.10408927306100811
1383,112,1495,0.1041158482112942
1389,114,1503,0.10413594840561985
1392,112,1504,0.1041409147389687
1391,116,1507,0.10413795732487521
1389,118,1507,0.10413675374796502
1395,120,1515,0.1041423531798339
1392,121,1513,0.10413265891587845
1398,120,1518,0.10413330802736606
1388,121,1509,0.10412151575892085
1395,124,1519,0.1041338507600444
1378,124,1502,0.1041283183189292
1360,121,1481,0.10416005305944914
1363,120,1483,0.10423024573410127
1373,121,1494,0.10428711428225401
1374,115,1489,0.10431946805189508
1382,116,1498,0.10434692321594724
1365,121,1486,0.1043517427521618
1362,123,1485,0.10439242146716339
1372,118,1490,0.10443751140585328
1365,121,1486,0.10445852788867505
1358,123,1481,0.10449172917683935
1371,119,1490,0.10454025139564088
1365,124,1489,0.10455402192497218
1376,123,1499,0.10457913914620257
1363,130,1493,0.10457733516005462
1341,126,1467,0.1046071413217991
1350,129,1479,0.10468487165793784
1356,131,1487,0.10473657746370915
1355,128,1483,0.10477252652885691
1362,125,1487,0.104806731681477
1363,124,1487,0.10482201419629952
1368,126,1494,0.10483218723970843
1365,126,1491,0.10483084780666427
1383,132,1515,0.10483562272548369
1393,123,1516,0.10480059629829722
1377,126,1503,0.10474607825671368
1386,130,1516,0.10473028985050942
1367,132,1499,0.10469941967075018
1365,132,1497,0.10471289730299355
1364,140,1504,0.10473179156897942
1349,139,1488,0.10475494335674831
1348,141,1489,0.10481200052001544
1355,140,1495,0.10486578184347536
1336,145,1481,0.10489838025436658
1328,145,1473,0.10497058318684178
1343,148,1491,0.10505721962464523
1348,149,1497,0.10510462971428539
1331,150,1481,0.1051398514123301
1329,161,1490,0.1052088566541255
1339,164,1503,0.10527922529788722
1337,168,1505,0.10532308958094216
1336,167,1503,0.10536911768892107
1332,170,1502,0.10541525146603888
1326,170,1496,0.10546516045661299
1318,171,1489,0.10552682439684194
1323,174,1497,0.10560119421322105
1326,175,1501,0.10566053401469153
1326,173,1499,0.10570739989604533
1324,171,1495,0.10575091685611021
1325,167,1492,0.10579568741981951
1328,175,1503,0.10583615812470526
1326,172,1498,0.10586871774778331
1328,173,1501,0.10590494310423726
1333,173,1506,0.10593329635561613
1324,172,1496,0.10595056938255791
1321,173,1494,0.10598739843494935
1298,171,1469,0.10602554963664489
1308,172,1480,0.10611451498135788
1310,176,1486,0.1061746257635219
1310,171,1481,0.10622167654206267
1325,171,1496,0.10626390624818233
1313,173,1486,0.10626799184618271
1304,173,1477,0.10630020034486506
1323,175,1498,0.10635250366154576
1313,175,1488,0.10635616100958091
1323,177,1500,0.10638370193645667
1316,176,1492,0.10638052637528471
1325,179,1504,0.10639408541717187
1326,178,1504,0.1063881460100966
1313,177,1490,0.10637951503139878
1311,174,1485,0.106401616041595
1298,172,1470,0.10642853036068481
1293,178,1471,0.10648302851232593
1302,174,1476,0.10654592370151579
1298,180,1478,0.1065849070195182
1318,177,1495,0.10662918161824368
1316,179,1495,0.10662083918328107
1316,179,1495,0.10661869150088642
1323,179,1502,0.10661519600597724
1326,183,1509,0.10659954230713303
1310,186,1496,0.10657969883772456
1305,184,1489,0.10659824596899398
1304,186,1490,0.10662843397339064
1308,190,1498,0.10665861973319028
1293,194,1487,0.1066760458206733
1295,193,1488,0.10672689820309877
1307,192,1499,0.10677021274125664
1308,188,1496,0.10678311522456947
1303,188,1491,0.10679438396913063
1307,193,1500,0.1068190207543546
1310,194,1504,0.10683597090350794
1293,196,1489,0.10684401558485758
1282,199,1481,0.10688797762024269
1296,204,1500,0.10695546876293481
1294,203,1497,0.10698772830398134
1291,202,1493,0.10702490065304353
1281,204,1485,0.10706323596944074
1286,210,1496,0.10712370766521687
1291,209,1500,0.10716754706539675
1287,205,1492,0.10719622147167733
1277,209,1486,0.10723121297950934
1279,210,1489,0.10728940709253944
1278,215,1493,0.10734090097162799
1292,218,1510,0.10739088282531963
1280,220,1500,0.10740457169955896
1285,219,1504,0.10744488074128057
1274,222,1496,0.1074723129328442
1265,225,1490,0.10752038696545725
1271,226,1497,0.1075855434502304
1266,235,1501,0.10763006423544041
1257,233,1490,0.10768513087904572
1258,233,1491,0.10775770638210086
1252,233,1485,0.10782482792142828
1255,236,1491,0.10790168073571298
1265,234,1499,0.10796658957725656
1262,238,1500,0.10799895770222878
1273,234,1507,0.10803731802608801
1272,233,1505,0.10804894454853382
1271,229,1500,0.10806160800871215
1262,230,1492,0.1080750006715732
1260,235,1495,0.10810486653112406
1256,237,1493,0.10813963677507661
1254,237,1491,0.1081814711339685
1253,237,1490,0.10822322387311577
1261,233,1494,0.10826345090755908
1269,232,1501,0.10828502979396301
1272,232,1504,0.10828590844279545
1271,234,1505,0.10827738687105537
1261,234,1495,0.10827390288495517
1262,239,1501,0.10829344453683666
1255,237,1492,0.10831202738262082
1252,238,1490,0.1083443309873805
1242,237,1479,0.10837993569445803
1240,241,1481,0.1084358147381948
1246,241,1487,0.10849214756287552
1250,237,1487,0.10853134418278074
1249,236,1485,0.10855805371962247
1252,236,1488,0.10858575824762028
1261,236,1497,0.10860391761562296
1258,241,1499,0.10860090134275246
1251,243,1494,0.10860443883297333
1244,242,1486,0.10862702251069728
1243,241,1484,0.10866588552501533
1248,243,1491,0.10870377720024518
1249,248,1497,0.10872563502886262
1246,249,1495,0.10874352252108219
1238,257,1495,0.10876956681237146
1238,254,1492,0.10881412369283038
1235,253,1488,0.10885529212346075
1227,258,1485,0.10890110301154199
1229,260,1489,0.10896344613620557
1223,260,1483,0.10901639640850867
1225,260,1485,0.10908078968528212
1229,263,1492,0.10913603186348202
1244,262,1506,0.10917587546728556
1239,263,1502,0.10918014806453026
1231,262,1493,0.10919812608393345
1230,269,1499,0.10923190088811133
1228,271,1499,0.10926642794378612
1235,273,1508,0.10930045023951784
1235,270,1505,0.10931590082170213
1239,267,1506,0.10932760266131819
1225,273,1498,0.10933193780469345
1228,269,1497,0.10936845725986384
1230,269,1499,0.10939563850166625
1212,274,1486,0.10941617577520493
1208,271,1479,0.10947475232801943
1211,271,1482,0.10954005008930029
1213,269,1482,0.10959181671816744
1212,269,1481,0.10963708671230696
1209,270,1479,0.10968071894468163
1210,268,1478,0.10972672725103702
1215,275,1490,0.10976790401285985
1216,271,1487,0.10979410261216682
1211,277,1488,0.10981679341768459
1199,274,1473,0.10985132395789676
1194,282,1476,0.1099121358141084
1206,287,1493,0.10997873390199392
1214,286,1500,0.1100109151926975
1218,284,1502,0.11002271479620745
1235,289,1524,0.11002370730725392
1227,299,1526,0.10998726257613561
1221,294,1515,0.10997297107991408
1221,291,1512,0.10997573382491108
1231,289,1520,0.10997979384048655
1226,295,1521,0.10996446623730569
1216,301,1517,0.10996101006012517
1202,308,1510,0.10998177194851494
1200,305,1505,0.110033609717811
1187,304,1491,0.11008700175705083
1180,297,1477,0.1101659378508239
1187,300,1487,0.11025421877495824
1188,309,1497,0.11032049968088348
1187,312,1499,0.11038022685302597
1193,312,1505,0.11043928469032065
1208,306,1514,0.1104799024040571
1207,307,1514,0.11048238024960633
1197,303,1500,0.11048787445927614
1201,304,1505,0.11051501818316221
1202,299,1501,0.11053302492914047
1193,302,1495,0.11054166036786654
1179,309,1488,0.11056982468330868
1175,306,1481,0.11063028198133447
1176,310,1486,0.11069425001617006
1176,313,1489,0.11075531660233878
1173,320,1493,0.11081318028282147
1173,313,1486,0.11087484587779617
1182,313,1495,0.11092916169604237
1185,316,1501,0.11095647679912571
1190,315,1505,0.11097444652490569
1179,318,1497,0.11097913768393283
1179,317,1496,0.11100989393016453
1175,314,1489,0.11103817063586455
1176,313,1489,0.11107505606722405
1181,306,1487,0.11110532836449968
1185,311,1496,0.11112185410985453
1186,311,1497,0.11112696193342263
1181,312,1493,0.1111330923865
1173,319,1492,0.11114925874270286
1165,324,1489,0.1111850702043061
1170,329,1499,0.1112362570115661
1166,328,1494,0.11127065750107967
1157,325,1482,0.11131324259631775
1153,321,1474,0.11137541936677732
1158,325,1483,0.11144063198930491
1157,326,1483,0.11148632447467502
1163,328,1491,0.11153286774051542
1173,333,1506,0.11155978007314289
1162,332,1494,0.1115639769063803
1165,328,1493,0.11159301916985641
1160,336,1496,0.11161468425049037
1169,333,1502,0.11164425469699125
1161,335,1496,0.1116522299213552
1168,335,1503,0.11167638215686632
1173,335,1508,0.11168443909633911
1171,332,1503,0.11168185260171183
1174,332,1506,0.11168594107661488
1167,332,1499,0.11168507581288663
1175,330,1505,0.11170269225596809
1168,334,1502,0.11169495120467961
1157,333,1490,0.11170696856291185
1149,329,1478,0.11174282028115944
1152,331,1483,0.11179326591281286
1151,330,1481,0.11183118876192116
1137,334,1471,0.11186806432651394
1135,330,1465,0.11193465915018465
1138,333,1471,0.11200237573516353
1152,336,1488,0.11205682812684675
1152,335,1487,0.11207524503978492
1168,331,1499,0.1120914464432709
1171,326,1497,0.11206763003372991
1180,320,1500,0.11203913430244075
1178,319,1497,0.11199249051337663
1173,320,1493,0.1119529455850936
1178,316,1494,0.11192688720247164
1176,322,1498,0.11189412496096006
1174,324,1498,0.11186782934629058
1188,324,1512,0.11185176691916411
1185,321,1506,0.11180179707488935
1187,321,1508,0.11176289490607143
1186,317,1503,0.11172062840279563
1176,319,1495,0.11168404394460633
1177,315,1492,0.11167441676656234
1172,311,1483,0.11166257530076877
1187,321,1508,0.11166219145376349
1175,319,1494,0.11162464838132859
1183,320,1503,0.11162027210475181
1180,318,1498,0.11160151353846728
1179,323,1502,0.11159114158565848
1183,324,1507,0.11158609790628031
1174,322,1496,0.11157380813613121
1174,330,1504,0.11158183639959439
1159,338,1497,0.11159009222535776
1137,340,1477,0.11163228068418117
1136,337,1473,0.11172163460653156
1134,338,1472,0.11180605637320028
1138,335,1473,0.11189214574267763
1135,339,1474,0.11196124475488439
1137,339,1476,0.11203103195719538
1132,343,1475,0.11209277657537538
1137,347,1484,0.1121634426002824
1128,349,1477,0.1122169959164405
1138,349,1487,0.11228492431122478
1138,359,1497,0.11232593232688898
1125,356,1481,0.11236350652378511
1128,354,1482,0.11242450989033585
1139,355,1494,0.1124731418756814
1147,353,1500,0.1124942377777958
1143,359,1502,0.11249588259672645
1130,355,1485,0.11250719794282298
1139,356,1495,0.11254890627995008
1135,353,1488,0.11256657352199567
1124,356,1480,0.1125948557515887
1134,358,1492,0.11264599721491013
1136,364,1500,0.11267021162921013
1134,367,1501,0.11268880750792248
1130,367,1497,0.11271117502566405
1134,366,1500,0.11274448529110209
1130,369,1499,0.11276603193013117
1127,366,1493,0.11279702378416236
1121,378,1499,0.11283018264382669
1127,381,1508,0.11287745165724938
1120,380,1500,0.11290908705552205
1124,390,1514,0.11295458261827937
1115,383,1498,0.11299043267210523
1116,385,1501,0.1130468925383952
1121,389,1510,0.11309997112061008
1114,391,1505,0.11313477524729539
1108,393,1501,0.11318461772357197
1107,396,1503,0.11324420465102271
1096,407,1503,0.11330342633807636
1090,409,1499,0.11338226879250067
1084,409,1493,0.11347218391048544
1097,403,1500,0.11356891611717408
1098,400,1498,0.11362852166346152
1089,398,1487,0.11368248354603253
1099,398,1497,0.11375184357289571
1096,401,1497,0.11379108442124322
1078,414,1492,0.1138304059691683
1073,413,1486,0.11390938284690395
1082,409,1491,0.11399747465227389
1091,411,1502,0.11405942488309904
1089,413,1502,0.11409411237256417
1092,413,1505,0.11413313607358237
1096,412,1508,0.11416319028586078
1086,419,1505,0.11418254580002314
1081,414,1495,0.11422477399944825
1080,419,1499,0.11427490203597725
1068,423,1491,0.11432099203524242
1071,431,1502,0.11438978842975184
1064,431,1495,0.11445039429669715
1074,432,1506,0.11452293454196891
1072,430,1502,0.11456528184729427
1058,423,1481,0.11460884278049224
1059,422,1481,0.11468228981977063
1065,426,1491,0.11474933588182838
1068,429,1497,0.1147979953005027
1076,428,1504,0.11483236282495149
1081,427,1508,0.1148463404561377
1082,419,1501,0.11484938492738912
1079,418,1497,0.11484853708233807
1069,418,1487,0.11485129915688021
1066,422,1488,0.11487840900682608
1055,429,1484,0.1149123867219798
1058,429,1487,0.11496896051214783
1062,425,1487,0.11501556110628282
1062,423,1485,0.11505286577187313
1066,418,1484,0.11508780874934117
1046,428,1474,0.11511028934400379
1062,429,1491,0.11517574714735218
1054,428,1482,0.11519972798101126
1058,428,1486,0.11523723984882789
1074,426,1500,0.11526414304257461
1070,424,1494,0.11525194191978574
1058,426,1484,0.11524785795629824
1068,425,1493,0.11527425011187073
1063,431,1494,0.11527696063156999
1056,434,1490,0.11529497346106946
1054,441,1495,0.11532674389298198
1038,435,1473,0.11536014199044359
1050,440,1490,0.1154299442664934
1050,445,1495,0.11546602012129174
1052,450,1502,0.11549976067959179
1049,455,1504,0.11552547125858681
1052,454,1506,0.11555489869165124
1041,451,1492,0.11558130060121165
1045,455,1500,0.11563223537730087
1052,459,1511,0.11566289737124884
1045,459,1504,0.11567810816130424
1029,463,1492,0.11571303099751365
1031,468,1499,0.1157815340410438
1026,464,1490,0.11584433322633363
1026,466,1492,0.11591511085832973
1033,467,1500,0.11597843390074247
1027,465,1492,0.11602317657965014
1029,467,1496,0.1160800112027523
1037,478,1515,0.11612639908416769
1021,484,1505,0.1161539921709223
1022,483,1505,0.11621598960954163
1028,476,1504,0.11627078614472108
1023,471,1494,0.11630865344157666
1026,481,1507,0.11635622667978994
1018,478,1496,0.11639762962212402
1018,479,1497,0.11645616110836436
1020,481,1501,0.11650777040633298
1018,478,1496,0.11654839804029256
1012,484,1496,0.11659191476015206
1013,488,1501,0.1166466482729765
1010,480,1490,0.11669554513133397
999,479,1478,0.11674430692339452
1002,480,1482,0.11681775236898292
999,479,1478,0.11687997974479326
991,485,1476,0.11694668490534617
993,485,1478,0.1170272725650872
997,483,1480,0.11709758009794292
1007,493,1500,0.11714880912928193
997,503,1500,0.11717497000941542
999,503,1502,0.1172230456484208
992,491,1483,0.11726389699667013
990,495,1485,0.11731632178294803
994,503,1497,0.11737227985836704
1003,504,1507,0.11741332436757336
1000,503,1503,0.11742729670113308
994,503,1497,0.1174497782222408
977,505,1482,0.11748328089879059
976,511,1487,0.11755524864456522
972,518,1490,0.11762510649401171
981,521,1502,0.11769766440243803
984,525,1509,0.11774543532610707
987,521,1508,0.11778575456816803
979,512,1491,0.1178183102340493
971,512,1483,0.11786338636745841
974,515,1489,0.11792120847812047
971,509,1480,0.11796715226420858
980,510,1490,0.11801370703484433
988,511,1499,0.11803735665868313
995,515,1510,0.11803999803154035
989,508,1497,0.1180270269615
985,508,1493,0.11802989191685566
982,511,1493,0.11804242191711257
996,507,1503,0.1180623460265883
978,507,1485,0.1180481156970109
986,521,1507,0.11807706916310305
985,517,1502,0.11808351568877687
990,523,1513,0.11809455680244685
990,526,1516,0.11809647267272677
981,522,1503,0.11809891303264539
972,515,1487,0.11811942089356801
972,516,1488,0.11815946069700868
962,527,1489,0.11819935431763291
962,538,1500,0.11825920534853937
956,539,1495,0.11831679959322156
958,540,1498,0.1183845088214292
954,540,1494,0.11844493735188774
951,540,1491,0.11850320257446043
958,544,1502,0.11856224835049943
956,541,1497,0.11859857479211466
962,531,1493,0.11863920229506221
972,522,1494,0.118662380175751
972,530,1502,0.11865998451138136
970,525,1495,0.11865934918093395
965,530,1495,0.11866328716085706
972,530,1502,0.11867944292374334
959,529,1488,0.11867968405369062
959,538,1497,0.1187090490850597
967,543,1510,0.1187385969242371
968,534,1502,0.11874716635466892
969,537,1506,0.11875409360678742
961,536,1497,0.11875736888884955
965,541,1506,0.1187809163183675
956,546,1502,0.11879307076636564
953,539,1492,0.11882551090119285
949,547,1496,0.11886380179580083
949,544,1493,0.11890910468241087
954,539,1493,0.11895040342910981
955,540,1495,0.11897361922927838
959,544,1503,0.11899301633501326
954,546,1500,0.11900309618736227
959,554,1513,0.1190249093460033
961,549,1510,0.11903664158702476
960,558,1518,0.11904295701016578
947,551,1498,0.11905250935485528
950,551,1501,0.1190925532554727
945,554,1499,0.11912442491681649
944,558,1502,0.11916560320652572
950,551,1501,0.11920645942603332
947,557,1504,0.11923071469682732
943,566,1509,0.11926101070807454
943,559,1502,0.1193015477823965
941,559,1500,0.11933798151604691
942,558,1500,0.11937618446187415
926,562,1488,0.11940827140000793
930,562,1492,0.11947352969770525
936,556,1492,0.11952152081211458
942,543,1485,0.11955211336934644
938,542,1480,0.11956581609906802
944,540,1484,0.119584711296154
944,543,1487,0.11958522876334843
946,546,1492,0.11958614466379458
949,545,1494,0.11958137606561829
949,542,1491,0.11956682476375907
959,547,1506,0.1195541988992957
953,545,1498,0.11952222399007012
954,542,1496,0.11950752815872535
961,544,1505,0.11949277733060955
960,547,1507,0.11946117033333292
958,551,1509,0.11943635028139794
960,551,1511,0.11941632831149197
954,558,1512,0.11939391434693654
949,553,1502,0.11938847995860886
961,554,1515,0.11939666844850247
948,553,1501,0.11937600613720033
955,541,1496,0.11938425391059383
952,552,1504,0.11937732228665336
950,557,1507,0.11937940414017018
941,563,1504,0.11938851887022016
933,561,1494,0.11942080808090008
934,567,1501,0.11947004931686524
929,561,1490,0.11951401638651368
936,554,1490,0.11956700804082451
933,554,1487,0.11960176524459974
931,561,1492,0.11964058501888107
945,567,1512,0.11967868744572012
948,552,1500,0.11968251815545006
944,553,1497,0.1196820516873079
945,560,1505,0.11968825734532229
947,562,1509,0.11969224029269292
935,563,1498,0.11969092256148266
932,564,1496,0.11971622493818429
932,570,1502,0.11974768458976232
930,574,1504,0.11977844149284024
930,568,1498,0.11981306282868942
928,570,1498,0.11984718566379111
928,555,1483,0.11988309853867644
938,552,1490,0.11991687556690636
933,556,1489,0.11992156475520215
937,566,1503,0.11993555420819885
946,568,1514,0.11993658115174266
928,575,1503,0.11991796503409592
923,584,1507,0.11994169655687341
926,576,1502,0.11997835598239102
929,575,1504,0.1200025252926514
927,572,1499,0.12001901680240552
940,574,1514,0.1200400338644638
939,571,1510,0.12003247626463992
932,580,1512,0.12002666698068173
927,581,1508,0.12003877016763596
929,584,1513,0.120061264620864
929,577,1506,0.12007720531983195
938,578,1516,0.12009020747583056
929,576,1505,0.12008358643476193
922,574,1496,0.12010121742590364
926,569,1495,0.1201312161055566
919,572,1491,0.12014812284087056
906,573,1479,0.12017819041281694
904,574,1478,0.12023568017509721
905,580,1485,0.12029173757171467
908,582,1490,0.12034244659764226
919,585,1504,0.12038459942363758
922,570,1492,0.12039551811512177
922,579,1501,0.12040041327339658
917,568,1485,0.12040520549124967
921,568,1489,0.12042110296075244
927,569,1496,0.1204266507662226
917,575,1492,0.12041854801392735
924,582,1506,0.12043567196387904
931,583,1514,0.12043314120279146
931,582,1513,0.12041344764693422
936,570,1506,0.1203987094181327
931,565,1496,0.12037251127840345
922,573,1495,0.1203598825973166
902,572,1474,0.1203708771111078
913,576,1489,0.12042675033584342
924,579,1503,0.120450607965601
921,589,1510,0.12045059889367024
915,594,1509,0.12045856497828439
912,594,1506,0.1204798491885964
906,602,1508,0.12051000235840402
904,599,1503,0.12054983408016647
915,601,1516,0.1205927075579649
915,599,1514,0.1206051270432821
906,601,1507,0.12061454748750845
910,599,1509,0.12064711190276166
906,605,1511,0.1206716594462182
905,603,1508,0.12070359324054454
903,599,1502,0.12073829717736011
909,600,1509,0.12077342277290387
916,601,1517,0.12078878709222343
913,597,1510,0.12078950880496989
913,591,1504,0.12079528992499416
911,597,1508,0.12080163756426737
904,593,1497,0.12081263601600944
907,601,1508,0.1208397093327736
896,600,1496,0.12085957311535578
895,605,1500,0.12090562059401905
892,602,1494,0.12095098957143663
893,600,1493,0.12100115860651997
892,607,1499,0.12104271499008977
893,604,1497,0.12108574479107903
898,604,1502,0.12112250551498337
903,606,1509,0.12114366680372221
903,613,1516,0.12115111750744535
901,609,1510,0.12115937869819725
897,610,1507,0.12117094052158742
902,614,1516,0.12118762986888423
905,618,1523,0.12118902609060334
902,609,1511,0.12118375627356999
909,607,1516,0.1211830254305982
904,600,1504,0.12116554230319952
900,599,1499,0.12115996703249957
901,598,1499,0.12116029408024373
910,602,1512,0.12115608574738847
900,603,1503,0.12113218737089645
914,599,1513,0.1211344199498112
909,597,1506,0.12110541511949957
906,602,1508,0.12108834389105652
900,612,1512,0.12108077999602881
898,610,1508,0.1210923207286331
890,606,1496,0.12110718770950486
892,610,1502,0.12113979892900006
891,616,1507,0.12116496648261077
886,617,1503,0.12118986399211952
890,617,1507,0.12122849353166112
899,612,1511,0.12125398382079848
905,615,1520,0.12125743946340302
892,616,1508,0.12124743883124976
893,614,1507,0.12126944841884119
885,615,1500,0.12129032252012452
891,621,1512,0.12132683046832275
890,609,1499,0.12134802116331425
896,604,1500,0.12136813906643877
900,604,1504,0.1213707793718894
901,605,1506,0.12136682888187757
907,612,1519,0.12135769508393444
901,611,1512,0.12133585693757183
896,606,1502,0.12133364429278697
881,611,1492,0.1213414837916191
877,613,1490,0.1213843946481822
874,616,1490,0.12142848574242207
878,618,1496,0.12147850068484174
879,612,1491,0.12151385020448133
889,619,1508,0.1215464718923981
889,623,1512,0.12155368668298695
884,621,1505,0.12156217538120102
875,628,1503,0.12157795436809657
883,636,1519,0.12161422084158437
884,627,1511,0.12163189080305542
877,624,1501,0.12164592894753731
872,624,1496,0.1216746622757821
867,627,1494,0.12171459450925515
875,626,1501,0.1217641383206362
875,628,1503,0.12179281959234078
875,638,1513,0.12182181035272102
870,629,1499,0.12184589727409073
862,631,1493,0.12187875589924625
859,638,1497,0.12192909775180422
855,635,1490,0.12198351355996163
854,634,1488,0.12204388741626632
855,638,1493,0.12210128573840442
859,641,1500,0.12215045933448695
862,637,1499,0.12218570718286496
860,641,1501,0.12220969820190669
868,637,1505,0.12223857597165598
874,644,1518,0.1222484468303555
867,645,1512,0.12224489243514122
864,644,1508,0.12225917357789286
872,645,1517,0.12228428119759155
869,645,1514,0.1222875312517536
866,654,1520,0.12229620603083212
854,657,1511,0.12231272687696033
862,657,1519,0.122353720067991
859,654,1513,0.12237480957915546
849,653,1502,0.1224022396316844
839,655,1494,0.12244984804593421
841,650,1491,0.12251739661733688
826,651,1477,0.12257521440651756
825,647,1472,0.12266211730294309
828,646,1474,0.12274630571697756
824,662,1486,0.12282064850175609
826,666,1492,0.122901477130508
825,672,1497,0.12297261569121996
814,677,1491,0.12304216707906235
818,685,1503,0.12313283158768434
822,686,1508,0.12320938986940252
830,682,1512,0.12327155161182324
824,686,1510,0.12330784826097295
828,682,1510,0.12335836352085211
821,680,1501,0.12339592703164044
817,673,1490,0.12344505710085923
825,674,1499,0.12350206337289592
827,672,1499,0.1235327565133258
819,677,1496,0.12355663017982638
832,674,1506,0.12359503896448733
838,674,1512,0.1236006692102395
830,672,1502,0.12359038097416951
824,671,1495,0.12360044268844878
828,674,1502,0.12362265463812867
830,668,1498,0.1236353728799089
826,679,1505,0.12364592783415955
815,681,1496,0.12366418185186716
822,682,1504,0.12370659800640717
817,689,1506,0.12373341761795485
811,693,1504,0.12376571118412588
813,684,1497,0.1238115203610276
816,683,1499,0.1238482394270152
818,694,1512,0.12387599112834945
818,693,1511,0.12389751118564224
815,698,1513,0.12391950420562589
810,702,1512,0.1239468041553281
810,701,1511,0.12398392961679267
807,698,1505,0.12402171431495755
805,704,1509,0.12406521318116356
804,713,1517,0.12411196300474557
814,700,1514,0.12415443114355847
811,699,1510,0.12417068865086862
806,705,1511,0.12419085685572902
811,692,1503,0.12422116931379801
811,685,1496,0.12423785250473188
811,688,1499,0.12425628354056706
813,691,1504,0.12427031828404324
809,695,1504,0.12427879285074422
806,698,1504,0.124298719487808
804,700,1504,0.12432575843411961
807,700,1507,0.12435521869772088
798,696,1494,0.12437760912121867
801,705,1506,0.1244221900767009
804,705,1509,0.12445758763475707
793,715,1508,0.12448615669782892
793,720,1513,0.12453538789649382
793,722,1515,0.124583009302197
783,714,1497,0.12462922967483102
778,707,1485,0.12469462410587112
777,719,1496,0.12476371221030394
777,721,1498,0.12483310378934588
786,720,1506,0.12489783381597652
786,711,1497,0.12493555200669855
786,716,1502,0.12496724187345143
783,718,1501,0.12499704592399524
791,713,1504,0.12503169979117693
784,713,1497,0.12504314811904294
784,720,1504,0.1250705034290085
781,724,1505,0.12509768720767628
792,736,1528,0.12513143792428733
796,728,1524,0.1251344914530136
790,722,1512,0.1251293624294991
790,731,1521,0.12513917359643625
787,735,1522,0.12515012702392386
794,723,1517,0.12516640236272145
791,728,1519,0.12516395857249488
792,729,1521,0.1251645227761311
784,721,1505,0.12516379773827796
783,732,1515,0.12518016344003072
777,729,1506,0.12519839694059645
774,729,1503,0.12523146994975196
781,733,1514,0.12527066730944128
788,721,1509,0.12528931298951854
779,720,1499,0.1252875741359436
782,717,1499,0.12530670451150297
780,719,1499,0.12532245749202972
789,715,1504,0.12534053710932014
788,713,1501,0.12533893847207314
784,714,1498,0.12534081113869391
795,713,1508,0.12534825001319833
787,711,1498,0.1253302708535527
794,709,1503,0.12533287532599446
806,712,1518,0.1253197972568224
804,706,1510,0.1252782794584136
813,704,1517,0.12524448409710207
812,698,1510,0.1251916559730779
812,709,1521,0.1251466186633574
800,700,1500,0.12510478136297423
808,705,1513,0.12509148220582625
805,711,1516,0.12505935313399383
807,713,1520,0.12503496999213815
810,712,1522,0.12501020534533538
805,715,1520,0.12498044250273996
795,713,1508,0.12496594701467002
794,716,1510,0.1249748074067527
786,722,1508,0.12498793881651987
784,719,1503,0.1250219769875808
775,730,1505,0.1250595137348942
777,739,1516,0.12511756355276632
771,736,1507,0.12516699605313703
765,737,1502,0.12522588693773806
763,741,1504,0.12529473328750257
772,744,1516,0.12536183418715022
764,751,1515,0.12540613507545142
752,752,1504,0.12546638247795766
751,748,1499,0.12555332022533724
751,753,1504,0.1256373879251634
751,750,1501,0.12571679033432595
755,751,1506,0.1257900960901488
758,741,1499,0.12584986352138589
752,751,1503,0.12589735155202397
756,758,1514,0.12595518178145115
750,749,1499,0.1259999754371675
757,757,1514,0.1260580481356791
751,761,1512,0.12609167534697277
752,749,1501,0.1261354950556026
744,753,1497,0.12617319918336914
744,754,1498,0.12622657349157554
742,761,1503,0.12627411301437008
742,756,1498,0.1263255418492734
733,767,1500,0.1263743534051913
749,757,1506,0.126438027854706
747,764,1511,0.12646386982474148
749,766,1515,0.12649490560243218
751,764,1515,0.12652086420685044
731,773,1504,0.12654409086784676
734,778,1512,0.12661164820087212
734,779,1513,0.12666358028862035
737,776,1513,0.12671150126082556
739,770,1509,0.1267502575383735
739,773,1512,0.1267805448447655
735,763,1498,0.12680572915507374
733,769,1502,0.12683920700105694
726,784,1510,0.12687402588642363
726,782,1508,0.12691950932737434
730,779,1509,0.12696211064797777
732,772,1504,0.12699342065749153
731,769,1500,0.1270181199117008
723,780,1503,0.12704258689489653
734,769,1503,0.12708436215040053
728,765,1493,0.12709958096972365
741,770,1511,0.12712731433558655
727,781,1508,0.12712129797709776
729,783,1512,0.12715076381873772
720,780,1500,0.1271728672645801
719,795,1514,0.12721686930246537
712,797,1509,0.12726100686498928
714,799,1513,0.12731858602068577
702,795,1497,0.12736882583791165
709,793,1502,0.1274449172615921
710,800,1510,0.1275003034046878
708,804,1512,0.12755052031356728
716,787,1503,0.12760235949254942
717,796,1513,0.12763298226642164
717,793,1510,0.12765459947829055
706,793,1499,0.1276749891619956
706,787,1493,0.12771983354304126
705,797,1502,0.1277633617130947
714,798,1512,0.1278042870526266
716,791,1507,0.12782076411034268
716,799,1515,0.12782998192684616
714,792,1506,0.1278403563290269
707,792,1499,0.12785559285075326
706,787,1493,0.12788516144466244
709,791,1500,0.1279147146516253
712,788,1500,0.12793878342178513
716,792,1508,0.12795148068533901
707,802,1509,0.12795587710090575
711,805,1516,0.12798277340667294
700,807,1507,0.12799884797726668
704,808,1512,0.12804033248959118
703,814,1517,0.12806735841715708
702,812,1514,0.1280944291566698
699,818,1517,0.12812316577913646
688,818,1506,0.1281594494257876
688,811,1499,0.1282168724967301
689,812,1501,0.1282731161521801
695,813,1508,0.12832141475109904
691,819,1510,0.12835374243275993
683,824,1507,0.12839199262746287
680,832,1512,0.12844358475994092
689,819,1508,0.12850147735162648
687,814,1501,0.12853438439519588
690,821,1511,0.12856921917908465
681,820,1501,0.12859214500079594
683,819,1502,0.12863337462965693
679,812,1491,0.12866987741023844
695,814,1509,0.12870984058434745
695,819,1514,0.12870589473313357
692,809,1501,0.1287036145869178
686,814,1500,0.12871212989605754
680,812,1492,0.12873243329130818
678,815,1493,0.12876570056580938
683,799,1482,0.12879949114409134
685,807,1492,0.1288182598945975
681,821,1502,0.12883515044461874
685,816,1501,0.12886077594716802
695,825,1520,0.12887498182298576
696,827,1523,0.12886532771824816
692,827,1519,0.1288549567502607
695,831,1526,0.12885755449536337
688,825,1513,0.12885331428255442
689,832,1521,0.1288649864515831
685,823,1508,0.12887277403434377
673,823,1496,0.12888791577026107
676,829,1505,0.1289307110054233
666,830,1496,0.12895823059929734
665,838,1503,0.12901062618543305
671,829,1500,0.12905901949127516
679,837,1516,0.12908993596656462
673,838,1511,0.12909780154638809
668,836,1504,0.12911919645771028
659,838,1497,0.12915347708183347
654,832,1486,0.12920496519104127
652,833,1485,0.12926355949682786
651,833,1484,0.1293240946954306
649,837,1486,0.1293862590368509
647,856,1503,0.1294508235877486
653,862,1515,0.129515701317923
658,855,1513,0.12956062549143302
655,863,1518,0.12958995927488434
652,864,1516,0.12962281956750998
654,853,1507,0.12965975519989126
651,844,1495,0.12968847454055543
658,854,1512,0.12972458980478987
653,848,1501,0.12974475750224268
665,855,1520,0.12977598988312888
659,859,1518,0.12977627619882978
647,866,1513,0.12979213695240766
636,851,1487,0.12983365595132423
641,859,1500,0.12989871971469605
644,852,1496,0.12994704277851235
643,858,1501,0.12998534394677572
642,867,1509,0.13002457951702318
632,865,1497,0.13006226105788035
638,864,1502,0.13012208630661382
640,863,1503,0.13016608468653085
644,864,1508,0.13020110108091185
631,870,1501,0.13022497705504912
630,868,1498,0.13027627608092066
633,866,1499,0.130324001343583
623,873,1496,0.1303629834360286
622,859,1481,0.13042472417372428
635,871,1506,0.13048654658365083
630,881,1511,0.13051353456538684
637,874,1511,0.13054820516627935
631,880,1511,0.1305666623004762
624,877,1501,0.13059794076871725
622,887,1509,0.1306459546743078
622,887,1509,0.1306950881516924
620,884,1504,0.13073882953182564
617,891,1508,0.13078525655147114
612,891,1503,0.130837915660932
618,898,1516,0.13089948082867864
622,897,1519,0.1309402806857195
630,895,1525,0.13096802228858961
627,896,1523,0.13097709308104
626,896,1522,0.1309911033207241
620,895,1515,0.13100697357249613
610,898,1508,0.1310356210658436
608,898,1506,0.131084499250877
609,897,1506,0.131134670899669
612,894,1506,0.13117772827044527
622,891,1513,0.13120954144829283
615,886,1501,0.1312182085385889
610,880,1490,0.13124369324275836
608,889,1497,0.1312800065105718
619,898,1517,0.13132122961540843
620,903,1523,0.13133194780519988
616,898,1514,0.1313397421524062
614,901,1515,0.13135602624213083
607,895,1502,0.1313779685330271
605,888,1493,0.13141688107045868
605,895,1500,0.13145684575902067
604,903,1507,0.13149428777654762
603,900,1503,0.13153291386873797
601,899,1500,0.1315708231048854
601,900,1501,0.13161105015680363
596,902,1498,0.13164656701669364
602,911,1513,0.1316901114278554
599,908,1507,0.1317176216416846
598,892,1490,0.1317497153870164
594,897,1491,0.13178073209238214
590,889,1479,0.13181931272984276
602,889,1491,0.13186256781546257
605,903,1508,0.13187676850690364
607,903,1510,0.1318793467848458
615,908,1523,0.13187631531740368
607,909,1516,0.13185635179276198
599,898,1497,0.13185628099599966
602,898,1500,0.1318753425761066
603,902,1505,0.13188620086484756
601,910,1511,0.1318933614484896
608,919,1527,0.13190565613042143
609,907,1516,0.131901210944768
609,904,1513,0.131893685780492
606,901,1507,0.1318848541624857
607,912,1519,0.13188589269371725
607,911,1518,0.131883100319318
607,909,1516,0.13188209685374078
606,900,1506,0.13188259548866882
605,900,1505,0.13188569115702323
603,901,1504,0.13188972054588724
603,909,1512,0.13189875254417793
600,904,1504,0.13190488097250466
599,903,1502,0.13191742713180896
594,915,1509,0.1319339488962809
596,907,1503,0.13196199912867013
591,909,1500,0.13198098253705978
592,921,1513,0.13201371182495947
601,919,1520,0.1320434186015134
595,916,1511,0.1320502046689782
589,915,1504,0.132071998239151
581,924,1505,0.13210660564026536
575,923,1498,0.1321550459385288
581,932,1513,0.13221184214947154
581,941,1522,0.13225489148188496
581,934,1515,0.13229641144536416
583,934,1517,0.13233425327802376
570,930,1500,0.13236368576477792
570,933,1503,0.13242009818873948
565,943,1508,0.13247550640864816
567,944,1511,0.1325410187450359
571,949,1520,0.13259574906044563
569,953,1522,0.1326383082760748
562,943,1505,0.1326793125920415
569,953,1522,0.13273409490835936
562,945,1507,0.13276993644828797
561,948,1509,0.132818843641682
567,941,1508,0.13286949949589855
556,946,1502,0.13290241568686192
550,949,1499,0.13295870499477405
548,953,1501,0.13302507485991266
544,946,1490,0.13309173625487986
553,953,1506,0.13316582039896419
545,958,1503,0.13321471016039685
551,963,1514,0.13327590811510287
547,967,1514,0.13331764970721655
551,966,1517,0.13336657598535584
546,965,1511,0.1334022712254499
558,963,1521,0.1334486584443881
552,966,1518,0.13346504504741238
552,972,1524,0.1334922185043802
553,974,1527,0.13351637385608503
544,975,1519,0.13353730512048728
541,976,1517,0.13357981277653658
548,983,1531,0.13362975808268046
542,980,1522,0.13365947263735264
529,973,1502,0.1336986735374317
531,975,1506,0.13376628767713897
527,977,1504,0.1338230735592831
521,979,1500,0.133886450327506
515,987,1502,0.13395988859123764
513,977,1490,0.13404024468744002
515,974,1489,0.13412118074404633
516,980,1496,0.13419067682851188
516,981,1497,0.13424700978311999
519,986,1505,0.13429822361006075
524,985,1509,0.13434116714552677
520,976,1496,0.1343667829361185
524,982,1506,0.13440249895129358
525,980,1505,0.13442298391059818
525,965,1490,0.13444086894808582
528,971,1499,0.13445939290758274
531,970,1501,0.13446948292108016
527,970,1497,0.1344725236416709
532,971,1503,0.1344876199383205
529,983,1512,0.13448434733019407
532,974,1506,0.13448856987726118
530,984,1514,0.13448655826044276
532,983,1515,0.1344897683871239
537,985,1522,0.1344893067407813
538,987,1525,0.13447917675375645
534,987,1521,0.13446943302947628
529,992,1521,0.13447066308509809
529,1000,1529,0.13448508957279606
524,989,1513,0.13449915172252747
519,994,1513,0.13452074039707024
520,984,1504,0.13455600577950808
523,986,1509,0.1345882915421858
519,994,1513,0.13461089485994052
524,993,1517,0.1346402855976941
517,992,1509,0.13465451862297492
507,991,1498,0.13468573044161786
513,994,1507,0.13473814706740478
510,991,1501,0.13477035015065297
511,992,1503,0.13480946213878695
514,993,1507,0.1348409910932789
513,999,1512,0.13486422206185758
514,1006,1520,0.13488936161785714
506,1004,1510,0.13490657235795459
515,1005,1520,0.13494129758852502
512,1005,1517,0.13495342355898232
511,1001,1512,0.13497477028394994
511,997,1508,0.13499676272704328
503,1000,1503,0.1350196910657705
505,994,1499,0.1350601638764149
507,1008,1515,0.13509193227933036
510,1003,1513,0.1351145750438933
507,1003,1510,0.13512724138785143
507,1004,1511,0.1351476579579292
503,1014,1517,0.1351658492766065
507,1004,1511,0.13519397789198304
501,1002,1503,0.13521248490211188
499,1013,1512,0.13524361621733053
500,1028,1528,0.13527676528760602
500,1026,1526,0.1353060350005579
491,1026,1517,0.1353332984560618
487,1025,1512,0.13538143087356944
490,1024,1514,0.1354373317059469
488,1023,1511,0.13548208124038663
482,1023,1505,0.13553050938107888
483,1029,1512,0.1355912894977272
484,1030,1514,0.13564080827692798
478,1033,1511,0.13568667679452534
486,1044,1530,0.1357426307541057
483,1028,1511,0.13577455741686623
483,1024,1507,0.13581056197887548
486,1020,1506,0.13584226001967475
477,1031,1508,0.13586580862681377
480,1040,1520,0.13590945809692345
477,1040,1517,0.13594437500750906
473,1039,1512,0.13598374875767683
481,1038,1519,0.13603201203359147
476,1039,1515,0.13605737481282976
478,1028,1506,0.13609336012250528
482,1024,1506,0.13612402303448662
478,1023,1501,0.13614256712038786
479,1007,1486,0.13616816575464677
479,1028,1507,0.13619105123115607
478,1039,1517,0.1362106261166659
469,1048,1517,0.13623063095491397
472,1052,1524,0.13626645864341058
471,1048,1519,0.1362948333689413
477,1044,1521,0.13632468721128835
479,1053,1532,0.13633500294968365
474,1036,1510,0.13634020262010277
477,1038,1515,0.1363557870188528
470,1045,1515,0.1363652079173779
460,1052,1512,0.1363910940173221
464,1049,1513,0.13643903136252875
459,1052,1511,0.136472446625323
463,1055,1518,0.13651574110165374
462,1060,1522,0.13654712435826755
452,1054,1506,0.1365781745595871
458,1048,1506,0.13663023069707486
452,1047,1499,0.13666684447564872
458,1049,1507,0.1367165455482754
460,1050,1510,0.1367498225083791
460,1059,1519,0.13677534080113182
458,1067,1525,0.13679999559109862
454,1068,1522,0.1368271646837439
456,1067,1523,0.13686319675748712
459,1051,1510,0.1368906475828517
465,1048,1513,0.1369064771649227
467,1041,1508,0.13690579040579698
459,1044,1503,0.13689901944942487
457,1045,1502,0.13691663328901416
457,1062,1519,0.13693832053896096
456,1062,1518,0.136961069564686
452,1059,1511,0.13698918340336977
448,1059,1507,0.1370258151462154
451,1057,1508,0.13706878415537735
443,1068,1511,0.13710096362532337
440,1071,1511,0.1371510501284332
448,1072,1520,0.13720224976480247
443,1075,1518,0.13723057741180514
434,1073,1507,0.13726655951142339
438,1072,1510,0.1373236003393816
441,1072,1513,0.1373692436095443
444,1070,1514,0.13739893464700573
440,1071,1511,0.1374184190509748
440,1073,1513,0.13744443116717842
443,1080,1523,0.13747096773651735
441,1080,1521,0.13748514096406114
433,1086,1519,0.13750462637884783
436,1077,1513,0.13754043516738473
439,1084,1523,0.13756757888641677
434,1086,1520,0.13758358251038133
435,1073,1508,0.13761209744313152
422,1079,1501,0.13763586201970804
414,1074,1488,0.13768911073077827
419,1079,1498,0.13775834982025148
413,1086,1499,0.13781360976481796
409,1097,1506,0.13787788553035416
399,1113,1512,0.13794943629782014
399,1119,1518,0.13803945889537605
398,1126,1524,0.1381261356329208
395,1131,1526,0.1382105665666707
398,1126,1524,0.13829735562227907
404,1124,1528,0.13836951764052427
399,1116,1515,0.13842351310545686
391,1122,1513,0.13848637793230284
391,1119,1510,0.13856279533717297
396,1118,1514,0.13863154203128272
400,1120,1520,0.1386834788450585
397,1123,1520,0.13872178169744762
392,1131,1523,0.13876799430443124
394,1129,1523,0.1388204727376721
397,1126,1523,0.1388626469256253
394,1132,1526,0.13889255515665794
385,1124,1509,0.1389294888320647
385,1121,1506,0.138985482896166
391,1115,1506,0.1390381032010165
381,1116,1497,0.13907198901031545
377,1122,1499,0.13912686701188473
375,1131,1506,0.13918841876689328
376,1123,1499,0.1392538630175281
375,1133,1508,0.13930861529741
373,1134,1507,0.13936434998416383
368,1134,1502,0.1394229848031282
369,1129,1498,0.13948809475658466
365,1123,1488,0.13954666243726302
366,1125,1491,0.13961122764982745
365,1150,1515,0.1396725803908209
366,1151,1517,0.13973265218151032
369,1161,1530,0.13978646931368913
369,1150,1519,0.13982913524812413
367,1152,1519,0.13986760920175065
369,1147,1516,0.139907993512948
367,1155,1522,0.13994057746403285
367,1159,1526,0.13997489056449977
372,1153,1525,0.14000947336093536
373,1144,1517,0.14002935267743755
363,1146,1509,0.14004178265149064
365,1152,1517,0.14007689768144366
368,1151,1519,0.14010760313159623
366,1137,1503,0.1401280535504981
365,1141,1506,0.14015303811067226
363,1160,1523,0.14017757175899712
369,1155,1524,0.1402058442002152
365,1147,1512,0.14021947195836912
370,1139,1509,0.14024124885233374
373,1145,1518,0.1402503107316345
370,1143,1513,0.1402463802948153
372,1140,1512,0.1402498725738655
369,1148,1517,0.14024877427767923
370,1140,1510,0.14025469640225768
371,1150,1521,0.14025905944005437
371,1140,1511,0.1402600868056872
363,1141,1504,0.14026336456942845
361,1127,1488,0.14028726299278138
369,1129,1498,0.14030789734966187
360,1129,1489,0.14030990073939772
361,1156,1517,0.14033351667292282
365,1156,1521,0.14035269750481347
364,1158,1522,0.14035780199347164
359,1160,1519,0.14036462258707855
357,1167,1524,0.14038347045708685
361,1155,1516,0.14040814750489655
364,1143,1507,0.14041978216984602
369,1145,1514,0.14042381589359287
369,1135,1504,0.14041601038947352
365,1131,1496,0.14041152308271068
367,1140,1507,0.140413453500679
361,1147,1508,0.1404114853139232
359,1153,1512,0.140426187487733
356,1149,1505,0.14044569036852317
358,1144,1502,0.1404732807273117
354,1151,1505,0.14049232656298627
355,1154,1509,0.14051909401662674
355,1158,1513,0.14054241054934735
360,1160,1520,0.14056388101121134
356,1153,1509,0.1405719494225354
354,1148,1502,0.14058989784342077
353,1151,1504,0.14061146276400727
348,1154,1502,0.14063328061167804
350,1152,1502,0.1406672632710318
346,1166,1512,0.14069133580668303
350,1165,1515,0.14072433289681524
354,1169,1523,0.14074356852055808
357,1155,1512,0.14075098335953284
353,1155,1508,0.14075291997502248
350,1167,1517,0.14076601434243094
350,1172,1522,0.14078566352639846
347,1167,1514,0.1408039173054274
351,1164,1515,0.14082520582460378
349,1174,1523,0.14083806928439274
346,1171,1517,0.1408553943401278
339,1173,1512,0.14088007199629413
342,1157,1499,0.14092268421256132
338,1158,1496,0.1409552422936859
342,1164,1506,0.14099687979651945
345,1163,1508,0.14102166667249386
344,1163,1507,0.14103935780575363
342,1170,1512,0.14106130534213915
341,1177,1518,0.14108504597897958
347,1177,1524,0.1411077558924884
346,1175,1521,0.14111253498132934
346,1175,1521,0.14112226603156272
350,1178,1528,0.1411324221583184
339,1178,1517,0.14112939127092097
336,1174,1510,0.1411523578283564
331,1181,1512,0.1411837869735518
327,1181,1508,0.141223906305911
328,1175,1503,0.14127315435569732
329,1181,1510,0.1413173666667836
328,1186,1514,0.14135507131134845
319,1190,1509,0.1413927867993205
321,1190,1511,0.14144695807431484
323,1196,1519,0.14149447165798518
321,1200,1521,0.1415339829167913
311,1195,1506,0.14157470099646838
317,1193,1510,0.1416372861977329
315,1203,1518,0.14167909566258288
315,1178,1493,0.1417235736304745
305,1192,1497,0.141766293968733
302,1198,1500,0.14182898185785495
307,1198,1505,0.14189360395452685
300,1205,1505,0.14194248538372162
299,1219,1518,0.14200448528746612
295,1225,1520,0.14206577804609932
291,1228,1519,0.14213044532919802
284,1221,1505,0.1422017292199161
288,1220,1508,0.14228611674556008
288,1225,1513,0.14235601351236268
283,1229,1512,0.14242253812015299
287,1237,1524,0.1424961607031778
280,1234,1514,0.14255642037990568
277,1235,1512,0.142629773599858
274,1242,1516,0.14270531574219636
280,1238,1518,0.14278252044999953
278,1240,1518,0.14283914030600237
272,1246,1518,0.14289725725896932
271,1261,1532,0.14296311586003985
272,1241,1513,0.14302709247741785
274,1237,1511,0.1430840324790568
274,1243,1517,0.1431327480684134
277,1244,1521,0.14317822305328506
276,1240,1516,0.14321326224153016
274,1229,1503,0.14324888218895507
281,1228,1509,0.14328797893227294
271,1233,1504,0.14330722081617572
272,1237,1509,0.14335184922225852
270,1227,1497,0.14339051622295965
263,1233,1496,0.14343182046286088
264,1239,1503,0.1434878785103944
264,1237,1501,0.14353828885817943
262,1231,1493,0.14358343518087974
261,1246,1507,0.14363280766487885
256,1255,1511,0.143679135679545
263,1248,1511,0.14373519428112608
265,1245,1510,0.14376969851901547
264,1254,1518,0.14379556691108572
256,1261,1517,0.14382089603043155
251,1260,1511,0.14386594213362397
245,1265,1510,0.14392060704063972
241,1274,1515,0.14398777442661517
241,1277,1518,0.14406030028754244
239,1278,1517,0.14412914592417095
237,1292,1529,0.14419747617851175
238,1297,1535,0.144264490837735
239,1295,1534,0.14432604516440553
240,1293,1533,0.14438285374149484
240,1286,1526,0.14443553161061676
235,1277,1512,0.1444843638381813
239,1282,1521,0.1445381002231971
241,1276,1517,0.14457460005344566
241,1288,1529,0.14460343032161116
242,1287,1529,0.14463284774894758
243,1285,1528,0.1446581914485571
241,1284,1525,0.14468110830855607
244,1278,1522,0.14470750348486255
244,1278,1522,0.14472458241245503
244,1281,1525,0.14474078807343901
248,1288,1536,0.14475668932647648
248,1268,1516,0.14476069353437235
242,1278,1520,0.14476468953049001
243,1281,1524,0.14478378295838865
235,1280,1515,0.14479802591729787
233,1282,1515,0.144832397479533
236,1275,1511,0.14486927566890376
235,1271,1506,0.1448954989933544
236,1264,1500,0.14492464175735673
232,1281,1513,0.14495122980396172
236,1284,1520,0.14498669694601557
233,1290,1523,0.1450094901637142
228,1289,1517,0.14503958024917016
227,1300,1527,0.1450796786681095
230,1300,1530,0.14512040897357498
229,1297,1526,0.14515084257200137
223,1300,1523,0.14518297583004333
215,1291,1506,0.14522748255050655
222,1294,1516,0.14528822679063455
219,1282,1501,0.14532755860875723
215,1295,1510,0.14537123893331072
212,1301,1513,0.14542050120908326
209,1301,1510,0.14547408903772233
206,1303,1509,0.1455287539982096
210,1303,1513,0.14558631590926147
212,1298,1510,0.14562856989048983
212,1292,1504,0.1456629928252833
221,1290,1511,0.14569611127722482
215,1295,1510,0.14570444386857928
213,1295,1508,0.14572866326870698
215,1299,1514,0.14575605976028086
219,1298,1517,0.14577756933019445
218,1291,1509,0.14578686065071378
213,1301,1514,0.1457983974443802
212,1292,1504,0.14582351691404694
211,1295,1506,0.14584802172730388
207,1298,1505,0.14587338914296974
207,1312,1519,0.1459057027455437
203,1305,1508,0.1459370642441351
208,1311,1519,0.14597566321467806
207,1314,1521,0.14599895139961766
211,1317,1528,0.1460220118222934
208,1304,1512,0.1460325888793949
205,1295,1500,0.14605044345238505
207,1309,1516,0.14607613532465677
211,1299,1510,0.14609525617866845
208,1303,1511,0.14609998333205143
202,1305,1507,0.14611416770629831
199,1312,1511,0.14614296979267224
199,1324,1523,0.14617776812906544
196,1329,1525,0.14620999930683815
196,1320,1516,0.14624969023911055
188,1318,1506,0.14628751507307544
187,1322,1509,0.14634044972550384
187,1328,1515,0.14639110020505888
183,1307,1490,0.1464397441091123
182,1317,1499,0.146496736068121
179,1328,1507,0.14655156664047908
181,1337,1518,0.14660999438169806
177,1343,1520,0.14665758195785528
175,1336,1511,0.14671049902254832
172,1322,1494,0.14676510476686155
173,1324,1497,0.14682331381670014
171,1340,1511,0.14687539116393855
171,1347,1518,0.14693072132853893
169,1360,1529,0.14698257608782025
171,1342,1513,0.14703597857569625
167,1334,1501,0.14708147808571723
173,1345,1518,0.14713385555585373
170,1340,1510,0.14716884273868294
170,1342,1512,0.1472104696862097
171,1343,1514,0.14724945869766565
167,1340,1507,0.14728302884076303
160,1342,1502,0.1473248815872551
157,1351,1508,0.1473799522982092
156,1350,1506,0.1474386243046579
156,1357,1513,0.14749716637636495
156,1362,1518,0.1475496493232219
154,1355,1509,0.1475990718269918
159,1355,1514,0.1476502702733454
154,1350,1504,0.14768421064625714
150,1354,1504,0.1477275624037631
151,1349,1500,0.14777673320242954
150,1357,1507,0.14781966915304942
149,1354,1503,0.14786263985279968
145,1366,1511,0.14790497076102185
150,1363,1513,0.14795283630527797
148,1372,1520,0.1479852962077493
151,1371,1522,0.1480193714466541
149,1371,1520,0.14804211737620498
147,1370,1517,0.14806981890362375
151,1377,1528,0.14809989066466447
151,1379,1530,0.14811905642801204
149,1372,1521,0.14813684259602397
152,1369,1521,0.14815947116644254
150,1371,1521,0.14817268858669622
154,1377,1531,0.1481901502508012
152,1390,1542,0.14819560230411402
150,1385,1535,0.1482072279162072
147,1378,1525,0.14822336282558266
145,1381,1526,0.14824714493342658
142,1382,1524,0.14827454359878786
141,1357,1498,0.14830917853778544
137,1366,1503,0.14834437652757335
130,1374,1504,0.1483863740856393
132,1383,1515,0.14844175240897292
132,1382,1514,0.14848898796210797
134,1384,1518,0.1485312700032906
133,1378,1511,0.1485647179793759
134,1378,1512,0.14859900293487116
133,1389,1522,0.14862733245130647
134,1398,1532,0.14865516730958042
135,1394,1529,0.14867891321878482
135,1397,1532,0.14869875697041482
135,1376,1511,0.14871835422866375
141,1378,1519,0.14873834926536017
138,1367,1505,0.1487393998225604
134,1373,1507,0.14874823838548276
131,1377,1508,0.14876804449867412
130,1381,1511,0.14879458689403902
133,1386,1519,0.1488210642548791
131,1377,1508,0.14883785363584998
123,1377,1500,0.14885864802571203
125,1383,1508,0.14889893898518522
124,1399,1523,0.1489309305520727
123,1404,1527,0.14896253267351878
119,1409,1528,0.14899612253902694
116,1403,1519,0.14903881291913376
113,1414,1527,0.14908584324699664
110,1400,1510,0.14913656996741856
115,1401,1516,0.1491918457695232
115,1415,1530,0.14923151235835477
117,1405,1522,0.149268986198334
116,1412,1528,0.1492975745667821
115,1403,1518,0.1493274485126655
115,1403,1518,0.14935960140741275
115,1404,1519,0.14938992114851551
111,1404,1515,0.1494176171108905
111,1396,1507,0.14945243510313977
112,1405,1517,0.14948648648905774
112,1397,1509,0.1495135411258949
112,1403,1515,0.14953745179824995
109,1408,1517,0.14956027851583595
112,1412,1524,0.14959029580875716
111,1410,1521,0.14961133027404427
110,1395,1505,0.1496334625624657
112,1400,1512,0.14965759201223475
110,1397,1507,0.1496748812920658
111,1385,1496,0.14969672122646469
108,1394,1502,0.14971237050417863
109,1402,1511,0.14973462898214696
112,1411,1523,0.1497531220023946
111,1420,1531,0.14976277100255797
109,1403,1512,0.14977402766005188
110,1415,1525,0.1497910410391927
113,1417,1530,0.14980319902420225
114,1411,1525,0.14980901303907637
114,1412,1526,0.1498124024372819
111,1416,1527,0.14981439949107014
111,1404,1515,0.14982417730004743
110,1405,1515,0.149831487030738
106,1402,1508,0.14984000867819863
108,1386,1494,0.1498592358093371
105,1395,1500,0.1498718257700886
105,1401,1506,0.14989052975815037
106,1397,1503,0.14990853033312723
106,1412,1518,0.14992394504215759
105,1415,1520,0.14993897953885943
105,1419,1524,0.1499553653926747
102,1418,1520,0.14997163083784823
100,1416,1516,0.14999390153508915
97,1415,1512,0.15001843274266619
98,1419,1517,0.15004853054477418
97,1427,1524,0.1500732708656548
100,1410,1510,0.1500987279309055
101,1419,1520,0.15011611541039374
100,1421,1521,0.1501293516827007
102,1420,1522,0.15014313639169838
97,1422,1519,0.1501495770823119
92,1417,1509,0.15016799882334625
93,1417,1510,0.1501981244188084
92,1420,1512,0.15022388464188496
91,1428,1519,0.15025197536503404
90,1420,1510,0.15027990886150971
91,1423,1514,0.1503089175195562
90,1424,1514,0.15033394076273449
86,1426,1512,0.1503605538972731
88,1436,1524,0.15039461986064462
85,1420,1505,0.15042101719582027
84,1427,1511,0.15045424719870482
82,1430,1512,0.1504873622665594
84,1425,1509,0.1505219962468229
84,1426,1510,0.1505496119117622
85,1432,1517,0.15057431783006725
87,1438,1525,0.15059586332819117
87,1430,1517,0.15061079157268384
86,1440,1526,0.15062404416943936
87,1433,1520,0.15063896446503
89,1440,1529,0.15065172260733445
86,1436,1522,0.15065755866372843
84,1434,1518,0.15067118200141594
88,1432,1520,0.15068841157168142
85,1417,1502,0.15069376145560895
80,1432,1512,0.15070574566950812
82,1437,1519,0.15072952771691767
83,1444,1527,0.15074755272282
81,1440,1521,0.150762124758165
80,1437,1517,0.15078154342918634
79,1448,1527,0.1508032967365448
85,1436,1521,0.15082632344954322
88,1430,1518,0.15082875596729878
86,1423,1509,0.1508229482619235
85,1432,1517,0.15082353148566213
83,1431,1514,0.15082588930499732
76,1425,1501,0.1508340343520434
76,1431,1507,0.15085823772985346
77,1443,1520,0.15088103152356203
76,1449,1525,0.15090027855986043
75,1443,1518,0.15092020876793502
79,1441,1520,0.15094130006955347
77,1438,1515,0.15095110293532357
75,1435,1510,0.15096430233769845
75,1454,1529,0.1509827294976418
75,1447,1522,0.15100056578175625
76,1448,1524,0.15101690709168042
77,1445,1522,0.1510302014720324
74,1440,1514,0.15104057698400325
70,1438,1508,0.1510570831194855
68,1440,1508,0.15108347659892543
66,1449,1515,0.15111298344364335
66,1456,1522,0.15114595122991265
69,1450,1519,0.15117790825194105
67,1442,1509,0.15119943686107384
63,1463,1526,0.15122439745870214
64,1456,1520,0.15125763740874146
62,1459,1521,0.1512859116990302
62,1459,1521,0.1513176384143757
62,1456,1518,0.15134708458695417
62,1449,1511,0.15137223767604124
62,1455,1517,0.1513959170657832
64,1455,1519,0.15141805916554385
62,1455,1517,0.1514340320829692
63,1454,1517,0.15145609069535684
66,1444,1510,0.1514742973180284
63,1454,1517,0.15148303384671127
60,1457,1517,0.15149909407492904
60,1462,1522,0.1515201796366057
61,1455,1516,0.15153972446723082
62,1458,1520,0.15155642493885416
64,1459,1523,0.15156872255195972
63,1451,1514,0.1515757911246212
65,1454,1519,0.1515856178368528
64,1458,1522,0.15158925196012699
65,1455,1520,0.15159597898382382
64,1449,1513,0.15159996457279187
66,1457,1523,0.15160686799213383
67,1453,1520,0.15160767346721016
66,1451,1517,0.15160571411205112
64,1447,1511,0.15160753991768516
61,1455,1516,0.1516144855338086
59,1460,1519,0.15162852599862903
59,1465,1524,0.15164717616757264
57,1453,1510,0.151664187749859
56,1456,1512,0.1516851394822514
55,1463,1518,0.15170653779199572
55,1461,1516,0.15172972737409077
56,1459,1515,0.1517512404298083
58,1458,1516,0.15176874003229304
57,1451,1508,0.15177959468359756
56,1451,1507,0.1517927024586848
56,1459,1515,0.15180785597295635
54,1464,1518,0.15182109719451473
54,1473,1527,0.15183873857824573
52,1480,1532,0.15185486925514932
51,1468,1519,0.1518750146506891
50,1467,1517,0.15189668530118547
49,1462,1511,0.1519197298606022
41,1463,1504,0.15194294003375947
42,1486,1528,0.1519826818237212
41,1485,1526,0.15201724867480362
40,1496,1536,0.15205242080848774
39,1489,1528,0.15208816521414786
40,1486,1526,0.15212431185834865
41,1476,1517,0.15215620428296103
44,1470,1514,0.15218327630414372
44,1475,1519,0.15220163790109228
44,1471,1515,0.1522183535889663
45,1460,1505,0.15223354454557547
43,1471,1514,0.15224582471696727
44,1473,1517,0.1522624942948224
45,1476,1521,0.15227532607247146
45,1468,1513,0.15228554043491943
43,1476,1519,0.15229343384538402
43,1479,1522,0.15230586469405935
46,1477,1523,0.15231709706547517
46,1468,1514,0.15232050919652995
45,1477,1522,0.1523233894942903
43,1480,1523,0.15232901809757898
43,1473,1516,0.15233929410846503
42,1475,1517,0.15234958397581788
42,1483,1525,0.15236175064248136
41,1479,1520,0.15237372277411565
42,1479,1521,0.15238763008505646
40,1474,1514,0.15239686999653873
42,1465,1507,0.15241059087804576
43,1470,1513,0.1524175868895031
43,1478,1521,0.15242158768754266
43,1472,1515,0.15242500985790947
41,1469,1510,0.15242898383780207
43,1473,1516,0.1524380011935325
42,1471,1513,0.15244115785163595
43,1469,1512,0.15244698194030235
43,1467,1510,0.15244980806111263
42,1468,1510,0.15245237327325253
38,1482,1520,0.15245762593454104
37,1471,1508,0.1524727965128622
36,1476,1512,0.15248965426929975
36,1476,1512,0.1525075069791246
38,1470,1508,0.1525249009139087
38,1467,1505,0.15253622125033017
39,1480,1519,0.1525464493716258
39,1477,1516,0.15255325764171132
40,1474,1514,0.15255924395797166
40,1476,1516,0.15256265794861215
38,1479,1517,0.1525664433878397
37,1468,1505,0.1525743985526442
38,1463,1501,0.15258455534128054
37,1465,1502,0.1525902838045168
35,1483,1518,0.152598540307379
34,1483,1517,0.15261208497523693
34,1471,1505,0.15262710969144183
36,1476,1512,0.15264150792440548
37,1481,1518,0.15264957191420353
37,1487,1524,0.15265511270689752
37,1483,1520,0.15266078767162666
36,1473,1509,0.1526665429983438
37,1467,1504,0.15267450246119577
38,1485,1523,0.15267907661929397
39,1485,1524,0.1526811866243744
39,1477,1516,0.15268032732913567
39,1479,1518,0.15267999310952088
38,1471,1509,0.15268012114312612
37,1457,1494,0.15268182203272018
38,1467,1505,0.15268493974424976
37,1469,1506,0.15268680449295782
38,1471,1509,0.15269120956831078
36,1480,1516,0.15269332429872315
38,1478,1516,0.15269902232162583
39,1481,1520,0.15269731861658292
39,1473,1512,0.15269399762450175
38,1499,1537,0.15269151140971482
38,1497,1535,0.15269190636846308
39,1493,1532,0.15269279315069945
38,1497,1535,0.15269179956963366
35,1479,1514,0.15269232934542104
37,1482,1519,0.15269983577346902
37,1500,1537,0.15270180130286493
36,1489,1525,0.1527041688729068
32,1487,1519,0.1527086455584128
31,1488,1519,0.15272224728075784
30,1507,1537,0.15273672106874772
31,1489,1520,0.15275281712342811
33,1478,1511,0.15276519611382428
33,1465,1498,0.15277175158171363
33,1462,1495,0.15277844142132296
31,1473,1504,0.1527852058350662
33,1471,1504,0.1527963854396751
31,1481,1512,0.15279963260117221
31,1488,1519,0.15280767134689272
32,1482,1514,0.15281582616124578
32,1479,1511,0.1528215770566772
32,1476,1508,0.15282750008731788
32,1494,1526,0.15283353424054488
31,1502,1533,0.15283962709833993
31,1501,1532,0.1528479620268063
32,1513,1545,0.1528550735771598
32,1503,1535,0.15285980798749368
32,1501,1533,0.1528646429596659
32,1490,1522,0.15286953484676558
27,1488,1515,0.15287444627648747
27,1491,1518,0.15289054910519867
29,1492,1521,0.15290589044740016
29,1491,1520,0.15291440928867042
26,1485,1511,0.1529226691346223
26,1485,1511,0.15293746871754307
27,1484,1511,0.15295081137963856
26,1481,1507,0.15296054974972825
27,1479,1506,0.15297256731073594
29,1475,1504,0.15298156435528734
30,1481,1511,0.15298397315961224
32,1485,1517,0.15298346870058807
32,1473,1505,0.15297776351513584
31,1486,1517,0.15297193888086705
31,1497,1528,0.15296933295112042
29,1494,1523,0.15296735603860143
31,1491,1522,0.15297041540225828
30,1494,1524,0.15296930522104407
31,1502,1533,0.15297096518424336
31,1503,1534,0.15297068535682942
30,1487,1517,0.15297083102979742
31,1489,1520,0.15297351033963424
31,1483,1514,0.15297308999874143
32,1480,1512,0.1529731043172745
31,1481,1512,0.15297021488097856
32,1475,1507,0.152971107111577
31,1484,1515,0.152968994849113
32,1479,1511,0.152969532919486
32,1476,1508,0.152967272419685
32,1470,1502,0.15296555036143403
32,1485,1517,0.1529632138062003
31,1486,1517,0.1529603461080886
29,1488,1517,0.152960291990709
30,1492,1522,0.15296592564604838
29,1487,1516,0.15296925838033726
29,1493,1522,0.15297485447434006
28,1494,1522,0.1529803816697903
28,1490,1518,0.15298805892995143
28,1499,1527,0.15299548121935494
27,1505,1532,0.15300264325616056
26,1487,1513,0.15301175838289086
27,1493,1520,0.1530226294894575
27,1488,1515,0.15303069543704867
27,1495,1522,0.15303840609321562
27,1502,1529,0.1530457698796262
26,1508,1534,0.15305279598463556
24,1503,1527,0.15306169175619458
24,1492,1516,0.1530744962066566
24,1486,1510,0.15308659824358087
24,1476,1500,0.15309695042834362
24,1475,1499,0.1531068390859442
24,1479,1503,0.153116276175143
25,1481,1506,0.15312527450720137
25,1487,1512,0.15313057205509323
25,1499,1524,0.15313576437818446
24,1497,1521,0.15314083674287868
25,1489,1514,0.15314792988944695
25,1486,1511,0.15315252834336404
24,1493,1517,0.1531569978115459
23,1492,1515,0.15316352341062042
22,1487,1509,0.1531719577295084
23,1493,1516,0.1531826412034714
23,1504,1527,0.15318945647075297
24,1502,1526,0.15319600745998468
24,1487,1511,0.15319917364383034
24,1496,1520,0.1532023637361044
26,1488,1514,0.1532055552611229
28,1481,1509,0.1532022050883463
27,1470,1497,0.15319315300671923
27,1473,1500,0.15318811525006482
27,1497,1524,0.1531832042224026
27,1499,1526,0.15317900704069656
29,1496,1525,0.15317441758642455
30,1481,1511,0.15316399501381753
29,1487,1516,0.15315153461948044
29,1486,1515,0.1531426389865658
29,1493,1522,0.15313397338282908
29,1495,1524,0.15312587103252223
31,1498,1529,0.15311888236414245
31,1487,1518,0.1531072103192208
31,1495,1526,0.1530968263634435
31,1490,1521,0.15308765836420948
31,1493,1524,0.15307957605377237
30,1480,1510,0.15307138001337312
30,1494,1524,0.15306678729832446
30,1474,1504,0.1530629213193795
30,1486,1516,0.15305969470938663
29,1493,1522,0.15305748487604504
31,1491,1522,0.15305784162336317
30,1477,1507,0.15305293826099983
30,1468,1498,0.15305094180823328
32,1482,1514,0.15304916894179438
32,1475,1507,0.15304214899280752
31,1472,1503,0.15303594939068035
31,1477,1508,0.15303263463739936
32,1475,1507,0.15302871970680007
32,1466,1498,0.15302216874165606
33,1477,1510,0.15301536043480266
37,1483,1520,0.15300716458935593
38,1481,1519,0.15298778075213465
38,1474,1512,0.15296803002835985
36,1480,1516,0.15294815442875645
35,1472,1507,0.15293461840398812
36,1471,1507,0.1529248941769208
37,1475,1512,0.15291408673567278
39,1487,1526,0.15290074184571004
40,1484,1524,0.15288411820029044
38,1477,1515,0.15286647359575714
40,1481,1521,0.15285496659674924
40,1477,1517,0.15283637331722932
40,1479,1519,0.15281975071047277
40,1463,1503,0.1528039609459569
40,1472,1512,0.15278933651124427
40,1477,1517,0.1527743895710114
39,1470,1509,0.15276137482560467
40,1476,1516,0.1527522319736362
36,1469,1505,0.15274128593800756
36,1481,1517,0.15274194916263448
36,1471,1507,0.15274279844087515
34,1468,1502,0.15274421152691453
34,1458,1492,0.15275082733273845
31,1474,1505,0.1527576824241372
33,1469,1502,0.1527710056430604
33,1463,1496,0.15277941755877092
32,1470,1502,0.15278766007254305
32,1477,1509,0.15279791414535937
32,1471,1503,0.15280781859509882
31,1485,1516,0.1528166004149423
32,1476,1508,0.15282728031731976
32,1487,1519,0.15283352906606612
32,1480,1512,0.1528398233274161
32,1475,1507,0.15284502417851592
34,1478,1512,0.15284925825275353
35,1483,1518,0.15284807678089096
34,1489,1523,0.15284519193842513
32,1486,1518,0.15284538701090022
30,1482,1512,0.1528504067708508
31,1486,1517,0.1528601348287473
30,1484,1514,0.15286713028686794
29,1487,1516,0.1528762504593347
29,1491,1520,0.1528872908492615
29,1482,1511,0.1528979420923517
28,1478,1506,0.15290821169378305
28,1495,1523,0.15292026464356653
29,1495,1524,0.15293180013858598
28,1497,1525,0.1529396200446281
27,1501,1528,0.1529494191222794
28,1496,1524,0.15296102019524851
28,1490,1518,0.15296935266629672
28,1479,1507,0.15297744056096987
30,1491,1521,0.1529852730290996
30,1492,1522,0.15298638935776576
29,1490,1519,0.1529878379449363
27,1493,1520,0.15299209559800162
29,1494,1523,0.15300069795597887
28,1483,1511,0.153003635057938
28,1495,1523,0.15300872642928673
29,1482,1511,0.1530138307377073
30,1474,1504,0.15301664399755993
29,1490,1519,0.15301656754313997
29,1498,1527,0.1530190041965257
30,1492,1522,0.15302158786863643
30,1493,1523,0.15302197272134724
29,1483,1512,0.1530225911009377
28,1469,1497,0.15302561451157867
30,1479,1509,0.15303095456728866
31,1482,1513,0.15302996738088104
31,1477,1508,0.15302698032415563
32,1485,1517,0.15302450240349466
30,1475,1505,0.1530191940551446
29,1494,1523,0.15301779353464184
31,1493,1524,0.15301903147394272
31,1478,1509,0.1530151026992141
31,1482,1513,0.15301076284160392
32,1480,1512,0.15300723071913377
32,1479,1511,0.15300213881341587
33,1473,1506,0.1529978128968916
34,1478,1512,0.15299088940750522
33,1484,1517,0.15298235894818502
34,1474,1508,0.15297701793893986
33,1477,1510,0.15297015100320369
35,1477,1512,0.15296622766450255
35,1472,1507,0.15295686006252474
36,1479,1515,0.1529484606489703
38,1474,1512,0.15293712993182626
37,1469,1506,0.1529214661805651
36,1474,1510,0.15290959090850198
37,1479,1516,0.1529011543629204
37,1483,1520,0.15289049306600905
38,1478,1516,0.15288105312950007
39,1485,1524,0.15286933347358747
40,1484,1524,0.15285667426430158
40,1485,1525,0.15284204687590017
40,1489,1529,0.15282890306780492
41,1473,1514,0.15281497862666243
41,1478,1519,0.1528004052676906
41,1478,1519,0.1527873471604142
42,1473,1515,0.1527745388248762
40,1488,1528,0.15275986205827718
41,1475,1516,0.15275109431257244
39,1468,1507,0.15274122884541683
40,1472,1512,0.1527368229349816
43,1469,1512,0.15272882517305159
43,1468,1511,0.15271389409233085
44,1464,1508,0.15270062222670358
46,1460,1506,0.15268654850983185
46,1454,1500,0.15266740212524837
42,1459,1501,0.15265020085574513
42,1459,1501,0.15264524641782973
43,1465,1508,0.15263904142311377
42,1480,1522,0.15263150257407548
42,1473,1515,0.15262715988559097
40,1473,1513,0.1526234117893755
40,1468,1508,0.15262573967722026
40,1468,1508,0.15262826165372187
39,1476,1515,0.15263060990684832
40,1477,1517,0.15263419912793477
40,1487,1527,0.15263469283259115
41,1482,1523,0.15263547080199236
40,1486,1526,0.1526338778410276
40,1478,1518,0.15263384590865373
40,1470,1510,0.15263361660789823
40,1479,1519,0.15263270704537646
40,1486,1526,0.15263248922386008
41,1485,1526,0.15263281233706935
41,1500,1541,0.15263031784651893
42,1476,1518,0.15262851214261058
42,1474,1516,0.1526247656311023
44,1483,1527,0.15262172413953207
45,1479,1524,0.15261414560541853
43,1473,1516,0.1526042336896627
40,1478,1518,0.1526000861472167
41,1475,1516,0.15260255544963905
40,1481,1521,0.15260288890310458
41,1479,1520,0.15260580075928926
40,1477,1517,0.15260566521086286
39,1482,1521,0.15260842879601505
39,1488,1527,0.1526135562241893
40,1483,1523,0.15261869267300596
40,1477,1517,0.15262161108136127
39,1477,1516,0.15262465691613925
40,1487,1527,0.15262934608110076
39,1495,1534,0.15263065962618613
38,1483,1521,0.1526344408502741
36,1476,1512,0.15264059521726925
37,1470,1507,0.15265175306987017
38,1474,1512,0.15266018126542352
37,1470,1507,0.15266584946315062
38,1477,1515,0.15267352377874352
39,1476,1515,0.1526764734327424
40,1485,1525,0.15267636248970934
42,1479,1521,0.15267409663493609
42,1487,1529,0.15266693698094688
42,1488,1530,0.1526596631780473
40,1488,1528,0.15265341440007346
40,1477,1517,0.15265156867976515
40,1483,1523,0.15264938330541777
41,1475,1516,0.1526479256693035
39,1464,1503,0.15264381774902935
39,1467,1506,0.15264484269823161
37,1469,1506,0.15264620090896464
39,1469,1508,0.15265222124168734
38,1470,1508,0.15265376099032635
39,1483,1522,0.1526578131897934
40,1480,1520,0.15265968419111972
40,1465,1505,0.15265848150135425
40,1475,1515,0.15265694424483806
41,1468,1509,0.1526559043693463
39,1478,1517,0.1526520995669607
40,1472,1512,0.15265344194769503
39,1469,1508,0.15265190391272765
36,1467,1503,0.15265326397435783
37,1462,1499,0.15266171845392265
38,1464,1502,0.15266677875815246
37,1470,1507,0.15266861914200291
38,1471,1509,0.1526730528003888
37,1466,1503,0.15267544190126775
38,1480,1518,0.15268026096107676
37,1477,1514,0.15268199836545424
38,1483,1521,0.1526863014316913
37,1483,1520,0.15268749134503964
37,1474,1511,0.15269128985688427
37,1469,1506,0.15269422697284527
36,1483,1519,0.15269639492683326
33,1497,1530,0.1527014902253008
33,1494,1527,0.15271345969265482
31,1486,1517,0.15272508865499257
31,1493,1524,0.1527406749264966
30,1476,1506,0.1527545082537243
31,1484,1515,0.15277007494869388
32,1491,1523,0.1527823960743152
31,1495,1526,0.1527919273328655
32,1496,1528,0.15280337589529278
34,1486,1520,0.15280966831241843
33,1473,1506,0.15281063394113212
33,1477,1510,0.1528144260575254
33,1486,1519,0.15281908136857025
35,1475,1510,0.15282310434845725
36,1473,1509,0.15282165375542017
36,1472,1508,0.15281654567299247
36,1493,1529,0.15281245242093427
35,1481,1516,0.15280924425471012
32,1484,1516,0.15280896741014993
34,1487,1521,0.15281657606952204
32,1488,1520,0.15281951977206124
32,1491,1523,0.1528270812009556
33,1498,1531,0.1528345092065292
32,1506,1538,0.15283851139474114
31,1501,1532,0.1528447855556427
30,1494,1524,0.15285324744612042
30,1495,1525,0.15286384823216395
30,1486,1516,0.1528740525757887
30,1488,1518,0.15288386004878954
31,1491,1522,0.15289327265284144
30,1483,1513,0.15289907076694148
27,1471,1498,0.1529079029159354
27,1488,1515,0.15292281841993563
27,1482,1509,0.15293585145510183
28,1493,1521,0.15294831783578036
29,1503,1532,0.15295708519967505
28,1496,1524,0.15296234078039114
28,1504,1532,0.15296977516915813
28,1495,1523,0.15297708223023637
28,1496,1524,0.15298311921641222
27,1497,1524,0.15298983695212168
25,1496,1521,0.15299852681826592
24,1497,1521,0.15301139258542393
24,1494,1518,0.15302478466791677
23,1505,1528,0.15303765753219575
23,1512,1535,0.15305218222575992
24,1508,1532,0.15306606427940683
22,1514,1536,0.15307605174842742
22,1501,1523,0.15309070460294413
23,1499,1522,0.15310467698044342
22,1488,1510,0.1531147771148797
23,1486,1509,0.15312671149638235
23,1497,1520,0.15313549746943392
23,1499,1522,0.15314310958608823
21,1490,1511,0.15315059271270798
21,1487,1508,0.15316247350334453
20,1499,1519,0.15317388352440117
21,1501,1522,0.1531869930548796
20,1502,1522,0.15319691790085882
20,1491,1511,0.1532089491825224
20,1493,1513,0.15322042371908992
19,1485,1504,0.15323135841145752
20,1480,1500,0.15324392945466736
18,1488,1506,0.1532536356250575
19,1481,1500,0.15326717478798554
18,1502,1520,0.15327777459346847
18,1507,1525,0.15328999935476242
17,1508,1525,0.15330157822562715
17,1506,1523,0.1533146992876517
16,1516,1532,0.15332710237190098
16,1507,1523,0.15334098705996024
15,1501,1516,0.1533540931941584
16,1493,1509,0.15336861865443022
15,1491,1506,0.15338008689147883
15,1499,1514,0.15339315265564604
15,1486,1501,0.15340546590540122
16,1488,1504,0.15341706822946435
16,1488,1504,0.1534253430226301
15,1512,1527,0.15343319291351704
14,1511,1525,0.15344180722268638
15,1503,1518,0.15345220623016284
15,1500,1515,0.15345886557701016
13,1507,1520,0.1534652426138951
14,1497,1511,0.15347615951345628
14,1498,1512,0.15348424366301397
14,1490,1504,0.15349200438254829
14,1494,1508,0.15349944494407383
14,1489,1503,0.1535065700130712
14,1479,1493,0.15351338540947093
14,1487,1501,0.15351989789809437
12,1495,1507,0.1535261150053188
12,1476,1488,0.1535363651912075
12,1489,1501,0.15354607484891686
12,1501,1513,0.15355526867329597
12,1506,1518,0.1535639706581381
13,1504,1517,0.1535722040608043
12,1495,1507,0.15357673432706137
12,1490,1502,0.15358329956503353
13,1492,1505,0.15358960610623063
13,1498,1511,0.15359336363983933
13,1505,1518,0.1535963369147301
12,1519,1531,0.153599309846302
12,1523,1535,0.15360442946844807
11,1515,1526,0.1536093852444458
11,1510,1521,0.15361632725874036
10,1515,1525,0.15362296791289137
10,1516,1526,0.1536314886163155
10,1494,1504,0.1536395885079264
11,1505,1516,0.15364728367184827
11,1511,1522,0.15365132975301118
10,1497,1507,0.1536553072492138
10,1506,1516,0.15366136177041956
10,1503,1513,0.1536671932627911
10,1506,1516,0.15367280110191422
9,1515,1524,0.1536781860835648
8,1498,1506,0.15368552134988694
9,1490,1499,0.15369466619436312
8,1499,1507,0.15370111314966411
8,1497,1505,0.15370954754556695
8,1500,1508,0.15371753428916984
8,1516,1524,0.15372509423694813
7,1523,1530,0.1537322475964952
6,1516,1522,0.15374121541877364
6,1521,1527,0.15375184387058266
7,1523,1530,0.15376186237849412
7,1523,1530,0.15376827670854082
7,1525,1532,0.1537744139387573
7,1526,1533,0.15378027988148107
7,1519,1526,0.15378588107143878
7,1518,1525,0.15379122461714087
7,1518,1525,0.15379631807148583
7,1511,1518,0.1538011693194187
7,1508,1515,0.15380578648071405
7,1516,1523,0.15381017782615877
7,1512,1519,0.15381435170559205
7,1505,1512,0.1538183164864251
7,1498,1505,0.15382208050141055
7,1494,1501,0.15382458053053705
7,1498,1505,0.1538270658286964
7,1513,1520,0.1538295239992028
7,1515,1522,0.1538319446847786
7,1505,1512,0.15383431931929517
7,1501,1508,0.15383664090661134
7,1507,1514,0.15383890382370405
7,1523,1530,0.15384110364556552
7,1508,1515,0.15384323698959862
8,1504,1512,0.1538453013774693
7,1518,1525,0.15384402775521053
7,1508,1515,0.15384550172661224
7,1515,1522,0.15384699295361665
7,1515,1522,0.15384848998008208
7,1499,1506,0.15384998305836053
7,1510,1517,0.15385146394711136
8,1522,1530,0.153852925730953
8,1519,1527,0.1538510989652615
8,1512,1520,0.15384954757998912
8,1510,1518,0.15384823892813412
8,1501,1509,0.1538471438861447
7,1503,1510,0.15384623649091428
7,1494,1501,0.15384766356175575
7,1510,1517,0.1538491030234951
7,1510,1517,0.15385054448879154
7,1496,1503,0.15385197913711465
7,1501,1508,0.15385339952873536
7,1498,1505,0.15385479943882807
7,1487,1494,0.15385617370960836
8,1514,1522,0.15385751811863801
8,1506,1514,0.1538555609532476
8,1499,1507,0.1538538734720288
8,1496,1504,0.15385132654950603
8,1502,1510,0.15384916392381778
8,1486,1494,0.1538473400265808
8,1490,1498,0.15384581420840238
8,1505,1513,0.1538445502319249
8,1512,1520,0.15384351581580702
8,1503,1511,0.15384268222459901
7,1505,1512,0.1538410474229697
7,1505,1512,0.15384188754440437
7,1510,1517,0.1538428644397545
7,1513,1520,0.15384395155868727
7,1514,1521,0.15384512573436945
7,1521,1528,0.15384636680612776
7,1515,1522,0.15384765728169703
7,1514,1521,0.1538489820350356
8,1517,1525,0.15385032803608673
7,1515,1522,0.15384841225900556
7,1510,1517,0.153848986761689
7,1517,1524,0.15384969616500718
8,1510,1518,0.15385023124412278
9,1507,1516,0.15384763300697268
9,1500,1509,0.15384301321051339
9,1506,1515,0.15383794742522894
9,1508,1517,0.1538335192594415
9,1494,1503,0.15382965813706378
9,1510,1519,0.1538263008429046
9,1515,1524,0.15382339077883317
9,1516,1525,0.15382087729376703
9,1509,1518,0.1538187150802354
9,1500,1509,0.15381686363097502
9,1507,1516,0.15381528674965653
11,1516,1527,0.15381395211041335
11,1509,1520,0.15380629101741047
11,1501,1512,0.15379942871359173
11,1501,1512,0.1537932844804441
10,1489,1499,0.15378778561192863
10,1492,1502,0.1537850875443424
9,1502,1511,0.1537827703229453
9,1494,1503,0.1537829551381698
10,1491,1501,0.1537821993905827
8,1500,1508,0.15377929036389784
8,1500,1508,0.15378203715528904
8,1509,1517,0.15378477591219356
10,1506,1516,0.15378749163300204
10,1502,1512,0.15378365263910015
10,1513,1523,0.15378037640709366
11,1499,1510,0.1537775968306987
10,1497,1507,0.15377204275976505
10,1500,1510,0.1537693405443373
10,1519,1529,0.1537671153348414
10,1515,1525,0.15376530805590705
10,1516,1526,0.15376386611330908
10,1501,1511,0.15376274272248705
10,1495,1505,0.15376189630451698
11,1486,1497,0.1537601658466063
11,1479,1490,0.1537555588686983
10,1503,1513,0.15375084049267917
10,1510,1520,0.15374965893280057
10,1513,1523,0.15374883809146483
10,1509,1519,0.1537483279188906
10,1517,1527,0.15374808413713492
10,1521,1531,0.1537480676248389
10,1507,1517,0.1537482438649534
9,1506,1515,0.1537485824491444
9,1508,1517,0.15375122222401683
8,1506,1514,0.15375384279857257
9,1512,1521,0.1537589455866554
9,1500,1509,0.15376055094693933
9,1507,1516,0.15376223819152235
11,1498,1509,0.15376398483057274
13,1496,1509,0.15375922948673174
13,1490,1503,0.15374855876594506
13,1499,1512,0.15373906291527276
13,1504,1517,0.15373061972443391
13,1507,1520,0.1537231193118975
13,1508,1521,0.15371646290293153
13,1500,1513,0.1537105617274886
13,1504,1517,0.15370533602625178
13,1505,1518,0.1537000841084349
13,1487,1500,0.1536954704047548
13,1480,1493,0.15369032970134458
12,1486,1498,0.153685867775923
12,1495,1507,0.15368453819019737
11,1516,1527,0.1536835534275674
11,1505,1516,0.15368503071647804
9,1506,1515,0.1536866331031543
8,1502,1510,0.15369287041600926
8,1503,1511,0.15370158767684872
7,1503,1510,0.15370986268040177
7,1496,1503,0.15372004989566043
7,1484,1491,0.15372967254770567
7,1497,1504,0.15373875954691874
7,1506,1513,0.1537473385779565
7,1513,1520,0.15375433366336938
7,1517,1524,0.15376104673356944
7,1516,1523,0.15376748103019608
7,1527,1534,0.15377364094686446
6,1541,1547,0.15377854599646684
6,1531,1537,0.1537864133641548
6,1522,1528,0.15379388781624062
6,1508,1514,0.15380098493359803
6,1518,1524,0.15380772015714975
6,1515,1521,0.1538141087179719
6,1517,1523,0.15382016557925854
5,1522,1527,0.15382479187318496
5,1522,1527,0.15383153032798375
4,1523,1527,0.15383799158860975
3,1512,1515,0.15384636362684198
3,1506,1509,0.15385723470371268
3,1515,1518,0.15386747047178506
3,1514,1517,0.15387710704792945
3,1516,1519,0.15388617859852857
3,1514,1517,0.15389471743408867
4,1525,1529,0.15390275410043913
5,1523,1528,0.1539071213175791
5,1526,1531,0.1539081041607648
5,1520,1525,0.15390923410981094
5,1516,1521,0.15391048233522525
5,1516,1521,0.15391182367165648
5,1506,1511,0.15391323621143044
5,1512,1517,0.15391470094044987
5,1506,1511,0.1539151656301118
5,1508,1513,0.15391581589187653
5,1503,1508,0.1539166197497862
5,1509,1514,0.15391754917428027
6,1513,1519,0.15391857964854097
6,1504,1510,0.15391641457693286
5,1504,1509,0.1539146165319278
5,1520,1525,0.1539155805813685
5,1519,1524,0.1539166508419791
5,1511,1516,0.1539178048194507
4,1509,1513,0.15391902294509324
4,1511,1515,0.15392245147852118
4,1512,1516,0.15392578153154468
4,1506,1510,0.1539290083922845
3,1502,1505,0.15393212867505873
4,1505,1509,0.1539374076549217
4,1498,1502,0.15393915631159988
3,1504,1507,0.15394096244669503
3,1517,1520,0.15394526719782448
2,1516,1518,0.1539494159074897
2,1504,1506,0.1539555724529972
2,1508,1510,0.15396144140837612
2,1512,1514,0.1539670318297577
2,1524,1526,0.15397235304269788
1,1535,1536,0.15397741454597758
1,1522,1523,0.1539848335512699
1,1528,1529,0.15399181154741381
1,1517,1518,0.15399837441718808
1,1527,1528,0.15400454655735715
1,1525,1526,0.1540103509606606
1,1527,1528,0.15401580929362146
1,1516,1517,0.15402094197034993
1,1518,1519,0.15402576822251532
1,1526,1527,0.1540303061656566
1,1526,1527,0.1540345728619968
1,1523,1524,0.15403858437992138
1,1521,1522,0.15404235585027823
1,1513,1514,0.15404590151964892
1,1519,1520,0.1540492348007383
1,1518,1519,0.15405236832002273
1,1522,1523,0.154055313962793
1,1529,1530,0.1540580829157218
1,1516,1517,0.15406068570708129
1,1529,1530,0.15406313224473078
1,1502,1503,0.15406543185198907
1,1512,1513,0.1540675933015015
1,1513,1514,0.1540696248472073
1,1516,1517,0.15407153425450665
0,1517,1517,0.15407332882872363
