1370,29,1399,0.13579591984015715
1400,30,1430,0.1329436785483918
1429,31,1460,0.13026828386384942
1446,31,1477,0.12775292871705474
1451,33,1484,0.12541810255322275
1461,33,1494,0.12328255360618133
1457,33,1490,0.1213148572731106
1466,31,1497,0.11953727840497731
1475,30,1505,0.11789851363181562
1466,30,1496,0.11638455957919298
1467,31,1498,0.1150274656562706
1468,28,1496,0.11379539598531711
1473,29,1502,0.11267178285046281
1469,29,1498,0.1116365679635453
1466,31,1497,0.11070705637472188
1456,30,1486,0.10987112555569283
1450,30,1480,0.10913713321927197
1455,27,1482,0.10848455401528778
1458,25,1483,0.10787949614917718
1466,26,1492,0.10731854174371787
1456,27,1483,0.1067896830514874
1459,27,1486,0.10633329145431288
1464,24,1488,0.10591092248561504
1462,25,1487,0.1055141071542926
1458,25,1483,0.10515679317651422
1465,25,1490,0.10484007122094118
1455,23,1478,0.10453758636231242
1454,23,1477,0.10428600974020644
1455,24,1479,0.10405885889727305
1461,27,1488,0.1038484537769088
1458,27,1485,0.10364540393033303
1453,29,1482,0.10346838213663954
1454,28,1482,0.10331921629934994
1459,27,1486,0.10318271379113898
1460,29,1489,0.1030462881762701
1459,29,1488,0.1029201992679009
1456,29,1485,0.10280948707781887
1456,30,1486,0.10271381132450949
1461,26,1487,0.1026275540835606
1468,26,1494,0.10253879444332335
1477,28,1505,0.10243982126672105
1475,28,1503,0.10232982747160065
1481,29,1510,0.10223362490794809
1483,29,1512,0.1021320637439952
1477,26,1503,0.10203514113652146
1479,25,1504,0.1019611127812966
1471,23,1494,0.10188890732693193
1472,22,1494,0.10183871808391888
1459,23,1482,0.10179306802405762
1471,23,1494,0.10177765699242719
1479,24,1503,0.1017412760059754
1474,23,1497,0.10168765275510135
1479,23,1502,0.10164973848591273
1477,23,1500,0.10160449827355113
1467,24,1491,0.10156657950853777
1470,25,1495,0.10155456479916657
1459,26,1485,0.10153618659831935
1453,25,1478,0.10154452016564797
1461,25,1486,0.10156832357024019
1459,26,1485,0.10157214254643106
1470,28,1498,0.1015802205187823
1473,27,1500,0.101563281452948
1474,26,1500,0.10154160817911353
1458,26,1484,0.10151959835593395
1462,26,1488,0.10153491422067909
1456,27,1483,0.10154241995363256
1467,27,1494,0.10156294067390141
1475,28,1503,0.10155714017954204
1470,29,1499,0.1015319190351283
1482,29,1511,0.10152044021010789
1471,28,1499,0.10148460659577994
1471,28,1499,0.10147667390177667
1472,29,1501,0.10146809351282869
1460,27,1487,0.10145785571836465
1455,24,1479,0.10147507952327971
1467,23,1490,0.10150421312834552
1467,25,1492,0.10149908094893954
1454,25,1479,0.1014937693460183
1465,26,1491,0.10151878923387521
1471,26,1497,0.10151757865249646
1456,26,1482,0.10150579384547516
1471,26,1497,0.10153002933257184
1476,25,1501,0.1015172751137675
1470,25,1495,0.10149445796639775
1461,24,1485,0.1014875863499701
1457,25,1482,0.10150177329298966
1451,24,1475,0.10152438704837388
1452,24,1476,0.10155913687623228
1465,24,1489,0.1015881235747387
1463,24,1487,0.10158487474816465
1463,23,1486,0.10158624595528654
1467,22,1489,0.10158783394268806
1463,22,1485,0.10157477384248167
1462,21,1483,0.10157415783203301
1461,22,1483,0.10157669644864889
1465,22,1487,0.10158329908753082
1468,22,1490,0.10157919111319356
1456,22,1478,0.10156786865358676
1457,21,1478,0.1015839725800242
1457,21,1478,0.10159742930021727
1466,20,1486,0.10160888727248917
1459,20,1479,0.10159876504873733
1474,22,1496,0.10160315553100119
1465,23,1488,0.10157350048496858
1470,21,1491,0.10156778742967973
1466,19,1485,0.10155258175161057
1476,19,1495,0.10154472103676344
1471,19,1490,0.10151469739991473
1475,18,1493,0.10150166656501078
1479,20,1499,0.10147738670158227
1480,21,1501,0.10144520173097323
1483,23,1506,0.10141289966162181
1472,23,1495,0.10137664519900223
1477,23,1500,0.10136996350068755
1473,21,1494,0.1013529616168942
1476,22,1498,0.10134620364753565
1481,21,1502,0.10132937648811273
1494,21,1515,0.10130265827992237
1493,21,1514,0.10124987958881804
1482,21,1503,0.10120339212496092
1472,21,1493,0.10118733803409707
1478,20,1498,0.10119640074899054
1468,18,1486,0.10119028376229049
1462,18,1480,0.10120919541700762
1466,17,1483,0.10123991817939178
1463,18,1481,0.10125976261452482
1478,17,1495,0.1012836043387041
1488,17,1505,0.10127101971259758
1482,16,1498,0.10123634596284313
1477,16,1493,0.10121727246229124
1492,15,1507,0.10120949633059112
1503,15,1518,0.10116887605632152
1491,14,1505,0.1011084191773583
1489,13,1502,0.10107836489927319
1479,14,1493,0.10105556062084692
1478,15,1493,0.10105704940709145
1475,16,1491,0.10106187948379411
1464,16,1480,0.10107349968434562
1472,16,1488,0.1011107067067011
1479,17,1496,0.10112682420122283
1470,15,1485,0.10112606823041109
1483,15,1498,0.10114523729313966
1488,17,1505,0.10113154321321816
1483,17,1500,0.10110915538641194
1482,18,1500,0.10109894011625385
1477,19,1496,0.10109274659153986
1474,19,1493,0.10109743000503553
1475,22,1497,0.10110831580708654
1485,22,1507,0.10111792592835432
1487,25,1512,0.10110360678123671
1477,27,1504,0.10108666670415603
1469,28,1497,0.10109368340379046
1465,28,1493,0.10111976171822029
1469,29,1498,0.10115362119709773
1471,27,1498,0.10117402976344782
1465,26,1491,0.10118951697978938
1456,26,1482,0.10121825768003063
1461,27,1488,0.10126393010661154
1456,29,1485,0.10129412172932079
1461,28,1489,0.10133150817748927
1466,26,1492,0.10135719339870576
1474,26,1500,0.10136992596003612
1474,27,1501,0.10136215441108984
1473,27,1500,0.10135499657496753
1474,27,1501,0.10135162414250144
1472,27,1499,0.10134696008465575
1478,27,1505,0.10134561306776217
1470,28,1498,0.10133051701147731
1459,29,1488,0.10133632988567967
1460,27,1487,0.10136555994112488
1451,29,1480,0.10139194470674376
1446,29,1475,0.10143590710888656
1449,30,1479,0.10148879330432184
1445,29,1474,0.1015307333784823
1455,29,1484,0.10157896484280815
1456,29,1485,0.10160208483823546
1458,28,1486,0.10161867936895419
1453,28,1481,0.10162869659535087
1445,27,1472,0.10164963296293454
1458,28,1486,0.1016880354749915
1468,30,1498,0.10169126965552865
1470,30,1500,0.10167240043533841
1474,29,1503,0.10164873159058667
1464,31,1495,0.10161776320019342
1441,30,1471,0.1016110797774305
1437,27,1464,0.10165646212180258
1448,28,1476,0.10171093954471494
1447,29,1476,0.10173451038409109
1452,27,1479,0.10176014874793879
1459,29,1488,0.10177090730272602
1453,30,1483,0.10176472803429824
1460,30,1490,0.10177185535362962
1470,34,1504,0.10176343934817558
1464,34,1498,0.10173272591888356
1451,35,1486,0.10171764149311542
1453,35,1488,0.10173438121146511
1450,36,1486,0.10174808572463492
1458,35,1493,0.10176777549647334
1460,36,1496,0.10176554305704372
1455,37,1492,0.1017583256170531
1455,37,1492,0.10176454076318084
1458,38,1496,0.10177202186879399
1470,39,1509,0.1017704810854062
1457,38,1495,0.10174258366743222
1450,37,1487,0.10174696064522148
1450,35,1485,0.10176818605941612
1453,36,1489,0.10178814862073096
1457,36,1493,0.1017991551847124
1446,35,1481,0.101798677241255
1443,36,1479,0.10182270906574338
1448,36,1484,0.10185306507491759
1461,35,1496,0.10187183570780312
1460,36,1496,0.10185880334010104
1455,37,1492,0.10184933104038028
1454,37,1491,0.10185112534609583
1447,36,1483,0.10185779248969794
1439,37,1476,0.10188067170167986
1440,36,1476,0.10191873151186302
1438,36,1474,0.10195096841069004
1444,39,1483,0.10198421178301995
1444,38,1482,0.10200132079582264
1453,36,1489,0.10201759512326142
1457,36,1493,0.10201061067273659
1453,37,1490,0.10199371440166669
1453,36,1489,0.10198821150914451
1453,38,1491,0.10198152412179652
1455,35,1490,0.10197670797837677
1467,35,1502,0.10196758792430016
1457,34,1491,0.1019290316342741
1464,35,1499,0.10191747346205564
1471,35,1506,0.10189051226918934
1470,34,1504,0.10184879838345422
1468,35,1503,0.10181611430618087
1470,37,1507,0.10179119915574678
1461,38,1499,0.10176487199931752
1466,38,1504,0.10175999819449316
1461,37,1498,0.10174523644338293
1448,39,1487,0.1017437616774984
1448,36,1484,0.10177228410056376
1457,39,1496,0.10179682817779642
1452,39,1491,0.10179890849027934
1451,40,1491,0.10181179876256824
1458,38,1496,0.10182768893246051
1456,38,1494,0.10182610292082364
1452,39,1491,0.1018303896496385
1452,42,1494,0.1018432137256108
1451,40,1491,0.10185704329446602
1451,41,1492,0.10187133926424846
1451,42,1493,0.10188215668441963
1452,44,1496,0.10189309806658386
1446,44,1490,0.10190167118250955
1455,43,1498,0.10192180713597894
1458,44,1502,0.10192187000421164
1447,45,1492,0.1019141913378192
1449,48,1497,0.10193251680078198
1453,48,1501,0.10194458642131389
1457,47,1504,0.10194664966028552
1448,48,1496,0.10194013234982748
1441,49,1490,0.10195415027969106
1433,52,1485,0.10198430371647813
1432,54,1486,0.10202930084352818
1439,55,1494,0.10207340144086413
1449,55,1504,0.10209926453089413
1447,54,1501,0.10209939235915805
1437,55,1492,0.10210463080995336
1424,55,1479,0.10213240113457395
1435,54,1489,0.1021884907400208
1436,51,1487,0.10221439738093878
1446,51,1497,0.10223467434409296
1452,51,1503,0.10223141749338951
1445,49,1494,0.10221458440629184
1451,47,1498,0.10221706899440043
1443,45,1488,0.10220584268609281
1427,46,1473,0.10221219273726996
1416,47,1463,0.10225488696519384
1431,46,1477,0.10232179006392386
1446,49,1495,0.10235012446565282
1452,50,1502,0.10234011040395945
1439,50,1489,0.10231753402915005
1445,50,1495,0.10232539120846912
1439,49,1488,0.10231872995344604
1449,47,1496,0.10232458874943201
1432,50,1482,0.10230600659683592
1444,50,1494,0.10232789090140354
1459,53,1512,0.10232259067469268
1459,53,1512,0.10228468527997486
1457,51,1508,0.10224882680676545
1451,51,1502,0.10222073626363493
1442,53,1495,0.1022092461456349
1444,53,1497,0.10221880565113843
1446,52,1498,0.10222598105914216
1437,53,1490,0.1022268107050936
1429,54,1483,0.10224871879955642
1428,55,1483,0.10228348736073006
1421,54,1475,0.10231808249035805
1429,54,1483,0.102365382906206
1419,53,1472,0.10239123922449864
1437,55,1492,0.10243772754820876
1448,57,1505,0.10244222329176057
1447,55,1502,0.10242226315596117
1445,58,1503,0.10240610041141356
1445,58,1503,0.10239542983563105
1444,60,1504,0.10238467104865999
1428,59,1487,0.1023774201753378
1426,59,1485,0.10240421007991511
1428,57,1485,0.10243617203461321
1429,57,1486,0.10246172447465846
1439,54,1493,0.10248297127128392
1444,55,1499,0.10247853541099794
1434,52,1486,0.10246408502074064
1445,52,1497,0.10247464850150394
1438,51,1489,0.10245803036441334
1449,49,1498,0.10246016597953396
1438,50,1488,0.10243556262955053
1435,51,1486,0.10243484338416796
1420,55,1475,0.10244205476696014
1430,53,1483,0.10248267701444075
1432,55,1487,0.10249735442516927
1434,58,1492,0.10250501925439139
1433,56,1489,0.10250861909091609
1433,60,1493,0.10251461942735376
1430,59,1489,0.10251994896725355
1428,58,1486,0.10253523931185021
1427,61,1488,0.10255163289379961
1419,64,1483,0.10257029760850493
1418,65,1483,0.10260407791499514
1426,66,1492,0.10263972825644771
1424,65,1489,0.1026560728502578
1425,67,1492,0.10267498418557842
1419,67,1486,0.10269026650714781
1426,67,1493,0.10271865720103208
1432,65,1497,0.10272945697068209
1434,65,1499,0.10272730106349418
1438,67,1505,0.10271908234516398
1435,67,1502,0.10270533542780702
1428,66,1494,0.10269611228210734
1432,67,1499,0.10270291764177802
1430,69,1499,0.10270178503470173
1418,70,1488,0.10270389365125628
1422,73,1495,0.10273495662142305
1413,79,1492,0.10275608922168832
1421,78,1499,0.1027979406931244
1421,78,1499,0.10281791508229754
1435,77,1512,0.10283274766189134
1436,81,1517,0.10281676947632733
1428,80,1508,0.10280106122449723
1428,77,1505,0.10280555514809993
1421,76,1497,0.10281008446412607
1415,75,1490,0.10282922264426564
1402,78,1480,0.10286189453671035
1406,77,1483,0.1029219415959973
1407,77,1484,0.10296729706925031
1421,78,1499,0.10300800005334385
1414,79,1493,0.10301338836727159
1411,80,1491,0.10303228325444388
1411,79,1490,0.1030576839219027
1407,80,1487,0.10308125570059978
1409,83,1492,0.10311649777205227
1410,81,1491,0.10314360096486302
1407,81,1488,0.10316556294108915
1414,78,1492,0.10319253855105641
1413,79,1492,0.10320335673319242
1417,78,1495,0.10321585541719858
1416,77,1493,0.10321658624683358
1414,78,1492,0.1032194240591095
1415,80,1495,0.10322795886478611
1405,83,1488,0.10323564501891802
1394,83,1477,0.10326336071683016
1391,79,1470,0.10331286441061956
1390,79,1469,0.10336286668410381
1396,79,1475,0.10341086268855328
1388,79,1467,0.10344138244553208
1402,81,1483,0.10348918139827443
1397,84,1481,0.10350186020199839
1404,84,1488,0.10352334121250731
1423,85,1508,0.10352716011927943
1424,86,1510,0.10348862764320067
1417,84,1501,0.1034534081558813
1412,85,1497,0.10343653531824565
1419,88,1507,0.10342936903964521
1405,90,1495,0.10340864232165319
1414,90,1504,0.10342196745145717
1413,88,1501,0.10341551843510297
1415,86,1501,0.10341010425604757
1410,84,1494,0.10340159914842531
1422,84,1506,0.10340609373254894
1416,85,1501,0.10338017145940874
1420,86,1506,0.1033700229241914
1409,88,1497,0.10335385956000585
1412,89,1501,0.10336520962958903
1418,89,1507,0.10336961668336342
1414,91,1505,0.1033606696619276
1405,95,1500,0.10336216754934512
1412,101,1513,0.10338376122837285
1412,101,1513,0.10338878546406155
1401,100,1501,0.1033930616683196
1406,103,1509,0.10342243303390201
1405,104,1509,0.10343913835906335
1406,101,1507,0.10345736001966893
1412,101,1513,0.10347212805473159
1409,101,1510,0.10347525054224661
1408,102,1510,0.10348610501069867
1391,104,1495,0.10349782896199933
1405,105,1510,0.10354521563282466
1408,105,1513,0.10355856570904554
1398,105,1503,0.10356614255172496
1395,106,1501,0.1035961333276881
1391,109,1500,0.1036304024609331
1391,109,1500,0.10367221364821409
1387,107,1494,0.10371030796151741
1382,105,1487,0.10375626891905533
1385,106,1491,0.10380933668151032
1390,104,1494,0.10385046153258742
1385,110,1495,0.10387610836764342
1384,112,1496,0.10391292838745768
1385,114,1499,0.10394891305928926
1396,112,1508,0.10398108603444566
1388,116,1504,0.10398578369257233
1382,116,1498,0.1040074638314896
1383,118,1501,0.10404104601561948
1370,119,1489,0.10407214071100533
1363,118,1481,0.10413031190403563
1367,119,1486,0.10420226995415874
1363,118,1481,0.10426129211924857
1364,119,1483,0.10432604292679912
1365,122,1487,0.10438353935482056
1370,120,1490,0.10443308304266256
1370,121,1491,0.10446483366431775
1367,119,1486,0.1044947173050499
1362,117,1479,0.10452995130139428
1375,121,1496,0.1045734129672551
1368,122,1490,0.10458473082363405
1361,120,1481,0.10461016433794514
1365,122,1487,0.10464926043665526
1356,120,1476,0.10467497972815407
1363,119,1482,0.10471883498412676
1352,120,1472,0.10474593353256732
1349,121,1470,0.10479448132284265
1372,123,1495,0.10484509124182866
1380,123,1503,0.10484285959372336
1384,123,1507,0.1048235749335076
1382,123,1505,0.10479510714728255
1372,123,1495,0.10477280317044446
1366,126,1492,0.10477214222695458
1369,131,1500,0.10478452272607268
1369,130,1499,0.10479036088981503
1365,132,1497,0.10479639589789658
1368,129,1497,0.10481278496524897
1374,126,1500,0.10482014619201475
1370,126,1496,0.1048133805902168
1385,124,1509,0.10481531664744898
1372,125,1497,0.10478477129219155
1353,126,1479,0.1047856197420252
1344,128,1472,0.104829634557655
1346,128,1474,0.1048919589848869
1371,129,1500,0.10494376652429814
1361,125,1486,0.10493191935716224
1368,126,1494,0.10494512306232708
1372,126,1498,0.10494291127894118
1367,128,1495,0.10493213532526449
1376,133,1509,0.10493661313648957
1362,129,1491,0.10491939191710448
1354,129,1483,0.10493479462163795
1345,131,1476,0.10496697377258073
1348,131,1479,0.10501817558774391
1341,133,1474,0.10505772069772307
1356,133,1489,0.10511004607729386
1347,128,1475,0.10512403378746604
1357,128,1485,0.10515759916225466
1355,126,1481,0.10516357154292265
1350,128,1478,0.10517310407249117
1353,128,1481,0.10519394142411455
1368,126,1494,0.10520283919494304
1378,129,1507,0.10517699951831982
1380,128,1508,0.10513025395987029
1386,127,1513,0.10508365153346098
1371,124,1495,0.10502661206037946
1378,126,1504,0.10500515994858965
1377,121,1498,0.10497279094798845
1381,125,1506,0.10494399551287437
1381,124,1505,0.1049103936668544
1372,123,1495,0.10487886784163361
1374,127,1501,0.10487089056671638
1370,125,1495,0.10485913503926618
1374,123,1497,0.10485891624032165
1367,122,1489,0.10485197817083079
1377,121,1498,0.10485874133122274
1370,118,1488,0.10483771237850732
1379,126,1505,0.10483768314168973
1385,125,1510,0.10481751478590937
1383,130,1513,0.10478724661213995
1383,129,1512,0.10476438656158649
1375,133,1508,0.10474584169239107
1375,133,1508,0.104743892931308
1378,132,1510,0.10474220085156594
1391,132,1523,0.10473437832833397
1389,133,1522,0.10469903163390307
1385,128,1513,0.10467324962808262
1378,129,1507,0.10465999793082269
1383,124,1507,0.10466350626253795
1383,123,1506,0.10465293209732109
1379,123,1502,0.10464203187282511
1373,125,1498,0.1046405731794917
1360,126,1486,0.1046524896859551
1374,126,1500,0.10469232928394442
1361,127,1488,0.10469675990310381
1369,127,1496,0.10473152131746154
1366,123,1489,0.10474578542664868
1374,118,1492,0.10476472772734617
1372,126,1498,0.10476047255177658
1366,126,1492,0.10476207309759139
1359,130,1489,0.10478113377066166
1352,127,1479,0.10481393549451815
1351,135,1486,0.10485901453030094
1340,139,1479,0.10490096763236735
1344,141,1485,0.10496623121728298
1358,142,1500,0.10501765446112672
1350,140,1490,0.10503469953591449
1345,141,1486,0.10506645448208612
1340,138,1478,0.10510711418663238
1351,140,1491,0.10515620936134226
1337,142,1479,0.10517787579562374
1334,144,1478,0.10523034007216255
1333,150,1483,0.10528440797652407
1343,145,1488,0.10533735083112081
1352,146,1498,0.1053628561480057
1348,146,1494,0.10536634326729515
1345,145,1490,0.10538070102347057
1347,146,1493,0.10540154551238086
1355,148,1503,0.1054186102389653
1342,151,1493,0.10541707549849307
1333,156,1489,0.10544355556010053
1337,157,1494,0.10549126539592125
1346,158,1504,0.105526466286908
1358,156,1514,0.10553626973119995
1359,154,1513,0.10552019247063953
1336,155,1491,0.10550447155357444
1337,155,1492,0.10554051460039883
1340,152,1492,0.10557129732299946
1340,151,1491,0.10559092437325618
1324,150,1474,0.10560906775063902
1331,150,1481,0.10566414972188286
1336,150,1486,0.10570106960727882
1346,150,1496,0.1057227670836327
1344,150,1494,0.10572024347513719
1334,151,1485,0.10571955410690112
1330,150,1480,0.10574344372749278
1342,154,1496,0.10577622809472284
1335,153,1488,0.10577945071851691
1334,154,1488,0.10579956258258003
1338,157,1495,0.10581951380750759
1325,158,1483,0.1058289159856071
1319,160,1479,0.10586618518139033
1332,159,1491,0.10591276530104221
1335,162,1497,0.10592541797273558
1336,165,1501,0.1059333203406102
1330,166,1496,0.10593857055361912
1336,164,1500,0.10595839183892003
1339,164,1503,0.10596138726023632
1327,164,1491,0.1059582930554414
1328,168,1496,0.10598269302915461
1338,171,1509,0.10600426220657251
1342,170,1512,0.10600369056493744
1349,173,1522,0.10599426449503924
1333,174,1507,0.10597090617769073
1323,172,1495,0.10598661918399035
1322,167,1489,0.10602345840813707
1317,167,1484,0.10605863961034329
1321,173,1494,0.1061026684108547
1320,172,1492,0.1061356271155406
1316,173,1489,0.10616984717806702
1317,178,1495,0.10621064512410416
1314,178,1492,0.10624583422779718
1319,179,1498,0.10628284851034228
1321,182,1503,0.10630663603644733
1311,183,1494,0.10632485350227913
1305,177,1482,0.1063641276648979
1307,179,1486,0.10641509142469614
1296,180,1476,0.10645574746511027
1297,178,1475,0.10652096095747215
1300,178,1478,0.10657907138061212
1301,178,1479,0.10662808986586036
1307,177,1484,0.10667047770295274
1306,178,1484,0.10669549140201984
1310,183,1493,0.10671769489517967
1312,184,1496,0.10672824746086756
1317,179,1496,0.10673291058929317
1316,185,1501,0.10672673407643117
1310,187,1497,0.10672729345099637
1302,181,1483,0.10674137175177364
1300,181,1481,0.10677079659005419
1307,180,1487,0.10680391154455172
1303,180,1483,0.10681977859840815
1282,182,1464,0.10684209810190208
1294,186,1480,0.10691002359267024
1301,192,1493,0.10694667300160322
1302,199,1501,0.10696584162711374
1297,204,1501,0.10698206299214527
1285,202,1487,0.10700894218722007
1285,205,1490,0.10706314173056157
1280,208,1488,0.10711544319137331
1284,209,1493,0.10717641064134707
1289,207,1496,0.10722328819880164
1292,213,1505,0.10725686168920127
1298,210,1508,0.10727953497824352
1304,210,1514,0.10728627210300083
1310,206,1516,0.10727976704549685
1305,200,1505,0.10725971970201581
1306,198,1504,0.10725351790767476
1301,202,1503,0.10724549635959006
1297,203,1500,0.10724879304565754
1284,204,1488,0.1072608261135766
1284,206,1490,0.107300618468873
1299,204,1503,0.10733912674869174
1295,211,1506,0.1073419486254118
1290,218,1508,0.10735527963987831
1290,218,1508,0.10737853986947385
1283,218,1501,0.10740233056417527
1280,220,1500,0.10743799776174559
1277,217,1494,0.10747810884759457
1275,219,1494,0.10752477908185192
1265,222,1487,0.10757635518523129
1274,220,1494,0.10764381254782102
1263,218,1481,0.10768329014781736
1271,218,1489,0.10774535628669243
1255,221,1476,0.10778498900621777
1264,227,1491,0.10785753635508316
1269,222,1491,0.10790522533178272
1279,227,1506,0.10793800178085727
1284,225,1509,0.10794402013055042
1278,225,1503,0.10794116515542722
1260,224,1484,0.10795431091954494
1251,231,1482,0.10800710107280521
1253,234,1487,0.10807691340976548
1249,235,1484,0.10813840308392003
1239,235,1474,0.10820375375307296
1259,237,1496,0.10828774683934743
1268,234,1502,0.108319241683118
1256,234,1490,0.1083297193702287
1257,235,1492,0.10836599899667887
1257,236,1493,0.10839552392192761
1249,236,1485,0.10842262151759867
1258,237,1495,0.10846720730970585
1267,234,1501,0.10848744724177363
1269,237,1506,0.10848263655422455
1288,235,1523,0.10847393773064361
1289,236,1525,0.10842350330350493
1281,240,1521,0.10837859216905316
1284,239,1523,0.10835418033427516
1275,235,1510,0.10832457414601589
1261,238,1499,0.1083157948485812
1262,240,1502,0.10834101573127178
1271,242,1513,0.10836477489570717
1266,241,1507,0.10836749548257575
1262,240,1502,0.1083810203604938
1260,239,1499,0.10840104516344198
1257,239,1496,0.10842300568554847
1258,242,1500,0.10845156431479747
1264,242,1506,0.10847518239579468
1265,245,1510,0.10848351786047218
1270,245,1515,0.10848951508191344
1264,244,1508,0.10848403639449831
1259,241,1500,0.1084928759356147
1257,244,1501,0.10851448068383306
1244,245,1489,0.10854105461366871
1251,247,1498,0.10859716859658965
1255,245,1500,0.10863034673191731
1263,244,1507,0.10865423636583578
1263,243,1506,0.10865743963659664
1259,244,1503,0.10865956555197265
1247,253,1500,0.10866956858126564
1248,252,1500,0.10870673031453698
1254,257,1511,0.10873958033866735
1259,253,1512,0.10875778811218613
1245,248,1493,0.10876653770503776
1244,255,1499,0.10880550353268406
1229,255,1484,0.10884394638414378
1233,258,1491,0.10891144129795766
1228,264,1492,0.10896599892197373
1222,262,1484,0.10902799199481772
1237,259,1496,0.10909929952175211
1236,262,1498,0.1091277805335686
1235,259,1494,0.10915536561883535
1241,258,1499,0.10918315770249126
1239,258,1497,0.10919560962054564
1237,259,1496,0.10921039729545229
1233,259,1492,0.10922878218090949
1226,256,1482,0.10925607417679807
1225,255,1480,0.10929663668802365
1231,257,1488,0.10933888398654446
1225,258,1483,0.10936466208176007
1224,269,1493,0.10940005868408231
1228,272,1500,0.10943601420275773
1220,273,1493,0.10946355886043943
1217,277,1494,0.10950562815510306
1227,274,1501,0.1095511633220144
1227,279,1506,0.1095717227858948
1234,274,1508,0.10959223859695814
1232,275,1507,0.10959423994785275
1223,269,1492,0.10959983959437374
1222,272,1494,0.10962709310999025
1222,275,1497,0.10965779266163991
1207,276,1483,0.10968637031512982
1189,278,1467,0.10974408142605199
1187,281,1468,0.10983844048577061
1203,282,1485,0.10993107565271767
1214,287,1501,0.10998235639206934
1212,284,1496,0.11000584888963864
1211,287,1498,0.11003223469213332
1218,291,1509,0.11005895157662668
1218,287,1505,0.11006665520023397
1217,281,1498,0.11007593377550229
1211,284,1495,0.11008878579464192
1208,283,1491,0.11011419980897312
1209,284,1493,0.11014436760738704
1204,289,1493,0.11016828321350569
1204,299,1503,0.11020283574249898
1202,300,1502,0.1102358402241049
1192,300,1492,0.11027117938462176
1186,304,1490,0.11032719809627575
1178,305,1483,0.11039417697532596
1186,304,1490,0.11047233373162124
1192,298,1490,0.11052584670798789
1180,300,1480,0.11056098262443748
1180,304,1484,0.11062452791700038
1180,307,1487,0.11068291318751643
1184,309,1493,0.11073815918889794
1203,310,1513,0.11078055827729115
1205,306,1511,0.1107750763094071
1206,304,1510,0.11076359358840865
1198,302,1500,0.11075178891047789
1205,304,1509,0.1107607539140894
1204,301,1505,0.11075063459602624
1210,292,1502,0.11074653742617688
1207,300,1507,0.1107287014549608
1202,302,1504,0.11071877338156291
1202,299,1501,0.11071911723026001
1211,299,1510,0.11072093519566628
1212,301,1513,0.11070476476633498
1204,304,1508,0.11068525266242119
1197,301,1498,0.11068678134860624
1201,305,1506,0.11070650655495104
1197,311,1508,0.11071550786199101
1184,317,1501,0.11073215699796499
1186,318,1504,0.11077835645172175
1179,312,1491,0.11081746511022822
1186,313,1499,0.11086840295287857
1186,311,1497,0.11089909099703492
1173,311,1484,0.11092781090620094
1166,315,1481,0.11098561683657725
1182,312,1494,0.11105790746272462
1188,308,1496,0.11108699450097931
1198,306,1504,0.11109802280965912
1185,308,1493,0.11108682973223334
1191,307,1498,0.11110591701992273
1192,301,1493,0.11111126127107958
1195,305,1500,0.11110892216233971
1192,310,1502,0.11109741561812203
1186,312,1498,0.1110946312602455
1189,314,1503,0.11110648171077074
1196,310,1506,0.1111070686051658
1206,303,1509,0.1110916747215252
1217,304,1521,0.11105750249572567
1212,310,1522,0.11100050686687973
1212,312,1524,0.11095979858466201
1199,312,1511,0.11092398023727938
1175,315,1490,0.1109213147808876
1171,313,1484,0.11097311678633318
1172,314,1486,0.11103018740343269
1176,319,1495,0.11108026655086672
1176,317,1493,0.11111943144201447
1167,322,1489,0.11115658701186913
1157,325,1482,0.11120850387442804
1164,331,1495,0.11127910587763626
1161,332,1493,0.11132924771048959
1163,334,1497,0.1113835094910267
1165,327,1492,0.11142989361914485
1158,329,1487,0.11147082891816186
1158,330,1488,0.11152659479740755
1154,328,1482,0.111576650924211
1170,331,1501,0.11162985405736063
1168,333,1501,0.11164528809998808
1167,337,1504,0.11166382650246134
1164,337,1501,0.11168463239604783
1156,339,1495,0.11170950415008886
1150,338,1488,0.11175189752465331
1161,341,1502,0.11180534686021844
1147,350,1497,0.11183363446177019
1153,349,1502,0.11189477261413618
1153,351,1504,0.11193403495282038
1146,351,1497,0.11197075119115514
1138,353,1491,0.11202264909397947
1142,356,1498,0.11209004076951792
1137,351,1488,0.11214344428374186
1124,348,1472,0.11220510022275149
1113,353,1466,0.11229203334614649
1129,357,1486,0.11239828327091328
1127,354,1481,0.11245849846465061
1138,362,1500,0.11251860937453038
1130,364,1494,0.11254867055731788
1123,373,1496,0.11259211894321443
1134,371,1505,0.1126456231368661
1126,366,1492,0.11267355118187482
1137,372,1509,0.11271670840808476
1131,373,1504,0.11273260154496864
1129,376,1505,0.11276298277635964
1119,377,1496,0.11279599757336632
1117,382,1499,0.11285061023950864
1124,376,1500,0.11290614004694968
1126,377,1503,0.11294249828395053
1128,379,1507,0.11297386749095882
1122,380,1502,0.11300006502406422
1118,376,1494,0.11303791119784695
1122,375,1497,0.11308292437867636
1115,371,1486,0.11311594572669666
1109,368,1477,0.11316249557335425
1116,367,1483,0.11321837583991272
1123,369,1492,0.11325302449582669
1124,361,1485,0.11327012475864993
1127,368,1495,0.1132847506047376
1132,377,1509,0.11329121564265587
1131,376,1507,0.1132840986356716
1134,376,1510,0.11327789565316645
1129,374,1503,0.11326411724416154
1124,382,1506,0.11326283677593199
1115,382,1497,0.11327218950699278
1120,388,1508,0.11330407211790756
1124,387,1511,0.1133241296232806
1125,382,1507,0.11333459380551672
1116,379,1495,0.11334314499562499
1113,387,1500,0.11336961524639168
1113,391,1504,0.11340259407708889
1107,382,1489,0.1134327509570767
1103,380,1483,0.11347223230267157
1103,384,1487,0.1135189009473541
1103,378,1481,0.11356030161911622
1111,379,1490,0.11359925366652292
1113,381,1494,0.11361613830831072
1117,381,1498,0.11362821266047614
1105,383,1488,0.11363279093586075
1098,390,1488,0.11366326974653194
1099,387,1486,0.11370726126779396
1113,395,1508,0.11374812945614943
1105,400,1505,0.11375722925075493
1102,395,1497,0.11378458663643855
1101,396,1497,0.11381677314489981
1114,399,1513,0.11384735430493356
1110,397,1507,0.11384518170906908
1100,395,1495,0.11385510074504214
1103,407,1510,0.11388850588589003
1118,399,1517,0.1139131521609203
1108,400,1508,0.11390179343824008
1111,397,1508,0.11391477998276663
1110,400,1510,0.11391726569150969
1103,406,1509,0.11392477531000327
1108,404,1512,0.1139472660902872
1100,405,1505,0.11395595734684721
1099,413,1512,0.11398654976978427
1084,412,1496,0.11401660857995248
1082,412,1494,0.11407655955859579
1082,416,1498,0.11413926170781676
1080,416,1496,0.11420081612818571
1082,413,1495,0.11426077004827782
1083,416,1499,0.11431152304261151
1081,413,1494,0.11435462901529381
1084,420,1504,0.11440025553756654
1078,412,1490,0.11443711831747638
1077,411,1488,0.11448619639333817
1083,415,1498,0.1145341412900871
1078,414,1492,0.11456518692894523
1073,417,1490,0.11460506176938624
1078,415,1493,0.11465147444732025
1079,419,1498,0.1146837585730289
1075,423,1498,0.11471361661744033
1067,425,1492,0.11474963430696317
1068,429,1497,0.11480041676471592
1077,428,1505,0.1148474623414082
1076,429,1505,0.11486891642541483
1072,435,1507,0.1148932963630599
1073,430,1503,0.1149243699226711
1070,429,1499,0.11495342666733052
1075,432,1507,0.11498507244378497
1070,437,1507,0.11500447537256163
1061,445,1506,0.11503124260480177
1060,443,1503,0.11507891354407715
1059,450,1509,0.11512865852089728
1068,448,1516,0.11517982673809925
1065,448,1513,0.11520929907284894
1054,449,1503,0.11524146075407185
1050,451,1501,0.11529700762062423
1040,450,1490,0.11535849723402407
1040,455,1495,0.11543714709008707
1048,452,1500,0.11550905215376613
1056,446,1502,0.11555853276904625
1061,446,1507,0.11558265323112654
1038,445,1483,0.11559694781090862
1033,444,1477,0.11566051112142657
1031,443,1474,0.11573203037387941
1039,447,1486,0.1158031341516573
1048,451,1499,0.11584764333244736
1049,448,1497,0.11586618662236031
1041,445,1486,0.11588370120670202
1047,446,1493,0.11591799265370663
1047,446,1493,0.11593711532638608
1053,449,1502,0.11595225484935061
1057,451,1508,0.11595451747897587
1053,453,1506,0.11594851251464725
1047,455,1502,0.11595317532230069
1048,461,1509,0.1159725809071903
1048,460,1508,0.11598742521306914
1040,457,1497,0.1160020621290078
1032,466,1498,0.11603439671902308
1042,466,1508,0.11608279350670098
1036,474,1510,0.11610639254029195
1037,474,1511,0.11614299331207985
1031,477,1508,0.11617221895080149
1022,471,1493,0.11621223525644388
1029,473,1502,0.11627128553646847
1038,468,1506,0.11631327514441259
1045,474,1519,0.11632812649677461
1040,477,1517,0.11632505921987377
1046,470,1516,0.11633312119496886
1038,471,1509,0.11632825373305776
1025,478,1503,0.11634282499271396
1018,471,1489,0.11638628037610622
1023,471,1494,0.11644303312644652
1024,471,1495,0.11648402261715213
1035,470,1505,0.11651988077069163
1028,475,1503,0.11652714519462913
1034,479,1513,0.11655087109399126
1033,484,1517,0.116559097593687
1028,482,1510,0.11657286204551387
1023,495,1518,0.11659550896927112
1024,489,1513,0.11663093381484302
1011,485,1496,0.11666306116735072
1017,495,1512,0.11672260236465906
1023,491,1514,0.11676499047125781
1004,486,1490,0.11679142935378838
1007,490,1497,0.11685908795187712
1013,494,1507,0.11691335071837156
1010,493,1503,0.1169490760086769
999,493,1492,0.11698928278180805
992,496,1488,0.11705297316651599
1003,500,1503,0.11712961170434372
1001,491,1492,0.11717742848155861
1003,497,1500,0.1172249908492283
1012,496,1508,0.11726300382155774
1009,492,1501,0.11727533365481585
1022,486,1508,0.11729250585544193
1018,497,1515,0.11727788854673264
1016,496,1512,0.1172759398061514
1020,495,1515,0.1172777785776255
1013,494,1507,0.11727015669716359
1005,499,1504,0.11727847057273624
1009,496,1505,0.11730607905245341
1006,493,1499,0.11732333158681664
995,493,1488,0.1173435334390717
988,500,1488,0.11738918499189321
987,507,1494,0.11744771656555315
994,510,1504,0.11750604400009035
996,511,1507,0.11754389914035915
994,507,1501,0.11757414256116917
986,518,1504,0.11760930814864466
975,525,1500,0.11765880190303339
985,525,1510,0.11773202619579509
983,532,1515,0.11777942765983593
977,532,1509,0.11782993629911338
975,532,1507,0.11789212193964466
973,533,1506,0.11795720826448321
973,525,1498,0.11802038956099742
971,526,1497,0.11808086682546204
964,528,1492,0.11814141762288617
965,530,1495,0.11821432132635158
953,530,1483,0.11827979529052211
956,543,1499,0.11836918437661766
952,547,1499,0.11844516575776964
952,543,1495,0.11852413885631247
943,541,1484,0.11859548497631715
945,549,1494,0.11868128013326558
946,550,1496,0.11875496960837975
941,547,1488,0.11882146356668005
951,549,1500,0.11889803369089424
955,551,1506,0.11894689597206706
956,547,1503,0.11898234256130323
962,544,1506,0.11901272162542305
953,544,1497,0.11902644975267215
951,559,1510,0.11906202785898935
939,555,1494,0.11910274393714669
942,546,1488,0.11916958883270982
944,548,1492,0.11922248188796868
943,561,1504,0.11926763050495232
933,558,1491,0.1193150232085022
939,560,1499,0.1193790817547086
940,559,1499,0.1194256961202597
944,555,1499,0.1194650880912608
947,555,1502,0.11948799049070527
941,564,1505,0.1195031239655426
943,569,1512,0.11953600419106572
941,560,1501,0.11956243357929068
943,571,1514,0.11959239354386801
927,569,1496,0.11961441093498455
920,570,1490,0.11967089761748896
925,580,1505,0.11974194807673648
921,579,1500,0.11979649764811846
928,579,1507,0.11985571980238177
930,582,1512,0.11989332300177477
928,578,1506,0.11992053665409977
932,577,1509,0.1199532760438063
933,580,1513,0.11997492922517655
932,576,1508,0.11999317262606311
928,570,1498,0.12001384250958734
926,577,1503,0.12004398259715826
929,571,1500,0.12008167378404973
915,572,1487,0.12010557926160705
923,577,1500,0.12016068726921793
926,580,1506,0.12019192338480396
918,576,1494,0.12021373629341343
926,575,1501,0.12025171923058062
918,586,1504,0.1202654951502398
912,587,1499,0.12029447570440471
907,582,1489,0.12033752556217216
908,583,1491,0.12039158370316459
912,585,1497,0.12044034811910813
912,586,1498,0.12047805914123419
901,584,1485,0.12051361110063809
907,593,1500,0.1205748457273841
896,598,1494,0.12061853086612062
903,594,1497,0.12068187129213222
903,584,1487,0.12072021827087669
905,592,1497,0.12075305759292344
903,588,1491,0.12078014355544411
901,590,1491,0.12081049307413014
903,594,1497,0.12084610723288872
913,594,1507,0.12087557815163338
917,595,1512,0.12087852866447618
912,601,1513,0.12087506830455419
900,598,1498,0.12088477144859593
901,594,1495,0.12092492734679271
906,592,1498,0.12095973165092644
896,591,1487,0.12098015931003069
900,599,1499,0.12102108674691615
898,605,1503,0.12105130553436119
895,602,1497,0.12108580968404813
890,594,1484,0.1211245870632751
881,610,1491,0.12117014387850078
894,608,1502,0.12123304925594766
891,617,1508,0.12126212965030309
893,620,1513,0.12129842785036724
888,617,1505,0.12132679216815032
893,624,1517,0.12136634905122587
894,623,1517,0.12139182951405111
888,615,1503,0.12141353538370588
891,607,1498,0.1214485304402283
889,610,1499,0.12147639750391927
879,615,1494,0.12150720027385686
881,631,1512,0.12155635411451395
876,638,1514,0.12159799463421274
882,637,1519,0.12164859574355603
877,633,1510,0.12168411536117124
871,630,1501,0.12172961170592442
875,635,1510,0.12178448354765976
879,632,1511,0.12182883876474286
874,633,1507,0.1218603439577933
879,633,1512,0.12189850343515957
891,633,1524,0.12192439011985774
878,635,1513,0.12192230906877576
886,628,1514,0.12195323359246217
877,632,1509,0.12196270097339386
880,634,1514,0.12199313178011469
870,642,1512,0.12201453288653548
862,642,1504,0.1220576013175909
866,641,1507,0.12211522170322514
855,636,1491,0.12216033866654338
852,638,1490,0.12222943790370479
848,648,1496,0.12230183107312506
855,646,1501,0.12237836845358423
861,649,1510,0.12243263312547738
850,647,1497,0.12246893927021567
853,648,1501,0.12252808586024144
849,654,1503,0.12257480452862865
847,655,1502,0.1226272105420403
848,657,1505,0.12267912075715158
853,659,1512,0.12272446335106274
847,656,1503,0.12275392520826114
848,655,1503,0.12279637032598202
848,652,1500,0.12283611795934846
859,648,1507,0.12287198688891184
854,649,1503,0.12287973962148001
850,647,1497,0.12289683569344177
855,641,1496,0.12292165702839995
847,640,1487,0.12293328027719641
858,649,1507,0.12296309758449382
857,651,1508,0.12297013582344882
857,645,1502,0.12297981505424939
859,650,1509,0.1229896540317419
861,656,1517,0.12299252508609439
862,648,1510,0.12298977181686788
864,655,1519,0.1229850634592714
857,659,1516,0.12297746687677634
860,654,1514,0.12298692030079529
851,652,1503,0.12298743494223081
854,655,1509,0.12300884138075473
853,652,1505,0.12302242536312603
864,649,1513,0.12303697246586295
864,649,1513,0.12301892995896296
865,643,1508,0.12300403383945804
869,648,1517,0.12298967897467669
874,646,1520,0.12296712767963863
872,643,1515,0.1229353249820139
861,640,1501,0.12290992737646857
853,635,1488,0.1229108632613141
853,633,1486,0.1229310818301989
854,635,1489,0.12295155297002741
861,636,1497,0.12296647407000581
858,653,1511,0.12296546132205821
856,650,1506,0.1229725893283591
860,646,1506,0.12298362275280508
855,649,1504,0.12298497469709155
859,646,1505,0.12299883263926084
853,652,1505,0.12300312509871725
856,655,1511,0.12301826329530552
853,654,1507,0.12302224921956953
857,653,1510,0.12303436936049864
851,654,1505,0.12303787020448567
850,651,1501,0.12305469219842088
845,654,1499,0.12307392072251525
837,658,1495,0.12310328975399142
841,656,1497,0.1231496282854597
839,658,1497,0.12318304419732375
834,654,1488,0.12322059911037853
825,656,1481,0.12326287566336223
821,660,1481,0.12332071350255483
828,662,1490,0.12338572484460712
826,662,1488,0.12342990005537341
822,666,1488,0.12347754217376253
818,678,1496,0.12353168602259788
811,679,1490,0.12359171350484648
802,680,1482,0.12366430668898193
805,677,1482,0.12375238882977975
804,676,1480,0.1238281339308606
817,677,1494,0.12389818631658396
821,684,1505,0.12393373190621179
823,682,1505,0.12395877011554937
824,677,1501,0.12397681707828603
821,670,1491,0.1239929076148016
819,677,1496,0.124012729050058
813,681,1494,0.12403637628459303
814,681,1495,0.12407330424977364
818,691,1509,0.12410668714904627
820,693,1513,0.1241258195105647
825,694,1519,0.12413986708765735
821,693,1514,0.12414065814321833
818,695,1513,0.12414711035215305
816,694,1510,0.12416238855333787
814,697,1511,0.12418349746931347
810,677,1487,0.12420713524496171
808,680,1488,0.12423822354492704
809,679,1488,0.12427117265247237
804,686,1490,0.12429977888319993
811,694,1505,0.1243392505091051
811,699,1510,0.12436041104896951
814,691,1505,0.12438024135120855
818,693,1511,0.12439506645774738
807,691,1498,0.12439854859428603
809,691,1500,0.12442929713971639
809,695,1504,0.12445214890774131
805,704,1509,0.12447410340715377
812,702,1514,0.12450478195954169
816,702,1518,0.12451784140768113
813,703,1516,0.12452161443622516
812,704,1516,0.12453390737033394
810,702,1512,0.12454921368526083
807,703,1510,0.12456648346905942
811,701,1512,0.12458779530493047
808,700,1508,0.12459965494151934
803,700,1503,0.12461928787391009
807,702,1509,0.12464754283471752
809,707,1516,0.12466300390517246
805,711,1516,0.12467236965730046
803,712,1515,0.12469431881238818
804,722,1526,0.12471991268564592
813,716,1529,0.12474189393437536
811,708,1519,0.12474157890486996
810,705,1515,0.12474547439440724
807,712,1519,0.12475185939718743
805,707,1512,0.1247669442230703
794,710,1504,0.12478808237492028
786,720,1506,0.12483110733854602
784,708,1492,0.12488943202004593
779,714,1493,0.1249493676767365
782,714,1496,0.12501694871535446
782,719,1501,0.1250739437328122
791,710,1501,0.1251262174852103
785,714,1499,0.1251550322821428
787,716,1503,0.1251946988804238
783,723,1506,0.12522634020201495
779,721,1500,0.1252636059007493
784,729,1513,0.12530751003367102
778,736,1514,0.125337150508064
772,733,1505,0.12537897328910905
767,733,1500,0.1254324119252771
774,736,1510,0.12549471086596717
763,736,1499,0.12553423475587086
767,742,1509,0.1255954765955607
758,753,1511,0.1256437141360768
769,749,1518,0.12570999781933379
768,750,1518,0.12574782588186303
761,758,1519,0.12578359665504726
761,757,1518,0.125834641245817
751,760,1511,0.1258838447990134
745,758,1503,0.12595379883684388
748,755,1503,0.12602918807832686
747,753,1500,0.12609251330322357
750,747,1497,0.12615537598305987
744,748,1492,0.12620853367397816
745,767,1512,0.12626832115417588
739,760,1499,0.126323516975776
734,750,1484,0.12638814756762798
735,756,1491,0.12646045410655046
731,765,1496,0.12652509947241555
733,763,1496,0.12659418703399972
729,768,1497,0.12665274382616457
725,777,1502,0.12671484791712032
725,773,1498,0.12678257460981573
732,777,1509,0.12684504463000698
733,774,1507,0.12688760843157837
733,773,1506,0.12692292597572574
727,771,1498,0.1269542600586703
731,768,1499,0.12699739247109817
731,763,1494,0.1270318746303918
730,767,1497,0.12706275937382722
729,770,1499,0.12709279255341666
734,771,1505,0.12712359322271105
738,763,1501,0.12714295343390913
729,773,1502,0.12715323713682813
731,764,1495,0.12718316057124437
731,768,1499,0.1272087706157497
727,756,1483,0.12723266298368743
734,755,1489,0.12726478209018374
727,754,1481,0.12727951818478636
729,772,1501,0.127308409082856
728,778,1506,0.12733138191881033
728,782,1510,0.12735783329002495
721,792,1513,0.1273821190617626
724,796,1520,0.12741669845121953
734,790,1524,0.12744366832358367
734,790,1524,0.12744826219294134
733,789,1522,0.12745332063983378
726,791,1517,0.12746181802705261
723,787,1510,0.1274855023780491
716,783,1499,0.1275160371439946
715,788,1503,0.12756253358896136
724,790,1514,0.1276088915892915
729,786,1515,0.12762942505217265
724,797,1521,0.12763715202098308
721,787,1508,0.12765588641231448
715,780,1495,0.12768135309092568
713,789,1502,0.1277168338624984
713,797,1510,0.1277549477377188
709,796,1505,0.12779031719643416
699,794,1493,0.12783351640710275
701,795,1496,0.12789767003234248
698,792,1490,0.12795097579483308
700,791,1491,0.12800659641202652
707,804,1511,0.12805578288447136
709,804,1513,0.12808283452583966
714,801,1515,0.12810475243716468
704,802,1506,0.12811519427000287
696,797,1493,0.1281482482898853
703,796,1499,0.12819649904346708
714,791,1505,0.12822699475453359
712,792,1504,0.12822997005516648
715,805,1520,0.12823624054805716
719,800,1519,0.1282367548598738
726,797,1523,0.1282277900495396
720,793,1513,0.12820360038201672
720,789,1509,0.12819457320520533
716,792,1508,0.12818653681544823
716,794,1510,0.1281889454923107
717,802,1519,0.1281926777543655
714,806,1520,0.12819405652127144
700,799,1499,0.12820230213221528
696,793,1489,0.12824118702712994
692,800,1492,0.12828428159715588
678,798,1476,0.12833582496750762
677,788,1465,0.12841545660334655
683,796,1479,0.12849107556771414
699,796,1495,0.1285463063782091
695,802,1497,0.12855619396156828
690,799,1489,0.12857538075164388
689,806,1495,0.12860526609507097
687,807,1494,0.1286361986338221
687,811,1498,0.1286705785557968
690,813,1503,0.12870385897956735
678,814,1492,0.1287277497677165
687,821,1508,0.128778860531216
687,817,1504,0.12880587213253794
694,824,1518,0.12882914777061702
681,821,1502,0.12883652019068667
685,826,1511,0.1288720655261401
685,830,1515,0.12890004008211803
683,833,1516,0.12892607607693665
670,831,1501,0.12895437848975758
675,828,1503,0.12901022741302362
677,827,1504,0.12904987586341488
669,823,1492,0.12908019978939644
680,835,1515,0.12912541667418048
681,840,1521,0.12914558318692831
687,838,1525,0.12916320039399035
677,830,1507,0.12916613932637616
679,840,1519,0.12919446491560735
682,838,1520,0.12921304326545577
675,839,1514,0.12922495286662944
670,830,1500,0.12925279188997948
668,839,1507,0.12929303095443978
670,842,1512,0.12933591450666726
676,847,1523,0.12937061555893448
676,839,1515,0.1293894442306572
672,849,1521,0.12940775333156193
674,856,1530,0.12943332429927523
665,853,1518,0.12945335636291488
673,848,1521,0.1294929299418701
660,843,1503,0.1295106102935793
655,848,1503,0.1295579665836957
653,845,1498,0.1296125362865167
644,846,1490,0.12966821135229983
650,842,1492,0.12974000110155667
658,839,1497,0.12979303824389585
657,842,1499,0.1298213213385312
662,842,1504,0.1298514934541912
651,851,1502,0.12986737172435306
658,848,1506,0.1299107561911913
645,859,1504,0.12993367785204893
643,852,1495,0.12998609958438057
641,848,1489,0.1300361093163009
656,839,1495,0.13008766449730166
645,845,1490,0.1301019520284515
650,848,1498,0.13014018673286337
657,849,1506,0.13016835892703388
661,851,1512,0.13017638009851015
655,849,1504,0.13017434856603338
649,855,1504,0.13018573601933414
656,859,1515,0.13020979623742077
649,861,1510,0.13021706192532165
646,859,1505,0.13024161863606076
638,864,1502,0.13027355705659702
638,862,1500,0.13032128342105992
636,864,1500,0.13036582625274729
643,866,1509,0.1304102190279164
649,872,1521,0.13043462128189734
642,867,1509,0.13044293932402623
640,869,1509,0.13046822316630383
651,870,1521,0.13049692855351033
645,870,1515,0.1304943147744109
637,874,1511,0.13050664574058718
638,876,1514,0.1305392235307534
644,885,1529,0.1305673581127057
645,868,1513,0.13057824278538258
643,869,1512,0.13058327931580938
644,866,1510,0.1305967663150096
636,877,1513,0.1306075347495768
628,882,1510,0.13063651075250465
629,886,1515,0.13068429422440858
629,877,1506,0.13072523150611243
632,881,1513,0.130762507167349
624,877,1501,0.13079208546469567
624,862,1486,0.13083810629511333
633,869,1502,0.13088118900096363
634,874,1508,0.13089755733462252
632,873,1505,0.13090884691668056
635,881,1516,0.13092362791713036
639,871,1510,0.13093269682587275
640,870,1510,0.1309309602631245
632,866,1498,0.1309274825238239
634,863,1497,0.13094219677277752
630,864,1494,0.13094965335541967
634,869,1503,0.13096513188862197
624,869,1493,0.13097082923714398
627,867,1494,0.13099726053020994
621,871,1492,0.13101583300443348
625,880,1505,0.13104760561133863
626,874,1500,0.13106912890699426
629,871,1500,0.1310859765731397
626,872,1498,0.1310921490438879
633,869,1502,0.13110710172845205
629,868,1497,0.131105888203005
626,867,1493,0.13111142492988795
629,878,1507,0.13112357063984587
629,881,1510,0.13112943469994234
627,880,1507,0.13113506393180985
624,884,1508,0.13114786177282323
622,887,1509,0.1311674956907305
620,878,1498,0.13119009048477676
617,878,1495,0.13121462054376934
615,877,1492,0.13124365284953035
622,885,1507,0.13127502598171126
621,884,1505,0.13128899544451555
621,884,1505,0.1313043547639375
618,884,1502,0.1313192009891647
616,888,1504,0.13133883892952306
610,892,1502,0.13136205099302126
610,897,1507,0.13140014856199617
602,889,1491,0.13143704306583057
604,896,1500,0.13149198347175556
606,896,1502,0.1315375694324922
610,887,1497,0.13157504812980847
602,889,1491,0.13160163293993546
612,889,1501,0.13164581979935103
613,887,1500,0.13166184315042695
612,885,1497,0.13167160026872193
600,884,1484,0.13168306811478953
615,882,1497,0.13172137147884
618,883,1501,0.1317155512237175
615,886,1501,0.13170407825473432
607,891,1498,0.1316999242918406
616,886,1502,0.13171486613632197
614,901,1515,0.13171027738297195
608,904,1512,0.13171146100382006
617,908,1525,0.13172676514423404
607,906,1513,0.13172128711375058
600,911,1511,0.13173980851384987
608,903,1511,0.13177402576425926
610,905,1515,0.1317909259827546
610,913,1523,0.13180574493724212
593,917,1510,0.131819001371311
588,912,1500,0.13187062797917654
586,904,1490,0.13192937016296402
588,900,1488,0.13198687775507426
585,901,1486,0.1320353863167188
587,910,1497,0.13208827075426197
576,917,1493,0.13213272390495745
585,915,1500,0.13219601117013052
580,920,1500,0.13223512500199017
577,915,1492,0.13228572476378447
574,917,1491,0.13233981376051826
577,921,1498,0.1323960206297114
581,922,1503,0.13244206434018457
580,918,1498,0.13247723185214766
586,921,1507,0.13251319406400547
586,923,1509,0.13253227455467192
588,935,1523,0.1325504988787272
585,921,1506,0.13256529592528135
581,923,1504,0.13258707524479585
580,929,1509,0.13261726725272463
578,925,1503,0.13264782943706316
578,929,1507,0.13268088285258883
577,929,1506,0.13271056482683577
578,935,1513,0.1327422021668027
573,934,1507,0.13276815361016212
573,930,1503,0.13280283277916255
571,927,1498,0.1328342905427061
567,928,1495,0.13286956595001717
565,941,1506,0.1329127699145106
562,955,1517,0.13295639039526497
564,952,1516,0.13300373067126714
565,957,1522,0.1330454604405892
564,944,1508,0.13308413817734777
553,938,1491,0.133123596501689
554,948,1502,0.1331860289016838
561,951,1512,0.13324268302817427
558,940,1498,0.1332783533592453
560,945,1505,0.13331753777282812
559,948,1507,0.13335087484699065
560,951,1511,0.13338383403908258
561,946,1507,0.13341184821671304
562,943,1505,0.13343563032658945
564,946,1510,0.1334523337672595
566,945,1511,0.1334644632708644
566,944,1510,0.13346819153005043
561,940,1501,0.1334743328220704
558,947,1505,0.1334917048710814
557,942,1499,0.1335132817148663
554,932,1486,0.13353303490235965
557,944,1501,0.13355968930760098
554,943,1497,0.13357680611031872
560,951,1511,0.13360337049818813
562,951,1513,0.1336155888854234
558,950,1508,0.13362261374743226
552,959,1511,0.1336400749630678
550,965,1515,0.13367167757104478
546,971,1517,0.13370461384627969
548,966,1514,0.1337436847064394
547,964,1511,0.13377752180122066
542,960,1502,0.1338122402995515
548,959,1507,0.13385589447301835
553,962,1515,0.1338789752124569
548,962,1510,0.13388624515238423
543,958,1501,0.13390505224790972
551,967,1518,0.133934524419531
541,968,1509,0.13394404492181675
540,966,1506,0.13397635533694158
548,975,1523,0.13400867760322763
541,976,1517,0.13402178908134435
544,974,1518,0.13405001242590164
539,972,1511,0.13407072506151127
528,975,1503,0.1341027449867145
524,987,1511,0.13415836676274895
519,977,1496,0.13422038525219837
531,974,1505,0.13428939307343346
537,982,1519,0.13432383922380942
540,976,1516,0.1343419662096222
539,973,1512,0.1343494520098567
541,979,1520,0.13435931227345105
526,979,1505,0.13436455876855813
531,980,1511,0.1344049029574629
529,976,1505,0.13443082424089747
540,980,1520,0.13445963827555116
536,977,1513,0.1344610654465634
525,987,1512,0.13447211373800133
524,986,1510,0.13450764645296906
521,986,1507,0.13454410304120137
523,978,1501,0.1345834268163466
518,977,1495,0.13461481864460978
525,975,1500,0.13465639456331957
524,972,1496,0.13467914405196751
523,981,1504,0.13470241274520106
523,987,1510,0.13472938802814544
520,995,1515,0.13475436579018452
525,991,1516,0.13478504281735526
520,987,1507,0.13479954655011114
519,982,1501,0.1348256029187069
523,983,1506,0.13485455856793196
531,999,1530,0.13487374267684046
534,1004,1538,0.1348708875930977
528,1003,1531,0.1348620986876478
522,993,1515,0.13486593347058543
526,980,1506,0.1348832603298943
524,986,1510,0.1348910840524055
530,974,1504,0.13490586134704902
526,968,1494,0.13490362611537854
517,987,1504,0.13491212764466115
517,985,1502,0.13494203976284883
517,996,1513,0.1349683726723353
510,1006,1516,0.1349933544092516
515,1005,1520,0.13503347326194998
512,1003,1515,0.13505602397225316
510,1001,1511,0.13508414937756943
513,1000,1513,0.13511816169898097
511,1013,1524,0.1351445440272394
510,1011,1521,0.13517288034361752
500,1003,1503,0.13520109108920664
500,1001,1501,0.13525015599365162
504,1019,1523,0.13529706274180497
500,1013,1513,0.13533402161309976
494,1013,1507,0.13537687827055456
494,1022,1516,0.13543273075039838
490,1015,1505,0.13548235127383257
493,1017,1510,0.1355380968730886
495,1011,1506,0.13558359757496818
487,1018,1505,0.13561982707644407
486,1009,1495,0.1356713677988971
490,1008,1498,0.1357197252362055
484,1019,1503,0.13575627544717847
489,1025,1514,0.1358037965439618
486,1026,1512,0.13583487156598312
478,1026,1504,0.1358710401803069
481,1027,1508,0.13592399957141044
477,1028,1505,0.13596803694368467
483,1018,1501,0.13601975922954207
483,1028,1511,0.13605417717982
470,1039,1509,0.13608594332444526
466,1032,1498,0.13614588032001992
476,1040,1516,0.1362107051259922
480,1031,1511,0.13624847554062755
478,1039,1517,0.1362751156180217
464,1028,1492,0.1363051210247899
472,1029,1501,0.1363650615349288
480,1032,1512,0.13640288897208525
476,1045,1521,0.13642042547675
466,1040,1506,0.13644580382873156
460,1036,1496,0.1364924928149507
465,1038,1503,0.13654821700060119
462,1040,1502,0.13658930724522364
459,1034,1493,0.1366330869529692
469,1041,1510,0.1366807692055084
472,1034,1506,0.13670140299077013
476,1033,1509,0.1367149300892349
473,1027,1500,0.13671834911890585
474,1038,1512,0.1367252803119149
473,1045,1518,0.13673031861668916
474,1031,1505,0.1367370580644466
478,1034,1512,0.13674144184277376
480,1029,1509,0.13673499761646135
477,1026,1503,0.13672459938752154
478,1029,1507,0.13672357142739566
476,1027,1503,0.13672038981547735
477,1037,1514,0.13672218786479529
482,1037,1519,0.1367229777738638
479,1035,1514,0.1367111178469131
480,1028,1508,0.13670692160782352
479,1033,1512,0.13669862181872766
473,1036,1509,0.13669212489813448
468,1046,1514,0.1367020902671416
473,1047,1520,0.13672587728485006
469,1041,1510,0.1367376019948609
464,1039,1503,0.13675770890440916
465,1043,1508,0.1367888033320035
459,1046,1505,0.1368162642276828
463,1045,1508,0.13685536059506392
465,1041,1506,0.13688112901607088
468,1034,1502,0.1368987199072931
471,1028,1499,0.13691075917377965
475,1047,1522,0.1369128376196361
471,1040,1511,0.13690497935548976
464,1039,1503,0.1369070230298414
473,1044,1517,0.13692567436851819
468,1046,1514,0.1369212546906113
466,1042,1508,0.1369303822380909
476,1047,1523,0.13693975672127923
474,1034,1508,0.1369242140885814
468,1039,1507,0.13691647987703678
463,1040,1503,0.13692402128625591
461,1049,1510,0.136943702294016
463,1060,1523,0.1369683339817999
459,1058,1517,0.13698674981190057
449,1057,1506,0.13701293255047983
453,1051,1504,0.13706063231444046
453,1058,1511,0.13709441295622743
448,1057,1505,0.13712824305599788
448,1049,1497,0.13716841079718814
463,1042,1505,0.13720443993869785
467,1040,1507,0.13720268286869497
463,1048,1511,0.1371930644335464
458,1047,1505,0.13719458559988498
454,1057,1511,0.13720926299758646
454,1065,1519,0.13723151110125237
457,1066,1523,0.1372526400930421
446,1056,1502,0.13726405763026026
451,1056,1507,0.13730130929250003
449,1063,1512,0.13732434004956737
450,1065,1515,0.13735105984930907
438,1076,1514,0.13737466051687053
442,1078,1520,0.13742405750784686
450,1066,1516,0.13746355124558873
448,1053,1501,0.1374796296687789
444,1063,1507,0.1374999904025313
442,1061,1503,0.13752587420866494
441,1066,1507,0.1375559082646244
438,1061,1499,0.13758602690877544
437,1065,1502,0.13762132699259894
428,1074,1502,0.13765449464986948
438,1076,1514,0.13770579572433103
434,1078,1512,0.13773052946030515
437,1077,1514,0.13776402893677925
440,1086,1526,0.13778696583969022
433,1076,1509,0.13780319910652752
439,1083,1522,0.137836032220729
437,1093,1530,0.1378539658868193
432,1087,1519,0.13787575876804048
434,1087,1521,0.13790968323025976
425,1093,1518,0.13793570895472912
429,1100,1529,0.1379811744258145
435,1095,1530,0.13801682105050495
435,1094,1529,0.13803636201216002
431,1091,1522,0.13805519440962472
434,1101,1535,0.13808081610250178
433,1087,1520,0.13809704904941242
427,1091,1518,0.13811481264262682
424,1084,1508,0.13814529429570213
418,1092,1510,0.13817933812010183
424,1087,1511,0.13822371221707058
426,1083,1509,0.13825355081070656
428,1085,1513,0.1382766880462125
430,1088,1518,0.13829301727614984
423,1089,1512,0.13830466223563442
422,1089,1511,0.1383337213940131
426,1091,1517,0.13836382477094009
429,1085,1514,0.13838180347869156
427,1068,1495,0.13839125587762907
427,1078,1505,0.1384029955937208
432,1087,1519,0.13841484921098882
426,1091,1517,0.13841384188798078
425,1093,1518,0.13842896368045185
420,1091,1511,0.13844534089831106
418,1097,1515,0.13847338249861557
420,1093,1513,0.13850264627773679
425,1081,1506,0.13852549858916668
422,1075,1497,0.13853407052449257
417,1075,1492,0.13854833831579857
422,1076,1498,0.13857355631916374
421,1073,1494,0.13858313720555754
425,1066,1491,0.13859458350781576
419,1077,1496,0.13859893228166972
418,1085,1503,0.13861640963056998
426,1090,1516,0.1386350765756202
420,1105,1525,0.13863016643280082
426,1100,1526,0.13863964149243974
422,1099,1521,0.13863263925324695
423,1089,1512,0.13863780633060893
428,1077,1505,0.1386418376882614
423,1073,1496,0.13863321859462308
427,1093,1520,0.1386398513571085
427,1087,1514,0.1386355048951599
431,1096,1527,0.13863030738641632
430,1091,1521,0.13861566426741462
419,1092,1511,0.13860511827644323
419,1085,1504,0.1386192269877602
430,1088,1518,0.13863283119252032
427,1083,1510,0.1386211712180468
426,1082,1508,0.1386193652446259
421,1090,1511,0.13862001197373802
419,1096,1515,0.13863152009302693
419,1099,1518,0.138647953881547
422,1085,1507,0.13866385738776532
420,1084,1504,0.1386715833128042
417,1082,1499,0.13868524419800476
420,1090,1510,0.13870420917891063
414,1097,1511,0.13871413723880235
410,1088,1498,0.13873979215345966
414,1090,1504,0.13877182478766648
415,1068,1483,0.13879220389235197
420,1086,1506,0.13880708451357698
417,1100,1517,0.13880711995919515
422,1097,1519,0.13881538175487615
425,1096,1521,0.13881094738058278
426,1091,1517,0.1387961086707994
424,1096,1520,0.13878038060983983
432,1089,1521,0.13877022737600078
432,1089,1521,0.13874062832450373
427,1098,1525,0.13871465968761562
427,1087,1514,0.13870262314425222
424,1102,1526,0.13869271033588776
426,1097,1523,0.13868851815662417
425,1093,1518,0.1386796750729104
434,1088,1522,0.1386739058634961
429,1083,1512,0.13864684543864367
429,1078,1507,0.138634092826451
425,1088,1513,0.13862371987729272
420,1097,1517,0.13862342775847306
416,1091,1507,0.13863503812979366
420,1095,1515,0.13865581196805915
415,1092,1507,0.13866731642081642
419,1105,1524,0.1386913570862346
421,1098,1519,0.13870708701208237
415,1103,1518,0.13871427709263479
414,1114,1528,0.1387353520841023
417,1109,1526,0.13875857472841863
414,1089,1503,0.1387731298814038
409,1095,1504,0.138792605083638
410,1105,1515,0.1388198589802334
413,1103,1516,0.13884285290958454
411,1109,1520,0.13885871436158348
408,1108,1516,0.1388787539558618
408,1102,1510,0.13890533891743864
408,1101,1509,0.13893114248853475
408,1103,1511,0.13895502256766146
406,1107,1513,0.13897660282496002
402,1103,1505,0.1390022160049346
405,1098,1503,0.1390324400570386
406,1117,1523,0.13905365197559114
410,1112,1522,0.13907088340402918
411,1113,1524,0.13907533473457234
408,1114,1522,0.13907698843011532
402,1097,1499,0.13908341545859726
407,1104,1511,0.13910435774202612
412,1106,1518,0.1391138549462672
405,1105,1510,0.13911026676692262
400,1106,1506,0.13912365478531513
401,1116,1517,0.13914675079769373
397,1113,1510,0.13916564304511522
401,1113,1514,0.13919547643794733
400,1113,1513,0.13921281067933358
403,1109,1512,0.13922932534560611
397,1110,1507,0.13924062832155087
398,1115,1513,0.13926538149941375
396,1132,1528,0.139285771890447
388,1120,1508,0.1393078105842859
392,1121,1513,0.13934860020922635
400,1120,1520,0.1393764907245054
401,1106,1507,0.13938159709279435
403,1107,1510,0.13938628451546864
398,1110,1508,0.1393838366889608
399,1118,1517,0.13939453494761295
405,1108,1513,0.13940174479690914
399,1111,1510,0.13939361987414314
402,1113,1515,0.13940208679514096
402,1122,1524,0.13940303292492268
400,1119,1519,0.13940271741670027
407,1115,1522,0.13940827324395447
407,1119,1526,0.1393958971136357
402,1122,1524,0.13938355313134057
404,1119,1523,0.13938599744647803
402,1122,1524,0.13938376529736815
400,1119,1519,0.13938792558137006
397,1112,1509,0.13939767892198154
391,1113,1504,0.13941452169518004
387,1123,1510,0.13944380379240384
387,1131,1518,0.1394813620432489
384,1139,1523,0.13951685518502324
387,1124,1511,0.1395570281530323
385,1127,1512,0.13958757540155428
384,1127,1511,0.1396224107155878
373,1132,1505,0.13965645139779892
373,1148,1521,0.1397143269850669
368,1146,1514,0.13976907953693232
369,1143,1512,0.1398322762123603
373,1149,1522,0.13988740277720846
366,1141,1507,0.13993105433028594
362,1158,1520,0.13998760034364632
358,1146,1504,0.14004800364572398
357,1145,1502,0.14011367402880606
359,1149,1508,0.14017670113970673
359,1155,1514,0.1402312340851082
362,1146,1508,0.14028192654626298
355,1144,1499,0.14032226939607095
355,1149,1504,0.14037612981825018
355,1149,1504,0.1404272323803231
355,1140,1495,0.140475775101541
358,1152,1510,0.14052260595072322
353,1162,1515,0.14055725978186126
350,1170,1520,0.1406004966844746
355,1170,1525,0.14064623172458343
361,1167,1528,0.14067964554920614
358,1153,1511,0.1406973372279331
352,1152,1504,0.14071931281858743
349,1155,1504,0.14075451569620293
347,1160,1507,0.14079628599902624
345,1166,1511,0.1408407890031581
348,1166,1514,0.1408867256056884
353,1168,1521,0.14092353780291783
351,1168,1519,0.1409445268398401
349,1159,1508,0.1409680191468225
338,1160,1498,0.14099539380097373
338,1158,1496,0.14104657131447415
343,1162,1505,0.14109422083998863
341,1168,1509,0.14112416516362253
344,1176,1520,0.14115523402511396
344,1167,1511,0.14117783394391833
345,1163,1508,0.14120104312505466
349,1158,1507,0.14122051815270267
349,1151,1500,0.1412279594672134
348,1164,1512,0.1412352437000466
347,1160,1507,0.141243636849287
354,1167,1521,0.14125428701453793
353,1166,1519,0.14124757286453524
355,1156,1511,0.14124455173283196
355,1158,1513,0.14123742735389364
359,1154,1513,0.1412319430444426
355,1149,1504,0.1412193047494169
355,1155,1510,0.1412174037856744
350,1165,1515,0.1412127976352529
350,1157,1507,0.14122029425479007
347,1162,1509,0.14122655801940556
340,1158,1498,0.1412405903337512
342,1164,1506,0.1412718176220255
342,1165,1507,0.1412958553807096
345,1162,1507,0.1413194982158907
348,1170,1518,0.14133313133065378
348,1165,1513,0.14134026322295637
346,1163,1509,0.14134620736066825
350,1166,1516,0.14135521516892158
348,1170,1518,0.14135205973574919
347,1164,1511,0.14135341499237394
347,1166,1513,0.14135547720498934
342,1168,1510,0.14135988432453728
337,1164,1501,0.1413785911436162
341,1167,1508,0.14140658719967353
346,1161,1507,0.14142199015337012
339,1156,1495,0.14142283951493873
342,1163,1505,0.14144026072718863
346,1170,1516,0.14144956342840462
335,1175,1510,0.1414483808505031
337,1168,1505,0.14147178774127298
342,1164,1506,0.14148947462360895
343,1160,1503,0.1414964972367039
348,1161,1509,0.14150174863435946
347,1160,1507,0.14149408899488677
347,1155,1502,0.14148915203090137
349,1160,1509,0.14148284417198773
350,1160,1510,0.1414725675169751
353,1166,1519,0.1414593308498096
350,1165,1515,0.14144025419039413
345,1168,1513,0.1414327351112858
350,1167,1517,0.14143634171130465
353,1173,1526,0.14142913657384637
352,1162,1514,0.14141205126602555
345,1164,1509,0.14139927730521248
346,1171,1517,0.14140351287366
350,1175,1525,0.14140471843485758
355,1163,1518,0.14139575096684248
348,1166,1514,0.14137534931012433
343,1156,1499,0.14137259118811538
351,1164,1515,0.14138241921144812
352,1170,1522,0.14137076963258433
354,1169,1523,0.14135855439659079
349,1175,1524,0.14134191793462467
350,1179,1529,0.14133929017971827
352,1180,1532,0.14133625912017006
353,1182,1535,0.1413311414868985
354,1184,1538,0.1413259010708193
350,1169,1519,0.14131823572556126
346,1161,1507,0.1413228658993068
344,1158,1502,0.1413372819748534
345,1178,1523,0.14135496673411077
337,1173,1510,0.14136873248367898
331,1175,1506,0.1414012371983276
333,1179,1512,0.14144487084997123
334,1166,1500,0.1414773773623489
330,1176,1506,0.14150322841521643
332,1178,1510,0.14153832204107958
329,1179,1508,0.14156557455186217
337,1181,1518,0.14159845573442445
337,1193,1530,0.14160761178960532
331,1198,1529,0.14161494137606848
325,1190,1515,0.1416365095034838
325,1192,1517,0.1416716931815013
328,1193,1521,0.14170527739615743
322,1199,1521,0.14173012293150736
323,1195,1518,0.14176911515104662
326,1195,1521,0.1418040518988855
319,1201,1520,0.1418293333863332
320,1194,1514,0.14186934876755875
322,1192,1514,0.14190455672421348
314,1204,1518,0.14193327684857907
308,1218,1526,0.1419784441635205
310,1207,1517,0.14203469082433512
306,1207,1513,0.1420797236057994
307,1197,1504,0.14213165266489908
305,1201,1506,0.14217786205877603
303,1203,1506,0.14222542704189853
311,1208,1519,0.14227592810797585
301,1200,1501,0.14230325649509948
300,1205,1505,0.14235316694567124
301,1208,1509,0.14240120570364886
300,1213,1513,0.14244334327854036
296,1210,1506,0.14248464077695924
300,1211,1511,0.1425321216019065
304,1205,1509,0.14256641735083558
304,1211,1515,0.14258929178377186
311,1213,1524,0.14261119353713891
313,1213,1526,0.14261380163305862
306,1202,1508,0.14261240085878613
307,1199,1506,0.14262855352928183
303,1200,1503,0.14264237619959752
302,1205,1507,0.14266192591463256
298,1203,1501,0.14268311566344757
291,1203,1494,0.14271372592216533
295,1206,1501,0.14275750276337554
296,1220,1516,0.14278825652015112
297,1216,1513,0.14281499384341795
299,1220,1519,0.14283839801553377
302,1220,1522,0.14285631381613315
303,1223,1526,0.14286351246792964
298,1216,1514,0.14286912572727528
295,1224,1519,0.14288900341851252
290,1224,1514,0.14291560337516743
291,1214,1505,0.14295359909057695
290,1229,1519,0.1429862609081367
288,1233,1521,0.14302100718579888
291,1236,1527,0.14305801034240384
293,1218,1511,0.1430862759238981
290,1222,1512,0.1431051484670669
282,1224,1506,0.1431296305663017
273,1241,1514,0.14317074545643618
276,1232,1508,0.1432300346840618
283,1226,1509,0.14327951381050047
283,1233,1516,0.14330960118654143
285,1234,1519,0.14333725242843762
278,1246,1524,0.14335894093803278
279,1236,1515,0.14339554065045518
275,1233,1508,0.14342824683148073
274,1242,1516,0.14346828176626958
278,1239,1517,0.14350761853391084
281,1229,1510,0.14353507861506137
277,1243,1520,0.14355352903177837
276,1244,1520,0.14358008350163184
273,1242,1515,0.1436082361088038
275,1234,1509,0.1436424337312761
273,1228,1501,0.14366909296601915
272,1228,1500,0.14369685490402584
278,1238,1516,0.14372237009569847
279,1245,1524,0.14373120311642215
277,1236,1513,0.14373787727248563
278,1236,1514,0.14374941497049895
274,1241,1515,0.14375905466969394
264,1245,1509,0.14377738133502999
268,1248,1516,0.14381869272811545
272,1257,1529,0.14384978490625872
274,1255,1529,0.14387074066953265
278,1248,1526,0.14388396185465716
279,1242,1521,0.14388392111519838
278,1248,1526,0.14388379777227783
275,1253,1528,0.14388760831265213
275,1254,1529,0.14389703555635436
270,1254,1524,0.14390703552937867
274,1246,1520,0.14392905824402003
273,1243,1516,0.14394019485502282
265,1250,1515,0.14395359019536152
263,1242,1505,0.14398612802126182
261,1255,1516,0.14402051201144345
263,1252,1515,0.14405912067456217
267,1259,1526,0.14409101445577177
268,1253,1521,0.1441111234590097
266,1264,1530,0.14412776303359012
264,1264,1528,0.1441464900519806
260,1250,1510,0.14417107422779285
259,1262,1521,0.14420392497201276
259,1266,1525,0.14423629760293383
255,1267,1522,0.1442639863991554
253,1272,1525,0.14429934490172155
250,1279,1529,0.1443366837027091
250,1278,1528,0.14438083385301836
246,1274,1520,0.14441887950637156
247,1280,1527,0.14446491119437233
246,1272,1518,0.14450387715921204
248,1278,1526,0.14454268942061185
246,1276,1522,0.144575560134272
242,1274,1516,0.1446098497678411
245,1285,1530,0.14465097475994856
243,1277,1520,0.14468419395567234
243,1278,1521,0.14471920236414346
248,1254,1502,0.1447521523753813
245,1271,1516,0.1447711963319877
237,1260,1497,0.14479613821784096
233,1248,1481,0.14483853456094914
233,1257,1490,0.14488653249535546
231,1273,1504,0.14493199540069265
227,1286,1513,0.14497794088676677
227,1295,1522,0.1450309351670963
228,1288,1516,0.14508055604962952
231,1286,1517,0.14512422507061135
234,1288,1522,0.1451578443815755
232,1283,1515,0.14518177551344466
233,1277,1510,0.14520844798391636
232,1274,1506,0.1452310731536726
234,1284,1518,0.145253397417566
229,1281,1510,0.14527100927324593
227,1299,1526,0.1452980095002252
227,1298,1525,0.14532868247495048
220,1300,1520,0.14535407038323153
221,1289,1510,0.14539318968562737
227,1287,1514,0.14542782718209218
228,1285,1513,0.1454468868839321
230,1291,1521,0.14546231365630713
229,1300,1529,0.1454733337783695
229,1285,1514,0.14548533148634674
228,1291,1519,0.1454978626101017
223,1290,1513,0.14551142357483382
222,1292,1514,0.1455374237580222
219,1295,1514,0.14556448375732775
215,1292,1507,0.14559572833866669
216,1297,1513,0.14563620605510358
214,1290,1504,0.14567207145136574
213,1294,1507,0.14570787853471004
219,1283,1502,0.14574314665470986
215,1292,1507,0.1457621322487178
219,1277,1496,0.1457904653745027
226,1283,1509,0.1458050320679697
229,1281,1510,0.14580123683806706
227,1292,1519,0.14579018307689887
228,1297,1525,0.14578406705056604
228,1284,1512,0.14577614740438885
232,1275,1507,0.14576949617436633
225,1282,1507,0.14575348390918674
225,1276,1501,0.14575456798338926
223,1274,1497,0.1457574354144422
221,1272,1493,0.145763705492461
222,1271,1493,0.14577505490007736
224,1270,1494,0.14578389493836755
223,1274,1497,0.14578740580234772
219,1283,1502,0.145792864928077
218,1282,1500,0.14580903872669448
221,1288,1509,0.14582757559837575
215,1268,1483,0.14583688435533454
214,1276,1490,0.14585844289421818
212,1294,1506,0.1458814005759842
209,1301,1510,0.1459079152610588
214,1297,1511,0.14593933766428527
210,1297,1507,0.14595707948454062
204,1293,1497,0.14598419108481703
198,1302,1500,0.14602242713672475
200,1315,1515,0.14607117467126798
198,1309,1507,0.1461132283888488
202,1307,1509,0.14615845030533747
202,1305,1507,0.1461894832947422
206,1300,1506,0.14621957628884613
206,1302,1508,0.14623802090693722
209,1302,1511,0.146256083701111
206,1304,1510,0.14626406829937363
201,1306,1507,0.14627848651824138
204,1304,1508,0.14630571880686893
204,1306,1510,0.14632487194218893
207,1311,1518,0.14634282883390345
210,1315,1525,0.14635090771479625
207,1326,1533,0.14635323122803004
205,1316,1521,0.14636362389400365
204,1310,1514,0.1463769219496567
203,1314,1517,0.14639217757347875
198,1312,1510,0.14640708258291857
191,1310,1501,0.14643312032933464
189,1309,1498,0.14647338224687775
192,1312,1504,0.14651326194728992
188,1314,1502,0.14654543693886385
191,1305,1496,0.1465854174932167
194,1301,1495,0.14661396844508542
195,1304,1499,0.14663335887637508
188,1308,1496,0.14664863262696873
194,1312,1506,0.14668094608410434
191,1308,1499,0.14669655602153603
192,1301,1493,0.1467154448151183
189,1294,1483,0.14673294088408237
195,1306,1501,0.14675645519449146
194,1308,1502,0.14676313116659168
191,1300,1491,0.14677258640405177
191,1305,1496,0.14679002339210168
193,1301,1494,0.1468075437817867
192,1309,1501,0.14682129965496668
194,1295,1489,0.14683641252891896
200,1298,1498,0.1468433413398638
204,1301,1505,0.1468351239286571
207,1310,1517,0.14681677769113022
206,1304,1510,0.14679224792319434
202,1316,1518,0.14677231672439098
206,1329,1535,0.14676257861393213
202,1319,1521,0.14674568136644597
199,1322,1521,0.1467404539508138
195,1319,1514,0.14674276732346447
196,1319,1515,0.1467551725389575
197,1318,1515,0.14676534120738405
197,1318,1515,0.14677017720871532
195,1311,1506,0.14677383818451856
199,1308,1507,0.1467816836505002
197,1314,1511,0.14678130855715468
197,1325,1522,0.1467846238620685
192,1326,1518,0.14678857640361087
190,1323,1513,0.14680356631664374
194,1331,1525,0.14682365178969234
189,1324,1513,0.14683295550780415
188,1326,1514,0.1468540402143572
185,1325,1510,0.14687749956126556
182,1339,1521,0.1469078927376999
181,1319,1500,0.1469423995478833
179,1333,1512,0.1469781454694875
178,1342,1520,0.14701790727641556
178,1345,1523,0.1470584626510861
175,1343,1518,0.1470954404002927
170,1353,1523,0.14713504865349475
168,1354,1522,0.14718450960522036
171,1335,1506,0.1472361141015125
169,1340,1509,0.14727789254913595
173,1334,1507,0.14732090728585898
172,1340,1512,0.14735218549277337
172,1328,1500,0.14738308625891908
173,1325,1498,0.14741293280114495
174,1349,1523,0.14743860928609398
175,1353,1528,0.14746009564044996
172,1352,1524,0.14747713424459385
171,1355,1526,0.1474995856112016
167,1351,1518,0.1475239023877638
167,1354,1521,0.1475565888864147
171,1357,1528,0.14758746442954807
170,1368,1538,0.14760680429627587
163,1365,1528,0.1476266632694181
170,1360,1530,0.14766102355984018
167,1361,1528,0.14767694334191733
161,1357,1518,0.14769776019421682
159,1360,1519,0.14773045452252806
155,1364,1519,0.14776653744589485
152,1361,1513,0.14780915167505693
159,1354,1513,0.14785645939501582
158,1361,1519,0.1478857875590192
158,1362,1520,0.14791411865044213
152,1364,1516,0.14793982120059435
151,1362,1513,0.14797704697927266
157,1354,1511,0.14801496379035162
153,1363,1516,0.14803629279165872
153,1363,1516,0.14806609343931637
149,1365,1514,0.1480937677109917
146,1357,1503,0.14812951257684032
143,1365,1508,0.1481709426248729
146,1368,1514,0.14821740943757272
146,1364,1510,0.14825464201107472
147,1380,1527,0.14828829770767715
149,1364,1513,0.14831838855455395
147,1374,1521,0.14834089658565466
149,1378,1527,0.14836484045116685
150,1368,1518,0.1483836051896793
147,1363,1510,0.14839888599859827
145,1369,1514,0.14842106352338544
140,1369,1509,0.1484473156289125
141,1372,1513,0.14848240350016562
143,1368,1511,0.14851277417508782
137,1372,1509,0.14853651800213385
138,1365,1503,0.14857266215292309
140,1363,1503,0.14860504885030287
144,1363,1507,0.14863076456346852
143,1362,1505,0.1486438489668384
143,1354,1497,0.14865593143808595
146,1351,1497,0.14866721184689893
143,1361,1504,0.1486714193321271
142,1358,1500,0.1486837520089153
144,1373,1517,0.14869775353560655
142,1364,1506,0.14870554765221816
141,1387,1528,0.14871818629679417
142,1379,1521,0.14873066517659222
141,1390,1531,0.14873875341425577
139,1393,1532,0.14874980216475614
135,1395,1530,0.14876584100089713
135,1377,1512,0.1487908956663243
136,1384,1520,0.14881387165918464
135,1388,1523,0.14883112888364178
135,1380,1515,0.14885007767050631
134,1372,1506,0.1488689058930792
133,1387,1520,0.14888966672339404
130,1387,1517,0.14891259046962388
127,1381,1508,0.1489413718580288
133,1390,1523,0.14897516080516593
130,1387,1517,0.14899306384209005
130,1384,1514,0.14901726402659668
127,1384,1511,0.14904030156388273
131,1382,1513,0.1490682282200984
124,1392,1516,0.14908510139769476
128,1390,1518,0.14911661059366932
133,1386,1519,0.14913541912610076
131,1383,1514,0.14913798816019427
136,1382,1518,0.1491468667457958
133,1375,1508,0.1491442268758089
133,1378,1511,0.14915069680371307
129,1392,1521,0.14915601905820416
128,1394,1522,0.14917032926840337
129,1405,1534,0.14918743597913373
132,1393,1525,0.14920152316415436
131,1386,1517,0.14920248874758507
131,1398,1529,0.1492056528850769
131,1400,1531,0.14920973259975018
130,1398,1528,0.14921377545658657
128,1387,1515,0.1492212183897086
132,1391,1523,0.1492336979877139
132,1395,1527,0.14923532249398647
132,1381,1513,0.14923696337770365
134,1377,1511,0.149238984492812
135,1370,1505,0.14923455214510806
141,1370,1511,0.1492279096839762
139,1370,1509,0.1492058846115436
139,1376,1515,0.14919003530584185
143,1385,1528,0.1491755543130356
139,1382,1521,0.14915238800162814
138,1382,1520,0.14913843532523496
134,1381,1515,0.14912828716250104
126,1391,1517,0.14912956858614757
125,1380,1505,0.14915045204583316
120,1387,1507,0.14917171930657908
128,1380,1508,0.14920437389606594
127,1369,1496,0.14921573618390932
126,1367,1493,0.14922843619510207
126,1375,1501,0.14924272158921909
125,1380,1505,0.14925619922619301
128,1375,1503,0.14927156166979244
130,1381,1511,0.14927827366705956
129,1383,1512,0.1492804147344847
127,1385,1512,0.14928530590751016
125,1396,1521,0.14929553001364235
124,1392,1516,0.14931054803348304
123,1403,1526,0.1493266360191806
124,1390,1514,0.14934378517575667
124,1391,1515,0.14935630668793543
118,1401,1519,0.14936812221058607
120,1397,1517,0.14939345031478726
122,1396,1518,0.14941375094233114
127,1388,1515,0.14942677411309144
127,1385,1512,0.14942654535012934
125,1381,1506,0.14942638668327046
126,1389,1515,0.14943183419664544
128,1384,1512,0.1494355408317781
131,1395,1526,0.1494316678300433
128,1385,1513,0.14942189937376
131,1386,1517,0.1494200658191281
134,1389,1523,0.14941032252999334
134,1382,1516,0.14939271485538902
133,1370,1503,0.14937756023364593
132,1375,1507,0.1493660291811965
132,1374,1506,0.14935793618928725
131,1386,1517,0.1493499423000393
131,1393,1524,0.14934464792672483
133,1392,1525,0.1493399487677102
130,1396,1526,0.14932937655077563
129,1384,1513,0.14932668112754965
127,1392,1519,0.14932711918306624
128,1382,1510,0.14933195339350994
126,1385,1511,0.1493342556301982
126,1396,1522,0.14934094243122178
127,1391,1518,0.14934821488200226
128,1396,1524,0.14935220959430434
125,1396,1521,0.14935271310905632
125,1392,1517,0.14935848508190175
122,1381,1503,0.149363071637375
122,1395,1517,0.1493735667192946
121,1409,1530,0.1493850799029322
119,1407,1526,0.14939985074585502
116,1408,1524,0.14941886338671623
115,1404,1519,0.14944408900461906
112,1402,1514,0.14947026809750572
112,1405,1517,0.14950174115436798
112,1416,1528,0.14953170032802807
112,1420,1532,0.149560700215936
113,1415,1528,0.1495864927979539
109,1414,1523,0.1496089696058101
109,1419,1528,0.14963722247388136
109,1416,1525,0.149664004213538
109,1413,1522,0.14968970706503146
112,1429,1541,0.14971402963552147
112,1415,1527,0.14972868614218526
111,1393,1504,0.14974154544917476
111,1396,1507,0.14975596600489052
108,1406,1514,0.14977093323870033
104,1420,1524,0.1497926239860638
103,1425,1528,0.1498235295267575
104,1427,1531,0.14985565722797448
107,1417,1524,0.14988210975505523
107,1420,1527,0.14989937846465717
104,1419,1523,0.14991580095058257
101,1419,1520,0.14993600352806039
103,1415,1518,0.1499632903312194
103,1408,1511,0.1499849957856027
104,1413,1517,0.15000629718955136
105,1407,1512,0.15002467364686856
106,1414,1520,0.15003742543202495
107,1407,1514,0.15004576218455756
109,1401,1510,0.15005204324062874
109,1394,1503,0.1500535789538565
111,1389,1500,0.15005420542330358
108,1389,1497,0.15005076845711587
106,1401,1507,0.15005414062612493
105,1394,1499,0.1500627739639582
107,1399,1506,0.15007336928777368
107,1387,1494,0.15007870688452957
106,1412,1518,0.15008352989726714
102,1396,1498,0.15009056710279986
103,1391,1494,0.1501068450078541
104,1390,1494,0.15011854046024214
103,1404,1507,0.15012827339373955
100,1413,1513,0.15014041193982958
105,1416,1521,0.15015890041295293
104,1414,1518,0.15016358291424056
104,1418,1522,0.1501711263915749
104,1418,1522,0.15017765895293156
105,1419,1524,0.15018395687221014
101,1411,1512,0.15018641528088705
103,1414,1517,0.15019687933503742
103,1405,1508,0.15020113849669045
102,1407,1509,0.15020583032751048
104,1417,1521,0.15021240610959258
103,1404,1507,0.15021402451869503
104,1397,1501,0.15021640965732835
104,1411,1515,0.15021580137371113
106,1417,1523,0.1502152946615542
104,1416,1520,0.1502123686532692
101,1410,1511,0.15021387896311714
102,1409,1511,0.1502242887053526
103,1410,1513,0.150231261616617
101,1418,1519,0.15023559034279416
102,1407,1509,0.1502448103134017
103,1415,1518,0.1502492363789502
103,1410,1513,0.15025187229069512
99,1420,1519,0.15025550408933117
99,1415,1514,0.1502687691504126
96,1417,1513,0.15028174235516953
96,1421,1517,0.15030103131856765
98,1418,1516,0.15031898142594513
98,1420,1518,0.15033093462413136
95,1427,1522,0.15034106071851297
95,1413,1508,0.15035688299643252
93,1401,1494,0.15037213061372023
92,1413,1505,0.15039078068121703
92,1420,1512,0.15041015862167303
93,1425,1518,0.1504289587434166
94,1420,1514,0.1504451990061536
93,1414,1507,0.15045830617946465
95,1411,1506,0.15047271594092643
91,1413,1504,0.15048192321897683
90,1413,1503,0.15050052552066653
87,1424,1511,0.15052029996735927
85,1430,1515,0.15054619903684796
86,1435,1521,0.15057501771511572
87,1429,1516,0.15059945486286927
89,1425,1514,0.1506204143528051
87,1427,1514,0.15063346398992705
86,1441,1527,0.15065147664646486
87,1441,1528,0.1506694285774601
87,1438,1525,0.15068390743787366
86,1443,1529,0.15069800082608673
86,1445,1531,0.15071419302598726
84,1453,1537,0.15072794017193675
88,1447,1535,0.15074662926932375
90,1441,1531,0.15075345363245035
89,1441,1530,0.15075370036331787
88,1435,1523,0.15075759227065524
85,1432,1517,0.15076275885943877
87,1421,1508,0.1507752431916685
86,1421,1507,0.15078031233077746
85,1434,1519,0.1507873261745766
86,1433,1519,0.15079648528247241
84,1441,1525,0.15080430552954485
86,1431,1517,0.15081782242571543
87,1423,1510,0.15082529995157587
86,1432,1518,0.1508289360122
84,1431,1515,0.15083544148112524
82,1428,1510,0.15084680545943185
83,1419,1502,0.150862335444466
85,1417,1502,0.15087391727867933
86,1434,1520,0.15088091203000545
83,1432,1515,0.15088427882083455
82,1443,1525,0.15089446415690597
83,1449,1532,0.1509070956915618
82,1443,1525,0.15091655329222461
83,1424,1507,0.15092844526411656
83,1437,1520,0.15093706205661953
86,1423,1509,0.1509439324360613
85,1411,1496,0.15094150532367265
85,1409,1494,0.1509419328917535
88,1417,1505,0.15094313951644442
86,1414,1500,0.1509365498163345
83,1427,1510,0.1509363948961891
80,1427,1507,0.15094399964475252
83,1435,1518,0.15095844012185597
86,1427,1513,0.150964448754828
83,1438,1521,0.1509613902955566
80,1447,1527,0.15096643470941337
80,1425,1505,0.15097938776504474
82,1427,1509,0.15099110333400723
82,1432,1514,0.1509954963752686
83,1429,1512,0.15100002796734932
84,1439,1523,0.1510017057400027
86,1436,1522,0.15100145089103556
86,1429,1515,0.15099700109526487
83,1433,1516,0.1509937754937149
83,1439,1522,0.15099724521347352
85,1426,1511,0.151000156800475
82,1441,1523,0.15099731269643787
82,1435,1517,0.15100152627491364
81,1437,1518,0.15100645316263217
78,1448,1526,0.1510135839081494
78,1444,1522,0.15102675939377497
80,1439,1519,0.1510389417296066
80,1444,1524,0.15104676787102903
82,1445,1527,0.1510526336442509
83,1437,1520,0.15105247954823142
81,1431,1512,0.15104977572722486
83,1436,1519,0.15105286752840605
80,1430,1510,0.15105038396660803
81,1427,1508,0.15105563790927895
78,1434,1512,0.15105770882109668
79,1432,1511,0.15106759857105445
79,1431,1510,0.151075331198198
80,1432,1512,0.15108232248038653
80,1424,1504,0.15108561959492867
77,1418,1495,0.1510893817770929
76,1423,1499,0.15110053761582554
75,1423,1498,0.15111396329489643
74,1424,1498,0.15112922815870783
75,1439,1514,0.15114641215843527
72,1439,1511,0.1511602680874309
72,1456,1528,0.15117886545943165
70,1453,1523,0.1511966557539033
71,1450,1521,0.15121729480238508
73,1457,1530,0.15123444166149513
72,1457,1529,0.1512463176592266
70,1445,1515,0.15126070412166423
71,1442,1513,0.15127911772758876
73,1445,1518,0.1512941664169822
68,1443,1511,0.15130236495106916
68,1461,1529,0.1513229941824942
66,1458,1524,0.15134280235759684
64,1440,1504,0.1513662093330582
63,1447,1510,0.15139280162230012
63,1454,1517,0.15142051350650407
64,1449,1513,0.15144640186532615
65,1456,1521,0.1514688583355464
64,1451,1515,0.1514870402223541
61,1460,1521,0.1515070977834219
62,1453,1515,0.15153270950751885
63,1457,1520,0.15155378060042846
64,1452,1516,0.15157078578423086
65,1463,1528,0.1515831487339954
67,1458,1525,0.15159180631240607
66,1465,1531,0.1515930535466548
68,1454,1522,0.15159619193191226
67,1457,1524,0.15159507189284022
67,1444,1511,0.15159714929693943
68,1453,1521,0.1515988067776008
68,1455,1523,0.15159792961236074
68,1455,1523,0.1515969034494206
68,1458,1526,0.1515973468941555
65,1452,1517,0.15159849051487398
66,1449,1515,0.15160676657826397
67,1455,1522,0.15161066589114086
66,1451,1517,0.15161275436685048
67,1461,1528,0.15161747112057444
67,1457,1524,0.15161895784680895
65,1442,1507,0.1516211403865473
65,1438,1503,0.15162828769953396
67,1452,1519,0.15163443800882004
66,1448,1514,0.1516361054829189
65,1433,1498,0.15163932684738055
65,1443,1508,0.15164514029413487
64,1459,1523,0.1516492831642195
61,1446,1507,0.15165578382067685
61,1446,1507,0.1516692196416134
61,1443,1504,0.1516811911988475
62,1457,1519,0.15169198350557145
61,1453,1514,0.15169955138627153
61,1444,1505,0.15170951689102252
61,1445,1506,0.15171885921823178
61,1437,1498,0.1517277211395227
62,1441,1503,0.15173442227126405
63,1449,1512,0.15173890838312531
63,1458,1521,0.15174065700064923
65,1439,1504,0.15174199611809225
64,1443,1507,0.15173774362292416
66,1441,1507,0.15173684545530924
67,1446,1513,0.15173039299192023
68,1448,1516,0.15172062322994875
68,1460,1528,0.15170909631111262
66,1447,1513,0.15169860609979516
65,1452,1517,0.15169330935721106
64,1438,1502,0.15169157691902124
62,1443,1505,0.15169356575567916
60,1444,1504,0.1517005759132084
63,1438,1501,0.1517126208793255
64,1451,1515,0.15171617106697732
63,1453,1516,0.15171738051942774
64,1460,1524,0.15172063642746497
64,1458,1522,0.15172177728768857
65,1448,1513,0.15172263684836898
68,1442,1510,0.15172084871611305
68,1437,1505,0.15171218246139137
65,1439,1504,0.1517027282547951
67,1444,1511,0.15170191732760613
69,1453,1522,0.1516960354730491
69,1447,1516,0.15168598826690285
69,1444,1513,0.15167710328934025
69,1458,1527,0.15166825634960002
71,1458,1529,0.15166089158711935
71,1459,1530,0.15164954876885878
72,1461,1533,0.15163976202961701
72,1467,1539,0.15162769800544051
70,1461,1531,0.15161722297284708
69,1468,1537,0.1516126722151651
69,1454,1523,0.15161010900872685
67,1451,1518,0.15160838458737969
67,1449,1516,0.15161174113911752
68,1448,1516,0.15161540369643142
67,1452,1519,0.1516161463409754
65,1455,1520,0.15161896362545593
65,1450,1515,0.1516265285490926
65,1447,1512,0.1516340215561025
64,1446,1510,0.1516411934084134
64,1450,1514,0.15164972479031624
62,1452,1514,0.1516579470300102
64,1457,1521,0.15167051734360318
64,1458,1522,0.15167724663292664
65,1460,1525,0.15168191108731016
64,1445,1509,0.15168266623163554
63,1449,1512,0.15168636189833282
63,1446,1509,0.1516927466297633
62,1451,1513,0.15169809048466387
63,1447,1510,0.15170501925089597
64,1440,1504,0.15170860253820304
65,1446,1511,0.15171041305891578
64,1450,1514,0.15171047020842746
65,1439,1504,0.15171155941657882
66,1452,1518,0.15170941330791604
66,1443,1509,0.15170433049963092
63,1447,1510,0.1517005852893611
68,1444,1512,0.15170453645693466
67,1442,1509,0.15169528977216262
65,1444,1509,0.15169041336150507
66,1444,1510,0.15169142114642936
62,1446,1508,0.15168894441748212
63,1448,1511,0.15169641159608546
64,1453,1517,0.15170103724903064
63,1441,1504,0.15170306539546805
62,1431,1493,0.15170774337648185
63,1443,1506,0.15171423885271668
60,1453,1513,0.15171855962884473
56,1471,1527,0.15173030086026723
56,1480,1536,0.15175020526042085
55,1474,1529,0.15176746365765278
58,1465,1523,0.15178588753982536
58,1460,1518,0.15179598722787488
58,1459,1517,0.1518057478916147
56,1454,1510,0.1518155238012277
58,1457,1515,0.1518291212857767
57,1471,1528,0.1518371933881639
56,1466,1522,0.15184766410725925
57,1472,1529,0.15185916724795692
56,1472,1528,0.15186842991246116
57,1466,1523,0.1518801299555943
53,1468,1521,0.15188839444128324
52,1448,1500,0.1519039201630031
50,1437,1487,0.15192131299019584
50,1442,1492,0.1519428994881446
53,1444,1497,0.15196348754800712
54,1451,1505,0.15197557721044663
52,1454,1506,0.15198361702109042
50,1456,1506,0.15199637947821526
51,1465,1516,0.15201330961342355
51,1454,1505,0.15202680048265374
51,1464,1515,0.15204002429588415
51,1480,1531,0.15205265776414648
51,1470,1521,0.15206500287942096
50,1465,1515,0.1520763386506146
48,1468,1516,0.15208844147066014
45,1469,1514,0.15210467069785605
45,1468,1513,0.15212706615887894
44,1483,1527,0.15214849781275713
40,1482,1522,0.1521712068054216
38,1481,1519,0.1522021589070712
41,1476,1517,0.1522351781857189
42,1473,1515,0.15225809238128318
41,1477,1518,0.1522776879008484
42,1472,1514,0.1522976393183007
42,1475,1517,0.1523143355669931
42,1469,1511,0.15233045663696276
40,1469,1509,0.15234599485957884
42,1472,1514,0.15236528507168445
40,1462,1502,0.15237725308977212
41,1469,1510,0.1523933249195224
42,1476,1518,0.15240476865271466
43,1485,1528,0.15241355978933505
42,1492,1534,0.15241911816951492
39,1489,1528,0.15242712835383515
39,1484,1523,0.15244179019705073
39,1479,1518,0.15245487880156894
40,1472,1512,0.15246667876407563
40,1462,1502,0.15247602542968447
39,1473,1512,0.1524853728343687
38,1471,1509,0.15249681147143948
38,1477,1515,0.15251079657893954
38,1488,1526,0.15252271236251455
38,1480,1518,0.15253444729552385
39,1460,1499,0.15254541926124257
38,1442,1480,0.1525527003556392
40,1448,1488,0.15256220229071457
38,1477,1515,0.15256500367900938
40,1476,1516,0.15257264402365672
40,1469,1509,0.15257522516090294
42,1470,1512,0.15257825066511782
42,1474,1516,0.15257610473214142
42,1468,1510,0.1525728320324926
42,1473,1515,0.15257048953243355
42,1465,1507,0.15256895020727995
43,1467,1510,0.15256810153114386
42,1465,1507,0.15256351988902517
43,1474,1517,0.15256214490516654
42,1484,1526,0.15255920358739586
39,1467,1506,0.15255812671639035
39,1460,1499,0.15256442915209228
41,1470,1511,0.15257071472056022
40,1483,1523,0.15257156483475584
39,1471,1510,0.15257564217111277
40,1471,1511,0.15258208542287494
41,1481,1522,0.15258456062825285
42,1486,1528,0.1525848868682865
41,1470,1511,0.1525833170560409
41,1461,1502,0.15258346734695422
39,1459,1498,0.1525833020201775
41,1466,1507,0.1525880436681096
41,1477,1518,0.15258649464770008
41,1475,1516,0.15258575626851742
42,1480,1522,0.1525853672099174
41,1485,1526,0.15258244540537372
41,1486,1527,0.15258251252652003
41,1480,1521,0.15258215959737537
41,1483,1524,0.15258133876548738
42,1468,1510,0.1525804396510106
42,1476,1518,0.15257762659128893
40,1470,1510,0.15257566286566465
42,1474,1516,0.15257877939101508
43,1477,1520,0.1525767528764732
42,1466,1508,0.15257117137026788
41,1461,1502,0.15256888592711815
41,1467,1508,0.15256958299139464
39,1483,1522,0.15257084797201492
39,1482,1521,0.15257695137318497
35,1467,1502,0.15258281876137092
35,1467,1502,0.15259741390964018
35,1482,1517,0.15261155142009458
35,1487,1522,0.15262435604477123
36,1492,1528,0.1526366283647566
35,1493,1528,0.15264515092511138
37,1485,1522,0.15265586571654885
35,1486,1521,0.15266081978556234
38,1480,1518,0.15267027249024992
37,1481,1518,0.15267172907474025
37,1482,1519,0.15267588463553458
38,1480,1518,0.1526802844842413
38,1465,1503,0.15268161120876622
38,1476,1514,0.15268336828994022
37,1477,1514,0.15268548001814541
37,1483,1520,0.15269019076091878
36,1477,1513,0.15269456152750566
36,1487,1523,0.15270012502826996
36,1484,1520,0.15270466325088344
35,1480,1515,0.15270779326154396
34,1491,1525,0.15271369716899497
34,1486,1520,0.1527219525255793
34,1486,1520,0.15273018693714532
34,1495,1529,0.15273729289834528
35,1481,1516,0.1527443523523873
33,1467,1500,0.15274816200339614
34,1472,1506,0.15275787695597784
34,1468,1502,0.1527640826665625
34,1471,1505,0.15276922827571596
36,1472,1508,0.1527745468503553
36,1471,1507,0.15277406100213145
35,1475,1510,0.1527741583709774
35,1487,1522,0.15277689193111016
34,1493,1527,0.15277991159289325
33,1481,1514,0.152785332048044
33,1481,1514,0.15279302012167015
36,1486,1522,0.15280056569469955
34,1481,1515,0.1527991896364034
34,1471,1505,0.1528027202304833
35,1466,1501,0.1528042831386043
36,1473,1509,0.15280414447913832
35,1493,1528,0.152801085370352
36,1490,1526,0.1528009424758318
38,1498,1536,0.15279812930069436
37,1489,1526,0.15278977001959093
36,1483,1519,0.15278483031356235
36,1474,1510,0.15278315356072514
36,1465,1501,0.15278152330799175
36,1471,1507,0.1527806007721959
38,1453,1491,0.15277991659834192
40,1451,1491,0.15277363789672238
41,1451,1492,0.1527628896147394
42,1447,1489,0.1527502339104852
40,1446,1486,0.15273550722612436
41,1468,1509,0.15272684215796872
41,1467,1508,0.15271619315424545
41,1476,1517,0.15270584097233067
42,1467,1509,0.1526969218467155
44,1474,1518,0.15268485388098127
45,1481,1526,0.15266701643888148
45,1483,1528,0.15264809867150725
42,1487,1529,0.15263141712099432
41,1470,1511,0.1526232794893381
41,1477,1518,0.15261757333744666
42,1484,1526,0.15261279137987668
44,1472,1516,0.1526059101339486
43,1476,1519,0.15259362025066522
43,1465,1508,0.15258572151811753
44,1456,1500,0.15257917177486718
39,1454,1493,0.15257055549772935
38,1455,1493,0.15257460402961548
37,1470,1507,0.15258133383013456
37,1465,1502,0.15259043106417097
37,1467,1504,0.15259920491071866
36,1482,1518,0.15260796857800496
37,1480,1517,0.1526189914993737
37,1477,1514,0.15262648155725594
36,1477,1513,0.1526321905268264
35,1479,1514,0.15264024447517635
34,1478,1512,0.15265022958575114
34,1478,1512,0.15266229913971802
36,1477,1513,0.15267411454553245
37,1487,1524,0.1526791291052518
35,1495,1530,0.15268037273132143
35,1489,1524,0.15268657669164531
34,1488,1522,0.15269265590061729
36,1485,1521,0.15270115218367133
34,1471,1505,0.1527030205333338
32,1472,1504,0.15271056099869723
30,1482,1512,0.1527225274510862
31,1487,1518,0.15273927364973833
31,1492,1523,0.1527523479487421
31,1483,1514,0.15276510451816666
30,1482,1512,0.15277727919296552
29,1488,1517,0.1527912912960368
31,1479,1510,0.15280696118029372
30,1478,1508,0.15281655682106388
29,1476,1505,0.15282814389809715
28,1478,1506,0.15284158313376767
28,1486,1514,0.15285691836629062
27,1493,1520,0.1528716053348854
27,1497,1524,0.1528878387928193
26,1511,1537,0.1529029855923742
25,1498,1523,0.15291959633395677
23,1502,1525,0.1529380431236757
23,1493,1516,0.152959838317703
23,1491,1514,0.1529804373676172
22,1486,1508,0.15299977384412689
22,1501,1523,0.15302028567940684
21,1496,1517,0.15303964903985123
22,1496,1518,0.15306011748674175
22,1496,1518,0.15307715594457996
22,1508,1530,0.1530929076787241
22,1500,1522,0.1531078034311
21,1491,1512,0.15312188508429375
21,1496,1517,0.1531373893897067
21,1498,1519,0.15315202220431826
20,1502,1522,0.15316582931143835
19,1498,1517,0.1531810592804481
19,1497,1516,0.15319757461754727
19,1509,1528,0.15321312690553854
19,1506,1525,0.15322777036452673
20,1509,1529,0.15324155635995487
19,1510,1529,0.15325211679301076
19,1511,1530,0.15326428509713716
18,1501,1519,0.15327575781575897
17,1498,1515,0.15328873338473925
17,1506,1523,0.15330310036068343
18,1500,1518,0.1533166254704943
18,1506,1524,0.15332612079021468
17,1521,1538,0.15333516796680527
15,1518,1533,0.15334598943379865
15,1508,1523,0.15336058953134107
16,1507,1523,0.1533743945303719
16,1497,1513,0.15338434694890635
16,1493,1509,0.15339386038668054
15,1495,1510,0.15340294551733485
15,1493,1508,0.15341377105219242
16,1497,1513,0.15342399814116017
16,1497,1513,0.15343093069077052
16,1495,1511,0.15343760940279494
16,1495,1511,0.15344403352760858
16,1497,1513,0.15345020392006242
16,1504,1520,0.15345612279195586
16,1494,1510,0.15346112463476455
17,1504,1521,0.15346598708667256
15,1511,1526,0.15346668536753097
16,1510,1526,0.15347215672571418
16,1506,1522,0.15347527048144724
17,1500,1517,0.15347845195657164
17,1500,1517,0.15347841880809898
17,1503,1520,0.1534787036988984
17,1499,1516,0.15347925683797425
15,1511,1526,0.1534790676894274
15,1515,1530,0.15348361752631962
15,1502,1517,0.15348818027029082
14,1495,1509,0.1534927272467773
14,1508,1522,0.15350011639968242
15,1510,1525,0.15350719946265937
16,1508,1524,0.1535107393939628
16,1507,1523,0.15351101379622983
16,1499,1515,0.1535115791309307
16,1491,1507,0.15351238797841305
17,1495,1512,0.15351339867195946
18,1505,1523,0.15351133365562183
19,1491,1510,0.15350643521637966
21,1505,1526,0.15349913653676392
20,1502,1522,0.15348618900863628
20,1505,1525,0.15347680416972512
20,1518,1538,0.1534685412910008
20,1510,1530,0.15346015805285784
20,1508,1528,0.1534528419786853
20,1499,1519,0.1534464744004222
19,1499,1518,0.15344094904810024
20,1500,1520,0.15343832414191655
18,1493,1511,0.1534329526973484
18,1482,1500,0.15343318179424048
19,1463,1482,0.15343374643026364
18,1462,1480,0.15343131700017384
18,1482,1500,0.15343160465159753
18,1491,1509,0.15343222738464876
16,1488,1504,0.15343313067018205
16,1501,1517,0.15343938474703855
16,1495,1511,0.1534454434292311
16,1505,1521,0.15345130063253012
17,1495,1512,0.15345695238181903
17,1503,1520,0.1534591317122151
16,1513,1529,0.15346140750584814
16,1516,1532,0.1534659173870225
15,1512,1527,0.15347033988553505
15,1520,1535,0.15347683014879862
14,1505,1519,0.15348263076103255
15,1518,1533,0.15349042719365388
16,1508,1524,0.15349503162840064
16,1506,1522,0.15349726798407157
14,1486,1500,0.1534995764136818
14,1496,1510,0.15350623655252602
13,1496,1509,0.15351266226591642
14,1501,1515,0.153521104144126
12,1499,1511,0.15352594012148282
11,1493,1504,0.15353503770084323
12,1491,1503,0.15354604411780304
12,1494,1506,0.1535542513946869
11,1503,1514,0.15356212356919088
8,1513,1521,0.15357182062978392
8,1505,1513,0.15358822155468446
7,1505,1512,0.15360368333885732
7,1508,1515,0.15362059455498567
7,1493,1500,0.15363650911284396
7,1501,1508,0.15365148461788858
7,1502,1509,0.15366557545905463
7,1505,1512,0.1536788329768622
6,1496,1502,0.15369130562394717
6,1498,1504,0.15370518902252125
6,1499,1505,0.15371824611205967
7,1498,1505,0.15373052543832763
6,1510,1516,0.15373972387016405
6,1515,1521,0.15375072453970687
6,1512,1518,0.15376106837923437
6,1516,1522,0.1537707941837066
6,1515,1521,0.15377910793502186
6,1515,1521,0.15378700478553423
6,1501,1507,0.15379450162108527
6,1498,1504,0.1538016151122827
6,1494,1500,0.15380836164958878
4,1500,1504,0.15381475728986402
4,1511,1515,0.1538251388042454
4,1513,1517,0.153834938376897
4,1521,1525,0.15384418665385396
5,1506,1511,0.15385180865904613
5,1505,1510,0.1538558421651265
5,1501,1506,0.1538598665425618
5,1499,1504,0.15386385958394594
5,1513,1518,0.15386780262835084
5,1512,1517,0.15387168013367983
5,1512,1517,0.15387547929549655
5,1503,1508,0.15387918970752587
5,1511,1516,0.15388280305950686
4,1529,1533,0.15388631286851284
4,1511,1515,0.1538918894254094
4,1516,1520,0.1538972215347848
4,1518,1522,0.153902314932344
4,1516,1520,0.15390717588597552
4,1519,1523,0.15391181107834168
5,1517,1522,0.1539162275048205
5,1520,1525,0.15391716186614737
5,1514,1519,0.15391819771444556
5,1527,1532,0.1539193135522005
6,1517,1523,0.15392049067283903
6,1523,1529,0.1539190045081962
6,1508,1514,0.15391776631970455
6,1516,1522,0.15391674584890871
6,1517,1523,0.1539159161401924
6,1514,1520,0.15391525319890265
6,1523,1529,0.153914735683864
6,1514,1520,0.15391434463087916
5,1509,1514,0.15391406320414652
4,1518,1522,0.1539160644952102
4,1504,1508,0.15392023786114664
4,1511,1515,0.15392421430146874
4,1520,1524,0.15392800030236034
4,1522,1526,0.15393160248535515
4,1511,1515,0.15393502754798127
4,1512,1516,0.15393828221294809
4,1509,1513,0.15394137318488038
5,1517,1522,0.15394430711371082
5,1514,1519,0.15394443675700603
6,1512,1518,0.1539446310727897
6,1510,1516,0.1539416100804914
6,1514,1520,0.15393893903219638
6,1517,1523,0.1539365806500812
6,1513,1519,0.15393450146392446
6,1522,1528,0.15393267143110007
6,1520,1526,0.15393106359398995
6,1519,1525,0.15392965377116144
6,1511,1517,0.15392842027900855
6,1514,1520,0.1539273436808788
6,1517,1523,0.15392640656099532
6,1515,1521,0.15392559332074784
6,1525,1531,0.15392488999516005
6,1506,1512,0.15392428408755593
6,1505,1511,0.15392376442064026
7,1494,1501,0.15392332100238126
8,1490,1498,0.15391968045595658
9,1497,1506,0.153913133531955
9,1498,1507,0.15390395579390997
9,1516,1525,0.15389565657445547
8,1512,1520,0.1538881516809926
8,1517,1525,0.15388353271535476
7,1520,1527,0.1538794306464794
7,1508,1515,0.15387794879469666
7,1519,1526,0.15387674971660914
7,1519,1526,0.15387579748792501
7,1522,1529,0.15387506018383953
7,1519,1526,0.15387450946030665
7,1508,1515,0.1538741201777255
6,1506,1512,0.15387387006282618
6,1498,1504,0.15387622199890152
6,1505,1511,0.15387849410011203
6,1499,1505,0.1538806850025636
6,1512,1518,0.15388279403297034
6,1505,1511,0.15388482110754775
6,1513,1519,0.15388676664278772
7,1504,1511,0.15388863147683715
6,1512,1518,0.15388753656227006
6,1512,1518,0.15388888601602876
6,1525,1531,0.15389023343366964
7,1514,1521,0.1538915711622906
6,1512,1518,0.15388997238518562
5,1514,1519,0.15389076001513272
5,1505,1510,0.15389439870011656
5,1511,1516,0.15389786488884027
5,1507,1512,0.15390116428129158
4,1508,1512,0.1539043026982325
3,1512,1515,0.1539097020086661
3,1515,1518,0.1539169863969305
2,1509,1511,0.15392383070675777
2,1496,1498,0.15393242574213342
2,1507,1509,0.15394050098863465
2,1513,1515,0.15394808774345548
1,1516,1517,0.15395521543292515
1,1521,1522,0.1539640671963356
1,1527,1528,0.15397238336062835
1,1529,1530,0.1539801962500821
1,1531,1532,0.1539875362464286
1,1516,1517,0.1539944319047733
1,1521,1522,0.15400091006267888
1,1516,1517,0.15400699594280806
1,1515,1516,0.1540127132494975
1,1516,1517,0.1540180842596163
1,1518,1519,0.15402312990804043
1,1524,1525,0.15402786986805747
1,1526,1527,0.15403232262699734
1,1515,1516,0.15403650555736803
1,1523,1524,0.15404043498376013
1,1516,1517,0.1540441262457675
1,1512,1513,0.15404759375715904
1,1508,1509,0.15405085106152147
1,1495,1496,0.15405391088458115
1,1503,1504,0.15405678518340118
1,1511,1512,0.15405948519263776
1,1520,1521,0.15406202146803033
1,1517,1518,0.15406440392728857
1,1508,1509,0.15406664188853103
1,1515,1516,0.15406874410642069
1,1516,1517,0.15407071880613374
1,1500,1501,0.15407257371529062
1,1502,1503,0.154074316093971
1,1507,1508,0.1540759527629258
1,1521,1522,0.15407749013009472
1,1525,1526,0.15407893421552982
1,1520,1521,0.15408029067482015
1,1510,1511,0.15408156482110763
1,1520,1521,0.15408276164577736
1,1515,1516,0.15408388583790286
1,1523,1524,0.15408494180251986
1,1517,1518,0.15408593367779894
1,1503,1504,0.1540868653511835
1,1509,1510,0.15408774047455454
1,1510,1511,0.15408856247848088
1,1521,1522,0.15408933458560978
1,1528,1529,0.15409005982324928
1,1522,1523,0.1540907410351914
1,1521,1522,0.15409138089282115
1,1514,1515,0.15409198190555476
1,1523,1524,0.15409254643064724
1,1511,1512,0.15409307668240754
1,1503,1504,0.15409357474085655
1,1513,1514,0.15409404255986192
1,1522,1523,0.15409448197478087
1,1522,1523,0.15409489470964086
1,1515,1516,0.15409528238388592
1,1516,1517,0.15409564651871496
1,1523,1524,0.15409598854303636
1,1526,1527,0.15409630979906225
1,1524,1525,0.15409661154756446
1,1518,1519,0.1540968949728117
1,1511,1512,0.15409716118720862
1,1511,1512,0.15409741123565304
1,1495,1496,0.15409764609963003
1,1502,1503,0.15409786670105766
1,1523,1524,0.15409807390589983
1,1519,1520,0.1540982685275603
1,1512,1513,0.15409845133007086
1,1511,1512,0.15409862303108646
1,1510,1511,0.15409878430469898
1,1507,1508,0.15409893578407996
1,1509,1510,0.15409907806396358
1,1522,1523,0.15409921170297902
1,1514,1515,0.1540993372258412
1,1513,1514,0.154099455125409
1,1516,1517,0.1540995658646183
1,1512,1513,0.15409966987829812
1,1504,1505,0.15409976757487656
1,1514,1515,0.15409985933798295
1,1514,1515,0.1540999455279534
1,1507,1508,0.15410002648324433
1,1511,1512,0.1541001025217609
1,1512,1513,0.15410017394210432
1,1513,1514,0.15410024102474387
1,1504,1505,0.15410030403311759
1,1512,1513,0.15410036321466614
1,1497,1498,0.1541004188018041
1,1504,1505,0.15410047101283245
0,1504,1504,0.1541005200527949
