1380,27,1407,0.13579591963748971
1413,27,1440,0.13291373708857748
1432,28,1460,0.13020220212501243
1427,28,1455,0.12768387061231035
1433,27,1460,0.12540790448439376
1454,27,1481,0.12332225909615552
1451,28,1479,0.1213692813603684
1463,27,1490,0.11960220895161683
1462,27,1489,0.11796184658176703
1461,28,1489,0.11647308731367169
1468,28,1496,0.1151227080617905
1469,29,1498,0.1138796656281713
1459,29,1488,0.11274675573956994
1452,31,1483,0.11174041290741918
1461,35,1496,0.11084283800324225
1442,37,1479,0.11000756026748203
1440,37,1477,0.10929661783022387
1446,40,1486,0.10865384741783558
1437,41,1478,0.10805564154647239
1427,41,1468,0.1075361800162919
1437,47,1484,0.10708758555991146
1436,46,1482,0.10665903969009115
1424,45,1469,0.10627187409411523
1426,45,1471,0.10594785556111617
1412,44,1456,0.10564911218448686
1418,43,1461,0.10541077254784983
1441,44,1485,0.10517988358288814
1432,47,1479,0.10491724098460299
1440,47,1487,0.10469856871211522
1451,46,1497,0.10447964273844754
1440,47,1487,0.10425356090245788
1429,49,1478,0.10407442898727634
1436,51,1487,0.10393649785870401
1427,52,1479,0.10379633094925932
1426,53,1479,0.10369160918585152
1438,52,1490,0.10359933986977478
1442,54,1496,0.10348971291449093
1424,53,1477,0.10337881192815448
1418,52,1470,0.10332085038576139
1423,55,1478,0.10328446058480222
1432,53,1485,0.10323871967646671
1441,52,1493,0.1031760688527923
1426,54,1480,0.10309965901096721
1431,54,1485,0.10306381766082154
1435,54,1489,0.10302270910422587
1443,54,1497,0.1029774820292122
1437,57,1494,0.1029180841972563
1438,57,1495,0.10287499599031402
1440,59,1499,0.10283685734598472
1437,59,1496,0.10279807449240426
1442,63,1505,0.102767788622008
1443,61,1504,0.10272976046222931
1440,63,1503,0.10269360505938753
1434,61,1495,0.10266783197217613
1442,61,1503,0.10265656094555783
1440,61,1501,0.10263168790508435
1440,62,1502,0.10261531011356588
1428,61,1489,0.10259959373376994
1442,63,1505,0.10261243323511136
1449,63,1512,0.10259367545469043
1431,62,1493,0.10256033396201199
1432,62,1494,0.10256986500442894
1433,63,1496,0.10257593069201924
1443,65,1508,0.10257904622726886
1440,65,1505,0.102560163347041
1430,70,1500,0.1025509648758039
1410,73,1483,0.10256494378598358
1421,68,1489,0.10262310616841316
1419,71,1490,0.10264782637251718
1426,73,1499,0.10267612724976313
1414,75,1489,0.10268628493372425
1412,78,1490,0.1027232802511182
1407,76,1483,0.10276175247957248
1414,77,1491,0.10281128390067963
1430,78,1508,0.10284098178430642
1428,82,1510,0.10283364649615433
1421,82,1503,0.10283352977222979
1424,81,1505,0.10284869749396189
1415,82,1497,0.10285546287902388
1414,81,1495,0.10288129198250305
1421,80,1501,0.10291016549194537
1416,79,1495,0.10292107549784145
1415,76,1491,0.10294156417947015
1415,75,1490,0.1029627945085782
1409,75,1484,0.10298102592707499
1409,80,1489,0.10300870870309897
1404,80,1484,0.10303713882012382
1425,78,1503,0.10307452424157353
1427,77,1504,0.10306202181023266
1424,77,1501,0.10304699206549824
1422,79,1501,0.103039538410265
1415,79,1494,0.10303933297902786
1412,80,1492,0.10305619608456894
1411,80,1491,0.10308010222052523
1407,80,1487,0.10310579121892875
1401,79,1480,0.10313786620867116
1415,78,1493,0.10317754051105192
1413,79,1492,0.10318213624695971
1411,79,1490,0.10318848994727929
1417,79,1496,0.10319650245546814
1416,79,1495,0.1031899241480647
1418,78,1496,0.10318893448705513
1409,75,1484,0.10318330989257576
1412,74,1486,0.10319884141512713
1415,76,1491,0.10320046831980843
1409,77,1486,0.10319826657522953
1416,78,1494,0.10321009431105413
1421,77,1498,0.1032059814229632
1422,73,1495,0.10319170709489675
1420,72,1492,0.10317386062786284
1407,72,1479,0.10316067095726979
1408,74,1482,0.10317881190519666
1419,75,1494,0.10319178747953801
1418,75,1493,0.10317796183818452
1420,78,1498,0.10316853911067078
1428,78,1506,0.10315580952757103
1421,78,1499,0.10312614019788569
1421,78,1499,0.1031164739404711
1414,78,1492,0.10310709920107561
1409,79,1488,0.10311489594737001
1408,79,1487,0.1031332514083077
1408,81,1489,0.10315231789602736
1393,84,1477,0.10317042823278286
1411,85,1496,0.10322171693848677
1402,83,1485,0.10322840140271004
1411,83,1494,0.10325673946118208
1392,87,1479,0.10326415745944101
1413,87,1500,0.10331501992797339
1413,88,1501,0.10331309167215293
1410,92,1502,0.10331282316556221
1403,90,1493,0.10331915348437487
1416,92,1508,0.10334115104859347
1404,97,1501,0.10333230210528416
1404,97,1501,0.10335116890964847
1402,98,1500,0.10336904135993166
1397,96,1493,0.10338995499360765
1399,97,1496,0.10342144379660169
1404,100,1504,0.10344490729181074
1406,100,1506,0.10345709917136649
1393,102,1495,0.10346499140637175
1389,98,1487,0.10350160822165516
1391,94,1485,0.1035438555229092
1390,97,1487,0.10358018329966626
1379,101,1480,0.10361382562437184
1380,105,1485,0.1036714572725834
1386,103,1489,0.10372363200264843
1379,102,1481,0.10375753627342381
1390,102,1492,0.10380333926834741
1398,101,1499,0.10381860796108523
1389,101,1490,0.10381529614950626
1398,103,1501,0.10383270073931077
1402,105,1507,0.10382997142869765
1404,106,1510,0.10381745364382233
1400,107,1507,0.10380309110934043
1399,104,1503,0.10380093887763321
1391,107,1498,0.1037990462535853
1387,106,1493,0.10381550602817838
1384,110,1494,0.1038426604779
1377,112,1489,0.10387501798485893
1380,114,1494,0.1039221507583726
1376,112,1488,0.10395787650249372
1386,116,1502,0.10400138388045335
1390,117,1507,0.10401596217834935
1382,114,1496,0.10402313017712572
1382,111,1493,0.10404829342661479
1369,114,1483,0.10407382283397251
1373,115,1488,0.10412694010027689
1367,111,1478,0.10416783473110275
1368,112,1480,0.10421970462697518
1371,113,1484,0.10426345299155247
1374,113,1487,0.10429632670665427
1378,112,1490,0.10432041916884732
1382,115,1497,0.10433471646477026
1358,119,1477,0.10434165922864498
1356,120,1476,0.10440278572963634
1362,121,1483,0.10446428267532923
1355,123,1478,0.1045054882498138
1359,124,1483,0.10455784538581572
1372,127,1499,0.10459778002730669
1383,129,1512,0.10460834402982354
1370,128,1498,0.10459126778145901
1371,128,1499,0.1046029729800055
1375,129,1504,0.10461266168120922
1371,128,1499,0.10461151911404616
1356,125,1481,0.1046233443085045
1353,125,1478,0.10466853805943345
1356,125,1481,0.10471585046462568
1368,125,1493,0.10475291202493447
1374,125,1499,0.10475886855732516
1378,123,1501,0.10475249473504743
1393,126,1519,0.10473800752575993
1391,125,1516,0.10468668848510339
1376,128,1504,0.10464364850093244
1379,125,1504,0.10463691455733003
1375,128,1503,0.104624634845065
1373,127,1500,0.10462417382567203
1357,126,1483,0.10463009585079927
1360,126,1486,0.1046730031019028
1357,130,1487,0.10470459597146534
1350,129,1479,0.1047405470985971
1362,126,1488,0.1047923839404385
1366,127,1493,0.10481149388109211
1362,127,1489,0.10481724373693785
1368,126,1494,0.10483119416683201
1370,126,1496,0.1048326018127736
1362,123,1485,0.10482696472069257
1364,124,1488,0.10483930833843907
1375,125,1500,0.1048470557242158
1374,127,1501,0.10483202071928822
1369,132,1501,0.10482012817527407
1351,133,1484,0.1048185093447516
1356,130,1486,0.10485702700446631
1348,130,1478,0.10488247154425828
1343,126,1469,0.10492372852341597
1352,125,1477,0.10497478685422071
1356,125,1481,0.10500168537015543
1347,128,1475,0.10501602611218418
1349,127,1476,0.10504851909492931
1337,132,1469,0.10507042120964474
1347,133,1480,0.10512122286979857
1346,133,1479,0.10514454628362867
1354,130,1484,0.10516899140461973
1358,130,1488,0.10517246682522377
1356,130,1486,0.10516509466432296
1374,136,1510,0.10516467563347487
1363,137,1500,0.10512568430576284
1365,136,1501,0.10511527381121483
1354,138,1492,0.10509970646556482
1363,138,1501,0.10511078994181311
1365,140,1505,0.1050965987084762
1358,147,1505,0.1050825102920728
1364,145,1509,0.10508961141642108
1357,148,1505,0.10508042465406849
1354,147,1501,0.10508980671668793
1352,145,1497,0.10510611000787608
1347,148,1495,0.10512542593268108
1348,148,1496,0.10515177235993473
1341,151,1492,0.10517544563631682
1338,154,1492,0.10521318696839728
1333,155,1488,0.10525533804222657
1340,154,1494,0.10530613329165832
1335,162,1497,0.10533996544885525
1344,160,1504,0.10538240514023368
1336,160,1496,0.10540344036240878
1325,162,1487,0.10544325864379292
1327,160,1487,0.10550640328539262
1326,160,1486,0.1055601462558099
1333,162,1495,0.10561365721574813
1333,162,1495,0.10564573590559696
1323,160,1483,0.10567691355031623
1335,169,1504,0.10572643105260186
1328,167,1495,0.10574758504531494
1331,164,1495,0.10578172083268937
1328,160,1488,0.1058066241673048
1334,161,1495,0.1058371663747398
1338,158,1496,0.10584929372026756
1339,157,1496,0.10585182458176182
1327,157,1484,0.10585322118492617
1334,153,1487,0.10588340879288244
1347,155,1502,0.1058945936337892
1331,156,1487,0.10587295047459033
1340,154,1494,0.10589010700447492
1345,153,1498,0.10588765055588038
1338,155,1493,0.10587368590534225
1342,155,1497,0.10587724509756051
1344,156,1500,0.10587147072171861
1343,155,1498,0.10586204030311616
1340,156,1496,0.10585287754172068
1346,158,1504,0.10584921085270267
1337,159,1496,0.1058328650781862
1340,159,1499,0.1058371699620443
1348,164,1512,0.10583476187153755
1340,162,1502,0.10581690245656306
1339,158,1497,0.10581898329430643
1314,164,1478,0.10582192775825139
1323,169,1492,0.10588247801921621
1313,172,1485,0.10591784708667516
1316,174,1490,0.1059747840717626
1328,179,1507,0.1060190055328127
1330,177,1507,0.10603333635868914
1330,179,1509,0.10604494875483049
1324,177,1501,0.1060560355135082
1322,188,1510,0.10608148624589385
1316,194,1510,0.10610989914122147
1307,195,1502,0.1061484005873223
1302,196,1498,0.10620597275658561
1307,191,1498,0.10627282259810363
1299,190,1489,0.10632153820154212
1309,189,1498,0.10638611882860013
1322,188,1510,0.10642306657379982
1317,190,1507,0.10642431074285401
1307,191,1498,0.10643444290350189
1307,188,1495,0.10646821066795446
1304,187,1491,0.10649818268960277
1307,188,1495,0.10653545218804675
1312,188,1500,0.10656345151826432
1304,187,1491,0.10657647160428432
1303,189,1492,0.10660726163016314
1302,184,1486,0.10663590711139395
1316,181,1497,0.10666615568213558
1322,181,1503,0.10665760779017966
1310,181,1491,0.10663451886052101
1316,174,1490,0.10664017892095952
1317,176,1493,0.10663237299992577
1318,179,1497,0.10662305948062231
1317,182,1499,0.1066128098254228
1312,179,1491,0.10660804185603713
1322,183,1505,0.10661792081603562
1328,182,1510,0.10660272462418582
1324,181,1505,0.1065769512252897
1322,183,1505,0.10656249643843807
1326,186,1512,0.10655379023651976
1316,186,1502,0.10653729212518918
1333,188,1521,0.10654391524341897
1324,186,1510,0.1065133384002293
1319,191,1510,0.1065066558042005
1306,191,1497,0.1065116890651042
1316,185,1501,0.10654807985515041
1301,187,1488,0.1065582364063879
1299,192,1491,0.10660193396016346
1293,197,1490,0.10664758599556119
1297,201,1498,0.10670314716516387
1299,203,1502,0.10674806883857364
1292,201,1493,0.1067846727050982
1286,201,1487,0.10683591985918872
1285,205,1490,0.10689748475841192
1289,199,1488,0.10695627271284712
1296,198,1494,0.10700190481945525
1280,195,1475,0.10702766822541082
1286,198,1484,0.10708941913735473
1287,198,1485,0.10713292636904263
1281,194,1475,0.10717057294782784
1286,196,1482,0.10721831091705555
1287,198,1485,0.10725264185856823
1287,194,1481,0.10727695692407861
1291,203,1494,0.10730092011727811
1290,204,1494,0.10731218156136865
1289,209,1498,0.10732559018297189
1300,205,1505,0.10733987077763196
1298,208,1506,0.10732945696798218
1304,208,1512,0.10732745580339177
1291,207,1498,0.10731107778886391
1285,208,1493,0.10732243648830493
1289,203,1492,0.1073499740136458
1293,207,1500,0.10736785525389393
1285,206,1491,0.10737370610325979
1297,210,1507,0.10739856449303926
1293,216,1509,0.10739572381180867
1277,213,1490,0.10740329064880444
1280,213,1493,0.10744726190043061
1284,210,1494,0.10748045112760607
1281,212,1493,0.10750047035247402
1296,210,1506,0.10752537588909707
1291,212,1503,0.10751254821955829
1293,216,1509,0.10750965128604292
1293,217,1510,0.10750546750818689
1289,216,1505,0.10750117082007872
1283,218,1501,0.10750737332621277
1280,222,1502,0.10752696208191523
1277,224,1501,0.10755296120542718
1275,228,1503,0.10758451074419184
1269,233,1502,0.10761943309125355
1263,233,1496,0.1076668738546389
1262,236,1498,0.10772569956709115
1260,229,1489,0.10778424717208797
1259,232,1491,0.10784498452229724
1264,237,1501,0.10790267050560891
1263,238,1501,0.10794689529297692
1256,237,1493,0.1079889491185756
1262,238,1500,0.10804070877232004
1258,238,1496,0.10807868636797217
1267,240,1507,0.10812214455523776
1255,245,1500,0.10814072157507773
1261,249,1510,0.10818625279992858
1263,243,1506,0.10821566481957198
1268,238,1506,0.10823840612998704
1275,229,1504,0.1082501243310448
1268,236,1504,0.10824472380434383
1262,242,1504,0.10825438554468501
1263,243,1506,0.10827667323464744
1257,241,1498,0.10829387614614053
1270,242,1512,0.10832274964014847
1272,240,1512,0.10832097000838471
1272,234,1506,0.1083160305778825
1264,238,1502,0.10831203174450249
1241,242,1483,0.10832610687986208
1243,247,1490,0.10839474992812004
1254,244,1498,0.1084539304168599
1257,240,1497,0.10848336058614368
1254,242,1496,0.10850392368721007
1258,246,1504,0.10852938530548162
1255,248,1503,0.10854627570472872
1261,243,1504,0.1085639536511907
1249,248,1497,0.10857026787417036
1249,247,1496,0.1086053868397699
1251,242,1493,0.10863808938292774
1246,246,1492,0.10866378949344782
1243,247,1490,0.10869862011499261
1257,251,1508,0.1087353991891581
1253,251,1504,0.10874024320087276
1254,256,1510,0.10875411671499874
1249,259,1508,0.10876303677175052
1238,255,1493,0.10878457412978236
1242,251,1493,0.10883124164433135
1231,263,1494,0.10886574697865262
1223,262,1485,0.10892530077458927
1230,265,1495,0.10899497013781884
1241,266,1507,0.10904337410998466
1249,266,1515,0.10906175738431066
1246,260,1506,0.10905914331594746
1252,259,1511,0.10906634185971541
1245,257,1502,0.10905954480832673
1242,249,1491,0.10906592206420472
1245,256,1501,0.10907999675729836
1242,257,1499,0.10908709077372988
1248,262,1510,0.1090987704514411
1254,256,1510,0.10909714048093865
1245,251,1496,0.10908262681337487
1245,250,1495,0.10909191837219381
1242,252,1494,0.1091016177305111
1246,250,1496,0.10911586221690465
1247,256,1503,0.10911965647530314
1230,255,1485,0.1091228661240066
1232,255,1487,0.10916272313149157
1239,256,1495,0.10919539501216285
1245,255,1500,0.1092119818257813
1246,259,1505,0.10921393494361466
1249,268,1517,0.10921365317939508
1241,268,1509,0.1092076221787832
1241,270,1511,0.10922072155772611
1241,270,1511,0.10923033658334248
1237,266,1503,0.10923943967808755
1235,264,1499,0.10925603457017267
1228,270,1498,0.10927592937877766
1226,272,1498,0.10930888038976444
1203,263,1466,0.10934459941637248
1206,268,1474,0.10943302295606663
1210,269,1479,0.10950714196517346
1220,274,1494,0.10956792850941877
1204,271,1475,0.10959970373435599
1214,271,1485,0.10966506401810225
1220,274,1494,0.10970313326596709
1215,274,1489,0.10972250084747849
1208,279,1487,0.1097507503830813
1212,278,1490,0.1097938128108915
1228,280,1508,0.10982588498621844
1236,275,1511,0.10981727690171017
1235,279,1514,0.10979027911414019
1230,280,1510,0.10976916418513671
1220,272,1492,0.10976094946579011
1225,274,1499,0.1097784647223859
1229,270,1499,0.10978018489119712
1231,270,1501,0.10977211268066796
1238,274,1512,0.10975757173229315
1229,277,1506,0.10973032300742622
1227,275,1502,0.10972707015076225
1225,273,1498,0.10972995757826184
1223,268,1491,0.10973752654054733
1226,275,1501,0.10974755796262298
1216,272,1488,0.10975084556250655
1218,267,1485,0.10977656441855373
1218,269,1487,0.1097976496873184
1214,274,1488,0.10981656179334513
1209,272,1481,0.10984355498964497
1219,275,1494,0.10988130154705629
1216,274,1490,0.10989277824735245
1210,280,1490,0.10990895486114592
1204,279,1483,0.10993777460543736
1198,275,1473,0.1099790053972983
1208,278,1486,0.1100302239206265
1220,278,1498,0.11005503308526059
1213,279,1492,0.11005050911973441
1218,280,1498,0.110059288350786
1221,274,1495,0.11005844863496893
1230,277,1507,0.11005180771355125
1229,273,1502,0.11002656094686189
1232,276,1508,0.11000122903045409
1238,279,1517,0.10996705313565787
1242,273,1515,0.10992221932508613
1238,272,1510,0.10987152363441535
1226,271,1497,0.10983698115646262
1215,270,1485,0.10983364482936228
1221,267,1488,0.10985675088606213
1223,269,1492,0.10986396120450212
1226,268,1494,0.10986597624214493
1220,271,1491,0.10986084483388123
1218,271,1489,0.10986709342331284
1232,270,1502,0.10987543416604441
1223,273,1496,0.10985083032755982
1216,279,1495,0.10984985619113147
1226,276,1502,0.10986059264537293
1226,281,1507,0.10985013265014942
1223,278,1501,0.10984141338157713
1222,280,1502,0.10984002329292789
1213,282,1495,0.10984266031325411
1219,278,1497,0.10986508161458962
1212,285,1497,0.1098737793859804
1214,278,1492,0.10989669913346191
1205,282,1487,0.10991136828157376
1204,281,1485,0.10994423755098623
1210,282,1492,0.10997690549415004
1217,281,1498,0.10999500925962952
1218,281,1499,0.10999775893874916
1220,282,1502,0.10999797963715473
1225,277,1502,0.10999215300947959
1222,285,1507,0.1099740559019822
1207,292,1499,0.10996639185135827
1203,290,1493,0.10999502089337915
1210,290,1500,0.11003086565238739
1224,291,1515,0.11004889088003011
1223,288,1511,0.11003233822457192
1221,286,1507,0.11001941807855406
1226,284,1510,0.1100109440074496
1210,283,1493,0.10999540719716894
1214,284,1498,0.11002203745106436
1219,283,1502,0.1100336921550127
1219,281,1500,0.11003315379011262
1219,280,1499,0.11003262047181367
1212,278,1490,0.11003222599661715
1221,279,1500,0.11004952478063756
1218,287,1505,0.11004488762677804
1213,288,1501,0.11004882619747952
1208,287,1495,0.11006411849652611
1220,284,1504,0.11009313116302388
1222,300,1522,0.11009382037969966
1215,299,1514,0.11008612495876183
1205,294,1499,0.11009762866897688
1212,298,1510,0.11013012451021986
1202,297,1499,0.11014418606986352
1205,305,1510,0.11018168814817617
1209,301,1510,0.11020874550333977
1200,299,1499,0.1102249920636102
1186,300,1486,0.11026272240784625
1189,298,1487,0.11032935561522059
1196,296,1492,0.11038723417050743
1184,301,1485,0.11042466205756003
1191,308,1499,0.11048696301405186
1195,309,1504,0.11052973310417659
1200,311,1511,0.110560920257047
1200,313,1513,0.11058112290359937
1199,315,1514,0.11059863526664394
1195,316,1511,0.110618099625805
1192,315,1507,0.11064367126420713
1187,311,1498,0.11067107762845865
1186,313,1499,0.1107069211378062
1185,314,1499,0.11074666200106367
1179,321,1500,0.11078380698072401
1179,319,1498,0.11083097854837806
1183,318,1501,0.11087433106853072
1178,322,1500,0.11090514024189112
1168,320,1488,0.11094600363828501
1165,321,1486,0.1110079170941252
1165,324,1489,0.11107214161509182
1153,331,1484,0.11113133730921683
1168,328,1496,0.11121494166300906
1179,333,1512,0.11125930700049168
1183,330,1513,0.11127794547650431
1167,327,1494,0.11128530874390258
1161,338,1499,0.11133015202304858
1148,341,1489,0.11138679277970383
1149,344,1493,0.11147049934566935
1152,350,1502,0.11154120725376993
1162,349,1511,0.11160073591599345
1153,352,1505,0.11163229648109844
1151,354,1505,0.11168318341404003
1159,356,1515,0.11173522775524242
1158,349,1507,0.11176586939236159
1153,348,1501,0.11179791091308347
1152,354,1506,0.11183864673510435
1139,353,1492,0.11187822177555798
1149,355,1504,0.1119450429233599
1152,363,1515,0.11198631477793715
1154,353,1507,0.11201944681092564
1149,346,1495,0.11204672503048071
1138,351,1489,0.11208300397757734
1132,356,1488,0.11214250151403464
1129,357,1486,0.11220944332893651
1125,356,1481,0.11228237220060289
1127,358,1485,0.11235873727871507
1124,351,1475,0.11242930629460898
1127,360,1487,0.11250037010927827
1121,360,1481,0.11255966745849882
1117,364,1481,0.1126287048124339
1121,366,1487,0.11270427249969267
1127,366,1493,0.11276401823393241
1122,374,1496,0.11280189709731263
1121,377,1498,0.11284771349688097
1127,369,1496,0.11289020263435301
1133,368,1501,0.11291676258126182
1131,371,1502,0.11292772919519777
1131,374,1505,0.11294184393540409
1117,375,1492,0.11295918586735303
1126,379,1505,0.11300863122927451
1123,380,1503,0.113033604883624
1128,385,1513,0.11306227338179037
1113,386,1499,0.1130780096193288
1109,382,1491,0.11313011794621156
1109,382,1491,0.11318745164562127
1109,389,1498,0.11324155652702483
1111,388,1499,0.11329367001800988
1119,391,1510,0.11333432718204534
1106,392,1498,0.1133550505067777
1109,391,1500,0.11340511366690371
1111,399,1510,0.1134445651983607
1099,399,1498,0.11347937912751067
1100,398,1498,0.1135379460875022
1098,394,1492,0.11358944535671966
1107,395,1502,0.11364356147653946
1105,399,1504,0.11367290708918805
1101,400,1501,0.11370551683022122
1099,399,1498,0.11374457802286192
1082,397,1479,0.11378429399296638
1085,399,1484,0.11386139346002672
1094,397,1491,0.1139276060088039
1088,402,1490,0.11396673553766376
1091,410,1501,0.11401598062431809
1085,411,1496,0.11405459313647182
1082,407,1489,0.11410141942546287
1088,405,1493,0.11415557132378037
1086,407,1493,0.11419289227443259
1084,413,1497,0.11423095952179722
1087,412,1499,0.11427258355751607
1090,409,1499,0.11430591143799618
1082,406,1488,0.11433112825052834
1080,417,1497,0.11437118826035685
1072,421,1493,0.11441685673094987
1070,426,1496,0.11447657715252613
1070,430,1500,0.11453727633619729
1071,438,1509,0.11459256457088812
1070,436,1506,0.11464440526380207
1061,442,1503,0.11469560686880484
1067,444,1511,0.11476543893811046
1064,437,1501,0.11481193947656244
1057,434,1491,0.11486456383218709
1056,444,1500,0.11492993502204041
1047,447,1494,0.11499140723240962
1057,443,1500,0.11506771242372534
1060,447,1507,0.11511876529833127
1052,445,1497,0.11515775806675521
1059,447,1506,0.11521218324658392
1052,451,1503,0.11524355894649572
1070,454,1524,0.11529063832024632
1061,446,1507,0.1152942237793717
1067,448,1515,0.11531860582717676
1062,445,1507,0.11532608736532253
1062,443,1505,0.11534426873270494
1073,442,1515,0.11536134202653268
1074,436,1510,0.11535094591379032
1065,450,1515,0.1153382035187048
1075,449,1524,0.1153471555308538
1066,451,1517,0.11533517883699206
1052,454,1506,0.11534585065962354
1052,455,1507,0.11538679203589242
1044,451,1495,0.11542216398667245
1050,457,1507,0.11547451265315609
1054,455,1509,0.11550705503315706
1042,456,1498,0.11552897335074107
1043,461,1504,0.11557897883001896
1049,453,1502,0.11562371458139836
1046,457,1503,0.11565176362808895
1044,458,1502,0.11568519307956024
1041,459,1500,0.1157226112383324
1044,470,1514,0.11576759926827183
1039,471,1510,0.11580468105168482
1040,478,1518,0.11585235099082074
1042,476,1518,0.11589478654462841
1032,469,1501,0.1159307117654988
1030,473,1503,0.11598263175727684
1037,477,1514,0.11603689137767752
1046,481,1527,0.11607035125759566
1042,481,1523,0.11607975814169069
1043,481,1524,0.11610014001384177
1033,485,1518,0.11611765687059986
1021,481,1502,0.11615616880303233
1028,486,1514,0.11621985618423106
1037,488,1525,0.11626240844462281
1023,478,1501,0.11628411757866196
1035,473,1508,0.11633772728811351
1029,474,1503,0.1163598819727029
1016,478,1494,0.11639258330044187
1003,485,1488,0.11645119779484248
1005,486,1491,0.11653596483379179
1013,484,1497,0.1166111452949354
1007,481,1488,0.11665939680512373
1005,476,1481,0.11671634935548553
1024,472,1496,0.11677168969334588
1022,477,1499,0.11677788767716829
1012,479,1491,0.11678981821653514
1011,481,1492,0.1168263641419395
1005,481,1486,0.1168661682774033
1000,486,1486,0.11691681738502872
1000,484,1484,0.11697416548426204
1000,482,1482,0.11702896835776912
1006,485,1491,0.11708097744514001
1013,492,1505,0.11711927303411228
1016,491,1507,0.11713738983669483
1006,498,1504,0.11714722354608992
1006,512,1518,0.11717933282050431
1003,509,1512,0.11721077464605446
987,511,1498,0.11724968095638305
988,515,1503,0.11732314782129448
984,510,1494,0.11738959858847778
971,513,1484,0.11746009016184829
988,513,1501,0.11755375519163822
983,515,1498,0.11760216717846492
992,522,1514,0.11766018413228416
986,529,1515,0.11769315302344292
977,524,1501,0.11773826710109629
966,521,1487,0.11780236646491929
975,515,1490,0.11788735723992332
974,528,1502,0.11794427061725213
976,518,1494,0.11799892693476682
984,529,1513,0.11804449494423391
979,527,1506,0.11806894306308134
976,532,1508,0.1181042988456537
973,527,1500,0.11814572195025538
978,533,1511,0.11818867387150636
972,537,1509,0.1182195799784334
964,536,1500,0.11826396184403537
970,532,1502,0.11832295016128114
971,535,1506,0.11836564461196569
961,538,1499,0.11840121938072638
964,534,1498,0.11845825661822044
955,539,1494,0.11850601162239997
951,538,1489,0.11857271891958104
951,538,1489,0.11864270699959878
950,537,1487,0.11870703988951442
956,534,1490,0.11876703932613603
958,537,1495,0.11881085648552636
960,544,1504,0.11884576011662289
954,552,1506,0.11887547642493669
962,552,1514,0.1189151124266668
959,544,1503,0.11893362027326174
962,546,1508,0.11895974571412694
959,539,1498,0.11897312690432817
964,542,1506,0.11899396059437521
962,553,1515,0.11900355876434603
966,551,1517,0.11901673878712858
963,550,1513,0.11901850706053434
958,555,1513,0.1190289612615139
959,554,1513,0.11905119254986517
969,555,1524,0.11907196397598298
952,551,1503,0.11906786434702724
943,548,1491,0.11910461578147177
952,544,1496,0.11915907567711564
957,544,1501,0.11918674628714027
955,551,1506,0.11920101963362352
951,556,1507,0.11921866345485928
948,558,1506,0.1192434006722499
956,554,1510,0.1192734433236482
953,558,1511,0.11928146410246629
944,557,1501,0.11929835217426436
950,547,1497,0.11933676723677447
945,548,1493,0.11935908638245621
945,555,1500,0.11939245091163088
937,560,1497,0.11942288888175327
931,563,1494,0.11946855524721213
941,561,1502,0.11952681635612254
952,561,1513,0.11955579875802093
947,565,1512,0.1195555708132898
948,563,1511,0.11956912458942036
935,559,1494,0.11958017337992616
935,561,1496,0.11961911908313556
931,560,1491,0.11965713057609612
928,565,1493,0.11970366298965107
924,575,1499,0.11975065446315292
917,572,1489,0.11980631806398512
923,576,1499,0.11987636485987001
923,582,1505,0.11992908800514664
916,592,1508,0.1199779564617675
905,594,1499,0.12003764300590156
894,588,1482,0.12011880446942193
895,586,1481,0.1202210736924242
905,598,1503,0.12031368407015738
898,600,1498,0.1203781453602712
900,607,1507,0.12045449152830918
914,602,1516,0.12052021976370884
910,599,1509,0.12054680708643759
911,604,1515,0.12058236153426394
914,598,1512,0.12061302742038685
905,602,1507,0.12063683780818586
897,605,1502,0.1206792430995123
892,606,1498,0.12073930805960288
891,616,1507,0.12080360026536996
882,614,1496,0.1208661823117762
894,611,1505,0.12094465166740015
897,623,1520,0.12098981916345856
892,617,1509,0.12102423046469467
899,611,1510,0.12106743937491928
908,604,1512,0.12108974008689512
913,596,1509,0.12108850415884205
907,603,1510,0.12107543562137905
907,602,1509,0.12107765407609267
902,598,1500,0.12108009667284879
889,598,1487,0.12109690620973573
895,596,1491,0.12114122683594823
894,603,1497,0.12116893683825308
887,604,1491,0.12119883371253735
886,611,1497,0.12124466512725615
880,613,1493,0.12128844739027951
876,610,1486,0.12134209010998369
889,613,1502,0.12140312676671361
892,613,1505,0.12142912865320019
889,599,1488,0.12144396280462441
894,607,1501,0.12146802054663582
903,606,1509,0.12147959926628088
905,607,1512,0.1214724290020603
909,605,1514,0.12145774215903928
901,610,1511,0.12143351422939247
885,616,1501,0.12142916757028217
890,612,1502,0.12146123012771788
890,618,1508,0.12147847162647445
883,617,1500,0.12149702650863774
883,615,1498,0.12153112590436463
877,612,1489,0.12156276329487473
898,617,1515,0.12160702791573691
899,614,1513,0.12160335090723408
900,617,1517,0.12159692224299583
893,620,1513,0.1215825561294037
897,623,1520,0.12158431686204654
905,616,1521,0.12157717207049515
890,624,1514,0.12155051940951452
889,623,1512,0.12156157699544191
887,623,1510,0.12157507352242285
888,614,1502,0.12159398570046838
885,613,1498,0.12161079429610534
894,626,1520,0.1216293844346798
898,628,1526,0.1216300930741786
899,629,1528,0.12162034372372627
895,622,1517,0.12160966809224213
883,627,1510,0.12160858845178314
878,630,1508,0.12163417679787267
881,624,1505,0.12167195905230338
880,624,1504,0.12169628912322975
883,613,1496,0.12172298246733636
888,605,1493,0.12173594922790229
888,615,1503,0.12173551368756871
883,616,1499,0.12173842226522119
888,619,1507,0.12175352630451484
891,621,1512,0.12175731217918521
887,629,1516,0.12175496643411829
885,621,1506,0.12176244691665072
885,618,1503,0.12177227448129642
878,625,1503,0.12178104061346477
876,621,1497,0.12180823095855517
873,623,1496,0.12183986771680867
869,627,1496,0.12187517978614708
869,634,1503,0.12191639448405808
871,640,1511,0.1219556418191278
872,638,1510,0.12198876260128251
875,644,1519,0.12201814176295113
868,636,1504,0.12203828715439709
866,632,1498,0.1220738021464954
866,638,1504,0.12211159086373428
865,639,1504,0.12214521312833834
872,631,1503,0.12217941483931945
864,633,1497,0.12219746417789622
868,624,1492,0.1222294671660894
869,629,1498,0.12224843643080792
863,627,1490,0.1222618029195883
855,631,1486,0.12228508900705284
851,632,1483,0.12232945004062865
864,637,1501,0.12238137624484391
873,638,1511,0.12239791472683288
868,636,1504,0.12239259321345858
872,643,1515,0.12239834777487271
872,637,1509,0.1223950483864291
868,640,1508,0.12239196071649346
872,645,1517,0.12240034309889275
864,643,1507,0.12239574458133283
863,648,1511,0.12241202255900671
856,647,1503,0.12243008395289114
863,650,1513,0.12246482701370491
844,659,1503,0.12248014788985913
848,658,1506,0.1225395117436147
842,660,1502,0.12258640662988247
839,657,1496,0.12264408717979844
831,668,1499,0.12270490395235507
825,671,1496,0.12278051298159597
840,677,1517,0.12286217826199368
822,664,1486,0.12290383976219797
819,675,1494,0.12298449292150203
830,676,1506,0.12306680193345848
819,675,1494,0.12311857466503368
822,682,1504,0.12319482773420991
833,679,1512,0.12326128516837205
836,667,1503,0.12329927101851407
833,668,1501,0.12332688884720155
836,674,1510,0.1233616385991684
834,672,1506,0.12338921737562485
830,687,1517,0.12341530524058207
829,689,1518,0.1234494128857084
826,681,1507,0.12348652385223885
822,684,1506,0.12353023976113409
813,694,1507,0.12357911946151798
810,691,1501,0.1236451503466232
811,696,1507,0.12371189465439635
808,693,1501,0.12377590401828406
813,694,1507,0.12384431410128198
810,701,1511,0.12389800442059105
802,705,1507,0.12395161587962836
796,702,1498,0.12401670551679062
798,703,1501,0.12409402077355874
801,699,1500,0.12416296243258224
788,700,1488,0.12422161869225871
780,700,1480,0.12430509084547453
787,705,1492,0.12440284493862323
795,715,1510,0.12448009625887049
792,715,1507,0.12453297207116946
792,722,1514,0.12458952253560263
788,716,1504,0.12464148480946217
785,720,1505,0.1246989766403264
791,712,1503,0.12475790285533282
786,713,1499,0.12480065270537156
780,720,1500,0.12485096666362501
782,729,1511,0.12491081772442719
785,727,1512,0.12495992523906395
789,729,1518,0.12499904617232101
783,726,1509,0.125028270334402
782,733,1515,0.12507208126106023
784,732,1516,0.12511422697287145
779,738,1517,0.12515041284798756
779,728,1507,0.12519403763976394
765,737,1502,0.1252332032776962
761,727,1488,0.12530274544840891
764,745,1509,0.12537613674532683
766,748,1514,0.12543556714636764
770,739,1509,0.12548691747036533
777,749,1526,0.12552354540968752
768,743,1511,0.1255424263207177
760,743,1503,0.125581075505523
758,737,1495,0.12563782681800761
753,739,1492,0.1256951564225939
759,748,1507,0.12576047656346542
767,751,1518,0.1258063086639878
758,750,1508,0.1258310238249369
751,747,1498,0.12587438931784492
759,752,1511,0.12593362197255023
751,757,1508,0.12597028454913317
749,758,1507,0.12602354027071463
749,756,1505,0.1260797944790854
746,756,1502,0.12613013680598287
739,763,1502,0.12618301146508126
735,769,1504,0.1262455500120753
726,772,1498,0.12631285418990643
725,771,1496,0.12639986295062475
723,770,1493,0.1264830956138832
725,768,1493,0.12656414837601374
724,769,1493,0.12663255379845284
728,771,1499,0.12670045409614164
725,771,1496,0.12675277712898578
733,769,1502,0.1268103975427404
732,770,1502,0.12684426663652335
738,770,1508,0.12687833623029612
737,774,1511,0.12689523142782153
732,765,1497,0.12691613403303306
733,765,1498,0.12694416543335152
740,772,1512,0.12696695301192742
733,773,1506,0.12697005564722696
730,774,1504,0.12699277896985156
737,767,1504,0.1270200781483577
736,771,1507,0.12703022423601432
728,770,1498,0.1270449461499707
732,769,1501,0.12707911459161486
739,783,1522,0.12710212448974822
730,782,1512,0.12710971894143633
724,774,1498,0.12713648149883933
724,779,1503,0.12717667597250013
724,776,1500,0.12721479298485158
735,774,1509,0.12724992300107205
725,772,1497,0.12725905958794534
724,779,1503,0.12728921527427686
725,782,1507,0.12732064313193908
721,780,1501,0.12734504751516945
722,782,1504,0.12737815439561218
722,787,1509,0.12740676910717552
723,791,1514,0.12743336597856172
719,797,1516,0.12745646669639082
719,798,1517,0.12748674069952706
708,781,1489,0.12751413025580946
703,794,1497,0.12756706955784985
702,797,1499,0.1276310362282531
705,802,1507,0.12769323021912093
705,804,1509,0.127744980285401
704,807,1511,0.1277937702225899
707,806,1513,0.12784243852695512
705,804,1509,0.12787867665507513
707,803,1510,0.12791700110365098
707,807,1514,0.12794806337836317
693,800,1493,0.12797835811524658
685,813,1498,0.1280419154832939
683,813,1496,0.1281168572436516
680,819,1499,0.12819036115736415
680,816,1496,0.12826851971072656
684,815,1499,0.12834138781835797
686,812,1498,0.1283986271201921
701,807,1508,0.12844939135088282
700,814,1514,0.1284588921840352
704,812,1516,0.12846911911239733
702,823,1525,0.12847086150157394
702,819,1521,0.12847511774171994
701,824,1525,0.1284799722070139
690,807,1497,0.1284875748108802
683,816,1499,0.1285203364865293
677,830,1507,0.1285682991500137
682,821,1503,0.1286282987893837
680,823,1503,0.12867446241345543
678,830,1508,0.1287187323695228
672,820,1492,0.1287651640532981
668,822,1490,0.12882054250505792
678,824,1502,0.12888275348360814
687,819,1506,0.12891359824442544
689,821,1510,0.128923219781689
693,821,1514,0.12891909648257266
692,820,1512,0.12890725811182344
684,806,1490,0.128900234030938
681,813,1494,0.1289134293165558
691,816,1507,0.12893109408114722
690,817,1507,0.12892279070480034
682,826,1508,0.128917241787928
679,838,1517,0.12893172032181785
673,833,1506,0.12895563260074214
680,826,1506,0.1289920072860703
686,821,1507,0.12900819943062308
679,825,1504,0.1290101605979227
676,833,1509,0.12902998609812028
676,823,1499,0.12905674354716112
682,822,1504,0.12908208018107398
679,836,1515,0.12909113760474933
671,832,1503,0.12910861145193198
669,843,1512,0.12914278825583783
662,849,1511,0.1291826509936467
659,852,1511,0.1292349466209683
661,851,1512,0.12929201339570617
657,852,1509,0.12934185308080795
656,859,1515,0.12939416754355895
660,851,1511,0.12944602625319804
657,848,1505,0.1294845593077183
654,842,1496,0.12952534859073253
649,844,1493,0.12956810296791804
651,850,1501,0.1296203327454761
651,854,1505,0.1296668954747787
657,865,1522,0.12970905172890915
656,850,1506,0.12973618924625885
653,863,1516,0.1297626604532953
653,850,1503,0.12979480277850544
655,856,1511,0.12982577427471143
645,853,1498,0.12984819227055944
647,856,1503,0.129893234149128
647,856,1503,0.12993091629309664
649,858,1507,0.1299637000476254
653,856,1509,0.1299910931594823
650,851,1501,0.1300069332069391
647,857,1504,0.13002582902715887
659,857,1516,0.1300511998974258
653,870,1523,0.13004788582681578
650,868,1518,0.1300602223065197
655,857,1512,0.13008125889169497
643,857,1500,0.13009222776189774
638,856,1494,0.1301277628884726
638,868,1506,0.1301732061217474
637,868,1505,0.13021353722926693
639,871,1510,0.1302543386651913
639,868,1507,0.13029045779911388
634,868,1502,0.13032312131506277
636,869,1505,0.13036582296819593
625,862,1487,0.13040131151444123
634,870,1504,0.13045990079879013
632,878,1510,0.13049329491244743
641,869,1510,0.13052916197117226
641,881,1522,0.13054091303447532
635,884,1519,0.13055239143489888
630,880,1510,0.1305796912573278
629,864,1493,0.13061488342920305
640,856,1496,0.13064934467190165
642,864,1506,0.13065244909925686
645,872,1517,0.1306488219864212
638,878,1516,0.13064033255439486
637,880,1517,0.1306519703884138
633,876,1509,0.13066043254647844
629,869,1498,0.13068038120640224
630,880,1510,0.13070913854797808
635,876,1511,0.13073103889933596
631,873,1504,0.13074097289624664
629,880,1509,0.13075996997906056
632,867,1499,0.13078059311042975
633,873,1506,0.13079286443445481
633,876,1509,0.13080257949684426
623,856,1479,0.13081107867252884
623,863,1486,0.13084359561371425
629,870,1499,0.13087132793534567
624,873,1497,0.13088361489308348
627,882,1509,0.13090773048351195
633,882,1515,0.1309215525635686
628,878,1506,0.13092098939635288
624,895,1519,0.13093191594260395
626,891,1517,0.13095307669987907
625,889,1514,0.13096419139691495
627,892,1519,0.13097893786846135
632,877,1509,0.13098637843225577
627,870,1497,0.13098221493057138
629,878,1507,0.13098743122794915
618,877,1495,0.1309905314968621
623,881,1504,0.13101931186610327
617,881,1498,0.1310339554344616
622,889,1511,0.13106470085964084
628,886,1514,0.13108303593398388
627,879,1506,0.13108497314843404
624,879,1503,0.13108773050132058
628,892,1520,0.13110068512371126
622,886,1508,0.13110333779788882
618,889,1507,0.13112196885306185
625,895,1520,0.13114824329649752
621,902,1523,0.1311533295109787
615,884,1499,0.13116622438941156
623,873,1496,0.1311923364931804
607,882,1489,0.13120087088010776
618,896,1514,0.1312476001197897
608,906,1514,0.13126681929100534
602,900,1502,0.13130683042396984
607,901,1508,0.13135818369979624
612,910,1522,0.13139661951911338
612,919,1531,0.13141961095785284
613,906,1519,0.1314434764155087
610,902,1512,0.13146574486112317
613,899,1512,0.13149269489691207
612,893,1505,0.13151203246270782
607,894,1501,0.13153293088111942
606,893,1499,0.13156422477413118
611,900,1511,0.13159348589519965
607,905,1512,0.13160886370117297
600,911,1511,0.13163206486876042
595,921,1516,0.13166946880106203
600,910,1510,0.1317159141624032
592,901,1493,0.1317497656216372
591,894,1485,0.13180007875700306
593,904,1497,0.13184574793596152
598,903,1501,0.13188210675459222
598,909,1507,0.13190355192698214
597,903,1500,0.13192542148235226
587,923,1510,0.13194953241377913
583,915,1498,0.13199695394431735
593,920,1513,0.13205116681162332
595,918,1513,0.13207511337097425
594,920,1514,0.1320949770605726
585,930,1515,0.13211617240773812
580,925,1505,0.1321567829743105
583,924,1507,0.13220479786433253
584,919,1503,0.13224226918927018
580,921,1501,0.13227474329658656
585,918,1503,0.1323173287093302
591,922,1513,0.13234459646597446
585,928,1513,0.132355227748669
581,932,1513,0.13238144386928988
578,931,1509,0.13241492915871766
575,931,1506,0.13245262440518651
582,935,1517,0.13249648521012794
585,929,1514,0.13251943794344284
581,926,1507,0.13253616114214284
579,935,1514,0.13256122026973327
580,929,1509,0.13258927900623457
581,919,1500,0.1326162762011279
574,920,1494,0.13264084927410366
577,923,1500,0.13268110304155428
573,928,1501,0.1327102745286023
575,925,1500,0.13274662139831828
570,933,1503,0.1327757970470741
566,934,1500,0.13281419438755906
559,932,1491,0.13285803069253185
571,937,1508,0.13291287290468998
576,941,1517,0.1329343154598226
572,939,1511,0.13294189027984568
567,942,1509,0.1329593216446156
570,932,1502,0.132988584638364
572,924,1496,0.13300850621859714
564,933,1497,0.13302104755293567
555,937,1492,0.13305307017922385
553,953,1506,0.13310410613995433
562,954,1516,0.13315257231851213
562,957,1519,0.1331751718560341
559,957,1516,0.1331998319725283
558,945,1503,0.13323090532774984
560,956,1516,0.13326348142557173
564,948,1512,0.1332886173758812
558,942,1500,0.13330210764383563
559,938,1497,0.1333280934845827
558,939,1497,0.1333507896837974
553,943,1496,0.13337527101603297
550,943,1493,0.1334085471939102
552,951,1503,0.13344543038267806
551,957,1508,0.13347366722040976
557,948,1505,0.1335044983410293
558,955,1513,0.1335145569505589
559,945,1504,0.1335239986906184
556,938,1494,0.13353200525433678
557,938,1495,0.1335465692211656
561,943,1504,0.13355882922687243
547,945,1492,0.13356030275090514
545,958,1503,0.13359521414117184
544,963,1507,0.1336326029374003
545,950,1495,0.1336702115311022
540,959,1499,0.13370376999616648
537,969,1506,0.13374528068628208
537,950,1487,0.1337936190259309
537,962,1499,0.13383816464803255
547,958,1505,0.13387845819209532
547,962,1509,0.13389381409202586
536,973,1509,0.1339088607692368
539,983,1522,0.1339506747010481
534,983,1517,0.133983023925881
532,973,1505,0.13402242952442556
537,977,1514,0.13406081593300448
534,982,1516,0.13408454493791588
528,984,1512,0.13411282955979442
528,979,1507,0.13415552067356618
522,975,1497,0.13419410525305375
520,971,1491,0.134244346401151
524,973,1497,0.13429779249538176
525,987,1512,0.13433974199606516
524,998,1522,0.13437355876628476
527,1008,1535,0.1344085849814054
521,997,1518,0.13443261594681272
523,1001,1524,0.13447019874250682
522,1006,1528,0.1345011540099206
519,996,1515,0.13453582424414157
516,993,1509,0.13457546839442536
518,988,1506,0.13461833172304885
520,993,1513,0.13465502848809635
523,985,1508,0.1346861591204959
515,987,1502,0.13470695899501217
510,1003,1513,0.13474272298916856
504,1005,1509,0.13478995435287305
512,1006,1518,0.13484779621862272
506,1010,1516,0.13488206584193002
503,1004,1507,0.13492846408529152
495,1006,1501,0.13498055738838233
496,1007,1503,0.13504851445829721
482,1020,1502,0.1351070676969601
480,1030,1510,0.13519495808298662
474,1022,1496,0.1352824557896497
462,1026,1488,0.135377965029467
475,1041,1516,0.13549513191150253
479,1038,1517,0.1355749398636518
477,1028,1505,0.13563680255775146
467,1025,1492,0.13569631825423387
467,1019,1486,0.1357750856660599
472,1015,1487,0.1358471375706592
477,1019,1496,0.1359009552102224
477,1026,1503,0.13593998035198837
477,1017,1494,0.13597573901435986
469,1026,1495,0.13600921771216087
469,1028,1497,0.13606459977420862
465,1032,1497,0.13611661535544603
463,1046,1509,0.13617249647297933
454,1033,1487,0.13623237154562237
455,1028,1483,0.13630868082791087
463,1027,1490,0.13637699422655572
457,1039,1496,0.13642028210130724
457,1039,1496,0.1364754157286439
459,1044,1503,0.13652665254407848
460,1044,1504,0.13657114511614338
462,1059,1521,0.13661282045439319
461,1063,1524,0.13664888646511308
461,1055,1516,0.13668244042496397
456,1056,1512,0.13671212159380622
458,1059,1517,0.13675390696820827
458,1055,1513,0.13678854621769698
463,1060,1523,0.13682218479011807
459,1053,1512,0.13684065733613074
460,1055,1515,0.13686938626118292
460,1051,1511,0.13689346231546526
465,1047,1512,0.13691734727413823
467,1043,1510,0.1369277195307569
463,1056,1519,0.1369306179231291
456,1063,1519,0.1369420667473945
463,1059,1522,0.13697080306534656
464,1062,1526,0.13698050580933463
455,1052,1507,0.13698690938406768
452,1056,1508,0.13701465588296927
452,1052,1504,0.1370478109295019
451,1055,1506,0.1370809188253752
451,1056,1507,0.13711544195396974
454,1054,1508,0.1371469882942983
451,1068,1519,0.1371697653243911
463,1063,1526,0.1371992574201945
453,1056,1509,0.1371945658184618
450,1064,1514,0.1372124279367535
445,1075,1520,0.1372393256650671
434,1076,1510,0.13727769559068928
429,1064,1493,0.1373376120769737
431,1059,1490,0.13740628870043253
434,1055,1489,0.13746530681943037
445,1049,1494,0.1375114829600256
440,1055,1495,0.13752653084285657
442,1060,1502,0.13755008259145554
442,1053,1495,0.1375691659652691
444,1048,1492,0.13758804562380902
442,1047,1489,0.1376016775634514
434,1039,1473,0.1376144956321785
431,1048,1479,0.13764451284689533
432,1044,1476,0.13768058849692688
436,1043,1479,0.1377097952134048
436,1051,1487,0.13772670350069519
429,1058,1487,0.13774200020761834
439,1058,1497,0.13777235131281726
446,1054,1500,0.1377765162426484
446,1052,1498,0.13776487260621006
447,1052,1499,0.13775640224199814
438,1056,1494,0.13774625764638784
445,1060,1505,0.13775710580535047
457,1061,1518,0.1377478321842878
447,1075,1522,0.13771152272183781
448,1065,1513,0.1377008192762024
444,1072,1516,0.1376918326839571
440,1060,1500,0.13769427796866515
437,1051,1488,0.13770580783949402
431,1053,1484,0.13772316924579558
432,1054,1486,0.13775520727846202
438,1070,1508,0.13777817251264227
444,1062,1506,0.13778328847880794
441,1069,1510,0.13777543936676795
439,1073,1512,0.1377760059183366
438,1073,1511,0.13778228553260757
439,1078,1517,0.13779039917439476
432,1072,1504,0.13779440472602564
434,1060,1494,0.1378165633514629
440,1052,1492,0.13783199390673886
451,1054,1505,0.13783158048219382
446,1050,1496,0.13780599762404375
449,1062,1511,0.13779312555377465
443,1066,1509,0.13777183814878505
447,1069,1516,0.13776993082768418
449,1069,1518,0.13776031877849726
453,1061,1514,0.13774620187335299
450,1072,1522,0.13772309332023844
444,1061,1505,0.13770980031932983
440,1069,1509,0.13771173381448423
446,1067,1513,0.1377220595616071
446,1067,1513,0.1377196342438879
450,1059,1509,0.13771954446863155
449,1058,1507,0.13771243621936463
448,1063,1511,0.1377087256055171
447,1060,1507,0.13770793031967166
440,1063,1503,0.1377095280428998
434,1074,1508,0.13773077599819825
443,1078,1521,0.13776152145325793
447,1085,1532,0.13776763050441698
446,1076,1522,0.13776607722037304
440,1075,1515,0.13776719720592265
442,1082,1524,0.1377794299412277
436,1072,1508,0.13778497859169803
432,1093,1525,0.13780437770106402
436,1094,1530,0.13783337908683754
430,1090,1520,0.13785075104617647
430,1084,1514,0.13788125001858695
438,1083,1521,0.1379099114745636
440,1083,1523,0.1379169680980955
447,1071,1518,0.1379168838950357
448,1071,1519,0.13790029436290316
440,1081,1521,0.1378810020439083
440,1077,1517,0.1378827570920324
436,1079,1515,0.1378861148251847
440,1074,1514,0.13790084761897034
440,1082,1522,0.13790372489616134
441,1082,1523,0.1379056034909666
437,1064,1501,0.13790677986701716
428,1067,1495,0.13791720930522494
430,1074,1504,0.13794628012884558
429,1062,1491,0.13797034547936138
432,1055,1487,0.1379989435658625
430,1074,1504,0.1380168249086497
432,1069,1501,0.1380347250346351
427,1075,1502,0.13804395863936744
420,1075,1495,0.1380646578186386
426,1083,1509,0.13809945031240672
428,1067,1495,0.1381178180555426
434,1065,1499,0.1381324514078849
435,1088,1523,0.13812780445478404
434,1083,1517,0.1381203735334616
428,1090,1518,0.13811398650266085
423,1081,1504,0.13812248683078743
422,1081,1503,0.1381415838272993
423,1078,1501,0.1381628967189128
426,1082,1508,0.13818207570743865
428,1081,1509,0.13819461758898044
425,1069,1494,0.13820285649002953
429,1061,1490,0.13821881922414592
428,1062,1490,0.1382255588658528
429,1073,1502,0.13823433523719292
425,1080,1505,0.13824154598181296
423,1082,1505,0.13825788443954362
421,1082,1503,0.13827880359313233
413,1084,1497,0.13830370079163856
417,1081,1498,0.1383447175973387
414,1086,1500,0.13837208575525095
419,1093,1512,0.13840248762047522
421,1088,1509,0.13842016840373705
427,1088,1515,0.1384336149302684
430,1071,1501,0.13842919383228777
438,1058,1496,0.13841678970193239
440,1065,1505,0.1383833119124941
429,1076,1505,0.1383503819465294
428,1085,1513,0.1383447053193823
437,1076,1513,0.1383425059805966
423,1073,1496,0.13831813889438382
428,1075,1503,0.13833003830929333
423,1074,1497,0.1383307787291962
431,1073,1504,0.13834458352487122
429,1068,1497,0.138334742010933
429,1079,1508,0.1383304457192598
435,1069,1504,0.13832631413027566
436,1092,1528,0.1383110328224201
434,1077,1511,0.13829037465867688
433,1074,1507,0.13827772040605807
432,1078,1510,0.13826783273544177
437,1087,1524,0.13826135617471041
435,1080,1515,0.13824642047860278
431,1088,1519,0.13823621116160528
435,1076,1511,0.1382348352110973
436,1080,1516,0.13822667876650893
439,1083,1522,0.13821560817085377
434,1073,1507,0.13820002092740552
427,1083,1510,0.13819604472562294
424,1086,1510,0.13820681463519893
421,1083,1504,0.1382271960784864
425,1077,1502,0.13825278328883214
427,1078,1505,0.1382649223097966
423,1073,1496,0.1382695095769107
426,1078,1504,0.13828465184412822
424,1070,1494,0.13829199953856647
420,1069,1489,0.13830364165059283
422,1075,1497,0.13832518311920466
423,1076,1499,0.1383366589086534
416,1081,1497,0.138345107804
415,1093,1508,0.13837121037471187
415,1090,1505,0.13839842330920527
410,1093,1503,0.13842505367171776
416,1091,1507,0.138462956711631
409,1087,1496,0.13848386618874386
405,1090,1495,0.13852091459911434
409,1090,1499,0.13856472453671068
400,1089,1489,0.13859061022595512
397,1102,1499,0.13863718200676853
396,1110,1506,0.13868901880649578
401,1111,1512,0.1387416470611311
404,1111,1515,0.1387789526309216
404,1100,1504,0.1388097618327949
399,1110,1509,0.13883728317307478
405,1113,1518,0.13887544805933189
394,1129,1523,0.1388979056674042
396,1128,1524,0.13894416015688463
398,1128,1526,0.13898599974171932
400,1124,1524,0.13902300497882691
394,1131,1525,0.13905285351074334
393,1128,1521,0.13909124562570072
385,1129,1514,0.13912899619405822
386,1125,1511,0.13918342879349307
378,1121,1499,0.13923288524628763
387,1127,1514,0.13929783581659538
393,1126,1519,0.13933683705845465
395,1128,1523,0.13935685539788295
395,1131,1526,0.13936994002692243
393,1121,1514,0.13938211612821524
396,1124,1520,0.1393986508043003
396,1126,1522,0.13940845521553735
390,1129,1519,0.1394179211772123
381,1131,1512,0.13944202602962757
383,1134,1517,0.1394838469270798
382,1132,1514,0.13951924893421044
385,1126,1511,0.1395551902546483
385,1132,1517,0.13958340786187504
381,1139,1520,0.13960836564497792
380,1129,1509,0.13964033061390937
380,1132,1512,0.1396706744803749
382,1131,1513,0.13970099773144934
381,1135,1516,0.13972272118668264
381,1146,1527,0.1397463690275536
379,1147,1526,0.1397658776052963
379,1135,1514,0.13978960593820441
384,1126,1510,0.13981238886507594
383,1124,1507,0.13982280431033073
378,1133,1511,0.1398350258380859
378,1127,1505,0.1398586688172958
377,1125,1502,0.1398796964293575
370,1128,1498,0.13990309011641547
372,1132,1504,0.1399413630460703
377,1127,1504,0.13997365234823986
372,1138,1510,0.1399890632404279
379,1138,1517,0.14001722569716576
379,1133,1512,0.14002828676372064
375,1143,1518,0.14003948579789385
368,1148,1516,0.14005785343452704
371,1144,1515,0.14009070066026175
365,1142,1507,0.14011564213031824
368,1139,1507,0.14015416565751487
370,1138,1508,0.14018418641956665
371,1138,1509,0.1402086926361574
371,1134,1505,0.14023041896946636
367,1138,1505,0.14025176415881968
363,1131,1494,0.14028153999468806
365,1139,1504,0.14031756820273494
371,1145,1516,0.14034852189050473
373,1146,1519,0.14036119007360834
377,1147,1524,0.14036720980886722
375,1153,1528,0.14036302023525996
368,1156,1524,0.14036317216830707
362,1160,1522,0.14038115869638465
360,1156,1516,0.14041171982250653
361,1156,1517,0.1404452994041319
356,1162,1518,0.14047461778395962
356,1158,1514,0.1405119266254301
356,1152,1508,0.14054729624303808
350,1160,1510,0.14058068090479037
348,1150,1498,0.1406247877284323
353,1145,1498,0.14066982624006616
350,1151,1501,0.1406997583396267
345,1165,1510,0.14073460734299595
351,1171,1522,0.1407767388975892
351,1157,1508,0.14080123936044286
346,1169,1515,0.14082636910129495
345,1180,1525,0.1408623355514127
344,1178,1522,0.1408992227022938
345,1179,1524,0.14093711152288296
346,1179,1525,0.1409693393096276
343,1176,1519,0.14100014843999006
336,1184,1520,0.1410353475376809
340,1174,1514,0.14108355129043398
347,1158,1505,0.14111938293394
345,1164,1509,0.14113266507628539
348,1163,1511,0.14114862812622678
345,1167,1512,0.14115857381120248
341,1164,1505,0.14117491600693374
331,1170,1501,0.14120009252909224
334,1177,1511,0.14124595437771245
336,1171,1507,0.1412819245491729
338,1157,1495,0.14131206763753984
335,1153,1488,0.14133285604474094
332,1162,1494,0.14135959741590667
341,1173,1514,0.14139207059373757
341,1167,1508,0.14140216678620784
342,1173,1515,0.14141179599608777
337,1172,1509,0.14141701977611665
343,1173,1516,0.1414346789474025
344,1174,1518,0.14143537449548504
346,1175,1521,0.1414325594874818
344,1175,1519,0.14142711990796786
337,1181,1518,0.14142597887604164
331,1170,1501,0.14144132907176293
327,1176,1503,0.14146957484352762
327,1184,1511,0.14150593665417455
328,1182,1510,0.14153854018218262
332,1181,1513,0.14156392926994044
337,1181,1518,0.1415803896135044
338,1163,1501,0.14158610664567392
340,1166,1506,0.14158974753343245
336,1167,1503,0.14158609245257578
333,1161,1494,0.14159293878117077
331,1176,1507,0.14160740164548755
336,1181,1517,0.14162424998773113
340,1192,1532,0.14162819310531957
337,1174,1511,0.1416220436299381
338,1179,1517,0.1416238596556775
336,1185,1521,0.14162459945899727
331,1184,1515,0.14163097978940406
328,1188,1516,0.14165068913971424
319,1196,1515,0.14167753117514864
318,1193,1511,0.14172248373368898
319,1197,1516,0.14176746493129805
323,1193,1516,0.14180712745999316
315,1189,1504,0.14183420500834906
319,1192,1511,0.14187837228785308
320,1188,1508,0.14190885877614798
320,1198,1518,0.14193604495195977
317,1189,1506,0.1419616684465441
314,1187,1501,0.1419939061074239
311,1191,1502,0.14203110669812244
307,1190,1497,0.1420720856460075
314,1193,1507,0.1421206392440605
319,1186,1505,0.14214587701173487
316,1191,1507,0.1421548560078083
317,1187,1504,0.1421676526805668
317,1193,1510,0.14217795716323148
316,1202,1518,0.1421881975285496
318,1199,1517,0.14220239791389244
318,1206,1524,0.14221082790287676
309,1197,1506,0.1422205227417951
309,1204,1513,0.14224867183156772
309,1205,1514,0.14227649729408173
309,1198,1507,0.14230028744810372
312,1203,1515,0.1423226532083115
312,1197,1509,0.14233773493207605
312,1189,1501,0.14234911136653053
313,1197,1510,0.14235864493071562
319,1192,1511,0.1423668073241098
319,1187,1506,0.14236033966286296
323,1195,1518,0.1423544020548944
315,1190,1505,0.14233753963041668
317,1193,1510,0.14233990631922466
319,1203,1522,0.1423346588144925
318,1202,1520,0.14232738881408846
315,1205,1520,0.14232304328019502
315,1203,1518,0.1423263445833004
319,1192,1511,0.14232891963105526
316,1208,1524,0.14232277540942145
319,1212,1531,0.1423216546680223
320,1220,1540,0.1423163671526577
316,1209,1525,0.1423090275944852
313,1213,1526,0.14231167284116367
304,1198,1502,0.14232177666508686
310,1204,1514,0.1423539059182375
301,1200,1501,0.14237016702305622
293,1207,1500,0.14240574438053188
292,1197,1489,0.1424603535266357
293,1202,1495,0.14251533889231333
288,1214,1502,0.1425657417940338
281,1209,1490,0.14262589624031904
286,1221,1507,0.14269836996030288
283,1212,1495,0.1427555137183937
288,1225,1513,0.1428114695774201
288,1229,1517,0.1428519366889541
290,1242,1532,0.1428908724216996
289,1247,1536,0.1429229336202206
285,1241,1526,0.1429571457110402
285,1227,1512,0.14299608615206205
283,1231,1514,0.14303394751891874
287,1232,1519,0.14307534605110309
286,1230,1516,0.14310347660173817
283,1229,1512,0.14313104493536324
284,1226,1510,0.14316477721874804
285,1227,1512,0.14319375921805522
290,1212,1502,0.14321525408377705
286,1219,1505,0.14322377705113717
281,1225,1506,0.14324253506491874
284,1227,1511,0.14326878157636141
277,1228,1505,0.14328673509048317
278,1229,1507,0.14332191481017503
275,1227,1502,0.14335333761916796
274,1231,1505,0.14339024450578142
273,1226,1499,0.14342559724299495
273,1230,1503,0.14345950411860853
270,1234,1504,0.14349375661431335
269,1236,1505,0.14353243863198045
262,1252,1514,0.14357383394228063
258,1251,1509,0.14362827212771023
259,1251,1510,0.14368761912747924
264,1259,1523,0.14374013241025493
266,1259,1525,0.1437769322246264
264,1266,1530,0.14380388639551847
265,1264,1529,0.1438324993508988
266,1255,1521,0.14385921758349396
261,1253,1514,0.14388131713782928
261,1240,1501,0.14391489004883998
265,1248,1513,0.14394526035121963
261,1255,1516,0.14396613574183065
263,1240,1503,0.14399742103615792
263,1250,1513,0.14402060971783281
260,1254,1514,0.14404214916219954
257,1262,1519,0.1440694193122681
260,1257,1517,0.1441025724505657
260,1257,1517,0.14412850313643236
261,1249,1510,0.14415238702520067
263,1255,1518,0.14417328601847598
265,1248,1513,0.14418621761827377
261,1254,1515,0.14419178847754557
264,1245,1509,0.14420535452367844
257,1256,1513,0.14421176506436992
252,1254,1506,0.14423405328428934
251,1252,1503,0.1442686734749134
246,1259,1505,0.14430028421154473
245,1256,1501,0.14434068760788984
242,1258,1500,0.144380026143879
243,1258,1501,0.14442644961680123
242,1272,1514,0.14446698440891514
241,1271,1512,0.1445054522948949
245,1260,1505,0.14454371768178126
244,1262,1506,0.14457007803302666
241,1249,1490,0.14459973382164065
243,1253,1496,0.14463484744558738
241,1256,1497,0.14466291721300434
240,1263,1503,0.1446916904752945
242,1268,1510,0.1447192005641358
247,1269,1516,0.14474061994503348
251,1266,1517,0.14474466174275893
249,1265,1514,0.14473998941131064
249,1264,1513,0.14474115040259178
254,1274,1528,0.14474468051607015
250,1261,1511,0.14473528345444334
241,1271,1512,0.1447368587583691
237,1283,1520,0.1447605580239142
242,1281,1523,0.14479457906346943
239,1276,1515,0.144815390648196
241,1273,1514,0.14484192137830113
243,1260,1503,0.14485895616494662
244,1255,1499,0.14486776211252508
241,1266,1507,0.14487352284566865
240,1273,1513,0.14488696162652262
236,1274,1510,0.14490287908578137
237,1284,1521,0.1449289278163985
240,1278,1518,0.14495294330588726
240,1279,1519,0.14496429301515298
231,1284,1515,0.1449738804948452
234,1292,1526,0.14500481917249342
233,1285,1518,0.14502803775124207
229,1293,1522,0.14505280003012577
228,1301,1529,0.14508499660124508
226,1299,1525,0.14511873907489764
222,1297,1519,0.1451554924772372
221,1290,1511,0.14519841924194213
221,1279,1500,0.1452420929092904
221,1282,1503,0.14528492677752294
221,1300,1521,0.14532520395237433
219,1297,1516,0.14536020036237457
221,1302,1523,0.14539761661626519
220,1304,1524,0.14542669581590967
220,1291,1511,0.1454561467179527
219,1294,1513,0.14548337077688156
214,1291,1505,0.14550970010028064
216,1296,1512,0.14554432352668137
216,1298,1514,0.1455739481733654
213,1301,1514,0.14560033521980095
214,1301,1515,0.14563480408935434
220,1293,1513,0.14566565764458894
211,1303,1514,0.14568167041703808
211,1300,1511,0.1457182979140356
208,1306,1514,0.14575024316066953
206,1303,1509,0.14578675023863677
206,1307,1513,0.1458283689116425
208,1308,1516,0.14586805870500325
204,1317,1521,0.14590011217027335
203,1315,1518,0.14594103561323396
202,1311,1513,0.14598327877073433
201,1320,1521,0.14602550107298343
195,1326,1521,0.14606763780573215
195,1327,1522,0.14612074597686717
195,1326,1521,0.14617038695166307
196,1322,1518,0.14621748956617142
202,1309,1511,0.14625839587557743
201,1306,1507,0.14627994622613896
197,1309,1506,0.14630353070628974
199,1311,1510,0.14633518134118906
194,1312,1506,0.14635987549005017
193,1302,1495,0.1463957063281663
187,1307,1494,0.1464293020800086
188,1321,1509,0.1464733319211722
186,1327,1513,0.1465132581634832
186,1332,1518,0.14655619982266188
185,1317,1502,0.1465979200048234
186,1327,1513,0.1466377530142366
186,1330,1516,0.14667479438164374
189,1322,1511,0.14671090719910462
190,1334,1524,0.14673624288693532
187,1333,1520,0.14675531044984946
187,1322,1509,0.14677953775059793
191,1317,1508,0.14680324846702253
191,1327,1518,0.14681572298646933
189,1328,1517,0.14682911315912628
189,1316,1505,0.14684517936413166
189,1322,1511,0.1468600437085598
185,1315,1500,0.14687413885920134
183,1319,1502,0.14689672038790683
189,1328,1517,0.14692229636978327
190,1336,1526,0.14693077541000266
193,1334,1527,0.14693667359713175
191,1343,1534,0.14693372625691714
185,1337,1522,0.14693632755371244
180,1340,1520,0.14695394409239076
183,1332,1515,0.14698268703933257
186,1336,1522,0.1470019923140299
182,1330,1512,0.14701188314213445
179,1335,1514,0.14703118735770204
184,1345,1529,0.14705600080314507
187,1325,1512,0.14706609556700287
186,1318,1504,0.14706782319650405
186,1324,1510,0.14707296190365954
190,1333,1523,0.1470776889730125
186,1339,1525,0.1470728130564699
184,1325,1509,0.14707838878422133
181,1332,1513,0.1470894432046542
180,1339,1519,0.1471082288770633
180,1341,1521,0.14712840036019378
178,1338,1516,0.14714793170016452
178,1340,1518,0.14717227339229727
177,1337,1514,0.1471942047888246
174,1333,1507,0.14721896936584916
174,1335,1509,0.14724799816095072
178,1336,1514,0.14727445210427223
177,1329,1506,0.14728861226669024
185,1333,1518,0.14730416498861212
184,1338,1522,0.14729512487985588
177,1341,1518,0.1472919231180183
183,1324,1507,0.1473052966477236
184,1323,1507,0.14730281444462132
183,1325,1508,0.14729611882496013
184,1320,1504,0.14729228482444945
185,1325,1510,0.1472868353391542
186,1320,1506,0.14727989168860936
182,1325,1507,0.14726980724601058
184,1309,1493,0.14727157676962882
185,1301,1486,0.14727047234947052
187,1299,1486,0.14726652856607378
188,1304,1492,0.14725968316552218
183,1316,1499,0.14725095971235777
187,1323,1510,0.1472521565436924
184,1329,1513,0.1472414463796656
179,1322,1501,0.14724031257840092
174,1321,1495,0.1472501892393878
172,1323,1495,0.14727064306451804
174,1334,1508,0.14729451624752482
174,1341,1515,0.14731249386302303
168,1332,1500,0.14733174049641565
169,1343,1512,0.1473636936578473
167,1346,1513,0.14739154841034297
170,1345,1515,0.14742094137049525
169,1342,1511,0.14743912139609577
168,1349,1517,0.14745735237929122
168,1354,1522,0.14747902759138642
166,1362,1528,0.14750092715663443
166,1348,1514,0.14752738983983169
166,1345,1511,0.1475537488331247
166,1346,1512,0.1475778370053002
172,1351,1523,0.1475987913742158
176,1346,1522,0.14760057242892638
173,1349,1522,0.1475946952098268
168,1347,1515,0.14759782992488144
168,1343,1511,0.14761196467542587
176,1339,1515,0.14762577499179513
171,1325,1496,0.14762001564675345
166,1334,1500,0.1476284979023294
170,1331,1501,0.14764802456395976
167,1345,1512,0.1476567352650929
168,1348,1516,0.14767292932790965
169,1333,1502,0.14768549357398522
171,1335,1506,0.14769354435136495
168,1339,1507,0.14769683547320242
167,1349,1516,0.14770589002537265
167,1354,1521,0.1477166119633084
164,1349,1513,0.14772551301304754
168,1347,1515,0.14774120423972661
166,1344,1510,0.14774645527340735
163,1342,1505,0.14775741481521687
167,1352,1519,0.14777475213014343
172,1354,1526,0.14778074639103603
164,1348,1512,0.14777205240358066
158,1356,1514,0.14778459587844864
157,1371,1528,0.14781015358881613
157,1368,1525,0.14783678041304568
156,1363,1519,0.14786319737404424
158,1357,1515,0.14789159970919902
161,1348,1509,0.14791371734101966
165,1341,1506,0.14792474174431697
161,1336,1497,0.14792329725943176
161,1340,1501,0.14793208808727104
162,1336,1498,0.1479403307004531
159,1345,1504,0.1479464856016876
159,1355,1514,0.14795889847860907
157,1360,1517,0.14797149052742406
152,1360,1512,0.14798942917423197
148,1365,1513,0.1480161348089498
150,1373,1523,0.14805124606197312
148,1354,1502,0.1480812616581016
146,1358,1504,0.14811486264179446
145,1367,1512,0.14815266345591885
146,1357,1503,0.14819040504485703
141,1349,1490,0.14822151290525284
142,1354,1496,0.14826244930771343
140,1373,1513,0.14829827303553939
141,1371,1512,0.14833623118793465
142,1373,1515,0.14836886632491753
141,1376,1517,0.14839881649074282
143,1378,1521,0.14842889025629147
147,1373,1520,0.14845093455529126
146,1372,1518,0.14845999618097824
151,1361,1512,0.1484710823853354
150,1365,1515,0.14847039684548974
149,1359,1508,0.14847390553511583
147,1359,1506,0.1484790158443986
145,1370,1515,0.14848862649974898
148,1386,1534,0.14850352467731365
147,1371,1518,0.14850848045428158
145,1360,1505,0.1485173172414572
146,1360,1506,0.14853085478017533
149,1357,1506,0.14854132355949987
148,1364,1512,0.14854393072424543
149,1352,1501,0.14854818714030857
152,1351,1503,0.14854752411950176
154,1370,1524,0.14853821988217195
147,1364,1511,0.14852564984805589
141,1358,1499,0.1485316400080863
140,1377,1517,0.14855206226653803
141,1383,1524,0.14857319653803294
138,1371,1509,0.14859130671483753
141,1370,1511,0.14861504794626093
143,1368,1511,0.1486304522614488
148,1366,1514,0.14863873955542414
146,1363,1509,0.14863463027629353
142,1373,1515,0.14863696133159401
144,1377,1521,0.14864972054896716
140,1372,1512,0.14865736764681353
142,1368,1510,0.14867480294286262
140,1374,1514,0.14868581598852926
137,1365,1502,0.14870076760615217
139,1365,1504,0.14872068829721313
138,1369,1507,0.14873478585709238
138,1369,1507,0.14875146679914963
137,1361,1498,0.14876505211177837
134,1371,1505,0.14878035627308048
136,1380,1516,0.1488025304223528
130,1389,1519,0.14881719997259513
131,1401,1532,0.14884587706201355
126,1399,1525,0.14886977891302833
130,1395,1525,0.148905597445449
129,1397,1526,0.1489298614850428
130,1389,1519,0.14895606590626348
126,1382,1508,0.14897799827127245
128,1383,1511,0.1490091384221744
128,1392,1520,0.14903369089641735
125,1395,1520,0.14905677017734423
124,1391,1515,0.14908494268619502
124,1395,1519,0.14911353094294344
125,1398,1523,0.14913950585008365
127,1390,1517,0.14916083565224028
124,1397,1521,0.14917436266543682
127,1388,1515,0.14919493768042924
122,1386,1508,0.14920491548832795
120,1380,1500,0.1492270377617151
118,1388,1506,0.14925240186731362
116,1392,1508,0.14928192132669982
114,1385,1499,0.14931444485774625
115,1387,1502,0.14935049373556875
115,1391,1506,0.1493808282025957
114,1401,1515,0.14940768318710065
112,1399,1511,0.1494354024363751
112,1403,1515,0.1494666297303026
110,1395,1505,0.14949485377447103
108,1389,1497,0.14952756734820077
109,1387,1496,0.1495639030021346
112,1391,1503,0.14959490983026563
115,1388,1503,0.14961469493074675
116,1381,1497,0.14962568929603381
113,1379,1492,0.14963458103721078
111,1382,1493,0.14964965600099514
109,1391,1500,0.14966897094377918
107,1387,1494,0.14969213277447563
106,1394,1500,0.1497185823693814
105,1391,1496,0.14974465357054834
106,1394,1500,0.14977107810809395
110,1392,1502,0.1497932728179409
106,1391,1497,0.14980361633554165
107,1397,1504,0.1498234590238805
108,1393,1501,0.14983815222756408
102,1406,1508,0.14984722134421125
100,1424,1524,0.14987195051021898
104,1414,1518,0.14990136911060367
101,1414,1515,0.14992009271554757
97,1412,1509,0.14994608065434878
97,1403,1500,0.14997994915048957
93,1407,1500,0.15001004806875368
91,1416,1507,0.15004850483154017
90,1406,1496,0.15008960264091623
87,1422,1509,0.1501316624542149
86,1421,1507,0.1501790844244514
84,1425,1509,0.1502261487598349
86,1434,1520,0.15027453460221415
86,1442,1528,0.1503136985212884
89,1436,1525,0.15035131290956522
82,1431,1513,0.15037859232414288
78,1436,1514,0.15042046140632334
76,1449,1525,0.15046935053634825
76,1445,1521,0.15051825646310202
72,1445,1517,0.15056205102384004
72,1435,1507,0.1506129125330881
72,1438,1510,0.15066053524656922
71,1437,1508,0.15070695069815496
70,1435,1505,0.15075360528285528
69,1427,1496,0.15080006777098987
67,1420,1487,0.15084472971231486
69,1427,1496,0.15089184817000728
68,1443,1511,0.15093094339794713
66,1436,1502,0.15097069965445264
65,1433,1498,0.15101298014881334
63,1426,1489,0.15105509099071368
64,1436,1500,0.1510987803584611
63,1433,1496,0.15113791483974212
62,1452,1514,0.15117722828257107
62,1446,1508,0.15121695129034796
66,1447,1513,0.15125378036723205
66,1451,1517,0.15127664258780033
64,1433,1497,0.1512980485405932
62,1443,1505,0.15132278775045557
63,1446,1509,0.1513519176763946
65,1442,1507,0.15137589465190937
63,1441,1504,0.1513928397009659
63,1447,1510,0.15141444509118465
64,1440,1504,0.15143207795770283
67,1439,1506,0.1514472974260859
65,1439,1504,0.15145379968045844
61,1427,1488,0.1514653971445602
62,1440,1502,0.15148587630089402
65,1440,1505,0.15150280879181474
62,1435,1497,0.15151100369231435
60,1428,1488,0.1515263398284182
61,1456,1517,0.15154638388585695
65,1453,1518,0.15156249469765293
64,1452,1516,0.15156697247230214
62,1451,1513,0.15157245963013097
61,1455,1516,0.15158222405934704
61,1453,1514,0.15159448172241358
60,1468,1528,0.15160604216510087
58,1469,1527,0.15161938903409414
58,1466,1524,0.15163666282285873
61,1472,1533,0.15165340640686573
59,1467,1526,0.15166114771533679
55,1467,1522,0.1516748102579776
54,1483,1537,0.15169804964345482
53,1477,1530,0.15172183749134718
55,1476,1531,0.1517472655745982
56,1460,1516,0.15176590396427347
53,1461,1514,0.1517808331242381
53,1465,1518,0.15180137191420232
54,1458,1512,0.15182143608527066
54,1451,1505,0.1518381947308171
56,1450,1506,0.15185259531764353
56,1462,1518,0.15186055063823206
55,1454,1509,0.1518678707942474
56,1456,1512,0.15187784402344792
56,1473,1529,0.15188586628556167
57,1460,1517,0.1518941894335063
53,1456,1509,0.15189974006564103
55,1454,1509,0.1519133010630549
57,1473,1530,0.15192136927832015
57,1470,1527,0.1519237774025836
54,1463,1517,0.1519269078407346
54,1447,1501,0.1519370239439292
54,1460,1514,0.15194573808160092
52,1474,1526,0.15195320697371736
53,1461,1514,0.15196544003986517
51,1452,1503,0.15197542001556688
50,1456,1506,0.1519899859335142
50,1465,1515,0.15200570390399995
49,1463,1512,0.15202110295436744
48,1453,1501,0.15203828516302537
46,1454,1500,0.15205401509411876
43,1469,1512,0.15207363857038658
45,1482,1527,0.15209930806193775
41,1476,1517,0.1521176557203118
42,1480,1522,0.15214474747472873
42,1493,1535,0.15216766144867053
42,1495,1537,0.15218988080280516
40,1486,1526,0.15221109230452426
38,1480,1518,0.15223597514386727
37,1491,1528,0.15226437660355885
36,1485,1521,0.15229367773126057
35,1487,1522,0.15232377123402016
35,1485,1520,0.1523545863910599
35,1487,1522,0.15238297058921207
37,1492,1529,0.15241003063922387
38,1495,1533,0.15242983094031498
36,1484,1520,0.1524456748985664
36,1488,1524,0.15246566955565885
35,1485,1520,0.15248492004972813
33,1483,1516,0.15250560407688543
32,1487,1519,0.15252993831815584
32,1482,1514,0.15255526151341023
34,1475,1509,0.1525793377164975
34,1481,1515,0.1525956834669965
35,1472,1507,0.15261068455497118
36,1475,1511,0.15262213616168283
35,1484,1519,0.15263076540047887
36,1467,1503,0.15264234486639536
38,1466,1504,0.15265056897226992
39,1471,1510,0.15265122724383473
37,1461,1498,0.15264933962615396
35,1472,1507,0.15265282702455704
36,1477,1513,0.15266122400809767
36,1482,1518,0.15266656266156095
34,1470,1504,0.15267219700724455
30,1490,1520,0.1526820422260895
29,1493,1522,0.1527006067365549
28,1487,1515,0.15272024395528982
29,1475,1504,0.15274132719480216
31,1477,1508,0.15275915109344446
32,1483,1515,0.15276954693322614
29,1489,1518,0.152777134867235
29,1487,1516,0.15279275413968274
29,1478,1507,0.1528078356906257
27,1484,1511,0.1528223723725947
27,1491,1518,0.15284067695647813
27,1482,1509,0.15285817241201421
27,1492,1519,0.15287487834615338
28,1496,1524,0.15289081604019425
29,1492,1521,0.15290286385481056
29,1483,1512,0.15291169071667304
30,1499,1529,0.15291975759423593
30,1491,1521,0.15292443873492792
31,1489,1520,0.1529292583499522
33,1499,1532,0.15293089862099396
33,1497,1530,0.1529264070833467
33,1485,1518,0.15292280876212883
32,1499,1531,0.15291999022603908
33,1501,1534,0.15292005874518144
32,1479,1511,0.15291761314804272
31,1486,1517,0.1529179930404102
31,1480,1511,0.15292124417445144
31,1474,1505,0.15292466957193615
30,1481,1511,0.15292714701036927
29,1474,1503,0.15293196352582306
29,1481,1510,0.15293902016569796
29,1494,1523,0.15294489255523216
30,1478,1508,0.15295082316480865
29,1494,1523,0.15295350159990473
31,1492,1523,0.1529586663117364
29,1499,1528,0.15295918456519783
30,1491,1521,0.15296460685794117
29,1492,1521,0.1529667687353931
30,1478,1508,0.15297092553323066
29,1486,1515,0.15297271806392962
29,1504,1533,0.15297706118554183
28,1493,1521,0.15298150444904857
28,1488,1516,0.15298816661142084
30,1496,1526,0.15299472076993692
31,1475,1506,0.1529943610615372
32,1475,1507,0.15299221270707977
32,1489,1521,0.15298737028330023
31,1487,1518,0.15298333349974974
31,1495,1526,0.1529811005718426
31,1491,1522,0.15297951992068992
30,1498,1528,0.15297746815619337
31,1487,1518,0.15297823019886148
32,1488,1520,0.15297588086146643
33,1482,1515,0.15297178615423235
33,1477,1510,0.1529651953322623
34,1482,1516,0.15295919751259554
32,1485,1517,0.15295088634842965
34,1489,1523,0.15294807537655086
35,1484,1519,0.1529405047398785
34,1490,1524,0.15293103556056217
35,1495,1530,0.1529249528368031
34,1490,1524,0.1529175807050109
34,1490,1524,0.15291337635554636
35,1489,1524,0.15290766771150488
32,1483,1515,0.15289967039802552
35,1486,1521,0.15289937987752178
35,1480,1515,0.15289154592113757
32,1489,1521,0.15288473450196738
31,1502,1533,0.152885689752253
30,1493,1523,0.15288934854578407
31,1494,1525,0.1528954614978303
32,1490,1522,0.1528980985657751
33,1505,1538,0.15289876015855733
32,1493,1525,0.15289666092482307
31,1495,1526,0.1528974458101117
33,1497,1530,0.15290177982210648
33,1492,1525,0.1528997171902233
35,1466,1501,0.15289835334958343
35,1462,1497,0.1528919470575176
35,1481,1516,0.15288616935932417
34,1475,1509,0.1528813197194895
36,1472,1508,0.15287755901876265
35,1483,1518,0.15286989000898502
38,1482,1520,0.15286612540007505
38,1477,1515,0.1528532641948148
38,1472,1510,0.1528419682610076
39,1467,1506,0.15283206693719287
38,1475,1513,0.15282014665536825
37,1473,1510,0.152811827906323
37,1480,1517,0.1528075481574939
37,1470,1507,0.15280401369849395
36,1468,1504,0.15280113246236682
36,1470,1506,0.15280030229061647
35,1476,1511,0.15279985423006484
35,1475,1510,0.15280198616757146
38,1472,1510,0.15280323333389936
37,1467,1504,0.1527967443298472
39,1480,1519,0.1527943767719157
38,1480,1518,0.1527861973140834
40,1480,1520,0.15278079238280337
39,1478,1517,0.15276978267739236
39,1475,1514,0.15276121052990368
39,1464,1503,0.15275378913509707
40,1471,1511,0.15274742273014053
39,1471,1510,0.15273952342345953
40,1463,1503,0.15273305863634243
38,1449,1487,0.152725475713086
38,1468,1506,0.15272337309820055
39,1473,1512,0.15272090222362197
37,1473,1510,0.1527169634456268
38,1477,1515,0.15271812188126901
40,1482,1522,0.1527172540107603
41,1478,1519,0.15271041287589454
41,1484,1525,0.15270127105975093
44,1489,1533,0.15269339856169878
44,1491,1535,0.15267779988001423
44,1480,1524,0.15266396246907277
43,1483,1526,0.152651700929207
44,1481,1525,0.15264316436782646
45,1463,1508,0.1526324871010501
42,1467,1509,0.15262001870328576
42,1473,1515,0.15261440238075852
40,1476,1516,0.1526098937136694
40,1470,1510,0.15261097325686984
42,1470,1512,0.15261251711546436
42,1471,1513,0.15260814781950632
41,1481,1522,0.15260355927080535
41,1466,1507,0.15260211648728286
41,1470,1511,0.15260136502081376
42,1471,1513,0.15259935653001427
43,1488,1531,0.15259163813969562
43,1475,1518,0.15258294557329158
43,1480,1523,0.15257504305123842
45,1473,1518,0.1525678953443124
44,1471,1515,0.1525563556206406
42,1464,1506,0.15254877903707545
41,1476,1517,0.1525470096984275
39,1480,1519,0.15254871972514958
40,1486,1526,0.15255526197955205
39,1480,1519,0.15255922668108504
39,1486,1525,0.15256569920651275
39,1483,1522,0.1525712056681814
38,1483,1521,0.1525765489392545
36,1487,1523,0.15258317602185023
34,1484,1518,0.15259475637179645
35,1489,1524,0.1526104530490519
35,1491,1526,0.15262186113167697
36,1479,1515,0.15263315138251116
35,1485,1520,0.1526410137755893
36,1491,1527,0.1526519077665194
38,1484,1522,0.15266000232673677
38,1479,1517,0.1526621622435003
40,1473,1513,0.1526648950590685
40,1486,1526,0.15266112989949954
40,1479,1519,0.15265827340694915
40,1483,1523,0.1526554790893987
40,1470,1510,0.15265138020175376
39,1480,1519,0.15264813023503251
39,1472,1511,0.15264685855787474
37,1474,1511,0.15264650751208542
38,1477,1515,0.1526513899241453
35,1468,1503,0.1526532700216686
36,1467,1503,0.15266305684585976
33,1477,1510,0.15266929328092163
36,1470,1506,0.15268213418513707
36,1482,1518,0.15268559570243165
37,1479,1516,0.15268874800166551
38,1477,1515,0.152689567028536
38,1483,1521,0.1526885265540791
40,1473,1513,0.15268800007759686
38,1467,1505,0.15268163845576285
38,1461,1499,0.15268068947442365
40,1477,1517,0.15268052325601023
39,1480,1519,0.15267440311626074
39,1471,1510,0.1526718189355154
36,1469,1505,0.15267010992330882
36,1482,1518,0.15267655092384236
36,1469,1505,0.15268309777369485
35,1474,1509,0.15268927724757894
36,1471,1507,0.1526971919043749
36,1484,1520,0.1527013625513825
36,1483,1519,0.15270297124299845
38,1482,1520,0.15270376717261835
38,1489,1527,0.15270068513090915
37,1476,1513,0.1526981582900262
34,1484,1518,0.15269876282700012
35,1472,1507,0.15270745197959112
36,1476,1512,0.1527137807539007
40,1473,1513,0.1527157652692107
39,1493,1532,0.15270724031523372
38,1486,1524,0.15270220498912407
38,1491,1529,0.1527004129045029
40,1491,1531,0.15269941006881982
38,1488,1526,0.15269350397369805
39,1484,1523,0.15269304787748636
39,1473,1512,0.15269066390734534
38,1473,1511,0.15268900916284125
37,1468,1505,0.1526903580108364
37,1472,1509,0.15269459027059082
37,1477,1514,0.15269851856655253
37,1472,1509,0.15270254211887516
36,1462,1498,0.1527066712696192
36,1466,1502,0.15271300143324482
40,1468,1508,0.1527183801846785
42,1475,1517,0.15271167098521005
42,1475,1517,0.15270009428907108
42,1464,1506,0.15268995813243
42,1468,1510,0.1526799987981012
40,1463,1503,0.15267039697643855
41,1460,1501,0.15266652023456956
39,1458,1497,0.15266025986953052
38,1455,1493,0.15266065685761726
38,1457,1495,0.1526634930945392
35,1487,1522,0.15266590124753623
35,1492,1527,0.15267527868183542
39,1486,1525,0.1526841452247612
39,1478,1517,0.15268113608058018
36,1481,1517,0.15267871930725418
39,1480,1519,0.1526836512433855
38,1476,1514,0.15268077460163682
37,1474,1511,0.15267989189903597
37,1477,1514,0.15268213457457042
37,1477,1514,0.15268478244489342
41,1466,1507,0.15268671557510166
40,1468,1508,0.15267733746517245
39,1487,1526,0.1526708743441846
39,1478,1517,0.1526677836270125
40,1474,1514,0.15266553641629996
37,1487,1524,0.15265984000493155
38,1482,1520,0.1526624553107934
37,1483,1520,0.1526623838187498
37,1475,1512,0.1526653091537006
36,1475,1511,0.15266873749072712
38,1469,1507,0.15267403286859257
39,1484,1523,0.15267317035649253
37,1476,1513,0.1526685947531602
37,1477,1514,0.15266964448100226
36,1478,1514,0.15267145411826227
37,1478,1515,0.15267614107824984
37,1465,1502,0.1526776268294768
39,1467,1506,0.15267976053456278
38,1488,1526,0.15267639046397052
37,1480,1517,0.15267612304281186
38,1474,1512,0.1526789916825969
38,1468,1506,0.15267995248324873
38,1468,1506,0.15268085029490067
38,1471,1509,0.1526806218789598
40,1466,1506,0.15267996075348994
41,1469,1510,0.15267559084918758
41,1473,1514,0.15266934232971066
41,1472,1513,0.152663104971879
40,1477,1517,0.15265751245047907
42,1478,1520,0.15265527218114053
42,1488,1530,0.1526481755506119
42,1484,1526,0.15264215815946894
43,1467,1510,0.15263668070424632
41,1464,1505,0.15262884187469347
42,1474,1516,0.15262686728392225
43,1476,1519,0.15262301613819204
44,1478,1522,0.15261749588133638
44,1469,1513,0.15261020316863833
45,1487,1532,0.1526027111219264
44,1488,1532,0.15259189894497927
44,1476,1520,0.15258480290249019
44,1481,1525,0.1525786662111283
46,1466,1512,0.15257346108596576
44,1452,1496,0.15256288371440416
41,1454,1495,0.15255763167506547
40,1476,1516,0.1525601966416848
39,1463,1502,0.152565691584997
37,1470,1507,0.1525739197038758
37,1462,1499,0.15258626156117075
37,1472,1509,0.15259705626124448
39,1470,1509,0.1526075625676415
38,1484,1522,0.15261256780367
37,1485,1522,0.1526198043855103
40,1474,1514,0.15262810820535797
40,1481,1521,0.15262756281146694
40,1478,1518,0.1526275495384806
37,1484,1521,0.1526269753430118
37,1479,1516,0.1526342854482439
37,1467,1504,0.15264161572918242
37,1462,1499,0.152648919678926
37,1465,1502,0.15265615800378066
37,1471,1508,0.15266305981787143
39,1472,1511,0.15266958063133904
39,1470,1509,0.1526698250432374
40,1481,1521,0.15266942562880925
41,1474,1515,0.1526673625385209
42,1467,1509,0.15266351241535664
41,1469,1510,0.152657597716761
41,1474,1515,0.15265483336903635
40,1485,1525,0.15265102369853298
37,1482,1519,0.15265016052089847
37,1488,1525,0.15265651651510534
37,1479,1516,0.15266290705745078
37,1487,1524,0.15266928884652203
35,1472,1507,0.1526756252241637
35,1476,1511,0.15268619532564476
36,1479,1515,0.15269603387220104
36,1472,1508,0.1527026847394022
35,1479,1514,0.15270925542474195
33,1481,1514,0.15271792007749768
32,1473,1505,0.15273060647801853
34,1466,1500,0.15274393180965778
34,1455,1489,0.15275131067036243
36,1471,1507,0.1527586314036979
37,1474,1511,0.15276048908216422
37,1485,1522,0.15275976598108618
37,1477,1514,0.15275924808291638
38,1476,1514,0.1527592040293555
39,1490,1529,0.1527569960699817
39,1481,1520,0.15275234140723562
38,1484,1522,0.15274804071211928
39,1467,1506,0.15274656399603506
40,1479,1519,0.1527423130244383
40,1483,1523,0.1527358126341096
40,1484,1524,0.15273020238849558
38,1490,1528,0.15272538054942675
37,1478,1515,0.15272554467264943
36,1473,1509,0.15272843351951768
34,1475,1509,0.15273256363439688
32,1479,1511,0.15274080400781131
33,1475,1508,0.15275333935200522
34,1471,1505,0.15276103771909771
32,1473,1505,0.15276535612552938
32,1481,1513,0.15277490986646547
32,1489,1521,0.15278427761973884
32,1481,1513,0.15279315470041294
32,1486,1518,0.15280191638326854
31,1502,1533,0.1528105284867703
31,1486,1517,0.15282111341166452
32,1490,1522,0.15283055006648866
33,1486,1519,0.1528370985269513
32,1494,1526,0.15284036555675118
32,1499,1531,0.15284488606530552
32,1495,1527,0.152849641987819
33,1490,1523,0.15285464483288227
32,1495,1527,0.15285719910495657
33,1479,1512,0.15286282659175013
33,1476,1509,0.15286515396913952
32,1481,1513,0.15286799367201273
32,1471,1503,0.15287320182739073
31,1473,1504,0.15287837975004231
30,1477,1507,0.1528856593022595
29,1476,1505,0.15289486133337482
30,1478,1508,0.152905845357174
30,1476,1506,0.15291387752047458
30,1483,1513,0.15292137627717406
30,1467,1497,0.1529285677763489
30,1490,1520,0.15293551618447704
31,1507,1538,0.15294207277763308
32,1499,1531,0.15294618591811943
32,1488,1520,0.15294697178229452
30,1477,1507,0.15294796268804398
32,1478,1510,0.152953592248415
30,1477,1507,0.15295377765553692
28,1478,1506,0.15295857940486712
28,1477,1505,0.1529677127464908
28,1477,1505,0.15297563693664684
29,1466,1495,0.15298335083144457
32,1466,1498,0.15298756046302786
32,1474,1506,0.15298180839183104
32,1471,1503,0.15297759743380662
31,1462,1493,0.15297416717485368
31,1460,1491,0.15297357616359972
30,1474,1504,0.152973449801632
30,1480,1510,0.15297613063689866
32,1485,1517,0.15297795308061904
32,1474,1506,0.1529732666344481
31,1466,1497,0.15296946023907043
31,1474,1505,0.15296835477566556
33,1479,1512,0.15296782167880288
33,1476,1509,0.1529612374674706
33,1470,1503,0.15295481454916895
34,1479,1513,0.15294830477325472
34,1480,1514,0.15294053009872965
35,1480,1515,0.1529338737009379
35,1484,1519,0.1529253351381122
35,1489,1524,0.15291695037166955
33,1493,1526,0.15290970850550678
35,1478,1513,0.1529080005336872
34,1494,1528,0.15290133452393
34,1487,1521,0.15289779428147487
35,1491,1526,0.1528942416727062
35,1486,1521,0.15288895353817059
35,1487,1522,0.15288450754330896
35,1486,1521,0.15288032860469186
36,1492,1528,0.15287687357371926
35,1487,1522,0.15287082314986145
34,1480,1514,0.15286778038150778
33,1476,1509,0.1528676999048971
33,1479,1512,0.15286991189695764
31,1493,1524,0.15287215795466744
31,1486,1517,0.1528789132160771
31,1481,1512,0.1528855814673997
30,1483,1513,0.15289197922857034
30,1493,1523,0.1528994601594803
31,1487,1518,0.1529068359331207
31,1477,1508,0.15291082057141858
31,1479,1510,0.15291495604313615
32,1492,1524,0.15291984321039603
31,1490,1521,0.15292144907006666
29,1484,1513,0.1529243712265864
29,1483,1512,0.1529321122978301
29,1471,1500,0.15293944105641402
30,1484,1514,0.15294649800271973
30,1486,1516,0.1529512008499302
30,1484,1514,0.15295591718855805
30,1480,1510,0.15296061733435334
30,1475,1505,0.15296428847827637
30,1490,1520,0.15296805063149396
30,1493,1523,0.15297186767085633
31,1489,1520,0.1529757086319926
30,1484,1514,0.15297705292912267
30,1485,1515,0.15298072133592946
30,1497,1527,0.1529843869098593
30,1491,1521,0.15298802854916743
30,1489,1519,0.15299162848262504
30,1488,1518,0.15299517187043243
29,1497,1526,0.15299864644824335
29,1492,1521,0.15300323572757712
32,1496,1528,0.1530077585518063
31,1486,1517,0.15300429126174162
30,1486,1516,0.15300347367257458
31,1494,1525,0.15300515101456477
31,1488,1519,0.15300472257461803
31,1493,1524,0.15300456509172744
31,1495,1526,0.15300463864348923
30,1493,1523,0.15300490797660468
29,1485,1514,0.15300746829456405
29,1499,1528,0.15301216779588903
32,1490,1522,0.153015551415643
31,1488,1519,0.15301122239519355
31,1490,1521,0.1530096380160467
30,1481,1511,0.15300846850929936
32,1486,1518,0.15300981086595816
32,1485,1517,0.1530067816659205
32,1477,1509,0.15300419683010852
33,1482,1515,0.15300200436855613
29,1488,1517,0.15299693371421458
30,1487,1517,0.1530016094579949
30,1491,1521,0.15300400887581359
31,1483,1514,0.15300646242006632
30,1490,1520,0.15300658119019495
30,1486,1516,0.15300900495467828
32,1488,1520,0.15301038539339948
29,1483,1512,0.1530064172858806
29,1481,1510,0.15301041252674774
29,1495,1524,0.15301439611758286
28,1483,1511,0.1530183464264852
27,1499,1526,0.15302440804189954
24,1494,1518,0.1530324251179962
22,1496,1518,0.15304666268908076
23,1514,1537,0.15306443074086698
24,1516,1540,0.1530789490026196
24,1496,1520,0.153090319944374
26,1497,1523,0.15309901539271006
26,1506,1532,0.1531025446328841
26,1492,1518,0.15310620973187938
27,1495,1522,0.1531099683287843
27,1493,1520,0.15311123581985173
27,1495,1522,0.15311160627293827
26,1487,1513,0.1531123260118451
26,1500,1526,0.1531156865089773
25,1503,1528,0.15311912723054633
25,1501,1526,0.15312481283106272
25,1491,1516,0.15313038180462474
26,1489,1515,0.15313581878658755
25,1483,1508,0.15313855677096713
25,1487,1512,0.1531434966394092
25,1500,1525,0.15314832542071344
25,1495,1520,0.1531522510247234
27,1494,1521,0.1531554339862169
26,1507,1533,0.15315315080251174
27,1492,1519,0.15315366818760442
27,1476,1503,0.15315212930410782
26,1468,1494,0.15315099638359653
25,1480,1505,0.15315303535251223
25,1481,1506,0.15315742317423267
25,1492,1517,0.15316164174083846
26,1511,1537,0.15316575410284605
26,1509,1535,0.15316735088862918
26,1506,1532,0.15316788585870067
25,1489,1514,0.15316762455409447
24,1499,1523,0.15317081165982394
23,1506,1529,0.15317617891810095
23,1500,1523,0.15318353381156224
23,1490,1513,0.15319059426464407
24,1492,1516,0.15319736300373224
23,1504,1527,0.15320049830957358
25,1507,1532,0.15320601605242656
24,1518,1542,0.15320472365601723
22,1509,1531,0.15320604535777785
22,1495,1517,0.15321177828578542
22,1496,1518,0.15321749664090423
22,1499,1521,0.15322278397332995
21,1497,1518,0.153228897686543
21,1496,1517,0.1532370739307463
21,1490,1511,0.15324492590721084
21,1479,1500,0.15325245633234993
21,1500,1521,0.1532596694145257
21,1504,1525,0.15326657060269788
21,1503,1524,0.15327316636587188
20,1479,1499,0.15327946399997852
20,1484,1504,0.15328763529293807
19,1494,1513,0.15329539363075248
20,1486,1506,0.1533050210005968
18,1494,1512,0.15331093745099617
17,1489,1506,0.1533210725105748
19,1490,1509,0.15333288357471508
20,1485,1505,0.1533395906511253
20,1480,1500,0.15334274921018534
20,1494,1514,0.15334593268807192
19,1498,1517,0.15334911850223654
18,1491,1509,0.15335444499278864
18,1492,1510,0.15336173995959618
18,1494,1512,0.15336873505789478
18,1500,1518,0.15337435986983242
19,1507,1526,0.15337968220090814
18,1487,1505,0.15338267839454695
18,1479,1497,0.15338783554294694
18,1485,1503,0.15339286292794851
18,1495,1513,0.1533977505662658
18,1508,1526,0.15340249081117366
16,1509,1525,0.15340608092439476
17,1488,1505,0.15341402171666638
17,1499,1516,0.15341936030425393
17,1497,1514,0.15342456599084428
17,1505,1522,0.15342962839256624
16,1486,1502,0.15343453953122918
15,1489,1504,0.15344145126851713
16,1498,1514,0.15345020820178895
15,1494,1509,0.15345625424489612
15,1496,1511,0.15346419602309003
17,1500,1517,0.153471762290186
17,1493,1510,0.15347373197532888
17,1495,1512,0.1534757847267506
17,1495,1512,0.1534778699488461
16,1513,1529,0.15347997051088108
16,1508,1524,0.153484232566194
17,1504,1521,0.15348835161156985
17,1498,1515,0.1534891526847045
17,1490,1507,0.15349009723368837
16,1499,1515,0.15349115792399126
17,1497,1514,0.15349447889907053
18,1503,1521,0.1534955007754199
18,1509,1527,0.1534933317217386
18,1494,1512,0.15349152281552086
16,1494,1510,0.15349003024478414
14,1504,1518,0.15349313014588106
15,1500,1515,0.15350123333542903
16,1506,1522,0.1535066569341531
16,1497,1513,0.15350956705773156
14,1498,1512,0.15351238932708955
14,1502,1516,0.15351955882459362
14,1511,1525,0.15352635237503232
14,1506,1520,0.15353278687260913
14,1507,1521,0.1535388787696422
14,1494,1508,0.15354464404646476
14,1494,1508,0.15355009818867071
13,1518,1531,0.15355525617072638
13,1521,1534,0.15356228380414386
13,1512,1525,0.15356891296366498
13,1504,1517,0.15357516486181894
13,1500,1513,0.15358105972653047
13,1494,1507,0.1535866168307066
13,1490,1503,0.15359185452299345
14,1499,1513,0.15359679025934128
13,1494,1507,0.15359859921174596
13,1496,1509,0.15360252997904972
14,1492,1506,0.15360629530368144
14,1495,1509,0.1536066230639209
11,1507,1518,0.1536060194737265
11,1507,1518,0.1536125677820358
13,1509,1522,0.15361884829102343
13,1526,1539,0.1536194658133369
13,1511,1524,0.15362031798787823
13,1497,1510,0.153621364122653
14,1494,1508,0.15362256855775291
14,1495,1509,0.15362121537066223
15,1485,1500,0.1536201768132925
14,1492,1506,0.1536161556654684
14,1496,1510,0.1536152444679937
14,1503,1517,0.1536146177592537
14,1502,1516,0.1536142361893514
14,1505,1519,0.15361406492079754
13,1505,1518,0.15361407315054654
11,1507,1518,0.15361637945256632
11,1509,1520,0.15362310989334788
11,1511,1522,0.15362954356956413
11,1509,1520,0.15363568736274374
8,1505,1513,0.15364165660680154
8,1504,1512,0.15365392443578943
8,1506,1514,0.15366550339516655
8,1505,1513,0.15367642967799308
7,1504,1511,0.15368673783604925
7,1507,1514,0.15369871530080872
7,1517,1524,0.15370999437788718
6,1518,1524,0.15372061454043298
6,1514,1520,0.15373288520837647
6,1509,1515,0.15374441882102705
6,1529,1535,0.15375525914241422
6,1529,1535,0.15376544738812403
6,1525,1531,0.15377502236871116
6,1528,1534,0.15378402062554583
6,1523,1529,0.15379247655944125
6,1515,1521,0.15380042255239867
6,1507,1513,0.15380788908279514
6,1501,1507,0.15381490483432977
6,1515,1521,0.15382149679903173
6,1505,1511,0.15382769037462385
5,1510,1515,0.1538335094565232
5,1516,1521,0.15384112655462262
5,1534,1539,0.15384828276052465
5,1517,1522,0.15385500573489072
5,1516,1521,0.15386132150083073
5,1509,1514,0.15386725453860717
5,1515,1520,0.1538728278750883
4,1515,1519,0.1538780631682167
4,1504,1508,0.15388514150959623
4,1522,1526,0.1538917899445556
4,1514,1518,0.15389803446030326
4,1520,1524,0.1539038994854672
4,1519,1523,0.1539094079823466
4,1507,1511,0.15391458153382587
4,1502,1506,0.15391944042524638
4,1507,1511,0.15392400372151815
4,1507,1511,0.15392828933973782
3,1503,1506,0.15393231411756636
3,1519,1522,0.15393824331941663
3,1513,1516,0.1539438126903424
3,1521,1524,0.15394904397855533
3,1511,1514,0.1539539576266737
5,1506,1511,0.15395857284922004
5,1509,1514,0.15395636257198753
4,1520,1524,0.1539545004603477
4,1516,1520,0.1539551158348618
4,1516,1520,0.15395586858880125
4,1521,1525,0.1539567333473477
5,1499,1504,0.1539576879335889
5,1515,1520,0.15395546080161548
5,1511,1516,0.1539535900059238
5,1511,1516,0.1539520324014775
5,1510,1515,0.15395074955274765
5,1523,1528,0.1539497072448707
5,1521,1526,0.15394887504417565
5,1526,1531,0.15394822590317284
5,1526,1531,0.15394773580558024
5,1520,1525,0.15394738344739878
5,1525,1530,0.15394714995044217
5,1528,1533,0.15394701860508003
5,1522,1527,0.1539469746392744
5,1514,1519,0.15394700501127764
5,1503,1508,0.1539470982236197
5,1503,1508,0.1539472441562479
5,1502,1507,0.15394743391689403
5,1506,1511,0.15394765970693397
5,1504,1509,0.1539479147011778
5,1510,1515,0.15394819294018267
5,1516,1521,0.1539484892338215
5,1516,1521,0.15394879907496645
5,1518,1523,0.1539491185622589
6,1534,1540,0.15394944433104205
6,1527,1533,0.15394651515756708
6,1515,1521,0.1539438910015222
7,1511,1518,0.15394154105886065
7,1497,1504,0.15393616907547433
7,1506,1513,0.1539313242484844
9,1522,1531,0.1539269551788746
9,1527,1536,0.15391647347351042
8,1523,1531,0.15390699101736
7,1516,1523,0.15390056626826457
6,1507,1513,0.1538975885236825
6,1516,1522,0.1538971872402734
6,1507,1513,0.15389699814105562
6,1501,1507,0.15389699009868882
6,1499,1505,0.1538971356460808
6,1486,1492,0.1538974105824899
6,1480,1486,0.15389779362018138
6,1500,1506,0.15389826606756316
6,1508,1514,0.1538988115451305
6,1493,1499,0.1538994157309119
7,1488,1495,0.15390006613243845
6,1495,1501,0.15389748435896203
6,1511,1517,0.15389764018274552
6,1506,1512,0.15389792186790252
7,1503,1510,0.1538983086500573
7,1519,1526,0.15389441888248323
7,1524,1531,0.15389107876390928
7,1528,1535,0.15388868305980094
7,1515,1522,0.15388664356395995
7,1488,1495,0.15388491818173428
7,1497,1504,0.15388346935894476
8,1502,1510,0.153882263613947
8,1506,1514,0.1538780050625213
8,1503,1511,0.15387423868472383
9,1517,1526,0.15387091196826705
9,1514,1523,0.15386471065426804
9,1515,1524,0.15385916452888054
9,1513,1522,0.15385420680608453
8,1519,1527,0.1538497773701293
8,1510,1518,0.1538487193633255
9,1502,1511,0.1538478403143641
9,1508,1517,0.1538441742667736
9,1505,1514,0.15384089951159724
10,1510,1520,0.15383797593493115
10,1503,1513,0.15383210663312918
10,1505,1515,0.15382682502114908
9,1504,1513,0.15382207310324303
10,1510,1520,0.15382019697823796
9,1505,1514,0.1538153093115949
9,1514,1523,0.15381377717208047
9,1510,1519,0.15381249131995076
8,1498,1506,0.15381142186119007
7,1509,1516,0.15381277558168174
6,1514,1520,0.1538163191074008
6,1501,1507,0.15382250885906212
7,1505,1512,0.15382835136996822
7,1505,1512,0.1538306269199976
7,1514,1521,0.15383289193696284
6,1529,1535,0.1538351346180677
6,1532,1538,0.1538395390421253
5,1520,1525,0.15384376687594428
5,1523,1528,0.15384998529535251
4,1519,1523,0.1538558998632304
4,1508,1512,0.15386367974027237
3,1526,1529,0.15387104761324724
3,1524,1527,0.15388017853967295
3,1521,1524,0.15388880430572124
3,1511,1514,0.15389695068043358
3,1503,1506,0.1539046423525121
3,1501,1504,0.15391190294831858
3,1493,1496,0.15391875505344338
3,1493,1496,0.15392522023717187
3,1492,1495,0.15393131907926103
3,1485,1488,0.15393707119851452
3,1498,1501,0.15394249528271245
3,1505,1508,0.1539476091195111
3,1499,1502,0.1539524296279809
3,1494,1497,0.1539569728904984
3,1513,1516,0.1539612541847478
3,1519,1522,0.15396528801562587
3,1521,1524,0.15396908814687507
3,1514,1517,0.15397266763229808
3,1519,1522,0.15397603884643218
3,1521,1524,0.1539792135145837
3,1521,1524,0.15398220274214133
3,1513,1516,0.15398501704310377
3,1515,1518,0.15398766636777286
1,1502,1503,0.1539901601295738
1,1503,1504,0.153996893042737
1,1505,1506,0.1540032180521844
1,1525,1526,0.15400915986444189
1,1526,1527,0.1540147416901293
1,1516,1517,0.15401998533447891
1,1520,1521,0.15402491128238224
1,1522,1523,0.15402953877829453
1,1514,1515,0.15403388590130818
2,1501,1503,0.15403796963568617
2,1516,1518,0.15403853851023974
2,1528,1530,0.1540391799552582
2,1522,1524,0.15403987919546835
2,1520,1522,0.15404062335696295
2,1515,1517,0.15404140125446283
2,1528,1530,0.15404220320092316
2,1512,1514,0.15404302083721394
2,1517,1519,0.15404384697983045
2,1518,1520,0.15404467548479414
2,1518,1520,0.15404550112608795
3,1511,1514,0.15404631948713543
3,1519,1522,0.15404384933304344
3,1515,1518,0.1540416714899636
3,1512,1515,0.1540397544394235
3,1518,1521,0.1540380699093346
3,1515,1518,0.1540365925478776
3,1528,1531,0.15403529962967816
3,1520,1523,0.15403417079110254
3,1511,1514,0.15403318779181402
4,1518,1522,0.15403233430000765
4,1535,1539,0.15402834443938065
4,1509,1513,0.15402475935747006
4,1512,1516,0.15402153879770103
4,1501,1505,0.1540186464610244
4,1521,1525,0.15401604961954057
4,1535,1539,0.15401371876768896
4,1524,1528,0.15401162730735923
4,1526,1530,0.15400975126363423
4,1520,1524,0.15400806902819345
5,1517,1522,0.15400656112769262
5,1519,1524,0.15400193478679305
5,1531,1536,0.1539977557053467
5,1518,1523,0.15399398079452856
5,1515,1520,0.15399057110795245
5,1503,1508,0.15398749144393378
5,1501,1506,0.15398470998591177
5,1496,1501,0.1539821979773716
5,1502,1507,0.15397992942795896
4,1501,1505,0.15397788084779407
4,1498,1502,0.1539782101401943
4,1505,1509,0.15397858472911227
4,1507,1511,0.15397899551359387
4,1514,1518,0.1539794345602142
4,1503,1507,0.15397989497281464
4,1509,1513,0.1539803707758718
6,1521,1527,0.15398085681011822
6,1519,1525,0.1539754996819429
8,1508,1516,0.1539706477452663
8,1485,1493,0.15395972479298003
8,1501,1509,0.15394982636657914
8,1506,1514,0.15394085565115412
7,1520,1527,0.15393272502606828
7,1525,1532,0.15392755731336685
8,1515,1523,0.15392294073627005
8,1515,1523,0.15391553797936497
8,1511,1519,0.1539078018150333
8,1513,1521,0.1539009123308717
7,1518,1525,0.15389478161681003
7,1515,1522,0.1538916072188664
8,1522,1530,0.15388889128045324
7,1515,1522,0.15388418245910193
7,1514,1521,0.15388245048347465
7,1509,1516,0.15388101236296742
7,1525,1532,0.15387983186356247
7,1522,1529,0.15387887673863626
7,1517,1524,0.15387811831348336
7,1515,1522,0.15387753111186353
7,1520,1527,0.15387709252039466
7,1513,1520,0.1538767824870248
7,1509,1516,0.1538765832501877
6,1508,1514,0.15387647909557994
6,1513,1519,0.1538786184548395
6,1503,1509,0.15388069389699932
6,1503,1509,0.15388270278462404
6,1513,1519,0.15388464327983287
7,1513,1520,0.15388651423330682
7,1526,1533,0.15388503971136194
6,1523,1529,0.1538838011874182
6,1507,1513,0.15388496131566118
6,1513,1519,0.15388616689346934
6,1528,1534,0.15388740377412036
6,1516,1522,0.1538886597834998
7,1518,1525,0.15388992449173794
6,1506,1512,0.15388794514957596
6,1491,1497,0.15388844726706574
6,1495,1501,0.15388907522192696
5,1501,1506,0.15388980617424297
5,1505,1510,0.15389349654213585
6,1502,1508,0.15389700763302577
6,1516,1522,0.15389742305779092
6,1508,1514,0.15389792424442683
6,1506,1512,0.1538984952023459
6,1516,1522,0.15389912195671218
6,1514,1520,0.15389979232498835
6,1503,1509,0.1539004957168134
6,1508,1514,0.15390122295485356
5,1512,1517,0.15390196611450002
5,1518,1523,0.15390489610234978
5,1500,1505,0.1539076959135097
6,1508,1514,0.15391036873622363
6,1502,1508,0.15390964132021073
6,1513,1519,0.15390910036002473
4,1510,1514,0.15390872067675399
4,1517,1521,0.15391289968340188
4,1519,1523,0.15391692285786499
4,1502,1506,0.15392079008531415
4,1514,1518,0.15392450219262738
4,1513,1517,0.15392806080010002
4,1505,1509,0.15393146819103168
4,1505,1509,0.1539347271972415
4,1505,1509,0.15393784109876388
4,1517,1521,0.1539408135361611
4,1510,1514,0.15394364843405062
3,1504,1507,0.15394634993459305
3,1505,1508,0.15395135603984453
3,1510,1513,0.1539560645711564
3,1511,1514,0.15396049297744135
4,1506,1510,0.1539646577081237
4,1495,1499,0.15396532229052323
4,1513,1517,0.15396605719204648
4,1516,1520,0.15396684751508619
4,1513,1517,0.15396768028702987
3,1519,1522,0.15396854424541506
3,1512,1515,0.15397159550085537
4,1512,1516,0.15397452843276435
3,1520,1523,0.15397409173811993
3,1509,1512,0.15397648022965923
3,1508,1511,0.1539788218976817
3,1513,1516,0.15398111006832468
3,1514,1517,0.15398333939379014
3,1514,1517,0.15398550568282196
2,1506,1508,0.15398760575007378
2,1507,1509,0.1539918040634557
2,1518,1520,0.15399580016681352
2,1513,1515,0.15399960118143965
2,1499,1501,0.15400321429915295
2,1518,1520,0.15400664672906791
2,1529,1531,0.15400990565235373
2,1510,1512,0.15401299818403572
2,1521,1523,0.15401593134099467
3,1501,1504,0.154018712015411
3,1504,1507,0.15401868755725437
3,1500,1503,0.1540187337364646
3,1515,1518,0.15401883957900295
3,1521,1524,0.1540189954229341
3,1517,1520,0.1540191927764052
3,1522,1525,0.15401942419026682
3,1516,1519,0.15401968314386558
3,1521,1524,0.15401996394268422
3,1527,1530,0.15402026162663546
3,1527,1530,0.1540205718879345
3,1506,1509,0.15402089099758146
3,1511,1514,0.15402121573958136
3,1504,1507,0.1540215433521159
3,1511,1514,0.15402187147495933
3,1520,1523,0.15402219810250148
3,1518,1521,0.1540225215418046
3,1515,1518,0.15402284037517738
3,1520,1523,0.15402315342680245
3,1528,1531,0.15402345973299833
1,1522,1523,0.15402375851574093
1,1514,1515,0.15402843521855275
1,1519,1520,0.1540327267864523
1,1506,1507,0.15403677119189743
1,1517,1518,0.15404058209561422
1,1516,1517,0.15404417246260452
1,1515,1516,0.1540475545911977
1,1504,1505,0.15405074014163422
1,1508,1509,0.15405374016408183
1,1527,1528,0.1540565651260052
1,1520,1521,0.15405922493882473
1,1500,1501,0.1540617289838138
1,1520,1521,0.15406408613719777
1,1519,1520,0.1540663047944269
1,1535,1536,0.15406839289360416
1,1521,1522,0.1540703579380591
1,1517,1518,0.15407220701806215
1,1518,1519,0.15407394683168282
1,1517,1518,0.1540755837047975
1,1507,1508,0.15407712361025802
1,1512,1513,0.15407857218623489
1,1518,1519,0.1540799347537522
1,1530,1531,0.15408121633343308
1,1520,1521,0.15408242166147673
1,1523,1524,0.15408355520488914
1,1513,1514,0.1540846211759909
1,1517,1518,0.1540856235462261
0,1514,1514,0.15408656605929671
