1366,33,1399,0.1357959197758287
1393,31,1424,0.1329557154239508
1420,33,1453,0.1303001003037194
1435,35,1470,0.12781114650375322
1460,34,1494,0.1255079487984067
1455,31,1486,0.1233449913793762
1469,32,1501,0.1213888451681469
1462,29,1491,0.1195721250782386
1466,29,1495,0.11793925826963701
1456,28,1484,0.11644438497768256
1469,28,1497,0.1151109318687093
1468,28,1496,0.11386652080492993
1467,29,1496,0.11273494404455231
1469,26,1495,0.11170738060754293
1474,27,1501,0.1107713705461582
1472,28,1500,0.10990705185483851
1466,29,1495,0.10912542914562934
1467,27,1494,0.10842930972436786
1460,26,1486,0.10779445222509426
1457,28,1485,0.1072336898854235
1458,31,1489,0.10673189372329257
1456,31,1487,0.10627453192532159
1449,30,1479,0.10586323910416827
1456,29,1485,0.10550637171899784
1465,28,1493,0.105167340238992
1468,26,1494,0.10483853881985063
1472,26,1498,0.10453127452994763
1448,28,1476,0.10424225275187225
1443,28,1471,0.10403379114440157
1439,28,1467,0.10385667072582833
1436,30,1466,0.10370306825722186
1438,31,1469,0.10357196979605017
1440,31,1471,0.10345225287044797
1449,31,1480,0.1033376321379243
1439,32,1471,0.1032132704191249
1458,30,1488,0.10312317842584587
1463,31,1494,0.10299835751393886
1454,32,1486,0.10287340948518466
1452,33,1485,0.10278130054492288
1459,33,1492,0.10270260390752771
1461,33,1494,0.10261292824301846
1450,32,1482,0.10252616043931845
1442,31,1473,0.10246954637256091
1441,32,1473,0.10243600654677959
1447,31,1478,0.10241058669990297
1442,35,1477,0.10237274128157896
1445,33,1478,0.10235155976118186
1468,32,1500,0.10232591663998765
1469,36,1505,0.10224966368952661
1473,37,1510,0.10217796337926507
1466,39,1505,0.10210329038927103
1466,35,1501,0.10205037967153373
1459,35,1494,0.10200293520609717
1456,36,1492,0.10197413339301069
1446,37,1483,0.10195726302207372
1438,37,1475,0.10196708948519533
1435,36,1471,0.10199373258944769
1445,34,1479,0.10202613517978715
1448,33,1481,0.10203130823672321
1453,33,1486,0.10202803377527164
1455,33,1488,0.10201422398521386
1456,32,1488,0.1019991319786752
1451,34,1485,0.10197931185496337
1446,34,1480,0.1019734238895941
1459,34,1493,0.10197862855068919
1462,35,1497,0.10195682857503044
1472,36,1508,0.10192971212049262
1468,37,1505,0.10188240779942984
1456,40,1496,0.10184922018989631
1460,38,1498,0.10184520068411318
1465,36,1501,0.10183525356622133
1465,34,1499,0.1018138922858339
1464,36,1500,0.10179370151468546
1454,35,1489,0.10177975607846003
1453,35,1488,0.10178985019886397
1459,37,1496,0.10180008134315706
1461,35,1496,0.10179716582072647
1437,36,1473,0.10179153169999129
1442,37,1479,0.10184113248185346
1449,38,1487,0.10187257165812451
1453,39,1492,0.1018863096126848
1460,39,1499,0.10188756164504822
1444,37,1481,0.10187400401597874
1451,37,1488,0.10189682649069504
1451,37,1488,0.10190199970696755
1457,40,1497,0.10190825096868221
1455,40,1495,0.10189744580354121
1466,41,1507,0.10189200495959874
1467,41,1508,0.10186406033455561
1460,41,1501,0.1018359577921117
1449,40,1489,0.1018274884862797
1456,41,1497,0.10184509252356466
1451,40,1491,0.10184690782220436
1459,40,1499,0.10186031333698464
1450,41,1491,0.1018548294617801
1464,42,1506,0.10187041370005118
1454,39,1493,0.10185340131594552
1452,41,1493,0.10186118511092371
1451,40,1491,0.10187012752917227
1457,41,1498,0.10188211466262334
1457,44,1501,0.10187976934625985
1456,44,1500,0.10188051684873856
1440,45,1485,0.10188400697932161
1434,45,1479,0.10192021343675556
1425,45,1470,0.10196767585205904
1431,47,1478,0.10203288212540602
1437,48,1485,0.10207931236562466
1454,49,1503,0.1021098960165753
1452,49,1501,0.10209832694371396
1445,48,1493,0.10209028675692078
1452,51,1503,0.10209782423642592
1452,50,1502,0.10209050180455322
1444,51,1495,0.10208441482961227
1445,51,1496,0.10209625725462328
1436,52,1488,0.10210535735324155
1444,55,1499,0.10213664312967435
1434,58,1492,0.10214640221315474
1424,60,1484,0.10218045590034971
1436,58,1494,0.10223510246357445
1441,56,1497,0.10225975534842874
1448,57,1505,0.10227107969051553
1443,58,1501,0.10226378954107496
1433,56,1489,0.10226707519562456
1443,58,1501,0.10229387823150819
1443,60,1503,0.10229467155730067
1438,57,1495,0.1022942188600507
1445,57,1502,0.10230509937843642
1447,54,1501,0.1023021187128878
1445,53,1498,0.10229407096840026
1437,53,1490,0.10229196544093266
1449,51,1500,0.10230724034340241
1456,50,1506,0.10229425817991594
1450,50,1500,0.10226650917819108
1451,52,1503,0.10225438663536777
1456,53,1509,0.1022393948192921
1466,54,1520,0.1022130704806957
1457,50,1507,0.10216728112162712
1454,49,1503,0.10214485171525603
1454,50,1504,0.10213475527201624
1450,48,1498,0.1021248563296073
1445,50,1495,0.10212679488995292
1433,52,1485,0.10213815500478889
1428,51,1479,0.10217591013345739
1441,56,1497,0.1022226928154534
1441,55,1496,0.10223585169193651
1434,57,1491,0.10224859082299843
1450,56,1506,0.10227424924029399
1441,57,1498,0.10226400466899147
1441,55,1496,0.10227081254826398
1446,56,1502,0.10227815150136813
1450,54,1504,0.10227383458219393
1448,53,1501,0.10226068516611864
1465,54,1519,0.10225247918319048
1460,51,1511,0.10220566695623506
1450,46,1496,0.10217740707299516
1448,47,1495,0.10217196749043943
1447,49,1496,0.10217204430402939
1448,49,1497,0.10217499185550662
1454,49,1503,0.10217342386544079
1449,47,1496,0.10215699385941901
1445,46,1491,0.10215192514606325
1450,45,1495,0.10215782933312066
1446,42,1488,0.10214961687342063
1459,44,1503,0.10215198585630215
1447,46,1493,0.1021252465666759
1441,47,1488,0.10212816804265301
1440,49,1489,0.10214373022199631
1433,48,1481,0.10216306327112906
1444,50,1494,0.10219560210424466
1448,47,1495,0.10220148533451806
1435,45,1480,0.1021953673548035
1432,43,1475,0.10222090815167288
1439,45,1484,0.10224910986732344
1437,45,1482,0.10226057033237058
1433,43,1476,0.10227430231142985
1432,40,1472,0.10229797018629799
1429,40,1469,0.10232298505659028
1424,41,1465,0.10235276499812641
1421,38,1459,0.10238940983262414
1422,42,1464,0.10242697494781573
1420,47,1467,0.10245594588290081
1432,46,1478,0.10248818233941641
1436,46,1482,0.10249003467658746
1449,46,1495,0.10248240674822956
1450,46,1496,0.10244580354741988
1444,45,1489,0.1024121131719506
1431,43,1474,0.1023960034079197
1434,43,1477,0.10241090325543277
1443,42,1485,0.10241942152033624
1438,42,1480,0.10240621927400398
1434,45,1479,0.10240309488547247
1442,46,1488,0.1024102009850684
1456,49,1505,0.10239723151616911
1450,48,1498,0.10235412266762593
1442,51,1493,0.10232838711600337
1446,54,1500,0.10232661427591999
1444,54,1498,0.10231485009489921
1448,55,1503,0.10230936194402204
1441,54,1495,0.1022961509321443
1435,53,1488,0.10230168818018831
1421,52,1473,0.10232118732350187
1429,55,1484,0.10237046614560644
1446,53,1499,0.10239928172980557
1440,53,1493,0.10238801220331893
1442,53,1495,0.10239084518291953
1446,53,1499,0.10238944572022798
1437,53,1490,0.10237829052779006
1431,53,1484,0.10238833590777449
1418,49,1467,0.10241096098616768
1428,48,1476,0.10245940087210499
1431,46,1477,0.10247990110070124
1442,47,1489,0.10249221999967524
1451,44,1495,0.10247902059012354
1454,49,1503,0.10244633787391763
1447,50,1497,0.1024089500273633
1455,49,1504,0.10239080390224997
1445,48,1493,0.10235465653216157
1434,48,1482,0.10234475452789767
1427,48,1475,0.10236153611010927
1423,48,1471,0.1023947335640608
1424,51,1475,0.1024321302865555
1441,52,1493,0.1024651660219277
1447,51,1498,0.10245896317728845
1433,49,1482,0.1024391534661179
1418,47,1465,0.10245309777940383
1440,49,1489,0.10249851507123565
1451,50,1501,0.10248736488065663
1461,50,1511,0.10245411774643003
1458,53,1511,0.10239991718702349
1458,54,1512,0.10235688999696567
1463,54,1517,0.1023181831917512
1465,53,1518,0.1022723961093057
1467,55,1522,0.102226115774213
1460,54,1514,0.10218025969144687
1461,51,1512,0.10215361997305088
1462,54,1516,0.10212796153698321
1450,55,1505,0.10210363461425405
1469,54,1523,0.10210858412590355
1467,53,1520,0.10206961840642162
1459,56,1515,0.10203790888160323
1450,53,1503,0.10202653483235935
1454,54,1508,0.1020368119258076
1447,55,1502,0.1020388074007163
1425,55,1480,0.10205834991628622
1421,56,1477,0.1021238170616754
1423,57,1480,0.1021925291087219
1430,55,1485,0.10225185718117412
1437,56,1493,0.10229143699389659
1449,55,1504,0.10231293192434243
1428,59,1487,0.10230405946088769
1425,60,1485,0.10234467062569472
1443,63,1506,0.10238897539423036
1440,63,1503,0.10238829882167444
1435,61,1496,0.10239291303235441
1436,61,1497,0.10240759610011065
1445,59,1504,0.10241948821086973
1438,59,1497,0.10240955376316813
1432,57,1489,0.10241718690951314
1449,57,1506,0.1024395417062671
1450,58,1508,0.1024202806696353
1447,58,1505,0.10240098736746907
1453,56,1509,0.10239031773538375
1435,56,1491,0.10236871010656934
1440,52,1492,0.10238764063088819
1435,53,1488,0.10239206030277119
1428,53,1481,0.10240561909948266
1434,53,1487,0.10243313460104134
1433,52,1485,0.10244467538123068
1448,55,1503,0.10245787937612436
1450,54,1504,0.10243525828549509
1446,53,1499,0.10240900110177115
1436,53,1489,0.10239383880446659
1435,53,1488,0.1024030308006667
1434,55,1489,0.10241587998246994
1430,56,1486,0.10242886297303322
1431,53,1484,0.10244998435391459
1440,53,1493,0.10246669888700413
1447,56,1503,0.10246157290777592
1445,55,1500,0.10243944960769655
1445,56,1501,0.10242635135656881
1436,55,1491,0.10241633276471056
1441,56,1497,0.10242790836475574
1445,55,1500,0.10242574292409938
1452,55,1507,0.10241495443636545
1461,57,1518,0.102387708690745
1461,57,1518,0.10234158407683042
1455,54,1509,0.10230036098819166
1457,56,1513,0.1022770669599253
1447,54,1501,0.10225043906801051
1432,56,1488,0.1022503643244201
1436,55,1491,0.10228432066533708
1429,56,1485,0.10230596840595166
1428,56,1484,0.10234203835096099
1426,56,1482,0.10237733458092207
1431,56,1487,0.10241408306265815
1452,53,1505,0.10243813343587953
1453,51,1504,0.10241341372740978
1450,51,1501,0.10238599729948071
1451,52,1503,0.10236621508380148
1439,53,1492,0.10234536954653319
1436,56,1492,0.10235429681906137
1432,58,1490,0.10236674699184721
1430,61,1491,0.10238755362485605
1422,58,1480,0.10241157773623304
1420,58,1478,0.10245175368728555
1427,57,1484,0.10249462905044343
1427,57,1484,0.1025188554036959
1430,56,1486,0.1025382021456986
1441,58,1499,0.1025508874779971
1433,58,1491,0.10253853986380942
1438,63,1501,0.10254302531609881
1436,61,1497,0.10253703623754866
1425,63,1488,0.10253816381175979
1430,61,1491,0.10256555611675473
1432,59,1491,0.10257687047988902
1440,56,1496,0.10258455399143739
1436,57,1493,0.1025717479635642
1438,58,1496,0.1025697793429689
1433,59,1492,0.10256438406404922
1428,60,1488,0.10256860505176955
1431,63,1494,0.10258579400410012
1414,58,1472,0.10259738824781539
1420,59,1479,0.10264579696344456
1442,59,1501,0.10267632030589294
1443,59,1502,0.10265341244475717
1434,59,1493,0.10262732173232614
1425,60,1485,0.10262394637854247
1440,61,1501,0.10264216093199147
1436,59,1495,0.10262625876946566
1448,59,1507,0.10262261825967997
1438,56,1494,0.10259258238956218
1434,58,1492,0.10258826314824752
1436,57,1493,0.10259205122708707
1442,52,1494,0.10259219881749328
1437,54,1491,0.10257742876356339
1440,56,1496,0.10257148974558032
1426,54,1480,0.10256053406782872
1430,56,1486,0.10258366181144106
1438,56,1494,0.10259782741260402
1433,55,1488,0.10259331805834808
1439,57,1496,0.10260138347059465
1443,56,1499,0.10259306212558215
1444,56,1500,0.10257429598314766
1441,57,1498,0.10255569326512898
1442,58,1500,0.1025427308819021
1442,60,1502,0.10252968203156537
1456,59,1515,0.10251987855641957
1449,58,1507,0.10247978484461073
1442,57,1499,0.10245966978446729
1433,60,1493,0.10245656265521073
1449,59,1508,0.10247267043544564
1457,58,1515,0.10245172332641345
1452,57,1509,0.10241570373696712
1449,59,1508,0.10239299021880814
1451,58,1509,0.10237834069058885
1442,56,1498,0.10236197344069164
1434,55,1489,0.10236909250342227
1440,60,1500,0.10239243186962302
1433,62,1495,0.10239964271039771
1430,65,1495,0.10242328056241941
1432,65,1497,0.10245355033543756
1431,66,1497,0.10247704481709068
1433,65,1498,0.10250103737578009
1434,65,1499,0.10251960440583385
1426,67,1493,0.10253274123012822
1427,68,1495,0.10256307926135466
1422,68,1490,0.10258781883884976
1428,67,1495,0.10262266979593364
1422,67,1489,0.10264101661925569
1420,66,1486,0.10267389788637611
1430,65,1495,0.10270757808052018
1440,64,1504,0.10271529342113234
1431,65,1496,0.1026989825914259
1431,67,1498,0.10270394182864942
1436,68,1504,0.10270941727286693
1434,67,1501,0.10270470523634487
1430,67,1497,0.10270545370366971
1429,63,1492,0.10271447751868484
1446,64,1510,0.10272440557486405
1429,64,1493,0.10269218729137673
1418,63,1481,0.10270177215738943
1416,63,1479,0.10273693371049752
1414,66,1480,0.10277425506680064
1407,65,1472,0.10281215766590591
1427,66,1493,0.10286112435511796
1426,65,1491,0.10286332569234859
1415,62,1477,0.1028660376640615
1418,65,1483,0.10289440004979006
1434,64,1498,0.10291399321863509
1444,64,1508,0.10289469171599096
1431,64,1495,0.10285486804191578
1432,62,1494,0.10284635197729433
1424,64,1488,0.10283742701599173
1427,64,1491,0.10284709282091598
1420,63,1483,0.10284914921900772
1435,62,1497,0.10286560771148316
1429,61,1490,0.10284613482002608
1436,63,1499,0.10284107473487217
1433,66,1499,0.10282134630073372
1429,66,1495,0.10280870107258515
1415,65,1480,0.1028069147136932
1414,67,1481,0.10283731050336854
1418,65,1483,0.10287088218721391
1417,62,1479,0.10289145242520252
1422,61,1483,0.10291488183859958
1412,62,1474,0.10292614117404643
1427,63,1490,0.10295831711968624
1419,63,1482,0.10295163525677975
1414,65,1479,0.10296224430077651
1417,66,1483,0.10298229371453797
1431,65,1496,0.10299393147770317
1430,65,1495,0.10297207610148043
1431,67,1498,0.102954213635424
1438,67,1505,0.10293575850597265
1431,69,1500,0.10290151196432895
1428,66,1494,0.1028857938651608
1426,65,1491,0.10287837530307777
1424,63,1487,0.10287725200177103
1420,65,1485,0.10288091439992114
1423,66,1489,0.10289396293815514
1426,66,1492,0.10289958570795146
1421,66,1487,0.10290019635073787
1420,65,1485,0.10291282843655662
1427,64,1491,0.10292676977718816
1433,66,1499,0.10292328647813714
1429,67,1496,0.10290619980344774
1423,66,1489,0.10289722912525502
1425,66,1491,0.10290332110025456
1426,64,1490,0.1029056316060318
1404,64,1468,0.10290585659242303
1409,64,1473,0.10295431141070267
1408,61,1469,0.10298728196203541
1431,63,1494,0.1030179072074385
1423,62,1485,0.10299508469460911
1419,65,1484,0.10299157840911857
1420,66,1486,0.10299777361367866
1427,69,1496,0.10300194106463818
1437,69,1506,0.10298969844365143
1410,67,1477,0.10295804278855844
1416,65,1481,0.10298858328222409
1429,65,1494,0.10300312047434373
1423,66,1489,0.10298643389954712
1414,63,1477,0.10298385669428077
1428,61,1489,0.10300229740734132
1428,61,1489,0.10298918722040373
1422,62,1484,0.10297655365654791
1420,61,1481,0.10297629420995477
1417,63,1480,0.10298262953599165
1431,64,1495,0.10299601154353233
1426,63,1489,0.10297840359931032
1439,65,1504,0.10297250022939068
1439,65,1504,0.1029370482561712
1432,67,1499,0.10290287938861303
1433,68,1501,0.10288863939647175
1425,66,1491,0.10287226636868979
1418,67,1485,0.10287325080691888
1421,69,1490,0.1028917791052088
1420,68,1488,0.10290225484717372
1429,67,1496,0.10291606558663605
1429,68,1497,0.10290859357978416
1435,71,1506,0.10290002042455099
1439,70,1509,0.10287847981702267
1433,71,1504,0.10285058966410203
1443,71,1514,0.10283943605078655
1452,71,1523,0.10280844568629213
1463,71,1534,0.10275884869927263
1442,75,1517,0.10268697382257176
1432,73,1505,0.10266840454715868
1427,72,1499,0.10267592715546282
1424,75,1499,0.10269425052995114
1425,74,1499,0.10272056504402581
1429,70,1499,0.10274253659626684
1426,76,1502,0.10275331929059028
1421,73,1494,0.10276787769307884
1415,71,1486,0.10279274805728314
1416,72,1488,0.10283119833522993
1424,72,1496,0.10286447514598958
1418,74,1492,0.1028761054704289
1423,75,1498,0.10289763801487366
1432,76,1508,0.10290755529313263
1437,79,1516,0.1028952839526035
1419,81,1500,0.10287215031109191
1421,81,1502,0.10289390496939564
1417,81,1498,0.10290974825318128
1429,78,1507,0.10293407420127335
1425,80,1505,0.10293004986612168
1414,82,1496,0.10293700128643657
1410,85,1495,0.10296812230146879
1407,84,1491,0.10300588434784375
1396,83,1479,0.10304983054770216
1397,83,1480,0.10311518024525722
1400,81,1481,0.103171955170742
1404,78,1482,0.10321634865507917
1415,77,1492,0.10324938611306152
1420,74,1494,0.10325491583818351
1422,75,1497,0.10324749213907378
1428,74,1502,0.10323245376772544
1433,71,1504,0.1032062821745561
1424,73,1497,0.1031699838900735
1423,74,1497,0.10315874101445317
1431,72,1503,0.10314767389222614
1424,72,1496,0.10312089665555783
1429,75,1504,0.10310861607947633
1433,75,1508,0.10308841747075154
1430,74,1504,0.10306180492437428
1421,74,1495,0.10304386216494134
1427,74,1501,0.10304838619632553
1433,70,1503,0.10303878722601556
1424,70,1494,0.10301487722087053
1419,71,1490,0.10301311210495559
1424,72,1496,0.10302232602290765
1420,70,1490,0.1030206787092566
1421,68,1489,0.10302689692205416
1420,72,1492,0.10303035270292375
1421,72,1493,0.10303793404207597
1417,71,1488,0.10304026065351653
1405,74,1479,0.10305239017535044
1402,79,1481,0.1030922266795595
1410,80,1490,0.10313548904629848
1418,80,1498,0.10315603701925738
1429,84,1513,0.10315973173255996
1426,83,1509,0.10314027422445704
1430,84,1514,0.103128078934385
1430,85,1515,0.10310743775638902
1420,88,1508,0.10308859754325778
1410,88,1498,0.10309597003892451
1408,83,1491,0.1031261188429568
1422,81,1503,0.10315993711720886
1418,79,1497,0.10315964352856831
1406,79,1485,0.10316836606169019
1399,78,1477,0.1032031708606445
1392,83,1475,0.10325127011247635
1406,84,1490,0.10330932283055695
1403,82,1485,0.1033310326175334
1401,82,1483,0.10335815007150977
1403,85,1488,0.10338717079982512
1409,83,1492,0.10341012733559239
1410,82,1492,0.10341768577977054
1415,83,1498,0.10342164668496412
1410,85,1495,0.10341415852274558
1412,85,1497,0.10341889845419193
1398,87,1485,0.10341909837263114
1396,88,1484,0.10345247796893808
1400,90,1490,0.10348716045874999
1407,88,1495,0.10351002622697743
1409,84,1493,0.10351492455780921
1406,87,1493,0.10351585507326985
1403,91,1494,0.10352335041074477
1400,90,1490,0.10353956990274746
1397,92,1489,0.10356275255914013
1407,93,1500,0.10359019900154508
1407,91,1498,0.10359475092152767
1407,89,1496,0.10359894783524477
1399,91,1490,0.10360169934090006
1404,93,1497,0.10362040596975985
1408,92,1500,0.10362647672127862
1406,91,1497,0.10362424075964169
1400,92,1492,0.10362497846282295
1399,92,1491,0.10363829866550134
1403,97,1500,0.10365509767064893
1405,96,1501,0.10366150348370905
1403,96,1499,0.10366265510890255
1397,98,1495,0.10366700109413919
1381,92,1473,0.10368618742222992
1398,88,1486,0.10373879461889597
1415,88,1503,0.10374704982496169
1404,89,1493,0.10371526832282443
1405,94,1499,0.10371158162978342
1413,97,1510,0.10370673512771564
1413,95,1508,0.1036876576818344
1411,97,1508,0.10367073626107602
1398,99,1497,0.10365915963679898
1398,98,1496,0.10367809893150134
1389,95,1484,0.10369585982254816
1395,96,1491,0.10373278264564587
1405,92,1497,0.10375413140215048
1397,94,1491,0.10375217416439696
1396,93,1489,0.10376857094978156
1403,92,1495,0.10378307095416398
1402,93,1495,0.10377880703598631
1412,95,1507,0.10377821534680162
1413,94,1507,0.10375682347459535
1401,98,1499,0.10373607564004274
1398,96,1494,0.1037441837184458
1395,96,1491,0.1037585569162482
1396,94,1490,0.10377918012268277
1414,95,1509,0.1037964619906571
1411,94,1505,0.10377209852328832
1411,98,1509,0.10375561469495043
1400,101,1501,0.10374191132402082
1398,104,1502,0.10375411614895473
1406,105,1511,0.10377092714019163
1394,102,1496,0.10376920554935326
1395,102,1497,0.10379471728246635
1386,104,1490,0.10381585178838464
1385,101,1486,0.1038571623135746
1380,104,1484,0.10389723355942224
1377,105,1482,0.10394762470124426
1391,110,1501,0.10400112044835234
1384,111,1495,0.1040175615714621
1378,108,1486,0.10404654555536291
1385,105,1490,0.10408552021154999
1382,107,1489,0.10410437781205456
1386,107,1493,0.1041281845671713
1381,108,1489,0.1041418042469277
1387,108,1495,0.10416582219959619
1393,110,1503,0.10417219415107656
1381,109,1490,0.10416448862656173
1388,109,1497,0.10418701002004373
1389,108,1497,0.10419297890345948
1377,110,1487,0.10419589054737623
1376,110,1486,0.10422426458341516
1372,108,1480,0.10425370874005715
1369,110,1479,0.10428943010375065
1379,109,1488,0.10432692625843584
1388,108,1496,0.10433804562124636
1383,111,1494,0.10432899823738814
1366,110,1476,0.10433124751846234
1376,109,1485,0.10437292550110795
1389,109,1498,0.10439040383465638
1389,106,1495,0.10437537405810354
1403,107,1510,0.1043627727274654
1392,108,1500,0.10431873263219414
1378,112,1490,0.1043034081701877
1380,112,1492,0.1043194026116327
1378,112,1490,0.10433128894635539
1387,112,1499,0.10434708028736299
1384,116,1500,0.1043425732445602
1387,111,1498,0.1043447432490165
1386,111,1497,0.10433978945411754
1389,111,1500,0.10433908619519752
1398,111,1509,0.10433047721805395
1392,111,1503,0.10430082337403178
1397,114,1511,0.10428769106137753
1401,115,1516,0.10426398758629837
1387,115,1502,0.10423480562571796
1381,117,1498,0.10423876583605285
1383,119,1502,0.10425747967180665
1389,116,1505,0.1042717488423381
1385,116,1501,0.1042718180769964
1381,116,1497,0.10427905082284948
1370,118,1488,0.10429557217033626
1363,119,1482,0.10433578577489833
1365,118,1483,0.10438940634424199
1368,117,1485,0.10443608299246473
1375,117,1492,0.1044729942323309
1371,117,1488,0.10449012011653629
1367,118,1485,0.10451398587517957
1371,118,1489,0.10454589150461778
1377,117,1494,0.1045668799195456
1371,120,1491,0.10457018461312088
1373,125,1498,0.1045897868984537
1379,124,1503,0.10460281925609884
1362,124,1486,0.10459934741372738
1369,124,1493,0.10463487522897051
1367,120,1487,0.1046508664921363
1375,118,1493,0.10466980330980967
1379,119,1498,0.10467189056214474
1376,116,1492,0.10466239904241016
1389,118,1507,0.1046579243106807
1383,123,1506,0.10462347249639045
1377,122,1499,0.10460636431074337
1369,121,1490,0.10460290237859496
1368,123,1491,0.10461870367062037
1376,120,1496,0.10463785788605576
1373,120,1493,0.10463827095575934
1385,119,1504,0.10464289315546176
1373,118,1491,0.10462000151110398
1374,119,1493,0.10462397411703993
1366,117,1483,0.10462646120240196
1371,114,1485,0.10464804825038314
1382,118,1500,0.10465830342443198
1385,122,1507,0.10464205177525727
1386,120,1506,0.10462200300918566
1381,115,1496,0.10460213373638184
1406,118,1524,0.10459322039693085
1402,118,1520,0.10452742442964695
1392,119,1511,0.10447522211216864
1373,118,1491,0.10445051019353917
1377,116,1493,0.10447177270110931
1372,114,1486,0.10448414761584011
1367,115,1482,0.10450733892237536
1372,117,1489,0.10454005531885176
1378,119,1497,0.10455804010320752
1379,117,1496,0.10455957798009059
1389,117,1506,0.10455735828246178
1382,119,1501,0.1045339856034917
1381,123,1504,0.10453048704758039
1378,123,1501,0.10453075445494608
1370,125,1495,0.10453793633659818
1366,124,1490,0.10456075237856294
1353,122,1475,0.10458973359069869
1349,123,1472,0.10464797303239524
1357,122,1479,0.10470791394713828
1363,117,1480,0.10474621146438086
1362,117,1479,0.10476562196992881
1358,121,1479,0.1047856989180418
1359,122,1481,0.10481444174440256
1355,123,1478,0.10483698823633829
1362,123,1485,0.10486695265066136
1367,124,1491,0.10487971018922738
1366,126,1492,0.1048779439479295
1362,126,1488,0.10487888064104693
1378,127,1505,0.10489184555075404
1380,125,1505,0.10486646053166425
1376,128,1504,0.10484231942671295
1362,130,1492,0.10482711073406246
1360,130,1490,0.1048455903036431
1363,133,1496,0.1048688203451114
1352,139,1491,0.10488414272472818
1342,140,1482,0.10492387087973704
1357,137,1494,0.10498252266760452
1370,133,1503,0.10500140188438344
1371,134,1505,0.10498826278850831
1385,132,1517,0.10496971280395431
1385,130,1515,0.10492406140595997
1385,128,1513,0.10488281235985404
1376,128,1504,0.10484494482453913
1360,131,1491,0.1048321683997295
1361,133,1494,0.10485589354642483
1361,132,1493,0.10487396095112972
1365,133,1498,0.10489028515576605
1370,135,1505,0.10489929140941513
1377,133,1510,0.10489590146576613
1387,132,1519,0.10487828991052915
1367,134,1501,0.10483868531362962
1363,135,1498,0.10484644188744978
1367,131,1498,0.10486240507954542
1371,131,1502,0.10486984660614601
1376,136,1512,0.10486749744910986
1384,134,1518,0.10485212330833082
1377,135,1512,0.10482042138442982
1366,137,1503,0.10480896234911921
1373,134,1507,0.10482397890391244
1372,132,1504,0.10482440436048567
1364,134,1498,0.10482739585233404
1357,132,1489,0.10484926054714108
1359,131,1490,0.10488501973360113
1352,133,1485,0.10491207209387429
1355,133,1488,0.10495357811246463
1351,135,1486,0.10498710379988914
1361,136,1497,0.1050261336506572
1364,134,1498,0.10504061252733543
1355,132,1487,0.10504535534437792
1355,138,1493,0.10507005067883028
1360,138,1498,0.10509388400057663
1368,133,1501,0.10510387914146144
1369,135,1504,0.10509449289757267
1369,136,1505,0.10508480191111341
1370,139,1509,0.10507417172134655
1370,137,1507,0.10506387674631693
1375,134,1509,0.10505377134689237
1373,141,1514,0.10503239009619218
1371,135,1506,0.10501705346681152
1373,134,1507,0.10500745907907856
1374,135,1509,0.10499559558793443
1368,136,1504,0.10498222502093067
1362,139,1501,0.10498327619526573
1366,136,1502,0.10499991830014518
1369,137,1506,0.10500591769057753
1365,136,1501,0.10500525126292097
1363,134,1497,0.10501040694900311
1361,131,1492,0.10501957324899262
1362,136,1498,0.10503447084710865
1357,138,1495,0.10504712186325062
1366,142,1508,0.10506918596614717
1367,141,1508,0.10507006498283385
1341,142,1483,0.1050697878121119
1346,143,1489,0.10512654553254955
1359,143,1502,0.10516758257543705
1348,140,1488,0.10517641509535786
1349,145,1494,0.10520883911478553
1348,149,1497,0.10523727237312035
1356,151,1507,0.10526440853997907
1356,151,1507,0.10527111443616351
1340,150,1490,0.10527775192676835
1359,151,1510,0.1053216288521707
1355,151,1506,0.10531807465498645
1336,153,1489,0.1053264643666573
1344,151,1495,0.10537817814798198
1340,153,1493,0.10541194498226719
1339,154,1493,0.10544969189142492
1337,154,1491,0.10548572918992502
1339,153,1492,0.10552335209910274
1329,154,1483,0.10555496678123738
1326,152,1478,0.10560742113177675
1322,149,1471,0.10566149625691842
1319,148,1467,0.10572027209120986
1323,150,1473,0.10578299786048825
1327,155,1482,0.1058335567132406
1332,158,1490,0.10587014951396301
1327,158,1485,0.1058936200595278
1328,156,1484,0.1059291447993106
1339,156,1495,0.1059566816517031
1336,165,1501,0.10595833525028045
1332,168,1500,0.10596530217564712
1325,168,1493,0.1059818033405573
1329,166,1495,0.10601213244304475
1318,161,1479,0.10603054126249127
1326,158,1484,0.10607131507129357
1336,162,1498,0.10609264187071084
1339,165,1504,0.10608946067897375
1323,166,1489,0.10607843772564354
1321,170,1491,0.10610509424351947
1317,164,1481,0.10613179319348182
1320,170,1490,0.1061641134538217
1310,169,1479,0.106188374492941
1320,169,1489,0.1062339564603472
1313,174,1487,0.10625581262512285
1307,176,1483,0.10629188909481399
1306,173,1479,0.10634112641841698
1307,176,1483,0.1063901817679822
1305,175,1480,0.10643230072146949
1313,179,1492,0.1064704072447251
1313,179,1492,0.10648727352660906
1313,180,1493,0.10650430028038585
1305,183,1488,0.10652288071978948
1305,179,1484,0.10656067932164898
1311,191,1502,0.10659561281131102
1312,190,1502,0.10661633864118521
1304,192,1496,0.10663074426581563
1308,192,1500,0.1066642939419462
1302,195,1497,0.10668772045177537
1300,194,1494,0.10672305249464045
1301,195,1496,0.10675964125045598
1312,192,1504,0.10679377599338873
1312,191,1503,0.10680186021420451
1316,188,1504,0.10680720298195936
1312,191,1503,0.1068021534460178
1300,193,1493,0.10680866980580546
1312,189,1501,0.10684466918259769
1302,191,1493,0.10685279274305647
1306,194,1500,0.1068838334072517
1306,192,1498,0.10690178469728753
1296,193,1489,0.10691803636260222
1297,190,1487,0.1069571031503742
1292,188,1480,0.10698908390183622
1290,190,1480,0.10702766371666965
1291,192,1483,0.1070683150654164
1294,192,1486,0.10710258421026886
1294,195,1489,0.10712944202789818
1284,198,1482,0.10715221278384526
1287,200,1487,0.10719677015632798
1293,197,1490,0.10723272367901117
1295,199,1494,0.10725083648717754
1305,198,1503,0.10726400517217664
1296,199,1495,0.10725305549059222
1288,202,1490,0.1072625046373377
1282,204,1486,0.10729328917467722
1293,200,1493,0.10733628889161727
1290,204,1494,0.10734968061499821
1294,206,1500,0.10736939307503894
1286,209,1495,0.10737965061896401
1283,201,1484,0.10740619141266668
1278,196,1474,0.10744003628013937
1281,200,1481,0.10748223757105255
1279,203,1482,0.10751078912247809
1278,205,1483,0.10754310489901417
1288,202,1490,0.10757655022640816
1285,200,1485,0.10758176655995699
1280,208,1488,0.10759241320044075
1272,202,1474,0.10761652859568382
1278,206,1484,0.10765880742247504
1263,203,1466,0.10768387531725637
1269,203,1472,0.1077390840997658
1284,203,1487,0.1077759233346066
1284,205,1489,0.1077769904006173
1292,212,1504,0.10777780972326514
1299,211,1510,0.10775989071179977
1291,211,1502,0.10772853294418513
1284,213,1497,0.10771731694833411
1274,213,1487,0.10772278482126023
1285,211,1496,0.10775092298990263
1281,208,1489,0.1077547380748798
1276,206,1482,0.10776729003478984
1270,203,1473,0.10779174885651488
1278,198,1476,0.10782553089474463
1280,198,1478,0.1078391983553385
1273,206,1479,0.1078434540342635
1271,203,1474,0.10786390439976958
1289,203,1492,0.10788747280641241
1293,207,1500,0.10787014702748951
1293,210,1503,0.10784595365876236
1298,208,1506,0.10782452908490057
1298,208,1506,0.10779149365825175
1291,213,1504,0.10775939722727941
1291,214,1505,0.10774626869241917
1287,212,1499,0.10773590651388953
1291,212,1503,0.10773589584812948
1282,212,1494,0.10772924823236306
1279,214,1493,0.10774159621977158
1273,213,1486,0.10776019545340457
1260,216,1476,0.10779302804462355
1264,223,1487,0.10785329510387522
1265,222,1487,0.1078989224083217
1262,219,1481,0.10793923496892056
1266,226,1492,0.10798203071460315
1277,222,1499,0.1080155219721356
1284,227,1511,0.10801970227452844
1284,225,1509,0.10800448755748
1296,223,1519,0.10799151331299804
1281,219,1500,0.10795355183095452
1291,220,1511,0.10795081643003619
1279,223,1502,0.10792443441092385
1281,222,1503,0.10792892099210166
1268,219,1487,0.10793000191470807
1261,223,1484,0.10796304577886147
1248,222,1470,0.1080098788967247
1252,220,1472,0.10808495197880921
1260,227,1487,0.10814522970848812
1255,221,1476,0.10817945376303932
1256,223,1479,0.1082239548820392
1250,227,1477,0.10826259877422029
1259,228,1487,0.10831344843577563
1260,233,1493,0.10833869410756718
1271,234,1505,0.10835875259772461
1263,231,1494,0.10835097813931509
1255,233,1488,0.10836325446989754
1250,238,1488,0.10839408591998563
1258,240,1498,0.10843234509092586
1250,244,1494,0.10845283860729449
1247,241,1488,0.10849003139210268
1262,240,1502,0.10853303237448814
1267,239,1506,0.10854005725402523
1251,237,1488,0.10853279143575575
1254,233,1487,0.10856237210849688
1253,243,1496,0.10858344557549841
1258,246,1504,0.10860684441455472
1255,247,1502,0.10861969985810728
1250,246,1496,0.1086380435894527
1257,247,1504,0.10866607297422441
1263,245,1508,0.10867812256040021
1261,243,1504,0.10867444083280323
1265,248,1513,0.10867486766140555
1255,244,1499,0.10866754579902356
1246,240,1486,0.10868403176282049
1256,243,1499,0.10871891382803552
1253,250,1503,0.1087285323967238
1257,249,1506,0.1087449702015974
1258,246,1504,0.10875211398304038
1251,247,1498,0.10875800660291965
1241,253,1494,0.10877859652194964
1247,257,1504,0.10882063658434127
1236,252,1488,0.10884643598187634
1239,251,1490,0.10889694441982552
1244,250,1494,0.10893747316228268
1246,258,1504,0.10896288105309904
1246,258,1504,0.10898497172349736
1242,260,1502,0.10900379716308344
1240,267,1507,0.10903140621787669
1225,273,1498,0.10906279142940552
1219,273,1492,0.10912658033408879
1213,277,1490,0.10920051250469909
1212,272,1484,0.10928221430850442
1219,266,1485,0.1093595088979028
1235,265,1500,0.10941458539978612
1232,264,1496,0.10942601665932089
1240,271,1511,0.10944629790862564
1227,272,1499,0.10944390918122691
1229,273,1502,0.10946931588195252
1208,270,1478,0.10949135658024016
1204,274,1478,0.10955925776248797
1221,278,1499,0.1096333870374125
1232,274,1506,0.10966413051097822
1218,273,1491,0.1096665911105128
1233,275,1508,0.10970172854301768
1229,271,1500,0.10970232406049955
1233,271,1504,0.1097143843394312
1226,274,1500,0.10971801985967254
1229,279,1508,0.10973737554630617
1223,283,1506,0.10974695569917582
1222,276,1498,0.10976996143736571
1213,280,1493,0.10979487889432157
1209,280,1489,0.10983686418688038
1228,286,1514,0.1098850960199715
1213,287,1500,0.10988806419265426
1223,287,1510,0.10992392196054049
1217,291,1508,0.10993556716842275
1209,288,1497,0.10995840581015685
1210,287,1497,0.10999640523161858
1218,287,1505,0.11003117268059212
1221,288,1509,0.11004635362194522
1218,287,1505,0.11005428284248939
1218,287,1505,0.1100688331412778
1216,293,1509,0.11008289943725966
1204,288,1492,0.11009938597892414
1213,297,1510,0.11014445066727074
1207,302,1509,0.11016664848888429
1207,301,1508,0.1102008125237332
1217,295,1512,0.1102320636386576
1215,289,1504,0.11023807197837575
1205,291,1496,0.11024655990510485
1213,289,1502,0.11027929300006659
1210,291,1501,0.11029150859712289
1226,298,1524,0.11030650490869127
1207,301,1508,0.11028358368515447
1198,301,1499,0.110307652677022
1205,296,1501,0.11035093200954656
1201,299,1500,0.11037623491298419
1195,304,1499,0.11040794443308916
1201,302,1503,0.11045219581602167
1189,303,1492,0.11047843682765336
1174,305,1479,0.11053020201505091
1166,306,1472,0.11061408899556906
1170,312,1482,0.11070938669616578
1176,307,1483,0.1107868263756955
1176,307,1483,0.11084740450499449
1173,312,1485,0.11090241632701375
1191,309,1500,0.11096403000591729
1178,316,1494,0.11097997874389826
1170,317,1487,0.11102580870146347
1167,322,1489,0.11108743710170589
1171,314,1485,0.11115065662082375
1159,316,1475,0.11119975080220325
1164,320,1484,0.11127104769398287
1177,321,1498,0.11132799513385647
1172,320,1492,0.11134990615528437
1180,319,1499,0.11138240225781335
1168,324,1492,0.1113924339509131
1171,325,1496,0.11142917326319952
1168,324,1492,0.1114565695813068
1166,326,1492,0.11148821930065533
1171,330,1501,0.1115231885660431
1171,323,1494,0.11154253476746413
1162,330,1492,0.11156100587062077
1171,331,1502,0.11159834721359217
1165,330,1495,0.11161255085741723
1170,329,1499,0.11163855703755371
1179,329,1508,0.11165240757160913
1177,325,1502,0.11164528472293195
1179,328,1507,0.11164418881533972
1179,327,1506,0.11163817305526347
1180,330,1510,0.11163048789426512
1180,330,1510,0.11161783521309414
1161,321,1482,0.11160984214213018
1164,313,1477,0.1116475963468481
1161,321,1482,0.11167228589020174
1160,326,1486,0.11170657676670842
1156,333,1489,0.11173678400729631
1156,333,1489,0.11177617591586753
1150,339,1489,0.11181318764760122
1154,348,1502,0.11186225528786015
1135,351,1486,0.11190014989560063
1131,352,1483,0.1119808372860311
1142,354,1496,0.11206525214124965
1144,361,1505,0.11211824149305528
1133,364,1497,0.11216507800726074
1134,360,1494,0.11223436370670761
1127,364,1491,0.11229557402897665
1118,367,1485,0.11236873610128295
1122,363,1485,0.11245687796524612
1120,359,1479,0.11252654384072891
1119,365,1484,0.11259950121032296
1129,370,1499,0.11266751329449583
1120,376,1496,0.11270899870811135
1120,372,1492,0.11276746743756874
1121,376,1497,0.11282254628453078
1119,375,1494,0.11287224119296389
1117,376,1493,0.11292391425527243
1128,373,1501,0.11297712104583553
1131,367,1498,0.11300059940500072
1129,363,1492,0.11301255435999392
1116,369,1485,0.11302794243768584
1120,380,1500,0.11307200871208696
1115,378,1493,0.11310474366839393
1112,376,1488,0.11314606213192825
1128,381,1509,0.11319283723641743
1130,380,1510,0.11319990842925871
1131,374,1505,0.1132043233555055
1124,373,1497,0.11320865517810919
1137,378,1515,0.11322860562928212
1132,383,1515,0.1132160584245432
1129,386,1515,0.11321744386534618
1108,377,1485,0.11322539692896026
1109,388,1497,0.11328136714311844
1113,383,1496,0.11332943209729324
1111,385,1496,0.11336530979376842
1115,380,1495,0.11340727781015414
1113,380,1493,0.11343689621273195
1107,387,1494,0.11346760928156426
1112,384,1496,0.11350872726488558
1110,384,1494,0.11353545816596283
1108,389,1497,0.11356437141033435
1107,384,1491,0.11359874267737996
1108,385,1493,0.11363104164889357
1101,385,1486,0.11365900039288
1117,382,1499,0.11370285326584874
1116,380,1496,0.1137007960191038
1118,387,1505,0.11370201328984195
1116,389,1505,0.11369904988892583
1121,389,1510,0.11370133693211326
1113,389,1502,0.11369233250481017
1118,387,1505,0.11370500958146122
1119,383,1502,0.11370498891419314
1114,379,1493,0.11370433767017404
1113,381,1494,0.11371840631217257
1115,386,1501,0.11373213677381042
1122,387,1509,0.11373975707218172
1121,385,1506,0.11373205755820524
1121,385,1506,0.11372715016911013
1115,386,1501,0.1137239925989483
1117,385,1502,0.11373303398954925
1114,392,1506,0.1137401307500021
1124,394,1518,0.11375501443658177
1127,397,1524,0.11374660699916632
1119,390,1509,0.11373267517656487
1106,395,1501,0.11373823290369593
1092,398,1490,0.11377121843026923
1096,399,1495,0.11383471223174776
1096,399,1495,0.11388594743595964
1097,398,1495,0.11393335186812255
1096,389,1485,0.11397495585874934
1090,394,1484,0.11401391710710201
1086,396,1482,0.11406180744405874
1088,399,1487,0.1141164430081261
1088,398,1486,0.11416388660334235
1099,396,1495,0.1142046710522472
1103,396,1499,0.11421714200750649
1111,403,1514,0.11421950006087336
1100,405,1505,0.11420305493912115
1095,409,1504,0.1142133034646503
1107,404,1511,0.11423373051990905
1095,410,1505,0.11422765257457256
1095,415,1510,0.11424880259423659
1070,412,1482,0.11426982041705976
1065,412,1477,0.11434755428225322
1081,406,1487,0.11443312084398975
1081,411,1492,0.11447622786196994
1091,413,1504,0.11451473103081067
1079,418,1497,0.1145266042467916
1085,423,1508,0.11456691692868087
1072,431,1503,0.11459033212302697
1061,427,1488,0.114642171042908
1059,433,1492,0.11471697935749976
1066,432,1498,0.11479042994117615
1077,437,1514,0.11484583691203015
1089,431,1520,0.11487247102956497
1085,440,1525,0.11487225720272885
1075,440,1515,0.11487984565930436
1074,440,1514,0.1149093065204724
1068,437,1505,0.11493998343030246
1077,438,1515,0.11498358598367489
1075,445,1520,0.11500245787601622
1070,434,1504,0.11502470891488159
1065,427,1492,0.11505692442333959
1052,436,1488,0.11509869929415553
1056,440,1496,0.11516815808712018
1069,439,1508,0.11522462023873632
1072,447,1519,0.11524494086335924
1064,445,1509,0.11525690715611814
1047,447,1494,0.1152874389831722
1054,442,1496,0.11535647484211146
1050,448,1498,0.11540576026525351
1046,448,1494,0.11546070680419479
1049,446,1495,0.11552123460766463
1046,456,1502,0.11556910552633343
1049,450,1499,0.11561958999216629
1054,449,1503,0.11565995320820784
1052,444,1496,0.11568611796725758
1053,440,1493,0.11571633089930952
1042,442,1484,0.11573839069518288
1044,444,1488,0.11578412436538837
1035,437,1472,0.11582254815951383
1026,448,1474,0.11588008530704304
1041,452,1493,0.11595556635253029
1033,454,1487,0.11598761620334859
1032,462,1494,0.11603610002395286
1035,461,1496,0.11608354083953795
1031,455,1486,0.11612199915705897
1047,461,1508,0.11616365801899818
1035,464,1499,0.1161678504764439
1036,464,1500,0.1162014149523834
1033,463,1496,0.11623128760171088
1031,461,1492,0.11626804958379401
1045,468,1513,0.11630596785847302
1043,467,1510,0.11630942944297283
1045,464,1509,0.11631916744501274
1039,469,1508,0.11632580143149623
1032,475,1507,0.11634410796036494
1024,468,1492,0.11637689470823481
1038,468,1506,0.11642719590906886
1037,466,1503,0.116444431669962
1031,469,1500,0.11646156130733393
1037,465,1502,0.11649348490054486
1040,464,1504,0.11650934076935492
1044,470,1514,0.1165189507488262
1029,472,1501,0.11651950418720873
1037,470,1507,0.11655367468776649
1029,474,1503,0.11656772512520405
1035,483,1518,0.11660004484161242
1029,482,1511,0.1166174955654133
1026,486,1512,0.11664741029437238
1015,489,1504,0.11668352015041368
1019,484,1503,0.1167401024062526
1018,478,1496,0.11678216720340134
1017,470,1487,0.11682130297623836
1007,474,1481,0.11685864521167605
1001,488,1489,0.11691467590461353
1011,491,1502,0.11697993101112317
1013,496,1509,0.11702037273360819
1024,490,1514,0.11705528538357747
1028,492,1520,0.11706232583194223
1024,490,1514,0.11706147800637712
1006,496,1502,0.11706743881074763
1008,489,1497,0.11711395370348772
1011,492,1503,0.1171535282187683
1017,489,1506,0.117184002669276
1024,486,1510,0.1171989488810052
1010,496,1506,0.11719316471435028
1006,491,1497,0.11722132382384143
1006,486,1492,0.11725749756156163
995,493,1488,0.11729125763495492
998,490,1488,0.1173499032352694
1012,490,1502,0.11739477689363391
1006,486,1492,0.11740639089320533
1006,485,1491,0.11742902433903811
1006,491,1497,0.11744887957027927
1005,491,1496,0.11746959349545338
1011,501,1512,0.1174916179181818
995,511,1506,0.11750095017834568
1001,512,1513,0.11754582474567395
1001,504,1505,0.11757454478246845
1002,514,1516,0.11760254341897934
999,514,1513,0.11762610004440888
995,517,1512,0.11765517416828146
999,513,1512,0.1176906722827948
991,512,1503,0.11771273833897189
985,507,1492,0.11775388214210959
979,512,1491,0.11780674558258429
987,512,1499,0.11786700033764469
989,521,1510,0.11790378498934982
989,515,1504,0.11793551135769612
981,523,1504,0.11796537754217486
981,521,1502,0.11801302759894104
978,520,1498,0.11805654054033023
973,522,1495,0.11810389784637845
969,523,1492,0.11815964919546612
977,524,1501,0.11821979513786378
970,520,1490,0.11825655593045678
973,526,1499,0.11830682606135932
991,524,1515,0.11834717006172973
982,522,1504,0.11834270145945176
979,533,1512,0.11835958536441847
982,538,1520,0.11838366593856137
981,532,1513,0.11839876629917753
972,532,1504,0.1184127061564195
965,531,1496,0.11844796324887001
963,539,1502,0.11849832375888252
964,531,1495,0.11855198611153384
957,538,1495,0.11859841356422236
964,546,1510,0.11865935263947641
961,543,1504,0.118701242486611
966,542,1508,0.11874524614487385
964,542,1506,0.11877502823762345
974,542,1516,0.11880805200087248
977,542,1519,0.11881707788358499
963,540,1503,0.11881723826583095
967,539,1506,0.11884797431400884
955,545,1500,0.11886770329248045
954,537,1491,0.11891466286147154
946,540,1486,0.11896117528777485
939,544,1483,0.11902374533356422
949,550,1499,0.11909957391901066
948,552,1500,0.11914804123728162
940,552,1492,0.11919751880536993
939,559,1498,0.11926018728349831
937,563,1500,0.11932038861207184
942,558,1500,0.11938252453485103
944,562,1506,0.11942865574065183
952,559,1511,0.11946802480174647
934,562,1496,0.11948759069475536
941,562,1503,0.11954379281398253
946,560,1506,0.11958133079481005
953,559,1512,0.1196022016201103
950,557,1507,0.11960652553186549
946,563,1509,0.11961885266327592
946,564,1510,0.11963638261666239
941,563,1504,0.11965427296948634
931,574,1505,0.11968172860201275
937,560,1497,0.11973138775346732
941,564,1505,0.1197635830755777
941,564,1505,0.11978669867076143
941,556,1497,0.11980652673730077
943,557,1500,0.11982460094923499
942,568,1510,0.11983554716178872
939,560,1499,0.11984907756530802
941,558,1499,0.11987143065898156
935,559,1494,0.11988786393872024
933,557,1490,0.11991798255199189
934,559,1493,0.11994868160712978
932,561,1493,0.11997518716109773
935,568,1503,0.12000267802779441
916,568,1484,0.12002210960698287
925,565,1490,0.12008458036834078
919,573,1492,0.1201215581264725
917,580,1497,0.12017087080939519
935,572,1507,0.12022118473735587
939,584,1523,0.1202275802102654
933,590,1523,0.12022306787273042
933,581,1514,0.12023377378894651
934,581,1515,0.12024458488181694
925,580,1505,0.12025261982769568
928,575,1503,0.12028042090128349
929,577,1506,0.12029985312590491
922,574,1496,0.12031620326232403
923,581,1504,0.12034863688820462
923,570,1493,0.1203774231583086
909,569,1478,0.12040288707317671
919,574,1493,0.12045755380000621
921,567,1488,0.12048424592281487
926,567,1493,0.12050539133017527
931,577,1508,0.12051505750475096
924,587,1511,0.12051093419848505
924,586,1510,0.12052410911462048
919,576,1495,0.12053591180342593
923,574,1497,0.12055757696299818
920,578,1498,0.12056896414436395
931,573,1504,0.12058754754120184
939,574,1513,0.12057811132644679
926,576,1502,0.1205547650117013
924,576,1500,0.12056239502136436
919,576,1495,0.12057493722187296
918,580,1498,0.12059709772835181
929,578,1507,0.12061921042937956
926,580,1506,0.12061502735180446
920,579,1499,0.12061851866193443
920,584,1504,0.12063599499284149
910,584,1494,0.12065201935936656
903,584,1487,0.12069179256908712
907,582,1489,0.12074438860592807
904,585,1489,0.12077876013661461
915,588,1503,0.12081946204029399
921,587,1508,0.12083546644735726
916,590,1506,0.1208356010045934
918,590,1508,0.12084715847109993
917,587,1504,0.12085516936821755
923,591,1514,0.12086519661472249
914,586,1500,0.12086187491621664
918,581,1499,0.12087656105233194
909,584,1493,0.12088066910007005
918,583,1501,0.12090555442577217
921,581,1502,0.12090673698331486
929,573,1502,0.12090358816455367
940,580,1520,0.1208804266212741
936,580,1516,0.12083320415600006
931,585,1516,0.12079955071706515
929,577,1506,0.12078085623063643
929,583,1512,0.12076815065157583
927,589,1516,0.12075434493332252
911,584,1495,0.12074620996882793
913,580,1493,0.12077457188722761
911,583,1494,0.12079539846732076
906,580,1486,0.1208206085367025
911,577,1488,0.12085402593561803
934,582,1516,0.1208736187718639
924,586,1510,0.12083717870885335
919,586,1505,0.12082736435542184
917,586,1503,0.12083133540425735
915,584,1499,0.12084190978419419
913,585,1498,0.12085522659920384
915,588,1503,0.12087284619154087
909,591,1500,0.12088434549965965
918,586,1504,0.12090788682057052
921,584,1505,0.12090862505006421
923,584,1507,0.12090286036128607
920,599,1519,0.1208927906530712
910,597,1507,0.12089020598173171
915,590,1505,0.12091089121981057
925,591,1516,0.12091980252902047
916,593,1509,0.12090697848323691
915,596,1511,0.12091745385562674
920,595,1515,0.12092863027298989
918,597,1515,0.12092735219624906
915,602,1517,0.12092984956853109
910,598,1508,0.12093707400513706
931,594,1525,0.12095585295101152
927,588,1515,0.1209243382678726
920,586,1506,0.1209043891393415
905,593,1498,0.12089948945600947
916,589,1505,0.12092931019126858
924,587,1511,0.12093399554208166
923,578,1501,0.12092108915347374
921,581,1502,0.12091207847347352
922,581,1503,0.12090826172019284
925,584,1509,0.12090135401940003
922,580,1502,0.1208899157904888
923,570,1493,0.120887014439842
920,575,1495,0.12088419223146171
912,578,1490,0.12088983908388823
912,580,1492,0.12091005484054772
916,588,1504,0.12092781372942962
928,591,1519,0.1209338290832575
915,586,1501,0.12091046772954155
914,585,1499,0.1209186613568291
905,583,1488,0.12093184342335533
916,586,1502,0.12096484149693108
899,589,1488,0.1209704413940737
903,575,1478,0.12101444383425047
909,581,1490,0.12104011693853994
914,585,1499,0.12104878661296453
911,585,1496,0.12104720193309625
913,587,1500,0.12105120098287994
912,587,1499,0.12105123677298703
921,596,1517,0.12105561243125976
922,590,1512,0.1210367532406153
914,590,1504,0.12101928968899432
909,591,1500,0.12102284338504851
909,588,1497,0.12104068238025022
910,589,1499,0.12105814493721942
912,592,1504,0.12107216347161096
913,589,1502,0.12107977160724237
903,584,1487,0.12108401466716583
900,588,1488,0.12111174774914897
900,585,1485,0.12114389036209867
909,583,1492,0.12117182554457125
907,590,1497,0.12117578120124582
894,582,1476,0.12118238652963859
909,585,1494,0.12121806469463987
907,594,1501,0.12121752124585279
906,592,1498,0.12122355857064317
899,591,1490,0.12123405870683411
893,596,1489,0.12125815367223634
898,604,1502,0.12129471390298484
916,605,1521,0.12132069864719788
910,601,1511,0.12130337403544608
909,596,1505,0.12130365923698914
903,599,1502,0.12130423981847414
901,607,1508,0.12132022046295432
887,609,1496,0.12133895852618078
883,616,1499,0.12138778831599978
881,618,1499,0.12144231436395725
874,621,1495,0.12149812882022594
875,620,1495,0.1215655272621364
876,628,1504,0.12162280700150425
876,631,1507,0.12167381432093499
877,631,1508,0.12172198690395775
867,629,1496,0.12176631390849685
870,637,1507,0.12183030034912853
864,632,1496,0.12188402234517447
867,629,1496,0.12194764384917932
875,635,1510,0.12199817920183932
868,645,1513,0.12202827980379478
867,639,1506,0.12207486908479936
867,634,1501,0.12212023235112282
877,633,1510,0.12216261604921591
876,627,1503,0.12217978437057689
871,630,1501,0.12219672544805615
869,635,1504,0.1222268847368861
860,632,1492,0.12226175636656106
856,633,1489,0.12231489190225794
851,633,1484,0.1223729074071876
860,629,1489,0.12243627865131243
856,639,1495,0.12247600623336816
854,641,1495,0.12251905566533444
856,638,1494,0.1225617727070982
856,637,1493,0.1225972922314581
856,651,1507,0.1226311054774333
854,644,1498,0.12266433646631336
863,651,1514,0.12270267064259585
854,654,1508,0.1227169542523162
857,661,1518,0.12275056353533166
858,650,1508,0.12277289446733325
868,647,1515,0.12278989056100738
865,640,1505,0.12278271961179037
855,644,1499,0.12278300126367768
854,644,1498,0.12280774206858165
860,645,1505,0.1228330788017309
864,640,1504,0.12284416286678923
865,642,1507,0.12284516215493319
864,640,1504,0.12284716126373135
860,646,1506,0.12285081598896885
865,649,1514,0.12286196797422541
872,647,1519,0.12286052312790492
857,649,1506,0.12284585953514358
846,657,1503,0.12286803079200183
837,655,1492,0.12291430192010172
842,659,1501,0.122977922563222
849,655,1504,0.1230264542097802
854,657,1511,0.12305447537676922
858,647,1505,0.12306791400786121
863,648,1511,0.12307091607767286
862,646,1508,0.12306177223163477
860,648,1508,0.12305411424315686
857,638,1495,0.12305232267655063
858,650,1508,0.123056101389945
852,655,1507,0.12306044529654951
859,657,1516,0.12307988726256319
868,654,1522,0.12308081952808193
867,656,1523,0.12306069963345564
852,660,1512,0.12304124352550953
844,662,1506,0.12306049846505143
840,664,1504,0.12309911504135677
840,669,1509,0.12314511774464584
831,669,1500,0.12318552878203377
830,677,1507,0.12324493686136698
825,676,1501,0.12330366204023555
838,670,1508,0.12337101253891707
833,671,1504,0.12340185810026386
840,672,1512,0.12344215911943347
847,674,1521,0.1234603027681647
850,671,1521,0.12346166445838964
837,676,1513,0.12345503628801856
833,678,1511,0.12347886559556162
835,682,1517,0.1235107586348769
825,681,1506,0.12353783034399726
830,682,1512,0.12358549161767624
823,688,1511,0.12361697403379629
823,689,1512,0.1236632146906646
821,684,1505,0.12370790188583959
828,685,1513,0.12375331588636772
813,679,1492,0.1237797341927565
820,681,1501,0.12384065819922921
813,674,1487,0.12388000219267159
816,672,1488,0.12392985242874952
820,673,1493,0.12396951437811574
825,668,1493,0.12399955404948386
819,663,1482,0.12401783650169104
818,674,1492,0.12404883590112754
825,670,1495,0.12407892918211148
819,675,1494,0.1240889888122733
822,678,1500,0.12411359852776377
826,679,1505,0.12412895103236235
830,671,1501,0.12413388960176683
822,668,1490,0.12412827210071148
834,667,1501,0.1241405668104303
841,676,1517,0.12412488156244553
827,675,1502,0.12409391219882245
826,672,1498,0.12409528419593631
820,680,1500,0.12410031691736606
820,682,1502,0.1241219848098826
812,687,1499,0.1241443497858397
817,683,1500,0.12418099908488867
824,681,1505,0.12420309536439289
825,686,1511,0.12420928706680488
831,687,1518,0.12421465126532727
822,690,1512,0.12420664479274404
818,684,1502,0.12422052746177155
827,685,1512,0.12424410376458042
816,694,1510,0.12424263911083927
811,688,1499,0.12426465732107543
804,687,1491,0.12429803563555965
799,686,1485,0.1243465424468064
813,690,1503,0.12440360227834894
825,679,1504,0.12442071798444905
816,671,1487,0.12440698182518052
812,672,1484,0.1244115904899107
813,688,1501,0.12442370436869483
818,690,1508,0.12443493578909283
817,694,1511,0.12443442144174359
816,687,1503,0.1244372163234836
813,691,1504,0.12444264113642549
804,696,1500,0.12445353172294162
802,697,1499,0.12448463795667329
813,687,1500,0.12451954335182384
799,697,1496,0.12452994358355454
797,698,1495,0.12457040442871144
799,697,1496,0.1246123151575516
800,710,1510,0.12464917308667564
803,710,1513,0.12468192638053292
795,712,1507,0.12470716935473738
793,709,1502,0.12474958345139363
786,706,1492,0.12479439946359777
798,710,1508,0.12485131491105297
805,712,1517,0.12487172777885006
796,711,1507,0.1248747621906238
793,714,1507,0.12489806830625656
800,705,1505,0.12492792383618216
792,708,1500,0.12494197173558305
794,717,1511,0.1249749739170257
788,718,1506,0.12500133410676667
788,719,1507,0.12504089388885728
789,719,1508,0.12507663862846274
796,714,1510,0.1251069324363779
809,717,1526,0.12511948353665367
798,707,1505,0.12510337128454257
799,708,1507,0.1251122510018985
795,708,1503,0.1251204059973772
796,705,1501,0.12513748573744837
801,709,1510,0.12514769435972994
794,717,1511,0.12514754803007258
801,713,1514,0.12516358374965317
795,720,1515,0.12516146805483785
798,719,1517,0.12517347826930125
791,722,1513,0.1251804282601788
786,725,1511,0.12520371528261062
789,720,1509,0.12523314335383393
783,719,1502,0.12525457210759394
782,717,1499,0.12528797688876053
780,713,1493,0.1253211060949042
788,703,1491,0.12535603153301764
790,705,1495,0.12536952995315048
788,705,1493,0.12537713553329258
789,701,1490,0.12538647970610153
801,706,1507,0.1253938100983386
797,714,1511,0.12536819522072143
796,705,1501,0.12535406953312428
804,707,1511,0.12534487241829925
804,705,1509,0.12531843769190992
798,702,1500,0.12529419999333938
789,711,1500,0.12528655516177611
789,714,1503,0.12530275667333196
787,720,1507,0.12531447183250763
792,714,1506,0.12532883218564653
791,703,1494,0.12533011944774866
797,706,1503,0.12533376784860617
794,715,1509,0.12532259378148655
790,718,1508,0.12531703506478042
791,719,1510,0.12532086879556645
788,713,1501,0.12532474971741336
784,710,1494,0.12533751811784918
785,714,1499,0.12535982581904068
782,722,1504,0.125378887874512
783,726,1509,0.1254054053652003
783,718,1501,0.12542767198307064
786,718,1504,0.12544793564634532
791,721,1512,0.12546257655056672
790,726,1516,0.12546508931849268
791,714,1505,0.1254688734462338
789,718,1507,0.12547213589884176
789,727,1516,0.1254822815377597
792,719,1511,0.12549176774655116
789,713,1502,0.12549211161686408
790,723,1513,0.1255018343557064
791,728,1519,0.12550837856239988
791,733,1524,0.12550953535178377
783,734,1517,0.12551400405597257
783,729,1512,0.12553551888282183
769,732,1501,0.1255562670902441
760,723,1483,0.12560704111451815
754,729,1483,0.12567415127477755
756,732,1488,0.1257490668252491
758,738,1496,0.1258151458243907
763,741,1504,0.12586824335948946
766,736,1502,0.1259070899762653
764,734,1498,0.12593718116401964
764,731,1495,0.12597248601608485
759,729,1488,0.126006725764388
752,734,1486,0.12605115883145956
754,732,1486,0.12610545588305833
759,732,1491,0.12615136566591081
749,742,1491,0.1261828651068807
735,748,1483,0.1262351407943947
736,741,1477,0.12631297028538913
737,740,1477,0.12638512531230645
743,750,1493,0.12644959278425755
750,753,1503,0.12649544322113157
750,753,1503,0.12652012034795607
761,746,1507,0.12654608155489602
756,750,1506,0.12654625160530833
754,756,1510,0.12655846986645147
742,750,1492,0.12657571524833097
755,760,1515,0.12661775078951126
751,761,1512,0.1266285315976763
750,762,1512,0.1266492906135148
749,770,1519,0.1266728455939278
737,762,1499,0.1266993081904855
738,764,1502,0.12675134144031314
739,771,1510,0.1267952740317685
736,774,1510,0.12683373146731525
731,779,1510,0.1268769672014758
737,785,1522,0.1269301274757755
732,777,1509,0.1269668892531524
741,784,1525,0.12701257634892638
744,778,1522,0.12703405007870536
740,778,1518,0.12704708864038164
732,768,1500,0.1270699528740914
729,766,1495,0.1271101288886564
734,769,1503,0.12715327612300903
736,779,1515,0.1271801517243336
731,776,1507,0.12720188119539472
737,778,1515,0.12723498917960144
731,784,1515,0.12725198121613088
727,781,1508,0.12728107221128965
715,768,1483,0.12731951858251628
717,774,1491,0.12738216480368178
712,773,1485,0.1274350351334732
721,772,1493,0.12749405176303477
717,772,1489,0.12752900410586718
713,779,1492,0.12757117399279014
718,778,1496,0.12761704215696365
727,785,1512,0.12764994411893882
723,785,1508,0.127660951656462
712,789,1501,0.12768216143787217
703,792,1495,0.12772775974597084
694,790,1484,0.127790087209338
702,787,1489,0.12786522285835306
699,790,1489,0.12791748146537643
706,801,1507,0.1279734234653028
703,802,1505,0.12800922633091288
706,799,1505,0.12804781273142385
704,805,1509,0.12807686657706732
705,809,1514,0.12810734048019895
697,809,1506,0.128136689020128
707,805,1512,0.1281838204053025
700,805,1505,0.12820522998341044
701,803,1504,0.1282398240329257
711,815,1526,0.12826817543433922
705,808,1513,0.12827329602622403
706,803,1509,0.12829477921139668
713,802,1515,0.12831064183420213
709,802,1511,0.12831102283556503
704,810,1514,0.12832341057671112
708,811,1519,0.12834691182421207
702,807,1509,0.1283592400352293
700,809,1509,0.1283835232857469
699,821,1520,0.12841060929100467
701,819,1520,0.12844002343188396
707,822,1529,0.1284621777830498
702,815,1517,0.12846965008393835
692,820,1512,0.128489536799451
690,824,1514,0.12853053413216592
703,815,1518,0.1285752391782907
700,815,1515,0.1285886651849831
693,821,1514,0.12860735361745534
690,827,1517,0.12864211931031105
683,827,1510,0.12868211085291598
687,825,1512,0.12873341606248678
687,818,1505,0.12877367880028895
691,820,1511,0.12880854889216983
686,820,1506,0.12883163145651846
675,826,1501,0.12886407936751107
677,831,1508,0.12891823297937338
678,824,1502,0.1289650659220635
687,823,1510,0.1290052049596066
687,823,1510,0.1290207096801858
680,819,1499,0.12903695019743402
669,830,1499,0.1290689556477317
675,827,1502,0.129126636424033
676,824,1500,0.12916359991648899
680,824,1504,0.12919654362115526
674,821,1495,0.12921859835534474
680,815,1495,0.12925357335136153
674,817,1491,0.12926937368627495
678,814,1492,0.12929619696077826
674,811,1485,0.12931500031170443
668,825,1493,0.1293397619067952
668,836,1504,0.12937525145010098
673,839,1512,0.12940890516232495
680,829,1509,0.12942422946783
676,832,1508,0.129423738664993
681,822,1503,0.12943447640062536
676,820,1496,0.1294314602262875
679,828,1507,0.12944082291270909
680,829,1509,0.1294443227353392
668,826,1494,0.1294461218214322
676,823,1499,0.1294753571789445
675,823,1498,0.1294860711286433
672,822,1494,0.12949861563834464
675,819,1494,0.12951858869757973
671,825,1496,0.12952796834344
675,829,1504,0.1295451428852056
676,828,1504,0.129549188510445
678,832,1510,0.12955170673058036
684,835,1519,0.1295502107872946
674,835,1509,0.12953552996274095
673,843,1516,0.1295467230170903
666,843,1509,0.12956045234916855
667,843,1510,0.12958943660935687
664,849,1513,0.12961468256333664
663,848,1511,0.12964301734939987
666,843,1509,0.129670440749292
674,841,1515,0.12969062753266558
678,843,1521,0.12969064113322187
676,834,1510,0.1296793298405073
675,837,1512,0.1296735467588184
664,834,1498,0.12967115424414427
659,827,1486,0.1296949336231608
664,831,1495,0.12972787608123948
655,840,1495,0.1297472484355727
660,844,1504,0.1297863111226544
660,844,1504,0.12981238886911334
666,847,1513,0.12983857796679837
667,845,1512,0.12985044905689883
666,841,1507,0.12985919073416943
659,849,1508,0.12987126391433135
665,845,1510,0.12989953740246188
663,850,1513,0.129911462238614
662,854,1516,0.12992649951226917
643,850,1493,0.12994279348174836
636,856,1492,0.13000358862041872
641,868,1509,0.13007740328278833
643,869,1512,0.13013212917841296
633,862,1495,0.13017724907034886
641,872,1513,0.13024378229709332
646,876,1522,0.1302867570680979
646,869,1515,0.13031671191100042
650,862,1512,0.13034216749929292
652,850,1502,0.13035548217673676
657,847,1504,0.13036091684337614
666,845,1511,0.13035280178716335
662,835,1497,0.13032694308740556
654,850,1504,0.13031359636754974
653,843,1496,0.1303202415723141
651,847,1498,0.13032818589400866
649,845,1494,0.1303400369842844
649,848,1497,0.13035702746066186
651,853,1504,0.13037286627075878
645,859,1504,0.13038490219916052
648,864,1512,0.13040728674141827
644,866,1510,0.13042093295392612
649,873,1522,0.13044356924367506
647,867,1514,0.13045491414632507
641,869,1510,0.13046968219833108
637,867,1504,0.1304971248800365
635,867,1502,0.13053324757746892
638,881,1519,0.13057171863999792
636,875,1511,0.13059949917194724
650,873,1523,0.13063093643157958
647,870,1517,0.13062835915966775
648,870,1518,0.13063405334317285
640,874,1514,0.13063844016068069
643,876,1519,0.13066012484527645
638,878,1516,0.1306758807723555
632,869,1501,0.13070190012202526
632,870,1502,0.1307401900606356
629,877,1506,0.13077616789680951
629,879,1508,0.13081627280146269
628,879,1507,0.1308540557990916
623,868,1491,0.13089112077283002
627,862,1489,0.13093650611452085
642,865,1507,0.13096532282764195
648,867,1515,0.13095774855138592
643,872,1515,0.13093541070599624
651,878,1529,0.13092423116567123
657,875,1532,0.1308947180862841
646,869,1515,0.13085453727239002
639,864,1503,0.1308423709390366
638,863,1501,0.13084802597341785
635,862,1497,0.13085481718974473
632,861,1493,0.13086927318732614
637,866,1503,0.1308893453975179
636,874,1510,0.13089701648975513
631,862,1493,0.1309068470489774
632,860,1492,0.1309266154273149
629,861,1490,0.13094373676608267
622,866,1488,0.1309651422540374
632,874,1506,0.1310010644328824
636,880,1516,0.1310140451381536
632,872,1504,0.13101595081206313
630,878,1508,0.13102785864853062
631,878,1509,0.1310435548605863
626,878,1504,0.13105801449752782
628,874,1502,0.13108193692343892
636,871,1507,0.1311012909101114
631,881,1512,0.13110239455825398
630,886,1516,0.13111376307759642
630,890,1520,0.131126455061048
627,885,1512,0.13113847579572233
625,889,1514,0.13115739592625478
628,889,1517,0.13117774081760242
618,890,1508,0.13119244715599312
623,869,1492,0.1312277233682431
630,873,1503,0.13124928495236401
635,883,1518,0.13125266573190025
630,880,1510,0.13124445387930098
636,876,1512,0.13124901821879859
640,874,1514,0.1312391850493859
640,883,1523,0.13122067188665182
634,873,1507,0.1312013748396476
627,870,1497,0.13119798109861475
629,869,1498,0.13121249527879913
625,875,1500,0.1312228732498124
619,874,1493,0.1312424735009598
621,859,1480,0.13127523195910526
625,863,1488,0.13129994293562355
625,872,1497,0.13131408178097367
625,876,1501,0.1313281344820328
618,877,1495,0.13133844150490526
617,865,1482,0.13136271149520176
617,875,1492,0.13138681801756988
625,882,1507,0.13140986978801827
622,888,1510,0.13141336118658875
622,885,1507,0.13142374099956958
627,877,1504,0.1314327814793427
625,880,1505,0.13143016658842957
619,877,1496,0.13143297180618585
620,879,1499,0.1314496631351526
618,889,1507,0.13146427055997265
620,902,1522,0.13148298090805627
605,905,1510,0.13149677986935718
604,901,1505,0.1315432304634426
596,896,1492,0.1315890295466343
607,899,1506,0.13165162789852072
615,897,1512,0.13168534067004775
614,899,1513,0.13169667326541712
611,904,1515,0.1317098566718863
610,903,1513,0.13172793138657915
611,904,1515,0.13174874704951406
608,898,1506,0.13176811985447162
608,913,1521,0.1317907327804883
607,895,1502,0.13181345830900545
604,897,1501,0.13183861298386962
604,903,1507,0.1318679406979803
607,899,1506,0.1318965661597426
610,897,1507,0.1319167032077583
612,900,1512,0.13192973478718642
613,913,1526,0.131935704726578
613,914,1527,0.13193966084634776
611,906,1517,0.13194468627076078
605,914,1519,0.13195503941922174
606,908,1514,0.13197858671643364
602,907,1509,0.13199848713591542
594,912,1506,0.13202649045373926
586,904,1490,0.13207048052881176
595,907,1502,0.13212986957033826
590,901,1491,0.13216377957141331
593,925,1518,0.13220361585676133
590,920,1510,0.13223429065679468
586,928,1514,0.13227053307852063
582,925,1507,0.13231501073271168
575,916,1491,0.13236686471346507
578,930,1508,0.13243073095048094
577,928,1505,0.13248536566196498
578,929,1507,0.13253803498277367
582,926,1508,0.13258492561657045
583,929,1512,0.13261643317814456
577,936,1513,0.13264358371106438
577,940,1517,0.1326836588267043
567,934,1501,0.13272152255611483
569,926,1495,0.1327797142087721
569,931,1500,0.13282729187890324
577,932,1509,0.13287123829860806
573,925,1498,0.13289448553442118
575,924,1499,0.13292433865386113
578,923,1501,0.13294547352132696
581,932,1513,0.132957827944162
588,932,1520,0.13296328816683903
584,931,1515,0.13295220392771528
586,935,1521,0.1329515274093856
577,926,1503,0.13294511376466603
584,908,1492,0.13296063703769195
580,913,1493,0.13295501414523161
579,916,1495,0.13295796816251326
584,925,1509,0.13296405677800294
594,931,1525,0.13295705418679962
589,925,1514,0.13292659033987755
575,928,1503,0.13290937521673402
577,925,1502,0.13292690127784623
588,938,1526,0.13294049482522172
592,937,1529,0.13292786076456967
585,939,1524,0.1329067566360135
578,929,1507,0.1329037734821033
577,927,1504,0.13291924832033744
575,935,1510,0.13293508573503104
573,925,1498,0.13295671539524034
566,934,1500,0.13298075515034108
573,941,1514,0.1330194744259534
567,943,1510,0.13304059020845682
566,944,1510,0.13307374865806576
568,938,1506,0.13310512993166806
567,931,1498,0.13313231148595236
568,931,1499,0.13316161851412192
565,940,1505,0.1331868964916171
564,934,1498,0.13321554527917392
563,942,1505,0.13324304238053553
565,937,1502,0.13327031403956802
570,934,1504,0.13329246920522958
572,933,1505,0.1333005375645987
572,936,1508,0.13330465237297964
568,942,1510,0.1333093851620049
564,937,1501,0.13332385720273815
556,943,1499,0.1333479221693228
559,940,1499,0.13338858540238493
560,943,1503,0.1334189579524227
559,945,1504,0.13344466993615123
553,958,1511,0.1334674397211754
564,955,1519,0.1335040362875494
561,954,1515,0.13351223031097234
568,965,1533,0.13352778292276699
563,968,1531,0.13352742277764115
555,968,1523,0.1335405074714867
561,960,1521,0.13357189387718282
558,958,1516,0.13358828005473067
553,957,1510,0.1336099712376129
551,955,1506,0.1336428185236236
542,958,1500,0.13367745955285584
551,959,1510,0.1337307895814297
554,963,1517,0.1337588022406434
561,956,1517,0.13377820647240488
564,970,1534,0.1337805331301105
555,966,1521,0.1337761143064425
547,970,1517,0.1337942153644699
538,963,1501,0.13382917772468164
536,970,1506,0.13387987820307692
540,957,1497,0.1339336125024617
543,951,1494,0.13397470205606068
540,954,1494,0.13400532008589536
533,969,1502,0.13404078933388486
529,967,1496,0.13408942186496162
527,957,1484,0.13414509599021313
518,973,1491,0.134201214112857
521,971,1492,0.13427445569871035
526,980,1506,0.134337790043598
531,976,1507,0.13438532442308276
524,977,1501,0.13441785829285469
518,982,1500,0.13446450584177763
523,973,1496,0.1345205493542088
523,979,1502,0.13456377769397707
524,991,1515,0.1346027183032062
520,990,1510,0.13463516587263866
518,982,1500,0.13467474069344715
515,972,1487,0.1347168229947725
515,978,1493,0.1347649012477759
518,989,1507,0.13481042784062627
511,997,1508,0.13484681477418103
511,998,1509,0.13489601291720227
510,1004,1514,0.13494257748544616
519,1005,1524,0.13498849816568734
523,1012,1535,0.13501096035116722
518,1021,1539,0.13502340660740844
521,1020,1541,0.13504666610834107
511,1014,1525,0.1350610580861135
505,1013,1518,0.13509899013907756
511,1010,1521,0.1351466886613177
501,1011,1512,0.13517807898886283
500,1015,1515,0.13523131053040438
502,1008,1510,0.13528400321681144
504,1005,1509,0.13533031974177612
496,1008,1504,0.1353682358825918
505,1002,1507,0.13541983892619386
507,996,1503,0.1354459917780033
498,1006,1504,0.13546548707865916
502,1007,1509,0.13550344794496413
497,997,1494,0.13553082246440767
498,1009,1507,0.1355684159582254
484,1023,1507,0.13560101615639555
481,1029,1510,0.1356646687131297
489,1017,1506,0.1357286397049567
492,1027,1519,0.135770401787939
491,1029,1520,0.13580187036657013
493,1023,1516,0.13583268531266815
496,1026,1522,0.13585825945613675
504,1023,1527,0.13587491475233207
502,1022,1524,0.13587054501965956
492,1030,1522,0.1358695952445015
494,1030,1524,0.1358921652072096
489,1025,1514,0.13591030602416942
485,1023,1508,0.13593812409751485
483,1027,1510,0.13597325005520655
469,1037,1506,0.13601050495225636
473,1031,1504,0.1360785828220098
476,1024,1500,0.13613295267057562
477,1026,1503,0.13617594823481177
479,1031,1510,0.13621468934014758
483,1023,1506,0.13624587949715875
485,1033,1518,0.13626575410866346
475,1034,1509,0.13628015869022966
478,1034,1512,0.13631844237043336
477,1046,1523,0.1363482840709604
475,1042,1517,0.1363782481274988
475,1047,1522,0.13641255215287199
469,1039,1508,0.1364420676992372
468,1044,1512,0.1364840284588925
470,1040,1510,0.13652629632441995
462,1039,1501,0.13656071773415956
455,1043,1498,0.13661231965639295
458,1039,1497,0.1366771586447641
458,1049,1507,0.1367289654047281
452,1054,1506,0.13677931120004327
455,1040,1495,0.13684108054684616
461,1037,1498,0.1368905216403532
465,1046,1511,0.13692011228096498
466,1040,1506,0.13693866697965895
467,1046,1513,0.1369557887045705
459,1051,1510,0.13696889614043634
456,1053,1509,0.1369980666774304
455,1053,1508,0.13703190112461297
458,1051,1509,0.137067326555838
465,1054,1519,0.13709455326532552
458,1050,1508,0.13710465524249224
454,1050,1504,0.13712929772863874
458,1056,1514,0.13716184148327254
455,1062,1517,0.13718406589685578
457,1061,1518,0.13721301795719446
457,1063,1520,0.13723248403098207
459,1051,1510,0.13725255419468105
459,1050,1509,0.13726585509294728
460,1048,1508,0.1372755376530394
456,1051,1507,0.13728120882625813
458,1043,1501,0.13729695787248863
445,1044,1489,0.13730964272512503
448,1044,1492,0.13735227286293447
458,1058,1516,0.13738530178077396
453,1067,1520,0.1373924954595954
453,1068,1521,0.13741105621441527
450,1071,1521,0.1374284570211111
446,1070,1516,0.13745212298652526
450,1065,1515,0.1374855629072393
449,1064,1513,0.13750620160474084
446,1069,1515,0.13752834923481014
443,1069,1512,0.13755616927473835
437,1065,1502,0.1375876099590732
442,1069,1511,0.13763127330993935
453,1059,1512,0.13766222788378063
456,1060,1516,0.13766379570730197
454,1064,1518,0.13765894335531417
454,1071,1525,0.13765798575316665
453,1064,1517,0.13765776877191668
452,1050,1502,0.13766126828261843
438,1057,1495,0.13766669703320158
439,1062,1501,0.13770350313184898
441,1064,1505,0.13773429075671118
446,1060,1506,0.13775893808618497
437,1062,1499,0.13777254780295864
433,1070,1503,0.13780782262990118
439,1068,1507,0.13784989331817493
440,1077,1517,0.1378766101866124
433,1073,1506,0.13789730643513443
428,1080,1508,0.13793338311113523
425,1088,1513,0.13797954223743994
430,1065,1495,0.1380306059155783
425,1079,1504,0.13806739861645273
436,1084,1520,0.13811219506590622
434,1086,1520,0.1381280950807981
431,1094,1525,0.1381486291645757
424,1094,1518,0.1381762232503477
419,1093,1512,0.1382153419179254
417,1105,1522,0.13826310303051262
411,1099,1510,0.1383125211889417
415,1099,1514,0.13837326642331985
421,1106,1527,0.13842167685147028
419,1099,1518,0.1384522777030484
417,1096,1513,0.13848451660459227
422,1101,1523,0.13852053233726025
411,1088,1499,0.13854271854414704
408,1097,1505,0.13858929909276094
404,1105,1509,0.13863925951200348
405,1109,1514,0.1386959713289182
400,1109,1509,0.13874662958607537
399,1109,1508,0.13880668022357784
392,1108,1500,0.1388631058272
392,1117,1509,0.13893207247346975
396,1116,1512,0.1389957155119422
390,1112,1502,0.13904507153952703
387,1108,1495,0.13910533287991975
390,1109,1499,0.1391688702147741
386,1100,1486,0.13921960212773601
392,1105,1497,0.13927517923379462
397,1104,1501,0.139314148270718
398,1111,1509,0.13933933038230373
393,1118,1511,0.13936155242192105
393,1116,1509,0.13939353158632906
396,1120,1516,0.13942338877945848
400,1107,1507,0.13944491329419295
396,1106,1502,0.13945506580849013
397,1109,1506,0.13947406437469825
404,1104,1508,0.13948892647453096
397,1105,1502,0.13948669058753174
396,1112,1508,0.13950084547724417
401,1116,1517,0.1395159089980439
405,1127,1532,0.1395190881299223
402,1129,1531,0.13951399189608835
397,1118,1515,0.1395155967184508
393,1121,1514,0.13952705943895177
392,1130,1522,0.13954661601470206
394,1113,1507,0.13956954586199435
390,1113,1503,0.13958733499313417
387,1113,1500,0.1396146153612048
385,1113,1498,0.1396436254661036
387,1116,1503,0.1396752812991683
382,1119,1501,0.1397000739430197
387,1120,1507,0.13973435105002302
389,1134,1523,0.13975411290967635
382,1132,1514,0.1397690013869502
388,1118,1506,0.13979908423576246
380,1118,1498,0.13981441260319294
386,1117,1503,0.1398482347063232
381,1126,1507,0.13986580575633112
379,1137,1516,0.13989362246727105
373,1143,1516,0.13992605453183876
371,1142,1513,0.13997083605433844
368,1133,1501,0.14001665766036978
371,1140,1511,0.14006559323402445
373,1146,1519,0.14010566413669237
373,1142,1515,0.14013883992959866
380,1144,1524,0.14016890047335231
377,1136,1513,0.14018183584297753
374,1136,1510,0.14019946496235253
372,1137,1509,0.14022412228090153
370,1140,1510,0.14025267557843768
377,1141,1518,0.14028489290698548
378,1144,1522,0.14029773512918786
374,1144,1518,0.140307200676171
372,1133,1505,0.14032551326196058
366,1143,1509,0.14034862269629583
377,1156,1533,0.14038309435387133
381,1154,1535,0.14038832042614144
375,1142,1517,0.14038504951794362
366,1143,1509,0.1403963424540096
369,1141,1510,0.14042875304744767
366,1146,1512,0.14045259703504354
360,1144,1504,0.1404812395015405
368,1144,1512,0.14052141030014162
369,1133,1502,0.14053992694109493
375,1126,1501,0.1405559752135665
369,1134,1503,0.14055294519650657
358,1131,1489,0.14056295494463455
360,1139,1499,0.14059845540814275
361,1138,1499,0.14062951992946532
363,1143,1506,0.14065221547542328
361,1150,1511,0.14067044464712475
364,1156,1520,0.14069343326063652
360,1157,1517,0.14070849618724243
365,1156,1521,0.1407320460760231
363,1159,1522,0.1407420471853526
359,1154,1513,0.14075742254247847
362,1148,1510,0.14077984439101315
365,1152,1517,0.14079523083175083
366,1152,1518,0.14080377433775873
359,1156,1515,0.14080946412182263
359,1165,1524,0.14083141682571163
360,1176,1536,0.14085075491829335
362,1166,1528,0.14086851769780054
358,1161,1519,0.1408777369682333
355,1163,1518,0.14089712625871006
354,1163,1517,0.14092318013233426
356,1157,1513,0.140950732324108
360,1156,1516,0.14097188410830147
356,1150,1506,0.1409834311612318
349,1159,1508,0.14100274641304758
343,1162,1505,0.14103725163742634
345,1168,1513,0.14108022592894368
348,1167,1515,0.14111612520774874
348,1162,1510,0.14114194970757288
349,1156,1505,0.1411644914277677
351,1141,1492,0.14118400088500802
355,1153,1508,0.14119736568643879
351,1153,1504,0.1412006424462852
356,1147,1503,0.14121240780944547
360,1150,1510,0.14120899041467902
358,1152,1510,0.14119668054864432
357,1143,1500,0.14119015081785727
361,1144,1505,0.14118667202835666
359,1157,1516,0.14117262123360824
359,1153,1512,0.14116360610919007
356,1157,1513,0.14115691030782318
360,1159,1519,0.1411577061053464
357,1162,1519,0.1411470533778077
346,1158,1504,0.14114285524332512
350,1152,1502,0.14116571583896068
349,1162,1511,0.14117896438882382
349,1161,1510,0.14119370501890707
349,1160,1509,0.14120806881966522
352,1151,1503,0.14122055940994663
351,1160,1511,0.1412265430817343
353,1168,1521,0.141234333228038
352,1172,1524,0.14123737211567255
352,1156,1508,0.14124243113701254
358,1151,1509,0.14124667093599982
351,1150,1501,0.14123612066724195
349,1154,1503,0.14124248739756473
357,1148,1505,0.14125365091755504
351,1147,1498,0.14124708116856
351,1165,1516,0.14125500407700223
345,1162,1507,0.14126447921099305
343,1158,1501,0.14128550838421577
342,1165,1507,0.14130888275707018
347,1164,1511,0.14133264880255825
352,1162,1514,0.14134476797416337
352,1161,1513,0.1413447531696453
362,1161,1523,0.14134519660425818
362,1151,1513,0.14132166221993753
357,1159,1516,0.14130079065833384
353,1158,1511,0.14129360012562164
355,1166,1521,0.1412973262342518
354,1173,1527,0.14129785982406942
352,1172,1524,0.14130214844019798
353,1161,1514,0.14131047919211778
346,1151,1497,0.14131571551739416
345,1164,1509,0.14133588597396446
348,1157,1505,0.14135813435860456
346,1164,1510,0.1413702026290975
344,1173,1517,0.14138701621359437
339,1162,1501,0.1414054944035751
339,1165,1504,0.14143429981860353
342,1171,1513,0.14146116587091395
342,1163,1505,0.14147997912643878
345,1165,1510,0.1414945199285734
344,1162,1506,0.14150129817817242
350,1162,1512,0.1415081296508876
352,1160,1512,0.14150114817099838
345,1160,1505,0.1414880108151716
341,1160,1501,0.1414913796734368
351,1163,1514,0.14150416527762477
357,1155,1512,0.14149132248329216
355,1157,1512,0.14146626836696014
355,1149,1504,0.14144838522951036
351,1146,1497,0.1414329291015723
353,1147,1500,0.14142863025440128
356,1159,1515,0.1414206556914536
359,1163,1522,0.1414043220353683
357,1159,1516,0.1413828898668692
356,1163,1519,0.14136920038235207
356,1169,1525,0.14135742326838288
351,1169,1520,0.1413461920276719
346,1165,1511,0.14134822603058075
346,1168,1514,0.1413614417156362
337,1167,1504,0.1413745184720876
342,1165,1507,0.14140626640359555
353,1173,1526,0.14142402655732533
355,1165,1520,0.14141474659515876
354,1169,1523,0.1414011803071128
350,1175,1525,0.14139159986831337
353,1171,1524,0.14139147279945688
349,1171,1520,0.1413839929326059
348,1168,1516,0.14138698742561076
346,1177,1523,0.14139048148876582
341,1166,1507,0.14140124954668343
340,1168,1508,0.1414226092122287
335,1170,1505,0.1414456621201549
342,1167,1509,0.14147778117184073
351,1167,1518,0.14149241947332036
347,1169,1516,0.1414848439871143
343,1164,1507,0.1414866979622889
337,1154,1491,0.1414966454699194
337,1178,1515,0.14151987835755658
332,1188,1520,0.1415402877826495
330,1185,1515,0.14157108150499426
338,1169,1507,0.14160629216512016
338,1177,1515,0.14161953405884606
331,1178,1509,0.141631733559034
335,1181,1516,0.14166102014099655
335,1174,1509,0.1416804131205102
337,1178,1515,0.14169675032504214
343,1166,1509,0.14170698383731054
344,1172,1516,0.14170281131096463
336,1171,1507,0.1416969813814155
336,1175,1511,0.14170942627850863
339,1182,1521,0.14172215880890685
341,1183,1524,0.14172669850182382
341,1173,1514,0.14172638111732347
339,1177,1516,0.14172644033772375
336,1177,1513,0.14173103232008205
334,1174,1508,0.14174335405315944
333,1177,1510,0.14176091281562544
332,1185,1517,0.14178043680335783
329,1181,1510,0.14180167948285913
329,1188,1517,0.14182906086476255
327,1193,1520,0.14185402119280374
329,1186,1515,0.14188023964913474
333,1200,1533,0.14189994732184222
323,1194,1517,0.1419089757825885
330,1200,1530,0.14194012958338362
332,1196,1528,0.14195313588234623
336,1178,1514,0.1419583006402403
339,1187,1526,0.14195521872609762
339,1194,1533,0.14194601440232843
336,1181,1517,0.14193712934824781
337,1182,1519,0.14193464120240246
340,1176,1516,0.14192771817281874
337,1181,1518,0.1419155635822
337,1179,1516,0.14191077221621706
339,1188,1527,0.14190703144502487
338,1187,1525,0.14189868214204732
334,1176,1510,0.1418935297177723
335,1173,1508,0.14189814837134965
339,1170,1509,0.14190100663358174
332,1185,1517,0.14189502306598129
334,1178,1512,0.14190673296927922
330,1183,1513,0.14191418507936188
327,1176,1503,0.1419305705473269
326,1177,1503,0.14195402901836426
335,1184,1519,0.14197687548326393
339,1185,1524,0.14197681218232083
331,1184,1515,0.14196489623723976
331,1196,1527,0.1419716321987165
332,1204,1536,0.14197865091626308
332,1195,1527,0.14198443777153397
327,1190,1517,0.14199151840684007
332,1190,1522,0.14200917317532166
329,1189,1518,0.14201365248646183
332,1187,1519,0.14202563330994405
327,1189,1516,0.14203107577046153
336,1186,1522,0.14204671270333774
337,1185,1522,0.14203846467449138
335,1176,1511,0.14203122430365686
335,1183,1518,0.1420294610763441
330,1194,1524,0.1420244243737865
326,1184,1510,0.1420315606939945
326,1178,1504,0.14204748152396582
326,1182,1508,0.1420611777074113
326,1183,1509,0.14207452922574032
326,1195,1521,0.142085758587825
331,1201,1532,0.14209624329880838
328,1192,1520,0.14209452427604966
326,1181,1507,0.14210101212718085
322,1181,1503,0.14211202486316918
317,1181,1498,0.14213162727361642
319,1190,1509,0.142161849028424
324,1193,1517,0.1421855430766897
323,1193,1516,0.14219497270513726
321,1193,1514,0.1422051467327937
327,1180,1507,0.1422204000364032
325,1168,1493,0.14222114556361956
327,1171,1498,0.1422265580040937
322,1188,1510,0.14222607485497207
323,1191,1514,0.142237401062285
321,1197,1518,0.1422457481964247
327,1185,1512,0.1422592687017517
322,1186,1508,0.14225583691199156
330,1200,1530,0.14226453139054077
329,1186,1515,0.14225498491231847
330,1195,1525,0.1422484814676156
321,1199,1520,0.1422411454685135
316,1188,1504,0.14225637213006173
322,1202,1524,0.14228143935993479
316,1193,1509,0.14229058180369342
317,1189,1506,0.1423121605759465
316,1178,1494,0.1423306369266516
318,1177,1495,0.14234763209092346
325,1180,1505,0.14235947794009113
322,1197,1519,0.1423553004908142
319,1197,1516,0.14235984576080013
318,1200,1518,0.14237150997568634
316,1201,1517,0.14238647369737623
320,1206,1526,0.14240627709891063
313,1210,1523,0.14241521807832658
312,1199,1511,0.14244010996952705
315,1209,1524,0.14246496222242003
315,1205,1520,0.1424806054367792
316,1208,1524,0.14249472035437577
316,1197,1513,0.14250487311685378
315,1194,1509,0.1425164082568774
316,1194,1510,0.1425286220782485
313,1196,1509,0.14253803379422067
313,1183,1496,0.1425552110891764
306,1181,1487,0.1425703671933448
306,1195,1501,0.14260168859051842
306,1203,1509,0.14263158699407968
308,1207,1515,0.1426593211760787
303,1209,1512,0.14267896016629916
298,1213,1511,0.14270693103718904
300,1220,1520,0.1427456383726202
298,1219,1517,0.14277735777273254
299,1228,1527,0.14281217297835685
302,1214,1516,0.14284103956058794
304,1212,1516,0.14286163159123344
304,1220,1524,0.14287703729723097
301,1219,1520,0.1428908596450753
302,1217,1519,0.14291159384213384
303,1217,1520,0.14292801853091078
299,1214,1513,0.14294022947649562
304,1212,1516,0.14296022047133286
305,1211,1516,0.14296590401551593
302,1204,1506,0.1429686834883647
295,1199,1494,0.14297831533223204
299,1205,1504,0.14300195335257512
302,1205,1507,0.14301624435998858
301,1211,1512,0.14302346701434082
304,1209,1513,0.14303132736577792
300,1204,1504,0.14303222384678102
298,1200,1498,0.1430436673040351
304,1209,1513,0.143058750183359
309,1207,1516,0.14305793045039117
304,1213,1517,0.14304294196492567
308,1218,1526,0.14303994228545952
310,1201,1511,0.14302906698692733
308,1204,1512,0.14301527440403405
307,1208,1515,0.14300703845143728
303,1205,1508,0.14300133317121097
299,1219,1518,0.14300470123539824
303,1212,1515,0.1430176131752046
306,1219,1525,0.14302176213858367
303,1212,1515,0.1430199167485245
296,1210,1506,0.1430243371771184
293,1210,1503,0.14304409778864144
295,1209,1504,0.14307041302273266
298,1201,1499,0.14308832272708205
296,1204,1500,0.14309877868855703
295,1208,1503,0.14311371049408556
301,1194,1495,0.14313087424384785
296,1187,1483,0.14313140810879738
299,1190,1489,0.1431443422140436
293,1184,1477,0.14314743897289806
298,1179,1477,0.14316343947417562
299,1208,1507,0.14316585384622058
302,1205,1507,0.1431672901952954
297,1212,1509,0.14316107615627288
302,1211,1513,0.143167999258626
299,1221,1520,0.14316389972466603
300,1222,1522,0.14316672744656583
293,1220,1513,0.14316700415417433
294,1207,1501,0.14318487089152407
287,1201,1488,0.14319766512965687
289,1201,1490,0.14322610815008413
291,1206,1497,0.14324809759031282
293,1214,1507,0.14326483399549064
290,1214,1504,0.14327432409203822
292,1225,1517,0.14329090690803997
295,1222,1517,0.14330194294049314
290,1218,1508,0.14330269140099358
291,1223,1514,0.14331577870186052
298,1215,1513,0.14332675336338133
292,1217,1509,0.14332051059457396
298,1200,1498,0.14332959833217715
293,1211,1504,0.14332353252355823
296,1213,1509,0.14332830184455536
289,1220,1509,0.143326186133703
284,1221,1505,0.14334117167013619
283,1232,1515,0.14336798846354845
286,1222,1508,0.14339409805054437
281,1226,1507,0.14341323263988934
286,1230,1516,0.1434419053841474
282,1235,1517,0.14345679658965843
275,1224,1499,0.14347992387971142
280,1226,1506,0.14351874921924312
282,1228,1510,0.14354162013357766
278,1226,1504,0.14355828646317514
278,1233,1511,0.14358420145115822
279,1233,1512,0.14360914149765444
278,1218,1496,0.14363092004296238
275,1227,1502,0.14365475480947798
282,1233,1515,0.14368268606270948
283,1215,1498,0.14369238361461273
283,1212,1495,0.14369944247362024
287,1219,1506,0.14370698129730142
281,1234,1515,0.1437063491116993
275,1228,1503,0.14371902632090947
269,1229,1498,0.14374306512387316
276,1246,1522,0.14377938954843583
269,1245,1514,0.14379669770487646
269,1247,1516,0.14382961666192137
267,1258,1525,0.1438606393378431
267,1245,1512,0.14389209164466418
266,1239,1505,0.14392113084352048
266,1238,1504,0.14395210842227538
263,1242,1505,0.14398224709138263
259,1236,1495,0.1440174095323743
265,1241,1506,0.14405859601816534
268,1242,1510,0.1440828044100587
270,1238,1508,0.144098135733465
268,1250,1518,0.14410522888705238
268,1242,1510,0.14411726363611208
267,1251,1518,0.14412969676642698
271,1251,1522,0.144144941538879
271,1252,1523,0.14414998526393502
264,1256,1520,0.14415648811750817
265,1256,1521,0.1441794413848534
265,1256,1521,0.14419932420873993
264,1249,1513,0.14421720873181712
258,1257,1515,0.14423639334423705
254,1260,1514,0.14426662708174479
252,1267,1519,0.14430379259450252
250,1259,1509,0.14434384099332834
255,1259,1514,0.1443847925850597
250,1262,1512,0.14441176765262823
255,1267,1522,0.14444830774924522
252,1258,1510,0.144471122002917
253,1262,1515,0.144498657455331
255,1252,1507,0.14452198290486218
245,1258,1503,0.14453967422873074
243,1254,1497,0.14457973382970873
240,1256,1496,0.14462326246193088
241,1259,1500,0.1446699649032118
244,1260,1504,0.1447108489593914
251,1264,1515,0.14474268914387983
249,1265,1514,0.1447560500072156
248,1278,1526,0.14477219696582094
246,1277,1523,0.14478966372541344
247,1275,1522,0.14480913635615367
246,1266,1512,0.14482681288675942
250,1270,1520,0.14484587358661352
247,1271,1518,0.14485440264021338
247,1247,1494,0.14486904015903238
251,1242,1493,0.14488248139800153
251,1238,1489,0.144884654275108
254,1255,1509,0.1448849071249069
254,1265,1519,0.1448769795508026
254,1271,1525,0.14486953133491468
253,1269,1522,0.14486385229291054
248,1279,1527,0.1448627615978323
245,1285,1530,0.14487457849371657
242,1265,1507,0.14489366846168505
239,1274,1513,0.14491812498058562
240,1272,1512,0.14494888913063014
243,1281,1524,0.14497565588473338
241,1282,1523,0.14499531765028695
238,1280,1518,0.14501847925798544
232,1274,1506,0.14504655410713405
231,1285,1516,0.1450885763376205
230,1292,1522,0.14512923474529335
227,1303,1530,0.14516946213215773
226,1303,1529,0.14521551456581427
223,1298,1521,0.14526069489685853
223,1295,1518,0.1453099774417005
225,1291,1516,0.1453522493117496
227,1287,1514,0.14538504834098664
230,1287,1517,0.14541045543386805
224,1291,1515,0.1454262305924466
220,1290,1510,0.14545646512090352
219,1302,1521,0.1454949695592374
220,1294,1514,0.14553374560534355
219,1295,1514,0.1455678508801655
214,1286,1500,0.14560239521227075
216,1294,1510,0.14564623337303634
213,1299,1512,0.14568352459676198
210,1310,1520,0.14572554817157213
213,1307,1520,0.14577223517960608
215,1308,1523,0.14580974663729818
208,1305,1513,0.14584007871899973
216,1318,1534,0.14588471494906213
219,1312,1531,0.1459070542135388
217,1293,1510,0.145919346782146
220,1307,1527,0.14593464007479243
225,1304,1529,0.14594248151481393
220,1288,1508,0.14593725655011286
215,1306,1521,0.14594474567454963
214,1308,1522,0.14596473268797258
210,1305,1515,0.14598618682251702
212,1305,1517,0.14601689940512563
212,1304,1516,0.14603985005823547
210,1300,1510,0.14606265337906563
207,1292,1499,0.14608997999256892
205,1302,1507,0.14612230523175357
202,1312,1514,0.14615603148452003
203,1313,1516,0.14619393225247
209,1303,1512,0.1462265887312341
209,1296,1505,0.1462413497477918
207,1301,1508,0.14625484691260598
213,1300,1513,0.14627107968659186
212,1298,1510,0.14627250409372272
211,1287,1498,0.14627541296895774
211,1293,1504,0.1462799869518002
210,1296,1506,0.14628439461289977
211,1290,1501,0.14629021728959266
212,1304,1516,0.14629368805896273
214,1301,1515,0.14629565699440783
218,1291,1509,0.14628979916481605
215,1291,1506,0.14627501249439462
215,1293,1508,0.1462677665025543
213,1298,1511,0.14626346504313387
210,1299,1509,0.14626376699534907
206,1314,1520,0.14627177766096638
205,1301,1506,0.1462894248858287
200,1305,1505,0.14630856534134293
198,1304,1502,0.14633775453423647
195,1320,1515,0.14636956818746744
196,1305,1501,0.1464070799753719
202,1336,1538,0.14643934843807102
202,1321,1523,0.1464554054492964
201,1314,1515,0.14646966345388393
205,1310,1515,0.1464859844262339
201,1298,1499,0.1464912414241208
206,1295,1501,0.1465044635199766
207,1302,1509,0.1465043472916172
208,1311,1519,0.14650301703023869
203,1318,1521,0.1465006550750672
197,1324,1521,0.14651107922849024
196,1314,1510,0.146535941432568
195,1306,1501,0.14656209958427865
189,1318,1507,0.14658799821881685
197,1321,1518,0.14662459834497457
192,1331,1523,0.14663986089207035
191,1338,1529,0.14666606913485183
192,1336,1528,0.14669321698108237
190,1337,1527,0.14671786143603605
190,1343,1533,0.14674535669533337
190,1331,1521,0.14677175107407314
188,1325,1513,0.14679594165215545
178,1339,1517,0.14682276373008488
181,1333,1514,0.1468704122247533
183,1320,1503,0.14690893896005336
183,1319,1502,0.14694015830950807
185,1312,1497,0.14697023844667767
181,1318,1499,0.14699463264917803
179,1325,1504,0.147025917420114
180,1329,1509,0.14705937230223567
185,1332,1517,0.14708863506821243
180,1345,1525,0.14710388257903137
177,1347,1524,0.14713106800357548
176,1345,1521,0.1471644649551562
179,1338,1517,0.14719736804462358
181,1336,1517,0.14722014368510508
181,1326,1507,0.14723448481425042
183,1326,1509,0.14724683616826476
184,1329,1513,0.14725442467206673
180,1326,1506,0.14726053462376537
178,1333,1511,0.14727566645470044
181,1330,1511,0.14729432528537267
180,1342,1522,0.14730452134850852
178,1341,1519,0.14731612281074669
178,1343,1521,0.14733364369712942
178,1338,1516,0.14734834022738177
182,1335,1517,0.14736182080047108
183,1337,1520,0.1473659155074556
181,1333,1514,0.14736365213232078
179,1345,1524,0.14736784918016632
176,1344,1520,0.14737703787395148
174,1349,1523,0.14739402081746233
171,1330,1501,0.14741555698389677
172,1331,1503,0.14744373467738828
175,1344,1519,0.14746801372899387
174,1343,1517,0.1474846907617508
173,1343,1516,0.14750342721874335
169,1342,1511,0.14752404763915675
170,1348,1518,0.1475524925140126
170,1357,1527,0.14757712787367008
168,1339,1507,0.14759932241323642
169,1350,1519,0.14762563172194593
167,1360,1527,0.1476490531963264
170,1354,1524,0.1476764375656623
171,1332,1503,0.14769397702592066
171,1345,1516,0.14770823939708855
171,1339,1510,0.14772216145319328
171,1345,1516,0.1477361576129472
166,1346,1512,0.14774840361415548
168,1341,1509,0.14777013341248815
171,1348,1519,0.14778620003044365
174,1348,1522,0.1477942144673279
169,1357,1526,0.14779592022696122
169,1345,1514,0.14780853346698927
168,1340,1508,0.14781775137695177
171,1351,1522,0.14782868836466923
171,1347,1518,0.14783309195886246
174,1354,1528,0.1478373929767407
174,1349,1523,0.14783245732486391
173,1339,1512,0.14782592058452582
169,1334,1503,0.14782277023331675
174,1339,1513,0.14783070721993707
175,1340,1515,0.147827132860142
176,1346,1522,0.14782251170388075
176,1351,1527,0.14781575558139273
172,1347,1519,0.14781012723294512
169,1362,1531,0.14781468359838087
172,1361,1533,0.14782612874829926
173,1355,1528,0.14782980865100945
172,1332,1504,0.14782959201727278
174,1331,1505,0.14783224308650514
173,1331,1504,0.14782912608155352
170,1344,1514,0.14782958182898243
162,1354,1516,0.14783754926576084
164,1344,1508,0.14786356518072535
162,1351,1513,0.1478832391977456
160,1363,1523,0.147905618680248
158,1354,1512,0.14793221674349336
156,1344,1500,0.14796172475766464
160,1354,1514,0.1479935841444212
155,1341,1496,0.1480127294980978
154,1345,1499,0.1480426885518124
155,1364,1519,0.14807356455410367
151,1358,1509,0.148099349865032
150,1349,1499,0.148132303828911
149,1351,1500,0.1481648770099534
151,1359,1510,0.14819716319502393
156,1359,1515,0.14822241171143946
157,1364,1521,0.14823286002241917
154,1347,1501,0.1482400330071366
156,1364,1520,0.14825408365997592
154,1364,1518,0.14826355964484386
155,1364,1519,0.14827579983329126
158,1361,1519,0.14828717271990882
157,1360,1517,0.14829156644185104
157,1363,1520,0.14829899259911034
160,1359,1519,0.14830629604216086
160,1361,1521,0.14830369094305365
161,1352,1513,0.1483022596010484
160,1343,1503,0.14829975237612758
161,1351,1512,0.1482992422726801
161,1373,1534,0.1482955655299117
156,1366,1522,0.1482933194491217
159,1373,1532,0.14830386148824345
159,1359,1518,0.14830682962001196
158,1360,1518,0.14831050145242325
158,1362,1520,0.14831559971366828
155,1357,1512,0.14831846951620659
157,1363,1520,0.148328036837799
155,1363,1518,0.14833335843863982
157,1360,1517,0.14834366039057387
158,1369,1527,0.14834729988665116
151,1371,1522,0.14834941519899617
147,1379,1526,0.14836762410454896
151,1367,1518,0.14839257234676193
150,1377,1527,0.14840691227475472
149,1379,1528,0.14842396770932734
148,1375,1523,0.14844176386909072
146,1376,1522,0.14846095170711218
148,1374,1522,0.14848393857579398
152,1367,1519,0.14850072809910211
147,1375,1522,0.14850552542370746
146,1375,1521,0.14852083270368766
141,1384,1525,0.1485362825615713
137,1378,1515,0.14856325851767635
138,1379,1517,0.14859829739798094
144,1368,1512,0.14862836406904079
144,1356,1500,0.14864220320526805
142,1363,1505,0.14865585039729007
142,1355,1497,0.14867446169022536
146,1367,1513,0.14869107890662858
149,1372,1521,0.14869672000351186
149,1366,1515,0.14869344427846845
151,1363,1514,0.14869113519431396
152,1367,1519,0.14868283542062785
153,1371,1524,0.1486731309671921
158,1361,1519,0.1486617550177523
155,1372,1527,0.14863787494265146
156,1368,1524,0.14862215028193834
159,1370,1529,0.14860598808235007
158,1363,1521,0.14858347619179932
155,1357,1512,0.1485643291107891
153,1356,1509,0.14855263794063048
153,1359,1512,0.1485490493315447
151,1357,1508,0.1485447176684883
150,1362,1512,0.1485463713874027
149,1372,1521,0.14855102905802575
146,1375,1521,0.14855825876213313
145,1365,1510,0.14857270398176092
145,1376,1521,0.14858892196267318
144,1372,1516,0.14860410135203334
144,1369,1513,0.14862124960508635
145,1360,1505,0.1486378978980427
146,1363,1509,0.14865207384712736
144,1359,1503,0.1486618984542827
142,1363,1505,0.14867745284529127
140,1360,1500,0.14869602109561308
142,1368,1510,0.1487180140951761
140,1374,1514,0.14873368910792487
134,1368,1502,0.14875244321108932
131,1368,1499,0.14878308246577907
134,1367,1501,0.14881787660161216
134,1371,1505,0.1488437152138178
129,1360,1489,0.14886542768351751
133,1368,1501,0.1488970678399797
138,1366,1504,0.14891788654676835
140,1384,1524,0.14892557806276252
141,1390,1531,0.14892849595000313
142,1388,1530,0.14893018066692157
141,1387,1528,0.14892866012601694
139,1395,1534,0.1489303218835821
137,1377,1514,0.14893671396718805
137,1387,1524,0.14894746152769262
140,1375,1515,0.14895833040002782
137,1373,1510,0.1489621313389665
133,1381,1514,0.1489718811874102
132,1382,1514,0.14898979147406882
129,1380,1509,0.14900991617961953
129,1382,1511,0.1490361403469608
125,1401,1526,0.14906125982639662
123,1388,1511,0.14909418519145418
121,1382,1503,0.14913018117424218
120,1384,1504,0.1491690802834687
122,1377,1499,0.14920744003466752
118,1391,1509,0.14923929973098574
119,1396,1515,0.1492764807072045
120,1390,1510,0.14930953211617243
124,1387,1511,0.14933769823371032
126,1389,1515,0.14935395362852966
126,1390,1516,0.14936218075924607
123,1391,1514,0.14937028107367945
126,1396,1522,0.1493861361923189
127,1387,1514,0.14939491099744115
124,1387,1511,0.14940135768154592
126,1384,1510,0.1494129170967928
128,1377,1505,0.14941977382886504
131,1376,1507,0.14942063415917264
127,1376,1503,0.1494153988110061
124,1381,1505,0.14942097442830402
122,1386,1508,0.14943264460122246
125,1380,1505,0.14944756686670302
127,1397,1524,0.14945448853020646
125,1397,1522,0.1494555121990014
125,1402,1527,0.14946135239151587
123,1379,1502,0.14946749178896598
124,1377,1501,0.1494771449917044
124,1385,1509,0.14948402190497523
122,1392,1514,0.14949023656831575
122,1394,1516,0.14950110858891028
121,1394,1515,0.14951188932139872
120,1393,1513,0.14952409816360795
123,1396,1519,0.14953691817403952
123,1394,1517,0.14954179688282754
124,1387,1511,0.14954676692255314
122,1381,1503,0.14954894888931997
122,1384,1506,0.1495569215159208
125,1385,1510,0.14956335313823527
123,1381,1504,0.14956053809595357
126,1380,1506,0.14956215997871083
130,1391,1521,0.14955707966924425
127,1389,1516,0.1495432237602758
127,1397,1524,0.14953827728847627
125,1408,1533,0.14953383594418723
123,1405,1528,0.14953408909755037
126,1391,1517,0.14953953825937005
124,1398,1522,0.14953821260529246
122,1398,1520,0.14954021913644283
125,1383,1508,0.14954745567768485
124,1383,1507,0.1495466963970626
124,1381,1505,0.14954861951271312
124,1391,1515,0.14954935987469958
124,1379,1503,0.14955016794696208
122,1376,1498,0.14955200805854038
121,1382,1503,0.14955875751853806
121,1390,1511,0.1495677225829863
120,1395,1515,0.1495757622986357
117,1409,1526,0.14958553269922334
123,1409,1532,0.14960254020613248
121,1405,1526,0.14960493562078375
115,1397,1512,0.14961198140729245
114,1399,1513,0.1496320467210056
111,1405,1516,0.14965398942127353
109,1400,1509,0.1496821505520166
114,1390,1504,0.14971231249798117
114,1379,1493,0.14972824166638848
108,1390,1498,0.1497433762272892
111,1402,1513,0.1497711816394973
111,1405,1516,0.1497907799315211
107,1412,1519,0.1498092197087512
107,1411,1518,0.1498359470179337
103,1412,1515,0.14986044664171763
103,1402,1505,0.14989122720349676
107,1386,1493,0.14992003884312993
107,1392,1499,0.14993820733934815
104,1398,1502,0.1499552274342825
104,1406,1510,0.1499785277331115
106,1401,1507,0.1500009559228546
110,1396,1506,0.1500148245063574
109,1401,1510,0.15001853234878287
112,1405,1517,0.15002349287666475
111,1407,1518,0.15002137957278738
111,1424,1535,0.15002290729904705
106,1412,1518,0.15002422006591418
106,1409,1515,0.15003730422035416
107,1415,1522,0.15004893609192396
102,1402,1504,0.15005758878755052
104,1392,1496,0.15007719809512865
107,1407,1514,0.150090196902433
108,1410,1518,0.1500956512007782
111,1409,1520,0.1500990617880834
111,1414,1525,0.15009463449511307
108,1410,1518,0.15009087832367862
108,1414,1522,0.15009465921627335
111,1407,1518,0.15009811319902777
111,1418,1529,0.1500923203050279
110,1410,1520,0.15008610987294368
114,1401,1515,0.1500835679314131
116,1403,1519,0.150071359199051
113,1403,1516,0.15005670448145364
113,1396,1509,0.15005081086626593
113,1396,1509,0.15004441219600875
115,1396,1511,0.15003626723628596
113,1391,1504,0.15002366012785429
113,1398,1511,0.15001800675310806
114,1398,1512,0.15001281991802898
114,1403,1517,0.1500050310015992
110,1405,1515,0.1499980876264719
113,1408,1521,0.15000222833183177
112,1402,1514,0.14999660746134935
114,1397,1511,0.14999485276073315
114,1386,1500,0.14998767657956724
112,1398,1510,0.14998097980882152
116,1410,1526,0.14997860158481624
117,1408,1525,0.1499646375847034
116,1411,1527,0.14994849511747396
114,1415,1529,0.14993723540313542
115,1416,1531,0.14993259400983594
113,1408,1521,0.14992621406302736
115,1402,1517,0.1499258243749087
115,1397,1512,0.14992080864295226
115,1409,1524,0.1499167873405416
115,1392,1507,0.14991347007987482
112,1401,1513,0.14991001081828056
108,1397,1505,0.14991431171963654
106,1404,1510,0.1499284221556021
107,1406,1513,0.14994728613330902
108,1411,1519,0.1499625765944399
110,1405,1515,0.14997499103995482
103,1407,1510,0.14998166745579777
107,1406,1513,0.15000352618994459
105,1413,1518,0.1500147775021082
102,1408,1510,0.15003062550287663
102,1402,1504,0.1500530235557025
102,1400,1502,0.15007469000903048
101,1403,1504,0.15009480231783903
100,1405,1505,0.15011566950389219
102,1400,1502,0.1501381767872923
96,1413,1509,0.1501523381479305
92,1417,1509,0.1501795820790927
96,1411,1507,0.15021469544696525
94,1423,1517,0.1502397859864753
94,1422,1516,0.150266201762003
95,1431,1526,0.1502900409500688
96,1425,1521,0.15031107522855883
92,1422,1514,0.15032941908130237
93,1418,1511,0.15035554847701627
97,1424,1521,0.15037745837112135
95,1429,1524,0.15038843954994296
95,1429,1524,0.15040352805605575
95,1439,1534,0.15041800318680465
93,1427,1520,0.15043190998113556
94,1421,1515,0.15045102766142127
95,1418,1513,0.15046646211512393
93,1410,1503,0.15047857341226045
98,1421,1519,0.15049344852536323
94,1421,1515,0.1504934616820008
94,1435,1529,0.1505030422461189
93,1433,1526,0.15051290769840564
92,1437,1529,0.15052378095521177
91,1425,1516,0.15053599298581477
90,1433,1523,0.15055000271083124
86,1435,1521,0.15056684850013405
88,1441,1529,0.1505922973004165
87,1440,1527,0.15061032246172473
83,1439,1522,0.15063029877562026
83,1441,1524,0.15065856663424246
83,1439,1522,0.1506853990677595
79,1436,1515,0.1507108782168518
79,1433,1512,0.1507440913535972
77,1430,1507,0.15077475173310922
77,1428,1505,0.15080846631432923
78,1438,1516,0.15083934957915543
75,1432,1507,0.15086599039136764
72,1448,1520,0.15089813930078622
71,1442,1513,0.15093436232664342
68,1447,1515,0.1509715553349886
68,1454,1522,0.15101343722817634
69,1457,1526,0.15105296054462417
70,1461,1531,0.15108690375143313
71,1465,1536,0.15111694533452497
69,1448,1517,0.15114199306763212
68,1453,1521,0.15117046479725363
70,1452,1522,0.1511998661634906
70,1438,1508,0.15122133695708748
68,1435,1503,0.1512409904583554
68,1438,1506,0.15126445755249934
70,1441,1511,0.1512861339375663
68,1438,1506,0.1513014480800892
66,1435,1501,0.151321118461092
65,1432,1497,0.15134470809826947
65,1437,1502,0.1513689509889582
63,1448,1511,0.15139004308542744
64,1453,1517,0.151413861015682
63,1457,1520,0.15143330719223091
68,1445,1513,0.15145518031098404
68,1431,1499,0.15146226014566153
66,1451,1517,0.1514698369413083
68,1444,1512,0.15148205363992384
67,1452,1519,0.15148965048579932
68,1458,1526,0.15149840839238798
65,1463,1528,0.1515036218242161
64,1456,1520,0.15151578428282794
63,1463,1526,0.15152949440520463
64,1456,1520,0.1515440237254814
63,1453,1516,0.15155496112148117
62,1456,1518,0.15156833958497412
64,1447,1511,0.15158409039225207
61,1451,1512,0.1515930487132971
62,1447,1509,0.15160780443412938
59,1447,1506,0.1516201468194258
58,1452,1510,0.15163895371788447
56,1461,1517,0.15165946530872282
56,1454,1510,0.15168257248376704
55,1459,1514,0.1517049488146409
59,1457,1516,0.1517283786655087
60,1440,1500,0.15174060775652773
60,1454,1514,0.15174928030753165
56,1452,1508,0.15175818610672168
59,1458,1517,0.1517766334269343
58,1465,1523,0.15178629566029578
57,1455,1512,0.15179715092004675
58,1464,1522,0.15180784921139204
58,1467,1525,0.15181641116409364
52,1465,1517,0.15182524425838306
51,1464,1515,0.1518478108460714
50,1461,1511,0.15187179844489399
50,1466,1516,0.15189680784763232
52,1465,1517,0.1519207845985276
52,1456,1508,0.15193794807404376
49,1451,1500,0.15195356657225317
48,1461,1509,0.15197580368092412
47,1441,1488,0.15199721791506865
47,1464,1511,0.15201998350169418
46,1470,1516,0.1520412855783191
46,1470,1516,0.152063934617813
45,1466,1511,0.15208563244446086
46,1460,1506,0.1521079087244963
46,1463,1509,0.15212553468666146
44,1472,1516,0.1521421401897774
44,1467,1511,0.15216327930697193
46,1469,1515,0.15218364058915604
45,1471,1516,0.15219590498175165
45,1475,1520,0.15221026908027446
40,1483,1523,0.15222439458644688
39,1481,1520,0.15224906383414813
35,1479,1514,0.1522750551329631
35,1489,1524,0.1523090578178816
36,1487,1523,0.15234066363444462
39,1475,1514,0.15236742205602613
38,1479,1517,0.1523838540452273
36,1472,1508,0.15240112712741774
35,1483,1518,0.1524224755832088
34,1491,1525,0.15244531147770385
35,1482,1517,0.15246948075169262
35,1478,1513,0.15248960698599123
34,1485,1519,0.15250900482215698
35,1483,1518,0.15252988285889735
36,1463,1499,0.15254630031518182
37,1472,1509,0.15255901489272983
37,1473,1510,0.15256844502753414
37,1473,1510,0.15257684664278204
37,1466,1503,0.15258466889012146
34,1467,1501,0.15259270788709284
35,1472,1507,0.15260850436497478
34,1490,1524,0.1526214055131663
35,1477,1512,0.1526343288397545
33,1484,1517,0.15264408510499602
34,1476,1510,0.152658055682388
33,1490,1523,0.15266944056687173
35,1489,1524,0.15268228863341524
33,1504,1537,0.15268834978779527
33,1496,1529,0.15269900336163875
32,1501,1533,0.15270960960088334
31,1486,1517,0.15272127465451374
31,1483,1514,0.15273567264916305
29,1494,1523,0.1527489181136723
27,1495,1522,0.1527663912859133
28,1487,1515,0.15278768326593567
30,1492,1522,0.15280470953131256
30,1492,1522,0.1528151368345788
31,1495,1526,0.15282549031023746
31,1484,1515,0.15283333513644282
31,1485,1516,0.1528405053284186
32,1491,1523,0.15284774061068807
31,1498,1529,0.15285173889859088
32,1503,1535,0.15285876711211258
30,1506,1536,0.1528631326085411
30,1500,1530,0.15287196623441116
31,1479,1510,0.1528806378145652
31,1481,1512,0.15288585796932858
31,1487,1518,0.15289117341920985
31,1487,1518,0.1528965384423428
32,1480,1512,0.15290123130306468
32,1480,1512,0.15290274827048606
30,1483,1513,0.1529046127314065
30,1476,1506,0.15291107022167846
30,1472,1502,0.15291749295359494
27,1482,1509,0.15292384841769951
26,1493,1519,0.1529373336242907
25,1489,1514,0.15295233546977396
25,1491,1516,0.15296882173946136
24,1491,1515,0.15298445635222963
24,1490,1514,0.15300144493648285
24,1486,1510,0.15301752339080327
26,1482,1508,0.1530327350501637
27,1492,1519,0.15304058358208303
25,1494,1519,0.15304498771700206
24,1495,1519,0.15305378852820017
23,1487,1510,0.15306454707997813
24,1492,1516,0.15307712864186687
23,1491,1514,0.15308591901286114
21,1500,1521,0.15309676362802702
21,1504,1525,0.1531115472178271
22,1499,1521,0.15312553213550834
21,1482,1503,0.15313629000379095
21,1480,1501,0.15314926177166238
21,1493,1514,0.15316168165216168
21,1494,1515,0.153173266164552
20,1492,1512,0.1531843686490277
17,1490,1507,0.15319714546055083
18,1483,1501,0.15321599754679455
17,1482,1499,0.1532305794006885
19,1483,1502,0.15324674358738657
19,1483,1502,0.15325673770487305
18,1507,1525,0.15326641460617207
18,1501,1519,0.15327795388186197
19,1494,1513,0.15328791428359273
19,1486,1505,0.15329375430112432
21,1492,1513,0.15329968608701638
21,1494,1515,0.1532999602542365
21,1482,1503,0.15330071607105736
24,1488,1512,0.15330187618101943
24,1503,1527,0.1532941036579132
24,1484,1508,0.1532863948790192
25,1480,1505,0.15327982952906763
26,1487,1513,0.15327191603763615
26,1490,1516,0.15326178697262616
24,1482,1506,0.15325289475980597
26,1484,1510,0.15324948628572138
26,1485,1511,0.1532402479863727
26,1488,1514,0.15323223934756136
27,1499,1526,0.15322532112858078
27,1495,1522,0.15321648781366623
28,1486,1514,0.1532087536369608
26,1489,1515,0.15319872026358047
25,1498,1523,0.1531945513832132
25,1487,1512,0.1531941829773155
25,1497,1522,0.15319331843133674
25,1496,1521,0.15319182306011364
26,1489,1515,0.15319087678198148
26,1487,1513,0.1531880821607049
25,1486,1511,0.1531847412287078
26,1480,1506,0.15318422688005526
28,1491,1519,0.15318095960536024
27,1486,1513,0.15317181040094796
26,1494,1520,0.15316655813286514
28,1488,1516,0.15316429129089346
30,1495,1525,0.15315791508877724
30,1489,1519,0.15314585962180505
29,1483,1512,0.15313517912095875
31,1490,1521,0.15312685707379708
29,1485,1514,0.15311345193177
29,1487,1516,0.15310634834162395
27,1492,1519,0.1531001708061372
26,1498,1524,0.15309974423415632
25,1504,1529,0.1531023598545164
27,1497,1524,0.15310641207167464
25,1481,1506,0.15310415889808074
26,1480,1506,0.15310802616952077
27,1473,1500,0.1531088730853452
27,1482,1509,0.1531070363767553
26,1481,1507,0.15310503924533686
25,1482,1507,0.15310692357169028
24,1478,1502,0.15311129221830538
25,1492,1517,0.15311793923726275
26,1503,1529,0.15312129473343492
26,1491,1517,0.15312260313127607
26,1474,1500,0.15312423761318147
27,1464,1491,0.15312613923479126
27,1477,1504,0.1531249959349072
26,1493,1519,0.15312432732347417
26,1491,1517,0.15312511122716374
23,1505,1528,0.15312628519280352
24,1506,1530,0.15313452956978704
23,1497,1520,0.15314013762028655
23,1493,1516,0.1531476998470778
24,1494,1518,0.15315504323186793
24,1505,1529,0.15315993512012016
24,1499,1523,0.15316480776074518
23,1502,1525,0.15316963545316115
23,1499,1522,0.1531755163207236
23,1498,1521,0.1531813467904622
23,1492,1515,0.15318710018660964
25,1503,1528,0.15319275433060156
25,1497,1522,0.1531917657623676
25,1499,1524,0.15319125487317933
25,1494,1519,0.1531900767645899
26,1498,1524,0.15318831367610586
22,1498,1520,0.15318493338971398
23,1494,1517,0.15319194525227786
22,1491,1513,0.15319558361366495
23,1485,1508,0.1532020778071262
23,1495,1518,0.1532053833992899
23,1497,1520,0.15320885279415858
25,1504,1529,0.15321244064209696
26,1485,1511,0.15321078047283884
26,1485,1511,0.1532063129653384
27,1498,1525,0.15320255686043097
27,1496,1523,0.15319615368730966
27,1493,1520,0.15319060573983362
24,1485,1509,0.15318470060892594
24,1494,1518,0.15318750753188443
25,1474,1499,0.15319045009631801
24,1476,1500,0.15318934063073178
24,1476,1500,0.15319089250890947
25,1471,1496,0.15319275137821944
28,1470,1498,0.1531915954696426
29,1484,1513,0.1531815117130152
28,1486,1514,0.15316851843078377
28,1480,1508,0.15315928683108965
26,1497,1523,0.1531513475135744
25,1480,1505,0.1531496619207034
27,1490,1517,0.15315102777438197
28,1480,1508,0.15314732540563414
28,1484,1512,0.15314181897665535
29,1489,1518,0.15313713999865317
27,1497,1524,0.1531288012245333
27,1485,1512,0.15312560546460008
26,1492,1518,0.15312207147836043
26,1497,1523,0.15312149179626477
26,1498,1524,0.1531210727888582
27,1499,1526,0.15312089219651587
27,1499,1526,0.1531187180653977
26,1497,1523,0.1531163058390178
27,1491,1518,0.15311712866238913
25,1501,1526,0.15311568792706784
25,1493,1518,0.1531193490250347
25,1486,1511,0.1531232058702968
22,1499,1521,0.15312720589077058
21,1493,1514,0.15313695707166977
20,1493,1513,0.15314921086491576
20,1498,1518,0.15316340670937037
20,1493,1513,0.15317698610220265
20,1508,1528,0.1531899624113785
20,1499,1519,0.1532023505379435
21,1485,1506,0.15321325723420448
23,1493,1516,0.15322060368544904
24,1500,1524,0.15322015843309403
22,1493,1515,0.1532161579606142
21,1499,1520,0.15321838961216827
21,1507,1528,0.15322398755266087
20,1513,1533,0.15322970660230692
20,1517,1537,0.15323818667063674
20,1515,1535,0.15324546810975606
20,1506,1526,0.15325163415689397
19,1494,1513,0.1532572587501631
19,1503,1522,0.1532655413450425
19,1506,1525,0.15327371445031915
18,1497,1515,0.1532817516389868
18,1487,1505,0.15329177858776372
18,1485,1503,0.15330148513408628
16,1487,1503,0.15331086263620627
15,1500,1515,0.1533246899602514
15,1500,1515,0.15334001733925265
15,1509,1524,0.15335456425238633
14,1520,1534,0.15336766689527573
14,1506,1520,0.15338231941008101
14,1501,1515,0.15339625369814136
13,1500,1513,0.15340949662315506
12,1498,1510,0.15342428394550933
13,1506,1519,0.1534404547364797
13,1490,1503,0.15345352274214463
13,1500,1513,0.1534659028962324
13,1514,1527,0.15347664263437297
14,1518,1532,0.15348691264049188
15,1510,1525,0.15349363442402789
16,1513,1529,0.15349750259809963
15,1505,1520,0.1534981341941841
14,1505,1519,0.15350124229710685
14,1507,1521,0.1535067994101452
15,1499,1514,0.15351228876320822
15,1501,1516,0.1535153249870883
15,1514,1529,0.1535184170396576
14,1509,1523,0.15352153856523462
14,1507,1521,0.1535268607452658
13,1516,1529,0.15353203458484482
14,1511,1525,0.15353951145954026
14,1507,1521,0.15354413749179846
14,1503,1517,0.1535475699165924
14,1506,1520,0.15355101845121816
14,1484,1498,0.15355446036454523
14,1497,1511,0.15355711823742202
15,1500,1515,0.15355985197629834
16,1504,1520,0.15355974337873918
17,1500,1517,0.1535566462497932
17,1502,1519,0.15355080310845748
18,1501,1519,0.1535448068807283
17,1504,1521,0.1535363309692589
17,1504,1521,0.15353105871650646
17,1503,1520,0.15352659102053276
16,1493,1509,0.15352283243923895
16,1484,1500,0.1535218562725759
17,1495,1512,0.15352073639436248
17,1498,1515,0.1535167863168225
16,1509,1525,0.15351294240085253
16,1498,1514,0.15351240033492236
16,1499,1515,0.15351226527527992
16,1501,1517,0.15351247626858583
16,1493,1509,0.15351297956905666
15,1500,1515,0.15351263980670737
15,1493,1508,0.1535148340357653
14,1494,1508,0.15351721349935038
15,1501,1516,0.15352189422006013
17,1505,1522,0.1535232705922294
17,1505,1522,0.1535193340958817
17,1496,1513,0.15351606612243787
16,1487,1503,0.1535133845336764
16,1490,1506,0.15351335966849664
14,1481,1495,0.15351387327866198
14,1495,1509,0.15351899637596478
12,1512,1524,0.15352404587464794
11,1508,1519,0.15353354180829137
11,1514,1525,0.1535449404750885
11,1502,1513,0.15355578993538763
10,1498,1508,0.15356610950284305
11,1502,1513,0.15357829607481227
11,1484,1495,0.15358600046705057
13,1492,1505,0.15359347468892806
12,1500,1512,0.15359416888976912
11,1496,1507,0.1535973821796618
11,1495,1506,0.15360315353407938
11,1487,1498,0.15360888655324964
8,1486,1494,0.1536145532467767
8,1498,1506,0.15362808938522823
9,1481,1490,0.15364088998427636
9,1499,1508,0.15364991773161202
10,1505,1515,0.15365855525975944
10,1502,1512,0.1536638824500326
10,1497,1507,0.15366860886855055
11,1488,1499,0.153673279072825
11,1498,1509,0.15367461265669163
11,1504,1515,0.15367616006933077
10,1501,1511,0.15367787981209907
10,1510,1520,0.1536819052569135
10,1521,1531,0.15368590383095623
10,1518,1528,0.153689856081233
9,1511,1520,0.1536937457771296
9,1507,1516,0.15369976015227382
9,1511,1520,0.1537055510769784
10,1509,1519,0.15371111835724066
10,1490,1500,0.153713193359654
9,1495,1504,0.1537153538271141
9,1485,1494,0.15371972190451968
9,1501,1510,0.1537239975320804
9,1505,1514,0.1537281695213768
9,1510,1519,0.15373222899478264
10,1521,1531,0.15373616908689985
11,1521,1532,0.15373671827618002
11,1520,1531,0.15373427443485022
11,1507,1518,0.15373226631798884
12,1513,1525,0.15373063963607808
12,1511,1523,0.15372606627735128
12,1505,1517,0.15372208981281532
11,1516,1527,0.1537186430914545
10,1513,1523,0.1537183723799903
10,1497,1507,0.15372044743649343
9,1508,1517,0.1537225614752117
9,1503,1512,0.15372683438592477
9,1500,1509,0.15373098247340458
9,1495,1504,0.15373500014701177
10,1501,1511,0.1537388834392373
9,1512,1521,0.1537401205364457
9,1516,1525,0.15374358471931385
9,1527,1536,0.1537469492350004
10,1507,1517,0.1537502093465189
10,1515,1525,0.15375015131179795
11,1518,1529,0.15375028075904262
10,1509,1519,0.15374729439904875
9,1507,1516,0.15374707255241699
9,1502,1511,0.1537492609192422
10,1494,1504,0.15375151045026733
10,1494,1504,0.153750522036049
9,1504,1513,0.15374985909698866
8,1500,1508,0.15375161961098985
9,1507,1516,0.1537556388829535
9,1503,1512,0.15375739071760608
8,1507,1515,0.15375921965101882
8,1513,1521,0.15376366914810358
8,1506,1514,0.15376796000435944
9,1510,1519,0.15377209105780656
6,1504,1510,0.1537731199179806
6,1518,1524,0.15378146186330596
6,1518,1524,0.1537893704594666
6,1507,1513,0.15379686490621228
7,1491,1498,0.15380314534220318
7,1480,1487,0.15380666460940529
7,1486,1493,0.15381012366368485
7,1491,1498,0.15381351128869877
7,1508,1515,0.1538168183897758
7,1497,1504,0.15382003772558187
7,1512,1519,0.1538231636695861
7,1519,1526,0.15382619199821
7,1521,1528,0.15382911970285842
7,1517,1524,0.15383194482331627
7,1516,1523,0.15383466630024942
7,1518,1525,0.15383728384477977
6,1514,1520,0.1538397978233122
6,1518,1524,0.15384438898928798
6,1528,1534,0.15384874612387933
6,1529,1535,0.15385287912568685
6,1527,1533,0.15385679770843363
6,1527,1533,0.1538605113719842
6,1522,1528,0.15386402937900964
6,1526,1532,0.15386736073658103
6,1510,1516,0.1538705141820517
6,1526,1532,0.15387349817266163
7,1525,1532,0.1538763208783609
6,1531,1537,0.15387591251422042
6,1518,1524,0.1538778963544315
6,1515,1521,0.15387984506660657
5,1520,1525,0.15388175250875435
5,1508,1513,0.1538846588772521
6,1507,1513,0.15388805599241334
6,1508,1514,0.15388813046204738
5,1521,1526,0.1538884005424379
5,1523,1528,0.15389099641762244
5,1521,1526,0.15389359839658098
5,1512,1517,0.15389619024672993
4,1509,1513,0.1538987582539318
5,1503,1508,0.15390402223998031
7,1503,1510,0.15390573901002177
6,1506,1512,0.15390152410188151
6,1501,1507,0.15390103883201456
6,1506,1512,0.15390075658685107
6,1494,1500,0.15390064816702986
6,1505,1511,0.15390068778399457
6,1506,1512,0.15390085269404025
7,1494,1501,0.1539011228699783
7,1495,1502,0.15389820004226035
7,1497,1504,0.15389565618860154
7,1510,1517,0.15389344875875424
7,1505,1512,0.1538915396794817
7,1503,1510,0.15388989489932292
7,1496,1503,0.1538884839787584
7,1503,1510,0.1538872797212994
7,1517,1524,0.15388625784146406
7,1508,1515,0.15388539666599754
7,1502,1509,0.15388467686505095
6,1518,1524,0.15388408121035585
6,1503,1509,0.15388581947207525
6,1506,1512,0.1538875118957212
6,1505,1511,0.1538891554084627
6,1518,1524,0.15389074769594893
6,1509,1515,0.15389228710055516
6,1512,1518,0.1538937725312227
4,1519,1523,0.15389520338366272
4,1526,1530,0.15390107341868936
4,1529,1533,0.1539065994148892
4,1525,1529,0.15391180098030502
4,1517,1521,0.15391669666201188
4,1517,1521,0.15392130399761123
4,1504,1508,0.153925639564876
4,1517,1521,0.15392971902953445
4,1506,1510,0.1539335571911914
3,1518,1521,0.15393716802739812
3,1507,1510,0.15394272833059622
3,1511,1514,0.15394795610300488
3,1507,1510,0.15395287099101448
3,1504,1507,0.1539574915042771
3,1503,1506,0.15396183507905792
3,1514,1517,0.15396591813830476
3,1518,1521,0.15396975614857933
3,1514,1517,0.1539733636739909
3,1504,1507,0.15397675442726796
3,1512,1515,0.15397994131810194
3,1514,1517,0.15398293649889058
3,1501,1504,0.1539857514080065
3,1500,1503,0.15398839681071064
3,1499,1502,0.15399088283782697
3,1502,1505,0.15399321902228963
3,1498,1501,0.15399541433366992
3,1490,1493,0.15399747721078622
3,1490,1493,0.1539994155924949
3,1487,1490,0.154001236946757
4,1495,1499,0.15400294829807096
4,1497,1501,0.15400128343077227
3,1505,1508,0.15399982714248306
3,1502,1505,0.1540007305037325
4,1510,1514,0.15400166687758568
4,1502,1506,0.1539993445760216
4,1486,1490,0.1539973424643599
4,1502,1506,0.15399562378319795
4,1497,1501,0.15399415567955027
4,1511,1515,0.15399290880771677
4,1511,1515,0.15399185697005002
4,1509,1513,0.15399097679368323
5,1521,1526,0.15399024743966722
4,1520,1524,0.15398636996877893
4,1510,1514,0.15398552687176562
4,1511,1515,0.1539848610665208
4,1510,1514,0.15398434949757955
4,1500,1504,0.15398397170664044
4,1498,1502,0.15398370955828042
4,1495,1499,0.15398354699367445
5,1496,1501,0.1539834698095152
5,1498,1503,0.15398060795832977
5,1501,1506,0.15397804840515925
5,1504,1509,0.15397576038629446
5,1513,1518,0.1539737162044496
5,1499,1504,0.153971890926782
5,1491,1496,0.1539702621124368
5,1508,1513,0.1539680806011904
5,1513,1518,0.1539661718210527
5,1512,1517,0.1539645055759596
5,1506,1511,0.1539630548280536
5,1500,1505,0.15396179537727853
5,1497,1502,0.1539607055729175
5,1492,1497,0.1539597660539225
4,1494,1498,0.15395895951519348
3,1497,1500,0.15396055757167584
3,1500,1503,0.15396471488735186
3,1489,1492,0.15396862367241637
4,1498,1502,0.15397229863366657
4,1501,1505,0.15397247900676267
5,1516,1521,0.15397275848391936
5,1502,1507,0.15396985188777948
5,1504,1509,0.1539673185879325
5,1502,1507,0.15396511698404122
6,1507,1513,0.1539632098229427
6,1495,1501,0.15395830401300656
6,1506,1512,0.15395393383492573
6,1504,1510,0.15395004404492554
5,1507,1512,0.15394658492436136
5,1511,1516,0.15394567905861842
5,1519,1524,0.15394498763764422
5,1506,1511,0.15394448238137065
5,1504,1509,0.15394413818628463
5,1509,1514,0.15394393279303017
4,1505,1509,0.1539438464875276
4,1499,1503,0.15394641290972844
4,1508,1512,0.15394887196951487
5,1503,1508,0.1539512254726169
5,1492,1497,0.15395079812246
6,1500,1506,0.15395048320755855
6,1508,1514,0.15394713503790403
6,1506,1512,0.15394415514618143
5,1513,1518,0.15394150540730206
5,1518,1523,0.1539413176499228
5,1517,1522,0.15394126362930277
4,1525,1529,0.153941323527276
3,1521,1524,0.15394371395478992
4,1519,1523,0.15394827181638643
4,1521,1525,0.15394934695408707
4,1525,1529,0.1539505260331736
4,1524,1528,0.1539517864426238
4,1521,1525,0.1539531085134907
4,1509,1513,0.153954475189254
4,1515,1519,0.1539558717307169
4,1514,1518,0.15395728545195303
4,1516,1520,0.1539587054841547
4,1513,1517,0.15396012256454664
4,1514,1518,0.15396152884781128
5,1517,1522,0.15396291773772566
5,1513,1518,0.15396146587029422
5,1511,1516,0.15396022253542369
5,1516,1521,0.153959163634744
5,1510,1515,0.1539582676204369
5,1502,1507,0.15395751523694068
5,1506,1511,0.1539568892881796
4,1498,1502,0.15395637442783233
5,1515,1520,0.1539582953616293
5,1518,1523,0.1539568698323077
5,1514,1519,0.1539556768064732
5,1525,1530,0.15395468807541074
5,1502,1507,0.15395387850304518
5,1511,1516,0.15395322570818729
4,1519,1523,0.15395270977872685
4,1518,1522,0.1539544700422797
3,1513,1516,0.15395620262799173
3,1491,1494,0.1539600499302108
3,1505,1508,0.15396372709723724
3,1510,1513,0.15396723817011007
3,1517,1520,0.15397058756287166
3,1517,1520,0.15397377997941894
3,1510,1513,0.15397682034130444
3,1498,1501,0.15397971372524757
3,1497,1500,0.15398246530924817
3,1499,1502,0.15398508032631159
3,1514,1517,0.15398756402490107
3,1517,1520,0.15398992163532646
3,1508,1511,0.1539921583413655
4,1511,1515,0.15399427925648834
4,1512,1516,0.15399301202758633
4,1512,1516,0.15399194535711785
4,1517,1521,0.1539910550374989
3,1509,1512,0.1539903194999016
3,1500,1503,0.15399262411874642
2,1493,1495,0.15399479966274618
2,1485,1487,0.1539990165197839
2,1491,1493,0.15400298642448645
2,1502,1504,0.15400672344678093
3,1499,1502,0.15401024089470808
3,1522,1525,0.15401112952630258
3,1511,1514,0.15401199478457783
3,1530,1533,0.1540128350896425
3,1518,1521,0.1540136492504652
3,1517,1520,0.1540144364127242
3,1522,1525,0.15401519601259936
3,1514,1517,0.15401592773587644
3,1520,1523,0.15401663148179678
3,1509,1512,0.15401730733114527
3,1509,1512,0.15401795551812003
3,1520,1523,0.15401857640557506
3,1520,1523,0.15401917046326963
3,1513,1516,0.15401973824879497
3,1518,1521,0.1540202803908845
3,1526,1529,0.15402079757484302
3,1513,1516,0.1540212905298596
3,1509,1512,0.15402176001799156
3,1512,1515,0.1540222068246314
3,1513,1516,0.15402263175028685
4,1497,1501,0.15402303560352326
4,1513,1517,0.15402014565665675
4,1512,1516,0.15401754212890098
4,1512,1516,0.15401519687109907
4,1495,1499,0.15401308448636794
3,1497,1500,0.15401118206185338
3,1500,1503,0.15401164404701073
3,1498,1501,0.15401214446983438
3,1508,1511,0.1540126745000609
3,1513,1516,0.15401322647757568
3,1519,1522,0.1540137937795378
4,1514,1518,0.15401437070159904
5,1515,1520,0.15401172333559096
5,1518,1523,0.15400611473096507
6,1519,1525,0.15400107969969704
6,1521,1527,0.15399332801002286
6,1509,1515,0.15398634202174397
6,1515,1521,0.15398004702755277
6,1517,1523,0.15397437555388915
6,1511,1517,0.15396926666383773
6,1492,1498,0.15396466532700245
6,1510,1516,0.15396052184993522
6,1516,1522,0.15395679136131124
6,1502,1508,0.15395343334659928
6,1523,1529,0.15395041122747874
5,1515,1520,0.1539476919817105
5,1497,1502,0.15394739014011352
5,1498,1503,0.15394720410573318
5,1505,1510,0.15394711740148956
5,1510,1515,0.15394711546247486
6,1505,1511,0.15394718543206565
6,1510,1516,0.15394405188185928
6,1509,1515,0.15394115983952195
7,1522,1529,0.1539386037892081
7,1506,1513,0.15393308083170368
7,1507,1514,0.15392813142130715
7,1513,1520,0.15392369789195062
7,1507,1514,0.1539197282673842
7,1487,1494,0.15391617570613383
7,1507,1514,0.15391299800022232
7,1508,1515,0.15391015712246886
7,1499,1506,0.15390761881768097
7,1513,1520,0.15390535223350374
7,1526,1533,0.15390332958709826
6,1509,1515,0.15390152586418987
6,1510,1516,0.15390209600615545
7,1512,1519,0.15390223174575288
7,1514,1521,0.153899945224699
6,1508,1514,0.1538979366908428
7,1518,1525,0.15389863357297456
7,1523,1530,0.15389612688910986
6,1511,1517,0.15389395522097
6,1505,1511,0.153894385238845
6,1516,1522,0.15389492491614026
6,1517,1523,0.15389555450287937
6,1517,1523,0.15389625670580356
6,1525,1531,0.1538970164187135
6,1515,1521,0.15389782048070988
6,1509,1515,0.15389865745953735
6,1505,1511,0.15389951745751207
6,1509,1515,0.15390039193776003
6,1501,1507,0.15390127356871827
6,1504,1510,0.15390215608505264
6,1499,1505,0.15390303416332898
6,1499,1505,0.1539039033109384
6,1509,1515,0.15390475976692689
6,1509,1515,0.1539056004135124
6,1514,1520,0.15390642269719504
6,1506,1512,0.15390722455847386
6,1504,1510,0.1539080043692823
6,1511,1517,0.15390876087734415
6,1509,1515,0.15390949315673091
6,1498,1504,0.15391020056397334
7,1498,1505,0.15391088269914688
7,1506,1513,0.15390826641041896
7,1518,1525,0.15390593043542855
6,1523,1529,0.15390384597387718
6,1515,1521,0.15390414768313757
5,1502,1507,0.15390452057621207
5,1509,1514,0.15390712220032637
5,1510,1515,0.15390963619530454
5,1514,1519,0.1539120608930569
5,1513,1518,0.15391439541570776
5,1534,1539,0.15391663956003832
5,1514,1519,0.15391879369555375
6,1504,1510,0.1539208586747027
6,1516,1522,0.15391957738719125
6,1512,1518,0.15391851400369297
7,1509,1516,0.15391764165989952
8,1500,1508,0.15391424375181512
8,1503,1511,0.15390801134239734
8,1507,1515,0.1539023990825931
8,1511,1519,0.15389734631493224
7,1511,1518,0.15389279825303626
7,1522,1529,0.15389085666602112
8,1512,1520,0.15388919543506455
8,1512,1520,0.1538845048339065
8,1491,1499,0.15388033930071182
8,1508,1516,0.15387664383788746
8,1517,1525,0.15387336900863247
8,1516,1524,0.15387047038597956
8,1514,1522,0.15386790805576558
9,1512,1521,0.15386474580855264
10,1515,1525,0.153858711979937
11,1517,1528,0.15385106292292566
10,1521,1531,0.1538409231007442
10,1506,1516,0.15383451405005485
9,1501,1510,0.15382876729954284
9,1499,1508,0.1538258889920273
9,1505,1514,0.15382339750292515
9,1504,1513,0.15382124887592769
10,1511,1521,0.15381940379454315
10,1513,1523,0.1538145485097574
11,1511,1522,0.15381023678227015
11,1508,1519,0.153803163594651
10,1524,1534,0.15379682780076476
10,1503,1513,0.15379420205413635
10,1500,1510,0.15379190148538086
10,1502,1512,0.15378989030699772
11,1492,1503,0.15378813645439662
12,1504,1516,0.1537833536629787
12,1514,1526,0.15377580739446617
11,1518,1529,0.1537690229652889
10,1507,1517,0.15376509248728215
10,1502,1512,0.15376366539137815
12,1512,1524,0.1537625594462112
12,1504,1516,0.15375695034418502
12,1505,1517,0.15375191973904348
12,1495,1507,0.15374740954320956
11,1490,1501,0.15374336741017205
11,1499,1510,0.15374099637741045
11,1508,1519,0.1537390143033566
11,1509,1520,0.15373737378340807
12,1496,1508,0.15373520523506795
12,1513,1525,0.15372975589544852
12,1504,1516,0.15372502122815024
11,1505,1516,0.15372101239753555
12,1509,1521,0.15371969120921603
12,1500,1512,0.15371651330739308
12,1502,1514,0.15371378260460783
12,1502,1514,0.15371144739007572
11,1499,1510,0.15370946146143227
12,1502,1514,0.1537103606333557
13,1513,1526,0.1537084728398853
12,1505,1517,0.15370361889198342
12,1505,1517,0.15370249057835444
11,1502,1513,0.1537015812038086
12,1496,1508,0.15370303231539909
12,1500,1512,0.15370133969427116
11,1517,1528,0.15369995686205848
10,1510,1520,0.15370098705638754
10,1515,1525,0.15370432945134527
10,1511,1521,0.15370761674174027
10,1493,1503,0.15371083764353016
11,1488,1499,0.1537139829932408
11,1495,1506,0.15371376850256332
11,1504,1515,0.15371377181823184
11,1508,1519,0.15371395964024573
11,1510,1521,0.15371430264950042
11,1513,1524,0.15371477507547213
11,1511,1522,0.15371535430866223
10,1508,1518,0.15371602055328842
10,1518,1528,0.15371892279808408
10,1509,1519,0.15372174777571448
9,1510,1519,0.153724490389786
9,1503,1512,0.15372934336250407
9,1505,1514,0.15373397150282475
9,1509,1518,0.15373838151521077
10,1506,1516,0.1537425803815526
10,1508,1518,0.15374331265488408
10,1506,1516,0.1537441527024158
9,1506,1515,0.15374507907429438
9,1498,1507,0.15374823473246027
9,1497,1506,0.1537513113899381
9,1506,1515,0.15375430285968802
9,1505,1514,0.1537572043992556
8,1508,1516,0.15376001251918392
8,1507,1515,0.15376486536447959
8,1501,1509,0.1537694912922207
9,1504,1513,0.15377389741926037
9,1504,1513,0.153774823620837
8,1501,1509,0.15377585031474708
7,1500,1507,0.153779124734226
7,1504,1511,0.15378530339289892
7,1507,1514,0.15379114371420533
6,1505,1511,0.15379666257738778
7,1498,1505,0.15380404626698552
7,1502,1509,0.15380796569985894
8,1506,1514,0.15381175659830176
8,1509,1517,0.1538122462712599
8,1514,1522,0.15381289410502363
8,1504,1512,0.15381367244546806
8,1499,1507,0.1538145570497617
6,1506,1512,0.15381552671314083
6,1506,1512,0.15382151348955264
6,1508,1514,0.15382718956499944
6,1508,1514,0.15383256864969164
6,1513,1519,0.1538376641225109
6,1516,1522,0.15384248900254252
6,1512,1518,0.15384705592703876
7,1515,1522,0.15385137713496794
8,1516,1524,0.15385220833365593
8,1510,1518,0.15384985511597976
8,1505,1513,0.15384787040927195
8,1515,1523,0.15384621005796273
8,1525,1533,0.15384483468771085
6,1514,1520,0.15384370921272342
7,1506,1513,0.15384724139049957
6,1511,1517,0.15384766602323358
5,1513,1518,0.15385043981701446
5,1502,1507,0.15385538872850404
4,1506,1510,0.15386019559802872
4,1511,1515,0.15386700339773768
4,1509,1513,0.15387352751173292
4,1512,1516,0.15387977261670593
4,1505,1509,0.15388574431907398
4,1508,1512,0.15389144898117338
4,1508,1512,0.1538968935693512
4,1508,1512,0.15390208552152987
4,1503,1507,0.15390703263207045
4,1509,1513,0.15391174295199056
4,1509,1513,0.15391622470279523
4,1513,1517,0.15392048620236415
4,1517,1521,0.15392453580150367
5,1513,1518,0.1539283818299199
5,1509,1514,0.1539292420691347
5,1504,1509,0.15393014566613186
4,1508,1512,0.15393108082518536
4,1512,1516,0.15393426919823602
4,1515,1519,0.15393732726399736
4,1514,1518,0.15394025682571
4,1514,1518,0.15394306016618306
4,1513,1517,0.1539457399619117
4,1514,1518,0.15394829920787695
3,1519,1522,0.1539507411518526
3,1529,1532,0.15395545299751512
4,1535,1539,0.15395988799304627
4,1529,1533,0.15396078946614303
3,1519,1522,0.15396175098822176
3,1519,1522,0.15396496049912073
3,1518,1521,0.15396806597573964
3,1509,1512,0.15397106505681546
3,1501,1504,0.153973956353587
3,1496,1499,0.15397673931152156
3,1510,1513,0.15397941408800764
3,1517,1520,0.15398198144432104
3,1520,1523,0.15398444265034314
3,1509,1512,0.1539867994006659
3,1516,1519,0.15398905374085595
3,1524,1527,0.1539912080027781
3,1512,1515,0.1539932647479892
3,1504,1507,0.1539952267183171
3,1514,1517,0.1539970967928304
4,1505,1509,0.15399887795048606
4,1508,1512,0.15399730683178128
4,1513,1517,0.1539959578269184
4,1517,1521,0.15399480519175288
4,1505,1509,0.15399382593107866
4,1503,1507,0.15399299951699594
3,1502,1505,0.1539923076354793
3,1512,1515,0.1539939936628154
3,1521,1524,0.15399563591486026
3,1505,1508,0.15399723134864543
3,1518,1521,0.15399877765985295
3,1516,1519,0.15400027318419696
4,1510,1514,0.15400171681001024
4,1513,1517,0.15399984189480037
3,1518,1521,0.1539982190318231
3,1515,1518,0.15399896794479828
3,1512,1515,0.15399978432092745
3,1510,1513,0.1540006530873179
3,1511,1514,0.15400156115258073
4,1515,1519,0.1540024971829683
4,1518,1522,0.15400017403093194
4,1519,1523,0.15399816707166775
4,1511,1515,0.15399644012237299
4,1527,1531,0.15399496084401884
4,1522,1526,0.15399370034830015
4,1517,1521,0.15399263284392928
4,1506,1510,0.15399173531838464
5,1508,1513,0.15399098725160593
5,1514,1519,0.15398710918759242
5,1510,1515,0.15398365046814397
5,1518,1523,0.15398056787014203
5,1525,1530,0.15397782251059547
5,1513,1518,0.1539753794173787
5,1517,1522,0.15397320714204482
5,1524,1529,0.1539712774106114
5,1522,1527,0.15396956480861695
5,1515,1520,0.15396804649710447
4,1510,1514,0.15396670195651382
4,1519,1523,0.15396767948022116
4,1516,1520,0.15396866423828393
5,1510,1515,0.1539696492828147
5,1513,1518,0.15396738934152066
5,1518,1523,0.153965419742659
5,1508,1513,0.15396370794966174
5,1502,1507,0.15396222485063668
5,1508,1513,0.15396094440970337
4,1491,1495,0.15395984335315618
4,1495,1499,0.15396107771447068
4,1515,1519,0.1539623193219385
4,1511,1515,0.15396355970534598
4,1516,1520,0.1539647916913094
4,1519,1523,0.15396600924840453
4,1534,1538,0.1539672073490982
4,1529,1533,0.15396838184674216
5,1524,1529,0.15396952936606736
6,1507,1513,0.1539673713175565
5,1510,1515,0.15396222589896508
5,1517,1522,0.15395971138647963
4,1517,1521,0.15395757176163588
4,1516,1520,0.1539580980208349
4,1511,1515,0.15395875757056474
5,1514,1519,0.15395952633817211
5,1514,1519,0.1539571994095662
5,1526,1531,0.15395523508652156
5,1537,1542,0.15395359005320045
5,1531,1536,0.1539522256737581
5,1517,1522,0.15395110751087315
5,1515,1520,0.15395020489250416
5,1515,1520,0.15394949052211604
7,1507,1514,0.15394894012808463
7,1515,1522,0.1539419908466099
7,1520,1527,0.15393577670451472
8,1515,1523,0.15393022291475666
8,1520,1528,0.15392198453559633
8,1525,1533,0.15391458520540818
8,1513,1521,0.1539079413943406
7,1517,1524,0.15390197777869719
7,1514,1521,0.15389933709912101
7,1511,1518,0.1538970305232323
6,1507,1513,0.1538950210771948
6,1498,1504,0.15389543158460103
6,1498,1504,0.15389594527959782
6,1501,1507,0.15389654344625797
6,1493,1499,0.15389720971121995
5,1504,1509,0.1538979297848435
4,1508,1512,0.15390084467558218
4,1516,1520,0.15390602812487672
5,1501,1506,0.15391094511548192
6,1509,1515,0.15391299999654387
6,1499,1505,0.15391173449276738
6,1511,1517,0.15391072808527637
7,1510,1517,0.1539099472594611
7,1518,1525,0.15390610953583367
7,1518,1525,0.15390274545585708
7,1510,1517,0.1538998029278577
7,1510,1517,0.15389723528108148
7,1509,1516,0.1538950007183145
7,1511,1518,0.15389306182281343
6,1502,1508,0.1538913851142139
7,1509,1516,0.15389263049970456
7,1515,1522,0.15389062553618157
7,1517,1524,0.15388890645590017
7,1504,1511,0.1538874399334191
7,1508,1515,0.1538861962159478
7,1506,1513,0.1538851487563625
7,1510,1517,0.15388427388302497
7,1521,1528,0.15388355050276437
7,1509,1516,0.15388295983374134
6,1517,1523,0.1538824851652335
5,1521,1526,0.1538842785280992
5,1504,1509,0.153888325516513
5,1511,1516,0.15389217353063084
5,1510,1515,0.15389583005700472
5,1506,1511,0.1538993025762012
5,1503,1508,0.15390259851955496
5,1519,1524,0.15390572523277585
5,1522,1527,0.15390868994558535
5,1520,1525,0.15391149974664534
5,1515,1520,0.15391416156312485
5,1515,1520,0.15391668214432117
5,1510,1515,0.15391906804881667
5,1515,1520,0.1539213256347107
3,1504,1507,0.15392346105251734
5,1507,1512,0.15392991038438528
5,1510,1515,0.15393140506505032
6,1514,1520,0.15393283382881803
6,1508,1514,0.1539310293184653
6,1495,1501,0.1539294536589787
6,1507,1513,0.15392808152263096
6,1501,1507,0.15392689021419856
6,1513,1519,0.15392585940637502
6,1509,1515,0.15392497090126864
7,1511,1518,0.1539242084154413
7,1511,1518,0.15392029778646585
7,1523,1530,0.15391678988285648
9,1521,1530,0.15391364435193478
9,1516,1525,0.15390427786260003
9,1508,1517,0.15389492168316998
9,1513,1522,0.15388652416426976
9,1514,1523,0.15387898945209563
10,1518,1528,0.15387223113726065
10,1507,1517,0.15386372402730308
10,1504,1514,0.15385602254492145
10,1507,1517,0.15384905011834374
10,1516,1526,0.15384273747141244
10,1508,1518,0.15383702192733728
10,1503,1513,0.15383184677896633
10,1514,1524,0.1538260964199561
9,1500,1509,0.15382095841542934
7,1507,1514,0.1538186138217713
7,1512,1519,0.15382129274979525
8,1520,1528,0.15382395956386663
8,1512,1520,0.1538242119524057
8,1506,1514,0.15382367979966552
8,1504,1512,0.15382339973233974
8,1507,1515,0.15382333500359002
8,1509,1517,0.15382345318050242
9,1512,1521,0.15382372568039793
9,1511,1520,0.15382093284986922
10,1523,1533,0.1538185402378599
9,1505,1514,0.15381322516092144
8,1517,1525,0.15381077198519497
6,1513,1519,0.15381088210876004
6,1504,1510,0.15381584994948547
6,1511,1517,0.15382069578599628
6,1508,1514,0.15382540940485157
6,1510,1516,0.15382998293469177
6,1507,1513,0.1538344105361712
6,1495,1501,0.15383868812705576
7,1505,1512,0.15384281313876272
7,1506,1513,0.15384351804342267
7,1504,1511,0.15384437393249695
7,1499,1506,0.15384535271648844
7,1514,1521,0.1538464298544163
7,1500,1507,0.15384758395913953
7,1493,1500,0.15384879644405455
7,1502,1509,0.15385005120696474
7,1505,1512,0.1538513343473383
6,1501,1507,0.1538526339135495
6,1491,1497,0.15385654302117804
7,1498,1505,0.15386024938832724
7,1502,1509,0.1538604957653622
7,1504,1511,0.15386086231331855
7,1511,1518,0.15386132862138135
6,1503,1509,0.15386187678852806
6,1502,1508,0.1538646926047453
7,1508,1515,0.1538674233497844
7,1491,1498,0.1538677323654419
7,1492,1499,0.15386810921323074
7,1498,1505,0.15386854137629494
7,1516,1523,0.1538690179107609
7,1516,1523,0.15386952927162043
7,1519,1526,0.15387006715678117
8,1524,1532,0.15387062436744767
7,1517,1524,0.15386803271262472
7,1524,1531,0.15386880224164515
6,1517,1523,0.15386956339098784
6,1522,1528,0.1538725100698369
6,1517,1523,0.1538753071209968
6,1529,1535,0.15387796079883187
7,1523,1530,0.1538804772513184
6,1521,1527,0.15387961174771828
5,1518,1523,0.15388108988616606
5,1510,1515,0.15388476862772874
5,1499,1504,0.15388832661112267
5,1497,1502,0.15389176127921492
5,1502,1507,0.1538950711824831
5,1518,1523,0.15389825582010208
4,1507,1511,0.15390131549949854
4,1501,1505,0.15390639947014056
4,1514,1518,0.15391123063173878
4,1519,1523,0.1539158188672419
4,1524,1528,0.15392017399182908
4,1521,1525,0.153924305705357
4,1504,1508,0.15392822355269906
4,1508,1512,0.1539319368910139
5,1504,1509,0.15393545486308494
6,1503,1509,0.15393618477691334
6,1511,1517,0.1539336732027896
5,1514,1519,0.15393148259149644
5,1526,1531,0.15393263798865245
5,1510,1515,0.15393377377894257
5,1503,1508,0.15393488631225377
5,1515,1520,0.15393597262312692
6,1522,1528,0.15393703034492928
6,1520,1526,0.15393478967364202
5,1511,1516,0.1539328228916797
5,1517,1522,0.153933254580188
5,1525,1530,0.15393377271794847
4,1523,1527,0.15393436121231371
4,1525,1529,0.15393721753489964
4,1512,1516,0.15393997826662895
4,1505,1509,0.1539426416139841
5,1507,1512,0.15394520662850922
6,1510,1516,0.15394521803555644
6,1500,1506,0.15394206088015636
5,1508,1513,0.15393927452587075
5,1516,1521,0.15393929868869755
5,1512,1517,0.1539394358994551
5,1510,1515,0.1539396681818832
3,1511,1514,0.15393997972530166
3,1509,1512,0.15394528510212335
3,1494,1497,0.15395028354412202
3,1508,1511,0.15395499212031843
3,1515,1518,0.1539594270211869
3,1518,1521,0.1539636035963262
3,1530,1533,0.15396753639138624
3,1519,1522,0.15397123918414393
3,1524,1527,0.15397472501964402
2,1515,1517,0.1539780062443384
2,1513,1515,0.15398326511493274
2,1516,1518,0.15398821079878353
2,1518,1520,0.15399286169030585
2,1526,1528,0.15399723512901456
2,1523,1525,0.15400134745746524
2,1529,1531,0.15400521407627532
2,1527,1529,0.1540088494963449
2,1514,1516,0.15401226738839413
2,1515,1517,0.15401548062993267
2,1513,1515,0.15401850134977427
2,1519,1521,0.15402134097020645
2,1515,1517,0.1540240102469233
2,1509,1511,0.15402651930682473
2,1512,1514,0.15402887768378393
2,1519,1521,0.15403109435248052
2,1523,1525,0.1540331777603935
2,1526,1528,0.15403513585804451
2,1511,1513,0.15403697612757958
2,1505,1507,0.15403870560977212
2,1509,1511,0.15404033092952837
2,1523,1525,0.1540418583199722
2,1520,1522,0.1540432936451824
2,1503,1505,0.15404464242165403
2,1507,1509,0.15404590983854993
2,1510,1512,0.15404710077680764
1,1503,1504,0.15404821982716205
1,1514,1515,0.15405143720463943
1,1516,1517,0.1540544599942722
1,1511,1512,0.1540572999142377
1,1517,1518,0.15405996798205127
1,1510,1511,0.1540624745559636
1,1509,1510,0.15406482937396157
1,1521,1522,0.15406704159050655
1,1513,1514,0.15406911981113716
1,1517,1518,0.15407107212505583
1,1516,1517,0.15407290613581387
1,1525,1526,0.15407462899020227
1,1523,1524,0.15407624740545
1,1509,1510,0.15407776769482706
1,1505,1506,0.15407919579174256
1,1510,1511,0.15408053727242482
1,1525,1526,0.15408179737726477
1,1522,1523,0.15408298103089957
1,1521,1522,0.15408409286110936
1,1519,1520,0.15408513721659595
1,1515,1516,0.15408611818370818
1,1505,1506,0.1540870396021753
2,1502,1504,0.15408790507990605
2,1497,1499,0.1540857013154821
2,1510,1512,0.1540837135390154
2,1510,1512,0.15408192067203202
2,1519,1521,0.15408030368779704
2,1521,1523,0.1540788454119177
2,1512,1514,0.15407753034230637
2,1507,1509,0.15407634448662424
2,1522,1524,0.15407527521551
2,1526,1528,0.1540743111300611
2,1514,1516,0.1540734419421849
3,1520,1523,0.15407265836657072
3,1519,1522,0.15406867542447705
3,1524,1527,0.15406506837326725
3,1520,1523,0.1540618014142077
3,1525,1528,0.15405884217835897
4,1522,1526,0.15405616139669745
4,1511,1515,0.15405046651343923
4,1505,1509,0.154045305268482
4,1506,1510,0.15404062720902936
4,1503,1507,0.15403638668064065
4,1493,1497,0.15403254236910818
4,1504,1508,0.15402905688618426
4,1505,1509,0.1540258963949534
4,1514,1518,0.15402303027104966
4,1499,1503,0.15402043079628347
3,1500,1503,0.15401807288157143
3,1513,1516,0.15401848971436102
3,1514,1517,0.15401891114720156
3,1509,1512,0.1540193339494426
3,1500,1503,0.15401975537590015
3,1498,1501,0.15402017310914054
3,1507,1510,0.1540205852080173
3,1505,1508,0.1540209900618148
3,1504,1507,0.154021386349417
3,1509,1512,0.154021773002978
3,1522,1525,0.15402214917562518
3,1525,1528,0.15402251421277138
3,1509,1512,0.15402286762665793
3,1502,1505,0.15402320907378664
3,1512,1515,0.15402353833493518
3,1498,1501,0.15402385529748072
3,1517,1520,0.15402415993978533
4,1515,1519,0.1540244523174216
4,1505,1509,0.15402146890413218
4,1503,1507,0.15401877848425588
4,1521,1525,0.15401635246482154
4,1511,1515,0.15401416503203078
4,1517,1521,0.15401219288182383
5,1506,1511,0.154010414976523
4,1505,1509,0.15400553768068156
4,1481,1485,0.1540033109576266
4,1502,1506,0.15400136946625687
5,1508,1513,0.15399968127022853
5,1497,1502,0.15399494565079683
4,1507,1511,0.15399071504129738
4,1501,1505,0.15398970475581955
4,1505,1509,0.15398887571218317
4,1503,1507,0.15398820541754799
4,1509,1513,0.15398767384538434
3,1509,1512,0.15398726318029562
4,1509,1513,0.15398911966206247
4,1510,1514,0.1539887030188347
4,1498,1502,0.15398838398030953
4,1508,1512,0.15398814969044608
4,1509,1513,0.15398798873782377
4,1516,1520,0.15398789100430432
4,1514,1518,0.153987847528979
4,1513,1517,0.15398785038588764
4,1498,1502,0.1539878925741462
4,1495,1499,0.15398796791925187
4,1487,1491,0.1539880709844548
4,1494,1498,0.1539881969911955
4,1502,1506,0.1539883417477042
4,1501,1505,0.15398850158494734
4,1496,1500,0.153988673299187
4,1520,1524,0.15398885410049018
4,1518,1522,0.15398904156659124
4,1516,1520,0.15398923360156905
4,1527,1531,0.1539894283988534
4,1522,1526,0.15398962440812355
4,1513,1517,0.15398982030570513
2,1510,1512,0.1539900149681098
2,1508,1510,0.153994598704777
3,1498,1501,0.15399890574153713
3,1496,1499,0.1540006360228064
3,1501,1504,0.1540022772064998
3,1510,1513,0.15400383314447746
3,1518,1521,0.1540053076061298
4,1513,1517,0.1540067042687107
4,1512,1516,0.1540047707859413
4,1510,1514,0.1540030708983647
4,1504,1508,0.1540015792615013
4,1513,1517,0.1540002731414889
5,1518,1523,0.1539991321536728
4,1529,1533,0.15399486827654257
4,1531,1535,0.15399325126739868
4,1510,1514,0.15399188782496434
4,1510,1514,0.15399074750355524
4,1515,1519,0.15398980316081556
4,1509,1513,0.15398903061671151
4,1507,1511,0.15398840834677568
4,1511,1515,0.15398791720621707
4,1540,1544,0.1539875401818421
4,1523,1527,0.15398726216903244
4,1514,1518,0.15398706977129414
4,1512,1516,0.15398695112013727
3,1524,1527,0.1539868957132648
3,1518,1521,0.15398934940278725
3,1518,1521,0.15399167162775587
3,1516,1519,0.15399386859810787
3,1520,1523,0.1539959463229431
3,1526,1529,0.15399791060538504
3,1514,1517,0.15399976703944723
3,1513,1516,0.15400152100861855
3,1510,1513,0.15400317768591457
3,1510,1513,0.15400474203517123
3,1504,1507,0.15400621881338442
3,1506,1509,0.15400761257392234
3,1510,1513,0.15400892767045893
3,1520,1523,0.15401016826149486
2,1507,1509,0.1540113383153505
2,1513,1515,0.15401459893316474
2,1507,1509,0.15401766586545032
2,1509,1511,0.15402055038426984
2,1517,1519,0.1540232631291451
2,1523,1525,0.15402581414014668
2,1514,1516,0.1540282128895079
2,1520,1522,0.1540304683117999
2,1525,1527,0.15403258883270776
2,1518,1520,0.1540345823964498
2,1517,1519,0.1540364564918829
2,1511,1513,0.15403821817733945
2,1520,1522,0.15403987410424105
2,1508,1510,0.15404143053953498
2,1521,1523,0.15404289338699928
2,1530,1532,0.15404426820746203
2,1516,1518,0.1540455602379799
2,1497,1499,0.1540467744100209
2,1501,1503,0.15404791536669404
2,1514,1516,0.15404898747906945
2,1517,1519,0.15404999486162985
2,1508,1510,0.15405094138689437
2,1510,1512,0.1540518306992531
3,1514,1517,0.15405266622805092
4,1512,1516,0.15405019738847095
4,1509,1513,0.15404471685610832
4,1516,1520,0.15403977133586388
4,1513,1517,0.15403530895917733
4,1517,1521,0.15403128286443324
4,1504,1508,0.1540276507149407
4,1516,1520,0.1540243742632383
4,1504,1508,0.15402141895727708
4,1505,1509,0.1540187535844602
4,1513,1517,0.15401634994990512
4,1510,1514,0.15401418258564173
4,1502,1506,0.15401222848777554
3,1501,1504,0.1540104668789301
3,1500,1503,0.1540113652032016
3,1499,1502,0.15401223817713558
3,1510,1513,0.1540130845072559
3,1511,1514,0.15401390325198144
3,1515,1518,0.15401469377397364
3,1515,1518,0.15401545569789957
3,1507,1510,0.15401509138049715
3,1527,1530,0.15401487261213354
3,1516,1519,0.15401477876574834
3,1509,1512,0.15401479159091264
4,1501,1505,0.15401489496245163
4,1509,1513,0.15401259495587172
4,1520,1524,0.15401053933804743
4,1516,1520,0.15400870323019192
5,1508,1513,0.15400706422565844
5,1514,1519,0.15400237859115845
5,1513,1518,0.15399815041827591
5,1513,1518,0.15399433529432716
5,1519,1524,0.1539908931029906
5,1514,1519,0.15398778760964632
5,1506,1511,0.1539849860866773
4,1508,1512,0.1539824589748841
4,1515,1519,0.15398244689071522
4,1512,1516,0.15398251100293184
4,1515,1519,0.1539826393514918
4,1518,1522,0.15398282141314856
4,1505,1509,0.15398304794548437
4,1502,1506,0.1539833108470528
4,1506,1510,0.15398360303201103
4,1520,1524,0.15398391831778382
4,1519,1523,0.15398425132444424
4,1516,1520,0.1539845973846272
4,1504,1508,0.15398495246290914
4,1510,1514,0.15398531308369345
4,1515,1519,0.1539856762667363
4,1498,1502,0.1539860394695337
4,1521,1525,0.1539864005358699
4,1518,1522,0.1539867576498938
3,1508,1511,0.15398710929515738
3,1516,1519,0.15398970860322125
3,1506,1509,0.15399215497231494
3,1501,1504,0.15399445719442342
2,1514,1516,0.1539966235765703
2,1517,1519,0.15400080893896984
2,1511,1513,0.1540047432783931
2,1509,1511,0.1540084414629783
2,1508,1510,0.1540119174986803
2,1518,1520,0.15401518457742944
3,1519,1522,0.15401825512278652
3,1521,1524,0.15401863319163223
3,1518,1521,0.1540190243181532
3,1523,1526,0.15401942427334855
3,1524,1527,0.15401982941235703
3,1506,1509,0.15402023660783268
3,1508,1511,0.15402064319032913
3,1507,1510,0.15402104689498544
3,1517,1520,0.15402144581387525
3,1528,1531,0.15402183835344566
3,1537,1540,0.15402222319652692
2,1534,1536,0.15402259926844744
3,1531,1534,0.15402511410968714
3,1520,1523,0.15402424941939635
3,1517,1520,0.15402355278200888
3,1512,1515,0.15402300277127476
4,1520,1524,0.15402258034880734
4,1516,1520,0.15401981102174628
4,1525,1529,0.15401731668801336
4,1522,1526,0.15401507044409507
4,1525,1529,0.15401304799491075
4,1532,1536,0.1540112274023142
4,1537,1541,0.1540095888577599
4,1533,1537,0.154008114476818
4,1535,1539,0.15400678811344243
4,1531,1535,0.15400559519209753
4,1529,1533,0.1540045225560307
4,1505,1509,0.1540035583301418
4,1508,1512,0.15400269179704856
3,1531,1534,0.1540019132850821
3,1527,1530,0.15400355952645461
2,1531,1533,0.1540051165690773
2,1529,1531,0.1540087448996747
2,1524,1526,0.1540121602828398
2,1518,1520,0.15401537484873604
2,1517,1519,0.15401840007357867
2,1511,1513,0.15402124681105456
2,1494,1496,0.15402392532265224
2,1487,1489,0.1540264453068879
2,1505,1507,0.15402881592742218
2,1502,1504,0.15403104584007077
3,1512,1515,0.15403314321871647
3,1508,1511,0.15403226871457013
4,1517,1521,0.15403151617496344
4,1503,1507,0.15402811776484968
4,1502,1506,0.1540250403743438
4,1515,1519,0.1540222535953802
4,1511,1515,0.1540197299055162
4,1511,1515,0.15401744439376508
4,1505,1509,0.1540153745124987
4,1497,1501,0.15401349985293997
4,1504,1508,0.15401180194200095
4,1500,1504,0.15401026405843543
4,1482,1486,0.15400887106646952
4,1480,1484,0.15400760926524665
4,1487,1491,0.15400646625258357
4,1496,1500,0.15400543080167567
4,1498,1502,0.15400449274952016
4,1509,1513,0.15400364289594257
3,1510,1513,0.15400287291221848
3,1506,1509,0.15400443603195935
3,1508,1511,0.15400591585090187
3,1502,1505,0.1540073162281922
3,1506,1509,0.15400864090917413
3,1502,1505,0.1540098935203728
3,1508,1511,0.1540110775659516
3,1503,1506,0.15401219642543929
3,1511,1514,0.15401325335254717
3,1510,1513,0.15401425147491746
3,1517,1520,0.15401519379466241
3,1509,1512,0.1540160831895704
3,1506,1509,0.1540169224148707
3,1517,1520,0.1540177141054602
2,1499,1501,0.15401846077850995
3,1503,1506,0.15402132289874984
3,1501,1504,0.1540217849773654
3,1515,1518,0.15402222796635326
3,1521,1524,0.1540226521298232
3,1521,1524,0.15402305780405665
4,1504,1508,0.15402344538449864
4,1502,1506,0.15402055079907895
4,1503,1507,0.1540179441213821
4,1500,1504,0.15401559703821824
4,1505,1509,0.15401348400117662
3,1519,1522,0.15401158195784176
3,1516,1519,0.15401205407345148
3,1517,1520,0.1540125627056302
2,1514,1516,0.1540130992249492
2,1501,1503,0.15401582072261596
2,1505,1507,0.15401842444245634
2,1517,1519,0.1540209128121792
2,1520,1522,0.1540232885784334
2,1516,1518,0.15402555474163024
2,1501,1503,0.15402771449920918
2,1504,1506,0.15402977119639658
2,1513,1515,0.1540317282836059
2,1498,1500,0.15403358927971994
2,1508,1510,0.15403535774057542
2,1516,1518,0.15403703723204315
2,1512,1514,0.15403863130716305
2,1505,1507,0.15404014348685022
2,1495,1497,0.15404157724374243
3,1507,1510,0.15404293598880525
3,1518,1521,0.15404095643096116
3,1518,1521,0.15403921342458318
3,1513,1516,0.15403768127990314
3,1512,1515,0.15403633696821198
3,1509,1512,0.15403515985330582
3,1520,1523,0.15403413144962563
3,1520,1523,0.1540332352044616
4,1509,1513,0.15403245630185006
4,1512,1516,0.15402850090889686
4,1522,1526,0.15402494449240545
4,1512,1516,0.1540217474332624
4,1514,1518,0.15401887400948844
4,1504,1508,0.15401629201513434
5,1513,1518,0.1540139724163095
5,1507,1512,0.15400878660099715
5,1516,1521,0.15400409301544538
5,1513,1518,0.15399984463039829
4,1506,1510,0.15399599892894628
4,1500,1504,0.15399466578995974
4,1490,1494,0.15399353183409623
4,1482,1486,0.15399257345008258
4,1494,1498,0.1539917695802292
5,1503,1508,0.1539911014565935
5,1508,1513,0.1539872902430214
5,1511,1516,0.15398388835911456
5,1519,1524,0.153980853792048
5,1509,1514,0.15397814873362495
5,1499,1504,0.15397573916568064
5,1518,1523,0.1539735944860007
4,1517,1521,0.15397168717081627
3,1531,1534,0.15397233674167077
3,1526,1529,0.15397566079568253
3,1520,1523,0.1539787991742557
3,1516,1519,0.15398176152950782
3,1521,1524,0.1539845570881872
2,1520,1522,0.1539871946617053
0,1525,1525,0.1539918731304611
