1369,29,1398,0.1357959195265108
1407,33,1440,0.13294607657234622
1445,35,1480,0.13024869221654725
1453,35,1488,0.12768897652908276
1456,34,1490,0.12534036674582605
1455,36,1491,0.12319783935227263
1458,37,1495,0.12125228463233664
1460,35,1495,0.11947397632037145
1457,36,1493,0.11785550968700974
1459,34,1493,0.11639158914253493
1452,34,1486,0.11505720299993843
1445,36,1481,0.11386120911805914
1459,36,1495,0.1127919091307479
1458,35,1493,0.11178523710260287
1445,34,1479,0.11087185248479059
1428,34,1462,0.11007418683980737
1424,34,1458,0.10939013256579556
1433,35,1468,0.10878171343034453
1445,36,1481,0.10820506627823502
1459,35,1494,0.10765296878343208
1461,35,1496,0.10711691184526054
1461,36,1497,0.106623949382422
1473,35,1508,0.10617453612689057
1459,38,1497,0.1057375567085438
1463,36,1499,0.10537213366248138
1467,38,1505,0.10503234019818056
1458,35,1493,0.10471608986578165
1462,34,1496,0.10444919938653634
1458,37,1495,0.10419564460350275
1457,37,1494,0.10397286224754762
1466,31,1497,0.10377398959286477
1469,33,1502,0.10357290952215002
1483,30,1513,0.10338273791502253
1495,29,1524,0.10317973584979963
1494,30,1524,0.1029635813141995
1483,30,1513,0.10277006778433734
1484,30,1514,0.10261534684891004
1478,28,1506,0.10247529352162324
1476,30,1506,0.1023611460418044
1476,29,1505,0.10226170825186898
1478,29,1507,0.10217295435292702
1473,29,1502,0.10208645665579176
1476,32,1508,0.1020197399810355
1465,30,1495,0.10195309905896187
1463,30,1493,0.10191706416772227
1469,30,1499,0.10188748275004174
1477,34,1511,0.10184730554854368
1466,33,1499,0.10179172155684464
1465,32,1497,0.10176543455068414
1455,31,1486,0.10174206684882588
1469,32,1501,0.10174339816107095
1458,32,1490,0.10171273070961886
1459,31,1490,0.10171241778978858
1464,33,1497,0.10171271107177172
1464,34,1498,0.10170265777139932
1452,35,1487,0.10169312421562554
1452,33,1485,0.10171230628826933
1450,34,1484,0.10173118421770672
1454,34,1488,0.10175309272456605
1457,34,1491,0.10176487463617008
1463,34,1497,0.10176835476806566
1457,34,1491,0.1017571739960978
1457,33,1490,0.10176048445655475
1459,34,1493,0.10176231008581102
1460,37,1497,0.10176074166050972
1463,36,1499,0.10175737331729984
1466,36,1502,0.10174553550935435
1462,37,1499,0.10172825926158488
1469,36,1505,0.10172215541368676
1463,37,1500,0.10169997275971339
1455,37,1492,0.10169248756764983
1450,38,1488,0.10170375185619349
1454,40,1494,0.10172799678650653
1454,41,1495,0.10174244964989565
1447,42,1489,0.10175391759809607
1456,42,1498,0.10178045604824076
1458,43,1501,0.10178725715303637
1463,46,1509,0.1017899086085569
1463,45,1508,0.1017788915238458
1468,46,1514,0.10176943609592815
1455,47,1502,0.10175184677367881
1450,48,1498,0.10176417718652314
1441,47,1488,0.10178943830536617
1449,49,1498,0.10183111829115886
1458,48,1506,0.10184995237108042
1456,50,1506,0.10184865843541888
1451,48,1499,0.10185446848705051
1442,48,1490,0.10187146382541251
1438,47,1485,0.10190434155007243
1453,48,1501,0.10194318185744165
1429,47,1476,0.10194476097207597
1437,46,1483,0.10200108282811303
1440,45,1485,0.10203679267575275
1443,45,1488,0.10206006488491928
1454,46,1500,0.10207400728579852
1439,45,1484,0.10206178580681477
1452,42,1494,0.10208464293866416
1460,41,1501,0.10207450005721679
1448,42,1490,0.10204620280847126
1453,44,1497,0.10204837686812912
1446,44,1490,0.10204060541251782
1443,45,1488,0.10204840957041156
1458,45,1503,0.1020638352428711
1448,42,1490,0.10204532461975624
1440,45,1485,0.1020510460986673
1443,44,1487,0.10207382264564818
1450,46,1496,0.10208777652387918
1438,46,1484,0.10208208013322727
1453,48,1501,0.10210543998888794
1446,50,1496,0.10209347029201402
1453,48,1501,0.10209933634200735
1452,48,1500,0.1020873263552718
1453,46,1499,0.10207977307811987
1448,47,1495,0.1020703629888844
1444,47,1491,0.10207380322139141
1437,49,1486,0.10208445009759788
1439,48,1487,0.10211100420009128
1430,48,1478,0.10213215215302177
1438,45,1483,0.1021730439688125
1444,45,1489,0.10219127373475737
1444,43,1487,0.10219423124649105
1457,46,1503,0.10219588137610763
1448,46,1494,0.10216931498142669
1441,47,1488,0.1021648671071825
1432,48,1480,0.1021759557397651
1429,47,1476,0.10220652136976437
1429,48,1477,0.10224470078400888
1425,47,1472,0.1022814694384082
1426,49,1475,0.10232381921831916
1435,52,1487,0.10236120987313331
1428,55,1483,0.10237475205780136
1426,54,1480,0.10240177198345521
1427,53,1480,0.10243110223618838
1437,52,1489,0.10245662521193033
1448,51,1499,0.10245674079463608
1456,51,1507,0.10243363353481001
1458,48,1506,0.10239221742762812
1450,50,1500,0.10234956874728234
1443,50,1493,0.10232832447508493
1438,52,1490,0.10232148229344842
1449,54,1503,0.10232785078433711
1447,54,1501,0.10231138216094006
1437,55,1492,0.10229926431981884
1439,56,1495,0.10231312858143995
1437,56,1493,0.10232373759734191
1416,57,1473,0.10233661490560611
1425,55,1480,0.10239550784891893
1420,55,1475,0.10243139670164422
1436,58,1494,0.10247504767968316
1438,58,1496,0.10247927807034773
1424,60,1484,0.1024778987144582
1415,61,1476,0.10250678335673417
1414,61,1475,0.10255496398023059
1422,59,1481,0.10260283863846727
1419,60,1479,0.10262833971168481
1426,62,1488,0.1026582690574939
1429,64,1493,0.10267033858857079
1429,63,1492,0.10267387251117946
1428,66,1494,0.10267518514598699
1433,66,1499,0.10267751079766033
1424,68,1492,0.10266998132941253
1428,71,1499,0.10268636848111445
1437,71,1508,0.102691965514677
1435,70,1505,0.1026779416967875
1434,69,1503,0.10266947821225862
1437,68,1505,0.10266691781992518
1428,69,1497,0.10265798131905779
1422,70,1492,0.10267096589257076
1415,69,1484,0.10269469743444919
1421,68,1489,0.10273231487263025
1430,68,1498,0.10275367928358152
1432,70,1502,0.10275387951183525
1433,71,1504,0.10275049593255249
1432,75,1507,0.10274378335746118
1433,75,1508,0.10274151923934881
1427,74,1501,0.10273593868697688
1423,73,1496,0.10274487970739106
1426,73,1499,0.10276238299257993
1407,73,1480,0.10277065555359029
1419,74,1493,0.10282263811102138
1417,77,1494,0.10284435766635194
1410,78,1488,0.10287052345143195
1421,81,1502,0.10290790847504319
1419,83,1502,0.1029180604147682
1425,83,1508,0.10293229226091744
1420,86,1506,0.10293206755458911
1415,87,1502,0.10294562811533332
1415,85,1500,0.10297160091638197
1405,84,1489,0.1029976021243685
1406,87,1493,0.10304276632444707
1410,91,1501,0.10308180732373444
1410,89,1499,0.1031098078251024
1401,90,1491,0.10313740205697204
1409,86,1495,0.10318164620401445
1410,87,1497,0.10320588135701197
1410,87,1497,0.10322624825602081
1413,87,1500,0.10324165262759517
1403,89,1492,0.10325242970913719
1392,89,1481,0.10328581616572415
1388,89,1477,0.1033403476511673
1391,86,1477,0.10340019059412739
1390,88,1478,0.10344732924719115
1389,87,1476,0.10348954209809072
1404,89,1493,0.10353110304116793
1412,86,1498,0.10353695326022354
1414,87,1501,0.10352500033562101
1400,87,1487,0.10350732326626522
1408,89,1497,0.10352142456079708
1408,86,1494,0.10351878895109294
1404,85,1489,0.10351661314287838
1403,88,1491,0.10352287596648357
1402,94,1496,0.10353322667630835
1403,95,1498,0.10354428500229147
1392,101,1493,0.10355273807041293
1401,101,1502,0.10358825116308594
1392,100,1492,0.10360107607718991
1397,100,1497,0.1036320465154249
1397,97,1494,0.10365142808772092
1391,99,1490,0.10366899282013499
1387,98,1485,0.10369874582461447
1388,100,1488,0.10373541236299288
1388,103,1491,0.1037679297782721
1385,104,1489,0.10379760714358287
1381,103,1484,0.10382994283998577
1375,106,1481,0.1038696991116993
1374,106,1480,0.10392125044614527
1375,106,1481,0.10397009060264165
1382,104,1486,0.10401351910448214
1379,111,1490,0.10403912596052571
1382,111,1493,0.1040685666751743
1385,115,1500,0.10408970359280588
1384,113,1497,0.10410334969054727
1387,110,1497,0.10411906796435337
1384,115,1499,0.10412991258988356
1394,117,1511,0.10414816863127807
1385,118,1503,0.10414108228038937
1379,114,1493,0.10415695805619243
1385,116,1501,0.10418350468581032
1378,114,1492,0.10419397864812308
1364,110,1474,0.10421854679862695
1374,112,1486,0.10427321780369385
1369,111,1480,0.10430089230256201
1366,114,1480,0.10433715323422423
1379,118,1497,0.10437739513805619
1363,120,1483,0.10438624141174714
1362,122,1484,0.1044286723264289
1362,121,1483,0.10446821341884739
1364,127,1491,0.10450655685279092
1355,124,1479,0.10453909779386258
1370,129,1499,0.10459069341637438
1364,129,1493,0.10460566344061746
1358,134,1492,0.10463280633980718
1355,135,1490,0.10467030873317895
1368,136,1504,0.10471284788244833
1366,132,1498,0.1047242350266732
1366,129,1495,0.10473716564576759
1366,132,1498,0.10475093341261424
1363,127,1490,0.10476298313427548
1360,128,1488,0.10478136770946843
1361,129,1490,0.10480610126627964
1359,132,1491,0.10482550891899368
1351,131,1482,0.10484648744850603
1348,132,1480,0.10488337309048192
1353,137,1490,0.10492632794319848
1352,138,1490,0.10495625195668316
1340,140,1480,0.10498637623776276
1334,140,1474,0.10504120671722457
1349,145,1494,0.10510645330481605
1351,144,1495,0.10513198369623915
1350,144,1494,0.10515314500722334
1355,148,1503,0.10517410477731877
1349,150,1499,0.10518417350380208
1352,148,1500,0.10521056233978175
1330,154,1484,0.10522712449391396
1322,155,1477,0.10529355998017062
1331,157,1488,0.10537235551812031
1328,154,1482,0.10542422301800539
1336,159,1495,0.10548035390231926
1322,158,1480,0.10551650530762928
1321,153,1474,0.10558166920994536
1323,155,1478,0.10563997908140912
1318,161,1479,0.10568773302658846
1329,162,1491,0.1057442354663402
1335,159,1494,0.10577231520687708
1332,156,1488,0.1057862391640318
1336,162,1498,0.10580698435509504
1332,164,1496,0.1058174947968637
1322,167,1489,0.10583790986240527
1321,170,1491,0.10587949070721617
1324,170,1494,0.10592003614573986
1319,170,1489,0.10595133857211475
1310,168,1478,0.10599131746384817
1311,170,1481,0.1060493311816818
1314,175,1489,0.10610183485763404
1317,178,1495,0.10614544249709564
1304,178,1482,0.10617666451373879
1320,174,1494,0.10623556350375318
1323,172,1495,0.10625412303369394
1314,173,1487,0.10626236219559876
1328,174,1502,0.10629070268275256
1329,172,1501,0.10628484910026971
1332,178,1510,0.10627676379622532
1338,179,1517,0.10626442481915585
1328,176,1504,0.10624226444979172
1329,176,1505,0.10624353614889805
1333,178,1511,0.10624384642839246
1325,175,1500,0.10623473147413226
1309,177,1486,0.10624560124011297
1298,177,1475,0.10629276243697536
1305,178,1483,0.10635889950029932
1297,179,1476,0.10640827181188575
1307,179,1486,0.1064723136750686
1310,181,1491,0.10650773785817712
1298,178,1476,0.10653315100088927
1303,177,1480,0.10658508226651665
1314,182,1496,0.10662188935538403
1317,183,1500,0.10663099444602762
1319,186,1505,0.10663166321866685
1312,189,1501,0.10662694594594628
1315,185,1500,0.10664108377072971
1310,187,1497,0.10664768549334952
1315,195,1510,0.10666457907528486
1312,192,1504,0.10667056234591278
1317,195,1512,0.10667996126171383
1304,193,1497,0.10668161250291507
1296,198,1494,0.10671168527518826
1280,200,1480,0.10675937699632163
1300,201,1501,0.10684196925577451
1305,207,1512,0.10687243163864714
1293,207,1500,0.10688954373129483
1299,208,1507,0.10693194654329745
1307,206,1513,0.1069568421567946
1308,206,1514,0.10696298202511267
1291,205,1496,0.1069694862520609
1293,209,1502,0.10701483604079083
1290,205,1495,0.10705308767026546
1285,209,1494,0.10709498137560182
1269,214,1483,0.10714201286586165
1287,221,1508,0.10722273871300146
1282,225,1507,0.10725827012430746
1268,224,1492,0.10730467223682584
1275,223,1498,0.10737824116704082
1282,225,1507,0.10743133937099185
1277,225,1502,0.10746561904974218
1280,223,1503,0.10750627540052057
1267,223,1490,0.10753756231351407
1277,221,1498,0.10759512281267769
1281,223,1504,0.10762537114923781
1285,222,1507,0.10764451440826626
1279,223,1502,0.1076535599840225
1288,223,1511,0.10767594554484518
1284,224,1508,0.1076761609025163
1281,220,1501,0.1076866367083603
1269,218,1487,0.10770388595346221
1266,219,1485,0.10774573299127134
1270,218,1488,0.10779100938675475
1284,220,1504,0.10782302077571786
1274,220,1494,0.1078203225470197
1273,223,1496,0.10784087198991017
1281,225,1506,0.1078626098564979
1279,226,1505,0.10786448122194571
1281,227,1508,0.10787220192777014
1279,227,1506,0.10787490643308302
1271,225,1496,0.10788235898313285
1280,231,1511,0.10791037012205017
1270,228,1498,0.10791465259756958
1260,229,1489,0.10794405666826724
1265,233,1498,0.10799224817253009
1260,236,1496,0.10802924028712468
1271,231,1502,0.10807692534935776
1282,236,1518,0.10809330495594914
1277,237,1514,0.10808395620474527
1269,233,1502,0.10808761971674923
1267,231,1498,0.10810646303827184
1265,232,1497,0.10812808328638007
1250,233,1483,0.10815289108740785
1261,241,1502,0.10821050037875189
1268,239,1507,0.10823940977855404
1261,241,1502,0.10825100434103095
1266,239,1505,0.10827747442849582
1257,239,1496,0.10829034486743176
1251,238,1489,0.10832521825083831
1257,236,1493,0.10837245782656767
1255,245,1500,0.10840254612768856
1252,247,1499,0.10843332774663049
1251,249,1500,0.10847048358429859
1249,249,1498,0.10850891860370758
1244,247,1491,0.1085480392396602
1242,248,1490,0.10859536325481431
1243,248,1491,0.1086439286943557
1246,251,1497,0.10868731595037452
1236,255,1491,0.10871829232389146
1240,256,1496,0.10876809908355053
1235,254,1489,0.10880651127542733
1230,257,1487,0.10885310138419432
1232,256,1488,0.10890708239187621
1238,258,1496,0.1089522581563924
1236,258,1494,0.10897963800295088
1248,254,1502,0.1090104790228261
1242,247,1489,0.10901101715876163
1245,251,1496,0.10902655033970345
1236,257,1493,0.10903225975537452
1237,258,1495,0.10906000489633165
1234,263,1497,0.10908162929668853
1239,260,1499,0.1091104880428223
1226,259,1485,0.10912572015647527
1234,257,1491,0.10916708562664916
1240,256,1496,0.10918526206429931
1236,262,1498,0.10919085709497008
1233,263,1496,0.10920536805287938
1227,267,1494,0.10922671557768389
1232,273,1505,0.10926352733715326
1225,270,1495,0.10928671477030795
1226,267,1493,0.10932348858388526
1219,271,1490,0.10935595669394779
1226,274,1500,0.10940441883063326
1224,275,1499,0.10943416438172741
1225,284,1509,0.10946485671514136
1223,279,1502,0.1094926888185489
1223,278,1501,0.1095246851190219
1221,278,1499,0.1095525508233432
1214,282,1496,0.1095817453172745
1210,282,1492,0.10962685467375
1213,282,1495,0.10967835991369651
1215,285,1500,0.10971745644716548
1215,285,1500,0.10974904258557194
1206,282,1488,0.10977731599709774
1209,283,1492,0.10982590033236436
1216,279,1495,0.10986497712309909
1213,281,1494,0.10988188038607785
1213,283,1496,0.10990541080633505
1219,281,1500,0.10992638841319102
1218,282,1500,0.10993341239716833
1206,284,1490,0.10994269362891868
1207,285,1492,0.1099817144954166
1201,282,1483,0.11001456378602097
1196,284,1480,0.11005702843872289
1208,292,1500,0.11010855082248494
1214,289,1503,0.11013065691855424
1201,298,1499,0.11013617558592409
1199,292,1491,0.11017296870856258
1205,291,1496,0.1102115595656036
1189,291,1480,0.11023165489844246
1207,294,1501,0.11028717447309141
1206,292,1498,0.11029772093295169
1210,289,1499,0.11031423929180566
1207,283,1490,0.11032009929985795
1208,290,1498,0.11032940768999933
1211,293,1504,0.11033359062868947
1209,297,1506,0.11033370684834348
1213,295,1508,0.11034008901985104
1201,299,1500,0.11033968762511663
1194,296,1490,0.1103661015171213
1197,299,1496,0.11040809857123915
1191,298,1489,0.11043860479032368
1194,303,1497,0.1104788057881422
1202,301,1503,0.11051116579024539
1194,306,1500,0.11052357418216698
1192,307,1499,0.11055409737875761
1194,310,1504,0.11058808890545162
1192,317,1509,0.11061669964924803
1186,316,1502,0.1106455445172381
1181,316,1497,0.11068845216332916
1185,321,1506,0.1107398912043146
1186,323,1509,0.11077880076700879
1184,329,1513,0.11081187697880285
1188,326,1514,0.11085009066233771
1187,326,1513,0.11087490962372001
1174,326,1500,0.11090015917687555
1165,330,1495,0.11095315790058484
1160,332,1492,0.11102187870096249
1159,332,1491,0.11109823647741753
1164,332,1496,0.11117109865252123
1167,336,1503,0.11122991986363456
1155,338,1493,0.11127864189586348
1143,338,1481,0.11135264064894272
1163,340,1503,0.11144760138767044
1157,338,1495,0.11149122840427447
1152,343,1495,0.11154451675911577
1162,340,1502,0.1116038710214356
1155,336,1491,0.11163530393251325
1147,338,1485,0.11167999026946937
1143,341,1484,0.11174035499838794
1161,335,1496,0.11180538477177832
1173,335,1508,0.11182520041114608
1164,337,1501,0.1118165999199897
1162,335,1497,0.11183101497257511
1170,336,1506,0.11184954887149519
1160,337,1497,0.11184679098924251
1161,340,1501,0.11186750551053437
1156,340,1496,0.11188460539328204
1158,341,1499,0.11191215692845351
1153,349,1502,0.11193559099536443
1156,349,1505,0.11196640756546133
1164,353,1517,0.11198979346104387
1165,356,1521,0.11199781498451386
1166,355,1521,0.11200159190133206
1155,355,1510,0.11200404959282644
1142,347,1489,0.11202935039923428
1135,348,1483,0.1120841403173338
1144,353,1497,0.11215159910960171
1137,351,1488,0.11219521576562919
1153,351,1504,0.11225020134751375
1139,358,1497,0.11226324890244914
1132,355,1487,0.11230741671309769
1133,360,1493,0.11236441222585868
1138,355,1493,0.11241197113327417
1140,360,1500,0.11244435558875689
1131,359,1490,0.11246805921631185
1129,364,1493,0.11251305498252955
1137,374,1511,0.11256187158722404
1125,381,1506,0.11258936372953024
1121,382,1503,0.11264292988868391
1118,377,1495,0.11270312594105608
1127,382,1509,0.11276654576291198
1115,386,1501,0.11280415725880298
1112,384,1496,0.11286665938114361
1103,389,1492,0.11293310931345982
1109,395,1504,0.11301639680391372
1107,395,1502,0.11308179581411255
1118,402,1520,0.11314604645279822
1121,404,1525,0.11318044747098004
1110,408,1518,0.11320895238204613
1112,417,1529,0.11326201175910754
1097,419,1516,0.11330779738944048
1099,415,1514,0.1133850253240628
1086,424,1510,0.1134555419831333
1075,425,1500,0.11355177734703928
1063,425,1488,0.11366948926573552
1060,431,1491,0.11380674790913087
1081,430,1511,0.11394230460551467
1073,438,1511,0.11401941395605901
1081,443,1524,0.11410981647009363
1063,446,1509,0.11417511957360911
1062,444,1506,0.11427471496066204
1056,444,1500,0.11436922723687765
1050,447,1497,0.11447224603417488
1044,453,1497,0.11458550324841997
1046,456,1502,0.11470198261708892
1053,449,1502,0.11480759271638968
1049,452,1501,0.11489191563977723
1050,457,1507,0.11497992764189427
1055,455,1510,0.11505814952021097
1055,463,1518,0.11511654842240457
1054,463,1517,0.11517107175118496
1044,465,1509,0.11522461883784593
1037,470,1507,0.11529687012528564
1031,475,1506,0.11538217700129579
1029,476,1505,0.11547275792383596
1032,481,1513,0.11556321083176918
1026,477,1503,0.11564029472631304
1029,476,1505,0.11572555587161272
1025,482,1507,0.11580036324806961
1013,480,1493,0.11587670601444526
1012,484,1496,0.11597566775996412
1008,475,1483,0.11607078890713893
1006,477,1483,0.11616926222410892
1006,484,1490,0.11626511616621812
1007,484,1491,0.11635688445139401
1009,483,1492,0.11643971562867214
1010,485,1495,0.11651117344656699
1009,480,1489,0.11657562726302928
1005,492,1497,0.11663770931403537
1008,483,1491,0.11670813655483471
1017,486,1503,0.11676518562770934
1018,488,1506,0.11679669507220311
1012,497,1509,0.11682511143548427
1019,488,1507,0.11686443325591435
1007,490,1497,0.11688486901581696
996,491,1487,0.11693364014212179
984,487,1471,0.1170045221581737
995,488,1483,0.11709972528586018
1004,488,1492,0.11716349366451645
1011,495,1506,0.11720398630624597
1005,490,1495,0.11722313964323731
1012,482,1494,0.11725031785256852
1005,493,1498,0.11725818486855735
1008,484,1492,0.11728057559248216
1011,491,1502,0.11729586398294554
1018,488,1506,0.11730175869055909
1013,493,1506,0.11728878675378632
1011,497,1508,0.11729033906988143
1003,491,1494,0.1172946341220247
1011,494,1505,0.11731822486030911
1006,492,1498,0.11732429887928429
1007,501,1508,0.1173412695172564
1009,499,1508,0.11735731283247723
1008,500,1508,0.11736437325038482
1007,503,1510,0.11737434597773283
1004,511,1515,0.11738742726385659
992,508,1500,0.11740754590726009
991,504,1495,0.11745649273975226
992,509,1501,0.11750224655250495
997,514,1511,0.117542834239721
993,513,1506,0.11756840574436467
987,515,1502,0.11760034937630948
982,516,1498,0.11764399825696013
973,514,1487,0.11769751335194281
972,515,1487,0.11776987704777107
980,519,1499,0.11784109165451465
976,520,1496,0.11788614774878735
975,518,1493,0.11793744640607734
976,521,1497,0.11798900143136215
987,522,1509,0.11803652047610534
979,531,1510,0.11805152509569806
989,531,1520,0.11808390086197776
990,525,1515,0.11809295648629202
982,521,1503,0.11809908172617928
966,525,1491,0.11812287994734275
964,526,1490,0.11818169422066076
968,522,1490,0.1182402959419499
954,525,1479,0.11828780033596008
951,527,1478,0.11836441881092834
957,529,1486,0.1184454781222799
959,525,1484,0.11850600278964363
953,535,1488,0.11856023155321525
952,539,1491,0.1186248449504264
959,542,1501,0.11868761357170515
962,546,1508,0.11873094060655084
953,547,1500,0.11876064195611966
954,552,1506,0.11881022702219286
954,556,1510,0.11885355904579223
945,565,1510,0.11889627174861472
951,556,1507,0.11895597663207588
946,555,1501,0.11899954438315787
945,548,1493,0.11905072724754298
953,550,1503,0.11910071443614513
956,549,1505,0.1191283234353568
963,551,1514,0.11914323429424048
957,553,1510,0.11914176926460007
954,553,1507,0.1191565746800952
947,554,1501,0.11917662099821154
939,545,1484,0.11921264152083846
937,553,1490,0.11926850405548617
945,562,1507,0.11932487423934644
943,558,1501,0.11935917370648444
951,558,1509,0.11939503643674547
951,563,1514,0.11940858483432076
963,563,1526,0.11941735363486963
971,559,1530,0.11939896280983127
965,558,1523,0.11936423562768236
961,555,1516,0.11934650209661854
948,557,1505,0.1193381456665397
957,556,1513,0.11936336958786387
955,555,1510,0.11936620212381267
954,548,1502,0.11937166078730767
953,549,1502,0.11937502018863931
952,553,1505,0.11938163345356884
947,548,1495,0.11939031227901403
954,547,1501,0.1194113248485408
945,557,1502,0.11941358006855587
942,560,1502,0.1194336024104118
945,562,1507,0.1194601104073017
946,569,1515,0.11948013427566828
947,575,1522,0.11949902818557359
943,571,1514,0.11951527534585736
944,578,1522,0.11954024576075623
932,572,1504,0.11956249357887792
923,563,1486,0.1196132457687326
926,574,1500,0.11967845517710962
926,574,1500,0.11973197853237576
921,578,1499,0.11978306183250809
915,581,1496,0.11984173211723746
913,588,1501,0.11990938604618236
916,591,1507,0.11997848206893144
911,579,1490,0.12003568899855033
914,584,1498,0.12009816762620724
911,584,1495,0.12015065642322031
927,585,1512,0.1202054546480246
921,579,1500,0.12021520429214139
923,578,1501,0.12023749791373842
915,580,1495,0.12025297820947312
904,582,1486,0.12028704573857507
892,582,1474,0.1203469942920534
896,592,1488,0.12042246315264425
902,599,1501,0.12048776680594839
893,603,1496,0.1205362009820733
886,605,1491,0.12060330844712165
883,609,1492,0.12068258382996955
890,608,1498,0.12076480334526533
895,606,1501,0.12082660547997659
893,608,1501,0.12087134985034269
889,608,1497,0.12091982619786938
885,612,1497,0.12097252545621771
883,608,1491,0.12103206044418925
886,610,1496,0.12109039223649322
889,614,1503,0.12113918059639847
885,617,1502,0.1211786087544334
895,615,1510,0.12122402856391906
892,628,1520,0.12123987957844502
875,636,1511,0.12126444481202718
869,637,1506,0.12132658217702744
871,635,1506,0.12140045219920136
861,629,1490,0.121467994834312
857,636,1493,0.12155691883662101
868,642,1510,0.12164808749441783
859,645,1504,0.12170911511483457
868,642,1510,0.1217859546930965
863,648,1511,0.1218382540649074
862,651,1513,0.12189855601440122
857,659,1516,0.12195835682243424
858,663,1521,0.12202615759288875
851,657,1508,0.12209092940668093
854,650,1504,0.12216736389556808
853,649,1502,0.12223010423881686
855,645,1500,0.12229367879632626
852,650,1502,0.12234796992506865
848,651,1499,0.12240586808768765
846,655,1501,0.1224696789181918
840,655,1495,0.12253143129030902
837,662,1499,0.12260005482188008
835,668,1503,0.12267165739460058
833,670,1503,0.12274352337595999
836,667,1503,0.12281039752023615
838,672,1510,0.12287040690612289
844,675,1519,0.12292069807626714
837,674,1511,0.12295593830327853
831,666,1497,0.12300577457899457
839,675,1514,0.12306723086199085
845,684,1529,0.12310618198963433
839,679,1518,0.12312963104582753
852,678,1530,0.12316456956211738
856,674,1530,0.1231646080970095
846,672,1518,0.12315712952871147
842,665,1507,0.12317476038775829
842,653,1495,0.12319842217961138
848,653,1501,0.12322158056185673
846,652,1498,0.12322235122689013
840,668,1508,0.1232262906891564
837,673,1510,0.12324493763701135
843,678,1521,0.12326985897670456
835,680,1515,0.12327938537264967
830,682,1512,0.12330857877710595
831,680,1511,0.1233501526678612
828,678,1506,0.12338599670505301
825,680,1505,0.12342480034844065
822,689,1511,0.12346821759820965
827,683,1510,0.12351613228723442
821,678,1499,0.12354968079726047
838,681,1519,0.12359422049747755
832,687,1519,0.12359392469451069
827,686,1513,0.12360737848477191
828,688,1516,0.1236329565189082
823,693,1516,0.1236571444110109
803,688,1491,0.12369203308487688
801,683,1484,0.12377057571562712
809,690,1499,0.1238488812477765
807,696,1503,0.12390530332153009
811,683,1494,0.12396028127070659
813,674,1487,0.12400276276577529
817,676,1493,0.12403612592596801
813,685,1498,0.12405432797222872
806,688,1494,0.1240815140181497
797,690,1487,0.12412207578683784
788,698,1486,0.12417756892592763
792,696,1488,0.12425054205482251
788,696,1484,0.12431117801928142
783,701,1484,0.12437698403343872
789,705,1494,0.12444946577107623
796,710,1506,0.12450232941218857
801,711,1512,0.12453527566990422
795,702,1497,0.1245530525101835
794,709,1503,0.12458297485351906
799,714,1513,0.12461118958399268
794,709,1503,0.12462699986850277
800,706,1506,0.12465742985458039
806,706,1512,0.1246720060288061
791,703,1494,0.12467331129490265
789,704,1493,0.12470626844379545
799,707,1506,0.12474571467545231
795,703,1498,0.12476003580799404
792,709,1501,0.12478298671261345
793,713,1506,0.12481130414177155
787,713,1500,0.12483498287727994
785,713,1498,0.12487204120611146
772,717,1489,0.12491267956239507
773,714,1487,0.12498109625243706
790,712,1502,0.12504297176897525
788,707,1495,0.12505962569746792
790,700,1490,0.12507899148214197
790,703,1493,0.12509484260498754
792,711,1503,0.12510919850088487
794,715,1509,0.12512069826427236
798,717,1515,0.1251288364915391
796,714,1510,0.12512642874945845
789,714,1503,0.1251267779198474
789,708,1497,0.12514323234391525
789,711,1500,0.1251590908349166
788,714,1502,0.12517418600106617
793,717,1510,0.12519065902971183
784,708,1492,0.12519596002320565
776,720,1496,0.12521968501511316
781,724,1505,0.12526049404028383
787,729,1516,0.1252861645271902
786,731,1517,0.12529753884106093
780,736,1516,0.12531108178509542
774,739,1513,0.12533781888335244
777,739,1516,0.12537688431280467
773,732,1505,0.1254078896515094
775,734,1509,0.12544733999862495
764,736,1500,0.12547867032580146
764,736,1500,0.1255349365463776
757,725,1482,0.12558661282314054
754,726,1480,0.12565215132306976
752,735,1487,0.12571994171790657
759,731,1490,0.1257881504696062
758,732,1490,0.12583255790150388
760,733,1493,0.12587783131142627
757,739,1496,0.12591143434620522
744,739,1483,0.1259503427041888
753,735,1488,0.12601867455363153
747,742,1489,0.12606099335837467
756,754,1510,0.12611370191311752
761,745,1506,0.1261429822221058
764,747,1511,0.12615907146868158
769,730,1499,0.12616827508772477
771,731,1502,0.12616379815714363
766,731,1497,0.12615359526403291
772,729,1501,0.1261550282656841
767,729,1496,0.12614509603922286
765,729,1494,0.12614748065727052
761,731,1492,0.12615370758627084
768,730,1498,0.12616640467357093
780,731,1511,0.12616191075262162
778,730,1508,0.12612878850772596
776,734,1510,0.12610383811907058
771,748,1519,0.1260865199786712
765,747,1512,0.1260855215918787
766,741,1507,0.12609779104766697
770,745,1515,0.12610506127313717
763,743,1506,0.12610203089712754
763,743,1506,0.126117941986623
754,748,1502,0.1261304436728622
767,742,1509,0.12616457822054353
766,753,1519,0.12616597843953373
768,754,1522,0.12617141296125764
762,761,1523,0.1261723194604355
755,758,1513,0.12618808906401785
759,761,1520,0.12622070237938232
750,763,1513,0.12624397700355808
746,760,1506,0.12628661121395976
739,749,1488,0.12633290864255642
737,758,1495,0.12639248850772142
741,755,1496,0.12645214442727004
748,759,1507,0.12650099863374037
752,757,1509,0.12652923719147308
754,761,1515,0.12654428453840297
751,759,1510,0.12655438349318981
755,764,1519,0.12657379987971534
755,753,1508,0.126579632869386
757,755,1512,0.12658236576474838
761,746,1507,0.12658011298254382
759,745,1504,0.1265694224381101
758,750,1508,0.126561609907211
749,751,1500,0.12655613719607223
742,743,1485,0.1265728433275983
745,753,1498,0.12660609191316274
741,754,1495,0.12663181747187585
743,750,1493,0.12666263599117383
732,758,1490,0.126687413002713
733,762,1495,0.12673569954368694
727,774,1501,0.12677957602474352
719,780,1499,0.12683509996288822
715,781,1496,0.12690432090601955
720,775,1495,0.1269755819554126
719,773,1492,0.12703025072478188
723,765,1488,0.1270852321692217
718,777,1495,0.1271274964558892
717,770,1487,0.12717557643778357
727,769,1496,0.12722247269500314
728,763,1491,0.1272445182614037
731,771,1502,0.12726510846353242
723,778,1501,0.12727752862382938
723,783,1506,0.12730835433791854
724,782,1506,0.12733605281759297
726,783,1509,0.12735960828459392
723,777,1500,0.12737690691308787
721,775,1496,0.12740144519770977
720,784,1504,0.1274292482853333
719,782,1501,0.1274582633019535
713,779,1492,0.127487877734559
719,783,1502,0.12752793650660427
719,788,1507,0.12755342587498247
714,786,1500,0.12757250502150838
712,795,1507,0.12760330982150608
715,793,1508,0.12763845976030008
705,792,1497,0.12766614696604128
702,793,1495,0.12771380229210166
709,793,1502,0.12776809949537293
699,802,1501,0.12780217667838234
709,800,1509,0.1278577565275153
712,795,1507,0.12788837733479208
702,808,1510,0.12790893279828314
705,807,1512,0.12795461608544895
705,816,1521,0.12799117959913187
705,813,1518,0.1280254472472167
697,817,1514,0.12805847575870974
696,805,1501,0.1281074028823192
692,803,1495,0.1281547662299667
684,798,1482,0.12820880819722547
674,801,1475,0.1282777283353335
673,800,1473,0.12836623898980284
683,797,1480,0.12845130347881425
681,799,1480,0.12850453535725553
690,795,1485,0.12855870246539156
691,791,1482,0.12858678316973524
699,804,1503,0.12861276799632435
695,799,1494,0.12861791456345614
687,809,1496,0.12863249298375248
698,817,1515,0.12866338086718632
697,815,1512,0.12866686845074263
698,814,1512,0.1286685526581063
700,811,1511,0.12866678807114254
682,817,1499,0.12865893466618608
688,813,1501,0.12869274624783333
689,813,1502,0.12871420211499016
699,813,1512,0.12872913275625414
678,805,1483,0.12871865432412533
680,813,1493,0.12875878913141198
686,809,1495,0.12879317585045424
683,813,1496,0.128813257420167
684,827,1511,0.12884086314324122
680,825,1505,0.1288631287206652
672,825,1497,0.12889382644946018
672,819,1491,0.12893883160795716
679,815,1494,0.1289825408363177
682,825,1507,0.12900814842791938
682,823,1505,0.12902460424856577
686,823,1509,0.12903944738808767
693,817,1510,0.12904408501209588
682,822,1504,0.12902986037452144
673,826,1499,0.12904047437050017
662,830,1492,0.12907253256045123
664,826,1490,0.1291250186413082
677,821,1498,0.12917127586913466
680,819,1499,0.12918516428161422
679,819,1498,0.12919098207974491
675,827,1502,0.1291967676781983
677,832,1509,0.12921348588298326
669,836,1505,0.12922356602160204
675,838,1513,0.129251251056974
675,832,1507,0.12926454920869968
676,833,1509,0.12927869014714147
673,838,1511,0.12928706856996508
671,847,1518,0.12930325902258644
671,838,1509,0.12932510804254502
670,833,1503,0.12934577593327784
670,831,1501,0.12936835552161985
668,841,1509,0.12938763191728322
675,846,1521,0.12941207110797368
666,836,1502,0.1294207162971628
680,831,1511,0.12945101262398814
680,824,1504,0.1294431253222551
677,812,1489,0.12943765068583202
684,811,1495,0.12943643557343798
686,824,1510,0.12942000956778169
682,825,1507,0.12939981361320924
682,824,1506,0.12939008933072363
680,826,1506,0.12938191292448717
671,820,1491,0.12937879771514763
664,823,1487,0.12939594919258302
669,823,1492,0.1294318456575522
667,820,1487,0.12945001342166307
667,824,1491,0.1294715721574884
665,833,1498,0.12949058866881671
655,842,1497,0.1295151903222334
662,846,1508,0.12956064341865295
655,838,1493,0.12958568930116873
659,835,1494,0.1296209895915778
663,836,1499,0.12964366005941586
654,822,1476,0.12965688516216656
661,821,1482,0.12968686838499704
655,839,1494,0.12970195287782754
654,834,1488,0.12973325609582875
644,841,1485,0.12976685194153587
648,849,1497,0.1298210945034253
647,854,1501,0.1298579058859331
644,857,1501,0.12989377994362142
641,863,1504,0.12993724917400917
636,871,1507,0.12998675820381042
631,868,1499,0.13004552346123785
639,876,1515,0.1301132938202284
639,876,1515,0.13015820874006218
649,865,1514,0.1301976879986913
636,864,1500,0.1302128201097827
636,868,1504,0.1302578618686165
646,860,1506,0.13029756414270605
640,867,1507,0.13031308128124686
638,868,1506,0.130342527688347
630,869,1499,0.13037397416008406
629,863,1492,0.13042175804180142
626,869,1495,0.13047196883929676
628,866,1494,0.13052621703070108
637,866,1503,0.13057085033168525
626,868,1494,0.13059002568456726
631,856,1487,0.13063501778833164
627,882,1509,0.13066635538496482
633,864,1497,0.13070734275663104
623,879,1502,0.13073154835607154
629,877,1506,0.1307771124280961
634,878,1512,0.13080291748718803
633,874,1507,0.1308143760280394
641,882,1523,0.13082978358844422
634,878,1512,0.13082519917880941
638,878,1516,0.13083766677607397
627,877,1504,0.1308409365092087
621,878,1499,0.1308686693231205
629,890,1519,0.13090811411105713
612,893,1505,0.13092416630227052
622,886,1508,0.13098003496560032
612,891,1503,0.13100957004701297
613,894,1507,0.13106212134615677
620,898,1518,0.13111048573209286
622,885,1507,0.1311362911004368
614,892,1506,0.13115643945059144
618,899,1517,0.13119536384690517
615,891,1506,0.1312236838099745
619,897,1516,0.13125649281653703
619,902,1521,0.1312778617212355
610,906,1516,0.13129635912213566
608,902,1510,0.1313359471302277
605,887,1492,0.1313780450574194
605,883,1488,0.13142489765216017
601,887,1488,0.1314685620944002
591,879,1470,0.1315167564089897
598,880,1478,0.13158676393035815
591,892,1483,0.13163292020498485
591,897,1488,0.13169281289537615
596,909,1505,0.13174969170508113
592,906,1498,0.13178929400488404
592,911,1503,0.1318328287751841
587,909,1496,0.13187511085574666
581,917,1498,0.13192739044934887
584,917,1501,0.1319885541882119
590,920,1510,0.13203781884443402
592,923,1515,0.1320708956624981
591,924,1515,0.1320963047298622
593,917,1510,0.13212352141589667
582,914,1496,0.13214559631056694
587,916,1503,0.13219194831217165
586,913,1499,0.13222260654426024
577,922,1499,0.13225303038529845
585,920,1505,0.13230477525555565
579,930,1509,0.1323334961546391
583,935,1518,0.13237506070232258
583,916,1499,0.1324020369512573
583,919,1502,0.1324276946914562
587,921,1508,0.13245167451468182
583,921,1504,0.13246251249650695
586,921,1507,0.1324822937417226
583,926,1509,0.13249189993608218
580,931,1511,0.1325080037942624
579,930,1509,0.13252948490340447
581,918,1499,0.1325503882876397
586,916,1502,0.13256400257460868
580,928,1508,0.13256403022877652
580,924,1504,0.13257964947182846
587,922,1509,0.1325927154754265
595,917,1512,0.1325887868168579
597,912,1509,0.13256550711604484
601,912,1513,0.13253854986539634
594,914,1508,0.1325018185886719
592,923,1515,0.13248550988195107
594,931,1525,0.13247854077399102
599,936,1535,0.13246899467526368
598,926,1524,0.13244998013798243
599,918,1517,0.1324351704200555
601,920,1521,0.13241929676110767
601,917,1518,0.13240080949457736
603,917,1520,0.13238329325784626
593,924,1517,0.13236316669173046
586,915,1501,0.1323688981201448
581,924,1505,0.1323889685695271
577,918,1495,0.1324223924000334
584,912,1496,0.13246333002088637
579,922,1501,0.1324862165175547
576,924,1500,0.1325193659644421
579,924,1503,0.1325568754309315
583,926,1509,0.13258432946939547
581,925,1506,0.1326008807826174
584,932,1516,0.13262019476315046
573,935,1508,0.13263241870164713
576,933,1509,0.13266902553932008
578,926,1504,0.1326962440767211
572,934,1506,0.13271513915591146
574,932,1506,0.13274500664760427
573,933,1506,0.13277088056171707
575,933,1508,0.13279748366352187
569,922,1491,0.13281607867508058
575,934,1509,0.13284689132572286
583,923,1506,0.13286417973691272
579,929,1508,0.13285955385178136
568,918,1486,0.13286389141985905
575,913,1488,0.13289282738983985
575,924,1499,0.13290168940951794
572,922,1494,0.1329107283198328
571,926,1497,0.13292605378526529
568,935,1503,0.13294022625106902
563,938,1501,0.1329636724071904
554,945,1499,0.13299892122242413
550,956,1506,0.13305487280311862
559,955,1514,0.1331151322091591
562,949,1511,0.13314767652066217
563,947,1510,0.13317112134179246
561,942,1503,0.1331885359286889
555,940,1495,0.1332092197900071
560,935,1495,0.13324380828178886
564,933,1497,0.13326386445432103
560,932,1492,0.13327271797783088
561,934,1495,0.133292126361311
562,937,1499,0.13330849572952425
570,947,1517,0.13332070080460925
567,947,1514,0.13331055511323656
570,951,1521,0.13330815242338956
572,950,1522,0.13330004677379972
573,946,1519,0.13328926655749768
572,945,1517,0.13327759305176928
569,951,1520,0.1332681672549443
551,955,1506,0.13326731214247872
553,944,1497,0.13330985792033334
544,950,1494,0.1333418251103388
542,942,1484,0.1333929310472923
554,949,1503,0.13344552573289004
548,959,1507,0.1334684978075034
545,957,1502,0.13350538623105856
544,953,1497,0.13354900851238583
547,946,1493,0.13359097341568987
549,959,1508,0.13362208365349104
545,965,1510,0.13364720913061504
546,969,1515,0.13367980006632307
545,972,1517,0.13370983947360376
545,964,1509,0.13374020894716204
548,957,1505,0.13376914917285937
551,961,1512,0.13378618927693198
554,948,1502,0.13379620354262328
546,962,1508,0.13380039932905463
541,962,1503,0.1338218074644097
540,951,1491,0.13385474966059185
550,954,1504,0.1338887271707417
558,953,1511,0.13389477880173023
553,958,1511,0.1338796358774182
555,959,1514,0.13387557600418018
559,950,1509,0.13386670958379518
558,955,1513,0.1338487691493149
557,943,1500,0.13383620553616318
551,938,1489,0.1338292558794479
550,946,1496,0.13383551863707396
555,948,1503,0.13384498776836723
562,946,1508,0.13383895098624143
564,948,1512,0.13381791510189964
560,959,1519,0.1337966257416893
568,945,1513,0.13378580497115028
573,948,1521,0.133757228816972
570,945,1515,0.133722238714445
560,957,1517,0.13369847004147625
553,951,1504,0.13369826667295986
559,941,1500,0.13371366731801188
558,953,1511,0.13371572289950662
553,958,1511,0.1337214062150729
550,962,1512,0.13373806516445497
544,965,1509,0.13376104649612716
545,957,1502,0.13379804299243075
538,958,1496,0.13382815016403918
536,953,1489,0.13387133020691797
530,943,1473,0.133914575539207
536,948,1484,0.13396951080505087
534,950,1484,0.13400338577555485
541,951,1492,0.13404080734371854
549,953,1502,0.13405702575756948
546,955,1501,0.13405384698270886
545,965,1510,0.13405404428646542
554,961,1515,0.13405845978862835
558,964,1522,0.13404219507865162
546,968,1514,0.1340169666237827
543,964,1507,0.13402435380030528
536,974,1510,0.13403846069536277
529,978,1507,0.13407086813778465
524,977,1501,0.13411827090696649
533,983,1516,0.1341754252724572
529,978,1507,0.1342072056561853
539,989,1528,0.13424786890475857
543,997,1540,0.13426370550018452
542,991,1533,0.13426772568754916
541,980,1521,0.13427508808111693
529,982,1511,0.13428101847330914
525,978,1503,0.13431442329936039
535,969,1504,0.13435434485862796
539,980,1519,0.13436677524672816
531,973,1504,0.13436890859062267
518,962,1480,0.13439201624817926
523,971,1494,0.13444397835906427
532,977,1509,0.13448008249674995
529,977,1506,0.1344921622137049
528,981,1509,0.13451037282800352
527,991,1518,0.13453093161822163
531,996,1527,0.13455214430563234
530,988,1518,0.13456175857521832
533,996,1529,0.13457340811393795
526,997,1523,0.13457900389512797
530,996,1526,0.13460012191917034
514,1001,1515,0.13461305127896284
512,1006,1518,0.13466241925972933
507,993,1500,0.134712780101889
516,1002,1518,0.13477391410379078
516,1002,1518,0.13480887949579504
510,1001,1511,0.13484194235159408
503,1017,1520,0.1348860061112222
495,1011,1506,0.13494331546862853
508,1006,1514,0.13501617884452152
506,998,1504,0.1350531342728243
507,993,1500,0.13508914556484158
504,1001,1505,0.1351201612391554
502,1002,1504,0.13515616329680247
503,1008,1511,0.1351940748834111
506,1004,1510,0.13522677136219408
507,1006,1513,0.13524928979806922
509,1003,1512,0.13526917844058967
508,1010,1518,0.13528510806679314
513,1008,1521,0.13530107450693696
508,1008,1516,0.13530503712189348
497,994,1491,0.135320373933903
499,994,1493,0.1353604186882141
499,996,1495,0.1353947187188277
494,996,1490,0.13542883206352394
487,1008,1495,0.13547315904063878
492,1003,1495,0.13553043238007426
502,995,1497,0.1355710982604053
500,1003,1503,0.13558400695471876
501,1006,1507,0.13560018762895776
497,1021,1518,0.13561292304260422
503,1014,1517,0.13563432507881856
496,1019,1515,0.13564243580814506
494,1019,1513,0.1356675592880638
493,1018,1511,0.13569361681950856
492,1026,1518,0.13572091939489705
490,1025,1515,0.1357472619459271
493,1020,1513,0.1357761747452858
489,1021,1510,0.135795436063746
493,1017,1510,0.135824742259176
491,1023,1514,0.1358437830877381
481,1017,1498,0.13586608684143775
484,1016,1500,0.13590910278926732
485,1016,1501,0.13594148678173887
478,1017,1495,0.13596960379125642
478,1012,1490,0.13601168767976454
482,1009,1491,0.13605104145553198
481,1015,1496,0.13608165239220682
494,1016,1510,0.13611173269157528
481,1024,1505,0.13610962062183884
481,1032,1513,0.13613744080918722
477,1037,1514,0.13616373588334965
487,1038,1525,0.1361996522503307
484,1037,1521,0.1362094216353909
483,1027,1510,0.1362257349614195
491,1026,1517,0.13624235651628738
487,1023,1510,0.13623962927957267
486,1016,1502,0.1362459592065737
487,1010,1497,0.13625472018747675
487,1006,1493,0.13625903458409858
491,1020,1511,0.1362627202547558
491,1009,1500,0.1362596198081512
484,1021,1505,0.13625633210215632
488,1023,1511,0.13627154668727526
480,1015,1495,0.1362731357437772
479,1019,1498,0.13629503461867862
476,1026,1502,0.13631815151720109
476,1026,1502,0.13634951664338424
474,1018,1492,0.13637888294924036
478,1026,1504,0.1364082601155902
471,1025,1496,0.13642528948850446
477,1029,1506,0.13645809970254644
466,1026,1492,0.13647691669900744
471,1032,1503,0.13652004003524143
472,1031,1503,0.13654615844156676
471,1044,1515,0.1365647975404964
474,1037,1511,0.13658560260234232
477,1047,1524,0.1365976469817613
479,1038,1517,0.13660371148123637
480,1030,1510,0.13660371457983897
477,1027,1504,0.13660143416497783
477,1028,1505,0.1366068804491127
481,1036,1517,0.13660714446055092
485,1031,1516,0.13659875900590238
485,1031,1516,0.13658310592091172
483,1041,1524,0.13656781429669504
492,1034,1526,0.13655831045795772
480,1031,1511,0.136528680488984
488,1029,1517,0.13652906893252553
480,1033,1513,0.136511703661314
473,1031,1504,0.13651529393898143
462,1029,1491,0.13653407521029542
463,1032,1495,0.13657812778995218
475,1034,1509,0.13661771147925178
483,1040,1523,0.13662745447380362
468,1033,1501,0.13661537101663956
460,1032,1492,0.13664143873898862
456,1039,1495,0.13668528293031773
450,1049,1499,0.13673746802272382
456,1044,1500,0.136799655407707
455,1046,1501,0.13684299470454925
451,1044,1495,0.13688774010379556
445,1040,1485,0.13693702648031855
448,1046,1494,0.13699826061411696
453,1066,1519,0.1370459223131841
453,1064,1517,0.13707999445889224
448,1070,1518,0.13711465870898
445,1070,1515,0.1371601775619774
444,1073,1517,0.13720869514393993
435,1076,1511,0.1372575341226492
434,1066,1500,0.13732367969415044
443,1066,1509,0.13738720926221265
440,1072,1512,0.13742258022193082
448,1066,1514,0.13746021948062218
447,1068,1515,0.1374778456573192
447,1070,1517,0.13749464671765035
447,1073,1520,0.13751082284486846
440,1070,1510,0.13752558282986546
445,1062,1507,0.13755464224146471
447,1073,1520,0.1375709629386174
450,1077,1527,0.13758184696479028
453,1075,1528,0.13758571547628368
443,1069,1512,0.1375826142139824
444,1074,1518,0.13760408226916485
443,1062,1505,0.13762235482234117
446,1061,1507,0.13763900296766843
451,1056,1507,0.13764538002027524
449,1060,1509,0.13764146359671714
455,1061,1516,0.13764332961972683
447,1060,1507,0.1376306012646446
446,1065,1511,0.13763783845137018
436,1062,1498,0.1376471969070458
433,1072,1505,0.13768037781748668
434,1070,1504,0.13772251742889877
440,1077,1517,0.13776065907970989
442,1079,1521,0.13778145629809227
439,1082,1521,0.13779751662842865
439,1088,1527,0.13781974396540048
431,1093,1524,0.13784057851581227
428,1101,1529,0.13788056571134813
423,1097,1520,0.1379236495656183
416,1092,1508,0.1379739585551663
412,1092,1504,0.13803536636829947
414,1103,1517,0.13810223207464356
423,1101,1524,0.1381614017891586
421,1092,1513,0.13819573983682923
428,1096,1524,0.13823306493958012
427,1095,1522,0.1382522297194975
422,1100,1522,0.13827220342843374
415,1092,1507,0.13830358997510334
410,1100,1510,0.1383483614802083
410,1107,1517,0.1384011558709511
409,1105,1514,0.13845153579939354
409,1096,1505,0.13850279457121456
408,1096,1504,0.13855082488694936
411,1108,1519,0.13859689797969219
415,1112,1527,0.13863397305566508
409,1099,1508,0.13865479343275772
410,1099,1509,0.1386887396626381
404,1108,1512,0.13872004735035617
403,1104,1507,0.13876204372459333
401,1111,1512,0.13880319701291274
401,1100,1501,0.13884778312625506
403,1102,1505,0.13888780490706534
404,1109,1513,0.13892043887033356
398,1095,1493,0.1389484314712929
400,1104,1504,0.1389887198027993
401,1108,1509,0.13902238168979986
395,1096,1491,0.13905254846790238
403,1095,1498,0.13909393415355895
402,1109,1511,0.13911489524666082
405,1112,1517,0.13913651830637733
404,1107,1511,0.1391487233696569
406,1108,1514,0.13916244970970962
405,1105,1510,0.13917034717757176
407,1107,1514,0.13918163328254754
409,1107,1516,0.13918557244337026
403,1097,1500,0.13918779299449505
399,1096,1495,0.13920605321503066
394,1104,1498,0.1392320947848398
393,1099,1492,0.13926721710272882
399,1107,1506,0.13930115916718835
397,1112,1509,0.13931931573377582
389,1113,1502,0.1393413871067332
390,1107,1497,0.13938113707995697
391,1100,1491,0.139415312947209
390,1118,1508,0.1394430899911279
392,1113,1505,0.13947013905674427
386,1105,1491,0.139492286880601
384,1114,1498,0.13952570653863083
389,1111,1500,0.13955947362402552
390,1112,1502,0.13957870674431644
387,1116,1503,0.1395932481597809
381,1109,1490,0.13961126155280632
385,1121,1506,0.13964054904259768
381,1115,1496,0.13965684919387047
379,1113,1492,0.1396821470152933
382,1119,1501,0.13970871537134089
383,1110,1493,0.13972874267909632
384,1109,1493,0.13974591235589517
389,1121,1510,0.13976030508189402
389,1127,1516,0.13975937698983787
388,1122,1510,0.13976083022630995
398,1127,1525,0.13976532959812982
399,1126,1525,0.1397439811709202
394,1122,1516,0.13972397576404724
395,1114,1509,0.13971584598609033
390,1124,1514,0.1397059314426159
386,1115,1501,0.13970876984874317
383,1125,1508,0.1397222007290966
383,1103,1486,0.1397424926984846
391,1112,1503,0.13975713736927867
396,1108,1504,0.13975359737349333
398,1101,1499,0.13973913658944537
401,1113,1514,0.13972155876173087
397,1116,1513,0.13969818329974468
391,1112,1503,0.13968727577476447
390,1116,1506,0.1396922450629448
390,1125,1515,0.13969965402903903
392,1123,1515,0.1397090171088412
394,1120,1514,0.13971251911494315
390,1123,1513,0.13971090373392397
401,1117,1518,0.13971735285321774
398,1113,1511,0.1396973679102717
395,1118,1513,0.13968643039256387
392,1107,1499,0.1396821836912222
389,1102,1491,0.13968633528314858
387,1118,1505,0.13969553713330424
384,1125,1509,0.139708118756901
383,1128,1511,0.13972894494344246
379,1128,1507,0.13975077921420412
376,1129,1505,0.13977851786310505
375,1137,1512,0.13981150176306095
372,1132,1504,0.13984608699157275
379,1131,1510,0.1398866060899531
371,1128,1499,0.1399068909125616
374,1125,1499,0.13994444113937551
374,1138,1512,0.1399734972176957
375,1138,1513,0.1400040297496566
371,1141,1512,0.1400309640057077
370,1147,1517,0.14006575231632987
370,1141,1511,0.1401014915354519
368,1146,1514,0.14013368079117683
371,1146,1517,0.1401693037340153
375,1144,1519,0.14019437970555232
369,1141,1510,0.14020647579117593
364,1146,1510,0.1402316405712882
366,1145,1511,0.14026792946209263
366,1144,1510,0.14029720800610393
374,1137,1511,0.1403240643881395
379,1137,1516,0.14032936130037044
379,1129,1508,0.14032027998322333
385,1129,1514,0.14030986281374047
378,1134,1512,0.14028783767131794
374,1134,1508,0.14028412751373753
370,1141,1511,0.14029168304622058
375,1149,1524,0.14030956765576275
369,1146,1515,0.14031406617661085
370,1150,1520,0.14033395286478684
372,1143,1515,0.1403501699768313
372,1145,1517,0.14036121465139595
371,1133,1504,0.140373894206149
370,1152,1522,0.14038964392921913
371,1156,1527,0.1404060196359238
369,1156,1525,0.14041797476683546
365,1142,1507,0.1404337640079117
364,1143,1507,0.14046035191688733
362,1144,1506,0.1404871034050879
361,1144,1505,0.14051770090352997
359,1156,1515,0.1405484076348868
361,1140,1501,0.1405819069829873
362,1143,1505,0.14060738023029273
356,1146,1502,0.14063065733799976
356,1149,1505,0.1406626861350519
350,1148,1498,0.14069315450717076
351,1159,1510,0.1407350105307465
351,1159,1510,0.1407723657585401
357,1161,1518,0.14080746934008478
357,1152,1509,0.1408263697089057
356,1146,1502,0.14084299062865177
355,1148,1503,0.14086122969222706
352,1154,1506,0.14088098075536473
343,1154,1497,0.14090761491773787
343,1164,1507,0.1409538458436842
340,1169,1509,0.14099853624057324
333,1173,1506,0.1410484065489347
338,1175,1513,0.14111152297696553
340,1168,1508,0.14116004064346338
341,1163,1504,0.14119739962256975
337,1161,1498,0.14123010284732615
347,1155,1502,0.14126980439635473
349,1160,1509,0.14128265021672937
347,1156,1503,0.14128877919374716
348,1169,1517,0.141298339884419
347,1172,1519,0.1413028452382289
348,1170,1518,0.14131020452384582
343,1164,1507,0.1413147830376004
336,1170,1506,0.1413304568192572
339,1163,1502,0.14136283301875716
335,1166,1501,0.14138561730108587
327,1165,1492,0.1414172114302825
334,1177,1511,0.1414656782212886
335,1185,1520,0.14149282767129465
327,1185,1512,0.14151554186231316
333,1187,1520,0.141553935479985
335,1173,1508,0.14157488289882184
331,1169,1500,0.14159136407903586
335,1166,1501,0.14161689736616595
332,1174,1506,0.14163185231064987
332,1160,1492,0.14165170151514186
328,1166,1494,0.14167107091987938
336,1174,1510,0.14170004619519144
332,1177,1509,0.14170825121403863
331,1175,1506,0.1417265390326288
324,1172,1496,0.14174641935087498
330,1160,1490,0.14178265557953548
342,1173,1515,0.14180091873049025
340,1178,1518,0.14178848577232978
340,1182,1522,0.14178170128383935
336,1180,1516,0.14177532387409192
335,1183,1518,0.14177947671936109
336,1181,1517,0.1417853519285079
338,1191,1529,0.14178924819731403
338,1188,1526,0.14178757330089614
334,1184,1518,0.1417871264734491
340,1181,1521,0.1417950810515694
339,1181,1520,0.14178798656459018
335,1188,1523,0.1417838715975719
332,1177,1509,0.14179014497437475
330,1165,1495,0.1418027134096546
334,1169,1503,0.141816207666568
337,1165,1502,0.1418188737069695
339,1164,1503,0.1418141732977677
344,1159,1503,0.14180748241790667
334,1174,1508,0.1417905689263543
339,1177,1516,0.1417954375943855
340,1179,1519,0.1417859739645994
339,1176,1515,0.1417750818405923
338,1179,1517,0.14176750305189875
342,1169,1511,0.14176357313381255
343,1168,1511,0.1417510960818156
345,1162,1507,0.14173691936282432
341,1168,1509,0.14171718260575064
349,1169,1518,0.14170725883640642
347,1176,1523,0.14168008360195794
343,1175,1518,0.14165963117134217
340,1175,1515,0.14165116549286644
334,1170,1504,0.14165204094687325
335,1178,1513,0.14166747889552822
332,1189,1521,0.14167951936960482
330,1194,1524,0.14169803963052582
326,1197,1523,0.14171770333367284
328,1190,1518,0.1417461335429194
326,1180,1506,0.14176953535828166
329,1181,1510,0.14179480937088915
328,1191,1519,0.14181204945848058
326,1188,1514,0.14182761284451398
328,1178,1506,0.14184530690268907
325,1176,1501,0.14185966072868283
323,1179,1502,0.14187808190612888
324,1175,1499,0.1419024265798018
327,1184,1511,0.14192447477435838
329,1188,1517,0.14193760703074318
326,1175,1501,0.1419431860105869
327,1189,1516,0.14195650102641713
331,1197,1528,0.14196535764801854
326,1194,1520,0.14196565029596286
319,1187,1506,0.1419777067343397
324,1177,1501,0.14200541391710267
325,1179,1504,0.1420191461039798
320,1181,1501,0.14202868251983022
318,1193,1511,0.14205077918122297
310,1200,1510,0.14207510100492596
308,1178,1486,0.14211760949144728
305,1193,1498,0.14216212033446415
308,1184,1492,0.14220865382671247
304,1192,1496,0.14224443052170682
299,1194,1493,0.14228677888155108
298,1196,1494,0.1423381725953015
303,1187,1490,0.14238833474427007
303,1194,1497,0.14242306643136796
304,1198,1502,0.14245749799621854
298,1197,1495,0.14248768576867582
298,1200,1498,0.14252976345621401
305,1195,1500,0.14256764702230937
310,1194,1504,0.14258565803093898
306,1193,1499,0.1425925984720885
312,1194,1506,0.14260644277483767
309,1198,1507,0.14260654556019825
308,1204,1512,0.14261446014603407
308,1206,1514,0.1426258057470784
306,1200,1506,0.1426376479689471
300,1200,1500,0.1426547374377629
308,1214,1522,0.1426824383463775
308,1228,1536,0.14268782348688194
308,1209,1517,0.14269360272471573
314,1208,1522,0.14269836666480779
303,1215,1518,0.14268944131014982
298,1216,1514,0.1427070569701672
298,1202,1500,0.14273626473053977
293,1193,1486,0.14276208108361252
295,1202,1497,0.14279730591186993
300,1208,1508,0.14282740340932865
308,1206,1514,0.14284297851166122
308,1202,1510,0.1428372560118412
301,1211,1512,0.14283147101589347
305,1213,1518,0.1428437526673198
302,1206,1508,0.14284490357180407
305,1201,1506,0.1428534323739713
302,1208,1510,0.1428562059373548
305,1210,1515,0.14286715783048903
306,1221,1527,0.14286955917525718
303,1226,1529,0.14286992206585916
299,1226,1525,0.14287738843123277
302,1226,1528,0.14289515217301013
303,1228,1531,0.14290683625599981
294,1216,1510,0.14291725237939792
298,1218,1516,0.14294832455568968
300,1218,1518,0.14296605786483313
301,1209,1510,0.14297677579155593
300,1210,1510,0.14298417649430156
300,1200,1500,0.14299375446758114
305,1191,1496,0.14299980670633286
305,1192,1497,0.1429906140412581
304,1193,1497,0.1429832573831834
309,1195,1504,0.1429804912551146
316,1208,1524,0.1429653178022835
314,1207,1521,0.1429317683517004
309,1206,1515,0.1429038391969541
312,1208,1520,0.14289057520878792
309,1201,1510,0.14287223092142526
316,1208,1524,0.14286497901118278
317,1202,1519,0.14284159821030454
312,1201,1513,0.142816829578922
315,1208,1523,0.14280530394105934
313,1208,1521,0.14279059169626243
311,1211,1522,0.14278114758808358
305,1212,1517,0.14277751496041488
307,1205,1512,0.14278652843370182
312,1211,1523,0.1427889380640657
304,1208,1512,0.1427799301321893
297,1215,1512,0.1427907016766939
301,1216,1517,0.1428155305903421
305,1212,1517,0.14283041934806678
303,1208,1511,0.14283693930855343
302,1201,1503,0.14284636706107812
304,1208,1512,0.14285733992300087
304,1215,1519,0.14286327059705006
305,1219,1524,0.14286811180312298
309,1215,1524,0.14287131167373268
300,1221,1521,0.142862529565719
296,1221,1517,0.1428772625464703
291,1206,1497,0.14289992510699923
296,1207,1503,0.14293175695323115
295,1218,1513,0.14294986254890824
297,1205,1502,0.14296967908851305
298,1208,1506,0.14298295774868663
299,1213,1512,0.14299280975376316
298,1210,1508,0.1429997975011991
298,1213,1511,0.14300921127883037
296,1215,1511,0.14301821249491384
296,1213,1509,0.1430317293320929
293,1238,1531,0.14304449209204775
294,1236,1530,0.14306365376396507
293,1227,1520,0.1430790512492084
292,1225,1517,0.14309595717412815
290,1233,1523,0.1431153622742728
288,1231,1519,0.14314084024435952
293,1237,1530,0.14316844990715444
289,1222,1511,0.14318380131092007
290,1227,1517,0.1432091251433265
286,1216,1502,0.14322912021264955
291,1217,1508,0.14325756282793353
296,1225,1521,0.14327208099777006
295,1223,1518,0.1432747928217473
292,1211,1503,0.14327714213398982
286,1217,1503,0.14328714182397753
289,1232,1521,0.14331233629808804
297,1240,1537,0.14332826860826914
289,1232,1521,0.1433215973684812
285,1225,1510,0.14333434269241482
284,1233,1517,0.1433577023921022
283,1242,1525,0.14338049442847958
287,1234,1521,0.14340472509546426
293,1242,1535,0.14341870618309038
295,1242,1537,0.14341732372565466
289,1240,1529,0.14341241927941265
293,1232,1525,0.14342055487768937
295,1215,1510,0.14341473418711984
294,1217,1511,0.1434061415849244
292,1214,1506,0.14340096018002654
290,1220,1510,0.14340155730220847
286,1225,1511,0.1434069156181662
281,1227,1508,0.1434220082081163
286,1220,1506,0.14344635347754572
285,1223,1508,0.14345770370605235
281,1223,1504,0.1434706319165831
282,1212,1494,0.14349167647917302
281,1212,1493,0.14350818266228826
284,1223,1507,0.143526552042416
285,1214,1499,0.14353548333346156
292,1208,1500,0.14353944787061376
283,1225,1508,0.14352781563754008
281,1220,1501,0.14353936196707473
280,1216,1496,0.1435536678008756
280,1221,1501,0.1435689807142856
281,1216,1497,0.14358414654038212
282,1226,1508,0.14359578092055222
277,1221,1498,0.14360407518260154
280,1227,1507,0.14362434461375048
283,1225,1508,0.14363650089994479
285,1240,1525,0.14364114505506667
281,1236,1517,0.14364080955104253
282,1235,1517,0.14364959036686323
285,1238,1523,0.1436551154901524
277,1243,1520,0.1436556565348501
274,1243,1517,0.14367427368049282
270,1239,1509,0.14370006523255255
263,1236,1499,0.14373455918941
261,1238,1499,0.14378312827799625
260,1240,1500,0.14383368171326463
258,1247,1505,0.14388370729756164
265,1243,1508,0.1439356290013612
259,1250,1509,0.1439665922920784
252,1257,1509,0.1440072232172137
245,1251,1496,0.14406204433681735
248,1253,1501,0.14413174172607657
245,1265,1510,0.14418877319539855
248,1261,1509,0.14425042138710795
253,1256,1509,0.14429808354927462
246,1255,1501,0.1443298718193544
247,1260,1507,0.1443778879144736
248,1257,1505,0.1444186490408854
246,1254,1500,0.14445569851344445
245,1262,1507,0.14449769210657387
242,1257,1499,0.1445390758375715
243,1257,1500,0.144584761535525
242,1264,1506,0.14462460503719066
242,1277,1519,0.144662676158707
244,1281,1525,0.1446987054189452
242,1264,1506,0.14472744410124544
243,1265,1508,0.14475803843482316
242,1277,1519,0.14478261669714113
243,1270,1513,0.1448081940275178
249,1272,1521,0.1448299235826519
245,1268,1513,0.1448373913646104
241,1264,1505,0.14485465981951878
239,1270,1509,0.14488081147750229
237,1267,1504,0.14490978046642586
238,1260,1498,0.1449419568571045
242,1267,1509,0.14497094178182718
232,1271,1503,0.14498828938985034
232,1269,1501,0.1450276976229768
238,1268,1506,0.14506527984666603
240,1271,1511,0.14508276920607893
241,1261,1502,0.14509592650976896
240,1260,1500,0.14510704255626083
240,1269,1509,0.1451181150340366
243,1274,1517,0.14512687594190035
242,1283,1525,0.14512641544182567
239,1278,1517,0.14512933205409817
239,1271,1510,0.1451397446799881
237,1281,1518,0.145150979148927
237,1284,1521,0.14516665471547047
238,1282,1520,0.14518007028541813
239,1278,1517,0.14519130130616759
237,1282,1519,0.14520121972937372
236,1287,1523,0.14521366529253485
234,1284,1518,0.14522676004136337
236,1283,1519,0.14524517966306183
237,1275,1512,0.14525840139626905
235,1286,1521,0.14526937174900117
228,1284,1512,0.1452840833522945
223,1287,1510,0.14531547090128707
223,1295,1518,0.14535658368686274
218,1287,1505,0.14539621122769106
214,1280,1494,0.14544363032680765
213,1283,1496,0.14549815370039187
211,1284,1495,0.14555189523466036
223,1294,1517,0.14560577915600117
220,1297,1517,0.14562788014637768
219,1300,1519,0.14565523074650819
223,1302,1525,0.14568238328948835
219,1295,1514,0.14569724339683746
222,1290,1512,0.14572138065319618
222,1286,1508,0.14573512388147156
219,1284,1503,0.14574845300498088
216,1292,1508,0.14576894576919186
218,1293,1511,0.1457950135547189
218,1302,1520,0.1458132771972873
219,1290,1509,0.1458292190867531
216,1290,1506,0.14584199205496268
219,1292,1511,0.1458606530834734
216,1279,1495,0.14586872946090781
213,1286,1499,0.14588303708763833
214,1283,1497,0.14590332098611913
218,1291,1509,0.14591993980533094
220,1281,1501,0.1459275869137389
221,1286,1507,0.14593005902513187
210,1290,1500,0.14593121653944802
215,1293,1508,0.14595896745134151
212,1288,1500,0.14597386140402765
212,1293,1505,0.14599628552962343
218,1305,1523,0.14601619303387936
220,1292,1512,0.14602019061328397
221,1303,1524,0.14601940715090375
221,1298,1519,0.1460178529113842
219,1298,1517,0.14601602702569064
216,1297,1513,0.14601774871608403
214,1296,1510,0.14602825558428825
212,1296,1508,0.14604328791131624
211,1292,1503,0.1460619380655585
215,1281,1496,0.14608253258364456
211,1289,1500,0.14609282656046588
209,1295,1504,0.14611213179545085
204,1297,1501,0.14613574684003341
201,1313,1514,0.14616975881402886
204,1314,1518,0.14620909973038568
207,1321,1528,0.1462372275716431
196,1312,1508,0.14625629065138837
199,1319,1518,0.14629956930641846
203,1309,1512,0.14633451535105382
199,1313,1512,0.1463563114632415
198,1321,1519,0.14638693557459478
196,1326,1522,0.14641770251882252
196,1328,1524,0.14645115411262113
199,1332,1531,0.14648231697184008
196,1325,1521,0.1465045352863697
195,1304,1499,0.14653317755017178
196,1313,1509,0.1465606795244783
196,1326,1522,0.14658277283592822
196,1325,1521,0.14660382569266361
198,1329,1527,0.14662333311422338
202,1337,1539,0.14663653934326684
198,1327,1525,0.14664063756360426
194,1315,1509,0.14665382263141022
196,1303,1499,0.14667612421349585
193,1312,1505,0.14669191795356384
192,1316,1508,0.14671517596960693
195,1314,1509,0.14673919743492472
197,1309,1506,0.14675365035223037
193,1324,1517,0.14676005299556127
196,1330,1526,0.14677618902840422
196,1322,1518,0.1467832724242902
195,1328,1523,0.14679121722905983
192,1321,1513,0.1468026248130033
186,1323,1509,0.14681892213158457
187,1331,1518,0.14684910944400834
194,1323,1517,0.1468746512993912
190,1306,1496,0.1468840785366614
183,1305,1488,0.1469028342818342
183,1317,1500,0.14693670155523372
186,1317,1503,0.1469670298055766
184,1325,1509,0.14698686909912437
182,1331,1513,0.14701030952489258
180,1332,1512,0.1470358455334497
185,1327,1512,0.14706565962402038
184,1329,1513,0.1470806197815554
185,1308,1493,0.14709838064795697
191,1310,1501,0.1471136196596289
193,1319,1512,0.14711330677560994
192,1320,1512,0.14710746912047945
191,1325,1516,0.14710457443652347
187,1322,1509,0.1471055120352837
186,1317,1503,0.14711606939082272
185,1317,1502,0.1471286362823476
186,1321,1507,0.14714283935378727
185,1323,1508,0.14715529507629385
182,1338,1520,0.14716886265004722
180,1345,1525,0.1471884600899612
178,1349,1527,0.1472123569145622
178,1347,1525,0.1472395390057854
177,1333,1510,0.14726610994555553
178,1333,1511,0.14729282494864024
183,1340,1523,0.14731559425749732
184,1317,1501,0.14732389438044707
180,1321,1501,0.14732921193595744
177,1327,1504,0.1473437906571144
177,1327,1504,0.1473648983758695
182,1342,1524,0.14738572214992643
179,1341,1520,0.14739328317021996
178,1338,1516,0.14740750865388633
184,1331,1515,0.14742247594950925
186,1330,1516,0.14742127347969464
186,1341,1527,0.14741361876584894
177,1342,1519,0.14740793212580072
174,1355,1529,0.1474227246278984
180,1348,1528,0.14744170815812177
179,1342,1521,0.14744635316220808
182,1353,1535,0.1474530752063846
185,1350,1535,0.14745340422119702
184,1347,1531,0.14744823880059382
182,1345,1527,0.1474438457922491
176,1339,1515,0.14744535296975939
177,1337,1514,0.14746094176267388
175,1339,1514,0.14747272952602647
177,1341,1518,0.14748847228890244
178,1339,1517,0.14749916228368465
174,1345,1519,0.14750574491373547
172,1357,1529,0.14752080878966825
172,1352,1524,0.14754065281590165
172,1347,1519,0.14755907279089578
168,1345,1513,0.1475763194873559
167,1347,1514,0.14760078570153307
164,1349,1513,0.14762713600486763
165,1350,1515,0.14765649621990246
163,1367,1530,0.1476825617412893
161,1355,1516,0.14771200172843535
164,1366,1530,0.14774506781240612
167,1359,1526,0.14776721004330418
162,1355,1517,0.14778183768810463
166,1356,1522,0.147806205226051
167,1354,1521,0.1478204688209622
167,1358,1525,0.14783229024382297
168,1350,1518,0.14784310664402367
168,1350,1518,0.14785134958638924
168,1351,1519,0.14785952233531663
172,1348,1520,0.14786697934215356
168,1349,1517,0.14786342406219127
163,1355,1518,0.14786916969880423
160,1354,1514,0.14788675830125236
161,1358,1519,0.1479098107909533
162,1366,1528,0.1479297140021293
160,1367,1527,0.1479481969479004
161,1362,1523,0.14796941216821474
161,1347,1508,0.14798588179216016
157,1357,1514,0.14800127481275285
157,1351,1508,0.14802666102747358
157,1358,1515,0.14805039599988581
158,1356,1514,0.14807305481471564
160,1356,1516,0.14809169218141885
160,1370,1530,0.14810432444161775
161,1357,1518,0.14811491508886693
154,1360,1514,0.1481235551321575
159,1361,1520,0.14814805589278673
160,1355,1515,0.14815920856658432
157,1361,1518,0.1481680376259898
159,1352,1511,0.14818330422088133
156,1350,1506,0.14819173104853672
156,1346,1502,0.14820520969709325
158,1354,1512,0.1482156931422332
161,1359,1520,0.14822013497108155
160,1352,1512,0.14821873661818485
159,1348,1507,0.14822048685101982
156,1340,1496,0.14822388893365493
159,1349,1508,0.14823505626105501
159,1356,1515,0.14823832610240964
163,1365,1528,0.1482425308039234
162,1358,1520,0.14823627190622723
159,1351,1510,0.14823312179482412
154,1349,1503,0.1482373948968088
154,1363,1517,0.14825325287578395
159,1364,1523,0.14826805519021943
155,1364,1519,0.14827096591608727
150,1363,1513,0.14828380131957136
150,1365,1515,0.14830690895136234
154,1359,1513,0.14832890141956148
154,1374,1528,0.14833987592265235
153,1367,1520,0.14835032878548943
151,1372,1523,0.14836274557119772
153,1370,1523,0.14837925701498075
152,1365,1517,0.14838992073956941
155,1363,1518,0.1484024635802462
151,1368,1519,0.14840652125219436
150,1381,1531,0.14841794289264384
152,1386,1538,0.14843190953895982
148,1380,1528,0.14844159371734028
147,1379,1526,0.148460634847965
148,1363,1511,0.14847993213853738
146,1359,1505,0.14849625691588375
145,1357,1502,0.1485161015754437
144,1355,1499,0.14853734772455057
145,1372,1517,0.14855992254524422
142,1385,1527,0.14857595144825958
140,1376,1516,0.14859796140126746
137,1373,1510,0.14862313524703885
135,1380,1515,0.14865294745757018
134,1390,1524,0.14868577548561585
140,1397,1537,0.14871951321308996
144,1393,1537,0.14873636618650146
146,1379,1525,0.1487422061623748
145,1371,1516,0.14874312939500262
146,1369,1515,0.1487473506629546
145,1367,1512,0.14874935432355074
149,1376,1525,0.14875264081386758
151,1372,1523,0.1487456073632253
149,1374,1523,0.14873389841056114
143,1365,1508,0.14872815741462822
143,1367,1510,0.14873614518869913
141,1357,1498,0.1487432767469177
143,1373,1516,0.14875480895117396
142,1371,1513,0.14876203593331808
142,1369,1511,0.1487718469845991
141,1373,1514,0.1487808886021843
137,1369,1506,0.14879152555219963
141,1379,1520,0.14881034431611798
140,1376,1516,0.1488186116295423
137,1372,1509,0.14882701796001693
136,1385,1521,0.1488437697882098
139,1387,1526,0.14886185287396336
138,1373,1511,0.1488720323713313
139,1360,1499,0.148883494030578
137,1381,1518,0.1488931235276948
132,1384,1516,0.14890730644417005
131,1392,1523,0.14893196165829836
126,1389,1515,0.14895711231387218
133,1393,1526,0.14899234769007466
131,1395,1526,0.14900952187138336
133,1373,1506,0.14902954006546446
136,1379,1515,0.14904372546126396
134,1377,1511,0.1490493977320733
134,1384,1518,0.14905937213929893
133,1387,1520,0.14906910986601682
133,1378,1511,0.14908049768818138
135,1370,1505,0.14909156172625793
133,1373,1506,0.14909638058922173
132,1374,1506,0.14910415060733156
134,1360,1494,0.14911492914555147
133,1372,1505,0.1491205642063744
134,1383,1517,0.14912934328614452
134,1386,1520,0.14913519903647465
134,1380,1514,0.14914024924616243
134,1366,1500,0.1491453841553389
132,1390,1522,0.14914948976732567
134,1394,1528,0.14915740036938718
136,1379,1515,0.14915966991435237
134,1369,1503,0.14915653768420775
132,1373,1505,0.14915812417131058
137,1381,1518,0.14916493855058632
136,1376,1512,0.14916087144230056
134,1376,1510,0.14915882367050995
135,1381,1516,0.14916144571925857
138,1375,1513,0.1491625732773214
136,1380,1516,0.14915686136481554
130,1378,1508,0.14915597204296113
133,1374,1507,0.14916885788495282
130,1378,1508,0.14917426202692266
130,1368,1498,0.14918763858364925
130,1377,1507,0.14919994283871188
132,1371,1503,0.14921130192640863
132,1377,1509,0.14921471046125392
129,1375,1504,0.14921877805754785
128,1380,1508,0.14922786160595866
130,1383,1513,0.14923858246283572
131,1383,1514,0.14924492413808263
132,1378,1510,0.14924627218109512
132,1370,1502,0.1492448319146102
135,1379,1514,0.1492454631635389
130,1380,1510,0.1492392440671362
132,1382,1514,0.1492449131945861
132,1393,1525,0.14924491284655886
130,1395,1525,0.14924373471851568
130,1381,1511,0.14924798009090195
126,1389,1515,0.14925177693762515
126,1385,1511,0.14926486302371875
123,1379,1502,0.14927782893776728
128,1383,1511,0.14929534393562222
128,1385,1513,0.1493004829790403
132,1400,1532,0.14930627735129254
132,1398,1530,0.1493005428200064
129,1401,1530,0.14929525496967475
129,1397,1526,0.1492981042520652
128,1385,1513,0.14930211533120402
127,1390,1517,0.14930997040621544
127,1397,1524,0.14932113378294176
124,1394,1518,0.14933177991729665
130,1388,1518,0.14934910455523973
130,1389,1519,0.14934885127610376
130,1390,1520,0.14935043358108188
126,1387,1513,0.14935186308895415
123,1384,1507,0.14936167701197087
130,1380,1510,0.14937718874347616
132,1386,1518,0.14937441157462117
132,1383,1515,0.1493664893925671
134,1384,1518,0.14935994223934365
128,1386,1514,0.14934827917798185
127,1375,1502,0.14935186432849218
127,1372,1499,0.1493581201007359
126,1365,1491,0.1493652049218209
126,1383,1509,0.1493744163152959
125,1387,1512,0.149382614696341
122,1400,1522,0.14939368336579542
118,1408,1526,0.1494115370512133
123,1400,1523,0.149437724122356
123,1398,1521,0.14945144976336433
118,1394,1512,0.14946480732351014
117,1398,1515,0.14948911098534776
120,1403,1523,0.14951462640102015
121,1419,1540,0.1495299341674738
117,1412,1529,0.14954288000695656
121,1412,1533,0.1495641831768256
119,1408,1527,0.1495735526175879
117,1389,1506,0.14958634565591766
117,1395,1512,0.14960258233869678
119,1404,1523,0.1496179872474875
115,1405,1520,0.1496277401861504
114,1407,1521,0.14964645557268189
113,1412,1525,0.14966682625608038
111,1406,1517,0.14968858666139567
107,1399,1506,0.1497138008835289
110,1397,1507,0.1497466462787277
111,1413,1524,0.14977089004235908
112,1402,1514,0.1497894387466261
114,1399,1513,0.1498054628158399
116,1394,1510,0.14981505089307515
117,1397,1514,0.149818455001884
114,1392,1506,0.149818258037235
113,1397,1510,0.1498263858488914
111,1403,1514,0.14983620633685452
109,1402,1511,0.14984848818523355
113,1402,1515,0.14986515058485875
110,1395,1505,0.1498719670886226
108,1395,1503,0.14988494259628599
112,1400,1512,0.14990234464068475
116,1392,1508,0.14990921083104525
114,1389,1503,0.14990680048727334
112,1387,1499,0.14990940527412913
112,1388,1500,0.14991691862427664
115,1391,1506,0.14992217651759454
116,1384,1500,0.14991951469323858
117,1391,1508,0.14991217815361735
121,1381,1502,0.1499026503374255
121,1379,1500,0.1498837241340726
120,1398,1518,0.14986617454990545
120,1404,1524,0.14985290421796305
119,1392,1511,0.14983980803779817
116,1389,1505,0.14983102268830692
117,1395,1512,0.1498313404622435
116,1383,1499,0.14982833329908593
117,1378,1495,0.14982660291801525
122,1390,1512,0.14982274355574718
123,1391,1514,0.1498069050421779
118,1401,1519,0.14978928999371127
119,1389,1508,0.1497853733050806
119,1396,1515,0.14978056532682393
118,1393,1511,0.14977511120220588
117,1394,1511,0.14977249099685705
120,1395,1515,0.14977178912562156
120,1393,1513,0.14976556581773962
121,1392,1513,0.14976005676536
122,1389,1511,0.14975193337558942
118,1391,1509,0.14974278550359035
117,1398,1515,0.14974253234618837
116,1403,1519,0.1497450221131413
116,1399,1515,0.14975049944599053
117,1401,1518,0.14975571988148942
117,1402,1519,0.14975893346503255
118,1401,1519,0.1497615814631068
118,1385,1503,0.149761149399429
122,1401,1523,0.1497601311059298
119,1404,1523,0.1497501016809824
122,1404,1526,0.14974883233811437
122,1402,1524,0.14973996989336072
122,1405,1527,0.14973157964889652
120,1408,1528,0.1497248317244766
119,1415,1534,0.14972355679893998
113,1408,1521,0.14972562871664735
116,1404,1520,0.14974214177761846
116,1406,1522,0.14975109506387835
116,1399,1515,0.1497602469602773
115,1400,1515,0.14976802457690022
115,1397,1512,0.14977795895467053
118,1395,1513,0.14978755099756375
117,1406,1523,0.14978816113732404
117,1397,1514,0.14979180541634424
121,1403,1524,0.14979243932936612
121,1390,1511,0.14978283510124726
116,1393,1509,0.149773947822578
119,1396,1515,0.1497774762215066
119,1398,1517,0.14977359191413828
121,1395,1516,0.14976901231950288
121,1384,1505,0.14975878696813447
122,1395,1517,0.1497495610001509
124,1398,1522,0.14973881850772894
125,1392,1517,0.14972248609101982
120,1403,1523,0.149703598689636
121,1403,1524,0.14969934663076706
120,1396,1516,0.14969440279106622
119,1397,1516,0.14969367404908074
117,1394,1511,0.1496960700546274
119,1406,1525,0.1497038549741097
119,1418,1537,0.14970612058547905
116,1410,1526,0.14970736632185153
115,1400,1515,0.14971578878520655
117,1413,1530,0.1497259613927307
116,1416,1532,0.14973074338144662
114,1420,1534,0.14973754195544461
115,1422,1537,0.14974890975562777
119,1416,1535,0.14975651310386526
121,1400,1521,0.14975376333210305
117,1404,1521,0.14974731908906264
113,1385,1498,0.14975085511647954
112,1387,1499,0.149763401400652
112,1407,1519,0.14977691931178136
113,1397,1510,0.14978924110076378
113,1391,1504,0.14979873609271815
116,1395,1511,0.149805760963856
117,1392,1509,0.14980548651197162
117,1394,1511,0.1498023031489747
118,1400,1518,0.149799373795868
117,1401,1518,0.1497926212184487
114,1393,1507,0.14978957990814976
118,1391,1509,0.14979323518485252
118,1397,1515,0.14978742391912958
117,1400,1517,0.14978251561169642
117,1416,1533,0.14978211812449213
115,1421,1536,0.1497811155503614
115,1416,1531,0.14978648156453134
117,1418,1535,0.14979118114677653
116,1398,1514,0.14979200098684625
115,1405,1520,0.14979618295720182
114,1405,1519,0.1498025299491611
115,1411,1526,0.14981158165618183
114,1411,1525,0.14981726201555312
118,1399,1517,0.14982355306744138
120,1405,1525,0.14982014874022861
115,1403,1518,0.14981113056372425
114,1403,1517,0.14981484785593613
112,1408,1520,0.1498213700358245
110,1398,1508,0.14983163187693269
112,1400,1512,0.1498444090064378
114,1398,1512,0.14985005077819305
113,1390,1503,0.14984991559701097
110,1391,1501,0.14985307822466432
111,1396,1507,0.14986397437069152
109,1411,1520,0.14987209207849556
109,1408,1517,0.14988491619641484
105,1409,1514,0.14989602826873089
103,1415,1518,0.14991716976343533
106,1417,1523,0.14994257729670182
109,1415,1524,0.1499585424799818
110,1414,1524,0.1499668795570743
110,1413,1523,0.14997263643040365
107,1403,1510,0.14997709426318245
108,1411,1519,0.1499889561423474
107,1420,1527,0.14999695300050458
108,1426,1534,0.15000750014805217
106,1417,1523,0.1500148589132374
103,1425,1528,0.15002721889885506
101,1433,1534,0.15004629328885954
99,1441,1540,0.15006949508955023
99,1429,1528,0.15009638863507604
98,1425,1523,0.1501202064067556
98,1425,1523,0.15014427684574325
101,1421,1522,0.1501667183008929
98,1423,1521,0.15018166236517122
98,1416,1514,0.15020207255598908
96,1417,1513,0.15022205385846862
93,1423,1516,0.1502458269973451
96,1427,1523,0.15027573009569248
96,1433,1529,0.15029474995774486
93,1425,1518,0.15031349022929927
91,1437,1528,0.1503372315583335
95,1428,1523,0.15036472963909336
95,1414,1509,0.15038079968061266
97,1417,1514,0.15039561976087878
96,1423,1519,0.1504044414848419
92,1412,1504,0.15041482123825411
94,1428,1522,0.15043396935662862
95,1428,1523,0.15044768897166721
102,1418,1520,0.15045832004616932
103,1415,1518,0.1504461380431226
101,1428,1529,0.1504322875361103
101,1421,1522,0.15042410708291132
97,1421,1518,0.15041806478925143
98,1421,1519,0.150423026562871
99,1415,1514,0.15042333186471626
102,1420,1522,0.15042268728610286
103,1422,1525,0.15041342543356495
106,1412,1518,0.15040295685851038
100,1400,1500,0.1503845604879189
100,1400,1500,0.1503832720504796
100,1400,1500,0.15038156028255692
99,1398,1497,0.15038151969354568
97,1404,1501,0.1503840057546288
98,1410,1508,0.15039163170372916
97,1414,1511,0.15039757362023926
102,1419,1521,0.1504063077960745
99,1408,1507,0.15040009728590495
95,1420,1515,0.1504016551941135
98,1417,1515,0.15041340682885193
96,1409,1505,0.15041608874510703
98,1411,1509,0.1504227263126024
98,1412,1510,0.15042473158776878
98,1416,1514,0.15042647077505336
97,1413,1510,0.15042824363733748
97,1424,1521,0.1504332197525733
97,1425,1522,0.15043777006502068
98,1422,1520,0.1504422558584012
97,1422,1519,0.15044429190739733
96,1419,1515,0.15044959963218574
94,1412,1506,0.1504563207603463
93,1407,1500,0.15046752672763578
87,1422,1509,0.15048148574187803
88,1413,1501,0.15050758096978423
87,1421,1508,0.15052811347233896
88,1426,1514,0.15055005638434305
86,1431,1517,0.15056689538788046
85,1431,1516,0.15058713402084456
81,1435,1516,0.15060799008185133
75,1434,1509,0.15063728594596515
74,1431,1505,0.15067962229358414
73,1437,1510,0.150722274166971
70,1437,1507,0.15076416342781004
72,1426,1498,0.15081062366107859
74,1425,1499,0.15085002105253423
77,1435,1512,0.15088278974739158
74,1428,1502,0.15090602049158888
73,1432,1505,0.15093519209868297
70,1440,1510,0.15096405809941324
70,1433,1503,0.15099927462109408
69,1434,1503,0.15103301398341867
72,1434,1506,0.15106631860440878
67,1435,1502,0.15109005927375435
67,1439,1506,0.15112398434142194
64,1450,1514,0.15115678331278648
63,1452,1515,0.15119388623637733
63,1451,1514,0.15123150804302124
59,1462,1521,0.15126648771051426
59,1470,1529,0.15130927779787892
57,1477,1534,0.15134991241378393
59,1477,1536,0.1513919206307618
58,1460,1518,0.15142695354631566
57,1467,1524,0.15146156854601397
56,1474,1530,0.1514968046747763
56,1466,1522,0.15153275377052366
53,1469,1522,0.15156582110415023
53,1464,1517,0.15160396377911925
51,1459,1510,0.1516400978945593
50,1469,1519,0.15167867577165883
52,1463,1515,0.15171721669511756
50,1472,1522,0.1517490422671539
50,1464,1514,0.15178352727032657
50,1469,1519,0.15181420547674102
45,1471,1516,0.15184347725754058
45,1481,1526,0.1518821947144697
46,1481,1527,0.15191885382507953
44,1490,1534,0.1519513446031323
43,1488,1531,0.151985476427504
40,1487,1527,0.15201903637462438
40,1482,1522,0.15205733332610688
40,1479,1519,0.15209370029544844
41,1487,1528,0.1521282150786737
41,1477,1518,0.15215784317844483
42,1481,1523,0.15218569120115633
40,1476,1516,0.15220906428965536
40,1468,1508,0.1522358149075935
37,1488,1525,0.15226021079325003
38,1489,1527,0.1522879517503179
37,1496,1533,0.15231239575990024
36,1481,1517,0.15233806617335754
35,1482,1517,0.15236529258992287
36,1486,1522,0.15239253890948223
36,1489,1525,0.1524160421023076
39,1488,1527,0.15243857600725785
39,1488,1527,0.15245290343355186
41,1489,1530,0.1524665736215087
41,1476,1517,0.15247260165395013
40,1483,1523,0.15247893219884756
40,1474,1514,0.15248766720642415
40,1473,1513,0.15249641402380493
40,1481,1521,0.1525051189829198
38,1481,1519,0.15251329959530988
39,1483,1522,0.15252572124461816
38,1481,1519,0.1525345222741772
35,1476,1511,0.15254553373938637
36,1475,1511,0.152563174801706
34,1477,1511,0.15257681897978265
36,1480,1516,0.15259446492928844
37,1491,1528,0.15260646928766286
36,1480,1516,0.15261513249932995
37,1483,1520,0.1526258403013051
37,1490,1527,0.15263312067235124
35,1483,1518,0.15263965137875238
34,1494,1528,0.15265073523890035
36,1484,1520,0.152663714948402
35,1490,1525,0.1526716183480494
34,1489,1523,0.1526815681201234
33,1483,1516,0.1526929164244214
34,1487,1521,0.1527058178176375
35,1492,1527,0.15271504264394617
35,1488,1523,0.1527198184339408
36,1497,1533,0.15272440407216553
35,1486,1521,0.1527270010407686
34,1492,1526,0.15273126219972924
34,1491,1525,0.15273795394331077
35,1483,1518,0.15274381957491362
34,1496,1530,0.15274661033260745
34,1493,1527,0.1527519617049803
35,1479,1514,0.1527573358694388
36,1494,1530,0.1527593521050112
36,1474,1510,0.15275935036058697
34,1488,1522,0.15275992337119365
33,1493,1526,0.15276535519351436
32,1497,1529,0.15277313848413696
33,1499,1532,0.15278312656100934
31,1497,1528,0.15278960519063578
33,1495,1528,0.15280066593426578
32,1485,1517,0.15280570760880596
33,1479,1512,0.15281309669535406
33,1479,1512,0.1528172433808313
33,1476,1509,0.1528216965442901
32,1487,1519,0.15282631365406996
30,1484,1514,0.15283332375084938
30,1476,1506,0.15284468158226322
31,1485,1516,0.15285565125943718
30,1489,1519,0.152863000975601
28,1494,1522,0.1528725622556574
28,1505,1533,0.15288616484499712
25,1501,1526,0.1528992151585956
22,1498,1520,0.15291817010059927
23,1507,1530,0.15294264695267898
23,1508,1531,0.1529636238080521
21,1508,1529,0.1529835162896036
21,1507,1528,0.15300669908470174
23,1495,1518,0.15302855976628543
24,1487,1511,0.15304270796419725
23,1504,1527,0.1530530787166893
24,1497,1521,0.1530654223069014
23,1491,1514,0.15307413450085167
24,1504,1528,0.15308493145122942
23,1511,1534,0.15309323678690678
23,1500,1523,0.1531042310386946
23,1477,1500,0.153114828544416
23,1481,1504,0.15312502704890293
21,1497,1518,0.15313482698610736
21,1509,1530,0.15314861697905066
19,1499,1518,0.15316101934145665
18,1492,1510,0.1531775478123452
19,1490,1509,0.1531954399908174
20,1497,1517,0.15320981467427486
20,1502,1522,0.15322113704707715
20,1503,1523,0.15323195360571656
19,1503,1522,0.1532422774498894
17,1516,1533,0.15325426686130775
18,1512,1530,0.15326997572881754
18,1507,1525,0.1532826301215648
16,1493,1509,0.15329463198319979
16,1486,1502,0.15331056749323593
14,1495,1509,0.1533256068461478
13,1504,1517,0.15334409696895357
12,1498,1510,0.1533635125330603
12,1503,1515,0.1533839629336648
12,1509,1521,0.15340323164248545
13,1504,1517,0.15342138433821517
15,1502,1517,0.15343559894437614
14,1507,1521,0.1534425251020638
12,1497,1509,0.15345148560321387
12,1491,1503,0.1534645587328526
12,1499,1511,0.1534770930242724
11,1496,1507,0.15348939159647348
12,1501,1513,0.153503274274117
13,1505,1518,0.1535143425072805
13,1505,1518,0.15352208792242028
12,1517,1529,0.15352955463982684
13,1529,1542,0.15353892680638184
12,1515,1527,0.1535446507803503
13,1504,1517,0.15355241575408773
12,1506,1518,0.15355668647945106
12,1498,1510,0.15356316036297157
12,1511,1523,0.1535695144050262
12,1506,1518,0.15357572940475928
12,1510,1522,0.15358178988743654
12,1501,1513,0.1535876836309603
10,1508,1518,0.1535934012449898
10,1494,1504,0.15360354651735889
12,1495,1507,0.15361319562623055
13,1492,1505,0.15361669021907942
13,1496,1509,0.153616929520078
13,1499,1512,0.1536174686614031
14,1505,1519,0.15361825894177386
14,1504,1518,0.15361599278172391
13,1508,1521,0.1536142028568782
13,1501,1514,0.1536149953150397
12,1499,1511,0.15361601508792172
12,1493,1505,0.15361936481581565
11,1494,1505,0.15362273599095186
11,1503,1514,0.15362841989360457
11,1502,1513,0.1536339271999335
12,1509,1521,0.1536392521648072
11,1495,1506,0.1536419361821847
12,1511,1523,0.15364681694441365
12,1517,1529,0.15364895085166264
13,1514,1527,0.15365111534438897
13,1532,1545,0.15365089903388335
12,1519,1531,0.15365085004434054
12,1506,1518,0.15365314857615897
11,1505,1516,0.15365542874563073
11,1505,1516,0.15365999040826445
10,1501,1511,0.15366345274751356
12,1497,1509,0.1536690169180164
12,1504,1516,0.15366789449413612
12,1497,1509,0.15366718272436217
12,1520,1532,0.15366682360739814
12,1514,1526,0.15366676585356334
11,1507,1518,0.15366696416971343
10,1511,1521,0.15366954623176865
10,1500,1510,0.15367439476694997
11,1497,1508,0.1536791308329965
10,1497,1507,0.15368046367343957
9,1511,1520,0.15368411897066397
10,1517,1527,0.15368999576049963
9,1504,1513,0.1536924486376994
10,1514,1524,0.15369751369423462
11,1512,1523,0.15369922592364482
11,1515,1526,0.1536978955328788
10,1513,1523,0.15369703956170966
10,1510,1520,0.15369875259313112
10,1506,1516,0.1537006845274229
10,1513,1523,0.15370279089294084
10,1511,1521,0.15370503292700216
10,1516,1526,0.15370737693903894
10,1515,1525,0.15370979374040566
10,1518,1528,0.1537122581340951
9,1517,1526,0.15371474845828664
9,1522,1531,0.15371940510595852
9,1518,1527,0.15372392269027071
9,1510,1519,0.1537282957214205
9,1509,1518,0.1537325203914851
8,1504,1512,0.15373659434194484
7,1514,1521,0.15374268481570275
7,1512,1519,0.15375064702131233
7,1519,1526,0.15375820368458407
8,1519,1527,0.15376537181429065
8,1511,1519,0.15376889119552403
8,1503,1511,0.15377236165927702
8,1513,1521,0.1537757703141327
8,1509,1517,0.1537791065760954
8,1510,1518,0.15378236188206867
10,1495,1505,0.15378552943478263
10,1501,1511,0.15378207036758404
11,1485,1496,0.15377912437628022
11,1493,1504,0.1537733715681349
10,1509,1519,0.1537683218766095
11,1519,1530,0.15376611573531246
11,1511,1522,0.153761052604034
12,1501,1513,0.15375666041546998
12,1501,1513,0.15374959222378948
13,1503,1516,0.15374335751692542
13,1510,1523,0.153734605337416
11,1517,1528,0.15372682135022928
11,1518,1529,0.15372459587937196
10,1510,1520,0.15372282822275748
10,1503,1513,0.1537242187147162
8,1503,1511,0.1537253673209667
8,1502,1510,0.15373160109761166
8,1514,1522,0.15373759769654036
8,1500,1508,0.15374335778986925
7,1509,1516,0.15374888333816636
6,1528,1534,0.15375633904240638
6,1531,1537,0.1537656055296704
6,1523,1529,0.15377439431007564
6,1517,1523,0.15378272612782445
6,1523,1529,0.15379062126879536
6,1515,1521,0.15379809951081116
7,1511,1518,0.15380518008442534
6,1507,1513,0.15380872383298844
6,1510,1516,0.15381447554081745
7,1504,1511,0.15381999557336443
7,1504,1511,0.15382201688392236
7,1509,1516,0.15382411902867765
7,1503,1510,0.15382627766584092
7,1497,1504,0.15382847178592404
7,1503,1510,0.1538296656716483
8,1510,1518,0.15383102195813372
8,1521,1529,0.15383013766295117
8,1523,1531,0.153829519841761
8,1519,1527,0.15382913197103643
8,1500,1508,0.1538289416890069
9,1494,1503,0.15382892035723109
8,1512,1520,0.15382576418400837
9,1517,1526,0.15382518964307335
9,1526,1535,0.15382264035691298
8,1519,1527,0.15382044640178918
7,1520,1527,0.1538214700009752
7,1521,1528,0.15382472808224226
7,1510,1517,0.15382786665652276
6,1506,1512,0.15383088544361875
5,1510,1515,0.15383599316295954
5,1492,1497,0.15384313254497975
5,1507,1512,0.1538498713399509
4,1513,1517,0.1538562305396961
4,1506,1510,0.15386438557057192
4,1506,1510,0.1538720696983815
4,1511,1515,0.15387930906141384
4,1505,1509,0.15388612845496175
4,1515,1519,0.1538920517549873
4,1512,1516,0.15389767933787188
4,1493,1497,0.1539030229248617
4,1499,1503,0.15390809412965778
4,1511,1515,0.15391290440662922
4,1516,1520,0.15391746500778614
4,1532,1536,0.1539217869474397
4,1518,1522,0.15392588097359525
3,1514,1517,0.1539297575452288
3,1512,1515,0.15393562742373812
3,1502,1505,0.15394116284552958
3,1510,1513,0.15394638196450716
3,1510,1513,0.15395130204194946
4,1518,1522,0.15395593948040193
4,1516,1520,0.1539573005238898
4,1521,1525,0.15395867471691152
4,1527,1531,0.15396005197389337
4,1521,1525,0.1539614237200511
4,1516,1520,0.15396278271287245
3,1509,1512,0.15396412288281477
3,1510,1513,0.1539680568116489
3,1519,1522,0.15397175936283772
3,1530,1533,0.15397524381998753
3,1534,1537,0.15397852273659812
3,1514,1517,0.15398160797286273
3,1519,1522,0.153984510730969
3,1517,1520,0.15398724158892013
3,1507,1510,0.15398981053290228
3,1498,1501,0.15399222698822757
3,1501,1504,0.15399449984888702
3,1513,1516,0.1539966375057501
3,1511,1514,0.1539986478734503
3,1515,1518,0.15400053841599742
3,1527,1530,0.15400231617115934
3,1518,1521,0.15400398777365598
3,1507,1510,0.15400555947720945
3,1517,1520,0.1540070371754934
3,1518,1521,0.1540084264220261
3,1508,1511,0.15400973244904914
3,1507,1510,0.1540109601854358
3,1498,1501,0.15401211427366948
3,1514,1517,0.15401319908593414
3,1523,1526,0.15401421873935653
3,1522,1525,0.15401517711043852
3,1514,1517,0.1540160778487182
5,1515,1520,0.15401692438969578
6,1506,1512,0.15401127674933804
6,1508,1514,0.15400296161863955
6,1516,1522,0.15399543839569674
7,1503,1510,0.15398863150474637
6,1509,1515,0.15397919143619002
6,1508,1514,0.15397279896316898
7,1515,1522,0.15396708372757573
7,1517,1524,0.15395871051988635
7,1509,1516,0.1539511892493157
7,1498,1505,0.15394443526893084
7,1510,1517,0.15393837222468273
8,1510,1518,0.153932931249898
7,1507,1514,0.15392477790452896
6,1520,1526,0.15391988649591226
7,1515,1522,0.15391795323852914
7,1509,1516,0.1539138841752502
7,1521,1528,0.15391027833635673
7,1515,1522,0.1539070866487589
7,1511,1518,0.15390426504562593
8,1504,1512,0.153901773966537
8,1514,1522,0.15389629950400732
8,1510,1518,0.15389027995710056
7,1502,1509,0.15388494806364306
7,1508,1515,0.15388330717981955
7,1501,1508,0.1538819410088302
7,1498,1505,0.15388081588063873
7,1501,1508,0.15387990181610658
7,1514,1521,0.15387917214345304
7,1512,1519,0.1538786031534344
7,1503,1510,0.1538781737893978
7,1506,1513,0.1538778653687432
6,1503,1509,0.15387766133266942
6,1505,1511,0.15387979366694823
5,1492,1497,0.15388185862801518
6,1498,1504,0.15388605960471874
6,1505,1511,0.15388777854559177
7,1507,1514,0.15388944570430213
7,1521,1528,0.15388779529883637
7,1531,1538,0.15388639505896687
7,1518,1525,0.1538852154638998
7,1515,1522,0.153884230154219
7,1505,1512,0.15388341560920832
7,1512,1519,0.15388275085624856
7,1510,1517,0.15388221720914871
7,1520,1527,0.15388179803257754
6,1501,1507,0.15388147853003514
6,1494,1500,0.15388343379357733
6,1502,1508,0.15388532722626586
6,1520,1526,0.1538871570644648
7,1510,1517,0.15388892218462094
7,1502,1509,0.15388818688759737
7,1499,1506,0.15388756158825193
7,1514,1521,0.15388703337294488
8,1512,1520,0.15388659070662725
7,1520,1527,0.15388295937301788
6,1511,1517,0.15388184888794182
6,1486,1492,0.15388309090525573
7,1496,1503,0.1538843808476217
8,1508,1516,0.15388341943638348
8,1509,1517,0.15387941412163264
8,1485,1493,0.15387585785929314
8,1487,1495,0.15387162055948805
8,1492,1500,0.15386791543731018
8,1494,1502,0.15386468390133254
8,1505,1513,0.15386187342897492
8,1514,1522,0.15385943695806803
8,1518,1526,0.1538573323382851
8,1515,1523,0.15385552183661633
8,1520,1528,0.15385397169162313
8,1513,1521,0.15385265171171914
6,1508,1514,0.153851534913184
7,1503,1510,0.1538549433847677
7,1511,1518,0.15385599931243402
7,1515,1522,0.15385708833107842
6,1512,1518,0.15385819907228218
7,1516,1523,0.1538617371923535
7,1504,1511,0.15386263769915345
6,1490,1496,0.15386355594125992
6,1491,1497,0.15386689437037268
6,1504,1510,0.1538700644222314
6,1507,1513,0.15387307294223354
5,1513,1518,0.1538759266892898
5,1501,1506,0.1538808491122976
5,1500,1505,0.15388548959496826
4,1514,1518,0.15388986359236692
4,1507,1511,0.1538961507377755
4,1517,1521,0.1539020663173037
5,1509,1514,0.15390763185333378
7,1504,1511,0.15391050919537888
7,1517,1524,0.15390713466042186
7,1521,1528,0.15390416338425414
7,1512,1519,0.1539015518608704
7,1501,1508,0.15389926105024648
7,1497,1504,0.15389725593215162
7,1512,1519,0.15389550510384578
6,1510,1516,0.1538939804173868
6,1515,1521,0.15389514840500135
6,1525,1531,0.15389631055989747
6,1527,1533,0.15389746087244216
6,1531,1537,0.15389859431754882
5,1522,1527,0.15389955648326153
6,1509,1515,0.15390268334155088
7,1499,1506,0.15390240780118292
7,1509,1516,0.1539000042459651
7,1499,1506,0.153897900144676
6,1512,1518,0.15389606267714293
6,1513,1519,0.15389663615765237
7,1514,1521,0.15389728506385292
7,1515,1522,0.15389568888172347
7,1513,1520,0.15389429561464366
6,1523,1529,0.15389308284905712
6,1507,1513,0.15389416829214217
6,1497,1503,0.1538952665403624
6,1503,1509,0.15389636922642763
6,1512,1518,0.15389746921940234
6,1525,1531,0.15389856047996558
6,1524,1530,0.15389963793111117
7,1517,1524,0.15390069734271566
6,1510,1516,0.1538991891778196
6,1497,1503,0.1538999836708183
5,1499,1504,0.15390080033659814
5,1515,1520,0.15390379900593262
5,1510,1515,0.15390667341629605
4,1515,1519,0.15390942546042852
4,1509,1513,0.1539144183941404
4,1505,1509,0.15391912983235043
4,1510,1514,0.15392357472496543
4,1501,1505,0.15392776732313415
4,1512,1516,0.15393172120145415
4,1524,1528,0.15393544928077707
4,1507,1511,0.15393896385138864
4,1509,1513,0.15394227659637216
5,1515,1520,0.15394539861499115
5,1502,1507,0.15394510006072332
5,1512,1517,0.15394493325307101
5,1507,1512,0.15394487925997427
5,1509,1514,0.15394492134980484
5,1502,1507,0.15394504475679843
5,1511,1516,0.15394523647042568
5,1515,1520,0.15394548504631744
5,1498,1503,0.15394578043659438
5,1500,1505,0.1539461138376609
5,1503,1508,0.15394647755371613
5,1519,1524,0.15394686487440484
5,1516,1521,0.1539472699651889
5,1508,1513,0.15394768776915732
5,1501,1506,0.1539481139191225
5,1498,1503,0.1539485446589618
5,1502,1507,0.15394897677326852
5,1495,1500,0.15394940752446762
5,1508,1513,0.1539498345966373
5,1519,1524,0.15395025604535106
5,1516,1521,0.1539506702529243
5,1507,1512,0.1539510758885113
5,1498,1503,0.1539514718725524
5,1506,1511,0.15395185734512254
5,1516,1521,0.15395223163777716
6,1505,1511,0.15395259424853103
4,1513,1517,0.15394967764586265
5,1513,1518,0.15395133707339498
4,1510,1514,0.15395078024924236
4,1522,1526,0.153952518618761
4,1526,1530,0.15395424414615078
4,1522,1526,0.1539559486924463
4,1522,1526,0.15395762546778183
3,1516,1519,0.15395926886771666
4,1516,1520,0.15396301329264014
4,1511,1515,0.1539643771419775
4,1516,1520,0.1539657153067179
4,1514,1518,0.15396702384980743
4,1505,1509,0.15396829960002134
5,1493,1498,0.15396954005510832
5,1519,1524,0.1539679744964187
5,1523,1528,0.1539665989287803
5,1516,1521,0.15396539280295873
5,1512,1517,0.15396433767241313
4,1509,1513,0.15396341698457391
4,1513,1517,0.15396478152654147
5,1501,1506,0.15396611974408222
5,1516,1521,0.1539651269515811
5,1520,1525,0.15396425476711337
5,1524,1529,0.15396349012942798
5,1521,1526,0.15396282131567232
5,1501,1506,0.15396223780832743
5,1511,1516,0.15396173017514095
5,1513,1518,0.1539612899608017
5,1506,1511,0.1539609095892209
6,1505,1511,0.15396058227539286
6,1503,1509,0.15395704452279182
6,1499,1505,0.15395385324553076
6,1504,1510,0.15395097505372893
6,1499,1505,0.15394837974339154
6,1505,1511,0.153946039994339
6,1490,1496,0.1539439310966609
6,1495,1501,0.15394203070300883
5,1507,1512,0.15394031860429394
5,1511,1516,0.15394095137089958
5,1510,1515,0.15394160293916564
6,1512,1518,0.15394226661789523
6,1507,1513,0.15394056896142586
6,1505,1511,0.1539390379768509
6,1498,1504,0.15393765755397099
6,1515,1521,0.15393641312492984
6,1508,1514,0.15393529151743773
6,1511,1517,0.15393428082190963
7,1516,1523,0.15393337027120277
7,1518,1525,0.15392929218171314
6,1522,1528,0.15392560000072353
6,1533,1539,0.1539244104656481
5,1529,1534,0.15392340498860624
5,1528,1533,0.15392481252976867
5,1526,1531,0.15392621422160804
6,1530,1536,0.15392760262745334
6,1522,1528,0.15392654539771874
6,1512,1518,0.15392563913086998
5,1520,1525,0.15392486634298486
5,1507,1512,0.15392636579746807
5,1524,1529,0.153927838528329
5,1519,1524,0.15392927989535304
4,1528,1532,0.15393068614511926
3,1525,1528,0.15393418293919145
3,1518,1521,0.15393990135246363
2,1520,1522,0.1539452886080895
2,1509,1511,0.15395259897862132
2,1507,1509,0.15395946833555255
3,1513,1516,0.15396592307421914
3,1501,1504,0.15396873174585285
3,1499,1502,0.15397147810567013
3,1513,1516,0.15397415539760254
3,1507,1510,0.15397675829864824
3,1503,1506,0.1539792827328066
2,1503,1505,0.15398172570588908
2,1518,1520,0.1539862251501074
2,1516,1518,0.153990510225251
4,1510,1514,0.15399458815519895
4,1524,1528,0.1539924023283889
4,1509,1513,0.15399056154227267
4,1504,1508,0.15398902433415376
4,1519,1523,0.15398775373741652
4,1509,1513,0.15398671681787998
4,1502,1506,0.1539858842566636
4,1503,1507,0.1539852299749736
4,1504,1508,0.15398473079666652
4,1508,1512,0.15398436614485336
5,1495,1500,0.1539841177691723
5,1507,1512,0.15398071033479727
5,1502,1507,0.1539776937782941
5,1505,1510,0.15397502681235495
4,1512,1516,0.153972672329295
4,1518,1522,0.15397275423994086
4,1522,1526,0.15397295452188653
3,1518,1521,0.15397325409905918
3,1521,1524,0.15397588865526582
3,1522,1525,0.15397844356814028
3,1521,1524,0.15398091596103947
3,1528,1531,0.15398330387116138
3,1519,1522,0.1539856061232995
3,1514,1517,0.15398782221803078
3,1538,1541,0.15398995223281356
3,1516,1519,0.15399199673462682
3,1511,1514,0.1539939567029201
3,1514,1517,0.1539958334617699
3,1503,1506,0.15399762862025043
3,1510,1513,0.15399934402012821
3,1517,1520,0.15400098169008195
3,1529,1532,0.15400254380573108
3,1522,1525,0.15400403265483076
3,1522,1525,0.15400545060705723
3,1539,1542,0.15400680008786857
3,1535,1538,0.1540080835559784
3,1528,1531,0.1540093034840297
3,1512,1515,0.15401046234209922
3,1508,1511,0.1540115625837021
3,1512,1515,0.15401260663400113
3,1492,1495,0.1540135968799577
3,1491,1494,0.1540145356621889
4,1484,1488,0.1540154252683214
4,1492,1496,0.15401307054476335
3,1504,1507,0.15401096602124184
3,1506,1509,0.1540112504341547
3,1515,1518,0.15401160510932355
3,1517,1520,0.15401201732386596
2,1522,1524,0.15401247594125256
3,1520,1523,0.1540156896298525
3,1516,1519,0.15401545422105908
3,1501,1504,0.15401534309546488
3,1506,1509,0.1540153381844633
3,1505,1508,0.15401542352091366
3,1515,1518,0.15401558501582063
2,1512,1514,0.1540158102576872
3,1512,1515,0.15401883847868392
3,1512,1515,0.1540189026772823
3,1511,1514,0.15401902591598973
3,1514,1517,0.15401919858506008
3,1510,1513,0.15401941223356638
3,1518,1521,0.15401965944419058
3,1513,1516,0.15401993372083939
3,1506,1509,0.15402022938780965
3,1511,1514,0.15402054149935257
3,1507,1510,0.15402086575859827
2,1494,1496,0.15402119844490464
2,1511,1513,0.15402368172518835
2,1510,1512,0.15402603717169008
2,1508,1510,0.154028270290922
2,1498,1500,0.15403038647450684
2,1503,1505,0.15403162642313656
3,1510,1513,0.15403287944100175
4,1515,1519,0.15403172034347812
4,1511,1515,0.15402817579661543
4,1512,1516,0.15402497399817658
3,1510,1513,0.15402208198691011
3,1512,1515,0.15402163197710067
3,1507,1510,0.15402130380686108
3,1517,1520,0.15402108093756048
3,1512,1515,0.15402094871584815
3,1503,1506,0.15402089417443718
3,1497,1500,0.15402090585312384
3,1509,1512,0.15402097363803294
3,1507,1510,0.15402108861727665
2,1514,1516,0.1540212429513909
2,1516,1518,0.15402364513257322
2,1518,1520,0.15402593247211757
2,1516,1518,0.154028108870602
2,1521,1523,0.1540301782931538
2,1517,1519,0.1540321447361481
2,1502,1504,0.15403401219878152
2,1512,1514,0.15403578465894888
2,1512,1514,0.15403746605291185
2,1504,1506,0.1540390602583036
2,1516,1518,0.1540405710800636
2,1509,1511,0.15404200223894052
2,1519,1521,0.15404335736224073
2,1516,1518,0.15404463997653678
2,1517,1519,0.15404585350208022
2,1506,1508,0.15404700124869403
2,1506,1508,0.15404808641294285
1,1521,1522,0.15404911207640495
1,1526,1527,0.15405224742449913
1,1519,1520,0.15405519601269424
1,1521,1522,0.15405796879887718
1,1517,1518,0.15406057611462828
1,1504,1505,0.1540630276993336
1,1504,1505,0.1540653327326147
1,1511,1512,0.15406749986513887
1,1512,1513,0.1540695372478751
2,1519,1521,0.15407145255985719
2,1513,1515,0.1540699962858385
1,1515,1516,0.15406873571787577
1,1520,1521,0.15407070263924638
1,1509,1510,0.15407255131130346
1,1515,1516,0.15407428878056517
1,1526,1527,0.15407592167983614
1,1520,1521,0.15407745625187952
1,1513,1514,0.15407889837179678
1,1507,1508,0.15408025356817986
1,1502,1503,0.154081527043097
1,1509,1510,0.154082723690971
1,1512,1513,0.15408384811640752
1,1506,1507,0.1540849046510263
1,1514,1515,0.1540858973693486
1,1512,1513,0.1540868301037894
1,1523,1524,0.15408770645880226
1,1520,1521,0.1540885298242221
1,1507,1508,0.15408930338784846
1,1513,1514,0.15409003014731049
1,1512,1513,0.15409071292125315
1,1518,1519,0.15409135435988078
1,1513,1514,0.15409195695489403
1,1523,1524,0.15409252304885354
1,1521,1522,0.15409305484400168
1,1514,1515,0.15409355441057337
1,1510,1511,0.15409402369462363
1,1518,1519,0.15409446452539954
1,1504,1505,0.15409487862228236
1,1508,1509,0.15409526760132375
2,1518,1520,0.15409563298139936
2,1522,1524,0.15409273379418068
2,1517,1519,0.1540901150091543
2,1514,1516,0.15408774963202052
2,1530,1532,0.15408561325954118
2,1509,1511,0.15408368383130966
2,1501,1503,0.15408194140527218
2,1509,1511,0.15408036795472987
2,1502,1504,0.15407894718476794
2,1507,1509,0.15407766436625386
2,1518,1520,0.1540765061857253
2,1516,1518,0.15407546060964772
2,1510,1512,0.154074516761668
2,1517,1519,0.1540736648116203
2,1521,1523,0.15407289587516101
3,1508,1511,0.15407220192301543
3,1510,1513,0.15406829769247066
2,1528,1530,0.15406476128181323
2,1536,1538,0.15406372741420046
2,1529,1531,0.15406286354046556
2,1517,1519,0.15406214908280774
2,1526,1528,0.15406156569336527
2,1527,1529,0.1540610970251169
2,1528,1530,0.15406072852564626
1,1511,1512,0.15406044725152546
1,1517,1518,0.15406284690486932
1,1518,1519,0.15406511062842512
1,1521,1522,0.15406724571233676
1,1521,1522,0.15406925909816427
1,1519,1520,0.15407115739091942
1,1525,1526,0.15407294687125328
1,1530,1531,0.15407463350770143
1,1504,1505,0.1540762229689062
1,1501,1502,0.1540777206357478
1,1502,1503,0.15407913161332762
0,1511,1511,0.15408046074275486
