1357,27,1384,0.13579592026621978
1405,29,1434,0.13298218566234
1411,28,1439,0.13028881456371774
1442,28,1470,0.12782521805877345
1460,27,1487,0.1254988271610413
1471,28,1499,0.12333311124659019
1471,29,1500,0.12133644985819687
1470,30,1500,0.11951992419221945
1485,28,1513,0.11787015950497719
1498,27,1525,0.11633140556765127
1487,27,1514,0.11489902578740038
1482,26,1508,0.11362429788739475
1482,27,1509,0.11247905273809314
1478,28,1506,0.11143818986243914
1467,30,1497,0.11050240653653702
1468,31,1499,0.10967982559674162
1455,28,1483,0.10893048046473887
1460,29,1489,0.10828097924531241
1468,27,1495,0.10767900943342137
1471,26,1497,0.10711236181316186
1491,28,1519,0.10658995923169119
1473,26,1499,0.10606804325332313
1469,25,1494,0.1056346978256783
1462,26,1488,0.10525151631523044
1464,27,1491,0.10491943654159694
1468,28,1496,0.10461253888179066
1457,29,1486,0.10432533435506816
1460,30,1490,0.10408986303076918
1479,31,1510,0.1038713944679684
1462,29,1491,0.10362993514527044
1461,30,1491,0.10344926921600918
1459,29,1488,0.10328710030590565
1454,31,1485,0.1031413676528941
1452,31,1483,0.10302139088193744
1446,30,1476,0.10291652305770359
1438,29,1467,0.10283365800423754
1451,29,1480,0.10277795471241674
1453,30,1483,0.10269843973634732
1446,28,1474,0.10262423753539285
1449,27,1476,0.10257208136011965
1440,28,1468,0.10251847309551244
1459,30,1489,0.10249134732060672
1466,32,1498,0.10242156708551964
1469,33,1502,0.10234198878201296
1461,33,1494,0.1022612194280028
1474,32,1506,0.10220493588167852
1473,29,1502,0.10212659761378146
1457,30,1487,0.10205552440604063
1451,29,1480,0.10202865838375548
1451,29,1480,0.10201701592332078
1454,29,1483,0.10200336177211188
1465,30,1495,0.10198703303632975
1475,28,1503,0.10194962783498102
1474,27,1501,0.1018919099767431
1485,26,1511,0.10184161484560902
1474,27,1501,0.10177211798899187
1477,28,1505,0.10173205267246839
1484,31,1515,0.10168820165697681
1475,32,1507,0.10162970266206967
1474,33,1507,0.10159928439942685
1454,33,1487,0.10157417133790103
1448,30,1478,0.1015970650116425
1449,28,1477,0.10163230855274119
1456,29,1485,0.10165934392597072
1440,29,1469,0.10166887937459528
1460,28,1488,0.10171350868944583
1447,29,1476,0.10171012660048863
1436,29,1465,0.10173444075740927
1447,29,1476,0.10178015947970001
1452,28,1480,0.10179881987856029
1448,28,1476,0.10180451034237237
1450,27,1477,0.10181668988536431
1437,23,1460,0.10182465247872573
1443,22,1465,0.10186111012678341
1457,24,1481,0.10188308672960183
1450,25,1475,0.10187074253389714
1458,26,1484,0.10187513884942173
1453,26,1479,0.10186205381387822
1464,27,1491,0.10186098135600424
1456,24,1480,0.10183867949183412
1464,25,1489,0.10183214135679249
1457,25,1482,0.10180749208971276
1447,26,1473,0.10179916022525852
1450,26,1476,0.10181555711170791
1459,26,1485,0.10182129770087733
1455,26,1481,0.10180567765630968
1466,26,1492,0.10180122376957167
1467,29,1496,0.1017718824674293
1461,27,1488,0.10174278284667813
1450,28,1478,0.10173077390171797
1461,28,1489,0.10174581438308433
1465,27,1492,0.10173685716333111
1475,30,1505,0.10171594067666302
1466,30,1496,0.10167410424723994
1482,29,1511,0.10165799659926691
1476,28,1504,0.10160673339369915
1468,29,1497,0.10157523774802671
1479,29,1508,0.1015631811935745
1473,29,1502,0.10152790021509762
1458,32,1490,0.10150802571676533
1452,31,1483,0.1015223413367129
1451,29,1480,0.10155089368438851
1456,28,1484,0.10158050261266492
1443,29,1472,0.10159729451114377
1438,31,1469,0.10164113322489113
1437,31,1468,0.10169062729200241
1442,32,1474,0.101740171842157
1451,31,1482,0.10177603413530643
1448,33,1481,0.10178640288462824
1445,32,1477,0.10180307903827503
1449,31,1480,0.10182447768915877
1450,28,1478,0.10183566924306547
1456,28,1484,0.10184283807278591
1462,26,1488,0.10183737142775474
1454,26,1480,0.10181767371641941
1462,26,1488,0.10181755166196417
1471,27,1498,0.10179917961220408
1473,26,1499,0.10176192283195289
1475,26,1501,0.10172365496761655
1461,26,1487,0.10168395723674468
1453,25,1478,0.10168167448566981
1463,25,1488,0.1016958323097046
1468,27,1495,0.10168348095885209
1472,29,1501,0.10166312324282163
1473,29,1502,0.10163484576423432
1456,29,1485,0.10160677750985762
1457,29,1486,0.10162008776241933
1459,29,1488,0.10162917460864154
1468,29,1497,0.10163425885438702
1457,30,1487,0.10161967147607547
1450,30,1480,0.10163127722192504
1441,30,1471,0.10165822031527026
1455,31,1486,0.10170283101757932
1468,32,1500,0.10171423166473886
1460,34,1494,0.10169142975772952
1434,31,1465,0.10168881439862164
1431,32,1463,0.1017448585866947
1432,30,1462,0.10180538450718829
1448,29,1477,0.10186174213720638
1455,29,1484,0.10187538921762831
1443,28,1471,0.10186967684090492
1464,27,1491,0.10188967448719694
1451,25,1476,0.10185997150956813
1463,24,1487,0.10185965425362116
1460,25,1485,0.1018360940285632
1463,26,1489,0.10181955252387918
1469,28,1497,0.10179784990274458
1469,28,1497,0.10176694253784593
1470,27,1497,0.10174005947295418
1458,26,1484,0.10171370286484266
1468,27,1495,0.10171485509516578
1462,30,1492,0.10169117461323554
1459,27,1486,0.1016821026213006
1461,30,1491,0.10168408950242158
1450,30,1480,0.10168171378698357
1448,30,1478,0.10170325237405407
1456,30,1486,0.10172919461603872
1461,31,1492,0.10173400475550157
1451,31,1482,0.10172753172017376
1457,32,1489,0.10174373305574819
1449,32,1481,0.10174588336809436
1456,32,1488,0.10176765281010638
1453,31,1484,0.10176989273782645
1458,30,1488,0.10178032976299807
1458,30,1488,0.10178010245517427
1463,30,1493,0.1017784680153547
1460,31,1491,0.10176149018220446
1462,32,1494,0.10175248511949085
1452,31,1483,0.10174176954257319
1466,32,1498,0.10175497544805231
1465,31,1496,0.10173456007411785
1475,32,1507,0.10171844798340231
1466,32,1498,0.10168135939715152
1467,31,1498,0.10166957351432099
1465,29,1494,0.10165476904208381
1471,27,1498,0.1016483336040302
1471,28,1499,0.10162985722698782
1467,28,1495,0.10161071092735838
1456,27,1483,0.10160397641840868
1449,28,1477,0.10162000098543685
1461,31,1492,0.10165240410730511
1480,30,1510,0.1016548439436758
1465,30,1495,0.10161515614129712
1469,30,1499,0.1016119692129426
1473,30,1503,0.10159958217590453
1467,30,1497,0.10157897277394726
1463,29,1492,0.10157467374764353
1459,29,1488,0.1015807915830722
1460,30,1490,0.10159325133102438
1467,31,1498,0.10160081783537808
1468,31,1499,0.1015916911083461
1463,30,1493,0.10158309237026635
1450,30,1480,0.10158606836063033
1454,29,1483,0.10161859355463275
1445,31,1476,0.10164031444389501
1451,31,1482,0.10168164062424744
1440,30,1470,0.10170498876648111
1442,28,1470,0.10175009208919991
1453,30,1483,0.10178747264814816
1457,32,1489,0.10179680018323886
1450,33,1483,0.10179426000403362
1444,35,1479,0.1018076262611532
1451,32,1483,0.10183413112934518
1454,32,1486,0.1018427744583315
1464,31,1495,0.10184576581556634
1465,30,1495,0.10182336634519772
1460,30,1490,0.10179883505848508
1446,30,1476,0.10178825265219915
1449,34,1483,0.10180939609628384
1461,34,1495,0.10182251645721214
1466,34,1500,0.10180733772078913
1451,35,1486,0.10178308750870829
1468,34,1502,0.10179322083443199
1463,34,1497,0.10176374490690092
1458,34,1492,0.10174857621980835
1466,34,1500,0.10174740838741765
1446,34,1480,0.10172751505190483
1430,33,1463,0.10175396092966828
1429,32,1461,0.10181649791049503
1435,31,1466,0.10187549196598977
1439,33,1472,0.10191809954090436
1457,33,1490,0.10194971240657665
1451,33,1484,0.10193524664118485
1446,33,1479,0.10193217064026001
1453,34,1487,0.10194289956472435
1451,32,1483,0.1019375321023092
1456,31,1487,0.1019372897679942
1463,31,1494,0.1019258810408725
1462,31,1493,0.10190034646449511
1456,30,1486,0.10187946919985044
1457,30,1487,0.10187376729539714
1466,30,1496,0.10186282706354519
1467,27,1494,0.10183589320024272
1473,26,1499,0.1018054277795152
1464,27,1491,0.1017655302867339
1466,28,1494,0.10174897124969223
1470,28,1498,0.1017296441492627
1459,28,1487,0.10170488390655276
1446,29,1475,0.10170352133317512
1451,30,1481,0.10173107920539984
1461,29,1490,0.1017448751896873
1462,29,1491,0.10173589833328871
1454,28,1482,0.10172570714765727
1452,28,1480,0.10173776737930812
1459,28,1487,0.10175017142236302
1459,28,1487,0.1017447592585534
1458,28,1486,0.10174074183110317
1466,27,1493,0.1017408365837164
1469,26,1495,0.1017213043130625
1466,25,1491,0.10169797001232016
1475,28,1503,0.10168318486041925
1460,31,1491,0.10164962365805161
1459,30,1489,0.10165032212176134
1459,32,1491,0.10165457142032557
1455,31,1486,0.10166096886791628
1461,33,1494,0.10167584058040559
1459,34,1493,0.10167547310529912
1464,36,1500,0.10167804729654648
1453,34,1487,0.10167011493504809
1456,32,1488,0.10168885482490005
1452,33,1485,0.10169792249895428
1444,34,1478,0.10171693533205417
1457,36,1493,0.10175325003399799
1463,36,1499,0.10175805323133194
1471,36,1507,0.10174893489442027
1469,36,1505,0.10172183706485308
1476,37,1513,0.10170215984811243
1467,37,1504,0.10166793766051409
1464,36,1500,0.10165691683499857
1473,37,1510,0.10165284094408415
1462,36,1498,0.10163144145047952
1457,38,1495,0.10163715768942101
1457,37,1494,0.10165327955001605
1453,34,1487,0.10166781369426275
1453,34,1487,0.10168984908628573
1464,35,1499,0.10170971836655283
1462,34,1496,0.10170380015670755
1459,36,1495,0.10170117241628855
1470,34,1504,0.10170595264202997
1473,33,1506,0.10168624648451143
1465,32,1497,0.10166236337450307
1467,32,1499,0.10166042955536735
1463,33,1496,0.10165404904622402
1462,36,1498,0.10165820470541337
1450,38,1488,0.10166426117377826
1450,38,1488,0.10169468963586939
1447,37,1484,0.10172263484802457
1448,37,1485,0.10175416339628203
1437,40,1477,0.1017804136473489
1445,42,1487,0.10183210109690229
1447,43,1490,0.10186128336636235
1455,44,1499,0.10188214724845451
1443,40,1483,0.10188455042325276
1445,41,1486,0.10191457696481265
1450,42,1492,0.10193566155223426
1466,42,1508,0.10194406739322687
1456,40,1496,0.10191706047996957
1449,38,1487,0.10191432842543711
1445,41,1486,0.10192774289063411
1445,36,1481,0.10194976825616646
1451,36,1487,0.10196801630921375
1428,37,1465,0.10197079908505852
1432,39,1471,0.10202498861583291
1442,39,1481,0.10206640863950761
1445,36,1481,0.10208387130830433
1451,36,1487,0.1020924661769892
1442,37,1479,0.10208586736686726
1458,37,1495,0.10209894548385595
1454,37,1491,0.10207423057700252
1452,38,1490,0.1020597135628726
1455,39,1494,0.10205018087462728
1447,41,1488,0.10203632344207392
1448,41,1489,0.10203886822750263
1456,41,1497,0.10203955900365208
1459,41,1500,0.10202239684044194
1462,42,1504,0.10200039381273672
1447,44,1491,0.10197499538781969
1451,42,1493,0.10198561130529629
1460,42,1502,0.10198801690154717
1458,42,1500,0.1019701785989584
1467,42,1509,0.10195763559586943
1460,46,1506,0.1019257589449674
1456,47,1503,0.1019149608381496
1446,47,1493,0.10191548599146978
1461,47,1508,0.10193716970377782
1458,46,1504,0.10192317970645152
1447,46,1493,0.10191769406631063
1450,45,1495,0.10193774507337558
1444,44,1488,0.10194972545277295
1434,43,1477,0.10197373700525862
1427,46,1473,0.1020208458992682
1443,46,1489,0.1020794746316734
1456,48,1504,0.10209662875705272
1469,48,1517,0.10208278811417988
1467,47,1514,0.10204140651797569
1455,47,1502,0.10200734218375704
1454,43,1497,0.10200263977145192
1460,45,1505,0.10200203245856962
1458,46,1504,0.10198429889185938
1462,45,1507,0.10197409236727666
1466,46,1512,0.10195546752079199
1470,46,1516,0.10192976429301318
1468,43,1511,0.10189590224923283
1474,45,1519,0.10187112705597716
1455,46,1501,0.10183550843478219
1441,44,1485,0.10184544505699758
1445,47,1492,0.10188390162407801
1445,46,1491,0.10190963820469534
1449,45,1494,0.10193478983854726
1451,47,1498,0.10194866620270324
1447,47,1494,0.10195424183786997
1459,47,1506,0.10196955596021169
1462,47,1509,0.10195529117278379
1455,48,1503,0.10193670993604455
1452,48,1500,0.10193395970367497
1449,48,1497,0.10194035731966178
1456,48,1504,0.1019549257635402
1455,49,1504,0.10195211860831865
1454,49,1503,0.10195175821532576
1446,50,1496,0.10195485818924883
1440,51,1491,0.10197671132828806
1449,51,1500,0.10200952415765027
1445,50,1495,0.10201955481445736
1440,50,1490,0.10203730649457451
1439,51,1490,0.10206535097559304
1448,50,1498,0.10209445212144837
1448,51,1499,0.10210070941421963
1444,51,1495,0.10210741845920512
1441,51,1492,0.10212117424911138
1430,54,1484,0.10214268745750257
1443,54,1497,0.10218671259762843
1447,52,1499,0.10219878359237435
1454,52,1506,0.10220015331779092
1445,56,1501,0.1021861513915269
1442,56,1498,0.1021937834648379
1429,57,1486,0.10220805774281899
1441,58,1499,0.10225030479391456
1441,58,1499,0.10226409115474791
1434,58,1492,0.10227677823512975
1452,57,1509,0.10230164513643096
1450,58,1508,0.10228654663627555
1440,59,1499,0.1022763699274059
1433,58,1491,0.10228761300944555
1428,57,1485,0.10231363190824709
1440,57,1497,0.10235150970063263
1444,56,1500,0.10235859758673076
1434,57,1491,0.10235436475181142
1427,56,1483,0.10237207255434772
1447,58,1505,0.10240422899198261
1445,58,1503,0.10239166941281837
1446,56,1502,0.10238487382988433
1450,56,1506,0.10237737274969116
1453,55,1508,0.10236026492627887
1450,59,1509,0.10233743468971518
1441,59,1500,0.10232270199201125
1449,59,1508,0.1023304015637408
1451,59,1510,0.10232037362183574
1441,61,1502,0.10230531847865051
1437,65,1502,0.10231607908157227
1433,61,1494,0.10233680247919817
1431,61,1492,0.10236503325669123
1443,59,1502,0.10239175578745577
1447,62,1509,0.10239006320680413
1452,63,1515,0.10237816619780762
1458,62,1520,0.10235702724541187
1451,60,1511,0.10232517427638023
1451,60,1511,0.10231193216659047
1452,59,1511,0.10230012187428959
1452,59,1511,0.10228674587632833
1435,60,1495,0.10227282493390742
1440,63,1503,0.10229947012880763
1430,64,1494,0.10231195941603684
1415,63,1478,0.10234722784017489
1433,64,1497,0.10241152432176316
1443,64,1507,0.10243200027580525
1440,67,1507,0.10242886020019487
1422,66,1488,0.10243464091835022
1405,66,1471,0.10248156838423376
1406,68,1474,0.10256308626498115
1412,67,1479,0.10263474047182326
1405,67,1472,0.10268773413875376
1419,66,1485,0.10275165218315334
1424,67,1491,0.10277989317694246
1415,68,1483,0.10279533169182503
1417,66,1483,0.10283129477212266
1416,71,1487,0.1028576534578281
1398,72,1470,0.10288438580292616
1394,74,1468,0.10295135893221627
1414,76,1490,0.10302005628463391
1429,79,1508,0.1030371536752456
1417,77,1494,0.10302220824850662
1402,79,1481,0.10303574829817035
1412,76,1488,0.10307757889593998
1403,78,1481,0.10309482901611684
1409,76,1485,0.10313404551801125
1399,76,1475,0.10315685740948634
1413,78,1491,0.10320021668875473
1424,76,1500,0.10320911306355807
1422,78,1500,0.10319046290670034
1425,80,1505,0.10317586148785854
1429,81,1510,0.10315714870904542
1421,82,1503,0.10312890165671335
1415,84,1499,0.10312334325044262
1409,86,1495,0.10313241838653603
1409,86,1495,0.1031567755446161
1415,85,1500,0.1031770121028088
1428,84,1512,0.10318280877300218
1427,85,1512,0.10315960246983848
1420,86,1506,0.10314078602461396
1424,88,1512,0.10313922378366051
1412,90,1502,0.10313033522255402
1413,94,1507,0.10314997226007604
1406,96,1502,0.10316787596983343
1399,95,1494,0.10319957759987285
1379,98,1477,0.10324393543934103
1390,96,1486,0.1033293093259255
1390,97,1487,0.10338396405707272
1390,100,1490,0.10343390546627855
1397,99,1496,0.10347950681589729
1393,100,1493,0.10350621868803063
1390,100,1490,0.10354195766902385
1377,100,1477,0.10358090931271154
1377,102,1479,0.10364775692922695
1367,102,1469,0.10370905808762641
1368,106,1474,0.10378771337378208
1385,107,1492,0.10385967678385527
1387,109,1496,0.10388597183745198
1393,111,1504,0.1039055396014105
1390,113,1503,0.10390982234471693
1377,113,1490,0.10392429082075733
1366,112,1478,0.1039675737755777
1368,114,1482,0.1040299786885723
1380,112,1492,0.10408226578693856
1387,112,1499,0.10410613305219191
1379,113,1492,0.10411138127658845
1393,108,1501,0.10413451345752364
1395,110,1505,0.10412460609777974
1396,109,1505,0.10410899086180665
1387,108,1495,0.1040887825108586
1395,109,1504,0.10408900740214086
1377,109,1486,0.10407591428774168
1386,109,1495,0.10410268866690732
1386,113,1499,0.10410825293047406
1375,116,1491,0.1041144627640487
1377,114,1491,0.104147873918435
1379,111,1490,0.1041768112965079
1392,109,1501,0.10420023469662403
1382,109,1491,0.10419237825943732
1387,107,1494,0.10420603884516894
1392,106,1498,0.10420614884915266
1394,105,1499,0.10419471813711738
1394,107,1501,0.10418027487378
1392,109,1501,0.10416650394163099
1389,117,1506,0.10416132766705044
1379,118,1497,0.10416292220044916
1372,118,1490,0.10418578569415661
1374,121,1495,0.10422303294402396
1378,122,1500,0.10425489535902116
1375,124,1499,0.10427738207787635
1374,124,1498,0.10430608740350263
1378,124,1502,0.1043319589315344
1386,124,1510,0.10434928912157077
1372,124,1496,0.10434627681076097
1362,124,1486,0.1043745002597921
1361,129,1490,0.10442201321116631
1352,131,1483,0.1044697418869179
1370,129,1499,0.10453425756469216
1369,128,1497,0.10455472014933634
1390,132,1522,0.10457634418265868
1380,128,1508,0.10454744898869275
1373,132,1505,0.10454514046082977
1366,134,1500,0.10455893770689567
1369,139,1508,0.10458744268656578
1373,138,1511,0.10460866127512256
1362,139,1501,0.10461916587787297
1363,138,1501,0.10465518871358118
1362,138,1500,0.10468627211902419
1351,138,1489,0.1047185229627114
1364,136,1500,0.10477109898722788
1351,133,1484,0.10479032764142217
1362,127,1489,0.10483747381743908
1367,128,1495,0.10485797376869148
1366,128,1494,0.10486552272960484
1364,133,1497,0.10487266446395133
1360,130,1490,0.10488440933353543
1371,130,1501,0.10490650282009696
1363,134,1497,0.10490002284215474
1364,135,1499,0.10491071779212152
1342,139,1481,0.10491935050355622
1343,136,1479,0.1049765417790522
1347,138,1485,0.10502781536096664
1351,142,1493,0.10506730360154791
1344,140,1484,0.10509545341727701
1344,145,1489,0.1051359856804269
1347,145,1492,0.10517484429246568
1354,145,1499,0.10520372577212841
1357,142,1499,0.10521736723088054
1353,141,1494,0.10522344314774626
1359,143,1502,0.10523481963979531
1360,142,1502,0.10522933192458407
1352,142,1494,0.10522075626567878
1356,140,1496,0.10523294151427827
1334,144,1478,0.10523595839863187
1334,146,1480,0.10528765992975872
1332,146,1478,0.10533572138972488
1330,148,1478,0.10538443563957213
1348,144,1492,0.10543209918863176
1348,147,1495,0.10543825373531605
1357,149,1506,0.10544568474841574
1360,152,1512,0.10543164425767887
1356,151,1507,0.10541187155051639
1357,147,1504,0.10540269594007817
1350,146,1496,0.10539341680836431
1357,153,1510,0.1054017225046119
1337,157,1494,0.10539388456417381
1337,154,1491,0.10543097325588985
1342,157,1499,0.10546652199191887
1345,155,1500,0.10548868949871654
1352,154,1506,0.10550043621298467
1340,155,1495,0.10549658169475912
1340,156,1496,0.10552020448164637
1349,154,1503,0.10554283429135218
1343,155,1498,0.1055458880981384
1348,155,1503,0.10556021847128648
1347,151,1498,0.10556286612495444
1339,151,1490,0.10556638107367114
1342,157,1499,0.10558597491384045
1343,154,1497,0.10559986435533888
1345,154,1499,0.10561144026610757
1348,159,1507,0.10561703188351679
1355,159,1514,0.10561764434770861
1349,162,1511,0.10560179331935161
1350,166,1516,0.10559924584122964
1346,161,1507,0.1055957625002858
1349,160,1509,0.10560500004610869
1342,160,1502,0.10560787733829971
1337,156,1493,0.10562713742803069
1339,160,1499,0.10565840465109361
1346,165,1511,0.10568251883032692
1349,167,1516,0.10568991772277837
1346,166,1512,0.10569049163228307
1343,164,1507,0.10569757386723225
1345,164,1509,0.10570959998351831
1348,166,1514,0.10571548612232029
1336,174,1510,0.10571588596438744
1318,167,1485,0.10574486099153954
1312,167,1479,0.10581355105068792
1310,170,1480,0.10588961780723526
1310,168,1478,0.10596448286894188
1316,171,1487,0.10603408283839329
1304,172,1476,0.10608526983070213
1307,173,1480,0.1061601083001298
1315,173,1488,0.10622220017325087
1305,169,1474,0.10626111758709239
1312,168,1480,0.10631963436301017
1319,169,1488,0.10635490508429436
1311,168,1479,0.10637098224517288
1325,169,1494,0.10640064561800724
1338,165,1503,0.1063967180425331
1335,169,1504,0.1063632727835929
1323,172,1495,0.10633681262135991
1340,170,1510,0.10634099443396496
1348,170,1518,0.10630642227726379
1337,173,1510,0.10625833884797636
1337,172,1509,0.10624078462737784
1330,174,1504,0.10622629482296922
1338,178,1516,0.10622930436182212
1338,181,1519,0.10621546275954083
1325,181,1506,0.10620577012574976
1307,189,1496,0.10622581744562515
1307,187,1494,0.1062844433257813
1313,185,1498,0.10634010664893345
1307,181,1488,0.1063781233195194
1321,177,1498,0.10642549712156692
1324,178,1502,0.10643686010671231
1316,175,1491,0.10644225969635532
1319,175,1494,0.10646573234790044
1331,175,1506,0.10647816347292313
1335,176,1511,0.10646128244951417
1335,175,1510,0.10643558742607498
1316,180,1496,0.10641292545023419
1320,179,1499,0.10643474349992264
1318,182,1500,0.10644592782446448
1324,178,1502,0.10646191011880667
1324,178,1502,0.10646372269721859
1313,180,1493,0.1064665460055274
1310,183,1493,0.10649546706715551
1310,183,1493,0.10652887969689889
1313,187,1500,0.10655779521579277
1324,183,1507,0.10657826596722397
1313,183,1496,0.10657266963473003
1318,180,1498,0.10659305114103221
1320,185,1505,0.10659833181387439
1320,181,1501,0.10659875299291327
1328,182,1510,0.10659714263863516
1329,179,1508,0.10658176380472034
1327,182,1509,0.10656379156359147
1323,182,1505,0.10655352233809706
1320,183,1503,0.10655117500254892
1309,182,1491,0.10655501374330871
1312,180,1492,0.1065844104974265
1322,179,1501,0.10660492746210226
1318,181,1499,0.10659883362680517
1322,181,1503,0.10660286771790824
1319,179,1498,0.1065951844701653
1315,173,1488,0.10659249482945757
1319,178,1497,0.10660106681817975
1319,179,1498,0.1065999532271895
1306,186,1492,0.10659696969052077
1324,183,1507,0.10662696817726776
1325,187,1512,0.10661154127702951
1310,184,1494,0.10659715469315391
1307,188,1495,0.10661573709883929
1306,190,1496,0.1066386775805017
1312,189,1501,0.1066612576634493
1296,187,1483,0.10667087769468807
1313,186,1499,0.10671907743713749
1307,183,1490,0.10672433774860396
1318,182,1500,0.10674229834254455
1317,186,1503,0.10673369704973446
1313,183,1496,0.10672823672546133
1311,184,1495,0.10673015611273531
1314,187,1501,0.10673771225145284
1311,190,1501,0.10673872870709655
1305,191,1496,0.10674623265817072
1298,191,1489,0.10676722900964798
1314,191,1505,0.10680424631038284
1311,191,1502,0.10680170695208688
1307,194,1501,0.10680664909930997
1315,194,1509,0.10682052869851962
1306,195,1501,0.10681550242693326
1302,192,1494,0.1068316247235489
1298,190,1488,0.10685422060552174
1304,196,1500,0.10688524597733128
1306,193,1499,0.10690064816696403
1309,200,1509,0.10691056775999926
1300,201,1501,0.10691277042817393
1317,200,1517,0.10693343541823004
1313,203,1516,0.10691437188352765
1306,200,1506,0.10690629759285093
1309,200,1509,0.1069157178144848
1315,200,1515,0.10691847260316147
1308,197,1505,0.10690539019868135
1310,190,1500,0.1069081604219883
1299,190,1489,0.1069062396572038
1293,198,1491,0.1069284161250251
1297,196,1493,0.10696188094694542
1304,193,1497,0.10698592975780857
1302,200,1502,0.10698968826047846
1306,200,1506,0.10700098445432488
1299,198,1497,0.10700415613989972
1287,200,1487,0.10702277488142667
1293,207,1500,0.10706920257944925
1299,209,1508,0.10709857613449866
1294,207,1501,0.10711130472907478
1291,206,1497,0.1071372160759067
1282,211,1493,0.10716748122282346
1291,213,1504,0.1072156938792833
1291,214,1505,0.10724140013152425
1284,214,1498,0.10726630243506963
1285,213,1498,0.10730504139268952
1279,214,1493,0.10733854333679443
1269,216,1485,0.10738301432506381
1265,218,1483,0.10744740447239064
1263,219,1482,0.10751624106723835
1283,221,1504,0.10758574370501375
1281,227,1508,0.10760609245891992
1277,225,1502,0.10762874362382088
1261,230,1491,0.1076612119578187
1250,224,1474,0.10772899645396095
1246,234,1480,0.1078190864011686
1252,233,1485,0.10791124258638461
1258,238,1496,0.10798052084438271
1255,242,1497,0.10803142786696171
1257,236,1493,0.10808825394559564
1255,241,1496,0.10813506637218756
1255,239,1494,0.10818451488142039
1236,245,1481,0.10823002068763532
1233,250,1483,0.10831450074063598
1249,243,1492,0.10839842427484285
1254,250,1504,0.10843756554881644
1259,250,1509,0.10846147608135677
1255,247,1502,0.10847116016504078
1244,252,1496,0.10849114523003893
1253,255,1508,0.10853542721463082
1248,256,1504,0.10855763368125483
1245,251,1496,0.10859184440608527
1248,249,1497,0.1086302315422091
1256,249,1505,0.10865937257532078
1261,249,1510,0.10866587469036962
1259,255,1514,0.10866176958569605
1240,251,1491,0.1086633241470453
1248,252,1500,0.10870854210759688
1241,251,1492,0.1087315980294417
1238,253,1491,0.10876951673823756
1238,251,1489,0.10881336050059197
1236,252,1488,0.10885421967508266
1246,249,1495,0.10889547362044512
1239,251,1490,0.10891202242437689
1240,245,1485,0.10894398445224152
1249,256,1505,0.10897246975791344
1251,257,1508,0.10897667839477379
1248,260,1508,0.10897790601505986
1255,264,1519,0.10898291436815448
1242,267,1509,0.10897349364236884
1239,262,1501,0.10899560008527466
1247,263,1510,0.10902365936805915
1245,267,1512,0.10903103915224172
1243,266,1509,0.10904369086117625
1239,261,1500,0.10905995207690487
1234,261,1495,0.10908361960036744
1239,260,1499,0.10911355887193708
1232,267,1499,0.10913362921324424
1226,263,1489,0.10916990507784838
1234,268,1502,0.10921710030483059
1241,270,1511,0.1092396628295898
1229,271,1500,0.10924525032693999
1224,272,1496,0.1092778453845354
1224,272,1496,0.10932071451267865
1217,277,1494,0.10936155783039883
1207,280,1487,0.10941751320662461
1212,280,1492,0.10949237744887327
1216,278,1494,0.10954974715438351
1216,283,1499,0.10959168082741524
1224,284,1508,0.10963077177824346
1233,284,1517,0.10965311451639921
1229,285,1514,0.10965394617551862
1242,283,1525,0.10966403036187745
1230,284,1514,0.10964401974408569
1221,279,1500,0.10965316405929446
1214,282,1496,0.10968264650304345
1217,285,1502,0.109724278027415
1198,284,1482,0.10975477759613472
1210,281,1491,0.10982647224133071
1202,281,1483,0.109866279207423
1200,286,1486,0.10992327639034002
1204,276,1480,0.10997717780618371
1204,273,1477,0.11001760766469794
1221,274,1495,0.11005265203981829
1211,285,1496,0.1100466818447629
1209,286,1495,0.11006563644361478
1206,291,1497,0.11008688524726182
1207,288,1495,0.11011228303159239
1194,294,1488,0.11013469800921862
1203,296,1499,0.11018429937495683
1211,296,1507,0.11021175069792008
1208,286,1494,0.11021983377995984
1204,291,1495,0.11023395984778386
1200,296,1496,0.11025555060421594
1198,292,1490,0.1102824223591779
1195,299,1494,0.11031170513393432
1200,296,1496,0.11034871161528653
1198,299,1497,0.11037165231786965
1200,292,1492,0.11039898851198171
1192,298,1490,0.11041734205965596
1198,296,1494,0.11045307548686424
1195,297,1492,0.11047484107734128
1201,294,1495,0.11050260868224063
1185,299,1484,0.11051224318391384
1173,295,1468,0.11055708375262645
1185,301,1486,0.1106250433894183
1175,305,1480,0.11066134335227233
1180,303,1483,0.11071576226956875
1185,305,1490,0.11075679889497944
1177,308,1485,0.11078369554619336
1171,307,1478,0.11082912652766495
1190,308,1498,0.1108857543883278
1202,314,1516,0.11089632510282608
1193,312,1505,0.11087909337668739
1181,312,1493,0.11088219301369825
1180,313,1493,0.11091227446559351
1179,308,1487,0.11094091312742037
1185,307,1492,0.1109721117172508
1187,302,1489,0.11098910663925805
1188,307,1495,0.11100219484667714
1175,314,1489,0.1110123413455458
1183,317,1500,0.11105158079461647
1169,322,1491,0.11106954159304937
1183,316,1499,0.11111789064929439
1174,312,1486,0.11112863402986214
1188,310,1498,0.11115839058999517
1188,308,1496,0.11115590684637368
1180,312,1492,0.1111541304785187
1183,309,1492,0.11116553457454932
1186,309,1495,0.11116847099029974
1194,306,1500,0.11116765560460024
1195,300,1495,0.1111479810140931
1203,297,1500,0.11112624023788584
1195,304,1499,0.11108703957076323
1191,305,1496,0.11106757411453326
1188,311,1499,0.11105750846005889
1183,310,1493,0.11105750002908893
1194,309,1503,0.11106911595760074
1197,302,1499,0.11105679160814898
1203,307,1510,0.11103828455778604
1190,308,1498,0.11100575631298032
1190,310,1500,0.11100514126933778
1190,308,1498,0.1110050610305381
1180,317,1497,0.11100775907515616
1176,323,1499,0.11103148918432744
1159,318,1477,0.11106520607039544
1162,319,1481,0.11113404767814103
1165,318,1483,0.11119213250949052
1166,326,1492,0.11123825676673092
1165,326,1491,0.11127898238541739
1152,324,1476,0.11132252810188942
1170,322,1492,0.1113912506577584
1168,323,1491,0.11141592786117091
1176,320,1496,0.11144453865731214
1178,321,1499,0.1114477721682443
1180,322,1502,0.11144395207415453
1170,319,1489,0.11143758535042166
1177,323,1500,0.11145210996699208
1189,327,1516,0.1114529808808284
1186,326,1512,0.11142703563198729
1191,323,1514,0.11140918182488861
1195,324,1519,0.11137875306360835
1193,320,1513,0.11134376012585097
1184,326,1510,0.11132010761110141
1181,324,1505,0.11132007433768383
1168,330,1498,0.11132672826145043
1168,329,1497,0.11136546159064388
1174,327,1501,0.11139634272454782
1180,328,1508,0.11141094818000287
1177,326,1503,0.11140946591000826
1182,327,1509,0.111418140152139
1181,332,1513,0.11141485341206081
1190,320,1510,0.1114153889226484
1188,327,1515,0.11139710517303568
1191,319,1510,0.1113823700041906
1185,321,1506,0.11136169001116042
1175,322,1497,0.11135533487135102
1177,324,1501,0.11137072207316173
1176,324,1500,0.11138096783825396
1161,320,1481,0.1113937660116899
1169,319,1488,0.11143994850688826
1159,322,1481,0.11146456053104807
1150,328,1478,0.11151427149167198
1152,327,1479,0.1115793216412931
1166,331,1497,0.11163376249323374
1151,335,1486,0.11165303835246448
1151,340,1491,0.1117083814645423
1163,345,1508,0.11175720826142971
1161,340,1501,0.11177713576180309
1156,341,1497,0.1118016607599062
1145,340,1485,0.11183452419019689
1145,343,1488,0.11189190884422427
1162,349,1511,0.11194224168594469
1160,353,1513,0.11195242378839856
1166,343,1509,0.111967833883175
1170,336,1506,0.11196833969526081
1172,344,1516,0.11195727499359677
1170,338,1508,0.1119404705004029
1152,348,1500,0.11192916515045016
1153,351,1504,0.11196040081974551
1140,358,1498,0.11199011656669546
1151,351,1502,0.11204701313502763
1144,345,1489,0.11207647346573138
1144,351,1495,0.11212210988382598
1145,363,1508,0.11216325202800245
1148,358,1506,0.11219877656965664
1140,359,1499,0.11222660841039481
1136,359,1495,0.1122702296602815
1127,369,1496,0.11232123884404732
1118,366,1484,0.11238869560462382
1133,371,1504,0.11247388114977169
1132,373,1505,0.11251794480024863
1121,369,1490,0.11256066671261028
1128,372,1500,0.1126258467857894
1126,374,1500,0.11267174838659993
1131,372,1503,0.11271909887002529
1132,376,1508,0.11275309142289772
1119,375,1494,0.112782985142088
1124,369,1493,0.11284154034494552
1116,376,1492,0.11288203228352935
1110,378,1488,0.11294044481606651
1114,373,1487,0.11300832801792673
1129,379,1508,0.11306283840325367
1130,380,1510,0.11307249948744565
1132,380,1512,0.11308232354892976
1116,385,1501,0.11308864879258301
1118,382,1500,0.11313241081103388
1112,382,1494,0.11316597423210732
1110,381,1491,0.11321063026503868
1113,385,1498,0.11325699099073812
1120,380,1500,0.11329650212459028
1113,388,1501,0.11331975910105896
1111,382,1493,0.11335732698142145
1122,383,1505,0.11339605987323016
1103,387,1490,0.11340535556742136
1098,385,1483,0.11345766208320454
1118,377,1495,0.11351650624937687
1114,378,1492,0.11352382251508303
1122,379,1501,0.11354131755943285
1118,385,1503,0.11353967639099316
1119,386,1505,0.11354754626110018
1106,392,1498,0.11355313108086051
1110,392,1502,0.11358937077526964
1099,393,1492,0.11361282361511565
1103,387,1490,0.11365776692219458
1106,395,1501,0.11369191455458581
1103,398,1501,0.11371557997138176
1097,398,1495,0.11374404360021714
1101,402,1503,0.11378387122554007
1095,410,1505,0.11380972234586315
1089,404,1493,0.1138491653752978
1096,405,1501,0.11390011926469817
1098,408,1506,0.11393114683006454
1094,403,1497,0.11395695273742622
1107,398,1505,0.11399197030702095
1103,402,1505,0.11399503139140901
1100,406,1506,0.11400544851960084
1097,404,1501,0.11401993710425834
1094,408,1502,0.11404240587449282
1096,415,1511,0.11406776300403233
1097,407,1504,0.11408815044373405
1097,414,1511,0.11410932039684027
1100,422,1522,0.11412791485152335
1086,419,1505,0.1141428987360973
1082,422,1504,0.11418902670743308
1086,425,1511,0.11424113538725761
1090,427,1517,0.11428095014391468
1087,424,1511,0.11431260865804042
1087,423,1510,0.11434932728104061
1076,429,1505,0.1143823012624407
1073,428,1501,0.11443856908564978
1067,422,1489,0.11449792419414091
1070,421,1491,0.11456655024116821
1063,416,1479,0.1146234241180264
1074,422,1496,0.11469207866160165
1080,421,1501,0.11472956039495517
1076,416,1492,0.11474979184333843
1077,409,1486,0.11477766556765964
1075,413,1488,0.11480062864593286
1074,418,1492,0.1148271188581209
1065,426,1491,0.11485325049777842
1077,433,1510,0.11489848383249086
1078,434,1512,0.11491430842685837
1067,431,1498,0.11492582748751175
1066,435,1501,0.11496115271482443
1063,436,1499,0.1149950810404069
1054,436,1490,0.11503512267080582
1057,428,1485,0.11509192372081117
1052,427,1479,0.11513902381465929
1047,424,1471,0.11519585802304358
1058,434,1492,0.11525781905448383
1072,442,1514,0.1152873253581134
1068,445,1513,0.11528250947824514
1054,443,1497,0.1152885401519605
1054,445,1499,0.115329128992482
1056,452,1508,0.11536803702186324
1062,459,1521,0.11540406717436047
1060,462,1522,0.1154240675968659
1052,463,1515,0.1154494638621281
1058,463,1521,0.11548904114797072
1059,458,1517,0.11551393667477423
1059,461,1520,0.11553607286274749
1054,461,1515,0.11555720427590423
1049,463,1512,0.11559085541200115
1044,472,1516,0.11563219322441007
1041,471,1512,0.11568219866743913
1043,477,1520,0.11573548157120796
1037,469,1506,0.11578394636863946
1034,474,1508,0.11584387723967936
1036,480,1516,0.11590619218036721
1035,477,1512,0.11595921640832696
1040,474,1514,0.11600895810571242
1039,469,1508,0.11604250318760766
1038,465,1503,0.11607565464956451
1030,472,1502,0.11610756744985813
1018,475,1493,0.11615549750806606
1024,481,1505,0.11622652754811635
1025,481,1506,0.11628069695914492
1022,478,1500,0.11632969645520419
1016,490,1506,0.11638486823181421
1010,487,1497,0.11645013257507127
1003,482,1485,0.1165251639799186
1015,485,1500,0.11661007303131145
1002,484,1486,0.11665914362486791
1014,492,1506,0.1167344210904642
1025,484,1509,0.1167775177158898
1020,486,1506,0.11679198574822693
1015,486,1501,0.11681866803827283
1014,493,1507,0.11685341484325087
1012,482,1494,0.11688884605129565
998,483,1481,0.11692956712039854
986,489,1475,0.11699922899680949
998,500,1498,0.1170880294363602
1002,499,1501,0.1171433243784125
994,498,1492,0.11718258502628252
991,500,1491,0.11723784964502286
977,507,1484,0.11729608313601161
982,509,1491,0.11738245073771035
985,504,1489,0.11745301004022636
991,517,1508,0.11751276150084747
990,515,1505,0.11755419787355374
996,508,1504,0.11759604273334323
989,518,1507,0.11762166677476134
986,522,1508,0.11766345466386659
977,527,1504,0.11770848286640899
978,533,1511,0.11777143936318923
977,533,1510,0.11782858012584015
974,532,1506,0.11788621035375123
975,531,1506,0.11794681752086605
965,523,1488,0.11799830754356776
968,529,1497,0.11807060360202204
969,526,1495,0.11812501547050246
982,533,1515,0.11817542247276397
981,535,1516,0.11819490912663752
976,532,1508,0.11821408629339845
961,530,1491,0.11824632823672628
965,539,1504,0.11831002474409624
968,535,1503,0.11835826227038147
963,541,1504,0.1183941602330108
961,550,1511,0.11844176341716295
950,549,1499,0.1184921198098984
946,558,1504,0.11856485451740426
941,562,1503,0.11864235082949262
950,558,1508,0.11872702812230289
941,562,1503,0.11878571905720642
938,550,1488,0.11885986282380599
934,564,1498,0.11893804675573008
931,556,1487,0.119021461014704
923,559,1482,0.11910670467482597
934,560,1494,0.11920376996863537
945,570,1515,0.1192689402708099
949,559,1508,0.11930346431765874
945,569,1514,0.11932319979408822
937,584,1521,0.11935138416754221
928,579,1507,0.11939504766363002
935,573,1508,0.11945863980426806
935,576,1511,0.11950132500237558
934,575,1509,0.11954070746723473
930,578,1508,0.11958125845356499
931,575,1506,0.11962662775170259
930,576,1506,0.11967026151051537
940,568,1508,0.11971428812178335
939,568,1507,0.11973152201695221
929,568,1497,0.11974967013548365
924,571,1495,0.1197912409944837
926,558,1484,0.1198423168857445
922,561,1483,0.11988308211964412
931,565,1496,0.1199266811765486
929,572,1501,0.11994464656529091
939,573,1512,0.11996837536662934
934,579,1513,0.11996536336620345
924,585,1509,0.11997604563513863
923,581,1504,0.12000965692998648
928,571,1499,0.12004523053848225
937,575,1512,0.12006581898221455
932,579,1511,0.12006578637607614
933,577,1510,0.12007619595365288
931,577,1508,0.12008544533432441
937,580,1517,0.12010081144940324
930,578,1508,0.12010429297049821
919,581,1500,0.12012226297024725
928,578,1506,0.12016740466473425
923,583,1506,0.12018783907885712
926,587,1513,0.12021834597443323
929,583,1512,0.12023869394767461
921,586,1507,0.12025077603184105
917,583,1500,0.12028452789731588
917,590,1507,0.12032554957747987
908,593,1501,0.12036120077276947
913,594,1507,0.12041575011435614
910,601,1511,0.12045362046996655
899,598,1497,0.12049628150797365
904,602,1506,0.120561101565105
903,599,1502,0.12060855248675764
909,598,1507,0.12065057620513894
901,599,1500,0.12067665470154784
898,597,1495,0.12071957962032624
896,606,1502,0.12076691098813701
907,605,1512,0.12081392794507842
908,604,1512,0.1208314364772916
897,601,1498,0.12084818392670392
897,598,1495,0.12089208800100767
887,601,1488,0.12093105387960637
881,602,1483,0.12098791070794661
883,602,1485,0.12106038166922034
872,608,1480,0.1211214685353145
869,611,1480,0.12120237469163236
872,617,1489,0.12128650910375523
881,616,1497,0.12135581556375055
886,616,1502,0.12139929731073139
870,624,1494,0.12142850707707895
867,616,1483,0.12149328795906374
866,607,1473,0.12156215036341625
861,617,1478,0.1216267987625806
870,608,1478,0.12169592732651555
874,611,1485,0.12173943740907874
889,615,1504,0.12177113128763509
890,615,1505,0.1217614290611153
891,616,1507,0.1217516357192394
871,624,1495,0.12174151014486023
866,624,1490,0.12178021678408736
871,630,1501,0.12182913763555689
873,634,1507,0.12186581901883771
873,636,1509,0.1218972863977627
881,635,1516,0.12192502972715971
860,639,1499,0.12192906308655176
854,638,1492,0.12198281997084168
848,641,1489,0.1220448820567607
852,639,1491,0.12211859459045582
852,654,1506,0.12217670267799326
856,650,1506,0.1222313981793689
857,649,1506,0.12227492531061443
850,644,1494,0.12231329278136407
855,658,1513,0.12236659818352322
849,651,1500,0.12240728238495184
847,648,1495,0.12245747800401428
850,651,1501,0.1225074435907587
853,657,1510,0.12254724249619668
847,662,1509,0.12258042728907109
854,659,1513,0.12262679542906006
852,657,1509,0.12265528445657799
849,664,1513,0.1226853147545672
842,665,1507,0.1227197800835628
835,669,1504,0.12276790593658561
835,673,1508,0.12282698412397547
842,679,1521,0.12288434865857542
832,681,1513,0.1229219629333289
832,680,1512,0.1229816332108264
830,682,1512,0.12304092949792417
833,681,1514,0.12310075665026261
835,688,1523,0.12315123111719935
850,675,1525,0.12319424679155631
844,676,1520,0.12319544465239499
835,671,1506,0.12320914438101291
827,670,1497,0.123243024370878
833,674,1507,0.12329450447115431
837,687,1524,0.1233225448092058
833,683,1516,0.12333971354061017
833,682,1515,0.12336491730381952
825,690,1515,0.12339143770681173
813,684,1497,0.12343689729931373
810,690,1500,0.12350591118721162
813,695,1508,0.1235776935734256
808,697,1505,0.12363463317351314
809,696,1505,0.12370195366774428
813,696,1509,0.12376122563865426
810,698,1508,0.12380766662896675
802,697,1499,0.12385961454279525
804,708,1512,0.12392777340974194
807,703,1510,0.12398862064623334
808,700,1508,0.1240374918714798
801,705,1506,0.12408224962536402
796,704,1500,0.12413590359091463
788,697,1485,0.12419981978089632
786,705,1491,0.12427566098962445
787,706,1493,0.12435191975799398
782,703,1485,0.12442047946705234
784,695,1479,0.12449605377702509
788,706,1494,0.12456006417101743
786,714,1500,0.12460919241024673
797,710,1507,0.12465977525128269
784,722,1506,0.12468367690965465
777,724,1501,0.12473227646031175
782,727,1509,0.1247975259114057
771,723,1494,0.12484792213296739
779,722,1501,0.1249209244508776
776,722,1498,0.1249713259106096
773,718,1491,0.12502729972636253
773,721,1494,0.12508456356156242
775,726,1501,0.12513760786258527
783,741,1524,0.12518231967762114
779,734,1513,0.12520516172048407
771,737,1508,0.12523433737110298
771,733,1504,0.12527832389125165
775,728,1503,0.12532087758392968
773,734,1507,0.12535081906032816
769,745,1514,0.12538216364879187
766,746,1512,0.12542357982289293
773,745,1518,0.12547120600522382
771,743,1514,0.1254993236897185
766,745,1511,0.12553410345381041
764,749,1513,0.12557653810583608
764,748,1512,0.12561942452863462
775,750,1525,0.12566030664522249
775,744,1519,0.12567343682815563
770,753,1523,0.12568527189301804
764,746,1510,0.125707499000269
764,742,1506,0.12573964564884488
760,749,1509,0.12576988367065095
770,749,1519,0.12580530471977322
771,750,1521,0.12581133563469166
763,759,1522,0.1258196433372365
759,753,1512,0.1258481063897213
748,756,1504,0.12588671561931658
756,762,1518,0.12594574109869938
756,759,1515,0.12598003113189565
746,766,1512,0.12600948512562435
748,761,1509,0.12606288589469386
748,761,1509,0.12610750639898533
740,770,1510,0.12615247323857023
729,773,1502,0.12621230470066658
726,778,1504,0.12629588602370082
728,783,1511,0.1263818630723227
715,796,1511,0.12645778203954935
712,798,1510,0.12656050365378455
702,798,1500,0.1266660340467617
698,791,1489,0.12678641300337354
698,801,1499,0.12691012018996364
702,805,1507,0.1270243680204921
696,818,1514,0.12712364915399055
701,817,1518,0.12723244893926178
703,815,1518,0.12732077470170355
707,819,1526,0.12739864480822544
705,817,1522,0.12746007195918044
695,809,1504,0.12752068931526245
694,811,1505,0.12760048835695753
693,812,1505,0.127676859809986
691,824,1515,0.12775402683014575
686,825,1511,0.12783109378502874
682,817,1499,0.12791363417820317
682,810,1492,0.12799650490394054
690,803,1493,0.1280694784176246
689,806,1495,0.12811991364581538
678,802,1480,0.1281660615743772
676,808,1484,0.12823387312694234
673,823,1496,0.12830344682323383
682,832,1514,0.12837877631126307
676,836,1512,0.12842820320095177
680,829,1509,0.12848752969002142
683,825,1508,0.12853429892277823
683,832,1515,0.12857134849443697
682,839,1521,0.1286015874907553
670,841,1511,0.12863052788329224
672,839,1511,0.12868717577936398
675,838,1513,0.12873791575685165
672,838,1510,0.12877983762103146
663,837,1500,0.12882696957525014
661,842,1503,0.12889304490264525
663,835,1498,0.12896005024214294
670,828,1498,0.12901525109360645
672,835,1507,0.12904966063491172
662,836,1498,0.12907455338300142
663,835,1498,0.12912228719625776
661,827,1488,0.12916361906911494
662,840,1502,0.1292075053085419
657,845,1502,0.12924294315725546
664,843,1507,0.12928580953045188
672,836,1508,0.12931172606704322
667,839,1506,0.12931343314013216
666,840,1506,0.12932762665153885
668,836,1504,0.1293450088476121
665,849,1514,0.1293578826441399
661,864,1525,0.1293782710734701
661,862,1523,0.12940536359230978
662,855,1517,0.12943314535447142
657,854,1511,0.12945834410997956
653,856,1509,0.1294959041659601
648,856,1504,0.12954140672272715
650,852,1502,0.1295948317811968
651,853,1504,0.12963809279987873
648,852,1500,0.12967898580141854
649,842,1491,0.12972515035562532
643,845,1488,0.12976449281796035
650,857,1507,0.12981467903955815
640,864,1504,0.12984502505994663
643,865,1508,0.12989888415737577
635,874,1509,0.1299441237781261
647,867,1514,0.1300035706368653
639,872,1511,0.130029758387325
638,877,1515,0.13007259348168806
629,874,1503,0.13011476190902585
633,870,1503,0.13017219557697934
640,882,1522,0.13021774040843628
641,883,1524,0.13024210933325361
638,871,1509,0.13026272170883108
641,876,1517,0.13028882115214302
632,878,1510,0.13030932815370813
633,884,1517,0.13034884578377817
635,882,1517,0.13038362344062562
626,888,1514,0.13041135905893644
624,879,1503,0.13045666321521687
627,885,1512,0.13050582608418634
622,892,1514,0.13054319274954365
623,886,1509,0.13059151744197028
618,883,1501,0.13063661882509886
620,888,1508,0.13068844071320806
625,894,1519,0.13073265911032053
609,898,1507,0.13076302536483386
613,890,1503,0.13082701870887337
616,895,1511,0.1308748070088509
619,895,1514,0.13091603565046916
616,892,1508,0.13094513721213696
622,902,1524,0.13098310370725968
625,894,1519,0.1310041255633913
624,894,1518,0.13101701314477576
627,891,1518,0.13102951356409673
625,890,1515,0.13103190158500186
620,881,1501,0.13104103101220377
620,895,1515,0.13105645502001037
622,887,1509,0.13107265042471422
612,896,1508,0.13108295153806857
615,892,1507,0.13111582972385663
621,885,1506,0.13114098650745695
614,890,1504,0.13114725714113004
614,882,1496,0.1311703384486419
611,877,1488,0.1311923623923827
605,886,1491,0.13121714707295812
616,876,1492,0.13125659410332832
621,877,1498,0.1312639532096274
616,880,1496,0.13125975494769823
613,890,1503,0.13126857973254377
615,886,1501,0.13128422208834134
609,900,1509,0.13129816210630169
604,894,1498,0.1313256860265455
603,906,1509,0.13136554508725687
602,895,1497,0.13140570713361988
596,904,1500,0.1314451354808142
604,911,1515,0.13149059042934216
608,901,1509,0.13151645642797516
609,894,1503,0.13153173000370477
610,895,1505,0.131544442411581
608,896,1504,0.13155593549491554
602,912,1514,0.13156918736146003
608,909,1517,0.13159667202192982
612,912,1524,0.1316086117942454
613,903,1516,0.13161128767065
614,904,1518,0.13161233039531636
607,912,1519,0.13161444131148214
601,907,1508,0.13163463837148046
600,912,1512,0.1316681034557931
596,901,1497,0.13170427599103657
603,894,1497,0.131747032529956
599,909,1508,0.1317707981155976
590,916,1506,0.1318003934348724
587,911,1498,0.1318508861461557
580,911,1491,0.1319055439788651
569,913,1482,0.13197418508100772
568,925,1493,0.13206220553365025
567,928,1495,0.13214246855473988
568,916,1484,0.1322220250532628
568,920,1488,0.1322923615316132
569,931,1500,0.13235737169368422
573,936,1509,0.13241778337873175
569,938,1507,0.13246236081766527
568,952,1520,0.13251155799304074
569,946,1515,0.13255716056317865
572,951,1523,0.13259760433881063
567,952,1519,0.1326295780279941
560,947,1507,0.13267341687595763
550,951,1501,0.13273287104889725
554,946,1500,0.13281381611130189
558,954,1512,0.13288132570039327
559,959,1518,0.1329331443539035
563,964,1527,0.13297898634305416
556,963,1519,0.13301275082169206
545,973,1518,0.13306337096910553
542,961,1503,0.13313720323589456
547,964,1511,0.13321220572034098
545,959,1504,0.13326841753828014
551,960,1511,0.13332626636601727
549,963,1512,0.13336588990964293
551,951,1502,0.1334082902575824
555,957,1512,0.1334446957431198
548,970,1518,0.1334704847505943
542,975,1517,0.133509889046527
537,953,1490,0.1335611001420393
534,943,1477,0.13361915601420246
536,951,1487,0.13368114082613172
554,945,1499,0.1337304547115068
548,956,1504,0.1337305110392225
551,954,1505,0.13374670613349016
552,959,1511,0.1337555585743089
549,960,1509,0.1337630612568299
550,958,1508,0.1337764607568394
558,956,1514,0.1337842611316294
554,945,1499,0.1337729921618654
555,943,1498,0.1337708795891742
561,940,1501,0.13376964205036035
562,938,1500,0.13375116462438402
559,942,1501,0.1337334928890871
562,939,1501,0.1337242384180036
555,948,1503,0.13370487422119023
557,940,1497,0.1337043117751165
550,955,1505,0.1336994873559315
557,954,1511,0.1337107374596478
556,951,1507,0.13370684437230518
560,956,1516,0.13370414990953783
555,950,1505,0.13369312672789907
556,954,1510,0.13369682497563068
555,955,1510,0.13369716641082036
545,964,1509,0.13370225829656587
550,956,1506,0.13372786638314454
551,961,1512,0.13374169560377877
552,958,1510,0.1337535270186117
552,954,1506,0.133763790046882
553,954,1507,0.13377530372776858
545,963,1508,0.13378384020841835
543,961,1504,0.13381139199434133
540,970,1510,0.13384260004607834
534,962,1496,0.13388028467858962
542,954,1496,0.13392860433172765
540,968,1508,0.13395315471355043
539,966,1505,0.13398232588143485
530,964,1494,0.13400858669880564
524,965,1489,0.13405024614487657
525,974,1499,0.1341057019539446
519,978,1497,0.13415517822780035
513,992,1505,0.13421727751746398
519,990,1509,0.1342890386760283
516,989,1505,0.13433958885819527
521,988,1509,0.13439713406608683
516,997,1513,0.13443724740415547
517,993,1510,0.1344876058393926
514,993,1507,0.13453119067236557
510,989,1499,0.13457782721610745
512,985,1497,0.13462760601575272
508,992,1500,0.13467211207280236
510,987,1497,0.13472390383706398
507,1000,1507,0.13476722944425287
508,994,1502,0.13481697191511383
506,1008,1514,0.13486148335873024
498,1025,1523,0.13491022853953158
494,1032,1526,0.13497523747952112
495,1032,1527,0.1350443107375842
492,1024,1516,0.13510816021263883
490,1030,1520,0.13517644692346678
492,1024,1516,0.13524499376298743
485,1024,1509,0.13530175403920464
484,1026,1510,0.13537025477904485
487,1023,1510,0.13543841600078
493,1026,1519,0.13549643498593053
491,1027,1518,0.13553572331458144
491,1031,1522,0.13557632245663911
484,1023,1507,0.13561397993722862
483,1025,1508,0.1356672251816512
476,1030,1506,0.1357212305134002
476,1036,1512,0.13578708110134258
476,1042,1518,0.1358483698489957
473,1042,1515,0.13590350712060917
473,1046,1519,0.13596328564230642
473,1055,1528,0.13601847216746818
473,1052,1525,0.13606961482138819
470,1054,1524,0.13611473147730271
471,1055,1526,0.1361633756605728
471,1060,1531,0.13620953013724887
466,1062,1528,0.136253656759629
471,1053,1524,0.13630829827428445
463,1052,1515,0.13634461477499613
453,1048,1501,0.13639679426875967
454,1054,1508,0.13647004731229848
455,1045,1500,0.13653649874269524
458,1051,1509,0.13659824566596512
458,1043,1501,0.13664704703682362
460,1051,1511,0.13669354986216342
459,1056,1515,0.1367292111897603
464,1057,1521,0.13676436172512096
459,1059,1518,0.1367838778298317
456,1055,1511,0.13681652404525138
449,1058,1507,0.1368528332634181
454,1062,1516,0.13690239708207222
447,1066,1513,0.13693701410400955
449,1059,1508,0.13698616313569406
446,1053,1499,0.1370273082735713
449,1057,1506,0.1370725925961063
446,1058,1504,0.13710285653829588
441,1066,1507,0.1371370984945322
451,1069,1520,0.1371832431290749
450,1075,1525,0.1371972872106209
445,1076,1521,0.13721537466197825
449,1077,1526,0.13724475993118543
453,1074,1527,0.137264905060981
440,1071,1511,0.13727343043086127
444,1087,1531,0.1373121542555541
439,1073,1512,0.1373404943830919
442,1075,1517,0.13738100750218366
438,1085,1523,0.1374132407250595
430,1084,1514,0.137454215826269
421,1086,1507,0.13751261703697704
422,1090,1512,0.13759004326001759
413,1105,1518,0.13765725492928715
413,1096,1509,0.1377404498746251
414,1094,1508,0.137819365351835
412,1091,1503,0.1378920651142099
406,1095,1501,0.13796225761267106
405,1095,1500,0.13804191727679882
401,1107,1508,0.1381188658998498
409,1118,1527,0.13820004768610594
406,1108,1514,0.13825537699277965
406,1106,1512,0.13831359425518236
401,1116,1517,0.13837136713036738
400,1106,1506,0.13843864787355253
402,1100,1502,0.1385043538643353
400,1104,1504,0.13856009769444438
397,1109,1506,0.1386160311818358
398,1115,1513,0.1386747293881722
388,1121,1509,0.13872783835347022
384,1124,1508,0.1388029472879442
382,1130,1512,0.13888082261638154
378,1131,1509,0.13895745032619947
381,1126,1507,0.1390366342363631
383,1132,1515,0.13910491198244368
377,1122,1499,0.13916322714626272
381,1120,1501,0.13923257122504792
385,1119,1504,0.13929012975708596
381,1118,1499,0.13933378873914978
383,1125,1508,0.13938295927755567
376,1123,1499,0.1394238535273251
378,1121,1499,0.1394767671808671
379,1126,1505,0.13951764650214385
379,1137,1516,0.1395566391596266
380,1138,1518,0.13959130512834414
379,1140,1519,0.1396236139050429
373,1145,1518,0.1396543034522058
372,1139,1511,0.13969717779534246
379,1141,1520,0.139742628707962
382,1145,1527,0.13976905173115153
375,1139,1514,0.13978616262113053
382,1132,1514,0.13981749532839807
383,1136,1519,0.13982794054255293
379,1136,1515,0.13983542606290988
375,1139,1514,0.13985234961131393
373,1136,1509,0.1398774087021965
372,1145,1517,0.1399078266518916
366,1152,1518,0.13993864468248762
367,1147,1514,0.13998342643259076
361,1149,1510,0.14002385612334453
362,1148,1510,0.14007610586906064
367,1152,1519,0.14012060799076834
368,1147,1515,0.14014978663048594
361,1129,1490,0.14017685526121684
361,1134,1495,0.14021774950195195
366,1136,1502,0.14025623799407547
362,1134,1496,0.1402787577554596
363,1144,1507,0.14031077624291052
362,1136,1498,0.1403394742633977
363,1151,1514,0.14036847731119756
362,1154,1516,0.14039354437780482
367,1160,1527,0.14042014310924297
358,1155,1513,0.14043450298959897
356,1151,1507,0.14046761835657276
353,1159,1512,0.1405018419664416
355,1161,1516,0.14054144460690007
356,1168,1524,0.14057411748615006
356,1165,1521,0.14059866185616424
353,1164,1517,0.14062223237058558
352,1179,1531,0.1406534663932479
350,1174,1524,0.14068544657265558
349,1169,1518,0.14072168563011742
352,1162,1514,0.14075797221873373
351,1155,1506,0.14078497753448402
344,1169,1513,0.14081170885181302
335,1170,1505,0.14085306825831206
334,1160,1494,0.1409125041324723
337,1158,1495,0.14096964643058016
336,1158,1494,0.14101563645837895
336,1169,1505,0.14106151898151909
337,1172,1509,0.14110453360946087
340,1179,1519,0.1411438204345517
343,1183,1526,0.14117340630103586
346,1184,1530,0.14119385896677367
344,1178,1522,0.14120510679978995
337,1171,1508,0.14121865596405994
332,1183,1515,0.14124635146953973
329,1178,1507,0.1412853283643257
323,1182,1505,0.1413273008448537
322,1185,1507,0.1413811178860957
316,1192,1508,0.14143487128723212
315,1200,1515,0.14149943330744183
315,1192,1507,0.1415613007409796
315,1188,1503,0.14161790129151064
311,1194,1505,0.14167160625476646
305,1197,1502,0.14173030416888507
306,1198,1504,0.14179786436890068
309,1195,1504,0.14185954401604378
309,1185,1494,0.1419071474399804
313,1184,1497,0.1419530162242533
313,1195,1508,0.14198343141353248
311,1194,1505,0.14201184069409584
306,1205,1511,0.14204285454965185
302,1211,1513,0.1420843093726973
307,1198,1505,0.14213320916166586
306,1188,1494,0.14216935555526333
308,1194,1502,0.1422064660002619
311,1202,1513,0.1422372044759329
315,1188,1503,0.14225747636311162
309,1186,1495,0.14226677621643222
307,1192,1499,0.14228980018142676
307,1188,1495,0.14231638083759487
307,1187,1494,0.14234299515226023
315,1195,1510,0.14236889413789708
321,1192,1513,0.14237053025114196
328,1188,1516,0.14235841560226187
332,1187,1519,0.14232870018981847
328,1185,1513,0.14228912235333124
327,1184,1511,0.1422642911435713
321,1188,1509,0.14224463600619408
318,1195,1513,0.1422368175580813
323,1190,1513,0.14223925488072278
316,1185,1501,0.14222965973404733
323,1187,1510,0.14223948880338358
325,1187,1512,0.14223304968495312
320,1185,1505,0.1422247491830899
324,1188,1512,0.14222676334901332
322,1188,1510,0.1422185848101632
323,1196,1519,0.14221487949783243
322,1185,1507,0.14220925260169856
320,1190,1510,0.14220550686060096
325,1182,1507,0.14220762241955326
324,1184,1508,0.14219686841098375
325,1185,1510,0.14218925702588214
327,1183,1510,0.14217821905132624
322,1181,1503,0.14216481938842418
322,1183,1505,0.14216606238249177
317,1184,1501,0.14216580715551197
311,1197,1508,0.1421765198394054
316,1204,1520,0.14220049919088426
315,1194,1509,0.14220995944763068
311,1193,1504,0.1422195717097269
314,1201,1515,0.14223834920149236
310,1196,1506,0.14225068618918218
306,1201,1507,0.14227286390571808
313,1191,1504,0.14230205720937808
314,1204,1518,0.14231302109183214
311,1207,1518,0.1423229865183515
315,1206,1521,0.1423401573972119
311,1193,1504,0.14234521231124542
314,1200,1514,0.14236076280768592
312,1208,1520,0.14236894907921316
309,1204,1513,0.142380992028589
315,1203,1518,0.1423996017520629
319,1201,1520,0.14240289348736357
320,1199,1519,0.14239446700458855
315,1196,1511,0.14238707861485195
312,1207,1519,0.14239012972051324
308,1205,1513,0.14240096360021864
304,1209,1513,0.14242118140008192
307,1208,1515,0.14245093543599505
309,1192,1501,0.14247399470226807
311,1204,1515,0.1424895352030532
307,1192,1499,0.14249962236686453
303,1197,1500,0.1425183143970281
303,1201,1504,0.14254144193955715
300,1208,1508,0.1425622883095644
300,1208,1508,0.14258978399842298
308,1203,1511,0.14261834332560722
304,1200,1504,0.14262616694423105
302,1208,1510,0.14264568569397199
300,1202,1502,0.14266856226910313
304,1191,1495,0.14269316025867962
302,1202,1504,0.1427047729191738
299,1211,1510,0.14272084888976003
300,1208,1508,0.14274264823508814
305,1215,1520,0.14276219261014295
300,1219,1519,0.1427695426610832
300,1220,1520,0.14278763614706683
296,1224,1520,0.14280607750509605
299,1221,1520,0.14283289744379865
301,1217,1518,0.14285087141044023
300,1214,1514,0.14286365636080267
294,1194,1488,0.14287566741355673
292,1202,1494,0.14290088643847723
292,1207,1499,0.1429300092153503
288,1203,1491,0.1429576073618633
292,1204,1496,0.14299361933654772
286,1220,1506,0.14301804303874172
287,1216,1503,0.14305414801679495
289,1219,1508,0.1430866231567596
287,1224,1511,0.14311307029143908
296,1225,1521,0.1431410442930909
293,1219,1512,0.14314336646726078
291,1220,1511,0.14315313791486525
280,1218,1498,0.14316857716210957
284,1210,1494,0.14320885366255692
284,1214,1498,0.1432341085959234
282,1203,1485,0.14325918078846478
279,1226,1505,0.14328760086791778
277,1223,1500,0.14331899566265002
283,1223,1506,0.14335225299922022
283,1232,1515,0.143368050952007
279,1236,1515,0.14338252557261316
285,1234,1519,0.14340548699606756
288,1238,1526,0.1434117215489848
290,1236,1526,0.14341115512078267
286,1243,1529,0.14340899362600895
290,1253,1543,0.1434181962124595
286,1248,1534,0.1434175137561686
288,1230,1518,0.1434284911707769
289,1238,1527,0.14343337382616406
287,1231,1518,0.1434355037175998
284,1232,1516,0.1434402100888699
279,1226,1505,0.14345341705423362
280,1221,1501,0.1434785952841661
275,1227,1502,0.14349942488280976
273,1239,1512,0.14352909785109597
268,1233,1501,0.14356120879954112
267,1238,1505,0.1436026822026576
265,1235,1500,0.14364399066298147
277,1234,1511,0.14368657584802375
275,1244,1519,0.1436960892775863
274,1244,1518,0.14371074552352903
275,1235,1510,0.14372524187944127
277,1235,1512,0.14373673538582715
280,1243,1523,0.1437412502920066
274,1243,1517,0.1437375499336703
279,1234,1513,0.14374950173234186
280,1233,1513,0.1437483013776676
277,1230,1507,0.14374237159766012
280,1230,1510,0.14374615886215078
273,1223,1496,0.14374051537506338
273,1219,1492,0.14375457175773573
275,1214,1489,0.14376585551549403
275,1213,1488,0.14377170998925567
271,1234,1505,0.14377659585498448
264,1238,1502,0.1437907984431629
268,1253,1521,0.1438219122352233
271,1247,1518,0.14384010434417094
275,1238,1513,0.14385096938633787
265,1243,1508,0.14385136950185273
265,1250,1515,0.14387713699234936
269,1257,1526,0.14389943182454026
267,1247,1514,0.14391121819742175
267,1256,1523,0.14392609945464188
269,1257,1526,0.14394107574485127
267,1255,1522,0.1439495171861994
268,1250,1518,0.14396364472139425
269,1249,1518,0.14397206122760264
276,1247,1523,0.1439779651780253
272,1239,1511,0.14396373241113478
272,1242,1514,0.14396010499643777
270,1246,1516,0.14395886722431628
265,1244,1509,0.1439628899760563
265,1252,1517,0.14398044411694047
258,1249,1507,0.14399472309467326
256,1253,1509,0.14402453442295463
253,1252,1505,0.14405745186948196
259,1255,1514,0.14409532017446788
255,1265,1520,0.14411699622661586
257,1268,1525,0.14414897104705626
252,1266,1518,0.14417469322413987
243,1269,1512,0.14421066388278603
241,1274,1515,0.14426790882515494
242,1273,1515,0.14432439400491312
244,1265,1509,0.14437485487163365
240,1267,1507,0.1444152586312201
239,1265,1504,0.1444634632467926
230,1271,1501,0.14450815302132
230,1270,1500,0.1445699768253485
226,1285,1511,0.1446290193384805
226,1275,1501,0.14469429032362288
222,1286,1508,0.1447540538713609
224,1298,1522,0.1448205758200594
223,1295,1518,0.14487749810455303
224,1293,1517,0.1449345981207507
223,1297,1520,0.14498679449329122
224,1299,1523,0.14503712649455736
221,1299,1520,0.14508238509229218
219,1300,1519,0.14513119181113343
218,1296,1514,0.14518361374498506
212,1304,1516,0.14523184081866536
214,1303,1517,0.14529156361547946
217,1298,1515,0.14534380376173173
216,1292,1508,0.14538540969645827
219,1291,1510,0.1454256210756925
215,1292,1507,0.14545568553042765
211,1292,1503,0.14549456882201606
208,1284,1492,0.14554014553100583
207,1303,1510,0.1455897469929686
207,1303,1510,0.14564016948530217
204,1310,1514,0.14568749793575658
205,1306,1511,0.1457401754677119
206,1304,1510,0.14578595777401201
206,1313,1519,0.14582643674943607
205,1315,1520,0.1458626338032257
210,1310,1520,0.14589970767723792
206,1310,1516,0.14592045301985496
203,1322,1525,0.14595186753778522
202,1317,1519,0.1459900946631453
198,1302,1500,0.14602871624162517
205,1305,1510,0.1460727478938806
202,1320,1522,0.14609932239174145
204,1318,1522,0.14613191829024755
205,1324,1529,0.14615905969445767
199,1322,1521,0.14618114722026992
197,1321,1518,0.1462152167973748
201,1315,1516,0.1462513401994748
202,1313,1515,0.14627512931975667
204,1313,1517,0.14629577275857375
205,1306,1511,0.1463101861493208
204,1307,1511,0.14632065373995826
202,1313,1515,0.146334357528218
202,1323,1525,0.1463527183206186
199,1317,1516,0.14636758390810337
199,1313,1512,0.1463882613142563
202,1301,1503,0.14640866039042688
204,1309,1513,0.14641861690955915
204,1300,1504,0.1464204335416801
202,1302,1504,0.14642330528553854
202,1310,1512,0.14642931663721406
199,1315,1514,0.14643470553224208
194,1313,1507,0.14644807402854404
192,1343,1535,0.14647194651134765
194,1338,1532,0.14649855255724148
193,1334,1527,0.1465186582512962
188,1340,1528,0.14653858341239334
185,1344,1529,0.14657156055307066
184,1352,1536,0.14661079647018244
188,1347,1535,0.14665117660129487
183,1346,1529,0.14667911764469743
185,1344,1529,0.14671809759286408
186,1335,1521,0.14675045478432355
184,1337,1521,0.14677860581491078
188,1340,1528,0.14681047226287577
180,1347,1527,0.14682943252912284
183,1335,1518,0.1468670165257926
183,1326,1509,0.1468943684079671
181,1327,1508,0.14692183739109468
177,1341,1518,0.14695165169873065
182,1354,1536,0.14698761124567417
188,1349,1537,0.14700839654810222
186,1339,1525,0.14701346307102617
179,1351,1530,0.14702463430895965
181,1346,1527,0.14705276392163458
177,1351,1528,0.1470738684017542
173,1350,1523,0.1471041051940306
172,1335,1507,0.1471432155778649
172,1334,1506,0.14718276609997796
170,1348,1518,0.14721792637324238
165,1350,1515,0.14725465561847384
165,1353,1518,0.14730112555754254
166,1348,1514,0.14734259021721643
164,1358,1522,0.1473805586813673
163,1355,1518,0.14742249523521567
167,1347,1514,0.14746337091697537
170,1356,1526,0.1474916082327952
168,1341,1509,0.14751110799347664
162,1352,1514,0.14753041376980472
157,1352,1509,0.14756194999064104
155,1358,1513,0.1476058521016084
153,1361,1514,0.1476523427289501
155,1366,1521,0.14770003300239198
153,1366,1519,0.1477407148821718
154,1366,1520,0.1477835630897014
149,1375,1524,0.14782199886468933
150,1369,1519,0.14787098763139483
151,1359,1510,0.14791374252860806
148,1365,1513,0.14795154807968394
149,1368,1517,0.14799330907394107
148,1361,1509,0.14803015891180316
142,1356,1498,0.14806835195691107
141,1367,1508,0.14811847774183082
141,1365,1506,0.1481685858450736
143,1367,1510,0.14821645541679437
142,1352,1494,0.1482558737016736
139,1360,1499,0.14829413881298423
147,1365,1512,0.1483367806112197
150,1362,1512,0.1483565754197475
146,1364,1510,0.14836471249903113
145,1347,1492,0.14838200110046967
145,1358,1503,0.1483997375047587
145,1365,1510,0.14841778720797863
147,1367,1514,0.14843478361093457
150,1373,1523,0.14844642180417314
149,1376,1525,0.14844840167845602
149,1383,1532,0.1484503295475116
145,1379,1524,0.1484522857419318
142,1384,1526,0.1484649711679876
141,1386,1527,0.1484859599845915
138,1366,1504,0.14850908514157568
140,1385,1525,0.14853685204983813
139,1381,1520,0.14855709754182977
136,1386,1522,0.1485794736299277
140,1371,1511,0.148609341903458
141,1371,1512,0.1486274295523504
144,1368,1512,0.1486417067581507
138,1371,1509,0.14864610505295928
137,1392,1529,0.14866538010327715
133,1387,1520,0.1486870999643318
132,1387,1519,0.14871472660664314
132,1380,1512,0.14874493214046075
137,1384,1521,0.1487721174895047
137,1384,1521,0.14878311105076006
138,1375,1513,0.14879181486047918
138,1374,1512,0.14879947152587625
134,1377,1511,0.14880755624976785
133,1378,1511,0.14882575080339333
129,1382,1511,0.14884511403101802
131,1378,1509,0.14887397790542148
131,1375,1506,0.14889521357313565
130,1381,1511,0.1489147359955754
129,1382,1511,0.14893546740029076
128,1385,1513,0.14895772237462093
125,1391,1516,0.14898114520063274
125,1382,1507,0.1490102174665625
126,1375,1501,0.14903789043448043
126,1381,1507,0.149062014340508
126,1378,1504,0.14908375915225577
128,1388,1516,0.14910432929367715
132,1381,1513,0.14911583996549233
131,1380,1511,0.14911825876218984
127,1373,1500,0.149122162351309
128,1371,1499,0.1491373965548434
125,1366,1491,0.149148122138437
125,1365,1490,0.1491638797779735
122,1371,1493,0.14917779342154788
115,1384,1499,0.14919728953171643
115,1384,1499,0.14923216515542695
113,1385,1498,0.1492654226695867
112,1401,1513,0.1493022723454967
112,1397,1509,0.1493412359930358
112,1406,1518,0.14937697921324303
112,1408,1520,0.14941057052309067
112,1412,1524,0.14944331831598462
111,1410,1521,0.14947269944954528
107,1414,1521,0.1495029397641038
107,1403,1510,0.1495407285667072
107,1426,1533,0.1495771544887835
107,1419,1526,0.1496116249817791
108,1404,1512,0.14964190583885775
105,1413,1518,0.1496673652135973
101,1409,1510,0.14969823008860472
99,1400,1499,0.1497359623733876
100,1401,1501,0.14977489863254334
100,1400,1500,0.1498098054129556
99,1402,1501,0.149843048365651
98,1423,1521,0.14987669900446499
99,1422,1521,0.14991174120578216
100,1431,1531,0.14994213536472958
98,1426,1524,0.14996849514732713
96,1412,1508,0.14999931964112842
95,1426,1521,0.150031497655129
94,1418,1512,0.15006214370608134
96,1416,1512,0.15009225930745942
96,1410,1506,0.15011577059697148
97,1418,1515,0.1501376234367723
92,1430,1522,0.15015698979194866
93,1421,1514,0.15018794088047596
91,1426,1517,0.15021344501190848
91,1430,1521,0.1502439518062619
93,1420,1513,0.15027117379864607
93,1426,1519,0.15029197227503108
92,1417,1509,0.15031248926772198
88,1412,1500,0.1503332396293654
88,1422,1510,0.15036245526542286
89,1425,1514,0.15039100525284915
88,1431,1519,0.1504145661339433
87,1433,1520,0.15043979192534368
89,1422,1511,0.15046492300200653
87,1423,1510,0.15048255977928865
84,1423,1507,0.1505047704936699
84,1425,1509,0.15053300757452004
80,1432,1512,0.15055933459787088
80,1418,1498,0.15059523714956882
83,1428,1511,0.15062992325956173
82,1418,1500,0.15065439416222198
81,1432,1513,0.15067962492432782
77,1417,1494,0.1507064220700687
78,1415,1493,0.15073952592684198
75,1414,1489,0.1507684053198065
74,1430,1504,0.1508021742478765
73,1443,1516,0.15083672108240567
72,1442,1514,0.150872159831502
69,1449,1518,0.150908430376302
68,1442,1510,0.15094969432350946
66,1448,1514,0.15099085639583879
66,1449,1515,0.15103475741591388
66,1441,1507,0.1510754453614023
67,1453,1520,0.15111366537034043
65,1449,1514,0.15114775781776235
65,1440,1505,0.15118448727348643
60,1436,1496,0.1512194600382184
56,1447,1503,0.1512639861116245
58,1440,1498,0.15131503122515713
55,1446,1501,0.15135872880693182
56,1459,1515,0.1514065256845067
54,1463,1517,0.15144946928177228
53,1464,1517,0.15149434050488927
52,1472,1524,0.1515377656162916
51,1479,1530,0.15158101595071835
52,1470,1522,0.1516240406125945
52,1473,1525,0.15166229665271408
48,1479,1527,0.15169846871643314
48,1475,1523,0.15174129043115506
47,1473,1520,0.1517814802315906
50,1476,1526,0.15182163364012427
49,1464,1513,0.1518517107544611
50,1466,1516,0.15188136403086985
49,1469,1518,0.15190648561783626
50,1458,1508,0.15193263699108647
48,1475,1523,0.15195431320258243
47,1476,1523,0.151979469197005
46,1485,1531,0.15200625809140933
46,1476,1522,0.15203351286836608
50,1477,1527,0.15205934635869237
49,1457,1506,0.1520729820807511
45,1452,1497,0.15208731500694408
45,1457,1502,0.15210986085118378
44,1468,1512,0.15213080136874102
46,1467,1513,0.1521530243072745
47,1473,1520,0.1521689059541196
49,1473,1522,0.15217901439599807
50,1469,1519,0.15218364778678314
47,1469,1516,0.15218474369635607
49,1479,1528,0.15219402617998734
49,1477,1526,0.15219739278937375
48,1477,1525,0.1522009541947848
46,1474,1520,0.15220729874927488
43,1468,1511,0.1522183415947382
44,1472,1516,0.15223584063997553
43,1479,1522,0.15225070026067983
41,1472,1513,0.15226740085327325
42,1477,1519,0.1522883501952898
43,1471,1514,0.1523057572225943
41,1480,1521,0.15231866599248028
42,1469,1511,0.15233622012192666
41,1471,1512,0.15235067905459754
41,1467,1508,0.1523668224379743
42,1478,1520,0.15238215651244724
43,1465,1508,0.15239238856401024
42,1452,1494,0.15239929402863117
43,1470,1513,0.15240863358748788
42,1472,1514,0.1524139488593446
45,1470,1515,0.1524217746261457
43,1468,1511,0.15242181241813785
44,1473,1517,0.1524272814188815
43,1468,1511,0.15242887465551688
42,1475,1517,0.15243219604412328
43,1471,1514,0.1524390493073126
41,1463,1504,0.15244282264220024
41,1477,1518,0.1524514141236063
41,1474,1515,0.15246006510775023
40,1472,1512,0.15246871565644662
42,1449,1491,0.15247950080693376
43,1463,1506,0.15248458270459633
45,1478,1523,0.1524854740848839
45,1483,1528,0.15247999935299028
46,1482,1528,0.15247506162586175
48,1480,1528,0.15246803143758625
45,1471,1516,0.15245622653619934
44,1477,1521,0.15245517147792526
43,1475,1518,0.15245642559744266
41,1462,1503,0.15246034223718993
40,1470,1510,0.1524680615105976
43,1466,1509,0.15247804790071062
44,1467,1511,0.1524791125833585
44,1465,1509,0.15247847013738147
44,1478,1522,0.1524777417287043
44,1477,1521,0.1524777135858632
43,1470,1513,0.15247827986165405
45,1478,1523,0.15248164071096698
45,1464,1509,0.15247965177623635
44,1474,1518,0.1524763232457667
44,1479,1523,0.152476159302216
44,1469,1513,0.15247571063219595
46,1456,1502,0.15247571177699068
46,1454,1500,0.1524708363959875
45,1452,1497,0.15246669597495102
44,1464,1508,0.15246554509479343
42,1474,1516,0.15246766366141803
40,1474,1514,0.15247447837701347
39,1485,1524,0.15248582110351067
40,1482,1522,0.15249896348621095
39,1465,1504,0.15250841010158728
40,1481,1521,0.15251982226959268
37,1481,1518,0.15252846604501755
38,1484,1522,0.1525433856394941
38,1486,1524,0.1525549420388847
35,1485,1520,0.1525662032965848
34,1484,1518,0.15258419112326352
34,1481,1515,0.15260368758459694
32,1489,1521,0.15262215953576022
30,1480,1510,0.15264402220797815
30,1486,1516,0.1526690937749529
31,1487,1518,0.1526915780557934
31,1480,1511,0.15271026880804126
32,1484,1516,0.15272805007587154
32,1481,1513,0.15274159690197536
34,1491,1525,0.15275461948464633
33,1483,1516,0.15276236965424117
33,1494,1527,0.15277239293673545
34,1477,1511,0.1527820389323641
31,1470,1501,0.15278875969451552
34,1474,1508,0.15280170518222966
33,1467,1500,0.1528052442485144
31,1475,1506,0.15281116475664255
32,1481,1513,0.15282142180793534
36,1475,1511,0.1528290468156376
36,1479,1515,0.15282520913258987
36,1493,1529,0.15282213310557854
33,1490,1523,0.15281975817677423
33,1490,1523,0.15282464393762837
33,1484,1517,0.15282963616035797
33,1482,1515,0.15283468976822498
34,1477,1511,0.15283976611199665
33,1484,1517,0.15284245267748212
33,1474,1507,0.15284743483044064
33,1492,1525,0.1528523809431611
33,1478,1511,0.15285726789627446
33,1484,1517,0.15286207637811208
34,1489,1523,0.1528667904251322
36,1492,1528,0.15286814019952907
34,1484,1518,0.15286313757818965
35,1500,1535,0.1528642664834883
34,1495,1529,0.15286337081602477
34,1491,1525,0.15286502752209713
34,1476,1510,0.15286684418755983
31,1485,1516,0.15286878614141095
31,1496,1527,0.15287727994366843
33,1489,1522,0.15288545009920984
33,1493,1526,0.1528885115596122
33,1487,1520,0.15289159116394782
32,1481,1513,0.15289466818199351
32,1483,1515,0.15289989323521885
30,1488,1518,0.15290495144824937
31,1492,1523,0.15291419982003226
30,1484,1514,0.15292071933533635
31,1480,1511,0.15292912617449989
31,1484,1515,0.15293478477052266
30,1488,1518,0.15294005383003106
29,1488,1517,0.15294729560538223
28,1484,1512,0.15295642898903136
28,1483,1511,0.15296723304395426
28,1486,1514,0.15297745782606886
28,1488,1516,0.15298713080197202
26,1499,1525,0.1529961075825628
29,1494,1523,0.15300890547468846
28,1492,1520,0.15301426278914257
28,1489,1517,0.15302150891562996
28,1495,1523,0.1530283351716557
26,1482,1508,0.1530348252633399
26,1495,1521,0.15304531083209713
27,1493,1520,0.1530552194047731
28,1494,1522,0.15306168729522354
26,1490,1516,0.15306543785137927
25,1495,1520,0.15307341084384526
25,1477,1502,0.15308314949665477
24,1496,1520,0.1530924093186567
25,1488,1513,0.1531033643009158
25,1487,1512,0.15311142135169098
25,1491,1516,0.1531187953318825
25,1483,1508,0.15312584076483216
24,1484,1508,0.1531325659954704
24,1491,1515,0.1531411570141686
25,1491,1516,0.153149313229141
25,1485,1510,0.15315382854678128
25,1488,1513,0.15315824575762882
24,1486,1510,0.1531625539349712
23,1474,1497,0.15316889410701343
22,1478,1500,0.15317710644990956
22,1498,1520,0.15318710249438858
22,1496,1518,0.1531964373384011
23,1487,1510,0.1532053151747449
23,1481,1504,0.1532114411043807
22,1484,1506,0.15321615915539344
22,1475,1497,0.1532217973660043
22,1477,1499,0.15322738396991095
24,1508,1532,0.1532326892051349
24,1502,1526,0.15323203332668503
24,1500,1524,0.15323180289496288
26,1479,1505,0.1532319347261835
25,1493,1518,0.1532266399227954
26,1490,1516,0.15322311663201435
24,1494,1518,0.15321810252076185
24,1481,1505,0.15321828577172927
25,1483,1508,0.15321884939640953
24,1483,1507,0.15321744871344506
24,1489,1513,0.15321863954157014
24,1499,1523,0.15322005421157137
24,1506,1530,0.1532216503907605
24,1504,1528,0.1532233910950659
24,1501,1525,0.15322524409639718
24,1506,1530,0.15322718139177996
23,1474,1497,0.1532291787280323
22,1478,1500,0.15323336334465323
24,1486,1510,0.15323977199826921
25,1481,1506,0.15323980938729623
24,1493,1517,0.15323687817771525
23,1496,1519,0.1532354888137416
24,1492,1516,0.15323674313262545
24,1496,1520,0.15323580589470123
22,1499,1521,0.15323530798236346
23,1492,1515,0.15323961995935875
23,1488,1511,0.1532405139131439
22,1483,1505,0.15324174822406497
23,1483,1506,0.15324542935500798
23,1492,1515,0.1532469721561359
23,1497,1520,0.1532487183668465
24,1496,1520,0.1532506267289816
24,1497,1521,0.15324999551637689
25,1495,1520,0.15324855952411326
25,1503,1528,0.15324440663880792
25,1510,1535,0.15324000688301154
23,1495,1518,0.1532358501273443
22,1484,1506,0.15323672288217868
23,1480,1503,0.15324001091262157
23,1483,1506,0.1532412845757757
24,1492,1516,0.15324262721024837
25,1500,1525,0.15324200345978337
25,1504,1529,0.15323929519099458
23,1504,1527,0.1532359381636961
25,1494,1519,0.15323774712281452
24,1497,1521,0.15323499684368766
22,1493,1515,0.15323581344640366
22,1486,1508,0.15324120427872615
23,1488,1511,0.15324646506009965
24,1483,1507,0.15324908257077408
25,1477,1502,0.1532475092489797
24,1490,1514,0.1532431281272539
25,1494,1519,0.15324162967665214
24,1490,1514,0.1532383839418585
25,1490,1515,0.15323753947001065
25,1502,1527,0.15323455035939887
23,1497,1520,0.15323211657197194
26,1494,1520,0.1532344496962889
26,1493,1519,0.15322817550536993
26,1500,1526,0.1532223296418288
25,1502,1527,0.153216707793094
25,1493,1518,0.15321409829447652
22,1492,1514,0.15321210463868623
22,1483,1505,0.1532178384804747
22,1486,1508,0.15322352713426768
20,1494,1514,0.15322914386876138
22,1494,1516,0.15323821391779066
23,1490,1513,0.15324215327274193
22,1501,1523,0.15324289476254985
23,1506,1529,0.15324617236370056
23,1500,1523,0.15324633314202876
23,1491,1514,0.1532469120169881
23,1500,1523,0.1532478421177007
24,1492,1516,0.15324906464776128
24,1501,1525,0.15324724644528476
23,1498,1521,0.1532459308352668
22,1492,1514,0.1532461929966308
21,1498,1519,0.15324926911707495
21,1500,1521,0.15325351920028835
21,1485,1506,0.15325793713837382
22,1488,1510,0.1532618166011542
26,1490,1516,0.15326294667507084
26,1487,1513,0.15325374249952653
24,1491,1515,0.15324570545700675
24,1480,1504,0.1532429725530166
24,1492,1516,0.15324090231111342
23,1489,1512,0.1532394064955618
23,1476,1499,0.15324069652031128
24,1469,1493,0.15324225898759092
24,1484,1508,0.15324095636918472
24,1500,1524,0.15324010908113356
25,1496,1521,0.15323924936797242
24,1499,1523,0.15323550849429132
24,1500,1524,0.15323442454863798
24,1494,1518,0.15323375895795807
24,1491,1515,0.1532334939336363
24,1491,1515,0.15323357039791752
24,1485,1509,0.153233936204869
25,1497,1522,0.15323454539818468
24,1498,1522,0.15323255408215888
25,1490,1515,0.1532334230749346
25,1494,1519,0.1532312164855729
25,1483,1508,0.15322945460231846
25,1482,1507,0.1532280807129273
24,1483,1507,0.1532270443851181
25,1467,1492,0.15322847118451505
24,1462,1486,0.1532267428346225
25,1470,1495,0.15322761557293396
25,1483,1508,0.15322544978060218
24,1491,1515,0.15322314581940333
22,1495,1517,0.1532239372867783
22,1495,1517,0.15322929833304003
21,1488,1509,0.15323403583054773
22,1497,1519,0.1532413937927012
21,1499,1520,0.15324621246757406
21,1491,1512,0.15325308321611486
21,1508,1529,0.15325972494776782
19,1511,1530,0.15326502719529475
20,1491,1511,0.15327449666167536
19,1494,1513,0.1532813458865108
21,1500,1521,0.15329038815546656
20,1496,1516,0.15329256908076555
21,1491,1512,0.15329714574390566
23,1509,1532,0.15329853117025727
25,1500,1525,0.15329538987401267
26,1502,1528,0.15328604469577167
26,1500,1526,0.15327462342040143
24,1492,1516,0.15326457563011028
23,1482,1505,0.1532591325037778
24,1490,1514,0.15325693343478972
23,1489,1512,0.15325215807504997
23,1507,1530,0.1532514646847055
23,1504,1527,0.15325127730825347
23,1508,1531,0.1532515201308015
24,1497,1521,0.15325212630860593
24,1490,1514,0.15325049205370872
24,1493,1517,0.15324930380687796
23,1490,1513,0.15324811157056734
22,1491,1513,0.1532494570773822
22,1496,1518,0.15325315993302335
22,1505,1527,0.15325690133140957
21,1493,1514,0.15326065305300685
19,1498,1517,0.15326561785918458
21,1484,1505,0.1532749544872868
21,1489,1510,0.15327846685083274
20,1491,1511,0.15328210248987406
19,1494,1513,0.1532879665341387
19,1497,1516,0.15329666462859026
19,1496,1515,0.15330501008817118
20,1486,1506,0.1533130070838321
21,1504,1525,0.15331683646722233
22,1487,1509,0.1533183151686991
20,1495,1515,0.15331672563836427
20,1492,1512,0.1533203157443182
20,1502,1522,0.1533239790127398
21,1505,1526,0.15332660431209397
21,1494,1515,0.15332714216639487
21,1494,1515,0.1533279657784208
21,1491,1512,0.15332902696198766
19,1495,1514,0.15333028343541266
19,1505,1524,0.15333606600231967
19,1503,1522,0.15334058052183472
20,1502,1522,0.15334511716202592
18,1505,1523,0.1533464931008754
18,1505,1523,0.1533524761747863
17,1495,1512,0.1533583998722473
17,1490,1507,0.15336676101666968
17,1497,1514,0.15337482730826718
18,1501,1519,0.15338259608243768
17,1502,1519,0.15338747719899803
17,1502,1519,0.1533944361288171
19,1498,1517,0.15340115208130034
20,1509,1529,0.15340113589890994
20,1502,1522,0.15339911268759324
21,1492,1513,0.1533975529977875
21,1495,1516,0.1533931725891708
21,1493,1514,0.15338944117955955
21,1490,1511,0.15338628263918883
21,1499,1520,0.15338362897835878
21,1505,1526,0.15338141951645498
21,1512,1533,0.15337960013364546
21,1509,1530,0.15337700314741917
21,1500,1521,0.15337488049979903
20,1510,1530,0.15337317295014397
20,1502,1522,0.15337400819558605
20,1496,1516,0.1533750258548923
18,1486,1504,0.15337511629636766
20,1488,1508,0.15338004320763982
18,1478,1496,0.15337919931487662
18,1492,1510,0.15338307373120108
18,1497,1515,0.15338597714637867
17,1486,1503,0.15338909622138291
18,1496,1514,0.15339453146221194
18,1501,1519,0.15339667584283556
17,1512,1529,0.15339908687308834
17,1500,1517,0.15340400910740312
18,1499,1517,0.15340894338014088
19,1509,1528,0.1534112632565878
19,1516,1535,0.15341046403176686
20,1509,1529,0.15341008926079389
21,1494,1515,0.15340681297263592
21,1498,1519,0.153401184204879
22,1481,1503,0.15339634882304204
22,1492,1514,0.15338895210429768
21,1493,1514,0.15338248026695828
21,1501,1522,0.15337989010847952
18,1504,1522,0.15337775872455012
18,1493,1511,0.15338293427579663
17,1501,1518,0.15338799750298077
17,1498,1515,0.15339512658747714
17,1490,1507,0.15340198529824017
17,1482,1499,0.1534085741697469
17,1476,1493,0.1534148952460566
17,1475,1492,0.153420951840066
17,1472,1489,0.15342674832175654
17,1496,1513,0.15343228993229002
16,1497,1513,0.15343758262113247
17,1489,1506,0.15344485661756385
17,1497,1514,0.1534484831166084
17,1500,1517,0.15345205474079165
17,1504,1521,0.1534555586781295
15,1499,1514,0.15345898446487724
15,1503,1518,0.1534666707524509
15,1510,1525,0.15347399721317248
16,1510,1526,0.15347992916795367
16,1514,1530,0.15348255689618776
15,1516,1531,0.15348528845042775
15,1518,1533,0.15349026145010647
15,1521,1536,0.15349514685226182
16,1514,1530,0.15349992917250735
16,1497,1513,0.15350132688926202
16,1511,1527,0.15350290493178226
14,1508,1522,0.15350462677270457
17,1514,1531,0.1535111892358427
17,1509,1526,0.1535087672281218
16,1514,1530,0.15350685050973636
17,1512,1529,0.153507546443829
18,1508,1526,0.15350526078307195
18,1502,1520,0.15350019812089513
18,1504,1522,0.15349587963908753
18,1499,1517,0.15349221774831137
19,1496,1515,0.15348800216008654
19,1487,1506,0.15348120918850605
20,1482,1502,0.15347532276198816
19,1484,1503,0.1534669695163817
19,1486,1505,0.15346179912449023
19,1496,1515,0.153457444399387
20,1500,1520,0.1534537685853572
20,1491,1511,0.15344743576510977
19,1490,1509,0.1534419319192933
18,1489,1507,0.15343960858512787
18,1481,1499,0.15344011659337695
17,1507,1524,0.15343976013611724
18,1501,1519,0.15344236431536132
18,1489,1507,0.15344248116284123
17,1492,1509,0.15344289630891514
16,1489,1505,0.15344609156227043
17,1486,1503,0.15345156996448
18,1492,1510,0.15345363209666868
18,1498,1516,0.15345255866694438
18,1502,1520,0.15345190216672147
18,1502,1520,0.15345160313219405
18,1495,1513,0.15345160902024965
18,1496,1514,0.15345187346769465
17,1498,1515,0.1534523556264843
17,1498,1515,0.15345529129044075
18,1491,1509,0.15345822929940703
20,1495,1515,0.15345787119965013
19,1480,1499,0.15345126383264637
19,1488,1507,0.15344771820269257
17,1496,1513,0.15344478391309452
18,1488,1506,0.15344688465749562
18,1479,1497,0.15344590899839633
19,1488,1507,0.15344537500758762
19,1476,1495,0.15344194582808263
18,1486,1504,0.15343914365078504
18,1489,1507,0.15343922593811485
18,1497,1515,0.15343962815559078
18,1499,1517,0.15344029932065106
18,1507,1525,0.15344119460704936
19,1512,1531,0.15344227467443644
19,1507,1526,0.15344024227453051
19,1506,1525,0.15343863513055414
18,1515,1533,0.1534373981568851
18,1505,1523,0.1534386550630064
19,1500,1519,0.15344005809643185
19,1484,1503,0.15343926632539306
19,1486,1505,0.15343871721375316
19,1485,1504,0.15343790394800422
18,1489,1507,0.1534373461593131
18,1504,1522,0.1534397735675953
18,1496,1514,0.15344216261085614
17,1492,1509,0.15344450500397463
16,1490,1506,0.15344894858905334
16,1504,1520,0.15345534804226454
16,1503,1519,0.15346143186592787
16,1475,1491,0.15346721206862352
16,1475,1491,0.15347270062815407
16,1474,1490,0.15347790942548684
15,1487,1502,0.15348285018929989
15,1502,1517,0.1534897404037795
15,1502,1517,0.15349624794108427
15,1514,1529,0.15350239250437306
13,1509,1522,0.15350819294711598
14,1500,1514,0.15351800075888095
13,1518,1531,0.1535239847715926
13,1516,1529,0.1535318745627214
15,1503,1518,0.15353939970243732
14,1502,1516,0.1535400884703719
13,1507,1520,0.15354318901891056
14,1517,1531,0.1535485355610049
14,1518,1532,0.15355013180220545
12,1514,1526,0.15355200301083827
12,1503,1515,0.15355904728793962
12,1501,1513,0.15356590405125103
11,1508,1519,0.1535725613921925
11,1500,1511,0.15358117145301908
11,1517,1528,0.15358943590651827
10,1511,1521,0.15359735847970205
10,1517,1527,0.1536074473178344
11,1510,1521,0.15361702023910148
11,1509,1520,0.1536228757852885
11,1521,1532,0.15362855793988714
11,1524,1535,0.1536340596103159
10,1520,1530,0.1536393758357601
10,1516,1526,0.15364676384151446
11,1507,1518,0.15365381488548266
11,1495,1506,0.15365815353162474
9,1505,1514,0.15366234135030868
10,1512,1522,0.15367088035598034
11,1499,1510,0.15367674342787896
10,1489,1499,0.15367905950952726
10,1506,1516,0.15368362789273074
10,1509,1519,0.15368806886073813
10,1510,1520,0.15369237556147686
9,1517,1526,0.1536961008551832
9,1508,1517,0.15370235015193287
10,1517,1527,0.15370831610021626
10,1520,1530,0.15371074562678083
10,1513,1523,0.15371321193195522
10,1488,1498,0.15371569482927205
9,1489,1498,0.15371817710269942
9,1489,1498,0.15372280805132885
8,1491,1499,0.1537272800916992
8,1498,1506,0.15373375551945712
8,1501,1509,0.1537399376098734
8,1495,1503,0.1537458343736348
8,1503,1511,0.15375145429290454
8,1502,1510,0.15375680619932983
8,1502,1510,0.1537618991685405
8,1509,1517,0.15376674242925575
8,1485,1493,0.15377134528531367
8,1484,1492,0.15377571704911974
8,1494,1502,0.15377986698517113
7,1506,1513,0.15378380426245808
8,1529,1537,0.15378970360709143
8,1520,1528,0.1537922261140966
8,1510,1518,0.15379471064794487
8,1508,1516,0.15379714840710348
8,1503,1511,0.15379953219341058
8,1499,1507,0.15380185621197534
8,1504,1512,0.15380411589309495
8,1509,1517,0.1538063077339052
8,1512,1520,0.15380842915770973
8,1501,1509,0.15381047838914064
9,1520,1529,0.1538124543434892
9,1512,1521,0.15381111625865423
9,1495,1504,0.15381000595121785
9,1505,1514,0.15380909543877164
9,1502,1511,0.1538083598033204
10,1496,1506,0.15380777687358108
10,1502,1512,0.15380405420409493
10,1501,1511,0.15380075277909167
10,1509,1519,0.15379782812986914
10,1505,1515,0.15379524031522418
10,1507,1517,0.15379295346982416
9,1509,1518,0.15379093539708927
8,1505,1513,0.1537919225590984
8,1515,1523,0.15379507284790908
8,1506,1514,0.15379807498948903
8,1511,1519,0.1538009337806141
8,1511,1519,0.15380365413394387
8,1514,1522,0.15380624103159962
7,1512,1519,0.15380777770431112
6,1506,1512,0.15381150235439237
7,1511,1518,0.15381727806226805
8,1518,1526,0.1538195152408652
9,1507,1516,0.153818796948331
9,1508,1517,0.15381576949995623
9,1504,1513,0.15381319952852074
9,1513,1522,0.15381103272314242
8,1514,1522,0.15380922064148442
8,1510,1518,0.1538098940665829
8,1509,1517,0.1538107068548975
8,1510,1518,0.1538116330935673
8,1499,1507,0.15381265013227485
8,1504,1512,0.15381373822166958
8,1513,1521,0.15381488018956624
8,1515,1523,0.15381606115109367
8,1500,1508,0.15381726824934983
8,1505,1513,0.1538184904234618
8,1514,1522,0.15381971820125892
8,1522,1530,0.15382094351404446
8,1519,1527,0.1538221595312056
8,1513,1521,0.15382336051262352
8,1509,1517,0.15382454167705442
8,1502,1510,0.1538256990848312
8,1509,1517,0.15382682953340546
9,1508,1517,0.15382793046439577
9,1514,1523,0.15382576469718984
8,1519,1527,0.15382386635602252
7,1513,1520,0.15382437945294541
8,1502,1510,0.1538260998169327
7,1497,1504,0.1538246482163197
8,1489,1497,0.1538263794988244
8,1500,1508,0.15382502609198134
9,1492,1501,0.15382403302675526
10,1497,1507,0.15382008209961223
9,1499,1508,0.15381343464019284
10,1493,1503,0.15381043843723805
10,1500,1510,0.15380506195822946
10,1515,1525,0.15380035466763178
10,1511,1521,0.15379624285884208
10,1502,1512,0.15379266049223764
10,1510,1520,0.15378954842166603
8,1505,1513,0.15378685369762038
9,1505,1514,0.15378915958221984
9,1502,1511,0.1537882044209723
9,1522,1531,0.1537875562207489
8,1518,1526,0.1537871721212618
8,1508,1516,0.1537895043446163
8,1516,1524,0.15379184725587058
8,1520,1528,0.1537941854217967
8,1507,1515,0.1537965057799744
8,1502,1510,0.15379879735589444
7,1499,1506,0.15380105101069927
7,1503,1510,0.15380541940153647
8,1502,1510,0.15380960541514213
8,1501,1509,0.15381131432981884
9,1509,1518,0.1538129999375173
9,1499,1508,0.15381139224815982
9,1507,1516,0.15381005422659016
9,1505,1514,0.15380895279866136
9,1490,1499,0.15380805851834803
7,1507,1514,0.1538073451903933
7,1501,1508,0.15381128790552384
9,1498,1507,0.15381507799975072
10,1506,1516,0.15381321142082044
11,1504,1515,0.1538083951199814
11,1501,1512,0.1538008738237164
11,1504,1515,0.1537941642036832
12,1507,1519,0.15378818293819535
11,1506,1517,0.15377959144472547
13,1498,1511,0.1537740506647804
13,1511,1524,0.1537636872553178
13,1519,1532,0.15375436867769932
11,1515,1526,0.1537459916129262
11,1526,1537,0.15374317816727606
11,1510,1521,0.15374080425689002
10,1511,1521,0.1537388172122062
10,1510,1520,0.15373947538628097
10,1513,1523,0.15374027778187702
9,1515,1524,0.1537411976851401
9,1512,1521,0.15374438450381972
9,1512,1521,0.15374751308074577
8,1511,1519,0.15375033837006377
7,1505,1512,0.15375529749356828
7,1512,1519,0.15376224158345234
8,1505,1513,0.15376886947338753
8,1499,1507,0.15377282217322777
8,1500,1508,0.15377664137219504
8,1503,1511,0.15378032476976086
8,1502,1510,0.1537838712169031
7,1516,1523,0.15378728054812438
7,1518,1525,0.15379287696568894
7,1520,1527,0.15379818125166866
7,1505,1512,0.15380320635174802
7,1505,1512,0.15380796490057325
7,1514,1521,0.1538124691939647
6,1518,1524,0.1538167311673771
6,1513,1519,0.15382292150840368
7,1513,1520,0.15382876145260535
7,1510,1517,0.15383101590049633
7,1504,1511,0.15383326057879973
7,1505,1512,0.1538354837165792
7,1519,1526,0.15383767545516153
7,1530,1537,0.1538398276163546
7,1516,1523,0.15384193349589131
6,1509,1515,0.15384398767949403
6,1513,1519,0.1538478543039375
6,1511,1517,0.1538515766578802
6,1494,1500,0.15385515464135924
6,1503,1509,0.15385858902336166
6,1496,1502,0.153861050145301
6,1507,1513,0.15386350318695285
5,1504,1509,0.15386593489744446
5,1507,1512,0.15387090876911835
5,1508,1513,0.1538756446142604
5,1504,1509,0.15388015060050123
5,1502,1507,0.15388443501309299
4,1513,1517,0.15388850618811356
4,1510,1514,0.15389452806307263
4,1520,1524,0.15390022284016144
4,1510,1514,0.15390560654736413
3,1515,1518,0.15391069461714998
3,1508,1511,0.15391766663806652
3,1525,1528,0.15392424085425563
4,1522,1526,0.1539304388760767
4,1531,1535,0.15393302178829035
4,1518,1522,0.15393557315047576
3,1521,1524,0.1539380827199749
2,1506,1508,0.15394270579260957
1,1502,1503,0.15394941976862936
2,1495,1497,0.1539579672389253
2,1508,1510,0.1539627802916364
2,1507,1509,0.15396746782812915
1,1507,1508,0.15397202131182489
1,1512,1513,0.1539790320815984
1,1508,1509,0.15398569798206996
1,1506,1507,0.15399203212811996
1,1517,1518,0.1539980475976646
0,1509,1509,0.1540037573601105
