1365,30,1395,0.13579591923309275
1396,31,1427,0.13295801505027935
1397,33,1430,0.13029235515550075
1412,37,1449,0.1278687347050258
1438,37,1475,0.12562540730787222
1458,39,1497,0.12351129929660028
1449,36,1485,0.12153440953554286
1448,35,1483,0.11976169743807691
1450,37,1487,0.11815022882401799
1463,37,1500,0.11668152304845542
1464,38,1502,0.11531285137467297
1458,36,1494,0.11406472240365495
1458,36,1494,0.11294397729315103
1466,37,1503,0.11192542508154446
1450,37,1487,0.11098029962007488
1448,38,1486,0.11015772425033245
1435,39,1474,0.1094183481452788
1439,39,1478,0.10877776166982801
1449,39,1488,0.1081853358071086
1441,42,1483,0.10762517623592352
1444,45,1489,0.1071326865858724
1438,47,1485,0.10667910943787624
1442,47,1489,0.10628297206957592
1432,47,1479,0.10591455111902136
1424,50,1474,0.10560359900621914
1434,49,1483,0.10533949735749308
1437,49,1486,0.10507706168725413
1437,49,1486,0.10483205927998236
1426,49,1475,0.10460737804969712
1414,50,1464,0.10442974884538074
1429,48,1477,0.10429583187610626
1454,46,1500,0.10414068285997566
1446,45,1491,0.1039427508034569
1450,43,1493,0.10377892660413991
1454,40,1494,0.1036186221084689
1459,39,1498,0.10346188723168748
1439,37,1476,0.10330631312668202
1455,37,1492,0.10321244752184851
1439,37,1476,0.10309096171247796
1432,36,1468,0.1030184476765098
1427,38,1465,0.10296758100423162
1439,36,1475,0.10293163650614293
1462,38,1500,0.10287145570569717
1447,41,1488,0.10276271068099462
1445,43,1488,0.1026986543927039
1444,44,1488,0.1026457620720228
1447,41,1488,0.10260243755189975
1442,42,1484,0.10255579547430994
1439,45,1484,0.10252479817076011
1453,43,1496,0.10250313470962163
1450,43,1493,0.10245048721578083
1451,44,1495,0.10240785026911833
1448,43,1491,0.10236858975593383
1434,42,1476,0.10234256646289229
1439,44,1483,0.10235037839826605
1435,45,1480,0.1023474054738311
1431,48,1479,0.10235398686239265
1437,49,1486,0.10236953597429183
1446,49,1495,0.10237327297358352
1444,51,1495,0.10235262048320656
1431,49,1480,0.10233532087055681
1434,51,1485,0.10234932290116401
1448,52,1500,0.1023569740770818
1442,48,1490,0.10233506312335233
1453,50,1503,0.1023276850067225
1443,50,1493,0.10229459748252523
1449,50,1499,0.10228837795621373
1450,51,1501,0.10226863332628515
1455,50,1505,0.10224854877256673
1452,49,1501,0.1022185523768611
1455,50,1505,0.10219761510616657
1449,51,1500,0.10217424349243995
1443,49,1492,0.10216766543967562
1434,48,1482,0.10217523583668064
1431,47,1478,0.10220276018171258
1441,49,1490,0.10223549235431381
1451,50,1501,0.10224309008866068
1449,52,1501,0.10222611473289211
1433,52,1485,0.10221312013262762
1434,54,1488,0.10223750935930344
1427,56,1483,0.10225768646553762
1429,53,1482,0.10229644622904051
1432,53,1485,0.10233041190475228
1432,53,1485,0.10235566571154692
1433,54,1487,0.1023786655463525
1427,56,1483,0.10239446101140504
1434,57,1491,0.10242259740727212
1435,56,1491,0.10243330015959463
1440,56,1496,0.10244126495926975
1431,57,1488,0.10243593217264316
1427,58,1485,0.10245237535884097
1422,58,1480,0.10247780628993537
1435,61,1496,0.10251292480583483
1435,59,1494,0.10251704388902896
1443,58,1501,0.10251615544843151
1442,56,1498,0.10249626164865663
1449,54,1503,0.10248033454940458
1440,51,1491,0.10245303336299585
1457,54,1511,0.10244929192525731
1445,55,1500,0.10240736071281706
1447,56,1503,0.1023955420060619
1437,58,1495,0.1023799334195239
1432,61,1493,0.10238753088502009
1421,64,1485,0.10240574973811618
1419,64,1483,0.10244787837949673
1434,62,1496,0.10249213760460982
1413,64,1477,0.10249964287920249
1409,62,1471,0.10255262533306127
1417,65,1482,0.10261289509924104
1417,64,1481,0.10264974713016209
1424,66,1490,0.10268456928186158
1421,69,1490,0.10270046138960201
1424,72,1496,0.10272263094844684
1420,75,1495,0.1027384371915032
1419,74,1493,0.102761600762671
1421,74,1495,0.10278583564284834
1408,72,1480,0.10280466536197379
1403,74,1477,0.10284926578592046
1423,78,1501,0.10290249513580513
1428,82,1510,0.10290460585503731
1426,80,1506,0.10289444623420017
1429,81,1510,0.10289203228465067
1434,79,1513,0.10288452121336927
1442,78,1520,0.10286515440690222
1437,77,1514,0.10282994307807812
1426,78,1504,0.10280638142094492
1427,75,1502,0.10281157758800759
1420,74,1494,0.10281652180654746
1412,72,1484,0.10283730726436893
1419,74,1493,0.10287537267834405
1421,76,1497,0.10289525379512003
1419,77,1496,0.10290835582586019
1430,76,1506,0.10292555819651547
1412,76,1488,0.10291492641438477
1405,77,1482,0.10294432856001208
1419,79,1498,0.10298602356967658
1411,81,1492,0.10299546156450741
1423,85,1508,0.10302406627654963
1421,87,1508,0.1030233506444906
1415,86,1501,0.10302531723525579
1418,88,1506,0.10304127087364692
1416,88,1504,0.10305167443936902
1411,86,1497,0.10306460261461943
1414,85,1499,0.10308951589051628
1413,90,1503,0.10310680545677575
1414,92,1506,0.10312525324369798
1411,92,1503,0.1031408622294989
1414,90,1504,0.10316231460320983
1403,94,1497,0.10317857218654175
1397,95,1492,0.10321790926790779
1396,95,1491,0.10326852034043657
1387,96,1483,0.10331625503327803
1389,96,1485,0.10338165990180181
1405,100,1505,0.1034387920523454
1411,100,1511,0.10345321708111534
1406,103,1509,0.10345339520678323
1390,106,1496,0.1034656670578334
1368,108,1476,0.10351250370899216
1378,107,1485,0.1036091089214903
1379,110,1489,0.10367592187244626
1382,107,1489,0.10373446758902592
1380,109,1489,0.1037821081030148
1376,106,1482,0.10382770825043121
1384,108,1492,0.10387745257062353
1387,106,1493,0.10390622343326827
1383,104,1487,0.10392623816242637
1386,102,1488,0.10395321780250516
1390,105,1495,0.10397093931431599
1387,105,1492,0.10397973053387341
1387,103,1490,0.10399273110046231
1385,108,1493,0.10400452126732347
1395,107,1502,0.10402008623100961
1392,111,1503,0.10401459940271683
1393,110,1503,0.10401655179545784
1388,112,1500,0.10401567425193425
1388,114,1502,0.10402600902969454
1379,119,1498,0.10403620864676673
1384,119,1503,0.10406824500910895
1372,116,1488,0.10408684762239227
1371,118,1489,0.10413114810894566
1358,116,1474,0.10417522958888263
1364,119,1483,0.10424598265206134
1377,116,1493,0.10429945689935007
1377,118,1495,0.10431491313092355
1369,120,1489,0.10433155126279438
1370,117,1487,0.10436528299243873
1360,116,1476,0.10439427376039292
1349,114,1463,0.10444096694867266
1359,114,1473,0.1045090725664841
1367,117,1484,0.10455047775361241
1365,120,1485,0.104570769292796
1377,119,1496,0.10459321791548014
1371,122,1493,0.1045863941264461
1364,119,1483,0.10459245170664523
1369,119,1488,0.10461279671069175
1373,121,1494,0.10462180136711574
1360,122,1482,0.10462294150056074
1364,127,1491,0.10465341993413947
1355,128,1483,0.10467404894385708
1366,130,1496,0.10471507467784022
1370,126,1496,0.10472757326231279
1374,128,1502,0.10473093146762213
1373,126,1499,0.10472450215685733
1366,128,1494,0.104720722433043
1366,118,1484,0.10473359408245905
1356,120,1476,0.10474521065236063
1356,124,1480,0.1047786520884413
1367,124,1491,0.10481124628163357
1368,131,1499,0.1048179403698662
1355,133,1488,0.10482481636177308
1364,133,1497,0.10485811645548246
1359,138,1497,0.10487004728412552
1363,136,1499,0.10489569565326268
1355,141,1496,0.10490895634957831
1353,141,1494,0.10494207750592997
1351,138,1489,0.10497734164669138
1345,139,1484,0.10501466312756538
1347,142,1489,0.10506306157805456
1349,148,1497,0.10510027230484678
1340,149,1489,0.1051304751651971
1345,148,1493,0.10517924974701102
1353,147,1500,0.10521458271404219
1348,141,1489,0.10522829244908087
1345,146,1491,0.10525154563819744
1352,146,1498,0.10528034493814058
1338,145,1483,0.1052918492912865
1348,145,1493,0.10533522050205564
1353,147,1500,0.1053524896966147
1354,147,1501,0.10535686700730572
1349,148,1497,0.10535587937651922
1352,143,1495,0.105367140698131
1352,142,1494,0.10537248321017507
1350,144,1494,0.10537799550868573
1337,139,1476,0.10538789895849675
1338,140,1478,0.10542649430169611
1343,144,1487,0.10545924486677195
1337,150,1487,0.10547726675759136
1336,153,1489,0.10550938518431544
1327,157,1484,0.10554127121018847
1324,156,1480,0.10559301785910977
1331,154,1485,0.10564565821346328
1333,155,1488,0.1056785512102993
1336,156,1492,0.10570518414937696
1336,156,1492,0.1057230320487907
1338,154,1492,0.1057394185506271
1330,153,1483,0.10575081697399162
1331,154,1485,0.10578052128741199
1339,159,1498,0.10580563022139693
1331,156,1487,0.10580794350081536
1344,156,1500,0.10583147853694765
1343,158,1501,0.10582248921441473
1354,158,1512,0.10581637852320057
1353,161,1514,0.1057838494229399
1351,161,1512,0.105756642201625
1353,164,1517,0.10573889523485747
1347,166,1513,0.10571870536714702
1349,166,1515,0.10571234893193714
1343,168,1511,0.10570176385199463
1336,167,1503,0.10570704550731312
1322,164,1486,0.10572889180166893
1330,165,1495,0.10578267185045999
1324,167,1491,0.10581631078457036
1322,168,1490,0.10585823322316777
1321,166,1487,0.10590267560432727
1321,167,1488,0.10594461717675277
1330,169,1499,0.10598250471298247
1329,170,1499,0.1059986041551474
1333,169,1502,0.1060150286467498
1337,167,1504,0.1060230498623858
1333,165,1498,0.1060197986068092
1327,164,1491,0.10602655385691605
1320,168,1488,0.10604566046333364
1327,172,1499,0.10607783782178781
1329,176,1505,0.10609140378355812
1329,175,1504,0.10609827664097338
1330,170,1500,0.10610425434434834
1333,171,1504,0.1061084273666182
1328,179,1507,0.10610681927341396
1318,178,1496,0.10611764872012654
1320,181,1501,0.10615324696384867
1317,174,1491,0.10618345930019882
1322,172,1494,0.10621816548916656
1321,171,1492,0.1062383729250798
1310,172,1482,0.10625721622312248
1309,171,1480,0.10629872608204874
1312,172,1484,0.10633740881055946
1318,178,1496,0.10636880031874227
1318,179,1497,0.10638020569702018
1314,177,1491,0.10639107926074369
1311,179,1490,0.10641164802267383
1298,182,1480,0.10643675678611766
1307,186,1493,0.1064908025016228
1310,187,1497,0.10652089186131945
1315,190,1505,0.10654473405989369
1319,189,1508,0.10655710755089906
1324,191,1515,0.10655996996830318
1330,189,1519,0.10655250474707113
1324,188,1512,0.10652864975553625
1305,192,1497,0.1065231405304818
1308,186,1494,0.10656164905063527
1312,188,1500,0.10659118345657344
1322,191,1513,0.10660872879515404
1314,195,1509,0.1065962805152948
1308,198,1506,0.10660318072151975
1312,195,1507,0.10662736999256729
1299,194,1493,0.10664188021750264
1302,194,1496,0.10668403389102814
1310,195,1505,0.10671385293410435
1298,196,1494,0.10672465939879949
1287,198,1485,0.10676500271954886
1288,199,1487,0.10682785404796812
1285,198,1483,0.10688203628279712
1287,199,1486,0.1069409253858179
1294,203,1497,0.10699104831344544
1291,202,1493,0.10702174420693072
1306,199,1505,0.10705479605589013
1303,197,1500,0.10705146506677864
1315,202,1517,0.1070551994503985
1298,199,1497,0.10703323448786305
1297,204,1501,0.10705187150448904
1304,206,1510,0.10707113113420552
1310,205,1515,0.10707473942870331
1301,205,1506,0.10706616301410644
1299,202,1501,0.10707865324186763
1302,202,1504,0.10709447121980369
1282,208,1490,0.10710208640568492
1285,214,1499,0.10715436798194038
1282,213,1495,0.10719835174133995
1283,212,1495,0.1072461042292037
1296,207,1503,0.10728779341861769
1298,211,1509,0.10729779569644864
1295,211,1506,0.10730042581707011
1296,211,1507,0.10731118427955895
1302,215,1517,0.10732039556740905
1288,212,1500,0.10731647699254195
1278,211,1489,0.10734148553563568
1278,215,1493,0.1073861763301068
1285,214,1499,0.10742725314167455
1283,216,1499,0.10745003314064029
1287,217,1504,0.10747576175161813
1282,213,1495,0.10749160409164603
1290,216,1506,0.10751815197714741
1274,218,1492,0.10751981824633003
1275,221,1496,0.10755793064101175
1268,222,1490,0.10759110518548262
1255,220,1475,0.10763876090165432
1258,223,1481,0.1077157026480948
1258,224,1482,0.10778191353369997
1266,224,1490,0.10784321349340603
1289,223,1512,0.10787980751373065
1279,224,1503,0.10786299993879918
1282,226,1508,0.10786438117082958
1259,225,1484,0.10785705151463593
1258,225,1483,0.10790574555773087
1260,227,1487,0.10795330337580912
1253,223,1476,0.10799249729626804
1257,223,1480,0.10804597098912318
1251,221,1472,0.10808508243107086
1254,220,1474,0.10813310605022125
1264,219,1483,0.10816971945918827
1259,220,1479,0.10817677096609937
1262,220,1482,0.1081997574777189
1273,222,1495,0.10821394524279064
1280,228,1508,0.10820264996300316
1280,224,1504,0.10817682735084834
1274,224,1498,0.10815362058979616
1273,224,1497,0.10814680723131048
1272,230,1502,0.10814638046256544
1265,232,1497,0.10814831325378545
1247,231,1478,0.10816633546179993
1246,230,1476,0.10822469037101619
1252,235,1487,0.1082804341179106
1252,239,1491,0.10831905975252042
1268,238,1506,0.10835620277672821
1258,234,1492,0.10835418471741191
1253,234,1487,0.10837640903939744
1265,235,1500,0.10840912009076213
1255,237,1492,0.10840717324151025
1239,243,1482,0.10842875542103712
1236,244,1480,0.1084850998309928
1242,248,1490,0.10854690624183086
1243,252,1495,0.10859050945957513
1243,249,1492,0.10862197932206215
1235,244,1479,0.10865391230663964
1248,245,1493,0.10869968374422008
1246,245,1491,0.1087154573369192
1248,244,1492,0.10873125654935918
1248,249,1497,0.10874502703996938
1252,249,1501,0.10875793882632502
1242,248,1490,0.10876077016104321
1247,252,1499,0.10878758472768542
1245,256,1501,0.10880437158360716
1242,254,1496,0.10882623429013534
1249,255,1504,0.10885482416741138
1246,253,1499,0.10886451880197924
1249,260,1509,0.10888033687585386
1256,254,1510,0.10888797534223751
1256,252,1508,0.1088817015084686
1252,246,1498,0.10887687168338492
1247,244,1491,0.10888215368264585
1243,245,1488,0.10889775247923567
1229,247,1476,0.10892160699054194
1242,244,1486,0.10897234899321319
1245,250,1495,0.10898920417041577
1251,257,1508,0.10899946567082142
1240,265,1505,0.10899627910404674
1247,261,1508,0.10901789832055432
1247,264,1511,0.10902194173078553
1239,269,1508,0.10902626453675353
1243,263,1506,0.10905102863323993
1237,258,1495,0.10906613842898319
1233,259,1492,0.10909656748193296
1240,263,1503,0.1091331676515022
1232,263,1495,0.10914925236434918
1227,267,1494,0.10918150394696308
1225,267,1492,0.10921837679437452
1222,271,1493,0.10925821178159911
1223,268,1491,0.10930110514042628
1234,275,1509,0.10934279348614562
1230,271,1501,0.10935514322506297
1239,274,1513,0.10937690695008265
1233,271,1504,0.10937659099186035
1227,274,1501,0.10939045906036605
1228,267,1495,0.1094158867621622
1238,273,1511,0.10943823526837262
1227,271,1498,0.10943455204431957
1230,265,1495,0.10945781038927314
1234,264,1498,0.10947203185296484
1236,264,1500,0.10947325106710121
1228,267,1495,0.10947011688200531
1237,272,1509,0.10948690435781738
1231,267,1498,0.10948046164351123
1210,266,1476,0.10948988874657858
1210,269,1479,0.10954583560328458
1221,264,1485,0.10959995583626073
1218,266,1484,0.10962456956687944
1228,265,1493,0.10965501219853008
1224,264,1488,0.10966010897630753
1235,264,1499,0.10967134137213126
1240,267,1507,0.1096540342391678
1251,265,1516,0.10962849266557786
1243,263,1506,0.10957857078065417
1238,261,1499,0.10955179201143793
1253,257,1510,0.10953729583733854
1249,255,1504,0.10949234730820427
1244,251,1495,0.10946163210893932
1242,261,1503,0.10944250918965442
1251,259,1510,0.10942975697693569
1243,264,1507,0.10939672300906267
1243,265,1508,0.10938372467668472
1236,266,1502,0.1093712634608919
1244,265,1509,0.10937493108958553
1229,267,1496,0.10936253307874157
1231,266,1497,0.10938221453017281
1229,267,1496,0.10939832578912494
1228,263,1491,0.10941798462420131
1228,257,1485,0.10944175172145751
1225,261,1486,0.10946242025518207
1225,263,1488,0.10948625221324292
1223,261,1484,0.10950751132111963
1217,262,1479,0.10953327092044769
1235,260,1495,0.10956971819971535
1236,265,1501,0.10956022046985792
1238,263,1501,0.10954977930869315
1242,266,1508,0.10953538295312903
1244,265,1509,0.10951415917492455
1236,266,1502,0.10949163179746627
1237,268,1505,0.10949131207590757
1247,268,1515,0.10948868047515954
1238,268,1506,0.10946304183900589
1232,275,1507,0.10946221938210288
1223,271,1494,0.1094743189585668
1226,269,1495,0.10950973423222178
1214,269,1483,0.10953337921933105
1218,274,1492,0.1095807215526738
1220,285,1505,0.10961546777848989
1223,281,1504,0.109642090425996
1226,283,1509,0.10965905476265611
1222,282,1504,0.10966894244471263
1225,283,1508,0.10969049881935777
1218,283,1501,0.10970284585615865
1226,284,1510,0.10972871319419586
1217,291,1508,0.10973548694050177
1207,290,1497,0.10976242116104239
1207,289,1496,0.10981317269179472
1207,291,1498,0.10986164179980505
1210,292,1502,0.10990557826822911
1205,296,1501,0.10993938402845177
1205,294,1499,0.1099830774114494
1200,296,1496,0.11002405155897044
1208,306,1514,0.11007326020264468
1211,310,1521,0.11010028747650182
1198,304,1502,0.11011832520293723
1203,298,1501,0.11016518193368183
1205,296,1501,0.11020108386808426
1197,301,1498,0.11022827987687223
1197,305,1502,0.11026779778077841
1184,298,1482,0.11030719931658854
1184,310,1494,0.11037423847895571
1196,307,1503,0.11043599627160887
1194,313,1507,0.1104662125104851
1194,311,1505,0.11050019107836452
1196,315,1511,0.11052862307845192
1192,316,1508,0.1105519416842899
1192,317,1509,0.11058253740707313
1183,321,1504,0.11061363916627372
1187,321,1508,0.11066122796489843
1186,322,1508,0.11069899755068519
1168,326,1494,0.11073716487612571
1157,325,1482,0.11081170132773431
1169,318,1487,0.11091007878147315
1173,322,1495,0.1109755409045356
1176,318,1494,0.11102537600252332
1190,316,1506,0.11106252457740347
1188,317,1505,0.11106603268290595
1182,327,1509,0.11106619944421389
1172,328,1500,0.11108252494957817
1175,332,1507,0.1111225909615553
1177,334,1511,0.11115396514461748
1172,328,1500,0.11118004603173702
1174,327,1501,0.11121735719446146
1175,329,1504,0.1112466295433224
1175,327,1502,0.11127230160212459
1185,327,1512,0.11129566313441963
1182,329,1511,0.11129731652223394
1181,331,1512,0.11130422209982221
1179,336,1515,0.11131298751085122
1176,336,1512,0.11132802715498549
1175,331,1506,0.11135146322720627
1168,331,1499,0.11137370778163545
1166,331,1497,0.1114102498194326
1160,337,1497,0.11144771701503751
1150,334,1484,0.1114967221683787
1157,332,1489,0.1115657606828882
1158,336,1494,0.11161373320751299
1157,342,1499,0.11165736643279509
1158,337,1495,0.11170119112316215
1157,349,1506,0.11173958733824635
1156,354,1510,0.11177434732505925
1152,357,1509,0.11180915902032897
1139,355,1494,0.11185159359685702
1130,356,1486,0.11192064093000763
1136,353,1489,0.11200826942654604
1146,355,1501,0.11207603345171627
1138,360,1498,0.11211386752572444
1143,365,1508,0.11216732225690197
1148,364,1512,0.11220839428691017
1142,356,1498,0.11223213432583055
1141,354,1495,0.11226693286631784
1145,362,1507,0.112301753400166
1139,363,1502,0.11232421963170822
1156,359,1515,0.11236031656000713
1145,357,1502,0.1123523247494212
1140,359,1499,0.11237239657960486
1145,361,1506,0.11240195300878614
1150,354,1504,0.11241596589772064
1133,355,1488,0.11241705432029381
1133,355,1488,0.11245803015365635
1135,364,1499,0.11249920826390682
1132,370,1502,0.11253092004615727
1131,374,1505,0.11256724125918077
1134,377,1511,0.11260369469005382
1139,377,1516,0.11263263326969877
1148,369,1517,0.11264694750080921
1146,364,1510,0.1126382138356015
1139,367,1506,0.11263320309905556
1143,358,1501,0.11264525921051945
1139,358,1497,0.11264877743682593
1138,352,1490,0.11265974350260119
1136,353,1489,0.11267582743318019
1140,360,1500,0.1126960802171354
1136,363,1499,0.1127075037870167
1140,371,1511,0.11272612014583075
1129,366,1495,0.11273202002709651
1124,366,1490,0.11276261469485864
1122,369,1491,0.1128059097419923
1117,367,1484,0.11285083504941254
1111,373,1484,0.11290472992847775
1115,367,1482,0.1129676517533711
1118,371,1489,0.11301692549703542
1125,372,1497,0.11305471350973285
1142,369,1511,0.11307254253278286
1145,358,1503,0.11304846969545253
1131,365,1496,0.11302256381236297
1135,373,1508,0.11302865711064712
1128,371,1499,0.11302274919469671
1119,371,1490,0.11303516150163428
1124,373,1497,0.11306459499181135
1120,377,1497,0.1130844393512736
1126,376,1502,0.1131112459427316
1134,374,1508,0.11312019403539171
1129,368,1497,0.11311096826862886
1128,374,1502,0.11311494956798893
1130,366,1496,0.11312020108325223
1131,369,1500,0.11311955879175044
1121,371,1492,0.11311728592297998
1121,374,1495,0.11313984002994262
1118,372,1490,0.11316247495222737
1109,381,1490,0.11319187916151247
1098,387,1485,0.11323753445025254
1096,390,1486,0.11330670088525274
1120,385,1505,0.11337617469394087
1108,386,1494,0.11338888134504564
1098,385,1483,0.11342635794144483
1105,391,1496,0.1134865001567483
1111,402,1513,0.11352868568888938
1104,408,1512,0.11355489369639654
1099,408,1507,0.11359585043302171
1100,406,1506,0.11364769533273178
1097,404,1501,0.11369375240042459
1103,401,1504,0.1137416157626427
1090,413,1503,0.11376903646404851
1077,404,1481,0.11382462551274218
1081,401,1482,0.1139076600611541
1087,405,1492,0.11397562606085948
1085,404,1489,0.11402281498668504
1091,406,1497,0.1140731346824462
1092,408,1500,0.11410777727960092
1095,410,1505,0.11413675604746079
1084,407,1491,0.1141570975512455
1083,416,1499,0.11420107266815328
1082,421,1503,0.11424458836831283
1080,418,1498,0.1142908612452673
1083,415,1498,0.11433992673487857
1091,413,1504,0.11437959166617948
1072,416,1488,0.11440079309794392
1080,414,1494,0.11446354302329255
1076,420,1496,0.11450118015030014
1079,426,1505,0.11454563369878377
1066,429,1495,0.1145800824946101
1069,424,1493,0.1146424712527476
1084,428,1512,0.11469478096646872
1075,432,1507,0.11470582494901643
1081,436,1517,0.11473841670532885
1066,437,1503,0.11475255497809939
1067,436,1503,0.11479913858228016
1060,434,1494,0.11484343280173671
1064,435,1499,0.11490031593796886
1066,437,1503,0.11494293892108948
1074,441,1515,0.11498122534405653
1067,443,1510,0.11499685879262717
1063,437,1500,0.11502959009543581
1067,430,1497,0.11506679882044932
1059,433,1492,0.11509018394576437
1066,436,1502,0.11513176796099424
1062,441,1503,0.11515425691006864
1048,435,1483,0.11518365124386638
1048,438,1486,0.115244120259589
1051,445,1496,0.11529929375105294
1055,444,1499,0.1153471130977176
1041,449,1490,0.11538528575682776
1055,453,1508,0.11545311383676746
1054,453,1507,0.11548322967533504
1055,455,1510,0.11551377452581782
1044,457,1501,0.11553965771898554
1050,455,1505,0.11558999799524707
1042,461,1503,0.11562237777210958
1036,468,1504,0.11567246431326567
1033,476,1509,0.11573426053846415
1022,472,1494,0.11579578803959628
1026,474,1500,0.11587928461894545
1023,471,1494,0.11594911682151342
1019,480,1499,0.11601916795194878
1022,474,1496,0.11609243441859718
1012,475,1487,0.11615498751302565
1019,470,1489,0.11623336137779791
1033,473,1506,0.11629102296021099
1031,466,1497,0.11631367097179184
1033,462,1495,0.11633857376566248
1034,462,1496,0.11635751281420582
1026,467,1493,0.11637260186490483
1031,464,1495,0.11640820851839308
1037,465,1502,0.11642991859029336
1034,472,1506,0.11643494946665875
1031,476,1507,0.11644539412611957
1030,477,1507,0.11646714563401961
1018,481,1499,0.11649373831720966
1034,484,1518,0.1165441229885945
1029,485,1514,0.11655433185218729
1030,488,1518,0.11657341444023704
1010,487,1497,0.11659141591792366
1000,488,1488,0.11665341657587305
1006,486,1492,0.11673446316560561
1005,490,1495,0.11679480261225345
1012,495,1507,0.11685145676846322
1008,499,1507,0.11688778615949565
997,503,1500,0.11693057086170451
1010,497,1507,0.11699670265128155
1006,494,1500,0.11702935468376854
1004,495,1499,0.11706705891839007
1011,496,1507,0.11710640457356718
1015,493,1508,0.11712802205218775
1017,494,1511,0.11713877587382342
1011,495,1506,0.11714513604183505
1019,498,1517,0.11716371675073291
1023,502,1525,0.11716167888295022
1021,499,1520,0.11714988728311489
999,504,1503,0.11714487772217601
999,506,1505,0.11719112494130743
1010,508,1518,0.11723479866478798
1001,503,1504,0.1172538169320129
1003,499,1502,0.11729171917549007
999,500,1499,0.11732276106641112
998,504,1502,0.11736230378434939
994,514,1508,0.11740141490759776
1000,520,1520,0.11744828950536455
990,521,1511,0.117478318202662
980,520,1500,0.11752816167445111
978,530,1508,0.11759932507097648
971,525,1496,0.11766937861420931
972,528,1500,0.11775186503681802
968,520,1488,0.11782542137375081
957,522,1479,0.11790441540654882
971,533,1504,0.11800373968777145
967,538,1505,0.11806154639521661
961,532,1493,0.11812521358344263
953,537,1490,0.11819722587254514
952,538,1490,0.11828523368917693
951,544,1495,0.1183697204664387
946,553,1499,0.11845253585842457
952,558,1510,0.11854210784957864
949,557,1506,0.11861344046430772
957,559,1516,0.11868612940117153
955,558,1513,0.11873435369024594
944,560,1504,0.11878765232083904
933,568,1501,0.11886289773751357
933,568,1501,0.11895953345350535
919,572,1491,0.11904643347781274
923,571,1494,0.11916039857893974
915,573,1488,0.11925845696472788
917,578,1495,0.11936936293682983
919,580,1499,0.119467108880184
919,583,1502,0.11955648079677297
919,585,1504,0.11964019902138086
913,587,1500,0.11971576975110569
918,585,1503,0.11980125508617628
918,580,1498,0.1198710032500497
921,576,1497,0.11993292476985243
913,579,1492,0.11998183585487206
909,589,1498,0.12004545387276302
918,588,1506,0.12011247178751955
925,587,1512,0.12015123832753677
923,598,1521,0.12017427741791747
920,595,1515,0.12020289275726555
914,593,1507,0.12023784826708837
914,581,1495,0.12028524292433232
918,583,1501,0.12032855453523911
909,577,1486,0.12036215487503384
915,592,1507,0.12041534737842959
923,601,1524,0.12045011128518503
920,606,1526,0.12046463888502247
908,611,1519,0.12048352774517518
917,601,1518,0.12052828105251522
918,601,1519,0.12055232753946564
912,600,1512,0.12057421791217754
902,599,1501,0.12060635952908352
901,598,1499,0.12065763531080204
902,593,1495,0.12071079649847682
910,602,1512,0.12075532851034004
905,606,1511,0.12078095419710679
904,602,1506,0.12081696137868977
896,599,1495,0.12085407356592473
895,604,1499,0.12090449309425966
890,607,1497,0.12095548791234158
894,600,1494,0.12101406277990798
894,596,1490,0.1210595846325608
898,607,1505,0.12109911613386537
895,600,1495,0.12112584375407423
886,607,1493,0.12115391297748687
887,599,1486,0.12119789765294041
898,609,1507,0.12123779789774274
902,603,1505,0.12124831509815365
897,600,1497,0.12124986453401743
896,595,1491,0.12126393071483774
902,596,1498,0.12127994305277151
896,602,1498,0.1212816769695429
906,599,1505,0.12129433672739577
896,611,1507,0.12128415490175211
894,619,1513,0.12129762085003895
897,614,1511,0.12131445822098445
896,610,1506,0.12132446941804403
899,611,1510,0.12133396502918595
898,600,1498,0.12133673815377534
897,592,1489,0.12134063016980753
888,590,1478,0.12134779807727583
896,598,1494,0.1213758280135187
899,596,1495,0.12138322172654643
893,602,1495,0.1213822262316943
890,603,1493,0.12139636130821373
891,613,1504,0.12141569255964861
880,614,1494,0.12143346613049452
876,611,1487,0.12147791130023528
881,607,1488,0.121530810800876
875,611,1486,0.1215662198075897
881,616,1497,0.12161371177224232
886,612,1498,0.12164648356926928
885,620,1505,0.12166448341331776
883,620,1503,0.12168650766862958
882,621,1503,0.12171029586748666
874,615,1489,0.1217366420511583
873,622,1495,0.12177995827439667
873,618,1491,0.12182383568219826
874,627,1501,0.12186478213374957
875,627,1502,0.12190052709880664
873,627,1500,0.12193103490877895
873,631,1504,0.12196248876846073
872,634,1506,0.12199354940141767
872,620,1492,0.12202562594916824
875,617,1492,0.1220542943136022
862,622,1484,0.12207445210837435
863,630,1493,0.12212529799908874
860,628,1488,0.12217172098424975
850,632,1482,0.12222246026225093
838,641,1479,0.12229185163662759
840,642,1482,0.12238478507702963
834,645,1479,0.12246315899766193
850,649,1499,0.12254861651145575
845,650,1495,0.12259011760212754
845,654,1499,0.12264045727920138
840,666,1506,0.12268850858190028
830,664,1494,0.12274132274921828
837,665,1502,0.12281461450841852
838,665,1503,0.12286757499258456
839,667,1506,0.12291148635684543
845,659,1504,0.1229488097558835
844,666,1510,0.12296959477932731
843,670,1513,0.12299312783639138
841,671,1512,0.12301927488555764
845,670,1515,0.1230494432755599
850,672,1522,0.12307095875823588
855,671,1526,0.12307728200491738
847,672,1519,0.12307324729091353
841,679,1520,0.12309139174069746
838,680,1518,0.12312203709188761
846,679,1525,0.12315773372149252
837,680,1517,0.1231740838858507
832,681,1513,0.12320858949975086
824,689,1513,0.12325011107229006
816,699,1515,0.12330977634199183
811,694,1505,0.12338468709325405
813,688,1501,0.12346712426154785
808,691,1499,0.1235403049499115
811,692,1503,0.12362072758225198
807,692,1499,0.12368652838846131
795,703,1498,0.12375826957056218
798,707,1505,0.1238539585022287
801,710,1511,0.12393735332863215
797,710,1507,0.12401054950549552
798,712,1510,0.12408802744262216
813,715,1528,0.12415802807970001
809,715,1524,0.12418832141383064
805,711,1516,0.12422561798529046
810,706,1516,0.12426826299990192
805,710,1515,0.1242962911041834
816,711,1527,0.12433182578778929
819,705,1524,0.12433844628749512
819,708,1527,0.12433575597278786
817,702,1519,0.12433614911909106
817,703,1520,0.12434113528102514
799,700,1499,0.12434446493079672
797,702,1499,0.12438963654224079
805,700,1505,0.12443665739938474
808,694,1502,0.12446532307454855
813,691,1504,0.12448028616977899
816,702,1518,0.12448060308102278
818,698,1516,0.12447341371199297
813,694,1507,0.12446435705225362
815,684,1499,0.12446821853846377
808,691,1499,0.12446592971448635
813,695,1508,0.12447942568096748
800,697,1497,0.12447883965578012
799,696,1495,0.12450829736290028
803,699,1502,0.12453906013861378
806,699,1505,0.12455849183835951
810,702,1512,0.1245705396969842
814,703,1517,0.12457320979128202
809,701,1510,0.12456771775458117
804,706,1510,0.12457562943762016
805,708,1513,0.12459508337184193
816,710,1526,0.12461125210468736
813,696,1509,0.12460087715331589
804,699,1503,0.12459738227796752
805,689,1494,0.12461457787644133
811,701,1512,0.12462979500013109
801,699,1500,0.12462925140228576
806,696,1502,0.12465215874397984
804,693,1497,0.12466114298329427
811,701,1512,0.12467661449090862
814,704,1518,0.12467213555176283
818,696,1514,0.12466087299332519
808,699,1507,0.12464193089731967
811,698,1509,0.12464570065219263
812,698,1510,0.12464306659743318
810,698,1508,0.12463867790058383
814,690,1504,0.12463800571715136
808,695,1503,0.12463056783934079
806,689,1495,0.12463574794698808
812,692,1504,0.12464596757593982
805,699,1504,0.12464164108576067
805,698,1503,0.12465452395826876
811,698,1509,0.12466497519770256
809,699,1508,0.12466396798026295
797,707,1504,0.12467044745645854
802,702,1504,0.12470484178944126
794,709,1503,0.12472583375750816
799,716,1515,0.1247653741307683
788,721,1509,0.12478972709330266
796,723,1519,0.12483675659617824
795,723,1518,0.12486022975530987
799,715,1514,0.1248839672100923
800,725,1525,0.12489706746891248
789,726,1515,0.12490944600792002
794,724,1518,0.12494597083654936
798,712,1510,0.12496831622665976
804,707,1511,0.1249791038882753
795,715,1510,0.12497626788913924
794,701,1495,0.12499401261135691
794,695,1489,0.12501435453042098
798,696,1494,0.12502892374047966
787,702,1489,0.12503442556108904
786,726,1512,0.12506420385739356
788,722,1510,0.12509742016087858
792,719,1511,0.12512695151262335
788,719,1507,0.12514436235872228
775,721,1496,0.12516744415145628
783,715,1498,0.12521876562599354
781,718,1499,0.12524961341863253
786,713,1499,0.1252819663057116
798,711,1509,0.12529634369926002
792,714,1506,0.12527948294608873
792,724,1516,0.12528019523058057
781,723,1504,0.12528062520023656
788,729,1517,0.12530587799502121
775,731,1506,0.1253166376772046
776,727,1503,0.1253529507488903
786,719,1505,0.12538835189343892
777,720,1497,0.12539426503882833
781,712,1493,0.12541829121765713
787,708,1495,0.12542820495962254
789,720,1509,0.12541915811203236
791,717,1508,0.12540759991311096
788,719,1507,0.12539437401685075
785,721,1506,0.12539151327569775
776,714,1490,0.12539214998576562
785,725,1510,0.12541346902943964
788,725,1513,0.1254122853393465
793,722,1515,0.12540503293790803
786,718,1504,0.1253892994621091
790,719,1509,0.12538830720892466
793,726,1519,0.1253807057854944
787,727,1514,0.12536865642964035
786,730,1516,0.12537188786188252
781,732,1513,0.12538007842739848
775,741,1516,0.1253998213795577
776,740,1516,0.1254323381074945
776,743,1519,0.12546134662937913
771,741,1512,0.12548768567908752
764,747,1511,0.12552780596195812
754,759,1513,0.12558283626331082
753,767,1520,0.12565821547517753
757,753,1510,0.1257326345070056
752,767,1519,0.12579000795810374
742,758,1500,0.12585402542267016
738,764,1502,0.12593706211147634
748,761,1509,0.12602453182992318
743,752,1495,0.12608309873919843
741,756,1497,0.12615030383101128
738,762,1500,0.12621981005706043
740,770,1510,0.12629139513868137
733,766,1499,0.12635036387580467
745,774,1519,0.1264230551945851
750,767,1517,0.1264620882349698
757,773,1530,0.1264845886369874
755,774,1529,0.12649161337692166
745,771,1516,0.12650099992570105
737,763,1500,0.12653402755033213
736,766,1502,0.12658472014600802
734,776,1510,0.12663667071822862
740,767,1507,0.12669173706274942
739,767,1506,0.12672969163092904
739,760,1499,0.1267638396515604
728,766,1494,0.12679228337631632
726,774,1500,0.12684356384258744
728,777,1505,0.1268972288511021
724,772,1496,0.12694298713727703
721,778,1499,0.12699168413024917
721,779,1500,0.12704375179199506
731,776,1507,0.12709300126342657
723,783,1506,0.12711894238563423
724,775,1499,0.12715842153829823
729,779,1508,0.12719373207375403
730,782,1512,0.12721453451703046
720,784,1504,0.12722997112597795
698,784,1482,0.12726643195360196
700,788,1488,0.12735161138890114
715,786,1501,0.12742682756664994
728,776,1504,0.12746169935559995
732,778,1510,0.12745990166779034
733,778,1511,0.12744867010764493
731,777,1508,0.1274377919036875
727,781,1508,0.1274376455525519
725,777,1502,0.12744744406348527
737,785,1522,0.12745963638653113
736,774,1510,0.12744097857546094
730,778,1508,0.12742574239154256
723,779,1502,0.1274225222083956
719,775,1494,0.1274356812449123
722,773,1495,0.1274576412883831
722,769,1491,0.12747110033097558
721,775,1496,0.12748452530564858
729,776,1505,0.1274968408385865
728,765,1493,0.1274902593991849
725,768,1493,0.12748972721651908
725,778,1503,0.12749600404824796
713,774,1487,0.12750349894492335
725,784,1509,0.1275370853812035
730,779,1509,0.1275437606991526
735,772,1507,0.12753701279818286
734,774,1508,0.12751814378531953
735,776,1511,0.12750388188022654
737,773,1510,0.12748752000676006
730,769,1499,0.12746754948913414
730,783,1513,0.12746573379107612
734,779,1513,0.1274621806100948
727,775,1502,0.12745106530731004
728,774,1502,0.12745254629407815
723,779,1502,0.12745163657299022
727,781,1508,0.1274643051789548
727,778,1505,0.1274661449260816
726,784,1510,0.12746608218037733
711,790,1501,0.1274689261703733
705,783,1488,0.12750605241302146
707,777,1484,0.12755723129658542
723,778,1501,0.12759994457728266
719,781,1500,0.12760162535497158
718,786,1504,0.12761286222719845
720,783,1503,0.12762623004008045
724,774,1498,0.12763543393418683
723,783,1506,0.12763164473830912
719,785,1504,0.12763055814323046
723,790,1513,0.12763724799553816
728,785,1513,0.12763249193845336
731,783,1514,0.12761682493957135
723,789,1512,0.12759912397173143
720,791,1511,0.12760287381901697
733,774,1507,0.12761318268334734
736,774,1510,0.12759096102419704
729,771,1500,0.12756231458989067
722,769,1491,0.12755181420966522
720,767,1487,0.127557430375396
721,769,1490,0.1275678450117224
713,774,1487,0.12757177342212714
714,775,1489,0.12759538421260416
726,766,1492,0.12761484582332655
732,781,1513,0.1276052006322915
728,788,1516,0.12758119183964267
732,787,1519,0.1275700760789749
726,786,1512,0.12755267007666224
732,788,1520,0.12755468232152903
731,776,1507,0.12754357371778885
724,771,1495,0.127535989802769
729,783,1512,0.12754499466669447
728,782,1510,0.12753881275931578
717,791,1508,0.12753759856363903
723,799,1522,0.12756343086967847
716,790,1506,0.12757484159130802
723,785,1508,0.12760109224330665
726,792,1518,0.12760716363680985
730,784,1514,0.12760588331238018
722,784,1506,0.12759548948244365
719,786,1505,0.12760431936467698
726,782,1508,0.12761684994769623
715,780,1495,0.1276152774869785
721,784,1505,0.1276382094299625
734,787,1521,0.1276434603337956
730,789,1519,0.12761657593797915
729,786,1515,0.12760027749376296
730,784,1514,0.12758761523907938
731,782,1513,0.1275730826943104
731,786,1517,0.12756004711365207
729,781,1510,0.12755055658821624
726,785,1511,0.12754905577327563
734,780,1514,0.12755707699456684
729,779,1508,0.1275426495545244
718,787,1505,0.12753917368775142
724,777,1501,0.1275625090586305
720,766,1486,0.1275669475399103
710,772,1482,0.12758079772283662
720,777,1497,0.1276151742298557
717,790,1507,0.12762275336543144
728,786,1514,0.1276344911038438
731,775,1506,0.12761787965861424
729,779,1508,0.12759790593741374
741,783,1524,0.12758509117365424
730,783,1513,0.12754914531311673
728,791,1519,0.12754356849456486
727,786,1513,0.1275440444744425
724,790,1514,0.1275463111197154
718,792,1510,0.12755679356614819
706,786,1492,0.12757891274407349
720,785,1505,0.12762526932006102
717,781,1498,0.1276351880967114
717,792,1509,0.12765323070587642
711,790,1501,0.12767163172135962
712,795,1507,0.12770315863524362
706,801,1507,0.12773038205657078
699,803,1502,0.12777254935425766
700,796,1496,0.12782955664606852
692,798,1490,0.12787948668779156
689,804,1493,0.12794358561012845
694,806,1500,0.12800970060825975
688,802,1490,0.12805940825555875
697,810,1507,0.12812036654466066
691,808,1499,0.1281547023952053
691,812,1503,0.12820135786481873
693,817,1510,0.12824710001263753
704,821,1525,0.12828583438911814
696,820,1516,0.1282942305465179
693,821,1514,0.1283225071606897
681,819,1500,0.12835439634479695
688,819,1507,0.12841159591206147
687,825,1512,0.12845263114383149
699,828,1527,0.12849230574194762
692,826,1518,0.12850077776045718
688,836,1524,0.12852624028208517
675,831,1506,0.12856035482931857
677,834,1511,0.12862153533249182
687,829,1516,0.12867584160542575
679,835,1514,0.12870372721796197
681,841,1522,0.12874864664102828
679,835,1514,0.12878665828555663
681,830,1511,0.12882886508874164
677,831,1508,0.1288620511300894
674,825,1499,0.12890006133361748
676,829,1505,0.12894071665369533
676,833,1509,0.12897203186623118
674,835,1509,0.12899876088182363
677,823,1500,0.12902920420026312
680,828,1508,0.12905236446595114
680,825,1505,0.12906992647106136
679,838,1517,0.1290862751940596
679,837,1516,0.1291046255348275
675,843,1518,0.12912154566457354
678,846,1524,0.1291480240996832
681,841,1522,0.1291670628289746
675,841,1516,0.12917738661333933
676,838,1514,0.1292013440829407
687,832,1519,0.12922208256507603
677,834,1511,0.12921616054412735
683,836,1519,0.12923475042696939
678,838,1516,0.12923774504766225
679,825,1504,0.12924939773520466
681,832,1513,0.12925818233782574
683,830,1513,0.12926032329026219
677,833,1510,0.12925620915491723
672,820,1492,0.1292649614121888
679,824,1503,0.12928472446461767
676,840,1516,0.12928824571442335
667,833,1500,0.12929870839537347
669,838,1507,0.12933050524780745
661,835,1496,0.12935750840454308
666,834,1500,0.12940213015584892
677,830,1507,0.12943243118204129
679,833,1512,0.1294318477316766
673,831,1504,0.12942821755027506
670,840,1510,0.12943739543723504
660,835,1495,0.12944921646524332
651,846,1497,0.12948502670218764
658,835,1493,0.12954105696979082
659,839,1498,0.12957440983777535
666,842,1508,0.1295994401809131
663,843,1506,0.12960915801509143
656,847,1503,0.12962749242243235
656,848,1504,0.12966161074753646
652,867,1519,0.12969287576691652
637,865,1502,0.12973323255385963
640,866,1506,0.12980832899988992
638,858,1496,0.12986761915255435
642,866,1508,0.1299276541033891
645,863,1508,0.12997218424551057
644,873,1517,0.13000755005884881
651,870,1521,0.13004506100885307
643,860,1503,0.13006561982853873
640,860,1500,0.13010383984205384
635,864,1499,0.13014669239971838
642,874,1516,0.13019849602092898
642,874,1516,0.13022812481183457
641,874,1515,0.13025681119095683
640,874,1514,0.13028921385802666
642,886,1528,0.1303242596578759
632,885,1517,0.13035135442162105
629,881,1510,0.13040190216088932
630,882,1512,0.13045474855143227
626,883,1509,0.13050069532234307
623,886,1509,0.13055384762797032
619,878,1497,0.13061039524125845
618,878,1496,0.13067248482547314
626,878,1504,0.13073087205176845
621,887,1508,0.13076518140439028
619,888,1507,0.13080763066817297
614,886,1500,0.1308512901206088
607,885,1492,0.1309053490146895
620,891,1511,0.13097418955620058
617,882,1499,0.13100492526691684
615,883,1498,0.13104067322843257
617,872,1489,0.13107944571328262
611,885,1496,0.13110907856473145
615,895,1510,0.1311524198391199
625,897,1522,0.131184579965146
625,900,1525,0.1311929933196088
612,898,1510,0.13120158579554836
609,895,1504,0.13123979559046117
612,907,1519,0.13128216866254244
604,905,1509,0.131314284062176
603,906,1509,0.13136442126353118
601,903,1504,0.13141714579678956
604,910,1514,0.13147212907912156
595,914,1509,0.13151631698028843
597,917,1514,0.13157803823858352
591,915,1506,0.13162906923027765
586,917,1503,0.13168952731346964
584,921,1505,0.13175897827923838
587,913,1500,0.13182583189072947
589,908,1497,0.13188126205422915
598,913,1511,0.13192733994177902
596,917,1513,0.13194829124340693
592,915,1507,0.13197336318841732
589,931,1520,0.13200718684459786
591,930,1521,0.1320473518906915
578,932,1510,0.1320801776919842
574,929,1503,0.13214031589289527
581,918,1499,0.1322059126429629
578,930,1508,0.13225230640412597
575,932,1507,0.1323028072383675
565,924,1489,0.13235686670440625
565,941,1506,0.1324309876971629
571,924,1495,0.13250127406471365
573,926,1499,0.1325524839073575
571,931,1502,0.13259585582473615
568,928,1496,0.13264224178369136
572,922,1494,0.13269162336464832
574,927,1501,0.13272714156393145
559,959,1518,0.13275558678636756
556,968,1524,0.132817181884712
551,960,1511,0.1328838410484087
550,963,1513,0.1329569612235949
556,946,1502,0.1330278563932511
557,951,1508,0.13308227364626776
550,953,1503,0.1331315981157325
546,962,1508,0.13319127975426157
544,957,1501,0.13325700769294
543,964,1507,0.1333223178389054
539,967,1506,0.1333860497843647
538,963,1501,0.1334551162341038
537,962,1499,0.13352280735132652
538,968,1506,0.13358718993456062
535,973,1508,0.13364271112506174
531,972,1503,0.13370273044119482
535,966,1501,0.13376682251193295
534,964,1498,0.13381447868554738
538,978,1516,0.13385992737532015
539,975,1514,0.13389261615405296
529,977,1506,0.13392242573586915
528,974,1502,0.13397271167710847
528,973,1501,0.13402193654029976
533,978,1511,0.13407130682142
537,970,1507,0.1341073806399836
532,970,1502,0.13413067245595922
539,975,1514,0.13416422904326863
537,972,1509,0.13418002757038094
543,974,1517,0.13420127227802445
534,964,1498,0.13420651398423777
527,971,1498,0.13423196345708927
530,971,1501,0.13427118089882448
527,976,1503,0.13430123485678158
526,990,1516,0.13433594061288118
527,990,1517,0.13437142204182304
522,991,1513,0.1344019010268007
524,997,1521,0.1344452549445334
527,990,1517,0.13448161057889974
524,978,1502,0.13450990254608677
525,999,1524,0.13454126333480632
521,995,1516,0.13456705355088286
529,1001,1530,0.13460117193962767
521,997,1518,0.13461490972129606
521,991,1512,0.13464690797879972
521,998,1519,0.13467845331904282
515,998,1513,0.1347074945766921
518,1004,1522,0.13474607284438975
512,1009,1521,0.1347778057689438
511,999,1510,0.13482081950580105
509,1000,1509,0.13486101738307688
508,999,1507,0.13490541719675955
508,1002,1510,0.1349500381937482
506,1011,1517,0.13499174968576727
518,1013,1531,0.1350323855086958
516,1010,1526,0.13504424327418918
510,1007,1517,0.13506065824753213
511,1012,1523,0.13508856823657875
509,1011,1520,0.13511408601211186
507,1003,1510,0.13514281967840489
511,996,1507,0.13517452237775612
515,997,1512,0.13519520582673825
508,994,1502,0.1352027119454208
505,997,1502,0.13522459233496034
504,999,1503,0.13525198816707676
502,1015,1517,0.13527997142150236
500,1016,1516,0.13530959272939808
499,1002,1501,0.13534295924219172
494,1005,1499,0.13537422103055344
500,1012,1512,0.1354164888088956
497,1011,1508,0.13544144965326563
498,1010,1508,0.13546993528323495
497,1012,1509,0.13549452218536195
504,1008,1512,0.1355204801783833
501,1015,1516,0.1355291792797947
497,1015,1512,0.1355469909060101
495,1006,1501,0.13557289408750026
501,1014,1515,0.1356019230190433
494,1014,1508,0.13561484740809324
489,1020,1509,0.13564247305798957
494,1026,1520,0.13568180978353925
484,1020,1504,0.13570754959570652
489,1025,1514,0.13575530847935632
491,1020,1511,0.135787754888678
485,1019,1504,0.13581135303681993
491,1021,1512,0.13584712995398454
492,1024,1516,0.1358678479618086
484,1024,1508,0.1358861651276898
480,1033,1513,0.13592332014341973
487,1020,1507,0.1359678091297549
490,1024,1514,0.13599275866508903
485,1026,1511,0.13600777984939197
483,1021,1504,0.13603365532109923
490,1038,1528,0.1360622621479883
492,1038,1530,0.1360705274625049
487,1032,1519,0.13607453338388062
488,1038,1526,0.13609093374591893
479,1028,1507,0.13610567896129752
484,1037,1521,0.13614131147842098
489,1035,1524,0.13616218963940463
480,1026,1506,0.13616932199363427
486,1028,1514,0.1361967412250089
486,1014,1500,0.13620631036959993
475,1022,1497,0.13621415203273085
476,1023,1499,0.13624813945140135
479,1018,1497,0.13627841279287883
480,1030,1510,0.13630000847839255
478,1029,1507,0.13631446052394985
490,1019,1509,0.1363326073013504
484,1018,1502,0.1363163969793134
483,1026,1509,0.13631617403626214
485,1030,1515,0.1363178176142799
481,1029,1510,0.1363179984166023
477,1027,1504,0.13632517451820012
472,1040,1512,0.13634229744023937
465,1034,1499,0.136371061595326
466,1036,1502,0.1364140397343992
465,1035,1500,0.13645324544245782
460,1054,1514,0.13649234388946835
453,1048,1501,0.1365417790526029
455,1047,1502,0.13660523816457007
454,1047,1501,0.1366587605423394
457,1050,1507,0.1367126077253313
455,1036,1491,0.13675599182446255
449,1060,1509,0.1368038022212977
461,1059,1520,0.13685974769727247
459,1065,1524,0.13688221851944257
456,1059,1515,0.13690595519806872
455,1056,1511,0.1369374028236211
459,1064,1523,0.13697016879138788
456,1065,1521,0.13699080783023837
457,1056,1513,0.13701876580054323
457,1062,1519,0.13704081024391915
453,1068,1521,0.1370596434269524
448,1071,1519,0.1370885470018181
440,1079,1519,0.13712770220352444
440,1081,1521,0.13718138699781612
430,1073,1503,0.1372337561078882
430,1081,1511,0.13730621441163218
421,1091,1512,0.13737698386497918
420,1088,1508,0.13746103302575383
421,1085,1506,0.13754257738313913
427,1083,1510,0.1376154762964469
423,1091,1514,0.13766819975452216
421,1095,1516,0.13772888531541297
422,1105,1527,0.13779118029094975
416,1105,1521,0.1378476350319675
420,1100,1520,0.13791539835907898
416,1097,1513,0.1379701071678605
414,1106,1520,0.13803135210725712
412,1099,1511,0.13809451869818112
412,1093,1505,0.1381551473285094
416,1102,1518,0.13821378101503767
416,1116,1532,0.13826137973330646
411,1112,1523,0.1383041875813076
417,1122,1539,0.1383571073854566
408,1115,1523,0.1383905090928822
404,1107,1511,0.1384432804042035
403,1117,1520,0.1385026203432081
398,1111,1509,0.13856007093804235
394,1109,1503,0.13862444091102868
395,1109,1504,0.138695139300011
396,1106,1502,0.13875805933440385
398,1119,1517,0.13881463006913844
403,1109,1512,0.13886239709674073
399,1115,1514,0.13889144582276516
394,1113,1507,0.13893002376675828
397,1100,1497,0.1389777218518719
395,1106,1501,0.13901432190012009
399,1110,1509,0.13905027675938736
399,1107,1506,0.1390758299957974
395,1106,1501,0.13910026556818067
397,1107,1504,0.13913389917283434
392,1119,1511,0.13916327159499858
393,1122,1515,0.13920245736272516
397,1117,1514,0.13923681279578304
393,1116,1509,0.1392542557278209
390,1116,1506,0.13927775978744564
390,1125,1515,0.13930849086403854
385,1125,1510,0.13933949363629666
384,1141,1525,0.1393816259404087
383,1140,1523,0.1394221859847351
377,1136,1513,0.1394600796526812
378,1137,1515,0.13951051046090437
380,1137,1517,0.1395549963621744
384,1141,1525,0.13959112769304136
376,1147,1523,0.13961824942573678
377,1148,1525,0.13966284054128963
375,1144,1519,0.13969970510516105
380,1148,1528,0.13974081430225244
375,1152,1527,0.13976898229279797
372,1154,1526,0.13980910460005497
367,1161,1528,0.13985441587717307
372,1157,1529,0.13990767799552056
368,1149,1517,0.13994595876078936
370,1149,1519,0.13999222023040814
370,1133,1503,0.14003168315069522
372,1131,1503,0.14006637466328586
373,1132,1505,0.14009352647108048
376,1148,1524,0.1401128040480573
378,1140,1518,0.14012301495937604
373,1135,1508,0.14012914984965893
376,1141,1517,0.1401466899302295
370,1153,1523,0.14015399649088378
372,1146,1518,0.1401749615135555
375,1155,1530,0.140192022860782
370,1144,1514,0.14020183549492748
367,1149,1516,0.14022262884802938
369,1149,1518,0.1402484656286869
372,1143,1515,0.14026840889571485
371,1139,1510,0.14027990788685596
369,1146,1515,0.1402923830286267
376,1143,1519,0.14030788335398434
377,1137,1514,0.14030672497494184
382,1124,1506,0.1403032967446945
383,1135,1518,0.14028769817389794
375,1151,1526,0.1402731506140244
374,1136,1510,0.1402807485911527
373,1144,1517,0.14029136301493156
371,1151,1522,0.14030337720388947
371,1145,1516,0.1403192506889859
369,1141,1510,0.14033449046411597
365,1143,1508,0.14035407603468364
357,1142,1499,0.14038118085502407
356,1130,1486,0.140425288266909
357,1134,1491,0.14046754295264527
356,1135,1491,0.1405032160261667
355,1146,1501,0.14053895127851374
360,1155,1515,0.1405723250332644
361,1162,1523,0.14059010014790796
356,1162,1518,0.1406037080499204
354,1154,1508,0.14062943670528205
354,1162,1516,0.14065889135492726
353,1153,1506,0.14068651205249838
354,1159,1513,0.14071341868867912
350,1153,1503,0.14073694797067549
350,1156,1506,0.14076798745392105
350,1159,1509,0.14079643891266397
356,1154,1510,0.14082386163934923
360,1146,1506,0.1408333839073958
360,1152,1512,0.14083380239757554
350,1140,1490,0.14083197462398048
344,1156,1500,0.14085536706304197
348,1152,1500,0.14089274502394553
347,1153,1500,0.14091778982996078
351,1157,1508,0.1409453764598768
350,1160,1510,0.14096161600136337
352,1160,1512,0.1409800492370455
355,1155,1510,0.14099382851251419
356,1147,1503,0.14099965842901732
353,1148,1501,0.14100402942777396
350,1157,1507,0.14101500948606105
347,1154,1501,0.14103025259658888
348,1150,1498,0.14105121006745638
343,1147,1490,0.14106931641131834
345,1153,1498,0.14109594081499516
339,1153,1492,0.14111172775566921
341,1157,1498,0.14114156758069504
347,1172,1519,0.14116580183267383
348,1165,1513,0.14117344443754656
347,1175,1522,0.14117907858201156
346,1175,1521,0.14118795978940046
345,1175,1520,0.14119703571261102
347,1176,1523,0.14120795570788133
345,1171,1516,0.14121485614589116
344,1171,1515,0.1412259933365755
344,1165,1509,0.1412399317162103
345,1178,1523,0.1412513628148242
350,1167,1517,0.14126201346802544
346,1163,1509,0.1412604444107941
344,1153,1497,0.14126834337117247
341,1164,1505,0.14127897966201425
345,1160,1505,0.14129707379635031
339,1172,1511,0.1413054247253601
336,1189,1525,0.1413261514974494
334,1180,1514,0.14135321235561416
334,1173,1507,0.141384824603314
336,1170,1506,0.14141164315073737
334,1177,1511,0.1414337772952179
327,1186,1513,0.14145978213103427
324,1199,1523,0.14150231023900828
325,1187,1512,0.14155134095921085
330,1193,1523,0.14159513326314127
330,1192,1522,0.14162170491717352
333,1188,1521,0.14164655932300677
329,1191,1520,0.14166393046703488
329,1190,1519,0.14168842200887335
330,1191,1521,0.14171412845567324
331,1192,1523,0.14173435650426616
335,1192,1527,0.14175178171943803
338,1184,1522,0.1417573050075728
335,1189,1524,0.14175764477125835
326,1193,1519,0.14176601172858438
326,1183,1509,0.1417944871965821
323,1181,1504,0.14182212970045577
318,1189,1507,0.14185387480552158
314,1196,1510,0.14189743739048905
311,1204,1515,0.14194521801218168
306,1194,1500,0.1419958305998519
315,1193,1508,0.1420546317061174
317,1200,1517,0.14208704692327567
312,1208,1520,0.14211328496601727
309,1211,1520,0.1421487692877781
312,1206,1518,0.1421905972589619
315,1202,1517,0.1422214886181732
318,1205,1523,0.14224430166043628
312,1206,1518,0.14225976067240878
311,1203,1514,0.14228982176123053
310,1201,1511,0.14232018761032855
305,1195,1500,0.14235006281207846
305,1204,1509,0.14238944515168994
304,1207,1511,0.1424235302913009
308,1206,1514,0.14245760242547972
310,1218,1528,0.14247973786249093
302,1209,1511,0.14249634913221385
300,1210,1510,0.14253217926806763
297,1208,1505,0.1425720373709793
291,1202,1493,0.14261669373766214
295,1216,1511,0.14267257566722175
293,1215,1508,0.14271425951410838
295,1215,1510,0.14275791961024795
299,1217,1516,0.14279315077600466
301,1231,1532,0.14281428931927156
300,1219,1519,0.14282953686127964
296,1221,1517,0.14284783290500624
292,1235,1527,0.1428725833307918
292,1235,1527,0.14290481960484094
289,1224,1513,0.14293624772961894
289,1210,1499,0.14297370568513537
293,1217,1510,0.14300812100870364
294,1212,1506,0.14302914013888446
291,1213,1504,0.14304653051164926
287,1223,1510,0.14307062457204453
289,1219,1508,0.14310012922334095
281,1228,1509,0.1431211846674819
280,1225,1505,0.1431598411510796
283,1232,1515,0.14320072819872723
288,1217,1505,0.1432310162159559
288,1218,1506,0.14324805266056834
280,1221,1501,0.14326478272207696
277,1231,1508,0.14330046120417556
269,1233,1502,0.14334203584188923
273,1246,1519,0.1433999068561361
271,1238,1509,0.14344581236531626
269,1225,1494,0.14349345057667218
271,1234,1505,0.1435425774788923
272,1239,1511,0.1435833194506789
272,1251,1523,0.14361896938333302
263,1241,1504,0.14364901184123943
261,1233,1494,0.14369864097167612
257,1235,1492,0.14375138702305928
263,1254,1517,0.14381053137776817
269,1263,1532,0.1438511208875663
271,1254,1525,0.14387410890213354
270,1258,1528,0.14389018460686986
270,1255,1525,0.1439076362007148
265,1258,1523,0.14392357324949767
264,1253,1517,0.14394883401104386
264,1260,1524,0.14397474344139835
267,1265,1532,0.14399802838973041
269,1250,1519,0.14401242275452802
263,1253,1516,0.1440224749316747
257,1259,1516,0.1440472030819449
261,1268,1529,0.14408601937021023
260,1258,1518,0.1441130067237499
262,1250,1512,0.14414128351276836
263,1247,1510,0.14416271332358396
262,1268,1530,0.1441795758469935
262,1255,1517,0.1441990474007179
256,1256,1512,0.14421928967142075
253,1256,1509,0.14425138296676412
258,1259,1517,0.14428915989754315
257,1267,1524,0.1443126791302075
251,1261,1512,0.1443355983276129
249,1266,1515,0.14437124120968978
260,1274,1534,0.14440988642367347
255,1249,1504,0.144418377650718
252,1259,1511,0.14443873699313087
252,1261,1513,0.14446459231462314
250,1264,1514,0.14448997016807508
254,1246,1500,0.1445193609221348
257,1253,1510,0.14453683891413602
253,1249,1502,0.14454526140951957
260,1259,1519,0.1445608982350576
259,1269,1528,0.14455952876813746
258,1264,1522,0.14456168089441823
255,1261,1516,0.14456783155855024
260,1261,1521,0.1445801987492249
262,1267,1529,0.14457940031062966
252,1258,1510,0.14457252671596524
251,1252,1503,0.14458848608359628
251,1248,1499,0.14460429899137683
252,1252,1504,0.14461911589523574
254,1251,1505,0.14462953041032506
251,1243,1494,0.14463520297936147
252,1249,1501,0.1446459048382775
249,1259,1508,0.14465464964134137
252,1261,1513,0.14467164246125502
250,1244,1494,0.14468092945485547
246,1253,1499,0.14469521036620198
240,1266,1506,0.1447179077741285
243,1265,1508,0.14475476016738253
247,1271,1518,0.14478117103629182
240,1270,1510,0.1447941834675348
241,1258,1499,0.14482239522572604
239,1264,1503,0.14484573028656827
238,1272,1510,0.14487290535555966
241,1272,1513,0.1449019505407871
239,1283,1522,0.1449227033526433
234,1287,1521,0.14494728134980414
235,1287,1522,0.14498377541285573
233,1285,1518,0.14501538358879626
235,1282,1517,0.14504969073405433
232,1304,1536,0.14507727439054738
232,1288,1520,0.14510932698760015
239,1295,1534,0.14513855363089864
236,1300,1536,0.1451492266622478
228,1298,1526,0.1451647719200774
229,1295,1524,0.14519930077401275
232,1293,1525,0.14522975164524424
234,1289,1523,0.14524999970614735
233,1276,1509,0.14526430489517586
232,1270,1502,0.1452795242582079
235,1277,1512,0.14529759329237107
233,1276,1509,0.1453059426231374
236,1285,1521,0.14531816304993866
230,1282,1512,0.14532156422633907
233,1286,1519,0.14533959070719468
233,1290,1523,0.1453489094022699
238,1281,1519,0.14535757963950846
241,1279,1520,0.1453529777430001
237,1269,1506,0.1453429544829584
237,1273,1510,0.14534466071634455
238,1267,1505,0.14534680859801427
241,1273,1514,0.14534874756883698
231,1279,1510,0.14534367581545776
231,1282,1513,0.14536212783693667
228,1283,1511,0.14538127804786563
225,1282,1507,0.14540514914875702
221,1286,1507,0.14543299498346088
223,1283,1506,0.14546820674110866
222,1290,1512,0.14549538807112264
223,1296,1519,0.1455243367272382
216,1298,1514,0.1455476765747707
212,1299,1511,0.14558660638287219
213,1299,1512,0.14563207593120248
212,1300,1512,0.14567249518850003
211,1305,1516,0.14571278408270438
217,1300,1517,0.1457540136542182
218,1307,1525,0.14577833571531318
219,1298,1517,0.14579803498920524
215,1291,1506,0.1458132451804814
208,1296,1504,0.1458369222898431
204,1306,1510,0.14587664629083816
200,1315,1515,0.14592348022340831
204,1324,1528,0.14597708517725938
209,1330,1539,0.14601594120451464
205,1322,1527,0.14604025950460411
201,1317,1518,0.14607257123716802
198,1321,1519,0.14611386443729388
201,1329,1530,0.14616035369546806
201,1319,1520,0.1461967813151804
196,1316,1512,0.14623138096930619
194,1316,1510,0.14627589733255453
190,1318,1508,0.14631911499566852
188,1322,1510,0.1463695428492601
188,1324,1512,0.14642141010666515
186,1322,1508,0.14647009984694434
179,1307,1486,0.14652048896823713
184,1321,1505,0.14658401513604638
187,1316,1503,0.14663036264140547
186,1322,1508,0.14666457534791938
187,1318,1505,0.1466988460746937
185,1311,1496,0.14672958268989497
187,1320,1507,0.1467632333421237
192,1333,1525,0.14679177558181783
191,1335,1526,0.14680621636602273
194,1339,1533,0.14682376121823532
197,1342,1539,0.14683055417162597
194,1335,1529,0.14682935402992997
194,1334,1528,0.14683588605851677
189,1335,1524,0.14684222584489517
190,1317,1507,0.14686105579827222
185,1317,1502,0.14687802500982391
180,1323,1503,0.14690558355520048
181,1323,1504,0.1469434495470669
183,1311,1494,0.14697627487137893
179,1327,1506,0.14699895812453298
177,1328,1505,0.1470274130917394
181,1320,1501,0.14706018201131252
179,1320,1499,0.14708115024982774
177,1325,1502,0.14710659435098608
177,1334,1511,0.14713627504012472
182,1341,1523,0.1471629830748974
181,1334,1515,0.1471745201276284
180,1339,1519,0.1471881028183634
184,1326,1510,0.14720328969486043
185,1325,1510,0.1472082723376377
189,1326,1515,0.14721213887363757
188,1346,1534,0.14720397846831604
189,1340,1529,0.14719841580314139
196,1329,1525,0.147191019751092
195,1335,1530,0.1471662373160224
194,1324,1518,0.14714595620734428
195,1324,1519,0.1471300098770314
193,1311,1504,0.14711352327550262
189,1318,1507,0.14710256420172788
189,1308,1497,0.147100376471359
190,1318,1508,0.1470984631093664
191,1313,1504,0.1470945852774949
190,1323,1513,0.14708983245231336
186,1342,1528,0.14709015942719827
183,1341,1524,0.14709993886326392
184,1331,1515,0.14711683117132637
186,1326,1512,0.1471294507316828
191,1323,1514,0.1471332187927709
194,1322,1516,0.14712327820088583
195,1312,1507,0.14710611750816072
197,1305,1502,0.14708724421630842
195,1311,1506,0.147065660457518
191,1312,1503,0.1470493483081196
191,1307,1498,0.14704359920489934
189,1306,1495,0.147037187712616
186,1296,1482,0.14703669469395783
188,1303,1491,0.147044422830086
185,1301,1486,0.14704609525962645
186,1325,1511,0.1470562812226234
189,1327,1516,0.1470640172347114
188,1324,1512,0.1470645142876824
186,1326,1512,0.1470684138434943
187,1325,1512,0.14707744300701228
185,1348,1533,0.14708366907437256
184,1345,1529,0.14709476027412938
191,1340,1531,0.14710820706290537
191,1341,1532,0.1471022900137365
190,1329,1519,0.14709744067328542
187,1336,1523,0.14709693397385656
184,1332,1516,0.1471030374330897
182,1338,1520,0.1471180573282302
183,1339,1522,0.14713816463964516
180,1337,1517,0.14715486819158585
180,1349,1529,0.14717639249072106
179,1337,1516,0.14719577623810529
176,1348,1524,0.14721763852542463
175,1354,1529,0.14724491470083997
180,1350,1530,0.14727322061773107
179,1350,1529,0.1472876891570404
176,1343,1519,0.14730234911695989
172,1340,1512,0.1473231878087663
170,1345,1515,0.14735198678691008
173,1330,1503,0.14738228540769346
173,1320,1493,0.14740467790199321
171,1338,1509,0.1474265590041707
173,1345,1518,0.14745283102057313
176,1336,1512,0.14747079826983242
178,1342,1520,0.14748175788903636
179,1343,1522,0.14748682747113936
178,1340,1518,0.14748705718460378
179,1346,1525,0.14749049103287665
173,1352,1525,0.1474914742006564
171,1355,1526,0.14750755651976913
168,1344,1512,0.1475271808117007
170,1352,1522,0.14755306928575404
166,1348,1514,0.14757279832563155
167,1339,1506,0.14759986109168793
164,1336,1500,0.14762311715702806
163,1339,1502,0.1476528376079957
170,1342,1512,0.14768351979972277
171,1352,1523,0.1476920711685867
170,1347,1517,0.1476971637053187
170,1339,1509,0.14770106021513754
169,1337,1506,0.14770539650234235
169,1347,1516,0.1477115619403781
171,1345,1516,0.14771707547464627
166,1343,1509,0.1477184785732558
166,1344,1510,0.1477328746303008
163,1353,1516,0.14774785355485445
159,1352,1511,0.14776957496182547
156,1349,1505,0.14779911708076504
158,1361,1519,0.14783412082321323
157,1346,1503,0.14786285193791815
160,1340,1500,0.14788882724872926
158,1352,1510,0.14790494958015696
155,1348,1503,0.14792516574882733
159,1349,1508,0.14795237890868596
155,1369,1524,0.14796914972158048
153,1369,1522,0.14799518441782183
148,1371,1519,0.148025827653019
150,1373,1523,0.1480655071424808
147,1362,1509,0.1480978759569396
147,1377,1524,0.1481349353258322
151,1368,1519,0.14816802811279894
150,1364,1514,0.14818976052995153
150,1355,1505,0.14821427603278292
146,1353,1499,0.14823708363547772
148,1363,1511,0.1482670470438033
145,1349,1494,0.14829131445473134
145,1350,1495,0.14832192223168714
149,1367,1516,0.1483518259551893
149,1364,1513,0.14836787723079692
149,1359,1508,0.14838287160898253
152,1366,1518,0.1483979967008339
152,1368,1520,0.14840473484360608
152,1363,1515,0.14840938129111278
149,1366,1515,0.14841268617614414
151,1369,1520,0.1484231205080449
149,1371,1520,0.14842764112168505
146,1355,1501,0.14843600344865548
145,1363,1508,0.1484513193145801
143,1372,1515,0.14846891373982316
143,1375,1518,0.14848961757164753
142,1378,1520,0.14850803700924362
144,1376,1520,0.14852630884912765
146,1372,1518,0.14853853456784993
148,1373,1521,0.14854571795196791
149,1368,1517,0.1485464950997093
149,1373,1522,0.14854492025284582
146,1369,1515,0.14854333379215415
145,1364,1509,0.14855051697725535
142,1367,1509,0.14856031787408053
138,1370,1508,0.14857652621373763
132,1376,1508,0.14860191257832964
132,1373,1505,0.14864019298958325
135,1375,1510,0.148677478728809
135,1370,1505,0.14870434783545636
135,1372,1507,0.1487297678788355
135,1378,1513,0.14875418641288396
136,1379,1515,0.14877815556967147
133,1368,1501,0.14879660308460108
134,1376,1510,0.14882166674536035
138,1380,1518,0.14884208931953327
137,1383,1520,0.1488497965484604
135,1384,1519,0.14885924998813238
130,1388,1518,0.14887408980991634
128,1391,1519,0.14890100306704926
127,1388,1515,0.148932019811566
129,1394,1523,0.14896451834284913
127,1392,1519,0.14898981538953188
126,1391,1517,0.14901832037208565
121,1383,1504,0.14904664978451143
123,1390,1513,0.14908643682675657
117,1394,1511,0.14911799932158215
118,1389,1507,0.14916139051352206
119,1387,1506,0.14919859965830237
120,1378,1498,0.14923132394838126
122,1384,1506,0.14925866912811486
122,1385,1507,0.14927806812265842
122,1392,1514,0.14929626176481772
122,1400,1522,0.14931392190613535
122,1409,1531,0.1493300525789263
117,1394,1511,0.14934491083992973
116,1399,1515,0.1493697575851903
116,1404,1520,0.1493966144119324
118,1411,1529,0.1494228780010096
115,1408,1523,0.14944199336294037
120,1410,1530,0.1494676872295273
119,1412,1531,0.14948022593721755
120,1409,1529,0.14949525482219814
117,1396,1513,0.149505518248926
118,1394,1512,0.14952131198634927
119,1390,1509,0.14953332712621986
114,1387,1501,0.1495429373797762
116,1395,1511,0.14956336829691438
115,1400,1515,0.14957838591884412
114,1399,1513,0.14959645818744097
114,1402,1516,0.1496160938752569
114,1401,1515,0.1496348417208613
113,1406,1519,0.14965108400372965
114,1404,1518,0.14967006835391766
116,1396,1512,0.14968456831223143
116,1405,1521,0.14969338514854594
108,1405,1513,0.1497006295557696
108,1405,1513,0.14972536198411993
106,1388,1494,0.14974832504943916
107,1389,1496,0.14977650326505926
108,1402,1510,0.14979897335546177
107,1397,1504,0.14981686742419784
108,1399,1507,0.14983667955110164
106,1406,1512,0.14985315064327814
107,1414,1521,0.1498741616490107
105,1423,1528,0.14989049794964024
99,1409,1508,0.149911968052486
97,1416,1513,0.1499445480512117
96,1429,1525,0.1499796923674069
96,1427,1523,0.1500162945301014
97,1411,1508,0.15005076988690658
101,1415,1516,0.15007925099073827
102,1414,1516,0.15009698151958337
103,1415,1518,0.15011125686759874
102,1416,1518,0.15012334290516546
100,1417,1517,0.15013682249737734
99,1410,1509,0.15015400242407687
99,1422,1521,0.1501729382992347
100,1417,1517,0.15019049224023814
102,1416,1518,0.15020448498435615
99,1420,1519,0.15021178289256149
101,1421,1522,0.15022590475596084
97,1410,1507,0.15023324480887099
99,1407,1506,0.1502512322814339
100,1413,1513,0.15026276775843223
99,1409,1508,0.15027065499733488
95,1415,1510,0.15028080716590683
95,1405,1500,0.15030094819030143
94,1406,1500,0.15031960313110332
95,1417,1512,0.1503390377955796
96,1420,1516,0.15035387502162986
95,1427,1522,0.15036494808271592
92,1424,1516,0.15037739589432653
94,1434,1528,0.15039818407522534
94,1435,1529,0.15041277300370842
94,1427,1521,0.1504266257722882
92,1420,1512,0.15044059744911883
87,1432,1519,0.15045982242450603
82,1434,1516,0.15048744717285273
82,1444,1526,0.15052511944578303
80,1439,1519,0.15056113407066274
81,1428,1509,0.1505999142919172
78,1440,1518,0.15063437010277805
77,1441,1518,0.15067298408506713
79,1442,1521,0.15071079574998428
76,1443,1519,0.1507420477227792
77,1431,1508,0.15077736693093174
79,1451,1530,0.15080900995806779
80,1446,1526,0.15083445751878394
81,1452,1533,0.15085506810688126
80,1438,1518,0.15087131403698278
80,1448,1528,0.15088806653858464
80,1442,1522,0.1509033474858979
81,1445,1526,0.15091864427882687
79,1436,1515,0.15093179199889944
80,1438,1518,0.15094679631710817
82,1443,1525,0.1509574802652766
82,1434,1516,0.1509639084287181
82,1440,1522,0.1509682344161235
87,1436,1523,0.15097393560045724
87,1439,1526,0.15096571126770192
87,1442,1529,0.1509587916091607
85,1441,1526,0.15095337294284483
84,1441,1525,0.15095287440776528
83,1449,1532,0.1509538218507705
81,1450,1531,0.15095663217333408
81,1447,1528,0.15096500530507395
81,1438,1519,0.1509738081424535
80,1448,1528,0.1509816707476287
75,1451,1526,0.15099249049424684
76,1452,1528,0.15101322343345383
81,1447,1528,0.15103119187468092
79,1446,1525,0.1510337845370123
83,1445,1528,0.15104263702441825
81,1437,1518,0.15103926574018087
84,1446,1530,0.1510416491134966
83,1445,1528,0.15103693031936882
84,1438,1522,0.1510341627310019
85,1443,1528,0.1510274614400628
84,1442,1526,0.15102021137458657
81,1441,1522,0.15101650182939053
80,1448,1528,0.15102117459575384
79,1432,1511,0.15102826378550685
81,1437,1518,0.15103805453783992
81,1435,1516,0.1510408742578618
81,1438,1519,0.15104289377485045
79,1449,1528,0.15104431479059946
82,1442,1524,0.15105170629496623
80,1442,1522,0.1510506092726798
82,1436,1518,0.15105509536006465
80,1437,1517,0.15105437228753302
83,1439,1522,0.15105936566611025
78,1437,1515,0.15105604929006244
76,1434,1510,0.1510651073140673
74,1433,1507,0.15107784194811275
75,1430,1505,0.15109477729203885
76,1422,1498,0.1511090028148543
75,1417,1492,0.15112035121987397
76,1425,1501,0.15113329064514716
76,1420,1496,0.15114341983317225
73,1435,1508,0.15115263569028387
72,1438,1510,0.15116950204946958
72,1440,1512,0.1511882043334689
72,1444,1516,0.15120449891801926
73,1453,1526,0.1512193265719221
75,1448,1523,0.15123145189539403
74,1450,1524,0.15123678506877442
73,1449,1522,0.15124489705293798
71,1452,1523,0.15125438450802245
74,1453,1527,0.15126885750592486
73,1438,1511,0.1512752856140402
71,1443,1514,0.15128426355038738
68,1444,1512,0.1512986560328378
68,1455,1523,0.1513195115983925
68,1452,1520,0.15133953301332614
70,1453,1523,0.15135776314647972
68,1448,1516,0.15137071701281246
68,1455,1523,0.1513877325243818
68,1455,1523,0.15140227034242848
68,1460,1528,0.151415474122502
71,1451,1522,0.15142744228709776
69,1449,1518,0.15142957666939683
68,1451,1519,0.15143680642744387
70,1449,1519,0.15144346703570985
68,1451,1519,0.15144531419405005
68,1440,1508,0.15145306677619572
69,1432,1501,0.1514607944216281
69,1425,1494,0.15146563738140975
73,1427,1500,0.1514695282388887
74,1430,1504,0.15146158496066695
70,1444,1514,0.15145132065532954
72,1431,1503,0.15145255145885364
72,1433,1505,0.15144865462646095
72,1434,1506,0.1514449384364318
73,1447,1520,0.15144155557058933
74,1449,1523,0.1514362650099313
75,1445,1520,0.1514300239652615
74,1440,1514,0.1514209810571175
73,1445,1518,0.15141567324959812
71,1440,1511,0.15141393233907707
68,1455,1523,0.151417557575945
69,1451,1520,0.1514291175308527
67,1448,1515,0.15143807611402244
67,1450,1517,0.1514513748954227
66,1443,1509,0.15146336043131245
64,1441,1505,0.15147717984053238
65,1449,1514,0.15149596697638398
65,1442,1507,0.1515117065603765
62,1452,1514,0.15152694129720035
60,1461,1521,0.15154605251917552
63,1457,1520,0.15156887684954876
64,1459,1523,0.15158200527661225
64,1453,1517,0.1515920734485724
65,1463,1528,0.15160009614068057
65,1450,1515,0.15160438202168064
63,1449,1512,0.15160780195976667
62,1457,1519,0.15161668627015734
63,1456,1519,0.15162797348301754
63,1454,1517,0.1516358819006749
62,1472,1534,0.15164306694779733
64,1467,1531,0.15165283773927107
62,1452,1514,0.15165813824841756
63,1437,1500,0.1516684517043399
61,1447,1508,0.15167552895842829
61,1441,1502,0.15168593931047497
61,1444,1505,0.15169490519041026
61,1439,1500,0.1517039049676057
62,1429,1491,0.15171256853629975
62,1438,1500,0.151718003638023
62,1428,1490,0.15172352822635116
60,1427,1487,0.15172838528969856
62,1431,1493,0.15173696120904123
61,1446,1507,0.1517397216290001
63,1457,1520,0.15174465394406167
62,1452,1514,0.1517436818104853
60,1447,1507,0.1517462974821865
57,1446,1503,0.15175403528590808
57,1444,1501,0.1517692949208056
62,1462,1524,0.15178427366363711
65,1457,1522,0.1517842606690818
64,1466,1530,0.15177655285834668
62,1450,1512,0.15177144599236564
62,1453,1515,0.15177116600828755
62,1455,1517,0.15177053031719576
62,1462,1524,0.15177096662115042
62,1464,1526,0.15177154324460923
58,1462,1520,0.15177258974550653
57,1467,1524,0.15178313873314975
58,1466,1524,0.15179512373032453
58,1458,1516,0.15180539638214127
57,1465,1522,0.15181491282806986
59,1466,1525,0.15182663652686532
58,1476,1534,0.1518324482205196
58,1455,1513,0.15184017919263437
57,1454,1511,0.15184765425646646
56,1468,1524,0.15185750566394673
54,1463,1517,0.1518685140720783
56,1452,1508,0.15188381260655734
57,1451,1508,0.1518933610903731
57,1465,1522,0.15190055642256414
54,1472,1526,0.15190571124686975
53,1467,1520,0.15191827494253762
53,1464,1517,0.15193286310700224
53,1449,1502,0.151946066861854
54,1453,1507,0.15195835178166386
52,1458,1510,0.15196732936529897
54,1469,1523,0.1519806374793892
52,1465,1517,0.15198881089142313
51,1471,1522,0.15200035602449166
51,1473,1524,0.15201426116219913
53,1474,1527,0.1520279115832327
55,1457,1512,0.15203553089932584
55,1459,1514,0.1520384817920495
56,1457,1513,0.1520418642898886
56,1459,1515,0.1520412196719264
56,1457,1513,0.15204132733484724
54,1459,1513,0.15204095593156855
53,1457,1510,0.152045608589522
53,1452,1505,0.15205349997168813
52,1460,1512,0.15206141857686695
53,1462,1515,0.15207144562003497
53,1461,1514,0.15207885999621243
51,1467,1518,0.15208510364361977
50,1471,1521,0.15209571768830205
50,1471,1521,0.15210836422378332
50,1475,1525,0.1521205994542544
50,1457,1507,0.15213106187621472
48,1467,1515,0.1521413061941783
46,1466,1512,0.15215560078856097
48,1473,1521,0.15217369195734365
45,1474,1519,0.15218534325946795
44,1477,1521,0.1522030270274742
42,1481,1523,0.15222215720400928
44,1477,1521,0.15224480026481021
45,1484,1529,0.15226073808632937
47,1466,1513,0.1522738264634233
45,1466,1511,0.1522807346144001
46,1460,1506,0.15229200554184363
46,1465,1511,0.1522997434750856
43,1468,1511,0.15230742932785332
43,1483,1526,0.1523217511288959
44,1465,1509,0.15233472747159096
44,1468,1512,0.15234491745252104
43,1461,1504,0.1523545213325757
44,1463,1507,0.15236511251954465
43,1478,1521,0.15237320709930963
41,1476,1517,0.15238343376457827
40,1474,1514,0.15239805269781098
41,1481,1522,0.15241427164522642
40,1478,1518,0.15242694421956154
40,1484,1524,0.1524408852658681
37,1483,1520,0.1524543389581993
36,1473,1509,0.15247394651529814
36,1492,1528,0.15249512270444476
38,1488,1526,0.15251522766497883
38,1482,1520,0.15252780532715624
40,1486,1526,0.1525400051076855
40,1495,1535,0.15254538804393591
40,1478,1518,0.15255096198962087
40,1472,1512,0.15255666534541837
41,1476,1517,0.1525607662843467
41,1474,1515,0.15256196794928906
39,1473,1512,0.15256369114395207
39,1466,1505,0.15257015829557288
38,1461,1499,0.152576513079264
38,1479,1517,0.1525850993109057
37,1479,1516,0.15259357981178787
35,1487,1522,0.15260407256249586
36,1493,1529,0.15261864922520857
37,1476,1513,0.15263035292166824
37,1474,1511,0.15263871481346758
36,1474,1510,0.15264577657819778
35,1469,1504,0.15265496047487465
35,1489,1524,0.152666124743688
35,1488,1523,0.15267694145860974
35,1473,1508,0.15268721868755045
34,1476,1510,0.15269627438661038
34,1490,1524,0.15270721246260344
32,1489,1521,0.15271780506880084
32,1488,1520,0.15273252409859028
33,1475,1508,0.15274560951181593
34,1484,1518,0.15275507839938693
33,1493,1526,0.15276189798903256
35,1492,1527,0.152771628299398
38,1491,1529,0.15277475627544454
38,1493,1531,0.15276907128380815
38,1494,1532,0.1527643668977781
37,1486,1523,0.15275967836560278
36,1481,1517,0.152758009868681
36,1477,1513,0.15275916977894152
36,1472,1508,0.1527584201032114
36,1470,1506,0.15275829634849625
37,1470,1507,0.15275865970161845
36,1472,1508,0.1527559653095568
35,1470,1505,0.1527562532648913
34,1465,1499,0.15276016837980347
34,1476,1510,0.15276496493024613
33,1473,1506,0.1527694128466229
33,1474,1507,0.15277550388440025
34,1496,1530,0.15278159808493363
34,1502,1536,0.15278523101419025
34,1490,1524,0.15278881273246117
34,1489,1523,0.1527926922768557
35,1494,1529,0.15279680191937411
36,1488,1524,0.15279860724248157
35,1496,1531,0.15279811540055485
34,1487,1521,0.1528004268598984
33,1478,1511,0.15280496490183682
32,1482,1514,0.15281171035686078
33,1488,1521,0.15282049358404495
33,1491,1524,0.15282574794932002
35,1477,1512,0.1528310376360812
35,1480,1515,0.15283071944236568
37,1495,1532,0.15282969929650356
35,1496,1531,0.15282375530597617
35,1486,1521,0.15282309568431493
33,1491,1524,0.15282204511236566
34,1484,1518,0.15282603873631195
33,1488,1521,0.1528280116017478
29,1485,1514,0.15283242972350408
29,1484,1513,0.15284581045343465
31,1487,1518,0.15285870273121502
31,1496,1527,0.1528645642147465
28,1489,1517,0.15287054749299558
27,1496,1523,0.15288357607838401
26,1501,1527,0.15289831119599845
26,1503,1529,0.15291461593453637
25,1487,1512,0.15293020570969776
25,1483,1508,0.15294728140351857
24,1481,1505,0.1529624246946183
24,1480,1504,0.15297912030956184
24,1481,1505,0.15299507796007364
24,1478,1502,0.1530103151893437
25,1481,1506,0.15302485114937142
23,1480,1503,0.1530354390734594
23,1476,1499,0.15304996162754583
22,1480,1502,0.15306386392504534
22,1479,1501,0.15307929648062357
22,1487,1509,0.15309400520052677
21,1503,1524,0.1531080129749616
22,1509,1531,0.1531233218932416
23,1504,1527,0.1531356367062036
22,1504,1526,0.15314444755504655
22,1514,1536,0.15315508791848434
21,1510,1531,0.15316528278411204
20,1500,1520,0.15317745615955544
20,1505,1525,0.1531912858849252
21,1509,1530,0.15320439269933972
19,1492,1511,0.15321387836091444
20,1500,1520,0.15322752729976488
21,1503,1524,0.1532368410165409
21,1496,1517,0.15324303631475036
21,1486,1507,0.15324915624949703
21,1499,1520,0.15325517655556697
20,1510,1530,0.1532607978874257
19,1496,1515,0.15326850569546693
20,1495,1515,0.15327820784605106
19,1506,1525,0.15328521492710515
18,1501,1519,0.15329412161650638
17,1491,1508,0.15330481290612913
19,1498,1517,0.15331719115666337
19,1495,1514,0.1533225527162103
21,1497,1518,0.15332791866679107
21,1494,1515,0.1533269465260556
21,1502,1523,0.15332649496933667
23,1494,1517,0.15332567071494488
22,1501,1523,0.15331951810420935
23,1495,1518,0.1533164576000349
23,1494,1517,0.15331186554557427
23,1487,1510,0.1533080192106176
22,1494,1516,0.153304828592384
23,1498,1521,0.15330437077985123
23,1499,1522,0.15330102593846218
23,1505,1528,0.15329817843324492
22,1494,1516,0.15329589653709438
22,1491,1513,0.15329670128766637
21,1482,1503,0.15329773655087017
22,1488,1510,0.1533011333261513
22,1490,1512,0.15330174281549128
23,1485,1508,0.15330258462943908
24,1484,1508,0.15330036513978765
23,1491,1514,0.15329426811039348
23,1490,1513,0.1532912201770497
23,1501,1524,0.15328881331119007
22,1502,1524,0.15328696485651427
22,1498,1520,0.15328696460213792
20,1505,1525,0.15328763090146155
21,1500,1521,0.15329300351822442
21,1486,1507,0.15329554537759574
19,1484,1503,0.15329804729469218
20,1483,1503,0.15330504083302332
20,1495,1515,0.1533086255622714
18,1491,1509,0.15331124321150036
17,1505,1522,0.15331888647071704
16,1502,1518,0.15332858344708372
17,1504,1521,0.153340151618308
18,1502,1520,0.15334806596868833
19,1509,1528,0.15335331108416028
20,1506,1526,0.15335584778795866
18,1501,1519,0.15335585363270404
18,1493,1511,0.15336107866804188
18,1493,1511,0.15336631738522863
18,1497,1515,0.1533710214400773
19,1501,1520,0.1533757597498426
18,1493,1511,0.1533772425965845
18,1504,1522,0.15338132404522714
17,1496,1513,0.15338547257659724
17,1503,1520,0.1533924694080864
14,1505,1519,0.15339923432282504
17,1509,1526,0.15341230671221648
17,1495,1512,0.1534158744394705
17,1488,1505,0.15341945419382927
16,1493,1509,0.15342316156544836
16,1488,1504,0.15342913367611233
15,1492,1507,0.1534350210989509
16,1498,1514,0.15344297943145704
16,1495,1511,0.153447405011361
16,1492,1508,0.1534518742459074
16,1508,1524,0.15345635436334618
18,1498,1516,0.15346081747979456
18,1513,1531,0.15345894402945956
19,1509,1528,0.15345758552566818
18,1513,1531,0.15345358608162227
20,1511,1531,0.15345263014498944
19,1496,1515,0.15344692161054124
19,1501,1520,0.15344411133240257
19,1495,1514,0.15344183802875422
18,1491,1509,0.15344003397037417
17,1493,1510,0.15344080331967092
18,1493,1511,0.15344396960053205
17,1490,1507,0.1534439248054245
20,1487,1507,0.1534467291283807
19,1487,1506,0.15344153432167407
20,1496,1516,0.15343837545805794
20,1496,1516,0.15343318996572716
19,1501,1520,0.15342876228134217
20,1502,1522,0.15342715893089573
20,1510,1530,0.15342360413510672
20,1508,1528,0.15342061711655888
20,1506,1526,0.15341812957584375
19,1493,1512,0.15341608060359363
18,1477,1495,0.15341656945334647
17,1495,1512,0.1534194572947509
16,1501,1517,0.1534245946179558
17,1508,1525,0.15343150974679706
17,1509,1526,0.15343590979968438
18,1499,1517,0.15344022439576166
19,1506,1525,0.15344193334756798
19,1500,1519,0.15344124500641718
19,1499,1518,0.15344079373223946
21,1494,1515,0.15344054622073539
22,1483,1505,0.15343396353406485
23,1484,1507,0.15342487263935656
23,1500,1523,0.1534135092059987
23,1502,1525,0.15340231182379052
23,1498,1521,0.15339233836383948
23,1494,1517,0.15338346221890847
22,1491,1513,0.1533755694886051
22,1498,1520,0.15337069338025405
20,1487,1507,0.15336647672692966
22,1491,1513,0.15336714496623163
23,1506,1529,0.15336362764613898
22,1497,1519,0.15335821370843022
23,1493,1516,0.1533558938676765
22,1475,1497,0.153350673227691
22,1476,1498,0.1533492297256932
23,1490,1513,0.15334805367933338
23,1500,1523,0.1533438369698704
24,1495,1519,0.15333912392389581
24,1498,1522,0.15333188044175003
24,1478,1502,0.15332547112585462
23,1487,1510,0.15331980756691146
22,1500,1522,0.1533171241638494
22,1491,1513,0.15331702444371775
21,1490,1511,0.15331718109526993
20,1493,1513,0.1533202005072784
19,1475,1494,0.15332532735076046
19,1482,1501,0.15333284367243644
20,1479,1499,0.15333999177250365
20,1497,1517,0.15334411994164873
19,1498,1517,0.1533470105797717
20,1494,1514,0.15335208529957728
20,1492,1512,0.15335417823283365
20,1486,1506,0.153356388845126
21,1479,1500,0.15335868639701644
20,1485,1505,0.15335791607434365
19,1480,1499,0.15335987160399323
19,1492,1511,0.1533640898143452
21,1513,1534,0.15336789162643266
21,1508,1529,0.15336661441224195
20,1502,1522,0.1533656841993206
20,1491,1511,0.153367312115202
20,1479,1499,0.15336905143441576
19,1492,1511,0.1533708749810295
19,1495,1514,0.1533752792405211
17,1490,1507,0.1533795344233785
16,1505,1521,0.15338796383193412
17,1499,1516,0.15339813772900057
16,1491,1507,0.15340450820780138
16,1486,1502,0.15341287220826
16,1491,1507,0.1534208903240024
16,1506,1522,0.1534274564048898
16,1501,1517,0.15343386263325728
16,1491,1507,0.15344009559572652
16,1500,1516,0.15344614492021022
15,1508,1523,0.1534520028774554
13,1515,1528,0.1534597987843847
13,1509,1522,0.15347166589736147
12,1511,1523,0.1534829333943605
13,1503,1516,0.15349578470748365
13,1480,1493,0.15350572436637097
13,1499,1512,0.15351515586110848
13,1502,1515,0.1535241006410781
12,1489,1501,0.1535325797706505
13,1499,1512,0.15354276474279538
13,1481,1494,0.15354912800705078
13,1487,1500,0.1535552685815672
13,1504,1517,0.15356118392408852
12,1495,1507,0.15356687321194046
12,1486,1498,0.15357449759931469
13,1492,1505,0.153581766304817
13,1505,1518,0.1535861313429349
14,1494,1508,0.15359035786570469
13,1504,1517,0.15359156424117248
12,1516,1528,0.1535950078993948
12,1520,1532,0.15359984627095172
13,1522,1535,0.1536046019325677
13,1514,1527,0.15360696369927193
13,1507,1520,0.15360936727055907
13,1513,1526,0.15361179198234184
14,1510,1524,0.15361422019007206
14,1508,1522,0.15361336446536294
15,1504,1519,0.15361279033441907
15,1501,1516,0.15360982616058455
15,1512,1527,0.1536072761276315
14,1512,1526,0.15360509243904075
14,1514,1528,0.15360537031656096
14,1484,1498,0.1536058042106289
14,1501,1515,0.15360636780376422
14,1508,1522,0.1536070380110943
14,1503,1517,0.15360779462583862
14,1503,1517,0.15360862000161135
15,1495,1510,0.1536094987678313
15,1498,1513,0.15360787086887373
15,1501,1516,0.15360646501948694
15,1498,1513,0.15360525588631557
15,1495,1510,0.1536042208122126
15,1511,1526,0.15360333954457916
15,1511,1526,0.15360259399066417
15,1510,1525,0.15360196799718323
15,1497,1512,0.15360144715187546
14,1486,1500,0.15360101860484385
14,1486,1500,0.1536028327649074
14,1502,1516,0.15360458657774617
13,1501,1514,0.1536062788499181
12,1509,1521,0.15361006355566034
12,1509,1521,0.15361579837448938
11,1520,1531,0.15362121842978485
11,1513,1524,0.15362857706102725
11,1506,1517,0.15363550964557546
10,1500,1510,0.15364203993017414
11,1500,1511,0.15365034186608387
11,1500,1511,0.15365488055421195
11,1505,1516,0.1536592646751789
11,1498,1509,0.15366349183856473
11,1498,1509,0.15366756094263823
11,1498,1509,0.15367147198519626
10,1505,1515,0.1536752258966384
11,1491,1502,0.15368097756503435
11,1507,1518,0.15368318137804077
11,1494,1505,0.15368541634667382
12,1504,1516,0.15368766457312735
11,1497,1508,0.1536866307138838
11,1490,1501,0.1536881078066037
11,1521,1532,0.15368969757363413
11,1516,1527,0.15369024515932334
11,1510,1521,0.153691030669635
10,1504,1514,0.15369201324282955
11,1495,1506,0.15369575665190507
13,1498,1511,0.15369639852986597
13,1490,1503,0.15369070424754652
12,1498,1510,0.15368568828985557
12,1496,1508,0.15368440399531744
11,1493,1504,0.15368346128997093
10,1503,1513,0.1536849677321487
10,1510,1520,0.15368875821038855
9,1501,1510,0.15369140936316344
10,1520,1530,0.15369659036921987
9,1517,1526,0.15369939502405452
10,1502,1512,0.15370522353221105
10,1499,1509,0.1537076020595581
10,1502,1512,0.15371004940670058
10,1499,1509,0.1537125407423706
10,1495,1505,0.15371505474079597
9,1486,1495,0.15371757317574997
9,1505,1514,0.1537224030838787
9,1514,1523,0.15372705133624007
8,1504,1512,0.153731518003426
8,1511,1519,0.15373843585336963
8,1516,1524,0.15374497080555186
8,1509,1517,0.15375114237092855
7,1509,1516,0.15375696924644586
7,1501,1508,0.15376353091623696
7,1507,1514,0.15376982536000902
6,1504,1510,0.1537758560381277
6,1502,1508,0.15378460839497385
6,1501,1507,0.15379284693704237
5,1510,1515,0.15380060111247534
6,1510,1516,0.15381006167292466
7,1514,1521,0.1538157409523373
7,1520,1527,0.15381791533808323
7,1518,1525,0.15382016866444967
7,1514,1521,0.1538224756977174
7,1508,1515,0.15382481471548926
7,1496,1503,0.15382716710193095
7,1500,1507,0.15382951698612424
7,1500,1507,0.15383185091912113
7,1517,1524,0.15383415758572902
7,1519,1526,0.15383642754745544
7,1513,1520,0.15383865301339894
7,1518,1525,0.15384082763619453
6,1512,1518,0.15384222631730826
6,1505,1511,0.15384583336988744
7,1508,1515,0.1538493482996696
7,1523,1530,0.15385047443300626
6,1516,1522,0.15385164869678125
6,1513,1519,0.15385566553725216
8,1520,1528,0.15385947026669075
7,1511,1518,0.15385694478447437
7,1516,1523,0.15385693110558468
7,1510,1517,0.1538570995667015
7,1521,1528,0.15385742152368662
6,1514,1520,0.15385787177270233
6,1509,1515,0.1538610794106838
6,1513,1519,0.15386416566821293
6,1522,1528,0.153867130704728
6,1514,1520,0.15386997537396524
6,1510,1516,0.15387270111335213
6,1518,1524,0.15387530984675502
6,1525,1531,0.15387780389912692
7,1529,1536,0.15388018592175315
6,1527,1533,0.15387938290099962
6,1529,1535,0.1538809460487727
6,1524,1530,0.153882519602238
6,1518,1524,0.1538840926687835
6,1508,1514,0.1538856560146462
5,1513,1518,0.15388720186736185
5,1524,1529,0.1538913826246921
4,1513,1517,0.15389532520798854
4,1513,1517,0.153901213645844
4,1513,1517,0.15390675756217045
4,1515,1519,0.153911976599484
4,1502,1506,0.1539168893321091
4,1505,1509,0.15392151331894235
4,1519,1523,0.15392586515418497
4,1512,1516,0.15392996051605382
3,1512,1515,0.15393381421349123
3,1514,1517,0.1539395994861396
3,1507,1510,0.15394503932251274
3,1518,1521,0.1539501540880042
3,1520,1523,0.15395496297322295
3,1507,1510,0.15395948405916293
3,1500,1503,0.15396373437902383
3,1506,1509,0.15396772997682684
3,1502,1505,0.15397148596296614
3,1502,1505,0.1539750165668337
3,1508,1511,0.15397833518665116
3,1509,1512,0.1539814544366387
3,1509,1512,0.15398438619164723
3,1514,1517,0.15398714162937552
4,1518,1522,0.15398973127028998
4,1527,1531,0.15398890142061938
4,1516,1520,0.15398822956811214
4,1519,1523,0.15398769565979858
4,1521,1525,0.15398728187608554
4,1526,1530,0.153986972396555
4,1528,1532,0.15398675318954932
4,1512,1516,0.15398549475271128
4,1510,1514,0.15398447839241322
4,1512,1516,0.15398367335105512
4,1519,1523,0.15398305229535977
4,1524,1528,0.1539825909575363
4,1520,1524,0.15398226781286137
4,1512,1516,0.15398206379005042
5,1505,1510,0.15398196201114506
5,1515,1520,0.15397866863974197
5,1524,1529,0.15397575601885746
5,1515,1520,0.15397318352355133
5,1530,1535,0.15397091469107543
5,1521,1526,0.15396891680392372
4,1517,1521,0.15396716051410722
4,1517,1521,0.15396778138384004
4,1514,1518,0.1539684629360904
4,1521,1525,0.15396919190184186
4,1520,1524,0.15396995674984038
4,1514,1518,0.15397074749053855
4,1509,1513,0.15397155550073194
4,1503,1507,0.15397237336678
4,1513,1517,0.15397319474451138
4,1508,1512,0.15397401423410714
4,1510,1514,0.153974827268423
4,1519,1523,0.1539756300133686
2,1515,1517,0.15397641927909975
2,1506,1508,0.15398174257618005
2,1499,1501,0.15398675105736112
2,1511,1513,0.15399146304273206
2,1499,1501,0.15399589581588644
2,1499,1501,0.1540000656795741
1,1508,1509,0.15400398800867562
1,1491,1492,0.15400988637774374
1,1498,1499,0.1540154275524336
1,1517,1518,0.15402063312299094
1,1516,1517,0.15402552337874448
2,1517,1519,0.15403011738608618
2,1513,1515,0.15403116094134817
2,1513,1515,0.15403224865826934
2,1523,1525,0.15403336743317497
2,1517,1519,0.15403450596827117
2,1519,1521,0.15403565456406887
2,1511,1513,0.1540368049339035
2,1522,1524,0.15403795003828913
2,1529,1531,0.15403908393707127
2,1520,1522,0.1540402016575479
2,1520,1522,0.1540412990769108
3,1525,1528,0.1540423728175264
3,1524,1527,0.1540401552093393
3,1515,1518,0.15403821422314978
3,1499,1502,0.15403651936244508
3,1505,1508,0.15403504330440948
3,1498,1501,0.15403376157966636
3,1511,1514,0.15403265228377294
3,1511,1514,0.15403169581735246
3,1504,1507,0.1540308746520517
4,1506,1510,0.1540301731197867
3,1510,1513,0.15402630544506307
3,1514,1517,0.1540260008542741
3,1521,1524,0.15402576634813733
3,1530,1533,0.1540255926868275
3,1515,1518,0.15402547167288064
3,1501,1504,0.15402539604143686
3,1511,1514,0.15402535936163275
3,1503,1506,0.15402535594803232
3,1505,1508,0.15402538078109718
3,1499,1502,0.15402542943579303
3,1516,1519,0.1540254980175197
4,1509,1513,0.15402558310463133
4,1506,1510,0.15402242179082232
4,1501,1505,0.154019576309896
4,1503,1507,0.1540170155946689
4,1516,1520,0.15401471160555694
4,1509,1513,0.15401263903720472
4,1517,1521,0.15401077505344168
4,1512,1516,0.1540090990478364
4,1499,1503,0.15400759242738168
4,1510,1514,0.15400623841708175
4,1513,1517,0.15400502188342713
4,1509,1513,0.15400392917493555
4,1506,1510,0.15400294797811404
5,1526,1531,0.15400206718735468
5,1517,1522,0.1539980062710631
5,1515,1520,0.15399433262347922
5,1529,1534,0.15399100919451625
5,1525,1530,0.15398800248624428
5,1527,1532,0.15398528221184324
5,1525,1530,0.15398282098733201
5,1536,1541,0.15398059405292094
4,1520,1524,0.1539785790211398
4,1520,1524,0.15397891686838294
4,1514,1518,0.15397929622172568
4,1522,1526,0.1539797084414743
4,1522,1526,0.15398014601221266
4,1517,1521,0.15398060241602876
4,1529,1533,0.1539810720191315
4,1530,1534,0.15398154997049066
4,1532,1536,0.1539820321112721
4,1543,1547,0.15398251489396117
4,1530,1534,0.15398299531017937
4,1512,1516,0.15398347082629932
4,1515,1519,0.15398393932605156
4,1530,1534,0.15398439905940037
4,1527,1531,0.15398484859703646
3,1524,1527,0.15398528678990123
3,1514,1517,0.1539878706902887
3,1511,1514,0.15399031105145392
3,1504,1507,0.1539926152088812
3,1504,1507,0.1539947901917786
4,1491,1495,0.15399684272785674
3,1508,1511,0.1539955034415651
3,1520,1523,0.15399652140803827
3,1524,1527,0.15399758183782278
3,1516,1519,0.15399867200576373
3,1526,1529,0.1539997809453607
4,1520,1524,0.15400089924625893
4,1522,1526,0.15399954496683688
4,1526,1530,0.15399836521307753
4,1514,1518,0.1539973404053158
4,1519,1523,0.15399645302569265
4,1528,1532,0.1539956874082098
4,1525,1529,0.15399502954975566
4,1532,1536,0.15399446694003238
4,1521,1525,0.15399398840851483
4,1524,1528,0.15399358398675783
4,1504,1508,0.1539932447845318
4,1506,1510,0.1539929628784171
3,1501,1504,0.15399273121162113
3,1505,1508,0.15399470453715586
3,1496,1499,0.1539965852357047
3,1493,1496,0.15399837622919096
3,1506,1509,0.1540000805284082
3,1506,1509,0.15400170120152304
3,1495,1498,0.15400324134704071
3,1510,1513,0.1540047040707127
3,1518,1521,0.15400609246592367
3,1519,1522,0.1540074095971438
3,1516,1519,0.15400865848607703
3,1520,1523,0.1540098421001774
3,1512,1515,0.15401096334323977
3,1504,1507,0.15401202504780553
2,1500,1502,0.15401302996915106
2,1490,1492,0.15401617019915737
2,1488,1490,0.1540191245158852
2,1486,1488,0.154021903753784
2,1505,1507,0.1540245181329977
2,1512,1514,0.15402697729247253
2,1510,1512,0.15402929032145857
2,1524,1526,0.15403146578946436
2,1517,1519,0.15403351177472274
2,1511,1513,0.15403543589122637
2,1521,1523,0.1540372453143913
2,1522,1524,0.15403894680540556
2,1520,1522,0.15404054673431913
2,1519,1521,0.1540420511019309
2,1522,1524,0.15404346556052562
2,1517,1519,0.15404479543351438
3,1528,1531,0.15404604573402866
3,1525,1528,0.1540439474222718
3,1513,1516,0.1540420846095319
3,1520,1523,0.15404043252708688
3,1507,1510,0.15403896892451213
3,1498,1501,0.15403767381847083
3,1518,1521,0.15403652926628533
3,1518,1521,0.15403551916186103
3,1517,1520,0.15403462905177165
4,1524,1528,0.15403384596952865
4,1518,1522,0.15402988790956645
4,1523,1527,0.15402632025390597
4,1520,1524,0.1540231047577548
4,1508,1512,0.1540202069076044
4,1498,1502,0.15401759555808245
4,1489,1493,0.15401524260409688
4,1508,1512,0.1540131226848449
4,1516,1520,0.15401121291659262
5,1506,1511,0.15400949265143168
5,1512,1517,0.1540046705004981
5,1502,1507,0.1540003081781009
4,1510,1514,0.1539963615826815
4,1513,1517,0.1539949554058459
4,1515,1519,0.15399375778245936
4,1526,1530,0.1539927440481473
4,1530,1534,0.15399189220382753
4,1521,1525,0.15399118264036185
4,1519,1523,0.15399059789095582
4,1521,1525,0.1539901224085496
4,1524,1528,0.15398974236571666
4,1506,1510,0.1539894454748293
4,1512,1516,0.15398922082647243
4,1512,1516,0.15398905874428567
4,1508,1512,0.15398895065459378
4,1522,1526,0.15398888896934626
3,1511,1514,0.15398886698103542
4,1504,1508,0.15399112487343036
4,1506,1510,0.15398999512378087
4,1516,1520,0.15398906123625358
5,1511,1516,0.1539882989952517
5,1520,1525,0.15398440515779113
5,1498,1503,0.15398094902162382
5,1499,1504,0.1539778845544901
6,1500,1506,0.1539751704005955
5,1497,1502,0.15396949649163477
5,1486,1491,0.153967062495734
5,1494,1499,0.15396494707565261
5,1491,1496,0.15396311426684212
5,1485,1490,0.15396153190492762
7,1492,1499,0.15396017123782843
7,1499,1506,0.15395246734483345
7,1505,1512,0.15394554829104357
7,1517,1524,0.15393933577681662
8,1504,1512,0.15393375921796307
8,1508,1516,0.15392547334809342
8,1509,1517,0.15391800926347524
7,1513,1520,0.15391128627355935
7,1509,1516,0.15390768839817504
7,1514,1521,0.1539045156496914
7,1511,1518,0.15390172217916792
4,1499,1503,0.153899266862404
4,1500,1504,0.15390428155605926
4,1499,1503,0.15390906451108016
4,1501,1505,0.15391362257873756
3,1505,1508,0.1539179629053356
3,1516,1519,0.15392449774734157
3,1508,1511,0.15393066090524257
3,1499,1502,0.15393647244887487
2,1510,1512,0.1539419514757955
2,1524,1526,0.15394929091197349
2,1519,1521,0.15395620112533592
2,1531,1533,0.1539627065714793
2,1521,1523,0.15396883037774667
2,1524,1526,0.15397459440862973
2,1518,1520,0.15398001932868197
2,1523,1525,0.1539851246629498
2,1522,1524,0.15398992885494273
2,1518,1520,0.15399444932217426
2,1516,1518,0.1539987025093156
2,1499,1501,0.1540027039390109
2,1507,1509,0.1540064682604099
2,1509,1511,0.15401000929547884
2,1515,1517,0.15401334008315343
2,1507,1509,0.15401647292140208
2,1508,1510,0.15401941940726818
2,1507,1509,0.15402219047496307
2,1507,1509,0.15402479643208022
2,1507,1509,0.15402724699400377
1,1507,1508,0.1540295513165814
1,1508,1509,0.1540338828220113
1,1496,1497,0.15403795387057478
1,1491,1492,0.15404178001340857
1,1494,1495,0.15404537588405376
1,1495,1496,0.15404875525151215
1,1504,1505,0.15405193107034446
1,1505,1506,0.15405491552796338
1,1488,1489,0.15405772008926902
1,1487,1488,0.15406035553876687
0,1499,1499,0.1540628320203021
