1367,27,1394,0.1357959200087222
1403,29,1432,0.13295263377541156
1412,29,1441,0.13026701773780747
1428,32,1460,0.12780270036101193
1454,31,1485,0.12551694787897727
1461,31,1492,0.12336608634313162
1465,29,1494,0.12139292413193449
1468,29,1497,0.11958584667674332
1450,30,1480,0.11793611535049832
1445,28,1473,0.1164813851541274
1454,28,1482,0.11517195908149022
1464,29,1493,0.11396006641451169
1463,28,1491,0.11283425481986228
1447,26,1473,0.11181093176777435
1458,26,1484,0.11091781644611327
1463,28,1491,0.11008005532276409
1465,27,1492,0.10930537408093315
1463,28,1491,0.10859651413242034
1454,28,1482,0.10795627150001601
1457,26,1483,0.10739715558915992
1481,26,1507,0.10688126262182247
1472,24,1496,0.10635594539934601
1466,24,1490,0.10589836313918094
1467,24,1491,0.10549668639333235
1472,26,1498,0.10513081868827269
1478,26,1504,0.1047868876279814
1478,26,1504,0.10446172533186009
1459,27,1486,0.10416638789168634
1459,28,1487,0.10394066904490068
1471,27,1498,0.1037352994883485
1479,27,1506,0.10352361321896306
1473,28,1501,0.1033105700300457
1471,26,1497,0.10313032606782915
1479,23,1502,0.10296993838040186
1480,24,1504,0.10280320621324304
1481,25,1506,0.10264904452094498
1477,25,1502,0.10250588610802103
1477,25,1502,0.10238621062089695
1474,26,1500,0.10227990079716434
1476,26,1502,0.10218837294547807
1482,25,1507,0.10210321981687168
1478,23,1501,0.10201331388492274
1473,24,1497,0.10194006873955633
1468,24,1492,0.10188512134698204
1476,24,1500,0.10184605525537155
1476,27,1503,0.10179287845088496
1470,27,1497,0.10174214025211452
1471,26,1497,0.10171088693771192
1476,24,1500,0.10167855952028193
1481,24,1505,0.10163932654945064
1481,23,1504,0.1015911702583129
1472,24,1496,0.10154848297770695
1465,22,1487,0.10153025610020874
1467,22,1489,0.10152790408951753
1462,23,1485,0.10152177493189479
1465,25,1490,0.10152699748914419
1468,26,1494,0.10152412574615306
1458,27,1485,0.10151438999422815
1458,27,1485,0.10153092024952187
1459,24,1483,0.10154537304618466
1456,23,1479,0.10155706734393627
1459,23,1482,0.1015767489175937
1459,25,1484,0.10158546238237338
1463,26,1489,0.10159256389445781
1469,27,1496,0.10159040350462858
1469,25,1494,0.10157523959642292
1478,24,1502,0.10156059247257357
1482,24,1506,0.10152342265111114
1472,23,1495,0.10148115190872702
1458,23,1481,0.10146705887247517
1460,23,1483,0.10148539072515547
1459,25,1484,0.10149846214143125
1459,26,1485,0.1015112439292692
1460,26,1486,0.10152391470399813
1471,26,1497,0.10153086866156173
1477,26,1503,0.10151382654829706
1458,28,1486,0.10148522012339821
1456,27,1483,0.10150278020623277
1458,27,1485,0.1015232577068485
1451,29,1480,0.10153959601254957
1444,28,1472,0.1015728705862042
1454,28,1482,0.10161951853440447
1448,30,1478,0.10163964601329482
1460,30,1490,0.10167249439977759
1471,29,1500,0.10167553086118318
1470,30,1500,0.10165166100305846
1455,30,1485,0.10163021232361719
1462,30,1492,0.10164618674377969
1474,29,1503,0.10164560563483345
1466,30,1496,0.10161671079327092
1469,28,1497,0.10160539367925046
1475,27,1502,0.10159173590794886
1473,28,1501,0.10156511470341759
1471,29,1500,0.10154567994460219
1473,31,1504,0.10153245702139273
1458,31,1489,0.10151702345800193
1452,31,1483,0.10153840475645336
1458,32,1490,0.10157251923369662
1453,33,1486,0.10159040314752808
1454,32,1486,0.10161762248584384
1457,31,1488,0.10164268260400694
1459,32,1491,0.10165544779961795
1471,34,1505,0.10166272527834444
1469,36,1505,0.10164260148010548
1460,37,1497,0.10162790018903683
1456,37,1493,0.10163474627377632
1449,39,1488,0.1016505810515811
1434,41,1475,0.10168076339758997
1430,38,1468,0.10174115261627627
1443,42,1485,0.10180578115899813
1446,41,1487,0.10183708926175815
1439,41,1480,0.10185910410494287
1445,43,1488,0.10189610582433549
1457,41,1498,0.10191657495955951
1457,40,1497,0.1019089674392406
1438,40,1478,0.10190196260283421
1440,42,1482,0.1019382051762279
1449,45,1494,0.10196873202634853
1456,47,1503,0.10197774096144017
1459,45,1504,0.10197065956445123
1451,47,1498,0.10195809410935246
1452,48,1500,0.10196548985936885
1456,49,1505,0.10196966694028343
1455,52,1507,0.10196451362100448
1457,50,1507,0.10196174422667774
1461,50,1511,0.1019556479546035
1461,50,1511,0.10194058606144668
1446,51,1497,0.10192707505018514
1452,52,1504,0.10194986433163311
1452,50,1502,0.10195929886264941
1443,51,1494,0.10196581871998191
1451,51,1502,0.10199104140492501
1440,52,1492,0.10199695525431443
1445,49,1494,0.10202812453030546
1441,49,1490,0.10204353143237734
1427,52,1479,0.10206667223637617
1425,51,1476,0.1021179194101455
1431,53,1484,0.10217051845992689
1435,54,1489,0.10220805167185128
1442,56,1498,0.102233669374535
1449,56,1505,0.10224271951796166
1440,56,1496,0.10223549887644172
1447,55,1502,0.10224738508050656
1446,55,1501,0.10224220189158817
1434,53,1487,0.10224059563700044
1447,52,1499,0.10226643499259083
1442,52,1494,0.10225755870016756
1447,52,1499,0.10226250212378969
1452,49,1501,0.10225637469332416
1440,48,1488,0.10223887536875335
1455,49,1504,0.10224857219742586
1451,50,1501,0.10222600670670642
1460,48,1508,0.1022121550954867
1449,51,1500,0.10217904659628989
1447,50,1497,0.10217523916571125
1438,51,1489,0.10217500111671661
1447,52,1499,0.1021958818065168
1441,53,1494,0.10219705882738372
1435,52,1487,0.10221075237895015
1449,51,1500,0.1022388132803127
1452,50,1502,0.10223348070871205
1462,53,1515,0.10221973893191522
1457,53,1510,0.1021830851976464
1448,53,1501,0.10216093401002635
1444,53,1497,0.10216137977545775
1442,52,1494,0.10217103377162268
1442,53,1495,0.10218538859414135
1429,54,1483,0.1021975967663638
1428,55,1483,0.10223943487111146
1428,57,1485,0.10228243413143702
1433,55,1488,0.10232005533305187
1430,54,1484,0.10234337579418465
1424,54,1478,0.10237240515440302
1422,51,1473,0.10241067959602819
1435,50,1485,0.10245143986540167
1439,52,1491,0.10246071518328638
1435,51,1486,0.1024598214794805
1438,52,1490,0.10246958016664434
1434,49,1483,0.10247014373395402
1442,51,1493,0.10247795746610089
1447,53,1500,0.10246815434312716
1451,53,1504,0.10244928813236764
1450,53,1503,0.10242245775046156
1440,53,1493,0.1024007113966666
1432,52,1484,0.10240339746123547
1430,52,1482,0.10242331396935284
1437,52,1489,0.10244709852930621
1438,52,1490,0.10245186401829078
1425,52,1477,0.1024511499914294
1429,50,1479,0.10248000666310847
1437,52,1489,0.10249740117372048
1434,54,1488,0.1024925959881767
1428,52,1480,0.10249530196338705
1427,51,1478,0.1025117680554461
1436,50,1486,0.10252832614472965
1429,52,1481,0.10252594134645081
1423,52,1475,0.10254007478286999
1434,51,1485,0.10256637888522231
1447,49,1496,0.10256688458801719
1460,49,1509,0.10253302440193389
1469,54,1523,0.10247413313886053
1455,55,1510,0.10239900027195459
1450,54,1504,0.10236274891023597
1444,56,1500,0.10234001463653085
1441,57,1498,0.10233350840966232
1444,58,1502,0.10233650670701663
1447,59,1506,0.10233155394011466
1452,58,1510,0.10232083572545252
1446,56,1502,0.10230177432602432
1445,59,1504,0.10229727935491788
1436,58,1494,0.1022957381484137
1443,58,1501,0.10231338836428158
1450,59,1509,0.1023161280949971
1441,59,1500,0.10230258187970458
1438,59,1497,0.10231127681321377
1431,58,1489,0.10232826768891526
1433,58,1491,0.10235951191317595
1426,57,1483,0.10238296191902017
1433,57,1490,0.10241922509428246
1428,54,1482,0.10243612414680509
1429,55,1484,0.10246447852136326
1414,55,1469,0.10248803762886166
1424,55,1479,0.10254431330264373
1426,55,1481,0.10257219125986909
1429,56,1485,0.10259517416385366
1432,57,1489,0.10261104798040169
1422,56,1478,0.10262010572865049
1423,57,1480,0.10265180415892954
1433,57,1490,0.1026749317804721
1436,58,1494,0.10267309320102033
1430,57,1487,0.1026642166462469
1426,57,1483,0.10266822099335483
1435,60,1495,0.10267953539569269
1444,61,1505,0.10267047886814921
1438,61,1499,0.10264177690835244
1432,62,1494,0.10263032564405958
1434,61,1495,0.1026331405969853
1434,58,1492,0.1026337970464187
1431,59,1490,0.10263507998823915
1430,62,1492,0.10264279006601824
1420,67,1487,0.10265228279150182
1421,66,1487,0.10268556943411912
1421,68,1489,0.10271611736888825
1414,68,1482,0.10274352802358147
1412,67,1479,0.10278373880434614
1425,68,1493,0.10282345361692627
1426,67,1493,0.10283041170441118
1429,69,1498,0.10283409514152414
1437,69,1506,0.10283002593986403
1438,67,1505,0.10280584651441346
1438,67,1505,0.1027801072114277
1437,65,1502,0.10275836779583518
1435,62,1497,0.1027415992669405
1440,59,1499,0.10273243662043537
1444,58,1502,0.10271367691193951
1433,58,1491,0.10268414147537104
1435,58,1493,0.10267752377149496
1446,59,1505,0.10266722824340097
1440,59,1499,0.10263294948699507
1439,58,1497,0.10261614203171135
1440,59,1499,0.1026028000454568
1429,59,1488,0.10258969081080814
1436,60,1496,0.10260389716124121
1450,58,1508,0.1026028057123255
1427,57,1484,0.10256969312064364
1426,57,1483,0.10259088464365597
1430,56,1486,0.10261252203932045
1415,58,1473,0.10262175322670383
1421,59,1480,0.10266379218224482
1426,60,1486,0.1026891022259147
1414,61,1475,0.10270081691944018
1419,62,1481,0.10273917227099987
1430,65,1495,0.10276500733824463
1421,65,1486,0.10276466198917805
1419,65,1484,0.10278641975468544
1422,64,1486,0.10280934143768256
1429,64,1493,0.10282205651031397
1424,67,1491,0.10281877612303177
1428,69,1497,0.10282534039724936
1418,66,1484,0.10282214119473057
1417,70,1487,0.10284193802037772
1415,72,1487,0.10286333033447566
1432,72,1504,0.10288779989054797
1418,72,1490,0.10287201178621551
1426,72,1498,0.10288948871502153
1423,71,1494,0.10288650129308996
1418,72,1490,0.10289340256829195
1418,74,1492,0.10290932031255756
1421,73,1494,0.1029238133598258
1416,73,1489,0.10293223374389453
1411,71,1482,0.10295078914191837
1417,76,1493,0.10297809165604946
1422,75,1497,0.10298816998999744
1424,73,1497,0.10298795387968587
1426,73,1499,0.10298307453950165
1417,76,1493,0.10297185988319228
1415,75,1490,0.10298280790714184
1428,74,1502,0.10299879256361752
1430,73,1503,0.10298323753944803
1427,73,1500,0.10296583332297676
1434,74,1508,0.10295895745548649
1424,75,1499,0.1029372982807173
1433,76,1509,0.10293742549579477
1428,75,1503,0.10291997191513108
1423,82,1505,0.10291767173287675
1412,82,1494,0.10292747047109418
1424,79,1503,0.10296023529764352
1425,81,1506,0.10296329287737489
1425,82,1507,0.1029630822144775
1421,80,1501,0.10296459944762336
1413,83,1496,0.10297204959830948
1403,81,1484,0.10299787323698718
1424,80,1504,0.1030450460554592
1427,80,1507,0.10303950654254557
1436,83,1519,0.10302908346204465
1432,83,1515,0.10300034563608768
1421,83,1504,0.10298258117685265
1422,84,1506,0.10299023547128805
1420,84,1504,0.10299810741682247
1411,83,1494,0.1030102612393281
1409,86,1495,0.1030413692562274
1404,85,1489,0.10307686030960563
1397,86,1483,0.10312080230133787
1403,88,1491,0.10317862073605813
1408,86,1494,0.10321911064560499
1409,87,1496,0.10324162303702143
1411,82,1493,0.10325958016507868
1411,81,1492,0.10327383544642531
1410,84,1494,0.10328336179675417
1406,87,1493,0.10329436795954042
1409,82,1491,0.10331430584985721
1407,82,1489,0.10332556181677972
1410,85,1495,0.10334037716042331
1408,87,1495,0.103347865167208
1415,85,1500,0.10335848192944905
1419,87,1506,0.10335249522209146
1411,89,1500,0.10333956851026209
1400,90,1490,0.10334574245297563
1410,89,1499,0.10337711825641466
1403,91,1494,0.10338546148366824
1399,88,1487,0.1034095451064148
1405,89,1494,0.10343862059457637
1405,89,1494,0.10345057584510439
1398,89,1487,0.10346095745290249
1407,89,1496,0.10348694291781545
1405,89,1494,0.10349198778055538
1416,87,1503,0.10350087410719504
1407,87,1494,0.10348303872647105
1410,87,1497,0.10348806796192953
1406,90,1496,0.10348511170111538
1399,92,1491,0.10349058243787931
1409,96,1505,0.10351379259406186
1412,98,1510,0.10351430775149291
1408,101,1509,0.10351039119453381
1396,101,1497,0.10351621670324797
1404,100,1504,0.10354638011343102
1402,99,1501,0.10355720717302719
1402,99,1501,0.10357163854721875
1396,101,1497,0.1035863892713011
1401,103,1504,0.10361509549470582
1387,98,1485,0.10363183558863691
1407,94,1501,0.10367935548200428
1405,95,1500,0.10367760972286472
1405,95,1500,0.10367904147833357
1406,96,1502,0.10367932489158256
1398,97,1495,0.10367798474536294
1403,97,1500,0.10369559102053104
1412,99,1511,0.1036999852946596
1412,99,1511,0.1036834503174297
1413,98,1511,0.1036681235229135
1409,97,1506,0.10365052951735176
1413,95,1508,0.10364452224775272
1407,97,1504,0.10362934115976317
1409,100,1509,0.10363081697840638
1406,96,1502,0.10362872588764983
1402,92,1494,0.1036326756028835
1374,98,1472,0.10364670414047769
1396,98,1494,0.10372036156925404
1389,101,1490,0.1037374139293447
1377,102,1479,0.1037689801922206
1375,102,1477,0.10382367257420816
1381,105,1486,0.10388163954117545
1379,107,1486,0.10392351247181272
1376,104,1480,0.1039627780938147
1383,104,1487,0.10400912818135223
1372,105,1477,0.10403450141632799
1382,110,1492,0.10408170245048894
1393,111,1504,0.10410075011420603
1393,107,1500,0.10409499823564743
1371,107,1478,0.10409094257305838
1386,108,1494,0.10413600233214954
1392,108,1500,0.10414612781764125
1402,108,1510,0.10414108313549049
1391,110,1501,0.104116642771195
1402,114,1516,0.10411586687460844
1396,113,1509,0.10409088658377398
1387,113,1500,0.1040829250291992
1385,113,1498,0.10409743982877316
1380,112,1492,0.104116610527218
1378,115,1493,0.10414465170855175
1372,115,1487,0.10417616551219502
1377,113,1490,0.10421668523365617
1381,112,1493,0.10424248979127806
1394,114,1508,0.10425737192949694
1400,114,1514,0.1042436383937655
1394,116,1510,0.10421432983435747
1393,116,1509,0.10420141611595103
1383,112,1495,0.10418958490887147
1381,117,1498,0.10420104423036439
1389,114,1503,0.10421437778762002
1389,113,1502,0.10420929045541387
1395,114,1509,0.10420318355056915
1389,115,1504,0.10418603021337329
1384,117,1501,0.10418334294245685
1386,119,1505,0.10419527106818866
1378,117,1495,0.10420252243657484
1372,115,1487,0.10422870163926219
1369,117,1486,0.10426841264837268
1365,118,1483,0.10431330930848383
1369,120,1489,0.10436211020665481
1366,122,1488,0.10439882310590015
1378,116,1494,0.10444213564895462
1363,119,1482,0.10445281821246132
1386,122,1508,0.10449684967958053
1383,127,1510,0.10448482783748972
1375,131,1506,0.1044804833568449
1366,128,1494,0.10449377173846376
1363,132,1495,0.10452623892972991
1361,135,1496,0.104565246342592
1353,135,1488,0.1046073066785813
1359,130,1489,0.10466595984775129
1367,127,1494,0.10470645923715777
1347,129,1476,0.10472501674286232
1339,129,1468,0.10478586495839436
1335,130,1465,0.10486244676451704
1350,133,1483,0.10494064422707623
1354,131,1485,0.10498114001221578
1354,132,1486,0.10500798608934345
1358,132,1490,0.1050331554676594
1365,133,1498,0.10504439369215345
1368,132,1500,0.10503888541823853
1377,129,1506,0.10502840145383927
1374,129,1503,0.10499611977217821
1373,133,1506,0.10497234403081102
1367,132,1499,0.10495287248251733
1364,136,1500,0.104947393840582
1355,137,1492,0.10495099362311815
1347,144,1491,0.1049747653393089
1330,145,1475,0.10501508767123754
1336,146,1482,0.105091422187516
1354,143,1497,0.1051509889215599
1349,142,1491,0.1051673644954177
1362,144,1506,0.10519427040270493
1373,143,1516,0.10519063141781167
1364,144,1508,0.10516241105107803
1368,142,1510,0.10515757852831385
1372,139,1511,0.1051424375451415
1368,140,1508,0.10511799140482836
1357,137,1494,0.10510496272268259
1354,141,1495,0.10512026822858452
1355,141,1496,0.10514205527457754
1363,143,1506,0.10515804107171745
1355,141,1496,0.10515688837283715
1342,139,1481,0.10517330445535078
1355,136,1491,0.10521896905853279
1352,137,1489,0.10522998525439262
1372,135,1507,0.10524970598268915
1371,136,1507,0.10522173988463748
1357,139,1496,0.10519819139979675
1349,144,1493,0.10520711606336995
1339,145,1484,0.10523190965546898
1340,147,1487,0.10527931662167918
1338,147,1485,0.10532104678956401
1330,149,1479,0.10536734892177409
1338,147,1485,0.10542827604885047
1352,146,1498,0.10546668415499237
1356,146,1502,0.1054704640014499
1366,148,1514,0.10546499283406524
1359,148,1507,0.10543906137024223
1356,149,1505,0.10543057148246524
1345,152,1497,0.10542959927453381
1330,159,1489,0.10545397062842156
1343,158,1501,0.10551138152296666
1329,158,1487,0.10553370764726261
1327,159,1486,0.10558692326849084
1330,161,1491,0.10564205758891124
1329,159,1488,0.10568498773075376
1335,161,1496,0.10572837033618626
1333,156,1489,0.10575737897664862
1339,153,1492,0.1057891156952605
1339,152,1491,0.10580405160409087
1334,152,1486,0.105816643085833
1324,152,1476,0.10583930495704666
1328,154,1482,0.10588181458781186
1334,153,1487,0.1059127843699015
1336,152,1488,0.10592611212459832
1346,155,1501,0.1059358327396624
1342,159,1501,0.10592062324481236
1338,162,1500,0.10591404984848322
1333,163,1496,0.10591595207396712
1332,161,1493,0.10592895573289635
1327,169,1496,0.10594498898097512
1323,167,1490,0.1059745236228288
1321,168,1489,0.10601104988993398
1311,170,1481,0.10604885986598425
1303,176,1479,0.1061071036372892
1304,177,1481,0.10617904976445608
1305,183,1488,0.10624359127802457
1304,181,1485,0.10630152061328686
1304,176,1480,0.10635931523375565
1307,178,1485,0.10641372884791263
1315,176,1491,0.10645511450498642
1326,180,1506,0.10647665068621809
1326,177,1503,0.10646891091049125
1315,176,1491,0.10646138457860012
1309,177,1486,0.10648000328916
1314,178,1492,0.10651272481905778
1320,179,1499,0.1065291918297385
1314,184,1498,0.1065322682734805
1312,182,1494,0.10655038965531424
1330,183,1513,0.10657186656817981
1336,186,1522,0.10655225659682455
1335,182,1517,0.10652261885959692
1328,181,1509,0.1064976354905263
1324,183,1507,0.1064913454757994
1320,186,1506,0.10649467126246936
1315,185,1500,0.10650904781984344
1308,183,1491,0.10653249676244712
1312,184,1496,0.10656738546423826
1306,188,1494,0.10659227501078536
1308,186,1494,0.1066284452305264
1328,184,1512,0.10665568624197107
1326,183,1509,0.10663409217967967
1325,185,1510,0.10662017870929442
1321,185,1506,0.10661061700877784
1325,188,1513,0.10661306678886312
1316,183,1499,0.1066049237068743
1318,191,1509,0.10661808435806669
1316,190,1506,0.10662469719846182
1316,190,1506,0.1066353946770091
1315,188,1503,0.10664474257825919
1323,188,1511,0.10665759797065041
1306,185,1491,0.10665135359809971
1315,191,1506,0.10668505175861923
1314,193,1507,0.10669635043184642
1301,191,1492,0.10671065227596771
1296,192,1488,0.10675405445110403
1307,189,1496,0.10680120267560557
1299,185,1484,0.1068179831930482
1313,187,1500,0.1068510136489605
1311,182,1493,0.10685031342061305
1308,182,1490,0.10685656080686667
1309,179,1488,0.10686664669288745
1321,180,1501,0.10687424877822707
1320,178,1498,0.10685310323394727
1310,178,1488,0.1068363790590132
1303,183,1486,0.10684192445229686
1301,187,1488,0.10686257213077646
1313,193,1506,0.10688702936770263
1301,195,1496,0.1068832679002561
1303,196,1499,0.10690782288090551
1298,195,1493,0.10692746083885009
1299,193,1492,0.10695662883296364
1292,192,1484,0.10698348895266858
1296,194,1490,0.1070244939595508
1297,192,1489,0.10705395999475023
1304,192,1496,0.10707394215473329
1305,191,1496,0.10707558791305395
1306,192,1498,0.10707353998778514
1306,191,1497,0.10707113963105144
1306,193,1499,0.10707062853323965
1318,189,1507,0.1070699764443373
1323,191,1514,0.10704224046178801
1304,191,1495,0.10700618048498768
1303,193,1496,0.10701506118057835
1289,199,1488,0.10702681375001234
1283,198,1481,0.10706736807921527
1283,200,1483,0.10712087604632387
1290,199,1489,0.10716921393201492
1303,194,1497,0.10719923961515924
1290,194,1484,0.10719665155850144
1296,193,1489,0.10722317902714792
1309,194,1503,0.1072328048384426
1305,186,1491,0.10721101873424022
1298,188,1486,0.1072021314178107
1302,188,1490,0.10720953980995095
1289,188,1477,0.10720954985589154
1302,186,1488,0.10723952362511052
1300,193,1493,0.10723744954212229
1303,199,1502,0.10724019175556514
1299,193,1492,0.10723675867550582
1296,192,1488,0.1072400709935285
1285,200,1485,0.10725209113813705
1282,196,1478,0.10728813723658968
1284,195,1479,0.10732696570012333
1282,194,1476,0.10735708266213685
1280,197,1477,0.10738823100519516
1286,202,1488,0.1074212292802943
1298,201,1499,0.10743738063123434
1311,195,1506,0.10742773324421413
1297,196,1493,0.10738674078803215
1298,194,1492,0.10738221282226393
1294,195,1489,0.1073773347228083
1295,195,1490,0.10738283377170915
1292,195,1487,0.10738611903868744
1301,195,1496,0.10739442323314066
1304,199,1503,0.10737975698390131
1320,201,1521,0.10735840066233102
1313,199,1512,0.10730474942547065
1309,198,1507,0.10727168250781255
1320,201,1521,0.10725013529408352
1311,200,1511,0.10720684455627598
1309,198,1507,0.10718769170806156
1318,195,1513,0.10717686247260116
1312,196,1508,0.10714718942267462
1300,193,1493,0.10713455018473197
1289,199,1488,0.10714905693438925
1291,207,1498,0.10718788302856985
1294,203,1497,0.10721819410164998
1295,201,1496,0.10724343223725018
1289,195,1484,0.10726589805116049
1296,200,1496,0.10729950835412293
1296,209,1505,0.1073153299050978
1301,212,1513,0.10732758357420041
1293,214,1507,0.10732878931821509
1289,212,1501,0.1073475997593663
1286,216,1502,0.10737475786909069
1292,213,1505,0.10740616704565181
1275,213,1488,0.10742239008252437
1278,214,1492,0.10747518771375532
1272,219,1491,0.10751605188483751
1275,218,1493,0.10756867033659319
1280,216,1496,0.1076106955644555
1279,224,1503,0.10763741908294562
1294,216,1510,0.10766475580142316
1290,218,1508,0.1076550006574876
1295,220,1515,0.10765443522714686
1305,219,1524,0.10764448324305753
1301,219,1520,0.10761543067832814
1282,216,1498,0.10759705321299887
1281,217,1498,0.10762436959905675
1269,218,1487,0.10765180088937881
1268,220,1488,0.10770572465992288
1260,223,1483,0.10775730385387751
1266,224,1490,0.10782347073577123
1272,221,1493,0.10787208693933385
1257,222,1479,0.10790156984197044
1263,224,1487,0.10796488638757477
1260,223,1483,0.10800828225980365
1258,222,1480,0.10805452058178697
1272,226,1498,0.10810091341291507
1260,226,1486,0.10811366917554438
1257,229,1486,0.10815342665369564
1255,237,1492,0.10819666830947075
1255,236,1491,0.10824151552218161
1258,237,1495,0.10828485038286757
1261,236,1497,0.1083177954205486
1270,238,1508,0.10834141466654987
1272,243,1515,0.10834399198649916
1257,242,1499,0.10834014975975186
1268,246,1514,0.10837187140047727
1261,245,1506,0.10837902906027623
1261,243,1504,0.10840160274436524
1258,241,1499,0.10842321070665353
1261,245,1506,0.10844774080435587
1248,240,1488,0.10846379251535992
1264,243,1507,0.10850819515871685
1264,243,1507,0.10851565630430493
1261,244,1505,0.10852223517617958
1245,242,1487,0.10853517277078317
1242,245,1487,0.10858115250244493
1240,252,1492,0.1086322194225126
1246,256,1502,0.10868370114444299
1255,254,1509,0.10871756190059428
1241,248,1489,0.1087296912941593
1246,244,1490,0.10877417302133832
1238,240,1478,0.10880338707188067
1238,240,1478,0.10884909251225994
1243,239,1482,0.10889071731575908
1246,239,1485,0.10891787315650511
1228,241,1469,0.10893145473839258
1239,244,1483,0.10898726974620265
1246,251,1497,0.10901329250939018
1249,252,1501,0.10902241564976269
1234,252,1486,0.10902493313867169
1230,249,1479,0.10906140622808388
1221,249,1470,0.10910426184401371
1223,249,1472,0.1091673819187264
1222,248,1470,0.1092184342269329
1228,249,1477,0.10926735160455824
1243,259,1502,0.10929958242900632
1246,259,1505,0.10929463673212002
1236,259,1495,0.10928519696548947
1246,259,1505,0.10930098221056792
1246,255,1501,0.10929306249441702
1239,256,1495,0.10928590176901717
1232,262,1494,0.10929657827070831
1238,265,1503,0.10932230102115267
1241,263,1504,0.10933112081062733
1244,260,1504,0.1093335678903099
1240,258,1498,0.10933052720196308
1251,257,1508,0.1093389519433519
1267,257,1524,0.10931695880207805
1266,252,1518,0.10926004940247525
1256,254,1510,0.10920938539736535
1247,249,1496,0.10918529606956597
1241,248,1489,0.10918363031253328
1248,247,1495,0.10919708172895114
1251,247,1498,0.10919469036258453
1251,247,1498,0.10918417066947943
1247,248,1495,0.10917315618118277
1250,249,1499,0.10917228189046585
1226,250,1476,0.1091654616673582
1242,248,1490,0.10921150587064027
1239,254,1493,0.10921881184924338
1250,254,1504,0.10923422678882108
1236,255,1491,0.10922387344632156
1249,259,1508,0.10924655618012384
1245,253,1498,0.10923690721207696
1255,260,1515,0.10923707661097815
1230,254,1484,0.109213905472465
1241,256,1497,0.10925079914888926
1231,251,1482,0.10926081370211466
1237,250,1487,0.10929089874336295
1250,252,1502,0.10930321365484356
1244,250,1494,0.10928147356097723
1240,251,1491,0.1092770579418317
1249,252,1501,0.10928110797009243
1249,253,1502,0.1092638912669177
1243,251,1494,0.10925129501272396
1245,248,1493,0.10925318271927623
1249,249,1498,0.10924806432680337
1252,256,1508,0.10923065955117017
1242,255,1497,0.10920802720222192
1251,250,1501,0.10921317840693366
1252,252,1504,0.10919935428537361
1251,249,1500,0.10918686496567823
1261,252,1513,0.10917524068594961
1257,253,1510,0.10914488202376753
1262,253,1515,0.10912455272514521
1249,255,1504,0.10909820234449352
1251,253,1504,0.10910420368837247
1258,254,1512,0.10910571263880105
1256,262,1518,0.10909329289347056
1246,268,1514,0.10908514810873754
1252,271,1523,0.10910124073473967
1244,277,1521,0.10910370974695237
1223,269,1492,0.10912252974478626
1220,273,1493,0.10918782956883259
1212,275,1487,0.10925598327771717
1223,284,1507,0.1093379015370311
1218,283,1501,0.10938726464386654
1218,280,1498,0.10944494226390214
1217,282,1499,0.10949683958936635
1207,285,1492,0.10954921749550571
1197,292,1489,0.1096207606784915
1213,291,1504,0.10971082125798715
1215,291,1506,0.10975964575989948
1219,295,1514,0.10979963934769507
1210,300,1510,0.10982752395043395
1215,298,1513,0.10987470741905966
1209,299,1508,0.10990741868452852
1216,296,1512,0.10995208363701263
1206,294,1500,0.10997769730741741
1205,294,1499,0.11002409403633645
1192,301,1493,0.11007131794405989
1204,296,1500,0.1101431713008509
1200,295,1495,0.11018252561154178
1212,296,1508,0.11022735285694932
1208,294,1502,0.11024242357454188
1205,295,1500,0.1102639774927166
1214,296,1510,0.11029096969780205
1204,304,1508,0.11029537903674916
1204,304,1508,0.1103225982320447
1198,303,1501,0.11034963040104721
1185,309,1494,0.1103892088721153
1178,309,1487,0.11045340900148468
1194,315,1509,0.11052924762242465
1196,307,1503,0.11056541129228854
1187,308,1495,0.11059539093166987
1197,305,1502,0.11064500253555502
1198,313,1511,0.1106674485812716
1195,315,1510,0.11068752795480787
1186,313,1499,0.11071340660903674
1172,317,1489,0.11075716436899466
1178,317,1495,0.11082880518251981
1183,313,1496,0.11088517202757714
1185,312,1497,0.11092535267279623
1190,323,1513,0.11095588798931928
1188,320,1508,0.11097072649242792
1183,321,1504,0.1109884749299173
1192,316,1508,0.11101682377947437
1192,326,1518,0.11102380727374295
1187,327,1514,0.11103112411382973
1181,323,1504,0.1110529824100531
1165,321,1486,0.11108803519853289
1171,328,1499,0.11115824667593088
1168,326,1494,0.11120944777337032
1181,323,1504,0.11126269957111974
1177,323,1500,0.11128395188752592
1178,325,1503,0.11130959751624658
1177,320,1497,0.11133190347242891
1168,329,1497,0.11135666157643329
1154,326,1480,0.11139888309370427
1162,328,1490,0.11147024585929471
1166,327,1493,0.11151708857596226
1163,330,1493,0.11155028319851899
1178,333,1511,0.11158965336383547
1171,334,1505,0.11159392535844789
1161,336,1497,0.11161059087326276
1155,340,1495,0.1116460448776682
1147,337,1484,0.11169178061978208
1145,341,1486,0.11175422430249764
1145,344,1489,0.11181838472312464
1146,343,1489,0.11187797419336076
1136,344,1480,0.1119284504038081
1137,345,1482,0.11200016365185521
1138,345,1483,0.11206414057958698
1153,341,1494,0.11212134121108479
1147,345,1492,0.11213569058417824
1159,345,1504,0.11216160564893166
1164,347,1511,0.11215825293718464
1159,344,1503,0.11214517653691873
1150,348,1498,0.11214632392791694
1145,346,1491,0.11216671497801961
1138,348,1486,0.11219771314401264
1138,346,1484,0.11224405665226042
1151,344,1495,0.11228827599021195
1137,339,1476,0.11230235653806256
1140,346,1486,0.11234759042492941
1135,353,1488,0.1123830383953701
1124,360,1484,0.11242971877748462
1134,366,1500,0.11249614599514489
1150,370,1520,0.11253848040906522
1142,370,1512,0.11253982122954533
1141,367,1508,0.11255725797589512
1142,369,1511,0.11257777503189711
1140,363,1503,0.11259423887061444
1142,369,1511,0.1126169101310818
1139,364,1503,0.1126350197465311
1151,364,1515,0.11265751651431272
1149,361,1510,0.11264811749437331
1137,363,1500,0.11264270873199483
1142,365,1507,0.11266516453781718
1141,365,1506,0.11267668414081826
1135,369,1504,0.11269098126911904
1148,372,1520,0.11271750740888745
1137,372,1509,0.11271252021618736
1130,377,1507,0.11273442763572028
1130,376,1506,0.11276918466761308
1134,374,1508,0.11280250527243424
1132,375,1507,0.11282297985178054
1132,371,1503,0.11284632124179238
1134,369,1503,0.11286963259571299
1124,377,1501,0.11288379331751874
1124,378,1502,0.11292315428942767
1125,381,1506,0.1129594779223942
1135,375,1510,0.11299176750408221
1132,378,1510,0.11300152703753738
1127,371,1498,0.11301560566479438
1137,375,1512,0.11304183217906955
1128,378,1506,0.11304551877445512
1119,378,1497,0.1130674842873854
1120,379,1499,0.11310902201896209
1112,376,1488,0.11314518089485731
1115,374,1489,0.11319787725794306
1122,375,1497,0.11323767504508776
1125,373,1498,0.1132584734306528
1116,371,1487,0.11326920067286414
1130,368,1498,0.113300697878215
1128,375,1503,0.11329740417868957
1129,376,1505,0.11329616345176216
1135,382,1517,0.11329173448103855
1122,377,1499,0.11327475655096389
1125,376,1501,0.11329208223139595
1120,372,1492,0.11330075973465227
1125,374,1499,0.11331952601428846
1114,379,1493,0.11332752902042569
1118,381,1499,0.11335975856334538
1121,378,1499,0.11338152227741681
1121,378,1499,0.11339310876047676
1116,377,1493,0.11340417272536055
1116,379,1495,0.11342504615029454
1119,380,1499,0.11344524726879826
1121,380,1501,0.1134574783909002
1117,381,1498,0.11346470082679297
1115,389,1504,0.11347987277559297
1111,393,1504,0.11350013276143045
1108,394,1502,0.11352914001637483
1110,387,1497,0.11356355129159727
1107,388,1495,0.11358985003802693
1106,390,1496,0.11361961233359534
1104,391,1495,0.11364917851112041
1116,393,1509,0.11368408370975494
1120,392,1512,0.1136886904054634
1105,400,1505,0.11368341462806927
1100,399,1499,0.1137119188957508
1093,399,1492,0.11375235920232683
1098,401,1499,0.11380765103877633
1109,405,1514,0.11385047895292967
1109,402,1511,0.11386600971287641
1112,401,1513,0.11387842915651179
1102,403,1505,0.11388384184593449
1123,407,1530,0.11391039456874064
1110,406,1516,0.11388737594700665
1095,397,1492,0.1138942912902003
1104,402,1506,0.11393788579422334
1107,404,1511,0.11395832438600773
1104,404,1508,0.11397109344977605
1099,398,1497,0.11398904179170684
1095,397,1492,0.11401824695905788
1093,398,1491,0.1140531947652611
1104,394,1498,0.11408969724686
1096,393,1489,0.11409589099153336
1096,390,1486,0.11412065171716403
1107,395,1502,0.11414314804259842
1104,398,1502,0.11414018630695168
1108,396,1504,0.11414502975273226
1110,401,1511,0.11413840246381927
1097,401,1498,0.11412806684117158
1092,407,1499,0.11414965196797562
1099,410,1509,0.11418002587816506
1091,401,1492,0.11419246567303581
1089,396,1485,0.11422264780253155
1091,399,1490,0.11425407373832983
1097,401,1498,0.11427970201761355
1100,395,1495,0.11429146704367354
1105,390,1495,0.11429242285710792
1116,387,1503,0.11428261500168851
1118,393,1511,0.11424997589629499
1117,394,1511,0.11421460380322063
1114,393,1507,0.1141823633207344
1111,399,1510,0.11416156182694333
1100,398,1498,0.11415072782629095
1106,400,1506,0.11416558506450039
1099,397,1496,0.11416520435235573
1088,402,1490,0.11417985122459483
1092,403,1495,0.11421891068942909
1097,405,1502,0.11424476259077711
1100,405,1505,0.11425670073595047
1105,407,1512,0.1142572546276848
1102,408,1510,0.11424866199722424
1114,404,1518,0.11424780624133782
1105,396,1501,0.11421436264760537
1104,400,1504,0.11420374893624011
1109,388,1497,0.11419942803269331
1097,390,1487,0.11418125655570137
1088,396,1484,0.11419402335713108
1082,393,1475,0.11422804479285005
1085,396,1481,0.1142751699666014
1087,400,1487,0.11431155595979163
1104,403,1507,0.11433795011666344
1115,408,1523,0.11432060468283481
1107,402,1509,0.11428132226874606
1109,405,1514,0.11426527900660957
1106,400,1506,0.11424616386816014
1109,403,1512,0.11423536787828745
1101,401,1502,0.11421909185845144
1094,400,1494,0.11422110863692982
1101,392,1493,0.11423871256087786
1091,388,1479,0.11424059734625512
1100,388,1488,0.11426320631111941
1100,388,1488,0.11426527992552726
1086,397,1483,0.11426504081035645
1098,406,1504,0.11429720520525966
1097,407,1504,0.1143018131024715
1088,407,1495,0.11431022573683812
1076,414,1490,0.11433808292010873
1074,410,1484,0.11439388811683075
1076,414,1490,0.11445146597931607
1073,410,1483,0.11449935790757827
1082,414,1496,0.11454985353575577
1076,420,1496,0.11457671253089349
1083,422,1505,0.114618132818186
1073,420,1493,0.11463954888018763
1070,419,1489,0.11467874586859456
1075,425,1500,0.11472140047319856
1070,428,1498,0.11475253780509806
1073,435,1508,0.11479470357815107
1077,438,1515,0.11482675641832323
1081,440,1521,0.1148477774449592
1077,430,1507,0.11485825104123416
1065,426,1491,0.11487703380789778
1054,429,1483,0.1149213182265462
1060,428,1488,0.1149905135858085
1067,434,1501,0.11504049268854726
1069,435,1504,0.11506990548099985
1067,434,1501,0.11509255886906264
1067,430,1497,0.11511921786636918
1059,431,1490,0.11514229734941454
1074,426,1500,0.11518527021230561
1065,426,1491,0.11518633135833596
1055,430,1485,0.11520910848729451
1053,432,1485,0.11525274856668187
1045,429,1474,0.11530181038466729
1054,432,1486,0.11536530591684531
1065,436,1501,0.11540254316465362
1047,438,1485,0.11540779399961004
1049,442,1491,0.115454036439397
1042,445,1487,0.1154936459747046
1051,444,1495,0.1155476668422482
1054,451,1505,0.11557597532928457
1068,441,1509,0.11559726701085342
1069,447,1516,0.11558668885457295
1061,447,1508,0.11557564147260788
1072,447,1519,0.11558310264874187
1057,448,1505,0.11556416563681018
1055,461,1516,0.1155811175429283
1056,459,1515,0.11560353631512114
1053,454,1507,0.1156258383249521
1053,456,1509,0.11565423867500192
1043,461,1504,0.11567970378491008
1032,463,1495,0.1157274813070294
1033,462,1495,0.11579816270571071
1035,465,1500,0.1158621167124763
1035,461,1496,0.11591787485973783
1036,472,1508,0.11596845095276048
1033,481,1514,0.11601395552334434
1029,489,1518,0.11606505909231613
1028,495,1523,0.11612365133360047
1019,490,1509,0.11618222487199213
1001,486,1487,0.11625841289961591
1003,487,1490,0.11636857511340004
1003,490,1493,0.11646757860997652
1006,493,1499,0.11655872638765391
1001,490,1491,0.11663544886342457
1006,493,1499,0.11671917553866226
999,502,1501,0.11678655218412931
1001,505,1506,0.11686254309226946
1002,493,1495,0.11693016627290635
1004,497,1501,0.11699014510775932
992,501,1493,0.1170395507409123
984,504,1488,0.11711662513240001
972,508,1480,0.11720409922102519
981,513,1494,0.11731299252429526
991,515,1506,0.11739509320399857
1002,516,1518,0.1174505078351859
1009,518,1527,0.11746939943138707
1001,504,1505,0.11747091868485797
1003,507,1510,0.11749192416026587
995,507,1502,0.1175088608283735
997,507,1504,0.11753731856006079
1009,500,1509,0.117561255498908
1016,497,1513,0.11755771504898689
1011,497,1508,0.11753693097544111
1018,498,1516,0.11752948419081691
1008,500,1508,0.1175080010862844
1012,495,1507,0.11750934459992904
1004,488,1492,0.11749778301300559
1003,490,1493,0.11750732158653607
1001,502,1503,0.11752174324882603
999,505,1504,0.1175425062459561
1004,507,1511,0.11756617655205971
997,508,1505,0.11757949351045849
986,507,1493,0.11760677776636609
989,507,1496,0.11765841031119816
990,503,1493,0.11769639426231042
988,511,1499,0.11773155055853636
989,513,1502,0.11777235248985882
985,507,1492,0.11780710020372222
991,518,1509,0.11784690228034687
997,514,1511,0.11786481768860164
993,506,1499,0.11786852467899228
991,499,1490,0.11787916873671554
985,502,1487,0.11788841509121557
994,501,1495,0.11791187040988958
983,504,1487,0.11791243493018883
984,508,1492,0.11794144986173367
977,506,1483,0.11796767565055256
999,505,1504,0.11801008459838018
996,504,1500,0.11799632667825137
983,513,1496,0.1179936713940835
987,512,1499,0.11802268462288108
987,518,1505,0.11803819262280477
981,518,1499,0.11805210766675693
994,515,1509,0.11807839277553907
994,520,1514,0.1180747830277636
987,524,1511,0.11807209719830655
988,524,1512,0.11808790596370128
983,522,1505,0.11809908500177521
978,526,1504,0.11812023125321491
972,525,1497,0.11815324049522508
967,521,1488,0.11819730627346989
972,519,1491,0.11825052520475257
978,521,1499,0.1182899449079249
976,528,1504,0.11831478231243421
975,542,1517,0.11834306112905228
969,533,1502,0.11837133474548811
973,532,1505,0.11841187392004054
978,537,1515,0.11844242251248435
978,533,1511,0.1184582528284231
964,528,1492,0.11847452261562537
970,524,1494,0.11852086947904646
968,528,1496,0.11854964331371316
970,532,1502,0.11857933296421377
969,530,1499,0.11860377646671431
967,542,1509,0.118627703198199
964,547,1511,0.1186547489525179
965,543,1508,0.11868688394700484
961,542,1503,0.11871581837982877
966,546,1512,0.11875306502628494
970,549,1519,0.11878063063174409
975,536,1511,0.11879649143122747
960,535,1495,0.11880231111787654
968,529,1497,0.11883752395678941
960,542,1502,0.1188500027130307
958,542,1500,0.11888035190204033
961,542,1503,0.11891500532281633
959,552,1511,0.1189398792303701
966,553,1519,0.11896962347859998
954,551,1505,0.11898060870981492
955,555,1510,0.1190204185306977
953,551,1504,0.11905578123816243
952,559,1511,0.11909382589563702
946,561,1507,0.11913229659924468
940,565,1505,0.1191833331320505
933,562,1495,0.11924238774669212
932,556,1488,0.11931147087289475
946,547,1493,0.11937451562688217
940,552,1492,0.11940055583109534
945,550,1495,0.11943870753378548
944,551,1495,0.11946429543837075
937,549,1486,0.11948706257280914
935,546,1481,0.1195256640838479
944,548,1492,0.11956719332091435
939,555,1494,0.11958197531250964
938,549,1487,0.11960795663759391
941,541,1482,0.11963500595933317
950,551,1501,0.11965479270196357
950,556,1506,0.11965485752141226
955,551,1506,0.11965433164963894
948,554,1502,0.11964088551282988
942,549,1491,0.11964521676496176
946,551,1497,0.11966434770576763
956,558,1514,0.11967321699884159
955,554,1509,0.11965726214186759
955,552,1507,0.11964704241500232
948,556,1504,0.11963811647306237
945,550,1495,0.11964270423514466
945,556,1501,0.11965399192443259
948,562,1510,0.11966211273647581
946,564,1510,0.11966138862326094
945,563,1508,0.11966835311138478
941,554,1495,0.11967392517918944
943,561,1504,0.11968408094312605
946,559,1505,0.11968805793397606
940,553,1493,0.11968391692071219
937,550,1487,0.11969741739992285
938,554,1492,0.11971830302300525
939,557,1496,0.11973758374319171
943,561,1504,0.11975320332054867
947,563,1510,0.11976195972695201
939,559,1498,0.11976033353134544
948,554,1502,0.11977581284223092
953,551,1504,0.11977085721854863
934,552,1486,0.11975668813421148
938,553,1491,0.11978792023417263
943,553,1496,0.11980822486687266
932,547,1479,0.11981512996137181
933,542,1475,0.11984583218591968
945,548,1493,0.11987026527821175
947,555,1502,0.11986428038854521
935,561,1496,0.11985390502266755
928,553,1481,0.11987102955894283
940,544,1484,0.11990315569574289
930,544,1474,0.11990875794888194
928,549,1477,0.11993720465774761
935,551,1486,0.1199688494571069
941,550,1491,0.11997505167940188
937,558,1495,0.11996710119572927
938,563,1501,0.11996962205887908
928,561,1489,0.11996932373192262
935,569,1504,0.11999454723497482
928,560,1488,0.11999590035900937
932,559,1491,0.12001523129531436
934,566,1500,0.12002346305303054
935,568,1503,0.1200257916044913
934,570,1504,0.12002908632092463
938,569,1507,0.12003777222485351
930,576,1506,0.12003748117383303
929,578,1507,0.12005624051649182
924,579,1503,0.1200776089866474
932,582,1514,0.12010865746943993
921,584,1505,0.12011994333951016
932,577,1509,0.12015258516932609
936,573,1509,0.12015820914554919
938,570,1508,0.12015483476313317
923,577,1500,0.12014956564954232
933,580,1513,0.12018026390462339
925,585,1510,0.1201850993006339
926,586,1512,0.12020763225495144
914,591,1505,0.12022542806867044
908,590,1498,0.12027270187975705
909,593,1502,0.1203297710461984
917,593,1510,0.12038048466279416
913,590,1503,0.12040964235431927
904,585,1489,0.12044313688524333
908,590,1498,0.1204979389223908
902,604,1506,0.12054395988997223
902,605,1507,0.12060184698657217
901,609,1510,0.12065387686367197
904,614,1518,0.12070623611548723
908,612,1520,0.12074684258200677
896,608,1504,0.12077736073979031
894,607,1501,0.1208339203877821
901,607,1508,0.12089223216944138
899,606,1505,0.12092902328184926
897,607,1504,0.12096955114431611
891,617,1508,0.12101199935004982
897,623,1520,0.1210673475253164
889,623,1512,0.12110453575531366
881,629,1510,0.1211599860670102
881,628,1509,0.12123062051628615
872,625,1497,0.12129595102207931
883,625,1508,0.12137574512452177
887,620,1507,0.12142180856892332
890,617,1507,0.12145479243112217
888,616,1504,0.12147991121684992
876,616,1492,0.12150284511505599
876,622,1498,0.12155324191386714
867,622,1489,0.12160439113096051
863,624,1487,0.12167239543375166
871,627,1498,0.12174143230372579
879,625,1504,0.1217857675140599
881,623,1504,0.1218084942285697
885,617,1502,0.12182706368810357
890,621,1511,0.12183538407638483
885,624,1509,0.12183384979218624
879,626,1505,0.12184121188818586
873,637,1510,0.12186047570857812
874,634,1508,0.12189448230567479
871,640,1511,0.12192683613913552
859,638,1497,0.1219639085575207
865,641,1506,0.12202587494194564
876,638,1514,0.12207286828456276
879,638,1517,0.12209070181827986
880,631,1511,0.1220973812662135
880,636,1516,0.12210082133049159
882,636,1518,0.12210665824911686
877,635,1512,0.12210670119010164
864,629,1493,0.1221223117953481
862,635,1497,0.12216600190156168
856,638,1494,0.12221023088147678
858,648,1506,0.12226542825416117
845,646,1491,0.12231346111423828
852,651,1503,0.12238848298630461
850,646,1496,0.12244309303987272
848,651,1499,0.12249967981666711
849,647,1496,0.12255621666675606
859,640,1499,0.12260563174582394
866,637,1503,0.1226225494384548
869,642,1511,0.122620211004557
873,646,1519,0.12261378146238006
868,648,1516,0.12259820148895101
860,652,1512,0.12259529446782144
839,656,1495,0.12261247039802281
855,654,1509,0.12267845257870284
864,656,1520,0.1227066508856517
860,652,1512,0.12271152837382364
868,643,1511,0.1227259784725533
865,650,1515,0.12271825527808236
862,642,1504,0.12271761222823133
858,645,1503,0.12272211438960014
866,645,1511,0.12273514900077402
864,643,1507,0.12273184559166708
862,649,1511,0.12273383478583803
859,651,1510,0.12274182045097878
849,648,1497,0.12275644968158089
848,647,1495,0.12279286088712726
850,654,1504,0.12283119024327509
847,650,1497,0.12286107655028701
841,663,1504,0.12289603577417604
843,665,1508,0.12294439007664883
841,663,1504,0.12298224430197942
838,666,1504,0.12302122926679218
839,671,1510,0.12306606789893232
827,669,1496,0.12310565318040201
834,667,1501,0.12316928339554746
822,667,1489,0.12321188297095827
822,658,1480,0.12327846701386594
828,663,1491,0.12334121661189876
822,663,1485,0.12338563789488496
810,666,1476,0.12344158075179942
807,658,1465,0.12352219980645103
818,663,1481,0.12360415147531834
820,672,1492,0.12365275786287516
832,677,1509,0.12369466586558112
833,677,1510,0.12370768349432222
843,669,1512,0.12371832523704088
834,672,1506,0.12369810680111983
829,671,1500,0.12370409751439525
825,674,1499,0.1237175507333446
819,682,1501,0.12373959910409336
824,680,1504,0.12376962632144721
819,678,1497,0.1237894554051126
822,678,1500,0.12382062862807824
821,687,1508,0.12384173994778909
816,686,1502,0.12386137735964717
819,691,1510,0.12389253700488549
816,694,1510,0.12391533995371214
820,691,1511,0.12394627169498541
823,674,1497,0.12396465861720923
821,675,1496,0.12397498103622906
812,676,1488,0.12398688405036856
826,676,1502,0.12401942063835701
825,676,1501,0.1240200489919355
828,680,1508,0.12402544398946738
834,683,1517,0.12402126521237619
829,681,1510,0.12400352770852358
833,683,1516,0.12399997362521929
825,683,1508,0.12398844519545582
819,684,1503,0.12399809563856312
815,687,1502,0.12401975445422696
808,678,1486,0.12404869134767985
796,680,1476,0.12409394364411125
805,668,1473,0.1241614580914927
810,679,1489,0.12419886264077064
809,690,1499,0.12422100458495083
803,692,1495,0.12424376475308316
808,687,1495,0.12428059958698494
807,682,1489,0.12430137728482926
811,684,1495,0.12432250738064905
805,690,1495,0.1243362757805356
799,699,1498,0.12436344724346961
812,693,1505,0.12440418258736369
808,699,1507,0.12440875706208697
811,689,1500,0.12442267361553234
813,694,1507,0.12442864918847299
812,700,1512,0.12442879112245826
808,697,1505,0.12443363332138371
810,700,1510,0.12444720973970322
803,703,1506,0.12445531626393291
800,704,1504,0.12447929976080928
785,701,1486,0.1245081678035758
797,695,1492,0.1245695533712302
789,696,1485,0.1245993591833474
791,698,1489,0.12464614032251445
788,698,1486,0.1246840827957966
794,705,1499,0.12472726891278438
795,709,1504,0.12475732527001877
791,712,1503,0.12478289848509458
781,717,1498,0.12481580528438005
784,709,1493,0.12487007601745787
782,714,1496,0.12491333114514047
780,713,1493,0.12495737974089774
779,714,1493,0.12500488056797884
782,716,1498,0.12505047102234917
783,718,1501,0.12508634054238288
776,722,1498,0.1251180864075102
782,717,1499,0.12516354735914065
790,716,1506,0.1251918233194179
798,722,1520,0.12519905827641872
803,716,1519,0.12518666456351102
804,706,1510,0.12516541852471127
804,708,1512,0.12514016763459682
805,712,1517,0.12512012822973032
805,712,1517,0.1250965283630473
801,708,1509,0.12507929787713185
795,705,1500,0.12507149079116187
794,707,1501,0.1250793559402749
797,708,1505,0.12508764001922
788,717,1505,0.1250883674094688
797,719,1516,0.12510886823368872
789,717,1506,0.1251091552703483
788,726,1514,0.12512628494694242
789,718,1507,0.125140555523658
787,709,1496,0.1251537410813788
787,708,1495,0.12517280979790854
778,715,1493,0.12519033311602668
783,716,1499,0.12522601417084953
774,717,1491,0.12524741906009
778,712,1490,0.12528641450195788
786,716,1502,0.125315389710742
790,720,1510,0.12532451471811976
804,719,1523,0.12532684375354244
794,730,1524,0.1252982060107484
786,724,1510,0.12529414954891988
788,719,1507,0.12530960902712995
784,722,1506,0.12531969811784502
775,736,1511,0.12533715410065038
776,731,1507,0.12537469344802868
768,728,1496,0.12540198985226478
766,727,1493,0.12544659173839035
769,734,1503,0.12549175806672078
770,723,1493,0.12552983947780563
776,728,1504,0.12556144189355833
775,726,1501,0.1255769285989986
787,734,1521,0.12559191391058044
791,732,1523,0.12557807559035333
783,731,1514,0.12555838766129304
778,731,1509,0.12556125836928167
774,737,1511,0.12557685477277908
782,736,1518,0.12560097609950788
779,731,1510,0.12560487904455878
770,731,1501,0.12561771699353472
765,734,1499,0.12565125909191802
764,737,1501,0.12569369198535976
762,742,1504,0.12573407457695643
765,737,1502,0.1257760417535847
769,744,1513,0.1258095267631832
768,739,1507,0.1258340051056459
768,747,1515,0.1258591206391641
758,751,1509,0.12588110059756327
761,745,1506,0.12592450144786796
765,751,1516,0.12595705474917782
755,752,1507,0.12597804393144585
749,751,1500,0.1260230485929514
751,754,1505,0.12607760965767567
749,755,1504,0.12612728374389529
744,752,1496,0.12617938931348666
751,747,1498,0.1262354395470082
759,744,1503,0.12627217962587756
756,747,1503,0.1262877717092988
756,743,1499,0.12630286824225934
761,747,1508,0.12631766528279262
763,740,1503,0.12631591093184721
766,743,1509,0.1263135800367638
768,749,1517,0.12630389332795217
775,739,1514,0.12628786438132591
781,732,1513,0.1262566926828881
773,737,1510,0.12621173733575397
769,736,1505,0.12619007463355897
764,741,1505,0.1261820372009047
759,749,1508,0.12618403972981979
752,744,1496,0.12619728361869992
749,742,1491,0.12622755792396886
751,747,1498,0.1262650788722286
761,748,1509,0.1262974138643845
767,753,1520,0.12630086026431334
769,749,1518,0.12629272703331074
764,746,1510,0.12628135946101157
757,746,1503,0.1262840133024338
754,750,1504,0.12630235687289765
751,750,1501,0.1263259936550376
752,758,1510,0.1263542067564838
747,748,1495,0.12637889883540226
757,749,1506,0.12641226211108286
752,752,1504,0.12641890115927645
760,759,1519,0.12643768015797419
752,763,1515,0.12643700975179528
761,755,1516,0.12645357835125143
753,755,1508,0.1264486881297919
750,752,1502,0.1264625283030227
739,742,1481,0.12648249297172917
748,738,1486,0.12652674506886014
746,752,1498,0.1265460814508727
741,754,1495,0.1265685133464981
734,760,1494,0.12660623476891433
736,764,1500,0.1266591859099556
733,765,1498,0.1266994218553122
736,769,1505,0.12674398196265682
738,769,1507,0.12677877368078602
735,762,1497,0.12680544736447327
732,763,1495,0.12683478746266352
732,760,1492,0.12686952932832193
738,767,1505,0.12690224792742014
735,772,1507,0.12691587243630145
737,764,1501,0.12693648779000585
747,764,1511,0.1269533926754516
737,764,1501,0.12694511210191992
739,768,1507,0.12696051213166382
744,771,1515,0.12697230484673105
745,772,1517,0.12697122966395527
733,775,1508,0.12696437032519098
734,773,1507,0.12698597387657692
744,769,1513,0.12700426763888287
748,775,1523,0.1269954753797206
737,767,1504,0.1269795432988861
738,760,1498,0.1269927952075165
733,759,1492,0.1270036147491446
737,775,1512,0.1270293909797286
728,779,1507,0.1270424586238766
724,779,1503,0.12707397332618092
732,784,1516,0.12711470668340558
738,783,1521,0.1271379821205799
730,781,1511,0.12714455100929029
719,782,1501,0.12717150807225028
723,781,1504,0.12722407416815856
714,781,1495,0.12726252458991755
723,787,1510,0.1273184753431139
712,790,1502,0.1273484968785886
700,797,1497,0.12740210328170942
700,808,1508,0.12747968792239134
705,808,1513,0.12755528967781843
711,795,1506,0.12761357448464994
705,783,1488,0.12765337504474428
701,791,1492,0.12770393835074992
705,784,1489,0.1277575902424589
695,791,1486,0.1277961175348299
695,797,1492,0.12785706677630632
704,807,1511,0.12791548395342417
702,809,1511,0.12794996769325084
706,806,1512,0.1279874402535496
698,794,1492,0.12801149880661392
694,787,1481,0.12805009312103466
694,792,1486,0.12809760296433648
697,795,1492,0.12814417307719966
702,800,1502,0.12817967167019234
701,806,1507,0.12819930518342898
694,802,1496,0.12822271645352376
704,806,1510,0.12825953331259363
705,798,1503,0.12827128976062163
702,804,1506,0.12827834826491533
696,811,1507,0.1282926815558865
705,811,1516,0.1283220550424272
706,806,1512,0.1283294251623098
699,815,1514,0.12833682302700755
700,815,1515,0.12836150177638506
700,818,1518,0.12838283084836533
699,817,1516,0.1284046594688678
699,817,1516,0.12842671985231868
687,817,1504,0.12844856893464598
674,831,1505,0.1284981025019313
669,832,1501,0.1285737231135
665,829,1494,0.12865573828976232
671,832,1503,0.12874059422973805
658,825,1483,0.12880475306883574
661,834,1495,0.12889557775947932
661,839,1500,0.12897119213136563
667,830,1497,0.12903610052325704
675,831,1506,0.12908185850409293
679,833,1512,0.12910505460322794
677,840,1517,0.12911723291777105
682,845,1527,0.1291333087821837
682,839,1521,0.12913898030355717
670,845,1515,0.12914606484496396
665,839,1504,0.1291817089905167
655,841,1496,0.1292256717248892
666,846,1512,0.1292891784558318
654,842,1496,0.129320191972653
652,846,1498,0.12937702171064655
657,847,1504,0.12943742506982214
663,855,1518,0.12948074265004372
672,863,1535,0.12950758701340778
668,865,1533,0.12951262897054577
663,861,1524,0.12952786735121688
664,858,1522,0.12955643508550663
656,863,1519,0.12957849848795322
657,867,1524,0.1296169779856003
659,853,1512,0.12964889118751202
642,859,1501,0.1296745981658739
642,859,1501,0.1297385776343035
643,862,1505,0.1298013232778873
637,868,1505,0.1298559594288334
631,877,1508,0.1299235856196863
631,868,1499,0.1299998700821615
634,868,1502,0.13007161312609553
634,870,1504,0.1301317960192328
632,874,1506,0.13018882320163785
635,866,1501,0.13024594373413426
635,874,1509,0.1302924765021831
624,880,1504,0.13033499950439192
625,879,1504,0.13040233651274785
629,887,1516,0.1304624455064344
627,899,1526,0.13050888449483092
625,896,1521,0.13055862982892852
626,899,1525,0.13061141626541822
628,897,1525,0.13065948602562927
618,888,1506,0.13069962421212936
626,893,1519,0.1307598776923652
620,891,1511,0.13079995282098936
614,891,1505,0.13084939945350313
618,896,1514,0.13091081443522956
617,905,1522,0.13096114937688913
610,900,1510,0.13101090985047537
610,902,1512,0.13107443533077162
609,912,1521,0.1311310084751364
607,902,1509,0.13118669000803385
610,899,1509,0.13124097061196724
607,895,1502,0.13128484048787725
613,905,1518,0.1313315575471103
610,913,1523,0.1313618115255825
606,910,1516,0.13139657622277137
602,904,1506,0.13144098357649864
600,900,1500,0.13149161133411988
602,910,1512,0.13154241135032996
595,917,1512,0.13158207312889
590,915,1505,0.13163489820219426
593,907,1500,0.131695548961508
589,909,1498,0.13174705477743098
596,908,1504,0.13180634148134085
594,912,1506,0.13184419179467963
590,912,1502,0.13188321593413782
588,908,1496,0.13193109956249835
586,914,1500,0.13197903237571482
589,912,1501,0.1320254084566785
586,914,1500,0.13206086837289846
583,920,1503,0.1320998507025595
580,921,1501,0.1321429698201021
578,929,1507,0.13219279297334766
585,927,1512,0.13224377934609927
590,929,1519,0.13227367798872913
588,927,1515,0.1322922212120056
583,930,1513,0.1323162691426578
574,934,1508,0.1323512842532491
569,936,1505,0.13240589322406313
564,943,1507,0.13246867911586901
566,941,1507,0.13254208192407585
562,939,1501,0.1326054187975309
563,937,1500,0.13267502706956757
558,937,1495,0.13273891767895393
552,933,1485,0.13281020952346118
546,945,1491,0.13289119235153393
555,947,1502,0.1329815689822434
566,951,1517,0.1330430574693415
566,952,1518,0.1330723607409339
564,952,1516,0.13310058698945942
567,949,1516,0.1331312238408675
565,944,1509,0.13315241472418773
568,953,1521,0.1331749444572507
564,954,1518,0.13319191524477125
550,958,1508,0.13321707026179191
545,961,1506,0.13327297813996666
550,963,1513,0.13333603257873183
554,962,1516,0.13338465808275674
552,960,1512,0.1334214633468676
543,970,1513,0.1334598725331505
534,973,1507,0.13351809636940287
520,972,1492,0.13359355061319145
520,972,1492,0.1336956751179333
532,968,1500,0.1337899380626697
536,957,1493,0.13384890034645328
544,959,1503,0.13389465510700405
534,968,1502,0.1339182708136551
528,970,1498,0.1339633305158144
539,947,1486,0.13402095260442576
539,954,1493,0.13404653408325562
539,954,1493,0.13406989032373745
541,977,1518,0.13409166962389973
531,976,1507,0.13410999109057242
537,976,1513,0.1341490278019917
528,984,1512,0.13416997988209853
533,983,1516,0.134207343307559
530,977,1507,0.13423304476861347
533,963,1496,0.1342634615701451
531,973,1504,0.13428388179578601
523,979,1502,0.13431051068929756
527,977,1504,0.13435375849091713
531,981,1512,0.13438676559206356
534,987,1521,0.13441111636636907
525,978,1503,0.13442546995443322
525,984,1509,0.13446185289863086
523,983,1506,0.13449761224503728
528,986,1514,0.13453372730934873
525,982,1507,0.13455311993238359
522,985,1507,0.13457886791908497
520,981,1501,0.13461039173665315
518,965,1483,0.13464515390874765
519,967,1486,0.1346821015105355
516,986,1502,0.13471275010175784
511,999,1510,0.1347512403536051
518,994,1512,0.1347978789888472
523,986,1509,0.13482744364708363
525,987,1512,0.13484033449011787
524,986,1510,0.13484815926507387
518,984,1502,0.13485917998669916
507,998,1505,0.1348841367958226
501,1008,1509,0.13493478348760063
509,1005,1514,0.13499728648377413
514,1000,1514,0.13503490689056735
509,1010,1519,0.1350584914380344
514,1001,1515,0.13509003767179598
514,1010,1524,0.13510778281577085
509,1011,1520,0.13512483489486235
503,1012,1515,0.13515193463848463
500,1011,1511,0.13519334401876254
500,1018,1518,0.1352364362244785
501,1032,1533,0.13527858130429138
511,1028,1539,0.13531630770279246
509,1020,1529,0.13533082354045745
503,1022,1525,0.13534910373082426
494,1015,1509,0.13538142762995045
489,1014,1503,0.13543173760240207
492,1022,1514,0.13549009915650562
488,1017,1505,0.13553907735992302
495,1018,1513,0.13559550384492947
492,1020,1512,0.1356314099867338
494,1017,1511,0.13567286362256564
481,1024,1505,0.13570416586144554
481,1020,1501,0.1357636612586974
482,1025,1507,0.13582006545817518
479,1022,1501,0.13586849448558988
481,1013,1494,0.13592111365627313
479,1019,1498,0.13596381801734084
483,1026,1509,0.1360071391319222
481,1009,1490,0.13603905349560366
482,1025,1507,0.1360738105479482
480,1015,1495,0.1361036962840046
478,1015,1493,0.13613529518571013
483,1015,1498,0.13616925702393584
479,1021,1500,0.13619061516836425
481,1021,1502,0.1362204988889612
478,1022,1500,0.13624104261236242
477,1024,1501,0.1362680143837089
473,1020,1493,0.13629393990785868
484,1017,1501,0.1363278209438664
479,1021,1500,0.13633420318165826
476,1026,1502,0.13635101494109858
478,1031,1509,0.13637408370620513
484,1032,1516,0.13639043732313147
479,1032,1511,0.13639469684112293
469,1039,1508,0.1364099081942765
458,1040,1498,0.136445100038738
461,1046,1507,0.13650367996493223
467,1044,1511,0.13655050625105777
464,1040,1504,0.13657980273111212
458,1038,1496,0.13661560624129185
466,1046,1512,0.1366632591599516
460,1043,1503,0.1366902182722445
459,1039,1498,0.13672922118415937
454,1050,1504,0.1367690181907293
453,1053,1506,0.13681776533931767
453,1053,1506,0.13686762095400298
445,1056,1501,0.13691357609149818
436,1062,1498,0.13697341837033153
433,1067,1500,0.13705245898909266
431,1053,1484,0.13713338695585445
439,1058,1497,0.1372135691253415
446,1061,1507,0.13726907508154976
446,1066,1512,0.1373059442575065
448,1071,1519,0.13733670725204294
446,1067,1513,0.13736190600950993
444,1067,1511,0.13739240454362087
441,1069,1510,0.13742358298725638
437,1066,1503,0.13746191935968188
430,1076,1506,0.13751009553860785
417,1068,1485,0.13757157910200213
421,1069,1490,0.137657693773291
433,1069,1502,0.13772825849341397
437,1071,1508,0.13776307405643018
439,1066,1505,0.13778434048367122
432,1064,1496,0.1378010147398403
429,1074,1503,0.1378328088504579
430,1078,1508,0.13787110488556878
418,1081,1499,0.13790422460572463
411,1084,1495,0.13796034225555054
410,1090,1500,0.1380298714113805
404,1086,1490,0.1380976064725488
408,1083,1491,0.13817244871150935
409,1090,1499,0.13823365882441735
409,1103,1512,0.13828724776815385
408,1098,1506,0.13833864077319874
414,1097,1511,0.1383899964987364
408,1089,1497,0.13842319959162752
403,1088,1491,0.13846908358904755
405,1091,1496,0.1385245464760646
405,1106,1511,0.1385717620339849
404,1117,1521,0.13861493151268267
407,1111,1518,0.13865630023069098
403,1112,1515,0.13868849957944138
396,1103,1499,0.13872886707633314
397,1104,1501,0.13878473095951271
396,1103,1499,0.13883394335139937
403,1097,1500,0.13888115076104413
408,1098,1506,0.13890928530348393
413,1097,1510,0.1389263791825389
401,1108,1509,0.1389303062105506
402,1113,1515,0.1389636261722333
401,1104,1505,0.13899144109253125
393,1100,1493,0.13901941677943438
390,1108,1498,0.13906387676164975
400,1109,1509,0.13911159852293864
399,1109,1508,0.1391305807024916
396,1111,1507,0.13915099743963044
398,1113,1511,0.13917509778613602
399,1114,1513,0.13919369988453656
396,1100,1496,0.1392089313535956
394,1109,1503,0.13923219511356288
393,1101,1494,0.13925694654589554
390,1094,1484,0.13927847587986014
396,1092,1488,0.13930599810853705
396,1109,1505,0.13931725791716634
395,1099,1494,0.1393279911836918
393,1102,1495,0.13934101890737846
391,1114,1505,0.13936085279643926
387,1112,1499,0.13938489484068795
390,1116,1506,0.1394157235753421
391,1105,1496,0.13943789715569088
394,1102,1496,0.13945681377764313
394,1115,1509,0.13946790160461842
396,1127,1523,0.13947780275125168
393,1134,1527,0.13948384752500323
394,1129,1523,0.13949923253178145
390,1135,1525,0.13951144034901838
389,1132,1521,0.13953398917855547
392,1133,1525,0.1395577232503787
389,1138,1527,0.13957347414633017
386,1124,1510,0.1395937454059403
389,1136,1525,0.13962028372730453
388,1138,1526,0.13963946349702688
391,1132,1523,0.13965776012463216
395,1138,1533,0.13966795488055653
393,1135,1528,0.1396680440633602
391,1125,1516,0.1396747258193506
391,1135,1526,0.13968495690771593
381,1122,1503,0.13969382358150428
381,1127,1508,0.13972488530662744
379,1127,1506,0.13975367185233512
384,1123,1507,0.13978751075436174
382,1130,1512,0.1398074246824489
382,1133,1515,0.13983098071398486
381,1142,1523,0.1398546702893799
380,1128,1508,0.1398802156660631
382,1134,1516,0.13990321502659456
384,1130,1514,0.13991766524662722
382,1133,1515,0.1399255451847986
378,1135,1513,0.1399394307543875
376,1113,1489,0.1399621919749709
372,1117,1489,0.1399870250274967
375,1120,1495,0.14002048290792252
377,1122,1499,0.1400455674664286
373,1121,1494,0.14006567285254307
379,1114,1493,0.14009228919880723
381,1118,1499,0.14010248941638714
381,1125,1506,0.14010442379862215
380,1127,1507,0.14010595078905022
387,1120,1507,0.14010848415543317
387,1120,1507,0.14009403292422992
384,1121,1505,0.14008327516914323
383,1131,1514,0.14007983122099255
380,1120,1500,0.14007908116993675
379,1128,1507,0.14008744586698
382,1130,1512,0.140097328430405
388,1134,1522,0.14009803301247215
383,1128,1511,0.14008387955684515
386,1115,1501,0.14008305915487596
388,1107,1495,0.1400748971709395
381,1122,1503,0.14006121083111556
374,1129,1503,0.14006526843398517
381,1133,1514,0.14008366899918961
392,1141,1533,0.14008276415192455
392,1139,1531,0.14005372785772557
397,1131,1528,0.14003032295757617
389,1123,1512,0.13999742673310828
385,1114,1499,0.13998554002820662
393,1122,1515,0.1399815722649012
390,1133,1523,0.13995799993455638
395,1131,1526,0.13994524930855826
391,1123,1514,0.1399206010481781
391,1120,1511,0.13990799453165428
387,1112,1499,0.13989818144919502
386,1112,1498,0.13989817765271836
392,1121,1513,0.1398995089342223
396,1111,1507,0.1398882925447415
396,1113,1509,0.13986567801947658
395,1114,1509,0.13984677440847984
394,1113,1507,0.1398312863126067
396,1122,1518,0.13982127710210515
397,1120,1517,0.13980660264216044
400,1113,1513,0.13978747716334103
407,1107,1514,0.1397637268770724
409,1107,1516,0.1397247935453477
409,1093,1502,0.1396827817796135
409,1086,1495,0.1396454587123071
404,1088,1492,0.1396093319997539
406,1097,1503,0.13958829543975487
402,1098,1500,0.13956231914492911
403,1104,1507,0.13954303337322244
406,1101,1507,0.13952302668041852
401,1110,1511,0.13949704868890117
405,1100,1505,0.1394853562499933
404,1093,1497,0.13946724235708913
408,1104,1512,0.13945414127126599
409,1111,1520,0.13943257799033662
413,1105,1518,0.13941023828349464
414,1105,1519,0.13938159860688903
411,1105,1516,0.13935095921263232
410,1103,1513,0.13932999106761787
412,1103,1515,0.13931511343104006
410,1097,1507,0.1392954799211709
403,1098,1501,0.13928185669859822
402,1099,1501,0.13928678074108758
402,1103,1505,0.13929409097593737
396,1106,1502,0.1393003140424303
399,1102,1501,0.13931931194757413
402,1108,1510,0.13932882958263942
398,1114,1512,0.13932995842655554
395,1113,1508,0.13934131552822912
391,1117,1508,0.139360279063069
388,1118,1506,0.1393880301347138
392,1112,1504,0.13942303777342477
390,1116,1506,0.13944668785609932
395,1110,1505,0.1394753304082647
395,1125,1520,0.13948841778649645
394,1104,1498,0.1395006693472417
392,1105,1497,0.13951263807699196
390,1101,1491,0.1395288131723507
399,1108,1507,0.13954818176057507
404,1103,1507,0.1395438961005904
396,1100,1496,0.13952737590736053
402,1107,1509,0.13953082098132552
388,1105,1493,0.13951909098637372
393,1106,1499,0.1395408365574414
391,1112,1503,0.13954817003658135
394,1102,1496,0.13956013843864462
396,1102,1498,0.13956344493925607
392,1106,1498,0.13956045836144684
389,1111,1500,0.13956758694194335
395,1108,1503,0.13958402933115235
396,1108,1504,0.1395865834479562
390,1108,1498,0.1395852011200468
389,1110,1499,0.13959953965520897
387,1123,1510,0.13961583781767353
387,1119,1506,0.13963595531820758
387,1125,1512,0.1396565480954779
390,1118,1508,0.13967558399846347
389,1127,1516,0.13968748931838404
392,1124,1516,0.13970179861166027
396,1125,1521,0.13970916539746459
396,1120,1516,0.13970628737314592
391,1132,1523,0.13970531618466736
388,1132,1520,0.13971593068997173
384,1125,1509,0.1397314848090588
385,1115,1500,0.1397558922920898
385,1111,1496,0.13977685886195124
393,1109,1502,0.13979558070101908
394,1120,1514,0.13979390813792605
395,1121,1516,0.13978730765302816
396,1109,1505,0.1397761671648486
396,1119,1515,0.1397632108027924
389,1128,1517,0.13975310106214425
390,1127,1517,0.13975884279904735
385,1128,1513,0.1397631279229683
386,1127,1513,0.13978079199152343
374,1129,1503,0.13979074049127488
377,1133,1510,0.13982981496872937
373,1129,1502,0.13986032422721476
373,1136,1509,0.1398972610040311
372,1140,1512,0.13993404084212874
375,1140,1515,0.13997156476848205
374,1139,1513,0.13999942385092928
371,1137,1508,0.1400279517491608
367,1141,1508,0.14006366542733603
364,1142,1506,0.14010613395849977
365,1164,1529,0.14015220660014432
364,1157,1521,0.14019419536106
363,1158,1521,0.14023797650022327
361,1162,1523,0.14028109829466787
365,1160,1525,0.14032730515132746
368,1149,1517,0.140359133662975
362,1154,1516,0.14038008233431187
363,1149,1512,0.14041103266515165
362,1159,1521,0.14043859131776715
353,1148,1501,0.14046818392422702
359,1156,1515,0.1405162334893763
361,1156,1517,0.14054852910524857
361,1158,1519,0.14057385982559076
361,1162,1523,0.1405979541512535
365,1149,1514,0.14061949908643648
359,1157,1516,0.1406295083118588
351,1154,1505,0.14065196659333284
354,1145,1499,0.14068969813834228
349,1149,1498,0.14071995968408793
349,1150,1499,0.14075925237377934
360,1151,1511,0.1407978345570987
353,1156,1509,0.14080637640469196
353,1153,1506,0.14083069784500588
355,1141,1496,0.14085549110936665
347,1156,1503,0.14087311722056708
351,1166,1517,0.14090951981625868
354,1157,1511,0.14093362815056754
357,1163,1520,0.14095105357619028
355,1153,1508,0.1409589761220898
349,1154,1503,0.14097262078017267
347,1159,1506,0.14099838932320813
350,1149,1499,0.14102776551465981
347,1149,1496,0.1410486021500492
347,1158,1505,0.14107320631317866
347,1165,1512,0.14109513460432313
342,1160,1502,0.14111565314695468
340,1165,1505,0.14114583552754115
343,1165,1508,0.14117760208098148
346,1159,1505,0.14120063318331294
341,1160,1501,0.14121358454722313
342,1157,1499,0.14123934659554752
345,1146,1491,0.14126025303990963
344,1151,1495,0.1412751322525911
348,1155,1503,0.14128962111060886
356,1167,1523,0.14129172441189472
353,1161,1514,0.14127080714049492
350,1173,1523,0.14126155573622554
351,1182,1533,0.14125929571538642
346,1172,1518,0.14125708695635444
347,1182,1529,0.14126506014266213
351,1166,1517,0.14127174611067927
349,1158,1507,0.14126642339686357
350,1157,1507,0.1412682868132169
348,1158,1506,0.14126788797926892
348,1159,1507,0.14127285088924105
355,1165,1520,0.14127793310048134
345,1160,1505,0.14126833020641072
344,1156,1500,0.14128328212346564
338,1160,1498,0.14130046782027736
338,1162,1500,0.1413316641103054
339,1157,1496,0.14136127142601226
335,1155,1490,0.14138621067566218
335,1165,1500,0.1414192821943682
336,1176,1512,0.1414498389898313
342,1179,1521,0.1414758862205274
339,1192,1531,0.1414848431294998
338,1191,1529,0.1414999821351086
335,1190,1525,0.14151819792072487
333,1178,1511,0.141543265577871
320,1174,1494,0.14157102549837194
330,1176,1506,0.1416245958817701
324,1177,1501,0.1416502315005466
328,1175,1503,0.14168848524432093
327,1182,1509,0.14171464160534453
331,1178,1509,0.14173943195956562
331,1191,1522,0.14175399664511137
331,1186,1517,0.1417674221516065
333,1189,1522,0.14178011415823302
331,1197,1528,0.14178949356370185
332,1197,1529,0.14180461991681959
327,1195,1522,0.14181762185621305
332,1196,1528,0.1418394391907894
328,1194,1522,0.14184813739576463
328,1192,1520,0.1418650164869336
325,1179,1504,0.14188161613739292
329,1195,1524,0.14190414492078776
334,1190,1524,0.1419165180248131
330,1195,1525,0.14191630020982018
325,1191,1516,0.14192501958323425
326,1196,1522,0.14194613840339143
324,1196,1520,0.14196435586102452
325,1204,1529,0.14198770326527335
319,1212,1531,0.1420079437949914
312,1213,1525,0.14203984152424945
307,1201,1508,0.14208585791343709
311,1199,1510,0.14214020755024415
309,1204,1513,0.14218273222998204
313,1215,1528,0.1422278770885525
310,1205,1515,0.14226079590621335
310,1187,1497,0.14229804545254804
313,1191,1504,0.14233090002077817
312,1206,1518,0.1423524092752651
316,1206,1522,0.14237705515366303
316,1206,1522,0.14238948426690803
311,1221,1532,0.14240019139455395
307,1213,1520,0.1424232712310112
306,1214,1520,0.14245530304941412
305,1216,1521,0.14248745797828058
303,1208,1511,0.1425187248962912
304,1204,1508,0.14255374255209247
308,1201,1509,0.1425821659015678
317,1195,1512,0.14259784335012338
318,1206,1524,0.14258927599678295
318,1210,1528,0.14257992981082526
308,1200,1508,0.14257139017890402
310,1195,1505,0.14258716815889524
314,1198,1512,0.14259577573748983
310,1194,1504,0.1425943228203437
318,1191,1509,0.14260160911503905
322,1194,1516,0.1425901315548935
324,1190,1514,0.14257050352238385
320,1201,1521,0.1425472031837928
317,1198,1515,0.14253510340809958
316,1189,1505,0.1425304794828146
315,1181,1496,0.14252940605985598
312,1183,1495,0.1425287390446441
318,1189,1507,0.14253717826267265
316,1189,1505,0.14252960310108634
318,1188,1506,0.14252908361340766
319,1189,1508,0.14252344102895342
324,1205,1529,0.14251538775011346
321,1188,1509,0.1424957410066131
318,1197,1515,0.14248458599267144
313,1206,1519,0.14248033168993968
311,1199,1510,0.14248708738739468
310,1206,1516,0.14250013184408805
311,1206,1517,0.14251426265491837
312,1207,1519,0.14252729030643324
307,1205,1512,0.1425389878426773
304,1208,1512,0.14256385665227062
307,1202,1509,0.14259404893068395
303,1218,1521,0.1426165880944442
301,1229,1530,0.14264676819249855
301,1227,1528,0.14267977738427473
297,1223,1520,0.1427095149739498
291,1210,1501,0.14274731770922894
285,1215,1500,0.1427939413041167
288,1206,1494,0.14285263441719084
285,1215,1500,0.14290003985843985
280,1218,1498,0.1429520364555284
275,1225,1500,0.1430115254076378
274,1210,1484,0.1430777311622338
277,1219,1496,0.14313876968446454
276,1222,1498,0.14318877866415924
280,1223,1503,0.14323755376088643
284,1228,1512,0.143274975557443
285,1233,1518,0.14330117128718142
282,1237,1519,0.14332350063750252
283,1218,1501,0.1433508043409806
281,1220,1501,0.14337290332133468
281,1220,1501,0.14339956774780094
279,1222,1501,0.14342555073433147
276,1222,1498,0.14345607321199463
276,1232,1508,0.1434911913229268
281,1215,1496,0.14352329089336568
278,1208,1486,0.14353945545722416
276,1223,1499,0.1435629544744984
276,1229,1505,0.14358964605333205
273,1236,1509,0.14361548896531418
272,1255,1527,0.14364669686342568
265,1248,1513,0.14367921859049043
267,1260,1527,0.14372702240879093
262,1253,1515,0.14376634420317186
265,1250,1515,0.1438133384810364
269,1253,1522,0.1438482496327886
270,1255,1525,0.14387235959663225
269,1253,1522,0.14389212695223563
273,1269,1542,0.14391352681653008
270,1256,1526,0.1439265006068037
273,1253,1526,0.14394618080412103
271,1252,1523,0.14395880477035267
263,1253,1516,0.143974966770968
265,1254,1519,0.14400986212228617
265,1255,1520,0.14403688166576817
265,1251,1516,0.14406080744523167
263,1248,1511,0.14408239988804963
265,1253,1518,0.14410766832731528
266,1250,1516,0.14412658080299384
267,1244,1511,0.14414172641062842
264,1250,1514,0.1441515366476505
254,1245,1499,0.14417057029952707
254,1248,1502,0.14421152068330617
255,1255,1510,0.14425047581101097
265,1268,1533,0.14428245758166203
270,1266,1536,0.14428668770037303
269,1269,1538,0.1442786316415657
266,1259,1525,0.14427249298038022
267,1247,1514,0.14427317027168432
268,1252,1520,0.1442718315219839
267,1247,1514,0.14426820699746912
267,1248,1515,0.14426628384770232
268,1234,1502,0.14426498736969554
272,1238,1510,0.1442612895503491
273,1234,1507,0.14424923377577956
270,1238,1508,0.14423484559681612
269,1248,1517,0.14422727843684385
270,1246,1516,0.14422173184734022
271,1248,1519,0.1442145844176647
267,1246,1513,0.14420607340544742
260,1235,1495,0.144209552800872
261,1237,1498,0.14423025683744695
262,1248,1510,0.14424515734023902
267,1245,1512,0.1442552954320374
269,1240,1509,0.144254713846983
266,1243,1509,0.1442479621096189
265,1238,1503,0.1442502746774424
256,1249,1505,0.14425583787287777
259,1244,1503,0.14428299562813737
258,1264,1522,0.14429920764208576
260,1267,1527,0.1443168725964812
260,1235,1495,0.14432913360786837
259,1246,1505,0.14434169101658317
264,1238,1502,0.14435653526168354
260,1234,1494,0.14435807674505635
254,1239,1493,0.14436904253306138
250,1243,1493,0.1443935057665936
247,1252,1499,0.14442613148619377
245,1259,1504,0.14446517367318848
249,1253,1502,0.14450584172355233
248,1263,1511,0.14453280381212458
253,1254,1507,0.1445584546818591
252,1262,1514,0.14457040843365818
248,1254,1502,0.14458280724243053
246,1268,1514,0.14460385800092
247,1270,1517,0.14462938180471333
249,1268,1517,0.14465240467475185
246,1250,1496,0.14466843279054636
244,1263,1507,0.1446918152031005
246,1255,1501,0.1447176981603002
244,1271,1515,0.14473861231244198
239,1269,1508,0.14476118369927196
238,1278,1516,0.14479563149455507
242,1270,1512,0.14482886142674534
245,1260,1505,0.14484920144383076
244,1259,1503,0.14486232548021133
245,1256,1501,0.1448759200256781
247,1259,1506,0.1448883477128415
246,1270,1516,0.14489524001636225
241,1272,1513,0.14490360167396119
237,1289,1526,0.14492384495819596
236,1283,1519,0.14495369093107677
246,1269,1515,0.14498234712014976
244,1271,1515,0.14498216460175326
238,1275,1513,0.14498708216176734
240,1279,1519,0.14500760130868978
243,1275,1518,0.14502170061356495
244,1280,1524,0.14502845425450903
245,1285,1530,0.14503184485870435
237,1277,1514,0.1450336036825081
238,1273,1511,0.1450548985550323
242,1288,1530,0.14507309135107144
239,1283,1522,0.14508063148604908
242,1272,1514,0.14509321064638137
238,1276,1514,0.1451005650513931
237,1278,1515,0.14511861462304046
234,1275,1509,0.14513711281504182
231,1279,1510,0.1451618961535723
237,1279,1516,0.1451913689815506
234,1270,1504,0.14520517284211729
234,1270,1504,0.1452245040920087
239,1280,1519,0.14524378245223082
235,1277,1512,0.14524961587327742
234,1274,1508,0.14526397820902337
233,1282,1515,0.14528018673418427
232,1273,1505,0.14529883416587483
229,1265,1494,0.1453172775622682
229,1273,1502,0.1453413619356698
235,1272,1507,0.1453638014079379
234,1276,1510,0.14537092710851632
232,1277,1509,0.1453793510761696
231,1272,1503,0.14538959673316573
229,1279,1508,0.14539935326315792
226,1278,1504,0.1454134038399796
230,1276,1506,0.1454354982624172
228,1288,1516,0.1454487076059233
227,1291,1518,0.1454663568648948
233,1289,1522,0.14548484819609475
236,1284,1520,0.1454878432564789
236,1287,1523,0.1454842463047591
229,1297,1526,0.14548044379411146
227,1296,1523,0.14549228950028584
228,1292,1520,0.1455080424107755
229,1283,1512,0.14552214342251038
231,1295,1526,0.1455330791420612
229,1290,1519,0.14553874668075054
232,1291,1523,0.14554884355252287
232,1289,1521,0.14555017340431026
231,1291,1522,0.1455539033300452
233,1284,1517,0.14555949535567833
227,1286,1513,0.14556002380586325
225,1285,1510,0.14557532077845514
221,1285,1506,0.14559494022342095
226,1278,1504,0.14562114281804223
228,1278,1506,0.14563415660344647
230,1292,1522,0.14564014598630148
225,1302,1527,0.14564057178566908
221,1297,1518,0.14565283286793387
224,1292,1516,0.145674988458472
222,1303,1525,0.14569012832412645
222,1300,1522,0.14570803628639237
218,1299,1517,0.1457268452890413
215,1296,1511,0.145753512462438
215,1305,1520,0.1457852259219099
212,1311,1523,0.1458147770863156
212,1319,1531,0.1458501333486769
217,1313,1530,0.14588445109800904
214,1306,1520,0.14590375178762177
215,1292,1507,0.14592911496632538
210,1306,1516,0.145952089065044
210,1308,1518,0.14598401389484167
200,1313,1513,0.1460141096406293
196,1301,1497,0.14606487780750174
201,1301,1502,0.1461216999212591
201,1296,1497,0.1461631750197809
202,1294,1496,0.1462019026048126
202,1310,1512,0.14623607694806184
201,1308,1509,0.14626722777413703
200,1312,1512,0.14629883636407892
207,1314,1521,0.14633048948206023
207,1310,1517,0.1463425531309154
208,1315,1523,0.14635257554997716
205,1317,1522,0.14635953995616863
205,1316,1521,0.14637385101255368
204,1299,1503,0.14638737682764943
205,1309,1514,0.14640154981681813
208,1312,1520,0.14641215509281844
212,1308,1520,0.14641367300542094
212,1296,1508,0.14640431469932091
210,1306,1516,0.14639526284583196
211,1312,1523,0.1463916285322856
211,1310,1521,0.14638663243168948
213,1303,1516,0.1463828051984018
213,1301,1514,0.1463758666030909
213,1327,1540,0.14636761232958054
209,1324,1533,0.14636100110114064
211,1320,1531,0.14636418886095687
210,1318,1528,0.14636183979875808
209,1312,1521,0.14636322109344005
209,1307,1516,0.14636737924552168
207,1293,1500,0.1463698759173467
210,1308,1518,0.14637886676109282
209,1307,1516,0.1463775537085705
205,1312,1517,0.14637863802557857
208,1308,1516,0.1463905400667507
208,1303,1511,0.14639292193916723
205,1300,1505,0.1463957153694798
204,1301,1505,0.14640493462305457
207,1312,1519,0.14641653479141867
212,1314,1526,0.14641889879799622
203,1307,1510,0.14640534422810375
208,1310,1518,0.1464146340457184
205,1305,1510,0.14641419138590755
210,1313,1523,0.14642208210953955
208,1307,1515,0.1464134555958424
212,1300,1512,0.14641032819062963
207,1316,1523,0.14640010153075644
204,1315,1519,0.14640303418826542
201,1301,1502,0.14641322715322777
208,1299,1507,0.14642976761128904
212,1300,1512,0.14642768411732177
211,1301,1512,0.14641544338700355
202,1290,1492,0.14640740223825685
202,1292,1494,0.14642154949754616
204,1305,1509,0.1464337385631672
200,1302,1502,0.14644025816431597
201,1310,1511,0.1464550856741864
205,1302,1507,0.14646693876514744
202,1307,1509,0.14646922157917028
200,1291,1491,0.14648028665546092
205,1302,1507,0.1464965549385032
203,1291,1494,0.14650104862970093
205,1298,1503,0.14651052776501072
207,1307,1514,0.14651252159145817
205,1308,1513,0.14650875140030245
202,1300,1502,0.14650980736744718
201,1308,1509,0.14651972127459997
201,1311,1512,0.14653136833864555
196,1312,1508,0.14654229223307355
198,1304,1502,0.14656445843963448
197,1283,1480,0.14658004872604674
195,1300,1495,0.14659819800941093
191,1307,1498,0.14661961407211113
189,1319,1508,0.14665020701275522
189,1328,1517,0.14668325912368352
191,1324,1515,0.14671497337330355
188,1324,1512,0.14674003898764884
186,1318,1504,0.14677157556396522
191,1323,1514,0.1468056312735905
190,1310,1500,0.14682565152149388
188,1317,1505,0.14684670654519902
185,1334,1519,0.14687014230253556
184,1342,1526,0.14689880488743776
181,1335,1516,0.14692777791720896
182,1334,1516,0.1469636207529362
180,1333,1513,0.14699388463103943
180,1339,1519,0.14702742131733967
175,1345,1520,0.14705799460283037
175,1345,1520,0.1470959447833522
175,1344,1519,0.14712937835122294
169,1343,1512,0.14716083680681333
173,1345,1518,0.1472054618577738
180,1342,1522,0.14723803683700384
178,1341,1519,0.14724939424690697
176,1333,1509,0.14726681275958836
179,1330,1509,0.1472870749807435
183,1322,1505,0.14730099238156621
181,1325,1506,0.14730445777161882
179,1317,1496,0.1473115546526568
181,1343,1524,0.14732419779934186
180,1326,1506,0.1473320991555849
179,1320,1499,0.14734124600324716
177,1331,1508,0.1473518877380435
174,1338,1512,0.14736681732690088
177,1339,1516,0.14738874347837772
177,1345,1522,0.14740012134543576
176,1346,1522,0.1474114940504213
181,1343,1524,0.14742512970100635
176,1337,1513,0.14742709924387368
173,1333,1506,0.14744041147843262
169,1340,1509,0.1474597996318764
171,1334,1505,0.14748730650837819
174,1340,1514,0.14750622815622874
174,1343,1517,0.14751810410741745
179,1344,1523,0.14752836495345686
174,1342,1516,0.14752601598323017
172,1335,1507,0.14753673161320702
173,1340,1513,0.1475519753132135
170,1339,1509,0.14756339842903107
171,1343,1514,0.14758104550344636
164,1349,1513,0.14759375064285565
166,1342,1508,0.14762051773201657
166,1348,1514,0.14764084261980565
164,1342,1506,0.1476609341899832
162,1337,1499,0.14768356317316897
164,1337,1501,0.14771021070052814
166,1348,1514,0.14773010828646116
163,1338,1501,0.14774417448556246
172,1331,1503,0.1477665978791836
166,1336,1502,0.1477644991295186
166,1334,1500,0.14777775259912299
169,1332,1501,0.14779084201684575
166,1332,1498,0.14779390733254824
168,1327,1495,0.14780532364419455
172,1335,1507,0.1478107273337256
170,1327,1497,0.14780636908541908
164,1341,1505,0.14780892317162228
158,1340,1498,0.14782687212385276
156,1356,1512,0.14785961008499313
155,1356,1511,0.14789588548965266
153,1356,1509,0.14793101406884945
153,1357,1510,0.14796920752862402
155,1358,1513,0.1480058900258217
158,1360,1518,0.1480349954643384
154,1356,1510,0.14805455616101207
160,1359,1519,0.14808191870497564
158,1356,1514,0.148090742685898
157,1371,1528,0.14810474217368255
155,1364,1519,0.1481202968688228
154,1363,1517,0.14813883206167144
153,1359,1512,0.1481585447770166
153,1354,1507,0.14818013498308105
151,1351,1502,0.14820147158149294
144,1353,1497,0.14822636364467004
144,1358,1502,0.14826522951446663
141,1353,1494,0.14830270071083368
145,1351,1496,0.14834542470675888
144,1339,1483,0.1483725196923729
143,1351,1494,0.1483997184037996
144,1355,1499,0.1484244396935807
143,1357,1500,0.14844546136784675
145,1368,1513,0.14846762533112623
146,1370,1516,0.14848389952996255
146,1356,1502,0.14849542317967457
149,1365,1514,0.14850682863845752
151,1358,1509,0.1485100908523671
153,1360,1513,0.14850923030953522
152,1358,1510,0.1485006272550936
150,1362,1512,0.14849616454314243
152,1359,1511,0.1484964048795606
154,1357,1511,0.14849103525878335
153,1357,1510,0.1484803061875365
153,1356,1509,0.14847383592647462
155,1360,1515,0.14846843179012684
150,1352,1502,0.14845994975810192
149,1350,1499,0.14846281820488677
150,1356,1506,0.14846891291175737
152,1349,1501,0.14847264287197579
151,1369,1520,0.14847391507117405
151,1358,1509,0.14847777096001324
152,1363,1515,0.14848002526750348
152,1357,1509,0.14847767618927077
150,1354,1504,0.14847503807060747
147,1354,1501,0.14847643145655776
148,1351,1499,0.14848475644230114
146,1353,1499,0.14848994977243404
142,1353,1495,0.14849718287992733
140,1351,1491,0.1485129854112812
142,1349,1491,0.14853140688309543
140,1359,1499,0.14854382430115112
142,1359,1501,0.1485614692798104
142,1358,1500,0.14857506893069483
137,1355,1492,0.14858812053179954
137,1361,1498,0.14861211525032128
139,1370,1509,0.14863552133617863
136,1360,1496,0.1486531079623306
139,1362,1501,0.14867735144801356
143,1367,1510,0.14869278773573721
141,1362,1503,0.14869691864938372
142,1364,1506,0.1487038966291396
143,1365,1508,0.14870917448167514
138,1359,1497,0.14871390945190088
138,1365,1503,0.14873122770312183
137,1369,1506,0.14874654076483418
140,1369,1509,0.14876255653237705
144,1392,1536,0.14877011923697722
143,1388,1531,0.1487683442777877
146,1387,1533,0.14876946122303433
143,1385,1528,0.1487635385211147
143,1385,1528,0.14876519500908741
140,1379,1519,0.1487670408493177
142,1377,1519,0.14877785650885944
143,1375,1518,0.148782848252493
145,1377,1522,0.14878659394414112
145,1364,1509,0.1487855464659396
144,1365,1509,0.14878461474221014
143,1371,1514,0.1487860313021395
140,1371,1511,0.14879081719073844
137,1372,1509,0.14880206507302496
139,1381,1520,0.14881990667325148
136,1383,1519,0.14882998833979577
133,1377,1510,0.14884626208875512
132,1379,1511,0.1488696737866418
133,1370,1503,0.14889426038020065
135,1352,1487,0.14891551708513787
135,1359,1494,0.14892768243900545
138,1367,1505,0.14893937752799352
137,1360,1497,0.14894300769442656
141,1365,1506,0.14894901542038766
143,1387,1530,0.14894386169601573
136,1386,1522,0.1489350082484374
135,1381,1516,0.14894396080564332
131,1378,1509,0.14895668390951816
130,1376,1506,0.14897729816490007
130,1387,1517,0.1489998883785779
130,1380,1510,0.14902015767195123
133,1386,1519,0.1490399494072751
133,1377,1510,0.14905110869753713
133,1392,1525,0.1490625479659039
133,1391,1524,0.1490737869394402
133,1376,1509,0.14908357383890464
134,1374,1508,0.14909321694429406
132,1380,1512,0.1490996069229735
135,1383,1518,0.14911095257124246
136,1374,1510,0.14911304839104814
138,1370,1508,0.14911421690467358
140,1371,1511,0.14911117367306545
135,1381,1516,0.14910300921000405
136,1387,1523,0.14910707294968195
136,1370,1506,0.14910676380765273
137,1368,1505,0.14910670797541128
134,1361,1495,0.1491047471661621
130,1368,1498,0.14911009206195078
129,1376,1505,0.14912448902815495
132,1379,1511,0.14913776338240986
130,1386,1516,0.1491420565553512
129,1398,1527,0.14915100420714061
127,1390,1517,0.14916166423417232
127,1386,1513,0.1491772564754931
124,1376,1500,0.1491921789837551
124,1387,1511,0.1492140992972109
127,1397,1524,0.14923553785424304
128,1396,1524,0.1492486562206447
127,1386,1513,0.1492581151801989
132,1378,1510,0.14927010623250048
129,1373,1502,0.14926842778936145
132,1370,1502,0.14927304039183587
128,1363,1491,0.14926964788156494
130,1366,1496,0.14927435737260367
132,1390,1522,0.14927592712285562
131,1386,1517,0.14927265073791957
127,1396,1523,0.14927120735920799
126,1394,1520,0.1492802646743239
124,1390,1514,0.14929138675870857
125,1387,1512,0.149305434598014
123,1389,1512,0.14931704050666667
123,1401,1524,0.14933195941508665
121,1400,1521,0.14934452752829075
117,1398,1515,0.14936113799311174
117,1404,1521,0.14938611937037607
117,1409,1526,0.14940979633574702
119,1407,1526,0.14943300957211036
117,1397,1514,0.14944877673230594
115,1401,1516,0.14946885393508363
116,1402,1518,0.14949260725587948
113,1406,1519,0.1495133522863371
114,1411,1525,0.1495405670154455
115,1412,1527,0.14956370141798478
111,1407,1518,0.1495831599834526
109,1422,1531,0.14961076449670455
110,1418,1528,0.14964143373800154
111,1411,1522,0.1496678386075193
113,1410,1523,0.14969016364860846
110,1407,1517,0.14970435981729563
113,1388,1501,0.1497255887282876
112,1397,1509,0.14973500741059706
114,1401,1515,0.14974703624193808
112,1392,1504,0.14975324944468885
111,1403,1514,0.14976274283944072
111,1405,1516,0.14977299947145614
113,1402,1515,0.14978319999250814
116,1405,1521,0.14978635048445374
115,1399,1514,0.14978198140934929
115,1396,1511,0.1497790031284497
117,1400,1517,0.14977791218397304
117,1393,1510,0.14977316126953247
119,1396,1515,0.14977001887687383
114,1396,1510,0.1497629693942189
111,1399,1510,0.1497685631142212
110,1399,1509,0.14978143286834628
111,1394,1505,0.14979625409393676
114,1379,1493,0.14980767059997413
116,1381,1497,0.14980854928133577
115,1394,1509,0.14980418710406757
113,1397,1510,0.14980376874626555
112,1403,1515,0.14980849122338505
109,1412,1521,0.14981650283782405
107,1410,1517,0.14983251836625563
110,1408,1518,0.1498522193349868
111,1398,1509,0.14986258494305338
109,1398,1507,0.14986888445695726
107,1395,1502,0.14988063343813868
107,1399,1506,0.14989729043895836
106,1396,1502,0.1499117604808977
104,1415,1519,0.1499283822289694
104,1425,1529,0.14994959111293998
102,1419,1521,0.14997011467806773
103,1402,1505,0.14999361758568383
101,1402,1503,0.15001342298066256
102,1408,1510,0.15003534007634303
101,1419,1520,0.1500516319846806
98,1427,1525,0.15006908315752804
100,1422,1522,0.15009374830630867
101,1428,1529,0.15011216841133973
101,1416,1517,0.1501273737973713
99,1414,1513,0.1501428203460259
99,1410,1509,0.1501624891172118
97,1419,1516,0.1501819146604575
99,1418,1517,0.15020421251067817
97,1422,1519,0.1502204869100189
97,1412,1509,0.15024087194999652
96,1408,1504,0.15025887953721817
93,1413,1506,0.15027821704090727
91,1416,1507,0.15030362671089448
93,1419,1512,0.1503326314290704
92,1427,1519,0.1503556812154915
91,1432,1523,0.15037988219377874
93,1424,1517,0.15040474229038428
94,1426,1520,0.15042287423135392
95,1419,1514,0.15043673184676581
95,1415,1510,0.15044716088258336
95,1407,1502,0.1504567681662613
95,1421,1516,0.15046561666791403
94,1426,1520,0.15047362643213907
90,1425,1515,0.15048303697914453
88,1428,1516,0.15050138524492604
86,1424,1510,0.15052407023315922
86,1426,1512,0.15055007251683303
87,1433,1520,0.15057425578638675
88,1428,1516,0.1505934418000504
88,1425,1513,0.15061032047386105
85,1419,1504,0.15062430798657697
86,1414,1500,0.15064500170564382
86,1406,1492,0.15066317390112569
84,1420,1504,0.15068088645631114
84,1424,1508,0.1507019414554604
83,1436,1519,0.1507213924889728
83,1436,1519,0.15074249187564867
82,1443,1525,0.15075968470951706
80,1437,1517,0.1507775910941148
83,1436,1519,0.15079948369836757
77,1437,1514,0.15081202523666484
79,1433,1512,0.15083740358467868
77,1444,1521,0.15085618871331788
78,1445,1523,0.1508794240027748
78,1444,1522,0.15089969997966748
76,1438,1514,0.1509194278535256
80,1436,1516,0.15094375754792608
79,1433,1512,0.1509554226059847
79,1440,1519,0.1509690320747203
80,1441,1521,0.1509800049352162
79,1446,1525,0.15098815274107125
81,1431,1512,0.15099901965938492
81,1439,1520,0.15100439073686217
82,1437,1519,0.15100939823222562
84,1434,1518,0.15101244235268768
83,1425,1508,0.1510108346168968
81,1426,1507,0.1510116828419909
81,1427,1508,0.15101829957052335
82,1429,1511,0.15102430432685998
81,1426,1507,0.15102854111634134
81,1419,1500,0.15103438376088074
81,1435,1516,0.1510378606042221
81,1421,1502,0.15104069718733126
79,1431,1510,0.15104445862202592
81,1433,1514,0.15105219958369073
82,1427,1509,0.15105461742495907
82,1431,1513,0.1510552126926963
82,1418,1500,0.15105674076759681
82,1421,1503,0.1510586998306704
80,1425,1505,0.15105919096426737
84,1430,1514,0.15106597399266355
83,1425,1508,0.15106108827932802
81,1428,1509,0.15105954443433434
81,1430,1511,0.1510611149288713
82,1427,1509,0.1510623450614783
81,1429,1510,0.15106195096254266
81,1423,1504,0.151063186110049
83,1430,1513,0.15106576375171873
84,1436,1520,0.15106218184912285
84,1428,1512,0.15105893101721726
84,1432,1516,0.15105565839822702
83,1440,1523,0.15105350513133078
84,1437,1521,0.15105362827090232
82,1437,1519,0.1510506127210497
80,1431,1511,0.1510530594687205
81,1451,1532,0.15105950531488826
79,1441,1520,0.15106452733800282
80,1437,1517,0.15107247669895657
80,1431,1511,0.15107917360865342
77,1436,1513,0.15108564341702346
77,1433,1510,0.15109804467503338
74,1432,1506,0.15110935972785225
74,1427,1501,0.15112611935487522
74,1424,1498,0.15114202263034124
73,1441,1514,0.1511574018059229
75,1441,1516,0.15117447220333258
75,1447,1522,0.15118424400655994
75,1452,1527,0.1511940643327768
74,1458,1532,0.15120417884419543
73,1445,1518,0.1512165894138964
69,1439,1508,0.15123081711495115
67,1448,1515,0.1512539876597864
65,1434,1499,0.15128065420106723
63,1423,1486,0.15131068468309583
65,1432,1497,0.15134254968169417
69,1441,1510,0.15136743922436435
68,1445,1513,0.15138077032726208
70,1436,1506,0.1513950074300642
69,1438,1507,0.15140323288383004
71,1436,1507,0.15141280123146836
74,1432,1506,0.1514164655027713
75,1443,1518,0.15141227116433165
74,1453,1527,0.15140694804547522
74,1438,1512,0.1514045319247482
73,1445,1518,0.15140327213060398
72,1450,1522,0.15140483548606767
68,1450,1518,0.15140918275688714
69,1453,1522,0.15142278134271608
70,1449,1519,0.15143173609397234
69,1442,1511,0.1514384039583521
69,1451,1520,0.15144730825238673
70,1446,1516,0.15145629971167815
73,1447,1520,0.15146021655415537
75,1456,1531,0.15145609414361833
77,1443,1520,0.1514475997656507
76,1436,1512,0.1514345488947244
75,1442,1517,0.1514263099857759
73,1445,1518,0.15142128256353335
76,1444,1520,0.1514210678572277
77,1445,1522,0.15141124066889863
77,1448,1525,0.15139991115995474
75,1444,1519,0.1513901638865355
74,1447,1521,0.1513863661999219
71,1455,1526,0.15138586986587915
70,1458,1528,0.1513926840376853
69,1450,1519,0.15140049638738667
71,1446,1517,0.1514085419212099
68,1448,1516,0.15141212366522339
66,1446,1512,0.15142206705116038
64,1452,1516,0.15143657150534298
63,1450,1513,0.15145527653698454
63,1462,1525,0.1514752861550007
65,1468,1533,0.1514925473642216
67,1454,1521,0.15150453641720113
65,1449,1514,0.15150966637889568
62,1442,1504,0.1515192628141035
62,1446,1508,0.1515357521249845
61,1449,1510,0.1515519831374607
59,1454,1513,0.15157038938788653
61,1442,1503,0.1515928181155073
63,1440,1503,0.15160727750786998
64,1440,1504,0.151615546636811
64,1441,1505,0.15161945783699388
63,1452,1515,0.15162424057373836
59,1454,1513,0.15163189010524167
60,1450,1510,0.15164888756393186
56,1455,1511,0.15166234358053676
57,1450,1507,0.15168507333988693
55,1454,1509,0.15170373018987132
55,1455,1510,0.15172642689662616
54,1466,1520,0.15174820940291764
53,1460,1513,0.15177132418652078
53,1462,1515,0.15179484157996312
53,1466,1519,0.15181683398620546
56,1456,1512,0.15183843955431012
57,1452,1509,0.1518506317505216
56,1447,1503,0.1518594695682142
54,1447,1501,0.15187014991415515
55,1450,1505,0.15188452578335718
52,1450,1502,0.15189540760660222
53,1459,1512,0.15191245583713767
54,1465,1519,0.15192593087767658
54,1470,1524,0.15193603141347906
54,1452,1506,0.15194539019439002
52,1461,1513,0.15195481287928697
52,1460,1512,0.1519688785256749
52,1462,1514,0.15198156403049776
51,1456,1507,0.15199308302884604
52,1456,1508,0.15200574254062896
50,1454,1504,0.15201608195489602
52,1454,1506,0.1520298437474991
52,1458,1510,0.15203784448819926
53,1468,1521,0.1520450520252124
53,1475,1528,0.15204954928085818
53,1473,1526,0.1520537958045729
51,1453,1504,0.15205682620104552
47,1455,1502,0.15206530633603038
47,1468,1515,0.15208292618924676
51,1467,1518,0.15209955600509611
53,1463,1516,0.152104480544432
51,1456,1507,0.15210389583349848
52,1452,1504,0.15210917127904977
51,1450,1501,0.15211203776419197
50,1444,1494,0.15211711245599216
50,1446,1496,0.15212423887553989
52,1452,1504,0.15212977496948696
52,1456,1508,0.15213001710231028
52,1458,1510,0.15213007106359708
52,1461,1513,0.15212902510827564
54,1455,1509,0.15212908866455913
54,1452,1506,0.15212412341577025
55,1464,1519,0.1521185266816404
56,1469,1525,0.15211178285249158
55,1455,1510,0.15210405089424955
53,1462,1515,0.15210035702776117
50,1458,1508,0.15210196049774605
48,1475,1523,0.15211093258335626
49,1473,1522,0.15212445366120916
50,1471,1521,0.15213352671352398
50,1457,1507,0.15214037210582462
49,1457,1506,0.15214730814182315
49,1466,1515,0.1521568994014401
49,1472,1521,0.15216645922790004
48,1478,1526,0.15217498338529933
48,1464,1512,0.15218580381930458
50,1465,1515,0.15219644171517557
52,1454,1506,0.15220137701688505
52,1450,1502,0.15219999308314852
50,1455,1505,0.15219936019247218
49,1462,1511,0.15220345194295265
50,1466,1516,0.15221000154012335
53,1465,1518,0.15221277212330886
52,1461,1513,0.15220657885505587
53,1460,1513,0.152202748945676
53,1462,1515,0.15219708360554388
54,1450,1504,0.15219262526560104
53,1455,1508,0.15218688068232294
51,1470,1521,0.1521844051054396
51,1455,1506,0.1521870413567424
51,1464,1515,0.1521905820332741
51,1467,1518,0.15219341560713426
51,1477,1528,0.15219653223817178
50,1480,1530,0.15219991644782316
52,1480,1532,0.15220585942550716
51,1464,1515,0.15220659366328704
48,1462,1510,0.15220988780570813
49,1474,1523,0.1522200148471164
49,1473,1522,0.1522276604257443
49,1469,1518,0.1522342374127023
49,1469,1518,0.1522397110661256
48,1472,1520,0.1522442915916603
47,1472,1519,0.152251235495593
48,1482,1530,0.15225927239834275
48,1475,1523,0.15226418918367743
47,1467,1514,0.15226835335396252
47,1458,1505,0.1522745193013306
48,1461,1509,0.15228090013329876
49,1460,1509,0.15228502071376437
49,1464,1513,0.15228616801341172
52,1474,1526,0.152286712053887
52,1466,1518,0.15227942683934162
50,1450,1500,0.15227119361857044
49,1458,1507,0.15226750749332493
50,1474,1524,0.15226702429523772
48,1453,1501,0.15226517920531857
50,1463,1513,0.15226873025323281
48,1466,1514,0.15226796318979194
46,1470,1516,0.15227258119954235
43,1477,1520,0.1522817866352747
44,1475,1519,0.15229759320268557
43,1465,1508,0.15231056496896378
42,1467,1509,0.15232453274415964
43,1462,1505,0.152340218912841
42,1472,1514,0.1523525788852237
44,1478,1522,0.15236548640505035
44,1476,1520,0.15237332643782545
43,1487,1530,0.15238087891027396
43,1478,1521,0.1523906030668566
43,1468,1511,0.15239910064183412
42,1457,1499,0.15240757395833474
42,1457,1499,0.15241812147393738
41,1465,1506,0.15242843049313165
40,1465,1505,0.1524406275265893
42,1469,1511,0.15245453594441805
42,1475,1517,0.15246139215964122
42,1469,1511,0.1524677392294644
43,1474,1517,0.15247394284031782
42,1470,1512,0.15247799898199862
41,1459,1500,0.15248512939590694
40,1476,1516,0.15249431604555386
39,1469,1508,0.15250433334462113
38,1473,1511,0.1525162785216339
37,1477,1514,0.1525299886640545
38,1473,1511,0.1525442454943936
39,1466,1505,0.15255538051196332
39,1466,1505,0.15256266100377705
39,1470,1509,0.1525689023864833
39,1476,1515,0.15257529331084893
37,1473,1510,0.15258164899447277
37,1457,1494,0.1525913816075918
35,1452,1487,0.1526010128112782
33,1464,1497,0.1526150776774187
32,1463,1495,0.15263298835277303
30,1461,1491,0.1526513091992705
30,1466,1496,0.1526728745048896
30,1465,1495,0.15269353103899472
30,1479,1509,0.1527132950633271
30,1481,1511,0.15273218561272744
30,1488,1518,0.1527502239646037
29,1486,1515,0.15276639408710424
29,1487,1516,0.15278348864313285
29,1482,1511,0.15279990929122225
27,1468,1495,0.152815026587792
28,1488,1516,0.15283459147263012
28,1476,1504,0.15285001542809007
28,1489,1517,0.15286483586170174
27,1489,1516,0.15287905725969883
28,1490,1518,0.15289435439713983
29,1481,1510,0.1529068096998628
29,1488,1517,0.15291550425452058
29,1486,1515,0.15292402428017346
27,1496,1523,0.15293121585172925
27,1506,1533,0.15294271327522574
26,1498,1524,0.15295383544493343
26,1480,1506,0.15296676788692984
25,1493,1518,0.15297905542269294
24,1485,1509,0.1529932008743707
25,1494,1519,0.15300885843463266
25,1476,1501,0.153020597268945
27,1480,1507,0.1530319166704563
23,1484,1507,0.1530370214349548
23,1484,1507,0.15305112722938602
24,1478,1502,0.15306429516784323
24,1493,1517,0.1530747851523168
24,1490,1514,0.15308493782243102
24,1499,1523,0.1530947448794196
24,1499,1523,0.15310420128697091
23,1501,1524,0.15311330480908686
23,1496,1519,0.15312418707432696
22,1506,1528,0.15313472555762678
22,1509,1531,0.15314691430037755
22,1495,1517,0.15315850157333613
20,1506,1526,0.1531694402084237
21,1502,1523,0.15318415932338225
21,1494,1515,0.15319576266642698
21,1489,1510,0.15320677767904134
21,1487,1508,0.15321718068241044
21,1489,1510,0.15322705181139018
21,1485,1506,0.15323641374358943
21,1496,1517,0.15324528870267115
21,1489,1510,0.1532536983975687
21,1489,1510,0.1532616639738351
20,1489,1509,0.15326920597558183
20,1497,1517,0.15327850843263618
21,1502,1523,0.15328729216415224
20,1507,1527,0.1532925894288881
19,1500,1519,0.15329984336666316
20,1497,1517,0.15330891273649452
20,1497,1517,0.1533153161660368
20,1494,1514,0.15332142790436745
19,1496,1515,0.15332725628180102
19,1492,1511,0.15333500688231771
19,1488,1507,0.1533423535586739
19,1491,1510,0.15334931419926445
18,1499,1517,0.1533559062559606
17,1513,1530,0.15336434026915674
17,1513,1530,0.1533744308995962
17,1509,1526,0.15338394606119263
17,1499,1516,0.15339291676565342
17,1506,1523,0.15340137254011213
16,1505,1521,0.15340934147782034
16,1509,1525,0.1534189932885118
16,1520,1536,0.1534280803730329
16,1518,1534,0.15343663462656187
16,1522,1538,0.15344468625841343
16,1530,1546,0.15345226386910235
16,1510,1526,0.15345939452522514
16,1503,1519,0.1534661038320494
15,1499,1514,0.15347241600372935
15,1509,1524,0.1534805009559129
16,1505,1521,0.15348810319686393
15,1500,1515,0.1534924333617921
14,1483,1497,0.15349872528100153
15,1487,1502,0.15350684882439963
15,1483,1498,0.15351224911761732
14,1495,1509,0.15351738814829644
16,1483,1499,0.1535248183716074
16,1495,1511,0.15352636382864207
17,1494,1511,0.15352794150486965
16,1491,1507,0.15352627669470997
17,1496,1513,0.15352715124962987
16,1491,1507,0.15352487756448466
17,1495,1512,0.15352514739814266
17,1503,1520,0.15352238722069433
17,1500,1517,0.15352012311604943
18,1490,1508,0.15351829307886894
19,1495,1514,0.15351445254189364
19,1490,1509,0.15350783155100511
18,1483,1501,0.15350196058487783
18,1477,1495,0.15349889204568054
18,1484,1502,0.15349629405456983
19,1488,1507,0.15349411037832725
19,1499,1518,0.15348996249063807
19,1508,1527,0.15348629454890883
19,1515,1534,0.15348305544348562
17,1505,1522,0.15348019928139778
17,1501,1518,0.15348221492552278
17,1495,1512,0.15348423736567962
18,1498,1516,0.1534862535784156
19,1505,1524,0.1534845677766482
18,1515,1533,0.15348084512616456
18,1503,1521,0.15347980108668174
18,1498,1516,0.15347903230025003
16,1498,1514,0.15347850151787396
17,1487,1504,0.15348247042616692
17,1503,1520,0.15348307892326032
17,1512,1529,0.15348389564196707
17,1508,1525,0.15348488386944495
17,1498,1515,0.15348601146907856
17,1509,1526,0.15348679495610426
18,1510,1528,0.15348774062451598
19,1509,1528,0.15348653960324804
19,1504,1523,0.15348234630649218
18,1506,1524,0.15347867895035758
18,1504,1522,0.15347715639590073
20,1498,1518,0.15347575409803624
20,1503,1523,0.153469799896309
20,1497,1517,0.153464504129328
20,1501,1521,0.1534597981498777
21,1491,1512,0.15345562024255127
20,1474,1494,0.15344864697121083
20,1500,1520,0.15344467178743162
21,1493,1514,0.15344120074408063
20,1484,1504,0.15343491500834439
17,1501,1518,0.15343151958710613
16,1496,1512,0.15343510268371557
16,1503,1519,0.15344056368411363
16,1499,1515,0.15344595330575583
16,1501,1517,0.15345125039742002
17,1497,1514,0.15345643757245203
16,1497,1513,0.15345712388640195
15,1490,1505,0.15346067657060167
15,1489,1504,0.15346665845025032
14,1500,1514,0.15347254581261266
15,1498,1513,0.1534804751158955
14,1494,1508,0.1534859149536619
14,1485,1499,0.15349232438034308
14,1490,1504,0.15349813684038272
14,1492,1506,0.1535039049376127
14,1493,1507,0.15350960147880968
14,1504,1518,0.15351520380443417
15,1501,1516,0.1535202147999828
15,1507,1522,0.15352189452487058
15,1503,1518,0.15352380632886586
15,1500,1515,0.15352590409438938
14,1502,1516,0.1535281475671353
14,1510,1524,0.15353200831665656
14,1511,1525,0.15353592229109073
14,1504,1518,0.1535398586337336
14,1498,1512,0.1535437910074479
15,1492,1507,0.15354668559386422
15,1487,1502,0.1535473831159551
15,1500,1515,0.15354717512287194
16,1498,1514,0.15354733815158705
15,1498,1513,0.15354454796042263
15,1498,1513,0.15354446751084164
14,1496,1510,0.1535447530112316
14,1511,1525,0.15354748022666037
15,1512,1527,0.15355033642902213
15,1512,1527,0.15355041438645423
15,1498,1513,0.1535507978085006
16,1507,1523,0.1535512584928782
14,1504,1518,0.15354968879501246
14,1510,1524,0.15355310213442544
14,1496,1510,0.15355650984571217
14,1514,1528,0.15355989272692638
14,1501,1515,0.153563234627951
14,1495,1509,0.15356591075997683
15,1490,1505,0.1535686160420398
15,1493,1508,0.15356805434568094
15,1506,1521,0.15356779040269444
14,1506,1520,0.15356778067429114
14,1503,1517,0.15357011714460053
15,1505,1520,0.15357250683572687
13,1507,1520,0.15357212473379767
14,1505,1519,0.15357719494299357
15,1507,1522,0.1535793007680918
15,1508,1523,0.15357900103245714
14,1503,1517,0.15357889658049026
14,1497,1511,0.15358119553284472
15,1496,1511,0.15358349321191384
15,1499,1514,0.15358292858693517
14,1496,1510,0.15358257943355558
13,1507,1520,0.15358461998986553
13,1509,1522,0.15358881630601698
13,1504,1517,0.15359178117431302
13,1500,1513,0.15359478952222688
13,1494,1507,0.15359781708778764
14,1493,1507,0.15360084316431263
13,1500,1513,0.15360144698823575
13,1496,1509,0.15360434802083583
13,1491,1504,0.15360723032014056
14,1497,1511,0.15361007986836983
14,1486,1500,0.15360961695406933
14,1494,1508,0.1536094050967451
14,1486,1500,0.1536094074972153
14,1491,1505,0.15360959167047977
14,1481,1495,0.1536088220477661
13,1497,1510,0.15360835466656741
13,1500,1513,0.15361034776651475
12,1507,1519,0.15361242359602068
12,1509,1521,0.15361720919189714
12,1505,1517,0.15362182382830863
12,1497,1509,0.1536259862717446
12,1502,1514,0.15363002291057776
12,1500,1512,0.15363392930924907
13,1494,1507,0.15363671862072395
14,1494,1508,0.15363718626928163
14,1495,1509,0.15363458974515584
14,1490,1504,0.15363242471249702
13,1494,1507,0.153630638827841
14,1501,1515,0.15363159412088503
13,1490,1503,0.15362939655833102
12,1497,1509,0.15363039534991224
13,1493,1506,0.15363368681768827
15,1494,1509,0.15363369213467448
15,1504,1519,0.15362859659179925
15,1502,1517,0.15362413673443734
15,1490,1505,0.15362024251626108
14,1486,1500,0.1536168511723752
14,1496,1510,0.15361605607793108
14,1491,1505,0.15361552656381416
14,1507,1521,0.15361522536159564
15,1505,1520,0.15361511951568693
15,1502,1517,0.15361105234538766
16,1491,1507,0.15360756846371995
15,1500,1515,0.15360133046704547
15,1502,1517,0.15359830454677922
15,1508,1523,0.15359578026545756
14,1493,1507,0.15359369654422586
14,1488,1502,0.15359413161016175
14,1500,1514,0.15359477525027393
15,1502,1517,0.15359559208562718
15,1510,1525,0.1535942204463994
15,1503,1518,0.15359312383353058
15,1505,1520,0.15359226710270668
14,1494,1508,0.15359161901612958
14,1492,1506,0.15359338563512628
14,1489,1503,0.15359516416238037
14,1494,1508,0.15359694228153364
12,1498,1510,0.15359870954744406
12,1499,1511,0.1536048887648809
12,1497,1509,0.1536107570376933
11,1501,1512,0.15361632686401996
11,1493,1504,0.1536237586752681
11,1506,1517,0.15363027171720847
12,1499,1511,0.15363648015237819
10,1504,1514,0.15364012244043607
10,1503,1513,0.15364804471468468
10,1494,1504,0.15365555527464989
10,1499,1509,0.15366242011405667
10,1501,1511,0.15366895016714394
10,1505,1515,0.15367515773302096
9,1511,1520,0.15368105514275773
9,1510,1519,0.15368880084274206
8,1507,1515,0.15369613074343444
8,1506,1514,0.15370523267035904
8,1518,1526,0.1537136179755236
9,1501,1510,0.15372155308117752
9,1490,1499,0.15372678685856805
9,1490,1499,0.15373176343096923
9,1492,1501,0.15373649252938615
9,1497,1506,0.15374098386208618
9,1502,1511,0.15374524706137582
9,1490,1499,0.15374929163884318
9,1496,1505,0.15375312694805218
9,1496,1505,0.15375676215378076
8,1496,1504,0.15375909099395216
8,1511,1519,0.15376362510731356
8,1515,1523,0.15376799931421467
8,1525,1533,0.15377221201183996
8,1527,1535,0.15377626279803644
8,1529,1537,0.15378015229113273
8,1517,1525,0.15378388197110845
8,1515,1523,0.15378745403980915
8,1521,1529,0.15379087129813857
8,1518,1526,0.15379413703837455
7,1518,1525,0.15379725494994742
7,1507,1514,0.15380239508817117
7,1512,1519,0.15380726257740357
6,1499,1505,0.15381187007124436
6,1504,1510,0.1538183720401297
6,1506,1512,0.15382450875273
6,1502,1508,0.15383029945965374
6,1513,1519,0.15383576253006986
6,1511,1517,0.15384091547716414
5,1510,1515,0.15384577498478116
5,1523,1528,0.153852498386631
5,1519,1524,0.15385882991372227
5,1522,1527,0.15386479173826792
5,1516,1521,0.15387040484543488
5,1524,1529,0.15387568908988056
5,1516,1521,0.15388066325036773
5,1503,1508,0.15388534508242788
5,1506,1511,0.1538897513690589
5,1500,1505,0.15389389796945704
5,1510,1515,0.15389671013408157
5,1496,1501,0.15389946342890776
5,1516,1521,0.15390215064153337
4,1501,1505,0.15390476603592845
5,1508,1513,0.15391017649139507
6,1504,1510,0.15391199671152825
5,1511,1516,0.1539113086123699
5,1506,1511,0.15391294000364578
7,1499,1506,0.1539145942588552
7,1501,1508,0.15391000681376035
8,1518,1526,0.15390598425871965
7,1512,1519,0.1538992050135364
7,1513,1520,0.15389593847250813
7,1508,1515,0.15389311938756434
7,1502,1509,0.15389069655166263
8,1501,1509,0.15388862418496113
7,1510,1517,0.1538835810046181
8,1517,1525,0.1538816060575913
8,1503,1511,0.15387668791341216
8,1500,1508,0.15387237094202744
8,1502,1510,0.15386858942745363
7,1506,1513,0.15386528446386605
7,1498,1505,0.15386531022132338
7,1494,1501,0.15386546477455063
7,1501,1508,0.15386572770063292
7,1485,1492,0.15386608103390248
7,1486,1493,0.15386650899924775
7,1480,1487,0.15386699777295243
7,1499,1506,0.153867535268299
7,1505,1512,0.15386811094344474
7,1507,1514,0.15386871562932558
8,1512,1520,0.1538693413755645
8,1513,1521,0.15386561383560649
8,1516,1524,0.1538623742919527
8,1509,1517,0.15385956801445122
8,1502,1510,0.15385714600433134
8,1517,1525,0.15385506441509555
7,1509,1516,0.1538532840307553
7,1518,1525,0.15385405299859506
7,1513,1520,0.15385490688475972
7,1514,1521,0.15385582783937599
7,1525,1532,0.15385680031956336
6,1512,1518,0.1538578108315603
7,1519,1526,0.15386136495252434
7,1526,1533,0.15386149167176458
7,1508,1515,0.15386175790255624
7,1516,1523,0.15386214117058095
7,1508,1515,0.15386262169692846
7,1498,1505,0.1538631821080465
7,1519,1526,0.15386380717529982
7,1529,1536,0.15386448358120294
7,1519,1526,0.15386519970967555
7,1513,1520,0.1538659454579295
7,1520,1527,0.1538667120678295
7,1512,1519,0.15386749197478092
6,1517,1523,0.1538682786723889
6,1509,1515,0.15387121447272661
6,1500,1506,0.15387401622782954
6,1490,1496,0.15387668768666518
6,1488,1494,0.15387923280032684
6,1496,1502,0.15388165566806702
6,1497,1503,0.1538839604906296
5,1500,1505,0.15388615153005034
5,1497,1502,0.15389037509641562
5,1499,1504,0.15389436353821506
5,1514,1519,0.15389812894539162
5,1518,1523,0.15390168289229206
5,1528,1533,0.15390503644747416
5,1506,1511,0.15390820018501444
5,1507,1512,0.1539111841970212
5,1515,1520,0.15391399810709705
5,1504,1509,0.15391665108452693
5,1515,1520,0.1539191518589985
6,1516,1522,0.15392150873568694
6,1503,1509,0.15392047689684676
6,1510,1516,0.15391962050268312
7,1506,1513,0.15391891800741975
7,1499,1506,0.15391507992542908
8,1501,1509,0.15391166515320553
8,1509,1517,0.15390562574975164
8,1515,1523,0.15390019148894804
8,1525,1533,0.15389530274479368
8,1517,1525,0.15389090570706937
9,1512,1521,0.15388695181762027
9,1506,1515,0.15388012714141036
10,1512,1522,0.15387396766124378
10,1517,1527,0.15386514056898346
7,1513,1520,0.15385716178166356
7,1513,1520,0.1538564106957924
7,1510,1517,0.15385595913494085
8,1500,1508,0.15385576409557303
9,1504,1513,0.15385344112282448
9,1506,1515,0.15384905396004392
10,1509,1519,0.1538451442083193
10,1508,1518,0.15383842616001156
10,1509,1519,0.15383239296199147
10,1513,1523,0.1538269764568187
9,1516,1525,0.1538221151749093
10,1518,1528,0.15382023643991333
10,1514,1524,0.15381609272052552
10,1512,1522,0.15381237563180641
12,1514,1526,0.15380904247187718
13,1493,1506,0.1537995168989475
14,1492,1506,0.1537876637870232
13,1483,1496,0.15377368250831844
14,1501,1515,0.15376322467553794
13,1504,1517,0.1537515795957303
13,1502,1515,0.15374392640680717
12,1494,1506,0.15373703237078853
11,1508,1519,0.1537331138271004
11,1499,1510,0.1537323027839193
12,1496,1508,0.15373169917837906
12,1494,1506,0.1537280347369297
11,1492,1503,0.1537248280144294
10,1497,1507,0.1537241879424779
11,1507,1518,0.15372629570455051
9,1495,1504,0.15372585052878138
9,1504,1513,0.15372991651022758
10,1518,1528,0.153733881308104
10,1516,1526,0.15373544623342617
8,1527,1535,0.15373704890148823
8,1520,1528,0.15374300482590061
8,1520,1528,0.15374870562821666
8,1521,1529,0.15375415627191566
7,1520,1527,0.15375832957959518
9,1514,1523,0.1537648599755747
9,1507,1516,0.15376616758979142
9,1503,1512,0.15376757810345862
9,1511,1520,0.15376906756984096
9,1509,1518,0.15377061520704471
7,1506,1513,0.15377220304094485
8,1497,1505,0.15377830159204656
8,1499,1507,0.15378171377443317
8,1491,1499,0.15378502499080327
8,1489,1497,0.15378823090984295
8,1487,1495,0.15379132848442578
9,1501,1510,0.15379431577452662
10,1523,1533,0.15379404214298367
10,1514,1524,0.15379067988558837
9,1507,1516,0.15378777277682235
9,1494,1503,0.15378752876671242
8,1496,1504,0.15378749345739565
9,1498,1507,0.1537899673585425
9,1503,1512,0.15378947904908696
9,1512,1521,0.1537892259313475
9,1502,1511,0.1537891737408244
8,1501,1509,0.1537892922282255
8,1491,1499,0.1537917160048163
8,1497,1505,0.1537941297739384
8,1491,1499,0.15379652076684816
7,1502,1509,0.15379887828831654
8,1494,1502,0.15380335660503724
8,1506,1514,0.1538054199568725
8,1507,1515,0.15380744685375408
7,1511,1518,0.15380943083756243
6,1515,1521,0.15381371809169753
6,1503,1509,0.15381999722894776
6,1500,1506,0.15382593202829054
6,1514,1520,0.1538315395963485
6,1505,1511,0.15383683638319884
6,1496,1502,0.15384183818436298
5,1493,1498,0.1538465601463959
5,1499,1504,0.1538531666020186
5,1505,1510,0.1538593916401066
5,1519,1524,0.1538652563522077
5,1512,1517,0.1538707807593614
5,1512,1517,0.15387598385612392
4,1503,1507,0.15388088365399166
4,1510,1514,0.15388765604795246
4,1501,1505,0.1538940282521213
3,1496,1499,0.1539000234570886
3,1491,1494,0.15390782425790112
3,1496,1499,0.15391515959363672
3,1506,1509,0.15392205685377994
3,1517,1520,0.15392854185436186
3,1511,1514,0.15393463892449685
3,1509,1512,0.1539403709885581
3,1527,1530,0.15394575964416798
3,1516,1519,0.15395082523617898
3,1518,1521,0.15395558692681632
3,1513,1516,0.1539600627621518
3,1512,1515,0.15396426973507243
3,1526,1529,0.15396822384490508
3,1520,1523,0.15397194015385254
3,1503,1506,0.15397543284039159
3,1505,1508,0.15397871524977993
4,1507,1511,0.1539817999418119
4,1495,1499,0.15398157099971588
4,1496,1500,0.15398145046471998
5,1493,1498,0.15398142255163955
5,1505,1510,0.15397829553565934
5,1503,1508,0.15397552608913953
5,1502,1507,0.15397307629360302
5,1513,1518,0.1539709120983122
5,1522,1527,0.15396900293429333
5,1515,1520,0.15396732136638402
5,1508,1513,0.1539658427795878
3,1516,1519,0.15396454509638058
3,1527,1530,0.1539681876230904
4,1521,1525,0.15397164009412073
4,1531,1535,0.15397164354674442
4,1533,1537,0.15397177868319
4,1522,1526,0.15397202466852378
4,1525,1529,0.15397236318134783
4,1515,1519,0.15397277813986893
4,1515,1519,0.15397325545638246
4,1509,1513,0.1539737828173025
4,1513,1517,0.15397434948615354
4,1521,1525,0.1539749461271972
4,1512,1516,0.15397556464759848
4,1511,1515,0.1539761980562461
4,1509,1513,0.15397684033752834
4,1502,1506,0.15397748633853703
4,1508,1512,0.15397813166832425
4,1512,1516,0.1539787726079748
4,1514,1518,0.15397940603038096
4,1503,1507,0.15398002932871901
4,1512,1516,0.15398064035272674
4,1518,1522,0.1539812373519724
4,1526,1530,0.1539818189253874
4,1515,1519,0.15398238397640893
3,1517,1520,0.15398293167314367
3,1508,1511,0.153985657155946
3,1500,1503,0.15398822897823364
3,1511,1514,0.1539906553407879
3,1499,1502,0.15399294405487615
3,1512,1515,0.15399510255545493
3,1518,1521,0.15399713791458036
2,1513,1515,0.15399905685491574
2,1515,1517,0.15400308926100467
2,1512,1514,0.15400687757591022
2,1515,1517,0.1540104365395417
2,1521,1523,0.15401378000522026
2,1520,1522,0.15401692099266037
2,1516,1518,0.15401987173781928
2,1528,1530,0.15402264373979618
2,1528,1530,0.15402524780495264
2,1534,1536,0.15402769408841638
2,1518,1520,0.15402999213312107
1,1518,1519,0.15403215090652572
1,1523,1524,0.15403634581833564
1,1519,1520,0.15404028660374353
1,1529,1530,0.15404398861301735
1,1529,1530,0.15404746627370458
1,1528,1529,0.15405073314564796
1,1526,1527,0.15405380197276572
1,1517,1518,0.15405668473178252
1,1517,1518,0.15405939267808652
1,1520,1521,0.15406193638887788
1,1525,1526,0.15406432580376608
1,1529,1530,0.15406657026296383
1,1519,1520,0.1540686785432165
1,1517,1518,0.15407065889159996
1,1523,1524,0.15407251905731034
1,1510,1511,0.15407426632156346
1,1507,1508,0.1540759075257143
1,1514,1515,0.15407744909770144
1,1507,1508,0.15407889707691413
1,1514,1515,0.15408025713757514
1,1515,1516,0.1540815346107271
1,1514,1515,0.15408273450490412
1,1507,1508,0.15408386152556683
1,1520,1521,0.1540849200933737
1,1524,1525,0.15408591436135777
1,1520,1521,0.15408684823107358
1,1527,1528,0.15408772536777526
1,1513,1514,0.15408854921468385
1,1511,1512,0.1540893230063973
1,1513,1514,0.1540900497814949
1,1512,1513,0.15409073239438364
1,1503,1504,0.15409137352643193
1,1507,1508,0.15409197569643351
1,1508,1509,0.15409254127044053
1,1512,1513,0.15409307247100518
1,1508,1509,0.15409357138586363
1,1519,1520,0.1540940399760967
0,1508,1508,0.1540944800837981
