1377,30,1407,0.13579591949269518
1403,31,1434,0.132923761643167
1426,30,1456,0.13024062367641775
1430,33,1463,0.12773774615550693
1449,34,1483,0.12545206872291276
1446,36,1482,0.12331991885853812
1450,34,1484,0.12139004340705085
1454,34,1488,0.11962588446193365
1455,34,1489,0.11801157669273614
1450,35,1485,0.11654031738427723
1449,35,1484,0.11521350128905862
1460,38,1498,0.11400833656253165
1449,36,1485,0.11288691113617062
1447,36,1483,0.1118964220802355
1447,38,1485,0.11100166099712695
1458,39,1497,0.110188086880709
1461,42,1503,0.10942317374549436
1465,42,1507,0.10872030445497124
1470,41,1511,0.1080725914116088
1456,42,1498,0.10747304174111694
1449,41,1490,0.10696128953944367
1459,40,1499,0.10651218330673834
1463,41,1504,0.10607975266354863
1485,38,1523,0.10567656847798776
1481,34,1515,0.10525956636181705
1482,34,1516,0.104887836972114
1472,35,1507,0.1045466904640369
1466,35,1501,0.10425977286130336
1450,37,1487,0.10401358582961501
1447,36,1483,0.10382707823001748
1443,35,1478,0.10366706800998866
1437,35,1472,0.10352943071377674
1443,38,1481,0.1034175348283728
1448,37,1485,0.10330298466362847
1451,36,1487,0.10318725869121714
1458,36,1494,0.10307444843247027
1453,36,1489,0.10295459211591551
1454,37,1491,0.10285653275513901
1471,38,1509,0.10276600039830516
1468,39,1507,0.10264788493542813
1469,39,1508,0.10254402985676016
1469,39,1508,0.10244605484996025
1470,40,1510,0.10235820056889999
1462,41,1503,0.1022769439524633
1454,41,1495,0.10222100089859314
1451,42,1493,0.10218856499287372
1453,41,1494,0.10216730850945456
1457,40,1497,0.10214447949335279
1454,41,1495,0.10211597627745653
1449,41,1490,0.10209617210369804
1437,40,1477,0.10208803209964248
1436,45,1481,0.10210554589232064
1436,45,1481,0.10212501164366822
1449,49,1498,0.1021464445351195
1448,49,1497,0.10213681821562468
1447,48,1495,0.10213120490493541
1437,49,1486,0.10212978820905033
1426,47,1473,0.10215206505773931
1418,47,1465,0.10219666540293919
1442,48,1490,0.10225474651429291
1437,49,1486,0.10225492216482593
1433,47,1480,0.10226857624090034
1439,47,1486,0.1022892617821143
1444,47,1491,0.10229563218803651
1443,45,1488,0.10228854823311906
1439,46,1485,0.10228366174716566
1429,47,1476,0.1022870440737691
1429,47,1476,0.10231326483132203
1430,49,1479,0.10233723778973963
1444,51,1495,0.10235735477645377
1448,52,1500,0.10234151696670732
1437,51,1488,0.10232097045830756
1454,53,1507,0.10232843187371547
1455,55,1510,0.10229573488660236
1435,56,1491,0.10226458747931065
1442,56,1498,0.10228156800364677
1442,54,1496,0.10228169698199112
1438,52,1490,0.10228131516973103
1448,53,1501,0.10229113248877252
1451,52,1503,0.10227959786266377
1456,52,1508,0.10226138169243548
1432,50,1482,0.10223314874502584
1431,54,1485,0.10226201087978595
1426,52,1478,0.10229178172183317
1436,57,1493,0.10232937234756889
1437,53,1490,0.10234289258300479
1429,54,1483,0.10235301504058875
1424,58,1482,0.10237865223504737
1435,58,1493,0.10241315171557837
1447,57,1504,0.10242122187340406
1436,58,1494,0.10239992725778876
1428,59,1487,0.1024065893907348
1435,59,1494,0.10243153167613549
1432,59,1491,0.10243837149282939
1431,60,1491,0.10245248534905331
1430,58,1488,0.10246765057693262
1427,59,1486,0.10248161500620435
1422,61,1483,0.10250092193182347
1425,61,1486,0.10253152697242221
1429,61,1490,0.10255301477725517
1423,59,1482,0.10256537353576237
1434,59,1493,0.10258973933532112
1430,58,1488,0.10258546017677544
1429,59,1488,0.10259317481335666
1444,57,1501,0.10260399461802099
1433,57,1490,0.10258078313518786
1441,54,1495,0.10258124235421523
1434,54,1488,0.10256177949650543
1434,55,1489,0.10255958502247482
1446,55,1501,0.10255818972839269
1444,56,1500,0.10253061716042858
1440,55,1495,0.10250952431290035
1425,55,1480,0.10250008429826404
1424,56,1480,0.10252544452056433
1418,56,1474,0.1025498009642455
1430,58,1488,0.10258714025694768
1428,60,1488,0.1025969644230935
1435,63,1498,0.10260943388940394
1453,64,1517,0.10260457399186099
1442,64,1506,0.10256120571313522
1432,66,1498,0.10254646460739686
1429,66,1495,0.10255559883406608
1434,66,1500,0.10256920080215602
1418,65,1483,0.10257284618183073
1432,65,1497,0.10261187659235702
1432,65,1497,0.10261483240527713
1431,62,1493,0.10261890529177595
1433,57,1490,0.10262582646151454
1432,57,1489,0.10262521230868428
1434,59,1493,0.10262814269845955
1438,59,1497,0.10262673777129662
1433,60,1493,0.10261819123267031
1440,60,1500,0.10261715833348951
1454,59,1513,0.10259967206664637
1444,60,1504,0.10255102912930823
1423,57,1480,0.10252969115867071
1423,55,1478,0.10255697424776815
1423,57,1480,0.10258306124949941
1433,60,1493,0.10260869529024813
1435,57,1492,0.10260962025331588
1425,58,1483,0.10260597002200228
1430,58,1488,0.10262303506108304
1432,60,1492,0.10262723675458547
1430,61,1491,0.10262661668685373
1433,57,1490,0.10263164984946772
1423,60,1483,0.1026309314521523
1424,62,1486,0.10265413532207125
1425,65,1490,0.10267304882953862
1435,65,1500,0.10268545278391222
1437,64,1501,0.10267439893398318
1437,67,1504,0.10266048376790092
1438,69,1507,0.10264688468993878
1434,71,1505,0.10263102273738156
1437,67,1504,0.1026288145126873
1427,66,1493,0.10262215905754508
1418,68,1486,0.1026383660734523
1409,69,1478,0.10267385864307402
1424,69,1493,0.1027277782891457
1424,69,1493,0.10274189928361128
1422,70,1492,0.10275652309112975
1405,73,1478,0.10277368444531636
1413,72,1485,0.1028287268618745
1414,74,1488,0.10286186479273404
1419,75,1494,0.10289047786410448
1416,78,1494,0.10290677561545625
1418,78,1496,0.10292744206872119
1417,74,1491,0.10294290836880152
1423,76,1499,0.10295875739887023
1416,76,1492,0.10295894522217058
1420,77,1497,0.10297628352403429
1421,78,1499,0.10298412584939295
1419,77,1496,0.10298731621951732
1422,76,1498,0.10299621343240085
1412,77,1489,0.10299788410803831
1417,75,1492,0.1030224598069173
1422,69,1491,0.10303517750262746
1416,71,1487,0.10303449289809126
1418,70,1488,0.10304291876211848
1422,70,1492,0.10304613406626618
1431,72,1503,0.10304027156843518
1424,74,1498,0.10301421439960035
1415,73,1488,0.10300788362491087
1420,70,1490,0.10302429941288699
1419,69,1488,0.10302682540777479
1423,77,1500,0.10303211177048956
1405,76,1481,0.10302918924650843
1410,75,1485,0.10306633772391702
1411,75,1486,0.1030903226130682
1423,75,1498,0.10311074341575481
1413,74,1487,0.10310334781975639
1429,74,1503,0.10311719095053046
1432,75,1507,0.10309276821444041
1429,75,1504,0.10306512494371521
1420,77,1497,0.10304681575268773
1421,78,1499,0.10304921512099022
1425,76,1501,0.10305023193392358
1424,78,1502,0.10304257352709502
1414,77,1491,0.10303772057171823
1413,80,1493,0.10305592292914388
1418,80,1498,0.10307625494957474
1425,80,1505,0.10308621336639794
1422,77,1499,0.10307937722828406
1419,80,1499,0.10307827803003043
1411,83,1494,0.10308321515422875
1417,86,1503,0.10310651040690104
1407,87,1494,0.10311767397830994
1404,89,1493,0.10314733581277297
1399,90,1489,0.10318371516456089
1413,88,1501,0.10322872173551324
1417,86,1503,0.1032393706877623
1408,87,1495,0.10323897095117328
1419,86,1505,0.10325969166679695
1422,86,1508,0.10325369092262893
1419,88,1507,0.1032399202937782
1412,90,1502,0.10323331844424409
1399,91,1490,0.1032435199823691
1395,91,1486,0.10328297651064997
1384,89,1473,0.10332990964480814
1406,91,1497,0.10339964530642617
1414,89,1503,0.10341275196879848
1407,89,1496,0.10340536705591959
1394,91,1485,0.10341542941727586
1403,92,1495,0.10345517081861864
1402,91,1493,0.10347132496801428
1395,92,1487,0.10348859012358837
1398,90,1488,0.10352030213053051
1401,89,1490,0.10354326884806017
1395,88,1483,0.10355708306967532
1405,88,1493,0.1035828940120755
1404,95,1499,0.103586336238395
1401,91,1492,0.10359236649422711
1414,90,1504,0.10360343257609962
1410,91,1501,0.10358565140702672
1406,94,1500,0.10358118069454277
1403,93,1496,0.10358451434320726
1401,92,1493,0.1035937120990496
1396,94,1490,0.10360923816468734
1391,95,1486,0.10363070891053194
1395,97,1492,0.10366352581107305
1398,93,1491,0.10368802788806157
1392,97,1489,0.10370386272573417
1402,98,1500,0.10373109380698572
1385,96,1481,0.10373251730402
1392,98,1490,0.1037721188979037
1384,95,1479,0.10379221318112535
1391,100,1491,0.10382962770398273
1389,104,1493,0.10384743736263896
1368,107,1475,0.10386826852172625
1382,108,1490,0.10393178124714592
1397,107,1504,0.10396170416254062
1395,105,1500,0.10395641119682864
1391,104,1495,0.10395541512302835
1389,105,1494,0.10396497132324005
1390,107,1497,0.10397792815627142
1371,108,1479,0.10398867768533013
1392,110,1502,0.10404125330691033
1392,107,1499,0.10404439683247978
1382,108,1490,0.1040477001706513
1396,110,1506,0.1040745301065638
1411,111,1522,0.1040677342999674
1390,113,1503,0.10402709495055001
1380,113,1493,0.10403935599362138
1370,115,1485,0.10407508597493102
1379,114,1493,0.10413176493040784
1377,117,1494,0.10416277175688883
1369,119,1488,0.10419553837232293
1370,121,1491,0.10424477529064323
1375,120,1495,0.10428812741867542
1374,119,1493,0.10431487168917705
1360,119,1479,0.1043441277267739
1362,118,1480,0.1044044688956107
1358,122,1480,0.10445243324563265
1361,124,1485,0.10450759430746523
1374,125,1499,0.10455084924806482
1375,126,1501,0.10456123101185842
1386,123,1509,0.10456898107292362
1388,123,1511,0.10455096948422671
1377,121,1498,0.10452904789024885
1381,123,1504,0.10453500623427522
1379,128,1507,0.10453326251265616
1369,125,1494,0.10453235386818038
1378,118,1496,0.10455363510897091
1386,118,1504,0.10454945481828969
1390,119,1509,0.10452952890660011
1386,119,1505,0.10450395441821052
1371,120,1491,0.10449153226782222
1378,118,1496,0.10451144652868635
1376,117,1493,0.10451442173876803
1372,120,1492,0.10452238017027174
1358,126,1484,0.10454013476879825
1363,124,1487,0.10458825118141914
1372,124,1496,0.10462065423018267
1380,122,1502,0.10462954810091356
1384,125,1509,0.10462135528448399
1383,125,1508,0.10460351030365303
1396,128,1524,0.10458942987984092
1379,129,1508,0.10454731339217602
1379,127,1506,0.10454757890158646
1372,127,1499,0.10454736464757594
1368,122,1490,0.10456390384102524
1368,118,1486,0.10458506060919007
1365,121,1486,0.1046013500487713
1365,121,1486,0.10462431409375618
1366,120,1486,0.10464547364477031
1359,121,1480,0.10466382790619054
1374,118,1492,0.10469554308658903
1385,120,1505,0.10469313478473548
1384,115,1499,0.10466443939955498
1392,116,1508,0.10463902514488353
1384,118,1502,0.1045966499313507
1369,117,1486,0.1045763710068777
1370,118,1488,0.10459321846070263
1370,119,1489,0.10460832913588763
1390,118,1508,0.10462008675361613
1383,119,1502,0.1045830121886148
1384,119,1503,0.10456446708282367
1389,116,1505,0.10454823220605353
1390,120,1510,0.10451983380617183
1387,121,1508,0.10449072833671359
1392,119,1511,0.1044712167013317
1386,118,1504,0.10443891952918945
1386,120,1506,0.1044231087522115
1381,121,1502,0.10440981358067755
1385,122,1507,0.10440985017530387
1391,117,1508,0.10439989524300479
1387,118,1505,0.1043767229384586
1385,121,1506,0.10436417963197112
1391,123,1514,0.10435838491852703
1371,122,1493,0.10434182970912255
1368,120,1488,0.10436993328037689
1374,117,1491,0.10440336399802132
1381,117,1498,0.10442048459079968
1378,122,1500,0.10441978301922125
1388,125,1513,0.10442966689419977
1378,123,1501,0.10441560448848594
1378,124,1502,0.10442178154763028
1384,123,1507,0.10442905279011322
1377,128,1505,0.10442270349966465
1380,127,1507,0.10443320426226974
1384,128,1512,0.10443501474215884
1385,129,1514,0.10442933808112151
1382,126,1508,0.1044231705378463
1377,127,1504,0.10442605188293581
1383,128,1511,0.10443947459999244
1385,125,1510,0.10443736234514547
1379,126,1505,0.10443115411555308
1383,128,1511,0.10443938119005246
1377,128,1505,0.10443637615477297
1356,127,1483,0.10444761120356116
1347,134,1481,0.10450698401682093
1351,133,1484,0.10458334183174284
1357,135,1492,0.10464438677790357
1351,139,1490,0.10468705771866232
1341,137,1478,0.10473946738532476
1360,135,1495,0.1048097936945322
1351,140,1491,0.10483382012749001
1352,142,1494,0.10487642597889092
1356,139,1495,0.10491340679870627
1366,144,1510,0.1049372721326134
1360,146,1506,0.10494031222285617
1357,144,1501,0.10495588182261897
1355,144,1499,0.10497696219437266
1349,145,1494,0.10500303288378456
1343,142,1485,0.10504082298061142
1334,146,1480,0.10508787147161787
1344,149,1493,0.1051502278520445
1345,149,1494,0.10518740285150754
1339,150,1489,0.10521896271060531
1340,149,1489,0.10526449693614488
1337,152,1489,0.10530301481790452
1339,153,1492,0.10534646789193478
1344,146,1490,0.10538310710641385
1343,145,1488,0.10540636829782474
1340,152,1492,0.10543229185811023
1334,155,1489,0.10546358527982232
1345,156,1501,0.10550577020975536
1344,154,1498,0.10551997453192889
1345,152,1497,0.10553604226677962
1347,149,1496,0.10554947232189966
1353,144,1497,0.10555624038631654
1348,150,1498,0.10554727244504346
1341,152,1493,0.10554640499950028
1342,150,1492,0.10556280644238175
1352,151,1503,0.10557779395668092
1345,152,1497,0.10556917349986197
1339,151,1490,0.10557855316278278
1339,153,1492,0.10559963927287683
1343,153,1496,0.10561767892517128
1331,153,1484,0.10562563068676965
1324,155,1479,0.10565934298398723
1325,154,1479,0.1057064615250797
1305,154,1459,0.10574786433082675
1325,156,1481,0.10583131082328294
1333,158,1491,0.10586125750458578
1337,155,1492,0.1058697951862705
1346,160,1506,0.10586888297284852
1334,158,1492,0.10584559316799835
1350,159,1509,0.10585280216023273
1341,158,1499,0.10582500428156157
1346,159,1505,0.10582094905069246
1344,156,1500,0.10580629321839385
1333,162,1495,0.10579670092600973
1331,160,1491,0.10581505594521946
1335,163,1498,0.10583813299113658
1322,167,1489,0.10584947683429693
1315,172,1487,0.1058916802529353
1323,173,1496,0.10594890443465975
1329,169,1498,0.1059844811363985
1336,170,1506,0.1060019044866041
1333,173,1506,0.10600225380426366
1328,174,1502,0.106011192480067
1319,174,1493,0.10603223576745117
1317,177,1494,0.10607218490294638
1326,175,1501,0.10611387539092046
1321,175,1496,0.10613230057957451
1312,176,1488,0.10616237982258885
1307,181,1488,0.106210788274139
1309,177,1486,0.10626669330139168
1311,173,1484,0.10631457314010408
1306,173,1479,0.10635410081260645
1299,177,1476,0.10640365808366789
1306,180,1486,0.10646478547633847
1310,185,1495,0.10650461310672153
1303,181,1484,0.10653151749259372
1305,186,1491,0.10657347023952006
1304,189,1493,0.10660921755025124
1314,192,1506,0.10664249832499471
1310,198,1508,0.1066505421682314
1299,196,1495,0.10666705221656697
1295,194,1489,0.10670872160835412
1289,195,1484,0.10675833957060388
1282,197,1479,0.10681879144011482
1269,196,1465,0.10688973840889773
1281,201,1482,0.10698411829859687
1293,200,1493,0.1070446813865321
1293,198,1491,0.10707417749239397
1284,200,1484,0.10709849818792973
1274,198,1472,0.10714402697838608
1289,198,1487,0.10720982452480551
1293,200,1493,0.10723614260583783
1288,202,1490,0.10725418567141368
1287,204,1491,0.10728344421863895
1285,206,1491,0.10731303371506713
1284,210,1494,0.10734306776641186
1270,212,1482,0.10737485382829082
1268,205,1473,0.10743518776779716
1278,205,1483,0.10749707787672069
1276,205,1481,0.10752958835984447
1272,208,1480,0.10756508464558147
1259,208,1467,0.10760517203636356
1266,211,1477,0.10767432469190069
1278,210,1488,0.10772104826059506
1275,207,1482,0.10773788970112412
1273,210,1483,0.1077615513682848
1283,210,1493,0.10778675564197548
1288,213,1501,0.10778828874517815
1289,215,1504,0.10777827608680131
1295,211,1506,0.10776557423304041
1292,212,1504,0.10773994110603155
1282,215,1497,0.1077228798833736
1279,211,1490,0.1077274775231502
1283,216,1499,0.1077404268556605
1281,221,1502,0.10774543585374255
1272,223,1495,0.10775576534713759
1267,225,1492,0.10778860809233812
1263,229,1492,0.1078321822468284
1269,236,1505,0.10788421263275356
1257,232,1489,0.1079198342689725
1266,230,1496,0.10797900283138968
1249,233,1482,0.10801405302279977
1249,235,1484,0.10808632641873551
1247,237,1484,0.10815073006303884
1251,242,1493,0.10821581356540415
1245,241,1486,0.10826594225117261
1250,235,1485,0.10832644928185033
1244,237,1481,0.10837229160785203
1237,240,1477,0.10842566659668389
1240,243,1483,0.10849095213515195
1252,234,1486,0.10854447023722447
1252,239,1491,0.10856315323651602
1246,245,1491,0.10858214489997214
1252,250,1502,0.10861647631656669
1257,245,1502,0.10863551788152949
1256,247,1503,0.10864018728534561
1246,246,1492,0.10864513177347795
1249,243,1492,0.1086736822972695
1259,248,1507,0.1086925036108933
1254,248,1502,0.10868888361205156
1252,251,1503,0.10869555910958394
1261,246,1507,0.10870848591011019
1249,247,1496,0.10869799516450067
1253,247,1500,0.10871927183001712
1256,246,1502,0.10872595827192616
1242,248,1490,0.10872770380588716
1239,253,1492,0.10876264506787407
1241,253,1494,0.10879902463581409
1233,251,1484,0.10883106454787672
1233,256,1489,0.10887889456883108
1232,257,1489,0.10892381741913086
1235,259,1494,0.10896654492145039
1229,253,1482,0.10899889851172385
1237,253,1490,0.10904247717821239
1244,252,1496,0.10906125866416204
1244,253,1497,0.1090628480397887
1237,250,1487,0.10906167044927419
1241,247,1488,0.10907698708350168
1239,249,1488,0.10908417200397269
1237,253,1490,0.10909567266751707
1249,252,1501,0.1091100374648442
1241,253,1494,0.10909469570339013
1245,252,1497,0.1090983888041908
1241,247,1488,0.10909271211234628
1249,247,1496,0.10909962948813774
1253,247,1500,0.109088367563042
1255,248,1503,0.10906857152011117
1241,252,1493,0.10903987201464282
1249,255,1504,0.10904359678666084
1247,254,1501,0.10903192224968837
1244,254,1498,0.10902754856062832
1248,257,1505,0.10903071085995485
1257,257,1514,0.10902557305391303
1247,252,1499,0.10900282499371265
1252,253,1505,0.10900473755818214
1235,254,1489,0.10899348649236541
1229,248,1477,0.10902056718098063
1224,248,1472,0.10906052630615143
1238,249,1487,0.10910784056038811
1230,251,1481,0.1091217671145737
1233,265,1498,0.10915791360479188
1233,267,1500,0.10918645964167119
1221,270,1491,0.10921409850938707
1209,277,1486,0.10926897832933502
1209,281,1490,0.10934690376497247
1207,280,1487,0.10941943726284052
1212,282,1494,0.1094926218830295
1225,284,1509,0.1095452455713356
1222,282,1504,0.10956158888196231
1228,280,1508,0.10958749335088727
1211,285,1496,0.10959628512479645
1204,287,1491,0.10964341911066741
1209,286,1495,0.10970781337935272
1204,291,1495,0.10975649842673
1208,287,1495,0.10981010530696356
1195,289,1484,0.10985221980671313
1212,287,1499,0.10992253256296777
1211,291,1502,0.10994844834604078
1213,293,1506,0.10997208546892188
1208,298,1506,0.1099887036629288
1198,298,1496,0.11001603558756189
1200,291,1491,0.11006753022130678
1206,300,1506,0.11011119031740826
1214,300,1514,0.11013368759232212
1203,298,1501,0.11013507973224243
1210,295,1505,0.1101625991242086
1209,296,1505,0.1101695705496877
1199,296,1495,0.11017853259261205
1196,296,1492,0.11021196252747717
1202,291,1493,0.1102503226712352
1201,294,1495,0.11027253820125818
1198,286,1484,0.11029160225648528
1198,295,1493,0.11031598038022825
1208,293,1501,0.11034093558994314
1210,293,1503,0.11033877065648394
1212,298,1510,0.11033203099116433
1214,296,1510,0.11032189082092511
1206,301,1507,0.11030974167301892
1209,299,1508,0.11032019441497125
1199,295,1494,0.11032341417619879
1201,292,1493,0.11035054163332361
1205,300,1505,0.11036987556752863
1191,300,1491,0.1103800024573507
1199,294,1493,0.11042115952486131
1195,300,1495,0.11043821580014444
1188,306,1494,0.11046355033006496
1188,307,1495,0.11050383731634308
1184,308,1492,0.11054468001137842
1170,308,1478,0.11059240171754714
1167,313,1480,0.11066775030880807
1170,316,1486,0.1107419322344434
1167,314,1481,0.11080466819486919
1170,321,1491,0.11087213256268778
1166,316,1482,0.11092666102410562
1162,320,1482,0.11098482834625528
1170,321,1491,0.11104990220396985
1166,316,1482,0.11109119335047093
1164,320,1484,0.11113917893436248
1175,324,1499,0.11119033098078238
1173,322,1495,0.11121127475433941
1184,325,1509,0.11123694912411519
1173,330,1503,0.11123733627375217
1176,330,1506,0.11126553229486479
1186,321,1507,0.11128783645128447
1176,328,1504,0.11128400484592048
1170,335,1505,0.11130357702987363
1164,343,1507,0.11133540762831791
1150,346,1496,0.1113779242145641
1156,348,1504,0.11145101232794019
1160,346,1506,0.11150607997368107
1145,346,1491,0.11154859681586884
1142,340,1482,0.11162250742088638
1144,340,1484,0.11169992838174142
1151,341,1492,0.11176816605470531
1154,348,1502,0.11181476463700597
1161,346,1507,0.11185111988589885
1157,342,1499,0.11186724591443863
1162,344,1506,0.11189027486926943
1165,344,1509,0.11189757826034231
1162,339,1501,0.1118965746952881
1164,340,1504,0.11190305524786602
1159,341,1500,0.11190255944186894
1164,342,1506,0.11191609890518751
1154,345,1499,0.1119211022160945
1153,340,1493,0.11194902880583625
1158,349,1507,0.11197243600659425
1148,349,1497,0.11198173841373173
1147,347,1494,0.11201534359248118
1154,352,1506,0.11204769691887982
1152,356,1508,0.11206211802510227
1147,354,1501,0.11208328100119846
1142,357,1499,0.11211356677225083
1132,352,1484,0.11215664917851008
1133,357,1490,0.11221695828139634
1135,363,1498,0.11227094229332545
1135,360,1495,0.11232021036506559
1131,365,1496,0.11236571531462815
1131,367,1498,0.11241807127693271
1133,363,1496,0.11246793069016124
1136,363,1499,0.11251072754732537
1150,367,1517,0.11254477311925651
1148,370,1518,0.11254056269956651
1144,366,1510,0.11254138581399548
1150,364,1514,0.11255204622768654
1131,360,1491,0.11254919226419859
1144,360,1504,0.11258805015765888
1142,353,1495,0.11259040809473224
1138,359,1497,0.11259890177587355
1144,367,1511,0.11261771361174104
1133,370,1503,0.11262153693542831
1132,373,1505,0.11265351926323053
1130,371,1501,0.11268509160000698
1136,371,1507,0.11271931631019762
1145,370,1515,0.11273288731089522
1144,374,1518,0.11272606505479253
1132,379,1511,0.11272185422563119
1130,389,1519,0.11274652669502765
1143,386,1529,0.1127763697947937
1132,384,1516,0.11277692420204556
1118,384,1502,0.11280266263611978
1114,386,1500,0.11285984614915202
1113,383,1496,0.11292359296895285
1099,388,1487,0.11298479548738088
1108,390,1498,0.11307403124035859
1108,390,1498,0.11313900802937851
1091,395,1486,0.1131991480008302
1097,398,1495,0.11329277637275731
1099,398,1497,0.11336503720609362
1093,401,1494,0.11342791266916917
1090,406,1496,0.11350287035905772
1100,404,1504,0.11358163918658576
1104,404,1508,0.11363136473290623
1093,398,1491,0.11366676226141603
1094,397,1491,0.11372432336227419
1102,400,1502,0.1137739867655954
1108,396,1504,0.11380116636849198
1107,399,1506,0.11381182655729777
1097,398,1495,0.1138193495635695
1085,405,1490,0.11385191229388596
1095,408,1503,0.11390728349933443
1101,408,1509,0.11393833152135587
1099,408,1507,0.11395701744951761
1110,408,1518,0.1139810250861849
1095,413,1508,0.113977732362257
1099,419,1518,0.11400853367109309
1088,419,1507,0.1140298806902652
1084,424,1508,0.11407584763212913
1080,417,1497,0.11412994020484873
1079,423,1502,0.11418778650314412
1083,424,1507,0.11424188193957473
1078,419,1497,0.11428524066650839
1076,422,1498,0.11433382359490521
1081,421,1502,0.11438398532891679
1088,424,1512,0.11441948882063743
1098,422,1520,0.114438830741477
1092,419,1511,0.1144300713966931
1086,418,1504,0.11443463615827877
1086,419,1505,0.11445232796683652
1080,421,1501,0.11446923434126127
1067,423,1490,0.11450036391495345
1065,423,1488,0.114558679198397
1067,425,1492,0.1146132071246215
1075,422,1497,0.11465970150321737
1069,426,1495,0.11468688042474383
1061,438,1499,0.11472531568752992
1059,432,1491,0.11478363217693072
1052,432,1484,0.11484321558089317
1054,436,1490,0.11491210940077899
1062,435,1497,0.11497113664038858
1062,440,1502,0.11500760880169345
1049,443,1492,0.11504122407899776
1047,447,1494,0.11510199482746604
1052,448,1500,0.11516401085802512
1059,448,1507,0.1152098865889991
1052,441,1493,0.11523635590286328
1053,439,1492,0.11527491866872192
1058,432,1490,0.11530646728814213
1057,436,1493,0.11532618248402202
1072,434,1506,0.11534577539446168
1068,439,1507,0.11532817930364385
1065,441,1506,0.11532332662396362
1060,441,1501,0.11532974184126674
1061,446,1507,0.11534694337882044
1054,455,1509,0.11536032955987956
1037,457,1494,0.11539020327956923
1035,461,1496,0.11546105303841657
1034,458,1492,0.11552916697928531
1049,465,1514,0.11559620834195566
1038,469,1507,0.115623209233163
1037,470,1507,0.11567403446984423
1029,470,1499,0.11572654615174045
1042,466,1508,0.11579411963887122
1038,464,1502,0.11582478148064247
1041,465,1506,0.11585954922351674
1042,474,1516,0.11588608416334646
1042,479,1521,0.1159101751246229
1041,481,1522,0.11593241844425492
1034,477,1511,0.1159590588837634
1046,465,1511,0.11600276087992242
1032,478,1510,0.11601316386951907
1021,479,1500,0.11605393866388165
1032,472,1504,0.11611810445765781
1036,473,1509,0.11615435922449781
1038,476,1514,0.11618039061411352
1038,475,1513,0.11619839347430044
1039,470,1509,0.1162150689659207
1038,469,1507,0.11623036778665231
1037,466,1503,0.11624673246513371
1027,466,1493,0.11626698202239055
1030,469,1499,0.11630846661493836
1036,475,1511,0.11633861246936877
1042,484,1526,0.11635358250860657
1035,476,1511,0.11635590467286097
1044,468,1512,0.11637282506910455
1038,471,1509,0.11636687406892196
1039,475,1514,0.11637477401476104
1026,461,1487,0.1163750577548195
1019,466,1485,0.11640408273560698
1017,462,1479,0.11644745651194582
1019,470,1489,0.11649063419673843
1015,480,1495,0.11652445001206069
1029,486,1515,0.1165673817908975
1026,482,1508,0.11657708886844312
1005,485,1490,0.1165933448122526
1008,488,1496,0.11665666457943477
1009,496,1505,0.11670832626406705
1012,496,1508,0.11675210624985936
1011,497,1508,0.11678676651069957
1014,500,1514,0.11682019348723692
998,504,1502,0.1168467905123306
975,507,1482,0.1169083415976808
991,498,1489,0.11702086863392715
981,509,1490,0.11709042147518128
977,506,1483,0.11717888145228955
972,513,1485,0.1172704984209641
977,524,1501,0.11736977914655224
976,527,1503,0.11744965835528515
990,526,1516,0.11752817764910539
987,530,1517,0.11757112593569201
978,538,1516,0.11761585610232746
976,534,1510,0.11768150463151318
971,537,1508,0.11774786345921293
978,540,1518,0.11781942639128673
975,536,1511,0.1178681627240114
971,532,1503,0.11792244217955127
986,533,1519,0.11798161336574957
978,540,1518,0.1180034289733107
971,543,1514,0.11804367631559408
969,532,1501,0.11810109906912478
956,538,1494,0.11815911489931129
947,546,1493,0.1182418144112609
932,552,1484,0.11833967360557014
941,558,1499,0.11846844291828805
941,555,1496,0.11856719961171347
928,557,1485,0.11865920773424733
940,553,1493,0.11877276308456026
940,555,1495,0.11884847724556526
937,571,1508,0.11891644853865316
925,571,1496,0.11898552690622764
918,580,1498,0.11907757864881391
918,579,1497,0.1191800426946784
920,583,1503,0.11927608074463308
919,578,1497,0.11936292770638851
916,577,1493,0.11944839311504825
914,579,1493,0.11953216147811269
918,572,1490,0.11961275432695084
922,569,1491,0.11967882349895914
914,566,1480,0.11973329085252209
918,567,1485,0.11980147450944002
910,570,1480,0.11985565159080214
907,570,1477,0.11992440112859391
910,571,1481,0.11999472688754739
909,568,1477,0.12005301830505606
911,576,1487,0.12010962999504335
913,575,1488,0.12015827362533799
912,581,1493,0.12019859915243535
915,582,1497,0.12023910386985197
915,581,1496,0.120269067922173
912,581,1493,0.12029506053392466
919,576,1495,0.12032795786170705
928,580,1508,0.12034370246510644
920,594,1514,0.12033626896152456
919,593,1512,0.12034978556532874
922,589,1511,0.12036286115739997
912,588,1500,0.12036830248621033
915,603,1518,0.12039685637631532
919,599,1518,0.12041937009933912
922,599,1521,0.12043228232523161
911,594,1505,0.1204365635640227
903,597,1500,0.12046518619210367
904,598,1502,0.12051104714320982
906,601,1507,0.12055270616704988
896,600,1496,0.12058986082314424
892,599,1491,0.12064786139345657
895,608,1503,0.12071324288958728
890,609,1499,0.12076783322722122
893,613,1506,0.12082999936959281
895,610,1505,0.12087852522241313
886,618,1504,0.12091844799760064
886,614,1500,0.1209799720353183
878,619,1497,0.12103630772959136
875,624,1499,0.12110284442217076
877,626,1503,0.12117225375198831
866,621,1487,0.12123368594748075
868,619,1487,0.12131797787767916
863,630,1493,0.12139395850169343
866,627,1493,0.1214770128816955
852,624,1476,0.12155028127144023
850,634,1484,0.12165054811534264
851,639,1490,0.12174778631388115
851,636,1487,0.1218346552769682
865,642,1507,0.1219148469412427
857,636,1493,0.12195362902692843
853,647,1500,0.12200500469694738
856,651,1507,0.12206680629246096
852,651,1503,0.12211670033239332
860,655,1515,0.12217180627247475
856,656,1512,0.12220441827538472
857,660,1517,0.12224493980254678
849,667,1516,0.12228203256308397
848,660,1508,0.12233518658482172
853,656,1509,0.12238941772000374
848,652,1500,0.12242818708710304
851,650,1501,0.12247669259537018
853,649,1502,0.12251704815313151
847,656,1503,0.12254782829897888
837,661,1498,0.12259127478018293
856,658,1514,0.12265588783937584
858,659,1517,0.1226694359327539
862,652,1514,0.1226765437762452
863,643,1506,0.12267261626234433
857,654,1511,0.12266891538976096
864,657,1521,0.12268269395912852
856,662,1518,0.12268106089593082
854,655,1509,0.12270012619089353
865,656,1521,0.12272300773900194
857,658,1515,0.12271505257482426
855,646,1501,0.12272685541782068
852,644,1496,0.1227465603192917
854,649,1503,0.122770147709839
841,653,1494,0.12278950391933564
844,649,1493,0.12283647089170407
844,657,1501,0.12287502616014775
844,666,1510,0.12290910745339718
853,663,1516,0.12294196078279876
853,662,1515,0.12294972392567186
856,658,1514,0.12295645562534187
853,669,1522,0.12295556254858235
852,663,1515,0.12296103448219026
847,659,1506,0.12296724228556542
842,664,1506,0.12298837334188165
847,673,1520,0.12301967699864168
857,665,1522,0.12303743002439753
862,666,1528,0.12302980054907377
848,668,1516,0.12301001733497487
846,661,1507,0.1230240436928024
851,660,1511,0.12303855251700407
849,666,1515,0.12303831494303338
850,659,1509,0.12304462322299972
847,659,1506,0.12304928204033123
838,662,1500,0.12306138489831837
838,652,1490,0.1230926394518416
837,663,1500,0.12312127235562037
844,658,1502,0.12314919412710854
847,658,1505,0.12315873453125753
844,661,1505,0.1231610237735628
850,663,1513,0.1231702217326298
844,669,1513,0.12316721431134599
838,667,1505,0.12318081454823929
836,673,1509,0.12320930241144123
837,667,1504,0.12323979213576632
832,667,1499,0.12326721818420644
837,666,1503,0.12330614528921131
846,670,1516,0.12333014893330915
841,661,1502,0.12333182252822723
845,653,1498,0.12334301924416641
852,651,1503,0.12334276267354558
850,660,1510,0.12332513254311031
851,654,1505,0.1233156937158477
843,663,1506,0.1233060656774772
837,656,1493,0.12331477230844484
842,667,1509,0.12333614362714514
836,672,1508,0.12334143828830889
834,680,1514,0.12335992357517142
833,673,1506,0.12338419830688946
829,667,1496,0.12340769232721101
827,677,1504,0.12343753762303158
830,685,1515,0.12346920553814197
825,682,1507,0.12349546838365776
829,680,1509,0.12353145204359268
830,675,1505,0.12355683969264752
831,676,1507,0.12358060692150684
840,670,1510,0.1235972117216182
837,669,1506,0.12359001670996
838,669,1507,0.12359133890276197
832,680,1512,0.12359027665820531
821,683,1504,0.1236014718901301
815,687,1502,0.1236409468956175
819,681,1500,0.1236929445795833
813,688,1501,0.12373246013969197
818,683,1501,0.12378407637306406
817,686,1503,0.12382405765554079
822,677,1499,0.12386121535223862
827,691,1518,0.12388155093327398
814,679,1493,0.12388897655219719
817,689,1506,0.12392641264299754
805,685,1490,0.12394961617656744
810,681,1491,0.12400035529779861
816,683,1499,0.1240359940702529
823,673,1496,0.12405759611443554
819,674,1493,0.12406270012691113
817,674,1491,0.12407461131362069
822,685,1507,0.1240870104367293
820,686,1506,0.12408400676048949
821,692,1513,0.12408812139704434
826,691,1517,0.12409041683400442
821,687,1508,0.12407731314282902
827,682,1509,0.1240776066611343
820,678,1498,0.12406548667879921
819,683,1502,0.124070156820639
823,677,1500,0.12407787267422232
820,673,1493,0.12407560255588317
813,680,1493,0.12407977453243255
815,682,1497,0.12409708077738923
816,687,1503,0.12411152850975345
813,683,1496,0.12411888032066905
810,680,1490,0.12413222454866198
815,680,1495,0.12415305003875876
807,676,1483,0.12415927637986619
814,682,1496,0.12418534221926592
815,687,1502,0.12419318069168905
818,691,1509,0.12419883348716329
811,697,1508,0.12419674748758452
820,703,1523,0.12421263944295642
808,709,1517,0.12420625865266008
803,702,1505,0.12423038498193716
800,689,1489,0.12426701542932068
802,694,1496,0.12430928071800774
809,693,1502,0.12434493794262534
810,697,1507,0.12436209534334458
812,699,1511,0.12437027707126652
803,699,1502,0.12437374408635589
810,704,1514,0.12439769172934804
815,704,1519,0.1244054911224951
814,701,1515,0.12440314204650843
814,700,1514,0.12440526840680778
817,690,1507,0.12440543225072158
817,691,1508,0.12439717165957222
815,701,1516,0.12438911296646055
810,710,1520,0.12438608684495193
807,707,1514,0.12439751106533983
813,701,1514,0.12441734329342856
813,702,1515,0.12442576974284272
806,698,1504,0.1244331065011439
799,699,1498,0.12445571589449997
800,703,1503,0.12449382070015971
803,702,1505,0.12452640008883571
797,708,1505,0.1245477966524056
794,714,1508,0.12458195513731325
783,702,1485,0.12462338871443505
789,705,1494,0.12468958595484242
797,696,1493,0.12473712983826524
798,705,1503,0.12476386116017593
799,706,1505,0.12478470525813518
798,706,1504,0.1248028594380727
790,711,1501,0.12482298755675458
781,708,1489,0.12486168096722748
784,711,1495,0.12491644287114345
789,723,1512,0.12496064242509776
790,725,1515,0.1249897668412052
786,721,1507,0.1250145128574551
780,719,1499,0.12504724070959994
781,715,1496,0.1250879427995222
784,723,1507,0.12512786633184347
781,720,1501,0.12515817314342825
776,715,1491,0.1251898489960013
780,707,1487,0.12523013575665792
778,722,1500,0.12525696427050692
784,717,1501,0.125285858242387
789,721,1510,0.12530101007906264
786,726,1512,0.12530425615252697
793,723,1516,0.12531698382952305
793,724,1517,0.12531011493026137
795,718,1513,0.12530193802027292
796,713,1509,0.12529069708601331
786,715,1501,0.12527978731924566
785,717,1502,0.12529378290286636
785,725,1510,0.12530884438673584
774,717,1491,0.12532422730333698
774,717,1491,0.12536379818393245
767,720,1487,0.12540102579938034
762,727,1489,0.12545227048176996
760,724,1484,0.12551095919564503
764,726,1490,0.12556876904818215
762,731,1493,0.12561043465472654
767,728,1495,0.12565201450722335
776,732,1508,0.12568081761609545
768,744,1512,0.12568705745011383
766,739,1505,0.1257108274467556
776,748,1524,0.12573737506579857
769,750,1519,0.12573837784089734
756,739,1495,0.12575660476686262
758,751,1509,0.1258063483186667
764,745,1509,0.12584788470153302
760,766,1526,0.1258712892726899
750,768,1518,0.12590558778974967
753,772,1525,0.12596330817925755
747,771,1518,0.1260116342341308
744,766,1510,0.12606984585773787
735,776,1511,0.12613190586813322
740,780,1520,0.12621193597545757
728,790,1518,0.1262742833542294
728,798,1526,0.1263619603000879
729,796,1525,0.12644566876777166
736,797,1533,0.12652293159669942
730,792,1522,0.12657501235776816
737,792,1529,0.12663526028724673
728,785,1513,0.12667389985376318
726,783,1509,0.12673071205283118
723,787,1510,0.12678853942074714
725,786,1511,0.12685049880860158
734,791,1525,0.12690390236708418
732,787,1519,0.12693191821051092
732,786,1518,0.12696535334434994
725,794,1519,0.1269953642571848
705,789,1494,0.12704016482231015
707,797,1504,0.12712787254863503
703,791,1494,0.1272026631112225
696,786,1482,0.1272834254925174
710,791,1501,0.12737387176557635
706,792,1498,0.1274271284847989
700,792,1492,0.12748928021383407
697,800,1497,0.12756154894448016
698,797,1495,0.12763344657129608
702,795,1497,0.12769521318160096
702,803,1505,0.12774644580666308
687,808,1495,0.12779219451816412
684,817,1501,0.12787105108801128
682,820,1502,0.12795324756643525
680,828,1508,0.12803296067273132
670,833,1503,0.12811080905703792
671,835,1506,0.12820817190052725
668,838,1506,0.12829729079660848
665,841,1506,0.12838917062142222
667,842,1509,0.1284846438850337
674,838,1512,0.12857138609964264
667,828,1495,0.1286322455523671
667,838,1505,0.1287037350411533
660,834,1494,0.12877160227974233
666,841,1507,0.12884839784450247
660,845,1505,0.1289052423667887
661,843,1504,0.12897074699363864
670,846,1516,0.12903122617080917
661,851,1512,0.12906557331980728
664,850,1514,0.12911748332726108
668,854,1522,0.12915812948394628
657,834,1491,0.1291892296941576
653,839,1492,0.12924309948610457
657,842,1499,0.12930446445405971
656,851,1507,0.1293483342811206
647,846,1493,0.12939161970627208
645,857,1502,0.1294558109794254
643,855,1498,0.1295228493098923
635,851,1486,0.12958887914457226
622,863,1485,0.12967115907962143
638,863,1501,0.1297774940974413
638,858,1496,0.12983694021625797
643,863,1506,0.12989088941451715
638,864,1502,0.12992948796901346
639,870,1509,0.12997753930929448
640,865,1505,0.13002186607487556
631,871,1502,0.13005641776800794
627,868,1495,0.13011071929106177
625,875,1500,0.13017141551269795
625,871,1496,0.1302340336120486
628,873,1501,0.1302935883314552
624,876,1500,0.13034413164337194
627,880,1507,0.1304004335663689
629,874,1503,0.13044813989060355
626,887,1513,0.13048922620059503
621,881,1502,0.1305371168647104
628,877,1505,0.1305945292132974
631,871,1502,0.1306331624043793
633,874,1507,0.13066112339578081
624,882,1506,0.13068051858026045
624,885,1509,0.13072011979350523
625,892,1517,0.13075723321876556
621,883,1504,0.13079093145535564
624,880,1504,0.13082802063452154
631,885,1516,0.13085853583699844
626,878,1504,0.1308696762780533
632,871,1503,0.13088894842517423
643,877,1520,0.13089285381937935
635,881,1516,0.13087172354482984
636,874,1510,0.13087098835438618
632,867,1499,0.13086709202798052
626,874,1500,0.13087565236665263
621,879,1500,0.13089471447883522
627,877,1504,0.13092214638751679
632,881,1513,0.13093458924241708
626,879,1505,0.1309362229578315
625,880,1505,0.13095315559033202
626,889,1515,0.13097023171163738
625,886,1511,0.1309826711801827
616,893,1509,0.13099565422667378
613,884,1497,0.1310288818750813
616,881,1497,0.1310682215843152
619,880,1499,0.13109773670913497
620,883,1503,0.13112096108590554
627,886,1513,0.13114006558399688
623,883,1506,0.13113952057492373
621,875,1496,0.13114636849483716
619,881,1500,0.13115786358005083
615,892,1507,0.13117486993229552
611,893,1504,0.13120072133124902
612,890,1502,0.1312342305095076
610,896,1506,0.13126548334814425
603,901,1504,0.13129930173318283
606,890,1496,0.1313472088838743
609,895,1504,0.13138433836765515
611,881,1492,0.1314080851501832
620,887,1507,0.13142579603599472
620,893,1513,0.13142249025338523
623,895,1518,0.13142067775304897
618,894,1512,0.1314085192218696
616,893,1509,0.13141042383791773
605,895,1500,0.1314142977908342
610,902,1512,0.13144510555363623
614,896,1510,0.13146371719344968
620,896,1516,0.13146919180341507
622,889,1511,0.1314600939761264
613,900,1513,0.13144962795753923
615,899,1514,0.13146203687213867
611,901,1512,0.131468440165173
604,912,1516,0.13148519534970077
605,913,1518,0.1315185963904421
609,900,1509,0.13154746911020426
607,896,1503,0.1315600893583777
612,897,1509,0.13157690003413597
612,900,1512,0.13158111772194167
616,895,1511,0.1315859346464742
612,890,1502,0.1315811080073708
611,898,1509,0.13158502656781923
614,898,1512,0.13159225513944256
612,904,1516,0.13159427488811148
607,904,1511,0.1316043303541496
600,905,1505,0.1316281151802645
595,902,1497,0.13166841901353812
600,907,1507,0.1317172718364714
600,899,1499,0.13174939736356972
607,909,1516,0.1317731659724804
600,901,1501,0.13177859062127897
602,913,1515,0.131800986604088
597,916,1513,0.13181851679185003
586,905,1491,0.1318462146303159
592,913,1505,0.1318961573804695
591,910,1501,0.13193123369188353
584,912,1496,0.13196465293890217
594,917,1511,0.13201388928615898
575,922,1497,0.13203206388542127
585,917,1502,0.13209448598818505
591,933,1524,0.1321302474941248
589,916,1505,0.13215246467755384
591,922,1513,0.13217926892767243
580,920,1500,0.13219513256252058
582,925,1507,0.13223274300041202
583,917,1500,0.13226166049343324
592,923,1515,0.13228879666596913
589,934,1523,0.13229246745877762
584,941,1525,0.13230517098203579
588,936,1524,0.13232987036696142
584,926,1510,0.13234468195596708
574,922,1496,0.13236776488423457
581,922,1503,0.13241124311035457
579,926,1505,0.13243623036328933
578,929,1507,0.13246322076675615
582,923,1505,0.13249259156110366
587,927,1514,0.13251022182013994
583,925,1508,0.13251332138598584
583,940,1523,0.13252890304772427
575,926,1501,0.13254527972456032
575,925,1500,0.13258164040831788
577,931,1508,0.13261572064439645
574,927,1501,0.13264014848777153
578,929,1507,0.13267022003644757
574,930,1504,0.13268590459953916
578,930,1508,0.13271106919504733
571,928,1499,0.13272443419752536
578,933,1511,0.13275401302621298
582,932,1514,0.13276377370547673
573,930,1503,0.1327644210749782
578,936,1514,0.1327877553902884
584,922,1506,0.13279399397916103
587,922,1509,0.13278881276130197
588,930,1518,0.13277719107198263
586,923,1509,0.13276237283107384
582,932,1514,0.13275116565902909
579,931,1510,0.1327529859212802
574,934,1508,0.13276123579503585
577,928,1505,0.1327817113621626
584,935,1519,0.13279584897511898
586,936,1522,0.13279162127313715
582,932,1514,0.1327828845225703
576,940,1516,0.13278636711217018
570,945,1515,0.13280287101405888
573,943,1516,0.13283547988256944
571,918,1489,0.13285719690145925
569,933,1502,0.13287781093052342
568,932,1500,0.13290036345193765
555,943,1498,0.1329235414091291
560,952,1512,0.13297515214552413
559,940,1499,0.13301423523524059
557,938,1495,0.13305640956759862
548,948,1496,0.13309778743972686
550,950,1500,0.1331572253855615
554,956,1510,0.13320851136897663
547,961,1508,0.13324379502587164
538,956,1494,0.13329430400101624
539,968,1507,0.13336518766687644
543,963,1506,0.13342733916053645
542,959,1501,0.1334754702903208
542,966,1508,0.1335231126680682
539,970,1509,0.13356950148285793
535,976,1511,0.13361674240368984
533,983,1516,0.13366900913517527
534,980,1514,0.13372298395530116
534,980,1514,0.1337710905803245
533,973,1506,0.13381900291075902
525,982,1507,0.13386604330354523
522,984,1506,0.13393024683987803
524,974,1498,0.1339952155730128
529,970,1499,0.13405128579034556
533,975,1508,0.13409169438703208
524,983,1507,0.13411912231493353
519,990,1509,0.13416872356505172
516,994,1510,0.13422651835482988
517,989,1506,0.1342861540661233
512,992,1504,0.1343389940742009
511,992,1503,0.1344029978067416
512,996,1508,0.13446824990116973
518,986,1504,0.13452433075472509
510,992,1502,0.13455868359624287
516,993,1509,0.13461019753613956
514,1000,1514,0.13464059828507868
518,1012,1530,0.13467646607400413
508,1008,1516,0.13469971663275276
509,1013,1522,0.13474339060803225
509,1018,1527,0.134784119439571
509,1003,1512,0.13482250974544457
501,1004,1505,0.13485727742523035
499,1001,1500,0.1349095217779031
507,1003,1510,0.13496174071030073
499,997,1496,0.13499242896876196
500,1004,1504,0.13504274150437445
498,1001,1499,0.1350855390239781
491,998,1489,0.1351315179970132
497,996,1493,0.13519143377771892
495,1012,1507,0.13523211125911982
488,1025,1513,0.13527398832304713
489,1020,1509,0.13532948401186215
494,1026,1520,0.13538096069820893
495,1030,1525,0.13541927622369115
496,1025,1521,0.13545421506846286
488,1017,1505,0.1354811511681537
492,1023,1515,0.1355260007954904
485,1021,1506,0.1355591503703741
474,1023,1497,0.13560329824030318
478,1027,1505,0.1356717318667485
476,1029,1505,0.13572555119772858
470,1023,1493,0.1357806191532074
467,1024,1491,0.13584637501842947
474,1031,1505,0.1359154733161417
472,1029,1501,0.13596513199340265
473,1034,1507,0.13601699645327325
470,1036,1506,0.1360629437690093
471,1031,1502,0.13611654874858936
464,1048,1512,0.13616572675330285
472,1043,1515,0.1362278100784569
469,1043,1512,0.13626559167170987
461,1048,1509,0.13630507967447358
463,1049,1512,0.13636034777818629
459,1048,1507,0.13640743027491664
460,1045,1505,0.136460056946065
458,1037,1495,0.13650355013767762
458,1045,1503,0.13655062915767274
457,1053,1510,0.13659153098688706
458,1056,1514,0.1366316318383725
450,1056,1506,0.1366662758232447
454,1044,1498,0.1367201447356167
450,1052,1502,0.13676465400105214
452,1054,1506,0.13681676942830506
450,1062,1512,0.1368590008637227
448,1075,1523,0.13690438072991606
444,1073,1517,0.13695230246013806
435,1083,1518,0.13700853458311257
431,1072,1503,0.13708221383560154
432,1079,1511,0.13716297786617682
428,1074,1502,0.1372327724720539
426,1087,1513,0.13730532075306745
422,1092,1514,0.137379715618612
417,1093,1510,0.1374581522082884
419,1089,1508,0.13754114920189095
425,1093,1518,0.13761335113411993
420,1103,1523,0.1376694159142016
416,1092,1508,0.13773362872796013
406,1104,1510,0.1378014158875498
405,1102,1507,0.13788824559531762
412,1099,1511,0.13797330025737897
399,1109,1508,0.13803793233584633
396,1108,1504,0.13813016660138083
397,1112,1509,0.13822382936918
400,1117,1517,0.13830772450711484
398,1120,1518,0.13837786758991016
395,1133,1528,0.13844902814120405
398,1125,1523,0.13852317545407455
393,1124,1517,0.13858780396125234
392,1116,1508,0.13865894353837357
396,1114,1510,0.13872625472220756
398,1111,1509,0.13878028554531371
401,1108,1509,0.13882666456833817
394,1115,1509,0.138863259435151
388,1117,1505,0.13890972660241827
385,1109,1494,0.13896692619537554
396,1113,1509,0.13902424886636758
401,1113,1514,0.13905396292760902
408,1118,1526,0.13907162690682745
407,1113,1520,0.1390724381745439
404,1120,1524,0.13907611523728755
400,1110,1510,0.13908861104918338
405,1112,1517,0.1391090779889425
398,1117,1515,0.13911584916938685
394,1126,1520,0.13914065056956404
388,1130,1518,0.1391723096284526
387,1119,1506,0.13921698664483814
387,1120,1507,0.13926014428835706
387,1129,1516,0.13930070683845588
385,1130,1515,0.1393405375561187
382,1123,1505,0.139382516980883
384,1132,1516,0.13942891052020304
384,1123,1507,0.13946658531283623
384,1124,1508,0.13950084122972503
391,1132,1523,0.13953201808827875
388,1126,1514,0.13954522550501194
392,1132,1524,0.13956502286419023
393,1139,1532,0.13957438385731735
388,1138,1526,0.13958189420497494
389,1140,1529,0.13960106246320916
386,1128,1514,0.13961631650631678
384,1126,1510,0.1396381386925546
391,1128,1519,0.1396634575907732
392,1133,1525,0.1396702019579516
394,1127,1521,0.13967367586003665
387,1136,1523,0.13967242358197096
389,1135,1524,0.13968948622406702
384,1150,1534,0.13970302524958036
386,1129,1515,0.13972777226318145
386,1127,1513,0.13974608509745107
386,1128,1514,0.139759200271173
380,1139,1519,0.13977129812500486
378,1141,1519,0.1397982830338969
369,1137,1506,0.1398282482351781
367,1140,1507,0.13987805456806385
366,1147,1513,0.1399276693910272
367,1150,1517,0.13997778838982886
367,1140,1507,0.14002281228036814
374,1143,1517,0.14006509093016145
373,1141,1514,0.14008796105353027
374,1127,1501,0.14011278632665436
374,1140,1514,0.1401288215462477
365,1138,1503,0.14014447327713495
364,1137,1501,0.14017910803441438
369,1142,1511,0.14021597145142695
371,1143,1514,0.14023860824008488
375,1128,1503,0.1402529868594659
379,1140,1519,0.140255759955687
380,1137,1517,0.14024742700858708
377,1137,1514,0.14023727484470475
380,1139,1519,0.14023684881037796
377,1145,1522,0.14022995760195758
376,1149,1525,0.14023091448479605
369,1146,1515,0.14023538886106654
370,1147,1517,0.14025765906432258
371,1122,1493,0.14027234665047372
370,1126,1496,0.14028238017652314
369,1134,1503,0.1402946891212079
372,1134,1506,0.14030910913229386
375,1134,1509,0.14031569399016697
371,1141,1512,0.14031450107844828
370,1144,1514,0.14032254945400224
377,1135,1512,0.140334062871835
377,1133,1510,0.14032890947252874
380,1137,1517,0.14032422987459456
372,1138,1510,0.1403095762679351
377,1130,1507,0.14031626391637658
374,1128,1502,0.1403105813345263
372,1138,1510,0.1403117607935465
368,1147,1515,0.1403180294877055
362,1138,1500,0.14033189866634202
370,1143,1513,0.14036181627869163
364,1137,1501,0.1403669778217467
359,1138,1497,0.1403873878285486
354,1154,1508,0.14041698010771048
358,1145,1503,0.14045609406942103
353,1143,1496,0.14048619562182793
356,1150,1506,0.140527045495985
358,1158,1516,0.14055708371856246
353,1155,1508,0.1405825775352252
354,1161,1515,0.14061591260328332
355,1155,1510,0.14064390458042578
353,1157,1510,0.14066604452013068
356,1153,1509,0.14069477132315938
355,1145,1500,0.14071226301152528
353,1152,1505,0.1407328201946209
353,1163,1516,0.14075834800966894
346,1159,1505,0.14078213594951383
340,1166,1506,0.14082025846317392
347,1161,1508,0.1408709992292299
342,1161,1503,0.14090190070183614
342,1157,1499,0.1409416567515824
339,1160,1499,0.14097989369328293
342,1164,1506,0.141024334500988
337,1166,1503,0.14105925867280622
328,1175,1503,0.14110228326600185
324,1182,1506,0.14116426958741032
330,1181,1511,0.14123139766435805
324,1188,1512,0.14127710369541557
326,1192,1518,0.14133321777908367
325,1194,1519,0.14138097862234056
324,1188,1512,0.141426943689655
321,1191,1512,0.1414739877506695
320,1196,1516,0.1415278039538541
320,1189,1509,0.14157967327795884
317,1194,1511,0.14162921947679338
320,1200,1520,0.14168202430495
317,1202,1519,0.1417252354600286
313,1190,1503,0.14177230822305764
317,1204,1521,0.1418277563670316
315,1202,1517,0.14186750576087168
314,1203,1517,0.14191149560354707
312,1196,1508,0.14195650627953224
318,1192,1510,0.14200332729410278
314,1192,1506,0.14203145351070837
321,1194,1515,0.14206966359507522
315,1193,1508,0.14208692186866365
316,1191,1507,0.14211831905845707
316,1187,1503,0.14214592631937406
313,1195,1508,0.14217109582745657
306,1185,1491,0.14220055795805847
316,1198,1514,0.14224591327165098
312,1200,1512,0.1422650026962672
310,1204,1514,0.1422932677809689
307,1208,1515,0.14232409593571546
304,1215,1519,0.14236142687367143
304,1217,1521,0.1424029144554446
306,1206,1512,0.14244323614203774
304,1210,1514,0.14247536623672497
296,1212,1508,0.14250862387849625
298,1213,1511,0.14255925055347218
303,1213,1516,0.14260357154156786
303,1214,1517,0.14263127637299322
305,1215,1520,0.14265543948599846
294,1211,1505,0.14267372347649007
300,1216,1516,0.14271672289461837
299,1231,1530,0.14274420973211494
295,1228,1523,0.14277115084702124
293,1227,1520,0.1428061381512956
287,1231,1518,0.1428449910101629
282,1227,1509,0.1428942813807166
283,1227,1510,0.1429525660178198
283,1231,1514,0.14300405356059692
281,1225,1506,0.1430530700036297
276,1227,1503,0.14310235482895756
280,1227,1507,0.143160289299366
285,1225,1510,0.143206508518641
286,1226,1512,0.14323680454385698
284,1236,1520,0.1432635822722933
277,1248,1525,0.1432929318719918
275,1250,1525,0.14333718422967678
277,1253,1530,0.1433846574340928
280,1252,1532,0.14342424156909245
282,1237,1519,0.14345382360023307
283,1233,1516,0.1434761849017543
282,1235,1517,0.1434934633186157
280,1231,1511,0.14351306050728507
287,1219,1506,0.14353587195299103
282,1227,1509,0.14353843623175164
281,1220,1501,0.14355417598152553
282,1221,1503,0.14357266301477914
288,1221,1509,0.1435865529997256
289,1221,1510,0.1435834920516338
287,1223,1510,0.1435786111103434
287,1212,1499,0.1435778917381979
282,1213,1495,0.1435758608675716
276,1227,1503,0.14358368743825575
281,1203,1484,0.14360733717437024
276,1229,1505,0.1436147077176771
278,1227,1505,0.1436340765529174
280,1229,1509,0.1436483962592231
280,1238,1518,0.1436582961645159
274,1236,1510,0.1436661234849657
280,1221,1501,0.1436891821310139
273,1232,1505,0.14369442879553143
263,1234,1497,0.14371717630291317
269,1250,1519,0.14376354301437314
269,1252,1521,0.14379220319826225
269,1260,1529,0.14382053300788755
271,1254,1525,0.14384837972666098
266,1256,1522,0.14386892652222144
260,1254,1514,0.14390078575921808
264,1253,1517,0.1439454243096832
264,1251,1515,0.14397885369309826
267,1260,1527,0.14400675764920184
262,1245,1507,0.14402556009562226
264,1239,1503,0.14405274357139097
266,1237,1503,0.14407514520004863
268,1241,1509,0.14409184752343232
269,1243,1512,0.1441037527380551
271,1252,1523,0.1441131339660407
268,1247,1515,0.14411447504154584
270,1239,1509,0.1441248127386446
270,1249,1519,0.14413031116541739
268,1245,1513,0.14413336284938358
275,1249,1524,0.14414274266432162
272,1245,1517,0.14413141475533678
275,1240,1515,0.14412967613011998
279,1231,1510,0.1441213070898294
271,1236,1507,0.1440996395990799
272,1232,1504,0.14409765469135596
274,1234,1508,0.14409402396558055
277,1227,1504,0.1440888752866999
278,1232,1510,0.144075651543056
282,1214,1496,0.14406228823283482
281,1222,1503,0.14403881921743822
276,1233,1509,0.14401635001918833
277,1235,1512,0.14400953398067537
276,1231,1507,0.14400242495892057
279,1228,1507,0.1440010524118935
283,1228,1511,0.14399265543519665
284,1239,1523,0.14397422563560208
287,1229,1516,0.14395649264545338
283,1249,1532,0.14393421778398463
279,1244,1523,0.14392172633979228
280,1250,1530,0.1439194646798985
275,1246,1521,0.14391339651657564
279,1249,1528,0.1439195256788093
279,1246,1525,0.1439137669814745
280,1245,1525,0.14390910737186335
281,1250,1531,0.14390384151261595
279,1251,1530,0.14389728047608497
286,1244,1530,0.14389703373697899
285,1237,1522,0.1438787083697085
284,1236,1520,0.14386566036103093
284,1234,1518,0.14385637349871874
287,1245,1532,0.1438485185208803
284,1232,1516,0.14383451604087294
288,1240,1528,0.14382848288793532
284,1249,1533,0.14381332731453333
287,1247,1534,0.1438108126417158
285,1235,1520,0.14380179980118102
282,1233,1515,0.14379898351095785
278,1245,1523,0.1438039319471469
280,1237,1517,0.1438186405320569
283,1238,1521,0.14382833680839288
281,1235,1516,0.14383016263226264
275,1236,1511,0.14383750496817602
268,1228,1496,0.14385898124485663
268,1232,1500,0.14389542247653778
275,1233,1508,0.14392625528340525
279,1234,1513,0.1439384019929154
279,1242,1521,0.14394033331006084
269,1237,1506,0.14394022320008237
269,1241,1510,0.14396369660162148
270,1252,1522,0.14398428474205424
272,1246,1518,0.14400093141371767
268,1240,1508,0.14401014335378753
270,1224,1494,0.1440252747204439
268,1233,1501,0.14403516324495258
266,1234,1500,0.1440476582224127
269,1248,1517,0.14406505711848086
272,1251,1523,0.14407535630681076
272,1241,1513,0.14407964884871255
269,1251,1520,0.1440825333365466
268,1237,1505,0.14409358830071467
264,1236,1500,0.14410684846030095
274,1231,1505,0.1441295332104151
276,1237,1513,0.1441274833275863
269,1233,1502,0.1441206581003549
270,1236,1506,0.14413041130621934
264,1237,1501,0.14413646724543608
261,1237,1498,0.14415725097015336
261,1233,1494,0.14418339139915445
258,1239,1497,0.14420796234988345
251,1261,1512,0.144237294127767
251,1256,1507,0.14428007778481955
254,1252,1506,0.14432173672447768
251,1256,1507,0.14435532836774342
247,1272,1519,0.1443937448724276
244,1266,1510,0.1444383506366162
242,1269,1511,0.14448670951614123
245,1258,1503,0.14453571698634857
242,1263,1505,0.14457204680333532
245,1266,1511,0.1446152320124501
244,1264,1508,0.14464782633487544
242,1258,1500,0.1446795823209899
246,1268,1514,0.14471195027156544
244,1270,1514,0.14473403155210285
241,1269,1510,0.14476081886624126
242,1275,1517,0.1447933258574263
241,1279,1520,0.14482112472807143
236,1271,1507,0.14485011008704032
237,1280,1517,0.14489015945664124
231,1277,1508,0.1449263087682537
225,1272,1497,0.14497455741815574
227,1273,1500,0.1450325255925019
224,1281,1505,0.14508142445934186
227,1285,1512,0.14513235554446144
229,1285,1514,0.14517441578982865
229,1292,1521,0.1452074722927258
226,1287,1513,0.145239372043386
228,1291,1519,0.14527656408528059
224,1295,1519,0.14530697844841925
222,1297,1519,0.145346084357805
226,1297,1523,0.14538677472098482
225,1300,1525,0.14541508488161262
223,1292,1515,0.14544487323555963
218,1284,1502,0.14547730072346352
216,1294,1510,0.1455181136009317
214,1293,1507,0.14556223440003319
212,1289,1501,0.14560854694534808
214,1291,1505,0.1456568690125523
217,1287,1504,0.1456972728958479
218,1278,1496,0.14572743537867336
215,1275,1490,0.14574975825220865
214,1291,1505,0.1457766984934289
215,1294,1509,0.14580565897460096
209,1294,1503,0.1458318068134752
213,1301,1514,0.145870905027307
213,1310,1523,0.14589662538965484
209,1318,1527,0.1459203684647873
207,1319,1526,0.14595412458730878
212,1319,1531,0.14599129846995854
208,1308,1516,0.14601341957970843
208,1321,1529,0.14604266220101905
205,1320,1525,0.14607068842446774
206,1313,1519,0.14610406629494377
207,1313,1520,0.14613181695862423
202,1306,1508,0.14615612259120733
198,1303,1501,0.14619035472368896
200,1305,1505,0.14623275689257548
201,1307,1508,0.14626699459397816
199,1311,1510,0.14629831409499075
203,1316,1519,0.146333475019638
203,1316,1519,0.14635541256895712
202,1335,1537,0.146377458369324
199,1326,1525,0.14640011136273923
196,1325,1521,0.1464289605736648
196,1332,1528,0.14646269626011324
194,1330,1524,0.14649439318136717
193,1323,1516,0.14652807258090483
191,1312,1503,0.1465617464950139
190,1318,1508,0.1465969321431529
185,1313,1498,0.14663213105849085
188,1318,1506,0.146675114340097
189,1325,1514,0.14670823500624164
189,1328,1517,0.1467374438651759
188,1330,1518,0.1467658456312307
183,1334,1517,0.14679474513535862
186,1337,1523,0.14683208417709961
183,1332,1515,0.14685960853328336
184,1341,1525,0.14689292027303957
184,1342,1526,0.1469211508328834
182,1338,1520,0.1469469038984317
182,1333,1515,0.146976744486039
179,1330,1509,0.14700413082781957
181,1336,1517,0.14703750124866352
176,1336,1512,0.1470638075406895
175,1335,1510,0.14709907337208558
176,1342,1518,0.14713359288548244
178,1339,1517,0.14716205198160937
180,1336,1516,0.14718497392426358
183,1334,1517,0.14720155707857857
181,1345,1526,0.14721093964709198
182,1336,1518,0.1472246989425054
178,1338,1516,0.1472356868614684
181,1334,1515,0.14725584029941288
183,1333,1516,0.14726888884440836
183,1340,1523,0.14727696987712238
186,1341,1527,0.14728515147035548
184,1329,1513,0.1472824081483935
185,1326,1511,0.14728550302661844
186,1314,1500,0.14728431188667404
190,1323,1513,0.14728035496030636
186,1332,1518,0.14726517134264439
183,1317,1500,0.14726100781458526
185,1325,1510,0.1472646699727468
187,1319,1506,0.1472663048037477
187,1311,1498,0.14726226200105855
186,1321,1507,0.14725987915273764
185,1322,1507,0.14725956550165362
184,1321,1505,0.14726228892219256
183,1317,1500,0.1472658820404887
182,1325,1507,0.14727372600845187
183,1326,1509,0.14728411195668584
182,1323,1505,0.1472912947386633
182,1335,1517,0.1473004686626049
183,1334,1517,0.14730976369254262
182,1340,1522,0.14731513161801363
181,1336,1517,0.14732411346747626
179,1337,1516,0.1473350921357892
182,1342,1524,0.14734920667026294
185,1349,1534,0.1473564545102781
186,1342,1528,0.14735432927567355
188,1324,1512,0.14735014671293142
186,1337,1523,0.14734240637319823
181,1332,1513,0.14734044484226844
183,1323,1506,0.1473489156362296
177,1331,1508,0.14735241296079724
177,1340,1517,0.14737109027950127
174,1334,1508,0.1473881123609053
181,1336,1517,0.1474092966765924
183,1334,1517,0.14741245448051457
182,1320,1502,0.14741175693680336
181,1342,1523,0.14741401419877442
183,1334,1517,0.14741805467804905
183,1326,1509,0.14741775058649978
181,1329,1510,0.14741879904635302
183,1330,1513,0.14742527589440846
183,1331,1514,0.1474249774803884
183,1329,1512,0.14742413841981106
180,1324,1504,0.14742375766045704
182,1342,1524,0.14743162576610933
183,1334,1517,0.14743397294210225
180,1328,1508,0.1474344375062672
185,1331,1516,0.14744208423556107
185,1335,1520,0.14743795031986762
187,1330,1517,0.14743259311384338
186,1333,1519,0.14742241295203595
184,1324,1508,0.1474156253293667
178,1332,1510,0.1474138607567211
181,1315,1496,0.14742592342919983
182,1329,1511,0.1474310650326042
178,1336,1514,0.14743332885125507
178,1344,1522,0.14744447070872682
176,1338,1514,0.1474539752937137
172,1346,1518,0.14746765808406193
175,1349,1524,0.14748994137485918
172,1345,1517,0.14750437466885236
173,1346,1519,0.14752492618134777
168,1348,1516,0.14754322708688877
173,1353,1526,0.1475727044398279
173,1338,1511,0.14758674854902087
178,1338,1516,0.14759963566018625
182,1348,1530,0.14759794825238864
178,1354,1532,0.14758753736181238
180,1355,1535,0.14758768117030066
180,1372,1552,0.1475835028444859
178,1369,1547,0.14757986725671196
182,1349,1531,0.14758099130397254
183,1330,1513,0.14757312451621288
182,1335,1517,0.147560781014202
179,1338,1517,0.14755062477601277
179,1340,1519,0.1475471587506028
180,1330,1510,0.14754377516332215
186,1334,1520,0.14753515471324646
188,1320,1508,0.14751328426325874
189,1321,1510,0.1474887386628564
189,1321,1510,0.1474642745083642
189,1336,1525,0.14744246843905354
187,1324,1511,0.1474224627151245
186,1322,1508,0.14740933506826073
184,1340,1524,0.14740120326369321
183,1340,1523,0.1473996646403578
184,1332,1516,0.14740172816706626
187,1327,1514,0.14740047306755663
189,1318,1507,0.14739153126150473
182,1313,1495,0.1473799454638184
179,1317,1496,0.1473848016539157
180,1321,1501,0.14739759272121877
182,1315,1497,0.14740872781054176
181,1332,1513,0.14741175782188803
183,1332,1515,0.14741544752313795
183,1333,1516,0.14741368688759077
177,1329,1506,0.14741320305804087
177,1324,1501,0.14742528186480858
178,1333,1511,0.14743805413900582
174,1344,1518,0.1474462837647468
180,1344,1524,0.1474630491502713
181,1329,1510,0.14746226175598523
177,1350,1527,0.14746098889441414
180,1342,1522,0.1474690349281521
177,1337,1514,0.14747163477380226
172,1347,1519,0.14748177219912956
176,1350,1526,0.14750333780278552
169,1341,1510,0.14751517550005389
170,1333,1503,0.14754267073741228
172,1336,1508,0.14756430818750868
172,1348,1520,0.14758026451673995
174,1345,1519,0.1475950728301502
175,1338,1513,0.1476047587150925
176,1351,1527,0.14761136517785156
174,1357,1531,0.14761519687861363
168,1339,1507,0.14762455275163
166,1338,1504,0.14764758248075996
167,1336,1503,0.14767238069450855
163,1341,1504,0.14769327561897166
168,1348,1516,0.14772247448747397
173,1354,1527,0.14773470485575288
168,1361,1529,0.14773338979872938
168,1357,1525,0.14774418970453707
164,1346,1510,0.1477559039143753
164,1336,1500,0.14777699009038053
165,1339,1504,0.14779371905679448
165,1328,1493,0.14780381885092647
161,1334,1495,0.14781240328705528
165,1341,1506,0.14783118478155835
163,1349,1512,0.1478403937901186
161,1348,1509,0.1478543957514798
155,1363,1518,0.1478727358304916
158,1358,1516,0.14790394065767323
161,1353,1514,0.14792751596052872
164,1355,1519,0.14794096880668348
162,1365,1527,0.1479451660408923
163,1364,1527,0.1479546513886742
163,1369,1532,0.14796127723673183
161,1359,1520,0.1479695448544235
158,1361,1519,0.14798067499921266
152,1350,1502,0.14799924809569862
153,1356,1509,0.14803103619563152
148,1358,1506,0.14805606777071653
150,1353,1503,0.1480910938841247
153,1364,1517,0.14811900857233995
148,1363,1511,0.14813853684899647
148,1360,1508,0.1481684219460139
148,1361,1509,0.14819691776388427
148,1352,1500,0.14822247660600263
154,1353,1507,0.14824576663364855
157,1364,1521,0.148252894595486
156,1338,1494,0.14825124470581333
159,1346,1505,0.14825237115411827
156,1357,1513,0.14824632005402436
154,1361,1515,0.14824771707392378
155,1353,1508,0.1482532389563344
155,1360,1515,0.14825546558149247
156,1358,1514,0.1482581513625725
157,1354,1511,0.14825849635344188
155,1353,1508,0.14825751734670864
155,1365,1520,0.14826173295691883
155,1363,1518,0.14826578740229107
152,1370,1522,0.1482703930120641
150,1370,1520,0.14828276640161525
154,1364,1518,0.14829872692915505
155,1361,1516,0.1483036693060951
151,1374,1525,0.14830685907381116
148,1376,1524,0.1483199952094874
146,1364,1510,0.14833886095487805
145,1372,1517,0.14836237261995452
148,1370,1518,0.14838709601021421
149,1359,1508,0.1484031977219482
153,1369,1522,0.14841586965066586
153,1370,1523,0.14841739981736354
155,1369,1524,0.1484195623102168
159,1360,1519,0.1484160541260852
160,1363,1523,0.1483986786550203
161,1371,1532,0.1483804816902012
162,1373,1535,0.148361970685995
165,1382,1547,0.14834221484865348
164,1369,1533,0.14831731337068801
162,1362,1524,0.1482949797491694
161,1351,1512,0.14828059311351457
165,1352,1517,0.1482690575311631
165,1364,1529,0.1482508464460962
161,1355,1516,0.14823484144801632
164,1370,1534,0.1482290166620764
166,1366,1532,0.14821686255705008
161,1370,1531,0.14820062493993164
160,1361,1521,0.14819826437733036
161,1363,1524,0.1481995726111157
159,1366,1525,0.1481986428674164
159,1367,1526,0.1482016081100564
160,1359,1519,0.14820456471165244
153,1342,1495,0.14820556622997816
150,1337,1487,0.14822373198875938
152,1340,1492,0.1482463257390305
157,1346,1503,0.14826210771223886
151,1351,1502,0.14826523128681085
153,1348,1501,0.1482821662623206
153,1363,1516,0.1482933638649185
151,1360,1511,0.1483031561434981
150,1354,1504,0.1483160044128397
148,1371,1519,0.14833127662702114
149,1372,1521,0.1483515524891918
141,1368,1509,0.14836674585872892
142,1371,1513,0.1483998590387645
143,1369,1512,0.14842560817527098
141,1376,1517,0.14844941660516414
143,1371,1514,0.14847603612519414
145,1368,1513,0.1484961420515355
146,1362,1508,0.14850911907690562
146,1372,1518,0.1485205039298919
146,1370,1516,0.1485322789965574
146,1361,1507,0.1485445646797133
142,1363,1505,0.1485559908939986
145,1370,1515,0.14857470977854853
144,1381,1525,0.14858443999227053
147,1363,1510,0.1485952026744818
145,1373,1518,0.14859810568717832
140,1368,1508,0.14860706375587363
135,1368,1503,0.1486282698733438
135,1381,1516,0.14866053481219374
138,1371,1509,0.1486903293058601
138,1368,1506,0.1487102309492724
139,1370,1509,0.14872686046791267
135,1360,1495,0.1487402908699549
140,1354,1494,0.14876215463178524
141,1367,1508,0.14877008527027274
136,1354,1490,0.14877635875781617
135,1357,1492,0.14879478826712592
133,1371,1504,0.14881497824261125
135,1383,1518,0.1488382188997984
138,1373,1511,0.14885642874004723
136,1375,1511,0.1488667712186745
134,1380,1514,0.1488812999850469
129,1381,1510,0.14890014781138522
133,1401,1534,0.14892975372526526
131,1393,1524,0.1489482906001123
129,1393,1522,0.1489702434101338
130,1378,1508,0.14899575604412868
129,1368,1497,0.14901786143610748
131,1370,1501,0.14904118700590047
128,1371,1499,0.14905763580207396
128,1379,1507,0.1490792668130455
129,1392,1521,0.14909852265705204
129,1398,1527,0.14911529327710368
127,1411,1538,0.14913182187111435
125,1395,1520,0.14915091504616204
127,1395,1522,0.14917340910430033
127,1392,1519,0.14918927670455187
128,1374,1502,0.14920430288158404
128,1392,1520,0.14921374884528088
129,1402,1531,0.14922019981734877
125,1403,1528,0.14922606659600945
126,1396,1522,0.14924036999288506
124,1385,1509,0.1492528856753569
121,1378,1499,0.14927070383261204
122,1379,1501,0.1492944924998868
119,1385,1504,0.14931523816823622
123,1395,1518,0.1493417942481014
125,1387,1512,0.14935682598679043
123,1372,1495,0.1493659057083342
123,1379,1502,0.1493791512863284
124,1385,1509,0.14939142937090424
124,1386,1510,0.14940145363143537
123,1379,1502,0.14941014771808678
119,1387,1506,0.14942016888956833
116,1384,1500,0.14944016651736
117,1390,1507,0.14946668710325658
116,1396,1512,0.1494883887741565
116,1389,1505,0.14950859420033383
113,1403,1516,0.1495282200823799
112,1402,1514,0.149554372993627
113,1402,1515,0.14958203808090695
111,1398,1509,0.14960566470472617
112,1404,1516,0.14963251254106272
114,1408,1522,0.14965386681569764
111,1409,1520,0.14966754353716819
112,1414,1526,0.14968833651191113
113,1404,1517,0.1497037332220632
109,1405,1514,0.1497152363722084
109,1396,1505,0.14973598103776523
109,1409,1518,0.14975562756939947
107,1403,1510,0.14977406688126405
107,1403,1510,0.1497944786544247
105,1413,1518,0.14981394229748846
106,1402,1508,0.14983790012041623
107,1412,1519,0.1498563787426002
107,1416,1523,0.14987150862563442
105,1415,1520,0.14988692248357474
100,1413,1513,0.1499060128189365
99,1409,1508,0.14993592336178946
98,1419,1517,0.1499674221523555
100,1418,1518,0.14999805267828598
101,1425,1526,0.15002199415719017
100,1419,1519,0.1500420985022818
98,1424,1522,0.15006433837789973
100,1417,1517,0.1500896068812764
95,1399,1494,0.1501098169512999
94,1416,1510,0.15014056556582564
93,1421,1514,0.15017063105580206
89,1421,1510,0.15020193199247248
88,1420,1508,0.15024106431734832
90,1428,1518,0.15028153145510023
92,1433,1525,0.15031345064992202
91,1430,1521,0.15033712930825519
86,1441,1527,0.15036255373202362
83,1431,1514,0.15039812318394877
79,1433,1512,0.15043879534348215
78,1430,1508,0.15048644446912907
79,1442,1521,0.15053293739429904
77,1455,1532,0.15057483601154387
77,1452,1529,0.15061722504806277
78,1429,1507,0.15065700603908483
77,1437,1514,0.1506931343652595
75,1431,1506,0.15073017643332468
79,1439,1518,0.15076787921794127
80,1442,1522,0.15079348775809248
80,1446,1526,0.15081585065446323
81,1440,1521,0.15083668266132938
79,1435,1514,0.1508527479975709
80,1439,1519,0.1508720306667602
81,1440,1521,0.15088681500633208
80,1442,1522,0.1508985322019483
78,1444,1522,0.15091249131154613
77,1450,1527,0.15093072430066007
78,1447,1525,0.15095070121819595
81,1453,1534,0.15096708873063866
79,1445,1524,0.15097308469700194
76,1443,1519,0.15098420775831514
72,1431,1503,0.15100205378029194
70,1431,1501,0.15102842768512495
70,1437,1507,0.15105835679351368
70,1450,1520,0.1510858352849688
67,1455,1522,0.15111228488125394
65,1466,1531,0.15114366105600052
66,1454,1520,0.15117823458807764
66,1432,1498,0.1512091251758921
68,1428,1496,0.15123730367554356
68,1439,1507,0.1512589778232146
63,1460,1523,0.1512782897145759
62,1458,1520,0.151308453149587
63,1457,1520,0.15133973033149747
61,1465,1526,0.15136654715170983
60,1459,1519,0.15139671581377454
59,1451,1510,0.1514281959178172
58,1460,1518,0.15146044386088264
59,1455,1514,0.1514933745783639
59,1450,1509,0.15152090064540133
58,1465,1523,0.151546075635323
59,1446,1505,0.15157160047685125
60,1449,1509,0.15159197773886088
58,1455,1513,0.1516086249973799
60,1465,1525,0.15162947549567846
55,1469,1524,0.1516444936433327
58,1464,1522,0.15167097941471072
59,1464,1523,0.15168707677815904
57,1465,1522,0.15169908836032425
57,1473,1530,0.1517158011802562
58,1458,1516,0.1517308431387203
59,1452,1511,0.1517422662728461
56,1459,1515,0.1517498845038359
51,1460,1511,0.15176537560127953
50,1462,1512,0.15179187116425674
50,1471,1521,0.15181797685312542
53,1462,1515,0.15184331259642683
52,1462,1514,0.1518582303831983
54,1460,1514,0.15187550855733611
52,1466,1518,0.15188638387142064
53,1462,1515,0.15190291393774083
51,1476,1527,0.15191588006088147
51,1464,1515,0.15193319624389848
51,1463,1514,0.15194794165453007
51,1460,1511,0.15196266193417265
52,1456,1508,0.15197727363163507
50,1457,1507,0.15198935542592
48,1461,1509,0.15200534321565165
48,1463,1511,0.15202592881568422
46,1471,1517,0.15204473142686478
46,1481,1527,0.15206724189965345
46,1477,1523,0.15208786320224854
45,1476,1521,0.15210778704093555
46,1466,1512,0.15212931844924593
46,1469,1515,0.1521467810449456
47,1457,1504,0.1521626207495185
46,1467,1513,0.15217452086009065
45,1474,1519,0.15218948039481497
45,1470,1515,0.152205646316978
44,1470,1514,0.15222131333745817
43,1475,1518,0.15223860801509642
45,1471,1516,0.15225742173228773
42,1474,1516,0.15226942005589242
40,1476,1516,0.1522882736405416
41,1482,1523,0.15231073486867205
40,1480,1520,0.15232694584044637
38,1492,1530,0.15234491955533094
40,1485,1525,0.15236557267866163
39,1475,1514,0.1523800371397122
39,1478,1517,0.15239665042727896
37,1460,1497,0.15241282451293447
35,1467,1502,0.1524328563236723
35,1475,1510,0.15245651720119863
34,1476,1510,0.15247915565863193
33,1476,1509,0.15250266641033292
33,1477,1510,0.15252512069010762
36,1476,1512,0.1525467517459224
35,1483,1518,0.15255880217757614
35,1485,1520,0.15257291998902414
33,1483,1516,0.15258677936594026
34,1482,1516,0.15260495070034175
33,1480,1513,0.15261935006711982
33,1478,1511,0.15263555433575338
34,1477,1511,0.15265123422384758
33,1491,1524,0.15266374206501215
34,1494,1528,0.1526780591773325
34,1504,1538,0.15268967061142477
33,1479,1512,0.15270092771708296
32,1481,1513,0.1527139674701595
33,1495,1528,0.15272844167456542
33,1507,1540,0.15274007168199705
32,1500,1532,0.15275027277692035
32,1497,1529,0.15276135470475452
33,1504,1537,0.15277218960496303
34,1494,1528,0.15277946161146583
35,1498,1533,0.15278370114482206
34,1495,1529,0.1527849245265767
33,1495,1528,0.1527887361298868
33,1494,1527,0.15279558444173863
32,1493,1525,0.15280238976524124
30,1491,1521,0.15281144463110355
30,1478,1508,0.15282453564512666
27,1481,1508,0.15283680274222441
28,1490,1518,0.15285512896402384
30,1490,1520,0.15287032080910465
30,1485,1515,0.1528791394251671
28,1488,1516,0.1528877530922988
28,1495,1523,0.1529007560687129
27,1495,1522,0.15291321153090418
27,1474,1501,0.1529271214933929
25,1478,1503,0.15294040099742512
26,1488,1514,0.15295799099258164
26,1502,1528,0.15297138923848494
28,1505,1533,0.1529841842315084
27,1491,1518,0.15298935337330918
26,1486,1512,0.1529964592452359
27,1488,1515,0.15300591121972407
26,1499,1525,0.15301286953606671
26,1486,1512,0.15302188665868774
27,1486,1513,0.15302958610492604
26,1491,1517,0.1530340973132845
26,1489,1515,0.15304182191111898
25,1497,1522,0.15304825980633022
24,1496,1520,0.15305686990247835
24,1511,1535,0.1530674427823691
24,1520,1544,0.1530776923859353
23,1515,1538,0.15308760734937177
23,1522,1545,0.15309933649244878
23,1525,1548,0.15311058795316954
23,1512,1535,0.15312009181077205
23,1501,1524,0.15312932901442333
23,1498,1521,0.1531382852241025
23,1490,1513,0.15314692828726262
24,1487,1511,0.15315527835223464
23,1473,1496,0.15315933614167304
23,1490,1513,0.15316515779763157
21,1489,1510,0.15317100639974818
20,1501,1521,0.15318120287990908
22,1497,1519,0.15319324691055436
23,1498,1521,0.1531993521367535
25,1499,1524,0.15320224784118444
25,1492,1517,0.15320031141944088
25,1498,1523,0.15319894976248188
25,1491,1516,0.15319808373561575
24,1496,1520,0.153197027676906
24,1497,1521,0.1531986035991317
24,1487,1511,0.15320044408073674
24,1489,1513,0.15320249828229707
24,1495,1519,0.15320472179746186
26,1490,1516,0.15320707594104543
26,1490,1516,0.1532034928069171
24,1490,1514,0.15320051066376253
24,1485,1509,0.15320236103048504
23,1495,1518,0.15320441287555636
21,1492,1513,0.1532087859964615
22,1499,1521,0.15321754537439397
23,1494,1517,0.1532229852214926
23,1500,1523,0.15322599728927455
24,1497,1521,0.15322910241845947
24,1506,1530,0.15322900193799285
24,1489,1513,0.15322923945413117
27,1488,1515,0.15322865669664396
27,1489,1516,0.15321946595476824
27,1488,1515,0.15321142353506023
25,1485,1510,0.1532044029704112
26,1487,1513,0.15320348150709392
25,1491,1516,0.15320062769381926
24,1493,1517,0.15319963993145605
24,1480,1504,0.1532013300098955
24,1486,1510,0.15320325230266632
22,1490,1512,0.1532053604094602
23,1492,1515,0.15321210052222287
22,1502,1524,0.15321626797739105
22,1508,1530,0.15322259405067354
22,1503,1525,0.1532287415720808
22,1513,1535,0.15323470143535875
22,1510,1532,0.15324046701546404
22,1508,1530,0.15324603383196342
22,1513,1535,0.1532513992507734
22,1508,1530,0.15325656222019074
21,1501,1522,0.15326152303757495
20,1501,1521,0.15326846341299472
19,1493,1512,0.1532772160299896
19,1496,1515,0.15328766301343383
20,1507,1527,0.15329754974847062
19,1503,1522,0.15330363624083598
19,1501,1520,0.15331167867839846
19,1497,1516,0.1533193841241257
19,1505,1524,0.153326758262779
19,1509,1528,0.15333380786969492
18,1518,1536,0.15333942549468318
17,1501,1518,0.1533470644774136
17,1502,1519,0.15335658197091354
16,1500,1516,0.15336569113656778
17,1510,1527,0.15337658397444284
18,1503,1521,0.1533837429799155
18,1507,1525,0.15338725789953236
16,1504,1520,0.15339088475852022
16,1507,1523,0.1533989057077092
14,1498,1512,0.1534067020357038
14,1496,1510,0.15341923488682185
15,1501,1516,0.15343115750307415
16,1500,1516,0.15343923723196462
16,1487,1503,0.15344377457043368
18,1504,1522,0.1534483506960203
17,1499,1516,0.15344673703375503
17,1501,1518,0.15344780319557283
15,1507,1522,0.15344919966321324
17,1512,1529,0.15345535245820624
16,1493,1509,0.15345617148919233
16,1496,1512,0.1534600225435905
15,1494,1509,0.1534639211423896
16,1494,1510,0.15346998137343118
16,1503,1519,0.15347270599927207
16,1511,1527,0.1534747595331423
16,1493,1509,0.15347704552819383
16,1487,1503,0.15347840574791882
17,1496,1513,0.15348008231766064
17,1502,1519,0.15347874076859236
16,1488,1504,0.15347680110393908
16,1489,1505,0.15347764004815556
16,1497,1513,0.15347887923341522
14,1506,1520,0.1534796093290365
15,1504,1519,0.1534850423350827
15,1505,1520,0.1534872948320913
14,1493,1507,0.15348976776234563
14,1485,1499,0.15349483084487894
15,1487,1502,0.15349997232353924
16,1479,1495,0.1535026837462824
17,1496,1513,0.15350230444485383
16,1499,1515,0.1534991173919289
17,1496,1513,0.15349975199679025
17,1490,1507,0.1534974148461996
18,1485,1503,0.1534956366632938
17,1475,1492,0.1534910948802608
19,1493,1512,0.15348942361632412
19,1487,1506,0.15348275919593515
19,1489,1508,0.15347697866492138
18,1489,1507,0.1534716827778491
17,1493,1510,0.15346926806333885
18,1496,1514,0.15346957511757944
18,1517,1535,0.15346695471693084
17,1501,1518,0.15346490760271528
16,1504,1520,0.15346551658342827
16,1509,1525,0.15346858758651735
17,1492,1509,0.1534720875866822
17,1486,1503,0.15347308306660326
17,1467,1484,0.15347427790800974
18,1474,1492,0.15347563493697847
19,1481,1500,0.15347384642188522
21,1487,1508,0.15346919089060948
21,1493,1514,0.15345917669498976
22,1497,1519,0.15345027717799198
22,1489,1511,0.15343950362951886
19,1489,1508,0.15342986757233384
19,1500,1519,0.1534285105583955
18,1492,1510,0.15342700353701988
18,1495,1513,0.15342908617287399
17,1489,1506,0.15343125714513503
17,1502,1519,0.15343564859498027
17,1503,1520,0.15343994790692023
16,1503,1519,0.15344414371697324
16,1503,1519,0.1534503978696415
15,1498,1513,0.1534553264330212
15,1498,1513,0.15346255993951602
15,1498,1513,0.15346953035374294
15,1501,1516,0.15347623642556119
15,1483,1498,0.15348267865450776
16,1476,1492,0.1534888590215847
15,1485,1500,0.15349209538413988
15,1501,1516,0.1534974486840074
16,1504,1520,0.15350261918510819
16,1501,1517,0.15350437789309543
17,1477,1494,0.1535062502523437
16,1488,1504,0.15350495967326652
15,1492,1507,0.15350628743281328
14,1497,1511,0.15350994702434115
15,1483,1498,0.15351576831914346
15,1469,1484,0.15351921569371313
15,1476,1491,0.15352264689065195
15,1488,1503,0.15352492420914599
14,1480,1494,0.15352732836621033
14,1491,1505,0.15353197142339128
16,1495,1511,0.15353654878519868
16,1492,1508,0.15353538485623977
16,1502,1518,0.1535346004262348
16,1499,1515,0.15353414311473546
17,1495,1512,0.15353396650369874
16,1507,1523,0.15353152660708166
16,1507,1523,0.15353207663802027
17,1511,1528,0.15353163273895107
17,1496,1513,0.15352927606545175
16,1500,1516,0.15352711502073693
15,1489,1504,0.15352747019556076
13,1505,1518,0.1535303123120199
13,1496,1509,0.15353756242387223
13,1502,1515,0.15354452909274424
11,1510,1521,0.15355121396431307
11,1500,1511,0.15356195528036748
11,1503,1514,0.1535721562830307
11,1498,1509,0.15358183839618397
11,1508,1519,0.15359102287813606
13,1509,1522,0.15359973071982627
13,1500,1513,0.1536028629078395
13,1497,1510,0.15360595003292768
12,1496,1508,0.1536089807141827
12,1494,1506,0.1536144695414712
12,1501,1513,0.15361969520717095
13,1514,1527,0.1536246666342828
14,1514,1528,0.15362614445996134
13,1498,1511,0.1536244622866128
13,1488,1501,0.1536252830006558
13,1504,1517,0.15362627611135637
13,1508,1521,0.15362740948143133
13,1509,1522,0.15362865502786127
12,1517,1529,0.15362998827226101
11,1519,1530,0.1536336165920316
11,1512,1523,0.15363930477501447
11,1508,1519,0.15364475986260914
12,1519,1531,0.1536499847790386
12,1513,1525,0.1536517217529259
13,1518,1531,0.1536535421056796
13,1519,1532,0.15365232829608838
13,1514,1527,0.15365143344203042
13,1508,1521,0.15365081433335187
13,1494,1507,0.15365043269234735
13,1496,1509,0.15365025465128018
13,1504,1517,0.15365025028312826
14,1501,1515,0.15365039318025295
14,1506,1520,0.153647398597905
14,1499,1513,0.15364481227455504
14,1500,1514,0.1536414989710427
13,1511,1524,0.15363867742800086
13,1518,1531,0.15363845594519518
13,1518,1531,0.15363848523560983
14,1521,1535,0.15363872706158108
13,1518,1531,0.15363600630516794
12,1530,1542,0.15363594260025976
12,1517,1529,0.15363826636059788
13,1510,1523,0.15364066610263646
13,1501,1514,0.15364083667314846
13,1500,1513,0.15364118710211494
12,1511,1523,0.15364168819189905
13,1517,1530,0.1536449434504924
13,1516,1529,0.15364542612376905
14,1508,1522,0.1536460145982043
13,1501,1514,0.15364359170883823
13,1500,1513,0.153643851475897
13,1492,1505,0.1536442626774727
13,1493,1506,0.15364480012480788
14,1495,1509,0.1536454416840093
14,1495,1509,0.1536429645156576
13,1506,1519,0.15364085275751363
12,1501,1513,0.15364125943426438
13,1505,1518,0.15364398471844004
13,1496,1509,0.15364445832097637
13,1509,1522,0.15364505074116241
13,1502,1515,0.15364574058001002
13,1494,1507,0.15364650909632757
13,1493,1506,0.15364733991554444
13,1503,1516,0.15364821876859794
13,1495,1508,0.15364913325787705
12,1491,1503,0.15365007264751282
12,1502,1514,0.15365208605328434
13,1496,1509,0.15365406913748098
14,1508,1522,0.15365284100230395
13,1513,1526,0.15364965372043174
13,1503,1516,0.1536491727664349
14,1493,1507,0.15364892647108813
14,1513,1527,0.15364648764361216
14,1503,1517,0.15364438808861092
14,1497,1511,0.15364258876371306
14,1507,1521,0.15364105477052764
13,1503,1516,0.15363975493284432
14,1490,1504,0.1536409549847831
15,1498,1513,0.15363982852454242
14,1493,1507,0.15363561220958238
14,1494,1508,0.15363433168537205
14,1504,1518,0.15363328536680845
14,1504,1518,0.15363244381870586
15,1507,1522,0.1536306286055624
15,1505,1520,0.15362694721876535
15,1490,1505,0.15362369726820688
15,1493,1508,0.15362083254721268
15,1505,1520,0.15361831157627812
16,1501,1517,0.1536160971317922
16,1496,1512,0.15361087470944323
16,1494,1510,0.15360620225829263
17,1503,1520,0.15360094634778998
17,1501,1518,0.15359406063868203
17,1505,1522,0.15358786828752272
17,1505,1522,0.15358230074607776
16,1492,1508,0.15357729616760213
16,1498,1514,0.15357495493906306
15,1494,1509,0.15357182513966197
14,1499,1513,0.15357129810820064
13,1502,1515,0.15357320071970024
14,1526,1540,0.15357819146742435
14,1529,1543,0.15358071452368147
15,1523,1538,0.1535832075046217
15,1523,1538,0.1535825248359141
14,1508,1522,0.15358208025914175
15,1503,1518,0.15358399343238185
15,1506,1521,0.15358269581258105
15,1498,1513,0.1535817291669314
15,1504,1519,0.1535810489868441
15,1512,1527,0.1535806158196644
16,1505,1521,0.1535803947354145
15,1509,1524,0.15357783917110598
17,1505,1522,0.15357775295297418
17,1498,1515,0.15357238802114012
17,1496,1513,0.15356761349995737
17,1500,1517,0.15356336802429024
18,1494,1512,0.15355959641036615
18,1493,1511,0.15355333452264958
18,1492,1510,0.15354770531438408
18,1500,1518,0.15354264626688077
18,1501,1519,0.15353810095735657
18,1505,1523,0.15353401846942813
17,1501,1518,0.15353035286032046
17,1497,1514,0.15352921573762493
17,1502,1519,0.15352828345463726
16,1515,1531,0.15352753032284455
14,1511,1525,0.15352922555735046
14,1512,1526,0.1535351899472699
13,1507,1520,0.15354059309182408
13,1495,1508,0.15354797593782274
11,1500,1511,0.1535539168294381
11,1508,1519,0.15356397101439326
12,1502,1514,0.15357357680635506
12,1506,1518,0.1535802432675573
12,1515,1527,0.153586671065095
12,1513,1525,0.15359285838806094
12,1501,1513,0.15359880511996726
12,1494,1506,0.15360451258280605
12,1494,1506,0.15360998331137676
12,1490,1502,0.1536152208546302
11,1489,1500,0.15362022960110966
10,1495,1505,0.15362716049502403
9,1488,1497,0.15363613226804015
9,1492,1501,0.15364675786565574
10,1502,1512,0.1536567751306518
11,1493,1504,0.15366392261308753
11,1491,1502,0.15366829201737175
11,1500,1511,0.1536724585990846
12,1502,1514,0.15367642854844676
11,1507,1518,0.15367744467095204
10,1521,1531,0.15368074236813775
9,1515,1524,0.15368621199809698
9,1504,1513,0.1536935695963084
9,1498,1507,0.15370053835118797
9,1505,1514,0.15370713601781064
9,1513,1522,0.15371337985335146
9,1528,1537,0.15371928659053646
9,1529,1538,0.1537248724182197
8,1516,1524,0.15373015296812098
8,1513,1521,0.15373730460059687
8,1505,1513,0.15374404858698454
7,1504,1511,0.15375040686749147
7,1501,1508,0.15375856370945182
7,1498,1505,0.1537662448368299
7,1508,1515,0.15377347710478745
7,1516,1523,0.1537802859420513
6,1520,1526,0.15378669541735582
6,1506,1512,0.1537948756032631
6,1518,1524,0.15380257063551808
6,1511,1517,0.1538098087106979
6,1508,1514,0.1538166164440283
6,1521,1527,0.15382301895224987
6,1520,1526,0.15382903993275357
6,1517,1523,0.1538347017390841
8,1514,1522,0.1538400254529174
6,1521,1527,0.15383849687536338
6,1519,1525,0.15384158633716322
6,1512,1518,0.15384468592197004
6,1515,1521,0.15384777584589032
6,1518,1524,0.15384971223176153
6,1517,1523,0.1538517851295007
6,1521,1527,0.15385396183345526
6,1516,1522,0.15385621396879967
5,1525,1530,0.15385851700344705
5,1531,1536,0.1538630170497855
5,1524,1529,0.15386739604390706
5,1530,1535,0.15387164674328113
5,1523,1528,0.15387576374468467
5,1524,1529,0.1538797432382772
5,1514,1519,0.15388358278948516
4,1513,1517,0.1538872811457729
4,1518,1522,0.1538930017926722
4,1515,1519,0.15389845105546915
4,1512,1516,0.15390363817563465
4,1516,1520,0.1539085725246074
4,1511,1515,0.15391326352979592
4,1505,1509,0.15391772061140382
4,1513,1517,0.15392195312881404
5,1513,1518,0.15392597033540378
5,1519,1524,0.15392650855220613
5,1508,1513,0.15392715526321968
6,1521,1527,0.1539278902662354
6,1513,1519,0.1539254143337416
6,1507,1513,0.15392330039339674
6,1497,1503,0.1539215060472459
6,1512,1518,0.1539199934428848
6,1512,1518,0.15391872880706475
6,1512,1518,0.1539176820260125
6,1503,1509,0.15391682626785003
6,1507,1513,0.1539161376429533
5,1505,1510,0.15391559489849496
5,1501,1506,0.15391736826363966
5,1505,1510,0.15391911652974324
7,1523,1530,0.15392083320609534
6,1513,1519,0.1539168643548402
6,1516,1522,0.15391578810380271
6,1530,1536,0.15391491914471767
6,1530,1536,0.153914231148533
6,1518,1524,0.15391370071560878
6,1525,1531,0.15391330706896642
6,1527,1533,0.1539130317786471
6,1519,1525,0.1539128585140806
6,1517,1523,0.1539127728216725
6,1511,1517,0.15391276192509137
5,1500,1505,0.15391281454598724
5,1494,1499,0.15391508315290375
5,1501,1506,0.1539172648774341
4,1517,1521,0.1539193599767892
4,1501,1505,0.15392352364079706
6,1513,1519,0.15392747180143135
6,1517,1523,0.15392567623107586
5,1504,1509,0.15392413901919988
5,1507,1512,0.15392502717611062
5,1526,1531,0.1539259802372992
5,1527,1532,0.15392698269809274
5,1522,1527,0.15392802111705386
5,1518,1523,0.1539290838820928
4,1515,1519,0.15393016100128254
4,1514,1518,0.15393343014421654
4,1514,1518,0.1539365634978543
4,1520,1524,0.1539395631724306
4,1513,1517,0.153942431747253
2,1505,1507,0.1539451721842668
2,1505,1507,0.1539523850004828
2,1510,1512,0.15395917018252578
2,1508,1510,0.1539655526429844
2,1518,1520,0.15397155588717443
2,1523,1525,0.1539772020881596
2,1511,1513,0.15398251215824113
2,1501,1503,0.1539875058170308
2,1512,1514,0.15399220165622415
2,1508,1510,0.153996617201193
2,1500,1502,0.15400076896951664
2,1520,1522,0.154004672526571
2,1526,1528,0.15400834253829465
2,1522,1524,0.15401179282124947
2,1519,1521,0.15401503639009
2,1528,1530,0.15401808550255658
2,1515,1517,0.15402095170210134
2,1522,1524,0.15402364585825606
2,1530,1532,0.15402617820484582
2,1523,1525,0.1540285583761504
2,1523,1525,0.1540307954411119
2,1509,1511,0.15403289793568298
2,1498,1500,0.15403487389340745
2,1507,1509,0.15403673087432146
2,1489,1491,0.15403847599225898
2,1499,1501,0.15404011594064376
2,1503,1505,0.15404165701684472
2,1511,1513,0.15404310514516947
2,1510,1512,0.15404446589856707
2,1506,1508,0.15404574451910816
2,1505,1507,0.15404694593730678
2,1517,1519,0.1540480747903465
2,1513,1515,0.15404913543926896
2,1518,1520,0.15405013198518167
2,1508,1510,0.15405106828453788
2,1516,1518,0.15405194796353927
2,1502,1504,0.15405277443171028
2,1500,1502,0.15405355089468886
2,1503,1505,0.15405428036627813
2,1518,1520,0.15405496567979932
2,1507,1509,0.15405560949878555
2,1493,1495,0.15405621432705333
2,1508,1510,0.15405678251818666
2,1509,1511,0.1540573162844676
2,1517,1519,0.1540578177052836
2,1519,1521,0.1540582887350429
2,1526,1528,0.15405873121062436
2,1521,1523,0.15405914685838998
2,1503,1505,0.1540595373007842
2,1514,1516,0.15405990406254394
2,1519,1521,0.1540602485765422
1,1522,1523,0.15406057218928623
1,1519,1520,0.15406304250566824
2,1511,1513,0.15406536325018247
2,1515,1517,0.15406430455875927
2,1511,1513,0.15406341471075302
2,1509,1511,0.1540626732752904
1,1512,1513,0.1540620620515364
1,1504,1505,0.15406373218546798
1,1517,1518,0.15406537065371975
1,1518,1519,0.15406697255510998
0,1515,1515,0.15406853395265593
