1360,32,1392,0.13579591964554175
1402,37,1439,0.13297245148281647
1416,36,1452,0.13028910287616832
1418,34,1452,0.12781001659173027
1421,35,1456,0.1255498331886867
1436,37,1473,0.12348729275728672
1453,37,1490,0.12157186092263352
1450,39,1489,0.11978492060746927
1446,40,1486,0.11816670694651252
1452,38,1490,0.11670647553811975
1462,38,1500,0.11536327498470524
1463,40,1503,0.1141179679818232
1459,40,1499,0.11298485698487784
1457,40,1497,0.11196656750882605
1462,39,1501,0.1110430159898327
1452,38,1490,0.11019087329344607
1441,39,1480,0.10944245592754756
1444,37,1481,0.10878864299452978
1453,38,1491,0.10818704799884049
1458,40,1498,0.10761444643458225
1462,42,1504,0.10708177834261985
1473,42,1515,0.10658926606323656
1474,44,1518,0.10611687661249877
1467,43,1510,0.10568507243046352
1462,42,1504,0.10530834242526427
1451,41,1492,0.10497730786972032
1454,42,1496,0.1047023436482606
1442,43,1485,0.10444755033312275
1461,45,1506,0.1042416710562782
1453,46,1499,0.10401142633901685
1443,45,1488,0.10381990904793006
1450,44,1494,0.10366954698719832
1451,42,1493,0.10351753445107505
1460,42,1502,0.10337768069876865
1463,46,1509,0.10322852474027172
1456,43,1499,0.10308665799465039
1457,42,1499,0.10297412331040359
1445,42,1487,0.10286932412003973
1441,38,1479,0.10280205172280844
1433,40,1473,0.10275010541847646
1427,42,1469,0.10272225533647514
1442,44,1486,0.10271190560126556
1441,43,1484,0.10266970457047261
1439,46,1485,0.10263413570127256
1440,47,1487,0.10260548715457579
1444,47,1491,0.10257514644158322
1441,47,1488,0.10254120558032043
1450,44,1494,0.10251922184142587
1444,47,1491,0.10247996138730357
1455,50,1505,0.10245970218436136
1441,49,1490,0.10241526405944802
1445,51,1496,0.10240777473766824
1450,50,1500,0.10239174609276645
1456,50,1506,0.10236268598155028
1439,51,1490,0.1023240686581929
1440,50,1490,0.10232882188412962
1428,51,1479,0.10233216610137212
1444,51,1495,0.10235990540314283
1440,51,1491,0.1023496015425558
1442,51,1493,0.102348127247795
1433,51,1484,0.10234468402519578
1436,53,1489,0.10236261300692519
1445,54,1499,0.10237016334237607
1440,54,1494,0.10235852325129245
1446,54,1500,0.10235725285303922
1445,55,1500,0.10234529407436138
1443,57,1500,0.10233554901033201
1444,57,1501,0.10233111591539068
1426,57,1483,0.10232784395628869
1410,60,1470,0.10236483660920577
1423,64,1487,0.10243455167440739
1429,64,1493,0.10247117458597003
1434,65,1499,0.10249078077771116
1429,65,1494,0.10249682877106833
1428,62,1490,0.10251520300458491
1422,58,1480,0.10253410889728568
1432,59,1491,0.1025671660957313
1438,62,1500,0.10257378675423824
1433,65,1498,0.10256586946472313
1426,68,1494,0.10257043554254758
1416,70,1486,0.10259259276647814
1416,69,1485,0.10263434461755348
1419,65,1484,0.10267177990221057
1416,65,1481,0.1026986476624703
1426,65,1491,0.10273138876435944
1428,64,1492,0.10273971362972677
1436,66,1502,0.10274043259302496
1431,64,1495,0.10272229442286897
1427,65,1492,0.10271705809169367
1436,64,1500,0.10272187452008694
1433,63,1496,0.10270626748169111
1436,63,1499,0.10270001799047186
1431,63,1494,0.10268769630315401
1441,61,1502,0.10268609441126156
1427,66,1493,0.10266429896058936
1436,68,1504,0.10267545071699963
1440,67,1507,0.10266619591540307
1427,67,1494,0.10264805351568831
1435,65,1500,0.10266022904203716
1429,65,1494,0.10265590004328551
1435,64,1499,0.1026634364557028
1426,63,1489,0.10265667963340715
1426,64,1490,0.10266921848778436
1434,67,1501,0.10268263414996583
1433,65,1498,0.10267480042799618
1430,69,1499,0.10267095766739867
1427,70,1497,0.1026770858886923
1431,68,1499,0.10269128054407284
1421,69,1490,0.1026937248015874
1416,73,1489,0.10271812917331297
1418,72,1490,0.10275240204499092
1417,68,1485,0.10278049998301234
1409,65,1474,0.10280886434165627
1413,65,1478,0.1028521857482535
1403,66,1469,0.10288337170434257
1401,66,1467,0.10293290478258749
1402,67,1469,0.10298354804343185
1405,66,1471,0.10302820309707193
1412,67,1479,0.10306199741944472
1414,66,1480,0.1030770746896059
1419,68,1487,0.10308424895327739
1421,71,1492,0.10308012159919229
1420,73,1493,0.10307143463428073
1420,71,1491,0.10306643940765257
1417,70,1487,0.10306256670608274
1416,72,1488,0.10306976157373654
1417,72,1489,0.10307788975451229
1410,74,1484,0.10308299794752167
1415,71,1486,0.10310529979032138
1422,72,1494,0.10311385020320465
1412,72,1484,0.10310572828064302
1411,75,1486,0.10312019787518581
1416,76,1492,0.10313681795324335
1413,72,1485,0.1031401352673641
1409,74,1483,0.10314952107032642
1399,76,1475,0.10316659410943534
1404,73,1477,0.10320696885265289
1421,76,1497,0.10323209315108953
1418,76,1494,0.10321781705289076
1415,78,1493,0.10320958833764081
1427,77,1504,0.1032084608576281
1416,81,1497,0.10318023215630902
1420,83,1503,0.1031802606437709
1414,83,1497,0.10317288236369337
1417,88,1505,0.1031774198399031
1419,88,1507,0.10317660215651593
1406,90,1496,0.10317295291939636
1406,91,1497,0.10319832169517745
1402,93,1495,0.10322426016878636
1408,91,1499,0.10325825591199339
1400,92,1492,0.10327603611055068
1408,91,1499,0.10330970910709131
1399,92,1491,0.10332436128299484
1401,96,1497,0.10335676737230838
1393,96,1489,0.10338536539550343
1387,94,1481,0.103431257011712
1398,97,1495,0.10348246506379305
1406,98,1504,0.10350518146453687
1399,96,1495,0.10350887924698174
1407,96,1503,0.10353114247416936
1403,97,1500,0.103529460859205
1392,100,1492,0.10353515007633632
1395,100,1495,0.10356839096020519
1402,106,1508,0.10359121141836831
1405,110,1515,0.10359811336559094
1396,112,1508,0.1036011864724738
1396,112,1508,0.1036249801317723
1385,113,1498,0.10364754408817077
1376,112,1488,0.10369383822938506
1380,118,1498,0.10375813278461793
1364,122,1486,0.10380827647422493
1363,122,1485,0.10389134231101053
1371,125,1496,0.10397148755882345
1368,128,1496,0.10402817769496081
1355,125,1480,0.10408799378586167
1352,127,1479,0.10417304637601092
1365,129,1494,0.10425871801539432
1359,129,1488,0.10430815108350715
1364,130,1494,0.10436979599458134
1358,135,1493,0.10441538623479235
1364,134,1498,0.10447226487298909
1374,135,1509,0.10451384194183415
1373,135,1508,0.10453146315773601
1378,135,1513,0.10454873148245934
1364,138,1502,0.10455239298475406
1359,137,1496,0.10458899842210652
1362,137,1499,0.1046331549576232
1359,137,1496,0.10466696462440933
1359,140,1499,0.10470410930512326
1350,137,1487,0.10473941114592264
1349,135,1484,0.10479452899814183
1348,135,1483,0.10484843571982973
1346,136,1482,0.10489897758105496
1356,138,1494,0.10495138401494235
1351,142,1493,0.10497411880582228
1350,146,1496,0.10500676510701368
1364,145,1509,0.10503966919921698
1361,144,1505,0.10504164602149803
1371,141,1512,0.10504949704594851
1363,143,1506,0.10503199806303133
1364,143,1507,0.10503828986341705
1349,144,1493,0.10504183922813976
1345,141,1486,0.10507692026368702
1332,142,1474,0.1051155407323812
1344,145,1489,0.10518253942256595
1357,143,1500,0.10521629092833025
1362,141,1503,0.10521827090522373
1350,140,1490,0.10520882229566159
1354,142,1496,0.1052276522143229
1349,148,1497,0.1052353835336937
1355,148,1503,0.10525536828836836
1346,151,1497,0.10525967881958152
1344,150,1494,0.10528250329413769
1350,149,1499,0.10531020464931831
1356,152,1508,0.10532261638613757
1361,149,1510,0.10532277499677885
1352,150,1502,0.10531206637636303
1355,152,1507,0.10532138416547138
1364,152,1516,0.10532327832309975
1354,158,1512,0.10530566545189046
1347,155,1502,0.10531169732724792
1346,153,1499,0.10533303585095358
1348,155,1503,0.10535816182551687
1346,153,1499,0.10537748148979226
1344,153,1497,0.10540098771382578
1346,156,1502,0.1054249170649889
1335,158,1493,0.10544166452100699
1326,157,1483,0.10548281281019936
1318,157,1475,0.1055411931656151
1324,153,1477,0.10561283212590852
1329,151,1480,0.1056660940082895
1323,148,1471,0.1057021626305599
1312,156,1468,0.10574935184617544
1315,152,1467,0.10581796677276448
1329,150,1479,0.10587364648905324
1325,152,1477,0.10589314422125877
1332,156,1488,0.10592023735730173
1332,159,1491,0.10593236039309893
1331,158,1489,0.10594241397016052
1326,164,1490,0.10595601949697915
1329,161,1490,0.10597902562803534
1330,165,1495,0.10599143015638625
1325,165,1490,0.10600062306166169
1328,165,1493,0.10602259105329985
1317,170,1487,0.10603668458097676
1327,172,1499,0.10607414700216043
1320,172,1492,0.10608836690949298
1313,171,1484,0.106116513280008
1324,168,1492,0.106155267268147
1309,163,1472,0.10616388403814354
1323,160,1483,0.10620550627741411
1317,165,1482,0.10621241334458252
1323,173,1496,0.10623527157860892
1312,173,1485,0.10624147247244896
1317,180,1497,0.10627335878866909
1313,181,1494,0.10629452965122942
1298,184,1482,0.10632426263582855
1305,186,1491,0.10638523852332621
1303,187,1490,0.10642867474934235
1304,187,1491,0.10647527705172799
1300,182,1482,0.10651502692363295
1295,180,1475,0.10655828127227027
1301,186,1487,0.10660958165900386
1307,181,1488,0.10664598019354454
1305,187,1492,0.10666384117352182
1309,188,1497,0.10668612488831909
1302,193,1495,0.1066981178430092
1301,194,1495,0.10672534869161986
1309,190,1499,0.10675333030286437
1305,189,1494,0.10676208090623306
1302,190,1492,0.10678073056902405
1315,183,1498,0.10680506914600446
1311,186,1497,0.10679624379145167
1305,181,1486,0.10680036601919345
1313,183,1496,0.10681817255207961
1321,186,1507,0.1068145100203921
1313,188,1501,0.10679361802833563
1312,183,1495,0.1067941377469791
1305,194,1499,0.10679682981394842
1298,191,1489,0.10681456428012803
1297,193,1490,0.10684770064853477
1301,195,1496,0.10688265149844493
1304,199,1503,0.10690529267143922
1298,200,1498,0.10691943584757395
1294,204,1498,0.10694688704667511
1294,198,1492,0.10698359756937986
1296,202,1498,0.10701726346123647
1306,196,1502,0.10704448312614151
1299,197,1496,0.10704348264999414
1297,197,1494,0.10705575572718712
1298,198,1496,0.10707131115431472
1295,197,1492,0.10708460909604472
1284,199,1483,0.1071069642428295
1289,206,1495,0.10715455266330459
1290,205,1495,0.107186927334141
1292,207,1499,0.10721297002593529
1277,210,1487,0.10723454904054984
1276,211,1487,0.10729063875264362
1276,212,1488,0.10734327744402299
1280,209,1489,0.10739465823050325
1276,211,1487,0.10742948217276846
1274,211,1485,0.10747136405830822
1274,214,1488,0.10751795689370944
1263,215,1478,0.10756088032915809
1263,217,1480,0.10762726202971262
1268,218,1486,0.10768673573401731
1274,216,1490,0.1077314691088673
1271,217,1488,0.10776028435129455
1275,213,1488,0.10779508596897924
1291,213,1504,0.10781884372415611
1295,216,1511,0.10779834947108054
1293,213,1506,0.10777089290716294
1289,212,1501,0.10774928892285054
1281,215,1496,0.10773604071452496
1276,221,1497,0.10774419546436484
1286,215,1501,0.10776208287875912
1278,221,1499,0.10775826437060823
1280,222,1502,0.10777517186146411
1281,225,1506,0.10778875116313394
1269,229,1498,0.10779772045831763
1260,228,1488,0.10783451367738085
1267,227,1494,0.10789099658664306
1262,231,1493,0.10792571989880634
1266,232,1498,0.1079703544829703
1261,229,1490,0.10800202310350991
1264,230,1494,0.10804308701263025
1270,234,1504,0.10807468963622059
1269,229,1498,0.10808995854795979
1258,233,1491,0.10810477131436164
1263,236,1499,0.10814455520019325
1269,235,1504,0.10816895069836654
1268,236,1504,0.1081808825300634
1254,233,1487,0.10819289730321621
1263,231,1494,0.10823589789038282
1251,230,1481,0.10825397561618594
1239,229,1468,0.10829962061799037
1254,232,1486,0.10836732124015817
1263,234,1497,0.10839558825271191
1263,231,1494,0.10840082810307265
1258,228,1486,0.10840742011171116
1261,231,1492,0.10842632849402985
1259,233,1492,0.10843536952872836
1260,232,1492,0.10844784761080424
1273,232,1505,0.10845818194410047
1271,228,1499,0.10843949912352176
1267,229,1496,0.10842145242600043
1271,236,1507,0.10841495710430454
1265,239,1504,0.10840160659852664
1258,240,1498,0.10840461148076316
1263,242,1505,0.10842380332618717
1260,237,1497,0.10843168930516583
1256,246,1502,0.10844424259678444
1237,244,1481,0.10846476082903457
1232,245,1477,0.10852873466727184
1242,254,1496,0.10859943937750179
1242,252,1494,0.1086434305084865
1241,255,1496,0.1086839562394946
1240,252,1492,0.10872089454908379
1232,245,1477,0.10875839639257454
1225,244,1469,0.10881541783366779
1232,245,1477,0.10888478780649027
1243,245,1488,0.10893107696465698
1249,244,1493,0.10894862798433923
1241,248,1489,0.1089473738589745
1241,253,1494,0.10896554603292685
1244,256,1500,0.10898454042270345
1235,262,1497,0.10899623501073762
1233,258,1491,0.10902975966348485
1229,263,1492,0.1090671966453372
1219,262,1481,0.10910917634539602
1230,258,1488,0.10917015882247469
1229,261,1490,0.10920294409124834
1223,267,1490,0.10923597194213336
1221,268,1489,0.10927796292244342
1227,262,1489,0.10932277687536107
1218,262,1480,0.10934979836068617
1230,264,1494,0.10939613512022889
1235,265,1500,0.1094114489611075
1237,263,1500,0.10941294696837868
1245,263,1508,0.10940872671728037
1227,260,1487,0.10938660659109417
1217,263,1480,0.10940636179133201
1217,267,1484,0.10944821143681896
1213,268,1481,0.10948557533009158
1219,266,1485,0.10952592187441627
1215,266,1481,0.10954922976325111
1228,269,1497,0.10958268174093774
1234,274,1508,0.10958210496126171
1232,273,1505,0.10956925730378578
1231,275,1506,0.10956246065312449
1218,275,1493,0.10956170667483367
1230,279,1509,0.10959225007710457
1225,280,1505,0.10959537765193346
1232,275,1507,0.10960969691969222
1218,279,1497,0.10960306555985745
1225,278,1503,0.1096314343159504
1222,283,1505,0.10964186582434225
1220,285,1505,0.109662002734505
1212,282,1494,0.10968585334749062
1199,286,1485,0.10972385006433641
1202,293,1495,0.10978878315582374
1189,297,1486,0.10984286921434169
1183,302,1485,0.10992334746416837
1200,300,1500,0.11001428979818051
1197,299,1496,0.11006081403094842
1195,303,1498,0.11011005325899888
1187,306,1493,0.1101595160274322
1191,306,1497,0.1102268984158156
1199,301,1500,0.11028098623034854
1207,299,1506,0.11031282854801912
1212,303,1515,0.11032279346120794
1205,302,1507,0.1103197900811745
1197,297,1494,0.11033385262408736
1201,292,1493,0.11036767465954384
1204,291,1495,0.11038993558663539
1204,290,1494,0.11040034824927122
1204,292,1496,0.11040870778448801
1197,293,1490,0.110415913374806
1192,297,1489,0.11044265267922021
1198,290,1488,0.11047850016619865
1209,294,1503,0.11049678782079418
1214,295,1509,0.11048657677952274
1219,297,1516,0.11046756527561247
1215,297,1512,0.11043697547290918
1218,293,1511,0.11042089785264554
1222,298,1520,0.11039876805745319
1215,300,1515,0.11037012767857124
1205,306,1511,0.11036245878108844
1194,310,1504,0.11037691488115776
1188,312,1500,0.11041492365888914
1192,304,1496,0.11046240189906481
1196,308,1504,0.11049869981361903
1182,313,1495,0.11052334665187552
1182,309,1491,0.11057903676890145
1176,317,1493,0.11063177917915584
1184,327,1511,0.1106937897834419
1175,328,1503,0.11073428872917536
1180,329,1509,0.11079377085207687
1170,325,1495,0.11083933868540834
1178,330,1508,0.11090711442437862
1174,328,1502,0.1109516679526851
1164,329,1493,0.11100016061916027
1172,344,1516,0.11106638406783337
1176,346,1522,0.11111427688258196
1175,345,1520,0.11115115300304027
1182,339,1521,0.11118470603862303
1166,342,1508,0.11119911027310372
1173,338,1511,0.11124913616672735
1162,341,1503,0.11127863979051465
1166,340,1506,0.11133094360819654
1175,342,1517,0.11137082248869774
1168,341,1509,0.1113872290008349
1164,340,1504,0.11141849979320692
1167,344,1511,0.11145844162375843
1165,349,1514,0.11148812762740419
1174,349,1523,0.11152084336035926
1175,349,1524,0.11153063141033456
1161,354,1515,0.11154057867401672
1148,354,1502,0.111580742952001
1155,354,1509,0.11165070275836086
1145,358,1503,0.11169697741795359
1146,361,1507,0.11176220334187575
1141,356,1497,0.11182047164966108
1148,356,1504,0.11188343473659952
1142,356,1498,0.11192677195092468
1125,364,1489,0.11198455052535675
1135,373,1508,0.11207567087417587
1133,374,1507,0.11213962599603701
1122,382,1504,0.11220514939567064
1119,380,1499,0.11229381749095733
1111,373,1484,0.11238389619789914
1117,375,1492,0.11248662777116843
1108,371,1479,0.11256884592119842
1108,370,1478,0.11266440884376172
1103,367,1470,0.11275142135881602
1111,366,1477,0.1128465843994962
1134,371,1505,0.11291434279944434
1135,371,1506,0.1129259568445321
1155,370,1525,0.11293344102702534
1149,370,1519,0.11289415433285217
1137,370,1507,0.11286902692526989
1129,364,1493,0.11287392369285261
1124,370,1494,0.11289865633580166
1128,360,1488,0.11293058781936217
1128,370,1498,0.11295218633461367
1128,378,1506,0.11297459054051362
1137,371,1508,0.11299375513716196
1122,367,1489,0.11299087122828691
1135,370,1505,0.11302130003808815
1129,377,1506,0.11301975955233029
1129,378,1507,0.11303300545699367
1127,375,1502,0.11304728773758047
1121,380,1501,0.1130673624943531
1124,390,1514,0.11309897918007646
1117,390,1507,0.1131244345710472
1114,382,1496,0.11316345397745523
1116,382,1498,0.11320517157582376
1110,382,1492,0.11324106903038857
1112,386,1498,0.11328848709220274
1098,390,1488,0.11333014590625616
1095,397,1492,0.11339857529209399
1092,397,1489,0.11346868148202512
1099,396,1495,0.11354045787605084
1097,399,1496,0.11359230533716701
1103,400,1503,0.1136484852438685
1094,397,1491,0.11368436127658928
1095,398,1493,0.11373774163768051
1109,400,1509,0.11378257486092086
1131,402,1533,0.11379249673205331
1121,395,1516,0.11374517670540137
1113,389,1502,0.11372477132277779
1116,394,1510,0.11372547256808577
1111,392,1503,0.11371799429405982
1117,392,1509,0.11372145303903342
1117,390,1507,0.1137134867859939
1123,394,1517,0.11370673121174715
1115,392,1507,0.11368831219663694
1109,401,1510,0.1136903941383018
1105,404,1509,0.11370665490012659
1107,400,1507,0.11373000796742035
1100,403,1503,0.11374748274383448
1100,408,1508,0.11378196229614587
1086,416,1502,0.1138134305609422
1080,413,1493,0.11387353322112034
1079,414,1493,0.11394225238201666
1081,420,1501,0.114009265315535
1084,412,1496,0.11406912822114741
1083,413,1496,0.11411866898647041
1087,413,1500,0.11416790706071903
1083,407,1490,0.11420328342416168
1085,403,1488,0.11424694491434838
1086,404,1490,0.11428485980236579
1082,407,1489,0.11431814563670457
1076,409,1485,0.11435208186065748
1071,413,1484,0.114395917475197
1080,418,1498,0.11444831103552223
1082,413,1495,0.1144777984746105
1079,414,1493,0.11449962869313136
1072,421,1493,0.1145280249358
1077,423,1500,0.11457337031164774
1063,421,1484,0.11460632527827368
1064,427,1491,0.1146682384124468
1064,425,1489,0.11472763131166296
1065,435,1500,0.11478272703974561
1065,426,1491,0.11483172911161868
1057,428,1485,0.11487532569310531
1067,437,1504,0.11493406699258248
1059,434,1493,0.11496628974615372
1062,441,1503,0.11501613706147287
1060,438,1498,0.11505323784484903
1062,433,1495,0.11509216899842656
1059,438,1497,0.11512300107271387
1061,434,1495,0.11515989844799539
1050,443,1493,0.11518932249556674
1057,446,1503,0.11523745497462475
1049,451,1500,0.11526514246064277
1050,456,1506,0.11531085986203449
1050,456,1506,0.11535395296276761
1047,466,1513,0.11539611045481755
1041,461,1502,0.1154439537333921
1034,472,1506,0.1155039770490032
1026,465,1491,0.11557636270648967
1019,470,1489,0.11566254798310166
1017,480,1497,0.11576180252529142
1017,491,1508,0.11585868611827081
1014,492,1506,0.11594909658269432
1010,492,1502,0.1160423588523917
1001,494,1495,0.11613847048931064
1010,496,1506,0.11625005162622397
1005,496,1501,0.11632768948354114
1006,483,1489,0.11641094951461266
1004,488,1492,0.11648671479815803
1003,491,1494,0.11655807845427696
1008,486,1494,0.1166280367685398
1008,491,1499,0.11668067928609645
994,499,1493,0.11672986251154356
1010,501,1511,0.11680963417583431
1008,496,1504,0.11684737038734759
1008,495,1503,0.11688792433743693
1014,504,1518,0.11692802177632795
1009,502,1511,0.11694774443006
1001,496,1497,0.11697729202539858
992,503,1495,0.11702575695289856
1002,505,1507,0.11709187911915885
1002,507,1509,0.1171319785248039
1005,511,1516,0.1171701683489002
994,495,1489,0.11719997666758193
1003,502,1505,0.11725107140481486
1008,492,1500,0.11727603354899113
995,501,1496,0.11728488623472465
997,507,1504,0.11732561826890371
1008,500,1508,0.1173548357436556
997,504,1501,0.11735939252352559
990,512,1502,0.1173916008032053
989,516,1505,0.11743827990629949
989,516,1505,0.11748163153223537
994,518,1512,0.11752573650436464
986,524,1510,0.11755557619216801
979,528,1507,0.11760416856385887
977,526,1503,0.11766685274517577
972,523,1495,0.11773092713545634
975,522,1497,0.11780110746581648
979,522,1501,0.11785630753833416
978,517,1495,0.11789951047148875
974,526,1500,0.11794405823010347
973,523,1496,0.11798945692141384
971,530,1501,0.1180296120507553
970,526,1496,0.11807615436979414
969,524,1493,0.1181205560412107
967,520,1487,0.11816398145350623
965,522,1487,0.11821097576813683
981,514,1495,0.11825795413630187
972,518,1490,0.11826549028755146
978,507,1485,0.11829271848046488
980,511,1491,0.11830465454142329
986,509,1495,0.11831522697813783
994,507,1501,0.11830949380333147
996,509,1505,0.11828293367750031
994,512,1506,0.11825608976212339
991,513,1504,0.11823601290399317
990,509,1499,0.11822508263395076
999,511,1510,0.11821844859432419
1001,515,1516,0.11818796941017222
984,518,1502,0.11815877306852725
983,518,1501,0.11817215910136362
977,512,1489,0.11818809612984811
980,517,1497,0.11821783745299243
987,519,1506,0.11823812614484681
982,515,1497,0.11823927601869906
987,514,1501,0.11825285235134526
976,515,1491,0.11825348085639778
973,525,1498,0.11828283964804581
972,530,1502,0.11831267507072209
969,534,1503,0.11834209907559552
972,524,1496,0.1183781979225203
975,518,1493,0.11840602434328801
978,522,1500,0.11842542259636549
982,527,1509,0.11843680563017617
974,527,1501,0.11843798810320649
978,541,1519,0.11845740570496746
972,534,1506,0.11846227328925017
980,542,1522,0.11848306870640642
978,549,1527,0.11848440471769708
964,549,1513,0.11849207017129747
955,545,1500,0.11852761604022546
966,546,1512,0.11858382949642941
956,551,1507,0.1186126500772551
960,554,1514,0.1186615660760598
949,557,1506,0.11869906494571392
947,552,1499,0.11876033650172221
950,550,1500,0.11882150573115936
949,552,1501,0.11887235296240896
961,552,1513,0.11892188058632433
963,547,1510,0.11893867078897474
953,542,1495,0.11894917566064184
969,542,1511,0.1189828225995486
977,545,1522,0.11898127985060385
962,552,1514,0.11896008004494812
962,553,1515,0.1189775376750064
955,550,1505,0.11899600053161066
947,545,1492,0.11902655689563535
950,549,1499,0.11907376876842257
951,546,1497,0.11911205485967727
960,540,1500,0.11914469766559412
955,550,1505,0.11915290620597535
954,553,1507,0.11917102189465374
948,546,1494,0.11919059362910954
948,551,1499,0.11921993627714045
934,559,1493,0.11924807994889065
928,558,1486,0.11930500440014839
924,551,1475,0.11937352523943659
927,567,1494,0.11944733927213391
924,561,1485,0.11951147372108288
932,573,1505,0.11957638025566904
943,578,1521,0.11961939866348313
944,568,1512,0.1196343428326601
942,572,1514,0.11964596944277651
947,573,1520,0.11966338047068198
941,566,1507,0.11966825726778164
944,571,1515,0.11968696220625845
941,572,1513,0.11969667027587759
940,570,1510,0.11971146129671714
942,570,1512,0.11972836139615275
939,572,1511,0.11974048229281901
925,568,1493,0.11975926246536528
927,568,1495,0.11981038751695575
930,575,1505,0.11985368947987425
926,579,1505,0.11988852727036849
920,581,1501,0.11993194513187166
922,580,1502,0.11998262947873492
928,583,1511,0.12002700671460227
924,585,1509,0.12005359632341378
905,587,1492,0.12008882319574614
909,593,1502,0.1201672257646301
913,603,1516,0.12023154674304345
902,612,1514,0.12028655080394493
898,601,1499,0.12036265498924996
897,602,1499,0.12044151453158544
894,599,1493,0.12051667655929822
897,594,1491,0.12059447091742097
906,596,1502,0.12065996331700539
906,599,1505,0.12069701278237202
916,592,1508,0.1207311603180261
920,595,1515,0.12073613181938789
907,591,1498,0.12073034192171571
900,586,1486,0.12075309053198031
904,590,1494,0.12079060687574832
905,599,1504,0.12081771534484846
906,598,1504,0.12084020540023627
907,595,1502,0.1208600137265632
902,597,1499,0.12087870856435706
907,588,1495,0.12090973224124762
916,588,1504,0.12092463881838807
910,595,1505,0.12091298851355654
909,589,1498,0.12091663842112345
906,595,1501,0.12092327662273164
916,591,1507,0.12093615547613384
918,591,1509,0.12092655452184323
909,586,1495,0.12091340734481967
907,587,1494,0.1209230976094037
898,595,1493,0.1209360500292333
898,591,1489,0.1209682941308789
900,602,1502,0.12099765903026061
904,608,1512,0.12102187344857292
895,612,1507,0.12103385726804121
896,606,1502,0.12106803929638328
885,614,1499,0.12109647661000572
891,623,1514,0.12115204567071357
887,614,1501,0.12118820657258517
881,617,1498,0.12123175072718442
885,618,1503,0.12128897835447545
890,621,1511,0.12133573793019707
886,626,1512,0.12136651729782827
880,625,1505,0.12140339321868417
876,630,1506,0.12145160274826544
865,632,1497,0.12150655561545953
868,633,1501,0.12158452132961592
859,641,1500,0.12165405786746353
859,646,1505,0.12174032672194285
862,650,1512,0.12182049446479586
860,649,1509,0.12188571852381884
855,659,1514,0.12195247978884417
859,655,1514,0.12202801828308166
860,653,1513,0.12208599519555186
852,652,1504,0.12213544015141839
862,659,1521,0.12219884826500524
851,664,1515,0.12223453255735249
835,657,1492,0.12229396604271107
823,665,1488,0.12238558122142265
827,661,1488,0.12249920901123992
829,656,1485,0.12259551578037438
836,660,1496,0.12268179580458004
852,653,1505,0.12274550585049847
842,649,1491,0.12276473838940767
846,648,1494,0.12280653476075049
847,653,1500,0.12283728747725484
839,669,1508,0.12286443892851477
842,669,1511,0.12290743215992145
850,674,1524,0.12294265701216385
836,670,1506,0.12295460777719282
836,662,1498,0.12300122129506075
833,673,1506,0.12304739822945367
833,677,1510,0.12309937760069595
817,674,1491,0.12314948645595045
817,679,1496,0.12323390396151393
804,683,1487,0.12331176474399758
812,679,1491,0.12341126385239891
819,676,1495,0.1234820875722415
825,686,1511,0.12352912471831833
819,684,1503,0.12355846541714861
812,684,1496,0.12360284626015244
799,685,1484,0.12366022700204135
798,678,1476,0.12374532527132703
814,677,1491,0.12382779648252668
814,683,1497,0.12386594637309034
823,695,1518,0.12390253582488092
828,692,1520,0.12391718679791648
831,686,1517,0.12392001370405957
818,690,1508,0.1239179303799211
819,691,1510,0.12394456244613242
820,684,1504,0.12396915152031465
818,687,1505,0.1239865533693754
813,689,1502,0.12400657289553901
813,686,1499,0.12403738545112257
812,689,1501,0.12406587976500838
816,692,1508,0.12409289170029161
820,702,1522,0.12411036204064477
821,693,1514,0.1241196852624867
817,691,1508,0.12412711421769775
810,692,1502,0.12414498479426087
801,689,1490,0.12417698268741
803,688,1491,0.1242245344156832
808,692,1500,0.12426337357252244
805,684,1489,0.12428745884383628
806,685,1491,0.12431270480014227
814,687,1501,0.12433544278349039
815,693,1508,0.12434058176668832
815,704,1519,0.12434414578649607
808,700,1508,0.1243487650647814
799,697,1496,0.12436813475065354
794,704,1498,0.12440537859163911
789,710,1499,0.12445305209813733
781,702,1483,0.12451012247248655
785,708,1493,0.12458064393806044
795,710,1505,0.12463775126018074
797,707,1504,0.12466410498850483
803,712,1515,0.12468603069279392
800,711,1511,0.12469077670169844
807,715,1522,0.12470102709941845
799,722,1521,0.12469607871859957
794,716,1510,0.12471159915393834
786,719,1505,0.1247415454924844
780,715,1495,0.12478767991748356
798,717,1515,0.12484408164298143
795,709,1504,0.12485764002160639
792,707,1499,0.12487508170830842
794,719,1513,0.1248994092868794
793,718,1511,0.12491826184810317
797,728,1525,0.12493934809039754
788,727,1515,0.12494952316793846
788,718,1506,0.12497867226580127
780,727,1507,0.12500857977054172
769,729,1498,0.12505659780001868
761,729,1490,0.1251282530325321
765,733,1498,0.1252125884832456
768,724,1492,0.12528284562614567
759,726,1485,0.12534019798086604
755,728,1483,0.12541254935525503
764,722,1486,0.1254873736647742
764,727,1491,0.12553392345379932
766,737,1503,0.125575963439074
767,743,1510,0.12561330488945838
760,748,1508,0.12564583881464889
766,748,1514,0.1256952356250582
766,748,1514,0.12572742119034522
768,746,1514,0.12575404360792308
758,742,1500,0.12577667532005904
754,746,1500,0.12582058664856421
746,757,1503,0.1258700683118859
746,754,1500,0.1259339725116649
730,749,1479,0.12599673012694934
742,754,1496,0.12609024011767328
750,746,1496,0.12614885644543208
752,756,1508,0.12618436030694
746,747,1493,0.12621644710323576
751,752,1503,0.12625890088185265
758,748,1506,0.12628493150474468
761,755,1516,0.12629368871715962
762,746,1508,0.1262956254374115
759,745,1504,0.12629526702000807
753,753,1506,0.12630301139471214
763,751,1514,0.12632059907934226
755,750,1505,0.1263135322140202
752,744,1496,0.1263254518840708
757,747,1504,0.12634331924736888
753,746,1499,0.1263473975822169
745,749,1494,0.12636217028285202
758,749,1507,0.12639550157379356
753,742,1495,0.12639738915121493
753,743,1496,0.12641215172693188
745,746,1491,0.1264241297655862
749,754,1503,0.12645612802147804
742,742,1484,0.12647461916379713
748,760,1508,0.12650904263602872
745,759,1504,0.1265284799282095
745,760,1505,0.1265534146577672
735,759,1494,0.12657970403058488
728,765,1493,0.12662921207185876
728,779,1507,0.12669079502989042
727,790,1517,0.1267467014822784
723,779,1502,0.12680133168441687
721,783,1504,0.12686252560483488
712,792,1504,0.12692241931897555
716,789,1505,0.1270022090342031
701,803,1504,0.12706823700230405
696,809,1505,0.12716628261892315
686,821,1507,0.12726995695722457
677,816,1493,0.12739237633935224
674,815,1489,0.12752701757966528
680,816,1496,0.12765597723469174
680,821,1501,0.1277590957726984
679,817,1496,0.12785606358702187
681,824,1505,0.12794881526204946
681,825,1506,0.12803025795860606
682,829,1511,0.12810729345603822
674,824,1498,0.1281803475886034
673,832,1505,0.12826416627344708
676,836,1512,0.1283449746518322
666,829,1495,0.12841432117154888
671,831,1502,0.12850148477303974
671,829,1500,0.12857012953703062
666,830,1496,0.12863634223490517
671,841,1512,0.12870891841112447
672,835,1507,0.12876482248055615
676,835,1511,0.12881665440768164
666,827,1493,0.12885331337640868
669,830,1499,0.12891112937554905
654,834,1488,0.1289577329134274
654,838,1492,0.12903751134213334
659,838,1497,0.12911418861842397
662,847,1509,0.12917255692607832
655,847,1502,0.12921850992369138
655,849,1504,0.1292784122624396
659,841,1500,0.1293348717332776
665,845,1510,0.12938188295500333
665,837,1502,0.12940817651903308
660,846,1506,0.12943401202821847
659,852,1511,0.12947216873015105
650,853,1503,0.12951136174190836
651,848,1499,0.1295685366533615
650,857,1507,0.12961986299611064
647,853,1500,0.12966955980413328
655,848,1503,0.12972427399707634
650,851,1501,0.12975604834471505
640,850,1490,0.129795134421277
651,861,1512,0.12985357339531375
645,855,1500,0.1298780982808474
653,853,1506,0.12991582519956477
648,858,1506,0.12993474114876943
648,860,1508,0.12996538009421493
643,857,1500,0.12999452233071426
640,860,1500,0.1300319062145099
639,864,1503,0.1300766149162143
643,856,1499,0.13011817610735385
635,855,1490,0.1301496202316685
637,850,1487,0.13019880741728215
636,849,1485,0.13023715352676343
630,857,1487,0.13027595974044595
630,865,1495,0.13032681591139056
643,868,1511,0.1303726753350534
636,858,1494,0.13038873096928172
631,876,1507,0.13041924436218108
625,881,1506,0.13045957286580262
634,886,1520,0.1305106121377556
630,888,1518,0.1305381288872418
619,894,1513,0.13057205325251625
618,897,1515,0.13063169019265694
621,883,1504,0.13069043381411544
620,882,1502,0.13073801767369325
624,888,1512,0.1307830701646386
619,894,1513,0.13081802901490094
620,902,1522,0.13086204357175787
603,900,1503,0.13090167940575473
605,900,1505,0.13097960509604234
607,899,1506,0.13104937531565916
606,911,1517,0.1311110701966112
601,902,1503,0.13117014426231394
603,911,1514,0.13123595621251677
598,909,1507,0.13129610833589678
601,921,1522,0.13136557101817675
594,927,1521,0.13142243923154814
584,929,1513,0.1314915133420835
581,932,1513,0.13157896066369765
589,927,1516,0.1316671073478728
579,930,1509,0.13173154735538867
582,931,1513,0.13181705166167532
581,930,1511,0.131887690704781
583,931,1514,0.1319540358440169
586,927,1513,0.13201063654176914
579,931,1510,0.13205635377137312
579,935,1514,0.13211548683736896
574,941,1515,0.13217099626405118
565,945,1510,0.13223556035029885
570,927,1497,0.13231592737873496
570,938,1508,0.13237817072597843
565,933,1498,0.1324363420721365
566,947,1513,0.13250249407872017
564,939,1503,0.13256303148691145
562,941,1503,0.1326193076288812
560,943,1503,0.13267658574346097
548,948,1496,0.13273665930932263
553,938,1491,0.13282162536688788
551,943,1494,0.13288992732868818
562,940,1502,0.13295734856450797
562,941,1503,0.13299269339528463
567,950,1517,0.13302577792380815
560,952,1512,0.13304157893944168
553,953,1506,0.13307460885457856
544,958,1502,0.1331225613578712
539,957,1496,0.13318962250458502
547,963,1510,0.1332656847317326
549,963,1512,0.1333207475474375
549,970,1519,0.13336680381866398
543,969,1512,0.1334084029767593
537,968,1505,0.13346472478417545
536,990,1526,0.1335334396191449
537,983,1520,0.1335988929771981
534,981,1515,0.13365720507868045
536,981,1517,0.13371852316594843
534,981,1515,0.133770854217307
534,979,1513,0.1338248309800796
533,982,1515,0.133875992916329
536,995,1531,0.13392564912894026
538,994,1532,0.13396389692906635
540,985,1525,0.13399449396591745
532,980,1512,0.13401874172146674
526,976,1502,0.13405953931978304
531,984,1515,0.13411183817942085
529,988,1517,0.13415154844762792
527,980,1507,0.13419417043797152
522,985,1507,0.13423980284409304
527,987,1514,0.13429501386091575
524,978,1502,0.13433326478562552
530,969,1499,0.13437668278462098
528,964,1492,0.1344042245713075
526,977,1503,0.1344297322056488
524,977,1501,0.13445592662349268
521,993,1514,0.13448575376321759
522,987,1509,0.1345223726664061
528,985,1513,0.13455200319336974
527,977,1504,0.13456796978265662
524,981,1505,0.1345865819472788
520,980,1500,0.13461150128424726
519,989,1508,0.1346431244052885
516,980,1496,0.13467631107420497
512,983,1495,0.13471595436613984
515,1003,1518,0.134757269355024
523,995,1518,0.13478907868932666
520,998,1518,0.13479711546508072
522,999,1521,0.13481224079436144
521,993,1514,0.1348206220681547
518,991,1509,0.1348276120761293
517,975,1492,0.13484555288254377
519,990,1509,0.1348644130467308
519,1002,1521,0.13488160350186662
509,1008,1517,0.13489764745881913
505,1011,1516,0.1349359750695354
500,1003,1503,0.1349830416353778
507,994,1501,0.1350389320272753
509,983,1492,0.13507549285602283
505,994,1499,0.13510365275493996
501,998,1499,0.13514061051308382
503,1006,1509,0.13518458169140815
503,1005,1508,0.13522042533483675
503,1005,1508,0.1352542881499982
506,1020,1526,0.13528523560320938
510,1014,1524,0.1353054756932755
507,1015,1522,0.1353146241232722
508,1014,1522,0.13532968003053866
502,1005,1507,0.13534101386009684
511,1008,1519,0.13536381846242015
511,1003,1514,0.1353644908499219
512,1000,1512,0.1353654786234298
509,1001,1510,0.1353637761640811
510,1007,1517,0.1353701084886114
515,1011,1526,0.1353720933585523
517,1010,1527,0.13536162096745324
512,1002,1514,0.13534982291608383
503,1000,1503,0.1353492800750575
495,1004,1499,0.13537189136319075
494,1005,1499,0.13541172268642224
494,1003,1497,0.135450502553435
497,994,1491,0.13548765213809733
493,998,1491,0.1355156759439503
490,1011,1501,0.13555165712949427
486,1013,1499,0.13559374990829787
492,1013,1505,0.13564217009957175
484,1016,1500,0.13567425296520408
487,1020,1507,0.1357235200858641
487,1014,1501,0.13576340075531537
489,1008,1497,0.1358014489760234
484,1012,1496,0.13583388966401294
484,1015,1499,0.13587516498926164
472,1018,1490,0.13591554588301033
479,1023,1502,0.13598111100815205
474,1026,1500,0.1360237956572895
482,1021,1503,0.1360749552949118
486,1024,1510,0.13610162608291176
481,1022,1503,0.13611461696435023
475,1020,1495,0.13613666440243288
475,1022,1497,0.13617296323875064
475,1041,1516,0.13620783578222256
477,1043,1520,0.13624193606342314
470,1052,1522,0.13627084273329879
470,1039,1509,0.1363148123533385
465,1037,1502,0.13635546769205006
468,1041,1509,0.13640670457706022
465,1044,1509,0.13644818579180423
468,1043,1511,0.1364945008079049
461,1041,1502,0.13652975432660042
453,1052,1505,0.13657863008585164
453,1055,1508,0.13664391461716224
446,1057,1503,0.1367056123400766
448,1060,1508,0.13677747702021276
444,1070,1514,0.1368417801381049
437,1070,1507,0.13691241605964366
439,1061,1500,0.1369934395437827
443,1066,1509,0.1370642218072733
437,1073,1510,0.13711983621754886
437,1072,1509,0.13718587972626145
441,1083,1524,0.13724845221669763
439,1079,1518,0.13730003114122089
439,1073,1512,0.13735327944119566
434,1084,1518,0.13740499248467447
433,1085,1518,0.137464688379454
432,1083,1515,0.13752335567411164
432,1089,1521,0.13757943236319317
433,1083,1516,0.13763349644204126
432,1085,1517,0.13768034812864502
434,1083,1517,0.13772598966796543
436,1074,1510,0.1377632411873355
434,1087,1521,0.1377915721562188
441,1085,1526,0.13781819526118133
441,1074,1515,0.1378285959496005
445,1078,1523,0.1378391153588714
435,1076,1511,0.137842629609961
431,1079,1510,0.13786959372125346
427,1078,1505,0.13790416922683718
432,1082,1514,0.13794488528659685
436,1079,1515,0.137972400010731
434,1064,1498,0.1379879301621793
431,1062,1493,0.13800624212317414
429,1068,1497,0.1380278289868982
426,1073,1499,0.13805324286589132
432,1076,1508,0.13808436451248796
438,1076,1514,0.13809771537849258
432,1070,1502,0.1380982758411347
442,1065,1507,0.13810974917261007
448,1061,1509,0.13809642411484754
448,1068,1516,0.13806676114482977
449,1066,1515,0.13803937273421227
435,1072,1507,0.13801264339194702
438,1073,1511,0.13802194809361
443,1068,1511,0.13802484292546238
442,1074,1516,0.13801771992647432
437,1071,1508,0.13801115028308142
432,1074,1506,0.13801940527110573
437,1065,1502,0.13803737289975662
440,1069,1509,0.13804021297303343
440,1071,1511,0.13803517936665763
442,1078,1520,0.13803101662217301
439,1077,1516,0.13802336851385646
447,1073,1520,0.1380256095027142
446,1071,1517,0.138009687588472
445,1066,1511,0.13799701380326337
447,1071,1518,0.13798595261720098
446,1068,1514,0.1379708029206198
443,1077,1520,0.13796034726695797
443,1079,1522,0.13795788242909632
436,1080,1516,0.13795637318665294
437,1074,1511,0.1379717228905429
435,1087,1522,0.13798482843285295
431,1078,1509,0.13799986918664695
432,1082,1514,0.13802419818714143
436,1094,1530,0.13804502389167353
433,1090,1523,0.13805533431753314
429,1096,1525,0.13807228980534134
420,1083,1503,0.13809822055915405
419,1073,1492,0.13814369549334868
422,1079,1501,0.13819083421552428
419,1080,1499,0.1382277466904371
423,1079,1502,0.13826924566020735
416,1080,1496,0.13829538952707454
418,1080,1498,0.13833811894512826
413,1094,1507,0.1383712804380438
416,1090,1506,0.13841388235022092
419,1103,1522,0.13844582811122585
421,1097,1518,0.13846917920735521
417,1091,1508,0.13848664804081884
416,1103,1519,0.13851238118194448
411,1086,1497,0.1385410171834347
407,1092,1499,0.1385778488669668
412,1093,1505,0.1386199773388078
409,1083,1492,0.1386488794867132
403,1080,1483,0.13867985699536917
403,1088,1491,0.1387205008991921
404,1081,1485,0.13875793610974477
413,1080,1493,0.13879056242583493
415,1080,1495,0.13879965588637122
416,1087,1503,0.13880530606461036
406,1070,1476,0.13880902260174277
403,1082,1485,0.13883570741965492
401,1094,1495,0.1388696653233297
403,1101,1504,0.13890618864765047
402,1111,1513,0.13893674497926883
404,1112,1516,0.13896914182386763
408,1101,1509,0.13899405051005462
407,1104,1511,0.13900680996694934
412,1105,1517,0.13902187637738053
406,1094,1500,0.13902305678487534
405,1089,1494,0.13904069363840293
399,1103,1502,0.13906130312558368
392,1109,1501,0.13909336074007633
396,1109,1505,0.13914156820688828
401,1098,1499,0.13917613396804143
404,1098,1502,0.13919330790887424
396,1101,1497,0.13920208836943046
393,1105,1498,0.13923013850391314
400,1109,1509,0.13926507760639684
399,1110,1509,0.13928188184356313
400,1123,1523,0.1392997391223245
391,1116,1507,0.13931089506077993
394,1109,1503,0.13934296168101015
396,1104,1500,0.13936722476227534
398,1115,1513,0.13938357437145182
390,1105,1495,0.1393963018534869
390,1116,1506,0.13942711795418855
395,1122,1517,0.1394544670844199
400,1133,1533,0.1394707208576318
391,1132,1523,0.1394731433727017
387,1132,1519,0.1394975336241619
385,1129,1514,0.1395292016932745
387,1134,1521,0.13956530462746017
389,1121,1510,0.13959505578400502
392,1125,1517,0.1396188287110201
390,1128,1518,0.13963490607413995
384,1128,1512,0.13965213501000162
390,1134,1524,0.13968176070091584
387,1137,1524,0.1396953448832932
389,1131,1520,0.13971523453867996
392,1133,1525,0.1397272959044021
391,1121,1512,0.1397326219734669
389,1122,1511,0.13973939906572197
386,1119,1505,0.13974949088054323
387,1116,1503,0.13976654898560267
387,1114,1501,0.13977913109318962
389,1116,1505,0.13979048321408924
391,1127,1518,0.13979632659807517
389,1131,1520,0.13979715386091854
386,1131,1517,0.1398029719178994
381,1125,1506,0.13981574690233783
382,1132,1514,0.13984050811967108
381,1135,1516,0.13986212614737054
384,1130,1514,0.13988637580365915
383,1126,1509,0.13990377211751925
379,1124,1503,0.1399211906175019
376,1133,1509,0.1399470554348497
376,1142,1518,0.1399777385209485
368,1150,1518,0.14000824927242259
372,1140,1512,0.1400512685265363
377,1137,1514,0.14008495019557263
380,1150,1530,0.1401040644575489
378,1148,1526,0.14011525280864892
372,1153,1525,0.14013315131504486
379,1150,1529,0.1401641630517338
374,1161,1535,0.14017655222547817
369,1150,1519,0.14019867960356705
373,1154,1527,0.14023138228058854
375,1148,1523,0.14025319422124322
371,1141,1512,0.14026849790056128
374,1147,1521,0.14029192456646142
373,1143,1516,0.14030550310648224
365,1140,1505,0.14032130287254788
372,1140,1512,0.14035460254175697
372,1128,1500,0.140369518956528
377,1135,1512,0.1403792228572279
376,1140,1516,0.1403784471633751
378,1138,1516,0.14037590345223325
382,1137,1519,0.14037091237364485
377,1130,1507,0.14035937231978987
376,1127,1503,0.1403596097071752
379,1127,1506,0.14036302896614825
382,1132,1514,0.1403599200929772
380,1143,1523,0.14035163289362776
383,1142,1525,0.14034710360737457
377,1136,1513,0.14033533501031534
360,1146,1506,0.1403392957509299
361,1150,1511,0.14038247423709932
360,1158,1518,0.14041707216767985
356,1143,1499,0.14045250763129066
360,1144,1504,0.1404951722291366
372,1147,1519,0.14052416609938503
371,1149,1520,0.1405219397177986
372,1152,1524,0.1405212762974511
376,1140,1516,0.1405182906529114
376,1127,1503,0.14050914131115375
368,1142,1510,0.1404996688636853
361,1153,1514,0.14051254056870202
362,1130,1492,0.14054096808853275
360,1141,1501,0.1405637519448894
364,1143,1507,0.14058960588259126
357,1135,1492,0.14060477034618177
365,1140,1505,0.14063570777861945
364,1155,1519,0.14064403702893233
360,1151,1511,0.14065750538541663
361,1152,1513,0.14067928039100797
362,1154,1516,0.1406977869340716
359,1149,1508,0.14071281460976837
357,1153,1510,0.14073294625005991
359,1148,1507,0.14075608914380028
362,1151,1513,0.14077162825446693
367,1154,1521,0.14077838214117364
372,1153,1525,0.14077350143709624
369,1150,1519,0.14075384348289688
363,1145,1508,0.1407439504149601
364,1145,1509,0.14074851797882615
364,1147,1511,0.14074733034340556
369,1143,1512,0.14074804885881104
365,1139,1504,0.14073655479558578
356,1142,1498,0.14073686823260395
359,1125,1484,0.14075781771073317
361,1132,1493,0.14077079195650619
363,1137,1500,0.14077888872582178
365,1145,1510,0.14078350056879724
362,1149,1511,0.1407816864670587
357,1147,1504,0.14078929978828503
354,1143,1497,0.14080718676243364
359,1153,1512,0.14083135463992935
360,1158,1518,0.1408399428797223
362,1159,1521,0.14084466429094578
362,1145,1507,0.14084590944801453
361,1147,1508,0.14084622282959425
355,1162,1517,0.14085044824353757
353,1170,1523,0.14086816134903488
350,1155,1505,0.14088940223960233
351,1155,1506,0.14091623324876215
345,1166,1511,0.14094006322076746
347,1171,1518,0.14097832182021855
345,1165,1510,0.14101153448371015
344,1186,1530,0.14104724472146668
340,1179,1519,0.141082932298079
336,1167,1503,0.14112517679888043
337,1165,1502,0.1411756017083924
331,1163,1494,0.14121989705877744
331,1170,1501,0.1412761485160126
334,1180,1514,0.14132678239696927
334,1177,1511,0.14136568088809912
331,1179,1510,0.1414020737612993
331,1175,1506,0.14144307835688694
328,1184,1512,0.14148114153083957
329,1191,1520,0.1415231155726121
331,1194,1525,0.14155991141255028
332,1190,1522,0.1415898731240576
327,1195,1522,0.1416176848129843
328,1203,1531,0.1416538019230517
330,1195,1525,0.1416858447348837
329,1181,1510,0.14171125396188086
330,1186,1516,0.14173712568076632
323,1178,1501,0.14175867150281288
322,1188,1510,0.14179467482890867
323,1178,1501,0.1418287452744484
319,1185,1504,0.14185685083590127
320,1188,1508,0.14189386732711495
317,1195,1512,0.14192620294101535
311,1194,1505,0.14196265192772292
322,1186,1508,0.1420095518244706
327,1188,1515,0.14202775386058286
324,1177,1501,0.14203203753022728
322,1184,1506,0.14204383348908498
321,1181,1502,0.1420598301341192
320,1181,1501,0.1420782421168684
325,1188,1513,0.14209778906641213
325,1181,1506,0.14210632300335127
330,1182,1512,0.14211312979699803
331,1180,1511,0.14210634987041093
326,1185,1511,0.14209741781977994
325,1184,1509,0.14210365455635265
317,1182,1499,0.14210780071221327
312,1192,1504,0.1421300752534222
308,1196,1504,0.14216372573630562
313,1206,1519,0.1422043605499428
311,1189,1500,0.14223029219643282
316,1187,1503,0.1422588811672002
316,1186,1502,0.14227442139094557
316,1189,1505,0.14228963989634866
310,1190,1500,0.1423057779660449
311,1197,1508,0.14233449710307364
312,1204,1516,0.14236136150445408
308,1213,1521,0.1423846222567175
307,1211,1518,0.14241586448943677
303,1215,1518,0.142447968561764
309,1218,1527,0.14248715533382028
308,1222,1530,0.14250680146908856
309,1218,1527,0.14252786145605748
302,1215,1517,0.14254587851323927
297,1225,1522,0.14258014464901955
298,1220,1518,0.14262317759247092
293,1206,1499,0.1426632645437986
295,1208,1503,0.14271214258083895
292,1200,1492,0.1427547894117279
298,1207,1505,0.1428021100757898
295,1202,1497,0.14283186845458162
296,1217,1513,0.1428646967990352
288,1204,1492,0.1428943555154087
287,1202,1489,0.14294037590280528
286,1215,1501,0.1429855898829603
286,1217,1503,0.1430305261227477
287,1215,1502,0.14307108709503183
282,1213,1495,0.14310576069179487
284,1214,1498,0.14315045029534898
283,1219,1502,0.14318668147562927
284,1221,1505,0.14322379229356355
287,1227,1514,0.1432554609988256
286,1225,1511,0.14327808454083146
287,1223,1510,0.14330224934647126
288,1213,1501,0.14332293109561664
291,1226,1517,0.14334010815331555
290,1227,1517,0.1433498856597127
291,1230,1521,0.14336013511252724
294,1236,1530,0.14336734834231094
298,1231,1529,0.1433668460477911
296,1230,1526,0.1433549091810728
295,1225,1520,0.14334915586640648
286,1215,1501,0.14334831838543063
292,1207,1499,0.14337001492080576
292,1205,1497,0.1433741031569583
291,1209,1500,0.14337861995462625
293,1212,1505,0.14338429943119432
293,1209,1502,0.14338392556122095
294,1212,1506,0.14338298602981833
296,1220,1516,0.14337880057567545
295,1217,1512,0.14336999768528674
297,1213,1510,0.14336414418281182
299,1222,1521,0.14335142748319232
302,1220,1522,0.14333443599859305
302,1204,1506,0.1433134729754419
301,1207,1508,0.14329554489758464
301,1217,1518,0.1432833004626059
299,1222,1521,0.14326948766202535
299,1223,1522,0.14326162321933078
300,1198,1498,0.1432540414362838
305,1205,1510,0.14324326843519786
300,1207,1507,0.14321946695462112
296,1211,1507,0.1432095278593788
296,1203,1499,0.14321210352844627
295,1208,1503,0.1432152492485562
298,1217,1515,0.14322043298543768
304,1212,1516,0.14321999229595198
303,1211,1514,0.14320369745137537
304,1215,1519,0.14318943934314887
301,1215,1516,0.1431727737708382
305,1220,1525,0.14316730952426307
306,1219,1525,0.14315320066625095
297,1219,1516,0.14313716642964952
302,1228,1530,0.14314239037145154
300,1228,1528,0.1431357431059237
301,1237,1538,0.14313450050382456
297,1236,1533,0.14313231208018948
295,1230,1525,0.14313785807776486
292,1222,1514,0.14314857980493778
286,1225,1511,0.1431647508614311
294,1226,1520,0.1431949136136579
289,1220,1509,0.14320310459665067
290,1215,1505,0.1432238600580305
291,1209,1500,0.1432405266676202
292,1212,1504,0.14325343085249048
289,1213,1502,0.14326371506420327
297,1212,1509,0.14328127046574174
292,1226,1518,0.1432775701197857
293,1229,1522,0.1432872172271719
292,1231,1523,0.14329574404348194
292,1221,1513,0.1433054738094055
295,1219,1514,0.14331592615841804
288,1223,1511,0.1433173411428321
295,1209,1504,0.1433346405680984
297,1203,1500,0.14333276567522849
303,1210,1513,0.14332611358759265
307,1205,1512,0.14330304755946266
307,1206,1513,0.14327119014491888
308,1196,1504,0.14324325947855976
304,1207,1511,0.1432176045741621
304,1200,1504,0.14320082563407
304,1205,1509,0.14318436973198817
304,1212,1516,0.14316963479050743
308,1217,1525,0.1431560379409705
310,1217,1527,0.1431338069876732
308,1216,1524,0.1431089192764069
311,1220,1531,0.14309113952435454
316,1210,1526,0.143068768977319
315,1212,1527,0.14303561323697042
307,1217,1524,0.14300662204887465
304,1208,1512,0.14299937685769407
309,1194,1503,0.14299972184630425
309,1198,1507,0.14298805861732994
304,1193,1497,0.14297636824528717
301,1207,1508,0.14297747381496528
297,1207,1504,0.14298418467842391
296,1210,1506,0.14300139722396982
295,1205,1500,0.14301942317852506
300,1215,1515,0.1430380472697116
296,1204,1500,0.14304546518856842
297,1220,1517,0.1430596356595284
297,1217,1514,0.14306839694959347
297,1224,1521,0.1430789014131793
300,1227,1527,0.1430893894675589
295,1219,1514,0.14309192862612277
292,1226,1518,0.14310559004642953
298,1232,1530,0.1431251531172186
300,1224,1524,0.1431284360697623
298,1225,1523,0.14312931061336007
293,1213,1506,0.1431331300258962
292,1210,1502,0.143148674459061
290,1220,1510,0.1431661134794626
291,1230,1521,0.1431888722035917
288,1222,1510,0.14320779999129926
290,1231,1521,0.1432307701188521
291,1233,1524,0.14324776503571005
285,1227,1512,0.14326021912182998
282,1221,1503,0.14328519184321686
281,1236,1517,0.14331682957257624
278,1222,1500,0.1433482428582452
275,1241,1516,0.1433862436318493
274,1245,1519,0.14342883832395334
267,1241,1508,0.14346984200864438
264,1247,1511,0.14352330154605997
268,1255,1523,0.143580801941584
271,1247,1518,0.1436272054801509
267,1253,1520,0.1436643711605066
266,1258,1524,0.14370976429036333
262,1247,1509,0.14375537976451278
261,1254,1515,0.14380680226462028
263,1252,1515,0.14385627652774552
259,1254,1513,0.14389766247102614
262,1254,1516,0.1439451849538038
269,1239,1508,0.14398125998649894
267,1235,1502,0.1439963974150065
270,1232,1502,0.14401525703603021
268,1225,1493,0.14402293938346625
267,1229,1496,0.14403497630027023
267,1243,1510,0.14404977170524558
260,1256,1516,0.14406378099265998
266,1248,1514,0.14409447742367593
259,1250,1509,0.14411005613539532
260,1247,1507,0.144141341487044
261,1248,1509,0.14416934104801576
262,1255,1517,0.14419219942712247
256,1254,1510,0.14421189474673443
258,1242,1500,0.14424539345350892
266,1246,1512,0.14427117755301996
262,1253,1515,0.14427308257399551
265,1271,1536,0.1442841780277893
263,1261,1524,0.14428784815784426
259,1249,1508,0.14429713466974264
256,1261,1517,0.14431541607447776
260,1246,1506,0.14433874763379506
259,1239,1498,0.1443521718694394
260,1251,1511,0.14436798247663926
267,1262,1529,0.14437758662424485
266,1266,1532,0.14436781676979887
262,1259,1521,0.14436314085992671
258,1255,1513,0.1443660913986298
256,1257,1513,0.144378395305013
259,1257,1516,0.14439347580594425
257,1252,1509,0.1444010399425585
249,1261,1510,0.14441328442004145
251,1272,1523,0.14444389967447566
246,1276,1522,0.1444693046567036
252,1281,1533,0.14450410583101614
253,1261,1514,0.14452335049282336
261,1262,1523,0.14453780954454318
259,1263,1522,0.14453253142533262
257,1266,1523,0.14453035369274617
250,1263,1513,0.14453475329721718
247,1265,1512,0.1445568468476339
248,1272,1520,0.14458499894013802
242,1282,1524,0.14460978150450615
244,1282,1526,0.14464811686954768
242,1277,1519,0.14467882796868295
238,1276,1514,0.1447136158193988
239,1275,1514,0.14475653952513556
240,1277,1517,0.14479339345454925
242,1264,1506,0.14482628251316887
243,1267,1510,0.1448524203785005
240,1272,1512,0.1448762173026027
238,1267,1505,0.14490410404754595
229,1274,1503,0.14493676572852063
229,1272,1501,0.14498766394052304
236,1276,1512,0.14503355952034577
238,1277,1515,0.14506094960229368
236,1279,1515,0.1450820839837827
239,1272,1511,0.1451051021940945
246,1287,1533,0.14511851548924118
241,1279,1520,0.1451159460481028
236,1281,1517,0.14512559970640224
234,1274,1508,0.14514770490185286
235,1283,1518,0.14517342366634986
230,1289,1519,0.1451954475829224
231,1286,1517,0.14522751272030895
229,1275,1504,0.14525562891476343
232,1283,1515,0.14528547202425032
230,1282,1512,0.14530405206742958
229,1289,1518,0.14532680542315948
227,1295,1522,0.1453511683269205
223,1290,1513,0.14537588388639347
225,1283,1508,0.14540694389597797
229,1276,1505,0.1454311727770296
228,1283,1511,0.14544525838259798
221,1266,1487,0.14546187810449498
223,1275,1498,0.14549499178100422
225,1280,1505,0.14552184238272586
229,1283,1512,0.14554040709508267
225,1295,1520,0.1455510998740749
220,1296,1516,0.14556891316983106
220,1282,1502,0.1455995207617239
218,1285,1503,0.14562775258355717
220,1284,1504,0.14565645737222105
221,1287,1508,0.14567930939283172
221,1282,1503,0.14569771166793719
217,1283,1500,0.14571456590225085
220,1277,1497,0.14574034678482203
222,1272,1494,0.145757224455479
214,1290,1504,0.14576815374076607
216,1282,1498,0.14579701697518835
218,1293,1511,0.1458216460899097
219,1292,1511,0.14584013431475903
215,1292,1507,0.14585524021214408
215,1301,1516,0.14587877650722555
217,1296,1513,0.14590036724836
219,1293,1512,0.14591789718004605
218,1297,1515,0.14592971791258866
220,1279,1499,0.1459431961460733
219,1290,1509,0.14595155135651663
221,1294,1515,0.1459605223084772
220,1288,1508,0.1459656771790252
222,1300,1522,0.14597156345016593
215,1312,1527,0.14597381802088727
214,1312,1526,0.14599288154623852
213,1311,1524,0.14601141138570517
212,1312,1524,0.14603006836698015
215,1317,1532,0.14605148991295155
212,1311,1523,0.14606482652219493
213,1303,1516,0.14608272574688105
214,1293,1507,0.14609695589306082
210,1292,1502,0.14610569470207818
209,1307,1516,0.1461249976746486
212,1313,1525,0.14614733808834696
212,1307,1519,0.14616205704455063
212,1293,1505,0.14617276072475424
217,1300,1517,0.14618395659355785
217,1310,1527,0.14617988426917233
217,1289,1506,0.14617484165747688
219,1293,1512,0.14617018097304768
224,1296,1520,0.1461589411249475
224,1289,1513,0.146133918294706
221,1298,1519,0.1461109465190761
219,1300,1519,0.14609734404985444
220,1300,1520,0.14609009727535846
227,1290,1517,0.14608249929330927
221,1295,1516,0.14605684511254668
214,1301,1515,0.14604888351621662
213,1312,1525,0.14605879100378216
212,1311,1523,0.14607225849966368
216,1297,1513,0.14608813174694948
219,1287,1506,0.14609492318078365
218,1290,1508,0.14609393924537387
219,1292,1511,0.14609345632996143
217,1295,1512,0.14609030743856194
218,1296,1514,0.14609266846805932
218,1282,1500,0.14609361445563887
214,1280,1494,0.1460948629200763
212,1276,1488,0.14610582762896124
214,1279,1493,0.1461219026777382
218,1279,1497,0.14613180610254603
216,1281,1497,0.14612870664630456
214,1277,1491,0.14612907035757286
210,1276,1486,0.14613350070746897
214,1287,1501,0.14614842741378456
215,1291,1506,0.14615080874041295
210,1294,1504,0.14615228298211969
210,1301,1511,0.14616599030321495
209,1301,1510,0.1461782943413458
208,1288,1496,0.14619171082583
206,1290,1496,0.1462083238776028
208,1299,1507,0.14622872298875653
211,1294,1505,0.1462440307632544
210,1308,1518,0.14625084488734713
206,1306,1512,0.1462603291954251
206,1296,1502,0.14627925219186402
208,1301,1509,0.14629758616334068
213,1303,1516,0.14630825999651845
212,1292,1504,0.14630685820511807
213,1293,1506,0.14630751845010148
211,1316,1527,0.14630700303502267
212,1306,1518,0.14631121757000945
210,1314,1524,0.14631362290775868
209,1311,1520,0.146321389161216
211,1305,1516,0.14633144134031156
208,1308,1516,0.14633656906176198
206,1330,1536,0.14634945663781299
205,1323,1528,0.14636436442650383
200,1332,1532,0.14638107462439773
198,1332,1530,0.14640941088512568
200,1327,1527,0.14644087907920425
204,1331,1535,0.1464646754190546
200,1325,1525,0.1464772247411632
200,1322,1522,0.14649886291904773
202,1310,1512,0.14651976628209387
201,1318,1519,0.1465337418332414
200,1323,1523,0.14654837143432295
199,1318,1517,0.14656420215786037
196,1324,1520,0.14658068890840822
198,1327,1525,0.146603852586842
200,1333,1533,0.1466225694068617
198,1344,1542,0.14663492466150863
198,1324,1522,0.14665049067392563
196,1321,1517,0.14666539857577546
192,1322,1514,0.14668354585686286
193,1333,1526,0.14671159694062802
188,1336,1524,0.1467359143216443
184,1341,1525,0.14676859177777105
177,1335,1512,0.1468101811894212
175,1334,1509,0.1468652293468688
176,1338,1514,0.1469190139825136
173,1324,1497,0.14696823138822293
173,1341,1514,0.14702161920217877
172,1357,1529,0.14707091110683507
170,1350,1520,0.14712082058588435
169,1351,1520,0.1471728695468415
167,1363,1530,0.14722415413720483
167,1363,1530,0.1472766532795796
160,1360,1520,0.1473267918978722
157,1352,1509,0.14738959013607364
157,1349,1506,0.1474559904925104
151,1348,1499,0.14751823441546652
150,1361,1511,0.14758997729711054
149,1366,1515,0.14765921290755762
148,1365,1513,0.14772575107741237
149,1364,1513,0.14779050366783672
143,1374,1517,0.1478490921223777
146,1376,1522,0.1479166301893926
144,1381,1525,0.14797227639267704
145,1371,1516,0.14802926042561232
142,1374,1516,0.14808067142280876
143,1377,1520,0.14813633131035706
140,1377,1517,0.14818634510882356
139,1368,1507,0.14824021046644023
138,1379,1517,0.1482907650672702
134,1378,1512,0.14834124661310988
135,1381,1516,0.14839822079854165
135,1393,1528,0.14844771149160052
137,1392,1529,0.14849207580043486
136,1372,1508,0.14852910584294496
131,1380,1511,0.14856653213026635
127,1387,1514,0.14861359930854337
127,1388,1515,0.14866718312973315
130,1398,1528,0.14871707276730117
129,1403,1532,0.14875657855965055
128,1396,1524,0.14879599544771088
127,1399,1526,0.14883473011652357
127,1394,1521,0.14887383890992514
127,1398,1525,0.14891060170025366
125,1395,1520,0.14894551025699931
127,1408,1535,0.1489835014717254
126,1395,1521,0.14901425841748167
127,1378,1505,0.14904590600160866
124,1393,1517,0.14907428396786418
125,1391,1516,0.1491078608273091
120,1400,1520,0.14913660919034133
118,1393,1511,0.14917438808024863
119,1385,1504,0.14921451093256302
122,1389,1511,0.14924855670018522
123,1389,1512,0.14927268305511154
123,1392,1515,0.14929131358595416
120,1395,1515,0.14930827335682698
123,1398,1521,0.14933179290863793
121,1396,1517,0.1493454922964789
124,1389,1513,0.14936312936594848
124,1401,1525,0.14937105247394566
120,1394,1514,0.1493774717244138
121,1399,1520,0.14939442984395687
119,1388,1507,0.14940745102601607
118,1376,1494,0.14942486254528917
122,1377,1499,0.14944351796719635
121,1380,1501,0.14945133562495938
121,1370,1491,0.14946072534441715
121,1383,1504,0.1494692055664267
118,1384,1502,0.1494764049509412
118,1393,1511,0.14949084927637954
111,1411,1522,0.14950480348603942
110,1394,1504,0.14953435200684015
110,1386,1496,0.14956588137405397
113,1402,1515,0.14959604650548708
116,1392,1508,0.14961767493323186
113,1390,1503,0.1496307309042503
110,1400,1510,0.14964992951438957
110,1397,1507,0.1496738264978901
110,1395,1505,0.14969636360302677
110,1400,1510,0.14971790422071746
108,1403,1511,0.1497383863218143
105,1397,1502,0.14976155355006118
107,1390,1497,0.149790788203947
104,1392,1496,0.14981382418493902
104,1400,1504,0.14984349753415033
101,1413,1514,0.14986940221811743
96,1410,1506,0.1499012770667861
94,1414,1508,0.1499423847874356
97,1426,1523,0.14998491293944313
95,1428,1523,0.1500178408991391
94,1419,1513,0.1500529294069736
94,1414,1508,0.15008833646734654
99,1433,1532,0.1501222971901354
96,1425,1521,0.1501413596443427
94,1423,1517,0.15016668965144647
91,1425,1516,0.15019599055273342
89,1427,1516,0.15023124221426726
85,1444,1529,0.15026944726685934
85,1440,1525,0.15031415692195274
85,1425,1510,0.15035688388337218
82,1417,1499,0.15039773240187926
82,1424,1506,0.15044347651880607
81,1437,1518,0.15048571961477417
81,1427,1508,0.15052619117417912
82,1442,1524,0.15056356096494028
82,1429,1511,0.15059706692643163
82,1431,1513,0.15062924885753035
81,1435,1516,0.15065901958676023
82,1438,1520,0.15068982161814665
81,1445,1526,0.1507161880564356
83,1443,1526,0.15074314600365998
83,1445,1528,0.15076309035816973
85,1440,1525,0.1507816768102316
86,1447,1533,0.1507931699093498
89,1441,1530,0.15080081105205634
89,1431,1520,0.1508013880696054
91,1437,1528,0.15080285588038084
88,1444,1532,0.15079884557725765
87,1416,1503,0.15080271838315515
82,1412,1494,0.15080836842206063
80,1418,1498,0.15082608719557272
80,1415,1495,0.1508483172683588
79,1420,1499,0.15086975142357542
80,1428,1508,0.15089264661566668
78,1443,1521,0.15091197312331178
79,1449,1528,0.1509349801144234
79,1453,1532,0.15095388481715982
79,1436,1515,0.15097204395327757
78,1444,1522,0.1509886940139158
78,1445,1523,0.15100768720835317
77,1447,1524,0.15102479171358296
77,1441,1518,0.15104351737508503
77,1445,1522,0.1510615605939211
74,1447,1521,0.15107844098931417
76,1437,1513,0.1511011630998479
76,1434,1510,0.15111735313054267
76,1440,1516,0.15113287562467465
75,1442,1517,0.1511466018084013
75,1430,1505,0.15116196560723086
76,1433,1509,0.15117654625590204
77,1442,1519,0.15118527366821743
78,1430,1508,0.15118915690630563
76,1429,1505,0.15119107252966868
77,1424,1501,0.15119808150999148
77,1415,1492,0.15120137530490596
75,1415,1490,0.15120231101439152
70,1425,1495,0.15120946856684092
71,1432,1503,0.1512289435062954
74,1444,1518,0.1512441643313913
77,1435,1512,0.15125027606668476
76,1431,1507,0.15124957852978593
78,1442,1520,0.15125210268085282
79,1452,1531,0.15124936523927018
77,1440,1517,0.15124472519472648
80,1429,1509,0.1512458491226163
80,1432,1512,0.15123838920329707
80,1432,1512,0.1512311292414465
80,1429,1509,0.15122491123313225
80,1426,1506,0.15121900328408186
76,1429,1505,0.15121465839410164
75,1442,1517,0.15122013199336287
76,1448,1524,0.15122755934786258
74,1441,1515,0.15123190762021227
74,1449,1523,0.15124130835669264
71,1440,1511,0.15124986842375227
72,1439,1511,0.15126486010511841
74,1438,1512,0.15127639661220604
74,1435,1509,0.15128185688341625
74,1430,1504,0.15128652487275565
74,1437,1511,0.15128997470805364
75,1437,1512,0.15129424377608192
74,1448,1522,0.15129646869463045
72,1440,1512,0.15130103256826277
73,1439,1512,0.15131041807279222
72,1432,1504,0.1513173139983632
69,1436,1505,0.1513262222230742
69,1431,1500,0.15134247305224935
69,1434,1503,0.15135703854981133
68,1450,1518,0.15136972213112831
66,1437,1503,0.15138454177812008
69,1432,1501,0.1514034601487363
66,1442,1508,0.15141399969417257
68,1445,1513,0.15143170937540465
69,1445,1514,0.15144408868799925
67,1453,1520,0.1514515508819434
69,1455,1524,0.15146365033016213
67,1449,1516,0.15147094842042022
67,1450,1517,0.15148284326025213
69,1431,1500,0.1514933661269323
67,1451,1518,0.1514984190743408
66,1458,1524,0.15150815523273997
65,1461,1526,0.1515201474711958
67,1454,1521,0.15153463229363165
66,1458,1524,0.15154053317450225
62,1459,1521,0.1515487471512093
64,1442,1506,0.1515665463615314
62,1452,1514,0.15157837320216858
60,1449,1509,0.1515942302510541
62,1453,1515,0.1516142284037035
60,1459,1519,0.1516288530844774
60,1462,1522,0.15164741057491096
59,1457,1516,0.15166488197761072
59,1461,1520,0.15168270868021316
60,1468,1528,0.15170006334392067
56,1482,1538,0.15171455142953025
54,1476,1530,0.1517371850045444
57,1473,1530,0.15176278905186227
56,1463,1519,0.15178053713229286
55,1462,1517,0.15179875745175583
55,1454,1509,0.15181838450685553
54,1453,1507,0.151836933870884
54,1450,1504,0.15185634031266357
56,1459,1515,0.1518743937555023
57,1453,1510,0.15188598338049053
58,1455,1513,0.15189415415451393
59,1460,1519,0.15189860267833738
58,1465,1523,0.15190064661808286
58,1458,1516,0.151905476649283
58,1463,1521,0.15190949849626087
57,1448,1505,0.15191361474064854
55,1459,1514,0.1519200183193842
55,1450,1505,0.1519309544127156
51,1457,1508,0.151939704382539
50,1460,1510,0.15195744033838124
51,1456,1507,0.1519768519277002
51,1464,1515,0.15199325327627247
53,1461,1514,0.1520093804622571
52,1453,1505,0.152019535556415
48,1453,1501,0.15203183868608167
48,1460,1508,0.15205353561606064
47,1470,1517,0.15207401488888314
49,1473,1522,0.15209571369743144
49,1461,1510,0.15211153938484961
49,1459,1508,0.1521255707436956
46,1459,1505,0.1521384080373869
46,1460,1506,0.15215755439705783
46,1458,1504,0.15217554030525274
46,1461,1507,0.15219158498475863
46,1469,1515,0.1522064736103681
48,1472,1520,0.1522197462628644
49,1482,1531,0.15222798464623416
48,1474,1522,0.15223308280361805
49,1480,1529,0.15224058022264036
50,1483,1533,0.15224401296812978
47,1481,1528,0.1522448048970166
44,1472,1516,0.15225261802390913
44,1478,1522,0.1522669912218777
44,1469,1513,0.15228103428430345
46,1465,1511,0.15229459046801772
49,1458,1507,0.15230222420310718
49,1467,1516,0.15230107805220439
49,1466,1515,0.15230071577177415
47,1455,1502,0.1523006636075569
47,1472,1519,0.15230576709552301
46,1479,1525,0.15231110050580787
45,1471,1516,0.15231881439264167
44,1479,1523,0.15232863911988323
43,1479,1522,0.15234043072499395
42,1471,1513,0.15235402547887883
40,1480,1520,0.1523692350868061
41,1482,1523,0.15238828793223877
41,1478,1519,0.15240406214061816
39,1475,1514,0.15241880525326323
38,1475,1513,0.15243719002154646
37,1459,1496,0.15245698175174233
38,1464,1502,0.15247671375097466
38,1457,1495,0.15249255896583333
38,1475,1513,0.1525077765833541
37,1473,1510,0.15252237212571448
38,1486,1524,0.1525384797287672
36,1483,1519,0.15255116198397356
34,1471,1505,0.1525676742951215
34,1471,1505,0.1525877073799246
35,1460,1495,0.15260563964844767
36,1476,1512,0.15262051741697077
35,1497,1532,0.15263095680727182
34,1495,1529,0.15264348820602602
35,1487,1522,0.1526578625954471
32,1491,1523,0.15266842702298664
32,1494,1526,0.15268520765467916
32,1500,1532,0.15270102342055922
33,1498,1531,0.1527161761758663
33,1501,1534,0.1527280660984499
31,1487,1518,0.15273957475283592
29,1481,1510,0.15275498212950034
29,1471,1500,0.15277460766968012
30,1493,1523,0.15279337029523268
30,1487,1517,0.15280745047760155
32,1496,1528,0.15282006511853516
33,1503,1536,0.1528273410234053
33,1482,1515,0.1528312830140166
34,1475,1509,0.1528351561410555
34,1471,1505,0.15283729670180668
34,1472,1506,0.1528396856664838
33,1485,1518,0.1528416646921876
34,1488,1522,0.15284642552796465
33,1488,1521,0.1528485804046181
35,1490,1525,0.15285304812122877
36,1491,1527,0.1528499937131807
36,1483,1519,0.15284498486415457
35,1475,1510,0.15284064240465306
35,1471,1506,0.15283924616077854
36,1470,1506,0.15283814625020697
35,1491,1526,0.15283523409185068
36,1493,1529,0.1528352803395743
36,1499,1535,0.1528323274041454
37,1493,1530,0.15282890428011345
38,1493,1531,0.152823068547391
38,1491,1529,0.15281488686258457
38,1474,1512,0.15280781298495108
39,1477,1516,0.15280111473785804
38,1489,1527,0.1527921251537927
38,1482,1520,0.15278600031382383
38,1490,1528,0.15278078423611594
37,1488,1525,0.15277642786724338
37,1493,1530,0.1527744258707987
37,1488,1525,0.15277304383398618
35,1489,1524,0.1527721960500631
35,1487,1522,0.15277617943680674
36,1504,1540,0.15278027859966242
36,1492,1528,0.15278103263606535
34,1496,1530,0.15278215400787526
33,1488,1521,0.15278803852115208
33,1489,1522,0.15279606175165925
36,1488,1524,0.15280212426545972
35,1486,1521,0.15279996499551599
38,1487,1525,0.15280081358116632
37,1474,1511,0.15279416204313065
36,1466,1502,0.15279009436267751
33,1483,1516,0.15278954599704753
34,1493,1527,0.15279678911327374
32,1493,1525,0.15280068036306715
35,1481,1516,0.15280915469516476
34,1476,1510,0.1528094352443111
32,1497,1529,0.15281322016737042
30,1485,1515,0.152821467865369
30,1482,1512,0.15283382141229943
32,1476,1508,0.15284572140543584
34,1494,1528,0.15285160855185168
33,1489,1522,0.15285254386082514
30,1484,1514,0.1528559783959283
30,1457,1487,0.15286625204931828
28,1477,1505,0.15287607575402748
29,1468,1497,0.15289058435802164
30,1476,1506,0.1529000267690691
29,1476,1505,0.15290597549402515
29,1482,1511,0.15291433305125376
31,1491,1522,0.15292162731038117
32,1488,1520,0.1529238806127292
30,1484,1514,0.15292339133235505
30,1477,1507,0.15292806758710062
33,1483,1516,0.1529328976841703
33,1475,1508,0.15293021523302364
31,1476,1507,0.15292765268415423
30,1480,1510,0.15293005089697703
31,1492,1523,0.15293390891734407
33,1465,1498,0.1529357945901581
33,1452,1485,0.15293238366857143
33,1471,1504,0.1529297008078071
33,1473,1506,0.15292765159373248
33,1474,1507,0.15292534989806433
35,1467,1502,0.15292327828195276
37,1476,1513,0.1529151995585942
38,1472,1510,0.1529015807827973
38,1474,1512,0.1528870266146318
36,1469,1505,0.15287411664178852
35,1471,1506,0.15286658235450556
35,1473,1508,0.15286242117559742
35,1473,1508,0.15285949589116193
39,1474,1513,0.15285723725513065
39,1482,1521,0.15284418079567216
37,1471,1508,0.15283258390248033
38,1475,1513,0.15282570780165824
37,1471,1508,0.15281601763891817
35,1474,1509,0.15281017815707315
35,1470,1505,0.152809388278412
36,1478,1514,0.1528081280783055
36,1475,1511,0.15280515085241325
37,1486,1523,0.15280295560686305
37,1485,1522,0.15279813933004316
36,1486,1522,0.15279421477156782
36,1496,1532,0.15279226389466877
36,1482,1518,0.1527910107309508
38,1490,1528,0.15278900789711455
38,1486,1524,0.152781638954522
36,1473,1509,0.1527761834921714
35,1485,1520,0.15277601082383963
35,1482,1517,0.1527784812589446
37,1482,1519,0.15278127176818893
37,1474,1511,0.1527789169974894
37,1460,1497,0.1527771943867596
34,1475,1509,0.15277494902959887
34,1476,1510,0.15278004368665044
34,1474,1508,0.1527852593312276
32,1480,1512,0.15278918928418073
31,1483,1514,0.15279788045746157
34,1488,1522,0.15280864417482656
33,1486,1519,0.1528109597775783
33,1473,1506,0.15281587463837765
34,1477,1511,0.15282093553970547
34,1474,1508,0.15282352291490187
33,1481,1514,0.15282635717640758
33,1491,1524,0.15283154379838088
33,1486,1519,0.1528367445146001
32,1487,1519,0.15284078102130594
30,1489,1519,0.15284710184100136
30,1476,1506,0.15285770791620512
31,1486,1517,0.15286797157255377
30,1475,1505,0.1528746346815491
31,1484,1515,0.15288341984123455
29,1488,1517,0.15288955322411887
32,1483,1515,0.1529001704031069
31,1486,1517,0.15290215011644506
31,1482,1513,0.15290723027033348
31,1477,1508,0.15291230897125616
30,1479,1509,0.15291701314253792
29,1486,1515,0.1529227657078469
29,1485,1514,0.1529306439977967
30,1500,1530,0.15293837526031137
30,1498,1528,0.1529436312700255
30,1499,1529,0.15294885309424663
30,1500,1530,0.1529529236645523
31,1501,1532,0.15295708389945506
30,1490,1520,0.15295802289793214
30,1490,1520,0.15296142616701514
28,1500,1528,0.1529639012598642
29,1499,1528,0.152971025916775
28,1491,1519,0.1529748171342171
26,1495,1521,0.15298097654991008
27,1486,1513,0.15299218257993996
29,1477,1506,0.15300058138352704
29,1470,1499,0.1530037440955221
30,1486,1516,0.1530070400134799
30,1486,1516,0.1530071631649229
31,1473,1504,0.15300765136944236
31,1495,1526,0.1530055378301953
31,1497,1528,0.1530039305571711
31,1491,1522,0.15300218227243534
30,1485,1515,0.1529997906673849
29,1494,1523,0.15299900682852938
29,1493,1522,0.15300102551137015
27,1485,1512,0.15300324026316944
27,1482,1509,0.15301112318933296
26,1489,1515,0.15301879837577576
26,1482,1508,0.15302853225819407
25,1486,1511,0.15303677241190589
24,1472,1496,0.15304695615666433
24,1488,1512,0.15305895377680145
24,1493,1517,0.1530704613315409
26,1503,1529,0.1530814850437254
26,1496,1522,0.1530860797067601
27,1494,1521,0.15309073082371613
26,1500,1526,0.15309220487192463
28,1501,1529,0.1530961002088941
30,1504,1534,0.15309376383836806
29,1492,1521,0.15308557947814014
28,1476,1504,0.1530807061007244
29,1492,1521,0.15307840697774616
28,1490,1518,0.1530745533855763
27,1494,1521,0.15307193730826046
28,1493,1521,0.153072784518253
28,1489,1517,0.1530718375480975
26,1487,1513,0.15307145071423015
28,1475,1503,0.15307626369410737
28,1480,1508,0.15307476434934755
27,1494,1521,0.15307344464650036
28,1496,1524,0.15307485772572288
28,1482,1510,0.15307355539568096
29,1468,1497,0.1530728532827464
29,1468,1497,0.15306940977046285
28,1466,1494,0.15306670748111403
28,1475,1503,0.15306583408719882
26,1489,1515,0.1530644247759204
27,1489,1516,0.15306898680904998
26,1482,1508,0.153070446233632
26,1484,1510,0.1530744683196422
27,1477,1504,0.15307814262773942
28,1489,1517,0.1530787849054523
27,1486,1513,0.15307740104686016
26,1463,1489,0.15307776119609412
27,1464,1491,0.15308080137298943
26,1476,1502,0.15308056954050214
24,1469,1493,0.1530832091941776
26,1470,1496,0.15308999068083945
26,1474,1500,0.1530907764919421
26,1475,1501,0.15309216168661308
26,1481,1507,0.15309384716188854
27,1473,1500,0.15309597746151937
26,1490,1516,0.15309582631239801
27,1484,1511,0.1530984521869289
26,1495,1521,0.15309901998313263
26,1488,1514,0.15310223473078466
25,1490,1515,0.15310561512092588
24,1484,1508,0.1531112708793094
24,1477,1501,0.15311903039840316
26,1491,1517,0.1531257224942244
24,1490,1514,0.1531268789440304
24,1479,1503,0.15313312157960113
24,1495,1519,0.15313884294297261
24,1497,1521,0.15314455510192698
23,1491,1514,0.15315022618303475
23,1490,1513,0.15315797866583264
23,1487,1510,0.15316551050785177
22,1493,1515,0.15317281108704617
23,1489,1512,0.15318206367124015
23,1488,1511,0.15318867643604556
22,1497,1519,0.15319506147680606
22,1506,1528,0.15320339651543946
20,1496,1516,0.15321136451240794
19,1487,1506,0.1532233446651455
18,1500,1518,0.15323688292228108
17,1500,1517,0.15325188871097706
17,1512,1529,0.15326839558421837
16,1522,1538,0.1532839541548917
16,1504,1520,0.15330077224100297
17,1485,1502,0.15331661286984696
18,1496,1514,0.1533290026844548
19,1497,1516,0.1533381226319511
19,1493,1512,0.15334363045482213
19,1492,1511,0.1533489983786936
21,1503,1524,0.15335421600296456
21,1491,1512,0.15335326719064565
21,1494,1515,0.15335268593218354
21,1497,1518,0.153352420236148
21,1490,1511,0.15335242410346453
21,1495,1516,0.15335265689295682
21,1492,1513,0.15335308275121776
21,1509,1530,0.15335367010044398
20,1498,1518,0.153354391178489
19,1501,1520,0.15335785347891945
18,1504,1522,0.1533634576661485
19,1505,1524,0.15337096197630912
20,1512,1532,0.15337583523218715
19,1507,1526,0.15337728776114942
20,1507,1527,0.153380949616705
18,1504,1522,0.15338232428647725
19,1505,1524,0.15338812143707892
19,1501,1520,0.1533904378497177
21,1512,1533,0.15339282509382055
20,1513,1533,0.15338965090851392
20,1506,1526,0.1533901128032313
20,1495,1515,0.15339072074750157
20,1508,1528,0.1533914491273734
21,1517,1538,0.15339227549047582
19,1505,1524,0.15338991002923177
20,1506,1526,0.15339221536968217
19,1502,1521,0.1533923558173789
19,1511,1530,0.1533948572231839
19,1512,1531,0.15339737308486662
19,1509,1528,0.15339988621892894
19,1511,1530,0.15340238207350748
19,1504,1523,0.15340484841449734
18,1492,1510,0.15340727504564497
18,1497,1515,0.15341182257974773
17,1489,1506,0.15341618405824164
17,1491,1508,0.1534215424727395
17,1499,1516,0.15342674254450406
18,1477,1495,0.15343177766688726
17,1477,1494,0.15343339746049775
17,1499,1516,0.1534372966865382
17,1494,1511,0.15344116804713015
17,1487,1504,0.15344499310019782
16,1493,1509,0.15344875645749861
17,1493,1510,0.15345459211031354
17,1499,1516,0.15345695066351125
19,1500,1519,0.15345979722741715
18,1505,1523,0.15345611623360036
18,1512,1530,0.15345517133373754
19,1505,1524,0.15345461733310106
19,1511,1530,0.15345112682295428
19,1512,1531,0.15344712375997824
17,1512,1529,0.15344381437588206
17,1506,1523,0.15344625115479144
18,1498,1516,0.15344882877142196
19,1493,1512,0.15344910539785184
19,1483,1502,0.15344638316236905
19,1483,1502,0.15344416572614958
19,1492,1511,0.15344238958536668
20,1495,1515,0.15344099826306817
22,1503,1525,0.15343669103957416
23,1499,1522,0.15342662954718755
22,1495,1517,0.15341441764518685
23,1492,1515,0.15340565834574454
22,1493,1515,0.15339466818511238
22,1490,1512,0.15338719308759816
24,1484,1508,0.15337842560898582
22,1497,1519,0.15336533970054705
23,1497,1520,0.15335820941829117
23,1511,1534,0.1533497905999456
22,1506,1528,0.15334247428377845
21,1506,1527,0.15333828894052742
22,1494,1516,0.15333700833390465
20,1507,1527,0.15333303631496395
20,1512,1532,0.15333452527017719
21,1513,1534,0.15333544027725482
21,1508,1529,0.15333304643817092
23,1510,1533,0.15333110192955743
24,1502,1526,0.15332346781141015
22,1503,1525,0.15331467490802858
23,1491,1514,0.15331152103457363
23,1492,1515,0.15330597465375145
22,1491,1513,0.15330023084283376
22,1487,1509,0.15329771954937693
22,1498,1520,0.15329503869465025
21,1504,1525,0.1532931177244819
22,1491,1513,0.15329414389900023
22,1503,1525,0.15329311775868182
22,1498,1520,0.15329261252810397
22,1494,1516,0.15329255225149951
21,1495,1516,0.15329286985743185
21,1496,1517,0.15329567042197073
21,1492,1513,0.15329861623437935
20,1487,1507,0.15330165591653594
22,1490,1512,0.15330692901821516
21,1488,1509,0.15330557059818808
22,1482,1504,0.15330685572268676
23,1498,1521,0.15330523287793113
22,1492,1514,0.15330088925394364
21,1497,1518,0.15329957101919958
21,1501,1522,0.15330160339400856
19,1493,1512,0.15330384911457184
20,1486,1506,0.15331060986031775
19,1478,1497,0.1533134471777304
18,1480,1498,0.15331879454931832
18,1491,1509,0.15332613125907263
17,1484,1501,0.15333335943375428
17,1476,1493,0.15334328925201868
17,1498,1515,0.153352825727487
17,1495,1512,0.15336197217459557
17,1497,1514,0.15337073371211313
17,1512,1529,0.1533791169588265
17,1501,1518,0.15338712976656788
17,1494,1511,0.15339478098649123
17,1498,1515,0.15340208026493246
17,1503,1520,0.15340793170138048
16,1500,1516,0.15341362631893848
16,1513,1529,0.15342145587776848
15,1504,1519,0.15342895933942816
16,1501,1517,0.15343830601211078
15,1505,1520,0.1534439935580225
15,1495,1510,0.15345172832403303
14,1497,1511,0.1534584226715509
14,1497,1511,0.15346706842447708
15,1494,1509,0.15347541553712266
14,1494,1508,0.15348019305431795
14,1503,1517,0.15348726073733307
15,1504,1519,0.15349415046463322
15,1514,1529,0.15349760703896187
15,1507,1522,0.15350116417706106
14,1500,1514,0.15350374863974459
14,1516,1530,0.15350948284987315
14,1504,1518,0.15351511012029173
14,1497,1511,0.15352061345302162
14,1505,1519,0.15352597916235802
14,1500,1514,0.15353119645288416
14,1495,1509,0.1535362570444742
13,1500,1513,0.15354115483936648
14,1511,1525,0.15354803210000567
14,1508,1522,0.15355239268544843
15,1495,1510,0.15355660140981126
15,1499,1514,0.15355738908496355
15,1506,1521,0.15355832753536358
17,1504,1521,0.15355842091500968
17,1504,1521,0.15355232014445494
19,1495,1514,0.15354702707960843
19,1491,1510,0.15353592507745342
19,1507,1526,0.15352583800763017
21,1504,1525,0.1535169012838691
22,1501,1523,0.15350343250548384
23,1502,1525,0.1534881021822322
24,1502,1526,0.15347106029128801
24,1495,1519,0.1534524451510564
24,1488,1512,0.15343566262169653
25,1481,1506,0.15342053411708104
24,1485,1509,0.15340373415163158
24,1474,1498,0.15339131430894096
24,1489,1513,0.15338014895275712
24,1482,1506,0.1533701139619019
28,1487,1515,0.15336005321919052
26,1488,1514,0.1533379733741936
24,1490,1514,0.15332430573059522
24,1496,1520,0.15331741959443954
26,1491,1517,0.1533113841623875
25,1499,1524,0.15330034352723562
24,1494,1518,0.15329262195505347
23,1500,1523,0.15328829701406618
22,1491,1513,0.15328675353627624
23,1499,1522,0.15328781942196307
21,1495,1516,0.15328684102608578
19,1494,1513,0.1532905830285422
20,1504,1524,0.1532988225403575
20,1500,1520,0.1533045411970494
20,1503,1523,0.15330986938006103
20,1509,1529,0.15331396742863881
19,1504,1523,0.15331810535547447
19,1509,1528,0.15332443597509676
19,1519,1538,0.15333061398305403
18,1507,1525,0.15333662594239064
17,1508,1525,0.1533447700399951
17,1504,1521,0.15335479726491902
17,1496,1513,0.15336407927375023
16,1485,1501,0.1533729440613613
16,1481,1497,0.153383589693604
16,1488,1504,0.1533937059272776
15,1514,1529,0.15340331332822393
15,1510,1525,0.1534145906593614
14,1502,1516,0.1534252687992861
14,1503,1517,0.15343754183094077
12,1498,1510,0.15344913767042662
12,1498,1510,0.15346445931735955
13,1500,1513,0.1534788985259999
12,1506,1518,0.1534902256067479
13,1494,1507,0.15350314007318466
11,1501,1512,0.15351205477488125
12,1499,1511,0.15352488560170044
11,1506,1517,0.15353482192372464
11,1503,1514,0.15354642719867137
12,1510,1522,0.15355743804290353
12,1515,1527,0.1535649566936584
12,1496,1508,0.15357218233610484
12,1499,1511,0.15357911672873722
12,1498,1510,0.15358576308651414
14,1493,1507,0.15359212584054338
12,1489,1501,0.15359169703957948
13,1503,1516,0.153595934249949
15,1502,1517,0.15359754511603999
14,1510,1524,0.1535928959970367
14,1510,1524,0.15359116572156342
15,1503,1518,0.15358997390436754
14,1493,1507,0.15358598064025739
14,1499,1513,0.15358584847566228
14,1500,1514,0.15358604405333043
14,1518,1532,0.15358651658292244
14,1510,1524,0.15358722133579208
14,1517,1531,0.15358811899029604
14,1524,1538,0.15358917504442002
14,1529,1543,0.1535903592889847
14,1525,1539,0.15359164533535868
14,1518,1532,0.15359301019220395
14,1507,1521,0.15359443388631994
13,1502,1515,0.15359589912314073
13,1512,1525,0.15359955900022465
13,1507,1520,0.15360310055711318
13,1509,1522,0.15360652085408433
13,1510,1523,0.15360871031517384
13,1514,1527,0.15361094915434567
13,1508,1521,0.15361321655127497
13,1506,1519,0.15361549468469404
13,1492,1505,0.15361776838185717
14,1500,1514,0.15362002480561587
15,1489,1504,0.1536190036747431
16,1505,1521,0.15361391470391075
14,1497,1511,0.15360625401965394
16,1503,1519,0.1536039164967889
15,1517,1532,0.15359717752350485
15,1502,1517,0.15359354321693197
15,1504,1519,0.15359051079765704
16,1508,1524,0.1535880069349243
16,1506,1522,0.1535835286264197
17,1499,1516,0.1535789557463185
17,1490,1507,0.15357174252622258
16,1498,1514,0.15356538647362136
16,1495,1511,0.15356198430190215
15,1500,1515,0.1535591297399607
14,1496,1510,0.15355905843128254
14,1502,1516,0.1535615389992333
13,1502,1515,0.15356409414085825
13,1499,1512,0.1535688601972159
13,1500,1513,0.15357243905506315
11,1500,1511,0.15357607276214064
11,1499,1510,0.15358422111272127
10,1513,1523,0.15359208122347984
10,1514,1524,0.1536018165956451
10,1499,1509,0.15361112950121558
11,1494,1505,0.15362002910338737
12,1496,1508,0.15362527346296828
13,1500,1513,0.15362716608103305
13,1504,1517,0.15362600675336766
14,1502,1516,0.1536256547766245
14,1488,1502,0.15362208039905195
13,1486,1499,0.15361914739274876
12,1508,1520,0.15361906142577367
13,1497,1510,0.15362184427845416
13,1499,1512,0.1536217702828622
13,1502,1515,0.15362202107581038
13,1486,1499,0.15362254609910744
13,1488,1501,0.15362330082947395
13,1506,1519,0.153624246127243
13,1517,1530,0.15362534765196195
13,1508,1521,0.15362657533820648
13,1502,1515,0.15362790292557812
13,1504,1517,0.15362930753744763
14,1517,1531,0.15363076930354572
14,1511,1525,0.15362899844511943
14,1507,1521,0.1536275585715806
15,1503,1518,0.15362640798089056
15,1512,1527,0.1536222376721276
15,1504,1519,0.15361859244074402
15,1513,1528,0.15361541424503222
15,1513,1528,0.15361265108290692
15,1509,1524,0.1536102563834214
15,1513,1528,0.15360818845846105
14,1518,1532,0.15360641000872882
15,1507,1522,0.1536071103559678
15,1515,1530,0.15360560652712518
15,1508,1523,0.15360432191136955
15,1504,1519,0.15360323089144615
14,1511,1525,0.15360231058864018
14,1495,1509,0.15360402444522714
13,1494,1507,0.15360568786904544
15,1498,1513,0.15360945811979584
15,1507,1522,0.15360652760223542
15,1503,1518,0.15360402771666468
15,1493,1508,0.15360190803828533
15,1488,1503,0.15360012353315025
16,1488,1504,0.1535986340075775
16,1492,1508,0.1535945998292905
16,1493,1509,0.15359102540480918
16,1505,1521,0.15358786221669482
17,1491,1508,0.1535839842090402
15,1489,1504,0.15357734406352205
14,1492,1506,0.15357615284334108
14,1499,1513,0.15357745926252014
15,1503,1518,0.15357893464822772
15,1502,1517,0.1535780566588426
16,1510,1526,0.1535774656158232
14,1505,1519,0.15357385359011716
13,1505,1518,0.15357503838465433
13,1511,1524,0.1535786193601386
14,1512,1526,0.1535821240465089
13,1518,1531,0.15358301145209852
14,1510,1524,0.15358624673652663
14,1504,1518,0.15358729102939228
15,1502,1517,0.1535884833127675
15,1513,1528,0.15358731825530206
14,1511,1525,0.15358642735664949
14,1503,1517,0.15358803544716268
14,1504,1518,0.15358970328292695
13,1517,1530,0.15359141207089125
14,1508,1522,0.15359544564941044
14,1498,1512,0.15359512335503286
14,1491,1505,0.15359510976605598
15,1484,1499,0.15359535814318417
15,1499,1514,0.15359334685047663
15,1502,1517,0.15359170377687267
14,1488,1502,0.15359038292739757
15,1496,1511,0.1535921094196562
14,1501,1515,0.15359058239425577
13,1507,1520,0.15359151695968998
14,1504,1518,0.15359485955733398
14,1510,1524,0.15359490692088965
13,1509,1522,0.1535952104634909
14,1504,1518,0.1535978840340194
14,1515,1529,0.15359838119992544
14,1508,1522,0.15359904547249695
14,1499,1513,0.15359984748130717
14,1492,1506,0.15360076150501784
13,1491,1504,0.15360176506918635
15,1500,1515,0.15360536332118088
15,1501,1516,0.1536029844093164
15,1513,1528,0.15360097162043973
14,1500,1514,0.1535992814093116
13,1492,1505,0.15360034029900135
14,1508,1522,0.1536036393534494
14,1502,1516,0.15360371499434666
15,1512,1527,0.15360399246540218
15,1509,1524,0.15360118103158016
15,1516,1531,0.153597712807049
14,1505,1519,0.1535948121514566
13,1494,1507,0.15359473228778103
13,1496,1509,0.1535970954690785
13,1498,1511,0.1535995666362162
13,1504,1517,0.15360211525649972
13,1501,1514,0.15360471493570824
12,1510,1522,0.15360734294919975
12,1509,1521,0.15361211040829104
13,1501,1514,0.15361674053620464
13,1511,1524,0.15361805014359284
13,1513,1526,0.1536195029885083
13,1499,1512,0.15362106877132875
13,1500,1513,0.15362272111989325
12,1497,1509,0.15362443714971666
12,1505,1517,0.15362835020622265
12,1488,1500,0.15363215931702792
12,1488,1500,0.15363585766662663
14,1493,1507,0.1536389219175067
14,1482,1496,0.15363552647998746
14,1484,1498,0.1536326758845147
15,1499,1514,0.15362992078274298
13,1493,1506,0.15362524773559652
12,1496,1508,0.15362558260393094
12,1508,1520,0.1536285680392086
12,1499,1511,0.15363159047062117
12,1495,1507,0.15363462671602568
12,1496,1508,0.1536376570057616
10,1509,1519,0.15364066458364362
10,1525,1535,0.1536480596115224
8,1533,1541,0.1536551251210025
8,1517,1525,0.15366628393931073
8,1513,1521,0.15367684928912909
9,1511,1520,0.15368684877319772
9,1506,1515,0.15369396703253266
9,1495,1504,0.1537007331035263
10,1509,1519,0.15370716042010144
10,1512,1522,0.15370999402795527
10,1508,1518,0.15371282089626515
9,1509,1518,0.1537156252374923
10,1519,1529,0.15372054231434837
10,1512,1522,0.15372201714600556
9,1517,1526,0.1537236183661459
9,1532,1541,0.15372747037557796
9,1525,1534,0.15373126367921966
9,1521,1530,0.15373498477275394
8,1502,1510,0.1537386226287993
9,1493,1502,0.15374472901913397
9,1505,1514,0.15374793643408474
10,1500,1510,0.15375106205727257
11,1504,1515,0.15375101750629303
11,1500,1511,0.15374789414991802
11,1493,1504,0.15374523204163887
11,1497,1508,0.15374297723396643
9,1511,1520,0.1537410815298042
9,1508,1517,0.15374430536490913
9,1510,1519,0.15374746923648933
10,1496,1506,0.15375056382537777
10,1496,1506,0.1537503311246912
8,1514,1522,0.15375031968695982
8,1510,1518,0.1537560239089698
7,1512,1519,0.15376143141685417
7,1507,1514,0.15376871354758037
7,1509,1516,0.15377559286845247
6,1507,1513,0.15378208987167663
6,1519,1525,0.15379038131926145
6,1515,1521,0.15379819816355528
5,1511,1516,0.15380556626940595
5,1520,1525,0.15381467652927153
5,1506,1511,0.1538232548777424
3,1493,1496,0.15383133140140237
3,1501,1504,0.1538432395205893
3,1504,1507,0.15385444079700425
2,1518,1520,0.15386497653555106
2,1519,1521,0.15387702850779494
2,1521,1523,0.15388836139961642
2,1517,1519,0.15389901766315867
2,1524,1526,0.15390903728851002
2,1523,1525,0.15391845794212794
2,1508,1510,0.15392731509791935
3,1496,1499,0.15393564216132144
3,1501,1504,0.15394020543305456
3,1517,1520,0.15394460447546426
4,1513,1517,0.15394883832344428
4,1517,1521,0.15394962587187982
4,1510,1514,0.15395055619199263
4,1512,1516,0.15395160218358936
4,1505,1509,0.15395274017452715
4,1505,1509,0.15395394954016
4,1504,1508,0.15395521236256754
4,1515,1519,0.15395651312553707
5,1513,1518,0.15395783844167202
5,1522,1527,0.1539559084776162
5,1512,1517,0.1539542869356037
4,1511,1515,0.1539529365672171
2,1504,1506,0.1539539879943435
2,1510,1512,0.15395977934333183
2,1505,1507,0.15396531436172037
2,1517,1519,0.15397059928789994
1,1510,1511,0.15397564089254145
1,1519,1520,0.15398309883896807
1,1518,1519,0.15399012045890825
1,1516,1517,0.15399673064190902
1,1523,1524,0.1540029529223059
1,1522,1523,0.1540088095463108
1,1513,1514,0.15401432153650757
1,1519,1520,0.15401950875376763
1,1519,1520,0.15402438995661294
1,1515,1516,0.1540289828580628
1,1517,1518,0.15403330418001207
1,1517,1518,0.1540373697051942
1,1510,1511,0.1540411943267898
1,1505,1506,0.15404479209574556
1,1500,1501,0.1540481762658719
1,1507,1508,0.1540513593367912
1,1518,1519,0.15405435309480922
1,1523,1524,0.15405716865178432
1,1519,1520,0.15405981648206948
2,1516,1518,0.1540623064576017
2,1520,1522,0.15406141553685468
2,1518,1520,0.15406068432182474
2,1514,1516,0.1540600928776565
2,1528,1530,0.15405962347240845
2,1537,1539,0.15405926034707448
2,1526,1528,0.1540589895088985
2,1524,1526,0.15405879854566248
2,1529,1531,0.15405867645885807
2,1526,1528,0.15405861351385736
2,1526,1528,0.15405860110538508
2,1516,1518,0.15405863163676164
2,1509,1511,0.154058698411537
2,1515,1517,0.15405879553627366
2,1521,1523,0.1540589178333581
3,1508,1511,0.1540590607628318
3,1515,1518,0.15405595128315006
3,1514,1517,0.15405316068999736
3,1519,1522,0.1540506570791935
3,1525,1528,0.15404841169317662
3,1522,1525,0.15404639861330113
3,1527,1530,0.1540445944820693
3,1520,1523,0.15404297825239383
3,1512,1515,0.15404153096126982
3,1504,1507,0.154040235525488
3,1512,1515,0.15403907655725022
3,1498,1501,0.1540380401977558
3,1504,1507,0.15403711396701403
3,1517,1520,0.15403628662830685
3,1519,1522,0.15403554806587885
3,1518,1521,0.15403488917456973
3,1511,1514,0.15403430176022787
3,1517,1520,0.1540337784498573
3,1528,1531,0.15403331261055145
3,1524,1527,0.15403289827635885
3,1526,1529,0.15403253008230877
3,1524,1527,0.15403220320489985
3,1521,1524,0.1540319133084224
3,1508,1511,0.1540316564965459
3,1511,1514,0.1540314292686584
3,1524,1527,0.15403122848049491
3,1526,1529,0.154031051308636
3,1534,1537,0.15403089521849897
3,1529,1532,0.15403075793548054
1,1516,1517,0.15403063741894374
1,1523,1524,0.15403486862629762
1,1509,1510,0.1540388491745588
1,1511,1512,0.1540425936354024
1,1515,1516,0.15404611576135027
1,1509,1510,0.1540494285289561
1,1521,1522,0.15405254418001754
1,1533,1534,0.15405547426087032
1,1524,1525,0.1540582296598238
1,1528,1529,0.1540608206427987
1,1523,1524,0.15406325688722936
1,1523,1524,0.1540655475142937
1,1506,1507,0.15406770111953416
1,1507,1508,0.15406972580193326
1,1502,1503,0.15407162919150644
1,1505,1506,0.1540734184754742
1,1516,1517,0.15407510042307493
1,1518,1519,0.15407668140907782
1,1508,1509,0.15407816743605474
1,1504,1505,0.15407956415546778
1,1514,1515,0.15408087688762756
1,1519,1520,0.15408211064057614
1,1527,1528,0.15408327012794631
1,1523,1524,0.15408435978584692
1,1520,1521,0.15408538378882253
1,1528,1529,0.15408634606493418
1,1537,1538,0.15408725031000467
1,1521,1522,0.15408810000107204
1,1515,1516,0.15408889840909157
1,1522,1523,0.15408964861092544
1,1529,1530,0.15409035350065764
1,1526,1527,0.15409101580026927
1,1525,1526,0.1540916380697091
1,1521,1522,0.15409222271639095
1,1517,1518,0.15409277200414961
1,1511,1512,0.15409328806168376
1,1512,1513,0.15409377289051496
1,1518,1519,0.15409422837248823
1,1512,1513,0.15409465627684055
1,1526,1527,0.15409505826685987
1,1514,1515,0.1540954359061591
1,1521,1522,0.1540957906645849
1,1520,1521,0.15409612392378322
1,1520,1521,0.1540964369824397
1,1518,1519,0.15409673106121435
1,1535,1536,0.1540970073073872
1,1519,1520,0.15409726679923147
1,1505,1506,0.15409751055012993
1,1519,1520,0.15409773951244932
1,1518,1519,0.15409795458118622
1,1518,1519,0.1540981565973982
1,1507,1508,0.15409834635143177
1,1524,1525,0.15409852458595988
1,1510,1511,0.15409869199883922
1,1508,1509,0.15409884924579814
1,1512,1513,0.15409899694296514
1,1506,1507,0.15409913566924682
1,1503,1504,0.1540992659685646
1,1516,1517,0.15409938835195822
1,1532,1533,0.1540995032995635
1,1535,1536,0.15409961126247285
1,1528,1529,0.15409971266448375
1,1520,1521,0.15409980790374342
1,1525,1526,0.15409989735429488
1,1524,1525,0.1540999813675303
1,1517,1518,0.1541000602735578
1,1516,1517,0.15410013438248554
1,1518,1519,0.1541002039856295
1,1531,1532,0.1541002693566485
1,1528,1529,0.15410033075261068
1,1539,1540,0.15410038841499674
1,1537,1538,0.15410044257064193
1,1507,1508,0.1541004934326219
1,1505,1506,0.15410054120108513
1,1510,1511,0.15410058606403532
1,1518,1519,0.1541006281980663
1,1522,1523,0.15410066776905298
1,1521,1522,0.15410070493280043
1,1509,1510,0.15410073983565398
1,1523,1524,0.15410077261507227
1,1510,1511,0.154100803400166
2,1517,1519,0.1541008323122037
2,1526,1528,0.15409759177145876
2,1516,1518,0.1540946545261562
2,1514,1516,0.15409199183844946
2,1502,1504,0.15408957771568288
2,1499,1501,0.15408738864676713
2,1513,1515,0.1540854033639571
2,1518,1520,0.15408360262757925
2,1534,1536,0.15408196903149235
2,1515,1517,0.15408048682728015
2,1510,1512,0.15407914176536797
2,1511,1513,0.15407792095142994
2,1508,1510,0.15407681271661133
2,1512,1514,0.15407580650023328
2,1524,1526,0.15407489274377606
2,1520,1522,0.15407406279505287
2,1512,1514,0.15407330882159193
2,1503,1505,0.15407262373233918
1,1507,1508,0.1540720011068794
1,1496,1497,0.15407377683354812
1,1496,1497,0.15407544519506958
1,1496,1497,0.15407701264900533
1,1515,1516,0.15407848526793597
1,1515,1516,0.15407986876207083
1,1508,1509,0.15408116850056386
2,1501,1503,0.1540823895316069
2,1506,1508,0.1540802637859671
2,1497,1499,0.1540783743044521
2,1519,1521,0.15407669634532797
2,1518,1520,0.1540752076772776
2,1518,1520,0.15407388832921978
2,1529,1531,0.15407272036479727
2,1516,1518,0.15407168767911603
2,1510,1512,0.15407077581555512
2,1511,1513,0.15406997180067944
2,1519,1521,0.1540692639954794
2,1509,1511,0.15406864196133457
2,1514,1516,0.15406809633925606
2,1526,1528,0.15406761874110286
2,1519,1521,0.1540672016515949
2,1517,1519,0.15406683834006088
1,1530,1531,0.15406652278096294
1,1524,1525,0.15406863178323565
1,1526,1527,0.15407061317137793
1,1518,1519,0.15407247463091978
1,1518,1519,0.15407422338815205
1,1510,1511,0.15407586623720687
1,1509,1510,0.15407740956557753
1,1508,1509,0.154078859378164
1,1518,1519,0.15408022131992546
1,1515,1516,0.15408150069721807
1,1509,1510,0.15408270249789177
1,1508,1509,0.15408383141021523
1,1511,1512,0.154084891840696
1,1517,1518,0.15408588793085742
1,1507,1508,0.15408682357303277
1,1514,1515,0.15408770242523162
1,1519,1520,0.15408852792513208
1,1516,1517,0.154089303303249
1,1507,1508,0.15409003159532536
1,1509,1510,0.15409071565399146
1,1519,1520,0.15409135815973524
2,1525,1527,0.15409196163122185
2,1516,1518,0.15408925886953545
2,1512,1514,0.15408682701619003
1,1515,1516,0.1540846392624148
1,1519,1520,0.15408484211176315
1,1527,1528,0.15408511159858163
1,1525,1526,0.15408543596661323
1,1518,1519,0.15408580492568597
1,1515,1516,0.15408620948934001
1,1512,1513,0.1540866418294643
1,1504,1505,0.15408709514621255
1,1500,1501,0.15408756355164224
1,1512,1513,0.15408804196567583
1,1525,1526,0.15408852602312342
1,1519,1520,0.15408901199063318
0,1516,1516,0.154089496692549
