1393,29,1422,0.13579591934394616
1426,30,1456,0.13287591238716576
1421,31,1452,0.13012978865532582
1432,31,1463,0.12764922478299393
1446,32,1478,0.12536622782300072
1455,30,1485,0.12324962219605543
1458,33,1491,0.12129966530668777
1456,33,1489,0.11951966058953549
1461,32,1493,0.11790790387450702
1464,32,1496,0.11643141174776929
1480,32,1512,0.11508044723460448
1474,30,1504,0.113812758736581
1484,32,1516,0.11267559004498487
1466,31,1497,0.111615641129725
1474,31,1505,0.11069469175940902
1470,31,1501,0.1098386142831044
1470,30,1500,0.10907013891664129
1469,29,1498,0.10837279436018797
1470,30,1500,0.10774052876573126
1468,31,1499,0.10716426492089852
1474,29,1503,0.10664642390341415
1470,30,1500,0.10616184468566242
1469,28,1497,0.10572723232886048
1464,27,1491,0.10533256699462867
1468,27,1495,0.10498640860374028
1478,26,1504,0.10466400297255653
1459,26,1485,0.10434729482661595
1458,26,1484,0.10410197452402169
1465,25,1490,0.10388246357417998
1462,27,1489,0.10366865834227607
1472,29,1501,0.1034817538002681
1463,30,1493,0.10328953684698415
1469,32,1501,0.10313478222115365
1454,32,1486,0.10298202895462995
1453,31,1484,0.10287670772435607
1449,30,1479,0.10278672402437282
1460,31,1491,0.1027112347250339
1472,30,1502,0.10261906623536282
1465,29,1494,0.10250953879012398
1476,31,1507,0.10242610943044615
1467,36,1503,0.10232561781784359
1472,33,1505,0.10225413232061165
1469,34,1503,0.10217762625553917
1467,36,1503,0.10211308816296202
1471,32,1503,0.1020574117645287
1458,32,1490,0.10199932753417101
1464,32,1496,0.10197580214001796
1459,32,1491,0.1019408861340285
1450,32,1482,0.10191905087225152
1446,36,1482,0.10191999113222527
1459,35,1494,0.10193193742770337
1457,36,1493,0.10191309581065511
1476,37,1513,0.1019014874184025
1478,36,1514,0.10184793298177905
1469,36,1505,0.10179445981099222
1477,34,1511,0.10176491031091713
1472,33,1505,0.10172013948472644
1465,35,1500,0.1016899318305943
1463,35,1498,0.1016788136079694
1465,33,1498,0.10167374846427556
1469,32,1501,0.10166253236734729
1460,32,1492,0.10164492255141613
1457,31,1488,0.1016505457083489
1459,31,1490,0.10166090072843303
1452,30,1482,0.10166651684523227
1454,31,1485,0.10168783247754237
1468,34,1502,0.10170247143233524
1467,35,1502,0.10168378820417562
1467,37,1504,0.10167069398608358
1475,38,1513,0.10165850332344252
1473,37,1510,0.10162938076487688
1459,35,1494,0.10160738850883196
1458,32,1490,0.10161863796968745
1444,32,1476,0.10163249623751534
1448,30,1478,0.10167524469607385
1460,28,1488,0.10170509388163143
1467,28,1495,0.10170434890148465
1459,27,1486,0.10168854224061719
1467,28,1495,0.10169115331416916
1463,29,1492,0.10167455933960655
1466,29,1495,0.10167002103337122
1464,33,1497,0.10165916183888278
1464,33,1497,0.10165338819389465
1464,31,1495,0.10164852525925884
1457,31,1488,0.10164580256378702
1465,31,1496,0.10165781607364041
1460,30,1490,0.10165201946645212
1443,30,1473,0.10165605496765429
1459,31,1490,0.10169828610060357
1459,31,1490,0.10170187106640989
1474,30,1504,0.10170556196989072
1470,29,1499,0.101672711151442
1473,28,1501,0.10165089836238153
1460,27,1487,0.10162464451125189
1465,27,1492,0.10163023495988865
1452,27,1479,0.1016224732426058
1468,27,1495,0.10164393738264463
1455,26,1481,0.10162847276627626
1456,25,1481,0.10164025733840404
1447,26,1473,0.10165175838842032
1460,26,1486,0.10168278663792048
1470,30,1500,0.10168131653360334
1469,32,1501,0.10165923604278955
1465,33,1498,0.10163993555709418
1459,33,1492,0.10163205896952388
1458,33,1491,0.10163817503820549
1464,35,1499,0.10164596391271631
1444,35,1479,0.10163954144469052
1454,36,1490,0.10167831643107142
1454,33,1487,0.10169153369469214
1468,34,1502,0.10170344516041631
1464,33,1497,0.10168480071022494
1454,34,1488,0.10167674705596343
1449,35,1484,0.10169223805209465
1446,35,1481,0.10171597207058591
1439,34,1473,0.10174627672446966
1441,35,1476,0.10178945205021137
1432,35,1467,0.10182437288876735
1443,38,1481,0.10187676229785068
1456,39,1495,0.10190215847375864
1445,37,1482,0.10189712785541757
1461,38,1499,0.10191611135662072
1458,37,1495,0.10189910064478377
1455,36,1491,0.1018904978848984
1451,37,1488,0.10189003825026384
1440,36,1476,0.10189653682442604
1439,36,1475,0.10192771539728682
1439,35,1474,0.10195826746730172
1448,36,1484,0.10198692873263134
1449,40,1489,0.10199317719884077
1435,40,1475,0.10199697107246411
1460,38,1498,0.1020332498948175
1472,39,1511,0.10201068911175418
1462,38,1500,0.1019623781812819
1452,35,1487,0.10194004366904102
1442,35,1477,0.10194278547559002
1457,35,1492,0.10196577448067394
1466,35,1501,0.10195354739922095
1472,38,1510,0.10192128569639232
1479,37,1516,0.1018790225658714
1470,38,1508,0.10182358812027151
1476,39,1515,0.1017938339823121
1454,37,1491,0.10175462628777915
1455,39,1494,0.10176762431231488
1448,40,1488,0.1017799182388365
1445,43,1488,0.10180605644629949
1445,42,1487,0.10183712092296006
1457,43,1500,0.10186638474237046
1456,43,1499,0.10186733562253238
1462,46,1508,0.1018709353316197
1458,46,1504,0.10186157943185262
1447,49,1496,0.10186179882078174
1448,47,1495,0.10188649757964921
1442,47,1489,0.10190798135251562
1443,47,1490,0.10194277224376773
1446,47,1493,0.10196985866686521
1443,48,1491,0.10198924165891991
1457,49,1506,0.10201090319685097
1458,50,1508,0.10200069436738728
1450,50,1500,0.10198869597400595
1442,53,1495,0.10199850765625122
1436,54,1490,0.1020231776059508
1447,54,1501,0.10206159742529597
1453,54,1507,0.10207010670087815
1441,55,1496,0.10206653080674345
1449,55,1504,0.10209028140645282
1454,54,1508,0.10209485257569519
1448,55,1503,0.1020873786597905
1454,51,1505,0.10209486715587934
1455,54,1509,0.10208913615762213
1443,55,1498,0.10208164632047545
1437,54,1491,0.10210183893097
1448,54,1502,0.10213377290123143
1446,55,1501,0.10213829462393725
1442,56,1498,0.10214606803633076
1442,56,1498,0.10216322710656284
1437,54,1491,0.10218045314204023
1451,56,1507,0.10220956472128513
1459,56,1515,0.10220510440077707
1452,57,1509,0.10218112487097794
1454,59,1513,0.10217539794815543
1447,57,1504,0.10216623820720053
1444,58,1502,0.10217363404245627
1440,57,1497,0.10218604766133416
1445,55,1500,0.10220715904064662
1445,53,1498,0.10221660151968073
1435,53,1488,0.1022242374163648
1453,53,1506,0.10225347466490438
1458,54,1512,0.10224004031869986
1448,53,1501,0.10221637247076736
1437,51,1488,0.10221596396046341
1444,51,1495,0.10223977556674929
1452,48,1500,0.10224820731945389
1456,44,1500,0.1022368378402954
1463,43,1506,0.10221389507846178
1461,44,1505,0.10217918253599229
1439,45,1484,0.1021501127510269
1431,44,1475,0.10217081426575282
1440,47,1487,0.10220788817271291
1418,47,1465,0.10222254966912671
1434,49,1483,0.10228660085948672
1435,50,1485,0.10231076965969362
1426,49,1475,0.10233075954250659
1438,51,1489,0.10237019656797312
1444,54,1498,0.10237742675491386
1449,56,1505,0.10236928171585519
1430,57,1487,0.10235173592802647
1448,57,1505,0.1023785745638637
1445,56,1501,0.10236240954309933
1461,57,1518,0.10235370131701092
1455,56,1511,0.10230938535249409
1447,58,1505,0.10228229234431238
1442,58,1500,0.1022760648254712
1443,57,1500,0.10228346112188592
1436,55,1491,0.10228901562234469
1428,56,1484,0.10230919228137055
1425,57,1482,0.10234492739728125
1421,57,1478,0.10238621024497181
1422,54,1476,0.10243427640565489
1413,53,1466,0.10247839101950224
1426,54,1480,0.10253625616833002
1430,51,1481,0.10256018369562434
1437,52,1489,0.10257192195903961
1428,52,1480,0.10256667852982318
1434,51,1485,0.10258150128701246
1449,53,1502,0.10258033762142556
1447,53,1500,0.10254474695140271
1449,54,1503,0.10251433167143684
1455,56,1511,0.10248623352779938
1449,56,1505,0.1024478001331967
1454,53,1507,0.1024246696620092
1453,53,1506,0.10239167494843515
1443,53,1496,0.10236010388366357
1447,53,1500,0.10235549398983648
1452,54,1506,0.10234267738074923
1449,51,1500,0.10232114374389685
1431,49,1480,0.10230590941218942
1425,50,1475,0.10233262142962736
1432,51,1483,0.10237085627099737
1435,51,1486,0.10239101969466276
1430,51,1481,0.10240286056383965
1426,53,1479,0.1024257637584218
1440,53,1493,0.10245558337914872
1445,54,1499,0.10245105521155903
1437,52,1489,0.10243725857752427
1450,54,1504,0.10244228140935682
1443,56,1499,0.10241662490005578
1446,57,1503,0.102409371189994
1450,57,1507,0.10239656285852185
1435,57,1492,0.10237631068645263
1424,57,1481,0.10239172252237999
1435,57,1492,0.10243314846237016
1449,55,1504,0.10244904505652673
1438,55,1493,0.10242944516271364
1437,57,1494,0.10243566152671431
1425,56,1481,0.10244211684184962
1429,57,1486,0.10247404916240836
1439,58,1497,0.10249571320157162
1432,57,1489,0.10249202455102456
1441,59,1500,0.10250596777345665
1443,54,1497,0.1024996409801141
1435,56,1491,0.1024911699452786
1424,56,1480,0.10250239349839729
1438,58,1496,0.10253727473502422
1440,57,1497,0.1025371246110694
1445,60,1505,0.10253346109186695
1443,58,1501,0.10251797853591565
1446,59,1505,0.10250410571604944
1423,61,1484,0.10248389552788396
1414,59,1473,0.10251609990695161
1412,60,1472,0.10256911968247032
1428,60,1488,0.10262212746728576
1426,57,1483,0.10263454062762016
1438,55,1493,0.10264798412277874
1440,58,1498,0.10263385942514743
1448,57,1505,0.10261898754904918
1436,58,1494,0.10258829375487183
1441,59,1500,0.10258632574119114
1429,56,1485,0.1025743306985619
1438,60,1498,0.10259008989854919
1437,60,1497,0.1025851364642198
1432,61,1493,0.10258382155435336
1428,58,1486,0.1025931438103263
1437,59,1496,0.10261002448975098
1438,60,1498,0.10260572007911593
1416,63,1479,0.1026002618838267
1419,64,1483,0.10264499536737853
1423,65,1488,0.10268051357001515
1427,66,1493,0.1027064960868162
1423,65,1488,0.10271980977064697
1411,67,1478,0.10274035361689485
1404,67,1471,0.10278500564286568
1414,68,1482,0.10284189876362007
1413,70,1483,0.10287171491845504
1412,70,1482,0.10290153370961526
1419,70,1489,0.10293199451146934
1421,69,1490,0.10294252698117613
1409,71,1480,0.10294871891781675
1419,70,1489,0.10298229071837006
1422,73,1495,0.10299024083496569
1417,72,1489,0.10299217171749461
1426,74,1500,0.1030056025123181
1420,74,1494,0.10299763876523933
1424,69,1493,0.1030034963572839
1428,71,1499,0.10300082129516738
1427,75,1502,0.10298871162750428
1414,76,1490,0.10298003307224338
1418,78,1496,0.10300058913109421
1427,75,1502,0.10301216949387548
1419,73,1492,0.10300399161872516
1416,73,1489,0.10301453744422898
1406,76,1482,0.10303175397342447
1399,78,1477,0.10306925560727809
1392,79,1471,0.10311965468061683
1410,77,1487,0.10318244473293987
1409,77,1486,0.10319975871588138
1413,79,1492,0.1032184703863494
1412,77,1489,0.10322664163215134
1399,79,1478,0.10323616376290261
1391,77,1468,0.10327520878240837
1388,80,1468,0.10333067832862558
1384,79,1463,0.10338831099616272
1391,79,1470,0.10345157433884228
1382,78,1460,0.10349386356538513
1384,84,1468,0.1035537496482612
1394,87,1481,0.1036061289511655
1395,86,1481,0.10363057905611615
1399,87,1486,0.1036482479840307
1401,89,1490,0.10365618996555362
1398,88,1486,0.10365915987633806
1404,89,1493,0.10366754920701184
1394,89,1483,0.10366187962683913
1391,92,1483,0.10368001465845479
1397,90,1487,0.10370386443996032
1402,94,1496,0.10371090587851078
1399,96,1495,0.1037053584742776
1389,97,1486,0.10370785662093716
1389,95,1484,0.10373529230597546
1385,99,1484,0.10376180269816426
1388,104,1492,0.10379727208994458
1396,102,1498,0.10382208018915019
1401,101,1502,0.10383089776115657
1401,103,1504,0.10382869994482168
1402,102,1504,0.10382467840282342
1403,103,1506,0.10381862901950037
1402,104,1506,0.10381095170602729
1402,105,1507,0.10380751131058087
1404,105,1509,0.10380425507213605
1382,107,1489,0.1037975665687403
1373,110,1483,0.10384142199085819
1369,110,1479,0.10389902113540764
1380,110,1490,0.10396168432831399
1379,107,1486,0.10399721157421621
1375,111,1486,0.104033319957584
1374,112,1486,0.10407763004238621
1377,110,1487,0.10411984353481271
1377,110,1487,0.10415191658027374
1369,111,1480,0.1041814170062683
1369,107,1476,0.10422637262662907
1384,112,1496,0.10426675090760382
1382,112,1494,0.10427165086786828
1379,115,1494,0.10427856759113219
1377,112,1489,0.10429268595676745
1389,112,1501,0.10431322949069916
1389,115,1504,0.10430309889953851
1394,113,1507,0.10429530589392869
1384,111,1495,0.10427888847938904
1379,114,1493,0.10428418914758936
1398,114,1512,0.10430184900152337
1404,113,1517,0.10427357273470406
1401,114,1515,0.10423630997661835
1400,114,1514,0.10420813371509467
1393,116,1509,0.10418460365211585
1378,115,1493,0.10417761259685257
1377,117,1494,0.10420686712220245
1373,117,1490,0.1042374259836189
1357,119,1476,0.10427563674064999
1360,117,1477,0.10434712801124064
1363,118,1481,0.10440698123400237
1357,118,1475,0.10445741502491995
1356,120,1476,0.1045151443016804
1351,121,1472,0.10456982400044083
1351,123,1474,0.10463344832951695
1362,127,1489,0.1046922560759581
1359,123,1482,0.10472272451360969
1367,124,1491,0.10475615265351362
1380,124,1504,0.10477021828972977
1362,128,1490,0.10475582924538183
1366,128,1494,0.10478244836072712
1364,128,1492,0.10479844283281015
1366,128,1494,0.10481913057405652
1374,126,1500,0.10483355814968587
1376,120,1496,0.10482728933579079
1385,119,1504,0.10481285363410225
1383,116,1499,0.10478053631418856
1371,119,1490,0.10475124808011368
1384,122,1506,0.10475303023554687
1386,123,1509,0.10472646997929999
1382,124,1506,0.1046996655461633
1381,121,1502,0.10468448153255942
1372,121,1493,0.10467430174093792
1373,123,1496,0.10468727219088586
1365,122,1487,0.10469733673922792
1366,121,1487,0.10472437835900873
1356,125,1481,0.10474614405709701
1353,122,1475,0.10478909966997561
1344,120,1464,0.10483563691878078
1346,124,1470,0.10489747135444709
1349,125,1474,0.10494787281469467
1353,126,1479,0.10498870079476537
1352,125,1477,0.10501695441539077
1364,126,1490,0.10504434134828486
1370,127,1497,0.10504276236286589
1365,127,1492,0.10502516667148751
1360,128,1488,0.1050195287156944
1359,127,1486,0.10502631013833842
1365,124,1489,0.1050384544590097
1366,127,1493,0.10503576049743697
1373,126,1499,0.10502923221889596
1369,123,1492,0.10500584216905079
1372,122,1494,0.10499547265475531
1374,126,1500,0.10498106099986813
1363,124,1487,0.10496239156407604
1373,125,1498,0.10497074837343445
1364,124,1488,0.10495481712601809
1363,124,1487,0.1049615837624112
1360,126,1486,0.10497167635646884
1360,134,1494,0.10498700423809193
1357,133,1490,0.10499994748400716
1358,136,1494,0.10501718188951965
1358,135,1493,0.10503050051140424
1366,131,1497,0.1050439635281304
1370,129,1499,0.10503869218395855
1367,130,1497,0.10502714851010055
1372,133,1505,0.10502399542389071
1372,133,1505,0.10500806208975363
1376,135,1511,0.10499576613159338
1362,137,1499,0.10497360033997963
1359,133,1492,0.10498683713054398
1358,137,1495,0.10500750969143503
1350,134,1484,0.10502553694259692
1356,133,1489,0.10505946146359957
1346,136,1482,0.10507814861704608
1358,134,1492,0.10511889987702876
1368,132,1500,0.10512743633383698
1359,135,1494,0.10511003840890763
1353,130,1483,0.10511538990357087
1362,129,1491,0.10513299418632353
1355,126,1481,0.10512952203622034
1369,127,1496,0.10514323166950999
1368,128,1496,0.10512228040275495
1356,133,1489,0.1051083036583887
1361,134,1495,0.10512257954983265
1369,134,1503,0.10512496771042254
1366,132,1498,0.10510633168345944
1357,132,1489,0.10509521647869988
1360,133,1493,0.10510483051685238
1352,135,1487,0.10510690529775793
1354,136,1490,0.10512636577923361
1366,138,1504,0.10513778645682116
1362,137,1499,0.10512341263090569
1349,141,1490,0.10512017977745039
1352,141,1493,0.10514546562450847
1350,143,1493,0.10516430512005837
1351,144,1495,0.10518767364695907
1343,142,1485,0.1052069474586154
1340,140,1480,0.10524361899024681
1344,143,1487,0.10528372950872145
1351,140,1491,0.10531251149392067
1351,141,1492,0.10532225061714616
1349,140,1489,0.10533037732885718
1356,141,1497,0.10534418088942613
1364,142,1506,0.10533907311617209
1358,146,1504,0.10531715665357268
1350,142,1492,0.10531196926329649
1341,144,1485,0.10532510396866127
1336,143,1479,0.10535735998561922
1343,152,1495,0.10540196282371785
1345,153,1498,0.10542801767259487
1342,152,1494,0.10544868374627392
1339,155,1494,0.10547369460438151
1327,161,1488,0.1055034876775603
1341,161,1502,0.1055609307071802
1325,164,1489,0.10558236202663959
1328,163,1491,0.10563770711099765
1324,163,1487,0.10568281113622177
1316,164,1480,0.10573322744605283
1315,162,1477,0.10579950608065662
1319,161,1480,0.105862328966667
1330,164,1494,0.10591165871578656
1333,162,1495,0.10593338562468098
1330,166,1496,0.10594601839821988
1322,168,1490,0.10596413316606743
1330,165,1495,0.10599943737854113
1328,168,1496,0.10601547316259664
1330,166,1496,0.10603424614042907
1334,165,1499,0.10604593257020314
1337,163,1500,0.10605078677042439
1341,169,1510,0.10604616315823677
1350,170,1520,0.10603127891738381
1328,169,1497,0.10599652873455978
1332,170,1502,0.10601678721446901
1325,165,1490,0.10602825550241207
1321,171,1492,0.10605210199265203
1320,174,1494,0.1060849785445301
1307,175,1482,0.10611921535268892
1304,181,1485,0.10618080862882494
1297,182,1479,0.10624292322669088
1304,183,1487,0.10631683631917056
1324,186,1510,0.1063707328239762
1327,187,1514,0.10637693018217906
1332,191,1523,0.10637898359797218
1321,190,1511,0.10636779276309109
1317,188,1505,0.10638508997697681
1315,194,1509,0.10641187704046136
1299,191,1490,0.1064416000122008
1306,189,1495,0.1065037556655168
1314,190,1504,0.10654291937722395
1318,188,1506,0.10656300840752789
1322,190,1512,0.1065747722528506
1302,190,1492,0.10657795404122002
1310,191,1501,0.10662499295766098
1312,186,1498,0.10664944264618356
1301,187,1488,0.10666672999978978
1293,185,1478,0.10670881841959563
1296,187,1483,0.10676604452194496
1284,189,1473,0.10681316294298995
1284,188,1472,0.10688227260757746
1284,188,1472,0.10694632593988224
1305,190,1495,0.10700733708281358
1293,197,1490,0.10701560013116364
1290,194,1484,0.10705196563302909
1291,197,1488,0.1070931008072323
1303,192,1495,0.10713054472162115
1290,197,1487,0.10713631074626626
1282,199,1481,0.10717232948800724
1285,201,1486,0.1072236375126552
1289,203,1492,0.10726193741278539
1281,201,1482,0.10728809957287527
1292,201,1493,0.1073317227577237
1298,202,1500,0.10734574249570121
1301,201,1502,0.10734392884669436
1285,205,1490,0.10733692295855497
1295,204,1499,0.10736758488480704
1297,210,1507,0.10737264401670785
1282,207,1489,0.10737165933454204
1286,206,1492,0.10740687679788603
1294,209,1503,0.10743061225668515
1287,213,1500,0.10743563730107113
1286,212,1498,0.10745829551209035
1290,216,1506,0.10748247203332918
1290,219,1509,0.10749665148181684
1296,217,1513,0.10751169566924984
1292,215,1507,0.10751518261480315
1298,215,1513,0.10752856920531823
1283,221,1504,0.10752619109030029
1283,222,1505,0.107557805743934
1274,222,1496,0.10758410240007457
1262,227,1489,0.10762739099462117
1260,232,1492,0.10769721988157785
1259,236,1495,0.10776561290081318
1266,235,1501,0.10782931244241585
1267,232,1499,0.1078737949766623
1275,227,1502,0.10791414410965722
1273,229,1502,0.10793349663843596
1276,223,1499,0.10795599831273993
1258,227,1485,0.10796806716511137
1248,228,1476,0.10802123304946006
1260,228,1488,0.10809291955793715
1260,228,1488,0.10813306723245489
1277,233,1510,0.10817125873184388
1271,229,1500,0.10816542240270731
1260,227,1487,0.10817416633152703
1257,222,1479,0.10820738373790086
1253,225,1478,0.10824461560210068
1259,224,1483,0.10828822649412466
1252,225,1477,0.10831383606914542
1268,224,1492,0.10835013271975495
1273,220,1493,0.10834943893080375
1264,211,1475,0.10833754653732713
1276,216,1492,0.10834574616475827
1271,220,1491,0.10832570938262576
1281,221,1502,0.10831840599486432
1273,220,1493,0.10828755029431474
1269,221,1490,0.10827641589472954
1270,215,1485,0.10827911180816276
1267,213,1480,0.10827831296569404
1267,217,1484,0.1082847714774311
1285,219,1504,0.10828833798055625
1287,219,1506,0.10824909257453004
1294,223,1517,0.10820839989287247
1294,221,1515,0.1081571496015413
1276,222,1498,0.10811008142305364
1283,221,1504,0.10810921026016837
1280,226,1506,0.1080950515625431
1290,226,1516,0.10808903364765055
1288,228,1516,0.10806111020722856
1273,224,1497,0.10804024623336124
1264,227,1491,0.1080572972936185
1267,226,1493,0.10809431597511729
1276,230,1506,0.10811969043498312
1268,228,1496,0.10812470169919848
1269,227,1496,0.1081478137191151
1257,228,1485,0.1081688405383582
1245,234,1479,0.10821377907486596
1257,233,1490,0.10828318353570592
1255,233,1488,0.10832233162604556
1247,234,1481,0.10836426282312932
1254,233,1487,0.10841980869960598
1254,232,1486,0.10845306955443829
1259,230,1489,0.10848182246499567
1255,233,1488,0.10849698328514405
1268,230,1498,0.10852058372140407
1277,231,1508,0.10851380532749853
1260,230,1490,0.10848695182475193
1249,227,1476,0.10850077290391255
1243,235,1478,0.10853786890636538
1250,237,1487,0.10858847669998664
1249,239,1488,0.10862047297118138
1247,241,1488,0.10865323854118626
1249,241,1490,0.10868864786256012
1257,238,1495,0.1087155102767734
1250,235,1485,0.10872294181196474
1262,233,1495,0.10874569041095723
1271,236,1507,0.10873903383878708
1267,232,1499,0.10871324363237099
1254,234,1488,0.10869678380517815
1269,234,1503,0.10870945996591136
1269,231,1500,0.10868509623267869
1285,227,1512,0.10866104628911577
1279,226,1505,0.1086020364922501
1266,229,1495,0.10856458568496553
1257,231,1488,0.10855931893107687
1261,229,1490,0.10857311368730038
1269,227,1496,0.10857802127233843
1266,222,1488,0.10856448127550404
1277,226,1503,0.1085569818911132
1274,226,1500,0.1085248408142897
1279,225,1504,0.10850396195888277
1266,230,1496,0.10847421611543367
1272,226,1498,0.10847652110156684
1264,223,1487,0.1084640664487469
1259,225,1484,0.10847194679082714
1257,225,1482,0.10848877891951549
1258,233,1491,0.10850929937108925
1258,234,1492,0.10852569507742955
1260,238,1498,0.10854249226395286
1252,240,1492,0.10855167609799515
1257,237,1494,0.10857897906935163
1240,234,1474,0.1085943830139093
1249,232,1481,0.10864698993079287
1260,234,1494,0.10867429366948254
1254,236,1490,0.10867205988064364
1251,240,1491,0.10868315994499828
1250,243,1493,0.10870117762908574
1248,241,1489,0.10871860308181987
1241,243,1484,0.10874167536205455
1234,237,1471,0.10878108007409444
1244,239,1483,0.10883402360676028
1250,235,1485,0.10886144638101104
1248,234,1482,0.10886853207837532
1252,234,1486,0.1088812358200285
1242,238,1480,0.1088852376614895
1253,232,1485,0.10891155560524911
1270,235,1505,0.10891057017393177
1265,239,1504,0.10886684504861581
1268,236,1504,0.10884115070886737
1253,237,1490,0.1088096541977814
1253,236,1489,0.10881509903413697
1247,238,1485,0.10882082831983084
1260,243,1503,0.10884038106055413
1250,239,1489,0.10882960740553742
1252,233,1485,0.10883948702442783
1262,238,1500,0.1088418733367848
1267,233,1500,0.10882439468627958
1280,232,1512,0.10879609825317715
1276,227,1503,0.10873819682113821
1265,226,1491,0.10869544677369451
1266,227,1493,0.10868195696838363
1260,227,1487,0.10866583999375276
1266,228,1494,0.10866539044486757
1260,236,1496,0.10865412431395118
1260,236,1496,0.10865769264909972
1249,231,1480,0.10866117009270247
1248,233,1481,0.10869021842471699
1245,230,1475,0.10871951538648265
1259,234,1493,0.108754547573504
1256,240,1496,0.10875463572442118
1266,241,1507,0.10876375154925393
1257,242,1499,0.10874769889832323
1247,242,1489,0.10875277938712655
1240,241,1481,0.1087772629740812
1248,238,1486,0.10881549113797938
1259,241,1500,0.10883269881349968
1253,241,1494,0.10882759482894994
1253,242,1495,0.10883769087916118
1257,245,1502,0.10884671885496672
1260,250,1510,0.10884709741185478
1260,253,1513,0.10883769005944006
1254,252,1506,0.1088292381826463
1245,253,1498,0.1088342513856984
1228,254,1482,0.10886035256647532
1237,255,1492,0.10892383325568054
1242,252,1494,0.10896086803732102
1245,251,1496,0.10898464595645102
1249,254,1503,0.10900089722865822
1240,253,1493,0.1090080176157311
1239,250,1489,0.10903408102383967
1250,252,1502,0.10906134877978658
1251,253,1504,0.10905948647162823
1249,257,1506,0.10905665687201042
1254,254,1508,0.10905831278275918
1249,254,1503,0.1090492901088535
1239,261,1500,0.10905266264975008
1230,263,1493,0.10908037281774301
1238,270,1508,0.10912771983615613
1246,270,1516,0.10915539280930822
1237,271,1508,0.1091654150458615
1234,267,1501,0.1091964236403691
1241,266,1507,0.10923412559362919
1238,263,1501,0.10924914218091829
1238,265,1503,0.10927053601824106
1225,267,1492,0.10929171784766481
1220,264,1484,0.10934133043923885
1232,264,1496,0.10939687943186684
1232,265,1497,0.10942245584846841
1219,258,1477,0.10944435033647355
1218,254,1472,0.10949469799373986
1236,260,1496,0.10953762184327293
1234,258,1492,0.10953480340188455
1231,261,1492,0.10953695943150618
1234,262,1496,0.10954493621440943
1230,257,1487,0.109544904424987
1234,255,1489,0.10955175001353658
1237,254,1491,0.10955367271440206
1244,252,1496,0.10954745099667104
1241,258,1499,0.10952699573300997
1252,256,1508,0.10951402443893628
1255,262,1517,0.1094759226734302
1252,256,1508,0.10943223718174687
1239,258,1497,0.10940117468486467
1242,258,1500,0.10940371332087213
1245,257,1502,0.10939961017181471
1235,257,1492,0.10938914025937722
1220,260,1480,0.10940351780062585
1206,263,1469,0.10944896127342635
1227,261,1488,0.10952011044134587
1222,265,1487,0.10954088962071885
1231,260,1491,0.10957304457231101
1235,266,1501,0.10958040783689593
1239,265,1504,0.10958232643032939
1239,267,1506,0.1095717059383956
1241,258,1499,0.10956324372766854
1237,260,1497,0.1095507877856429
1237,259,1496,0.10954778706268317
1242,263,1505,0.10954387328855933
1239,263,1502,0.10952677814617331
1243,258,1501,0.10952022724871106
1238,261,1499,0.10950311254284227
1236,263,1499,0.10949982872072055
1234,262,1496,0.10950146520215544
1218,261,1479,0.10950841382000302
1221,250,1471,0.10955200563318389
1221,260,1481,0.1095861765120909
1231,262,1493,0.10961924634412443
1222,267,1489,0.10962595783415306
1225,269,1494,0.10965131422344956
1233,267,1500,0.10966666325536094
1244,265,1509,0.10966142225752325
1238,264,1502,0.10963117843159638
1240,266,1506,0.10961769272160068
1232,263,1495,0.10960246728685935
1230,264,1494,0.10960830263550761
1229,267,1496,0.10961924684833659
1222,272,1494,0.10963177047069526
1220,281,1501,0.10966036448024895
1223,286,1509,0.10968974505809889
1224,283,1507,0.10971380818760218
1223,289,1512,0.10973546499770688
1217,281,1498,0.10975977611187038
1206,284,1490,0.10979479860141364
1218,284,1502,0.1098552377336576
1208,275,1483,0.10988259192077805
1221,274,1495,0.10992876394264314
1213,281,1494,0.10993704458877666
1210,284,1494,0.10996282088089203
1210,284,1494,0.10999457834931566
1213,283,1496,0.11002367085735645
1195,281,1476,0.11004549882598479
1214,282,1496,0.11010779342177286
1205,286,1491,0.11012184944505186
1210,285,1495,0.11015301831453872
1207,287,1494,0.11017271557049163
1224,289,1513,0.11019742678815427
1224,290,1514,0.11017973527039214
1204,285,1489,0.1101639333754548
1203,287,1490,0.11019437021383918
1213,281,1494,0.11022420549429558
1201,280,1481,0.11022686267835585
1203,280,1483,0.11025808548727202
1207,285,1492,0.11028016672653397
1201,286,1487,0.11029304065032211
1183,289,1472,0.11031912822627593
1206,295,1501,0.11038446897584457
1199,294,1493,0.11039376818793191
1207,302,1509,0.1104214571182544
1199,294,1493,0.11042740125605612
1200,293,1493,0.11045239144303241
1206,291,1497,0.11047301276599507
1202,293,1495,0.11048244766949278
1205,294,1499,0.1105000581936384
1209,298,1507,0.11050838743546187
1203,299,1502,0.11050529166374336
1201,300,1501,0.11051713587595315
1216,299,1515,0.11053360037143803
1218,296,1514,0.11051444473155637
1212,294,1506,0.11049362378464192
1208,293,1501,0.11048597991946854
1203,298,1501,0.11048766274794307
1197,297,1494,0.1105019073709963
1216,295,1511,0.11053057244772012
1202,297,1499,0.110514256034635
1210,295,1505,0.11052840750414937
1199,297,1496,0.11052456580741649
1202,295,1497,0.11054376332388341
1201,298,1499,0.11055624179259727
1205,304,1509,0.11057123567640709
1211,299,1510,0.11057658097636956
1207,307,1514,0.11056961002632029
1197,305,1502,0.11057239811634802
1188,304,1492,0.11059643567423016
1185,307,1492,0.11064057696469576
1198,301,1499,0.11068804629597404
1197,304,1501,0.11070206688662902
1202,303,1505,0.11071896012281325
1186,307,1493,0.1107244970913153
1178,309,1487,0.11076576396352113
1179,313,1492,0.11082287696614845
1174,315,1489,0.11087338971069365
1174,317,1491,0.11093348311989852
1174,309,1483,0.11098592324099295
1185,308,1493,0.11103533037851694
1181,314,1495,0.11105574277393454
1179,317,1496,0.11108313884181036
1188,320,1508,0.11111657588605599
1186,314,1500,0.11112484929872332
1182,317,1499,0.11113850633393488
1182,314,1496,0.11115709669119088
1175,321,1496,0.11117573679335123
1185,321,1506,0.11120590664820383
1187,316,1503,0.11121199429745257
1191,316,1507,0.11121434464429125
1184,313,1497,0.11120949831838377
1177,317,1494,0.1112221975375382
1177,320,1497,0.11125020731791714
1177,322,1499,0.11127670366452116
1179,323,1502,0.11130267730635697
1175,321,1496,0.11132375187785284
1172,322,1494,0.11134568435202492
1161,326,1487,0.11137572684331015
1149,340,1489,0.11142792813533597
1153,340,1493,0.11150432420114864
1137,340,1477,0.11156627791424388
1144,344,1488,0.11166158562272802
1140,349,1489,0.11173628039584912
1133,352,1485,0.11181648315207127
1133,353,1486,0.11190905510218094
1134,350,1484,0.1119927912222797
1135,353,1488,0.11206847616376489
1139,351,1490,0.11213723569795786
1142,353,1495,0.11219288353693599
1148,354,1502,0.11223508248435131
1148,348,1496,0.11225846831824797
1156,354,1510,0.11228284564029209
1146,351,1497,0.11228684551055178
1146,354,1500,0.11231461839615672
1141,351,1492,0.11234127097475827
1143,350,1493,0.1123780898426341
1153,358,1511,0.11240752903561468
1153,357,1510,0.11241210979133473
1156,357,1513,0.11241784565796181
1156,353,1509,0.11241672728088428
1142,364,1506,0.11241830164058954
1138,364,1502,0.11245015799216115
1129,365,1494,0.11249203292448332
1133,364,1497,0.11254937808183234
1130,364,1494,0.11259459108171949
1122,364,1486,0.11264285532860661
1111,368,1479,0.11270778388646564
1111,370,1481,0.11279184046048162
1117,367,1484,0.11286619754531561
1118,368,1486,0.11292468183670866
1121,369,1490,0.11297575490129969
1119,374,1493,0.11301618186559229
1117,378,1495,0.1130605006917548
1108,384,1492,0.1131068798363513
1123,384,1507,0.11317117770476902
1116,384,1500,0.11319897439671628
1119,384,1503,0.11324121627393513
1118,383,1501,0.11327495908241576
1133,387,1520,0.11330732130867585
1122,385,1507,0.11330224267338877
1125,386,1511,0.11332507539101364
1125,394,1519,0.11333943764229858
1126,390,1516,0.1133532169526217
1135,378,1513,0.1133652757095959
1130,379,1509,0.11335600441411721
1122,379,1501,0.11335828257418566
1118,379,1497,0.11337927638631423
1121,380,1501,0.11340582138194051
1114,379,1493,0.11342612942113746
1096,389,1485,0.11346144893054305
1105,384,1489,0.11353574135076609
1102,383,1485,0.11358665053736501
1101,390,1491,0.11364003472109302
1092,392,1484,0.11368979409026496
1100,393,1493,0.1137591124850598
1103,392,1495,0.11380552699771655
1101,396,1497,0.11383739765325
1109,392,1501,0.11387003031131414
1108,396,1504,0.11388106385824777
1110,399,1509,0.11389484061875735
1112,402,1514,0.11390608033051407
1106,401,1507,0.11391024391208235
1088,403,1491,0.11392865136659308
1090,407,1497,0.11398735468291882
1089,408,1497,0.11403826659524693
1095,403,1498,0.11408409778383824
1101,403,1504,0.1141136733787775
1093,414,1507,0.11412984999637231
1095,408,1503,0.11416544208914217
1096,409,1505,0.11419394494602499
1109,408,1517,0.11421619054107783
1093,412,1505,0.11420489883322318
1086,416,1502,0.11423105758944992
1083,423,1506,0.11427195584637864
1079,420,1499,0.11431923966995682
1075,425,1500,0.11437585208426813
1077,424,1501,0.11443761124871109
1066,422,1488,0.11449013172978012
1058,423,1481,0.1145642096554139
1043,428,1471,0.11465173391476138
1038,434,1472,0.11476771279210912
1054,438,1492,0.1148877285538589
1050,438,1488,0.11496238315823742
1057,441,1498,0.11504016242938256
1055,441,1496,0.1150968161877028
1055,442,1497,0.11515449173452871
1053,448,1501,0.11520805323782056
1053,442,1495,0.11525959502340503
1043,438,1481,0.11530698168021462
1034,437,1471,0.11537380430253145
1040,445,1485,0.11545924101333149
1030,451,1481,0.11552640830405946
1045,456,1501,0.11561135516372811
1053,453,1506,0.11565657056822029
1046,458,1504,0.1156831113417578
1057,457,1514,0.11572377959479357
1058,459,1517,0.11573972019534792
1057,463,1520,0.11575257107254043
1044,459,1503,0.11576563737775296
1036,461,1497,0.11580579967060053
1041,449,1490,0.11586212421476977
1052,446,1498,0.11590243312129246
1059,450,1509,0.11591367561034305
1059,452,1511,0.1159099144311097
1055,453,1508,0.11590546532559654
1055,457,1512,0.11590825060989139
1047,462,1509,0.11591122540530076
1045,460,1505,0.11593264129351757
1042,457,1499,0.11595501367614126
1043,458,1501,0.11598457891522548
1049,463,1512,0.11601123828938938
1045,458,1503,0.11602331615465016
1039,452,1491,0.11604277644183089
1025,461,1486,0.11607706077496499
1029,463,1492,0.1161415925851853
1037,456,1493,0.11619148979043036
1050,461,1511,0.116217839441405
1045,461,1506,0.11621205074529324
1033,465,1498,0.11621681643077464
1023,469,1492,0.116251192898937
1038,458,1496,0.11630761370627629
1038,450,1488,0.11632383656754558
1038,445,1483,0.11633990831725888
1040,459,1499,0.11635403719905588
1034,459,1493,0.11636199908350968
1032,457,1489,0.11638206246278489
1023,447,1470,0.11640692134340717
1036,440,1476,0.11644754812593859
1036,442,1478,0.11645504530474175
1043,441,1484,0.11645632169138931
1051,450,1501,0.11643859127909505
1041,451,1492,0.11640241438239879
1049,464,1513,0.11639284964607771
1048,459,1507,0.11636901285546195
1049,466,1515,0.11635087781313831
1034,457,1491,0.1163333331730227
1040,459,1499,0.11635116598154742
1038,462,1500,0.11635245569603299
1036,465,1501,0.11636058344564602
1040,467,1507,0.11637370656178846
1037,460,1497,0.11637803642987102
1040,465,1505,0.11638869557392333
1035,463,1498,0.11639343485192569
1028,465,1493,0.1164082390166903
1024,460,1484,0.11644033829552719
1018,459,1477,0.11647801097418746
1023,461,1484,0.11652748126179034
1024,472,1496,0.11656116324672272
1028,472,1500,0.1165909386363823
1034,471,1505,0.11660580004914266
1039,466,1505,0.11660590984464295
1045,460,1505,0.11659580149924186
1044,464,1508,0.11657135502493339
1052,465,1517,0.11655360656969439
1047,462,1509,0.11651990490415255
1042,464,1506,0.1164987377163258
1039,467,1506,0.1164881120208544
1042,459,1501,0.11648651977585053
1048,463,1511,0.11648033461879571
1044,465,1509,0.11645602132626401
1048,465,1513,0.11644376912638195
1035,475,1510,0.11642911861244293
1024,477,1501,0.1164478783536784
1024,484,1508,0.11649125172722993
1016,486,1502,0.11653020911777384
1023,471,1494,0.11658188520857156
1029,473,1502,0.11661458143248009
1017,469,1486,0.116633877631172
1022,464,1486,0.11667510510250803
1009,472,1481,0.11670297011730742
1017,471,1488,0.11675613406806114
1025,469,1494,0.11678393137835441
1022,466,1488,0.11679258421988521
1027,464,1491,0.11680704151068659
1025,463,1488,0.11680752769114786
1037,468,1505,0.1168114448693241
1033,468,1501,0.1167877920259577
1028,464,1492,0.11677485109479506
1023,465,1488,0.116775840197446
1017,474,1491,0.11678917476924852
1023,474,1497,0.1168158976346599
1029,473,1502,0.11682844233728928
1028,465,1493,0.11682465615903884
1034,473,1507,0.11682453085653777
1044,475,1519,0.11681081023093626
1028,480,1508,0.11677407413330677
1013,479,1492,0.11677894448226178
1013,472,1485,0.1168186556699775
1007,477,1484,0.11685351710607889
1015,472,1487,0.11690117030572007
1018,476,1494,0.11692586129537301
1026,480,1506,0.11694291558080305
1023,482,1505,0.11694091350297159
1007,486,1493,0.1169466911207142
999,493,1492,0.1169886598238696
1006,495,1501,0.11704866725283498
1010,504,1514,0.11708886230212939
1005,504,1509,0.11711980211774164
1000,511,1511,0.11716144208455309
983,518,1501,0.11721387370633352
984,513,1497,0.11730224868376919
986,520,1506,0.11738236895604678
976,516,1492,0.11745542550630553
973,514,1487,0.11754527409851313
985,516,1501,0.11763760725815936
982,528,1510,0.11769391477175434
982,524,1506,0.11775292877659
968,521,1489,0.11780809173516832
964,522,1486,0.11789274809539745
969,522,1491,0.11797939640202429
955,533,1488,0.11804918613311514
962,532,1494,0.11814497885760755
970,536,1506,0.11821760211387072
974,536,1510,0.11826831509313517
967,531,1498,0.11830599103549576
965,528,1493,0.1183555573751493
965,530,1495,0.1184062361163409
974,534,1508,0.1184539866064544
966,530,1496,0.11848196348326451
972,533,1505,0.11852706593575649
967,537,1504,0.11855280978851276
956,539,1495,0.11858736468339938
961,536,1497,0.11864643523145552
964,537,1501,0.11869193809771282
955,542,1497,0.11872656541961547
961,550,1511,0.11878103235790533
967,540,1507,0.11881448801003042
965,543,1508,0.11883171606970558
979,546,1525,0.1188532303275494
959,543,1502,0.11884287592220055
958,548,1506,0.11887746762772684
957,549,1506,0.11891237721114244
953,544,1497,0.11894981339338012
942,544,1486,0.11898901702886938
946,540,1486,0.11905062691714033
939,544,1483,0.11910011343122473
944,550,1494,0.11915966235560913
948,550,1498,0.11920256479623091
941,545,1486,0.11923234639730496
938,547,1485,0.11927633251127964
947,558,1505,0.11932311578465585
954,551,1505,0.11934774633381029
943,549,1492,0.1193523168329338
938,560,1498,0.11938158256431027
939,561,1500,0.1194238360065682
928,550,1478,0.11945821681382847
940,559,1499,0.11951316759453695
937,558,1495,0.11953666659023042
947,555,1502,0.11956566237705218
944,548,1492,0.11957206549329878
939,549,1488,0.11958555045455728
943,549,1492,0.11960842298756466
942,548,1490,0.11962332576326336
935,552,1487,0.11964063944376377
930,557,1487,0.11967080349003328
935,558,1493,0.11971339257552197
943,557,1500,0.11974073952113691
951,559,1510,0.11974905340522758
943,565,1508,0.1197390030521616
950,559,1509,0.11975055612535844
951,559,1510,0.11974252376300079
946,559,1505,0.11973287702497419
947,563,1510,0.11973480300649754
964,555,1519,0.11973473102795017
964,554,1518,0.11969503437260962
963,553,1516,0.11965870730634907
963,550,1513,0.11962993550404752
949,555,1504,0.11960244529801883
957,548,1505,0.11961014648098377
955,559,1514,0.11960060509036907
942,561,1503,0.11959624532269253
947,556,1503,0.11962216504115997
959,564,1523,0.11963344373839149
960,567,1527,0.1196153434012307
945,563,1508,0.11959767752319043
935,561,1496,0.11961716128754628
938,564,1502,0.11965910001883806
941,568,1509,0.11969281817348229
936,558,1494,0.11971949891705508
942,569,1511,0.11975286555519801
941,574,1515,0.1197716958974587
937,567,1504,0.11979099286985288
924,566,1490,0.11981735095292638
934,560,1494,0.11986942188117261
940,560,1500,0.11989289741254888
928,565,1493,0.11990342817862334
930,559,1489,0.11994057303330476
932,559,1491,0.11997109693210999
936,561,1497,0.11999478733951242
944,565,1509,0.120006002452564
936,566,1502,0.12000000977005651
930,559,1489,0.12001479175281528
933,563,1496,0.12004200900844125
941,564,1505,0.12005935737457371
941,560,1501,0.12005790004231798
942,561,1503,0.12005141540004277
931,560,1491,0.12004431910525792
927,562,1489,0.12006151607988143
933,569,1502,0.12008707060814963
934,574,1508,0.12009990775045302
952,574,1526,0.12010945758642709
949,579,1528,0.1200770615246827
948,566,1514,0.1200546551395001
950,569,1519,0.12003450112805894
950,565,1515,0.12001296568434182
944,564,1508,0.11999603870533906
939,566,1505,0.1199934805113945
936,564,1500,0.12000336855218746
937,565,1502,0.12001687646671881
936,558,1494,0.12002589622879359
937,560,1497,0.12003596438404482
936,557,1493,0.12004346703872094
931,554,1485,0.12005300140766428
936,562,1498,0.12007373710853124
934,559,1493,0.1200814482308863
943,557,1500,0.12009509456147299
935,557,1492,0.12008255419023615
927,559,1486,0.1200895666371775
939,560,1499,0.12011341971160583
954,559,1513,0.12010722113787389
949,561,1510,0.12006811018091418
954,558,1512,0.12003964940980975
958,557,1515,0.12000244757643698
960,544,1504,0.11995993970268462
950,547,1497,0.11991471327186339
956,540,1496,0.11989564533510513
957,546,1503,0.1198638360955387
952,558,1510,0.11983426176560552
952,556,1508,0.11981963341294889
953,555,1508,0.1198070588740184
942,555,1497,0.1197903431211034
948,554,1502,0.11980187080275723
946,560,1506,0.1197970751344578
945,558,1503,0.1197959855126669
942,562,1504,0.11980185986243494
931,561,1492,0.11981303376439122
924,561,1485,0.11984575292167735
922,568,1490,0.11989314180355962
922,569,1491,0.11994368584959698
926,571,1497,0.11998905872061857
932,579,1511,0.12002030409089973
931,571,1502,0.1200369264158995
937,576,1513,0.12005400967516293
929,570,1499,0.1200585507372552
926,573,1499,0.12008155528921609
928,563,1491,0.12010799424682723
923,570,1493,0.12012428172231086
922,567,1489,0.12015521636946307
917,572,1489,0.12018653000623898
909,570,1479,0.12022822764885172
912,573,1485,0.12028558855136152
912,572,1484,0.12033002627381524
917,576,1493,0.12037414435057191
918,582,1500,0.12040139534828963
918,579,1497,0.12042210543957839
906,582,1488,0.12044016555493915
905,591,1496,0.1204842627518175
905,596,1501,0.12052803073664521
911,598,1509,0.12057135853499938
907,603,1510,0.12059765532637907
904,597,1501,0.12063025213686938
904,595,1499,0.12066727087085724
915,595,1510,0.12070342808400568
905,597,1502,0.12071282373032936
913,596,1509,0.12074559601241652
912,591,1503,0.12075929840327376
902,596,1498,0.12077544471903728
889,593,1482,0.1208151050181015
888,595,1483,0.12088119652210139
886,593,1479,0.12094346744592034
888,591,1479,0.12100677542229582
890,592,1482,0.12106227699186844
893,595,1488,0.12110722078359888
887,603,1490,0.1211448264896186
893,606,1499,0.12119120790917477
887,613,1500,0.12122018568186992
890,611,1501,0.12126079717012765
885,611,1496,0.12129220935218508
880,595,1475,0.12133415573516818
883,599,1482,0.12138395234574252
883,600,1483,0.12142113616416647
881,604,1485,0.12145478823752788
883,605,1488,0.1214915121663722
891,606,1497,0.12152199574209264
889,613,1502,0.12152994482891374
884,614,1498,0.12154418452259577
885,621,1506,0.12156851907947766
891,612,1503,0.12158870399519336
897,611,1508,0.12159288760171283
893,609,1502,0.12158332685478335
899,609,1508,0.12158639287429879
904,607,1511,0.12157577417065771
903,616,1519,0.12155414253393229
902,606,1508,0.12153455393997671
897,607,1504,0.12152276007909528
903,607,1510,0.121522294535812
896,610,1506,0.12150740039847531
893,616,1509,0.12150873998373184
885,616,1501,0.12152107564231011
880,614,1494,0.12155003101507482
887,618,1505,0.12158959244584853
882,621,1503,0.12161192178791225
886,616,1502,0.12164507662873757
888,624,1512,0.12166407547231241
881,628,1509,0.12167768796793699
872,626,1498,0.12170685212290017
869,625,1494,0.1217528681818478
874,631,1505,0.12180420280316097
869,633,1502,0.12183900700840739
874,626,1500,0.12188190332831407
873,623,1496,0.12190933163888577
860,625,1485,0.12193755567518645
866,630,1496,0.12199637990689513
879,630,1509,0.12203249314724943
887,628,1515,0.122035752786983
883,622,1505,0.12202230375646364
871,629,1500,0.12202194462547604
863,628,1491,0.12205119808002145
862,637,1499,0.12209534488931556
864,646,1510,0.12213918457254018
849,640,1489,0.12217762177997717
855,642,1497,0.1222468264109218
852,644,1496,0.12229598114858213
855,642,1497,0.12234666465500169
862,646,1508,0.122386525842248
863,650,1513,0.12240834402316603
851,658,1509,0.12243024233358653
846,656,1502,0.12247859098702076
853,659,1512,0.12253599962536058
839,667,1506,0.1225731558003666
845,667,1512,0.12264112283709137
853,667,1520,0.12268994921011672
852,657,1509,0.1227145150966345
860,662,1522,0.12274026128445302
853,666,1519,0.12274706664338389
843,664,1507,0.12277163842287829
839,670,1509,0.1228195010984177
836,663,1499,0.12287121218016903
845,656,1501,0.1229275697523752
838,670,1508,0.12295959403198616
840,675,1515,0.12300687322696352
840,668,1508,0.12304213084271662
840,661,1501,0.12307573077810226
836,669,1505,0.12310780924363868
831,663,1494,0.12314728704267258
838,668,1506,0.12319580851734874
830,673,1503,0.1232243800400174
825,675,1500,0.1232715473569213
821,673,1494,0.12332693203300554
827,673,1500,0.12338951165284408
814,672,1486,0.12343498688533469
826,670,1496,0.12350530418909944
837,666,1503,0.12354103434185344
820,669,1489,0.12354796614885229
829,672,1501,0.12359110513426351
832,670,1502,0.12361395184253036
835,665,1500,0.123629557942948
833,668,1501,0.12363821500345856
842,675,1517,0.12365067954162362
839,672,1511,0.12363961319225329
832,664,1496,0.12363634718802637
831,673,1504,0.12365168877706129
833,676,1509,0.1236677903769764
834,671,1505,0.12367725409562856
840,669,1509,0.12368272077317508
836,680,1516,0.12367559748074954
842,682,1524,0.1236787015556114
839,674,1513,0.1236669041154437
835,681,1516,0.12366192810044571
826,683,1509,0.12366642052175536
821,688,1509,0.12369205679070529
821,686,1507,0.12372411198415077
826,682,1508,0.12375526476878168
824,678,1502,0.12377182493055086
827,679,1506,0.12379182231028724
828,680,1508,0.12380505136200615
830,687,1517,0.12381681362619217
828,687,1515,0.12381958703712811
830,683,1513,0.12382986400252785
822,683,1505,0.12383546081183174
829,683,1512,0.12385841819218563
830,670,1500,0.12386439715737635
824,668,1492,0.12386805651457039
828,669,1497,0.12388556571611868
825,673,1498,0.12389072950683304
823,676,1499,0.12390375204571927
820,690,1510,0.12392224496792624
823,687,1510,0.12394574988858906
824,686,1510,0.12396155507811651
827,684,1511,0.12397460062804365
827,689,1516,0.12397978599132614
829,692,1521,0.12398580180194367
822,684,1506,0.12398880933752013
813,677,1490,0.12400917910046015
813,680,1493,0.12404507977761411
817,681,1498,0.12407779089335243
822,689,1511,0.12410100512745598
823,684,1507,0.1241108903233475
828,688,1516,0.1241156455176497
832,678,1510,0.12410748650769171
826,686,1512,0.12409184755135037
828,674,1502,0.12409041930405905
815,674,1489,0.1240840640624005
819,690,1509,0.1241078912269365
816,689,1505,0.1241208042141448
814,693,1507,0.12414051752570764
817,692,1509,0.12416623379042385
807,693,1500,0.12418417345006393
810,697,1507,0.1242216234953732
811,698,1509,0.12425279526058279
812,695,1507,0.12427870416209691
807,698,1505,0.12429972372606304
809,700,1509,0.124329181119547
803,690,1493,0.12435072664394464
807,683,1490,0.12438396022236653
814,683,1497,0.1244068032043063
814,680,1494,0.12441289686748312
806,689,1495,0.12441822727510132
803,700,1503,0.12444216842049222
805,697,1502,0.12447143843021997
807,698,1505,0.12449423853268163
806,701,1507,0.12451276028680903
797,710,1507,0.12453197598458715
793,706,1499,0.12457202018047614
802,712,1514,0.1246203446956558
801,698,1499,0.12464306213981353
799,706,1505,0.12466718331365749
801,701,1502,0.12469239281361301
800,701,1501,0.12471138711148694
806,701,1507,0.12472568087735045
804,692,1496,0.1247260497553737
803,698,1501,0.12472886472333318
805,704,1509,0.12473243324164622
791,694,1485,0.1247317288707379
799,689,1488,0.12476315645863935
791,685,1476,0.12477409105567165
799,691,1490,0.12480299997670098
804,686,1490,0.12480979427781122
811,694,1505,0.12480245684725062
824,691,1515,0.12477693011197717
815,693,1508,0.12472335380057593
818,693,1511,0.12469429228857112
820,689,1509,0.12466262457948982
816,686,1502,0.12462796098933648
815,685,1500,0.12460444900332522
817,685,1502,0.1245827960011329
814,691,1505,0.12455976058165334
805,687,1492,0.1245446389181943
807,693,1500,0.12455428768316923
804,693,1497,0.12455943374043466
812,694,1506,0.1245712989682826
802,694,1496,0.12456443556160311
797,699,1496,0.12458078868466999
810,703,1513,0.12460777599651486
805,708,1513,0.12460339388518131
806,706,1512,0.12461597219088345
805,709,1514,0.12462680409554552
801,719,1520,0.1246375719345426
807,726,1533,0.12465925515757491
798,723,1521,0.12466759548394872
803,723,1526,0.12469829287276564
798,717,1515,0.12471827836945266
787,719,1506,0.12474663842990097
784,723,1507,0.124796089914142
782,723,1505,0.12484923821768078
786,725,1511,0.12490359073415835
784,722,1506,0.12494418318146053
776,726,1502,0.12498505872858588
783,733,1516,0.1250438392121508
771,734,1505,0.12508442241397938
775,737,1512,0.12514874331865322
777,733,1510,0.12519829839057958
778,728,1506,0.12523784846787542
764,734,1498,0.12527472771700007
772,742,1514,0.1253418109951182
772,739,1511,0.12538524412899363
772,743,1515,0.12542708759511098
770,742,1512,0.12546750937478462
761,742,1503,0.12550627785052815
766,741,1507,0.12556269415328206
773,752,1525,0.12560547041690248
765,752,1517,0.12562869529298434
752,748,1500,0.12566962959412412
744,748,1492,0.12573956726668445
748,746,1494,0.12582542420183385
740,750,1490,0.12589606068532003
749,748,1497,0.1259793825638566
755,748,1503,0.12603771775190475
758,752,1510,0.12607583610323203
759,758,1517,0.12610473350494503
760,749,1509,0.12612848310619085
757,760,1517,0.1261483114742525
757,762,1519,0.12617512195574096
762,753,1515,0.12619954731270705
770,754,1524,0.12621264556162295
760,757,1517,0.12620529998200175
752,763,1515,0.12622366384131833
755,766,1521,0.12626027903379441
752,764,1516,0.12628539194289626
750,760,1510,0.12631678235534616
750,762,1512,0.12634814220218588
751,759,1510,0.12637882418593827
746,753,1499,0.12640465584772614
750,755,1505,0.12643990413244172
752,760,1512,0.12646349256155526
754,760,1514,0.12648026440796656
755,771,1526,0.12649079691647805
747,774,1521,0.12650042009887047
734,776,1510,0.12653038048664222
736,762,1498,0.12658840818483771
731,771,1502,0.12663943278124706
733,775,1508,0.1267017213592064
730,765,1495,0.12675339275888894
729,774,1503,0.126808323010015
737,783,1520,0.12686186886732936
733,775,1508,0.1268931946943298
725,773,1498,0.12693054566944442
720,783,1503,0.12698557714458172
723,773,1496,0.12704727906146104
722,775,1497,0.12709723310386412
720,784,1504,0.12714705416203145
723,788,1511,0.12719752290389322
736,788,1524,0.12723532753176392
724,799,1523,0.12724070639380952
725,795,1520,0.12727560381217612
725,804,1529,0.1273072843666347
727,805,1532,0.12733741122851844
726,802,1528,0.12735969611975506
722,804,1526,0.1273874103365047
721,802,1523,0.12742311959479977
724,799,1523,0.12745662393825108
717,800,1517,0.12748262430708227
709,787,1496,0.12752162231788655
711,784,1495,0.12757649582831576
705,785,1490,0.12762362300520036
705,797,1502,0.12768171322007668
706,802,1508,0.12773576435218473
706,806,1512,0.1277848024540133
701,805,1506,0.12783177385902014
690,805,1495,0.1278878171294425
695,808,1503,0.12796398837629888
701,808,1509,0.1280235177418408
708,810,1518,0.12806391103699738
717,811,1528,0.128084374933637
714,812,1526,0.12808169672589548
711,815,1526,0.12808842089702563
707,817,1524,0.12810007644080623
710,807,1517,0.1281208591789483
705,818,1523,0.12813431064997866
711,815,1526,0.1281597892076045
710,806,1516,0.12816882026417362
702,798,1500,0.12817586285345597
702,802,1504,0.12820109431066976
701,802,1503,0.12822363746182577
701,793,1494,0.12824499432994116
705,795,1500,0.12826240954718413
703,789,1492,0.12827086796276554
703,792,1495,0.12828396734388148
700,797,1497,0.12829308449798746
702,797,1499,0.12830622381020415
709,800,1509,0.12831205669554113
709,796,1505,0.12830260056264764
709,804,1513,0.12829285918219693
699,808,1507,0.12828342425492148
700,807,1507,0.1283001566951565
703,811,1514,0.12831470747040105
709,808,1517,0.12832048411393693
708,811,1519,0.12831146681865893
708,806,1514,0.12830761518760045
711,804,1515,0.1283055177447779
713,805,1518,0.1282969603160589
705,810,1515,0.12828606446809387
694,810,1504,0.12829242431107424
694,801,1495,0.12832151998289856
698,802,1500,0.128349347597971
700,801,1501,0.12836492195140395
703,807,1510,0.1283764363530349
697,798,1495,0.12838002467791634
696,809,1505,0.12839657886356495
692,809,1501,0.12841440880160707
689,811,1500,0.12844039339650049
693,812,1505,0.1284741845792231
684,808,1492,0.12849868274930465
679,816,1495,0.12854331466848581
687,815,1502,0.12859862619874154
684,817,1501,0.12862826274924413
691,820,1511,0.1286636321988227
689,815,1504,0.12867800634078697
688,811,1499,0.12869490025184163
682,819,1501,0.12871356474933135
682,818,1500,0.12874622509985525
682,814,1496,0.12877860705445213
680,822,1502,0.128810046340833
676,824,1500,0.12884436846055575
683,832,1515,0.12888577131118992
681,826,1507,0.1289079976172381
686,824,1510,0.12893466511396798
685,822,1507,0.12894611910208215
691,829,1520,0.12895991172577242
691,822,1513,0.12895864945093677
687,821,1508,0.1289559324209786
688,822,1510,0.1289619102732468
684,822,1506,0.12896535578193785
688,829,1517,0.12897904670400195
688,824,1512,0.12898135479107498
680,828,1508,0.12898250009456716
682,831,1513,0.12900045489659648
681,825,1506,0.129012737527015
676,816,1492,0.12902916955423818
684,819,1503,0.12905810086342168
681,824,1505,0.12906437260306286
672,827,1499,0.12907767752258065
669,831,1500,0.12911304257148098
670,825,1495,0.1291514074278124
678,831,1509,0.12918803961496725
672,827,1499,0.12920351617465692
666,825,1491,0.12923165610887424
665,836,1501,0.12927043383095924
670,843,1513,0.12931170866072406
660,841,1501,0.1293378713908655
651,840,1491,0.12938658712230097
656,843,1499,0.12945289882856773
668,835,1503,0.12950319968965032
670,838,1508,0.12952346548133456
676,834,1510,0.12953980616565847
676,831,1507,0.1295413572242131
666,844,1510,0.1295411216090336
665,846,1511,0.12956203918275608
660,830,1490,0.1295832452296606
661,834,1495,0.129612935563464
654,832,1486,0.129638290303269
653,843,1496,0.12967781324112457
661,835,1496,0.12971889140962875
663,844,1507,0.12973888606608713
667,843,1510,0.12975035533290002
665,843,1508,0.12975175806016156
661,841,1502,0.12976050250927285
669,832,1501,0.129776519801976
662,833,1495,0.129773591976894
654,843,1497,0.12978840632329466
652,847,1499,0.12982186402484697
649,853,1502,0.12985786379856315
654,859,1513,0.1299001603323511
657,857,1514,0.12992821523575426
654,853,1507,0.12994874218462157
649,862,1511,0.12997675865527183
643,848,1491,0.1300135767382412
648,846,1494,0.13006273965882512
647,855,1502,0.13009522157107598
647,857,1504,0.13012649734137585
656,848,1504,0.13015540001096268
657,843,1500,0.130158913964237
656,847,1503,0.13015947978731685
659,841,1500,0.13016333255852452
661,842,1503,0.13016141117524596
657,843,1500,0.13015175182215077
649,845,1494,0.1301515604077051
647,849,1496,0.13016871277147626
653,859,1512,0.13019001169880626
644,860,1504,0.13019866323780474
637,856,1493,0.13022782038767805
643,852,1495,0.13027181907303395
645,856,1501,0.13029944730097745
641,853,1494,0.13032122608428484
647,865,1512,0.13034988967389963
642,860,1502,0.13036262747095875
631,851,1482,0.13038566286713507
623,863,1486,0.13043368784920914
628,866,1494,0.13049857657139802
643,864,1507,0.13054493261247027
635,870,1505,0.13055171101309596
636,868,1504,0.13057823553527256
628,885,1513,0.1306000159726293
630,876,1506,0.13063852205571988
632,879,1511,0.1306723097215603
624,885,1509,0.1306990215113115
621,884,1505,0.13074351172000795
620,893,1513,0.1307925160437319
619,890,1509,0.1308410087978073
626,886,1512,0.13088760585303658
622,899,1521,0.13091545503910582
622,894,1516,0.13095234663063748
616,893,1509,0.13098728657329542
619,895,1514,0.13103671132103378
613,889,1502,0.13107465643958424
608,901,1509,0.13112413794666475
597,901,1498,0.1311830169472279
598,898,1496,0.13125968215825126
605,898,1503,0.13132992719500255
607,895,1502,0.13137888721761157
602,897,1499,0.13141860738086536
610,892,1502,0.13146763385324053
614,896,1510,0.13149621507603343
610,901,1511,0.13151299251503049
607,913,1520,0.13153424215581308
600,907,1507,0.13156279239706525
602,898,1500,0.13160372424321753
604,895,1499,0.13163806840670333
601,897,1498,0.1316652337719616
600,901,1501,0.1317005923854553
596,911,1507,0.13173366555226743
593,912,1505,0.1317750073826179
591,911,1502,0.13182069457863527
596,907,1503,0.13186922993807992
589,925,1514,0.13190225587334303
586,915,1501,0.1319507863885318
583,921,1504,0.13200338415827823
584,920,1504,0.13205739540507297
585,928,1513,0.1321056403785131
584,921,1505,0.13215018430752823
582,915,1497,0.13219577601971233
580,931,1511,0.13224442317166862
573,931,1504,0.13229482172323467
578,926,1504,0.13235569376970516
573,914,1487,0.1324028153575406
583,919,1502,0.13245912309288954
587,912,1499,0.13248515855093476
582,910,1492,0.1325006183164964
587,917,1504,0.13252742032145812
582,920,1502,0.132541074167039
578,927,1505,0.132565140332359
581,930,1511,0.13259903797683645
571,938,1509,0.13262524451617067
567,944,1511,0.13267392608550085
566,942,1508,0.13272837577079585
572,950,1522,0.13278167765727292
572,944,1516,0.13281750089147432
570,943,1513,0.13285130387298902
561,950,1511,0.13288617930597904
558,955,1513,0.13293865664117865
559,956,1515,0.1329957991766331
564,951,1515,0.13304864041984998
560,937,1497,0.13308773554735798
559,946,1505,0.13313012177669217
556,950,1506,0.13317419666745742
548,943,1491,0.13322386005054743
538,948,1486,0.1332865486587903
546,956,1502,0.13336922192072476
538,965,1503,0.1334272431629303
540,956,1496,0.13349931357642938
535,959,1494,0.13356030887119977
543,959,1502,0.13362993748183374
543,964,1507,0.1336738549326129
545,961,1506,0.13371490348398374
538,972,1510,0.13374877754911169
543,968,1511,0.13379907357898607
544,969,1513,0.13383315957175307
540,970,1510,0.13386318263326627
535,973,1508,0.13390036433586186
527,972,1499,0.13394693897321291
542,972,1514,0.1340083326518311
548,969,1517,0.1340324679711865
546,965,1511,0.1340402958636633
546,958,1504,0.13405146080743652
547,958,1505,0.13406122145515068
543,966,1509,0.13406628559160175
539,979,1518,0.13408029865830073
539,983,1522,0.13410480385628312
536,978,1514,0.13412747539306402
541,973,1514,0.1341565463798317
539,962,1501,0.13417055766576855
543,969,1512,0.13418684797759745
548,968,1516,0.1341945879787334
544,966,1510,0.13418904925856026
550,955,1505,0.13419417019669452
552,958,1510,0.13418716496521144
547,969,1516,0.1341772421851001
551,964,1515,0.13417941495261407
537,957,1494,0.13417053977636034
534,964,1498,0.13419668516789157
535,959,1494,0.1342271060682677
542,980,1522,0.13425415250215933
538,972,1510,0.13426268675301048
540,967,1507,0.13427821663727615
533,965,1498,0.13428602123362943
544,973,1517,0.13431023813379747
535,968,1503,0.13430983948168976
535,966,1501,0.13433086547900985
541,972,1513,0.13434970188926731
536,969,1505,0.13435395730531463
535,964,1499,0.13437193147030665
538,960,1498,0.13439056452722378
538,957,1495,0.13440177604306805
539,962,1501,0.13441172882105448
537,960,1497,0.1344203430148114
533,960,1493,0.13443181600196108
536,961,1497,0.13445050241596815
535,964,1499,0.13446152920009716
530,970,1500,0.13446784244875157
534,972,1506,0.1344854163955894
545,963,1508,0.13449205603864134
548,975,1523,0.13447319817588643
540,973,1513,0.13444825958231602
537,974,1511,0.13444408665899948
535,989,1524,0.13444892672372474
533,982,1515,0.13445712617764544
533,980,1513,0.1344715090112841
533,974,1507,0.13448645739052312
529,971,1500,0.13449910256947614
529,976,1505,0.1345204868471969
529,990,1519,0.13454110499322824
526,986,1512,0.13456129275333326
526,981,1507,0.13458864705311427
531,985,1516,0.13461111838894596
532,981,1513,0.13461980957045644
531,978,1509,0.13462527404219427
526,984,1510,0.13463549047574397
529,980,1509,0.13465771985630343
528,985,1513,0.13466882500091018
529,988,1517,0.13468293950066923
528,971,1499,0.13469360576345996
522,967,1489,0.13470563471446442
524,966,1490,0.13473193642602513
528,966,1494,0.13475026051909508
531,969,1500,0.13475863114127645
525,982,1507,0.13475860149128194
526,984,1510,0.13477177694176531
530,980,1510,0.1347796632629734
528,984,1512,0.13477942326457362
522,982,1504,0.13478549970324738
519,984,1503,0.13480685218573682
511,990,1501,0.13483217613583315
515,985,1500,0.13487295469387917
517,985,1502,0.13490311461951376
512,990,1502,0.13492992476904228
515,999,1514,0.13496562054155745
522,998,1520,0.13499124056538367
516,1002,1518,0.13499642609083362
512,1012,1524,0.13501749464333396
510,1016,1526,0.1350469071349481
512,1009,1521,0.13508018980864997
504,1010,1514,0.13510652167669945
503,1004,1507,0.1351480743495918
509,991,1500,0.13519046404895246
506,993,1499,0.13521508544272787
504,1002,1506,0.1352440679483775
506,1000,1506,0.13527433374419962
507,1004,1511,0.1352970981416653
507,1008,1515,0.13531767547410656
505,1007,1512,0.13533872443708675
515,1002,1517,0.13536341127633336
511,990,1501,0.13536026243586538
515,999,1514,0.13536518593008073
514,1008,1522,0.13535792516394837
513,1000,1513,0.135356411542779
503,1012,1515,0.13535848133375786
500,1023,1523,0.13538488305892163
500,1021,1521,0.13541333223152974
507,1018,1525,0.13544035526909004
503,1012,1515,0.13544933564347553
510,1016,1526,0.1354687203723471
504,1019,1523,0.13547099181763383
505,1018,1523,0.1354878110810101
505,1009,1514,0.135500581863396
510,1016,1526,0.13551245301002246
508,1020,1528,0.13551418405657323
499,1012,1511,0.13552349222383536
495,1011,1506,0.13555317828278315
493,1011,1504,0.13558969016958247
485,1006,1491,0.13562837068574274
496,999,1495,0.13568221582886486
499,1005,1504,0.1357046827317589
495,1010,1505,0.13571882560216372
485,1014,1499,0.13573876732577125
484,1013,1497,0.13578165551888452
486,1007,1493,0.13582551976394297
481,1017,1498,0.13586269574734847
478,1018,1496,0.1359084230745414
480,1023,1503,0.1359569688146177
476,1017,1493,0.13599931363874868
486,1023,1509,0.13604701471174452
476,1034,1510,0.1360660182740469
474,1021,1495,0.1361061338908203
484,1025,1509,0.13614984327163726
476,1027,1503,0.13616553966088552
474,1037,1511,0.1361993061684363
472,1031,1503,0.13623735916612073
476,1023,1499,0.13627529885762307
477,1032,1509,0.1363035422159168
475,1030,1505,0.13632925098271031
474,1039,1513,0.13635886888990842
469,1030,1499,0.1363895581299012
463,1040,1503,0.13643139387679645
471,1034,1505,0.13648293428775773
464,1048,1512,0.13651095798380633
456,1060,1516,0.1365555974029455
456,1053,1509,0.1366155636037249
465,1048,1513,0.13667310112282643
462,1049,1511,0.13670567328449354
455,1048,1503,0.13674262783899127
455,1053,1508,0.13679337197211422
453,1054,1507,0.13684130726354735
455,1063,1518,0.13689129332644345
456,1063,1519,0.1369348105947617
458,1051,1509,0.13697313349573176
460,1038,1498,0.13700443176235136
456,1044,1500,0.1370271624571405
461,1054,1515,0.13705695834513365
467,1055,1522,0.1370739528301555
471,1053,1524,0.1370742384718742
473,1045,1518,0.13706569739801533
471,1040,1511,0.13705338218076982
469,1047,1516,0.13704687327736237
466,1046,1512,0.13704507935170462
458,1037,1495,0.13705149034677425
465,1041,1506,0.13707588894263983
469,1040,1509,0.13708253751659608
468,1042,1510,0.13707769270088288
463,1040,1503,0.13707741730606723
459,1035,1494,0.13708581651343427
461,1024,1485,0.13710407833600427
456,1045,1501,0.1371162173974872
454,1052,1506,0.13713811942126428
451,1050,1501,0.13716531052851974
445,1061,1506,0.1371987876650952
443,1067,1510,0.13724566349220566
443,1068,1511,0.13729427375725384
440,1059,1499,0.13734144080967284
447,1062,1509,0.13739269870659845
448,1045,1493,0.13742437941758442
442,1043,1485,0.13744917089050304
443,1059,1502,0.1374850980315456
445,1059,1504,0.13751552622940022
447,1076,1523,0.1375399164419635
449,1069,1518,0.13755919109420534
448,1061,1509,0.1375709329542792
450,1062,1512,0.13758182928954285
456,1058,1514,0.13758873459383636
455,1064,1519,0.13758072375568
455,1061,1516,0.13757847003607268
452,1050,1502,0.13757564829336505
449,1056,1505,0.13757798824305195
453,1069,1522,0.13758750463775354
445,1059,1504,0.13758481389984972
447,1068,1515,0.13760026157860192
449,1058,1507,0.13760961881798675
450,1062,1512,0.1376139213746017
442,1058,1500,0.13761531405706395
450,1065,1515,0.1376386181164659
457,1062,1519,0.13763893464574664
448,1073,1521,0.13762500412382284
450,1068,1518,0.13763358870230444
452,1069,1521,0.13763681611620845
442,1073,1515,0.13763494328391634
449,1069,1518,0.13765791300960595
453,1060,1513,0.13766115121019404
450,1055,1505,0.13765397748577918
446,1059,1505,0.1376539682292438
454,1062,1516,0.1376609300903888
449,1063,1512,0.1376505168066814
452,1064,1516,0.1376513385850895
448,1068,1516,0.13764586457847267
452,1067,1519,0.13765088922568855
448,1059,1507,0.1376456856868646
447,1060,1507,0.13764889807114425
448,1048,1496,0.13765616481330625
452,1056,1508,0.13766160477290587
458,1054,1512,0.13765600158593705
453,1053,1506,0.13763795166063175
448,1049,1497,0.1376313941956596
446,1058,1504,0.13763718356732516
445,1055,1500,0.1376479459766838
444,1048,1492,0.1376596316641859
441,1073,1514,0.13767616984443143
436,1068,1504,0.13769790780774915
432,1077,1509,0.13773221444431433
432,1082,1514,0.13777301847071768
435,1082,1517,0.13781180428243506
435,1076,1511,0.13784035964183983
430,1086,1516,0.1378669871305792
437,1082,1519,0.137902428703816
430,1089,1519,0.13791587082324094
427,1077,1504,0.1379458222492591
427,1079,1506,0.1379784791516865
432,1080,1512,0.13801179372214706
428,1071,1499,0.13803021264838444
428,1073,1501,0.13805649010823587
432,1071,1503,0.13808096507535864
439,1065,1504,0.1380939667527722
440,1085,1525,0.13808899908631186
442,1090,1532,0.13808380601167683
439,1081,1520,0.1380726819950608
435,1082,1517,0.1380671288154747
433,1081,1514,0.13806937469206954
430,1080,1510,0.1380776001796779
430,1067,1497,0.13809412466569923
434,1069,1503,0.1381104470746236
427,1075,1502,0.13811699682714085
420,1089,1509,0.13814056605187386
413,1083,1496,0.13818007523697737
414,1086,1500,0.13823329613713026
404,1087,1491,0.13827945358596966
404,1091,1495,0.13834512834780507
403,1096,1499,0.13840832137790712
407,1088,1495,0.13846892628372884
403,1106,1509,0.13851761713669275
401,1121,1522,0.1385723557383686
396,1128,1524,0.13862969461227606
394,1121,1515,0.13869409053056006
386,1120,1506,0.13875728127032505
393,1118,1511,0.13883687153855112
395,1117,1512,0.1388958061006703
392,1114,1506,0.13894585349037153
386,1116,1502,0.13899992294925217
394,1110,1504,0.13906378932456806
389,1120,1509,0.13910353036339643
390,1107,1497,0.13915450091236967
398,1113,1511,0.13919899055172055
397,1114,1511,0.1392199881881315
392,1115,1507,0.1392424023423321
386,1123,1509,0.1392763055990733
389,1118,1507,0.1393218211248983
392,1109,1501,0.13935956698143925
386,1109,1495,0.13938527848311544
391,1099,1490,0.1394234142214926
395,1092,1487,0.13944759313200353
394,1101,1495,0.1394565070050875
395,1109,1504,0.13946635597614457
396,1110,1506,0.13947358556759332
399,1111,1510,0.13948208143927382
397,1115,1512,0.13948419402226428
395,1116,1511,0.1394911852200936
392,1131,1523,0.13950052208183802
394,1128,1522,0.13951862377102425
389,1126,1515,0.13953009460274274
383,1123,1506,0.139551350813255
380,1127,1507,0.13958634071955203
380,1126,1506,0.13962510150653296
382,1133,1515,0.13966295594673414
382,1129,1511,0.13969493277252215
384,1128,1512,0.13972536090689636
381,1128,1509,0.13974860003524708
378,1125,1503,0.1397790430504685
386,1120,1506,0.13981462305090964
384,1116,1500,0.13982885495680056
381,1132,1513,0.13984753195810118
376,1141,1517,0.13987218593045353
377,1137,1514,0.13990557611349475
377,1140,1517,0.13993244654134024
379,1141,1520,0.13995887992205253
383,1133,1516,0.1399803099619249
390,1135,1525,0.13999153154516045
382,1127,1509,0.1399820272693405
383,1125,1508,0.13999239001057823
382,1132,1514,0.1400013737512432
376,1132,1508,0.14000993355046126
372,1131,1503,0.1400322931650757
369,1128,1497,0.1400637610608194
369,1133,1502,0.14009904465682116
371,1139,1510,0.1401312454651682
371,1143,1514,0.1401582543965917
370,1146,1516,0.14018345594823942
373,1159,1532,0.14021113094991933
372,1161,1533,0.14023118677603602
370,1149,1519,0.1402533947768962
367,1139,1506,0.14027724665968996
361,1151,1512,0.14030641680409725
356,1160,1516,0.14034812916765937
351,1159,1510,0.1403989114886851
348,1148,1496,0.1404578988198002
349,1156,1505,0.14051784489656718
340,1163,1503,0.14057369135608486
346,1170,1516,0.14064802258653317
344,1164,1508,0.14070170079968825
345,1163,1508,0.14075539646938168
345,1161,1506,0.14080357961180703
345,1165,1510,0.14084870929213383
348,1168,1516,0.14089174455029835
347,1173,1520,0.14092564040422068
351,1168,1519,0.140959637849515
346,1171,1517,0.1409806170887248
342,1172,1514,0.14101425669387216
336,1183,1519,0.1410553804257214
341,1179,1520,0.14110707130234196
340,1181,1521,0.14114344078547894
338,1177,1515,0.14117991315873457
341,1183,1524,0.1412161827442316
333,1181,1514,0.14124312725226296
338,1188,1526,0.1412875082016876
337,1181,1518,0.1413176012141693
331,1174,1505,0.1413486416641889
329,1181,1510,0.14139161236883954
328,1188,1516,0.14143763712567214
333,1186,1519,0.14148054759435807
329,1185,1514,0.14150973894153174
325,1188,1513,0.14154582108953812
326,1177,1503,0.1415906149945904
323,1185,1508,0.14162925735535004
324,1181,1505,0.14167059177855953
322,1200,1522,0.14170513360055664
325,1198,1523,0.14174285374472959
321,1192,1513,0.14176889761318687
325,1194,1519,0.1418036136715356
325,1182,1507,0.14182776780999048
326,1185,1511,0.1418504432273643
323,1199,1522,0.14187075680681274
324,1209,1533,0.14189928540213026
326,1202,1528,0.14192534041421404
316,1194,1510,0.14194387372205416
314,1203,1517,0.14198556860534187
313,1201,1514,0.14203130081847487
309,1203,1512,0.14207631702694243
305,1197,1502,0.1421280595271709
302,1191,1493,0.14218546603589793
305,1190,1495,0.1422452655778831
305,1204,1509,0.14229372861755155
316,1209,1525,0.14233858913587288
309,1203,1512,0.14235392876235195
315,1200,1515,0.1423847418569556
308,1201,1509,0.14239873551390395
310,1197,1507,0.1424296444398009
310,1203,1513,0.14245458122818874
316,1208,1524,0.1424774775263621
310,1205,1515,0.142484335130544
314,1203,1517,0.14250526956650217
316,1192,1508,0.1425138299595926
313,1192,1505,0.14251678124608388
311,1192,1503,0.14252855001914258
310,1196,1506,0.14254493732005194
313,1202,1515,0.1425616911974474
304,1209,1513,0.1425722502076468
307,1205,1512,0.14260266576905625
305,1208,1513,0.1426234854982353
303,1205,1508,0.14264830370865178
308,1214,1522,0.14267599503426115
310,1209,1519,0.14269220996688323
310,1217,1527,0.1427039735094663
308,1220,1528,0.14271663960030292
300,1204,1504,0.14273145168525037
301,1203,1504,0.14276469220545424
310,1216,1526,0.14279387685570338
306,1224,1530,0.14279649476363893
307,1222,1529,0.1428078302207446
302,1201,1503,0.14281683258346484
302,1210,1512,0.14283758513168954
301,1201,1502,0.14285806273900792
293,1202,1495,0.14287796105608305
301,1207,1508,0.14291173059139076
305,1205,1510,0.14292501009528624
306,1211,1517,0.1429279978862653
307,1210,1517,0.14292848618929319
303,1196,1499,0.14292793028175196
300,1214,1514,0.14293776012557027
297,1220,1517,0.14295528092615017
299,1212,1511,0.14297864195459728
298,1207,1505,0.1429957210196824
295,1208,1503,0.14301315658388042
297,1209,1506,0.14303684975788442
302,1226,1528,0.14305592780124549
304,1223,1527,0.14306087108927634
303,1228,1531,0.14306059531384568
302,1231,1533,0.1430620790758367
296,1226,1522,0.14306680923193726
295,1222,1517,0.1430864184352335
297,1219,1516,0.14310776438123407
291,1223,1514,0.14312262645442864
290,1220,1510,0.14315073739365483
294,1220,1514,0.14317942442360196
293,1221,1514,0.14319740111607768
296,1226,1522,0.14321615574495283
294,1226,1520,0.14322779644232667
292,1219,1511,0.14324382113964074
289,1223,1512,0.14326290081913012
292,1229,1521,0.14328741583998605
287,1219,1506,0.14330281848460216
280,1212,1492,0.1433288542125909
278,1226,1504,0.14336993129319867
272,1215,1487,0.1434134056771256
276,1217,1493,0.14346613333960095
276,1223,1499,0.1435057333527511
275,1225,1500,0.14354082705778898
275,1220,1495,0.14357543439278994
279,1221,1500,0.1436090365082783
278,1227,1505,0.14362837087510602
281,1232,1513,0.14364888728928668
282,1231,1513,0.1436605752854205
274,1224,1498,0.14366892419908084
276,1226,1502,0.14369377330549488
274,1238,1512,0.14371374761522268
280,1251,1531,0.14373930923934006
274,1255,1529,0.14374833533564552
270,1242,1512,0.14377074173105295
267,1227,1494,0.14380046684953662
263,1240,1503,0.14383627018929185
260,1241,1501,0.14387995028685702
260,1240,1500,0.14392871377090852
254,1239,1493,0.1439742948408229
257,1242,1499,0.14403157048325674
260,1247,1507,0.14407610689062542
261,1244,1505,0.14411071020012803
261,1248,1509,0.14413991143932328
254,1246,1500,0.1441681219778852
253,1249,1502,0.1442113189571834
255,1258,1513,0.14425424990853725
255,1252,1507,0.14429114367172052
254,1249,1503,0.14432335812037939
255,1251,1506,0.14435614401807367
258,1252,1510,0.14438634751610713
250,1242,1492,0.14440831336402857
247,1243,1490,0.14444736593771823
255,1251,1506,0.14449072041195865
256,1242,1498,0.14451061814179736
251,1241,1492,0.14452526871605
251,1251,1502,0.14455254341854742
247,1246,1493,0.1445755663387734
252,1253,1505,0.1446065488230469
250,1258,1508,0.1446247190212286
252,1249,1501,0.14464432540811584
246,1259,1505,0.14465659386270993
251,1267,1518,0.14468312353083365
247,1255,1502,0.1446972321365177
247,1266,1513,0.14471945502670244
246,1268,1514,0.14474118138371445
251,1260,1511,0.14476420119920372
249,1270,1519,0.14477376633027172
253,1261,1514,0.14478807196538568
250,1266,1516,0.14478965873155933
247,1265,1512,0.14480008202287015
246,1256,1502,0.1448154472717277
251,1264,1515,0.14483232421386338
251,1263,1514,0.14483672588878313
250,1270,1520,0.14484065051039802
255,1272,1527,0.14484513432173252
254,1257,1511,0.14483384578006692
254,1265,1519,0.14482586012372642
253,1264,1517,0.14481905035516246
252,1267,1519,0.14481799925484232
253,1269,1522,0.14482022508623987
251,1260,1511,0.14481927309772755
251,1271,1522,0.1448251965968933
246,1264,1510,0.14483108407118472
248,1263,1511,0.14484833753665674
248,1263,1511,0.14486116607366614
247,1270,1517,0.14487290707977463
245,1274,1519,0.14488649759270708
247,1278,1525,0.14490436058689146
242,1279,1521,0.14491605554173995
238,1276,1514,0.14493927979165455
241,1270,1511,0.14497145958798202
239,1272,1511,0.14499599118043446
240,1275,1515,0.14502411248032301
238,1274,1512,0.1450461266895899
240,1285,1525,0.14507014412814925
241,1269,1510,0.14508527141529742
240,1275,1515,0.14509719177576477
237,1280,1517,0.14510865120425462
238,1284,1522,0.14512635972150698
236,1273,1509,0.1451399973950044
241,1277,1518,0.14515808550871506
238,1269,1507,0.14516138886301838
243,1269,1512,0.14517297968830792
246,1278,1524,0.14517211462980575
244,1275,1519,0.14516440662896785
234,1278,1512,0.14516227330023046
230,1254,1484,0.14518581504638586
238,1259,1497,0.14521736906282626
241,1253,1494,0.1452264083437487
240,1268,1508,0.14522742913622466
239,1268,1507,0.14523102251303505
240,1266,1506,0.1452368939496738
246,1281,1527,0.14524101566006423
244,1271,1515,0.1452284416340314
241,1276,1517,0.14522039625270255
237,1275,1512,0.14521792683083537
238,1269,1507,0.1452275213923807
240,1276,1516,0.14523547906959966
236,1270,1506,0.14523852563596293
236,1283,1519,0.14525108077751547
236,1275,1511,0.1452640216824721
230,1277,1507,0.14527463014508818
224,1277,1501,0.1452954116865883
221,1280,1501,0.14533032187842726
229,1279,1508,0.145370827506786
230,1288,1518,0.14538470552881577
230,1299,1529,0.14539667412370502
236,1289,1525,0.14540851004304362
235,1281,1516,0.1454052585556412
233,1278,1511,0.14540603452740025
234,1277,1511,0.14541270307478654
235,1274,1509,0.14541691795603065
234,1280,1514,0.14541819321221508
232,1269,1501,0.14542311385309606
233,1278,1511,0.1454333048253545
238,1275,1513,0.14544155037919704
238,1266,1504,0.14543412092352098
237,1277,1514,0.1454270980581946
241,1271,1512,0.14542310958281715
237,1265,1502,0.14541110401232452
236,1268,1504,0.14541032910227444
240,1271,1511,0.1454116506389075
232,1272,1504,0.1454043535893491
231,1287,1518,0.1454149528212074
228,1279,1507,0.14542835469925136
226,1267,1493,0.14544642446216657
227,1274,1501,0.14546928683969856
229,1276,1505,0.14548768555226627
231,1287,1518,0.14550092219341862
231,1302,1533,0.1455092115094687
233,1293,1526,0.14551824818254377
232,1294,1526,0.14552193867738503
231,1295,1526,0.14552840060871225
228,1296,1524,0.14553590151856852
230,1291,1521,0.1455495979145399
227,1295,1522,0.1455571874367736
231,1287,1518,0.14557343067911582
224,1287,1511,0.14557801075507734
229,1286,1515,0.14559635558053313
231,1280,1511,0.14559971504128055
233,1287,1520,0.14559850121455084
235,1284,1519,0.1455925246894385
233,1290,1523,0.14558092269074643
224,1284,1508,0.14557417341042775
224,1277,1501,0.1455909383388785
222,1283,1505,0.14560855195751501
220,1286,1506,0.14563085163385897
217,1294,1511,0.14565561920765482
212,1282,1494,0.14568547852879826
216,1280,1496,0.1457252881036032
220,1298,1518,0.14575336706233244
226,1297,1523,0.14577106925549374
224,1289,1513,0.14577293253738322
222,1292,1514,0.1457788535279605
223,1294,1517,0.14578913274931488
225,1279,1504,0.1457978641696737
228,1272,1500,0.14580027677148677
229,1275,1504,0.1457945381591214
224,1274,1498,0.14578574807922892
228,1274,1502,0.14578924427673318
230,1276,1506,0.1457819561595985
231,1280,1511,0.14577097129954736
232,1275,1507,0.14575925993273606
232,1267,1499,0.1457468581243489
231,1279,1510,0.14573556567465876
229,1276,1505,0.1457276704500361
229,1274,1503,0.14572496435635848
227,1290,1517,0.14572297035247128
225,1296,1521,0.14572715947125472
229,1280,1509,0.14573664287620003
235,1285,1520,0.14573360952499903
235,1285,1520,0.14571774817235092
239,1285,1524,0.14570316734761402
240,1281,1521,0.14567974734870237
237,1276,1513,0.14565701735482367
236,1280,1516,0.1456432481920646
235,1275,1510,0.14563453003413973
231,1284,1515,0.14562783276594518
225,1283,1508,0.14563138654739188
228,1272,1500,0.14564846404234177
230,1275,1505,0.14565524983212927
231,1276,1507,0.14565429257176954
236,1279,1515,0.14565058251166296
239,1274,1513,0.14563550734673014
236,1268,1504,0.14561225094943522
238,1267,1505,0.14559604755797226
238,1278,1516,0.145577055682853
237,1264,1501,0.14555887399098646
236,1280,1516,0.14554631651113323
233,1273,1506,0.145537178574916
238,1275,1513,0.145536110763045
237,1272,1509,0.14552211768506168
238,1272,1510,0.14551364152684365
234,1269,1503,0.14550371315003324
236,1273,1509,0.14550596741010174
232,1272,1504,0.145503298571237
230,1259,1489,0.14550969098147362
226,1270,1496,0.1455193330924955
229,1279,1508,0.14553646015714963
228,1279,1507,0.14554586645929674
230,1280,1510,0.14555825729210148
227,1284,1511,0.1455659751432629
224,1288,1512,0.14558006341207613
224,1289,1513,0.1456016097374387
224,1283,1507,0.14561964607095512
220,1291,1511,0.14563731468132501
221,1290,1511,0.14565944122925678
224,1297,1521,0.14567496841105002
230,1290,1520,0.14568242668226744
228,1287,1515,0.14567464019109255
227,1284,1511,0.14567349442413216
220,1288,1508,0.1456761401549063
226,1295,1521,0.1456953660839122
217,1305,1522,0.14569786942365254
209,1307,1516,0.14572298619965404
209,1308,1517,0.14576617457750696
204,1299,1503,0.14580456120290447
203,1308,1511,0.14585117249612586
202,1311,1513,0.14589712780069797
203,1313,1516,0.14594368418175652
204,1308,1512,0.14598690052033036
208,1314,1522,0.14602340643188674
207,1303,1510,0.14605033770577974
207,1303,1510,0.14607862893016016
203,1314,1517,0.146104686687287
205,1318,1523,0.14613770543660615
201,1319,1520,0.1461632023787093
205,1313,1518,0.14619728392718725
202,1319,1521,0.1462208482129574
203,1313,1516,0.14624733219360878
202,1317,1519,0.14627048055931258
201,1310,1511,0.14629471330393531
206,1301,1507,0.14632072747351782
205,1313,1518,0.14633221068999788
207,1324,1531,0.14634388360824782
200,1321,1521,0.1463519497461088
197,1313,1510,0.14637686004269704
196,1306,1502,0.14640939757852778
199,1315,1514,0.1464433776332826
197,1314,1511,0.14646704010153558
196,1315,1511,0.14649471095141975
194,1319,1513,0.14652363966902449
191,1320,1511,0.14655643315153752
193,1326,1519,0.14659281342776942
188,1321,1509,0.14662231222707692
190,1325,1515,0.1466615302489288
189,1339,1528,0.14669421315423997
192,1344,1536,0.14672758210307257
192,1337,1529,0.1467523516934456
189,1330,1519,0.14677423038082046
182,1325,1507,0.14680175167839912
180,1327,1507,0.1468436294342857
180,1319,1499,0.14688678996890567
182,1306,1488,0.14692703543752142
184,1309,1493,0.1469589349646169
190,1302,1492,0.1469850220229572
192,1325,1517,0.14699253711669816
189,1321,1510,0.14699481406765447
189,1326,1515,0.14700533381431768
189,1312,1501,0.1470151084285352
188,1317,1505,0.14701944635689018
190,1313,1503,0.14702510531812832
186,1325,1511,0.1470258558018589
181,1330,1511,0.14703809362807757
179,1345,1524,0.14706109878238077
175,1320,1495,0.14708815862996233
178,1332,1510,0.14712272959808775
173,1349,1522,0.14715015092147524
171,1343,1514,0.14718840884283702
170,1336,1506,0.14722979668980346
164,1341,1505,0.14727116166609333
164,1354,1518,0.1473243774762682
161,1357,1518,0.1473733586604514
162,1360,1522,0.1474244103369073
156,1348,1504,0.1474704906319198
155,1346,1501,0.14752823540427404
155,1343,1498,0.14758491933674597
152,1349,1501,0.14763795682594655
154,1347,1501,0.14769537354069529
154,1356,1510,0.14774157545313546
151,1359,1510,0.1477835204101654
154,1359,1513,0.1478305408648398
151,1358,1509,0.14786728588838116
148,1353,1501,0.14790848248223507
144,1359,1503,0.14795588555828745
143,1372,1515,0.14800883470827414
144,1364,1508,0.1480621649118824
143,1368,1511,0.14811116720126816
141,1377,1518,0.14815743714055835
147,1365,1512,0.1482057866713647
141,1369,1510,0.14823471529048796
142,1371,1513,0.14827546491171106
141,1360,1501,0.14831261887876812
143,1359,1502,0.1483511256580132
146,1372,1518,0.14838101838686812
151,1370,1521,0.1483984494090371
147,1365,1512,0.14840195604968656
150,1355,1505,0.1484152066027695
148,1363,1511,0.1484204682200965
145,1354,1499,0.14843069653681656
142,1354,1496,0.14844888661320188
146,1348,1494,0.1484722134811609
146,1354,1500,0.14848342168632472
141,1364,1505,0.1484945950286413
140,1374,1514,0.1485180134694842
140,1373,1513,0.14854264411747337
141,1372,1513,0.14856590484443935
138,1372,1510,0.14858484726043725
138,1357,1495,0.14861005716338055
135,1352,1487,0.14863461675805423
135,1355,1490,0.14866443009752278
134,1360,1494,0.1486929713652497
134,1371,1505,0.1487225228102261
133,1383,1516,0.14875028581384966
133,1386,1519,0.14877894338608183
131,1386,1517,0.14880672705214584
129,1394,1523,0.14883603644891072
129,1397,1526,0.148868312156017
129,1395,1524,0.14889941435612075
130,1390,1520,0.1489297553423419
127,1376,1503,0.1489539770758764
126,1383,1509,0.14898443840177536
120,1387,1507,0.14901570936287858
119,1378,1497,0.14905945393679823
118,1384,1502,0.14910369402396328
116,1384,1500,0.14914594840852957
116,1401,1517,0.14918947970582364
113,1399,1512,0.14923144087841286
112,1399,1511,0.1492776940533449
115,1398,1513,0.1493220287188324
116,1402,1518,0.14935723737520898
117,1397,1514,0.14938729673891893
114,1396,1510,0.14941364325334372
114,1397,1511,0.14944669177625283
115,1392,1507,0.14947734445559788
116,1397,1513,0.14950340688536057
116,1400,1516,0.14952587350154167
116,1399,1515,0.14954795906965798
112,1398,1510,0.14956953935101322
111,1404,1515,0.14959915645344424
112,1400,1512,0.1496287038028504
111,1399,1510,0.14965327273958684
109,1405,1514,0.1496781626891991
106,1409,1515,0.14970467160862655
107,1411,1518,0.14973687823191587
102,1404,1506,0.14976540810235445
106,1417,1523,0.14980324871497108
106,1406,1512,0.14982961057532543
107,1411,1518,0.14985402393764446
107,1412,1519,0.1498725664436201
109,1412,1521,0.14989009711676843
109,1408,1517,0.14990183790050832
109,1406,1515,0.1499132560312457
106,1414,1520,0.14992508155725173
105,1407,1512,0.1499437787730082
107,1403,1510,0.1499616779938946
107,1413,1520,0.14997512727143492
109,1403,1512,0.1499883529895368
107,1409,1516,0.1499954504476885
103,1414,1517,0.1500075124969371
100,1417,1517,0.15002722548714378
99,1409,1508,0.1500531848425106
99,1421,1520,0.15007843142258329
96,1407,1503,0.1501031122264935
95,1418,1513,0.15013367439426467
96,1434,1530,0.15016390848956346
98,1415,1513,0.15018739050062455
97,1413,1510,0.15020569087090252
95,1404,1499,0.15022572566948447
96,1419,1515,0.15025022745349076
95,1424,1519,0.15026821301881546
95,1427,1522,0.1502866351292863
96,1420,1516,0.15030464549395714
95,1433,1528,0.15031881563855806
94,1429,1523,0.15033426035514263
96,1412,1508,0.15035218505312556
92,1429,1521,0.1503646347863236
91,1425,1516,0.1503848932087553
90,1427,1517,0.15040715059961893
90,1433,1523,0.1504317520242624
89,1439,1528,0.15045495085195976
88,1423,1511,0.15047792229429346
86,1430,1516,0.15050289238691453
85,1436,1521,0.15053140882839156
84,1440,1524,0.150560149521458
87,1441,1528,0.1505888222602236
88,1438,1526,0.15060609743771847
87,1422,1509,0.1506182127524269
86,1423,1509,0.15063298452671062
86,1421,1507,0.1506496597994481
85,1405,1490,0.1506658871594232
80,1409,1489,0.15068416947962565
84,1426,1510,0.15071384298659016
84,1420,1504,0.1507305289796505
86,1431,1517,0.15074601795677725
84,1438,1522,0.15075590192956928
85,1443,1528,0.15077011986640068
86,1428,1514,0.15077900476934566
87,1430,1517,0.15078600488136992
86,1437,1523,0.15079076885074205
85,1428,1513,0.15079813934712957
86,1420,1506,0.1508088280167657
92,1436,1528,0.15081598698861423
91,1443,1534,0.15080355648455232
93,1436,1529,0.1507936083863645
92,1434,1526,0.1507798224964914
93,1424,1517,0.15077107518279845
95,1424,1519,0.1507619961113791
97,1426,1523,0.1507483227796395
97,1415,1512,0.15072787121268358
94,1410,1504,0.15071034103103045
97,1409,1506,0.15070169604386965
92,1410,1502,0.15068417909185247
89,1403,1492,0.1506809440642055
92,1418,1510,0.15068373311455135
90,1412,1502,0.1506801623434547
89,1419,1508,0.15068256132687957
88,1426,1514,0.1506887804109215
89,1418,1507,0.1506974070614379
89,1424,1513,0.15070438456562393
87,1415,1502,0.15071093225603852
89,1424,1513,0.1507207273035225
91,1417,1508,0.15072305111041978
86,1417,1503,0.15072068546998443
87,1431,1518,0.15073072294074635
87,1435,1522,0.15073885625938288
91,1443,1534,0.15074759709213525
91,1427,1518,0.15074509497890162
91,1433,1524,0.15074419686273077
92,1425,1517,0.15074213566487063
91,1434,1525,0.15073649477937917
92,1430,1522,0.15073364050814717
87,1427,1514,0.1507284794469589
89,1429,1518,0.15073701599077485
88,1432,1520,0.15073905394772422
87,1423,1510,0.150744185420751
89,1439,1528,0.1507516179129701
86,1431,1517,0.15075195968852673
90,1420,1510,0.15076012717833906
90,1430,1520,0.1507551947665962
89,1428,1517,0.15075108531961776
87,1429,1516,0.15074788657845054
87,1417,1504,0.15075054197866145
89,1433,1522,0.15075212207733624
90,1440,1530,0.15075021138913455
90,1447,1537,0.15074685255832565
88,1432,1520,0.15074407636689835
88,1428,1516,0.1507475554050102
88,1427,1515,0.15075039509402474
90,1427,1517,0.15075271795904624
91,1426,1517,0.15075154323731124
91,1420,1511,0.15074834241238594
93,1420,1513,0.15074484361211393
91,1411,1502,0.15073589732567721
90,1406,1496,0.15073030578240001
87,1403,1490,0.15072981112648637
90,1415,1505,0.15073628259652
91,1415,1506,0.15073491409012435
91,1421,1512,0.15073147079659102
88,1425,1513,0.15072979333967587
86,1419,1505,0.1507357861879929
87,1425,1512,0.150746851502438
86,1433,1519,0.15075527326402138
89,1434,1523,0.15076644032726172
89,1436,1525,0.15077062124856946
88,1428,1516,0.15077413331306413
88,1422,1510,0.15078059548961056
88,1437,1525,0.1507872840252409
85,1428,1513,0.1507942721905497
88,1434,1522,0.1508068871776197
89,1433,1522,0.15081157084807864
86,1430,1516,0.15081424899006338
86,1440,1526,0.1508241571316326
85,1430,1515,0.1508309201405751
80,1443,1523,0.15083820262586362
80,1434,1514,0.15085678159496818
79,1440,1519,0.1508751263147602
76,1441,1517,0.1508950119454658
76,1437,1513,0.15092000168390193
76,1432,1508,0.15094410109256196
74,1436,1510,0.15096654071325047
73,1439,1512,0.15099243842799395
67,1439,1506,0.15101962730149016
65,1448,1513,0.151059692143412
63,1447,1510,0.15110073558546305
61,1462,1523,0.15114424735702037
59,1466,1525,0.1511902519741945
60,1459,1519,0.151238417811433
61,1453,1514,0.15128038452423076
59,1460,1519,0.15131638830200084
62,1453,1515,0.15135511805133425
64,1446,1510,0.15138358458982
64,1448,1512,0.15140553206025523
64,1445,1509,0.1514253420845193
64,1437,1501,0.151444740333749
62,1447,1509,0.15146370474675025
62,1457,1519,0.15148644982414097
61,1461,1522,0.15150791478367664
60,1460,1520,0.15153064837315144
60,1453,1513,0.1515532367533722
60,1464,1524,0.1515749926384412
58,1469,1527,0.1515944704649021
58,1467,1525,0.15161770484829679
56,1464,1520,0.15163978609935502
58,1460,1518,0.15166427396740378
60,1461,1521,0.1516822447167134
61,1455,1516,0.15169424312622407
58,1447,1505,0.15170217119238122
59,1447,1506,0.15171701001342403
60,1450,1510,0.15172785314918347
57,1453,1510,0.15173586223318894
55,1438,1493,0.15175163699028826
55,1452,1507,0.15177056884888038
56,1442,1498,0.15178851661077428
55,1466,1521,0.1518037091356324
55,1452,1507,0.15181997545241008
52,1446,1498,0.151835843652147
53,1450,1503,0.15185690641278324
53,1452,1505,0.15187407550448065
51,1448,1499,0.1518897560503013
52,1456,1508,0.15190930950123532
51,1464,1515,0.15192445185233683
54,1458,1512,0.15193946233759392
54,1463,1517,0.15194573751741183
53,1475,1528,0.15195257912808074
53,1467,1520,0.15196113145964682
52,1467,1519,0.15196899594340635
52,1479,1531,0.1519784531192395
52,1485,1537,0.15198830689358306
52,1484,1536,0.1519979344532899
52,1475,1527,0.15200781722162293
52,1463,1515,0.15201785832600131
50,1461,1511,0.15202754830253104
51,1469,1520,0.15204182536118285
52,1472,1524,0.15205266265989614
53,1471,1524,0.15206025949480959
53,1460,1513,0.15206533280970166
56,1458,1514,0.15207075219387045
58,1470,1528,0.15206499866111817
59,1460,1519,0.1520543278103331
57,1464,1521,0.15204272535012012
58,1456,1514,0.152037170722895
58,1449,1507,0.15203069709401165
60,1449,1509,0.15202548161199206
59,1441,1500,0.15201444351036433
57,1444,1501,0.15200508835140072
57,1468,1525,0.15200179926227833
55,1460,1515,0.15199863455642582
55,1455,1510,0.15200027986771172
59,1451,1510,0.15200275935305962
61,1456,1517,0.1519946156469115
59,1447,1506,0.1519815136444761
60,1451,1511,0.15197442036343486
61,1458,1519,0.15196553523176648
59,1452,1511,0.1519543473666384
57,1456,1513,0.15194931697182967
55,1454,1509,0.15195055211575093
54,1459,1513,0.15195692422785456
55,1465,1520,0.1519646875414048
55,1475,1530,0.15197043138692348
54,1458,1512,0.1519765705831253
55,1470,1525,0.151984569395645
53,1467,1520,0.15199052043713265
51,1470,1521,0.15200125358408115
52,1478,1530,0.15201519648826486
50,1474,1524,0.15202572998987252
52,1473,1525,0.15204061372384622
51,1461,1512,0.15204967500374045
50,1454,1504,0.15206000596352784
50,1463,1513,0.1520714903761026
52,1459,1511,0.15208183906723513
52,1475,1527,0.15208642565914096
50,1479,1529,0.15209118524847404
52,1479,1531,0.15210083675217648
52,1467,1519,0.15210276210096715
53,1472,1525,0.15210453855908906
50,1459,1509,0.15210476801414394
49,1472,1521,0.15211366727017725
50,1468,1518,0.15212494558414483
50,1477,1527,0.1521328625126705
50,1487,1537,0.15214093067311002
50,1481,1531,0.1521479533380628
47,1471,1518,0.15215469888466238
48,1466,1514,0.1521682886061659
47,1475,1522,0.15217933498990996
48,1475,1523,0.15219247316478413
46,1471,1517,0.1522019765799934
45,1477,1522,0.15221590645346267
47,1468,1515,0.1522317512754507
47,1478,1525,0.15224148496467865
46,1473,1519,0.15225107879408206
46,1478,1524,0.1522615829494265
47,1476,1523,0.15227192199278622
43,1469,1512,0.15227978129087624
46,1474,1520,0.15229649518338775
48,1484,1532,0.15230556109901652
46,1485,1531,0.15230808905347598
47,1485,1532,0.15231537411202412
49,1477,1526,0.15231955105296463
50,1473,1523,0.15231736919860628
51,1460,1511,0.15231279496602151
51,1469,1520,0.1523062217641465
50,1464,1514,0.15230021327712165
50,1469,1519,0.15229743509914961
50,1472,1522,0.15229334919769144
54,1471,1525,0.15229018679781398
53,1466,1519,0.15227503670077297
52,1475,1527,0.1522625861000598
54,1477,1531,0.15225389462827274
53,1473,1526,0.152240196790963
50,1473,1523,0.15223058697721262
49,1470,1519,0.15222916872790423
47,1477,1524,0.15223050812245173
48,1477,1525,0.1522363445128528
52,1472,1524,0.15223932943134258
52,1470,1522,0.1522311189666447
53,1472,1525,0.1522243092259139
54,1462,1516,0.15221506168572804
54,1461,1515,0.15220314885832742
51,1460,1511,0.15219242200863764
51,1465,1516,0.15219241120770496
51,1453,1504,0.15219319370572432
52,1460,1512,0.1521946447575832
54,1464,1518,0.1521938153498197
53,1466,1519,0.15218558918844746
54,1468,1522,0.15218096202207163
51,1469,1520,0.15217337565793432
48,1471,1519,0.15217391319649454
46,1467,1513,0.15218186372718756
46,1475,1521,0.15219441958151425
45,1479,1524,0.1522067590696315
42,1477,1519,0.15222105538869454
43,1475,1518,0.1522414993650875
45,1477,1522,0.15225900600441214
45,1475,1520,0.1522701775029372
46,1468,1514,0.15228019447758195
44,1450,1494,0.1522871541376405
46,1466,1512,0.15229902623351166
45,1472,1517,0.15230440317018418
43,1471,1514,0.1523103492810336
44,1456,1500,0.15231892167498395
43,1465,1508,0.15232419555003537
42,1469,1511,0.15233230373681303
44,1463,1507,0.15234415799113266
44,1464,1508,0.15235044546784263
45,1469,1514,0.15235709707964637
45,1458,1503,0.15236112382282163
44,1468,1512,0.15236451695626485
43,1479,1522,0.15237056450071507
44,1471,1515,0.15237906023930792
44,1474,1518,0.15238435324375876
47,1482,1529,0.15238996157229015
47,1476,1523,0.1523862395619365
47,1479,1526,0.15238159336100696
47,1476,1523,0.1523774234863068
46,1481,1527,0.15237328397894717
45,1487,1532,0.15237237374012585
45,1454,1499,0.15237452128093978
46,1451,1497,0.15237730942557262
47,1452,1499,0.15237652467265814
48,1465,1513,0.1523732867083673
49,1452,1501,0.15236723679066735
52,1455,1507,0.15235838911028968
54,1467,1521,0.1523422692703133
53,1466,1519,0.15232179214725586
53,1457,1510,0.15230659380393166
54,1460,1514,0.15229232676371107
54,1450,1504,0.15227676227090026
52,1447,1499,0.15226221079079544
54,1452,1506,0.15225440094436227
51,1453,1504,0.15224247151739978
51,1454,1505,0.1522388148234748
49,1472,1521,0.15223609074599914
47,1473,1520,0.15223905691054437
48,1477,1525,0.15224688308045814
48,1475,1523,0.15225234687515868
48,1473,1521,0.152256681311953
50,1477,1527,0.15226137634571743
49,1473,1522,0.15226105644498536
49,1480,1529,0.1522635661696171
48,1482,1530,0.15226436437576749
47,1481,1528,0.15226825762326562
48,1474,1522,0.15227470569538895
46,1466,1512,0.15227807189430545
47,1469,1516,0.15228648364248762
45,1475,1520,0.15229067930468473
45,1474,1519,0.1522990980115946
46,1465,1511,0.15230729693451997
47,1466,1513,0.15231144559629442
47,1468,1515,0.15231288093095352
46,1472,1518,0.15231495963498662
47,1475,1522,0.15231970198820552
47,1481,1528,0.15232262682404504
47,1485,1532,0.15232599440859437
45,1485,1530,0.15232971820068308
44,1490,1534,0.1523380057402576
44,1471,1515,0.1523472712872705
43,1482,1525,0.15235649228894632
45,1485,1530,0.15236775588780319
46,1486,1532,0.15237310600007642
47,1490,1537,0.15237625236171495
45,1483,1528,0.15237736328926332
46,1470,1516,0.15238297485884464
44,1469,1513,0.15238645335511022
45,1474,1519,0.1523949140121176
46,1477,1523,0.1524009512732002
45,1456,1501,0.1524045293200663
44,1472,1516,0.15241032532082124
44,1468,1512,0.15241818625417536
44,1468,1512,0.1524258007000489
43,1470,1513,0.1524331611997007
43,1475,1518,0.1524424301115223
43,1469,1512,0.1524501760303621
41,1466,1507,0.15245771231846408
42,1483,1525,0.15246727575122698
43,1475,1518,0.1524734388902671
41,1473,1514,0.1524764169218151
39,1466,1505,0.152484041207856
38,1482,1520,0.1524961428011098
39,1489,1528,0.15250962228191237
39,1485,1524,0.152517877207487
38,1497,1535,0.15252533702648977
40,1485,1525,0.15253498946846084
40,1486,1526,0.15254024623113605
40,1495,1535,0.15254504751011166
40,1471,1511,0.1525501426536683
41,1476,1517,0.15255545734492282
41,1474,1515,0.15255781972569768
42,1465,1507,0.15256011747599474
43,1454,1497,0.15255850059495327
43,1462,1505,0.15255438039959343
44,1464,1508,0.15255107953768512
45,1471,1516,0.15254538956739327
42,1459,1501,0.1525383434966951
40,1473,1513,0.15253944245767787
39,1486,1525,0.15254534207527087
38,1486,1524,0.15255352173179507
38,1489,1527,0.15256428882774772
37,1477,1514,0.15257475107173268
35,1471,1506,0.15258743830748742
35,1467,1502,0.15260390415641234
35,1468,1503,0.15261959346306642
35,1477,1512,0.15263453140154687
34,1483,1517,0.15264874375682655
34,1488,1522,0.1526645144169123
35,1486,1521,0.1526783606533988
34,1464,1498,0.15268936239177083
33,1469,1502,0.15270115644617846
32,1461,1493,0.15271464432014703
31,1481,1512,0.1527297176452032
31,1477,1508,0.15274618931704798
31,1480,1511,0.15276187828173274
34,1477,1511,0.1527768106490077
33,1477,1510,0.1527815179373175
33,1463,1496,0.15278953817466964
33,1480,1513,0.15279738375221924
34,1485,1519,0.1528050348521375
33,1494,1527,0.15280922655554824
34,1482,1516,0.15281602010969364
35,1487,1522,0.15281895396973702
34,1485,1519,0.1528198916728588
32,1488,1520,0.15282330264840513
32,1488,1520,0.15283144758131137
32,1484,1516,0.15283823934149565
33,1490,1523,0.15284495969107595
35,1477,1512,0.1528472860065167
37,1475,1512,0.15284444933268376
37,1482,1519,0.15283636190686645
37,1480,1517,0.1528294280217847
34,1497,1531,0.15282162220922416
31,1487,1518,0.15282145994479396
33,1471,1504,0.152828348281814
34,1478,1512,0.15283098440871287
35,1489,1524,0.15283173640908665
36,1478,1514,0.15282947593183788
36,1481,1517,0.152824687389951
38,1471,1509,0.15281877719703044
39,1476,1515,0.1528074798403522
40,1478,1518,0.1527933788464772
41,1478,1519,0.15277872276559898
39,1478,1517,0.1527635336311168
41,1482,1523,0.15275448997656027
40,1477,1517,0.1527409233583699
38,1488,1526,0.15273188589243705
35,1486,1521,0.15272868639376605
38,1485,1523,0.152733735213827
38,1482,1520,0.1527311942507502
38,1464,1502,0.15272860931352006
37,1471,1508,0.1527256883383448
35,1468,1503,0.15272495933784277
33,1474,1507,0.15273021800641806
32,1488,1520,0.15273921431593618
31,1478,1509,0.15275031856054797
31,1480,1511,0.15276341813931793
30,1481,1511,0.1527761368783919
31,1495,1526,0.15279061622207973
31,1483,1514,0.15280133449578123
31,1481,1512,0.15281181012453615
31,1494,1525,0.15282093848555955
31,1487,1518,0.1528299483090273
32,1479,1511,0.15283880441683662
31,1490,1521,0.15284420195352819
32,1491,1523,0.1528518975935192
31,1485,1516,0.15285625591298024
33,1469,1502,0.15286186631770873
33,1458,1491,0.15286209927745037
33,1466,1499,0.15286289864352015
35,1488,1523,0.15286417372032135
35,1483,1518,0.15285992782391056
37,1493,1530,0.15285652430808122
36,1500,1536,0.15284758058594222
35,1485,1520,0.1528415729546144
35,1466,1501,0.15283874379828424
36,1473,1509,0.1528356060634
37,1479,1516,0.15283001404711413
37,1477,1514,0.1528226584182157
34,1476,1510,0.15281642307440227
32,1477,1509,0.15281841180154465
32,1470,1502,0.15282443549820993
32,1490,1522,0.15282955061159859
33,1479,1512,0.1528348975308982
33,1469,1502,0.15283732588131702
33,1487,1520,0.152840398873042
33,1478,1511,0.15284314519393852
34,1474,1508,0.15284619796463111
34,1464,1498,0.15284624371549183
33,1481,1514,0.15284588262515267
32,1487,1519,0.15284860870745234
34,1491,1525,0.15285269459213457
35,1484,1519,0.15285159336479023
35,1487,1522,0.15284839896199937
36,1487,1523,0.15284503682553102
35,1487,1522,0.15283923605597835
36,1488,1524,0.15283660753140527
36,1475,1511,0.15283226609532766
36,1466,1502,0.15282875568585993
33,1479,1512,0.1528248509850182
34,1488,1522,0.152829798689165
33,1492,1525,0.1528320388520705
32,1490,1522,0.15283669331501834
31,1502,1533,0.15284356831084367
32,1504,1536,0.1528523996275535
32,1487,1519,0.15285870054442197
31,1494,1525,0.15286489898333755
29,1491,1520,0.15287306001354956
28,1499,1527,0.15288527603874436
29,1493,1522,0.15289910592235736
28,1485,1513,0.15291000688091624
27,1486,1513,0.15292266454010417
27,1484,1511,0.15293706644702687
27,1494,1521,0.15295072118872152
28,1493,1521,0.15296366154085875
28,1483,1511,0.1529727495355698
28,1496,1524,0.15298147711375656
28,1498,1526,0.15298984740210797
26,1491,1517,0.15299786516149907
27,1499,1526,0.15300987908337607
27,1491,1518,0.1530180218388292
27,1494,1521,0.15302588821777774
27,1495,1522,0.15303347378195792
27,1491,1518,0.15304077641424224
26,1493,1519,0.15304779598016083
27,1490,1517,0.15305671669813062
27,1497,1524,0.1530623029837832
28,1494,1522,0.15306773972969728
28,1492,1520,0.15306974972749704
26,1491,1517,0.1530718989281109
25,1493,1518,0.15307844682627342
23,1487,1510,0.15308697339486133
24,1482,1506,0.15309947234461924
23,1481,1504,0.15310824110664564
24,1481,1505,0.1531197047592814
25,1487,1512,0.15312816624170852
26,1495,1521,0.15313299865138585
25,1482,1507,0.15313539470921111
23,1487,1510,0.15313940102265788
23,1501,1524,0.1531477710329931
22,1501,1523,0.15315584229379428
21,1493,1514,0.1531661229926834
19,1502,1521,0.15317810306106744
19,1494,1513,0.1531938224324942
18,1494,1512,0.15320827824393907
17,1500,1517,0.15322427374945607
17,1498,1515,0.15324088398625402
17,1497,1514,0.15325669693669378
19,1493,1512,0.15327174016266568
18,1492,1510,0.1532802089162498
20,1487,1507,0.1532906115422263
19,1494,1513,0.15329517694829806
19,1511,1530,0.15330197334218393
20,1518,1538,0.15330868080410137
20,1512,1532,0.15331199738397516
22,1492,1514,0.15331548411440946
20,1482,1502,0.1533130483958895
21,1493,1514,0.1533161381467053
21,1488,1509,0.15331715516786182
21,1488,1509,0.15331845200402106
21,1489,1510,0.15331997863632194
19,1499,1518,0.1533216912694665
19,1494,1513,0.15332788414817478
19,1489,1508,0.15333392787586994
18,1490,1508,0.15333980951779583
18,1498,1516,0.15334781939500397
18,1510,1528,0.1533554941413945
18,1515,1533,0.15336257064994105
19,1499,1518,0.15336936715040653
20,1503,1523,0.15337360306991082
19,1498,1517,0.15337446747831962
17,1499,1516,0.15337767932546387
18,1514,1532,0.1533852232978883
15,1498,1513,0.15339025700190917
14,1504,1518,0.15340175782735577
14,1505,1519,0.1534149663922165
13,1499,1512,0.1534274949218177
13,1501,1514,0.15344154248828293
13,1513,1526,0.15345455170572328
12,1505,1517,0.15346688736678313
12,1491,1503,0.1534807517726694
11,1507,1518,0.15349386728553135
10,1501,1511,0.15350873995129544
11,1504,1515,0.15352490616327485
11,1520,1531,0.15353756404832938
11,1524,1535,0.15354952938620786
11,1524,1535,0.15356083650858415
11,1511,1522,0.15357151843112554
11,1519,1530,0.15358160685778932
12,1508,1520,0.1535911321922401
10,1510,1520,0.15359756123309018
11,1506,1517,0.15360801223639609
11,1495,1506,0.15361557582013727
11,1508,1519,0.15362275877025322
10,1511,1521,0.15362957643637634
9,1500,1509,0.15363822270782668
10,1507,1517,0.15364855671058833
10,1509,1519,0.1536560866357825
10,1507,1517,0.1536632116961906
9,1508,1517,0.15366995131651268
9,1514,1523,0.15367855994992405
9,1506,1515,0.15368667694723956
8,1510,1518,0.15369432903959235
8,1518,1526,0.15370373270132587
8,1513,1521,0.15371258414055855
7,1520,1527,0.15372091485017514
7,1517,1524,0.15373090147716373
6,1504,1510,0.1537402954448675
4,1497,1501,0.15375130795771733
4,1507,1511,0.15376597375560816
3,1508,1511,0.15377975856567275
3,1514,1517,0.15379486928613872
3,1510,1513,0.15380907062993343
2,1513,1515,0.15382241690055276
2,1523,1525,0.1538371507240255
2,1511,1513,0.15385099286704557
2,1514,1516,0.15386399711004986
2,1519,1521,0.15387621400803866
2,1512,1514,0.15388769108220565
2,1522,1524,0.15389847300036363
2,1516,1518,0.15390860174680238
2,1514,1516,0.15391811678218117
2,1527,1529,0.15392705519402664
2,1522,1524,0.15393545183837418
2,1523,1525,0.15394333947306235
2,1533,1535,0.15395074888316185
2,1532,1534,0.153957708998993
1,1524,1525,0.15396424700716144
1,1515,1516,0.15397255368296947
1,1526,1527,0.1539803570897773
1,1531,1532,0.15398768769121532
1,1532,1533,0.15399457410964842
1,1533,1534,0.15400104323719271
1,1523,1524,0.1540071203400655
1,1507,1508,0.15401282915666614
1,1513,1514,0.1540181919897624
1,1510,1511,0.15402322979313365
1,1517,1518,0.1540279622530031
1,1511,1512,0.1540324078645701
1,1515,1516,0.15403658400393605
1,1521,1522,0.15404050699569996
1,1518,1519,0.15404419217648246
1,1526,1527,0.15404765395462283
1,1533,1534,0.1540509058662788
1,1530,1531,0.1540539606281439
1,1531,1532,0.15405683018698701
1,1531,1532,0.15405952576620344
1,1530,1531,0.15406205790955776
1,1527,1528,0.15406443652228746
1,1524,1525,0.15406667090972564
1,1512,1513,0.15406876981359197
1,1524,1525,0.15407074144609265
1,1521,1522,0.15407259352196087
1,1531,1532,0.15407433328856182
1,1522,1523,0.1540759675541791
1,1513,1514,0.15407750271459159
1,1507,1508,0.15407894477804457
1,1503,1504,0.154080299388711
1,1505,1506,0.15408157184873467
1,1498,1499,0.15408276713894048
1,1512,1513,0.15408388993829245
1,1515,1516,0.1540849446421746
1,1522,1523,0.1540859353795662
1,1514,1515,0.15408686602917815
1,1517,1518,0.1540877402346127
1,1526,1527,0.15408856141860602
1,1506,1507,0.1540893327964089
1,1512,1513,0.15409005738835754
1,1511,1512,0.1540907380316833
1,1512,1513,0.1540913773916077
1,1518,1519,0.1540919779717656
1,1512,1513,0.15409254212399748
1,1521,1522,0.15409307205754844
1,1523,1524,0.1540935698477103
1,1529,1530,0.15409403744394054
1,1533,1534,0.154094476677489
1,1524,1525,0.15409488926856307
1,1524,1525,0.1540952768330586
1,1513,1514,0.15409564088888317
1,1508,1509,0.1540959828618961
1,1522,1523,0.15409630409148886
1,1525,1526,0.15409660583582702
1,1517,1518,0.1540968892767749
1,1509,1510,0.1540971555245214
1,1510,1511,0.15409740562192603
1,1518,1519,0.15409764054860095
1,1522,1523,0.15409786122474609
1,1518,1519,0.1540980685147516
1,1518,1519,0.15409826323058198
1,1510,1511,0.15409844613495513
1,1506,1507,0.15409861794432855
1,1509,1510,0.15409877933170482
1,1499,1500,0.15409893092926663
1,1504,1505,0.15409907333085227
1,1492,1493,0.15409920709428107
1,1492,1493,0.1540993327435379
1,1512,1513,0.15409945077082488
1,1517,1518,0.15409956163848904
1,1522,1523,0.15409966578083312
1,1518,1519,0.1540997636058163
1,1533,1534,0.15409985549665195
1,1530,1531,0.15409994181330855
1,1525,1526,0.15410002289391958
1,1517,1518,0.15410009905610772
2,1505,1507,0.1541001705982291
2,1506,1508,0.15409696505271406
2,1513,1515,0.1540940611746878
2,1516,1518,0.15409143027732664
2,1529,1531,0.15408904642051424
2,1520,1522,0.15408688614667934
2,1525,1527,0.15408492824211123
2,1514,1516,0.154083153521292
3,1515,1518,0.15408154463202128
3,1520,1523,0.15407681398108075
3,1522,1525,0.15407252488802275
3,1523,1526,0.1540686355916787
4,1521,1525,0.15406510831532597
4,1514,1518,0.1540586376358725
4,1502,1506,0.15405276967901255
4,1507,1511,0.15404744760584874
4,1508,1512,0.15404261998199292
4,1513,1517,0.15403824026088458
4,1528,1532,0.15403426631668007
4,1517,1521,0.15403066002194546
4,1508,1512,0.1540273868658456
3,1515,1518,0.15402441560893673
3,1521,1524,0.1540240141773726
3,1515,1518,0.15402370918945504
3,1505,1508,0.15402348782502626
3,1496,1499,0.15402333871494503
3,1497,1500,0.15402325178804932
3,1509,1512,0.15402321813367809
3,1526,1529,0.15402322987820338
3,1517,1520,0.1540232800741751
3,1496,1499,0.15402336260081897
3,1518,1521,0.15402347207475273
3,1505,1508,0.1540236037698962
3,1511,1514,0.15402375354565395
3,1517,1520,0.15402391778253807
4,1517,1521,0.15402409332448308
4,1505,1509,0.15402101601101992
4,1496,1500,0.15401825005175315
4,1505,1509,0.1540157645916079
4,1511,1515,0.15401353179598737
4,1508,1512,0.1540115265572805
4,1511,1515,0.15400972622975725
4,1511,1515,0.15400811039011336
4,1504,1508,0.15400666062119084
4,1510,1514,0.15400536031663728
4,1497,1501,0.15400419450448413
4,1508,1512,0.15400314968781698
4,1514,1518,0.15400221370088818
4,1521,1525,0.15400137557918026
4,1520,1524,0.15400062544207269
4,1523,1527,0.15399995438689434
4,1509,1513,0.15399935439326104
4,1516,1520,0.1539988182367044
3,1506,1509,0.15399833941069294
3,1502,1505,0.15400006933667032
4,1503,1507,0.1540017145908606
4,1514,1518,0.154000984044763
4,1502,1506,0.15400032752901086
4,1499,1503,0.15399973770099673
4,1519,1523,0.1539992079372389
4,1506,1510,0.15399873226348695
4,1517,1521,0.153998305291589
4,1516,1520,0.1539979221624678
4,1526,1530,0.15399757849461737
4,1521,1525,0.1539972703375862
4,1523,1527,0.15399699412996684
4,1527,1531,0.15399674666145619
4,1535,1539,0.15399652503859348
4,1531,1535,0.15399632665382124
3,1529,1532,0.15399614915754753
3,1519,1522,0.15399815000732328
3,1505,1508,0.15400003648756116
3,1507,1510,0.15400181476567623
3,1514,1517,0.15400349071533107
3,1510,1513,0.15400506992611476
3,1512,1515,0.1540065577134447
3,1521,1524,0.1540079591285983
3,1519,1522,0.1540092789687945
3,1528,1531,0.15401052178725697
2,1519,1521,0.15401169190320219
3,1509,1512,0.15401495115488092
4,1516,1520,0.15401528658788202
4,1518,1522,0.15401336406356134
4,1508,1512,0.15401162322338763
4,1502,1506,0.15401004680425234
4,1509,1513,0.15400861918918193
4,1500,1504,0.15400732625000602
4,1505,1509,0.15400615520508518
4,1518,1522,0.15400509449065553
4,1515,1519,0.15400413364448592
4,1519,1523,0.1540032632006676
4,1521,1525,0.15400247459447056
4,1524,1528,0.15400176007630173
4,1520,1524,0.15400111263389366
4,1523,1527,0.15400052592193533
5,1514,1519,0.1539999941984324
4,1509,1513,0.15399624856428468
4,1526,1530,0.15399501183553854
4,1519,1523,0.1539939610118001
4,1520,1524,0.1539930740332345
4,1524,1528,0.15399233122379738
4,1520,1524,0.1539917150454182
4,1529,1533,0.15399120987688153
4,1522,1526,0.15399080181496116
4,1522,1526,0.15399047849560443
5,1533,1538,0.153990228933178
5,1526,1531,0.153986781477387
5,1529,1534,0.15398369452070454
4,1520,1524,0.15398093162157356
4,1516,1520,0.1539806233067307
4,1510,1514,0.15398044445693213
3,1505,1508,0.15398037638545162
4,1503,1507,0.1539825571955124
4,1506,1510,0.1539824617688225
3,1503,1506,0.15398245226744234
3,1505,1508,0.1539847274214779
4,1509,1513,0.15398692419257742
4,1514,1518,0.15398642963751424
4,1515,1519,0.15398605803638368
4,1511,1515,0.1539857928683997
4,1508,1512,0.1539856194946142
4,1525,1529,0.15398552495861617
3,1518,1521,0.15398549780754642
3,1528,1531,0.15398775779191656
3,1534,1537,0.15398992429956607
3,1521,1524,0.15399199866865243
3,1523,1526,0.1539939825823796
3,1511,1514,0.1539958780063871
3,1516,1519,0.15399768713399725
3,1509,1512,0.15399941233844908
3,1513,1516,0.1540010561313394
3,1499,1502,0.1540026211265724
3,1502,1505,0.15400411000919334
3,1503,1506,0.15400552550854787
3,1503,1506,0.1540068703752675
3,1499,1502,0.15400814736163565
3,1508,1511,0.15400935920493575
3,1512,1515,0.15401050861342647
3,1511,1514,0.15401159825462726
3,1518,1521,0.15401263074563187
3,1510,1513,0.15401360864519836
3,1493,1496,0.15401453444739263
4,1496,1500,0.15401541057658555
4,1504,1508,0.15401314961438772
4,1514,1518,0.15401112190200517
4,1505,1509,0.15400930404234098
4,1517,1521,0.15400767494680173
4,1499,1503,0.15400621560981143
4,1504,1508,0.15400490890521149
4,1511,1515,0.15400373940243137
4,1522,1526,0.1540026932005176
5,1520,1525,0.1540017577782943
5,1505,1510,0.15399765131479431
5,1508,1513,0.1539939396878303
7,1516,1523,0.1539905848449961
7,1496,1503,0.15398101494767807
7,1512,1519,0.1539723475221602
7,1511,1518,0.1539644967867856
7,1508,1515,0.15395738515600188
7,1493,1500,0.15395094245461033
6,1501,1507,0.15394510520750834
6,1498,1504,0.15394257388875782
6,1507,1513,0.15394031356378302
6,1511,1517,0.15393829644522802
6,1507,1513,0.1539364975271779
6,1516,1522,0.15393489431066829
6,1517,1523,0.15393346655605156
6,1509,1515,0.15393219605960484
7,1513,1520,0.15393106645202012
6,1518,1524,0.15392678789017464
6,1515,1521,0.15392514244490668
6,1492,1498,0.15392373580260127
6,1498,1504,0.15392253999184136
6,1514,1520,0.1539215300432755
6,1495,1501,0.15392068368136286
6,1511,1517,0.15391998104699625
6,1508,1514,0.15391940444795493
5,1506,1511,0.1539189381344369
5,1512,1517,0.1539207238093992
5,1504,1509,0.15392246284337088
5,1500,1505,0.1539241520323765
5,1510,1515,0.1539257889537663
5,1510,1515,0.15392737186190886
5,1507,1512,0.15392889959571746
5,1512,1517,0.1539303714967599
4,1518,1522,0.15393178733682944
4,1515,1519,0.153935311025549
4,1506,1510,0.15393864861414935
4,1500,1504,0.15394180871852378
4,1504,1508,0.15394479968997515
4,1501,1505,0.153947629606375
4,1501,1505,0.15395030626625872
4,1502,1506,0.15395283718544683
4,1503,1507,0.15395522959583152
3,1499,1502,0.15395749044600648
2,1507,1509,0.1539618019155589
3,1516,1519,0.15396809306751277
3,1515,1518,0.15397169409852313
3,1513,1516,0.1539750929462009
3,1510,1513,0.1539783002486609
3,1505,1508,0.15398132615926152
3,1512,1515,0.15398418036029124
3,1519,1522,0.1539868720773562
3,1520,1523,0.15398941009427713
3,1522,1525,0.15399180276833055
3,1511,1514,0.15399405804569238
3,1504,1507,0.15399618347696226
3,1508,1511,0.1539981862326645
3,1510,1513,0.15400007311863806
3,1531,1534,0.1540018505912418
3,1517,1520,0.15400352477231297
3,1514,1517,0.15400510146382873
3,1501,1504,0.15400658616222876
3,1506,1509,0.15400798407236654
3,1495,1498,0.1540093001210626
3,1497,1500,0.1540105389702413
3,1496,1499,0.15401170502963588
3,1498,1501,0.15401280246905263
3,1504,1507,0.15401383523018938
3,1516,1519,0.15401480703800544
3,1505,1508,0.15401572141164427
4,1506,1510,0.15401658167491275
4,1511,1515,0.1540141178759779
4,1513,1517,0.1540119118802092
4,1522,1526,0.154009937542024
4,1506,1510,0.1540081713206829
4,1510,1514,0.15400659202348965
4,1514,1518,0.15400518057414725
4,1519,1523,0.15400391980381564
4,1521,1525,0.15400279426265517
4,1511,1515,0.15400179004985604
5,1513,1518,0.1540008946603476
5,1526,1531,0.15399683577622997
5,1526,1531,0.1539931689420525
4,1517,1521,0.15398985629209186
4,1517,1521,0.15398902367369993
4,1519,1523,0.1539883491189744
4,1500,1504,0.15398781252292626
4,1499,1503,0.15398739602537312
4,1489,1493,0.1539870837750168
4,1501,1505,0.15398686171752557
4,1523,1527,0.15398671740522352
4,1523,1527,0.15398663982622662
4,1510,1514,0.15398661925107826
4,1517,1521,0.15398664709513027
4,1492,1496,0.15398671579508813
4,1501,1505,0.15398681869829656
5,1501,1506,0.15398694996348244
5,1502,1507,0.15398382824635054
5,1503,1508,0.1539809239297351
5,1497,1502,0.15397832879212928
5,1491,1496,0.15397601115361767
5,1501,1506,0.15397394251088856
5,1506,1511,0.1539720972227744
5,1512,1517,0.15397045222667877
5,1500,1505,0.1539689867828697
5,1495,1500,0.15396768224391622
5,1499,1504,0.15396652184680776
5,1512,1517,0.15396549052553746
5,1494,1499,0.1539645747421464
6,1503,1509,0.1539637623344211
6,1520,1526,0.153959787713508
6,1515,1521,0.1539561987497468
5,1514,1519,0.15395295802135617
5,1513,1518,0.15395223858534268
5,1501,1506,0.1539516655120361
4,1511,1515,0.15395121993373093
4,1510,1514,0.15395364022998048
4,1503,1507,0.15395593229754073
4,1506,1510,0.15395810207547014
4,1505,1509,0.15396015532318874
4,1503,1507,0.15396209761372212
4,1503,1507,0.1539639343290751
4,1509,1513,0.15396567065743885
4,1506,1510,0.15396731159196927
4,1518,1522,0.15396886193090478
4,1516,1520,0.15397032627881907
3,1513,1516,0.15397170904882948
3,1523,1526,0.15397517697900265
3,1519,1522,0.15397844085351486
3,1528,1531,0.15398151241081992
4,1521,1525,0.15398440274107547
4,1520,1524,0.15398386562474828
4,1513,1517,0.15398347216662991
4,1511,1515,0.15398320297255752
4,1512,1516,0.15398304085117917
4,1504,1508,0.15398297058172694
4,1496,1500,0.15398297870534797
4,1508,1512,0.15398305333765483
4,1502,1506,0.15398318400038571
4,1498,1502,0.15398336147027236
3,1516,1519,0.15398357764339957
2,1516,1518,0.15398598599134755
2,1522,1524,0.15399046604829075
2,1518,1520,0.15399470948712823
1,1503,1504,0.1539987271656818
1,1518,1519,0.15400494799974368
1,1516,1517,0.1540107920760631
1,1512,1513,0.1540162821521165
1,1510,1511,0.15402143961676137
1,1511,1512,0.1540262845719482
1,1514,1515,0.15403083590961264
1,1513,1514,0.15403511138402703
1,1513,1514,0.1540391276798734
1,1509,1510,0.15404290047628688
1,1520,1521,0.15404644450710314
1,1525,1526,0.15404977361753136
1,1523,1524,0.15405290081746117
1,1513,1514,0.1540558383316004
1,1512,1513,0.15405859764662896
1,1511,1512,0.1540611895555445
1,1495,1496,0.15406362419936367
1,1494,1495,0.15406591110633625
1,1512,1513,0.15406805922881678
1,1522,1523,0.15407007697793343
1,1531,1532,0.15407197225618322
1,1518,1519,0.15407375248807686
1,1521,1522,0.15407542464894824
1,1514,1515,0.15407699529203786
1,1514,1515,0.154078470573952
1,1521,1522,0.15407985627859475
1,1522,1523,0.15408115783966325
1,1506,1507,0.154082380361792
1,1507,1508,0.15408352864042635
1,1508,1509,0.15408460718050124
0,1531,1531,0.1540856202139965
