1380,30,1410,0.13579591937976285
1393,32,1425,0.13291422368434602
1427,32,1459,0.13026117696379202
1444,33,1477,0.127754165774661
1441,34,1475,0.12542418262478933
1453,32,1485,0.12331778894372114
1458,31,1489,0.12137063669755734
1451,30,1481,0.1195890805218763
1464,31,1495,0.11799034900837499
1465,33,1498,0.11649945569968874
1454,34,1488,0.11514030055204155
1461,32,1493,0.11393197306504742
1456,32,1488,0.11281753288620557
1449,35,1484,0.1118181400281765
1446,37,1483,0.11092666471237997
1452,37,1489,0.11012325653125558
1448,37,1485,0.10937716489880078
1449,36,1485,0.10870734950922682
1464,36,1500,0.10809845761733719
1467,35,1502,0.10751058520548458
1458,34,1492,0.10696458332847741
1460,33,1493,0.10649039212842488
1459,34,1493,0.10605449464712297
1440,34,1474,0.10565900868764212
1454,35,1489,0.10534569506074588
1451,35,1486,0.1050285485156952
1441,36,1477,0.10474694972806362
1451,36,1487,0.10451598965502079
1454,35,1489,0.10428551091627242
1455,35,1490,0.10406579595246751
1449,34,1483,0.10386238359099073
1454,35,1489,0.10369239197326968
1455,39,1494,0.10352570958282083
1446,39,1485,0.10337221435590514
1459,41,1500,0.10325377765723343
1455,41,1496,0.10311649341789324
1454,40,1494,0.10300139689762751
1455,40,1495,0.10289866743171437
1455,42,1497,0.10280391971447844
1458,41,1499,0.1027156553891323
1448,42,1490,0.1026274131803716
1435,44,1479,0.10256888201435341
1426,45,1471,0.10254866410575084
1442,46,1488,0.10255178741909653
1442,48,1490,0.10251906833551816
1444,48,1492,0.10248953213007721
1450,49,1499,0.10246254521856311
1451,51,1502,0.10242550247849075
1439,51,1490,0.10238764904574178
1441,49,1490,0.10237965374590047
1442,50,1492,0.10236870075841165
1415,52,1467,0.10235583702758604
1427,51,1478,0.10240654363524851
1434,51,1485,0.10242683954005521
1415,50,1465,0.10243088297255895
1412,52,1464,0.10247747370737209
1416,52,1468,0.10252902935685214
1430,52,1482,0.1025682853324362
1438,51,1489,0.10256993071304839
1435,51,1486,0.10255276779559125
1439,52,1491,0.10254495821926751
1444,50,1494,0.10252817258984476
1435,53,1488,0.10250209410502398
1431,56,1487,0.10249874707991014
1436,58,1494,0.1025054063651983
1423,59,1482,0.10250160202659764
1408,60,1468,0.10252951071282254
1429,63,1492,0.10259132040362953
1417,63,1480,0.10259916766092475
1404,66,1470,0.10263493573239586
1415,64,1479,0.10269861527713262
1423,63,1486,0.10273264077758781
1422,64,1486,0.10274546974970095
1419,65,1484,0.10275959233266999
1423,65,1488,0.1027790683718517
1413,67,1480,0.10279028816705908
1422,68,1490,0.102823928215067
1415,68,1483,0.10283699439271615
1417,67,1484,0.10286339136862577
1422,69,1491,0.10288309254428213
1412,71,1483,0.10289039124721842
1417,73,1490,0.10291992057550296
1411,72,1483,0.10293574734283827
1414,72,1486,0.10296327097739474
1413,69,1482,0.10298141560738801
1430,67,1497,0.10300139464045235
1434,65,1499,0.10298253454731529
1435,66,1501,0.10295557414327063
1419,66,1485,0.10292711901470074
1420,67,1487,0.10293748931182362
1416,72,1488,0.10294523725134312
1433,71,1504,0.10296265746695907
1417,70,1487,0.10294003124656999
1410,74,1484,0.10295447912334105
1404,79,1483,0.10298574446893471
1416,77,1493,0.10302989964554687
1403,77,1480,0.10304187866887184
1405,77,1482,0.10308432104705208
1406,78,1484,0.10311957643586414
1406,78,1484,0.10314918425590991
1427,77,1504,0.10317629748367166
1418,79,1497,0.10315316735784963
1425,79,1504,0.10315097132982184
1419,79,1498,0.10313549733147878
1404,81,1485,0.10313536046337227
1401,82,1483,0.10316832482426616
1393,81,1474,0.10320735899202825
1397,83,1480,0.10326544452736439
1408,82,1490,0.10330742016073025
1423,86,1509,0.1033211398992241
1414,88,1502,0.10330089094616485
1418,89,1507,0.10330089214681167
1419,89,1508,0.10329300915307922
1415,86,1501,0.10328594407116537
1404,87,1491,0.10328783626542862
1410,86,1496,0.10330978159404759
1405,85,1490,0.10331738182094455
1397,89,1486,0.10333753324050171
1407,89,1496,0.10337370360204137
1408,87,1495,0.10338511550818826
1407,88,1495,0.10339491691205777
1409,88,1497,0.10340537542452868
1407,90,1497,0.10340983152351396
1401,96,1497,0.10341762031240631
1391,96,1487,0.10344038402154844
1383,99,1482,0.10348593724627332
1396,98,1494,0.10354434190599564
1410,100,1510,0.10356920111585718
1408,104,1512,0.10356187468770908
1386,104,1490,0.10356085504436162
1384,104,1488,0.10360974447896548
1374,104,1478,0.10365889393159247
1372,101,1473,0.1037271439248058
1380,97,1477,0.10379444890681301
1387,98,1485,0.10384017767222463
1389,101,1490,0.10386264278247946
1398,98,1496,0.10388047291606459
1402,95,1497,0.10387625068253613
1391,95,1486,0.10386361115866972
1392,99,1491,0.10387712553601018
1394,95,1489,0.10388778072149492
1392,95,1487,0.10389350255478423
1390,95,1485,0.10390327287088001
1389,93,1482,0.10391891128027328
1390,93,1483,0.10393498553787824
1388,96,1484,0.10394822936439314
1378,97,1475,0.10396336469453056
1380,95,1475,0.10399933286855241
1391,94,1485,0.10402675700071341
1395,94,1489,0.10402427524167832
1400,93,1493,0.10401198193416683
1411,96,1507,0.10398801310005687
1405,97,1502,0.10394276262837053
1399,96,1495,0.10391455620669357
1389,92,1481,0.10390444760947432
1384,94,1478,0.10391859098916374
1383,93,1476,0.1039428776778406
1399,97,1496,0.10396584894012488
1399,98,1497,0.10395117251603582
1397,99,1496,0.10393705899126228
1402,97,1499,0.10392988331290474
1399,97,1496,0.10391272041606076
1393,98,1491,0.10390240987537418
1401,100,1501,0.10390719064253572
1404,102,1506,0.10389420035396871
1407,101,1508,0.1038769678946595
1418,105,1523,0.10385574547559401
1397,106,1503,0.10381185966585901
1396,106,1502,0.10381833229404279
1400,104,1504,0.10382863638741062
1401,106,1507,0.10382791845551707
1393,106,1499,0.10382527458657836
1388,106,1494,0.10384193929289591
1383,105,1488,0.10387126647230711
1376,106,1482,0.1039078412488041
1383,104,1487,0.1039572815184765
1380,103,1483,0.10398641153823471
1378,101,1479,0.10402060656325206
1379,103,1482,0.10405464134894235
1389,101,1490,0.10408460840973302
1394,104,1498,0.10409113819353401
1394,103,1497,0.10408520230660301
1403,102,1505,0.10407877946021005
1401,106,1507,0.10405409458006144
1397,105,1502,0.10403515144826506
1412,106,1518,0.1040259294239598
1398,103,1501,0.10398179457451853
1409,102,1511,0.10397206845719059
1415,104,1519,0.10393867384152322
1394,104,1498,0.10389680866227141
1394,107,1501,0.10390454885854489
1391,111,1502,0.10391394444760425
1392,109,1501,0.10392904974503775
1383,111,1494,0.10394110365862375
1390,110,1500,0.10397417616527745
1391,109,1500,0.10398779745406223
1392,110,1502,0.10399839322971921
1383,109,1492,0.1040047557743172
1362,110,1472,0.10403313274867852
1370,112,1482,0.10410788262771685
1382,114,1496,0.1041600293565462
1375,117,1492,0.10418038402994516
1367,116,1483,0.10421537692638597
1368,118,1486,0.10426422371074189
1357,118,1475,0.10430693097771257
1367,118,1485,0.10436828689734369
1371,117,1488,0.10440430858395132
1366,116,1482,0.1044289143081491
1366,115,1481,0.10446359798380037
1373,113,1486,0.10449606077671839
1380,116,1496,0.10451070294422245
1369,119,1488,0.10450879814687494
1364,125,1489,0.10453155990613695
1356,126,1482,0.10456333777693931
1350,125,1475,0.10461110677475075
1364,121,1485,0.10466846763879774
1358,121,1479,0.1046892021469414
1354,120,1474,0.10472398227795762
1367,120,1487,0.10476492793170579
1363,124,1487,0.10477650765978307
1366,124,1490,0.10479503652366688
1364,122,1486,0.10480279403674235
1359,125,1484,0.10481679101375181
1355,126,1481,0.10483962264201857
1375,130,1505,0.10487107868514896
1370,132,1502,0.10485478896251553
1375,133,1508,0.10485275726245842
1368,135,1503,0.10483890405234607
1370,137,1507,0.10484245855142625
1363,132,1495,0.1048448163977027
1359,136,1495,0.10486472740215859
1347,136,1483,0.10488972308860717
1348,135,1483,0.10493986120877538
1343,131,1474,0.10498339798891813
1348,129,1477,0.10503489273808214
1355,130,1485,0.10507239814239629
1355,130,1485,0.10509177660701431
1360,128,1488,0.105110103388266
1350,130,1480,0.10511472758713536
1344,134,1478,0.1051418253317318
1353,136,1489,0.10518049950994862
1341,137,1478,0.10519381051800003
1346,136,1482,0.10523506607398043
1348,136,1484,0.10526349491668949
1342,138,1480,0.10528559000900849
1328,142,1470,0.10532215284744709
1342,141,1483,0.1053867969156323
1341,137,1478,0.1054131520098674
1337,140,1477,0.10543968194980405
1343,140,1483,0.10547461342698532
1353,141,1494,0.1054920288011375
1355,146,1501,0.10548371766147667
1365,149,1514,0.1054715468015781
1357,146,1503,0.1054401132407611
1347,148,1495,0.10542878291674926
1344,148,1492,0.10544091869586636
1336,146,1482,0.10545718801031759
1335,150,1485,0.10549341370977298
1334,147,1481,0.1055304509322263
1339,148,1487,0.10556873011818325
1339,155,1494,0.1055915050832762
1336,158,1494,0.10561233668086746
1360,158,1518,0.10563617141404538
1352,156,1508,0.10560371383450348
1344,155,1499,0.10559504375545035
1337,157,1494,0.10560266354726505
1340,154,1494,0.10562727445808655
1337,154,1491,0.10564237423664792
1342,151,1493,0.10566566561232252
1342,151,1493,0.10567368522471948
1335,154,1489,0.10568050841212674
1333,151,1484,0.10570526060332248
1340,154,1494,0.10573350465105229
1321,155,1476,0.10574224729821752
1323,153,1476,0.10579394012958027
1337,154,1491,0.10583608036833081
1354,153,1507,0.10584537344204634
1350,150,1500,0.10581428837767255
1365,151,1516,0.10579486040335703
1367,149,1516,0.10574341805485982
1365,149,1514,0.10569071842826964
1347,151,1498,0.10564641283270579
1337,150,1487,0.10564578858837433
1337,148,1485,0.10566871032296411
1340,149,1489,0.10568915158579818
1342,150,1492,0.10570044444917501
1344,149,1493,0.10570590417589494
1342,142,1484,0.10570671094556779
1332,137,1469,0.1057110964121496
1334,138,1472,0.10573857184954921
1341,144,1485,0.10576026636050712
1336,143,1479,0.10576246808028902
1339,149,1488,0.10577481391320394
1351,147,1498,0.10577878497911118
1345,144,1489,0.10575482232076898
1348,144,1492,0.10574575915681769
1356,141,1497,0.10572950489074248
1348,142,1490,0.10569902018759604
1345,141,1486,0.10568815574644956
1347,144,1491,0.10568680347429801
1344,145,1489,0.10568384504084415
1351,152,1503,0.10568552901721859
1343,151,1494,0.10567087214630753
1330,153,1483,0.10567528465003434
1320,149,1469,0.1057088995773623
1319,150,1469,0.10576335510045765
1331,155,1486,0.10581661701213316
1340,160,1500,0.10584033106134694
1338,156,1494,0.10584051111477617
1331,160,1491,0.10584446965563796
1333,159,1492,0.10586513746523313
1330,159,1489,0.10588075585982015
1338,160,1498,0.10590136750941262
1330,158,1488,0.1059047589049433
1335,161,1496,0.10592555431565291
1330,164,1494,0.10593465628391169
1326,162,1488,0.10595384709953289
1312,162,1474,0.10598066381965278
1320,162,1482,0.10603579240876108
1333,160,1493,0.10606971970777325
1327,163,1490,0.1060723712269892
1338,159,1497,0.10608748636653172
1337,159,1496,0.10607897611675554
1336,160,1496,0.10607245639725608
1339,156,1495,0.10606941641528866
1334,159,1493,0.10605757232396087
1334,163,1497,0.10605718108185105
1332,164,1496,0.10605733691348818
1338,165,1503,0.10606202791866998
1328,161,1489,0.1060521107759524
1335,162,1497,0.10606422987744096
1328,158,1486,0.10606221001631246
1321,163,1484,0.10607590433041249
1326,165,1491,0.10610558006839059
1339,168,1507,0.10612181312590671
1327,165,1492,0.1061069103047478
1339,168,1507,0.10612202854843515
1345,167,1512,0.10611036465191441
1338,171,1509,0.106086058848879
1332,173,1505,0.10607898823731471
1336,170,1506,0.10608445876485466
1343,164,1507,0.10608098000303656
1342,166,1508,0.10606248497953694
1332,166,1498,0.1060489979445161
1331,168,1499,0.10605876685711543
1331,168,1499,0.10607102423900114
1325,164,1489,0.1060817647337271
1320,165,1485,0.10610421652823276
1314,166,1480,0.10613934220711414
1313,163,1476,0.10618284843664216
1326,160,1486,0.10622525541261343
1330,157,1487,0.10623105252417368
1337,160,1497,0.10622763376103887
1332,165,1497,0.10620864083122146
1324,164,1488,0.10620256641413026
1311,167,1478,0.10621391251170628
1314,165,1479,0.10625556294373385
1318,163,1481,0.1062877827465974
1326,166,1492,0.1063085910783305
1332,166,1498,0.10630710368667452
1329,165,1494,0.10629616053829785
1331,163,1494,0.10629293353091031
1338,165,1503,0.10628403629385702
1336,167,1503,0.10626115066526635
1338,165,1503,0.10624362302619192
1326,165,1491,0.10622388273233152
1332,164,1496,0.10623058504498474
1335,161,1496,0.10622559629740357
1346,163,1509,0.10621690753707651
1341,161,1502,0.10618036205362558
1344,160,1504,0.10615806069534806
1341,159,1500,0.10613371375215142
1330,156,1486,0.10611634041627913
1322,165,1487,0.10612505266677476
1329,171,1500,0.10615243851399685
1321,168,1489,0.10616421370229177
1319,168,1487,0.10619428281209461
1321,164,1485,0.1062271072939544
1314,162,1476,0.10625061019496923
1321,165,1486,0.10628868956439753
1321,167,1488,0.10630639688054554
1312,165,1477,0.10632305442147424
1332,163,1495,0.10636065450618837
1339,167,1506,0.10634759337228744
1329,166,1495,0.10631857897575415
1328,169,1497,0.10631579861820566
1329,168,1497,0.10631395782942821
1328,167,1495,0.10630910805377901
1328,166,1494,0.10630625324025875
1334,165,1499,0.10630710153049211
1334,163,1497,0.10629528766180893
1336,169,1505,0.1062818199594486
1343,172,1515,0.10626506218904755
1330,172,1502,0.10623258236446348
1337,166,1503,0.10623363022791164
1337,171,1508,0.10621994098164671
1330,173,1503,0.10620638662186241
1324,174,1498,0.10621145454997279
1323,172,1495,0.10623140450541568
1315,176,1491,0.10624913068925325
1314,174,1488,0.10628322767778048
1312,174,1486,0.10631843876458114
1318,178,1496,0.1063545985137133
1307,181,1488,0.10637406969568414
1313,178,1491,0.10641557589575172
1309,183,1492,0.10644208961500812
1322,181,1503,0.10647493020046583
1320,178,1498,0.10647539080698237
1321,186,1507,0.10648042267618006
1312,181,1493,0.10648585768232899
1309,180,1489,0.10651239814450342
1308,182,1490,0.10654423228335552
1302,177,1479,0.10657700535141743
1291,179,1470,0.1066214158559606
1292,180,1472,0.10668896536894103
1300,189,1489,0.1067476320916123
1301,187,1488,0.10678427611268941
1290,181,1471,0.10681548777327862
1294,187,1481,0.10687047004114475
1307,189,1496,0.10691318457621542
1316,196,1512,0.106920511133927
1311,197,1508,0.1069065272970167
1309,196,1505,0.1069067860054548
1292,198,1490,0.10691180066753515
1280,205,1485,0.10695729350979594
1287,208,1495,0.10702905936875964
1300,203,1503,0.10708002686268234
1281,203,1484,0.10709943246495943
1287,204,1491,0.10715893306112459
1280,209,1489,0.10720168248737195
1289,206,1495,0.10725566204950361
1285,210,1495,0.10728453010428957
1273,207,1480,0.10731848962440199
1269,217,1486,0.10737843306094916
1268,217,1485,0.10744289158851811
1271,218,1489,0.10750554817467879
1283,224,1507,0.1075576735785987
1286,222,1508,0.10757874137722549
1290,221,1511,0.10759163299565813
1277,226,1503,0.10759608128807907
1263,222,1485,0.10763203814761933
1253,220,1473,0.10769506486601045
1258,220,1478,0.10777656358835984
1265,219,1484,0.10783927454090829
1271,215,1486,0.10788181039806964
1277,215,1492,0.10790744422841204
1280,213,1493,0.10792033364281382
1296,216,1512,0.10792445444481186
1299,213,1512,0.10789105781128865
1289,219,1508,0.10785231649823389
1278,218,1496,0.10783902183160521
1267,222,1489,0.10785234175839273
1265,221,1486,0.10788970936101201
1253,224,1477,0.10793217255951508
1256,225,1481,0.10799858248341437
1258,220,1478,0.10805269629143029
1258,223,1481,0.10809612638088587
1267,226,1493,0.10814158546827411
1260,220,1480,0.10815908634686554
1275,219,1494,0.10818887486253205
1266,219,1485,0.10818082643484082
1273,225,1498,0.10819319150997651
1266,219,1485,0.10818899364221025
1283,217,1500,0.10820186033103205
1283,219,1502,0.10817453813245656
1291,217,1508,0.10814872644323355
1280,218,1498,0.10810718340411989
1286,216,1502,0.10809299983296769
1273,215,1488,0.1080677404319017
1264,213,1477,0.10807278575254767
1269,213,1482,0.108099662053617
1264,215,1479,0.10811478110870844
1271,216,1487,0.1081380027482349
1260,215,1475,0.108144793031621
1263,215,1478,0.10817662419157871
1265,215,1480,0.10819817424367802
1263,216,1479,0.10821432778250685
1267,219,1486,0.10823532709343774
1276,217,1493,0.1082459056329994
1282,219,1501,0.10823325899307448
1286,223,1509,0.10820698279849178
1275,213,1488,0.1081748186782802
1272,209,1481,0.10816840097104745
1265,205,1470,0.10816716476875071
1268,212,1480,0.10818362413013062
1270,217,1487,0.10819063912165004
1282,217,1499,0.1081954476144091
1271,220,1491,0.10817069815450378
1278,221,1499,0.10817285770112693
1277,224,1501,0.10815787305159139
1281,224,1505,0.1081446701104608
1283,228,1511,0.10812537793819288
1284,228,1512,0.1081070392302281
1281,227,1508,0.10808995111540971
1276,228,1504,0.10808247249858818
1268,223,1491,0.10808698877783893
1271,224,1495,0.10810630463653448
1264,230,1494,0.10811863481802537
1254,230,1484,0.10814674154930845
1254,227,1481,0.1081938367721676
1250,230,1480,0.10823609335173198
1252,230,1482,0.1082855766622788
1255,227,1482,0.10832830253947166
1262,225,1487,0.1083613817011019
1258,228,1486,0.1083767679463201
1255,231,1486,0.10839912885863696
1262,227,1489,0.1084249299954012
1258,224,1482,0.10843417031370524
1272,224,1496,0.10845126165021103
1270,232,1502,0.10843300668885712
1275,234,1509,0.10842185742910818
1272,235,1507,0.10839929220299221
1271,233,1504,0.10838356508910645
1268,234,1502,0.10837580565623313
1271,239,1510,0.1083761294644173
1271,238,1509,0.10836986446100534
1273,236,1509,0.10836437652797531
1257,234,1491,0.10835570427031045
1263,233,1496,0.1083836499683865
1262,226,1488,0.10839699393601775
1273,225,1498,0.10841245439819908
1272,231,1503,0.10840020438643712
1266,229,1495,0.10839063457535268
1262,236,1498,0.10839468135592822
1249,239,1488,0.10840322248027202
1254,235,1489,0.10844239217761227
1264,232,1496,0.10846911618179454
1250,233,1483,0.10847223428801346
1242,231,1473,0.10850427744425024
1235,236,1471,0.1085521295487477
1243,232,1475,0.1086123284654025
1252,233,1485,0.10864991937419133
1252,234,1486,0.10866219292598639
1256,232,1488,0.1086739133722794
1241,238,1479,0.10867425064023713
1237,242,1479,0.10870955245106742
1224,245,1469,0.10875416526098426
1242,248,1490,0.10882730648644073
1244,249,1493,0.10885143049663057
1238,251,1489,0.10887030310062866
1242,248,1490,0.1089028193190339
1257,255,1512,0.1089240670195683
1259,260,1519,0.10891130859511666
1259,259,1518,0.10889485505675747
1263,258,1521,0.10887783854594701
1252,259,1511,0.10885119819753492
1250,256,1506,0.1088543787197763
1239,255,1494,0.10886010673101876
1240,254,1494,0.10889266019212201
1236,254,1490,0.10892223721389133
1240,249,1489,0.10896306010847372
1249,252,1501,0.1089924863330757
1252,250,1502,0.10899401273829451
1250,250,1500,0.10898772711870933
1246,254,1500,0.10898553949433755
1251,252,1503,0.10899405892054005
1249,255,1504,0.10899068341468122
1239,252,1491,0.10899261573551602
1235,249,1484,0.10901769722290115
1235,250,1485,0.10904998241699726
1239,253,1492,0.10908022926315745
1240,256,1496,0.10910088453454173
1242,252,1494,0.10911934334103666
1249,258,1507,0.10912866254437055
1254,262,1516,0.10912250794996851
1236,260,1496,0.10910576858028759
1237,260,1497,0.10913251388519932
1232,265,1497,0.10915356475633149
1234,264,1498,0.10918727109537166
1224,261,1485,0.109214571375656
1218,262,1480,0.10926141036939795
1229,260,1489,0.10931813497814359
1239,258,1497,0.10934672028517184
1225,260,1485,0.1093493587413169
1235,257,1492,0.10938425011849871
1242,265,1507,0.10939325098597029
1236,265,1501,0.10938487384367328
1244,263,1507,0.10939077392562695
1241,261,1502,0.10937970076719478
1231,261,1492,0.10937816521504122
1245,257,1502,0.10939823552282818
1236,255,1491,0.10938468100959402
1250,254,1504,0.10939428498973683
1259,252,1511,0.1093747070974322
1248,252,1500,0.10933271929848015
1241,251,1492,0.10931483975530125
1236,260,1496,0.10931272041734989
1240,259,1499,0.10932267900683293
1247,262,1509,0.10932213811899928
1260,257,1517,0.10930607864003603
1241,261,1502,0.10926236960110228
1238,260,1498,0.10926452537555421
1227,260,1487,0.1092745551830867
1230,260,1490,0.10930740772225585
1252,262,1514,0.10932958579061676
1243,262,1505,0.10930040399362609
1240,257,1497,0.10929395289624065
1238,260,1498,0.10929380980655264
1235,257,1492,0.10930004060799192
1243,256,1499,0.10931388205488275
1234,260,1494,0.10930539388308197
1246,262,1508,0.10931902427523141
1248,259,1507,0.10930466189078814
1239,263,1502,0.10928194882870125
1231,267,1498,0.109283212572007
1241,262,1503,0.1093038261041157
1233,258,1491,0.10930197475956888
1239,257,1496,0.10931647549884736
1241,256,1497,0.10931921944173417
1244,264,1508,0.10931653871053823
1249,263,1512,0.10930667140550757
1241,261,1502,0.10928331768994354
1239,262,1501,0.10928168893249683
1236,270,1506,0.10928911370912585
1231,269,1500,0.10930199391811161
1244,274,1518,0.10932544520375063
1241,277,1518,0.10931644623764263
1234,278,1512,0.1093148516718821
1229,280,1509,0.10933136101152247
1230,278,1508,0.10935858324171437
1227,278,1505,0.10938150532842122
1227,277,1504,0.10941386343628767
1230,269,1499,0.10944173283358126
1228,261,1489,0.10946073947362986
1229,265,1494,0.10948266975150892
1240,262,1502,0.10950180095184874
1237,265,1502,0.10949319181990241
1248,265,1513,0.10948687569592068
1249,265,1514,0.10945502967118502
1255,266,1521,0.10942291323922802
1244,261,1505,0.10937898038924786
1252,261,1513,0.10936066426205134
1257,255,1512,0.1093305017364836
1248,257,1505,0.10928929428511099
1238,261,1499,0.10926957965586258
1226,265,1491,0.10927557421178533
1227,268,1495,0.1093073049353554
1222,265,1487,0.10933599507604058
1216,264,1480,0.10937558765928244
1225,266,1491,0.10942759056106433
1233,268,1501,0.10945459632625923
1224,270,1494,0.10946239268789824
1228,268,1496,0.10949209415066882
1228,268,1496,0.1095060741968065
1229,268,1497,0.10951741122201092
1241,268,1509,0.1095255926815686
1239,262,1501,0.10950584955180062
1250,271,1521,0.10949334001597372
1243,274,1517,0.10945759787797563
1245,275,1520,0.10943881666130587
1247,275,1522,0.10941847746530764
1232,275,1507,0.10939685619708847
1226,274,1500,0.10941122148465007
1219,279,1498,0.10943801161548333
1223,285,1508,0.10947986112082951
1227,281,1508,0.10951065657012549
1228,282,1510,0.10953083671168988
1224,281,1505,0.10954631157927348
1221,288,1509,0.10956952958168681
1228,287,1515,0.10959844782727228
1219,287,1506,0.10960943393244622
1221,290,1511,0.10964250922634036
1216,288,1504,0.10967111504052866
1202,294,1496,0.10970929726802434
1202,299,1501,0.1097781128961801
1193,298,1491,0.10984136530091208
1193,302,1495,0.10992124478176045
1198,301,1499,0.10999330960587671
1188,307,1495,0.1100478398400418
1205,306,1511,0.11012248675059919
1200,307,1507,0.11015381093547698
1194,302,1496,0.11019705076046035
1201,311,1512,0.11025215658051685
1193,306,1499,0.11028740680658318
1185,300,1485,0.11033886976691562
1192,301,1493,0.11040368100543972
1188,308,1496,0.11044593014124313
1185,306,1491,0.11049377516411486
1177,311,1488,0.11054235385659501
1186,314,1500,0.11060903696940169
1188,315,1503,0.11064825254033121
1187,316,1503,0.11067917016341809
1186,320,1506,0.11071138267245734
1188,327,1515,0.11074443150052124
1184,333,1517,0.11077205157916997
1182,336,1518,0.11081029681890897
1179,331,1510,0.11085066888051812
1175,332,1507,0.11089473578340897
1168,335,1503,0.11094557366788788
1159,333,1492,0.11101011545386441
1153,335,1488,0.11109063162091914
1155,345,1500,0.11117941880473413
1162,348,1510,0.11125713446476862
1167,346,1513,0.11131660068338839
1156,351,1507,0.1113605831827748
1154,351,1505,0.11142888230834304
1149,351,1500,0.11149840895002212
1142,346,1488,0.11157492361126309
1157,352,1509,0.1116612800660442
1151,347,1498,0.1117074878091654
1145,347,1492,0.11176424096318384
1143,349,1492,0.11183111296804134
1138,344,1482,0.11189866017403474
1124,355,1479,0.1119734745848957
1133,358,1491,0.11207330669651633
1127,359,1486,0.1121468174831422
1128,358,1486,0.11222811583405455
1136,366,1502,0.11229946602716129
1126,365,1491,0.11234679399816595
1122,373,1495,0.11241693417959776
1132,375,1507,0.1124888819445184
1128,373,1501,0.11253067023175511
1132,376,1508,0.11257964494556216
1125,372,1497,0.11261758044891099
1123,375,1498,0.11267057009713916
1119,377,1496,0.11272611973115869
1112,377,1489,0.11278427565054056
1123,372,1495,0.1128561351357055
1126,373,1499,0.11289645009983591
1130,372,1502,0.11292697826164363
1121,374,1495,0.11294915265875356
1121,373,1494,0.11298952942008574
1125,370,1495,0.11302767882052779
1133,365,1498,0.11304841025318783
1125,365,1490,0.11305068971031242
1132,369,1501,0.1130682747397996
1129,372,1501,0.11307061174118484
1129,374,1503,0.11307932564913235
1126,374,1500,0.11308842473379858
1109,379,1488,0.11310603421520497
1105,382,1487,0.11316098456389706
1103,383,1486,0.11322196070849139
1124,383,1507,0.11328521294889397
1126,381,1507,0.11329396869587892
1114,385,1499,0.1132957028686193
1109,394,1503,0.11332742202771345
1121,392,1513,0.11336812761927258
1103,388,1491,0.11337857822477615
1110,392,1502,0.11343121270288253
1110,395,1505,0.1134651531533907
1106,394,1500,0.11349541222993494
1109,395,1504,0.11353309781169915
1098,391,1489,0.11356039581544114
1101,397,1498,0.11361194800821199
1105,404,1509,0.11365383229797882
1102,401,1503,0.11368588394845716
1092,405,1497,0.11372168231547818
1093,399,1492,0.11377438491317797
1085,401,1486,0.11382129544240253
1078,407,1485,0.11388426834360826
1080,408,1488,0.11395887316465299
1081,399,1480,0.11402448796675904
1083,403,1486,0.1140824519067085
1081,398,1479,0.11413000851799328
1088,402,1490,0.11418052965982188
1092,408,1500,0.11420986010403275
1089,405,1494,0.11422870089163997
1082,410,1492,0.11425152651888502
1086,411,1497,0.1142905071575283
1087,416,1503,0.11431746922716833
1076,415,1491,0.11433970599100796
1076,414,1490,0.11438496213762023
1084,419,1503,0.11443059861199564
1085,420,1505,0.11445598462264935
1080,421,1501,0.1144797531202514
1075,422,1497,0.11451420130629682
1074,424,1498,0.1145580185831761
1076,420,1496,0.11459983231642219
1075,425,1500,0.11463343733586222
1064,420,1484,0.11466501272398931
1061,419,1480,0.11471821812435422
1072,430,1502,0.11477447125760026
1069,428,1497,0.1148011601899816
1072,430,1502,0.11483145632361687
1081,433,1514,0.11485347664473344
1082,427,1509,0.11485716809972046
1085,423,1508,0.1148553941825119
1087,421,1508,0.11484673095711645
1076,421,1497,0.11483610531522252
1066,424,1490,0.11485514409228693
1067,428,1495,0.11489653800289928
1064,435,1499,0.11493365313643888
1061,438,1499,0.11497782553165617
1055,440,1495,0.1150263069937261
1045,440,1485,0.1150833240703581
1040,443,1483,0.11516173086872973
1040,444,1484,0.11524640866739205
1048,448,1496,0.11532590907153706
1040,448,1488,0.11537809496163068
1034,457,1491,0.1154428290294977
1022,460,1482,0.11551715493765276
1021,467,1488,0.11561536350695921
1025,471,1496,0.11570871679759943
1036,467,1503,0.11578581615155631
1041,466,1507,0.11582909249951502
1032,471,1503,0.1158602850977475
1028,477,1505,0.11591097195164746
1025,474,1499,0.11596894039939945
1020,477,1497,0.11602947131543342
1015,478,1493,0.11609762487289713
1014,482,1496,0.11617539985505516
1020,478,1498,0.11625286846476124
1022,481,1503,0.11631221242652959
1018,484,1502,0.11636133562350118
1023,485,1508,0.11641873744707767
1015,480,1495,0.11646111780854333
1009,474,1483,0.1165216912233712
1016,488,1504,0.11659245943750168
1006,497,1503,0.11664155880903347
1007,493,1500,0.11670380010718144
1012,496,1508,0.11676266503821013
1002,488,1490,0.11680302163322852
1004,495,1499,0.11686610130098231
994,494,1488,0.11692297257758
1001,492,1493,0.11699930081669091
999,492,1491,0.11705565363374504
992,486,1478,0.11711225158097946
996,495,1491,0.11718055098253177
992,489,1481,0.11722852538400332
996,488,1484,0.11728382706543286
1009,502,1511,0.11732418957841638
995,495,1490,0.1173342915622053
991,497,1488,0.1173744825853202
998,502,1500,0.11742318703463482
1002,490,1492,0.11745319694450032
999,494,1493,0.11747329760790397
1002,503,1505,0.11749923618311164
1009,500,1509,0.11751752091521263
1001,496,1497,0.11751804303972216
1007,496,1503,0.1175360267745929
1006,502,1508,0.11753735213593894
1008,502,1510,0.11753923516444743
996,502,1498,0.11753992389657016
1002,505,1507,0.1175682964285224
1007,505,1512,0.11757997479042942
1000,509,1509,0.11757783395700429
1011,511,1522,0.11759281780455742
999,510,1509,0.11758392159604301
1001,508,1509,0.11760311616463699
1003,507,1510,0.11761555584362608
1007,497,1504,0.11762641102143982
1014,505,1519,0.11762403562121435
998,506,1504,0.11760743525466819
998,508,1506,0.11762862911221372
984,510,1494,0.11764665128783366
991,514,1505,0.11769807359271027
987,510,1497,0.11772962142810131
994,517,1511,0.11777009819403443
998,526,1524,0.11779246680942591
986,523,1509,0.11780404754585923
985,516,1501,0.11784148466055835
986,514,1500,0.11787704325792633
989,512,1501,0.11791104856242844
989,525,1514,0.11793357602454364
985,526,1511,0.11795700209170787
968,526,1494,0.11798693201615232
970,530,1500,0.11805445647165395
971,526,1497,0.11810986941173578
963,520,1483,0.11815729259992218
969,517,1486,0.11822265283480697
980,519,1499,0.11826907023206581
976,528,1504,0.11828911285216848
981,529,1510,0.11831462398377796
980,534,1514,0.11832761888537086
971,534,1505,0.11834159579123577
975,535,1510,0.11837489960145181
970,527,1497,0.11839971456103517
972,520,1492,0.11843446198735771
977,528,1505,0.11845849424476679
984,537,1521,0.11846920963777978
973,541,1514,0.11846233835165279
963,539,1502,0.11848111460315926
969,536,1505,0.1185227266546767
962,537,1499,0.11854871136555162
971,541,1512,0.11859325382721864
962,544,1506,0.11861706592735953
962,545,1507,0.11866025317260569
964,541,1505,0.11869745727150778
962,531,1493,0.11872923943245585
960,532,1492,0.11876295292160323
962,538,1500,0.11879620484793957
954,547,1501,0.11882410878039984
955,547,1502,0.11886945473609362
953,551,1504,0.11891114155137988
945,542,1487,0.11895465234421991
944,540,1484,0.11901040249639994
956,542,1498,0.11906192722627967
962,544,1506,0.1190834506821164
945,553,1498,0.11909104291063571
939,560,1499,0.11913625544950555
935,562,1497,0.11919182120905707
935,562,1497,0.11925411257734524
941,561,1502,0.1193136734844181
937,566,1503,0.1193544843110442
929,570,1499,0.11940111866633871
922,580,1502,0.11946093632558127
928,582,1510,0.11953284682872994
927,578,1505,0.1195887263733915
934,579,1513,0.11964205546688124
937,573,1510,0.11967487739700809
929,576,1505,0.11969960062975198
927,581,1508,0.11974155415088297
928,578,1506,0.11978621134655273
927,575,1502,0.11982474599238195
921,579,1500,0.1198633693035341
926,579,1505,0.11991381454398396
927,580,1507,0.11994954755414355
934,589,1523,0.11998339127010194
925,587,1512,0.11999813028765818
927,585,1512,0.12003264436531356
913,582,1495,0.1200642924197984
918,587,1505,0.12012345484579745
911,593,1504,0.12016861646884337
912,595,1507,0.12022557416502686
913,594,1507,0.1202773841646557
917,591,1508,0.12032438390159865
923,592,1515,0.12035815081150433
933,589,1522,0.12037329802794698
931,588,1519,0.12036348938624006
933,595,1528,0.12035829098311418
915,592,1507,0.12035134270350917
916,599,1515,0.12038706970701062
911,600,1511,0.12041825174919069
912,601,1513,0.12046082886298326
905,601,1506,0.12050014652064092
902,595,1497,0.12055487319166441
898,599,1497,0.12061091627267473
906,603,1509,0.12067092923696032
904,601,1505,0.12070986146724863
906,590,1496,0.12075151971144306
907,596,1503,0.12078481389967412
904,598,1502,0.12081109520186707
894,609,1503,0.12084302600112143
885,601,1486,0.1208936899968903
894,600,1494,0.12096150569173489
901,595,1496,0.12100190363819216
910,595,1505,0.12102429706135638
913,598,1511,0.12102509075609656
911,600,1511,0.1210182437560286
912,601,1513,0.12101802971302947
913,602,1515,0.12101366080353752
912,599,1511,0.12100946232499692
901,596,1497,0.12100743818901538
910,596,1506,0.12102971854708527
901,596,1497,0.12103068269096137
909,605,1514,0.12105398372602409
912,600,1512,0.12105719305960787
901,596,1497,0.12105482155087746
904,601,1505,0.12107646306348548
898,611,1509,0.12108949334326752
896,609,1505,0.12111674986337814
890,603,1493,0.12114672684792989
889,602,1491,0.12118826121558596
894,612,1506,0.12122870884005275
896,613,1509,0.12125375913274958
897,608,1505,0.12127230620921639
893,606,1499,0.12128717299937182
888,610,1498,0.12131036224832385
886,608,1494,0.12134507785172044
877,606,1483,0.12138406920231844
871,598,1469,0.12143806454479954
876,600,1476,0.12150003547249456
884,609,1493,0.12154738685854617
891,614,1505,0.12157035751459855
888,611,1499,0.12157131687199502
885,609,1494,0.1215793904282204
889,611,1500,0.12159528273668957
891,610,1501,0.12160410479631373
892,614,1506,0.1216087698601983
892,619,1511,0.12161038425276731
899,620,1519,0.1216096574398784
902,617,1519,0.12159317831651852
898,605,1503,0.12156742179747403
903,610,1513,0.1215514487918869
902,601,1503,0.12152749074067684
898,603,1501,0.12150972280779161
894,609,1503,0.12150312742289734
900,601,1501,0.12150277897073794
896,588,1484,0.12149094181658518
898,598,1496,0.12148892437215235
906,600,1506,0.12148326317037215
898,594,1492,0.12145973480900242
898,611,1509,0.1214520152759051
895,620,1515,0.12144714472440629
893,615,1508,0.12144997565826263
895,607,1502,0.12146027112623382
889,608,1497,0.12146601375492122
901,617,1518,0.12148454781350913
899,616,1515,0.12147143136314678
896,620,1516,0.12146676271736581
893,630,1523,0.1214695924653714
891,635,1526,0.12148077765218183
880,635,1515,0.12149646909534635
881,640,1521,0.12154097156622673
873,639,1512,0.12158345853042114
875,639,1514,0.1216419719250333
872,635,1507,0.12169165883355149
873,638,1511,0.12174593974698028
870,640,1510,0.12179077099669466
880,642,1522,0.1218370352006348
876,652,1528,0.1218539571791458
882,639,1521,0.12188096422571912
876,641,1517,0.12189346892517058
871,642,1513,0.12191622552738231
864,643,1507,0.1219491857073942
866,646,1512,0.1219974140020131
866,641,1507,0.12203996013746433
868,651,1519,0.12208124209257354
863,649,1512,0.12211397259254919
869,658,1527,0.12215684430557701
870,653,1523,0.12218381595182677
866,649,1515,0.1222068394332997
860,656,1516,0.12223785675892283
855,665,1520,0.12228146426329346
848,656,1504,0.12233289668679642
848,653,1501,0.12239838778873645
847,654,1501,0.12245921590961334
847,660,1507,0.12251423162169152
850,663,1513,0.1225676970448712
846,664,1510,0.12260693149799312
836,664,1500,0.12265380598963974
832,663,1495,0.1227180505164511
840,660,1500,0.12278785924156917
832,667,1499,0.12283446333647811
837,664,1501,0.12289860564942061
828,673,1501,0.12294718916265282
833,670,1503,0.12301116908195102
837,670,1507,0.12305820157088959
834,664,1498,0.12309707493438048
837,660,1497,0.12314192600321668
829,656,1485,0.12317697870887674
828,656,1484,0.12323030784134986
837,662,1499,0.12328292898778467
835,666,1501,0.12330763980714027
845,671,1516,0.12333695184193942
845,665,1510,0.12334097896780721
835,667,1502,0.12334677909209718
838,672,1510,0.12337400958450825
832,678,1510,0.1233925912897106
830,681,1511,0.12342415328841337
826,696,1522,0.12346103361313993
823,693,1516,0.12350481591836
822,687,1509,0.12355155111976447
812,690,1502,0.12359872598995998
800,694,1494,0.12366776646909258
803,696,1499,0.12376261020671767
796,701,1497,0.12384306517088461
794,706,1500,0.12393281047950375
797,703,1500,0.12401822196686169
794,709,1503,0.12409022086977668
794,705,1499,0.1241657982881585
799,701,1500,0.12423782777598424
808,707,1515,0.12429299042551677
796,692,1488,0.12432100025332123
792,696,1488,0.12437555908060145
791,697,1488,0.12443475139425927
791,704,1495,0.12449390017560508
789,705,1494,0.124545863995037
790,708,1498,0.12459911408999914
795,713,1508,0.12464659838262186
804,713,1517,0.12467691311437795
808,710,1518,0.12468422661364877
807,719,1526,0.12468193460182665
804,724,1528,0.12468325289599895
804,723,1527,0.12469291128455824
780,725,1505,0.12470141288955418
782,714,1496,0.12476625815418256
778,722,1500,0.12482386822486742
775,725,1500,0.12488767987001126
779,725,1504,0.12495378062993791
774,725,1499,0.12500661339232372
775,727,1502,0.12506966444577305
782,730,1512,0.12512402230794556
769,726,1495,0.1251581391481004
770,726,1496,0.12521808121782502
773,730,1503,0.12527118684855928
780,726,1506,0.1253133931046457
784,724,1508,0.12533541888727118
766,719,1485,0.12534462124977977
775,723,1498,0.12539495554535832
781,728,1509,0.12542251042333272
776,727,1503,0.12543194239166022
768,727,1495,0.12545377790708628
771,738,1509,0.1254937117115297
763,739,1502,0.1255225110524086
763,743,1506,0.12556902626868968
757,735,1492,0.12561516672078393
764,735,1499,0.1256678369872508
761,740,1501,0.12570105016633526
757,740,1497,0.12573914075464163
754,746,1500,0.1257850608401805
743,746,1489,0.12583631631801998
746,743,1489,0.1259115421798861
753,747,1500,0.1259730158694997
763,752,1515,0.1260147183307669
767,753,1520,0.12603081707666564
767,758,1525,0.1260375546025313
759,761,1520,0.12604311622470413
751,755,1506,0.12606658595450423
748,765,1513,0.12610707377812505
734,774,1508,0.12614986165825864
741,767,1508,0.1262232783888646
731,775,1506,0.1262739804909235
723,787,1510,0.12634547182681335
721,790,1511,0.12643059086330635
718,788,1506,0.1265173161221708
710,784,1494,0.12660514192006814
700,765,1465,0.126708271329101
718,772,1490,0.12682697680609267
729,787,1516,0.12689398692850332
735,781,1516,0.1269303368377803
722,784,1506,0.1269509024528457
724,786,1510,0.1270003319274874
724,785,1509,0.12704119829025617
716,792,1508,0.12708237350320895
708,794,1502,0.12713683398912232
709,797,1506,0.12720918775526407
708,810,1518,0.12727614744915755
705,805,1510,0.12734079615237495
706,802,1508,0.12740765092256626
705,806,1511,0.12746750123734782
708,799,1507,0.12752421230884498
703,791,1494,0.12757058057242726
702,793,1495,0.12762281243118528
708,798,1506,0.12767019152041345
701,795,1496,0.12770528043651497
698,796,1494,0.12775022381766457
700,794,1494,0.12779960451066325
697,803,1500,0.1278438231544935
696,797,1493,0.1278910225306158
696,802,1498,0.12793761194864417
689,805,1494,0.12797812261521424
690,807,1497,0.1280313533858987
694,805,1499,0.12808010629342548
698,808,1506,0.12811549008549528
690,812,1502,0.1281395827488959
689,803,1492,0.12817834435616013
697,799,1496,0.1282170242345629
692,814,1506,0.1282363802473531
700,807,1507,0.1282645202468424
693,817,1510,0.1282717970843711
698,809,1507,0.12829386402566972
698,816,1514,0.12830282088795067
701,806,1507,0.12831161846362943
697,799,1496,0.12831513819301743
694,802,1496,0.12832959749996242
690,799,1489,0.12835300424618162
699,796,1495,0.1283800208268215
708,800,1508,0.12838062777558415
696,795,1491,0.1283585119737558
700,811,1511,0.12836587121052104
685,809,1494,0.1283655524880511
696,812,1508,0.128401911083676
697,811,1508,0.12841270813433264
696,809,1505,0.1284170645624196
704,799,1503,0.1284227197895295
699,795,1494,0.12840972122005212
695,808,1503,0.12841267252738564
696,802,1498,0.12842350475025296
706,813,1519,0.12843411879690156
703,804,1507,0.1284186602333255
698,808,1506,0.12841528482665568
693,813,1506,0.1284242575906822
692,819,1511,0.1284474823093439
689,823,1512,0.12847021351164462
681,823,1504,0.1285005453544212
685,817,1502,0.12854458755287815
683,821,1504,0.1285773594058122
680,818,1498,0.12861289433779197
683,813,1496,0.1286501859598059
682,803,1485,0.1286794747773115
691,804,1495,0.12870826413284267
689,805,1494,0.1287089836508425
691,800,1491,0.1287156297617086
691,807,1498,0.12871814281915475
694,815,1509,0.1287203698718452
691,816,1507,0.12871743556376708
686,818,1504,0.12872312009951734
688,818,1506,0.12874076535795695
688,818,1506,0.12875170916331094
681,815,1496,0.1287612392742524
684,823,1507,0.12878559934779665
678,830,1508,0.12880351958403144
672,836,1508,0.12883554862647528
677,839,1516,0.1288802857814542
675,823,1498,0.1289126686944398
685,840,1525,0.1289472163477092
687,844,1531,0.12895951001858597
681,841,1522,0.1289626222314043
672,836,1508,0.1289789633949036
664,835,1499,0.1290165699483423
659,835,1494,0.1290676905765893
666,845,1511,0.1291269052480359
679,848,1527,0.1291678703192727
665,842,1507,0.129177107463173
671,849,1520,0.12921863939435446
670,843,1513,0.1292419498861342
667,844,1511,0.1292671307436867
656,834,1490,0.12930081293115703
656,837,1493,0.12935489670899383
656,843,1499,0.12940542779000455
655,848,1503,0.1294541571447624
654,847,1501,0.12950280753677665
659,845,1504,0.129551951325315
650,851,1501,0.12958498135589194
650,860,1510,0.12963751423169978
646,861,1507,0.12968565350410186
647,883,1530,0.1297408350639007
642,876,1518,0.12979297491781028
646,870,1516,0.1298488770479353
648,875,1523,0.12988871981334282
643,874,1517,0.12992001592437763
648,855,1503,0.12995955274100898
634,858,1492,0.12998459299390608
631,865,1496,0.13004106913252214
634,869,1503,0.1300981728082652
639,870,1509,0.13014772026537139
635,870,1505,0.13018324990667338
629,858,1487,0.13022694724882902
620,868,1488,0.13028306443763568
624,878,1502,0.13035488703892503
622,885,1507,0.13041332764274075
620,876,1496,0.13047469962783864
619,880,1499,0.13053504118464418
616,879,1495,0.13059277799833027
620,886,1506,0.13065147839059896
618,896,1514,0.13069309024803213
621,890,1511,0.1307379644954181
625,878,1503,0.13077351523791056
623,883,1506,0.13079690309498904
624,892,1516,0.1308257289174555
623,895,1518,0.1308528693165308
626,899,1525,0.13088333134804042
620,893,1513,0.1309071249497651
611,895,1506,0.13094445326625773
616,906,1522,0.13100020866473291
611,909,1520,0.13104068514765407
609,911,1520,0.1310906808848323
608,909,1517,0.13114086493675484
599,909,1508,0.13119208990282563
596,915,1511,0.13126212070222248
600,921,1521,0.13133335900426657
607,920,1527,0.13139087975126215
585,912,1497,0.13142617887792649
592,920,1512,0.1315105334765157
582,926,1508,0.13156977651000876
582,935,1517,0.13165082555582913
579,924,1503,0.13172730228107496
586,921,1507,0.13180699563891948
570,926,1496,0.13186362855180564
568,925,1493,0.13195220957732437
566,930,1496,0.13204011436084476
563,942,1505,0.13212781854707745
565,940,1505,0.13221613904289253
558,932,1490,0.13229688140546833
556,949,1505,0.13238887237406533
555,946,1501,0.13247752929201176
558,955,1513,0.13256555138389242
558,948,1506,0.1326391272514413
561,942,1503,0.13270527053060097
562,945,1507,0.13275715476618796
556,952,1508,0.13280394523171637
565,945,1510,0.13285923677425215
562,933,1495,0.13288867187572206
572,929,1501,0.1329229395560702
568,937,1505,0.13293152440431746
566,936,1502,0.13294747335612328
561,943,1504,0.13297025272704016
565,952,1517,0.13300448027082523
559,948,1507,0.13302724233546204
562,947,1509,0.13306115747177283
567,942,1509,0.13308565807578593
568,932,1500,0.1330971807504986
570,938,1508,0.13310747823072838
570,947,1517,0.13311228656621105
569,944,1513,0.13311692844984555
560,935,1495,0.13312384107873293
554,946,1500,0.1331524445451232
554,953,1507,0.1331939558833281
563,947,1510,0.13323101372858007
555,946,1501,0.1332480631264226
553,951,1504,0.13328346755027273
550,959,1509,0.13332066506482954
540,955,1495,0.13336098147559367
540,958,1498,0.13342415270753272
539,967,1506,0.13348322408902344
528,970,1498,0.13353979504883093
525,963,1488,0.1336167561137326
528,969,1497,0.13369680461220929
528,967,1495,0.13376129396793665
529,958,1487,0.1338222996172161
521,964,1485,0.13387412006294078
520,968,1488,0.13394162948074684
514,965,1479,0.13400813591035265
513,974,1487,0.1340848454712023
527,980,1507,0.13415845464492793
525,981,1506,0.13419193044334982
515,981,1496,0.13422688446394093
513,989,1502,0.13428602527199865
511,990,1501,0.13434890099857763
507,993,1500,0.13440843024733098
502,999,1501,0.13447553206182772
507,1010,1517,0.1345473347361696
505,1003,1508,0.1346039916010039
508,1011,1519,0.13466317536351868
506,1011,1517,0.1347106467631201
502,1017,1519,0.13475990771066076
497,1022,1519,0.13481810002239145
497,1012,1509,0.1348848120488932
498,1009,1507,0.1349465136206662
495,1009,1504,0.1350029652539316
494,1012,1506,0.13505832898133624
494,1011,1505,0.1351125447854255
498,1022,1520,0.13516328035147562
491,1026,1517,0.13520252886679235
489,1028,1517,0.13525494613599373
489,1020,1509,0.13530960950004725
495,1008,1503,0.13536276594531307
499,1009,1508,0.13539952405042605
497,1012,1509,0.13542474451757364
485,1016,1501,0.13545207850492233
484,1016,1500,0.13550507403593
483,1020,1503,0.13555627080837787
485,1017,1502,0.13560469285324472
483,1017,1500,0.1356453746787142
489,1024,1513,0.13568623714740502
478,1034,1512,0.1357058562127599
475,1027,1502,0.13575093406283198
479,1034,1513,0.13580363767074252
481,1029,1510,0.135842800786772
482,1037,1519,0.135874296719655
487,1024,1511,0.13589662321943985
479,1026,1505,0.13590408217533154
484,1027,1511,0.1359316174457981
484,1032,1516,0.1359480632460087
483,1022,1505,0.13596270596909615
479,1039,1518,0.13598259012624972
478,1042,1520,0.1360080559993163
480,1046,1526,0.13603647145524123
476,1043,1519,0.13606148610849503
479,1047,1526,0.136095299595744
467,1051,1518,0.13611822612113328
460,1043,1503,0.13616800919809136
457,1038,1495,0.1362324212282421
460,1033,1493,0.13629976633051571
461,1041,1502,0.13635196829887064
461,1054,1515,0.1363970464649819
462,1065,1527,0.13644143320143834
460,1055,1515,0.13648033424802317
457,1041,1498,0.13652317376127834
459,1053,1512,0.1365705173178883
465,1049,1514,0.13660633276492137
461,1049,1510,0.13662717213269304
465,1050,1515,0.1366577743498329
464,1050,1514,0.1366766364334132
458,1052,1510,0.13669616580150776
462,1054,1516,0.13672825979557804
461,1045,1506,0.13674960669554093
458,1057,1515,0.13677261099806487
454,1052,1506,0.1368018910118748
457,1057,1514,0.13683744060733402
454,1054,1508,0.13686343099691725
454,1055,1509,0.1368977845095175
452,1054,1506,0.1369296938817114
449,1059,1508,0.13696514707182264
449,1057,1506,0.13700629692694605
452,1055,1507,0.1370445566439828
450,1061,1511,0.1370738004620403
444,1060,1504,0.13710664494769725
443,1055,1498,0.13714864549992953
434,1059,1493,0.1371900787071685
448,1056,1504,0.13725171031222186
447,1055,1502,0.13727731635852847
446,1066,1512,0.13730237913312238
439,1061,1500,0.1373256156024169
449,1068,1517,0.1373645734354378
445,1077,1522,0.13737869958687182
433,1083,1516,0.13740009285137994
434,1072,1506,0.1374495924287602
433,1084,1517,0.1374933957577641
430,1078,1508,0.13753797079800223
422,1071,1493,0.13758714884667925
427,1089,1516,0.13765273887552898
425,1091,1516,0.13770129501549325
427,1102,1529,0.13775202523607402
424,1105,1529,0.1377975569043268
421,1104,1525,0.13784422218214676
419,1102,1521,0.13789756427014574
420,1088,1508,0.13795008286542618
421,1091,1512,0.1379981761569051
416,1093,1509,0.13803876828363293
408,1092,1500,0.13808876346741378
403,1110,1513,0.13815516049025656
398,1121,1519,0.13823027247555
399,1120,1519,0.13830992353453617
392,1125,1517,0.1383812208657795
394,1126,1520,0.13846579165919734
391,1120,1511,0.1385402220452724
385,1120,1505,0.1386160459180547
388,1113,1501,0.13870239271091112
389,1117,1506,0.13877742316876007
390,1123,1513,0.13884404504169479
388,1127,1515,0.1389052974020606
383,1129,1512,0.13896701797982128
388,1125,1513,0.13903625688063723
389,1122,1511,0.13908972362330738
390,1129,1519,0.13913627865877815
388,1116,1504,0.13917930086178726
384,1113,1497,0.13922476046983742
377,1121,1498,0.13927628389173483
372,1135,1507,0.13933893825562382
368,1125,1493,0.1394089809298899
365,1130,1495,0.13948190404404795
367,1132,1499,0.13955716292229525
367,1136,1503,0.1396239324682596
372,1125,1497,0.13968633931407548
371,1135,1506,0.13973153994066456
377,1141,1518,0.13977601719706903
375,1129,1504,0.13980092255313814
370,1127,1497,0.13983055762601562
370,1124,1494,0.13986951005961726
370,1129,1499,0.1399055198413745
367,1131,1498,0.13993562761440617
359,1131,1490,0.13997155152160104
358,1126,1484,0.140023762969164
359,1139,1498,0.14007630996964593
363,1143,1506,0.14012392445954014
370,1147,1517,0.14015538052437265
366,1162,1528,0.14016946064291777
359,1160,1519,0.1401913237995615
357,1167,1524,0.1402288849038991
360,1157,1517,0.14026999936245846
369,1154,1523,0.14030269559871025
370,1153,1523,0.1403104668963411
365,1148,1513,0.14031598406630214
358,1148,1506,0.14033516754777703
356,1151,1507,0.14036928655876957
354,1157,1511,0.14040696121226293
360,1150,1510,0.14044598988054552
362,1151,1513,0.140467825030413
360,1155,1515,0.14048358020957033
361,1149,1510,0.14050429229104253
353,1155,1508,0.14052049911112682
349,1154,1503,0.14055485676363452
344,1151,1495,0.14059918873318453
342,1165,1507,0.14065339321196693
345,1182,1527,0.1407065817763539
350,1184,1534,0.14074779349129726
346,1183,1529,0.14077218366937594
341,1178,1519,0.14080699395036436
338,1177,1515,0.14085247062544382
339,1172,1511,0.1409025063072714
347,1175,1522,0.1409475463081209
344,1158,1502,0.14097000465631884
336,1172,1508,0.1409992898519626
335,1181,1516,0.14104722898830108
332,1180,1512,0.14109351948038681
325,1182,1507,0.14114523853541772
323,1176,1499,0.14121056921740563
324,1180,1504,0.14127642644151348
322,1178,1500,0.14133540464829739
328,1188,1516,0.1413940216291487
328,1168,1496,0.14143179469936298
329,1183,1512,0.1414681096658505
319,1189,1508,0.14150038457780298
321,1186,1507,0.14155275534090989
325,1187,1512,0.14159836622925956
317,1192,1509,0.14163443970924164
308,1202,1510,0.1416844274665965
305,1208,1513,0.14175010879484948
306,1214,1520,0.14182017045698814
309,1207,1516,0.1418837335647594
308,1216,1524,0.1419361205614256
307,1223,1530,0.14198791677120515
304,1217,1521,0.14203632707182925
302,1215,1517,0.14209049794135814
298,1216,1514,0.14214262426170426
299,1208,1507,0.14220163583476694
295,1222,1517,0.14225449693955963
300,1216,1516,0.14231225754702426
304,1203,1507,0.1423533218340432
302,1190,1492,0.1423822518185327
298,1197,1495,0.14241199001527577
299,1198,1497,0.14245060265067125
292,1200,1492,0.14248570507304087
290,1206,1496,0.14253609380541846
292,1202,1494,0.14258949851316846
293,1204,1497,0.14263532288415193
294,1203,1497,0.14267601872504534
294,1203,1497,0.14271116494551728
295,1210,1505,0.1427439693914994
292,1214,1506,0.14277202031074246
286,1226,1512,0.1428071923582867
284,1223,1507,0.14285500887342767
280,1217,1497,0.1429026404083124
278,1241,1519,0.14295614875008147
279,1242,1521,0.14301195694850852
274,1238,1512,0.14306332257638094
271,1236,1507,0.1431234764113165
270,1249,1519,0.14318597997397997
269,1247,1516,0.14324788250976475
271,1265,1536,0.14330727179915134
265,1260,1525,0.14336105259102944
265,1241,1506,0.14342531684767557
264,1242,1506,0.14348308277324262
261,1241,1502,0.14353743710393474
252,1239,1491,0.14359601417645076
249,1238,1487,0.143672433772593
248,1242,1490,0.14375149844757387
246,1254,1500,0.14382889153743755
245,1256,1501,0.14390568143978666
242,1261,1503,0.14397907236274032
238,1252,1490,0.14405443565277956
234,1257,1491,0.14413573582604522
236,1258,1494,0.1442228765736776
232,1271,1503,0.14429675242023987
239,1276,1515,0.14437488729510967
237,1280,1517,0.1444304585095361
236,1274,1510,0.14448613086046158
244,1284,1528,0.14454123090373586
239,1276,1515,0.14457377035525226
241,1278,1519,0.14461462807248224
245,1278,1523,0.14464908221398778
245,1273,1518,0.14467301228394877
241,1290,1531,0.14469466667498262
238,1283,1521,0.14472259477082625
241,1268,1509,0.14475489921320336
245,1268,1513,0.1447796932298086
238,1251,1489,0.14479350742826094
232,1268,1500,0.14482399998057166
232,1275,1507,0.1448644799657387
230,1273,1503,0.14490391754274548
232,1277,1509,0.14494643173650906
229,1284,1513,0.1449815999318055
232,1280,1512,0.14502103848447664
234,1274,1508,0.14505206910810067
237,1284,1521,0.14507540287974915
238,1275,1513,0.14508653822313186
239,1268,1507,0.14509617808625952
239,1262,1501,0.14510343202124815
235,1266,1501,0.14511006540423488
232,1261,1493,0.1451236808242175
237,1265,1502,0.14514432000874403
240,1281,1521,0.1451489239550617
237,1285,1522,0.1451453163231288
230,1284,1514,0.14514960018536352
225,1306,1531,0.14517123910968852
226,1303,1529,0.1452039425291075
220,1303,1523,0.14523282225858805
212,1315,1527,0.14527675389335187
214,1307,1521,0.1453376055293497
209,1307,1516,0.14539194003885506
213,1299,1512,0.14545474041731288
213,1287,1500,0.14550467422633623
217,1280,1497,0.1455498710663338
213,1291,1504,0.14558025654811
213,1288,1501,0.14561755123865974
212,1299,1511,0.1456530066623273
216,1301,1517,0.145687268921983
217,1309,1526,0.1457102863587267
216,1296,1512,0.14572961237379642
219,1288,1507,0.14575175042959207
218,1299,1517,0.14576413161907253
221,1291,1512,0.14577771484748736
219,1298,1517,0.14578265625628067
223,1295,1518,0.14579327073669782
221,1290,1511,0.14579135335987767
219,1290,1509,0.14579602653167442
211,1295,1506,0.1458055834993271
210,1297,1507,0.1458329962953062
210,1301,1511,0.14585852322043963
208,1305,1513,0.14588193209349895
213,1308,1521,0.1459086243474102
214,1297,1511,0.14592142221467114
214,1291,1505,0.14593107156183321
215,1296,1511,0.14594009823382578
216,1291,1507,0.145945528992093
214,1299,1513,0.1459486357769963
213,1301,1514,0.1459573542990679
213,1291,1504,0.14596934121250388
212,1305,1517,0.14598104447938975
210,1316,1526,0.145995100157871
213,1303,1516,0.14601499465819084
206,1303,1509,0.14602459049874134
206,1310,1516,0.14604996098918113
204,1297,1501,0.14607393173004407
204,1311,1515,0.146101547804106
203,1323,1526,0.14612726444423008
198,1318,1516,0.14615558914735313
192,1313,1505,0.14619281731331138
198,1325,1523,0.1462423928716472
199,1314,1513,0.14627496341124302
200,1320,1520,0.14630247814719086
199,1323,1522,0.14632375382941298
196,1326,1522,0.14634731147704466
200,1322,1522,0.1463775988600056
197,1323,1520,0.14639451439780643
196,1317,1513,0.1464164734663523
198,1300,1498,0.14644265700594347
191,1307,1498,0.14646334945174005
193,1310,1503,0.1464995615477723
192,1323,1515,0.1465291348970868
191,1319,1510,0.146556866880106
190,1325,1515,0.14658698564861072
189,1316,1505,0.14661471889158365
186,1330,1516,0.14664273938272973
188,1336,1524,0.14667554415662526
191,1339,1530,0.14670022722450832
190,1337,1527,0.14671623877099724
185,1326,1511,0.14673489114982147
184,1318,1502,0.14676448264288994
183,1305,1488,0.14679427036514014
182,1304,1486,0.1468249660670828
182,1314,1496,0.146851589838321
187,1322,1509,0.14687793087953518
182,1334,1516,0.14688940376495627
177,1325,1502,0.14691324801459069
178,1314,1492,0.14694689173704453
176,1312,1488,0.14697678807356993
173,1323,1496,0.14701018876215635
178,1329,1507,0.14704902187978663
178,1328,1506,0.14707008307336775
176,1323,1499,0.147090665816232
176,1329,1505,0.1471146390651649
176,1339,1515,0.14714020945240947
173,1333,1506,0.14716422512557387
171,1338,1509,0.14719429651938123
171,1355,1526,0.14722699046412116
168,1353,1521,0.14725821784438342
170,1327,1497,0.1472952675595298
168,1343,1511,0.14732318400522143
168,1343,1511,0.14735125455944306
170,1351,1521,0.14737677073537164
171,1339,1510,0.14739332332622912
173,1333,1506,0.14740698661747087
173,1326,1499,0.1474167486796769
171,1348,1519,0.1474239601699826
166,1351,1517,0.14743670919151508
165,1352,1517,0.147461112570261
167,1353,1520,0.14748730256452883
168,1360,1528,0.14750776004751473
167,1353,1520,0.14752548919733005
166,1369,1535,0.14754235762957257
165,1353,1518,0.1475631735817517
165,1350,1515,0.1475871272077555
169,1350,1519,0.14760729560322286
170,1359,1529,0.14761515508592152
164,1352,1516,0.14762090716113185
164,1346,1510,0.14764124494752295
162,1343,1505,0.14766084075726116
161,1340,1501,0.14768489691673445
160,1347,1507,0.14770803966178145
163,1349,1512,0.14773282981577623
161,1337,1498,0.14774689075720987
162,1326,1488,0.14776702115325904
165,1336,1501,0.14778377838504173
161,1334,1495,0.14779115822486394
160,1335,1495,0.1478080278271431
157,1345,1502,0.1478267477457781
160,1354,1514,0.14785190351266844
166,1346,1512,0.14786769672406336
165,1342,1507,0.14786715091841235
168,1348,1516,0.14786998381461489
163,1350,1513,0.14786509747405902
160,1354,1514,0.14787237793824098
163,1352,1515,0.14788751244117754
168,1350,1518,0.14789405324943838
167,1340,1507,0.1478851531900838
166,1347,1513,0.14787911088727324
166,1346,1512,0.14787811626646027
163,1353,1516,0.14787686798444596
156,1348,1504,0.14788525624088172
156,1352,1508,0.147911126817519
157,1350,1507,0.14793533759265837
156,1362,1518,0.14795433945220954
158,1358,1516,0.14797276593768852
154,1358,1512,0.14798548801245143
153,1356,1509,0.14800847263870068
152,1366,1518,0.14803207815392505
152,1357,1509,0.14805638652567346
148,1365,1513,0.1480804153314665
148,1358,1506,0.1481132705414746
153,1361,1514,0.14814375100318827
156,1371,1527,0.14815910151304565
156,1374,1530,0.1481648943263279
160,1381,1541,0.14816934160723977
156,1368,1524,0.1481637927521047
155,1365,1520,0.14816811086699663
153,1367,1520,0.14817105498036276
152,1360,1512,0.14817942146087623
148,1357,1505,0.14819037502960772
149,1359,1508,0.14821212123267094
156,1352,1508,0.14823039186514303
148,1356,1504,0.14822921416264925
146,1361,1507,0.14824752049919135
145,1365,1510,0.14826988259513288
148,1351,1499,0.14829451618264153
150,1365,1515,0.14831145575517815
149,1367,1516,0.14832147871248774
146,1369,1515,0.1483341334342194
144,1380,1524,0.14835394391232753
140,1377,1517,0.148378340344744
143,1381,1524,0.1484114017174053
137,1370,1507,0.14843538001285272
139,1374,1513,0.14847194883863732
139,1388,1527,0.14850266156115077
140,1388,1528,0.1485325980263412
139,1392,1531,0.14855719836581596
140,1389,1529,0.1485835761892976
140,1386,1526,0.14860450956639432
141,1371,1512,0.14862406554757393
145,1373,1518,0.14863704087872304
151,1380,1531,0.1486380198087763
152,1375,1527,0.1486218390545039
147,1376,1523,0.14860580897870604
151,1359,1510,0.14860440267663472
152,1370,1522,0.14859286386687226
149,1354,1503,0.1485784506477316
148,1366,1514,0.14857381358290062
149,1356,1505,0.1485736568875318
144,1364,1508,0.1485716390146402
145,1370,1515,0.14858072097867292
147,1366,1513,0.14858788768852246
143,1394,1537,0.14858984239947184
139,1382,1521,0.14860291483111482
139,1366,1505,0.14862535290954998
143,1370,1513,0.1486437781659973
138,1366,1504,0.14865097497300508
137,1385,1522,0.14867055895287082
140,1372,1512,0.14869087219510882
136,1377,1513,0.14870218389088524
139,1385,1524,0.14872308517751273
141,1390,1531,0.1487361923759243
139,1379,1518,0.14874270419064323
137,1391,1528,0.14875376743984087
135,1388,1523,0.14876979699685525
136,1377,1513,0.148789938360113
132,1371,1503,0.14880790340318012
129,1371,1500,0.14883395601093202
127,1374,1501,0.14886409151542807
129,1388,1517,0.1488968261871812
133,1391,1524,0.14892174527668176
132,1386,1518,0.14893545717972922
131,1394,1525,0.14895028830743162
134,1392,1526,0.14896611340152685
131,1387,1518,0.14897356316290478
130,1385,1515,0.14898675863008867
133,1385,1518,0.14900254671746851
132,1390,1522,0.14901039226163804
135,1397,1532,0.14902031143513794
132,1390,1522,0.1490214810486521
132,1393,1525,0.14902891444717115
130,1399,1529,0.14903586664417393
129,1393,1522,0.14904865500805883
129,1383,1512,0.14906435828048278
128,1387,1515,0.1490766781384962
126,1379,1505,0.1490927146036014
129,1375,1504,0.14911173216691723
129,1366,1495,0.14912229499687646
128,1388,1516,0.1491336821745139
130,1397,1527,0.14914803091040046
133,1394,1527,0.14915593936877705
128,1396,1524,0.14915550455192594
128,1402,1530,0.14916834131738713
126,1400,1526,0.14918004975258928
124,1405,1529,0.14919631352038001
123,1393,1516,0.14921648677066027
121,1388,1509,0.14923853429658795
122,1399,1521,0.14926326391290115
124,1410,1534,0.1492834859864922
122,1395,1517,0.14929904942042335
120,1394,1514,0.14931774233766254
120,1398,1518,0.14934082859245962
119,1404,1523,0.1493616660584935
119,1385,1504,0.14938445616961515
115,1378,1493,0.1494060346380921
113,1394,1507,0.14943565575767753
116,1403,1519,0.14946503562594654
115,1400,1515,0.1494850092428039
113,1401,1514,0.14950624297328757
106,1396,1502,0.14953071035784976
108,1407,1515,0.1495716216844858
107,1401,1508,0.14960459105310886
106,1398,1504,0.14963554147681143
105,1404,1509,0.14966734162101633
107,1411,1518,0.1497006191148496
108,1406,1514,0.14972559837053334
109,1398,1507,0.1497446777278736
107,1406,1513,0.1497616175797355
105,1404,1509,0.14978327627570856
100,1419,1519,0.1498082112592089
102,1423,1525,0.14984359316549042
102,1429,1531,0.14987345352350995
100,1429,1529,0.14990040291560658
98,1425,1523,0.14993123819545423
98,1428,1526,0.1499654150984284
97,1436,1533,0.1499969797648678
97,1435,1532,0.15002709962058616
97,1417,1514,0.15005638504009092
98,1424,1522,0.1500828859593377
97,1420,1517,0.1501049273987168
95,1427,1522,0.15012889539127428
97,1418,1515,0.1501558186939636
97,1427,1524,0.15017705648566856
97,1433,1530,0.15019475398333612
98,1429,1527,0.15021240983566206
98,1417,1515,0.15022703321848094
97,1431,1528,0.15024156507851966
98,1416,1514,0.1502583216008162
97,1397,1494,0.15027259102965704
95,1396,1491,0.1502869543467036
91,1399,1490,0.15030594418188292
93,1400,1493,0.1503331338146295
92,1396,1488,0.15035088600519
87,1407,1494,0.15037054902922148
90,1405,1495,0.15039952574037863
87,1412,1499,0.15041821478099193
90,1406,1496,0.15044357779505055
94,1406,1500,0.1504607099725052
96,1413,1509,0.1504649939475589
101,1422,1523,0.15046284993156697
96,1430,1526,0.15044764035040498
94,1421,1515,0.15044608683653843
93,1408,1501,0.15045138722782003
94,1413,1507,0.15045859277025236
94,1420,1514,0.15046364484425329
90,1413,1503,0.1504694390941267
90,1433,1523,0.1504869480484006
84,1429,1513,0.1505038431640753
85,1438,1523,0.1505342367026503
83,1426,1509,0.15056096603176472
80,1435,1515,0.15059066505303423
81,1423,1504,0.15062458098429723
81,1425,1506,0.15065564077314705
78,1427,1505,0.15068437397650972
79,1442,1521,0.150718588973462
76,1448,1524,0.15074762120183838
76,1445,1521,0.15078247509053555
71,1438,1509,0.15081456107224983
70,1443,1513,0.15085644578350085
70,1434,1504,0.15089836032917134
72,1443,1515,0.15093834327563738
72,1451,1523,0.1509705075816339
70,1454,1524,0.1510007599278648
67,1460,1527,0.1510331188285387
63,1468,1531,0.1510705811050929
60,1458,1518,0.15111547994482216
58,1466,1524,0.15116414667693376
57,1465,1522,0.1512147643053982
53,1456,1509,0.15126470616187165
54,1460,1514,0.15132142202428786
56,1462,1518,0.15137167507061774
55,1455,1510,0.15141273252658694
55,1448,1503,0.1514537793585371
57,1442,1499,0.1514918946831374
60,1439,1499,0.15152181884402005
61,1445,1506,0.15154097312652914
60,1445,1505,0.15155649072565405
60,1442,1502,0.15157220679168937
62,1448,1510,0.1515878088050054
64,1445,1509,0.15159636187884573
64,1443,1507,0.1515991075162254
65,1449,1514,0.1516018447589746
63,1452,1515,0.1516026563169558
62,1451,1513,0.15160894912619674
62,1454,1516,0.15161827321894172
60,1450,1510,0.15162693001493055
58,1467,1525,0.15164083927530117
58,1458,1516,0.15165985933854298
58,1458,1516,0.1516766370079812
55,1468,1523,0.15169320835720185
55,1453,1508,0.15171656724464821
57,1458,1515,0.1517368676963428
59,1453,1512,0.1517518245181302
60,1447,1507,0.15176089923003944
62,1444,1506,0.15176479616201302
63,1452,1515,0.15176225729032455
63,1454,1517,0.1517568303685284
63,1462,1525,0.1517520640139431
64,1466,1530,0.151747869503151
64,1459,1523,0.15174190984854166
65,1461,1526,0.1517352953132861
65,1467,1532,0.15172757068685758
65,1460,1525,0.15172158707106412
66,1447,1513,0.15171606484087463
64,1445,1509,0.151708660425017
65,1455,1520,0.15170756648890074
62,1457,1519,0.15170477993267034
61,1463,1524,0.15170923943517003
62,1460,1522,0.1517165252219772
61,1452,1513,0.15172092381063168
61,1437,1498,0.15172701887683737
62,1427,1489,0.15173360395217325
64,1450,1514,0.15173617215378105
63,1442,1505,0.15173272729944162
60,1450,1510,0.15173179006461157
57,1435,1492,0.151737565275424
56,1462,1518,0.15175125594658048
57,1471,1528,0.151766777572848
56,1457,1513,0.15177800026886173
54,1468,1522,0.1517916110296415
54,1472,1526,0.15181032160924063
56,1464,1520,0.15182576542504223
56,1454,1510,0.15183568947621245
56,1457,1513,0.1518448694773694
57,1461,1518,0.1518544190525838
56,1461,1517,0.15186142283271847
56,1463,1519,0.15187105689014346
55,1443,1498,0.15187880385417646
56,1451,1507,0.15188909678541443
55,1474,1529,0.15189666234326368
54,1473,1527,0.15190564913755178
54,1475,1529,0.15191707197863857
53,1469,1522,0.1519277065132012
52,1456,1508,0.15194040174764678
52,1457,1509,0.15195407874873557
51,1464,1515,0.1519676350175182
51,1467,1518,0.15198317040264772
47,1463,1510,0.15199727444931665
50,1456,1506,0.15201987540274264
50,1456,1506,0.15203256438847762
48,1453,1501,0.15204523779976478
49,1462,1511,0.15206245017426803
49,1477,1526,0.15207614346550663
47,1476,1523,0.15208851968666098
47,1479,1526,0.15210509809257364
47,1486,1533,0.1521212668986911
46,1491,1537,0.1521359218741616
43,1481,1524,0.1521528201627502
43,1475,1518,0.1521757100118952
41,1469,1510,0.15219666888165803
40,1471,1511,0.1522203360139271
41,1470,1511,0.152245266445639
42,1474,1516,0.15226555725886384
42,1469,1511,0.15228191186620268
42,1478,1520,0.15229649610091694
40,1484,1524,0.1523107487381325
40,1480,1520,0.1523286156166098
40,1477,1517,0.1523460198449632
41,1486,1527,0.15236303471080995
40,1483,1523,0.15237703930245097
40,1482,1522,0.1523928375727578
38,1485,1523,0.15240703561420468
37,1477,1514,0.15242556206224697
36,1465,1501,0.15244552164438713
37,1465,1502,0.1524657497452866
38,1477,1515,0.1524818068624629
39,1478,1517,0.15249324919603066
39,1468,1507,0.152501244604813
39,1483,1522,0.15250836671331683
39,1482,1521,0.15251581001559994
37,1480,1517,0.15252236705555666
39,1476,1515,0.15253365833635277
39,1493,1532,0.15253873950390132
37,1485,1522,0.15254427232831294
37,1478,1515,0.1525548184182133
36,1495,1531,0.15256343214469814
36,1493,1529,0.15257445545165332
36,1488,1524,0.15258433832969343
36,1484,1520,0.15259430739391527
36,1474,1510,0.15260277000814468
37,1465,1502,0.15261029923494285
36,1462,1498,0.15261589624400096
34,1461,1495,0.15262381279201537
35,1478,1513,0.15263532778403432
34,1480,1514,0.15264245456505865
34,1492,1526,0.15265211473884105
34,1488,1522,0.15266192038249338
34,1485,1519,0.15267179191309752
32,1483,1515,0.15268077712691366
33,1485,1518,0.15269429201914642
34,1487,1521,0.1527041427690618
34,1489,1523,0.15271074588781744
34,1479,1513,0.15271761353627988
32,1481,1513,0.15272355918701092
32,1488,1520,0.1527351293357548
32,1479,1511,0.15274648816059982
33,1488,1521,0.15275673393510936
35,1484,1519,0.15276444198519315
33,1478,1511,0.15276449149139917
33,1462,1495,0.15276994326022847
32,1467,1499,0.15277569934345298
33,1472,1505,0.1527838531925793
32,1477,1509,0.15278878877347307
33,1483,1516,0.152796144109994
33,1483,1516,0.152799223181906
32,1507,1539,0.15280279770444177
33,1500,1533,0.15280892916380037
35,1493,1528,0.15281090454164178
34,1489,1523,0.1528070184429485
34,1498,1532,0.15280638047251827
35,1492,1527,0.15280574245703726
36,1487,1523,0.15280256545553642
35,1480,1515,0.15279818125799896
34,1491,1525,0.15279701806432508
34,1483,1517,0.1527992787583069
33,1480,1513,0.15280105084258622
33,1486,1519,0.15280547381839352
34,1476,1510,0.15281015324836775
34,1484,1518,0.15281176776200003
31,1491,1522,0.15281377497198276
31,1476,1507,0.1528229394614096
31,1485,1516,0.15283226912658654
32,1483,1515,0.15284137140174742
30,1491,1521,0.15284697778174108
31,1485,1516,0.15285717024864823
32,1492,1524,0.152863218672272
32,1497,1529,0.15286607992443596
30,1499,1529,0.1528692823923917
31,1493,1524,0.1528788052718275
32,1487,1519,0.15288386527523368
32,1484,1516,0.15288653006308844
31,1480,1511,0.15288945078909325
31,1481,1512,0.1528947278809125
31,1492,1523,0.15290002498148983
32,1486,1518,0.15290530805592353
32,1481,1513,0.15290744535761897
31,1471,1502,0.1529097967087567
31,1473,1504,0.15291473065421757
31,1482,1513,0.15291962079900495
28,1487,1515,0.1529244451138104
29,1481,1510,0.15293576008482712
29,1480,1509,0.15294256564155048
30,1472,1502,0.15294925901211315
32,1468,1500,0.15295351051789877
32,1477,1509,0.15295213631556576
31,1479,1510,0.1529512463395839
32,1474,1506,0.15295294157871037
32,1466,1498,0.15295159389515306
32,1469,1501,0.15294973478880605
31,1468,1499,0.15294844822681608
28,1471,1499,0.1529497979662109
27,1473,1500,0.1529584391751445
26,1478,1504,0.15296787180891003
28,1484,1512,0.1529793132024822
26,1483,1509,0.15298383343039773
26,1475,1501,0.1529939084807228
26,1486,1512,0.15300261743441454
25,1481,1506,0.15301122855014032
28,1478,1506,0.15302185163144214
28,1486,1514,0.1530232775894153
27,1490,1517,0.1530242145573656
26,1484,1510,0.15302766252245897
25,1497,1522,0.15303256436801405
25,1490,1515,0.15304014377947842
25,1492,1517,0.15304778095934402
24,1499,1523,0.1530554218376777
24,1478,1502,0.153065722034007
25,1483,1508,0.15307572554018334
24,1497,1521,0.15308215507403783
24,1490,1514,0.15309073043161883
23,1483,1506,0.15309912303558382
23,1497,1520,0.1531095661775386
23,1497,1520,0.153119641655503
23,1500,1523,0.15312934573710352
24,1506,1530,0.153138677454605
22,1503,1525,0.15314446447173632
23,1494,1517,0.15315449660831848
22,1482,1504,0.15316096118744504
22,1496,1518,0.15316952171036355
22,1511,1533,0.15317785615206236
22,1509,1531,0.1531859497062258
22,1498,1520,0.1531937912326431
23,1481,1504,0.15320137276657156
22,1482,1504,0.15320429925333603
23,1476,1499,0.1532096487986819
25,1493,1518,0.15321274413440694
25,1500,1525,0.1532095334240421
23,1504,1527,0.15320701789380753
22,1512,1534,0.15320953668197682
23,1507,1530,0.15321447059167528
23,1506,1529,0.153216906404743
22,1502,1524,0.15321955900414344
23,1493,1516,0.1532245438031039
23,1495,1518,0.15322628421333284
25,1491,1516,0.15322829306593164
24,1484,1508,0.15322396970618335
24,1484,1508,0.1532225699093665
25,1493,1518,0.15322172432995212
24,1485,1509,0.1532180809218882
25,1496,1521,0.1532173212178862
25,1493,1518,0.15321377463927122
24,1484,1508,0.15321094766751142
23,1483,1506,0.1532109345949314
24,1485,1509,0.15321311148888037
25,1490,1515,0.15321230418798687
26,1496,1522,0.1532090968333668
26,1479,1505,0.15320332454841679
26,1498,1524,0.15319846532134235
27,1504,1531,0.15319335696541325
27,1497,1524,0.15318683919091136
26,1504,1530,0.1531801380123128
27,1494,1521,0.15317660268002686
25,1490,1515,0.15317054060733284
26,1486,1512,0.1531698069309204
26,1483,1509,0.1531663593769237
26,1478,1504,0.15316302675596044
26,1489,1515,0.1531593527291831
25,1497,1522,0.15315653527331496
25,1509,1534,0.15315668743100835
25,1503,1528,0.1531573388055188
26,1499,1525,0.15315840975196998
25,1493,1518,0.15315655820942412
23,1490,1513,0.15315746791714274
23,1485,1508,0.15316308176819793
25,1489,1514,0.15316874598085492
26,1496,1522,0.1531685492152204
25,1496,1521,0.15316557814611062
23,1501,1524,0.1531663857626269
25,1497,1522,0.15317254074058181
24,1499,1523,0.15317209754545735
25,1497,1522,0.15317438198517924
24,1500,1524,0.15317177947284205
23,1483,1506,0.15317218254530052
23,1479,1502,0.15317513494755597
23,1485,1508,0.15317847754344094
24,1489,1513,0.1531816516652994
23,1502,1525,0.1531821153751352
23,1503,1526,0.15318527466123308
24,1501,1525,0.15318873528891563
25,1507,1532,0.15318916556733161
22,1499,1521,0.15318770832311482
23,1497,1520,0.1531936935069502
22,1493,1515,0.15319707080678022
22,1506,1528,0.1532028042751867
23,1501,1524,0.15320855418980342
24,1497,1521,0.15321200529426687
24,1497,1521,0.15321308606669087
23,1503,1526,0.15321441284361464
24,1500,1524,0.1532181060270006
23,1500,1523,0.1532195932025593
24,1501,1525,0.15322357895834518
24,1504,1528,0.15322427146508383
23,1502,1525,0.15322410673085282
23,1496,1519,0.1532265476756041
23,1500,1523,0.15322911406645937
24,1498,1522,0.15323181977709205
24,1485,1509,0.15323221067172146
24,1494,1518,0.15323175310789494
24,1483,1507,0.15323167046462746
24,1488,1512,0.15323190649551896
22,1491,1513,0.1532317919328888
22,1492,1514,0.1532363226638878
22,1495,1517,0.15324085972424156
21,1486,1507,0.15324537523349333
23,1496,1519,0.15325202918234332
23,1501,1524,0.15325296096715846
23,1496,1519,0.1532541363260297
24,1496,1520,0.1532555111939268
24,1487,1511,0.1532544750778328
23,1489,1512,0.153253764272611
21,1476,1497,0.1532555033615268
22,1489,1511,0.15326167321691617
22,1474,1496,0.15326562454760587
21,1477,1498,0.15326916417382427
22,1483,1505,0.15327482715731913
22,1489,1511,0.15327807527862114
23,1497,1520,0.15327943280575326
22,1498,1520,0.15327776901980156
25,1496,1521,0.15327876355726253
25,1489,1514,0.15327109878656128
24,1502,1526,0.15326445682356174
24,1500,1524,0.15326089766438006
24,1492,1516,0.1532580075104354
26,1491,1517,0.15325570171541103
26,1488,1514,0.15324748801927982
27,1486,1513,0.15323921464565246
25,1492,1517,0.15322979172245943
26,1480,1506,0.15322629401506654
25,1491,1516,0.15322032720700485
26,1500,1526,0.15321743861160095
26,1512,1538,0.15321239883020868
26,1508,1534,0.15320812044355067
24,1505,1529,0.15320451304191118
24,1503,1527,0.1532058410926185
22,1500,1522,0.1532074180971363
21,1487,1508,0.15321355085334976
23,1490,1513,0.153221934010674
24,1488,1512,0.153224568343506
23,1503,1526,0.1532240821020856
23,1503,1526,0.15322638319208917
23,1498,1521,0.15322842058551747
23,1488,1511,0.1532306781165124
25,1493,1518,0.1532322085881389
24,1513,1537,0.15322751286520478
22,1502,1524,0.1532257956252247
22,1512,1534,0.15322922210548584
22,1492,1514,0.15323286283196555
22,1482,1504,0.15323666348114745
22,1489,1511,0.15324011261164244
22,1485,1507,0.15324301175088093
21,1494,1515,0.1532461202002983
23,1488,1511,0.1532516069803787
22,1476,1498,0.15325148069319638
24,1491,1515,0.15325392087469375
24,1490,1514,0.15325017563216428
25,1488,1513,0.15324718978920476
26,1481,1507,0.15324046883047054
26,1482,1508,0.15323152300933704
26,1499,1525,0.15322381389181483
24,1498,1522,0.15321719924743232
23,1499,1522,0.15321586755113262
23,1500,1523,0.1532173463912865
23,1497,1520,0.15321918732222783
24,1500,1524,0.15322132430023516
24,1495,1519,0.15322043424079915
25,1486,1511,0.15322003731826922
25,1485,1510,0.15321607143839175
26,1489,1515,0.1532128819176008
26,1488,1514,0.1532070986923598
26,1478,1504,0.15320221079204727
26,1479,1505,0.153197639549783
25,1458,1483,0.15319320191841776
26,1465,1491,0.15319169873077346
24,1490,1514,0.15318636121678098
25,1495,1520,0.1531864670343733
25,1479,1504,0.153183840698734
24,1483,1507,0.1531818206800809
23,1494,1517,0.15318274977426666
22,1479,1501,0.15318693939418762
21,1488,1509,0.15319347451708096
24,1490,1514,0.15320212787769394
22,1495,1517,0.15320178424144915
22,1503,1525,0.1532064916489966
21,1490,1511,0.15321134302439116
21,1472,1493,0.15321850450269026
21,1495,1516,0.15322446112142696
21,1498,1519,0.15323047384006994
22,1504,1526,0.15323649864835956
22,1508,1530,0.15323899606671162
23,1499,1522,0.15324177941777406
23,1492,1515,0.15324153424284429
22,1496,1518,0.15324176688470081
20,1503,1523,0.15324459699228066
20,1503,1523,0.15325208791347142
19,1501,1520,0.15325835801452484
21,1486,1507,0.15326719599684202
21,1508,1529,0.1532693318618164
20,1520,1540,0.1532718413895198
19,1512,1531,0.15327729419192807
18,1506,1524,0.15328489082678529
18,1505,1523,0.15329467891047557
18,1503,1521,0.15330415862102031
18,1520,1538,0.15331332075258625
17,1516,1533,0.1533221593747559
19,1515,1534,0.15333289227082794
18,1511,1529,0.15333661515508062
18,1514,1532,0.15334173668965906
16,1504,1520,0.15334697959307547
15,1498,1513,0.15335683859499294
15,1504,1519,0.15336932962154898
16,1496,1512,0.15338129127392083
16,1498,1514,0.15338947239638284
16,1493,1509,0.15339744956570864
16,1494,1510,0.15340520657370013
15,1491,1506,0.15341273097972
14,1499,1513,0.15342257921338576
13,1493,1506,0.15343415105234967
12,1491,1503,0.1534476211564728
13,1490,1503,0.15346253270244004
13,1489,1502,0.15347335474790239
12,1504,1516,0.15348370738649394
12,1501,1513,0.15349584035575245
12,1502,1514,0.15350628385666057
12,1501,1513,0.15351633093666517
12,1498,1510,0.15352598244472684
12,1501,1513,0.15353524144164765
12,1499,1511,0.1535441128454772
13,1507,1520,0.15355260311987087
13,1518,1531,0.15355749999885276
12,1507,1519,0.15356233071290398
12,1509,1521,0.15356972898923493
13,1508,1521,0.1535768195640474
13,1488,1501,0.1535803435338539
12,1499,1511,0.1535838754754313
11,1504,1515,0.1535895546508361
11,1504,1515,0.15359723105714074
11,1505,1516,0.15360357223708748
11,1507,1518,0.15360977690916375
11,1496,1507,0.15361544862735468
11,1499,1510,0.15362101610648515
12,1518,1530,0.15362646232198732
11,1511,1522,0.1536278391369587
10,1520,1530,0.15363229131688785
10,1503,1513,0.1536388938765633
9,1502,1511,0.15364532380416077
9,1514,1523,0.153653913557814
10,1514,1524,0.1536621500146194
10,1507,1517,0.1536671026171087
10,1518,1528,0.1536719669219056
10,1513,1523,0.15367672765038098
10,1496,1506,0.15368137245205102
12,1478,1490,0.1536858915332137
12,1498,1510,0.15368377104182626
12,1496,1508,0.15368211921179228
12,1503,1515,0.1536808747376802
13,1501,1514,0.15367998320717774
12,1499,1511,0.15367623809796283
11,1503,1514,0.15367586276629933
12,1505,1517,0.15367789585159713
13,1500,1513,0.1536777848684141
13,1494,1507,0.1536746919861472
12,1483,1495,0.15367206065810912
12,1498,1510,0.15367200660163874
12,1489,1501,0.15367217981951284
12,1486,1498,0.1536725449210864
14,1491,1505,0.15367307074416978
14,1508,1522,0.15366742444915313
14,1499,1513,0.15366246222487973
14,1498,1512,0.15365810966645443
16,1505,1521,0.15365430005262704
17,1509,1526,0.15364445877829938
18,1508,1526,0.15363239590288807
17,1504,1521,0.15361832764139627
18,1503,1521,0.15360863464372915
17,1502,1519,0.15359684237774324
17,1500,1517,0.1535884312696628
16,1499,1515,0.1535802016186393
17,1490,1507,0.15357518090276603
16,1482,1498,0.15356763955953362
17,1486,1503,0.15356319536499202
18,1492,1510,0.15355702847883765
18,1492,1510,0.15354935629158595
18,1484,1502,0.15354254079388333
18,1487,1505,0.15353649254558666
18,1490,1508,0.15353113111916422
19,1488,1507,0.15352638420968603
18,1494,1512,0.15351899715356465
18,1498,1516,0.15351376556545518
17,1497,1514,0.15350923314600987
17,1515,1532,0.15350747967214773
17,1515,1532,0.1535061442544831
18,1517,1535,0.15350405042714282
17,1502,1519,0.15350022114934272
16,1507,1523,0.15349909543997153
15,1504,1519,0.15350065593057416
13,1506,1519,0.15350446578869403
13,1503,1516,0.15351255672429812
14,1504,1518,0.15352037575555
13,1509,1522,0.1535256212277354
13,1514,1527,0.15353294705315243
13,1503,1516,0.15353999696704912
12,1495,1507,0.15354677107106998
12,1502,1514,0.15355544508357866
13,1489,1502,0.1535637152940723
13,1498,1511,0.1535683410357441
13,1516,1529,0.15357289241766875
13,1508,1521,0.15357735382845206
13,1491,1504,0.15358171255637182
13,1503,1516,0.1535859584246447
12,1502,1514,0.15358955540316202
12,1518,1530,0.15359527420128585
12,1511,1523,0.1536008023496608
12,1501,1513,0.15360613600835624
11,1510,1521,0.1536112730769582
11,1496,1507,0.1536186144459668
11,1490,1501,0.1536251653923571
11,1485,1496,0.15363143364041862
11,1491,1502,0.15363742502840114
11,1502,1513,0.15364314614631822
11,1512,1523,0.15364860418279316
11,1511,1522,0.1536538067916192
11,1500,1511,0.15365876197582928
12,1495,1507,0.15366347798730356
13,1488,1501,0.15366489328295022
13,1491,1504,0.15366309259163954
13,1504,1517,0.15366163361308138
13,1501,1514,0.15366047304415548
13,1497,1510,0.15365957239539854
12,1499,1511,0.15365781815025717
10,1507,1517,0.1536585908757665
10,1500,1510,0.15366388202532594
10,1498,1508,0.15366906094558308
10,1506,1516,0.15367411389591928
10,1496,1506,0.15367902997880917
10,1499,1509,0.1536826833182564
10,1488,1498,0.153686359977519
9,1509,1518,0.1536900344771084
8,1507,1515,0.15369614229306933
7,1530,1537,0.1537041893188414
8,1515,1523,0.15371404363398067
7,1514,1521,0.15372028919189273
5,1517,1522,0.15372940119094503
6,1512,1518,0.15374239298722245
6,1519,1525,0.15375243632342595
6,1513,1519,0.15376195902729478
6,1510,1516,0.1537709838462315
6,1518,1524,0.15377953301994324
5,1512,1517,0.15378762822565972
4,1515,1519,0.15379759168467708
4,1515,1519,0.1538092004258944
4,1518,1522,0.1538201360877901
4,1519,1523,0.15383043630084067
4,1505,1509,0.15384013673483798
5,1514,1519,0.15384927118582178
5,1520,1525,0.1538546356113107
5,1520,1525,0.1538597967743786
5,1523,1528,0.1538647550130275
5,1522,1527,0.1538695118169905
5,1519,1524,0.15387406964359535
5,1503,1508,0.1538784317559171
5,1504,1509,0.15388260208078836
5,1496,1501,0.15388658508448524
7,1503,1510,0.1538903856641366
7,1515,1522,0.15388759825960782
7,1520,1527,0.15388523015698627
6,1528,1534,0.1538832316479824
5,1524,1529,0.15388443548534675
5,1520,1525,0.1538878515324976
5,1536,1541,0.15389116331678576
5,1520,1525,0.15389436711324211
5,1504,1509,0.15389746040133354
5,1512,1517,0.15390044169678396
5,1513,1518,0.1539033104028342
5,1520,1525,0.1539060666788648
6,1526,1532,0.15390871132451964
6,1521,1527,0.15390810926981896
6,1520,1526,0.15390768376519653
5,1516,1521,0.15390741053225757
5,1516,1521,0.15391014612222265
5,1513,1518,0.15391274926141751
5,1517,1522,0.1539152246884888
4,1523,1527,0.15391757717720353
4,1518,1522,0.15392203751660669
4,1514,1518,0.15392624381365272
3,1509,1512,0.15393020982223196
3,1505,1508,0.15393611741428942
3,1513,1516,0.15394167916489146
3,1515,1518,0.15394691481925782
3,1512,1515,0.15395184304579182
3,1507,1510,0.15395648148958785
3,1518,1521,0.15396084682384412
3,1519,1522,0.1539649547991957
3,1510,1513,0.15396882029099307
3,1512,1515,0.15397245734455944
4,1517,1521,0.15397587921846687
4,1519,1523,0.15397582302698715
4,1526,1530,0.15397588211460145
4,1531,1535,0.1539760386419766
3,1522,1525,0.15397627690343374
3,1518,1521,0.1539787509843267
3,1527,1530,0.15398114991684708
3,1523,1526,0.15398347102120835
3,1513,1516,0.15398571248023063
3,1518,1521,0.15398787321925808
3,1526,1529,0.15398995279992173
3,1532,1535,0.15399195132627258
3,1527,1530,0.15399386936196044
3,1517,1520,0.1539957078572697
3,1510,1513,0.15399746808494683
3,1518,1521,0.15399915158386268
3,1532,1535,0.15400076010965275
3,1520,1523,0.1540022955915674
3,1520,1523,0.15400376009484393
3,1521,1524,0.15400515578798374
3,1515,1518,0.15400648491438398
4,1505,1509,0.1540077497678291
4,1507,1511,0.15400567920637276
4,1509,1513,0.15400385489818738
4,1507,1511,0.15400225022504746
3,1508,1511,0.1540008413148171
3,1503,1506,0.154001773978571
3,1513,1516,0.15400273058539032
3,1512,1515,0.15400370186504608
3,1510,1513,0.15400467986829738
3,1528,1531,0.15400565781316447
3,1515,1518,0.15400662994766479
3,1508,1511,0.15400759142732112
3,1509,1512,0.1540085382059207
3,1511,1514,0.15400946693815679
3,1514,1517,0.15401037489292266
3,1507,1510,0.15401125987615097
3,1518,1521,0.15401212016220434
2,1505,1507,0.154012954432923
2,1516,1518,0.1540159517684195
2,1513,1515,0.15401878664330063
2,1514,1516,0.1540214670050617
2,1517,1519,0.15402400050594423
2,1510,1512,0.15402639450261155
2,1505,1507,0.1540286560576194
2,1500,1502,0.15403079194240019
2,1509,1511,0.15403280864151286
2,1522,1524,0.15403471235794153
2,1524,1526,0.15403650901925162
2,1526,1528,0.15403820428443715
2,1521,1523,0.15403980355131394
2,1515,1517,0.15404131196433135
2,1514,1516,0.15404273442269362
1,1516,1517,0.1540440755886954
1,1501,1502,0.15404754896750716
1,1513,1514,0.15405081187350692
1,1514,1515,0.15405387701629145
1,1519,1520,0.15405675634243554
0,1518,1518,0.15405946108085367
