1363,31,1394,0.13579592012622385
1380,32,1412,0.13296457080138602
1396,35,1431,0.13034520469491098
1408,38,1446,0.12792090812808138
1414,38,1452,0.12568255094363137
1425,38,1463,0.12362932390025329
1428,40,1468,0.121730210985092
1442,40,1482,0.11999458730501689
1444,39,1483,0.11838138102111596
1437,44,1481,0.11691012936543835
1451,44,1495,0.11558896534623933
1452,43,1495,0.11435159376494973
1463,43,1506,0.11322207949991232
1456,45,1501,0.11217038579408356
1456,43,1499,0.11123099090576297
1451,43,1494,0.1103779523552108
1461,46,1507,0.10961580203461431
1463,45,1508,0.10890043180888669
1453,48,1501,0.10824613295021548
1450,47,1497,0.10767582915761555
1454,47,1501,0.10716420923524293
1458,48,1506,0.10668997983645749
1450,48,1498,0.10624770373724855
1457,47,1504,0.10586399618601168
1458,47,1505,0.10549974066540145
1444,48,1492,0.10516663937148406
1435,45,1480,0.10489681313773733
1432,49,1481,0.10467299088572596
1424,47,1471,0.10447629020075112
1433,49,1482,0.10431725798051436
1422,53,1475,0.10415359032292955
1428,53,1481,0.10402757953500054
1429,56,1485,0.10389953377286379
1424,59,1483,0.10378184105369666
1423,59,1482,0.10368761769795412
1426,58,1484,0.10360595129290226
1418,60,1478,0.10352549040681298
1435,59,1494,0.10347297843428813
1430,59,1489,0.10338833854420013
1430,59,1489,0.10332368617405725
1433,58,1491,0.10326430622989116
1433,57,1490,0.10320390133855444
1435,57,1492,0.10314957683366656
1431,59,1490,0.10309612240131287
1418,59,1477,0.1030562040345437
1404,58,1462,0.10304968620546635
1418,58,1476,0.10307610844313912
1423,63,1486,0.10307041213036197
1421,61,1482,0.10305503531745658
1426,63,1489,0.10304591579153875
1440,67,1507,0.10302473336313384
1423,66,1489,0.1029762258871039
1425,69,1494,0.10296930972906708
1416,71,1487,0.10295945758256657
1425,71,1496,0.102970676396258
1418,70,1488,0.10296151773270149
1414,72,1486,0.10296661748925008
1417,73,1490,0.10298225511156492
1413,72,1485,0.10299012134456144
1419,70,1489,0.10300489016902173
1410,74,1484,0.10300538816175964
1410,72,1482,0.10302891772235574
1406,72,1478,0.10305211291031094
1421,73,1494,0.10308268707536389
1429,75,1504,0.1030770514655177
1430,74,1504,0.10305134969824731
1426,73,1499,0.10302713747992932
1422,73,1495,0.10301577427681856
1417,74,1491,0.10301610022890462
1427,73,1500,0.10302651349841266
1430,73,1503,0.10301555706249708
1428,74,1502,0.10299925998531727
1419,76,1495,0.10298551110760913
1428,76,1504,0.10299530638120379
1427,76,1503,0.10298380280349251
1424,79,1503,0.1029752889126231
1406,76,1482,0.10297413193954646
1406,76,1482,0.10301216918679813
1390,77,1467,0.10304800738674555
1389,76,1465,0.10311778331839448
1399,75,1474,0.10318504366259383
1402,76,1478,0.10322456710111304
1400,79,1479,0.10325488295634506
1421,75,1496,0.1032864776982986
1405,75,1480,0.10326688331158745
1409,77,1486,0.10328309164427125
1399,77,1476,0.10329072122923012
1412,75,1487,0.1033198524281736
1413,78,1491,0.10331883131050519
1426,77,1503,0.10331435849754757
1410,78,1488,0.10328118303589924
1406,80,1486,0.10328668891082961
1400,81,1481,0.10330155306835537
1403,84,1487,0.10332956998593869
1396,86,1482,0.10334895536728102
1413,84,1497,0.10338503463966871
1410,86,1496,0.10338158026737888
1404,88,1492,0.10338428981233687
1405,90,1495,0.10339894014101768
1414,87,1501,0.10341167820806231
1400,84,1484,0.10340149467242023
1414,87,1501,0.10341996760764176
1405,88,1493,0.1034063170623131
1418,86,1504,0.10341575973148374
1410,84,1494,0.10339674955380407
1410,85,1495,0.10339709824088777
1412,85,1497,0.10339777944354217
1411,87,1498,0.10339453024322971
1412,90,1502,0.10339381692771621
1410,92,1502,0.10339224381166122
1395,95,1490,0.1033962380504491
1412,96,1508,0.1034352426293259
1406,94,1500,0.10343171491379188
1405,97,1502,0.10344349075163396
1400,99,1499,0.10345637333362388
1387,96,1483,0.10347948549154448
1390,99,1489,0.10353161177148397
1410,97,1507,0.10357527895950706
1402,97,1499,0.10357028596545435
1399,101,1500,0.10358297275946926
1390,100,1490,0.10360204305423744
1370,98,1468,0.1036416759353192
1379,96,1475,0.10372409810696659
1386,93,1479,0.10377823947698722
1392,97,1489,0.1038112597566445
1393,100,1493,0.10382713798026671
1384,100,1484,0.10383823281383425
1370,100,1470,0.10386664406676684
1389,99,1488,0.10392567851675245
1399,102,1501,0.1039381185056741
1389,103,1492,0.10392687545259395
1406,104,1510,0.10394057850293827
1394,104,1498,0.10391516736662947
1400,108,1508,0.10391907842996204
1406,111,1517,0.10390827679529364
1389,106,1495,0.1038869151692262
1393,112,1505,0.10390643697700815
1385,106,1491,0.10391416714339764
1388,109,1497,0.10393826729482476
1386,112,1498,0.1039496353763413
1385,115,1500,0.10396776324595793
1380,116,1496,0.10398943024505336
1378,112,1490,0.10402066868365828
1368,114,1482,0.10405448658577136
1375,117,1492,0.10410730257395659
1377,118,1495,0.10414255733513275
1382,120,1502,0.10417086559361817
1372,117,1489,0.10418742556322452
1381,116,1497,0.10422605152083719
1368,116,1484,0.10423920272608143
1374,120,1494,0.10428077913131162
1375,122,1497,0.10430701120265848
1383,123,1506,0.10433177368759988
1382,123,1505,0.10433549108331767
1375,121,1496,0.10434045755226012
1375,125,1500,0.10435849647346282
1378,123,1501,0.1043738948027148
1378,126,1504,0.10438278652049032
1367,132,1499,0.10439188838048075
1365,132,1497,0.1044242427880703
1350,131,1481,0.10445731958253004
1348,126,1474,0.10452354465252905
1361,125,1486,0.10459211273858707
1371,128,1499,0.10462596699815997
1383,129,1512,0.10463477084451953
1366,131,1497,0.1046169000887075
1362,132,1494,0.10463973528743552
1361,132,1493,0.10467367117338248
1364,136,1500,0.10470546766348691
1359,136,1495,0.10472634328046562
1357,132,1489,0.1047562813958831
1363,130,1493,0.10478444731040153
1372,127,1499,0.1047968192706939
1376,126,1502,0.10478761091102275
1373,127,1500,0.10477171372627386
1376,126,1502,0.10476670390379061
1365,130,1495,0.10475693139137852
1368,128,1496,0.10477291827631754
1370,123,1493,0.10478112699627078
1363,129,1492,0.10478262680312644
1380,133,1513,0.10479938849378855
1381,138,1519,0.10477643149436919
1380,140,1520,0.10475304971686837
1371,140,1511,0.10473470934668146
1359,139,1498,0.10474038027102342
1362,139,1501,0.10477346463757006
1363,138,1501,0.1047952717501322
1355,136,1491,0.10481208873652612
1369,137,1506,0.10484607242900414
1368,135,1503,0.10484759667710218
1372,135,1507,0.10484968856117031
1362,136,1498,0.10484091864543195
1365,133,1498,0.10485471099642005
1358,138,1496,0.10486166659774901
1350,142,1492,0.10488483770384512
1350,144,1494,0.10492702114932995
1351,145,1496,0.10496675358293739
1362,144,1506,0.10500411460294107
1368,144,1512,0.10501301012399608
1366,145,1511,0.10500802941624335
1355,141,1496,0.10500747807224255
1344,145,1489,0.10502766015169948
1358,149,1507,0.10506986023401986
1362,153,1515,0.10507819886532427
1363,152,1515,0.1050807800380429
1354,153,1507,0.10508302470535213
1349,153,1502,0.10510444827914647
1352,151,1503,0.10513556453646278
1348,152,1500,0.10515894062155284
1360,158,1518,0.1051897781814882
1349,158,1507,0.10519263277548879
1342,155,1497,0.10522113952695022
1339,159,1498,0.10526495513760917
1328,160,1488,0.10531201570617699
1331,160,1491,0.10537998931111456
1324,158,1482,0.10543623043712559
1331,161,1492,0.10550175330295546
1328,165,1493,0.10554935677185494
1331,164,1495,0.1056022892295277
1323,166,1489,0.1056437646097389
1322,169,1491,0.10569807718224969
1316,170,1486,0.10575059534011583
1317,172,1489,0.10581337897664427
1313,174,1487,0.10587148812570685
1315,177,1492,0.10593493063638242
1319,174,1493,0.10598980864257462
1306,181,1487,0.10603549525112886
1284,189,1473,0.10610823897792493
1290,192,1482,0.10622581968970131
1289,195,1484,0.10632304452766018
1285,200,1485,0.10641245474406429
1286,196,1482,0.10650593439872402
1298,198,1496,0.10659290833574196
1294,200,1494,0.10664505646530863
1294,202,1496,0.10670215891011216
1306,202,1508,0.10675316145027193
1315,201,1516,0.1067719107642161
1312,200,1512,0.10676852580812636
1326,201,1527,0.10677328973748768
1307,198,1505,0.10674860438888287
1307,199,1506,0.1067670452283332
1300,200,1500,0.10678310374401866
1308,198,1506,0.10681474876169884
1306,197,1503,0.1068273696201266
1309,202,1511,0.10684277468733881
1299,200,1499,0.10684948913263785
1279,201,1480,0.10687915841761228
1275,203,1478,0.10695188161560022
1284,203,1487,0.10703077610460748
1295,207,1502,0.10708010924959194
1289,203,1492,0.10709963346652174
1287,205,1492,0.10713111243735372
1291,208,1499,0.10716328768845564
1311,200,1511,0.10718377714693877
1309,207,1516,0.1071612088245277
1313,204,1517,0.1071459261582087
1285,207,1492,0.10712017306405804
1284,208,1492,0.10715968254342716
1282,207,1489,0.10719753210201129
1278,209,1487,0.10723851277358162
1295,203,1498,0.10728691510289248
1287,211,1498,0.10729367695756303
1274,205,1479,0.10731744570054826
1266,208,1474,0.1073684011478993
1273,209,1482,0.10743539876366084
1276,206,1482,0.1074820874374607
1283,207,1490,0.10751572022436498
1275,210,1485,0.1075303592028672
1261,213,1474,0.10756247584554889
1271,211,1482,0.10762473814403975
1284,214,1498,0.1076603618087607
1289,213,1502,0.10766340368745951
1290,215,1505,0.10765548268453241
1281,217,1498,0.10764603660752511
1287,213,1500,0.10765915282602459
1291,207,1498,0.10765769035697968
1290,204,1494,0.10764507006186895
1297,206,1503,0.10763603111019203
1288,217,1505,0.10761356471116937
1298,215,1513,0.10761236247986243
1292,205,1497,0.10758909526070806
1278,204,1482,0.10758199696998112
1285,203,1488,0.10760763042386387
1278,204,1482,0.10761270568855547
1294,206,1500,0.10763127416543267
1294,209,1503,0.10761399161175826
1287,210,1497,0.10759693717268619
1288,212,1500,0.10759832835080899
1287,214,1501,0.10759748424299062
1286,216,1502,0.10759988604992725
1286,219,1505,0.10760699839944211
1298,223,1521,0.10761349326582476
1288,220,1508,0.10759130716331608
1287,223,1510,0.10759285640871688
1276,230,1506,0.10759783751125855
1271,232,1503,0.10762957484006383
1270,230,1500,0.10767070753678673
1267,233,1500,0.1077142791895945
1261,233,1494,0.10776145841122037
1264,229,1493,0.1078186546624769
1261,235,1496,0.10786549936184682
1260,234,1494,0.10791259652163601
1265,235,1500,0.10796150742934987
1253,239,1492,0.10799790822879168
1252,241,1493,0.10805814152525604
1247,246,1493,0.1081159195448798
1245,246,1491,0.10818021825411997
1240,250,1490,0.10824573407305155
1244,245,1489,0.10832031801839269
1248,244,1492,0.10838143642618338
1247,247,1494,0.10842889696536857
1246,246,1492,0.10847498390412627
1243,247,1490,0.10851690381210205
1232,250,1482,0.10856194641590054
1232,248,1480,0.108629848747341
1235,242,1477,0.1086936049960153
1242,247,1489,0.10874465033943316
1233,255,1488,0.10877567285148018
1245,253,1498,0.10882601153851908
1256,252,1508,0.10884464203341966
1249,249,1498,0.10883845136327755
1251,241,1492,0.10884805294482171
1241,250,1491,0.10885454946121947
1246,247,1493,0.10888222423610343
1242,251,1493,0.10889805791999226
1236,255,1491,0.10892401354403695
1221,257,1478,0.10896328622905697
1233,260,1493,0.1090346674652135
1220,260,1480,0.10907412555747793
1215,261,1476,0.10914047383773287
1225,262,1487,0.10921443059550615
1225,264,1489,0.10926025315944145
1228,258,1486,0.10930480793306821
1227,258,1485,0.10934099131493227
1236,267,1503,0.1093757102230407
1234,270,1504,0.10938306085956856
1237,267,1504,0.10939445501619424
1233,264,1497,0.10939758782542565
1223,268,1491,0.10941147685541779
1235,267,1502,0.10944403164935121
1232,263,1495,0.10944605740857652
1237,263,1500,0.10945643667585077
1242,267,1509,0.10945477856189967
1228,262,1490,0.10944313862822433
1215,275,1490,0.10946442178584849
1218,270,1488,0.10951553368962452
1230,273,1503,0.10955605589993599
1227,273,1500,0.10956234542034267
1220,275,1495,0.10957272254240642
1218,279,1497,0.10959883004312758
1213,282,1495,0.10963047296534643
1207,284,1491,0.10967036020713654
1218,287,1505,0.10972145858218851
1217,288,1505,0.10974546452650064
1220,287,1507,0.10977096334597411
1222,293,1515,0.10978917939456107
1211,298,1509,0.10980424126363228
1195,298,1493,0.10984379972693813
1193,299,1492,0.1099186915969691
1182,298,1480,0.10999520355323338
1183,303,1486,0.11009120851482869
1178,300,1478,0.11017883332357353
1175,300,1475,0.11027144640371567
1178,312,1490,0.11036437912905772
1181,312,1493,0.11044227874667609
1186,319,1505,0.11050598067429064
1184,318,1502,0.11055228321821683
1190,322,1512,0.11060049930374151
1191,321,1512,0.11063268433581054
1185,322,1507,0.11066076754481628
1175,325,1500,0.11070266185476406
1186,329,1515,0.11076477260354256
1176,329,1505,0.11080074273807325
1155,331,1486,0.11085975897918204
1158,339,1497,0.11096185276167013
1149,345,1494,0.11105067719904944
1142,352,1494,0.11115661728056551
1143,352,1495,0.11127243311381228
1150,349,1499,0.11137759180576523
1153,341,1494,0.11145944884190705
1155,346,1501,0.11152742140433897
1156,338,1494,0.11158569810286936
1152,338,1490,0.11163748505955519
1152,339,1491,0.11169465537267077
1145,343,1488,0.1117433771796316
1149,340,1489,0.11180337644139872
1140,340,1480,0.11184905799362416
1147,341,1488,0.11191090218479324
1129,342,1471,0.11195286462692948
1135,340,1475,0.11203689040224607
1132,337,1469,0.11210165577239956
1127,343,1470,0.11216366240115341
1123,346,1469,0.11223248107580677
1130,348,1478,0.11230807975474111
1132,347,1479,0.11236522870245207
1135,347,1482,0.11241367060943346
1133,349,1482,0.11245162611679561
1150,350,1500,0.11248911732531791
1161,358,1519,0.11248416185354518
1143,364,1507,0.1124568132501959
1132,363,1495,0.11247389324341818
1123,364,1487,0.11251452848973961
1119,367,1486,0.1125746681044969
1128,370,1498,0.11264090363325856
1135,373,1508,0.11268045708732757
1139,370,1509,0.1127042200488944
1135,365,1500,0.11271857184978107
1132,372,1504,0.1127434042781147
1126,371,1497,0.11277153295574509
1114,370,1484,0.11281164740958265
1114,367,1481,0.11287439059841813
1111,364,1475,0.11293135559064343
1117,366,1483,0.11299498855145647
1120,371,1491,0.11303808553533976
1117,367,1484,0.11307314473379229
1112,371,1483,0.11311301297285581
1121,368,1489,0.11315991328116937
1123,370,1493,0.11317937824127944
1133,368,1501,0.11319396890693856
1138,375,1513,0.11318415206256209
1133,377,1510,0.11316510997966525
1132,380,1512,0.11316099942559514
1127,377,1504,0.11315942702810872
1127,382,1509,0.1131713828403484
1127,386,1513,0.11318304494942186
1112,388,1500,0.11319643413917209
1112,391,1503,0.11324523457274721
1109,393,1502,0.11329089342336672
1101,389,1490,0.11334299682330251
1095,394,1489,0.11340703177812296
1090,395,1485,0.11347713546727249
1086,396,1482,0.11355386381490154
1094,404,1498,0.11363456788081948
1087,404,1491,0.1136910973871721
1087,407,1494,0.11375892781840158
1086,411,1497,0.11382256971448537
1080,414,1494,0.11388899995361806
1089,420,1509,0.11396561579522882
1093,417,1510,0.11401448869477498
1083,418,1501,0.11405192362790093
1076,416,1492,0.1141106413511654
1071,417,1488,0.11418301023129114
1085,423,1508,0.1142619467890375
1092,430,1522,0.11430188770857896
1083,429,1512,0.1143227267333215
1075,429,1504,0.11436263139363487
1076,425,1501,0.11441781449884462
1077,427,1504,0.11446673324391445
1075,425,1500,0.11451023233648286
1061,416,1477,0.11455346280709482
1062,422,1484,0.11462590618353945
1067,425,1492,0.11469239086509848
1051,428,1479,0.11474246804126015
1062,428,1490,0.11482644830638679
1070,426,1496,0.11488001139621243
1066,433,1499,0.11491015856271773
1061,440,1501,0.11494803067210725
1061,433,1494,0.11499572745242738
1065,432,1497,0.11503928769146497
1061,433,1494,0.11507016330871504
1055,434,1489,0.11510995260721632
1060,443,1503,0.11516004873969876
1060,445,1505,0.11519451929947351
1063,450,1513,0.11522677559832768
1061,442,1503,0.11525172420859256
1058,440,1498,0.11528028132761582
1055,454,1509,0.11531248994728943
1052,448,1500,0.1153480361778795
1048,450,1498,0.11539140087569931
1056,456,1512,0.11544147408609369
1034,452,1486,0.11547001724992446
1049,449,1498,0.1155485599876405
1048,450,1498,0.1155841581993529
1045,456,1501,0.11562181580851881
1046,455,1501,0.11566361065002549
1041,455,1496,0.11569872701344515
1051,446,1497,0.11574397037403726
1060,438,1498,0.11576194640052088
1049,438,1487,0.11575725703219801
1038,454,1492,0.11577884908295669
1051,456,1507,0.11582594789539463
1045,465,1510,0.11584052567816422
1051,462,1513,0.11586949074146005
1051,462,1513,0.11588306618581981
1052,459,1511,0.11589636526896265
1048,455,1503,0.11590778720391766
1043,450,1493,0.11592537451838822
1045,453,1498,0.11595286536277992
1049,449,1498,0.1159768744202546
1035,452,1487,0.11599281276477001
1036,444,1480,0.11603644726296196
1031,452,1483,0.11607232944879442
1033,454,1487,0.11611607907260303
1040,454,1494,0.11615236110363306
1042,457,1499,0.11616766389192351
1040,455,1495,0.11617642510076177
1035,456,1491,0.11619111898933207
1034,464,1498,0.1162173545978663
1029,463,1492,0.11624604722587599
1034,470,1504,0.11628613155459164
1024,475,1499,0.11631258527192319
1031,477,1508,0.11636107589708523
1030,480,1510,0.11638513478187233
1032,479,1511,0.11641279851694626
1041,478,1519,0.1164343637776518
1040,480,1520,0.11643420033761892
1035,480,1515,0.11643280113819188
1038,479,1517,0.11644325819864206
1033,479,1512,0.11644632465578213
1035,480,1515,0.11645957752968972
1038,478,1516,0.11646994899420855
1024,478,1502,0.11647415003717136
1021,473,1494,0.11651220436341285
1032,480,1512,0.11655621289050586
1033,475,1508,0.11657212151386533
1032,473,1505,0.11658244858983885
1024,467,1491,0.11659429732325498
1027,468,1495,0.11662136170532066
1024,472,1496,0.11663998391562283
1030,476,1506,0.11666631780340499
1035,470,1505,0.11667338784302612
1020,486,1506,0.11666842426075347
1023,489,1512,0.11669925479024591
1021,486,1507,0.11672087627453283
1019,486,1505,0.11674448915547106
1014,487,1501,0.11677063668929855
1012,490,1502,0.11680975251381064
1009,489,1498,0.11685206628618737
1017,491,1508,0.11690054869888218
1019,483,1502,0.11692574781756239
1020,489,1509,0.11694826592509149
1014,491,1505,0.11696534352511509
1014,498,1512,0.11699259243987313
1009,495,1504,0.11701669513777549
1010,496,1506,0.1170507514611241
1006,494,1500,0.11708233990842498
1010,494,1504,0.11712003079440902
999,499,1498,0.1171448960044776
995,493,1488,0.11719310011591848
1006,501,1507,0.11724706341417832
1002,507,1509,0.11726782085974047
1002,508,1510,0.11730061583084155
998,506,1504,0.11733171122941347
1004,499,1503,0.1173733715910808
998,503,1501,0.11739864660163261
997,509,1506,0.11743770109221689
993,515,1508,0.1174766117457332
990,506,1496,0.11752057780355551
996,503,1499,0.11756616357381183
995,508,1503,0.11759267750344458
1001,504,1505,0.11761837807143671
994,498,1492,0.11762984336992424
991,502,1493,0.11765562371244337
980,516,1496,0.11768573095450371
992,509,1501,0.11773706229892046
985,510,1495,0.11775758515441868
978,510,1488,0.11779089920810566
982,517,1499,0.11783954321058904
979,516,1495,0.11787830155489272
979,519,1498,0.11792126403035182
967,517,1484,0.11796496746822246
970,522,1492,0.11803449088758011
975,528,1503,0.11809403354617772
977,526,1503,0.11813695076397611
968,531,1499,0.11817089886891942
974,529,1503,0.1182206792528174
977,528,1505,0.11825148021899307
974,531,1505,0.11826810073803717
972,531,1503,0.1182923326870787
965,534,1499,0.11832033625556165
966,531,1497,0.11836387883609888
963,528,1491,0.11840433501472837
962,538,1500,0.11844984284069557
974,543,1517,0.1184940081039284
968,546,1514,0.11850706277437982
974,545,1519,0.11853281615300194
979,540,1519,0.11854131102287882
986,538,1524,0.11853968089250082
986,535,1521,0.11852433427905133
977,537,1514,0.11851020375672426
978,532,1510,0.11851923178507331
969,533,1502,0.11852825120812596
967,532,1499,0.11855602492473771
962,537,1499,0.11858761882660446
956,543,1499,0.11862881310268633
957,548,1505,0.11867827143090164
951,557,1508,0.11872551806082225
951,554,1505,0.11878411291060496
949,554,1503,0.11883960615192671
939,557,1496,0.1188961088005654
940,563,1503,0.11897012095616329
936,568,1504,0.11903488618865289
932,566,1498,0.11910443595508113
940,570,1510,0.11918089042810937
948,568,1516,0.11923494186525233
948,570,1518,0.11926736642180746
942,569,1511,0.11929752788835979
936,573,1509,0.11933774909099537
924,573,1497,0.11938684702510702
926,568,1494,0.11946191687054489
925,570,1495,0.11952407222781058
925,568,1493,0.11958568546894853
929,562,1491,0.11964116856385014
925,575,1500,0.11968274513397131
930,566,1496,0.1197328339756952
937,563,1500,0.11976669883568172
935,563,1498,0.11977762462319923
937,571,1508,0.11979302008686657
935,572,1507,0.11980268193906106
937,577,1514,0.1198180644764755
927,567,1494,0.11982821442272967
938,558,1496,0.11986172089058772
949,563,1512,0.11986943228383168
940,557,1497,0.11984954302140477
944,552,1496,0.11985173945493172
937,554,1491,0.11984246570634575
945,557,1502,0.11985001077881609
936,561,1497,0.11983840955156143
937,565,1502,0.119849504717094
928,560,1488,0.119858320962499
915,565,1480,0.1198858103521136
924,566,1490,0.11994101648512462
933,567,1500,0.11997108589618329
926,573,1499,0.1199730558872967
932,583,1515,0.11999251794147207
927,587,1514,0.11999983660244842
929,593,1522,0.12001949561852988
923,589,1512,0.12003339246591732
925,585,1510,0.12006200186482269
926,579,1505,0.12008241713315897
919,579,1498,0.1200979873326121
921,575,1496,0.12012861829420729
925,580,1505,0.12015371938950649
919,589,1508,0.12016755442043894
914,589,1503,0.12019377238214224
914,581,1495,0.12023379824378608
909,584,1493,0.1202730441055997
911,591,1502,0.12032135613098145
903,590,1493,0.12036291198824074
901,589,1490,0.12041766417907221
904,598,1502,0.12047612643597345
912,592,1504,0.12052576659631101
922,599,1521,0.12055005745611397
924,593,1517,0.12055039744835531
921,597,1518,0.12054464461275974
917,578,1495,0.12054818123531362
925,581,1506,0.12055888302529319
914,580,1494,0.12054974526505291
919,592,1511,0.12056974330073827
913,593,1506,0.12057714882473267
898,596,1494,0.12059675399941472
897,596,1493,0.12065164845261687
904,591,1495,0.1207053003835249
903,605,1508,0.12074037636254664
916,597,1513,0.12077648960037003
912,600,1512,0.12077724173960672
912,593,1505,0.12078490627799343
911,581,1492,0.12079194229823141
898,588,1486,0.12080318918685094
902,595,1497,0.12084282635426699
897,598,1495,0.1208721978427522
909,590,1499,0.12091315210221772
903,596,1499,0.12091932826379974
902,598,1500,0.12094095264709398
906,601,1507,0.12096410795546403
913,602,1515,0.12097859272669277
906,602,1508,0.12097243591958423
896,594,1490,0.12098498252866602
895,595,1490,0.12102212417906782
892,605,1497,0.12106117871059176
898,610,1508,0.12110452190919897
898,609,1507,0.12113319908706029
899,612,1511,0.12115735995824728
899,614,1513,0.12117607965218052
903,615,1518,0.12119177730664674
902,609,1511,0.1211989077457431
893,610,1503,0.1212093611998125
896,610,1506,0.12124240674834975
895,614,1509,0.12126799784195859
900,619,1519,0.12129258942729207
885,623,1508,0.12130281802511308
889,618,1507,0.12134587437661139
889,612,1501,0.12137447558059222
890,620,1510,0.12140342710957298
883,623,1506,0.12142662448936747
878,627,1505,0.12146777688250653
879,633,1512,0.1215187664923774
878,631,1509,0.12156304763445207
874,635,1509,0.12160835278966622
863,640,1503,0.1216575012183574
876,634,1510,0.12172752300743056
870,641,1511,0.1217621861184288
877,645,1522,0.12180959441549728
873,635,1508,0.12183813674138065
871,635,1506,0.12187770141645748
875,637,1512,0.12191794822420718
871,638,1509,0.12194821617205581
871,639,1510,0.12198598946328701
869,637,1506,0.1220200892243716
868,642,1510,0.12205699415456511
876,633,1509,0.12209460027366145
875,632,1507,0.12211293522735706
871,642,1513,0.12213092723986278
865,645,1510,0.12215958318476317
858,645,1503,0.12219916197378193
857,645,1502,0.12224981409892662
862,650,1512,0.12229715330786953
864,650,1514,0.1223305235303365
855,637,1492,0.12235668871340558
862,648,1510,0.12240007898924599
862,649,1511,0.12242504866276471
865,649,1514,0.12244395736084591
854,645,1499,0.122452791382278
852,651,1503,0.12248976617746891
844,650,1494,0.12253022571012764
851,651,1502,0.1225859391719108
858,640,1498,0.12262262836068319
871,634,1505,0.12264021004037645
866,644,1510,0.12262267797256018
858,647,1505,0.12261910691971459
856,645,1501,0.12263217719890174
846,637,1483,0.12264757760024732
845,638,1483,0.12268673265062414
856,637,1493,0.12272523288080033
871,637,1508,0.12273642905340236
884,634,1518,0.12271056009017382
882,652,1534,0.12265136173888504
873,639,1512,0.12260053614661137
875,643,1518,0.1225755983470005
867,643,1510,0.12255017251287213
866,641,1507,0.12254575829595467
859,649,1508,0.12254772447288557
858,647,1505,0.12256676705312029
856,646,1502,0.12258540078997304
861,640,1501,0.12260792070753744
854,640,1494,0.12261796475180241
863,642,1505,0.1226413170741057
858,658,1516,0.12264650173554749
866,660,1526,0.12266383547114211
856,657,1513,0.12266195886422664
846,667,1513,0.12268497190485572
845,667,1512,0.12272997428613845
851,667,1518,0.12277307433411096
854,658,1512,0.1228023599948991
863,662,1525,0.12282067623473714
850,667,1517,0.12281709949742187
843,662,1505,0.12284674752825282
841,659,1500,0.12288945896559507
831,664,1495,0.12293322320382088
834,674,1508,0.12299659987122663
827,675,1502,0.12304697914137791
832,680,1512,0.12311157513147336
828,678,1506,0.12316141024871943
825,682,1507,0.1232186834054783
830,677,1507,0.12327922442763048
825,678,1503,0.12332422902446741
838,671,1509,0.12337663252510817
832,668,1500,0.1233970438634768
827,674,1501,0.12343035238799736
833,669,1502,0.12347149719378389
833,675,1508,0.1234957079434897
824,678,1502,0.12351736779335784
823,673,1496,0.12355587573887242
828,667,1495,0.12359486902647525
844,673,1517,0.12361937793424893
834,678,1512,0.12360493319254999
831,676,1507,0.12361585302293628
837,680,1517,0.12363462750114856
832,681,1513,0.12363696828765933
828,683,1511,0.12365265070195075
822,676,1498,0.12367654015289119
823,678,1501,0.12371564661332159
816,683,1499,0.12374797425903811
814,688,1502,0.1237972588445771
808,690,1498,0.12384679781149874
803,708,1511,0.12390906991488805
794,718,1512,0.1239773550017738
796,718,1514,0.12406061393142241
797,722,1519,0.12413645194826152
790,710,1500,0.12420408523454711
793,714,1507,0.12428390037675721
789,717,1506,0.1243496420791314
788,716,1504,0.12442165709348683
785,707,1492,0.1244906320132493
775,707,1482,0.12455876850705497
780,720,1500,0.12464341238091615
787,718,1505,0.12471177592442644
786,707,1493,0.124758670308766
778,717,1495,0.12480385181342982
786,714,1500,0.12486692720086577
786,722,1508,0.12490731035067068
789,726,1515,0.12494470106526866
789,726,1515,0.12496983163555267
794,712,1506,0.12498860308109315
780,717,1497,0.12499562332020026
778,723,1501,0.12503867456703738
776,724,1500,0.1250813806388511
779,728,1507,0.12512532771477308
783,728,1511,0.12516092866324294
776,715,1491,0.1251838442682051
779,714,1493,0.12522145222060935
782,726,1508,0.12525076100321825
767,722,1489,0.12527326373883563
764,719,1483,0.12532592267839365
774,720,1494,0.12538206884137254
777,716,1493,0.12540994491538365
784,720,1504,0.12542802451145213
779,729,1508,0.12542968474226104
783,738,1521,0.12544228604530608
776,732,1508,0.12544160903390153
779,731,1510,0.1254584278160749
774,737,1511,0.1254646358592638
765,739,1504,0.12548266593999804
770,730,1500,0.12552182469781675
770,743,1513,0.1255479493915284
769,744,1513,0.1255729343552856
772,743,1515,0.1255991779533936
760,741,1501,0.1256177541550128
760,744,1504,0.1256636072030483
768,733,1501,0.12570734132473535
767,735,1502,0.12572964038229859
772,739,1511,0.1257566957872913
765,745,1510,0.12576894506841008
761,746,1507,0.125798803628262
757,752,1509,0.12583367510893506
758,749,1507,0.12587880038586277
764,749,1513,0.12591955911603864
766,755,1521,0.12594210444243564
772,754,1526,0.12595811591884656
758,759,1517,0.12596040813743742
752,759,1511,0.12599752288001226
746,767,1513,0.1260462780995707
746,770,1516,0.12610463756969487
743,778,1521,0.12616045297073994
736,773,1509,0.12621721555455856
735,774,1509,0.1262899793083659
741,773,1514,0.12635915208854326
735,770,1505,0.12640739094176856
740,763,1503,0.12646675103885258
736,765,1501,0.12650951506128813
728,756,1484,0.1265598461389817
742,768,1510,0.12662590935170745
740,770,1510,0.1266554425068193
742,772,1514,0.12668484960411924
741,769,1510,0.1267060978625703
740,768,1508,0.1267270502311944
737,767,1504,0.12675276023629967
731,772,1503,0.12678250876671432
720,777,1497,0.12682249453420616
719,769,1488,0.12688525478317692
709,778,1487,0.12694674545968584
723,780,1503,0.12702865149296533
719,780,1499,0.12707077657791596
708,783,1491,0.1271192707326745
718,794,1512,0.12719209473003157
730,792,1522,0.1272359647179505
732,787,1519,0.12724612947573402
726,779,1505,0.1272484151584984
722,776,1498,0.12726748820522815
725,773,1498,0.1272945404689067
731,772,1503,0.12731192272047598
731,781,1512,0.12731261450884998
727,785,1512,0.12730958821437735
732,782,1514,0.12731564379386157
737,774,1511,0.12731047671687815
739,774,1513,0.12729350763726294
734,773,1507,0.12727077390921107
734,772,1506,0.1272619335095387
727,764,1491,0.12725652476194294
733,770,1503,0.12726668786626172
734,764,1498,0.12726157205817137
734,770,1504,0.12725512210065176
736,770,1506,0.12724795902567584
737,761,1498,0.12723888912543538
730,768,1498,0.12722575573168077
735,769,1504,0.12723081211309178
733,773,1506,0.12722044404064092
736,773,1509,0.1272173393294151
738,784,1522,0.12720901390986009
736,789,1525,0.12719679813066592
728,797,1525,0.1271890453197919
723,796,1519,0.12720387794316718
712,797,1509,0.1272290612902584
713,801,1514,0.12728074818190033
710,801,1511,0.12732818529932285
719,806,1525,0.1273822716261021
722,799,1521,0.12741358164699634
720,796,1516,0.1274339488790159
714,802,1516,0.12745387881765782
723,802,1525,0.127486357827294
713,798,1511,0.12749790371756828
711,808,1519,0.1275339234929227
708,805,1513,0.12757051650741966
711,799,1510,0.1276133413167127
710,797,1507,0.12764608694034446
712,795,1507,0.12767970728863992
708,800,1508,0.12770880132476922
702,805,1507,0.1277449094604806
701,797,1498,0.12779378626839763
696,791,1487,0.1278418242270631
698,795,1493,0.1278943991408051
696,800,1496,0.12794052987794272
701,799,1500,0.12798924636671768
698,806,1504,0.12802326050257026
697,802,1499,0.1280589017664805
696,810,1506,0.12809563632197896
698,810,1508,0.1281345109323785
706,813,1519,0.12816418505705568
702,812,1514,0.12817458856046132
702,821,1523,0.12819466324314022
691,814,1505,0.12821290657134543
686,816,1502,0.12825694753153452
680,812,1492,0.12830810904839196
677,813,1490,0.12836887121087576
671,810,1481,0.12843297911106397
668,811,1479,0.12850471636830954
669,820,1489,0.12857901351242146
668,826,1494,0.1286461047942055
672,835,1507,0.12870974070558985
669,838,1507,0.12875891293633435
679,829,1508,0.12881269441490778
676,828,1504,0.1288403002586049
677,828,1505,0.12887266354558571
677,842,1519,0.12890297745074578
673,848,1521,0.12893075750159014
677,854,1531,0.12896606314218556
669,849,1518,0.12899332682202413
662,850,1512,0.12903848007848473
663,850,1513,0.12909821469028215
658,856,1514,0.1291528446408531
646,852,1498,0.12921766932581483
648,847,1495,0.12930365549988607
648,853,1501,0.12937733381498454
645,853,1498,0.12944819448754277
650,854,1504,0.1295215040673734
660,858,1518,0.12957614994282715
653,850,1503,0.12960476901611667
655,846,1501,0.12964355860904467
651,849,1500,0.12967544312247056
655,856,1511,0.12971205872464622
645,860,1505,0.12973835673910325
639,859,1498,0.1297884521946035
648,865,1513,0.12984969018801948
646,870,1516,0.12988699851402974
651,869,1520,0.1299276757094359
641,875,1516,0.12995136168334517
641,871,1512,0.12999697098131868
641,872,1513,0.1300400970770134
628,867,1495,0.13007966475032828
627,869,1496,0.13014700753073502
629,854,1483,0.1302155082858407
628,855,1483,0.13027399136178006
630,871,1501,0.13032740834273768
623,878,1501,0.13037379497901694
620,860,1480,0.1304369958812504
624,864,1488,0.13050089174504606
622,877,1499,0.1305504364122337
620,879,1499,0.1306014820519615
612,881,1493,0.13065256279494594
607,894,1501,0.1307215833757324
601,902,1503,0.13079746393542016
596,898,1494,0.13088237982969528
600,885,1485,0.13097183153663203
606,899,1505,0.13104516948698375
609,895,1504,0.1310958706706478
607,893,1500,0.13113748243309176
611,903,1514,0.1311824095857538
618,902,1520,0.13121214915354495
615,899,1514,0.13122413320730705
611,897,1508,0.1312416458305995
603,892,1495,0.13127056793125638
605,898,1503,0.13131887648021312
600,911,1511,0.13136102680624714
599,914,1513,0.13141164151735843
596,913,1509,0.13146083467890413
593,906,1499,0.1315132089609112
595,909,1504,0.13157014156242003
599,911,1510,0.1316215307639821
597,921,1518,0.1316595572985168
593,925,1518,0.13170078831458193
589,920,1509,0.13174713534590538
592,924,1516,0.13179975304044664
589,924,1513,0.13184276775341233
582,937,1519,0.13188993708223512
590,932,1522,0.13195282450154058
587,940,1527,0.1319927686418563
580,944,1524,0.13203741285069384
580,949,1529,0.13209685756352102
575,945,1520,0.1321524784461292
559,937,1496,0.13221709856759986
559,948,1507,0.13231409931641352
560,945,1505,0.13240437874755603
559,950,1509,0.1324871327735764
557,951,1508,0.1325628432653414
556,954,1510,0.132633917350632
563,952,1515,0.13270162626716006
562,944,1506,0.1327495066456466
569,950,1519,0.1327960960802661
559,956,1515,0.1328250519159207
569,949,1518,0.13287549682246066
571,941,1512,0.13289908997762673
561,954,1515,0.13291861564209004
562,942,1504,0.13295935628097177
564,948,1512,0.13299232770218158
559,954,1513,0.13302095845457937
559,961,1520,0.1330580324868823
562,962,1524,0.1330943733617443
562,971,1533,0.13312134047007376
558,968,1526,0.1331486794570505
553,967,1520,0.13318225697108324
551,963,1514,0.13322605010133837
545,949,1494,0.13327373198230497
559,943,1502,0.13333112930908436
561,951,1512,0.1333509443598463
559,955,1514,0.13336642160185178
549,955,1504,0.13338456366623305
546,954,1500,0.13342344247371302
548,964,1512,0.13346569854697918
543,946,1489,0.13349986720446183
537,947,1484,0.1335401574605884
545,941,1486,0.13359299494904814
545,954,1499,0.133619138252565
540,948,1488,0.13364546160175048
535,963,1498,0.13368410342867165
537,977,1514,0.1337324080219523
538,974,1512,0.133773631596915
538,972,1510,0.13381146782770068
532,971,1503,0.13384627593724388
527,969,1496,0.13389602810255943
527,972,1499,0.13395418839553025
523,971,1494,0.1340081853587992
518,980,1498,0.13406879320932158
516,984,1500,0.13413698027460416
516,984,1500,0.13420236325146676
525,988,1513,0.13426169352693576
521,1001,1522,0.13429821680681248
514,991,1505,0.13434212186679326
513,1000,1513,0.1343995395785088
515,1003,1518,0.13445842009423215
509,1007,1516,0.13450677631665842
509,1004,1513,0.13456612327634365
518,1011,1529,0.1346209901218886
515,1001,1516,0.13465409755235952
513,996,1509,0.13469324213915015
511,1006,1517,0.13473282450429283
504,999,1503,0.13477309361443535
505,1001,1506,0.13482453650163037
507,1018,1525,0.1348679066566577
505,1020,1525,0.13490141062476532
497,1024,1521,0.13493853762460728
490,1024,1514,0.13499358116474613
494,1021,1515,0.13505967741756927
497,1027,1524,0.13511593261879443
488,1026,1514,0.1351638598296145
485,1024,1509,0.1352287195093209
478,1026,1504,0.13529828685286277
480,1023,1503,0.13537976298244742
477,1033,1510,0.1354514530000518
477,1038,1515,0.13552410782480157
475,1046,1521,0.13559188366001287
475,1046,1521,0.13565906502763095
470,1045,1515,0.13572210481154035
468,1046,1514,0.1357927448815278
462,1049,1511,0.1358634365636284
466,1048,1514,0.13594597256843033
464,1041,1505,0.13601557215850046
464,1040,1504,0.13608217060756406
454,1044,1498,0.13614606542143393
448,1045,1493,0.13623080425535108
448,1045,1493,0.13632322213459083
446,1045,1491,0.13641065436834862
442,1057,1499,0.13649444190627616
448,1056,1504,0.13657810029830972
449,1064,1513,0.13664405114993697
447,1058,1505,0.13670187001714737
447,1065,1512,0.1367614336600359
448,1070,1518,0.1368172696178815
447,1070,1517,0.13686834427419575
448,1067,1515,0.13691924699981609
451,1062,1513,0.13696474310602827
456,1067,1523,0.13700008118551307
457,1067,1524,0.13702041975863638
452,1071,1523,0.13703778144214496
449,1082,1531,0.1370654572101557
445,1076,1521,0.137100046486781
440,1065,1505,0.13714417626796704
437,1073,1510,0.1371965446050354
437,1068,1505,0.13725368224664
433,1081,1514,0.13730319830088647
434,1079,1513,0.1373570862967061
433,1084,1517,0.13740746501714352
435,1082,1517,0.13745836637543946
434,1072,1506,0.13749969316257094
441,1071,1512,0.1375400473594641
425,1090,1515,0.13756063184615017
425,1085,1510,0.13761692617137702
426,1087,1513,0.13766902292172103
418,1087,1505,0.13771624038041658
423,1097,1520,0.13777996977567963
420,1093,1513,0.1378294747094384
416,1092,1508,0.13788378925567468
412,1099,1511,0.13794304418822997
413,1100,1513,0.13800425807549024
412,1100,1512,0.13806123408252735
412,1100,1512,0.1381165245650756
410,1098,1508,0.13816981450377994
405,1103,1508,0.1382240686525307
400,1099,1499,0.13828506948496705
397,1104,1501,0.13835377279729835
401,1106,1507,0.1384232294271744
400,1112,1512,0.13847764576056928
409,1108,1517,0.13853256969046066
396,1117,1513,0.1385588226419323
399,1115,1514,0.13861451380296116
399,1118,1517,0.13865968193273787
393,1124,1517,0.13870142823412165
394,1121,1515,0.13875603142725537
390,1133,1523,0.13880433087462107
386,1132,1518,0.13886261805362796
387,1128,1515,0.1389266622049699
385,1123,1508,0.1389822765763859
383,1122,1505,0.13904007503108054
386,1126,1512,0.13910007864777885
387,1126,1513,0.13914766871938433
378,1127,1505,0.13919146055217915
375,1129,1504,0.13925379002249985
375,1129,1504,0.1393199719700649
375,1128,1503,0.1393838887156285
377,1147,1524,0.1394428824224225
375,1148,1523,0.13949281976787672
367,1150,1517,0.13954167825389388
365,1142,1507,0.13960799811443114
360,1148,1508,0.13967391808913554
364,1152,1516,0.13974435030535898
359,1162,1521,0.13979972496830992
358,1165,1523,0.13986265571318857
346,1160,1506,0.13992719720133742
346,1161,1507,0.14001654727655585
345,1162,1507,0.14009954373783612
344,1162,1506,0.14018037526989416
340,1162,1502,0.14025808321823777
344,1171,1515,0.14033902309389387
346,1174,1520,0.1404061168596615
345,1174,1519,0.14046457215565003
339,1171,1510,0.1405208086126909
338,1164,1502,0.14058591884377905
339,1165,1504,0.14065045079469268
338,1160,1498,0.1407085500481669
330,1179,1509,0.14076669149190052
326,1187,1513,0.1408399857105641
325,1197,1522,0.14091522291822245
326,1189,1515,0.1409874297938415
325,1208,1533,0.14105363032671506
322,1199,1521,0.1411192880186098
321,1199,1520,0.14118940601972227
321,1199,1520,0.14125813323336853
317,1201,1518,0.14132056562424922
316,1199,1515,0.1413892946663439
317,1204,1521,0.14145479782209122
317,1202,1519,0.1415146748930338
310,1204,1514,0.14156986929483784
311,1204,1515,0.14163854016988517
309,1195,1504,0.1417014567149167
316,1201,1517,0.14176709864890072
319,1193,1512,0.14180898880719797
321,1188,1509,0.14183963784691467
321,1201,1522,0.14186431111201278
319,1200,1519,0.14189000869052987
315,1206,1521,0.14191712782647126
314,1205,1519,0.14195108199807557
310,1196,1506,0.14198761063035287
308,1195,1503,0.1420307127920098
306,1198,1504,0.14207664454829566
311,1208,1519,0.1421204886508096
309,1209,1518,0.14214845148856498
304,1203,1507,0.14217987395429352
300,1200,1500,0.14221904838525654
300,1193,1493,0.142265880884808
298,1207,1505,0.14230685122725983
294,1210,1504,0.14234951645857666
294,1207,1501,0.14240085163485802
291,1211,1502,0.14245075071337157
290,1210,1500,0.14250525176051573
292,1211,1503,0.1425609160481119
289,1212,1501,0.1426070407995647
285,1216,1501,0.1426595509599895
279,1228,1507,0.1427169291359321
281,1221,1502,0.14278467971192313
280,1228,1508,0.14284090692977544
278,1235,1513,0.14289531330135133
274,1242,1516,0.14294927263458973
277,1258,1535,0.143011613378631
272,1247,1519,0.14306457819560847
278,1248,1526,0.14312698829233939
268,1252,1520,0.14317011851754433
270,1242,1512,0.14323456265588125
266,1242,1508,0.1432896862321733
268,1240,1508,0.1433510860528509
262,1245,1507,0.1434041920472706
261,1246,1507,0.14346717803764475
258,1238,1496,0.14352749089071395
257,1243,1500,0.14359267687094104
256,1238,1494,0.14365593954213163
247,1253,1500,0.14371740212853815
255,1236,1491,0.14379684854245792
257,1232,1489,0.14384762121774258
258,1237,1495,0.14389170212175773
258,1257,1515,0.14392702660938142
255,1248,1503,0.14395944794278362
256,1253,1509,0.14399681025361624
262,1250,1512,0.14403063325576862
259,1263,1522,0.14404626518215405
260,1257,1517,0.1440699100417112
259,1268,1527,0.14409027883311482
258,1269,1527,0.14411258272902566
258,1273,1531,0.1441361735360397
256,1265,1521,0.1441602675078998
247,1254,1501,0.14418995413597022
244,1259,1503,0.14423847696743886
251,1259,1510,0.1442919166862931
249,1259,1508,0.14432443489425484
244,1254,1498,0.14436056288775642
247,1270,1517,0.1444060327520922
251,1269,1520,0.14443876582861595
252,1264,1516,0.14445733850757925
251,1261,1512,0.1444728748291
244,1265,1509,0.14448902676205083
245,1261,1506,0.14452290475845098
244,1263,1507,0.14455261461215682
247,1259,1506,0.14458160926848568
254,1266,1520,0.14459842096843017
250,1253,1503,0.14459650062552232
255,1257,1512,0.14460581512331114
259,1255,1514,0.14460142261641035
257,1266,1523,0.14458767482381862
250,1263,1513,0.14458249056406924
256,1267,1523,0.14459401789096252
253,1261,1514,0.144588723320828
262,1265,1527,0.1445918813838912
264,1264,1528,0.1445749007094118
257,1271,1528,0.14455499194216603
255,1261,1516,0.14455244666598552
247,1253,1500,0.14455709315661522
247,1261,1508,0.14457968104777094
239,1261,1500,0.1446024670740246
239,1268,1507,0.14464234703475148
238,1266,1504,0.14468005936180248
236,1261,1497,0.14471896225280642
235,1274,1509,0.14476061453397743
233,1276,1509,0.14479986511614826
240,1280,1520,0.1448420471026457
234,1275,1509,0.14486529788691355
234,1279,1513,0.14490332592810368
233,1278,1511,0.14493795823072617
226,1282,1508,0.14497175160381626
224,1273,1497,0.1450180533211547
228,1284,1512,0.14506707399753457
229,1285,1514,0.1451035388718313
230,1277,1507,0.14513319389508494
225,1274,1499,0.1451587755850307
231,1275,1506,0.14519477112398116
230,1274,1504,0.14521212645154408
229,1278,1507,0.14523071539964302
232,1274,1506,0.14525183863498453
227,1282,1509,0.1452620983916278
226,1289,1515,0.14528538978421512
221,1297,1518,0.14530828172249385
220,1294,1514,0.1453431246996975
220,1295,1515,0.14537611414565216
222,1296,1518,0.1454071529768462
223,1285,1508,0.14543038147246076
219,1291,1510,0.14544931488698115
219,1295,1514,0.14547682944662224
217,1291,1508,0.14550228775974253
215,1292,1507,0.1455299298149867
218,1298,1516,0.14556073959260873
220,1295,1515,0.14558458837003496
224,1293,1517,0.14560331538973684
222,1297,1519,0.14560875890225464
223,1288,1511,0.1456193466233093
226,1294,1520,0.14562678844093238
223,1298,1521,0.14562523061101856
222,1294,1516,0.14563268053266287
222,1297,1519,0.14564416954953172
215,1295,1510,0.1456539797945112
211,1292,1503,0.1456803073867286
208,1299,1507,0.14571456625824633
210,1295,1505,0.14575549830707896
210,1292,1502,0.1457902354042547
208,1302,1510,0.14582455228377195
205,1305,1510,0.1458615659562829
205,1317,1522,0.14590415473931073
203,1315,1518,0.14594470179085184
206,1327,1533,0.1459880331058667
204,1316,1520,0.1460191349412671
204,1311,1515,0.1460530900614865
207,1304,1511,0.1460845965102936
207,1311,1518,0.14610564005361507
211,1299,1510,0.14612560531316615
207,1299,1506,0.14613369415861197
203,1305,1508,0.1461502207636168
206,1302,1508,0.14617352139666606
202,1309,1511,0.14618847488647457
203,1308,1511,0.1462142774309681
199,1314,1513,0.14623556827493225
195,1315,1510,0.14626435604260718
193,1315,1508,0.1463006022470561
195,1321,1516,0.14633933626284118
197,1317,1514,0.14636910800071562
200,1310,1510,0.14639166671748619
197,1319,1516,0.14640808223871493
200,1315,1515,0.14643309097338186
201,1329,1530,0.14644660960905503
200,1332,1532,0.146454601161833
200,1329,1529,0.14646539950446902
201,1333,1534,0.1464767963337859
201,1322,1523,0.14648494550181274
198,1316,1514,0.14649209810068317
195,1318,1513,0.14650450579140753
194,1320,1514,0.14652509990715623
191,1319,1510,0.14654220216817948
188,1320,1508,0.14656800354050056
185,1325,1510,0.14660087321338505
180,1330,1510,0.14664043257937362
178,1330,1508,0.14668757596234586
179,1322,1501,0.14673772195630047
180,1317,1497,0.14677751370713385
184,1317,1501,0.14681146517757543
182,1326,1508,0.14683543351755304
184,1319,1503,0.1468646645187154
186,1321,1507,0.14688683377503714
192,1312,1504,0.14690170975961594
186,1304,1490,0.14690073186991992
185,1308,1493,0.14691524227911482
184,1303,1487,0.146932403591403
182,1328,1510,0.14695129933685536
184,1330,1514,0.14697498233818254
187,1326,1513,0.14698893188731812
186,1332,1518,0.14699596548229352
190,1336,1526,0.14700634830630172
189,1345,1534,0.14700568682305087
187,1344,1531,0.14700717636856356
185,1330,1515,0.14701378519826708
183,1348,1531,0.147026902256102
181,1356,1537,0.1470458926824245
183,1355,1538,0.14706751824240294
178,1344,1522,0.14708435028849096
177,1328,1505,0.14711293943999365
179,1345,1524,0.14714294606765352
180,1352,1532,0.1471659349559435
174,1347,1521,0.14718457996827664
172,1332,1504,0.14721534440094586
178,1339,1517,0.147247149139735
173,1335,1508,0.14725844758433193
170,1327,1497,0.14727784330286628
166,1337,1503,0.1473047047058396
166,1340,1506,0.14733981729531206
173,1326,1499,0.14737297427704593
180,1329,1509,0.1473847556302497
180,1324,1504,0.14737870054453892
183,1317,1500,0.1473736475114148
179,1333,1512,0.1473595311155067
178,1343,1521,0.14735654367381726
178,1348,1526,0.1473562024204031
180,1352,1532,0.147356295077156
181,1352,1533,0.14735251623185097
177,1343,1520,0.1473468660160405
178,1342,1520,0.14735371432272917
176,1334,1510,0.14735964631160614
176,1333,1509,0.1473694732483669
179,1330,1509,0.14737534817386722
180,1335,1515,0.14737594886056662
177,1328,1505,0.14737484008891413
179,1333,1512,0.1473817003542418
179,1337,1516,0.14738345731568042
180,1342,1522,0.14738542354315773
172,1352,1524,0.14738743749844344
173,1347,1520,0.14740904048180511
172,1343,1515,0.1474262916659115
174,1352,1526,0.1474438586876353
168,1352,1520,0.14745661797964957
170,1339,1509,0.14748304289334652
165,1324,1489,0.14750400742881145
165,1326,1491,0.14753610673384693
169,1333,1502,0.1475665650831477
170,1341,1511,0.14758495563027854
169,1333,1502,0.14759974249541238
172,1339,1511,0.14761607053381898
166,1338,1504,0.1476232960855526
164,1342,1506,0.1476440191149157
164,1345,1509,0.1476658500285146
162,1342,1504,0.14768599946624084
160,1357,1517,0.14770556525893913
162,1363,1525,0.1477303325614533
158,1361,1519,0.14774961472201809
159,1358,1517,0.14777832790975343
152,1355,1507,0.1478044194893231
150,1365,1515,0.14784574490188201
149,1354,1503,0.1478879947025932
154,1361,1515,0.14792701793207577
156,1365,1521,0.14795170973747626
156,1358,1514,0.14796799572834834
157,1369,1526,0.14798433538826053
160,1363,1523,0.1479966458859683
158,1373,1531,0.1479991254216122
159,1369,1528,0.14800796407111783
161,1356,1517,0.1480140956218823
165,1342,1507,0.1480169671998371
162,1353,1515,0.14800724204162324
166,1348,1514,0.1480043818509912
165,1354,1519,0.1479935277729491
165,1344,1509,0.1479844790990157
166,1349,1515,0.14797645185573782
165,1344,1509,0.1479670981701003
165,1348,1513,0.14796062468967672
163,1350,1513,0.14795510143976295
162,1343,1505,0.14795469958871968
164,1346,1510,0.14795768631388756
166,1347,1513,0.14795504219359812
167,1350,1517,0.14794751372086637
166,1353,1519,0.1479375603023569
166,1350,1516,0.1479330442441076
163,1349,1512,0.1479282562652085
164,1353,1517,0.14793089762762096
165,1350,1515,0.14793236602892626
166,1353,1519,0.1479312588835876
163,1359,1522,0.1479266784137458
160,1349,1509,0.14793077857343795
155,1346,1501,0.14794478686067802
157,1344,1501,0.14796901158623904
156,1360,1516,0.1479867984397191
159,1364,1523,0.14800667856116095
151,1361,1512,0.1480183620610243
148,1353,1501,0.1480494622311992
144,1359,1503,0.1480849505879748
147,1361,1508,0.148126170821571
150,1355,1505,0.14815663790258163
150,1358,1508,0.14817750200994856
150,1348,1498,0.14819531836377603
150,1358,1508,0.14821010633953882
153,1367,1520,0.14822344886354422
156,1368,1524,0.1482287338392384
155,1367,1522,0.1482266305061774
154,1366,1520,0.14822894031282646
153,1368,1521,0.14823461854191297
156,1353,1509,0.14824396629425438
157,1348,1505,0.14824407345956525
158,1351,1509,0.14824078388604545
157,1350,1507,0.14823489922525643
150,1365,1515,0.14823187799737517
144,1374,1518,0.1482454699649225
142,1374,1516,0.14827279983840838
147,1371,1518,0.14830464915808642
145,1373,1518,0.14832119082602907
143,1362,1505,0.14834088158279962
142,1364,1506,0.14836616823551071
142,1374,1516,0.14839268440639783
142,1365,1507,0.1484164939342715
140,1368,1508,0.14844042046416642
138,1372,1510,0.1484675036911428
138,1376,1514,0.14849823524163414
139,1378,1517,0.14852557853159348
140,1380,1520,0.1485475032018314
145,1386,1531,0.14856508212507744
145,1383,1528,0.1485697189785382
141,1372,1513,0.14857521775311977
138,1379,1517,0.14859188448176786
137,1382,1519,0.14861397547367844
138,1388,1526,0.14863698201943676
136,1389,1525,0.1486570106430779
137,1394,1531,0.1486813068138133
139,1390,1529,0.14870100585811957
138,1385,1523,0.14871352957375505
137,1372,1509,0.1487286843359653
135,1376,1511,0.14874355640779421
135,1385,1520,0.14876214613523353
132,1382,1514,0.14878139151997125
136,1374,1510,0.14880636741676154
137,1368,1505,0.14881884176760005
137,1377,1514,0.1488298963367475
135,1371,1506,0.14883986737324076
132,1373,1505,0.14885416688828668
130,1380,1510,0.14887582375731306
131,1377,1508,0.1488997952402106
135,1367,1502,0.148921121308631
135,1374,1509,0.1489265273164968
133,1372,1505,0.14893355781762138
131,1382,1513,0.14894619172268736
128,1390,1518,0.1489613153117388
126,1393,1519,0.14898414972419213
128,1387,1515,0.14900849881782827
128,1388,1516,0.14902751162614833
127,1383,1510,0.14904459933483294
131,1390,1521,0.14906474644005763
134,1390,1524,0.14907331602290788
134,1391,1525,0.14907240625158308
132,1385,1517,0.1490706676941035
131,1388,1519,0.14907386239054118
127,1382,1509,0.1490773887617091
131,1392,1523,0.1490915966216169
128,1387,1515,0.1490962882991245
128,1398,1526,0.14910867307595543
127,1391,1518,0.14912168327642703
126,1393,1519,0.14913558815722522
125,1386,1511,0.14915050686815867
129,1383,1512,0.1491667786782882
127,1370,1497,0.1491728322131801
130,1372,1502,0.14918436545037952
128,1377,1505,0.14918587687480384
128,1377,1505,0.14919444979057736
130,1376,1506,0.14920205916350462
133,1382,1515,0.14920578197721002
134,1383,1517,0.1491995679060424
135,1383,1518,0.14918833728303846
136,1386,1522,0.1491760870135966
136,1369,1505,0.14916119723889829
136,1362,1498,0.14914604681656712
135,1383,1518,0.14913210019186018
135,1402,1537,0.14912311082098595
130,1397,1527,0.1491166008113261
128,1398,1526,0.14912331882961902
127,1392,1519,0.14913508764892455
126,1377,1503,0.14914883185813468
128,1386,1514,0.14916417437708845
127,1388,1515,0.14917402266903018
127,1382,1509,0.14918511908919688
126,1388,1514,0.1491950677136709
130,1393,1523,0.14920644774042718
132,1404,1536,0.14920628363434257
130,1398,1528,0.14920240167521726
128,1397,1525,0.14920400775737702
127,1386,1513,0.1492105919717109
126,1390,1516,0.14921885022469766
124,1399,1523,0.14923047309067547
125,1392,1517,0.14924733519298683
127,1392,1519,0.1492607452083757
126,1400,1526,0.14926589287205963
127,1396,1523,0.14927355508261672
129,1391,1520,0.14927808700095926
127,1388,1515,0.1492789291807996
126,1395,1521,0.1492853410837436
124,1394,1518,0.14929279082335245
121,1386,1507,0.1493047763391683
118,1399,1517,0.1493216103095012
120,1390,1510,0.14934543182580762
118,1401,1519,0.1493636448021765
117,1402,1519,0.1493871944458505
118,1408,1526,0.14941303945452214
116,1408,1524,0.14943169412880997
118,1402,1520,0.14945432732300204
118,1415,1533,0.14947156983580961
112,1423,1535,0.1494871492765187
111,1412,1523,0.1495178833996359
112,1416,1528,0.14955000951517014
113,1422,1535,0.14957457853878586
111,1409,1520,0.14959623879016978
113,1402,1515,0.14962208924404663
111,1393,1504,0.14964192662198827
109,1390,1499,0.14966569297567825
107,1397,1504,0.14969011260970397
108,1395,1503,0.14971855450818647
107,1405,1512,0.14974140781878478
106,1399,1505,0.14976564313091237
107,1404,1511,0.14979125757440603
108,1414,1522,0.14981261034340076
106,1425,1531,0.14983021757826587
107,1411,1518,0.14985232827920836
107,1409,1516,0.14987088218108113
108,1395,1503,0.14988723528411632
107,1395,1502,0.14989786635834132
103,1403,1506,0.14991167429410635
101,1400,1501,0.14993664127653952
106,1401,1507,0.14996568485083897
103,1412,1515,0.14997923761486287
103,1417,1520,0.1499980306371004
102,1417,1519,0.1500172308409555
100,1415,1515,0.1500351715257978
103,1418,1521,0.1500575147927694
104,1396,1500,0.15007244371052986
104,1405,1509,0.15008190806686017
102,1414,1516,0.15009083524249853
106,1426,1532,0.15010484498190568
107,1407,1514,0.15010823647343857
107,1419,1526,0.1501095418143403
107,1426,1533,0.15011160468497883
109,1417,1526,0.15011331854533996
106,1414,1520,0.15010986906351265
107,1429,1536,0.15011434154987918
103,1429,1532,0.15011555589813694
97,1423,1520,0.1501265217091903
98,1419,1517,0.15015153606806692
101,1433,1534,0.15017265106820882
100,1431,1531,0.15018559037225368
101,1422,1523,0.15020054783674172
100,1412,1512,0.15021213940958877
105,1407,1512,0.15022504082738294
108,1407,1515,0.15022008441455248
109,1406,1515,0.1502082870645642
109,1406,1515,0.15019254489614015
105,1393,1498,0.1501775155162731
104,1414,1518,0.15017391512695355
104,1404,1508,0.1501737973983647
100,1402,1502,0.15017308311470304
99,1400,1499,0.15018150277543618
102,1418,1520,0.1501924535370851
99,1423,1522,0.1501964947034176
99,1421,1520,0.150206665289898
96,1407,1503,0.1502162139615028
95,1419,1514,0.15023335147056638
96,1414,1510,0.15025234531098103
96,1431,1527,0.15026810451804212
95,1436,1531,0.15028415158577865
95,1428,1523,0.1503025851759519
94,1431,1525,0.15031974591935118
95,1429,1524,0.15033809710182802
99,1434,1533,0.15035195698568893
98,1436,1534,0.1503553540382811
99,1436,1535,0.1503619532441253
95,1425,1520,0.15036549521706669
97,1417,1514,0.15037870776026865
96,1428,1524,0.15038629436840756
97,1425,1522,0.15039672312717303
97,1424,1521,0.15040493165592222
96,1423,1519,0.15041257130731003
96,1432,1528,0.15042230686256694
93,1415,1508,0.15043116710431217
89,1412,1501,0.15044691594849
92,1420,1512,0.15047178447435117
93,1421,1514,0.1504869552860472
89,1429,1518,0.15049949340474184
90,1419,1509,0.15052054692508438
90,1435,1525,0.1505378438841743
94,1421,1515,0.15055424395337175
94,1421,1515,0.15055876701830015
92,1408,1500,0.1505640445271011
92,1417,1509,0.1505744540665803
94,1404,1498,0.15058373357153976
95,1392,1487,0.15058519791937386
96,1415,1511,0.1505855074986334
97,1410,1507,0.15058224514890722
99,1414,1513,0.1505769578907038
99,1429,1528,0.15056733928960145
100,1431,1531,0.1505584777645022
99,1421,1520,0.15054797847185308
98,1418,1516,0.15054144706210215
97,1413,1510,0.15053854987908838
97,1407,1504,0.15053784054351513
97,1409,1506,0.15053634205376656
101,1409,1510,0.15053504162780412
101,1421,1522,0.15051996636702328
101,1422,1523,0.1505071362551217
96,1406,1502,0.15049594434915248
98,1410,1508,0.15049932593976642
98,1404,1502,0.15049782427522584
96,1420,1516,0.15049707461096215
92,1424,1516,0.15050107702393567
89,1425,1514,0.15051465597401728
87,1420,1507,0.15053361227179674
89,1426,1515,0.15055604460335645
93,1417,1510,0.15057155023639104
94,1423,1517,0.150576534388962
89,1423,1512,0.15057887907606474
87,1418,1505,0.15059352660382141
83,1420,1503,0.1506119158751776
83,1428,1511,0.15063855730885592
79,1420,1499,0.15066337551728298
81,1430,1511,0.15069535253054347
82,1430,1512,0.15072042228538002
84,1428,1512,0.15074160653584442
83,1428,1511,0.15075406148451992
83,1412,1495,0.1507681827917516
83,1424,1507,0.15078112634461496
81,1418,1499,0.15079232345929777
81,1416,1497,0.1508092211033952
78,1426,1504,0.15082474466499357
78,1440,1518,0.15084697127950086
78,1438,1516,0.1508680071632107
77,1441,1518,0.15088687715014384
75,1439,1514,0.15090822291897837
72,1430,1502,0.15093393834411148
72,1444,1516,0.15096578957324785
70,1446,1516,0.15099486304978452
70,1458,1528,0.15102700974645797
68,1462,1530,0.15105794736851633
67,1447,1514,0.1510920098201769
68,1438,1506,0.15112481587276633
69,1433,1502,0.1511541371591747
70,1438,1508,0.15117980482657178
69,1450,1519,0.15119915808089426
69,1451,1520,0.1512203934708911
70,1455,1525,0.1512399283101543
71,1452,1523,0.15125641495433043
70,1449,1519,0.1512676080670065
70,1439,1509,0.1512816120259761
69,1425,1494,0.1512938256282652
72,1427,1499,0.151308432223011
67,1435,1502,0.1513141977503777
66,1450,1516,0.15133281833630927
67,1449,1516,0.15135325648314177
64,1450,1514,0.15136982570580465
66,1460,1526,0.15139267206913504
66,1438,1504,0.15140846293584875
64,1438,1502,0.15142396744678288
61,1431,1492,0.15144272580326523
63,1441,1504,0.15146563221329656
60,1447,1507,0.15148250109357575
59,1457,1516,0.15150579636256026
59,1461,1520,0.15153046245796553
59,1464,1523,0.15155426522672966
61,1456,1517,0.15157731078569864
63,1450,1513,0.15159283397657983
61,1450,1511,0.15160219639216277
59,1439,1498,0.15161521273064058
60,1437,1497,0.15163291865825956
59,1447,1506,0.15164691962760965
62,1454,1516,0.15166311461480586
60,1460,1520,0.1516687364395436
60,1454,1514,0.15167942518699187
62,1448,1510,0.15168936261670826
63,1457,1520,0.15169224678374174
65,1457,1522,0.15169276420890696
64,1454,1518,0.1516878821528944
64,1469,1533,0.15168670754679917
62,1461,1523,0.15168742203129212
65,1455,1520,0.15169380282043193
64,1451,1515,0.1516926312700635
63,1462,1525,0.15169459936994584
60,1457,1517,0.151699403824936
62,1456,1518,0.15171065017674426
61,1455,1516,0.15171538814539332
61,1453,1514,0.15172168908685843
60,1460,1520,0.15172833730480395
58,1458,1516,0.15173751674148142
58,1467,1525,0.15175178871783523
57,1464,1521,0.15176580471413734
58,1459,1517,0.15178158250037949
57,1452,1509,0.1517928480042169
57,1457,1514,0.15180629020440375
57,1456,1513,0.15181797502866723
59,1456,1515,0.1518285360802915
58,1457,1515,0.15183360601495696
58,1453,1511,0.15184019909883736
56,1469,1525,0.1518460863309721
54,1462,1516,0.15185700903133204
51,1462,1513,0.15187226440922363
53,1467,1520,0.15189386618145506
53,1453,1506,0.15190990508063998
54,1452,1506,0.15192553162758704
52,1462,1514,0.15193631582362893
50,1455,1505,0.15195130044057278
53,1453,1506,0.15197033999258994
52,1466,1518,0.15198058266332787
51,1465,1516,0.15199306830543646
51,1472,1523,0.15200756546454577
51,1468,1519,0.1520217274236967
47,1467,1514,0.15203537783770824
47,1475,1522,0.15205785501802702
46,1474,1520,0.15207927337645588
46,1473,1519,0.15210191008736207
45,1479,1524,0.15212240850568504
47,1483,1530,0.15214294582467175
46,1478,1524,0.15215763272952856
45,1482,1527,0.1521736674343377
46,1482,1528,0.15219147869016317
47,1466,1513,0.15220626962146783
46,1460,1506,0.15221708292287414
47,1461,1508,0.1522299366408331
46,1466,1512,0.15223875501015965
46,1470,1516,0.15224854842180066
44,1476,1520,0.15225722972138858
43,1489,1532,0.15227037572634933
41,1484,1525,0.15228571254357284
41,1487,1528,0.15230493966434597
39,1486,1525,0.15232304068648855
39,1489,1528,0.15234562925819273
41,1490,1531,0.15236664025267732
41,1481,1522,0.15238101636596355
43,1471,1514,0.15239445865766946
41,1469,1510,0.15240176172589545
41,1474,1515,0.15241350254962258
39,1475,1514,0.15242393818911915
40,1475,1515,0.1524386130724371
41,1468,1509,0.15244963021958466
40,1475,1515,0.15245827172299833
41,1472,1513,0.15246905914339384
41,1470,1511,0.15247744013968606
41,1485,1526,0.152485743252168
42,1481,1523,0.15249393158421712
41,1477,1518,0.15249870671806623
40,1484,1524,0.1525050906444356
40,1483,1523,0.1525136940109357
40,1472,1512,0.1525221794598944
39,1476,1515,0.1525294207451443
39,1486,1525,0.15253888273376287
40,1485,1525,0.15254707477854995
40,1485,1525,0.15255194474218142
40,1481,1521,0.1525564688321424
41,1479,1520,0.15256102299612428
38,1482,1520,0.1525613991735332
41,1478,1519,0.1525688568833509
43,1472,1515,0.15256861525207496
43,1480,1523,0.15256262559961783
43,1475,1518,0.15255668839865602
43,1476,1519,0.15255093121500224
41,1476,1517,0.1525463691985599
41,1473,1514,0.15254787752422058
41,1479,1520,0.1525488737070366
41,1485,1526,0.1525496446009546
41,1485,1526,0.15255052379338793
40,1476,1516,0.15255095521935438
41,1467,1508,0.15255420708587583
42,1477,1519,0.1525546443490798
41,1475,1516,0.15255246270093267
41,1473,1514,0.15255329967145598
42,1476,1518,0.15255473128031805
41,1469,1510,0.15255251448207965
40,1481,1521,0.15255259201019059
39,1476,1515,0.1525552219286603
37,1475,1512,0.15256053955615104
38,1471,1509,0.15257042769068163
40,1478,1518,0.15257701060115736
40,1487,1527,0.1525771860313534
39,1475,1514,0.15257712225226783
40,1468,1508,0.15258009301155787
40,1476,1516,0.15258003598965117
40,1464,1504,0.15257977079183846
39,1475,1514,0.15257994687214602
39,1475,1514,0.1525823411885785
39,1490,1529,0.1525844784489026
37,1488,1525,0.15258639529336188
35,1464,1499,0.1525937265958389
35,1473,1508,0.15260567186128157
35,1469,1504,0.15261748564309752
34,1475,1509,0.15262797153675683
35,1486,1521,0.1526405780498326
34,1481,1515,0.152649224482201
36,1477,1513,0.15266015637628164
35,1467,1502,0.15266444679788513
35,1468,1503,0.15267167131832327
34,1463,1497,0.15267874861891545
33,1463,1496,0.15268845661107597
33,1469,1502,0.1527002706358395
35,1477,1512,0.15271219270788308
35,1476,1511,0.15271794241974287
35,1485,1520,0.1527227280688061
35,1484,1519,0.15272778106753196
35,1481,1516,0.15273303144440584
36,1477,1513,0.15273738581354476
35,1486,1521,0.15273871500359212
35,1484,1519,0.15274160590221134
33,1486,1519,0.15274494052271634
33,1484,1517,0.15275186321344555
34,1475,1509,0.15275811053153257
34,1468,1502,0.15276138699602484
32,1487,1519,0.15276577755561868
32,1478,1510,0.15277481091056372
32,1483,1515,0.15278322730161276
33,1485,1518,0.15279163345838861
35,1478,1513,0.15279713709581233
35,1484,1519,0.15279690169161025
36,1478,1514,0.1527972608498775
39,1470,1509,0.15279524488001844
36,1487,1523,0.15278256600895446
35,1480,1515,0.15277837580758521
37,1485,1522,0.15277831937546651
36,1482,1518,0.15277259656882924
32,1476,1508,0.15277039038289594
32,1468,1500,0.15277823450962624
31,1477,1508,0.15278413047203285
31,1488,1519,0.15279145719136344
31,1484,1515,0.15279909879725678
31,1479,1510,0.15280696232861243
31,1477,1508,0.1528142770344635
29,1482,1511,0.15282177236670275
30,1482,1512,0.1528340023215635
29,1476,1505,0.1528422697974593
29,1486,1515,0.15285275412703203
29,1495,1524,0.15286371123326986
30,1490,1520,0.1528744238353636
30,1480,1510,0.152880476068537
31,1483,1514,0.1528867177215722
31,1491,1522,0.15288981232753412
30,1491,1521,0.1528932806658678
28,1488,1516,0.15289933364468897
28,1494,1522,0.15291003071846632
29,1494,1523,0.15291952270692277
29,1496,1525,0.15292448664137065
29,1495,1524,0.15293047245636124
28,1486,1514,0.1529355368782819
29,1484,1513,0.1529429722051704
29,1478,1507,0.15294606344199896
30,1479,1509,0.15294861265242557
28,1493,1521,0.15294735153211275
30,1497,1527,0.1529515519866187
30,1503,1533,0.1529506014586242
29,1498,1527,0.15295048321471608
28,1489,1517,0.15295216433044173
29,1481,1510,0.15295763993721986
28,1493,1521,0.15295922155172767
27,1500,1527,0.15296364409574686
26,1492,1518,0.15297059109072803
25,1493,1518,0.1529798417426414
25,1492,1517,0.15299046346515952
25,1484,1509,0.15300097597001858
26,1490,1516,0.15301133384432503
27,1487,1514,0.15301856110680534
25,1490,1515,0.1530232096316979
26,1507,1533,0.15303227297200667
27,1488,1515,0.15303795164411718
27,1489,1516,0.1530411708843968
28,1494,1522,0.15304361632855776
29,1484,1513,0.1530431578947405
29,1492,1521,0.1530390969935091
29,1489,1518,0.15303603542583663
29,1482,1511,0.15303383989252248
30,1483,1513,0.15303239218812525
31,1467,1498,0.15302768320831542
30,1473,1503,0.15302065907449794
31,1476,1507,0.15301707948320553
29,1483,1512,0.15301118720960352
29,1489,1518,0.15301069398038172
28,1483,1511,0.1530108290043012
30,1480,1510,0.15301363961959794
31,1496,1527,0.15301069720407096
31,1480,1511,0.153005185435492
31,1485,1516,0.1530006765819766
31,1492,1523,0.1529970452744959
29,1477,1506,0.1529933268761133
30,1487,1517,0.1529964560098855
30,1496,1526,0.152996590306972
30,1487,1517,0.15299713336494547
28,1485,1513,0.15299692165735343
28,1493,1521,0.1530016360662262
29,1505,1534,0.15300658327102123
29,1505,1534,0.15300829240399635
29,1495,1524,0.15301030897626197
28,1502,1530,0.15301257447103878
28,1493,1521,0.15301722570246423
27,1494,1521,0.15302144898152795
25,1491,1516,0.15302796353030432
25,1492,1517,0.153039281928187
25,1489,1514,0.15305010931898846
24,1498,1522,0.15306045640944854
25,1500,1525,0.15307257904694896
25,1492,1517,0.15308083618421497
25,1493,1518,0.15308882263662213
24,1502,1526,0.15309653259552009
22,1507,1529,0.1531061640751828
20,1490,1510,0.15311970331425304
17,1504,1521,0.1531370488722924
19,1502,1521,0.15315997990980748
19,1495,1514,0.1531770771012157
19,1502,1521,0.15319324964106992
18,1489,1507,0.15320742766281834
19,1500,1519,0.1532232177928552
18,1491,1509,0.15323494520672823
16,1499,1515,0.15324837944260455
16,1494,1510,0.1532655434879525
17,1491,1508,0.15328187639202798
17,1477,1494,0.15329413850293253
16,1483,1499,0.15330593447734145
16,1503,1519,0.1533185406971728
15,1506,1521,0.15333069465549304
13,1507,1520,0.15334455396090385
13,1491,1504,0.15336219742897708
14,1492,1506,0.1533789239248572
14,1503,1517,0.15339157641454418
14,1495,1509,0.15340375889263233
14,1503,1517,0.15341547110570403
14,1500,1514,0.15342671559199947
15,1509,1524,0.1534374972444168
14,1497,1511,0.1534445503041491
14,1510,1524,0.15345362597638565
14,1516,1530,0.15346240990989674
14,1506,1520,0.1534708947236349
14,1511,1525,0.15347907591067128
15,1507,1522,0.1534869514293204
16,1508,1524,0.1534914128268403
15,1502,1517,0.1534916910869457
15,1497,1512,0.153494672475829
14,1505,1519,0.15349682094554276
15,1505,1520,0.15350166262346332
16,1502,1518,0.15350330680127872
16,1515,1531,0.15350278091153002
15,1498,1513,0.15350271240628685
15,1495,1510,0.15350546320918532
15,1500,1515,0.1535083688605612
15,1501,1516,0.1535113888058365
15,1502,1517,0.1535138848636137
16,1509,1525,0.15351652612946165
15,1510,1525,0.1535165462085522
16,1505,1521,0.15351902454712618
16,1521,1537,0.1535193866782435
16,1520,1536,0.15351997573342152
16,1510,1526,0.15352075390613623
15,1500,1515,0.15352168800293334
15,1495,1510,0.15352503762841313
15,1488,1503,0.15352833596238005
15,1503,1518,0.15353157124576342
15,1499,1514,0.1535347338816357
15,1505,1520,0.1535369651343472
13,1496,1509,0.153539242756157
13,1504,1517,0.15354658091699122
13,1495,1508,0.1535535533450985
13,1475,1488,0.15356017430046345
13,1491,1504,0.1535664579600993
13,1503,1516,0.15357142749187883
12,1501,1513,0.15357624409148
12,1491,1503,0.15358320261957611
13,1501,1514,0.15358984671817616
13,1491,1504,0.15359293323252707
13,1496,1509,0.15359602640955206
11,1507,1518,0.1535991071639799
11,1519,1530,0.15360646584488483
11,1513,1524,0.15361352150029417
11,1516,1527,0.15362027863376984
10,1509,1519,0.15362674281387925
11,1522,1533,0.15363505691662108
12,1517,1529,0.15363968521632518
12,1508,1520,0.15364098883501248
11,1512,1523,0.15364249267046412
12,1514,1526,0.153646338236959
11,1512,1523,0.1536469117778578
10,1512,1522,0.15364993033707372
10,1513,1523,0.15365522552059754
10,1514,1524,0.15366045201384698
11,1512,1523,0.15366558941864888
12,1498,1510,0.1536673736777206
12,1491,1503,0.15366633087027476
12,1499,1511,0.1536653491047468
12,1502,1514,0.15366477326009992
12,1502,1514,0.1536645452114419
11,1513,1524,0.15366461359700562
11,1519,1530,0.1536678393588263
11,1523,1534,0.1536710289237168
12,1501,1513,0.15367416910850742
12,1510,1522,0.15367398370833657
11,1496,1507,0.15367403392392165
11,1508,1519,0.1536766044685141
11,1506,1517,0.15367918775127032
10,1508,1518,0.15368176671720232
10,1509,1519,0.15368649217884886
10,1520,1530,0.15369105575758968
10,1534,1544,0.15369545519426617
9,1530,1539,0.15369968953535196
7,1538,1545,0.15370593033604904
9,1522,1531,0.1537162008564663
9,1510,1519,0.15371960455606146
9,1510,1519,0.1537230603057612
9,1521,1530,0.153726539705043
9,1514,1523,0.15373001853446752
9,1506,1515,0.15373347626305814
9,1520,1529,0.1537368956087725
9,1503,1512,0.15374026214659406
10,1507,1517,0.15374356395931973
10,1507,1517,0.1537435402393683
10,1510,1520,0.1537437381548321
10,1503,1513,0.15374412290037906
10,1509,1519,0.15374466385013974
11,1503,1514,0.15374533410418886
10,1503,1513,0.153742842236514
9,1504,1513,0.15374348771969953
9,1500,1509,0.15374643034325597
8,1509,1517,0.1537493360352944
9,1504,1513,0.15375387162202295
9,1499,1508,0.15375606914451762
9,1512,1521,0.1537582870698976
9,1505,1514,0.1537605091685592
9,1512,1521,0.15376272165419763
9,1524,1533,0.1537649128938563
9,1520,1529,0.15376599908055485
9,1522,1531,0.1537672145633693
10,1521,1531,0.15376853255218578
10,1522,1532,0.15376665496842923
10,1523,1533,0.15376514235002034
10,1520,1530,0.15376394820026565
11,1515,1526,0.15376303120374143
11,1513,1524,0.15375924176751593
11,1511,1522,0.1537559421863105
11,1512,1523,0.15375307762494217
11,1503,1514,0.15375059900063257
11,1502,1513,0.15374846239981893
10,1494,1504,0.15374552331576496
8,1499,1507,0.15374541121327834
8,1503,1511,0.15375033297328353
9,1511,1520,0.15375510465443107
9,1503,1512,0.15375701980734502
9,1504,1513,0.15375899268385815
9,1509,1518,0.1537610029114279
9,1505,1514,0.15376303298556926
9,1512,1521,0.15376506793824435
8,1506,1514,0.15376709504157313
9,1502,1511,0.15377125719866863
8,1520,1528,0.15377303684436497
9,1516,1525,0.1537772787473335
8,1516,1524,0.15377878664406341
8,1507,1515,0.1537824821304799
8,1508,1516,0.1537860255625014
8,1509,1517,0.15378941911965074
8,1515,1523,0.15379157679493433
7,1522,1529,0.1537936753432782
8,1537,1545,0.15379798456784904
8,1518,1526,0.15379889570495853
8,1516,1524,0.15379997933809353
8,1514,1522,0.15380120271283504
8,1503,1511,0.1538025372362931
7,1501,1508,0.1538039580129395
6,1496,1502,0.1538082708298405
7,1494,1501,0.1538145449065631
7,1512,1519,0.1538172822089191
8,1508,1516,0.1538200161376371
9,1505,1514,0.15382038215363422
9,1497,1506,0.15381813351336462
9,1510,1519,0.15381621525400227
9,1512,1521,0.15381458867836806
9,1503,1512,0.15381321922822686
9,1510,1519,0.153812076061344
9,1507,1516,0.15381113167067617
9,1514,1523,0.15381036154156102
9,1517,1526,0.15380898339918245
10,1516,1526,0.1538078588286576
10,1511,1521,0.1538036914496871
10,1520,1530,0.15380002273196242
10,1502,1512,0.15379679872340957
9,1503,1512,0.15379397102924558
8,1506,1514,0.15379415220083825
8,1501,1509,0.15379661054284796
8,1504,1512,0.1537990246168933
7,1519,1526,0.153801386916522
6,1521,1527,0.1538063392574635
6,1527,1533,0.153813187742873
5,1530,1535,0.15381964831840234
5,1525,1530,0.1538279027481817
6,1521,1527,0.153835678636759
7,1517,1524,0.1538407054073893
7,1524,1531,0.15384221896880163
7,1523,1530,0.15384377387782114
7,1526,1533,0.1538453548182612
7,1523,1530,0.15384694863531997
7,1510,1517,0.153848544085881
7,1515,1522,0.15385013161537436
7,1526,1533,0.15385170315848978
7,1521,1528,0.15385325196130029
7,1522,1529,0.15385477242260148
7,1527,1534,0.15385625995248922
7,1519,1526,0.15385771084639716
6,1515,1521,0.15385912217299388
6,1509,1515,0.1538626474436708
6,1506,1512,0.1538659985013957
7,1506,1513,0.15386918200972327
6,1514,1520,0.15386984994427302
5,1519,1524,0.15387286087716562
6,1518,1524,0.15387787735315597
6,1516,1522,0.1538801623876714
7,1509,1516,0.15388235760045485
7,1506,1513,0.15388120029775684
8,1506,1514,0.15388025970188354
8,1518,1526,0.15387626434144394
8,1498,1506,0.1538727359493698
8,1510,1518,0.1538696244680369
8,1510,1518,0.15386688497659803
8,1519,1527,0.15386447717653406
8,1516,1524,0.15386236492799588
8,1511,1519,0.15386051583196547
8,1519,1527,0.15385890085374995
8,1524,1532,0.1538574939837563
9,1512,1521,0.15385627193189347
8,1509,1517,0.15385198092743646
9,1508,1517,0.15385035106860134
9,1511,1520,0.15384669858917163
9,1514,1523,0.1538434255979856
9,1510,1519,0.15384049384050652
8,1497,1505,0.15383786885176887
8,1487,1495,0.15383766472436627
8,1484,1492,0.15383757809757967
8,1496,1504,0.15383759153196153
8,1497,1505,0.15383768965156183
8,1505,1513,0.1538378589210569
7,1506,1513,0.153838087445866
5,1510,1515,0.15384051283504813
4,1517,1521,0.15384725000735466
5,1521,1526,0.1538558115148729
5,1527,1532,0.15386061733772183
5,1526,1531,0.1538652714625189
5,1517,1522,0.15386976942259953
5,1510,1515,0.1538741083535348
5,1508,1513,0.15387828676657567
5,1502,1507,0.15388230434839217
4,1507,1511,0.15388616178429654
4,1513,1517,0.1538920607138239
4,1512,1516,0.1538976660499035
4,1509,1513,0.1539029892450676
4,1504,1508,0.15390804168131011
4,1517,1521,0.15391283461337818
4,1517,1521,0.1539173791214443
4,1505,1509,0.15392168607201256
4,1511,1515,0.1539257660860379
4,1511,1515,0.1539296295133498
4,1501,1505,0.1539332864125735
4,1512,1516,0.15393674653583095
4,1519,1523,0.15394001931758494
4,1514,1518,0.15394311386706305
4,1513,1517,0.15394603896376047
4,1502,1506,0.15394880305558137
4,1504,1508,0.1539514142592271
4,1503,1507,0.1539538803624886
4,1520,1524,0.15395620882813799
4,1521,1525,0.15395840679915485
4,1525,1529,0.15396048110505167
4,1525,1529,0.1539624382690948
4,1519,1523,0.15396428451624136
4,1511,1515,0.15396602578163623
4,1514,1518,0.153967667719534
4,1515,1519,0.15396921571252734
5,1508,1513,0.15397067488098204
5,1511,1516,0.1539688016422255
6,1516,1522,0.15396715113970388
6,1512,1518,0.15396249740972412
6,1509,1515,0.15395831571024632
6,1514,1520,0.15395455907459302
8,1515,1523,0.15395118515569006
8,1522,1530,0.153941691260954
8,1521,1529,0.15393310744666833
8,1530,1538,0.15392534649734532
8,1519,1527,0.15391722647367181
8,1513,1521,0.15390995341807925
8,1521,1529,0.1539034418845612
8,1515,1523,0.15389761488262071
8,1512,1520,0.15389240305020951
8,1532,1540,0.15388774390698526
7,1513,1520,0.15388358118012252
8,1518,1526,0.15388239239927848
8,1508,1516,0.15387818503119102
8,1504,1512,0.1538744613970222
7,1512,1519,0.15387116992756308
7,1504,1511,0.15387068852015073
7,1508,1515,0.15387037883603227
7,1501,1508,0.15387021652325705
6,1521,1527,0.15387018006348935
6,1513,1519,0.15387242067878174
6,1515,1521,0.1538746197208398
6,1513,1519,0.15387677044366857
6,1494,1500,0.1538788674153686
5,1503,1508,0.1538809063504176
5,1507,1512,0.15388504866099792
5,1496,1501,0.15388899645436172
5,1510,1515,0.15389275597993698
5,1512,1517,0.1538963336482472
5,1502,1507,0.1538997359687183
5,1506,1511,0.15390296949633595
5,1508,1513,0.15390604078612447
5,1497,1502,0.15390895635453014
5,1508,1513,0.1539117226468879
5,1508,1513,0.1539143460102419
5,1501,1506,0.15391683267086675
5,1488,1493,0.15391918871590976
5,1497,1502,0.1539214200786368
4,1493,1497,0.15392353252682248
4,1514,1518,0.15392773013372754
4,1501,1505,0.1539316835230414
4,1505,1509,0.15393540645847661
4,1514,1518,0.15393891197300608
4,1521,1525,0.15394221240296946
4,1521,1525,0.1539453194211072
4,1511,1515,0.15394824406849003
4,1508,1512,0.15395099678532398
4,1506,1510,0.15395358744061977
4,1515,1519,0.15395602536072484
3,1498,1501,0.1539583193567218
3,1500,1503,0.15396266177326323
3,1514,1517,0.1539667418631912
3,1519,1522,0.15397057535569653
3,1524,1527,0.15397417704851685
3,1514,1517,0.1539775608619361
3,1523,1526,0.15398073988977032
3,1516,1519,0.15398372644749478
3,1522,1525,0.15398653211766347
3,1519,1522,0.15398916779276248
3,1519,1522,0.15399164371563423
2,1524,1526,0.15399396951760252
2,1526,1528,0.15399831523156046
2,1520,1522,0.1540023977178045
1,1525,1526,0.15400623286974743
1,1520,1521,0.15401199346598676
1,1517,1518,0.15401740526625005
1,1514,1515,0.15402248935522522
1,1522,1523,0.15402726554643087
1,1525,1526,0.15403175245851863
1,1513,1514,0.15403596758702856
1,1516,1517,0.15403992737186517
1,1508,1509,0.15404364726074612
1,1506,1507,0.15404714176886178
1,1495,1496,0.15405042453496923
1,1508,1509,0.15405350837413148
1,1507,1508,0.15405640532730136
1,1513,1514,0.15405912670793595
1,1520,1521,0.15406168314581908
1,1525,1526,0.15406408462825655
1,1515,1516,0.15406634053880114
1,1520,1521,0.154068459693654
1,1525,1526,0.15407045037588077
1,1520,1521,0.1540723203675727
1,1521,1522,0.154074076980076
1,1520,1521,0.15407572708240308
1,1520,1521,0.15407727712793645
1,1516,1517,0.15407873317952522
1,1513,1514,0.15408010093307217
1,1501,1502,0.15408138573970023
1,1516,1517,0.15408259262658452
1,1533,1534,0.15408372631652917
1,1514,1515,0.1540847912463645
1,1527,1528,0.1540857915842356
1,1531,1532,0.15408673124584787
1,1522,1523,0.15408761390973336
1,1508,1509,0.15408844303159583
1,1513,1514,0.15408922185779025
1,1507,1508,0.15408995343798865
1,1506,1507,0.1540906406370814
1,1505,1506,0.1540912861463599
1,1504,1505,0.1540918924940235
1,1511,1512,0.15409246205505212
1,1511,1512,0.15409299706048213
1,1517,1518,0.15409349960612154
1,1526,1527,0.1540939716607386
1,1527,1528,0.15409441507375532
1,1528,1529,0.15409483158247556
1,1511,1512,0.15409522281887628
1,1507,1508,0.15409559031598793
1,1503,1504,0.15409593551388875
1,1503,1504,0.1540962597653365
1,1515,1516,0.15409656434105945
1,1512,1513,0.15409685043472687
1,1502,1503,0.15409711916761926
1,1502,1503,0.1540973715930151
1,1509,1510,0.1540976087003128
1,1500,1501,0.15409783141890235
1,1518,1519,0.15409804062180313
1,1523,1524,0.15409823712908097
1,1514,1515,0.15409842171105861
1,1516,1517,0.1540985950913313
1,1506,1507,0.15409875794960012
1,1516,1517,0.1540989109243333
1,1515,1516,0.15409905461526663
1,1495,1496,0.15409918958575206
1,1501,1502,0.15409931636496396
1,1510,1511,0.15409943544997234
1,1518,1519,0.1540995473076893
1,1507,1508,0.1540996523766984
1,1510,1511,0.15409975106897292
1,1510,1511,0.1540998437714897
1,1510,1511,0.15409993084774543
1,1506,1507,0.15410001263918086
1,1513,1514,0.15410008946651887
1,1508,1509,0.1541001616310211
0,1521,1521,0.1541002294156687
