1377,30,1407,0.13579591981828099
1407,30,1437,0.1329226914819258
1411,31,1442,0.130226465892625
1436,34,1470,0.12776408824034932
1455,37,1492,0.12545573669821944
1463,35,1498,0.12330509575181012
1464,35,1499,0.12132864590226156
1461,37,1498,0.11952789817589451
1477,36,1513,0.11789984756297639
1471,34,1505,0.11638083053449463
1478,34,1512,0.11501666815644385
1468,35,1503,0.11375928323381806
1459,36,1495,0.11264023379255433
1463,39,1502,0.11164647700694814
1459,40,1499,0.11073565859756802
1460,43,1503,0.10991899097560809
1456,43,1499,0.10917506175372876
1440,45,1485,0.10850821482541245
1452,44,1496,0.10794176317252381
1447,43,1490,0.10739699987455563
1450,43,1493,0.10691768403929972
1455,41,1496,0.10647381841686929
1455,41,1496,0.10605791442819841
1450,40,1490,0.10567729800143962
1466,34,1500,0.10534374182960285
1476,34,1510,0.10500117358650178
1476,35,1511,0.10466353935018347
1473,37,1510,0.10435490761605892
1465,34,1499,0.10408321023009946
1476,34,1510,0.10385452534934961
1474,35,1509,0.10362149973503644
1470,34,1504,0.1034145288710959
1460,37,1497,0.10323637314237391
1465,37,1502,0.10309790465608001
1472,37,1509,0.1029593376289656
1473,37,1510,0.10281938614820404
1481,37,1518,0.1026899249328903
1483,36,1519,0.1025556093667505
1479,36,1515,0.10242820024427061
1467,36,1503,0.102320591700572
1470,36,1506,0.10224989154028777
1469,37,1506,0.10218024517485105
1469,38,1507,0.102119028489644
1458,38,1496,0.10206378579853809
1460,36,1496,0.10203772327851084
1465,40,1505,0.10200937538512012
1462,41,1503,0.10197253342196635
1460,41,1501,0.10194668596345884
1460,41,1501,0.10192827491957612
1465,39,1504,0.10191208224509544
1457,39,1496,0.10188634499463765
1459,40,1499,0.10187832619458287
1461,40,1501,0.1018686477368587
1462,40,1502,0.10185465977423691
1464,40,1504,0.10183801462379638
1466,40,1506,0.101818496401551
1453,38,1491,0.10179693273900486
1443,35,1478,0.10180796754245913
1447,33,1480,0.10184062143072589
1443,35,1478,0.10186203378077809
1451,36,1487,0.10189163850099339
1447,36,1483,0.10190000498036325
1442,37,1479,0.10191547363397285
1437,36,1473,0.10194324617153082
1466,36,1502,0.1019786884037898
1454,34,1488,0.10194679906073414
1450,34,1484,0.10194164623830573
1436,35,1471,0.10194590059333375
1449,34,1483,0.10198070431441099
1455,33,1488,0.10198357300284595
1447,34,1481,0.10197000326674191
1455,36,1491,0.1019759821525537
1453,36,1489,0.1019641498391783
1455,38,1493,0.10196080444731721
1451,38,1489,0.10195323449408494
1452,35,1487,0.10195553215791238
1455,36,1491,0.10195595311665272
1461,36,1497,0.10194934601820688
1469,39,1508,0.10193018965017504
1452,39,1491,0.10189299369969283
1453,37,1490,0.10189744459444963
1471,37,1508,0.10190248209041984
1466,38,1504,0.10186483495045362
1474,39,1513,0.10184087906001561
1475,39,1514,0.10180131866149253
1462,38,1500,0.10176265623917452
1456,37,1493,0.10175655052934021
1464,37,1501,0.10176419408149777
1462,37,1499,0.10175411925958042
1446,38,1484,0.10174752809900514
1440,37,1477,0.10177935899335849
1449,38,1487,0.10182100542071794
1457,37,1494,0.10183898335698251
1480,37,1517,0.10183746717751668
1467,36,1503,0.10178138902017729
1459,36,1495,0.10175904558263539
1455,36,1491,0.10175737879904498
1454,35,1489,0.10176531036458755
1454,35,1489,0.10177442408020951
1450,33,1483,0.1017825951890596
1458,31,1489,0.1017985425835768
1458,32,1490,0.10179754344597429
1461,30,1491,0.10179805995397753
1453,27,1480,0.10178948159123959
1456,27,1483,0.10179857157592728
1472,27,1499,0.10180075068797999
1464,27,1491,0.1017658800274067
1473,27,1500,0.10175145540477656
1470,27,1497,0.10171516289621314
1475,29,1504,0.10169029148453007
1477,31,1508,0.10165660351497731
1468,32,1500,0.10162163002064183
1474,31,1505,0.10160602034463978
1443,31,1474,0.10157945167091598
1435,34,1469,0.10162363914470438
1436,34,1470,0.10168562261323054
1442,35,1477,0.10173922632123591
1447,36,1483,0.10177557354178969
1447,35,1482,0.10179901974296954
1455,35,1490,0.10182180037096188
1453,38,1491,0.10182542474083295
1452,39,1491,0.10183275246759013
1445,40,1485,0.10184056893890504
1456,38,1494,0.10186446901617821
1458,36,1494,0.10186308818995261
1449,35,1484,0.1018572852283134
1451,35,1486,0.10187167661239378
1452,35,1487,0.10188295093029712
1466,36,1502,0.10188916899941391
1465,36,1501,0.10186258005391928
1465,36,1501,0.10183999429115921
1461,36,1497,0.10182023857921585
1454,36,1490,0.10181053264742818
1461,36,1497,0.10181596664898283
1460,35,1495,0.1018065305679647
1460,37,1497,0.10180242564546456
1457,37,1494,0.1017990041911402
1470,36,1506,0.10180146012510466
1465,36,1501,0.1017732774079562
1457,37,1494,0.1017580887106741
1460,37,1497,0.1017622232620657
1446,37,1483,0.10176000879805461
1445,34,1479,0.10178847332799969
1448,34,1482,0.10181783137453347
1455,34,1489,0.10183597753140736
1447,34,1481,0.10183589107409331
1443,34,1477,0.10185525452063279
1455,34,1489,0.10188231230218477
1460,38,1498,0.1018788634235608
1465,40,1505,0.10186588265936843
1462,41,1503,0.1018420287050132
1454,40,1494,0.10182802064016784
1459,39,1498,0.10183299418546773
1448,37,1485,0.10182573752543028
1437,41,1478,0.10184375915887892
1449,41,1490,0.1018868486025542
1459,40,1499,0.1019014672358948
1440,42,1482,0.10189220889280996
1440,40,1480,0.1019252627706377
1440,41,1481,0.10195664282088245
1443,42,1485,0.10198554448077973
1437,44,1481,0.10200451582088942
1461,45,1506,0.10203528910646568
1460,45,1505,0.10200897468003564
1456,45,1501,0.10198669853262075
1452,43,1495,0.10197522892355713
1456,44,1500,0.10197507170522506
1456,46,1502,0.10196695993001591
1453,46,1499,0.10196051626681257
1444,47,1491,0.10195989553936796
1435,47,1482,0.10198113152744709
1446,45,1491,0.10202250504827547
1447,47,1494,0.10203444590218787
1443,49,1492,0.1020434052032278
1452,49,1501,0.10206275776779065
1443,50,1493,0.10205994172378684
1441,51,1492,0.1020756502348841
1446,52,1498,0.10209609628894761
1439,52,1491,0.1021038574502478
1438,54,1492,0.1021279676349068
1430,53,1483,0.10215379987317241
1434,53,1487,0.10219619467395673
1444,52,1496,0.10222393239878905
1436,53,1489,0.10222893884514946
1450,52,1502,0.10225257023935022
1447,51,1498,0.10224428499371918
1456,54,1510,0.1022438985949014
1454,54,1508,0.1022192086492273
1446,51,1497,0.1022006224052933
1437,52,1489,0.10220188355167575
1425,53,1478,0.10222463805818062
1436,55,1491,0.10227335449617132
1428,55,1483,0.10229452737429245
1425,54,1479,0.10233165383402631
1432,53,1485,0.10237175893210665
1423,52,1475,0.1023919416669818
1435,53,1488,0.10243180293715629
1432,57,1489,0.1024392011214938
1435,57,1492,0.10245563829768493
1439,57,1496,0.10246573907946621
1443,58,1501,0.10246357109606588
1436,57,1493,0.10245108778967772
1445,58,1503,0.10245516701096857
1451,57,1508,0.1024373503696864
1462,53,1515,0.10240891662198073
1457,52,1509,0.10235846657034382
1456,52,1508,0.10232381070380868
1444,52,1496,0.10229438489582368
1456,50,1506,0.10229373693289581
1450,52,1502,0.10226382571841289
1448,51,1499,0.10225039762243021
1434,52,1486,0.10224409873135709
1425,52,1477,0.10226945769804897
1438,53,1491,0.10231377475124408
1422,52,1474,0.1023273582363953
1428,55,1483,0.10237523558292011
1424,55,1479,0.10240881756226447
1429,55,1484,0.10244770998846452
1436,55,1491,0.10247200014735715
1432,54,1486,0.102478852358309
1438,55,1493,0.10249145160155554
1438,54,1492,0.10248710028177431
1449,57,1506,0.10248298375612354
1442,56,1498,0.10245463064345137
1436,57,1493,0.10244366849366605
1439,57,1496,0.10244761277374717
1439,54,1493,0.10244400358250086
1430,55,1485,0.10244385777093118
1430,54,1484,0.10246321975336205
1434,52,1486,0.10248217710424269
1429,55,1484,0.10249003181438156
1426,55,1481,0.1025063173159298
1430,56,1486,0.10252775558501995
1426,56,1482,0.10253833081466172
1433,56,1489,0.10255766890122792
1437,58,1495,0.10256110791488345
1436,58,1494,0.10255505378859298
1431,62,1493,0.10255232385555407
1422,62,1484,0.1025613437758686
1425,63,1488,0.10259271225250922
1431,66,1497,0.10261236420421893
1432,66,1498,0.102615612376683
1426,64,1490,0.10261755818069732
1431,64,1495,0.10263325070439581
1435,65,1500,0.10264017897010572
1430,64,1494,0.10263654316221135
1415,63,1478,0.10264404410814937
1410,62,1472,0.10268469195695804
1399,64,1463,0.10273084427205376
1419,65,1484,0.10279853862863313
1402,67,1469,0.10281720438718392
1400,68,1468,0.1028727828194688
1394,69,1463,0.10292852603595466
1393,69,1462,0.10299580729224082
1392,68,1460,0.10306027541356022
1406,71,1477,0.10312132206701242
1400,69,1469,0.10314430013189593
1419,68,1487,0.10317588490650934
1400,68,1468,0.1031639605348133
1400,70,1470,0.10319583776418009
1404,70,1474,0.10322504580287407
1415,69,1484,0.10324147145624664
1422,70,1492,0.1032308313195245
1424,71,1495,0.10320329575053097
1416,72,1488,0.10317679491993782
1423,71,1494,0.10316926159768278
1421,71,1492,0.1031458677104829
1430,71,1501,0.10313069890024701
1439,67,1506,0.1030973461713737
1430,66,1496,0.10304680539453827
1424,65,1489,0.10302131569723003
1436,64,1500,0.10301139686186575
1439,62,1501,0.1029731720488353
1452,60,1512,0.10293077384553138
1445,60,1505,0.10286161544809591
1446,59,1505,0.10281390809700752
1442,62,1504,0.10277113643242831
1433,63,1496,0.10273919138194558
1435,61,1496,0.10273126360548136
1432,59,1491,0.10271715623653037
1435,60,1495,0.10271022082500966
1440,59,1499,0.10269794586169845
1441,60,1501,0.10267586996296062
1441,60,1501,0.10265283765185813
1432,60,1492,0.1026324966758377
1436,59,1495,0.1026354200084339
1434,59,1493,0.10263125358153598
1420,57,1477,0.10262789093910879
1428,59,1487,0.10265838931154497
1437,63,1500,0.1026686973532491
1427,65,1492,0.10265862416524055
1420,66,1486,0.10267187401992472
1430,64,1494,0.102699024474563
1428,64,1492,0.10269935405029346
1420,65,1485,0.10270690844426184
1433,64,1497,0.10273024414314345
1421,64,1485,0.10272284242449248
1431,65,1496,0.10274380850296204
1439,63,1502,0.10273987177217558
1431,63,1494,0.10271874302600664
1427,61,1488,0.10271730944610549
1420,61,1481,0.10272415888865244
1422,61,1483,0.10274686590376562
1427,62,1489,0.10276279432196678
1432,59,1491,0.10276546944320866
1430,60,1490,0.10275693189117216
1432,58,1490,0.10274942750701233
1434,54,1488,0.10273825907064875
1432,58,1490,0.10272452292037344
1441,59,1500,0.10271723360452406
1431,59,1490,0.10268985859533117
1429,63,1492,0.10268843084900386
1432,62,1494,0.10269271576603047
1434,61,1495,0.10269098118856984
1456,61,1517,0.10268305134215633
1442,64,1506,0.10262639899566146
1447,62,1509,0.10260526463208162
1431,60,1491,0.10257544031655766
1431,61,1492,0.1025840549588494
1438,61,1499,0.10259274232850821
1436,62,1498,0.10258491815358464
1431,60,1491,0.10257877065787283
1426,61,1487,0.10258376850964045
1429,60,1489,0.10260252945957463
1432,60,1492,0.10261376319881768
1438,64,1502,0.10261632916327809
1433,66,1499,0.10260654728303688
1438,63,1501,0.10260969154320751
1440,65,1505,0.10260290916822491
1437,65,1502,0.1025905120134291
1422,66,1488,0.10258680674057144
1435,64,1499,0.10261757591169154
1421,61,1482,0.10261704285314355
1432,60,1492,0.10264825636328435
1438,60,1498,0.10265280130275421
1438,60,1498,0.1026429273652454
1437,60,1497,0.10263130408922773
1434,61,1495,0.1026251819181238
1428,60,1488,0.10262542773599581
1435,61,1496,0.10263852844846158
1426,60,1486,0.10263359754190944
1411,58,1469,0.10264666878527837
1429,58,1487,0.10269302111722264
1436,59,1495,0.10269429973649871
1435,61,1496,0.10267836470699422
1433,65,1498,0.10266674749696587
1435,66,1501,0.10266106303041705
1437,66,1503,0.10265016914887885
1433,64,1497,0.10263721957305788
1440,64,1504,0.10263431325471999
1437,65,1502,0.10261602892161172
1430,65,1495,0.1026059834942867
1429,66,1495,0.10261288258623245
1435,65,1500,0.10262061189977124
1438,63,1501,0.10261355406451335
1435,64,1499,0.10260050788428837
1431,63,1494,0.10259543652295243
1420,64,1484,0.10260167993074093
1426,67,1493,0.10263294185969003
1428,66,1494,0.10265086439804322
1429,66,1495,0.10266221002176129
1431,66,1497,0.10267097741893848
1434,61,1495,0.10267550762125267
1433,60,1493,0.10267275592056613
1445,60,1505,0.10267210583772396
1443,57,1500,0.10264125029120223
1438,58,1496,0.10261803549885368
1418,59,1477,0.10260868699039405
1426,61,1487,0.10264533541996307
1432,60,1492,0.10266242703446764
1447,62,1509,0.10266393291938006
1456,60,1516,0.10263135389371339
1445,61,1506,0.10258066372647738
1439,62,1501,0.10255896288724667
1425,63,1488,0.10255510342167153
1418,64,1482,0.10258303539488113
1425,64,1489,0.10262411451126749
1431,66,1497,0.1026482587873221
1422,63,1485,0.10265738192985147
1416,66,1482,0.10268647409572687
1435,65,1500,0.10272708553786167
1413,65,1478,0.10272040562103862
1423,65,1488,0.10276356427308617
1416,70,1486,0.10277998919588789
1416,70,1486,0.10281257690903609
1414,68,1482,0.10284288374386401
1411,70,1481,0.10287509629863355
1416,69,1485,0.10291170631560481
1407,69,1476,0.10293522824283052
1399,71,1470,0.10297523071346643
1405,69,1474,0.10303105572959687
1418,73,1491,0.10307101988306858
1402,71,1473,0.10307731390005095
1413,73,1486,0.10311842645735987
1425,76,1501,0.10313149797544828
1428,76,1504,0.1031166084520347
1425,77,1502,0.10309513675172433
1430,77,1507,0.1030811425180446
1426,75,1501,0.10305827088967888
1415,78,1493,0.10304458195572802
1413,76,1489,0.10305869148092722
1418,81,1499,0.10307929013525953
1419,78,1497,0.10308621825159277
1419,78,1497,0.10308917749940334
1431,75,1506,0.10309389056892247
1421,74,1495,0.10307036892502115
1432,72,1504,0.10307099480388583
1424,75,1499,0.1030466112322842
1418,76,1494,0.10304416273624849
1415,73,1488,0.103055513679539
1419,75,1494,0.10307102749700552
1410,77,1487,0.1030789961947829
1411,79,1490,0.10310666371941883
1411,79,1490,0.10313029500563836
1413,83,1496,0.10315293572593852
1412,85,1497,0.1031682056868373
1419,85,1504,0.10318406762409438
1420,83,1503,0.10318483184035415
1415,85,1500,0.10318328306341122
1417,87,1504,0.1031913045166082
1420,86,1506,0.10319736878977896
1404,91,1495,0.10319471343081395
1412,92,1504,0.10323071917730547
1429,90,1519,0.10324645590372082
1413,92,1505,0.10322548671954081
1418,93,1511,0.10324096158065955
1423,91,1514,0.10324435047244578
1421,91,1512,0.1032351397631622
1415,88,1503,0.10323336065296453
1416,87,1503,0.10324303155544488
1417,87,1504,0.1032491509940513
1398,88,1486,0.10325341095499171
1407,91,1498,0.10329747929643358
1408,90,1498,0.10331734909566341
1402,90,1492,0.10333524632924092
1398,95,1493,0.10336372724552868
1417,96,1513,0.10339728754356557
1401,98,1499,0.10338693270613968
1389,100,1489,0.10341410198999029
1389,99,1488,0.10346948979906147
1390,100,1490,0.10351988793738606
1385,102,1487,0.10356670270362979
1374,103,1477,0.10361787044409834
1379,106,1485,0.10369160098399263
1372,108,1480,0.10375063263291728
1371,110,1481,0.10382118573749316
1374,108,1482,0.10388652749847876
1398,111,1509,0.10394059709499101
1409,112,1521,0.10393774434756828
1397,111,1508,0.10391119317579646
1392,110,1502,0.10391410577830762
1387,114,1501,0.10392883815188952
1391,117,1508,0.10395719486298993
1385,116,1501,0.10397646365213506
1373,116,1489,0.104003663407489
1367,117,1484,0.10405700977754742
1370,113,1483,0.1041210767845575
1365,115,1480,0.10417484217663275
1371,120,1491,0.10423597059536945
1371,122,1493,0.10427734856326187
1368,123,1491,0.10431714161903394
1367,119,1486,0.10436183574952196
1358,117,1475,0.10440433864410525
1348,118,1466,0.10446287051641595
1357,119,1476,0.10453627578759786
1360,118,1478,0.10458466487121697
1369,121,1490,0.10462258634031997
1371,119,1490,0.1046359147970129
1380,118,1498,0.10464133189750045
1384,122,1506,0.10462520224312677
1398,123,1521,0.10460548769259674
1398,119,1517,0.104556800657656
1394,119,1513,0.10450998940825858
1391,120,1511,0.10447693904557907
1384,120,1504,0.10445575330328599
1376,121,1497,0.10445240589071095
1366,123,1489,0.10446834869734146
1365,124,1489,0.10450540236331868
1366,123,1489,0.10454211946328881
1347,128,1475,0.10457351052743145
1363,129,1492,0.10464655263224845
1368,127,1495,0.10467903620699827
1364,130,1494,0.1046989227866461
1358,132,1490,0.10472784765064361
1364,127,1491,0.10477016973902503
1362,126,1488,0.10479360448002041
1368,125,1493,0.10481872824040842
1365,127,1492,0.1048258845372489
1369,125,1494,0.10483923540795374
1361,128,1489,0.10483788903789927
1356,126,1482,0.1048575242616814
1361,129,1490,0.10488579536394123
1350,128,1478,0.10490180400793164
1358,127,1485,0.10493931898374168
1351,131,1482,0.10495697044910969
1344,129,1473,0.10498922374446881
1338,131,1469,0.105034272837609
1343,133,1476,0.10508737987176564
1346,130,1476,0.10512700228130409
1355,130,1485,0.10515648597645427
1371,132,1503,0.10516304136572156
1372,129,1501,0.1051321143580905
1360,129,1489,0.10510190516866005
1367,127,1494,0.10510317278652156
1362,127,1489,0.1050887187756603
1369,127,1496,0.10508537183505041
1365,129,1494,0.10506701564640249
1363,126,1489,0.10506124528248752
1363,133,1496,0.10506216561741516
1360,135,1495,0.10506269559397353
1364,133,1497,0.10506905198920569
1368,135,1503,0.10506631639049158
1368,136,1504,0.10505471621721978
1368,136,1504,0.10504438420450352
1358,134,1492,0.10503748543397812
1364,130,1494,0.10505273527167755
1371,134,1505,0.10505315921347784
1370,135,1505,0.10503660065027358
1363,139,1502,0.10502419682619035
1372,139,1511,0.10502935167907866
1370,140,1510,0.10501486336580271
1372,137,1509,0.1050072944485398
1377,141,1518,0.10499497307593997
1371,140,1511,0.10497238285598741
1356,138,1494,0.10496610016532262
1356,139,1495,0.10499577169801298
1359,140,1499,0.10502210376125146
1367,139,1506,0.1050400863178519
1362,137,1499,0.10503935791794429
1370,139,1509,0.10505030650719226
1373,144,1517,0.10504338756274233
1377,147,1524,0.10502933418137726
1366,147,1513,0.10500780039209805
1353,145,1498,0.10501323581337463
1347,142,1489,0.1050470850223746
1353,145,1498,0.1050916587657192
1339,147,1486,0.10512133510808118
1344,152,1496,0.10518208764962439
1346,152,1498,0.10522762822220963
1349,151,1500,0.10526546869114604
1351,150,1501,0.10529161610901493
1342,152,1494,0.10531215100778021
1350,155,1505,0.10535151658025428
1357,155,1512,0.10536828432639662
1343,153,1496,0.10536844819257021
1343,153,1496,0.10539882734556284
1354,152,1506,0.10542873250667437
1348,150,1498,0.10543054644053558
1353,146,1499,0.10544579756024813
1350,147,1497,0.10544913426597927
1349,152,1501,0.10545915329425007
1355,149,1504,0.10547107029634578
1355,152,1507,0.10546937082727276
1346,154,1500,0.10546835132597188
1348,154,1502,0.10548743111283987
1337,154,1491,0.10550103856038552
1332,158,1490,0.10554008029832257
1335,155,1490,0.10558791907972892
1342,157,1499,0.10562483478477232
1333,161,1494,0.10564494426741017
1341,160,1501,0.10568383828866929
1337,162,1499,0.10570289264971923
1330,162,1492,0.10572809711923976
1340,166,1506,0.10576476740387637
1316,171,1487,0.10577726278273517
1308,169,1477,0.10584162647630233
1316,164,1480,0.1059217814652622
1324,169,1493,0.10597735886792066
1316,163,1479,0.10601084993425962
1310,163,1473,0.10605754695078805
1323,169,1492,0.10611140158656845
1329,170,1499,0.10613062705357602
1324,169,1493,0.10613378054874005
1336,168,1504,0.10614850328860304
1333,169,1502,0.10613521777686036
1320,175,1495,0.10613150344999074
1326,178,1504,0.10615907554883938
1322,172,1494,0.10617256923858363
1316,168,1484,0.10619544222103355
1325,170,1495,0.1062325504737279
1321,171,1492,0.1062471182258379
1318,178,1496,0.10626822520578365
1314,181,1495,0.1062970516392427
1310,182,1492,0.10633300182507863
1306,180,1486,0.10637465432433922
1302,183,1485,0.10642317700219571
1305,184,1489,0.10647815696740207
1299,183,1482,0.1065210912185308
1300,179,1479,0.10657589390998896
1296,183,1479,0.10662544982447286
1299,186,1485,0.10667918141546037
1300,193,1493,0.10672240524750584
1294,197,1491,0.10675977019473461
1304,196,1500,0.10680636201373699
1293,193,1486,0.10682855009163493
1283,194,1477,0.10687169208472834
1288,191,1479,0.1069352943967081
1285,195,1480,0.10698322756720327
1297,197,1494,0.10703514186260837
1297,191,1488,0.10705416486637859
1289,187,1476,0.10707465018086693
1292,183,1475,0.10710989305150914
1296,193,1489,0.1071353084630996
1295,192,1487,0.10715196301909335
1311,185,1496,0.10716953086191543
1320,190,1510,0.10714567700899488
1319,192,1511,0.10710377090837923
1308,190,1498,0.10706933217991654
1305,194,1499,0.10706240996012585
1308,191,1499,0.10706444087869196
1322,193,1515,0.10705823496248357
1318,192,1510,0.10701975494677407
1317,188,1505,0.1069946310714452
1323,189,1512,0.10697599788451517
1323,191,1514,0.1069443687443319
1315,192,1507,0.10691591203514132
1316,190,1506,0.10690945379524326
1318,183,1501,0.10690241366791887
1313,183,1496,0.10689168824835449
1324,187,1511,0.10689159556129851
1317,185,1502,0.10686146719089522
1306,186,1492,0.10685025211150194
1297,190,1487,0.10686313433347244
1309,188,1497,0.1068965776442543
1314,185,1499,0.10690074784225452
1322,191,1513,0.10689441625162634
1314,189,1503,0.10687026726961697
1308,194,1502,0.1068676180376427
1299,194,1493,0.10687913380387458
1305,193,1498,0.10691379426231233
1302,197,1499,0.10693502413176051
1299,200,1499,0.10696022627470118
1299,200,1499,0.10698814590000343
1289,204,1493,0.10701313019095192
1294,207,1501,0.10706142358316105
1291,203,1494,0.10709591919422162
1285,203,1488,0.10713552351925941
1287,201,1488,0.10718421023526428
1297,197,1494,0.10722497211320482
1282,192,1474,0.10723694800057626
1283,195,1478,0.10728183614103523
1291,200,1491,0.10731746005178028
1293,199,1492,0.10733296198820241
1293,199,1492,0.10734358516374677
1307,200,1507,0.10735574540724467
1299,200,1499,0.1073353548766012
1298,204,1502,0.10733417330012728
1296,203,1499,0.1073362635482977
1302,201,1503,0.10734425441716552
1306,198,1504,0.10733801367899379
1304,190,1494,0.10732169137599173
1311,196,1507,0.1073117854449665
1302,195,1497,0.10728668154166712
1305,196,1501,0.10728112574080617
1300,199,1499,0.10726430166927808
1300,201,1501,0.10726270656286203
1306,198,1504,0.10726274028756051
1309,195,1504,0.10724991642767767
1312,198,1510,0.10723091947154853
1291,200,1491,0.10720659521674061
1284,201,1485,0.10723156659747378
1299,206,1505,0.107271692851292
1298,213,1511,0.10727828977622267
1299,213,1512,0.1072870324809579
1291,215,1506,0.10729377185497523
1297,214,1511,0.10731955245582446
1294,208,1502,0.10733167561074719
1285,208,1493,0.10734978880854587
1287,214,1501,0.10738544734377442
1298,212,1510,0.10741516213625715
1274,215,1489,0.10741908132164618
1285,219,1504,0.10747772478504318
1274,221,1495,0.1075077943903974
1271,220,1491,0.10756205059169975
1283,220,1503,0.10761907310903435
1275,222,1497,0.10764206718949311
1270,221,1491,0.10768271725054751
1263,228,1491,0.10773283660478153
1243,226,1469,0.1077926473878755
1242,229,1471,0.10789502176982704
1252,228,1480,0.10799227023473851
1251,234,1485,0.10805729394924278
1257,233,1490,0.10812087495048935
1261,232,1493,0.10816854048164735
1268,235,1503,0.10820135143622597
1259,237,1496,0.10821621584301111
1257,239,1496,0.10825200746847984
1260,239,1499,0.10828987271805801
1248,239,1487,0.10831918513615132
1257,242,1499,0.10837500428640286
1256,243,1499,0.10840326286149
1249,246,1495,0.10843344636086596
1265,242,1507,0.10847715269628821
1262,242,1504,0.10848335115138266
1267,241,1508,0.10849668009704425
1259,241,1500,0.10849580144046962
1271,240,1511,0.10851325229904674
1256,243,1499,0.10850207035813575
1268,243,1511,0.10852666630505915
1269,244,1513,0.10852232052499025
1264,245,1509,0.10851909799646783
1251,242,1493,0.10852708589185384
1257,240,1497,0.10856186245894833
1255,242,1497,0.10857904988702544
1254,244,1498,0.10860132333179194
1260,247,1507,0.10862469346920987
1246,249,1495,0.1086301568847578
1249,247,1496,0.10866805227357018
1252,245,1497,0.10869694266323338
1247,243,1490,0.108718453055895
1249,239,1488,0.10874657187619623
1260,245,1505,0.10876822846264549
1252,245,1497,0.1087672413799209
1247,247,1494,0.10878270352909646
1232,249,1481,0.10880920055165659
1232,250,1482,0.10886997030881627
1230,257,1487,0.10892834685753758
1231,253,1484,0.10898655137375879
1225,253,1478,0.10903807885871206
1232,254,1486,0.10909787091904409
1228,250,1478,0.10913460130994579
1232,250,1482,0.10917832787941376
1245,246,1491,0.10920771336686702
1248,244,1492,0.10920890195878094
1252,247,1499,0.10920380728585048
1250,250,1500,0.10919025047181406
1250,251,1501,0.10918332094420367
1249,250,1499,0.10917210992039637
1244,258,1502,0.10916513722526787
1252,256,1508,0.10917003818947502
1249,256,1505,0.10915846778824592
1258,252,1510,0.10915326119578485
1244,253,1497,0.10913042926694434
1235,256,1491,0.10914087507379047
1240,253,1493,0.10917239523822615
1235,257,1492,0.10919229541185921
1246,258,1504,0.10922276859761458
1248,260,1508,0.10922635002187675
1250,252,1502,0.1092216998447842
1260,252,1512,0.10921221873181296
1248,252,1500,0.10917568126844529
1250,258,1508,0.10917007280854232
1250,256,1506,0.10916293200302783
1269,251,1520,0.10915731893926146
1255,254,1509,0.10911002226164367
1244,257,1501,0.10909845165593625
1256,247,1503,0.10911435146655155
1263,247,1510,0.10909804619245421
1257,251,1508,0.10906829898864302
1253,250,1503,0.10905774757712841
1248,252,1500,0.10905361067304817
1257,252,1509,0.10906043273165808
1257,251,1508,0.10904779874864272
1254,247,1501,0.10903576445759665
1243,255,1498,0.10903191206883575
1248,254,1502,0.10905286084819502
1246,252,1498,0.10906098522717668
1240,260,1500,0.10907434226264494
1239,254,1493,0.10910189406851487
1241,251,1492,0.10912828030839546
1242,254,1496,0.10914933316845539
1235,259,1494,0.10916445885788172
1237,259,1496,0.10919419786690003
1244,256,1500,0.1092162643458893
1239,257,1496,0.10922169356487121
1219,262,1481,0.10923841675095504
1227,258,1485,0.10930134626458197
1228,262,1490,0.10934345844215894
1236,260,1496,0.10937980922394817
1239,265,1504,0.10939398982859704
1245,268,1513,0.10940141712512857
1243,265,1508,0.10939455916063867
1245,269,1514,0.10939237884355578
1232,272,1504,0.10938515528116678
1239,270,1509,0.10940663614026917
1233,270,1503,0.1094132549188933
1225,268,1493,0.10943082464477788
1229,267,1496,0.10946626432577795
1223,267,1490,0.10948862882896147
1234,265,1499,0.1095222835737772
1237,269,1506,0.10952715808621999
1237,271,1508,0.1095274831682758
1236,265,1501,0.10952748186701285
1235,267,1502,0.10952763753413133
1237,272,1509,0.10953412716802621
1219,274,1493,0.1095318469086326
1226,277,1503,0.10957075357932303
1227,276,1503,0.10959227505727032
1226,275,1501,0.10960790048683305
1239,272,1511,0.10962446027379695
1226,269,1495,0.1096125039121751
1219,271,1490,0.10963284944395778
1224,270,1494,0.10966877327402233
1226,277,1503,0.10968943674731016
1214,271,1485,0.10970552668069969
1223,272,1495,0.10974801801491871
1229,269,1498,0.10976686366177336
1230,271,1501,0.10976913826916691
1219,274,1493,0.10976791636075575
1219,275,1494,0.1097893345993705
1220,281,1501,0.10981150389187438
1225,283,1508,0.1098308042985471
1231,285,1516,0.10983535236688623
1232,284,1516,0.10982865017208654
1220,287,1507,0.10981856030309026
1216,288,1504,0.10983636750226547
1214,290,1504,0.10986233461736418
1217,289,1506,0.10989423937020561
1206,290,1496,0.10992021954160702
1214,294,1508,0.10996937180918134
1196,292,1488,0.10999801243381357
1193,294,1487,0.110066212180663
1183,299,1482,0.11013672251609358
1190,301,1491,0.11022348072741099
1197,304,1501,0.11029083946363911
1199,308,1507,0.11033902698129416
1188,309,1497,0.11037910623814011
1195,308,1503,0.11044230511200018
1190,313,1503,0.11048631444876218
1192,315,1507,0.11053850048365894
1196,314,1510,0.11058139717916367
1200,313,1513,0.11061165859836164
1207,312,1519,0.11062830666675325
1214,310,1524,0.11062878450090967
1194,305,1499,0.1106139945005139
1195,310,1505,0.11064520734685077
1201,311,1512,0.11066847012027642
1197,312,1509,0.11067736388642985
1195,314,1509,0.1106952873265007
1185,311,1496,0.11071835363566306
1192,314,1506,0.11076219618017738
1194,313,1507,0.11078661283973812
1185,320,1505,0.1108075683593139
1181,319,1500,0.11084735391931357
1174,311,1485,0.11089345966562275
1178,313,1491,0.1109474143077708
1179,314,1493,0.110989074489148
1163,316,1479,0.11102284054614867
1169,313,1482,0.11109248564798375
1164,315,1479,0.11114543310227137
1157,314,1471,0.11120556049269859
1170,312,1482,0.1112758367587151
1170,315,1485,0.11130580996003772
1179,310,1489,0.11133362300981949
1162,312,1474,0.11133954418000144
1179,313,1492,0.11138246282381584
1173,315,1488,0.11138065038581502
1158,317,1475,0.11139488572816422
1170,315,1485,0.11144493954096682
1176,312,1488,0.11146540483256288
1186,314,1500,0.11146901090396892
1177,309,1486,0.11144667315256893
1175,309,1484,0.11144229692968365
1179,316,1495,0.11144651708638094
1178,319,1497,0.11144098743372105
1180,320,1500,0.11143841812840367
1185,325,1510,0.11143161562646448
1179,329,1508,0.11141585241421108
1158,331,1489,0.11142109218309593
1158,334,1492,0.11147483308530035
1172,333,1505,0.11152577799510731
1157,333,1490,0.11154296480415032
1158,328,1486,0.11159133652786063
1159,328,1487,0.11163576971059916
1160,332,1492,0.11167357128858513
1164,339,1503,0.11170735093087501
1165,337,1502,0.11172943314890288
1169,338,1507,0.11174899525646165
1165,337,1502,0.11175520472343065
1160,332,1492,0.1117700244141269
1161,333,1494,0.11179718886351525
1150,340,1490,0.1118212656541776
1155,340,1495,0.11186652261719385
1158,344,1502,0.11189728192330704
1153,347,1500,0.11191846583999887
1150,347,1497,0.11194921885498253
1144,343,1487,0.11198251473414293
1139,342,1481,0.11202783479943297
1149,346,1495,0.11208104123423994
1151,347,1498,0.11211081576959242
1135,345,1480,0.1121336968244778
1141,346,1487,0.11219391375023338
1140,345,1485,0.1122393406605315
1150,338,1488,0.11228355020018198
1151,335,1486,0.11230404598029885
1151,342,1493,0.11231705888642055
1144,351,1495,0.11232559892039674
1141,352,1493,0.11235185652152378
1135,347,1482,0.11238329586228453
1142,354,1496,0.11242331533311839
1136,353,1489,0.11244711594793123
1133,359,1492,0.11248366703689275
1124,356,1480,0.1125251555195209
1122,362,1484,0.1125853000621705
1106,361,1467,0.11264609476617883
1106,365,1471,0.11273817700475616
1118,378,1496,0.11282351565688988
1122,383,1505,0.11287936689040563
1121,377,1498,0.11292210639011133
1141,376,1517,0.11296388857234069
1136,371,1507,0.11295664892290178
1131,374,1505,0.11296333553191457
1134,374,1508,0.11297883422293084
1138,379,1517,0.11298783862185381
1129,376,1505,0.11298436754186404
1139,375,1514,0.11299787957210496
1141,374,1515,0.11299127090390426
1141,372,1513,0.11298107718992685
1120,379,1499,0.1129727051442048
1121,379,1500,0.11301417554261776
1120,379,1499,0.11305173212867053
1124,381,1505,0.11309016697294981
1125,377,1502,0.11311523075500801
1121,378,1499,0.11313762585930791
1126,383,1509,0.1131680005165492
1113,388,1501,0.11318548814734637
1121,387,1508,0.11323330758331082
1118,387,1505,0.1132565318628707
1119,391,1510,0.11328711312364664
1117,389,1506,0.11331095049470775
1119,396,1515,0.11333766003542714
1111,397,1508,0.11335907243800826
1114,389,1503,0.11339721604669667
1100,399,1499,0.11342674391960939
1104,398,1502,0.11348570590746294
1115,400,1515,0.11353028503586017
1105,405,1510,0.11354915821513263
1102,413,1515,0.11359156017574681
1099,408,1507,0.1136391722529296
1087,400,1487,0.11369027614475462
1084,401,1485,0.11376628309641816
1090,406,1496,0.11384117275391797
1088,405,1493,0.11389926936380636
1094,406,1500,0.11396025511916102
1098,403,1501,0.11399962539999083
1090,407,1497,0.1140252148174124
1082,406,1488,0.11406664626815449
1081,411,1492,0.11412257262410021
1078,413,1491,0.11417457276588967
1082,409,1491,0.11423122133830646
1081,419,1500,0.11427646257319063
1080,418,1498,0.11431986301797384
1102,411,1513,0.1143603198105103
1095,407,1502,0.11434136858996062
1094,408,1502,0.11433957976827984
1089,400,1489,0.11434285204083221
1092,411,1503,0.11435860622138928
1097,404,1501,0.11436687778074058
1100,409,1509,0.11436301097254276
1098,407,1505,0.11435275164740256
1098,410,1508,0.11434886507996272
1098,408,1506,0.11434723617406242
1080,414,1494,0.11434346940977443
1081,415,1496,0.1143814124150138
1082,418,1500,0.11441726738205361
1083,419,1502,0.1144498689790044
1083,424,1507,0.11447794260895111
1085,417,1502,0.11450448621529442
1083,422,1505,0.11452414717916763
1085,422,1507,0.11454576161129917
1085,421,1506,0.11456320301420149
1073,416,1489,0.11457744748305392
1082,418,1500,0.11461672208428193
1092,418,1510,0.11463659863150298
1081,418,1499,0.11462907890141186
1079,425,1504,0.11464844201714434
1086,436,1522,0.11466934642827166
1086,440,1526,0.11467582507819878
1093,439,1532,0.11468280666559182
1079,440,1519,0.1146735335446584
1080,428,1508,0.11469759995445866
1071,432,1503,0.11471919192500639
1070,427,1497,0.11476010992761398
1073,429,1502,0.11480142759217517
1061,432,1493,0.1148362711718335
1071,440,1511,0.11489613093276484
1072,443,1515,0.1149300841990024
1067,445,1512,0.11495899682274072
1064,446,1510,0.11499681709519546
1060,448,1508,0.11503755023367787
1061,446,1507,0.11508856464230575
1068,446,1514,0.11513292979474382
1070,443,1513,0.115158541855737
1071,440,1511,0.11517920987556347
1061,444,1505,0.11519543185718906
1067,442,1509,0.11522983003713261
1059,447,1506,0.11524731564992649
1067,440,1507,0.11528494373251354
1069,442,1511,0.11529820982028446
1065,440,1505,0.11530520513249443
1060,441,1501,0.11532234229786792
1064,443,1507,0.1153490826150123
1073,442,1515,0.11536161496857503
1065,439,1504,0.11535528619438093
1069,445,1514,0.11536665347708999
1053,443,1496,0.11536752099739506
1057,447,1504,0.11540324045693275
1054,446,1500,0.11542818962752083
1059,444,1503,0.1154604437539253
1052,444,1496,0.11547689784773162
1058,443,1501,0.11550737011920552
1061,444,1505,0.1155201283907418
1066,442,1508,0.11552658297730868
1065,442,1507,0.1155190452500147
1066,437,1503,0.11551621955461534
1060,442,1502,0.11550986517792915
1064,443,1507,0.1155223006457759
1067,443,1510,0.1155242602908959
1064,443,1507,0.1155163247760498
1059,438,1497,0.11551596220726693
1057,445,1502,0.1155298458027798
1044,449,1493,0.11554552707901754
1046,455,1501,0.11558838590491473
1041,456,1497,0.11562326261373919
1037,455,1492,0.11566714984888574
1031,458,1489,0.11571798855302821
1040,465,1505,0.11578001616775001
1033,466,1499,0.11581827684958557
1029,469,1498,0.11586653202309752
1025,471,1496,0.11592027678730314
1033,466,1499,0.1159769311887969
1020,473,1493,0.11601407769663329
1023,474,1497,0.11607694522458595
1034,477,1511,0.1161307242461573
1032,474,1506,0.11615477187414378
1030,481,1511,0.11618662195014426
1032,477,1509,0.11622243663199469
1024,480,1504,0.11625104006419396
1014,485,1499,0.11629432365417763
1015,482,1497,0.11635648595000109
1015,477,1492,0.1164162897635692
1019,486,1505,0.1164731325922324
1004,490,1494,0.11651742097809907
1013,493,1506,0.11659460574811614
1024,491,1515,0.11664637862284699
1017,498,1515,0.1166702286440337
1018,499,1517,0.1167065202454117
1005,497,1502,0.11674204569657314
1016,497,1513,0.11680583383442819
1023,498,1521,0.11684203695811086
1008,501,1509,0.11685639174085928
1011,504,1515,0.1169040810659359
996,503,1499,0.11694564486131322
1009,504,1513,0.11701620934023184
1010,510,1520,0.11705235566161293
1008,505,1513,0.11708240557785646
1007,512,1519,0.11711838246714609
1013,523,1536,0.11715703495465533
1005,514,1519,0.11717800271918097
998,516,1514,0.11721566330422534
983,513,1496,0.11727041007040347
980,523,1503,0.11735484079734988
970,515,1485,0.11743959925980611
967,517,1484,0.11754292023852247
971,518,1489,0.11764639193794327
971,517,1488,0.11772902928310898
976,515,1491,0.11780286878291607
978,514,1492,0.11785806721013574
989,533,1522,0.117905585181839
976,534,1510,0.11792461979470631
989,529,1518,0.11797373262450125
982,522,1504,0.11799012865048766
972,534,1506,0.11802299165377729
974,543,1517,0.11807996271988541
965,541,1506,0.11812803217743738
951,539,1490,0.11819325259112454
950,543,1493,0.11828600366918302
952,544,1496,0.11837489855943417
947,551,1498,0.11845323010670247
955,547,1502,0.11853929433666513
948,552,1500,0.11860029713994592
947,551,1498,0.11867298559136341
944,555,1499,0.11874046745734926
933,551,1484,0.11880958073837006
939,551,1490,0.11890318973538946
938,550,1488,0.11897680209206857
942,546,1488,0.11904885349660914
942,550,1492,0.11910750449342122
943,552,1495,0.11916628464423798
944,560,1504,0.11921737569518882
942,564,1506,0.11926305498687131
934,570,1504,0.11930846146306597
939,572,1511,0.11936960263437064
942,563,1505,0.11941601134014292
946,564,1510,0.11945123496950817
956,562,1518,0.11947492759604941
942,555,1497,0.11947375619070019
942,547,1489,0.11950815513425034
951,547,1498,0.11953915324972375
960,551,1511,0.11954921734209784
953,553,1506,0.11953301998225875
947,549,1496,0.11953461200316678
941,552,1493,0.11955124345591173
947,558,1505,0.11957942338823123
937,560,1497,0.11959002343821286
930,561,1491,0.11962308151502912
932,568,1500,0.11966916125004311
925,566,1491,0.11970478074227277
924,565,1489,0.11975471725659034
940,561,1501,0.11980346510878163
950,566,1516,0.11981433685525542
950,566,1516,0.11980354897591222
946,570,1516,0.1197947737077584
942,572,1514,0.11979609194680858
930,572,1502,0.11980620496942579
937,566,1503,0.11984315493064487
934,566,1500,0.11986008111903551
935,566,1501,0.11988629783449888
936,570,1506,0.11990763258044015
925,579,1504,0.1199263571767764
928,586,1514,0.11997026376166126
917,576,1493,0.1200059509220614
924,576,1500,0.12006326125993383
915,572,1487,0.12009748799387712
907,579,1486,0.12014895665814411
908,579,1487,0.12021428670865628
915,592,1507,0.12027396807236475
904,588,1492,0.12031156424425916
909,590,1499,0.1203732924819196
910,591,1501,0.12042086432391788
906,597,1503,0.12046356030169621
913,596,1509,0.12050949272748401
908,601,1509,0.12053815840113585
915,601,1516,0.12057597249222077
912,594,1506,0.12059353597340262
907,597,1504,0.12061718298180045
910,596,1506,0.12065353464114026
907,601,1508,0.12067923173429772
897,603,1500,0.12070943732296267
890,602,1492,0.12076305051594911
884,613,1497,0.12082830222629241
880,610,1490,0.12090484502231157
879,612,1491,0.12098788482411958
878,612,1490,0.12106801294653938
876,611,1487,0.12114411048920788
888,602,1490,0.12122040982648258
897,603,1500,0.12125900023697028
898,599,1497,0.1212710103183618
895,602,1497,0.12127616589369868
894,593,1487,0.12128958339548253
894,591,1485,0.12130445022116412
897,600,1497,0.12132171578135306
899,613,1512,0.1213312009762027
890,614,1504,0.12133362425497024
892,619,1511,0.12135479429103423
892,621,1513,0.12137094907640084
891,619,1510,0.12138834722646788
875,619,1494,0.12140864663378896
880,625,1505,0.1214674254061062
880,619,1499,0.12151177251638609
882,629,1511,0.12155241930710697
886,628,1514,0.12158590027089554
886,627,1513,0.1216088723104685
881,615,1496,0.12162984449353548
878,616,1494,0.12166200477561176
876,625,1501,0.12169964872105554
877,622,1499,0.12174064591303628
873,636,1509,0.12177809319340582
877,631,1508,0.12182212959266579
868,637,1505,0.12185294084479281
871,637,1508,0.12190137122769278
859,642,1501,0.12193966982314912
861,644,1505,0.12200446782823081
862,639,1501,0.12206161892754103
859,635,1494,0.1221112404716997
848,635,1483,0.12216708064362862
847,652,1499,0.12224450703659563
846,651,1497,0.12232000007267142
847,648,1495,0.12239606609939496
844,650,1494,0.1224645061639011
846,652,1498,0.12253362129318575
850,657,1507,0.12259258759212409
861,656,1517,0.12263426371269329
847,662,1509,0.12264816265504119
842,649,1491,0.12269125623310063
842,652,1494,0.12274047794653838
845,662,1507,0.12278510585404448
841,651,1492,0.1228207210878033
836,666,1502,0.12286399679547039
833,664,1497,0.12291493672998971
852,660,1512,0.12296712949942055
848,643,1491,0.12297386825367891
855,655,1510,0.12298858671323369
851,658,1509,0.12298584955100088
848,658,1506,0.12299620373604
847,658,1505,0.12301331575281792
844,662,1506,0.12303334175705447
844,660,1504,0.12305685609153269
843,666,1509,0.1230816767866029
845,666,1511,0.12310995695412079
841,670,1511,0.12312917429874162
837,672,1509,0.12315581925790024
838,673,1511,0.12319040574781823
834,670,1504,0.12322161744080368
828,664,1492,0.12326046222356696
825,675,1500,0.1233116261549403
830,677,1507,0.12336778485505703
830,679,1509,0.12340645547750245
825,685,1510,0.12344182974595624
822,679,1501,0.12348712242848771
822,676,1498,0.12353738686897739
833,673,1506,0.12358753511606388
841,678,1519,0.12360945856265591
834,676,1510,0.12361014195901215
833,673,1506,0.1236252256785017
828,667,1495,0.1236445382679954
824,668,1492,0.12367397167596042
821,678,1499,0.12371308361774877
824,686,1510,0.12375628244273966
823,686,1509,0.12378668886904641
820,697,1517,0.1238192497229825
810,687,1497,0.12385776045610485
804,685,1489,0.12391644180693216
806,689,1495,0.12398612222304475
804,688,1492,0.124043277773809
804,689,1493,0.12410121420922299
803,687,1490,0.12415697784282273
811,687,1498,0.12421269433301588
810,687,1497,0.12424359044065206
813,698,1511,0.12427339054630504
796,696,1492,0.12429535071858169
808,703,1511,0.12435479743271434
807,702,1509,0.12438098291620983
806,701,1507,0.12440665383042784
811,706,1517,0.12443350880724723
806,706,1512,0.12444876614767099
808,708,1516,0.1244767993123451
802,702,1504,0.12450028647854167
803,703,1506,0.12453700773256848
795,709,1504,0.12457018315583088
795,713,1508,0.12461701131302551
796,711,1507,0.12466267866477185
807,713,1520,0.12470088610599026
800,721,1521,0.12470952051086946
796,710,1506,0.12473307877241624
798,710,1508,0.12476546079233827
794,720,1514,0.12479153239042853
798,713,1511,0.12482351911645717
798,717,1515,0.12484544331758815
805,706,1511,0.12486652028664726
799,715,1514,0.12486771851622669
791,712,1503,0.1248839458851705
792,718,1510,0.12491954825221295
783,716,1499,0.12495162294194488
785,719,1504,0.12500249758686718
780,724,1504,0.1250461551832985
782,723,1505,0.12509777768369879
776,728,1504,0.1251394591704176
766,728,1494,0.12519345738187468
775,728,1503,0.12526785891771194
776,726,1502,0.12531410093047932
783,718,1501,0.12535552070283915
789,709,1498,0.1253789914501333
794,706,1500,0.1253869786001668
779,714,1493,0.12538300600855368
786,720,1506,0.12541478886784194
783,726,1509,0.1254277873130732
778,714,1492,0.12544750965333037
772,716,1488,0.1254780979663674
761,725,1486,0.12551972274592607
767,725,1492,0.12558602093190002
771,728,1499,0.1256337407266432
774,730,1504,0.12566542084059593
773,731,1504,0.12568694811631576
779,728,1507,0.12570896088036715
784,735,1519,0.12571796641576974
776,731,1507,0.12571576025832987
774,727,1501,0.12572901458918923
775,729,1504,0.12574633523262255
784,728,1512,0.1257570411326821
787,731,1518,0.12574888358166578
787,730,1517,0.12573260794693084
785,723,1508,0.12571806969287483
784,714,1498,0.12571022426862627
782,715,1497,0.12570277947359934
781,712,1493,0.12570125119395978
780,719,1499,0.12570169483300817
775,725,1500,0.12570455922640142
772,728,1500,0.1257159182309601
769,726,1495,0.12573334107264686
768,723,1491,0.12575466374791638
775,720,1495,0.1257773542655015
772,725,1497,0.1257831292653159
779,724,1503,0.12579910780468584
784,714,1498,0.12579939593326905
777,724,1501,0.12578780774328943
770,725,1495,0.12579269538584914
776,724,1500,0.12581170667420752
762,724,1486,0.12581278004651467
763,726,1489,0.12584657420523512
772,728,1500,0.1258757375079183
772,739,1511,0.12588271366584441
769,743,1512,0.1258898855663144
770,741,1511,0.1259064096378722
770,734,1504,0.12592058357137234
767,732,1499,0.12593266127676656
766,727,1493,0.12595150227676735
764,730,1494,0.1259700021249133
757,732,1489,0.1259935372614518
760,737,1497,0.12603204039684657
758,737,1495,0.12606155298198998
766,731,1497,0.12609490340798427
763,736,1499,0.12610770637336258
764,731,1495,0.1261261644167882
758,737,1495,0.1261387256649667
744,739,1483,0.1261670788084594
749,741,1490,0.1262263554050625
756,737,1493,0.12626541775978947
748,736,1484,0.1262819776593765
758,745,1503,0.12631744194106478
759,743,1502,0.126326191138658
754,743,1497,0.12633255300518098
748,740,1488,0.12634731015344428
745,735,1480,0.12637621588693992
756,733,1489,0.1264124070102741
753,746,1499,0.1264221092473876
755,745,1500,0.12643650640127144
761,757,1518,0.1264478261878422
756,760,1516,0.1264467997186337
758,758,1516,0.12645752022107248
763,759,1522,0.12646573603844324
753,751,1504,0.12646212602257884
758,755,1513,0.1264810332441846
752,755,1507,0.12648619263613373
745,751,1496,0.12650644844531617
749,753,1502,0.1265450008410962
755,747,1502,0.12657048784912972
752,748,1500,0.1265836788377046
755,757,1512,0.1265990888198601
743,759,1502,0.12660824059354195
745,763,1508,0.12664253921960353
734,762,1496,0.12667091137895828
728,760,1488,0.12672039931439494
738,766,1504,0.1267797004093242
740,766,1506,0.12681229429275764
736,764,1500,0.12683904256113135
733,773,1506,0.12687549448520488
732,781,1513,0.12691592780883965
736,769,1505,0.12695757265769644
742,769,1511,0.12698785087035616
751,773,1524,0.12699838518090137
752,768,1520,0.1269887869905066
752,771,1523,0.12697459712027043
758,770,1528,0.126963642399863
756,763,1519,0.1269404468813989
752,758,1510,0.12692528899149916
744,771,1515,0.12692070434266645
747,773,1520,0.12693361135894216
744,764,1508,0.12693520578595957
750,760,1510,0.12694426804518205
755,753,1508,0.12693937087438928
750,758,1508,0.12692583985178438
742,761,1503,0.12692602824179658
746,757,1503,0.12694512482451742
738,758,1496,0.12695591457870412
742,759,1501,0.1269829710264255
737,752,1489,0.12699651675528206
747,755,1502,0.12701739380972443
740,754,1494,0.1270130971544539
745,767,1512,0.1270263939695361
743,761,1504,0.1270246860521276
744,765,1509,0.1270262840146753
751,758,1509,0.12702780152136037
750,758,1508,0.12701125833828342
752,750,1502,0.12699686718975475
740,755,1495,0.12697992230758945
745,763,1508,0.12699444087606687
751,763,1514,0.12699550260218748
760,757,1517,0.12698463174029398
760,755,1515,0.1269520341713263
753,745,1498,0.12692091053200663
758,743,1501,0.12690922893724976
742,743,1485,0.12688198022126007
736,745,1481,0.1268930619074236
739,743,1482,0.12691751285908665
740,744,1484,0.1269309629706036
735,746,1481,0.1269425782270151
738,749,1487,0.12696522693580495
738,755,1493,0.12698068438965582
735,761,1496,0.12699564414805598
719,761,1480,0.12701342220566683
721,763,1484,0.1270681276914642
724,770,1494,0.1271134060888031
720,769,1489,0.1271516424386444
724,777,1501,0.12719915742992258
716,776,1492,0.12723246750881262
720,782,1502,0.12728339489260232
725,775,1500,0.12732317610480584
728,779,1507,0.12734778532394522
728,771,1499,0.1273655865058713
734,774,1508,0.1273814403200015
733,772,1505,0.12738269387323486
737,787,1524,0.1273864283007952
737,781,1518,0.12738214021651906
732,782,1514,0.1273796071771026
733,770,1503,0.12738907643935346
732,762,1494,0.12739390350039945
738,770,1508,0.12740287506838008
738,778,1516,0.12739755305480516
741,777,1518,0.12738929953554884
735,777,1512,0.1273712019137251
749,781,1530,0.12736808467211516
744,780,1524,0.1273339071326197
743,785,1528,0.12731509243457453
743,779,1522,0.12730320241255286
744,780,1524,0.12729168990559755
742,772,1514,0.12728037967832992
733,766,1499,0.12727495448479284
726,778,1504,0.12728987559409685
722,776,1498,0.12732107999569678
732,781,1513,0.12735951560028919
717,786,1503,0.12736975695639033
719,784,1503,0.12741381666617127
719,777,1496,0.12744985516922597
721,787,1508,0.12748449962100242
728,794,1522,0.1275130383030239
722,787,1509,0.1275257088619417
711,790,1501,0.12755301245367082
707,791,1498,0.12760453683552922
717,792,1509,0.1276602573172086
714,794,1508,0.12769144300269678
719,799,1518,0.12772672978605462
710,795,1505,0.12774920828905587
704,791,1495,0.12779017391338474
703,789,1492,0.1278401729302104
700,795,1495,0.1278918960064322
710,797,1507,0.1279474520112797
711,798,1509,0.12797520719214306
716,795,1511,0.12800017144887796
711,800,1511,0.12801205740488453
707,803,1510,0.12803485832843145
705,802,1507,0.12806597637793884
691,796,1487,0.1280982321785988
696,798,1494,0.12816192669159185
700,804,1504,0.12820920399527055
703,793,1496,0.1282427320123024
713,803,1516,0.1282688776206767
709,813,1522,0.1282695577713863
704,803,1507,0.12828036805579632
710,785,1495,0.12829789569479214
703,792,1495,0.1282991483965865
702,800,1502,0.12831642150206324
690,799,1489,0.12833758350266017
687,792,1479,0.12838223377374544
684,795,1479,0.12843143999024412
690,800,1490,0.12848199462445262
691,804,1495,0.12851132570899257
698,809,1507,0.12853646444565
695,810,1505,0.12854535436700976
689,819,1508,0.12856390424074898
691,819,1510,0.12859585812609206
677,814,1491,0.12862298234301084
679,817,1496,0.12867976775616513
676,821,1497,0.12872671620317508
680,819,1499,0.12877699126106296
678,823,1501,0.12881553753717248
682,832,1514,0.12885829787025782
680,825,1505,0.1288866277473642
677,831,1508,0.1289159059270663
681,830,1511,0.128952659859898
683,823,1506,0.12898090474762275
673,819,1492,0.12900443590794106
675,823,1498,0.12905066732764361
679,828,1507,0.129092091783032
688,833,1521,0.1291181391904067
692,830,1522,0.12911859272826176
694,825,1519,0.12911042958943056
686,824,1510,0.12909656748210613
684,815,1499,0.12910287228586545
682,815,1497,0.12911254552782428
683,821,1504,0.12912698953083335
676,819,1495,0.1291395070291136
674,832,1506,0.12916739465853444
677,834,1511,0.129200813814316
678,830,1508,0.12922501501889436
683,832,1515,0.12924592125778023
683,836,1519,0.12925165370554073
674,826,1500,0.12925779703976872
668,829,1497,0.1292842084638346
672,844,1516,0.12932257856504753
671,844,1515,0.12934775761999004
675,824,1499,0.129374110608283
681,827,1508,0.12939193727414555
683,821,1504,0.12939438573202397
678,820,1498,0.12939404184665382
672,819,1491,0.12940401782126001
678,818,1496,0.12942804285938658
675,808,1483,0.12943710817219187
674,818,1492,0.12944995624371233
678,820,1498,0.12945984501198082
686,815,1501,0.12945668025942944
679,814,1493,0.12943354039007576
682,818,1500,0.12943162151869111
682,809,1491,0.12941805862244712
677,814,1491,0.1294065024102703
683,823,1506,0.1294063151805992
677,825,1502,0.1293926212174345
669,827,1496,0.12939454296009623
674,831,1505,0.12941533439018169
676,833,1509,0.12942442864869652
682,827,1509,0.12943013114106508
677,827,1504,0.12942021362691114
679,825,1504,0.12942300806007953
679,835,1514,0.12941952481941538
670,835,1505,0.12942003853840464
675,833,1508,0.12944225567928902
678,836,1514,0.12944907828678393
668,847,1515,0.12944844896635516
667,841,1508,0.12947030005176463
675,841,1516,0.1294951457919746
671,847,1518,0.1294980682384987
675,845,1520,0.12951272415531725
672,840,1512,0.1295156712657817
669,834,1503,0.12952746500249065
669,840,1509,0.12954518391361705
676,842,1518,0.12956105667725043
667,843,1510,0.12956005363639353
662,840,1502,0.12957824740402835
675,834,1509,0.1296091712941559
675,832,1507,0.12960684536117437
677,839,1516,0.12960745102547588
668,835,1503,0.12959965506638835
665,837,1502,0.1296130250991377
666,836,1502,0.12963333059443613
665,838,1503,0.1296508627927639
668,847,1515,0.12967190621821503
659,846,1505,0.129684895211824
654,841,1495,0.12971800858474908
657,850,1507,0.12976173385963785
653,850,1503,0.1297971881079454
654,849,1503,0.12983675039692044
656,850,1506,0.1298699536097154
659,858,1517,0.12989705714897254
664,842,1506,0.12991671326686796
661,837,1498,0.1299209405904809
667,841,1508,0.12993249068948098
662,839,1501,0.12992865691106256
660,849,1509,0.12994008557381836
656,841,1497,0.1299561557742272
652,852,1504,0.12997936029292
649,854,1503,0.13001164353009187
651,852,1503,0.13004992276598526
663,851,1514,0.1300768911666421
660,855,1515,0.1300731173513863
657,852,1509,0.13007869080585435
657,849,1506,0.13009129688856252
660,843,1503,0.1301028969466238
644,843,1487,0.1301058452572616
640,847,1487,0.1301429515589178
643,859,1502,0.1301865717090643
650,853,1503,0.13022112899510996
642,853,1495,0.1302382245638845
644,864,1508,0.13027501312007803
633,868,1501,0.13030423849856276
641,861,1502,0.1303561267960377
649,864,1513,0.13038527823033494
659,873,1532,0.13039385238303583
651,877,1528,0.13037903426578892
638,877,1515,0.13038641751827196
634,866,1500,0.1304233159757121
625,869,1494,0.13046708220421435
637,869,1506,0.13052836908013507
629,876,1505,0.13055903220742748
630,873,1503,0.13060731103216086
633,870,1503,0.1306450885719174
635,873,1508,0.13067431451485423
633,874,1507,0.13069713819874726
627,864,1491,0.13072468103527482
626,869,1495,0.13076233180561941
630,870,1500,0.13079970980645014
628,869,1497,0.13082422018217937
629,874,1503,0.13085300906450947
631,880,1511,0.13087742451381174
637,867,1504,0.13089619469086336
642,867,1509,0.13089754631250353
639,864,1503,0.13088795159488925
640,863,1503,0.1308844900458494
637,861,1498,0.13088101567661742
638,865,1503,0.130886278615507
632,868,1500,0.13088824297546914
631,869,1500,0.13090312747356495
635,872,1507,0.13091954685012144
624,875,1499,0.1309259358794218
623,863,1486,0.13095773503772193
626,879,1505,0.1309884013941369
622,872,1494,0.13101115897161122
623,870,1493,0.13103981996500905
627,868,1495,0.13106379339378602
631,866,1497,0.1310777877853949
640,865,1505,0.131083632939496
635,865,1500,0.1310657349926561
642,871,1513,0.13105977015511566
637,868,1505,0.13103486718966423
625,869,1494,0.1310233274698656
618,866,1484,0.13104067160471977
620,861,1481,0.13107302567177337
635,870,1505,0.13109958927755985
629,883,1512,0.1310859754660441
636,872,1508,0.1310897885541042
640,873,1513,0.1310765665934964
634,871,1505,0.13105708871098767
634,870,1504,0.1310552342987072
629,871,1500,0.13105357722765987
633,864,1497,0.13106185311795826
615,865,1480,0.1310619078633718
620,872,1492,0.13110409359095318
621,884,1505,0.13113364272634154
627,884,1511,0.13115911177049294
623,869,1492,0.13116975498901803
621,881,1502,0.13118579641292868
609,876,1485,0.1312046337718743
615,882,1497,0.13124825226737685
616,886,1502,0.13127561734900056
625,885,1510,0.13130034394441203
618,882,1500,0.1313022196657278
626,891,1517,0.13131673291880325
633,894,1527,0.13131110844498453
615,882,1497,0.1312898779471182
621,889,1510,0.131312885427457
616,898,1514,0.13132154209102506
616,896,1512,0.13134088051254195
614,898,1512,0.13136090434914569
610,893,1503,0.13138657900809647
611,888,1499,0.13142014535692972
611,880,1491,0.1314472992054394
613,874,1487,0.13147195829640165
602,883,1485,0.13149142407292358
609,882,1491,0.1315365570947445
616,891,1507,0.1315635255979711
619,898,1517,0.13156855512844123
616,891,1507,0.1315687540102249
620,889,1509,0.13157219396767952
620,886,1506,0.1315656559426059
630,896,1526,0.13155966374513864
620,897,1517,0.13153254596694836
614,890,1504,0.13153215654598702
612,888,1500,0.131543629275657
613,884,1497,0.13155575289273858
610,882,1492,0.13156827247574074
622,882,1504,0.13158374244316348
621,878,1499,0.13157282776239954
610,888,1498,0.13156325159671284
603,896,1499,0.13158314435648832
602,894,1496,0.13161826558708584
605,894,1499,0.1316535321668504
604,889,1493,0.13168272667368874
606,905,1511,0.1317143485958516
603,917,1520,0.131740253297688
606,921,1527,0.1317703815721374
602,916,1518,0.1317913764427567
597,919,1516,0.13181918788636096
589,921,1510,0.13185648179599224
584,918,1502,0.13191179291255098
587,911,1498,0.1319770967463355
591,917,1508,0.13202950764833266
588,929,1517,0.1320665956815293
588,938,1526,0.13210893163718584
584,932,1516,0.13214782136533135
575,931,1506,0.13219405299016052
578,923,1501,0.13225451403091026
585,919,1504,0.13230727244062312
585,922,1507,0.1323409134515044
583,933,1516,0.13236974605645657
587,925,1512,0.1324019326750146
583,939,1522,0.13242303365446992
582,937,1519,0.1324544392622003
579,930,1509,0.13248776472782878
573,925,1498,0.13252794555363412
569,923,1492,0.13257871504990798
571,930,1501,0.1326359046926492
573,937,1510,0.13268577200456252
571,951,1522,0.1327276100025772
572,953,1525,0.13276941549019372
567,953,1520,0.1328089203803785
565,947,1512,0.13285526548772275
572,934,1506,0.13290471285660024
574,939,1513,0.13293058547100461
564,934,1498,0.13294818906330835
549,936,1485,0.13298931525202193
550,952,1502,0.13306061146497472
549,955,1504,0.13312799152703045
555,958,1513,0.13319351760939427
547,954,1501,0.13324111916129117
551,959,1510,0.133304654077419
552,957,1509,0.13335110453138388
552,952,1504,0.13339025972363566
550,956,1506,0.1334260786911704
550,954,1504,0.13346334073578647
550,955,1505,0.13349944305501282
555,962,1517,0.13353493494709617
555,967,1522,0.13355711892401087
552,971,1523,0.13357760081675504
548,976,1524,0.13360568382282104
548,976,1524,0.1336407607006393
546,972,1518,0.13367484380593786
541,978,1519,0.13371009887889504
543,960,1503,0.1337564194859852
542,968,1510,0.1337946836090924
538,973,1511,0.13383009141131894
538,973,1511,0.13387360734801323
530,971,1501,0.13391444803796518
532,981,1513,0.13397069358128902
537,973,1510,0.1340146487983565
541,974,1515,0.13404479747914294
534,971,1505,0.13406464678206548
531,970,1501,0.13409906816576764
528,968,1496,0.13414055247157403
537,973,1510,0.13418423577863411
538,978,1516,0.13420364391492465
537,977,1514,0.1342212912086836
538,973,1511,0.1342405838143661
534,973,1507,0.13425409308089192
540,974,1514,0.13427954067487377
542,970,1512,0.13428733782208382
547,954,1501,0.13429073625491358
555,949,1504,0.13428009833433147
561,956,1517,0.13424787679502645
554,961,1515,0.13420298284953067
551,965,1516,0.13417709216949325
553,959,1512,0.13415982825526795
550,953,1503,0.13414045738217262
553,959,1512,0.1341283196671525
547,955,1502,0.13411210408654622
547,953,1500,0.1341110708682966
549,946,1495,0.13411031470581036
554,950,1504,0.13410429284641245
557,951,1508,0.13408604066012156
547,957,1504,0.1340620334224973
540,964,1504,0.1340607409084732
543,967,1510,0.1340779449004438
534,965,1499,0.13408561475705238
535,963,1498,0.13411534712850195
540,969,1509,0.13414075245122808
544,973,1517,0.13415494288542135
541,975,1516,0.1341572581202864
542,974,1516,0.13416683793234851
538,979,1517,0.13417459421924952
542,971,1513,0.13419430986154438
539,966,1505,0.134202665108321
539,970,1509,0.13421973680667595
532,971,1503,0.13423478948347456
533,977,1510,0.13426335675905593
535,973,1508,0.1342893809914569
535,980,1515,0.13430691396363018
532,982,1514,0.1343249431950709
530,979,1509,0.13434780076809935
530,981,1511,0.13437577908520434
520,984,1504,0.13440240097771755
528,988,1516,0.13445232626118547
525,984,1509,0.1344799508678041
521,980,1501,0.13451478392626812
518,979,1497,0.1345580662557853
525,972,1497,0.13460405398504027
521,965,1486,0.13462762438251244
530,968,1498,0.13465529019486794
533,977,1510,0.13465668304469308
535,974,1509,0.13465088573778555
543,971,1514,0.13464090008850157
537,980,1517,0.13461061563281088
530,981,1511,0.1345990639428031
524,983,1507,0.1346071027145965
523,982,1505,0.13462961372663998
517,999,1516,0.13465395341320757
514,1001,1515,0.13469324548608316
510,1002,1512,0.1347398311223734
511,1004,1515,0.13479114388002408
508,995,1503,0.13483527764638625
510,999,1509,0.13488420102130522
495,1009,1504,0.13492414830916155
501,1014,1515,0.1349971668933357
498,1010,1508,0.13505230703006393
499,1003,1502,0.13510936372174542
496,1005,1501,0.13516002192745127
497,1011,1508,0.13521315519172347
493,1012,1505,0.13526073860565738
497,1010,1507,0.13531664100567162
495,1005,1500,0.13535723622143606
494,1009,1503,0.13540075974013777
497,1013,1510,0.13544499237967014
493,1011,1504,0.135479943920382
498,1016,1514,0.13552191620324025
499,1010,1509,0.13554795970754382
498,1015,1513,0.13556714201209735
502,1011,1513,0.13558482154327697
502,1002,1504,0.13558803086723323
500,1001,1501,0.13559537020109227
507,1004,1511,0.13560862277244626
506,1001,1507,0.13560504588657268
503,1000,1503,0.13560466112957212
492,1006,1498,0.13561108587790557
487,1011,1498,0.13564402649253285
489,1024,1513,0.1356857698035334
490,1019,1509,0.13572229579970058
490,1021,1511,0.13575585286614636
487,1030,1517,0.1357851859959829
480,1027,1507,0.13581872309240292
492,1022,1514,0.13586654610039864
493,1017,1510,0.13587766671937196
489,1021,1510,0.13588774362612152
487,1025,1512,0.1359063133479558
487,1027,1514,0.1359304360014938
492,1018,1510,0.13595110287473947
486,1021,1507,0.1359591552932644
490,1019,1509,0.13598268536898003
489,1013,1502,0.13599627057840685
489,1027,1516,0.1360101118663958
493,1018,1511,0.13602392281565212
490,1021,1511,0.13602887495251484
493,1020,1513,0.13604132673531716
485,1019,1504,0.13604298172809048
495,1024,1519,0.13606036336818575
485,1028,1513,0.13605506141004325
484,1023,1507,0.13607329488241596
473,1029,1502,0.13609291291008901
478,1031,1509,0.13613831268835688
480,1033,1513,0.1361687298378316
475,1034,1509,0.1361926347688773
469,1039,1508,0.136229053207944
466,1039,1505,0.13627554260033306
469,1038,1507,0.13632596716828568
476,1035,1511,0.1363657504101613
474,1036,1510,0.13638413638107375
471,1029,1500,0.1364051181638661
475,1049,1524,0.13642919411794022
477,1042,1519,0.1364420072479035
472,1039,1511,0.1364500062037518
472,1042,1514,0.1364718903372071
470,1037,1507,0.13649415305598467
468,1035,1503,0.13652149514465098
468,1027,1495,0.13655310703583057
467,1034,1501,0.13658323162828345
462,1052,1514,0.13661231945146535
470,1061,1531,0.13664927092850573
468,1053,1521,0.136666177786904
466,1063,1529,0.1366859369051921
463,1070,1533,0.1367105691333133
464,1059,1523,0.1367418829524119
463,1056,1519,0.13676880940957278
463,1047,1510,0.13679661412148522
457,1055,1512,0.13682540435485482
455,1059,1514,0.13686652181223535
460,1059,1519,0.1369072990647816
457,1061,1518,0.13693352892819827
450,1061,1511,0.1369656016443983
453,1051,1504,0.13700991040629407
462,1055,1517,0.13704478758980962
458,1055,1513,0.13705692600394884
457,1050,1507,0.137075631511598
460,1045,1505,0.13709435982624046
452,1049,1501,0.1371041826800402
452,1046,1498,0.13713178683830152
452,1051,1503,0.13715722958924237
448,1053,1501,0.13718172916664897
449,1058,1507,0.1372139523191951
452,1064,1516,0.13724213730642848
451,1054,1505,0.13725849461257
453,1061,1514,0.13727676398921723
446,1074,1520,0.1372912051215133
444,1068,1512,0.13731999560717095
444,1071,1515,0.13735126192154387
441,1065,1506,0.13737828400231847
446,1056,1502,0.13741215641115836
445,1057,1502,0.1374331183520913
444,1054,1498,0.13745487216707097
441,1062,1503,0.13747761496877978
444,1065,1509,0.13750541210397557
445,1068,1513,0.13752396735057837
448,1074,1522,0.13753519192877403
442,1076,1518,0.13754159153358383
436,1068,1504,0.13756233552637162
435,1073,1508,0.13759573695186872
438,1065,1503,0.1376315188413372
434,1079,1513,0.13765956907697713
436,1071,1507,0.13769342010872082
436,1077,1513,0.13772060134747877
424,1074,1498,0.13774521986720206
417,1087,1504,0.13779749132981695
415,1087,1502,0.13786263464014056
410,1087,1497,0.13792829018153507
410,1095,1505,0.13800205899487344
411,1097,1508,0.13807164911585643
410,1092,1502,0.13813559526541638
407,1098,1505,0.1381974213872751
406,1100,1506,0.13826158181650056
413,1096,1509,0.13832230669141524
408,1105,1513,0.13836433107550708
406,1098,1504,0.13841766066517056
410,1096,1506,0.13847347356719034
415,1109,1524,0.13851292524698405
412,1100,1512,0.13853575492836467
410,1090,1500,0.13856428169475085
412,1087,1499,0.13859463044753587
410,1091,1501,0.13861849615099647
414,1094,1508,0.13864513110702478
413,1095,1508,0.13865911631337066
416,1092,1508,0.13867489420472626
419,1089,1508,0.1386848992330598
418,1102,1520,0.13868698266128068
420,1097,1517,0.13868779252410898
421,1094,1515,0.13868722121400345
423,1092,1515,0.1386825434458575
421,1086,1507,0.1386728329342822
420,1077,1497,0.13867043750391017
416,1079,1495,0.13867051009045597
418,1083,1501,0.13867863888531892
419,1078,1497,0.13868253264044764
422,1088,1510,0.13868381299720073
417,1092,1509,0.13867777048434754
410,1093,1503,0.13868440986339256
409,1095,1504,0.13870787673205512
405,1097,1502,0.1387340332314268
404,1105,1509,0.13877061874981048
406,1107,1513,0.13880713052803323
409,1102,1511,0.13883698010563195
408,1112,1520,0.13885797505764155
405,1106,1511,0.13887830441964302
405,1099,1504,0.13890278962533142
405,1103,1508,0.13892697962035017
406,1106,1512,0.1389499558503395
402,1113,1515,0.1389705068072991
399,1110,1509,0.1389970176361278
400,1109,1509,0.13903058897540121
398,1111,1509,0.13905974732385584
401,1105,1506,0.13909072281570672
407,1110,1517,0.13911259586873492
411,1113,1524,0.13912037132528507
410,1100,1510,0.1391180755548823
407,1096,1503,0.1391180901871607
406,1099,1505,0.13912390230806168
404,1102,1506,0.13913014220360367
398,1111,1509,0.13914245529175565
399,1107,1506,0.13916675149749705
399,1109,1508,0.13918586980942765
402,1101,1503,0.13920335654491592
403,1095,1498,0.13921215653689858
402,1097,1499,0.1392173449917559
406,1091,1497,0.1392229976442188
402,1098,1500,0.13921523564263785
398,1100,1498,0.13921787896570084
403,1103,1506,0.1392323074086918
392,1105,1497,0.13923391470767296
401,1109,1510,0.13926235625368286
409,1110,1519,0.139267916695083
405,1102,1507,0.13925443289553313
394,1095,1489,0.1392514598807212
399,1102,1501,0.1392755519365352
394,1111,1505,0.13928704017235144
393,1117,1510,0.13931217827086628
395,1111,1506,0.13933691443288007
393,1117,1510,0.1393562401101594
388,1114,1502,0.1393783664174893
383,1119,1502,0.1394120107185327
382,1123,1505,0.1394564670676855
380,1129,1509,0.13949919955054607
380,1129,1509,0.1395429967313269
377,1140,1517,0.13958221461112852
376,1127,1503,0.1396265717103596
370,1143,1513,0.13967168203165678
374,1137,1511,0.13972791576160962
374,1134,1508,0.13976907999607746
378,1139,1517,0.13980634558310076
374,1126,1500,0.1398335913762416
381,1121,1502,0.13986801395118964
379,1127,1506,0.13987745047969258
370,1138,1508,0.13989500493403106
369,1140,1509,0.13992940577754595
358,1144,1502,0.1399634478366996
365,1144,1509,0.14002145386391088
369,1152,1521,0.14005929834185882
373,1150,1523,0.14008483845607628
370,1162,1532,0.14009803350158642
372,1151,1523,0.14012089378890655
370,1151,1521,0.14013645786891843
378,1153,1531,0.1401592273830612
376,1146,1522,0.14016278591323927
373,1147,1520,0.1401700075036189
375,1152,1527,0.1401828634048047
374,1138,1512,0.14019290170937557
376,1145,1521,0.14020480670105265
373,1148,1521,0.1402113909277237
374,1140,1514,0.14022454890252437
368,1144,1512,0.1402335242923076
372,1135,1507,0.14025651340022985
376,1138,1514,0.14026831414687224
373,1135,1508,0.14027079868342657
366,1134,1500,0.14027991413922872
368,1138,1506,0.14030398549047754
369,1143,1512,0.1403232625578914
371,1120,1491,0.14033827517639041
372,1127,1499,0.14034800611941706
372,1138,1510,0.1403529205326145
368,1135,1503,0.140357617384349
359,1134,1493,0.1403703886098012
360,1142,1502,0.1404044369892508
364,1134,1498,0.14043556786059377
361,1142,1503,0.14045672732267098
368,1137,1505,0.1404825550292556
363,1151,1514,0.14048804794790404
373,1137,1510,0.14050648893770482
373,1146,1519,0.14049946532869712
368,1143,1511,0.14049349295805943
367,1138,1505,0.14050016810373203
365,1147,1512,0.14050767464981098
363,1152,1515,0.1405210727440257
361,1150,1511,0.14053782264751902
368,1145,1513,0.14055679455144618
366,1146,1512,0.14055917639590215
365,1137,1502,0.14056490820320058
365,1132,1497,0.14057393312449748
363,1144,1507,0.14058144157960742
358,1148,1506,0.14058997698205225
359,1156,1515,0.1406097769349196
362,1158,1520,0.14062790121188562
358,1151,1509,0.14063656043332004
360,1143,1503,0.14065515718845437
350,1145,1495,0.14066991251972824
345,1149,1494,0.1407071600320192
353,1160,1513,0.1407536597001589
348,1163,1511,0.140777819948288
348,1164,1512,0.14081286386633138
349,1164,1513,0.14084613939051574
351,1162,1513,0.14087584493790056
348,1171,1519,0.14089955432811116
344,1181,1525,0.1409303955851029
350,1173,1523,0.1409693476235743
351,1183,1534,0.14098988216929587
350,1170,1520,0.14100452874675426
349,1163,1512,0.1410214804133531
341,1167,1508,0.14104116755842136
341,1174,1515,0.1410784439483831
340,1176,1516,0.1411142887465356
332,1172,1504,0.14115061214263286
337,1170,1507,0.14120437403380162
340,1176,1516,0.14124270714039053
334,1182,1516,0.1412728001443213
342,1178,1520,0.14131471987720723
341,1186,1527,0.1413338080080433
334,1180,1514,0.14135402407481834
340,1180,1520,0.14139280897895504
335,1180,1515,0.14141381417414706
330,1176,1506,0.14144521056532505
330,1182,1512,0.14148492655411413
333,1179,1512,0.14152181888281912
326,1186,1512,0.14154968252220468
327,1181,1508,0.14159115848119916
322,1192,1514,0.14162733284306517
326,1193,1519,0.1416724021225762
325,1184,1509,0.1417034022295577
323,1169,1492,0.14173450056214557
323,1169,1492,0.14176859515707643
327,1187,1514,0.1417997224422173
325,1188,1513,0.1418206055242108
321,1196,1517,0.14184717476627998
323,1194,1517,0.1418820098772852
321,1186,1507,0.1419096247424428
319,1186,1505,0.14194019518963144
314,1187,1501,0.1419727657518642
313,1194,1507,0.14201496583918524
315,1196,1511,0.14205741174002487
315,1195,1510,0.14209336763225747
309,1193,1502,0.14212519948518815
304,1196,1500,0.14217072220449933
300,1205,1505,0.1422258602632434
307,1210,1517,0.1422861726402326
304,1216,1520,0.14232554128191835
305,1212,1517,0.14237002602160084
303,1207,1510,0.14240598325710263
305,1221,1526,0.14244441089040102
308,1217,1525,0.14247585254148926
303,1222,1525,0.14249630853396328
302,1217,1519,0.14252750515565946
305,1211,1516,0.14256064683446876
300,1196,1496,0.14258332508061838
298,1191,1489,0.14261515507570816
299,1200,1499,0.14265114834581613
298,1216,1514,0.1426817932198043
299,1211,1510,0.14271182910884628
302,1193,1495,0.14273640276090802
302,1202,1504,0.142752658418456
296,1207,1503,0.142766251549031
300,1221,1521,0.14279270058436797
299,1226,1525,0.1428062297654776
295,1225,1520,0.14282209850575575
298,1226,1524,0.1428470367767369
300,1223,1523,0.14286233745032872
302,1211,1513,0.14287174811500808
304,1198,1502,0.14287818222741241
299,1203,1502,0.14288035841602675
300,1203,1503,0.14289341078831835
305,1203,1508,0.1429030230964005
308,1204,1512,0.1428981228790856
305,1204,1509,0.14288712367925588
307,1211,1518,0.14288505222561804
311,1203,1514,0.1428790816168571
313,1195,1508,0.14286237646110808
307,1205,1512,0.14284214535566633
308,1207,1515,0.14283929408285495
306,1214,1520,0.1428346382254343
305,1209,1514,0.14283525528791163
302,1220,1522,0.14283646411678488
305,1205,1510,0.14284407521454237
305,1203,1508,0.1428426618311755
307,1210,1517,0.14284062765472036
317,1207,1524,0.14283513210576493
321,1193,1514,0.14280474502700752
318,1194,1512,0.14276871563969246
312,1210,1522,0.1427429194117959
308,1210,1518,0.14273373628507988
303,1210,1513,0.14273559992133827
299,1211,1510,0.14275047112240982
304,1223,1527,0.14277498793417118
306,1218,1524,0.14278711578453426
298,1223,1521,0.14279311555257745
298,1208,1506,0.14281823285724654
303,1200,1503,0.14284345637482587
302,1210,1512,0.14285394631908965
298,1204,1502,0.14286397783275134
296,1205,1501,0.142883545178951
303,1201,1504,0.142904759997447
304,1209,1513,0.14290730867486107
300,1203,1503,0.14290877533482976
299,1219,1518,0.14291931330607763
294,1212,1506,0.14293079895936714
292,1206,1498,0.1429535721697287
293,1208,1501,0.14297587619198537
299,1205,1504,0.14299614022261856
301,1201,1502,0.14299899710833128
303,1202,1505,0.14299902654777652
298,1188,1486,0.14299307722024734
299,1192,1491,0.14300126334573368
300,1205,1505,0.14300785292115725
296,1204,1500,0.14301047776444453
295,1209,1504,0.1430223433471692
297,1213,1510,0.14303658519778348
296,1226,1522,0.14304644514370957
296,1228,1524,0.14305644449650068
291,1231,1522,0.14306483244304447
289,1230,1519,0.14308395175349475
285,1231,1516,0.14310729309714068
286,1222,1508,0.1431402013934678
287,1213,1500,0.14316920367493446
285,1229,1514,0.14319348156029132
293,1227,1520,0.14321970572847526
282,1229,1511,0.1432271993054106
276,1224,1500,0.1432598542233533
278,1214,1492,0.1433062352506487
280,1224,1504,0.14334216454812393
280,1216,1496,0.14337060045645925
285,1223,1508,0.14339675757227666
286,1223,1509,0.14341183054695397
284,1227,1511,0.1434236278056669
282,1222,1504,0.14343790509612084
287,1222,1509,0.14345258945766953
295,1220,1515,0.14345701683619275
296,1206,1502,0.1434419174191136
293,1207,1500,0.14342472366909892
294,1210,1504,0.14341812410891508
296,1222,1518,0.14341066558325447
293,1234,1527,0.14339977997023876
286,1233,1519,0.14339946649919064
290,1241,1531,0.14341535244040848
286,1236,1522,0.14342272955560603
281,1233,1514,0.14344036639768828
283,1226,1509,0.14346846654173528
279,1240,1519,0.1434884346601965
279,1235,1514,0.1435172730884945
281,1244,1525,0.14354500610736146
276,1244,1520,0.14356719954342637
275,1242,1517,0.1435964108276979
268,1248,1516,0.1436270646864732
265,1253,1518,0.14367198426644806
261,1242,1503,0.14372107564999057
266,1240,1506,0.14377585351703406
262,1236,1498,0.14381423268094765
260,1237,1497,0.14385462663135454
261,1231,1492,0.14389729428772405
268,1241,1509,0.14393531080129088
266,1250,1516,0.1439541365499997
265,1252,1517,0.14397714566288772
264,1269,1533,0.14400150076654067
258,1265,1523,0.144026210958169
258,1252,1510,0.14406192382125899
258,1245,1503,0.1440970469337687
258,1253,1511,0.14413092298084917
253,1251,1504,0.1441601786936277
255,1254,1509,0.14419836371461345
261,1262,1523,0.14423082575402663
259,1244,1503,0.14424384412488211
257,1255,1512,0.14426087462613976
255,1254,1509,0.14428090013366032
253,1244,1497,0.14430155828557345
251,1262,1513,0.1443274985738999
252,1267,1519,0.1443579703100585
254,1269,1523,0.14438407220265378
259,1270,1529,0.14440504408463714
255,1271,1526,0.14441459386333563
256,1264,1520,0.14443265652065748
256,1261,1517,0.14444691666503678
257,1263,1520,0.14446176380739717
256,1274,1530,0.14447299633834146
255,1270,1525,0.14448393140822766
251,1264,1515,0.14449699729691726
245,1259,1504,0.14451945080449835
241,1258,1499,0.14455626949699052
237,1268,1505,0.1446013016471312
242,1261,1503,0.1446532347570448
246,1254,1500,0.14469006696826203
243,1270,1513,0.1447147249992045
244,1281,1525,0.1447442753550152
241,1272,1513,0.1447691463964234
235,1271,1506,0.1447998985868072
231,1290,1521,0.14484522030327326
229,1294,1523,0.14489683684048082
232,1293,1525,0.14495009446029133
232,1282,1514,0.14499307340170955
235,1273,1508,0.14503197208452817
230,1276,1506,0.14506055408241683
234,1279,1513,0.14510005833182274
227,1271,1498,0.14512728552007878
227,1285,1512,0.1451669370350527
226,1278,1504,0.14520277876877252
233,1287,1520,0.14523886377961834
228,1287,1515,0.14525224810530007
221,1291,1512,0.1452771493454887
222,1276,1498,0.14531753123134908
221,1285,1506,0.14535202466160488
221,1278,1499,0.14538683011694079
223,1281,1504,0.14542085277682448
228,1280,1508,0.1454487685421186
233,1288,1521,0.14546305729497422
224,1288,1512,0.14546426149972044
222,1298,1520,0.14548792184934206
216,1298,1514,0.14551473541057608
210,1306,1516,0.1455547311205122
215,1304,1519,0.14560336920796615
219,1287,1506,0.14563925050784304
217,1290,1507,0.1456626333440974
215,1276,1491,0.14568856657383986
218,1276,1494,0.14571991072138613
218,1289,1507,0.14574160898622435
216,1315,1531,0.14576243434840788
216,1308,1524,0.14578602357754622
213,1311,1524,0.14580858955505782
211,1297,1508,0.14583760241006571
219,1306,1525,0.14586991657007758
215,1298,1513,0.14588151647727934
216,1286,1502,0.14590144265424224
212,1282,1494,0.14591586496935335
212,1289,1501,0.14593897907550143
211,1302,1513,0.14596173658779485
214,1307,1521,0.14598411844581605
214,1319,1533,0.1459995725038805
216,1307,1523,0.1460124075240777
214,1305,1519,0.14601798619187323
218,1296,1514,0.14603003670879874
214,1305,1519,0.1460314429433426
211,1310,1521,0.1460405791456947
211,1309,1520,0.1460572334875192
210,1300,1510,0.1460739958334021
210,1302,1512,0.14609072245840451
211,1298,1509,0.1461085135747269
208,1307,1515,0.1461228102309046
209,1315,1524,0.14614430625991137
204,1318,1522,0.14616234377762297
202,1323,1525,0.14619228092413775
200,1307,1507,0.1462237365747669
203,1302,1505,0.1462570672321591
200,1320,1520,0.14628125358201874
206,1318,1524,0.1463124614249843
201,1316,1517,0.14632703065010566
199,1310,1509,0.1463513452671248
201,1320,1521,0.14637878860642906
201,1316,1517,0.14640052852234745
204,1314,1518,0.1464199019649452
204,1306,1510,0.14643121390274838
205,1314,1519,0.14643935101418507
205,1322,1527,0.14644541065397984
208,1318,1526,0.1464525485658866
211,1325,1536,0.14644937673265723
211,1308,1519,0.146439300519067
207,1311,1518,0.1464277383812364
207,1302,1509,0.14642618543961775
206,1298,1504,0.1464264018171455
213,1294,1507,0.14643130594336434
205,1310,1515,0.1464155421282371
205,1299,1504,0.14641996678360822
209,1300,1509,0.14642503926531864
205,1296,1501,0.14642028491312223
200,1304,1504,0.14642452261885885
199,1311,1510,0.14644159368195683
200,1309,1509,0.14646042309734925
198,1319,1517,0.1464739147042304
198,1322,1520,0.1464928499716747
200,1316,1516,0.14651232282282065
198,1311,1509,0.1465256737734532
198,1295,1493,0.14654342942234425
202,1302,1504,0.1465602766462922
202,1304,1506,0.1465639885973215
199,1300,1499,0.1465674818655173
199,1308,1507,0.14657816639069268
202,1309,1511,0.14658968580753004
198,1311,1509,0.14659200651797707
201,1313,1514,0.14660519249273787
203,1315,1518,0.14660827915945196
200,1322,1522,0.1466072485476189
199,1317,1516,0.1466127586615
196,1322,1518,0.14662106091092478
196,1320,1516,0.14663689979358654
193,1317,1510,0.1466527017428785
194,1323,1517,0.14667388972147738
199,1317,1516,0.14669206644734623
196,1314,1510,0.1466933563726649
194,1317,1511,0.14670171213320732
197,1324,1521,0.14671614877599898
196,1326,1522,0.1467222178889375
197,1314,1511,0.14673172342059038
196,1321,1517,0.14673693394651077
198,1329,1527,0.14674474671982027
196,1316,1512,0.14674695895045553
195,1307,1502,0.1467551431145145
196,1310,1506,0.146765177974497
197,1310,1507,0.14677242173903338
191,1325,1516,0.14677707525330103
192,1318,1510,0.14679538588856064
195,1314,1509,0.14681060547874694
197,1318,1515,0.14681706913131742
195,1323,1518,0.14681761014055325
196,1320,1516,0.1468211013372686
191,1327,1518,0.14682171940003103
192,1324,1516,0.14683385149168127
188,1310,1498,0.14684416842367232
188,1313,1501,0.1468635395353794
192,1307,1499,0.14688207227150246
189,1314,1503,0.14688778183885945
191,1330,1521,0.1469018230996735
189,1326,1515,0.14690940879556127
189,1327,1516,0.14692283551030036
190,1327,1517,0.14693576665071417
191,1334,1525,0.14694507006830765
191,1335,1526,0.1469509522813179
193,1331,1524,0.14695629297424836
193,1336,1529,0.1469569646908357
190,1332,1522,0.14695760593885673
189,1338,1527,0.14696487489984922
188,1332,1520,0.1469740121442408
189,1329,1518,0.1469856590003862
189,1322,1511,0.1469946133480822
186,1318,1504,0.1470036433420683
187,1328,1515,0.14701835824190873
185,1330,1515,0.14702896582676483
182,1329,1511,0.14704303596235488
180,1336,1516,0.1470635210040312
175,1344,1519,0.14708715420547347
173,1345,1518,0.1471228906371551
173,1342,1515,0.14716102925698596
175,1352,1527,0.14719608349305402
176,1342,1518,0.1472229197936509
179,1338,1517,0.14724623989457628
181,1330,1511,0.14725973913038298
176,1336,1512,0.1472681217144988
179,1335,1514,0.14728981808489333
182,1342,1524,0.14730445504185305
180,1340,1520,0.14730964969898505
174,1333,1507,0.1473191373728989
175,1342,1517,0.1473434213858271
172,1343,1515,0.14736439129983775
172,1344,1516,0.1473908413568858
170,1347,1517,0.14741621708449887
172,1334,1506,0.14744609834014402
170,1341,1511,0.14746962346677134
166,1337,1503,0.14749642157324125
165,1341,1506,0.14752958347279135
162,1360,1522,0.1475619789913552
161,1351,1512,0.14759925212718644
163,1355,1518,0.14763506984711977
166,1359,1525,0.1476641293005047
160,1350,1510,0.14768471183474763
161,1357,1518,0.14771934742375975
160,1348,1508,0.14774932448830405
159,1343,1502,0.14778078506252665
158,1344,1502,0.14781141157229247
157,1342,1499,0.14784235269355103
157,1342,1499,0.1478747801084961
160,1352,1512,0.1479032784158116
162,1365,1527,0.14792326473848547
165,1356,1521,0.14793788392554505
162,1355,1517,0.1479432733265619
162,1355,1517,0.14795466480490724
162,1356,1518,0.1479632882756172
157,1350,1507,0.14797277464459413
157,1361,1518,0.1479924722208802
155,1356,1511,0.1480105400925842
154,1350,1504,0.14803182968232237
154,1352,1506,0.1480545067713863
154,1361,1515,0.14807640534515676
150,1358,1508,0.1480980180635177
151,1364,1515,0.14812791817095675
150,1359,1509,0.14815413136151853
147,1361,1508,0.14818062111895025
146,1365,1511,0.14821152443733518
145,1362,1507,0.14824111127685188
143,1360,1503,0.14827187496660874
145,1357,1502,0.14830401334333757
145,1359,1504,0.14832826560196627
148,1364,1512,0.14835233199523115
148,1362,1510,0.14836698220171482
149,1360,1509,0.1483796897495423
148,1362,1510,0.14839007244357114
146,1362,1508,0.1484032151236563
145,1369,1514,0.14842036681255108
143,1373,1516,0.14843959171734633
145,1372,1517,0.14846339273742498
141,1391,1532,0.14848140441767144
140,1385,1525,0.1485070669062543
139,1382,1521,0.14853447633539513
138,1389,1527,0.1485631766662665
139,1387,1526,0.14859206090258895
141,1391,1532,0.1486165346964221
138,1383,1521,0.1486352332669486
139,1387,1526,0.14866043600057846
139,1376,1515,0.1486824955950815
138,1376,1514,0.14870232788744928
135,1388,1523,0.14872352145224113
133,1394,1527,0.14875089410125975
132,1395,1527,0.14878201241257738
135,1383,1518,0.14881190113244114
136,1385,1521,0.14883267173335463
135,1399,1534,0.14884961151175113
139,1399,1538,0.14886743734431027
135,1394,1529,0.14887269613898202
134,1395,1529,0.14888712481248514
134,1389,1523,0.14890456056680398
137,1391,1528,0.14891994127524033
138,1388,1526,0.14892772401632512
136,1385,1521,0.14893365270342038
136,1382,1518,0.14894249826724046
136,1386,1522,0.1489499952326252
135,1369,1504,0.14895695020036084
137,1367,1504,0.14896528637420325
132,1386,1518,0.14896731417805914
130,1383,1513,0.14898218324079132
129,1387,1516,0.14900162008140072
129,1387,1516,0.1490222223168096
130,1377,1507,0.1490420108541259
129,1387,1516,0.1490596079646317
128,1381,1509,0.14907721905097346
129,1372,1501,0.14909618273353809
130,1372,1502,0.14911156717335022
133,1380,1513,0.1491228993463066
134,1367,1501,0.14912802897023414
132,1372,1504,0.1491297689624369
136,1380,1516,0.14913592054754865
137,1379,1516,0.14913053645520044
135,1382,1517,0.14912346224015838
132,1386,1518,0.14912368528644887
131,1378,1509,0.14913177689008245
134,1382,1516,0.1491426807050955
132,1391,1523,0.14914431379984375
129,1403,1532,0.14914926530156514
125,1387,1512,0.14916080887114838
125,1385,1510,0.14918160257966323
125,1380,1505,0.1492013063148639
121,1387,1508,0.1492201577816608
120,1397,1517,0.14924796360410372
119,1401,1520,0.14927576209178942
120,1393,1513,0.14930486529707668
119,1393,1512,0.14932938645430302
117,1391,1508,0.14935577971130568
119,1392,1511,0.14938529127012565
118,1393,1511,0.14940820796943066
119,1393,1512,0.14943089423000913
121,1397,1518,0.14944731501387168
122,1407,1529,0.14945636147070626
117,1403,1520,0.1494625729729872
116,1391,1507,0.14947894161183198
116,1407,1523,0.14949671548691426
119,1393,1512,0.1495143197765894
118,1398,1516,0.14952240563446345
120,1401,1521,0.14953261606585325
119,1397,1516,0.14953671254345355
119,1404,1523,0.1495437639041666
118,1398,1516,0.14954968661513898
116,1391,1507,0.14955952046751025
113,1381,1494,0.14957273136837151
114,1384,1498,0.149591037562319
115,1385,1500,0.14960634435697176
111,1384,1495,0.14961878390770095
112,1384,1496,0.14963977580312698
113,1384,1497,0.14965604799491874
112,1393,1505,0.1496706421389521
112,1405,1517,0.14968644278383741
112,1400,1512,0.14970083159853942
110,1403,1513,0.1497146293879675
111,1406,1517,0.14973242840669632
112,1415,1527,0.1497456345728702
112,1416,1528,0.14975662784273827
110,1403,1513,0.14976830580545797
110,1415,1525,0.14978387162707993
107,1418,1525,0.149798542980038
104,1420,1524,0.14981816244544757
108,1412,1520,0.1498436087089717
108,1411,1519,0.1498574798541
108,1405,1513,0.1498710328449839
111,1404,1515,0.14988395142933522
109,1407,1516,0.14988889232806382
111,1409,1520,0.14989925344627042
108,1398,1506,0.14990397039638723
106,1403,1509,0.14991514472638123
109,1409,1518,0.149930403999187
107,1400,1507,0.14993607397512926
106,1400,1506,0.1499458682286268
106,1397,1503,0.149957481899678
105,1401,1506,0.14996980569903887
103,1410,1513,0.1499844191424829
101,1399,1500,0.1500035157660932
104,1403,1507,0.15002560840079604
105,1408,1513,0.1500385946915653
105,1424,1529,0.1500489858214996
105,1418,1523,0.1500579661184799
107,1418,1525,0.15006506671130238
109,1412,1521,0.15006706644878962
107,1404,1511,0.15006595138630913
107,1422,1529,0.15006759054962
105,1409,1514,0.15007042868083517
103,1410,1513,0.15007722597824508
99,1418,1517,0.1500875176481911
100,1416,1516,0.15010723289665756
97,1414,1511,0.15012481042264675
97,1402,1499,0.1501465106162711
98,1405,1503,0.1501663514541513
97,1413,1510,0.1501835402942841
97,1413,1510,0.15020320789914676
98,1420,1518,0.15022174313813952
93,1430,1523,0.15023497643722108
93,1418,1511,0.15025855839760288
91,1432,1523,0.15028086454143058
89,1420,1509,0.15030468128145574
89,1426,1515,0.15033171496626366
89,1416,1505,0.15035703306741538
89,1422,1511,0.1503796056377954
91,1424,1515,0.15040143539936604
90,1435,1525,0.15041630077837184
93,1430,1523,0.15043297621185708
93,1431,1524,0.15044159658107106
93,1424,1517,0.15045020583844107
92,1424,1516,0.15046004364752105
91,1425,1516,0.15047047258386625
92,1420,1512,0.15048315380590793
92,1418,1510,0.15049198503580744
93,1423,1516,0.15050152243885992
94,1426,1520,0.15050781298339583
93,1426,1519,0.15051072601559226
91,1424,1515,0.1505157262043788
93,1433,1526,0.1505262735455596
93,1429,1522,0.15053145561215006
95,1418,1513,0.1505365844404604
95,1414,1509,0.1505353780669844
93,1418,1511,0.1505317350482893
88,1431,1519,0.15053434603138416
89,1431,1520,0.15055002952435392
88,1437,1525,0.15056250124129647
88,1431,1519,0.15057649879025334
88,1427,1515,0.15059058803646902
86,1431,1517,0.15060365179202037
85,1437,1522,0.15062153589854424
88,1444,1532,0.1506403220801241
90,1440,1530,0.1506490070403788
93,1437,1530,0.1506527741493596
94,1430,1524,0.15064782104952193
94,1420,1514,0.1506413590543438
94,1422,1516,0.15063591735978554
93,1432,1525,0.15063129600110062
97,1411,1508,0.15062789110871294
101,1415,1516,0.1506150813613642
101,1420,1521,0.1505914408368234
102,1413,1515,0.15057082881280895
101,1420,1521,0.15054996350320674
100,1411,1511,0.15053329374667185
99,1409,1508,0.1505214227340507
101,1417,1518,0.1505139793910956
105,1413,1518,0.15050146440730539
101,1408,1509,0.15047889332761039
98,1411,1509,0.15046729871450903
100,1409,1509,0.15046516847812158
101,1416,1517,0.15046000853470776
96,1415,1511,0.1504520308608149
98,1419,1517,0.15045605493804587
100,1416,1516,0.15045456957179104
101,1400,1501,0.1504491030817046
101,1399,1500,0.15044183488334928
104,1409,1513,0.1504335466383101
105,1397,1502,0.15041853340430536
102,1396,1498,0.15040080462153496
104,1414,1518,0.15038962063454123
104,1404,1508,0.15037337356745195
106,1405,1511,0.1503599826461393
105,1410,1515,0.15034316393195557
103,1410,1513,0.15033028615627578
103,1407,1510,0.1503235613565934
105,1405,1510,0.15031782555614404
105,1407,1512,0.1503065990384959
104,1395,1499,0.1502968233694322
105,1403,1508,0.1502910181945544
102,1411,1513,0.1502831304575368
104,1420,1524,0.15028462793830322
104,1431,1535,0.15028126176328363
105,1425,1530,0.15027827478963338
105,1424,1529,0.1502730220106543
104,1408,1512,0.15026940868465757
104,1416,1520,0.15026794188651457
101,1416,1517,0.1502666749941059
100,1414,1514,0.15027165796846598
96,1412,1508,0.15027880269912408
96,1416,1512,0.15029548576262886
99,1407,1506,0.15031208228955717
99,1409,1508,0.1503207574379728
100,1412,1512,0.15032876051864671
97,1399,1496,0.15033336606596925
95,1408,1503,0.1503445862117158
99,1418,1517,0.1503602681765294
101,1416,1517,0.1503644107845555
100,1413,1513,0.1503645639958558
97,1411,1508,0.15036629807369398
93,1412,1505,0.15037470605693287
91,1414,1505,0.15039268974250097
90,1415,1505,0.15041604384406362
92,1421,1513,0.15043992649550136
88,1422,1510,0.15045586773789266
86,1428,1514,0.15048060076618353
84,1423,1507,0.15050816759503832
85,1427,1512,0.15053884484650587
83,1440,1523,0.15056494348903776
80,1439,1519,0.15059326702493825
81,1423,1504,0.15062758974538482
83,1424,1507,0.15065632575751764
84,1418,1502,0.15067926695444367
84,1421,1505,0.1506986875795918
84,1421,1505,0.15071753451442815
85,1424,1509,0.15073502135964958
84,1426,1510,0.1507472028563204
82,1442,1524,0.15076188668772825
81,1428,1509,0.15078117649019945
87,1424,1511,0.15080100316582695
86,1421,1507,0.15080390794448115
85,1436,1521,0.15080967538927845
85,1443,1528,0.15081890961399705
83,1425,1508,0.15082643744796564
86,1431,1517,0.1508378157533844
84,1438,1522,0.15084028932016405
85,1422,1507,0.1508483405435103
85,1428,1513,0.15085081381092746
84,1426,1510,0.15085489985572612
84,1436,1520,0.15086210959669255
83,1442,1525,0.1508692488884148
79,1437,1516,0.15087917742196097
78,1427,1505,0.15089871502194316
76,1440,1516,0.1509198726792286
80,1442,1522,0.15094515163059058
78,1444,1522,0.15095837558894792
76,1432,1508,0.1509759242693037
79,1433,1512,0.1509965898453096
80,1443,1523,0.1510090129489284
80,1443,1523,0.15101839961673064
76,1442,1518,0.15102688946703016
72,1441,1513,0.1510448580854407
74,1426,1500,0.1510712365991678
73,1441,1514,0.15109186981684114
72,1432,1504,0.15111386165868113
71,1430,1501,0.15113698100258824
71,1435,1506,0.1511602033563092
70,1439,1509,0.15118297902690442
71,1448,1519,0.15120649117584353
73,1437,1510,0.15122673130085096
71,1438,1509,0.15124060612055876
69,1448,1517,0.15125793820946612
68,1458,1526,0.15127903004442303
66,1463,1529,0.1513014874055123
64,1461,1525,0.15132783027975588
64,1462,1526,0.15135693590873037
62,1458,1520,0.1513846235603072
63,1458,1521,0.1514153155833689
64,1454,1518,0.15144119163402933
62,1456,1518,0.15146267694487311
61,1461,1522,0.15148762522458942
60,1455,1515,0.1515135744935167
61,1456,1517,0.15154042912167365
58,1481,1539,0.15156270085914056
59,1462,1521,0.15158931410498566
58,1456,1514,0.15161173045208906
62,1468,1530,0.15163430975478562
60,1474,1534,0.1516444598920982
59,1472,1531,0.1516590940951665
58,1472,1530,0.15167541210011837
55,1469,1524,0.15169249325761552
55,1458,1513,0.1517162737306186
58,1452,1510,0.15173900063958456
58,1452,1510,0.15175312037061206
59,1456,1515,0.15176700437811966
54,1459,1513,0.1517779726479953
54,1464,1518,0.15180072195388217
54,1473,1527,0.15182181030616027
51,1474,1525,0.15184092330890742
52,1470,1522,0.15186463865150535
51,1461,1512,0.15188466312680113
49,1467,1516,0.15190616956345737
47,1471,1518,0.15193121477674434
46,1479,1525,0.15195956728200538
45,1479,1524,0.15198875480862367
44,1464,1508,0.15201865609945334
44,1455,1499,0.15204922786924566
43,1473,1516,0.15207652325201537
45,1470,1515,0.15210371211180695
44,1483,1527,0.15212376024427626
46,1477,1523,0.15214534263539364
47,1469,1516,0.15216049827079628
50,1478,1528,0.15217101171648179
50,1472,1522,0.15217240021501335
50,1465,1515,0.1521746728245314
53,1465,1518,0.15217660834229577
51,1465,1516,0.1521698833755481
48,1468,1516,0.15216840128121906
50,1477,1527,0.15217488780475516
50,1474,1524,0.15217696984259496
49,1482,1531,0.15217980571454098
46,1454,1500,0.15218541838405458
48,1470,1518,0.1521984310728483
48,1467,1515,0.15220469016827598
45,1478,1523,0.15221024216511986
43,1467,1510,0.15222302085087527
44,1484,1528,0.1522409402957286
45,1478,1523,0.15225514319160474
45,1483,1528,0.1522662400650098
45,1479,1524,0.1522772411013805
46,1478,1524,0.15228809587475736
48,1473,1521,0.1522961108076593
48,1466,1514,0.15229773505091074
48,1471,1519,0.1522998881128942
49,1475,1524,0.1523024771653114
49,1471,1520,0.15230217803077747
49,1467,1516,0.15230167723811022
48,1470,1518,0.1523007628561633
49,1480,1529,0.15230278680112347
50,1473,1523,0.15230123869709528
48,1465,1513,0.1522963678366003
49,1465,1514,0.15229792052375693
49,1456,1505,0.15229688372447103
48,1452,1500,0.15229673513922096
46,1461,1507,0.15229903752885288
46,1448,1494,0.15230608931371997
49,1457,1506,0.15231237820219343
46,1458,1504,0.15230813641771276
46,1457,1503,0.15231060712590647
46,1455,1501,0.15231370662968524
46,1459,1505,0.15231744574167827
44,1460,1504,0.15232069433574547
43,1465,1508,0.1523288517520514
44,1473,1517,0.1523385702434787
46,1459,1505,0.15234497282759843
48,1448,1496,0.15234611027290967
48,1456,1504,0.15234242537043863
47,1465,1512,0.15233776120818782
48,1467,1515,0.1523366637737052
48,1465,1513,0.152333235834342
46,1466,1512,0.15233090651959444
46,1464,1510,0.15233457821605495
46,1456,1502,0.15233777315963212
45,1457,1502,0.1523403747533122
43,1464,1507,0.15234569230014594
41,1462,1503,0.15235519997051214
42,1458,1500,0.15236915176382626
41,1469,1510,0.15237971256667016
44,1474,1518,0.15239238605618802
44,1477,1521,0.1523960683171289
44,1479,1523,0.15239961966571264
46,1472,1518,0.1524036587793129
47,1473,1520,0.1524014144409963
45,1460,1505,0.15239789464467993
46,1468,1514,0.15240027911318876
48,1468,1516,0.1524004309265645
47,1474,1521,0.15239403346099778
48,1467,1515,0.15239086806381189
46,1462,1508,0.1523864284490817
48,1459,1507,0.1523872285029556
46,1454,1500,0.1523823575046713
45,1467,1512,0.15238354050953604
47,1474,1521,0.1523875573563441
45,1480,1525,0.15238620441037076
45,1480,1525,0.1523886172437213
45,1473,1518,0.1523904040145781
44,1476,1520,0.15239165850925032
46,1472,1518,0.1523957649860777
46,1471,1517,0.15239402389765005
45,1461,1506,0.15239385249471812
44,1448,1492,0.1523964159320828
42,1459,1501,0.15240138849869367
42,1465,1507,0.1524109636611652
40,1466,1506,0.15242046394277908
41,1471,1512,0.15243426584607261
39,1456,1495,0.15244435914051924
41,1467,1508,0.15245861825609597
40,1475,1515,0.15246694140089845
39,1488,1527,0.15247742153266
39,1480,1519,0.1524898809730538
41,1479,1520,0.15250114553367977
42,1489,1531,0.1525062341929039
41,1484,1525,0.15250725459649672
40,1488,1528,0.15251141864610251
41,1489,1530,0.152518088609104
40,1486,1526,0.15252205209233705
41,1478,1519,0.1525285179925133
42,1475,1517,0.15253182935080103
41,1467,1508,0.1525320852252489
41,1480,1521,0.15253421929968913
42,1483,1525,0.15253688413481994
42,1480,1522,0.1525365923684237
42,1478,1520,0.1525369752197357
43,1479,1522,0.15253640777937325
41,1485,1526,0.15253342511479556
40,1470,1510,0.152535692831688
41,1476,1517,0.15254150924088677
42,1480,1522,0.15254412824767608
40,1469,1509,0.1525429249364502
40,1467,1507,0.15254679733275722
42,1472,1514,0.15255115242248243
41,1485,1526,0.15255009982185122
44,1472,1516,0.15255188910064849
42,1478,1520,0.15254541515419429
42,1478,1520,0.1525445982682911
41,1473,1514,0.15254373014785536
41,1479,1520,0.15254573047736725
40,1477,1517,0.15254821588497486
38,1466,1504,0.1525532433806482
38,1469,1507,0.15256280656509374
42,1481,1523,0.15257223338155212
42,1473,1515,0.1525685804199046
43,1467,1510,0.1525652118017721
40,1469,1509,0.152560242667167
41,1470,1511,0.1525629409385364
40,1480,1520,0.15256371801805682
40,1481,1521,0.15256724997587007
39,1479,1518,0.15257111330686424
40,1467,1507,0.15257763325191617
41,1451,1492,0.1525799346846872
40,1465,1505,0.1525794117432226
40,1471,1511,0.15258155717312252
40,1482,1522,0.1525841626195286
40,1490,1530,0.15258617397667085
40,1498,1538,0.1525886396980839
40,1478,1518,0.15259053457031924
38,1472,1510,0.1525920174654034
38,1477,1515,0.1525983191536616
38,1479,1517,0.15260366004657652
38,1479,1517,0.15260926371626662
37,1475,1512,0.1526150570874751
37,1466,1503,0.15262144434097766
35,1479,1514,0.15262727643339516
34,1483,1517,0.15263801564419732
35,1481,1516,0.15265076765249133
37,1469,1506,0.15265909692252141
35,1482,1517,0.15266100134110563
36,1475,1511,0.15266789958055912
36,1471,1507,0.1526728208910138
35,1468,1503,0.15267794607269067
34,1482,1516,0.15268439466241657
35,1493,1528,0.15269325027736144
35,1507,1542,0.15269991163413985
36,1490,1526,0.15270669552794208
36,1485,1521,0.15271028764105832
34,1492,1526,0.1527141982318605
34,1490,1524,0.1527228276400874
33,1479,1512,0.1527302314534332
33,1472,1505,0.15273982958740048
32,1482,1514,0.15274804975644007
33,1484,1517,0.15275817168561093
33,1491,1524,0.15276582269878763
32,1485,1517,0.15277349460959738
32,1480,1512,0.1527832841870586
32,1476,1508,0.1527928599620993
33,1473,1506,0.15280219803399372
34,1485,1519,0.15280851409659899
34,1480,1514,0.1528115108833491
34,1485,1519,0.15281429512123793
34,1476,1510,0.1528142729967448
35,1477,1512,0.152813841394238
36,1474,1510,0.15281086227305793
36,1456,1492,0.15280545553205788
38,1454,1492,0.15280117088485962
36,1462,1498,0.1527913365908018
33,1464,1497,0.15278732981959023
32,1470,1502,0.15279165790483773
34,1484,1518,0.15279849612448043
32,1493,1525,0.15280030019988902
31,1481,1512,0.15280716874406092
29,1477,1506,0.15281679256944614
28,1471,1499,0.15283102813291127
28,1491,1519,0.15284694885235897
28,1492,1520,0.15286150592877765
27,1493,1520,0.1528754975795131
26,1483,1509,0.1528910894987959
26,1479,1505,0.15290813145235232
26,1481,1507,0.152922984407862
25,1488,1513,0.15293728228135242
25,1496,1521,0.1529533094775195
24,1491,1515,0.15296757525521232
24,1506,1530,0.15298351997018272
24,1500,1524,0.15299880494489831
24,1481,1505,0.15301276535935202
25,1496,1521,0.1530261965786557
24,1497,1521,0.15303627761064856
24,1504,1528,0.1530487926111165
24,1505,1529,0.15306078667355028
25,1508,1533,0.153072268332783
25,1504,1529,0.15307997784681643
25,1504,1529,0.1530875030751101
25,1499,1524,0.15309482803351615
25,1496,1521,0.15310194030148042
25,1510,1535,0.15310883055875427
25,1507,1532,0.15311549217371417
24,1493,1517,0.15312192083792614
23,1474,1497,0.15313028524680924
25,1484,1509,0.15314042014945273
26,1486,1512,0.1531424144011973
28,1475,1503,0.15314146009189622
28,1472,1500,0.1531355401443404
28,1460,1488,0.15313054847384386
28,1470,1498,0.15312529507554168
29,1464,1493,0.15312001016318333
29,1470,1499,0.15311342798194286
28,1465,1493,0.15310779487224274
28,1478,1506,0.1531047903851773
29,1487,1516,0.15310245387715887
26,1487,1513,0.15309755405554593
25,1482,1507,0.15309992614743295
24,1484,1508,0.15310479219665538
24,1471,1495,0.1531119130926367
24,1476,1500,0.15311895870959938
23,1479,1502,0.15312635658199936
24,1509,1533,0.1531359629453442
24,1484,1508,0.15314193331223902
23,1502,1525,0.15314782722431863
23,1491,1514,0.15315577890117735
23,1499,1522,0.15316239330454218
21,1495,1516,0.15316914557702396
22,1491,1513,0.1531802451517309
22,1486,1508,0.15318796661978085
24,1496,1520,0.15319549748236344
24,1500,1524,0.15319718200224922
24,1496,1520,0.15319911846906284
24,1515,1539,0.15320125732998552
24,1514,1538,0.1532035553486897
23,1504,1527,0.15320597490270127
21,1504,1525,0.15321103621270138
21,1499,1520,0.15322067440791978
21,1502,1523,0.15322984840682627
21,1506,1527,0.15323857453139128
18,1499,1517,0.15324686926843778
18,1502,1520,0.15326123879060988
18,1497,1515,0.15327477471291392
17,1498,1515,0.15328756403483568
17,1493,1510,0.1533017934410696
18,1491,1509,0.15331521998175693
17,1488,1505,0.15332479394789866
15,1494,1509,0.1533360896755277
14,1492,1506,0.15335188170452574
15,1494,1509,0.15336888331948612
14,1473,1487,0.15338269133174345
13,1484,1497,0.15339788663050036
13,1491,1504,0.15341434721692798
14,1499,1513,0.1534298385665343
14,1511,1525,0.15344124578315707
13,1500,1513,0.15345208192919135
14,1511,1525,0.1534645313454981
15,1499,1514,0.15347409113106925
14,1492,1506,0.15347990452427157
15,1491,1506,0.15348871234342498
16,1504,1520,0.15349278716973289
16,1492,1508,0.1534936080031449
16,1501,1517,0.15349473221436327
16,1501,1517,0.15349610707682795
16,1494,1510,0.15349768638917857
17,1501,1518,0.1534994297575481
18,1506,1524,0.15349878752144352
17,1497,1514,0.15349541783440832
18,1493,1511,0.15349474640587618
18,1508,1526,0.15349112440730286
18,1503,1521,0.15348807778046705
17,1512,1529,0.1534845922948311
17,1516,1533,0.15348384148670108
16,1512,1528,0.15348348149642607
16,1505,1521,0.15348558938115536
16,1509,1525,0.15348785078966729
16,1511,1527,0.15349022899113948
17,1500,1517,0.15349269214517441
17,1495,1512,0.15349271442315934
18,1501,1519,0.15349216344814393
17,1503,1520,0.1534883697578831
17,1507,1524,0.15348672678416272
17,1514,1531,0.15348559369427422
17,1520,1537,0.15348488459883966
18,1515,1533,0.15348455210445056
18,1505,1523,0.15348131158530304
19,1497,1516,0.1534786425565563
19,1500,1519,0.15347386848110342
19,1496,1515,0.15346973460467314
19,1491,1510,0.15346616819109177
19,1470,1489,0.15346263528762563
19,1478,1497,0.15345962044705272
19,1480,1499,0.15345706276398974
20,1485,1505,0.15345490788372715
20,1487,1507,0.15345019425535544
20,1499,1519,0.1534460409922777
20,1504,1524,0.1534423875537927
18,1510,1528,0.15343917963694179
16,1502,1518,0.15343989627171636
16,1510,1526,0.15344559257040472
16,1503,1519,0.15345113177716668
16,1505,1521,0.15345650486806886
15,1508,1523,0.1534617051831042
16,1504,1520,0.15346889103878242
16,1503,1519,0.15347296732178098
16,1500,1516,0.1534769700755084
16,1491,1507,0.15348088672240884
17,1499,1516,0.15348470711057097
18,1500,1518,0.1534851452304078
18,1518,1536,0.15348148725088773
18,1509,1527,0.15347845880937036
18,1499,1517,0.15347598227807258
17,1484,1501,0.1534739885493957
17,1495,1512,0.1534745852210213
16,1489,1505,0.15347541716188523
15,1482,1497,0.15347860921365247
15,1473,1488,0.15348402307459713
15,1488,1503,0.15348930575657527
15,1486,1501,0.15349444600817347
17,1487,1504,0.15349943512500375
17,1489,1506,0.1534977289254468
16,1487,1503,0.153496471295277
16,1497,1513,0.15349866681334134
16,1505,1521,0.15350092314372557
17,1505,1522,0.1535032177049488
18,1508,1526,0.15350225277396012
18,1501,1519,0.1534983790263852
18,1499,1517,0.15349506940519542
17,1500,1517,0.15349225790431917
17,1497,1514,0.15349107721998495
16,1518,1534,0.1534903063457269
16,1515,1531,0.15349268116699408
16,1506,1522,0.15349512643671262
16,1514,1530,0.15349758493561302
16,1507,1523,0.15350007260155824
17,1516,1533,0.15350186810793687
17,1514,1531,0.15350116148612789
16,1506,1522,0.15350073375302248
15,1519,1534,0.15350270705812982
16,1502,1518,0.15350692361251028
17,1490,1507,0.15350792825864343
17,1497,1514,0.153505866926722
17,1493,1510,0.1535042642738056
18,1484,1502,0.1535028697064843
17,1487,1504,0.15349859499549762
16,1496,1512,0.15349710748807804
17,1481,1498,0.1534982028134449
19,1483,1502,0.15349627035347793
19,1479,1498,0.15348834764726071
18,1485,1503,0.1534814564253078
16,1506,1522,0.15347764635153247
17,1502,1519,0.1534788830530232
16,1501,1517,0.15347821845768778
16,1493,1509,0.15348013646949446
16,1492,1508,0.15348227091028105
15,1491,1506,0.15348457626648168
16,1491,1507,0.15348917464604311
16,1493,1509,0.1534904599209107
16,1492,1508,0.15349199584731263
16,1500,1516,0.1534917127365207
16,1496,1512,0.15349082310191947
17,1505,1522,0.15349050781663057
17,1504,1521,0.1534874127664832
18,1488,1506,0.15348503699195304
18,1500,1518,0.1534800242925567
17,1503,1520,0.15347585624741428
17,1505,1522,0.15347513652669892
19,1505,1524,0.15347484924402777
19,1505,1524,0.1534680030965434
20,1494,1514,0.15346213983028556
20,1499,1519,0.15345387177765712
20,1502,1522,0.15344667559767233
20,1504,1524,0.15343941862599447
19,1499,1518,0.1534320516847093
18,1497,1515,0.1534279637482189
18,1506,1524,0.15342684158885433
18,1499,1517,0.15342628754191606
19,1503,1522,0.15342621873474768
20,1492,1512,0.15342397602503927
20,1509,1529,0.1534189973162335
21,1511,1532,0.15341479777734768
20,1510,1530,0.15340802339513082
21,1512,1533,0.15340458386782876
21,1501,1522,0.15339851724530537
19,1505,1524,0.15339330924975111
19,1490,1509,0.15339347343655962
15,1499,1514,0.15339400148005009
14,1516,1530,0.15340408816398196
14,1512,1526,0.1534159796369208
15,1511,1526,0.15342737120589897
15,1510,1525,0.15343512771392198
15,1496,1511,0.1534417788521805
15,1498,1513,0.15344841941583356
14,1492,1506,0.15345495580982602
13,1500,1513,0.15346362176943032
12,1502,1514,0.15347487965281123
12,1508,1520,0.15348798800378244
12,1512,1524,0.15350040639244503
12,1518,1530,0.15351141779539282
12,1511,1523,0.15352191818261837
12,1513,1525,0.1535319232207246
12,1501,1513,0.15354144911858927
13,1501,1514,0.15355051244947762
13,1501,1514,0.15355588085949953
13,1505,1518,0.15356112410547954
13,1509,1522,0.153566230338284
13,1519,1532,0.1535711903086517
12,1510,1522,0.15357599702773717
12,1500,1512,0.15358282973767007
11,1504,1515,0.15358936570220955
11,1501,1512,0.1535977780584599
12,1495,1507,0.15360577614186158
12,1502,1514,0.15361011280981837
11,1511,1522,0.15361437124305086
11,1503,1514,0.15362071931533225
10,1520,1530,0.1536268321528303
10,1516,1526,0.15363481646826693
10,1509,1519,0.15364244284529519
10,1506,1516,0.15364871804225533
10,1505,1515,0.1536548129973781
11,1512,1523,0.15366071911817375
10,1511,1521,0.1536637567357195
9,1511,1520,0.15366896805344937
10,1511,1521,0.15367656100527907
11,1504,1515,0.15368055672703185
12,1510,1522,0.15368136592934242
12,1510,1522,0.15367917508568865
12,1517,1529,0.15367749223945734
12,1517,1529,0.15367625030894844
11,1506,1517,0.15367538978381506
13,1495,1508,0.15367701082087717
13,1498,1511,0.15367328701230437
12,1505,1517,0.1536701286242282
12,1511,1523,0.15366969435427927
11,1506,1517,0.1536695570002682
11,1509,1520,0.15367218818949482
11,1511,1522,0.1536748455910352
11,1498,1509,0.15367670642515552
12,1494,1506,0.15367868436596127
12,1508,1520,0.15367806035253792
12,1499,1511,0.15367771310548733
11,1528,1539,0.1536776026535256
11,1518,1529,0.15367991244794826
11,1514,1525,0.15368225221554707
10,1507,1517,0.1536846035017651
10,1505,1515,0.1536891193828679
9,1507,1516,0.1536934849484639
9,1498,1507,0.15369998013534505
10,1478,1488,0.1537061700473525
10,1486,1496,0.1537088104079389
11,1484,1495,0.15371146961974483
11,1485,1496,0.15371160250520038
11,1498,1509,0.15371190897572887
10,1503,1513,0.15371236085974416
10,1505,1515,0.1537150845504032
10,1526,1536,0.15371777680015927
9,1524,1533,0.153720426481625
10,1512,1522,0.15372520597821399
9,1520,1529,0.15372689213774615
9,1515,1524,0.15373086119174534
8,1515,1523,0.15373472634771568
8,1522,1530,0.1537406452382986
7,1511,1518,0.15374631664131702
7,1506,1513,0.15375416206393389
7,1512,1519,0.15376159728555114
7,1496,1503,0.15376864069538715
7,1499,1506,0.15377531020377613
7,1500,1507,0.1537816232091258
6,1505,1511,0.15378759657291596
5,1502,1507,0.1537954062147438
5,1515,1520,0.1538049435270886
5,1505,1510,0.1538139349576856
5,1509,1514,0.1538224104145524
5,1515,1520,0.15383039830446413
6,1513,1519,0.15383792559356185
6,1524,1530,0.15384174386695204
6,1524,1530,0.1538454573308213
6,1503,1509,0.15384906002766324
6,1495,1501,0.15385254755646274
6,1502,1508,0.1538559168623615
6,1515,1521,0.15385916605032202
6,1506,1512,0.15386229422024436
6,1516,1522,0.15386530132125117
6,1511,1517,0.15386818802308863
7,1501,1508,0.15387095560280353
7,1505,1512,0.15387033431902683
7,1506,1513,0.1538699039095216
8,1509,1517,0.15386963800959624
9,1493,1502,0.1538663632355349
9,1514,1523,0.15386022289455378
9,1510,1519,0.15385475132405085
9,1505,1514,0.153849879652624
9,1507,1516,0.1538455458906979
9,1500,1509,0.15384169425470495
9,1510,1519,0.1538382745569492
9,1509,1518,0.15383524165481005
9,1495,1504,0.15383255495355214
9,1503,1512,0.15383017795756038
9,1517,1526,0.15382807786531644
9,1523,1532,0.15382622520388592
9,1516,1525,0.15382459349909067
8,1521,1529,0.15382315897791077
8,1523,1531,0.15382413418050295
7,1519,1526,0.15382512380150812
7,1522,1529,0.15382851326838204
6,1521,1527,0.15383173349231696
6,1515,1521,0.1538369586198727
6,1498,1504,0.15384189649462918
6,1502,1508,0.1538465615767583
6,1503,1509,0.1538509677412282
6,1505,1511,0.15385512828478728
6,1518,1524,0.15385905593529553
6,1515,1521,0.15386276286299155
7,1515,1522,0.15386626069333642
8,1526,1534,0.1538662890382185
8,1516,1524,0.1538631628746152
8,1517,1525,0.153860441937445
8,1506,1514,0.15385808069712875
8,1519,1527,0.15385603841940523
8,1518,1526,0.15385427867717813
9,1507,1516,0.15385276891110436
8,1510,1518,0.15384819917574385
8,1495,1503,0.15384628857871133
7,1502,1509,0.15384469690471494
8,1511,1519,0.15384556641966432
9,1502,1511,0.15384429585410977
8,1509,1517,0.1538399908020935
8,1520,1528,0.1538383670331892
8,1508,1516,0.15383706685691625
7,1515,1522,0.1538360490205051
7,1510,1517,0.15383744142527134
7,1516,1523,0.1538389146639631
7,1516,1523,0.1538404479773086
7,1510,1517,0.153842023385112
7,1516,1523,0.15384362537206417
7,1514,1521,0.1538441517749857
7,1512,1519,0.1538441413861134
7,1512,1519,0.15384438571578452
7,1523,1530,0.1538448446517995
7,1518,1525,0.1538454829029904
7,1520,1527,0.1538462694759238
7,1519,1526,0.15384717720564411
7,1509,1516,0.15384818233502698
8,1510,1518,0.15384926413784933
8,1504,1512,0.15384713522478066
7,1504,1511,0.15384535486308895
7,1509,1516,0.1538460970588001
7,1493,1500,0.15384696911916493
6,1483,1489,0.15384794624113174
6,1491,1497,0.15385117280746102
6,1501,1507,0.15385433275027025
6,1511,1517,0.1538574175844029
6,1526,1532,0.15386042055147983
7,1516,1523,0.15386333639808206
7,1518,1525,0.15386289014237722
7,1510,1517,0.15386265556300255
6,1517,1523,0.153862601909022
5,1510,1515,0.15386487543581662
5,1508,1513,0.153869569129425
5,1518,1523,0.15387407408110496
5,1498,1503,0.15387839236641437
6,1497,1503,0.15388252684754258
6,1500,1506,0.1538832006236469
5,1509,1514,0.15388400487725837
5,1498,1503,0.15388709565777992
5,1509,1514,0.15389013779536634
5,1520,1525,0.1538931207917531
5,1523,1528,0.15389603608766883
4,1521,1525,0.1538988768191686
4,1503,1507,0.1539038002541947
4,1505,1509,0.15390850880471377
4,1517,1521,0.15391300738345268
4,1519,1523,0.15391730139213175
4,1523,1527,0.15392139661557874
5,1523,1528,0.15392529912964625
5,1508,1513,0.1539257358639073
5,1515,1520,0.15392629925001133
5,1508,1513,0.1539269667773543
5,1504,1509,0.15392771873646371
5,1520,1525,0.15392853791008723
5,1520,1525,0.15392940929647597
4,1501,1505,0.1539303198616082
5,1513,1518,0.1539334844394043
5,1507,1512,0.15393423303262715
5,1494,1499,0.1539350110586932
5,1500,1505,0.15393580948832214
6,1502,1508,0.1539366205410598
6,1501,1507,0.15393425348480708
6,1496,1502,0.15393217845759669
6,1514,1520,0.1539303633689822
7,1515,1522,0.15392877946763556
8,1509,1517,0.15392412197141336
8,1503,1511,0.15391667776183252
7,1500,1507,0.15390997881891036
7,1499,1506,0.15390693729413546
8,1508,1516,0.15390312983344284
8,1511,1519,0.15389653723836108
8,1524,1532,0.1538906801524098
7,1516,1523,0.15388548167529387
7,1507,1514,0.15388333538042856
7,1510,1517,0.15388153784680977
7,1503,1510,0.15388004676129677
7,1506,1513,0.15387882442407624
7,1500,1507,0.15387783727092957
7,1508,1515,0.1538770554436085
7,1516,1523,0.15387645240355113
7,1503,1510,0.15387600458464015
6,1500,1506,0.15387569108112537
6,1499,1505,0.15387794664286583
5,1504,1509,0.1538801245868286
4,1499,1503,0.15388439334595688
4,1490,1494,0.15389061020226846
4,1486,1490,0.1538964928458235
4,1493,1497,0.15390205731552584
4,1500,1504,0.153907319092519
5,1507,1512,0.15391229309348567
5,1518,1523,0.15391372805999406
5,1511,1516,0.15391520865870892
4,1515,1519,0.15391671926341474
4,1516,1520,0.15392051275637594
3,1515,1518,0.1539241640614224
3,1527,1530,0.15392989671105664
3,1530,1533,0.15393534816993867
3,1519,1522,0.15394052908722264
3,1510,1513,0.1539454500835256
3,1505,1508,0.15395012169313588
2,1507,1509,0.15395455431546728
2,1521,1523,0.15396092893297605
2,1519,1521,0.1539669525708079
2,1508,1510,0.15397264300672084
2,1505,1507,0.1539780172839184
2,1507,1509,0.15398309172206034
2,1519,1521,0.15398788193087123
2,1515,1517,0.15399240282587262
2,1516,1518,0.15399666864582198
2,1506,1508,0.15400069297149763
2,1500,1502,0.15400448874551256
2,1504,1506,0.1540080682928855
2,1506,1508,0.1540114433421314
2,1506,1508,0.15401462504666896
2,1514,1516,0.1540176240063695
2,1511,1513,0.15402045028909983
2,1520,1522,0.15402311345213163
2,1512,1514,0.15402562256331198
2,1516,1518,0.15402798622190628
2,1509,1511,0.15403021257903973
2,1510,1512,0.1540323093576787
2,1527,1529,0.1540342838721028
2,1540,1542,0.1540361430468311
2,1526,1528,0.15403789343497304
2,1529,1531,0.15403954123598335
2,1515,1517,0.15404109231280683
3,1518,1521,0.1540425522084044
3,1525,1528,0.1540406619032283
3,1522,1525,0.15403899567767762
3,1513,1516,0.15403752938015688
3,1507,1510,0.15403624134296326
3,1510,1513,0.15403511213331014
3,1506,1509,0.15403412432893757
3,1514,1517,0.1540332623159034
3,1517,1520,0.154032512106383
3,1511,1514,0.15403186117451698
2,1520,1522,0.15403129830853646
3,1514,1517,0.15403297726805584
3,1522,1525,0.15403235931208528
3,1509,1512,0.15403182150735473
3,1510,1513,0.15403135487433195
3,1521,1524,0.15403095137550582
3,1532,1535,0.1540306038199069
3,1527,1530,0.1540303057771187
3,1520,1523,0.15403005149984683
3,1532,1535,0.15402983585420466
2,1516,1518,0.1540296542569558
2,1516,1518,0.15403169345205048
2,1523,1525,0.15403362340785942
2,1522,1524,0.15403544929189003
2,1496,1498,0.1540371761032388
2,1513,1515,0.1540388086685178
2,1521,1523,0.1540403516394275
1,1514,1515,0.1540418094917403
1,1518,1519,0.15404541819319573
2,1506,1508,0.154048808467749
2,1517,1519,0.15404963257218937
2,1518,1520,0.15405042588976597
2,1523,1525,0.15405118839510856
2,1516,1518,0.15405192024985764
2,1522,1524,0.15405262177321674
2,1527,1529,0.15405329341605342
2,1517,1519,0.15405393573816298
2,1513,1515,0.15405454938834784
2,1511,1513,0.15405513508700241
2,1516,1518,0.15405569361092536
2,1524,1526,0.15405622578010963
3,1523,1526,0.15405673244628867
3,1506,1509,0.15405394760381558
3,1515,1518,0.1540514439911937
3,1514,1517,0.15404919364563618
3,1514,1517,0.15404717135865525
4,1499,1503,0.1540453544063425
3,1508,1511,0.15404046144425024
3,1491,1494,0.15403823607402364
3,1499,1502,0.15403630019023873
3,1502,1505,0.1540346211920308
3,1502,1505,0.15403316991822444
3,1514,1517,0.15403192029668006
3,1508,1511,0.15403084902869377
3,1507,1510,0.15402993530498787
3,1512,1515,0.15402916055016688
3,1508,1511,0.15402850819282318
3,1508,1511,0.15402796345875053
3,1522,1525,0.15402751318497568
3,1520,1523,0.15402714565254147
3,1521,1524,0.15402685043617953
3,1519,1522,0.15402661826919312
3,1520,1523,0.1540264409220363
2,1524,1526,0.15402631109322493
2,1536,1538,0.15402838406792882
2,1521,1523,0.15403036130954445
2,1511,1513,0.15403224563247522
1,1504,1505,0.1540340399762784
1,1508,1509,0.15403799132204773
1,1511,1512,0.15404171564668676
1,1515,1516,0.1540452254709328
1,1522,1523,0.15404853267883462
1,1528,1529,0.154051648544347
0,1524,1524,0.15405458375748726
