1368,28,1396,0.13579591879078026
1398,30,1428,0.13294944971930325
1426,32,1458,0.1302779221455353
1443,32,1475,0.12777040998932424
1460,33,1493,0.12544088302626596
1457,34,1491,0.12327734302380992
1440,34,1474,0.12132024583772072
1453,34,1487,0.11958898603712609
1451,34,1485,0.11797984272719524
1466,33,1499,0.11652083708310411
1459,33,1492,0.11515661077440507
1464,33,1497,0.1139328423506317
1457,34,1491,0.11280725250448707
1447,34,1481,0.11180070387969611
1453,34,1487,0.11091065918992267
1453,33,1486,0.11009000618789468
1460,34,1494,0.10934264624324676
1457,34,1491,0.10864827363789203
1460,35,1495,0.10802194039885026
1461,35,1496,0.10744805779196084
1454,33,1487,0.10692554922427172
1464,33,1497,0.10646603377997611
1458,33,1491,0.10602431225476526
1457,35,1492,0.10563571848036751
1462,36,1498,0.10528633860125046
1463,36,1499,0.10495799916852797
1460,35,1495,0.1046543094324857
1462,33,1495,0.10438608288007249
1471,32,1503,0.10413721551206585
1455,34,1489,0.10389053921156446
1468,35,1503,0.1037031186666069
1475,37,1512,0.10350326128853621
1472,41,1513,0.10330579268816172
1461,41,1502,0.10313287754695001
1459,39,1498,0.10300015382045823
1436,39,1475,0.10288365228936464
1441,40,1481,0.10283091283210855
1441,41,1482,0.10277206517107455
1440,40,1480,0.10271875880701568
1435,38,1473,0.10267292351727281
1443,37,1480,0.10264518291608084
1438,39,1477,0.10259979061403604
1443,38,1481,0.1025707653235482
1439,37,1476,0.10253472748101
1439,38,1477,0.10250886548896548
1452,42,1494,0.10248611144463761
1454,42,1496,0.10243632859568214
1454,42,1496,0.10238717105922898
1452,43,1495,0.10234411262093189
1439,45,1484,0.1023098710335615
1441,45,1486,0.10230932486532157
1426,45,1471,0.10230362433486334
1425,48,1473,0.1023318947624817
1436,47,1483,0.10235928404005935
1438,49,1487,0.10236254759295042
1449,47,1496,0.10236339718517329
1454,49,1503,0.10234091730198046
1438,51,1489,0.10230727183474224
1428,50,1478,0.10231271290118787
1442,51,1493,0.10234222102458058
1445,52,1497,0.10233649929175581
1453,51,1504,0.10232460806487467
1466,51,1517,0.1022949596174156
1459,52,1511,0.10223893745575317
1457,51,1508,0.10220350243073413
1460,54,1514,0.10217555619029595
1451,53,1504,0.10214461429490655
1434,54,1488,0.10213485286147059
1430,52,1482,0.10216626802684446
1430,54,1484,0.1022037586243651
1431,54,1485,0.10224019167156871
1417,54,1471,0.10227097418402557
1418,55,1473,0.10233177275411066
1426,56,1482,0.10238758700985472
1432,56,1488,0.10241913195506232
1435,55,1490,0.1024329256404009
1430,57,1487,0.10244064214570851
1426,57,1483,0.1024601477684629
1438,59,1497,0.10248840693038509
1442,56,1498,0.10248688354807582
1452,59,1511,0.10247409000317535
1434,61,1495,0.10244086109852052
1430,63,1493,0.10245130717860011
1417,61,1478,0.10247110337686934
1418,61,1479,0.10251862995550802
1411,63,1474,0.10255962753195626
1412,63,1475,0.10261479535035634
1431,57,1488,0.10266364265264936
1432,58,1490,0.10266453210896959
1427,58,1485,0.102660374218352
1423,57,1480,0.10266916096350968
1422,58,1480,0.10269019663066899
1425,58,1483,0.1027109516609153
1444,60,1504,0.10272115439563007
1433,59,1492,0.1026877346759556
1417,58,1475,0.10268063778455648
1426,57,1483,0.10270985647221735
1434,56,1490,0.10271743922405566
1434,54,1488,0.1027067306627098
1440,54,1494,0.10269435632553428
1444,56,1500,0.10266844203059737
1445,55,1500,0.102635404853415
1454,53,1507,0.10260247374650679
1452,55,1507,0.10255329554644137
1440,60,1500,0.10251096253765564
1441,59,1500,0.10249947182622501
1422,59,1481,0.10248768413234637
1420,60,1480,0.10251947646109542
1425,60,1485,0.1025534318262844
1437,58,1495,0.1025752937807699
1443,58,1501,0.10257013124345889
1430,54,1484,0.10255136597536944
1436,54,1490,0.10256202646413098
1440,54,1494,0.10255699639659036
1434,53,1487,0.10254376200360867
1424,53,1477,0.10254455074504022
1422,53,1475,0.10256393066353345
1425,55,1480,0.10258932456783677
1428,55,1483,0.10260794558712501
1430,55,1485,0.1026195005457755
1445,55,1500,0.10262805323957298
1426,56,1482,0.10259831271844572
1436,54,1490,0.10261174237978295
1442,54,1496,0.10260173428205768
1450,52,1502,0.10258064328277632
1454,50,1504,0.10254201057024014
1461,49,1510,0.10249911941811007
1443,54,1497,0.10244224964194086
1435,54,1489,0.10242871969825788
1421,54,1475,0.10243639680485116
1429,59,1488,0.10247612642256268
1437,59,1496,0.10249546576338933
1438,58,1496,0.10249605760144469
1443,58,1501,0.10249336938994641
1444,56,1500,0.10247900829719032
1444,55,1499,0.1024602030981227
1449,53,1502,0.10244518757081454
1448,55,1503,0.10241753567020703
1434,54,1488,0.10239439560352828
1435,54,1489,0.1024043249499823
1440,55,1495,0.10241111145396226
1448,55,1503,0.10240769742924453
1452,54,1506,0.10238775140669762
1457,55,1512,0.10236184812856958
1448,53,1501,0.10232615864444355
1440,53,1493,0.10231308809746878
1447,52,1499,0.10231807363134159
1453,53,1506,0.10230706382016336
1445,54,1499,0.10228379018411121
1442,53,1495,0.10227931186531829
1437,50,1487,0.10228346545267064
1436,51,1487,0.10229916651427681
1438,49,1487,0.10231469433644837
1447,49,1496,0.10232556958633228
1444,51,1495,0.10231382586671948
1442,50,1492,0.10230886737597626
1460,52,1512,0.10230839495573836
1454,53,1507,0.1022660792711045
1446,51,1497,0.10224237070737097
1441,51,1492,0.10223846416588098
1433,50,1483,0.10224472816938239
1439,51,1490,0.10227077556647346
1427,51,1478,0.10228079319330817
1429,55,1484,0.10231879560521161
1434,58,1492,0.1023500681264495
1425,60,1485,0.10236682952617858
1424,61,1485,0.10240160689778051
1427,63,1490,0.10243563723278555
1427,63,1490,0.10246174293439371
1435,65,1500,0.10248534186845389
1446,66,1512,0.10248789796608343
1454,65,1519,0.10246641301431464
1453,69,1522,0.10243148094876654
1447,70,1517,0.10240244241330533
1429,75,1504,0.10238867488850094
1416,72,1488,0.10241791708622085
1417,72,1489,0.10247430808816162
1411,71,1482,0.10252570219267282
1429,70,1499,0.10258757905665623
1432,70,1502,0.10260301324096956
1431,70,1501,0.10260996098189844
1427,70,1497,0.10261783563514491
1433,73,1506,0.10263543576252881
1435,72,1507,0.10264012954806778
1425,74,1499,0.10263789785566119
1426,77,1503,0.10265959768722575
1425,75,1500,0.10267840648170651
1431,76,1507,0.10269833980930848
1409,76,1485,0.10270337630470103
1412,78,1490,0.10275941645729848
1411,76,1487,0.10280397877862409
1417,79,1496,0.10284811847734758
1411,82,1493,0.10287535894824654
1403,81,1484,0.10291353405027948
1403,80,1483,0.10296663861459501
1415,78,1493,0.10301397008749298
1429,75,1504,0.10303043949257003
1443,81,1524,0.10301394042539272
1439,80,1519,0.10296841446291033
1445,79,1524,0.10293472403208127
1437,81,1518,0.10289170159425709
1440,85,1525,0.10287123454382037
1436,83,1519,0.10284600986851868
1426,83,1509,0.10283264692863234
1427,86,1513,0.10284360499807953
1406,90,1496,0.10285333333724563
1411,91,1502,0.10290949875789743
1407,91,1498,0.10295076284479922
1403,91,1494,0.10300083807849347
1410,92,1502,0.10305512903405357
1404,91,1495,0.10309076646952545
1409,86,1495,0.10313809479896642
1403,89,1492,0.1031691142408771
1406,88,1494,0.1032097389686125
1410,90,1500,0.10324101586234757
1407,89,1496,0.10325840898975057
1419,87,1506,0.10328131247983814
1421,93,1514,0.1032736059255472
1414,91,1505,0.10326374120343366
1407,92,1499,0.10327163897635455
1417,88,1505,0.10329242762968135
1410,89,1499,0.1032877313806841
1397,87,1484,0.10329945546006301
1403,86,1489,0.1033408944715429
1405,88,1493,0.10336511091396612
1395,86,1481,0.1033834777684624
1385,86,1471,0.10341957280588916
1394,83,1477,0.10347813212596071
1402,85,1487,0.10350849033388944
1404,84,1488,0.10351833245125917
1406,86,1492,0.10352282290755334
1396,89,1485,0.1035191666170623
1406,87,1493,0.10353848458555692
1407,86,1493,0.10353427284079383
1398,87,1485,0.10352964311816676
1402,90,1492,0.10354861869594054
1431,89,1520,0.10355603203366862
1431,88,1519,0.10349822051026486
1421,92,1513,0.10344618277065397
1403,93,1496,0.10342138930867929
1401,94,1495,0.10344019065134706
1408,98,1506,0.10346347647600343
1408,99,1507,0.10346803190472674
1392,97,1489,0.10347448167453846
1390,99,1489,0.1035171892230747
1385,100,1485,0.10356062002129636
1394,98,1492,0.10360659244040572
1402,94,1496,0.10363246759442632
1410,96,1506,0.10364041148045391
1398,93,1491,0.10362933183823216
1399,94,1493,0.10364613686858234
1397,97,1494,0.1036587464836742
1403,99,1502,0.10367570858397446
1396,98,1494,0.10367847957159128
1394,96,1490,0.10369613882418875
1393,96,1489,0.10371685727170447
1391,98,1489,0.10373999059874393
1385,97,1482,0.10376691909250958
1383,101,1484,0.10380448394352505
1381,102,1483,0.10384182011645195
1394,102,1496,0.10388214898335352
1393,99,1492,0.10388833879752787
1398,100,1498,0.10389610643073635
1403,100,1503,0.10389236529146384
1394,101,1495,0.1038786730522094
1387,104,1491,0.10388597765218709
1380,107,1487,0.10390938428170193
1379,108,1487,0.10394553835524302
1372,107,1479,0.10398272798107751
1384,108,1492,0.1040344788320896
1380,111,1491,0.10405621563183519
1376,112,1488,0.10408796041007651
1388,113,1501,0.10412572599116982
1389,113,1502,0.10413333127958556
1387,113,1500,0.10413795230530301
1395,110,1505,0.10414768609650832
1391,111,1502,0.10413974521307257
1385,111,1496,0.10414053300861328
1394,114,1508,0.10415327284536041
1378,116,1494,0.1041454538715071
1372,113,1485,0.10417023624384307
1381,112,1493,0.10420601430940696
1390,111,1501,0.1042196729237169
1400,111,1511,0.10421400059008869
1404,109,1513,0.1041837732212042
1395,109,1504,0.10414855919028682
1392,109,1501,0.10413511077031647
1381,114,1495,0.1041310166078495
1370,112,1482,0.10415278545893307
1374,110,1484,0.10419849700631194
1387,112,1499,0.1042327466643856
1385,109,1494,0.10423585409550584
1373,108,1481,0.10423994406038758
1363,108,1471,0.10426982610424637
1365,107,1472,0.10432166632773632
1357,104,1461,0.10436137248692391
1362,106,1468,0.10441712147388692
1354,109,1463,0.10445835566190392
1359,113,1472,0.10451328704882426
1369,110,1479,0.10455285467678228
1367,110,1477,0.10456774609885124
1385,113,1498,0.10458664008379381
1398,115,1513,0.10456279731588554
1400,118,1518,0.10450898351999076
1393,115,1508,0.10445627917975334
1391,118,1509,0.10442546277450841
1374,118,1492,0.10440103459630545
1364,118,1482,0.10441860751362851
1361,120,1481,0.10446042798752321
1366,118,1484,0.10450702259557758
1373,117,1490,0.1045362835796577
1395,123,1518,0.10454751741850207
1370,119,1489,0.10450637822440942
1365,121,1486,0.10452316924349432
1369,125,1494,0.10455375633332555
1382,122,1504,0.10457331113264584
1371,122,1493,0.10456087433690937
1387,119,1506,0.10457546373519389
1375,121,1496,0.10455026043914945
1371,120,1491,0.10455651281596477
1374,118,1492,0.10457108256831761
1369,120,1489,0.10457821291090234
1373,124,1497,0.10459327763670256
1372,122,1494,0.1045994573779772
1383,123,1506,0.10460776113634936
1374,125,1499,0.10459182899268198
1384,127,1511,0.10459803941395796
1380,125,1505,0.10458244040526249
1377,126,1503,0.10457589950775814
1365,127,1492,0.10457600655632021
1367,127,1494,0.10460256956014936
1373,125,1498,0.10462363519538773
1372,123,1495,0.10462999975238453
1385,122,1507,0.10463842430213681
1383,124,1507,0.10461821184722357
1372,124,1496,0.10460357684872675
1368,124,1492,0.10461390516207329
1370,126,1496,0.10463239532910024
1377,129,1506,0.10464687412337381
1369,123,1492,0.1046463704928121
1381,126,1507,0.10466433891293296
1373,127,1500,0.10465313599452443
1364,128,1492,0.10466056109090723
1363,134,1497,0.10468932743701423
1354,133,1487,0.1047184413003481
1345,131,1476,0.10476460002825981
1352,136,1488,0.10482775105572575
1347,133,1480,0.10487162047793784
1360,131,1491,0.10492432562240026
1346,136,1482,0.1049420372357269
1343,138,1481,0.10499011866691225
1347,140,1487,0.10504153792718889
1351,139,1490,0.10508109049232946
1348,142,1490,0.10511080120687985
1341,143,1484,0.10514555676952923
1347,147,1494,0.10519224364090501
1342,145,1487,0.1052227046904596
1351,145,1496,0.10526192300303744
1355,143,1498,0.1052784960674465
1357,139,1496,0.1052868643356657
1350,144,1494,0.10528732440165232
1357,134,1491,0.10530132355527427
1359,134,1493,0.10529828497559537
1361,138,1499,0.10529057782648372
1357,140,1497,0.10527910812343937
1351,137,1488,0.10527847010307002
1343,141,1484,0.10528921041592809
1347,139,1486,0.10531674334507865
1341,143,1484,0.1053362242322773
1333,142,1475,0.10536761731015457
1342,144,1486,0.10541541529483499
1336,146,1482,0.10544015885749758
1341,147,1488,0.10547578662456089
1355,147,1502,0.10549659849677852
1351,141,1492,0.105483548601789
1351,141,1492,0.10548139396461075
1352,139,1491,0.10547999439137143
1351,141,1492,0.10547551744814669
1347,139,1486,0.105472454279242
1366,141,1507,0.1054801876386416
1363,142,1505,0.10544562606814693
1362,138,1500,0.10541998376313223
1369,138,1507,0.10539580374953228
1351,137,1488,0.10535952882247077
1360,138,1498,0.10536568391691707
1355,139,1494,0.1053519127915831
1348,142,1490,0.10534946312342404
1344,143,1487,0.10536568076366842
1332,142,1474,0.10539112719463266
1341,142,1483,0.10544333507883598
1350,143,1493,0.1054695273011153
1343,147,1490,0.10547239891432163
1343,141,1484,0.10549204242399002
1356,141,1497,0.10551015163941412
1357,144,1501,0.10549488776113541
1359,142,1501,0.10547999031858708
1366,143,1509,0.10546140835157981
1357,148,1505,0.10543008415396976
1355,147,1502,0.10542365544391671
1356,150,1506,0.10541861878876425
1350,151,1501,0.10541257880685925
1345,150,1495,0.10542095145437344
1345,154,1499,0.10544102279895987
1357,152,1509,0.10546234246468217
1356,150,1506,0.10545641913529302
1351,148,1499,0.10545317156340428
1348,144,1492,0.10546317415097275
1338,145,1483,0.10547322784590919
1335,149,1484,0.10550523498833562
1334,150,1484,0.105540780833795
1336,152,1488,0.10557600087266186
1340,153,1493,0.10560566930079394
1336,151,1487,0.1056236126098793
1347,148,1495,0.10564838912400071
1339,152,1491,0.10564679885242295
1348,152,1500,0.10566222721612968
1340,151,1491,0.10565479826598562
1349,153,1502,0.10566675256716497
1333,154,1487,0.10565673738932455
1344,154,1498,0.10568228081056562
1342,154,1496,0.1056816371714842
1341,158,1499,0.10568668329972304
1343,154,1497,0.10569649493424475
1326,156,1482,0.10570132750939078
1328,157,1485,0.10574312787507095
1334,160,1494,0.10577677188181238
1331,157,1488,0.1057973290537804
1324,161,1485,0.10582391838608471
1340,160,1500,0.10585955440118841
1340,166,1506,0.10585702000798598
1341,165,1506,0.10585410000555293
1345,162,1507,0.10585143987997146
1328,165,1493,0.10584027359761912
1330,164,1494,0.10587000192841611
1347,168,1515,0.1058948678288303
1349,168,1517,0.10587892777970852
1338,167,1505,0.10585954741294405
1332,164,1496,0.10586843853058099
1321,163,1484,0.10589027081850318
1323,168,1491,0.10593563633780473
1316,167,1483,0.10597321494873965
1330,171,1501,0.10602658691971467
1327,169,1496,0.10604201660371718
1313,171,1484,0.10606286462455454
1309,173,1482,0.10611497467457907
1317,175,1492,0.10617251538263808
1328,175,1503,0.106206392582013
1319,178,1497,0.10621414932267666
1328,178,1506,0.10624313586938439
1318,182,1500,0.10624854879835516
1319,186,1505,0.1062784371466417
1319,187,1506,0.10630497727088266
1318,185,1503,0.10632982492506761
1317,186,1503,0.10635629732768975
1324,185,1509,0.10638284594731207
1314,187,1501,0.10639367210913435
1314,185,1499,0.10642571346590657
1301,185,1486,0.10645751623823024
1312,189,1501,0.106515765281935
1307,192,1499,0.10654666230968526
1323,192,1515,0.10658515878515587
1328,192,1520,0.10658364069581246
1314,191,1505,0.1065713098123738
1310,195,1505,0.10659212670473721
1306,195,1501,0.10662042286809324
1284,199,1483,0.10665615310890048
1296,194,1490,0.1067396092920746
1304,195,1499,0.10678989565790277
1292,197,1489,0.1068182421302343
1303,203,1506,0.10687392538225172
1300,208,1508,0.10689889627093507
1300,210,1510,0.10692903288060705
1297,209,1506,0.10695788051717242
1284,209,1493,0.10699353745686566
1282,209,1491,0.1070575276050455
1294,208,1502,0.10712298134021132
1295,206,1501,0.1071559047683623
1282,211,1493,0.10718209963992444
1284,212,1496,0.10723456520839501
1277,216,1493,0.10727885458507717
1280,215,1495,0.10733705848955369
1282,217,1499,0.10738700606022294
1266,219,1485,0.10743013781851016
1266,217,1483,0.10750491788730086
1274,220,1494,0.10757561871493072
1274,220,1494,0.1076209329795051
1274,222,1496,0.10766238092839377
1277,221,1498,0.10769897659986528
1283,224,1507,0.10772391882542752
1278,222,1500,0.10773476065063999
1272,226,1498,0.10775659900090882
1275,228,1503,0.10779256117385647
1263,235,1498,0.10781879438364995
1254,240,1494,0.10787254130938961
1244,238,1482,0.10794255738020198
1256,239,1495,0.10803131973285388
1262,240,1502,0.1080860608109193
1259,236,1495,0.10812007528871469
1257,233,1490,0.10815869288413156
1263,234,1497,0.10820027341933831
1257,237,1494,0.10822504597627447
1247,239,1486,0.10826272855873409
1246,235,1481,0.10832072541259118
1244,235,1479,0.10837742735481372
1234,239,1473,0.10843486708222447
1228,242,1470,0.10850899951785876
1245,242,1487,0.1085920802841584
1247,238,1485,0.10862849189809808
1246,237,1483,0.10865870501989815
1259,245,1504,0.1086903510908543
1261,248,1509,0.10868880536664094
1267,237,1504,0.10868651995959686
1256,239,1495,0.10866707697776476
1251,243,1494,0.10867247048448297
1246,247,1493,0.10869161177052337
1246,250,1496,0.10872214529862345
1250,250,1500,0.10875078139595225
1253,253,1506,0.10876844409651808
1240,251,1491,0.10877818469619256
1249,250,1499,0.10881579111351676
1262,249,1511,0.10883227678905012
1257,247,1504,0.10881813080570225
1264,253,1517,0.10881463616322318
1254,252,1506,0.10879694703658735
1252,255,1507,0.10880217220251027
1264,254,1518,0.10881124397131081
1242,259,1501,0.10879078985653728
1249,259,1508,0.10882502992350084
1244,261,1505,0.10884086871831951
1237,258,1495,0.1088689799292159
1232,254,1486,0.10891197106002623
1224,258,1482,0.108964500299398
1228,256,1484,0.10903290070958964
1231,263,1494,0.10908866872241291
1226,268,1494,0.1091350800930874
1212,268,1480,0.1091895924945942
1218,273,1491,0.10927179778876144
1226,271,1497,0.10933320221137603
1231,268,1499,0.10937344625560738
1229,274,1503,0.10939950381078187
1239,277,1516,0.1094294025454078
1227,278,1505,0.1094336542650842
1235,279,1514,0.10946492805842305
1223,280,1503,0.10947935172702959
1219,285,1504,0.10951981909149007
1216,286,1502,0.10956609170416062
1219,286,1505,0.10961398045612
1208,284,1492,0.1096523971886958
1208,282,1490,0.10971378325071057
1202,283,1485,0.10977025319052462
1196,285,1481,0.10983558345659591
1194,284,1478,0.10990930798947074
1193,281,1474,0.1099786627149118
1198,282,1480,0.11004557666625299
1202,283,1485,0.1100944315141617
1206,277,1483,0.11013111465889
1208,276,1484,0.11015503625159852
1204,276,1480,0.11017177508710253
1214,281,1495,0.11019406295448275
1211,284,1495,0.1101920116290843
1219,286,1505,0.11020053677937802
1219,289,1508,0.11018904004641528
1203,284,1487,0.11018230091992282
1214,281,1495,0.11021250774881856
1204,277,1481,0.11021108547380991
1207,273,1480,0.11023524483470308
1212,274,1486,0.11025034256737748
1218,272,1490,0.1102519414364289
1228,282,1510,0.11023866429135953
1214,279,1493,0.11020236784019963
1202,288,1490,0.11020373732731223
1204,284,1488,0.11023170790978924
1210,280,1490,0.11025187604209533
1207,286,1493,0.11025736336184938
1205,290,1495,0.11027192009951836
1217,293,1510,0.11028985361491878
1211,299,1510,0.11028007515579354
1204,297,1501,0.11028596618896266
1207,293,1500,0.11030762935183117
1200,289,1489,0.11032465502589599
1194,290,1484,0.1103581010741075
1203,292,1495,0.11040174374886755
1187,295,1482,0.11042220748823364
1194,301,1495,0.11047934221790413
1193,302,1495,0.11051632401681122
1199,305,1504,0.110553996636262
1194,307,1501,0.11057670815717797
1186,306,1492,0.11061094407170455
1168,293,1461,0.11066144802154841
1167,300,1467,0.11074934847810795
1173,305,1478,0.1108334836324153
1179,304,1483,0.11089761683886828
1198,304,1502,0.11094239878040046
1201,310,1511,0.11093945175793053
1191,307,1498,0.11092967357518241
1191,301,1492,0.11094524344065221
1191,304,1495,0.1109603784473244
1191,307,1498,0.11097558035050707
1183,302,1485,0.11098930151960185
1195,308,1503,0.11102179375470676
1180,311,1491,0.11102236660189994
1174,313,1487,0.1110560371391539
1179,315,1494,0.11110003446180627
1182,313,1495,0.1111296844122834
1185,317,1502,0.11114961920897085
1176,319,1495,0.11116162923134634
1182,323,1505,0.11119455189195446
1172,321,1493,0.1112119833366739
1168,317,1485,0.11125000373902802
1174,322,1496,0.11129377220892138
1166,316,1482,0.11132029147154875
1171,310,1481,0.1113625360872974
1176,311,1487,0.11138878614115696
1175,312,1487,0.11140256778746985
1177,315,1492,0.11141718981762833
1185,310,1495,0.11142947732976854
1188,309,1497,0.11142190838869075
1185,314,1499,0.11140787949888624
1185,318,1503,0.11140142934864743
1183,317,1500,0.11139418368526327
1187,310,1497,0.1113933226932649
1184,312,1496,0.11138261958038358
1183,305,1488,0.11138155935905263
1170,305,1475,0.11137816387112132
1170,316,1486,0.1114056371111874
1164,316,1480,0.11143330717584994
1158,318,1476,0.11147549137482055
1174,316,1490,0.11152906139332174
1178,316,1494,0.11154129992755929
1179,316,1495,0.1115443014504196
1179,316,1495,0.1115462476493747
1183,319,1502,0.11154899517293435
1181,316,1497,0.11154090981624563
1167,319,1486,0.11153858184195252
1179,319,1498,0.11156817867077452
1191,321,1512,0.11156558554324836
1194,313,1507,0.11153768997376261
1194,315,1509,0.11150405488048584
1185,319,1504,0.1114756623410711
1184,320,1504,0.11147017906844252
1183,323,1506,0.11146395789683948
1184,322,1506,0.11146321400400887
1172,318,1490,0.11145673025296297
1172,325,1497,0.11147953515184461
1167,331,1498,0.11150293261729793
1169,337,1506,0.11153218285567995
1168,332,1500,0.11155609123669435
1167,325,1492,0.11158288962311598
1169,328,1497,0.11161157694431498
1172,329,1501,0.11163365123615215
1156,332,1488,0.11164667948642372
1151,342,1493,0.11169568745263822
1147,334,1481,0.11175385880737299
1152,343,1495,0.11181323331346571
1157,341,1498,0.11185960315464293
1157,342,1499,0.11189057812174089
1167,348,1515,0.11191535393138291
1155,343,1498,0.11191863597666413
1151,346,1497,0.11194834292548198
1144,344,1488,0.11198367563231565
1141,343,1484,0.11203006863289698
1140,341,1481,0.11207861219545782
1140,335,1475,0.11212853172872642
1142,337,1479,0.11217309813711314
1133,344,1477,0.11220842931499643
1158,342,1500,0.11226151078779324
1149,350,1499,0.11225199253480328
1156,350,1506,0.11226616609954107
1159,349,1508,0.11226486410090977
1158,353,1511,0.1122572858337081
1160,354,1514,0.11225155738661591
1169,356,1525,0.11224437041300553
1165,358,1523,0.11221927152215726
1152,354,1506,0.11220605425027247
1149,355,1504,0.11222166128998609
1144,355,1499,0.11224054043176449
1137,361,1498,0.11227336787497387
1137,359,1496,0.11232047478725483
1135,360,1495,0.11236560186509688
1138,360,1498,0.11241023326555374
1136,365,1501,0.11244471731452287
1128,366,1494,0.11248241262214169
1129,360,1489,0.11253379749618153
1134,358,1492,0.11257983158053098
1129,365,1494,0.11261264961767577
1126,359,1485,0.11265473293134505
1131,364,1495,0.11270157566445115
1135,369,1504,0.11273611700476371
1128,366,1494,0.11275714837269409
1130,366,1496,0.11279325843067824
1138,373,1511,0.1128237127047615
1125,374,1499,0.11283337450511631
1126,370,1496,0.11287221786524139
1128,371,1499,0.11290434056251351
1130,371,1501,0.11293242089089815
1122,371,1493,0.11295405696289172
1135,364,1499,0.11299138265335816
1136,364,1500,0.1129958213693402
1136,363,1499,0.1129955603203914
1132,371,1503,0.11299597291579641
1125,371,1496,0.11300701017847295
1118,364,1482,0.11303153286235725
1118,365,1483,0.11307186652075472
1121,369,1490,0.11310808742382322
1129,368,1497,0.1131373739259767
1119,374,1493,0.1131475909248921
1120,374,1494,0.11318004410220968
1129,371,1500,0.11320686654891705
1123,373,1496,0.11320981692571742
1133,372,1505,0.11322476818576362
1136,374,1510,0.1132170340215799
1132,378,1510,0.11320507497833962
1126,372,1498,0.11320376826375406
1119,377,1496,0.11321554175268583
1119,384,1503,0.11324522544998068
1115,386,1501,0.11327258784415108
1103,388,1491,0.11330816964552286
1091,397,1488,0.11336877478944832
1099,403,1502,0.11345573286934733
1097,403,1500,0.11351810512385896
1100,405,1505,0.11358120162955494
1103,407,1510,0.1136324396674308
1103,412,1515,0.11367129286152267
1100,411,1511,0.11371053649338907
1085,411,1496,0.11375611608587477
1085,416,1501,0.11383229285443904
1067,418,1485,0.11390633210062147
1070,419,1489,0.11401868578169713
1071,421,1492,0.11411729084385605
1083,417,1500,0.11420699320252499
1095,417,1512,0.11425877839239149
1094,411,1505,0.11427808645361079
1089,413,1502,0.11429872736456179
1103,409,1512,0.11432800764141302
1096,408,1504,0.11432302709188921
1083,409,1492,0.11433458356320703
1108,414,1522,0.11437513158745258
1097,409,1506,0.11435714061835778
1088,415,1503,0.11436363775354287
1081,413,1494,0.11438820009112195
1080,415,1495,0.11442517407418325
1092,407,1499,0.11446512646581972
1092,411,1503,0.114476232059829
1085,411,1496,0.11448777930325918
1090,410,1500,0.11451230142634923
1093,411,1504,0.11452163440243006
1093,417,1510,0.11452137954995141
1082,414,1496,0.1145237324641269
1087,417,1504,0.1145536762355969
1091,419,1510,0.11456920973732064
1088,413,1501,0.11457352405332671
1080,415,1495,0.11458143623390321
1077,413,1490,0.11460631396584646
1079,414,1493,0.1146367821796568
1076,414,1490,0.11466230101027712
1083,421,1504,0.11469444613278838
1087,423,1510,0.11471035685556276
1068,429,1497,0.11471540910226341
1066,440,1506,0.11476526424702087
1071,439,1510,0.1148171922083589
1083,434,1517,0.11485309444445829
1089,432,1521,0.11485717968241595
1085,435,1520,0.11484693835237217
1075,429,1504,0.1148483456398381
1069,431,1500,0.11487133867917847
1071,429,1500,0.11490706645673975
1082,427,1509,0.11493751823517527
1079,422,1501,0.11493844149792537
1081,421,1502,0.11494687734999254
1079,425,1504,0.11494918487794027
1070,431,1501,0.11495298012475176
1071,437,1508,0.11497735866357083
1063,434,1497,0.114996717527868
1060,425,1485,0.11503365515308954
1057,425,1482,0.11507500862560384
1060,436,1496,0.11512119527312777
1060,436,1496,0.11515774132452689
1061,433,1494,0.11519172558915301
1068,436,1504,0.11521917782747636
1078,435,1513,0.11522961273927025
1083,433,1516,0.11521587048084053
1075,433,1508,0.11519608578670804
1063,440,1503,0.11519792934641775
1073,441,1514,0.11522700068656178
1073,442,1515,0.11523306147821318
1067,442,1509,0.11524110067755437
1062,443,1505,0.11526325654466561
1065,445,1510,0.11529457898196593
1049,446,1495,0.11531938108408593
1055,448,1503,0.11537884481445008
1056,451,1507,0.11541929695479469
1053,455,1508,0.11545585897313711
1056,449,1505,0.11549351447661486
1047,448,1495,0.11552407807801632
1040,450,1490,0.11557383514919403
1049,452,1501,0.11563162267309082
1040,452,1492,0.11566592375073355
1039,457,1496,0.11571715173903098
1038,456,1494,0.11576732830542187
1037,460,1497,0.11581680289209954
1032,455,1487,0.11586664734269543
1046,457,1503,0.11592253200477654
1044,458,1502,0.11594406336869917
1040,460,1500,0.11597241986922238
1045,461,1506,0.11600576188597687
1028,456,1484,0.11602213425894442
1034,466,1500,0.11607831977459884
1022,469,1491,0.11611525461935267
1004,471,1475,0.11617887903275788
1003,473,1476,0.11627965053652059
1010,469,1479,0.11637570742730982
1013,467,1480,0.11644715482751061
1016,467,1483,0.11650715804498404
1019,471,1490,0.11655722644867161
1025,474,1499,0.1165954153649541
1021,469,1490,0.11661749434589389
1027,476,1503,0.11664664911402134
1025,479,1504,0.11666078642569783
1024,466,1490,0.11667832025147547
1018,472,1490,0.11669593117266816
1014,479,1493,0.11672327238810158
1010,481,1491,0.11675759786267034
1002,477,1479,0.1167999318611506
1015,479,1494,0.11685758643365206
1012,473,1485,0.11688338633129368
1012,484,1496,0.1169149979792294
1013,487,1500,0.11694364708267631
1006,495,1501,0.11696916977237708
1009,498,1507,0.11701084359167833
1002,489,1491,0.11704439434558278
993,496,1489,0.1170917229112868
991,496,1487,0.11715474088542437
994,501,1495,0.1172191949016901
995,499,1494,0.11727326139641983
1005,501,1506,0.11732318180234792
999,501,1500,0.11734873294211354
1003,504,1507,0.11738599249237597
1004,503,1507,0.11740965048335866
1008,503,1511,0.1174292708937175
1005,510,1515,0.11744139894516557
1004,512,1516,0.11745823263028185
997,511,1508,0.11747800416724137
988,518,1506,0.11751195005469448
983,524,1507,0.11756700172464217
980,528,1508,0.11762910043268895
982,528,1510,0.11769404861409566
979,534,1513,0.11775013078984052
984,532,1516,0.11781126837022232
973,523,1496,0.11785368240046447
976,522,1498,0.11792173691188851
978,520,1498,0.11797742031843232
977,523,1500,0.1180218578641053
982,522,1504,0.11806603286162969
980,529,1509,0.11809720308695021
970,533,1503,0.11813244876952858
963,541,1504,0.11818610919152213
963,542,1505,0.11825198199105243
971,532,1503,0.11831541787090165
968,540,1508,0.11835976672150948
960,541,1501,0.1184052660910357
972,544,1516,0.1184644494142653
964,548,1512,0.11849209562670242
965,546,1511,0.11853515716338599
955,544,1499,0.11857432492934422
952,546,1498,0.11863630895277573
953,548,1501,0.11870089389042154
956,534,1490,0.11875846223892339
961,545,1506,0.1188056042381098
953,548,1501,0.11883877027233389
970,542,1512,0.11888781323564906
963,554,1517,0.11889333309818685
953,546,1499,0.11891246666353933
945,545,1490,0.11895428707150138
948,547,1495,0.11901346779823455
950,547,1497,0.11906029410140936
946,548,1494,0.11909818366033516
944,555,1499,0.11914206147235613
932,563,1495,0.11918945414475285
940,566,1506,0.11926153276270413
946,569,1515,0.11931136910936802
940,566,1506,0.11934694685306009
941,567,1508,0.11939504319552662
937,573,1510,0.11943718725944866
929,567,1496,0.11948663558922482
926,576,1502,0.11954919713859276
930,584,1514,0.11961739394359489
936,587,1523,0.11967166285155105
933,589,1522,0.11971003523518645
930,592,1522,0.1197512771656959
927,577,1504,0.11979902816475255
921,587,1508,0.1198524351563303
915,588,1503,0.1199162750474049
917,581,1498,0.11999138951158059
912,588,1500,0.12005585479004725
911,592,1503,0.12012666243887324
908,586,1494,0.12019521011750438
921,587,1508,0.12026329006727515
908,587,1495,0.12029592618975345
917,593,1510,0.12035583327813111
911,587,1498,0.12039111153216109
915,580,1495,0.1204419726151546
924,575,1499,0.12047700056939739
921,581,1502,0.12048443473389779
917,587,1504,0.12050135691348426
909,590,1499,0.12052463690784196
890,590,1480,0.12056486229372702
892,591,1483,0.1206478782602005
892,597,1489,0.1207242626955642
892,601,1493,0.12079129308843271
893,607,1500,0.1208538940415276
904,611,1515,0.12091298871278604
895,604,1499,0.12093965534158979
893,606,1499,0.12098707820018496
898,604,1502,0.12103468261666314
886,609,1495,0.1210683820249995
884,606,1490,0.12112750270156397
881,607,1488,0.12118767537456307
891,603,1494,0.12124809210547588
888,608,1496,0.12128338007281966
885,605,1490,0.12132427891421745
890,611,1501,0.12137228545564982
885,622,1507,0.12140484845026474
888,624,1512,0.12144687601092002
877,615,1492,0.12147871479731467
874,613,1487,0.12153362495950938
875,613,1488,0.12158876421581115
872,622,1494,0.12163779472332557
879,617,1496,0.12168985909857105
867,627,1494,0.12172302449050149
868,623,1491,0.12178079789920591
859,626,1485,0.12183269239866401
854,633,1487,0.12190483035978034
861,638,1499,0.12198494618433817
860,644,1504,0.12204643361459987
849,654,1503,0.12210603772221816
859,650,1509,0.12218510009220417
855,653,1508,0.12223339055870593
861,643,1504,0.1222888735307953
855,649,1504,0.12232838738822036
860,662,1522,0.12237750168604883
851,663,1514,0.12241608552433572
857,662,1519,0.12247348014181073
851,660,1511,0.12251185149067624
847,660,1507,0.12256378978638896
831,652,1483,0.12262090086151968
837,653,1490,0.12270901359473907
837,654,1491,0.12277964206459378
840,655,1495,0.12284536142468308
837,659,1496,0.12289972658577772
831,670,1501,0.12295597352023162
831,669,1500,0.12302055212495153
836,674,1510,0.12308095794130544
822,671,1493,0.12312556510342927
821,678,1499,0.12319996796864466
824,671,1495,0.12327172439770613
829,675,1504,0.12333021785922288
835,674,1509,0.12337032973004775
827,677,1504,0.12339461741150927
833,673,1506,0.12343647239951086
822,675,1497,0.12345957119843817
822,683,1505,0.12350802960870295
825,685,1510,0.12355155960689328
814,692,1506,0.12358617932757529
816,684,1500,0.12364486369716975
820,681,1501,0.12369674034436358
812,685,1497,0.12373674529380554
808,676,1484,0.12378964368180764
810,680,1490,0.12385104085637519
815,673,1488,0.1239048532387816
819,681,1500,0.12394035896296607
813,688,1501,0.12396303713072218
807,688,1495,0.12399486101160509
816,690,1506,0.12404026703131421
814,691,1505,0.12406173264228348
803,685,1488,0.12408620551029977
805,693,1498,0.12413641314688498
809,694,1503,0.12417700747467096
797,694,1491,0.1242075343319468
796,704,1500,0.12426452163808978
802,701,1503,0.1243209527251882
812,707,1519,0.12435889952798
807,705,1512,0.12436797902794236
812,706,1518,0.12438937446276874
819,693,1512,0.12439503633805829
807,694,1501,0.12438734138314271
804,692,1496,0.1244087697941708
799,706,1505,0.12443689323422369
791,711,1502,0.12447422248074513
779,720,1499,0.12452844601609503
776,720,1496,0.12460658012447193
774,722,1496,0.12468789813978727
768,722,1490,0.12476970294341191
772,728,1500,0.12486052520830018
786,721,1507,0.12493761920662948
791,715,1506,0.12497728540734088
788,716,1504,0.1250018137734943
780,705,1485,0.1250280397902685
789,700,1489,0.1250674003911539
779,709,1488,0.12508270117799156
768,716,1484,0.1251221859049481
763,715,1478,0.12518666051706645
767,725,1492,0.12525849414353796
768,735,1503,0.1253169431906481
774,725,1499,0.12537187688214282
779,717,1496,0.12540689817923248
768,732,1500,0.1254266457678171
773,732,1505,0.12547039445174438
770,730,1500,0.12550002397576024
766,746,1512,0.12553640960491913
754,737,1491,0.12557991366583335
751,741,1492,0.12565126926905237
742,738,1480,0.12572189802864403
746,739,1485,0.12580926509945992
757,738,1495,0.12588202827624362
768,736,1504,0.1259250583769547
753,730,1483,0.12593655557316005
766,735,1501,0.12598242580491043
762,738,1500,0.1259954445715109
769,743,1512,0.1260141520554634
773,746,1519,0.12601534506159834
762,748,1510,0.12601050989354193
760,753,1513,0.1260321896906388
757,745,1502,0.1260541475566555
755,741,1496,0.12608253308409548
760,739,1499,0.12611195521901883
760,742,1502,0.12612919102942263
767,746,1513,0.12614639774045203
765,751,1516,0.126145210310844
767,747,1514,0.12614712658290986
759,749,1508,0.1261398995954398
763,753,1516,0.12615505376085934
756,758,1514,0.12615756129330838
753,762,1515,0.12617981961683333
733,750,1483,0.12620827471205393
745,743,1488,0.12627731903270314
741,747,1488,0.1263132061532317
739,744,1483,0.1263580319813907
757,745,1502,0.12640384657658146
757,750,1507,0.12640530567284317
769,752,1521,0.12640537301747046
766,743,1509,0.12637731306404512
766,744,1510,0.12635943395230317
761,740,1501,0.12634320455068562
771,739,1510,0.12633863188228148
765,733,1498,0.12631040037784685
767,741,1508,0.12629724612310336
770,741,1511,0.1262810154597348
768,745,1513,0.12625570573196584
763,742,1505,0.12623978857150936
769,738,1507,0.1262380962980632
766,739,1505,0.12622520757309566
773,743,1516,0.12621837001342773
766,742,1508,0.12619499716658567
768,744,1512,0.12619132706449343
770,745,1515,0.12618636000100333
762,744,1506,0.12617799547664796
764,739,1503,0.1261891322735399
757,746,1503,0.12619324437637158
756,747,1503,0.12621558988379813
755,745,1500,0.12624008656748154
748,742,1490,0.12626577299331396
755,751,1506,0.12630655909192093
754,761,1515,0.1263282247560907
750,748,1498,0.12634868476991992
749,751,1500,0.12637410713599137
752,746,1498,0.12639871260776375
751,743,1494,0.1264163605073381
754,742,1496,0.12643294122541904
750,748,1498,0.12644266164822413
745,747,1492,0.12646030994910457
755,750,1505,0.12648541865879462
750,755,1505,0.12648343173838275
754,755,1509,0.12649622138415545
746,753,1499,0.12650125027239534
748,753,1501,0.12652879379031678
740,757,1497,0.1265499445776814
741,764,1505,0.12658596724416957
742,753,1495,0.12661828928550142
746,751,1497,0.12664100884640164
753,765,1518,0.12665198913437103
755,766,1521,0.12664825145348776
747,765,1512,0.1266448746606793
745,768,1513,0.1266591434503896
747,770,1517,0.1266766551108248
743,758,1501,0.12668729873235202
745,759,1504,0.1267047455273276
746,757,1503,0.12671603493893238
740,765,1505,0.12672525521289238
748,761,1509,0.12674970929636542
739,757,1496,0.12675322181387472
735,767,1502,0.12677773380881419
722,760,1482,0.12681053149486393
727,775,1502,0.12686792648547526
722,779,1501,0.1269126235806557
722,778,1500,0.12696900798803704
724,781,1505,0.12702078116584256
725,787,1512,0.12706641271455904
728,782,1510,0.12710075804762888
725,785,1510,0.1271287358667521
720,788,1508,0.12715709545613746
716,787,1503,0.12719563430443379
710,791,1501,0.12724193119741897
710,805,1515,0.12729985698336282
715,796,1511,0.12735547800958297
714,786,1500,0.12739985743257484
706,788,1494,0.12744089167129247
709,780,1489,0.12749748780154863
702,789,1491,0.12754184573633925
715,797,1512,0.12759907818274413
713,792,1505,0.12762152633066898
716,794,1510,0.1276500910785429
722,789,1511,0.12766913166327926
726,790,1516,0.12767655646478318
724,785,1509,0.12767181862392238
724,783,1507,0.12767045686528525
723,794,1517,0.1276679888308761
723,797,1520,0.12766479675120262
714,790,1504,0.12766666471257815
715,785,1500,0.12769022595207882
715,792,1507,0.1277121356065701
709,797,1506,0.12773084310215432
715,794,1509,0.12776198960706156
707,797,1504,0.12777680182461654
693,794,1487,0.12780844798452926
691,795,1486,0.12786739054950572
708,805,1513,0.12793000025749623
701,804,1505,0.1279500349268666
705,804,1509,0.12798444315370855
703,806,1509,0.12800841518172557
695,813,1508,0.12803438445806525
698,810,1508,0.128079029100137
703,810,1513,0.1281150253427838
702,809,1511,0.12813503625679962
699,819,1518,0.12815960326566012
701,817,1518,0.1281891025295845
694,814,1508,0.12821337565420302
691,814,1505,0.12825319368038693
690,815,1505,0.12829941937790842
684,824,1508,0.12834344404683795
685,831,1516,0.12839804124501836
682,822,1504,0.12844335278832386
686,815,1501,0.1284967647264797
689,822,1511,0.12853318099613212
684,824,1508,0.12856022549236673
681,821,1502,0.12859659171854929
677,824,1501,0.12863938450259077
680,823,1503,0.1286874602134143
675,823,1498,0.12872834505215602
671,837,1508,0.12877736556595287
663,837,1500,0.12883454014307344
657,836,1493,0.12890495799602394
653,840,1493,0.1289848759607328
658,839,1497,0.12907077681715673
665,833,1498,0.12913816651440604
660,843,1503,0.12918217792655778
658,846,1504,0.12923675227617898
647,849,1496,0.12929198848137072
652,843,1495,0.12937066289743068
644,849,1493,0.1294314429299947
647,844,1491,0.12950598296092075
649,846,1495,0.12956750334603082
654,852,1506,0.12962057640608982
642,850,1492,0.1296608073668191
648,853,1501,0.12972806340670412
644,863,1507,0.1297751762206676
642,858,1500,0.12982957707833367
636,863,1499,0.12988335215165164
631,865,1496,0.1299449975035245
640,864,1504,0.13001318114375376
633,869,1502,0.1300576053321958
629,879,1508,0.13011881221244215
631,881,1512,0.1301851701535351
632,879,1511,0.1302437675241521
624,884,1508,0.1302962491918966
618,870,1488,0.13036409975204916
616,876,1492,0.1304402521423276
618,880,1498,0.13051787405080081
614,886,1500,0.1305836775781906
615,890,1505,0.1306527764835486
615,885,1500,0.1307164739372895
611,880,1491,0.1307772027119469
611,892,1503,0.13084059604985807
610,905,1515,0.13089763859201725
616,905,1521,0.13095465135869955
611,910,1521,0.13099383925915725
617,901,1518,0.13104266535127448
620,906,1526,0.13107671131740373
620,906,1526,0.13109961551958832
618,898,1516,0.13112399493880442
620,892,1512,0.1311523769570128
613,887,1500,0.1311752056130082
610,889,1499,0.13121111982282868
609,905,1514,0.13125198433799007
605,898,1503,0.1312922715113206
603,899,1502,0.13133730342205452
610,900,1510,0.13138287473818652
608,905,1513,0.1314103381623352
602,907,1509,0.13144101691629623
606,895,1501,0.1314842302329655
598,903,1501,0.13151467335822423
591,919,1510,0.1315597221108977
577,914,1491,0.13161967335079364
582,910,1492,0.1317103551039999
582,918,1500,0.13178371808688913
580,922,1502,0.13184945363156486
584,908,1492,0.13191425722176126
577,910,1487,0.13196411571775138
580,911,1491,0.13202643822165885
582,923,1505,0.13208173450000774
586,920,1506,0.13212654771470628
586,915,1501,0.1321583587743275
581,916,1497,0.13218620801982303
581,917,1498,0.13222685209756815
578,932,1510,0.1322662549675525
582,923,1505,0.13230927014857863
583,926,1509,0.132342957884055
582,925,1507,0.13237367225717311
592,930,1522,0.13240163747091283
589,933,1522,0.13240200719756526
594,928,1522,0.13241146879232563
600,924,1524,0.13240859856332074
594,926,1520,0.13239390501389978
589,934,1523,0.13239601078974028
589,934,1523,0.13240834504760465
580,930,1510,0.13241680277500043
571,928,1499,0.13244642757558495
570,940,1510,0.13249767525241712
575,947,1522,0.132548570477125
570,947,1517,0.1325847486855759
555,949,1504,0.13263211866948244
555,955,1510,0.13271201469224614
562,959,1521,0.13278764786547712
560,954,1514,0.1328406587127714
561,950,1511,0.1328962175904656
556,947,1503,0.13294570410546994
554,946,1500,0.13300500280572725
563,954,1517,0.13306362408267255
563,952,1515,0.13309613218869273
566,949,1515,0.1331282955112017
563,948,1511,0.1331505351077521
551,946,1497,0.13317743344733887
548,943,1491,0.13323063778669908
540,948,1488,0.1332865939232833
539,956,1495,0.13335611052432644
537,960,1497,0.13342445527510718
545,963,1508,0.1334902039568652
539,972,1511,0.1335329245848871
536,971,1507,0.13358576445854156
534,964,1498,0.13363793103104266
528,968,1496,0.1336898356803508
532,969,1501,0.13375290152991667
528,970,1498,0.1338054551542183
518,970,1488,0.13386506447188062
522,975,1497,0.13394317493773322
519,975,1494,0.1340078256784255
527,978,1505,0.13407287032909015
523,971,1494,0.13411704324631524
523,974,1497,0.134167380230414
523,982,1505,0.13421448199130817
527,992,1519,0.13425881205521495
527,990,1517,0.13429175351577535
526,985,1511,0.13432367525217231
527,988,1515,0.13435477310119406
531,981,1512,0.13438145508831045
531,972,1503,0.13439870991509573
533,976,1509,0.13441377948345962
533,983,1516,0.1344206540901227
537,983,1520,0.13442558766904764
539,977,1516,0.13442301574348364
543,974,1517,0.13441675977504158
545,982,1527,0.13440323175227184
540,983,1523,0.1343850327393605
535,983,1518,0.1343815511745031
534,982,1516,0.1343911337176917
529,983,1512,0.13440306703969118
530,985,1515,0.1344276913812585
526,983,1509,0.13444960669484232
528,989,1517,0.13447836464166002
538,995,1533,0.1345004827323366
544,981,1525,0.13449595797344693
546,986,1532,0.13447685754172134
545,984,1529,0.13445642277335967
530,989,1519,0.13443967656319677
520,979,1499,0.13445702359336462
518,978,1496,0.13449582381979808
517,987,1504,0.13453647457975287
505,994,1499,0.1345787288323059
511,997,1508,0.13464773823511972
507,1000,1507,0.13469831932645365
513,1000,1513,0.13475481951366092
512,993,1505,0.13479638325406854
510,990,1500,0.13483665291384292
503,999,1502,0.13487857605130352
504,1003,1507,0.13493379602546274
508,1006,1514,0.13498413036919163
504,1015,1519,0.13502059586642196
496,1009,1505,0.1350678245403435
493,1010,1503,0.13513133214093417
496,1019,1515,0.13519440267639726
491,1022,1513,0.13524513295496443
493,1028,1521,0.13530449740865066
497,1019,1516,0.13535353925633603
500,1012,1512,0.13539048380373905
498,1009,1507,0.13541851827732115
495,1015,1510,0.1354482639851137
489,1011,1500,0.13548254086760314
496,1021,1517,0.1355279097732405
500,1018,1518,0.1355518489853104
489,1025,1514,0.1355638209082609
490,1039,1529,0.1356026403016747
480,1035,1515,0.1356354351414032
484,1033,1517,0.1356878969805465
484,1026,1510,0.13572921721674647
481,1028,1509,0.1357684095904159
475,1030,1505,0.13581157723598544
480,1035,1515,0.13586637050136116
489,1032,1521,0.13590456257138617
477,1032,1509,0.13591718263668542
491,1036,1527,0.13595659143691233
486,1037,1523,0.13595926836886282
482,1028,1510,0.13597105459717046
477,1044,1521,0.13599249525655488
474,1041,1515,0.1360267946690996
472,1033,1505,0.13606404996679777
472,1031,1503,0.13610408991010922
477,1020,1497,0.1361425265405305
475,1044,1519,0.13616865557608968
470,1046,1516,0.13619821012364713
467,1042,1509,0.1362384695279879
469,1036,1505,0.1362859428691141
472,1038,1510,0.13632873123076886
472,1038,1510,0.1363610236811557
476,1043,1519,0.13639038252544058
472,1049,1521,0.13640671965524068
465,1045,1510,0.1364320711085825
463,1044,1507,0.1364716221526984
469,1041,1510,0.13651263543963713
471,1036,1507,0.13653656055694718
470,1045,1515,0.1365561904637282
465,1045,1510,0.13657789629672326
460,1035,1495,0.13661046814416386
465,1034,1499,0.1366512801939199
461,1034,1495,0.13667698678162643
466,1039,1505,0.13670810072785486
471,1039,1510,0.13672362642897198
467,1038,1505,0.13672796986516417
465,1035,1500,0.1367399018002563
457,1039,1496,0.13675691160905903
454,1040,1494,0.13679377824966327
450,1046,1496,0.1368374477334841
452,1059,1511,0.13688860409696252
454,1055,1509,0.13693021424603719
460,1052,1512,0.13696434615277597
454,1050,1504,0.13698365088059472
454,1056,1510,0.13701537402798716
453,1072,1525,0.1370441346653398
450,1067,1517,0.1370689268172526
449,1066,1515,0.13710022780106146
447,1071,1518,0.13713332322672017
443,1075,1518,0.13716712964870123
445,1066,1511,0.13720937226267255
439,1066,1505,0.13724290154373592
430,1072,1502,0.13728852912207004
426,1070,1496,0.13735459664285807
430,1068,1498,0.13742764792288362
428,1077,1505,0.1374852814892353
425,1079,1504,0.1375440232116632
431,1074,1505,0.13760852901116352
435,1082,1517,0.13765428486614545
433,1088,1521,0.1376874851905967
428,1086,1514,0.13772375279689755
428,1087,1515,0.1377686960707435
422,1089,1511,0.13781068793897686
421,1083,1504,0.13786536498847415
425,1078,1503,0.13791663436359133
425,1078,1503,0.1379544118357357
428,1075,1503,0.1379894666325071
427,1070,1497,0.13801484987632537
424,1081,1505,0.13803991131214768
423,1087,1510,0.13806958095919858
418,1091,1509,0.13810081420193374
419,1085,1504,0.13814508965115632
424,1086,1510,0.13818492615842456
417,1092,1509,0.13821080068062136
414,1096,1510,0.13825056372538846
411,1088,1499,0.13829567818195643
415,1089,1504,0.13834605612114823
418,1097,1515,0.13838195344972473
421,1079,1500,0.13840619781865493
412,1082,1494,0.13841838116490698
418,1077,1495,0.13845118857270225
418,1087,1505,0.13846712034668965
419,1091,1510,0.1384822138465929
417,1090,1507,0.13849647775214968
414,1097,1511,0.13851466205217638
403,1089,1492,0.13853705355152007
406,1086,1492,0.13858645397367425
400,1083,1483,0.1386232496554576
397,1087,1484,0.13867262985939954
395,1096,1491,0.13872484550848665
386,1107,1493,0.1387777874822562
396,1096,1492,0.13884727427569515
397,1107,1504,0.13889130606717082
395,1104,1499,0.1389281109719925
395,1114,1509,0.13896585817247276
396,1116,1512,0.13900343477709726
399,1117,1516,0.13903849663328244
388,1126,1514,0.13906336337518366
375,1126,1501,0.13911187354908366
381,1123,1504,0.13918879804917547
383,1123,1506,0.13924468803078896
385,1118,1503,0.13929325787575006
382,1116,1498,0.13933550058339997
377,1126,1503,0.13938278312197203
383,1134,1517,0.13944004406406316
382,1135,1517,0.13947881584280877
377,1149,1526,0.139514216107073
375,1145,1520,0.13955746214149137
371,1142,1513,0.1396038664787953
378,1140,1518,0.139655894356531
375,1131,1506,0.13968832432069597
372,1130,1502,0.13972407116894742
369,1138,1507,0.13976541348523594
367,1147,1514,0.13981142694437612
366,1149,1515,0.13986181563631622
369,1140,1509,0.13991151003564423
367,1143,1510,0.13994942550481654
362,1144,1506,0.13999201893082247
364,1155,1519,0.14004534890368858
353,1155,1508,0.1400887481343722
363,1164,1527,0.1401550249710649
366,1163,1529,0.14019286954232715
365,1150,1515,0.14022202849421808
361,1152,1513,0.14025154236311577
357,1142,1499,0.14029043881890513
357,1150,1507,0.14033468111481817
349,1152,1501,0.14037682829334946
347,1154,1501,0.1404355722737959
341,1157,1498,0.1404949353496313
343,1171,1514,0.14056659108807346
345,1170,1515,0.1406297449484607
345,1177,1522,0.1406847156142579
343,1174,1517,0.14073716828467947
336,1173,1509,0.14078775325647597
338,1173,1511,0.14085132301132897
336,1175,1511,0.14090702168263916
329,1182,1511,0.14096436068517437
333,1183,1516,0.14103561380223972
339,1177,1516,0.14109252753118542
340,1182,1522,0.14113097829975169
342,1183,1525,0.14116716589244038
340,1195,1535,0.14119555622920546
341,1198,1539,0.14122760901463327
337,1183,1520,0.14125345115536217
334,1197,1531,0.14128661076622934
335,1194,1529,0.14132581998836632
334,1200,1534,0.1413597627021945
332,1195,1527,0.141395615891124
334,1194,1528,0.14143376156564544
327,1195,1522,0.14146436948199143
321,1187,1508,0.14150639176921836
324,1182,1506,0.14156086291024816
319,1183,1502,0.1416060275186309
320,1190,1510,0.1416603645920613
323,1187,1510,0.14170785986018888
325,1182,1507,0.14174487629764734
325,1173,1498,0.14177458519448197
324,1170,1494,0.14180103965631735
327,1182,1509,0.14182698597020027
323,1191,1514,0.14184571502067492
322,1189,1511,0.14187211943092315
327,1191,1518,0.1419008598232728
327,1196,1523,0.1419122278450676
325,1191,1516,0.1419208102199042
327,1196,1523,0.1419329663129102
323,1189,1512,0.14193928911842843
327,1189,1516,0.14195615944152126
323,1184,1507,0.14196530823027653
326,1180,1506,0.14198263785355456
327,1183,1510,0.14199181509605233
328,1184,1512,0.1419970663279904
328,1183,1511,0.1420017850109012
323,1182,1505,0.14200486733411602
319,1173,1492,0.1420202743577942
324,1182,1506,0.14204523903690228
322,1180,1502,0.14205848761247095
322,1177,1499,0.14207578985234576
325,1186,1511,0.1420913162461618
327,1174,1501,0.14209906413004814
327,1184,1511,0.14209942593358962
328,1185,1513,0.1420995573966478
326,1197,1523,0.14209647716989632
323,1184,1507,0.14209616291589328
328,1178,1506,0.1421045592442667
330,1176,1506,0.14209901172386996
329,1170,1499,0.14209064672373084
327,1175,1502,0.14208398397263455
321,1185,1506,0.14208169950669577
324,1187,1511,0.1420937001043683
321,1185,1506,0.1420997983010858
318,1182,1500,0.1421128859650564
319,1184,1503,0.14213091503145178
317,1183,1500,0.14214490377431868
318,1179,1497,0.14216220960948323
314,1185,1499,0.14217504514265358
314,1188,1502,0.1421953296513105
317,1202,1519,0.14221555364641392
320,1200,1520,0.14222863991836604
320,1195,1515,0.1422360325189555
312,1199,1511,0.14224244240920622
315,1192,1507,0.14226702678091144
314,1195,1509,0.1422806299761289
311,1195,1506,0.14229768389268121
305,1205,1510,0.14231913370422705
306,1212,1518,0.14235499612669783
305,1210,1515,0.14238670161555306
305,1211,1516,0.14241885276433172
305,1206,1511,0.14245142018861634
297,1215,1512,0.14248045825233419
296,1224,1520,0.1425266202620542
296,1219,1515,0.14257221857765798
295,1228,1523,0.14261637099347133
296,1229,1525,0.1426583585832365
296,1219,1515,0.14269442764010373
296,1217,1513,0.14272413835004724
295,1213,1508,0.14275092023441815
295,1209,1504,0.14277553102370463
290,1219,1509,0.14279945164475688
297,1206,1503,0.14283318239926704
296,1204,1500,0.1428473685901842
295,1205,1500,0.14286314365724895
294,1208,1502,0.14288103915708422
295,1213,1508,0.14290260212086361
298,1209,1507,0.14291973444579992
296,1220,1516,0.14292923059762097
298,1225,1523,0.14294333074973076
292,1223,1515,0.14295201277475378
288,1228,1516,0.14297243716980962
287,1230,1517,0.1430029187487326
287,1232,1519,0.14303620032000072
278,1240,1518,0.1430666315438193
279,1240,1519,0.14311799144330078
279,1225,1504,0.1431644661885648
276,1215,1491,0.14320840615332697
271,1236,1507,0.14325448691675938
270,1243,1513,0.14330884168391025
269,1247,1516,0.14336382812644557
267,1241,1508,0.14341630425225962
265,1246,1511,0.14347158640511048
263,1255,1518,0.143529646979398
258,1265,1523,0.14358782484007798
264,1272,1536,0.14365571865989202
263,1273,1536,0.1437048810248996
259,1267,1526,0.14375491846849103
251,1258,1509,0.14381171144295496
249,1262,1511,0.14388286113739976
249,1274,1523,0.1439539704805412
249,1272,1521,0.14401978231510357
246,1266,1512,0.14408164692698525
246,1267,1513,0.1441473085547061
252,1272,1524,0.1442088083924249
251,1275,1526,0.1442513777830099
248,1281,1529,0.14429338365873567
247,1280,1527,0.1443393600371236
247,1279,1526,0.1443853055350729
245,1273,1518,0.1444286189645093
244,1275,1519,0.14447413951289564
242,1275,1517,0.14451930279271127
245,1272,1517,0.14456596404960248
244,1276,1520,0.14460360279594064
243,1272,1515,0.14463968013155118
238,1275,1513,0.14467638340798258
232,1281,1513,0.14472333507458435
240,1282,1522,0.14477918217887756
240,1280,1520,0.14481235199894438
244,1263,1507,0.14484336736078818
245,1251,1496,0.14486278249101558
241,1262,1503,0.1448777860758161
240,1281,1521,0.14490141775934723
237,1267,1504,0.14492739700533216
237,1273,1510,0.1449591398025909
233,1271,1504,0.1449882293280659
230,1277,1507,0.145025818453422
233,1267,1500,0.14506585028427063
228,1266,1494,0.14509483040136006
228,1285,1513,0.14513387840302175
226,1292,1518,0.14517113242422106
229,1285,1514,0.14520977005727442
224,1297,1521,0.1452370698332089
227,1289,1516,0.14527678923874787
229,1286,1515,0.1453076178364541
230,1290,1520,0.14533069446155417
232,1284,1516,0.14534864331776326
230,1283,1513,0.14536115379548545
230,1278,1508,0.14537709862093948
232,1277,1509,0.1453929003867086
233,1280,1513,0.1454028731102323
227,1277,1504,0.14540934084193083
226,1285,1511,0.14543054979303827
226,1284,1510,0.1454512729907125
228,1281,1509,0.14546980711608629
226,1274,1500,0.14548352880924875
226,1275,1501,0.14550225441315648
231,1285,1516,0.14551895710958868
233,1278,1511,0.14552206196855352
232,1275,1507,0.14552049925660934
228,1271,1499,0.14552379769852197
233,1281,1514,0.1455349762448157
232,1282,1514,0.14553496719646042
230,1275,1505,0.1455306040058222
225,1284,1509,0.14553227962572188
228,1283,1511,0.14554463796037362
226,1276,1502,0.14555034048848234
224,1295,1519,0.14556117723600806
230,1291,1521,0.14557819051388043
228,1297,1525,0.14558004196813246
224,1286,1510,0.1455829250303415
220,1292,1512,0.14559632531288003
221,1278,1499,0.14561854282560394
216,1284,1500,0.14563754428598932
221,1285,1506,0.14566716862251916
224,1299,1523,0.14568311045161064
223,1304,1527,0.1456920329112714
220,1307,1527,0.14570353822953008
217,1302,1519,0.14572075709054164
216,1290,1506,0.1457431121949324
212,1290,1502,0.14576626332707637
215,1307,1522,0.14579745307150568
217,1308,1525,0.14581913116824402
223,1317,1540,0.14583364288615183
226,1303,1529,0.14583424543733667
220,1301,1521,0.14582842841603974
219,1296,1515,0.14583809451751387
216,1295,1511,0.1458514935125179
216,1281,1497,0.14587263893531666
220,1286,1506,0.14589260217635286
219,1293,1512,0.145898430285384
217,1281,1498,0.1459082434878539
216,1294,1510,0.1459211020723478
218,1305,1523,0.1459347702562937
222,1309,1531,0.14594120156405704
223,1311,1534,0.14593719529830232
214,1307,1521,0.1459315193984158
212,1301,1513,0.14594863707500363
214,1290,1504,0.14596869919596156
212,1291,1503,0.1459841865204676
212,1287,1499,0.14600352127084462
210,1284,1494,0.1460219711866418
208,1287,1495,0.14604307493445615
207,1296,1503,0.14606794499725748
200,1298,1498,0.14609361411180133
203,1305,1508,0.14613435910978267
207,1310,1517,0.14616522132898388
203,1302,1505,0.14618352996129158
207,1306,1513,0.1462100581419808
208,1319,1527,0.14622538884247896
211,1310,1521,0.14623644621901122
215,1308,1523,0.14624070571047293
214,1311,1525,0.1462343890815271
212,1301,1513,0.146230536873844
216,1303,1519,0.14623205964777966
210,1307,1517,0.14622485125113566
213,1301,1514,0.1462346915293679
210,1309,1519,0.14623773050660083
204,1314,1518,0.14624834703098735
208,1318,1526,0.1462720886149145
210,1306,1516,0.14628364344035197
215,1306,1521,0.14628950343790678
212,1306,1518,0.14628121883515294
208,1312,1520,0.14628200244220338
207,1299,1506,0.14629242050227856
206,1309,1515,0.1463067272560518
203,1305,1508,0.14632291573829495
196,1317,1513,0.14634603790900005
195,1324,1519,0.14638503137426848
195,1328,1523,0.14642442005219816
197,1324,1521,0.14646072450462005
198,1317,1515,0.14648997305922862
195,1338,1533,0.14651434179922063
198,1338,1536,0.14654374762423483
204,1328,1532,0.14656016155709853
200,1331,1531,0.14656451429818312
199,1319,1518,0.1465769974725539
194,1334,1528,0.14659228440227529
190,1336,1526,0.1466180733330915
193,1319,1512,0.14665252791460445
187,1327,1514,0.14667830807241622
189,1328,1517,0.14671538253456048
188,1324,1512,0.1467444725508499
190,1333,1523,0.14677281118001292
190,1320,1510,0.14679524851579667
190,1314,1504,0.14681630416879018
195,1327,1522,0.14683628293051723
195,1327,1522,0.1468442072546166
196,1332,1528,0.14685265431866268
196,1326,1522,0.1468596970560733
196,1326,1522,0.14686598150272226
193,1334,1527,0.14687077573158228
199,1313,1512,0.14688132473774643
198,1313,1511,0.146876308223162
194,1319,1513,0.14687023557095127
202,1318,1520,0.14687527908987838
200,1315,1515,0.14686002578594087
196,1317,1513,0.14685101444454682
197,1316,1513,0.14685417502526218
196,1318,1514,0.14685323834037317
195,1302,1497,0.14685338698794254
199,1299,1498,0.14685530322221452
198,1312,1510,0.14684722148991117
195,1315,1510,0.14684349102584437
197,1316,1513,0.1468480653721683
195,1320,1515,0.14684634173064348
200,1313,1513,0.14684976359410454
199,1313,1512,0.14683831372620954
198,1319,1517,0.14682910207468913
201,1313,1514,0.1468227205893317
200,1318,1518,0.14681066983060126
202,1325,1527,0.1468032315413651
204,1320,1524,0.1467924340754627
205,1326,1531,0.1467783850742268
204,1315,1519,0.14676161457713746
200,1319,1519,0.1467484058920825
197,1320,1517,0.14674627837830306
198,1307,1505,0.14675104785217677
195,1305,1500,0.14675390555190065
194,1294,1488,0.14676537063512662
199,1305,1504,0.14677768621129378
199,1315,1514,0.14677745463451233
195,1330,1525,0.1467784225979646
190,1320,1510,0.14678834089825304
189,1329,1518,0.14680975094528503
193,1335,1528,0.14683227787810066
191,1338,1529,0.14684398188626038
187,1326,1513,0.14686043553893144
192,1330,1522,0.1468832726701116
187,1329,1516,0.14689171752450408
188,1337,1525,0.14691169771668458
185,1344,1529,0.1469297637435886
186,1345,1531,0.1469544317682994
187,1338,1525,0.14697478028857144
184,1328,1512,0.14699026861167686
187,1319,1506,0.14700994672508735
188,1319,1507,0.147021316496411
186,1328,1514,0.14702903490743108
184,1327,1511,0.14704173093408168
182,1328,1510,0.147056646419951
180,1330,1510,0.14707581216642812
183,1323,1506,0.14709840070062957
185,1329,1514,0.14711201831554493
191,1325,1516,0.14711846146824925
189,1327,1516,0.14710974686756537
189,1321,1510,0.1471071312097955
184,1330,1514,0.14710454946382023
181,1333,1514,0.14711377333919257
184,1327,1511,0.14713006202336323
183,1316,1499,0.1471361233311232
189,1322,1511,0.14714521986019513
185,1321,1506,0.14714096760250964
181,1318,1499,0.14714800473940481
184,1328,1512,0.1471651977365439
183,1321,1504,0.14717424783731853
179,1325,1504,0.14718530710665803
182,1332,1514,0.1472059321980253
186,1333,1519,0.14721883091372423
183,1320,1503,0.14722109001072162
183,1324,1507,0.1472280822470166
181,1333,1514,0.14723559289651106
181,1338,1519,0.147247053797548
178,1337,1515,0.14725885000001526
180,1318,1498,0.14727577586712168
183,1322,1505,0.14728659275677336
185,1328,1513,0.14729028728180185
187,1341,1528,0.14728846719062358
188,1337,1525,0.14728084507259226
189,1335,1524,0.1472726651296252
190,1322,1512,0.1472643654962013
184,1332,1516,0.1472547804049713
185,1335,1520,0.14725960697581486
182,1330,1512,0.14726302251956883
181,1340,1521,0.1472729239308444
186,1338,1524,0.14728376228908746
182,1340,1522,0.14728119221509323
181,1336,1517,0.1472870510335569
181,1327,1508,0.14729532305959228
184,1332,1516,0.14730515181051193
180,1331,1511,0.1473072189249481
180,1323,1503,0.14731925206015922
186,1336,1522,0.14733102432853346
183,1332,1515,0.14732358842894974
180,1332,1512,0.14732734737114056
175,1344,1519,0.14733703315165453
175,1342,1517,0.1473582921703563
172,1351,1523,0.14737937596774509
171,1356,1527,0.14740613219202767
173,1361,1534,0.1474337348485587
170,1350,1520,0.14745432852683701
170,1354,1524,0.1474809228565709
169,1360,1529,0.14750691484434644
169,1345,1514,0.14753335480064386
166,1331,1497,0.14755853905041108
166,1330,1496,0.14758866935227644
168,1334,1502,0.14761666833958131
168,1339,1507,0.14763754888778627
166,1334,1500,0.1476572329822802
163,1337,1500,0.14768046481070105
157,1343,1500,0.1477092395532127
155,1349,1504,0.14775019145492113
152,1361,1513,0.14779406204284323
148,1349,1497,0.14783993656893796
149,1364,1513,0.1478928498399885
153,1367,1520,0.14794092588885502
154,1359,1513,0.14797541575455286
157,1374,1531,0.1480051737770665
159,1371,1530,0.1480248346523052
155,1368,1523,0.1480371563266654
159,1373,1532,0.14805897257299747
158,1382,1540,0.14806929786433273
157,1369,1526,0.14808260066483928
157,1367,1524,0.14809850735845365
155,1362,1517,0.14811231341819323
154,1352,1506,0.1481297077982745
154,1346,1500,0.14814901695205154
157,1352,1509,0.14816672207694728
151,1347,1498,0.14817513537189406
152,1353,1505,0.14819711071150218
155,1358,1513,0.1482165098479147
152,1375,1527,0.14822887152490508
153,1373,1526,0.14824792602443143
157,1365,1522,0.14826430167074495
153,1369,1522,0.1482709096060484
152,1365,1517,0.14828686907161567
151,1363,1514,0.14830392237799037
152,1359,1511,0.1483230200274127
147,1369,1516,0.14833922031723057
147,1362,1509,0.14836411642404673
143,1373,1516,0.1483884302129218
144,1380,1524,0.14841941187091998
143,1382,1525,0.14844526038415032
146,1369,1515,0.14847033744075383
148,1369,1517,0.14848631263344791
148,1377,1525,0.14849711671205765
148,1372,1520,0.14850714365132553
147,1369,1516,0.14851733395616118
148,1371,1519,0.1485292773258103
143,1368,1511,0.14853874289831534
146,1365,1511,0.14855856090414274
142,1372,1514,0.148569229578858
136,1376,1512,0.14858759747139663
136,1375,1511,0.14861920477570817
135,1383,1518,0.14864748865481184
138,1403,1541,0.14867794161350675
139,1393,1532,0.14869856507770404
140,1393,1533,0.14871501808714657
136,1388,1524,0.14872793241234683
135,1385,1520,0.14875039123146258
132,1384,1516,0.148773809490945
129,1394,1523,0.1488037756846056
129,1410,1539,0.1488392029269987
130,1408,1538,0.14887335251967548
126,1408,1534,0.14890308541678166
121,1397,1518,0.14893973728505552
122,1388,1510,0.14898704328703996
124,1396,1520,0.14902966313919933
119,1391,1510,0.1490634764479646
121,1406,1527,0.1491062489096642
123,1398,1521,0.14914200572454075
118,1398,1516,0.14916856705369275
124,1391,1515,0.14920342602900552
121,1395,1516,0.14922186957056824
119,1395,1514,0.14924712810565588
123,1399,1522,0.14927743752030395
122,1385,1507,0.14929762530104426
121,1385,1506,0.1493184964614759
122,1386,1508,0.14933998758542275
121,1375,1496,0.14935867437251907
124,1381,1505,0.14937863207192734
119,1392,1511,0.14939016605781458
120,1389,1509,0.14941337031635057
119,1385,1504,0.14943212389239494
116,1396,1512,0.14945249368906371
117,1398,1515,0.14947773161603206
116,1397,1513,0.14949720213116924
117,1396,1513,0.14951727841006046
115,1390,1505,0.14953393044362284
118,1385,1503,0.14955443443794314
118,1401,1519,0.1495660948433009
119,1389,1508,0.14957663144543232
110,1388,1498,0.14958429375697427
109,1391,1500,0.14961400240674336
112,1384,1496,0.14964304204089246
114,1376,1490,0.14966291656180256
112,1384,1496,0.1496762236998379
110,1386,1496,0.1496932776343849
108,1398,1506,0.14971424661560034
111,1408,1519,0.14973800786746286
115,1406,1521,0.14975431233203992
114,1398,1512,0.14975879768955566
112,1402,1514,0.14976547927654138
114,1387,1501,0.1497753581389622
114,1379,1493,0.1497812839226242
114,1390,1504,0.14978755473244657
115,1385,1500,0.14979404529253748
113,1386,1499,0.14979898974460984
113,1378,1491,0.14980923590338097
115,1395,1510,0.14981827847279822
116,1388,1504,0.14982285474138446
118,1393,1511,0.14982336198604235
123,1397,1520,0.14981756223350676
125,1389,1514,0.14980005827834875
124,1395,1519,0.14977949939251406
126,1404,1530,0.1497638385074177
117,1398,1515,0.14974430176615797
117,1401,1518,0.14974718689462796
117,1399,1516,0.14975009366357905
115,1405,1520,0.14975209312779333
113,1398,1511,0.14975910212745563
116,1404,1520,0.1497711329172663
113,1413,1526,0.14977400848854988
116,1422,1538,0.14978459912639316
114,1400,1514,0.1497869377840174
115,1393,1508,0.14979434604750871
114,1394,1508,0.14979727914567312
114,1403,1517,0.14980326480264972
115,1409,1524,0.14980915850272938
113,1396,1509,0.1498126454737628
114,1407,1521,0.14982150758158952
111,1411,1522,0.14982660028314748
113,1409,1522,0.1498386656154254
116,1408,1524,0.1498450669909951
112,1403,1515,0.14984323188946136
115,1406,1521,0.1498525909285398
113,1414,1527,0.14985258021369577
112,1407,1519,0.14985764034054638
109,1411,1520,0.14986422008444872
107,1409,1516,0.1498784881579476
107,1422,1529,0.1498956777802166
109,1425,1534,0.1499126341379208
107,1424,1531,0.14992412256202206
108,1427,1535,0.1499402411368184
107,1426,1533,0.14995278347201502
104,1419,1523,0.14996750080194418
100,1421,1521,0.14998845709953126
98,1407,1505,0.150017992502764
97,1416,1513,0.15004971667374886
98,1420,1518,0.1500823524032224
97,1420,1517,0.15010890213668776
99,1414,1513,0.15013575407971444
96,1407,1503,0.15015731010274877
95,1422,1517,0.15018429281079032
94,1420,1514,0.15021259802893178
95,1419,1514,0.15024004306481498
95,1423,1518,0.1502643574673122
94,1419,1513,0.150286484685074
92,1433,1525,0.1503103016343844
88,1433,1521,0.15033736551554172
86,1433,1519,0.15037147865402276
88,1433,1521,0.15040853407054058
91,1426,1517,0.1504394358766995
91,1424,1515,0.15046134423751215
91,1436,1527,0.15048126428719147
91,1422,1513,0.15049803034086967
90,1427,1517,0.1505130817103303
91,1421,1512,0.1505299489319492
91,1417,1508,0.15054231354594783
91,1412,1503,0.1505546619685873
90,1426,1516,0.15056574457214328
90,1422,1512,0.15057934458615044
86,1421,1507,0.15059232474458795
88,1423,1511,0.1506143990031826
91,1409,1500,0.15063020530160964
87,1420,1507,0.15063776579603336
87,1420,1507,0.15065449339253553
88,1427,1515,0.15067077010101892
87,1428,1515,0.1506845123956528
89,1419,1508,0.15069988864092693
86,1414,1500,0.15070916672509635
90,1407,1497,0.15072433139121102
87,1412,1499,0.15072893490833003
82,1425,1507,0.15074084756277373
83,1427,1510,0.15076278989486785
86,1438,1524,0.15078064947619738
82,1428,1510,0.15079206273604395
83,1431,1514,0.1508121591238271
82,1427,1509,0.15082926736034133
83,1428,1511,0.15084796878719595
82,1431,1513,0.1508628509828824
81,1440,1521,0.15087959604098378
82,1447,1529,0.15089786433790187
82,1451,1533,0.1509131428719513
79,1436,1515,0.1509268511104351
79,1440,1519,0.1509469710062561
77,1443,1520,0.15096280764019132
74,1437,1511,0.15098289308445823
73,1441,1514,0.15100904648424712
74,1430,1504,0.1510368870806866
76,1435,1511,0.1510586916587481
76,1437,1513,0.15107521595239007
70,1441,1511,0.15109037181798107
72,1446,1518,0.1511187470935439
72,1434,1506,0.15114057461304384
70,1445,1515,0.15116121738458793
74,1430,1504,0.1511855075841859
76,1450,1526,0.1511985448965184
76,1459,1535,0.1512066679097071
74,1459,1533,0.15121505952646458
73,1455,1528,0.15122750346570185
73,1445,1518,0.15124093667973348
74,1445,1519,0.1512540140876251
78,1435,1513,0.15126264894263763
75,1430,1505,0.15126122996548555
74,1438,1512,0.15126729179776136
74,1425,1499,0.15127620487426263
74,1425,1499,0.15128462492674533
74,1437,1511,0.15129213277404954
72,1433,1505,0.15129929417772653
73,1428,1501,0.15131001360960528
72,1439,1511,0.15131842379032073
73,1463,1536,0.151329545519824
75,1466,1541,0.15133807063977633
75,1450,1525,0.15133994766687967
74,1453,1527,0.15134233252258888
77,1453,1530,0.15134626371388868
76,1458,1534,0.15134219011281394
77,1460,1537,0.15134019281870537
80,1456,1536,0.15133679012078566
79,1436,1515,0.15132640833351615
80,1442,1522,0.15131962440194524
78,1443,1521,0.15131080166992456
79,1437,1516,0.15130767559597738
80,1444,1524,0.15130219531007982
78,1437,1515,0.151294627379024
79,1445,1524,0.15129203393570068
79,1440,1519,0.15128741441084123
78,1432,1510,0.15128367175967125
82,1434,1516,0.1512830232158319
76,1447,1523,0.1512717179020917
73,1434,1507,0.1512741076588693
71,1429,1500,0.15128406528529734
70,1424,1494,0.1512981906509773
71,1436,1507,0.15131394719641666
75,1432,1507,0.15132647128537693
75,1434,1509,0.1513267467323182
75,1444,1519,0.15132774905435245
76,1439,1515,0.15132817640224858
77,1437,1514,0.15132686258069225
78,1442,1520,0.15132426412993508
78,1435,1513,0.15131930562491752
80,1451,1531,0.1513153973834473
81,1452,1533,0.15130555188698033
79,1447,1526,0.15129483898059695
77,1444,1521,0.15128996648954737
77,1450,1527,0.1512894642545036
76,1454,1530,0.1512895991737528
74,1450,1524,0.15129152188860331
74,1442,1516,0.15129832669562282
73,1458,1531,0.15130540508905146
71,1435,1506,0.15131480055182467
72,1432,1504,0.15132814040182674
68,1444,1512,0.15133891633081378
65,1455,1520,0.15135792621826769
64,1469,1533,0.15138267548209558
66,1462,1528,0.15140853235269172
65,1455,1520,0.15142778548269936
64,1448,1512,0.15144612892688003
66,1450,1516,0.15146606348261446
67,1450,1517,0.15147976981699185
68,1460,1528,0.15149012115818777
68,1446,1514,0.15149775418992398
66,1447,1513,0.15150498932992987
68,1443,1511,0.15151636324116516
66,1436,1502,0.15152211461037896
65,1449,1514,0.15153137422595575
65,1459,1524,0.15154280308918686
64,1457,1521,0.15155488418704485
65,1454,1519,0.15156813974107242
65,1454,1519,0.1515776868585733
69,1459,1528,0.15158675480271214
69,1453,1522,0.15158069017895306
69,1455,1524,0.15157580434710327
69,1453,1522,0.15157133459765634
69,1452,1521,0.15156826174746918
68,1457,1525,0.15156625012959776
68,1455,1523,0.15156746957261352
67,1458,1525,0.15156945771522282
65,1445,1510,0.15157309604971878
62,1443,1505,0.15158204009385395
64,1441,1505,0.1515980620230282
67,1446,1513,0.15160859042352248
66,1447,1513,0.15160909040870724
65,1453,1518,0.15161230219002952
64,1439,1503,0.15161634414992245
66,1448,1514,0.15162319014377107
66,1445,1511,0.15162428346405354
65,1450,1515,0.15162480596176414
65,1453,1518,0.1516286177194128
64,1452,1516,0.1516322385398698
67,1440,1507,0.15163721308361683
66,1443,1509,0.1516346283843426
63,1446,1509,0.15163546834930308
62,1440,1502,0.15164163205991638
61,1446,1507,0.1516503393274199
61,1446,1507,0.15166201451740263
61,1439,1500,0.15167415506842155
61,1451,1512,0.15168624589843535
57,1455,1512,0.15169822358673868
58,1455,1513,0.1517186662591651
60,1456,1516,0.1517351835843338
60,1457,1517,0.15174671908670484
56,1458,1514,0.1517580756565545
58,1453,1511,0.15177800351617132
60,1447,1507,0.15179163093981837
59,1451,1510,0.15179971580642052
57,1449,1506,0.15181004569498033
57,1445,1502,0.1518244788282552
57,1448,1505,0.15183736908915813
59,1443,1502,0.15184891470097747
59,1442,1501,0.15185537616543207
61,1444,1505,0.15186197180265473
62,1445,1507,0.15186361098162976
63,1449,1512,0.15186319452905966
61,1457,1518,0.15185914312359655
62,1455,1517,0.15186027905532776
64,1463,1527,0.1518571125405064
64,1467,1531,0.1518499919295444
64,1472,1536,0.15184368469030293
65,1464,1529,0.15183823049717526
66,1458,1524,0.15183036997092697
67,1460,1527,0.15182047078800376
64,1440,1504,0.15180935827247094
63,1454,1517,0.15180620800652175
63,1454,1517,0.15180605403792272
62,1459,1521,0.15180439719478786
60,1457,1517,0.1518059124987002
63,1469,1532,0.15181227831407584
62,1450,1512,0.15180971988761882
63,1456,1519,0.15180991036547958
64,1446,1510,0.15180755417457836
62,1447,1509,0.15180374937956187
60,1457,1517,0.151805377671289
59,1451,1510,0.15181183276392024
60,1462,1522,0.1518206572568145
63,1455,1518,0.15182621261549856
63,1455,1518,0.15182475451370528
62,1461,1523,0.15182185358303324
63,1457,1520,0.15182198386696294
64,1455,1519,0.15181958727121678
63,1447,1510,0.15181544909222477
64,1448,1512,0.1518144003740939
66,1446,1512,0.1518101793226854
63,1452,1515,0.1517996771086308
61,1460,1521,0.15179730074448272
61,1457,1518,0.15180051379466294
63,1456,1519,0.15180317316606654
65,1466,1531,0.15179992783769392
66,1468,1534,0.1517927939184276
65,1454,1519,0.15178454223155988
64,1456,1520,0.15177923487630568
64,1451,1515,0.15177606558614637
63,1455,1518,0.151774486408809
63,1465,1528,0.15177456347704155
64,1460,1524,0.1517745173704511
66,1450,1516,0.15177200794280338
64,1445,1509,0.15176473412358668
63,1464,1527,0.1517619853136736
62,1460,1522,0.1517624379952337
63,1465,1528,0.15176619964880858
64,1469,1533,0.15176681820732693
62,1463,1525,0.1517657897521401
62,1461,1523,0.15176985839338653
59,1446,1505,0.15177434818470814
62,1451,1513,0.15178597549678507
63,1448,1511,0.15179010619556133
61,1447,1508,0.15179060671465616
63,1468,1531,0.15179614702027122
64,1468,1532,0.15179616849434255
66,1469,1535,0.15179249134565473
66,1462,1528,0.15178344715013295
64,1453,1517,0.15177588443760212
65,1450,1515,0.15177411289854148
62,1444,1506,0.15177002826103853
63,1443,1506,0.15177436365589914
62,1451,1513,0.15177681578438704
62,1456,1518,0.15178184012582846
59,1461,1520,0.15178631953277436
58,1453,1511,0.15179782838858585
59,1454,1513,0.15181059027996546
56,1464,1520,0.15181842350692262
57,1466,1523,0.1518321943350312
57,1464,1521,0.1518419784059659
57,1452,1509,0.15185191044872012
59,1451,1510,0.1518620033615443
59,1440,1499,0.1518673163532933
59,1462,1521,0.1518710645686405
54,1473,1527,0.15187449894149974
52,1457,1509,0.1518900766730381
53,1456,1509,0.15190965991334038
51,1458,1509,0.15192492571794122
51,1461,1512,0.15194410574615955
49,1462,1511,0.1519617560481131
52,1467,1519,0.15198316088484287
53,1461,1514,0.15199660776087806
53,1461,1514,0.15200589326358518
53,1454,1507,0.15201526454189718
51,1452,1503,0.15202440744700907
50,1452,1502,0.1520371195636499
49,1454,1503,0.1520515125491435
51,1461,1512,0.1520677819521804
52,1457,1509,0.15207629450913565
53,1464,1517,0.15208193438480513
51,1467,1518,0.1520852840283785
51,1464,1515,0.152093449183297
50,1457,1507,0.15210122205639529
50,1455,1505,0.15211133427872742
51,1463,1514,0.15211966773573912
51,1465,1516,0.15212537375382554
48,1480,1528,0.15213142157709938
49,1475,1524,0.15214447748929694
49,1470,1519,0.15215478952479297
47,1468,1515,0.15216483252982485
45,1470,1515,0.15217834694898935
48,1478,1526,0.1521958552210278
47,1471,1518,0.15220599372549862
46,1476,1522,0.15221788805487405
45,1478,1523,0.1522316465040741
41,1475,1516,0.1522471302262974
40,1480,1520,0.15226963994749443
40,1488,1528,0.15229346465053142
41,1485,1526,0.15231511762109678
41,1484,1525,0.15233351727429684
43,1481,1524,0.15235023835757783
41,1485,1526,0.1523614207817903
40,1479,1519,0.15237694462374052
39,1477,1516,0.15239407285841694
39,1475,1514,0.15241271396658415
38,1460,1498,0.15243055230802224
39,1468,1507,0.1524497431332329
38,1469,1507,0.15246522231730555
37,1471,1508,0.15248223234470262
39,1485,1524,0.1525006156616193
40,1487,1527,0.15251327441083234
37,1484,1521,0.15252218912604767
36,1482,1518,0.1525379520734384
38,1470,1508,0.15255515971444997
35,1480,1515,0.15256610690687078
36,1484,1520,0.15258340894904565
37,1491,1528,0.152597291393461
36,1477,1513,0.1526082863302565
38,1481,1519,0.15262055332245233
37,1484,1521,0.1526279743259445
33,1485,1518,0.15263736908977282
34,1492,1526,0.15265507702362524
36,1487,1523,0.15266754677723063
35,1484,1519,0.15267441405153295
32,1488,1520,0.1526836690146787
32,1483,1515,0.15269987911586985
33,1485,1518,0.15271541589324764
32,1481,1513,0.15272731706536444
30,1478,1508,0.15274097487926355
32,1486,1518,0.15275837369577464
31,1487,1518,0.15277034071179407
31,1465,1496,0.1527841651478861
30,1465,1495,0.15279739088042776
30,1477,1507,0.15281255783249476
32,1491,1523,0.15282696570242404
31,1485,1516,0.15283416184393886
31,1492,1523,0.15284343322416422
30,1488,1518,0.15285245194086639
29,1496,1525,0.15286268041066692
28,1492,1520,0.1528749427280705
27,1494,1521,0.15288875621798415
29,1488,1517,0.1529041089620199
28,1478,1506,0.1529122246514116
28,1494,1522,0.15292171760884032
29,1487,1516,0.15293108235842126
28,1490,1518,0.15293771484587107
29,1491,1520,0.15294707660304874
29,1492,1521,0.15295315731132025
29,1488,1517,0.15295893499696292
30,1480,1510,0.15296472752920257
28,1480,1508,0.15296762288743287
27,1488,1515,0.1529754368749517
29,1488,1517,0.15298520836806795
28,1489,1517,0.15299016512030733
28,1491,1519,0.15299721677241154
29,1489,1518,0.1530033247654164
30,1484,1514,0.15300639993714749
29,1473,1502,0.1530072890051334
29,1479,1508,0.1530106021049273
29,1481,1510,0.15301451182755405
30,1485,1515,0.15301839666588496
29,1483,1512,0.15301896016844668
28,1483,1511,0.15302192556274571
27,1483,1510,0.1530271044601077
26,1477,1503,0.15303439112811057
26,1486,1512,0.15304246024129195
26,1488,1514,0.1530508397167654
26,1485,1511,0.1530589245919879
26,1474,1500,0.15306671183260348
25,1472,1497,0.15307420061993837
25,1477,1502,0.153083541140966
24,1481,1505,0.15309200619456362
23,1478,1501,0.15310230943280756
22,1478,1500,0.15311426665101138
23,1488,1511,0.15312779902022197
24,1491,1515,0.15313738241831104
23,1496,1519,0.1531442765793475
23,1501,1524,0.1531533425255795
23,1506,1529,0.15316175316964387
23,1509,1532,0.1531698357651744
23,1503,1526,0.15317759248020701
23,1506,1529,0.1531850270665846
23,1497,1520,0.15319214459860145
23,1483,1506,0.15319895124338767
23,1490,1513,0.1532046568573734
22,1497,1519,0.15321018992232946
23,1496,1519,0.1532176974828061
23,1488,1511,0.15322165028269846
23,1474,1497,0.15322559669401653
23,1492,1515,0.15322951452461958
23,1503,1526,0.15323338510203796
22,1487,1509,0.15323719285142196
22,1490,1512,0.15324327180107422
22,1480,1502,0.1532491037053652
22,1485,1507,0.15325417330332367
22,1493,1515,0.15325908511038958
21,1492,1513,0.15326383413192413
20,1483,1503,0.15327095657487194
20,1480,1500,0.15327987097240747
23,1481,1504,0.15328719820857234
22,1467,1489,0.15328620731204493
22,1496,1518,0.1532878725661247
22,1502,1524,0.1532896975766416
22,1497,1519,0.15329055277999243
21,1493,1514,0.15329104856253103
20,1495,1515,0.15329489544055075
19,1501,1520,0.1533008754877912
17,1500,1517,0.15330878068834283
18,1498,1516,0.15332118377138707
18,1503,1521,0.15332972016914606
18,1496,1514,0.15333796237853156
17,1510,1527,0.15334590653764732
17,1510,1527,0.1533556816220116
16,1499,1515,0.15336502846330638
17,1504,1521,0.15337596610739296
17,1507,1524,0.1533841874407818
19,1499,1518,0.1533920492461677
20,1507,1527,0.15339351788417635
21,1494,1515,0.15339191641223274
20,1504,1524,0.15338761656664388
21,1498,1519,0.15338617032300136
21,1501,1522,0.15338195034807905
21,1494,1515,0.1533773289216229
18,1501,1519,0.1533732028812613
19,1490,1509,0.15337745722546278
17,1497,1514,0.15337951309384074
17,1488,1505,0.15338607239384566
17,1480,1497,0.1533925093163121
17,1483,1500,0.15339770357056115
16,1492,1508,0.15340339709757653
18,1494,1512,0.15341016101370086
17,1500,1517,0.1534112709806509
17,1500,1517,0.15341481844987334
17,1506,1523,0.15341853422814594
17,1504,1521,0.15342237095307706
18,1503,1521,0.15342628771673275
17,1494,1511,0.15342733169139347
16,1506,1522,0.15343085240438495
16,1509,1525,0.1534367526737183
16,1515,1531,0.15344254429435789
16,1511,1527,0.15344820963917588
17,1501,1518,0.15345273585615152
17,1507,1524,0.15345506562065536
16,1513,1529,0.15345751268069915
15,1503,1518,0.15346221465366036
15,1494,1509,0.15346905741934802
16,1504,1520,0.15347566521214007
16,1494,1510,0.15347878767342515
15,1484,1499,0.1534819740909428
15,1485,1500,0.15348734109491002
15,1492,1507,0.15349258892415676
16,1502,1518,0.15349770467370571
16,1497,1513,0.15349963970974426
16,1500,1516,0.15350169625339954
15,1503,1518,0.15350384384077492
13,1511,1524,0.1535082088149343
13,1515,1528,0.1535168594476281
14,1515,1529,0.15352513734755757
12,1497,1509,0.1535307650095627
13,1490,1503,0.15354053039807133
12,1498,1510,0.15354759708061436
12,1500,1512,0.15355659754295561
13,1511,1524,0.15356514500103915
13,1503,1516,0.15357031744780164
14,1484,1498,0.15357532774700725
13,1510,1523,0.153576990581099
13,1501,1514,0.15358090829040008
13,1501,1514,0.15358479016232796
13,1512,1525,0.15358861890218367
13,1511,1524,0.153592380131614
14,1496,1510,0.1535960620332772
14,1490,1504,0.15359721078286298
15,1500,1515,0.153598440455884
15,1492,1507,0.15359681227127664
15,1485,1500,0.153595480182497
14,1488,1502,0.1535944072580403
14,1490,1504,0.15359572369665048
13,1492,1505,0.1535971034691725
14,1494,1508,0.15360067573458175
15,1515,1530,0.15360083231873556
15,1511,1526,0.15359796393152933
16,1500,1516,0.15359557288359188
16,1497,1513,0.15359035987894162
15,1495,1510,0.1535858173683482
15,1493,1508,0.15358405994831933
17,1501,1518,0.15358269471818742
17,1498,1515,0.1535761284221825
16,1508,1524,0.15357031460839693
16,1507,1523,0.1535673218448591
16,1496,1512,0.1535648001399436
16,1502,1518,0.153562693103807
15,1497,1512,0.1535609504339405
16,1495,1511,0.15356196630610394
17,1503,1520,0.15356062790108116
16,1499,1515,0.1535559843478803
15,1503,1518,0.15355409287750682
16,1491,1507,0.1535547433170772
16,1498,1514,0.15355324913682625
16,1504,1520,0.15355208566493528
15,1504,1519,0.15355120985257925
16,1498,1514,0.15355275157537032
15,1502,1517,0.15355213787506497
15,1488,1503,0.15355388492817634
15,1492,1507,0.15355567697638675
15,1491,1506,0.1535574967414674
15,1500,1515,0.15355932938897315
15,1481,1496,0.15356116224649966
15,1487,1502,0.15356298455177786
15,1489,1504,0.15356478722758002
15,1504,1519,0.15356656268071098
15,1500,1515,0.15356830462262883
15,1504,1519,0.15357000790948344
15,1496,1511,0.15357166839957914
15,1486,1501,0.15357328282646956
15,1496,1511,0.1535748486860688
15,1479,1494,0.1535763641363261
15,1487,1502,0.1535778279081565
14,1489,1503,0.1535792392264513
15,1492,1507,0.15358276101995375
14,1502,1516,0.15358288239908308
15,1506,1521,0.15358527091564148
15,1499,1514,0.15358541469423426
15,1494,1509,0.15358566159912138
15,1495,1510,0.15358490896271057
15,1507,1522,0.15358439813757868
16,1521,1537,0.1535839745177295
16,1509,1525,0.15358114430896921
16,1510,1526,0.15357868741587177
16,1495,1511,0.15357542781924283
17,1501,1518,0.1535726378666229
16,1500,1516,0.15356798911251476
16,1518,1534,0.15356538581508314
14,1516,1530,0.15356271042784525
14,1503,1517,0.15356577919420783
14,1497,1511,0.1535688306846935
15,1489,1504,0.15357184927481207
15,1498,1513,0.15357241381361572
15,1488,1503,0.15357309425881527
15,1493,1508,0.15357386896796643
15,1493,1508,0.15357471902280526
15,1497,1512,0.15357562792832294
15,1489,1504,0.15357658134309765
14,1488,1502,0.15357756683774434
13,1488,1501,0.15358072888433189
15,1499,1514,0.15358592023553405
15,1503,1518,0.15358635184386002
15,1505,1520,0.1535868365552119
15,1508,1523,0.15358736342888007
14,1502,1516,0.15358792293359738
14,1507,1521,0.15359063171535342
14,1500,1514,0.1535932288875495
13,1495,1508,0.15359571597298408
13,1491,1504,0.15360035718659049
13,1492,1505,0.1536047463499035
12,1491,1503,0.15360889574599015
12,1497,1509,0.15361497128571572
11,1492,1503,0.15362069976570136
14,1493,1507,0.15362825461183544
13,1498,1511,0.1536272865314162
14,1512,1526,0.15362871582927037
14,1512,1526,0.15362798021910548
11,1515,1526,0.15362743846799665
11,1500,1511,0.15363359352732178
12,1498,1510,0.15363882775820514
12,1510,1522,0.15364145745754557
12,1515,1527,0.15364411180643064
13,1507,1520,0.15364677171581545
13,1510,1523,0.15364615380506658
13,1496,1509,0.15364581695144758
13,1496,1509,0.15364572090199066
13,1487,1500,0.15364583005087717
13,1490,1503,0.15364611294824868
13,1500,1513,0.15364654185865625
13,1502,1515,0.15364709236425603
13,1509,1522,0.15364774300833542
14,1507,1521,0.15364847497518244
14,1524,1538,0.15364637919018154
14,1522,1536,0.15364458214846907
14,1512,1526,0.1536430495112191
14,1495,1509,0.15364175055336976
14,1495,1509,0.15364065780002342
13,1506,1519,0.15363974669851638
13,1521,1534,0.15364126541165266
13,1503,1516,0.15364277348547348
13,1499,1512,0.15364426369255996
12,1506,1518,0.1536457299980722
12,1508,1520,0.15364931349794164
12,1507,1519,0.15365273428873227
12,1507,1519,0.1536559968795332
12,1495,1507,0.1536591060244311
12,1489,1501,0.1536620666579306
13,1494,1507,0.15366488383903312
13,1514,1527,0.15366428780817043
13,1511,1524,0.15366386488669856
12,1501,1513,0.15366359140012092
12,1498,1510,0.15366559166662722
12,1496,1508,0.15366757220251226
12,1496,1508,0.15366952435928702
12,1500,1512,0.15367144096120136
13,1503,1516,0.15367331612496196
13,1504,1517,0.1536718892742035
13,1489,1502,0.15367071568491894
13,1502,1515,0.15366976381582417
12,1497,1509,0.1536690056049433
11,1491,1502,0.15367090094372282
10,1499,1509,0.15367557938313173
10,1484,1494,0.1536821417423669
11,1508,1519,0.15368831346900372
11,1498,1509,0.1536918198187202
10,1499,1509,0.1536951323037555
9,1490,1499,0.153700533371226
9,1484,1493,0.15370774739341583
10,1498,1508,0.15371452763172036
10,1506,1516,0.15371844720387978
10,1496,1506,0.15372215963281996
10,1507,1517,0.15372567433908324
10,1514,1524,0.1537290004871356
10,1518,1528,0.1537321469697184
9,1517,1526,0.1537351223962065
10,1512,1522,0.1537400629960505
10,1510,1520,0.15374252194087099
10,1508,1518,0.1537448525400087
10,1509,1519,0.15374706046570774
10,1513,1523,0.1537491512560862
10,1509,1519,0.15375113030268228
9,1504,1513,0.15375300284075968
9,1496,1505,0.15375691525094418
9,1498,1507,0.1537606015070315
9,1494,1503,0.15376407411974427
9,1484,1493,0.15376734496523428
9,1503,1512,0.1537704253111219
7,1508,1515,0.15377332584218267
7,1508,1515,0.15378033170183275
8,1510,1518,0.15378691666234837
8,1513,1521,0.1537901100560023
8,1512,1520,0.1537931954257689
8,1511,1519,0.1537961710663138
8,1518,1526,0.15379903616527216
8,1511,1519,0.15380179067398494
8,1509,1517,0.15380443519319473
7,1508,1515,0.15380697087212108
7,1522,1529,0.1538115347601958
7,1526,1533,0.15381586420561952
8,1517,1525,0.15381984419440944
8,1512,1520,0.1538214127365477
8,1514,1522,0.15382293555664853
8,1522,1530,0.15382441064980493
8,1511,1519,0.15382583659137158
8,1507,1515,0.15382721245794542
8,1510,1518,0.15382853775731425
8,1513,1521,0.15382981236643256
8,1518,1526,0.15383103647657773
8,1512,1520,0.15383221054492627
8,1504,1512,0.15383333525186685
8,1501,1509,0.1538344114634349
8,1506,1514,0.15383544019831813
8,1501,1509,0.15383642259893665
8,1521,1529,0.15383735990615405
8,1516,1524,0.15383825343721974
9,1514,1523,0.1538391045665859
9,1506,1515,0.1538368540359335
7,1510,1517,0.1538348387568221
7,1519,1526,0.15383736047519142
8,1519,1527,0.15383980561854643
9,1516,1525,0.15383985992361088
8,1519,1527,0.1538367500176002
8,1518,1526,0.1538362855366984
8,1518,1526,0.1538359964304366
7,1522,1529,0.15383585796573476
7,1522,1529,0.15383800908745596
7,1523,1530,0.15384013793012946
7,1511,1518,0.15384223529983437
7,1513,1520,0.15384429358078605
6,1507,1513,0.1538463065413075
6,1519,1525,0.15385085280633923
6,1516,1522,0.15385514610676995
6,1512,1518,0.15385919944140564
6,1505,1511,0.15386302525449932
5,1508,1513,0.1538666354464831
5,1509,1514,0.1538721675164571
5,1512,1517,0.1538773772384991
4,1517,1521,0.15388228267921467
4,1512,1516,0.15388902979046548
4,1525,1529,0.15389537715238868
4,1521,1525,0.1539013478594809
5,1531,1536,0.15390696373094476
5,1525,1530,0.15390925959590498
5,1517,1522,0.15391150294780803
5,1504,1509,0.15391368852127962
5,1501,1506,0.1539158121865023
6,1493,1499,0.1539178708019418
7,1497,1504,0.15391723871421975
7,1522,1529,0.1539139795983316
7,1522,1529,0.1539110681684657
7,1521,1528,0.15390846921084908
7,1516,1523,0.15390615097610844
7,1514,1521,0.153904084844286
7,1508,1515,0.1539022450219009
7,1511,1518,0.15390060826801025
6,1516,1522,0.15389915364651416
6,1501,1507,0.15390027552752059
7,1500,1507,0.15390137014460378
7,1511,1518,0.15389992085860382
7,1517,1524,0.1538986295578709
7,1515,1522,0.15389748006266676
7,1516,1523,0.15389645779489375
7,1513,1520,0.15389554962268281
8,1516,1524,0.15389474371987802
9,1501,1510,0.15389077637088666
9,1507,1516,0.15388401830459572
9,1519,1528,0.15387790077638894
9,1521,1530,0.15387236306050622
9,1511,1520,0.15386735018942432
9,1515,1524,0.1538628124077397
9,1497,1506,0.15385870467785462
9,1500,1509,0.1538549862325522
9,1503,1512,0.15385162017001108
8,1502,1510,0.15384857308723418
8,1517,1525,0.15384795526563638
8,1515,1523,0.15384746844067035
7,1513,1520,0.15384709552195455
7,1510,1517,0.15384898805421693
7,1507,1514,0.15385083470298822
8,1498,1506,0.15385263146919093
8,1516,1524,0.15385187832882724
8,1498,1506,0.1538512567908192
8,1502,1510,0.1538507507315791
8,1499,1507,0.15385034577625414
9,1504,1513,0.15385002911972523
8,1511,1519,0.15384651916729988
8,1507,1515,0.15384552875191657
8,1510,1518,0.15384474332737452
8,1520,1528,0.15384413658969126
8,1518,1526,0.15384368515406166
8,1507,1515,0.153843368251706
8,1499,1507,0.15384316745710183
7,1507,1514,0.1538430664426155
7,1508,1515,0.15384527959841635
7,1505,1512,0.15384742087647285
7,1502,1509,0.15384948847471352
7,1498,1505,0.15385148130094556
7,1512,1519,0.15385339887176686
6,1513,1519,0.1538552412231856
6,1495,1501,0.15385915108365425
5,1499,1504,0.15386285737857477
5,1504,1509,0.15386853152307867
5,1512,1517,0.1538738862220637
5,1517,1522,0.15387893828485008
5,1516,1521,0.1538837037591544
5,1517,1522,0.15388819795184616
5,1512,1517,0.15389243545092532
4,1512,1516,0.1538964301484061
3,1500,1503,0.15390245022645932
3,1508,1511,0.15391026926543364
4,1522,1526,0.15391761440463506
4,1516,1520,0.15392147322157024
3,1515,1518,0.15392518384543807
3,1514,1517,0.15393162424222154
3,1505,1508,0.15393767410704373
3,1505,1508,0.15394335704928216
3,1505,1508,0.15394869525794572
3,1515,1518,0.15395370958645813
3,1526,1529,0.15395841963244458
3,1521,1524,0.15396284381281092
3,1524,1527,0.15396699943438644
3,1519,1522,0.15397090276038797
2,1511,1513,0.1539745690729474
2,1508,1510,0.1539801495220131
2,1519,1521,0.15398539166032507
3,1512,1515,0.15399031591395765
3,1512,1515,0.15399260583625857
3,1503,1506,0.15399477533954983
3,1500,1503,0.15399682994338412
3,1502,1505,0.1539987750038797
3,1510,1513,0.15400061570723975
3,1500,1503,0.15400235706522925
3,1504,1507,0.15400400391234192
3,1506,1509,0.15400556090442
2,1495,1497,0.1540070325185159
3,1490,1493,0.15401064247831106
3,1503,1506,0.1540117485586063
3,1503,1506,0.15401280114031152
3,1526,1529,0.15401380216203026
3,1515,1518,0.15401475356984
2,1515,1517,0.15401565730489777
2,1506,1508,0.15401865531698256
2,1510,1512,0.15402148003453062
2,1517,1519,0.15402414108921003
2,1516,1518,0.15402664761637727
2,1518,1520,0.15402900827654592
2,1515,1517,0.15403123127639248
2,1520,1522,0.1540333243892465
2,1522,1524,0.15403529497502316
2,1527,1529,0.1540371499995654
2,1513,1515,0.15403889605337212
2,1514,1516,0.1540405393696954
2,1519,1521,0.15404208584199583
2,1524,1526,0.15404354104075138
2,1520,1522,0.1540449102296183
2,1543,1545,0.15404619838094794
2,1522,1524,0.15404741019066553
2,1497,1499,0.15404855009252055
2,1517,1519,0.15404962227171995
2,1519,1521,0.1540506306779573
2,1518,1520,0.15405157903785383
2,1523,1525,0.15405247086682602
2,1516,1518,0.15405330948039825
2,1503,1505,0.15405409800497658
2,1508,1510,0.15405483938810355
2,1511,1513,0.15405553640821118
2,1509,1511,0.15405619168389115
2,1512,1514,0.1540568076827012
2,1517,1519,0.15405738672952576
2,1518,1520,0.15405793101450935
2,1511,1513,0.15405844260058085
2,1527,1529,0.15405892343058628
2,1514,1516,0.15405937533404768
2,1525,1527,0.15405980003356456
2,1520,1522,0.15406019915087507
2,1511,1513,0.15406057421259187
3,1505,1508,0.15406092665562923
3,1506,1509,0.15405810320363153
2,1506,1508,0.15405554788949138
2,1514,1516,0.15405620508687076
1,1514,1515,0.15405682269558865
0,1518,1518,0.15405955200559787
