1369,28,1397,0.13579592050851752
1391,28,1419,0.13294695804613632
1410,32,1442,0.13029638470006824
1426,30,1456,0.1278336874490409
1448,28,1476,0.12555063088027157
1441,30,1471,0.12341355323453687
1456,35,1491,0.12148665581072603
1453,35,1488,0.11969704065497887
1466,35,1501,0.11807830698245998
1479,35,1514,0.11657226489069611
1476,33,1509,0.11516781885859714
1464,37,1501,0.11389923942286767
1471,36,1507,0.1127757898248112
1460,35,1495,0.11173948309699394
1455,36,1491,0.1108246376237313
1464,36,1500,0.11000695039295022
1458,34,1492,0.10924268974027203
1457,32,1489,0.10856383959927016
1450,32,1482,0.10795102677894107
1455,32,1487,0.10741124978428078
1453,32,1485,0.10690929716648373
1461,32,1493,0.106457632121348
1464,33,1497,0.10602963981959786
1463,34,1497,0.10563096327408378
1457,33,1490,0.10527166317746454
1470,32,1502,0.10495740184809393
1466,32,1498,0.10463980935483307
1476,34,1510,0.10435912469909518
1475,32,1507,0.1040829893831953
1477,29,1506,0.10383532760870282
1482,28,1510,0.10360072468340337
1475,28,1503,0.10337530868283971
1471,28,1499,0.10318545926743287
1465,28,1493,0.10302049362244174
1472,26,1498,0.10288605684532758
1469,25,1494,0.10274795757592034
1474,26,1500,0.10262662548297545
1474,26,1500,0.10250473890277069
1480,26,1506,0.10239205305545757
1476,25,1501,0.10227764281446061
1483,26,1509,0.1021826200710684
1475,26,1501,0.102080240862622
1474,27,1501,0.10200449539574098
1453,28,1481,0.10193812585304887
1458,30,1488,0.10192702213819167
1463,32,1495,0.10190695462069765
1471,32,1503,0.10187610395552867
1459,33,1492,0.10183163485212864
1465,33,1498,0.10181753769027001
1456,31,1487,0.1017919990319051
1459,32,1491,0.10178917123402897
1450,33,1483,0.10178063703450974
1459,34,1493,0.10179197823416913
1459,32,1491,0.10178291671489383
1456,29,1485,0.10177699989397024
1452,29,1481,0.10177706375032752
1464,29,1493,0.10178452509340843
1456,27,1483,0.10176272430597498
1448,27,1475,0.10176081367446883
1462,28,1490,0.10177580924171714
1455,27,1482,0.10176001840268317
1469,26,1495,0.1017616729417476
1475,28,1503,0.10173291022260901
1477,28,1505,0.10169120367609923
1474,26,1500,0.1016481535899724
1468,23,1491,0.10161501731030732
1467,27,1494,0.10159608809449462
1474,28,1502,0.10158342747055676
1478,28,1506,0.10155783137159513
1478,28,1506,0.10152362626087857
1475,28,1503,0.10149320432208374
1473,26,1499,0.101471118329111
1474,29,1503,0.1014567578416449
1471,29,1500,0.10144291542049116
1467,28,1495,0.10143676523305377
1467,29,1496,0.10144093830152581
1460,29,1489,0.10144393777083309
1472,31,1503,0.10146382406217662
1469,31,1500,0.10145397882589609
1462,31,1493,0.10145089784622308
1471,31,1502,0.1014641348819222
1475,32,1507,0.10145553790666144
1472,32,1504,0.10144033388171331
1471,31,1502,0.10143359617214859
1467,32,1499,0.10143043021522163
1465,31,1496,0.10143470592374391
1473,32,1505,0.10144583264759703
1463,34,1497,0.10143822757176467
1453,34,1487,0.1014544236359492
1438,37,1475,0.10149185600365121
1459,36,1495,0.10155982947668458
1455,38,1493,0.10157387306551882
1444,37,1481,0.10159689075169914
1439,36,1475,0.10164170380661712
1434,37,1471,0.10169633233084255
1435,37,1472,0.10175542982289663
1436,35,1471,0.10180826526104127
1444,35,1479,0.10185563014679808
1450,37,1487,0.10188340565898173
1457,38,1495,0.10189337225623848
1458,38,1496,0.10188384764494504
1459,36,1495,0.10187529427063945
1464,40,1504,0.10186084835162797
1471,40,1511,0.1018372190744765
1464,39,1503,0.10180077682437921
1455,40,1495,0.10178375142078025
1459,41,1500,0.10179057643789115
1467,40,1507,0.1017890855588864
1460,39,1499,0.10176789222018652
1459,37,1496,0.10176487678559822
1462,38,1500,0.10176196796843985
1450,38,1488,0.10175429703293049
1456,39,1495,0.10177429486508377
1459,39,1498,0.10177970683035005
1453,37,1490,0.10177916113008063
1462,34,1496,0.10179462966131166
1459,38,1497,0.10178437110994742
1453,40,1493,0.1017837172299582
1457,39,1496,0.10179779173894504
1457,41,1498,0.10180091915910439
1458,41,1499,0.10180351977194178
1457,39,1496,0.10180090160975684
1454,37,1491,0.10179955778303267
1466,36,1502,0.10180661644432337
1462,34,1496,0.10178638173034323
1463,35,1498,0.10177664619188836
1468,33,1501,0.10176434098912132
1468,33,1501,0.10174389026718003
1465,33,1498,0.10172433891617452
1460,32,1492,0.10171222813175163
1465,32,1497,0.10170811053894432
1467,35,1502,0.10169568230602924
1459,35,1494,0.10168006764766858
1460,34,1494,0.10168514583513924
1464,33,1497,0.10168805649153229
1474,33,1507,0.10168106927558039
1475,33,1508,0.10165369039741513
1449,30,1479,0.10162517913529051
1468,30,1498,0.10165606057416325
1462,31,1493,0.1016413438465516
1459,31,1490,0.10164114704166147
1465,31,1496,0.10164734627808468
1458,31,1489,0.10163989887674756
1467,30,1497,0.10164883694367323
1460,32,1492,0.10163848653624453
1471,33,1504,0.10164465848552279
1449,35,1484,0.10162737626738563
1456,35,1491,0.10166076364295096
1456,34,1490,0.1016757130399246
1464,35,1499,0.10168696681569322
1445,35,1480,0.10168055781625825
1453,35,1488,0.10171725396996431
1455,35,1490,0.10173410283169579
1459,35,1494,0.1017463168670735
1464,35,1499,0.1017483936070947
1464,32,1496,0.10173978891298638
1461,32,1493,0.10172956994766999
1455,32,1487,0.10172587717318034
1451,33,1484,0.1017384159177622
1459,32,1491,0.10175671995981116
1452,32,1484,0.10175388693238886
1459,31,1490,0.10176648286722795
1463,30,1493,0.10176332886269378
1471,28,1499,0.10175254461318267
1454,29,1483,0.10172470443066782
1453,26,1479,0.10173637942931749
1467,27,1494,0.10174846997943571
1480,27,1507,0.10172834486918568
1477,27,1504,0.10168070570859186
1471,28,1499,0.10164367141499789
1466,30,1496,0.10162197103468099
1463,33,1496,0.10161265284565016
1450,33,1483,0.10161248662245154
1453,38,1491,0.10164272810260698
1462,40,1502,0.10166360104925896
1467,40,1507,0.10166318678787885
1461,40,1501,0.10165441214898685
1456,38,1494,0.10165883196932335
1457,38,1495,0.10167271155445114
1448,39,1487,0.10168214003847531
1441,38,1479,0.10171146733730259
1436,39,1475,0.10175508731922676
1441,40,1481,0.10180858342475427
1436,41,1477,0.10184605487637906
1439,45,1484,0.10189261216439573
1443,47,1490,0.10192868629241915
1452,46,1498,0.10195359649636637
1441,44,1485,0.10195583403227379
1444,43,1487,0.10198208712828542
1437,43,1480,0.10199821598805205
1435,44,1479,0.10203122823797744
1445,45,1490,0.1020636990251379
1445,47,1492,0.1020704529585565
1436,47,1483,0.1020782909321877
1440,48,1488,0.10210527380088606
1433,47,1480,0.10212168400760831
1440,47,1487,0.10215091442562403
1440,47,1487,0.10216416957453375
1433,50,1483,0.10217764249188671
1438,50,1488,0.10220631095713059
1442,50,1492,0.10222204893998665
1437,52,1489,0.10222860610427624
1439,53,1492,0.102246716208766
1434,51,1485,0.10225917705754319
1428,53,1481,0.10228148959775493
1443,53,1496,0.10231820637818606
1450,52,1502,0.10231834484980216
1438,48,1486,0.10230129783260361
1440,48,1488,0.10231143570534211
1432,49,1481,0.10231875798314896
1440,47,1487,0.10234066447267559
1451,51,1502,0.10234383421858785
1454,53,1507,0.10232077629721648
1455,49,1504,0.10229441533985142
1445,52,1497,0.10226538012916407
1443,50,1493,0.10226157259983136
1447,50,1497,0.10226280999235607
1440,51,1491,0.10225630569233149
1443,52,1495,0.10226396681977819
1441,52,1493,0.10226367919460323
1444,49,1493,0.1022708502630233
1435,49,1484,0.10227149358735378
1434,50,1484,0.10229077970714194
1434,54,1488,0.10231290371606264
1428,54,1482,0.10233134380001667
1437,55,1492,0.10236329407180193
1440,57,1497,0.10237351753114994
1445,57,1502,0.1023760144209204
1435,57,1492,0.1023674542987586
1440,54,1494,0.10238228150338412
1441,52,1493,0.1023855679140757
1443,51,1494,0.10238693782117242
1440,54,1494,0.10238387118362312
1433,56,1489,0.10238521420049346
1438,58,1496,0.10240066682284599
1441,60,1501,0.10240502977763664
1439,61,1500,0.10240211536471086
1437,60,1497,0.10240530379654515
1449,56,1505,0.1024140290852637
1440,60,1500,0.10239410959035564
1430,62,1492,0.10239673670933393
1434,64,1498,0.10242236071968114
1452,65,1517,0.10243918184385482
1448,64,1512,0.10241280101859963
1435,64,1499,0.10239800106244804
1443,63,1506,0.10241444033612535
1430,64,1494,0.1024130362475875
1422,62,1484,0.10243842482796936
1425,61,1486,0.10248093650616333
1421,60,1481,0.10251044076868183
1438,61,1499,0.10254907791163582
1428,61,1489,0.10254488835108223
1433,65,1498,0.10256445557570683
1421,67,1488,0.10257285490301182
1425,63,1488,0.10260838583977484
1434,65,1499,0.10263243409638285
1434,63,1497,0.10263214090571154
1443,62,1505,0.10263284443019965
1447,62,1509,0.10261257588888274
1450,62,1512,0.10258373458164657
1454,61,1515,0.10254974404375634
1431,59,1490,0.10250998367316162
1446,62,1508,0.10252413756501186
1437,59,1496,0.10250376768637753
1441,56,1497,0.10250736037959357
1440,58,1498,0.10250155446766865
1431,63,1494,0.10249850133125385
1420,64,1484,0.1025167486159508
1412,64,1476,0.10255718701048654
1411,65,1476,0.10261375199386599
1421,64,1485,0.10266953396965613
1421,64,1485,0.10269719867510822
1413,65,1478,0.10272237453296082
1420,65,1485,0.10276553630443469
1431,63,1494,0.10278734437562356
1436,61,1497,0.10278114100175859
1431,63,1494,0.10276333075152312
1431,63,1494,0.1027587989300966
1425,60,1485,0.10275595900121239
1419,63,1482,0.10276433165579366
1427,63,1490,0.1027849949377007
1418,63,1481,0.10278563591305988
1417,64,1481,0.10280629683099367
1415,63,1478,0.10282806710514564
1425,64,1489,0.10285598512393321
1426,65,1491,0.10285929915265157
1429,63,1492,0.10285739895490732
1418,65,1483,0.10285101644813324
1431,66,1497,0.10287036228201789
1435,65,1500,0.10285738853724023
1436,61,1497,0.10283715255503019
1435,62,1497,0.10281617287257962
1430,64,1494,0.10280182293036479
1438,66,1504,0.10279875815963489
1425,66,1491,0.1027779994142847
1437,63,1500,0.10278748680274802
1434,66,1500,0.10276744969721534
1454,64,1518,0.1027559919543423
1431,67,1498,0.10270279454099196
1435,66,1501,0.10270574146065375
1416,67,1483,0.10269982039710503
1417,69,1486,0.10273792636160733
1428,67,1495,0.10277227445927767
1433,64,1497,0.10277699549241667
1437,65,1502,0.10277261735940639
1431,72,1503,0.10275517200065963
1427,71,1498,0.10275366355166778
1431,70,1501,0.10276199193580879
1423,69,1492,0.10276055318028483
1427,68,1495,0.10277981360104985
1421,71,1492,0.10279010148776821
1426,70,1496,0.10281142803691384
1428,73,1501,0.10281713529720779
1412,76,1488,0.10281781145308595
1409,76,1485,0.10285626166769153
1416,74,1490,0.10290075050379707
1415,76,1491,0.10292653619121023
1411,75,1486,0.10295128906056022
1421,76,1497,0.10298369302968048
1415,82,1497,0.10299120668943731
1403,79,1482,0.10301182009554638
1416,79,1495,0.1030571085535323
1415,81,1496,0.10307176161695847
1401,83,1484,0.10308641247554139
1413,78,1491,0.10313117779816118
1414,77,1491,0.10314651605469372
1419,78,1497,0.10315886839091734
1420,79,1499,0.1031598358347001
1418,79,1497,0.10315881143579185
1413,82,1495,0.10316347252574869
1416,84,1500,0.10318070632167185
1418,82,1500,0.10318862694087816
1410,83,1493,0.10319210187607167
1403,82,1485,0.10321105438241193
1402,82,1484,0.10324402218194896
1412,83,1495,0.10327712237526501
1413,83,1496,0.1032863669294072
1411,83,1494,0.10329125302142508
1402,80,1482,0.10329948139758365
1407,80,1487,0.10332477605154462
1410,82,1492,0.10333768313496733
1404,82,1486,0.10334257589374639
1409,84,1493,0.10336155042460039
1413,85,1498,0.1033673915645647
1416,85,1501,0.10336455122057955
1425,83,1508,0.10335374683729456
1417,85,1502,0.10332488219916669
1398,88,1486,0.10331655788960285
1388,90,1478,0.10334977969402606
1402,91,1493,0.10340460658000891
1414,92,1506,0.10342588594851547
1410,91,1501,0.10341812518496689
1406,90,1496,0.10342059619554032
1399,94,1493,0.10343117168539444
1409,94,1503,0.10345820068954457
1404,96,1500,0.10346138936549057
1407,94,1501,0.10347556753389908
1417,90,1507,0.10348225900344665
1421,93,1514,0.10346396751948102
1437,91,1528,0.10343861494204983
1444,90,1534,0.10337950261101687
1437,89,1526,0.10331147495302041
1418,89,1507,0.10326508702228375
1416,88,1504,0.1032638030375265
1419,85,1504,0.10326820279415536
1413,88,1501,0.10326477327674695
1412,87,1499,0.1032765221551885
1409,91,1500,0.10328916879013644
1404,92,1496,0.10330942482848132
1401,93,1494,0.10333785136853235
1386,95,1481,0.10337185022158964
1391,96,1487,0.10343762035375573
1391,96,1487,0.10348560997027402
1395,92,1487,0.10353090598872575
1401,90,1491,0.10356362554205445
1403,86,1489,0.10357741650389425
1395,88,1483,0.10358476523701193
1407,88,1495,0.10360881426053531
1399,90,1489,0.10360701877500907
1402,91,1493,0.10362341485489289
1406,93,1499,0.1036341084280191
1403,91,1494,0.10363651959528522
1409,89,1498,0.10364553843852457
1405,89,1494,0.1036398478699177
1408,90,1498,0.10364267500897234
1417,92,1509,0.10363862610916989
1408,92,1500,0.10361512440120897
1414,91,1505,0.1036133424432104
1402,92,1494,0.10359700008774864
1402,94,1496,0.10360824184749896
1410,94,1504,0.10362089558711014
1408,94,1502,0.10361341049625118
1402,97,1499,0.10361154162242729
1392,96,1488,0.10362409825858107
1391,98,1489,0.10365877805826461
1407,99,1506,0.10369273994393208
1407,100,1507,0.10368866817288486
1398,100,1498,0.10368501288710809
1398,105,1503,0.10370094848495044
1406,106,1512,0.10371695368986224
1412,107,1519,0.10371664638095013
1408,107,1515,0.10370298162067206
1400,105,1505,0.10369991401451813
1391,100,1491,0.10371492848890593
1396,105,1501,0.10374953874375376
1401,106,1507,0.10376806739745913
1394,102,1496,0.10377606818383205
1397,102,1499,0.10379913357316546
1385,103,1488,0.10380904858620539
1386,106,1492,0.10384510622559734
1384,106,1490,0.10387881370933587
1390,106,1496,0.10391259857595202
1383,106,1489,0.10393084062216512
1383,107,1490,0.10396091981203405
1383,109,1492,0.10399033120209562
1383,108,1491,0.10401759438338765
1377,109,1486,0.10404493773147053
1363,108,1471,0.10408357036568269
1354,110,1464,0.10415236304067431
1361,108,1469,0.10423420593903636
1370,112,1482,0.10429444315423594
1382,112,1494,0.10433043336003359
1366,110,1476,0.10433411995574929
1374,109,1483,0.10437414572653349
1375,109,1484,0.10439444334257832
1386,108,1494,0.10440950436043998
1363,109,1472,0.10439771881321565
1375,110,1485,0.10443879324903019
1391,109,1500,0.10445265402304425
1389,111,1500,0.10442963496944507
1394,111,1505,0.10441142862175223
1375,110,1485,0.10438105459720606
1375,112,1487,0.10439718980207434
1383,108,1491,0.10441422681270662
1371,109,1480,0.10441159236555768
1389,105,1494,0.10443661659089046
1383,103,1486,0.10441939371245354
1364,111,1475,0.10441416928163377
1362,115,1477,0.10445493535852732
1362,120,1482,0.10449818038220743
1366,117,1483,0.10453747043647771
1369,117,1486,0.10456275383437758
1370,119,1489,0.10457697703633474
1368,121,1489,0.10458942889223201
1357,118,1475,0.10460642674106663
1362,119,1481,0.10464701308561775
1363,119,1482,0.10467498008454834
1368,123,1491,0.10469853708958572
1367,123,1490,0.10470829618452283
1365,125,1490,0.10472055992195425
1369,125,1494,0.10473706816267768
1371,124,1495,0.10474357334233168
1362,119,1481,0.10474732291982691
1364,121,1485,0.10477005130765012
1367,123,1490,0.1047863235175532
1368,124,1492,0.10479577070847582
1376,126,1502,0.10480130879166477
1376,125,1501,0.10478703521625907
1373,127,1500,0.10477580436110523
1366,130,1496,0.10477126229748583
1354,134,1488,0.10478298518689055
1355,138,1493,0.10482049148834666
1361,140,1501,0.10485409464943628
1366,135,1501,0.1048720197632842
1366,137,1503,0.10487721804282871
1358,138,1496,0.10488328045701946
1363,139,1502,0.10490911515160276
1365,136,1501,0.10492234942231757
1364,136,1500,0.10493008991229164
1363,132,1495,0.10493995369134507
1368,133,1501,0.10495269614103649
1365,131,1496,0.10495263839228734
1372,131,1503,0.10496020085743205
1373,136,1509,0.10494901375497799
1378,133,1511,0.1049389154333835
1379,134,1513,0.1049168776665252
1374,137,1511,0.10489406212342335
1365,135,1500,0.10488491802926894
1357,134,1491,0.10490098044521197
1358,139,1497,0.10493362238817523
1355,142,1497,0.10496189927977607
1347,141,1488,0.10499354832018241
1353,140,1493,0.10504097651262376
1352,138,1490,0.10507119408266063
1348,141,1489,0.10510269436206901
1344,141,1485,0.10514129150885278
1345,139,1484,0.10518638026388448
1365,141,1506,0.10522582474208501
1360,140,1500,0.10521746966976529
1348,138,1486,0.10521782823355565
1358,138,1496,0.10524453647564566
1369,141,1510,0.10524749359594959
1366,143,1509,0.10522491635810052
1365,144,1509,0.10521042028810398
1360,138,1498,0.10520227288104492
1361,138,1499,0.10520231246333797
1366,141,1507,0.10520167589200362
1373,144,1517,0.10519447161134625
1371,143,1514,0.10516953807791778
1363,148,1511,0.10515143621170467
1366,151,1517,0.10515535953930114
1369,149,1518,0.10515238142514047
1374,148,1522,0.10514491374807054
1357,144,1501,0.1051271514952398
1345,144,1489,0.10514786159720577
1352,140,1492,0.10519265285374253
1346,142,1488,0.10521688677539483
1345,142,1487,0.10525215609323914
1348,146,1494,0.10528807080749711
1343,148,1491,0.10531577432052426
1362,146,1508,0.10535200685124263
1355,144,1499,0.10534427528395007
1353,143,1496,0.10535363562515522
1352,146,1498,0.10536723333097338
1349,144,1493,0.10538049026986158
1347,145,1492,0.10540000468599878
1339,142,1481,0.10541979837684497
1342,146,1488,0.10545542969634095
1338,152,1490,0.10548197748398902
1340,154,1494,0.10551681726406453
1341,154,1495,0.10554385893673075
1336,157,1493,0.10556880381686735
1342,157,1499,0.10560405579851179
1329,156,1485,0.10562202384608785
1328,159,1487,0.10566737125004014
1330,159,1489,0.10570969667275404
1324,159,1483,0.10574345790627149
1330,162,1492,0.10579082611749648
1322,163,1485,0.10582151957907808
1335,165,1500,0.10586729154957844
1335,165,1500,0.10588243003643256
1322,165,1487,0.1058951367962201
1321,171,1492,0.1059368841574493
1326,170,1496,0.10597644756569408
1317,168,1485,0.10600389821128424
1318,168,1486,0.1060478850783268
1320,168,1488,0.10608465002309166
1323,163,1486,0.10611539939459248
1321,164,1485,0.1061369367977459
1319,166,1485,0.10616105342608413
1323,167,1490,0.10618777549777893
1312,165,1477,0.10620489856365645
1307,166,1473,0.106247061272561
1315,171,1486,0.10629483135781741
1320,174,1494,0.10631975084680186
1323,166,1489,0.10633264323110701
1316,171,1487,0.10634025953353123
1310,170,1480,0.10636248032274703
1316,173,1489,0.106397507871246
1324,174,1498,0.10641751240780079
1322,174,1496,0.10641618058500317
1304,178,1482,0.10641820402007714
1310,174,1484,0.10646189310442836
1312,177,1489,0.10648974803685657
1317,175,1492,0.10651159370598613
1328,178,1506,0.10652085639096531
1330,178,1508,0.10650559066992776
1339,177,1516,0.10648787660923059
1336,175,1511,0.10645211711409878
1332,181,1513,0.10642454676249968
1315,184,1499,0.10640938655416271
1313,186,1499,0.10643497272567222
1308,189,1497,0.10646449901487315
1315,188,1503,0.10650387302285463
1326,186,1512,0.10652604003796355
1315,182,1497,0.10651957781480517
1314,188,1502,0.10653712958486454
1321,189,1510,0.10655637412175067
1316,189,1505,0.10655948948703972
1319,194,1513,0.10657465237900286
1319,190,1509,0.10658041009906592
1318,189,1507,0.10658775754826663
1312,187,1499,0.10659698725734575
1314,184,1498,0.10662223457721975
1314,191,1505,0.10664058738390249
1319,187,1506,0.1066578742202537
1312,185,1497,0.10666311569498013
1300,185,1485,0.10668326956340461
1309,186,1495,0.1067288035402438
1297,192,1489,0.1067547180120194
1291,193,1484,0.10680315754561377
1314,192,1506,0.10686373516718399
1320,195,1515,0.10686778159554158
1314,194,1508,0.10685715811221427
1308,199,1507,0.10686019575265022
1303,205,1508,0.10687451539828915
1291,203,1494,0.10689920384578645
1283,201,1484,0.10694836529759875
1291,203,1494,0.10701436741601725
1287,203,1490,0.10705805639040065
1283,212,1495,0.10710841269678356
1285,212,1497,0.107166204828311
1288,215,1503,0.10721269504654449
1292,214,1506,0.1072482092321063
1287,212,1499,0.10727407362836161
1280,208,1488,0.10731314740707966
1294,214,1508,0.10736537296394559
1286,213,1499,0.10738412776766619
1271,212,1483,0.10741875449467615
1290,209,1499,0.10748172110486973
1296,215,1511,0.10749508961043787
1288,218,1506,0.10749249808997557
1285,221,1506,0.10751088190698191
1292,216,1508,0.10753560096287124
1277,216,1493,0.1075421906796864
1273,216,1489,0.10758246730492553
1265,218,1483,0.10763110527582391
1271,220,1491,0.1076940002906569
1275,225,1500,0.1077398746694105
1272,224,1496,0.10777354656058728
1282,223,1505,0.10780942436912529
1269,225,1494,0.10782061739995763
1260,226,1486,0.10785947547128676
1276,223,1499,0.1079181017313034
1282,229,1511,0.10793663739300272
1281,228,1509,0.10794091493776108
1278,228,1506,0.10794578566956517
1275,227,1502,0.10795643545537331
1269,231,1500,0.10797313332525439
1270,234,1504,0.1080013944394063
1264,229,1493,0.10802795058943598
1262,230,1492,0.10806577002527579
1253,231,1484,0.10810385455225725
1247,235,1482,0.10815802578887368
1255,233,1488,0.10822013611027784
1253,238,1491,0.10825955256376765
1264,233,1497,0.10830037680778379
1271,236,1507,0.10831078482885242
1260,236,1496,0.1083062041123338
1263,236,1499,0.1083255758595088
1261,237,1498,0.10833680035325412
1261,236,1497,0.1083543227401962
1249,231,1480,0.10837291067777405
1250,234,1484,0.10841607189364381
1256,238,1494,0.10845208447806404
1258,241,1499,0.10846940941031065
1260,235,1495,0.10847960674243293
1270,230,1500,0.10848626062996831
1277,232,1509,0.1084673038309833
1281,226,1507,0.10843447980664318
1275,228,1503,0.10839830114412682
1273,225,1498,0.10837757018172392
1267,223,1490,0.10836484068762467
1278,223,1501,0.10836637373505059
1267,224,1491,0.10834328602656317
1256,223,1479,0.10835099653123693
1278,225,1503,0.1083796627398294
1284,227,1511,0.10835361888342192
1280,223,1503,0.10831453025838723
1278,227,1505,0.10828984152867978
1282,230,1512,0.10827342967720373
1283,234,1517,0.10825201452243965
1284,233,1517,0.10823021017777805
1272,227,1499,0.10820765263541077
1274,237,1511,0.10821545016831433
1260,233,1493,0.10821730812014668
1255,234,1489,0.10825189174121913
1257,231,1488,0.10829502726088677
1258,233,1491,0.10833027758804381
1254,234,1488,0.1083598914187407
1254,236,1490,0.10839497654535933
1260,233,1493,0.10842948214885054
1252,239,1491,0.1084440995087968
1248,243,1491,0.10847644264865565
1252,239,1491,0.10851263079309785
1245,242,1487,0.10853920893730704
1243,243,1486,0.10857791103829711
1234,246,1480,0.10861910476452799
1245,249,1494,0.10867839897101762
1256,244,1500,0.10871002602492567
1248,235,1483,0.10871640746401709
1253,242,1495,0.10873962107558136
1260,243,1503,0.10874997487056863
1251,249,1500,0.10874508949950826
1246,254,1500,0.10876160494265986
1249,248,1497,0.10879051506830649
1239,252,1491,0.10880989528325033
1235,248,1483,0.10884922692842953
1242,251,1493,0.10889511342432474
1243,252,1495,0.10891890187152672
1233,251,1484,0.1089397374176711
1232,248,1480,0.10898259692893307
1232,255,1487,0.10902625902350609
1226,255,1481,0.10906862462602138
1218,256,1474,0.10911945768096927
1218,259,1477,0.10918492672498152
1222,264,1486,0.10924804748045486
1218,263,1481,0.10929920321502333
1217,263,1480,0.10935027759525141
1227,263,1490,0.1094013997278691
1228,264,1492,0.10942673386418825
1226,267,1493,0.10944807428293896
1243,270,1513,0.1094705976941883
1232,262,1494,0.10945045731764325
1228,267,1495,0.10945924183158129
1232,267,1499,0.10947330694271978
1218,271,1489,0.10947858501709984
1207,276,1483,0.10951791594278014
1211,264,1475,0.1095799885301533
1217,269,1486,0.10962493563313463
1216,270,1486,0.10965389972167632
1223,270,1493,0.10968387719133155
1231,265,1496,0.10969507913408652
1234,271,1505,0.10969058272548406
1232,271,1503,0.10967925756358873
1222,268,1490,0.10967388283372533
1227,271,1498,0.10969403148494877
1225,265,1490,0.10969882176815952
1212,278,1490,0.10970892774534645
1202,280,1482,0.10974835225013195
1205,279,1484,0.10980752327520138
1211,281,1492,0.10985656460807779
1205,281,1486,0.10988762428988047
1213,279,1492,0.1099301160484465
1220,282,1502,0.10995121714553661
1227,280,1507,0.1099559101177923
1230,271,1501,0.10994405134372269
1216,274,1490,0.10992750658619968
1210,277,1487,0.10994253401356997
1227,278,1505,0.1099731718689532
1220,278,1498,0.10996396853970071
1210,272,1482,0.10997117778805196
1214,273,1487,0.10999888140274433
1227,271,1498,0.11001230515335386
1235,278,1513,0.10999758938000578
1246,278,1524,0.10996499347446939
1235,276,1511,0.10990924697874405
1228,280,1508,0.10988573626843895
1227,276,1503,0.10988090214743697
1228,271,1499,0.10987758904649969
1221,274,1495,0.10987287815765509
1218,278,1496,0.1098839525484264
1218,278,1496,0.10989973703675422
1221,276,1497,0.10991422427462016
1226,282,1508,0.10992485417425016
1222,281,1503,0.10992244603323595
1222,279,1501,0.10992567030085798
1217,278,1495,0.10992871371791794
1226,280,1506,0.10994380461411282
1222,280,1502,0.10993843533298285
1213,281,1494,0.10994111846260564
1207,284,1491,0.10996505214757446
1207,285,1492,0.11000033371799674
1208,289,1497,0.11003364619509831
1211,286,1497,0.11006205609592623
1206,285,1491,0.11008017787802388
1213,283,1496,0.11011127394302314
1214,282,1496,0.11012207471047217
1206,288,1494,0.11012993010820538
1209,290,1499,0.11015592874832486
1203,289,1492,0.11017653862327567
1212,291,1503,0.11021159797654605
1209,294,1503,0.11021981868519458
1211,296,1507,0.11023717654350378
1207,301,1508,0.11024907133457475
1204,302,1506,0.11026971356702074
1197,304,1501,0.11029601700335888
1189,302,1491,0.11033866856259823
1200,303,1503,0.1103944898435593
1198,299,1497,0.11042263583452369
1199,302,1501,0.11045263803118029
1203,298,1501,0.11047719118247516
1204,298,1502,0.1104923660877855
1195,295,1490,0.11050599453873207
1193,296,1489,0.11053765744324423
1185,301,1486,0.11057338079017555
1182,306,1488,0.11062427739284592
1177,311,1488,0.1106759207514844
1180,310,1490,0.11073508698942164
1174,308,1482,0.11078642085280702
1177,312,1489,0.11084399883244923
1170,319,1489,0.11089131875091951
1172,318,1490,0.11095411855234999
1166,329,1495,0.11100775670230555
1173,327,1500,0.11107386573196991
1170,330,1500,0.11111661111613261
1168,328,1496,0.11116595664380903
1169,329,1498,0.1112161524229072
1161,329,1490,0.11126294398604646
1155,336,1491,0.11132698114936
1155,340,1495,0.11139908927148168
1154,339,1493,0.1114637523282255
1156,341,1497,0.11152932043074802
1158,341,1499,0.11158333343839075
1159,343,1502,0.11162958246118243
1150,344,1494,0.11166881856014152
1147,345,1492,0.11172510114343989
1151,338,1489,0.11178580191556917
1157,343,1500,0.11183311401350064
1157,340,1497,0.11186399211897285
1155,334,1489,0.1118929232898634
1150,331,1481,0.11192318375745579
1160,333,1493,0.11196255614983752
1145,346,1491,0.11197652243361512
1141,352,1493,0.1120267498679582
1152,354,1506,0.11208283214141054
1148,353,1501,0.11210978163105807
1135,359,1494,0.11214463625843156
1136,368,1504,0.11220715125157897
1129,365,1494,0.11226547440451633
1136,370,1506,0.11233647321952685
1141,367,1508,0.11238726273207099
1138,365,1503,0.11242039488760561
1146,365,1511,0.11245934584876348
1134,359,1493,0.11247481442412585
1138,367,1505,0.11251732758863436
1137,367,1504,0.11255114864191879
1143,363,1506,0.11258408568159844
1147,358,1505,0.11260027089306551
1131,364,1495,0.11260485533894286
1139,358,1497,0.11264632729774349
1131,352,1483,0.11266637928687732
1138,350,1488,0.11270284336654363
1155,355,1510,0.11272114003234827
1153,357,1510,0.11269841859811056
1150,357,1507,0.11268267385824914
1146,355,1501,0.1126743050502999
1146,359,1505,0.11267813318460941
1127,359,1486,0.11268156750642032
1131,358,1489,0.11272914136823467
1141,361,1502,0.11276529469403915
1137,364,1501,0.11277595133836378
1138,361,1499,0.11279451918917706
1124,363,1487,0.1128117652270738
1132,364,1496,0.11285678657178952
1133,368,1501,0.11288176496439987
1128,374,1502,0.11290318458825316
1121,377,1498,0.11293517234929265
1119,385,1504,0.11298169046750108
1116,387,1503,0.11303142677701579
1113,383,1496,0.11308130296933964
1103,383,1486,0.11313759442412007
1114,382,1496,0.11321222077562193
1131,384,1515,0.11325457712470238
1109,387,1496,0.1132552880050431
1123,383,1506,0.11330587561057434
1128,379,1507,0.113322564394843
1120,375,1495,0.11332715324450561
1121,374,1495,0.11335051362196868
1125,370,1495,0.11336884009900579
1116,364,1480,0.11337446873006467
1123,369,1492,0.11339474857866393
1117,374,1491,0.11339890683810455
1120,375,1495,0.11341265992384157
1129,370,1499,0.11341856948370087
1130,373,1503,0.11340373712659829
1131,369,1500,0.11338578096179097
1130,365,1495,0.1133712151267332
1131,369,1500,0.11335890185250214
1124,371,1495,0.11334396993501385
1130,376,1506,0.1133500248488707
1115,386,1501,0.11334319515721183
1119,392,1511,0.11336809098608863
1111,386,1497,0.11338263987934943
1110,384,1494,0.1134187694010646
1125,391,1516,0.11345517862959213
1124,381,1505,0.11345179229302144
1111,387,1498,0.11345101532135325
1100,387,1487,0.11348248603693849
1107,381,1488,0.11353608079402995
1105,376,1481,0.11356776003913054
1112,381,1493,0.11359990881386565
1117,383,1500,0.11361559505857713
1112,384,1496,0.1136192778303242
1103,381,1484,0.11363377211384462
1109,388,1497,0.11366866879804088
1113,389,1502,0.1136907082509968
1110,388,1498,0.11370174467561395
1118,385,1503,0.11371961493793087
1101,387,1488,0.11371769842951697
1102,387,1489,0.11375300651021057
1094,393,1487,0.11378352280794438
1098,403,1501,0.11383167590969176
1101,400,1501,0.11386857255862783
1095,401,1496,0.11389579265910105
1099,409,1508,0.11393500658862844
1102,407,1509,0.11396529495301014
1104,411,1515,0.11398905327228687
1116,410,1526,0.1140046598510581
1110,404,1514,0.11399020978551225
1108,406,1514,0.11399182308677723
1099,416,1515,0.11399757777722336
1073,417,1490,0.11402285233686646
1083,418,1501,0.11410599098371986
1094,408,1502,0.11416260244323788
1084,409,1493,0.11418971702471033
1081,408,1489,0.11423801757233189
1081,410,1491,0.11428916017325978
1080,405,1485,0.11433667828078371
1073,409,1482,0.1143798129872921
1076,413,1489,0.11443481419567834
1094,409,1503,0.11447800647086741
1100,403,1503,0.1144765282678568
1094,409,1503,0.11446036640536857
1099,408,1507,0.11446097738134017
1095,405,1500,0.11444994297112897
1101,410,1511,0.11444719041533684
1094,410,1504,0.11443356923150666
1095,414,1509,0.11443787130348682
1090,413,1503,0.11444016270692912
1090,411,1501,0.11445299578957865
1096,410,1506,0.11446766372729136
1092,413,1505,0.11446797100802836
1090,408,1498,0.11447807086855671
1076,404,1480,0.11449090385565176
1077,402,1479,0.11453360211025718
1084,403,1487,0.11456930134203148
1081,400,1481,0.1145840805542517
1082,405,1487,0.1146011358761627
1095,410,1505,0.11461480051040347
1089,418,1507,0.11459934516301079
1080,418,1498,0.11460172275874012
1077,419,1496,0.11462383848727992
1081,425,1506,0.1146492877434787
1076,427,1503,0.11466720996273566
1078,429,1507,0.11469667244361148
1070,422,1492,0.11471951963399568
1055,430,1485,0.11476131550473195
1056,436,1492,0.1148334114881503
1063,439,1502,0.11489852883678647
1069,441,1510,0.11494521272071584
1073,437,1510,0.11497464437390631
1073,435,1508,0.11499368970710759
1061,441,1502,0.11500997064031396
1073,441,1514,0.11505101292970885
1072,435,1507,0.11506017785272121
1074,436,1510,0.11507207005729429
1070,435,1505,0.11508042324612151
1069,445,1514,0.11509796788254058
1058,441,1499,0.11511598586934425
1054,443,1497,0.11516082058882653
1054,443,1497,0.11521288318176554
1050,440,1490,0.1152647576033804
1058,443,1501,0.11532111557500492
1071,451,1522,0.11535485648455777
1069,450,1519,0.11535589866366176
1064,455,1519,0.1153603705758329
1055,453,1508,0.11537944507704323
1049,461,1510,0.11541811485123059
1041,455,1496,0.11546787273215148
1046,452,1498,0.11553319290485088
1051,449,1500,0.11558231992656813
1050,451,1501,0.11561722890181819
1050,444,1494,0.11565394140445111
1039,455,1494,0.1156867844142463
1034,460,1494,0.11574302042714373
1027,460,1487,0.11580737943545018
1028,459,1487,0.11588326383208923
1038,457,1495,0.11595139842670532
1049,459,1508,0.11599138935639719
1041,461,1502,0.11600326801351767
1034,463,1497,0.1160307691011651
1036,465,1501,0.11607028161862276
1039,463,1502,0.11610245481391239
1042,463,1505,0.11612490598260443
1049,458,1507,0.1161382392792088
1045,458,1503,0.116137394346137
1047,456,1503,0.11614551122077893
1049,464,1513,0.11614786780229355
1041,465,1506,0.11614551034057723
1042,469,1511,0.11616472901188452
1036,471,1507,0.1161794599108361
1032,470,1502,0.11620542578103535
1032,476,1508,0.11623998218156441
1035,470,1505,0.1162756303511392
1041,469,1510,0.11630379755658908
1033,466,1499,0.11631418062114662
1030,467,1497,0.11634050451001489
1036,465,1501,0.11637224532258646
1028,470,1498,0.1163887559504641
1024,466,1490,0.11642262772667138
1015,468,1483,0.11646157182345514
1020,473,1493,0.11651586709672959
1028,473,1501,0.11655562545605419
1018,485,1503,0.1165748327786245
1027,486,1513,0.11661580097985912
1029,482,1511,0.116634138097365
1032,480,1512,0.11664500163602783
1023,483,1506,0.11664995359798379
1010,491,1501,0.11667579632707724
1002,486,1488,0.11673114217752509
993,485,1478,0.1168035897260498
1005,493,1498,0.1168906935485451
1006,499,1505,0.11694326667267031
990,501,1491,0.1169926772711404
998,501,1499,0.11707220584481702
981,499,1480,0.11712923013174265
977,505,1482,0.11721889085979699
997,513,1510,0.11731334150519043
995,511,1506,0.11735461148938665
987,506,1493,0.11739564845831525
990,517,1507,0.11745284012124081
988,515,1503,0.11750202484126504
987,513,1500,0.11754934230877577
984,511,1495,0.11759052909959293
976,507,1483,0.11763555868398472
980,506,1486,0.11769743998395395
979,511,1490,0.1177490397214689
982,510,1492,0.11779962897754657
987,513,1500,0.11784338225079816
992,512,1504,0.11787176010780546
999,509,1508,0.1178901877073799
994,516,1510,0.11788844084204175
994,511,1505,0.11789837298970379
981,511,1492,0.11790644420928416
991,517,1508,0.11794489489068073
986,513,1499,0.11795983048038995
989,513,1502,0.11798345687328132
994,514,1508,0.11799722911050599
996,517,1513,0.11799458455982542
993,519,1512,0.11798928017062162
999,514,1513,0.11799538478840844
1001,514,1515,0.11799081470161746
995,507,1502,0.1179812888191464
994,504,1498,0.11798597428690373
985,510,1495,0.1179922765899586
993,516,1509,0.11801807733649261
988,513,1501,0.11802286834846304
993,505,1498,0.11804117496934427
992,520,1512,0.11804474328335061
995,517,1512,0.11805261506382121
977,525,1502,0.11805245874436537
978,520,1498,0.11809084050807328
977,517,1494,0.11812370523265343
976,520,1496,0.1181549807387389
978,518,1496,0.11818811566299982
992,517,1509,0.11821259645152905
990,517,1507,0.11820314727216623
996,517,1513,0.11820122789898288
992,527,1519,0.1181824494796297
989,534,1523,0.1181740356919951
979,531,1510,0.1181740713205894
988,530,1518,0.11819836961063813
972,528,1500,0.11820345363321227
974,521,1495,0.118247256434692
969,528,1497,0.11828495080033283
972,531,1503,0.11833115867795704
971,527,1498,0.11836964915454357
973,534,1507,0.11840865817712289
967,531,1498,0.1184411599216618
973,528,1501,0.11848482899183015
979,537,1516,0.11850983810806998
977,534,1511,0.11851783167279552
981,537,1518,0.11853528600812903
971,537,1508,0.11854312864361674
971,535,1506,0.11857260891161488
972,537,1509,0.11859808663315353
956,544,1500,0.11861711697506566
954,550,1504,0.11867342863235031
960,559,1519,0.11873164403471051
965,551,1516,0.1187727485705755
955,548,1503,0.11879911030155232
933,551,1484,0.11884598476834517
933,549,1482,0.11894051971746514
933,550,1483,0.11902956179864338
932,547,1479,0.11911315056357953
945,546,1491,0.11919483455629361
952,558,1510,0.11924035967393935
943,554,1497,0.11926347792058145
944,557,1501,0.11930978704411616
950,556,1506,0.11935129005719369
943,554,1497,0.11937316969348256
944,560,1504,0.11940685964109102
944,561,1505,0.11943782955315689
942,567,1509,0.11946709290155993
943,565,1508,0.11949827213214896
943,569,1512,0.11952473360894433
938,567,1505,0.11954928510537234
930,565,1495,0.11958316715794311
941,569,1510,0.11963363006818527
938,573,1511,0.11965616087072045
944,573,1517,0.11968378658052888
939,569,1508,0.11969830283428645
931,569,1500,0.11972255683384639
925,575,1500,0.11976434429071388
928,574,1502,0.1198184431467541
913,581,1494,0.11986343574032912
916,574,1490,0.11993696724224584
928,573,1501,0.11999790277661207
923,576,1499,0.12002817880984468
929,576,1505,0.12006726256851032
930,575,1505,0.12009180525748249
923,577,1500,0.12010758087546834
924,573,1497,0.12014010841190605
924,578,1502,0.12016825645519118
922,573,1495,0.12019480574789654
919,575,1494,0.12022418422208886
916,577,1493,0.12025669763754021
923,581,1504,0.12029244528637102
916,581,1497,0.12030901067803992
908,585,1493,0.1203404023393296
905,583,1488,0.12038851451764017
910,595,1505,0.12044339904897017
907,597,1504,0.12048316817286862
909,592,1501,0.12052764756160637
916,590,1506,0.12056403024792076
916,594,1510,0.12057824249932572
912,588,1500,0.12059092292073731
919,585,1504,0.1206126890290403
916,593,1509,0.12061755255690523
902,593,1495,0.12063100860338732
903,592,1495,0.12067577764318249
896,598,1494,0.12071071110780593
895,607,1502,0.12075915903901249
891,604,1495,0.12080892858427772
903,608,1511,0.12086432289396934
909,607,1516,0.12088790355695
911,607,1518,0.12089729566137236
905,608,1513,0.12090153670180967
900,614,1514,0.12092134038450274
899,602,1501,0.12095309381340832
899,606,1505,0.12098348791988993
900,616,1516,0.12101514232347156
887,620,1507,0.12104328642819173
893,627,1520,0.12110155975171642
889,629,1518,0.12114360668279861
893,629,1522,0.1211926543789587
902,626,1528,0.12123009379405798
892,626,1518,0.1212453496957127
893,630,1523,0.12128242241175795
884,626,1510,0.12131479052888651
874,625,1499,0.12136580754579779
873,621,1494,0.1214384466086726
869,615,1484,0.12150820099946269
872,618,1490,0.1215809564763149
881,629,1510,0.12164055375221725
888,625,1513,0.12167539799560859
890,624,1514,0.12169256754068428
895,615,1510,0.12170412412128019
884,616,1500,0.12170241444628326
881,623,1504,0.12172149795123285
884,630,1514,0.12174846437976243
886,625,1511,0.12176821750053446
889,623,1512,0.12178174110204733
879,631,1510,0.12179020859864169
874,637,1511,0.12181920262705365
867,643,1510,0.12185942658501543
877,639,1516,0.1219132276246355
864,637,1501,0.12194006635977289
856,643,1499,0.12199659852667036
873,647,1520,0.12206857093740123
863,641,1504,0.1220977646752704
877,637,1514,0.12214885785357574
877,630,1507,0.12216176426439873
865,632,1497,0.12217246019605513
864,627,1491,0.12220964288978045
861,622,1483,0.12224357076854542
864,621,1485,0.12228175477593693
875,624,1499,0.12230981776357862
871,634,1505,0.12230929653086761
869,632,1501,0.12231736762829154
870,622,1492,0.122326485187336
869,627,1496,0.12233387544112556
861,632,1493,0.12234188348433134
862,631,1493,0.12236718641906479
860,628,1488,0.12238877741937636
859,637,1496,0.12241347839170748
860,634,1494,0.1224370193141106
877,637,1514,0.1224571517278833
873,634,1507,0.12243578962742052
868,640,1508,0.12242579204717302
856,641,1497,0.1224270118061126
863,634,1497,0.12245886166325408
873,635,1508,0.12247334891049935
862,641,1503,0.12246658048955776
868,649,1517,0.12248562073840329
862,652,1514,0.12249032493297278
857,651,1508,0.12250956893660661
860,651,1511,0.12253950006232939
846,659,1505,0.12255975590651681
848,658,1506,0.12260979630892248
839,666,1505,0.12265058177252353
833,656,1489,0.1227123522041494
825,657,1482,0.12278431815634612
837,656,1493,0.12287136244302836
839,663,1502,0.12292412024456896
844,659,1503,0.12296815982971636
838,662,1500,0.12299776766990847
837,661,1498,0.12304311213726901
828,661,1489,0.12308656048066567
827,662,1489,0.12314676625803202
832,671,1503,0.1232070407623906
834,673,1507,0.12324963612126187
832,672,1504,0.12328562825414618
833,667,1500,0.12332350354489564
832,673,1505,0.12335680099089079
830,669,1499,0.12339399033359606
847,671,1518,0.12343372808653351
851,667,1518,0.12343106329274853
837,677,1514,0.12342154308188771
836,682,1518,0.12344606957006472
830,676,1506,0.12347133223002853
827,681,1508,0.12351139569403045
824,692,1516,0.12355597317287165
820,693,1513,0.12360197056353925
818,693,1511,0.12365251315874122
815,691,1506,0.12370709700452767
811,683,1494,0.12376479328810756
812,690,1502,0.12382345110006136
810,688,1498,0.12387635849216466
806,691,1497,0.12393228089232121
810,692,1502,0.12399397166662329
813,682,1495,0.12403922020153377
802,675,1477,0.12407345080545984
810,683,1493,0.12413179884824709
819,685,1504,0.1241651936919305
812,685,1497,0.12417818155777624
812,689,1501,0.12420532256164155
817,684,1501,0.12423158604867829
816,687,1503,0.1242422028703782
808,683,1491,0.12425487274267542
809,680,1489,0.12428315184038506
807,687,1494,0.12431023555972683
810,700,1510,0.12433683163082701
813,692,1505,0.1243574008739727
803,691,1494,0.12437059212360765
805,697,1502,0.12440684871715031
803,700,1503,0.12443757769725568
798,700,1498,0.12447244626009737
789,703,1492,0.12451574750146786
788,702,1490,0.12457557653855471
808,696,1504,0.1246345002962854
806,697,1503,0.12464095072670239
801,702,1503,0.12465243996877778
803,710,1513,0.12467381802802645
804,717,1521,0.12469106535753906
800,715,1515,0.12470500584781091
801,720,1521,0.12472633287719576
796,720,1516,0.1247445287011981
800,720,1520,0.124773111165587
791,716,1507,0.12479332648361777
794,718,1512,0.12483466305549878
783,733,1516,0.1248677959273686
783,727,1510,0.12492440147854175
783,721,1504,0.12497720986391983
771,720,1491,0.1250261269422073
776,721,1497,0.125097483800506
776,716,1492,0.12515188826186466
782,725,1507,0.125203225819573
785,721,1506,0.12523710867413182
786,725,1511,0.12526007042707776
780,728,1508,0.12527905307498738
783,725,1508,0.1253103347303448
785,707,1492,0.1253326003498776
792,714,1506,0.12535241926055277
800,711,1511,0.12535337716172795
801,714,1515,0.1253351618635121
790,706,1496,0.1253152868429072
794,708,1502,0.1253207818595419
797,711,1508,0.12531469316397703
790,706,1496,0.12530203085236544
800,701,1501,0.12530535743979276
790,696,1486,0.125282691529631
794,699,1493,0.12528463385022195
789,698,1487,0.12527878240428214
792,702,1494,0.12528504610873947
794,697,1491,0.12528019963362141
806,699,1505,0.1252724798198953
803,700,1503,0.125236942250492
803,705,1508,0.12521192896506747
811,711,1522,0.1251916467858091
811,712,1523,0.12515156355476834
799,707,1506,0.12511514874947274
789,705,1494,0.12510957855627525
776,704,1480,0.12512847042342787
787,699,1486,0.12517671624444898
793,707,1500,0.1251967402045826
794,705,1499,0.12520056960640452
790,703,1493,0.1252016619696814
793,696,1489,0.12521364970841228
794,695,1489,0.12521709105835713
794,693,1487,0.12521594589657745
796,704,1500,0.12521757933691038
797,709,1506,0.12521498475570134
799,710,1509,0.12520874610017538
793,710,1503,0.1251961515935887
799,716,1515,0.1251988492812112
805,721,1526,0.1251862531553027
809,707,1516,0.12516242129403324
803,708,1511,0.12513318640522159
799,701,1500,0.12511870288034824
799,705,1504,0.1251145870391548
795,703,1498,0.12510836700202618
797,708,1505,0.1251131789638457
801,699,1500,0.12511435228691115
803,700,1503,0.12510275522719294
803,704,1507,0.12508911282887675
799,702,1501,0.12507891730453782
802,698,1500,0.12507896743617442
794,700,1494,0.12507311351891384
789,695,1484,0.12508633380212317
789,703,1492,0.1251064737235967
792,702,1494,0.12512301461694647
792,706,1498,0.12512989657119117
787,708,1495,0.12513892427159173
790,708,1498,0.12515711501984936
796,711,1507,0.12517069498201355
801,721,1522,0.12516751044888327
806,725,1531,0.1251556224533197
797,726,1523,0.12513450716051655
794,730,1524,0.12513802644392052
800,727,1527,0.1251483081070035
796,724,1520,0.12514465481112413
794,729,1523,0.12515218664578523
791,735,1526,0.12516507459159967
787,732,1519,0.12518414746672496
787,729,1516,0.1252098620573844
789,728,1517,0.1252346493367573
784,731,1515,0.12525190307877615
790,725,1515,0.12528236309617058
792,717,1509,0.12529435194024968
787,719,1506,0.12530021395128677
779,724,1503,0.1253182790273271
769,724,1493,0.1253544671642951
766,725,1491,0.1254118002592758
772,724,1496,0.1254701080141655
772,728,1500,0.12551040539106992
776,722,1498,0.12554809021058402
767,733,1500,0.12557366581758309
774,735,1509,0.12562042639915164
770,737,1507,0.12564785182647611
763,732,1495,0.1256816773124342
767,733,1500,0.12572963238894186
770,743,1513,0.12576179641603752
762,746,1508,0.12578757359827258
758,752,1510,0.12583048652599854
758,751,1509,0.12588060099103449
762,742,1504,0.12592823648983362
764,738,1502,0.125958864262854
767,749,1516,0.12598177254740167
760,749,1509,0.12599434690481778
759,741,1500,0.12602454118153722
755,743,1498,0.12605729959599377
761,755,1516,0.1260966336534248
747,745,1492,0.12611880384251997
751,750,1501,0.12617114138980573
752,750,1502,0.12621252257365106
752,759,1511,0.12624745151332312
749,753,1502,0.1262824249776326
752,754,1506,0.12632192204484635
748,764,1512,0.12635149457610506
742,754,1496,0.1263858176952524
737,756,1493,0.12643182970821035
734,760,1494,0.12648588542262426
735,765,1500,0.12654339036672846
733,762,1495,0.12659282321298154
735,758,1493,0.12664414512430808
738,767,1505,0.1266841148932962
741,764,1505,0.12671491113855368
733,761,1494,0.1267365587378864
734,766,1500,0.12677630398387643
737,771,1508,0.1268119023406444
737,757,1494,0.12683763792914948
723,765,1488,0.12686306302061584
722,776,1498,0.12692066391805848
731,762,1493,0.12697792955719303
732,763,1495,0.1270085654627253
727,768,1495,0.12703538866714145
734,764,1498,0.12707537267891023
728,760,1488,0.12709746546100717
717,766,1483,0.12713144418648017
714,781,1495,0.12719150980646754
713,779,1492,0.12725550086169382
715,783,1498,0.1273200173262713
721,779,1500,0.12737223159469616
720,779,1499,0.12740637587623496
713,782,1495,0.12744081560223355
707,789,1496,0.12748630865849864
714,799,1513,0.12754307251011687
706,796,1502,0.1275815716106821
704,799,1503,0.1276374101043122
708,798,1506,0.12769415258651226
709,795,1504,0.12773754381649394
715,797,1512,0.1277773938406368
711,794,1505,0.1278002372453791
721,786,1507,0.12783118461700932
718,798,1516,0.12783720398840898
719,782,1501,0.1278468305076655
720,793,1513,0.12785161656281388
714,800,1514,0.1278548068070845
707,808,1515,0.12787240270772526
702,816,1518,0.1279060490966792
699,810,1509,0.12794978254207556
696,806,1502,0.12799667316567434
692,812,1504,0.12805001623852172
706,813,1519,0.1281079184231851
693,812,1505,0.12812787115025978
688,810,1498,0.12817421238957027
699,814,1513,0.12823166432949684
698,813,1511,0.1282607159783927
691,814,1505,0.1282911272234596
686,822,1508,0.128335169609043
683,830,1513,0.128390453542735
683,825,1508,0.12844767563217308
698,829,1527,0.128501095808586
699,817,1516,0.12851467131242114
694,821,1515,0.12852335958538588
696,813,1509,0.12854238577704213
683,814,1497,0.12855683666373247
678,825,1503,0.1286009737166598
673,823,1496,0.1286526906214534
668,825,1493,0.1287099272854597
673,827,1500,0.12877666617640973
669,837,1506,0.12882950281933472
666,835,1501,0.12888871087213472
672,828,1500,0.1289500209064337
664,830,1494,0.12899342765946803
665,825,1490,0.12905330318620842
679,831,1510,0.1291065093704105
672,833,1505,0.1291242939739592
665,842,1507,0.129156358535523
672,833,1505,0.129202431883371
667,838,1505,0.1292259089678164
667,831,1498,0.12926126597487633
668,841,1509,0.12929059504244017
669,845,1514,0.12931651099822317
667,830,1497,0.1293379910835671
668,830,1498,0.12936275374208525
662,835,1497,0.12938264808977795
669,841,1510,0.1294134833356672
670,849,1519,0.12942639625018312
676,848,1524,0.12943927797701762
676,837,1513,0.1294375919422214
667,833,1500,0.12943748678449685
664,833,1497,0.1294589271544265
667,845,1512,0.1294877697735837
670,841,1511,0.12950835913643602
670,850,1520,0.1295182343783911
673,838,1511,0.1295280833352718
661,849,1510,0.12953156105775668
658,846,1504,0.12956418546709894
655,847,1502,0.1296035047001667
655,849,1504,0.12964942968851492
652,850,1502,0.12969086319020906
644,840,1484,0.12973492359146774
642,846,1488,0.12979299522531493
643,852,1495,0.1298493589215104
645,864,1509,0.1299014312310975
642,859,1501,0.1299480779369854
638,865,1503,0.1299983064589641
644,852,1496,0.13005534043332292
641,856,1497,0.1300945033765574
645,860,1505,0.1301362955422944
643,854,1497,0.13016570970310318
641,858,1499,0.1301988304067525
633,857,1490,0.13023281447589918
631,848,1479,0.130282863679648
635,849,1484,0.1303350429270862
633,858,1491,0.13037623682757388
633,864,1497,0.130417400782244
641,868,1509,0.13045501485565927
646,864,1510,0.1304691676710212
647,864,1511,0.13046971188397694
640,863,1503,0.1304666126530461
646,855,1501,0.13047779264009532
655,845,1500,0.1304760364697081
647,852,1499,0.1304536807465486
650,854,1504,0.13045325052715728
650,859,1509,0.13044482244810116
650,851,1501,0.13043853123792315
647,850,1497,0.13043314559931055
642,862,1504,0.13043621437299258
644,870,1514,0.13045138474888474
643,877,1520,0.13046265478002772
638,876,1514,0.13047679658796366
641,866,1507,0.13050121453173066
638,868,1506,0.13051837599792593
629,863,1492,0.13053914804491856
640,871,1511,0.13058151133727464
642,881,1523,0.13059687302695575
636,874,1510,0.13060441719872531
637,876,1513,0.1306253369034943
626,879,1505,0.13064502742705675
624,883,1507,0.13068802566481078
620,877,1497,0.13073384436127256
622,873,1495,0.13078531207003055
627,876,1503,0.1308304506881883
625,876,1501,0.13086120653541244
629,887,1516,0.13089322117038457
621,890,1511,0.1309140790633644
621,886,1507,0.1309524000635943
625,889,1514,0.13098739492970884
623,890,1513,0.13101057024866164
623,890,1513,0.13103547462426043
623,890,1513,0.13105913827403615
630,890,1520,0.13108241579774998
621,887,1508,0.13108807897118532
628,882,1510,0.1311150416821742
631,883,1514,0.13112558649384262
628,885,1513,0.13112790451398035
633,882,1515,0.13113714984980487
633,894,1527,0.13113439733758384
631,885,1516,0.13113006074671868
628,880,1508,0.13113142998530666
637,884,1521,0.13114100789008354
639,872,1511,0.13112985034382396
636,879,1515,0.13111761787196913
627,886,1513,0.13111340287430429
623,882,1505,0.13113135057233424
614,887,1501,0.1311571372900202
617,882,1499,0.13119868896330353
621,887,1508,0.13122967272902292
613,883,1496,0.13124980917357254
613,887,1500,0.13128836690653978
623,897,1520,0.1313257335216451
626,889,1515,0.13133608824654583
630,884,1514,0.1313369498668531
629,884,1513,0.1313284018147225
629,888,1517,0.1313226126932891
632,887,1519,0.131318471890206
631,890,1521,0.1313068741056601
629,882,1511,0.13130027665769123
637,885,1522,0.13129798474333423
637,885,1522,0.13127773822494834
637,880,1517,0.13126022331939236
624,878,1502,0.1312396781997161
618,880,1498,0.13125025985646233
622,878,1500,0.1312747924212415
619,871,1490,0.1312856670434329
625,878,1503,0.13130068181952528
620,870,1490,0.13130105588929425
632,875,1507,0.13131463568739465
627,876,1503,0.13129940050215663
629,889,1518,0.1312965382592541
621,888,1509,0.1312882709924777
625,883,1508,0.13130205398010075
635,874,1509,0.13130396269879605
628,875,1503,0.13128462033130245
622,874,1496,0.13128451638487104
616,878,1494,0.13129680543798636
614,879,1493,0.13132193689611305
616,884,1500,0.1313499716646813
613,881,1494,0.1313744295387545
617,876,1493,0.13140381708566276
607,876,1483,0.13142232472773288
619,873,1492,0.1314624496139477
616,880,1496,0.13147192872938113
624,879,1503,0.13148522819304823
622,884,1506,0.1314800687697317
627,889,1516,0.1314779655406519
626,883,1509,0.13146318629851506
631,879,1510,0.13145282572731543
638,878,1516,0.1314337895353596
635,878,1513,0.1313996756006279
634,875,1509,0.13137482141194298
632,881,1513,0.13135507513226632
614,882,1496,0.13134133692770894
607,879,1486,0.13136973098107976
613,884,1497,0.13141102071616514
612,877,1489,0.13143613328473008
616,883,1499,0.13146505990376076
615,871,1486,0.13148068313185252
610,868,1478,0.13149637696851713
613,884,1497,0.13152319718730324
611,901,1512,0.131539560828716
611,900,1511,0.13156106275593463
611,897,1508,0.13158335532231033
616,905,1521,0.1316029183366167
607,904,1511,0.1316076570491183
610,902,1512,0.1316348913756439
603,904,1507,0.13165501730849685
601,903,1504,0.13169194441108034
598,908,1506,0.13173033756174646
590,911,1501,0.13177438420264584
594,912,1506,0.13183549084047713
592,904,1496,0.13187992745689014
591,905,1496,0.13192791576326005
595,902,1497,0.13197348251323576
592,904,1496,0.13200462610448171
600,906,1506,0.13203815165228044
596,908,1504,0.13205113913759065
585,918,1503,0.13207437999013627
591,912,1503,0.1321205272232109
599,916,1515,0.1321461894187019
595,920,1515,0.1321531194576212
594,933,1527,0.1321692766858814
592,936,1528,0.1321886812681048
590,939,1529,0.13221216931258703
585,941,1526,0.1322403519351541
588,937,1525,0.1322770815634614
578,937,1515,0.13230592217957604
577,934,1511,0.13235697204758748
570,929,1499,0.13240634770239143
565,929,1494,0.13247046250904426
560,938,1498,0.13254310475710093
569,933,1502,0.1326213340938423
563,932,1495,0.13267487888961754
560,931,1491,0.13273915845052944
558,942,1500,0.13280542278684135
560,939,1499,0.13287232630385343
564,950,1514,0.1329303589371919
562,952,1514,0.1329733973511991
568,951,1519,0.13301962706295753
562,954,1516,0.1330476112855753
567,946,1513,0.13308987470605646
556,948,1504,0.13311706105425633
555,950,1505,0.13316565099488134
555,953,1508,0.1332154739653721
548,948,1496,0.13326211594817156
552,960,1512,0.13332149394128992
548,954,1502,0.13336735994945997
551,962,1513,0.1334196833530411
548,970,1518,0.1334628723378029
537,961,1498,0.1335088086556435
543,964,1507,0.13357698610096347
539,967,1506,0.13362803786503274
547,963,1510,0.13368452195571887
550,960,1510,0.133719657812481
550,952,1502,0.1337433319007874
552,954,1506,0.13376559650379155
551,948,1499,0.13377992336209105
553,947,1500,0.1337954931005643
556,959,1515,0.1338043892695626
562,964,1526,0.13380729672814493
562,962,1524,0.13379530922915478
557,968,1525,0.13378610242761207
558,960,1518,0.13379045982397578
550,965,1515,0.1337914069653488
547,975,1522,0.13381006351507105
539,973,1512,0.13383601379902094
529,982,1511,0.13388080800566857
535,967,1502,0.13394737135711565
534,976,1510,0.1339948463267306
535,970,1505,0.13404214895355843
542,976,1518,0.13408301335637363
544,976,1520,0.1341035743602446
543,978,1521,0.134117390736608
543,970,1513,0.13413176853085104
544,962,1506,0.1341470229516662
530,965,1495,0.13415954748419373
537,962,1499,0.1342021239169744
536,966,1502,0.1342237168035908
541,971,1512,0.13424769596852223
539,971,1510,0.13425691745452994
541,981,1522,0.13427198199622498
543,984,1527,0.13428275212088692
534,993,1527,0.134289796390171
536,988,1524,0.1343184092868116
532,977,1509,0.13434376057931977
520,985,1505,0.13437558822100487
515,995,1510,0.13443171772863596
506,991,1497,0.13449553162373523
504,992,1496,0.13457772187633837
504,1000,1504,0.13465924269368454
503,1009,1512,0.13473420951296222
500,1010,1510,0.13480547493790587
497,1007,1504,0.1348790448735154
492,1005,1497,0.13495591603432844
493,1011,1504,0.13503868169894792
498,1021,1519,0.13511505474913058
493,1021,1514,0.13517484010159667
493,1025,1518,0.1352406289568146
501,1026,1527,0.13529878680432508
496,1032,1528,0.13533354408327372
492,1036,1528,0.1353766216964936
493,1027,1520,0.1354271948726321
497,1017,1514,0.13547039484368767
495,1016,1511,0.13550083702995244
491,1029,1520,0.13553413324571567
488,1031,1519,0.13557567986236777
486,1029,1515,0.13562261540207315
484,1035,1519,0.13567054871496267
482,1028,1510,0.13571812508865158
477,1022,1499,0.13577068853673044
478,1024,1502,0.13583091451747323
474,1035,1509,0.1358831189521958
478,1034,1512,0.13594112393002397
480,1038,1518,0.13598387818099752
483,1035,1518,0.13601913328283657
478,1035,1513,0.13604563553672033
481,1027,1508,0.13608005938784676
486,1027,1513,0.13610695303436937
483,1031,1514,0.13611813125786879
481,1029,1510,0.13613640279240127
484,1029,1513,0.13615916846244297
485,1032,1517,0.1361733620896728
483,1029,1512,0.13618403638856053
480,1031,1511,0.1362003994754579
479,1032,1511,0.13622565750053897
481,1045,1526,0.13625165020197547
475,1045,1520,0.13627079124950808
476,1045,1521,0.1363052155352156
471,1042,1513,0.13633435561884608
470,1039,1509,0.13637304061162922
474,1042,1516,0.13641138260354738
471,1042,1513,0.1364400895514766
476,1044,1520,0.13647262241596533
474,1041,1515,0.1364899253368195
469,1045,1514,0.13651075383012853
457,1053,1510,0.1365433938753735
446,1059,1505,0.13660348548142898
449,1056,1505,0.13668531689475316
451,1067,1518,0.13675541405984173
455,1064,1519,0.13681314033754516
457,1063,1520,0.1368585376234442
457,1070,1527,0.13689752586410436
453,1067,1520,0.13693456044437405
447,1064,1511,0.13697845943817
445,1053,1498,0.13703207624767036
439,1055,1494,0.13708723303096065
449,1066,1515,0.13715173821069956
448,1056,1504,0.1371901802653835
453,1056,1509,0.13722801435784537
454,1051,1505,0.13724772346073277
457,1037,1494,0.13726586067034174
458,1052,1510,0.137274650121364
457,1044,1501,0.13728088858674967
451,1042,1493,0.13729075076056949
448,1046,1494,0.13731572860998162
448,1053,1501,0.1373454297785044
444,1052,1496,0.1373740705409621
452,1048,1500,0.13741210947445384
443,1068,1511,0.1374277085759743
447,1072,1519,0.13746362558005118
450,1061,1511,0.1374867280575821
445,1059,1504,0.13750208621713728
441,1053,1494,0.137529818179902
444,1065,1509,0.13756330029810307
447,1069,1516,0.13758578062372917
440,1070,1510,0.13759965843045283
439,1072,1511,0.13762829719709896
445,1068,1513,0.13765534388933623
439,1066,1505,0.13766742116787076
441,1071,1512,0.1376932455465331
435,1073,1508,0.1377137076538568
441,1082,1523,0.13774894742757188
438,1087,1525,0.1377665609413257
434,1095,1529,0.13779094384257679
434,1086,1520,0.1378245639254643
437,1089,1526,0.13785678153465597
429,1075,1504,0.13788208384916537
424,1071,1495,0.1379229735432283
423,1067,1490,0.13797067114042968
422,1091,1513,0.13801885208103248
420,1091,1511,0.13806463597137839
425,1090,1515,0.13811436969396365
427,1086,1513,0.1381502794752011
424,1085,1509,0.1381801591851824
427,1093,1520,0.13821274716972098
429,1098,1527,0.13823250894559616
429,1088,1517,0.13824719460174076
430,1083,1513,0.1382615455442879
430,1089,1519,0.13827352000349452
428,1090,1518,0.13828269790695352
424,1089,1513,0.1382973350200509
426,1093,1519,0.13832038176395556
426,1092,1518,0.13833499201622382
432,1090,1522,0.13834800530192062
428,1085,1513,0.13834263417842302
425,1086,1511,0.13834847918671225
431,1090,1521,0.13836358537559496
436,1087,1523,0.13836470167263382
434,1079,1513,0.1383515408123178
431,1083,1514,0.13834429486301145
432,1098,1530,0.1383451697192873
431,1080,1511,0.13834548921334058
435,1072,1507,0.13834775055715937
423,1078,1501,0.13834266971390893
422,1085,1507,0.13836509931875277
421,1089,1510,0.13838940399863203
412,1090,1502,0.13841369817579666
417,1085,1502,0.13845669131212215
415,1090,1505,0.13848310836757544
425,1093,1518,0.13851298825948838
419,1104,1523,0.13851625696490721
421,1102,1523,0.13853298243530923
418,1106,1524,0.1385444788939272
424,1103,1527,0.13856253973690774
426,1094,1520,0.13856432447642195
427,1087,1514,0.13856099305570171
427,1094,1521,0.13855607027612943
422,1108,1530,0.13855040426553306
412,1109,1521,0.13855863482932293
418,1106,1524,0.13858949331468928
416,1104,1520,0.13860438056395535
413,1109,1522,0.1386247646516824
417,1110,1527,0.13865256153989164
414,1094,1508,0.13866935012784454
416,1095,1511,0.13869043869772463
410,1096,1506,0.13870703601146064
411,1092,1503,0.13873717307479144
409,1093,1502,0.13876256601344372
407,1100,1507,0.13879152875056242
407,1098,1505,0.1388232211339382
404,1091,1495,0.13885196644021888
406,1100,1506,0.13888719697547866
399,1105,1504,0.13891491784077759
401,1110,1511,0.13895899198825462
402,1118,1520,0.13899476661330837
401,1109,1510,0.13902438824263658
401,1119,1520,0.1390550734925441
392,1115,1507,0.13908288985879055
385,1114,1499,0.13912971855408648
392,1119,1511,0.13918885428418237
395,1123,1518,0.13922774246116096
394,1124,1518,0.13925550601154463
392,1126,1518,0.13928537913887373
391,1124,1515,0.13931583032404787
386,1122,1508,0.1393482101598765
386,1129,1515,0.13938810311535146
386,1113,1499,0.13942687327989436
390,1132,1522,0.13946213688464348
385,1122,1507,0.13948723257626555
386,1116,1502,0.1395230719443797
386,1108,1494,0.13955388015547598
388,1097,1485,0.13958171029019129
397,1106,1503,0.13960350958192408
393,1114,1507,0.13960477180791891
390,1112,1502,0.13961440309724618
379,1116,1495,0.13963189397944867
375,1123,1498,0.1396750457280846
373,1127,1500,0.1397236097499056
372,1126,1498,0.13977207328575691
375,1122,1497,0.13981673617555374
372,1120,1492,0.13985256513002212
372,1133,1505,0.13989425772499284
376,1147,1523,0.13993401140257267
379,1148,1527,0.1399627221200706
381,1148,1529,0.13998347851819415
382,1148,1530,0.13999794694131437
381,1146,1527,0.1400092556596153
382,1137,1519,0.1400219515601168
381,1151,1532,0.1400301486692283
383,1144,1527,0.1400415836232619
384,1145,1529,0.14004491658379264
380,1152,1532,0.1400445844576293
381,1152,1533,0.14005330711250916
379,1147,1526,0.14005796777921278
373,1135,1508,0.1400682212638236
375,1132,1507,0.14009107454775271
373,1154,1527,0.14010779867504142
369,1144,1513,0.14012739431604238
367,1151,1518,0.14015878757817532
367,1160,1527,0.14019337153569109
358,1147,1505,0.14022630777886946
357,1150,1507,0.1402787819080655
355,1153,1508,0.14033077062476404
361,1146,1507,0.14038020298115977
349,1162,1511,0.14041162229111873
342,1160,1502,0.1404707920376852
342,1167,1509,0.1405441546762964
342,1161,1503,0.14061358423282436
344,1157,1501,0.14067746060544373
346,1152,1498,0.14072974409771052
348,1155,1503,0.1407741182632678
352,1160,1512,0.1408109649428164
351,1157,1508,0.14083502285757593
353,1147,1500,0.14086021318202066
349,1156,1505,0.14087810588512797
350,1151,1501,0.14090507375235015
351,1171,1522,0.14092561843576618
346,1169,1515,0.14094445450682852
346,1161,1507,0.14097510639332944
347,1160,1507,0.14100365929729952
352,1164,1516,0.14102813589089602
350,1160,1510,0.14103955449200323
353,1157,1510,0.14105719012464735
350,1164,1514,0.14106630728337025
347,1154,1501,0.14107986752746454
347,1159,1506,0.14109861171605625
341,1163,1504,0.1411172708156804
342,1161,1503,0.14114684763390536
342,1169,1511,0.1411725202302633
346,1165,1511,0.1411975024783184
346,1167,1513,0.14121329286164908
347,1171,1518,0.14122493323769822
343,1164,1507,0.14123366034985824
338,1180,1518,0.14125381465641473
335,1171,1506,0.14128287313570484
332,1162,1494,0.14131884367549044
328,1160,1488,0.14135704639833457
327,1164,1491,0.1414033638375927
328,1173,1501,0.14144913454973637
330,1174,1504,0.141490370012241
329,1176,1505,0.14152298527133167
329,1172,1501,0.14155791762156725
326,1173,1499,0.14158994443744882
328,1183,1511,0.1416278805132993
327,1183,1510,0.1416571562832181
332,1181,1513,0.14168578049011424
337,1177,1514,0.14170022614011532
338,1193,1531,0.14170342973213412
333,1191,1524,0.14170506106171316
325,1187,1512,0.14172012149058436
321,1176,1497,0.14175249277973742
319,1172,1491,0.14179290296181815
310,1180,1490,0.1418327216836375
316,1176,1492,0.14189048188808034
321,1180,1501,0.14192940814899388
320,1186,1506,0.1419530976633646
317,1185,1502,0.14197738738823618
315,1173,1488,0.14200860691881614
322,1180,1502,0.14204343677694536
321,1175,1496,0.1420595099317409
320,1175,1495,0.1420758902070035
314,1190,1504,0.142095651922141
311,1194,1505,0.14212737949822976
317,1185,1502,0.14216269787652652
320,1185,1505,0.1421797945455203
318,1190,1508,0.1421880158097254
322,1177,1499,0.14219934146509788
325,1182,1507,0.1422033280104248
316,1191,1507,0.1421978405314821
324,1198,1522,0.14221301332859906
322,1207,1529,0.1422068114811634
318,1204,1522,0.14220813380758335
313,1197,1510,0.1422195035047376
317,1204,1521,0.14224376322929452
308,1217,1525,0.1422572860514451
308,1207,1515,0.14229239361729337
309,1208,1517,0.1423253398170706
300,1211,1511,0.14235153863930894
304,1219,1523,0.14239914260406464
308,1205,1513,0.14243438354293791
305,1202,1507,0.14246036803128515
305,1202,1507,0.14249027041249823
303,1207,1510,0.14251975842048686
296,1208,1504,0.142551198042888
294,1222,1516,0.14259968443797852
296,1224,1520,0.14264901580698552
292,1217,1509,0.14269098431552205
293,1218,1511,0.1427407626066105
290,1224,1514,0.14278494799949792
294,1222,1516,0.14283285898368117
291,1216,1507,0.14286695500652116
286,1216,1502,0.14290280312915105
281,1223,1504,0.1429499710363
281,1232,1513,0.14300697852469874
283,1240,1523,0.1430594484624587
284,1233,1517,0.14310164062168837
279,1227,1506,0.14313893119099652
280,1219,1499,0.1431865264436543
278,1219,1497,0.1432301336487574
272,1237,1509,0.14327348243432775
269,1234,1503,0.14332679985186192
270,1224,1494,0.14338227597331618
275,1248,1523,0.14343216872112582
270,1242,1512,0.1434670790450132
274,1232,1506,0.14351286040380526
273,1236,1509,0.14354490748675394
272,1232,1504,0.14357710850113573
275,1240,1515,0.14360793869871943
279,1244,1523,0.14363201986182536
277,1240,1517,0.14364245661043534
278,1230,1508,0.14365701401600936
274,1230,1504,0.14366740028647274
274,1230,1504,0.14368665299084396
274,1238,1512,0.14370410945722115
276,1230,1506,0.14372003540504788
266,1225,1491,0.14373026753614274
265,1241,1506,0.14376208170811416
268,1246,1514,0.14379704801837023
263,1251,1514,0.14382253822808763
270,1247,1517,0.1438574914984463
266,1241,1507,0.14387458083071689
264,1239,1503,0.1438984470937031
266,1236,1502,0.14392598564841436
271,1246,1517,0.14394827348768463
268,1243,1511,0.1439559799723357
265,1252,1517,0.1439700757110388
262,1258,1520,0.14399150181091844
261,1251,1512,0.14401972879317784
260,1258,1518,0.1440495610669974
258,1246,1504,0.1440810675095618
255,1253,1508,0.14411203474863585
252,1241,1493,0.144147138676613
254,1248,1502,0.14418843595339154
250,1246,1496,0.14422374637688318
254,1246,1500,0.1442676627026488
251,1264,1515,0.14429731347773736
249,1272,1521,0.1443328333848194
249,1271,1520,0.14437216753370977
249,1266,1515,0.1444088809189816
247,1246,1493,0.1444440614345109
251,1251,1502,0.14448262318507601
251,1254,1505,0.14450952434185102
247,1254,1501,0.14453372020913552
244,1269,1513,0.14456604993123912
248,1272,1520,0.14460109043330902
254,1269,1523,0.1446251087373335
253,1269,1522,0.1446327749901928
250,1266,1516,0.14464446809451212
244,1264,1508,0.14466310780804043
237,1269,1506,0.14469484918264106
236,1279,1515,0.14474131219830702
228,1282,1510,0.14478798351598698
234,1284,1518,0.1448499641649111
234,1281,1515,0.14489194381865517
238,1272,1510,0.14493187161440516
240,1277,1517,0.14495923548580464
239,1270,1509,0.14497687028407086
240,1281,1521,0.14499549926342892
245,1287,1532,0.14500996705091374
246,1268,1514,0.14501365848043724
244,1259,1503,0.14501711752549185
238,1267,1505,0.1450251195349255
240,1261,1501,0.14504597643106543
243,1265,1508,0.1450605053003951
243,1261,1504,0.1450684958812528
241,1268,1509,0.14507695737889842
242,1280,1522,0.14508859634256704
239,1280,1519,0.14509818295675916
241,1278,1519,0.1451161989829409
239,1271,1510,0.14512677286670772
237,1270,1507,0.14514042923469705
234,1273,1507,0.1451594820856009
236,1283,1519,0.145184516461898
237,1280,1517,0.14520205089174604
236,1283,1519,0.14521679954355526
235,1280,1515,0.14523409133195425
233,1281,1514,0.14525325016498095
229,1283,1512,0.14527615464373483
228,1275,1503,0.14530670082141323
221,1273,1494,0.14533654789511125
221,1288,1509,0.14538139277942588
219,1292,1511,0.14542355457562914
220,1289,1509,0.14546822792807318
221,1294,1515,0.14550730585206026
218,1296,1514,0.14554192380161482
214,1291,1505,0.14558251832422622
216,1293,1509,0.14562955487596638
213,1294,1507,0.14566906308324096
212,1303,1515,0.14571317309259205
212,1294,1506,0.14575407639460727
212,1291,1503,0.14579155323701673
217,1305,1522,0.14582769119867875
213,1298,1511,0.14584904458585826
216,1310,1526,0.14587906585888738
208,1310,1518,0.14590115254585068
213,1309,1522,0.1459395391216985
214,1307,1521,0.14596430573549232
213,1306,1519,0.14598348872167008
210,1309,1519,0.1460025209846507
216,1322,1538,0.14602830578202902
218,1318,1536,0.14603980153203186
216,1309,1525,0.14604445807897226
218,1306,1524,0.14605368728165846
212,1308,1520,0.14605787702465226
211,1307,1518,0.14607557371481947
211,1301,1512,0.1460942690753304
207,1299,1506,0.1461132262811726
208,1300,1508,0.1461402333881436
206,1310,1516,0.14616396975135895
200,1309,1509,0.14619191723079586
196,1313,1509,0.14623094914366935
201,1319,1520,0.14627651074251483
201,1316,1517,0.1463072417275078
201,1322,1523,0.14633776518213573
201,1323,1524,0.1463672858717512
200,1317,1517,0.14639478341661308
199,1314,1513,0.14642236326953553
192,1325,1517,0.1464510369304644
194,1334,1528,0.14649493434221944
195,1329,1524,0.14653257219010563
191,1332,1523,0.14656283534689116
191,1331,1522,0.14659972930126527
190,1315,1505,0.14663365412623003
188,1326,1514,0.14666810773467648
188,1329,1517,0.14670568760171318
192,1322,1514,0.14674005731406325
193,1317,1510,0.14676249603748598
189,1319,1508,0.14678247618876555
186,1326,1512,0.14680843603275873
191,1318,1509,0.14683883096845737
192,1312,1504,0.14685467171057257
195,1307,1502,0.14686836305725784
194,1320,1514,0.1468733562036878
194,1315,1509,0.14688097203490233
194,1309,1503,0.1468875216841963
199,1326,1525,0.1468950068187754
199,1321,1520,0.14689191964848025
200,1314,1514,0.14688973387372617
196,1315,1511,0.1468837466659687
198,1318,1516,0.14688543288447825
203,1309,1512,0.1468834250438895
201,1313,1514,0.14687013354659786
203,1304,1507,0.14686308611099375
198,1312,1510,0.14685151602476448
202,1307,1509,0.14685231981497593
199,1303,1502,0.1468431799429735
201,1303,1504,0.14684204822531882
204,1301,1505,0.14683679407333053
207,1304,1511,0.14682482016903753
205,1318,1523,0.1468079851726268
204,1317,1521,0.14679831741297047
201,1320,1521,0.1467916527731588
193,1311,1504,0.14679073559431036
193,1304,1497,0.1468083529660605
191,1304,1495,0.14682346684578554
191,1309,1500,0.14684071969413004
189,1309,1498,0.14685809454601262
192,1313,1505,0.146879076602551
192,1311,1503,0.14689120228081864
194,1306,1500,0.14690190595927077
192,1314,1506,0.14690854086751823
189,1304,1493,0.1469196782639594
188,1308,1496,0.14693654668611422
189,1316,1505,0.14695675001043848
197,1309,1506,0.14697298092419453
198,1318,1516,0.14696854909075757
194,1326,1520,0.146960725007919
190,1318,1508,0.14696101516247062
192,1317,1509,0.14697102173230928
196,1322,1518,0.1469756414934961
193,1306,1499,0.14696992094374853
189,1321,1510,0.14697275800768234
194,1322,1516,0.14698552366784964
193,1310,1503,0.14698612730901375
192,1308,1500,0.14699012688007648
194,1297,1491,0.1469969338072983
197,1303,1500,0.14699941167623115
189,1312,1501,0.1469938198942714
193,1322,1515,0.14700766032741966
192,1335,1527,0.1470128523305007
190,1330,1520,0.14701944868537814
192,1326,1518,0.14703020746716924
187,1339,1526,0.14703433080320913
187,1332,1519,0.14704930228983792
188,1332,1520,0.1470629543188254
189,1328,1517,0.1470745282606948
189,1327,1516,0.14708351244168644
184,1319,1503,0.1470921931002901
187,1315,1502,0.14711010268911903
188,1308,1496,0.14711979668424818
191,1325,1516,0.1471262186097897
187,1319,1506,0.14712496224679547
187,1316,1503,0.1471325869441826
189,1319,1508,0.14714036816850598
191,1314,1505,0.14714236609931738
188,1319,1507,0.147138448727521
189,1309,1498,0.14714221927213175
191,1322,1513,0.14714220769138098
188,1323,1511,0.14713749066322643
190,1312,1502,0.14714191920526162
186,1318,1504,0.14714045597195458
186,1324,1510,0.1471490550512512
185,1325,1510,0.14715878874537458
186,1328,1514,0.147170856814027
189,1339,1528,0.14718021279845067
192,1339,1531,0.14718274740549714
194,1335,1529,0.14717841711735957
188,1327,1515,0.1471702933475648
189,1330,1519,0.14717707971355629
188,1336,1524,0.14717999569160034
188,1340,1528,0.14718636762706383
183,1332,1515,0.14719133957547378
185,1336,1521,0.14720790743693568
182,1341,1523,0.14721921541424488
180,1344,1524,0.14723774447623186
178,1337,1515,0.14725831308487314
176,1341,1517,0.1472833903604008
176,1343,1519,0.1473121071790921
176,1342,1518,0.14733968902069539
175,1348,1523,0.14736618564577947
174,1340,1514,0.14739400011659476
176,1339,1515,0.1474221936047347
177,1338,1515,0.1474434078578782
178,1332,1510,0.14746169860770636
174,1342,1516,0.14747685270442853
168,1338,1506,0.1475005116888525
171,1329,1500,0.1475361187792134
170,1336,1506,0.1475623895650558
171,1346,1517,0.14758938659128581
170,1349,1519,0.14761141941604944
171,1358,1529,0.1476345117103804
168,1364,1532,0.14765448849488924
165,1360,1525,0.14767995260595843
164,1370,1534,0.1477112001777752
164,1351,1515,0.14774320796907364
165,1348,1513,0.14777235935596025
163,1347,1510,0.14779587379047612
163,1348,1511,0.1478231812874378
159,1347,1506,0.14784954034133715
157,1346,1503,0.1478830971337368
155,1362,1517,0.14791951711334192
153,1369,1522,0.14795862649393743
155,1359,1514,0.14799903743584308
149,1359,1508,0.1480325083878051
151,1369,1520,0.14807729073417808
149,1360,1509,0.14811342504805897
154,1356,1510,0.14815152561975517
152,1357,1509,0.1481758783444574
150,1362,1512,0.14820164170841998
151,1365,1516,0.14823065229047588
149,1361,1510,0.14825624177781105
153,1359,1512,0.14828433294737242
154,1365,1519,0.14830070133847728
154,1366,1520,0.1483131964067875
157,1374,1531,0.14832574848817948
157,1361,1518,0.14833111532119747
161,1353,1514,0.14833713554742375
159,1361,1520,0.14833170620061428
157,1366,1523,0.1483313616498037
155,1362,1517,0.14833508760082068
155,1365,1520,0.1483437223649063
154,1368,1522,0.14835363432068882
155,1358,1513,0.1483642217866003
156,1372,1528,0.14837159720859955
157,1372,1529,0.148376065617029
151,1378,1529,0.14837902290967675
151,1375,1526,0.1483961800947399
148,1372,1520,0.14841294154342363
149,1361,1510,0.1484358113728586
147,1362,1509,0.14845512419326842
153,1360,1513,0.1484767276432208
150,1363,1513,0.14848334015750986
154,1373,1527,0.14849658465423807
155,1376,1531,0.14850045234517076
151,1364,1515,0.1485016149136608
147,1376,1523,0.14851083250043573
149,1374,1523,0.14852787716525234
149,1362,1511,0.1485402917945875
141,1378,1519,0.14855217065713563
144,1355,1499,0.14858119377207935
141,1367,1508,0.14860182227350824
147,1357,1504,0.1486263517445775
142,1360,1502,0.14863307111273547
148,1365,1513,0.14865080169227468
147,1357,1504,0.14865331867200737
148,1359,1507,0.1486583578849073
150,1366,1516,0.14866190001602417
148,1375,1523,0.1486608284469477
149,1363,1512,0.14866523970233525
149,1355,1504,0.14866645915156323
145,1358,1503,0.1486684029527915
143,1362,1505,0.14867997413074285
150,1367,1517,0.14869493273770404
146,1374,1520,0.1486910739409099
147,1378,1525,0.14869709510637594
145,1382,1527,0.14870123913777017
146,1379,1525,0.14870986168543265
147,1367,1514,0.14871577124987462
145,1384,1529,0.1487186553131174
144,1379,1523,0.14872559666009594
146,1378,1524,0.14873561888515213
146,1375,1521,0.14874117209580678
144,1366,1510,0.14874636109485898
147,1362,1509,0.1487558827036983
142,1365,1507,0.14875626657118698
145,1365,1510,0.1487663351860491
144,1367,1511,0.14876852172763277
145,1375,1520,0.1487737419854114
143,1370,1513,0.14877436972535876
140,1370,1510,0.14877965101119286
139,1367,1506,0.14879222364267505
138,1366,1504,0.148806030895675
137,1364,1501,0.14882090369803078
139,1360,1499,0.14883645251885488
136,1361,1497,0.14884722382093668
139,1343,1482,0.14886557620190363
137,1354,1491,0.1488770501474362
137,1366,1503,0.1488914215842629
136,1366,1502,0.14890485461115863
139,1369,1508,0.14891970811369087
139,1373,1512,0.14892685625362095
134,1378,1512,0.14893406835523518
136,1383,1519,0.1489515072015294
136,1388,1524,0.14896369604078555
134,1394,1528,0.14897449077959005
133,1384,1517,0.14898966286274093
130,1380,1510,0.1490060816262894
129,1372,1501,0.14902802404678903
134,1371,1505,0.14905151349242746
137,1391,1528,0.1490604452090789
139,1379,1518,0.1490623562991614
136,1379,1515,0.14906054072311306
137,1381,1518,0.14906502368520588
134,1378,1512,0.14906787694901916
135,1369,1504,0.14907831768674473
137,1373,1510,0.1490855646183659
137,1369,1506,0.14908546404900266
135,1361,1496,0.14908574915002235
134,1370,1504,0.1490917719086422
135,1372,1507,0.1491001944869116
137,1376,1513,0.14910472400464075
132,1381,1513,0.14910376009226958
132,1378,1510,0.14911532984893033
133,1377,1510,0.1491271347838293
132,1388,1520,0.14913601684380232
130,1391,1521,0.14914740397271728
132,1406,1538,0.14916235940623387
132,1400,1532,0.14917087374529103
134,1402,1536,0.1491779982537409
137,1392,1529,0.14918042815686405
137,1395,1532,0.14917353146694562
133,1388,1521,0.14916796088827244
139,1377,1516,0.1491720618604546
135,1382,1517,0.1491622971409514
139,1381,1520,0.14916370679191174
137,1387,1524,0.1491552089534734
135,1387,1522,0.1491532958444189
132,1393,1525,0.14915617992782193
132,1380,1512,0.1491657128812814
134,1388,1522,0.14917419716691732
130,1389,1519,0.14917579098644176
130,1392,1522,0.1491861645462047
132,1387,1519,0.1491957399476737
133,1388,1521,0.14920106190555876
129,1377,1506,0.14920393607857899
130,1372,1502,0.1492169203097965
132,1372,1504,0.1492256381505843
132,1393,1525,0.1492284588323947
135,1388,1523,0.14923121574652184
134,1381,1515,0.14922708753354855
139,1378,1517,0.14922566592978512
137,1380,1517,0.14921166213259698
135,1378,1513,0.14920420983373783
134,1375,1509,0.1492029321549347
131,1382,1513,0.14920387769834006
132,1384,1516,0.14921318796771
134,1385,1519,0.1492199858773186
138,1382,1520,0.1492214166195691
137,1378,1515,0.1492112222155023
140,1377,1517,0.14920316994024602
136,1366,1502,0.14918966726839106
133,1363,1496,0.14918623762873962
133,1375,1508,0.1491897368010952
138,1361,1499,0.14919406325614445
136,1366,1502,0.14918656692252916
133,1373,1506,0.14918371370135897
134,1370,1504,0.14918913525404626
135,1372,1507,0.14919180720797867
138,1368,1506,0.14919287707303344
131,1371,1502,0.14918753750155847
130,1375,1505,0.14919883159403416
130,1382,1512,0.14921141145672226
131,1389,1520,0.14922374761713322
134,1382,1516,0.14923139529635507
132,1385,1517,0.14923263576920212
129,1385,1514,0.14923765478011
131,1386,1517,0.14925028860491069
131,1382,1513,0.14925606122111768
129,1376,1505,0.1492612338962697
130,1375,1505,0.14927138115646307
132,1384,1516,0.1492775305607668
133,1388,1521,0.14927914242442653
133,1387,1520,0.14927705147717718
133,1383,1516,0.1492742678710231
135,1383,1518,0.14927206319806513
134,1378,1512,0.14926475710827777
132,1380,1512,0.1492603467612898
134,1376,1510,0.14926115769028978
136,1383,1519,0.14925622823006562
137,1401,1538,0.14924829443524285
139,1392,1531,0.1492393486709439
136,1389,1525,0.14922550936518647
133,1381,1514,0.1492203788479082
127,1389,1516,0.14922297659196604
127,1395,1522,0.149240192118124
128,1379,1507,0.14925703959337241
130,1383,1513,0.14927002788287883
133,1386,1519,0.14927815407671247
132,1377,1509,0.1492791753044248
133,1374,1507,0.1492818554524674
135,1376,1511,0.14928212910876246
136,1378,1514,0.14927607217440544
138,1376,1514,0.14926707331392078
138,1380,1518,0.14925526666690792
137,1377,1514,0.149242747582557
137,1376,1513,0.14923324880432903
139,1379,1518,0.14922398771322196
134,1378,1512,0.1492114008327323
131,1389,1520,0.14921236195284518
126,1404,1530,0.14922100075347722
130,1403,1533,0.14923975672260942
126,1399,1525,0.14924704725349802
124,1394,1518,0.14926360647901235
125,1386,1511,0.14928340588206862
127,1384,1511,0.14929908145766618
129,1381,1510,0.1493094806077994
125,1376,1501,0.14931341770677092
121,1383,1504,0.1493270058416243
118,1392,1510,0.1493493372508039
121,1387,1508,0.14937878563954268
122,1384,1506,0.1493982530027283
123,1390,1513,0.14941499019073662
122,1386,1508,0.14942784123067288
117,1392,1509,0.149442973227527
118,1395,1513,0.14946861813042997
118,1398,1516,0.14949161328159744
118,1391,1509,0.14951271267200414
119,1396,1515,0.14953182411886146
120,1387,1507,0.1495484078429256
119,1395,1514,0.14956192985144684
121,1389,1510,0.14957671244183793
122,1390,1512,0.14958598190049036
122,1393,1515,0.14959338625471105
117,1393,1510,0.14959970948190277
117,1399,1516,0.149616576421295
121,1399,1520,0.14963312937584827
122,1395,1517,0.14963914612919202
119,1394,1513,0.1496421517378161
119,1411,1530,0.1496523899427738
117,1404,1521,0.14966204538362637
116,1414,1530,0.14967502682338357
116,1393,1509,0.14969007602399223
115,1393,1508,0.14970366086935244
118,1396,1514,0.14971702825325045
118,1396,1514,0.14972360168031856
114,1399,1513,0.14973064881176132
113,1412,1525,0.14974563321791995
113,1419,1532,0.14976131610444765
113,1410,1523,0.14977670041071722
115,1408,1523,0.14978967589149939
115,1399,1514,0.1497971794432268
115,1404,1519,0.14980349637561807
121,1409,1530,0.1498104618204927
122,1403,1525,0.1498030096823136
120,1400,1520,0.14979352509676813
121,1394,1515,0.1497898889971081
120,1390,1510,0.14978421618562912
119,1391,1510,0.1497812036410558
121,1394,1515,0.14977964479192724
121,1398,1519,0.14977463045867412
120,1391,1511,0.14976976422275318
122,1389,1511,0.1497657679482728
117,1387,1504,0.1497576418168524
116,1389,1505,0.14976233666981772
121,1395,1516,0.14976938576695534
119,1391,1510,0.1497626967612195
118,1383,1501,0.14976188091689863
120,1404,1524,0.14976180841621936
115,1381,1496,0.14975807093502908
111,1393,1504,0.1497661098200367
112,1382,1494,0.14978284457341456
117,1387,1504,0.14979601588456543
117,1391,1508,0.1497960455144669
118,1398,1516,0.14979703743419784
118,1396,1514,0.1497959772887701
116,1389,1505,0.14979455848810783
119,1391,1510,0.14979804197634944
118,1399,1517,0.14979354509473683
123,1392,1515,0.14979225270113108
122,1403,1525,0.14978084231629255
118,1399,1517,0.14977344440764026
118,1403,1521,0.14977535671239706
114,1391,1505,0.14977646019869756
114,1395,1509,0.14978615110899438
115,1390,1505,0.1497962307615174
117,1400,1517,0.14980399148358953
115,1395,1510,0.14980591835739185
116,1406,1522,0.1498130752367395
117,1405,1522,0.14981557845268761
120,1402,1522,0.14981625328979858
119,1406,1525,0.14981054926594697
120,1395,1515,0.14980837202582964
118,1399,1517,0.14980462483943638
117,1405,1522,0.14980574255673093
114,1397,1511,0.14980957405234477
114,1399,1513,0.14982042524079386
116,1411,1527,0.14983094131055352
114,1408,1522,0.1498368494682368
114,1396,1510,0.14984736948491953
110,1400,1510,0.1498558902896644
110,1415,1525,0.1498725231266725
111,1418,1529,0.14988843498351073
111,1410,1521,0.1499013504059187
107,1409,1516,0.14991400647071187
106,1409,1515,0.1499351459928052
108,1398,1506,0.1499575411993951
112,1397,1509,0.14997352749082082
110,1398,1508,0.149978350640885
109,1408,1517,0.14998634372811356
108,1405,1513,0.14999522675332286
107,1393,1500,0.15000741350796598
106,1402,1508,0.15002075837585888
105,1415,1520,0.1500335659058158
109,1423,1532,0.1500480683454002
107,1413,1520,0.15005337452968098
107,1393,1500,0.15006353550928822
108,1383,1491,0.15007412620497276
109,1400,1509,0.1500822007840369
109,1407,1516,0.1500872571271429
110,1397,1507,0.15009175989001405
105,1388,1493,0.15009324438562072
107,1400,1507,0.15010616516822178
108,1416,1524,0.15011343141404157
106,1402,1508,0.1501166507841356
108,1416,1524,0.15012358958413238
108,1420,1528,0.15012496586139343
108,1425,1533,0.15012691433496245
111,1414,1525,0.15012963599437606
109,1418,1527,0.15012537798692907
110,1401,1511,0.15012566993891005
109,1400,1509,0.15012278136592208
110,1400,1510,0.15012316495151679
114,1404,1518,0.15012131533413578
115,1402,1517,0.1501105332858477
111,1422,1533,0.15009813033183667
111,1420,1531,0.1500961998833204
109,1416,1525,0.15009503988332118
106,1409,1515,0.15009804817331784
106,1419,1525,0.1501074218997294
111,1408,1519,0.15011586008012004
110,1410,1520,0.15011177457652433
109,1404,1513,0.15011114670967277
106,1408,1514,0.1501125519292104
108,1415,1523,0.1501211239211649
106,1409,1515,0.15012528544669912
104,1399,1503,0.15013222556521774
106,1400,1506,0.1501447713061827
104,1410,1514,0.15015121475362495
106,1405,1511,0.1501626230320381
108,1420,1528,0.1501678002557901
106,1409,1515,0.15016879393215024
105,1397,1502,0.15017392636860705
104,1393,1497,0.15018026545451726
104,1396,1500,0.15018838850369096
100,1404,1504,0.15019567075281043
100,1425,1525,0.15021278103313315
101,1417,1518,0.15022823329009635
101,1422,1523,0.1502412311521267
103,1430,1533,0.15025387404547344
105,1428,1533,0.15026037917460497
102,1422,1524,0.15026258494105435
100,1433,1533,0.15027087976664372
98,1426,1524,0.15028273655653993
100,1421,1521,0.15029885601522847
98,1407,1505,0.1503081840807523
99,1418,1517,0.15032201084897917
98,1421,1519,0.15033211460941104
100,1413,1513,0.1503437271668367
96,1397,1493,0.15035007551174526
103,1400,1503,0.15036493129043704
106,1398,1504,0.15036153699012428
107,1388,1495,0.15034924893512266
106,1398,1504,0.1503374522268093
108,1397,1505,0.15032967795884605
106,1413,1519,0.15031822177104967
106,1410,1516,0.15031289213657437
103,1417,1520,0.15030851732611356
102,1410,1512,0.15031175571673233
101,1426,1527,0.15031672703557258
103,1424,1527,0.1503233818006829
102,1421,1523,0.15032448201050308
103,1405,1508,0.15032827710529462
101,1401,1502,0.15032974390113696
98,1401,1499,0.15033627404634511
97,1411,1508,0.15034861701995042
96,1422,1518,0.1503628318664718
94,1409,1503,0.15037801286718222
91,1416,1507,0.15039717467400557
88,1417,1505,0.15042230070772278
89,1412,1501,0.15045219961245818
92,1418,1510,0.15047708477510394
97,1414,1511,0.1504928803896361
95,1418,1513,0.1504962701006365
94,1425,1519,0.15050470112120926
95,1429,1524,0.15051450843430558
96,1429,1525,0.15052200017151182
96,1431,1527,0.1505276882040899
96,1438,1534,0.150533504830057
95,1430,1525,0.1505390219223389
94,1433,1527,0.15054618014963236
96,1426,1522,0.15055599158029728
95,1432,1527,0.15056003514129931
99,1438,1537,0.15056595542066092
96,1431,1527,0.1505620145570362
95,1426,1521,0.15056598300976615
94,1427,1521,0.15057104238457317
96,1420,1516,0.1505790169062501
96,1421,1517,0.1505822998770867
96,1432,1528,0.150584293770225
98,1422,1520,0.15058501683097972
99,1428,1527,0.15058097784120958
101,1427,1528,0.1505743607061997
100,1425,1525,0.15056289119632002
96,1417,1513,0.15055514230364647
96,1417,1513,0.15055779838205932
98,1413,1511,0.15056018553610082
100,1420,1520,0.15055814719117283
99,1427,1526,0.15055157849410541
99,1419,1518,0.1505484903315157
97,1429,1526,0.15054615018595094
90,1431,1521,0.1505488232919496
94,1423,1517,0.15056723995539797
94,1421,1515,0.15057512089679467
93,1424,1517,0.15058312135489177
89,1426,1515,0.1505931186399513
91,1426,1517,0.15061173123076718
89,1428,1517,0.15062429612425376
91,1427,1518,0.1506412424579092
92,1430,1522,0.1506529645786817
92,1435,1527,0.15066205892740736
91,1438,1529,0.15067059600762578
91,1444,1535,0.15068041596012383
88,1437,1525,0.15069025146044965
86,1435,1521,0.15070661883808445
85,1437,1522,0.15072664501094915
83,1441,1524,0.15074773288439253
84,1438,1522,0.15077168107213057
86,1437,1523,0.15079220205270688
89,1429,1518,0.1508058354033501
91,1421,1512,0.15080978915173904
90,1428,1518,0.1508087452957317
90,1425,1515,0.1508096358971244
90,1426,1516,0.15081130748848476
88,1437,1525,0.15081352031243508
91,1429,1520,0.150820596048066
92,1426,1518,0.15081977672090996
91,1438,1529,0.15081747719670002
85,1428,1513,0.1508181277671206
83,1431,1514,0.15083251927562785
86,1427,1513,0.15085069037394763
85,1429,1514,0.1508600578691811
86,1434,1520,0.15087145032743518
85,1433,1518,0.15088033763784456
84,1443,1527,0.1508910649299224
83,1433,1516,0.1509035840437161
83,1428,1511,0.15091700514157702
83,1434,1517,0.1509297963070334
81,1425,1506,0.15094202856421
85,1432,1517,0.15095833151032229
83,1441,1524,0.1509639513936611
83,1440,1523,0.1509738990953991
81,1435,1516,0.15098381176391798
81,1433,1514,0.15099783646616996
81,1439,1520,0.15101140741096217
80,1446,1526,0.15102413518224542
80,1438,1518,0.1510386551602433
80,1426,1506,0.1510520918259606
76,1419,1495,0.15106436172513915
79,1441,1520,0.15108529255093062
78,1435,1513,0.15109718294841046
75,1435,1510,0.15111092682329763
77,1432,1509,0.1511307251316442
78,1432,1510,0.1511442682920252
73,1423,1496,0.151154967924578
77,1431,1508,0.15117610999844136
79,1434,1513,0.15118461762116542
75,1451,1526,0.15118819178132312
73,1453,1526,0.15120022987374582
72,1437,1509,0.15121633675485902
72,1434,1506,0.15123377142077643
74,1435,1509,0.1512502817747106
73,1440,1513,0.15126177670799523
72,1443,1515,0.15127456791607094
72,1444,1516,0.15128873655716726
73,1430,1503,0.15130204095429392
74,1429,1503,0.15131266707486607
73,1430,1503,0.15132096499251768
70,1436,1506,0.15133139840385929
71,1441,1512,0.15134814515986747
73,1448,1521,0.15136093587204894
73,1443,1516,0.1513684261882038
74,1441,1515,0.15137538808738005
72,1442,1514,0.15138009069529826
73,1454,1527,0.15138922013542594
73,1457,1530,0.15139531185869878
73,1442,1515,0.1514013664720332
75,1439,1514,0.15140617972948497
75,1436,1511,0.15140553264341322
74,1430,1504,0.15140550813132694
76,1419,1495,0.15140813701139944
74,1419,1493,0.1514046907891862
70,1435,1505,0.15140627730031134
71,1438,1509,0.15141695179039755
69,1441,1510,0.15142494824029748
71,1433,1504,0.1514372480025252
70,1445,1515,0.15144384074860898
70,1444,1514,0.1514528896001947
70,1434,1504,0.15146144224921596
69,1445,1514,0.15146725015456308
64,1439,1503,0.15147559399420601
63,1454,1517,0.15149460116607028
67,1446,1513,0.1515151204152258
65,1452,1517,0.15152569108584923
62,1465,1527,0.15154028155596133
64,1459,1523,0.1515610707140018
65,1449,1514,0.15157593499646893
63,1451,1514,0.15158776617277633
66,1452,1518,0.1516031561193771
65,1456,1521,0.15161084666906713
67,1471,1538,0.15162077964472825
66,1450,1516,0.15162493824278703
66,1438,1504,0.15163015355315929
69,1434,1503,0.1516361983321702
69,1443,1512,0.15163447705942018
70,1437,1507,0.1516319159180644
71,1432,1503,0.15162787223494667
70,1435,1505,0.15162244759586646
67,1438,1505,0.1516200548336166
67,1434,1501,0.15162476425579086
64,1435,1499,0.15162947627863851
64,1447,1511,0.15164069435986163
65,1445,1510,0.15165135569800323
66,1447,1513,0.15165949242592666
63,1446,1509,0.15166515956338888
64,1450,1514,0.1516766139363981
68,1448,1516,0.15168498230928576
67,1452,1519,0.15168274356402653
63,1440,1503,0.15168331890480577
64,1451,1515,0.15169293232290276
61,1457,1518,0.15170012837032865
59,1449,1508,0.1517137571939185
57,1455,1512,0.15173108448668096
58,1454,1512,0.1517520799631798
60,1454,1514,0.15176975665506948
62,1454,1516,0.15178190502293618
62,1461,1523,0.1517882809066885
62,1443,1505,0.1517944735260173
62,1451,1513,0.15179997018390395
61,1457,1518,0.1518054319501671
60,1462,1522,0.1518109582855296
58,1463,1521,0.1518187323828681
58,1452,1510,0.1518315401701554
62,1456,1518,0.15184327689311344
62,1444,1506,0.15184456195663215
62,1449,1511,0.15184685692845587
62,1440,1502,0.15184813280748283
62,1443,1505,0.15184981435093708
63,1444,1507,0.15185039854271534
63,1439,1502,0.15184847323818917
62,1452,1514,0.15184724819226367
59,1443,1502,0.15184880570069517
59,1442,1501,0.15185669628070142
62,1436,1498,0.15186345461236772
61,1442,1503,0.15186207710673139
59,1444,1503,0.15186347607568412
58,1459,1517,0.15187001922977936
56,1455,1511,0.1518787512818432
56,1455,1511,0.15189168923109492
54,1462,1516,0.1519046567817968
54,1456,1510,0.15192149462143736
53,1464,1517,0.15193607872267556
54,1456,1510,0.15195257489683
55,1455,1510,0.15196548319491537
56,1468,1524,0.1519754501919597
52,1458,1510,0.1519828185518432
52,1459,1511,0.15199802336831675
51,1461,1512,0.15201270652992988
49,1461,1510,0.15202885674935038
51,1453,1504,0.15204882466421132
51,1452,1503,0.15206225384621955
50,1450,1500,0.15207476559881974
56,1445,1501,0.15208904753001154
54,1457,1511,0.1520872355464059
53,1469,1522,0.15209048980144924
53,1468,1521,0.152094100055021
51,1471,1522,0.15209772717541925
51,1471,1522,0.1521065128636709
53,1474,1527,0.15211447680601597
53,1470,1523,0.15211752448982754
53,1463,1516,0.1521209790676943
54,1466,1520,0.15212400218197936
52,1469,1521,0.1521238657999016
52,1468,1520,0.15212854346680157
55,1461,1516,0.15213352244192277
55,1466,1521,0.15213167662702937
55,1466,1521,0.15212870193858194
55,1459,1514,0.15212627792136094
53,1452,1505,0.15212462720642242
54,1461,1515,0.15212786059615385
54,1466,1520,0.15212867255093887
53,1463,1516,0.15212983045764575
54,1456,1510,0.15213310424433865
55,1451,1506,0.15213445875880732
55,1453,1508,0.15213326747924075
54,1452,1506,0.1521322531419505
56,1459,1515,0.15213390188756126
56,1461,1517,0.15212940842401282
55,1470,1525,0.15212578195330909
56,1477,1533,0.1521250409308668
57,1471,1528,0.15212151582021105
54,1462,1516,0.15211606303440164
57,1463,1520,0.15211810100215928
55,1462,1517,0.15211224303161347
54,1469,1523,0.1521116823314095
56,1470,1526,0.1521138466494742
58,1468,1526,0.15211046754786103
60,1452,1512,0.1521023635819609
61,1453,1514,0.152090358285326
61,1458,1519,0.152076721727087
61,1470,1531,0.15206461129858526
60,1476,1536,0.1520530170941098
59,1471,1530,0.15204498029585928
61,1468,1529,0.15204003303526037
61,1454,1515,0.15203149933136215
59,1466,1525,0.1520235418529452
58,1456,1514,0.15202144153019237
59,1457,1516,0.15202207359380812
58,1461,1519,0.1520188911246307
57,1464,1521,0.15201847568269156
57,1476,1533,0.1520206734923378
58,1475,1533,0.15202303161053135
57,1475,1532,0.15202343347273842
55,1462,1517,0.1520265204336408
56,1467,1523,0.15203401542778877
55,1465,1520,0.15203766242331926
54,1468,1522,0.15204360735902556
52,1461,1513,0.15205142635029018
52,1466,1518,0.15206331100269843
51,1473,1524,0.1520736731441727
53,1477,1530,0.152085946172662
55,1463,1518,0.15209326992525893
55,1465,1520,0.15209486487744564
55,1465,1520,0.1520947155725202
57,1462,1519,0.15209517081179422
57,1468,1525,0.15209022756127655
56,1457,1513,0.15208622628197588
54,1453,1507,0.1520855786390469
56,1467,1523,0.1520897773072034
55,1456,1511,0.1520886550385676
54,1454,1508,0.1520885738928668
53,1461,1514,0.15209054652238557
54,1469,1523,0.15209513284135082
58,1464,1522,0.1520967465349068
56,1461,1517,0.15208888263668238
55,1469,1524,0.15208649690855494
55,1465,1520,0.1520870231312063
55,1464,1519,0.15208583145229704
56,1471,1527,0.15208457413088308
57,1458,1515,0.15208171018473768
58,1441,1499,0.15207627692633868
56,1441,1497,0.15206926803771167
58,1445,1503,0.15206800887760358
56,1449,1505,0.15206234986869105
55,1454,1509,0.15206202730699606
53,1448,1501,0.15206331790329558
52,1459,1511,0.15206908822976856
52,1461,1513,0.15207729483405624
50,1461,1511,0.1520857314761051
50,1466,1516,0.15209849772576967
50,1473,1523,0.15210978081083887
51,1455,1506,0.1521194295169014
51,1465,1516,0.15212675910880144
51,1463,1514,0.15213357905662944
51,1470,1521,0.1521405417843355
51,1466,1517,0.15214743811225911
50,1466,1516,0.1521534668257355
53,1471,1524,0.1521618616374644
53,1480,1533,0.1521611426205097
52,1482,1534,0.15216113157337868
52,1471,1523,0.15216385657661813
51,1475,1526,0.1521669583183459
51,1474,1525,0.15217176162447044
51,1477,1528,0.15217658493440825
50,1463,1513,0.15218159832736164
51,1465,1516,0.15218870216650615
51,1462,1513,0.15219246923869612
50,1463,1513,0.15219624079065025
51,1467,1518,0.15220242264035386
50,1481,1531,0.15220538165780179
50,1469,1519,0.15221057431426308
51,1462,1513,0.15221585635690435
51,1460,1511,0.15221872611803672
52,1457,1509,0.15222183094413308
52,1449,1501,0.15222183509801243
55,1462,1517,0.15222228263134002
54,1452,1506,0.1522144125372107
53,1461,1514,0.15220999844354385
53,1455,1508,0.1522086220193823
52,1469,1521,0.1522072857805589
49,1470,1519,0.1522085499559721
46,1453,1499,0.15221660608795848
45,1456,1501,0.15223108166688817
47,1459,1506,0.1522471491107375
48,1470,1518,0.15225699664468137
48,1470,1518,0.15226281522157228
50,1468,1518,0.15226931142794198
50,1466,1516,0.15227086917995666
50,1461,1511,0.15227131120625478
46,1458,1504,0.15227117747956137
46,1456,1502,0.1522796849215249
46,1465,1511,0.1522876544865647
46,1458,1504,0.15229553361027512
48,1453,1501,0.1523032359600914
49,1463,1512,0.15230599539951364
49,1461,1510,0.15230570260058235
48,1460,1508,0.15230556241734672
50,1449,1499,0.15230723168419436
49,1456,1505,0.15230473802524314
48,1455,1503,0.15230514841646708
47,1446,1493,0.15230885763753188
48,1453,1501,0.15231435605735413
48,1476,1524,0.15231670509837184
48,1490,1538,0.15231941883361183
48,1473,1521,0.1523224260677265
50,1475,1525,0.1523253429769303
49,1478,1527,0.15232259861384362
49,1470,1519,0.1523230781599667
47,1481,1528,0.15232289513884004
47,1478,1525,0.15232732577176156
46,1477,1523,0.15233187103463983
46,1466,1512,0.15233873431386896
45,1455,1500,0.15234543667248637
48,1464,1512,0.15235254604453874
49,1467,1516,0.15235175009365992
48,1466,1514,0.1523490117122556
49,1470,1519,0.1523492203626358
50,1450,1500,0.15234764897197042
52,1452,1504,0.1523436513124813
52,1461,1513,0.15233196982862096
51,1453,1504,0.1523196417653824
52,1459,1511,0.15231110305428072
52,1463,1515,0.15230059842425323
54,1458,1512,0.15229165921553334
51,1460,1511,0.15227725197273323
51,1464,1515,0.15227079124967297
52,1468,1520,0.1522655812819456
54,1464,1518,0.15225921680061077
56,1457,1513,0.15224923247289943
54,1447,1501,0.15223402456156276
50,1451,1501,0.15222538835863525
50,1465,1515,0.15222770192260093
51,1474,1525,0.15223049044423984
55,1471,1526,0.15223050176691047
54,1469,1523,0.1522202344330044
52,1471,1523,0.15221326854446007
49,1477,1526,0.15221264895706996
50,1472,1522,0.15221943504606167
49,1470,1519,0.1522239156136401
49,1461,1510,0.1522301944066746
50,1461,1511,0.15223443313194845
50,1467,1517,0.1522367509797821
49,1460,1509,0.15223935470930047
51,1472,1523,0.15224451698275807
52,1475,1527,0.1522449397469508
52,1479,1531,0.15224258413615557
50,1470,1520,0.15224092044438858
49,1472,1521,0.1522443378100829
50,1471,1521,0.15224915834312522
47,1479,1526,0.15225189986236726
48,1468,1516,0.15226179298057566
48,1463,1511,0.1522692433234339
47,1461,1508,0.15227439425428482
46,1464,1510,0.1522823729014919
47,1463,1510,0.15229243914425297
47,1462,1509,0.15229935541519435
48,1461,1509,0.15230475572597876
49,1470,1519,0.15230724184492517
50,1470,1520,0.15230551841372544
50,1481,1531,0.15230163511649134
49,1469,1518,0.1522976465069388
50,1474,1524,0.15229698129700028
49,1480,1529,0.15229473977520366
48,1469,1517,0.15229428203503226
51,1465,1516,0.15229650523371255
52,1457,1509,0.15229038727402197
53,1455,1508,0.15228323181787512
52,1456,1508,0.1522740070801273
54,1470,1524,0.15226855071939013
54,1465,1519,0.15225910897669198
50,1471,1521,0.1522509064721577
51,1477,1528,0.15225261033077087
49,1455,1504,0.1522515644495979
49,1462,1511,0.15225541520219546
49,1464,1513,0.15225905214756877
49,1478,1527,0.1522620831207497
47,1471,1518,0.1522653798643442
47,1475,1522,0.15227326473666597
47,1469,1516,0.15227994002318024
47,1467,1514,0.15228573099364864
48,1470,1518,0.15229061661378707
48,1469,1517,0.15229179511211133
50,1460,1510,0.15229319513939582
52,1455,1507,0.15228967547282232
52,1453,1505,0.15228217185300016
53,1459,1512,0.1522758014910797
53,1474,1527,0.1522676881886384
55,1463,1518,0.15226075770809008
55,1467,1522,0.15224753662030885
54,1464,1518,0.15223486741903028
54,1457,1511,0.15222598084510858
54,1463,1517,0.15221843318573822
56,1462,1518,0.15221206605129523
55,1461,1516,0.15220046713116445
54,1473,1527,0.15219248089634071
54,1467,1521,0.152187834608703
51,1461,1512,0.1521839027829265
52,1474,1526,0.15218741367951444
49,1449,1498,0.1521892061759218
52,1456,1508,0.15219791505640043
53,1465,1518,0.15219801406880398
54,1459,1513,0.15219541498457567
53,1462,1515,0.15219008128982783
53,1461,1514,0.1521878962246598
57,1462,1519,0.15218646602605454
53,1461,1514,0.15217376393611862
56,1463,1519,0.15217127001327146
56,1473,1529,0.15216194064924188
57,1467,1524,0.15215313905070144
56,1478,1534,0.15214330776721308
55,1475,1530,0.15213588732424274
57,1468,1525,0.1521318644061811
56,1460,1516,0.1521240306470388
55,1459,1514,0.15211955808242106
55,1447,1502,0.1521180162620711
55,1451,1506,0.15211714803728785
51,1449,1500,0.15211675997133975
52,1443,1495,0.15212571070381137
51,1434,1485,0.15213232903391063
49,1450,1499,0.15214110569332573
51,1462,1513,0.1521536594807609
51,1466,1517,0.1521600732358371
51,1451,1502,0.15216642797106894
51,1457,1508,0.1521717437162491
49,1460,1509,0.15217698687119388
49,1464,1513,0.15218665359069222
50,1467,1517,0.15219686230116275
49,1465,1514,0.15220387703696062
50,1459,1509,0.1522128874259055
54,1459,1513,0.15221842269979147
56,1470,1526,0.15221170342662424
54,1476,1530,0.15220146883394997
54,1463,1517,0.15219687118215774
54,1452,1506,0.15219307101864613
55,1443,1498,0.15219004531801222
57,1455,1512,0.1521843019620684
55,1440,1495,0.15217328594404075
56,1445,1501,0.15216687875767207
55,1455,1510,0.1521583899117279
59,1453,1512,0.1521522946580201
60,1452,1512,0.15213612866995635
60,1460,1520,0.15211861484132305
61,1455,1516,0.15210207130825065
64,1455,1519,0.15208527807832867
61,1452,1513,0.15206243371322162
60,1439,1499,0.15204837293219342
59,1446,1505,0.15203822891447846
60,1467,1527,0.1520318403957787
61,1465,1526,0.15202223451657274
58,1463,1521,0.15201136510935354
59,1460,1519,0.15200902142490208
60,1462,1522,0.15200454981869835
60,1450,1510,0.15199842498906704
60,1460,1520,0.1519933383242058
61,1456,1517,0.15198916279461966
61,1463,1524,0.15198192548714645
58,1462,1520,0.15197600715133555
58,1468,1526,0.15197748557273902
61,1468,1529,0.15197938832807714
59,1470,1529,0.15197254259665907
58,1464,1522,0.1519711504040054
58,1464,1522,0.1519725957504762
58,1464,1522,0.1519743408169758
55,1474,1529,0.15197486905362553
56,1454,1510,0.15198178229559617
55,1447,1502,0.1519864125156009
57,1447,1504,0.15199301016136443
57,1454,1511,0.15199485933583565
58,1462,1520,0.1519964358961603
57,1463,1520,0.15199537380094524
57,1464,1521,0.15199723887275407
55,1471,1526,0.15199961497822082
55,1472,1527,0.15200609767864529
54,1470,1524,0.1520130305977819
51,1480,1531,0.15202249825256145
51,1484,1535,0.15203900130080908
47,1474,1521,0.15205407599332504
48,1480,1528,0.15207714911659515
47,1472,1519,0.15209612218623636
48,1478,1526,0.15211652084718089
50,1468,1518,0.1521329761157624
50,1475,1525,0.1521439381049549
50,1486,1536,0.15215383729914614
49,1476,1525,0.152163424014361
50,1467,1517,0.15217466056867587
54,1465,1519,0.15218284728624776
50,1466,1516,0.15218065280836401
50,1467,1517,0.15218800709175376
49,1457,1506,0.15219511882335815
47,1452,1499,0.15220436306146864
50,1455,1505,0.152217758351711
50,1455,1505,0.1522224363318613
51,1467,1518,0.1522253421984371
51,1471,1522,0.15222560874195223
51,1477,1528,0.15222601239054967
48,1477,1525,0.15222660038292485
48,1491,1539,0.15223421143140714
48,1473,1521,0.15224157317009784
49,1477,1526,0.15224906658507642
49,1485,1534,0.15225321003899928
49,1478,1527,0.15225742737313386
47,1471,1518,0.15226133776648676
47,1474,1521,0.15226978922899612
47,1463,1510,0.15227743417781903
49,1462,1511,0.1522849711379155
50,1471,1521,0.1522856713060672
50,1467,1517,0.15228345758531628
48,1465,1513,0.15228208967292634
47,1456,1503,0.1522858788282424
48,1463,1511,0.15229208911415967
46,1471,1517,0.1522960001173112
46,1481,1527,0.15230486778837946
46,1491,1537,0.15231315395024225
46,1490,1536,0.15232134150914672
46,1483,1529,0.15232939659294936
49,1488,1537,0.1523370792081207
49,1482,1531,0.15233564237338534
49,1479,1528,0.15233510743917955
47,1474,1521,0.1523352180319901
48,1465,1513,0.1523398754551465
47,1466,1513,0.15234236021926964
48,1456,1504,0.15234710793457387
48,1470,1518,0.15234805342728308
47,1466,1513,0.15234939262663988
46,1459,1505,0.15235319076230652
50,1470,1520,0.15235916618674789
49,1486,1535,0.15235433388447212
46,1483,1529,0.15235247026746074
46,1455,1501,0.15235765594666323
46,1457,1503,0.15236363520753846
46,1461,1507,0.15236957082303235
43,1465,1508,0.1523754343090451
45,1463,1508,0.15238764618294873
44,1453,1497,0.1523930510882855
45,1448,1493,0.15240053337958398
43,1444,1487,0.1524040115099182
43,1463,1506,0.15241224537764705
41,1462,1503,0.15242042682800241
42,1470,1512,0.15243170073718826
40,1463,1503,0.1524395191570645
42,1463,1505,0.15245133436952313
41,1457,1498,0.1524584049529287
40,1465,1505,0.15246803093452269
42,1474,1516,0.15247961428472173
43,1479,1522,0.1524857947721115
41,1476,1517,0.15248946760014429
40,1463,1503,0.15249656396479927
39,1470,1509,0.1525068471513965
40,1472,1512,0.15251928665799408
40,1474,1514,0.15252866074501883
39,1474,1513,0.15253773904477
39,1466,1505,0.1525486726318995
40,1476,1516,0.1525582264440337
39,1474,1513,0.15256387527976037
41,1483,1524,0.1525717468411907
39,1451,1490,0.15257397973058326
37,1457,1494,0.1525816420731624
37,1465,1502,0.15259346224867648
37,1463,1500,0.15260401576012592
38,1461,1499,0.1526142793180364
36,1465,1501,0.15261989530830497
37,1469,1506,0.15262995456145936
38,1478,1516,0.15263728676269675
39,1476,1515,0.1526422823310821
36,1484,1520,0.15264309595515452
34,1485,1519,0.15265191797490413
36,1468,1504,0.15266505053621096
41,1469,1510,0.15267131702445774
42,1469,1511,0.15266472666812883
42,1469,1511,0.15265598958051485
45,1464,1509,0.15264785003702855
42,1458,1500,0.15263349399246498
42,1468,1510,0.1526288321909063
42,1465,1507,0.15262466918269285
43,1458,1501,0.1526212851747906
43,1452,1495,0.15261482901938367
43,1476,1519,0.15260908547346608
42,1467,1509,0.1526031897134252
43,1480,1523,0.15260039849723106
44,1486,1530,0.15259604710308072
44,1472,1516,0.152590044062869
44,1471,1515,0.15258393822562874
42,1464,1506,0.15257884306009484
43,1463,1506,0.15257959855930445
43,1467,1510,0.15257739653422134
42,1474,1516,0.15257378530766266
42,1461,1503,0.15257313922085455
43,1472,1515,0.15257304722440906
44,1467,1511,0.1525701563811262
39,1475,1514,0.15256539089167293
37,1467,1504,0.15257390434749588
37,1473,1510,0.15258536701864436
37,1471,1508,0.15259678047725544
37,1468,1505,0.1526078204962694
37,1478,1515,0.152618478538124
37,1467,1504,0.15262874961133516
35,1464,1499,0.15263863176273765
35,1463,1498,0.15265241936683022
34,1463,1497,0.15266519091079933
35,1475,1510,0.15267964744819637
38,1489,1527,0.15268884695805163
37,1479,1516,0.15269091512059765
35,1478,1513,0.15269352364996272
35,1481,1516,0.15270091458699753
36,1479,1515,0.15270833590004027
36,1477,1513,0.15271341006725234
36,1485,1521,0.15271858493317808
38,1491,1529,0.15272381438918795
38,1478,1516,0.15272406313951292
37,1482,1519,0.15272466574351284
38,1468,1506,0.15272708841360097
38,1460,1498,0.1527260595359974
38,1464,1502,0.15272556448102825
38,1469,1507,0.1527253865355907
37,1470,1507,0.15272561730646747
37,1464,1501,0.15272863108783385
38,1474,1512,0.1527317583426035
35,1479,1514,0.1527320292135994
36,1479,1515,0.1527391175689483
36,1491,1527,0.15274216997717813
37,1475,1512,0.15274542870226532
37,1477,1514,0.1527461869729957
36,1476,1512,0.1527472972374839
35,1473,1508,0.15275055198699508
36,1471,1507,0.15275609916451752
37,1477,1514,0.1527583910977006
36,1471,1507,0.15275783432317783
36,1467,1503,0.15275992907603606
36,1461,1497,0.1527623046646101
37,1469,1506,0.15276463064185475
36,1479,1515,0.15276452315564878
36,1484,1520,0.1527669581134465
36,1484,1520,0.15276958122806344
37,1471,1508,0.15277234853768065
36,1483,1519,0.15277079549467382
34,1481,1515,0.15277197446244062
34,1488,1522,0.15277778491874477
34,1493,1527,0.15278362265644665
34,1478,1512,0.15278963792563557
34,1480,1514,0.15279570344105
35,1476,1511,0.15280165188513678
35,1485,1520,0.15280502404533478
34,1485,1519,0.15280842609694695
35,1479,1514,0.15281321356758748
34,1480,1514,0.15281553794485692
34,1486,1520,0.15282012753379176
34,1482,1516,0.15282468197806445
32,1485,1517,0.15282917985495983
32,1492,1524,0.15283792985424807
33,1474,1507,0.15284630626259227
32,1463,1495,0.1528512286966982
34,1481,1515,0.15285825511696913
34,1485,1519,0.15286008162527975
34,1486,1520,0.15286205942718284
33,1473,1506,0.15286415419252872
31,1481,1512,0.15286813975491886
31,1494,1525,0.15287632606010465
32,1493,1525,0.1528841446926493
33,1491,1524,0.1528892386003737
31,1484,1515,0.15289088930637276
32,1479,1511,0.15289704689341957
33,1481,1514,0.15289892555764248
33,1494,1527,0.15289808457086473
31,1494,1525,0.15289731387285724
31,1494,1525,0.15290058490621175
32,1487,1519,0.15290414661958007
31,1488,1519,0.15290571722619595
29,1488,1517,0.15291038174241942
27,1498,1525,0.15291941783721527
26,1495,1521,0.1529324869053671
26,1494,1520,0.1529471647088942
26,1486,1512,0.15296119438642822
27,1497,1524,0.15297391375875058
25,1494,1519,0.15298365773589928
26,1489,1515,0.1529973960089176
25,1489,1514,0.1530080362182007
27,1479,1506,0.15302040745011117
27,1485,1512,0.1530266382587798
24,1489,1513,0.15303282356215003
25,1482,1507,0.15304556852888979
25,1474,1499,0.1530534650232868
24,1486,1510,0.15306130773882676
24,1477,1501,0.1530718985274519
23,1483,1506,0.153081434615662
22,1486,1508,0.15309288700577428
20,1481,1501,0.1531060765775965
22,1474,1496,0.1531237253488791
23,1473,1496,0.15313554068429075
25,1476,1501,0.15314361321714373
24,1485,1509,0.1531461658152156
24,1485,1509,0.15315107477734372
24,1495,1519,0.1531554287997634
22,1497,1519,0.15315988832483662
23,1492,1515,0.15316963638563394
23,1500,1523,0.15317574309138146
22,1509,1531,0.1531806751807746
22,1509,1531,0.15318783205240127
20,1510,1530,0.1531948960935943
20,1504,1524,0.1532061689322412
20,1508,1528,0.15321697775546148
20,1485,1505,0.15322738540700923
20,1491,1511,0.1532373915208265
18,1493,1511,0.15324699813944248
20,1495,1515,0.15326049619144932
21,1510,1531,0.15326787195556646
21,1505,1526,0.15327277487470747
21,1506,1527,0.15327655744434898
21,1500,1521,0.15328044600871998
22,1516,1538,0.15328357857274372
22,1504,1526,0.153284394510943
23,1512,1535,0.15328551264060625
21,1492,1513,0.15328362210215982
20,1495,1515,0.15328672030328275
20,1489,1509,0.15329211867708353
20,1503,1523,0.15329749280038749
18,1498,1516,0.15330171333150222
18,1493,1511,0.15331132644396273
20,1479,1499,0.15332057692006387
20,1491,1511,0.15332472748957707
20,1505,1525,0.15332832410534514
20,1489,1509,0.15333195655356857
18,1485,1503,0.15333559824107615
18,1506,1524,0.15334378749101188
17,1504,1521,0.15335164126001014
19,1496,1515,0.1533614683119414
19,1495,1514,0.15336534151024783
21,1497,1518,0.15336919750760475
21,1500,1521,0.15336723228936225
20,1497,1517,0.15336570891973422
19,1498,1517,0.15336671122368337
19,1492,1511,0.1533700784225831
20,1489,1509,0.15337347957310818
20,1487,1507,0.15337365981988
21,1494,1515,0.15337412709492074
21,1502,1523,0.15337163327499564
22,1499,1521,0.15336856256707534
23,1503,1526,0.15336383748279978
23,1495,1518,0.15335542425932253
23,1502,1525,0.1533480825091117
20,1489,1509,0.1533416932290318
20,1501,1521,0.1533431138476286
20,1493,1513,0.15334481643076853
20,1487,1507,0.15334674823990022
20,1486,1506,0.15334886317584306
18,1503,1521,0.15335112104446444
18,1500,1518,0.15335777418027463
18,1510,1528,0.15336424420157777
17,1513,1530,0.15337052055696063
16,1496,1512,0.15337904599227506
17,1501,1518,0.15338933715939942
18,1497,1515,0.15339690509437684
17,1502,1519,0.1534016385661921
16,1501,1517,0.15340845538873396
17,1495,1512,0.15341710987879462
16,1505,1521,0.1534220689822892
17,1501,1518,0.1534291226515867
18,1504,1522,0.15343297108545034
18,1506,1524,0.15343443847580818
18,1494,1512,0.15343605755598808
16,1492,1508,0.1534377958000465
16,1484,1500,0.15344405242165204
17,1493,1510,0.15345009693281536
17,1493,1510,0.15345265561887772
16,1491,1507,0.15345530277298722
16,1498,1514,0.15346016175662944
16,1503,1519,0.1534649240102968
16,1496,1512,0.15346957596149136
16,1486,1502,0.1534741067575873
16,1500,1516,0.15347850791655637
16,1502,1518,0.1534827730167418
16,1503,1519,0.153486897421583
15,1493,1508,0.15349087803560998
14,1498,1512,0.15349702958935119
15,1498,1513,0.15350502672882127
15,1494,1509,0.15351038604539738
14,1503,1517,0.1535133068514004
13,1500,1513,0.15351846695480056
12,1507,1519,0.15352660821194278
12,1515,1527,0.1535366531244081
11,1506,1517,0.15354533452075775
11,1502,1513,0.15355623317235928
12,1494,1506,0.15356568701790793
14,1487,1501,0.15357252309986777
14,1483,1497,0.15357353658164946
14,1480,1494,0.15357479044823993
13,1478,1491,0.15357624108013976
14,1499,1513,0.1535805655659993
15,1495,1510,0.1535815192235482
15,1481,1496,0.1535794244759607
16,1497,1513,0.1535777978697689
17,1494,1511,0.15357330661618374
17,1496,1513,0.1535663443701193
16,1503,1519,0.1535602471440275
14,1498,1512,0.15355747719584986
15,1506,1521,0.15355951900642506
15,1528,1543,0.15355951301075244
15,1518,1533,0.15355977516063968
15,1503,1518,0.1535602632128725
15,1499,1514,0.15356094000000747
15,1501,1516,0.1535617728797308
15,1508,1523,0.15356273324103886
15,1504,1519,0.15356379606153647
15,1508,1523,0.15356493951071135
15,1507,1522,0.15356614459455117
15,1502,1517,0.1535673948373309
15,1498,1513,0.15356867599680835
14,1497,1511,0.15356997580944218
14,1491,1505,0.15357343214680422
13,1495,1508,0.153576757021975
12,1501,1513,0.15358227012108422
11,1484,1495,0.1535896527206077
11,1470,1481,0.15359889273639038
12,1482,1494,0.15360744315308228
12,1490,1502,0.15361227100271613
12,1496,1508,0.15361694710875717
12,1499,1511,0.1536214667229213
12,1506,1518,0.15362582675275754
12,1506,1518,0.15363002552784857
13,1502,1515,0.15363406259315024
13,1489,1502,0.15363469659101842
13,1503,1516,0.15363547380613127
12,1493,1505,0.15363636790183471
12,1501,1513,0.15363950972698145
12,1492,1504,0.1536425946420642
13,1494,1507,0.1536456129288621
13,1488,1501,0.15364528675808636
14,1503,1517,0.1536451859018001
15,1505,1520,0.15364206041170383
15,1498,1513,0.1536361528921731
13,1492,1505,0.1536309543882311
13,1496,1509,0.15363071390499544
12,1497,1509,0.1536307719023365
12,1499,1511,0.15363339703873355
13,1507,1520,0.1536360792168296
13,1506,1519,0.15363582146701257
12,1522,1534,0.15363583651706922
12,1509,1521,0.15363859854070472
12,1519,1531,0.15364136745352056
12,1521,1533,0.1536441258468408
12,1501,1513,0.15364635005014057
11,1514,1525,0.15364861570478516
11,1518,1529,0.15365346005699876
11,1500,1511,0.15365811492964737
10,1501,1511,0.15366258146864153
11,1501,1512,0.1536685532563698
11,1495,1506,0.15367207468016963
11,1501,1512,0.1536754971376065
11,1507,1518,0.15367881538407452
10,1490,1500,0.1536820255870981
10,1499,1509,0.15368739430304135
10,1509,1519,0.15369250266495416
10,1503,1513,0.15369735996660827
11,1495,1506,0.15370197557557025
11,1499,1510,0.1537038577159265
11,1502,1513,0.15370570159527458
10,1507,1517,0.15370750208742845
10,1506,1516,0.1537114148519278
10,1506,1516,0.15371514614373177
10,1506,1516,0.1537187014205446
11,1511,1522,0.15372208635368956
9,1516,1525,0.1537223402198528
9,1500,1509,0.15372700845688977
9,1501,1510,0.15373149918382864
10,1509,1519,0.15373477615368616
11,1524,1535,0.1537347746025265
11,1519,1530,0.15373264594307964
11,1519,1530,0.15373091935127733
11,1526,1537,0.1537295441540424
11,1512,1523,0.15372847527955083
10,1508,1518,0.15372767267464238
10,1497,1507,0.1537292480188437
10,1494,1504,0.15373089252052544
10,1510,1520,0.1537325859757338
10,1520,1530,0.1537343109555646
10,1510,1520,0.15373605248825378
10,1507,1517,0.15373779777496627
9,1507,1516,0.15373953593585227
9,1522,1531,0.15374344982511906
10,1518,1528,0.15374720432256667
10,1515,1525,0.15374754812786265
10,1510,1520,0.15374804062754616
10,1498,1508,0.15374865627458278
10,1508,1518,0.15374937267759747
9,1505,1514,0.15375017025370885
8,1519,1527,0.15375318329583976
8,1511,1519,0.15375840082917414
8,1507,1515,0.1537633808478654
8,1513,1521,0.15376812987354083
8,1496,1504,0.15377265481098668
9,1501,1510,0.15377696284853135
9,1497,1506,0.15377783337567982
9,1506,1515,0.15377880316260847
9,1489,1498,0.15377985149240878
8,1489,1497,0.15378096031966718
8,1498,1506,0.15378451185684097
8,1502,1510,0.15378792675526676
8,1508,1516,0.15379120567182675
8,1506,1514,0.15379434995821042
8,1505,1513,0.15379736154832727
8,1507,1515,0.15380024285928523
8,1494,1502,0.153802996704469
8,1502,1510,0.15380562621740235
8,1506,1514,0.15380813478521396
8,1514,1522,0.15381052599064862
9,1520,1529,0.15381280356167396
10,1530,1540,0.15381091668596622
10,1525,1535,0.15380712675807887
10,1527,1537,0.15380376424294717
10,1529,1539,0.1538007842971255
9,1527,1536,0.15379814660798893
9,1508,1517,0.15379796889906971
10,1496,1506,0.1537979333327083
10,1497,1507,0.15379485532489134
12,1501,1513,0.15379216781782948
12,1493,1505,0.15378414124523535
12,1500,1512,0.15377690053409132
12,1503,1515,0.15377036921890197
12,1498,1510,0.15376447824562992
11,1512,1523,0.15375916525507535
11,1519,1530,0.15375702618419856
11,1515,1526,0.1537551497201415
11,1510,1521,0.1537535070819206
10,1508,1518,0.15375207247622655
10,1499,1509,0.15375298179172522
10,1519,1529,0.15375392418500428
9,1519,1528,0.1537548890092371
8,1504,1512,0.15375802211192588
9,1497,1506,0.15376349347956542
9,1506,1515,0.1537654040752473
9,1502,1511,0.15376733215819788
8,1520,1528,0.15376926377437283
8,1510,1518,0.1537741565854323
8,1518,1526,0.15377877256256295
8,1499,1507,0.15378312645143746
8,1501,1509,0.15378723230788588
7,1479,1486,0.1537911035195985
7,1490,1497,0.15379694755841702
7,1497,1504,0.15380244435423357
7,1512,1519,0.153807614051396
8,1511,1519,0.15381247567481032
8,1524,1532,0.15381414586612252
9,1518,1527,0.15381579132698237
9,1516,1525,0.15381415473456383
9,1495,1504,0.15381278628610992
10,1502,1512,0.15381165339975214
9,1492,1501,0.15380748588450222
8,1497,1505,0.15380595156574942
10,1526,1536,0.15380686303861574
10,1519,1529,0.1538034047805197
9,1520,1529,0.15380034572593654
9,1522,1531,0.15379984502497163
9,1521,1530,0.15379952355904383
9,1521,1530,0.1537993558818805
9,1514,1523,0.15379931950866457
9,1514,1523,0.15379939459900505
8,1515,1523,0.15379956367241632
8,1512,1520,0.1538021094923265
8,1503,1511,0.15380456702874148
6,1503,1509,0.1538069350253488
6,1512,1518,0.15381351526440634
7,1512,1519,0.15381974485807876
7,1527,1534,0.15382236914857134
7,1516,1523,0.15382387951369242
7,1513,1520,0.15382553533672635
7,1516,1523,0.15382730481496362
7,1523,1530,0.15382916029535687
7,1512,1519,0.15383107780865146
7,1507,1514,0.1538330366524031
6,1522,1528,0.15383501901793156
6,1518,1524,0.15383917402054006
7,1507,1514,0.1538431933991187
7,1503,1510,0.15384432820823235
7,1498,1505,0.1538455469873814
7,1494,1501,0.15384682984525005
7,1501,1508,0.15384815952597675
7,1503,1510,0.1538495211115761
6,1507,1513,0.15385090175566865
6,1515,1521,0.15385444204698992
5,1510,1515,0.15385785075134398
5,1513,1518,0.15386327871805672
5,1516,1521,0.1538684455785325
4,1514,1518,0.15387336045386818
4,1515,1519,0.153880333929782
4,1507,1511,0.15388692001060533
5,1508,1513,0.15389313859886386
6,1511,1517,0.15389573464188508
6,1508,1514,0.15389578235659562
5,1517,1522,0.15389598302206764
5,1501,1506,0.15389857038361654
5,1527,1532,0.15390111841191487
5,1518,1523,0.1539036180866727
5,1518,1523,0.15390606203915044
5,1512,1517,0.15390844434515333
5,1512,1517,0.15391076034090884
5,1519,1524,0.15391300645944173
5,1502,1507,0.1539151800853014
5,1499,1504,0.15391727942571407
4,1499,1503,0.15391930339642812
3,1499,1502,0.15392341957674657
3,1508,1511,0.1539297597915262
3,1512,1515,0.1539357282761085
3,1499,1502,0.1539413463579058
3,1505,1508,0.15394663418696564
2,1501,1503,0.1539516107962865
1,1509,1510,0.15395850441039868
1,1517,1518,0.15396714692599223
1,1506,1507,0.15397526738568643
1,1520,1521,0.15398289721621447
1,1524,1525,0.15399006596314568
1,1536,1537,0.15399680140243838
1,1524,1525,0.1540031296454817
1,1538,1539,0.15400907523799617
1,1528,1529,0.15401466125314248
1,1526,1527,0.15401990937916957
1,1525,1526,0.1540248400019143
2,1518,1520,0.1540294722824485
2,1525,1527,0.15403056217802916
2,1514,1516,0.15403169308948036
2,1522,1524,0.15403285211375725
2,1514,1516,0.1540340281419882
2,1519,1521,0.15403521165247575
2,1532,1534,0.15403639452577667
2,1531,1533,0.1540375698795987
2,1528,1530,0.15403873192147782
2,1540,1542,0.15403987581740397
1,1534,1535,0.1540409975747486
2,1528,1530,0.1540442611568944
2,1506,1508,0.15404512704247708
1,1512,1513,0.15404598203484907
1,1513,1514,0.1540490477975824
1,1504,1505,0.15405195604847743
1,1506,1507,0.1540547135474916
1,1509,1510,0.15405732691821047
1,1516,1517,0.15405980262936736
1,1516,1517,0.15406214698009582
1,1508,1509,0.15406436608843369
1,1510,1511,0.15406646588265185
1,1518,1519,0.15406845209502837
1,1531,1532,0.1540703302577327
3,1515,1518,0.15407210570052282
3,1505,1508,0.1540677454712982
3,1511,1514,0.15406382409186825
3,1499,1502,0.15406029804070862
3,1513,1516,0.15405712807451483
3,1509,1512,0.15405427880989536
4,1514,1518,0.15405171834583012
4,1511,1515,0.15404621221546771
3,1515,1518,0.15404123549985538
3,1508,1511,0.1540389456910819
4,1514,1518,0.15403695038784396
4,1525,1529,0.1540319437659185
4,1529,1533,0.15402747545161039
4,1521,1525,0.15402349033483986
4,1517,1521,0.15401993879679643
4,1508,1512,0.15401677617139342
4,1502,1506,0.15401396225903421
4,1519,1523,0.15401146088763795
4,1526,1530,0.1540092395163603
4,1516,1520,0.15400726887788332
4,1523,1527,0.15400552265554518
4,1507,1511,0.15400397719194064
4,1511,1515,0.15400261122594666
4,1513,1517,0.1540014056554211
4,1519,1523,0.1540003433230882
3,1511,1514,0.15399940882336327
4,1510,1514,0.1540009820097448
4,1512,1516,0.15399922499382826
5,1508,1513,0.1539974804643298
5,1509,1514,0.1539936470140571
5,1512,1517,0.15399019186603863
5,1518,1523,0.15398707807125342
5,1519,1524,0.1539842722665807
5,1521,1526,0.15398082656727485
5,1522,1527,0.15397777423056358
5,1518,1523,0.1539750735415441
5,1520,1525,0.15397268704302036
5,1521,1526,0.15397058111023015
5,1515,1520,0.15396872556750865
5,1510,1515,0.15396709334278577
6,1519,1525,0.15396566015621307
6,1513,1519,0.15396114349386308
6,1510,1516,0.15395708935343513
6,1516,1522,0.15395345144479092
5,1515,1520,0.153950188047843
5,1503,1508,0.1539495945696869
5,1517,1522,0.15394914558125547
5,1519,1524,0.1539485379915212
5,1504,1509,0.15394808327787612
4,1496,1500,0.15394776082771253
4,1504,1508,0.15394971639920801
4,1504,1508,0.1539516364456628
4,1506,1510,0.15395351493321352
4,1505,1509,0.15395534699684013
4,1520,1524,0.15395712879100337
4,1519,1523,0.15395885735699621
4,1522,1526,0.15396053050524836
4,1524,1528,0.15396214671100453
4,1525,1529,0.15396370502195786
4,1523,1527,0.1539652049765648
4,1523,1527,0.1539666465318984
4,1520,1524,0.15396803000001566
3,1509,1512,0.15396935599191772
3,1513,1516,0.15397284438192607
3,1529,1532,0.1539761378212799
3,1514,1517,0.15397924644047786
3,1502,1505,0.1539821799251433
3,1508,1511,0.15398494752620567
3,1512,1515,0.15398755807111922
3,1507,1510,0.1539900199758927
3,1525,1528,0.15399234125773562
3,1525,1528,0.15399452954815035
3,1518,1521,0.15399659210632552
3,1524,1527,0.1539985358327032
4,1524,1528,0.15400036728261388
4,1516,1520,0.15399883349144447
4,1527,1531,0.1539975038017961
4,1530,1534,0.1539963551625716
4,1522,1526,0.15399536694430338
4,1511,1515,0.15399452069422587
3,1515,1518,0.15399379991558848
3,1518,1521,0.1539953631797799
3,1522,1525,0.15399689243326375
3,1514,1517,0.15399838389907555
3,1518,1521,0.15399983458924374
3,1511,1514,0.15400124220331113
3,1514,1517,0.15400260503814306
3,1500,1503,0.15400392190784737
3,1500,1503,0.1540051920727482
2,1508,1510,0.15400641517646377
2,1522,1524,0.15400998292134624
2,1523,1525,0.15401333556856955
2,1529,1531,0.15401648601103207
2,1523,1525,0.1540194463761913
2,1533,1535,0.15402222807078292
2,1519,1521,0.1540248418229991
4,1517,1521,0.15402729772226387
4,1505,1509,0.15402317346902833
4,1515,1519,0.15401950379819038
4,1521,1525,0.1540162414521137
4,1510,1514,0.15401334393431448
4,1520,1524,0.154010773038345
4,1517,1521,0.1540084944227959
4,1517,1521,0.15400647722793098
4,1516,1520,0.15400469372990502
4,1510,1514,0.15400311902890584
4,1523,1527,0.15400173076791668
3,1521,1524,0.15400050887911662
3,1513,1516,0.15400160334521398
3,1521,1524,0.15400269865448885
3,1521,1524,0.15400378824752575
3,1527,1530,0.1540048665918728
3,1518,1521,0.15400592905899704
3,1511,1514,0.15400697181456774
3,1493,1496,0.1540079917206917
3,1495,1498,0.15400898624886616
3,1509,1512,0.15400995340253595
3,1503,1506,0.1540108916482561
3,1494,1497,0.15401179985455976
3,1499,1502,0.1540126772377246
3,1510,1513,0.15401352331371038
3,1517,1520,0.15401433785561594
3,1518,1521,0.1540151208560691
3,1522,1525,0.15401587249402351
3,1510,1513,0.15401659310548996
3,1504,1507,0.15401728315777788
3,1520,1523,0.15401794322686707
3,1511,1514,0.15401857397756824
3,1507,1510,0.15401917614616628
3,1505,1508,0.15401975052527292
3,1516,1519,0.15402029795064207
2,1505,1507,0.15402081928972902
2,1515,1517,0.15402351324961294
2,1521,1523,0.1540260473501003
2,1517,1519,0.1540284309604994
2,1514,1516,0.1540306729123474
2,1523,1525,0.15403278152915745
2,1518,1520,0.1540347646546322
2,1529,1531,0.1540366296794125
2,1534,1536,0.15403838356642582
2,1539,1541,0.15404003287489862
2,1531,1533,0.15404158378309457
2,1523,1525,0.15404304210983874
2,1520,1522,0.15404441333488525
2,1518,1520,0.15404570261818512
2,1510,1512,0.15404691481810773
2,1525,1527,0.1540480545086678
2,1527,1529,0.15404912599580783
2,1517,1519,0.15405013333278386
2,1525,1527,0.1540510803347002
2,1510,1512,0.15405197059223696
2,1510,1512,0.15405280748461245
1,1516,1517,0.15405359419182052
1,1519,1520,0.15405648687922097
1,1517,1518,0.15405920442841542
1,1528,1529,0.15406175740923203
1,1523,1524,0.1540641557569535
1,1522,1523,0.15406640881007952
1,1526,1527,0.15406852534587392
0,1532,1532,0.15406940862479981
