1375,29,1404,0.1357959192119552
1397,28,1425,0.13292914561167724
1430,29,1459,0.13026296959435885
1439,30,1469,0.12774489794582405
1443,28,1471,0.12543005069687518
1452,28,1480,0.12331316778812529
1449,27,1476,0.12136515372849571
1442,28,1470,0.11960183973503255
1448,28,1476,0.11801895312704003
1451,28,1479,0.11656450617672512
1450,29,1479,0.11523473362592368
1450,29,1479,0.114029387737883
1461,26,1487,0.11293345333062843
1466,26,1492,0.11190950384830604
1464,25,1489,0.11096620968175026
1457,25,1482,0.11011438029771303
1467,27,1494,0.10935694024202909
1463,29,1492,0.10864106965827211
1471,29,1500,0.10800033614891902
1469,30,1499,0.10739863004239587
1469,28,1497,0.10685745043201784
1476,29,1505,0.10636074458512222
1474,33,1507,0.10589553706735032
1477,31,1508,0.10547718460103434
1472,31,1503,0.1050878147213163
1461,29,1490,0.104745702104377
1459,29,1488,0.10446311953939948
1460,29,1489,0.1042115994994376
1468,28,1496,0.10397917028499107
1469,27,1496,0.10374856360827261
1458,26,1484,0.10353567793542746
1450,26,1476,0.10336772150344917
1449,26,1475,0.10323536825174298
1457,28,1485,0.10312009271842947
1465,28,1493,0.10299687953850008
1465,28,1493,0.10286411310992939
1456,28,1484,0.10274279175287575
1452,29,1481,0.1026527832227482
1443,29,1472,0.1025797686555616
1457,29,1486,0.1025355888588591
1451,29,1480,0.10246366105642035
1461,26,1487,0.10241278004233388
1462,27,1489,0.10234445843618949
1445,26,1471,0.10228005390197069
1451,29,1480,0.10225664246608615
1450,29,1479,0.10222231403501293
1457,27,1484,0.10219477531271778
1469,25,1494,0.10215547105202326
1476,25,1501,0.10208885002418629
1481,27,1508,0.10201223029663349
1478,29,1507,0.10192998249784235
1479,30,1509,0.101860790663127
1476,29,1505,0.10179574924720272
1468,30,1498,0.10174556634358786
1461,31,1492,0.10171717702079168
1459,31,1490,0.10170963241054111
1467,31,1498,0.10170967563833459
1462,31,1493,0.10169033568727626
1456,28,1484,0.10168467094597468
1473,28,1501,0.10169439375231953
1457,28,1485,0.10166579864311767
1452,29,1481,0.10167269012263634
1458,27,1485,0.10169064369938749
1468,28,1496,0.10169297323926668
1456,30,1486,0.10167335301270182
1457,29,1486,0.10168042558385376
1456,28,1484,0.10168582548996027
1451,28,1479,0.10169510481981525
1467,29,1496,0.10171548206197573
1450,27,1477,0.10169826094495278
1459,26,1485,0.10171794735295837
1460,26,1486,0.10171476876319792
1465,26,1491,0.10170981926527688
1480,27,1507,0.10169381578267239
1472,28,1500,0.10164496426233947
1456,27,1483,0.10161872249342889
1450,28,1478,0.1016305714265913
1453,29,1482,0.10165488553752748
1459,29,1488,0.10167151912986185
1469,29,1498,0.10167319052263768
1463,29,1492,0.10164999138633625
1467,30,1497,0.10164487704170437
1472,30,1502,0.10163177946556794
1480,30,1510,0.10160939913134698
1459,31,1490,0.10156969018789948
1466,30,1496,0.10158106562692286
1464,30,1494,0.1015759033099905
1457,30,1487,0.1015752878104518
1453,28,1481,0.10159102521940326
1450,28,1478,0.10161555895595234
1450,28,1478,0.10164458508341574
1454,26,1480,0.10167120560229553
1451,26,1477,0.10168455857754424
1458,26,1484,0.10170435268412077
1460,28,1488,0.10170827003683883
1458,27,1485,0.10170754512068822
1450,26,1476,0.10170976633401205
1457,26,1483,0.10172960628233339
1470,27,1497,0.10173379129839194
1472,27,1499,0.10170969092619978
1453,27,1480,0.1016809191384028
1459,27,1486,0.10169805882945093
1457,28,1485,0.10170140064094495
1464,28,1492,0.10170919015881327
1470,28,1498,0.10169981050077473
1459,28,1487,0.10167782248953461
1465,27,1492,0.10168346634414575
1465,27,1492,0.1016728124986997
1467,27,1494,0.10165952329742893
1472,29,1501,0.10164425440325975
1463,29,1492,0.10162124977479353
1461,29,1490,0.1016212715781658
1461,31,1492,0.10162492541465956
1439,31,1470,0.10162782091431243
1458,33,1491,0.10167823748298456
1458,34,1492,0.10168395969465605
1454,35,1489,0.10169165977537441
1451,33,1484,0.10170830796354069
1438,35,1473,0.10173167875547726
1459,34,1493,0.1017811796317579
1437,34,1471,0.10178048539028964
1441,35,1476,0.10182829324688138
1448,36,1484,0.10186287797887562
1443,36,1479,0.10188170589279723
1445,37,1482,0.10190966680637438
1441,38,1479,0.10192962746628222
1448,38,1486,0.10195511499248604
1453,36,1489,0.1019636792527858
1449,38,1487,0.10196226175491434
1456,40,1496,0.10197108863814101
1452,40,1492,0.10196011356644236
1451,41,1492,0.101958369024649
1446,41,1487,0.10196159278264659
1446,40,1486,0.10197389274698888
1449,39,1488,0.10198367335296182
1458,41,1499,0.1019847631969587
1453,42,1495,0.10196779314622248
1451,42,1493,0.10196290845942296
1444,38,1482,0.10196488784984346
1449,42,1491,0.10198324407038176
1452,38,1490,0.10198912468054938
1442,36,1478,0.10198865448690383
1438,34,1472,0.10201099618697636
1451,36,1487,0.10204165817945711
1447,35,1482,0.10203924028097636
1446,35,1481,0.10204530314804959
1465,37,1502,0.10205104986011651
1478,37,1515,0.10201135982645347
1475,37,1512,0.10194750536145179
1466,37,1503,0.10189532297029963
1463,38,1501,0.10186476513780444
1442,35,1477,0.10184281733028111
1452,38,1490,0.10187102491382972
1465,38,1503,0.10187525566728266
1460,38,1498,0.10185221332141164
1454,40,1494,0.10184301324033339
1451,41,1492,0.10185014266402291
1460,41,1501,0.10186251436438823
1452,41,1493,0.10185375631006764
1449,46,1495,0.10186367312365181
1437,46,1483,0.1018817988536854
1430,46,1476,0.10192592176695751
1439,46,1485,0.1019815227574048
1454,45,1499,0.10201280533075842
1448,44,1492,0.10200878078793991
1435,47,1482,0.10201666681150541
1434,47,1481,0.1020546243340366
1440,47,1487,0.10209311794908546
1431,48,1479,0.10211438248890815
1427,48,1475,0.1021540301238291
1430,46,1476,0.1022025175486914
1437,47,1484,0.10223963361229163
1440,47,1487,0.10225652371511222
1439,49,1488,0.10226282820581108
1442,50,1492,0.1022733359173001
1450,50,1500,0.10227507936937759
1438,52,1490,0.1022584860084987
1432,51,1483,0.10227166750021521
1435,48,1483,0.10229854352997343
1441,51,1492,0.1023163461058326
1438,51,1489,0.1023202686367231
1439,50,1489,0.10233038648870135
1423,56,1479,0.10233670013768338
1427,58,1485,0.10237799772847016
1435,60,1495,0.1024077311946672
1438,61,1499,0.1024180122531902
1439,61,1500,0.1024204871206036
1440,60,1500,0.10242294944559915
1446,61,1507,0.1024260649175163
1441,65,1506,0.10241108437911432
1443,65,1508,0.10240980792461116
1447,66,1513,0.10240747082500977
1448,64,1512,0.10239462580471409
1453,65,1518,0.10237956617996823
1446,63,1509,0.10235645146209603
1416,63,1479,0.10235182497744842
1416,65,1481,0.10241404024021503
1408,66,1474,0.10247192619037535
1418,66,1484,0.10254380040489132
1417,65,1482,0.10258574201355314
1434,66,1500,0.10262580235471244
1428,63,1491,0.10262675379477759
1442,66,1508,0.10264004851279467
1448,67,1515,0.10262126019109484
1428,63,1491,0.1025910183530604
1438,64,1502,0.1026096684427635
1445,65,1510,0.10260624075153583
1442,66,1508,0.10258651838344417
1441,67,1508,0.10257439089602911
1453,66,1519,0.10256584451971694
1439,65,1504,0.102532168139375
1439,61,1500,0.10253136430798365
1444,62,1506,0.10253004426320247
1444,67,1511,0.10251819550981388
1437,65,1502,0.10250804752043585
1444,63,1507,0.102515227317806
1440,66,1506,0.10250572477229251
1434,66,1500,0.10250537984891515
1438,69,1507,0.10251864988690204
1432,71,1503,0.10252320494324164
1426,74,1500,0.10254063200981169
1424,73,1497,0.10257113773916558
1419,71,1490,0.10260354067920215
1424,71,1495,0.1026448978493666
1422,72,1494,0.10267494636573833
1426,75,1501,0.10270522183411977
1425,76,1501,0.10272583401745548
1416,73,1489,0.10274700822527574
1419,72,1491,0.10278692084465182
1417,70,1487,0.10281763949301084
1425,73,1498,0.10284733958560299
1424,72,1496,0.10285760648646419
1424,73,1497,0.10287067076598672
1421,75,1496,0.10288088030383445
1430,74,1504,0.10289817235897904
1422,78,1500,0.10289243285376332
1417,78,1495,0.10290500326764347
1399,78,1477,0.1029259255513433
1401,84,1485,0.10298653416697282
1398,87,1485,0.10304130023121245
1388,88,1476,0.10310171743484813
1408,89,1497,0.10318077015524611
1407,87,1494,0.10320587036279447
1413,85,1498,0.10322668099778812
1402,83,1485,0.10323295729247689
1405,80,1485,0.10326553426077488
1407,78,1485,0.10328863902500875
1411,78,1489,0.10330445178826948
1416,78,1494,0.10331084071786883
1411,74,1485,0.10330727284850875
1414,72,1486,0.10331533104914463
1414,75,1489,0.10331616778169751
1417,77,1494,0.10331605934614889
1411,79,1490,0.10330830789370149
1417,81,1498,0.10331484120268516
1417,79,1496,0.10330845360293366
1417,81,1498,0.10330341384068648
1412,81,1493,0.10329976480716453
1411,80,1491,0.10330718884318024
1416,82,1498,0.10331513398367691
1421,82,1503,0.10330953928696122
1401,84,1485,0.10329379811792293
1401,81,1482,0.10332395674991794
1407,85,1492,0.10335183760302893
1398,83,1481,0.10336511004740259
1407,81,1488,0.1033980538950035
1415,82,1497,0.10340725873588147
1431,78,1509,0.10339672514367906
1424,79,1503,0.10334777799947752
1427,82,1509,0.10332039993041313
1421,80,1501,0.10329106844837316
1413,84,1497,0.10327778790095228
1408,84,1492,0.10328282843949936
1404,83,1487,0.1032997202782843
1400,81,1481,0.10332417115347389
1410,81,1491,0.10335617187935733
1408,81,1489,0.1033630281980275
1412,83,1495,0.10337257643521905
1415,82,1497,0.10337211213580894
1426,81,1507,0.10336535886294548
1422,84,1506,0.10333481852203809
1426,83,1509,0.10331607741903824
1427,84,1511,0.10328933356491522
1423,87,1510,0.10326462171233926
1417,85,1502,0.10324974722065557
1397,83,1480,0.1032500148225672
1400,82,1482,0.10329517364858103
1407,78,1485,0.1033314581823961
1414,79,1493,0.10334879150100271
1408,79,1487,0.10334961122310618
1420,77,1497,0.1033628407946249
1425,76,1501,0.10334826064885284
1420,77,1497,0.10332469892907432
1416,77,1493,0.10331109734900959
1417,77,1494,0.10330619706532856
1406,79,1485,0.10330030447474528
1407,80,1487,0.1033197746657574
1407,79,1486,0.10333407983256718
1408,77,1485,0.1033478101427169
1399,79,1478,0.103359499224161
1409,81,1490,0.10339049208962134
1408,82,1490,0.10339757748635924
1407,85,1492,0.10340565947277729
1403,87,1490,0.10341621027361679
1399,84,1483,0.10343469969371707
1416,83,1499,0.10346173419594812
1420,83,1503,0.10344918206187081
1425,87,1512,0.10342782813323236
1412,87,1499,0.10339609710231208
1410,86,1496,0.1033966984226607
1412,86,1498,0.10339963080872161
1411,85,1496,0.10340049640140188
1406,86,1492,0.10340487597535197
1411,87,1498,0.10341843207281894
1407,84,1491,0.10342049565302762
1397,82,1479,0.1034319392576769
1390,83,1473,0.10346380663906857
1392,85,1477,0.10350559921573727
1408,85,1493,0.10354087401003277
1416,87,1503,0.1035376956798733
1407,89,1496,0.10351605130526717
1402,86,1488,0.10351623761866889
1400,84,1484,0.10352754459318231
1397,88,1485,0.10354553712881628
1395,91,1486,0.10356770708925582
1385,87,1472,0.1035926024745808
1385,91,1476,0.10364162812746175
1381,91,1472,0.10368807739470291
1382,94,1476,0.10373922480349514
1382,97,1479,0.10378370065369513
1393,98,1491,0.10382583775809769
1397,98,1495,0.10383809794835716
1389,99,1488,0.1038391267610027
1403,100,1503,0.10385682562397464
1407,97,1504,0.1038410198510487
1403,101,1504,0.10381782531091163
1403,101,1504,0.10380465050828266
1393,100,1493,0.10379396722728743
1397,102,1499,0.10380776267836601
1383,103,1486,0.10381380621520474
1379,105,1484,0.10384983230487739
1387,105,1492,0.10389371917991962
1375,101,1476,0.10391705509911792
1372,103,1475,0.10396720493985705
1366,102,1468,0.10401748496103227
1375,103,1478,0.10407872015786389
1388,104,1492,0.10411533424160188
1383,107,1490,0.10411877081573463
1384,107,1491,0.10413119471870733
1394,104,1498,0.10414174011517317
1390,103,1493,0.1041325625065942
1379,104,1483,0.10413317639990194
1391,104,1495,0.10415987308687605
1406,103,1509,0.10415690513257957
1399,104,1503,0.10412077903083766
1398,105,1503,0.10410375168138325
1391,103,1494,0.10408864271455034
1388,104,1492,0.10409083115119643
1392,104,1496,0.10410006845095776
1389,105,1494,0.10409921974280227
1391,106,1497,0.10410617572062712
1391,105,1496,0.10410919424778076
1382,108,1490,0.10411079269701283
1384,108,1492,0.1041325838162202
1373,113,1486,0.1041495222215973
1375,113,1488,0.10419032489307029
1368,115,1483,0.10422541083542529
1380,116,1496,0.1042753212710005
1386,117,1503,0.10429399117603357
1366,117,1483,0.10429739664422648
1360,117,1477,0.10434628207392632
1371,120,1491,0.1044039821578887
1369,122,1491,0.10443187434591322
1360,123,1483,0.10446173523233286
1360,119,1479,0.10451198596247106
1355,123,1478,0.10455730865762287
1351,127,1478,0.10461173456497111
1345,124,1469,0.10467170037094208
1335,122,1457,0.10474268976291802
1358,120,1478,0.10482975757941386
1362,118,1480,0.10485527846200546
1362,123,1485,0.10487146670178266
1372,124,1496,0.10488442505344231
1350,125,1475,0.10487260009761379
1350,129,1479,0.1049127371686621
1370,129,1499,0.10494855025381479
1371,126,1497,0.1049391353148903
1366,125,1491,0.10492783407041145
1370,127,1497,0.10492864245267242
1352,127,1479,0.10492095035686226
1356,129,1485,0.10495205997259842
1357,128,1485,0.10496849982521184
1366,128,1494,0.10498471961537653
1376,127,1503,0.10497754535726969
1372,127,1499,0.10494956798547672
1369,128,1497,0.10493434972617335
1351,131,1482,0.1049258362390129
1354,129,1483,0.10496168115919961
1364,129,1493,0.10498997803378889
1373,134,1507,0.10499471938005772
1377,136,1513,0.1049775062083755
1366,131,1497,0.10495256967881236
1371,131,1502,0.10495289577161794
1365,131,1496,0.10494329244734021
1361,133,1494,0.10494793612272221
1369,135,1504,0.10496373785690688
1358,131,1489,0.1049598982329353
1370,133,1503,0.10498026535543165
1354,136,1490,0.10497397264596758
1352,137,1489,0.10500488168752992
1343,132,1475,0.10503863811024232
1343,137,1480,0.10508768208811536
1343,133,1476,0.10513415369101539
1345,135,1480,0.1051778320487646
1348,141,1489,0.10521393344646006
1351,138,1489,0.10524013051000734
1360,135,1495,0.10525577841671895
1361,138,1499,0.10525122995776243
1368,140,1508,0.10524539071215265
1357,141,1498,0.10522061065167344
1366,143,1509,0.10522002027851741
1360,143,1503,0.10520132172901761
1350,145,1495,0.1051969809099716
1351,146,1497,0.10521409859101535
1362,148,1510,0.10522940282239512
1365,144,1509,0.1052197165852223
1368,146,1514,0.10520510854610904
1362,143,1505,0.1051843980638803
1359,146,1505,0.10518040248446348
1342,143,1485,0.10518610114879799
1339,146,1485,0.1052295511599349
1335,146,1481,0.10527545158548347
1346,141,1487,0.10532529226836036
1351,142,1493,0.10534693497328916
1348,141,1489,0.1053543762529569
1346,147,1493,0.10537037203052475
1345,150,1495,0.10539157398324984
1325,152,1477,0.10541006660984432
1331,155,1486,0.10547211597792991
1345,153,1498,0.1055154673754955
1351,155,1506,0.10552617780354144
1333,155,1488,0.10552361809031613
1335,156,1491,0.10556060708941621
1344,157,1501,0.10559216423622565
1341,157,1498,0.10560096287801482
1357,158,1515,0.10561741662250601
1360,156,1516,0.10559574296213547
1344,162,1506,0.10556845385112248
1353,162,1515,0.1055803949965522
1344,159,1503,0.10557223379681188
1345,158,1503,0.10558465122207736
1351,157,1508,0.10559438963485115
1341,157,1498,0.10559162371213322
1335,157,1492,0.10561177868099385
1331,162,1493,0.10564465332421272
1337,159,1496,0.1056797033192675
1332,153,1485,0.10570012482718408
1344,155,1499,0.10573184591356755
1334,158,1492,0.10573582449402297
1340,158,1498,0.10576286960184297
1324,156,1480,0.10577523263364658
1329,158,1487,0.10582273176084325
1329,164,1493,0.10585695508813486
1331,166,1497,0.10588854033281438
1331,167,1498,0.105913006747457
1315,171,1486,0.10593671858442433
1322,172,1494,0.10599574221696959
1323,173,1496,0.1060360475053507
1322,174,1496,0.10607251217852344
1318,176,1494,0.10610522091031253
1319,176,1495,0.10614412320350532
1304,176,1480,0.10617955226051291
1307,175,1482,0.10624405288422611
1309,172,1481,0.10629520738464622
1315,173,1488,0.10633830992319793
1305,179,1484,0.10636607394071276
1297,179,1476,0.10641310833306267
1322,177,1499,0.10647420232248578
1316,180,1496,0.10647446724951698
1309,179,1488,0.10648810162284664
1316,177,1493,0.10651845588710918
1316,181,1497,0.10653030182921316
1306,182,1488,0.10653918284176025
1308,187,1495,0.106570641550288
1314,189,1503,0.10659602348361563
1318,186,1504,0.10660717299673905
1311,188,1499,0.10660952903672614
1301,187,1488,0.10663069027023113
1318,189,1507,0.10667399701837038
1324,186,1510,0.10667213130933423
1312,186,1498,0.10665822014723954
1311,189,1500,0.10667203346069681
1308,193,1501,0.10668897687337463
1302,203,1505,0.1067124422948406
1292,200,1492,0.10674750388235621
1290,206,1496,0.10680455269466735
1283,209,1492,0.10686114942887666
1297,213,1510,0.1069280875362022
1300,210,1510,0.10695816270554072
1303,211,1514,0.10698048892393902
1298,208,1506,0.10699608637742557
1289,211,1500,0.10702259807176681
1285,215,1500,0.10706689068608495
1270,218,1488,0.10711940983678118
1271,216,1487,0.10720014592429955
1271,217,1488,0.10727399941674857
1281,215,1496,0.10734225428092825
1271,213,1484,0.10737958139011848
1282,210,1492,0.10743858953275078
1269,210,1479,0.10746642502459934
1280,211,1491,0.10752116589273736
1280,214,1494,0.10754638847472965
1282,217,1499,0.10757324308936068
1276,214,1490,0.10759338299149565
1289,218,1507,0.10762593608704925
1286,211,1497,0.10762551467547839
1279,212,1491,0.10763410632609859
1274,207,1481,0.10765789280773955
1277,206,1483,0.10769217627954482
1290,213,1503,0.10771800782381875
1284,220,1504,0.10771215245946376
1285,219,1504,0.10771953368809553
1286,225,1511,0.10772368622159423
1286,221,1507,0.10772682812425698
1276,222,1498,0.107730160035025
1274,221,1495,0.10775695997206818
1286,216,1502,0.10778463751532025
1295,213,1508,0.1077838279251769
1299,219,1518,0.10776239247075303
1279,220,1499,0.10773106454830239
1284,222,1506,0.10774952025571154
1290,221,1511,0.10775650578668769
1290,220,1510,0.10775069362325446
1292,222,1514,0.10774451941489152
1295,228,1523,0.10773031633678533
1288,229,1517,0.10771029963209756
1289,231,1520,0.10770861843492878
1280,227,1507,0.10770738154008465
1284,226,1510,0.10772702019328378
1275,225,1500,0.10773349230148309
1283,228,1511,0.10776192149651945
1279,228,1507,0.10777048375959343
1287,227,1514,0.10778928266694454
1276,232,1508,0.1077899481683136
1255,229,1484,0.10781433388726723
1255,240,1495,0.10788351124619709
1249,235,1484,0.10794606875210264
1252,241,1493,0.10802097570963141
1243,239,1482,0.10808395665904262
1259,239,1498,0.10816206268752027
1275,240,1515,0.10819864739168882
1262,242,1504,0.10819645229451857
1255,241,1496,0.1082228324255815
1255,245,1500,0.10826428498443473
1241,250,1491,0.10830310883645548
1242,247,1489,0.10836880238591999
1249,251,1500,0.1084293689142633
1238,250,1488,0.10847291205146564
1238,251,1489,0.10853658807927935
1241,259,1500,0.10859536541926383
1234,259,1493,0.10864218252867275
1238,261,1499,0.10870086947946751
1245,256,1501,0.10874458354460302
1238,259,1497,0.10877091822880768
1248,255,1503,0.10881111096880484
1243,257,1500,0.10882726702527297
1242,258,1500,0.10885353155556787
1228,256,1484,0.10888310159904105
1233,257,1490,0.10894213909046271
1234,262,1496,0.10898456606734391
1236,260,1496,0.10902263913797779
1233,261,1494,0.10905111413561315
1238,263,1501,0.1090837322498984
1243,261,1504,0.10910157807752784
1244,255,1499,0.10910705506889957
1248,258,1506,0.10911104781917583
1248,263,1511,0.10910683930546633
1241,260,1501,0.10910567129904727
1237,264,1501,0.10911957931381927
1232,261,1493,0.10914437092046007
1239,263,1502,0.1091732092442757
1240,268,1508,0.1091856776324282
1228,275,1503,0.10919811790173979
1230,282,1512,0.10923837089697613
1235,286,1521,0.10927330517413437
1238,286,1524,0.10929675653783243
1238,282,1520,0.10931192184757092
1231,287,1518,0.10932699934806415
1218,285,1503,0.10935670743517562
1209,285,1494,0.10941380175597679
1212,284,1496,0.1094888012900174
1211,287,1498,0.10955251339466722
1208,291,1499,0.10961167569568271
1210,290,1500,0.10967369660125201
1209,289,1498,0.1097276181764445
1198,291,1489,0.10977984532449185
1202,292,1494,0.10985400470754496
1200,295,1495,0.10991309920481065
1207,291,1498,0.10997236659479537
1205,297,1502,0.11001333498599386
1202,307,1509,0.11005577526347904
1201,304,1505,0.11010245447605743
1187,307,1494,0.11015047511598627
1178,310,1488,0.11022858110616579
1176,311,1487,0.11032184678518979
1198,306,1504,0.11041529957413727
1192,312,1504,0.11045135039183407
1179,317,1496,0.1104961041998343
1191,312,1503,0.11056421800988346
1188,312,1500,0.11060225322551652
1193,315,1508,0.11064491096543701
1192,318,1510,0.11067168413507676
1191,322,1513,0.11070028988979605
1195,315,1510,0.11073114073685554
1203,314,1517,0.11075002039851757
1204,321,1525,0.11075182484516696
1190,325,1515,0.11074807816455598
1192,326,1518,0.11077777781262461
1169,332,1501,0.11080318490464816
1180,325,1505,0.11088149243437494
1170,326,1496,0.11092920871397272
1174,325,1499,0.11099576443630273
1174,329,1503,0.11104845502802849
1166,326,1492,0.11109964158432828
1167,326,1493,0.11116608118113756
1173,332,1505,0.11122479804172142
1168,328,1496,0.11126414314203198
1154,328,1482,0.11131440380613253
1146,328,1474,0.11139231809343693
1167,328,1495,0.11148101797645622
1160,330,1490,0.11151288951841426
1149,334,1483,0.11155845264735204
1155,335,1490,0.11162572702574326
1152,343,1495,0.11167084778842394
1153,341,1494,0.11172121556276275
1151,339,1490,0.11176723408544528
1148,344,1492,0.11181903529042186
1160,351,1511,0.11187153651383598
1151,354,1505,0.11189176067317932
1159,350,1509,0.11192921804782287
1158,343,1501,0.11194945259450709
1158,348,1506,0.11197241265720204
1159,350,1509,0.11199394145806245
1154,348,1502,0.1120102552940131
1159,347,1506,0.11203624492425313
1153,346,1499,0.1120476372511213
1159,350,1509,0.11207311263345489
1153,352,1505,0.11208429602330991
1153,354,1507,0.11210636828138171
1156,357,1513,0.11212808078685839
1161,350,1511,0.11213864143885865
1159,353,1512,0.11213951369730582
1152,355,1507,0.11214781062200277
1150,359,1509,0.11216990665975349
1153,357,1510,0.11219682467854959
1145,361,1506,0.11221330793068483
1144,359,1503,0.11225053513998925
1145,363,1508,0.11228897969716238
1143,366,1509,0.11232045364194558
1125,367,1492,0.11235041031530794
1115,370,1485,0.11242034660188342
1122,372,1494,0.11250838358422388
1121,376,1497,0.11257273333731536
1121,375,1496,0.11263572991928704
1110,375,1485,0.11269466085069219
1115,373,1488,0.11277577781773364
1119,366,1485,0.11283836125559649
1107,370,1477,0.11288939055600604
1112,374,1486,0.11296535630635592
1110,376,1486,0.11302335819721167
1111,379,1490,0.11307827094949378
1111,377,1488,0.11312423281996775
1117,375,1492,0.11316485019767797
1121,381,1502,0.11319267751745528
1120,379,1499,0.11321142304055906
1129,371,1500,0.11323079492006795
1121,371,1492,0.11322972454992232
1127,377,1504,0.11324719539304141
1131,371,1502,0.11324907362332498
1121,374,1495,0.11324266179038801
1142,368,1510,0.11326233005608273
1139,370,1509,0.11323201976977057
1130,367,1497,0.11320808165675668
1120,369,1489,0.11320242847664357
1123,374,1497,0.11322448476502117
1128,379,1507,0.11323702363406195
1122,383,1505,0.11323863775956201
1124,376,1500,0.11325381159115365
1123,372,1495,0.11326432751814183
1121,378,1499,0.11327331379835139
1104,378,1482,0.11328713000588791
1096,378,1474,0.11334119350173566
1110,376,1486,0.11341048740210453
1116,377,1493,0.11344167549398625
1117,380,1497,0.113455448538374
1119,381,1500,0.11346828639141832
1115,380,1495,0.1134774092024236
1123,380,1503,0.11349390274392103
1119,381,1500,0.11348826460126592
1129,378,1507,0.11349139732477251
1122,382,1504,0.11347103033754995
1113,382,1495,0.11346957306196348
1119,386,1505,0.11348991422063212
1110,393,1503,0.1134959604373089
1114,391,1505,0.1135217944001818
1117,381,1498,0.11353833959180357
1112,387,1499,0.11354493603947556
1111,384,1495,0.11356495223002899
1112,387,1499,0.11358700250873202
1099,389,1488,0.11360576090338824
1100,388,1488,0.11365264584459417
1094,395,1489,0.11369493148631081
1094,396,1490,0.11374833869059824
1096,397,1493,0.11379744264492661
1084,397,1481,0.11383855492471237
1075,392,1467,0.1139052147047284
1088,392,1480,0.11398621893574903
1098,384,1482,0.11403194075052453
1107,397,1504,0.1140496047937061
1107,403,1510,0.11404397278232331
1087,400,1487,0.11403974149418081
1094,404,1498,0.11408355588673846
1097,397,1494,0.11410645031200098
1091,395,1486,0.11412402302436674
1086,397,1483,0.11415381809663447
1097,397,1494,0.11419435636172469
1102,396,1498,0.11420500329975905
1097,397,1494,0.11420315090590342
1097,396,1493,0.11421053974362985
1090,405,1495,0.11421687987773971
1096,406,1502,0.11424174125962701
1102,409,1511,0.1142497092952939
1093,407,1500,0.11424591240544744
1072,407,1479,0.11426310744598832
1071,410,1481,0.11432707323285314
1086,414,1500,0.11439197494859127
1087,417,1504,0.11441508764817922
1078,412,1490,0.11443261670533093
1078,418,1496,0.11447150437505012
1074,424,1498,0.11450980015246288
1082,427,1509,0.11455417112514002
1089,432,1521,0.11457832817578872
1081,434,1515,0.11458600932139604
1078,436,1514,0.11461304991503067
1074,430,1504,0.11464546216233257
1066,427,1493,0.11468571124601386
1063,426,1489,0.11474163699428541
1055,426,1481,0.11480262303636955
1042,422,1464,0.1148795421983813
1046,428,1474,0.11498139579164761
1068,430,1498,0.11506532635659482
1068,427,1495,0.11508984267113842
1078,429,1507,0.11511323078943533
1080,424,1504,0.11510785157112668
1062,431,1493,0.11509493135061367
1061,426,1487,0.11512405229073303
1054,423,1477,0.11515413149726267
1065,420,1485,0.11519875633440695
1067,430,1497,0.11521112983062289
1072,430,1502,0.11521787292769738
1070,429,1499,0.11521195828078774
1065,433,1498,0.11521175489161387
1078,440,1518,0.11522368415529854
1063,440,1503,0.11520867193197663
1060,444,1504,0.11523049893013486
1052,446,1498,0.11525558324269752
1047,446,1493,0.1153000982736701
1043,452,1495,0.1153543173149551
1037,447,1484,0.11541819877410342
1036,453,1489,0.11549178821024832
1037,450,1487,0.11556054566315228
1039,453,1492,0.11561813826679401
1036,456,1492,0.1156680535085118
1046,458,1504,0.11571879494616905
1048,457,1505,0.11574319148777736
1046,450,1496,0.11576261287651322
1054,455,1509,0.11578542328634658
1041,451,1492,0.11578945883119146
1036,451,1487,0.11582631660972029
1042,458,1500,0.11586770615976719
1035,466,1501,0.11589384038868265
1021,464,1485,0.11593358590115453
1023,464,1487,0.1160031871703555
1040,464,1504,0.1160623555058531
1030,465,1495,0.11607854963201092
1022,470,1492,0.11611644158755847
1024,466,1490,0.11617111535499601
1024,470,1494,0.11621754298900018
1021,477,1498,0.11625816479005885
1020,469,1489,0.11630565641082535
1031,467,1498,0.11635129404880505
1028,465,1493,0.1163681143377179
1036,461,1497,0.11639039592511108
1037,458,1495,0.11639368561958452
1033,462,1495,0.11639070042057988
1031,464,1495,0.11640005191303747
1027,461,1488,0.1164157089065667
1027,465,1492,0.11643947171343819
1026,472,1498,0.11646242815191903
1029,471,1500,0.11648480930405128
1035,471,1506,0.11649908023303629
1029,475,1504,0.11649737297253321
1022,481,1503,0.11651177801869725
1028,475,1503,0.11653946796456935
1023,472,1495,0.11655113127153878
1035,460,1495,0.11657660137985033
1030,459,1489,0.11657240795722626
1039,464,1503,0.11657745175911996
1056,463,1519,0.11656050601827755
1052,466,1518,0.11650564687649378
1039,462,1501,0.11646468593615392
1037,460,1497,0.11646001028351502
1047,458,1505,0.11645891779316772
1043,456,1499,0.11643203961893316
1049,464,1513,0.11641611631768872
1040,463,1503,0.11638722557909674
1036,463,1499,0.11638380523042863
1045,460,1505,0.11638841068239639
1050,465,1515,0.11637205159152472
1039,474,1513,0.11634851993432344
1049,478,1527,0.11635012920068563
1039,486,1525,0.11633028718773339
1029,474,1503,0.11633673032527739
1021,482,1503,0.11636814915170575
1002,488,1490,0.1164183248072853
1017,496,1513,0.11650872050112841
1016,482,1498,0.1165599326845121
1013,485,1498,0.11660879072767687
1014,483,1497,0.11666158222769937
1016,482,1498,0.11670706283949278
1008,488,1496,0.1167452706907037
1006,488,1494,0.11679947387321638
1003,491,1494,0.11685419155572235
1013,495,1508,0.11691562226484496
1020,493,1513,0.11695027037639232
1017,496,1513,0.11696577268024648
1002,497,1499,0.11698652897425017
1001,506,1507,0.11704171100442677
1007,509,1516,0.11709582114531635
1008,503,1511,0.11712987434465216
1003,499,1502,0.11716090816103021
988,499,1487,0.11719806487973294
996,496,1492,0.1172653641838394
1001,500,1501,0.11731090645825888
1010,502,1512,0.1173419246030317
1004,506,1510,0.11735005384925339
998,503,1501,0.1173711978569862
1002,501,1503,0.11740471601674335
1005,501,1506,0.11743053892355938
1003,492,1495,0.1174483398896156
1007,500,1507,0.11747118164704892
1010,509,1519,0.11748457834854817
1010,502,1512,0.1174901534920323
995,497,1492,0.11749188709947
995,501,1496,0.11752742298812677
990,505,1495,0.11756191656968003
991,506,1497,0.11760202601658008
981,508,1489,0.11763835293067888
979,513,1492,0.11769570586052297
983,508,1491,0.11775406359336998
978,514,1492,0.11780093744178283
976,508,1484,0.11785658880961151
985,506,1491,0.11791066436486887
968,507,1475,0.11793521236103281
972,511,1483,0.11799791364133952
983,507,1490,0.11804489036274438
987,508,1495,0.11806089545647853
1000,509,1509,0.11806633343009913
995,506,1501,0.11804403373306731
995,519,1514,0.11803477999843767
1003,515,1518,0.1180278313535763
997,512,1509,0.11800027029086355
984,518,1502,0.11798922121951864
982,515,1497,0.11801017901566542
979,524,1503,0.11803525821400906
967,526,1493,0.1180646761416625
971,528,1499,0.11812163003079118
976,528,1504,0.11816447305206804
978,523,1501,0.11819487765581814
976,526,1502,0.11821910408560761
971,529,1500,0.11824705670104795
976,534,1510,0.11828413007209428
969,536,1505,0.11830794842103741
955,533,1488,0.11834849522888131
963,541,1504,0.11841733579362355
954,533,1487,0.118461933850211
965,536,1501,0.11852561317398112
971,536,1507,0.11855753276213107
969,537,1506,0.1185740622121395
958,539,1497,0.11859784362948879
969,546,1515,0.11864457330201614
959,548,1507,0.11866296881426054
956,548,1504,0.11870449241154586
944,554,1498,0.11875113371065027
952,549,1501,0.11881944190760355
955,561,1516,0.11886725771913362
949,549,1498,0.11890584071568998
955,547,1502,0.11895501481800781
960,553,1513,0.11898545059207848
953,544,1497,0.1190015786372081
943,551,1494,0.11903188773867007
944,547,1491,0.11908443766128178
941,551,1492,0.11912938079600927
944,560,1504,0.11917924463011735
944,557,1501,0.11922151740736073
950,557,1507,0.11925558976241472
958,565,1523,0.11927229046240928
955,564,1519,0.11926612297966897
948,564,1512,0.1192692485746978
952,570,1522,0.1192905992768408
953,563,1516,0.11930150151274443
934,558,1492,0.11931074396154838
943,557,1500,0.11936582273522917
936,562,1498,0.11939783479878453
944,553,1497,0.11944610592209509
944,559,1503,0.11947156706367285
945,554,1499,0.11949437703897135
938,557,1495,0.11951502305068501
941,561,1502,0.11954881521391933
949,569,1518,0.11957498419690651
945,575,1520,0.11958161607026714
951,567,1518,0.11959676605365799
947,568,1515,0.11959949202014043
943,567,1510,0.11960819501822946
944,573,1517,0.11962400940974191
945,580,1525,0.11963338224639126
934,580,1514,0.11964309303157762
936,591,1527,0.1196785278399179
923,596,1519,0.11971045539181499
909,585,1494,0.11977123333347514
906,596,1502,0.11985945862507733
908,595,1503,0.11994875463772445
903,598,1501,0.12002767269658608
913,602,1515,0.12011150130431397
906,603,1509,0.12016597098743155
907,601,1508,0.12023522195509902
900,599,1499,0.12029779915754117
898,597,1495,0.12037442790952634
889,597,1486,0.12045046876778183
897,607,1504,0.1205386919781501
892,618,1510,0.12060296150142386
895,618,1513,0.1206746687733476
888,607,1495,0.12073071952920554
889,611,1500,0.12079958110908613
889,607,1496,0.12085981419879882
879,614,1493,0.12091630753447422
879,616,1495,0.12098994052096247
883,618,1501,0.12105797881220702
882,627,1509,0.12111221999805957
874,628,1502,0.12116474844140011
867,628,1495,0.12123270185658445
858,635,1493,0.12131709982037918
869,627,1496,0.1214135277282564
859,630,1489,0.12147444063484729
858,639,1497,0.12155603194449799
859,641,1500,0.12163415115297535
863,644,1507,0.12170822292951261
856,642,1498,0.12176515220762699
844,642,1486,0.12183551057219809
839,645,1484,0.12192809839693446
836,653,1489,0.12202419050290736
831,659,1490,0.12212243497921428
832,656,1488,0.1222278391647437
833,660,1493,0.12232065963179117
833,668,1501,0.12240481579095235
827,664,1491,0.12248385742864987
833,668,1501,0.12257389790419339
831,672,1503,0.12264459613009211
824,670,1494,0.12271620389414158
815,677,1492,0.12279728694680948
799,689,1488,0.12289369727382495
812,691,1503,0.12302155928816601
808,696,1504,0.12310933331834484
808,691,1499,0.12320026283643752
805,694,1499,0.12328787883686536
804,691,1495,0.12337562529821466
804,705,1509,0.12346182657008377
808,705,1513,0.12354425445933778
803,713,1516,0.12361316704240913
791,708,1499,0.12368954966023722
788,718,1506,0.12378846170000311
790,719,1509,0.12388848770376958
788,716,1504,0.12397266658806391
780,721,1501,0.12405774256635552
786,719,1505,0.12415718904777312
782,714,1496,0.12423341904953973
792,724,1516,0.1243151844701789
803,715,1518,0.12436570647514757
804,712,1516,0.12438701281819807
793,720,1513,0.1244047005801308
780,725,1505,0.12444746349471465
783,722,1505,0.12451959661669434
776,724,1500,0.12457705537641015
776,723,1499,0.12464678801998609
777,730,1507,0.12471181802923809
767,737,1504,0.12477221465182962
755,742,1497,0.12485284669529975
753,749,1502,0.1249574479454359
761,753,1514,0.12506095824897578
759,757,1516,0.12513884385616564
749,765,1514,0.12521667812040607
747,765,1512,0.12531282014414175
725,754,1479,0.12540655670413414
733,754,1487,0.12554713471712997
735,760,1495,0.12565942060829147
740,762,1502,0.1257602138162102
741,764,1505,0.12583975754205204
743,774,1517,0.12591132820490844
746,767,1513,0.12597183178677818
752,768,1520,0.12602360669671359
746,765,1511,0.1260575123735296
739,757,1496,0.1261054747143042
735,765,1500,0.1261641474108337
717,775,1492,0.12623010596669823
712,773,1485,0.12633227768024205
702,779,1481,0.12643946433667771
707,776,1483,0.12656224438921057
709,773,1482,0.12666693276315485
718,780,1498,0.1267595353048075
716,795,1511,0.1268202574705956
717,792,1509,0.1268820406697328
711,791,1502,0.1269390259825318
719,787,1506,0.12701038513963206
716,796,1512,0.12705928018416693
708,800,1508,0.1271131055174494
716,805,1521,0.12718131904231375
712,815,1527,0.1272254748264008
702,805,1507,0.1272761704230407
711,804,1515,0.127348290512028
705,799,1504,0.12739502101153366
702,801,1503,0.12745606188985437
713,803,1516,0.12751903978910195
710,807,1517,0.127549807133128
704,808,1512,0.12758573825838326
701,803,1504,0.12763536700742847
695,811,1506,0.12768779989617485
695,806,1501,0.12774862152235977
698,805,1503,0.12780772836897034
694,812,1506,0.12785893769864448
695,812,1507,0.12791271752357367
696,826,1522,0.127961258086998
692,818,1510,0.1280059028681552
694,815,1509,0.1280586112944394
697,816,1513,0.12810451016524513
698,810,1508,0.12814071203157604
694,803,1497,0.12816934109009084
696,803,1499,0.12820241423413142
690,806,1496,0.1282264618157286
694,814,1508,0.12826328203729784
689,824,1513,0.12828886253288427
686,838,1524,0.1283236477315616
674,821,1495,0.12836259681618858
671,822,1493,0.12842920890964238
672,829,1501,0.12849811129120312
668,841,1509,0.12855930413125619
665,843,1508,0.1286311662365218
665,844,1509,0.1287065380434479
669,849,1518,0.1287767676395591
665,852,1517,0.12883544087982124
672,851,1523,0.1289022599378143
669,856,1525,0.12895059533916106
662,853,1515,0.1289983328035628
665,857,1522,0.12905903460918938
669,851,1520,0.12910722311582
672,848,1520,0.12914132340866674
667,843,1510,0.1291651144499693
668,837,1505,0.12919694224187328
667,843,1510,0.1292235722376865
656,852,1508,0.12924763035007783
650,854,1504,0.12929754050606262
662,865,1527,0.12936057792854982
656,857,1513,0.12939208884940925
651,851,1502,0.12943927421323195
647,854,1501,0.12949480907555053
651,861,1512,0.1295573738146402
659,859,1518,0.12960394860204794
654,856,1510,0.12962635061736066
653,852,1505,0.12966181019768908
656,859,1515,0.1296930915316414
653,862,1515,0.12971520110785362
648,857,1505,0.1297399245837805
651,853,1504,0.12977314534281598
645,858,1503,0.12979819102829926
648,856,1504,0.12983820535735366
645,858,1503,0.12986880824754257
645,863,1508,0.12990620128750524
638,868,1506,0.12994248568731984
642,869,1511,0.12999357184351212
651,868,1519,0.13003206650692337
645,870,1515,0.13004560563832646
632,878,1510,0.13007550499753204
636,885,1521,0.13013614910649002
633,891,1524,0.13018439066302506
629,883,1512,0.13023799009203998
622,887,1509,0.1302947167191981
627,878,1505,0.1303630993828583
633,881,1514,0.13041578267448414
631,896,1527,0.13045003709525782
625,886,1511,0.13048574813513023
627,887,1514,0.13053268326010145
625,889,1514,0.1305728720289582
625,887,1512,0.1306143007982591
624,886,1510,0.13064891985623445
619,883,1502,0.1306871748543082
614,897,1511,0.13073488182723175
617,879,1496,0.13079324871448705
624,893,1517,0.13083954107729864
613,895,1508,0.13086217460325933
611,898,1509,0.1309093317765215
616,893,1509,0.13095907623841976
613,903,1516,0.13099469197049823
610,902,1512,0.13103474610221977
607,909,1516,0.1310817372063988
607,904,1511,0.1311308962447744
608,907,1515,0.13117857241567007
604,903,1507,0.13122125710412
601,903,1504,0.13126852260579397
601,906,1507,0.13131779787077796
597,920,1517,0.13136177296376675
604,918,1522,0.13141314805117005
593,921,1514,0.13144681942017347
592,923,1515,0.1315025583925666
590,930,1520,0.13155919026154217
582,926,1508,0.13161580615075993
578,926,1504,0.13169026915856744
577,926,1503,0.13176948408930553
568,929,1497,0.1318445108051726
570,931,1501,0.13193538266982913
577,935,1512,0.13201651412211413
564,942,1506,0.13207524907029317
570,938,1508,0.13216159921114118
568,942,1510,0.13222766566831445
562,945,1507,0.13229333710280425
564,938,1502,0.13236946334150673
565,951,1516,0.1324379114529705
558,950,1508,0.1325001042542863
560,949,1509,0.1325742825625187
555,946,1501,0.13263808421259635
553,949,1502,0.13270990883409303
547,956,1503,0.13278130885353323
554,956,1510,0.13286127564265024
552,956,1508,0.1329188857317985
545,962,1507,0.1329778888056201
548,956,1504,0.1330493873901834
549,954,1503,0.13311072548010286
544,961,1505,0.13316443387168003
546,966,1512,0.13322557700794216
547,971,1518,0.13327670338738837
541,981,1522,0.13332268046932025
541,980,1521,0.13337917876545208
533,978,1511,0.13343284580668652
530,986,1516,0.13350016234266632
530,992,1522,0.1335683838549867
529,988,1517,0.13363256399041512
517,1001,1518,0.13369644728994015
511,985,1496,0.13378604588514487
518,988,1506,0.1338866272561204
505,994,1499,0.13396353854685383
503,994,1497,0.1340667494107573
503,997,1500,0.13416859156148225
499,1004,1503,0.1342655783543939
501,1001,1502,0.1343635531130245
495,1006,1501,0.13444868054668688
498,1002,1500,0.1345436745258756
503,1010,1513,0.13462422503055768
499,997,1496,0.1346869653232539
499,1012,1511,0.13475462245445258
493,1009,1502,0.13481579877407024
497,1015,1512,0.1348841403874469
484,1024,1508,0.13493612476845246
489,1016,1505,0.13501704775650197
494,1022,1516,0.13508176573534603
493,1018,1511,0.13513142707300557
482,1023,1505,0.13517910100878486
479,1029,1508,0.1352486016037399
473,1030,1503,0.13532089155799887
480,1021,1501,0.1354012708154616
480,1030,1510,0.1354577614752257
485,1025,1510,0.13550885538660654
476,1033,1509,0.13554477919990307
473,1047,1520,0.13560299545461482
473,1052,1525,0.135665375558794
469,1043,1512,0.1357257588973594
474,1033,1507,0.13579230915613474
484,1033,1517,0.1358431863369902
476,1032,1508,0.1358646289035908
473,1039,1512,0.13590186815386734
470,1043,1513,0.1359447720819565
472,1046,1518,0.13599431752076963
473,1066,1539,0.13603420562891497
469,1066,1535,0.13607097798432524
468,1063,1531,0.13611765662428238
457,1045,1502,0.1361641383708627
463,1035,1498,0.1362351970666117
464,1039,1503,0.13628673699667818
458,1031,1489,0.13633079258032482
458,1028,1486,0.1363873610900578
463,1043,1506,0.1364373953294831
462,1049,1511,0.1364736754408401
463,1049,1512,0.13651164292432028
471,1045,1516,0.1365433870888607
466,1047,1513,0.1365541844027157
467,1045,1512,0.13657712300676372
467,1033,1500,0.13659049459613437
468,1038,1506,0.1366037296898936
467,1048,1515,0.13661219323455664
465,1036,1501,0.13662400929118573
464,1032,1496,0.13664023386866558
454,1051,1505,0.13665517999019033
452,1043,1495,0.13669250384858753
459,1038,1497,0.13673006502814514
462,1044,1506,0.13674794569533566
460,1035,1495,0.13676102985411676
459,1044,1503,0.13677533417296894
455,1046,1501,0.13678968685063808
458,1051,1509,0.13681240620159724
462,1059,1521,0.13682750843714878
457,1048,1505,0.13683397443609605
451,1057,1508,0.13685040692646286
452,1058,1510,0.13688170274761308
446,1048,1494,0.13691029550086997
443,1040,1483,0.1369537475339697
446,1049,1495,0.13699959027107425
442,1060,1502,0.13703600395775342
446,1062,1508,0.1370791786712214
441,1070,1511,0.13711185314135804
443,1073,1516,0.13715427344592895
440,1066,1506,0.1371866267828447
437,1081,1518,0.13722603350089385
429,1076,1505,0.1372721484231412
427,1073,1500,0.13733332104882076
428,1079,1507,0.13739697820517932
427,1090,1517,0.13745646827666533
427,1088,1515,0.13751450849833233
423,1080,1503,0.13756710054714227
416,1096,1512,0.13762676379391162
418,1102,1520,0.13769985128757406
419,1087,1506,0.13776414557778188
417,1101,1518,0.1378186609323257
415,1092,1507,0.13787395070384434
414,1095,1509,0.1379291990038212
418,1103,1521,0.13798271032224946
419,1106,1525,0.13802262248075758
420,1105,1525,0.13805785861556316
410,1112,1522,0.13808702036926815
409,1098,1507,0.13813555905127026
404,1097,1501,0.13818509360751122
410,1104,1514,0.13824549311954523
408,1100,1508,0.13828865462469914
403,1106,1509,0.1383318742554684
396,1107,1503,0.13838662578248934
397,1114,1511,0.13845530394941383
394,1119,1513,0.1385181739956737
399,1128,1527,0.13858345821207899
401,1122,1523,0.13863302233770233
397,1108,1505,0.1386759258498875
400,1114,1514,0.1387247309191013
397,1116,1513,0.138763230092694
402,1119,1521,0.1388076697224108
396,1118,1514,0.13883514995459867
398,1122,1520,0.13887550357854703
395,1124,1519,0.13890922963561875
396,1131,1527,0.13895042996126303
399,1115,1514,0.13898477786192576
401,1114,1515,0.13900589662867557
402,1110,1512,0.1390182525617
407,1116,1523,0.1390277995088716
403,1123,1526,0.13902486432212932
399,1120,1519,0.13903294370536104
394,1119,1513,0.13904756275876984
399,1123,1522,0.13907539679768133
392,1125,1517,0.139092201586803
386,1123,1509,0.13912555907556645
379,1136,1515,0.13917235804750822
375,1138,1513,0.13923444154318748
372,1139,1511,0.13930074590811103
377,1147,1524,0.13937061756496502
379,1140,1519,0.13942222631998732
378,1134,1512,0.1394639840171016
380,1127,1507,0.13950239513934168
382,1128,1510,0.13953410383178888
382,1142,1524,0.13955783577051417
382,1122,1504,0.13958224114555864
384,1118,1502,0.139605009756559
376,1114,1490,0.13962222914082056
384,1127,1511,0.1396548265815259
385,1132,1517,0.1396633841587698
385,1125,1510,0.1396696597158969
390,1128,1518,0.1396737473629668
378,1137,1515,0.13966786432496803
386,1135,1521,0.13969164458201033
380,1145,1525,0.13969169375985616
381,1151,1532,0.13970807603520502
379,1146,1525,0.13972332879007696
383,1138,1521,0.1397456444218087
378,1130,1508,0.13975852374558845
376,1132,1508,0.13978438772442267
370,1139,1509,0.1398135491442763
371,1146,1517,0.13985594840114704
372,1129,1501,0.13989480351181224
373,1134,1507,0.13992630576982668
376,1132,1508,0.13995155351062397
372,1140,1512,0.13996982865671728
367,1142,1509,0.13999541087801612
366,1141,1507,0.14003156557452512
362,1150,1512,0.14006851772331805
364,1163,1527,0.14011172024088966
366,1155,1521,0.14014492025454742
367,1154,1521,0.14016932112048736
362,1149,1511,0.14019356809506675
366,1142,1508,0.14022704778767764
364,1137,1501,0.1402487794184462
362,1135,1497,0.14027194500378912
356,1135,1491,0.14029812898272812
357,1136,1493,0.14033628986208999
345,1145,1490,0.14037037061469582
341,1159,1500,0.14043194423981542
342,1157,1499,0.14049911358083506
346,1152,1498,0.1405604513092099
345,1158,1503,0.14060546689329073
351,1172,1523,0.14064883425358718
354,1169,1523,0.14067737647293332
346,1169,1515,0.1406950666088292
353,1170,1523,0.14073128193627285
353,1173,1526,0.14074810203489066
354,1180,1534,0.14076483720843444
354,1169,1523,0.14077694222162374
358,1178,1536,0.1407899972332257
353,1174,1527,0.140795049968908
349,1184,1533,0.1408115548462128
346,1175,1521,0.14083819640748316
341,1166,1507,0.14086776114722935
341,1155,1496,0.14090896675029582
339,1159,1498,0.14094515349373368
339,1162,1501,0.14098052184666396
339,1157,1496,0.14101215575938003
338,1168,1506,0.14104144472475652
342,1174,1516,0.1410704714761942
346,1176,1522,0.14109026576657427
342,1169,1511,0.1410986930051641
341,1177,1518,0.1411159535254712
334,1177,1511,0.14113504707956093
341,1175,1516,0.14116657960147433
336,1168,1504,0.14117794707648848
335,1166,1501,0.14120086256686307
330,1175,1505,0.1412249988732303
331,1185,1516,0.1412593664847677
327,1186,1513,0.1412895172750039
326,1175,1501,0.1413272360069026
329,1178,1507,0.14136671818068813
332,1185,1517,0.14139456847145315
319,1183,1502,0.14141283471599006
320,1201,1521,0.14146178702735202
317,1202,1519,0.14150567942394357
313,1198,1511,0.14155568055037895
314,1209,1523,0.14161327143698751
308,1211,1519,0.1416643105620369
311,1200,1511,0.14172778837022787
306,1188,1494,0.14177885580046592
309,1195,1504,0.14184136665455427
313,1207,1520,0.14188987369226527
313,1221,1534,0.14192538257716436
308,1217,1525,0.14195945932225587
310,1210,1520,0.14200493263703248
307,1213,1520,0.14204301538756234
305,1214,1519,0.14208801582661257
298,1222,1520,0.14213225955399975
294,1221,1515,0.14218985606121173
297,1228,1525,0.14225527145146866
298,1230,1528,0.14231043655952863
301,1222,1523,0.14235876373184472
296,1212,1508,0.14239482488182906
290,1210,1500,0.1424405060390988
296,1206,1502,0.14249706298298873
290,1214,1504,0.14253426705835515
286,1221,1507,0.14258290433782736
286,1220,1506,0.14263923289702146
286,1222,1508,0.14269016509463106
286,1232,1518,0.14273832968116196
281,1222,1503,0.14278373433436692
273,1225,1498,0.14283893802969638
276,1228,1504,0.14290836182272948
274,1223,1497,0.14296551413701988
275,1230,1505,0.14302458456018866
280,1226,1506,0.14307643899942307
278,1228,1506,0.143111250486334
278,1239,1517,0.14314890988759926
280,1228,1508,0.1431825234924303
270,1233,1503,0.14320905270512743
270,1238,1508,0.14325711774194386
262,1242,1504,0.14330402133759074
261,1235,1496,0.14336705978677794
263,1227,1490,0.1434292779248763
266,1245,1511,0.14348100899255092
270,1242,1512,0.14352456786150503
264,1241,1505,0.1435537274664575
264,1250,1514,0.1435964190332
262,1270,1532,0.14363531059879217
264,1261,1525,0.14367779064667285
263,1256,1519,0.14371049960180016
265,1261,1526,0.14374359961580313
259,1262,1521,0.14377179640986132
254,1260,1514,0.1438110906726714
253,1255,1508,0.1438625312905415
250,1256,1506,0.1439127376344167
257,1264,1521,0.14396824691109175
255,1261,1516,0.14400096281220665
262,1263,1525,0.14403479999423893
265,1257,1522,0.14404831870675938
265,1260,1525,0.1440497119606323
262,1262,1524,0.1440529529076489
264,1258,1522,0.1440652317034551
268,1252,1520,0.14407182964683235
262,1238,1500,0.14406852235482906
261,1241,1502,0.14408214177287362
262,1259,1521,0.1440963428499664
260,1260,1520,0.14411070586172608
259,1262,1521,0.14412822107262455
260,1250,1510,0.14414751378793444
259,1249,1508,0.14416237319237982
257,1255,1512,0.14417673426837951
254,1257,1511,0.14419362150669648
256,1260,1516,0.14421571480778475
258,1268,1526,0.14423064934606095
253,1272,1525,0.14423899740360438
252,1265,1517,0.1442585871484372
250,1253,1503,0.14428009759386737
256,1261,1517,0.14430479479985225
256,1266,1522,0.14431322884428396
247,1268,1515,0.14432229461724264
252,1262,1514,0.14435335818222514
254,1269,1523,0.14436778856796725
257,1264,1521,0.14437759728110927
250,1272,1522,0.144381531471169
241,1271,1512,0.14440300497123468
239,1280,1519,0.1444441082384132
242,1277,1519,0.14448603342422328
245,1269,1514,0.1445150080773246
243,1260,1503,0.14453412695139087
242,1285,1527,0.14455726262804602
242,1268,1510,0.1445815651782514
240,1277,1517,0.144606153511593
234,1277,1511,0.14463279261851383
233,1284,1517,0.1446720747773502
230,1286,1516,0.1447119252072009
233,1289,1522,0.1447558007224404
232,1284,1516,0.14478976694685916
234,1294,1528,0.1448247482564762
229,1279,1508,0.14484944734404617
226,1278,1504,0.14488486169655057
228,1288,1516,0.1449256743059638
231,1285,1516,0.14495792168104057
230,1284,1514,0.14498042041942724
237,1290,1527,0.14500310939457756
234,1285,1519,0.14500809892998748
231,1301,1532,0.14501707822254897
234,1288,1522,0.14503486417468114
229,1284,1513,0.14504656626222
224,1281,1505,0.14506911176317913
218,1290,1508,0.14510567600040203
220,1290,1510,0.14515258713249266
212,1301,1513,0.1451925599674021
213,1290,1503,0.14525087578679002
215,1292,1507,0.14530377343795162
218,1307,1525,0.14535003639092964
218,1305,1523,0.1453868177238458
218,1309,1527,0.14542004745281265
220,1302,1522,0.14545051556988553
217,1301,1518,0.14547649437540822
214,1308,1522,0.1455055777170664
212,1302,1514,0.14554150934889828
210,1295,1505,0.1455803775548633
208,1304,1512,0.1456232198600791
208,1315,1523,0.1456671229777525
209,1319,1528,0.1457087775622549
210,1315,1525,0.14574538487881783
203,1308,1511,0.1457764580115896
199,1315,1514,0.14582253484695465
203,1310,1513,0.1458766403254786
200,1294,1494,0.14591594615721212
197,1291,1488,0.14595942443850246
193,1293,1486,0.14600709088162692
191,1309,1500,0.14606158638760966
194,1309,1503,0.14611794941864964
184,1304,1488,0.14616128444188528
186,1306,1492,0.1462235280374149
188,1310,1498,0.14627828639429205
187,1315,1502,0.14632610490420336
185,1312,1497,0.14637353163148376
189,1321,1510,0.14642287490372252
187,1325,1512,0.1464570239288908
186,1327,1513,0.1464934310788128
181,1348,1529,0.14652909540126963
182,1336,1518,0.14657522603860054
179,1337,1516,0.14661314972511685
179,1346,1525,0.1466559164083197
179,1344,1523,0.14669723018377442
178,1342,1520,0.14673632854285984
176,1344,1520,0.14677664374218946
177,1333,1510,0.14681911756783028
178,1324,1502,0.14685634748105872
175,1335,1510,0.14688961582948448
174,1343,1517,0.14692863664100628
164,1341,1505,0.1469680927212102
165,1342,1507,0.1470288782853909
169,1346,1515,0.14708327159628337
166,1354,1520,0.14712547505064813
170,1344,1514,0.14717367460553749
166,1341,1507,0.14720841018916456
166,1342,1508,0.147250760327772
165,1340,1505,0.14729134615296985
166,1342,1508,0.14733010947536726
164,1345,1509,0.1473632934614632
166,1345,1511,0.14739907058666574
160,1348,1508,0.14742699405486817
163,1349,1512,0.14746945787146185
160,1356,1516,0.14750144377772886
157,1362,1519,0.14754002089412463
151,1374,1525,0.14758261407375262
149,1356,1505,0.14763529597363223
148,1359,1507,0.14768943283869937
143,1362,1505,0.14774384768516696
142,1356,1498,0.14780654314088068
140,1351,1491,0.14786829701350948
146,1352,1498,0.14793087441826386
145,1364,1509,0.14797278748500547
139,1361,1500,0.14801506819674515
142,1347,1489,0.14806792533930938
143,1355,1498,0.14811095674253294
141,1376,1517,0.14814899985317498
138,1372,1510,0.14818714794461513
137,1375,1512,0.14823066055539458
139,1365,1504,0.14827457917033018
140,1378,1518,0.14830996361145754
143,1369,1512,0.14834183817886373
137,1370,1507,0.14836207593130676
131,1379,1510,0.14839604988495345
134,1384,1518,0.1484421505799012
136,1381,1517,0.14847909276358912
134,1390,1524,0.14850791516441786
135,1382,1517,0.14853962196643905
134,1367,1501,0.1485670273804753
136,1373,1509,0.14859669979330778
133,1372,1505,0.1486180676692277
131,1364,1495,0.1486462643376556
135,1385,1520,0.14867572943466942
134,1385,1519,0.14869047878617728
130,1380,1510,0.14870799274019725
130,1380,1510,0.14873457924344852
131,1380,1511,0.14875929331557008
131,1389,1520,0.1487795114864086
126,1381,1507,0.148798675105882
126,1381,1507,0.14883073641278868
124,1383,1507,0.14886200583587425
127,1374,1501,0.1488964543127106
127,1389,1516,0.1489196510758666
131,1370,1501,0.14894192220775765
131,1378,1509,0.14895196993189172
130,1384,1514,0.1489607031288018
131,1386,1517,0.1489710047279868
123,1385,1508,0.14898032363028313
124,1397,1521,0.14900801184276372
124,1405,1529,0.14903010804505412
125,1401,1526,0.14905177207124307
125,1400,1525,0.14907136419479006
127,1388,1515,0.14908725883637242
131,1383,1514,0.14909618540648664
130,1383,1513,0.14909326095089323
128,1376,1504,0.14909269117378574
127,1361,1488,0.14909598058987283
127,1353,1480,0.14910348021081424
129,1368,1497,0.14910965323984468
128,1391,1519,0.1491114308201694
127,1386,1513,0.14911683493904085
128,1389,1517,0.1491252455675652
127,1388,1515,0.1491308756483612
128,1381,1509,0.14914026023837024
128,1392,1520,0.14914586697146773
123,1397,1520,0.14915217662338415
123,1398,1521,0.14917040856866318
123,1400,1523,0.1491878706815274
119,1397,1516,0.14920510478502738
116,1397,1513,0.14923174955732982
115,1405,1520,0.149262727834599
112,1408,1520,0.14929643472232246
116,1404,1520,0.14933481459047196
114,1394,1508,0.14935864582187497
113,1401,1514,0.14938659277214325
115,1392,1507,0.14941267940290398
118,1394,1512,0.14943167670093194
120,1395,1515,0.1494426170965411
116,1393,1509,0.1494482761315549
117,1400,1517,0.14946483718682135
115,1398,1513,0.1494790239412907
112,1404,1516,0.14949826671189917
109,1410,1519,0.14952210160747292
109,1415,1524,0.14955146546860132
107,1416,1523,0.14957744576524157
107,1415,1522,0.14960561855520854
109,1411,1520,0.14963376718356844
107,1412,1519,0.14965555561794275
104,1416,1520,0.14968144580168122
102,1410,1512,0.1497145115767636
100,1410,1510,0.14975006317664172
102,1408,1510,0.1497882501035151
102,1415,1517,0.14981708201625193
98,1419,1517,0.14984483558818304
96,1411,1507,0.1498786216000808
96,1413,1509,0.14991614748696286
93,1414,1507,0.14995080841319944
98,1419,1517,0.1499925611036377
97,1411,1508,0.15001614460122462
97,1416,1513,0.15004091177421092
96,1414,1510,0.15006569005186216
96,1432,1528,0.1500904840007505
95,1422,1517,0.15011325445682813
95,1404,1499,0.15013776325914086
102,1416,1518,0.15016022287312858
99,1410,1509,0.15016055260477632
100,1413,1513,0.1501710560361374
101,1421,1522,0.15017602725812015
102,1411,1513,0.15017812814567236
101,1419,1520,0.15017878483331162
102,1404,1506,0.15018345226188556
98,1399,1497,0.1501835885836249
96,1392,1488,0.15019358159249055
97,1402,1499,0.15020767686968062
98,1406,1504,0.15021938253752154
97,1412,1509,0.15022813809382665
97,1417,1514,0.15024020217377715
94,1420,1514,0.15025093038007056
96,1405,1501,0.15026924431083585
102,1406,1508,0.15028078054128124
103,1411,1514,0.15027520094033398
103,1408,1511,0.1502677124149725
104,1422,1526,0.15025960707533656
109,1413,1522,0.15024923312829408
107,1408,1515,0.1502260250823834
108,1412,1520,0.15021172413915962
107,1410,1517,0.15019456146142
106,1415,1521,0.15018196025825375
109,1402,1511,0.15017270332209137
114,1412,1526,0.1501562234000936
114,1403,1517,0.15012857833332316
111,1393,1504,0.15010208430961244
114,1403,1517,0.15008490569423694
111,1417,1528,0.15006063419301088
108,1418,1526,0.15004556283916304
109,1416,1525,0.15004009440230065
109,1406,1515,0.1500332242256614
113,1409,1522,0.15002843066899066
111,1398,1509,0.15001391111733656
111,1409,1520,0.15000468368287223
108,1418,1526,0.14999724498824363
109,1413,1522,0.14999860453073485
108,1417,1525,0.14999822855125683
109,1422,1531,0.15000052665831823
110,1427,1537,0.1500014006150314
111,1424,1535,0.1500009498562955
108,1422,1530,0.14999863826548057
109,1409,1518,0.1500035311936634
110,1413,1523,0.1500054472077273
110,1414,1524,0.15000455300247922
111,1408,1519,0.15000404846278947
103,1410,1513,0.1500011738386191
101,1412,1513,0.1500177531219508
104,1411,1515,0.15003726951842125
104,1400,1504,0.15004800999588458
102,1404,1506,0.15005938332099675
105,1409,1514,0.15007448473676185
102,1426,1528,0.15008009588666188
103,1429,1532,0.15009326833375117
103,1425,1528,0.15010248590030134
103,1433,1536,0.15011249709711197
102,1423,1525,0.15012111881180193
100,1407,1507,0.15013157000063956
105,1409,1514,0.15014616606411577
104,1404,1508,0.1501463947023588
102,1409,1511,0.15014850009943806
103,1413,1516,0.1501562146988722
101,1409,1510,0.150160093645506
99,1414,1513,0.15017000218883667
99,1412,1511,0.15018570331574518
98,1412,1510,0.1502005976927704
101,1406,1507,0.1502166783910951
102,1414,1516,0.15022303155448738
104,1408,1512,0.15022542306133352
104,1414,1518,0.1502215223048069
99,1401,1500,0.1502187039450854
99,1405,1504,0.15022768032210096
102,1418,1520,0.15023728878555276
103,1400,1503,0.15023757090729503
99,1408,1507,0.15023587366249264
99,1398,1497,0.15024502497984898
99,1408,1507,0.15025371036041138
100,1417,1517,0.15026305876141408
103,1418,1521,0.15026861462566518
106,1423,1529,0.15026555779608103
103,1419,1522,0.15025534275382632
101,1415,1516,0.15025395348271808
100,1414,1514,0.1502586302232957
103,1420,1523,0.15026329849508088
103,1419,1522,0.1502603127399894
102,1401,1503,0.1502595084936986
102,1413,1515,0.15026272110978656
100,1411,1511,0.1502659560664117
99,1413,1512,0.15027347029045302
96,1426,1522,0.15028280745114952
94,1436,1530,0.1502982984650989
92,1437,1529,0.15031826704470297
92,1433,1525,0.1503417014877774
88,1435,1523,0.15036466815678154
91,1425,1516,0.15039578567633455
88,1420,1508,0.15041559702179833
88,1423,1511,0.1504413914257597
92,1425,1517,0.15046426294686036
93,1418,1511,0.15047566475509946
92,1415,1507,0.15048498015762804
92,1410,1502,0.15049561809883388
94,1402,1496,0.1505051675305699
92,1402,1494,0.1505081396612606
89,1411,1500,0.15051665274631745
88,1426,1514,0.15053255874722904
89,1420,1509,0.1505488033826418
88,1430,1518,0.15056060205607483
86,1435,1521,0.15057578754232714
89,1440,1529,0.1505955104236187
84,1447,1531,0.1506034464461884
88,1446,1534,0.15062319719430448
92,1440,1532,0.15063120001984254
93,1435,1528,0.15062611961444142
95,1431,1526,0.15062011722341775
95,1431,1526,0.15060862118061852
95,1433,1528,0.15059798898504245
94,1430,1524,0.15058798059105488
92,1434,1526,0.15058212335955715
91,1434,1525,0.15058259834422139
89,1440,1529,0.1505850081525493
90,1440,1530,0.15059251827274658
92,1423,1515,0.15059682275921646
93,1420,1513,0.15059367781688718
95,1418,1513,0.1505877539651829
95,1405,1500,0.1505785777925272
93,1409,1502,0.150570505210322
94,1412,1506,0.15056785345968637
97,1409,1506,0.15056174290865446
95,1418,1513,0.15054817895977962
97,1413,1510,0.15054158302873366
98,1413,1511,0.1505312108429787
97,1412,1509,0.15052015914984126
98,1418,1516,0.15051204613669572
98,1428,1526,0.1505036550447841
100,1427,1527,0.15049542055230297
97,1421,1518,0.15048297679476544
99,1428,1527,0.15047758827978672
100,1426,1526,0.15046733670393533
101,1412,1513,0.150456236792043
103,1413,1516,0.15044334155285355
100,1417,1517,0.1504274904885661
100,1417,1517,0.15042109785490612
100,1431,1531,0.15041634701216652
97,1430,1527,0.1504120832406517
99,1433,1532,0.15041407503172619
96,1432,1528,0.15041094076523437
93,1417,1510,0.15041626492592194
91,1417,1508,0.15042921008202195
91,1424,1515,0.15044462749054027
89,1430,1519,0.15045946698154658
86,1435,1521,0.15047784141650922
86,1443,1529,0.15050373861929917
86,1446,1532,0.1505279630764808
87,1449,1536,0.1505492574186144
84,1437,1521,0.15056792456695564
84,1436,1520,0.1505930932183578
87,1425,1512,0.15061769857132248
90,1427,1517,0.1506317815440677
91,1423,1514,0.15063737634819044
89,1431,1520,0.15064062254384705
90,1428,1518,0.15064924024702872
89,1427,1516,0.15065526871556367
87,1421,1508,0.15066250064468942
86,1423,1509,0.1506744735657147
84,1431,1515,0.15068796966504222
85,1431,1516,0.15070529392497264
86,1432,1518,0.15071914271457057
86,1432,1518,0.15072928055295398
87,1434,1521,0.15073803534201866
83,1422,1505,0.15074420462122162
84,1425,1509,0.15076068044016902
81,1430,1511,0.15077390909421637
79,1435,1514,0.15079490367302403
81,1445,1526,0.15081857661890855
80,1451,1531,0.15083690814856332
74,1424,1498,0.15085631314672301
73,1438,1511,0.15088834961489378
73,1440,1513,0.15092019637440973
74,1441,1515,0.150949883487278
76,1434,1510,0.15097521244740386
77,1446,1523,0.15099220369046812
75,1448,1523,0.1510048394168823
75,1443,1518,0.1510210729593698
72,1445,1517,0.15103643845981424
71,1435,1506,0.15105752783700674
72,1438,1510,0.15107951326136443
72,1446,1518,0.15109832653426963
71,1424,1495,0.1511144937917849
72,1432,1504,0.15113092157263316
73,1432,1505,0.15114544082914855
71,1442,1513,0.15115540007947983
70,1438,1508,0.1511707821278296
67,1447,1514,0.15118857720100254
65,1439,1504,0.15121406894039072
60,1455,1515,0.15124370653933325
60,1455,1515,0.1512839454410782
58,1460,1518,0.1513222889891174
59,1469,1528,0.1513632386958483
58,1473,1531,0.15139786519931533
57,1474,1531,0.15143223391043792
54,1465,1519,0.15146730213586082
54,1456,1510,0.15150653137387532
57,1451,1508,0.15154285125698214
57,1458,1515,0.15156891863740657
56,1455,1511,0.15159328744173797
56,1453,1509,0.15161922520011495
56,1449,1505,0.15164220120493177
55,1450,1505,0.15166354289454312
55,1455,1510,0.1516865199442529
53,1461,1514,0.1517081208419347
53,1467,1520,0.15173359687991578
53,1461,1514,0.15175756356699743
54,1458,1512,0.15177966857081213
56,1462,1518,0.15179791316185315
56,1458,1514,0.15181037691793736
56,1469,1525,0.15182233036094026
57,1464,1521,0.1518341455508191
55,1460,1515,0.15184270788802146
54,1463,1517,0.1518560762254377
49,1465,1514,0.15187175677663384
48,1452,1500,0.15189853139711482
49,1462,1511,0.15192553552555943
50,1450,1500,0.1519486888527627
49,1461,1510,0.15196677181794346
48,1464,1512,0.1519865946897585
49,1453,1502,0.15200782655165346
48,1465,1513,0.1520224925037979
47,1461,1508,0.1520392236653105
49,1461,1510,0.15205673342001963
50,1461,1511,0.15206567437640098
49,1453,1502,0.15207137595551098
49,1469,1518,0.15208003571879103
45,1465,1510,0.15208740207429272
45,1476,1521,0.1521046925105374
46,1481,1527,0.15212174311055734
45,1482,1527,0.15213523503271684
45,1483,1528,0.15215081131833968
45,1482,1527,0.15216515743938608
46,1474,1520,0.1521785128294673
46,1450,1496,0.1521880265564517
45,1451,1496,0.15219759046231063
46,1459,1505,0.15220903636954575
44,1466,1510,0.1522174029913151
45,1470,1515,0.1522296518180981
46,1472,1518,0.15223924208731143
48,1475,1523,0.15224585410485691
49,1475,1524,0.15224599964010221
51,1482,1533,0.1522422306581936
50,1486,1536,0.15223228469979513
50,1474,1524,0.15222571363586895
51,1473,1524,0.1522204534779122
51,1476,1527,0.15221448400997095
52,1468,1520,0.152209218227843
51,1468,1519,0.15220289226832595
51,1457,1508,0.15219997268019292
51,1466,1517,0.15219722005146466
50,1455,1505,0.15219534435147897
51,1451,1502,0.15219447836263034
51,1444,1495,0.15219212490577555
51,1457,1508,0.15219087848239127
51,1452,1503,0.15219113787765337
50,1450,1500,0.15219211432695423
52,1480,1532,0.15219593246704943
52,1469,1521,0.15219263753308146
54,1473,1527,0.15218926610628128
53,1477,1530,0.15218024488878867
51,1467,1518,0.1521751471305438
52,1475,1527,0.1521764709234158
52,1468,1520,0.15217428418035348
50,1466,1516,0.15217195819440651
49,1480,1529,0.15217506582722137
46,1480,1526,0.15217992382544548
46,1491,1537,0.15219187733034445
44,1480,1524,0.15220179586189647
45,1485,1530,0.1522163148878753
44,1479,1523,0.15222834270951993
45,1484,1529,0.15224227468650867
44,1475,1519,0.15225361587856168
46,1462,1508,0.1522671195143596
48,1459,1507,0.15227475441474547
49,1457,1506,0.15227601575943134
51,1452,1503,0.15227472381023485
51,1450,1501,0.15226841715679248
50,1448,1498,0.1522632442604977
49,1468,1517,0.15226037749610394
51,1466,1517,0.15226072187200018
50,1471,1521,0.1522552967027217
50,1465,1515,0.15225322148511405
47,1488,1535,0.15225205478989617
45,1487,1532,0.15225820910603333
44,1482,1526,0.15226961263911423
42,1473,1515,0.15228332509205406
43,1481,1524,0.15230097340842075
42,1470,1512,0.15231528813081627
42,1482,1524,0.15233107564630063
40,1473,1513,0.15234628414263696
44,1481,1525,0.15236452320080482
44,1475,1519,0.15236929054626117
45,1478,1523,0.15237379326284622
44,1482,1526,0.15237539980224088
42,1484,1526,0.15237986200803644
42,1493,1535,0.15238980638422187
42,1484,1526,0.15239971285896975
41,1474,1515,0.15240854774889656
40,1486,1526,0.15241874347454126
39,1475,1514,0.15243105665060472
38,1475,1513,0.15244584004900635
40,1482,1522,0.15246232031690757
40,1476,1516,0.1524718007544089
40,1483,1523,0.15248125092197978
40,1482,1522,0.15249061963705304
39,1479,1518,0.1524988424869713
40,1483,1523,0.15250923310152287
40,1478,1518,0.15251616681609484
39,1488,1527,0.15252319573095768
37,1490,1527,0.15253229614840086
37,1485,1522,0.15254561251220683
34,1482,1516,0.15255843779995037
34,1471,1505,0.15257648410635394
34,1488,1522,0.15259384170728976
35,1488,1523,0.15261051248411733
36,1495,1531,0.15262324093504595
37,1477,1514,0.152632547594951
40,1460,1500,0.1526384763623762
42,1467,1509,0.15263533069290616
42,1478,1520,0.1526259263922106
41,1463,1504,0.15261712148697348
42,1469,1511,0.15261195219236223
42,1470,1512,0.15260467278244758
41,1469,1510,0.15259870113414065
40,1455,1495,0.15259604647221053
37,1481,1518,0.15259532802815826
37,1470,1507,0.1526019119544943
38,1478,1516,0.1526087673264679
37,1475,1512,0.15261257188011
37,1479,1516,0.15261993295575615
37,1490,1527,0.15262734143229165
35,1480,1515,0.15263474647173375
36,1487,1523,0.15264643798704952
36,1494,1530,0.15265421038847893
35,1491,1526,0.15266197564884357
34,1485,1519,0.15267184582852042
35,1488,1523,0.1526827318781467
33,1484,1517,0.1526903182655435
32,1489,1521,0.15270260334675267
34,1479,1513,0.15271556711046494
34,1475,1509,0.15272231073749865
33,1491,1524,0.15272921637475168
32,1491,1523,0.15273838386913252
34,1480,1514,0.15274861978585147
34,1474,1508,0.15275421478830126
36,1478,1514,0.1527588576321626
35,1472,1507,0.1527573199843047
36,1480,1516,0.1527587389722319
37,1480,1517,0.15275656613829333
36,1465,1501,0.15275283697128195
36,1473,1509,0.15275223745379576
36,1475,1511,0.15275232358161245
33,1481,1514,0.15275299110771465
34,1480,1514,0.15276073013405408
34,1481,1515,0.15276519823078247
33,1478,1511,0.15276992817019594
35,1478,1513,0.1527759304945269
37,1481,1518,0.15277558050372333
37,1478,1515,0.15276942315892914
39,1475,1514,0.15276321544784727
38,1472,1510,0.15275252083980898
37,1487,1524,0.15274562989652707
37,1479,1516,0.15274216041315947
38,1480,1518,0.152738596048062
38,1487,1525,0.15273381848124348
38,1480,1518,0.15273005510280463
39,1482,1521,0.1527261583042746
38,1475,1513,0.15271996223657638
38,1487,1525,0.15271707646483448
37,1474,1511,0.1527150214317087
38,1477,1515,0.1527158310734193
38,1482,1520,0.15271387012085597
37,1473,1510,0.15271211167153864
37,1470,1507,0.15271316148035843
37,1464,1501,0.15271359323116393
36,1480,1516,0.1527145858338924
38,1481,1519,0.15271826459704074
37,1473,1510,0.15271570637894713
38,1482,1520,0.1527160946319546
36,1472,1508,0.15271286129237915
36,1475,1511,0.15271493100472255
34,1466,1500,0.15271751444962434
34,1461,1495,0.15272484843164422
36,1466,1502,0.15273225892880535
35,1475,1510,0.15273322549463886
31,1474,1505,0.15273691270587103
32,1480,1512,0.15274969533648167
31,1482,1513,0.15275894181714406
32,1490,1522,0.15277037232303564
32,1486,1518,0.15277733195716042
32,1491,1523,0.15278453011239282
31,1491,1522,0.1527918878070998
29,1486,1515,0.15280178705261022
29,1481,1510,0.15281591490845306
29,1474,1503,0.1528295909676696
28,1482,1510,0.15284280268130165
27,1478,1505,0.15285769726020906
29,1473,1502,0.15287414012713857
28,1486,1514,0.1528840642857634
27,1480,1507,0.15289592307426994
27,1497,1524,0.15290939217187613
26,1492,1518,0.1529223741557202
27,1493,1520,0.15293708803189957
27,1486,1513,0.15294876288718892
26,1494,1520,0.15295999114060427
26,1482,1508,0.15297297648543548
26,1482,1508,0.1529842837196912
25,1495,1520,0.15299520065173916
25,1493,1518,0.15300793433614301
25,1496,1521,0.15302013175027768
25,1497,1522,0.15303180225478932
26,1488,1514,0.15304295690445696
27,1484,1511,0.153050388601938
25,1472,1497,0.15305436771686146
24,1481,1505,0.15306277138828833
24,1490,1514,0.15307314023722904
24,1493,1517,0.15308315910326772
21,1500,1521,0.15309267071031227
19,1508,1527,0.15310867003164655
18,1518,1536,0.15312880897407644
21,1509,1530,0.15314917568856543
20,1513,1533,0.15315955420781807
20,1497,1517,0.15317186833864313
21,1496,1517,0.15318379854555425
19,1501,1520,0.15319206946810723
19,1500,1519,0.15320520628714374
19,1508,1527,0.15321784586373435
19,1497,1516,0.15322998907820237
18,1480,1498,0.15324163960824658
18,1484,1502,0.15325385683030268
20,1493,1513,0.15326563946145483
20,1495,1515,0.1532707917116087
20,1494,1514,0.1532760631525719
19,1490,1509,0.15328140462334092
19,1487,1506,0.1532889562114732
19,1491,1510,0.15329636655194445
19,1508,1527,0.15330332849665584
18,1502,1520,0.15330800253711138
17,1505,1522,0.1533152862152688
17,1511,1528,0.15332468502135188
21,1517,1538,0.15333387063324777
20,1512,1532,0.1533312160428383
20,1508,1528,0.15333157981336346
19,1491,1510,0.15333243228580778
20,1507,1527,0.15333586236459215
20,1515,1535,0.15333625505332305
20,1511,1531,0.1533371056047705
19,1508,1527,0.15333833961429122
19,1503,1522,0.1533426006928699
19,1493,1512,0.15334690536632334
20,1490,1510,0.15335122165514278
21,1489,1510,0.15335225299018185
21,1476,1497,0.1533502817394243
19,1481,1500,0.1533488345140953
17,1479,1496,0.15335230868638614
18,1483,1501,0.15336037009468634
18,1496,1514,0.1533658537575708
19,1501,1520,0.15337126557126704
19,1494,1513,0.15337331379165262
19,1496,1515,0.1533755579171171
21,1488,1509,0.1533779550453362
22,1494,1516,0.15337394214569816
22,1496,1518,0.15336734345457947
21,1503,1524,0.15336165946334224
20,1495,1515,0.15335895869215016
22,1502,1524,0.15335898996431527
22,1495,1517,0.15335286907284235
22,1488,1510,0.15334767475229075
23,1484,1507,0.15334329694944643
23,1495,1518,0.1533363736336257
22,1499,1521,0.15333083563022756
20,1508,1528,0.1533282351083187
20,1518,1538,0.15333130846975146
20,1508,1528,0.1533344616504909
20,1496,1516,0.15333668897227404
20,1506,1526,0.1533390931118785
22,1504,1526,0.1533407561710376
22,1502,1524,0.1533369258490702
20,1500,1520,0.15333377073161222
18,1513,1531,0.15333618834553311
19,1510,1529,0.15334384275316904
20,1507,1527,0.15334875406523465
19,1508,1527,0.1533503052339713
19,1507,1526,0.15335429368587947
19,1498,1517,0.1533582947302084
17,1499,1516,0.15336228262397122
17,1504,1521,0.1533706434715198
18,1501,1519,0.15337757379249367
18,1500,1518,0.15338108633449693
19,1495,1514,0.15338473601466762
18,1494,1512,0.15338531944248396
18,1491,1509,0.15338842360265198
18,1495,1513,0.15339168328896638
19,1508,1527,0.1533950555440147
20,1506,1526,0.1533952437396047
17,1505,1522,0.1533925083522235
17,1499,1516,0.15339789044558555
16,1505,1521,0.1534032363720972
15,1513,1528,0.15340979127130755
14,1511,1525,0.15341944106896627
15,1511,1526,0.1534308892847507
15,1512,1527,0.15343853537454838
14,1506,1520,0.15344598132358406
14,1520,1534,0.15345536813595245
13,1517,1530,0.153463312508196
14,1517,1531,0.15347323318164086
14,1525,1539,0.15348050881011172
13,1513,1526,0.15348760154421118
12,1514,1526,0.15349666256985442
11,1524,1535,0.15350820928248218
11,1525,1536,0.1535213365565813
11,1513,1524,0.1535337812850048
10,1505,1515,0.153545573666581
8,1499,1507,0.15355894310317023
8,1502,1510,0.15357598097352604
8,1499,1507,0.15359205261641112
8,1501,1509,0.15360721001185704
8,1507,1515,0.1536215026363121
8,1509,1517,0.15363497755113487
8,1511,1519,0.15364767949188798
8,1510,1518,0.15365965095778378
8,1529,1537,0.15367093230073192
8,1515,1523,0.15368156181352371
8,1514,1522,0.15369157581676593
8,1519,1527,0.15369989889966396
8,1498,1506,0.15370784887750694
9,1495,1504,0.15371543562028644
8,1495,1503,0.15371940749230695
7,1493,1500,0.15372557939793313
6,1493,1499,0.15373373085906952
6,1494,1500,0.1537437122077576
6,1495,1501,0.15375323112701253
6,1487,1493,0.15376230164167037
6,1505,1511,0.153770938295758
6,1509,1515,0.15377915598753714
6,1502,1508,0.15378696982753595
6,1502,1508,0.15379439501691178
6,1500,1506,0.15380144674377244
6,1516,1522,0.15380814009534002
6,1507,1513,0.15381448998406647
6,1513,1519,0.15382051108601777
6,1518,1524,0.15382621779002406
6,1512,1518,0.15383162415626145
6,1515,1521,0.15383674388307456
6,1528,1534,0.15384159028098388
6,1518,1524,0.15384617625293953
6,1516,1522,0.15385051427998725
5,1508,1513,0.15385461641160975
6,1496,1502,0.15386075315296316
6,1501,1507,0.1538635712922797
6,1513,1519,0.153866307268906
6,1516,1522,0.15386895740864098
5,1507,1512,0.15387151910275776
5,1516,1521,0.15387615987972095
6,1511,1517,0.15388057803246002
6,1513,1519,0.15388152606637548
6,1519,1525,0.15388257046563975
6,1506,1512,0.15388369049028605
5,1510,1515,0.15388486809868998
5,1510,1515,0.15388825520637664
5,1513,1518,0.1538915396753502
5,1506,1511,0.15389471780872999
5,1506,1511,0.15389778709148869
5,1514,1519,0.15390074602634926
5,1519,1524,0.1539035939885542
5,1518,1523,0.1539063310975024
5,1521,1526,0.15390895810345195
5,1526,1531,0.1539114762876735
5,1515,1520,0.15391388737460227
5,1497,1502,0.15391619345468865
5,1504,1509,0.15391839691677942
5,1515,1520,0.15392050038898322
5,1513,1518,0.15392250668708382
5,1512,1517,0.15392441876965945
5,1514,1519,0.15392623969915775
5,1511,1516,0.15392797260825208
5,1510,1515,0.1539296206708774
5,1508,1513,0.15393118707740722
5,1508,1513,0.15393267501349034
5,1512,1517,0.15393408764211697
5,1520,1525,0.15393542808853197
5,1529,1534,0.15393669942765068
5,1530,1535,0.1539379046736745
5,1526,1531,0.15393904677163234
4,1517,1521,0.15394012859060743
4,1518,1522,0.15394333507856145
3,1518,1521,0.15394635259207756
3,1509,1512,0.15395135457341927
2,1513,1515,0.15395605776746002
2,1520,1522,0.15396265371877224
2,1524,1526,0.15396885341301791
2,1524,1526,0.15397468048435717
2,1523,1525,0.15398015717431743
2,1504,1506,0.15398530441216018
2,1518,1520,0.15399014189078009
2,1524,1526,0.15399468813836825
2,1511,1513,0.15399896058605925
2,1502,1504,0.15400297563177381
2,1503,1505,0.1540067487004576
2,1499,1501,0.15401029430090898
2,1507,1509,0.15401362607937766
2,1501,1503,0.1540167568701096
2,1514,1516,0.15401969874300303
2,1514,1516,0.1540224630485337
2,1518,1520,0.154025060460099
2,1521,1523,0.15402750101392368
2,1528,1530,0.15402979414666093
2,1520,1522,0.15403194873081918
2,1531,1533,0.1540339731081336
2,1525,1527,0.1540358751209994
2,1515,1517,0.15403766214207504
2,1515,1517,0.1540393411021594
1,1512,1513,0.15404091851643947
1,1525,1526,0.1540445737479805
1,1519,1520,0.15404800776848554
1,1519,1520,0.15405123395139692
1,1523,1524,0.15405426486305318
1,1518,1519,0.15405711231126074
1,1519,1520,0.1540597873909562
1,1513,1514,0.15406230052713202
1,1521,1522,0.15406466151518874
1,1517,1518,0.1540668795588665
1,1516,1517,0.15406896330590006
1,1516,1517,0.15407092088153373
1,1524,1525,0.15407275992002295
1,1534,1535,0.15407448759424358
1,1522,1523,0.15407611064352106
1,1523,1524,0.1540776353997869
1,1526,1527,0.15407906781216155
1,1516,1517,0.1540804134700584
1,1508,1509,0.15408167762489725
1,1503,1504,0.1540828652105106
1,1505,1506,0.15408398086232145
1,1510,1511,0.15408502893536505
1,1517,1518,0.154086013521226
1,1516,1517,0.1540869384639536
1,1506,1507,0.1540878073750183
1,1504,1505,0.15408862364736658
1,1516,1517,0.1540893904686275
1,1516,1517,0.15409011083352328
1,1507,1508,0.15409078755553118
1,1509,1510,0.15409142327784076
1,1508,1509,0.1540920204836508
1,1510,1511,0.15409258150584434
1,1510,1511,0.15409310853607922
1,1503,1504,0.15409360363332986
1,1502,1503,0.15409406873191372
1,1504,1505,0.15409450564903163
0,1506,1506,0.15409491609185413
