1359,29,1388,0.13579591979232347
1395,28,1423,0.1329756311231473
1425,29,1454,0.13031188497704727
1441,28,1469,0.12780671620413422
1444,30,1474,0.12548180428775127
1454,32,1486,0.12336205007166434
1447,31,1478,0.12140876000062505
1452,31,1483,0.11964919649498346
1467,31,1498,0.11803631203409366
1467,32,1499,0.11652823987821666
1452,31,1483,0.11515920830731358
1458,32,1490,0.11395327337770095
1453,32,1485,0.11284204016607041
1453,30,1483,0.11184523603213602
1447,27,1474,0.11093791967476928
1454,30,1484,0.11012993647368549
1477,32,1509,0.10937683672311409
1462,32,1494,0.10863617125793425
1470,33,1503,0.10799940020062909
1465,32,1497,0.10740117403720655
1457,32,1489,0.10686952625103255
1450,34,1484,0.10640795708209122
1451,36,1487,0.1060066615160224
1450,35,1485,0.10563858852827517
1466,33,1499,0.10530873699591906
1463,33,1496,0.10497145237306976
1456,33,1489,0.1046689340123778
1460,36,1496,0.10440984555240788
1452,37,1489,0.10416598004297263
1459,36,1495,0.103961799244631
1466,37,1503,0.10376033706297207
1457,38,1495,0.1035602851497036
1452,40,1492,0.1034006100822954
1446,41,1487,0.10326711479162498
1448,40,1488,0.10315748644219781
1442,42,1484,0.10305439001732017
1441,40,1481,0.10297501156146571
1435,39,1474,0.10290431866236709
1441,38,1479,0.10285516887586653
1446,38,1484,0.10279909234881561
1454,36,1490,0.10273726129255628
1452,36,1488,0.10266253824914374
1468,35,1503,0.10259820214399414
1475,35,1510,0.1025041824068961
1468,35,1503,0.10240192023048948
1468,34,1502,0.10232063503688714
1471,33,1504,0.10224832372068118
1468,33,1501,0.10217454042572349
1462,32,1494,0.10211380772430659
1462,32,1494,0.10207381023470216
1471,31,1502,0.10203660139002167
1467,32,1499,0.10198167806144946
1461,33,1494,0.10194098706597934
1457,31,1488,0.10191735302669741
1459,32,1491,0.10190412158124998
1465,30,1495,0.10188607765095264
1473,29,1502,0.1018586044414889
1471,31,1502,0.10181546113606064
1453,32,1485,0.10177870827641526
1445,31,1476,0.10178661612725723
1444,34,1478,0.10181123823384387
1449,34,1483,0.1018361619262572
1452,33,1485,0.10184906637567266
1453,31,1484,0.10185599021847742
1435,31,1466,0.10186190464277022
1444,34,1478,0.10190521806077557
1458,31,1489,0.10192682022963936
1451,30,1481,0.10191523707947539
1441,30,1471,0.10191767144728703
1441,29,1470,0.10194357195447351
1454,31,1485,0.1019655871879705
1464,35,1499,0.10195568606650707
1464,34,1498,0.10192417507991677
1456,33,1489,0.1018955807434268
1454,33,1487,0.10188655190281029
1460,32,1492,0.10188355418312917
1473,33,1506,0.10186747564265548
1458,33,1491,0.1018230481865947
1463,32,1495,0.1018154815232123
1474,33,1507,0.1017970487482994
1475,34,1509,0.10175523879938161
1473,34,1507,0.10171156614863311
1453,36,1489,0.1016787793046975
1455,36,1491,0.10169480242295632
1460,36,1496,0.10170570624564246
1450,36,1486,0.10170566777919561
1460,37,1497,0.10172860393739583
1458,37,1495,0.10173018655774593
1462,39,1501,0.10173585683135088
1449,40,1489,0.10173371267752195
1443,40,1483,0.10175828306043119
1457,38,1495,0.10179428148592429
1449,40,1489,0.10179533300057118
1453,42,1495,0.10181570896107665
1462,42,1504,0.10182330136255782
1459,41,1500,0.10180988432391919
1461,42,1503,0.10180423239778208
1458,44,1502,0.10179563505438143
1463,43,1506,0.10179529925555687
1452,42,1494,0.10178417494630847
1449,42,1491,0.10180151524655205
1446,40,1486,0.10182416654105804
1461,41,1502,0.10185111792333348
1459,42,1501,0.10184267440719182
1460,43,1503,0.1018381012156257
1462,44,1506,0.10183022100622553
1457,44,1501,0.10181709375051909
1451,42,1493,0.10181791309278587
1464,41,1505,0.10183184045363508
1462,40,1502,0.10181625569484015
1453,40,1493,0.10180677723769688
1460,40,1500,0.10181547086302593
1454,39,1493,0.10180784878852045
1464,40,1504,0.10181538150203046
1474,39,1513,0.1018002778557159
1467,38,1505,0.1017617055493524
1455,41,1496,0.1017424058828901
1455,41,1496,0.10175243220245207
1434,42,1476,0.101761984599759
1441,46,1487,0.10181819357501265
1453,47,1500,0.10185478294874699
1462,48,1510,0.10186403184519087
1442,48,1490,0.1018530313855839
1433,47,1480,0.10188728258748632
1441,47,1488,0.10194141599776721
1446,49,1495,0.10197239172883997
1425,49,1474,0.10198733011130898
1446,54,1500,0.10204961421212456
1453,52,1505,0.10205891926161823
1447,52,1499,0.10205327633525861
1440,53,1493,0.1020599538468946
1431,53,1484,0.1020838704925135
1436,54,1490,0.10212451271236621
1427,55,1482,0.1021530317550719
1438,57,1495,0.10220229032067646
1433,56,1489,0.10222263479982027
1425,57,1482,0.10225225973606068
1432,58,1490,0.10229851020493737
1440,57,1497,0.10232467203770199
1424,57,1481,0.1023301416772581
1427,58,1485,0.10237110960990811
1439,57,1496,0.10240257303939009
1436,58,1494,0.10240381936479785
1441,59,1500,0.10240936959690718
1438,58,1496,0.10240246390724295
1432,59,1491,0.10240267480066827
1433,60,1493,0.10241693004737204
1439,62,1501,0.10242858480418829
1437,60,1497,0.10242697081692086
1438,61,1499,0.1024333372101263
1432,61,1493,0.10243709042333883
1433,58,1491,0.10245399158787538
1432,61,1493,0.10246371498618848
1437,61,1498,0.10247577979014462
1443,63,1506,0.10247538078930496
1437,61,1498,0.1024614760197343
1442,60,1502,0.10246286704974708
1446,58,1504,0.10245348106562872
1441,59,1500,0.10243743101435093
1445,60,1505,0.10243373031472106
1452,58,1510,0.10242234221565796
1437,55,1492,0.10239746088389357
1442,61,1503,0.10240965472543291
1444,61,1505,0.10240824848933545
1439,61,1500,0.10240027550529807
1445,60,1505,0.10240493530980696
1441,60,1501,0.10239520579367305
1447,62,1509,0.10239575929506567
1442,59,1501,0.1023820521009568
1432,56,1488,0.1023802609471535
1440,57,1497,0.10240245241355138
1434,55,1489,0.10240562175304696
1454,53,1507,0.10242231685346732
1451,50,1501,0.10239081384040453
1443,52,1495,0.10236929078494914
1446,54,1500,0.10236750029728371
1443,53,1496,0.1023574202357514
1440,53,1493,0.10235500244732805
1447,53,1500,0.10235845025662506
1440,53,1493,0.10234520010106589
1440,54,1494,0.10234870760361829
1443,53,1496,0.10235260671930405
1431,51,1482,0.10234764139235654
1425,52,1477,0.10236930469460258
1432,50,1482,0.1024055621459879
1432,50,1482,0.10242143854066228
1430,52,1482,0.10243676777645319
1439,53,1492,0.10245611938645247
1459,53,1512,0.10245214558908199
1446,56,1502,0.10240342885782554
1448,59,1507,0.10238617197325685
1448,56,1504,0.10236764420114923
1440,58,1498,0.10234895831489305
1444,58,1502,0.1023518704592027
1445,55,1500,0.10234501238780602
1438,59,1497,0.10233811260399808
1445,60,1505,0.10234650389222315
1448,59,1507,0.10234057675820679
1436,60,1496,0.10232859733518407
1447,59,1506,0.10234569763302817
1441,60,1501,0.10233483456211945
1449,60,1509,0.10233706848911638
1443,58,1501,0.10231910105966353
1441,60,1501,0.10231795905397022
1445,58,1503,0.10232120692335615
1446,59,1505,0.10231695708857108
1443,58,1501,0.10231132969659754
1426,57,1483,0.10231409331019611
1420,56,1476,0.1023547662586201
1428,59,1487,0.1024063347155511
1424,62,1486,0.10243460422665646
1428,60,1488,0.10246950063023397
1437,61,1498,0.10249102883341397
1421,62,1483,0.10249219186067098
1422,64,1486,0.10252937499075905
1409,66,1475,0.10256033034715285
1417,66,1483,0.1026199475501513
1422,65,1487,0.10265851950470271
1426,66,1492,0.10268492597838895
1422,71,1493,0.10269941014702043
1418,72,1490,0.10272077924002833
1410,72,1482,0.10275112142066116
1416,71,1487,0.10279689007001348
1419,69,1488,0.10282451860622606
1427,69,1496,0.10284525211246212
1421,70,1491,0.10284858250400283
1420,73,1493,0.10286385949912347
1407,74,1481,0.10287965150167139
1415,73,1488,0.10292147117398959
1419,72,1491,0.10294465246881032
1416,75,1491,0.10295768130947615
1417,75,1492,0.10297801623355429
1415,77,1492,0.1029919915433194
1413,80,1493,0.10301048555794746
1406,79,1485,0.10303368427058539
1396,74,1470,0.10307031907538615
1395,74,1469,0.10312989825641257
1400,75,1475,0.10318183453799762
1403,74,1477,0.1032183741674908
1407,74,1481,0.10324445388136436
1426,72,1498,0.1032580263308456
1412,75,1487,0.10322584152378254
1416,76,1492,0.10322656139397571
1420,77,1497,0.10322021360292905
1412,74,1486,0.1032055497634286
1422,76,1498,0.10321205720646504
1420,76,1496,0.10319593155919843
1406,79,1485,0.10318687800126351
1416,77,1493,0.10321061215728107
1423,76,1499,0.10320933396758324
1415,77,1492,0.10319078100813696
1407,79,1486,0.10319017069134041
1413,79,1492,0.10321057535692355
1413,78,1491,0.10321735659497268
1420,75,1495,0.10322184429372591
1421,75,1496,0.10321184726759772
1420,74,1494,0.10320013172548868
1429,77,1506,0.10319231932301996
1431,77,1508,0.10316425509795239
1427,81,1508,0.10313333877352772
1425,76,1501,0.10311502284069932
1424,77,1501,0.10310257363418668
1420,79,1499,0.10309255563535334
1416,78,1494,0.10309126980124547
1418,77,1495,0.1031006979545595
1404,77,1481,0.10310347240438077
1407,76,1483,0.10313780820669478
1410,78,1488,0.10316219122598687
1411,76,1487,0.10317752139364256
1415,75,1490,0.10319111318316102
1420,78,1498,0.10319612405511393
1436,81,1517,0.10318798638868111
1433,78,1511,0.10314289171589314
1427,76,1503,0.1031104394612463
1438,78,1516,0.10309254497078552
1428,80,1508,0.10305188484555497
1410,81,1491,0.10303759437268212
1410,84,1494,0.10306644541987252
1406,81,1487,0.10309393823117331
1409,81,1490,0.1031296837299014
1405,79,1484,0.10315567216032213
1407,79,1486,0.10318972883890208
1390,80,1470,0.10321711662978729
1393,87,1480,0.10328111456163341
1399,88,1487,0.1033362384738465
1400,90,1490,0.10337315577021827
1400,91,1491,0.10340392559992986
1404,92,1496,0.10343214623315991
1401,91,1492,0.10345099976181618
1403,91,1494,0.10347601407560532
1394,92,1486,0.10349355268225618
1380,88,1468,0.10352730189331272
1386,94,1480,0.10358996892456832
1377,95,1472,0.10363417612728165
1379,95,1474,0.10369725632429626
1377,99,1476,0.10375247470057268
1375,97,1472,0.10380654493928208
1385,99,1484,0.10385802508844368
1380,101,1481,0.10388275150009582
1392,105,1497,0.10391841070634973
1398,104,1502,0.10392248816285096
1390,106,1496,0.10391411457061082
1383,107,1490,0.10392611595456792
1385,108,1493,0.10395315583844786
1386,106,1492,0.10397579557335707
1388,108,1496,0.10399545913772557
1389,106,1495,0.10400758253611926
1396,107,1503,0.10401754991578137
1382,110,1492,0.1040106510415869
1371,113,1484,0.10403835803036315
1367,112,1479,0.1040884481038189
1355,114,1469,0.10414523418778739
1356,113,1469,0.10422494554330738
1370,110,1480,0.10429962366349725
1376,109,1485,0.10433703459346626
1378,104,1482,0.1043509174639595
1377,106,1483,0.10435818466970556
1383,104,1487,0.10436679859551377
1390,106,1496,0.10435757550675535
1400,104,1504,0.10433310962745286
1396,106,1502,0.10429035474811724
1390,108,1498,0.1042601501641278
1389,109,1498,0.10424564224988504
1379,110,1489,0.10423496010335345
1398,109,1507,0.10425022194644583
1386,110,1496,0.10422349852808001
1386,112,1498,0.10422070430246003
1389,112,1501,0.10421937610905027
1375,111,1486,0.10421236312834939
1371,111,1482,0.10423960817101216
1370,111,1481,0.10427494031477423
1374,110,1484,0.10430713509646589
1376,107,1483,0.1043299461413628
1395,104,1499,0.10434653877011478
1409,105,1514,0.10431796627875749
1394,104,1498,0.10426014541594988
1400,104,1504,0.10423852835649378
1399,102,1501,0.10420601734363676
1391,100,1491,0.1041766493950647
1377,102,1479,0.10417237878137392
1387,96,1483,0.10419799800669814
1383,93,1476,0.1041979364164788
1384,93,1477,0.10420734326916424
1391,94,1485,0.1042127070392252
1402,96,1498,0.10420068829549745
1396,91,1487,0.10416103879872046
1403,93,1496,0.10413925385109557
1391,96,1487,0.10410404746156118
1393,100,1493,0.10409755462461938
1400,99,1499,0.10408651262629574
1402,100,1502,0.10406161949289233
1402,101,1503,0.10403648239945877
1389,102,1491,0.10401554629299892
1406,97,1503,0.10402640509307591
1410,99,1509,0.10399765528193665
1412,100,1512,0.1039626238741534
1403,103,1506,0.10392690676115518
1404,102,1506,0.10391318346102946
1397,105,1502,0.10390017865276203
1402,103,1505,0.1039029867326679
1408,105,1513,0.10389617695302697
1416,101,1517,0.10387833542668488
1416,99,1515,0.10384258677181542
1409,100,1509,0.10380938160779359
1397,100,1497,0.10379186822413804
1392,104,1496,0.10380319985810728
1386,103,1489,0.1038250566951131
1376,105,1481,0.1038618730049078
1372,103,1475,0.10391745071031393
1391,106,1497,0.10397775061061797
1397,104,1501,0.10398997138131102
1392,105,1497,0.10398560059272122
1390,108,1498,0.10399407102605956
1374,108,1482,0.10400767805513286
1379,103,1482,0.10405796735897266
1382,104,1486,0.10409440989313716
1392,107,1499,0.1041205786656135
1383,111,1494,0.10412120827768064
1381,113,1494,0.1041430330421667
1381,112,1493,0.10416856272203194
1359,119,1478,0.10419330989164687
1363,119,1482,0.104265750964061
1367,123,1490,0.10432361625334938
1382,122,1504,0.10436905047722864
1376,121,1497,0.10437685544935568
1376,120,1496,0.10439800136121942
1381,124,1505,0.1044180497819313
1376,124,1500,0.10442643419433517
1364,123,1487,0.10444316568767481
1355,123,1478,0.10448557227233618
1354,117,1471,0.10454288368917956
1362,117,1479,0.1045992715566355
1368,118,1486,0.10463065353746305
1370,115,1485,0.10464374769709801
1371,121,1492,0.10465306432890596
1376,122,1498,0.10465884428845953
1368,122,1490,0.10465309827526553
1365,122,1487,0.10466674934808452
1362,119,1481,0.10468669719345476
1364,119,1483,0.10471089435077205
1351,120,1471,0.1047310938200939
1359,124,1483,0.10477711226187386
1357,125,1482,0.1048022345605008
1366,119,1485,0.10482971105666547
1370,121,1491,0.10483576508329413
1368,119,1487,0.10482930230010905
1360,120,1480,0.10482795969088102
1360,124,1484,0.10484779796161867
1365,125,1490,0.10486796637948824
1358,124,1482,0.10487622049962803
1363,120,1483,0.10490027279057611
1363,124,1487,0.10491093252787621
1366,124,1490,0.10492340674827527
1359,124,1483,0.10492700081440635
1351,127,1478,0.10494688190237296
1362,129,1491,0.10498310538896258
1368,132,1500,0.10499149775741749
1380,135,1515,0.10498420991412162
1377,132,1509,0.10495369591941206
1377,134,1511,0.10493213256640108
1359,129,1488,0.10491377065945978
1367,127,1494,0.10493568753145503
1361,127,1488,0.1049362362232542
1358,125,1483,0.10494670580154576
1360,124,1484,0.10496306748849658
1350,129,1479,0.10497253269253651
1343,130,1473,0.10500696738986179
1342,132,1474,0.10505519330377461
1345,131,1476,0.10510361874355213
1344,131,1475,0.10514099428140947
1332,134,1466,0.10517666207603399
1341,134,1475,0.10523693931084202
1350,136,1486,0.10527260574181742
1353,140,1493,0.1052841903047532
1342,139,1481,0.10528907685426908
1339,138,1477,0.10532192535472845
1344,142,1486,0.10535902600252196
1352,144,1496,0.10538359979913384
1349,141,1490,0.10539062913663809
1338,142,1480,0.10540099219530515
1351,141,1492,0.10543586888916064
1342,140,1482,0.10543708279549825
1350,143,1493,0.10545924550777337
1350,138,1488,0.10546163798025165
1367,134,1501,0.10546118821136989
1372,134,1506,0.10542244800824734
1375,133,1508,0.10537562753381406
1382,135,1517,0.10532613299367373
1373,134,1507,0.10526495321517736
1369,136,1505,0.10522709227375592
1362,138,1500,0.10520162844229132
1353,139,1492,0.10519544455987041
1351,136,1487,0.10521116400892011
1361,130,1491,0.10523113580401755
1354,131,1485,0.1052249285717788
1346,131,1477,0.10523373046781252
1352,128,1480,0.10526156652731508
1356,129,1485,0.1052727824433802
1357,130,1487,0.1052744565374803
1366,134,1500,0.1052741118689889
1356,135,1491,0.1052544699055105
1357,134,1491,0.1052588985335262
1365,134,1499,0.10526096365968007
1369,132,1501,0.10524340830601751
1368,131,1499,0.10521784354675409
1361,131,1492,0.10519473398350047
1360,135,1495,0.10518897325489608
1353,137,1490,0.10518806759748241
1362,139,1501,0.10520507547343534
1359,141,1500,0.10520263327446365
1352,139,1491,0.10520722787113441
1363,139,1502,0.10522330304286256
1363,134,1497,0.10521023645629529
1356,137,1493,0.10519797959506294
1366,136,1502,0.10520306290198182
1358,134,1492,0.10518476397856763
1356,138,1494,0.10518685476436136
1344,136,1480,0.10519395268401155
1334,140,1474,0.10522716020602528
1341,143,1484,0.10528165863134877
1347,142,1489,0.10531831092566071
1348,138,1486,0.10533923681496869
1358,141,1499,0.10535584827914717
1369,141,1510,0.10534833811004464
1363,144,1507,0.10531468362569203
1358,141,1499,0.10529590096777426
1349,140,1489,0.10529006913685501
1342,145,1487,0.10530564473209146
1343,143,1486,0.10533773627937734
1345,144,1489,0.10536527731823413
1340,141,1481,0.10538654591254354
1338,145,1483,0.1054167147316388
1341,145,1486,0.10544940302378547
1336,149,1485,0.10547452634514336
1334,148,1482,0.10550471584193832
1337,147,1484,0.10553746316844091
1330,146,1476,0.10556092021056283
1318,144,1462,0.10559935045919126
1332,142,1474,0.10566296928433927
1329,145,1474,0.10568721815552282
1321,146,1467,0.1057176934442116
1333,144,1477,0.10576491988186565
1344,148,1492,0.10578287596274126
1333,153,1486,0.10577172665678151
1345,152,1497,0.10578749938706729
1346,143,1489,0.1057737913624936
1339,144,1483,0.10576021069314721
1342,148,1490,0.1057635699784436
1344,148,1492,0.10576263232508631
1344,151,1495,0.10575636185280878
1344,149,1493,0.10574718589706461
1341,148,1489,0.10573637758511659
1343,151,1494,0.10573275363176059
1345,153,1498,0.10572680113268355
1347,152,1499,0.1057168629440665
1341,148,1489,0.10570385490864656
1351,145,1496,0.105705527396686
1345,146,1491,0.10568422568057004
1344,147,1491,0.10567989151936849
1340,145,1485,0.10567848691308993
1341,143,1484,0.10568674031321698
1339,148,1487,0.10569394255239964
1338,148,1486,0.10570353064542061
1343,152,1495,0.10571722212504402
1344,148,1492,0.10571482758537294
1345,148,1493,0.10571195022718559
1349,147,1496,0.10570684226412798
1356,143,1499,0.10569309067861635
1366,142,1508,0.10566461030869874
1369,143,1512,0.10561555639791351
1366,142,1508,0.10556388659069399
1360,140,1500,0.10552342970979701
1365,145,1510,0.10549626454299048
1362,148,1510,0.10546335060445773
1353,143,1496,0.10543812172762261
1362,145,1507,0.10543419640298325
1357,149,1506,0.10541113259082141
1345,148,1493,0.10540207525607308
1346,150,1496,0.10542467752499547
1346,149,1495,0.10544304505401574
1340,147,1487,0.10545790379924234
1340,151,1491,0.10548390307263462
1353,153,1506,0.10550876631408107
1353,150,1503,0.10550386482938538
1361,148,1509,0.1054995421861743
1355,149,1504,0.10547619729620353
1362,153,1515,0.10546896754239413
1343,153,1496,0.1054456702409527
1337,150,1487,0.10546924504962978
1337,145,1482,0.10550773493879649
1346,141,1487,0.10554224698133048
1350,146,1496,0.10555370835308983
1347,148,1495,0.10555496421219722
1342,149,1491,0.10556276359491236
1338,150,1488,0.1055781561741792
1353,151,1504,0.10560121213142488
1349,158,1507,0.1055906779930869
1343,157,1500,0.10559211487950831
1342,153,1495,0.10560764912221218
1339,148,1487,0.10562411804530641
1353,146,1499,0.10564655287862199
1350,147,1497,0.10563033202441012
1352,144,1496,0.1056206651966885
1355,143,1498,0.10560961312620723
1347,149,1496,0.10559054157750498
1340,150,1490,0.10559107879832133
1347,153,1500,0.10560886355003038
1350,154,1504,0.10561072163588202
1351,158,1509,0.10560620178542238
1352,159,1511,0.10559963679511782
1348,153,1501,0.10559039078743987
1343,155,1498,0.10559233805035503
1338,159,1497,0.10560607891574594
1341,164,1505,0.10562961290287654
1348,166,1514,0.10564459072347411
1344,167,1511,0.10564450319788637
1331,166,1497,0.10565424524925233
1325,167,1492,0.10569388046439329
1337,170,1507,0.10574365996303056
1317,168,1485,0.10576309252923646
1317,169,1486,0.10582606370660326
1317,172,1489,0.10588322770149965
1313,173,1486,0.10593799858668675
1319,176,1495,0.1059978395415796
1316,171,1487,0.10604209147081062
1308,176,1484,0.10608955106104002
1322,172,1494,0.10615210800541611
1334,178,1512,0.10617830665769225
1337,179,1516,0.1061774932975331
1340,176,1516,0.10616972544355384
1333,172,1505,0.10615633085932545
1315,173,1488,0.10615792138438623
1328,173,1501,0.10620178547428188
1325,174,1499,0.10621446841289277
1328,175,1503,0.10623178439290663
1309,174,1483,0.10624008106175964
1305,171,1476,0.10629156492721499
1315,177,1492,0.10635000471037794
1294,178,1472,0.10638255457322543
1296,181,1477,0.10645600663283775
1307,176,1483,0.10652301991931219
1297,176,1473,0.10655752367442985
1300,180,1480,0.10661361958880328
1310,176,1486,0.1066577647885341
1318,180,1498,0.10667574178400603
1319,182,1501,0.10667183155631638
1315,184,1499,0.10666614131374662
1322,182,1504,0.10667254618179342
1322,179,1501,0.10666267443178708
1314,183,1497,0.10665304252959369
1320,181,1501,0.10666383940747146
1315,180,1495,0.10666197414858186
1319,177,1496,0.10666934418207367
1315,174,1489,0.1066683066167264
1318,172,1490,0.10667618376336371
1313,174,1487,0.10667488098880132
1314,178,1492,0.10668593646360001
1316,178,1494,0.10669334409250593
1313,176,1489,0.1066931678540381
1317,181,1498,0.10670181742438462
1325,178,1503,0.10669981700547364
1331,177,1508,0.10667996186846952
1332,177,1509,0.10664729793621969
1329,176,1505,0.10661253099521235
1326,177,1503,0.10658909730164262
1322,173,1495,0.10657303574648908
1321,174,1495,0.1065684533077376
1316,169,1485,0.10656678294999851
1303,172,1475,0.1065781024891467
1314,169,1483,0.10661787632982594
1306,168,1474,0.10663013477819762
1309,169,1478,0.10665835518303243
1318,172,1490,0.10667641994408088
1312,170,1482,0.10667440090822111
1318,172,1490,0.10668470803210522
1319,181,1500,0.10668015292716274
1321,180,1501,0.10667043880853921
1330,180,1510,0.1066595472137644
1314,180,1494,0.10662923552140484
1307,182,1489,0.10663689462968148
1313,179,1492,0.1066602714632835
1316,178,1494,0.10667030006423694
1324,182,1506,0.10667027968789339
1324,180,1504,0.1066519104272234
1312,182,1494,0.10663704126164547
1299,179,1478,0.10664993285869055
1300,184,1484,0.10669124417498285
1317,189,1506,0.10672639476827989
1307,186,1493,0.10672282351853127
1325,183,1508,0.10674065751472493
1325,182,1507,0.10671543260793406
1344,180,1524,0.10669278963932385
1330,182,1512,0.10662719509236006
1319,181,1500,0.10659983009752395
1307,183,1490,0.1066003585510876
1310,189,1499,0.10662595795842883
1311,188,1499,0.10664489983542692
1306,189,1495,0.10666157108711015
1319,193,1512,0.10668793176519645
1306,193,1499,0.10668423928450065
1306,198,1504,0.10671149839406652
1307,201,1508,0.10673935507019752
1313,205,1518,0.10676575996959269
1299,205,1504,0.10677652616707899
1300,205,1505,0.10681593065436826
1293,213,1506,0.10685265349434939
1294,215,1509,0.10690410796819004
1299,210,1509,0.10695174933410324
1290,214,1504,0.10698125152208701
1289,216,1505,0.10702913049993378
1276,218,1494,0.10707886731356034
1272,221,1493,0.10715458937096754
1266,221,1487,0.10723533543878298
1271,216,1487,0.1073226830788681
1260,222,1482,0.10739096973551315
1270,221,1491,0.10747869212880623
1276,221,1497,0.1075392342708264
1265,224,1489,0.10758176779197136
1272,225,1497,0.10764724095549237
1263,222,1485,0.10769184834973973
1269,222,1491,0.10775418667720835
1265,225,1490,0.10780139185906056
1254,222,1476,0.10785292513621744
1243,223,1466,0.10792183058747325
1244,224,1468,0.10801205538100653
1254,225,1479,0.10809239065553175
1249,229,1478,0.10814561370578697
1263,227,1490,0.10820562316138466
1268,231,1499,0.1082292377378402
1279,235,1514,0.10823804897834083
1266,232,1498,0.10822286711432062
1269,232,1501,0.10823695356781653
1260,240,1500,0.10824547707860502
1259,239,1498,0.10827620445029304
1254,238,1492,0.10830927579395386
1257,243,1500,0.10835272953204157
1246,238,1484,0.10838628142445302
1249,244,1493,0.10844272107479709
1248,244,1492,0.10848898633505129
1259,243,1502,0.1085347323611122
1261,246,1507,0.10855264354062136
1253,252,1505,0.10856208688565953
1256,246,1502,0.10858969605150921
1268,248,1516,0.10860886378160085
1272,249,1521,0.10859915283758535
1257,245,1502,0.10858344250414138
1251,249,1500,0.10860461179478596
1259,253,1512,0.10863887765094773
1264,256,1520,0.108650615828404
1267,251,1518,0.10865014056314816
1259,250,1509,0.10864389801692304
1254,247,1501,0.10865626034818004
1250,249,1499,0.10868003557857225
1253,251,1504,0.10871014735690476
1254,253,1507,0.10873102305715672
1239,251,1490,0.10874798257312192
1227,247,1474,0.10880126068336506
1238,250,1488,0.10887739440311052
1226,251,1477,0.1089211563458707
1215,255,1470,0.10898818036062613
1220,257,1477,0.10907569283998887
1234,260,1494,0.10914484137249084
1223,252,1475,0.10917855308673792
1235,254,1489,0.10923287211087801
1236,253,1489,0.10925761479785365
1240,258,1498,0.1092777885842236
1240,256,1496,0.10928868661841498
1232,252,1484,0.1092993872942024
1234,259,1493,0.10932762053723376
1230,258,1488,0.10934906745199942
1237,253,1490,0.10937804693710794
1231,261,1492,0.10939053922875751
1231,258,1489,0.10941453903882006
1236,262,1498,0.10943622151224475
1241,257,1498,0.10944540964063725
1223,265,1488,0.1094432672712517
1219,271,1490,0.10948301384761265
1218,267,1485,0.1095281868530523
1215,271,1486,0.10957364129462509
1215,277,1492,0.10962290996083862
1224,276,1500,0.10966721890037288
1226,272,1498,0.10969137831925782
1228,281,1509,0.10970864893706782
1217,280,1497,0.10972142014365278
1221,280,1501,0.10975883013074487
1221,275,1496,0.10978569378633565
1225,274,1499,0.10981031914665516
1216,279,1495,0.10982370277264474
1206,281,1487,0.10985533266185056
1211,284,1495,0.10990942196245075
1218,284,1502,0.10994667247762963
1229,286,1515,0.10996286428529072
1224,283,1507,0.10995467853595083
1214,278,1492,0.10996019128338254
1221,276,1497,0.10999083224436199
1228,276,1504,0.10999933780857767
1213,276,1489,0.10998856645115491
1219,274,1493,0.11001080626179
1220,278,1498,0.11001756485697424
1209,284,1493,0.11002526294275579
1202,286,1488,0.11005734725519867
1214,291,1505,0.11010297390415538
1215,286,1501,0.11011995389924994
1208,281,1489,0.11013468820202021
1209,284,1493,0.11016254363777822
1199,276,1475,0.11018500065845366
1210,280,1490,0.11022815329857845
1206,283,1489,0.11024385933991407
1206,287,1493,0.1102685505080343
1202,285,1487,0.1102923504902797
1194,287,1481,0.11032493470901468
1194,289,1483,0.1103724855597888
1198,286,1484,0.1104184778429419
1198,287,1485,0.11045138762016891
1199,282,1481,0.11048118016870805
1211,281,1492,0.11050313414759697
1207,289,1496,0.11049332020889813
1208,293,1501,0.11049414034480379
1198,284,1482,0.11049548972400355
1198,286,1484,0.11051968555658435
1217,287,1504,0.11054521150880184
1214,288,1502,0.11052289947637638
1213,288,1501,0.11050630720718368
1215,287,1502,0.11049145559661765
1215,285,1500,0.1104697127553446
1227,282,1509,0.11045284825774931
1213,285,1498,0.11041073728354028
1212,286,1498,0.11040447691324573
1217,288,1505,0.11040027781616789
1222,288,1510,0.11038568636215323
1220,290,1510,0.11035830338190021
1200,286,1486,0.11033896909874578
1213,285,1498,0.11036844620977047
1212,284,1496,0.11036577346256028
1213,278,1491,0.11036486974839342
1207,284,1491,0.110361758994969
1203,289,1492,0.11037356855395165
1214,288,1502,0.11039518379659784
1214,288,1502,0.11039004846695252
1198,286,1484,0.11038609907876978
1204,295,1499,0.11041829591119211
1206,297,1503,0.1104360736561188
1199,296,1495,0.1104483645568024
1184,290,1474,0.11047788794555213
1194,294,1488,0.1105397348427395
1197,295,1492,0.11057426342880267
1200,290,1490,0.11059527906847329
1202,296,1498,0.11060693418938466
1207,300,1507,0.11061540094552663
1220,296,1516,0.11061191721786845
1222,295,1517,0.11058052429287572
1211,298,1509,0.11054943356448302
1214,297,1511,0.11054499543683946
1208,297,1505,0.11053537575553568
1202,292,1494,0.11054018775538654
1204,295,1499,0.11055975807703172
1198,302,1500,0.11057070576284694
1206,303,1509,0.11059510674601107
1206,299,1505,0.11060172689040482
1203,299,1502,0.11060660231503984
1210,296,1506,0.11061610113790499
1215,297,1512,0.11060466814685825
1196,298,1494,0.11058315437587854
1204,296,1500,0.11060788340929247
1208,297,1505,0.11061087930195841
1200,302,1502,0.11060458264764239
1194,308,1502,0.11061869598706181
1184,307,1491,0.11065051506766896
1178,304,1482,0.11070229890324373
1194,306,1500,0.11076352470851418
1198,300,1498,0.11078312836474691
1186,300,1486,0.11079445667609457
1182,295,1477,0.11083161843138656
1181,292,1473,0.11087465349602972
1190,297,1487,0.11091585585498581
1184,297,1481,0.11093437787068475
1183,300,1483,0.11096463798581652
1191,303,1494,0.1109948762524655
1192,312,1504,0.11100660650781614
1188,303,1491,0.11101497064538438
1190,305,1495,0.11103334076319475
1192,304,1496,0.11104541588142808
1188,309,1497,0.1110516338492554
1186,311,1497,0.11106758438954788
1185,309,1494,0.11108644615517786
1190,307,1497,0.1111048845134345
1177,312,1489,0.11111000124604889
1168,309,1477,0.11114572761168968
1182,314,1496,0.1112003459883874
1181,313,1494,0.11121706175603954
1173,310,1483,0.11123769444315687
1178,309,1487,0.11127445040383974
1170,313,1483,0.11129777126376027
1169,321,1490,0.11133998612321928
1173,325,1498,0.11137916778828366
1174,325,1499,0.11140597922263523
1174,324,1498,0.11143107254423669
1170,324,1494,0.11145190615185818
1154,325,1479,0.11148267475554657
1158,325,1483,0.11154798315221363
1162,323,1485,0.11159699359958171
1166,327,1493,0.11163440886506498
1163,333,1496,0.11165953144840131
1168,328,1496,0.11168834836331441
1160,330,1490,0.11170111825583863
1154,334,1488,0.11173053732412938
1162,336,1498,0.11177177939218862
1160,333,1493,0.11179334847403315
1170,338,1508,0.1118180200481188
1165,338,1503,0.11181848685268964
1164,340,1504,0.1118308194999819
1160,348,1508,0.11184511530795906
1152,348,1500,0.11186571304239074
1152,351,1503,0.11190690065344804
1154,352,1506,0.1119451790721691
1136,350,1486,0.11197707158814431
1139,342,1481,0.11204693351577283
1144,339,1483,0.11210380656862944
1134,339,1473,0.11214781071554507
1132,345,1477,0.11221050585662272
1133,349,1482,0.11227409948293458
1139,347,1486,0.11233103325532662
1137,346,1483,0.11237152735369377
1149,349,1498,0.1124140528367505
1135,348,1483,0.11242652304875467
1138,348,1486,0.11246627510920866
1142,354,1496,0.11249666878203879
1147,356,1503,0.11251325757062113
1144,356,1500,0.11252090666631476
1152,361,1513,0.11253617560559881
1154,358,1512,0.11253427566646149
1146,359,1505,0.11252820861106642
1143,356,1499,0.11254028575518366
1146,352,1498,0.11255907149256235
1155,353,1508,0.11257082978390506
1144,354,1498,0.11256058862246704
1143,352,1495,0.11257547357118486
1144,353,1497,0.112591632882543
1142,354,1496,0.11260385385799367
1148,353,1501,0.11262254176674992
1149,352,1501,0.1126254570408803
1148,357,1505,0.11262916218439735
1149,360,1509,0.11263107494498158
1146,359,1505,0.11263181288634297
1133,356,1489,0.11264002904686626
1141,358,1499,0.11267592250149694
1137,355,1492,0.11268964539246734
1139,356,1495,0.11271442263886332
1141,356,1497,0.11273502813502571
1130,366,1496,0.11275176510059697
1120,362,1482,0.11279401140500739
1114,362,1476,0.11285498349826181
1127,362,1489,0.11292471492635642
1131,366,1497,0.11295853775301427
1133,363,1496,0.11297766103377285
1132,366,1498,0.11299224069506504
1133,374,1507,0.11300656587150479
1125,378,1503,0.11301678465770928
1116,369,1485,0.11304570459442294
1114,370,1484,0.11309509612988691
1116,373,1489,0.11314448084584704
1115,371,1486,0.11318378483258554
1115,379,1494,0.11322506728003802
1121,377,1498,0.11326372517598969
1131,379,1510,0.11328675789132302
1133,373,1506,0.11328586389536682
1132,380,1512,0.11327838511788124
1133,382,1515,0.11327332695135278
1130,384,1514,0.11326737402136346
1115,383,1498,0.11326928667651248
1098,374,1472,0.11330413946089302
1093,374,1467,0.11337686868411019
1102,381,1483,0.11345843413027876
1115,379,1494,0.1135118552972744
1120,382,1502,0.1135277665203781
1124,388,1512,0.1135342938966518
1115,397,1512,0.11353295159923854
1113,397,1510,0.11355344192447551
1109,399,1508,0.1135815718293638
1106,405,1511,0.11361707369835074
1107,405,1512,0.11366073362351947
1098,402,1500,0.11369677044727952
1092,402,1494,0.11375234508555639
1091,410,1501,0.11381732066435679
1084,406,1490,0.11387886456364557
1091,411,1502,0.11395185877332295
1104,411,1515,0.11400543265191672
1084,407,1491,0.11402494264007867
1086,413,1499,0.11408841906206074
1081,406,1487,0.11414187114280973
1087,410,1497,0.11420275478893588
1083,411,1494,0.11424301503463834
1079,420,1499,0.11428976518090468
1081,422,1503,0.1143445927939628
1073,422,1495,0.11438867712292737
1076,418,1494,0.11444891778915803
1077,419,1496,0.11450085311264178
1077,414,1491,0.1145474951613518
1078,423,1501,0.11459013478728569
1074,422,1496,0.11462998265184861
1084,421,1505,0.11467305699762562
1078,427,1505,0.1146908607963931
1081,422,1503,0.11471904687104172
1069,426,1495,0.1147383666578462
1072,423,1495,0.1147842649545619
1069,425,1494,0.11482067414644824
1079,425,1504,0.11486146836824002
1072,432,1504,0.11487669762399676
1084,424,1508,0.11490801916126589
1084,426,1510,0.11490976940017429
1070,426,1496,0.11491187388848703
1070,420,1490,0.11494707813868654
1077,422,1499,0.11498026078076005
1080,422,1502,0.11499578610133172
1074,425,1499,0.11500500176214107
1069,425,1494,0.11502631815916184
1077,422,1499,0.11505657500496237
1070,425,1495,0.11506872692869159
1071,418,1489,0.11509536618154367
1077,426,1503,0.11511573849060046
1081,426,1507,0.11511999785801688
1080,428,1508,0.1151171389331268
1076,430,1506,0.11512018035175192
1065,436,1501,0.1151309574075456
1048,434,1482,0.11516768083166518
1057,431,1488,0.11523954051998771
1059,432,1491,0.11528363665809369
1058,438,1496,0.1153200663766035
1059,440,1499,0.11535832020380891
1064,430,1494,0.11539395421584749
1060,435,1495,0.11541484843713665
1060,443,1503,0.11544492821694646
1064,443,1507,0.11547254281828141
1059,445,1504,0.115490094429129
1059,441,1500,0.11551901448373655
1056,445,1501,0.11554743985449104
1055,449,1504,0.11558004805323818
1056,441,1497,0.11561429050205313
1063,447,1510,0.1156399597014457
1063,442,1505,0.11564677172602884
1051,443,1494,0.1156539946423466
1055,445,1500,0.1156859244819868
1047,445,1492,0.11570744290091191
1060,433,1493,0.11574487707631534
1056,438,1494,0.11575231852823897
1039,449,1488,0.11576820315320255
1038,458,1496,0.11582479949131493
1039,455,1494,0.11588132104270814
1042,462,1504,0.11593297031700603
1040,465,1505,0.1159746606329181
1039,464,1503,0.11601730238758151
1038,473,1511,0.11605880696481861
1034,468,1502,0.11609949900394458
1033,464,1497,0.11614999296313062
1026,472,1498,0.11619934558260268
1031,467,1498,0.11625731398744893
1022,459,1481,0.11630179554090862
1028,464,1492,0.11636312210565006
1038,469,1507,0.1164070544613506
1035,477,1512,0.11642323264047592
1034,474,1508,0.11644684547589662
1028,470,1498,0.11646930223318928
1028,471,1499,0.11650444957355767
1037,478,1515,0.11653953767349273
1029,475,1504,0.11655395792562433
1022,477,1499,0.11658463582270456
1017,475,1492,0.11662968184590683
1032,482,1514,0.11668448257426826
1017,477,1494,0.11670118474424596
1020,478,1498,0.11675100949177793
1034,478,1512,0.11679062493216774
1029,483,1512,0.11679642278739813
1019,479,1498,0.11681287090363385
1015,480,1495,0.11685171078251472
1026,483,1509,0.11689720662704445
1034,485,1519,0.11691154323314194
1034,480,1514,0.11690739281825081
1031,477,1508,0.11690391627107238
1030,482,1512,0.11690742334546765
1029,488,1517,0.11691120938295566
1031,482,1513,0.11691932096379405
1019,483,1502,0.11692365070284386
1015,488,1503,0.1169574493035627
1017,489,1506,0.11699834773959875
1021,489,1510,0.1170314127776886
1022,483,1505,0.1170549025441159
1017,495,1512,0.11707476981183097
1016,499,1515,0.11710421025186908
1003,497,1500,0.11713532778967645
1010,508,1518,0.1171941408286348
1006,501,1507,0.11723376942735868
987,502,1489,0.11728114546281479
988,500,1488,0.11736978483699283
989,501,1490,0.11744803826869109
993,509,1502,0.11751725144496614
992,508,1500,0.11757158602048627
1002,506,1508,0.11762625253501462
993,507,1500,0.11765438379212124
1001,512,1513,0.11770024808194147
1001,512,1513,0.11772455420473195
997,513,1510,0.11774857214830771
989,522,1511,0.11778243813075623
974,515,1489,0.11783291330259928
970,516,1486,0.1179119860703266
974,514,1488,0.11799487947312627
974,517,1491,0.11806027096197663
981,516,1497,0.11811911890037247
979,520,1499,0.11815743138746874
975,517,1492,0.11819987841589946
976,523,1499,0.11824749719104666
979,521,1500,0.11829153895916403
977,524,1501,0.1183254369713853
970,530,1500,0.11836284853802653
972,529,1501,0.1184134146266583
972,527,1499,0.11845678638487435
976,525,1501,0.11849678299382425
964,514,1478,0.11852471725060582
970,513,1483,0.11858017010031667
971,523,1494,0.11861729389084573
975,529,1504,0.1186495693350425
987,534,1521,0.11867158240036492
989,525,1514,0.11866436581958441
982,525,1507,0.11865402770260375
983,526,1509,0.11865839588344115
986,534,1520,0.11865941101836841
974,534,1508,0.11865515951808896
981,534,1515,0.11867651272849006
970,531,1501,0.11867926130182566
980,539,1519,0.11870770221753402
976,541,1517,0.11871085039920938
973,536,1509,0.11872344057872411
974,526,1500,0.11874109288386676
950,526,1476,0.11875434512611713
949,526,1475,0.11882012323909594
951,535,1486,0.11888644603701373
953,534,1487,0.11894422517417488
958,529,1487,0.11899349054611118
968,532,1500,0.11902666196007175
963,541,1504,0.11903353739811492
957,536,1493,0.11905078113534019
953,528,1481,0.1190806035917107
961,534,1495,0.11911971278876689
961,524,1485,0.11914114687943753
965,530,1495,0.11916170342397127
958,535,1493,0.11917038297952219
951,546,1497,0.11919558522108895
943,539,1482,0.11923710893309451
942,548,1490,0.11929341573909401
948,544,1492,0.11934685645087545
947,542,1489,0.11938197632726757
946,547,1493,0.11941668820568588
948,552,1500,0.11944922850285235
952,550,1502,0.11947581006683819
958,552,1510,0.11949167834474515
964,550,1514,0.11949311809470785
953,559,1512,0.1194818116526973
945,555,1500,0.11949941047984745
955,547,1502,0.11953380402596428
945,543,1488,0.11954235656829536
950,551,1501,0.11957169785034193
953,550,1503,0.11958854158103545
957,548,1505,0.1195956361841639
954,541,1495,0.11959437849939626
968,540,1508,0.11959747229613718
972,542,1514,0.11956803726031198
969,538,1507,0.11952763754764721
967,542,1509,0.11949685546372402
964,538,1502,0.11947526642898794
960,533,1493,0.1194615018772292
953,537,1490,0.11945721133676562
962,530,1492,0.11946802265372757
962,534,1496,0.11945684480348845
963,540,1503,0.11944814135100104
955,534,1489,0.11943973993152689
958,536,1494,0.11944883817693704
946,535,1481,0.11945334248350474
945,542,1487,0.11948279734348415
935,539,1474,0.11951398313456223
935,536,1471,0.11956436883627759
929,534,1463,0.11961219909852325
931,539,1470,0.11967056825839181
948,545,1493,0.11972026613242276
954,544,1498,0.11972523078152218
949,545,1494,0.11971466575080043
959,540,1499,0.11971629388155143
957,542,1499,0.11969413054655074
961,547,1508,0.1196795266793896
957,540,1497,0.11965238978449445
963,537,1500,0.11963711770873309
956,539,1495,0.1196105593516322
967,539,1506,0.1196028795985562
968,544,1512,0.11956978527179
963,547,1510,0.11953616640380255
953,548,1501,0.11951803472436807
941,549,1490,0.11952500173021387
946,549,1495,0.11955860650361184
947,548,1495,0.11957937081827114
944,559,1503,0.11959710933359831
937,552,1489,0.11962204273081711
928,558,1486,0.11966437746588468
930,559,1489,0.11972089736984458
933,564,1497,0.11976731487682157
935,567,1502,0.11980654967641804
947,564,1511,0.11983976399394955
945,564,1509,0.11984173762304447
950,561,1511,0.11984953610427775
941,565,1506,0.11984539238704553
938,563,1501,0.11986091695374534
936,566,1502,0.11988473182061356
922,566,1488,0.1199142218375432
927,564,1491,0.11997217326586665
930,564,1494,0.12001612144841442
927,568,1495,0.1200502988785879
923,573,1496,0.12008576109403996
934,585,1519,0.12012687240329545
934,582,1516,0.12014239537505715
923,580,1503,0.12015833549287548
921,583,1504,0.1201946141518754
924,584,1508,0.12023483291411702
924,581,1505,0.12026648768341182
924,585,1509,0.12029464139685483
914,589,1503,0.12032296173774697
906,586,1492,0.12037123606017257
910,584,1494,0.12043602581544607
909,597,1506,0.12048666204207376
917,585,1502,0.1205376160236396
917,586,1503,0.12056750119984923
921,590,1511,0.12059419678796492
914,594,1508,0.12060867675983894
909,592,1501,0.12063845949916022
914,587,1501,0.12067750502396414
911,590,1501,0.12070615873870753
914,600,1514,0.12073937524639429
920,605,1525,0.12076613973752734
903,596,1499,0.12077772486906188
912,598,1510,0.12082761528425533
910,598,1508,0.12085101772787774
906,599,1505,0.12087839907449208
886,605,1491,0.12091343858037941
886,605,1491,0.12099360996587137
896,599,1495,0.12106883813216161
899,603,1502,0.1211147271732375
884,610,1494,0.12114840218316082
888,613,1501,0.12121472776705396
884,619,1503,0.12126649234871661
885,619,1504,0.1213230312611277
879,621,1500,0.12137332272650286
875,626,1501,0.1214344898186189
870,618,1488,0.12150167001867074
869,622,1491,0.12157538183303386
862,618,1480,0.12164551785408122
872,614,1486,0.12172719212493732
869,622,1491,0.12178180575629796
867,630,1497,0.12184059883484848
867,632,1499,0.1218984036072025
883,621,1504,0.12195297223232075
884,623,1507,0.12196547533666525
895,611,1506,0.12197605967678872
889,617,1506,0.12196000309449172
888,616,1504,0.12195639152798914
888,622,1510,0.12195645976180698
889,623,1512,0.12195421230185761
891,620,1511,0.12195018886978261
893,620,1513,0.1219412637060383
884,618,1502,0.12193135593035385
885,624,1509,0.1219457273569098
893,627,1520,0.12196071552357
881,625,1506,0.1219547221891906
890,619,1509,0.12197835226339926
893,623,1516,0.12197811427775342
894,623,1517,0.12197125412496355
886,605,1491,0.12196190559765659
882,605,1487,0.12197140588031771
875,610,1485,0.12198899813131373
880,620,1500,0.12202355335377017
885,613,1498,0.12204271300095942
885,619,1504,0.12204446069822034
883,623,1506,0.12204629976653188
889,623,1512,0.12205396778867889
894,618,1512,0.12204547675757342
886,630,1516,0.12202855310957775
884,634,1518,0.1220339341738063
881,629,1510,0.12204392575731289
883,630,1513,0.1220604131885668
876,621,1497,0.12207279828148235
875,616,1491,0.1220981768767533
875,613,1488,0.12212381895032291
877,613,1490,0.12214682112747198
886,622,1508,0.12216275847908406
890,617,1507,0.12215866910266815
879,618,1497,0.12214377241296381
878,613,1491,0.12215407034988107
885,624,1509,0.12216653126090189
882,623,1505,0.1221632811650721
876,613,1489,0.12216530162919588
880,614,1494,0.12217854796611714
878,618,1496,0.12218228916410745
882,630,1512,0.12218872835923161
881,621,1502,0.12218610230073297
872,623,1495,0.12218742500354918
867,631,1498,0.12220997180144226
871,631,1502,0.12224464612692869
874,626,1500,0.12226818998661812
886,626,1512,0.12228246982167597
879,624,1503,0.12226691186588817
873,629,1502,0.12226747309241397
866,635,1501,0.12228169225741053
870,640,1510,0.12231233393514764
872,646,1518,0.12233286308713147
862,648,1510,0.12234673686117473
861,644,1505,0.12238069768298614
858,645,1503,0.12241453385021117
862,646,1508,0.12245349504055728
852,646,1498,0.12248123365097129
855,652,1507,0.12253197892410657
854,651,1505,0.12257338453842381
856,653,1509,0.12261510679467996
866,645,1511,0.12264884143773987
864,647,1511,0.12265816199849176
855,644,1499,0.12266827764899503
843,645,1488,0.12269908883985448
835,643,1478,0.12275748290155636
852,639,1491,0.12283115938834062
856,649,1505,0.12285959474367765
868,650,1518,0.12287792742430087
862,652,1514,0.12286740547991361
857,656,1513,0.12287156596550576
864,657,1521,0.12288648925198534
859,651,1510,0.12288562159185176
856,642,1498,0.12289497296229122
859,648,1507,0.12290947902645416
853,645,1498,0.12291544787368835
856,640,1496,0.12293586274919908
865,638,1503,0.1229492024579152
864,645,1509,0.12293817712794505
871,639,1510,0.12293317353121495
853,653,1506,0.12291112591236704
845,648,1493,0.12293217461517406
849,647,1496,0.12297010972200524
855,639,1494,0.12299675543686153
854,649,1503,0.12300895246981458
852,643,1495,0.12302234264330622
845,646,1491,0.12303940889631203
855,646,1501,0.12307170228931795
856,633,1489,0.12307907006679084
850,640,1490,0.12308206789904157
859,634,1493,0.1230995766111927
863,629,1492,0.12309110851474682
863,632,1495,0.12307360426212416
862,634,1496,0.12305813736381907
847,646,1493,0.12304395726217635
853,648,1501,0.12306376938177159
850,651,1501,0.1230724991647477
850,653,1503,0.12308699850204075
852,656,1508,0.12310059606010185
848,653,1501,0.12310790581672226
850,649,1499,0.12312471259393114
866,652,1518,0.1231370133703944
861,653,1514,0.1231096121775853
852,650,1502,0.12309647182757519
852,653,1505,0.12310508426370241
842,657,1499,0.1231113650890021
835,656,1491,0.12314281490828342
841,672,1513,0.12318904670812948
847,673,1520,0.1232190294934464
852,670,1522,0.12323632633241345
844,666,1510,0.12324103618268394
850,666,1516,0.1232645868299558
848,671,1519,0.12327448286020952
851,669,1520,0.12329003114268466
844,669,1513,0.12329395825583958
833,671,1504,0.12331443760548431
835,673,1508,0.12335876946656005
836,670,1506,0.12339498664394073
834,664,1498,0.12342600860718607
839,661,1500,0.1234607684139299
839,662,1501,0.12348346271646082
822,667,1489,0.12350368001169026
831,672,1503,0.1235623819644297
834,671,1505,0.1235956820660747
834,669,1503,0.12361801879981478
836,672,1508,0.12363822366569366
841,678,1519,0.12365303528142065
837,674,1511,0.12365543052284561
846,676,1522,0.12366827740763138
841,666,1507,0.12365693125509178
826,679,1505,0.12365759937971714
824,675,1499,0.12369408200757093
833,680,1513,0.123733350427833
832,670,1502,0.12375044216526965
825,671,1496,0.12376688965751008
819,672,1491,0.12379915029948506
821,685,1506,0.12384398499096229
823,681,1504,0.12388202345471015
837,680,1517,0.12391156034406643
835,683,1518,0.12390504295054955
823,674,1497,0.12390174769438993
821,664,1485,0.123927223821023
820,667,1487,0.12395753638118652
820,668,1488,0.12398822747396317
823,669,1492,0.124016637840867
820,679,1499,0.1240349449382747
820,673,1493,0.12405762292427758
806,686,1492,0.12407802754034444
816,682,1498,0.1241286121861145
830,684,1514,0.12415444306844084
831,680,1511,0.12414516296161449
825,686,1511,0.12413319641236438
825,684,1509,0.12413583171331932
825,680,1505,0.12413918802999147
821,682,1503,0.12414219365453327
816,679,1495,0.12415659810925204
819,687,1506,0.12418085884887815
811,690,1501,0.12419739378795254
809,692,1501,0.12423141616771481
797,697,1494,0.12426938001849966
799,695,1494,0.12433181827944488
800,680,1480,0.12438649263480737
809,686,1495,0.12443481706103647
810,694,1504,0.12445887267818591
816,692,1508,0.12447700719937785
819,687,1506,0.12448071005854121
822,692,1514,0.1244782165931797
817,694,1511,0.12446904786941189
813,693,1506,0.12446989530358142
814,694,1508,0.1244769763588753
815,691,1506,0.12448374919715674
820,679,1499,0.12448711692232148
816,680,1496,0.12447833890037184
812,686,1498,0.1244797828291852
815,678,1493,0.12449231572186861
814,678,1492,0.12449761237425516
814,685,1499,0.12450551357919754
814,704,1518,0.12451079785962428
816,710,1526,0.12451510982989472
820,703,1523,0.124516290809309
806,697,1503,0.1245088194279991
796,705,1501,0.12453624394522073
790,703,1493,0.12458415498085357
792,701,1493,0.12464361811050796
793,706,1499,0.12469241927961768
795,702,1497,0.12473499866134301
790,709,1499,0.12477106433460758
791,706,1497,0.12481673953280119
786,709,1495,0.12485721649206276
777,715,1492,0.12490711760180752
784,714,1498,0.12497362506047188
786,717,1503,0.12502068836459115
793,704,1497,0.1250609414002376
793,705,1498,0.1250790305675862
781,706,1487,0.12509541292235984
783,713,1496,0.12513718193271375
794,711,1505,0.12517013671341612
793,710,1503,0.12517846644497102
781,718,1499,0.125187078209943
785,707,1492,0.12522561980621386
790,708,1498,0.12525018524876025
793,726,1519,0.12526248552033026
793,720,1513,0.1252667201979967
795,720,1515,0.12526902619346375
791,720,1511,0.1252689849170701
793,719,1512,0.12527765834748666
789,727,1516,0.12528207875853511
792,731,1523,0.12529716520722
777,726,1503,0.12530645160121742
776,730,1506,0.12534997225125302
772,727,1499,0.1253925479535939
776,734,1510,0.12543786372288687
784,729,1513,0.1254722435875339
790,731,1521,0.12548661088322047
781,724,1505,0.12548688849635123
784,723,1507,0.12550689108425092
784,717,1501,0.12551871816216142
781,722,1503,0.12552986347841733
780,730,1510,0.12554710057924381
779,732,1511,0.12556574197308645
770,732,1502,0.12558761350663272
774,733,1507,0.12563040304510437
771,732,1503,0.12566048032101243
781,734,1515,0.12569787405001384
773,734,1507,0.12570702762303193
771,737,1508,0.12573386915654314
772,738,1510,0.12576553554018768
765,741,1506,0.1257907217635459
764,738,1502,0.12583072320611524
760,741,1501,0.1258724445200087
758,744,1502,0.1259208355611313
764,738,1502,0.1259719865698691
760,733,1493,0.126003495796192
761,741,1502,0.126042234373773
756,741,1497,0.12607683184463275
750,750,1500,0.126119368509913
773,740,1513,0.12617154707270617
765,740,1505,0.12616527365753968
762,766,1528,0.12617794341089772
758,760,1518,0.12619971989662598
762,758,1520,0.12622718111199693
756,755,1511,0.12624485684517658
739,759,1498,0.1262742160516411
726,753,1479,0.12634031647052893
736,759,1495,0.12643303862443656
732,758,1490,0.12649848023987673
741,758,1499,0.12656799667081284
742,753,1495,0.12661276846758363
743,752,1495,0.12665155619603197
749,760,1509,0.12668407828435035
751,765,1516,0.12669670170955663
746,767,1513,0.12670365520290605
746,750,1496,0.1267223954551221
739,751,1490,0.12674037744050184
747,750,1497,0.12677420462708153
757,749,1506,0.12678627189487546
762,751,1513,0.12677538313687683
758,755,1513,0.12674949443256253
753,749,1502,0.12673400987150657
742,749,1491,0.12673417600922054
743,748,1491,0.12676049904209538
754,750,1504,0.1267803058166405
754,754,1508,0.12677420423127017
747,746,1493,0.12676922362300408
753,745,1498,0.12678060244849995
755,747,1502,0.12677807871260371
749,762,1511,0.12677082489266833
749,761,1510,0.1267784972086324
748,766,1514,0.1267870783485025
750,757,1507,0.1267981742850929
745,762,1507,0.12680389659590469
741,756,1497,0.12682114107353726
739,767,1506,0.12684889908342986
740,771,1511,0.12688045327119882
741,770,1511,0.12690658558537427
736,769,1505,0.12692889174970645
740,779,1519,0.1269634667963217
744,782,1526,0.1269890798446195
735,789,1524,0.12700350472544628
732,783,1515,0.12703805330963186
715,784,1499,0.1270800741957016
722,781,1503,0.12715760711422258
711,780,1491,0.12721550426017914
717,786,1503,0.1272931762258441
717,796,1513,0.12734836117954892
712,800,1512,0.1274007868910096
713,795,1508,0.12746192157390776
713,785,1498,0.12751568456175133
708,793,1501,0.1275644418431284
707,791,1498,0.1276216163716211
703,788,1491,0.1276729632043938
698,787,1485,0.1277283024418988
706,780,1486,0.1277907043899132
693,789,1482,0.12783040538049073
692,791,1483,0.12789765925796362
699,803,1502,0.12796124934644632
703,793,1496,0.12800689891486963
703,797,1500,0.12804178565996402
703,797,1500,0.12807642191137247
707,799,1506,0.12810857408665655
715,808,1523,0.12813154732141485
708,802,1510,0.1281319894573079
702,808,1510,0.12815104013690526
698,796,1494,0.12818498651045457
697,800,1497,0.12822563102356976
702,806,1508,0.1282654227755158
704,806,1510,0.12829206985440833
703,810,1513,0.12831230408268568
693,818,1511,0.12833261620964387
688,821,1509,0.12837339707102338
696,819,1515,0.12842222691300628
692,822,1514,0.12844990510015852
689,830,1519,0.128486897299385
700,821,1521,0.12852810416801816
689,813,1502,0.1285382421621427
688,815,1503,0.12857415317753776
694,809,1503,0.12861115000070525
683,814,1497,0.12863056150436653
681,810,1491,0.12867503535920494
685,805,1490,0.1287206284899067
692,816,1508,0.12875361837434354
694,814,1508,0.1287677372430595
695,821,1516,0.12877730789106503
691,822,1513,0.12878456699678734
685,819,1504,0.12880143182278958
688,817,1505,0.1288317508403111
689,824,1513,0.12885142105052766
683,823,1506,0.12886761791933077
686,828,1514,0.12889886041100485
685,836,1521,0.12892012746167866
686,836,1522,0.12894316629876815
691,834,1525,0.12896338745171615
689,825,1514,0.12897259819197623
690,819,1509,0.1289876200837448
690,819,1509,0.12899842592649083
704,805,1509,0.12900406686787816
708,795,1503,0.1289731362876007
706,809,1515,0.12893448008034666
696,816,1512,0.12890366414529375
693,817,1510,0.1288982355895018
707,816,1523,0.12890064641153898
699,812,1511,0.12887210195346951
693,812,1505,0.12886634647480988
689,819,1508,0.12887555526911385
694,817,1511,0.12889216544658577
686,817,1503,0.12889819673619796
689,820,1509,0.12892086227485589
692,820,1512,0.12893482693563438
689,801,1490,0.12893807876463434
686,819,1505,0.12894946314418795
682,818,1500,0.1289696948725922
682,817,1499,0.12899916800989994
676,823,1499,0.12902334006106156
679,830,1509,0.12906049384118426
679,823,1502,0.12908977148521944
683,825,1508,0.12911901109458815
684,831,1515,0.12913442936232705
677,825,1502,0.12914724981902037
680,825,1505,0.12917562351690182
681,837,1518,0.12919368294367659
676,838,1514,0.12920493097234076
668,844,1512,0.12922512169897118
670,841,1511,0.12926376487425553
673,832,1505,0.12929736939180309
674,831,1505,0.1293212185056153
668,830,1498,0.1293407013263293
675,829,1504,0.12937195171153335
673,833,1506,0.12938958676926485
678,832,1510,0.1294084671468146
671,830,1501,0.12941336627264177
668,841,1509,0.12943326963725027
679,837,1516,0.12946052827854487
683,831,1514,0.12945641470614735
682,836,1518,0.1294445174455145
672,844,1516,0.12943734831898926
665,839,1504,0.12945384560106935
662,827,1489,0.12948340827311644
657,831,1488,0.12952208213025845
659,829,1488,0.1295708124045677
658,837,1495,0.12961272908488852
654,841,1495,0.1296508790244477
656,839,1495,0.1296936743896605
659,834,1493,0.12973070682019155
658,835,1493,0.12975925129564544
648,840,1488,0.1297864928930751
646,843,1489,0.12983524443597155
648,842,1490,0.1298856520939483
650,847,1497,0.12992681447762153
659,857,1516,0.1299613074247035
653,849,1502,0.12997368654238706
648,854,1502,0.13000011405014442
649,853,1502,0.13003753299202164
652,846,1498,0.13007035865057479
652,839,1491,0.13009378661695467
658,845,1503,0.13011619082957307
659,850,1509,0.13012112022362732
657,854,1511,0.13012324298876238
654,853,1507,0.13012926644472322
644,858,1502,0.13014430626581788
650,864,1514,0.13018103334204142
648,866,1514,0.1302024349274412
643,858,1501,0.13022649064472158
647,855,1502,0.13026025711843064
648,853,1501,0.1302823452361712
645,861,1506,0.13029657428309466
641,860,1501,0.13031913095832562
647,861,1508,0.13034797266177478
643,853,1496,0.13036195219361615
639,858,1497,0.13038637316787688
643,861,1504,0.13041892198994678
642,863,1505,0.13044100577323417
645,871,1516,0.130466265120678
645,872,1517,0.13047942551349925
640,871,1511,0.1304904173055973
632,874,1506,0.1305135479545238
622,871,1493,0.13055560193018087
622,878,1500,0.13061932467646925
619,890,1509,0.13067864376581736
617,889,1506,0.13073916746293945
622,891,1513,0.13080232629850705
612,887,1499,0.13085035642212114
619,890,1509,0.1309163245403923
624,892,1516,0.13096059487110603
630,891,1521,0.1309920625600257
629,889,1518,0.13100780739991585
625,891,1516,0.13102287631978243
630,888,1518,0.13104485764685475
619,895,1514,0.13105702030226507
619,899,1518,0.1310960533920247
615,896,1511,0.131130323411118
616,895,1511,0.1311739278972327
617,884,1501,0.13120743722332104
613,890,1503,0.13123647795626944
624,898,1522,0.13127458015230467
622,895,1517,0.13128561145288764
612,895,1507,0.13130024276389174
602,897,1499,0.13133639046528234
593,898,1491,0.13139435668572685
597,900,1497,0.13146917886849152
594,908,1502,0.13152810733822073
596,905,1501,0.1315914109870974
596,909,1505,0.1316452940166416
601,917,1518,0.13169645813362651
602,923,1525,0.13173363457469794
600,921,1521,0.13176413503815188
597,926,1523,0.13179725027749847
594,920,1514,0.1318326292101539
587,915,1502,0.13187296418556035
584,916,1500,0.131927198661308
588,927,1515,0.13198462608382264
583,921,1504,0.13203258292186762
581,918,1499,0.13208756438168703
587,919,1506,0.13213863921393132
587,905,1492,0.13217536126700924
586,905,1491,0.13220831133872676
582,915,1497,0.13224081484227024
579,924,1503,0.13228210703375448
582,925,1507,0.13232529876816918
588,922,1510,0.1323588677913429
580,909,1489,0.1323759616720197
586,909,1495,0.1324107462629883
583,910,1493,0.13242874130196533
587,913,1500,0.13245038695125216
585,915,1500,0.13246249615775832
593,913,1506,0.13247593500793076
590,911,1501,0.1324725099573539
587,916,1503,0.13247752621375958
596,916,1512,0.13249231678201917
600,917,1517,0.13248532615571462
594,921,1515,0.13247103536421817
585,920,1505,0.1324735812315641
590,918,1508,0.13249719917582806
594,923,1517,0.13250864085225256
602,920,1522,0.13250656176603454
592,928,1520,0.13248547798122812
585,932,1517,0.13249008002094761
583,934,1517,0.1325105568221904
574,935,1509,0.13253659211753577
575,939,1514,0.13258289281752172
581,934,1515,0.1326247676744625
571,933,1504,0.13264861373622094
576,936,1512,0.13269558076650342
582,935,1517,0.13272901888447963
581,950,1531,0.13274273659244779
575,945,1520,0.13275790208612864
575,934,1509,0.1327867705496302
565,921,1486,0.13281380822244404
556,926,1482,0.13285757055993958
554,940,1494,0.1329200998013592
558,943,1501,0.1329851458402409
553,945,1498,0.13303775639924378
562,943,1505,0.1330940535048891
566,942,1508,0.13312843282715378
565,946,1511,0.133150321189193
572,955,1527,0.13317387419620622
570,962,1532,0.13318048067703575
560,949,1509,0.13319209763298767
558,950,1508,0.1332259707427053
550,959,1509,0.13326191936465615
555,948,1503,0.1333146318779671
555,954,1509,0.1333521728468047
549,959,1508,0.13338534959763412
548,953,1501,0.133432629088055
544,949,1493,0.13347820182771708
548,957,1505,0.1335289964183817
541,959,1500,0.1335690226712598
547,959,1506,0.13362317868532692
547,966,1513,0.1336585197435856
553,960,1513,0.13369343232625952
537,972,1509,0.13371273771251574
543,973,1516,0.133765205206636
545,962,1507,0.13380054092393812
548,956,1504,0.13382645292900563
549,965,1514,0.13384433343545626
554,964,1518,0.1338599877444138
551,962,1513,0.13386400335594903
549,963,1512,0.1338752397018263
546,967,1513,0.1338875848892776
554,979,1533,0.1339073295592345
551,969,1520,0.13390811607484274
550,976,1526,0.1339168964437744
545,967,1512,0.13392481293956723
551,978,1529,0.13394301076595988
548,979,1527,0.13394848460408415
549,964,1513,0.13396135346368193
550,959,1509,0.13397250483591625
558,960,1518,0.13397979324713305
561,959,1520,0.13396588950784033
550,971,1521,0.133947941359132
545,971,1516,0.1339573627141846
543,977,1520,0.13397969805651452
543,984,1527,0.1340067685550863
552,975,1527,0.13403126356923006
551,969,1520,0.1340323253202803
544,966,1510,0.13403666144483262
540,970,1510,0.13405560993341847
543,966,1509,0.1340820587747404
538,957,1495,0.13409945531850526
536,958,1494,0.13412674390270785
538,973,1511,0.13415809162271633
541,979,1520,0.13418302185932973
547,977,1524,0.1341975465327591
548,975,1523,0.1341979223658602
544,957,1501,0.13419583310851912
542,964,1506,0.1342037049952809
531,963,1494,0.1342141323141796
542,960,1502,0.13424891664104258
548,959,1507,0.13425632211878136
546,965,1511,0.13424803981387468
549,965,1514,0.13424555341861472
543,958,1501,0.13423781703706858
548,956,1504,0.13424588280400973
553,941,1494,0.13423961604292287
552,945,1497,0.13422082141053593
552,944,1496,0.13420815881622772
545,950,1495,0.1341926283371373
546,963,1509,0.1341981690458651
532,975,1507,0.13419568870588003
529,972,1501,0.13422411605495388
540,971,1511,0.13425924901442518
533,965,1498,0.1342635301268386
533,965,1498,0.1342861651772896
530,967,1497,0.13430865471385556
528,980,1508,0.13433802329386196
519,981,1500,0.13436901867231613
523,990,1513,0.13442191381615964
517,983,1500,0.13446267315093685
521,977,1498,0.13451261540157244
524,970,1494,0.1345496281584035
517,988,1505,0.13457655527270415
521,993,1514,0.134618777810817
528,999,1527,0.13465047642544345
525,998,1523,0.13466529495524127
526,994,1520,0.13468647467175404
518,979,1497,0.13470559530261475
525,990,1515,0.1347417520069503
527,991,1518,0.13475891030157766
519,989,1508,0.1347693127856088
525,989,1514,0.1347952217653493
525,984,1509,0.13480726513654046
520,1002,1522,0.13482016445448863
525,991,1516,0.1348435658527066
524,986,1510,0.13485464165958733
527,979,1506,0.13486562592496815
518,996,1514,0.13486709023067725
515,996,1511,0.1348890902802205
504,995,1499,0.13491744151171084
510,994,1504,0.1349710426553579
516,986,1502,0.13500538768685222
515,987,1502,0.13502467658088396
520,981,1501,0.13504558665941935
517,978,1495,0.13505156233330115
522,974,1496,0.1350647223346939
530,963,1493,0.13506526290468795
526,959,1485,0.13504763950129356
526,967,1493,0.13504319897405176
524,983,1507,0.13504024759196798
526,981,1507,0.13504174148066939
522,977,1499,0.13503840612829504
522,983,1505,0.13504363902285596
522,984,1506,0.13504987839447324
510,989,1499,0.13505646490394874
515,974,1489,0.1350927895364169
505,990,1495,0.1351155442410541
504,994,1498,0.13516052338288287
506,1000,1506,0.13520522962652673
499,1012,1511,0.13524161985506525
504,1005,1509,0.13528954090550674
509,1004,1513,0.13532438450196638
501,1007,1508,0.13534421118494225
501,1005,1506,0.1353826723094803
498,996,1494,0.13541988687279777
499,1002,1501,0.13546213338902557
499,1005,1504,0.135499224438179
501,1001,1502,0.1355338511516728
501,1005,1506,0.13555997254655036
498,1005,1503,0.13558423794265528
496,1003,1499,0.13561542123974937
496,1007,1503,0.13565090754460107
478,1015,1493,0.13568308566575862
487,1009,1496,0.13575330540251648
483,1016,1499,0.13579939892492682
490,1020,1510,0.13585072881119375
492,1015,1507,0.13587964018724602
488,1025,1513,0.1359025788567577
479,1028,1507,0.13593486092045068
474,1025,1499,0.1359840839156858
477,1028,1505,0.1360429570860083
482,1028,1510,0.1360918807986983
479,1027,1506,0.13612590432654767
483,1027,1510,0.13616301947732243
480,1026,1506,0.1361892461854195
476,1027,1503,0.13622175031786368
473,1032,1505,0.13626232561496385
472,1043,1515,0.1363067439859091
470,1043,1513,0.13635151529688985
472,1040,1512,0.13639780279141486
470,1043,1513,0.13643646899837963
470,1044,1514,0.13647800782204875
470,1042,1512,0.1365174819841228
474,1045,1519,0.1365551737227202
476,1041,1517,0.13657972475019167
475,1045,1520,0.13659948124901328
481,1051,1532,0.13661989320799456
479,1035,1514,0.1366240650432816
475,1032,1507,0.13663277238221408
473,1047,1520,0.13665205634922237
475,1043,1518,0.13667294586097142
468,1045,1513,0.1366879095696972
469,1041,1510,0.13671814713815603
465,1040,1505,0.13674307066892166
466,1040,1506,0.1367715096318517
474,1042,1516,0.13679328131272211
467,1029,1496,0.1367936802493975
470,1034,1504,0.13681151567257618
471,1037,1508,0.1368208891353621
478,1029,1507,0.13682726285265936
477,1043,1520,0.13681554153031583
474,1031,1505,0.13680787553088322
474,1038,1512,0.1368083063910215
476,1030,1506,0.13680636549950825
477,1032,1509,0.13680346902565746
477,1027,1504,0.1367968176731421
469,1040,1509,0.1367901225997135
466,1033,1499,0.13680316637090173
475,1020,1495,0.13682335952372665
476,1038,1514,0.13682204432281653
472,1033,1505,0.13681964103229252
470,1034,1504,0.1368279403060634
465,1037,1502,0.1368415424964698
467,1045,1512,0.13686693522548296
472,1040,1512,0.1368854869886482
476,1029,1505,0.13689138298732942
469,1035,1504,0.13688827067621187
475,1041,1516,0.13689960933798603
478,1040,1518,0.13689588817431705
469,1053,1522,0.13688648443511514
465,1062,1527,0.13689976345532062
464,1057,1521,0.13692354998321402
455,1036,1491,0.13694810180678627
456,1040,1496,0.1369922004179858
454,1044,1498,0.13702951528295648
462,1042,1504,0.13706848964499094
464,1055,1519,0.13708593599840083
458,1055,1513,0.1370992553349408
468,1058,1526,0.1371257974048385
466,1063,1529,0.1371262846318417
466,1061,1527,0.13713233246077697
458,1065,1523,0.13713682810357777
456,1053,1509,0.13716039803522914
457,1060,1517,0.13718868716451488
461,1062,1523,0.13721233625956658
463,1053,1516,0.1372239520241071
465,1066,1531,0.1372285973644156
471,1059,1530,0.13722885849678995
462,1061,1523,0.13721692858150064
468,1056,1524,0.1372257499542617
472,1058,1530,0.13721814029071105
473,1054,1527,0.1372013576689027
464,1058,1522,0.13718215990099028
466,1053,1519,0.1371828503360403
472,1038,1510,0.1371800265331384
466,1038,1504,0.1371625603987684
461,1048,1509,0.13716160297614152
464,1051,1515,0.13717221826086767
463,1053,1516,0.13717666460219052
454,1056,1510,0.13718321730940886
460,1047,1507,0.13720923246157404
462,1047,1509,0.1372213396078581
467,1028,1495,0.13722717905533707
473,1033,1506,0.13721875461186298
474,1026,1500,0.1371959856283046
476,1009,1485,0.13716995478880384
472,1032,1504,0.1371389196698398
476,1044,1520,0.13712117394019863
480,1044,1524,0.13709905827867824
480,1035,1515,0.13707073127762104
479,1032,1511,0.13704457593669833
478,1029,1507,0.1370197554577335
474,1041,1515,0.1369955361583194
474,1043,1517,0.13698204260855174
478,1038,1516,0.13696945472018396
482,1046,1528,0.13694990043364708
476,1051,1527,0.13692281166178355
471,1040,1511,0.13691220709464338
466,1035,1501,0.13691500567474046
475,1032,1507,0.13693105251006985
476,1037,1513,0.13692616706865138
467,1043,1510,0.13691727778400553
460,1043,1503,0.13692940228465575
469,1058,1527,0.13695872880653198
466,1047,1513,0.136962918214281
463,1053,1516,0.1369728094533719
455,1043,1498,0.13699007262801643
458,1041,1499,0.13702592738045072
456,1050,1506,0.13705394755590683
460,1057,1517,0.13708665291013175
460,1055,1515,0.13710723179391546
456,1062,1518,0.13712731357238467
456,1043,1499,0.13715579341606346
446,1053,1499,0.1371806647191298
446,1053,1499,0.13722590015079375
445,1059,1504,0.13726850148525171
446,1058,1504,0.13731014972626363
448,1060,1508,0.1373460399318791
452,1055,1507,0.13737520095001185
456,1049,1505,0.1373923153129949
454,1066,1520,0.13739683948438422
457,1072,1529,0.1374086739933802
463,1068,1531,0.13741423558424398
462,1061,1523,0.13740492352217124
457,1057,1514,0.13739601408879704
453,1062,1515,0.13740149511368302
464,1053,1517,0.13741323708136277
466,1059,1525,0.13739996829131534
464,1058,1522,0.13738036033341888
455,1057,1512,0.13736843787004582
455,1049,1504,0.13738093932069195
458,1035,1493,0.1373921678140026
460,1041,1501,0.1373946953018078
462,1037,1499,0.1373919351269499
464,1039,1503,0.13738526934120066
463,1038,1501,0.1373755009737742
457,1049,1506,0.13736916350432074
455,1046,1501,0.13737463390811627
456,1048,1504,0.13738396023683044
452,1050,1502,0.13738979568663098
467,1046,1513,0.1374017414885492
465,1048,1513,0.13737793971716875
461,1055,1516,0.13736079572669876
468,1064,1532,0.13735641470647897
461,1057,1518,0.13733310623554273
458,1060,1518,0.13732823724385906
461,1055,1516,0.13733349720473195
462,1063,1525,0.1373318202177142
458,1053,1511,0.13732950472770217
459,1050,1509,0.13733548180773594
466,1043,1509,0.1373406604415519
479,1038,1517,0.13732981727650626
466,1042,1508,0.137288884443627
473,1041,1514,0.13728057994481957
463,1046,1509,0.13725451729460386
464,1057,1521,0.1372534365906815
459,1060,1519,0.13725223043642076
467,1052,1519,0.13726213413577862
468,1054,1522,0.1372504034041799
460,1046,1506,0.1372374173836343
464,1040,1504,0.1372430816081368
463,1035,1498,0.13723920061191078
459,1043,1502,0.1372384049021584
460,1048,1508,0.13724649671930259
458,1042,1500,0.13725367625978308
462,1036,1498,0.13726425323781197
461,1035,1496,0.13726397366427892
453,1039,1492,0.13726727634216965
466,1037,1503,0.1372885878255161
474,1038,1512,0.13727797748077247
469,1035,1504,0.1372503150076607
472,1032,1504,0.1372364507419321
470,1028,1498,0.1372171628420558
468,1035,1503,0.1372043271116867
472,1039,1511,0.13719736585115241
470,1044,1514,0.13718202866895965
470,1043,1513,0.13717218254471086
473,1046,1519,0.13716361406344102
469,1041,1510,0.1371450689530486
460,1050,1510,0.13713967820236767
462,1051,1513,0.1371556185839601
456,1039,1495,0.13716666859558
459,1050,1509,0.1371898400385423
464,1053,1517,0.1372048948247772
455,1046,1501,0.13720856877245313
455,1036,1491,0.1372324578787664
452,1042,1494,0.1372547549783452
452,1042,1494,0.1372813932204215
458,1040,1498,0.13730501983209867
461,1049,1510,0.13731167148082715
468,1035,1503,0.1373112342276844
468,1042,1510,0.13729579625603044
469,1047,1516,0.13728150998518204
469,1036,1505,0.1372676999243947
467,1035,1502,0.13725741669454464
461,1039,1500,0.13725316680986727
461,1032,1493,0.13726298935385914
459,1045,1504,0.13727025236817755
460,1052,1512,0.1372820051151211
458,1050,1508,0.13729198233679635
454,1059,1513,0.13730375522765295
443,1058,1501,0.13732504306182508
453,1061,1514,0.13737128057231807
460,1070,1530,0.13739081567702116
463,1057,1520,0.13738923730695007
467,1062,1529,0.13738158238576711
458,1051,1509,0.13736181812415005
458,1046,1504,0.13736662984336132
454,1047,1501,0.1373708803045173
452,1053,1505,0.13738602955600046
457,1048,1505,0.13740577900554904
459,1048,1507,0.13741324650568346
462,1046,1508,0.1374143657548518
460,1049,1509,0.13740855926636697
453,1061,1514,0.1374070490086576
452,1059,1511,0.13742056436780473
445,1062,1507,0.1374369682690065
443,1051,1494,0.1374703287089914
439,1057,1496,0.13750651274922673
447,1058,1505,0.1375498268731331
447,1071,1518,0.1375703200526455
454,1067,1521,0.1375903072552906
452,1066,1518,0.13759120918581008
450,1061,1511,0.1375972757534688
456,1065,1521,0.13760710495057812
456,1072,1528,0.1376038499784206
453,1057,1510,0.13760167508104026
459,1057,1516,0.13760751410194128
454,1056,1510,0.13759669076964193
455,1062,1517,0.13760030845780644
461,1065,1526,0.1376015721743619
458,1068,1526,0.13758754988397817
456,1061,1517,0.13758126245095315
450,1065,1515,0.1375792135567124
446,1055,1501,0.13759237527311005
443,1046,1489,0.13761427525283662
440,1051,1491,0.13764169570421317
441,1066,1507,0.1376739764624303
441,1062,1503,0.13770077190287736
441,1057,1498,0.13772529129157854
440,1057,1497,0.13774945795454507
441,1064,1505,0.13777421555245678
444,1062,1506,0.13779412462317694
440,1075,1515,0.13780597928823307
437,1079,1516,0.13782633311363068
439,1076,1515,0.13785305459653435
436,1052,1488,0.13787251327523373
438,1057,1495,0.13789818157615186
445,1064,1509,0.1379148546960492
441,1073,1514,0.13791154680655843
447,1073,1520,0.13791823834756245
446,1073,1519,0.1379119667088897
446,1070,1516,0.13790878280815794
452,1069,1521,0.1379079682938217
449,1065,1514,0.13789242954747086
454,1072,1526,0.13788529064923494
443,1080,1523,0.13786786975618268
431,1072,1503,0.1378773720159796
430,1077,1507,0.1379144726509584
429,1073,1502,0.13795056055625646
432,1084,1516,0.13798590030300997
442,1076,1518,0.1380128858953605
439,1069,1508,0.13801295207660147
433,1071,1504,0.13802041025406633
431,1071,1502,0.1380418946194643
434,1072,1506,0.13806616931296908
434,1071,1505,0.13808282645590328
432,1061,1493,0.13809762021616628
427,1073,1500,0.13811601488561823
424,1074,1498,0.13814532138616076
423,1075,1498,0.13817745224984346
427,1067,1494,0.13821093781445704
430,1084,1514,0.13823280545640987
425,1081,1506,0.13824789917485542
425,1081,1506,0.13827211783782747
423,1097,1520,0.13829601051651624
422,1098,1520,0.13832423200681238
420,1091,1511,0.13834945953967043
424,1098,1522,0.13837716870655772
421,1095,1516,0.1383957107830334
418,1079,1497,0.13841894314392575
424,1084,1508,0.13844850772543402
423,1089,1512,0.13846215087079541
422,1092,1514,0.1384779808279411
420,1089,1509,0.13849647896091508
421,1105,1526,0.1385179402859071
410,1098,1508,0.13853732374141262
406,1099,1505,0.13858127825506014
412,1089,1501,0.13863123672421487
410,1091,1501,0.1386654542045304
413,1086,1499,0.13870233926315373
412,1093,1505,0.13872945387579555
411,1098,1509,0.13875652865380214
413,1098,1511,0.13878457847325756
414,1100,1514,0.13880425892440348
412,1104,1516,0.1388212878194795
413,1107,1520,0.13884108739715445
404,1101,1505,0.13885686265594996
402,1110,1512,0.13889337799327137
405,1101,1506,0.13893267156284564
400,1111,1511,0.1389629257660664
406,1114,1520,0.13900254884637028
403,1100,1503,0.139023568687888
407,1099,1506,0.13904904565712145
413,1096,1509,0.13906092946581913
412,1097,1509,0.1390609334090929
410,1096,1506,0.1390626551536821
412,1095,1507,0.13906960871451676
410,1105,1515,0.13907253078076953
407,1117,1524,0.13907982643265415
407,1108,1515,0.13909594358533248
413,1108,1521,0.139111508787886
409,1114,1523,0.13910965071882417
403,1106,1509,0.1391176640216557
407,1112,1519,0.13914040059856053
403,1098,1501,0.13915386072864636
414,1097,1511,0.13917622847602895
417,1104,1521,0.1391717970534488
414,1097,1511,0.13915678371406012
405,1097,1502,0.1391512390358937
399,1108,1507,0.13916788414067827
395,1103,1498,0.13919786421150168
398,1105,1503,0.13923450680129615
399,1111,1510,0.13925852330147573
397,1126,1523,0.1392776998927504
391,1114,1505,0.1393008019388969
394,1104,1498,0.13933690982462396
396,1095,1491,0.1393642552051385
394,1095,1489,0.13938338738294503
396,1100,1496,0.1394061310585647
398,1116,1514,0.13942156284575485
398,1114,1512,0.13943100189327456
397,1108,1505,0.13944009830612486
400,1120,1520,0.1394529220801951
395,1116,1511,0.13945882510413593
402,1123,1525,0.1394757559696079
396,1118,1514,0.1394757970713125
402,1111,1513,0.1394895537508082
402,1112,1514,0.13948838234939043
400,1110,1510,0.13948885550457849
397,1106,1503,0.13949067774470195
387,1118,1505,0.13949607210998466
391,1107,1498,0.13952454488564242
397,1105,1502,0.13954303462607298
399,1102,1501,0.13954304490682706
394,1112,1506,0.13953968547314288
393,1119,1512,0.1395511042509531
389,1113,1502,0.13956295767404664
387,1114,1501,0.13958506762156075
387,1106,1493,0.1396098508223062
391,1104,1495,0.1396328460278266
388,1104,1492,0.13964334514071575
397,1102,1499,0.13965996126832855
397,1098,1495,0.1396542668378802
398,1104,1502,0.13965022470019975
401,1109,1510,0.13964297954513938
396,1119,1515,0.13962868362761352
393,1123,1516,0.13962763396995312
388,1116,1504,0.13963383050786413
392,1120,1512,0.13965318104488703
393,1126,1519,0.13965622421953663
389,1129,1518,0.13966016185987504
388,1119,1507,0.13967428064826373
386,1117,1503,0.13969254273605064
395,1114,1509,0.139713853946718
398,1118,1516,0.1397089009180585
401,1118,1519,0.1396976309613535
398,1117,1515,0.13967753444140274
397,1118,1515,0.13966883565332494
392,1108,1500,0.1396647159586376
394,1114,1508,0.13967316162404284
391,1114,1505,0.13967808797317982
396,1125,1521,0.13968681204791675
394,1130,1524,0.13968145359588946
392,1115,1507,0.13968291271326305
393,1110,1503,0.13968928146719606
383,1124,1507,0.13969465830511907
383,1125,1508,0.1397216860749146
377,1114,1491,0.1397480814777538
368,1116,1484,0.13978556890357022
374,1118,1492,0.13984192601071538
372,1123,1495,0.13988201938159517
374,1120,1494,0.1399232670980904
370,1129,1499,0.13995786901972818
369,1128,1497,0.13999841124713286
376,1120,1496,0.14003866959710987
381,1125,1506,0.14006225477760256
376,1123,1499,0.1400726795979198
374,1136,1510,0.140094752760332
370,1129,1499,0.14012005684190018
368,1138,1506,0.14015468611692225
360,1136,1496,0.14019272824077172
356,1152,1508,0.14024705475011737
368,1149,1517,0.1403072804598747
370,1146,1516,0.1403362280454045
366,1141,1507,0.14035793769510757
361,1125,1486,0.14038636240577781
367,1133,1500,0.14042492997802286
361,1136,1497,0.14044781900009404
362,1140,1502,0.14048309579390073
366,1144,1510,0.14051255784857816
366,1152,1518,0.14052960738271056
362,1145,1507,0.14054749978546668
365,1148,1513,0.14057188772733176
363,1143,1506,0.14058924624903882
369,1141,1510,0.14060858333512452
368,1145,1513,0.14061545534983672
365,1148,1513,0.140624160005871
358,1151,1509,0.14063718563320843
360,1155,1515,0.1406659136522389
359,1154,1513,0.14068720436893786
359,1149,1508,0.14071003572742577
360,1159,1519,0.14073179028689778
354,1161,1515,0.1407497709860993
352,1156,1508,0.1407801507641749
358,1169,1527,0.14081346484750373
354,1168,1522,0.1408319817334064
355,1163,1518,0.14085962077251923
351,1163,1514,0.14088403007343417
352,1152,1504,0.1409166511167675
349,1152,1501,0.14094583839721278
349,1150,1499,0.14098115155851618
348,1161,1509,0.14101391822441192
353,1160,1513,0.141047390037066
348,1172,1520,0.1410670005493607
340,1165,1505,0.14109720708778384
340,1172,1512,0.14114275795101747
346,1171,1517,0.14118518986413048
346,1167,1513,0.14121089826204725
344,1155,1499,0.14123342678341388
349,1164,1513,0.1412566598612166
343,1168,1511,0.1412687556947412
342,1174,1516,0.1412913713194662
339,1167,1506,0.14131545283861757
337,1162,1499,0.14134415746025827
342,1177,1519,0.14137412822354434
349,1170,1519,0.1413897255828118
347,1166,1513,0.14138914446720194
352,1168,1520,0.14139455452078598
349,1171,1520,0.1413873064312172
350,1183,1533,0.14138952858239656
346,1179,1525,0.14138989943793212
344,1171,1515,0.141400886598819
340,1171,1511,0.14141622939823437
346,1182,1528,0.141440506804606
353,1179,1532,0.1414487928882695
348,1175,1523,0.14143560839433605
347,1173,1520,0.1414334446382141
345,1170,1515,0.14143476413066755
340,1186,1526,0.14144220782021427
341,1192,1533,0.1414605567571742
338,1184,1522,0.14147633500430448
336,1181,1517,0.14149779858286363
336,1183,1519,0.1415240310778546
342,1184,1526,0.14154682840782715
341,1179,1520,0.1415544992746619
337,1181,1518,0.1415652456819074
333,1175,1508,0.1415823686901332
332,1172,1504,0.1416091414725181
336,1163,1499,0.1416348497787056
341,1159,1500,0.14164848064929983
342,1167,1509,0.14164877754862443
345,1168,1513,0.14164592691086342
346,1175,1521,0.14163824074110842
343,1179,1522,0.14162951223457895
349,1183,1532,0.14162767567166737
351,1168,1519,0.14161507367676823
348,1179,1527,0.14159947438996803
344,1184,1528,0.14159204210613438
346,1187,1533,0.1415948756591097
346,1185,1531,0.1415923289619774
341,1170,1511,0.14159195360076568
342,1159,1501,0.1416038082413352
340,1173,1513,0.14161313760036642
336,1170,1506,0.14162779832572142
333,1174,1507,0.14165173804256923
331,1176,1507,0.14168086365488555
336,1181,1517,0.14171195712794915
335,1186,1521,0.14172985330807733
341,1190,1531,0.1417477387155286
337,1187,1524,0.1417492694782527
337,1187,1524,0.14176019300722384
339,1193,1532,0.141771959452167
336,1188,1524,0.14177547208165991
337,1191,1528,0.1417868889807734
334,1188,1522,0.14179728989304055
336,1188,1524,0.14181383331865724
336,1185,1521,0.14182423040021616
334,1197,1531,0.14183487900828712
333,1184,1517,0.1418495812382231
333,1180,1513,0.1418649777948974
332,1168,1500,0.1418791201785503
337,1172,1509,0.1418921325438864
337,1193,1530,0.1418931422845209
332,1186,1518,0.14189503398170164
333,1193,1526,0.14190721446296853
325,1179,1504,0.14191604975512281
322,1179,1501,0.14194149969347983
326,1177,1503,0.1419716321527508
330,1165,1495,0.1419902601280132
323,1183,1506,0.141997051276081
325,1178,1503,0.1420186263723674
328,1182,1510,0.1420331287118153
325,1184,1509,0.1420418660380344
321,1190,1511,0.1420583479048015
328,1185,1513,0.14208352932849921
321,1194,1515,0.1420887355011911
321,1188,1509,0.14210990198153198
328,1179,1507,0.14213028392499358
328,1188,1516,0.1421344589037904
324,1185,1509,0.14213913010758258
323,1186,1509,0.1421520153044891
326,1192,1518,0.1421653812168323
325,1193,1518,0.14217282123759778
325,1189,1514,0.1421824148008942
322,1189,1511,0.142191491880648
317,1192,1509,0.14220790377848744
317,1182,1499,0.14223550217376885
322,1193,1515,0.14226173393395955
323,1195,1518,0.1422741791655711
314,1201,1515,0.14228364039230787
314,1188,1502,0.1423131343021879
321,1174,1495,0.14233857219846924
326,1184,1510,0.14234436650999366
328,1181,1509,0.14233767484974508
330,1177,1507,0.14232704189087156
325,1179,1504,0.14231412505465363
322,1190,1512,0.142314433617441
319,1183,1502,0.14232075705295666
324,1183,1507,0.14233484867426419
323,1178,1501,0.14233719154392543
323,1178,1501,0.14234143598621618
324,1189,1513,0.14234633772500355
324,1166,1490,0.14234948494786018
316,1173,1489,0.14235114197937418
315,1184,1499,0.14237100426681898
316,1187,1503,0.14239253048665773
310,1189,1499,0.14240965425684227
312,1202,1514,0.14244036775243352
309,1186,1495,0.1424654272292131
313,1185,1498,0.1424965397632861
311,1197,1508,0.14251456184847996
315,1195,1510,0.1425372603600789
313,1183,1496,0.14254797361810437
310,1200,1510,0.1425623399772211
313,1205,1518,0.1425833271899945
307,1202,1509,0.14259443466875157
300,1206,1506,0.14261697340414695
305,1195,1500,0.14265316665973293
307,1207,1514,0.1426756324695434
308,1205,1513,0.14268911013625737
315,1199,1514,0.1426998741327735
310,1208,1518,0.14269302905319184
311,1184,1495,0.14269594329216354
308,1196,1504,0.1426988366531089
312,1202,1514,0.14270677735009088
313,1205,1518,0.14270464845348596
311,1196,1507,0.14270021055489818
312,1211,1523,0.1427025119220507
311,1211,1522,0.14270215016631596
311,1215,1526,0.14270370315827205
310,1202,1512,0.14270555318015593
306,1210,1516,0.14271123632260133
303,1199,1502,0.14272582515544302
308,1205,1513,0.14274719202648462
307,1199,1506,0.14275537569722663
310,1208,1518,0.1427662479629159
308,1198,1506,0.14276865613800746
311,1197,1508,0.14277668784864112
310,1207,1517,0.1427771442511904
316,1207,1523,0.14278153763159276
314,1195,1509,0.14277254415205284
309,1187,1496,0.1427691846095995
304,1196,1500,0.14277866213727572
307,1203,1510,0.1427986219431866
311,1208,1519,0.14281116604514452
310,1212,1522,0.14281360315651828
306,1202,1508,0.14282105928710898
299,1204,1503,0.1428361449916432
300,1202,1502,0.14286679460120635
310,1211,1521,0.14289218129274228
302,1213,1515,0.14289137936067262
304,1209,1513,0.14290959196158062
302,1213,1515,0.14292126029683913
302,1216,1518,0.1429384079317294
301,1205,1506,0.1429549985600487
306,1205,1511,0.1429721078416022
306,1193,1499,0.1429769970031892
306,1200,1506,0.1429820243615395
306,1213,1519,0.14298649655595125
306,1202,1508,0.14299128080965823
308,1211,1519,0.1429944526370141
302,1207,1509,0.14299248180118135
304,1215,1519,0.14300542031213628
304,1210,1514,0.14301117326694
307,1192,1499,0.14301563907015308
302,1206,1508,0.14301315753828223
303,1209,1512,0.14302264580255067
306,1212,1518,0.1430280106953016
305,1196,1501,0.14302722927626338
300,1196,1496,0.14302808426151045
300,1200,1500,0.14304073215389546
301,1212,1513,0.14305322252001437
299,1211,1510,0.14306090419698891
305,1202,1507,0.14307282133404964
304,1212,1516,0.14306910775398
304,1218,1522,0.14306917645027523
298,1214,1512,0.14307023037859545
302,1215,1517,0.1430828979857629
302,1215,1517,0.14308653915667283
302,1219,1521,0.1430893363547421
300,1226,1526,0.14309341170334458
302,1223,1525,0.1431009113310112
300,1216,1516,0.14310364888466173
300,1216,1516,0.14311119051014662
303,1212,1515,0.1431174665321586
300,1206,1506,0.14311654167383364
298,1211,1509,0.14312258734145114
302,1222,1524,0.14313184326023584
301,1209,1510,0.14312894918914496
303,1211,1514,0.14313039884136428
306,1208,1514,0.1431271119355913
310,1204,1514,0.1431184677705015
311,1209,1520,0.14310143041744625
307,1217,1524,0.14308415621786355
311,1209,1520,0.14307903361228713
312,1209,1521,0.14306542070599204
305,1211,1516,0.1430481996819171
305,1215,1520,0.14304745700224408
300,1221,1521,0.14304751313962466
305,1224,1529,0.14305914147519394
302,1217,1519,0.1430575572154046
304,1222,1526,0.14306259297364898
307,1211,1518,0.1430625674477406
303,1207,1510,0.14305634761858768
298,1202,1500,0.14305823756931793
298,1203,1501,0.14307242403908962
303,1209,1512,0.14308482950434506
304,1208,1512,0.14308415016217363
301,1204,1505,0.14308133481681806
300,1217,1517,0.14308678894531437
303,1222,1525,0.1430937976630454
303,1223,1526,0.14309329510255914
303,1225,1528,0.14309447631438552
298,1224,1522,0.14309631207243056
293,1222,1515,0.14311027543496652
294,1238,1532,0.14313582915028888
292,1229,1521,0.14315846756263034
291,1231,1522,0.14318418863172744
290,1248,1538,0.14321010570080603
290,1246,1536,0.14323637761317648
288,1239,1527,0.1432609538203768
292,1226,1518,0.14328614027119163
293,1218,1511,0.14330048071338727
291,1228,1519,0.14331121388613235
290,1226,1516,0.14332518248949327
289,1213,1502,0.14334194261038033
291,1223,1514,0.1433588034862144
288,1234,1522,0.14336917749128988
294,1220,1514,0.1433862896309712
294,1219,1513,0.14338979979438293
293,1230,1523,0.14339240011347404
296,1219,1515,0.14339776623727674
292,1224,1516,0.1433959233927064
289,1224,1513,0.14340446863794806
290,1224,1514,0.14341888874980918
286,1238,1524,0.14342968949178037
291,1221,1512,0.14344858110486025
290,1217,1507,0.14345620360450814
292,1211,1503,0.1434637445697156
290,1222,1512,0.1434654586413784
288,1223,1511,0.14347069727013698
287,1223,1510,0.1434799667574292
285,1221,1506,0.14349215963037154
288,1232,1520,0.1435094501374942
286,1241,1527,0.14351743507240564
280,1234,1514,0.1435303955945167
282,1225,1507,0.1435553976306137
283,1218,1501,0.14357403555314516
275,1225,1500,0.14358821782474776
275,1238,1513,0.14361965225005768
271,1230,1501,0.14364957041741563
270,1241,1511,0.14368757624092168
271,1250,1521,0.1437251611198132
269,1248,1517,0.14375982519225894
267,1261,1528,0.14379837353708308
267,1258,1525,0.14383909124834618
265,1257,1522,0.14387734892772946
264,1252,1516,0.14391644815826626
263,1245,1508,0.14395569437263073
257,1254,1511,0.14399558976454813
260,1248,1508,0.14404784888121053
262,1258,1520,0.14409100181451553
261,1248,1509,0.14412556004630658
263,1246,1509,0.1441596955131234
264,1255,1519,0.1441868703468604
264,1245,1509,0.14420793652099004
264,1255,1519,0.14422761049030094
264,1263,1527,0.144245451824942
263,1259,1522,0.1442615905844702
263,1263,1526,0.14427879893378434
266,1274,1540,0.14429566328741306
267,1262,1529,0.1443036985232444
269,1260,1529,0.14430745566831424
265,1249,1514,0.14430830339387535
265,1244,1509,0.14431831043926346
265,1245,1510,0.14432753185240416
269,1254,1523,0.144337297821441
272,1255,1527,0.1443362388912153
271,1258,1529,0.1443278672283313
273,1243,1516,0.144324454783904
269,1244,1513,0.1443147412785012
271,1234,1505,0.14431384074465292
276,1246,1522,0.14430790152183284
274,1249,1523,0.14428809429954928
270,1246,1516,0.14427357228274537
274,1247,1521,0.14427035548140194
272,1257,1529,0.14425902987728578
270,1247,1517,0.14425360092628758
272,1251,1523,0.14425472069993797
272,1249,1521,0.14425179184979486
273,1248,1521,0.14424765147429683
270,1254,1524,0.1442419517828813
266,1253,1519,0.14424168684472513
266,1238,1504,0.14425183128101957
265,1244,1509,0.1442585046706526
263,1258,1521,0.1442687375554985
264,1262,1526,0.14428270749989675
257,1252,1509,0.14429465319404908
259,1258,1517,0.14432189349326513
255,1241,1496,0.14434436498372993
254,1254,1508,0.1443740876617801
259,1263,1522,0.1444049066714148
260,1258,1518,0.1444225041917931
257,1250,1507,0.1444373493531251
257,1246,1503,0.14445803553221676
258,1257,1515,0.14447674509254393
254,1267,1521,0.14449098415088918
246,1267,1513,0.144514306481921
240,1261,1501,0.14455466630039177
231,1260,1491,0.14460638568680312
233,1270,1503,0.14467522900084184
241,1285,1526,0.1447358692172812
240,1277,1517,0.144773711515342
239,1281,1520,0.14480981670335244
242,1277,1519,0.14484721419979596
239,1269,1508,0.14487415227031467
239,1273,1512,0.1449082907105892
235,1267,1502,0.14493869422986105
232,1269,1501,0.14497474411123346
237,1271,1508,0.1450156054138492
236,1285,1521,0.14504048768945954
236,1290,1526,0.14506497404290436
238,1284,1522,0.14508847465881602
234,1292,1526,0.1451079802159491
232,1288,1520,0.14513417724714042
226,1294,1520,0.14516436372346722
228,1288,1516,0.14520604067225854
227,1286,1513,0.14524147104287788
227,1289,1516,0.14527750813019685
222,1284,1506,0.1453119032258214
223,1281,1504,0.145355466684837
223,1280,1503,0.14539156392089175
222,1286,1508,0.14542624275941604
223,1299,1522,0.14546054935665229
227,1292,1519,0.14549051338619984
228,1282,1510,0.14550909346783966
225,1285,1510,0.14552389076170444
224,1295,1519,0.14554589707907692
223,1299,1522,0.14556995192856756
221,1284,1505,0.1455950739714041
225,1290,1515,0.14562473722470043
224,1300,1524,0.14564203117302418
229,1297,1526,0.1456602107881864
227,1305,1532,0.14566461228008476
230,1305,1535,0.145673353091828
228,1307,1535,0.14567624669716323
230,1302,1532,0.1456839165624519
225,1294,1519,0.1456865229259081
223,1301,1524,0.1457019685493898
223,1292,1515,0.14572096035766863
224,1302,1526,0.14573837430469228
225,1297,1522,0.1457527607777674
222,1294,1516,0.14576475066182112
220,1293,1513,0.1457821586461789
218,1293,1511,0.1458024346904914
224,1284,1508,0.14582497290205038
223,1283,1506,0.14583063053165815
220,1286,1506,0.14583926777969686
222,1288,1510,0.1458533389549974
221,1290,1511,0.14586292933337752
217,1302,1519,0.14587548205369072
217,1301,1518,0.14589638639606503
213,1292,1505,0.14591693825884902
214,1301,1515,0.14594520754152265
212,1294,1506,0.1459702472107721
209,1298,1507,0.14599818879804316
204,1291,1495,0.14603065751245844
202,1305,1507,0.14607114664771212
211,1306,1517,0.14611370030139362
210,1314,1524,0.14613259067575335
214,1318,1532,0.14615275516131718
213,1307,1520,0.14616358570093474
212,1311,1523,0.14617494975161396
211,1316,1527,0.14618819202934688
206,1301,1507,0.14620341244191173
198,1304,1502,0.14622826475632672
199,1311,1510,0.14627018128703517
203,1314,1517,0.14630652940749378
200,1314,1514,0.14633017215229252
199,1310,1509,0.1463596464073545
195,1314,1509,0.14639064061450896
193,1315,1508,0.14642929634694
196,1315,1511,0.14647031356409515
195,1312,1507,0.14650224508271661
194,1317,1511,0.14653473428955097
201,1309,1510,0.14656727800535055
195,1299,1494,0.14658041067954689
198,1296,1494,0.1466057965062893
202,1300,1502,0.1466240583128705
198,1301,1499,0.14663049631235373
199,1303,1502,0.14664631823517127
206,1311,1517,0.14665909915175843
201,1310,1511,0.146654054647546
199,1310,1509,0.14666057876418104
195,1312,1507,0.14667206183610648
195,1313,1508,0.14669121357231074
198,1310,1508,0.14670994764415005
196,1308,1504,0.14672119731059918
200,1312,1512,0.1467366426144611
197,1311,1508,0.14673874512485735
200,1310,1510,0.14674569018464134
201,1318,1519,0.14674669959582964
200,1312,1512,0.1467465542416993
201,1310,1511,0.14674973970659289
203,1299,1502,0.1467494370242136
202,1290,1492,0.14674477466749916
203,1302,1505,0.1467418046518355
211,1296,1507,0.14673715028760045
215,1292,1507,0.14671379217673464
208,1294,1502,0.146681349456234
207,1314,1521,0.14666864409153674
204,1317,1521,0.14666038980928572
205,1319,1524,0.1466609583734077
206,1313,1519,0.14665987076595477
203,1314,1517,0.14665585793249172
199,1324,1523,0.1466592962387631
194,1310,1504,0.1466718867015668
195,1308,1503,0.14669404675807177
196,1318,1514,0.14671173508740457
204,1315,1519,0.14672754198586208
201,1316,1517,0.14672352185843734
200,1317,1517,0.14672696173982508
202,1319,1521,0.1467325532162593
198,1328,1526,0.1467322131550454
202,1332,1534,0.1467423577539118
199,1326,1525,0.14674347599313126
200,1330,1530,0.1467502224892828
193,1335,1528,0.14675407071678323
193,1332,1525,0.14677464422782893
189,1330,1519,0.1467946652269789
194,1324,1518,0.14682222741876655
192,1326,1518,0.14683656238125922
192,1336,1528,0.146853475596408
194,1337,1531,0.14687072480482108
194,1329,1523,0.14688316512402305
194,1326,1520,0.14689504316472607
194,1317,1511,0.1469065993947444
190,1318,1508,0.14691753735728663
189,1316,1505,0.14693627526787437
193,1317,1510,0.14695642059338718
187,1309,1496,0.14696498874909203
192,1308,1500,0.14698585291112912
192,1324,1516,0.14699122493029007
192,1323,1515,0.14699753412463873
192,1327,1519,0.1470035433384886
192,1325,1517,0.1470089152271472
194,1316,1510,0.1470152918138909
189,1310,1499,0.14701618155175042
191,1316,1507,0.14702864812970437
188,1318,1506,0.14703505298080496
190,1317,1507,0.14704889458636836
189,1331,1520,0.1470559330996254
196,1321,1517,0.147066575581325
196,1314,1510,0.14705942260709653
194,1312,1506,0.14705174876211757
198,1308,1506,0.14705048350651087
198,1302,1500,0.14703858389876814
195,1301,1496,0.1470278472741608
198,1306,1504,0.14702506483022693
194,1315,1509,0.14701463259072595
194,1304,1498,0.1470150551777429
192,1303,1495,0.14701630571084712
188,1305,1493,0.14702287422554766
188,1300,1488,0.1470387246665658
183,1316,1499,0.14705130729373536
185,1324,1509,0.147074208648371
187,1316,1503,0.14709209674697127
186,1316,1502,0.14710385170006612
189,1308,1497,0.14711692180330385
189,1319,1508,0.14712361105970392
193,1319,1512,0.14712939524918547
190,1318,1508,0.14712565662222665
194,1317,1511,0.14712689849197422
199,1314,1513,0.14712067185882735
193,1323,1516,0.14710152126208048
192,1317,1509,0.14709888482531902
189,1317,1506,0.14709970497663702
191,1318,1509,0.14710705393355075
194,1310,1504,0.14710944285047856
195,1319,1514,0.14710397783526385
192,1326,1518,0.14709751521647615
194,1325,1519,0.14709859206720455
191,1322,1513,0.14709606305627834
192,1325,1517,0.1471009879956699
187,1323,1510,0.14710252925445416
187,1325,1512,0.1471157576480875
182,1321,1503,0.14712917168846057
184,1317,1501,0.14715357644303986
183,1320,1503,0.14717150208172178
183,1328,1511,0.1471906318722435
183,1330,1513,0.1472090584320026
185,1331,1516,0.1472274514540285
183,1327,1510,0.14723915015626524
184,1330,1514,0.1472542292085234
182,1326,1508,0.14726650361053423
181,1325,1506,0.147283081340816
179,1324,1503,0.14730148533000917
178,1330,1508,0.1473239657610889
182,1323,1505,0.1473472964862033
185,1327,1512,0.1473576113341734
187,1329,1516,0.14735994996223448
185,1333,1518,0.14735691590783984
179,1334,1513,0.1473595705998398
178,1331,1509,0.14737667961987072
178,1332,1510,0.14739549076305472
175,1334,1509,0.14741379651507489
171,1343,1514,0.14743744051731972
175,1342,1517,0.1474688287392936
177,1353,1530,0.14748804111946304
181,1334,1515,0.14750166072804263
174,1332,1506,0.14750261983949658
176,1322,1498,0.14752018604920408
175,1329,1504,0.14753247768158828
172,1331,1503,0.14754619773218006
172,1326,1498,0.1475655963658502
174,1339,1513,0.14758359274622684
171,1346,1517,0.14759495841445655
177,1346,1523,0.14761248253154594
170,1351,1521,0.14761610423249732
172,1359,1531,0.14763675531770548
169,1356,1525,0.1476523889668118
170,1355,1525,0.14767393145404156
167,1356,1523,0.14769238125771358
166,1344,1510,0.1477161686279926
169,1345,1514,0.14774092609489614
173,1349,1522,0.14775791566864643
171,1354,1525,0.14776352992056396
166,1348,1514,0.14777320112263823
166,1352,1518,0.1477941210049581
164,1351,1515,0.14781484457305805
164,1356,1520,0.1478387189581118
165,1359,1524,0.14786027127979662
169,1350,1519,0.14787513207875758
169,1353,1522,0.14787949217058272
166,1354,1520,0.14788261978516512
166,1351,1517,0.14789285778460182
167,1350,1517,0.14790179366984368
166,1349,1515,0.14790812795561667
164,1355,1519,0.14791478683982037
164,1364,1528,0.14792573200192546
165,1368,1533,0.1479370915690833
167,1354,1521,0.14794378427808008
169,1343,1512,0.14794677597904787
169,1346,1515,0.14794391585924271
168,1337,1505,0.14794157390331267
168,1346,1514,0.1479421902072852
166,1338,1504,0.1479441504214447
166,1339,1505,0.147951949590033
165,1338,1503,0.14795840640778543
163,1357,1520,0.14796724299395211
162,1365,1527,0.14797898080861657
160,1365,1525,0.1479933694718655
162,1362,1524,0.148011579519388
167,1348,1515,0.14802384716140873
167,1340,1507,0.1480240010215138
159,1355,1514,0.1480240859887043
156,1362,1518,0.14804307077667367
158,1359,1517,0.14806786151055282
158,1351,1509,0.1480863789342159
159,1353,1512,0.1481032347790743
162,1350,1512,0.14811645701519982
165,1360,1525,0.14812055407538338
162,1362,1524,0.14811731724379854
166,1355,1521,0.1481221728950327
168,1360,1528,0.14811711361385968
169,1355,1524,0.14810844676201396
164,1357,1521,0.14809838864775177
164,1362,1526,0.14810069220794891
167,1359,1526,0.14810187961587845
171,1349,1520,0.1480961088275765
168,1338,1506,0.1480793331145864
163,1339,1502,0.14807124067066396
162,1334,1496,0.14807605955217493
163,1345,1508,0.14808202891653682
166,1339,1505,0.14808681918548458
167,1333,1500,0.14808399335105163
168,1337,1505,0.14807987057143
162,1346,1508,0.14807433522684324
158,1338,1496,0.14808292585881422
157,1338,1495,0.14810000192633763
159,1351,1510,0.14811862918603869
161,1334,1495,0.1481321600584739
157,1342,1499,0.14813911999681548
159,1352,1511,0.14815483198247403
160,1357,1517,0.14816497386355645
156,1365,1521,0.14817312912989045
154,1362,1516,0.14819052186171267
149,1357,1506,0.1482126591527113
152,1362,1514,0.14824515980363168
155,1365,1520,0.1482682286185921
154,1369,1523,0.14828376679103747
156,1373,1529,0.14830029179119225
154,1369,1523,0.14830951652434876
148,1350,1498,0.14832281811511652
153,1351,1504,0.14834856452003417
153,1352,1505,0.14835946029996716
155,1355,1510,0.1483708312702986
152,1366,1518,0.14837685323871802
156,1365,1521,0.14838920154328267
156,1364,1520,0.14839161763612008
157,1368,1525,0.14839444645211275
156,1363,1519,0.14839318377873525
156,1362,1518,0.1483951874604885
154,1367,1521,0.14839489589715232
156,1370,1526,0.14839849066444602
154,1349,1503,0.1483968291206161
153,1345,1498,0.14840053792531108
155,1352,1507,0.14840791377412837
150,1363,1513,0.14841048924138486
147,1354,1501,0.1484246455213858
150,1366,1516,0.14844465700735615
151,1371,1522,0.14845863389434957
147,1376,1523,0.14846900438968227
147,1377,1524,0.14848862475241076
145,1366,1511,0.14850649043880562
146,1361,1507,0.14852841226495064
149,1360,1509,0.14854719629169857
149,1359,1508,0.1485564996716337
145,1357,1502,0.14856251227704875
147,1358,1505,0.14857748586605227
149,1363,1512,0.14858559034115587
149,1365,1514,0.14858952972678793
149,1372,1521,0.14859309538369264
148,1372,1520,0.14859579511636706
146,1374,1520,0.1486015242399624
142,1375,1517,0.148611975914944
141,1373,1514,0.1486321430568346
136,1373,1509,0.14865408139779226
135,1371,1506,0.14868553944166896
139,1368,1507,0.14871705299934176
142,1368,1510,0.1487366283425903
144,1358,1502,0.14874694693217194
146,1370,1516,0.14875190662823887
141,1363,1504,0.14875324792707334
140,1366,1506,0.14876674947560128
140,1371,1511,0.1487824546001593
141,1378,1519,0.14879659428475983
140,1393,1533,0.1488066519862823
140,1383,1523,0.1488180604454952
138,1391,1529,0.1488290993839031
136,1381,1517,0.1488445264326293
136,1375,1511,0.1488649879218009
136,1371,1507,0.14888452419137935
138,1374,1512,0.14890295200364156
136,1379,1515,0.14891572756839566
136,1383,1519,0.14893044355475485
131,1373,1504,0.14894410495132834
135,1373,1508,0.14896860568120066
135,1360,1495,0.14898336983599636
136,1375,1511,0.1489959263006089
136,1373,1509,0.14900516864366387
134,1371,1505,0.14901428445153653
138,1378,1516,0.14902519298339045
137,1376,1513,0.1490268890050607
136,1377,1513,0.1490321272325172
134,1372,1506,0.14903942357607153
135,1376,1511,0.1490517182460752
135,1375,1510,0.14906067961518107
133,1364,1497,0.14906976226194646
128,1374,1502,0.14908416523434803
133,1388,1521,0.14910843302319543
134,1379,1513,0.14911727843984265
133,1376,1509,0.14912135951681832
134,1400,1534,0.149129136600013
134,1394,1528,0.14913269931836226
129,1387,1516,0.1491369863354416
126,1383,1509,0.14915239707209987
127,1392,1519,0.14917428326196575
126,1393,1519,0.14919120850502834
125,1390,1515,0.14920792407509445
125,1396,1521,0.14922653066667568
125,1394,1519,0.14924377136831524
127,1394,1521,0.1492596164300615
127,1400,1527,0.14927060868016553
123,1389,1512,0.1492823689266024
123,1394,1517,0.14930332030816368
120,1386,1506,0.14932280349937951
116,1379,1495,0.149348436732968
115,1387,1502,0.14938246544611342
119,1389,1508,0.14941552244977577
117,1409,1526,0.14943666758276336
120,1414,1534,0.14946105209457344
122,1404,1526,0.1494772020997005
125,1397,1522,0.14948712791811197
125,1394,1519,0.14948830989002976
122,1402,1524,0.14948807841452616
122,1400,1522,0.14949521216731337
120,1395,1515,0.14950269503939204
119,1398,1517,0.1495146426534206
120,1390,1510,0.14952881058195389
120,1400,1520,0.14954100700320727
118,1402,1520,0.14955260428183553
117,1401,1518,0.14956851656477435
118,1379,1497,0.1495856245203007
123,1387,1510,0.1496001232716587
122,1401,1523,0.1496016707540191
121,1403,1524,0.14960380774853804
120,1396,1516,0.14960962957962312
117,1395,1512,0.14961809360862802
119,1396,1515,0.14963300035538793
122,1394,1516,0.14964297170396418
120,1397,1517,0.14964318532450935
120,1395,1515,0.1496463575591282
121,1396,1517,0.14964835421760225
124,1396,1520,0.14964986708941827
124,1395,1519,0.14964240806016277
126,1377,1503,0.14963560274853216
126,1383,1509,0.1496248433977225
126,1379,1505,0.14961498742276505
127,1379,1506,0.14960677700148034
125,1384,1509,0.14959559215878304
124,1384,1508,0.149590239572122
124,1386,1510,0.14958769738601543
124,1393,1517,0.14958587727787784
128,1402,1530,0.1495839755552723
127,1384,1511,0.14957210966039572
124,1395,1519,0.1495642258071653
123,1386,1509,0.1495653648021417
123,1390,1513,0.14956853463919711
117,1386,1503,0.14957131620849418
117,1395,1512,0.14958661077589178
115,1397,1512,0.1496007656867705
111,1396,1507,0.14961713893325088
108,1394,1502,0.14964249740209354
111,1402,1513,0.1496739011462144
109,1406,1515,0.14969555672213591
110,1395,1505,0.14972113279889743
112,1401,1513,0.14974300440745245
114,1405,1519,0.1497580615992991
112,1397,1509,0.14976679925151593
111,1390,1501,0.14978032885107417
111,1384,1495,0.14979548102161822
113,1389,1502,0.14980813989761368
115,1389,1504,0.14981621119419802
113,1402,1515,0.14981825870073884
115,1397,1512,0.1498249025210628
115,1391,1506,0.1498262082404801
111,1404,1515,0.14982792157426197
112,1396,1508,0.1498388620599266
114,1387,1501,0.1498476760178903
114,1396,1510,0.149849300599733
119,1410,1529,0.14984980773785053
115,1415,1530,0.1498389216449787
115,1405,1520,0.14983780047726533
118,1402,1520,0.1498367803491699
118,1405,1523,0.14982850764407257
117,1409,1526,0.14982118380654127
117,1404,1521,0.14981779449564095
112,1404,1516,0.14981480114316686
114,1404,1518,0.14982375688371238
114,1409,1523,0.14982801877778973
119,1393,1512,0.14983192064714917
113,1390,1503,0.1498233528679577
114,1379,1493,0.14983094089614227
117,1393,1510,0.1498360264350811
116,1402,1518,0.14983236435320152
114,1404,1518,0.14983018573714924
117,1404,1521,0.1498337402623026
115,1396,1511,0.14982989342630965
116,1401,1517,0.14983136806905095
121,1395,1516,0.14983066396836653
122,1399,1521,0.1498170002585071
124,1399,1523,0.14980045603508324
120,1400,1520,0.14977956445675455
121,1394,1515,0.14977054421108693
114,1404,1518,0.1497598909528705
118,1408,1526,0.14976707953237853
118,1405,1523,0.14976510640282167
113,1400,1513,0.14976366389443524
114,1403,1517,0.14977396354734007
115,1410,1525,0.14978181903871202
115,1409,1524,0.14978650122518167
114,1404,1518,0.149788381140695
110,1400,1510,0.1497940148005053
108,1414,1522,0.14980872274383933
107,1410,1517,0.14982808059306443
107,1417,1524,0.14984839311596215
106,1411,1517,0.14986800342518045
108,1421,1529,0.14988847056761131
109,1412,1521,0.1499023186230472
108,1411,1519,0.14991255203685974
106,1412,1518,0.14992480850802894
106,1418,1524,0.1499410759987117
109,1421,1530,0.14995664491872618
108,1414,1522,0.1499637211059814
102,1413,1515,0.14997351835121875
103,1420,1523,0.14999617258746173
103,1417,1520,0.1500141515303758
103,1413,1516,0.15003120712040247
104,1411,1515,0.15004765248940932
108,1409,1517,0.15006159188072155
107,1410,1517,0.15006438110124556
107,1425,1532,0.15006841898455567
107,1409,1516,0.1500716773284756
109,1425,1534,0.15007608635257996
109,1417,1526,0.15007434852463283
108,1423,1531,0.15007301310028395
104,1409,1513,0.15007488677703537
102,1411,1513,0.15008647755026402
103,1411,1514,0.15010264837768786
103,1414,1517,0.15011379591759125
104,1407,1511,0.1501241650480258
105,1413,1518,0.15013209423929574
102,1402,1504,0.15013552105686168
105,1400,1505,0.1501457033787119
104,1397,1501,0.1501487705325313
103,1407,1510,0.1501548132312056
99,1404,1503,0.15016401970731436
106,1394,1500,0.15018198016985676
106,1402,1508,0.15017876251294904
107,1412,1519,0.1501759424073492
108,1403,1511,0.1501700735331799
107,1406,1513,0.15016283562543914
108,1412,1520,0.15015752528812956
105,1403,1508,0.15014981987228607
104,1410,1514,0.1501509894760036
104,1411,1515,0.150155849172332
105,1412,1517,0.1501595841275668
102,1413,1515,0.1501612256384681
100,1423,1523,0.15017117543623573
103,1410,1513,0.15018499107290353
101,1399,1500,0.150191018902942
101,1414,1515,0.1502008856292692
104,1416,1520,0.1502108022736903
99,1418,1517,0.15021255164410527
101,1413,1514,0.15022640826539901
100,1430,1530,0.15023363828356634
100,1425,1525,0.15024384410664232
100,1428,1528,0.1502547438827928
101,1418,1519,0.1502647081415608
101,1425,1526,0.15027129735213599
99,1421,1520,0.1502774270732868
99,1423,1522,0.1502882841196629
101,1433,1534,0.15029855577182655
97,1435,1532,0.1503043175013349
95,1437,1532,0.1503197642786325
99,1432,1531,0.15033956329902678
97,1424,1521,0.15034835239050312
96,1425,1521,0.150359917069793
97,1413,1510,0.15037297181470055
91,1407,1498,0.1503834536840486
91,1401,1492,0.15040786907612044
89,1423,1512,0.150431755376643
89,1430,1519,0.15045784832303916
90,1431,1521,0.15048361438313781
93,1431,1524,0.15050365432929586
93,1431,1524,0.1505158032738568
92,1427,1519,0.15052415626951113
93,1432,1525,0.15053488501194295
92,1429,1521,0.15054376334401776
92,1416,1508,0.15055552629759322
92,1418,1510,0.15056546878168534
95,1427,1522,0.15057573480264888
95,1427,1522,0.15057704851035875
92,1428,1520,0.15057906523422399
90,1420,1510,0.1505891814520688
93,1412,1505,0.15060064363275166
93,1421,1514,0.1506029883717937
89,1419,1508,0.1506061579935248
91,1423,1514,0.1506197194011622
93,1418,1511,0.15062727830950573
95,1411,1506,0.15062894499782703
95,1415,1510,0.15062598918378264
94,1418,1512,0.15062408797064475
94,1427,1521,0.15062600230142068
92,1437,1529,0.15062869561135128
92,1448,1540,0.15063584476721578
92,1427,1519,0.1506432504330139
91,1420,1511,0.15065075834808261
93,1423,1516,0.15065875085111735
94,1407,1501,0.15066056953736173
92,1411,1503,0.15065908427746802
90,1417,1507,0.1506630829163319
92,1414,1506,0.1506722294484176
95,1405,1500,0.15067577982559935
93,1414,1507,0.1506709468414891
93,1432,1525,0.15067220127162448
94,1423,1517,0.15067323962818271
96,1418,1514,0.1506725221038801
95,1425,1520,0.15066677872505274
98,1428,1526,0.1506636893640747
97,1434,1531,0.1506536420375615
99,1419,1518,0.15064639225776774
100,1413,1513,0.15063399395859597
99,1412,1511,0.1506214172777447
96,1409,1505,0.15061275954393138
97,1425,1522,0.15061211355608708
97,1419,1516,0.15060815874379066
93,1425,1518,0.15060380044429633
91,1427,1518,0.15060817821888597
89,1427,1516,0.150617942420562
90,1425,1515,0.15063261637179193
90,1439,1529,0.15064296228616672
88,1432,1520,0.15065363136035437
92,1430,1522,0.1506681013454217
93,1426,1519,0.15067082893593686
94,1419,1513,0.15067111856292603
91,1418,1509,0.15066828900866835
90,1418,1508,0.15067382235467147
89,1422,1511,0.15068189088586817
86,1416,1502,0.15069186481102126
85,1415,1500,0.15070853083059274
88,1414,1502,0.15072716246018253
89,1414,1503,0.15073664251142305
89,1427,1516,0.15074058995846015
92,1427,1519,0.15074408935689354
87,1425,1512,0.15074033170688872
89,1432,1521,0.1507497722527216
88,1439,1527,0.15075378519913088
87,1446,1533,0.15075844703655852
88,1437,1525,0.15076506981799181
86,1441,1527,0.15076935984209983
84,1429,1513,0.15077878723884783
84,1423,1507,0.15079257995942258
84,1421,1505,0.15080637655446416
85,1425,1510,0.15081982255939325
82,1441,1523,0.15082849817415464
84,1439,1523,0.1508441236507695
83,1440,1523,0.15085472181270265
80,1445,1525,0.15086769557529497
80,1434,1514,0.15088583425775623
77,1433,1510,0.15090367182767764
76,1439,1515,0.15092676168818184
74,1437,1511,0.15095041846383325
73,1450,1523,0.15097774808257305
75,1434,1509,0.15100627261899724
75,1438,1513,0.15102784467490254
75,1448,1523,0.1510489540880635
78,1447,1525,0.151069409265323
79,1453,1532,0.15108061985586108
78,1460,1538,0.1510861950757898
79,1452,1531,0.15109472659573359
81,1456,1537,0.1511000776529359
83,1448,1531,0.15110125449034187
77,1442,1519,0.15109793133870986
77,1445,1522,0.1511090345282863
73,1435,1508,0.15112006177663573
74,1446,1520,0.15113849271211063
77,1432,1509,0.15115248544078314
77,1440,1517,0.15115870179853674
79,1431,1510,0.1511653038328459
78,1442,1520,0.15116673135140637
80,1445,1525,0.15117062698863143
79,1443,1522,0.15116960704460827
79,1446,1525,0.1511707286097938
80,1449,1529,0.15117217471897104
81,1431,1512,0.15117115768905015
80,1437,1517,0.1511687828483319
78,1448,1526,0.15116934366315005
78,1450,1528,0.1511748726794884
76,1456,1532,0.1511807335897272
75,1448,1523,0.15118961555840585
74,1449,1523,0.15119969842342038
77,1450,1527,0.15121232306353607
76,1444,1520,0.15121701465216048
73,1446,1519,0.15122338859062492
72,1455,1527,0.15123554836001696
74,1445,1519,0.15124943974153385
74,1440,1514,0.15125673367582765
77,1437,1514,0.15126331687294212
76,1440,1516,0.15126170039602474
75,1443,1518,0.15126246201778895
75,1444,1519,0.15126743792283948
75,1455,1530,0.15127186306649315
73,1452,1525,0.1512763194033744
75,1438,1513,0.1512842302155736
73,1432,1505,0.15128570057640778
77,1436,1513,0.15129223155901095
76,1436,1512,0.15128765124146004
73,1436,1509,0.15128661894999393
71,1431,1502,0.15129331551846703
69,1445,1514,0.1513036957624356
66,1445,1511,0.15131844856063065
66,1440,1506,0.1513395783223666
68,1439,1507,0.1513601858889254
67,1452,1519,0.15137356021112042
67,1439,1506,0.15138921883069828
67,1441,1508,0.15140251364289456
66,1456,1522,0.15141480437889748
67,1453,1520,0.1514283363809517
67,1457,1524,0.15143956176209902
65,1453,1518,0.15145076803479696
65,1448,1513,0.1514666843202384
69,1454,1523,0.15148218339221958
65,1437,1502,0.15148517334535005
64,1437,1501,0.15149692537221163
66,1430,1496,0.15151107906339564
67,1440,1507,0.15151925716802353
69,1428,1497,0.15152457663818336
68,1443,1511,0.15152477391020355
64,1439,1503,0.15152705381836357
65,1437,1502,0.15153793618020853
67,1434,1501,0.15154563236483629
69,1446,1515,0.15154934746356352
68,1442,1510,0.15154754544784513
71,1437,1508,0.15154744127762862
72,1424,1496,0.1515393141738075
74,1432,1506,0.1515296031583656
72,1435,1507,0.15151608333622854
69,1442,1511,0.15150570635196633
68,1439,1507,0.15150425076888543
70,1443,1513,0.15150728247590797
69,1446,1515,0.151505902270498
72,1445,1517,0.15150850378607827
73,1447,1520,0.1515031015157736
75,1449,1524,0.15149587778280718
72,1447,1519,0.15148369452287144
71,1446,1517,0.15148004237886561
72,1447,1519,0.15148002200123445
72,1440,1512,0.15147634340414373
72,1435,1507,0.1514735047344303
71,1415,1486,0.15146994254749324
73,1422,1495,0.1514686592109614
71,1442,1513,0.15146086084407465
73,1443,1516,0.15145913801277633
76,1450,1526,0.15145410875236195
75,1448,1523,0.1514411167661688
74,1446,1520,0.15143139052963744
73,1448,1521,0.15142567450337943
71,1461,1532,0.15142186088660092
71,1453,1524,0.15142366356977913
69,1457,1526,0.1514261030136292
70,1440,1510,0.15143241437480054
74,1445,1519,0.1514369984387755
75,1429,1504,0.15142983637099725
75,1431,1506,0.15142057403313847
76,1448,1524,0.15141297922506924
75,1449,1524,0.15140407091918043
73,1448,1521,0.1513993278431709
73,1441,1514,0.15140014527253445
78,1435,1513,0.1514007981237554
76,1430,1506,0.15138623954726296
76,1439,1515,0.15137895946942087
73,1432,1505,0.1513730729934761
72,1447,1519,0.15137539898161387
75,1442,1517,0.15137976783370147
73,1437,1510,0.1513761401111733
72,1447,1519,0.15137712587745245
72,1447,1519,0.15137995916407476
72,1441,1513,0.15138356710835837
71,1464,1535,0.1513876203471165
70,1454,1524,0.15139328246626518
70,1444,1514,0.15139979126234404
69,1437,1506,0.15140604976933905
70,1450,1520,0.15141377310064294
72,1458,1530,0.15141682580789095
71,1460,1531,0.15141585879874384
72,1462,1534,0.1514174876312661
72,1450,1522,0.15141616685801082
72,1453,1525,0.15141485261186693
74,1448,1522,0.15141400561815438
74,1444,1518,0.15140709684328557
75,1444,1519,0.15140075075699141
75,1434,1509,0.15139136617322585
76,1443,1519,0.1513840632654225
76,1449,1525,0.15137396870693143
77,1443,1520,0.15136558336602982
77,1446,1523,0.15135560765004183
76,1446,1522,0.15134747045024619
72,1435,1507,0.15134322688283788
73,1435,1508,0.15134926398318474
73,1432,1505,0.15135356608973183
71,1424,1495,0.15135838542633176
70,1432,1502,0.15136685954572943
70,1437,1507,0.15137789867669937
66,1446,1512,0.15138777490782448
68,1443,1511,0.15140654774346307
70,1446,1516,0.15141919910686427
69,1433,1502,0.151425300569765
69,1428,1497,0.15143398336826114
66,1434,1500,0.15144178907751096
67,1441,1508,0.15145693512707048
67,1439,1506,0.15146803195979217
65,1443,1508,0.15147708640466878
65,1446,1511,0.15149109070366834
64,1445,1509,0.15150316600616676
67,1447,1514,0.1515179298048989
69,1432,1501,0.15152519619911065
70,1428,1498,0.15152630005516
71,1450,1521,0.15152541750313117
68,1446,1514,0.15151995777763042
70,1455,1525,0.15152121724436504
72,1450,1522,0.15151829321448188
73,1443,1516,0.1515101332223911
70,1444,1514,0.1515006141098674
67,1440,1507,0.15150002478843486
70,1454,1524,0.15150762009087823
69,1447,1516,0.15150681669232285
67,1444,1511,0.1515095659987544
65,1435,1500,0.15151797472735756
64,1428,1492,0.151529870355838
63,1445,1508,0.15154301701476916
60,1440,1500,0.15155697429039658
60,1448,1508,0.1515762806034997
58,1440,1498,0.1515952112030441
56,1445,1501,0.1516173165079961
54,1459,1513,0.1516438998253556
55,1462,1517,0.15167373229583261
54,1467,1521,0.15170002361329973
55,1475,1530,0.1517269250519694
52,1476,1528,0.15174974576149067
51,1481,1532,0.1517785940004659
51,1472,1523,0.15180823042273084
51,1465,1516,0.15183634720524272
51,1459,1510,0.15186204455091348
51,1478,1529,0.151886559056829
52,1468,1520,0.15190996174961055
49,1456,1505,0.15192903603622207
51,1464,1515,0.1519537565322242
53,1460,1513,0.1519715009317845
53,1452,1505,0.15198412229878872
54,1465,1519,0.1519964433889158
53,1466,1519,0.15200327614609027
55,1461,1516,0.15201250923317
54,1463,1517,0.15201698637043104
53,1458,1511,0.15202393207271528
53,1462,1515,0.15203312055835802
53,1468,1521,0.1520408827259482
52,1452,1504,0.15204874591560588
52,1457,1509,0.15205770261360665
52,1466,1518,0.15206654523231333
52,1464,1516,0.1520750670414
51,1477,1528,0.1520814795758791
50,1469,1519,0.1520891985006105
51,1468,1519,0.15209929023754312
52,1471,1523,0.15210707051203787
49,1470,1519,0.15210935422407434
51,1474,1525,0.15211898673713692
51,1474,1525,0.15212329501329666
52,1463,1515,0.15212798532347763
52,1462,1514,0.15213061301496605
50,1448,1498,0.15213380312476996
49,1446,1495,0.1521417562668658
51,1463,1514,0.15215218944181128
52,1462,1514,0.15215352956851486
52,1465,1517,0.1521524459489747
52,1465,1517,0.1521514103057164
51,1465,1516,0.15215028741997486
47,1461,1508,0.1521522247468207
46,1466,1512,0.1521624032271719
47,1470,1517,0.15217535483857755
46,1474,1520,0.1521845759961834
49,1479,1528,0.15219668527613203
49,1469,1518,0.1522006981094791
49,1470,1519,0.15220528201112132
50,1463,1513,0.15220894052373227
50,1471,1521,0.15221094535388321
50,1454,1504,0.15221295311733538
51,1457,1508,0.15221555943864515
50,1467,1517,0.15221493471984535
50,1470,1520,0.15221746157673555
47,1470,1517,0.15222048525939272
48,1465,1513,0.1522309043035956
49,1481,1530,0.15223893815050485
49,1467,1516,0.1522444145675962
48,1459,1507,0.15224986522897968
47,1470,1517,0.1522575957235352
49,1478,1527,0.15226755607601228
50,1478,1528,0.15227140569024644
53,1481,1534,0.1522723232511118
48,1487,1535,0.15226385728716244
50,1471,1521,0.15226753458618802
52,1475,1527,0.1522663021242453
52,1470,1522,0.15226031810652196
50,1459,1509,0.15225444454126838
51,1468,1519,0.15225396567957777
53,1474,1527,0.15225206705690536
51,1480,1531,0.152245467914364
52,1461,1513,0.15224433763330045
53,1460,1513,0.15224167467301136
52,1464,1516,0.15223510340244242
53,1465,1518,0.15223218855123247
51,1463,1514,0.15222672012120714
50,1463,1513,0.15222698424566405
48,1463,1511,0.15222999972889958
47,1466,1513,0.15223775871694994
47,1465,1512,0.1522476363697606
47,1473,1520,0.15225732723978555
45,1465,1510,0.1522648292493539
46,1466,1512,0.1522770352912894
47,1452,1499,0.1522856161986448
44,1459,1503,0.1522910073067172
44,1459,1503,0.1523027445349949
44,1471,1515,0.15231350415944386
43,1474,1517,0.15232417495866626
42,1483,1525,0.15233691912467084
42,1477,1519,0.15235083322688198
42,1477,1519,0.1523643772784572
42,1474,1516,0.1523775896120429
44,1468,1512,0.15239037872564218
42,1467,1509,0.15239701023671373
42,1466,1508,0.15240669603757395
40,1470,1510,0.15241632331437607
43,1482,1525,0.1524301241748205
40,1471,1511,0.15243599051599221
42,1469,1511,0.15244918959507228
39,1483,1522,0.15245446457032089
39,1487,1526,0.15246550114480695
41,1482,1523,0.15247546077917856
42,1478,1520,0.1524808314420703
41,1474,1515,0.15248336984326044
41,1465,1506,0.1524874819073125
42,1473,1515,0.1524921000909723
43,1488,1531,0.15249440073278295
43,1481,1524,0.15249465559735131
42,1487,1529,0.152494562077235
41,1485,1526,0.15249619480845808
43,1476,1519,0.15250067996600003
42,1474,1516,0.15249892816764615
45,1464,1509,0.1525001718212434
46,1478,1524,0.15249264711758612
46,1478,1524,0.15248168707362963
47,1464,1511,0.1524721803630446
47,1468,1515,0.1524587645059189
49,1468,1517,0.1524463399799773
51,1461,1512,0.15243089290939132
51,1466,1517,0.15241145779309648
53,1467,1520,0.15239373714472287
54,1461,1515,0.15237095388663677
52,1455,1507,0.15234767041762662
52,1460,1512,0.1523311817516813
52,1467,1519,0.15231673931885822
50,1473,1523,0.15230326486088816
53,1475,1528,0.15229629882347706
54,1476,1530,0.15228143388022156
51,1465,1516,0.15226606244363727
52,1469,1521,0.15225823283113116
52,1480,1532,0.15224944053952513
55,1470,1525,0.15224117038720184
55,1470,1525,0.15222625719556807
54,1465,1519,0.15221336314784187
50,1462,1512,0.15220440313980443
48,1462,1510,0.15220626615345248
47,1461,1508,0.1522111502726408
48,1469,1517,0.1522174304108872
48,1459,1507,0.1522219716197962
50,1464,1514,0.1522270208886026
51,1455,1506,0.15222701421378304
52,1464,1516,0.1522239307851757
54,1471,1525,0.15221866129482434
55,1462,1517,0.15220979189347994
54,1462,1516,0.1521984892638087
54,1456,1510,0.1521909856850456
56,1455,1511,0.15218479394695797
51,1466,1517,0.15217392899567764
52,1464,1516,0.15217517097319969
52,1464,1516,0.15217359041657857
52,1471,1523,0.1521718384014625
54,1475,1529,0.15216998155565614
54,1460,1514,0.15216437509431052
53,1461,1514,0.15215885832197173
53,1461,1514,0.15215671123511343
51,1444,1495,0.1521551392650235
52,1459,1511,0.15215884617487516
52,1454,1506,0.152159888967467
52,1463,1515,0.15216102663829215
54,1462,1516,0.15216276336268553
53,1464,1517,0.15215846880911138
55,1460,1515,0.15215735317608603
56,1466,1522,0.15215018523134707
55,1467,1522,0.1521403114524159
56,1464,1520,0.15213415857747684
55,1450,1505,0.15212474600390088
55,1460,1515,0.15211881577870137
54,1459,1513,0.15211357963935015
57,1461,1518,0.15211172715901725
55,1452,1507,0.15210258543328442
55,1455,1510,0.1520995552242888
55,1457,1512,0.15209749614907175
56,1469,1525,0.15209405680130575
53,1470,1523,0.15208893403049875
53,1465,1518,0.1520918460413547
52,1464,1516,0.15209510473248072
52,1463,1515,0.1521010479007739
52,1473,1525,0.15210700008892813
53,1476,1529,0.1521130643569926
53,1483,1536,0.15211637050821505
52,1458,1510,0.1521200056819085
52,1461,1513,0.15212525137240984
54,1457,1511,0.1521297841147712
50,1456,1506,0.15212767502748623
49,1469,1518,0.15213558952637551
47,1483,1530,0.1521458258469739
46,1481,1527,0.15216069295961435
46,1477,1523,0.15217819418536255
45,1473,1518,0.15219387989142746
47,1465,1512,0.15221115518016762
45,1476,1521,0.15222122578797753
43,1489,1532,0.1522350469446078
44,1476,1520,0.15225331611650295
44,1478,1522,0.1522676733701401
45,1478,1523,0.15228055127850243
45,1483,1528,0.15228979427127523
45,1476,1521,0.15229910860868257
46,1473,1519,0.15230738238698988
44,1473,1517,0.15231147250692958
43,1465,1508,0.1523204213446485
43,1467,1510,0.15233166220516553
43,1472,1515,0.15234283603755436
41,1470,1511,0.15235275032792972
41,1477,1518,0.1523672507181348
39,1480,1519,0.1523811067997559
38,1466,1504,0.1523998992141148
37,1470,1507,0.15242012649030406
36,1475,1511,0.15244055803439735
36,1487,1523,0.15246238218299393
36,1475,1511,0.15248322063456868
37,1481,1518,0.1525030996501164
37,1492,1529,0.15251881107567067
38,1488,1526,0.152532913356502
39,1475,1514,0.15254437480554597
38,1481,1519,0.15255288982789064
40,1488,1528,0.15256340802155488
40,1481,1521,0.1525681776819174
37,1484,1521,0.1525730895204109
35,1481,1516,0.1525847383981052
34,1479,1513,0.15260077525797994
36,1478,1514,0.15261826472527965
35,1483,1518,0.1526293884289894
38,1490,1528,0.15264229218348582
36,1488,1524,0.15264618038589345
36,1489,1525,0.15265466538772687
37,1484,1521,0.1526630167879684
34,1491,1525,0.1526688619009106
36,1483,1519,0.1526814038875686
36,1479,1515,0.15268781680825552
37,1477,1514,0.1526942540354384
39,1490,1529,0.1526975747734207
39,1481,1520,0.1526945897889005
38,1502,1540,0.15269238890878062
37,1499,1536,0.15269263983703207
39,1492,1531,0.15269447182159257
40,1489,1529,0.1526906338219108
39,1487,1526,0.15268481306396142
40,1494,1534,0.15268220934737403
39,1485,1524,0.15267608787020848
38,1478,1516,0.1526726626751549
39,1470,1509,0.15267086106518504
38,1478,1516,0.1526677341606907
38,1490,1528,0.15266771020506295
37,1481,1518,0.152667446189274
37,1478,1515,0.1526690929665607
37,1484,1521,0.1526709271527806
36,1486,1522,0.152673377694447
36,1488,1524,0.15267850706096028
33,1491,1524,0.15268359977745846
34,1480,1514,0.1526959114322371
33,1493,1526,0.1527035615662503
33,1474,1507,0.1527137155556615
33,1489,1522,0.15272380955263098
33,1473,1506,0.15273363996119105
32,1483,1515,0.15274334321950442
32,1492,1524,0.15275426871641368
32,1500,1532,0.15276387964087357
31,1496,1527,0.15277232081745126
30,1496,1526,0.15278353348607665
30,1492,1522,0.15279714083163337
30,1507,1537,0.15280994727363562
30,1504,1534,0.15282234870393144
31,1510,1541,0.1528340631119448
30,1507,1537,0.1528425780842391
31,1491,1522,0.15285205787811557
31,1493,1524,0.152857424792696
31,1491,1522,0.15286302416210848
31,1493,1524,0.1528678840824538
31,1495,1526,0.15287299073438956
31,1489,1520,0.15287827658119968
32,1477,1509,0.15288368326393356
30,1470,1500,0.15288447808843098
30,1472,1502,0.15289017350812184
30,1484,1514,0.15289646700529638
30,1492,1522,0.15290172672739366
31,1491,1522,0.15290718419004043
31,1490,1521,0.1529100802175555
31,1499,1530,0.15291327612357386
31,1476,1507,0.15291581715613684
30,1482,1512,0.1529186795912544
29,1487,1516,0.15292398081837316
29,1488,1517,0.15293149499623535
29,1493,1522,0.1529389014329545
31,1500,1531,0.15294617284975698
30,1500,1530,0.15294817537841351
29,1498,1527,0.15295260943530545
29,1489,1518,0.1529591990058483
29,1489,1518,0.15296565510595414
30,1500,1530,0.1529719596792184
31,1464,1495,0.15297577264045534
32,1465,1497,0.1529762962680926
30,1483,1513,0.15297291553613354
28,1498,1526,0.15297453719681392
28,1502,1530,0.15298169017189023
28,1487,1515,0.15298865621634278
28,1494,1522,0.1529950566578595
29,1484,1513,0.1530013490119634
26,1483,1509,0.15300511090744165
26,1473,1499,0.15301539797555413
26,1475,1501,0.1530252828119968
26,1481,1507,0.15303462466808831
25,1483,1508,0.15304359473412396
25,1478,1503,0.15305436410962295
25,1483,1508,0.15306463814975618
25,1488,1513,0.15307443124203662
25,1490,1515,0.15308375843694788
25,1499,1524,0.15309263525814878
22,1516,1538,0.15310060338809123
23,1488,1511,0.1531151650159028
22,1479,1501,0.15312627547926724
23,1490,1513,0.15313882060422773
23,1494,1517,0.15314728055230706
21,1499,1520,0.15315546676239047
21,1494,1515,0.15316785633247976
19,1505,1524,0.15317948798455563
19,1508,1527,0.15319500803693306
19,1507,1526,0.15320964325528993
19,1505,1524,0.1532235365629437
19,1507,1526,0.15323668470369742
20,1505,1525,0.15324915668389388
21,1508,1529,0.1532586232304397
22,1501,1523,0.15326437341938887
21,1499,1520,0.15326672438823283
21,1506,1527,0.15327239263980072
21,1511,1532,0.15327789276154638
21,1505,1526,0.1532832179103131
22,1501,1523,0.15328836330430776
22,1495,1517,0.15329015014134917
22,1499,1521,0.1532920453742308
21,1502,1523,0.1532940215273578
21,1502,1523,0.15329836152432028
20,1496,1516,0.15330258265449387
20,1501,1521,0.1533088410032783
18,1507,1525,0.1533148377416899
18,1508,1526,0.15332489077432615
18,1519,1537,0.15333443063939853
16,1506,1522,0.15334233752048648
17,1500,1517,0.15335427932114568
19,1502,1521,0.1533623127939781
19,1494,1513,0.15336373842599976
19,1479,1498,0.15336552126468173
18,1491,1509,0.1533675968298849
18,1496,1514,0.15337205680835847
18,1490,1508,0.1533765728527202
18,1490,1508,0.1533811099468746
19,1503,1522,0.15338563825063312
18,1497,1515,0.15338688790933788
17,1506,1523,0.15339052005085196
16,1496,1512,0.15339635978402108
16,1490,1506,0.15340426063210302
18,1501,1519,0.15341192003210602
17,1496,1513,0.15341376741410157
18,1501,1519,0.15341689977026257
18,1496,1514,0.1534179493044025
16,1497,1513,0.1534181777963958
16,1495,1511,0.1534241734335189
19,1503,1522,0.15343010071436378
18,1504,1522,0.15342687148956669
19,1509,1528,0.15342637071009413
18,1514,1532,0.153424002455132
18,1503,1521,0.1534248008873595
18,1490,1508,0.15342590207900755
18,1492,1510,0.15342725388737252
18,1508,1526,0.15342881057610674
15,1509,1524,0.1534305321154956
15,1509,1524,0.1534389391359325
15,1508,1523,0.15344703807378227
15,1506,1521,0.1534548280594341
14,1503,1517,0.1534623101641247
13,1497,1510,0.15347165211051564
14,1506,1520,0.15348290226287284
14,1496,1510,0.15349102760844013
14,1513,1527,0.1534987904339837
14,1510,1524,0.15350620022368194
14,1514,1528,0.15351326708445387
14,1521,1535,0.15352000159352136
14,1509,1523,0.1535264146661857
14,1507,1521,0.15353251744154378
15,1516,1531,0.15353832118410732
15,1515,1530,0.1535405899413534
16,1512,1528,0.15354288591848614
16,1513,1529,0.15354192754050497
14,1506,1520,0.1535412691405662
13,1516,1529,0.15354610169047703
13,1510,1523,0.15355292487489985
14,1514,1528,0.15355943136615072
14,1516,1530,0.1535623577985039
14,1500,1514,0.1535652933469769
14,1500,1514,0.15356821948279653
14,1496,1510,0.15357112052842606
13,1494,1507,0.15357398331888683
13,1499,1512,0.1535796249175749
14,1503,1517,0.153584971935463
14,1493,1507,0.1535867771021272
16,1504,1520,0.15358861833319173
16,1498,1514,0.15358395208458792
16,1498,1514,0.15357980108732858
17,1495,1512,0.15357621303572583
18,1486,1504,0.15356985920312904
19,1480,1499,0.15356100575421142
18,1491,1509,0.15354984520077408
19,1497,1516,0.15354202077042614
18,1497,1515,0.1535319639941247
19,1495,1514,0.15352592868662446
19,1503,1522,0.15351742734428428
20,1497,1517,0.15350976788468387
20,1497,1517,0.15350075792882456
18,1496,1514,0.1534926776663
17,1487,1504,0.15349057385030032
18,1498,1516,0.15349103545134132
18,1494,1512,0.15348738736474374
18,1497,1515,0.15348435018499054
18,1497,1515,0.15348184925036873
17,1508,1525,0.15347981805006147
19,1499,1518,0.15348110520274022
22,1491,1513,0.153476797642477
21,1489,1510,0.15346339890537858
22,1494,1516,0.15345454728458807
22,1492,1514,0.15344340242573395
20,1498,1518,0.15343343248552116
19,1501,1520,0.15342907615659743
18,1509,1527,0.15342763072509083
19,1510,1529,0.15342876841962394
20,1509,1529,0.15342729655147508
19,1500,1519,0.15342392030515128
21,1484,1505,0.15342329564384852
21,1484,1505,0.15341744680147357
20,1486,1506,0.15341232994011736
20,1490,1510,0.15341042888049375
20,1493,1513,0.153408911023151
18,1492,1510,0.15340772712717696
18,1507,1525,0.15341112886571343
17,1501,1518,0.15341452130671962
17,1499,1516,0.15342028224030038
18,1495,1513,0.15342583090335382
18,1499,1517,0.15342794265545506
18,1499,1517,0.15343014126943827
18,1502,1520,0.15343240042565998
16,1510,1526,0.15343469744859367
16,1503,1519,0.15344136242110162
17,1509,1526,0.15344776092055365
17,1515,1532,0.15345064384115834
17,1502,1519,0.1534534510543956
17,1496,1513,0.153456297973813
17,1503,1520,0.15345916175202723
17,1497,1514,0.15346202290817149
16,1498,1514,0.15346395945551136
17,1499,1516,0.15346816365508664
17,1506,1523,0.15347009089916597
19,1500,1519,0.15347195725269336
20,1505,1525,0.15346831549137177
20,1499,1519,0.15346209864862528
19,1500,1519,0.15345661364640614
19,1498,1517,0.15345392486195575
19,1510,1529,0.15345168913520343
19,1521,1540,0.15344985099645417
19,1512,1531,0.15344836103312232
17,1499,1516,0.1534471752638759
18,1496,1514,0.15345074565524278
18,1501,1519,0.15345185155723298
18,1516,1534,0.15345305535587514
19,1509,1528,0.15345433508691855
19,1507,1526,0.15345326955907695
18,1495,1513,0.15345241459780212
19,1496,1515,0.15345390700980677
19,1500,1519,0.15345319330191154
19,1505,1524,0.15345200461918884
18,1504,1522,0.15345105329011433
18,1497,1515,0.15345245580095082
16,1496,1512,0.15345387176331088
16,1505,1521,0.15345966899835647
16,1502,1518,0.15346522642013288
16,1510,1526,0.15347054758327075
15,1512,1527,0.15347563689704147
15,1498,1513,0.15348266579929085
14,1496,1510,0.1534893424863517
13,1495,1508,0.15349791346513275
13,1505,1518,0.1535081890135169
13,1506,1519,0.15351772153983315
12,1501,1513,0.15352673157275734
13,1494,1507,0.15353743847205933
14,1506,1520,0.15354527562104495
14,1510,1524,0.15354941046185813
14,1520,1534,0.15355231600251695
14,1506,1520,0.15355528831620927
14,1507,1521,0.1535582997235869
14,1501,1515,0.1535613265146668
13,1503,1516,0.15356434848647982
12,1506,1518,0.15357017910080414
12,1506,1518,0.15357795834631094
13,1511,1524,0.15358460325651874
12,1514,1526,0.1535877025373415
14,1520,1534,0.15359299161268627
14,1512,1526,0.15359166902360552
16,1521,1537,0.15359081933334784
16,1518,1534,0.15358477910140025
16,1523,1539,0.15357954917063169
14,1527,1541,0.15357503731886438
14,1520,1534,0.15357628083639885
14,1512,1526,0.1535776983523206
15,1507,1522,0.15357925491344698
15,1515,1530,0.1535776501792253
16,1498,1514,0.15357643312100905
16,1506,1522,0.15357227400240864
17,1502,1519,0.1535687115336144
18,1505,1523,0.15356242792329927
17,1505,1522,0.15355403852159888
16,1516,1532,0.1535477487766301
17,1504,1521,0.15354447029423415
16,1504,1520,0.1535395972152974
16,1499,1515,0.15353757926089692
16,1510,1526,0.1535360408859608
14,1506,1520,0.15353491827141946
14,1497,1511,0.1535380615592223
14,1514,1528,0.1535413161608525
13,1504,1517,0.15354356984826478
13,1506,1519,0.15354900993185583
15,1516,1531,0.15355435743428372
15,1512,1527,0.15355460694853984
15,1509,1524,0.1535550997586763
15,1511,1526,0.153555795985156
14,1497,1511,0.1535566606024271
15,1506,1521,0.1535598174599075
15,1502,1517,0.15355968040011425
14,1510,1524,0.15355981390700188
14,1505,1519,0.15356324424390824
14,1497,1511,0.15356659235907247
14,1486,1500,0.15356898856199064
14,1498,1512,0.15357142454142206
14,1498,1512,0.1535738798652277
13,1501,1514,0.15357633708869994
14,1486,1500,0.15358101489999512
14,1490,1504,0.1535828401885328
14,1494,1508,0.153584712353122
13,1504,1517,0.15358661330894843
13,1506,1519,0.15359071627722456
13,1499,1512,0.1535946828973384
10,1504,1514,0.1535973886398115
10,1502,1512,0.15360702804207155
8,1508,1516,0.15361622211058862
7,1508,1515,0.1536293423879894
8,1487,1495,0.15364393936801865
8,1500,1508,0.15365451102472427
7,1502,1509,0.15366463695268895
7,1507,1514,0.15367649761969374
7,1503,1510,0.15368779832875468
7,1498,1505,0.15369855767335117
7,1515,1522,0.15370879459874906
7,1504,1511,0.15371852823837193
8,1504,1512,0.1537277777737736
8,1507,1515,0.1537333900469636
7,1507,1514,0.15373884652012484
7,1504,1511,0.1537462977623092
7,1511,1518,0.1537534474330342
8,1499,1507,0.15376029915601766
8,1506,1514,0.1537635885340973
9,1518,1527,0.15376689633552332
9,1520,1529,0.1537669705773198
8,1518,1526,0.15376732201610768
8,1539,1547,0.1537700949606445
8,1529,1537,0.1537729267238177
6,1534,1540,0.15377467958568622
5,1523,1528,0.15378170914904835
5,1511,1516,0.1537906670557238
6,1512,1518,0.1537992515179768
5,1513,1518,0.15380458390263502
5,1509,1514,0.15381216131567574
5,1505,1510,0.15381944847613563
4,1503,1507,0.15382644643644622
4,1496,1500,0.15383557897999803
4,1510,1514,0.15384425626299772
4,1507,1511,0.1538524962364504
4,1512,1516,0.15386031670699057
4,1513,1517,0.1538677352534402
4,1505,1509,0.15387476915742102
5,1510,1515,0.1538814353462929
4,1519,1523,0.1538844879487528
4,1508,1512,0.15388988625748998
4,1512,1516,0.15389507705951425
5,1502,1507,0.1539000612742868
5,1506,1511,0.1539015780206228
5,1508,1513,0.15390319752771128
5,1507,1512,0.15390489463943877
5,1508,1513,0.1539066475626613
5,1514,1519,0.1539084374849612
5,1514,1519,0.1539102482328808
5,1516,1521,0.1539120659665004
5,1504,1509,0.15391387890664177
5,1520,1525,0.15391567709135143
5,1531,1536,0.15391745215865196
4,1522,1526,0.15391919715285338
4,1528,1532,0.15392330540110705
4,1534,1538,0.15392720506590676
4,1519,1523,0.15393090483929434
4,1509,1513,0.15393441327148352
5,1515,1520,0.1539377387419991
5,1506,1511,0.15393762238388808
5,1509,1514,0.1539376441909788
4,1512,1516,0.15393778305974773
4,1520,1524,0.1539402117643137
5,1517,1522,0.15394258787154022
5,1520,1525,0.1539417073428453
5,1509,1514,0.1539410575598291
5,1505,1510,0.1539406075249274
5,1502,1507,0.15394032975104774
5,1510,1515,0.15394019989228716
5,1506,1511,0.15394019641204462
6,1497,1503,0.1539403002848234
5,1502,1507,0.15393722193686443
5,1510,1515,0.1539367456183179
5,1502,1507,0.1539364687808875
6,1506,1512,0.15393636280728307
6,1510,1516,0.1539331294627023
6,1513,1519,0.15393032517511304
6,1507,1513,0.15392790135560827
6,1501,1507,0.15392581454717355
6,1510,1516,0.15392402590194526
6,1516,1522,0.15392250071064065
6,1526,1532,0.15392120797901454
5,1524,1529,0.1539201200467023
6,1513,1519,0.15392138446367526
6,1515,1521,0.15391988019866745
6,1503,1509,0.15391862163334366
7,1493,1500,0.1539175789107824
7,1507,1514,0.15391346052884738
7,1506,1513,0.15390981288209207
7,1520,1527,0.15390658607507712
7,1511,1518,0.153903735300433
7,1501,1508,0.15390122033109935
7,1503,1510,0.1538990050625989
7,1506,1513,0.153897057100452
8,1521,1529,0.15389534738831634
8,1519,1527,0.1538905818009183
7,1516,1523,0.15388631061640445
7,1515,1522,0.15388467092864638
7,1521,1528,0.15388329494378572
7,1517,1524,0.1538821507964526
7,1522,1529,0.15388121008679462
7,1524,1531,0.1538804475222949
7,1521,1528,0.15387984059560061
7,1519,1526,0.15387936929479828
7,1507,1514,0.15387901584292282
7,1522,1529,0.15387876446380117
7,1502,1509,0.15387860117161659
7,1497,1504,0.15387851358183635
7,1509,1516,0.15387849074137655
8,1499,1507,0.15387852297608734
8,1499,1507,0.15387533096462633
8,1515,1523,0.15387248350007537
8,1514,1522,0.15386994506436175
7,1501,1508,0.15386768370951714
6,1499,1505,0.15386784685989016
5,1508,1513,0.15387032317480565
5,1519,1524,0.1538754970148995
5,1518,1523,0.15388037473923788
6,1526,1532,0.1538849725366088
6,1518,1524,0.15388602937593515
7,1525,1532,0.15388714273641876
8,1509,1517,0.1538850215306182
8,1530,1538,0.15387996877302113
9,1522,1531,0.15387551641655858
9,1522,1531,0.153868905960223
10,1515,1525,0.15386187794057526
10,1509,1519,0.15385243857252148
10,1499,1509,0.15384400802827314
9,1497,1506,0.15383648306534925
9,1512,1521,0.15383196234920052
9,1516,1525,0.15382803396618683
10,1529,1539,0.15382463114667572
11,1514,1525,0.1538184242536574
10,1526,1536,0.15380967073197074
11,1513,1524,0.1538044694877452
12,1530,1542,0.1537966379859005
12,1516,1528,0.15378643519113677
12,1505,1517,0.1537773273060451
13,1503,1516,0.15376920198301808
13,1496,1509,0.15375870695835478
12,1502,1514,0.15374930673283585
12,1512,1524,0.1537430578486162
11,1508,1519,0.15373756212310455
11,1507,1518,0.1537349853691403
12,1494,1506,0.15373286110837525
12,1490,1502,0.15372786110318123
12,1491,1503,0.15372351430642864
12,1491,1503,0.15371891170569174
14,1484,1498,0.15371495489139922
14,1486,1500,0.15370607978998013
13,1493,1506,0.15369815802703438
14,1502,1516,0.1536932498475335
14,1505,1519,0.15368590467663434
14,1499,1513,0.15367940109690456
15,1500,1515,0.15367365009307438
15,1494,1509,0.15366530028085307
15,1491,1506,0.15365785696244671
15,1480,1495,0.15365122668001358
15,1466,1481,0.15364532534016934
14,1478,1492,0.1536400772912546
12,1483,1495,0.15363768711900025
12,1491,1503,0.15364022064718394
12,1493,1505,0.15364278377218477
12,1493,1505,0.15364535672105717
12,1496,1508,0.15364792267122523
11,1499,1510,0.15365046740174765
11,1510,1521,0.15365515598648147
11,1499,1510,0.15365966799391828
10,1504,1514,0.15366400345776202
10,1501,1511,0.15367034837238222
10,1512,1522,0.1536763852108753
8,1516,1524,0.15368212503291276
8,1508,1516,0.15369200513682826
8,1495,1503,0.15370052035286297
8,1499,1507,0.1537086398863922
8,1507,1515,0.153716375901652
8,1519,1527,0.15372374097662797
7,1508,1515,0.15372969256179358
6,1502,1508,0.1537376214998
5,1496,1501,0.15374740040250803
6,1508,1514,0.15375887471745758
6,1512,1518,0.1537674784007412
6,1511,1517,0.15377569264438118
6,1509,1515,0.1537835281114144
6,1509,1515,0.15379099608103053
7,1507,1514,0.15379810828843257
8,1491,1499,0.15380162100569678
8,1494,1502,0.15380183583892953
8,1497,1505,0.15380231312972145
9,1499,1508,0.1538030103469098
10,1503,1513,0.15380063237064845
10,1491,1501,0.15379544544381002
8,1501,1509,0.15379096103974985
7,1501,1508,0.15379156363938828
6,1513,1519,0.15379513571614678
5,1513,1518,0.15380152691527077
5,1513,1518,0.15380984629710442
5,1521,1526,0.15381778092484022
4,1519,1523,0.1538253423455345
3,1512,1515,0.15383498833366197
3,1514,1517,0.15384625468781266
3,1504,1507,0.15385689201782676
4,1494,1498,0.15386693309921703
4,1503,1507,0.15387313509629327
4,1516,1520,0.1538791081408799
4,1503,1507,0.15388485175662292
4,1506,1510,0.15389036689397612
4,1501,1505,0.15389565570781324
4,1507,1511,0.15390072136171715
4,1501,1505,0.15390556785604873
4,1504,1508,0.1539101998771975
5,1501,1506,0.1539146226656856
5,1504,1509,0.15391556478697888
5,1512,1517,0.15391661575808904
5,1503,1508,0.1539177528458987
6,1495,1501,0.15391895626209134
8,1509,1517,0.1539173362552807
8,1494,1502,0.15390957826359075
8,1504,1512,0.15390265611835605
9,1490,1499,0.15389648423833943
8,1497,1505,0.15388770490798798
8,1491,1499,0.15388110975487446
9,1500,1509,0.15387534283918392
9,1495,1504,0.153867044312592
9,1486,1495,0.15385970613422348
10,1481,1491,0.15385322609893254
10,1487,1497,0.15384423261679975
10,1490,1500,0.15383622993658844
12,1504,1516,0.15382911522444292
12,1503,1515,0.15381625400836213
13,1492,1505,0.15380471784459998
13,1513,1526,0.15379165290175462
13,1516,1529,0.15377988088295502
13,1530,1543,0.1537692755615458
13,1527,1540,0.15375972293360549
13,1509,1522,0.1537511200403507
13,1508,1521,0.1537433739036408
14,1510,1524,0.15373640056374227
14,1515,1529,0.1537269196652697
13,1515,1528,0.15371836323047672
13,1512,1525,0.15371306727903608
13,1513,1526,0.15370835218912005
14,1511,1525,0.15370415790480593
14,1528,1542,0.15369716391660104
13,1513,1526,0.1536908926230835
13,1511,1524,0.15368794028790067
13,1504,1517,0.1536853611152088
13,1516,1529,0.15368311368567789
12,1518,1530,0.1536811609080971
12,1519,1531,0.15368165307430748
12,1519,1531,0.1536822408477242
11,1523,1534,0.1536829062127584
13,1509,1522,0.15368584673793306
13,1515,1528,0.15368335515570564
12,1512,1524,0.1536811937012875
11,1515,1526,0.15368170329995423
11,1501,1512,0.15368447245635253
13,1499,1512,0.15368710976821034
12,1514,1526,0.15368317043086555
13,1522,1535,0.15368193896245366
13,1510,1523,0.1536788383178934
12,1511,1523,0.15367618795346266
13,1505,1518,0.15367610337896156
12,1508,1520,0.15367399859639083
12,1506,1518,0.15367439464429272
12,1505,1517,0.15367494423239492
13,1499,1512,0.15367562067422832
13,1500,1513,0.15367313665486326
12,1494,1506,0.15367104110995128
12,1507,1519,0.15367144568140087
12,1511,1523,0.15367201892265894
12,1514,1526,0.15367273170262596
12,1513,1525,0.15367355849642672
12,1511,1523,0.15367447698828252
12,1513,1525,0.15367546771573648
13,1524,1537,0.15367651375105498
14,1527,1541,0.153674346950173
14,1510,1524,0.1536692430163341
15,1502,1517,0.15366473798882638
15,1517,1532,0.15365808085182084
15,1501,1516,0.15365211607939844
14,1498,1512,0.1536467740088318
13,1494,1507,0.1536443871766699
14,1498,1512,0.15364449439334507
14,1505,1519,0.15364149544669334
14,1505,1519,0.1536389407142292
14,1504,1518,0.15363677779164545
14,1496,1510,0.15363495991791584
14,1497,1511,0.1536334453948117
14,1498,1512,0.1536321970646216
14,1498,1512,0.15363118184032623
14,1502,1516,0.15363037028304127
13,1515,1528,0.1536297362220515
12,1513,1525,0.15363139917604657
12,1511,1523,0.15363521681377665
12,1509,1521,0.15363889716794213
12,1499,1511,0.15364133616649106
12,1497,1509,0.15364271752217415
12,1508,1520,0.15364428565875635
12,1513,1525,0.1536460026810061
12,1509,1521,0.15364783558498504
11,1504,1515,0.1536497557092898
11,1512,1523,0.15365388451715595
11,1513,1524,0.15365792477366016
11,1503,1514,0.1536618659406681
10,1513,1523,0.15366569967284516
9,1506,1515,0.15367163217880964
9,1520,1529,0.15367947569870036
9,1514,1523,0.15368693452563623
9,1508,1517,0.15369343588523163
9,1511,1520,0.15369967613876304
10,1514,1524,0.1537056581459752
10,1518,1528,0.15370820300011792
9,1520,1529,0.15371079313490738
9,1519,1528,0.15371573838098784
7,1507,1514,0.15371979006401051
8,1502,1510,0.15372813227981683
9,1511,1520,0.15373364940680148
9,1523,1532,0.15373637435580437
8,1526,1534,0.15373915988233608
7,1511,1518,0.15374438993869238
8,1510,1518,0.15375161130719167
7,1504,1511,0.15375632037380513
7,1515,1522,0.15376352725152678
7,1512,1519,0.15377037366954122
7,1496,1503,0.15377687390835898
7,1495,1502,0.1537830421237366
7,1503,1510,0.1537888922822771
7,1503,1510,0.15379443810788906
7,1505,1512,0.15379969303777677
7,1513,1520,0.15380467018677704
6,1520,1526,0.15380938231899044
6,1515,1521,0.15381604082709413
6,1521,1527,0.15382232282153457
6,1523,1529,0.1538282484164714
6,1523,1529,0.15383383677321866
6,1512,1518,0.15383910613206517
7,1502,1509,0.15384407384467522
7,1515,1522,0.1538457584052848
8,1505,1513,0.15384743777636964
8,1489,1497,0.15384583022932286
8,1496,1504,0.1538445067193334
7,1498,1505,0.1538434320247562
7,1495,1502,0.15384473957001765
7,1507,1514,0.15384610524656836
7,1498,1505,0.15384751210995895
7,1501,1508,0.1538489455495703
8,1492,1500,0.1538503930201781
8,1516,1524,0.15384858550839145
8,1527,1535,0.15384707659186478
8,1521,1529,0.15384582981647607
8,1526,1534,0.1538448127165429
7,1528,1535,0.15384399640089128
7,1513,1520,0.15384550900495625
7,1516,1523,0.15384704343786126
8,1515,1523,0.15384858724737527
7,1518,1525,0.15384777684153103
7,1510,1517,0.15384971453253818
7,1505,1512,0.1538515849515102
7,1503,1510,0.15385338724671047
7,1518,1525,0.15385512109920024
8,1504,1512,0.15385678664376337
8,1490,1498,0.1538551301718634
7,1498,1505,0.15385371098964076
7,1504,1511,0.1538555520037123
7,1502,1509,0.15385730600248426
8,1520,1528,0.15385897581574504
7,1517,1524,0.15385747718124018
8,1506,1514,0.15385832807672994
8,1503,1511,0.1538570048430256
8,1501,1509,0.15385585723587958
8,1509,1517,0.15385486541327317
8,1505,1513,0.15385401162102572
7,1502,1509,0.15385327998112852
6,1514,1520,0.1538548425179933
6,1517,1523,0.1538585200113804
6,1525,1531,0.15386202389298909
6,1518,1524,0.1538653598073033
6,1534,1540,0.15386853353430976
6,1529,1535,0.15387155093484378
6,1519,1525,0.15387441790374295
6,1523,1529,0.15387714032990285
6,1510,1516,0.15387972406242273
6,1511,1517,0.15388217488211922
6,1508,1514,0.15388449847776123
6,1523,1529,0.15388670042645097
6,1511,1517,0.1538887861776387
6,1517,1523,0.1538907610403142
6,1515,1521,0.15389263017296886
6,1512,1518,0.1538943985759682
6,1511,1517,0.1538960710860139
6,1518,1524,0.15389765237241135
5,1510,1515,0.1538991469348912
5,1502,1507,0.15390271117379714
5,1501,1506,0.1539060664321222
5,1509,1514,0.15390922452139555
5,1495,1500,0.15391219663082933
5,1500,1505,0.15391499335530262
5,1504,1509,0.15391762472263346
4,1502,1506,0.15392010022008396
4,1510,1514,0.15392458176405466
4,1513,1517,0.1539287948079249
4,1502,1506,0.1539327551795353
4,1507,1511,0.153936477799603
4,1512,1516,0.1539399767310811
4,1492,1496,0.15394326522610605
4,1507,1511,0.1539463557706213
4,1511,1515,0.15394926012676474
4,1514,1518,0.15395198937310892
4,1521,1525,0.153954553942841
4,1509,1513,0.15395696365996908
4,1517,1521,0.1539592277736402
4,1518,1522,0.15396135499065286
4,1507,1511,0.15396335350624585
4,1515,1519,0.15396523103324256
4,1499,1503,0.15396589795564675
4,1505,1509,0.15396663167498909
5,1508,1513,0.1539674176378937
5,1505,1510,0.15396500022913964
5,1504,1509,0.1539629137372109
4,1505,1509,0.15396112016052485
4,1493,1497,0.15396174631768375
3,1500,1503,0.15396247060426482
4,1509,1513,0.1539654348646723
4,1507,1511,0.1539660982557503
4,1507,1511,0.15396682827899638
4,1508,1512,0.1539676104825876
4,1506,1510,0.15396843230246293
4,1508,1512,0.153969282849779
4,1516,1520,0.1539701527207523
4,1521,1525,0.1539710338266115
4,1525,1529,0.1539719192416105
4,1513,1517,0.15397280306725597
4,1522,1526,0.1539736803110901
4,1516,1520,0.15397454677853278
4,1509,1513,0.1539753989764396
4,1514,1518,0.15397623402716523
4,1497,1501,0.15397704959204467
3,1501,1504,0.15397784380331403
3,1519,1522,0.1539807731793084
3,1522,1525,0.15398354806095957
3,1518,1521,0.15398617549559862
3,1514,1517,0.15398866233309466
2,1503,1505,0.15399101521523925
1,1522,1523,0.15399540579084728
1,1518,1519,0.15400177139129057
1,1503,1504,0.15400775647128026
1,1507,1508,0.15401338355938632
2,1516,1518,0.1540186738719824
2,1515,1517,0.15402037269271707
2,1526,1528,0.15402207957976827
2,1525,1527,0.15402378327288166
3,1520,1523,0.15402547423887258
3,1519,1522,0.15402387249699198
3,1524,1527,0.1540225490107336
3,1516,1519,0.1540214693509669
3,1527,1530,0.15402060287801253
3,1516,1519,0.15401992234690035
3,1520,1523,0.15401940355255428
3,1519,1522,0.1540190250109333
3,1520,1523,0.15401876767254807
3,1525,1528,0.15401861466512556
3,1519,1522,0.1540185510625131
3,1518,1521,0.15401856367719952
3,1525,1528,0.15401864087408998
3,1521,1524,0.15401877240340578
3,1506,1509,0.15401894925078907
2,1505,1507,0.1540191635028848
2,1512,1514,0.15402173389314047
3,1511,1514,0.1540241724666637
3,1523,1526,0.154023413414384
3,1511,1514,0.1540228078894449
3,1509,1512,0.15402233613776997
3,1525,1528,0.1540219806170708
3,1512,1515,0.15402172576434622
3,1508,1511,0.15402155778702334
3,1521,1524,0.15402146447538065
3,1513,1516,0.15402143503412702
3,1513,1516,0.15402145993122077
4,1506,1510,0.15402153076220113
4,1513,1517,0.1540183947979659
4,1508,1512,0.15401559344620755
4,1499,1503,0.1540130925245246
4,1504,1508,0.15401086125900457
3,1509,1512,0.15400887194912616
3,1509,1512,0.15400946000336124
3,1514,1517,0.15401008056273344
3,1503,1506,0.15400961134660054
3,1515,1518,0.15400933352232615
3,1504,1507,0.15400921962182695
3,1508,1511,0.154009245384512
4,1504,1508,0.1540093894130555
4,1514,1518,0.15400637054314073
3,1505,1508,0.15400373984241114
3,1520,1523,0.15400363465689731
3,1514,1517,0.15400370136831573
3,1524,1527,0.15400391341604894
3,1518,1521,0.1540042474188187
3,1516,1519,0.15400468282967597
3,1538,1541,0.15400520162666387
3,1517,1520,0.1540057880355625
3,1511,1514,0.1540064282814797
3,1515,1518,0.1540071103663726
3,1510,1513,0.15400782386987608
3,1504,1507,0.15400855977107245
2,1508,1510,0.15400931028907572
2,1500,1502,0.15401239344204273
2,1502,1504,0.15401532261521786
2,1503,1505,0.15401810387910905
2,1506,1508,0.15402074325720977
2,1507,1509,0.15402324669744163
2,1518,1520,0.15402562004839124
2,1528,1530,0.1540278690397526
2,1524,1526,0.15402999926645133
2,1516,1518,0.15403201617598383
2,1521,1523,0.15403392505855767
2,1510,1512,0.1540357310396651
2,1517,1519,0.15403743907476372
2,1516,1518,0.15403905394577447
2,1510,1512,0.15404058025914208
1,1512,1513,0.15404202244523074
1,1526,1527,0.15404560270404208
1,1524,1525,0.15404896762265974
1,1523,1524,0.15405213005589735
1,1532,1533,0.15405510210083728
1,1538,1539,0.1540578951405337
1,1525,1526,0.15406051988529168
1,1520,1521,0.1540629864116476
1,1519,1520,0.15406530419916906
1,1523,1524,0.15406748216518867
1,1522,1523,0.15406952869758078
1,1518,1519,0.15407145168568398
1,1514,1515,0.15407325854946952
1,1505,1506,0.15407495626704915
1,1523,1524,0.1540765514006128
1,1527,1528,0.15407805012088086
1,1528,1529,0.1540794582301528
0,1527,1527,0.15408078118402926
