1369,27,1396,0.135795920926171
1383,28,1411,0.13294676336664552
1398,33,1431,0.13031883739819206
1402,36,1438,0.1278897459096475
1426,41,1467,0.12567115227007122
1437,42,1479,0.1235846004859767
1455,42,1497,0.12165917864211118
1447,43,1490,0.11985834126804353
1458,47,1505,0.11824333422839832
1446,46,1492,0.11674745711007815
1456,44,1500,0.11541780487763763
1457,45,1502,0.11418414881888943
1451,45,1496,0.11306089553886675
1460,41,1501,0.11205338802928243
1454,40,1494,0.11111569516203094
1463,40,1503,0.1102785543132762
1455,38,1493,0.1094934611262417
1432,39,1471,0.10880057057216196
1433,39,1472,0.10822788290421437
1432,40,1472,0.10770727230812147
1439,40,1479,0.10723489818933997
1444,42,1486,0.10678952142059839
1453,42,1495,0.10637290750013141
1445,44,1489,0.10597337156377976
1455,43,1498,0.1056281277244728
1465,45,1510,0.10528951354020229
1465,44,1509,0.10495728621599863
1462,42,1504,0.10465710884426875
1463,41,1504,0.10439154670359888
1468,39,1507,0.1041476002332533
1459,40,1499,0.10391154684824286
1462,41,1503,0.1037181866814696
1459,41,1500,0.10353415231842514
1461,41,1502,0.10337513958662317
1467,40,1507,0.10322507837180715
1454,38,1492,0.10307562667684944
1449,37,1486,0.10296941596985329
1451,36,1487,0.10288235742441529
1463,37,1500,0.10279613433708683
1464,38,1502,0.10269256961521366
1456,38,1494,0.10259799131233224
1465,39,1504,0.10253065605940717
1469,38,1507,0.1024499430807173
1461,37,1498,0.10236554182218853
1456,37,1493,0.10230753239345741
1471,37,1508,0.10226754943743994
1466,36,1502,0.10219780480617544
1467,38,1505,0.10214474308388442
1461,37,1498,0.10209417513051804
1463,37,1500,0.10206091993667478
1462,35,1497,0.1020258046046148
1463,35,1498,0.101995156780302
1467,36,1503,0.10196607788915202
1447,39,1486,0.10193140568322606
1441,39,1480,0.10194249690029863
1448,40,1488,0.10196588791360245
1439,39,1478,0.10197371030369676
1464,40,1504,0.10200120550548625
1460,40,1500,0.10196967918844337
1463,40,1503,0.10195015314775241
1464,38,1502,0.10192439539984118
1458,40,1498,0.10189840759758102
1451,39,1490,0.10188977528790243
1460,39,1499,0.10189657360066721
1454,39,1493,0.10188337045907449
1462,43,1505,0.10188543571643248
1441,44,1485,0.10186886767058274
1447,45,1492,0.10190125659486399
1447,45,1492,0.1019172072184886
1463,47,1510,0.10193185908366936
1447,48,1495,0.1019114251593706
1444,48,1492,0.10192841114994104
1437,48,1485,0.1019518697761731
1437,48,1485,0.10199170544874381
1443,47,1490,0.10202711592957481
1438,46,1484,0.10204631285338123
1452,49,1501,0.1020758584844273
1454,50,1504,0.1020733608335484
1445,51,1496,0.10206798183127226
1440,52,1492,0.10208205220586197
1448,50,1498,0.10210424799315422
1437,53,1490,0.10210624872864787
1445,54,1499,0.10213365834362736
1452,52,1504,0.10213818852283232
1452,51,1503,0.1021284963741848
1452,51,1503,0.10211929801796582
1453,49,1502,0.10211181648660933
1456,49,1505,0.10210301214731046
1439,51,1490,0.1020898429315655
1444,52,1496,0.10211480478991447
1464,54,1518,0.10212715262803645
1434,53,1487,0.10209198354394936
1440,53,1493,0.102126795191014
1444,54,1498,0.1021449855968309
1454,54,1508,0.1021545588304582
1452,52,1504,0.1021424674450677
1459,53,1512,0.10213690783771667
1439,53,1492,0.10211712613695222
1436,52,1488,0.10214287914089021
1434,53,1487,0.10217272961464889
1430,56,1486,0.10220565763144066
1426,53,1479,0.10224479074855512
1429,55,1484,0.10229008034780214
1430,54,1484,0.10232500040037804
1422,53,1475,0.1023567715371594
1427,56,1483,0.1024030532835332
1431,56,1487,0.1024326101321141
1449,57,1506,0.10245049965653687
1457,58,1515,0.10242664856719483
1441,59,1500,0.10238806142269916
1433,60,1493,0.10238891531626178
1447,59,1506,0.10240710577202149
1457,59,1516,0.1023903551511254
1456,62,1518,0.10235172949667881
1436,63,1499,0.10231862272264593
1436,59,1495,0.10233248838089373
1438,61,1499,0.10234676040583784
1446,59,1505,0.10235547742470405
1444,60,1504,0.10234565830744236
1448,59,1507,0.10234130937109402
1452,59,1511,0.10232948466374948
1440,60,1500,0.10230995849064939
1432,59,1491,0.10231893994589442
1437,63,1500,0.10234684884948932
1436,64,1500,0.10236284758624482
1429,63,1492,0.10238197369809315
1430,60,1490,0.1024137562247617
1412,61,1473,0.10244116759742748
1416,58,1474,0.10250540886306123
1432,63,1495,0.10255365130774177
1440,66,1506,0.10256331711279154
1435,67,1502,0.10255326029217203
1431,62,1493,0.10255619339822161
1441,67,1508,0.10256341806247292
1437,66,1503,0.10255030786817215
1441,67,1508,0.10254854014490496
1448,64,1512,0.10253958212779
1446,64,1510,0.10251588202274599
1446,61,1507,0.10249923378818443
1428,61,1489,0.10248202740836575
1428,62,1490,0.1025065054675376
1415,63,1478,0.1025291023757731
1431,64,1495,0.10257899222230081
1425,64,1489,0.1025904055876277
1423,65,1488,0.10261493416174877
1434,68,1502,0.10263949741438727
1428,68,1496,0.10263842482903432
1421,72,1493,0.10265348775518994
1424,72,1496,0.10268399687633605
1432,71,1503,0.10270528950638223
1434,75,1509,0.10270571516370214
1425,74,1499,0.10270250635152749
1423,74,1497,0.1027197684129065
1411,73,1484,0.10274182618457176
1414,74,1488,0.10278947330435492
1414,73,1487,0.10282652043406326
1424,70,1494,0.10286187217462818
1432,74,1506,0.10287203516518409
1420,72,1492,0.10286028272637936
1423,71,1494,0.1028771042837074
1417,73,1490,0.10288763370409548
1439,75,1514,0.10291162305790408
1427,74,1501,0.10288383824406692
1414,77,1491,0.10288663907651045
1407,79,1486,0.10291682651767203
1408,83,1491,0.10296150811888596
1407,82,1489,0.10300383004822303
1395,82,1477,0.10304200502984244
1409,81,1490,0.10310484613508279
1397,81,1478,0.1031316874905372
1394,81,1475,0.10318348819604115
1402,79,1481,0.10323751608111408
1400,77,1477,0.1032669689550455
1409,72,1481,0.10329633573611924
1405,73,1478,0.10330175163406147
1415,68,1483,0.10331674972842343
1409,70,1479,0.10330968257373219
1421,71,1492,0.10331464890974189
1416,71,1487,0.10329484281939502
1418,71,1489,0.10328610281495809
1419,69,1488,0.10327365995836736
1405,70,1475,0.10326005475747092
1410,68,1478,0.10327753558878726
1424,70,1494,0.10328299444270972
1423,71,1494,0.10325349957403067
1415,68,1483,0.10322885890284614
1408,66,1474,0.10322306445963354
1421,66,1487,0.10323682021954618
1423,68,1491,0.10321902465708163
1414,68,1482,0.10319556722666703
1420,69,1489,0.10319355517703599
1424,69,1493,0.10317825089455422
1423,68,1491,0.1031577529975312
1418,68,1486,0.10314403416714167
1427,66,1493,0.1031423642699147
1423,64,1487,0.10312219093554403
1421,66,1487,0.10310787328154424
1427,67,1494,0.10309853995828835
1430,70,1500,0.10307840659094963
1428,71,1499,0.10305217738019536
1425,69,1494,0.10303230433832639
1434,69,1503,0.10302145112342438
1429,70,1499,0.10299097670372438
1431,69,1500,0.10297458068357358
1431,70,1501,0.10295569039096517
1428,68,1496,0.10293765697664391
1423,66,1489,0.10292966283416437
1415,64,1479,0.10293377648218016
1419,64,1483,0.10295748106477866
1429,63,1492,0.10297098562052116
1427,64,1491,0.10295957011284365
1432,67,1499,0.102949568613011
1439,69,1508,0.10292949134949538
1437,71,1508,0.10289646458875225
1447,70,1517,0.10286718911666659
1432,68,1500,0.10281795384486223
1429,69,1498,0.10280700286718528
1437,70,1507,0.10280324933996363
1428,70,1498,0.10278256656958977
1426,70,1496,0.10278432204669638
1424,72,1496,0.10279157723479802
1420,70,1490,0.10280319052804288
1410,69,1479,0.10282217193994514
1423,71,1494,0.10286430281201615
1415,72,1487,0.10287414513963182
1416,70,1486,0.10289917369256213
1424,72,1496,0.10291999449463807
1414,73,1487,0.10291930030294937
1404,73,1477,0.10294364234551794
1403,74,1477,0.10298998170860454
1390,78,1468,0.10303472006060761
1398,79,1477,0.10310776614732407
1409,78,1487,0.10315703693824745
1411,78,1489,0.10317923151544228
1400,77,1477,0.10319450435452175
1403,75,1478,0.10323422078780065
1416,77,1493,0.1032624335796574
1409,77,1486,0.10325999470182384
1411,80,1491,0.10327498125019872
1401,80,1481,0.10328304537642356
1404,79,1483,0.1033147335668896
1413,79,1492,0.10333392778763294
1418,78,1496,0.10333408883598594
1405,85,1490,0.10332297403115503
1403,85,1488,0.10334261238218659
1410,86,1496,0.10336708412414147
1409,86,1495,0.1033691992449136
1407,85,1492,0.10337553688794447
1403,86,1489,0.10338589181853255
1401,87,1488,0.10340425787129881
1394,89,1483,0.10342614901912686
1397,91,1488,0.10346407191482379
1408,92,1500,0.10349276322390726
1397,91,1488,0.10349443385692357
1399,92,1491,0.10352225120704764
1408,96,1504,0.10354404625340248
1412,93,1505,0.10354438424689405
1413,92,1505,0.10353482317232557
1405,91,1496,0.1035237441888719
1407,92,1499,0.10353139174803895
1404,91,1495,0.10353164313216691
1402,86,1488,0.1035400216187805
1413,87,1500,0.10354758417719705
1420,80,1500,0.10353399449289913
1406,84,1490,0.10350590134589717
1400,84,1484,0.10351000002357683
1399,88,1487,0.10352630114218836
1412,90,1502,0.10354127775283545
1404,91,1495,0.10352681272542547
1408,90,1498,0.1035317652511063
1407,91,1498,0.10352922720783848
1402,89,1491,0.10353302370128117
1408,88,1496,0.10354779035220879
1399,87,1486,0.10354494387429991
1408,88,1496,0.10356255724931561
1401,89,1490,0.10355891627836984
1395,90,1485,0.10357261945442527
1402,89,1491,0.1036006538096839
1410,89,1499,0.1036121748193095
1418,90,1508,0.10360128324037596
1406,89,1495,0.1035717553929711
1409,91,1500,0.10356999092743382
1404,90,1494,0.10356190407948657
1408,93,1501,0.10356390090111617
1412,91,1503,0.10355680487252217
1396,89,1485,0.10354314347763965
1394,90,1484,0.10356726032999627
1419,91,1510,0.10359443979632152
1420,92,1512,0.10356018236015534
1418,92,1510,0.10352869592573256
1418,93,1511,0.10350710870063082
1413,92,1505,0.10348822107767684
1404,93,1497,0.1034825890584316
1405,93,1498,0.10349783744377035
1391,88,1479,0.10351167995346672
1386,91,1477,0.1035545877373748
1398,91,1489,0.10360699729722667
1393,93,1486,0.10362873460682774
1399,95,1494,0.10365805474896363
1411,96,1507,0.1036718099416695
1414,94,1508,0.10365546917513647
1405,94,1499,0.1036341532542297
1395,95,1490,0.1036352038439296
1398,96,1494,0.10365984099754108
1400,96,1496,0.10367643613207096
1394,93,1487,0.10368549261079991
1398,94,1492,0.10370820858215897
1404,95,1499,0.10372106715907044
1399,94,1493,0.103718688821881
1401,93,1494,0.10372615656941925
1396,91,1487,0.10372961699954647
1384,92,1476,0.10374422258837775
1392,93,1485,0.10378600369297981
1402,87,1489,0.1038032590473013
1405,89,1494,0.10379606244515932
1394,89,1483,0.10378111086356907
1409,92,1501,0.10379213831080562
1414,93,1507,0.10376502381856526
1410,93,1503,0.10372925716795041
1403,92,1495,0.10370792209188423
1406,94,1500,0.10370502666831179
1386,94,1480,0.10369768719074317
1385,98,1483,0.10373650271338689
1392,98,1490,0.10377602843402772
1395,95,1490,0.10379685273045972
1393,95,1488,0.10380736727386441
1402,98,1500,0.10382350316111325
1393,100,1493,0.10381852618371791
1397,103,1500,0.10383562292746693
1391,102,1493,0.10384112176585854
1386,100,1486,0.10385992795353151
1390,103,1493,0.10388756924315347
1404,104,1508,0.10390264519062425
1391,106,1497,0.10388349015825281
1402,105,1507,0.1038963256871157
1402,105,1507,0.10388558160068108
1404,102,1506,0.1038764140855395
1391,105,1496,0.10386256464435042
1386,107,1493,0.10387605951455825
1392,105,1497,0.1039008061179949
1396,103,1499,0.10391236677226193
1395,105,1500,0.1039134987118889
1395,104,1499,0.10391560372978223
1400,103,1503,0.10391811211860402
1402,102,1504,0.10390974721415631
1403,98,1501,0.10389876372452676
1403,98,1501,0.10388505373691614
1392,94,1486,0.103870606613442
1400,92,1492,0.10388080276434579
1400,96,1496,0.1038726561399166
1401,97,1498,0.10386189454419689
1395,97,1492,0.10384984905129034
1404,103,1507,0.10385474919174785
1402,104,1506,0.10383921596489472
1400,106,1506,0.10383182148883527
1391,103,1494,0.10383111403435116
1389,103,1492,0.1038489947578811
1393,102,1495,0.10387261055794639
1396,102,1498,0.10388491915099558
1393,98,1491,0.10388905913064342
1404,99,1503,0.10389805718907005
1396,95,1491,0.10388256471075762
1409,95,1504,0.10388507111044547
1400,96,1496,0.1038583024381543
1386,101,1487,0.10385402924445654
1386,103,1489,0.10388379600355446
1389,99,1488,0.10391292020316324
1398,101,1499,0.10393178336735819
1390,101,1491,0.10392875563666298
1394,100,1494,0.10394128851754005
1385,101,1486,0.10394620018886037
1383,104,1487,0.10397083332282595
1378,108,1486,0.10399587592168105
1373,108,1481,0.1040303983446627
1377,105,1482,0.1040747959413964
1369,106,1475,0.10410896105357846
1379,109,1488,0.10415791157564339
1392,110,1502,0.10418095556603031
1393,110,1503,0.10417336825141821
1384,109,1493,0.10416059636682887
1375,108,1483,0.1041690791776479
1378,104,1482,0.10419867419961289
1382,106,1488,0.10422129965133477
1373,106,1479,0.10423201314301947
1376,109,1485,0.10426004743794592
1394,108,1502,0.10427948859446758
1382,114,1496,0.10425815058806277
1374,108,1482,0.10426600644018119
1366,107,1473,0.1042912424291363
1381,108,1489,0.10433012669512763
1370,111,1481,0.1043356059554302
1365,113,1478,0.10436628611707453
1373,114,1487,0.10440488942637359
1362,114,1476,0.10442247668849353
1385,117,1502,0.10446627303211438
1386,118,1504,0.10445433414642621
1394,115,1509,0.10443941613381494
1400,112,1512,0.10440650396392857
1398,112,1510,0.10436326698939319
1392,114,1506,0.10432733515708494
1397,112,1509,0.10430855366493315
1404,115,1519,0.10427987824642986
1404,114,1518,0.10424088320147136
1399,114,1513,0.10420467442820805
1383,114,1497,0.10417966723856698
1373,114,1487,0.1041908901625304
1368,116,1484,0.10422594017934507
1361,112,1473,0.10426754181468696
1369,115,1484,0.10432385322566304
1375,118,1493,0.1043590036514667
1371,120,1491,0.10437827031418212
1397,119,1516,0.10440248059904376
1390,120,1510,0.10436562560338496
1383,117,1500,0.10434993227997486
1387,116,1503,0.10435071884595136
1376,115,1491,0.10434347831843613
1369,115,1484,0.10436061547808365
1377,117,1494,0.10439228773990583
1369,114,1483,0.10440336030756264
1364,114,1478,0.1044332948436743
1373,115,1488,0.1044731930536236
1355,116,1471,0.10449092146888833
1351,114,1465,0.10454769878067736
1365,115,1480,0.1046090531422664
1373,108,1481,0.10463359377922807
1373,111,1484,0.10463631494239184
1385,111,1496,0.10463774358247166
1387,112,1499,0.10460951029374366
1378,112,1490,0.10457765289762454
1382,111,1493,0.10457110726176345
1387,112,1499,0.10455662002776087
1386,115,1501,0.10452975479833398
1378,115,1493,0.10450962390827319
1372,115,1487,0.10451206097428827
1368,115,1483,0.10452547581818546
1363,113,1476,0.10454867365966948
1356,117,1473,0.10458214670516267
1364,119,1483,0.10462954452593584
1371,122,1493,0.10465029119106667
1373,127,1500,0.10465525682910337
1377,125,1502,0.10465252346037067
1375,124,1499,0.10464165675066349
1381,123,1504,0.10463735064259862
1381,126,1507,0.10461971187692193
1381,121,1502,0.10460510412908114
1365,122,1487,0.10459177764444132
1373,122,1495,0.10461783577847467
1379,119,1498,0.10462466922793504
1378,121,1499,0.10461914270670038
1367,122,1489,0.10461666741107052
1371,122,1493,0.1046378955329204
1369,124,1493,0.10464855098500835
1376,122,1498,0.10466097212553521
1380,126,1506,0.10465684953352994
1370,122,1492,0.10464436384612348
1357,123,1480,0.1046558215464065
1368,125,1493,0.10469705234821515
1356,129,1485,0.1047109743322865
1340,130,1470,0.10475224362063279
1328,131,1459,0.10482853933043508
1333,136,1469,0.10492707462091994
1349,134,1483,0.10500565444005598
1360,135,1495,0.10504118248412148
1350,138,1488,0.10504859117829052
1352,142,1494,0.10507691671611884
1352,138,1490,0.10509926099159884
1348,137,1485,0.10512199426979507
1361,138,1499,0.1051526934740949
1359,144,1503,0.10515186393421713
1364,142,1506,0.10515622921953892
1368,144,1512,0.10514762019380033
1362,143,1505,0.10513134423205699
1361,146,1507,0.10512809722989382
1371,144,1515,0.1051287511992273
1379,144,1523,0.10510856942718888
1366,140,1506,0.10507171577535863
1368,138,1506,0.10506377999641232
1359,140,1499,0.1050536179302204
1358,139,1497,0.10506327458995772
1346,135,1481,0.10507713755572834
1346,143,1489,0.10511747413602769
1341,143,1484,0.10515573507931414
1346,142,1488,0.10520524166291308
1325,147,1472,0.1052377184167327
1333,147,1480,0.1053137287309452
1335,149,1484,0.1053689646404957
1336,150,1486,0.10541549075525278
1332,149,1481,0.10545520016923632
1350,147,1497,0.10550009143352622
1341,149,1490,0.10549966885338109
1345,147,1492,0.10551768111249789
1348,145,1493,0.10552474795000695
1350,143,1493,0.10552707185754916
1351,144,1495,0.10552535445143445
1345,141,1486,0.10552147706860113
1348,141,1489,0.1055304488319805
1348,144,1492,0.10553270101486006
1338,140,1478,0.10553572927092353
1351,141,1492,0.10556143515169669
1336,142,1478,0.10555495636287311
1332,143,1475,0.10558266513917676
1340,143,1483,0.10561590781002878
1334,144,1478,0.10563052326311378
1340,145,1485,0.1056555123645194
1347,145,1492,0.10566537606651778
1337,147,1484,0.10565994859932372
1334,146,1480,0.10567776992909728
1349,149,1498,0.10570079460613716
1351,149,1500,0.10568843289216366
1354,147,1501,0.105671611088374
1347,149,1496,0.10565023727925141
1346,148,1494,0.10564693825885613
1338,148,1486,0.10564375798197875
1338,149,1487,0.10566283554890227
1333,147,1480,0.10568325934529046
1342,151,1493,0.1057124263978847
1331,152,1483,0.10571814352645457
1319,153,1472,0.10574803903112379
1328,150,1478,0.10580161462511459
1322,158,1480,0.10583243532466285
1339,161,1500,0.10587530795009262
1325,155,1480,0.10587735429162207
1326,156,1482,0.10591173092956083
1336,160,1496,0.10594235990854621
1345,165,1510,0.10594597566048353
1355,163,1518,0.1059298619772415
1346,161,1507,0.10589280557587416
1340,163,1503,0.1058766991844361
1339,166,1505,0.10587368621134237
1342,166,1508,0.10587463744281106
1342,168,1510,0.10586913074513495
1329,167,1496,0.1058668238621356
1332,165,1497,0.10589690307454802
1320,166,1486,0.1059194622003065
1319,167,1486,0.1059640217361541
1314,170,1484,0.10600908465290733
1324,176,1500,0.10606384049257823
1328,177,1505,0.10609200696813875
1311,172,1483,0.10610861586274913
1320,170,1490,0.10616330617633672
1334,168,1502,0.10619067370856651
1338,171,1509,0.10618603828263047
1325,168,1493,0.1061681949131912
1322,174,1496,0.10618122719838606
1332,171,1503,0.10620097581991476
1329,166,1495,0.10619953451317254
1327,169,1496,0.10620376448000197
1327,178,1505,0.10621159489178768
1312,174,1486,0.10622109020475971
1302,176,1478,0.10626281445062766
1305,176,1481,0.10632656540824943
1322,179,1501,0.1063768540955692
1323,180,1503,0.10638513166954638
1326,176,1502,0.10639025486713027
1325,174,1499,0.10638847859408652
1325,175,1500,0.10639007401793908
1313,174,1487,0.10639040934523603
1317,173,1490,0.10641932697245277
1323,176,1499,0.10643667624319399
1321,173,1494,0.10644053350801563
1322,168,1490,0.10644910965165084
1330,172,1502,0.10645258799754224
1332,173,1505,0.10643727492375411
1331,169,1500,0.10641625110934157
1330,168,1498,0.10640039668280966
1325,171,1496,0.10638936745477441
1334,168,1502,0.10639102812316999
1331,171,1502,0.10637243324288537
1323,174,1497,0.10636275085652144
1328,169,1497,0.10636877478636769
1328,170,1498,0.1063622792998162
1321,166,1487,0.10635606931997557
1322,168,1490,0.10636803856206443
1310,169,1479,0.10637497414259521
1320,167,1487,0.10640918804422661
1325,167,1492,0.10641887721291272
1326,167,1493,0.10641701436422098
1323,165,1488,0.10640916025701767
1309,170,1479,0.10641139062172007
1303,169,1472,0.10644481329783073
1308,173,1481,0.10648732881199516
1307,170,1477,0.10651516843891884
1314,175,1489,0.10654502566954996
1317,178,1495,0.10655619461945964
1314,178,1492,0.10656141704020172
1324,181,1505,0.1065734693807741
1307,181,1488,0.1065621288080146
1309,180,1489,0.10659043012365053
1303,181,1484,0.10661018055332867
1309,180,1489,0.10664304961756933
1300,185,1485,0.1066587266387511
1293,181,1474,0.10669602300262479
1285,182,1467,0.10674667955569057
1294,185,1479,0.10681122708102608
1292,185,1477,0.10685166189806522
1297,185,1482,0.10689185918799803
1301,191,1492,0.10692078259667609
1319,193,1512,0.10693645816663942
1312,189,1501,0.1069116141825673
1313,190,1503,0.10690546913340952
1303,189,1492,0.10689949541369835
1305,192,1497,0.10691876428515602
1302,196,1498,0.10693314517636272
1305,192,1497,0.10695449731328502
1306,192,1498,0.10696573455106487
1302,188,1490,0.10697382892766609
1306,190,1496,0.10699277375242996
1326,189,1515,0.10699814904887639
1324,186,1510,0.10695669538618555
1328,183,1511,0.10692344214333986
1316,183,1499,0.10688383269199495
1315,191,1506,0.10687519231061866
1306,190,1496,0.10686976188020786
1304,190,1494,0.1068868965054669
1292,196,1488,0.10690579597737691
1306,200,1506,0.10695165117962153
1308,200,1508,0.1069613841997854
1308,204,1512,0.10696758896396777
1322,203,1525,0.10697363989972679
1313,205,1518,0.10694724415589026
1296,205,1501,0.1069425865051485
1301,200,1501,0.10697574207943923
1299,202,1501,0.10699715020277116
1287,204,1491,0.10701970801244404
1285,205,1490,0.10706786545884456
1280,206,1486,0.1071169688907262
1287,203,1490,0.10717246416324487
1287,203,1490,0.10720887024233682
1299,208,1507,0.10724317316124338
1296,208,1504,0.10724819231499925
1297,203,1500,0.10725991535006839
1307,209,1516,0.10726977573006931
1309,207,1516,0.10725693773413628
1305,210,1515,0.10724110570533321
1287,211,1498,0.10723444030128579
1283,210,1493,0.10726978539228561
1278,210,1488,0.10731265011909627
1279,208,1487,0.10736615761403759
1266,208,1474,0.10741284142362993
1250,214,1464,0.10748613030886853
1271,214,1485,0.10759189981643427
1280,213,1493,0.10764334495139793
1280,216,1496,0.10766963896460101
1278,210,1488,0.1076969265632653
1282,214,1496,0.10772544400047888
1280,220,1500,0.10774105488198225
1274,218,1492,0.10775837208908094
1284,217,1501,0.1077875514723437
1289,215,1504,0.10779465658193821
1286,219,1505,0.10778976028246966
1281,220,1501,0.10779120698887933
1266,217,1483,0.10780512302623274
1274,218,1492,0.10785475459944356
1275,222,1497,0.10788159575941245
1276,227,1503,0.10790504522954056
1286,228,1514,0.10792363117929984
1280,228,1508,0.10792132059321188
1272,227,1499,0.10793392836145245
1278,231,1509,0.1079647724930016
1278,229,1507,0.1079802120270843
1267,230,1497,0.10799609993343774
1266,236,1502,0.10803628432069497
1272,237,1509,0.108075892063274
1268,239,1507,0.10809926664293293
1261,239,1500,0.10812878893020139
1269,241,1510,0.10817061753269101
1260,240,1500,0.10819245037606358
1263,239,1502,0.10823172150591759
1256,241,1497,0.10826050549802456
1252,244,1496,0.10830300024470631
1254,250,1504,0.10835338609301165
1250,246,1496,0.10839838891459085
1235,248,1483,0.10844874032014111
1243,246,1489,0.10852862658740885
1241,243,1484,0.10858411689026362
1250,247,1497,0.10863971318545981
1252,244,1496,0.10866788905285472
1257,244,1501,0.10869038026006334
1254,239,1493,0.1087002778001886
1247,238,1485,0.10871507445812308
1258,231,1489,0.10874389920836475
1242,231,1473,0.10874518668559656
1255,230,1485,0.10878316848645446
1250,232,1482,0.10878868076933922
1261,232,1493,0.10880328577749264
1269,225,1494,0.10878973602047434
1261,229,1490,0.10875704258663149
1260,230,1490,0.10874261547988981
1261,235,1496,0.10873267448004213
1256,240,1496,0.10872275313168518
1259,235,1494,0.1087277132213133
1270,240,1510,0.10872550326783381
1274,244,1518,0.10869782246474476
1283,240,1523,0.1086649435815319
1268,238,1506,0.10861212451645991
1262,236,1498,0.10859968000871528
1268,235,1503,0.10860176605544708
1268,236,1504,0.10858907174273912
1264,236,1500,0.10857830121603737
1262,240,1502,0.10857889636513164
1247,243,1490,0.10858582245760026
1249,240,1489,0.10862286824169434
1238,243,1481,0.10865583097007091
1254,241,1495,0.10871200364560202
1258,241,1499,0.1087279228533779
1251,238,1489,0.10873180079647572
1244,238,1482,0.10875039240798703
1249,237,1486,0.10878425821852059
1258,243,1501,0.10880625073741917
1247,237,1484,0.10880511928998451
1251,239,1490,0.10882668689798254
1257,238,1495,0.10883857609483609
1264,240,1504,0.10883346520720659
1269,234,1503,0.10881465111840521
1269,235,1504,0.10878555198262055
1259,233,1492,0.1087577316239965
1266,238,1504,0.10875777902291286
1277,245,1522,0.10874285949967173
1270,240,1510,0.10870170609434933
1271,246,1517,0.10867670806459148
1261,248,1509,0.10865292855367749
1259,250,1509,0.10865567139543028
1251,254,1505,0.10866209534837726
1248,249,1497,0.1086883984675347
1257,252,1509,0.10872002253291656
1252,255,1507,0.10873177391960084
1234,250,1484,0.10875227263450736
1254,248,1502,0.10881113917833642
1254,256,1510,0.10881996271040721
1242,257,1499,0.1088286813367203
1240,258,1498,0.1088658215695348
1246,258,1504,0.10890727503376305
1254,257,1511,0.10893112455296344
1248,257,1505,0.10893284230245545
1254,254,1508,0.10894820981609861
1255,248,1503,0.10894823308515797
1253,255,1508,0.10894623248848685
1257,260,1517,0.10894747780447954
1247,256,1503,0.1089426969910372
1240,260,1500,0.10896092081791217
1239,257,1496,0.10899337199209685
1249,257,1506,0.10902562953760637
1253,255,1508,0.10903055490513819
1246,261,1507,0.10902935599069927
1246,263,1509,0.10904447707292789
1244,264,1508,0.10905814417593863
1225,263,1488,0.10907683193522785
1225,263,1488,0.10913753744653804
1230,264,1494,0.10919328744305058
1232,266,1498,0.10923192004122942
1242,264,1506,0.10926154816561119
1244,265,1509,0.1092689274162267
1239,264,1503,0.10927104823158175
1223,268,1491,0.10928560303421171
1223,275,1498,0.10933470762968046
1232,282,1514,0.10938305297660486
1230,281,1511,0.10940701617876616
1232,282,1514,0.10943675021884683
1224,277,1501,0.10946041138378117
1222,283,1505,0.10950304246462363
1219,286,1505,0.10954862673796416
1225,289,1514,0.10959818601789131
1228,286,1514,0.10963194575181483
1225,283,1508,0.1096557572105936
1219,291,1510,0.10968452670381261
1206,295,1501,0.10972619287205194
1214,296,1510,0.10979194628070904
1206,299,1505,0.10983702914256467
1205,298,1503,0.10989763543771733
1194,296,1490,0.10995732142122056
1205,291,1496,0.11003642455980586
1209,299,1508,0.11008527974269736
1208,298,1506,0.11012325703637908
1209,294,1503,0.11016032506124118
1200,297,1497,0.11019298622521728
1186,302,1488,0.11024434195747525
1188,302,1490,0.11032522333552905
1190,299,1489,0.11039575178827547
1173,302,1475,0.1104525683983126
1185,302,1487,0.1105432815545457
1196,303,1499,0.11060188320105269
1200,314,1514,0.11062963041946493
1197,313,1510,0.11064626478161792
1189,307,1496,0.11067130016479622
1205,306,1511,0.11071345484581328
1197,313,1510,0.11071388766718634
1190,312,1502,0.1107341994079604
1193,310,1503,0.11076931744139436
1181,312,1493,0.11079508538354327
1189,311,1500,0.11084457344000015
1185,313,1498,0.11087306088417696
1184,309,1493,0.1109100885656258
1186,311,1497,0.11094926761255057
1178,313,1491,0.11098078129422148
1171,311,1482,0.11102657988049866
1175,310,1485,0.11108232939937
1190,312,1502,0.11112889094590546
1194,315,1509,0.11113387020615127
1199,320,1519,0.11112915526602304
1185,315,1500,0.11111238196868749
1188,313,1501,0.11112827678892773
1186,307,1493,0.11113837415458608
1185,308,1493,0.11115462605275514
1181,312,1493,0.1111719829940839
1183,308,1491,0.11119722134722278
1180,308,1488,0.11121653425311387
1193,310,1503,0.11124202536429248
1199,312,1511,0.11123217213040394
1193,310,1503,0.11120796416574848
1192,311,1503,0.11119764296509871
1204,313,1517,0.11119119636364559
1213,315,1528,0.11115750182542343
1203,318,1521,0.11111117368787159
1194,317,1511,0.11109202132979139
1183,311,1494,0.11109540767988005
1183,315,1498,0.11112484110924939
1188,314,1502,0.11115284474312322
1179,313,1492,0.11116464998448478
1169,313,1482,0.11119472026590238
1177,313,1490,0.11124325775468673
1177,316,1493,0.11127166932675461
1173,316,1489,0.11129930037357838
1178,318,1496,0.11133456403301917
1173,318,1491,0.11135608202208722
1174,325,1499,0.11138705496498666
1179,323,1502,0.11141472089638448
1181,320,1501,0.11143048871216271
1167,328,1495,0.1114406431665942
1156,322,1478,0.1114820185277927
1163,323,1486,0.11154413722352291
1166,318,1484,0.1115849890341631
1169,322,1491,0.11161570925795196
1172,327,1499,0.11163656127393082
1168,327,1495,0.11164742651468991
1174,329,1503,0.11166542913621536
1177,330,1507,0.11167080848879543
1172,322,1494,0.11166704733825356
1178,315,1493,0.11167568753549925
1164,333,1497,0.11167198287361807
1164,331,1495,0.11170066552125406
1168,328,1496,0.1117281006035268
1154,324,1478,0.11174660413876739
1159,330,1489,0.11179285455601846
1154,335,1489,0.11182526619995882
1153,344,1497,0.11187068987850092
1160,345,1505,0.11191620329583758
1147,345,1492,0.11193915054054866
1147,344,1491,0.11198992366861865
1137,342,1479,0.11203686062315414
1147,341,1488,0.1121035447668427
1149,339,1488,0.11214530136336535
1149,340,1489,0.11218108441275305
1151,347,1498,0.11221396998856337
1148,355,1503,0.11224043102643819
1146,349,1495,0.11227051752835557
1152,350,1502,0.11230394269398608
1166,350,1516,0.11232094545405555
1171,350,1521,0.11230483066493449
1166,355,1521,0.112279238689955
1159,357,1516,0.11226660617048434
1158,354,1512,0.11227294902793339
1154,361,1515,0.11228297278302414
1157,359,1516,0.11229986216272278
1165,360,1525,0.11230863020105841
1152,363,1515,0.11230222928982057
1149,364,1513,0.11232638760077433
1141,367,1508,0.11235186730330496
1140,367,1507,0.11239416863717583
1126,362,1488,0.11243678408150101
1121,370,1491,0.11250910078617142
1108,369,1477,0.11258555596406675
1114,368,1482,0.11268911502185222
1121,371,1492,0.11277039394100377
1122,369,1491,0.1128280486775704
1122,368,1490,0.1128800243167478
1121,377,1498,0.11292639380115473
1135,372,1507,0.11297302539214325
1133,368,1501,0.11298255958827838
1136,363,1499,0.11299953295653609
1129,368,1497,0.11301021276765624
1114,362,1476,0.11303393892224176
1110,364,1474,0.11309186597563536
1113,365,1478,0.11315171542702356
1111,360,1471,0.1131986899679322
1119,364,1483,0.11324774811275098
1116,368,1484,0.11327599500448256
1113,366,1479,0.11330753607851374
1108,359,1467,0.1133440002727275
1113,363,1476,0.11338674486101276
1120,358,1478,0.11341432397839286
1116,358,1474,0.11342189384931897
1127,360,1487,0.11343353984246698
1129,360,1489,0.11342105391438573
1127,362,1489,0.11340609147819614
1137,361,1498,0.11339715431949174
1146,359,1505,0.1133608244795964
1151,350,1501,0.11330698850732823
1153,352,1505,0.11324818505959548
1156,354,1510,0.11319036861457558
1151,361,1512,0.11313300965950056
1144,362,1506,0.11309081771233288
1145,357,1502,0.11306957011571667
1135,368,1503,0.11304816753901172
1147,366,1513,0.11304867864411036
1137,362,1499,0.11302363936874169
1144,366,1510,0.1130226574462465
1143,368,1511,0.11300902300513908
1150,367,1517,0.11299862450923577
1137,362,1499,0.11297560397911052
1134,359,1493,0.11298558885068814
1138,356,1494,0.11299834576430431
1125,355,1480,0.1129941934405646
1117,353,1470,0.11302064244172627
1119,352,1471,0.1130652854896622
1110,354,1464,0.11310106548793385
1126,360,1486,0.11315465780657248
1133,363,1496,0.11316878745729482
1130,360,1490,0.11316564825556853
1127,363,1490,0.11316956773572052
1137,362,1499,0.11317801575450565
1143,365,1508,0.11316246760851847
1161,359,1520,0.11313534080756478
1163,365,1528,0.11307109593784485
1145,365,1510,0.11300876407140797
1145,367,1512,0.11299349434945906
1144,368,1512,0.11297818758155195
1135,368,1503,0.11296753477508618
1134,367,1501,0.11297989754265872
1121,368,1489,0.11299230378721567
1120,371,1491,0.11303317541061371
1125,367,1492,0.11307210991590459
1130,365,1495,0.11309400897403364
1133,368,1501,0.11310575866160494
1126,365,1491,0.11311201058588705
1138,364,1502,0.1131326357111647
1138,368,1506,0.11312278232969801
1142,368,1510,0.11311120387292423
1135,368,1503,0.11309242986259281
1124,368,1492,0.11309394464419878
1125,368,1493,0.11312253535907893
1126,374,1500,0.11314666522539532
1130,379,1509,0.11316559903160549
1116,375,1491,0.11317406692921433
1117,374,1491,0.1132135915313653
1122,366,1488,0.11324705853658636
1135,371,1506,0.11326543094998005
1129,370,1499,0.11325532773439621
1132,378,1510,0.11326128418683226
1125,376,1501,0.11325837406176596
1113,377,1490,0.11327317135929281
1121,380,1501,0.11331630592176864
1112,379,1491,0.11334006486910063
1113,390,1503,0.11338023107422311
1124,386,1510,0.11341619866995564
1125,385,1510,0.11342677913914338
1122,383,1505,0.11343601847671721
1120,384,1504,0.11345035752956481
1121,385,1506,0.11346779575755901
1129,385,1514,0.11348199088173537
1123,388,1511,0.11347392290627091
1123,391,1514,0.11348086546255329
1101,402,1503,0.11348937090695779
1106,405,1511,0.1135473856554701
1111,405,1516,0.11359022760376156
1107,404,1511,0.11362024531658499
1098,399,1497,0.11365937647787067
1094,395,1489,0.11371616516427334
1096,394,1490,0.11377955408310104
1094,397,1491,0.11383402299054964
1086,402,1488,0.11389036673556602
1082,408,1490,0.11396038566409901
1094,407,1501,0.11403306584601261
1096,408,1504,0.11407164115099831
1106,407,1513,0.11410348012902392
1096,402,1498,0.11411167998368707
1092,404,1496,0.11413739562897249
1091,406,1497,0.11417267824519253
1094,410,1504,0.11420977676938614
1083,409,1492,0.11423397052172417
1084,410,1494,0.1142804044433822
1089,404,1493,0.11431874756592217
1091,406,1497,0.11434518493919747
1093,405,1498,0.11436670427225046
1099,411,1510,0.11438014564920201
1104,404,1508,0.11437921134597334
1115,406,1521,0.11436553813663337
1110,409,1519,0.11432807230244521
1101,407,1508,0.11430656421315959
1090,407,1497,0.11430814739148407
1095,414,1509,0.11433502658315349
1085,414,1499,0.11434722909198575
1089,409,1498,0.11438505253620614
1089,403,1492,0.11441171401335716
1093,405,1498,0.11443440580559194
1090,406,1496,0.11444590232899352
1094,415,1509,0.11446179852394316
1097,413,1510,0.1144660865786685
1087,418,1505,0.11446216448309791
1078,419,1497,0.11448233636887573
1081,421,1502,0.11452418445635701
1086,421,1507,0.11455536815408696
1075,420,1495,0.11457284373749847
1074,415,1489,0.11461392360553897
1065,419,1484,0.11465546425200941
1065,424,1489,0.11471474547654623
1063,427,1490,0.11477218209930065
1045,435,1480,0.11482996484996492
1053,435,1488,0.11492521809136795
1048,437,1485,0.11499725898293157
1044,432,1476,0.11507675021804822
1052,433,1485,0.11515390001732205
1054,432,1486,0.11520691656961166
1056,431,1487,0.11525379551459312
1056,435,1491,0.11529175163426064
1051,435,1486,0.11532757875542898
1048,436,1484,0.11537227210000735
1049,436,1485,0.11542179153168375
1042,437,1479,0.11546302347684056
1045,441,1486,0.11551990270134815
1040,441,1481,0.11556692616767927
1043,446,1489,0.11562310747218837
1038,451,1489,0.11567008655550154
1038,452,1490,0.11572694334755602
1052,457,1509,0.11577910787205539
1041,456,1497,0.1157931975996065
1037,456,1493,0.11582984754491299
1030,453,1483,0.11587008527239803
1021,457,1478,0.11592604254979312
1029,461,1490,0.11599899934106091
1032,460,1492,0.11604965870309675
1027,464,1491,0.11609043713952943
1024,464,1488,0.11613886340469298
1029,459,1488,0.11619270964942208
1036,468,1504,0.11622973881512495
1036,466,1502,0.11624650217865945
1039,464,1503,0.11626301918136579
1046,465,1511,0.1162688218835958
1037,460,1497,0.11625811096244458
1030,458,1488,0.11627174672187442
1038,457,1495,0.11629895521504363
1046,462,1508,0.11630677004321784
1046,464,1510,0.11629754157643188
1045,473,1518,0.11628829045938488
1036,472,1508,0.11628423936399841
1032,482,1514,0.11630236412014855
1023,474,1497,0.11632974350694948
1035,466,1501,0.11637568868434277
1037,469,1506,0.11639029462103863
1013,466,1479,0.11640070654868795
1005,461,1466,0.11646614166223981
1023,463,1486,0.1165448711952942
1006,461,1467,0.11657252751973282
1020,463,1483,0.11663951598160793
1022,464,1486,0.1166637982398855
1019,474,1493,0.11668196722396228
1014,474,1488,0.11670855199875949
1014,478,1492,0.11674568176670569
1024,480,1504,0.11678194323973486
1015,483,1498,0.1167911468634018
1022,485,1507,0.11682217809813285
1032,483,1515,0.11683605398237507
1026,492,1518,0.11682509467617813
1021,490,1511,0.11682513189604556
1018,484,1502,0.11684275947016114
1018,486,1504,0.11686759431956503
1016,487,1503,0.11689035908525114
1004,479,1483,0.11691463813540652
999,494,1493,0.11696544440935863
991,492,1483,0.11702570359605804
992,501,1493,0.11710119566816851
997,503,1500,0.11716580871324965
988,503,1491,0.11721543949518677
992,506,1498,0.11728274212140459
983,504,1487,0.11733866539664707
992,508,1500,0.11741027620013707
992,509,1501,0.11745694782508981
997,506,1503,0.11749931726243931
1002,513,1515,0.11753069814160122
1005,503,1508,0.11755109888432105
1006,504,1510,0.11756242781557802
997,506,1503,0.11756779303045596
988,506,1494,0.11759283890229703
981,504,1485,0.11763945744986566
988,505,1493,0.11770066146489196
974,510,1484,0.11774197403748599
983,500,1483,0.11781090052197804
993,513,1506,0.11785202009911767
996,522,1518,0.11786528072099457
983,522,1505,0.11787355787280884
994,519,1513,0.11791370185277962
995,521,1516,0.11792808471275965
988,522,1510,0.11794072417416598
989,522,1511,0.11796287409815916
986,522,1508,0.11798255069730913
981,522,1503,0.11800663040377651
978,518,1496,0.11804099708816106
972,524,1496,0.11808099159705476
971,528,1499,0.11813335981963893
978,519,1497,0.11818429157498694
974,523,1497,0.11821727325566661
963,524,1487,0.11825488836852834
982,520,1502,0.11831566002974014
980,523,1503,0.11832880574702774
977,520,1497,0.11834597319916301
983,525,1508,0.1183660102873699
971,527,1498,0.11836955987306358
964,530,1494,0.11840189114327117
961,528,1489,0.11844528763747682
966,527,1493,0.11849576906844889
959,528,1487,0.11853308023940787
974,528,1502,0.11858326963818015
977,533,1510,0.11859671633046723
974,531,1505,0.11859963623249602
967,528,1495,0.11861035100760162
974,537,1511,0.11863930306611188
962,535,1497,0.11864668236607877
956,533,1489,0.11868261698211878
938,533,1471,0.1187295866220871
940,552,1492,0.11881240551028163
949,555,1504,0.11888655750656948
943,550,1493,0.11893239989192729
939,552,1491,0.118990100060742
941,542,1483,0.11905348278163469
947,544,1491,0.11911034826861183
953,548,1501,0.11914762363739843
952,558,1510,0.11916624068526359
947,555,1502,0.1191864910835213
936,556,1492,0.11921600231884277
941,554,1495,0.11926891566186829
951,554,1505,0.11930628061338848
948,551,1499,0.11931744589438481
943,556,1499,0.11933610156613803
932,551,1483,0.11936798792375335
939,546,1485,0.11941854739161119
947,547,1494,0.11945043639376829
957,553,1510,0.11945696016260526
960,562,1522,0.11944112685236341
957,556,1513,0.11942110957622976
956,557,1513,0.1194095042513661
948,552,1500,0.11940582087814904
948,556,1504,0.11942166352622978
951,550,1501,0.11943774185438734
956,549,1505,0.11944701387540685
969,537,1506,0.1194446352691438
961,536,1497,0.1194120937427547
968,544,1512,0.11939917937271663
965,545,1510,0.11936827734925774
961,545,1506,0.11934428284198415
960,544,1504,0.11933183782757484
959,551,1510,0.11932674800103378
960,542,1502,0.11932587682884162
970,548,1518,0.11932166194782838
973,543,1516,0.11929397449521442
967,542,1509,0.11926156331039409
963,544,1507,0.11924563761431246
971,543,1514,0.11924059418929416
966,552,1518,0.11921809801169517
966,550,1516,0.11920905781708617
955,543,1498,0.11920184787074882
959,545,1504,0.11922129939550853
964,540,1504,0.11923107048283405
960,538,1498,0.11922559760450788
952,540,1492,0.11923323696906898
959,540,1499,0.11925955431209577
957,533,1490,0.11926709764333207
965,537,1502,0.11927767026208246
971,542,1513,0.1192673715877514
972,540,1512,0.11923981325354753
953,539,1492,0.11921479572350481
960,541,1501,0.11923378209137839
956,539,1495,0.11923648530967021
961,536,1497,0.11925232536152723
963,546,1509,0.11925093605155226
958,544,1502,0.11924775620179315
956,552,1508,0.11925781767521033
949,555,1504,0.11927378684081887
952,550,1502,0.11930515320224881
955,542,1497,0.11932268848355665
960,548,1508,0.11933236936174396
966,549,1515,0.1193313394197058
955,557,1512,0.11931730715660542
962,551,1513,0.11932942303049096
970,547,1517,0.11932373915880973
971,550,1521,0.11930140484577129
963,547,1510,0.11927586427239734
958,552,1510,0.11927082835260125
959,557,1516,0.11927934207143873
959,559,1518,0.11928696033965919
949,558,1507,0.11929404100752156
941,559,1500,0.11932564873920422
938,564,1502,0.11937390217709101
931,568,1499,0.11942214367679214
927,566,1493,0.11948317773329417
928,552,1480,0.1195521692851153
924,555,1479,0.11961330877528394
921,565,1486,0.11968144160054921
929,565,1494,0.11974826013371737
941,568,1509,0.11979269528167784
938,575,1513,0.11980616082882868
933,578,1511,0.11982644409520919
929,570,1499,0.11985460277816713
928,573,1501,0.11989343772700611
921,573,1494,0.1199326388704009
911,586,1497,0.11998440380231135
907,576,1483,0.12005408534788031
917,567,1484,0.12012599910129801
913,568,1481,0.1201721249783052
914,576,1490,0.12022175201585426
908,573,1481,0.12026852471940043
908,577,1485,0.12032334230469642
916,591,1507,0.12037377468129154
913,597,1510,0.12040437096057975
919,599,1518,0.12043978954359874
911,605,1516,0.12046132358729977
909,602,1511,0.12050159897167648
898,600,1498,0.12054368641168707
895,594,1489,0.12060691331793702
888,592,1480,0.12067122368333763
892,593,1485,0.12074738644849052
897,596,1493,0.12081080149565034
910,591,1501,0.12085820946372357
897,590,1487,0.1208683101061633
893,594,1487,0.12090460122869391
895,593,1488,0.120947978716776
884,593,1477,0.12098693494102258
882,602,1484,0.12104957794484332
887,609,1496,0.12111392555284013
892,597,1489,0.12116237271585482
894,599,1493,0.12119656702701627
884,608,1492,0.12122382443622307
887,609,1496,0.12127296201785345
881,614,1495,0.12131525517977337
890,617,1507,0.12136891595057378
895,613,1508,0.12139804436752169
887,613,1500,0.12141281592113713
888,604,1492,0.12144313314406074
881,606,1487,0.12146718747566972
886,612,1498,0.12150748687155813
889,610,1499,0.1215345509867058
899,620,1519,0.12155397095780612
901,609,1510,0.1215484466740115
900,614,1514,0.12153999092133624
892,612,1504,0.12153283726159313
896,607,1503,0.12154291061699826
896,611,1507,0.12154546906288982
897,613,1510,0.12154459733406497
892,614,1506,0.1215382366470956
891,618,1509,0.12154462490163553
898,614,1512,0.12155359903092258
907,606,1513,0.12154693578818357
906,616,1522,0.12152289206500574
897,617,1514,0.12150305221663256
897,623,1520,0.1215064748633542
891,619,1510,0.12150777506327713
883,620,1503,0.12152029849356935
886,617,1503,0.12155016971151639
883,619,1502,0.12156755710736235
885,607,1492,0.12159073752247547
888,610,1498,0.12160926928602317
900,615,1515,0.12161869740482441
899,609,1508,0.12159978393544994
896,618,1514,0.1215880314877947
887,623,1510,0.12158541721582117
889,626,1515,0.12160703148382802
881,632,1513,0.12162504491184922
875,629,1504,0.12166174685931631
869,629,1498,0.12170573973727343
860,622,1482,0.12175867778020119
861,627,1488,0.12182870439201811
870,635,1505,0.121894802661907
866,635,1501,0.12193472153521374
872,639,1511,0.12198285900298915
869,641,1510,0.12201183635657883
877,637,1514,0.12204713666427151
879,637,1516,0.12205982068646186
868,638,1506,0.12206586478628897
865,645,1510,0.1220983679256485
870,641,1511,0.12213688701031102
867,645,1512,0.12216304358057188
865,650,1515,0.12219705624391733
857,650,1507,0.1222326977184489
841,649,1490,0.12228504843768224
832,657,1489,0.12237216468101575
841,661,1502,0.12247303867935483
843,660,1503,0.122546966615863
841,666,1507,0.12261288326113806
845,665,1510,0.12267686355574355
835,661,1496,0.12272909377611693
833,665,1498,0.12280056395787005
844,668,1512,0.12286962288178895
844,671,1515,0.12290968476806247
825,668,1493,0.12294818671436594
827,667,1494,0.12302693025143593
835,663,1498,0.12309496489082081
832,676,1508,0.12313991999234977
828,678,1506,0.12318962542938222
827,683,1510,0.1232462394311989
831,685,1516,0.12330138966300538
825,678,1503,0.12334253870250307
822,683,1505,0.1233932335962757
824,682,1506,0.1234470182143852
816,684,1500,0.12348941899502318
814,688,1502,0.12354908927865636
817,691,1508,0.12361165597230586
813,690,1503,0.12366587483891206
813,673,1486,0.12372491882076822
813,689,1502,0.12378020844632917
802,691,1493,0.123831789379494
805,684,1489,0.1239051494631892
793,682,1475,0.12396723385161838
799,691,1490,0.12405094077289196
795,693,1488,0.12411372776164839
796,700,1496,0.12418022215640542
801,702,1503,0.12424013165917573
808,701,1509,0.1242831681475535
809,701,1510,0.12430696984488623
809,705,1514,0.12432817089104908
806,700,1506,0.12435073360894709
799,702,1501,0.12438001470710555
802,703,1505,0.12442370193112798
810,707,1517,0.12445488388769038
806,707,1513,0.12446819586482843
808,707,1515,0.12449268492627592
802,712,1514,0.12451031343752288
799,712,1511,0.12454108606890602
806,714,1520,0.12457558844436864
803,703,1506,0.1245911072895739
815,691,1506,0.12461216499168114
814,699,1513,0.12460319117348584
800,707,1507,0.12459646237894241
809,705,1514,0.12462090661625985
801,705,1506,0.12462482119984788
795,705,1500,0.12464773456621461
791,703,1494,0.12468367576680262
782,702,1484,0.12472749940810654
782,714,1496,0.12478840708801037
783,709,1492,0.12484378821056366
779,723,1502,0.12489563868361656
774,719,1493,0.12495357663899434
763,726,1489,0.1250182708352732
772,720,1492,0.12510473780530923
787,713,1500,0.1251634199583516
770,721,1491,0.12517927195808018
760,719,1479,0.12523236968072066
766,723,1489,0.12530700204395998
777,720,1497,0.12535999696211664
784,722,1506,0.12538055636454748
790,725,1515,0.12538479404624717
792,719,1511,0.12537078060161558
794,713,1507,0.1253511969222911
792,702,1494,0.12533023465464613
795,707,1502,0.1253144431685197
785,711,1496,0.1252933324397101
790,704,1494,0.1252979855350103
784,712,1496,0.12529306122276387
783,715,1498,0.12530463496125263
782,719,1501,0.1253194923703626
781,726,1507,0.12533175056593332
780,728,1508,0.12534814372518432
775,734,1509,0.12536823480336043
774,743,1517,0.12539862960436862
775,734,1509,0.1254298461408783
774,738,1512,0.12545815738032873
773,731,1504,0.12548795229169896
785,736,1521,0.12551738805527735
770,734,1504,0.12551967340991768
765,735,1500,0.1255557387073063
769,740,1509,0.12560100385163264
764,747,1511,0.1256329720510438
749,748,1497,0.12567668605783353
750,743,1493,0.1257519827440154
745,750,1495,0.1258197563463644
739,765,1504,0.12589737244283492
727,766,1493,0.12598420675352442
722,776,1498,0.1260912796520161
722,776,1498,0.12620375916954643
726,786,1512,0.1263109109734496
725,785,1510,0.12639905193816384
727,775,1502,0.1264844346582582
733,766,1499,0.12655752336985032
733,773,1506,0.12661323607198877
729,781,1510,0.12666510689551477
730,781,1511,0.12672210338247425
734,774,1508,0.12677420155520389
726,771,1497,0.12681350111842724
724,780,1504,0.1268692464451773
716,789,1505,0.12692820953533665
718,796,1514,0.12700021172777037
710,797,1507,0.1270653796470374
715,792,1507,0.12714317248660187
730,790,1520,0.1272027770251456
721,788,1509,0.12722372675486845
719,802,1521,0.1272632311069609
713,798,1511,0.12730628424418594
710,800,1510,0.1273600009165944
701,804,1505,0.12741935655187414
701,799,1500,0.1274959807218426
701,796,1497,0.12756996626344383
702,794,1496,0.1276388987400919
705,801,1506,0.12769974342022777
704,801,1505,0.12774867112327923
689,800,1489,0.1277945390701731
693,801,1494,0.12787410227902432
695,795,1490,0.12793660579723284
695,801,1496,0.12798837403736163
691,818,1509,0.1280359782131151
685,810,1495,0.12809008677634104
681,815,1496,0.12815379880749275
685,813,1498,0.12822270763830537
684,810,1494,0.12827638134176464
694,822,1516,0.12832997532830828
686,828,1514,0.12835797542646776
683,826,1509,0.12839865004869686
676,829,1505,0.12844644280009337
671,825,1496,0.12850741424351625
669,834,1503,0.12857512486693307
671,836,1507,0.1286443966276359
670,837,1507,0.12870510300456975
675,825,1500,0.12876462043780634
669,836,1505,0.1288077323982875
665,845,1510,0.12886547444629173
657,854,1511,0.12892968363010135
659,852,1511,0.12900899388421905
650,842,1492,0.12907652377818926
652,848,1500,0.1291609961349198
659,844,1503,0.129236378989111
662,857,1519,0.1292870355885848
664,858,1522,0.1293265282600812
662,852,1514,0.12935605194869726
655,842,1497,0.1293920673289175
659,830,1489,0.12944336802565212
663,839,1502,0.12948067514901956
656,839,1495,0.12950521069653756
654,841,1495,0.12954398105569995
648,843,1491,0.1295825595851329
645,841,1486,0.12963526012193247
646,839,1485,0.12969242505148912
648,845,1493,0.12974369042191114
650,847,1497,0.1297861747173976
646,843,1489,0.1298194412681976
660,841,1501,0.12985896540067962
658,851,1509,0.12986094193117725
659,856,1515,0.12987037094538847
659,852,1511,0.12987748909610747
653,844,1497,0.12988597080312056
653,833,1486,0.12991093877559642
655,836,1491,0.12993221742587935
658,852,1510,0.12994990876466864
663,852,1515,0.12995899351065532
662,850,1512,0.12995451128185587
671,841,1512,0.1299520772804435
666,847,1513,0.1299320167597889
668,841,1509,0.12992610546239117
667,837,1504,0.12991275068992483
660,837,1497,0.12990441743732847
660,847,1507,0.12991569832748281
658,843,1501,0.12992490386692385
654,852,1506,0.12993834464788226
653,852,1505,0.1299626113572705
652,848,1500,0.12998648900105544
655,854,1509,0.1300118301574741
649,851,1500,0.13002736975414872
645,861,1506,0.1300539177428675
637,848,1485,0.13008640877103217
636,844,1480,0.1301344625976889
641,857,1498,0.13018429258125366
649,859,1508,0.13021872614822735
650,868,1518,0.13022912571547207
652,859,1511,0.13023471445142268
648,867,1515,0.13023641483412796
652,863,1515,0.13024533638207983
654,862,1516,0.13024255110961352
656,856,1512,0.13023269425831593
664,857,1521,0.1302208420630231
661,852,1513,0.13019311454246008
658,852,1510,0.13017537183505393
651,855,1506,0.13016747052816452
653,852,1505,0.13017515629842907
657,854,1511,0.13017857291387844
659,851,1510,0.1301733016344746
654,859,1513,0.13016651011600433
649,852,1501,0.13017567794581067
650,846,1496,0.13019333231630079
650,855,1505,0.13020172216929557
655,859,1514,0.13021073739812736
653,867,1520,0.13020624152571972
653,862,1515,0.13020849698353198
651,871,1522,0.1302119272285517
643,864,1507,0.1302192660286623
641,866,1507,0.13024632189852334
641,863,1504,0.13027627238643474
642,864,1506,0.13030540371802124
641,863,1504,0.13033202262716137
641,858,1499,0.13035566999986042
635,869,1504,0.13037704888857735
641,868,1509,0.13041356503476806
625,866,1491,0.13043266170657827
625,866,1491,0.13048897878739169
620,865,1485,0.13054045487462657
630,859,1489,0.1306013681549594
629,871,1500,0.13063084564960734
636,873,1509,0.130659768282657
633,873,1506,0.1306712571754692
639,873,1512,0.13068939034069987
634,865,1499,0.13069194098803244
624,869,1493,0.13070444452247781
626,863,1489,0.1307395279511112
624,861,1485,0.13076624800279002
624,866,1490,0.13079582864040767
625,853,1478,0.13082076477386517
634,856,1490,0.13084189432830648
632,858,1490,0.13083758603248272
635,869,1504,0.13084172040982697
637,873,1510,0.13083688651865436
630,871,1501,0.13082943176519962
622,873,1495,0.13084226626757814
620,883,1503,0.13087306186916464
622,895,1517,0.13090794608040723
612,892,1504,0.13093579818565762
613,892,1505,0.1309862880582853
616,882,1498,0.1310315834536996
618,881,1499,0.13106583065655225
615,886,1501,0.13109468193742896
613,895,1508,0.13113089594581454
609,893,1502,0.13116838892822918
619,889,1508,0.13121347160383542
625,883,1508,0.13123284840800062
619,888,1507,0.1312370323275361
614,898,1512,0.13125648194976564
603,902,1505,0.13128670286278918
600,895,1495,0.13134151798666585
594,896,1490,0.13139941756699652
601,900,1501,0.13146450832666656
603,905,1508,0.1315096466128174
606,914,1520,0.13154654385058742
599,912,1511,0.13157421395901023
600,915,1515,0.1316158217952569
600,914,1514,0.131651072002032
589,917,1506,0.13168602811356728
585,910,1495,0.13174207888902992
582,918,1500,0.1318021888393554
592,916,1508,0.13186504541574678
587,910,1497,0.13190087965207106
588,908,1496,0.13194282691693757
589,913,1502,0.13198254604842863
585,921,1506,0.13201971189917572
594,923,1517,0.1320628970461483
592,916,1508,0.1320812659306036
589,912,1501,0.13210244361711637
579,921,1500,0.13213095308975878
582,930,1512,0.13217760689649005
578,927,1505,0.1322162115297658
578,934,1512,0.13226199702625607
576,943,1519,0.1323056343713349
573,927,1500,0.13235143312922784
580,922,1502,0.1323999644166594
575,927,1502,0.13242541909428054
570,922,1492,0.13246225572144973
570,927,1497,0.1325082905458507
565,945,1510,0.1325541471249776
573,942,1515,0.13261096738723754
567,952,1519,0.13264413096570657
567,947,1514,0.1326891431043033
559,950,1509,0.13273299606479388
558,952,1510,0.13279421469346986
562,958,1520,0.13285492632175938
555,956,1511,0.13290343954493533
552,951,1503,0.1329641942565997
558,948,1506,0.13302710235404536
554,943,1497,0.13306693778901227
562,953,1515,0.13311407302498815
562,949,1511,0.13313875267777514
556,947,1503,0.13316249241509
553,949,1502,0.13320018359381755
552,951,1503,0.13324221855072796
547,946,1493,0.1332848044945068
551,951,1502,0.1333373164798939
560,950,1510,0.13337662208688017
556,956,1512,0.13339452757272113
553,955,1508,0.1334213136466209
547,947,1494,0.13345099196717305
546,960,1506,0.13349360032407312
544,963,1507,0.13353858990421805
545,955,1500,0.13358741660900017
548,959,1507,0.13362864972153332
544,956,1500,0.1336592627797808
544,966,1510,0.13369889943790164
532,963,1495,0.13373365559134234
524,969,1493,0.13379482374436727
519,975,1494,0.13386932224210416
517,973,1490,0.13394729658308474
513,980,1493,0.13402375163158387
515,978,1493,0.13410648940604908
517,970,1487,0.1341813480700818
525,972,1497,0.13424540811043695
522,979,1501,0.13428481054606045
530,999,1529,0.13432958378100693
531,991,1522,0.13435196501164087
526,986,1512,0.13436946688426737
523,986,1509,0.13439612723528654
521,1001,1522,0.13442846790069973
519,994,1513,0.1344642421148592
516,1002,1518,0.13450524853651868
513,1006,1519,0.13455135516448707
508,1007,1515,0.13460184984352547
503,1006,1509,0.1346634455950925
507,1014,1521,0.1347314214058068
507,1010,1517,0.13478137349402455
507,1013,1520,0.13483078456344982
509,998,1507,0.1348748546663738
504,999,1503,0.13491456286296294
498,1003,1501,0.1349635050744624
498,995,1493,0.13502068314558818
492,1009,1501,0.13507530857008349
501,1014,1515,0.1351420338740331
501,1009,1510,0.13518405966760347
496,1013,1509,0.1352222799563882
494,1018,1512,0.13527000994396934
491,1016,1507,0.13531943502710267
489,1022,1511,0.13537287740313353
481,1028,1509,0.13542830689604185
485,1018,1503,0.13549776123142235
487,1017,1504,0.13555481093151608
480,1024,1504,0.1356022687686661
477,1028,1505,0.1356614565387976
474,1022,1496,0.13572479287897962
479,1042,1521,0.1357909530746171
477,1037,1514,0.13584138144191601
476,1047,1523,0.13589378811389916
469,1048,1517,0.13594382912331343
460,1058,1518,0.13600906484325345
466,1052,1518,0.13609261529356664
458,1046,1504,0.13615388818273036
457,1050,1507,0.13623130591306365
455,1051,1506,0.13630545204711525
467,1057,1524,0.13637860245369324
466,1041,1507,0.13641547621204078
471,1051,1522,0.13645100360295534
469,1047,1516,0.1364762531302027
463,1052,1515,0.13650454945940138
471,1048,1519,0.13654425439564302
461,1039,1500,0.1365590038264549
458,1044,1502,0.13659824895011774
458,1045,1503,0.13664122745253546
458,1050,1508,0.13668214840720577
457,1055,1512,0.13672082643682354
451,1052,1503,0.13676095750605835
447,1049,1496,0.13681275401477358
447,1050,1497,0.13687074374682065
454,1056,1510,0.13692605223936394
455,1054,1509,0.13696147557541957
460,1060,1520,0.1369905088587884
459,1057,1516,0.1370013863441445
456,1052,1508,0.13701461199733228
459,1047,1506,0.13703359895048764
460,1049,1509,0.13704307542448596
454,1052,1506,0.1370496543532738
459,1055,1514,0.13706842152234866
452,1052,1504,0.13707458823540633
454,1052,1506,0.1370987776676534
455,1046,1501,0.13711878938106997
457,1056,1513,0.13713287581934014
450,1053,1503,0.13714080625576053
454,1049,1503,0.13716442962069858
455,1051,1506,0.13717901795122184
449,1046,1495,0.137188174697731
447,1042,1489,0.13721234823748488
447,1055,1502,0.13724038177502945
452,1055,1507,0.13726787089064973
452,1054,1506,0.13728064462919068
452,1061,1513,0.1372906230148414
450,1063,1513,0.1373004961774138
452,1061,1513,0.1373154230153547
452,1062,1514,0.13732762938797027
443,1078,1521,0.13734109899546063
437,1074,1511,0.13737157698151709
437,1077,1514,0.13741510883126606
438,1085,1523,0.13745615503241454
433,1090,1523,0.13749304263519943
427,1094,1521,0.13754072747153787
422,1102,1524,0.13760084529474
419,1093,1512,0.13767142009607947
423,1089,1512,0.13774400796270683
422,1093,1515,0.1378028473447511
420,1088,1508,0.13786216154492809
415,1078,1493,0.13792057210612588
416,1088,1504,0.13798703730439577
421,1092,1513,0.13804728048115314
419,1095,1514,0.13809174873338606
421,1094,1515,0.13813717288218072
418,1087,1505,0.13817403567126427
414,1090,1504,0.13821631892467973
414,1103,1517,0.13826351961520675
413,1085,1498,0.1383081992934907
413,1087,1500,0.13835440053517292
418,1084,1502,0.1383988144242097
418,1092,1510,0.1384279687254586
417,1095,1512,0.1384556952238098
415,1092,1507,0.13848504512260112
414,1092,1506,0.13851587421976183
406,1088,1494,0.1385489031383732
409,1109,1518,0.1385984550863235
409,1106,1515,0.1386350561577974
402,1106,1508,0.13866910534613494
402,1114,1516,0.13871879253888586
399,1118,1517,0.1387654781691339
406,1121,1527,0.13881639922929348
395,1113,1508,0.13884726138993028
390,1116,1506,0.13890189171260697
390,1125,1515,0.13896377212971556
381,1118,1499,0.13902096747334988
377,1121,1498,0.13909641912696355
380,1108,1488,0.13917798566200937
381,1109,1490,0.139242700794276
379,1109,1488,0.13930068796346046
385,1121,1506,0.13935807371032596
390,1113,1503,0.13939796927336495
391,1126,1517,0.13942271619297097
386,1133,1519,0.1394451216917508
383,1136,1519,0.13947290209495058
385,1127,1512,0.13950774852915374
382,1126,1508,0.1395354713613723
388,1098,1486,0.13956943399298072
382,1101,1483,0.13958811455269596
378,1115,1493,0.13962078835766792
376,1133,1509,0.13965851258045678
381,1124,1505,0.13969832557942163
391,1122,1513,0.13972378628538004
390,1124,1514,0.13972290829581255
386,1130,1516,0.13972517503470036
380,1133,1513,0.13973750644147262
375,1133,1508,0.1397632288592623
368,1137,1505,0.13980078832091336
370,1152,1522,0.13985320367896883
374,1150,1524,0.13989918977575028
375,1143,1518,0.13993486641667696
380,1147,1527,0.1399644415745083
375,1147,1522,0.13998218198515722
374,1150,1524,0.1400109676837774
374,1144,1518,0.14003859117489761
369,1145,1514,0.14006518458764397
369,1153,1522,0.1401025320057627
362,1152,1514,0.14013704942534294
362,1149,1511,0.14018484146288146
364,1144,1508,0.14022966362216202
364,1152,1516,0.1402652767653378
364,1149,1513,0.14029840748173755
368,1151,1519,0.14032970573903178
362,1158,1520,0.14035035288030454
360,1154,1514,0.14038468336648274
357,1163,1520,0.14042104856645696
361,1157,1518,0.14046269202857858
363,1155,1518,0.1404900217625521
360,1165,1525,0.14051196231933963
356,1157,1513,0.1405370168153345
357,1149,1506,0.14057040141755356
353,1154,1507,0.14059915114085011
352,1150,1502,0.14063683404960542
354,1152,1506,0.14067413041176957
355,1170,1525,0.1407048206457646
351,1167,1518,0.14073111196794216
345,1158,1503,0.14076397282946837
348,1156,1504,0.1408090904389707
343,1156,1499,0.14084287287054445
341,1161,1502,0.1408849858166766
341,1150,1491,0.14092780574898833
338,1154,1492,0.14096783849965275
349,1158,1507,0.14101264639821193
349,1169,1518,0.14102485390984643
345,1174,1519,0.14103864739377564
350,1173,1523,0.14106080968063084
350,1159,1509,0.14107062573113213
351,1162,1513,0.1410797017894811
353,1160,1513,0.14108760281425975
357,1159,1516,0.14108861277414753
356,1153,1509,0.14108099874346425
354,1148,1502,0.14107524903300245
354,1145,1499,0.14107614017040732
356,1146,1502,0.14107751298630902
361,1149,1510,0.1410764139430682
356,1149,1505,0.14106486113846153
362,1151,1513,0.14106553104718472
361,1162,1523,0.14105238314143556
360,1165,1525,0.14104199442610693
364,1158,1522,0.14103431228547825
358,1154,1512,0.14101696244843778
361,1145,1506,0.14101578120273006
360,1158,1518,0.14100703562907618
355,1156,1511,0.1409991998185741
351,1157,1508,0.14100742278127185
352,1155,1507,0.1410240664917267
348,1154,1502,0.14103786632605286
346,1153,1499,0.14106075064890347
347,1144,1491,0.14108775258348938
351,1144,1495,0.14111031914281835
352,1143,1495,0.14112237056316362
354,1153,1507,0.14112997916156197
356,1157,1513,0.14112969289509789
353,1145,1498,0.14112358435475184
347,1151,1498,0.14112652698329453
349,1160,1509,0.1411427022827824
347,1169,1516,0.14115396976476707
352,1161,1513,0.14117049264737358
344,1154,1498,0.14117367533005618
351,1151,1502,0.141194259676106
351,1153,1504,0.14119612314006844
354,1152,1506,0.14119915357928078
352,1164,1516,0.1411945522659102
350,1178,1528,0.1411964027364384
350,1169,1519,0.14120257488802238
346,1161,1507,0.1412096027123993
350,1161,1511,0.14122458821578757
345,1164,1509,0.14122855470656
341,1164,1505,0.141245194286464
348,1158,1506,0.141269126437879
352,1167,1519,0.14127415575245617
351,1153,1504,0.14126934933597182
357,1152,1509,0.1412660832682369
356,1154,1510,0.14124896843041682
347,1150,1497,0.1412361149310173
345,1157,1502,0.141246157928712
346,1167,1513,0.14126048969439037
344,1163,1507,0.14127078633975054
348,1158,1506,0.14128479043114145
347,1170,1517,0.14128822960941784
345,1158,1503,0.141294506118098
346,1157,1503,0.1413062745139206
349,1164,1513,0.14131438478247788
338,1162,1500,0.14131167839065678
338,1171,1509,0.14133463446739467
340,1167,1507,0.14135597542428763
337,1170,1507,0.14137189563217956
339,1173,1512,0.14139435544885268
340,1184,1524,0.14140986548592785
338,1187,1525,0.1414232879611433
338,1185,1523,0.14144242858944206
335,1181,1516,0.14146004744533613
338,1182,1520,0.14148178659954386
342,1192,1534,0.14149560692372282
344,1177,1521,0.14149986435400178
341,1179,1520,0.14149968717347455
342,1176,1518,0.1415071317870171
341,1169,1510,0.141513045216765
341,1176,1517,0.14152308981118764
342,1161,1503,0.14153165435969542
344,1164,1508,0.1415381124865611
344,1170,1514,0.14153824576373153
346,1172,1518,0.1415406014694936
342,1166,1508,0.14153599742222814
344,1173,1517,0.14154111444998235
340,1183,1523,0.14154373337811912
335,1188,1523,0.14155716080876793
331,1183,1514,0.14158117189725755
329,1186,1515,0.14161286744410784
331,1183,1514,0.1416467190631202
336,1190,1526,0.14167376523885766
341,1189,1530,0.14168797618160922
339,1185,1524,0.1416866122311542
335,1188,1523,0.14168891233428027
332,1185,1517,0.14170116538072697
326,1189,1515,0.14172102189499003
323,1193,1516,0.14175491819041805
319,1183,1502,0.14179266565632845
314,1185,1499,0.14183683908177872
317,1188,1505,0.14188981067335543
324,1199,1523,0.14193125193650036
322,1202,1524,0.14195241728372957
320,1194,1514,0.14197646555663748
323,1192,1515,0.14200376831460482
321,1190,1511,0.1420220885848159
322,1202,1524,0.14204451398199625
318,1200,1518,0.1420614632146402
317,1200,1517,0.14208762900524075
315,1199,1514,0.142116394752851
311,1193,1504,0.1421481825755788
308,1194,1502,0.1421892075674264
300,1201,1501,0.142233853396498
301,1202,1503,0.1422921968899846
301,1206,1507,0.1423445087239483
300,1201,1501,0.14239424829429467
296,1203,1499,0.14244261411535358
297,1204,1501,0.14249738589786398
295,1205,1500,0.1425466734929401
297,1214,1511,0.14259668859449495
297,1220,1517,0.14263809513374734
294,1220,1514,0.14267575859647186
294,1210,1504,0.14271957870608948
292,1224,1516,0.14276091307220992
294,1227,1521,0.14280208486156235
292,1226,1518,0.14283621095689103
297,1224,1521,0.14287354328645116
298,1218,1516,0.14289856773660892
298,1212,1510,0.14292104215183646
301,1203,1504,0.14294289306774335
296,1205,1501,0.14295800437352665
295,1218,1513,0.1429798012447064
296,1211,1507,0.1430033105240974
293,1214,1507,0.14302204316404923
294,1228,1522,0.14304769002400117
296,1226,1522,0.14307094422713187
300,1228,1528,0.1430877791428092
293,1228,1521,0.14309286265764407
294,1228,1522,0.14311301069724375
291,1230,1521,0.14312962695834408
291,1225,1516,0.14315281931504856
289,1217,1506,0.14317492055956008
289,1219,1508,0.1431993373718772
292,1223,1515,0.14322052969717175
285,1219,1504,0.14323324098174914
290,1227,1517,0.14326309532910428
296,1227,1523,0.1432803242181303
293,1227,1520,0.14328228193514295
295,1227,1522,0.14328881397918677
296,1239,1535,0.1432898201870851
295,1235,1530,0.14328837035880646
292,1221,1513,0.14329060722318412
290,1221,1511,0.14330103994853952
288,1219,1507,0.14331471598258066
287,1222,1509,0.14333167956568907
288,1230,1518,0.14335037892310545
289,1226,1515,0.1433672837134238
288,1224,1512,0.14338176523469917
287,1219,1506,0.1433960804553683
282,1230,1512,0.143411680668905
283,1221,1504,0.14343855437952727
283,1227,1510,0.1434619892891555
283,1233,1516,0.14348460065682406
283,1228,1511,0.1435058367262762
291,1222,1513,0.14352450908442405
292,1231,1523,0.14352391631992678
285,1245,1530,0.1435218148703491
282,1252,1534,0.14353628952773506
281,1255,1536,0.1435553763470535
278,1248,1526,0.1435761800736544
282,1256,1538,0.14360368914987384
280,1251,1531,0.14361942114017576
277,1254,1531,0.14363964496625323
272,1247,1519,0.14366577881992013
270,1249,1519,0.14370187873280607
271,1244,1515,0.1437414796507035
274,1252,1526,0.14377510920823106
271,1246,1517,0.14379540039756114
272,1256,1528,0.14382107454578275
270,1251,1521,0.14384344830667517
274,1247,1521,0.1438703828827302
277,1235,1512,0.14388671361115699
279,1241,1520,0.14389481239842505
275,1249,1524,0.14389719385964247
275,1247,1522,0.14390837561830291
272,1248,1520,0.14391917626966527
273,1242,1515,0.14393771335164618
276,1254,1530,0.14395237624216034
272,1247,1519,0.14395982893709877
263,1249,1512,0.14397577975268608
267,1258,1525,0.14400923987128958
269,1243,1512,0.1440300893404807
264,1245,1509,0.14404592419007847
269,1246,1515,0.14407348323235974
270,1248,1518,0.1440876678639186
269,1246,1515,0.1440985783233512
273,1237,1510,0.1441088988420839
269,1242,1511,0.14410952945382635
264,1257,1521,0.14411877821744962
268,1245,1513,0.1441385408728173
267,1238,1505,0.14414879695743524
268,1238,1506,0.14416156275748582
269,1230,1499,0.14416767982389536
271,1230,1501,0.14417165677488938
273,1243,1516,0.14417087980403667
271,1230,1501,0.14416415917150188
275,1233,1508,0.14416282785942783
277,1218,1495,0.1441513202286145
276,1213,1489,0.1441345865162189
274,1220,1494,0.14412295810349388
277,1229,1506,0.14411922806261793
273,1232,1505,0.1441082115155177
269,1227,1496,0.1441086707817007
268,1229,1497,0.1441202350946355
272,1235,1507,0.14413340791890228
273,1234,1507,0.14413505553386127
277,1239,1516,0.14413449389286603
277,1244,1521,0.14412411463801386
275,1233,1508,0.14411517490360556
268,1233,1501,0.14411298843467513
265,1226,1491,0.1441258397571621
270,1220,1490,0.14414563454612592
267,1232,1499,0.1441516795382937
272,1235,1507,0.14416456089631338
273,1241,1514,0.1441663003112486
268,1233,1501,0.1441644707504254
268,1239,1507,0.14417099256319826
270,1248,1518,0.14417939558112716
268,1251,1519,0.14418401143086743
270,1240,1510,0.14418973610958488
277,1250,1527,0.14418931867860085
276,1263,1539,0.14417490757806128
279,1267,1546,0.14416516012499275
273,1261,1534,0.1441490557839197
269,1256,1525,0.14414818254179315
268,1257,1525,0.14415740820945633
268,1251,1519,0.14416744130611864
268,1262,1530,0.14417784880229922
262,1263,1525,0.1441873243327069
261,1260,1521,0.144210656532947
266,1254,1520,0.14423588555716815
261,1270,1531,0.14424928693403538
258,1259,1517,0.14427239815962753
264,1252,1516,0.14430240319128962
259,1254,1513,0.1443159781455888
260,1263,1523,0.14434213621902
259,1252,1511,0.1443642971400572
256,1263,1519,0.14438678412790656
259,1259,1518,0.14441511307883512
263,1263,1526,0.14443452286683303
259,1261,1520,0.14444378769635088
259,1251,1510,0.1444610320880802
250,1249,1499,0.14447552137734182
253,1252,1505,0.14451073314902596
254,1247,1501,0.1445363637725211
259,1248,1507,0.14455617879364557
260,1252,1512,0.14456309140572401
262,1256,1518,0.14456667670093137
263,1254,1517,0.14456603438490065
264,1232,1496,0.14456205862681448
263,1247,1510,0.14455423594040603
264,1249,1513,0.14454961262139898
264,1253,1517,0.14454248771734643
261,1250,1511,0.14453490615227538
262,1256,1518,0.14453474998076077
255,1248,1503,0.14453338585183068
253,1252,1505,0.14454561226783105
257,1263,1520,0.14456236314065113
262,1242,1504,0.14457072379255606
264,1248,1512,0.14456867866428855
264,1251,1515,0.14456095898978924
270,1245,1515,0.14455508270995424
271,1248,1519,0.14453761289215808
266,1247,1513,0.14451770357963617
267,1248,1515,0.1445117607388177
267,1245,1512,0.1445024700220123
264,1240,1504,0.14449369043916602
261,1236,1497,0.1444930741950302
265,1238,1503,0.14449944151594057
268,1251,1519,0.14449469217124233
265,1253,1518,0.14448315454543745
270,1257,1527,0.14447873064202213
268,1260,1528,0.1444631262915867
272,1243,1515,0.14445384228444744
271,1244,1515,0.1444361295427155
272,1235,1507,0.14442260723708197
274,1251,1525,0.14440802570405442
276,1248,1524,0.14438900786123848
271,1257,1528,0.1443678274511181
267,1244,1511,0.14435887403559852
268,1248,1516,0.14435957380523365
275,1252,1527,0.1443598272017809
273,1251,1524,0.14434247871192732
269,1256,1525,0.14433252206247957
268,1259,1527,0.14433257963688464
263,1267,1530,0.14433579726843995
257,1256,1513,0.14434943802853575
263,1260,1523,0.1443772482137504
261,1252,1513,0.1443904110613418
264,1250,1514,0.14440720076055524
263,1249,1512,0.14441557339897748
263,1245,1508,0.14442673548429394
257,1244,1501,0.14443578967689563
262,1240,1502,0.144457983309897
269,1238,1507,0.14446573437634375
269,1239,1508,0.14445512604649927
266,1251,1517,0.14444397956715302
274,1257,1531,0.14443991888980454
270,1254,1524,0.1444155685056206
274,1237,1511,0.14440171667882595
271,1242,1513,0.1443803807956657
279,1244,1523,0.14436686576100613
281,1245,1526,0.14433365167693318
284,1246,1530,0.1442967851558946
283,1250,1533,0.14425552753850435
284,1247,1531,0.14421984512224165
280,1239,1519,0.14418455077549605
281,1246,1527,0.14416205622205522
288,1235,1523,0.14414047861963972
285,1237,1522,0.14410215273702068
282,1237,1519,0.14407321647001883
285,1241,1526,0.1440560834908967
281,1240,1521,0.14403364532573412
278,1224,1502,0.1440223150700538
279,1230,1509,0.14402054255985808
277,1229,1506,0.14401772374551364
278,1234,1512,0.14401893521295667
275,1235,1510,0.14401679725724395
271,1247,1518,0.14402312561251704
268,1256,1524,0.14403948196270952
269,1243,1512,0.14406297914558686
270,1242,1512,0.1440825004081128
268,1237,1505,0.1440977809796268
267,1247,1514,0.14411787288367342
271,1256,1527,0.1441393123581842
263,1250,1513,0.14415009448591729
263,1249,1512,0.14417808012291522
266,1247,1513,0.14420299769835992
267,1259,1526,0.14421854242682264
266,1259,1525,0.14423227803676547
259,1253,1512,0.14424877031983813
263,1249,1512,0.14427940734761197
264,1251,1515,0.14429891806738696
257,1259,1516,0.14431547147983692
264,1269,1533,0.14434566720668893
265,1267,1532,0.1443572526887977
264,1265,1529,0.1443650258936387
264,1256,1520,0.144375095622591
257,1246,1503,0.14438347663262965
260,1249,1509,0.14440892869873237
263,1248,1511,0.14442620865597833
264,1248,1512,0.1444349457435862
266,1253,1519,0.1444407843291141
262,1245,1507,0.1444396518449728
266,1242,1508,0.14444857196861172
265,1249,1514,0.1444476151613613
264,1240,1504,0.14445012853026803
263,1246,1509,0.1444557535701972
261,1243,1504,0.14446456443776018
258,1239,1497,0.14447614508675
261,1247,1508,0.1444941701865148
257,1247,1504,0.144503309064404
262,1248,1510,0.14452099107216354
259,1244,1503,0.14452688005761719
261,1246,1507,0.14453821734173172
262,1248,1510,0.14454370512533507
267,1243,1510,0.14454572545904396
262,1248,1510,0.1445360606680717
253,1251,1504,0.14453870897325147
256,1249,1505,0.1445602550250038
258,1251,1509,0.1445722412911594
261,1253,1514,0.14457649547294119
261,1247,1508,0.14457346207284516
261,1248,1509,0.14456764561555432
259,1245,1504,0.14456395427211696
258,1251,1509,0.14456577507838161
257,1252,1509,0.1445703588395966
250,1259,1509,0.14457647091159384
249,1271,1520,0.144598252387356
247,1272,1519,0.14462064454518267
246,1271,1517,0.1446488115994845
250,1263,1513,0.14467540432021125
252,1274,1526,0.14469312619545388
254,1271,1525,0.14470655772198682
249,1273,1522,0.14471422903109535
246,1274,1520,0.14473293995725395
243,1270,1513,0.14475595178206363
247,1275,1522,0.14478410965841537
246,1268,1514,0.1448019410869928
250,1254,1504,0.14482175554015614
246,1270,1516,0.14483079643485353
241,1274,1515,0.14484921660118538
238,1267,1505,0.1448787293125725
238,1277,1515,0.14491451759335425
246,1279,1525,0.14494757204253633
252,1272,1524,0.14496124675231603
246,1275,1521,0.14496015040351018
245,1279,1524,0.14497261352831126
243,1282,1525,0.14498738547949241
246,1280,1526,0.14500724788444225
248,1279,1527,0.14501540892986534
249,1276,1525,0.14501766217488235
243,1279,1522,0.14501672334396257
246,1272,1518,0.1450293219980881
249,1267,1516,0.14503608529070766
247,1274,1521,0.14503527796150467
251,1276,1527,0.14503940573116392
246,1271,1517,0.14503549816755876
242,1258,1500,0.14504412215446053
241,1260,1501,0.14506144425648715
235,1267,1502,0.14508020676321182
238,1262,1500,0.14511192684208424
241,1272,1513,0.14513440240007636
241,1273,1514,0.1451466325189107
241,1266,1507,0.1451572758495048
238,1251,1489,0.14516518992025457
236,1261,1497,0.14517873183174718
237,1266,1503,0.14519830199067185
243,1278,1521,0.1452153821656335
241,1279,1520,0.14521759157160485
239,1281,1520,0.14522406670380647
238,1281,1519,0.14523541409997892
239,1279,1518,0.14524789219004064
237,1281,1518,0.14525855967359277
240,1271,1511,0.14527189932808393
239,1271,1510,0.14527759174574084
238,1272,1510,0.1452862385707904
239,1266,1505,0.14529554716386667
243,1260,1503,0.14530195860330855
245,1269,1514,0.1452997378954123
246,1275,1521,0.1452932141598012
247,1278,1525,0.14528554807139055
245,1282,1527,0.14527563008007272
246,1284,1530,0.14527182551481585
247,1273,1520,0.14526690162915287
242,1270,1512,0.14525952257403352
243,1276,1519,0.14526429401986352
239,1276,1515,0.1452639207851246
242,1286,1528,0.14527252942179975
233,1280,1513,0.1452750355225643
232,1282,1514,0.14529699458352988
234,1282,1516,0.14532181456071894
239,1279,1518,0.14533976225072248
242,1272,1514,0.14534347554374324
242,1267,1509,0.14534040481292895
242,1272,1514,0.14533656196385897
241,1279,1520,0.1453349876462404
238,1285,1523,0.14533580918581174
233,1281,1514,0.14534429016637218
231,1279,1510,0.14536465129936224
228,1285,1513,0.14538792179717006
232,1280,1512,0.14541686920671396
229,1274,1503,0.14543383868151216
235,1272,1507,0.14545642519800797
238,1265,1503,0.14546196959843452
233,1271,1504,0.14546125482445174
234,1276,1510,0.14547280839925109
235,1263,1498,0.14547989838836392
235,1268,1503,0.14548466105597824
240,1262,1502,0.14548846840027424
241,1269,1510,0.14548205037542478
237,1278,1515,0.1454732059014262
234,1280,1514,0.1454761254681944
231,1274,1505,0.14548621941752418
227,1284,1511,0.14550203284505767
232,1279,1511,0.14552461506701134
235,1274,1509,0.14553359121079346
237,1278,1515,0.14553228653275735
236,1276,1512,0.1455274308125573
235,1273,1508,0.1455265478013489
235,1256,1491,0.14552862817003426
241,1262,1503,0.14552826857934176
240,1275,1515,0.14551388731312176
239,1282,1521,0.14550371764548406
240,1278,1518,0.14549666800121
238,1270,1508,0.14548607625416068
234,1267,1501,0.14548077200021128
235,1275,1510,0.14548491144667422
232,1275,1507,0.14548882469135493
230,1279,1509,0.14549952723269682
234,1275,1509,0.1455140369677946
233,1270,1503,0.14551631822858296
226,1276,1502,0.1455217754189786
222,1292,1514,0.14554325880450528
224,1308,1532,0.14557255843802328
223,1307,1530,0.14559623519279763
231,1310,1541,0.1456206830992931
230,1304,1534,0.14562460135516853
227,1301,1528,0.14563090081790353
228,1290,1518,0.1456440131565986
226,1286,1512,0.1456536792117298
232,1275,1507,0.14566765947310215
231,1280,1511,0.14566617349553604
230,1288,1518,0.1456671844762271
218,1282,1500,0.145670962353139
222,1290,1512,0.1457028868776588
220,1280,1500,0.14572372584007795
222,1275,1497,0.14574875588478164
217,1281,1498,0.14576665404812236
222,1288,1510,0.14579496321671373
220,1285,1505,0.14580953645151243
217,1287,1504,0.14582864446951774
215,1303,1518,0.14585435248487755
213,1295,1508,0.14588420310901856
208,1292,1500,0.145917336321001
213,1290,1503,0.1459590680671877
214,1287,1501,0.14598386996990326
215,1292,1507,0.1460051155726481
217,1288,1505,0.1460222988737274
214,1307,1521,0.14603313187629938
214,1300,1514,0.14605103210329784
209,1297,1506,0.1460692483511613
208,1309,1517,0.14609677917017294
209,1311,1520,0.14612629511276645
213,1310,1523,0.14614951058946907
216,1305,1521,0.14616280022183
217,1316,1533,0.14616563128241541
218,1302,1520,0.14616750111304455
215,1307,1522,0.14616669085192324
214,1298,1512,0.1461737704251451
216,1303,1519,0.1461827907534623
216,1304,1520,0.14618773501246782
223,1296,1519,0.14619298314409768
217,1302,1519,0.14617914288873898
213,1285,1498,0.1461808925508055
214,1293,1507,0.1461911202870933
212,1304,1516,0.14619715291889462
218,1293,1511,0.14620535280542937
216,1295,1511,0.14620038889323844
209,1291,1500,0.1462000684239815
207,1302,1509,0.14621687947573409
206,1293,1499,0.1462359070510177
208,1298,1506,0.14625749794164927
205,1299,1504,0.14627352171087651
205,1314,1519,0.14629187614920705
209,1306,1515,0.14630977533863618
207,1308,1515,0.1463187977700284
208,1310,1518,0.14633191443947272
208,1311,1519,0.14634189143675894
209,1311,1520,0.14635040016376058
204,1300,1504,0.14635610732898102
200,1308,1508,0.14637395532066447
206,1298,1504,0.14640031685743599
202,1294,1496,0.14641222524664974
204,1305,1509,0.1464335591029835
200,1315,1515,0.14644780021975384
201,1320,1521,0.14647133060425765
201,1324,1525,0.14649109787017126
201,1325,1526,0.14650782554836042
204,1325,1529,0.14652326831596113
201,1318,1519,0.14652819367315265
196,1314,1510,0.14654092029476132
198,1320,1518,0.14656520488414576
195,1313,1508,0.14658390692492695
194,1311,1505,0.14660903680801574
187,1318,1505,0.14663364133264223
189,1319,1508,0.14667406581284081
186,1324,1510,0.14670765508780736
186,1334,1520,0.1467463031348239
179,1340,1519,0.14678290308938746
179,1335,1514,0.1468335318909576
183,1327,1510,0.14688155503208436
180,1332,1512,0.14691757755528842
178,1349,1527,0.14695776621851855
182,1333,1515,0.14699986450911612
184,1326,1510,0.14702965313039906
188,1320,1508,0.14705128501015888
185,1323,1508,0.1470635909721095
182,1327,1509,0.14708226357660972
187,1335,1522,0.1471058778035087
182,1330,1512,0.14711686205137048
179,1324,1503,0.1471391612472757
178,1316,1494,0.14716635889470603
173,1328,1501,0.14719555171919027
176,1321,1497,0.14723398721696762
179,1339,1518,0.1472636760296164
177,1328,1505,0.14728291297702673
179,1332,1511,0.14730531654796605
178,1323,1501,0.14732064192287808
175,1330,1505,0.14733626221691407
181,1325,1506,0.14735876583506935
182,1340,1522,0.14736595728660576
184,1326,1510,0.1473704187838876
183,1323,1506,0.14737119114803318
184,1331,1515,0.14737393287852657
183,1336,1519,0.14737147515591942
184,1337,1521,0.14737211151360452
181,1334,1515,0.14736980016288345
183,1340,1523,0.14737592064307584
177,1344,1521,0.14737630634844404
181,1330,1511,0.14739059392083573
181,1330,1511,0.14739581544986546
182,1328,1510,0.14739998532649842
181,1332,1513,0.1474004386574709
180,1328,1508,0.14740294807163104
175,1327,1502,0.14740633106274292
176,1338,1514,0.14742161395673942
176,1330,1506,0.14743239402747044
173,1322,1495,0.1474421413013086
166,1331,1497,0.1474599531653111
169,1327,1496,0.14749485168041976
169,1342,1511,0.1475188833516377
167,1348,1515,0.14754049689665316
169,1351,1520,0.14756393517291846
172,1340,1512,0.1475816089895
173,1351,1524,0.14759177873693707
172,1342,1514,0.14759842113159397
169,1337,1506,0.14760835438085748
167,1342,1509,0.1476248095517381
170,1341,1511,0.14764493592590505
172,1335,1507,0.14765745566981325
172,1339,1511,0.14766496980933688
175,1340,1515,0.14767229636022822
175,1354,1529,0.1476705372692853
170,1357,1527,0.1476691465686598
166,1349,1515,0.14767985699322153
168,1354,1522,0.1476987951137768
169,1359,1528,0.14770971534253288
169,1344,1513,0.14771558180814995
168,1350,1518,0.14772321562369917
166,1351,1517,0.1477331340996087
163,1345,1508,0.14774691083320343
165,1340,1505,0.14776665646210252
163,1335,1498,0.1477806019291891
171,1330,1501,0.14780000352713674
172,1339,1511,0.14779769442420437
168,1344,1512,0.14779409103328395
169,1332,1501,0.14780271658661345
171,1331,1502,0.14780736707188297
170,1343,1513,0.14780568027805996
165,1344,1509,0.1478080907684004
160,1340,1500,0.14782181428820684
166,1343,1509,0.14784519164303375
164,1343,1507,0.14785463627099796
161,1349,1510,0.14786784649943974
167,1342,1509,0.14788807243240773
169,1348,1517,0.14789275863266718
169,1336,1505,0.14789188219221455
171,1353,1524,0.14788963551918524
169,1345,1514,0.14788259832832415
165,1352,1517,0.14788059008509763
164,1347,1511,0.14788858777897249
165,1351,1516,0.14789903500552895
167,1345,1512,0.14790586105587156
169,1336,1505,0.1479086288963501
169,1339,1508,0.1479058512318011
173,1343,1516,0.14790302593667728
170,1344,1514,0.1478884180020319
164,1346,1510,0.14788219718455775
161,1350,1511,0.1478926470472984
159,1359,1518,0.14790938799436015
157,1367,1524,0.1479292844555799
159,1364,1523,0.14795370618534326
159,1357,1516,0.14797264982533545
158,1361,1519,0.14799076212149134
158,1359,1517,0.14800831608397935
161,1357,1518,0.14802361181689938
157,1355,1512,0.14803168364390148
157,1358,1515,0.14804746882798184
156,1362,1518,0.14806120320378952
157,1353,1510,0.14807854126541797
157,1345,1502,0.14809276042783537
158,1359,1517,0.1481081003500821
158,1357,1515,0.148119203937876
155,1350,1505,0.14812833385604976
155,1352,1507,0.14814490290922033
157,1350,1507,0.14816075926760652
157,1350,1507,0.1481709804908976
159,1341,1500,0.14818155006728714
157,1335,1492,0.14818528852839508
158,1341,1499,0.14819483820323298
159,1345,1504,0.148201650235528
159,1351,1510,0.1482039458847565
155,1351,1506,0.14820735485003367
154,1353,1507,0.148221109572589
153,1365,1518,0.1482363727401617
152,1375,1527,0.14825391693608173
148,1376,1524,0.14827252583482473
145,1380,1525,0.14829969061506834
144,1380,1524,0.1483321173038162
146,1367,1513,0.1483635604573559
149,1354,1503,0.1483874967423127
153,1357,1510,0.14840281458686858
153,1362,1515,0.14840761166169453
154,1366,1520,0.14841203760838503
156,1367,1523,0.14841530019065607
153,1372,1525,0.14841253474122645
148,1369,1517,0.14841837394625795
147,1365,1512,0.14843518519253174
145,1366,1511,0.1484531056080367
149,1360,1509,0.1484758568006299
145,1359,1504,0.14848751180514624
144,1366,1510,0.14850712502774616
145,1371,1516,0.14852783702774638
145,1376,1521,0.14854359516265372
145,1364,1509,0.14855885086793297
144,1349,1493,0.14857211215665256
147,1350,1497,0.14858544332848675
148,1353,1501,0.14859127665964994
148,1337,1485,0.14859479792596234
147,1350,1497,0.14859756758700038
150,1360,1510,0.1486038414732612
150,1366,1516,0.14860115825192152
151,1361,1512,0.14859912556471067
150,1364,1514,0.14859552600704656
150,1362,1512,0.1485958132952714
146,1357,1503,0.14859482317824962
146,1360,1506,0.14860281171662243
143,1376,1519,0.1486109460644758
142,1371,1513,0.14862625033265986
144,1368,1512,0.14864206245094475
146,1364,1510,0.1486530451911506
142,1364,1506,0.1486590645282572
141,1368,1509,0.14867274289623594
144,1371,1515,0.14868814667733546
147,1373,1520,0.1486940285669488
144,1381,1525,0.14869415930622013
142,1376,1518,0.1487001796714499
142,1372,1514,0.14870974433533646
142,1365,1507,0.14871912382954977
143,1377,1520,0.14872834423264375
142,1387,1529,0.14873375014375367
141,1385,1526,0.14874223628156738
140,1374,1514,0.1487536472922406
142,1393,1535,0.14876769797709533
138,1378,1516,0.14877466246853108
139,1362,1501,0.14879043623350716
138,1376,1514,0.14880324320840652
141,1371,1512,0.14881652731283077
138,1379,1517,0.1488220560629085
138,1379,1517,0.14883318878070625
140,1385,1525,0.14884321281985397
143,1391,1534,0.1488478839698214
137,1387,1524,0.14884653710254725
136,1387,1523,0.1488603470974345
132,1385,1517,0.1488760151445059
130,1382,1512,0.14890021579684087
128,1384,1512,0.1489279085377276
128,1385,1513,0.14895867825075484
129,1383,1512,0.14898806394944702
128,1382,1510,0.14901442583389982
129,1395,1524,0.14904180663760708
131,1402,1533,0.1490644960335682
130,1396,1526,0.14908137341487535
131,1389,1520,0.14909917942450893
126,1407,1533,0.14911270218800227
127,1412,1539,0.14913718074338422
129,1403,1532,0.14915831870248797
128,1400,1528,0.1491732550538695
128,1388,1516,0.14918953494564507
132,1391,1523,0.1492055112348609
131,1387,1518,0.14921061637442143
128,1377,1505,0.14921715204900465
129,1374,1503,0.14923018063994276
129,1363,1492,0.14923932426905995
129,1381,1510,0.14924885563003257
129,1367,1496,0.14925580411232667
132,1380,1512,0.14926226977383986
132,1388,1520,0.1492585341197095
131,1392,1523,0.14925474399856614
134,1390,1524,0.1492516271657012
131,1383,1514,0.14924271998519673
132,1388,1520,0.1492422028923248
134,1397,1531,0.14923915832799634
132,1397,1529,0.14923257418795344
131,1386,1517,0.14923242893477176
131,1384,1515,0.14923498987368902
132,1388,1520,0.1492381493479195
134,1392,1526,0.14923996887970517
132,1389,1521,0.14923803158023727
134,1381,1515,0.14924195369211182
134,1388,1522,0.14923851546900996
130,1383,1513,0.1492347742243848
132,1380,1512,0.14924017112927992
135,1378,1513,0.14924135315503118
133,1372,1505,0.14923559156384214
135,1369,1504,0.14923224012018996
131,1379,1510,0.14922320202286266
128,1376,1504,0.14922331343684436
129,1382,1511,0.14923156035497886
129,1377,1506,0.14923816912038443
125,1373,1498,0.14924443030028064
126,1377,1503,0.14925922031411218
128,1388,1516,0.14927235260093522
130,1392,1522,0.14928050627583533
128,1396,1524,0.14928367414057547
127,1395,1522,0.14929306375500218
126,1393,1519,0.14930408906510528
126,1388,1514,0.14931671691911164
126,1386,1512,0.14932927093738219
131,1389,1520,0.149340856246977
128,1390,1518,0.1493381860218839
128,1399,1527,0.14934271820261485
125,1392,1517,0.14934834259130803
126,1378,1504,0.1493607728716175
127,1388,1515,0.14936865227653695
124,1389,1513,0.1493733863272664
127,1398,1525,0.14938373818889633
124,1390,1514,0.14938583834562247
125,1390,1515,0.14939660065226476
122,1398,1520,0.14940435626962245
123,1402,1525,0.14941941934047062
126,1394,1520,0.1494301295261206
123,1401,1524,0.14943111425947952
125,1408,1533,0.14943855005798123
125,1398,1523,0.14944118344448232
124,1397,1521,0.14944410754541468
127,1384,1511,0.1494502664154128
129,1386,1515,0.14944807960570208
131,1370,1501,0.14944150410911472
128,1385,1513,0.149431936182835
133,1392,1525,0.14943007555487384
130,1396,1526,0.14941495142775693
131,1387,1518,0.14940751504219005
133,1383,1516,0.14939814897503412
137,1376,1513,0.14938576456514613
136,1372,1508,0.14936230161206765
137,1384,1521,0.14934484046442756
131,1396,1527,0.14932537569941032
129,1396,1525,0.1493206217260109
130,1390,1520,0.14932097531299462
130,1385,1515,0.14931988785398484
132,1389,1521,0.1493201938338633
131,1386,1517,0.14931414599971643
132,1366,1498,0.1493102708099748
135,1379,1514,0.14930515207990683
135,1388,1523,0.14929328546955747
135,1385,1520,0.14928107427943385
132,1380,1512,0.14927016522472056
137,1388,1525,0.14926679048176134
134,1383,1517,0.1492529723743088
133,1370,1503,0.14924614209558165
131,1380,1511,0.149242983021456
134,1377,1511,0.14924648222223516
135,1379,1514,0.1492436242728734
138,1388,1526,0.14923647561863249
137,1390,1527,0.1492230564000324
134,1386,1520,0.149213178661751
136,1389,1525,0.1492119514573437
136,1384,1520,0.14920533928796523
137,1384,1521,0.14919898351460156
138,1395,1533,0.14918986129881018
137,1396,1533,0.14918019130189364
140,1390,1530,0.14917371270068222
140,1386,1526,0.14915846546880038
138,1393,1531,0.14914471804715898
136,1381,1517,0.14913770586485345
134,1385,1519,0.14913715546932385
133,1393,1526,0.14914158399405214
131,1399,1530,0.1491489989644018
128,1398,1526,0.1491600574531543
128,1388,1516,0.14917819361800763
123,1384,1507,0.14919496567623475
122,1380,1502,0.14922191933906567
115,1400,1515,0.1492510626510451
109,1389,1498,0.14929406630384817
108,1397,1505,0.14934730287416034
110,1390,1500,0.1494003192243288
112,1391,1503,0.14944445744723242
111,1400,1511,0.1494811080768053
111,1395,1506,0.1495178832273737
110,1397,1507,0.14955202953070842
111,1406,1517,0.14958633201551808
109,1401,1510,0.14961455077423144
110,1390,1500,0.14964588467118084
109,1385,1494,0.14967279849328588
110,1394,1504,0.1497003623051983
113,1402,1515,0.14972308922270933
112,1408,1520,0.14973739688921037
112,1391,1503,0.14975341654346383
110,1402,1512,0.14976805689871742
111,1395,1506,0.14978666000951463
107,1402,1509,0.1498021939612294
108,1397,1505,0.14982623287050495
107,1408,1515,0.14984450935938848
109,1401,1510,0.1498638572053909
108,1389,1497,0.14987774667346154
109,1389,1498,0.1498931246961319
109,1386,1495,0.14990512539429438
106,1396,1502,0.1499167712649851
107,1386,1493,0.14993433171322149
107,1392,1499,0.14994866647960658
107,1398,1505,0.1499602779139238
113,1391,1504,0.14997118472509396
108,1390,1498,0.14996791268812906
108,1391,1499,0.14997655308954946
109,1389,1498,0.1499849505285978
110,1401,1511,0.14998975193114497
111,1392,1503,0.14999238445404303
112,1415,1527,0.1499931532124643
112,1428,1540,0.14999137914312985
110,1423,1533,0.14998940308617167
111,1418,1529,0.14999283469429803
113,1409,1522,0.14999391174261867
114,1398,1512,0.14999060638810444
116,1388,1504,0.14998384077970112
114,1399,1513,0.14997318686565173
110,1401,1511,0.1499679998428727
113,1389,1502,0.1499732713601993
119,1383,1502,0.14997133563611598
118,1394,1512,0.1499563505626456
113,1394,1507,0.1499447858262728
110,1415,1525,0.14994527649088377
110,1407,1517,0.14995372895130382
106,1411,1517,0.14995973143308028
109,1391,1500,0.14997540171384136
106,1402,1508,0.14998284081249863
107,1392,1499,0.14999737958941528
108,1399,1507,0.15000839372086186
108,1403,1511,0.1500162095956676
108,1401,1509,0.15002361327068833
110,1409,1519,0.15003009451378824
107,1413,1520,0.1500321210957227
109,1426,1535,0.15004187796355406
109,1413,1522,0.15004663333767104
110,1409,1519,0.1500512153188632
105,1407,1512,0.15005397443073046
106,1408,1514,0.15006749311898285
99,1411,1510,0.15007804652962217
97,1398,1495,0.1501027170166565
96,1407,1503,0.15013161261694136
95,1410,1505,0.15016083321848275
96,1414,1510,0.15019088672004174
97,1426,1523,0.1502168522402255
97,1409,1506,0.15023923893502286
95,1413,1508,0.15025989730844566
94,1417,1511,0.15028498162789647
94,1425,1519,0.1503095254919452
96,1417,1513,0.15032987007956242
98,1410,1508,0.1503451527968031
99,1413,1512,0.15035472895107954
97,1418,1515,0.1503619600273297
97,1416,1513,0.15037465375495482
98,1423,1521,0.15038564960965087
99,1434,1533,0.15039228825723927
95,1422,1517,0.15039517704401267
96,1411,1507,0.15040767950444633
93,1423,1516,0.15041535380812857
93,1428,1521,0.1504312907622395
94,1421,1515,0.150445672506605
92,1415,1507,0.15045637396380285
87,1419,1506,0.15047088507294312
88,1415,1503,0.15049686908416363
89,1438,1527,0.15051965455992494
88,1437,1525,0.15053944758672652
86,1428,1514,0.15055941059322575
85,1421,1506,0.15058204583529367
82,1427,1509,0.15060681434392592
85,1424,1509,0.15063747249604334
89,1425,1514,0.15065851238953448
89,1427,1516,0.150668621961347
90,1421,1511,0.15067771936558175
89,1421,1510,0.15068392655094315
87,1421,1508,0.15069293771710845
88,1416,1504,0.1507066943662677
88,1426,1514,0.15071720530877794
88,1433,1521,0.1507272804770684
86,1436,1522,0.15073711448642893
86,1424,1510,0.15075238206597066
87,1430,1517,0.15076580372432047
88,1431,1519,0.15077568001861966
87,1426,1513,0.1507818245867792
86,1440,1526,0.15079051280625358
86,1426,1512,0.15080188767278513
82,1416,1498,0.1508137243428972
82,1422,1504,0.15083361041819984
81,1428,1509,0.1508516380380622
82,1423,1505,0.15086954618654852
83,1430,1513,0.1508841407047404
82,1438,1520,0.15089597379796393
83,1422,1505,0.1509098541704836
83,1427,1510,0.15091918978241664
81,1442,1523,0.15092959018385416
80,1426,1506,0.1509443176989656
81,1423,1504,0.15095878359387657
77,1425,1502,0.15096994328335073
78,1437,1515,0.15098994909012414
77,1428,1505,0.15100603369049015
79,1435,1514,0.15102322440154933
79,1428,1507,0.15103460707658606
80,1424,1504,0.1510457940517468
80,1428,1508,0.15105340707270892
84,1427,1511,0.15106059810223615
79,1432,1511,0.15105704506681403
75,1434,1509,0.15106619489272183
76,1445,1521,0.15108405650377935
77,1442,1519,0.15109825276674013
77,1430,1507,0.15110986267581838
72,1446,1518,0.1511211374961393
70,1439,1509,0.15114311966210559
73,1446,1519,0.15116866346164864
74,1437,1511,0.1511859742864162
75,1429,1504,0.15119943163474847
70,1440,1510,0.1512105353594065
70,1437,1507,0.15123258168579573
68,1436,1504,0.15125192315394842
68,1444,1512,0.15127537287865406
68,1457,1525,0.15129785380457184
67,1440,1507,0.15131933050492974
65,1436,1501,0.1513408832473817
67,1444,1511,0.15136540262225545
64,1449,1513,0.15138154114066182
67,1438,1505,0.15140461276474604
67,1428,1495,0.15142012162162785
67,1438,1505,0.1514353203198654
67,1438,1505,0.15144918496104703
66,1438,1504,0.15146237819203953
65,1438,1503,0.15147637486205986
67,1447,1514,0.15149229318990712
69,1444,1513,0.151501531660276
67,1434,1501,0.15150592557118184
68,1449,1517,0.15151486763403688
66,1449,1515,0.1515211563508047
64,1461,1525,0.15153202866227392
66,1458,1524,0.15154661651464874
67,1443,1510,0.15155620071237375
66,1444,1510,0.15156133872712413
68,1454,1522,0.15156945105032166
66,1446,1512,0.1515721672661016
66,1455,1521,0.15157970209658767
71,1456,1527,0.1515873627264818
71,1455,1526,0.15157884680006653
73,1446,1519,0.15157190068067372
69,1447,1516,0.15156048680145656
70,1434,1504,0.15156023807883462
66,1437,1503,0.15155763724131255
69,1439,1508,0.1515646528477456
67,1442,1509,0.1515639065445943
68,1444,1512,0.1515686514198022
67,1459,1526,0.1515713706085414
65,1462,1527,0.15157723368075143
65,1454,1519,0.15158764289333426
66,1456,1522,0.1515977069112927
67,1461,1528,0.15160433889378144
64,1468,1532,0.15160786967575082
64,1477,1541,0.15161803090616405
64,1455,1519,0.15162816518826489
66,1454,1520,0.15163805506963382
66,1457,1523,0.151641325442315
65,1469,1534,0.15164451482654817
65,1464,1529,0.15165032514686513
64,1464,1528,0.1516563774214828
64,1459,1523,0.1516646975986301
65,1448,1513,0.15167163136072057
66,1437,1503,0.1516765135653222
67,1446,1513,0.15167844379726333
66,1442,1508,0.151676320477217
67,1446,1513,0.15167715710586477
65,1452,1517,0.15167532427039343
64,1448,1512,0.15167870110566606
62,1452,1514,0.15168500689368034
62,1454,1516,0.15169353306585326
66,1462,1528,0.15170093476876642
64,1466,1530,0.1516990944507194
67,1459,1526,0.15170136825900327
67,1454,1521,0.15169743569654806
68,1459,1527,0.1516945181871168
67,1461,1528,0.15169015655300697
65,1452,1517,0.1516888676866822
64,1455,1519,0.15169277705157694
63,1444,1507,0.1516986409715049
64,1436,1500,0.1517067988843361
65,1442,1507,0.15171122621537245
65,1447,1512,0.15171343155695147
64,1432,1496,0.1517146016770442
62,1445,1507,0.15171825736197644
64,1451,1515,0.15172663148772572
59,1441,1500,0.1517285631795436
61,1438,1499,0.15174290234367538
60,1447,1507,0.15175056164813022
57,1454,1511,0.1517605427058855
57,1444,1501,0.15177727472927421
58,1441,1499,0.1517934314434972
57,1455,1512,0.1518054756260378
57,1448,1505,0.1518189461511794
58,1452,1510,0.15183215482301393
56,1461,1517,0.15184245515663564
56,1469,1525,0.15185695981577546
59,1472,1531,0.1518709919939407
55,1470,1525,0.15187696128431954
51,1472,1523,0.15189220127940192
52,1471,1523,0.15191491425835738
51,1469,1520,0.15193385470151743
47,1468,1515,0.15195427443446546
45,1479,1524,0.15198244424931484
44,1468,1512,0.15201354089167382
45,1464,1509,0.1520451921954519
45,1462,1507,0.1520726331028695
47,1465,1512,0.15209868875328944
46,1457,1503,0.15211830763299045
47,1457,1504,0.15213765060515194
47,1464,1511,0.15215359278441634
48,1468,1516,0.15216863009623938
46,1473,1519,0.1521805588947533
47,1468,1515,0.15219651911212298
45,1467,1512,0.15220888717254244
45,1454,1499,0.15222553680108702
46,1470,1516,0.15224133805353454
44,1466,1510,0.15225397881864688
43,1463,1506,0.15226980630481457
45,1465,1510,0.15228731847000965
46,1462,1508,0.15229951756582036
47,1466,1513,0.1523080999375672
47,1469,1516,0.1523130515321337
47,1472,1519,0.15231819822396347
46,1480,1526,0.15232237465308973
47,1479,1526,0.15232896965211754
49,1474,1523,0.15233299771484712
50,1477,1527,0.15233173030243483
50,1478,1528,0.15232782693466304
50,1457,1507,0.15232475411064897
48,1453,1501,0.15232240438347852
52,1464,1516,0.15232499171031832
51,1442,1493,0.15231551827362658
48,1451,1499,0.15230951281719396
49,1462,1511,0.15231101289783514
48,1450,1498,0.15231076135989638
50,1450,1500,0.15231391332273173
50,1461,1511,0.15231150369571375
49,1460,1509,0.15230905078043652
48,1456,1504,0.15230982929761797
49,1466,1515,0.15231359544015846
51,1473,1524,0.15231392843972236
50,1462,1512,0.15230894469911793
51,1469,1520,0.15230690762933505
50,1462,1512,0.15230333242399285
51,1459,1510,0.15230269058607085
50,1455,1505,0.15229844853584687
49,1463,1512,0.1522973219925861
48,1467,1515,0.15229895474208502
47,1476,1523,0.15230129482531216
47,1473,1520,0.1523063473809582
48,1469,1517,0.1523115363671288
50,1466,1516,0.15231371432240004
51,1464,1515,0.1523106000611996
52,1459,1511,0.15230504126799396
54,1467,1521,0.15229725351019996
52,1466,1518,0.15228476982332537
52,1471,1523,0.15227810404078782
52,1474,1526,0.15227172513198603
50,1472,1522,0.1522664675662575
47,1469,1516,0.15226604358840956
48,1468,1516,0.1522730560845259
47,1466,1513,0.15227795489739482
47,1465,1512,0.15228523243097744
47,1477,1524,0.15229110979917007
47,1479,1526,0.15229651138985123
47,1471,1518,0.1523016958768067
44,1473,1517,0.15230662901489705
42,1477,1519,0.15231860045254655
41,1484,1525,0.15233485494926793
40,1486,1526,0.15235153997273596
41,1473,1514,0.15237000341088025
40,1464,1504,0.15238525588265786
38,1464,1502,0.15240210847467414
37,1464,1501,0.15242273850005347
34,1464,1498,0.15244448357430718
35,1459,1494,0.15247118654472494
36,1475,1511,0.15249432615361916
33,1473,1506,0.1525137927032301
32,1476,1508,0.1525389235698024
32,1478,1510,0.15256506442494028
31,1486,1517,0.15258981972498634
33,1476,1509,0.15261541555670224
33,1498,1531,0.15263336231032795
33,1491,1524,0.15265055814341696
33,1499,1532,0.15266668099297767
35,1487,1522,0.15268213250655802
36,1480,1516,0.1526913863561582
36,1491,1527,0.1526966126350911
36,1485,1521,0.15270202151766243
37,1493,1530,0.15270527539914536
37,1493,1530,0.1527065934707157
36,1500,1536,0.1527076889532815
36,1493,1529,0.15271148558290717
36,1488,1524,0.15271559507653465
37,1482,1519,0.1527199458949719
36,1483,1519,0.15272128944223864
38,1472,1510,0.15272519286827158
36,1465,1501,0.152724729614144
35,1463,1498,0.15272965589494508
35,1466,1501,0.15273695512803548
37,1470,1507,0.15274311263487086
38,1475,1513,0.15274350189580446
38,1489,1527,0.15274014716698386
37,1490,1527,0.1527376078556843
35,1488,1523,0.15273793034032127
36,1485,1521,0.1527438626174865
36,1485,1521,0.1527475896795379
36,1477,1513,0.15275064284802625
35,1467,1502,0.15275389786843124
33,1461,1494,0.15275956552166314
35,1480,1515,0.15276947268429258
33,1477,1510,0.15277362080644408
33,1490,1523,0.15278214880280663
36,1485,1521,0.15279048223297412
36,1479,1515,0.15279017855326024
35,1462,1497,0.15279035134668478
33,1450,1483,0.15279327059653933
34,1470,1504,0.1528007330643878
33,1477,1510,0.1528058413830746
33,1477,1510,0.1528131193178353
33,1490,1523,0.15282053920561983
33,1490,1523,0.152827707043736
32,1488,1520,0.15283461859885702
33,1480,1513,0.15284345481941636
33,1487,1520,0.15284887913064282
35,1487,1522,0.15285418743254073
36,1461,1497,0.15285340386287025
37,1450,1487,0.1528497690767391
36,1452,1488,0.1528435038183928
36,1468,1504,0.15284023326301793
37,1483,1520,0.1528365472749527
38,1475,1513,0.15283067696576916
38,1472,1510,0.15282334779468335
38,1477,1515,0.15281695114457364
38,1475,1513,0.15281138386290155
37,1473,1510,0.1528061874029955
39,1478,1517,0.15280384391292845
37,1482,1519,0.15279752603067343
39,1466,1505,0.15279533692451505
39,1453,1492,0.15278837314908456
37,1464,1501,0.15278127827440635
36,1470,1506,0.15278017731998353
35,1471,1506,0.15278081137500518
37,1479,1516,0.1527839590095396
36,1474,1510,0.15278244756145778
36,1462,1498,0.15278355858391637
36,1470,1506,0.1527843896996982
35,1481,1516,0.15278546966653392
36,1487,1523,0.15278849409482892
35,1496,1531,0.1527887033396157
37,1479,1516,0.1527910095625707
38,1470,1508,0.15278897532945435
39,1475,1514,0.1527831595577151
36,1491,1527,0.15277587900483472
37,1490,1527,0.152776603795657
37,1483,1520,0.1527750899156368
38,1479,1517,0.1527741194386419
39,1476,1515,0.15276984325039963
40,1468,1508,0.15276414763883422
39,1470,1509,0.15275623465433097
39,1462,1501,0.15275150771130921
39,1479,1518,0.15274753712012068
38,1487,1525,0.15274412812518842
36,1496,1532,0.15274349224551748
36,1497,1533,0.15274797798027287
35,1476,1511,0.1527524742003858
36,1469,1505,0.15275924147932593
35,1473,1508,0.15276257495458584
34,1484,1518,0.15276789260187934
34,1491,1525,0.15277622322979106
33,1488,1521,0.15278423073955374
31,1485,1516,0.152794170499822
32,1497,1529,0.15280819109262775
31,1498,1529,0.15281908828507423
30,1484,1514,0.1528315745164185
31,1479,1510,0.15284452959106054
30,1481,1511,0.15285360798338213
29,1490,1519,0.15286455893658843
29,1488,1517,0.15287725715265132
29,1481,1510,0.15288934442835053
28,1490,1518,0.15290040226809906
27,1489,1516,0.15291315334950992
26,1481,1507,0.15292750166721292
25,1487,1512,0.15294319167361484
25,1490,1515,0.15296027269416232
25,1485,1510,0.15297643075446854
26,1489,1515,0.15299113174647697
24,1480,1504,0.1530028228961589
27,1496,1523,0.15301736565975557
28,1493,1521,0.15302341910272174
27,1491,1518,0.15302649147331937
25,1488,1513,0.15303230064474202
25,1490,1515,0.15304239527536342
24,1497,1521,0.1530521819711758
24,1476,1500,0.15306381288147844
22,1494,1516,0.15307498599189126
23,1484,1507,0.15309030081621736
23,1488,1511,0.1531026566204124
22,1491,1513,0.15311442757112778
22,1477,1499,0.15312778978554248
20,1477,1497,0.15314047569073874
19,1480,1499,0.1531569311390141
19,1486,1505,0.1531748284083022
19,1485,1504,0.15319153149048387
19,1485,1504,0.15320729776136435
19,1491,1510,0.1532215141767738
19,1495,1514,0.15323461335026786
19,1500,1519,0.1532463640967803
18,1505,1523,0.15325746841129984
17,1506,1523,0.15327088109937295
16,1496,1512,0.1532857410058711
15,1500,1515,0.1533019591626268
15,1503,1518,0.15331869816510502
17,1506,1523,0.1533345801001691
19,1507,1526,0.15334378018511846
20,1510,1530,0.1533457772407055
19,1510,1529,0.15334576413743467
18,1510,1528,0.1533483969025796
18,1519,1537,0.15335367234460706
19,1510,1529,0.15335900203356684
18,1510,1528,0.15336119301901432
18,1493,1511,0.15336595101845227
19,1486,1505,0.15337076843308783
19,1487,1506,0.15337299588468578
19,1484,1503,0.15337541681605132
20,1491,1511,0.15337798788430676
19,1501,1520,0.15337795117921982
18,1487,1505,0.15338040188998825
18,1501,1519,0.15338499508687037
17,1495,1512,0.1533896208260769
17,1492,1509,0.15339658628521322
16,1492,1508,0.15340330664638702
16,1496,1512,0.1534119128166196
15,1499,1514,0.15342012929335747
16,1498,1514,0.15343027955871208
16,1506,1522,0.1534366562735529
16,1505,1521,0.15344284856962528
15,1492,1507,0.15344884783228083
15,1508,1523,0.1534568285613978
14,1495,1509,0.15346447026310733
13,1500,1513,0.15347394073394716
13,1504,1517,0.15348571215810813
13,1495,1508,0.15349681776643742
12,1499,1511,0.15350729293497603
11,1499,1510,0.15351942064356186
11,1511,1522,0.15353306369801958
11,1503,1514,0.15354589536156552
10,1511,1521,0.15355796289684454
10,1491,1501,0.15357146391875534
9,1496,1505,0.15358415580089088
9,1500,1509,0.15359823500553801
9,1491,1500,0.153611467903928
9,1493,1502,0.1536239048024816
9,1519,1528,0.1536355930728023
8,1513,1521,0.15364657731739143
8,1518,1526,0.15365907204847004
8,1517,1525,0.1536708115425553
8,1513,1521,0.15368184116281408
7,1516,1523,0.15369220357564123
6,1516,1522,0.15370411189003705
6,1501,1507,0.1537168497716334
7,1500,1507,0.15372887450475606
8,1512,1520,0.15373794663454174
9,1503,1512,0.15374416860320406
8,1494,1502,0.1537469473116292
8,1494,1502,0.15375185969726568
8,1496,1504,0.1537566226152751
8,1490,1498,0.15376123090909682
8,1509,1517,0.15376568109415406
8,1513,1521,0.1537699711267254
8,1524,1532,0.15377410019920354
7,1521,1528,0.1537780685589615
7,1516,1523,0.15378412083920334
7,1497,1504,0.15378987203300862
7,1510,1517,0.15379533405886797
7,1506,1513,0.15380051871941583
7,1509,1516,0.15380543765052482
7,1506,1513,0.15381010227900677
7,1502,1509,0.15381452378787291
6,1502,1508,0.15381871308822023
7,1495,1502,0.15382482477182674
5,1495,1500,0.15382744025610567
6,1510,1516,0.15383538057232024
6,1495,1501,0.1538405055440319
5,1502,1507,0.1538453464494984
5,1504,1509,0.15385206718001945
5,1515,1520,0.1538584023036929
5,1499,1504,0.153864372968501
4,1504,1508,0.15386999926248116
3,1496,1499,0.15387744221539423
3,1506,1509,0.15388669024944732
3,1500,1503,0.15389538088658752
3,1498,1501,0.1539035475068878
3,1515,1518,0.15391122151241476
3,1510,1513,0.15391843244238848
3,1511,1514,0.15392520808183968
3,1507,1510,0.15393157456411166
3,1513,1516,0.1539375564675374
3,1497,1500,0.15394317690660575
3,1506,1509,0.15394845761791676
3,1505,1508,0.15395341904121082
3,1518,1521,0.1539580803957409
3,1508,1511,0.15396245975224587
3,1508,1511,0.15396657410076786
3,1510,1513,0.15397043941454516
3,1511,1514,0.15397407071019967
3,1515,1518,0.15397748210442674
3,1519,1522,0.15398068686738445
3,1512,1515,0.1539836974729682
2,1513,1515,0.1539865256461476
2,1516,1518,0.15399135504830042
2,1519,1521,0.15399589192298074
2,1503,1505,0.15400015396151204
2,1514,1516,0.15400415778800028
2,1516,1518,0.1540079190234497
2,1513,1515,0.15401145234605218
2,1514,1516,0.15401477154787638
2,1516,1518,0.15401788958816887
2,1500,1502,0.1540208186434681
2,1518,1520,0.1540235701547197
2,1507,1509,0.15402615487157145
2,1501,1503,0.1540285828940143
2,1510,1512,0.15403086371152788
2,1522,1524,0.15403300623987864
2,1525,1527,0.15403501885571028
2,1518,1520,0.1540369094290577
2,1529,1531,0.1540386853539084
2,1522,1524,0.15404035357692825
2,1514,1516,0.15404192062445993
2,1510,1512,0.15404339262789876
1,1532,1533,0.15404477534754157
1,1528,1529,0.15404822057565898
1,1521,1522,0.15405145720242763
1,1523,1524,0.15405449782259104
1,1510,1511,0.1540573542739345
1,1517,1518,0.1540600376824406
1,1512,1513,0.15406255850478398
1,1521,1522,0.1540649265683189
1,1519,1520,0.15406715110870503
1,1523,1524,0.15406924080530737
1,1525,1526,0.154071203814501
1,1519,1520,0.154073047801001
1,1512,1513,0.15407477996733365
1,1521,1522,0.15407640708155756
1,1527,1528,0.15407793550333612
1,1517,1518,0.15407937120845897
1,1515,1516,0.1540807198119027
1,1524,1525,0.15408198658951716
1,1509,1510,0.1540831764984178
1,1508,1509,0.1540842941961606
1,1512,1513,0.1540853440587716
1,1517,1518,0.15408633019769785
1,1520,1521,0.1540872564757447
1,1527,1528,0.15408812652205875
1,1521,1522,0.15408894374621285
1,1512,1513,0.1540897113514474
1,1513,1514,0.15409043234711695
1,1513,1514,0.15409110956039002
0,1506,1506,0.15409174564724606
