1381,26,1407,0.13579592015444603
1413,27,1440,0.13291075451729284
1425,31,1456,0.13019997173245967
1446,31,1477,0.1277006130123291
1435,33,1468,0.125371238424228
1454,35,1489,0.12328371893738428
1467,36,1503,0.12133567319524693
1463,37,1500,0.11953075794638807
1472,36,1508,0.11790066534389858
1464,35,1499,0.11639481293630383
1455,37,1492,0.11504505775233341
1463,37,1500,0.11384367944206958
1467,37,1504,0.11273134246531936
1468,38,1506,0.1117112854622567
1470,38,1508,0.11078174243657263
1458,39,1497,0.10993345037085593
1458,40,1498,0.10919100869298194
1448,40,1488,0.10851597660565368
1451,41,1492,0.10792937670707581
1454,41,1495,0.10738914611723899
1451,42,1493,0.10689092954530154
1450,41,1491,0.10644447867280454
1457,42,1499,0.10604286584794836
1455,41,1496,0.10566394648825365
1461,42,1503,0.1053246355994293
1463,42,1505,0.10499950041446127
1462,42,1504,0.10469796828399877
1453,41,1494,0.10442647001946945
1458,41,1499,0.10420099331638788
1442,41,1483,0.1039860526781559
1438,40,1478,0.1038252673682646
1451,40,1491,0.1036884004877443
1450,41,1491,0.10353681449431548
1456,43,1499,0.10340051806444137
1454,43,1497,0.10326075790939669
1452,43,1495,0.10313727989079545
1455,44,1499,0.10303207097872022
1451,45,1496,0.10292938435703743
1461,45,1506,0.10284609312859953
1447,44,1491,0.10274663366058913
1450,44,1494,0.10268785730131043
1447,45,1492,0.10262781178805196
1441,44,1485,0.10258132366849422
1447,45,1492,0.10255182420017712
1443,44,1487,0.1025130080590282
1444,42,1486,0.10248765617975757
1444,44,1488,0.1024638737080704
1443,47,1490,0.10244167835889897
1463,47,1510,0.10242303176404896
1458,48,1506,0.10235993528108217
1458,49,1507,0.10231324299096417
1459,52,1511,0.10227093477663501
1452,51,1503,0.10223250701836147
1435,53,1488,0.10221369920810128
1448,52,1500,0.10223386226461212
1449,51,1500,0.10222278966324233
1452,52,1504,0.10221172761688965
1438,52,1490,0.10219542007775552
1421,52,1473,0.10221224968414035
1420,53,1473,0.10226438097167659
1421,54,1475,0.10231637423055119
1440,55,1495,0.10236334394993582
1442,55,1497,0.10236375040075024
1444,57,1501,0.10236106753293121
1449,55,1504,0.10235464736534819
1436,56,1492,0.10233737083549482
1444,56,1500,0.1023511379313576
1450,55,1505,0.10234577629436646
1456,55,1511,0.10232287002702779
1455,57,1512,0.10229058768727775
1442,58,1500,0.10226150054760286
1439,59,1498,0.10226381402958941
1430,62,1492,0.10227430509133693
1436,59,1495,0.10230601541795181
1445,61,1506,0.10232350974691826
1447,62,1509,0.10231713260341864
1436,63,1499,0.10230552531004534
1438,63,1501,0.1023223749055772
1446,60,1506,0.10233519934394629
1442,60,1502,0.10232903553315083
1440,60,1500,0.10233269816294133
1434,59,1493,0.10234256793727171
1416,60,1476,0.10236501004983228
1415,60,1475,0.10242675421981329
1408,61,1469,0.10248549073513413
1418,64,1482,0.10255680636435116
1424,67,1491,0.10260059298385692
1423,65,1488,0.10262790329706441
1432,69,1501,0.10265429034801063
1433,67,1500,0.10265667914567146
1414,69,1483,0.10265463514188897
1419,69,1488,0.10269613761803922
1411,69,1480,0.10272424415803842
1415,69,1484,0.10276701469348598
1417,68,1485,0.10279913201154599
1427,73,1500,0.10282112367330382
1404,75,1479,0.10281877771489928
1392,78,1470,0.1028709010024112
1399,79,1478,0.10294676920142823
1398,78,1476,0.10300386629735069
1405,81,1486,0.103057716930977
1407,80,1487,0.10309138166521478
1408,80,1488,0.10311790072687387
1407,79,1486,0.10314100203408319
1418,81,1499,0.10316401049071153
1423,83,1506,0.10316166573639432
1421,82,1503,0.10314921313829142
1423,77,1500,0.10314104395263074
1425,77,1502,0.10312844016644988
1428,77,1505,0.10311331175940879
1418,76,1494,0.10309161057644949
1424,78,1502,0.10309630691129983
1429,79,1508,0.10308536389271578
1430,80,1510,0.10306529394800214
1417,78,1495,0.10304474016005624
1409,78,1487,0.10305620299182575
1405,78,1483,0.10308408373741423
1410,81,1491,0.1031203274366551
1400,80,1480,0.10314130007942028
1406,80,1486,0.10318405462261747
1399,82,1481,0.103211985752738
1397,83,1480,0.10325722576322648
1422,82,1504,0.10330170481452994
1425,86,1511,0.10328390552752278
1416,83,1499,0.10325930934532725
1414,85,1499,0.10325718834911232
1416,85,1501,0.10326032273841097
1398,86,1484,0.10325792703985759
1408,84,1492,0.10329592134565177
1393,87,1480,0.10330604891167755
1391,87,1478,0.10334854134127934
1398,87,1485,0.10339467430296655
1386,86,1472,0.10342066416886349
1400,85,1485,0.10347365976453929
1403,81,1484,0.10349028799079121
1401,77,1478,0.103495966866127
1408,81,1489,0.1035034055432483
1408,81,1489,0.10349690920719219
1404,79,1483,0.10349121675663994
1403,80,1483,0.10349462628942195
1422,81,1503,0.10350033304835644
1413,80,1493,0.10346298507564669
1412,85,1497,0.1034497599772392
1422,87,1509,0.10344149720961987
1408,87,1495,0.10341132508185101
1410,89,1499,0.10341461183387611
1415,88,1503,0.10341453622066474
1412,89,1501,0.10340181108094831
1406,89,1495,0.10339651568207586
1407,90,1497,0.10340461692539567
1402,87,1489,0.1034109101897614
1401,86,1487,0.1034290952396143
1407,86,1493,0.10344846697240709
1405,85,1490,0.10345111555769675
1399,86,1485,0.10345841604593872
1418,86,1504,0.10347714571464355
1409,84,1493,0.10345403888721443
1406,87,1493,0.10345209470603774
1417,85,1502,0.10345795183194877
1414,85,1499,0.10343870943258043
1429,86,1515,0.1034266500983583
1419,87,1506,0.10338231418918471
1416,86,1502,0.10336529933047318
1423,89,1512,0.10335773529693151
1417,90,1507,0.10333247300296078
1419,88,1507,0.10332124297843176
1420,87,1507,0.10330736521867159
1406,85,1491,0.10329529861577337
1390,85,1475,0.1033150351324478
1408,86,1494,0.10336973051117575
1405,88,1493,0.10338101358480803
1409,85,1494,0.10339628070759954
1408,88,1496,0.10340302619486577
1408,88,1496,0.10340864952262564
1408,86,1494,0.10341314100272975
1413,86,1499,0.10341609951230189
1415,85,1500,0.1034101030074015
1407,87,1494,0.10339695900480578
1408,85,1493,0.10340357772021744
1392,87,1479,0.10341016301456751
1389,89,1478,0.10345089789159885
1390,90,1480,0.10349737909488187
1406,91,1497,0.10353609830658222
1410,91,1501,0.10353498261489609
1420,91,1511,0.10352596342598432
1422,93,1515,0.10349520916257336
1410,91,1501,0.10346381115687553
1415,88,1503,0.10346159097094773
1414,90,1504,0.10344711539590595
1410,89,1499,0.10343621852812898
1411,87,1498,0.1034379301368983
1422,88,1510,0.1034359541329237
1422,88,1510,0.10340959805327742
1415,92,1507,0.1033849666385385
1407,94,1501,0.10337703961668523
1394,96,1490,0.10338846182542921
1397,99,1496,0.10342931533431407
1396,103,1499,0.103461655309209
1391,102,1493,0.10349595115912717
1389,104,1493,0.10353876815477857
1387,104,1491,0.10358323818098399
1389,102,1491,0.10362832543505913
1376,103,1479,0.10366515110645341
1378,101,1479,0.1037287011175804
1398,101,1499,0.1037816161750539
1385,104,1489,0.10378719653502987
1405,104,1509,0.10382229948297315
1387,106,1493,0.10380916619739936
1387,110,1497,0.10383800801607311
1390,112,1502,0.10386241761868434
1379,112,1491,0.10387749982755196
1388,114,1502,0.10391707786517365
1385,119,1504,0.10393513318734904
1377,120,1497,0.10395928975151086
1367,118,1485,0.10399930446092055
1370,119,1489,0.10405792308432077
1383,118,1501,0.1041077143870401
1388,120,1508,0.10412516688006136
1381,119,1500,0.10413324241019435
1385,120,1505,0.10415537385270007
1385,120,1505,0.10416832675116879
1379,121,1500,0.10417906832129606
1378,123,1501,0.10420202030124315
1374,125,1499,0.10422847211664273
1378,124,1502,0.10426268398679486
1366,127,1493,0.10428494191167555
1356,129,1485,0.10433181372786159
1356,130,1486,0.10439920868607157
1358,134,1492,0.10446278814828996
1358,131,1489,0.10451668910694839
1362,129,1491,0.10456790949803989
1362,132,1494,0.10460474064347608
1366,131,1497,0.10463836709817578
1373,127,1500,0.10466006545510151
1375,123,1498,0.10466368551309975
1376,126,1502,0.10465939827422893
1371,128,1499,0.10465378292143282
1361,128,1489,0.10465966458570261
1361,126,1487,0.10468672821957659
1368,129,1497,0.10471145551687372
1368,130,1498,0.10471937101804837
1376,130,1506,0.10472768349093813
1373,129,1502,0.10471961914327312
1374,130,1504,0.10471766284055012
1380,131,1511,0.10471423398714805
1378,130,1508,0.10469836184131591
1382,129,1511,0.10468926993433286
1368,125,1493,0.10467171700686353
1359,127,1486,0.10468721670274135
1364,128,1492,0.10472139759242652
1364,125,1489,0.1047444331887021
1373,126,1499,0.10476522889157089
1370,123,1493,0.10476430844493248
1371,123,1494,0.10476929519780656
1381,122,1503,0.10477393370619453
1385,121,1506,0.10475453604159465
1385,120,1505,0.1047229296687327
1370,122,1492,0.10469047680429683
1360,121,1481,0.10469412591976375
1373,123,1496,0.10471758608820406
1373,121,1494,0.1047101626709409
1375,122,1497,0.10470478049058904
1374,120,1494,0.10469952639609194
1371,122,1493,0.10469740890962725
1369,123,1492,0.10469957976453709
1372,119,1491,0.10470553351656862
1384,123,1507,0.10470352201608189
1377,126,1503,0.10467641564975633
1370,127,1497,0.10466542723797431
1354,130,1484,0.1046722142611097
1349,126,1475,0.10471571691142056
1363,128,1491,0.10476670697504385
1360,131,1491,0.10478317587193078
1366,133,1499,0.1048068684608453
1374,140,1514,0.10481512924039144
1363,144,1507,0.10480442855005634
1361,146,1507,0.10481738971768571
1345,145,1490,0.10483652844983851
1357,148,1505,0.10488988424425305
1349,146,1495,0.10491434245277363
1356,147,1503,0.10495849049930102
1362,146,1508,0.10498120034040333
1356,147,1503,0.1049901114712876
1355,148,1503,0.10501041072407023
1351,151,1502,0.10503347139912353
1349,153,1502,0.10506357076403773
1345,154,1499,0.10509416339362546
1342,153,1495,0.10513181855122912
1338,152,1490,0.10517482361530232
1339,158,1497,0.10522357835352512
1349,158,1507,0.1052644568051902
1357,160,1517,0.10528110967023899
1349,157,1506,0.10527867919316901
1352,154,1506,0.1052962236669464
1346,156,1502,0.10530746373602701
1341,159,1500,0.10533225371408567
1334,160,1494,0.10536620593507681
1326,164,1490,0.10541036342059978
1332,169,1501,0.10547182252515729
1333,170,1503,0.10551368866928193
1327,169,1496,0.10555148407066316
1321,167,1488,0.105603522492504
1319,171,1490,0.10566650649840081
1319,171,1490,0.10572741732211277
1319,175,1494,0.10578476539944116
1319,178,1497,0.10584036039781924
1313,178,1491,0.10589293059706645
1318,181,1499,0.10595421749799748
1314,181,1495,0.10600077227186697
1313,182,1495,0.10605388982217408
1302,183,1485,0.10610853644113163
1312,181,1493,0.10618382711700436
1313,178,1491,0.10623130340983793
1320,174,1494,0.10627250402751659
1303,174,1477,0.10629522794860818
1311,174,1485,0.10635099695412373
1307,176,1483,0.10638448765672706
1298,183,1481,0.10642657592640685
1303,187,1490,0.10648647534271503
1303,185,1488,0.10653141572090374
1299,186,1485,0.10657468848384428
1314,183,1497,0.10662009253576514
1311,182,1493,0.10662695664003924
1320,184,1504,0.10663904713024305
1317,187,1504,0.10662737693056404
1314,183,1497,0.10662322424891077
1311,184,1495,0.10662824109593974
1317,179,1496,0.10664038956413027
1292,178,1470,0.10663455210547554
1305,176,1481,0.10668700007927978
1300,179,1479,0.10670694828119487
1310,176,1486,0.10673664082365063
1324,170,1494,0.10673848622619243
1322,173,1495,0.10671002532156669
1323,175,1498,0.10668643823557442
1308,177,1485,0.1066608313207578
1313,182,1495,0.1066745715205953
1312,179,1491,0.10667708653168603
1319,177,1496,0.10668023591480341
1296,176,1472,0.10666725993064967
1306,180,1486,0.10670801386082726
1307,182,1489,0.10672487940852417
1310,184,1494,0.10673752865947407
1319,185,1504,0.10674024661414143
1317,189,1506,0.1067214267165883
1318,191,1509,0.10670918515032322
1316,195,1511,0.10669753609985837
1307,199,1506,0.10669443774076186
1286,202,1488,0.10671238643821507
1287,206,1493,0.10677693281876972
1295,208,1503,0.10683720209315656
1291,206,1497,0.1068741219957456
1278,204,1482,0.10691612744986813
1292,205,1497,0.10698452355540283
1286,204,1490,0.10701833828456142
1273,205,1478,0.10706542289138463
1270,206,1476,0.10713665056899863
1268,209,1477,0.10720720367683662
1269,207,1476,0.10727767625646333
1272,213,1485,0.10734150018158202
1278,218,1496,0.10739630095134874
1271,217,1488,0.10743178168548859
1260,218,1478,0.10748140416312131
1267,215,1482,0.1075533128383697
1274,215,1489,0.10760285641008328
1278,213,1491,0.10763221979666607
1282,213,1495,0.10765030738440834
1283,210,1493,0.10765574179122049
1287,216,1503,0.10766022919661761
1271,218,1489,0.1076563297878389
1266,215,1481,0.10768989641042126
1258,216,1474,0.10773307996343073
1260,218,1478,0.10778920328140322
1274,224,1498,0.10783771890565508
1273,226,1499,0.10785158736612908
1273,225,1498,0.1078640395867852
1275,225,1500,0.10787521072986526
1271,225,1496,0.10788286103846825
1288,230,1518,0.10790009011373723
1283,230,1513,0.1078751918817045
1272,226,1498,0.10786436325609355
1273,231,1504,0.10787911351275291
1271,234,1505,0.10789385346318733
1269,237,1506,0.10791654327593087
1268,234,1502,0.10794199880839597
1252,235,1487,0.10796697251144366
1244,236,1480,0.10802516250823899
1255,239,1494,0.10809994394915322
1257,238,1495,0.10814483911032341
1256,241,1497,0.10817916071492949
1258,235,1493,0.10821421108305049
1248,239,1487,0.1082426555982737
1246,243,1489,0.10829157710604818
1246,243,1489,0.10833984608574244
1247,247,1494,0.10838360308389011
1243,245,1488,0.10842220920020146
1237,244,1481,0.10846982037754589
1239,246,1485,0.10852779804366967
1250,249,1499,0.10857988222016114
1252,253,1505,0.10860166251545746
1264,251,1515,0.1086162047841123
1267,254,1521,0.10860379850034133
1247,251,1498,0.10858762161235923
1253,253,1506,0.10861990644912954
1247,256,1503,0.10863693207899679
1245,252,1497,0.10866506517785242
1238,250,1488,0.10869296374246738
1245,252,1497,0.10873634321202069
1240,249,1489,0.10876056577301434
1238,249,1487,0.10879693756143258
1233,251,1484,0.10883659850960598
1233,248,1481,0.10888521418168504
1215,248,1463,0.10892855574759737
1224,247,1471,0.1090084405092987
1234,253,1487,0.10905967962575573
1247,252,1499,0.10908144519042601
1257,254,1511,0.10907132915844354
1244,256,1500,0.1090388043445892
1239,256,1495,0.10904136293785253
1244,257,1501,0.10905593352478701
1251,264,1515,0.10905790133207148
1235,265,1500,0.10904579379415552
1243,267,1510,0.10907093840785005
1235,272,1507,0.10907727811176246
1225,276,1501,0.10910076058869063
1225,274,1499,0.10914618700261258
1232,274,1506,0.10919087940072685
1219,275,1494,0.10921812807059783
1213,282,1495,0.10927377864680739
1205,284,1489,0.1093403156143599
1212,282,1494,0.1094229899325785
1199,279,1478,0.10948264341971764
1214,280,1494,0.10956663629876706
1217,278,1495,0.10960803557124583
1219,280,1499,0.10963724337309301
1219,283,1502,0.10966105584485135
1212,285,1497,0.10968338144448525
1209,280,1489,0.109721950450034
1203,277,1480,0.10976597177744814
1206,275,1481,0.10982092475724588
1199,282,1481,0.10986254082490994
1203,285,1488,0.10991562369896662
1208,284,1492,0.10995648602676543
1217,281,1498,0.10998653410889758
1227,277,1504,0.10998867012575747
1228,274,1502,0.10997006810030323
1239,277,1516,0.10995045577634606
1239,283,1522,0.10990742794013243
1227,280,1507,0.10986818433964483
1216,277,1493,0.10986104222180508
1214,276,1490,0.10987651148651413
1217,279,1496,0.10989549246708276
1223,277,1500,0.1099082941138436
1235,280,1515,0.10990173365027754
1234,273,1507,0.10986778694899399
1226,281,1507,0.10984084070322149
1223,283,1506,0.10983699825314307
1210,284,1494,0.10983856422812932
1196,279,1475,0.1098727863849269
1192,285,1477,0.10993736960044882
1195,284,1479,0.11000583348702232
1195,282,1477,0.1100656221061636
1199,284,1483,0.11012148210240123
1200,284,1484,0.11016466548512527
1211,280,1491,0.11019963077691657
1220,282,1502,0.11020841707534017
1201,284,1485,0.11019472187109443
1201,285,1486,0.11022120892184346
1208,286,1494,0.1102464608509959
1204,289,1493,0.11025311594552932
1217,288,1505,0.1102720206615049
1212,289,1501,0.11026098972256969
1223,292,1515,0.11026121666735879
1220,294,1514,0.11023378704449699
1210,294,1504,0.11021875322456355
1204,298,1502,0.110228390373693
1195,296,1491,0.11025197761840118
1201,298,1499,0.11029353503846749
1200,298,1498,0.11032135645417593
1204,298,1502,0.11035122970083969
1205,298,1503,0.1103694742870265
1210,297,1507,0.11038559064307968
1209,294,1503,0.11038838699799516
1210,301,1511,0.1103914633005665
1213,296,1509,0.11039399508763058
1207,300,1507,0.11039273031887503
1199,304,1503,0.11040445922193819
1206,299,1505,0.11043338213647036
1198,299,1497,0.11044441439037925
1194,303,1497,0.11047127264894051
1170,309,1479,0.11050396792323518
1191,311,1502,0.11058918189554219
1190,313,1503,0.1106230255898575
1195,312,1507,0.11066033800089105
1193,307,1500,0.11067863662342102
1192,310,1502,0.1107011464676987
1183,304,1487,0.11072362443449883
1186,306,1492,0.11076387322560936
1196,304,1500,0.11079201714270873
1206,309,1515,0.11079603053707707
1205,305,1510,0.11077783987766726
1200,306,1506,0.11076484939302457
1202,312,1514,0.11076734870071617
1198,317,1515,0.11076623334850694
1179,316,1495,0.11077709061289173
1186,324,1510,0.11083163037686479
1175,331,1506,0.11086653428455691
1173,332,1505,0.11092440663612033
1178,332,1510,0.11098154419480895
1175,328,1503,0.11102590730905616
1174,327,1501,0.11107219157839059
1168,323,1491,0.11111848844891492
1183,321,1504,0.11117498266409312
1178,321,1499,0.11119311901193207
1179,323,1502,0.11122074460331526
1175,326,1501,0.11124375202960725
1177,325,1502,0.11127678845649966
1170,324,1494,0.11130159609098669
1175,322,1497,0.11133951783018642
1175,321,1496,0.11136137497153513
1168,323,1491,0.11137972924185022
1173,329,1502,0.11141229963964897
1170,330,1500,0.1114325319935453
1170,327,1497,0.11145867875527381
1154,333,1487,0.11148141609767119
1161,324,1485,0.11153826777835142
1155,328,1483,0.11157575923261533
1163,325,1488,0.1116231056860894
1158,328,1486,0.11164970669899703
1162,322,1484,0.11168607808522546
1171,320,1491,0.11171062923936667
1176,319,1495,0.1117130162767842
1173,324,1497,0.11170107443979715
1172,328,1500,0.11169576242588967
1181,333,1514,0.11169551724716817
1173,340,1513,0.11167575180534048
1174,341,1515,0.11167842238157394
1163,345,1508,0.11168028648239572
1167,341,1508,0.11170966344398209
1169,338,1507,0.11172725594182918
1155,334,1489,0.11173944833057291
1150,344,1494,0.11178280055275752
1145,345,1490,0.11183526032524924
1158,343,1501,0.11189657919783269
1152,345,1497,0.11192178170432492
1146,341,1487,0.11196050610243294
1152,347,1499,0.1120082938114458
1152,346,1498,0.11203431552155863
1158,345,1503,0.11205718010450622
1165,347,1512,0.11206509335437882
1163,342,1505,0.11205634138153119
1163,352,1515,0.11205461966785261
1166,355,1521,0.11205705798187958
1165,350,1515,0.11205286762465048
1164,355,1519,0.11205297713590198
1159,356,1515,0.112053948238525
1144,351,1495,0.1120672388567112
1142,356,1498,0.11211422669042466
1131,357,1488,0.11216123310076127
1123,356,1479,0.11222988114497504
1115,364,1479,0.11231044481711029
1111,367,1478,0.11240330098331146
1124,364,1488,0.11249951987051517
1136,365,1501,0.11256052511499098
1138,367,1505,0.11259014942725783
1145,366,1511,0.1126138552285212
1143,365,1508,0.11262006409697278
1133,371,1504,0.11262847831116155
1134,372,1506,0.11265910328354888
1130,369,1499,0.11268798397321766
1120,370,1490,0.112726595861091
1110,375,1485,0.11278604776927778
1115,383,1498,0.11286513360852313
1112,394,1506,0.1129288379709302
1113,394,1507,0.11299491199647059
1096,398,1494,0.11305502146264637
1100,397,1497,0.11314749579885323
1098,397,1495,0.11322571088407773
1094,402,1496,0.11330235052348143
1103,404,1507,0.11338134718036348
1093,401,1494,0.11343091201001514
1095,406,1501,0.11350222470404493
1096,407,1503,0.11356919333663926
1099,403,1502,0.11362851078466817
1100,409,1509,0.11367578953457017
1096,412,1508,0.113716157527056
1090,416,1506,0.1137654371146272
1084,419,1503,0.11382640438971087
1079,419,1498,0.11389687023093326
1087,416,1503,0.1139756025423706
1088,413,1501,0.11403054472831085
1091,415,1506,0.11408065072450739
1088,411,1499,0.1141197309750555
1071,409,1480,0.11416243487427133
1080,411,1491,0.11424258877100205
1082,417,1499,0.11429404180847376
1086,420,1506,0.11433509562307259
1081,420,1501,0.11436268080239305
1079,420,1499,0.11440246419358199
1072,413,1485,0.11444357843496704
1082,413,1495,0.11449616079804283
1090,414,1504,0.11452197252460918
1088,408,1496,0.11452855634958575
1089,399,1488,0.11453877782760902
1085,400,1485,0.11454626235529161
1089,403,1492,0.11455996386818919
1098,401,1499,0.11456469501905618
1100,402,1502,0.11454527071462184
1096,402,1498,0.11452139873827384
1090,408,1498,0.1145081957054088
1086,413,1499,0.11451097533728585
1081,413,1494,0.11452652047490211
1073,413,1486,0.11455291758302032
1076,413,1489,0.11459391144604808
1085,415,1500,0.11462339387799073
1078,415,1493,0.11463087563935481
1076,418,1494,0.11465444719803378
1076,422,1498,0.11468152347843295
1078,422,1500,0.11470648068142786
1073,418,1491,0.11472569787105616
1085,414,1499,0.114754755943179
1081,423,1504,0.1147520524520012
1092,424,1516,0.11476092247547809
1084,428,1512,0.1147441120364053
1087,427,1514,0.11474640744776586
1067,427,1494,0.11474027603664325
1072,430,1502,0.11478103618867108
1070,428,1498,0.11480630723623544
1067,422,1489,0.11483634964266722
1072,420,1492,0.1148733761363538
1079,415,1494,0.11489328365740333
1076,420,1496,0.1148950256853693
1071,417,1488,0.11490533484862317
1075,425,1500,0.11492728903030779
1071,428,1499,0.11494097460335931
1068,431,1499,0.11496401508259307
1067,435,1502,0.11499025190899644
1063,435,1498,0.11501698431098795
1064,440,1504,0.11505178394255154
1075,444,1519,0.11508132586647662
1061,442,1503,0.11508343902364729
1072,444,1516,0.11512055308468674
1072,454,1526,0.11513132178837476
1066,456,1522,0.11514305246194895
1059,449,1508,0.11516878019043528
1066,454,1520,0.11520965404607499
1060,450,1510,0.11523350698931598
1053,456,1509,0.1152652728563959
1043,454,1497,0.11530893877208111
1045,450,1495,0.11537672745605607
1061,454,1515,0.11543333654269769
1062,450,1512,0.11544768592541647
1063,449,1512,0.11545754372485628
1056,453,1509,0.11546305714995507
1044,453,1497,0.1154853959253818
1047,451,1498,0.11553264774677247
1042,453,1495,0.11557335036934216
1046,453,1499,0.1156187991640769
1044,453,1497,0.11565257877456954
1051,453,1504,0.11568821751059392
1043,456,1499,0.11570423800845323
1041,452,1493,0.11574109426368834
1034,456,1490,0.11578042950829705
1032,462,1494,0.11583360921688715
1022,467,1489,0.11588674369494052
1027,471,1498,0.11596019021794916
1033,466,1499,0.11601867721603613
1042,475,1517,0.116057089366887
1039,469,1508,0.11606971081651858
1036,464,1500,0.11608676240769533
1017,470,1487,0.1161088925343649
1024,473,1497,0.11617669767902453
1019,477,1496,0.11622566208429745
1014,475,1489,0.11628464158266602
1011,471,1482,0.11635399825855842
1021,482,1503,0.11642563306509306
1033,483,1516,0.11646763091164508
1039,481,1520,0.11647911075364024
1030,484,1514,0.1164750902758541
1024,477,1501,0.11649024364386833
1027,474,1501,0.11651617931091429
1025,478,1503,0.11653762783991443
1026,479,1505,0.11655890065403217
1028,479,1507,0.11657634373238128
1019,480,1499,0.11658851539493927
1016,474,1490,0.11662251182127212
1011,479,1490,0.11666346641000004
1012,488,1500,0.11671182948383993
1017,495,1512,0.11675427569925993
1006,498,1504,0.11678179372535182
1005,489,1494,0.11683303816944958
1002,494,1496,0.11688691876929132
992,492,1484,0.11694273945159486
989,487,1476,0.11702059089129571
992,496,1488,0.11709878036186758
1004,491,1495,0.11716553297699964
1005,492,1497,0.1171981972840486
1012,502,1514,0.11722594596975591
1005,500,1505,0.11723615158514379
1014,492,1506,0.11726314827882804
1013,495,1508,0.11726427237544938
1008,495,1503,0.11726845648031643
1011,491,1502,0.11728571674634805
999,493,1492,0.11729054559498887
995,494,1489,0.11732626193578774
1008,492,1500,0.11736610671729246
1008,484,1492,0.11737131886555098
1015,477,1492,0.11737766913090837
1015,488,1503,0.11736564371715234
1017,493,1510,0.11735712174204573
1008,489,1497,0.11734446912865963
1003,491,1494,0.11735241279357225
1010,492,1502,0.11737347336049765
1005,497,1502,0.11737442659969229
1005,496,1501,0.11738650511018112
1017,503,1520,0.11739606505995653
1010,498,1508,0.11737994623292135
1009,500,1509,0.11738066514387807
1013,499,1512,0.11738398574963427
1015,498,1513,0.11737678935165416
1006,494,1500,0.11736608286745095
1019,491,1510,0.11737703908598988
1021,484,1505,0.1173613013462838
1021,492,1513,0.11734099257656393
1015,491,1506,0.11732060725630944
1003,484,1487,0.11731710318840176
1002,494,1496,0.1173398538218487
1002,489,1491,0.11736287508180444
1018,486,1504,0.11738469134717111
1012,493,1505,0.11736805735624406
1008,491,1499,0.11736590352261929
1008,488,1496,0.11737460179325573
1011,490,1501,0.11738221092537142
1016,489,1505,0.11738161259126727
1011,495,1506,0.1173667342894365
1015,494,1509,0.11736465402765596
999,487,1486,0.117350883670719
996,491,1487,0.1173757920843012
997,496,1493,0.11740946310291694
995,502,1497,0.11743851223625276
998,509,1507,0.1174685200209505
991,503,1494,0.11749137568763082
1001,503,1504,0.11753163215714434
998,505,1503,0.11754586218000916
997,516,1513,0.11756279332602797
996,507,1503,0.1175800781145927
989,513,1502,0.11760233740424227
986,509,1495,0.11763738989664713
986,510,1496,0.11767811384074595
980,510,1490,0.11771392723734181
989,512,1501,0.11776215175802558
992,517,1509,0.11778606367411344
990,515,1505,0.11780615133506452
982,511,1493,0.11782679808581328
982,516,1498,0.11786519217671049
983,522,1505,0.1178993630862857
985,515,1500,0.11792816908263318
985,516,1501,0.11795248097993642
983,514,1497,0.11797335068919633
998,504,1502,0.11799460911215347
994,500,1494,0.11797929145540088
990,500,1490,0.11797383807694856
987,502,1489,0.1179750039839857
988,501,1489,0.1179823384414465
976,508,1484,0.11798775277295771
992,501,1493,0.11802417943677489
997,492,1489,0.1180200825549849
980,488,1468,0.11800477350837786
987,503,1490,0.11802817621303176
984,507,1491,0.1180301056235702
977,512,1489,0.11804166442748247
980,518,1498,0.11806949273484565
985,514,1499,0.11808934500321938
975,528,1503,0.11809869929557074
977,527,1504,0.11813084765051951
968,526,1494,0.11815646503741589
969,530,1499,0.11820081133667064
970,529,1499,0.11823702587968418
972,532,1504,0.11826523315800029
968,533,1501,0.11828625848913052
962,534,1496,0.11831873591661346
952,527,1479,0.11836530786820386
954,536,1490,0.118432580617535
950,541,1491,0.118490549602853
951,541,1492,0.118553663646261
943,554,1497,0.11861071897841548
943,547,1490,0.11868371658748178
950,546,1496,0.11875323702761634
951,540,1491,0.11880230099554304
950,552,1502,0.11884689502526789
946,549,1495,0.11889006596913991
949,550,1499,0.11893999009076134
955,546,1501,0.11897828420398332
949,555,1504,0.11899623658570618
951,553,1504,0.1190283087080356
950,564,1514,0.11905549819019655
945,565,1510,0.11907969796216797
933,564,1497,0.11911655894309142
925,574,1499,0.1191776029285694
930,562,1492,0.11925579746320668
935,556,1491,0.11931738905136616
925,566,1491,0.11936309289078871
923,573,1496,0.1194293522715892
929,575,1504,0.1194932497480188
931,572,1503,0.11954024478755587
924,573,1497,0.11958111904309958
927,577,1504,0.11963599190282517
914,575,1489,0.11968086412420939
912,583,1495,0.11975285954813324
909,583,1492,0.11982874931022218
918,585,1503,0.11990702107257502
912,587,1499,0.11995454807108862
915,591,1506,0.12001256178057178
919,597,1516,0.12005807933857592
918,600,1518,0.120089062982751
917,599,1516,0.12012382981079424
917,603,1520,0.12016148274694881
906,601,1507,0.12019868571820717
899,599,1498,0.12026013021563337
895,605,1500,0.12033229361208875
896,609,1505,0.12040898965173465
888,615,1503,0.12048152561419279
880,613,1493,0.12056820978587635
878,617,1495,0.120666923990178
878,619,1497,0.12076404036333255
872,617,1489,0.12085546082582552
876,620,1496,0.12095217343438097
876,625,1501,0.12103369378571216
872,630,1502,0.12110891415297986
865,627,1492,0.12118931637589571
865,633,1498,0.12128199876493909
867,634,1501,0.12137155601702485
861,638,1499,0.1214471488749086
861,636,1497,0.1215274061853106
862,632,1494,0.12160305824070082
855,634,1489,0.12167336979120126
857,641,1498,0.12175611159106062
858,649,1507,0.12183118318470619
853,647,1500,0.12190089481478085
850,644,1494,0.12197729836418887
864,642,1506,0.12205304260793794
876,647,1523,0.12209004275531768
881,649,1530,0.12209759066983672
870,659,1529,0.12209424985894374
869,659,1528,0.1221181290645015
865,658,1523,0.1221431848485377
860,661,1521,0.12217869138238736
857,659,1516,0.12222367184262445
853,664,1517,0.12227351172571761
850,654,1504,0.1223306564531474
837,653,1490,0.1223898202990998
838,651,1489,0.1224729989853412
844,655,1499,0.12254567878273123
847,651,1498,0.12259839786059812
853,650,1503,0.12264419067204844
844,661,1505,0.12266850489701525
850,663,1513,0.1227111864305398
842,662,1504,0.1227364807960009
843,658,1501,0.12277924712434934
848,657,1505,0.12281651158649472
847,664,1511,0.12284097993154316
846,663,1509,0.12286433261823347
844,660,1504,0.12288884120551737
842,668,1510,0.12291685238189277
835,662,1497,0.12294732234104622
833,669,1502,0.1229888104302617
833,677,1510,0.12303266209600498
838,679,1517,0.12307535780146132
831,683,1514,0.12310288570272146
837,670,1507,0.12314897065585452
830,664,1494,0.12317935702138083
821,660,1481,0.12322338055623273
820,660,1480,0.12328353314195738
823,667,1490,0.12334168986947419
823,677,1500,0.1233918729857486
819,676,1495,0.12343790003788584
819,677,1496,0.12348956636403358
817,672,1489,0.12353657386615798
814,688,1502,0.12358021487909904
814,699,1513,0.12362781182015774
811,698,1509,0.12367066852710369
800,692,1492,0.12372188754222357
809,695,1504,0.12379444050363965
804,702,1506,0.12384562646483596
794,697,1491,0.12390729703618664
800,712,1512,0.12398966408766288
806,706,1512,0.12405144440304233
804,703,1507,0.12409592907033161
795,706,1501,0.12414142735170536
796,704,1500,0.12420569751094698
805,716,1521,0.12426414273905544
796,707,1503,0.1242952150228557
798,720,1518,0.12434593601056515
788,714,1502,0.12439156965655879
789,717,1506,0.12445654549644242
794,718,1512,0.12451340707292637
782,718,1500,0.1245528372044868
761,718,1479,0.12461991548245183
750,711,1461,0.12472883438803976
759,716,1475,0.12485744611639175
769,718,1487,0.12495291746385914
769,732,1501,0.1250166732018894
772,735,1507,0.12507969365643126
771,738,1509,0.12513214729235864
767,736,1503,0.12518195974068527
766,737,1503,0.12524010163769658
769,735,1504,0.1252974744543085
768,736,1504,0.12534242813437546
763,740,1503,0.12538695192403926
766,743,1509,0.12544014189719735
764,739,1503,0.1254839826114318
759,742,1501,0.1255280791371757
749,737,1486,0.1255809766807163
744,738,1482,0.12565455374779286
748,748,1496,0.125733200758941
752,755,1507,0.12579803895327119
755,749,1504,0.12584936271694577
752,751,1503,0.12588936839039375
755,749,1504,0.12593455268855713
750,761,1511,0.12596802109895083
749,763,1512,0.1260097458506929
751,762,1513,0.1260520362202915
745,765,1510,0.12609044116274284
747,751,1498,0.12614071332748197
756,746,1502,0.12618306957161504
756,758,1514,0.1262010548283708
756,749,1505,0.12621772561061392
758,743,1501,0.12622726946420018
757,736,1493,0.12623134934205088
752,750,1502,0.12624270877573476
751,763,1514,0.12626479748836122
753,754,1507,0.12628771375546002
754,763,1517,0.12630518182377037
749,767,1516,0.1263221149961235
751,754,1505,0.12635065440832097
753,757,1510,0.12637113306642947
742,759,1501,0.12638443057905874
738,763,1501,0.12641976029350604
745,751,1496,0.12646395157452855
745,743,1488,0.12649055763923608
743,742,1485,0.12651330913535042
747,751,1498,0.12654070588817842
739,755,1494,0.1265535900655127
745,757,1502,0.12658551129268825
739,758,1497,0.12659986950124338
744,760,1504,0.12662640317416765
732,764,1496,0.12663757931465885
737,771,1508,0.12667690349792107
725,779,1504,0.1267033794300726
723,784,1507,0.12675315352126834
730,774,1504,0.12680829416633757
737,780,1517,0.12684099990068498
736,780,1516,0.1268544895822669
736,780,1516,0.12687150694149016
731,784,1515,0.12689289849051946
729,780,1509,0.12692372967113846
721,772,1493,0.12695685928892422
722,779,1501,0.12700374173776763
724,786,1510,0.12704394534298247
723,787,1510,0.12707856219643804
727,792,1519,0.12711532644541926
723,791,1514,0.12714121578127313
725,797,1522,0.12717533025880873
717,791,1508,0.1272047080200639
713,793,1506,0.12725075225024726
716,791,1507,0.12730549686165188
714,794,1508,0.127351144582263
707,806,1513,0.1273959877202931
711,793,1504,0.12745480303867165
713,796,1509,0.1275018543793223
708,795,1503,0.12753804416435505
713,793,1506,0.12758235578265367
705,795,1500,0.12761251164780696
709,798,1507,0.12765693417307142
708,807,1515,0.1276903989180256
705,798,1503,0.1277222036892554
708,796,1504,0.12776334999488662
712,798,1510,0.12779544599812034
703,799,1502,0.1278156354657702
702,791,1493,0.12785392439739365
691,799,1490,0.12788902559250512
696,803,1499,0.12794586745800285
700,800,1500,0.12798584350242911
689,808,1497,0.1280106870967967
696,806,1502,0.12806051078257208
713,801,1514,0.12808980690718905
709,797,1506,0.1280762601876967
707,803,1510,0.128074437006473
707,807,1514,0.12807638910815158
705,816,1521,0.12808010334475317
708,806,1514,0.1280913428380842
707,801,1508,0.1280956144465393
702,804,1506,0.12810209396674346
701,806,1507,0.12811926888511604
696,805,1501,0.12814020144952448
687,810,1497,0.1281718303294645
681,817,1498,0.12822268141142973
684,815,1499,0.12828389871355184
690,820,1510,0.12833287090674994
686,836,1522,0.12835969181458817
673,828,1501,0.12839355149112294
664,827,1491,0.1284562591985152
666,816,1482,0.1285394908823491
657,839,1496,0.12861310454978006
673,831,1504,0.12870280315044652
661,832,1493,0.12874980212960943
664,845,1509,0.12882140848868212
658,849,1507,0.1288820285205969
653,849,1502,0.12895505321134046
663,851,1514,0.12903257751876773
660,844,1504,0.12908233878879408
659,842,1501,0.12913895359065314
657,845,1502,0.12919539040666106
645,848,1493,0.12925302464280283
651,841,1492,0.1293342059604699
649,849,1498,0.12939502113331292
647,866,1513,0.12945616812351224
645,856,1501,0.1295160597578349
647,852,1499,0.12957629139026358
643,849,1492,0.12962628201802281
641,860,1501,0.1296829661378008
640,858,1498,0.12974078550548757
642,860,1502,0.12979783519907986
647,850,1497,0.1298483683952491
645,841,1486,0.12988129993639966
646,842,1488,0.12991675169739317
651,849,1500,0.12994661378232114
652,844,1496,0.12996369275786013
651,848,1499,0.12997392836783958
654,857,1511,0.12998554066482657
648,855,1503,0.12999090658358603
648,864,1512,0.1300121724257259
647,872,1519,0.13003294670632304
644,878,1522,0.1300570222030538
639,886,1525,0.13008679146551988
636,879,1515,0.13012927824944226
631,881,1512,0.13017229694436142
634,889,1523,0.13022625944330835
631,885,1516,0.13027021200955516
636,886,1522,0.13031778081374554
642,882,1524,0.13035168869491515
638,884,1522,0.1303711751887143
624,883,1507,0.13039640956713736
620,880,1500,0.130453618139034
613,882,1495,0.13051550262368206
619,884,1503,0.1305891595961474
611,874,1485,0.1306435479737665
616,879,1495,0.13071245700583195
619,888,1507,0.13076103860672753
615,895,1510,0.13079769429268825
608,884,1492,0.1308409290335738
610,881,1491,0.13089768245112288
612,893,1505,0.1309466588964606
599,902,1501,0.13098478055380727
599,904,1503,0.13105189987585864
597,901,1498,0.13111725878031785
599,894,1493,0.13118453473248334
598,902,1500,0.13124082739457477
608,894,1502,0.1312932303229065
613,897,1510,0.13131989786666864
618,902,1520,0.13133486062831715
616,897,1513,0.13133664085226418
608,906,1514,0.13134517376464033
596,907,1503,0.13137221647422362
603,902,1505,0.13142563113305958
608,902,1510,0.13145761755718044
604,898,1502,0.13147883659215465
593,905,1498,0.1315047727900056
595,905,1500,0.13155371468034052
600,907,1507,0.1315941523550794
604,913,1517,0.13162013664256297
597,895,1492,0.13163539774562352
603,897,1500,0.13166762186145997
606,899,1505,0.1316829423144938
608,908,1516,0.131691793084575
601,909,1510,0.13169784350133384
594,907,1501,0.1317208236905268
594,900,1494,0.1317608077744733
600,903,1503,0.1317923928878835
603,904,1507,0.13180522164340477
591,909,1500,0.13181101470298803
589,909,1498,0.13184106156781653
585,905,1490,0.131875270043682
597,910,1507,0.13191610081174937
601,914,1515,0.13193074413531275
598,915,1513,0.13193195355679654
595,909,1504,0.13194237086097238
590,910,1500,0.131954838893915
594,925,1519,0.13197871479262005
594,911,1505,0.13198986762007825
587,921,1508,0.13200102052818155
593,919,1512,0.13203310189630343
589,919,1508,0.1320498883176076
584,913,1497,0.13207761592208508
574,922,1496,0.1321157632322935
580,920,1500,0.13217462850752146
581,917,1498,0.13221412298869503
585,920,1505,0.1322469978105433
588,924,1512,0.13227026656679017
577,920,1497,0.13228365253234614
582,928,1510,0.13232192148072075
579,926,1505,0.13234851337662001
583,924,1507,0.13238133494741472
583,929,1512,0.13240105393891313
573,929,1502,0.1324216125358331
570,944,1514,0.13246304726693575
575,944,1519,0.13250815499518098
579,944,1523,0.13253781245225232
571,947,1518,0.1325558631399846
571,955,1526,0.1325913438968978
574,942,1516,0.1326259495129494
569,938,1507,0.1326517230572596
567,932,1499,0.13268884458692864
571,935,1506,0.13272999666536955
575,930,1505,0.13275747656546388
567,929,1496,0.13277178680079577
573,938,1511,0.13280254668267727
573,940,1513,0.13281804423971605
566,948,1514,0.13283147910457008
577,944,1521,0.13286261454768106
572,932,1504,0.13286467132115823
561,933,1494,0.13287951956897803
569,946,1515,0.1329180242407585
569,946,1515,0.13293661428418801
562,957,1519,0.13295498868402927
552,953,1505,0.13298375363567833
551,959,1510,0.13303522963723297
553,958,1511,0.1330887402233503
554,969,1523,0.133132398892053
546,963,1509,0.13317402469778553
545,967,1512,0.13323217535425097
546,963,1509,0.13328957810959577
550,965,1515,0.13334063551454658
545,969,1514,0.13338212923448609
542,973,1515,0.13343342882621662
544,967,1511,0.13349033641603816
538,976,1514,0.1335383960287453
527,972,1499,0.13359531419886056
527,980,1507,0.13367647156228166
525,985,1510,0.13374708626390694
527,983,1510,0.13381488654974874
531,987,1518,0.1338720213013622
529,986,1515,0.13391985483070853
526,987,1513,0.13397042387465205
525,995,1520,0.13402549786885856
531,999,1530,0.13407813518877576
521,985,1506,0.1341135673207981
529,988,1517,0.13416728834979305
519,983,1502,0.1342019707404088
520,992,1512,0.13425465424857128
527,989,1516,0.13430278825067363
516,994,1510,0.13433141462662573
510,1000,1510,0.13438385622707655
515,999,1514,0.13444710254579698
513,1003,1516,0.13449511977907513
511,999,1510,0.13454000099447452
508,1012,1520,0.13458719606724182
509,1004,1513,0.13464147313066838
507,1009,1516,0.13468899950991925
509,1015,1524,0.13473735975392573
506,1001,1507,0.1347804123709086
505,1010,1515,0.13482879593937938
494,1016,1510,0.13487549778972416
494,1006,1500,0.13494451420555917
496,1011,1507,0.13500955307258888
502,1018,1520,0.13506426021020687
506,1017,1523,0.13510299272957574
495,1024,1519,0.13513076809141272
483,1026,1509,0.1351830263823952
484,1035,1519,0.13525963619172882
472,1036,1508,0.13532939328963153
475,1034,1509,0.1354206209145977
475,1023,1498,0.1354972954761088
477,1018,1495,0.1355671090945254
480,1037,1517,0.1356270094934977
477,1034,1511,0.13567588560945512
472,1045,1517,0.1357305248202714
463,1032,1495,0.13579238783229075
471,1036,1507,0.13587229024819028
470,1041,1511,0.13592599258082674
463,1044,1507,0.13597864366419846
467,1041,1508,0.13604204561833538
472,1039,1511,0.1360916460558258
472,1035,1507,0.1361273344247259
474,1035,1509,0.1361596490119575
468,1035,1503,0.13618607409423006
460,1040,1500,0.1362268998798335
452,1043,1495,0.13628466037084416
450,1049,1499,0.13635665605526737
458,1045,1503,0.13642602447601646
443,1039,1482,0.1364758052532777
444,1040,1484,0.13655702434135095
437,1048,1485,0.13662916078080617
446,1052,1498,0.13671381836353608
444,1052,1496,0.13676810387255217
441,1051,1492,0.13682326067755995
443,1061,1504,0.13688254292835658
438,1072,1510,0.13693484519158589
434,1078,1512,0.13699934314380752
439,1067,1506,0.13706818572923396
435,1070,1505,0.1371234444949427
433,1079,1512,0.1371842672564596
439,1083,1522,0.1372450116404409
442,1087,1529,0.1372873528773941
439,1074,1513,0.13732004290643313
442,1079,1521,0.13735877000137825
440,1076,1516,0.13738894862511916
430,1075,1505,0.1374214007313661
430,1073,1503,0.13747506889916508
433,1077,1510,0.13752472582811015
431,1094,1525,0.13756370744383736
425,1081,1506,0.13760322623226323
425,1077,1502,0.13765476027026796
422,1083,1505,0.13770242957600254
418,1081,1499,0.1377563771848506
423,1088,1511,0.13781962118948773
417,1076,1493,0.1378641643726287
414,1086,1500,0.1379220384808371
415,1101,1516,0.137983782074754
418,1097,1515,0.1380381679804836
410,1106,1516,0.13808208489868423
413,1109,1522,0.138143567967587
407,1110,1517,0.13819065841760708
413,1101,1514,0.13824854827691288
404,1093,1497,0.13828764048083134
399,1100,1499,0.13834672704383216
401,1103,1504,0.13841329393347246
403,1100,1503,0.13847006975009563
397,1102,1499,0.13851934859009724
391,1113,1504,0.13857892809955843
400,1119,1519,0.13864817868597165
400,1120,1520,0.13869235561513615
396,1132,1528,0.13873500237203512
394,1123,1517,0.13878162405490527
397,1137,1534,0.13882900474890963
396,1130,1526,0.13886910389483628
396,1127,1523,0.13891054924511664
401,1119,1520,0.13894992806237194
397,1125,1522,0.13897182602111063
394,1117,1511,0.1390032216339125
384,1116,1500,0.13904076897399376
390,1114,1504,0.13909662876889786
389,1109,1498,0.13913704773175006
388,1125,1513,0.13917466164204204
388,1130,1518,0.13921338708554998
383,1124,1507,0.1392505801564542
379,1119,1498,0.13929906879031317
377,1136,1513,0.13935298181683098
377,1147,1524,0.13940870675532024
368,1147,1515,0.13946089618498644
367,1135,1502,0.1395305288900638
370,1134,1504,0.1395988595512531
373,1145,1518,0.13965655672972907
378,1146,1524,0.13970262493579183
370,1146,1516,0.13973407835154045
368,1146,1514,0.1397828349696911
361,1143,1504,0.13983278177935468
362,1137,1499,0.13989403415788088
366,1139,1505,0.13994666269591716
369,1140,1509,0.13998832710037185
367,1137,1504,0.1400174914447847
366,1146,1512,0.1400464433188356
366,1149,1515,0.14007505587752564
360,1156,1516,0.14010174846502707
360,1152,1512,0.14014204467820476
362,1152,1514,0.14018101217336884
370,1150,1520,0.14021393512632105
364,1155,1519,0.14022653127695517
359,1138,1497,0.14025076368569964
360,1147,1507,0.1402880195056552
357,1152,1509,0.14031994059480868
357,1151,1508,0.14035625661958648
356,1164,1520,0.14039180102734303
359,1171,1530,0.1404247493734158
357,1170,1527,0.1404490242580527
353,1168,1521,0.1404773515745527
346,1174,1520,0.14051445319786088
347,1163,1510,0.14056407743325405
343,1166,1509,0.1406077556010867
339,1171,1510,0.14066058498575512
338,1170,1508,0.14071964859475955
340,1172,1512,0.14077761642801134
337,1171,1508,0.14082815684043232
336,1171,1507,0.14088387691430737
333,1179,1512,0.14093920248149883
333,1180,1513,0.14099803006388897
328,1178,1506,0.14105230275253933
338,1173,1511,0.14111535627516913
336,1177,1513,0.141151202626275
340,1173,1513,0.14118860349660728
345,1167,1512,0.14121258040735665
345,1172,1517,0.14122366688207216
334,1175,1509,0.1412329519013068
335,1176,1511,0.14126888083449785
334,1176,1510,0.14130200883532
338,1167,1505,0.14133496737400378
331,1174,1505,0.14135687872081942
326,1182,1508,0.14139250378093288
328,1184,1512,0.14143620309944288
329,1187,1516,0.14147479433748633
330,1191,1521,0.14150832559741644
327,1185,1512,0.14153855306431867
321,1186,1507,0.14157451210794092
322,1185,1507,0.1416231613727725
321,1171,1492,0.14166459969086845
320,1174,1494,0.14170383425696476
313,1175,1488,0.1417414976343391
319,1189,1508,0.14179298645179853
314,1198,1512,0.14182665749046686
315,1195,1510,0.14186936124280133
315,1204,1519,0.14190594396515277
312,1199,1511,0.14193935153813103
312,1194,1506,0.14197872024322514
314,1192,1506,0.14201520687159278
311,1194,1505,0.1420478969207541
310,1204,1514,0.14208503815479523
302,1208,1510,0.14212174526584254
305,1210,1515,0.14217519725890168
303,1217,1520,0.1422186192334102
300,1221,1521,0.1422642938768236
301,1212,1513,0.14231224544184362
297,1212,1509,0.14235493930528098
301,1222,1523,0.14240429442057062
297,1224,1521,0.14244124317849016
293,1217,1510,0.14248571085513903
297,1219,1516,0.1425384979914106
295,1217,1512,0.1425760625472269
292,1227,1519,0.14261457181830794
294,1223,1517,0.14265700899734085
304,1218,1522,0.14269319924656865
300,1205,1505,0.14269968580776768
292,1202,1494,0.1427134550508504
289,1208,1497,0.14274871504852324
287,1213,1500,0.14278838454979012
291,1222,1513,0.14283162921976664
291,1223,1514,0.14286141968478272
290,1225,1515,0.14288763061488177
291,1225,1516,0.14291582775587813
288,1230,1518,0.14294012618212687
290,1238,1528,0.14297173260566054
286,1235,1521,0.1429979126138335
279,1243,1522,0.14303402772499965
283,1244,1527,0.14308461186679877
287,1241,1528,0.14312102403519958
283,1241,1524,0.14314421891251283
288,1239,1527,0.14317549766111864
280,1249,1529,0.1431926903035256
278,1249,1527,0.14322880217900813
280,1245,1525,0.14326535939206536
275,1239,1514,0.1432964130767981
276,1241,1517,0.14333534097571274
274,1234,1508,0.14336790897173682
271,1240,1511,0.1434045333609012
264,1225,1489,0.14344720377802403
262,1229,1491,0.14350284047223336
257,1252,1509,0.14356004532470185
258,1262,1520,0.1436242207424295
253,1270,1523,0.14368292774502195
256,1278,1534,0.14374727828343087
254,1269,1523,0.14380136613375638
256,1275,1531,0.14385592993109234
255,1267,1522,0.1438996666767294
254,1268,1522,0.1439419263735159
252,1262,1514,0.14398333393412555
245,1258,1503,0.1440290504799945
244,1242,1486,0.14408663947849362
243,1246,1489,0.14414131914128267
249,1255,1504,0.1441926313980955
250,1258,1508,0.1442250413157962
253,1263,1516,0.14425482875859175
253,1272,1525,0.14427595958653466
248,1273,1521,0.14429849551713697
247,1280,1527,0.14433282678280646
247,1286,1533,0.14436778957628604
250,1288,1538,0.14440204074184976
255,1256,1511,0.14442450487167988
252,1254,1506,0.1444342495484089
253,1253,1506,0.14444989273267336
255,1268,1523,0.14446395244560617
254,1270,1524,0.1444737462109724
253,1269,1522,0.14448661688530115
247,1264,1511,0.14449994567638294
249,1265,1514,0.14452678968175459
247,1264,1511,0.14454378011122476
240,1266,1506,0.14456363233962918
247,1263,1510,0.14459930203306226
247,1271,1518,0.1446144832297098
246,1257,1503,0.14462660106794897
241,1254,1495,0.14464076684653654
249,1259,1508,0.14466867615212087
246,1271,1517,0.1446747862670951
245,1270,1515,0.1446890843493393
247,1263,1510,0.1447047465193518
246,1269,1515,0.14471463716906954
246,1267,1513,0.1447260880748757
243,1266,1509,0.1447348783614522
235,1271,1506,0.14475273711594638
237,1272,1509,0.14478842112879386
240,1273,1513,0.14481925299276754
238,1265,1503,0.14483887684412264
233,1276,1509,0.14486123629407824
233,1278,1511,0.14489621789324048
236,1289,1525,0.14493132094282601
231,1295,1526,0.14495706031682562
231,1286,1517,0.14499480478608048
232,1285,1517,0.1450282628089427
234,1278,1512,0.1450547226233343
235,1287,1522,0.14507435171304794
233,1276,1509,0.14509182963430045
229,1286,1515,0.14511245194609185
223,1283,1506,0.14514141186530116
221,1289,1510,0.14518390565005895
220,1286,1506,0.14522892628786008
218,1286,1504,0.14527430870883
216,1286,1502,0.1453209701324223
218,1289,1507,0.14537099865528685
224,1286,1510,0.14541331991162443
226,1275,1501,0.1454380045305418
221,1272,1493,0.14545434192481102
222,1259,1481,0.1454816733401463
225,1266,1491,0.1455038282022336
224,1271,1495,0.1455163855523124
218,1268,1486,0.14553188871435968
217,1270,1487,0.14556018688723046
221,1273,1494,0.14558713868385223
222,1286,1508,0.1456039462796697
224,1277,1501,0.14561922738209696
221,1273,1494,0.1456294721780626
218,1285,1503,0.14564233010375915
217,1288,1505,0.14566361649003956
223,1289,1512,0.1456872378137999
226,1296,1522,0.1456933310975267
222,1279,1501,0.14568970071141407
224,1288,1512,0.14569657410254014
226,1282,1508,0.14569912958936532
228,1287,1515,0.14569838358698117
225,1287,1512,0.1456897791359165
227,1296,1523,0.145686908884443
222,1295,1517,0.14567998388318415
226,1289,1515,0.1456869743605895
222,1294,1516,0.14568597767022723
218,1301,1519,0.1456952448536307
220,1305,1525,0.14571288104587204
217,1293,1510,0.1457253753005521
220,1304,1524,0.1457435554587313
220,1300,1520,0.14575390200488236
220,1294,1514,0.14576251916235797
210,1304,1514,0.1457709477846447
208,1307,1515,0.14580258121853318
213,1303,1516,0.14583747440386455
209,1312,1521,0.14585797861213773
205,1315,1520,0.14588599908090225
208,1303,1511,0.14592305720030466
213,1309,1522,0.145949507656431
213,1303,1516,0.14596032395657407
207,1307,1514,0.145972268802991
208,1303,1511,0.14599831761924428
210,1312,1522,0.14601970757807553
213,1304,1517,0.14603589749045687
214,1311,1525,0.14604378301855134
209,1307,1516,0.14604665452016025
210,1306,1516,0.14606230195455833
206,1309,1515,0.14607496191851438
206,1302,1508,0.14609898352520662
210,1297,1507,0.146120208120201
211,1302,1513,0.1461301496886637
205,1302,1507,0.14613620829632534
202,1312,1514,0.14615573786884517
198,1320,1518,0.14618244874790265
197,1301,1498,0.1462180443164303
203,1308,1511,0.14625314277695003
199,1301,1500,0.1462723508380088
195,1305,1500,0.14630064200679382
198,1301,1499,0.14633807112459585
202,1306,1508,0.146366272757228
204,1309,1513,0.14638200184536743
199,1315,1514,0.14638817533692378
197,1312,1509,0.14640580753686214
196,1323,1519,0.1464287439959503
192,1314,1506,0.1464544386917384
193,1325,1518,0.1464890288723658
186,1330,1516,0.1465211468765678
181,1333,1514,0.1465691474578958
179,1331,1510,0.14662625305969715
175,1338,1513,0.14668424939278596
182,1325,1507,0.14674762983176204
180,1329,1509,0.14678828462454574
180,1323,1503,0.14683133743612764
177,1320,1497,0.14686818758157755
178,1336,1514,0.14691085430711245
180,1328,1508,0.14694875719688305
178,1337,1515,0.1469796706047265
177,1332,1509,0.14701500222427996
177,1331,1508,0.14704967189975118
179,1344,1523,0.14708132719459727
178,1341,1519,0.14710528621949756
176,1341,1517,0.14713095299512666
171,1347,1518,0.14716168038533683
173,1334,1507,0.1472025801821173
172,1326,1498,0.1472350681123938
172,1339,1511,0.1472677332364354
170,1341,1511,0.14729773494122586
173,1333,1506,0.1473316102961765
175,1326,1501,0.1473547619981169
178,1327,1505,0.1473696737395781
183,1325,1508,0.1473744844424522
182,1320,1502,0.1473635403139425
176,1316,1492,0.1473572702330025
175,1336,1511,0.14736782069181484
179,1345,1524,0.14738044389420454
179,1349,1528,0.14738161726607157
180,1339,1519,0.14738358198938362
177,1337,1514,0.1473830127591927
179,1334,1513,0.14739112337305005
178,1321,1499,0.14739538249520392
176,1332,1508,0.14740026039829812
176,1319,1495,0.14740803996895166
177,1328,1505,0.14741627565423554
172,1336,1508,0.14741954588969758
175,1337,1512,0.14743519457528792
172,1331,1503,0.14744094910242683
174,1339,1513,0.1474544558155544
172,1332,1504,0.14746351868846574
171,1338,1509,0.14747807242111124
166,1333,1499,0.1474938106966907
163,1339,1502,0.14751932405243467
160,1345,1505,0.14755195132052226
160,1347,1507,0.14758885856538403
162,1350,1512,0.14762407568427818
162,1354,1516,0.147651649273384
162,1351,1513,0.14767718755110923
160,1369,1529,0.14770258880983456
160,1362,1522,0.14773131226613867
157,1359,1516,0.14775691230755697
159,1375,1534,0.14778729776122312
159,1365,1524,0.14781008774027973
157,1355,1512,0.14783200961767548
161,1348,1509,0.1478576376252669
164,1351,1515,0.14787144277905487
160,1360,1520,0.14787447137703333
159,1362,1521,0.14788849602322204
161,1364,1525,0.1479055477004634
157,1351,1508,0.14791678147517284
156,1359,1515,0.14793703330664798
154,1365,1519,0.14795822746364662
158,1358,1516,0.1479827972894659
152,1358,1510,0.14799344094166983
151,1354,1505,0.14801432506291504
155,1359,1514,0.14803904456286893
156,1363,1519,0.1480519260892364
153,1361,1514,0.14806323720731043
152,1355,1507,0.14808209805944186
148,1364,1512,0.14810395425100703
146,1369,1515,0.14813512275246343
148,1378,1526,0.1481703942288913
142,1381,1523,0.1481996304277951
146,1385,1531,0.1482394356445119
147,1375,1522,0.14826753077784338
146,1374,1520,0.14829158933708297
141,1370,1511,0.14831461311955765
141,1372,1513,0.14834930664347
144,1370,1514,0.1483812202055271
141,1376,1517,0.1484013453649944
145,1367,1512,0.14842775509743691
144,1365,1509,0.14844378638652722
149,1363,1512,0.14846152473489296
149,1362,1511,0.14846564460111147
149,1369,1518,0.1484691108386079
146,1378,1524,0.14847091700689533
145,1382,1527,0.14848106149645862
142,1382,1524,0.148493022933096
142,1378,1520,0.14851231316515343
144,1376,1520,0.14853035727118974
143,1371,1514,0.14854199116607109
142,1355,1497,0.14855784695767163
141,1364,1505,0.14857603768270208
139,1367,1506,0.14859525008939747
136,1362,1498,0.14861589476236906
135,1377,1512,0.14864343738421035
135,1378,1513,0.14867343177972386
135,1382,1517,0.14870103000317175
132,1385,1517,0.14872686562545706
131,1370,1501,0.14875744210015576
131,1371,1502,0.14878869059492125
130,1382,1512,0.14881944914207582
128,1384,1512,0.1488502250675483
124,1382,1506,0.14888326432777899
121,1388,1509,0.14892314567232798
119,1393,1512,0.1489683883565181
119,1401,1520,0.14901688963272705
117,1402,1519,0.14905950239962526
121,1398,1519,0.1491032658840939
121,1388,1509,0.14913447309800765
122,1402,1524,0.14916450554145924
120,1380,1500,0.14919169385047243
118,1393,1511,0.1492217270519248
117,1391,1508,0.14925504207525325
117,1403,1520,0.14928845054059361
113,1412,1525,0.14932080708809292
116,1408,1524,0.14936054496430937
117,1411,1528,0.14938984311163175
114,1411,1525,0.14941608699958575
116,1410,1526,0.14944726760309096
117,1408,1525,0.14947234432461795
119,1401,1520,0.14949317448787242
119,1396,1515,0.14950681562175663
117,1412,1529,0.14951972827312332
117,1398,1515,0.14953735051991973
119,1397,1516,0.1495530002308327
120,1407,1527,0.14956178953018864
120,1403,1523,0.14956901099730305
119,1389,1508,0.14957608375772266
122,1401,1523,0.14958531442474624
124,1399,1523,0.14958453209650593
123,1393,1516,0.14957982018737825
120,1395,1515,0.14957785531414702
121,1404,1525,0.14958161446318624
117,1395,1512,0.14958208506570575
120,1401,1521,0.1495904369238052
123,1381,1504,0.14959109936984227
122,1388,1510,0.14958613505085652
122,1386,1508,0.14958521816218578
120,1386,1506,0.1495820923773213
122,1371,1493,0.14958584636860103
124,1390,1514,0.1495792988325426
126,1386,1512,0.14956947104213078
125,1389,1514,0.14955694201533953
122,1387,1509,0.14954783002566907
122,1394,1516,0.14954690172136392
118,1394,1512,0.14954706445341426
120,1401,1521,0.14955820692805097
119,1403,1522,0.14956204420672772
118,1406,1524,0.14956944949385392
121,1393,1514,0.14957878332997987
119,1403,1522,0.1495798835068749
120,1403,1523,0.1495856526349422
123,1395,1518,0.14958909269877396
123,1389,1512,0.14958633245139413
122,1398,1520,0.14958427995149026
123,1401,1524,0.149585855509879
121,1404,1525,0.14958571095734663
120,1391,1511,0.14959115800136055
120,1413,1533,0.14959841943034072
117,1398,1515,0.1496042710600803
116,1376,1492,0.14961668715123125
116,1388,1504,0.14963158553653602
114,1388,1502,0.1496448024926134
116,1400,1516,0.14966140225629293
120,1396,1516,0.14967144578344516
122,1391,1513,0.14966925051808364
123,1397,1520,0.1496620960027037
122,1398,1520,0.14965127767255518
123,1382,1505,0.14964450284544192
125,1386,1511,0.14963626956348086
128,1385,1513,0.14962059050503435
128,1397,1525,0.1495972557727267
128,1400,1528,0.14957640518136114
125,1388,1513,0.14955782645907123
125,1388,1513,0.14954789206459781
125,1389,1514,0.14953871389976192
122,1387,1509,0.14953221316981108
122,1387,1509,0.14953472403233664
122,1377,1499,0.14953750660617524
121,1382,1503,0.14954160337591574
120,1385,1505,0.14954645081758597
117,1389,1506,0.14955429086822133
115,1388,1503,0.14956740100301735
117,1400,1517,0.14958454375438618
117,1413,1530,0.14959553876314935
115,1410,1525,0.1496052702981221
117,1412,1529,0.14962010304483983
114,1411,1525,0.149625393144577
114,1399,1513,0.14963948020467188
115,1405,1520,0.1496529322876243
118,1404,1522,0.14966352192468024
117,1391,1508,0.1496668588410195
115,1399,1514,0.14967244121102663
116,1401,1517,0.14968426205034951
113,1404,1517,0.14969399824972004
108,1405,1513,0.14971074815233792
109,1397,1506,0.1497376232788696
105,1396,1501,0.14976158873830137
102,1391,1493,0.1497904169265066
104,1397,1501,0.14982508727939103
105,1396,1501,0.14985115534378526
106,1399,1505,0.14987326441705492
104,1406,1510,0.14989151086611432
101,1401,1502,0.14991306862269074
100,1407,1507,0.14993852810955388
97,1406,1503,0.14996488240930334
99,1403,1502,0.14999865566015416
97,1404,1501,0.150025568480836
100,1409,1509,0.15005513937758821
101,1411,1512,0.1500754015275407
102,1422,1524,0.15009069652850368
104,1422,1526,0.1501016555940656
102,1418,1520,0.1501079296931178
98,1412,1510,0.15011792663189844
97,1411,1508,0.15013738352188905
93,1421,1514,0.15015915420362666
95,1419,1514,0.15018944620524025
94,1420,1514,0.1502140394896356
92,1423,1515,0.1502403268873492
94,1417,1511,0.15027005684220412
93,1423,1516,0.15029260599644453
92,1425,1517,0.15031722729516847
92,1422,1514,0.15034207360617147
93,1419,1512,0.15036488973846435
90,1417,1507,0.15038276065557185
90,1425,1515,0.15040461751786596
86,1438,1524,0.15042496566821734
82,1441,1523,0.15045382272127722
83,1441,1524,0.15049137401874357
82,1433,1515,0.15052404850234125
81,1436,1517,0.15055716212560555
83,1439,1522,0.15059119280734662
82,1432,1514,0.15061802617534098
82,1436,1518,0.15064631339924303
83,1436,1519,0.15067322308604003
84,1444,1528,0.150695696430325
85,1435,1520,0.15071401423842562
85,1435,1520,0.15072935864689582
83,1432,1515,0.15074466631879457
81,1432,1513,0.15076329989658138
80,1435,1515,0.15078618274828107
78,1443,1521,0.1508095632908594
80,1452,1532,0.1508352233961116
78,1432,1510,0.1508535088419691
79,1434,1513,0.1508756445420125
79,1433,1512,0.15089265014364772
80,1438,1518,0.15090853600176138
77,1433,1510,0.15092034074198385
77,1434,1511,0.15093935724445925
79,1441,1520,0.15095602347309336
81,1439,1520,0.15096807744408147
77,1425,1502,0.15097393856774485
76,1447,1523,0.15098935370385042
75,1449,1524,0.1510058889895739
75,1449,1524,0.15102343076252323
72,1452,1524,0.15104055680535738
71,1451,1522,0.1510640785889912
73,1456,1529,0.1510887765582447
73,1451,1524,0.1511071212517308
72,1461,1533,0.1511242518939401
72,1459,1531,0.15114340621957523
73,1449,1522,0.15116024021668806
72,1451,1523,0.15117281309969838
72,1460,1532,0.15118732048731448
74,1455,1529,0.15120081502146
73,1449,1522,0.15120796246432447
73,1443,1516,0.1512168056576934
75,1444,1519,0.15122497190539513
73,1424,1497,0.15122687761559944
75,1445,1520,0.15123412692976226
72,1439,1511,0.15123700777354326
72,1445,1517,0.15124795968813687
71,1447,1518,0.15125827085889065
69,1446,1515,0.15127075933744205
68,1448,1516,0.15128691427539448
67,1451,1518,0.15130409405750478
65,1448,1513,0.15132374133490184
67,1439,1506,0.1513472378093744
64,1448,1512,0.15136314989602592
62,1452,1514,0.15138551270114925
61,1459,1520,0.1514115928762397
62,1456,1518,0.15143797369605205
61,1456,1517,0.15146110152103381
59,1456,1515,0.15148527919387994
58,1449,1507,0.15151251503843258
58,1442,1500,0.15153877759272064
61,1463,1524,0.15156309696313977
61,1473,1534,0.15157894555763388
62,1467,1529,0.15159319798843246
60,1450,1510,0.15160316007621832
57,1460,1517,0.1516168122829231
59,1461,1520,0.15163683986613585
54,1465,1519,0.1516491147966194
55,1464,1519,0.15167354553320436
54,1466,1520,0.15169522449218456
50,1469,1519,0.15171863517567769
49,1460,1509,0.15175039992687872
46,1465,1511,0.15178216045245774
48,1465,1513,0.1518192049968432
46,1462,1508,0.15184905431721737
44,1474,1518,0.15188106924485434
45,1477,1522,0.15191691782401587
48,1486,1534,0.15194890208841041
47,1471,1518,0.15196995687258869
46,1478,1524,0.1519925720571986
45,1476,1521,0.1520169016336775
43,1486,1529,0.15204108025259433
42,1491,1533,0.15206886850427107
41,1471,1512,0.15209775762432348
41,1471,1512,0.15212750139491235
41,1465,1506,0.15215488843805225
41,1468,1509,0.15218106172842513
42,1472,1514,0.15220675528530386
43,1465,1508,0.15222810369063353
42,1475,1517,0.1522444694078505
41,1464,1505,0.152260632907987
40,1468,1508,0.15227873722469734
39,1464,1503,0.15229859757249975
41,1466,1507,0.152320012363667
41,1475,1516,0.15233601376416203
40,1470,1510,0.15235009409004793
43,1474,1517,0.15236507746392822
41,1469,1510,0.1523714127544972
42,1467,1509,0.1523818056416778
42,1480,1522,0.15238975059684212
40,1474,1514,0.15239788947073346
41,1470,1511,0.1524104435646754
41,1471,1512,0.15241846927936195
41,1471,1512,0.15242679839874096
40,1466,1506,0.15243426412995723
40,1479,1519,0.1524446690336358
39,1481,1520,0.15245398140812172
41,1474,1515,0.1524647823914612
44,1459,1503,0.1524699093280368
41,1473,1514,0.15246630738507544
40,1475,1515,0.1524713682975693
38,1481,1519,0.15247904356694156
38,1486,1524,0.15249120079621398
39,1485,1524,0.15250324131645296
38,1482,1520,0.1525118635143611
38,1490,1528,0.15252280060924028
39,1487,1526,0.15253362083401117
38,1491,1529,0.1525399265776355
38,1485,1523,0.152548596789103
40,1472,1512,0.15255625972300182
41,1464,1505,0.15255694985954563
41,1457,1498,0.15255624481465804
39,1465,1504,0.1525553073308178
40,1471,1511,0.1525595494247308
40,1482,1522,0.15256204401429074
41,1485,1526,0.15256460223149765
43,1470,1513,0.15256381110303574
47,1473,1520,0.15255751973568468
46,1449,1495,0.15254004003827115
47,1439,1486,0.15252658430259453
47,1455,1502,0.15251102076014775
46,1466,1512,0.1524975536367922
48,1466,1514,0.15248811448145272
46,1460,1506,0.15247372015143365
45,1464,1509,0.15246563602189875
44,1476,1520,0.1524611482386032
44,1480,1524,0.1524604397893677
47,1477,1524,0.15246011599554474
47,1477,1524,0.15245025720283414
44,1477,1521,0.1524419898458652
44,1485,1529,0.15244198447070123
46,1488,1534,0.15244275402935592
47,1478,1525,0.15243841061078833
47,1464,1511,0.15243182144440776
49,1485,1534,0.15242554032360783
46,1477,1523,0.1524140348925555
45,1475,1520,0.1524108883324675
45,1481,1526,0.1524109182930934
46,1487,1533,0.15241160030942222
46,1481,1527,0.1524096939922012
44,1483,1527,0.15240862020930654
43,1484,1527,0.1524125467674316
40,1472,1512,0.152419126367871
40,1471,1511,0.15243175024211417
42,1459,1501,0.15244394646361192
40,1464,1504,0.1524513483395875
39,1461,1500,0.15246317883142824
37,1464,1501,0.15247539785647482
38,1483,1521,0.15249184317168005
38,1491,1529,0.15250446046492075
38,1486,1524,0.15251579013785535
36,1488,1524,0.152526995191094
37,1481,1518,0.15254250850788223
39,1478,1517,0.15255427487292328
40,1467,1507,0.15256008090256645
39,1472,1511,0.15256285991958113
40,1494,1534,0.15256834835420946
38,1493,1531,0.15257178610846484
38,1482,1520,0.1525794447297977
36,1487,1523,0.1525868927631459
33,1483,1516,0.1525987160585311
33,1474,1507,0.15261687030555413
34,1475,1509,0.15263431456542376
37,1484,1521,0.15264657659468625
39,1483,1522,0.1526488888590219
40,1477,1517,0.15264614139650795
40,1486,1526,0.1526411729476638
39,1498,1537,0.15263519344624832
38,1495,1533,0.15263255409343557
39,1490,1529,0.15263313317000493
39,1488,1527,0.15263127211574828
39,1484,1523,0.1526303944893278
38,1484,1522,0.15262931287412496
38,1488,1526,0.15263004251299855
39,1483,1522,0.1526310272530774
40,1483,1523,0.1526296229224251
41,1489,1530,0.15262589019621853
40,1495,1535,0.1526199931839617
40,1484,1524,0.1526175601030159
43,1488,1531,0.15261559882908993
42,1485,1527,0.15260685107645824
41,1484,1525,0.1526010289597297
42,1478,1520,0.15259800513990274
38,1486,1524,0.15259368040861684
39,1480,1519,0.1525999868464081
39,1481,1520,0.1526035468114628
40,1477,1517,0.1526072681287623
44,1467,1511,0.15260886725998052
42,1465,1507,0.1525982114012756
43,1462,1505,0.15259332571282774
43,1462,1505,0.15258551022024786
45,1462,1507,0.15257794595201635
46,1462,1508,0.15256701331342223
46,1456,1502,0.15255459308949348
45,1464,1509,0.15254294996020293
43,1475,1518,0.15253406328202845
43,1463,1506,0.15253043340349096
46,1476,1522,0.15252737845459585
46,1469,1515,0.15251754828214062
48,1474,1522,0.15250892262931212
50,1463,1513,0.1524952466669099
52,1461,1513,0.15247743546055634
47,1465,1512,0.1524551302581479
44,1464,1508,0.15244674864171637
43,1469,1512,0.15244686619705683
43,1485,1528,0.1524498765197344
43,1474,1517,0.1524538869665756
41,1458,1499,0.15245724475953634
41,1458,1499,0.1524654235063759
41,1467,1508,0.1524736406830986
41,1474,1515,0.15248120161331996
39,1474,1513,0.15248879997130024
38,1485,1523,0.15250073208358267
37,1474,1511,0.15251442160143366
37,1474,1511,0.15252981031483337
34,1480,1514,0.1525446015215489
35,1491,1526,0.15256522207107895
36,1491,1527,0.15258265150152828
36,1472,1508,0.15259699997747525
36,1475,1511,0.15261071798818096
36,1478,1514,0.15262362001137778
38,1483,1521,0.1526359550856173
36,1479,1515,0.15264135672815202
37,1483,1520,0.15265126103823357
36,1482,1518,0.1526580818216868
36,1479,1515,0.15266700918857568
37,1464,1501,0.15267510185480057
36,1476,1512,0.15267982837415603
36,1481,1517,0.1526868554947978
34,1490,1524,0.15269384486583923
33,1495,1528,0.1527052064132619
32,1507,1539,0.15271834443133497
30,1494,1524,0.15273313249567944
30,1491,1521,0.15275163623055463
31,1486,1517,0.15276884913076166
30,1487,1517,0.15278295598042532
30,1486,1516,0.15279860424694505
29,1494,1523,0.15281350629171814
29,1498,1527,0.15282981527431383
27,1487,1514,0.15284505478266044
27,1479,1506,0.15286384876307865
27,1492,1519,0.15288139940422957
27,1489,1516,0.15289695368621434
27,1499,1526,0.15291164342646835
25,1490,1515,0.15292569691679533
25,1480,1505,0.15294357819361382
25,1490,1515,0.15296056571573985
26,1480,1506,0.15297639265450746
27,1490,1517,0.15298924769929512
26,1492,1518,0.15299910459278088
26,1496,1522,0.15301068735982426
25,1498,1523,0.1530217306328022
23,1492,1515,0.15303445866181842
24,1485,1509,0.15305090055832443
25,1493,1518,0.15306405530235362
25,1496,1521,0.15307316632119558
24,1486,1510,0.15308195668699331
24,1481,1505,0.15309255129991964
25,1480,1505,0.15310269255944386
25,1489,1514,0.15310925561525493
24,1485,1509,0.15311566850623134
23,1477,1500,0.15312463777857274
24,1501,1525,0.15313534542614615
24,1498,1522,0.15314332858574806
26,1501,1527,0.15315095268033277
25,1502,1527,0.1531523994779913
25,1493,1518,0.15315623084915925
23,1496,1519,0.15315990142626176
19,1495,1514,0.15316784295299743
18,1487,1505,0.1531841119825323
19,1488,1507,0.15320172970090173
20,1486,1506,0.15321619510699253
18,1494,1512,0.1532278399673665
19,1486,1505,0.1532432959372082
20,1491,1511,0.15325547978710932
19,1503,1522,0.1532640809658425
19,1497,1516,0.153274491036596
17,1498,1515,0.15328444199253563
18,1486,1504,0.15329822275919586
19,1496,1515,0.15330841531585734
20,1474,1494,0.15331592381390544
21,1475,1496,0.15332082148435666
20,1483,1503,0.1533223431381524
21,1484,1505,0.15332669265390986
22,1482,1504,0.15332828650188335
22,1489,1511,0.15332601095561096
24,1491,1515,0.15332426670464522
23,1491,1514,0.15331742700365253
23,1497,1520,0.1533136314543485
23,1501,1524,0.1533104592777607
22,1490,1512,0.1533078345075286
23,1494,1517,0.15330784005308506
23,1501,1524,0.15330489151984714
23,1503,1526,0.15330248952602982
23,1497,1520,0.1532994877018513
24,1494,1518,0.15329707376524632
24,1494,1518,0.15329271049320356
25,1506,1531,0.1532889728172957
26,1511,1537,0.1532825497509993
25,1510,1535,0.15327419331655887
26,1504,1530,0.15326889786866033
26,1501,1527,0.15326209838811272
26,1502,1528,0.15325569235034173
26,1494,1520,0.15325002586832434
26,1489,1515,0.15324502053091008
25,1476,1501,0.1532406058843531
22,1477,1499,0.1532388863481345
22,1495,1517,0.15324432111137817
23,1501,1524,0.15324929673033147
23,1497,1520,0.15325098209069773
21,1487,1508,0.15325283264006903
21,1485,1506,0.15325927968604833
22,1492,1514,0.1532655365801439
21,1492,1513,0.1532683337694288
24,1491,1515,0.1532728592574661
23,1494,1517,0.15326979523930226
22,1493,1515,0.15327002905493659
20,1495,1515,0.1532717740412165
20,1503,1523,0.15327822986080744
18,1504,1522,0.15328439122821796
19,1509,1528,0.15329525016826634
19,1499,1518,0.15330335097084796
20,1505,1525,0.1533108743016948
19,1500,1519,0.1533159455823439
20,1498,1518,0.15332304900046873
19,1504,1523,0.15332746091876
18,1513,1531,0.15333438031929877
18,1520,1538,0.15334257255477204
17,1506,1523,0.15335044169222511
17,1503,1520,0.153360168326185
17,1498,1515,0.15336945400673194
16,1490,1506,0.1533783056734655
16,1492,1508,0.15338904318944008
15,1503,1518,0.15339886843810543
17,1500,1517,0.15340930252196197
17,1505,1522,0.15341457213527854
17,1502,1519,0.15341975045985173
16,1502,1518,0.15342477680957736
14,1502,1516,0.1534318514207675
13,1498,1511,0.15344295299352034
13,1498,1511,0.15345584681636373
13,1506,1519,0.15346791594948306
13,1502,1515,0.15347937777387974
12,1520,1532,0.153489666938197
12,1513,1525,0.15350185216582082
12,1503,1515,0.1535134215562301
14,1498,1512,0.153524400204598
12,1497,1509,0.15352920063234257
13,1505,1518,0.15353841049353595
13,1506,1519,0.15354396858879046
14,1498,1512,0.15354945915259136
14,1499,1513,0.15355160387419392
14,1504,1518,0.15355394517064774
16,1488,1504,0.15355643964420213
16,1500,1516,0.15355320630381122
15,1483,1498,0.15355055848299418
15,1492,1507,0.15355070661052528
14,1499,1513,0.15355115311234332
16,1489,1505,0.15355400401811348
16,1500,1516,0.15355050523525432
17,1508,1525,0.15354765029333012
16,1503,1519,0.1535424417767213
16,1486,1502,0.1535404838549295
15,1493,1508,0.15353899592560802
16,1492,1508,0.1535406293889155
16,1491,1507,0.15353964800343725
18,1491,1509,0.15353899401028936
18,1503,1521,0.15353256740612847
19,1508,1527,0.15352691745157718
17,1509,1526,0.15351918065556283
16,1502,1518,0.1535170605498686
16,1499,1515,0.15351825226268698
15,1503,1518,0.15351956881716114
15,1509,1524,0.1535231412685136
15,1507,1522,0.15352665810032184
15,1510,1525,0.15353010706552842
15,1497,1512,0.15353347816470606
15,1496,1511,0.15353676336539024
15,1495,1510,0.15353995635224277
15,1493,1508,0.1535430523048559
15,1486,1501,0.15354604770033017
15,1488,1503,0.15354894013804304
15,1510,1525,0.1535517281842872
15,1504,1519,0.1535544112346904
16,1504,1520,0.15355596605746805
16,1498,1514,0.15355535511783155
15,1502,1517,0.15355492480666233
15,1493,1508,0.15355681157266882
15,1493,1508,0.15355867171943682
15,1501,1516,0.1535605262784011
14,1501,1515,0.15356217587272694
14,1503,1517,0.153565994506284
14,1490,1504,0.1535696765517932
12,1490,1502,0.1535732209884522
11,1507,1518,0.15358099893425486
11,1502,1513,0.15359055769344518
11,1501,1512,0.15359942319205003
10,1510,1520,0.15360781506842866
10,1525,1535,0.15361791042625167
9,1514,1523,0.15362744542533974
9,1503,1512,0.15363857973147202
9,1517,1526,0.15364908096710575
9,1515,1524,0.15365898310581466
8,1508,1516,0.15366831850918927
9,1503,1512,0.1536792688668714
9,1507,1516,0.15368630733565575
8,1506,1514,0.15369304911752804
9,1506,1515,0.1537016516890716
9,1504,1513,0.1537074357979851
9,1505,1514,0.15371299008661826
9,1508,1517,0.15371831679064765
9,1495,1504,0.1537234191370962
7,1492,1499,0.1537283011760009
7,1497,1504,0.15373747663374895
8,1514,1522,0.15374614839713632
8,1505,1513,0.15375129973277846
9,1508,1517,0.15375626679781149
10,1498,1508,0.1537578123421912
10,1503,1513,0.15375620240484728
10,1511,1521,0.15375498586718958
10,1519,1529,0.15375411013375753
10,1506,1516,0.15375352858530847
10,1494,1504,0.1537531999465333
10,1502,1512,0.15375308771823004
9,1508,1517,0.1537531596675007
9,1514,1523,0.1537555301945705
10,1509,1519,0.1537579019596454
10,1508,1518,0.15375700397197953
8,1507,1515,0.1537563860007807
7,1509,1516,0.15376153851264956
8,1519,1527,0.1537685874059543
7,1514,1521,0.1537721276302825
7,1513,1520,0.15377782244318064
7,1506,1513,0.15378329952791372
8,1516,1524,0.15378855955604326
9,1514,1523,0.15379115286493358
9,1508,1517,0.15379125274635538
9,1514,1523,0.15379148800008904
9,1503,1512,0.15379183677283872
9,1502,1511,0.1537922798498841
9,1505,1514,0.15379280036882859
8,1496,1504,0.15379338356283068
9,1512,1521,0.15379633285113029
9,1504,1513,0.15379678779295397
9,1504,1513,0.15379729185629598
9,1493,1502,0.15379783466005123
9,1493,1502,0.15379840716506898
9,1510,1519,0.15379900152432177
9,1516,1525,0.1537996109487296
9,1511,1520,0.1538002295870619
8,1511,1519,0.15380085241849237
9,1528,1537,0.15380372228286973
8,1512,1520,0.15380413120187786
8,1503,1511,0.1538068480724557
9,1514,1523,0.1538094198846889
9,1521,1530,0.15380944034657562
8,1519,1527,0.15380950124248197
8,1517,1525,0.1538117613861807
7,1521,1528,0.15381391881217163
7,1525,1532,0.15381815290059742
7,1517,1524,0.1538221576696573
7,1511,1518,0.15382594441193095
7,1510,1517,0.1538295239842798
7,1499,1506,0.15383290681052433
7,1508,1515,0.15383610288622307
6,1519,1525,0.15383912178521
6,1524,1530,0.1538441155584217
6,1523,1529,0.1538488202514551
6,1527,1533,0.15385325202360434
7,1525,1532,0.15385742618875445
7,1518,1525,0.15385895783121842
7,1514,1521,0.15386043007360428
6,1513,1519,0.153861843336081
6,1508,1514,0.15386534273302843
6,1506,1512,0.15386865421171972
6,1505,1511,0.15387178675332205
5,1507,1512,0.1538747490309675
4,1516,1520,0.1538797137964876
4,1509,1513,0.15388665115012157
4,1510,1514,0.15389317156785504
4,1509,1513,0.15389929990598636
4,1487,1491,0.15390505955867145
4,1500,1504,0.1539104725419923
4,1494,1498,0.15391555957338535
4,1514,1518,0.15392034014666614
4,1507,1511,0.15392483260287634
4,1507,1511,0.1539290541971708
4,1512,1516,0.15393302116194998
3,1521,1524,0.15393674876643756
3,1518,1521,0.1539424182435671
3,1520,1523,0.1539477450403529
3,1509,1512,0.15395274977050982
3,1526,1529,0.15395745181747308
3,1517,1520,0.15396186940686643
2,1521,1523,0.15396601967479678
2,1502,1504,0.1539720843978694
2,1508,1510,0.15397778214581814
2,1506,1508,0.15398313509923944
2,1515,1517,0.15398816410052152
2,1515,1517,0.15399288873434647
2,1508,1510,0.15399732740337346
2,1525,1527,0.15400149739938704
2,1525,1527,0.15400541497018203
2,1516,1518,0.15400909538243807
1,1527,1528,0.15401255298082248
1,1527,1528,0.15401795434388782
1,1523,1524,0.1540230287411233
1,1534,1535,0.15402779596505756
1,1535,1536,0.15403227461009983
1,1521,1522,0.15403648214506677
1,1514,1515,0.15404043498131895
1,1523,1524,0.15404414853677284
1,1501,1502,0.15404763729603801
1,1509,1510,0.15405091486691366
1,1507,1508,0.1540539940334653
1,1526,1527,0.154056886805889
1,1519,1520,0.1540596044673562
1,1510,1511,0.15406215761802375
1,1530,1531,0.15406455621637927
1,1531,1532,0.15406680961808394
1,1525,1526,0.15406892661246407
1,1519,1520,0.15407091545679336
1,1499,1500,0.15407278390850032
1,1500,1501,0.15407453925542566
1,1499,1500,0.1540761883442485
1,1513,1514,0.15407773760719146
1,1514,1515,0.15407919308710943
1,1496,1497,0.1540805604610595
1,1498,1499,0.15408184506244407
1,1500,1501,0.1540830519018137
2,1518,1520,0.1540841856864106
2,1509,1511,0.15408197859843636
2,1501,1503,0.1540800128954189
2,1506,1508,0.15407826367817304
2,1512,1514,0.15407670853682817
2,1507,1509,0.15407532730637286
2,1518,1520,0.1540741018459507
3,1512,1515,0.15407301583961538
3,1509,1512,0.15406877382885995
3,1504,1507,0.15406495017050711
3,1516,1519,0.1540615039917749
4,1517,1521,0.15405839839091484
4,1517,1521,0.15405232996313553
4,1511,1515,0.15404684472337574
5,1505,1510,0.1540418867530348
6,1508,1514,0.1540341250794212
7,1506,1513,0.1540238239652321
7,1501,1508,0.15401123042583412
7,1514,1521,0.15399982490882794
7,1517,1524,0.15398949499535447
7,1510,1517,0.15398013892696988
7,1521,1528,0.15397166459325592
7,1512,1519,0.1539639886156735
7,1511,1518,0.15395703551850368
7,1512,1519,0.1539507369785907
6,1515,1521,0.15394503114639224
7,1513,1520,0.1539420919480785
7,1524,1531,0.1539372002725483
7,1515,1522,0.15393276825218938
7,1521,1528,0.15392875251919722
7,1522,1529,0.15392511380885726
7,1516,1523,0.15392181657060117
6,1523,1529,0.15391882861598094
7,1517,1524,0.15391848610278142
7,1510,1517,0.15391581089142906
7,1514,1521,0.1539133863241503
7,1499,1506,0.15391118880110746
6,1490,1496,0.15390919695211303
6,1510,1516,0.15390965494936096
6,1517,1523,0.15391013257687602
7,1514,1521,0.1539106240360339
7,1508,1515,0.15390785492365228
7,1506,1513,0.15390539615581303
7,1509,1516,0.15390321522720032
7,1513,1520,0.1539012829159799
9,1519,1528,0.1538995729590159
9,1519,1528,0.15389152513770019
9,1524,1533,0.15388426620540652
9,1519,1528,0.15387771934475952
9,1522,1531,0.15387181518650742
9,1526,1535,0.1538664910893424
8,1514,1522,0.15386169048923395
8,1505,1513,0.15386011594105062
8,1512,1520,0.1538587426371846
8,1511,1519,0.1538575481104283
8,1504,1512,0.15385651224926378
8,1496,1504,0.15385561705905865
8,1482,1490,0.15385484644700217
8,1483,1491,0.1538541860284498
8,1494,1502,0.15385362295256985
8,1501,1509,0.15385314574539458
7,1509,1516,0.15385274416855943
7,1501,1508,0.15385469124052759
7,1514,1521,0.15385654561076145
7,1517,1524,0.15385831038742942
7,1523,1530,0.15385998873689233
7,1515,1522,0.15386158385610302
7,1511,1518,0.1538630989490206
7,1509,1516,0.1538645372065678
7,1518,1525,0.153865901789713
7,1513,1520,0.15386719581530095
7,1516,1523,0.15386842234429884
8,1514,1522,0.1538695843721599
8,1517,1525,0.15386741766855677
8,1496,1504,0.15386549772358676
8,1506,1514,0.15386379842291822
8,1519,1527,0.15386229631280438
8,1518,1526,0.15386097033476667
8,1511,1519,0.153859801586403
8,1502,1510,0.1538587731057678
8,1498,1506,0.15385786967701953
7,1508,1515,0.15385707765525594
7,1508,1515,0.15385851512475812
7,1510,1517,0.15385991168240806
7,1512,1519,0.1538612652062632
6,1510,1516,0.15386257415574428
6,1508,1514,0.15386598656855047
7,1492,1499,0.15386922261677
8,1514,1522,0.15387000390631125
8,1511,1519,0.15386752179984106
8,1511,1519,0.15386533093028626
8,1515,1523,0.1538634000403793
8,1513,1521,0.15386127825380597
8,1493,1501,0.15385943097879168
8,1494,1502,0.15385782744787713
8,1492,1500,0.15385644012185448
8,1498,1506,0.15385524436283218
8,1503,1511,0.1538542181397356
8,1506,1514,0.15385334176306537
8,1510,1518,0.15385259764604478
7,1502,1509,0.1538519700895655
8,1508,1516,0.15385366918690982
8,1502,1510,0.1538525904960606
8,1497,1505,0.1538516809521122
7,1501,1508,0.15385092037650105
7,1505,1512,0.1538526608693415
7,1506,1513,0.1538543519167112
7,1503,1510,0.15385599105540643
7,1509,1516,0.153857576499324
6,1491,1497,0.15385910704765268
6,1477,1483,0.15386280076811792
6,1500,1506,0.1538662958101461
6,1514,1520,0.15386942206315524
6,1493,1499,0.1538723995500124
5,1512,1517,0.15387523333550857
5,1513,1518,0.1538800674221854
4,1526,1530,0.15388463844396214
5,1511,1516,0.15389111464286168
5,1524,1529,0.15389396989882836
5,1522,1527,0.15389678068913207
5,1525,1530,0.15389953710673684
5,1524,1529,0.15390223107405285
5,1515,1520,0.15390485611257135
5,1512,1517,0.15390740713805556
5,1513,1518,0.15390988027861513
5,1515,1520,0.15391227271326205
5,1516,1521,0.1539145825287904
5,1514,1519,0.15391680859304174
5,1511,1516,0.15391895044281523
5,1493,1498,0.15392100818485996
5,1515,1520,0.15392298240854635
5,1518,1523,0.15392487410895891
5,1502,1507,0.15392668461928044
5,1515,1520,0.1539284155514562
5,1521,1526,0.15393006874423004
5,1523,1528,0.15393164621773947
5,1539,1544,0.15393315013394143
5,1527,1532,0.1539345827622167
5,1523,1528,0.15393594644956848
5,1507,1512,0.15393724359489458
5,1500,1505,0.1539384766268644
5,1510,1515,0.1539396479849849
5,1499,1504,0.1539407601034826
5,1508,1513,0.15394099002770187
5,1511,1516,0.15394129739965806
5,1516,1521,0.15394166885360133
5,1500,1505,0.15394209265576575
5,1507,1512,0.15394255852761674
5,1517,1522,0.1539430574871806
5,1524,1529,0.15394358170666095
4,1517,1521,0.15394412438472554
4,1514,1518,0.15394680752504486
4,1516,1520,0.15394936908041293
4,1511,1515,0.15395181240357195
4,1526,1530,0.15395414103298577
4,1531,1535,0.15395635864417204
4,1522,1526,0.1539584690075675
4,1527,1531,0.1539604759521878
5,1521,1526,0.1539623833344219
5,1520,1525,0.15396161526850885
6,1514,1520,0.15396095480563332
6,1534,1540,0.1539571410344646
6,1530,1536,0.15395371524985355
6,1530,1536,0.15395063912901452
7,1517,1524,0.1539478780692848
7,1510,1517,0.1539421345134108
7,1504,1511,0.15393695192823853
7,1508,1515,0.15393227618182248
7,1510,1517,0.15392805832661266
7,1504,1511,0.1539242541052911
7,1517,1524,0.15392082350356667
7,1501,1508,0.1539177303454753
6,1502,1508,0.15391494192715346
5,1510,1515,0.15391489488547955
5,1501,1506,0.1539170631196419
5,1500,1505,0.15391915759938934
5,1510,1515,0.15392117710188338
5,1512,1517,0.15392312103325737
4,1519,1523,0.15392474010783774
5,1514,1519,0.15392870283364485
5,1508,1513,0.15392918360497043
5,1511,1516,0.15392977400504093
5,1527,1532,0.15393045399055263
5,1515,1520,0.15393120602139537
4,1508,1512,0.15393201478537963
4,1498,1502,0.153935161795642
4,1501,1505,0.15393818745678534
5,1500,1505,0.1539410923676309
5,1506,1511,0.153941410250067
5,1505,1510,0.15394179051316456
5,1506,1511,0.15394222149050285
5,1506,1511,0.15394269298118848
5,1494,1499,0.15394319608828053
5,1509,1514,0.15394372307397447
5,1511,1516,0.15394426722986373
5,1516,1521,0.15394482276076132
5,1525,1530,0.1539453846807158
5,1525,1530,0.15394594871998837
5,1533,1538,0.15394651124188227
5,1522,1527,0.15394706916842302
5,1524,1529,0.15394761991398906
5,1523,1528,0.153948161326081
5,1525,1530,0.1539486916324983
5,1519,1524,0.15394920939426593
5,1520,1525,0.15394971346371789
5,1510,1515,0.15395020294720485
5,1504,1509,0.15395067717194597
4,1508,1512,0.15395113565659344
4,1507,1511,0.1539537101672033
4,1517,1521,0.1539561390773039
5,1506,1511,0.1539584301302049
4,1514,1518,0.1539573238662961
5,1517,1522,0.15395859362777645
5,1504,1509,0.15395744445958676
5,1515,1520,0.1539564841717542
5,1494,1499,0.15395568977705798
5,1490,1495,0.15395504079605968
6,1507,1513,0.1539545189975903
6,1522,1528,0.15395083165787724
5,1520,1525,0.15394754701531713
5,1500,1505,0.15394769481065226
7,1499,1506,0.15394789220154179
8,1525,1533,0.15394175500788962
7,1527,1534,0.15393295627746695
7,1527,1534,0.15392717694709493
7,1520,1527,0.15392204568518852
7,1519,1526,0.15391749453684958
7,1511,1518,0.1539134624263105
7,1519,1526,0.15390989447431924
7,1510,1517,0.1539067413824645
6,1507,1513,0.15390395887792277
6,1513,1519,0.15390416394329545
6,1515,1521,0.15390393598653535
5,1517,1522,0.15390385836963172
6,1505,1511,0.15390634643022733
6,1507,1513,0.1539054886962738
5,1497,1502,0.15390486728427674
4,1502,1506,0.15390685172926116
4,1509,1513,0.15391107073670232
5,1510,1515,0.15391514172154305
5,1511,1516,0.15391645126796866
5,1515,1520,0.153917814756349
5,1522,1527,0.15391921609532824
4,1512,1516,0.15392064140122622
4,1508,1512,0.15392453209544155
4,1511,1515,0.15392824535248636
4,1528,1532,0.15393178619846754
3,1525,1528,0.15393515991434817
3,1516,1519,0.15394051603315925
3,1503,1506,0.1539455863932398
3,1505,1508,0.15395038448356732
3,1504,1507,0.15395492335071218
3,1502,1505,0.15395921558905343
3,1493,1496,0.15396327333514992
3,1502,1505,0.1539671082656679
3,1503,1506,0.1539707315983372
3,1512,1515,0.1539741540954706
4,1523,1527,0.1539773860696358
4,1520,1524,0.15397717697879215
5,1499,1504,0.15397710132792658
6,1494,1500,0.153973863639333
6,1505,1511,0.15396775614879787
6,1519,1525,0.15396231267425645
6,1512,1518,0.15395746482570088
6,1518,1524,0.15395315105281676
5,1509,1514,0.15394931597250916
5,1509,1514,0.15394867502982024
5,1505,1510,0.15394819174175603
5,1515,1520,0.15394784511979245
4,1515,1519,0.15394761654651837
4,1516,1520,0.15394963854373078
5,1510,1515,0.1539516173782588
5,1515,1520,0.15395126190793187
5,1514,1519,0.15395100577245718
5,1509,1514,0.15395083547039604
5,1513,1518,0.1539507390371955
5,1503,1508,0.15395070588306578
5,1519,1524,0.15395072664730175
4,1508,1512,0.15395079306741613
4,1513,1517,0.15395318481965994
4,1517,1521,0.1539554576213451
4,1517,1521,0.15395761613276343
4,1527,1531,0.153959664979477
4,1523,1527,0.15396160873047846
4,1513,1517,0.1539634518799816
4,1523,1527,0.15396519883240017
3,1527,1530,0.15396685389012174
5,1515,1520,0.15397059012287906
5,1515,1520,0.15396860744340923
5,1517,1522,0.15396686921846792
5,1511,1516,0.15396534862336247
5,1514,1519,0.15396402161852635
5,1517,1522,0.1539628666688551
4,1522,1526,0.15396186449084268
4,1513,1517,0.15396318739515755
4,1508,1512,0.15396449391128902
3,1504,1507,0.15396577883178608
4,1510,1514,0.15396963793838317
4,1510,1514,0.15396999408700274
5,1499,1504,0.15397043993905754
5,1503,1508,0.15396768625571813
5,1514,1519,0.1539641792480268
5,1513,1518,0.15396117205969262
6,1502,1508,0.15395860672269293
6,1506,1512,0.15395314957771444
5,1514,1519,0.15394834303826854
5,1512,1517,0.15394677029623072
4,1512,1516,0.15394550621949854
4,1511,1515,0.15394716345675546
4,1511,1515,0.15394884651439397
4,1501,1505,0.1539505414885439
4,1502,1506,0.15395204065450835
4,1501,1505,0.15395356112510558
4,1511,1515,0.1539550906184042
4,1511,1515,0.15395661867051916
4,1505,1509,0.1539581364207414
4,1500,1504,0.15395963641988453
4,1497,1501,0.15396111245944916
4,1509,1513,0.15396255941944773
4,1514,1518,0.15396397313295096
4,1508,1512,0.15396535026561206
4,1524,1528,0.15396668820860265
4,1517,1521,0.15396798498355285
5,1513,1518,0.15396923915823063
4,1514,1518,0.15396719056416547
4,1513,1517,0.15396755636166926
4,1516,1520,0.153968023167641
4,1523,1527,0.1539685729296769
4,1525,1529,0.15396918984383554
4,1528,1532,0.15396986010674868
4,1527,1531,0.15397057169354333
4,1510,1514,0.1539713141589686
5,1511,1516,0.15397207845937966
5,1516,1521,0.1539697191341045
5,1510,1515,0.1539676520575199
6,1500,1506,0.1539658451236485
6,1512,1518,0.15396102219654823
5,1507,1512,0.1539567069175787
6,1511,1517,0.15395501002130946
7,1522,1529,0.1539503276195712
7,1514,1521,0.153942917512438
7,1510,1517,0.1539363038099118
6,1509,1515,0.15393040448403458
6,1514,1520,0.15392733867957475
6,1519,1525,0.15392471243106715
6,1523,1529,0.15392247442971185
6,1518,1524,0.15392057887138574
6,1519,1525,0.15391898489069644
6,1503,1509,0.15391765605186017
6,1516,1522,0.1539165598907774
6,1516,1522,0.15391566750323118
6,1509,1515,0.1539149531746329
6,1517,1523,0.15391439404718923
6,1523,1529,0.15391396982077038
6,1512,1518,0.15391366248412555
6,1505,1511,0.15391345607342222
6,1499,1505,0.15391333645538358
6,1499,1505,0.1539132911325675
7,1504,1511,0.1539133090685727
7,1517,1524,0.15391012910665627
7,1516,1523,0.15390729841405348
7,1507,1514,0.15390478078491843
7,1511,1518,0.15390254365115832
6,1515,1521,0.15390055772348446
7,1516,1523,0.15390097034890837
7,1516,1523,0.15389818268029426
7,1510,1517,0.1538957551560524
6,1512,1518,0.15389364745536066
6,1507,1513,0.15389398441779736
6,1508,1514,0.15389444167000227
7,1513,1520,0.15389499824670427
7,1521,1528,0.1538923707966801
7,1525,1532,0.15389011406476738
7,1522,1529,0.15388818532900828
7,1525,1532,0.1538865463935819
7,1527,1534,0.15388516312944175
7,1513,1520,0.15388400506046185
7,1509,1516,0.15388304499064692
6,1498,1504,0.15388225866839306
6,1513,1519,0.1538838053245696
5,1520,1525,0.15388535085223537
5,1516,1521,0.15388907279143332
5,1516,1521,0.1538926434140012
5,1497,1502,0.15389606472214262
5,1504,1509,0.15389933928643942
5,1503,1508,0.15390247014518452
5,1519,1524,0.15390546071616482
4,1512,1516,0.15390831471953145
4,1516,1520,0.1539131948666385
4,1518,1522,0.1539178153235322
4,1512,1516,0.1539221882383395
4,1507,1511,0.15392632537559842
4,1505,1509,0.15393023810515682
4,1502,1506,0.15393393739507227
4,1501,1505,0.15393743380794828
4,1503,1507,0.15394073750020873
4,1511,1515,0.15394385822387016
4,1508,1512,0.15394680533042315
4,1504,1508,0.15394958777648088
4,1494,1498,0.1539522141308944
4,1503,1507,0.15395469258307043
4,1522,1526,0.15395703095226085
4,1533,1537,0.15395923669762276
3,1521,1524,0.15396131692887227
3,1508,1511,0.15396544385891306
3,1518,1521,0.15396932655437007
3,1495,1498,0.15397297916420885
3,1495,1498,0.15397641504813195
3,1505,1508,0.15397964681751233
3,1503,1506,0.15398268637453025
4,1509,1513,0.15398554494955566
4,1515,1519,0.15398495944638405
4,1525,1529,0.15398451945477987
4,1520,1524,0.15398420544384656
4,1514,1518,0.15398400010761948
4,1528,1532,0.1539838881291124
4,1522,1526,0.1539838559684758
4,1516,1520,0.15398389167285462
4,1515,1519,0.15398398470576974
4,1507,1511,0.15398412579406492
4,1513,1517,0.15398430679065328
5,1522,1527,0.15398452055147258
5,1515,1520,0.15398149948321457
5,1512,1517,0.15397880474404568
5,1519,1524,0.15397640292767484
5,1518,1523,0.15397426394852165
5,1518,1523,0.1539723607172513
6,1520,1526,0.1539695591998495
5,1529,1534,0.15396384199364074
5,1513,1518,0.15396192601389744
5,1510,1515,0.1539602847760715
5,1508,1513,0.15395888639312535
5,1520,1525,0.1539577023708389
5,1514,1519,0.1539567072624274
5,1504,1509,0.15395587835745494
5,1506,1511,0.1539551954016871
5,1505,1510,0.15395464034485362
4,1517,1521,0.15395419711358443
5,1520,1525,0.15395636810556476
5,1520,1525,0.153955871963609
5,1536,1541,0.15395547149841615
5,1528,1533,0.15395515459909104
5,1516,1521,0.15395491049439958
5,1529,1534,0.15395472961356726
5,1525,1530,0.1539546034610636
6,1519,1525,0.15395452450399447
6,1532,1538,0.15395154111601728
7,1527,1534,0.1539488476806006
7,1521,1528,0.15394315704648626
7,1523,1530,0.1539380075999458
7,1507,1514,0.15393334775240436
6,1511,1517,0.1539291308405755
6,1504,1510,0.15392789643628216
6,1503,1509,0.15392682632179264
6,1506,1512,0.15392590184903035
6,1516,1522,0.15392510634168066
6,1510,1516,0.1539244248943617
6,1518,1524,0.15392384419181607
6,1516,1522,0.1539233523461527
6,1511,1517,0.1539229387503618
6,1509,1515,0.15392259394649738
5,1515,1520,0.15392230950708086
7,1523,1530,0.15392426742825446
7,1511,1518,0.15392059928482144
7,1499,1506,0.15391729716277386
7,1504,1511,0.15391432495800925
7,1502,1509,0.1539116501021936
7,1491,1498,0.1539092432180645
7,1502,1509,0.1539070778082414
7,1502,1509,0.15390512997429137
7,1510,1517,0.15390337816311475
7,1516,1523,0.15390180293799896
7,1518,1525,0.15390038677194645
8,1512,1520,0.15389911386111405
8,1512,1520,0.15389471263441062
8,1514,1522,0.15389073207210904
8,1510,1518,0.1538871318811271
9,1514,1523,0.15388387563285072
8,1512,1520,0.15387765769627854
7,1505,1512,0.15387484298564352
8,1506,1514,0.15387447260158982
8,1509,1517,0.1538709685839428
8,1507,1515,0.15386788711489807
8,1511,1519,0.15386518227590795
9,1499,1508,0.1538628128919833
9,1509,1518,0.15385778138033884
7,1518,1525,0.15385327310441402
7,1509,1516,0.15385415777849198
7,1510,1517,0.15385510845184266
7,1518,1525,0.1538561096738916
8,1510,1518,0.15385714802702222
8,1516,1524,0.1538549584440439
8,1520,1528,0.15385308825903785
8,1516,1524,0.15385150030602715
8,1519,1527,0.15385016137018326
8,1520,1528,0.15384904178633352
7,1520,1527,0.15384811507725726
7,1510,1517,0.15384967208776348
7,1508,1515,0.15385122130243675
7,1512,1519,0.15385275491118303
7,1502,1509,0.1538542663687392
7,1496,1503,0.15385575024243597
7,1510,1517,0.15385720207640113
7,1517,1524,0.153858618270519
6,1531,1537,0.15385999597262842
6,1524,1530,0.15386359198386965
6,1516,1522,0.15386699868107412
6,1524,1530,0.1538702247064219
7,1519,1526,0.15387327845459464
6,1527,1533,0.15387290714439392
6,1522,1528,0.15387483656560014
6,1508,1514,0.15387676236965186
6,1512,1518,0.15387867364566618
6,1511,1517,0.15388056123090724
6,1491,1497,0.15388241749908413
7,1508,1515,0.15388423617174626
7,1510,1517,0.15388273793628968
7,1499,1506,0.15388149894982192
8,1500,1508,0.1538804870844044
8,1500,1508,0.15387642664909534
8,1490,1498,0.15387284265540022
8,1501,1509,0.1538696839117103
8,1497,1505,0.15386690448703427
7,1499,1506,0.15386446318371358
7,1495,1502,0.1538644710931622
7,1506,1513,0.15386461692323805
7,1506,1513,0.15386487874988147
7,1496,1503,0.15386523730038434
7,1503,1510,0.15386567566417444
7,1507,1514,0.15386617903359112
7,1496,1503,0.15386673447162852
7,1516,1523,0.15386733070392072
7,1512,1519,0.15386795793251581
7,1508,1515,0.15386860766922844
7,1511,1518,0.15386927258658117
7,1503,1510,0.15386994638454293
6,1508,1514,0.15387062367145188
6,1506,1512,0.15387359555195834
7,1502,1509,0.15387641088635626
7,1497,1504,0.15387582247087447
7,1512,1519,0.15387539547790718
7,1513,1520,0.1538751080411945
7,1510,1517,0.1538749407773422
7,1515,1522,0.15387487652463913
7,1510,1517,0.15387490010827856
6,1522,1528,0.15387499812937308
5,1525,1530,0.15387734565707897
5,1512,1517,0.15388224855947386
4,1503,1507,0.1538868608526832
4,1500,1504,0.15389333806404745
4,1509,1513,0.15389942796000805
4,1503,1507,0.15390515338098643
4,1498,1502,0.15391053585208642
4,1502,1506,0.1539155956556738
3,1508,1511,0.15392035190027575
3,1510,1513,0.15392700873501586
3,1509,1512,0.15393326200887983
3,1507,1510,0.1539391360475949
3,1508,1511,0.15394465372440536
4,1520,1524,0.15394983654542943
4,1529,1533,0.15395143186182736
4,1510,1514,0.15395303732281765
4,1515,1519,0.153954641859882
4,1494,1498,0.15395623609470996
5,1486,1491,0.1539578121375738
5,1489,1494,0.15395536631944792
5,1504,1509,0.15395330999391432
5,1514,1519,0.15395159623493723
4,1510,1514,0.15395018321247939
4,1508,1512,0.15395194150455432
3,1505,1508,0.1539536821848685
3,1508,1511,0.15395793407358993
3,1520,1523,0.153961963332213
3,1520,1523,0.15396578000726197
3,1520,1523,0.15396939387339223
3,1518,1521,0.15397281441701513
3,1500,1503,0.15397605082411198
3,1508,1511,0.15397911197167125
3,1506,1509,0.15398200642225043
3,1501,1504,0.1539847424212189
3,1517,1520,0.15398732789629138
3,1517,1520,0.1539897704590066
3,1517,1520,0.153992077407847
3,1511,1514,0.15399425573273143
3,1505,1508,0.15399631212064654
3,1521,1524,0.15399825296220968
3,1536,1539,0.1540000843589838
3,1544,1547,0.1540018121313866
3,1529,1532,0.15400344182705727
3,1518,1521,0.15400497872956148
3,1522,1525,0.1540064278673322
4,1510,1514,0.15400779402275813
4,1509,1513,0.154005999813112
4,1507,1511,0.15400440768695053
3,1504,1507,0.15400299646570997
3,1505,1508,0.15400394456495048
3,1513,1516,0.1540049013913335
3,1521,1524,0.15400586005867806
3,1509,1512,0.1540068147075689
3,1507,1510,0.154007760384784
3,1515,1518,0.15400869293561
3,1515,1518,0.15400960890773144
3,1504,1507,0.1540105054655097
4,1502,1506,0.15401138031358547
4,1520,1524,0.15400897219028964
4,1504,1508,0.15400684346364105
4,1513,1517,0.1540049643384521
5,1516,1521,0.15400330806456572
5,1505,1510,0.1539985916994107
5,1507,1512,0.1539943571390468
5,1500,1505,0.15399055638295317
4,1512,1516,0.15398714614337336
5,1497,1502,0.153986976455509
5,1504,1509,0.15398396397563185
5,1508,1513,0.15398126152570785
5,1519,1524,0.15397883808814025
5,1520,1525,0.15397666569834023
6,1505,1511,0.15397471914714067
6,1510,1516,0.15396973342448328
6,1504,1510,0.15396523288314726
6,1494,1500,0.153961170646168
6,1494,1500,0.15395750434572514
5,1499,1504,0.15395419569059482
5,1511,1516,0.15395337700856587
5,1526,1531,0.15395271858638282
5,1521,1526,0.15395220005200358
5,1506,1511,0.15395180329316474
5,1500,1505,0.15395151222195266
5,1509,1514,0.15395131256309527
4,1506,1510,0.1539511916636303
4,1522,1526,0.15395342475335133
4,1516,1520,0.15395556374145145
4,1518,1522,0.15395761020211432
2,1494,1496,0.1539595660219481
2,1497,1499,0.15396579791215156
2,1513,1515,0.15397167311861837
2,1498,1500,0.15397721107782802
2,1513,1515,0.15398243026880729
2,1507,1509,0.153987348249204
2,1497,1499,0.15399198169133993
3,1492,1495,0.15399634641803087
4,1498,1502,0.1539978935055596
3,1494,1497,0.1539961293698812
3,1498,1501,0.1539968646802025
3,1505,1508,0.1539976851228358
3,1505,1508,0.15399857292309493
2,1517,1519,0.15399951260746927
2,1514,1516,0.1540026472414217
2,1517,1519,0.15400567819931202
2,1515,1517,0.1540086033043315
2,1516,1518,0.15401142133792445
2,1512,1514,0.1540141319011895
2,1516,1518,0.1540167352925164
2,1511,1513,0.15401923239971194
2,1515,1517,0.1540216246050498
2,1530,1532,0.15402391370183977
2,1519,1521,0.15402610182125773
2,1514,1516,0.15402819136830848
2,1516,1518,0.15403018496591106
2,1508,1510,0.1540320854062019
2,1500,1502,0.15403389560824543
3,1508,1511,0.1540356185814284
3,1520,1523,0.1540339938320861
3,1517,1520,0.15403259277750092
3,1520,1523,0.15403138983180764
3,1522,1525,0.15403036211383023
3,1511,1514,0.15402948917252746
3,1515,1518,0.1540287527396796
3,1513,1516,0.15402813650714872
3,1523,1526,0.15402762592630634
3,1517,1520,0.15402720802745357
3,1517,1520,0.15402687125727169
3,1527,1530,0.15402660533253199
3,1516,1519,0.15402640110846466
3,1526,1529,0.15402625046034438
3,1518,1521,0.1540261461769885
3,1506,1509,0.15402608186499334
3,1503,1506,0.15402605186264606
1,1512,1513,0.1540260511625563
1,1513,1514,0.15403042968604186
1,1500,1501,0.1540345623541071
1,1506,1507,0.1540384621685561
1,1510,1511,0.1540421415269979
1,1515,1516,0.1540456122417293
1,1512,1513,0.15404888555918134
1,1499,1500,0.1540519721797306
1,1499,1500,0.15405488227770509
1,1508,1509,0.15405762552143817
1,1522,1523,0.15406021109324727
1,1516,1517,0.1540626477092313
1,1501,1502,0.1540649436387995
1,1493,1494,0.1540671067238573
1,1505,1506,0.1540691443975907
1,1512,1513,0.15407106370279855
1,1517,1518,0.15407287130973538
1,1500,1501,0.1540745735334334
1,1508,1509,0.15407617635048276
1,1517,1518,0.15407768541525216
1,1524,1525,0.1540791060755415
1,1519,1520,0.1540804433876597
1,1526,1527,0.15408170213092684
1,1516,1517,0.15408288682160345
1,1521,1522,0.15408400172625167
1,1514,1515,0.15408505087453592
1,1519,1520,0.1540860380714735
1,1519,1520,0.15408696690914683
1,1517,1518,0.15408784077788934
1,1521,1522,0.15408866287696013
1,1520,1521,0.15408943622472218
1,1517,1518,0.15409016366833908
1,1527,1528,0.15409084789300706
1,1528,1529,0.15409149143073833
1,1523,1524,0.15409209666871215
1,1512,1513,0.1540926658572103
1,1524,1525,0.15409320111715336
1,1522,1523,0.15409370444725407
1,1517,1518,0.15409417773080392
1,1520,1521,0.1540946227421084
1,1521,1522,0.15409504115258715
1,1522,1523,0.1540954345365531
1,1526,1527,0.154095804376686
1,1523,1524,0.1540961520692141
1,1519,1520,0.1540964789288185
1,1525,1526,0.1540967861932723
1,1523,1524,0.15409707502782874
1,1519,1520,0.15409734652936943
1,1516,1517,0.15409760173032608
0,1510,1510,0.1540978416023855
