1353,33,1386,0.13579591921481163
1385,34,1419,0.13299421788169635
1400,32,1432,0.13035770453869136
1417,33,1450,0.1279209479097254
1430,32,1462,0.12565761927557237
1438,31,1469,0.12356204058679886
1457,30,1487,0.12163445115823963
1472,28,1500,0.11983097112504687
1468,29,1497,0.11815098616044548
1475,31,1506,0.11663488580779009
1470,32,1502,0.11523657829328587
1461,34,1495,0.1139782944778572
1456,37,1493,0.11285744085202676
1456,36,1492,0.11185255951938626
1454,37,1491,0.11093964501550943
1454,37,1491,0.1101121818014435
1449,37,1486,0.10936130411930219
1450,37,1487,0.1086916548806691
1451,38,1489,0.10807921481143555
1452,39,1491,0.10752260007982149
1438,37,1475,0.10701300540048773
1438,38,1476,0.10658309205718824
1444,40,1484,0.10619455328872394
1442,38,1480,0.1058262930635119
1448,38,1486,0.10549672934964001
1455,38,1493,0.10518378411782148
1448,38,1486,0.1048808739037299
1451,37,1488,0.10462197400276399
1457,39,1496,0.10437964367060264
1452,39,1491,0.10414694043114034
1453,39,1492,0.10394709989059471
1456,38,1494,0.10376433553475088
1459,37,1496,0.10359049958805083
1455,38,1493,0.10342575732114107
1448,37,1485,0.10328420563218015
1458,38,1496,0.10317067722101161
1447,38,1485,0.10304221933443301
1446,38,1484,0.10295252835798184
1445,36,1481,0.10287407350682741
1452,36,1488,0.1028062483011027
1446,38,1484,0.10272925955299124
1436,39,1475,0.10267257365348971
1431,38,1469,0.10264508379966415
1434,38,1472,0.10263354283846063
1429,38,1467,0.10261499792164659
1442,37,1479,0.10260869318468605
1435,37,1472,0.10257326819563836
1432,37,1469,0.10255521806527688
1436,38,1474,0.10254486117285433
1441,40,1481,0.10252827355076047
1449,37,1486,0.10249868036589337
1452,38,1490,0.1024525999007577
1458,38,1496,0.10240551608952789
1455,38,1493,0.10234540656593527
1440,37,1477,0.10230003948267036
1440,38,1478,0.10229250033067559
1447,39,1486,0.10228947476444841
1444,41,1485,0.10227013701749083
1448,42,1490,0.10225845311884071
1439,44,1483,0.10223761930046579
1423,41,1464,0.10224108547810545
1436,43,1479,0.10228269497388404
1443,45,1488,0.10228940325779852
1434,44,1478,0.10228035466077035
1448,45,1493,0.1022928544549882
1460,46,1506,0.10227109380971111
1464,44,1508,0.10222534038777752
1457,42,1499,0.10217246015538901
1454,42,1496,0.10213957771881887
1451,41,1492,0.10211674725641352
1443,42,1485,0.10210148250927166
1440,42,1482,0.10210507378731051
1436,44,1480,0.10211530017777415
1432,44,1476,0.10213662664762141
1430,45,1475,0.10216677864402537
1434,43,1477,0.10219870142680293
1434,44,1478,0.10221958119293881
1428,43,1471,0.10223927128237953
1431,46,1477,0.10227283937853315
1436,47,1483,0.10229513758908575
1443,44,1487,0.10230165481798839
1444,41,1485,0.10229324360155961
1438,41,1479,0.102285352864628
1441,41,1482,0.10229195772971718
1449,41,1490,0.1022899758715577
1445,40,1485,0.10227107129469601
1444,40,1484,0.10226170479591444
1445,40,1485,0.10225283228858303
1448,39,1487,0.10224225563528772
1450,38,1488,0.10222625457685096
1454,38,1492,0.10220677937009434
1458,37,1495,0.10218091321724283
1457,37,1494,0.10214806340234273
1467,36,1503,0.10211884472519399
1460,35,1495,0.10206677873312557
1466,36,1502,0.10203514386849769
1462,35,1497,0.10199686110177711
1461,35,1496,0.10196766398269513
1458,36,1494,0.10194430679380784
1439,36,1475,0.10193120162886457
1440,36,1476,0.10196173354275893
1456,35,1491,0.10198546778923817
1463,37,1500,0.10197403855469978
1456,37,1493,0.10194569091057756
1458,36,1494,0.10193783989736836
1465,38,1503,0.10192582604444017
1453,34,1487,0.10189834790746292
1450,33,1483,0.1019013950582006
1454,34,1488,0.10190491924489706
1458,32,1490,0.10189908244642812
1458,32,1490,0.10188616315511391
1457,31,1488,0.10187410053440998
1456,32,1488,0.1018649463076284
1463,32,1495,0.10185863048039803
1471,32,1503,0.10183836252214348
1467,32,1499,0.10180143886377625
1464,34,1498,0.10177650770219392
1478,34,1512,0.1017573153421669
1478,34,1512,0.10171246886100169
1484,34,1518,0.10167255125802388
1481,34,1515,0.10162352114516608
1471,34,1505,0.10158514409935104
1478,32,1510,0.10157168272355376
1482,31,1513,0.10154272962348497
1483,32,1515,0.10150646661357358
1480,32,1512,0.10147220761338986
1462,35,1497,0.10144702517157331
1461,37,1498,0.10146333264132588
1457,36,1493,0.1014823459108386
1460,36,1496,0.10151059282744562
1467,34,1501,0.10152913614843065
1472,35,1507,0.10152986348370169
1465,36,1501,0.10151886250401204
1463,39,1502,0.10152303553744794
1463,41,1504,0.10153249096686139
1464,42,1506,0.10154150739432595
1450,42,1492,0.1015482828030495
1453,43,1496,0.10158515305794075
1450,39,1489,0.1016134507017166
1453,39,1492,0.10164583306385312
1458,35,1493,0.10166861098110865
1451,36,1487,0.10167724100159413
1425,36,1461,0.10169928371182692
1438,39,1477,0.10177944614165234
1445,39,1484,0.10182658576349234
1450,40,1490,0.10185230069046018
1448,40,1488,0.10186432322805633
1453,40,1493,0.10188061627363977
1455,39,1494,0.101885016816995
1453,38,1491,0.1018845686355052
1455,39,1494,0.10188708540715766
1449,38,1487,0.1018869820538011
1455,42,1497,0.10189913982998458
1452,44,1496,0.10189631106953911
1453,44,1497,0.10190184591125942
1460,45,1505,0.10190311996629806
1458,45,1503,0.10188841477813354
1455,45,1500,0.10188168801565892
1452,45,1497,0.10188252531809913
1461,44,1505,0.10188883871417348
1461,45,1506,0.10187565057239947
1456,46,1502,0.10186329777669197
1453,44,1497,0.10186366608856595
1452,45,1497,0.10187060643801946
1455,45,1500,0.10187863361179879
1449,48,1497,0.10188140697261641
1441,49,1490,0.10189680906769281
1453,50,1503,0.10192744600030025
1455,50,1505,0.10192864076729759
1447,50,1497,0.10192758315496576
1451,51,1502,0.1019451663513389
1447,52,1499,0.10195312571735426
1437,50,1487,0.10197071157951988
1440,52,1492,0.10201091910714169
1442,52,1494,0.10204146487733383
1427,53,1480,0.10206647815889797
1434,55,1489,0.10212348656248649
1427,54,1481,0.10215918646615407
1426,53,1479,0.102208167662127
1428,55,1483,0.10225716065600916
1429,51,1480,0.10229743614022714
1420,52,1472,0.10233328389583253
1421,57,1478,0.1023852226526841
1422,61,1483,0.10242896086292567
1425,61,1486,0.10246929304267226
1429,64,1493,0.10249840230860319
1420,63,1483,0.10251509851981798
1430,65,1495,0.10255302513943222
1416,65,1481,0.10256402147450974
1419,66,1485,0.1026078335545269
1438,65,1503,0.10264161840160427
1425,66,1491,0.10263041594190664
1437,66,1503,0.10264967766655018
1432,64,1496,0.10263983049978115
1436,63,1499,0.10264308268175679
1436,64,1500,0.10263650212693559
1428,65,1493,0.10263074389305187
1415,64,1479,0.10264296663102496
1428,63,1491,0.10268119815805658
1440,62,1502,0.10268668087978244
1435,61,1496,0.10266377833898764
1445,62,1507,0.10265439805002362
1454,60,1514,0.10262278618763641
1448,57,1505,0.10257297356175879
1447,55,1502,0.10254001082418043
1424,55,1479,0.10251157457526833
1428,54,1482,0.10253813730288433
1433,55,1488,0.10255370890849286
1439,54,1493,0.1025572710628849
1434,56,1490,0.10254837701557488
1439,59,1498,0.1025524779497583
1448,61,1509,0.10254606899674147
1442,61,1503,0.10251896972004644
1435,60,1495,0.1025056966760312
1435,58,1493,0.10250512386379519
1432,57,1489,0.10250617021458491
1439,56,1495,0.10251478372088264
1425,54,1479,0.10250862636577786
1434,56,1490,0.10253391198956355
1435,56,1491,0.10253584358774927
1431,56,1487,0.10253679270696861
1436,58,1494,0.10254777272240904
1441,59,1500,0.1025486329306495
1424,57,1481,0.10253597508744235
1429,59,1488,0.10256314858088374
1430,59,1489,0.10257818832025688
1429,57,1486,0.10258644260904465
1439,56,1495,0.10259623986533248
1440,54,1494,0.10258181018694641
1434,59,1493,0.102566329532197
1436,59,1495,0.10256762429770662
1444,60,1504,0.10256503172259926
1447,63,1510,0.10254300581374526
1457,66,1523,0.10251640806045798
1448,67,1515,0.10247064906079505
1435,67,1502,0.10244977834487083
1434,63,1497,0.1024607416879186
1424,65,1489,0.10247303962431159
1436,69,1505,0.10250697229611934
1414,71,1485,0.10251054605795563
1409,74,1483,0.1025642232306663
1419,75,1494,0.10262473014434083
1418,74,1492,0.10266059163258731
1420,72,1492,0.1026947395870303
1429,72,1501,0.10272027968618948
1421,72,1493,0.10272368874818076
1427,75,1502,0.1027465539019231
1423,75,1498,0.10275609033590641
1411,73,1484,0.10277331766678537
1420,72,1492,0.10281576465471706
1412,75,1487,0.10283339882206179
1434,76,1510,0.10286785016450349
1418,75,1493,0.10285181665581977
1417,78,1495,0.10287351176547814
1418,79,1497,0.10289637540679351
1411,77,1488,0.10291634514653979
1412,79,1491,0.10295203734800876
1407,75,1482,0.1029835218289467
1398,77,1475,0.10302268062442586
1408,76,1484,0.10307792069411191
1410,76,1486,0.10310596206489148
1423,75,1498,0.10312649555465353
1415,81,1496,0.10311423363672732
1404,84,1488,0.10312036279343527
1411,83,1494,0.10315294023194461
1425,82,1507,0.10316543283622118
1409,80,1489,0.10314563801266768
1405,81,1486,0.10316425988663308
1395,80,1475,0.10319108476039414
1397,79,1476,0.10324005188286701
1395,78,1473,0.10327869611501596
1393,76,1469,0.10332146555917221
1402,78,1480,0.10336461004798032
1388,80,1468,0.10338400650238466
1385,80,1465,0.10343438895860889
1394,82,1476,0.10348559037509208
1390,84,1474,0.10351191963736628
1396,83,1479,0.10354596419471633
1403,81,1484,0.10356470245823018
1402,83,1485,0.10356539424281577
1396,87,1483,0.10356991355458806
1403,88,1491,0.10358734072125314
1395,87,1482,0.10358826190142587
1416,88,1504,0.10360867598440203
1415,81,1496,0.10357821390517719
1411,86,1497,0.10355346654562218
1408,90,1498,0.10353883501011095
1409,93,1502,0.1035340396879975
1404,92,1496,0.10352776598536824
1393,94,1487,0.10353276588812499
1396,94,1490,0.10356437688461462
1393,102,1495,0.10358840405573172
1381,104,1485,0.10361744126929227
1395,102,1497,0.1036712701745504
1398,105,1503,0.10369301288461444
1396,108,1504,0.10370477297031286
1411,113,1524,0.1037212043719962
1403,115,1518,0.10370495701342752
1388,115,1503,0.10371050614489409
1383,115,1498,0.10374824799852263
1379,114,1493,0.10379465905185978
1383,114,1497,0.10384809057378835
1380,114,1494,0.1038901935011868
1376,114,1490,0.10393485608569271
1357,117,1474,0.10398476944400803
1379,117,1496,0.10407320006865467
1381,118,1499,0.1041070508701391
1374,121,1495,0.10413377467936893
1362,121,1483,0.10417303057741371
1366,122,1488,0.10423377403950025
1372,119,1491,0.10428431320104543
1376,121,1497,0.10431804037120618
1362,124,1486,0.10434214194249808
1365,125,1490,0.10439274499927982
1365,125,1490,0.10443419700607891
1373,126,1499,0.10447243252691471
1383,125,1508,0.10449074821596546
1368,127,1495,0.10448605069806778
1371,123,1494,0.10451596503676872
1370,119,1489,0.10453591638888665
1369,118,1487,0.10455570621885958
1361,122,1483,0.10457733643277227
1374,125,1499,0.10461692380245946
1387,125,1512,0.1046242979377591
1385,123,1508,0.10460159596571524
1365,122,1487,0.10458335269394975
1377,122,1499,0.10461148234732563
1377,126,1503,0.10460968333045438
1377,128,1505,0.10461025494976937
1371,131,1502,0.10461243367125078
1376,128,1504,0.10462873836010089
1377,127,1504,0.10463217507782968
1372,124,1496,0.10463395558357806
1366,123,1489,0.10464507063370666
1364,122,1486,0.10467038297803594
1367,124,1491,0.10469821323010024
1386,127,1513,0.10471762729843787
1377,129,1506,0.1046920840213684
1362,135,1497,0.10468918178515726
1356,137,1493,0.10472262000559703
1356,142,1498,0.1047665110947206
1361,140,1501,0.10480895678351733
1351,142,1493,0.10483552600194088
1364,139,1503,0.10488389641429773
1359,136,1495,0.10489883160391578
1356,136,1492,0.1049251791610928
1344,136,1480,0.10495430037203729
1353,136,1489,0.10500798661571523
1355,141,1496,0.10503540949793297
1358,143,1501,0.1050573016022895
1344,146,1490,0.10506886912954076
1329,145,1474,0.1051121469785413
1330,141,1471,0.10518642473929254
1350,142,1492,0.10525200711095134
1347,148,1495,0.10526649545300563
1353,146,1499,0.10528816566350248
1360,143,1503,0.10529647375571197
1357,141,1498,0.10528683555782355
1359,139,1498,0.1052853201068759
1365,141,1506,0.10528047647347566
1348,142,1490,0.10526156591878795
1355,145,1500,0.10528293953592194
1360,146,1506,0.10528949502911178
1352,144,1496,0.1052847657462147
1341,141,1482,0.10529759085529011
1349,142,1491,0.1053361553055171
1352,144,1496,0.1053544000336419
1348,142,1490,0.1053627094893654
1341,139,1480,0.10537812782484866
1347,142,1489,0.1054069939159064
1347,140,1487,0.1054210871693427
1341,146,1487,0.10543464770670394
1346,145,1491,0.1054588815075304
1350,145,1495,0.10547152834175634
1353,146,1499,0.1054750819029298
1339,151,1490,0.10547119381192388
1341,143,1484,0.10549910674707869
1355,142,1497,0.10552358946766066
1343,145,1488,0.10551529702507928
1345,151,1496,0.1055343131436328
1359,151,1510,0.10554616443416893
1338,150,1488,0.1055285715922124
1333,153,1486,0.10555926872266021
1325,155,1480,0.10559836004706576
1333,154,1487,0.10565125639655747
1338,153,1491,0.10568608580029716
1353,154,1507,0.10570544710276343
1350,157,1507,0.10569158611745348
1346,163,1509,0.10568564730565665
1342,164,1506,0.10568790426614648
1351,166,1517,0.10570047010139193
1336,166,1502,0.10569055546040605
1340,167,1507,0.10571716714648766
1328,166,1494,0.10573491176471686
1327,165,1492,0.10577842937405613
1332,165,1497,0.10581876154561458
1335,162,1497,0.10584725768915378
1328,162,1490,0.10586868021464456
1326,162,1488,0.10590177072331329
1331,165,1496,0.10593751311653236
1339,165,1504,0.10595938112857095
1334,171,1505,0.10596001804847432
1329,173,1502,0.10597189737006811
1322,177,1499,0.105994032252949
1322,179,1501,0.10603209579814563
1326,180,1506,0.10606842221270492
1315,181,1496,0.1060945853894568
1321,177,1498,0.1061425542796157
1326,174,1500,0.10617384838216051
1323,176,1499,0.10619345880440555
1310,180,1490,0.10621756577447634
1307,176,1483,0.10626998869749904
1306,180,1486,0.10632321429349656
1293,186,1479,0.10637387901782752
1292,188,1480,0.1064518721493481
1299,186,1485,0.10652479246492691
1302,187,1489,0.10657562125244119
1303,188,1491,0.1066186007477809
1312,188,1500,0.10665408597399613
1326,190,1516,0.10666888890440124
1309,188,1497,0.10665101878166486
1313,184,1497,0.10667289717618969
1299,187,1486,0.10668486929046006
1315,190,1505,0.1067307795029327
1311,192,1503,0.10673478454822961
1303,190,1493,0.10674888400025015
1305,186,1491,0.10677847656689522
1299,190,1489,0.10679950011771595
1282,191,1473,0.10683265175240106
1283,192,1475,0.1069008787312611
1289,189,1478,0.10696414493614796
1296,191,1487,0.10701022619986009
1309,187,1496,0.10703763183167289
1306,190,1496,0.10703296180080546
1300,194,1494,0.10703372917984497
1289,193,1482,0.10704892830990848
1288,190,1478,0.10708843120135421
1304,192,1496,0.10712914549558611
1300,194,1494,0.10713041562746618
1294,194,1488,0.10713924820983493
1292,193,1485,0.10716203780638614
1294,198,1492,0.10718957662560819
1282,198,1480,0.1072088204654015
1289,200,1489,0.10725353087581371
1303,206,1509,0.10728012601334261
1304,206,1510,0.10727277112685601
1292,206,1498,0.10726431325640774
1295,207,1502,0.10728556946953705
1287,209,1496,0.1072972302597157
1281,210,1491,0.10732659669132538
1281,205,1486,0.10736740290231733
1280,203,1483,0.1074070778444236
1287,200,1487,0.10744444311048369
1292,202,1494,0.10746186345904092
1301,202,1503,0.10746748053353627
1288,202,1490,0.10745231900620585
1294,197,1491,0.10746655120444057
1299,199,1498,0.10746692736209928
1287,197,1484,0.10745713511229082
1278,201,1479,0.10747780422200151
1284,206,1490,0.10751909818233894
1283,209,1492,0.10754437926463681
1285,205,1490,0.10756813363405529
1286,209,1495,0.1075853484068568
1276,209,1485,0.10759785858917635
1278,209,1487,0.10763586056867613
1279,206,1485,0.10766222108442207
1274,211,1485,0.10768529836178646
1280,213,1493,0.10771722115654804
1267,218,1485,0.10773468049429294
1274,213,1487,0.10777936406986872
1283,211,1494,0.10780726469671775
1270,218,1488,0.10781087651678128
1274,217,1491,0.10784386611654448
1276,218,1494,0.10786566708789058
1261,214,1475,0.10788204802125775
1269,213,1482,0.10793114921733803
1272,217,1489,0.10795958881586236
1274,220,1494,0.10797941279154998
1265,224,1489,0.10799506626239247
1261,227,1488,0.10802905810745642
1264,229,1493,0.10806993891172631
1267,228,1495,0.10809828635490402
1253,227,1480,0.10811598482321715
1261,230,1491,0.10816451053323169
1262,232,1494,0.10819301045646983
1264,229,1493,0.10821605926511843
1257,225,1482,0.10823368289678595
1250,231,1481,0.10826624828748521
1261,232,1493,0.10831449270072552
1265,235,1500,0.1083325200642551
1256,239,1495,0.10834064368444891
1255,235,1490,0.10837083238456763
1261,237,1498,0.10840189761852731
1275,240,1515,0.10841760274260437
1277,243,1520,0.10840152520260603
1270,241,1511,0.10838219474457088
1261,247,1508,0.10838286427818328
1242,248,1490,0.10840390137423249
1257,251,1508,0.10846573215037685
1248,252,1500,0.1084893173495557
1251,250,1501,0.1085332308091455
1258,251,1509,0.10856785500287183
1248,255,1503,0.10858346758652514
1253,256,1509,0.1086204953488619
1246,259,1505,0.10864222449650374
1254,255,1509,0.1086811322774858
1254,252,1506,0.10870147675632864
1255,249,1504,0.10872104355768734
1238,255,1493,0.10873715370634947
1232,255,1487,0.10879231437998445
1227,262,1489,0.10885726690934089
1232,262,1494,0.10892733236380564
1233,266,1499,0.10897933408104421
1241,273,1514,0.10902589414420309
1222,273,1495,0.10905287406899661
1224,271,1495,0.10912123641259744
1226,272,1498,0.10918149563600058
1224,276,1500,0.10923166503580382
1215,277,1492,0.10928158200255716
1223,279,1502,0.10935075404742908
1215,274,1489,0.10939826311717278
1230,265,1495,0.10945908654905537
1227,264,1491,0.10948012345817361
1219,268,1487,0.10950719214245636
1220,275,1495,0.10955101474761512
1225,280,1505,0.10958992448654296
1226,277,1503,0.1096138782734154
1224,281,1505,0.10963698266139288
1233,276,1509,0.10966168677639836
1231,272,1503,0.10966282679518477
1221,275,1496,0.10966740117814561
1212,278,1490,0.1096957196655219
1215,274,1489,0.10974394994877505
1221,275,1496,0.10978186386219115
1224,277,1501,0.10980061385499144
1224,281,1505,0.10981086426676669
1209,283,1492,0.10982187501559007
1221,282,1503,0.10986859318838581
1222,284,1506,0.10988247073528523
1229,289,1518,0.10989443677763543
1227,285,1512,0.10988923516183358
1214,290,1504,0.10989051580699498
1219,287,1506,0.10992321326562307
1216,283,1499,0.10994528858817056
1216,288,1504,0.10996937428177049
1220,291,1511,0.10999346346092553
1211,289,1500,0.11000298698066306
1215,290,1505,0.11003240240442722
1214,286,1500,0.11005236759904603
1219,282,1501,0.11007486876752143
1212,275,1487,0.11008210049475789
1207,287,1494,0.1101028670102606
1213,291,1504,0.11013264898739074
1210,296,1506,0.11014886085299962
1204,299,1503,0.11017103288972209
1212,298,1510,0.11020613537687289
1216,291,1507,0.11021862557909202
1219,298,1517,0.110220155364186
1218,299,1517,0.11021664240617435
1208,304,1512,0.11021678287608981
1203,302,1505,0.11023826526469285
1205,300,1505,0.11026761451712236
1198,304,1502,0.11029141998228212
1202,298,1500,0.11032886233941834
1213,295,1508,0.11035586371888406
1203,297,1500,0.11035564198469196
1193,305,1498,0.11037960093331996
1186,308,1494,0.1104217493914101
1181,308,1489,0.1104776854070485
1173,312,1485,0.11054250926220842
1182,311,1493,0.1106204065529845
1179,312,1491,0.11067113037536708
1184,315,1499,0.11072691238190378
1181,313,1494,0.1107651987097164
1173,312,1485,0.11081126719097607
1175,312,1487,0.11087242800217564
1166,315,1481,0.11092632356699854
1179,317,1496,0.1109956599690194
1173,310,1483,0.11102961113424353
1185,313,1498,0.11107606133822064
1177,316,1493,0.1110930450734806
1188,322,1510,0.11112796855250934
1182,321,1503,0.1111324070233525
1173,320,1493,0.11114847152797722
1183,319,1502,0.11118607034023073
1180,317,1497,0.11119574075496647
1183,323,1506,0.11121423081658736
1186,326,1512,0.11122513959489698
1186,321,1507,0.11122917964669707
1188,306,1494,0.11123405704571333
1178,309,1487,0.1112330536195882
1177,318,1495,0.11125252506237494
1175,310,1485,0.11127093823039307
1173,313,1486,0.1112912229708005
1166,315,1481,0.1113124469636939
1175,318,1493,0.11134841132276335
1173,321,1494,0.11136545568182536
1174,318,1492,0.11138577916760334
1176,322,1498,0.11140180330842397
1187,323,1510,0.1114113928655521
1179,328,1507,0.11139547566540632
1177,317,1494,0.11140021257200042
1166,312,1478,0.11140889369472859
1179,314,1493,0.11144388246380768
1182,321,1503,0.11144679394140304
1182,316,1498,0.11144134565026245
1178,318,1496,0.11143484832804212
1177,314,1491,0.1114401746964565
1172,315,1487,0.11144884657073707
1184,319,1503,0.11146778580304062
1179,316,1495,0.11145536913470014
1177,311,1488,0.11145457989814567
1169,311,1480,0.11145844787464
1174,309,1483,0.11148130462333394
1183,308,1491,0.1114899482877124
1190,309,1499,0.11147697938984852
1184,310,1494,0.1114484622124238
1187,310,1497,0.1114346311463134
1182,309,1491,0.11141319884853473
1197,313,1510,0.1114072259506451
1189,306,1495,0.11136586810308156
1181,307,1488,0.11134410886708826
1173,304,1477,0.11134478894493509
1183,304,1487,0.11136589722203975
1178,309,1487,0.11136335300085673
1177,316,1493,0.11137149267250436
1178,319,1497,0.11138205953338694
1176,318,1494,0.11139327619988429
1164,323,1487,0.11140766950385367
1169,317,1486,0.11144675044967527
1168,323,1491,0.11147238930263352
1169,321,1490,0.11149882723612274
1168,325,1493,0.11151981141942109
1166,322,1488,0.11154143544143508
1169,324,1493,0.11156581695550892
1177,321,1498,0.11157611577930676
1174,323,1497,0.11156832612156162
1180,320,1500,0.11156845135001121
1186,323,1509,0.11155303733833452
1176,327,1503,0.11152821251489349
1167,330,1497,0.11152835415811051
1159,335,1494,0.11155112176403031
1171,330,1501,0.11159201179879873
1168,325,1493,0.11160193062461031
1175,317,1492,0.1116169522881445
1185,308,1493,0.11161519566239775
1178,318,1496,0.11159071487859074
1168,323,1491,0.11158228571649052
1180,315,1495,0.1115981755498116
1181,314,1495,0.11158572894164202
1176,318,1494,0.11157122925992656
1166,326,1492,0.11157037265822446
1171,335,1506,0.1115952655574373
1161,340,1501,0.11160914194382243
1172,338,1510,0.11164576794560734
1165,341,1506,0.11165331163093888
1166,344,1510,0.11167729614871295
1167,341,1508,0.1116992478628527
1159,334,1493,0.11171416453871051
1156,331,1487,0.1117461608082025
1158,337,1495,0.11178163787634056
1152,339,1491,0.11180841828020174
1155,342,1497,0.11184658664809449
1144,344,1488,0.11187601726741189
1151,342,1493,0.11193033600600134
1140,343,1483,0.11196361034109686
1147,346,1493,0.11202072285493707
1129,352,1481,0.11206035523379385
1132,358,1490,0.11213904550371928
1136,363,1499,0.11220133130690972
1129,373,1502,0.1122522784541852
1125,379,1504,0.11231820053480575
1125,384,1509,0.11238846628703587
1124,390,1514,0.1124558822706571
1124,387,1511,0.11252060712299115
1124,392,1516,0.11258307215553559
1113,383,1496,0.11264188913642573
1119,386,1505,0.11272181107045295
1121,375,1496,0.11278379374817261
1115,384,1499,0.11283603414726634
1122,383,1505,0.11289946566311582
1119,388,1507,0.1129385923561876
1124,390,1514,0.11298397944938529
1120,386,1506,0.1130174663936991
1117,387,1504,0.11305518787261662
1125,384,1509,0.11309867054256667
1130,382,1512,0.11312234826346187
1106,394,1500,0.11313367628593789
1094,392,1486,0.11320176426235073
1088,385,1473,0.11329280027963257
1092,388,1480,0.11339352884457934
1088,390,1478,0.11347427469153888
1094,395,1489,0.11355481308448924
1098,406,1504,0.11361624878475225
1091,403,1494,0.11366460340300452
1087,406,1493,0.11372608343784535
1095,405,1500,0.11379542448821428
1089,399,1488,0.11384135044406499
1088,398,1486,0.11389708253042816
1103,399,1502,0.11394892810357532
1107,395,1502,0.11396076558812557
1101,396,1497,0.1139627075524289
1111,396,1507,0.11398008769078881
1116,400,1516,0.11397387087709504
1124,402,1526,0.11395585403881102
1121,401,1522,0.11392225071422012
1097,395,1492,0.11389764460739162
1094,392,1486,0.11393321437033066
1090,394,1484,0.11397651678296927
1094,399,1493,0.11402751429585731
1092,407,1499,0.11406545916690415
1086,409,1495,0.11410355172747348
1083,408,1491,0.11415102198674573
1084,408,1492,0.11420044136815925
1092,412,1504,0.11424458122864
1101,411,1512,0.11426744290991443
1099,411,1510,0.11426884730194736
1094,412,1506,0.11427349923452677
1087,412,1499,0.11429080459973705
1088,409,1497,0.11432547000238663
1087,408,1495,0.11435628715523073
1084,400,1484,0.11438628089234523
1084,401,1485,0.11442083638491703
1077,410,1487,0.11445172433577692
1082,411,1493,0.11449500340605184
1094,409,1503,0.11452561456674962
1093,410,1503,0.11452442082327195
1092,409,1501,0.11453048702029438
1097,408,1505,0.11453777674951357
1084,411,1495,0.11453431867162056
1080,415,1495,0.11456095194375816
1087,427,1514,0.11459472440740058
1094,425,1519,0.11460765341889619
1093,423,1516,0.11460448684196783
1090,421,1511,0.11460398519974674
1092,418,1510,0.11461012090452388
1091,423,1514,0.11461231580118629
1092,420,1512,0.11461512375960602
1080,420,1500,0.11461574225049144
1078,416,1494,0.11464440616028161
1079,422,1501,0.11467550773946293
1076,411,1487,0.11470078816215891
1073,416,1489,0.11472878681189438
1068,415,1483,0.11476294226469864
1064,426,1490,0.1148038312284573
1059,424,1483,0.11485153708592347
1067,419,1486,0.11490596292842828
1070,415,1485,0.11493851055959205
1061,414,1475,0.114962057267083
1069,418,1487,0.11500310196400391
1079,421,1500,0.11502266463896448
1081,418,1499,0.11502035618566349
1075,424,1499,0.11501304633583338
1061,421,1482,0.11501801822096049
1068,412,1480,0.115053369317468
1077,412,1489,0.11507299684302302
1070,418,1488,0.11507073967988707
1074,420,1494,0.1150850686045981
1052,430,1482,0.11508649912708463
1060,431,1491,0.1151398125256085
1057,433,1490,0.11517212780171522
1064,435,1499,0.11521026710262192
1063,432,1495,0.11522836032266284
1067,436,1503,0.11524437707542702
1058,439,1497,0.1152531633482149
1059,441,1500,0.11528145197706245
1048,445,1493,0.1153066977130463
1057,443,1500,0.11535654339958214
1052,445,1497,0.1153828520738218
1051,449,1500,0.11541884181648482
1046,442,1488,0.11545576028540769
1057,441,1498,0.11550089342412634
1060,444,1504,0.11552027222600167
1051,442,1493,0.11553081526100475
1047,443,1490,0.11556099044527052
1062,444,1506,0.11559793369122635
1055,447,1502,0.115599035667132
1059,444,1503,0.11561676765089934
1048,445,1493,0.11562159615943983
1050,444,1494,0.11565215055687558
1052,441,1493,0.11567585032766098
1053,447,1500,0.11569164591342257
1051,444,1495,0.11570317607213301
1048,447,1495,0.11572213770750764
1041,448,1489,0.11574513115953236
1047,445,1492,0.11578218457939152
1058,438,1496,0.11579972288411683
1064,436,1500,0.11579153228127378
1058,440,1498,0.11577119628683949
1063,444,1507,0.11576645192016635
1054,445,1499,0.11575027554259831
1059,442,1501,0.11575833579209072
1054,449,1503,0.11575490945391892
1056,460,1516,0.1157610384533498
1045,458,1503,0.11576564679217242
1032,453,1485,0.11579798497281367
1028,464,1492,0.11585972258030779
1025,470,1495,0.11592586848295929
1018,466,1484,0.11599391958099786
1032,467,1499,0.11607533664076275
1025,470,1495,0.1161149065180382
1015,471,1486,0.11616659683996029
1031,473,1504,0.1162396010814038
1019,471,1490,0.11627177543904522
1030,469,1499,0.11633050315767104
1032,464,1496,0.11635502681119395
1036,466,1502,0.11637492822517242
1040,469,1509,0.11638283476800801
1032,469,1501,0.11637915243398929
1030,477,1507,0.1163940830079004
1031,475,1506,0.1164151563667889
1026,470,1496,0.11643296035564131
1036,476,1512,0.11646169102205021
1030,473,1503,0.11646565881004363
1025,473,1498,0.11648294473420434
1032,474,1506,0.1165119239378505
1023,471,1494,0.11652317505052573
1017,475,1492,0.11655514316595982
1015,478,1493,0.11660074752127947
1023,481,1504,0.11664440670784704
1017,487,1504,0.1166694655033221
1020,482,1502,0.11670675207181884
1019,482,1501,0.11673534261808069
1007,482,1489,0.11675844362136611
1010,483,1493,0.11681013267395966
1005,486,1491,0.11685337303065063
1005,489,1494,0.11690251299272848
1009,486,1495,0.11694925495590536
1004,481,1485,0.11698340917788119
1010,480,1490,0.11702588723311144
1022,477,1499,0.11705196101192791
1023,478,1501,0.11704855787463064
1015,479,1494,0.11704173025477056
1012,467,1479,0.1170540363604082
1017,473,1490,0.1170734081272646
1027,475,1502,0.11707818345129524
1022,482,1504,0.11705782838717592
1010,481,1491,0.11704942176521933
1000,485,1485,0.11707220706595521
997,490,1487,0.11711841238270487
1000,494,1494,0.11716885375313377
997,498,1495,0.11720935424668859
1006,499,1505,0.11725438710695993
997,503,1500,0.11727555258520844
1003,497,1500,0.11731439895189276
998,499,1497,0.11733815458807928
1020,507,1527,0.11737564779911225
1010,501,1511,0.11735782301716557
992,505,1497,0.11736306928945553
992,517,1509,0.11741070416421209
983,516,1499,0.11745687880487096
997,515,1512,0.11752166857349884
985,516,1501,0.11755077313806794
980,511,1491,0.1176027726579315
977,519,1496,0.11766488527742411
997,519,1516,0.11772935575232166
1003,524,1527,0.11773914065989022
1005,518,1523,0.11773619302736456
998,513,1511,0.11772714854374657
997,510,1507,0.11773659927111207
993,507,1500,0.11774782875278769
987,503,1490,0.11776968447888475
973,510,1483,0.11780701925561228
975,506,1481,0.11787378369663262
975,519,1494,0.1179315339802805
970,525,1495,0.11798593904452413
968,527,1495,0.11804552345056202
969,529,1498,0.11810212049609196
964,526,1490,0.11814924514611352
956,529,1485,0.11820594840750548
967,530,1497,0.11827995766234896
962,536,1498,0.11832027034745565
955,537,1492,0.11837012284289199
955,532,1487,0.11843104824410604
948,528,1476,0.11848742727017093
951,534,1485,0.11855310600247561
960,535,1495,0.11860733066503609
955,539,1494,0.11863580854042038
956,545,1501,0.11867561152024286
953,538,1491,0.11871106253785126
951,547,1498,0.11875104294676575
947,558,1505,0.11879497376305885
938,556,1494,0.11884688370473764
934,567,1501,0.11891961047659028
935,561,1496,0.11899815653146678
938,555,1493,0.11907152055361472
942,554,1496,0.11913172811691924
950,550,1500,0.11917588012754685
962,556,1518,0.11919768244191659
956,557,1513,0.1191929519247126
954,556,1510,0.11920597797577429
945,558,1503,0.11922192060926326
951,562,1513,0.1192602506571296
948,567,1515,0.1192831582078576
945,572,1517,0.11931288237857675
951,574,1525,0.11934393022812984
941,560,1501,0.11935900188259568
942,558,1500,0.1193972398737904
942,563,1505,0.11942924930471023
938,563,1501,0.11946035687697062
945,567,1512,0.1194981764790936
933,569,1502,0.11951817268254676
931,575,1506,0.1195656424382381
929,575,1504,0.11961596819911613
931,577,1508,0.11966754374040739
943,580,1523,0.11971184143314641
927,577,1504,0.11972606202361032
925,577,1502,0.1197782300908154
931,575,1506,0.11983180651441541
923,582,1505,0.11986667426382178
924,589,1513,0.11991441709699244
926,588,1514,0.11995616725084807
919,583,1502,0.11998909109354162
914,587,1501,0.12003821014420303
910,587,1497,0.12009657580186206
903,591,1494,0.12016092921353692
903,598,1501,0.12023777027046698
903,598,1501,0.1203078838127213
899,604,1503,0.12037566150035114
903,602,1505,0.12044606898817584
901,603,1504,0.12050162827425724
901,600,1501,0.1205577845554059
903,599,1502,0.12061101962626866
919,591,1510,0.120654304406441
907,600,1507,0.12065825855453596
897,603,1500,0.12068895531643235
894,614,1508,0.1207367636262931
885,614,1499,0.1207917607101014
886,624,1510,0.1208652374479528
879,615,1494,0.12093229032980847
881,608,1489,0.12101261327691194
882,610,1492,0.12108484003405348
886,611,1497,0.12114459123904343
877,609,1486,0.12118608728783531
880,603,1483,0.12124638681870493
883,604,1487,0.1212916088245548
900,605,1505,0.12132994388043244
907,605,1512,0.1213252803793185
906,607,1513,0.12130384913197681
904,602,1506,0.12128610831249123
899,604,1503,0.12127697009644582
895,609,1504,0.12128047380361995
900,614,1514,0.121292040178326
900,613,1513,0.12129332866011575
894,616,1510,0.12129464619753687
889,614,1503,0.12130954819836975
892,606,1498,0.12133718424351175
883,616,1499,0.12135373902409494
879,617,1496,0.12139070026352154
879,615,1494,0.12143637522669426
884,614,1498,0.12147981632878416
880,616,1496,0.12150870735186946
870,614,1484,0.12154631030542598
864,616,1480,0.12160430044153134
861,621,1482,0.12167184326406721
865,621,1486,0.12174166568033666
870,616,1486,0.12179647319427772
870,616,1486,0.12183235094531046
869,614,1483,0.1218667053903894
870,625,1495,0.12189993043297717
873,634,1507,0.12193007350180395
867,627,1494,0.12194938348444953
862,622,1484,0.12198008913608151
847,626,1473,0.12202089028863597
853,619,1472,0.12209448640936504
872,623,1495,0.12214705539522475
872,624,1496,0.12214847569030443
877,628,1505,0.12215111148506437
877,633,1510,0.12214248761833968
870,639,1509,0.12213581090002332
866,630,1496,0.12214557117036742
861,624,1485,0.12216649809298152
863,632,1495,0.12220009604336222
863,634,1497,0.12222636474151315
871,635,1506,0.1222513587081982
872,629,1501,0.12225889840277451
875,646,1521,0.12226205947437667
869,631,1500,0.12225862339598784
864,632,1496,0.12227037903091446
875,636,1511,0.12229368942868561
885,638,1523,0.12228605562498135
881,630,1511,0.12225589659600669
874,631,1505,0.1222361197858304
871,628,1499,0.12223226929183115
859,625,1484,0.12223458483974006
865,626,1491,0.12226801905063912
871,625,1496,0.12228544434298881
869,618,1487,0.12228979081871737
866,633,1499,0.12229645514899612
867,636,1503,0.12231280657182957
864,645,1509,0.12232397664245688
859,640,1499,0.12234182582165935
857,637,1494,0.12236890888495339
857,644,1501,0.12239608119832981
857,636,1493,0.1224252403109359
858,645,1503,0.12245378620372428
854,646,1500,0.12247697642324845
861,650,1511,0.1225073442264275
849,636,1485,0.12252044189276642
846,636,1482,0.12256400378133553
848,636,1484,0.12261090972873215
855,649,1504,0.12264868928537859
856,655,1511,0.12266657975478658
850,646,1496,0.12268114129740448
844,649,1493,0.12270806194728627
850,648,1498,0.12274597934328009
841,652,1493,0.1227670008635101
852,653,1505,0.12280779007371763
852,656,1508,0.12281677547172822
851,653,1504,0.1228289606000104
854,654,1508,0.12284266439201195
848,654,1502,0.12284618528150652
850,655,1505,0.12286463180209767
860,649,1509,0.12287717609128027
853,644,1497,0.1228650164461041
855,653,1508,0.12287349326279112
847,651,1498,0.1228753943823254
848,641,1489,0.1228960506364022
850,646,1496,0.12291624415245148
853,660,1513,0.12292857939997007
848,650,1498,0.12293031737907409
852,655,1507,0.12294136441636219
852,655,1507,0.12294453930862957
853,657,1510,0.12294657913924345
832,661,1493,0.12294989480428745
828,663,1491,0.12300129176934771
824,672,1496,0.1230588036212837
828,683,1511,0.12312114346821612
824,673,1497,0.12316735985826359
823,675,1498,0.12322234170357475
821,676,1497,0.12327472325425147
836,673,1509,0.12332733274312015
836,673,1509,0.12333618889525418
827,680,1507,0.12334778398597479
832,684,1516,0.12338421990792049
832,684,1516,0.12340530078415583
837,686,1523,0.1234276610078047
835,683,1518,0.12343402583787823
821,681,1502,0.12344501990442393
825,680,1505,0.12348900509391006
827,670,1497,0.12352244209605899
823,672,1495,0.12354907122840503
811,677,1488,0.12358362949623487
813,677,1490,0.12364310053513153
807,684,1491,0.12368771785601247
815,689,1504,0.12374478935905196
817,691,1508,0.12377471082738337
821,696,1517,0.1237967267282826
821,694,1515,0.12380798072449414
819,693,1512,0.12382106694352872
815,687,1502,0.1238420019899907
822,683,1505,0.12387287207375838
827,679,1506,0.12388493191592499
826,676,1502,0.12388411179661628
818,688,1506,0.12388527051242232
811,695,1506,0.1239068133738855
811,699,1510,0.1239417576871098
803,705,1508,0.12397445384604287
803,704,1507,0.12402196137974819
803,706,1509,0.12406499895147345
812,708,1520,0.12410623064527508
795,707,1502,0.12412462895795326
795,697,1492,0.12418531985693541
800,705,1505,0.12423947571879385
800,713,1513,0.12427736408683764
794,702,1496,0.12431311095599383
797,710,1507,0.12435973013553983
806,720,1526,0.12439738815860511
797,717,1514,0.1244092550801551
791,714,1505,0.1244439944196256
798,722,1520,0.12449199534047586
792,731,1523,0.1245199570222883
784,727,1511,0.12456029141502992
778,731,1509,0.12461684384463342
773,727,1500,0.12468522127547764
766,738,1504,0.1247570115359999
771,738,1509,0.1248392959976988
771,734,1505,0.12490569105076346
764,743,1507,0.12496927529483909
766,741,1507,0.12504357861462043
758,744,1502,0.1251083837858158
759,750,1509,0.12518781693207898
754,748,1502,0.1252602898142295
754,749,1503,0.12534031111776825
757,752,1509,0.1254133258579668
749,754,1503,0.12547604587744737
747,761,1508,0.1255555707412291
754,761,1515,0.12563486439621735
751,758,1509,0.1256918716142363
745,760,1505,0.1257526766868823
738,757,1495,0.12582441186298074
738,760,1498,0.1259082197741388
732,762,1494,0.1259874572439368
735,773,1508,0.12607403862005767
725,775,1500,0.12614862878451313
724,777,1501,0.1262378944232407
724,772,1496,0.1263251496656695
725,771,1496,0.1264080582794276
730,762,1492,0.12648335655967335
734,765,1499,0.12654351630510519
739,767,1506,0.12658971272750355
733,775,1508,0.12662320953360542
733,785,1518,0.12666803561997042
732,784,1516,0.12671356783432702
722,785,1507,0.12675880677766427
730,790,1520,0.1268216612109449
730,788,1518,0.12686033791605758
726,781,1507,0.1268993714545646
717,783,1500,0.12694455946298813
716,785,1501,0.12700883252040734
718,797,1515,0.1270680510724055
704,792,1496,0.1271195107872325
703,790,1493,0.12720077450193162
706,796,1502,0.1272791708031539
708,797,1505,0.12734222301508605
716,790,1506,0.12739641774909002
724,792,1516,0.12742846679272934
725,796,1521,0.12743566769827683
737,794,1531,0.127441245393474
733,794,1527,0.1274163075971703
717,808,1525,0.12740259514872979
714,800,1514,0.12743009901190885
713,797,1510,0.1274591410385563
702,796,1498,0.12749016736264884
704,792,1496,0.1275433607033662
705,788,1493,0.12759071917718726
711,793,1504,0.12763545707645763
708,789,1497,0.127666183209805
699,785,1484,0.1277021162432687
691,795,1486,0.12775757493174011
698,796,1494,0.1278262885920039
695,805,1500,0.12787312859126523
704,811,1515,0.12792358773243084
704,797,1501,0.1279514170565106
702,807,1509,0.12797116333771075
704,804,1508,0.12799558695684865
704,811,1515,0.12801806850162
695,809,1504,0.12803989270244784
691,810,1501,0.1280840171231917
681,823,1504,0.12813706611005757
682,814,1496,0.12821261506113404
686,821,1507,0.12827690874043027
684,822,1506,0.12832475599322332
687,828,1515,0.12837584149865822
673,829,1502,0.12841287888501213
668,829,1497,0.12848235673515573
671,833,1504,0.12855690178942672
678,842,1520,0.1286214702454189
683,832,1515,0.12866503081524827
671,831,1502,0.12869159927017035
663,822,1485,0.12874267958433744
656,831,1487,0.12881015316972694
657,839,1496,0.12888995651102514
660,847,1507,0.12896081687893035
651,834,1485,0.12901904233626577
652,831,1483,0.12909669571019944
663,829,1492,0.12916902537028555
657,833,1490,0.12920816490405665
655,839,1494,0.12925741960141296
667,830,1497,0.12930901198768077
658,842,1500,0.12932782266997175
665,844,1509,0.12936650548750994
668,843,1511,0.12938787614248073
664,843,1507,0.12939959524075018
659,842,1501,0.12942101432838948
649,854,1503,0.12945518208407825
650,863,1513,0.12950847328003018
652,857,1509,0.12955696544195147
654,861,1515,0.12959686961333655
653,858,1511,0.12963022701742918
666,871,1537,0.1296648481827555
651,869,1520,0.12966637349652646
657,865,1522,0.1297040437486343
659,854,1513,0.12972767740714755
653,859,1512,0.12974362170723497
652,853,1505,0.12977077337286422
649,862,1511,0.1297988294858721
643,867,1510,0.12983249704062758
643,872,1515,0.1298787841225648
636,875,1511,0.12992369186385846
634,874,1508,0.12998325072073244
632,866,1498,0.13004329117981653
636,864,1500,0.13010508505719076
630,875,1505,0.130153600538387
633,873,1506,0.13021098423002864
637,865,1502,0.13025627445561289
624,865,1489,0.13028935551460757
637,866,1503,0.1303516295201174
640,856,1496,0.1303762693071898
641,874,1515,0.13038932878087528
644,875,1519,0.13040311934380336
639,873,1512,0.13040966201407297
634,875,1509,0.130427865949279
633,875,1508,0.13045625610408595
623,878,1501,0.13048673636893512
625,882,1507,0.13053882700906716
634,879,1513,0.13058312163456973
626,877,1503,0.13060404679161317
619,874,1493,0.1306436482649552
618,879,1497,0.13069956430033225
612,882,1494,0.1307506647984685
614,891,1505,0.130813553157889
609,906,1515,0.13086713112446635
606,898,1504,0.13092844269645826
608,895,1503,0.13099215839775963
607,893,1500,0.13104622294327017
618,902,1520,0.13109639173639023
622,894,1516,0.13111662445244227
627,900,1527,0.13112859038154054
624,891,1515,0.13112702216026542
631,895,1526,0.13113245051075328
624,896,1520,0.1311202402268253
619,894,1513,0.13112915489027674
625,900,1525,0.13115241546481227
617,879,1496,0.13115839984815916
623,883,1506,0.13118265815212415
618,888,1506,0.13119426572669537
615,898,1513,0.13121535728638326
607,901,1508,0.1312387725519194
603,894,1497,0.13127734193773527
603,892,1495,0.13132285679011577
606,883,1489,0.13136253182999597
606,899,1505,0.13139620510563474
609,895,1504,0.1314270668555663
613,892,1505,0.1314492492783519
616,889,1505,0.1314586058056104
606,898,1504,0.131459818347894
610,900,1510,0.13148399435646918
610,892,1502,0.13149873513519822
608,903,1511,0.1315101985837744
612,899,1511,0.13152789124913863
607,907,1514,0.13153568536225854
605,919,1524,0.13155545867776347
595,912,1507,0.13157894760273378
590,913,1503,0.13162477460639965
590,911,1501,0.1316795412035322
585,920,1505,0.13173152741335908
587,922,1509,0.1317912332143348
592,924,1516,0.13184189811232958
594,921,1515,0.13187661807763315
591,915,1506,0.131903634796674
580,917,1497,0.1319361700043344
574,916,1490,0.13199233958886003
574,929,1503,0.13206072217939777
577,937,1514,0.13212397155313943
581,938,1519,0.13217830090975913
583,934,1517,0.1322195297696119
593,920,1513,0.13225154748958393
590,920,1510,0.13226052977266434
598,908,1506,0.1322765482979723
589,913,1502,0.1322728250870948
591,907,1498,0.13229117411409924
591,919,1510,0.1323016807795093
595,929,1524,0.13230991795992286
586,928,1514,0.1323055711626165
584,917,1501,0.1323214969303553
585,919,1504,0.13234546212117398
581,918,1499,0.13236525259323456
586,921,1507,0.1323955202694206
590,919,1509,0.13241432199624234
586,923,1509,0.13242174897333683
590,923,1513,0.13243732782482776
598,936,1534,0.13244297998285023
603,924,1527,0.13242701913114294
602,915,1517,0.13240200258322862
591,903,1494,0.13238143313516265
595,914,1509,0.1323888026060045
597,919,1516,0.13238579653671687
592,917,1509,0.1323778309143909
589,922,1511,0.13238221700923586
586,919,1505,0.13239570668389714
583,915,1498,0.1324145850499967
576,914,1490,0.13243998986642766
574,926,1500,0.1324778332261552
576,923,1499,0.1325200113379876
570,924,1494,0.13255463245111437
575,922,1497,0.1326015211972491
581,933,1514,0.13263314006130147
577,928,1505,0.13265114691085358
573,935,1508,0.1326736234004123
580,934,1514,0.1327036498327578
579,922,1501,0.13271405263275926
578,928,1506,0.13272690955777988
581,919,1500,0.13274044356460032
584,928,1512,0.13274461673639823
579,933,1512,0.1327428675490545
577,929,1506,0.1327528772404088
577,937,1514,0.1327693603739114
574,935,1509,0.13278376081131532
577,937,1514,0.13280750993057192
570,934,1504,0.13282183440398967
563,945,1508,0.13285147139389866
562,946,1508,0.1328943928121828
563,951,1514,0.13293802653880168
560,956,1516,0.13297855794417762
563,958,1521,0.1330217019606712
562,957,1519,0.1330563955937098
564,954,1518,0.13309117324064026
565,950,1515,0.1331200223124946
558,950,1508,0.13314318914112622
552,952,1504,0.1331818213309542
553,954,1507,0.13322920699774474
550,958,1508,0.13327222580756054
558,963,1521,0.13332095824795098
552,963,1515,0.1333474118805847
547,956,1503,0.13338588990643832
550,954,1504,0.13343303099375503
549,957,1506,0.1334716765136592
555,955,1510,0.13351154777649074
550,964,1514,0.1335319380489326
546,961,1507,0.1335601504757491
547,961,1508,0.13359608273967843
544,961,1505,0.13362628704534762
537,960,1497,0.13366341048308125
533,955,1488,0.1337157894711349
537,970,1507,0.13377245011974853
537,970,1507,0.13381465698598305
534,962,1496,0.13385517065851452
533,967,1500,0.1338976448280202
526,973,1499,0.1339392044502181
533,971,1504,0.1339967784263992
531,972,1503,0.13403161083086837
523,982,1505,0.13407088877736564
517,968,1485,0.13412376639020715
512,990,1502,0.13418646722248037
513,986,1499,0.13425796827678305
513,981,1494,0.13432350219281156
514,986,1500,0.13438354434475855
520,994,1514,0.13443885798268673
524,998,1522,0.13447831759763187
523,996,1519,0.13450300717168445
521,990,1511,0.1345318731913108
523,991,1514,0.1345600688334401
524,983,1507,0.1345833884826339
530,974,1504,0.13460063719464746
534,985,1519,0.13460260529868548
530,989,1519,0.1345932022723248
533,980,1513,0.13459288921951085
530,972,1502,0.1345857101343428
531,959,1490,0.13458714599039298
534,952,1486,0.13458740963126806
538,948,1486,0.1345761577316659
528,960,1488,0.13455653972184375
530,959,1489,0.13456091533536918
533,978,1511,0.13455958616408453
529,980,1509,0.13455077992907996
526,973,1499,0.13455345254232579
531,973,1504,0.13456349741249812
535,980,1515,0.13456258442804842
530,979,1509,0.1345514123379311
527,983,1510,0.13455358866768846
526,986,1512,0.13456176653567706
528,983,1511,0.13457334617472685
521,990,1511,0.13457835407011653
517,994,1511,0.1345998291496311
512,999,1511,0.13463221035520367
514,997,1511,0.13467476123464237
510,994,1504,0.13471236907615888
507,999,1506,0.1347579180779807
499,1005,1504,0.1348070661766556
505,1002,1507,0.13486892395017272
507,1010,1517,0.13491141380993293
505,1017,1522,0.13494961905204675
503,1021,1524,0.13499203515088393
507,1018,1525,0.13503629326678454
510,1008,1518,0.13506775847354585
503,1000,1503,0.13508935202024808
506,1013,1519,0.13512711119065218
507,994,1501,0.135155166944819
503,1004,1507,0.13518030998301953
502,1004,1506,0.13521419480790198
496,1004,1500,0.13524937026822606
496,1006,1502,0.13529509270194942
496,1009,1505,0.13533789834284682
502,1014,1516,0.13537633766906645
503,1008,1511,0.1354007343642272
498,1016,1514,0.13542104382799822
502,1006,1508,0.13545195675501515
498,1011,1509,0.13547103848560163
495,1020,1515,0.135496100953025
494,1019,1513,0.13552343003187586
499,1018,1517,0.13555060684749037
498,1016,1514,0.1355649271781966
501,1028,1529,0.13558291615425178
494,1030,1524,0.13559303437814121
496,1019,1515,0.13561907422244776
495,1024,1519,0.13563891237118117
496,1009,1505,0.13565949395750115
490,1026,1516,0.1356768055764953
481,1020,1501,0.13570749601849283
483,1023,1506,0.13575734421762586
484,1027,1511,0.13579835790872963
486,1031,1517,0.135833589999451
485,1022,1507,0.135861476716625
490,1026,1516,0.1358906951259514
489,1027,1516,0.13590750925552558
484,1035,1519,0.1359237528407566
480,1037,1517,0.13595212280871555
480,1047,1527,0.1359879069650316
483,1046,1529,0.13602172939846846
486,1051,1537,0.1360464399051391
485,1044,1529,0.13606143204879376
490,1033,1523,0.13608001898607366
489,1033,1522,0.13608580871834364
484,1022,1506,0.1360939317877149
490,1026,1516,0.13611371873281305
482,1028,1510,0.13611754382989627
476,1024,1500,0.13613853879753054
472,1027,1499,0.13617231133616733
470,1028,1498,0.1362129795261087
467,1033,1500,0.13625582871586758
466,1039,1505,0.13630251312387318
466,1040,1506,0.13635061181292246
464,1046,1510,0.13639556545654302
470,1050,1520,0.13644376776254843
466,1037,1503,0.1364724883683953
463,1047,1510,0.13650568429578985
464,1058,1522,0.13654566930273535
457,1057,1514,0.13658379030917472
461,1061,1522,0.13663309932443368
455,1061,1516,0.13667127985006014
455,1054,1509,0.13672114980838196
455,1061,1516,0.13676495801194988
455,1053,1508,0.13680557346098113
453,1048,1501,0.13684544294651504
455,1054,1509,0.13688820075883418
446,1056,1502,0.13692484496257415
440,1062,1502,0.13698134850361543
445,1056,1501,0.13704600640492565
444,1058,1502,0.13709414297897818
448,1056,1504,0.13714179973888027
449,1062,1511,0.13717632267077765
447,1070,1517,0.13720713440223684
444,1081,1525,0.13724085393451163
441,1085,1526,0.1372822457924839
437,1080,1517,0.13732521499365966
438,1085,1523,0.1373732930671165
433,1083,1516,0.1374165117928811
424,1088,1512,0.13746592994729412
424,1079,1503,0.1375345449692264
425,1074,1499,0.13759657050111737
431,1082,1513,0.1376508114350202
432,1079,1511,0.13768950873117983
427,1083,1510,0.13772457791161852
427,1088,1515,0.1377687662348845
432,1093,1525,0.13780841118538992
431,1095,1526,0.13783550485108645
426,1101,1527,0.1378632590971309
430,1101,1531,0.13790155716773417
423,1101,1524,0.13792691321727857
420,1092,1512,0.13796783942830712
422,1084,1506,0.13801307809346386
417,1094,1511,0.1380523771422099
420,1097,1517,0.1380990724782417
422,1082,1504,0.13813660456437973
415,1073,1488,0.13816474768211934
422,1076,1498,0.13820632359070387
421,1082,1503,0.13822763727825038
415,1091,1506,0.1382499743438776
412,1091,1503,0.1382888954445782
417,1090,1507,0.13833181479550608
412,1097,1509,0.138357317284369
415,1104,1519,0.1383943672838359
415,1115,1530,0.13842326756744194
414,1106,1520,0.13845122693662684
414,1107,1521,0.13848091004357652
409,1105,1514,0.13850825748854562
405,1118,1523,0.13854163346601583
406,1102,1508,0.1385851839105003
405,1099,1504,0.13862417294695828
407,1097,1504,0.1386623092346556
402,1113,1515,0.13869324948438722
400,1115,1515,0.13873101123751272
397,1118,1515,0.13877107474219663
393,1132,1525,0.13881888715379706
391,1124,1515,0.1388731217875706
399,1112,1511,0.1389275263187946
398,1114,1512,0.13896071341144853
399,1116,1515,0.13899365756094093
395,1122,1517,0.1390222218388648
396,1111,1507,0.1390584657208668
391,1113,1504,0.13908632107438326
381,1117,1498,0.13912421744506479
383,1123,1506,0.1391844244542387
389,1109,1498,0.1392379277126058
397,1121,1518,0.13927536069951088
400,1126,1526,0.13928928485806794
400,1117,1517,0.1392977981897693
401,1116,1517,0.13930508680403852
393,1129,1522,0.1393102317337308
389,1118,1507,0.13933289931998938
390,1115,1505,0.13936351814938333
391,1116,1507,0.1393880389515291
394,1095,1489,0.1394053206813115
399,1101,1500,0.13941592925080543
396,1097,1493,0.13941116994208858
397,1106,1503,0.1394159410132976
395,1105,1500,0.13941326495611533
399,1106,1505,0.1394192259696325
397,1098,1495,0.1394151383115054
392,1104,1496,0.1394148040681402
394,1102,1496,0.139430347949921
396,1110,1506,0.13944032611323143
399,1108,1507,0.13944600400317267
395,1111,1506,0.13943728901315214
394,1105,1499,0.13944074389836966
395,1107,1502,0.13944554216544017
396,1105,1501,0.13944499391779597
396,1108,1504,0.13944591207374857
403,1117,1520,0.13944761351127194
401,1112,1513,0.1394312167145376
397,1119,1516,0.1394246832107952
393,1131,1524,0.13942825171290202
394,1130,1524,0.1394427864631714
388,1112,1500,0.13945202503162474
387,1125,1512,0.13947700813258299
394,1134,1528,0.1395004353412619
388,1137,1525,0.13950610083100082
381,1125,1506,0.1395259670219793
377,1131,1508,0.13956180535137008
374,1140,1514,0.13960567578109065
371,1138,1509,0.1396523025272585
368,1147,1515,0.13970357899814223
363,1150,1513,0.1397569730958106
365,1162,1527,0.13981868655674254
369,1160,1529,0.13987119740429207
364,1157,1521,0.13991279069170454
364,1153,1517,0.13996368229233233
366,1155,1521,0.14001376216578548
370,1154,1524,0.14005581720980448
367,1160,1527,0.14008688116034992
373,1141,1514,0.14012371874331198
373,1157,1530,0.14014323777168178
371,1146,1517,0.14016128788999804
361,1145,1506,0.14018141980214086
364,1145,1509,0.14022408039098505
362,1156,1518,0.14025710323465151
360,1147,1507,0.14028937784088782
358,1170,1528,0.14032592180977851
354,1165,1519,0.14036440412777706
350,1165,1515,0.14041175275541917
345,1155,1500,0.14046510058665435
345,1157,1502,0.14052591488271537
348,1154,1502,0.14058382116006526
342,1152,1494,0.14062719632308837
336,1166,1502,0.1406818525055772
338,1172,1510,0.14074740579392353
326,1162,1488,0.1408043332902385
325,1162,1487,0.14088706964149014
328,1171,1499,0.14096503651108336
324,1166,1490,0.1410309752548176
326,1167,1493,0.14110172448438243
328,1174,1502,0.1411641295860429
328,1180,1508,0.14121717294754824
336,1177,1513,0.14126828252150161
336,1174,1510,0.14129530365183993
338,1175,1513,0.1413175417640921
334,1181,1515,0.14133225302095753
329,1178,1507,0.14135711437671553
329,1182,1511,0.141391513035117
328,1191,1519,0.14142509438814052
326,1187,1513,0.14145861677807198
325,1185,1510,0.1414958082504978
330,1177,1507,0.1415331366265022
325,1183,1508,0.14155275366799097
324,1189,1513,0.14158513109194243
320,1196,1516,0.14161831751713258
314,1197,1511,0.14166062988816688
304,1195,1499,0.14171546740694618
312,1206,1518,0.14178975106121677
308,1196,1504,0.14184002444735508
310,1205,1515,0.14189769887276335
311,1208,1519,0.1419467832601441
307,1205,1512,0.1419915689492447
308,1198,1506,0.14204316704822836
304,1208,1512,0.14209075027467533
298,1215,1513,0.14214514809909073
305,1202,1507,0.14220995972103878
312,1212,1524,0.14225178484125492
313,1203,1516,0.14227416687274377
311,1198,1509,0.14229465105911923
313,1188,1501,0.1423185535394306
304,1195,1499,0.14233602707605733
301,1217,1518,0.14237462086363578
296,1216,1512,0.14241797363458317
301,1208,1509,0.14247122595244735
296,1203,1499,0.1425084198347439
291,1203,1494,0.14255352685350997
293,1206,1499,0.14260929975534037
291,1214,1505,0.14265670908110406
296,1208,1504,0.14270447663621025
298,1211,1509,0.14273645835800203
297,1211,1508,0.14275977516244706
293,1205,1498,0.14278347886460593
284,1219,1503,0.14281366163417755
293,1212,1505,0.14286517791992862
291,1221,1512,0.14289255090677455
286,1226,1512,0.1429228262557843
292,1229,1521,0.14296239697747423
293,1211,1504,0.14298534351303027
288,1220,1508,0.14300301853778102
288,1206,1494,0.1430316571203899
287,1212,1499,0.1430573493162709
288,1228,1516,0.14308528091410488
285,1223,1508,0.1431099093071181
288,1207,1495,0.14314055658726982
294,1216,1510,0.14316324198517616
288,1227,1515,0.14317022427905576
282,1224,1506,0.14319213649172513
284,1226,1510,0.1432261119162851
283,1227,1510,0.1432523761204997
278,1227,1505,0.14328018954094746
275,1228,1503,0.14331549246842978
279,1226,1505,0.14335604910133426
276,1223,1499,0.14338416765337758
282,1218,1500,0.1434177231685108
284,1217,1501,0.14343407384885865
284,1214,1498,0.1434452117508166
280,1225,1505,0.14345669100600505
283,1221,1504,0.14347825431112876
283,1229,1512,0.1434898873285405
282,1240,1522,0.14350180173117844
282,1234,1516,0.14351466941909352
279,1228,1507,0.14352483040779418
277,1224,1501,0.14354118052877612
280,1214,1494,0.14356292806039733
276,1222,1498,0.14357631681019842
274,1222,1496,0.1435971118556365
281,1220,1501,0.1436224091116548
277,1212,1489,0.14363034020397095
275,1229,1504,0.14364505694632623
270,1237,1507,0.14366709303742986
273,1231,1504,0.14369669097899285
274,1225,1499,0.14371837193508857
277,1221,1498,0.14373710842682666
278,1221,1499,0.1437466004615979
279,1232,1511,0.14375171924221053
278,1232,1510,0.14375286756132816
284,1242,1526,0.14375828422577633
285,1236,1521,0.14375055497117517
283,1223,1506,0.14374103097625548
290,1232,1522,0.14373762073326093
288,1233,1521,0.14371819958639295
286,1239,1525,0.14370365313843428
279,1245,1524,0.14369765031469028
274,1240,1514,0.14370757391480596
277,1246,1523,0.14372659340763286
275,1241,1516,0.14373778018995073
272,1237,1509,0.1437538810430952
271,1242,1513,0.14377623485130533
268,1236,1504,0.14379968311016156
274,1244,1518,0.14382935642322053
270,1241,1511,0.14384005677419223
270,1236,1506,0.1438576944895477
272,1232,1504,0.14387422161734925
275,1230,1505,0.1438861826842642
280,1236,1516,0.14389154950094576
276,1236,1512,0.14388276667580002
279,1222,1501,0.14388462734184762
277,1230,1507,0.14387716496192796
276,1229,1505,0.14387640395132228
278,1240,1518,0.14387950115279466
281,1242,1523,0.14387494658901914
283,1232,1515,0.14386267000115102
284,1223,1507,0.14384530913400215
281,1224,1505,0.14382745584450324
281,1222,1503,0.1438195875645501
281,1224,1505,0.143813227454703
284,1239,1523,0.143806849611789
282,1233,1515,0.14379245767536003
282,1235,1517,0.143782942134614
283,1240,1523,0.14377482189485863
282,1243,1525,0.14376820755724096
281,1227,1508,0.14376486571385147
281,1219,1500,0.14376469228567096
281,1232,1513,0.14376569857802285
283,1244,1527,0.14376688950174066
276,1237,1513,0.14376482505833202
274,1234,1508,0.14377746047996887
270,1232,1502,0.14379508953655695
263,1230,1493,0.14382114492835596
270,1249,1519,0.1438626843893463
269,1240,1509,0.14388453379810937
267,1252,1519,0.14390833110977785
266,1246,1512,0.14393357701302165
259,1252,1511,0.14395711215859547
258,1259,1517,0.14399676176405266
258,1252,1510,0.14403881084237935
256,1258,1514,0.14407717413971133
256,1264,1520,0.14411610771414424
252,1265,1517,0.1441538507344419
250,1259,1509,0.14419846093638558
248,1271,1519,0.1442455935468263
238,1263,1501,0.14429352308701587
241,1253,1494,0.14436188100771605
240,1255,1495,0.14441530471433167
242,1254,1496,0.14446990027044299
244,1256,1500,0.14451478916818117
243,1267,1510,0.14455109369114352
242,1262,1504,0.14458850442667767
243,1264,1507,0.1446276965380838
242,1253,1495,0.14466207556045782
245,1258,1503,0.14469762712579473
247,1269,1516,0.14472378479151737
241,1283,1524,0.1447424965688708
240,1281,1521,0.14477527772161833
238,1283,1521,0.14480873224391974
235,1286,1521,0.1448435428614694
235,1284,1519,0.1448832036320821
232,1270,1502,0.1449206626780256
232,1275,1507,0.14496342080131275
236,1275,1511,0.14500459761784573
235,1282,1517,0.14503270252575198
231,1292,1523,0.14505617833130813
224,1291,1515,0.14508756182301805
224,1284,1508,0.14513484409295807
228,1284,1512,0.14518093354936276
227,1285,1512,0.14521389499102874
227,1288,1515,0.1452480200057032
228,1283,1511,0.1452781825010161
230,1269,1499,0.1453036246569345
233,1270,1503,0.1453244626946001
228,1278,1506,0.14533832342847358
233,1281,1514,0.14536185729088008
229,1281,1510,0.14537184787366536
231,1283,1514,0.14539081904999054
231,1291,1522,0.14540399149277203
230,1295,1525,0.14541578148452927
224,1301,1525,0.1454294468390794
231,1283,1514,0.1454572826535225
234,1291,1525,0.1454640506398914
237,1290,1527,0.14546543134997988
238,1273,1511,0.14545887089482482
233,1278,1511,0.14545050468632736
238,1274,1512,0.14545360667472124
239,1279,1518,0.1454424135435478
239,1286,1525,0.1454301018005485
238,1270,1508,0.14541933038692828
236,1282,1518,0.1454124168601183
232,1284,1516,0.14541185401042714
228,1283,1511,0.14541980570209415
230,1288,1518,0.14543801025797554
234,1300,1534,0.14545039327448264
233,1296,1529,0.14545236557814176
237,1283,1520,0.14545791419705328
236,1262,1498,0.14545256025722955
241,1280,1521,0.14544911171259362
237,1276,1513,0.14543444783793671
244,1272,1516,0.14543176157864315
245,1282,1527,0.14540728368052938
241,1277,1518,0.14538477842109374
240,1279,1519,0.14537185034109626
236,1278,1514,0.14536112187121844
234,1264,1498,0.14536028387759
233,1290,1523,0.14536581675785432
235,1287,1522,0.14537402691099197
235,1277,1512,0.14537744010599882
242,1270,1512,0.14538112677376744
241,1278,1519,0.14536708314268398
237,1268,1505,0.1453562902075911
238,1273,1511,0.14535613166690198
239,1265,1504,0.14535512981347665
238,1263,1501,0.14534944646255168
235,1278,1513,0.1453478254985104
233,1269,1502,0.1453532367946047
226,1276,1502,0.14536276990995042
232,1275,1507,0.14538824095278005
229,1285,1514,0.14539684310425083
226,1284,1510,0.14541130722789714
223,1295,1518,0.14543240430692245
228,1283,1511,0.14545913965048116
225,1279,1504,0.14547093668335442
227,1281,1508,0.14548804986545855
232,1277,1509,0.1454992301421917
230,1275,1505,0.14549824137760095
228,1286,1514,0.14550414721134752
220,1276,1496,0.14551311414493412
224,1285,1509,0.14554108329537632
217,1291,1508,0.14555847642296943
218,1285,1503,0.14559254701266633
215,1293,1508,0.14562347854450483
221,1290,1511,0.14565968645231864
221,1280,1501,0.1456794032861123
219,1292,1511,0.14569815623443133
224,1300,1524,0.14572084725442827
221,1295,1516,0.14573058782814033
220,1298,1518,0.14574430507706623
214,1307,1521,0.14576193095119172
213,1300,1513,0.14579042804337605
213,1295,1508,0.14582012317078566
210,1291,1501,0.14584879103672588
214,1286,1500,0.14588364432954468
219,1282,1501,0.14590666859957824
217,1286,1503,0.14591318329309388
218,1288,1506,0.14592462731389266
219,1286,1505,0.1459334242876076
216,1289,1505,0.145940255802082
219,1293,1512,0.1459520921049084
218,1295,1513,0.14595704534553955
213,1284,1497,0.1459630406303117
217,1291,1508,0.14598053313685605
215,1292,1507,0.14598358213229423
219,1297,1516,0.1459920916654921
221,1297,1518,0.145989497268928
220,1294,1514,0.14598378303834536
218,1294,1512,0.145980223609862
219,1292,1511,0.14598296827330057
219,1284,1503,0.14598175255610077
222,1286,1508,0.14597775406431526
220,1290,1510,0.14596869694040918
220,1287,1507,0.14596459822650282
216,1294,1510,0.14596206544489576
217,1296,1513,0.14597101414388738
216,1286,1502,0.14597725498873174
214,1292,1506,0.1459884607880025
211,1295,1506,0.14600242656638363
207,1306,1513,0.14602063191916384
208,1294,1502,0.1460482904381306
210,1304,1514,0.14607271245249626
207,1300,1507,0.14609033475446634
207,1298,1505,0.1461133146451962
206,1295,1501,0.14613240279855233
204,1303,1507,0.1461521267560298
207,1300,1507,0.14617670719301
208,1306,1514,0.14619253470837035
207,1305,1512,0.1462041807053558
205,1309,1514,0.14621828958190647
204,1309,1513,0.1462349830311989
201,1314,1515,0.14625534979880853
203,1324,1527,0.14628142662308888
208,1325,1533,0.14629994750198264
206,1311,1517,0.14630541740280026
205,1298,1503,0.14631744351541376
208,1304,1512,0.14633003526860233
205,1296,1501,0.14633404580462986
207,1294,1501,0.14634504265976178
203,1293,1496,0.1463493362633027
198,1309,1507,0.1463644965624998
198,1315,1513,0.14639095587296194
194,1316,1510,0.14641804137400866
197,1329,1526,0.146452787479824
197,1314,1511,0.14647608478838411
199,1328,1527,0.14649497564765063
197,1320,1517,0.14650799591617367
192,1317,1509,0.14652520654675963
190,1337,1527,0.1465523170915859
193,1326,1519,0.14658403210998194
186,1325,1511,0.14660621682101987
188,1326,1514,0.14664276304055412
190,1332,1522,0.1466740725357763
187,1326,1513,0.14669535599015376
189,1336,1525,0.1467215210324336
185,1333,1518,0.14674215405943997
188,1334,1522,0.14677117061975542
188,1333,1521,0.14679052889154737
183,1345,1528,0.14680853917840417
184,1352,1536,0.1468370517937125
183,1329,1512,0.14686293392229355
181,1325,1506,0.1468880443858881
180,1335,1515,0.14691608406246912
181,1334,1515,0.14694293935655825
177,1328,1505,0.14696721656600129
173,1335,1508,0.14699976042931018
175,1327,1502,0.14703964738233466
171,1339,1510,0.14707305960894723
169,1339,1508,0.14711431588911605
164,1353,1517,0.14715634165380834
162,1352,1514,0.1472062047282401
162,1346,1508,0.14725879595836075
161,1343,1504,0.1473085818667779
159,1359,1518,0.1473572689752412
158,1361,1519,0.1474081280434803
156,1360,1516,0.14745827140468143
153,1368,1521,0.14750940952022049
155,1365,1520,0.14756557060938794
149,1350,1499,0.14761305812618414
151,1351,1502,0.1476727946551882
153,1348,1501,0.14772263147277212
153,1362,1515,0.14776330395693882
150,1362,1512,0.1478005923663776
146,1366,1512,0.14784359972570268
149,1382,1531,0.14789413009412603
146,1386,1532,0.14793488544715191
152,1371,1523,0.14798001551829176
150,1363,1513,0.14800784655923827
146,1357,1503,0.14803982815717842
148,1356,1504,0.14807908970085598
142,1360,1502,0.1481109398166288
139,1354,1493,0.14815359284403282
139,1369,1508,0.1482014318695337
137,1367,1504,0.1482477127844818
136,1382,1518,0.14829666842668085
135,1391,1526,0.14834471794796186
136,1390,1526,0.14839224432204715
137,1389,1526,0.14843450526073865
134,1386,1520,0.1484721285920461
134,1372,1506,0.14851510937296053
135,1380,1515,0.14855535122550495
137,1363,1500,0.14858959293947163
134,1375,1509,0.14861678720604962
133,1368,1501,0.14865035281571143
133,1368,1501,0.14868295897971678
126,1391,1517,0.14871420772796318
124,1375,1499,0.14876149464401123
122,1382,1504,0.1488101405080845
122,1383,1505,0.14885948832834006
116,1396,1512,0.14890658654726446
116,1404,1520,0.14896462546792205
114,1405,1519,0.1490195123372276
113,1404,1517,0.14907496353393004
112,1413,1525,0.14912849130303185
112,1408,1520,0.14918150575692624
115,1414,1529,0.14922960443084152
115,1416,1531,0.14926534181775614
116,1420,1536,0.14930033279165578
116,1415,1531,0.14933121158395046
114,1403,1517,0.1493602267546644
111,1396,1507,0.14939141540850545
111,1403,1514,0.14942946617165545
108,1401,1509,0.1494662894271077
109,1414,1523,0.1495084438693088
109,1399,1508,0.14954526957659656
107,1401,1508,0.14957956640598777
108,1392,1500,0.1496171754200143
109,1402,1511,0.14964860270811653
109,1403,1512,0.14967364573657888
110,1399,1509,0.14969731483885312
109,1399,1508,0.14971641289794335
108,1387,1495,0.14973771536206268
108,1389,1497,0.14975902428059096
105,1398,1503,0.14977992178078353
107,1397,1504,0.14980568860860846
110,1408,1518,0.14982599241020356
112,1395,1507,0.14983581860056783
112,1392,1504,0.14984009776460458
111,1415,1526,0.14984554490341506
114,1402,1516,0.14985214484352757
116,1397,1513,0.14984689790584724
116,1399,1515,0.14983740966555373
118,1407,1525,0.14982964693452902
117,1403,1520,0.14981852990282235
119,1406,1525,0.14981029318374492
115,1405,1520,0.14979750637715677
114,1405,1519,0.14979268228063683
109,1404,1513,0.14979206484761204
108,1418,1526,0.1498033113880947
107,1419,1526,0.14981709071353427
107,1416,1523,0.14983418496212358
110,1411,1521,0.14984952492471254
110,1429,1539,0.1498552317953641
109,1416,1525,0.149861972278735
111,1409,1520,0.14987201772073688
111,1419,1530,0.14987765054506774
112,1411,1523,0.14988078260858664
113,1405,1518,0.14988081308296045
111,1403,1514,0.14987572144402303
108,1401,1509,0.14987702567656708
112,1383,1495,0.14988540840871822
107,1394,1501,0.14988402095558748
108,1401,1509,0.14989473748033688
109,1416,1525,0.1499034266247361
106,1408,1514,0.14990942402633012
105,1413,1518,0.14992203965742656
106,1408,1514,0.1499374900434024
103,1408,1511,0.1499477887994399
102,1417,1519,0.14996587928141053
100,1399,1499,0.1499842998634135
97,1405,1502,0.15000647107328446
91,1398,1489,0.1500357114241056
92,1413,1505,0.15007833263257495
94,1425,1519,0.15011607488660036
94,1413,1507,0.15014628216090053
90,1414,1504,0.15017523637915287
91,1417,1508,0.15021197147128862
91,1429,1520,0.15024179227648835
88,1430,1518,0.15027099774817143
87,1428,1515,0.150306814038368
84,1429,1513,0.15034333039014572
88,1423,1511,0.15038535265230268
91,1417,1508,0.1504139561810377
90,1429,1519,0.15043369141595936
83,1437,1520,0.15045318946076489
88,1430,1518,0.1504871525974425
85,1425,1510,0.1505069826221212
82,1428,1510,0.1505334757548561
81,1422,1503,0.15056611977219808
81,1425,1506,0.15060010155422052
79,1428,1507,0.15063281953263044
74,1431,1505,0.15066860678656024
72,1423,1495,0.15071430340667621
70,1436,1506,0.15076155533457483
73,1448,1521,0.15081086339896901
72,1460,1532,0.15084801639859996
71,1456,1527,0.1508847638067046
68,1447,1515,0.15092091084326728
69,1443,1512,0.1509621381615193
72,1433,1505,0.1509983840653132
76,1436,1512,0.1510244095288228
72,1441,1513,0.1510376384525248
70,1443,1513,0.15106074556954988
70,1431,1501,0.151087753241666
69,1441,1510,0.15111384939873676
70,1443,1513,0.1511401712258294
71,1449,1520,0.15116288058086258
73,1443,1516,0.15118082589217915
72,1442,1514,0.15119318971824344
74,1445,1519,0.15120686364971742
75,1437,1512,0.15121335433620728
74,1442,1516,0.15121697070172246
74,1444,1518,0.15122372972359005
73,1440,1513,0.15123075157655613
70,1435,1505,0.15123984138045818
68,1452,1520,0.15125632914730047
67,1446,1513,0.15127801490536297
66,1450,1516,0.15130117729419815
65,1456,1521,0.15132579274393212
66,1441,1507,0.15135138397533432
64,1445,1509,0.15137264178486715
61,1442,1503,0.15139721210521281
64,1443,1507,0.15142750976613312
64,1450,1514,0.1514464605284391
65,1433,1498,0.15146498864084715
68,1432,1500,0.15147979991191812
69,1446,1515,0.15148635707488875
68,1454,1522,0.1514900523843916
69,1450,1519,0.15149545710220688
69,1446,1515,0.15149751539797535
69,1440,1509,0.15150037836224917
71,1434,1505,0.15150278677756124
70,1448,1518,0.1514962895179606
68,1456,1524,0.1514925319292272
67,1438,1505,0.15149425373946512
64,1447,1511,0.15149947409987027
66,1448,1514,0.15151231078893804
67,1437,1504,0.15151875422932334
67,1435,1502,0.1515225943526991
68,1447,1515,0.15152723654849712
67,1441,1508,0.15152925371125472
66,1440,1506,0.1515342374812901
66,1435,1501,0.15154194093770634
65,1436,1501,0.15154950422470154
64,1441,1505,0.15155947726839678
64,1451,1515,0.15157145693469548
63,1443,1506,0.15158293986018298
64,1440,1504,0.15159651911592614
67,1450,1517,0.15160698988576624
67,1457,1524,0.1516089221006283
64,1439,1503,0.151609908428854
66,1437,1503,0.15161809822163522
63,1457,1520,0.1516207857345712
65,1455,1520,0.15163107455798147
63,1468,1531,0.15163587059442396
63,1456,1519,0.15164429535773638
65,1451,1516,0.15165171416606443
66,1443,1509,0.15165200155802794
67,1446,1513,0.1516498600491661
68,1459,1527,0.15164581348042142
67,1450,1517,0.15163965781319544
66,1448,1514,0.15163707206381485
62,1441,1503,0.1516383970142315
61,1442,1503,0.15165041170283353
66,1446,1512,0.15166447763822904
64,1451,1515,0.15166385367883578
63,1458,1521,0.15166673292981414
66,1448,1514,0.1516703429911508
66,1442,1508,0.1516669503056962
66,1448,1514,0.15166467184378576
67,1452,1519,0.15166179523704837
66,1440,1506,0.15165734136148182
67,1450,1517,0.1516564203015695
67,1458,1525,0.151652416623365
66,1456,1522,0.15164926944975438
65,1459,1524,0.151649181384749
62,1457,1519,0.15165213415622847
64,1459,1523,0.15166243790876455
64,1445,1509,0.15166423920795744
63,1444,1507,0.15166694798077962
65,1448,1513,0.15167348592717694
66,1450,1516,0.15167430111568078
66,1459,1525,0.1516717458442749
66,1451,1517,0.15167030246733954
65,1453,1518,0.15166843360753016
64,1426,1490,0.15166763883729314
65,1438,1503,0.15167007279451
64,1451,1515,0.15167015230333644
69,1449,1518,0.15167099800664707
69,1459,1528,0.1516574529578408
69,1445,1514,0.15164698822376735
66,1440,1506,0.15163728638585944
67,1450,1517,0.1516358222145425
67,1456,1523,0.15163220835942265
65,1456,1521,0.15162972794690233
67,1439,1506,0.15163272104644387
68,1446,1514,0.15163037485677183
65,1456,1521,0.15162587915346784
63,1449,1512,0.15162973211736547
63,1456,1519,0.1516376966540417
61,1457,1518,0.1516448894287625
64,1454,1518,0.15165709613751666
61,1451,1512,0.15166064341031227
61,1445,1506,0.15167162195557438
60,1441,1501,0.15168158508341675
60,1448,1508,0.15169399142295983
63,1441,1504,0.15170305446240462
60,1440,1500,0.15170483605283622
59,1451,1510,0.15171301130452297
56,1443,1499,0.15172444833243193
58,1454,1512,0.1517431153126628
60,1454,1514,0.15175466154275724
61,1461,1522,0.15176010807298793
57,1457,1514,0.15176182206863292
57,1458,1515,0.151773229615135
58,1474,1532,0.15178484670004067
57,1478,1535,0.15179434113728887
58,1469,1527,0.15180620074407655
55,1464,1519,0.1518148092439574
56,1468,1524,0.15183047509735584
55,1465,1520,0.1518427094273301
56,1463,1519,0.1518570993590773
54,1465,1519,0.15186748055736377
55,1458,1513,0.1518793938120574
55,1464,1519,0.15188796870921564
53,1463,1516,0.1518968275912151
51,1458,1509,0.1519102988606935
53,1459,1512,0.1519287888555831
54,1463,1517,0.15193996698963885
55,1469,1524,0.15194802888154307
54,1461,1515,0.15195334975966554
53,1465,1518,0.1519615909465269
50,1469,1519,0.15197024352566543
51,1482,1533,0.15198567072864141
49,1479,1528,0.15199798764133424
49,1474,1523,0.15201497047364423
49,1463,1512,0.15203162456096564
47,1483,1530,0.15204790186806633
44,1468,1512,0.15206647908459822
44,1488,1532,0.1520911108972179
42,1487,1529,0.15211376245243938
44,1493,1537,0.15214096218193085
43,1476,1519,0.15216076971212697
43,1464,1507,0.15218269394108844
43,1456,1499,0.1522027383416813
42,1472,1514,0.15222213379388574
41,1477,1518,0.15224306605970192
42,1476,1518,0.15226534885179147
44,1475,1519,0.15228446236967452
43,1494,1537,0.15229627440288984
43,1475,1518,0.1523101017597244
44,1467,1511,0.1523235935317676
41,1473,1514,0.15233237518280793
40,1464,1504,0.1523477352602752
42,1475,1517,0.15236487081653574
42,1470,1512,0.15237507357612354
42,1467,1509,0.15238531336294125
42,1467,1509,0.15239525499925935
42,1458,1500,0.15240571571327344
42,1465,1507,0.15241510696675767
38,1460,1498,0.1524243875978234
41,1466,1507,0.15244225231867842
39,1463,1502,0.15245081070375505
40,1481,1521,0.152464049953953
42,1480,1522,0.1524734496555051
43,1479,1522,0.15247632323799717
39,1468,1507,0.15247722417717913
40,1475,1515,0.15248673218304362
41,1468,1509,0.1524940918505564
42,1472,1514,0.15249837194402222
41,1482,1523,0.15250072257955158
41,1479,1520,0.1525057239017005
40,1481,1521,0.1525101774933214
40,1475,1515,0.15251747440113214
38,1476,1514,0.15252374370569424
38,1481,1519,0.15253489427115946
38,1482,1520,0.15254607189174585
36,1486,1522,0.1525568556297834
36,1481,1517,0.15257169104084867
37,1483,1520,0.1525848880082824
38,1477,1515,0.15259444313177595
40,1484,1524,0.1526013394382547
38,1487,1525,0.15260180425318645
36,1494,1530,0.15260618757956596
37,1485,1522,0.1526153055643184
37,1493,1530,0.1526221959253293
37,1477,1514,0.1526292263500247
35,1481,1516,0.15263633418037922
34,1492,1526,0.1526477564128449
34,1489,1523,0.15266106518619837
34,1475,1509,0.15267393650442201
34,1472,1506,0.1526863605422978
34,1481,1515,0.15269819421623396
33,1484,1517,0.15270959621721944
33,1491,1524,0.15272273614715492
34,1487,1521,0.1527353101609389
33,1487,1520,0.1527447497733766
32,1481,1513,0.15275602758256035
32,1488,1520,0.15276897711850487
33,1491,1524,0.15278101782768452
34,1483,1517,0.15279014436531696
37,1477,1514,0.1527956429582183
37,1469,1506,0.15279232774623336
38,1471,1509,0.15278969274915621
37,1469,1506,0.15278465375642547
36,1482,1518,0.1527825571523172
35,1483,1518,0.1527831724915411
35,1468,1503,0.15278630474212765
33,1473,1506,0.15278964098008818
33,1482,1515,0.1527973863393424
32,1475,1507,0.15280488307872864
32,1476,1508,0.15281477994468287
34,1478,1512,0.15282334016230312
34,1481,1515,0.15282529387063284
32,1483,1515,0.15282756505131914
31,1476,1507,0.15283446116081367
29,1479,1508,0.15284369329620823
27,1474,1501,0.15285699516036166
30,1480,1510,0.15287423549413703
31,1487,1518,0.15288291094323792
32,1488,1520,0.1528881023048378
31,1491,1522,0.15289093132059978
32,1489,1521,0.15289613531925833
32,1487,1519,0.15289810318886532
31,1485,1516,0.15289928073363881
28,1479,1507,0.15290295271373877
29,1493,1522,0.15291329064832887
29,1500,1529,0.15292122332869698
29,1491,1520,0.15292904312513605
28,1487,1515,0.1529371427322417
28,1480,1508,0.1529467001631012
28,1472,1500,0.1529559590480148
27,1488,1515,0.1529649100097985
27,1487,1514,0.15297617712175093
25,1497,1522,0.15298592504151254
25,1490,1515,0.1529996210126273
24,1484,1508,0.15301270564141242
25,1488,1513,0.1530280846685056
26,1486,1512,0.15303884969543577
25,1483,1508,0.1530461646326275
25,1495,1520,0.15305555688181907
27,1486,1513,0.15306395865536138
27,1478,1505,0.1530656815786261
26,1478,1504,0.1530677940191221
26,1476,1502,0.15307239054245994
27,1473,1500,0.1530768769733657
28,1477,1505,0.15307763953230186
28,1478,1506,0.15307560259546868
28,1473,1501,0.1530742592566916
29,1480,1509,0.15307351211947828
27,1477,1504,0.1530699995771214
25,1482,1507,0.15307158714466879
25,1486,1511,0.1530782520981954
25,1468,1493,0.15308477353969835
26,1481,1507,0.1530912622037258
26,1501,1527,0.15309501156254687
26,1497,1523,0.15309784697506143
28,1496,1524,0.15310092054912128
26,1493,1519,0.15309764252663124
26,1479,1505,0.15309970133649517
27,1485,1512,0.15310210447425307
27,1481,1508,0.15310151869970923
26,1472,1498,0.1531014578254932
24,1469,1493,0.1531046704577207
25,1470,1495,0.15311314592164274
24,1474,1498,0.15311809249248448
26,1479,1505,0.15312519918525486
26,1477,1503,0.1531266876409758
27,1479,1506,0.1531281362473204
29,1472,1501,0.1531265816090496
29,1475,1504,0.1531183512663684
30,1488,1518,0.15311128744718533
31,1483,1514,0.15310295255461445
30,1486,1516,0.1530927171150362
31,1482,1513,0.15308380863441542
28,1479,1507,0.15307291192904132
27,1494,1521,0.15307042690875874
27,1488,1515,0.15307091265013859
29,1497,1526,0.15307194209880515
29,1492,1521,0.15306702186926782
27,1490,1517,0.1530626794521183
27,1494,1521,0.15306397420750703
26,1484,1510,0.15306573253231023
24,1490,1514,0.15307046818886383
21,1493,1514,0.15307968196854455
21,1487,1508,0.15309520011208977
21,1492,1513,0.15311009278888751
21,1499,1520,0.15312436707845145
22,1497,1519,0.15313803263140283
22,1491,1513,0.15314805899007733
23,1484,1507,0.15315777269749334
22,1484,1506,0.1531639588897976
22,1503,1525,0.15317238089185967
22,1505,1527,0.15317922433688877
22,1491,1513,0.15318605720587583
23,1487,1510,0.15319284123448262
19,1479,1498,0.15319719170057947
18,1478,1496,0.15321059077823118
18,1482,1500,0.1532249034013738
18,1490,1508,0.1532386381140538
19,1492,1511,0.15325097426895506
20,1489,1509,0.15326022750774104
22,1498,1520,0.15326600187679684
23,1493,1516,0.1532667468361996
21,1498,1519,0.15326469807687695
23,1493,1516,0.15326821041445357
23,1498,1521,0.15326602095877062
22,1487,1509,0.1532644731872246
21,1501,1522,0.15326565055712627
21,1497,1518,0.1532696611682139
21,1500,1521,0.15327377125346853
21,1507,1528,0.15327794163334713
20,1504,1524,0.1532821387034979
19,1494,1513,0.15328852854451963
19,1503,1522,0.15329694141046393
19,1497,1516,0.15330504412705434
19,1504,1523,0.153312835898512
17,1496,1513,0.153319200093035
17,1494,1511,0.15332981209663987
17,1483,1500,0.15334005182719262
17,1494,1511,0.15334986379551976
16,1502,1518,0.15335925483835372
16,1507,1523,0.15337106412495488
16,1492,1508,0.1533822342871645
15,1471,1486,0.15339279628928615
14,1490,1504,0.15340497643793236
14,1483,1497,0.1534186338806184
14,1490,1504,0.15343151082661893
14,1501,1515,0.15344364971681176
13,1510,1523,0.15345509090851106
14,1515,1529,0.1534680390501796
15,1511,1526,0.15347698374984634
15,1523,1538,0.1534822510198791
13,1516,1529,0.15348742714790573
12,1510,1522,0.1534968258499324
12,1490,1502,0.1535079856591085
13,1484,1497,0.15351863423662124
12,1486,1498,0.1535265021491972
12,1491,1503,0.15353620790384556
11,1488,1499,0.153545458482193
11,1508,1519,0.15355611862782775
11,1508,1519,0.15356627489353222
11,1509,1520,0.15357594404979522
11,1508,1519,0.15358514318028046
11,1515,1526,0.15359388953466055
11,1517,1528,0.15360220040271613
10,1516,1526,0.15361009300722248
7,1517,1524,0.15361975435272016
8,1502,1510,0.15363557810728257
8,1496,1504,0.15364721966641637
7,1488,1495,0.15365830088103694
7,1508,1515,0.1536710200659141
7,1507,1514,0.15368308382294893
7,1495,1502,0.15369452071490144
7,1504,1511,0.15370535865279975
7,1504,1511,0.1537156248310292
7,1503,1510,0.15372534567645688
7,1498,1505,0.1537345468097634
6,1511,1517,0.15374325301735955
6,1506,1512,0.15375362709093457
7,1496,1503,0.15376337191489264
7,1500,1507,0.15377035060734712
7,1498,1505,0.15377696093536836
8,1501,1509,0.15378321996643518
7,1512,1519,0.15378588062757143
6,1503,1509,0.1537909082554368
5,1505,1510,0.15379791385401853
5,1506,1511,0.1538067986166668
5,1501,1506,0.1538152341918712
5,1504,1509,0.1538232392354814
4,1512,1516,0.153830832095987
4,1510,1514,0.1538407304351364
4,1522,1526,0.15385003622864202
3,1516,1519,0.15385878467273695
3,1519,1522,0.15386916202188153
4,1511,1515,0.1538789141071096
4,1501,1505,0.15388579137875577
3,1499,1502,0.1538922692223608
4,1497,1501,0.15390052482384106
4,1497,1501,0.15390606888486413
4,1520,1524,0.15391129659798286
5,1507,1512,0.15391622525722165
5,1528,1533,0.15391762587286317
5,1530,1535,0.15391906175216497
5,1529,1534,0.1539205193404615
5,1522,1527,0.1539219869895154
5,1508,1513,0.15392345473888422
5,1511,1516,0.1539249141203339
5,1519,1524,0.15392635798297025
5,1514,1519,0.153927780336992
5,1522,1527,0.15392917621417318
5,1524,1529,0.1539305415433718
5,1518,1523,0.15393187303952968
5,1525,1530,0.15393316810478067
4,1517,1521,0.15393442474042207
4,1524,1528,0.15393808171585208
4,1506,1510,0.1539415214383749
4,1510,1514,0.15394475660862084
4,1517,1521,0.1539477992049462
4,1513,1517,0.15395066052249617
5,1504,1509,0.1539533512103609
4,1497,1501,0.15395261908323143
4,1514,1518,0.15395417529468972
4,1507,1511,0.15395573589162015
4,1518,1522,0.15395729098053082
4,1516,1520,0.15395883220283257
4,1516,1520,0.1539603525511886
4,1524,1528,0.15396184620576134
4,1511,1515,0.1539633083883034
4,1507,1511,0.15396473523224546
4,1500,1504,0.1539661236671207
4,1508,1512,0.1539674713158318
5,1522,1527,0.15396877640341813
5,1523,1528,0.15396733252403258
5,1512,1517,0.15396606257050185
4,1518,1522,0.15396494776006517
5,1517,1522,0.15396636928397425
5,1515,1520,0.1539652918382394
4,1509,1513,0.15396434515514013
4,1511,1515,0.15396591466289164
3,1512,1515,0.15396741947914452
3,1509,1512,0.15397100040815792
3,1505,1508,0.15397438900363405
3,1502,1505,0.15397759442550454
4,1505,1509,0.15398062552539934
4,1508,1512,0.15398109547502173
4,1513,1517,0.15398157772546964
4,1509,1513,0.15398206763633382
5,1518,1523,0.15398256121913304
4,1516,1520,0.15397979611586302
5,1523,1528,0.15397957198256576
5,1506,1511,0.15397620152164104
6,1520,1526,0.1539732435290378
6,1514,1520,0.15396823376284682
6,1493,1499,0.15396372451875892
6,1497,1503,0.15395966655351845
6,1505,1511,0.15395601542363643
6,1508,1514,0.1539527310202392
6,1512,1518,0.15394977714883476
6,1512,1518,0.15394712114966758
6,1509,1515,0.1539447335547525
6,1510,1516,0.15394258777805114
5,1515,1520,0.15394065983559665
5,1520,1525,0.1539414159658573
5,1505,1510,0.15394216643197065
5,1514,1519,0.15394290767070218
5,1506,1511,0.15394363671278805
5,1514,1519,0.15394435111047916
5,1519,1524,0.1539450488729848
5,1521,1526,0.1539457284090005
5,1522,1527,0.15394638847558578
5,1517,1522,0.15394702813273103
5,1507,1512,0.15394764670302036
5,1507,1512,0.15394824373585547
5,1500,1505,0.1539488189757614
4,1501,1505,0.15394937233434233
4,1511,1515,0.15395205229408848
4,1511,1515,0.15395457932208537
4,1520,1524,0.15395696165239164
5,1524,1529,0.1539592071270968
5,1526,1531,0.15395892151924803
5,1522,1527,0.15395868453588155
5,1522,1527,0.15395849024247818
4,1520,1524,0.1539583333486187
4,1517,1521,0.15396035876995012
4,1505,1509,0.15396228127848421
4,1498,1502,0.15396410511036515
4,1500,1504,0.15396583444259476
5,1505,1510,0.15396747337735475
5,1522,1527,0.15396577203555503
5,1514,1519,0.1539642921324526
5,1503,1508,0.1539630087452601
5,1491,1496,0.1539618995762991
5,1511,1516,0.15396094468610128
5,1509,1514,0.15396012625309718
5,1505,1510,0.15395942835727824
5,1512,1517,0.1539588367854691
5,1509,1514,0.1539583388560821
5,1518,1523,0.15395792326142962
5,1516,1521,0.1539575799258626
5,1525,1530,0.15395729987816892
5,1511,1516,0.15395707513682214
5,1507,1512,0.153956898606807
6,1510,1516,0.15395676398687366
6,1508,1514,0.1539534558649026
6,1510,1516,0.15395047611023852
6,1508,1514,0.1539477925218372
6,1507,1513,0.1539453760324707
6,1505,1511,0.15394320040521722
6,1496,1502,0.1539412419592552
6,1502,1508,0.15393947932213725
6,1496,1502,0.15393789320599224
6,1500,1506,0.15393646620534965
6,1503,1509,0.15393518261450148
6,1505,1511,0.15393402826251795
6,1504,1510,0.15393299036421493
6,1504,1510,0.15393205738553434
6,1501,1507,0.1539312189219478
6,1504,1510,0.15393046558862633
6,1503,1509,0.1539297889212413
7,1502,1509,0.1539291812863703
7,1505,1512,0.1539254883305291
7,1513,1520,0.15392213958206163
6,1521,1527,0.1539191028200998
6,1512,1518,0.15391849345556102
5,1515,1520,0.15391801008641806
4,1510,1514,0.15391990286927787
4,1512,1516,0.15392389640047033
4,1510,1514,0.15392770389191449
4,1497,1501,0.15393133106352339
4,1505,1509,0.1539347838315791
4,1505,1509,0.15393806824424514
4,1508,1512,0.15394119042604854
4,1510,1514,0.15394415653030386
4,1512,1516,0.15394697269855737
4,1516,1520,0.15394964502623026
4,1512,1516,0.1539521795337253
4,1507,1511,0.1539545821423423
4,1518,1522,0.15395685865441636
4,1519,1523,0.15395901473715784
4,1519,1523,0.15396105590973047
4,1517,1521,0.15396298753315307
4,1531,1535,0.15396481480265822
4,1530,1534,0.15396654274218158
4,1520,1524,0.15396817620069186
4,1529,1533,0.1539697198501054
4,1529,1533,0.15397117818455744
4,1519,1523,0.15397255552082992
4,1518,1522,0.15397385599975816
4,1516,1520,0.15397508358846046
4,1509,1513,0.15397624208325275
4,1498,1502,0.15397733511312792
4,1512,1516,0.1539772539345165
4,1512,1516,0.15397728882760997
4,1524,1528,0.15397742180897186
4,1521,1525,0.1539776370588954
4,1514,1518,0.1539779206852404
4,1518,1522,0.15397826051183755
4,1522,1526,0.15397864588897098
4,1508,1512,0.15397906752369853
4,1509,1513,0.1539795173279929
4,1499,1503,0.15397998828288814
4,1505,1509,0.15398047431699838
3,1508,1511,0.1539809701979378
3,1503,1506,0.1539839623498507
3,1503,1506,0.15398677403172636
3,1498,1501,0.15398941605859526
3,1505,1508,0.1539918986041672
3,1515,1518,0.15399423123819844
3,1515,1518,0.15399642296174673
3,1509,1512,0.1539974250687028
3,1518,1521,0.15399846799268307
4,1511,1515,0.1539995394450054
4,1509,1513,0.15399736685112106
4,1497,1501,0.153995507525906
4,1517,1521,0.1539939248740872
4,1512,1516,0.15399258622209389
4,1512,1516,0.15399146241575323
4,1508,1512,0.15399052745826064
3,1529,1532,0.15398975818445074
3,1523,1526,0.15399129022415006
3,1517,1520,0.15399281824030658
3,1520,1523,0.15399368729591206
3,1518,1521,0.15399463837594426
1,1519,1520,0.15399565339200375
2,1516,1518,0.15400136433412676
2,1513,1515,0.15400426096232306
2,1508,1510,0.1540070796360982
2,1520,1522,0.1540098155478232
2,1508,1510,0.15401246510974267
2,1508,1510,0.15401502578975312
2,1514,1516,0.15401749596590458
2,1515,1517,0.1540198747976394
2,1520,1522,0.15402216211198555
2,1509,1511,0.15402435830310288
2,1513,1515,0.1540264642437477
2,1522,1524,0.15402848120736592
2,1516,1518,0.1540304107996608
2,1512,1514,0.15403225489859865
1,1510,1511,0.15403401560192512
1,1511,1512,0.15403800652070893
1,1504,1505,0.15404176438768633
1,1507,1508,0.15404530243781756
1,1519,1520,0.15404863319245013
1,1512,1513,0.15405176849383
1,1499,1500,0.15405471953838043
1,1501,1502,0.15405749690873727
1,1506,1507,0.1540601106045419
1,1503,1504,0.15406257007199742
1,1503,1504,0.1540648842322025
1,1502,1503,0.15406706150827965
1,1488,1489,0.15406910985132274
0,1502,1502,0.15407103676518813
