1375,28,1403,0.1357959203875919
1424,29,1453,0.13292905160860344
1439,29,1468,0.13018509204134268
1459,31,1490,0.12764829159806143
1457,31,1488,0.1252859553314721
1453,29,1482,0.12314588815390615
1452,28,1480,0.1212110918077103
1465,29,1494,0.11945442941990658
1448,31,1479,0.11782220847839132
1455,33,1488,0.11638220906615374
1465,32,1497,0.11505649982630235
1464,31,1495,0.1138238721605414
1469,29,1498,0.11270794129052941
1470,31,1501,0.11167978420223568
1474,31,1505,0.11074233738597766
1459,32,1491,0.10988109043970183
1468,31,1499,0.10913611284099364
1476,30,1506,0.10843788050972009
1477,29,1506,0.10777989935144397
1471,29,1500,0.10718161971763349
1488,28,1516,0.1066520973135313
1479,28,1507,0.10613286989940868
1476,27,1503,0.10567988297593905
1479,27,1506,0.10527407243514368
1475,27,1502,0.10489754707007819
1470,25,1495,0.10456569872107604
1461,25,1486,0.10427715424564273
1460,27,1487,0.10403597507821448
1469,27,1496,0.1038190035904665
1459,26,1485,0.10360237611675185
1474,25,1499,0.10343023343574483
1481,25,1506,0.10323694768762996
1485,25,1510,0.10304497082754809
1490,25,1515,0.10286045089284754
1486,25,1511,0.10268224114602682
1493,25,1518,0.10252896221136376
1480,25,1505,0.10237321253711854
1494,25,1519,0.1022588969689868
1489,24,1513,0.10212403998556
1474,25,1499,0.10201278407012972
1485,25,1510,0.10194405554981473
1483,27,1510,0.10185691315543532
1470,25,1495,0.10178318716360828
1477,26,1503,0.10174651019337823
1476,26,1502,0.10169881489700269
1476,25,1501,0.10165995423305545
1481,26,1507,0.1016234918631341
1469,26,1495,0.10157826601991328
1473,26,1499,0.1015662670449322
1482,26,1508,0.10154608386987997
1473,24,1497,0.10150823049377694
1471,24,1495,0.10149421476937334
1472,24,1496,0.10148548104172167
1472,23,1495,0.10147408695092436
1474,24,1498,0.10146060938690858
1472,24,1496,0.10144294497908496
1477,25,1502,0.10143098356562157
1472,25,1497,0.10141140300887302
1456,26,1482,0.10140523928843453
1441,27,1468,0.10143588525949968
1449,27,1476,0.10149807010275247
1464,27,1491,0.10154114518186139
1455,25,1480,0.10154754463605205
1451,27,1478,0.10157246322854889
1451,29,1480,0.10160666899942467
1445,29,1474,0.10163549397166644
1449,29,1478,0.10167234424486508
1451,29,1480,0.10169885190340847
1464,28,1492,0.10171747974690122
1461,30,1491,0.10170572115165612
1465,30,1495,0.10169929442193965
1461,30,1491,0.10168409671018853
1465,30,1495,0.1016806076837064
1469,32,1501,0.10166993140166614
1475,34,1509,0.10165352648587928
1462,32,1494,0.10162528798228422
1467,35,1502,0.10162801719252629
1471,33,1504,0.10161847325389896
1461,34,1495,0.101602297155793
1458,35,1493,0.10160891420514774
1462,36,1498,0.10162257802198614
1467,36,1503,0.10162835757330244
1454,35,1489,0.10161993703673095
1456,37,1493,0.10164064416249165
1466,37,1503,0.10165670007039034
1467,37,1504,0.10164956733731198
1461,36,1497,0.10163828864022786
1461,36,1497,0.10164251447645949
1464,37,1501,0.1016455023378614
1455,38,1493,0.10163865681622951
1456,37,1493,0.10165430267602754
1453,37,1490,0.10166893127477561
1461,36,1497,0.10168812599996606
1470,36,1506,0.10168890238442085
1477,36,1513,0.10166635398857667
1475,39,1514,0.10163202007278142
1462,40,1502,0.1016040472641037
1467,39,1506,0.10160722004628367
1461,39,1500,0.10160291641641116
1462,38,1500,0.10161394539748493
1464,39,1503,0.1016202472003792
1453,38,1491,0.10162068838307028
1452,34,1486,0.10164638072749507
1460,38,1498,0.10167134421742366
1463,42,1505,0.10167445877285193
1444,41,1485,0.10167286263352483
1442,39,1481,0.10171311245655001
1449,41,1490,0.10175306342243509
1449,45,1494,0.10177608011795619
1442,47,1489,0.10179671058562625
1443,51,1494,0.10183473135572893
1424,51,1475,0.10186949774056978
1434,52,1486,0.10194467127855923
1430,53,1483,0.10199143474895013
1437,55,1492,0.10204353493900413
1429,57,1486,0.10207749852679555
1425,57,1482,0.10212685085882246
1426,58,1484,0.1021801791789633
1419,59,1478,0.10222682568104342
1430,56,1486,0.10228785340506846
1447,58,1505,0.10231892401439094
1448,57,1505,0.1023080322095905
1440,58,1498,0.10229669518409878
1444,56,1500,0.10230547674260926
1455,56,1511,0.10230359877819695
1464,56,1520,0.10227821253057284
1454,56,1510,0.1022336806913954
1439,59,1498,0.10221509252493526
1431,59,1490,0.10223158970486441
1428,61,1489,0.10226622677947964
1416,61,1477,0.10230525934946137
1419,62,1481,0.10236734352407206
1416,64,1480,0.10241949719365546
1411,64,1475,0.10247180575271632
1411,66,1477,0.1025327096996109
1419,69,1488,0.10258613839279164
1415,70,1485,0.1026179334303304
1413,71,1484,0.1026579848350079
1417,70,1487,0.10269730261611656
1434,70,1504,0.10272898097195926
1447,69,1516,0.10272117145611617
1447,69,1516,0.10268387454590151
1439,72,1511,0.10265100314422515
1420,74,1494,0.10264002159275318
1430,74,1504,0.10267318704166478
1426,71,1497,0.10268142084585556
1425,74,1499,0.10269935493103356
1435,76,1511,0.10271559298321048
1424,76,1500,0.10271011938756767
1433,76,1509,0.10273045263979144
1424,75,1499,0.10272887799978746
1419,77,1496,0.10274522468649405
1404,77,1481,0.10277225779476522
1417,72,1489,0.1028293909505837
1411,74,1485,0.10285238806041938
1411,79,1490,0.10288847274289643
1419,78,1497,0.10292281133626702
1419,75,1494,0.10293721492586315
1409,77,1486,0.10294935680183864
1397,82,1479,0.10298380565255268
1408,81,1489,0.10304275772000895
1420,82,1502,0.10307473325987442
1429,80,1509,0.10307689778108209
1420,80,1500,0.103055168294859
1416,79,1495,0.10305715914925966
1416,78,1494,0.10306716806206914
1417,80,1497,0.10307650201283405
1413,81,1494,0.10308206577958844
1419,80,1499,0.1030961549581027
1399,80,1479,0.10309686088607896
1395,79,1474,0.10314377002949503
1404,80,1484,0.10319506315013736
1414,79,1493,0.10322228882013018
1416,79,1495,0.10322639177925755
1405,80,1485,0.10322480429762465
1410,78,1488,0.10324721270789379
1408,79,1487,0.10325587126448887
1403,82,1485,0.10326918831525284
1402,85,1487,0.10329190572779004
1396,85,1481,0.10331397239444402
1398,83,1481,0.10334783784450646
1408,81,1489,0.1033752679949326
1427,81,1508,0.10337866531049592
1430,82,1512,0.10333631909228634
1432,81,1513,0.10329120024211366
1431,77,1508,0.10324428120416056
1436,77,1513,0.10320390567310789
1415,76,1491,0.10315442209571472
1410,77,1487,0.10315709237910876
1439,77,1516,0.10317060618376502
1425,76,1501,0.10311839505601057
1411,76,1487,0.10310218317162041
1407,77,1484,0.10312050116854195
1413,77,1490,0.1031482796367884
1416,77,1493,0.10316296952726582
1423,75,1498,0.10316973109073924
1422,75,1497,0.10315650308790282
1420,73,1493,0.10314706716163113
1418,70,1488,0.10314028555282466
1422,72,1494,0.10313770637362284
1405,74,1479,0.10312209335547372
1407,76,1483,0.10314720130104042
1411,79,1490,0.10316688109811153
1417,77,1494,0.10317664815482183
1418,77,1495,0.10317209971307509
1421,77,1498,0.10316499860498386
1414,77,1491,0.10315329985809112
1417,75,1492,0.10315773144944863
1422,76,1498,0.10315475790257551
1423,77,1500,0.10314066759144978
1417,76,1493,0.10312613592757276
1410,75,1485,0.10312567978940407
1405,74,1479,0.10314246494574242
1401,76,1477,0.1031711944623284
1408,81,1489,0.10320696296636832
1404,82,1486,0.10322135215284169
1406,84,1490,0.10324522326049262
1411,82,1493,0.1032631751413623
1409,82,1491,0.1032690298857986
1427,78,1505,0.10327892046246795
1426,80,1506,0.10324621107556224
1421,80,1501,0.10321944373576251
1417,81,1498,0.10320546138107922
1413,84,1497,0.10320225441962087
1413,81,1494,0.10320994334727786
1415,81,1496,0.10321591977249316
1420,77,1497,0.1032176262412505
1422,81,1503,0.10320722110324082
1425,83,1508,0.1031943011241643
1426,80,1506,0.10317630217760136
1420,84,1504,0.10315822662048778
1419,86,1505,0.10315799195422842
1418,89,1507,0.10315902445615073
1427,88,1515,0.10316303670409872
1425,89,1514,0.10314657844302533
1419,92,1511,0.10313599382211698
1423,95,1518,0.10314128957769586
1426,92,1518,0.10313768228660262
1421,91,1512,0.1031295897893573
1422,92,1514,0.10313282291499071
1399,92,1491,0.10313328375816404
1389,90,1479,0.10318561683051639
1391,91,1482,0.1032570228120549
1393,94,1487,0.10332089942869063
1388,96,1484,0.10337739581947408
1387,96,1483,0.10343890954160402
1376,97,1473,0.10349801639047541
1376,96,1472,0.10357643064025289
1386,93,1479,0.10364745618860527
1389,95,1484,0.10369073025974529
1380,95,1475,0.10372225621484571
1387,96,1483,0.10377474220955453
1384,103,1487,0.10380510145869842
1390,103,1493,0.10384097627079321
1391,101,1492,0.1038591773185873
1397,97,1494,0.10387133663456144
1401,101,1502,0.1038697668951923
1415,103,1518,0.10385734291838865
1404,103,1507,0.10381694187709392
1393,103,1496,0.10380500998442585
1391,106,1497,0.10381970039726163
1379,107,1486,0.10383823086951209
1383,108,1491,0.10388346075543126
1391,108,1499,0.10391617727300641
1382,109,1491,0.10392874793433451
1380,108,1488,0.10396103220164726
1379,106,1485,0.10399572183604004
1392,106,1498,0.10403019107072144
1399,105,1504,0.10403293839109681
1394,107,1501,0.10401829849927414
1396,106,1502,0.10401394514485916
1384,109,1493,0.10400657464845935
1387,106,1493,0.1040247013606914
1395,106,1501,0.10403596494980384
1379,110,1489,0.10403027582459329
1390,109,1499,0.10405997394106714
1385,108,1493,0.10406357370142963
1376,109,1485,0.1040792338145949
1373,109,1482,0.10411483694712331
1376,110,1486,0.1041556811668844
1377,109,1486,0.1041869197632526
1372,111,1483,0.10421098322076405
1370,112,1482,0.10424480899129039
1374,113,1487,0.10428153994270066
1379,108,1487,0.10430463421806233
1380,107,1487,0.10431455787539773
1383,106,1489,0.10432251946800998
1399,105,1504,0.10432174879847537
1399,106,1505,0.1042827071457596
1403,102,1505,0.10424751822502865
1396,103,1499,0.10420569803599551
1387,101,1488,0.1041824250693229
1379,99,1478,0.10418216902909393
1380,99,1479,0.10420012491502093
1367,102,1469,0.10421272490683292
1373,104,1477,0.10425369708164961
1378,106,1484,0.10427981734615993
1365,107,1472,0.10429331951460441
1377,108,1485,0.10433483699202543
1381,110,1491,0.1043461464224442
1373,116,1489,0.10434653848795779
1373,117,1490,0.10436598106898383
1366,120,1486,0.10438592258049655
1377,119,1496,0.10441846559421478
1386,115,1501,0.10442468649571474
1382,112,1494,0.10441066159811113
1378,117,1495,0.10440611305722007
1386,115,1501,0.10441128806842016
1389,115,1504,0.10439373877848372
1382,118,1500,0.1043718229232017
1371,118,1489,0.10437039740587178
1374,121,1495,0.10439537669298168
1380,123,1503,0.10441372547665495
1372,122,1494,0.10441956381008968
1358,124,1482,0.10444278998340707
1368,124,1492,0.10449383286498769
1359,122,1481,0.10452013698022096
1364,123,1487,0.10456346468839889
1367,124,1491,0.10459244479040969
1370,126,1496,0.10461206753627565
1363,126,1489,0.10462129954433638
1355,124,1479,0.10464771173351302
1362,128,1490,0.104690205958536
1356,129,1485,0.1047148580246192
1352,129,1481,0.10475308395581774
1352,131,1483,0.1047973554964771
1364,136,1500,0.10483791040296936
1359,136,1495,0.10484832699163002
1362,131,1493,0.10486806715140581
1354,132,1486,0.10487857990151891
1353,133,1486,0.10491082503812037
1363,131,1494,0.10494078555868239
1359,129,1488,0.10494310462939314
1355,131,1486,0.10495558988852982
1356,131,1487,0.1049737137894979
1359,136,1495,0.10498759602278465
1353,133,1486,0.10499540026983029
1351,135,1486,0.10501754477355486
1353,136,1489,0.10503929918679632
1345,137,1482,0.10505641422143856
1356,136,1492,0.10509179962352587
1356,139,1495,0.10509813027587164
1353,138,1491,0.1051068334412399
1355,141,1496,0.1051233265234786
1358,144,1502,0.10513414181139406
1363,144,1507,0.1051364634275742
1350,141,1491,0.10512842820882982
1358,144,1502,0.1051500649166664
1357,145,1502,0.1051511908554686
1359,143,1502,0.10515581013896685
1355,137,1492,0.10515777807966582
1356,139,1495,0.10516758722334553
1337,142,1479,0.10517558696528578
1356,137,1493,0.1052242284700297
1357,137,1494,0.10522509798570898
1359,139,1498,0.10522458746405902
1362,140,1502,0.10522067847869296
1369,140,1509,0.10520872774799983
1368,142,1510,0.10518229007220611
1360,143,1503,0.10516277002016622
1356,143,1499,0.10516429461786245
1352,142,1494,0.10517418391960132
1360,141,1501,0.10519032659172019
1340,144,1484,0.10518463156196052
1362,147,1509,0.10522466371302876
1350,148,1498,0.10521099082500837
1349,146,1495,0.10522673090866416
1340,145,1485,0.1052459513884379
1339,151,1490,0.10528572048556771
1333,147,1480,0.10532697987370143
1340,148,1488,0.10537762718885854
1334,152,1486,0.10540869381991655
1341,153,1494,0.10545197502639937
1338,152,1490,0.1054766837922381
1350,154,1504,0.10550792940977004
1340,152,1492,0.10550795744472737
1335,154,1489,0.10553084036627994
1332,157,1489,0.10556540832112446
1336,159,1495,0.10560459197841097
1331,157,1488,0.10563218649837726
1335,152,1487,0.10566870086375815
1336,149,1485,0.10569129664008654
1332,151,1483,0.10570972421200463
1354,149,1503,0.10573675003669493
1355,151,1506,0.10571114928394813
1346,155,1501,0.10568509283284992
1348,159,1507,0.10568094717913265
1345,159,1504,0.10567194556576424
1348,158,1506,0.10567132985610071
1346,155,1501,0.10566577178857127
1339,152,1491,0.1056641130774001
1342,153,1495,0.10568154329927966
1344,157,1501,0.10569093218271114
1335,159,1494,0.10569335813364295
1341,159,1500,0.10571576136402633
1351,161,1512,0.10572341638030998
1349,159,1508,0.10570850978319195
1339,159,1498,0.10570057028515717
1333,156,1489,0.10571362952853419
1327,161,1488,0.10573837462272166
1327,160,1487,0.10577633069178626
1333,160,1493,0.10581190727345452
1344,156,1500,0.10582823717241936
1341,154,1495,0.10581865346680754
1341,151,1492,0.10581778230781393
1338,152,1490,0.10581798662618577
1332,159,1491,0.10582315000369444
1329,162,1491,0.10584136126372728
1322,163,1485,0.10586564285754477
1326,164,1490,0.1059053916499916
1334,170,1504,0.10593102566200698
1329,169,1498,0.10593741149504617
1327,165,1492,0.10595525355347188
1344,164,1508,0.10597868848861584
1342,161,1503,0.10596100847367904
1337,167,1504,0.10594614113232388
1331,172,1503,0.10594429494163539
1334,165,1499,0.10595558538268036
1337,164,1501,0.10596204297189982
1325,167,1492,0.10596040078664633
1326,169,1495,0.10598481337596553
1331,169,1500,0.10600583170857834
1329,167,1496,0.10601514291748941
1340,171,1511,0.10602739459198723
1345,167,1512,0.1060120253615942
1342,169,1511,0.10598775954854212
1338,174,1512,0.1059747792103904
1330,174,1504,0.10597169935932353
1323,174,1497,0.10598956056802095
1342,174,1516,0.10602397808427132
1335,178,1513,0.10601190375394795
1321,179,1500,0.10601821212050438
1323,177,1500,0.10605604992971561
1329,176,1505,0.10608702629628508
1326,177,1503,0.1061012973680431
1322,179,1501,0.10611998523738929
1324,181,1505,0.10614685470929591
1320,186,1506,0.10616655613380735
1313,184,1497,0.10619555078429097
1299,185,1484,0.10623829154912924
1302,188,1490,0.1063095409801519
1314,189,1503,0.10637133946716898
1312,194,1506,0.10640191328942138
1310,189,1499,0.10643381103097659
1314,191,1505,0.10646541556995141
1299,196,1495,0.10648791219484992
1290,199,1489,0.10654393439799707
1286,199,1485,0.10661383614862331
1294,194,1488,0.10668915474927171
1311,194,1505,0.10674155501779951
1308,198,1506,0.10674931243515143
1304,203,1507,0.10676424229776432
1283,204,1487,0.1067905889704503
1275,203,1478,0.10686278653752482
1278,210,1488,0.10694846757533913
1280,210,1490,0.10702142601638846
1289,212,1501,0.10708666179382831
1288,211,1499,0.10712526949468199
1298,219,1517,0.1071635533397477
1285,212,1497,0.10717297748872073
1277,208,1485,0.10720885149451964
1281,212,1493,0.10726219833648898
1283,210,1493,0.1073019979171157
1285,210,1495,0.10733511337434015
1291,214,1505,0.10736108877637278
1291,214,1505,0.10736715356966876
1297,214,1511,0.1073768265047941
1284,216,1500,0.10737458091792515
1283,211,1494,0.10740509698971223
1272,210,1482,0.10743576430416958
1281,214,1495,0.10748835195383827
1272,220,1492,0.10752002382273293
1277,216,1493,0.10756772823305574
1271,221,1492,0.10760045353865984
1266,221,1487,0.10764499416802087
1275,216,1491,0.10769681087669036
1277,215,1492,0.10772555714667854
1283,217,1500,0.10774714479543449
1291,214,1505,0.10775117890785203
1293,218,1511,0.10773789373724711
1285,216,1501,0.1077230785554109
1282,217,1499,0.10772434666176078
1264,219,1483,0.10773398385966163
1259,221,1480,0.10778338823089745
1259,218,1477,0.10784019006098297
1264,221,1485,0.10789056541630082
1278,223,1501,0.10792780910587574
1280,223,1503,0.10793353924117956
1270,218,1488,0.10793368082870547
1268,213,1481,0.10795672141717264
1271,217,1488,0.10798373664368842
1272,217,1489,0.10799935995228882
1280,219,1499,0.1080126434885091
1286,216,1502,0.10800648404688698
1279,215,1494,0.10798534978010312
1279,216,1495,0.10798381321750984
1285,218,1503,0.10798239897300796
1299,219,1518,0.1079657583662794
1285,219,1504,0.10791823949640264
1288,228,1516,0.10790995736890568
1283,232,1515,0.10789738356942241
1267,233,1500,0.10789530449175373
1262,228,1490,0.10793148404202035
1257,234,1491,0.10797766546245416
1261,236,1497,0.1080345365306286
1266,237,1503,0.1080795679829787
1271,241,1512,0.1081102149946984
1265,242,1507,0.10812808149464254
1250,241,1491,0.10815897565403583
1254,246,1500,0.10822054924970648
1262,246,1508,0.10826913934924354
1260,247,1507,0.1082906512112007
1263,247,1510,0.10831612940562552
1249,249,1498,0.1083358361330259
1235,241,1476,0.10838630972112241
1228,251,1479,0.10846567006691263
1228,252,1480,0.10855589140012842
1236,249,1485,0.10863953282866096
1233,254,1487,0.10869931841490782
1235,256,1491,0.10876193287603886
1239,260,1499,0.1088168046284744
1248,264,1512,0.10885919530700594
1248,263,1511,0.10888167285926692
1247,269,1516,0.10890148692553268
1238,273,1511,0.10892427372781661
1230,274,1504,0.10896884647087322
1225,273,1498,0.10902518094991233
1233,270,1503,0.10908900664266334
1226,270,1496,0.10912946409325024
1225,274,1499,0.10918493542929668
1218,276,1494,0.10923701074201075
1216,278,1494,0.10930403514994183
1220,282,1502,0.10937147391427395
1211,284,1495,0.10942453807281254
1221,280,1501,0.10949463003688
1227,286,1513,0.10953828679125444
1217,285,1502,0.10956569341667877
1217,282,1499,0.10961334775531491
1218,287,1505,0.10965802793151322
1215,290,1505,0.10969650244912359
1213,292,1505,0.10973681425169073
1214,290,1504,0.10977997543693345
1215,289,1504,0.10981935382121166
1223,295,1518,0.10985320057701908
1220,289,1509,0.10986554393502475
1229,289,1518,0.10988211310974892
1219,292,1511,0.10987889352276838
1216,292,1508,0.1098998403846889
1203,295,1498,0.10992574095134565
1205,292,1497,0.10998102016113137
1207,292,1499,0.11002780643902822
1214,290,1504,0.11006160050121054
1217,287,1504,0.11007908061553309
1219,285,1504,0.11008373821394954
1216,293,1509,0.11008463742676858
1196,298,1494,0.11009510338867981
1192,301,1493,0.11015235042747352
1199,304,1503,0.11021526141562596
1199,309,1508,0.11025926537567106
1198,306,1504,0.11030038084634584
1200,308,1508,0.1103421978113339
1199,310,1509,0.11037493170850554
1185,310,1495,0.11040869879157666
1179,315,1494,0.11047481184204218
1180,309,1489,0.11054961404961311
1167,309,1476,0.11061712560467861
1164,308,1472,0.11070962739210248
1189,312,1501,0.11080170766353618
1194,305,1499,0.11082909876318275
1188,314,1502,0.11084426985709228
1182,317,1499,0.11087258936913333
1187,318,1505,0.11090973615059246
1186,324,1510,0.11093310263520856
1174,329,1503,0.11095516618320836
1165,321,1486,0.11100411107549756
1156,327,1483,0.11107190458533168
1152,326,1478,0.11115601965568182
1148,325,1473,0.11124648330796172
1162,329,1491,0.11134024781752844
1169,329,1498,0.11139675356720571
1166,332,1498,0.11142867615430088
1171,332,1503,0.11146395290961313
1177,338,1515,0.11148420876758842
1170,343,1513,0.11148945436286749
1169,340,1509,0.11151076506300317
1159,344,1503,0.11153380605182635
1165,340,1505,0.11158219583730858
1156,337,1493,0.11161240331064715
1153,339,1492,0.11166189698789887
1168,351,1519,0.11171637597040864
1160,350,1510,0.11173264229003747
1157,349,1506,0.11176639390961729
1157,348,1505,0.11180249829612976
1155,349,1504,0.1118380058177264
1149,353,1502,0.11187592076189158
1149,357,1506,0.11192488111644598
1154,350,1504,0.11197452426453071
1154,351,1505,0.11200822220421841
1145,345,1490,0.11203899299567312
1157,356,1513,0.11208868216339837
1162,350,1512,0.11210376306492552
1142,353,1495,0.1121088983057742
1146,349,1495,0.11216064516984851
1143,347,1490,0.11219618114637102
1150,355,1505,0.11223259717900906
1135,363,1498,0.11225118746939412
1144,355,1499,0.11230084078130446
1138,352,1490,0.11232695188238334
1143,357,1500,0.1123619152331463
1155,355,1510,0.11238370028696938
1158,348,1506,0.11237498095506508
1163,346,1509,0.11236011539436294
1170,340,1510,0.11233206195242423
1163,346,1509,0.11229244407404543
1149,343,1492,0.11227150547600871
1162,345,1507,0.11228469438530521
1162,346,1508,0.11226850839391482
1160,340,1500,0.11225384717234985
1158,344,1502,0.11224493777850675
1141,348,1489,0.11223961615362021
1146,353,1499,0.1122744534637639
1143,352,1495,0.11229524661154137
1146,360,1506,0.11232340892076628
1144,362,1506,0.11234510670929147
1140,361,1501,0.11237073314705161
1134,359,1493,0.11240296088189168
1124,360,1484,0.11244799334345768
1129,360,1489,0.11251053204225674
1135,361,1496,0.1125585755827685
1143,368,1511,0.1125867738171662
1147,369,1516,0.11259967390028726
1142,374,1516,0.11260071711374499
1137,374,1511,0.1126146517248008
1128,373,1501,0.11264172506016823
1130,372,1502,0.11268871922006773
1121,376,1497,0.1127260055328077
1124,373,1497,0.11278177480792642
1126,379,1505,0.11282804944573918
1123,379,1502,0.11286628942723748
1123,381,1504,0.11290905141410323
1136,373,1509,0.11294890675185282
1135,370,1505,0.11295722423459427
1133,369,1502,0.11296274647253746
1139,375,1514,0.11297466186306268
1122,380,1502,0.1129738386660606
1117,378,1495,0.11301061823480182
1111,382,1493,0.11305409877382867
1111,386,1497,0.11310886693967692
1109,386,1495,0.11316303469370587
1107,384,1491,0.1132174004728967
1108,378,1486,0.1132714522412645
1119,385,1504,0.11331968389900159
1118,390,1508,0.11334199980006174
1113,386,1499,0.11336473687597536
1111,386,1497,0.1133977595591169
1105,389,1494,0.11343316552640186
1102,397,1499,0.11347891600532989
1091,395,1486,0.11352849841816387
1087,392,1479,0.11360082456555229
1089,397,1486,0.11367530955367364
1091,400,1491,0.1137418029325601
1079,399,1478,0.11379948207056327
1075,407,1482,0.1138789077187596
1075,410,1485,0.11396113963429318
1096,411,1507,0.11403561942905494
1090,410,1500,0.11405701166931852
1083,404,1487,0.11409133576861256
1082,401,1483,0.11413983625650659
1084,404,1488,0.11418376297960368
1082,396,1478,0.11422018795967005
1087,397,1484,0.11426288208962494
1087,400,1487,0.11429185085971781
1104,404,1508,0.11431658013665029
1098,403,1501,0.11429861182983739
1095,409,1504,0.11429861044212107
1083,409,1492,0.11430615438270314
1081,407,1488,0.11434221915008504
1082,400,1482,0.11437944025816167
1075,402,1477,0.11441283625371694
1072,394,1466,0.11445905788501655
1085,396,1481,0.114507583145688
1085,394,1479,0.11452251860566653
1085,403,1488,0.11453834879135534
1072,400,1472,0.11455193123969115
1083,401,1484,0.11459560678980968
1081,408,1489,0.11461122636040426
1070,406,1476,0.114628806971321
1077,408,1485,0.1146710355671122
1101,405,1506,0.11469324412550687
1094,408,1502,0.11465880473800823
1086,419,1505,0.1146437391878886
1076,410,1486,0.11465016409458965
1068,407,1475,0.11467980639601795
1071,413,1484,0.11472755033964523
1068,422,1490,0.11476582088958207
1071,416,1487,0.11480858014035221
1068,413,1481,0.11484127536920063
1065,415,1480,0.11488031181305253
1062,423,1485,0.11492216292201661
1069,431,1500,0.11496534751813453
1073,428,1501,0.11499122599505263
1071,427,1498,0.11500656264351093
1067,431,1498,0.11502562441374135
1066,436,1502,0.11505050792007757
1058,435,1493,0.11507855988124958
1053,431,1484,0.11512417835707531
1051,436,1487,0.115179645890797
1045,434,1479,0.1152395408751375
1053,442,1495,0.11530676964006117
1045,439,1484,0.115351555156826
1047,438,1485,0.11540994274037253
1057,442,1499,0.11546040521868743
1047,450,1497,0.11548236391105238
1040,457,1497,0.11552585455058097
1046,451,1497,0.11558287564671392
1033,455,1488,0.11562226091218494
1043,454,1497,0.11568998762495664
1035,468,1503,0.11572987715707528
1020,468,1488,0.11578440509162952
1020,471,1491,0.11587062435578123
1024,475,1499,0.1159520158654631
1043,476,1519,0.11602042530276227
1032,473,1505,0.11604298194641334
1025,475,1500,0.11608841823647895
1022,478,1500,0.11614759977268514
1027,478,1505,0.11621246604696832
1020,484,1504,0.1162578867934581
1023,489,1512,0.11631728908072983
1031,485,1516,0.1163633642360673
1018,488,1506,0.11639161290246466
1014,486,1500,0.1164429038397627
1011,494,1505,0.11650116382887717
1016,496,1512,0.11656354251250836
1007,490,1497,0.11661114116221066
1011,484,1495,0.11667798292649795
1013,477,1490,0.1167300390161245
996,485,1481,0.11677064778031915
1004,490,1494,0.11684472259808314
995,492,1487,0.11689887113180351
1000,486,1486,0.11697251632066369
1002,481,1483,0.11702928229665227
998,489,1487,0.11707502124165249
1008,489,1497,0.11712718846835216
1018,482,1500,0.11715258279488326
1009,490,1499,0.11715356845791934
1010,485,1495,0.11717745959260921
1010,497,1507,0.1171941800821232
1005,502,1507,0.11721257403753786
1013,499,1512,0.11723856262149064
1003,500,1503,0.11724600745744564
998,504,1502,0.11727705716402284
990,508,1498,0.11731883067183839
986,508,1494,0.11737610396014926
988,506,1494,0.11743934753676545
993,517,1510,0.11749354862971632
989,510,1499,0.11753156169166253
997,507,1504,0.11757764035057157
993,504,1497,0.1176040865863903
993,507,1500,0.11763856625801412
1000,516,1516,0.11767262916562952
992,515,1507,0.11768962548329749
990,514,1504,0.11772236076875732
992,508,1500,0.11775394051584623
990,514,1504,0.11777799360038721
978,519,1497,0.11780780129920451
974,521,1495,0.11786357360854068
978,521,1499,0.11792477490873648
964,526,1490,0.11797174033949948
963,521,1484,0.1180464818154591
972,520,1492,0.11812064071940136
971,516,1487,0.11816628346938579
983,515,1498,0.11820992813453701
974,516,1490,0.11822092693895274
969,519,1488,0.11825412538668062
973,521,1494,0.11829566155713607
977,513,1490,0.11832620713735231
971,517,1488,0.11834630631454235
985,518,1503,0.11837643752521058
981,524,1505,0.11837151244991553
974,520,1494,0.11837651618149306
984,518,1502,0.11839761924686068
991,519,1510,0.11839490723530142
988,517,1505,0.11837175942257186
976,532,1508,0.11835670964763499
972,521,1493,0.11837108295724218
975,522,1497,0.1183942290789583
980,525,1505,0.11840926394296353
982,527,1509,0.11841319750473002
986,525,1511,0.11841443091515073
984,524,1508,0.11840555385697005
979,514,1493,0.11839889545932135
973,513,1486,0.1184052884195918
962,506,1468,0.11842524522203014
952,520,1472,0.11846738725624703
954,521,1475,0.11852674340941266
969,518,1487,0.11857685432362622
967,513,1480,0.11859054465147295
989,509,1498,0.11860779917869384
991,506,1497,0.1185709174564425
984,510,1494,0.1185321802619809
989,511,1500,0.11851404190257388
995,513,1508,0.11848672356348612
994,510,1504,0.11844230502838887
994,509,1503,0.1184048397082606
992,514,1506,0.11837166861606924
980,514,1494,0.11834517500952957
979,520,1499,0.11835052285219123
973,524,1497,0.11835930584594437
977,526,1503,0.11838242632067278
979,530,1509,0.1183955479620569
972,534,1506,0.11840285979354373
975,527,1502,0.11842993669686785
980,538,1518,0.11844569607599695
980,534,1514,0.11844902986244722
963,528,1491,0.11845325950552217
962,531,1493,0.11849438710109542
962,535,1497,0.11853526641556587
972,527,1499,0.1185737972947972
963,533,1496,0.1185847986609669
963,532,1495,0.11861655751451407
956,532,1488,0.11864405040962453
952,538,1490,0.11868742760511164
946,544,1490,0.118739305997622
934,548,1482,0.1188024169971605
946,552,1498,0.11888868578985719
941,540,1481,0.11894376707052576
944,535,1479,0.11900415675221207
953,546,1499,0.11905661694747889
950,553,1503,0.11908705843635708
946,556,1502,0.11912141259925256
946,559,1505,0.11916514943856579
932,563,1495,0.1192071719549552
939,563,1502,0.11927901671999319
929,568,1497,0.11933019899685426
924,570,1494,0.11940254678324212
928,574,1502,0.11948052836018455
938,566,1504,0.11954623162894623
937,570,1507,0.11958331457125199
934,571,1505,0.1196214927055059
933,574,1507,0.11966200146188044
934,580,1514,0.11970208612871279
937,586,1523,0.11973818332123976
937,576,1513,0.11976700486713962
930,573,1503,0.11979675402051317
923,574,1497,0.11984102833905748
929,580,1509,0.11989528065147674
931,581,1512,0.11993361798612515
940,583,1523,0.11996477317112478
929,585,1514,0.11997270552150961
934,585,1519,0.12000686219058053
939,574,1513,0.12002634320991337
943,570,1513,0.12003536380223306
941,573,1514,0.12003412704299621
942,566,1508,0.12003487173006126
936,568,1504,0.12003352590114418
941,564,1505,0.12004671319582032
940,564,1504,0.12004737399105625
931,566,1497,0.12005068703710986
930,565,1495,0.12007442473260131
922,569,1491,0.12009636573539062
921,571,1492,0.12013562944085684
922,576,1498,0.12017237535883561
924,577,1501,0.12020494215746404
922,559,1481,0.12022927724184765
925,559,1484,0.12025593420771803
935,568,1503,0.12027043301458576
937,571,1508,0.12026004197679897
942,569,1511,0.12024522499680358
928,584,1512,0.12022269904703378
929,577,1506,0.12023400794473682
934,577,1511,0.12024354436931337
929,572,1501,0.12024087800204007
931,570,1501,0.12024836371701575
937,575,1512,0.12025079045864925
920,576,1496,0.1202378018676357
926,572,1498,0.12026645899829407
917,585,1502,0.12028390874461538
912,582,1494,0.12032235441281106
908,582,1490,0.12037072831191205
914,584,1498,0.12042025571469445
911,591,1502,0.12045233092464563
896,596,1492,0.12048912755449478
897,596,1493,0.12055658458914519
895,598,1493,0.12061683280023289
899,598,1497,0.12068012286096465
912,597,1509,0.12073134237127309
908,596,1504,0.12074699362478125
893,587,1480,0.12077186495800532
892,598,1490,0.12082755264860782
900,596,1496,0.12088294166224937
896,605,1501,0.12091639631562699
893,612,1505,0.12095577951931492
890,616,1506,0.1209997112615842
893,619,1512,0.12104844287938384
901,622,1523,0.12108744950256227
899,611,1510,0.12110528225060577
901,608,1509,0.12112687870896427
902,602,1504,0.12114320662600636
906,611,1517,0.12115563727680728
903,610,1513,0.12115505559360612
901,614,1515,0.12116220746033829
892,606,1498,0.12117381298520372
892,614,1506,0.121208075915141
889,616,1505,0.12124213819335701
899,608,1507,0.12127852658158535
891,605,1496,0.12128752431850084
896,612,1508,0.12131263230665267
896,619,1515,0.12132761161875717
895,620,1515,0.12134426296304034
885,623,1508,0.1213631403397681
882,621,1503,0.12140320238208471
881,630,1511,0.12145130494445773
883,635,1518,0.12149444076673682
887,633,1520,0.1215247838507167
875,638,1513,0.12154735051181768
863,635,1498,0.12159649455307474
859,644,1503,0.12166987116952903
858,640,1498,0.1217489170527857
861,641,1502,0.1218252375167517
882,633,1515,0.12189000034704155
870,630,1500,0.12190239906802937
876,636,1512,0.12194349164532406
866,637,1503,0.12197016924062012
861,641,1502,0.12201836128069612
863,642,1505,0.12207811485112473
858,640,1498,0.12212560293946366
859,642,1501,0.12218070171318893
858,645,1503,0.12223049528040747
843,659,1502,0.12228014070873325
845,656,1501,0.12236183710642018
845,659,1504,0.12243555958040352
848,659,1507,0.12250439501752342
851,655,1506,0.12256379481221895
855,655,1510,0.12260896859278284
852,648,1500,0.1226397430854175
857,636,1493,0.12267292673383676
852,644,1496,0.1226904188493761
852,648,1500,0.12271316350069693
852,648,1500,0.12273673511115944
858,652,1510,0.12275756853456712
857,651,1508,0.12276513582348933
860,651,1511,0.12277475372880126
854,663,1517,0.12278033043634742
853,657,1510,0.1227992750710854
850,657,1507,0.1228214298828696
846,665,1511,0.12284886069861606
848,665,1513,0.12288498117827304
857,665,1522,0.12291274193609329
857,675,1532,0.12291694795917829
846,674,1520,0.12292158312809272
847,670,1517,0.12295205587550609
835,671,1506,0.12297624973262304
835,673,1508,0.12302996730525638
836,674,1510,0.12307985182164098
839,667,1506,0.12312449962906033
848,660,1508,0.12316187890747728
838,668,1506,0.12317493105769009
840,677,1517,0.12321020029499476
830,682,1512,0.12323970745617212
832,670,1502,0.12329151003549453
831,676,1507,0.12333502795394845
832,678,1510,0.12337870237768414
835,682,1517,0.12341569870902662
831,679,1510,0.1234430899477422
834,679,1513,0.12347568754505855
838,678,1516,0.12349945796794902
833,677,1510,0.12350988210259484
832,677,1509,0.12353186692486863
821,676,1497,0.12355604588891758
824,676,1500,0.12360518569017824
818,679,1497,0.12364430406291417
814,683,1497,0.12369407440867489
827,696,1523,0.12374895324844047
832,691,1523,0.12377114634398569
829,694,1523,0.1237812907923032
820,690,1510,0.12379570274251828
820,690,1510,0.12383059347087493
819,695,1514,0.12386477953597755
813,708,1521,0.12389601067743111
812,703,1515,0.12393894845564808
818,694,1512,0.12397970565685053
811,697,1508,0.12400392659337627
805,701,1506,0.1240436332065212
799,701,1500,0.1240930500373402
802,702,1504,0.12415356957460551
809,697,1506,0.12420586158654869
808,707,1515,0.12424102387944824
800,703,1503,0.12427598814227625
796,701,1497,0.12432577817490102
787,712,1499,0.12438183402520946
785,713,1498,0.12445263091630317
783,716,1499,0.1245245932342375
776,713,1489,0.12459674307147012
772,720,1492,0.12467780341954397
772,732,1504,0.12476106320585924
767,738,1505,0.12483925812971976
765,732,1497,0.12492560146961233
777,732,1509,0.12501083160449816
784,737,1521,0.12506277354168152
772,734,1506,0.1250940889419832
771,741,1512,0.12515133831806913
769,743,1512,0.1252070944411613
770,746,1516,0.12526321328619192
764,746,1510,0.12531505446671914
763,746,1509,0.12537762327605484
765,740,1505,0.12543901262555623
769,742,1511,0.12548843699987208
768,748,1516,0.12552778091715144
769,743,1512,0.12556450814452425
769,743,1512,0.1255973299627726
762,738,1500,0.12562866677834963
760,731,1491,0.12567413343267317
755,739,1494,0.12572176066985558
753,735,1488,0.1257783689166567
756,743,1499,0.1258346265394787
755,737,1492,0.12587780555597244
752,741,1493,0.12592033753879409
753,741,1494,0.1259687028309839
756,746,1502,0.1260117019095805
763,737,1500,0.12604333230857237
764,745,1509,0.12605775904783667
751,748,1499,0.1260675951251717
759,751,1510,0.1261074665720509
762,741,1503,0.1261273039668365
763,724,1487,0.12613953457118235
765,723,1488,0.126148969021151
762,728,1490,0.12615006718524047
761,734,1495,0.12615579142491068
758,748,1506,0.1261657916675848
756,752,1508,0.1261846238245595
744,768,1512,0.12620784874996674
756,763,1519,0.12625559766298874
749,763,1512,0.12627260728377113
742,765,1507,0.1263071781841864
734,764,1498,0.1263565039813299
738,763,1501,0.12642183933574594
735,758,1493,0.1264728413033164
744,753,1497,0.12652608423218661
747,751,1498,0.12655308886164213
749,761,1510,0.1265712969344274
737,760,1497,0.12658270574362696
733,774,1507,0.12662140874614752
734,774,1508,0.1266685010934063
742,765,1507,0.12670982521787422
742,762,1504,0.12673128021841146
735,756,1491,0.12675212897497215
736,755,1491,0.1267879708302051
746,750,1496,0.1268173439085289
749,755,1504,0.1268188683869027
735,760,1495,0.12681494335621882
738,767,1505,0.12684430352691994
737,778,1515,0.12686563031683382
729,776,1505,0.12688767487861954
730,776,1506,0.1269250713995616
727,777,1504,0.1269580961899944
735,777,1512,0.12699421516225567
733,780,1513,0.12701176591338365
737,771,1508,0.127034202717893
733,777,1510,0.12704312387283262
728,785,1513,0.1270595251180188
730,778,1508,0.12708586417774623
726,783,1509,0.12710735121484323
729,778,1507,0.1271359382906714
725,771,1496,0.12715655841211584
721,777,1498,0.12718661166986264
728,784,1512,0.12722365362953147
727,777,1504,0.1272435512574685
731,777,1508,0.12726159131702175
735,781,1516,0.12727292020996317
726,785,1511,0.127274121641439
727,784,1511,0.12729471899208283
731,783,1514,0.12731400165310058
739,782,1521,0.12732189504640506
731,784,1515,0.12731335901816165
728,785,1513,0.12732652193652616
731,788,1519,0.1273472576889565
735,790,1525,0.1273561193364717
727,789,1516,0.12735594895092622
727,781,1508,0.1273759475983591
719,789,1508,0.1273950990211029
722,789,1511,0.12742900648920794
724,795,1519,0.12745175586477667
719,805,1524,0.12746851270521542
716,803,1519,0.12749730647673424
713,806,1519,0.12752985938640657
716,807,1523,0.12756882429716399
725,808,1533,0.12760114706788353
713,798,1511,0.1276115423952088
713,799,1512,0.12764935168471658
718,801,1519,0.12768225459894889
716,801,1517,0.12770323004832068
708,804,1512,0.12772698296491522
706,793,1499,0.12776787952277682
700,802,1502,0.12780931342486204
704,801,1505,0.12786220171089688
697,811,1508,0.12790169079436936
697,810,1507,0.12795641644650568
696,810,1506,0.12800783682487607
698,814,1512,0.12805890333007647
696,819,1515,0.12810308293001182
681,822,1503,0.12814965263708464
679,815,1494,0.1282238798897166
694,807,1501,0.12829759677172745
698,810,1508,0.1283280748129057
694,824,1518,0.12834710459883494
699,822,1521,0.12837481443391463
697,818,1515,0.12839023573819688
692,813,1505,0.1284095271559314
696,818,1514,0.12844065060520382
695,811,1506,0.1284603560030563
702,819,1521,0.12847943783755306
697,823,1520,0.128483064341973
689,818,1507,0.12849917338535907
676,814,1490,0.12853193406838195
664,813,1477,0.12858958071158175
657,823,1480,0.12867541783173198
655,828,1483,0.12877157317567034
656,838,1494,0.12886486255312588
653,834,1487,0.12894734505684474
642,828,1470,0.12903004288681458
649,830,1479,0.12913201172100253
652,837,1489,0.12920627259804243
658,837,1495,0.12927018754381403
661,840,1501,0.1293176127387487
659,834,1493,0.12935343321564868
661,841,1502,0.12939004352557942
663,843,1506,0.12941927637908146
656,840,1496,0.1294453226687251
663,840,1503,0.12948585394079262
662,851,1513,0.12950678796214599
669,848,1517,0.12952670163048197
663,842,1505,0.1295303459478023
658,842,1500,0.12954639869704634
659,849,1508,0.1295700954145697
659,847,1506,0.1295892600504627
662,849,1511,0.12960871984422317
653,856,1509,0.1296208031927323
658,852,1510,0.12965485214084482
656,852,1508,0.12967610767744836
643,848,1491,0.12969873658682782
652,848,1500,0.12975040373380292
655,850,1505,0.12977893480297625
664,854,1518,0.12979416178418743
657,848,1505,0.12978757534512794
655,842,1497,0.12979948704531621
655,840,1495,0.12981414710009326
668,835,1503,0.12983090598792377
660,842,1502,0.129816881684633
653,848,1501,0.12982178076671808
658,852,1510,0.1298464245762923
650,843,1493,0.1298535704615002
652,857,1509,0.12987839672595855
648,865,1513,0.12989715432369797
654,868,1522,0.12992494265894766
654,867,1521,0.12993747827689803
654,877,1531,0.12995005767500614
646,873,1519,0.12996506485931303
638,871,1509,0.13000155601754673
636,872,1508,0.130055165410936
630,879,1509,0.13011040475289748
632,888,1520,0.13017720758310938
628,876,1504,0.1302351762469184
630,884,1514,0.13030070832713064
625,882,1507,0.1303554667793704
631,882,1513,0.13041816972534476
632,887,1519,0.130460189499715
628,886,1514,0.13049784966997094
618,889,1507,0.13054262241599987
615,894,1509,0.13060920934955808
619,894,1513,0.1306784476738615
610,897,1507,0.1307340296105784
611,889,1500,0.13080386951875592
612,888,1500,0.130868695257915
621,892,1513,0.13092578752699546
616,889,1505,0.13095545716751458
613,887,1500,0.13099604400380477
612,898,1510,0.1310403000594744
607,902,1509,0.13108583468752424
602,906,1508,0.13114063801959305
604,903,1507,0.13120555884796276
601,904,1505,0.13126120307937608
595,906,1501,0.1313171866536534
594,906,1500,0.13138466151980643
599,895,1494,0.13145049953339297
603,896,1499,0.13149866897237505
597,889,1486,0.13153322838738268
590,887,1477,0.13157802668443339
594,890,1484,0.13163632740862602
598,906,1504,0.1316787739038665
601,904,1505,0.13171190916932654
601,909,1510,0.13173753832371193
601,912,1513,0.13176360459881892
603,918,1521,0.131789517532676
597,922,1519,0.13180837389491243
590,920,1510,0.13184025252223128
586,910,1496,0.13188601318774254
595,914,1509,0.13193907239353986
589,919,1508,0.1319680060710199
589,932,1521,0.13200978828563287
593,924,1517,0.1320509226889806
590,921,1511,0.13207831114906696
594,918,1512,0.13211280896040742
595,923,1518,0.13213345366315588
592,926,1518,0.13215037434544383
597,928,1525,0.1321738995818375
589,927,1516,0.1321841761116502
591,928,1519,0.13220956465918293
592,928,1520,0.13222888970912053
584,931,1515,0.1322459801632131
588,933,1521,0.13228266939987307
590,932,1522,0.132303668626612
590,921,1511,0.1323191029227037
591,935,1526,0.13233464922657828
587,937,1524,0.1323439616423641
581,946,1527,0.13236392808207906
576,941,1517,0.13239955198674763
576,938,1514,0.13244474272058404
565,934,1499,0.1324865709035511
561,934,1495,0.13255246772621423
558,936,1494,0.1326226674743127
562,943,1505,0.13269656172798505
570,935,1505,0.1327553237306631
565,949,1514,0.13279010839499514
557,935,1492,0.1328324280153739
553,935,1488,0.1328868290368078
564,939,1503,0.1329484446721604
558,936,1494,0.13298345739195283
562,938,1500,0.13303100476548038
557,948,1505,0.1330663808464193
553,959,1512,0.13311306689797164
547,945,1492,0.13316687921542225
549,941,1490,0.13323049512434232
547,955,1502,0.13328447755873568
551,944,1495,0.1333385988915707
550,952,1502,0.13337899017058105
552,954,1506,0.13341794188076211
551,960,1511,0.13344982443901438
557,953,1510,0.13348282297074404
561,956,1517,0.13350046607809612
562,958,1520,0.13350579304810536
563,964,1527,0.13350881446427137
572,950,1522,0.13350842068581995
567,939,1506,0.13348639139542798
564,946,1510,0.13347434076728
560,950,1510,0.13347232569908069
555,953,1508,0.133481647493459
560,954,1514,0.13350250469302502
555,957,1512,0.13351096102918794
558,958,1516,0.13353155962397056
566,951,1517,0.1335414352980127
560,947,1507,0.13353429510925863
555,947,1502,0.13354190462957008
559,946,1505,0.13356208956038734
550,947,1497,0.13357293057857625
548,959,1507,0.1336039698669873
548,967,1515,0.1336372383228978
540,963,1503,0.13367004781973973
541,960,1501,0.13371623660710258
548,962,1510,0.13376020537041527
547,956,1503,0.13378095113270486
539,958,1497,0.1338041998665092
537,965,1502,0.13384380253501338
535,967,1502,0.13388372923711023
538,961,1499,0.1339288767084733
538,969,1507,0.13396299991506347
545,967,1512,0.13399408595086146
540,962,1502,0.13400410554479428
546,970,1516,0.13402594431141046
548,970,1518,0.1340317121812683
541,968,1509,0.13403197882759738
542,965,1507,0.13404950285124692
545,966,1511,0.13406120765974794
544,952,1496,0.13406783309804798
544,957,1501,0.13407828495219143
550,975,1525,0.1340879241656456
549,964,1513,0.1340805677518693
546,966,1512,0.13407701619428117
547,970,1517,0.13407936792531847
546,973,1519,0.13407846500419215
539,977,1516,0.13408075992856813
536,977,1513,0.13409986211496355
535,982,1517,0.1341262015003924
532,980,1512,0.1341544947922885
529,988,1517,0.13418839109862463
532,999,1531,0.13422585381538252
523,1006,1529,0.13425633792329106
519,1008,1527,0.13430657995243542
515,1005,1520,0.1343636147984287
504,1000,1504,0.13442533413272947
506,995,1501,0.1345083414071542
512,1004,1516,0.13458389172702603
518,986,1504,0.13464095825962766
512,997,1509,0.13467938089106615
517,991,1508,0.13472766894090515
522,1000,1522,0.1347609631818421
520,996,1516,0.13477986354176874
514,983,1497,0.1348018006901103
506,998,1504,0.13483713408497458
506,986,1492,0.13488875801730177
501,992,1493,0.13493802645734276
497,992,1489,0.13499455142376576
489,991,1480,0.13505590830040495
497,1000,1497,0.13513160579525793
492,1006,1498,0.13518484024167496
496,1014,1510,0.1352464538482923
490,1022,1512,0.13529273898232064
493,1018,1511,0.13534992008335464
495,1016,1511,0.13539481633669323
503,1020,1523,0.13543308909595594
496,1005,1501,0.13545115982728795
495,1003,1498,0.13548600077978187
500,1007,1507,0.1355200870614298
492,1006,1498,0.135541613490092
495,1005,1500,0.13558229898326815
488,1013,1501,0.13561437984009153
482,1012,1494,0.13566110067888437
489,1012,1501,0.13572043752318375
489,1016,1505,0.1357559395001496
488,1020,1508,0.13578930188690122
484,1024,1508,0.13582086647933098
495,1020,1515,0.13585937850984758
495,1020,1515,0.13587085480904648
493,1017,1510,0.13587994471915935
486,1006,1492,0.1358927999909537
490,1011,1501,0.13592115862306703
489,1010,1499,0.1359390876301999
496,1012,1508,0.13595688549903565
496,1015,1511,0.13595632822186685
493,1009,1502,0.13595537370195485
489,1010,1499,0.13596188132187645
489,1003,1492,0.13597929089984145
487,1010,1497,0.1359945714531581
493,1013,1506,0.13601353845936595
488,1022,1510,0.13601667930517355
486,1019,1505,0.13603070235070341
478,1010,1488,0.13604746162577508
484,1016,1500,0.1360812401446127
484,1018,1502,0.13609800208655076
487,1022,1509,0.1361147148769576
486,1020,1506,0.13612045332893213
494,1014,1508,0.1361270561809546
493,1028,1521,0.13611479437114127
487,1031,1518,0.1361077869952198
490,1038,1528,0.13611630728776405
489,1037,1526,0.13611883688984702
491,1039,1530,0.13612245735654807
489,1036,1525,0.13612261509825113
491,1033,1524,0.13612981860847384
491,1023,1514,0.13613234043426659
497,1024,1521,0.13613165949920444
493,1035,1528,0.13611868866507662
487,1025,1512,0.13611810252104878
495,1019,1514,0.13613245001821966
484,1022,1506,0.13612766471301554
487,1033,1520,0.13614866860956357
480,1038,1518,0.13616375164737565
475,1033,1508,0.1361935263604016
474,1029,1503,0.13623477248188465
474,1038,1512,0.13627599835991988
472,1032,1504,0.1363149025454726
471,1033,1504,0.1363567171226333
478,1029,1507,0.13639744505236462
467,1028,1495,0.13641889724193387
478,1030,1508,0.1364665631793237
483,1038,1521,0.13648328537968527
484,1041,1525,0.13648585684919096
483,1040,1523,0.13648309456267516
482,1039,1521,0.13648466431923859
493,1032,1525,0.13648733657457016
487,1034,1521,0.13646050410763602
484,1024,1508,0.13645048547382885
486,1013,1499,0.13644788684890388
483,1017,1500,0.13644330442129335
480,1023,1503,0.13644819114851842
480,1030,1510,0.13645887442436805
484,1016,1500,0.13646901893523944
481,1017,1498,0.13646599578589172
487,1020,1507,0.13646938639620607
485,1016,1501,0.13646037790370188
482,1021,1503,0.13645877883493726
483,1020,1503,0.13646427043469228
489,1010,1499,0.13646652209060914
492,1011,1503,0.13645584478559478
494,1012,1506,0.13643644589946494
491,1018,1509,0.13641049105376946
483,1019,1502,0.1363921288855898
482,1025,1507,0.13639478400845576
487,1020,1507,0.13640172894706423
481,1018,1499,0.1363968739095713
479,1023,1502,0.13640722658821358
485,1023,1508,0.13642254109915006
480,1034,1514,0.1364215117643977
484,1030,1514,0.13643077826194253
480,1026,1506,0.13643136696183114
487,1020,1507,0.1364419243056925
484,1024,1508,0.1364321073239892
481,1029,1510,0.1364315505972302
480,1042,1522,0.1364374818915432
480,1035,1515,0.1364461999265486
475,1029,1504,0.1364565879634834
471,1024,1495,0.13647514962785715
476,1022,1498,0.13650279727343417
471,1020,1491,0.13651603385377928
470,1017,1487,0.1365395794719784
475,1032,1507,0.13656312725250197
471,1041,1512,0.13657530921464572
482,1040,1522,0.13659585381901987
482,1037,1519,0.1365867500932966
474,1026,1500,0.1365781910541995
480,1015,1495,0.1365874632741799
480,1019,1499,0.13658371087097074
482,1020,1502,0.13657877346797062
487,1023,1510,0.13656815937650701
484,1038,1522,0.1365474478761978
489,1036,1525,0.13653586209154256
485,1038,1523,0.1365138989704392
478,1022,1500,0.13650150892462887
481,1024,1505,0.13650750149836402
484,1035,1519,0.13650403846572728
486,1037,1523,0.1364931937255089
486,1036,1522,0.13647616856106196
489,1035,1524,0.1364614053488982
487,1037,1524,0.1364430687833668
480,1023,1503,0.1364321508538626
479,1032,1511,0.13644041126340872
472,1029,1501,0.13645229161948028
471,1029,1500,0.13648066360404024
468,1036,1504,0.13650913155298475
470,1035,1505,0.13654564563013227
465,1041,1506,0.13657403285428393
466,1033,1499,0.1366126037034975
473,1033,1506,0.13664479351472875
461,1041,1502,0.13665792389378367
466,1040,1506,0.13669661887728574
466,1041,1507,0.13671826766540732
468,1047,1515,0.13673863683505022
468,1048,1516,0.1367496973785033
464,1037,1501,0.13676233973306584
466,1038,1504,0.1367853295580073
460,1035,1495,0.13680208256582438
466,1042,1508,0.13683144952333973
467,1038,1505,0.13684479196891616
465,1050,1515,0.13685440448581546
463,1040,1503,0.13686970486877864
463,1039,1502,0.1368899182113071
463,1044,1507,0.13690867964945405
461,1050,1511,0.13692530923954588
457,1049,1506,0.13694522783937754
465,1045,1510,0.13697340777541606
458,1047,1505,0.13698062920777487
460,1046,1506,0.137003665212728
455,1044,1499,0.13702178392058872
446,1039,1485,0.137049613614513
439,1042,1481,0.13709721246140355
442,1057,1499,0.1371567828746598
444,1061,1505,0.13720504861069815
444,1059,1503,0.1372449935252554
443,1049,1492,0.13728449170882304
438,1058,1496,0.13732340710888635
444,1061,1505,0.13737212547715205
444,1061,1505,0.1374039248702887
449,1074,1523,0.1374337791563271
452,1064,1516,0.13744979712206198
448,1066,1514,0.13745727384850162
449,1061,1510,0.13747311964648085
449,1065,1514,0.13748565276921343
446,1061,1507,0.13749583612257937
445,1060,1505,0.13751291453628647
445,1061,1506,0.1375315328264408
437,1070,1507,0.13754981003903027
430,1077,1507,0.13758502411646714
439,1070,1509,0.13763451236639612
439,1067,1506,0.13765819418902936
441,1068,1509,0.13768019847296117
444,1072,1516,0.13769750167302802
440,1065,1505,0.13770674027943886
440,1062,1502,0.13772356069322714
439,1059,1498,0.13773934284432174
445,1057,1502,0.13775201920658897
438,1058,1496,0.13774891474747183
435,1064,1499,0.13776368134828465
437,1075,1512,0.1377845130481092
436,1081,1517,0.13779825946861737
442,1076,1518,0.13781432578327674
441,1077,1518,0.13781555570307463
448,1080,1528,0.13782055878365657
442,1073,1515,0.13780963343027838
444,1063,1507,0.1378143528569871
448,1077,1525,0.13781020127511118
445,1075,1520,0.1377975332347666
443,1087,1530,0.13779418679209804
445,1091,1536,0.137795027793567
432,1080,1512,0.13779233040228805
433,1078,1511,0.137821157468227
426,1090,1516,0.1378460647477704
424,1087,1511,0.13788656883294684
426,1089,1515,0.13792877423553881
426,1084,1510,0.13796450669126295
428,1077,1505,0.13799931672567697
429,1071,1500,0.13803057282898423
424,1093,1517,0.13805528750849655
430,1086,1516,0.13809025992354762
422,1084,1506,0.13810775670644665
419,1089,1508,0.13814377613466686
418,1093,1511,0.1381849787311239
415,1101,1516,0.13822461362990257
421,1092,1513,0.1382703352037563
416,1101,1517,0.13830211993177222
417,1096,1513,0.13834144928997488
416,1092,1508,0.13837760144666642
409,1101,1510,0.13841287594841525
417,1101,1518,0.138462632943948
417,1102,1519,0.138488758106688
411,1097,1508,0.13851335563531844
409,1100,1509,0.13855144866895736
411,1101,1512,0.13859061857620422
409,1097,1506,0.13862175909922475
405,1092,1497,0.13865702628495405
401,1096,1497,0.1386979870821197
399,1101,1500,0.13874394232951404
399,1100,1499,0.13879052934150932
400,1101,1501,0.138834084018339
398,1105,1503,0.13887168204493178
405,1119,1524,0.13891039508744032
414,1095,1509,0.13892809924059757
407,1099,1506,0.1389258836349667
408,1104,1512,0.13894124054471008
408,1102,1510,0.13895128523139771
408,1103,1511,0.13896137553005264
410,1114,1524,0.1389708241100868
408,1116,1524,0.13897659197005993
403,1110,1513,0.13898534245295907
406,1114,1520,0.13900758347677505
403,1109,1512,0.13902241003395865
402,1102,1504,0.13904367609401844
402,1106,1508,0.13906858734017213
401,1110,1511,0.1390903755512657
400,1107,1507,0.13911366244789514
399,1101,1500,0.13913770976240097
400,1104,1504,0.13916377110185543
400,1104,1504,0.13918369203858608
397,1106,1503,0.1392003679008893
399,1113,1512,0.13922337420010472
399,1112,1511,0.13924170854710216
390,1119,1509,0.1392598497913649
384,1115,1499,0.13930124029588453
386,1121,1507,0.13935370979379388
388,1116,1504,0.13939628830864376
387,1126,1513,0.13942933233216123
391,1120,1511,0.13946256879450178
386,1128,1514,0.1394824058041961
381,1128,1509,0.13951407078626762
387,1140,1527,0.13955390752192906
383,1129,1512,0.13957832195380215
384,1125,1509,0.13961070806259707
377,1128,1505,0.13964099465775012
378,1142,1520,0.1396868964927779
373,1146,1519,0.1397294018492646
375,1141,1516,0.139780801617205
369,1144,1513,0.13982636263307235
364,1140,1504,0.13988331456276926
363,1141,1504,0.13994888147831497
363,1150,1513,0.1400135039527589
362,1159,1521,0.1400724700644414
369,1163,1532,0.1401296199179969
372,1149,1521,0.14016499506341926
372,1149,1521,0.14018964976368573
373,1146,1519,0.14021252183451113
372,1147,1519,0.1402339968376772
365,1138,1503,0.1402560200491868
369,1146,1515,0.14029400365781655
370,1138,1508,0.14031853837201527
358,1145,1503,0.14033745243540963
357,1155,1512,0.14038365618755705
360,1159,1519,0.14043042120874244
359,1154,1513,0.14046516257058922
364,1146,1510,0.14049976663707459
364,1140,1504,0.14052143350813417
358,1148,1506,0.14054139609067381
358,1156,1514,0.14057561658042247
356,1162,1518,0.14060966205840766
359,1163,1522,0.1406451167807884
360,1166,1526,0.14067229451719307
359,1148,1507,0.14069736319473727
356,1159,1515,0.14072145547379022
355,1161,1516,0.14075267230180044
358,1155,1513,0.1407849970993953
349,1156,1505,0.14080610698481005
355,1156,1511,0.1408467184047021
350,1168,1518,0.14087117278371997
351,1165,1516,0.14090575153634036
348,1152,1500,0.14093335436351848
349,1153,1502,0.14096701544674078
349,1157,1506,0.1409942815707623
343,1158,1501,0.14101963969173806
343,1158,1501,0.14105894054045898
348,1160,1508,0.1410937755305233
347,1172,1519,0.1411148629672822
349,1166,1515,0.14113810598622611
354,1172,1526,0.14115596056212165
354,1166,1520,0.14116094334553078
357,1163,1520,0.14116638155380537
354,1155,1509,0.1411632619080076
356,1162,1518,0.14116694101091576
352,1157,1509,0.14116252015711822
357,1167,1524,0.14116964157534534
355,1162,1517,0.14116341475595662
350,1175,1525,0.14116445179662485
352,1178,1530,0.14117791735769072
349,1175,1524,0.14118464450120863
349,1185,1534,0.1411989915202855
346,1178,1524,0.1412137114390511
347,1167,1514,0.14123539130471147
341,1168,1509,0.14125377071199427
338,1179,1517,0.1412836886272194
347,1174,1521,0.14131919889494587
346,1171,1517,0.14132762824416964
350,1179,1529,0.14133880780322955
350,1173,1523,0.1413411330377441
347,1170,1517,0.14134282092023187
343,1172,1515,0.14135171539798086
346,1167,1513,0.1413683156885962
346,1154,1500,0.14137653995220145
337,1162,1499,0.14138377709164188
341,1163,1504,0.1414100058080163
335,1156,1491,0.1414265864494957
336,1159,1495,0.14145691053990675
339,1164,1503,0.1414835302421279
343,1171,1514,0.14150094872966004
338,1169,1507,0.14150859889499237
332,1189,1521,0.141526558377852
341,1176,1517,0.1415575160778802
337,1170,1507,0.14156372176757503
333,1170,1503,0.1415806243274447
328,1176,1504,0.1416068316515412
334,1173,1507,0.1416431131502263
326,1182,1508,0.14166041890251083
327,1169,1496,0.14169425187828386
326,1169,1495,0.14172464583586647
321,1175,1496,0.14175388737991476
323,1185,1508,0.14179201353898935
326,1183,1509,0.14182451559636816
332,1185,1517,0.141848259043898
334,1180,1514,0.14185417661847033
335,1174,1509,0.1418536857562547
335,1172,1507,0.14185111472599946
331,1185,1516,0.14184768962506225
335,1175,1510,0.14185389183729363
325,1181,1506,0.14185172301139462
326,1188,1514,0.14187337527202154
329,1197,1526,0.14189077443449757
331,1189,1520,0.14190004564588082
325,1187,1512,0.14190332786766993
327,1176,1503,0.14192067675417952
321,1185,1506,0.14193393778903216
324,1190,1514,0.14196011861786972
326,1187,1513,0.14197961479274754
330,1192,1522,0.1419918778158595
324,1173,1497,0.14199065859201554
318,1181,1499,0.14200406220497241
322,1181,1503,0.14203104468089658
325,1177,1502,0.14204892408833175
330,1188,1518,0.14206145041924767
330,1181,1511,0.142060867169843
325,1195,1520,0.14206060249809224
322,1200,1522,0.14207362593242895
313,1193,1506,0.14209359894767826
317,1189,1506,0.14213283249439437
314,1195,1509,0.14216245311096973
318,1200,1518,0.14219761394601918
317,1196,1513,0.1422223243559898
314,1202,1516,0.14224699060618398
314,1210,1524,0.14227591471333184
317,1211,1528,0.14230126638335946
312,1207,1519,0.14231514109013382
313,1200,1513,0.14233965845824934
309,1202,1511,0.14236171559169616
309,1202,1511,0.14239113364421707
302,1215,1517,0.14241928553137742
298,1215,1513,0.14246326900291756
298,1218,1516,0.14251516515626414
299,1207,1506,0.14256501151765913
301,1204,1505,0.14260879580305885
300,1205,1505,0.14264354087922282
298,1207,1505,0.14268006475732295
295,1206,1501,0.1427194757516898
299,1211,1510,0.1427621628999716
296,1211,1507,0.14279275275741313
286,1213,1499,0.1428279399745219
295,1211,1506,0.1428851637699101
300,1217,1517,0.14291702253316535
308,1209,1517,0.14293407248791204
306,1194,1500,0.1429307456398995
301,1206,1507,0.1429320429024518
296,1202,1498,0.14294568814867992
297,1205,1502,0.14296948595312267
293,1217,1510,0.14298725369952806
298,1216,1514,0.14301327864003613
296,1208,1504,0.14302578183957124
298,1198,1496,0.14304151242359553
294,1216,1510,0.14305265735532585
301,1215,1516,0.14307265316061638
301,1216,1517,0.14307557738719345
298,1221,1519,0.14307901523661337
302,1214,1516,0.1430892085358945
303,1204,1507,0.14308948676717453
299,1218,1517,0.14308533490169048
298,1224,1522,0.14309006758726203
298,1234,1532,0.14309893232481968
303,1226,1529,0.1431069100151413
298,1231,1529,0.1431037177303068
293,1227,1520,0.1431125468827223
287,1221,1508,0.14313523547181625
289,1226,1515,0.14316940303653747
289,1225,1514,0.14319589554245005
293,1217,1510,0.143222774565962
290,1217,1507,0.14323792090080395
289,1222,1511,0.1432589022676497
293,1215,1508,0.1432781091350521
291,1212,1503,0.14328797368253077
288,1208,1496,0.14330145986697573
293,1217,1510,0.14331913814035424
290,1220,1510,0.14332240049632664
291,1215,1506,0.14333243561593068
284,1224,1508,0.14334067671965184
282,1225,1507,0.1433653564006515
285,1223,1508,0.14339298557443153
282,1220,1502,0.1434111401483058
285,1224,1509,0.14343499698929815
285,1230,1515,0.1434522755853074
283,1226,1509,0.1434692570916041
278,1225,1503,0.14349045639546604
279,1227,1506,0.1435210557500772
280,1221,1501,0.14354656188733952
285,1225,1510,0.1435675077268642
291,1222,1513,0.1435765373078605
289,1222,1511,0.14357029230708246
291,1226,1517,0.1435684519557441
284,1222,1506,0.1435614220870379
280,1226,1506,0.14357310495111092
275,1220,1495,0.14359150601830253
272,1225,1497,0.14362281085026438
264,1232,1496,0.1436596698690465
267,1238,1505,0.14371229263196222
273,1244,1517,0.1437536878514315
274,1228,1502,0.1437787825700715
274,1242,1516,0.14380104830970544
274,1248,1522,0.14382008369388152
273,1244,1517,0.1438377825268599
275,1241,1516,0.1438538603910213
276,1246,1522,0.1438647585647456
276,1250,1526,0.1438726078684447
275,1254,1529,0.14388168058711354
278,1253,1531,0.1438929013953672
273,1254,1527,0.1438980111205896
274,1243,1517,0.143912718579911
272,1247,1519,0.1439241232701196
269,1249,1518,0.14394019214978163
278,1235,1513,0.1439606639775579
277,1240,1517,0.1439577931709071
274,1238,1512,0.1439570578206994
274,1232,1506,0.14396319360303717
275,1249,1524,0.14397104638579397
273,1242,1515,0.1439762407824919
270,1237,1507,0.14398736082764085
270,1237,1507,0.1440057039095357
270,1235,1505,0.14402093046605252
266,1237,1503,0.14403493582082338
256,1245,1501,0.1440551418911012
260,1254,1514,0.14409798518542
263,1231,1494,0.14412728055348323
269,1234,1503,0.14414605999985564
266,1230,1496,0.14415074682408832
265,1231,1496,0.14416404909771963
263,1238,1501,0.1441782614226982
271,1239,1510,0.14419665378579402
265,1239,1504,0.14419512371157825
264,1251,1515,0.14420701342197836
262,1246,1508,0.14422055390933694
269,1241,1510,0.14423838169015946
272,1234,1506,0.144238523434377
271,1239,1510,0.14422993064649436
270,1236,1506,0.14422596216966455
268,1244,1512,0.14422328893411993
266,1238,1504,0.14422725654364177
266,1236,1502,0.1442341864625092
267,1242,1509,0.1442421328195573
264,1241,1505,0.14424870379508303
265,1236,1501,0.1442622330411284
264,1239,1503,0.1442742537375991
268,1258,1526,0.1442881905544871
264,1265,1529,0.14429030983072488
260,1257,1517,0.14429999501848795
262,1255,1517,0.14431712560253135
264,1250,1514,0.1443298174732306
261,1258,1519,0.14433850247492278
257,1261,1518,0.14435417263264141
254,1251,1505,0.1443777849293872
257,1262,1519,0.14440797358219218
256,1268,1524,0.1444270745757433
255,1270,1525,0.14444707973867962
258,1267,1525,0.14446717428525802
253,1269,1522,0.1444783387765438
247,1277,1524,0.14449867054011878
253,1263,1516,0.14453352877704384
257,1249,1506,0.14455019692818094
257,1244,1501,0.14455632276872238
252,1241,1493,0.14456345773561766
253,1245,1498,0.1445803016412952
249,1252,1501,0.1445956379328072
248,1253,1501,0.14461998129452944
248,1264,1512,0.14464547627254995
252,1267,1519,0.14466865753122343
256,1266,1522,0.14467978829939765
255,1264,1519,0.14468121205117973
251,1268,1519,0.14468657180477384
248,1259,1507,0.14469982138335793
241,1260,1501,0.14471853499386392
236,1251,1487,0.14475060281423258
236,1259,1495,0.14479147509339235
236,1269,1505,0.14482950706042402
239,1273,1512,0.14486612993490958
242,1269,1511,0.14489224108116946
247,1274,1521,0.14491138175246887
247,1263,1510,0.1449164718956026
245,1268,1513,0.14492163346885523
244,1265,1509,0.14493033653371776
242,1271,1513,0.14494222747336494
245,1273,1518,0.14495683094818157
243,1271,1514,0.14496284939353102
243,1273,1516,0.14497346514539003
249,1270,1519,0.14498424160575984
252,1273,1525,0.1449773571939551
250,1280,1530,0.1449644530963703
251,1262,1513,0.14495705972072617
251,1279,1530,0.14494840900867675
244,1268,1512,0.14494087407726083
242,1271,1513,0.14495027834551721
242,1270,1512,0.1449646860192475
241,1271,1512,0.14497605605056726
244,1273,1517,0.14498994323435263
245,1281,1526,0.14499771042531376
247,1276,1523,0.14500369652385392
251,1279,1530,0.1450020753819395
247,1277,1524,0.14498886757587706
242,1272,1514,0.14498661810139463
239,1264,1503,0.14499463271048973
234,1270,1504,0.14500949931554
239,1273,1512,0.14503688203518028
237,1267,1504,0.14505224322901494
237,1272,1509,0.14507059445019085
241,1263,1504,0.14508686472796237
244,1272,1516,0.14509304470142673
250,1286,1536,0.14509180656152368
245,1271,1516,0.14507793212815645
238,1270,1508,0.14507798498206673
234,1280,1514,0.1450962378805791
232,1280,1512,0.14512456558507192
228,1287,1515,0.14515692314918166
225,1288,1513,0.14519812178013403
226,1287,1513,0.1452422654900376
227,1276,1503,0.14528190884730743
224,1280,1504,0.14531628434168728
224,1280,1504,0.14535542657410752
227,1290,1517,0.14539113199241163
229,1281,1510,0.1454158158032614
225,1289,1514,0.14543270814695203
227,1283,1510,0.14545933202019348
231,1277,1508,0.1454780914220915
229,1277,1506,0.1454847195315075
226,1283,1509,0.14549689512497374
227,1286,1513,0.14551612822187077
222,1297,1519,0.14552950555142077
219,1290,1509,0.14555458435292098
224,1290,1514,0.14558367662702706
226,1288,1514,0.14559833777826015
223,1303,1526,0.14560731458707468
225,1294,1519,0.14562383190725292
227,1296,1523,0.145633133920542
227,1292,1519,0.14563933649622737
223,1297,1520,0.14564661353056285
219,1300,1519,0.14566270641326728
219,1306,1525,0.14568633968958303
217,1299,1516,0.1457101677823174
214,1308,1522,0.1457363397201463
213,1301,1514,0.14576974019840958
215,1288,1503,0.14580319849665557
213,1289,1502,0.14583017119489625
214,1302,1516,0.14585975938528908
208,1301,1509,0.14588612290567998
206,1310,1516,0.14592531536192785
204,1304,1508,0.14596760499954636
202,1308,1510,0.14601071887589367
193,1310,1503,0.1460553410174603
198,1320,1518,0.14611819085932445
200,1313,1513,0.14616630644352135
195,1316,1511,0.14620630965643217
193,1308,1501,0.14625532058374294
198,1306,1504,0.14630502153579283
192,1304,1496,0.1463408827769792
193,1306,1499,0.14638630571862637
196,1316,1512,0.14642405329121533
196,1318,1514,0.14645254322081347
197,1321,1518,0.14648087742973367
197,1310,1507,0.1465060774426734
198,1309,1507,0.14652901857166525
193,1308,1501,0.1465480005900385
195,1324,1519,0.14657842088954318
195,1320,1515,0.14660052798251869
194,1307,1501,0.14661990391114482
196,1298,1494,0.146638989818613
204,1311,1515,0.14665143182107376
200,1299,1499,0.14664161053597868
194,1296,1490,0.14664248115674414
195,1303,1498,0.14665736118946826
199,1308,1507,0.14666878509698844
198,1324,1522,0.14666892111058044
190,1335,1525,0.14667376377331645
190,1322,1512,0.14669878243024498
189,1321,1510,0.14672220882241727
186,1332,1518,0.1467469209618858
189,1331,1520,0.14677623637515644
188,1330,1518,0.1467975205876652
187,1329,1516,0.14681968553608435
188,1337,1525,0.1468444831493165
185,1334,1519,0.14686661087940675
185,1321,1506,0.14689470628061546
180,1321,1501,0.1469213664486067
178,1335,1513,0.14695825590429681
180,1343,1523,0.14699637804709542
178,1351,1529,0.14702574172938518
174,1358,1532,0.14705972769871484
176,1344,1520,0.14710160192317648
177,1330,1507,0.14713546758152576
178,1338,1516,0.14716384764083032
179,1344,1523,0.14718708266023806
179,1344,1523,0.14720591058085894
181,1341,1522,0.14722440402885753
180,1346,1526,0.14723562958824718
176,1354,1530,0.14724916177752084
176,1341,1517,0.14727073775533703
176,1355,1531,0.1472925819787469
176,1358,1534,0.1473137653502936
173,1353,1526,0.14733296021747144
173,1349,1522,0.14735936664178687
174,1347,1521,0.14738239695628214
170,1339,1509,0.14740180808257966
170,1356,1526,0.14743039620661944
166,1371,1537,0.14745594021144998
167,1353,1520,0.14749162505891927
170,1350,1520,0.1475224186105303
167,1340,1507,0.14754438541949993
165,1339,1504,0.1475712294258211
162,1340,1502,0.14759674971469047
162,1352,1514,0.14762913313082135
163,1360,1523,0.14765880397013764
165,1367,1532,0.14768440849109776
160,1354,1514,0.14770358609457138
161,1355,1516,0.14773446468555307
159,1343,1502,0.14776051241744564
155,1358,1513,0.14779050181909048
155,1351,1506,0.14782553493687675
154,1362,1516,0.147858520730961
148,1362,1510,0.14789293948334406
147,1369,1516,0.1479396655631181
145,1377,1522,0.1479857472575301
150,1367,1517,0.1480345199062247
147,1367,1514,0.14806847290474157
149,1374,1523,0.1481082555119242
149,1371,1520,0.14814087651465407
148,1368,1516,0.14817051052259855
156,1371,1527,0.14820093683808827
152,1369,1521,0.1482068668229406
152,1371,1523,0.1482219780288132
155,1372,1527,0.1482380896564282
152,1375,1527,0.1482456931358174
157,1370,1527,0.14825988523659003
154,1364,1518,0.14826039335495547
154,1362,1516,0.14826676962910237
148,1365,1513,0.148270795830619
151,1368,1519,0.14828875666493055
153,1383,1536,0.14829679527977935
153,1373,1526,0.1483004878356594
152,1363,1515,0.14830400575963218
152,1368,1520,0.14831071303420526
146,1359,1505,0.14831867610240215
149,1367,1516,0.1483408113549034
151,1366,1517,0.14835366176241574
150,1373,1523,0.1483596396630606
151,1382,1533,0.1483672256297122
146,1377,1523,0.14837330392930292
150,1367,1517,0.1483911350269803
151,1362,1513,0.14839938036356895
152,1364,1516,0.1484061198355421
158,1371,1529,0.14841059775149035
156,1370,1526,0.1483988767124936
155,1367,1522,0.14839318180734362
156,1363,1519,0.14839105509696512
153,1362,1515,0.14838781449955696
152,1375,1527,0.1483912192327337
152,1372,1524,0.14839810551176535
148,1368,1516,0.14840278310593924
141,1364,1505,0.14841759041364072
148,1370,1518,0.14844715783532308
150,1356,1506,0.1484585730380323
152,1357,1509,0.1484634964275806
150,1357,1507,0.14846398514322776
153,1364,1517,0.14846845271628503
150,1362,1512,0.14846669983779864
148,1372,1520,0.14847317484748926
147,1375,1522,0.14848556096264973
145,1378,1523,0.14849978524108828
150,1375,1525,0.14851788884718392
148,1356,1504,0.148520051334924
150,1361,1511,0.14852702351865824
149,1352,1501,0.1485281537862273
146,1354,1500,0.14852763249791015
145,1367,1512,0.14853461454558492
150,1362,1512,0.14854414097177876
151,1367,1518,0.148541697202125
152,1367,1519,0.14853722063568345
151,1358,1509,0.14853113100538756
152,1366,1518,0.1485287761912517
147,1362,1509,0.14852346620351967
146,1373,1519,0.14853048751634734
144,1372,1516,0.14853966931876833
145,1375,1520,0.1485543016161765
142,1359,1501,0.14856644136369823
138,1369,1507,0.14858240351380267
142,1370,1512,0.1486080075280094
143,1370,1513,0.1486229217367581
142,1360,1502,0.14863408625347088
141,1366,1507,0.14864804978551768
142,1365,1507,0.1486634082828745
143,1371,1514,0.1486742616464654
143,1359,1502,0.1486801719052254
145,1369,1514,0.14868704024398957
140,1377,1517,0.14868979101499033
141,1373,1514,0.14870548296946082
137,1382,1519,0.14871791323627265
137,1390,1527,0.1487393179161421
137,1393,1530,0.14875949005069705
133,1388,1521,0.14877837795737642
133,1379,1512,0.14880571633328527
133,1382,1515,0.14882983619966153
133,1376,1509,0.14885247812333702
131,1388,1519,0.14887502455514376
134,1386,1520,0.14890100406743986
130,1379,1509,0.1489188137382075
127,1377,1504,0.14894560567210205
126,1376,1502,0.14897827386799634
122,1394,1516,0.14901207652154447
121,1403,1524,0.1490534630788405
121,1404,1525,0.149094878751238
119,1394,1513,0.14913165876134088
112,1397,1509,0.149171239310754
114,1397,1511,0.14922435830876235
114,1395,1509,0.14926930631381327
114,1396,1510,0.14931103952153688
114,1392,1506,0.1493500346658278
113,1403,1516,0.1493852716900001
109,1398,1507,0.14942103913913385
110,1408,1518,0.1494651649840869
109,1406,1515,0.14950408669141502
111,1400,1511,0.14954317646969792
111,1407,1518,0.14957497202974956
112,1402,1514,0.1496046959903788
111,1409,1520,0.14962794549748926
111,1394,1505,0.14965111120113864
112,1394,1506,0.14967200776545228
110,1406,1516,0.14968977588581697
110,1419,1529,0.14971168183570605
110,1403,1513,0.14973228875519537
108,1411,1519,0.14975094649714607
104,1405,1509,0.14977374100327986
103,1409,1512,0.14980528620173347
102,1407,1509,0.14983655717427705
99,1401,1500,0.1498687085703464
100,1419,1519,0.1499051904365783
101,1421,1522,0.14993663763566212
103,1422,1525,0.1499638811893531
104,1422,1526,0.14998417374795583
103,1414,1517,0.1500000771175139
99,1414,1513,0.15001726773250565
100,1408,1508,0.1500429077138687
100,1390,1490,0.15006418718391226
96,1401,1497,0.1500848986234564
96,1405,1501,0.1501132697608353
99,1406,1505,0.15013737098195465
102,1410,1512,0.15015199682718228
101,1419,1520,0.15015854568053744
101,1418,1519,0.1501675190026165
100,1420,1520,0.15017498789782116
103,1414,1517,0.1501851342787691
104,1416,1520,0.15018662208900374
100,1420,1520,0.15018566835496766
98,1412,1510,0.1501940726237403
99,1418,1517,0.15020765507211897
98,1415,1513,0.150219404907877
97,1414,1511,0.15023305095127956
97,1427,1524,0.15024714809080528
94,1425,1519,0.15026145126481086
91,1424,1515,0.1502837993081958
84,1412,1496,0.1503124733987196
86,1421,1507,0.15035572388587556
82,1423,1505,0.15039079763514032
86,1425,1511,0.15043362441510832
90,1424,1514,0.1504634312300369
90,1429,1519,0.15047970649784115
89,1438,1527,0.15049568961757334
91,1437,1528,0.1505125461855118
91,1442,1533,0.15052302909429496
92,1437,1529,0.1505338294206886
92,1419,1511,0.150540918349293
93,1431,1524,0.15054800677580865
91,1423,1514,0.15055265840837156
95,1410,1505,0.15056234446454467
96,1410,1506,0.15056134104097685
98,1409,1507,0.15055739981108507
95,1417,1512,0.15054916568898305
98,1408,1506,0.1505493973922878
98,1410,1508,0.15054120406653243
99,1412,1511,0.15053214619377886
98,1401,1499,0.1505206892470986
98,1403,1501,0.1505119901024739
100,1406,1506,0.1505042012019081
99,1407,1506,0.15049213314215748
95,1409,1504,0.15048551568672267
97,1407,1504,0.15048829980785072
102,1408,1510,0.1504856696893644
98,1418,1516,0.1504707732537441
94,1412,1506,0.1504680444822536
93,1402,1495,0.15047458036473896
91,1416,1507,0.15048233454034338
91,1420,1511,0.15049577993773564
91,1421,1512,0.15050787749660516
90,1424,1514,0.15051817668155465
93,1436,1529,0.1505313537145436
94,1425,1519,0.1505353825252176
93,1416,1509,0.15053676379315523
93,1418,1511,0.15054042179963795
92,1418,1510,0.15054373176202143
94,1422,1516,0.1505484503845883
97,1416,1513,0.15054675939676915
94,1428,1522,0.15053817556050522
95,1422,1517,0.15053883586227573
95,1437,1532,0.15053699507793522
94,1426,1520,0.1505340661336566
96,1431,1527,0.15053540869356033
91,1437,1528,0.15053163915639559
88,1444,1532,0.15054137444790816
87,1440,1527,0.15055836437473455
86,1430,1516,0.15057674787635078
84,1435,1519,0.1505968279271976
85,1433,1518,0.1506210152617973
80,1426,1506,0.15064159343755815
80,1429,1509,0.15067074580256778
78,1440,1518,0.1506980955256492
77,1425,1502,0.15072895554291446
73,1427,1500,0.15075911507695136
71,1427,1498,0.15079680990886912
72,1428,1500,0.150836485156159
72,1430,1502,0.15087054791329366
71,1432,1503,0.15090220721038963
71,1444,1515,0.15093581656634114
68,1443,1511,0.1509666463124287
68,1440,1508,0.15100374404188857
68,1450,1518,0.15103745982064704
68,1439,1507,0.1510685855514281
71,1429,1500,0.15109863265979911
71,1440,1511,0.15111786249826545
69,1450,1519,0.15113708190892847
72,1455,1527,0.15116077092907265
72,1450,1522,0.151175482634971
70,1460,1530,0.15118928987132418
69,1442,1511,0.1512074399915159
68,1451,1519,0.15122760266746965
71,1457,1528,0.15124870914559546
70,1457,1527,0.15125997281868636
70,1457,1527,0.1512728275540055
66,1465,1531,0.1512852340832391
67,1456,1523,0.15130569004136615
66,1469,1535,0.15132367927109494
66,1450,1516,0.15134393602216442
68,1442,1510,0.1513620492633366
65,1448,1513,0.1513733736867549
66,1441,1507,0.15139149473583313
64,1432,1496,0.151406152457445
64,1430,1494,0.15142517453062485
63,1446,1509,0.15144281162734138
61,1441,1502,0.15146243167411322
60,1447,1507,0.15148593171273764
61,1448,1509,0.15151002567654484
60,1450,1510,0.1515279743841614
62,1444,1506,0.1515489364720565
62,1445,1507,0.15156373644158883
64,1446,1510,0.15157746909423656
64,1450,1514,0.1515840230570057
66,1455,1521,0.1515900721360018
64,1461,1525,0.15158973386237537
61,1461,1522,0.15159419648446154
63,1458,1521,0.1516062926870224
65,1450,1515,0.15161111789839224
65,1448,1513,0.15161107377540387
67,1460,1527,0.1516122659370595
67,1456,1523,0.1516096275488586
67,1461,1528,0.15160825256376886
67,1461,1528,0.15160715019630985
65,1464,1529,0.15160568422692383
67,1456,1523,0.1516096699506805
66,1465,1531,0.15160862226969604
65,1462,1527,0.1516108174050075
65,1449,1514,0.15161596919666803
66,1456,1522,0.15162158604875867
67,1452,1519,0.15162299281587763
66,1445,1511,0.15162277979548594
63,1444,1507,0.15162554950090099
65,1454,1519,0.1516354275803402
64,1455,1519,0.1516400249239628
63,1450,1513,0.15164717603669117
66,1445,1511,0.15165659880387566
69,1444,1513,0.15165634274131165
69,1448,1517,0.15164806675006293
69,1449,1518,0.15164015680171197
69,1440,1509,0.15163269400267151
68,1450,1518,0.15162546578930758
68,1452,1520,0.15162190786678417
65,1458,1523,0.15161758429192151
61,1465,1526,0.15161992813833208
63,1463,1526,0.15163180996186126
62,1462,1524,0.15163967080442145
61,1459,1520,0.15165061166595048
56,1456,1512,0.15166382893075686
56,1446,1502,0.15168810559833126
54,1449,1503,0.15171031039809496
54,1453,1507,0.15173494113899033
51,1456,1507,0.15175884270073867
53,1448,1501,0.15178761723409637
51,1462,1513,0.15180987193417358
51,1459,1510,0.1518361354989069
51,1461,1512,0.1518613168670132
51,1463,1514,0.1518843717858295
51,1441,1492,0.15190652861646217
49,1444,1493,0.15192779291786251
48,1442,1490,0.15195187072447713
48,1464,1512,0.1519766687510438
48,1458,1506,0.15200042780990888
47,1460,1507,0.15202201316877617
45,1467,1512,0.15204489927015602
47,1458,1505,0.15206972947807562
47,1459,1506,0.15208703266106693
47,1458,1505,0.1521039507048745
46,1464,1510,0.15211936787867647
43,1469,1512,0.15213666378223847
44,1470,1514,0.15216069209260655
42,1483,1525,0.1521814958339379
40,1486,1526,0.1522058246076128
40,1480,1520,0.15223336273398458
41,1483,1524,0.15225923966996682
40,1476,1516,0.15228066389829223
38,1474,1512,0.15230336653038484
38,1462,1500,0.15232866582806512
39,1475,1514,0.15235282752405305
38,1478,1516,0.152372783460735
38,1464,1502,0.15239441743594745
42,1466,1508,0.1524139929160451
42,1465,1507,0.15241979230234684
44,1468,1512,0.15242603933590426
43,1464,1507,0.1524270870336922
44,1470,1514,0.15242900245697452
42,1479,1521,0.15242921566086348
45,1479,1524,0.15243460128443673
41,1478,1519,0.15243166065449368
42,1468,1510,0.15243892406661477
41,1469,1510,0.15244429158184214
41,1471,1512,0.15245261014335715
39,1465,1504,0.15246101179531912
37,1471,1508,0.1524728439981327
36,1476,1512,0.1524876991586538
36,1461,1497,0.1525046898871472
36,1474,1510,0.1525211794432231
33,1469,1502,0.15253714629699935
32,1468,1500,0.15255931880936804
34,1486,1520,0.15258234852826985
34,1481,1515,0.15259876304626263
33,1466,1499,0.15261462772140175
32,1470,1502,0.15263116219148468
31,1465,1496,0.1526497015043954
29,1471,1500,0.15266952709019674
29,1486,1515,0.15269278666214198
25,1486,1511,0.1527149491013654
25,1492,1517,0.15274503312199067
22,1491,1513,0.1527735153172616
22,1494,1516,0.15280717501595623
22,1494,1516,0.15283894097115758
21,1494,1515,0.15286892204201602
21,1486,1507,0.15289942674871768
20,1485,1505,0.15292819173331204
20,1486,1506,0.15295744352499155
19,1480,1499,0.1529850106839504
18,1493,1511,0.15301318878551082
18,1486,1504,0.15304213646484188
18,1493,1511,0.15306936781668581
17,1515,1532,0.15309469153793528
17,1506,1523,0.15312068101954235
17,1502,1519,0.15314514978203175
17,1509,1526,0.15316713458240122
16,1503,1519,0.15318730173356188
15,1504,1519,0.15320917807243475
14,1498,1512,0.15323200425476383
13,1495,1508,0.1532557195909612
14,1507,1521,0.15328026461394942
13,1507,1520,0.15330014971078373
14,1502,1516,0.15332167758239978
14,1507,1521,0.15333878128324346
14,1503,1517,0.15335505654645373
13,1504,1517,0.15337053316951899
13,1499,1512,0.1533874237590151
12,1491,1503,0.15340344254019814
11,1495,1506,0.1534207831864035
12,1494,1506,0.15343983385278548
12,1514,1526,0.15345472222651424
12,1508,1520,0.15346885339089286
13,1500,1513,0.1534822588795816
14,1496,1510,0.15349183013554765
13,1491,1504,0.1534977713480241
14,1497,1511,0.1535061145390037
14,1502,1516,0.15351131635303514
14,1504,1518,0.15351647899194718
14,1513,1527,0.15352157803651892
14,1503,1517,0.15352659314089845
14,1513,1527,0.15353150753512324
13,1507,1520,0.1535363075819821
13,1508,1521,0.15354313883039516
13,1513,1526,0.15354970624364137
13,1496,1509,0.15355601121477883
12,1497,1509,0.15356205646666937
12,1498,1510,0.15357000938604648
11,1496,1507,0.1535774993754853
10,1505,1515,0.1535867927320366
10,1506,1516,0.15359774300981957
11,1507,1518,0.15360810900726085
11,1506,1517,0.15361565047288037
11,1505,1516,0.15362281237132566
13,1506,1519,0.15362961016458665
13,1503,1516,0.15363026330821955
13,1499,1512,0.15363107612098661
14,1503,1517,0.15363201958951989
13,1480,1493,0.15362989785229642
13,1499,1512,0.15363036781624825
13,1489,1502,0.15363102517565697
13,1485,1498,0.1536318375850453
13,1497,1510,0.15363277669624473
13,1499,1512,0.15363381771865528
13,1505,1518,0.15363493902528813
14,1519,1533,0.15363507302585308
12,1528,1540,0.15362990518145847
13,1521,1534,0.15363086780807808
13,1503,1516,0.15362898002337066
13,1503,1516,0.15362763826685624
14,1503,1517,0.15362676755931937
14,1501,1515,0.1536230407455707
14,1503,1517,0.15361996505369496
13,1507,1520,0.1536174599797113
14,1508,1522,0.1536176156903929
14,1507,1521,0.1536154256312112
11,1505,1516,0.15361369824479537
10,1507,1517,0.15361960300023356
10,1505,1515,0.15362778698858826
10,1515,1525,0.15363453577135264
10,1510,1520,0.15364100528201352
9,1501,1510,0.1536473101188057
9,1506,1515,0.15365583744528202
9,1514,1523,0.15366400999929852
9,1518,1527,0.15367183338361426
10,1517,1527,0.15367931441479807
10,1514,1524,0.15368321391059309
10,1528,1538,0.1536870907365216
11,1511,1522,0.15369092549925445
10,1501,1511,0.15369144193313466
10,1493,1503,0.15369434755598887
11,1494,1505,0.15369731536936906
11,1493,1504,0.15369704694732103
11,1510,1521,0.1536970964107871
11,1514,1525,0.1536974151745004
11,1502,1513,0.15369768097334124
9,1510,1519,0.15369818129659582
8,1504,1512,0.15370388012788624
7,1518,1525,0.15371175480758442
9,1517,1526,0.15372142185027582
9,1523,1532,0.15372534337375576
10,1524,1534,0.15372920146340185
10,1509,1519,0.15373039355671056
10,1504,1514,0.15373169677112278
11,1509,1520,0.15373308660924861
11,1517,1528,0.1537312699206607
11,1504,1515,0.15372980606798822
12,1502,1514,0.15372865022105076
12,1516,1528,0.15372450442574803
12,1528,1540,0.15372089520986815
12,1517,1529,0.15371684203971248
12,1516,1528,0.15371335552577534
13,1511,1524,0.15371037003979424
13,1506,1519,0.1537045726251296
13,1511,1524,0.15369946849436114
13,1496,1509,0.15369498243584906
13,1494,1507,0.15369104701350672
13,1494,1507,0.15368760178406043
13,1496,1509,0.15368459259188694
13,1506,1519,0.15368112681251164
13,1488,1501,0.15367813837781952
12,1501,1513,0.1536755725465451
12,1496,1508,0.15367554855286264
14,1494,1508,0.15367572300253088
14,1494,1508,0.15366963922320656
14,1489,1503,0.15366428995861608
14,1501,1515,0.15365959559913786
14,1496,1510,0.15365548472400062
14,1503,1517,0.15365189328268813
14,1505,1519,0.15364876385682433
15,1497,1512,0.15364604499470527
15,1499,1514,0.15364042035146955
15,1499,1514,0.1536354249570051
15,1505,1520,0.15363099311781012
15,1502,1517,0.15362706575368992
14,1501,1515,0.15362358974569154
14,1495,1509,0.15362267694488504
14,1494,1508,0.153621993451228
14,1492,1506,0.1536215086425139
14,1477,1491,0.1536211953561418
15,1492,1507,0.1536210295259152
15,1491,1506,0.15361773079686952
15,1479,1494,0.15361484421456814
15,1489,1504,0.15361232441572098
15,1494,1509,0.15361013074171267
15,1496,1511,0.1536082267660645
14,1501,1515,0.1536065798684863
14,1491,1505,0.15360732631006807
14,1482,1496,0.15360814306568538
13,1504,1517,0.15360804640891124
12,1498,1510,0.15361030468628617
12,1507,1519,0.15361556920843752
12,1518,1530,0.15362058900655465
11,1502,1513,0.15362537152572242
13,1504,1517,0.15363237194713522
13,1506,1519,0.15363322069943516
14,1512,1526,0.1536341816841379
14,1515,1529,0.15363196592289058
14,1518,1532,0.15363012558486677
14,1497,1511,0.1536286146909681
14,1507,1521,0.15362739228117406
14,1499,1513,0.1536264218960591
16,1497,1513,0.1536256711102864
15,1502,1517,0.15361895348152962
16,1496,1512,0.1536151103560084
16,1495,1511,0.15360954999367718
16,1501,1517,0.15360458560782103
15,1506,1521,0.15360015608966607
15,1503,1518,0.15359837007472876
15,1507,1522,0.1535968831440431
15,1514,1529,0.15359565868805916
15,1502,1517,0.15359466410245004
14,1507,1521,0.15359387037292496
13,1499,1512,0.1535954072107807
13,1493,1506,0.15359912579210833
13,1492,1505,0.15360272210937814
13,1500,1513,0.1536061934416346
12,1498,1510,0.15360953822139028
12,1503,1515,0.15361516088591537
10,1500,1510,0.15362048791252772
10,1488,1498,0.15362984147393646
9,1506,1515,0.15363866514709903
9,1505,1514,0.15364919871815372
8,1515,1523,0.15365911705007654
9,1511,1520,0.15367060481357434
8,1507,1515,0.15367919445508713
8,1511,1519,0.15368949950354416
8,1498,1506,0.15369919442882898
9,1505,1514,0.15370831462227785
9,1500,1509,0.15371361968129374
9,1498,1507,0.15371872086741412
9,1488,1497,0.15372361898446615
9,1489,1498,0.15372831591645053
9,1471,1480,0.15373281445209433
9,1487,1496,0.15373711813073193
8,1493,1501,0.15374123110718166
8,1514,1522,0.1537472983819172
7,1509,1516,0.15375305537466544
7,1512,1519,0.15376068798190734
7,1516,1523,0.15376711800493253
6,1509,1515,0.15377327729977291
6,1516,1522,0.15378166192135048
7,1511,1518,0.15378960385097437
6,1505,1511,0.15379385007116983
6,1511,1517,0.15380017403091362
7,1514,1521,0.15380625917518906
6,1513,1519,0.15380884181409069
6,1520,1526,0.1538136404571314
7,1516,1523,0.15381835150879072
7,1511,1518,0.15381969889548158
7,1509,1516,0.15382123729078587
7,1495,1502,0.15382292880863782
7,1489,1496,0.15382474039283356
8,1494,1502,0.15382664328060502
9,1510,1519,0.15382542416531175
9,1522,1531,0.15382126973276095
9,1521,1530,0.1538177129877205
9,1515,1524,0.153814684286904
8,1512,1520,0.1538121214338527
8,1522,1530,0.15381213570256067
8,1530,1538,0.15381237918483084
8,1524,1532,0.15381281565859212
7,1518,1525,0.1538134132606227
7,1528,1535,0.15381656204071492
6,1529,1535,0.15381964703684806
7,1530,1537,0.15382482405339462
7,1522,1529,0.15382653134452964
7,1525,1532,0.1538283355510165
7,1515,1522,0.15383021126771282
7,1518,1525,0.15383213652765249
7,1524,1531,0.15383409240946647
6,1518,1524,0.1538360626864484
6,1517,1523,0.1538407869867805
6,1519,1525,0.15384471191912194
7,1507,1514,0.15384849875606527
8,1510,1518,0.15384944836866532
9,1496,1505,0.15384720126408993
9,1502,1511,0.1538420565490187
9,1510,1519,0.153837537833887
9,1511,1520,0.1538335771082731
9,1503,1512,0.15383011336163804
8,1505,1513,0.15382709188363472
8,1509,1517,0.15382668497833885
8,1527,1535,0.15382648709091962
8,1527,1535,0.15382646783901693
8,1512,1520,0.1538266003817784
8,1518,1526,0.15382686104217752
8,1512,1520,0.15382722896784998
8,1507,1515,0.15382768582661574
8,1500,1508,0.15382821553323103
7,1503,1510,0.15382880400425308
7,1515,1522,0.15383163849914566
7,1507,1514,0.15383437297975489
6,1513,1519,0.15383700661429625
6,1527,1533,0.1538417712256857
7,1527,1534,0.1538462925429571
7,1522,1529,0.15384732863734685
8,1522,1530,0.1538484462016358
8,1506,1514,0.1538471557188129
7,1519,1526,0.1538460920790948
6,1509,1515,0.15384747957213182
5,1500,1505,0.15385107771361928
5,1508,1513,0.1538573012779784
6,1510,1516,0.15386303625810566
6,1508,1514,0.1538654431446264
6,1504,1510,0.15386782708846936
5,1516,1521,0.1538701775611032
5,1505,1510,0.15387476594438862
5,1504,1509,0.15387915439346211
4,1510,1514,0.15388334726661282
4,1505,1509,0.15388997783184252
4,1512,1516,0.15389621848536333
4,1521,1525,0.15390209155397014
4,1515,1519,0.15390761814665774
4,1508,1512,0.15391281821477956
4,1513,1517,0.15391771060991397
4,1522,1526,0.15392231313944305
4,1525,1529,0.15392664261986336
3,1510,1513,0.15393071492785837
3,1507,1510,0.15393669953207822
2,1505,1507,0.15394232577609135
2,1518,1520,0.15394977865915205
2,1529,1531,0.15395678341418587
2,1530,1532,0.15396336673378416
2,1531,1533,0.15396955374573817
2,1510,1512,0.15397536810225657
2,1504,1506,0.15398083206435112
2,1508,1510,0.15398596658162625
2,1521,1523,0.15399079136769864
2,1517,1519,0.15399532497146487
3,1526,1529,0.15399958484442655
3,1531,1534,0.1540003202429715
3,1518,1521,0.15400111875727426
3,1525,1528,0.15400196606103123
3,1519,1522,0.15400284971817688
3,1516,1519,0.1540037589689924
3,1514,1517,0.154004684538824
3,1514,1517,0.15400561846710395
3,1510,1513,0.1540065539545993
3,1513,1516,0.15400748522701938
3,1519,1522,0.154008407413301
3,1518,1521,0.15400931643706078
2,1516,1518,0.15401020891985284
2,1525,1527,0.1540135707835906
2,1505,1507,0.1540167290867923
2,1507,1509,0.15401969609910673
2,1508,1510,0.15402248335616603
2,1504,1506,0.15402510170294872
2,1505,1507,0.154027561334636
2,1521,1523,0.15402987183510017
2,1519,1521,0.15403204221315736
2,1521,1523,0.15403408093671064
2,1523,1525,0.1540359959649014
2,1515,1517,0.1540377947783821
2,1514,1516,0.15403948440781734
2,1518,1520,0.154041071460713
2,1514,1516,0.1540425621466695
2,1515,1517,0.15404396230114992
2,1509,1511,0.15404527740784682
2,1512,1514,0.1540465126197298
2,1509,1511,0.1540476727788491
2,1511,1513,0.15404876243496762
2,1514,1516,0.15404978586308896
2,1497,1499,0.1540507470799458
2,1497,1499,0.15405164985950923
2,1499,1501,0.15405249774757582
2,1508,1510,0.1540532940754869
2,1524,1526,0.1540540419730301
2,1512,1514,0.15405474438057196
2,1509,1511,0.15405540406046586
2,1506,1508,0.15405602360777926
2,1503,1505,0.15405660546037833
2,1506,1508,0.15405715190841024
3,1512,1515,0.154057665103217
3,1495,1498,0.15405488123885663
3,1499,1502,0.15405237274933253
3,1495,1498,0.1540501126042802
3,1503,1506,0.1540480764141949
3,1513,1516,0.15404624217315988
2,1517,1519,0.15404459002659338
2,1522,1524,0.15404526802762813
2,1505,1507,0.15404596296703613
2,1506,1508,0.1540466681654254
2,1518,1520,0.15404737789789658
2,1518,1520,0.154048087282804
2,1519,1521,0.15404879218244008
2,1521,1523,0.15404948911441912
2,1517,1519,0.15405017517265665
3,1515,1518,0.1540508479569539
3,1518,1521,0.15404824724104063
3,1510,1513,0.1540459340305681
3,1492,1495,0.15404387834345484
3,1501,1504,0.15404205322785014
2,1512,1514,0.15404043446134644
2,1511,1513,0.15404116475588492
2,1519,1521,0.1540419288233591
2,1515,1517,0.15404271698199634
2,1509,1511,0.15404352088133647
2,1525,1527,0.1540443333490952
2,1545,1547,0.1540451482543497
2,1533,1535,0.15404596038537194
2,1533,1535,0.15404676534060652
2,1522,1524,0.1540475594314379
2,1525,1527,0.1540483395955297
2,1530,1532,0.15404910331964075
2,1529,1531,0.15404984857093357
2,1519,1521,0.15405057373588957
2,1518,1520,0.15405127756603604
2,1524,1526,0.15405195912976935
2,1526,1528,0.1540526177696329
3,1516,1519,0.15405325306447237
3,1526,1529,0.15405059789495215
3,1517,1520,0.15404822414569277
2,1509,1511,0.15404610305286995
2,1501,1503,0.15404639283322966
2,1507,1509,0.1540467521030625
2,1513,1515,0.1540471681661644
2,1503,1505,0.15404762992123186
2,1519,1521,0.15404812768499732
2,1514,1516,0.15404865303387005
2,1514,1516,0.15404919866220618
2,1525,1527,0.1540497582555171
2,1523,1525,0.1540503263770954
1,1510,1511,0.15405089836668825
1,1505,1506,0.15405392711077615
1,1505,1506,0.15405677534668527
1,1501,1502,0.1540594536755978
1,1493,1494,0.15406197209180822
2,1499,1501,0.1540643400158702
2,1511,1513,0.1540632922462956
2,1513,1515,0.15406241736774862
2,1513,1515,0.15406169442792478
2,1511,1513,0.15406110474635576
2,1522,1524,0.15406063168092352
3,1498,1501,0.1540591557485724
3,1508,1511,0.1540546666047078
3,1508,1511,0.15405071403175882
3,1516,1519,0.15404724020385532
3,1522,1525,0.15404419322045723
3,1513,1516,0.15404152651570727
3,1533,1536,0.15403919832572488
3,1520,1523,0.15403717120821342
3,1517,1520,0.15403541160929246
3,1520,1523,0.15403388947296295
3,1512,1515,0.15403257788905333
3,1510,1513,0.1540314527758985
3,1518,1521,0.15403049259436483
3,1514,1517,0.15402967809016352
3,1503,1506,0.1540289920616889
3,1500,1503,0.1540284191508884
3,1514,1517,0.15402794565490993
3,1526,1529,0.15402755935649354
3,1523,1526,0.1540272493712697
3,1519,1522,0.15402700601030614
3,1509,1512,0.15402682065640552
3,1520,1523,0.15402668565280217
3,1511,1514,0.1540265942030379
3,1510,1513,0.154026540280915
3,1508,1511,0.15402651854953237
3,1516,1519,0.1540265242885076
3,1506,1509,0.1540265533285751
2,1511,1513,0.1540266019928299
1,1520,1521,0.15402889952999904
2,1510,1512,0.15403327420440874
2,1510,1512,0.15403502633913438
2,1512,1514,0.15403669490130956
2,1516,1518,0.15403828270833786
1,1519,1520,0.1540397926279704
1,1520,1521,0.15404339364865705
2,1519,1521,0.15404678941369884
2,1515,1517,0.154047690659391
2,1511,1513,0.15404856249158502
2,1513,1515,0.154049404230551
3,1507,1510,0.15405021547685926
3,1520,1523,0.15404772745933962
3,1521,1524,0.15404551434691993
3,1521,1524,0.15404354757713803
3,1516,1519,0.15404180145838678
3,1521,1524,0.154040252886857
3,1523,1526,0.15403888109106612
3,1526,1529,0.1540376674013035
3,1539,1542,0.15403659504157982
3,1526,1529,0.154035648941902
2,1518,1520,0.1540348155689032
2,1522,1524,0.15403663931269937
2,1522,1524,0.1540383587359353
2,1530,1532,0.15403997952950996
2,1529,1531,0.1540415071022852
2,1516,1518,0.1540429465920013
2,1510,1512,0.15404430287613288
2,1520,1522,0.15404558058263124
2,1510,1512,0.15404678410050632
2,1501,1503,0.15404791759021094
2,1512,1514,0.15404898499379624
2,1507,1509,0.15404999004481273
2,1514,1516,0.1540509362779377
2,1521,1523,0.15405182703831408
2,1518,1520,0.1540526654905888
1,1514,1515,0.15405345462764364
1,1508,1509,0.15405636684323093
1,1507,1508,0.15405910346375534
1,1500,1501,0.15406167501358553
1,1512,1513,0.154064091392529
1,1516,1517,0.15406636191228393
1,1511,1512,0.15406849533082428
1,1508,1509,0.15407049988482924
1,1521,1522,0.1540723833202625
1,1521,1522,0.15407415292120236
1,1523,1524,0.1540758155370181
1,1534,1535,0.1540773776079831
1,1521,1522,0.15407884518941178
1,1512,1513,0.15408022397440158
1,1520,1521,0.15408151931525788
1,1519,1520,0.1540827362436756
1,1531,1532,0.15408387948974706
1,1528,1529,0.15408495349986245
1,1531,1532,0.15408596245356523
1,1538,1539,0.1540869102794221
1,1524,1525,0.1540878006699631
1,1520,1521,0.1540886370957456
1,1517,1518,0.15408942281859153
1,1512,1513,0.15409016090404573
1,1511,1512,0.15409085423310034
1,1517,1518,0.15409150551322717
1,1517,1518,0.15409211728875824
1,1510,1511,0.15409269195065245
0,1504,1504,0.15409323174568343
