1389,25,1414,0.13579591951392872
1419,26,1445,0.13288755758620302
1433,26,1459,0.130161189759929
1458,26,1484,0.12764396396407865
1457,24,1481,0.1252852845487173
1458,22,1480,0.12314338043471469
1453,23,1476,0.12119279189716078
1457,23,1480,0.1194341097540349
1466,24,1490,0.11782504569085347
1475,24,1499,0.11633762370596297
1482,23,1505,0.114962386535088
1489,22,1511,0.11369619899186284
1472,24,1496,0.11252581858914901
1467,24,1491,0.11150413485270509
1453,22,1475,0.11059076030656023
1452,24,1476,0.10979472649238797
1458,24,1482,0.10907194802578292
1479,24,1503,0.10839988601783311
1478,24,1502,0.10773679383621293
1487,25,1512,0.10713678127982643
1483,26,1509,0.10657060719338794
1476,26,1502,0.10606527349889648
1480,26,1506,0.10562349002494784
1480,27,1507,0.1052115088837483
1471,25,1496,0.1048389329372484
1479,27,1506,0.10452198074733936
1482,28,1510,0.10421572800746276
1471,27,1498,0.10393210489038734
1475,26,1501,0.10369850601646839
1482,25,1507,0.10347705523749715
1480,25,1505,0.1032592937463969
1479,23,1502,0.10306646557120694
1478,24,1502,0.1028932281657478
1486,22,1508,0.10273718153285608
1474,21,1495,0.10257772475243992
1464,23,1487,0.10245998845383415
1465,25,1490,0.10237434820264464
1464,23,1487,0.10229148532948541
1463,21,1484,0.1022189412249524
1481,23,1504,0.10215303295286833
1485,22,1507,0.10205626384954225
1485,21,1506,0.10195855521510383
1488,21,1509,0.1018682102992161
1470,21,1491,0.10178154066744056
1471,18,1489,0.10174345438719407
1465,19,1484,0.1017052816359593
1462,21,1483,0.10168409746948416
1458,22,1480,0.10167337884276155
1476,22,1498,0.10167170863719643
1469,23,1492,0.1016304502736456
1465,25,1490,0.1016102294668101
1473,23,1496,0.10159851073818978
1469,24,1493,0.10157221757234879
1467,25,1492,0.10155672477038338
1466,25,1491,0.10154796984456757
1466,25,1491,0.10154241732803124
1455,25,1480,0.10153661524728257
1462,25,1487,0.10155802321448734
1448,26,1474,0.10156386790983517
1447,27,1474,0.10160049365735223
1443,28,1471,0.10163610255661912
1454,28,1482,0.10167608382872743
1459,28,1487,0.10168735110904717
1459,28,1487,0.1016861392580358
1450,26,1476,0.10168547396292742
1452,28,1480,0.1017056012460818
1451,26,1477,0.10171836970665205
1461,26,1487,0.10173209099232416
1466,26,1492,0.10172156294906003
1462,26,1488,0.10170135505398176
1475,25,1500,0.1016927717775797
1468,26,1494,0.10165726573999961
1468,25,1493,0.10163990553303609
1470,25,1495,0.10162266442662883
1475,26,1501,0.10160303695971046
1470,23,1493,0.10157438951998334
1478,21,1499,0.10155721597786227
1464,22,1486,0.10152312726000233
1469,23,1492,0.10152301614009175
1476,24,1500,0.10151417817756567
1455,26,1481,0.10148834842407752
1466,26,1492,0.10151188485370302
1467,27,1494,0.10151085530616807
1471,26,1497,0.1015097038027838
1466,26,1492,0.1014987390325929
1478,24,1502,0.10150112754767876
1464,24,1488,0.10147579252322687
1465,24,1489,0.1014840248119377
1448,24,1472,0.10148588546902527
1448,25,1473,0.10152828019295274
1457,26,1483,0.10156606217190188
1452,29,1481,0.10158070238649283
1455,29,1484,0.10160562724612722
1453,28,1481,0.10162432902972103
1447,27,1474,0.10164542462776172
1466,25,1491,0.10167807941772562
1468,26,1494,0.10166459571148521
1468,26,1494,0.10164813653678369
1467,27,1494,0.10163026346638634
1468,26,1494,0.10161747414571774
1465,27,1492,0.1016050628288696
1472,25,1497,0.10159986476980429
1460,24,1484,0.10158082714386703
1465,25,1490,0.10158773146042466
1463,24,1487,0.10158469663719391
1459,24,1483,0.10158549075139732
1460,23,1483,0.10159406562990135
1462,21,1483,0.10159827482592977
1463,22,1485,0.10159849814693978
1450,23,1473,0.1015969936043189
1454,23,1477,0.10162392092459516
1457,24,1481,0.10163866463253711
1457,24,1481,0.10164641015182614
1454,26,1480,0.1016520682279038
1463,26,1489,0.10166632593135327
1454,26,1480,0.10165857210602805
1461,26,1487,0.10167213836381606
1453,28,1481,0.10167085638093325
1472,30,1502,0.10168856100082417
1463,30,1493,0.10166082534392312
1461,29,1490,0.10165331592256063
1470,30,1500,0.10165099633189065
1461,31,1492,0.1016304068510414
1463,32,1495,0.10163242820925894
1464,33,1497,0.10163072940066914
1459,31,1490,0.10162927133197215
1457,30,1487,0.10163762766465054
1436,30,1466,0.10164931698276615
1453,29,1482,0.10170712262897647
1457,28,1485,0.1017222954627837
1462,30,1492,0.10172677358320495
1454,32,1486,0.10172009067803883
1462,32,1494,0.10173097466595182
1456,32,1488,0.10172344243274146
1442,32,1474,0.10173027271600706
1458,34,1492,0.10176663902921618
1456,33,1489,0.10176657107802407
1461,32,1493,0.1017703435380076
1458,32,1490,0.10176279108679837
1453,33,1486,0.10176034501057726
1459,31,1490,0.10177273344513793
1458,33,1491,0.10176918623587401
1455,35,1490,0.10176559349281465
1461,36,1497,0.10176943291162814
1454,34,1488,0.10176080891585587
1459,36,1495,0.10177049036970613
1472,36,1508,0.10176573307826382
1474,36,1510,0.10173131458785434
1452,38,1490,0.10169546245114201
1450,42,1492,0.10171161595420827
1445,42,1487,0.10173225642722251
1439,44,1483,0.10176355891267143
1454,45,1499,0.10180695541570473
1454,43,1497,0.10181520986553061
1452,41,1493,0.1018230198519553
1456,43,1499,0.10183441193177786
1455,44,1499,0.10183841092038254
1458,46,1504,0.10184400405582013
1468,45,1513,0.10184096215534368
1460,45,1505,0.10181698812116956
1468,44,1512,0.10181284549673776
1464,43,1507,0.10179191722136931
1449,43,1492,0.1017823611124971
1445,43,1488,0.1018063528831506
1442,43,1485,0.10183736298872251
1449,45,1494,0.1018720721851956
1431,46,1477,0.1018895478899748
1447,46,1493,0.10194598094516547
1444,44,1488,0.10196494136263762
1440,45,1485,0.10199000608950186
1449,43,1492,0.10202038543980738
1426,40,1466,0.10202716638011253
1434,40,1474,0.10208355666915138
1430,39,1469,0.1021156641051994
1436,38,1474,0.10215496651576617
1449,39,1488,0.10217627260376211
1453,40,1493,0.10216417568825129
1453,36,1489,0.10214430130056368
1458,36,1494,0.10212480153962705
1457,36,1493,0.10209781302508616
1456,37,1493,0.10207557268926223
1439,35,1474,0.10205661981196851
1446,33,1479,0.10207892555697129
1454,36,1490,0.10208456686356904
1466,37,1503,0.1020693309226873
1459,37,1496,0.10202663713006022
1450,37,1487,0.10200087706702435
1452,39,1491,0.10199888419760693
1466,41,1507,0.10199378791592686
1451,42,1493,0.10195777714749246
1458,42,1500,0.10196070777937086
1446,42,1488,0.10194820385775075
1449,44,1493,0.10196483718740762
1459,45,1504,0.10197381060717166
1455,45,1500,0.10195915672308083
1459,48,1507,0.10195656057147735
1463,49,1512,0.1019463799739394
1459,48,1507,0.10192693072108777
1452,49,1501,0.10191807460312134
1448,49,1497,0.1019267647476666
1444,48,1492,0.10194572018957498
1446,51,1497,0.10197358254521845
1440,52,1492,0.10199482761401332
1442,49,1491,0.10202844490934204
1443,48,1491,0.10205418815567682
1443,47,1490,0.10207505759086416
1444,48,1492,0.10209126475613221
1443,45,1488,0.1021049044910184
1443,46,1489,0.10211961592039065
1442,45,1487,0.10213231099431667
1439,50,1489,0.10214717672946065
1435,53,1488,0.1021684522736404
1433,53,1486,0.1021963388127531
1428,54,1482,0.10222751423982127
1435,52,1487,0.1022678148302558
1443,51,1494,0.10228977204046297
1437,50,1487,0.10229212739594534
1437,53,1490,0.1023062709366787
1441,55,1496,0.10232035501261307
1431,56,1487,0.1023245322118512
1429,55,1484,0.10235315178125899
1428,54,1482,0.10238403313758226
1429,58,1487,0.10241400120689152
1435,55,1490,0.10243867286689946
1428,56,1484,0.10244868411067483
1442,59,1501,0.1024725843852103
1435,59,1494,0.10246388150300342
1440,57,1497,0.10247023631242437
1440,58,1498,0.10246706885257822
1440,59,1499,0.10246554710864805
1436,56,1492,0.10246400751338075
1434,55,1489,0.10247297867521013
1434,58,1492,0.10248474091527038
1430,58,1488,0.10249384168082729
1427,57,1484,0.10251037680415562
1434,58,1492,0.10253117507431543
1430,58,1488,0.10253585207668336
1443,54,1497,0.10255020308783905
1441,55,1496,0.10253359332391199
1432,54,1486,0.10252066006924634
1420,52,1472,0.10252998132865568
1434,51,1485,0.10256432532867749
1423,49,1472,0.10256319719892898
1437,49,1486,0.10258618333882322
1430,51,1481,0.10257360993194815
1415,52,1467,0.1025772043348177
1425,55,1480,0.10261550477863406
1434,54,1488,0.10263146782202735
1438,53,1491,0.1026260568001074
1432,56,1488,0.10261288459216854
1432,56,1488,0.10261527323348289
1424,55,1479,0.1026184360583937
1434,58,1492,0.1026390829628652
1435,57,1492,0.10263680028118564
1433,59,1492,0.10262970121595913
1434,56,1490,0.10263028886256936
1431,56,1487,0.10262735406279486
1439,56,1495,0.10263140676401228
1445,60,1505,0.10261528343390987
1436,60,1496,0.10258769513477387
1429,59,1488,0.10258351978591591
1433,57,1490,0.1025954579423934
1442,55,1497,0.10259639974617339
1432,53,1485,0.10257752555250292
1435,55,1490,0.10257959612506155
1433,55,1488,0.10257705066973098
1435,57,1492,0.10258114073942495
1436,60,1496,0.1025796634936426
1427,59,1486,0.10257497294118252
1428,61,1489,0.10259050711063121
1434,64,1498,0.10260338314237498
1420,64,1484,0.10260245016514517
1434,63,1497,0.10263490807249585
1430,64,1494,0.102632865065811
1430,66,1496,0.10264283437009322
1425,66,1491,0.10265230684497378
1424,66,1490,0.10267195126926346
1422,66,1488,0.1026930536459442
1428,66,1494,0.10271919814517817
1435,70,1505,0.10272778991725946
1425,68,1493,0.10271906092890597
1419,70,1489,0.10273124853706822
1429,67,1496,0.10275736165610767
1432,69,1501,0.10275751355853069
1429,68,1497,0.1027509186119501
1435,68,1503,0.10275223745395276
1431,68,1499,0.102740008746369
1428,65,1493,0.1027372299425776
1413,68,1481,0.10274468474847204
1411,72,1483,0.10278450304546016
1427,72,1499,0.10282753185414101
1434,73,1507,0.10283297068337603
1429,74,1503,0.10282187735571693
1423,73,1496,0.102820996685342
1436,74,1510,0.10283378523249255
1435,74,1509,0.10281638734888894
1430,74,1504,0.10280473159438941
1431,71,1502,0.10280358545229668
1431,73,1504,0.10280124648356732
1432,80,1512,0.10279635849701738
1427,80,1507,0.10279108690215218
1426,78,1504,0.10279898489810042
1413,75,1488,0.10280799016758216
1403,77,1480,0.10284449499763099
1414,77,1491,0.10290281680354245
1420,79,1499,0.10293382301051647
1425,83,1508,0.10294931760843959
1419,84,1503,0.1029519489537526
1423,83,1506,0.1029677594668832
1430,83,1513,0.10297487030803926
1421,87,1508,0.10296643163898583
1406,87,1493,0.10297923175850199
1416,88,1504,0.10302363010715267
1403,88,1491,0.10304394429304305
1403,89,1492,0.10309083571757748
1420,90,1510,0.10313606375643108
1405,89,1494,0.10313961040867804
1414,88,1502,0.10318025426290049
1408,88,1496,0.10319507961252761
1408,89,1497,0.1032215303045465
1409,89,1498,0.10324257283282412
1406,88,1494,0.1032618576255861
1411,87,1498,0.10328499795117746
1402,82,1484,0.10329547881557762
1408,82,1490,0.1033243864991266
1411,82,1493,0.10333794508872732
1414,82,1496,0.10334337124242353
1412,84,1496,0.10334248687886417
1411,84,1495,0.10334574101016175
1410,84,1494,0.10335069926454982
1403,87,1490,0.1033570713025159
1413,91,1504,0.10337642910892048
1414,90,1504,0.10337322859993676
1407,90,1497,0.1033667350123823
1407,92,1499,0.10337804314274139
1403,92,1495,0.10339103658151684
1390,97,1487,0.10341391197698384
1384,96,1480,0.10346288384330826
1389,95,1484,0.10352308661005406
1382,94,1476,0.10356838198724315
1380,93,1473,0.1036244565094438
1395,96,1491,0.10367961943868022
1398,99,1497,0.10369588989490258
1393,100,1493,0.10370489372177011
1390,97,1487,0.10372411153362299
1393,98,1491,0.10375139528609037
1390,102,1492,0.10376750818573324
1396,100,1496,0.10378846747211128
1407,99,1506,0.10379544163004141
1398,101,1499,0.10377766117789422
1392,100,1492,0.10378467961572882
1393,97,1490,0.10380490896074988
1378,99,1477,0.1038210958059529
1393,99,1492,0.10386818306251276
1390,96,1486,0.10387563306347697
1391,97,1488,0.1038888481162012
1389,94,1483,0.10390075112703044
1388,96,1484,0.1039153855645992
1395,95,1490,0.10392796736535354
1416,96,1512,0.10392662927874237
1413,97,1510,0.10387615710134825
1409,98,1507,0.10383740506540348
1398,97,1495,0.10381133037268926
1381,98,1479,0.10381348945250622
1385,102,1487,0.10385547366293746
1380,102,1482,0.10388540023652175
1377,103,1480,0.10392467779508884
1388,102,1490,0.1039672343092803
1388,101,1489,0.10397951019122957
1388,100,1488,0.1039912153250535
1390,102,1492,0.10400312397720814
1382,104,1486,0.10400992163392216
1384,104,1488,0.10403325170848046
1386,103,1489,0.10405031833746431
1383,105,1488,0.10406041935353563
1388,105,1493,0.10407946021119628
1392,102,1494,0.10408508006722833
1383,103,1486,0.10408271111149561
1376,106,1482,0.10410105603415636
1383,104,1487,0.10413278236220372
1382,106,1488,0.10414539050506473
1376,104,1480,0.10416065626801671
1372,102,1474,0.10418843875928621
1375,102,1477,0.10422329898301744
1374,106,1480,0.1042458341744706
1380,101,1481,0.10426970514913958
1376,103,1479,0.10427872251192115
1388,102,1490,0.10429645129437565
1396,104,1500,0.10428572222847014
1393,104,1497,0.10425409900291996
1406,105,1511,0.10423460939049825
1406,107,1513,0.10418588331513465
1406,106,1512,0.10414153388459735
1387,108,1495,0.10409920026284254
1399,107,1506,0.10410251801660345
1376,103,1479,0.10407958668098988
1386,104,1490,0.10411202998912202
1380,110,1490,0.10411917180850053
1382,114,1496,0.10414366602994946
1384,112,1496,0.10416071908163746
1377,111,1488,0.1041716694340321
1390,110,1500,0.1041982589524476
1390,110,1500,0.10419199151249198
1399,106,1505,0.10418715457248777
1409,105,1514,0.10416219975889725
1405,108,1513,0.1041138477815661
1386,108,1494,0.10408070901159157
1387,113,1500,0.10409151008756598
1375,119,1494,0.10410078960241348
1374,120,1494,0.1041394447019048
1368,115,1483,0.10417836771149001
1354,117,1471,0.10422766481023864
1372,119,1491,0.10430272814677893
1369,122,1491,0.10433277435584824
1371,124,1495,0.10436869694061998
1361,124,1485,0.10439673911260737
1372,127,1499,0.10444368494094915
1383,127,1510,0.10446610566991689
1378,129,1507,0.10446253673540594
1381,128,1509,0.10446853859179708
1378,124,1502,0.10446864507246356
1375,126,1501,0.10447620232000596
1371,128,1499,0.10449013418504297
1366,125,1491,0.10451457284415167
1362,125,1487,0.10454497897987754
1366,126,1492,0.10458270287970382
1376,130,1506,0.10460765241091602
1379,128,1507,0.10460911648735202
1374,127,1501,0.10460292132411769
1366,129,1495,0.10460872683410984
1357,131,1488,0.1046335330938029
1361,133,1494,0.10467715843021651
1347,129,1476,0.10471016390676297
1357,128,1485,0.10477301646895945
1352,131,1483,0.10480595481770572
1352,133,1485,0.10484487209575923
1342,136,1478,0.10488172391539419
1344,137,1481,0.10493938266154135
1359,134,1493,0.10498981028855801
1353,139,1492,0.10500164970718007
1352,141,1493,0.10502705646476987
1352,142,1494,0.10505594407655872
1345,137,1482,0.10508188102871908
1348,138,1486,0.10512090138953789
1354,138,1492,0.10515146978381709
1353,140,1493,0.10516608024790725
1356,139,1495,0.10518107328672571
1365,138,1503,0.10518891392543955
1365,139,1504,0.10517514814443041
1361,140,1501,0.1051647061389506
1368,144,1512,0.10516661934626455
1373,145,1518,0.10515223397963162
1356,142,1498,0.10512756898604778
1351,139,1490,0.1051427578794101
1354,139,1493,0.10516705026554879
1364,138,1502,0.10518303822636264
1359,138,1497,0.1051741469222323
1368,137,1505,0.10517818016240266
1367,142,1509,0.1051610273256772
1353,143,1496,0.10514928451589373
1349,145,1494,0.10516885543092667
1352,147,1499,0.10519682907044238
1351,148,1499,0.10521558705257057
1342,151,1493,0.10523626289333243
1343,152,1495,0.10527581249935235
1337,151,1488,0.10531111749894699
1331,153,1484,0.10535852698588359
1334,149,1483,0.10541649930447079
1345,151,1496,0.10546332311366928
1342,154,1496,0.10547936007341253
1341,157,1498,0.10550168698997787
1339,159,1498,0.10552597584951462
1335,159,1494,0.1055537459203136
1329,156,1485,0.10558807755895705
1316,158,1474,0.1056320366166503
1313,163,1476,0.10570356819826682
1323,170,1493,0.10577535293350294
1315,170,1485,0.10582050486380394
1320,170,1490,0.1058826773903829
1322,169,1491,0.10592919364137682
1334,167,1501,0.10596713868091111
1339,167,1506,0.10597701117878133
1342,167,1509,0.1059744830952943
1341,170,1511,0.10596605974831112
1335,169,1504,0.10596226515418711
1332,169,1501,0.10597160538485374
1338,167,1505,0.10598861398883065
1322,170,1492,0.10599054725142382
1336,170,1506,0.10602623213932251
1332,169,1501,0.10603058717612847
1323,169,1492,0.10604367466977095
1325,172,1497,0.10607710166606622
1335,170,1505,0.1061044624906862
1332,171,1503,0.10610813444995155
1322,175,1497,0.1061187522653781
1324,179,1503,0.10615101046809698
1329,180,1509,0.10617769003258296
1335,181,1516,0.1061877042578601
1330,180,1510,0.10618162200038035
1324,177,1501,0.10618867663328954
1316,179,1495,0.10621065837970126
1328,185,1513,0.1062496899503851
1312,192,1504,0.10625700449476362
1321,189,1510,0.10630044734525758
1319,186,1505,0.10632144184290737
1322,186,1508,0.10634684496514007
1310,182,1492,0.10636336855944034
1304,190,1494,0.10640743793400506
1295,189,1484,0.10645930755526686
1288,188,1476,0.10652699971361386
1295,191,1486,0.10660503331088064
1293,187,1480,0.1066602315583917
1283,191,1474,0.10671834447924003
1288,189,1477,0.1067958807110149
1290,189,1479,0.10685733900394301
1294,191,1485,0.10691005952126748
1311,191,1502,0.10694956727742387
1308,192,1500,0.10694796338896988
1304,194,1498,0.10695032864902347
1294,201,1495,0.10696322877571009
1295,194,1489,0.10699822619953939
1297,195,1492,0.10702765797783378
1302,198,1500,0.10705015053999245
1309,201,1510,0.10706046306695924
1303,203,1506,0.1070543706562981
1305,205,1510,0.10706575291500744
1306,209,1515,0.10707300486510656
1312,208,1520,0.10707756498467624
1307,198,1505,0.10706941121098723
1296,203,1499,0.10707459585560994
1303,202,1505,0.10710358542888787
1308,200,1508,0.10711410724663391
1297,200,1497,0.10711366248263515
1294,204,1498,0.1071385067346689
1295,206,1501,0.10716788073432547
1292,205,1497,0.1071940604067088
1286,206,1492,0.10722257175957278
1296,211,1507,0.10726219638637807
1301,208,1509,0.10727969854736061
1301,208,1509,0.10728449672826869
1303,207,1510,0.1072894657623537
1299,203,1502,0.10728860858515354
1287,202,1489,0.10729830108146814
1286,207,1493,0.10733377117650571
1276,210,1486,0.10736945187123358
1278,213,1491,0.10742450999616711
1277,214,1491,0.1074721427696824
1275,215,1490,0.1075181551227579
1271,222,1493,0.10756668110300449
1278,222,1500,0.107620696921878
1284,226,1510,0.10765736722599613
1279,228,1507,0.10767807822434601
1291,225,1516,0.10771009386907088
1286,224,1510,0.1077108142561805
1285,226,1511,0.1077242467043311
1284,222,1506,0.10774010324175556
1279,224,1503,0.10775779350416057
1275,226,1501,0.10778332877270609
1276,230,1506,0.1078178859083108
1283,228,1511,0.10784834601962681
1289,222,1511,0.10785926460805646
1285,222,1507,0.10785292695938406
1276,222,1498,0.10785657777810237
1276,229,1505,0.10788121040555174
1274,229,1503,0.10790216420172719
1282,226,1508,0.10792777442616319
1280,224,1504,0.10793196070201334
1267,225,1492,0.1079392167552308
1262,226,1488,0.1079770879402699
1263,234,1497,0.10802450913670616
1269,238,1507,0.10806792232370914
1260,236,1496,0.10809421267665142
1267,234,1501,0.10813990269305196
1262,229,1491,0.10816686827389453
1262,231,1493,0.1082024855660438
1254,234,1488,0.108234643617172
1258,231,1489,0.10828293319851631
1263,232,1495,0.1083182014049498
1267,230,1497,0.10833947864789494
1264,225,1489,0.10835040879796104
1264,227,1491,0.1083640162438336
1271,233,1504,0.10837744311824604
1284,228,1512,0.10837372451308092
1274,229,1503,0.10833952720105042
1278,223,1501,0.10833290259600092
1265,223,1488,0.10831767822508369
1260,226,1486,0.10833127532811644
1264,229,1493,0.10835321063014736
1258,226,1484,0.10836521659680166
1259,229,1488,0.1083906374717441
1260,237,1497,0.10841234047894031
1255,237,1492,0.1084289366712326
1248,235,1483,0.10845448780353617
1245,236,1481,0.10849277256416315
1253,237,1490,0.10853457763098395
1257,232,1489,0.10855821255290905
1253,232,1485,0.10857252207912786
1263,228,1491,0.10859365869130125
1257,235,1492,0.10859438482534255
1243,236,1479,0.10860920592322859
1229,233,1462,0.1086552090719827
1231,236,1467,0.10872380140036433
1229,238,1467,0.10878045107191396
1232,235,1467,0.10883430947994514
1236,242,1478,0.10887901489782227
1233,241,1474,0.1089142878775726
1238,246,1484,0.10895444843807958
1238,247,1485,0.10898097560535205
1235,253,1488,0.1090068436895317
1230,251,1481,0.10903710409603218
1231,248,1479,0.1090760439714541
1225,247,1472,0.10910947044657719
1240,251,1491,0.1091538698676315
1247,247,1494,0.10915944749527894
1248,245,1493,0.10914793018128237
1258,250,1508,0.10913671087899843
1243,253,1496,0.10910426482019861
1224,256,1480,0.1091105321679148
1233,260,1493,0.10915931465667966
1231,261,1492,0.1091862201080088
1235,262,1497,0.10921782470173255
1231,267,1498,0.10923775633390707
1237,264,1501,0.10926520565081586
1224,256,1480,0.1092784007344755
1230,259,1489,0.10931890992433582
1245,263,1508,0.10934161551288238
1243,262,1505,0.1093283928006209
1240,259,1499,0.10931953354735743
1242,263,1505,0.10931864309151805
1250,267,1517,0.10931513547877593
1249,267,1516,0.1092963915161825
1243,271,1514,0.1092836667419973
1244,266,1510,0.10928360852156302
1235,267,1502,0.10928268628342827
1231,270,1501,0.10930405656203929
1224,265,1489,0.10933312326238614
1244,267,1511,0.10937574399665895
1224,269,1493,0.10937137659836554
1223,266,1489,0.10940922291025189
1229,272,1501,0.1094481132819838
1222,274,1496,0.10947037336490215
1233,273,1506,0.10950774419258055
1237,266,1503,0.1095165244153912
1246,268,1514,0.10951485496209067
1242,276,1518,0.10949209416711976
1233,274,1507,0.10947992429445655
1230,271,1501,0.10949031442740377
1225,272,1497,0.10950664034201585
1222,273,1495,0.10953302895878878
1215,274,1489,0.1095668267996603
1224,274,1498,0.10961567885377327
1233,279,1512,0.10964006349504266
1242,272,1514,0.10964444253604111
1237,276,1513,0.10962787960192494
1213,281,1494,0.10962426271499875
1218,276,1494,0.1096741960563724
1216,277,1493,0.10970923088622182
1207,276,1483,0.109748164251174
1202,277,1479,0.10980444941921703
1204,279,1483,0.10986842255037857
1208,277,1485,0.10991936779872152
1216,277,1493,0.10996011092759311
1215,274,1489,0.10998013419035017
1218,274,1492,0.10999907264350696
1220,274,1494,0.11000640114556737
1212,276,1488,0.11000599054583386
1216,275,1491,0.1100246419297736
1218,273,1491,0.11003415709039262
1215,277,1492,0.11003895988948806
1208,278,1486,0.11004944703017586
1206,276,1482,0.11007870557280892
1204,282,1486,0.11010713939671306
1198,282,1480,0.11013966031096625
1206,284,1490,0.11018409710820201
1198,284,1482,0.11020570767641931
1207,283,1490,0.11024528995510482
1205,280,1485,0.11026122814691437
1199,284,1483,0.11027966397961801
1199,286,1485,0.11030876769262957
1194,292,1486,0.11033661453217722
1194,291,1485,0.1103723390505374
1185,293,1478,0.1104063187490868
1187,292,1479,0.110458779293832
1183,295,1478,0.11050361524233314
1193,297,1490,0.1105499194169845
1183,298,1481,0.1105685931993969
1191,304,1495,0.1106127581997368
1193,305,1498,0.11063527202319484
1189,302,1491,0.11065456565885011
1199,306,1505,0.11068400393449919
1188,303,1491,0.11068802276757524
1197,309,1506,0.11071901394697047
1191,312,1503,0.11072708740714841
1185,316,1501,0.11074771702182215
1183,328,1511,0.11078228084219066
1175,327,1502,0.11082115152411617
1175,326,1501,0.11087736456253747
1171,326,1497,0.11093254632672173
1175,331,1506,0.1109915041603481
1177,327,1504,0.11103798322923618
1170,332,1502,0.11107440389889302
1175,332,1507,0.1111236007494245
1174,329,1503,0.11116084700345401
1170,330,1500,0.11119809536409807
1169,330,1499,0.11124185470348738
1174,328,1502,0.11128456715724504
1166,334,1500,0.1113143321612382
1154,335,1489,0.1113616474635989
1156,330,1486,0.11143320754022476
1165,331,1496,0.11149243577774083
1176,332,1508,0.11152723989496284
1174,330,1504,0.1115324039440075
1180,334,1514,0.11154324007721264
1184,330,1514,0.11154156940352357
1171,340,1511,0.11152981346940745
1175,344,1519,0.11154958153060321
1177,345,1522,0.11156056770789226
1171,346,1517,0.11156430550232027
1157,342,1499,0.11158235047047754
1147,345,1492,0.11163329878172429
1153,355,1508,0.11170428285420511
1143,354,1497,0.11175684657512097
1144,358,1502,0.11183042235937528
1143,359,1502,0.11189834345524784
1138,353,1491,0.11196280579040944
1142,348,1490,0.11203393663089206
1133,350,1483,0.11209027207934011
1128,348,1476,0.11216154042099394
1134,353,1487,0.11224176564064745
1135,353,1488,0.1123028359753253
1137,358,1495,0.11235908040801255
1127,362,1489,0.11240439518449351
1119,369,1488,0.11246786085558488
1132,363,1495,0.11254533614969763
1136,359,1495,0.11258771938931127
1131,364,1495,0.11261400074805306
1127,367,1494,0.11265160793992254
1125,370,1495,0.11269888309370363
1121,377,1498,0.11274686685496732
1132,375,1507,0.11280201955288031
1140,376,1516,0.11282737739067286
1133,378,1511,0.11283243513792844
1126,369,1495,0.11285386007874633
1122,373,1495,0.11289161127901087
1113,378,1491,0.11293314146440497
1115,382,1497,0.11299279410510561
1122,380,1502,0.11304520013815257
1116,378,1494,0.11307665011302495
1123,375,1498,0.11312038309455104
1125,374,1499,0.11314301788675041
1125,374,1499,0.11315965594814596
1124,373,1497,0.1131787609296282
1132,367,1499,0.11319828017792415
1132,371,1503,0.11319793457309092
1131,373,1504,0.11319579617193341
1121,374,1495,0.1131948697426666
1108,374,1482,0.11321478180484018
1127,377,1504,0.11326541008022545
1121,374,1495,0.11326654910497416
1116,378,1494,0.11328355728932246
1121,374,1495,0.11331233636740493
1119,384,1503,0.11332897736147483
1118,385,1503,0.11334967228649123
1122,381,1503,0.1133695831925151
1118,379,1497,0.11338117916971557
1113,374,1487,0.11340215961566232
1109,374,1483,0.11343481252458762
1102,384,1486,0.11347457908971215
1108,390,1498,0.11352646959284574
1108,387,1495,0.11356250610797086
1122,391,1513,0.11359505034596161
1119,389,1508,0.11359327651618127
1100,385,1485,0.11359983115916165
1107,390,1497,0.11364804541885391
1104,385,1489,0.11367506689366451
1107,389,1496,0.11370578795587537
1110,392,1502,0.1137259190789575
1106,388,1494,0.11374089227896989
1097,390,1487,0.11376209242486635
1095,390,1485,0.11380358661617108
1101,391,1492,0.11384279764196183
1096,395,1491,0.11386535568560799
1083,390,1473,0.1138974341749504
1089,397,1486,0.11395850294153234
1090,399,1489,0.1140033622609463
1094,393,1487,0.11404110072159877
1097,396,1493,0.11406901147484559
1098,392,1490,0.11408936153346097
1102,397,1499,0.11410607776651242
1108,400,1508,0.11411400729286253
1098,408,1506,0.11410924346930283
1091,406,1497,0.11412627501773563
1092,405,1497,0.11415994726539372
1095,406,1501,0.11419045185021268
1087,402,1489,0.11421160666407944
1098,397,1495,0.11424886898541083
1102,399,1501,0.11425806612089645
1096,402,1498,0.11425602919114133
1099,402,1501,0.11426769706851098
1091,397,1488,0.11427365234417258
1082,406,1488,0.114294546557422
1089,409,1498,0.114334372601429
1088,406,1494,0.11435736376593439
1078,409,1487,0.11438144006759991
1089,413,1502,0.11442539574193045
1078,418,1496,0.11444449537014922
1078,422,1500,0.11448836951264849
1084,413,1497,0.11453035597038558
1078,415,1493,0.11455587743284806
1079,416,1495,0.1145940165015518
1085,419,1504,0.11462665765468938
1077,425,1502,0.11464484339717336
1073,412,1485,0.11467674813772014
1069,419,1488,0.11471838497341437
1074,426,1500,0.11476756704893303
1069,433,1502,0.11480002080034998
1070,431,1501,0.11483803668242859
1071,439,1510,0.11487385280162521
1055,438,1493,0.11490652388184303
1047,435,1482,0.11497497336983557
1063,441,1504,0.1150594306351133
1058,446,1504,0.11510107062896628
1061,440,1501,0.11515356213567869
1059,443,1502,0.11519253087576883
1057,450,1507,0.11523331167857227
1057,453,1510,0.11527437064496399
1060,450,1510,0.11531463906939575
1063,441,1504,0.11534705828259423
1059,442,1501,0.1153709710648787
1054,447,1501,0.11540222935715168
1051,449,1500,0.1154408653854728
1061,446,1507,0.11548517797377741
1051,448,1499,0.11550154290582286
1053,448,1501,0.11553856667449751
1046,450,1496,0.11556991358020571
1048,450,1498,0.1156163714652331
1060,453,1513,0.11565432756334428
1053,453,1506,0.1156634484456228
1049,456,1505,0.11568960496810363
1054,463,1517,0.11572436330824987
1053,462,1515,0.11574708977090055
1042,459,1501,0.11577061659370695
1039,466,1505,0.11581700276244304
1043,473,1516,0.11586744980251297
1029,472,1501,0.11590601446022923
1027,479,1506,0.11597436567457056
1032,474,1506,0.11604428344606649
1043,479,1522,0.11609971740598989
1041,485,1526,0.1161254765984486
1041,482,1523,0.1161518995180681
1031,483,1514,0.11617625915716343
1025,488,1513,0.11622352327143752
1020,494,1514,0.11628112026315218
1012,491,1503,0.11634925045371303
1014,489,1503,0.11643162761994867
1015,491,1506,0.1165036162524136
1010,484,1494,0.11656685439500471
1004,491,1495,0.11663773619868127
1009,495,1504,0.11671635730812413
1007,498,1505,0.11677962365073881
1002,494,1496,0.1168439266462629
991,492,1483,0.11691418739602157
1000,494,1494,0.11700437762061779
997,488,1485,0.11706762201659325
994,492,1486,0.11713138430033933
1003,500,1503,0.117195568990836
1002,503,1505,0.1172376568930501
1001,510,1511,0.11727849764801412
998,508,1506,0.11732030181508371
1004,511,1515,0.11736811214243001
1008,507,1515,0.11739867000822565
998,514,1512,0.11741947491664458
1007,512,1519,0.11745845147525465
995,522,1517,0.11747376375026537
993,514,1507,0.11751575195280159
994,511,1505,0.11756044323471068
988,514,1502,0.11759773053679848
996,510,1506,0.11764651198788316
988,506,1494,0.11767603966245417
998,502,1500,0.11772201882292198
992,507,1499,0.11774165384570606
984,511,1495,0.11776995550173056
986,512,1498,0.11781338623603033
988,519,1507,0.11784975236833475
993,521,1514,0.11787948075304279
991,521,1512,0.11789784773217096
987,513,1500,0.11791869731118051
984,520,1504,0.11794695794370665
980,523,1503,0.11797879620011673
975,517,1492,0.1180183276132439
968,525,1493,0.11806776429225728
962,529,1491,0.11813147719572167
962,533,1495,0.11820790461201923
956,530,1486,0.11827861276598646
964,531,1495,0.11836043380732031
963,540,1503,0.11841770891664832
965,536,1501,0.11847347122384808
968,538,1506,0.1185198860861594
972,537,1509,0.11855314855900546
972,536,1508,0.11857597459225666
974,543,1517,0.11859590400619745
965,542,1507,0.11860947604084267
967,541,1508,0.11864219409385857
972,541,1513,0.11866782730223523
966,541,1507,0.11868112602294811
960,550,1510,0.11871012237040336
965,554,1519,0.11875144227275375
970,550,1520,0.11878161299437476
968,546,1514,0.11879933959293405
963,543,1506,0.11881944962037093
938,539,1477,0.11884889260007783
947,539,1486,0.11893111366533615
949,543,1492,0.11898984587120782
943,543,1486,0.11903805329008237
948,540,1488,0.11909293068251671
943,552,1495,0.11913344789518945
950,553,1503,0.11918185395338757
948,550,1498,0.11921163169180962
955,555,1510,0.11924637252923644
956,555,1511,0.11926215694124688
948,550,1498,0.11927481086217391
940,549,1489,0.11930602483224902
932,550,1482,0.1193527926755199
943,552,1495,0.11941653871448928
943,553,1496,0.11944923317198144
951,562,1513,0.11948070662205929
941,567,1508,0.11949136026756299
950,565,1515,0.11952250839947422
953,567,1520,0.11953360057742295
949,565,1514,0.11953839446549953
934,571,1505,0.11955239760816554
937,575,1512,0.11960129460568154
930,576,1506,0.11963774725764441
927,576,1503,0.11968800136139525
919,579,1498,0.11974436414280319
914,574,1488,0.11981512852029659
914,577,1491,0.1198933120419008
913,577,1490,0.11996482909667662
921,582,1503,0.12003162984802186
921,579,1500,0.12007672528818158
922,578,1500,0.12011978522707832
919,581,1500,0.12015810548296607
913,569,1482,0.12020143006430509
923,573,1496,0.1202525825482693
917,575,1492,0.12027798616373424
911,575,1486,0.12031821685962721
911,579,1490,0.12036958320437663
908,583,1491,0.12041747803261604
909,592,1501,0.12046911787432416
900,599,1499,0.12051440812631237
900,599,1499,0.12057677004875139
904,592,1496,0.12063877604196181
917,595,1512,0.12068156035988659
922,586,1508,0.12068988540770066
916,588,1504,0.12068639797922351
920,596,1516,0.12069644907702556
918,589,1507,0.12070023167000549
916,588,1504,0.12070760489205429
914,596,1510,0.12071846657502648
911,596,1507,0.1207373147396385
921,598,1519,0.12076332817193175
918,590,1508,0.12076455577592289
918,588,1506,0.12077550359294584
910,588,1498,0.12078485204967081
920,586,1506,0.12081168523239721
919,590,1509,0.12080683810131894
918,594,1512,0.12080186625066607
906,599,1505,0.1207965739319057
903,591,1494,0.12082146823693339
890,592,1482,0.12085042842525046
891,595,1486,0.12090837551550317
895,598,1493,0.12095512352263632
890,603,1493,0.12099094784652227
889,599,1488,0.12103424419682476
887,590,1477,0.12107602649034437
898,587,1485,0.12111661364276724
913,568,1481,0.12112884773568482
905,575,1480,0.1211030689533559
914,573,1487,0.1211001377314001
905,579,1484,0.12107431058494952
912,572,1484,0.12107030672621853
921,582,1503,0.12105254120737455
922,587,1509,0.12101763289334044
925,586,1511,0.1209831271543722
925,585,1510,0.12094467898697987
930,582,1512,0.12090951159278145
928,576,1504,0.120867885215592
919,580,1499,0.12083341944966744
919,579,1498,0.12082109701255923
932,588,1520,0.12080618059625163
927,592,1519,0.12076291866664246
919,591,1510,0.12073653243114489
913,595,1508,0.12073362171890771
905,599,1504,0.12074688753552178
915,595,1510,0.1207784686280214
915,595,1510,0.12078025576423113
909,599,1508,0.12078467468097066
909,600,1509,0.12080678103060731
899,598,1497,0.12082751373670662
907,594,1501,0.12086696681729116
909,592,1501,0.12088354352861302
915,601,1516,0.12089649698754475
909,605,1514,0.12089545905123522
903,613,1516,0.12091024006645566
902,607,1509,0.12093687066085235
890,605,1495,0.12096476890287104
885,602,1487,0.12101474465333936
889,608,1497,0.12107553509645434
895,609,1504,0.12112000036118702
891,608,1499,0.12114771872361146
884,612,1496,0.12118149038587328
887,615,1502,0.12123081833906432
893,609,1502,0.12127106907222253
897,609,1506,0.12129486993587216
892,609,1501,0.12130847562934412
887,612,1499,0.12133356952038049
884,613,1497,0.12136811155652195
880,615,1495,0.12140747064999113
876,616,1492,0.12145279334614639
883,622,1505,0.12150706499855002
875,621,1496,0.1215436247464594
876,626,1502,0.12159761333655889
871,633,1504,0.12164589821679093
874,628,1502,0.12170176712826132
868,629,1497,0.1217477771957313
876,639,1515,0.12180319839949685
873,639,1512,0.12183473223591175
869,635,1504,0.12187412098297966
863,639,1502,0.12191927681764096
868,641,1509,0.12197550207575894
871,640,1511,0.12201681084985473
865,642,1507,0.12204871532614896
862,645,1507,0.1220925265742321
867,655,1522,0.12213801442732604
863,653,1516,0.12216974793167515
861,658,1519,0.1222083148162529
863,662,1525,0.1222475914348783
867,658,1525,0.12228213747842705
860,655,1515,0.12230663824402498
845,652,1497,0.12234608842802927
853,655,1508,0.1224177601887806
857,658,1515,0.12246671704149864
856,660,1516,0.12250276628199415
862,662,1524,0.12253914523647351
847,655,1502,0.12256079255353246
851,661,1512,0.12261674992465561
838,663,1501,0.1226632451056097
831,666,1497,0.12273596719689411
834,665,1499,0.1228191858521699
835,672,1507,0.1228904962045473
830,669,1499,0.12295635351176064
823,667,1490,0.12302807995955217
828,672,1500,0.12310932945620465
828,676,1504,0.12317336299013494
839,688,1527,0.12323324232995518
831,684,1515,0.1232648708424882
825,692,1517,0.1233115107250846
822,679,1501,0.12337083374512207
820,689,1509,0.12343326237248474
818,682,1500,0.12349555238845769
819,684,1503,0.12355640380349833
816,681,1497,0.1236105180945157
815,681,1496,0.12366546651992064
817,674,1491,0.1237196235549704
815,682,1497,0.12376613614103704
812,678,1490,0.12381174164904454
819,675,1494,0.12385844900065214
825,672,1497,0.12388387564496185
833,673,1506,0.12389309318367314
825,675,1500,0.12388494743109019
835,663,1498,0.12389593372683859
837,670,1507,0.1238808732325592
841,663,1504,0.12386472996314607
835,661,1496,0.12383790629537157
845,671,1516,0.1238304129897062
835,678,1513,0.12379930128555433
825,665,1490,0.1237936424460909
820,677,1497,0.12381462840242125
821,676,1497,0.12384394768747789
827,668,1495,0.12387049629904252
836,673,1509,0.12387984801078102
832,677,1509,0.12386647797022504
830,686,1516,0.12386787792754837
827,679,1506,0.12387358419839951
826,682,1508,0.1238866331236012
825,677,1502,0.12390239278135308
827,677,1504,0.1239187613727153
832,683,1515,0.12392990550423505
833,683,1516,0.12393006615517363
825,679,1504,0.12392737864283626
825,683,1508,0.12394268977177635
825,684,1509,0.12396046296450383
813,697,1510,0.12397303764708344
820,692,1512,0.12401151867809772
817,691,1508,0.12403130750121974
815,694,1509,0.12405892530920154
812,694,1506,0.12408991981113546
820,687,1507,0.12412529975345926
838,682,1520,0.124137373405427
829,685,1514,0.1241021695139318
819,683,1502,0.12408526173616724
807,681,1488,0.1240925937432665
821,672,1493,0.12412700840858724
824,679,1503,0.12413085276164576
817,684,1501,0.1241295569501937
817,683,1500,0.12414615101047449
827,673,1500,0.12416105338629319
819,675,1494,0.1241477343320653
816,681,1497,0.12415683432065112
813,677,1490,0.12416753014375047
823,678,1501,0.12418239900525062
824,679,1503,0.12417053172934206
822,671,1493,0.12416119885642987
813,681,1494,0.12415827983566202
809,692,1501,0.12418016806981562
802,680,1482,0.12421238892699009
804,677,1481,0.1242569808638503
792,696,1488,0.1242915095433978
796,697,1493,0.12435433356832724
796,693,1489,0.12439913414479847
797,699,1496,0.12444067583876041
798,706,1504,0.12447486033337875
794,700,1494,0.12450832036247488
793,695,1488,0.12454769973193609
795,697,1492,0.12458681037485085
798,704,1502,0.12461923597047962
798,708,1506,0.12464478176214193
793,709,1502,0.12467075211401109
793,708,1501,0.1247062031073717
797,719,1516,0.12473990960701772
805,721,1526,0.12476189183596587
791,722,1513,0.12476656405718295
786,722,1508,0.12480503487089331
787,720,1507,0.12485217026697469
784,725,1509,0.12489026131414584
785,721,1506,0.12493095397762524
784,720,1504,0.12496570667391811
777,720,1497,0.1250012852892252
787,715,1502,0.125052385424636
788,714,1502,0.12507537099912056
791,714,1505,0.1250947957592621
784,719,1503,0.12510759010518213
775,715,1490,0.12513621195903102
777,718,1495,0.1251843464839403
778,721,1499,0.12522459446846934
784,726,1510,0.1252605348676164
780,717,1497,0.12527887412010227
786,719,1505,0.12530638297045724
790,719,1509,0.1253193535803815
786,715,1501,0.12532186751834978
777,713,1490,0.12533407484371634
771,712,1483,0.1253655793003
766,709,1475,0.12540797091272463
771,705,1476,0.1254604470655646
766,703,1469,0.12549561863306047
763,717,1480,0.12554097689435267
765,719,1484,0.12558759796648108
767,723,1490,0.12562364053848596
763,732,1495,0.1256510297972613
757,730,1487,0.1256877979718371
757,738,1495,0.12573380083059893
766,737,1503,0.12577607126549448
768,748,1516,0.12579529689757807
770,748,1518,0.12580929433333377
761,745,1506,0.1258218611140581
768,739,1507,0.12585279725788803
761,738,1499,0.12586194016151378
756,743,1499,0.12588893914992813
756,736,1492,0.125925178549518
759,741,1500,0.12595967671413363
764,742,1506,0.12598680920133823
766,744,1510,0.12600504217233285
759,745,1504,0.12601888155716484
758,763,1521,0.12604980086122042
762,758,1520,0.12607989432811464
762,768,1530,0.12609882407947062
760,768,1528,0.12611752325839448
757,761,1518,0.12613998353017497
749,752,1501,0.12616768738462933
752,750,1502,0.1262146932556688
763,743,1506,0.12625170069442787
758,742,1500,0.1262563947184039
758,741,1499,0.1262698521138194
754,752,1506,0.1262802999089305
745,747,1492,0.1263004903326077
743,760,1503,0.12634025241908942
745,762,1507,0.12638205076443207
749,761,1510,0.12641633189187826
736,763,1499,0.12643724730357214
742,765,1507,0.1264846867289518
741,769,1510,0.12651724878101955
737,770,1507,0.12655168782562412
742,772,1514,0.12659513914548484
733,775,1508,0.12662127774791115
738,778,1516,0.1266683582885237
732,777,1509,0.1267022328651737
733,777,1510,0.12674824022595055
721,787,1508,0.12678553176938429
729,785,1514,0.12684604125255766
731,778,1509,0.12688731023353805
737,777,1514,0.12692173138622018
719,779,1498,0.12693717330395896
716,776,1492,0.12699162941936606
724,762,1486,0.12705303641641358
728,769,1497,0.12709176083808088
734,773,1507,0.12711819043158606
738,774,1512,0.1271260262047926
743,764,1507,0.1271221979079061
738,776,1514,0.12710877873336743
736,773,1509,0.127109515614121
735,770,1505,0.12711370470428432
732,761,1493,0.12712260714317608
724,766,1490,0.1271384075788529
725,780,1505,0.12717217654567375
722,789,1511,0.12720346330862473
726,791,1517,0.12723958024980278
720,790,1510,0.1272633629437774
716,788,1504,0.12729957359399405
727,805,1532,0.1273451717632952
720,806,1526,0.12736165582244607
716,795,1511,0.12739591270219724
715,789,1504,0.12743914000760684
716,792,1508,0.12748026055861764
716,796,1512,0.1275143867714082
720,804,1524,0.1275451413932153
719,791,1510,0.12756976016040383
724,776,1500,0.12759488454828
724,782,1506,0.12760483971720205
724,780,1504,0.12761351586884553
722,777,1499,0.12762182241425077
721,789,1510,0.12763359392189014
725,786,1511,0.127645478358542
720,785,1505,0.12764767313608202
716,778,1494,0.12766086711862426
717,790,1507,0.1276848241623026
718,783,1501,0.12770269693563868
724,789,1513,0.1277166074153349
722,791,1513,0.12771818711973806
718,799,1517,0.12772494162308262
714,792,1506,0.12774163521949297
713,797,1510,0.12776360341666165
703,802,1505,0.12778576112487922
705,813,1518,0.12782893875637594
700,807,1507,0.12786350221643608
709,803,1512,0.12790986905653598
701,811,1512,0.12793247810356317
699,807,1506,0.12797265938783997
696,800,1496,0.12801224798852828
699,813,1512,0.1280559565122962
695,819,1514,0.12808958337314816
694,809,1503,0.12813023963082804
691,807,1498,0.12817014106840113
693,811,1504,0.12821511426655166
687,805,1492,0.12825058974645176
704,810,1514,0.1282974262299002
710,816,1526,0.12829834606057278
713,803,1516,0.128286718656409
715,806,1521,0.12826769903447457
717,799,1516,0.1282448234382044
703,799,1502,0.12821894832796368
700,805,1505,0.12822820610885977
703,815,1518,0.12824489937047864
691,808,1499,0.12825781542048684
700,810,1510,0.128296784028917
696,803,1499,0.12831423363477673
711,807,1518,0.12834101320028152
707,804,1511,0.1283269615960205
708,808,1516,0.12832116486652867
708,809,1517,0.12831217468055822
706,803,1509,0.1283028357165129
708,792,1500,0.12829702016733158
707,787,1494,0.12828367592653012
711,794,1505,0.12827677700932938
706,803,1509,0.12826245371627515
707,797,1504,0.1282597456657422
701,806,1507,0.12825702494986185
689,801,1490,0.12826853956997222
694,808,1502,0.1283061367198698
695,799,1494,0.12832654061434914
694,804,1498,0.1283466821011778
696,806,1502,0.128366217647113
693,804,1497,0.12838069593040624
684,811,1495,0.1284004565685926
690,818,1508,0.12844016222201354
690,813,1503,0.12846216277090927
687,815,1502,0.12848320776526864
684,808,1492,0.12851331916100406
681,807,1488,0.12854631689480106
684,815,1499,0.12858277215041522
677,809,1486,0.12861158051287183
681,817,1498,0.1286547400099986
689,823,1512,0.12868434200558443
702,821,1523,0.12869281356445758
694,809,1503,0.1286695263800244
699,795,1494,0.1286673328340406
701,790,1491,0.1286522614633636
708,781,1489,0.1286315715796176
704,795,1499,0.12859130072852876
707,794,1501,0.12856224163172705
704,804,1508,0.1285305058972407
701,807,1508,0.1285079547245488
695,807,1502,0.1284977567552908
695,802,1497,0.12850162096843015
699,807,1506,0.12850450327076882
693,805,1498,0.12850150046199238
698,819,1517,0.12851533963953257
682,821,1503,0.1285169947186724
685,825,1510,0.12855534695329346
684,823,1507,0.12858665930904517
685,824,1509,0.12861744919701354
682,821,1503,0.12864103906017196
681,817,1498,0.12867304534435905
688,816,1504,0.128701034257501
693,826,1519,0.12871150935140258
687,819,1506,0.1287118858117996
669,833,1502,0.1287259191376041
666,835,1501,0.12878246158482848
658,826,1484,0.12884059393753222
670,822,1492,0.12891429837619747
671,828,1499,0.1289527599247794
683,828,1511,0.12898664079271518
685,829,1514,0.12898721418188125
682,826,1508,0.12898131056147785
683,824,1507,0.1289849472369532
680,826,1506,0.12898386392908512
678,828,1506,0.12898686229243458
683,824,1507,0.12899754446792605
679,814,1493,0.12899585690728185
686,820,1506,0.12900396953447565
693,821,1514,0.1289967936817862
690,820,1510,0.12897568632583137
685,822,1507,0.12896211596555474
678,824,1502,0.12895939711666105
678,830,1508,0.12897360970808888
683,825,1508,0.12898607675908236
683,820,1503,0.12898814287899968
685,820,1505,0.12898891380013708
679,810,1489,0.12898393097664948
684,816,1500,0.12899529556792358
688,809,1497,0.12899078354269897
696,814,1510,0.12897784283890804
699,814,1513,0.12894670093145685
699,799,1498,0.12890885707995733
698,810,1508,0.12887806678412578
701,808,1509,0.1288517268993222
691,804,1495,0.128818854671276
697,806,1503,0.12881085586052396
699,823,1522,0.12879197996332295
695,811,1506,0.12877286036661245
692,820,1512,0.12876322272144156
684,824,1508,0.12876259952897276
679,820,1499,0.12878115528409542
671,818,1489,0.12881003327847887
669,828,1497,0.12885641961244684
672,822,1494,0.1289034705594589
682,821,1503,0.128941366351032
689,819,1508,0.12895160426889793
694,813,1507,0.1289423566936768
688,816,1504,0.128919160199807
693,810,1503,0.12891364903993854
689,816,1505,0.12889626861273207
689,809,1498,0.12888596077468303
693,820,1513,0.12887788458152116
687,816,1503,0.12886115590971564
686,814,1500,0.12886363664251854
688,834,1522,0.1288649151204886
683,826,1509,0.12886451962290266
674,821,1495,0.12887839039274568
678,820,1498,0.12891244442282393
677,830,1507,0.12893626464524954
675,830,1505,0.12896061167016076
675,835,1510,0.12898466775517936
679,841,1520,0.12901016415323788
678,839,1517,0.12902582436356205
658,827,1485,0.12904494166062555
642,831,1473,0.1291079336462918
653,828,1481,0.1292024502477286
659,827,1486,0.1292670263853018
658,835,1493,0.12931326149860298
655,838,1493,0.12935603988800184
655,844,1499,0.12940042565681303
651,845,1496,0.1294408988143019
653,853,1506,0.12948830954100182
647,850,1497,0.12952977770103785
648,854,1502,0.12958184194324343
642,861,1503,0.12962965484760766
653,863,1516,0.1296884001342814
653,876,1529,0.12971766499872942
644,871,1515,0.1297467026909545
641,866,1507,0.1297981330095022
639,869,1508,0.12984930899926428
642,854,1496,0.12990432463188248
630,858,1488,0.12995027383740151
632,856,1488,0.1300212499559952
640,872,1512,0.1300828890915887
642,875,1517,0.13011886936574626
635,866,1501,0.13014743281128513
653,869,1522,0.1301892844893222
653,861,1514,0.13018541907698272
646,863,1509,0.13018176291928163
648,867,1515,0.13019839105553174
642,871,1513,0.1302109621760366
653,871,1524,0.13023717471677115
646,869,1515,0.13023730790190213
644,865,1509,0.13025531761426046
639,859,1498,0.13027596564187824
646,863,1509,0.1303036001821101
640,868,1508,0.1303116431051528
635,867,1502,0.13033410476706236
645,883,1528,0.13036871589038998
638,884,1522,0.13037541851228254
639,869,1508,0.1303975529819467
640,869,1509,0.13041398289487754
629,862,1491,0.1304268769176231
638,848,1486,0.13046428699992607
646,858,1504,0.1304734162126387
649,858,1507,0.13046400151556056
647,861,1508,0.1304508833951615
648,859,1507,0.13044407633657384
642,864,1506,0.13043785148292533
646,865,1511,0.1304464562076386
650,863,1513,0.13044287119357237
643,862,1505,0.13043312969112253
653,858,1511,0.13044210374577572
648,868,1516,0.13042564303604334
643,869,1512,0.1304218397405044
636,875,1511,0.1304293999864864
631,870,1501,0.13045488298797694
628,871,1499,0.13048984052449364
630,876,1506,0.13052935137445662
626,872,1498,0.1305636031759509
630,874,1504,0.13060586440454539
627,871,1498,0.13063204833571704
628,880,1508,0.1306612392876959
633,872,1505,0.13068353383257306
620,871,1491,0.13068991994008422
628,864,1492,0.13072290057691882
628,873,1501,0.1307352330081981
623,874,1497,0.1307480279215923
630,870,1500,0.13077159763074397
630,864,1494,0.13077883140685276
628,871,1499,0.13078586443191983
630,871,1501,0.1307936560395325
628,864,1492,0.13079904478631604
626,870,1496,0.130809610743134
625,881,1506,0.13082663323468796
619,889,1508,0.13084492071452022
627,879,1506,0.13087594622014165
615,889,1504,0.13088568531150396
611,892,1503,0.13092461461375587
604,890,1494,0.13096874409141673
610,886,1496,0.131028632261428
610,897,1507,0.131070204775288
612,896,1508,0.13110955695436466
598,892,1490,0.1311414414736967
596,897,1493,0.13120346218285714
601,889,1490,0.1312638565275504
605,899,1504,0.1313087343974009
609,887,1496,0.1313399806940871
613,891,1504,0.13136029714706493
606,893,1499,0.13136844963906408
600,902,1502,0.1313922882540432
600,901,1501,0.13142750136458467
599,899,1498,0.1314555047662258
604,906,1510,0.13148753993415035
600,912,1512,0.13150626706865262
596,909,1505,0.13153417008090135
600,901,1501,0.13157353454334214
602,906,1508,0.13160253705315544
603,908,1511,0.13162669194283205
596,909,1505,0.13164903481503493
598,913,1511,0.13168925892587408
595,913,1508,0.13172440359949936
596,911,1507,0.1317649609915821
596,911,1507,0.13180073912269225
598,908,1506,0.13182829121651765
604,916,1520,0.13185142032907063
609,920,1529,0.13185742492048477
597,912,1509,0.13185144727270134
599,914,1513,0.1318733881836781
599,909,1508,0.13188902771400304
601,919,1520,0.13190208531388134
604,913,1517,0.13190762956411756
600,931,1531,0.13190684080394025
603,927,1530,0.1319153807531429
597,914,1511,0.13191800712001148
592,916,1508,0.13193634948445992
594,908,1502,0.1319641855898572
594,910,1504,0.13198702259285536
598,905,1503,0.13200606940845233
604,901,1505,0.13201071122429645
616,904,1520,0.13200367274304078
619,903,1522,0.13196645777322275
615,907,1522,0.1319259796432445
600,907,1507,0.1319012491758257
595,902,1497,0.13191341100388768
589,906,1495,0.13193589728187569
586,909,1495,0.131972729101214
588,925,1513,0.13201454212376848
588,928,1516,0.13204968548802792
583,928,1511,0.13208095437645548
588,917,1505,0.13212228984126592
595,919,1514,0.13214570976900714
595,935,1530,0.13215285952863906
587,942,1529,0.1321612453635017
586,939,1525,0.1321899890977798
583,937,1520,0.1322165841588665
580,928,1508,0.13225165681296372
575,937,1512,0.13229040840989556
578,927,1505,0.13233964010829324
572,928,1500,0.13237631933206345
580,926,1506,0.13242660082791644
584,927,1511,0.1324529302501533
582,919,1501,0.13247095504343126
584,924,1508,0.13249234128919654
571,935,1506,0.13250846980759817
569,925,1494,0.13255404845665722
572,934,1506,0.13260319729846212
572,943,1515,0.13264312374365633
570,940,1510,0.13267941979831266
572,950,1522,0.1327177961309866
557,949,1506,0.13275049643493067
560,960,1520,0.13281428672853277
558,954,1512,0.13286693182889317
559,960,1519,0.13292273579387248
555,955,1510,0.13297082777157904
551,965,1516,0.13302627740611597
547,970,1517,0.13308670813147278
541,973,1514,0.1331549905455454
544,970,1514,0.13323379983280748
542,970,1512,0.13330181855343506
540,969,1509,0.1333712395388954
544,960,1504,0.13343358588541485
537,970,1507,0.13348332343560101
539,973,1512,0.13354769546453887
546,968,1514,0.1336028650104557
541,970,1511,0.13363803188983997
532,954,1486,0.1336838063572907
523,963,1486,0.1337452877116024
531,971,1502,0.13382421109092543
528,976,1504,0.13387664153963605
523,974,1497,0.13393184344169234
540,973,1513,0.13399469845364187
535,971,1506,0.1340117655032939
539,959,1498,0.1340405863622767
535,971,1506,0.1340570192615797
538,986,1524,0.1340845519571801
534,978,1512,0.13410417722326057
533,978,1511,0.13413142165094424
526,971,1497,0.13415784561932495
521,974,1495,0.1341987791377738
526,978,1504,0.134250561298509
519,981,1500,0.13428814463807678
526,978,1504,0.13434052281076292
519,980,1499,0.13437129158400157
520,991,1511,0.1344167777706398
515,987,1502,0.13445720951764284
507,1000,1507,0.13450801247401026
508,1009,1517,0.1345740826903003
506,995,1501,0.13463181617994352
507,996,1503,0.13469284215458163
502,981,1483,0.13474751070424343
501,989,1490,0.13481100554535902
498,984,1482,0.13487139756642894
505,1003,1508,0.13493571910981894
507,1012,1519,0.13498151248840476
498,1012,1510,0.13502176431399307
491,1024,1515,0.1350782378330815
494,1017,1511,0.13514577192098146
490,1029,1519,0.13520341333832048
490,1027,1517,0.135264559576489
499,1027,1526,0.13532107402354193
498,1032,1530,0.13535393566036738
502,1033,1535,0.13538592429172042
497,1032,1529,0.13540832310583656
497,1017,1514,0.1354420196030283
493,1019,1512,0.13547565292175479
479,1023,1502,0.13551541420643382
475,1031,1506,0.13558814634526026
473,1025,1498,0.1356632603616896
480,1020,1500,0.13573757442789905
486,1016,1502,0.13579181830284445
480,1016,1496,0.1358289963050019
489,1015,1504,0.13587508066829884
492,1025,1517,0.13589375722327343
489,1024,1513,0.13590461609505053
491,1026,1517,0.13592174445915736
487,1020,1507,0.13593390308915917
484,1048,1532,0.1359569810975296
478,1038,1516,0.13598619650395746
478,1037,1515,0.13602789428148274
482,1031,1513,0.1360683574672862
483,1028,1511,0.13609755327199125
478,1024,1502,0.13612273136168251
475,1034,1509,0.1361592974161723
478,1012,1490,0.1362002784884021
474,1015,1489,0.13623178913976103
481,1025,1506,0.13626896201827868
482,1042,1524,0.13628299678197503
485,1050,1535,0.13629288375564808
483,1041,1524,0.13629626107473358
478,1042,1520,0.1363030353755773
481,1042,1523,0.1363235636915193
476,1047,1523,0.13633331761297826
483,1044,1527,0.13635607275115336
487,1037,1524,0.13635906289541258
484,1036,1520,0.13635440629590762
478,1045,1523,0.13635833413438703
475,1047,1522,0.13637624681880706
472,1040,1512,0.1364006740533808
472,1047,1519,0.13643048931477997
475,1044,1519,0.13645874412909786
481,1045,1526,0.13647909918528534
479,1047,1526,0.13648130190908744
474,1041,1515,0.13648981233129515
468,1041,1509,0.136510045282081
474,1056,1530,0.13654120349239968
472,1050,1522,0.13655840811319458
473,1044,1517,0.13658058842307194
471,1049,1520,0.1365959334302571
468,1051,1519,0.1366154052220685
464,1056,1520,0.13663958389846564
468,1049,1517,0.1366729654879484
457,1053,1510,0.13669733048689348
449,1057,1506,0.13674527929228233
451,1055,1506,0.13680606217134414
447,1064,1511,0.1368606551745829
454,1072,1526,0.13691868242087138
454,1058,1512,0.13695646404830167
445,1053,1498,0.13699291035463285
442,1065,1507,0.1370487756773912
443,1060,1503,0.13710626883332533
439,1058,1497,0.13715499545899396
442,1072,1514,0.1372091881650989
435,1082,1517,0.1372516713615216
428,1091,1519,0.13730662839741645
435,1090,1525,0.13737646702618286
435,1079,1514,0.13742449952281402
424,1075,1499,0.13747110821877748
420,1081,1501,0.1375397169692141
431,1076,1507,0.13761189851109648
430,1073,1503,0.13765329157471007
435,1084,1519,0.13769505017817518
432,1083,1515,0.13772443989073627
429,1077,1506,0.13775872114559104
419,1083,1502,0.13779441490990538
424,1080,1504,0.13785058245091608
424,1076,1500,0.1378916692081636
421,1078,1499,0.13793269821991058
418,1077,1495,0.1379771478108761
415,1067,1482,0.13802686478665968
418,1081,1499,0.13807981662310426
422,1082,1504,0.138123241436721
425,1087,1512,0.13815351114636523
429,1079,1508,0.1381750502641943
429,1077,1506,0.13818415014295493
430,1078,1508,0.13819317462854083
428,1089,1517,0.1381992311881404
426,1085,1511,0.13821179635108347
424,1078,1502,0.13822832790083364
428,1088,1516,0.13825006500439016
425,1075,1500,0.1382616324509193
416,1086,1502,0.13827901479725632
418,1080,1498,0.13831627310379976
421,1080,1501,0.13834678049789914
418,1083,1501,0.13836520677092345
416,1085,1501,0.13838847805478174
416,1091,1507,0.13841717213732843
415,1082,1497,0.13844465076915746
415,1085,1500,0.13847332429315262
418,1084,1502,0.1384973786929042
416,1095,1511,0.13851489006092577
421,1100,1521,0.13853675748953373
421,1097,1518,0.13854584327951083
420,1103,1523,0.13855483372334126
410,1103,1513,0.13856566671710124
413,1101,1514,0.13859718080297095
413,1090,1503,0.13862097213707947
417,1095,1512,0.13864447637924165
418,1092,1510,0.1386564499480668
414,1101,1515,0.1386663223213991
417,1086,1503,0.13868666655604125
414,1092,1506,0.1386959865488907
403,1106,1509,0.13870925653771704
402,1108,1510,0.1387482269179197
403,1105,1508,0.13878810326292002
397,1109,1506,0.13882389768506812
401,1104,1505,0.13887242157067392
402,1103,1505,0.13890758779281429
409,1110,1519,0.13893796512040624
412,1110,1522,0.1389521080923768
409,1111,1520,0.1389548723622051
406,1101,1507,0.1389649402937135
407,1098,1505,0.13898128633015452
405,1101,1506,0.1389930064543953
398,1106,1504,0.13900903115186597
395,1116,1511,0.13904123904556606
392,1130,1522,0.13907909643504957
394,1120,1514,0.13912243634842855
395,1120,1515,0.13915757901162057
392,1118,1510,0.1391876518538914
396,1121,1517,0.13922228834671885
400,1114,1514,0.139246755919123
395,1110,1505,0.13926327220197965
394,1120,1514,0.13928920741225098
390,1130,1520,0.13931638027586135
389,1126,1515,0.13935264329753394
388,1127,1515,0.1393891206842991
380,1115,1495,0.13942839478343685
374,1124,1498,0.13948444390588327
371,1133,1504,0.13955120338056592
377,1135,1512,0.1396212036847895
375,1136,1511,0.13967153987955178
374,1142,1516,0.13972349662939382
373,1143,1516,0.13977331687810784
370,1146,1516,0.1398210995091289
366,1157,1523,0.1398723999441974
370,1150,1520,0.1399307859254163
362,1143,1505,0.139977369957842
354,1137,1491,0.14003940126105188
357,1136,1493,0.14011647857677265
353,1149,1502,0.1401800681590098
356,1151,1507,0.14024624253845833
355,1139,1494,0.14030157694389145
359,1152,1511,0.14035509978532104
355,1136,1491,0.14039646466105496
355,1143,1498,0.1404428978789078
357,1147,1504,0.14048664794108393
360,1158,1518,0.1405185812449966
352,1150,1502,0.14054287417705247
346,1164,1510,0.14058591932826467
340,1159,1499,0.14064041537418667
343,1168,1511,0.14070437629510013
342,1179,1521,0.14075714636011902
335,1185,1520,0.14080732576647959
333,1185,1518,0.1408719233420296
331,1181,1512,0.14093889108549287
328,1176,1504,0.1410071555009774
329,1179,1508,0.1410777978555788
332,1164,1496,0.1411415245140935
330,1169,1499,0.14119394215988215
330,1173,1503,0.14124827786446897
325,1171,1496,0.1412985098275174
330,1178,1508,0.1413565231537346
322,1188,1510,0.14139865204296334
328,1184,1512,0.14145825767482711
331,1187,1518,0.1414981762649068
330,1187,1517,0.141528639664197
323,1182,1505,0.1415593311135177
329,1200,1529,0.14160467239994012
334,1183,1517,0.14163260328364832
331,1182,1513,0.14164680572578525
342,1179,1521,0.14166574634697088
339,1186,1525,0.14165777622708353
325,1191,1516,0.14165801899452446
327,1183,1510,0.1416891522234235
328,1187,1515,0.14171390945172357
320,1196,1516,0.14173727287231194
325,1188,1513,0.1417773905155099
323,1199,1522,0.14180306913089955
318,1198,1516,0.14183096574546933
314,1197,1511,0.14187044257783785
314,1194,1508,0.14191689116552123
308,1199,1507,0.141960144197613
307,1196,1503,0.1420149288439459
313,1200,1513,0.14206878175256393
311,1207,1518,0.14210331233037934
311,1203,1514,0.14213625119084786
305,1202,1507,0.14216846492996754
311,1205,1516,0.14221317541237016
308,1193,1501,0.1422390969263385
307,1191,1498,0.14226991191915142
304,1203,1507,0.14230084098052287
306,1211,1517,0.14233801717492123
313,1213,1526,0.1423704374626316
302,1213,1515,0.1423827465144233
306,1213,1519,0.14242144753856892
307,1205,1512,0.14244747668982854
309,1209,1518,0.14246932632286255
314,1206,1520,0.14248510388780056
312,1214,1526,0.14248971596722068
308,1219,1527,0.14249988083173482
308,1212,1520,0.1425204009167991
304,1219,1523,0.1425414025501438
303,1209,1512,0.14256897384440734
300,1208,1508,0.14259651958810038
298,1207,1505,0.14262973834785375
296,1210,1506,0.14266718024337222
295,1221,1516,0.1427066313253441
287,1225,1512,0.14274595289922756
294,1226,1520,0.14280047357843476
293,1230,1523,0.14283454551801705
290,1232,1522,0.14286857693564514
289,1233,1522,0.14290745876713581
294,1227,1521,0.1429447332743121
295,1233,1528,0.14296975795240152
299,1227,1526,0.1429896144234194
301,1215,1516,0.14299819097609734
300,1205,1505,0.14300102972402973
298,1211,1509,0.14300191799989073
298,1199,1497,0.14300947445145953
300,1201,1501,0.1430164070398422
299,1217,1516,0.1430167178106384
305,1218,1523,0.14302086853784135
298,1226,1524,0.14301204934644518
296,1225,1521,0.1430183053690329
293,1228,1521,0.14303007770626341
296,1224,1520,0.14304893488993384
299,1221,1520,0.14306141162851457
295,1215,1510,0.14306345113151553
293,1219,1512,0.14307417248127352
288,1215,1503,0.1430901055230319
286,1214,1500,0.14311773222855959
292,1203,1495,0.14314749232179352
293,1218,1511,0.14316283918363418
287,1223,1510,0.14317069663734164
290,1223,1513,0.14319394175195632
292,1226,1518,0.1432076638920498
292,1221,1513,0.14321632047751126
294,1210,1504,0.14322606558640122
290,1214,1504,0.14323033058868181
287,1209,1496,0.14324334972031338
292,1208,1500,0.14326351266254783
292,1199,1491,0.14326941765053802
283,1212,1495,0.14327221219140696
279,1220,1499,0.14329588522279157
278,1211,1489,0.14332841334453333
280,1226,1506,0.14336363975375918
275,1214,1489,0.14339271202647386
271,1225,1496,0.14343331857249766
275,1229,1504,0.1434816616703441
277,1240,1517,0.14351878552945707
269,1240,1509,0.14354915197452262
271,1257,1528,0.14359679329616404
270,1244,1514,0.14363625231416122
271,1238,1509,0.1436744327695273
270,1240,1510,0.14370650885138708
272,1243,1515,0.1437383579480484
272,1241,1513,0.1437620142453193
266,1245,1511,0.14378354434993226
264,1246,1510,0.14381834601490529
265,1251,1516,0.14385155704120753
267,1236,1503,0.1438799571608688
264,1231,1495,0.14390203728750856
270,1244,1514,0.14393162117697542
268,1255,1523,0.14394504005774744
269,1249,1518,0.14396064777330303
278,1244,1522,0.14397248256339865
271,1251,1522,0.14396325942281343
270,1253,1523,0.14397260839788154
270,1261,1531,0.14398447602259837
267,1262,1529,0.14399587814921339
266,1260,1526,0.14401423945848316
263,1245,1508,0.14403362642575065
262,1249,1511,0.14405702811304175
261,1265,1526,0.14408375231280726
264,1260,1524,0.1441106782845694
263,1249,1512,0.1441302482442954
259,1265,1524,0.14415313895356519
255,1265,1520,0.14418457296384443
255,1272,1527,0.14422308025548353
254,1265,1519,0.14426027922691748
244,1257,1501,0.14429465672220473
244,1256,1500,0.14435053273902315
247,1261,1508,0.14440273262372494
256,1274,1530,0.1444427508579528
250,1263,1513,0.14445769352889865
252,1255,1507,0.14448556016499073
253,1247,1500,0.1445057011362027
248,1253,1501,0.14452087487265827
250,1259,1509,0.14454634212121376
249,1262,1511,0.1445695176593774
253,1256,1509,0.1445918664718077
251,1260,1511,0.14460258282363145
251,1259,1510,0.1446189211918041
252,1265,1517,0.1446321190957306
248,1266,1514,0.1446422336258456
248,1264,1512,0.1446603339504615
252,1257,1509,0.14467380605625357
251,1254,1505,0.14467879264906836
250,1256,1506,0.14468781578824172
252,1270,1522,0.14469947825136387
255,1258,1513,0.1447070641066083
256,1252,1508,0.14470682406583685
255,1246,1501,0.14470438562669038
252,1259,1511,0.1447042355346741
255,1258,1513,0.14471171691616644
255,1258,1513,0.1447116657380811
255,1258,1513,0.14470857897028522
250,1251,1501,0.14470751353473754
251,1263,1514,0.14471635944735584
249,1260,1509,0.14472019698935956
253,1269,1522,0.14472939989919933
253,1271,1524,0.14472938052440285
247,1276,1523,0.14473099429734665
245,1280,1525,0.1447466674320771
239,1272,1511,0.14476693320297598
233,1275,1508,0.1448013583803843
234,1276,1510,0.14484898403421417
232,1276,1508,0.14489096321842262
234,1288,1522,0.1449345925663054
237,1282,1519,0.14497185016547992
241,1281,1522,0.14499951190431998
240,1265,1505,0.14501181035749583
237,1261,1498,0.1450273892233543
237,1250,1487,0.1450465166109462
234,1250,1484,0.14506447013786533
237,1253,1490,0.1450900804867387
234,1262,1496,0.145105640671305
228,1272,1500,0.14512769877349616
227,1266,1493,0.14516216983472763
232,1281,1513,0.14519668880137276
232,1288,1520,0.14521929324246177
231,1286,1517,0.1452393454073712
237,1284,1521,0.14525970794596355
236,1273,1509,0.14526412912080228
237,1287,1524,0.14527104167742796
227,1277,1504,0.14527355708763687
224,1282,1506,0.14529941187197914
222,1291,1513,0.14533224732282116
224,1287,1511,0.14536790847644943
224,1290,1514,0.14539583148915905
232,1290,1522,0.14542364846411313
227,1288,1515,0.14543062295212028
230,1287,1517,0.14544931521953466
231,1292,1523,0.14545908110103084
230,1299,1529,0.14546780330462525
229,1309,1538,0.14548037152866897
225,1295,1520,0.14549570016732827
219,1286,1505,0.14552111891603375
218,1282,1500,0.14556010101008274
221,1286,1507,0.1455984717969438
218,1291,1509,0.14562667650851469
219,1303,1522,0.1456601916436117
219,1309,1528,0.1456895424592754
221,1306,1527,0.14571647443974953
220,1302,1522,0.1457360716909305
218,1300,1518,0.14575624152375855
219,1305,1524,0.145779584230982
217,1311,1528,0.14579847781751465
219,1294,1513,0.14582131805802587
216,1287,1503,0.1458345818645158
217,1294,1511,0.14585454741948845
218,1285,1503,0.14587095310909673
217,1298,1515,0.1458844183593548
218,1296,1514,0.14589678254688546
218,1300,1518,0.1459075743497635
211,1292,1503,0.14591873240727304
212,1287,1499,0.14594739726207287
208,1290,1498,0.1459712554995143
208,1304,1512,0.14600468491536778
208,1307,1515,0.1460356210650574
200,1304,1504,0.14606498479844768
200,1307,1507,0.14611074201252122
199,1308,1507,0.14615345000212993
205,1300,1505,0.14619621784600834
203,1313,1516,0.14622070373086404
200,1320,1520,0.14624880693819933
199,1321,1520,0.14628223985133093
197,1331,1528,0.14631617442714298
200,1325,1525,0.14635359304827208
201,1314,1515,0.1463800885336362
198,1313,1511,0.14640393152983347
199,1305,1504,0.1464342293468308
195,1306,1501,0.1464600359300682
196,1313,1509,0.14649238609764834
202,1308,1510,0.14651804050014017
202,1307,1509,0.14652555827968433
203,1311,1514,0.1465321930930261
200,1307,1507,0.1465357622141286
201,1319,1520,0.14654780480465296
197,1310,1507,0.1465580193478386
196,1315,1511,0.14657645980093048
197,1317,1514,0.14659471288200251
197,1318,1515,0.1466104076798813
201,1318,1519,0.14662453189649124
199,1330,1529,0.14662820655666148
198,1330,1528,0.14663710685410333
200,1327,1527,0.14664733172700026
195,1306,1501,0.14665409068938423
192,1305,1497,0.1466726912639575
196,1316,1512,0.1466983689303696
197,1316,1513,0.14671189334853285
186,1319,1505,0.14672331185423018
189,1332,1521,0.14675977545270316
192,1327,1519,0.14678721213629045
194,1332,1526,0.1468063298679208
197,1329,1526,0.14682097028125032
194,1322,1516,0.14682699654695663
192,1320,1512,0.14683973790408542
190,1328,1518,0.14685773000007674
187,1327,1514,0.14687912357210128
191,1326,1517,0.1469056015144111
187,1338,1525,0.14692245797696546
185,1336,1521,0.1469466091588807
183,1329,1512,0.14697488799981975
177,1320,1497,0.14700700728036648
174,1319,1493,0.1470498776734522
174,1332,1506,0.14709656254570405
178,1338,1516,0.14714035811753953
179,1339,1518,0.14717139130439078
183,1335,1518,0.1471975798881163
185,1338,1523,0.1472126826008137
184,1342,1526,0.1472225094079533
183,1343,1526,0.1472348218685945
181,1342,1523,0.14724957698135888
177,1340,1517,0.14726674906883735
173,1351,1524,0.14729216093533334
175,1344,1519,0.14732567023273505
179,1328,1507,0.14735255182508064
184,1323,1507,0.14736905368533612
183,1329,1512,0.14737102581774264
187,1337,1524,0.14737481674599526
187,1339,1526,0.14736873640870943
183,1334,1517,0.1473645675403571
175,1322,1497,0.14736934905109525
173,1324,1497,0.1473918270158729
172,1337,1509,0.14741756986536106
170,1334,1504,0.14744498617284682
175,1321,1496,0.14747482218085822
174,1326,1500,0.14749095018224181
178,1331,1509,0.147509048560157
176,1336,1512,0.14751572528629786
174,1336,1510,0.14752578387046755
173,1341,1514,0.1475406759445061
174,1342,1516,0.14755633371675037
174,1351,1525,0.14756880933682073
170,1352,1522,0.14758137926429396
171,1353,1524,0.14760218257651755
172,1352,1524,0.1476201618292091
175,1346,1521,0.14763536041749398
173,1355,1528,0.14764163197878322
174,1353,1527,0.14765199482427266
170,1357,1527,0.14765972213521925
165,1347,1512,0.14767672961335093
164,1352,1516,0.14770492423601955
163,1352,1515,0.14773141817873278
163,1365,1528,0.14775865025189827
163,1356,1519,0.14778361308736193
167,1348,1515,0.14780650465054962
166,1351,1517,0.14781989173525634
171,1351,1522,0.14783272076638845
176,1350,1526,0.14783056390669191
174,1339,1513,0.1478163946139951
175,1346,1521,0.1478072403039624
172,1350,1522,0.14779781011315019
171,1344,1515,0.14779616681338734
169,1339,1508,0.14779607817026538
172,1331,1503,0.14779858009488975
176,1326,1502,0.1477949789244878
170,1316,1486,0.14778288852234414
170,1328,1498,0.14778671142551958
169,1339,1508,0.14779187485635295
165,1341,1506,0.1477996311934289
158,1339,1497,0.14781662035152704
159,1350,1509,0.14784836428943923
163,1337,1500,0.14787588368177654
166,1336,1502,0.14789035779820242
166,1344,1510,0.14789699393082817
167,1345,1512,0.14790230274084326
163,1343,1506,0.1479043725497915
166,1334,1500,0.1479153245523922
166,1334,1500,0.14791817430479928
169,1343,1512,0.147920727737236
170,1339,1509,0.14791659425936277
168,1345,1513,0.14791076790116367
169,1357,1526,0.14791086191525576
168,1367,1535,0.1479076613113515
170,1363,1533,0.14790841965385843
168,1365,1533,0.1479043286305115
168,1359,1527,0.1479067001920439
171,1357,1528,0.1479081212306107
172,1359,1531,0.1479021662562376
171,1354,1525,0.14789471217335642
173,1351,1524,0.1478904431223014
170,1353,1523,0.14788214387596807
170,1361,1531,0.14788147599612594
170,1362,1532,0.14788251883265224
168,1359,1527,0.14788316212251892
167,1358,1525,0.14788795938290988
166,1356,1522,0.14789444551863287
164,1347,1511,0.14790328291308447
169,1355,1524,0.1479158031442844
169,1343,1512,0.14791446193222493
164,1334,1498,0.14791468160643106
163,1337,1500,0.14792616157314295
164,1355,1519,0.1479394029127885
164,1350,1514,0.1479505984866432
163,1340,1503,0.14796139847450326
161,1341,1502,0.1479738859437474
161,1350,1511,0.14798940115881443
160,1346,1506,0.14800439181508296
158,1350,1508,0.14802046684162196
158,1354,1512,0.14804001244268172
159,1362,1521,0.14805870049018804
161,1355,1516,0.14807304394930135
160,1354,1514,0.14808271942900503
154,1349,1503,0.148092719341716
155,1348,1503,0.14811678162647826
154,1363,1517,0.14813448898765103
155,1371,1526,0.14815314133080215
157,1370,1527,0.14816948101360708
158,1376,1534,0.14818082299415455
156,1369,1525,0.14818775498828113
153,1356,1509,0.1482000073679913
154,1362,1516,0.148220171942458
156,1364,1520,0.14823614056883389
160,1360,1520,0.14824587136463266
160,1355,1515,0.14824373486521808
155,1364,1519,0.14824252880014693
158,1358,1516,0.14825387569472182
159,1352,1511,0.14825748333359318
160,1353,1513,0.14825747322307908
156,1355,1511,0.14825603946223798
157,1352,1509,0.14826404399692963
155,1362,1517,0.14826763001422122
151,1364,1515,0.14827668027884144
153,1366,1519,0.1482950032347051
154,1373,1527,0.1483064315884005
156,1366,1522,0.14831576924016307
154,1363,1517,0.1483203266490742
153,1385,1538,0.1483287801936497
152,1377,1529,0.14833965794128326
151,1378,1529,0.1483523592137727
153,1371,1524,0.1483675023896228
154,1359,1513,0.14837515181284128
152,1350,1502,0.14838084130153784
147,1347,1494,0.14839022853318318
146,1359,1505,0.14841099675409175
150,1372,1522,0.148431799969723
147,1379,1526,0.14844089869847182
144,1364,1508,0.14845785701025943
145,1370,1515,0.1484797669635014
146,1373,1519,0.14849770209507818
144,1360,1504,0.14851283826211123
141,1359,1500,0.14852956653312907
140,1357,1497,0.1485518067620992
144,1359,1503,0.14857504400009497
143,1370,1513,0.14858725958172891
145,1373,1518,0.14860002273904915
149,1365,1514,0.14860874044512898
145,1362,1507,0.1486077877090753
146,1363,1509,0.14861618650737873
147,1367,1514,0.14862133015284823
145,1362,1507,0.1486231410831268
146,1372,1518,0.14863099141317876
142,1366,1508,0.1486367706006216
144,1374,1518,0.14865037759484548
142,1368,1510,0.1486590033095171
145,1374,1519,0.14867232124808485
141,1368,1509,0.14867610083258045
142,1371,1513,0.14869003853464588
143,1371,1514,0.14870125102561055
138,1384,1522,0.1487091364353711
140,1373,1513,0.14872880285173729
144,1373,1517,0.14874160811544065
145,1370,1515,0.14874244356659005
149,1370,1519,0.14874112954737675
145,1369,1514,0.14873081740810729
144,1376,1520,0.1487300318848919
144,1362,1506,0.14872981564346963
140,1364,1504,0.14873057382684438
144,1368,1512,0.14874045038148137
143,1375,1518,0.14873908714524714
147,1359,1506,0.14874155879748946
144,1371,1515,0.14873425646066896
145,1372,1517,0.14873506841648357
145,1367,1512,0.14873483915075222
142,1380,1522,0.1487348731260629
140,1371,1511,0.14874151056194226
143,1363,1506,0.14875221202424252
144,1354,1498,0.14875437675952682
148,1359,1507,0.14875379079679754
152,1352,1504,0.14874083023683446
153,1346,1499,0.148720603597354
151,1348,1499,0.14869910558099408
149,1355,1504,0.14868533046653096
148,1342,1490,0.14867909043487718
146,1355,1501,0.14867737239665565
155,1344,1499,0.14867999981813057
158,1351,1509,0.1486588982139914
156,1363,1519,0.14863013498435657
156,1372,1528,0.1486085912584704
153,1369,1522,0.14859017751867923
156,1358,1514,0.14858096467128815
154,1360,1514,0.14856702832110347
151,1362,1513,0.1485603712129225
153,1368,1521,0.1485612822602858
149,1372,1521,0.14855674004318395
150,1369,1519,0.14856206510028946
148,1363,1511,0.14856390481923212
147,1366,1513,0.14857099950205452
147,1372,1519,0.1485795435708085
143,1366,1509,0.1485891226772173
140,1373,1513,0.14860806407387955
141,1371,1512,0.14863193889679382
138,1369,1507,0.14865185975288583
140,1378,1518,0.14867590753649346
140,1388,1528,0.1486931929217158
138,1386,1524,0.1487079442920309
137,1373,1510,0.1487269370193312
135,1377,1512,0.14874728990669486
136,1375,1511,0.1487694904034931
134,1380,1514,0.14878939748013612
135,1380,1515,0.14881312447112532
132,1392,1524,0.14883421155403473
131,1389,1520,0.14886165660422696
130,1387,1517,0.14888962426308436
130,1389,1519,0.14891854114530875
129,1398,1527,0.14894446680071677
124,1386,1510,0.14897166881464244
122,1387,1509,0.1490090593381107
121,1391,1512,0.14905001060282969
121,1408,1529,0.14908956830513465
121,1411,1532,0.14912662752717334
121,1404,1525,0.14916032906872154
124,1409,1533,0.14919067276673428
122,1405,1527,0.14921207653547713
123,1383,1506,0.14923628119750243
122,1392,1514,0.14925794751542962
118,1395,1513,0.1492783289836391
124,1384,1508,0.14930577892799193
128,1383,1511,0.1493193585670919
126,1394,1520,0.1493189148817875
129,1391,1520,0.1493238300832045
131,1391,1522,0.14932149193595584
129,1387,1516,0.14931265456381493
130,1376,1506,0.14930896962746526
132,1371,1503,0.1493051965916315
130,1372,1502,0.1492966186916252
131,1365,1496,0.1492930872350548
125,1356,1481,0.1492881975404179
127,1368,1495,0.14929865875806558
128,1386,1514,0.1493027080530129
125,1380,1505,0.14930351706260814
125,1380,1505,0.14931277087402567
120,1385,1505,0.1493209962603119
122,1374,1496,0.14934116374481965
123,1385,1508,0.14935528152241098
125,1388,1513,0.1493675043364977
122,1406,1528,0.14937387619382775
123,1396,1519,0.14938783429444985
123,1385,1508,0.14939779550488252
124,1394,1518,0.14940639240634762
124,1388,1512,0.1494117072809415
123,1395,1518,0.14941707232691218
121,1397,1518,0.14942460908557278
121,1405,1526,0.14943670658417219
118,1400,1518,0.14944878509260454
116,1409,1525,0.14946726241339225
113,1415,1528,0.14948937100949578
111,1416,1527,0.14951730777756717
110,1416,1526,0.14954801938172665
111,1400,1511,0.14957953075450314
110,1409,1519,0.14960633759683656
109,1409,1518,0.14963361394591074
106,1422,1528,0.14966120317780127
105,1428,1533,0.14969481142111798
106,1417,1523,0.14972840195900589
106,1413,1519,0.14975578650006038
104,1419,1523,0.14978220387975058
103,1420,1523,0.14981171696493376
103,1419,1522,0.14984124233738144
102,1409,1511,0.14986888441515225
100,1417,1517,0.1498973660223074
100,1417,1517,0.14992873356292072
98,1419,1517,0.14995921790321853
97,1419,1516,0.1499934992794004
98,1414,1512,0.15002860803023943
102,1413,1515,0.15005927861716034
98,1423,1521,0.15007726978005098
93,1407,1500,0.15010347592075543
93,1399,1492,0.1501407004264877
94,1403,1497,0.1501769775577783
94,1409,1503,0.15020822577236131
94,1409,1503,0.15023808043996248
91,1417,1508,0.15026504731095128
90,1423,1513,0.15029774281763822
89,1432,1521,0.15033171905799203
89,1419,1508,0.15036625991134553
92,1408,1500,0.15039819871928034
93,1403,1496,0.15042017709975336
94,1411,1505,0.15043799324421683
95,1425,1520,0.15045234332299418
91,1423,1514,0.15046232693520742
93,1421,1514,0.1504812022784739
90,1424,1514,0.15049335735175076
89,1416,1505,0.15051265613904846
88,1418,1506,0.15053367244817692
89,1432,1521,0.15055501731754797
87,1432,1519,0.15057179867272893
86,1436,1522,0.1505926998742089
87,1439,1526,0.15061532754778234
87,1429,1516,0.15063343164408796
87,1428,1515,0.15065052532567916
87,1441,1528,0.15066693896377636
87,1428,1515,0.15068181718294713
86,1432,1518,0.1506954738848741
84,1429,1513,0.15071228981597623
86,1424,1510,0.15073205571460702
84,1420,1504,0.1507467005246769
83,1424,1507,0.15076506424923974
84,1430,1514,0.15078336482400317
86,1425,1511,0.1507967829079994
86,1441,1527,0.15080457589362048
86,1441,1527,0.15081196782122747
84,1437,1521,0.15081981114384685
88,1431,1519,0.15083241512322623
89,1431,1520,0.1508352160448625
85,1435,1520,0.1508329935580872
85,1430,1515,0.15084122495562305
85,1438,1523,0.1508466478147006
84,1443,1527,0.15085178237959412
81,1429,1510,0.1508597186643095
80,1421,1501,0.15087450296067156
83,1414,1497,0.15089085246832468
81,1419,1500,0.15090009398738502
83,1429,1512,0.1509142710720452
84,1437,1521,0.1509222896835731
81,1438,1519,0.15092631717366395
81,1440,1521,0.15093806844986832
78,1444,1522,0.15094977020608788
79,1430,1509,0.15096824701836245
80,1434,1514,0.15098311489709473
75,1447,1522,0.15099390662187503
74,1446,1520,0.15101567177010244
77,1459,1536,0.15103681232772348
78,1462,1540,0.15104813305753997
74,1451,1525,0.15105759060657065
76,1449,1525,0.15107641152222656
77,1446,1523,0.15108901893155083
75,1446,1521,0.15109938249041954
73,1444,1517,0.15111494255540703
74,1441,1515,0.15113250333692324
77,1444,1521,0.15114531548792828
78,1450,1528,0.1511512151577155
77,1439,1516,0.15115385867739742
77,1449,1526,0.1511584466729298
76,1446,1522,0.15116382284540109
72,1441,1513,0.15117222536517055
72,1433,1505,0.1511903800185304
73,1449,1522,0.15120551959091638
71,1431,1502,0.15121763044875938
70,1425,1495,0.1512337740669287
68,1443,1511,0.15125091722688874
67,1455,1522,0.15127129194324215
67,1455,1522,0.15129255813568637
68,1456,1524,0.15131291114767323
70,1453,1523,0.15133058825729878
69,1439,1508,0.15134281873793556
70,1446,1516,0.1513564865426592
72,1444,1516,0.1513668145289221
73,1453,1526,0.1513715372671319
74,1442,1516,0.15137324348152725
74,1443,1517,0.15137132734264108
73,1454,1527,0.15136950867878107
70,1470,1540,0.1513700334497846
72,1467,1539,0.15137935477618833
73,1458,1531,0.15138360342249801
73,1450,1523,0.151385490564731
75,1447,1522,0.15138710170010813
75,1437,1512,0.15138276812955
74,1446,1520,0.15137953166986648
71,1449,1520,0.15137907069966358
67,1449,1516,0.1513855290960431
65,1446,1511,0.15140265647204948
66,1448,1514,0.1514234186728771
67,1451,1518,0.15144040962818053
67,1446,1513,0.1514545542269272
68,1442,1510,0.1514670195338622
70,1438,1508,0.15147669689341148
72,1446,1518,0.15148092543803673
69,1442,1511,0.1514797435833635
68,1453,1521,0.1514858642204273
68,1461,1529,0.1514945563277188
67,1459,1526,0.15150331873829181
66,1449,1515,0.1515144118601132
67,1452,1519,0.1515264489820354
66,1454,1520,0.1515357870657309
66,1442,1508,0.15154713861588562
69,1432,1501,0.151558100069764
70,1431,1501,0.15156017492629079
69,1447,1516,0.15155900210670623
69,1454,1523,0.15156076532841387
69,1449,1518,0.15156305943400247
68,1437,1505,0.15156574833981665
71,1445,1516,0.15157114264384508
71,1452,1523,0.15156878269353732
68,1458,1526,0.1515661728604848
64,1461,1525,0.1515699230444454
65,1449,1514,0.15158160643613275
65,1456,1521,0.15159095944439852
65,1459,1524,0.15159939487839177
61,1456,1517,0.15160775686827554
63,1452,1515,0.151625479013302
65,1447,1512,0.15163778851340023
64,1454,1518,0.1516449424339832
62,1458,1520,0.15165341362239507
61,1460,1521,0.1516651643259843
62,1469,1531,0.15167870175481668
60,1472,1532,0.1516894964178198
60,1474,1534,0.15170317251136017
60,1463,1523,0.15171605282906495
60,1465,1525,0.15172839453668713
60,1459,1519,0.1517405496161641
59,1459,1518,0.15175184633299413
60,1457,1517,0.15176533650968022
60,1467,1527,0.15177575162101675
58,1463,1521,0.15178587917891082
56,1465,1521,0.15179984291929755
53,1460,1513,0.15181786307363665
54,1466,1520,0.15184134431629942
52,1473,1525,0.15186110488668586
52,1466,1518,0.15188391068751167
52,1468,1520,0.15190573840071278
53,1464,1517,0.15192569331548025
54,1443,1497,0.151940867136635
50,1444,1494,0.1519529994234394
50,1452,1502,0.1519729735002003
50,1450,1500,0.15199164963674977
51,1462,1513,0.15200948851278404
53,1467,1520,0.15202324284352697
49,1464,1513,0.15203019799577588
49,1454,1503,0.15204637408380225
49,1464,1513,0.15206243047504198
48,1461,1509,0.1520776666925424
48,1464,1512,0.15209322522604218
51,1462,1513,0.15210888341339324
51,1458,1509,0.1521164165640042
51,1452,1503,0.15212355261692384
51,1465,1516,0.1521291918180316
51,1465,1516,0.15213603552613392
52,1461,1513,0.15214230606766177
53,1452,1505,0.1521460154206367
54,1448,1502,0.1521476086719297
52,1456,1508,0.15214611385559007
52,1457,1509,0.152149679790956
52,1464,1516,0.15215283859905504
52,1476,1528,0.15215523007186926
52,1474,1526,0.15215804749362036
51,1473,1524,0.15216098799760214
49,1474,1523,0.15216662093305466
52,1464,1516,0.1521747398161514
52,1454,1506,0.15217502623581858
55,1458,1513,0.15217404833405407
54,1466,1520,0.1521647095561381
53,1457,1510,0.15215903527003974
53,1469,1522,0.1521568818244252
52,1470,1522,0.15215557845335684
52,1478,1530,0.15215726833464985
51,1474,1525,0.15215922893505454
51,1476,1527,0.15216311516115147
48,1471,1519,0.15216691024662438
44,1475,1519,0.15217762190007172
46,1468,1514,0.15219569286282456
45,1468,1513,0.15220885441342893
42,1471,1513,0.1522236180782032
40,1469,1509,0.15224472934680994
41,1461,1502,0.15226887891424895
47,1465,1512,0.15228963696838385
46,1462,1508,0.15229377772517072
48,1462,1510,0.1523006844355702
47,1469,1516,0.15230096320336003
48,1464,1512,0.15230455418085534
48,1474,1522,0.15230609700708253
49,1480,1529,0.1523081818490193
51,1466,1517,0.15230743761361798
48,1464,1512,0.15230103295529476
46,1471,1517,0.15230171092489592
48,1465,1513,0.15230786405610328
50,1458,1508,0.15230883031087347
50,1459,1509,0.15230461959416208
50,1456,1506,0.1523012694942034
53,1457,1510,0.1522977847434516
51,1455,1506,0.15228655022746762
49,1447,1496,0.15228125311785343
49,1463,1512,0.15228216827011193
49,1462,1511,0.1522821655856433
44,1460,1504,0.1522821489402568
44,1469,1513,0.1522936602077617
41,1463,1504,0.15230500273536227
42,1457,1499,0.1523227993345998
42,1467,1509,0.15233761398097154
41,1468,1509,0.15235202485885468
40,1470,1510,0.15236764029547942
41,1476,1517,0.1523841665116472
42,1484,1526,0.15239794340282942
43,1482,1525,0.15240685339816243
40,1469,1509,0.1524132863516823
42,1478,1520,0.15242596783159892
40,1486,1526,0.15243361542682815
41,1485,1526,0.1524459264243355
41,1485,1526,0.15245464577085543
41,1480,1521,0.15246339492069322
37,1483,1520,0.15247108071409035
38,1474,1512,0.1524876513407661
38,1486,1524,0.1525014675347051
39,1480,1519,0.1525138346248789
39,1472,1511,0.15252243024133344
39,1473,1512,0.15253064744322992
38,1459,1497,0.15253893931612889
38,1458,1496,0.15254963468843216
37,1454,1491,0.1525579984541011
36,1457,1493,0.1525686732123517
37,1472,1509,0.1525810257370429
39,1484,1523,0.1525886023741837
38,1478,1516,0.1525901815511694
38,1475,1513,0.1525946829001969
37,1464,1501,0.15259914470607433
38,1481,1519,0.15260690891489725
39,1476,1515,0.15260989622649526
39,1464,1503,0.15261020851043777
40,1474,1514,0.15261086279789954
41,1476,1517,0.15260684232909494
41,1474,1515,0.15260166514659645
41,1463,1504,0.15259737124244005
38,1460,1498,0.15259422941967982
37,1466,1503,0.15259947771163193
37,1476,1513,0.1526071998493934
38,1471,1509,0.15261411616042558
38,1480,1518,0.15261899903282383
37,1488,1525,0.15262386280830353
40,1495,1535,0.1526314307273241
39,1485,1524,0.15263013076083154
40,1483,1523,0.15263068804201158
39,1474,1513,0.1526286333659436
37,1471,1508,0.1526297957388303
37,1475,1512,0.1526358051336026
37,1468,1505,0.152642009861402
39,1455,1494,0.15264768219348568
40,1464,1504,0.1526470358264449
38,1463,1501,0.15264453324429642
38,1461,1499,0.15264651953255354
40,1471,1511,0.152648664739877
40,1474,1514,0.15264599649928698
39,1462,1501,0.15264415633265158
40,1467,1507,0.15264520082637809
39,1474,1513,0.1526423607400711
39,1476,1515,0.15264253773864742
38,1468,1506,0.1526433443872503
39,1457,1496,0.15264688146630376
38,1482,1520,0.15264803118147646
37,1486,1523,0.1526518439965397
38,1469,1507,0.15265805266518878
37,1456,1493,0.1526612287976343
37,1460,1497,0.15266708446625235
38,1468,1506,0.15267299077347926
37,1470,1507,0.15267583118017455
36,1472,1508,0.15268106365086712
35,1479,1514,0.15268857993103888
35,1482,1517,0.15269813805024868
34,1477,1511,0.1527075171328324
34,1489,1523,0.15271884453975978
34,1487,1521,0.15272770613347614
35,1498,1533,0.15273642633440723
36,1498,1534,0.15274252800792518
35,1482,1517,0.1527453565906259
36,1486,1522,0.1527505765615497
36,1481,1517,0.15275320001748366
35,1486,1521,0.1527560617867282
33,1502,1535,0.15276125887885747
32,1494,1526,0.15277083065495745
31,1479,1510,0.15278227786054172
32,1484,1516,0.15279545922725304
33,1481,1514,0.1528046234174784
32,1490,1522,0.1528102904159976
32,1491,1523,0.1528173678948482
32,1491,1523,0.15282445862872646
31,1487,1518,0.15283141268178513
33,1490,1523,0.15284049066059086
32,1497,1529,0.15284467963646095
31,1484,1515,0.15285165226831665
30,1484,1514,0.15286071445353225
33,1479,1512,0.1528715734083689
33,1474,1507,0.15287413035039793
33,1477,1510,0.1528768485189202
32,1486,1518,0.152879687689351
32,1488,1520,0.1528847769635307
31,1485,1516,0.15288979129987465
28,1479,1507,0.15289687429714136
30,1490,1520,0.15291076453235697
29,1484,1513,0.1529186430514979
27,1493,1520,0.15292844010960735
27,1496,1523,0.15294214853961385
27,1499,1526,0.15295518079128936
26,1500,1526,0.15296756183828816
24,1493,1517,0.1529814635894571
24,1496,1520,0.15299892746242003
27,1493,1520,0.15301543148192384
26,1490,1516,0.15302328887451022
26,1487,1513,0.15303280305162012
26,1488,1514,0.15304195174743068
26,1488,1514,0.1530507366882065
27,1485,1512,0.1530591614597618
28,1489,1517,0.15306411514855556
28,1496,1524,0.15306573805686413
28,1497,1525,0.1530675832422598
27,1498,1525,0.1530696064364581
27,1505,1532,0.15307283228240295
26,1492,1518,0.1530762045511529
26,1502,1528,0.1530810645604087
26,1496,1522,0.15308598158520398
26,1499,1525,0.15309091776099884
26,1507,1533,0.15309584086298758
27,1492,1519,0.1531003536920398
29,1487,1516,0.15310241388759324
29,1471,1500,0.153097964277478
30,1478,1508,0.15309452841798993
29,1484,1513,0.15308916893955324
29,1478,1507,0.15308673338778298
30,1486,1516,0.15308495865109176
30,1479,1509,0.15308035127155314
30,1479,1509,0.1530764070796035
29,1485,1514,0.15307248690738337
28,1478,1506,0.15307105707356566
27,1471,1498,0.15307219588890472
28,1478,1506,0.15307563136777677
28,1494,1522,0.15307579888572434
27,1481,1508,0.1530763514950484
28,1491,1519,0.15308029445120638
27,1487,1514,0.15308079001157265
24,1493,1517,0.15308474602697458
27,1484,1511,0.1530953553506792
28,1502,1530,0.15309776440967057
28,1502,1530,0.15309708004636718
28,1503,1531,0.15309678660464196
28,1484,1512,0.153096826824006
29,1495,1524,0.1530960542831193
29,1501,1530,0.15309277275686206
29,1506,1535,0.15309003826158657
27,1511,1538,0.1530878371721162
26,1508,1534,0.1530904218636805
25,1506,1531,0.15309522403032522
26,1493,1519,0.15310217444544214
26,1490,1516,0.15310581746633442
26,1497,1523,0.15310959644504377
24,1501,1525,0.15311343177579415
23,1495,1518,0.1531216527681886
24,1488,1512,0.15313181350178776
23,1499,1522,0.1531391127454542
24,1483,1507,0.1531483063262284
24,1489,1513,0.1531549330203372
21,1500,1521,0.15316133454257785
22,1503,1525,0.15317411153474242
22,1503,1525,0.15318378305395006
21,1487,1508,0.15319301008864866
21,1483,1504,0.1532039990765578
21,1491,1512,0.1532144332959066
20,1491,1511,0.1532224290673058
19,1491,1510,0.1532315372329365
20,1487,1507,0.15324346077283743
21,1485,1506,0.15325235980541585
20,1490,1510,0.15325823021236754
19,1491,1510,0.15326616730830872
20,1496,1516,0.15327626492870972
21,1478,1499,0.15328318582409656
20,1488,1508,0.15328739255828477
20,1501,1521,0.1532935622630449
19,1511,1530,0.15329958807575003
19,1497,1516,0.1533076195247217
18,1485,1503,0.15331534991413565
19,1490,1509,0.15332522052611014
21,1501,1522,0.15333137608154154
21,1491,1512,0.15333093394378644
22,1501,1523,0.15333092121121042
22,1503,1525,0.15332799436217356
22,1505,1527,0.1533256815944265
23,1493,1516,0.15332277907649308
22,1505,1527,0.1533172713891763
22,1499,1521,0.15331475004501124
23,1487,1510,0.15331285636121397
23,1502,1525,0.1533092432178235
23,1491,1514,0.1533051712218938
22,1498,1520,0.15330181431670756
22,1491,1513,0.15330122454969902
22,1475,1497,0.15330097824074718
21,1496,1517,0.1533010986564393
21,1498,1519,0.15330372774147766
21,1504,1525,0.15330604422250976
21,1503,1524,0.15330830422003475
21,1495,1516,0.15331048386523183
23,1483,1506,0.15331281601054245
24,1493,1517,0.15330872713744892
24,1498,1522,0.1533028184789389
24,1503,1527,0.15329770961626843
23,1507,1530,0.15329330971674715
23,1506,1529,0.15329170019602054
22,1495,1517,0.15329051104888167
22,1487,1509,0.15329186173379078
22,1496,1518,0.15329319756044651
22,1495,1517,0.15329455724388114
21,1496,1517,0.15329541178251385
21,1495,1516,0.15329871755350505
22,1491,1513,0.1533018139938214
23,1488,1511,0.15330083995129415
23,1493,1516,0.15329794659613444
23,1486,1509,0.15329563403702492
23,1484,1507,0.15329358845501515
22,1469,1491,0.15329202275438225
22,1483,1505,0.1532930692583715
23,1481,1504,0.15329433633922065
23,1485,1508,0.15329266716765388
23,1481,1504,0.1532914227152373
24,1485,1509,0.15329054584090795
23,1494,1517,0.15328671848332495
23,1489,1512,0.1532860877210238
24,1492,1516,0.1532857613586558
22,1478,1500,0.15328246787287425
26,1486,1512,0.15328398779909924
26,1486,1512,0.15327489686822515
26,1482,1508,0.1532668317836413
27,1497,1524,0.15325968456217973
26,1508,1534,0.1532500912712345
25,1509,1534,0.1532430152544871
24,1493,1517,0.1532389948993645
26,1490,1516,0.15323781288977276
25,1501,1526,0.15323086846992426
26,1499,1525,0.1532270383765902
27,1490,1517,0.1532218662326802
27,1488,1515,0.15321514884068668
27,1477,1504,0.1532092419267656
26,1484,1510,0.1532040576248079
24,1493,1517,0.15320166949379335
24,1499,1523,0.15320410114828104
25,1489,1514,0.15320664338796494
25,1490,1515,0.15320690863343964
24,1486,1510,0.15320739002086955
23,1491,1514,0.15321024644556117
24,1501,1525,0.1532152647628747
24,1490,1514,0.1532168936310744
24,1496,1520,0.15321868298582564
25,1479,1504,0.15322059799176965
25,1467,1492,0.15321932985434786
24,1469,1493,0.1532184373394769
23,1487,1510,0.15322008772338636
26,1492,1518,0.15322399822924146
26,1488,1514,0.15321900857980653
26,1492,1518,0.15321360332255535
26,1485,1511,0.15320901891985794
28,1485,1513,0.15320403184056197
27,1486,1513,0.15319530169382753
27,1492,1519,0.15318975875959828
27,1496,1523,0.15318388299105062
27,1493,1520,0.15317886662573524
27,1498,1525,0.1531746088866824
27,1501,1528,0.153171019802842
24,1504,1528,0.15316801910162087
23,1494,1517,0.15317289570820875
23,1499,1522,0.15317985456831557
22,1502,1524,0.1531865864162467
23,1503,1526,0.15319525105312193
22,1497,1519,0.15320119221855888
21,1492,1513,0.15320908893808166
20,1490,1510,0.15321883054651544
22,1496,1518,0.1532295045432971
21,1500,1521,0.15323501111886384
18,1494,1512,0.15324274081492095
18,1496,1514,0.15325693775667076
19,1504,1523,0.15327040190692653
19,1513,1532,0.15328082625768666
17,1514,1531,0.1532907408018403
17,1493,1510,0.1533045744693723
16,1490,1506,0.1533176566913202
16,1497,1513,0.1533321527481216
16,1487,1503,0.15334584057456366
17,1479,1496,0.1533587619194766
18,1476,1494,0.15336786882029702
17,1474,1491,0.1533732909946527
17,1490,1507,0.1533808153782057
17,1500,1517,0.15338774589044432
17,1509,1526,0.15339448053942842
15,1496,1511,0.1534010093932795
15,1503,1518,0.1534120171141752
15,1505,1520,0.15342248295942196
16,1494,1510,0.15343136642057517
15,1507,1522,0.15343736972287328
14,1495,1509,0.15344584398880193
15,1492,1507,0.15345615064882165
14,1505,1519,0.15346271267643657
13,1521,1534,0.1534705181800225
13,1502,1515,0.15348027899302658
14,1505,1519,0.15348970931809577
16,1496,1512,0.15349553598574806
18,1504,1522,0.15349657497186264
18,1499,1517,0.15349133383200864
18,1502,1520,0.1534869272177357
18,1504,1522,0.1534832551091549
18,1504,1522,0.15347992525181722
18,1511,1529,0.1534772077993518
18,1517,1535,0.15347502631257992
18,1526,1544,0.15347264947912864
18,1515,1533,0.15347078339423392
18,1514,1532,0.15346936182592588
18,1507,1525,0.15346832594524723
18,1491,1509,0.1534676235523152
18,1493,1511,0.15346720838049147
19,1491,1510,0.15346703947093351
19,1492,1511,0.15346452033931485
18,1494,1512,0.15346237400062068
17,1501,1518,0.15346291324502692
18,1498,1516,0.15346574156069048
18,1502,1520,0.15346631131144778
18,1504,1522,0.1534669842701928
19,1502,1521,0.1534677408690653
19,1496,1515,0.15346535783003484
19,1485,1504,0.15346228595046096
19,1489,1508,0.15345968140408875
19,1505,1524,0.1534574887092641
19,1491,1510,0.15345565836462957
19,1513,1532,0.15345385403678688
20,1511,1531,0.1534523757747824
20,1515,1535,0.15344791674812744
21,1516,1537,0.15344401252967838
21,1502,1523,0.15343735489553428
21,1500,1521,0.15343144010738632
19,1502,1521,0.15342619054114418
19,1498,1517,0.15342583912180507
19,1505,1524,0.1534257565544374
19,1508,1527,0.15342590257141475
17,1499,1516,0.1534262416586695
16,1485,1501,0.15343108513685164
15,1478,1493,0.15343795705097055
15,1486,1501,0.1534468763695335
15,1476,1491,0.15345536965086712
14,1479,1493,0.15346345115127824
14,1491,1505,0.1534733098411112
15,1509,1524,0.15348265218118956
13,1501,1514,0.15348824997725052
12,1499,1511,0.15349811583426282
12,1493,1505,0.15351057431601142
12,1500,1512,0.15352132699588508
13,1492,1505,0.15353156029812395
13,1489,1502,0.15353901221617852
13,1483,1496,0.15354514528858698
13,1489,1502,0.15355111183881573
12,1495,1507,0.15355690212299813
13,1498,1511,0.15356466670527824
12,1505,1517,0.15356946382277703
12,1501,1513,0.15357628678904228
12,1512,1524,0.1535828650693228
12,1506,1518,0.1535886391036987
12,1504,1516,0.15359425446800523
9,1497,1506,0.15359946303154146
9,1494,1503,0.1536112322311582
9,1495,1504,0.1536223631725659
8,1499,1507,0.15363295078177275
9,1505,1514,0.15364516225646963
10,1496,1506,0.15365452296498186
10,1501,1511,0.15366098054616692
9,1502,1511,0.1536671694776773
9,1502,1511,0.15367533958375293
9,1498,1507,0.15368310400037205
10,1496,1506,0.15369047857932802
9,1507,1516,0.15369505627050262
9,1502,1511,0.1537018450282976
10,1508,1518,0.15370828178155882
10,1517,1527,0.15371112183313893
10,1510,1520,0.15371394545107417
10,1508,1518,0.15371673859066834
11,1505,1516,0.15371948950678102
11,1523,1534,0.15371891180588879
11,1511,1522,0.15371858080600942
10,1501,1511,0.1537184611538054
11,1516,1527,0.15372069408303407
11,1514,1525,0.15372014665399159
11,1511,1522,0.1537198380284423
10,1513,1523,0.15371973412144185
10,1516,1526,0.15372196898332371
10,1526,1536,0.15372422088251672
10,1517,1527,0.1537264742213286
10,1514,1524,0.15372871573776192
11,1516,1527,0.1537309342312797
11,1515,1526,0.15372984872764137
11,1516,1527,0.1537290288222154
11,1504,1515,0.15372843933422783
12,1491,1503,0.15372804903707674
13,1488,1501,0.15372456554118302
13,1499,1512,0.15371838130344784
12,1497,1509,0.15371266426436242
12,1493,1505,0.1537105679577836
12,1498,1510,0.1537087952444172
13,1505,1518,0.15370730753144957
13,1504,1517,0.15370296530463493
13,1502,1515,0.15369912374455574
13,1500,1513,0.1536957297356323
14,1497,1511,0.153692735564975
13,1485,1498,0.15368682236523604
12,1496,1508,0.15368414723760995
11,1491,1502,0.1536839973053153
11,1495,1506,0.15368617150622899
12,1479,1491,0.15368837498513518
12,1501,1513,0.1536883188728938
12,1513,1525,0.15368841087808413
12,1501,1513,0.1536886280895705
12,1507,1519,0.1536889503258504
11,1510,1521,0.15368935984058432
9,1506,1515,0.15369197952061278
10,1501,1511,0.1536988215358904
10,1499,1509,0.15370207299572616
10,1497,1507,0.15370530417074502
10,1501,1511,0.15370849881999551
10,1506,1516,0.15371164340024204
10,1493,1503,0.1537147267352292
10,1504,1514,0.15371773972126393
10,1507,1517,0.15372067506533457
10,1509,1519,0.15372249143462832
10,1507,1517,0.15372438246399742
10,1507,1517,0.15372632565054029
10,1503,1513,0.1537283015960197
10,1509,1519,0.1537302936506657
9,1503,1512,0.15373228759475327
9,1494,1503,0.15373641601257163
10,1505,1515,0.15374039419322139
11,1499,1510,0.15374095685321934
11,1509,1520,0.15373933116379457
10,1505,1515,0.15373799372468475
11,1506,1517,0.1537390460882633
11,1506,1517,0.15373798187533538
12,1507,1519,0.15373712871852566
12,1505,1517,0.1537334724242761
12,1518,1530,0.15373023944835268
12,1516,1528,0.15372738484964274
12,1520,1532,0.15372486825217804
12,1498,1510,0.1537226533927817
12,1495,1507,0.15371959228821436
12,1503,1515,0.1537169466428259
12,1503,1515,0.15371466938778475
12,1514,1526,0.15371271838958384
12,1515,1527,0.1537110559528509
11,1517,1528,0.15370964837212553
12,1514,1526,0.15371064175131152
11,1509,1520,0.15370844436265343
11,1506,1517,0.15370925021135476
11,1516,1527,0.15371015854208495
11,1498,1509,0.1537111487396966
9,1502,1511,0.153712202805867
7,1507,1514,0.15371758234631666
8,1513,1521,0.15372705783146173
8,1512,1520,0.1537338169825945
9,1499,1508,0.15374025545686604
9,1511,1520,0.15374367875282252
9,1515,1524,0.15374701996935736
8,1515,1523,0.1537502719747092
8,1501,1509,0.15375525265062628
10,1506,1516,0.1537600551586583
11,1515,1526,0.15376004024078038
10,1507,1517,0.15375692474891384
10,1505,1515,0.15375640402470878
10,1510,1520,0.15375611760013527
10,1517,1527,0.15375603173948224
10,1501,1511,0.15375611662626337
10,1500,1510,0.1537563459462848
11,1506,1517,0.15375669651312002
11,1504,1515,0.15375387818491137
11,1509,1520,0.15375144833099477
11,1503,1514,0.1537493624983243
11,1496,1507,0.15374758093145185
11,1497,1508,0.15374606809617059
10,1496,1506,0.1537443555326114
10,1491,1501,0.1537460757447081
10,1505,1515,0.1537477519341082
8,1511,1519,0.1537493809070492
8,1511,1519,0.15375553006000825
9,1502,1511,0.15376132441831003
8,1500,1508,0.1537643189372914
8,1491,1499,0.1537696106882561
7,1499,1506,0.15377459444908637
7,1492,1499,0.15378142665283673
7,1500,1507,0.15378785455850047
7,1499,1506,0.15379390143951904
7,1513,1520,0.15379958929503837
8,1520,1528,0.15380493891292957
8,1521,1529,0.15380752135107228
8,1506,1514,0.15380998202093563
8,1519,1527,0.15381232487156818
8,1517,1525,0.15381455394652135
8,1517,1525,0.1538166733459373
8,1514,1522,0.15381868719401912
9,1521,1530,0.1538205996112625
7,1493,1500,0.15381917953751967
6,1506,1512,0.15382227669421616
6,1518,1524,0.1538283318197865
6,1514,1520,0.15383403372059795
6,1529,1535,0.15383940228674614
6,1523,1529,0.1538444563605169
5,1512,1517,0.15384921378404193
6,1514,1520,0.1538558326526044
6,1526,1532,0.1538589483392318
6,1523,1529,0.15386197429179255
7,1524,1531,0.1538649063678771
5,1515,1520,0.15386534467147586
5,1517,1522,0.153870152225202
5,1510,1515,0.1538747567980643
5,1509,1514,0.1538791622144327
5,1518,1523,0.15388337287728965
5,1516,1521,0.15388739365586132
4,1512,1516,0.15389122978742212
4,1512,1516,0.15389704547368738
4,1509,1513,0.15390255739750225
4,1505,1509,0.15390777928512858
4,1491,1495,0.15391272447941656
4,1494,1498,0.1539174059202147
4,1503,1507,0.15392183613004934
4,1514,1518,0.15392602720436613
4,1522,1526,0.15392999080570435
4,1510,1514,0.15393373816124867
4,1514,1518,0.15393728006326463
3,1515,1518,0.15394062687198304
3,1507,1510,0.1539459712914618
3,1512,1515,0.15395100391619593
3,1497,1500,0.1539557424089739
4,1503,1507,0.1539602034846341
4,1507,1511,0.15396114797707086
5,1509,1514,0.15396215008621159
6,1517,1523,0.15396066383328308
5,1517,1522,0.1539561611492008
5,1523,1528,0.15395434861673135
5,1518,1523,0.1539528422465088
5,1527,1532,0.15395160452189594
5,1524,1529,0.15395060202796806
4,1523,1527,0.15394980502690617
4,1510,1514,0.15395193166492208
4,1519,1523,0.15395399101208793
4,1521,1525,0.15395598112555334
4,1526,1530,0.1539579007650944
4,1518,1522,0.15395974929394105
3,1500,1503,0.1539615265910764
3,1502,1505,0.15396548025091372
3,1513,1516,0.15396921751789452
3,1511,1514,0.15397274913820297
3,1522,1525,0.15397608544320757
4,1523,1527,0.15397923635129487
4,1511,1515,0.15397919651371728
4,1513,1517,0.15397925554049302
4,1498,1502,0.15397939806792324
5,1521,1526,0.15397961057149195
5,1525,1530,0.1539769142849672
5,1513,1518,0.15397452499592373
5,1515,1520,0.15397241038025875
5,1507,1512,0.15397054138267358
5,1513,1518,0.1539688918935623
5,1512,1517,0.15396743845741015
5,1508,1513,0.15396616000965394
5,1518,1523,0.15396503763925032
6,1507,1513,0.1539640543744627
6,1513,1519,0.15395991731432587
6,1515,1521,0.15395619689652867
5,1524,1529,0.1539528518816612
5,1518,1523,0.15395198236206745
5,1519,1524,0.15395128794231147
5,1511,1516,0.15395074611154871
5,1502,1507,0.15395033687654952
5,1506,1511,0.15395004249753272
5,1519,1524,0.15394984725079244
5,1510,1515,0.15394973721545321
5,1507,1512,0.15394970008194997
6,1505,1511,0.15394972498006643
7,1502,1509,0.15394654760351878
8,1511,1519,0.15394104734205435
7,1511,1518,0.1539328009749559
8,1511,1519,0.15392829973896385
8,1505,1513,0.15392126462411046
8,1512,1520,0.1539148954516639
8,1507,1515,0.1539091289725837
7,1519,1526,0.15390390795840986
7,1518,1525,0.15390149072753737
7,1515,1522,0.15389936623042724
7,1504,1511,0.15389750268112593
7,1510,1517,0.15389587156741172
7,1495,1502,0.1538944473232304
6,1520,1526,0.1538932070333585
6,1517,1523,0.1538942926521009
6,1521,1527,0.15389538988481763
6,1507,1513,0.15389649047970674
5,1505,1510,0.15389758741648768
6,1507,1513,0.15390102419976506
6,1516,1522,0.15390102744309048
6,1522,1528,0.15390116610935936
5,1513,1518,0.1539014186969114
5,1528,1533,0.15390391499637615
4,1535,1539,0.15390635950904005
4,1529,1533,0.15391102273477045
4,1510,1514,0.15391547308909728
5,1497,1502,0.1539197165458133
5,1514,1519,0.153920496370946
4,1516,1520,0.15392138701697086
4,1520,1524,0.1539245218685755
4,1514,1518,0.15392759570721137
4,1511,1515,0.1539305996913856
4,1506,1510,0.153933526730329
4,1510,1514,0.1539363712604443
4,1507,1511,0.1539391290466412
4,1517,1521,0.15394179700595662
4,1514,1518,0.1539443730511212
3,1519,1522,0.15394685595197008
3,1519,1522,0.15395176333185284
2,1518,1520,0.15395638989684265
2,1521,1523,0.15396290069487883
2,1512,1514,0.1539690294663284
2,1523,1525,0.1539747980069945
2,1530,1532,0.15398022693199956
1,1531,1532,0.1539853357331988
1,1535,1536,0.15399229364682573
1,1527,1528,0.15399883755476437
1,1522,1523,0.1540049917390696
1,1525,1526,0.15401077909274435
1,1515,1516,0.15401622119564592
1,1528,1529,0.1540213383866124
1,1521,1522,0.15402614983195811
1,1528,1529,0.15403067359048514
1,1524,1525,0.15403492667515598
1,1524,1525,0.15403892511157044
1,1509,1510,0.15404268399338747
1,1508,1509,0.15404621753482778
1,1500,1501,0.15404953912039202
1,1512,1513,0.15405266135192253
1,1535,1536,0.15405559609313577
1,1539,1540,0.15405835451174582
1,1532,1533,0.15406094711929633
1,1525,1526,0.1540633838088145
1,1523,1524,0.1540656738903948
2,1526,1528,0.15406782612481756
2,1520,1522,0.15406662873660834
2,1516,1518,0.15406560725785592
2,1527,1529,0.15406474097934214
2,1531,1533,0.15406401142286216
2,1525,1527,0.15406340211129457
2,1516,1518,0.15406289836179515
2,1508,1510,0.1540624870998218
2,1498,1500,0.1540621566919236
3,1507,1510,0.15406189679542956
3,1501,1504,0.1540585525163766
3,1503,1506,0.15405554758352058
3,1504,1507,0.1540528483037547
3,1499,1502,0.15405042428633006
3,1509,1512,0.15404824812173012
3,1521,1524,0.15404629509161918
3,1531,1534,0.15404454290686662
4,1520,1524,0.1540429714709382
4,1519,1523,0.15403839436964836
3,1519,1522,0.1540342538836401
3,1519,1522,0.1540326750999526
3,1507,1510,0.15403132171601952
3,1505,1508,0.15403016748885562
3,1511,1514,0.154029188983408
2,1528,1530,0.15402836528477198
2,1516,1518,0.15402993352358632
2,1512,1514,0.15403147589747604
2,1509,1511,0.15403298722814135
2,1496,1498,0.15403446330654938
2,1488,1490,0.1540359007706547
2,1507,1509,0.15403729699668084
2,1511,1513,0.15403865000254632
2,1502,1504,0.1540399583621614
2,1506,1508,0.15404122112945187
2,1503,1505,0.1540424377710818
2,1513,1515,0.15404360810695153
2,1532,1534,0.1540447322576427
2,1511,1513,0.15404581059806557
2,1514,1516,0.1540468437166407
2,1511,1513,0.15404783237941655
2,1511,1513,0.15404877749858448
2,1519,1521,0.15404968010491088
2,1522,1524,0.1540505413236536
2,1532,1534,0.15405136235357594
2,1528,1530,0.154052144448713
2,1522,1524,0.15405288890257868
1,1521,1522,0.15405359703453722
1,1527,1528,0.15405644215385372
1,1510,1511,0.15405911984046539
1,1510,1511,0.15406163971508008
1,1512,1513,0.1540640108690847
1,1515,1516,0.15406624189123946
1,1519,1520,0.1540683408932879
1,1523,1524,0.1540703155344962
1,1515,1516,0.15407217304513926
1,1519,1520,0.154073920248954
1,1527,1528,0.15407556358458496
1,1524,1525,0.15407710912604752
1,1517,1518,0.15407856260223757
1,1522,1523,0.15407992941551663
1,1528,1529,0.1540812146594035
1,1513,1514,0.15408242313540313
0,1514,1514,0.15408355936900442
