1379,28,1407,0.1357959198595409
1404,30,1434,0.13291633421838916
1425,32,1457,0.13022981662894229
1431,32,1463,0.12772879692464165
1442,34,1476,0.12543965579829452
1454,35,1489,0.12332908727412115
1442,38,1480,0.12137601481631229
1451,38,1489,0.11963420009472904
1439,39,1478,0.11802712842083349
1449,39,1488,0.11659805090862864
1462,39,1501,0.11527335227472556
1451,40,1491,0.11403627076663884
1446,37,1483,0.11293959457258436
1451,40,1491,0.11195442701812379
1440,42,1482,0.11104700148213045
1441,42,1483,0.11025014338580458
1442,41,1483,0.1095232272131574
1447,39,1486,0.1088608823224127
1453,39,1492,0.10824782160057794
1458,42,1500,0.10767733453751649
1444,42,1486,0.1071458382346782
1440,43,1483,0.10669519284864454
1445,47,1492,0.10629402072304535
1454,49,1503,0.10591751371152881
1452,48,1500,0.10555503585721557
1454,46,1500,0.10523149279245202
1446,48,1494,0.10493333893325443
1438,48,1486,0.1046806134855528
1431,46,1477,0.10446631335213162
1446,47,1493,0.10428971925766785
1444,48,1492,0.10409593919617915
1446,48,1494,0.10392455100392302
1433,46,1479,0.1037644704987291
1426,44,1470,0.10365196973376055
1425,46,1471,0.10356374859578688
1422,47,1469,0.10348396450731936
1420,47,1467,0.10342074541659851
1438,47,1485,0.1033669697924396
1438,49,1487,0.10327590470818247
1451,51,1502,0.10319350945471899
1438,50,1488,0.10308920866197838
1436,50,1486,0.10302320762528838
1439,53,1492,0.10296857235256507
1453,54,1507,0.10291368860255937
1442,57,1499,0.1028326751415452
1457,53,1510,0.10278363431424312
1454,51,1505,0.10270475705825703
1453,51,1504,0.10263631040233571
1456,50,1506,0.1025782481615024
1447,48,1495,0.10251992841853567
1445,49,1494,0.10248532209158952
1452,49,1501,0.10245884243211037
1445,48,1493,0.10241688981511633
1446,50,1496,0.1023963351364646
1436,53,1489,0.10237663041161657
1435,55,1490,0.10238107538200678
1439,56,1495,0.10238886234599306
1436,56,1492,0.10238845100359509
1426,55,1481,0.10239620179619786
1434,56,1490,0.10242706991409747
1436,60,1496,0.10243622291287206
1421,62,1483,0.10244072453370318
1428,63,1491,0.10247987244999827
1436,64,1500,0.10250129814944316
1429,63,1492,0.1025015260348124
1427,62,1489,0.10251866377435694
1431,61,1492,0.10254102489260926
1429,60,1489,0.10255149242686734
1443,59,1502,0.1025656555402507
1432,60,1492,0.10254753781000948
1434,61,1495,0.10255470983845276
1445,61,1506,0.10255315825853341
1434,57,1491,0.1025296552127125
1432,57,1489,0.10253354563409048
1436,58,1494,0.1025404927531059
1438,60,1498,0.10253534039378642
1436,55,1491,0.1025247789316537
1440,56,1496,0.1025216419172013
1434,60,1494,0.10250949718102095
1442,60,1502,0.10251294991571118
1445,62,1507,0.10249715814596322
1441,63,1504,0.10247645697715498
1431,63,1494,0.10246754538069258
1429,63,1492,0.102483078412775
1428,65,1493,0.10250204417135567
1433,67,1500,0.10252306595316395
1445,68,1513,0.10252958935892618
1438,70,1508,0.10250935843025724
1433,73,1506,0.10250828299862792
1421,73,1494,0.10251895328647415
1407,73,1480,0.1025586102227026
1411,74,1485,0.1026270811816533
1415,75,1490,0.10268070474510577
1417,76,1493,0.10272354240868693
1408,74,1482,0.10275756280740796
1428,78,1506,0.10280985573826903
1422,76,1498,0.10281495958376265
1424,74,1498,0.10283135338647066
1415,71,1486,0.10284316080112298
1400,76,1476,0.10287175668130848
1408,75,1483,0.10293254263459684
1410,75,1485,0.102973333979526
1413,75,1488,0.10300427214230673
1424,77,1501,0.1030255105399237
1429,74,1503,0.10302005101385486
1434,71,1505,0.1030033704570064
1436,73,1509,0.10297494304037194
1434,71,1505,0.10294225530138341
1431,68,1499,0.10291858017969858
1421,73,1494,0.10290317287714178
1415,73,1488,0.10291060609250124
1416,73,1489,0.10293101292802953
1424,72,1496,0.10294856435106457
1424,71,1495,0.1029474225748278
1419,69,1488,0.10294528507669785
1427,72,1499,0.10295523065656642
1438,71,1509,0.10294570242598873
1448,71,1519,0.10291155935813424
1448,70,1518,0.10285929768141172
1434,68,1502,0.1028086573181665
1434,66,1500,0.10279370899363173
1437,63,1500,0.1027805083507737
1435,65,1500,0.10275952419601801
1437,65,1502,0.10274765154962263
1443,64,1507,0.10273255947141671
1433,63,1496,0.10270622326179062
1437,62,1499,0.10270436735082694
1431,64,1495,0.10269513020976967
1425,65,1490,0.10270092456275659
1418,67,1485,0.10271947259517548
1428,69,1497,0.1027504370594654
1414,70,1484,0.10275677419969022
1413,69,1482,0.10279387090063068
1423,67,1490,0.10283017158003627
1427,66,1493,0.10284029241942905
1410,63,1473,0.10283822107412935
1418,65,1483,0.1028720741851933
1421,65,1486,0.10288629445769124
1430,63,1493,0.10289534015141888
1424,64,1488,0.1028820832330613
1428,66,1494,0.10288390182133647
1424,67,1491,0.1028770642615916
1417,70,1487,0.10288113627275199
1419,70,1489,0.10289667979171516
1410,67,1477,0.10290835722775839
1409,70,1479,0.10294071254476474
1406,70,1476,0.10297201539398194
1407,68,1475,0.10300556331527641
1393,70,1463,0.10303639638817474
1399,71,1470,0.10309429637534555
1401,72,1473,0.10313527274810116
1402,70,1472,0.10316836545156959
1420,70,1490,0.10319824177197962
1425,72,1497,0.10318352725407416
1426,72,1498,0.10315497459182772
1419,74,1493,0.10312770242786916
1429,76,1505,0.10312012357924764
1442,75,1517,0.1030925459059034
1437,75,1512,0.10303822126425236
1435,80,1515,0.10299959373233708
1419,82,1501,0.1029691620578715
1415,81,1496,0.10297850231469934
1421,79,1500,0.10299771325374248
1419,79,1498,0.10300213123612469
1412,79,1491,0.10300975593434383
1413,82,1495,0.10303364689687011
1425,83,1508,0.10305476730334041
1428,80,1508,0.10304519303593418
1422,83,1505,0.10302946932717312
1411,83,1494,0.10302900082923686
1415,80,1495,0.10305549611016121
1424,79,1503,0.10307099813910231
1411,81,1492,0.10306413493311897
1418,82,1500,0.10308697608704605
1416,82,1498,0.10309160936463442
1402,81,1483,0.10309945528790815
1412,79,1491,0.10314053589175785
1404,79,1483,0.10315465693478615
1412,81,1493,0.1031844026942472
1418,82,1500,0.10319106711648442
1411,80,1491,0.10318567870228834
1419,79,1498,0.10319543467445534
1422,79,1501,0.10318457501204409
1417,81,1498,0.10316850648802924
1422,80,1502,0.10316396722433943
1412,78,1490,0.10315081398798229
1418,77,1495,0.10315861088533466
1408,79,1487,0.10315192214557704
1415,79,1494,0.103170584604527
1416,79,1495,0.10317265377995699
1406,79,1485,0.1031741115873708
1414,78,1492,0.10319880441663588
1412,78,1490,0.10320470192548135
1404,79,1483,0.10321241228735208
1395,78,1473,0.1032376952627871
1400,77,1477,0.1032813105227288
1389,75,1464,0.10331094587520251
1386,74,1460,0.1033632306402675
1382,75,1457,0.10341784559392782
1392,76,1468,0.10347886988347234
1393,80,1473,0.10351140978224181
1393,81,1474,0.10353866978132167
1412,79,1491,0.10356475235377385
1411,79,1490,0.10354537134179037
1407,77,1484,0.10353042618905935
1389,80,1469,0.1035280498746646
1409,82,1491,0.10356751645103345
1415,85,1500,0.10355385636337033
1396,85,1481,0.10352720599373345
1407,85,1492,0.10354322444614183
1417,84,1501,0.10353813070793531
1419,80,1499,0.10350900790717173
1412,83,1495,0.10347700639241651
1406,80,1486,0.10346506063083083
1404,77,1481,0.10346672933451967
1411,75,1486,0.10347187346051559
1409,77,1486,0.10346102305832539
1403,78,1481,0.10345585282828595
1409,79,1488,0.10346518917834463
1419,81,1500,0.10345877889945648
1411,80,1491,0.10343026733035046
1414,80,1494,0.10342233537098648
1422,80,1502,0.10341152952884797
1415,78,1493,0.10338315944070871
1419,78,1497,0.1033723456066668
1419,78,1497,0.10335291686587234
1413,78,1491,0.10333256351794745
1420,79,1499,0.10332903656085378
1414,78,1492,0.10330899800303438
1413,81,1494,0.10330568453781792
1408,79,1487,0.10330436624898962
1411,79,1490,0.10331437373145938
1398,81,1479,0.10331782268996687
1398,81,1479,0.1033509944484074
1386,81,1467,0.10338297439422764
1393,83,1476,0.10343918951132071
1392,82,1474,0.10347554540608077
1395,84,1479,0.10351083833784454
1414,84,1498,0.10353633529794594
1415,84,1499,0.10351576436937462
1409,80,1489,0.10349508559145754
1418,79,1497,0.10348830384473812
1416,79,1495,0.10346188217517813
1424,77,1501,0.10344084645743663
1417,77,1494,0.1034023693147184
1413,77,1490,0.10338130947820343
1409,80,1489,0.10336963987531486
1422,81,1503,0.10336619685739983
1431,80,1511,0.10333676912120059
1428,79,1507,0.10328883536548444
1416,79,1495,0.1032525298604292
1421,77,1498,0.10324653999210487
1416,77,1493,0.10323073302544743
1410,79,1489,0.10322735012831608
1413,79,1492,0.10323476523504731
1413,76,1489,0.10323607642329041
1424,76,1500,0.10323967427827543
1429,78,1507,0.10321990421404748
1426,78,1504,0.10318899510276648
1419,77,1496,0.10316729496010091
1423,76,1499,0.10316211467631022
1423,77,1500,0.10314947270710403
1427,78,1505,0.10313859400911397
1419,75,1494,0.10311724116020528
1414,76,1490,0.10311686731722292
1427,76,1503,0.10312834180932931
1421,80,1501,0.10310817162513693
1424,78,1502,0.10310102606856301
1411,77,1488,0.10308978922828732
1403,77,1480,0.10310856120963235
1413,77,1490,0.10314642110274139
1435,77,1512,0.10316033277820884
1437,77,1514,0.10312418957292036
1430,75,1505,0.10308399886036951
1422,75,1497,0.1030606908106244
1411,76,1487,0.10305754570922619
1411,78,1489,0.1030783397533218
1411,77,1488,0.10310066620319162
1402,77,1479,0.10312269666248702
1404,78,1482,0.10316393055481089
1406,77,1483,0.10319642401773411
1405,78,1483,0.10322346715503172
1398,79,1477,0.10325041299220143
1407,80,1487,0.10328733900975813
1409,81,1490,0.10330206768630028
1397,81,1478,0.10331089136966215
1404,80,1484,0.10334411435233476
1404,82,1486,0.1033599475606273
1403,82,1485,0.10337475502160907
1406,81,1487,0.103390271374673
1413,79,1492,0.10339684143164715
1426,78,1504,0.10338672834129028
1429,79,1508,0.10334647710672532
1421,77,1498,0.10330219555619082
1424,79,1503,0.10328062485221938
1434,81,1515,0.10325562289204829
1421,85,1506,0.10321137692495758
1428,85,1513,0.10319922701108414
1422,84,1506,0.1031713101840906
1417,82,1499,0.10316173073336866
1406,83,1489,0.10316306011962068
1404,82,1486,0.10318878774292858
1405,84,1489,0.10321620234895335
1409,87,1496,0.10324098570480045
1406,86,1492,0.1032560227248369
1418,85,1503,0.10327827334503568
1410,85,1495,0.1032720899337594
1397,83,1480,0.10328366392171909
1408,81,1489,0.10332502363620272
1389,86,1475,0.10333583469211984
1391,89,1480,0.10338865833385945
1389,83,1472,0.10343590215535173
1392,80,1472,0.10348302324844755
1395,79,1474,0.10351904168801215
1398,77,1475,0.10354485047015799
1400,79,1479,0.10356014063573764
1408,83,1491,0.10356936663432911
1403,84,1487,0.10356060606198352
1392,79,1471,0.1035630044210666
1406,82,1488,0.10359150816908567
1411,79,1490,0.10358639377724416
1408,80,1488,0.10356934540010582
1424,80,1504,0.1035602578658649
1419,77,1496,0.10351354188735325
1417,78,1495,0.1034794079496374
1416,82,1498,0.10345316990506984
1406,78,1484,0.10343121355798404
1415,81,1496,0.10343344547958669
1409,81,1490,0.10341763303583448
1418,90,1508,0.10341875245503114
1420,93,1513,0.10339975801133428
1414,93,1507,0.10337916472709834
1412,89,1501,0.10337510097100883
1412,89,1501,0.10337751527263879
1413,92,1505,0.10338022399601869
1415,88,1503,0.10338145462604785
1427,88,1515,0.1033784895966518
1417,91,1508,0.10334838124586859
1413,91,1504,0.10334381042997406
1427,87,1514,0.10334614530573737
1419,87,1506,0.1033153897358639
1424,86,1510,0.1033037345910552
1410,88,1498,0.10328273409766422
1402,89,1491,0.10329572519407373
1407,89,1496,0.1033271779890863
1414,86,1500,0.10334725978521986
1408,86,1494,0.10334841714299073
1410,87,1497,0.10336333322517852
1396,87,1483,0.10337165893665641
1393,88,1481,0.10340574037201826
1394,85,1479,0.10344544845028053
1401,87,1488,0.10347985813999667
1410,84,1494,0.10349589904382336
1408,85,1493,0.10348979490567232
1393,86,1479,0.10348915073342027
1402,90,1492,0.10352212726667276
1399,89,1488,0.10353282206187955
1396,91,1487,0.1035486789591485
1404,90,1494,0.10357207048149068
1406,92,1498,0.1035767413029414
1400,91,1491,0.10357384760069711
1399,89,1488,0.10358693656608882
1410,90,1500,0.10360516294223303
1408,90,1498,0.10359647636093335
1408,92,1500,0.10359069347649857
1412,92,1504,0.10358459904787833
1406,90,1496,0.10357033517064335
1408,94,1502,0.10357131596562237
1406,96,1502,0.1035670496114842
1390,96,1486,0.10356842701857154
1391,97,1488,0.10360777180803066
1400,100,1500,0.10364467505153709
1398,105,1503,0.10365894238219328
1402,101,1503,0.10367759079950861
1383,100,1483,0.103682796891809
1384,99,1483,0.10373180104077324
1396,102,1498,0.10377552936531594
1388,100,1488,0.10379101490705658
1403,102,1505,0.10382299506606131
1411,102,1513,0.10381693554788977
1397,100,1497,0.10379342856760926
1405,101,1506,0.10380321473735118
1404,103,1507,0.10379413460685841
1406,105,1511,0.10378743747744487
1415,104,1519,0.10377761691953755
1394,107,1501,0.10374774869571639
1388,107,1495,0.10376932311334178
1393,101,1494,0.10380208371815136
1400,101,1501,0.1038216252159162
1404,101,1505,0.10382252024033072
1396,101,1497,0.10381573308618516
1407,106,1513,0.10382636734880014
1382,107,1489,0.10381386359773913
1379,106,1485,0.10385971325256277
1375,106,1481,0.10390783511253926
1378,110,1488,0.10396029827320558
1386,110,1496,0.10400296084157688
1395,108,1503,0.10402324697369383
1381,109,1490,0.10402000934063332
1375,108,1483,0.10404647114307754
1381,112,1493,0.1040858345943724
1369,108,1477,0.10411010218641159
1373,106,1479,0.10415758051036629
1375,105,1480,0.10419171245003213
1369,106,1475,0.10422074686896315
1367,108,1475,0.10425780195559425
1372,110,1482,0.10429738818174872
1368,113,1481,0.10432359204955162
1376,117,1493,0.10435553382387677
1382,118,1500,0.10436863963498216
1378,122,1500,0.10436858304940634
1378,124,1502,0.10437905040320886
1382,121,1503,0.10438907637538634
1386,119,1505,0.1043913705939608
1384,122,1506,0.10438234496555687
1390,123,1513,0.10437756479076292
1378,122,1500,0.10436122316305876
1374,120,1494,0.1043733711877111
1366,125,1491,0.10439377955870358
1370,127,1497,0.1044329385149128
1374,127,1501,0.10445745459261228
1377,131,1508,0.10447332003233668
1346,126,1472,0.10448389670508547
1364,128,1492,0.10456256885013623
1367,129,1496,0.10459302357150049
1353,127,1480,0.10461496812075072
1365,128,1493,0.1046680418560146
1361,129,1490,0.10468879681738028
1352,127,1479,0.10471962573535415
1357,129,1486,0.10476565483674684
1360,131,1491,0.10479971256401116
1360,131,1491,0.1048249210068586
1356,135,1491,0.1048491677391259
1349,136,1485,0.10488076577396845
1356,135,1491,0.10492799494503124
1354,136,1490,0.10495260518306779
1353,133,1486,0.10497735610202591
1350,134,1484,0.10500152354959517
1359,134,1493,0.10503129287008245
1352,137,1489,0.105040697611938
1358,136,1494,0.10506666071818
1356,132,1488,0.10507856861785246
1363,132,1495,0.1050936124013758
1356,137,1493,0.105091605628682
1346,139,1485,0.10510635995614492
1342,143,1485,0.10514261448745188
1349,146,1495,0.10518596630712455
1353,150,1503,0.10521163715019188
1348,146,1494,0.10522767396582276
1346,145,1491,0.10525331465823609
1338,150,1488,0.1052804941319212
1338,153,1491,0.10532417963163657
1341,152,1493,0.10536653141033821
1352,152,1504,0.10539908224902997
1352,149,1501,0.10540653214393682
1351,149,1500,0.10541406176199825
1355,149,1504,0.10542110986364303
1348,148,1496,0.10541736731657718
1337,151,1488,0.10543070108015902
1341,150,1491,0.10546666407891175
1346,148,1494,0.10548980540534583
1336,151,1487,0.10550123259363436
1351,158,1509,0.10553408788328307
1342,158,1500,0.10552946214364012
1338,158,1496,0.1055471999350456
1344,157,1501,0.10557487830107988
1354,158,1512,0.10558879063578143
1341,155,1496,0.10557836000062167
1328,158,1486,0.1055993179527169
1333,161,1494,0.10564780126702022
1326,168,1494,0.10568315239497596
1319,169,1488,0.1057305473121259
1316,163,1479,0.10579125618132558
1315,167,1482,0.10585458952016247
1327,168,1495,0.10591602584705502
1330,169,1499,0.10594229725693705
1322,168,1490,0.10595915376935425
1332,170,1502,0.10599118132735892
1323,165,1488,0.1060014465737881
1332,168,1500,0.10603004890232341
1326,170,1496,0.10603641146746938
1330,170,1500,0.1060548858015925
1328,172,1500,0.10606591550333251
1322,173,1495,0.10608183120883971
1325,179,1504,0.10611106204473267
1314,182,1496,0.10612864804348153
1313,180,1493,0.10617202272728132
1310,180,1490,0.10621398426654594
1310,175,1485,0.1062601707426576
1320,175,1495,0.1063011089534704
1323,177,1500,0.1063169149891868
1330,171,1501,0.10632642416382092
1327,170,1497,0.10631574002791581
1324,171,1495,0.10631482752348913
1323,176,1499,0.10632136452730795
1325,178,1503,0.10632907185737682
1305,178,1483,0.10633219439679154
1304,180,1484,0.10637920081719031
1302,178,1480,0.1064252211456776
1291,174,1465,0.10647321536477182
1304,176,1480,0.10654255909161757
1317,185,1502,0.10657940326006245
1325,187,1512,0.10657977163797795
1317,191,1508,0.1065632120015319
1320,187,1507,0.10656825666521659
1326,187,1513,0.10656593259357208
1321,193,1514,0.10654988317386278
1316,185,1501,0.10654902987539147
1305,186,1491,0.10655927472421585
1301,184,1485,0.1065942348612679
1303,175,1478,0.10663372680335627
1312,175,1487,0.1066647542000537
1304,177,1481,0.10667368793949666
1308,180,1488,0.10670035896588313
1316,180,1496,0.10671519958897818
1327,179,1506,0.10671291083136149
1338,184,1522,0.10668014168086028
1324,185,1509,0.10662657342803286
1327,185,1512,0.10660924627747413
1305,187,1492,0.10658615448427394
1310,186,1496,0.10661578806220146
1311,191,1502,0.10663384741540818
1309,194,1503,0.10664974196900158
1300,190,1490,0.10666838798192557
1308,189,1497,0.10670770379824238
1309,192,1501,0.10672289399797233
1312,198,1510,0.10673397465982042
1315,195,1510,0.10673857938656443
1307,196,1503,0.1067369199818139
1318,198,1516,0.10675468414707547
1311,199,1510,0.10675085745817042
1313,198,1511,0.1067638384816485
1303,200,1503,0.10677112491741479
1304,198,1502,0.10680374804631927
1304,199,1503,0.10682967329399397
1309,196,1505,0.10685330053067307
1308,196,1504,0.10686426946677469
1296,200,1496,0.10687564354001435
1292,203,1495,0.10691437981462507
1291,204,1495,0.10695888452442645
1296,208,1504,0.10700488658646645
1309,204,1513,0.10703860302711384
1305,204,1509,0.10704009180789185
1286,205,1491,0.10704948062364678
1288,206,1494,0.10709990871500309
1290,209,1499,0.10714329538880218
1281,214,1495,0.10717786362761758
1280,215,1495,0.10723198794664239
1276,220,1496,0.1072838560512956
1269,219,1488,0.10734251623243873
1267,213,1480,0.10741229499550836
1270,219,1489,0.10748147757776216
1278,221,1499,0.1075370553825319
1284,219,1503,0.10756856822840657
1278,225,1503,0.10758788319425194
1273,220,1493,0.1076177995877046
1260,223,1483,0.10765575745173099
1259,223,1482,0.10771914628735146
1264,224,1488,0.10778116126088971
1265,230,1495,0.10782869147477825
1255,233,1488,0.10787151528686843
1249,232,1481,0.1079336969866662
1250,233,1483,0.10800615520625001
1249,233,1482,0.1080703378466093
1239,237,1476,0.10813321914659955
1242,233,1475,0.10821472047309229
1245,237,1482,0.10828380682215791
1236,240,1476,0.10834322968854998
1240,240,1480,0.1084156974954029
1253,239,1492,0.10847412160116915
1265,237,1502,0.10850182802840631
1266,241,1507,0.10849523261013733
1269,234,1503,0.10848765012278293
1260,233,1493,0.108471927183742
1262,234,1496,0.10847797559976215
1251,236,1487,0.1084797532343044
1255,237,1492,0.1085062423124663
1264,239,1503,0.1085238943245377
1275,237,1512,0.10851811458650605
1266,235,1501,0.10848745825144476
1263,241,1504,0.10848283803910269
1262,241,1503,0.10848450652221146
1273,239,1512,0.10848933148832123
1260,240,1500,0.10847064382903064
1257,241,1498,0.10848440586809431
1252,240,1492,0.10850509227184628
1250,244,1494,0.10853419834457835
1251,237,1488,0.10856476517343287
1258,238,1496,0.108592056960902
1251,238,1489,0.10860124337405792
1250,238,1488,0.10862566564685025
1242,242,1484,0.10865010582459664
1232,242,1474,0.10869029246579885
1237,235,1472,0.10875260547890452
1232,236,1468,0.10879941654665473
1241,236,1477,0.10885357619631822
1227,237,1464,0.10888396923268653
1237,244,1481,0.10894358925415508
1251,241,1492,0.10897223410390426
1262,245,1507,0.10896336391321793
1260,242,1502,0.10893223464821652
1251,241,1492,0.10890579979168827
1246,245,1491,0.1089005948274408
1247,247,1494,0.10891088907209348
1237,255,1492,0.10892020789070336
1229,259,1488,0.10895314501704377
1229,259,1488,0.1090010234390115
1231,259,1490,0.10904712172922841
1236,260,1496,0.10908777622184611
1231,261,1492,0.10911492776826127
1220,263,1483,0.10915143091572038
1215,259,1474,0.10920726552672008
1226,264,1490,0.10926848522932701
1217,259,1476,0.10929902773455194
1215,261,1476,0.109347857947252
1239,263,1502,0.10939640214216695
1239,266,1505,0.10938611258141301
1234,263,1497,0.10937566396322136
1232,268,1500,0.10937734515066184
1237,271,1508,0.10938683290040167
1226,272,1498,0.109386112149565
1214,272,1486,0.10941052482992991
1205,271,1476,0.10946229649944772
1215,274,1489,0.10953325199230679
1223,270,1493,0.1095763538731105
1224,271,1495,0.10960040199747968
1230,276,1506,0.10961761485020691
1223,275,1498,0.1096182279421387
1220,274,1494,0.1096371403691268
1217,276,1493,0.10966003634537262
1223,275,1498,0.10968886947140803
1223,277,1500,0.10970431327776337
1219,281,1500,0.10971833065068841
1213,283,1496,0.10974248587618987
1211,280,1491,0.10978084801807989
1205,279,1484,0.10982091829723156
1211,278,1489,0.10987376155714651
1224,276,1500,0.10990837976144695
1223,272,1495,0.10991191793915105
1228,280,1508,0.10991488219404662
1197,282,1479,0.1099043246508008
1213,278,1491,0.10996521957623258
1203,276,1479,0.1099830379742517
1218,276,1494,0.1100238568805736
1220,275,1495,0.11002594983441254
1213,273,1486,0.11002329589616425
1214,278,1492,0.11003894636477415
1216,266,1482,0.11005009619258754
1217,272,1489,0.11005719865973929
1214,273,1487,0.11006103717675962
1212,271,1483,0.1100716386327731
1212,275,1487,0.1100855561376605
1212,273,1485,0.1100985930052661
1217,274,1491,0.11010972396114585
1211,280,1491,0.1101089203652647
1210,276,1486,0.110125253286674
1204,278,1482,0.11014326597500691
1190,287,1477,0.11017328045556309
1193,292,1485,0.11023253707722905
1187,297,1484,0.1102820605193726
1198,294,1492,0.11034222947470422
1199,296,1495,0.11037464235070217
1195,298,1493,0.1104017419059756
1197,294,1491,0.11043852927043121
1197,294,1491,0.11047114375470293
1197,295,1492,0.11050046872396009
1199,299,1498,0.11052592579132327
1201,292,1493,0.11054481928016446
1202,290,1492,0.1105562526508433
1203,289,1492,0.11056280834428112
1207,297,1504,0.1105665080643286
1207,305,1512,0.110559167819392
1208,304,1512,0.11055296296262812
1201,298,1499,0.11054515900719164
1206,299,1505,0.11055356276309357
1206,301,1507,0.11054854714119053
1197,299,1496,0.11054360666869861
1203,298,1501,0.1105621298267162
1208,305,1513,0.11056662616840579
1204,308,1512,0.11056155036986931
1200,309,1509,0.11056527137418364
1205,300,1505,0.11057839911290744
1208,299,1507,0.11057875031254687
1211,295,1506,0.11057383547413072
1201,296,1497,0.11056411890651528
1205,298,1503,0.11057544922696617
1210,302,1512,0.11057468657328365
1203,303,1506,0.1105654136356133
1194,298,1492,0.11057164635277068
1191,295,1486,0.11059975741293837
1192,294,1486,0.11063269382965973
1202,298,1500,0.11066249042260397
1202,305,1507,0.11066161913117584
1211,306,1517,0.11066100566328575
1194,302,1496,0.1106397153797092
1192,301,1493,0.11066038883865438
1192,299,1491,0.11068265975329225
1193,305,1498,0.11070131669347048
1191,306,1497,0.11071671465010385
1192,309,1501,0.11073581112513942
1201,307,1508,0.11075168330536574
1201,303,1504,0.11074580866956048
1196,311,1507,0.11074444391077039
1191,312,1503,0.11075265192252268
1183,317,1500,0.11077494067521616
1178,317,1495,0.1108169331749144
1176,319,1495,0.11086719042204671
1164,317,1481,0.11091950124570438
1159,316,1475,0.1109957200778314
1161,318,1479,0.11108033354080113
1167,317,1484,0.11115359646575868
1164,316,1480,0.11120934364468624
1155,322,1477,0.11126619275056963
1163,325,1488,0.11133902965660641
1170,329,1499,0.11138950957995859
1174,333,1507,0.11142082296162524
1172,341,1513,0.1114395723944698
1169,335,1504,0.11146191499241492
1162,341,1503,0.11149039237280768
1146,340,1486,0.11153527366817367
1153,342,1495,0.1116123871459974
1158,346,1504,0.11166821205817387
1161,340,1501,0.1117096085808075
1153,344,1497,0.11174014879597785
1148,345,1493,0.11178735991216587
1142,346,1488,0.11184538130263061
1150,343,1493,0.1119115727659333
1156,341,1497,0.11194980211552603
1162,342,1504,0.11197472445802818
1152,342,1494,0.1119831838731437
1154,346,1500,0.11201353686995433
1153,343,1496,0.11203758737263227
1154,346,1500,0.11206329772674488
1143,348,1491,0.1120841875669788
1143,346,1489,0.11213074493134945
1144,346,1490,0.11217459966349896
1148,341,1489,0.1122098334559421
1160,349,1509,0.11223351401930617
1155,352,1507,0.11223046932107675
1151,351,1502,0.11223971673725483
1140,354,1494,0.11225722234176735
1153,350,1503,0.112300609626053
1163,348,1511,0.112311124977443
1165,338,1503,0.11229588804791842
1164,344,1508,0.11227691503845447
1167,341,1508,0.11226028754086237
1165,339,1504,0.11223499327419496
1153,341,1494,0.11221690379797314
1159,345,1504,0.11222855133523903
1157,349,1506,0.11222679233212159
1138,353,1491,0.11223329717234813
1134,352,1486,0.11228242717812265
1139,361,1500,0.11234109216333334
1132,358,1490,0.11238526009806118
1122,360,1482,0.112442931217114
1131,358,1489,0.11252126745096927
1129,353,1482,0.1125687377547477
1134,351,1485,0.11261610134548329
1117,356,1473,0.11264539829039734
1120,359,1479,0.11271107919015506
1118,360,1478,0.11276484157995435
1128,360,1488,0.1128187914949035
1117,362,1479,0.11284727157041947
1107,363,1470,0.11289919160919695
1110,367,1477,0.11297121114928661
1110,370,1480,0.11302886383088884
1111,368,1479,0.11308165423788673
1120,375,1495,0.11313027781661165
1113,372,1485,0.11315225950227106
1130,379,1509,0.1131892340261923
1118,373,1491,0.11318693196431702
1115,375,1490,0.1132122099673541
1131,372,1503,0.11324269313445416
1117,373,1490,0.11323548969853686
1131,370,1501,0.11325690691222214
1139,364,1503,0.11324667274059727
1138,375,1513,0.11322053772679429
1138,376,1514,0.11319965102145656
1127,378,1505,0.11317892338979477
1124,376,1500,0.11318531651784984
1133,370,1503,0.11320056037883691
1123,366,1489,0.11319557842846756
1118,367,1485,0.11321490725495849
1126,375,1501,0.113245104699278
1122,372,1494,0.11325669652456284
1125,375,1500,0.11327759594347843
1135,369,1504,0.11328901085338172
1134,373,1507,0.11327657912983796
1137,380,1517,0.11326844532106087
1127,381,1508,0.11325221799599888
1116,383,1499,0.11325877527855212
1107,388,1495,0.113292673142962
1110,384,1494,0.11334754860045415
1102,386,1488,0.11339365627909118
1101,383,1484,0.1134547838462946
1114,378,1492,0.113514902011253
1116,377,1493,0.11353867943094575
1108,377,1485,0.11355447911520031
1116,384,1500,0.11358695928135333
1101,389,1490,0.11359537538101405
1099,388,1487,0.11363840843395426
1107,396,1503,0.11368435147117233
1116,395,1511,0.11370754518806965
1098,395,1493,0.11370814897072354
1096,395,1491,0.11375046202238462
1095,401,1496,0.11379757805126921
1085,405,1490,0.11384128681796052
1077,405,1482,0.11390628840905173
1080,404,1484,0.11398713637140599
1075,407,1482,0.11405623375988742
1085,415,1500,0.1141325274227539
1095,414,1509,0.11417967780449097
1092,409,1501,0.11419861652517628
1080,412,1492,0.11422121341128356
1094,410,1504,0.11427124329659165
1093,408,1501,0.11428831261737792
1095,412,1507,0.11430850298570411
1100,421,1521,0.11432328123784646
1100,417,1517,0.11432653660551459
1095,415,1510,0.11433074366351746
1093,411,1504,0.11434637444004168
1092,419,1511,0.11436234070419644
1089,421,1510,0.11438015732305491
1081,426,1507,0.11440250772502626
1074,430,1504,0.11444227896978695
1083,425,1508,0.11449464056239197
1078,427,1505,0.1145231551759455
1073,417,1490,0.11456087285060355
1068,412,1480,0.11460735375867451
1064,422,1486,0.11466203157324008
1066,425,1491,0.1147235687352061
1063,429,1492,0.1147753744556847
1048,427,1475,0.11482853746115752
1045,431,1476,0.11490965718857937
1052,428,1480,0.11499376489616978
1052,430,1482,0.11505651088419767
1054,431,1485,0.11511571421950617
1056,440,1496,0.11516525679074158
1059,438,1497,0.11520734097198719
1062,444,1506,0.1152389607106549
1056,451,1507,0.11526320791460798
1048,451,1499,0.1152996068416381
1045,452,1497,0.11535364787383534
1034,452,1486,0.11541137482091621
1041,454,1495,0.11548975292539448
1044,448,1492,0.11554879213599499
1044,451,1495,0.11559649404470675
1039,449,1488,0.11564107324917158
1049,447,1496,0.11569418184014044
1053,459,1512,0.11572006915783811
1055,464,1519,0.11573474182235007
1041,451,1492,0.11574441293424073
1046,452,1498,0.11578792876951444
1043,463,1506,0.11581680218866458
1038,458,1496,0.11585245825897872
1034,462,1496,0.11589920445524958
1041,467,1508,0.11595241870379262
1033,465,1498,0.11598495312501722
1020,469,1489,0.11603253417367862
1029,465,1494,0.11610545718448581
1027,468,1495,0.11615317503470944
1031,462,1493,0.11620361613163517
1022,472,1494,0.1162423568267827
1025,475,1500,0.11629936575625643
1016,472,1488,0.11634687782218368
1009,478,1487,0.11641150601524126
1008,482,1490,0.11648771256954255
1017,479,1496,0.1165560559723662
1007,476,1483,0.11659849699665333
1013,480,1493,0.11666150625975977
1005,476,1481,0.11670874926562963
1010,484,1494,0.11676711307763171
1007,478,1485,0.11680967634539899
1002,479,1481,0.11685708481227142
1010,490,1500,0.11691220107444511
1007,491,1498,0.11694837846808558
1005,486,1491,0.11698876505978571
1008,487,1495,0.11703088562488012
1006,491,1497,0.1170618073674132
1003,494,1497,0.11709492942327941
1003,494,1497,0.11713477959763158
998,501,1499,0.1171731409357018
998,498,1496,0.11722033660505325
999,501,1500,0.1172623741311158
1001,503,1504,0.11729966174043142
1001,502,1503,0.11733218330564114
987,500,1487,0.11736111527292965
992,503,1495,0.1174207223916844
990,502,1492,0.1174680536225457
990,502,1492,0.11751495266199787
997,505,1502,0.11755730868560135
990,507,1497,0.11758096740050196
995,499,1494,0.11762085654760862
1000,499,1499,0.1176462131080093
1003,502,1505,0.11765566696172879
1018,502,1520,0.11765350102908853
1018,500,1518,0.11761797034554704
1002,493,1495,0.11758501156929704
996,488,1484,0.11758907466758518
993,489,1482,0.11760453065403358
995,495,1490,0.11762679008161367
1001,502,1503,0.11764411929831928
997,503,1500,0.11764779326281896
1002,507,1509,0.11766331905103289
994,511,1505,0.11766949527650962
989,515,1504,0.11769314834776314
980,515,1495,0.11772902491444653
975,516,1491,0.1177844899510016
965,517,1482,0.11784941203317914
975,531,1506,0.11793309632305876
965,537,1502,0.11798921442283979
964,530,1494,0.11806639979195069
972,529,1501,0.11813777285013519
964,537,1501,0.1181855219959208
955,537,1492,0.11825030192488636
950,539,1489,0.11833423153838371
953,536,1489,0.11842025970125818
958,542,1500,0.11849396218674252
954,547,1501,0.11855141058465758
949,548,1497,0.11861361466892512
952,553,1505,0.11868149476571141
942,550,1492,0.11874075285733234
949,555,1504,0.11881739772003963
947,544,1491,0.11887275980429432
946,546,1492,0.11892683550149755
942,547,1489,0.11897947443874045
949,541,1490,0.11903607287024652
950,541,1491,0.11907471326142968
951,544,1495,0.11911029733208654
954,552,1506,0.11913949194982466
951,548,1499,0.11916021712787003
957,548,1505,0.11918605756754463
956,535,1491,0.11919575688749205
951,531,1482,0.11920689242761348
950,532,1482,0.11922866971913054
960,541,1501,0.11925236003925925
956,538,1494,0.11924959770254777
960,544,1504,0.11925331978029172
960,543,1503,0.1192502256890659
950,543,1493,0.1192483823911774
946,550,1496,0.11926970249509487
953,546,1499,0.11929565712336755
952,547,1499,0.11930559935249097
943,555,1498,0.11931928762821904
942,551,1493,0.119351052966234
950,551,1501,0.11938594520058621
954,546,1500,0.11940082467444245
946,547,1493,0.11940679917581591
954,556,1510,0.1194302698049574
961,559,1520,0.1194334747852361
961,561,1522,0.11942226435692113
951,552,1503,0.11941238542268309
941,569,1510,0.11942788407572337
937,561,1498,0.11946528026591129
941,559,1500,0.11950555078995534
931,559,1490,0.11953438742031003
929,559,1488,0.11958426620787214
926,553,1479,0.11963500634727772
939,554,1493,0.11969167382453257
933,555,1488,0.11971409100643868
950,547,1497,0.11974352893655255
947,556,1503,0.11973228264270049
940,549,1489,0.11972919868976437
946,556,1502,0.11974276764634503
949,546,1495,0.11974337335719226
945,548,1493,0.11973654572247319
940,555,1495,0.11974059488052602
931,558,1489,0.11975566880290885
926,560,1486,0.11978847784595927
931,565,1496,0.11983288857942942
921,567,1488,0.11986498540715002
923,570,1493,0.11991789385783148
926,572,1498,0.1199632370389106
927,575,1502,0.12000030895598077
921,567,1488,0.12003323225949938
934,575,1509,0.12007609439964632
939,582,1521,0.12008736645161797
930,584,1514,0.12008835788358846
917,584,1501,0.12010981753879457
913,587,1500,0.12015851563147141
920,586,1506,0.12021186109116976
919,594,1513,0.1202473373767083
920,593,1513,0.1202825255833157
927,592,1519,0.12031131420075304
928,595,1523,0.12032215753689045
923,594,1517,0.12033154814477659
914,587,1501,0.12035522899349253
915,577,1492,0.120396460054276
916,578,1494,0.12043405126062456
927,580,1507,0.12046435071572127
925,586,1511,0.12046462274290214
916,587,1503,0.12046971819499827
921,584,1505,0.12049566085033597
923,578,1501,0.12050948382483576
910,575,1485,0.12051951358171113
912,588,1500,0.12055637807709868
926,586,1512,0.12058686075902973
925,575,1500,0.12058202538157117
922,579,1501,0.12057688301743624
917,579,1496,0.12057936602611616
917,580,1497,0.12059344648012107
912,586,1498,0.12060606447271177
905,587,1492,0.12063071488326138
902,594,1496,0.12067057542452737
892,598,1490,0.12071335761925717
881,600,1481,0.12077725465105155
901,605,1506,0.12086306205477979
902,598,1500,0.12089335203743369
908,595,1503,0.1209204370555999
911,594,1505,0.12093079219906754
918,593,1511,0.12093239782803943
916,583,1499,0.12091592452961118
926,584,1510,0.12090633151215588
917,582,1499,0.1208772410127278
919,585,1504,0.12086865317650027
927,583,1510,0.12085621912417643
929,579,1508,0.12082700797761468
917,575,1492,0.12079498472479264
922,585,1507,0.12079375956409454
916,578,1494,0.12078178089786942
916,573,1489,0.12078427210916208
908,578,1486,0.12078762946526352
904,594,1498,0.12080758072804343
902,589,1491,0.12083598177869181
889,592,1481,0.12086783799657183
887,599,1486,0.12092839488249375
900,607,1507,0.12099226554514536
901,611,1512,0.12101938496377955
903,611,1514,0.12104287789758082
901,606,1507,0.1210618351879014
892,608,1500,0.12108337642240821
887,611,1498,0.12112576403053527
876,618,1494,0.12117881894509043
873,616,1489,0.12125633991528076
867,619,1486,0.12133368510261992
872,616,1488,0.12141693744145562
868,617,1485,0.12148446699428529
857,618,1475,0.12155692814682086
865,613,1478,0.1216484267479208
862,629,1491,0.12171407683474054
857,631,1488,0.12178439616971955
857,621,1478,0.12186148862627762
861,626,1487,0.1219349080375102
862,624,1486,0.12199259051285366
860,633,1493,0.12204266464612906
862,622,1484,0.12209279103202399
858,616,1474,0.12213523537316737
850,617,1467,0.12218299393804155
863,620,1483,0.12224773080483231
863,628,1491,0.12227497635404255
866,634,1500,0.12230002914462972
862,643,1505,0.12231170238268158
860,640,1500,0.12233404388029231
863,634,1497,0.1223597894443542
867,639,1506,0.12237499795384688
867,639,1506,0.12238377111129176
867,631,1498,0.12239307163956255
866,641,1507,0.12240319305197503
870,641,1511,0.12241330197110303
863,637,1500,0.12241460015296939
866,631,1497,0.12242865474379178
871,636,1507,0.12243276802333877
864,638,1502,0.12242827426949893
862,634,1496,0.12244090063947119
867,634,1501,0.12245942970882609
879,635,1514,0.12246508315287599
880,633,1513,0.12244321713549418
879,634,1513,0.12241971260682774
885,627,1512,0.12240161956719177
879,633,1512,0.12237281542774582
873,629,1502,0.12235856579032134
866,634,1500,0.1223623940700401
873,640,1513,0.12238406643549986
852,640,1492,0.1223861827727172
848,644,1492,0.12243552364796885
851,651,1502,0.12249304442274733
861,656,1517,0.12253826520431592
859,653,1512,0.12255779178834376
864,654,1518,0.12258132915993336
859,651,1510,0.12259056251987976
865,651,1516,0.1226127754884904
859,656,1515,0.12261960009401943
862,657,1519,0.12264006563049172
857,654,1511,0.12265266317811147
854,654,1508,0.12267639939137641
851,660,1511,0.12270701958558057
852,673,1525,0.1227421475693355
858,664,1522,0.12277439115839713
846,667,1513,0.1227896781839612
842,663,1505,0.1228339246397222
838,669,1507,0.12288266382717491
841,674,1515,0.12293507786157072
839,668,1507,0.12297842332671133
832,668,1500,0.12302436755516535
815,662,1477,0.12308311370152591
821,664,1485,0.12317790723392905
826,662,1488,0.1232513755906571
832,675,1507,0.1233045491967302
836,677,1513,0.12334112666226162
826,684,1510,0.123365863928483
830,686,1516,0.12341330312963139
828,688,1516,0.12344896299218178
814,683,1497,0.12348834353583893
811,679,1490,0.12355423111069759
823,684,1507,0.12362041493901753
822,697,1519,0.12365540147958615
825,692,1517,0.12369310866789557
823,698,1521,0.12372096745472565
818,689,1507,0.12375182757809294
812,681,1493,0.12379020293851366
818,686,1504,0.12384078313783739
817,683,1500,0.12387479265605435
809,682,1491,0.12391075794306743
821,685,1506,0.12396269434406788
819,681,1500,0.12397986442417892
818,684,1502,0.12399918135651226
814,685,1499,0.12402151759246136
817,678,1495,0.12404745660177074
820,686,1506,0.12406428633124969
818,676,1494,0.12407492953737609
826,683,1509,0.12409181927966877
829,691,1520,0.12408755666116938
827,689,1516,0.12407539021467069
821,678,1499,0.12406895869705985
813,682,1495,0.12407655973430642
818,675,1493,0.1241022890169091
821,686,1507,0.12411343432567115
814,688,1502,0.12411995177370409
812,689,1501,0.12414341228231297
811,695,1506,0.12417052706913542
815,682,1497,0.1241970693796879
812,678,1490,0.12421412511044765
821,691,1512,0.12423553848980408
821,694,1515,0.12423527719813265
813,696,1509,0.12423452887214893
814,706,1520,0.12425129066556918
808,698,1506,0.12426694419709594
798,694,1492,0.12429443307282934
793,700,1493,0.12434168108367334
805,704,1509,0.12439832036391416
804,695,1499,0.12442529509780054
808,704,1512,0.12445383273633795
807,698,1505,0.12447307306358085
814,697,1511,0.124492721142186
806,698,1504,0.12449799747543558
805,695,1500,0.12452022344481659
811,694,1505,0.12454249997111014
806,691,1497,0.12455253701708896
804,688,1492,0.12457068356594782
805,702,1507,0.1245905955270495
798,703,1501,0.12460215277268186
798,700,1498,0.12463037416625244
794,705,1499,0.12465909288671881
804,705,1509,0.1246964536835046
789,708,1497,0.12470442988694011
782,701,1483,0.12474438003004742
783,698,1481,0.12479811460124847
789,704,1493,0.12484692390434368
782,699,1481,0.12487815651344106
785,704,1489,0.12492195912095283
787,713,1500,0.12495766647306727
788,726,1514,0.1249908267700118
780,722,1502,0.12501939977192356
778,728,1506,0.12506296014682142
779,732,1511,0.1251097889505453
772,723,1495,0.12515158291664594
777,723,1500,0.12520458481086474
781,719,1500,0.12524423781438318
781,712,1493,0.12527087410527668
790,723,1513,0.1252972369412908
775,731,1506,0.1253033774301595
771,731,1502,0.12534447781902427
773,728,1501,0.12539320708631113
772,728,1500,0.12543211232864088
775,728,1503,0.12547057812059773
783,728,1511,0.125500828333978
771,729,1500,0.12550981958673557
769,735,1504,0.12554503586162144
760,745,1505,0.1255848250934343
763,737,1500,0.12564230372017968
762,737,1499,0.12568661753371888
767,740,1507,0.12572942389300276
777,747,1524,0.12575858636883142
769,742,1511,0.1257627795412885
759,732,1491,0.12578714499411184
764,729,1493,0.1258308792744673
765,724,1489,0.12586117736394528
766,722,1488,0.1258857918510784
762,716,1478,0.12590574679812236
759,728,1487,0.1259305696492179
758,729,1487,0.12595956989481558
774,724,1498,0.12599207381680785
779,725,1504,0.12598735819592702
767,735,1502,0.12596840595573716
770,747,1517,0.12597837516802338
771,733,1504,0.1259794049244497
762,734,1496,0.12597580256242513
765,746,1511,0.12599443224697193
756,741,1497,0.1260028824477093
746,750,1496,0.1260341286429243
754,755,1509,0.12608804574601976
756,756,1512,0.1261206778004845
743,758,1501,0.1261474173065297
742,758,1500,0.12620079107969864
741,744,1485,0.12625395511128926
738,750,1488,0.1263050978736528
738,753,1491,0.12635778444000598
741,759,1500,0.12640605881740485
745,761,1506,0.1264428660715415
745,759,1504,0.12646727001646874
748,761,1509,0.12649232294007137
751,756,1507,0.12650862200045154
755,757,1512,0.12651704913112083
758,765,1523,0.1265138246987142
756,754,1510,0.12650704358794843
757,752,1509,0.12650475527201702
757,753,1510,0.12650252352876415
758,752,1510,0.12650413379827882
754,736,1490,0.12650304205393195
751,747,1498,0.12651109318812565
742,741,1483,0.12652568494043706
745,752,1497,0.12655874580034585
749,763,1512,0.1265822451118942
751,770,1521,0.126596283424859
745,767,1512,0.12660563481456688
739,773,1512,0.12662865048874564
739,774,1513,0.12666535504671012
747,771,1518,0.12669969465428482
743,766,1509,0.12671221845861852
745,780,1525,0.126730537165637
730,786,1516,0.1267435550566218
730,788,1518,0.12679051206992942
734,781,1515,0.12683756919255817
722,781,1503,0.12687227729274078
720,775,1495,0.12693003356084642
726,777,1503,0.12699022242117416
725,775,1500,0.12702992604199484
724,769,1493,0.12706867587669718
720,761,1481,0.1271057759151184
720,770,1490,0.12715220972709024
708,778,1486,0.12719597344456424
700,788,1488,0.12726553415013434
704,792,1496,0.12734646356730805
717,797,1514,0.12741372933161663
713,792,1505,0.12744704973827034
699,799,1498,0.12748601837563536
702,806,1508,0.12755285097995414
700,811,1511,0.12760890666215977
699,806,1505,0.12766746410335825
687,812,1499,0.1277242912804301
686,817,1503,0.12780348465603236
689,817,1506,0.12787906719571496
691,809,1500,0.12794368121493455
689,814,1503,0.12799848003570782
690,815,1505,0.1280543833276163
697,822,1519,0.1281076733360114
692,810,1502,0.12814503201973165
682,809,1491,0.12819136869873554
679,818,1497,0.1282591829126113
686,814,1500,0.1283268801727093
685,816,1501,0.12837704698648447
679,827,1506,0.12842415231320045
676,822,1498,0.12848395139783733
672,825,1497,0.12854849285569478
677,828,1505,0.12861713067564856
675,833,1508,0.12866938942620443
671,837,1508,0.12872388967570866
670,834,1504,0.12878581916519607
661,841,1502,0.12884349866654954
661,840,1501,0.12891832950309362
662,847,1509,0.12898899345383125
661,848,1509,0.12905527425183913
656,839,1495,0.12911816970045153
662,844,1506,0.12919047287188234
654,848,1502,0.1292429432715003
653,848,1501,0.1293102475823766
655,850,1505,0.12937423378080457
657,844,1501,0.12943053544695304
659,848,1507,0.12947964468503614
659,844,1503,0.1295200531421033
652,851,1503,0.12955540143369743
656,850,1506,0.12960344757743628
645,851,1496,0.1296385875960558
639,858,1497,0.1297007664354507
646,854,1500,0.12977385282890175
648,857,1505,0.1298223167610617
645,858,1503,0.12986203656926748
646,858,1504,0.1299078533893794
646,857,1503,0.1299504235920732
641,856,1497,0.1299920099663987
636,858,1494,0.13004292469266174
630,864,1494,0.1300997897666288
631,865,1496,0.13016729191574972
626,860,1486,0.13022615952753147
625,863,1488,0.13029352477477116
617,879,1496,0.13035872812755167
619,881,1500,0.1304378807431783
621,873,1494,0.13050855667288838
623,874,1497,0.13057099657661164
621,883,1504,0.13062041201379496
621,879,1500,0.13066914378282285
624,875,1499,0.13071534551909303
627,876,1503,0.13075364924431493
630,873,1503,0.13077773692628836
627,875,1502,0.13079487986729005
627,877,1504,0.13081758564789894
626,881,1507,0.1308380790031481
626,882,1508,0.13085943144003334
621,880,1501,0.1308803839163025
616,877,1493,0.13091392004106214
614,888,1502,0.13095750220089192
614,894,1508,0.13100194097747497
621,894,1515,0.13104230863359018
610,902,1512,0.13106319783687956
614,903,1517,0.13110811057950442
610,889,1499,0.13114121586987257
611,890,1501,0.13118308273215526
621,896,1517,0.13122023897481813
624,892,1516,0.13123231792258255
620,879,1499,0.1312360975206156
620,886,1506,0.13124827602237094
622,891,1513,0.1312605808881295
624,895,1519,0.1312643633390794
620,891,1511,0.1312621005261308
621,889,1510,0.1312693582698434
623,898,1521,0.13127031803042022
621,897,1518,0.13126908441800159
623,895,1518,0.1312748397464244
615,886,1501,0.1312787523061035
619,881,1500,0.1313023329532383
612,886,1498,0.13131790499554566
611,890,1501,0.13134660271496165
623,898,1521,0.13137193174845183
623,900,1523,0.13136820878215874
617,903,1520,0.13136586678798703
619,900,1519,0.1313804778286604
628,882,1510,0.13138760724121756
635,885,1520,0.13137441545670334
632,887,1519,0.13134500949826694
631,891,1522,0.13132448114082668
632,899,1531,0.131308612650465
624,904,1528,0.13129254133680587
623,896,1519,0.13129798446491073
616,897,1513,0.13130565911261652
619,887,1506,0.13132924077674818
633,888,1521,0.1313430528673819
624,892,1516,0.1313248237408201
625,900,1525,0.13132955779437713
629,884,1513,0.1313315260905495
619,880,1499,0.13132222693199896
622,884,1506,0.13133542675018892
617,895,1512,0.13134039875795314
621,889,1510,0.1313551986410628
608,891,1499,0.13135892492128792
610,881,1491,0.13139116904311948
616,889,1505,0.13141768250908745
617,893,1510,0.13143039030196849
625,892,1517,0.1314413942734049
633,892,1525,0.13143027318343178
632,897,1529,0.13140333265827783
620,898,1518,0.13137866658035116
620,901,1521,0.1313845627642285
618,903,1521,0.13139035538105434
606,897,1503,0.13140118981031232
616,893,1509,0.13144105296899167
619,896,1515,0.13145236981267797
608,891,1499,0.13145540546249815
606,895,1501,0.13148320556707707
608,903,1511,0.13151469558485013
620,902,1522,0.1315408414119396
615,900,1515,0.13153903600856315
604,911,1515,0.1315496523365388
601,909,1510,0.13158727402910186
598,908,1506,0.13163030921823515
596,908,1504,0.1316771447503378
601,906,1507,0.13172594054006329
597,921,1518,0.13175337089040684
592,919,1511,0.13178959419762443
598,908,1506,0.1318383839654949
595,910,1505,0.13187091930111067
603,908,1511,0.13190749303679883
594,924,1518,0.13192349578129123
591,924,1515,0.13196008908393214
595,924,1519,0.13200314882793102
594,919,1513,0.13203365902476985
582,926,1508,0.13206512364919287
584,933,1517,0.1321240982287479
579,934,1513,0.13217424141539624
569,928,1497,0.1322342969319823
568,931,1499,0.13231369106446672
575,932,1507,0.13238949195705887
570,933,1503,0.13244517876040715
565,933,1498,0.13250806876389146
571,940,1511,0.13257697924009712
567,947,1514,0.13262646464843947
564,947,1511,0.13268161662884764
561,953,1514,0.1327381452932535
571,954,1525,0.13279927146413426
565,948,1513,0.13283359540294132
572,944,1516,0.13287844470459914
573,939,1512,0.1329021840808094
569,939,1508,0.13292315359488147
569,935,1504,0.13295163832918327
573,936,1509,0.13297629873563233
572,943,1515,0.13299048342329048
581,945,1526,0.13300678321955015
574,946,1520,0.13299671370951824
569,948,1517,0.1330048498806816
567,950,1517,0.13302337532171982
563,948,1511,0.1330467669542122
568,940,1508,0.13307982806585814
572,933,1505,0.1331004514606642
574,934,1508,0.13311048106525536
567,938,1505,0.13311569557317274
571,941,1512,0.13313922867575806
570,941,1511,0.13315151574656578
568,944,1512,0.13316443173236617
560,949,1509,0.13318161587394683
559,947,1506,0.13321368821563184
562,953,1515,0.13324350499564264
568,949,1517,0.13326058191942985
561,957,1518,0.13326570787108988
549,965,1514,0.13328696796344827
546,962,1508,0.13333469524800723
556,958,1514,0.13338926633474568
555,957,1512,0.1334160975433444
545,966,1511,0.13344473059983147
556,965,1521,0.1334951294822995
548,970,1518,0.13351867765448935
549,962,1511,0.1335596857422846
548,963,1511,0.13359476704064285
553,962,1515,0.13362958241284603
555,957,1512,0.13364981921951513
556,964,1520,0.1336657425087216
553,967,1520,0.1336758020686995
555,971,1526,0.1336904419228415
548,972,1520,0.13370188778443753
545,972,1517,0.13372918092393124
538,964,1502,0.13376236943827335
531,960,1491,0.13380793798178692
539,982,1521,0.13386624985601286
545,978,1523,0.13390079584970543
534,971,1505,0.13392035762337665
529,974,1503,0.13396595733086347
531,973,1504,0.1340205789009414
531,972,1503,0.13406676739592896
526,979,1505,0.13411075918923565
533,975,1508,0.1341626873782861
530,971,1501,0.13419302179312936
532,978,1510,0.13423143976725999
524,986,1510,0.13426454990803277
525,990,1515,0.13431393814930404
520,975,1495,0.13435405223264058
517,987,1504,0.13440419326426276
511,981,1492,0.13445480801607537
514,969,1483,0.1345175708608953
521,980,1501,0.13456749799158607
529,972,1501,0.13460069243814274
516,983,1499,0.1346109800763081
515,991,1506,0.1346492298500605
513,997,1510,0.1346890510207425
499,997,1496,0.13473278399750893
508,990,1498,0.13480556992671996
512,996,1508,0.13485486003213648
503,997,1500,0.13489267760101703
503,1002,1505,0.13494627731163383
497,1011,1508,0.1349904601189262
499,1009,1508,0.13504619110266713
499,996,1495,0.13509708780849128
492,1005,1497,0.13514648355106415
495,1015,1510,0.13520847469427333
496,1007,1503,0.13525713837364284
496,1011,1507,0.1353028120653011
496,1016,1512,0.13534504687488816
489,1016,1505,0.13538507210470194
483,1012,1495,0.13543851694212564
491,1016,1507,0.13550361610819237
497,1010,1507,0.1355433296000037
495,1008,1503,0.13556569943370694
496,1015,1511,0.13558943337489354
492,1015,1507,0.13561048442217336
494,1019,1513,0.13563955794802787
501,1032,1533,0.1356641789164471
492,1020,1512,0.13566985012933733
488,1017,1505,0.13569525348321934
482,1026,1508,0.13572837724679093
474,1029,1503,0.13577672398682572
469,1027,1496,0.13584201731797824
471,1031,1502,0.13591596663667638
468,1029,1497,0.13598061949663548
476,1018,1494,0.13604822175284487
470,1018,1488,0.13609210879201697
469,1035,1504,0.13614611921305278
467,1038,1505,0.13620096475310592
462,1043,1505,0.13625640608995487
461,1047,1508,0.13631734950796384
467,1047,1514,0.13637573153105567
468,1041,1509,0.13641842966721104
469,1036,1505,0.13645592961088493
472,1047,1519,0.13648912430866517
474,1050,1524,0.13650977869407346
473,1047,1520,0.1365269467631873
467,1051,1518,0.1365465444865049
464,1054,1518,0.13657927857442556
461,1048,1509,0.13661857799679267
461,1052,1513,0.13666236534415468
464,1062,1526,0.13670226732169236
461,1055,1516,0.13673491924391784
461,1044,1505,0.1367734338105153
458,1047,1505,0.1368081636591344
460,1058,1518,0.1368447516114423
458,1055,1513,0.13687244119550526
458,1059,1517,0.13690342978205017
458,1067,1525,0.1369319892210693
458,1066,1524,0.1369589705564731
458,1072,1530,0.13698280945619515
454,1071,1525,0.13700702168219928
452,1072,1524,0.13703979201375285
452,1071,1523,0.13707423919149586
451,1081,1532,0.13710918893712482
433,1080,1513,0.13714504289024126
433,1071,1504,0.13722131668406623
436,1067,1503,0.13729264198006608
435,1084,1519,0.13735364001846923
438,1081,1519,0.1374120315333092
432,1079,1511,0.1374603204628935
437,1076,1513,0.1375190131731424
423,1077,1500,0.1375604169566568
429,1081,1510,0.13762983554541874
434,1091,1525,0.13768044503269078
435,1087,1522,0.13771401678893821
431,1083,1514,0.13774232161180724
430,1082,1512,0.13778002322179073
432,1084,1516,0.13781715604353412
431,1069,1500,0.13784841770999048
432,1073,1505,0.13787898381770541
430,1065,1495,0.13790666477305882
429,1063,1492,0.13793925299547852
425,1064,1489,0.13797077487163117
424,1089,1513,0.13800931555304113
416,1086,1502,0.13804804446822405
412,1090,1502,0.138102495492741
416,1088,1504,0.13816241405222807
422,1087,1509,0.13820940077008295
429,1085,1514,0.1382395854494262
425,1094,1519,0.1382505674999123
420,1095,1515,0.13826661773099994
416,1096,1512,0.1382949549025076
414,1100,1514,0.13833159280509894
416,1093,1509,0.1383701949691039
419,1087,1506,0.13839901736838123
425,1083,1508,0.13842167434062422
420,1092,1512,0.1384267795585194
424,1094,1518,0.13844266915896844
426,1100,1526,0.13844635441995645
422,1112,1534,0.13844639349609517
419,1113,1532,0.13845522598242316
418,1101,1519,0.13847234455235996
411,1104,1515,0.1384917373114797
412,1097,1509,0.13852538978004922
408,1099,1507,0.13855368374523708
399,1108,1507,0.13859051244068987
400,1109,1509,0.138648049289682
399,1113,1512,0.13869949750670296
403,1107,1510,0.13875042512425576
394,1109,1503,0.13878674690307008
397,1100,1497,0.13884004263522215
393,1112,1505,0.13888308259852084
398,1111,1509,0.13893245408352295
392,1117,1509,0.13896749402065514
390,1120,1510,0.13901569312836914
382,1117,1499,0.13906756449663338
388,1121,1509,0.13913508345142625
383,1112,1495,0.13918247804453915
384,1118,1502,0.1392387237072465
387,1114,1501,0.13928832592804
394,1120,1514,0.13932873963878167
389,1135,1524,0.13934938836994004
390,1133,1523,0.13938053917700508
387,1132,1519,0.13940877572892288
388,1140,1528,0.1394403546902455
385,1131,1516,0.13946887117626136
382,1133,1515,0.13950284573549293
385,1114,1499,0.1395425769561778
383,1121,1504,0.1395725905212409
384,1126,1510,0.1396041452082982
383,1127,1510,0.13963212331012773
387,1129,1516,0.13966042814238325
385,1122,1507,0.13967489074213238
383,1129,1512,0.13969336261753562
379,1140,1519,0.139714892122903
378,1117,1495,0.1397430193548792
370,1118,1488,0.13977385484585952
374,1118,1492,0.139823366005978
371,1119,1490,0.13985978667013582
368,1118,1486,0.1399026055553733
371,1126,1497,0.1399491132609099
373,1124,1497,0.13998593325815364
376,1126,1502,0.14001359579119665
372,1134,1506,0.14003287890497287
372,1134,1506,0.14005901642918994
371,1138,1509,0.14008446667141672
370,1131,1501,0.14011019888345025
366,1132,1498,0.140136992701844
366,1135,1501,0.14017142149735873
372,1146,1518,0.14020149513419342
377,1130,1507,0.14021487857553602
380,1133,1513,0.14021232709721987
371,1135,1506,0.14020506647095338
378,1133,1511,0.14022006259627126
374,1132,1506,0.14022080135398177
375,1132,1507,0.14022935987823587
377,1138,1515,0.14023504475051898
371,1137,1508,0.14023621787982382
363,1146,1509,0.14025424276772033
367,1145,1512,0.14029011975163194
369,1144,1513,0.14031433558129777
375,1144,1519,0.14033240750970233
373,1143,1516,0.1403348585025226
375,1136,1511,0.1403398786001505
377,1131,1508,0.14034106297165866
372,1146,1518,0.14033976609864923
369,1155,1524,0.14035014581370187
369,1143,1512,0.1403651146357216
372,1146,1518,0.1403822350923947
373,1141,1514,0.14038841228734436
373,1131,1504,0.14039160185961033
369,1140,1509,0.14039431850111644
370,1141,1511,0.14040517964810637
369,1144,1513,0.14041593916689027
370,1144,1514,0.14042781584427697
363,1140,1503,0.14043726572884818
359,1154,1513,0.14046146887155547
364,1155,1519,0.1404942324894105
360,1149,1509,0.14051288283733535
356,1147,1503,0.14053785852569292
358,1145,1503,0.14057213802048857
357,1144,1501,0.14059598730883704
358,1145,1503,0.14061987297663647
357,1137,1494,0.14064016293591663
359,1145,1504,0.1406633456999673
352,1140,1492,0.1406795527703603
354,1147,1501,0.14071136145422034
354,1146,1500,0.1407375245275267
349,1148,1497,0.14076227958521367
355,1161,1516,0.14079723727948987
352,1167,1519,0.14081595966862726
358,1164,1522,0.14083876543563065
351,1163,1514,0.14084523818655798
359,1163,1522,0.1408664819469993
354,1158,1512,0.14086819521995878
348,1170,1518,0.14088195316194538
350,1165,1515,0.14090861490891637
345,1153,1498,0.14092965463360313
347,1148,1495,0.1409604257295511
350,1138,1488,0.14098240481452456
350,1143,1493,0.14099925792519788
348,1159,1507,0.14101529285487208
346,1162,1508,0.14103629580645433
343,1165,1508,0.1410624187812535
340,1169,1509,0.14109362748572257
339,1170,1509,0.14112922018064153
335,1186,1521,0.14116499839779198
333,1183,1516,0.14120752282122814
332,1176,1508,0.14125039789470673
334,1182,1516,0.1412944493838856
335,1173,1508,0.14133094138765853
336,1170,1506,0.141364427180561
329,1187,1516,0.1413922018456333
329,1189,1518,0.14143466611855954
329,1196,1525,0.14147547866761032
335,1189,1524,0.1415146256886788
337,1184,1521,0.14153579705648955
337,1190,1527,0.14155114598365853
332,1169,1501,0.14156457509140846
327,1161,1488,0.14158862160708888
327,1176,1503,0.14162307891485112
327,1182,1509,0.1416539059225572
325,1184,1509,0.1416846790248721
325,1184,1509,0.14171805277921187
324,1181,1505,0.14174681947780626
320,1179,1499,0.1417782514248684
321,1173,1494,0.14181751307331678
323,1175,1498,0.14185089114552088
324,1186,1510,0.1418770530754644
325,1184,1509,0.14189980366644356
324,1193,1517,0.14192023050608757
327,1189,1516,0.14194187966415167
327,1184,1511,0.1419561355549366
326,1186,1512,0.14196714592946347
327,1182,1509,0.1419787366253211
335,1182,1517,0.14198592118829
329,1193,1522,0.14197391629445186
327,1192,1519,0.14197725090257754
330,1190,1520,0.1419877442971595
331,1179,1510,0.14199028061033103
337,1178,1515,0.14199081515734388
333,1183,1516,0.14197607867151862
329,1174,1503,0.14197174847034394
325,1181,1506,0.1419771213734791
321,1178,1499,0.1419914006078852
321,1185,1506,0.14201519580888683
324,1190,1514,0.14203900331337085
319,1184,1503,0.1420567785739314
320,1190,1510,0.14208505788077413
312,1187,1499,0.1421064602594323
310,1189,1499,0.14214517563818332
307,1196,1503,0.14218616581799526
309,1193,1502,0.14223235484340893
311,1199,1510,0.1422717912850148
307,1193,1500,0.1423022895311413
311,1197,1508,0.14234110218459337
311,1198,1509,0.1423669841982863
309,1186,1495,0.14239212238433374
305,1204,1509,0.1424183918539789
311,1197,1508,0.14245217560442003
303,1207,1510,0.1424714374200976
307,1199,1506,0.14250925952724325
306,1190,1496,0.1425350933092116
310,1203,1513,0.14256067219993238
308,1200,1508,0.14257425406341237
308,1211,1519,0.1425920312020017
308,1212,1520,0.14260919507445308
303,1209,1512,0.14262554125718568
308,1216,1524,0.1426525563148091
302,1210,1512,0.1426647735707629
300,1207,1507,0.14268877296022656
299,1217,1516,0.14271779867631074
296,1206,1502,0.1427488837300765
297,1207,1504,0.1427857501744071
295,1211,1506,0.14281607854878176
299,1225,1524,0.14284887961948353
300,1217,1517,0.14286951450694851
293,1223,1516,0.14288451576737274
293,1214,1507,0.14291585350590522
295,1214,1509,0.1429474356455375
297,1205,1502,0.1429713146530047
300,1203,1503,0.14298982283051043
305,1204,1509,0.1429994165695802
302,1208,1510,0.14299258195380504
302,1191,1493,0.14299295152426936
298,1197,1495,0.14299462810050786
292,1211,1503,0.14300548675242603
293,1218,1511,0.14302977181202914
291,1212,1503,0.14304887034684025
289,1218,1507,0.1430702281243666
290,1223,1513,0.14309697561525084
291,1220,1511,0.14312072429945916
292,1212,1504,0.14313809527471094
292,1211,1503,0.1431521606680581
290,1216,1506,0.14316538984821123
292,1218,1510,0.14318254372090647
291,1217,1508,0.143193178082597
292,1219,1511,0.14320750613946306
294,1227,1521,0.14321560766009356
297,1225,1522,0.14321938681527305
298,1217,1515,0.1432139846020321
299,1215,1514,0.1432064656325327
293,1206,1499,0.1431981903541106
292,1204,1496,0.14320609349083324
293,1203,1496,0.14321657604520793
295,1208,1503,0.1432242712459089
297,1202,1499,0.14322790915101558
298,1195,1493,0.14322762001272493
297,1204,1501,0.14322488099194533
294,1202,1496,0.14322368156367304
304,1218,1522,0.14323033438714128
306,1213,1519,0.14321189679032445
307,1213,1520,0.1431875418395041
306,1221,1527,0.14316281088524
303,1224,1527,0.14314309069132009
305,1222,1527,0.14313217508519058
306,1217,1523,0.14311923004538876
302,1206,1508,0.1431057222807434
298,1207,1505,0.14310379836454754
298,1201,1499,0.14311162409948383
294,1217,1511,0.1431199313345749
293,1223,1516,0.14313759555590333
293,1222,1515,0.14315459190173743
294,1215,1509,0.14316959560877898
295,1214,1509,0.14317995286223875
291,1211,1502,0.14318554511372125
290,1218,1508,0.14319955668406387
293,1223,1516,0.14321584404647755
291,1220,1511,0.14322343802376428
287,1214,1501,0.1432354034376572
284,1230,1514,0.14325352714989467
286,1240,1526,0.1432787714323417
285,1231,1516,0.1433001954191054
286,1229,1515,0.1433200610814048
282,1218,1500,0.14333610263730545
282,1223,1505,0.14335965346138935
283,1235,1518,0.14338245529760438
288,1234,1522,0.14340078511256987
292,1224,1516,0.14340536444888013
290,1228,1518,0.14340043096687238
290,1229,1519,0.14340275319935936
286,1223,1509,0.14340504672491458
283,1222,1505,0.14341611812975777
283,1218,1501,0.1434313512898492
280,1215,1495,0.1434453968619626
282,1225,1507,0.1434675348850968
285,1231,1516,0.14348138484495457
284,1226,1510,0.14348773679776453
277,1233,1510,0.14349710847331928
279,1233,1512,0.14352294994871737
278,1224,1502,0.14354262571906198
277,1222,1499,0.14356571024554282
276,1236,1512,0.1435888787765786
276,1236,1512,0.143613331430416
277,1246,1523,0.1436359944905095
271,1240,1511,0.14365547946167692
269,1234,1503,0.14368838766437556
264,1246,1510,0.14372324631734615
267,1242,1509,0.1437695943154952
267,1244,1511,0.14380698970448097
273,1246,1519,0.14384155229862253
272,1238,1510,0.14385941595556173
265,1225,1490,0.14387624359633253
269,1243,1512,0.14390959060726297
270,1247,1517,0.14392974785114798
267,1244,1511,0.14394604259598467
268,1234,1502,0.14396915453911452
267,1238,1505,0.1439872772962261
272,1234,1506,0.1440079501048278
267,1230,1497,0.14401557916662977
269,1227,1496,0.14403319690285138
268,1237,1505,0.14404361243543706
273,1236,1509,0.14405312326470704
270,1239,1509,0.1440514504103762
265,1240,1505,0.14405640948582865
265,1243,1508,0.1440738040246629
269,1250,1519,0.1440882439096362
263,1249,1512,0.14409207550735967
266,1249,1515,0.14411080789789632
262,1251,1513,0.14412246738199191
264,1252,1516,0.1441441344252766
260,1245,1505,0.14416054679969523
261,1247,1508,0.144185809686991
258,1255,1513,0.14420681222967474
257,1250,1507,0.14423560581641603
260,1253,1513,0.1442629009227222
260,1251,1511,0.1442821418159276
262,1250,1512,0.14429897598812003
260,1243,1503,0.14430956464165806
260,1253,1513,0.1443245505684109
271,1246,1517,0.14433579688602832
270,1245,1515,0.14432191616397347
274,1244,1518,0.14431254626737813
271,1252,1523,0.14429347066780704
269,1245,1514,0.14428361578621898
267,1252,1519,0.14428014534336953
258,1234,1492,0.1442831206922417
259,1247,1506,0.14430629510210216
262,1236,1498,0.14432569241383017
260,1247,1507,0.14433692912521429
262,1238,1500,0.14434943445888543
257,1241,1498,0.14435651317763573
255,1242,1497,0.144373744569557
260,1241,1501,0.14439622268264368
254,1234,1488,0.14440672518038647
255,1242,1497,0.14443087411350186
258,1242,1500,0.14444934149323596
254,1250,1504,0.14446011187808142
244,1250,1494,0.14447963314955545
249,1249,1498,0.14452158977236582
252,1247,1499,0.14454802022347973
256,1253,1509,0.14456664932385407
252,1260,1512,0.1445756326378481
252,1262,1514,0.1445949097538352
248,1263,1511,0.1446114740879854
252,1264,1516,0.14463601824441066
248,1271,1519,0.14465074764004762
243,1265,1508,0.14467281108073868
240,1274,1514,0.1447047950004716
242,1273,1515,0.14474253289195857
239,1277,1516,0.14477191698100575
245,1269,1514,0.14480670501299708
243,1252,1495,0.1448243219681684
247,1260,1507,0.14484503014392947
248,1252,1500,0.14485562535409302
247,1261,1508,0.14486240066993003
241,1271,1512,0.14487158054374394
242,1273,1515,0.1448949765251574
243,1270,1513,0.1449138127362798
242,1277,1519,0.1449311787918007
241,1289,1530,0.14495054004348226
241,1285,1526,0.14497231888284878
242,1276,1518,0.1449916970435678
244,1279,1523,0.1450044368471841
240,1277,1517,0.14501056211225385
239,1276,1515,0.14502607898955538
245,1278,1523,0.14504443426341893
244,1271,1515,0.1450458580406802
241,1276,1517,0.1450501602749073
238,1275,1513,0.14506130260500616
238,1279,1517,0.14507960999979724
233,1280,1513,0.14509835965698514
237,1281,1518,0.14512950809628997
233,1273,1506,0.14514984002768055
238,1276,1514,0.14517627407127137
244,1277,1521,0.14518906363662046
238,1281,1519,0.1451882614531378
234,1271,1505,0.14520108123908504
233,1268,1501,0.14522342197865115
237,1273,1510,0.14524433419618898
238,1269,1507,0.14525541041244291
239,1274,1513,0.14526237047925245
240,1280,1520,0.14526883404944432
236,1297,1533,0.14527172584418122
234,1294,1528,0.1452848550229599
232,1284,1516,0.14530258187603487
235,1280,1515,0.14532309875568178
228,1283,1511,0.14533702641091278
225,1286,1511,0.145366537263639
229,1292,1521,0.14540063581408616
232,1292,1524,0.14542395166264205
229,1292,1521,0.1454401097315156
226,1288,1514,0.14546197912662456
226,1274,1500,0.14548847830792244
225,1278,1503,0.14551108796922058
221,1270,1491,0.145534627788904
223,1286,1509,0.14556465190889412
220,1283,1503,0.1455886692511519
222,1281,1503,0.14561596091349227
219,1279,1498,0.145634491843735
225,1277,1502,0.14565875425202238
228,1293,1521,0.14566786581836802
224,1290,1514,0.14566913915791807
219,1280,1499,0.14568158098078973
225,1288,1513,0.14570419531444984
222,1289,1511,0.1457091241453441
225,1286,1511,0.14572202967106723
225,1267,1492,0.14572811401433727
230,1284,1514,0.14573500186583085
233,1285,1518,0.14572879270519004
229,1278,1507,0.14571536883022698
226,1285,1511,0.14570892266115743
226,1281,1507,0.1457092348150785
223,1274,1497,0.1457095219848399
229,1278,1507,0.14571705104609348
232,1273,1505,0.1457100382018918
237,1272,1509,0.14569433488141878
239,1278,1517,0.14566620117172782
240,1286,1526,0.14563639109342577
240,1287,1527,0.1456084014447758
239,1283,1522,0.14558328671652565
240,1279,1519,0.1455626572269144
239,1281,1520,0.14553972930945064
237,1280,1517,0.14552165837845435
235,1287,1522,0.14551189009933246
233,1291,1524,0.1455071622608413
227,1295,1522,0.14550700149196125
223,1298,1521,0.14552125153762607
224,1290,1514,0.14554537493081002
228,1288,1516,0.1455641314242485
228,1278,1506,0.1455726727330652
225,1284,1509,0.1455790965670284
229,1271,1500,0.14559212747234823
236,1275,1511,0.14559497219380244
237,1277,1514,0.1455804756583108
233,1278,1511,0.14556511877691572
233,1277,1510,0.14556096664366533
227,1283,1510,0.14555679824187434
226,1292,1518,0.14556892673798333
226,1289,1515,0.14558313665696831
226,1297,1523,0.1455975994055015
222,1297,1519,0.1456114084852852
225,1293,1518,0.14563257856905812
222,1297,1519,0.14564322866837998
219,1300,1519,0.14566115529417722
222,1300,1522,0.14568477648694042
219,1291,1510,0.1456981654594876
222,1277,1499,0.14571853066855486
224,1284,1508,0.14573118287832593
226,1285,1511,0.14573843594229605
229,1287,1516,0.14574029561293864
227,1293,1520,0.14573455762417484
223,1301,1524,0.145735609447581
223,1305,1528,0.14574643643643925
222,1316,1538,0.14575843662033447
224,1296,1520,0.14577307453562774
221,1297,1518,0.14578071985983806
220,1290,1510,0.145794960879441
226,1307,1533,0.14580909818300727
222,1306,1528,0.14580888156090913
214,1302,1516,0.14581983448835312
215,1303,1518,0.14585064065319486
212,1300,1512,0.14587683408695862
212,1308,1520,0.1459090294965865
208,1301,1509,0.14593998941471675
209,1294,1503,0.14597736012139084
208,1293,1501,0.14601014656905062
205,1292,1497,0.14604333410784653
203,1299,1502,0.14608185453664846
203,1307,1510,0.14612226017630175
206,1312,1518,0.14616137190383247
206,1309,1515,0.14618987441893502
201,1318,1519,0.14621650046360285
201,1321,1522,0.14625359654328685
199,1319,1518,0.14628964795122867
202,1329,1531,0.14632717019398128
198,1330,1528,0.1463541350746991
194,1329,1523,0.1463887216782866
197,1343,1540,0.14643146310723731
195,1324,1519,0.14646278891347925
196,1310,1506,0.14649743922432057
193,1310,1503,0.14652731365309765
198,1312,1510,0.1465600430646549
198,1329,1527,0.14657802487559635
187,1332,1519,0.1465955282977734
188,1319,1507,0.14663684164298885
193,1332,1525,0.14667080346986947
194,1342,1536,0.14669086483937635
190,1331,1521,0.14670922831792738
185,1324,1509,0.14673691230773211
186,1312,1498,0.1467741068936388
186,1322,1508,0.14680578734827474
183,1331,1514,0.14683444916127222
177,1339,1516,0.1468681847139527
176,1327,1503,0.14691336026057156
176,1323,1499,0.1469580468598101
175,1346,1521,0.14699846985846526
178,1339,1517,0.147040299182553
177,1328,1505,0.1470712097058764
177,1335,1512,0.14710307177286613
173,1339,1512,0.14713268240325708
172,1341,1513,0.14716973856605975
176,1339,1515,0.14720717539558686
168,1343,1511,0.14723406213310536
167,1342,1509,0.14727876541942933
166,1345,1511,0.14732320340519361
165,1342,1507,0.14736525764147765
167,1337,1504,0.1474081604421962
170,1334,1504,0.14744329850298668
175,1342,1517,0.14746845962036675
173,1346,1519,0.14747912607933955
165,1341,1506,0.14749408178885384
167,1346,1513,0.1475277812301546
166,1362,1528,0.14755477795264793
164,1349,1513,0.1475818352651016
166,1341,1507,0.14761325224276828
166,1350,1516,0.14763831714992526
166,1343,1509,0.14766135223947344
167,1351,1518,0.14768345758578247
162,1351,1513,0.14770105928432234
163,1344,1507,0.14773028338803573
164,1347,1511,0.14775691007355016
162,1353,1515,0.14778049169279467
161,1351,1512,0.1478065511865995
164,1336,1500,0.14783390953739814
166,1344,1510,0.14785172987868034
164,1350,1514,0.1478627405507658
164,1346,1510,0.1478783894083512
163,1347,1510,0.14789152347714077
161,1353,1514,0.1479067746676032
158,1340,1498,0.1479266333785749
161,1339,1500,0.14795164069969996
166,1364,1530,0.14796453730105705
169,1352,1521,0.14796602890854327
169,1352,1521,0.14796107434410521
169,1354,1523,0.14795681114533252
169,1346,1515,0.1479526559014082
163,1365,1528,0.1479457365067654
164,1362,1526,0.14795236530651568
162,1355,1517,0.14795594435764317
165,1348,1513,0.14796456684745468
168,1344,1512,0.1479663917351326
165,1353,1518,0.1479599489657083
164,1340,1504,0.14796199552556966
161,1341,1502,0.14796546115768255
161,1338,1499,0.14797650729662581
164,1337,1501,0.1479886594299256
170,1343,1513,0.1479922518791532
168,1345,1513,0.14797730559721914
164,1346,1510,0.1479680652925135
164,1348,1512,0.1479690651290225
161,1340,1501,0.1479722559562346
158,1348,1506,0.14798082350255096
160,1354,1514,0.14799661867393923
157,1362,1519,0.1480058384953297
154,1350,1504,0.14802199662108712
159,1352,1511,0.14804319640408675
163,1358,1521,0.148051572992226
157,1351,1508,0.14805045379026274
154,1353,1507,0.14806282806384288
153,1355,1508,0.14808125959031698
153,1351,1504,0.14810218589553928
153,1356,1509,0.14812202798248922
153,1354,1507,0.14814024573904225
153,1352,1505,0.14815412918121976
153,1347,1500,0.1481692950085334
155,1342,1497,0.14818440619591564
153,1337,1490,0.1481941665524568
150,1354,1504,0.14820783652791136
151,1364,1515,0.1482283816363814
152,1356,1508,0.14824686072324916
151,1356,1507,0.14826134629736273
150,1368,1518,0.14827645415099813
156,1362,1518,0.14829339245755638
152,1363,1515,0.1482947466511447
153,1361,1514,0.14830625745479498
152,1351,1503,0.14831432126708657
151,1351,1502,0.14832445299033203
152,1341,1493,0.14833763980248355
151,1350,1501,0.14834637858661653
153,1347,1500,0.14835705810140032
154,1369,1523,0.14836370955604714
147,1378,1525,0.14836789163654315
143,1379,1522,0.14838868719571857
141,1373,1514,0.14841885693684362
142,1373,1515,0.14845101939842445
142,1391,1533,0.14847815777291076
141,1380,1521,0.14850378779752219
140,1391,1531,0.1485300240274158
138,1377,1515,0.14855592650789312
140,1392,1532,0.1485849700352922
142,1383,1525,0.1486077334797542
142,1381,1523,0.14862462481880118
143,1375,1518,0.14863955297000986
137,1379,1516,0.14865208016813977
135,1380,1515,0.14867931887599
135,1383,1518,0.1487081634752809
132,1373,1505,0.14873548443312742
129,1376,1505,0.1487679591587758
127,1383,1510,0.1488052796827401
129,1370,1499,0.14884577008502722
133,1366,1499,0.1488783599537798
137,1379,1516,0.14889791848180306
137,1383,1520,0.14890489481315228
139,1386,1525,0.14891286145054924
135,1397,1532,0.14891702836855714
136,1397,1533,0.1489313435281658
133,1387,1520,0.1489427542967753
129,1383,1512,0.14896188563471807
129,1373,1502,0.14898829993460821
129,1375,1504,0.1490130550713984
133,1381,1514,0.1490369453019607
137,1378,1515,0.14905044810296744
136,1379,1515,0.14905165063844128
135,1380,1515,0.1490543641877156
130,1376,1506,0.1490594203577976
135,1384,1519,0.14907583905858357
134,1384,1518,0.14907950035867568
136,1388,1524,0.14908602915354197
137,1388,1525,0.14908802180562422
135,1388,1523,0.14908649019629183
132,1382,1514,0.14908969574259415
132,1379,1511,0.14909962696431267
124,1372,1496,0.14910802129191936
125,1384,1509,0.1491342648161143
126,1380,1506,0.1491568506153449
130,1387,1517,0.1491764475323195
129,1390,1519,0.1491854684391531
131,1372,1503,0.14919459377114874
130,1376,1506,0.14919756866324652
135,1379,1514,0.14920365004504801
135,1381,1516,0.14919518826002884
132,1391,1523,0.1491868851718773
133,1407,1540,0.14918756938404992
129,1397,1526,0.14918717646951088
131,1390,1521,0.14919718401975987
131,1383,1514,0.14920017528319487
134,1380,1514,0.149204041671946
131,1386,1517,0.14920220216674493
130,1376,1506,0.14920588446446204
129,1394,1523,0.14921233484690571
132,1391,1523,0.14922176899804496
136,1388,1524,0.14922098528429872
132,1396,1528,0.14921053116238756
133,1388,1521,0.1492116882089576
131,1392,1523,0.14921198820843887
127,1380,1507,0.14921704453675633
130,1392,1522,0.14923182341748903
130,1392,1522,0.14923864397280326
125,1389,1514,0.14924418530210187
124,1397,1521,0.14926135108703217
124,1396,1520,0.14927972548602697
122,1373,1495,0.1492981491372231
126,1375,1501,0.14931875156345503
125,1382,1507,0.1493291261694604
123,1387,1510,0.14934143030590163
124,1395,1519,0.14935731061467883
122,1399,1521,0.1493701823604416
120,1407,1527,0.14938741038074227
119,1397,1516,0.14940725406555308
117,1410,1527,0.14942906720163657
120,1406,1526,0.1494546527821939
121,1401,1522,0.14947068025624113
121,1411,1532,0.14948152956837035
121,1392,1513,0.14949296328520364
122,1397,1519,0.14950525558803554
121,1393,1514,0.1495149069027765
120,1392,1512,0.1495239922348696
121,1391,1512,0.14953599746958435
125,1401,1526,0.149545318073782
124,1402,1526,0.14954293227878535
124,1404,1528,0.14954248912630508
124,1396,1520,0.14954330091376708
123,1386,1509,0.14954402576808656
119,1399,1518,0.1495480241298667
117,1387,1504,0.14956170740059263
113,1382,1495,0.149579246752914
117,1390,1507,0.1496051215944603
118,1388,1506,0.14961687135090782
120,1394,1514,0.14962470904808126
113,1403,1516,0.14962650679515332
116,1400,1516,0.14964504991445282
121,1381,1502,0.14965544450488405
124,1394,1518,0.14965187203786143
121,1388,1509,0.14964265557008452
123,1404,1527,0.14964206005330571
126,1395,1521,0.1496383344324411
125,1392,1517,0.14962809722337883
124,1398,1522,0.14962056372162144
120,1399,1519,0.14961582032773404
121,1393,1514,0.14962027721454407
122,1391,1513,0.14962255899560362
122,1405,1527,0.14962236386582137
123,1402,1525,0.14962346967694448
123,1405,1528,0.1496222921756497
125,1392,1517,0.14962228617982504
120,1394,1514,0.14961529345397584
121,1384,1505,0.1496192795549064
118,1392,1510,0.14962269954765323
114,1408,1522,0.14963291178204557
115,1406,1521,0.1496522091263787
118,1414,1532,0.14966882603624254
117,1415,1532,0.1496755933679449
115,1419,1534,0.14968518410792223
116,1408,1524,0.14969857895701202
113,1404,1517,0.14970665844440792
111,1407,1518,0.14972277860819366
111,1404,1515,0.14974295338536836
111,1415,1526,0.14976238805737188
111,1413,1524,0.14978019407688883
108,1401,1509,0.14979772551376278
108,1405,1513,0.14981954205664144
111,1410,1521,0.1498408747156312
106,1419,1525,0.14985310982521607
104,1418,1522,0.14987641536431437
106,1414,1520,0.14990363659679215
109,1411,1520,0.1499254440381776
110,1410,1520,0.14993870134534362
109,1411,1520,0.149947597228671
109,1414,1523,0.1499569094354882
109,1412,1521,0.14996574347454003
108,1414,1522,0.1499731905826129
108,1408,1516,0.14998250009679745
105,1410,1515,0.14999115596788182
107,1416,1523,0.15000579998482347
105,1423,1528,0.15001535272866068
105,1422,1527,0.1500287113291475
104,1413,1517,0.15004117623976398
104,1428,1532,0.15005581664872114
103,1414,1517,0.150068499729567
101,1414,1515,0.1500841202140764
104,1421,1525,0.1501036864317146
101,1404,1505,0.15011612603520544
104,1400,1504,0.1501340253823021
102,1407,1509,0.15014281680247688
96,1425,1521,0.15015576333135258
101,1426,1527,0.15018248758489133
100,1429,1529,0.15019389152406817
97,1418,1515,0.15020733155130503
99,1423,1522,0.15022749125061738
99,1422,1521,0.15024235238987027
97,1421,1518,0.15025715448109814
97,1423,1520,0.1502762787721818
97,1428,1525,0.15029297239002384
98,1417,1515,0.15030602203826912
100,1427,1527,0.15031595026028927
99,1418,1517,0.1503199869239546
98,1412,1510,0.1503276822108232
97,1409,1506,0.15033686326389742
95,1408,1503,0.1503483468965296
96,1423,1519,0.15036346533622663
92,1426,1518,0.15037539781172066
93,1414,1507,0.1503970302339951
94,1409,1503,0.15041499811951575
96,1412,1508,0.15042885190764832
95,1405,1500,0.1504372406715901
94,1404,1498,0.1504467714269103
89,1401,1490,0.15045890927762037
92,1408,1500,0.15048088660236744
95,1401,1496,0.15049276083568158
92,1413,1505,0.15049815291283342
92,1420,1512,0.1505098658154629
90,1412,1502,0.15052174075898198
90,1421,1511,0.1505381616242757
88,1432,1520,0.15055287626355449
86,1437,1523,0.15057301700114095
87,1433,1520,0.15059709919999872
86,1445,1531,0.15061598818627975
86,1438,1524,0.1506366946954262
85,1451,1536,0.15065672489472196
85,1442,1527,0.15067858813140456
87,1448,1535,0.15069777074998045
87,1441,1528,0.15071085649807298
84,1434,1518,0.1507227706803401
86,1433,1519,0.15074075090918065
84,1421,1505,0.15075198406109766
88,1412,1500,0.1507674703780761
87,1420,1507,0.15077162483353945
85,1424,1509,0.1507778593593124
86,1429,1515,0.15078937977028034
83,1428,1511,0.15079814401205963
84,1429,1513,0.150813846264053
83,1438,1521,0.15082559635578383
82,1439,1521,0.15083771465210336
81,1437,1518,0.1508520444186517
81,1425,1506,0.15086750400222204
82,1425,1507,0.15088187660049918
85,1436,1521,0.150893231452823
84,1428,1512,0.1508966486800186
84,1436,1520,0.15090304432482693
84,1426,1510,0.15090887155755933
82,1424,1506,0.15091422977535685
85,1422,1507,0.15092435679407704
83,1415,1498,0.15092592601585342
77,1430,1507,0.15093085788966754
80,1426,1506,0.15094925008656968
81,1433,1514,0.15095881015903426
78,1428,1506,0.1509649253856161
77,1434,1511,0.1509772086440581
76,1430,1506,0.1509924690151803
80,1433,1513,0.15100737963330255
80,1435,1515,0.15101121807429446
81,1426,1507,0.1510154695182022
80,1427,1507,0.15101749830396308
83,1430,1513,0.15102275137378937
85,1429,1514,0.151019299254959
82,1431,1513,0.1510111468710039
85,1434,1519,0.15101245783419565
85,1424,1509,0.1510071199283296
85,1421,1506,0.15100221384849413
80,1411,1491,0.15099662122970586
83,1436,1519,0.15100202686236952
84,1436,1520,0.15100034089849018
80,1427,1507,0.15099634164288978
82,1429,1511,0.15100262559745706
85,1434,1519,0.15100462423712444
85,1424,1509,0.1509983013424526
81,1429,1510,0.15099346847095438
81,1421,1502,0.15099881836219556
78,1440,1518,0.15100463334423356
77,1444,1521,0.15101768253176803
82,1450,1532,0.15103292400234755
81,1446,1527,0.15103479749050774
80,1445,1525,0.1510399387773914
77,1428,1505,0.15104750315264248
76,1431,1507,0.1510619084343182
75,1435,1510,0.15107853836585505
77,1439,1516,0.1510961274822447
73,1454,1527,0.1511075952255412
77,1450,1527,0.15112682567842067
77,1458,1535,0.15113611115480846
78,1460,1538,0.1511451961763724
78,1449,1527,0.15115162274014232
76,1452,1528,0.1511583759971023
79,1455,1534,0.15116983835868456
78,1444,1522,0.15117132729205557
74,1444,1518,0.15117506447760998
77,1450,1527,0.1511891266759968
73,1448,1521,0.15119464839272084
72,1444,1516,0.15120919173956301
74,1440,1514,0.15122469735719224
71,1448,1519,0.15123403083767212
70,1440,1510,0.1512475542953407
73,1434,1507,0.15126332841504728
73,1435,1508,0.1512696809255703
80,1425,1505,0.15127579172626582
74,1408,1482,0.15126375307072237
71,1410,1481,0.1512666600768548
68,1426,1494,0.15127718700302883
71,1434,1505,0.15129469337933363
72,1444,1516,0.1513028894638003
69,1440,1509,0.1513094786855179
71,1442,1513,0.1513220352225634
70,1450,1520,0.15132902432529874
68,1448,1516,0.1513369275044801
66,1456,1522,0.151349987219487
64,1457,1521,0.1513671672480483
67,1444,1511,0.15138765926478334
66,1458,1524,0.15139954606704267
68,1458,1526,0.15141375892487047
66,1454,1520,0.1514219539270611
63,1458,1521,0.15143466879673678
64,1464,1528,0.15145494505612705
67,1460,1527,0.15147138199709215
67,1442,1509,0.15147917159635707
64,1446,1510,0.15148592533356178
64,1451,1515,0.15149926974128752
63,1455,1518,0.1515121633119285
62,1469,1531,0.1515254063596891
60,1458,1518,0.15154134253800514
62,1448,1510,0.15156073371952927
64,1451,1515,0.15157356153930546
65,1449,1514,0.15157938772980706
66,1444,1510,0.15158177634802864
66,1458,1524,0.15158199970402123
65,1455,1520,0.1515823150474808
63,1465,1528,0.15158497750972055
60,1466,1526,0.15159303666124527
60,1474,1534,0.15160879440265496
62,1467,1529,0.15162443482592866
64,1459,1523,0.15163344856142488
67,1462,1529,0.15163350729798364
64,1452,1516,0.15162652630993048
65,1435,1500,0.1516281646989555
64,1435,1499,0.15162773061743043
63,1443,1506,0.15162985407036036
64,1447,1511,0.15163423785351274
65,1445,1510,0.15163713199635828
67,1449,1516,0.1516383518642079
64,1454,1518,0.15163423686191752
60,1454,1514,0.15163893193688893
61,1446,1507,0.15165242371480972
61,1445,1506,0.15166159670711774
64,1456,1520,0.15167035397444234
63,1468,1531,0.15167015251185312
64,1453,1517,0.15167337523002322
65,1450,1515,0.1516750159126477
62,1456,1518,0.15167432672924652
62,1468,1530,0.1516814793221544
62,1460,1522,0.1516881549506293
61,1454,1515,0.15169485010338185
61,1442,1503,0.1517042103189958
61,1441,1502,0.1517136060615645
59,1443,1502,0.15172276022742687
59,1454,1513,0.1517365504542451
59,1466,1525,0.15175005622577178
59,1458,1517,0.15176291824402757
58,1462,1520,0.15177532535741894
56,1465,1521,0.15178885184612514
57,1468,1525,0.15180633522950124
55,1463,1518,0.15181993795227433
57,1463,1520,0.15183765978559724
57,1465,1522,0.15184910492825243
57,1459,1516,0.1518592728003944
56,1462,1518,0.15186946260578196
56,1466,1522,0.15188172280584353
55,1450,1505,0.15189369363901947
53,1445,1498,0.1519070923872986
56,1432,1488,0.1519244164335507
54,1443,1497,0.15193185763059586
53,1453,1506,0.15194359600151908
53,1461,1514,0.1519562210735115
54,1467,1521,0.15196830843518286
54,1468,1522,0.15197700216865764
53,1468,1521,0.15198581257332416
52,1472,1524,0.1519968296310636
53,1460,1513,0.1520098572883095
51,1477,1528,0.15201926985434433
51,1483,1534,0.1520329668027598
49,1479,1528,0.15204629974680034
49,1488,1537,0.15206357785383343
48,1480,1528,0.15207991595367829
49,1478,1527,0.15209824086909865
50,1479,1529,0.1521124936554257
49,1464,1513,0.15212254193880853
49,1463,1512,0.1521337285911649
49,1460,1509,0.1521447683341304
48,1467,1515,0.15215533779450333
45,1477,1522,0.15216736375161014
48,1482,1530,0.15218516119206477
48,1475,1523,0.15219268999283314
48,1483,1531,0.15220034128212315
46,1484,1530,0.15220808790615617
45,1476,1521,0.15222051430672542
47,1479,1526,0.15223559853993038
45,1492,1537,0.15224365289261446
44,1474,1518,0.15225614241571775
42,1486,1528,0.15227085911586602
43,1473,1516,0.15228958202565201
41,1459,1500,0.1523050081756916
39,1458,1497,0.15232350684990065
40,1451,1491,0.15234566140311454
41,1447,1488,0.15236406378713233
43,1462,1505,0.15237764588339542
43,1458,1501,0.15238435114121998
44,1469,1513,0.15239027573023173
45,1472,1517,0.15239409331259277
45,1489,1534,0.1523950478034284
42,1486,1528,0.15239558993147312
42,1496,1538,0.15240364502189907
40,1503,1543,0.15241189602720367
39,1489,1528,0.15242494238065485
41,1495,1536,0.15243986235542323
40,1491,1531,0.1524478696719347
40,1480,1520,0.15245761865811855
42,1483,1525,0.15246633101571722
42,1472,1514,0.15246968513296535
47,1472,1519,0.15247245106808038
45,1479,1524,0.15246188737650138
46,1465,1511,0.15245723626054425
43,1454,1497,0.1524504923887525
42,1466,1508,0.15245144329134985
42,1460,1502,0.15245437487548708
42,1462,1504,0.15245687386946918
42,1463,1505,0.15245977180617598
40,1460,1500,0.1524633159062194
42,1469,1511,0.15247197929138165
42,1457,1499,0.15247555204317892
44,1452,1496,0.15247847523899768
43,1455,1498,0.15247606369790875
44,1464,1508,0.15247558206527073
42,1471,1513,0.15247247253100585
42,1460,1502,0.15247467257053618
41,1467,1508,0.1524773833998045
43,1476,1519,0.15248304217196765
44,1471,1515,0.15248351502371388
44,1486,1530,0.1524814912119422
43,1475,1518,0.1524803227999022
43,1474,1517,0.15248202694680354
42,1470,1512,0.15248422602437794
42,1475,1517,0.15248898546980927
42,1479,1521,0.15249324141787834
43,1472,1515,0.1524967582221356
43,1462,1505,0.15249828524068693
43,1465,1508,0.15250023825963055
44,1460,1504,0.15250145705344878
44,1451,1495,0.1524989576495045
43,1452,1495,0.15249727949923325
44,1453,1497,0.1524984049191785
46,1463,1509,0.15249657181952062
46,1468,1514,0.15248952691811687
43,1472,1515,0.15248363411214594
42,1472,1514,0.1524859350954007
40,1483,1523,0.1524906457126474
38,1473,1511,0.1525004965224504
42,1475,1517,0.15251440785926246
41,1487,1528,0.15251671239497347
39,1477,1516,0.15252158269051186
40,1473,1513,0.15253096174630415
39,1482,1521,0.1525373984910306
39,1472,1511,0.15254604119287246
41,1469,1510,0.15255436401373162
41,1470,1511,0.15255605770244945
41,1475,1516,0.15255743262285645
42,1460,1502,0.1525595999589197
41,1442,1483,0.15255971365584478
41,1463,1504,0.15256290784946672
39,1471,1510,0.15256532964836203
39,1487,1526,0.15257252588443315
40,1487,1527,0.15257958934957636
40,1494,1534,0.15258270582239436
38,1493,1531,0.15258503354303998
40,1483,1523,0.1525919637916039
39,1473,1512,0.15259356382183278
39,1492,1531,0.15259779023705822
40,1476,1516,0.15260208356481375
39,1473,1512,0.15260334291437527
38,1458,1496,0.15260735647560852
38,1470,1508,0.1526137949127163
38,1474,1512,0.15262028540994943
38,1473,1511,0.15262565731747177
39,1471,1510,0.1526306771268164
40,1470,1510,0.1526336374075626
41,1464,1505,0.1526335776565876
39,1470,1509,0.15263075713429827
38,1473,1511,0.15263324286017396
42,1475,1517,0.15263734782256427
40,1463,1503,0.1526309684990898
42,1472,1514,0.15263047508723637
42,1478,1520,0.1526250590760623
41,1472,1513,0.15262059217637547
39,1456,1495,0.15261911579838203
37,1475,1512,0.1526225250907026
36,1471,1507,0.15263049169542534
37,1487,1524,0.15264050959833306
36,1492,1528,0.15264796832348282
33,1493,1526,0.15265684052219075
36,1486,1522,0.15267200747464346
34,1493,1527,0.15267844725169824
35,1498,1533,0.15268930391367116
35,1488,1523,0.15269734678899657
34,1486,1520,0.15270533010858653
34,1486,1520,0.1527155033813727
33,1487,1520,0.15272521402339592
34,1485,1519,0.15273701049592842
33,1493,1526,0.1527456130688953
34,1484,1518,0.15275621888364435
33,1487,1520,0.15276283198020127
33,1486,1519,0.15277160911972554
30,1485,1515,0.15277905897557945
31,1481,1512,0.15279333153772773
30,1484,1514,0.15280481913039967
30,1469,1499,0.15281830922728804
27,1475,1502,0.1528312542611325
28,1454,1482,0.15285015093849041
28,1478,1506,0.1528650218700085
29,1490,1519,0.15287910660474244
28,1493,1521,0.15289033568297722
27,1490,1517,0.15290336336136456
26,1492,1518,0.15291800089513996
26,1487,1513,0.1529323582852893
26,1488,1514,0.15294619235537518
26,1476,1502,0.1529595004065745
24,1488,1512,0.15297214425044975
23,1492,1515,0.15298869594324
22,1499,1521,0.15300681897771612
24,1499,1523,0.153026780678244
24,1503,1527,0.1530385224056983
25,1492,1517,0.15304993014266288
25,1500,1525,0.15305771063714638
25,1508,1533,0.15306543455211932
25,1491,1516,0.1530730647469809
24,1482,1506,0.1530805702807666
24,1493,1517,0.1530900997079595
23,1495,1518,0.15309932505409748
23,1493,1516,0.1531103859133903
23,1498,1521,0.15312099816584307
23,1501,1524,0.1531311671456963
23,1502,1525,0.15314090000284528
23,1507,1530,0.15315020538436713
22,1506,1528,0.15315909315560391
23,1496,1519,0.15316973514243817
24,1486,1510,0.15317658598435235
24,1489,1513,0.15317996887956414
25,1486,1511,0.15318344666954967
25,1487,1512,0.15318371416783974
27,1489,1516,0.1531831965850491
27,1498,1525,0.15317680782624682
27,1505,1532,0.1531713835039005
27,1497,1524,0.15316680911664915
27,1496,1523,0.15316298253421676
28,1508,1536,0.15315981272197615
29,1503,1532,0.1531539597080086
31,1500,1531,0.15314566638108607
31,1503,1534,0.15313184738162708
31,1498,1529,0.15311876022102777
30,1483,1513,0.15310536318827078
31,1486,1517,0.15309605710250995
32,1495,1527,0.15308473738526318
32,1494,1526,0.15307250054705165
32,1498,1530,0.1530616844172864
34,1486,1520,0.15305213758400119
33,1479,1512,0.15303717391766386
33,1478,1511,0.1530264866608435
30,1482,1512,0.15301593567400548
28,1488,1516,0.15301359958883237
28,1491,1519,0.15301614120790163
28,1482,1510,0.15301902733895886
29,1479,1508,0.15302206129896728
29,1487,1516,0.1530231186145109
31,1481,1512,0.15302449736370152
32,1478,1510,0.1530199615337904
31,1473,1504,0.1530131453656773
32,1487,1519,0.15300949756175988
30,1486,1516,0.15300333764544571
29,1471,1500,0.153003195648043
28,1471,1499,0.153004902446792
31,1475,1506,0.1530091088866205
34,1468,1502,0.1530046208397749
34,1463,1497,0.15299172319546464
34,1468,1502,0.1529803311540671
34,1474,1508,0.1529703640953777
34,1480,1514,0.1529601438166894
32,1499,1531,0.15295153851594914
30,1505,1535,0.15294802143227895
31,1499,1530,0.1529496706903284
31,1496,1527,0.15294884299059247
31,1489,1520,0.1529486561917096
32,1486,1518,0.1529479531495259
30,1475,1505,0.15294561793958905
27,1489,1516,0.15294890620902893
29,1489,1518,0.15295907559570585
29,1488,1517,0.15296435728413466
29,1486,1515,0.1529696798879371
29,1483,1512,0.15297504424636668
30,1493,1523,0.15298037483590915
30,1493,1523,0.152982661977502
30,1482,1512,0.15298512731663658
27,1481,1508,0.1529877293123671
27,1486,1513,0.15299712482130204
29,1487,1516,0.15300616112706994
30,1489,1519,0.15300846526411527
30,1479,1509,0.15300846747949579
29,1487,1516,0.15300884456638592
30,1484,1514,0.153011683872191
29,1491,1520,0.15301138129190836
29,1491,1520,0.1530132696228425
25,1495,1520,0.15301524672540215
23,1499,1522,0.15302632151836368
24,1513,1537,0.15304135194734197
25,1515,1540,0.15305248652653636
26,1529,1555,0.15306095661953772
26,1507,1533,0.15306487375597397
26,1493,1519,0.15306907274832046
26,1489,1515,0.15307348595370424
26,1485,1511,0.1530780547347543
28,1495,1523,0.15308272843882748
28,1505,1533,0.15308162461547717
27,1504,1531,0.1530810494040856
25,1490,1515,0.15308306017850504
26,1501,1527,0.15308884733174277
26,1507,1533,0.15309239419133452
25,1504,1529,0.1530956355062243
25,1501,1526,0.15310070888220031
24,1493,1517,0.15310637959522144
24,1488,1512,0.15311417306098418
22,1484,1506,0.15312178355131084
22,1482,1504,0.1531335484964431
21,1489,1510,0.1531448343459545
21,1485,1506,0.15315800288112824
20,1497,1517,0.15317054460489654
20,1488,1508,0.1531849162173306
21,1497,1518,0.15319852660256145
21,1493,1514,0.1532088762392354
21,1498,1519,0.1532187258509742
22,1496,1518,0.15322809314019697
21,1493,1514,0.1532339132576007
20,1483,1503,0.1532417026511342
19,1473,1492,0.1532513210313892
18,1484,1502,0.15326285572941992
17,1496,1513,0.1532760328447119
17,1497,1514,0.1532906510100042
17,1504,1521,0.15330446847847118
16,1500,1516,0.15331641409719746
16,1501,1517,0.15332885504655874
17,1505,1522,0.15334080748796536
16,1508,1524,0.1533493117656481
16,1499,1515,0.1533597517490315
16,1500,1516,0.15336982417179684
15,1502,1517,0.15337952543270203
16,1501,1517,0.15339102195424054
14,1507,1521,0.15339873992018618
14,1501,1515,0.15341107740101337
13,1497,1510,0.1534228748318937
13,1502,1515,0.1534366610009249
13,1495,1508,0.15344865542769578
12,1499,1511,0.15346014954219725
12,1509,1521,0.15347357611499762
12,1515,1527,0.1534863479516903
12,1504,1516,0.1534984889519502
13,1509,1522,0.15351002312083076
12,1519,1531,0.15351795884551087
12,1509,1521,0.15352777412088117
12,1520,1532,0.1535371651713333
12,1507,1519,0.15354614097590966
12,1506,1518,0.1535547116016951
12,1513,1525,0.15356288797915582
12,1514,1526,0.15357068170649635
10,1529,1539,0.1535781048797836
9,1526,1535,0.15358948952452636
8,1511,1519,0.15360244642278983
9,1519,1528,0.15361700673371131
9,1510,1519,0.1536274756332449
9,1505,1514,0.15363746620935348
9,1510,1519,0.15364699233012238
9,1500,1509,0.15365606848501157
9,1496,1505,0.15366470960601222
9,1506,1515,0.15367293091327
9,1507,1516,0.15368074778237525
9,1511,1520,0.15368817563082107
10,1512,1522,0.15369522982139328
10,1521,1531,0.153698749483686
10,1511,1521,0.15370221631469946
10,1501,1511,0.1537056179590322
10,1509,1519,0.15370894431706217
10,1511,1521,0.1537121872623279
9,1500,1509,0.15371534039016066
9,1512,1521,0.1537205425919141
10,1503,1513,0.15372551652521152
10,1505,1515,0.15372706849098042
10,1502,1512,0.15372869763319885
9,1498,1507,0.15373038260963295
10,1507,1517,0.15373426744325985
9,1505,1514,0.1537347724354827
9,1512,1521,0.15373761078105092
9,1516,1525,0.15374047637804963
8,1505,1513,0.15374334809115703
8,1496,1504,0.15374845461025324
7,1501,1508,0.1537533899580802
7,1504,1511,0.15376031494061135
7,1515,1522,0.15376693301304112
7,1509,1516,0.15377325169595715
7,1511,1518,0.15377927913795203
6,1520,1526,0.1537850239718377
5,1520,1525,0.15379265270687031
5,1511,1516,0.15380205809394432
5,1493,1498,0.15381095399534359
5,1496,1501,0.1538193652335172
5,1504,1509,0.15382731572631234
5,1501,1506,0.1538348284827521
5,1509,1514,0.1538419256048594
5,1510,1515,0.15384862829459472
5,1519,1524,0.15385495686508627
5,1511,1516,0.15386093075543125
5,1505,1510,0.1538665685484356
5,1506,1511,0.15387188799073873
4,1503,1507,0.15387690601483967
4,1499,1503,0.15388380541862695
3,1497,1500,0.15389030393335135
3,1506,1509,0.1538985945162732
3,1508,1511,0.15390639686056204
3,1503,1506,0.15391373915743117
3,1499,1502,0.15392064802669544
3,1511,1514,0.15392714859858997
3,1497,1500,0.15393326459194132
3,1500,1503,0.15393795181099645
2,1506,1508,0.15394246707832512
2,1513,1515,0.15394986989758744
2,1504,1506,0.15395682858526188
2,1506,1508,0.15396336961543022
2,1520,1522,0.15396951790100302
2,1514,1516,0.15397529688410458
2,1524,1526,0.15398072862139298
2,1523,1525,0.15398583386458164
1,1512,1513,0.15399063213641778
1,1518,1519,0.15399731685246076
1,1503,1504,0.15400359827160887
1,1492,1493,0.15400950067025446
1,1502,1503,0.1540150468688643
1,1517,1518,0.15402025831876723
1,1528,1529,0.15402515518381987
2,1527,1529,0.15402975641724848
2,1525,1527,0.15403080882231868
2,1514,1516,0.15403190567869618
2,1508,1510,0.15403303381250416
2,1522,1524,0.15403418186347514
2,1523,1525,0.15403534007666433
2,1527,1529,0.15403650011632006
2,1521,1523,0.15403765489964458
2,1523,1525,0.15403879844840523
2,1519,1521,0.1540399257565603
2,1519,1521,0.15404103267224836
2,1520,1522,0.15404211579265667
2,1520,1522,0.15404317237043186
2,1522,1524,0.15404420023043372
2,1526,1528,0.15404519769575079
2,1517,1519,0.15404616352200928
2,1500,1502,0.15404709683910262
2,1508,1510,0.15404799709955874
2,1495,1497,0.15404886403284196
1,1500,1501,0.15404969760495757
1,1494,1495,0.15405266848657198
1,1510,1511,0.15405547483791324
1,1511,1512,0.15405812509313982
1,1519,1520,0.1540606273265891
1,1522,1523,0.15406298925974332
1,1510,1511,0.1540652182692256
1,1520,1521,0.1540673213956211
1,1532,1533,0.15406930535294594
1,1535,1536,0.15407117653860875
1,1532,1533,0.1540729410437305
1,1521,1522,0.15407460466370793
1,1514,1515,0.15407617290891948
1,1522,1523,0.15407765101549004
1,1530,1531,0.15407904395604025
1,1518,1519,0.15408035645036042
1,1527,1528,0.15408159297595644
1,1538,1539,0.15408275777842498
1,1512,1513,0.15408385488162235
1,1520,1521,0.15408488809759852
1,1521,1522,0.15408586103627284
1,1524,1525,0.15408677711483346
1,1527,1528,0.15408763956684762
1,1517,1518,0.1540884514510715
0,1521,1521,0.15408921565995437
