1358,28,1386,0.13579591913399963
1394,30,1424,0.13297929574008133
1425,32,1457,0.13031765414740798
1436,32,1468,0.12780994365398157
1441,31,1472,0.12550116412523674
1445,33,1478,0.1233879247693687
1451,35,1486,0.1214535821892152
1441,36,1477,0.11967885652206178
1451,39,1490,0.11809195218563197
1455,37,1492,0.11662586605409336
1445,39,1484,0.1152836609823896
1446,40,1486,0.11408881582454874
1449,41,1490,0.11299759589577142
1451,41,1492,0.11200050079984952
1452,44,1496,0.11109194824627977
1448,42,1490,0.11026381853999036
1430,44,1474,0.10952193815807128
1440,45,1485,0.10888705188246778
1431,47,1478,0.10828734946687091
1436,50,1486,0.10776545097672859
1433,52,1485,0.10727974132930146
1434,50,1484,0.10684613460022994
1445,50,1495,0.10644947186597302
1441,51,1492,0.10606326561501982
1440,49,1489,0.10571966773184681
1437,50,1487,0.10541190171645046
1442,50,1492,0.10514218772827125
1435,52,1487,0.10488268002197092
1428,52,1480,0.10466221975800158
1437,50,1487,0.10447735216406981
1438,49,1487,0.1042914164336147
1442,50,1492,0.10412018749642606
1430,49,1479,0.10395560403555162
1423,52,1475,0.10383356308941172
1430,52,1482,0.10373826661569101
1429,53,1482,0.10363545591303136
1430,53,1483,0.10354613703815925
1425,54,1479,0.1034625738850718
1421,53,1474,0.10339713867895681
1424,53,1477,0.10334611742260078
1436,54,1490,0.10329606425092053
1439,55,1494,0.10322333093416408
1448,55,1503,0.10314912487041566
1452,56,1508,0.10306010078158089
1440,57,1497,0.10296842411819895
1436,59,1495,0.10291454180044508
1418,59,1477,0.10287673441227643
1416,60,1476,0.10288396982649889
1422,58,1480,0.10289639726657958
1422,57,1479,0.10289393014916724
1429,60,1489,0.10289219367289018
1440,58,1498,0.10287560793631073
1428,59,1487,0.10283540319609781
1434,59,1493,0.10282671752767548
1428,60,1488,0.10280689615507643
1426,61,1487,0.10280359346533903
1425,61,1486,0.10280737227568974
1437,62,1499,0.10281023602633944
1451,60,1511,0.10278326002046198
1450,62,1512,0.10272906330966075
1430,63,1493,0.10267956801439647
1426,62,1488,0.10268132917923803
1422,58,1480,0.10269136839356346
1421,59,1480,0.10270539576424774
1435,61,1496,0.10272126215109882
1438,60,1498,0.10270608931561423
1434,58,1492,0.10268488898723435
1435,62,1497,0.10267612242042926
1435,62,1497,0.1026657306009962
1435,63,1498,0.10265505944680832
1439,66,1505,0.10264714533740074
1438,66,1504,0.10263038719734396
1435,64,1499,0.10261746912651844
1428,64,1492,0.10261441940559728
1433,62,1495,0.10262581935022524
1437,64,1501,0.10262633212917129
1427,64,1491,0.10261609079406081
1431,63,1494,0.1026315035820232
1431,58,1489,0.10263805183157768
1447,57,1504,0.10264389189850745
1446,61,1507,0.1026121539403222
1439,61,1500,0.102583935981443
1425,62,1487,0.10257225151852573
1427,60,1487,0.10259192089493392
1429,61,1490,0.10260837147124213
1431,65,1496,0.10262009971970242
1430,65,1495,0.10262729710878467
1438,66,1504,0.10263749497128323
1438,62,1500,0.10262869393606712
1423,61,1484,0.10262087214289252
1403,65,1468,0.10264537571707398
1416,65,1481,0.10271274576009044
1421,69,1490,0.10274521863811344
1428,71,1499,0.10276591247453921
1444,69,1513,0.10277139201837165
1435,68,1503,0.10274190957870713
1433,66,1499,0.10273484578334012
1436,63,1499,0.10273358695956056
1441,65,1506,0.1027272277113671
1422,64,1486,0.10270567847031313
1429,66,1495,0.10272869535740464
1419,66,1485,0.10273590039522432
1421,70,1491,0.1027642940798238
1422,68,1490,0.10278371437071886
1426,70,1496,0.1027999689450554
1419,71,1490,0.10280585333797329
1423,72,1495,0.10282899205733312
1400,73,1473,0.10284132558327823
1407,77,1484,0.10290396389892788
1409,78,1487,0.10294316461972951
1422,74,1496,0.10297473021318698
1404,73,1477,0.10297450150879055
1411,73,1484,0.1030148664849547
1417,73,1490,0.10303704040199399
1418,74,1492,0.10304474347862637
1424,75,1499,0.10304975992249982
1430,77,1507,0.10303918379624054
1429,75,1504,0.10301491577343044
1424,76,1500,0.10299681940102122
1428,78,1506,0.10299318591494072
1421,78,1499,0.10297992215719713
1428,78,1506,0.10298581476859164
1425,75,1500,0.10297512910880657
1424,80,1504,0.10297117788827499
1420,78,1498,0.10297083966197285
1424,79,1503,0.10298113063483899
1416,78,1494,0.102981796433357
1431,79,1510,0.10299920014740838
1442,76,1518,0.10298305704665658
1440,79,1519,0.10294259803518008
1448,77,1525,0.10290984661756791
1439,78,1517,0.10286298815082098
1434,75,1509,0.10283958216919535
1431,76,1507,0.1028299785063934
1426,76,1502,0.10282813931634477
1432,74,1506,0.10283774827055076
1427,75,1502,0.1028311147068338
1429,74,1503,0.10283767085569996
1415,75,1490,0.10283633839781131
1416,75,1491,0.10286572262834824
1428,73,1501,0.10289320915752338
1435,75,1510,0.10289258902661967
1438,73,1511,0.10287690343647225
1443,74,1517,0.10285345362930148
1439,75,1514,0.10281907900255291
1429,73,1502,0.10280042145351478
1428,72,1500,0.1028045294017672
1424,71,1495,0.1028095265998457
1422,72,1494,0.10282442770406465
1437,71,1508,0.1028422326098207
1438,72,1510,0.10282364407941005
1425,70,1495,0.10280449753700616
1416,68,1484,0.10281763857473203
1412,71,1483,0.10284774107433155
1418,72,1490,0.10288334168702896
1426,71,1497,0.10290420822236253
1423,72,1495,0.10290288325863997
1422,71,1493,0.10290876093533569
1430,75,1505,0.10291639842749437
1422,75,1497,0.10290678730011273
1415,76,1491,0.10291837326891957
1429,77,1506,0.10294411227581142
1428,76,1504,0.10293348313641512
1415,74,1489,0.10292614934329655
1411,73,1484,0.10294857519645095
1412,74,1486,0.10297635726700326
1405,74,1479,0.10299704012145285
1418,71,1489,0.10303394715333049
1431,70,1501,0.10304020592536853
1435,70,1505,0.10301706084564088
1421,69,1490,0.1029869217866769
1418,71,1489,0.1029897464205755
1422,70,1492,0.10299833944471065
1425,73,1498,0.10299722636931012
1436,70,1506,0.10298807801446905
1437,73,1510,0.10295538825791539
1440,73,1513,0.102921552987304
1430,72,1502,0.10288469293968529
1419,70,1489,0.102874323587601
1422,72,1494,0.10288995197155044
1411,70,1481,0.10289974772637027
1420,72,1492,0.10293119377862528
1414,75,1489,0.1029395431006008
1420,72,1492,0.10295984012498444
1415,73,1488,0.10296684793460503
1405,72,1477,0.10298476659651641
1413,72,1485,0.10302269703708675
1420,68,1488,0.10304022053214698
1425,69,1494,0.10303876482067179
1428,68,1496,0.10302637891056513
1439,65,1504,0.10300703286591659
1447,67,1514,0.10296379666096434
1444,71,1515,0.10290227208182089
1438,71,1509,0.1028543669163813
1426,68,1494,0.10282448852427768
1414,72,1486,0.10282534835426943
1417,71,1488,0.10285626235810039
1413,72,1485,0.10287658327841744
1423,73,1496,0.1029060570942928
1437,70,1507,0.10291468022594799
1435,70,1505,0.10289034333553226
1424,72,1496,0.1028709679377603
1426,74,1500,0.10287746360797519
1425,75,1500,0.10287810486392447
1422,75,1497,0.1028826229583803
1423,73,1496,0.10289333140625705
1424,74,1498,0.10289925352248662
1434,76,1510,0.10290138033904367
1420,76,1496,0.10288223512643607
1420,74,1494,0.10289903982220328
1419,71,1490,0.10291474950067485
1424,72,1496,0.1029312137496824
1419,72,1491,0.10293308443544617
1413,73,1486,0.10294513868197701
1419,73,1492,0.10297066140768896
1414,77,1491,0.10298099164304637
1411,75,1486,0.10300198983841266
1413,79,1492,0.10302571786717256
1428,76,1504,0.10304572744760442
1427,74,1501,0.10302829098510273
1424,75,1499,0.10301341410010036
1427,78,1505,0.10300953684371753
1422,79,1501,0.10299621520410739
1413,80,1493,0.10299620712580883
1409,81,1490,0.10301523269668823
1417,79,1496,0.1030437555987999
1412,83,1495,0.1030553849385682
1413,82,1495,0.10307783000609982
1412,81,1493,0.10309767690090574
1430,84,1514,0.10311726635479959
1420,82,1502,0.10309338872043425
1417,84,1501,0.1030956027237817
1417,85,1502,0.10310551936950535
1407,84,1491,0.10311548878436014
1418,88,1506,0.10314617377823825
1406,86,1492,0.10315094113786598
1403,88,1491,0.10318349437996037
1413,88,1501,0.10322037871108077
1407,94,1501,0.10323132468489035
1413,94,1507,0.1032551904680505
1403,93,1496,0.10326344926330204
1397,93,1490,0.10329502618920328
1399,94,1493,0.10333764335583545
1398,97,1495,0.10337287676521083
1397,99,1496,0.10340552141188689
1391,102,1493,0.1034366520453562
1407,101,1508,0.10347907639849038
1398,104,1502,0.10348402693193265
1410,104,1514,0.1035086766506858
1396,104,1500,0.10350539115425056
1397,102,1499,0.10353559877214703
1401,100,1501,0.10356034107813757
1405,100,1505,0.10357382206900027
1394,102,1496,0.10357766302498586
1396,102,1498,0.10360483979915756
1397,99,1496,0.10362598648884702
1402,102,1504,0.10364514582705758
1403,103,1506,0.10365302794514399
1398,103,1501,0.10365807256031889
1389,99,1488,0.10367502738291744
1395,99,1494,0.10370940110738769
1405,96,1501,0.10372587539477447
1399,95,1494,0.10371721195148238
1406,93,1499,0.10372373723575641
1398,95,1493,0.10371304906440573
1397,97,1494,0.10372022636110811
1397,99,1496,0.10372817125381287
1400,100,1500,0.10373559905843706
1400,104,1504,0.10373618538912634
1390,103,1493,0.10373843311761519
1398,99,1497,0.10376515004186988
1399,98,1497,0.10377237454591576
1397,99,1496,0.1037754004230337
1400,94,1494,0.10378328049695895
1407,96,1503,0.10378167818531141
1407,98,1505,0.1037658959065561
1400,98,1498,0.10374902774463714
1402,98,1500,0.10375124690975436
1397,99,1496,0.10375054265622931
1387,96,1483,0.1037584578108854
1388,92,1480,0.10378908925198799
1406,95,1501,0.1038180004059069
1391,98,1489,0.10380235578299418
1384,93,1477,0.10382446763068724
1381,101,1482,0.10385997468567798
1382,100,1482,0.10389867465567729
1379,101,1480,0.10393233425869966
1382,100,1482,0.1039689289224071
1378,102,1480,0.10399619454678209
1401,102,1503,0.10403239057970932
1398,102,1500,0.10401481620025618
1398,102,1500,0.10400417309345354
1394,102,1496,0.10399353066492009
1399,101,1500,0.10399224121345428
1403,106,1509,0.10397879748828863
1396,108,1504,0.10395796002727675
1387,109,1496,0.10395487779234987
1382,107,1489,0.10397177974229227
1387,109,1496,0.10399981096577555
1382,111,1493,0.1040144768104998
1371,117,1488,0.10403850994726067
1371,120,1491,0.10408755994958724
1361,118,1479,0.1041336456968711
1354,115,1469,0.10420028002278209
1354,114,1468,0.10427543643389177
1369,120,1489,0.10434487585345714
1381,120,1501,0.1043748386340843
1382,124,1506,0.10437415811223111
1381,122,1503,0.10437033982753176
1383,121,1504,0.10437122648317838
1386,121,1507,0.10437007959050064
1383,120,1503,0.10436252292745113
1378,122,1500,0.10436368405765906
1371,123,1494,0.10437697093293061
1363,125,1488,0.10440629198204789
1373,126,1499,0.10445441564366562
1364,129,1493,0.10447707816897597
1368,128,1496,0.10451676191572351
1385,124,1509,0.10454241505745143
1389,129,1518,0.10452782541678676
1371,131,1502,0.10450757278702469
1373,132,1505,0.10452922071772615
1370,133,1503,0.10454630294113657
1370,134,1504,0.10456905843893068
1370,134,1504,0.10459050631767627
1367,132,1499,0.10460994704524457
1346,136,1482,0.10463596469652911
1351,136,1487,0.10470628387025478
1369,134,1503,0.10476216589812579
1361,132,1493,0.10477265534402715
1363,129,1492,0.1048010185338061
1365,128,1493,0.10482143903258927
1370,129,1499,0.10483464119525861
1375,134,1509,0.1048376992037931
1347,137,1484,0.10482870030002572
1343,135,1478,0.10488220325709119
1346,139,1485,0.10493838044781263
1341,145,1486,0.10498479560066593
1341,140,1481,0.10503795285699294
1347,141,1488,0.10508934558999375
1357,140,1497,0.1051219124969876
1346,139,1485,0.10513041714093248
1348,142,1490,0.10516307667181728
1346,147,1493,0.10518759714521372
1346,148,1494,0.10521651334940345
1347,149,1496,0.10524252498505252
1346,148,1494,0.10526599657053676
1343,146,1489,0.10529052256608709
1325,145,1470,0.10532169635524326
1337,145,1482,0.10539179572855228
1349,143,1492,0.10542840470119337
1358,147,1505,0.1054328506414506
1351,146,1497,0.10541678388594841
1342,147,1489,0.10541751128923532
1335,145,1480,0.1054379308835457
1346,147,1493,0.10547610285114921
1350,144,1494,0.10548663094603863
1341,147,1488,0.1054875120544542
1341,150,1491,0.10551061429625311
1350,154,1504,0.10553033838785712
1345,153,1498,0.10552979762387896
1353,148,1501,0.1055403177771627
1343,148,1491,0.10553319812618099
1337,148,1485,0.10555060725838054
1349,150,1499,0.10557798194664723
1346,155,1501,0.10557741951807126
1339,152,1491,0.10558392107437616
1350,154,1504,0.1056042678912338
1347,152,1499,0.10560060251226559
1358,151,1509,0.10560037238108506
1352,148,1500,0.10557601317868676
1345,151,1496,0.1055661784077175
1342,148,1490,0.10557251867020756
1353,146,1499,0.10558580455855739
1344,148,1492,0.10557406878877205
1344,148,1492,0.10558291875125256
1343,148,1491,0.10559047203532583
1342,149,1491,0.10559959462048045
1338,146,1484,0.10561189990296123
1341,145,1486,0.10563319686501543
1335,149,1484,0.10564728247199988
1345,149,1494,0.10567130551118002
1344,152,1496,0.10566961546326942
1350,154,1504,0.10567092062702046
1356,153,1509,0.10565572333502508
1347,154,1501,0.10563176413221598
1346,155,1501,0.10563129753593448
1343,154,1497,0.10563500489732046
1336,151,1487,0.10564541817241638
1332,150,1482,0.10566920392130236
1332,147,1479,0.10569917207119998
1337,151,1488,0.10572847570759883
1339,152,1491,0.10574608198530103
1333,155,1488,0.1057558646085937
1332,157,1489,0.10577704210909485
1346,156,1502,0.10579695724862105
1335,161,1496,0.10578592756621145
1337,161,1498,0.10579893108248971
1334,162,1496,0.105807693605509
1323,163,1486,0.10582474644175957
1335,164,1499,0.1058673301622003
1340,164,1504,0.10588099334125957
1341,167,1508,0.10588325573150544
1337,171,1508,0.10588282146320499
1337,170,1507,0.10589040238387849
1328,171,1499,0.10589742390463737
1324,172,1496,0.10592344404432975
1330,171,1501,0.10595734834778221
1328,164,1492,0.10597742878330033
1329,162,1491,0.10599958367573038
1342,159,1501,0.1060170641179657
1338,160,1498,0.10600123050263086
1330,159,1489,0.10599592283079456
1327,163,1490,0.10600983535548085
1338,160,1498,0.10602971035297043
1342,159,1501,0.10602444927668224
1335,158,1493,0.1060130671704513
1335,157,1492,0.10601757403290207
1330,163,1493,0.10602044737083065
1329,167,1496,0.10603501392400995
1322,170,1492,0.10604887616629685
1317,171,1488,0.10607997822059285
1312,169,1481,0.10611977543137177
1323,172,1495,0.10616537328721883
1325,168,1493,0.10618425413468366
1323,168,1491,0.10619883595997112
1323,169,1492,0.10621596745106356
1315,173,1488,0.10623232110492936
1311,176,1487,0.10626647415592691
1302,177,1479,0.10630718354688998
1299,186,1485,0.10636405939105047
1296,188,1484,0.10642377546974491
1302,186,1488,0.10648705235802738
1307,189,1496,0.1065321091866323
1310,196,1506,0.10656232600660286
1317,189,1506,0.10658508507847493
1313,193,1506,0.10658838111333864
1309,191,1500,0.10660057745660911
1304,188,1492,0.10661742816622663
1301,189,1490,0.1066448993790352
1310,194,1504,0.10667707897797768
1314,194,1508,0.10668640141267939
1321,188,1509,0.10668610874566459
1318,184,1502,0.10666953045969814
1309,180,1489,0.10666270550282736
1313,180,1493,0.10667927126838168
1304,182,1486,0.1066882962744576
1325,187,1512,0.10671586900816178
1318,186,1504,0.10669378873083826
1324,188,1512,0.10669035258850908
1328,186,1514,0.10667500441443113
1319,186,1505,0.10665185230647754
1310,190,1500,0.10665083200649804
1323,194,1517,0.10666987732968998
1316,195,1511,0.10665594346678253
1300,196,1496,0.10666005971888595
1306,197,1503,0.1067011894891004
1301,196,1497,0.10672636452305947
1309,199,1508,0.10676061266841895
1301,200,1501,0.106771812977987
1300,193,1493,0.10680315173950686
1300,196,1496,0.10683469127541854
1299,195,1494,0.10686223807227012
1298,196,1494,0.10688962071700761
1300,195,1495,0.10691880467907712
1298,196,1494,0.10693922205817082
1287,201,1488,0.10695935119905439
1292,201,1493,0.10700455321368345
1274,203,1477,0.10703740014440356
1275,201,1476,0.10710917064337801
1269,204,1473,0.10717231448222087
1283,207,1490,0.10724312052125942
1287,210,1497,0.10728114188587635
1292,207,1499,0.107308026516517
1293,207,1500,0.1073222733521321
1295,210,1505,0.10733384086167033
1283,214,1497,0.10733825726519475
1289,212,1501,0.1073670791116817
1291,215,1506,0.1073818863191471
1276,205,1481,0.10739517683207495
1277,217,1494,0.10743990253590306
1288,213,1501,0.10747868891838461
1293,210,1503,0.10749062579676762
1297,209,1506,0.10749147894851077
1284,206,1490,0.10748489012086872
1289,209,1498,0.10750899159127401
1285,207,1492,0.10751700648166164
1281,207,1488,0.10753449793847626
1278,211,1489,0.10756014782934332
1270,214,1484,0.10758990568329078
1275,216,1491,0.10763745812602794
1275,212,1487,0.10766915948998389
1285,215,1500,0.10769691388099137
1272,215,1487,0.1076990920582756
1268,211,1479,0.1077294440588673
1264,213,1477,0.10776878284266093
1256,210,1466,0.107814655593258
1246,212,1458,0.10787661462651756
1249,206,1455,0.10795493930054408
1263,214,1477,0.10801976629367088
1273,219,1492,0.10804809950066115
1275,219,1494,0.10805041663264124
1285,219,1504,0.10804968158481695
1288,224,1512,0.10802499959448315
1287,223,1510,0.10799706776841322
1286,223,1509,0.10797314496922858
1285,221,1506,0.10795272152541341
1283,223,1506,0.10793473615774593
1286,225,1511,0.10792558948045632
1283,228,1511,0.10790726738494627
1280,225,1505,0.10789971449485274
1278,229,1507,0.10790334223055552
1269,228,1497,0.1079122798548524
1271,229,1500,0.10794200581933996
1263,230,1493,0.1079682635138477
1264,228,1492,0.10801176977386465
1262,230,1492,0.10804738863804964
1267,233,1500,0.10808487146018159
1269,237,1506,0.10810561387353818
1259,237,1496,0.10812027827091367
1260,232,1492,0.10815689627011395
1267,233,1500,0.108190806273927
1271,234,1505,0.10820166794545617
1262,232,1494,0.10820199812606873
1252,237,1489,0.10822470194254848
1241,240,1481,0.10827103720024837
1237,243,1480,0.10833947217800284
1229,237,1466,0.10841039317152049
1250,243,1493,0.10849626780739882
1256,242,1498,0.10852563702556389
1260,244,1504,0.1085391668381537
1254,243,1497,0.10854232778542074
1250,243,1493,0.10856163976133558
1251,243,1494,0.10858816902666085
1244,246,1490,0.10861029123891575
1247,245,1492,0.1086492625297114
1248,248,1496,0.10867878903470693
1259,247,1506,0.10870168221032524
1266,249,1515,0.10869720394164308
1259,249,1508,0.1086760373779908
1256,245,1501,0.10867287126307304
1270,241,1511,0.10867707650139564
1267,246,1513,0.10865220401612649
1256,248,1504,0.10863573937062654
1256,247,1503,0.10864661174475952
1249,246,1495,0.10865971700438244
1242,246,1488,0.10868598555884237
1243,242,1485,0.10872437026499472
1242,238,1480,0.10875762136168925
1251,234,1485,0.10879118498244829
1256,237,1493,0.10880102129205717
1255,240,1495,0.1087970969680109
1263,238,1501,0.10879525883475238
1258,244,1502,0.10877530852055091
1253,248,1501,0.10876603328600525
1249,248,1497,0.10876954821505645
1244,253,1497,0.10878314635238052
1250,249,1499,0.1088086884338687
1266,250,1516,0.10882042681431776
1259,248,1507,0.10879044552375625
1250,253,1503,0.10877991435336617
1250,259,1509,0.10879595630162298
1249,260,1509,0.10880898085374772
1255,265,1520,0.10882503346397872
1247,269,1516,0.1088280606492422
1246,263,1509,0.10885164268467737
1255,258,1513,0.1088743955994595
1239,259,1498,0.10887317226241673
1230,258,1488,0.1089096445223012
1237,261,1498,0.10896337326785231
1246,261,1507,0.10899758682477029
1220,261,1481,0.10900853511692894
1210,263,1473,0.10907177279199833
1209,265,1474,0.1091552358896257
1211,264,1475,0.10923495323214638
1205,265,1470,0.10930541172414099
1207,266,1473,0.10938693420120871
1210,274,1484,0.10945530217935823
1218,270,1488,0.10950759002272176
1210,271,1481,0.10953997934576286
1226,277,1503,0.1095860196577516
1230,280,1510,0.10959315448658125
1218,278,1496,0.10959163880411968
1213,280,1493,0.10961790351127254
1210,281,1491,0.10965605019512355
1206,286,1492,0.10970067268149591
1204,288,1492,0.10975050519381135
1216,289,1505,0.10980190410250097
1216,294,1510,0.10982584643876064
1192,288,1480,0.1098491146377177
1202,278,1480,0.10992212202471681
1196,280,1476,0.10996676681587542
1201,283,1484,0.11002155866695226
1191,291,1482,0.11006224059289409
1193,293,1486,0.11012405453600117
1195,295,1490,0.1101787533090292
1198,297,1495,0.11022425212356757
1195,301,1496,0.11025861098699787
1207,302,1509,0.11029758982168689
1211,298,1509,0.11030945913237801
1202,300,1502,0.11031294250245072
1188,300,1488,0.11033438841582452
1187,302,1489,0.11038837019002212
1191,302,1493,0.11044386438177074
1195,310,1505,0.11048638529339005
1192,308,1500,0.11051625894920945
1195,315,1510,0.11054911848916092
1188,315,1503,0.11057528355636535
1182,322,1504,0.11061317369284214
1185,326,1511,0.11066489692752715
1181,324,1505,0.11070565091798386
1181,324,1505,0.11075381443060697
1177,326,1503,0.1107979057458574
1166,322,1488,0.11084644458565888
1161,325,1486,0.1109120514029125
1169,325,1494,0.1109887041917673
1178,329,1507,0.11104165709765622
1188,328,1516,0.11106889186667437
1190,319,1509,0.1110717925897089
1181,323,1504,0.1110725345061708
1174,320,1494,0.11109196775414187
1153,328,1481,0.1111279547282474
1151,327,1478,0.111206019567996
1152,325,1477,0.1112861894103338
1157,327,1484,0.11135671343039481
1169,330,1499,0.11140906705885734
1173,329,1502,0.11143126402821052
1170,326,1496,0.11143904134054587
1172,331,1503,0.11145562107665724
1161,333,1494,0.11146556993274027
1150,334,1484,0.11150183868809553
1146,345,1491,0.1115619409736129
1148,351,1499,0.11162993033272547
1160,354,1514,0.11168881429124046
1147,353,1500,0.11171851742716196
1132,358,1490,0.11177710143669799
1130,358,1488,0.11186685209476072
1137,361,1498,0.1119568866558261
1132,373,1505,0.11202261104012955
1130,371,1501,0.11209737925064533
1130,377,1507,0.11217321498598282
1125,378,1503,0.1122458357434271
1123,384,1507,0.11232633906335743
1116,381,1497,0.11240713366892884
1127,385,1512,0.11249694923708059
1130,387,1517,0.11255838488354743
1132,381,1513,0.11260775628710772
1128,386,1514,0.11265132851783836
1128,385,1513,0.11270120402895362
1113,389,1502,0.11274960756827734
1112,389,1501,0.1128280147717767
1104,391,1495,0.11290232838035742
1110,390,1500,0.11298614891553144
1112,391,1503,0.11305054172170034
1107,392,1499,0.11310706702019058
1110,393,1503,0.1131695777040897
1098,391,1489,0.11322257707146971
1098,398,1496,0.11330046067007803
1104,402,1506,0.11337227698693127
1099,404,1503,0.11342426179632438
1090,400,1490,0.11348516301848174
1079,402,1481,0.11356185884744367
1092,406,1498,0.11365543312975052
1096,401,1497,0.11371349783334761
1089,401,1490,0.11375911603039747
1095,404,1499,0.11381938305501396
1092,403,1495,0.11386153235916285
1104,407,1511,0.11391010778958365
1096,400,1496,0.11392350650020731
1085,401,1486,0.11395482465431231
1091,398,1489,0.11400633028544839
1086,395,1481,0.11403909261118082
1087,402,1489,0.1140826375576731
1096,407,1503,0.11412326178281244
1090,407,1497,0.1141431300565328
1086,414,1500,0.11417578214457358
1087,422,1509,0.11421602125736807
1092,415,1507,0.11425093872742208
1075,416,1491,0.11427032341455572
1074,410,1484,0.11432914355478768
1078,410,1488,0.11438790954474619
1078,416,1494,0.11443334509052995
1082,418,1500,0.11447467820027535
1071,421,1492,0.11450256140098716
1077,426,1503,0.11455627156778175
1079,433,1512,0.1145923696118168
1067,426,1493,0.11462273484778515
1069,421,1490,0.11467860783299276
1070,419,1489,0.11472483044279787
1071,416,1487,0.11476580364222083
1074,417,1491,0.1148030918179515
1073,422,1495,0.11482773179525683
1081,419,1500,0.11484854265482312
1083,415,1498,0.11484973954129568
1084,417,1501,0.11484747021988038
1069,422,1491,0.11484597052766736
1072,427,1499,0.11487967552676218
1069,424,1493,0.11490576556540649
1064,434,1498,0.11494013033472256
1060,441,1501,0.11498545245647669
1054,441,1495,0.11503498415825676
1061,430,1491,0.11509491247984151
1048,434,1482,0.11513157212899533
1064,441,1505,0.11519644555097532
1060,441,1501,0.11522070684773418
1057,444,1501,0.11525161277162371
1054,448,1502,0.11528707684464123
1051,455,1506,0.11532486390967786
1047,458,1505,0.11536839623384357
1039,464,1503,0.1154195333396406
1046,464,1510,0.11548698348213612
1045,463,1508,0.11553466000199783
1049,465,1514,0.11558177004392885
1046,460,1506,0.11561479933991972
1057,457,1514,0.11565292963576361
1049,462,1511,0.11566028288152473
1045,464,1509,0.11568575281796072
1045,465,1510,0.11571708495844767
1031,467,1498,0.11574825304446644
1030,463,1493,0.11581002023221432
1034,455,1489,0.11587214361095777
1033,465,1498,0.11592275066899389
1032,467,1499,0.11596802254304357
1038,463,1501,0.1160112696041526
1032,473,1505,0.11603998695456232
1035,473,1508,0.11607812524891153
1032,477,1509,0.11610821852248819
1032,471,1503,0.11614301172911777
1036,468,1504,0.11617558500994116
1037,464,1501,0.11619391344459831
1020,469,1489,0.1162112983367405
1026,468,1494,0.1162665528602814
1031,471,1502,0.1163029858060136
1032,476,1508,0.11631912584381164
1042,472,1514,0.11633393891448997
1026,472,1498,0.11632376255247473
1030,465,1495,0.11635350117984622
1027,465,1492,0.1163679101833667
1042,468,1510,0.11638810574593282
1033,463,1496,0.11637424341736939
1031,470,1501,0.1163818517832458
1032,470,1502,0.11639605254204594
1034,474,1508,0.11640887820188323
1027,476,1503,0.11641854253987674
1021,483,1504,0.11644309780923731
1017,490,1507,0.11648280026536646
1011,483,1494,0.11652867566040402
1014,486,1500,0.11658551425898668
1022,483,1505,0.11663071460052654
1018,479,1497,0.11665623614390526
1018,489,1507,0.11669060561840477
1022,484,1506,0.11672172062802401
1019,486,1505,0.11674352520522785
1022,487,1509,0.11677113789439794
1023,490,1513,0.11678890871336046
1023,489,1512,0.1168013540122121
1025,484,1509,0.11681360610536813
1012,481,1493,0.11682050657582116
1022,487,1509,0.11685472123020058
1009,486,1495,0.11686284478292969
1021,486,1507,0.11689540937586436
1036,488,1524,0.11689734404552755
1028,481,1509,0.1168637461231295
1028,485,1513,0.11685209818838892
1029,484,1513,0.11684389995814723
1017,476,1493,0.11683479727673818
1022,475,1497,0.11685655992344536
1020,474,1494,0.11685921535116699
1029,474,1503,0.11686528195826419
1027,476,1503,0.11684869355380027
1024,482,1506,0.11683740002087284
1019,474,1493,0.11683517857575756
1017,476,1493,0.1168453611858195
1007,483,1490,0.11686205843589842
1000,482,1482,0.11689847395328677
1001,485,1486,0.11694946461528072
992,490,1482,0.11699726654951662
993,502,1495,0.11706042378497994
986,504,1490,0.11711856368512893
999,503,1502,0.11718698968741649
1005,502,1507,0.11722236980942981
1002,499,1501,0.11724466927300377
1007,500,1507,0.11727334500751418
1010,497,1507,0.11728805322808537
1003,494,1497,0.11729456920254717
1004,499,1503,0.11731712364492448
1000,499,1499,0.11733591012004865
1000,503,1503,0.11736322048771886
1001,505,1506,0.11739263811491948
1007,493,1500,0.11741620473033887
1005,497,1502,0.11742636780079678
995,499,1494,0.11743730866109683
1001,505,1506,0.11747245648403566
1005,508,1513,0.11749175923911306
987,513,1500,0.11750174050453265
981,506,1487,0.11755414351903537
987,521,1508,0.11761760655347694
987,519,1506,0.1176620371420975
981,521,1502,0.11770276405464976
975,524,1499,0.11775632298636253
962,531,1493,0.11782130969123021
970,541,1511,0.11791208944122125
958,537,1495,0.11798038734371438
952,547,1499,0.11807320662994679
947,547,1494,0.11817386854822325
959,551,1510,0.11827841796258501
954,548,1502,0.1183454475691761
954,554,1508,0.11841973711288023
949,549,1498,0.1184900428777943
938,549,1487,0.1185670296767719
931,555,1486,0.11866157881365755
934,560,1494,0.11876358188671418
936,558,1494,0.11884916704016792
938,550,1488,0.1189267516005341
940,553,1493,0.11899509717855329
940,551,1491,0.11904999127189701
946,559,1505,0.11910440095348035
926,559,1485,0.11914008011375986
936,560,1496,0.11921878161903793
940,552,1492,0.11926987116050462
941,552,1493,0.11930694676122672
952,547,1499,0.11933875671061762
943,540,1483,0.11934238437316164
934,552,1486,0.11936465425018888
931,561,1492,0.11940505894858386
922,567,1489,0.11944890464160508
922,569,1491,0.1195136263692546
923,570,1493,0.11957569241648386
930,569,1499,0.11963466320331641
923,574,1497,0.11967428677023886
917,566,1483,0.11972889855810934
914,578,1492,0.11979156023187279
928,580,1508,0.11986006413182089
919,586,1505,0.11989066510667187
926,581,1507,0.1199408627261423
930,577,1507,0.11997267415504297
920,573,1493,0.11999249496656489
918,571,1489,0.12003177843128734
916,577,1493,0.12007069693828161
912,580,1492,0.12011299133455228
909,579,1488,0.12016040604170382
905,573,1478,0.12021255950225018
915,590,1505,0.12027085570927457
915,597,1512,0.12030150725576766
909,596,1505,0.12033413735995051
909,602,1511,0.12038054802117226
904,607,1511,0.12042633946178805
901,609,1510,0.12048102816317247
898,606,1504,0.12053569589969051
904,602,1506,0.1205932593740783
906,598,1504,0.12063219526287396
916,597,1513,0.12066364906880037
908,604,1512,0.12066932339795866
896,607,1503,0.12069694244852243
901,601,1502,0.1207494343548385
899,601,1500,0.12079005795425397
898,609,1507,0.12082920480925331
892,608,1500,0.12086956255040283
883,603,1486,0.12091981138098255
883,610,1493,0.12098822821952966
874,595,1469,0.12105473923534413
871,607,1478,0.12113529650170002
877,621,1498,0.12121662936302435
886,621,1507,0.12127912839167516
887,618,1505,0.1213149753471644
888,620,1508,0.12134856506032801
884,621,1505,0.12137550413066181
891,619,1510,0.12141228592086988
896,615,1511,0.12143212603280919
881,611,1492,0.12143777148120322
885,614,1499,0.12147731801093538
893,623,1516,0.12150593971297313
874,623,1497,0.12151371882768153
874,633,1507,0.12156498289958428
875,627,1502,0.12161213778923585
879,637,1516,0.12165333486204438
878,636,1514,0.12168280630131464
874,632,1506,0.12171296122961842
870,631,1501,0.12175018710211857
873,633,1506,0.12179385103475664
875,631,1506,0.1218263369757482
863,639,1502,0.12185251107638743
864,635,1499,0.12190504928698573
860,621,1481,0.12195409907084365
854,638,1492,0.12201043304291584
845,636,1481,0.12207754100303372
851,645,1496,0.12216121837357691
843,649,1492,0.12222587957703922
853,644,1497,0.12230531276460123
846,636,1482,0.12235422264713973
850,649,1499,0.1224148943501563
848,647,1495,0.12246269480375054
850,641,1491,0.1225092511606774
852,646,1498,0.12254710190666504
856,639,1495,0.12257618706995967
855,643,1498,0.12259430812146639
849,645,1494,0.12261781253096228
845,654,1499,0.12265076148071148
852,654,1506,0.1226920167617368
855,648,1503,0.1227131882363996
850,650,1500,0.12272613321269624
857,646,1503,0.12274800991016523
856,655,1511,0.12275507074022121
851,658,1509,0.12276508966426196
841,651,1492,0.12278578539171649
848,654,1502,0.12282802868900593
845,653,1498,0.12284918755245254
844,658,1502,0.12287776167432343
835,661,1496,0.12290820061069763
840,665,1505,0.12295950366226094
827,666,1493,0.12299485708851127
833,666,1499,0.12305930961852436
830,665,1495,0.1231058292814513
834,659,1493,0.12315133063300708
840,660,1500,0.12318428321160439
845,662,1507,0.12320221734205834
851,664,1515,0.12320763375908511
840,655,1495,0.1232007894247636
847,651,1498,0.1232186225806594
844,649,1493,0.1232123339798284
842,663,1505,0.12321220519845104
845,657,1502,0.12321926722865546
844,661,1505,0.12321937802307704
841,659,1500,0.12322160718573062
840,662,1502,0.12323273117282818
828,665,1493,0.12324476223140801
834,668,1502,0.12328330398150637
833,671,1504,0.1233048339772281
840,661,1501,0.12332770963277721
826,663,1489,0.12333261251204874
825,660,1485,0.12336912328606842
829,664,1493,0.12340415463541858
829,667,1496,0.12342901781613971
831,661,1492,0.1234526554441409
832,672,1504,0.12347120224990495
838,683,1521,0.12348617861647253
839,672,1511,0.12348731192356097
845,674,1519,0.12348601725465962
836,677,1513,0.12346886514222245
836,670,1506,0.12347615783245247
840,668,1508,0.12348229135733856
845,654,1499,0.12347684277997022
855,666,1521,0.1234621666980556
849,662,1511,0.12342296124373654
841,671,1512,0.12340176276503172
833,676,1509,0.1234012410310773
835,678,1513,0.12341766709233369
829,679,1508,0.12342835681696936
824,679,1503,0.12345524202157279
823,676,1499,0.12349400804495893
827,679,1506,0.12353312558847424
826,688,1514,0.12355815546790484
817,698,1515,0.12358508070481426
812,710,1522,0.12363283478713769
806,710,1516,0.12369005761868594
820,706,1526,0.12375872190859222
828,706,1534,0.12379091825568941
814,706,1520,0.123805775216287
806,715,1521,0.12385009828921607
810,712,1522,0.12391113006810234
805,708,1513,0.1239591424154732
808,703,1511,0.12401511396041216
806,707,1513,0.12406249821431053
800,703,1503,0.12411170129386165
809,703,1512,0.1241730416562401
800,711,1511,0.12420825236802019
798,711,1509,0.12426022809111739
790,717,1507,0.12431306529906516
789,716,1505,0.1243816972307677
783,720,1503,0.12444894002307608
785,709,1494,0.12452437482259977
787,712,1499,0.12459110687863571
782,723,1505,0.12464696548378985
774,727,1501,0.12471080770732251
766,730,1496,0.12478881902899673
769,727,1496,0.12488140898856055
783,726,1509,0.12496310030491564
776,725,1501,0.1250083273815873
760,725,1485,0.12506685133187684
757,733,1490,0.1251559360484939
755,733,1488,0.1252424401362658
759,739,1498,0.1253268613662691
765,732,1497,0.1253972233491264
765,729,1494,0.1254501978363079
766,718,1484,0.1255006483130109
774,720,1494,0.12554115182351913
775,731,1506,0.1255603651694129
773,735,1508,0.12557628135563006
773,732,1505,0.12559869507854513
773,732,1505,0.12561924035703106
764,743,1507,0.1256422551126022
762,753,1515,0.12568395514162334
758,758,1516,0.12572932540808307
759,756,1515,0.12578160100907948
754,750,1504,0.12582618272026366
763,748,1511,0.12587848629514017
763,746,1509,0.12590866300219425
758,747,1505,0.12593410659788506
760,752,1512,0.12597162529050793
759,763,1522,0.1260029779478666
752,757,1509,0.1260355423624189
750,761,1511,0.12607975408481997
749,756,1505,0.12612368895661258
741,753,1494,0.1261677318992445
740,760,1500,0.12623108873156863
741,758,1499,0.1262892616918385
748,767,1515,0.1263392683924693
746,753,1499,0.12636833383409196
745,752,1497,0.1263994732750675
748,752,1500,0.12643303837478342
758,755,1513,0.12645639649816473
754,758,1512,0.1264548989197061
754,763,1517,0.12646039756817148
753,768,1521,0.12646745669538065
760,766,1526,0.12647845126391505
755,763,1518,0.12647390558889626
745,756,1501,0.12648148178572133
745,753,1498,0.12651536228050947
744,760,1504,0.12654533645430896
733,752,1485,0.12657537792198867
747,760,1507,0.12662916114620193
740,759,1499,0.12664357695119982
738,762,1500,0.1266732169074605
738,782,1520,0.12670599070438865
739,777,1516,0.1267358146594356
736,764,1500,0.12676077100894573
734,775,1509,0.12679182776455228
719,783,1502,0.12682640580384638
717,780,1497,0.1268934317356306
715,780,1495,0.12696076658692276
718,789,1507,0.12702744602715277
723,780,1503,0.12708347581050336
727,779,1506,0.12712374579252425
723,782,1505,0.12715386671827147
725,771,1496,0.1271889778808933
729,774,1503,0.1272183255090617
734,771,1505,0.12723552735197505
729,772,1501,0.12723920257714813
731,775,1506,0.12725269065019768
733,773,1506,0.12725984449721692
747,775,1522,0.12725823501650485
734,774,1508,0.12722692724315765
723,772,1495,0.12722930804585
713,783,1496,0.12725830459407073
712,787,1499,0.127312307243272
712,796,1508,0.1273646014726949
705,799,1504,0.12741248873002667
714,799,1513,0.12747446534835952
710,800,1510,0.12750651000121777
713,776,1489,0.1275465695974848
709,775,1484,0.12757654204028734
713,777,1490,0.12761310618872415
713,786,1499,0.12763916800193642
718,789,1507,0.12766522777812728
715,783,1498,0.12767791324311162
716,791,1507,0.12769678604090498
718,792,1510,0.127714766690724
704,790,1494,0.12772616746219895
697,793,1490,0.12776729995853267
702,794,1496,0.12782115409883585
706,793,1499,0.12786121338077
702,794,1496,0.12789114270614693
713,795,1508,0.127928870000007
706,800,1506,0.1279385605691953
704,801,1505,0.1279655452410701
704,798,1502,0.12799528154525952
688,803,1491,0.12802187522128888
685,803,1488,0.12808207514346678
682,806,1488,0.12814409753516368
683,804,1487,0.12820837279527175
692,804,1496,0.12826373472944397
700,803,1503,0.12829596819653902
697,802,1499,0.12830529399981003
698,807,1505,0.12832412213447028
701,792,1493,0.12834134850874623
698,806,1504,0.12835252605474248
714,806,1520,0.12837169865826314
708,804,1512,0.12835097965605122
708,800,1508,0.12834735710429007
697,798,1495,0.12834469490389494
695,795,1490,0.12836467028209814
691,800,1491,0.1283892078441116
693,813,1506,0.1284200260220372
688,809,1497,0.12844364748622542
690,808,1498,0.12847702634555477
696,813,1509,0.12850094903442152
697,820,1517,0.12851133056659983
703,818,1521,0.12851766571670722
700,825,1525,0.1285089911642523
692,813,1505,0.12851012974875617
697,799,1496,0.12852900998545955
702,802,1504,0.1285356015094219
698,815,1513,0.1285324551890275
692,818,1510,0.1285407584670859
690,822,1512,0.12856304855575074
677,825,1502,0.12858790141246826
674,824,1498,0.12864197937091992
667,826,1493,0.12869815748457455
670,823,1493,0.1287662081544937
681,829,1510,0.12882226130785115
671,840,1511,0.12884780088173695
674,832,1506,0.12889427501675552
664,825,1489,0.12893038334876536
667,830,1497,0.12898636971547087
669,827,1496,0.12903311350741356
673,825,1498,0.12907049325342576
674,833,1507,0.12909587849508283
673,836,1509,0.12911621055462574
674,836,1510,0.1291385322913471
676,842,1518,0.12915661195801872
669,845,1514,0.12916958975042805
667,842,1509,0.12919448759874588
674,845,1519,0.12922378956505323
671,845,1516,0.12923430934225313
663,853,1516,0.12925295447222862
658,857,1515,0.12929347759726725
649,850,1499,0.1293426924007787
653,859,1512,0.12941120920870702
653,852,1505,0.12946540961430653
649,860,1509,0.12951873827240032
660,853,1513,0.12957676051691117
654,853,1507,0.12960478838198314
657,861,1518,0.1296459626739069
651,852,1503,0.12967571561642757
653,851,1504,0.1297176489590628
645,838,1483,0.12974824543815175
641,846,1487,0.12979520687840185
643,843,1486,0.1298505264751705
652,840,1492,0.12989324634782615
646,847,1493,0.1299118519205269
659,843,1502,0.12994378797922493
662,844,1506,0.1299419821300034
645,857,1502,0.12993738076019148
646,861,1507,0.1299738944548449
650,861,1511,0.13000679120312517
652,868,1520,0.13002692791374681
648,863,1511,0.1300417772727838
649,855,1504,0.1300664229814184
651,850,1501,0.13008632141627444
653,854,1507,0.13010281223960773
648,859,1507,0.13011065887948495
650,856,1506,0.13013113871382498
648,859,1507,0.13014274415811058
650,857,1507,0.1301593130047063
651,868,1519,0.13017130164812757
633,863,1496,0.13017783060526708
644,864,1508,0.1302278081318677
641,866,1507,0.1302509931163643
641,862,1503,0.1302797189783676
643,863,1506,0.1303061902321859
641,870,1511,0.13032620688261048
635,872,1507,0.13035050718489666
638,866,1504,0.1303869523291876
637,863,1500,0.13041430090882875
638,870,1508,0.13044270493682564
630,871,1501,0.13046715546536256
628,867,1495,0.13050925746959166
623,871,1494,0.13055185125222057
639,881,1520,0.130603080753947
628,867,1495,0.13061119818363984
631,864,1495,0.13064457564157805
630,871,1501,0.13067176096624614
629,866,1495,0.13069795417443644
626,865,1491,0.1307238471551409
629,864,1493,0.13075428150821536
634,873,1507,0.13077840501247903
632,872,1504,0.13078695534905627
627,873,1500,0.13079657338865416
632,869,1501,0.13081696314519115
626,878,1504,0.1308257424325813
626,887,1513,0.13084799645741646
626,883,1509,0.13087073916925004
630,883,1513,0.13089358060960465
631,893,1524,0.13090540825890787
620,882,1502,0.1309157923532248
626,881,1507,0.13094989753542063
628,881,1509,0.1309681344620859
624,889,1513,0.1309791267493403
619,897,1516,0.13100021619892213
622,899,1521,0.1310328876267053
626,903,1529,0.13106101900366915
628,899,1527,0.13107789936192873
616,900,1516,0.13108635407332683
613,894,1507,0.131120438262422
606,903,1509,0.13115351014241924
612,909,1521,0.13120301962437828
611,906,1517,0.1312343973110927
611,901,1512,0.13126652681359954
602,907,1509,0.1312982219571578
592,915,1507,0.13134951951654764
591,917,1508,0.13142177855439827
586,917,1503,0.13148955263032536
587,917,1504,0.13156574435897825
579,916,1495,0.13163613486220022
581,912,1493,0.13172093351139547
581,920,1501,0.13179737256565724
581,923,1504,0.13186734804192407
582,925,1507,0.13193016346243794
575,918,1493,0.13198642022388335
578,923,1501,0.13205468867479697
575,922,1497,0.13211300415563765
581,915,1496,0.1321718054146614
582,915,1497,0.1322157517551081
575,905,1480,0.13225311918682095
571,911,1482,0.13230347015886615
574,919,1493,0.13235913501697555
583,920,1503,0.13240208843153925
584,917,1501,0.13242020635341378
573,909,1482,0.1324325557240336
580,912,1492,0.13246830155117903
587,919,1506,0.13248626269462377
589,915,1504,0.13248518922849126
585,924,1509,0.13247786142805343
587,935,1522,0.13248484614455042
583,939,1522,0.1324875175932745
584,923,1507,0.13250093167544574
579,930,1509,0.1325121640934409
577,939,1516,0.13253353914092622
572,939,1511,0.1325574410640399
575,938,1513,0.13258969299413856
577,939,1516,0.13261323053849206
575,938,1513,0.13262961910686902
579,941,1520,0.13265229006303206
575,936,1511,0.13266460075624636
575,934,1509,0.13268517692378687
576,938,1514,0.13270485904129792
565,933,1498,0.13272253226074052
568,941,1509,0.1327648789058158
565,928,1493,0.13279484200128105
566,930,1496,0.1328300666150705
561,930,1491,0.13286077969823315
569,945,1514,0.1329060286757266
572,949,1521,0.1329284289082341
568,941,1509,0.1329430641900785
560,939,1499,0.13296742799199318
559,946,1505,0.13300931780499478
556,945,1501,0.13305133247056428
555,953,1508,0.13309664895867912
556,944,1500,0.1331413555026154
560,949,1509,0.13317909918766976
559,940,1499,0.1332064874728551
555,938,1493,0.133234443489566
555,944,1499,0.1332717456695698
548,950,1498,0.13330480990186916
545,962,1507,0.13335021169086927
543,962,1505,0.13339905337204874
560,964,1524,0.13345387977044523
554,951,1505,0.1334629193063263
543,947,1490,0.13348641528440786
545,947,1492,0.13353415135492802
544,946,1490,0.13357409603406667
540,943,1483,0.1336142198216751
544,957,1501,0.13365929859691153
549,945,1494,0.13369220896053785
543,962,1505,0.13370866147838703
541,963,1504,0.13373697732150686
544,969,1513,0.1337695312596408
540,966,1506,0.13379101040411603
545,963,1508,0.13382121290908336
544,966,1510,0.1338374105828673
536,965,1501,0.13385777794734474
534,964,1498,0.13389665073092585
545,955,1500,0.13393365837838386
542,957,1499,0.13394590439564716
541,955,1496,0.13396281166172774
537,943,1480,0.13398217469836474
530,962,1492,0.1340093587186349
535,965,1500,0.13405201404167394
537,968,1505,0.1340799947950124
534,970,1504,0.13409984228741975
538,979,1517,0.13412711958148993
543,981,1524,0.13414151157273355
535,974,1509,0.13414187366419827
530,966,1496,0.13416250055552018
531,973,1504,0.13419382830935894
526,976,1502,0.1342231730614568
521,966,1487,0.13426145145367546
530,973,1503,0.13430898766387778
515,980,1495,0.13433183711948693
524,977,1501,0.13438780582173535
520,987,1507,0.13442097776726844
512,981,1493,0.13446311587992646
508,995,1503,0.13451773917911491
505,974,1479,0.13457830237709967
515,987,1502,0.13464290359458078
516,987,1503,0.1346783464220724
511,982,1493,0.13470811836761523
505,991,1496,0.1347474712977603
509,985,1494,0.13479776043378444
503,991,1494,0.1348359482516825
506,990,1496,0.13488643659427155
499,995,1494,0.13492854738968943
498,1001,1499,0.13498560023448838
509,1003,1512,0.13504150984561558
511,1005,1516,0.135067924470634
511,1007,1518,0.13508828709408008
510,1010,1520,0.1351080197775881
510,1002,1512,0.13512872268124565
510,999,1509,0.13514739457032643
507,996,1503,0.13516321278671775
504,1002,1506,0.13518756220312092
498,1005,1503,0.13521751719822853
494,995,1489,0.13526034218623628
502,987,1489,0.13530910705264876
507,985,1492,0.13533454104935833
502,997,1499,0.13534492091152775
518,981,1499,0.13536870953754376
515,995,1510,0.13534991865186174
511,1004,1515,0.13534014969125885
511,1005,1516,0.13534376827006353
505,1004,1509,0.13534838625785572
501,1003,1504,0.13536868503762836
502,1003,1505,0.13539648832450923
498,1010,1508,0.13541890823412786
491,1011,1502,0.13544635157113427
492,1021,1513,0.1354879453733175
485,1023,1508,0.13552515835719628
488,1034,1522,0.1355790911219103
489,1037,1526,0.13562216935193988
489,1039,1528,0.13566110960680938
478,1030,1508,0.13569795144233346
486,1023,1509,0.13575946103519104
480,1017,1497,0.13579491338089936
476,1027,1503,0.13584374629070672
475,1022,1497,0.13590075827730083
474,1036,1510,0.13595644722280315
476,1042,1518,0.1360114124436139
478,1038,1516,0.1360564495922581
480,1043,1523,0.13609444399829906
476,1032,1508,0.13612561726681452
472,1034,1506,0.1361631389425979
477,1034,1511,0.13620663059653562
479,1028,1507,0.1362320011309366
477,1027,1504,0.13625392338192394
480,1031,1511,0.13627984221599476
484,1031,1515,0.1362993545182534
474,1035,1509,0.1363028311174694
478,1036,1514,0.13632852821088448
477,1024,1501,0.13634443124091777
467,1017,1484,0.13636254372860623
467,1029,1496,0.1364062747614839
462,1042,1504,0.13644477790223336
466,1048,1514,0.13649391335408434
467,1042,1509,0.13653251851841808
471,1051,1522,0.136565996939867
459,1051,1510,0.13658507382414034
457,1051,1508,0.1366319091708741
463,1052,1515,0.1366805894783142
464,1050,1514,0.13671259151998377
456,1052,1508,0.13674404813547514
453,1053,1506,0.13679216338691005
456,1057,1513,0.136842608994709
450,1054,1504,0.13687896987913714
446,1060,1506,0.13692656521411328
450,1057,1507,0.13698397953744154
450,1064,1514,0.1370289852777313
449,1069,1518,0.137070405343996
446,1069,1515,0.13711102945178863
446,1069,1515,0.13715772107466595
444,1066,1510,0.1372024822347814
435,1083,1518,0.13724889369044527
432,1078,1510,0.13731509937764155
431,1076,1507,0.13738479565868045
429,1086,1515,0.1374534629774548
421,1083,1504,0.1375225728566011
418,1083,1501,0.13760372083674657
418,1069,1487,0.13768841777395946
417,1086,1503,0.13776844663706797
416,1083,1499,0.13784382714767943
420,1081,1501,0.13791754959283783
418,1079,1497,0.13797668043169076
420,1076,1496,0.13803761705045706
420,1093,1513,0.13808756913984757
415,1087,1502,0.13813230178873898
415,1082,1497,0.1381852567379489
420,1107,1527,0.13823304298759656
425,1106,1531,0.13826585916600628
419,1089,1508,0.1382865884836001
420,1101,1521,0.13832153905495764
415,1092,1507,0.1383509846573179
414,1088,1502,0.13838831404283897
421,1082,1503,0.13842291669900114
410,1086,1496,0.13844109671694663
417,1087,1504,0.13848502777956218
413,1087,1500,0.13851002239687663
409,1098,1507,0.1385433465661712
401,1105,1506,0.1385854994814089
394,1107,1501,0.13864298234120137
392,1114,1506,0.13871274771551534
388,1118,1506,0.13878270569499068
391,1109,1500,0.13885647289729938
394,1117,1511,0.13891649121602614
394,1107,1501,0.13896486162751145
398,1114,1512,0.13900957321136953
397,1118,1515,0.13904370545711572
395,1112,1507,0.1390758612285772
389,1118,1507,0.13911013030796965
389,1105,1494,0.13915750235830854
394,1107,1501,0.1392011010997337
389,1101,1490,0.13923079269541033
390,1114,1504,0.1392715526673193
390,1119,1509,0.13930777226363708
379,1117,1496,0.13934158632891272
378,1128,1506,0.13939890457432086
379,1131,1510,0.13945381661859704
384,1144,1528,0.13950399680122424
387,1138,1525,0.13953911340674335
389,1128,1517,0.13956608382779362
385,1129,1514,0.13958591224459072
382,1133,1515,0.13961227394015288
388,1124,1512,0.1396448531429627
386,1125,1511,0.1396608581361737
382,1126,1508,0.1396804599705814
382,1128,1510,0.13970928006341
387,1128,1515,0.13973509709996745
386,1120,1506,0.13974981993021277
384,1126,1510,0.13976401742874336
387,1129,1516,0.13978010207855002
385,1116,1501,0.13978823009965044
386,1122,1508,0.13980236625313666
385,1127,1512,0.13981463397165578
387,1120,1507,0.13982796973170447
384,1125,1509,0.13983621585052317
379,1133,1512,0.13985279861455463
382,1123,1505,0.13987756334796447
383,1128,1511,0.13989141192312618
383,1130,1513,0.13990404764074232
386,1134,1520,0.13991441985582204
380,1124,1504,0.1399147338968783
378,1139,1517,0.13993011397029145
373,1135,1508,0.13995294176891218
374,1124,1498,0.1399835983959358
369,1118,1487,0.14000936689736748
368,1128,1496,0.14004606447815143
366,1138,1504,0.14008385818906433
369,1142,1511,0.1401232666924032
370,1146,1516,0.1401544416467762
364,1140,1504,0.14018179527286423
369,1138,1507,0.14022393537727085
368,1141,1509,0.14024972236631947
370,1138,1508,0.14027727583541555
362,1135,1497,0.14029911716734614
364,1146,1510,0.14033876754744795
367,1148,1515,0.14037125323115884
366,1158,1524,0.14039326523934584
363,1155,1518,0.14041428132551068
357,1166,1523,0.14044094032090065
361,1160,1521,0.14047887402990056
363,1153,1516,0.14050286130871162
361,1153,1514,0.14052071166852445
359,1144,1503,0.14054197268220736
352,1157,1509,0.1405644654102364
349,1161,1510,0.14060020062740142
349,1160,1509,0.14064048006745497
353,1158,1511,0.14067790754595724
358,1154,1512,0.1407051204096764
357,1158,1515,0.14071672193125057
354,1169,1523,0.1407321436618361
348,1178,1526,0.14075297931915345
355,1155,1510,0.140788944606279
357,1157,1514,0.14080496291750275
351,1171,1522,0.1408186676313715
345,1165,1510,0.1408459810918934
344,1158,1502,0.14088694166988114
333,1157,1490,0.14092800363450805
340,1162,1502,0.14099221299473608
342,1166,1508,0.14103256002839273
344,1174,1518,0.14106509350869628
343,1169,1512,0.14109148252352666
338,1153,1491,0.14111864988732495
342,1157,1499,0.14115590327082544
340,1159,1499,0.14118312505618516
343,1162,1505,0.141214336824219
348,1168,1516,0.14123348200847116
349,1159,1508,0.14124119928072137
347,1167,1514,0.14124308253834367
342,1169,1511,0.14124791288062233
342,1175,1517,0.14126472173923296
344,1180,1524,0.141282465503639
341,1177,1518,0.14129160124002946
341,1173,1514,0.14130816527423942
339,1171,1510,0.14132431876747759
341,1169,1510,0.14134349994493842
335,1167,1502,0.14135685944086582
336,1168,1504,0.14138365346675305
337,1184,1521,0.14140756504150676
338,1181,1519,0.14142791173063915
333,1181,1514,0.14144690686722342
334,1190,1524,0.1414756601674557
330,1187,1517,0.14150137453005474
335,1189,1524,0.14153658106826086
328,1194,1522,0.1415580432735127
325,1197,1522,0.14159226237818742
324,1190,1514,0.14163271432847604
327,1174,1501,0.14167353530345367
332,1181,1513,0.14170256962360672
327,1174,1501,0.14171593105974303
321,1171,1492,0.14173891486808043
322,1181,1503,0.14177454036460926
316,1181,1497,0.14180724291473326
312,1184,1496,0.1418498733359471
317,1176,1493,0.14189854970560947
313,1195,1508,0.14193199436142587
310,1185,1495,0.14197463975747213
317,1188,1505,0.1420217303485631
316,1194,1510,0.14204706903134898
318,1188,1506,0.14207438211276618
316,1199,1515,0.142097095914534
307,1205,1512,0.1421237277954498
307,1204,1511,0.14217031196617735
301,1213,1514,0.14221405077935004
301,1196,1497,0.14226992300057792
301,1193,1494,0.1423228292509187
296,1198,1494,0.14237152355461244
300,1207,1507,0.14242810447439833
300,1210,1510,0.1424713961014702
297,1209,1506,0.1425129757639742
299,1204,1503,0.14255905643059794
297,1205,1502,0.14259849279810122
300,1208,1508,0.14264009839319164
304,1209,1513,0.1426679015341355
301,1217,1518,0.14268253927887856
299,1213,1512,0.14270445242989396
305,1224,1529,0.14273042002966604
309,1215,1524,0.14274127721664434
301,1214,1515,0.14274395357813702
299,1205,1504,0.1427653827037441
299,1207,1506,0.142790153686417
299,1217,1516,0.14280926138355785
301,1219,1520,0.14282765283911902
296,1234,1530,0.14283899408975068
295,1222,1517,0.14286267714549156
293,1219,1512,0.14288730636058397
300,1213,1513,0.14291519654177012
299,1217,1516,0.1429243139631836
303,1216,1519,0.14293522241181036
302,1217,1519,0.1429369118054977
300,1219,1519,0.14294098831307023
297,1219,1516,0.14295181810206156
289,1220,1509,0.142969693226984
292,1219,1511,0.14300716859106802
287,1217,1504,0.14303377265579897
283,1232,1515,0.14307117116210258
283,1238,1521,0.14311450067022163
277,1235,1512,0.14315529916386646
275,1235,1510,0.14320700636498063
268,1239,1507,0.14325934682660843
269,1230,1499,0.14332499011610356
269,1226,1495,0.1433852069152899
270,1233,1503,0.14344276226726216
270,1231,1501,0.1434950208789435
268,1238,1506,0.14354394822399147
264,1236,1500,0.14359288230261108
261,1249,1510,0.14364864314090028
260,1253,1513,0.14370901005364062
257,1270,1527,0.1437679102581125
254,1270,1524,0.1438293149257161
255,1265,1520,0.14389330717879056
258,1264,1522,0.14395160428330278
259,1259,1518,0.14399790352910335
261,1256,1517,0.14404009640663537
264,1262,1526,0.14407409107952276
258,1257,1515,0.1440980187754058
259,1263,1522,0.14413353683793675
255,1253,1508,0.14416413886162302
246,1259,1505,0.14420289542888784
251,1248,1499,0.14425986915317737
257,1263,1520,0.14430005129211707
258,1264,1522,0.14432163473369836
264,1247,1511,0.144337603962964
261,1249,1510,0.14433865974079488
260,1262,1522,0.1443483398473316
263,1263,1526,0.14435889888074396
266,1270,1536,0.1443609556931092
260,1269,1529,0.14435618185148813
267,1265,1532,0.14436770694500273
266,1248,1514,0.14436234107739898
263,1244,1507,0.14435762269667257
265,1250,1515,0.14435820381279732
266,1265,1531,0.1443546600351219
266,1257,1523,0.14435024663268192
266,1250,1516,0.1443448972594405
272,1253,1525,0.14433957107071177
269,1254,1523,0.1443219084355625
262,1254,1516,0.14431131538361133
258,1260,1518,0.1443185609778869
257,1248,1505,0.14433546278367598
260,1248,1508,0.14435281122540575
261,1246,1507,0.14436236660805168
267,1248,1515,0.1443672497254477
269,1251,1520,0.14435651869751562
261,1249,1510,0.14434227880388953
263,1252,1515,0.14434869558457866
261,1254,1515,0.14435029361075108
257,1246,1503,0.14435613395781366
260,1242,1502,0.14436892559393213
259,1250,1509,0.1443753574858295
269,1242,1511,0.14438370273188542
273,1247,1520,0.14436712516569572
273,1246,1519,0.14434292052768774
272,1240,1512,0.14431710861832606
276,1239,1515,0.14429631122007322
276,1240,1516,0.1442654908197775
279,1245,1524,0.14423814740464344
280,1245,1525,0.14420768576950216
278,1236,1514,0.14417701100303046
280,1229,1509,0.14415193698535037
273,1235,1508,0.14412309251739558
278,1229,1507,0.14411345103938664
276,1235,1511,0.1440944969353038
275,1227,1502,0.14408112236407472
276,1228,1504,0.14407395567580025
275,1235,1510,0.1440646953673471
275,1236,1511,0.14405959451668404
274,1239,1513,0.14405696443006838
274,1243,1517,0.14405678428023852
269,1249,1518,0.1440581283495075
273,1244,1517,0.14407186103497582
266,1259,1525,0.14407455321501325
267,1255,1522,0.14409327381558712
268,1246,1514,0.14410895113032823
263,1238,1501,0.1441211042015225
266,1246,1512,0.14414527217678585
260,1249,1509,0.14416197481080473
266,1246,1512,0.14419231981041558
261,1237,1498,0.1442059608862299
260,1233,1493,0.14423053707454078
261,1248,1509,0.14425409153687507
265,1259,1524,0.1442743639927807
265,1257,1522,0.14428384996151966
261,1260,1521,0.1442931896640254
256,1266,1522,0.14431303252089392
254,1252,1506,0.14434124298313936
250,1258,1508,0.14437272193403838
245,1270,1515,0.14441099514251404
243,1277,1520,0.1444599031590983
237,1261,1498,0.14450965636523047
236,1275,1511,0.14456928744323747
233,1271,1504,0.14462893009754585
234,1280,1514,0.14469184072529917
231,1279,1510,0.1447465582341497
230,1269,1499,0.14480535381074863
226,1271,1497,0.14486205011370476
224,1271,1495,0.1449239804701091
226,1266,1492,0.14498641359696549
227,1274,1501,0.14503947047282054
226,1278,1504,0.14508521329123528
224,1269,1493,0.1451309692289575
226,1272,1498,0.145177828669443
233,1285,1518,0.14521742412292885
229,1293,1522,0.14523594241541093
230,1290,1520,0.14526368573288778
225,1298,1523,0.14528707847553396
226,1299,1525,0.14532110327676
226,1291,1517,0.14534962173087337
227,1295,1522,0.14537683224619502
228,1290,1518,0.1453986536950739
227,1281,1508,0.1454176589335392
225,1287,1512,0.14543622106986276
228,1276,1504,0.14545935834040238
226,1282,1508,0.14547431346973488
225,1284,1509,0.14549392227400743
226,1277,1503,0.1455133656292288
228,1285,1513,0.14552879799107782
226,1281,1507,0.14554045755304496
226,1288,1514,0.14555664983139155
225,1295,1520,0.14557150824593557
223,1289,1512,0.14558671355503544
222,1285,1507,0.14560702421673727
220,1282,1502,0.1456283125128388
220,1298,1518,0.14565314005656327
221,1298,1519,0.14567597885416292
219,1281,1500,0.14569562702811167
220,1286,1506,0.14571996545010427
226,1288,1514,0.1457411788946145
226,1283,1509,0.14574424327812946
228,1287,1515,0.14574288820384984
225,1290,1515,0.1457369964832217
225,1277,1502,0.14573961209863207
224,1277,1501,0.1457418933019035
227,1277,1504,0.14574536199341062
225,1276,1501,0.14573946310387656
231,1282,1513,0.14573821919392826
229,1284,1513,0.1457240506117509
229,1280,1509,0.14571695301008572
230,1296,1526,0.14571288935833268
228,1284,1512,0.14570753751509027
228,1278,1506,0.14570805873328369
231,1285,1516,0.14570675836806882
226,1283,1509,0.14569798823064012
222,1285,1507,0.14570139548325145
227,1278,1505,0.14571247625111355
226,1273,1499,0.1457113849754807
222,1281,1503,0.14571259804990777
224,1288,1512,0.14572398921956198
227,1283,1510,0.14573022240196037
224,1290,1514,0.14572982319206157
223,1289,1512,0.14573784508276863
225,1292,1517,0.145748558508758
225,1295,1520,0.1457531025549624
225,1300,1525,0.1457565158358193
221,1304,1525,0.1457608052372514
220,1298,1518,0.14577587578932008
222,1299,1521,0.14579317902459887
213,1292,1505,0.1458065793949906
214,1292,1506,0.14583832821925496
216,1290,1506,0.1458657902875712
216,1288,1504,0.14588621469142343
212,1270,1482,0.14590554024036273
212,1288,1500,0.14593412591789867
213,1297,1510,0.1459607176026548
218,1308,1526,0.1459836715323791
217,1304,1521,0.14599357068060295
215,1296,1511,0.14600286345283553
211,1294,1505,0.1460153398370733
210,1297,1507,0.14603555357931522
207,1304,1511,0.1460579393761017
208,1313,1521,0.14608387043802012
208,1326,1534,0.14610650413522774
210,1319,1529,0.14612887037863628
209,1314,1523,0.14614502993422307
208,1319,1527,0.14616154671670234
205,1322,1527,0.14617950956950146
205,1319,1524,0.14620275529834897
202,1318,1520,0.14622522972927599
206,1312,1518,0.14625390767270346
206,1315,1521,0.1462704729990404
209,1287,1496,0.14628548449147394
211,1283,1494,0.14629356442017558
211,1294,1505,0.14629409281846478
208,1292,1500,0.14629510546035449
205,1305,1510,0.14630459633522588
209,1305,1514,0.14632159868326206
212,1312,1524,0.14632580995153044
207,1309,1516,0.1463212274058626
209,1304,1513,0.14632907952970842
209,1314,1523,0.14633316350454198
206,1316,1522,0.14633790136438177
206,1306,1512,0.14635001505063516
204,1315,1519,0.14636395726677148
203,1323,1526,0.14638227422963024
207,1322,1529,0.1464014453842321
204,1318,1522,0.14640914939280564
203,1329,1532,0.14642383252934832
204,1331,1535,0.14643781331521588
204,1334,1538,0.14644608804230694
208,1319,1527,0.14645536660142228
206,1326,1532,0.14645419454573907
201,1323,1524,0.14645951878244026
200,1319,1519,0.14647768865907054
203,1316,1519,0.14649732522676534
200,1311,1511,0.14650712992458714
201,1312,1513,0.14652345233066988
198,1321,1519,0.14653628781293287
198,1332,1530,0.1465544902076188
198,1322,1520,0.14657150209224612
197,1312,1509,0.14658751298604944
195,1315,1510,0.14660627937151996
194,1308,1502,0.14662909962454015
196,1316,1512,0.14665379869210995
191,1334,1525,0.14666991975025506
189,1319,1508,0.14669686097679424
192,1319,1511,0.14672576907169504
190,1310,1500,0.14674502518637425
186,1315,1501,0.14676860826029897
182,1317,1499,0.14680108288455496
184,1338,1522,0.14684078543947915
181,1327,1508,0.14687399855698627
183,1337,1520,0.14691305402870258
182,1336,1518,0.14694588580072948
182,1347,1529,0.14697845558420355
181,1347,1528,0.1470069191694131
185,1340,1525,0.14703500309249523
187,1344,1531,0.14705300216823058
185,1335,1520,0.14706467394914108
187,1328,1515,0.1470811292785741
181,1337,1518,0.14709266397415552
179,1329,1508,0.14711837507412484
179,1330,1509,0.14714656125280218
179,1324,1503,0.14717338741322955
175,1321,1496,0.14719854810773364
178,1328,1506,0.14723155964025525
178,1325,1503,0.14725574817127574
173,1341,1514,0.1472746263965585
171,1338,1509,0.14730245822494215
172,1344,1516,0.1473346644695677
171,1337,1508,0.1473635179356578
171,1342,1513,0.14739309118451646
171,1343,1514,0.14742105837662553
170,1341,1511,0.14744749920995293
162,1354,1516,0.14747433628260886
162,1356,1518,0.14751788076289332
165,1353,1518,0.14755882009948432
166,1347,1513,0.14759033015278933
164,1356,1520,0.1476159049270908
167,1363,1530,0.14764518812620345
168,1358,1526,0.14766600959002027
166,1365,1531,0.1476839643771724
168,1360,1528,0.14770490710920955
164,1359,1523,0.14771953628254114
166,1359,1525,0.1477428238067861
166,1355,1521,0.14775968534567205
159,1356,1515,0.14777574752643902
154,1352,1506,0.1478073744932684
155,1346,1501,0.14784897641861824
153,1357,1510,0.14788434493033992
153,1353,1506,0.1479226050453613
153,1352,1505,0.14795794204303647
153,1347,1500,0.1479925280044381
151,1355,1506,0.14802547519314008
148,1358,1506,0.14806081388289538
144,1359,1503,0.14810043492139482
143,1360,1503,0.14814739192480902
142,1361,1503,0.1481928890629437
148,1346,1494,0.14823532036115417
143,1351,1494,0.14826154074034076
148,1366,1514,0.14829704432775853
151,1367,1518,0.14831954080348886
152,1362,1514,0.14833396599480764
152,1368,1520,0.1483447392193228
149,1367,1516,0.1483541345673614
153,1371,1524,0.1483700381227582
157,1358,1515,0.14837632402243717
155,1363,1518,0.14837039464994517
155,1359,1514,0.1483710803381214
155,1367,1522,0.14837263114424404
150,1378,1528,0.14837436697897993
148,1369,1517,0.1483885309934194
144,1357,1501,0.14840678314280814
144,1358,1502,0.14843357244243832
145,1357,1502,0.14845803938493937
149,1348,1497,0.1484800405110893
149,1356,1505,0.14848964762201297
149,1349,1498,0.14849685422166167
148,1357,1505,0.1485029748081885
148,1377,1525,0.14851141878151844
153,1371,1524,0.1485204196748921
148,1370,1518,0.1485157933127577
148,1368,1516,0.14852365454822067
144,1371,1515,0.1485324073214475
148,1364,1512,0.14855072236538677
145,1363,1508,0.14855712970240031
141,1363,1504,0.1485710675576859
141,1379,1520,0.1485913578195394
141,1369,1510,0.14861199668373856
139,1365,1504,0.1486322596728608
138,1368,1506,0.148656412164913
137,1368,1505,0.14868139197338154
132,1368,1500,0.14870623185563783
133,1361,1494,0.14874193236222666
132,1365,1497,0.14877403570933864
130,1376,1506,0.14880688074204523
132,1376,1508,0.1488435051733754
133,1380,1513,0.14887228621694482
133,1383,1516,0.14889738036052458
134,1386,1520,0.14891881310055788
134,1400,1534,0.14893634963293217
132,1378,1510,0.14895322790513593
132,1387,1519,0.1489736851568683
131,1380,1511,0.14899454432811432
131,1392,1523,0.14901678102504162
134,1397,1531,0.14903769587622476
133,1384,1517,0.14904990000542193
133,1387,1520,0.14906329798948945
133,1387,1520,0.1490762555358335
133,1378,1511,0.1490892288410508
131,1372,1503,0.14910105115745648
132,1381,1513,0.149115899301866
132,1372,1504,0.14912638942206127
131,1386,1517,0.14913526313146241
130,1389,1519,0.14914649799047985
130,1379,1509,0.149158896959628
130,1377,1507,0.14917132273061784
128,1388,1516,0.14918329341143588
126,1392,1518,0.1491992713256152
127,1388,1515,0.14921832792288348
125,1390,1515,0.14923481996155882
124,1384,1508,0.14925430345377216
123,1395,1518,0.14927474147744188
117,1397,1514,0.14929651384655052
120,1393,1513,0.1493312385021143
119,1397,1516,0.1493558523046496
119,1393,1512,0.14938032253451708
117,1391,1508,0.1494022625210267
119,1388,1507,0.14942822377463258
117,1382,1499,0.14944738837101618
116,1390,1506,0.14947125414322252
119,1390,1509,0.1494963085810289
120,1392,1512,0.14951158028798564
118,1390,1508,0.149524531959167
121,1401,1522,0.14954104401046725
118,1398,1516,0.1495503384734766
113,1398,1511,0.1495653922136262
112,1409,1521,0.14959066445300326
115,1401,1516,0.14961794122615213
116,1417,1533,0.14963654878681884
116,1414,1530,0.14965026118135794
111,1395,1506,0.1496635339396754
108,1399,1507,0.14968668699596413
107,1390,1497,0.14971628338875317
107,1400,1507,0.1497466942352287
107,1413,1520,0.14977589559760002
108,1420,1528,0.14980335376691392
109,1422,1531,0.14982634822045282
111,1406,1517,0.14984580959021415
112,1395,1507,0.1498588938030746
110,1399,1509,0.14986751944217927
110,1403,1513,0.14988111690848424
110,1400,1510,0.14989369469522643
110,1414,1524,0.14990596386678098
112,1406,1518,0.14991817175053446
112,1412,1524,0.14992455770526786
111,1407,1518,0.14993147903156243
112,1409,1521,0.1499400012250839
109,1411,1520,0.14994573615479975
109,1424,1533,0.14995741546808591
110,1419,1529,0.1499685645707436
110,1409,1519,0.1499768564993499
110,1406,1516,0.14998297959802584
109,1415,1524,0.14998882654830623
107,1407,1514,0.14999600755810163
109,1405,1514,0.1500081276264856
106,1396,1502,0.1500159955412841
103,1396,1499,0.1500296916340215
105,1399,1504,0.15005031810178768
108,1397,1505,0.1500635611563681
112,1389,1501,0.15006966259365648
107,1396,1503,0.15006510708478626
105,1411,1516,0.15007299202691246
103,1414,1517,0.15008561438118279
102,1417,1519,0.1501017684658082
101,1417,1518,0.15011987628731585
106,1407,1513,0.1501390364659982
107,1404,1511,0.15014457729671551
106,1418,1524,0.15014727051438784
104,1398,1502,0.1501513955911286
105,1400,1505,0.150160955489496
105,1403,1508,0.15016744444535376
104,1412,1516,0.15017501217085324
103,1411,1514,0.15018409984518477
105,1405,1510,0.15019590375720715
101,1403,1504,0.15020286228440427
102,1414,1516,0.15021893354633564
102,1428,1530,0.15023218947650582
100,1427,1527,0.15024450425414357
98,1420,1518,0.15026099401436177
99,1400,1499,0.1502816373634857
95,1413,1508,0.15029725163749494
93,1400,1493,0.1503211265960477
94,1418,1512,0.1503480113504622
95,1417,1512,0.15037072583298844
100,1415,1515,0.1503897040043389
99,1415,1514,0.1503961976774228
98,1427,1525,0.150405310629504
100,1420,1520,0.15041508291247285
94,1416,1510,0.1504203109473091
95,1431,1526,0.1504389933744148
94,1406,1500,0.15045449596288182
95,1409,1504,0.15047143019700127
94,1406,1500,0.15048516052431865
95,1405,1500,0.15049991864073672
97,1410,1507,0.1505099775708859
98,1418,1516,0.15051339152617815
98,1425,1523,0.15051466895012017
99,1424,1523,0.15051633075689397
97,1407,1504,0.1505153563230538
94,1399,1493,0.15051851274626402
94,1407,1501,0.15052976085959682
95,1412,1507,0.15053984775782456
93,1406,1499,0.15054724674919234
94,1395,1489,0.15055946474378412
93,1401,1494,0.15056732895726083
94,1419,1513,0.15057674490656411
96,1418,1514,0.15058275981676028
96,1417,1513,0.15058317468009583
97,1421,1518,0.15058400887136356
97,1414,1511,0.15058216264248722
94,1411,1505,0.15058033862630238
94,1420,1514,0.15058393488133548
97,1428,1525,0.1505872462032434
98,1422,1520,0.15058423744341698
96,1420,1516,0.1505782946982659
92,1419,1511,0.15057747223336762
96,1412,1508,0.15058637063875313
97,1395,1492,0.15058671697133189
98,1399,1497,0.1505855149654556
97,1398,1495,0.15058172390201613
99,1406,1505,0.15058018516672006
99,1397,1496,0.15057273747385366
100,1403,1503,0.15056572268751925
100,1399,1499,0.15055595029713317
100,1399,1499,0.15054758166351143
99,1400,1499,0.1505407945183416
95,1409,1504,0.15053759202490405
94,1404,1498,0.15054300895960007
94,1409,1503,0.15055087068567868
92,1410,1502,0.15055905006488063
93,1415,1508,0.1505710870183335
92,1419,1511,0.1505808000714175
96,1427,1523,0.15059259315808007
93,1435,1528,0.15059310921852187
93,1437,1530,0.15060061751351334
96,1417,1513,0.15060776523459513
93,1423,1516,0.1506056720624332
93,1426,1519,0.15061006336747806
95,1422,1517,0.15061510386805715
102,1407,1509,0.1506136700065955
105,1416,1521,0.15059597344284506
104,1426,1530,0.1505721371329491
103,1424,1527,0.15055302814736504
102,1419,1521,0.1505383248733627
97,1416,1513,0.1505266906136311
100,1415,1515,0.1505275337698515
101,1420,1521,0.1505198445643741
103,1422,1525,0.15051103235222382
104,1414,1518,0.1504976712231276
106,1415,1521,0.15048354821345572
103,1412,1515,0.15046629527833086
104,1410,1514,0.15045761940264962
108,1411,1519,0.1504468252503581
100,1407,1507,0.15042653298621622
102,1419,1521,0.15042711046370047
100,1426,1526,0.15042281955003567
97,1413,1510,0.15042418271194297
103,1410,1513,0.1504331417462255
102,1415,1517,0.15042563470492656
101,1415,1516,0.1504200907994025
98,1413,1511,0.15041725071187373
95,1412,1507,0.15042221667616848
100,1417,1517,0.15043436823295764
101,1427,1528,0.15043255695610902
99,1420,1519,0.1504285238168778
100,1431,1531,0.15043060502308908
99,1408,1507,0.1504309320688823
100,1403,1503,0.1504320139401566
106,1393,1499,0.15043142231032477
106,1401,1507,0.1504143946205131
107,1401,1508,0.15039973790303235
104,1398,1502,0.15038407579966934
102,1397,1499,0.15037652603901333
101,1403,1504,0.15037482308372158
105,1409,1514,0.15037525640677157
102,1409,1511,0.15036635603748544
102,1402,1504,0.15036598207729954
104,1404,1508,0.15036616336753184
104,1410,1514,0.15036059158182347
103,1422,1525,0.15035641361497754
101,1416,1517,0.15035576452375907
100,1408,1508,0.15036034929096437
101,1410,1511,0.15036774536494765
102,1409,1511,0.1503713265295695
103,1423,1526,0.15037172933658244
104,1428,1532,0.15037070281364157
106,1422,1528,0.1503671108570414
108,1432,1540,0.15035974780427339
109,1434,1543,0.15034717168326767
107,1433,1540,0.1503331795631251
102,1416,1518,0.1503253683285336
105,1418,1523,0.1503296125232427
107,1407,1514,0.15032660655872132
105,1412,1517,0.15031857129003692
104,1414,1518,0.1503160255270264
104,1415,1519,0.15031522393994406
104,1409,1513,0.15031430420231526
105,1419,1524,0.15031396583582135
104,1399,1503,0.15031122683067544
100,1392,1492,0.15031145361149412
101,1406,1507,0.15031967566901958
104,1413,1517,0.15032608200047604
102,1402,1504,0.15032276200375974
105,1406,1511,0.1503248951750543
108,1410,1518,0.1503194807828866
109,1408,1517,0.15030731875704664
110,1408,1518,0.15029473145956115
111,1401,1512,0.15028135934242243
110,1402,1512,0.15026730500008104
110,1403,1513,0.15025777008757052
110,1423,1533,0.150247828846482
108,1409,1517,0.15023878269742735
107,1423,1530,0.1502327383126957
109,1399,1508,0.15022905279533472
108,1403,1511,0.15022116730772356
110,1394,1504,0.1502168983209663
110,1409,1519,0.15020746558664946
114,1395,1509,0.15019860303842486
110,1404,1514,0.1501774648603219
113,1407,1520,0.1501694884445308
110,1416,1526,0.15015564654844485
108,1418,1526,0.15015082466641771
109,1409,1518,0.1501514917887903
110,1419,1529,0.1501503438748141
109,1413,1522,0.15014738118001186
108,1415,1523,0.15014564081086615
113,1412,1525,0.15014605257539634
113,1404,1517,0.15013147925479753
114,1404,1518,0.15011872875661086
115,1402,1517,0.15010564888668929
114,1402,1516,0.15009094980189336
113,1401,1514,0.15008028619082503
115,1387,1502,0.15007381438889728
114,1389,1503,0.15006424252933512
114,1403,1517,0.15005708092237366
112,1402,1514,0.1500513090500797
111,1401,1512,0.15005087191967664
112,1405,1517,0.1500534580011226
108,1413,1521,0.15005426726998183
106,1414,1520,0.15006377239511526
106,1419,1525,0.1500777540392088
109,1405,1514,0.15008981914029168
107,1398,1505,0.1500950368371582
105,1409,1514,0.15010462178737852
107,1414,1521,0.15011854233832841
105,1411,1516,0.15012617468342154
108,1420,1528,0.15013854250329467
107,1419,1526,0.15014223900211116
105,1410,1515,0.150148629658109
108,1416,1524,0.15015953448312083
105,1414,1519,0.15016221075461936
103,1414,1517,0.15017194906734357
105,1419,1524,0.15018609832952814
102,1412,1514,0.15019404857571075
101,1416,1517,0.1502086987919101
99,1419,1518,0.15022521095204402
99,1419,1518,0.15024535576485434
97,1414,1511,0.15026451006025845
96,1412,1508,0.15028748080589616
95,1415,1510,0.15031103120643885
94,1422,1516,0.15033557046638907
93,1422,1515,0.150360312292332
93,1422,1515,0.15038446973556455
92,1430,1522,0.1504072375592074
91,1423,1514,0.1504311804302375
86,1412,1498,0.15045627741345732
88,1416,1504,0.15049104781114583
90,1414,1504,0.1505193921889734
91,1423,1514,0.15054181290333107
91,1418,1509,0.15055967836842718
89,1429,1518,0.1505753652124891
91,1422,1513,0.15059427038396175
88,1421,1509,0.15060732705107122
89,1414,1503,0.1506268734468845
91,1414,1505,0.15064290712926973
90,1422,1512,0.1506513347756335
95,1418,1513,0.15066223045980276
95,1414,1509,0.1506590120419618
95,1411,1506,0.15065579588372488
97,1419,1516,0.15065278423737685
96,1430,1526,0.15064450498605364
98,1408,1506,0.1506394190273249
98,1407,1505,0.15063027185530228
100,1405,1505,0.15062119022075454
100,1399,1499,0.15060755201098616
98,1405,1503,0.1505940864146638
100,1408,1508,0.15058692555307274
103,1404,1507,0.150574792443789
101,1401,1502,0.1505556513282474
106,1397,1503,0.15054283257073398
105,1392,1497,0.150517466540164
106,1386,1492,0.15049582421534383
104,1390,1494,0.15047479354181306
105,1390,1495,0.1504605972888529
103,1397,1500,0.1504453361087144
99,1404,1503,0.15043763568193136
102,1412,1514,0.1504392589234774
102,1412,1514,0.1504336966724974
100,1410,1510,0.15042950677193614
100,1416,1516,0.1504300444874307
99,1414,1513,0.15043147027309223
99,1417,1516,0.15043577145123221
104,1417,1521,0.15044054140321617
102,1412,1514,0.15043173390022058
100,1418,1518,0.1504283857935543
101,1412,1513,0.15042846500619822
99,1429,1528,0.1504260587620061
97,1423,1520,0.15042917108571427
95,1417,1512,0.15043626110026306
97,1421,1518,0.15044808848033792
99,1422,1521,0.1504536341223287
97,1434,1531,0.1504557261977945
98,1426,1524,0.15046296090386252
97,1421,1518,0.15046676944649715
96,1422,1518,0.15047247573410355
96,1419,1515,0.15048085125205785
96,1412,1508,0.150488578498514
97,1408,1505,0.15049509799843494
94,1402,1496,0.15049877365015177
99,1400,1499,0.15050916504986783
99,1410,1509,0.15050530897416392
101,1412,1513,0.150502618122712
98,1414,1512,0.15049587853226445
95,1416,1511,0.15049775860077375
95,1423,1518,0.15050637907603545
95,1424,1519,0.15051444780511447
98,1425,1523,0.15052281631422595
95,1430,1525,0.1505231610988442
99,1427,1526,0.15053105053755156
98,1425,1523,0.15052701090013862
98,1442,1540,0.15052445420027297
96,1441,1537,0.15052242129747004
96,1433,1529,0.15052585758111284
98,1433,1531,0.1505293359824058
97,1429,1526,0.15052860447708805
97,1440,1537,0.15053007642887808
98,1441,1539,0.15053121854876492
98,1431,1529,0.1505313096060039
97,1416,1513,0.15053222133867178
97,1404,1501,0.15053595289151234
93,1413,1506,0.15053944585462956
95,1423,1518,0.15055088270606543
95,1428,1523,0.15055728629750312
95,1428,1523,0.1505616369577456
91,1417,1508,0.1505661415771323
90,1428,1518,0.15058063178371353
91,1421,1512,0.15059668701974288
89,1425,1514,0.15060913133618287
89,1427,1516,0.15062541368248028
89,1424,1513,0.15064132403350616
86,1423,1509,0.1506557014212482
85,1438,1523,0.15067725890309894
85,1436,1521,0.15070010942778433
86,1433,1519,0.15072069976286226
83,1433,1516,0.1507361587432377
84,1430,1514,0.150758089489669
83,1426,1509,0.15077663930442425
85,1436,1521,0.15079645160201088
83,1429,1512,0.15081027023724233
84,1435,1519,0.15082738910273263
83,1431,1514,0.15083965681657252
85,1429,1514,0.15085421128504856
87,1426,1513,0.15086346534991513
86,1430,1516,0.15086792068851243
87,1436,1523,0.15087464078921817
84,1435,1519,0.15087934226767702
81,1433,1514,0.15089080935041263
78,1424,1502,0.15090869130030704
75,1427,1502,0.15093271409961545
74,1437,1511,0.1509620129093106
74,1430,1504,0.15099151901208202
75,1447,1522,0.15101803948535936
74,1453,1527,0.15103978090519854
74,1459,1533,0.15106257351534574
74,1452,1526,0.1510823795551756
73,1435,1508,0.15110173777166735
74,1449,1523,0.15112176125410723
73,1438,1511,0.1511385686329497
73,1456,1529,0.1511574411087914
74,1450,1524,0.15117462273070228
72,1437,1509,0.15118826265446317
71,1445,1516,0.151206281050286
74,1458,1532,0.15122583279817314
73,1460,1533,0.1512374709899443
72,1453,1525,0.15125043235205957
67,1446,1513,0.1512653308443185
68,1443,1511,0.1512905734310513
68,1449,1517,0.15131183891065542
68,1456,1524,0.15133138335281202
66,1457,1523,0.15135019019114204
65,1458,1523,0.15137236877127003
64,1448,1512,0.15139585586828883
62,1446,1508,0.15141999557242503
63,1452,1515,0.1514472701561887
63,1455,1518,0.15147005249797174
64,1441,1505,0.15149177196647906
62,1448,1510,0.1515101882638766
61,1449,1510,0.15153157829499814
60,1453,1513,0.1515542726933556
59,1444,1503,0.15157728722288788
59,1458,1517,0.1516015625130591
57,1466,1523,0.15162365905499942
55,1458,1513,0.15164925045235594
53,1448,1501,0.15167805667881204
55,1452,1507,0.1517099079324991
55,1470,1525,0.1517341396627621
56,1463,1519,0.15175786263946014
57,1471,1528,0.15177784369735617
57,1473,1530,0.1517937623818222
59,1456,1515,0.15180666935614456
57,1447,1504,0.15181471730322568
56,1451,1507,0.15182808241237866
55,1463,1518,0.15184359653554874
56,1465,1521,0.15186041021451216
55,1468,1523,0.15187400854556843
55,1468,1523,0.15188932059721816
54,1462,1516,0.15190407639894604
54,1468,1522,0.15192043720307408
53,1460,1513,0.1519347900779085
55,1460,1515,0.15195082508103266
55,1458,1513,0.15196065850374713
55,1468,1523,0.15196995726385232
55,1464,1519,0.1519781197319261
57,1458,1515,0.15198523692622642
58,1462,1520,0.15198689603690643
56,1451,1507,0.15198504167882085
55,1457,1512,0.1519871821457397
55,1466,1521,0.1519916197115051
52,1456,1508,0.15199640634204806
54,1464,1518,0.15201038469483028
53,1458,1511,0.1520181486707504
55,1467,1522,0.15202809942610299
56,1466,1522,0.15203330388497494
57,1461,1518,0.1520354124342246
57,1469,1526,0.1520346384593052
57,1467,1524,0.15203417060934746
56,1483,1539,0.15203427032351965
53,1484,1537,0.15203699884826993
54,1484,1538,0.1520468828921339
53,1475,1528,0.15205328433392587
52,1467,1519,0.1520619027456543
54,1484,1538,0.1520725173386498
53,1474,1527,0.15207735559576918
52,1468,1520,0.1520844644942715
49,1474,1523,0.15209369615621296
47,1468,1515,0.15210938986839925
49,1469,1518,0.15212876529317967
49,1471,1520,0.1521427471723553
47,1466,1513,0.15215562902409072
47,1474,1521,0.15217252584319707
46,1477,1523,0.15218749762166775
45,1481,1526,0.1522034057960785
44,1481,1525,0.15222084183029097
44,1469,1513,0.15223965915378335
40,1483,1523,0.15225755588423848
39,1479,1518,0.15228328082628229
38,1470,1508,0.1523090550671531
40,1470,1510,0.15233566502355012
41,1465,1506,0.15235540909000206
39,1469,1508,0.15237107307370862
41,1474,1515,0.15239046964514805
43,1472,1515,0.15240462836294247
38,1459,1497,0.15241179031293947
42,1463,1505,0.15242905654568367
41,1476,1517,0.15243447782449127
42,1474,1516,0.1524416431223471
43,1470,1513,0.15244758605271921
42,1473,1515,0.15245077510028168
45,1468,1513,0.15245551093714832
45,1474,1519,0.15245266009190322
44,1470,1514,0.1524497610352276
45,1461,1506,0.1524506139022476
42,1450,1492,0.1524491936319928
40,1460,1500,0.15245595062239975
42,1470,1512,0.15246637362665028
45,1467,1512,0.1524716580575325
44,1474,1518,0.15246854650047026
45,1473,1518,0.1524676612166292
46,1462,1508,0.15246490729715828
46,1476,1522,0.15245999366872356
44,1477,1521,0.1524561058748416
44,1473,1517,0.15245716721347008
45,1474,1519,0.15245871961990257
42,1475,1517,0.1524564330210346
44,1465,1509,0.15246157823841394
45,1458,1503,0.15246167225642357
44,1468,1512,0.1524600452337912
42,1472,1514,0.15246132257741551
43,1467,1510,0.15246640688382526
44,1474,1518,0.15246854465537737
44,1483,1527,0.1524689462064523
45,1466,1511,0.15246993711243867
43,1458,1501,0.15246899735775524
43,1475,1518,0.15247311645301698
46,1476,1522,0.15247569421239185
46,1469,1515,0.15247095512747713
45,1465,1510,0.15246687379750093
44,1461,1505,0.15246623511104412
42,1463,1505,0.1524673825424089
41,1481,1522,0.15247337028924887
41,1493,1534,0.1524816166638053
40,1482,1522,0.1524897392081352
43,1477,1520,0.15249969953022902
44,1477,1521,0.15250272103624524
42,1483,1525,0.1525034590650451
42,1476,1518,0.15250891901924032
41,1471,1512,0.1525144395360038
41,1464,1505,0.15252095524220866
40,1467,1507,0.15252744481932987
41,1461,1502,0.15253604018468261
42,1476,1518,0.15254115563867787
43,1474,1517,0.1525437843655326
43,1474,1517,0.15254420251278783
41,1471,1512,0.15254497425631797
41,1471,1512,0.15255036033612665
40,1474,1514,0.15255634137962404
39,1475,1514,0.15256348603884193
41,1482,1523,0.15257260354902832
40,1480,1520,0.15257587620220037
41,1466,1507,0.1525824649368051
42,1477,1519,0.1525854503936473
42,1464,1506,0.15258544069366414
40,1472,1512,0.15258582022100825
41,1472,1513,0.15259086877984362
43,1465,1508,0.15259265224997384
40,1461,1501,0.15258917323566198
41,1472,1513,0.15259289730398284
41,1479,1520,0.15259343662634983
43,1474,1517,0.1525943287658954
44,1472,1516,0.1525889334997844
44,1472,1516,0.15258128346915228
43,1470,1513,0.15257378831561008
45,1476,1521,0.15256964922979283
45,1472,1517,0.15256044796070353
47,1465,1512,0.15255143632630389
45,1472,1517,0.15253890005888188
44,1470,1514,0.1525322272606669
45,1475,1520,0.15252876895939893
47,1482,1529,0.15252286026201844
46,1488,1534,0.15251239100190137
47,1493,1540,0.15250541102277493
48,1482,1530,0.15249700933253504
47,1469,1516,0.15248697781984094
47,1473,1520,0.152480774075237
45,1470,1515,0.1524744102084216
46,1470,1516,0.15247331540451797
46,1472,1518,0.15247005676430062
47,1472,1519,0.15246751227781113
48,1473,1521,0.15246187750342405
49,1479,1528,0.15245495601976725
48,1467,1515,0.15244645084832992
49,1461,1510,0.1524411145909421
50,1467,1517,0.15243221284695108
49,1467,1516,0.15242249599922927
45,1463,1508,0.15241633729181467
47,1471,1518,0.15242046601503775
47,1468,1515,0.15242030316549027
46,1478,1524,0.15242024007364466
46,1481,1527,0.15242271918212494
47,1478,1525,0.1524242539540216
46,1471,1517,0.1524237242888389
47,1474,1521,0.1524251375405331
45,1470,1515,0.15242356685414918
45,1472,1517,0.15242681493285035
43,1484,1527,0.15242986053608776
44,1479,1523,0.15243773574469388
44,1469,1513,0.15244278554937243
46,1483,1529,0.1524476235321043
42,1479,1521,0.15244795600523492
42,1470,1512,0.1524572006293803
42,1484,1526,0.15246618590525418
40,1478,1518,0.15247489813238344
40,1468,1508,0.15248714455964854
40,1476,1516,0.15249865505171248
40,1467,1507,0.1525097330502681
41,1464,1505,0.15252037866413434
40,1475,1515,0.15252747391792312
40,1481,1521,0.15253660215820067
39,1483,1522,0.1525453705012086
39,1478,1517,0.1525560176698646
41,1466,1507,0.15256502823450327
44,1466,1510,0.15256794209605495
39,1464,1503,0.15256108853399727
40,1471,1511,0.15256649134112482
42,1485,1527,0.15256990643242588
43,1478,1521,0.15256905880558988
43,1480,1523,0.15256607935362887
42,1475,1517,0.15256339807634414
43,1472,1515,0.15256356350337133
42,1459,1501,0.1525618904640298
42,1474,1516,0.15256298933180065
42,1461,1503,0.1525631254340056
42,1472,1514,0.1525637700707465
43,1471,1514,0.1525646851634588
40,1470,1510,0.1525623325252925
41,1469,1510,0.15256713410088818
41,1472,1513,0.15256989786447347
39,1474,1513,0.1525718617444355
38,1479,1517,0.15257854405176155
40,1466,1506,0.15258720873306672
41,1471,1512,0.15259118082961354
43,1471,1514,0.1525920587017211
41,1485,1526,0.1525869615090172
40,1487,1527,0.1525871277623685
41,1471,1512,0.15258992205386057
39,1474,1513,0.15259085316794976
36,1484,1520,0.15259545381182218
38,1482,1520,0.15260739942105905
38,1476,1514,0.1526145477988946
38,1465,1503,0.15262115785798666
39,1468,1507,0.15262777519495782
37,1466,1503,0.15263084818276573
38,1469,1507,0.15263862048138674
39,1483,1522,0.15264306800765187
38,1481,1519,0.15264432421435695
38,1479,1517,0.15264781554718673
38,1476,1514,0.15265163035840848
39,1487,1526,0.15265569706071294
37,1489,1526,0.1526569466896035
37,1487,1524,0.15266292175575816
37,1481,1518,0.15266896290941254
35,1486,1521,0.15267486730336433
38,1482,1520,0.1526854065493672
36,1473,1509,0.152688591389457
37,1479,1516,0.15269645920314157
37,1477,1514,0.15270084979102616
39,1482,1521,0.15270431070574067
40,1483,1523,0.15270151788095612
39,1471,1510,0.15269622526113774
41,1472,1513,0.15269298219078947
42,1473,1515,0.1526827696346009
42,1476,1518,0.152671783584953
40,1469,1509,0.1526623372795849
41,1483,1524,0.15265927329979476
40,1482,1522,0.15265420146911668
41,1472,1513,0.1526516415102469
38,1479,1517,0.15264720758656106
37,1479,1516,0.1526501648049252
40,1485,1525,0.1526545514706988
39,1488,1527,0.15265099077372457
39,1476,1515,0.15265065297149102
39,1475,1514,0.1526503853086683
38,1468,1506,0.15265078603124824
38,1476,1514,0.15265387748535247
38,1473,1511,0.1526573120318851
42,1484,1526,0.15266090010789968
41,1475,1516,0.15265390995331427
41,1487,1528,0.1526502028170269
43,1482,1525,0.15264727085062377
43,1477,1520,0.15263888863441472
42,1476,1518,0.15263164224606793
42,1469,1511,0.1526275706939934
42,1471,1513,0.15262439374588901
41,1478,1519,0.15262186434419533
40,1469,1509,0.15262218990179088
41,1461,1502,0.15262530355387194
41,1464,1505,0.15262529629950994
40,1473,1513,0.15262565946842702
39,1462,1501,0.1526275714659483
41,1472,1513,0.15263197062335127
43,1471,1514,0.15263066539324566
43,1479,1522,0.15262427639557383
42,1480,1522,0.15261870358957602
42,1476,1518,0.15261650492254414
42,1473,1515,0.15261400940922665
44,1475,1519,0.1526121230673702
42,1465,1507,0.15260420777945322
43,1470,1513,0.1526005728741858
41,1463,1504,0.15259384266017154
41,1460,1501,0.15259263200751927
42,1465,1507,0.15259216795531308
41,1472,1513,0.15259007722174256
40,1469,1509,0.15259085662336408
40,1472,1512,0.1525931025499904
39,1474,1513,0.15259572279758654
36,1474,1510,0.1526008388964984
37,1474,1511,0.15261303743567006
38,1474,1512,0.1526225348139457
38,1477,1515,0.15262873505603305
38,1488,1526,0.1526348090549574
38,1487,1525,0.15264076906547172
38,1480,1518,0.15264673258279385
38,1471,1509,0.15265242574310858
40,1464,1504,0.15265809574563924
40,1461,1501,0.1526585520635712
37,1475,1512,0.15265932810418764
37,1462,1499,0.15266572834572137
39,1463,1502,0.15267122639430084
38,1457,1495,0.15267233252317844
40,1469,1509,0.15267492418526007
40,1476,1516,0.1526729074286544
39,1474,1513,0.15267069275600087
41,1478,1519,0.15267142808891734
42,1471,1513,0.15266606752009335
37,1475,1512,0.1526592375121246
38,1486,1524,0.15266531016983137
37,1489,1526,0.1526692271827359
37,1499,1536,0.15267544380699252
37,1496,1533,0.15268183160908133
36,1487,1523,0.15268785183690936
34,1489,1523,0.1526960878743725
33,1486,1519,0.1527084099322768
34,1490,1524,0.15272215797930566
35,1493,1528,0.15273208746793593
33,1489,1522,0.15273892580086368
33,1485,1518,0.15275012960306023
34,1481,1515,0.15276093752820277
33,1477,1510,0.15276843786874408
35,1480,1515,0.15277791339762725
34,1489,1523,0.15278217694540555
35,1490,1525,0.15278864005318205
33,1504,1537,0.15279225078054273
34,1501,1535,0.1528005445273421
35,1484,1519,0.15280631827026864
35,1473,1508,0.1528087393908606
35,1485,1520,0.15281133851753512
35,1481,1516,0.15281407372203656
35,1479,1514,0.15281690858763303
34,1469,1503,0.15281981159269514
33,1477,1510,0.15282374784714028
34,1482,1516,0.15282990917546602
34,1482,1516,0.1528327558634515
34,1497,1531,0.15283577977929855
35,1494,1529,0.15283893603535723
35,1490,1525,0.15283974324644953
35,1481,1516,0.15283991238410696
34,1470,1504,0.15284041267217632
32,1468,1500,0.15284335967086946
31,1475,1506,0.15285072651219936
31,1472,1503,0.15286006792053783
31,1479,1510,0.15286906430887634
31,1485,1516,0.15287771474522008
32,1490,1522,0.15288561605642012
34,1492,1526,0.1528901192633801
34,1490,1524,0.15288990850134684
32,1489,1521,0.1528900040459877
32,1482,1514,0.15289471731812268
32,1474,1506,0.15289825456269734
34,1468,1502,0.15290189214606154
33,1491,1524,0.1529000265004419
33,1501,1534,0.15290082222608034
33,1481,1514,0.15290191291710603
31,1482,1513,0.15290324727078924
31,1485,1516,0.1529090624137485
33,1472,1505,0.15291470378704075
33,1472,1505,0.15291467756583813
33,1474,1507,0.1529152537857755
34,1483,1517,0.15291607122482834
37,1485,1522,0.15291384027939275
34,1471,1505,0.1529036490018052
35,1477,1512,0.15290099918898853
33,1476,1509,0.15289564654673785
34,1486,1520,0.15289547298189393
34,1482,1516,0.15289342982132662
34,1477,1511,0.15289139417082495
33,1471,1504,0.15288989921651835
31,1473,1504,0.15289020386488025
33,1477,1510,0.15289601390522273
33,1477,1510,0.15289700835080247
32,1476,1508,0.1528982423206839
32,1476,1508,0.1529018601281515
31,1481,1512,0.15290504001796779
31,1480,1511,0.15290938846961463
33,1493,1526,0.15291351436418868
33,1488,1521,0.15291315673139613
35,1487,1522,0.15291211186959702
36,1486,1522,0.15290547004840693
35,1494,1529,0.15289661985848613
37,1480,1517,0.15289110952658785
38,1470,1508,0.15288182864524522
38,1473,1511,0.1528711354791918
38,1474,1512,0.15286161178303972
36,1477,1513,0.15285313690954844
36,1493,1529,0.15285000724520698
36,1492,1528,0.1528473230178825
35,1496,1531,0.1528449840084459
35,1500,1535,0.15284548248354518
35,1493,1528,0.15284537785817243
33,1482,1515,0.15284561377000316
33,1480,1513,0.15285044668447614
34,1493,1527,0.1528552549817494
34,1477,1511,0.1528577158851432
35,1474,1509,0.15285832041560451
35,1470,1505,0.15285706414834765
36,1472,1508,0.15285625057026592
35,1458,1493,0.1528533201842289
34,1470,1504,0.15285316116845282
34,1466,1500,0.152855453978079
33,1467,1500,0.1528578692432165
34,1472,1506,0.1528622520954925
36,1472,1508,0.1528640346713808
37,1479,1516,0.1528603301910063
35,1488,1523,0.15285487700094047
37,1498,1535,0.15285436341547265
36,1503,1539,0.15284979973764068
35,1495,1530,0.15284798540827782
35,1490,1525,0.15284869369937537
34,1477,1511,0.15284960324868255
33,1489,1522,0.15285288042040224
33,1484,1517,0.15285831685320328
30,1494,1524,0.15286359932973081
31,1496,1527,0.15287517561771508
33,1488,1521,0.15288362139288844
32,1493,1525,0.15288621023377108
31,1488,1519,0.15289135064738005
31,1497,1528,0.1528982265108728
31,1503,1534,0.15290470307149154
29,1490,1519,0.15291100548298853
30,1489,1519,0.15292138885665235
30,1477,1507,0.15292811109999999
33,1473,1506,0.15293460823937624
33,1488,1521,0.15293366371681213
34,1491,1525,0.15293308955529156
31,1487,1518,0.15293022696722655
31,1506,1537,0.15293436254213175
32,1503,1535,0.15293835563513686
31,1497,1528,0.15294011021821524
32,1490,1522,0.15294405779171347
30,1495,1525,0.15294472001892032
29,1487,1516,0.15295005057262953
29,1491,1520,0.15295709916720804
30,1494,1524,0.15296399706436223
30,1488,1518,0.15296749127108394
30,1497,1527,0.15297110455729984
29,1495,1524,0.15297322750006168
30,1498,1528,0.15297777585340896
32,1494,1526,0.15297918432996516
33,1496,1529,0.15297483758148514
34,1492,1526,0.1529680583883366
32,1493,1525,0.15295957065283453
32,1491,1523,0.1529574468533219
31,1484,1515,0.15295593426332477
29,1491,1520,0.1529571912221712
28,1476,1504,0.1529630939472496
29,1491,1520,0.15297148235436717
31,1493,1524,0.15297657131265707
30,1495,1525,0.1529771351759294
28,1497,1525,0.15298015801071072
30,1496,1526,0.15298773460617793
31,1496,1527,0.15299053288555256
32,1478,1510,0.15299017593757103
31,1469,1500,0.1529872966318329
30,1473,1503,0.15298727700000456
28,1482,1510,0.1529897312534542
29,1483,1512,0.15299663328542148
30,1482,1512,0.15300010818530216
30,1484,1514,0.15300087018176334
30,1494,1524,0.15300179309646475
31,1489,1520,0.15300236892718552
32,1496,1528,0.1530007865903561
32,1498,1530,0.1529971691926447
32,1490,1522,0.1529941560067557
31,1499,1530,0.15299167362849198
30,1484,1514,0.1529918961419516
29,1492,1521,0.1529949763192991
28,1479,1507,0.15300059109092742
28,1488,1516,0.15300816309896195
27,1482,1509,0.15301540844217712
27,1485,1512,0.1530244783366273
28,1488,1516,0.15303310552462934
29,1471,1500,0.15303858744685822
29,1475,1504,0.15304153765742268
29,1464,1493,0.15304445724925494
27,1473,1500,0.15304628254481312
28,1465,1493,0.15305247880863487
27,1472,1499,0.1530563020486745
28,1480,1508,0.15306224626831486
27,1480,1507,0.15306502446697304
26,1494,1520,0.1530699928925419
26,1493,1519,0.1530770572540915
25,1491,1516,0.1530836746672739
27,1499,1526,0.15309183318448155
28,1495,1523,0.1530932629054506
27,1499,1526,0.15309260903697997
27,1492,1519,0.15309453246978513
30,1498,1528,0.1530966826016735
31,1487,1518,0.15309092549840897
31,1485,1516,0.15308351491617472
30,1489,1519,0.15307698375469975
30,1492,1522,0.15307359280046515
32,1486,1518,0.15307053367298715
31,1482,1513,0.15306304905360396
32,1489,1521,0.15305850034884422
29,1494,1523,0.15305234694267292
28,1484,1512,0.1530535503794107
30,1488,1518,0.15305749753935463
30,1482,1512,0.15305622424010598
30,1482,1512,0.1530552693172549
32,1487,1519,0.15305459032982155
32,1503,1535,0.15304854204286478
31,1498,1529,0.15304316866626963
30,1491,1521,0.15304054209507498
30,1487,1517,0.153040458568825
30,1493,1523,0.15304060852926527
31,1490,1521,0.15304095581181126
30,1500,1530,0.15303914051727385
29,1500,1529,0.15303872840700516
29,1496,1525,0.15304075844730528
30,1484,1514,0.1530428221648456
30,1491,1521,0.1530424861973929
29,1501,1530,0.153041617534439
28,1500,1528,0.15304224677925873
29,1491,1520,0.15304534735548547
30,1482,1512,0.15304631902715637
31,1493,1524,0.15304431146040434
31,1495,1526,0.15304032266562329
30,1486,1516,0.1530369561540653
30,1484,1514,0.1530362669990752
29,1493,1522,0.1530359304822249
29,1485,1514,0.15303810488639938
27,1495,1522,0.1530402721162301
26,1489,1515,0.15304682962754432
28,1495,1523,0.15305544597227552
28,1503,1531,0.15305906310502781
29,1504,1533,0.15306229935583368
30,1493,1523,0.153062325054463
30,1490,1520,0.15305921268915235
30,1500,1530,0.15305668306749012
30,1485,1515,0.1530546628333184
30,1487,1517,0.15305308673125173
29,1486,1515,0.15305189676553094
28,1497,1525,0.1530532778175591
28,1498,1526,0.15305693096322107
28,1500,1528,0.15306056970695495
27,1490,1517,0.15306417466252892
27,1493,1520,0.15306985610294865
26,1492,1518,0.1530751294786544
26,1485,1511,0.15308277230593423
26,1479,1505,0.1530900631185302
25,1487,1512,0.1530970124090807
27,1485,1512,0.15310585225767523
27,1484,1511,0.15310945802808776
27,1484,1511,0.15311296023974763
27,1499,1526,0.15311635414019364
26,1502,1528,0.1531196363166711
25,1502,1527,0.153124938517523
26,1497,1523,0.15313111399227375
26,1499,1525,0.1531348034351822
26,1491,1517,0.15313843180634015
27,1486,1513,0.15314198675155122
26,1492,1518,0.15314301504114472
25,1498,1523,0.15314631998225745
26,1503,1529,0.15315168017376327
26,1495,1521,0.15315356535148617
26,1485,1511,0.1531551420845507
25,1481,1506,0.15315685288323494
26,1474,1500,0.15316118383800761
24,1485,1509,0.15316296908436766
25,1488,1513,0.15316907470830013
23,1471,1494,0.1531716843458705
22,1492,1514,0.15317886904353198
23,1493,1516,0.15318794199819777
21,1493,1514,0.15319405959927823
20,1483,1503,0.15320428833602237
20,1495,1515,0.15321621761868875
21,1508,1529,0.15322745305420243
21,1507,1528,0.1532356137403132
22,1515,1537,0.15324346472675326
22,1488,1510,0.15324829134411114
20,1483,1503,0.15325303123491366
21,1486,1507,0.15326197111776746
21,1488,1509,0.15326794354675818
20,1483,1503,0.1532737473812726
21,1486,1507,0.1532815131591758
21,1492,1513,0.1532867555937289
21,1507,1528,0.15329182851832926
21,1509,1530,0.15329672753735107
21,1502,1523,0.15330144995491662
20,1495,1515,0.15330561630327227
21,1500,1521,0.15331197403570646
21,1484,1505,0.15331507539540973
22,1481,1503,0.1533181655256105
22,1487,1509,0.1533181311208206
22,1483,1505,0.15331833566863307
21,1475,1496,0.15331874173968013
24,1481,1505,0.15332144907113965
25,1492,1517,0.1533143364357984
25,1501,1526,0.1533058746854192
25,1501,1526,0.15329838090452158
25,1507,1532,0.15329175317918842
26,1502,1528,0.15328589987315688
27,1500,1527,0.15327829802377146
26,1505,1531,0.15326825471031535
27,1494,1521,0.15326180070001624
28,1498,1526,0.1532528166231569
26,1492,1518,0.15324152343597344
26,1485,1511,0.15323613840399722
25,1482,1507,0.15323102868902716
26,1494,1520,0.15322854557322516
26,1496,1522,0.1532237982172884
25,1491,1516,0.15321871612188367
27,1484,1511,0.15321606302456486
27,1492,1519,0.15320888795968746
26,1487,1513,0.1532026448998349
26,1497,1523,0.15319982053105263
25,1480,1505,0.15319746770079948
25,1480,1505,0.15319775306810532
24,1479,1503,0.15319777962875053
23,1483,1506,0.15320048948268253
24,1499,1523,0.15320551291480375
24,1497,1521,0.1532082054189949
24,1501,1525,0.15321096620013183
24,1498,1522,0.1532137687932209
24,1498,1522,0.15321659047943403
24,1495,1519,0.1532194118542246
20,1486,1506,0.15322221644116396
21,1480,1501,0.15323352143133406
20,1481,1501,0.15324206511302457
20,1480,1500,0.1532523690181422
21,1489,1510,0.1532621521470607
21,1480,1501,0.15326904951743633
22,1465,1487,0.15327563699184138
21,1483,1504,0.15327917581189845
22,1491,1513,0.1532848139271331
21,1487,1508,0.15328730057151943
23,1488,1511,0.1532919808400161
22,1484,1506,0.15329197830535912
21,1489,1510,0.15329429878600323
21,1501,1522,0.1532989722207421
21,1498,1519,0.1533029000974327
23,1501,1524,0.1533067692431568
21,1491,1512,0.1533049560920414
19,1481,1500,0.15330726588159016
20,1482,1502,0.15331404979037636
19,1486,1505,0.15331835910756447
19,1484,1503,0.15332470663957207
19,1489,1508,0.15333083517246757
17,1498,1515,0.15333663154375124
17,1501,1518,0.15334744516756393
17,1499,1516,0.15335726931321336
19,1494,1513,0.15336665264779392
19,1507,1526,0.15337056351505648
19,1500,1519,0.15337443816098045
18,1504,1522,0.15337825946554356
17,1497,1514,0.1533841879500022
17,1494,1511,0.1533920424502872
17,1480,1497,0.15339955338677866
17,1483,1500,0.1534062407663337
17,1485,1502,0.15341267553292096
18,1491,1509,0.15341885795944943
18,1495,1513,0.15342234669909335
18,1497,1515,0.15342576605544525
19,1496,1515,0.15342910642294177
17,1518,1535,0.15342938041132176
20,1523,1543,0.15343453002316274
19,1503,1522,0.15343096130651376
20,1505,1525,0.15343068740537585
20,1497,1517,0.1534282597529569
20,1493,1513,0.1534262086337911
20,1479,1499,0.15342448921574062
21,1487,1508,0.15342306149198137
21,1488,1509,0.15341862093096684
20,1493,1513,0.15341471015905625
21,1504,1525,0.15341341715482526
22,1505,1527,0.15340917035410706
22,1487,1509,0.15340319819099377
22,1478,1500,0.1533978715102566
21,1483,1504,0.15339312401245542
22,1492,1514,0.15339103478356633
23,1481,1504,0.15338707259649767
23,1492,1515,0.15338034067550094
22,1488,1510,0.15337429709449435
23,1493,1516,0.15337150554454032
23,1499,1522,0.15336639391424944
22,1498,1520,0.15336180786223672
23,1497,1520,0.15335981999535128
23,1503,1526,0.15335593417669613
22,1497,1519,0.15335245017027935
23,1499,1522,0.15335043223887068
22,1488,1510,0.1533465212819601
23,1488,1511,0.1533454729302067
22,1487,1509,0.153341451925992
23,1487,1510,0.15333895665008682
23,1489,1512,0.15333452247338542
22,1494,1516,0.15333113214214983
23,1494,1517,0.15333036928175628
23,1488,1511,0.15332766508349366
23,1487,1510,0.15332534808166934
22,1494,1516,0.15332337314725417
21,1497,1518,0.15332389452072248
22,1503,1525,0.1533266784408514
22,1499,1521,0.15332616350384418
23,1487,1510,0.153324774926503
23,1489,1512,0.15332146250530465
24,1491,1515,0.15331828974118225
23,1496,1519,0.1533131382073004
25,1502,1527,0.15331075147160175
26,1497,1523,0.15330334630452908
25,1516,1541,0.15329348456509406
24,1503,1527,0.15328683817186672
21,1496,1517,0.15328333790029508
21,1491,1512,0.1532867221238616
21,1506,1527,0.15329021785911384
19,1498,1517,0.15329378739516386
18,1492,1510,0.1533021681568059
17,1487,1504,0.1533123545551023
18,1495,1513,0.15332433911554136
18,1493,1511,0.15333322259057658
18,1493,1511,0.15334173389681874
18,1476,1494,0.1533498790958553
20,1502,1522,0.15335657516644996
18,1498,1516,0.15335733618170022
18,1498,1516,0.1533635978837272
18,1504,1522,0.1533698801417251
18,1495,1513,0.15337513281689763
17,1499,1516,0.1533803635530775
17,1494,1511,0.15338764343572148
17,1489,1506,0.15339468487593177
17,1500,1517,0.15340135593909734
18,1512,1530,0.1534077995747731
18,1503,1521,0.15341074892455522
18,1505,1523,0.15341377044640417
18,1499,1517,0.1534168354092774
17,1496,1513,0.15341991917385528
15,1493,1508,0.15342513652038994
15,1504,1519,0.15343455021162689
15,1509,1524,0.15344353513779832
16,1497,1513,0.1534510056710879
16,1504,1520,0.15345585448778853
16,1496,1512,0.15346063308130709
16,1505,1521,0.1534653237638297
15,1500,1515,0.15346884964585294
15,1500,1515,0.1534747058865165
13,1506,1519,0.15348043465466177
12,1504,1516,0.15349056994963614
12,1497,1509,0.15350250161223652
12,1501,1513,0.15351384414791838
13,1499,1512,0.15352371146661375
14,1499,1513,0.15352991684516998
15,1494,1509,0.1535335915189562
14,1476,1490,0.1535341782367754
14,1484,1498,0.15353785081063911
15,1495,1510,0.15354156442646252
15,1509,1524,0.15354204646814879
14,1505,1519,0.1535428209366888
14,1505,1519,0.15354625059406918
14,1506,1520,0.15354956845251017
15,1500,1515,0.1535529150286486
17,1505,1522,0.15355302592031503
17,1511,1528,0.15354772443250664
18,1515,1533,0.15354314351331613
16,1516,1532,0.15353599271317633
16,1512,1528,0.1535342784229674
15,1515,1530,0.1535330309110799
15,1513,1528,0.1535343379817235
15,1511,1526,0.1535358627866078
15,1504,1519,0.15353644635399616
15,1501,1516,0.15353734416431467
16,1512,1528,0.1535385034785876
16,1513,1529,0.15353677177446395
16,1495,1511,0.1535354954959417
16,1505,1521,0.1535334928982018
14,1495,1509,0.1535320051070374
14,1484,1498,0.15353533471315786
14,1495,1509,0.15353877440717992
13,1492,1505,0.15354228726355112
12,1497,1509,0.15354816676078842
11,1506,1517,0.1535560867089952
10,1507,1517,0.15356587798003626
10,1505,1515,0.15357739480034296
11,1511,1522,0.15358829101301755
11,1527,1538,0.1535960772827958
13,1521,1534,0.15360334942862497
13,1522,1535,0.15360541961522486
13,1521,1534,0.15360758617862647
14,1504,1518,0.15360982171748078
14,1489,1503,0.15360914368216266
14,1492,1506,0.15360874813608558
12,1483,1495,0.15360859466339558
13,1490,1503,0.15361300531239888
13,1495,1508,0.1536150643567676
13,1485,1498,0.15361716480267215
13,1486,1499,0.15361928803999128
13,1502,1515,0.15362141813995697
12,1495,1507,0.153623541543159
12,1507,1519,0.15362786358415748
11,1504,1515,0.15363201805366372
11,1507,1518,0.15363822067422547
11,1510,1521,0.15364411934523653
12,1510,1522,0.1536497254253602
12,1520,1532,0.1536517748993849
12,1516,1528,0.15365386057330782
12,1514,1526,0.15365596463402592
13,1517,1530,0.1536580718640625
13,1509,1522,0.15365691569243747
11,1522,1533,0.15365604254244863
12,1506,1518,0.15365980415916014
13,1517,1530,0.15366118373744977
13,1511,1524,0.1536593833411562
13,1509,1522,0.1536579469308773
12,1514,1526,0.1536568277626549
12,1505,1517,0.1536581537261613
10,1493,1503,0.15365958537675037
10,1494,1504,0.15366573109544823
9,1514,1523,0.1536716251911764
9,1508,1517,0.15367996879827076
9,1509,1518,0.1536878529180326
8,1520,1528,0.15369419265713696
8,1505,1513,0.1537024691586478
10,1507,1517,0.15371037331747706
10,1507,1517,0.1537120885355473
10,1511,1521,0.15371395290697573
11,1518,1529,0.15371593297735522
11,1501,1512,0.15371549167242754
12,1505,1517,0.15371529927668232
12,1517,1529,0.15371215743696995
12,1513,1525,0.15370948522916641
12,1501,1513,0.1537072275465043
13,1497,1510,0.15370533516422158
13,1503,1516,0.153700553912849
13,1509,1522,0.15369635245454222
10,1504,1514,0.15369266800165807
12,1496,1508,0.15369602867922308
12,1488,1500,0.15369482486386096
12,1493,1505,0.15369390173434855
12,1498,1510,0.1536932223239157
11,1491,1502,0.15369275381946934
11,1505,1516,0.15369508524263692
11,1506,1517,0.15369736871490416
11,1506,1517,0.1536995981109792
10,1504,1514,0.1537017685463524
9,1494,1503,0.1537060175284921
10,1498,1508,0.15371222542153423
10,1513,1523,0.1537148375164121
10,1512,1522,0.15371744859796832
10,1511,1521,0.1537200434127992
9,1508,1517,0.1537226091132631
8,1509,1517,0.1537272808903922
10,1498,1508,0.1537346033351376
10,1497,1507,0.1537353921057804
10,1502,1512,0.15373633422446234
10,1484,1494,0.15373740099618458
9,1485,1494,0.15373856732841856
8,1497,1505,0.15374270178835053
9,1493,1502,0.1537487952974182
9,1497,1506,0.15375235793671302
9,1499,1508,0.1537557620431089
9,1495,1504,0.1537590115632814
10,1507,1517,0.15376211075682758
10,1493,1503,0.15376180879210635
9,1491,1500,0.1537616687458003
10,1489,1499,0.15376383637279972
10,1493,1503,0.1537637486847321
10,1502,1512,0.15376377864663798
11,1494,1505,0.153763908180931
11,1501,1512,0.15376085250868088
11,1502,1513,0.1537581720449304
12,1496,1508,0.15375582566107263
12,1505,1517,0.15375052980293336
12,1506,1518,0.1537458017831802
12,1492,1504,0.15374158343207697
12,1491,1503,0.15373782238913486
12,1504,1516,0.1537344715315916
12,1507,1519,0.15373148845860687
12,1501,1513,0.15372883502577392
12,1515,1527,0.1537264769250671
12,1503,1515,0.15372438330581797
12,1502,1514,0.15372252643273748
11,1504,1515,0.15372088137738715
11,1514,1525,0.15372160726357842
11,1514,1525,0.15372236678476078
12,1510,1522,0.15372315033908113
12,1505,1517,0.1537206730267443
12,1515,1527,0.15371851065160708
12,1497,1509,0.15371662812691433
11,1495,1506,0.15371499404335662
10,1502,1512,0.15371572522326526
10,1510,1520,0.15371866879501492
10,1497,1507,0.15372153198376806
10,1506,1516,0.15372431002822878
10,1515,1525,0.1537269993968934
10,1512,1522,0.15372756716263652
9,1505,1514,0.15372836292709338
9,1516,1525,0.1537315410221652
9,1519,1528,0.15373528642735526
9,1507,1516,0.15373894085933398
9,1505,1514,0.1537424964316587
9,1517,1526,0.15374594704745503
9,1512,1521,0.1537492881630952
9,1514,1523,0.15375251657863184
9,1508,1517,0.15375563025215924
9,1510,1519,0.15375862813556115
8,1501,1509,0.1537615100293655
8,1496,1504,0.15376654290631786
8,1506,1514,0.15377131417535705
8,1496,1504,0.153775835354422
8,1496,1504,0.15378011769144947
8,1508,1516,0.15378417213880274
8,1510,1518,0.15378800933333894
8,1505,1513,0.15379163958137687
8,1517,1525,0.1537950728479077
8,1511,1519,0.1537983187494691
8,1513,1521,0.1538013865501661
8,1511,1519,0.15380428516038522
8,1509,1517,0.1538070231377993
8,1506,1514,0.1538096086903088
7,1505,1512,0.15381204968060777
7,1495,1502,0.15381650873127317
7,1506,1513,0.15382070767024938
7,1511,1518,0.15382466118104637
7,1517,1524,0.1538283831680947
7,1520,1527,0.15383188679284868
7,1519,1526,0.15383518450880143
8,1521,1529,0.15383828809536934
7,1527,1534,0.1538380842725977
7,1513,1520,0.1538401757367935
7,1514,1521,0.15384222769875192
7,1513,1520,0.15384423394702043
7,1516,1523,0.1538461894914856
6,1507,1513,0.15384809040664094
6,1507,1513,0.1538521141025815
6,1512,1518,0.15385594398458668
6,1505,1511,0.1538595867844201
6,1507,1513,0.15386304932309539
6,1513,1519,0.15386633845648093
6,1509,1515,0.1538694610290076
5,1517,1522,0.15387242383451805
5,1509,1514,0.15387739405645165
4,1494,1498,0.1538820870038668
4,1487,1491,0.15388867194979214
4,1502,1506,0.153894877504271
4,1518,1522,0.15390072463385465
4,1516,1520,0.15390623323866706
4,1519,1523,0.15391142219670648
4,1506,1510,0.15391630940746967
4,1515,1519,0.15392091183474282
4,1523,1527,0.1539252455484316
4,1519,1523,0.15392932576532775
4,1524,1528,0.15393316688873238
4,1545,1549,0.15393678254687412
4,1532,1536,0.15394018563007794
4,1514,1518,0.1539433883266533
3,1512,1515,0.15394640215748445
3,1513,1516,0.1539514038170952
3,1507,1510,0.15395610671317672
3,1522,1525,0.1539605284575031
3,1506,1509,0.15396468564702548
3,1509,1512,0.15396859391998816
3,1509,1512,0.15397226800918473
3,1510,1513,0.15397572179247485
3,1507,1510,0.15397896834067848
2,1513,1515,0.15398201996296315
2,1503,1505,0.15398705468121146
2,1513,1515,0.15399178618857756
2,1514,1516,0.1539962326602122
2,1521,1523,0.1540004111901838
2,1523,1525,0.15400433785495743
2,1520,1522,0.15400802777322778
2,1520,1522,0.1540114951623082
2,1522,1524,0.15401475339126644
2,1513,1515,0.15401781503098813
2,1524,1526,0.15402069190133905
2,1529,1531,0.15402339511558985
2,1523,1525,0.15402593512225665
2,1513,1515,0.15402832174450348
2,1514,1516,0.15403056421724506
2,1522,1524,0.1540326712220799
2,1519,1521,0.1540346509201783
2,1512,1514,0.15403651098324145
2,1510,1512,0.1540382586226422
2,1517,1519,0.15403990061685247
2,1506,1508,0.15404144333725509
2,1509,1511,0.1540428927724343
2,1513,1515,0.15404425455103202
2,1512,1514,0.15404553396325388
3,1508,1511,0.15404673598110233
3,1508,1511,0.15404459376774446
2,1505,1507,0.15404268879222138
2,1506,1508,0.15404207028763284
2,1502,1504,0.1540416844156206
2,1504,1506,0.15404149811460813
2,1510,1512,0.15404148216775249
2,1511,1513,0.1540416107912959
2,1517,1519,0.15404186126519256
1,1518,1519,0.1540422136017682
1,1518,1519,0.15404535607937597
1,1532,1533,0.15404835109336087
1,1501,1502,0.1540512033679238
0,1511,1511,0.15405391775293825
