1371,28,1399,0.1388
1397,28,1425,0.1388
1413,33,1446,0.1388
1414,36,1450,0.1388
1430,36,1466,0.1388
1456,35,1491,0.1388
1457,39,1496,0.1388
1459,37,1496,0.1388
1464,37,1501,0.1388
1461,39,1500,0.1388
1457,39,1496,0.1388
1465,37,1502,0.1388
1471,37,1508,0.1388
1464,38,1502,0.1388
1462,38,1500,0.1388
1459,40,1499,0.1388
1464,39,1503,0.1388
1458,38,1496,0.1388
1461,36,1497,0.1388
1461,34,1495,0.1388
1455,35,1490,0.1388
1460,39,1499,0.1388
1460,42,1502,0.1388
1459,41,1500,0.1388
1460,38,1498,0.1388
1455,40,1495,0.1388
1465,42,1507,0.1388
1453,41,1494,0.1388
1457,42,1499,0.1388
1459,43,1502,0.1388
1452,44,1496,0.1388
1450,43,1493,0.1388
1464,44,1508,0.1388
1446,47,1493,0.1388
1433,48,1481,0.1388
1429,48,1477,0.1388
1440,48,1488,0.1388
1425,51,1476,0.1388
1440,52,1492,0.1388
1442,52,1494,0.1388
1449,52,1501,0.1388
1449,52,1501,0.1388
1450,51,1501,0.1388
1450,52,1502,0.1388
1437,51,1488,0.1388
1426,52,1478,0.1388
1430,53,1483,0.1388
1437,55,1492,0.1388
1439,56,1495,0.1388
1436,56,1492,0.1388
1434,55,1489,0.1388
1422,57,1479,0.1388
1430,57,1487,0.1388
1430,59,1489,0.1388
1427,57,1484,0.1388
1434,56,1490,0.1388
1442,55,1497,0.1388
1431,59,1490,0.1388
1421,59,1480,0.1388
1424,58,1482,0.1388
1424,59,1483,0.1388
1420,58,1478,0.1388
1432,61,1493,0.1388
1432,63,1495,0.1388
1429,64,1493,0.1388
1431,64,1495,0.1388
1422,66,1488,0.1388
1434,66,1500,0.1388
1435,63,1498,0.1388
1443,62,1505,0.1388
1430,63,1493,0.1388
1423,65,1488,0.1388
1428,63,1491,0.1388
1419,62,1481,0.1388
1419,62,1481,0.1388
1415,65,1480,0.1388
1438,65,1503,0.1388
1412,65,1477,0.1388
1413,67,1480,0.1388
1430,67,1497,0.1388
1437,66,1503,0.1388
1439,68,1507,0.1388
1431,66,1497,0.1388
1439,65,1504,0.1388
1428,67,1495,0.1388
1424,69,1493,0.1388
1435,68,1503,0.1388
1438,66,1504,0.1388
1442,69,1511,0.1388
1442,69,1511,0.1388
1438,68,1506,0.1388
1437,69,1506,0.1388
1436,69,1505,0.1388
1442,70,1512,0.1388
1445,69,1514,0.1388
1444,70,1514,0.1388
1435,72,1507,0.1388
1429,72,1501,0.1388
1436,74,1510,0.1388
1437,68,1505,0.1388
1431,67,1498,0.1388
1443,66,1509,0.1388
1426,68,1494,0.1388
1422,68,1490,0.1388
1430,67,1497,0.1388
1427,63,1490,0.1388
1427,64,1491,0.1388
1448,60,1508,0.1388
1438,63,1501,0.1388
1435,62,1497,0.1388
1423,66,1489,0.1388
1427,66,1493,0.1388
1436,65,1501,0.1388
1441,64,1505,0.1388
1434,68,1502,0.1388
1417,68,1485,0.1388
1414,64,1478,0.1388
1413,65,1478,0.1388
1424,64,1488,0.1388
1426,68,1494,0.1388
1433,67,1500,0.1388
1429,68,1497,0.1388
1416,68,1484,0.1388
1422,70,1492,0.1388
1422,74,1496,0.1388
1423,72,1495,0.1388
1426,70,1496,0.1388
1432,73,1505,0.1388
1428,72,1500,0.1388
1423,74,1497,0.1388
1422,73,1495,0.1388
1427,72,1499,0.1388
1434,70,1504,0.1388
1427,69,1496,0.1388
1429,68,1497,0.1388
1422,72,1494,0.1388
1409,72,1481,0.1388
1419,73,1492,0.1388
1432,73,1505,0.1388
1424,71,1495,0.1388
1406,72,1478,0.1388
1424,72,1496,0.1388
1425,74,1499,0.1388
1431,72,1503,0.1388
1433,73,1506,0.1388
1429,74,1503,0.1388
1433,74,1507,0.1388
1418,75,1493,0.1388
1408,75,1483,0.1388
1414,73,1487,0.1388
1426,72,1498,0.1388
1417,70,1487,0.1388
1424,73,1497,0.1388
1409,73,1482,0.1388
1417,73,1490,0.1388
1417,72,1489,0.1388
1409,73,1482,0.1388
1411,76,1487,0.1388
1391,80,1471,0.1388
1391,79,1470,0.1388
1401,79,1480,0.1388
1397,78,1475,0.1388
1399,78,1477,0.1388
1407,78,1485,0.1388
1403,77,1480,0.1388
1405,78,1483,0.1388
1403,80,1483,0.1388
1410,82,1492,0.1388
1405,86,1491,0.1388
1405,89,1494,0.1388
1398,89,1487,0.1388
1403,87,1490,0.1388
1399,84,1483,0.1388
1389,84,1473,0.1388
1397,80,1477,0.1388
1398,83,1481,0.1388
1403,88,1491,0.1388
1394,91,1485,0.1388
1397,93,1490,0.1388
1391,93,1484,0.1388
1394,93,1487,0.1388
1396,96,1492,0.1388
1402,101,1503,0.1388
1388,102,1490,0.1388
1392,102,1494,0.1388
1400,99,1499,0.1388
1395,98,1493,0.1388
1396,99,1495,0.1388
1396,101,1497,0.1388
1383,100,1483,0.1388
1371,103,1474,0.1388
1364,103,1467,0.1388
1367,106,1473,0.1388
1378,108,1486,0.1388
1381,106,1487,0.1388
1387,102,1489,0.1388
1375,105,1480,0.1388
1374,108,1482,0.1388
1378,106,1484,0.1388
1392,105,1497,0.1388
1386,107,1493,0.1388
1385,109,1494,0.1388
1387,109,1496,0.1388
1399,111,1510,0.1388
1390,107,1497,0.1388
1376,109,1485,0.1388
1379,112,1491,0.1388
1372,112,1484,0.1388
1370,114,1484,0.1388
1360,111,1471,0.1388
1370,109,1479,0.1388
1379,106,1485,0.1388
1373,106,1479,0.1388
1376,102,1478,0.1388
1389,103,1492,0.1388
1391,105,1496,0.1388
1396,105,1501,0.1388
1403,106,1509,0.1388
1400,106,1506,0.1388
1400,107,1507,0.1388
1389,108,1497,0.1388
1389,108,1497,0.1388
1387,111,1498,0.1388
1376,108,1484,0.1388
1378,109,1487,0.1388
1385,110,1495,0.1388
1392,111,1503,0.1388
1379,111,1490,0.1388
1382,109,1491,0.1388
1392,109,1501,0.1388
1378,111,1489,0.1388
1393,112,1505,0.1388
1396,112,1508,0.1388
1394,115,1509,0.1388
1400,114,1514,0.1388
1405,108,1513,0.1388
1393,112,1505,0.1388
1384,112,1496,0.1388
1388,115,1503,0.1388
1387,117,1504,0.1388
1381,115,1496,0.1388
1390,116,1506,0.1388
1401,112,1513,0.1388
1404,112,1516,0.1388
1391,110,1501,0.1388
1393,111,1504,0.1388
1399,112,1511,0.1388
1405,109,1514,0.1388
1390,110,1500,0.1388
1389,113,1502,0.1388
1380,111,1491,0.1388
1376,110,1486,0.1388
1375,110,1485,0.1388
1380,105,1485,0.1388
1384,107,1491,0.1388
1387,106,1493,0.1388
1397,108,1505,0.1388
1393,108,1501,0.1388
1387,106,1493,0.1388
1391,110,1501,0.1388
1390,110,1500,0.1388
1394,114,1508,0.1388
1390,115,1505,0.1388
1377,106,1483,0.1388
1384,105,1489,0.1388
1390,107,1497,0.1388
1387,106,1493,0.1388
1391,104,1495,0.1388
1395,106,1501,0.1388
1389,109,1498,0.1388
1382,107,1489,0.1388
1379,102,1481,0.1388
1387,103,1490,0.1388
1397,103,1500,0.1388
1396,103,1499,0.1388
1394,101,1495,0.1388
1400,102,1502,0.1388
1394,104,1498,0.1388
1393,102,1495,0.1388
1394,103,1497,0.1388
1392,101,1493,0.1388
1396,100,1496,0.1388
1392,102,1494,0.1388
1398,101,1499,0.1388
1399,99,1498,0.1388
1404,98,1502,0.1388
1401,98,1499,0.1388
1396,101,1497,0.1388
1406,103,1509,0.1388
1406,105,1511,0.1388
1393,103,1496,0.1388
1380,107,1487,0.1388
1389,108,1497,0.1388
1381,105,1486,0.1388
1391,104,1495,0.1388
1394,103,1497,0.1388
1397,100,1497,0.1388
1393,101,1494,0.1388
1378,101,1479,0.1388
1382,103,1485,0.1388
1373,105,1478,0.1388
1373,107,1480,0.1388
1375,109,1484,0.1388
1381,111,1492,0.1388
1389,113,1502,0.1388
1385,112,1497,0.1388
1387,113,1500,0.1388
1384,114,1498,0.1388
1394,122,1516,0.1388
1382,126,1508,0.1388
1378,121,1499,0.1388
1378,119,1497,0.1388
1376,121,1497,0.1388
1358,122,1480,0.1388
1366,121,1487,0.1388
1373,118,1491,0.1388
1361,118,1479,0.1388
1366,119,1485,0.1388
1377,118,1495,0.1388
1376,116,1492,0.1388
1376,117,1493,0.1388
1370,118,1488,0.1388
1382,120,1502,0.1388
1390,118,1508,0.1388
1399,120,1519,0.1388
1400,122,1522,0.1388
1392,119,1511,0.1388
1392,120,1512,0.1388
1387,121,1508,0.1388
1398,121,1519,0.1388
1381,121,1502,0.1388
1370,120,1490,0.1388
1366,119,1485,0.1388
1361,120,1481,0.1388
1368,119,1487,0.1388
1376,119,1495,0.1388
1370,118,1488,0.1388
1364,121,1485,0.1388
1371,122,1493,0.1388
1379,125,1504,0.1388
1379,125,1504,0.1388
1383,127,1510,0.1388
1392,125,1517,0.1388
1379,128,1507,0.1388
1370,126,1496,0.1388
1382,127,1509,0.1388
1371,130,1501,0.1388
1373,129,1502,0.1388
1371,128,1499,0.1388
1384,129,1513,0.1388
1371,132,1503,0.1388
1367,134,1501,0.1388
1367,134,1501,0.1388
1361,134,1495,0.1388
1352,134,1486,0.1388
1344,134,1478,0.1388
1343,132,1475,0.1388
1357,126,1483,0.1388
1352,127,1479,0.1388
1344,127,1471,0.1388
1361,131,1492,0.1388
1364,130,1494,0.1388
1365,131,1496,0.1388
1360,131,1491,0.1388
1371,130,1501,0.1388
1376,129,1505,0.1388
1367,130,1497,0.1388
1361,130,1491,0.1388
1356,133,1489,0.1388
1355,134,1489,0.1388
1344,135,1479,0.1388
1346,132,1478,0.1388
1342,137,1479,0.1388
1346,133,1479,0.1388
1353,132,1485,0.1388
1355,135,1490,0.1388
1343,132,1475,0.1388
1347,134,1481,0.1388
1350,138,1488,0.1388
1355,138,1493,0.1388
1354,139,1493,0.1388
1360,143,1503,0.1388
1364,142,1506,0.1388
1353,145,1498,0.1388
1361,140,1501,0.1388
1366,132,1498,0.1388
1362,137,1499,0.1388
1364,134,1498,0.1388
1366,133,1499,0.1388
1375,136,1511,0.1388
1375,137,1512,0.1388
1369,139,1508,0.1388
1375,141,1516,0.1388
1376,139,1515,0.1388
1355,142,1497,0.1388
1346,138,1484,0.1388
1347,140,1487,0.1388
1341,139,1480,0.1388
1340,142,1482,0.1388
1359,138,1497,0.1388
1355,137,1492,0.1388
1356,136,1492,0.1388
1373,136,1509,0.1388
1369,134,1503,0.1388
1364,131,1495,0.1388
1357,127,1484,0.1388
1366,131,1497,0.1388
1359,133,1492,0.1388
1359,134,1493,0.1388
1353,136,1489,0.1388
1351,138,1489,0.1388
1354,142,1496,0.1388
1356,143,1499,0.1388
1353,138,1491,0.1388
1348,141,1489,0.1388
1351,136,1487,0.1388
1361,138,1499,0.1388
1364,139,1503,0.1388
1364,140,1504,0.1388
1367,139,1506,0.1388
1346,138,1484,0.1388
1343,140,1483,0.1388
1351,143,1494,0.1388
1354,145,1499,0.1388
1369,144,1513,0.1388
1375,136,1511,0.1388
1371,143,1514,0.1388
1364,143,1507,0.1388
1358,143,1501,0.1388
1360,141,1501,0.1388
1359,146,1505,0.1388
1344,147,1491,0.1388
1347,149,1496,0.1388
1356,151,1507,0.1388
1340,148,1488,0.1388
1348,148,1496,0.1388
1346,151,1497,0.1388
1365,148,1513,0.1388
1352,145,1497,0.1388
1347,152,1499,0.1388
1343,154,1497,0.1388
1340,157,1497,0.1388
1350,153,1503,0.1388
1341,159,1500,0.1388
1346,158,1504,0.1388
1336,160,1496,0.1388
1335,161,1496,0.1388
1338,161,1499,0.1388
1322,161,1483,0.1388
1326,160,1486,0.1388
1319,154,1473,0.1388
1323,156,1479,0.1388
1324,152,1476,0.1388
1333,154,1487,0.1388
1339,157,1496,0.1388
1343,155,1498,0.1388
1339,154,1493,0.1388
1327,153,1480,0.1388
1335,152,1487,0.1388
1341,155,1496,0.1388
1340,158,1498,0.1388
1344,156,1500,0.1388
1347,157,1504,0.1388
1351,157,1508,0.1388
1347,155,1502,0.1388
1348,153,1501,0.1388
1350,154,1504,0.1388
1352,156,1508,0.1388
1343,158,1501,0.1388
1335,156,1491,0.1388
1342,157,1499,0.1388
1331,158,1489,0.1388
1338,161,1499,0.1388
1331,164,1495,0.1388
1334,158,1492,0.1388
1349,157,1506,0.1388
1334,156,1490,0.1388
1340,157,1497,0.1388
1335,159,1494,0.1388
1347,160,1507,0.1388
1335,162,1497,0.1388
1348,159,1507,0.1388
1350,161,1511,0.1388
1348,156,1504,0.1388
1339,156,1495,0.1388
1329,160,1489,0.1388
1326,156,1482,0.1388
1337,156,1493,0.1388
1342,155,1497,0.1388
1329,157,1486,0.1388
1340,156,1496,0.1388
1336,157,1493,0.1388
1323,154,1477,0.1388
1323,154,1477,0.1388
1329,158,1487,0.1388
1331,159,1490,0.1388
1319,159,1478,0.1388
1309,159,1468,0.1388
1304,161,1465,0.1388
1300,162,1462,0.1388
1298,165,1463,0.1388
1304,165,1469,0.1388
1308,170,1478,0.1388
1296,171,1467,0.1388
1316,170,1486,0.1388
1319,172,1491,0.1388
1320,176,1496,0.1388
1316,178,1494,0.1388
1312,181,1493,0.1388
1303,185,1488,0.1388
1313,184,1497,0.1388
1317,183,1500,0.1388
1317,183,1500,0.1388
1319,183,1502,0.1388
1322,180,1502,0.1388
1316,179,1495,0.1388
1322,177,1499,0.1388
1322,178,1500,0.1388
1328,178,1506,0.1388
1323,175,1498,0.1388
1317,177,1494,0.1388
1319,180,1499,0.1388
1320,183,1503,0.1388
1331,183,1514,0.1388
1327,180,1507,0.1388
1313,178,1491,0.1388
1310,181,1491,0.1388
1303,185,1488,0.1388
1306,179,1485,0.1388
1303,179,1482,0.1388
1314,180,1494,0.1388
1311,183,1494,0.1388
1324,182,1506,0.1388
1323,187,1510,0.1388
1320,187,1507,0.1388
1316,189,1505,0.1388
1313,193,1506,0.1388
1312,194,1506,0.1388
1303,196,1499,0.1388
1302,196,1498,0.1388
1302,190,1492,0.1388
1311,191,1502,0.1388
1307,191,1498,0.1388
1298,192,1490,0.1388
1297,197,1494,0.1388
1300,194,1494,0.1388
1283,203,1486,0.1388
1276,210,1486,0.1388
1277,203,1480,0.1388
1285,195,1480,0.1388
1306,197,1503,0.1388
1299,195,1494,0.1388
1308,197,1505,0.1388
1303,203,1506,0.1388
1294,205,1499,0.1388
1292,206,1498,0.1388
1304,205,1509,0.1388
1308,208,1516,0.1388
1309,206,1515,0.1388
1309,208,1517,0.1388
1311,209,1520,0.1388
1288,212,1500,0.1388
1301,212,1513,0.1388
1298,212,1510,0.1388
1297,214,1511,0.1388
1293,217,1510,0.1388
1293,214,1507,0.1388
1289,217,1506,0.1388
1285,220,1505,0.1388
1296,219,1515,0.1388
1298,223,1521,0.1388
1291,223,1514,0.1388
1282,223,1505,0.1388
1273,223,1496,0.1388
1274,225,1499,0.1388
1273,230,1503,0.1388
1269,230,1499,0.1388
1268,229,1497,0.1388
1279,232,1511,0.1388
1266,232,1498,0.1388
1269,236,1505,0.1388
1273,236,1509,0.1388
1272,230,1502,0.1388
1258,237,1495,0.1388
1256,238,1494,0.1388
1265,242,1507,0.1388
1270,241,1511,0.1388
1264,241,1505,0.1388
1241,250,1491,0.1388
1243,251,1494,0.1388
1251,258,1509,0.1388
1249,252,1501,0.1388
1245,256,1501,0.1388
1255,256,1511,0.1388
1247,250,1497,0.1388
1240,245,1485,0.1388
1239,248,1487,0.1388
1236,241,1477,0.1388
1244,244,1488,0.1388
1245,244,1489,0.1388
1246,247,1493,0.1388
1244,243,1487,0.1388
1234,238,1472,0.1388
1255,237,1492,0.1388
1263,246,1509,0.1388
1258,246,1504,0.1388
1249,248,1497,0.1388
1253,253,1506,0.1388
1242,252,1494,0.1388
1252,249,1501,0.1388
1254,248,1502,0.1388
1253,250,1503,0.1388
1254,251,1505,0.1388
1255,255,1510,0.1388
1256,257,1513,0.1388
1254,258,1512,0.1388
1233,259,1492,0.1388
1232,259,1491,0.1388
1234,263,1497,0.1388
1230,261,1491,0.1388
1238,265,1503,0.1388
1231,267,1498,0.1388
1240,271,1511,0.1388
1227,272,1499,0.1388
1227,273,1500,0.1388
1224,275,1499,0.1388
1223,278,1501,0.1388
1218,278,1496,0.1388
1218,279,1497,0.1388
1221,270,1491,0.1388
1219,263,1482,0.1388
1215,266,1481,0.1388
1219,268,1487,0.1388
1212,265,1477,0.1388
1218,268,1486,0.1388
1231,266,1497,0.1388
1242,268,1510,0.1388
1232,275,1507,0.1388
1236,273,1509,0.1388
1224,269,1493,0.1388
1230,267,1497,0.1388
1224,275,1499,0.1388
1231,279,1510,0.1388
1226,279,1505,0.1388
1224,277,1501,0.1388
1228,274,1502,0.1388
1221,270,1491,0.1388
1218,271,1489,0.1388
1228,275,1503,0.1388
1231,276,1507,0.1388
1225,285,1510,0.1388
1220,282,1502,0.1388
1220,287,1507,0.1388
1210,282,1492,0.1388
1220,283,1503,0.1388
1226,281,1507,0.1388
1233,282,1515,0.1388
1229,287,1516,0.1388
1218,289,1507,0.1388
1228,290,1518,0.1388
1218,288,1506,0.1388
1220,286,1506,0.1388
1226,287,1513,0.1388
1228,290,1518,0.1388
1227,288,1515,0.1388
1222,286,1508,0.1388
1220,289,1509,0.1388
1213,290,1503,0.1388
1214,289,1503,0.1388
1208,286,1494,0.1388
1198,287,1485,0.1388
1189,294,1483,0.1388
1200,292,1492,0.1388
1211,295,1506,0.1388
1212,295,1507,0.1388
1206,288,1494,0.1388
1208,294,1502,0.1388
1203,293,1496,0.1388
1196,293,1489,0.1388
1202,295,1497,0.1388
1206,297,1503,0.1388
1209,291,1500,0.1388
1228,286,1514,0.1388
1223,284,1507,0.1388
1239,277,1516,0.1388
1236,278,1514,0.1388
1217,279,1496,0.1388
1212,289,1501,0.1388
1209,293,1502,0.1388
1215,296,1511,0.1388
1225,297,1522,0.1388
1217,293,1510,0.1388
1212,293,1505,0.1388
1218,290,1508,0.1388
1213,287,1500,0.1388
1218,286,1504,0.1388
1223,290,1513,0.1388
1224,289,1513,0.1388
1214,293,1507,0.1388
1216,295,1511,0.1388
1207,295,1502,0.1388
1213,298,1511,0.1388
1221,296,1517,0.1388
1218,299,1517,0.1388
1218,303,1521,0.1388
1215,306,1521,0.1388
1207,299,1506,0.1388
1212,293,1505,0.1388
1197,290,1487,0.1388
1193,297,1490,0.1388
1193,304,1497,0.1388
1185,311,1496,0.1388
1173,308,1481,0.1388
1161,308,1469,0.1388
1168,313,1481,0.1388
1178,310,1488,0.1388
1189,312,1501,0.1388
1197,316,1513,0.1388
1204,311,1515,0.1388
1194,315,1509,0.1388
1201,310,1511,0.1388
1189,323,1512,0.1388
1169,319,1488,0.1388
1164,318,1482,0.1388
1172,327,1499,0.1388
1173,329,1502,0.1388
1174,328,1502,0.1388
1186,324,1510,0.1388
1185,324,1509,0.1388
1184,335,1519,0.1388
1181,334,1515,0.1388
1172,334,1506,0.1388
1165,334,1499,0.1388
1165,333,1498,0.1388
1155,332,1487,0.1388
1165,334,1499,0.1388
1183,336,1519,0.1388
1183,338,1521,0.1388
1177,331,1508,0.1388
1178,327,1505,0.1388
1176,325,1501,0.1388
1175,330,1505,0.1388
1177,324,1501,0.1388
1170,326,1496,0.1388
1172,328,1500,0.1388
1162,335,1497,0.1388
1154,333,1487,0.1388
1161,340,1501,0.1388
1156,343,1499,0.1388
1152,341,1493,0.1388
1158,337,1495,0.1388
1156,342,1498,0.1388
1152,340,1492,0.1388
1144,342,1486,0.1388
1134,348,1482,0.1388
1134,343,1477,0.1388
1131,347,1478,0.1388
1133,341,1474,0.1388
1143,344,1487,0.1388
1146,342,1488,0.1388
1148,346,1494,0.1388
1140,348,1488,0.1388
1139,346,1485,0.1388
1150,345,1495,0.1388
1148,343,1491,0.1388
1151,344,1495,0.1388
1144,346,1490,0.1388
1139,344,1483,0.1388
1151,347,1498,0.1388
1158,353,1511,0.1388
1145,347,1492,0.1388
1139,350,1489,0.1388
1138,340,1478,0.1388
1138,342,1480,0.1388
1147,346,1493,0.1388
1139,350,1489,0.1388
1139,354,1493,0.1388
1138,356,1494,0.1388
1145,352,1497,0.1388
1149,359,1508,0.1388
1146,355,1501,0.1388
1140,357,1497,0.1388
1134,356,1490,0.1388
1134,351,1485,0.1388
1130,353,1483,0.1388
1139,366,1505,0.1388
1136,367,1503,0.1388
1137,368,1505,0.1388
1139,369,1508,0.1388
1135,364,1499,0.1388
1138,366,1504,0.1388
1129,373,1502,0.1388
1120,375,1495,0.1388
1122,375,1497,0.1388
1125,381,1506,0.1388
1124,376,1500,0.1388
1132,380,1512,0.1388
1132,377,1509,0.1388
1120,378,1498,0.1388
1126,380,1506,0.1388
1135,378,1513,0.1388
1128,382,1510,0.1388
1117,379,1496,0.1388
1097,372,1469,0.1388
1094,370,1464,0.1388
1101,372,1473,0.1388
1099,378,1477,0.1388
1097,389,1486,0.1388
1099,387,1486,0.1388
1102,387,1489,0.1388
1113,388,1501,0.1388
1119,386,1505,0.1388
1110,388,1498,0.1388
1116,387,1503,0.1388
1126,381,1507,0.1388
1127,385,1512,0.1388
1117,390,1507,0.1388
1115,389,1504,0.1388
1117,382,1499,0.1388
1112,385,1497,0.1388
1106,383,1489,0.1388
1102,384,1486,0.1388
1113,388,1501,0.1388
1112,390,1502,0.1388
1115,393,1508,0.1388
1101,386,1487,0.1388
1111,389,1500,0.1388
1105,388,1493,0.1388
1118,390,1508,0.1388
1127,389,1516,0.1388
1128,387,1515,0.1388
1125,389,1514,0.1388
1126,384,1510,0.1388
1125,384,1509,0.1388
1126,386,1512,0.1388
1108,383,1491,0.1388
1103,388,1491,0.1388
1099,390,1489,0.1388
1104,394,1498,0.1388
1104,394,1498,0.1388
1103,393,1496,0.1388
1096,391,1487,0.1388
1094,400,1494,0.1388
1093,397,1490,0.1388
1085,397,1482,0.1388
1095,398,1493,0.1388
1108,390,1498,0.1388
1112,386,1498,0.1388
1115,386,1501,0.1388
1115,390,1505,0.1388
1109,397,1506,0.1388
1102,401,1503,0.1388
1102,400,1502,0.1388
1096,402,1498,0.1388
1093,400,1493,0.1388
1109,398,1507,0.1388
1108,403,1511,0.1388
1105,401,1506,0.1388
1108,401,1509,0.1388
1106,402,1508,0.1388
1093,401,1494,0.1388
1098,403,1501,0.1388
1098,405,1503,0.1388
1087,413,1500,0.1388
1094,408,1502,0.1388
1085,413,1498,0.1388
1077,415,1492,0.1388
1067,409,1476,0.1388
1076,408,1484,0.1388
1088,407,1495,0.1388
1093,403,1496,0.1388
1081,405,1486,0.1388
1085,403,1488,0.1388
1079,399,1478,0.1388
1093,401,1494,0.1388
1098,406,1504,0.1388
1097,409,1506,0.1388
1100,402,1502,0.1388
1095,403,1498,0.1388
1096,411,1507,0.1388
1090,407,1497,0.1388
1107,411,1518,0.1388
1089,411,1500,0.1388
1095,410,1505,0.1388
1095,415,1510,0.1388
1093,419,1512,0.1388
1083,423,1506,0.1388
1080,424,1504,0.1388
1073,425,1498,0.1388
1087,419,1506,0.1388
1084,421,1505,0.1388
1081,420,1501,0.1388
1069,416,1485,0.1388
1074,416,1490,0.1388
1072,410,1482,0.1388
1079,415,1494,0.1388
1082,411,1493,0.1388
1082,417,1499,0.1388
1086,423,1509,0.1388
1092,423,1515,0.1388
1087,426,1513,0.1388
1088,425,1513,0.1388
1079,422,1501,0.1388
1081,424,1505,0.1388
1065,425,1490,0.1388
1063,427,1490,0.1388
1064,420,1484,0.1388
1061,425,1486,0.1388
1066,427,1493,0.1388
1063,431,1494,0.1388
1054,429,1483,0.1388
1064,433,1497,0.1388
1056,443,1499,0.1388
1050,439,1489,0.1388
1063,438,1501,0.1388
1062,439,1501,0.1388
1051,437,1488,0.1388
1059,443,1502,0.1388
1061,445,1506,0.1388
1055,445,1500,0.1388
1048,450,1498,0.1388
1044,447,1491,0.1388
1049,451,1500,0.1388
1038,447,1485,0.1388
1049,451,1500,0.1388
1058,451,1509,0.1388
1059,452,1511,0.1388
1062,458,1520,0.1388
1043,459,1502,0.1388
1041,461,1502,0.1388
1038,462,1500,0.1388
1043,459,1502,0.1388
1033,458,1491,0.1388
1032,458,1490,0.1388
1033,456,1489,0.1388
1038,462,1500,0.1388
1029,464,1493,0.1388
1050,464,1514,0.1388
1050,465,1515,0.1388
1053,468,1521,0.1388
1044,458,1502,0.1388
1040,465,1505,0.1388
1043,462,1505,0.1388
1051,454,1505,0.1388
1039,460,1499,0.1388
1043,457,1500,0.1388
1037,463,1500,0.1388
1032,458,1490,0.1388
1030,459,1489,0.1388
1041,465,1506,0.1388
1043,465,1508,0.1388
1043,461,1504,0.1388
1042,455,1497,0.1388
1029,459,1488,0.1388
1029,460,1489,0.1388
1030,467,1497,0.1388
1032,467,1499,0.1388
1025,471,1496,0.1388
1024,470,1494,0.1388
1021,475,1496,0.1388
1020,473,1493,0.1388
1018,477,1495,0.1388
1019,479,1498,0.1388
1020,483,1503,0.1388
1018,485,1503,0.1388
1012,486,1498,0.1388
1014,489,1503,0.1388
1017,477,1494,0.1388
1006,476,1482,0.1388
1004,487,1491,0.1388
1009,481,1490,0.1388
1006,475,1481,0.1388
1007,480,1487,0.1388
1000,481,1481,0.1388
1017,482,1499,0.1388
1012,481,1493,0.1388
1016,481,1497,0.1388
1022,479,1501,0.1388
1021,489,1510,0.1388
1010,490,1500,0.1388
1006,488,1494,0.1388
1001,491,1492,0.1388
1002,493,1495,0.1388
1000,495,1495,0.1388
995,496,1491,0.1388
998,490,1488,0.1388
993,486,1479,0.1388
998,485,1483,0.1388
1009,481,1490,0.1388
1010,478,1488,0.1388
1002,481,1483,0.1388
995,484,1479,0.1388
999,481,1480,0.1388
1006,491,1497,0.1388
1015,487,1502,0.1388
1005,491,1496,0.1388
1007,495,1502,0.1388
1005,497,1502,0.1388
1002,495,1497,0.1388
1013,498,1511,0.1388
1019,500,1519,0.1388
1008,502,1510,0.1388
1011,502,1513,0.1388
1009,503,1512,0.1388
1004,508,1512,0.1388
1004,509,1513,0.1388
998,513,1511,0.1388
994,509,1503,0.1388
992,505,1497,0.1388
1002,508,1510,0.1388
1002,512,1514,0.1388
1000,507,1507,0.1388
989,509,1498,0.1388
988,513,1501,0.1388
998,528,1526,0.1388
978,521,1499,0.1388
981,522,1503,0.1388
972,520,1492,0.1388
974,523,1497,0.1388
983,518,1501,0.1388
985,518,1503,0.1388
972,517,1489,0.1388
983,521,1504,0.1388
981,526,1507,0.1388
971,525,1496,0.1388
972,521,1493,0.1388
972,534,1506,0.1388
974,534,1508,0.1388
975,538,1513,0.1388
961,545,1506,0.1388
958,541,1499,0.1388
956,544,1500,0.1388
958,544,1502,0.1388
959,558,1517,0.1388
959,551,1510,0.1388
959,548,1507,0.1388
955,543,1498,0.1388
959,555,1514,0.1388
949,553,1502,0.1388
952,560,1512,0.1388
949,557,1506,0.1388
951,561,1512,0.1388
946,563,1509,0.1388
945,557,1502,0.1388
946,558,1504,0.1388
951,558,1509,0.1388
957,558,1515,0.1388
943,565,1508,0.1388
936,571,1507,0.1388
929,573,1502,0.1388
924,580,1504,0.1388
925,578,1503,0.1388
916,567,1483,0.1388
914,561,1475,0.1388
924,565,1489,0.1388
909,574,1483,0.1388
907,563,1470,0.1388
917,573,1490,0.1388
921,573,1494,0.1388
924,572,1496,0.1388
932,572,1504,0.1388
933,579,1512,0.1388
922,579,1501,0.1388
930,582,1512,0.1388
921,593,1514,0.1388
929,595,1524,0.1388
921,597,1518,0.1388
928,584,1512,0.1388
929,586,1515,0.1388
920,587,1507,0.1388
922,589,1511,0.1388
926,591,1517,0.1388
926,591,1517,0.1388
925,593,1518,0.1388
915,590,1505,0.1388
931,590,1521,0.1388
922,592,1514,0.1388
917,592,1509,0.1388
912,592,1504,0.1388
916,590,1506,0.1388
901,586,1487,0.1388
901,590,1491,0.1388
900,598,1498,0.1388
902,597,1499,0.1388
908,598,1506,0.1388
911,603,1514,0.1388
910,599,1509,0.1388
900,601,1501,0.1388
909,602,1511,0.1388
911,607,1518,0.1388
906,603,1509,0.1388
910,596,1506,0.1388
906,594,1500,0.1388
903,603,1506,0.1388
897,593,1490,0.1388
895,605,1500,0.1388
891,609,1500,0.1388
885,606,1491,0.1388
873,607,1480,0.1388
888,610,1498,0.1388
876,615,1491,0.1388
876,618,1494,0.1388
868,613,1481,0.1388
883,616,1499,0.1388
885,624,1509,0.1388
885,621,1506,0.1388
882,624,1506,0.1388
885,615,1500,0.1388
881,613,1494,0.1388
879,621,1500,0.1388
888,610,1498,0.1388
885,618,1503,0.1388
870,620,1490,0.1388
883,622,1505,0.1388
883,631,1514,0.1388
875,629,1504,0.1388
886,625,1511,0.1388
878,626,1504,0.1388
879,629,1508,0.1388
877,625,1502,0.1388
862,629,1491,0.1388
870,621,1491,0.1388
877,624,1501,0.1388
883,623,1506,0.1388
880,621,1501,0.1388
879,624,1503,0.1388
879,626,1505,0.1388
878,634,1512,0.1388
876,628,1504,0.1388
871,631,1502,0.1388
870,628,1498,0.1388
872,629,1501,0.1388
868,621,1489,0.1388
856,622,1478,0.1388
860,628,1488,0.1388
868,630,1498,0.1388
865,630,1495,0.1388
866,634,1500,0.1388
873,632,1505,0.1388
862,632,1494,0.1388
863,624,1487,0.1388
857,629,1486,0.1388
857,628,1485,0.1388
853,633,1486,0.1388
862,642,1504,0.1388
862,646,1508,0.1388
864,641,1505,0.1388
855,637,1492,0.1388
860,640,1500,0.1388
864,645,1509,0.1388
856,651,1507,0.1388
850,650,1500,0.1388
846,646,1492,0.1388
854,654,1508,0.1388
845,653,1498,0.1388
847,649,1496,0.1388
859,655,1514,0.1388
852,654,1506,0.1388
845,660,1505,0.1388
858,655,1513,0.1388
864,651,1515,0.1388
863,656,1519,0.1388
858,656,1514,0.1388
855,660,1515,0.1388
850,667,1517,0.1388
846,671,1517,0.1388
833,665,1498,0.1388
837,667,1504,0.1388
835,661,1496,0.1388
833,658,1491,0.1388
836,657,1493,0.1388
842,669,1511,0.1388
835,673,1508,0.1388
832,671,1503,0.1388
829,667,1496,0.1388
826,665,1491,0.1388
811,671,1482,0.1388
809,673,1482,0.1388
811,674,1485,0.1388
817,666,1483,0.1388
818,662,1480,0.1388
820,669,1489,0.1388
821,668,1489,0.1388
821,672,1493,0.1388
831,674,1505,0.1388
833,671,1504,0.1388
843,678,1521,0.1388
838,671,1509,0.1388
837,670,1507,0.1388
845,671,1516,0.1388
840,674,1514,0.1388
829,669,1498,0.1388
827,664,1491,0.1388
831,662,1493,0.1388
835,666,1501,0.1388
831,671,1502,0.1388
817,677,1494,0.1388
820,687,1507,0.1388
819,684,1503,0.1388
807,686,1493,0.1388
820,693,1513,0.1388
806,697,1503,0.1388
815,692,1507,0.1388
806,690,1496,0.1388
806,692,1498,0.1388
808,690,1498,0.1388
807,689,1496,0.1388
808,686,1494,0.1388
811,681,1492,0.1388
811,684,1495,0.1388
807,693,1500,0.1388
808,693,1501,0.1388
809,694,1503,0.1388
811,707,1518,0.1388
815,698,1513,0.1388
817,692,1509,0.1388
815,692,1507,0.1388
812,692,1504,0.1388
820,691,1511,0.1388
827,703,1530,0.1388
821,701,1522,0.1388
819,704,1523,0.1388
822,703,1525,0.1388
816,687,1503,0.1388
807,702,1509,0.1388
807,696,1503,0.1388
801,707,1508,0.1388
807,707,1514,0.1388
794,708,1502,0.1388
797,708,1505,0.1388
793,707,1500,0.1388
790,710,1500,0.1388
786,718,1504,0.1388
789,720,1509,0.1388
798,717,1515,0.1388
794,717,1511,0.1388
789,720,1509,0.1388
780,733,1513,0.1388
774,739,1513,0.1388
778,738,1516,0.1388
782,732,1514,0.1388
787,726,1513,0.1388
782,730,1512,0.1388
776,727,1503,0.1388
771,730,1501,0.1388
782,730,1512,0.1388
785,717,1502,0.1388
790,716,1506,0.1388
780,722,1502,0.1388
790,721,1511,0.1388
780,716,1496,0.1388
770,725,1495,0.1388
762,726,1488,0.1388
752,731,1483,0.1388
756,737,1493,0.1388
761,746,1507,0.1388
758,746,1504,0.1388
765,743,1508,0.1388
769,742,1511,0.1388
769,749,1518,0.1388
756,745,1501,0.1388
750,741,1491,0.1388
755,745,1500,0.1388
764,740,1504,0.1388
756,738,1494,0.1388
748,742,1490,0.1388
750,755,1505,0.1388
753,755,1508,0.1388
758,756,1514,0.1388
769,746,1515,0.1388
765,731,1496,0.1388
765,734,1499,0.1388
762,748,1510,0.1388
751,752,1503,0.1388
751,750,1501,0.1388
751,754,1505,0.1388
753,763,1516,0.1388
749,753,1502,0.1388
749,750,1499,0.1388
752,753,1505,0.1388
754,765,1519,0.1388
743,773,1516,0.1388
732,777,1509,0.1388
736,780,1516,0.1388
731,769,1500,0.1388
733,772,1505,0.1388
740,775,1515,0.1388
731,770,1501,0.1388
731,764,1495,0.1388
725,769,1494,0.1388
723,754,1477,0.1388
723,749,1472,0.1388
726,751,1477,0.1388
733,762,1495,0.1388
730,772,1502,0.1388
729,773,1502,0.1388
737,773,1510,0.1388
727,776,1503,0.1388
718,779,1497,0.1388
717,780,1497,0.1388
723,790,1513,0.1388
721,795,1516,0.1388
724,791,1515,0.1388
717,779,1496,0.1388
717,778,1495,0.1388
720,773,1493,0.1388
718,779,1497,0.1388
716,776,1492,0.1388
715,774,1489,0.1388
716,784,1500,0.1388
723,778,1501,0.1388
722,779,1501,0.1388
734,779,1513,0.1388
737,784,1521,0.1388
734,791,1525,0.1388
730,790,1520,0.1388
726,795,1521,0.1388
704,783,1487,0.1388
704,793,1497,0.1388
709,796,1505,0.1388
715,798,1513,0.1388
710,789,1499,0.1388
711,791,1502,0.1388
696,803,1499,0.1388
693,801,1494,0.1388
691,786,1477,0.1388
688,791,1479,0.1388
688,794,1482,0.1388
693,791,1484,0.1388
693,810,1503,0.1388
682,814,1496,0.1388
683,815,1498,0.1388
685,816,1501,0.1388
692,821,1513,0.1388
691,823,1514,0.1388
688,822,1510,0.1388
689,829,1518,0.1388
691,829,1520,0.1388
682,820,1502,0.1388
680,823,1503,0.1388
686,829,1515,0.1388
689,826,1515,0.1388
691,807,1498,0.1388
690,818,1508,0.1388
693,807,1500,0.1388
693,812,1505,0.1388
686,819,1505,0.1388
694,812,1506,0.1388
695,814,1509,0.1388
693,810,1503,0.1388
693,816,1509,0.1388
687,817,1504,0.1388
689,819,1508,0.1388
685,831,1516,0.1388
686,828,1514,0.1388
691,834,1525,0.1388
681,840,1521,0.1388
684,847,1531,0.1388
677,846,1523,0.1388
674,839,1513,0.1388
667,842,1509,0.1388
662,848,1510,0.1388
663,850,1513,0.1388
658,847,1505,0.1388
666,849,1515,0.1388
653,845,1498,0.1388
659,850,1509,0.1388
660,843,1503,0.1388
659,850,1509,0.1388
646,848,1494,0.1388
642,849,1491,0.1388
654,854,1508,0.1388
656,844,1500,0.1388
657,848,1505,0.1388
656,856,1512,0.1388
641,852,1493,0.1388
635,860,1495,0.1388
642,849,1491,0.1388
640,841,1481,0.1388
648,838,1486,0.1388
649,853,1502,0.1388
648,854,1502,0.1388
643,868,1511,0.1388
641,863,1504,0.1388
634,869,1503,0.1388
634,872,1506,0.1388
634,881,1515,0.1388
632,864,1496,0.1388
629,863,1492,0.1388
631,871,1502,0.1388
623,874,1497,0.1388
623,874,1497,0.1388
623,868,1491,0.1388
618,881,1499,0.1388
618,882,1500,0.1388
624,886,1510,0.1388
629,890,1519,0.1388
623,883,1506,0.1388
617,886,1503,0.1388
609,900,1509,0.1388
609,908,1517,0.1388
609,914,1523,0.1388
604,908,1512,0.1388
602,914,1516,0.1388
602,914,1516,0.1388
594,916,1510,0.1388
589,929,1518,0.1388
594,919,1513,0.1388
585,917,1502,0.1388
583,922,1505,0.1388
593,920,1513,0.1388
589,922,1511,0.1388
590,914,1504,0.1388
589,917,1506,0.1388
594,928,1522,0.1388
597,917,1514,0.1388
597,927,1524,0.1388
600,916,1516,0.1388
597,925,1522,0.1388
598,924,1522,0.1388
589,926,1515,0.1388
588,937,1525,0.1388
590,934,1524,0.1388
582,931,1513,0.1388
589,929,1518,0.1388
588,923,1511,0.1388
586,929,1515,0.1388
590,939,1529,0.1388
590,944,1534,0.1388
582,944,1526,0.1388
575,946,1521,0.1388
577,950,1527,0.1388
580,942,1522,0.1388
576,939,1515,0.1388
571,940,1511,0.1388
581,935,1516,0.1388
570,933,1503,0.1388
571,940,1511,0.1388
567,940,1507,0.1388
577,933,1510,0.1388
576,930,1506,0.1388
573,926,1499,0.1388
570,928,1498,0.1388
571,939,1510,0.1388
580,931,1511,0.1388
573,934,1507,0.1388
566,932,1498,0.1388
564,929,1493,0.1388
559,939,1498,0.1388
559,941,1500,0.1388
563,936,1499,0.1388
558,946,1504,0.1388
553,943,1496,0.1388
557,945,1502,0.1388
554,950,1504,0.1388
550,945,1495,0.1388
548,950,1498,0.1388
555,939,1494,0.1388
551,940,1491,0.1388
548,952,1500,0.1388
547,956,1503,0.1388
550,970,1520,0.1388
546,962,1508,0.1388
552,965,1517,0.1388
553,965,1518,0.1388
555,963,1518,0.1388
542,972,1514,0.1388
533,966,1499,0.1388
534,970,1504,0.1388
542,978,1520,0.1388
541,983,1524,0.1388
528,968,1496,0.1388
526,966,1492,0.1388
529,972,1501,0.1388
526,964,1490,0.1388
522,973,1495,0.1388
516,979,1495,0.1388
518,992,1510,0.1388
518,992,1510,0.1388
520,982,1502,0.1388
521,1002,1523,0.1388
510,1007,1517,0.1388
516,1007,1523,0.1388
518,996,1514,0.1388
524,1004,1528,0.1388
520,1012,1532,0.1388
511,1002,1513,0.1388
511,1005,1516,0.1388
516,997,1513,0.1388
510,992,1502,0.1388
510,988,1498,0.1388
516,988,1504,0.1388
511,994,1505,0.1388
523,991,1514,0.1388
512,992,1504,0.1388
510,979,1489,0.1388
500,984,1484,0.1388
501,989,1490,0.1388
501,999,1500,0.1388
496,1002,1498,0.1388
505,1007,1512,0.1388
503,1012,1515,0.1388
502,1019,1521,0.1388
499,1018,1517,0.1388
496,1011,1507,0.1388
503,1007,1510,0.1388
497,1001,1498,0.1388
497,1004,1501,0.1388
496,1007,1503,0.1388
489,1010,1499,0.1388
488,1012,1500,0.1388
486,1003,1489,0.1388
485,1009,1494,0.1388
493,1013,1506,0.1388
485,1016,1501,0.1388
487,1015,1502,0.1388
492,1012,1504,0.1388
495,1014,1509,0.1388
493,1018,1511,0.1388
490,1014,1504,0.1388
489,1015,1504,0.1388
482,1018,1500,0.1388
487,1017,1504,0.1388
483,1022,1505,0.1388
480,1026,1506,0.1388
477,1031,1508,0.1388
474,1032,1506,0.1388
482,1030,1512,0.1388
475,1021,1496,0.1388
471,1025,1496,0.1388
477,1034,1511,0.1388
474,1032,1506,0.1388
478,1035,1513,0.1388
477,1038,1515,0.1388
473,1040,1513,0.1388
467,1034,1501,0.1388
472,1030,1502,0.1388
466,1033,1499,0.1388
462,1042,1504,0.1388
468,1047,1515,0.1388
465,1047,1512,0.1388
469,1040,1509,0.1388
464,1039,1503,0.1388
462,1036,1498,0.1388
468,1035,1503,0.1388
464,1031,1495,0.1388
460,1046,1506,0.1388
458,1044,1502,0.1388
462,1046,1508,0.1388
463,1030,1493,0.1388
470,1042,1512,0.1388
466,1048,1514,0.1388
464,1059,1523,0.1388
456,1051,1507,0.1388
450,1046,1496,0.1388
451,1048,1499,0.1388
457,1038,1495,0.1388
456,1040,1496,0.1388
452,1049,1501,0.1388
451,1048,1499,0.1388
452,1052,1504,0.1388
454,1057,1511,0.1388
454,1064,1518,0.1388
447,1057,1504,0.1388
453,1069,1522,0.1388
451,1057,1508,0.1388
454,1070,1524,0.1388
443,1070,1513,0.1388
441,1072,1513,0.1388
439,1078,1517,0.1388
436,1061,1497,0.1388
438,1071,1509,0.1388
443,1076,1519,0.1388
447,1071,1518,0.1388
445,1073,1518,0.1388
439,1071,1510,0.1388
438,1069,1507,0.1388
440,1072,1512,0.1388
434,1077,1511,0.1388
442,1071,1513,0.1388
445,1063,1508,0.1388
438,1067,1505,0.1388
444,1054,1498,0.1388
446,1068,1514,0.1388
440,1063,1503,0.1388
437,1067,1504,0.1388
436,1067,1503,0.1388
433,1072,1505,0.1388
434,1067,1501,0.1388
434,1061,1495,0.1388
441,1065,1506,0.1388
446,1074,1520,0.1388
449,1073,1522,0.1388
446,1076,1522,0.1388
441,1063,1504,0.1388
439,1066,1505,0.1388
439,1076,1515,0.1388
432,1081,1513,0.1388
430,1081,1511,0.1388
420,1072,1492,0.1388
418,1090,1508,0.1388
414,1090,1504,0.1388
417,1090,1507,0.1388
418,1094,1512,0.1388
417,1084,1501,0.1388
413,1089,1502,0.1388
415,1088,1503,0.1388
415,1088,1503,0.1388
409,1092,1501,0.1388
406,1094,1500,0.1388
416,1092,1508,0.1388
417,1098,1515,0.1388
413,1101,1514,0.1388
412,1099,1511,0.1388
416,1100,1516,0.1388
413,1113,1526,0.1388
409,1115,1524,0.1388
408,1118,1526,0.1388
404,1121,1525,0.1388
404,1115,1519,0.1388
408,1123,1531,0.1388
400,1112,1512,0.1388
388,1115,1503,0.1388
396,1123,1519,0.1388
397,1116,1513,0.1388
391,1123,1514,0.1388
385,1122,1507,0.1388
385,1131,1516,0.1388
386,1131,1517,0.1388
391,1124,1515,0.1388
393,1131,1524,0.1388
399,1136,1535,0.1388
397,1130,1527,0.1388
396,1136,1532,0.1388
399,1123,1522,0.1388
398,1131,1529,0.1388
401,1136,1537,0.1388
395,1137,1532,0.1388
391,1144,1535,0.1388
384,1138,1522,0.1388
382,1137,1519,0.1388
374,1135,1509,0.1388
373,1140,1513,0.1388
374,1135,1509,0.1388
371,1141,1512,0.1388
372,1132,1504,0.1388
371,1133,1504,0.1388
369,1139,1508,0.1388
372,1132,1504,0.1388
371,1129,1500,0.1388
370,1121,1491,0.1388
370,1127,1497,0.1388
374,1133,1507,0.1388
367,1129,1496,0.1388
372,1112,1484,0.1388
372,1106,1478,0.1388
367,1122,1489,0.1388
370,1123,1493,0.1388
369,1130,1499,0.1388
366,1141,1507,0.1388
366,1132,1498,0.1388
366,1138,1504,0.1388
366,1141,1507,0.1388
370,1147,1517,0.1388
363,1141,1504,0.1388
361,1131,1492,0.1388
362,1137,1499,0.1388
369,1136,1505,0.1388
372,1135,1507,0.1388
363,1129,1492,0.1388
359,1131,1490,0.1388
354,1135,1489,0.1388
354,1145,1499,0.1388
358,1152,1510,0.1388
352,1157,1509,0.1388
353,1165,1518,0.1388
359,1146,1505,0.1388
352,1159,1511,0.1388
355,1168,1523,0.1388
351,1165,1516,0.1388
348,1154,1502,0.1388
351,1158,1509,0.1388
347,1160,1507,0.1388
348,1167,1515,0.1388
346,1167,1513,0.1388
348,1166,1514,0.1388
344,1165,1509,0.1388
341,1169,1510,0.1388
344,1166,1510,0.1388
351,1162,1513,0.1388
346,1175,1521,0.1388
338,1176,1514,0.1388
345,1165,1510,0.1388
344,1157,1501,0.1388
346,1158,1504,0.1388
347,1157,1504,0.1388
343,1164,1507,0.1388
341,1164,1505,0.1388
346,1163,1509,0.1388
345,1165,1510,0.1388
339,1166,1505,0.1388
333,1161,1494,0.1388
342,1162,1504,0.1388
342,1171,1513,0.1388
335,1173,1508,0.1388
340,1161,1501,0.1388
342,1172,1514,0.1388
341,1160,1501,0.1388
345,1163,1508,0.1388
345,1159,1504,0.1388
347,1161,1508,0.1388
343,1160,1503,0.1388
338,1160,1498,0.1388
341,1153,1494,0.1388
339,1157,1496,0.1388
340,1163,1503,0.1388
334,1171,1505,0.1388
332,1184,1516,0.1388
332,1192,1524,0.1388
330,1194,1524,0.1388
327,1196,1523,0.1388
325,1197,1522,0.1388
325,1201,1526,0.1388
322,1199,1521,0.1388
318,1204,1522,0.1388
313,1194,1507,0.1388
313,1195,1508,0.1388
315,1190,1505,0.1388
314,1200,1514,0.1388
316,1202,1518,0.1388
318,1203,1521,0.1388
312,1199,1511,0.1388
303,1203,1506,0.1388
302,1194,1496,0.1388
296,1209,1505,0.1388
290,1213,1503,0.1388
293,1211,1504,0.1388
295,1208,1503,0.1388
292,1224,1516,0.1388
295,1215,1510,0.1388
296,1218,1514,0.1388
294,1228,1522,0.1388
291,1225,1516,0.1388
290,1226,1516,0.1388
289,1226,1515,0.1388
286,1231,1517,0.1388
288,1224,1512,0.1388
289,1214,1503,0.1388
290,1207,1497,0.1388
283,1232,1515,0.1388
277,1224,1501,0.1388
280,1222,1502,0.1388
284,1228,1512,0.1388
288,1218,1506,0.1388
286,1222,1508,0.1388
285,1231,1516,0.1388
287,1230,1517,0.1388
286,1226,1512,0.1388
285,1233,1518,0.1388
288,1221,1509,0.1388
278,1228,1506,0.1388
276,1216,1492,0.1388
280,1226,1506,0.1388
285,1229,1514,0.1388
285,1229,1514,0.1388
282,1221,1503,0.1388
279,1236,1515,0.1388
284,1229,1513,0.1388
280,1235,1515,0.1388
281,1233,1514,0.1388
281,1233,1514,0.1388
286,1240,1526,0.1388
281,1234,1515,0.1388
282,1232,1514,0.1388
283,1224,1507,0.1388
281,1228,1509,0.1388
273,1232,1505,0.1388
270,1240,1510,0.1388
268,1242,1510,0.1388
268,1237,1505,0.1388
274,1251,1525,0.1388
273,1255,1528,0.1388
273,1248,1521,0.1388
275,1244,1519,0.1388
274,1239,1513,0.1388
269,1240,1509,0.1388
265,1238,1503,0.1388
270,1250,1520,0.1388
266,1244,1510,0.1388
264,1247,1511,0.1388
264,1243,1507,0.1388
263,1249,1512,0.1388
264,1253,1517,0.1388
264,1251,1515,0.1388
267,1252,1519,0.1388
265,1256,1521,0.1388
262,1260,1522,0.1388
260,1247,1507,0.1388
264,1243,1507,0.1388
261,1246,1507,0.1388
259,1243,1502,0.1388
260,1237,1497,0.1388
263,1228,1491,0.1388
263,1245,1508,0.1388
259,1256,1515,0.1388
256,1262,1518,0.1388
261,1254,1515,0.1388
264,1255,1519,0.1388
268,1249,1517,0.1388
265,1263,1528,0.1388
262,1262,1524,0.1388
259,1252,1511,0.1388
257,1245,1502,0.1388
258,1242,1500,0.1388
261,1249,1510,0.1388
262,1256,1518,0.1388
259,1252,1511,0.1388
261,1248,1509,0.1388
260,1249,1509,0.1388
264,1246,1510,0.1388
259,1247,1506,0.1388
263,1249,1512,0.1388
263,1240,1503,0.1388
256,1235,1491,0.1388
258,1236,1494,0.1388
261,1261,1522,0.1388
257,1252,1509,0.1388
265,1236,1501,0.1388
270,1239,1509,0.1388
264,1247,1511,0.1388
265,1244,1509,0.1388
271,1252,1523,0.1388
271,1250,1521,0.1388
269,1252,1521,0.1388
267,1260,1527,0.1388
270,1262,1532,0.1388
268,1255,1523,0.1388
267,1250,1517,0.1388
264,1244,1508,0.1388
267,1230,1497,0.1388
266,1246,1512,0.1388
258,1244,1502,0.1388
259,1250,1509,0.1388
259,1253,1512,0.1388
257,1249,1506,0.1388
256,1259,1515,0.1388
257,1261,1518,0.1388
255,1262,1517,0.1388
259,1272,1531,0.1388
255,1261,1516,0.1388
256,1264,1520,0.1388
256,1259,1515,0.1388
249,1262,1511,0.1388
249,1258,1507,0.1388
250,1261,1511,0.1388
250,1268,1518,0.1388
253,1264,1517,0.1388
252,1272,1524,0.1388
253,1261,1514,0.1388
259,1260,1519,0.1388
256,1254,1510,0.1388
250,1257,1507,0.1388
253,1261,1514,0.1388
251,1261,1512,0.1388
248,1268,1516,0.1388
247,1267,1514,0.1388
244,1268,1512,0.1388
248,1271,1519,0.1388
245,1269,1514,0.1388
245,1259,1504,0.1388
246,1263,1509,0.1388
244,1264,1508,0.1388
240,1271,1511,0.1388
240,1266,1506,0.1388
239,1290,1529,0.1388
236,1281,1517,0.1388
230,1270,1500,0.1388
231,1266,1497,0.1388
233,1265,1498,0.1388
233,1265,1498,0.1388
227,1278,1505,0.1388
225,1286,1511,0.1388
225,1290,1515,0.1388
226,1286,1512,0.1388
223,1297,1520,0.1388
221,1290,1511,0.1388
220,1283,1503,0.1388
220,1294,1514,0.1388
220,1287,1507,0.1388
219,1290,1509,0.1388
221,1297,1518,0.1388
225,1297,1522,0.1388
225,1297,1522,0.1388
226,1301,1527,0.1388
225,1314,1539,0.1388
226,1321,1547,0.1388
220,1307,1527,0.1388
218,1302,1520,0.1388
216,1300,1516,0.1388
210,1297,1507,0.1388
214,1298,1512,0.1388
213,1294,1507,0.1388
217,1293,1510,0.1388
216,1307,1523,0.1388
216,1297,1513,0.1388
211,1293,1504,0.1388
216,1292,1508,0.1388
212,1288,1500,0.1388
211,1306,1517,0.1388
211,1318,1529,0.1388
212,1318,1530,0.1388
208,1307,1515,0.1388
202,1303,1505,0.1388
199,1307,1506,0.1388
200,1298,1498,0.1388
201,1303,1504,0.1388
199,1302,1501,0.1388
203,1317,1520,0.1388
202,1311,1513,0.1388
204,1327,1531,0.1388
206,1327,1533,0.1388
199,1323,1522,0.1388
190,1323,1513,0.1388
191,1313,1504,0.1388
192,1313,1505,0.1388
187,1308,1495,0.1388
187,1300,1487,0.1388
193,1323,1516,0.1388
192,1321,1513,0.1388
189,1330,1519,0.1388
196,1326,1522,0.1388
198,1332,1530,0.1388
201,1327,1528,0.1388
199,1339,1538,0.1388
197,1334,1531,0.1388
195,1329,1524,0.1388
190,1315,1505,0.1388
188,1306,1494,0.1388
189,1297,1486,0.1388
193,1305,1498,0.1388
199,1312,1511,0.1388
194,1317,1511,0.1388
200,1314,1514,0.1388
193,1309,1502,0.1388
198,1313,1511,0.1388
196,1321,1517,0.1388
194,1315,1509,0.1388
195,1318,1513,0.1388
195,1308,1503,0.1388
189,1324,1513,0.1388
184,1321,1505,0.1388
184,1322,1506,0.1388
185,1317,1502,0.1388
190,1332,1522,0.1388
185,1327,1512,0.1388
185,1327,1512,0.1388
181,1327,1508,0.1388
186,1332,1518,0.1388
187,1332,1519,0.1388
184,1333,1517,0.1388
185,1322,1507,0.1388
190,1321,1511,0.1388
189,1326,1515,0.1388
185,1319,1504,0.1388
184,1330,1514,0.1388
186,1341,1527,0.1388
186,1334,1520,0.1388
188,1346,1534,0.1388
181,1337,1518,0.1388
181,1329,1510,0.1388
179,1344,1523,0.1388
180,1347,1527,0.1388
175,1347,1522,0.1388
172,1352,1524,0.1388
173,1344,1517,0.1388
172,1353,1525,0.1388
172,1353,1525,0.1388
173,1348,1521,0.1388
172,1352,1524,0.1388
173,1344,1517,0.1388
177,1345,1522,0.1388
179,1350,1529,0.1388
178,1345,1523,0.1388
176,1352,1528,0.1388
175,1336,1511,0.1388
177,1334,1511,0.1388
176,1343,1519,0.1388
178,1336,1514,0.1388
177,1345,1522,0.1388
179,1332,1511,0.1388
177,1339,1516,0.1388
173,1337,1510,0.1388
172,1341,1513,0.1388
173,1343,1516,0.1388
171,1345,1516,0.1388
163,1344,1507,0.1388
160,1364,1524,0.1388
157,1369,1526,0.1388
159,1360,1519,0.1388
166,1352,1518,0.1388
160,1358,1518,0.1388
160,1346,1506,0.1388
162,1354,1516,0.1388
161,1353,1514,0.1388
158,1346,1504,0.1388
161,1353,1514,0.1388
163,1345,1508,0.1388
161,1357,1518,0.1388
165,1351,1516,0.1388
160,1362,1522,0.1388
162,1357,1519,0.1388
162,1351,1513,0.1388
157,1343,1500,0.1388
158,1352,1510,0.1388
159,1349,1508,0.1388
157,1350,1507,0.1388
156,1365,1521,0.1388
150,1371,1521,0.1388
152,1355,1507,0.1388
149,1360,1509,0.1388
148,1361,1509,0.1388
146,1369,1515,0.1388
145,1376,1521,0.1388
149,1369,1518,0.1388
146,1367,1513,0.1388
148,1360,1508,0.1388
149,1354,1503,0.1388
148,1359,1507,0.1388
148,1361,1509,0.1388
149,1361,1510,0.1388
150,1357,1507,0.1388
151,1347,1498,0.1388
147,1362,1509,0.1388
144,1365,1509,0.1388
144,1371,1515,0.1388
142,1379,1521,0.1388
142,1376,1518,0.1388
140,1367,1507,0.1388
141,1361,1502,0.1388
139,1380,1519,0.1388
139,1372,1511,0.1388
139,1360,1499,0.1388
135,1363,1498,0.1388
137,1361,1498,0.1388
139,1371,1510,0.1388
137,1366,1503,0.1388
142,1368,1510,0.1388
143,1367,1510,0.1388
143,1368,1511,0.1388
138,1356,1494,0.1388
138,1370,1508,0.1388
133,1379,1512,0.1388
133,1389,1522,0.1388
135,1380,1515,0.1388
134,1392,1526,0.1388
133,1391,1524,0.1388
134,1394,1528,0.1388
135,1394,1529,0.1388
131,1387,1518,0.1388
128,1386,1514,0.1388
131,1384,1515,0.1388
130,1390,1520,0.1388
129,1385,1514,0.1388
130,1384,1514,0.1388
127,1378,1505,0.1388
126,1377,1503,0.1388
127,1383,1510,0.1388
125,1388,1513,0.1388
126,1385,1511,0.1388
127,1382,1509,0.1388
125,1394,1519,0.1388
125,1390,1515,0.1388
126,1389,1515,0.1388
124,1392,1516,0.1388
127,1396,1523,0.1388
131,1383,1514,0.1388
133,1382,1515,0.1388
132,1376,1508,0.1388
133,1376,1509,0.1388
132,1377,1509,0.1388
129,1393,1522,0.1388
131,1381,1512,0.1388
132,1387,1519,0.1388
133,1393,1526,0.1388
132,1378,1510,0.1388
132,1381,1513,0.1388
131,1383,1514,0.1388
128,1380,1508,0.1388
125,1380,1505,0.1388
126,1381,1507,0.1388
129,1380,1509,0.1388
132,1390,1522,0.1388
128,1375,1503,0.1388
129,1382,1511,0.1388
130,1391,1521,0.1388
125,1390,1515,0.1388
128,1398,1526,0.1388
125,1382,1507,0.1388
124,1384,1508,0.1388
128,1383,1511,0.1388
130,1390,1520,0.1388
132,1388,1520,0.1388
126,1388,1514,0.1388
126,1388,1514,0.1388
125,1380,1505,0.1388
124,1388,1512,0.1388
123,1377,1500,0.1388
125,1391,1516,0.1388
125,1394,1519,0.1388
128,1370,1498,0.1388
126,1382,1508,0.1388
127,1392,1519,0.1388
128,1393,1521,0.1388
129,1393,1522,0.1388
127,1380,1507,0.1388
122,1384,1506,0.1388
124,1389,1513,0.1388
124,1375,1499,0.1388
127,1373,1500,0.1388
129,1382,1511,0.1388
132,1382,1514,0.1388
132,1380,1512,0.1388
137,1387,1524,0.1388
134,1390,1524,0.1388
129,1382,1511,0.1388
131,1383,1514,0.1388
134,1390,1524,0.1388
134,1381,1515,0.1388
131,1392,1523,0.1388
137,1395,1532,0.1388
139,1390,1529,0.1388
138,1383,1521,0.1388
137,1394,1531,0.1388
133,1388,1521,0.1388
131,1373,1504,0.1388
131,1380,1511,0.1388
132,1378,1510,0.1388
134,1369,1503,0.1388
135,1369,1504,0.1388
136,1370,1506,0.1388
136,1373,1509,0.1388
132,1377,1509,0.1388
133,1384,1517,0.1388
134,1384,1518,0.1388
135,1379,1514,0.1388
135,1376,1511,0.1388
135,1377,1512,0.1388
137,1373,1510,0.1388
141,1389,1530,0.1388
143,1388,1531,0.1388
141,1379,1520,0.1388
136,1364,1500,0.1388
134,1366,1500,0.1388
135,1364,1499,0.1388
136,1363,1499,0.1388
134,1377,1511,0.1388
132,1372,1504,0.1388
134,1373,1507,0.1388
130,1380,1510,0.1388
126,1376,1502,0.1388
130,1386,1516,0.1388
130,1381,1511,0.1388
131,1383,1514,0.1388
133,1384,1517,0.1388
133,1379,1512,0.1388
129,1375,1504,0.1388
126,1364,1490,0.1388
129,1373,1502,0.1388
128,1385,1513,0.1388
132,1393,1525,0.1388
134,1395,1529,0.1388
133,1396,1529,0.1388
128,1394,1522,0.1388
130,1391,1521,0.1388
126,1392,1518,0.1388
125,1398,1523,0.1388
123,1398,1521,0.1388
119,1400,1519,0.1388
116,1387,1503,0.1388
119,1397,1516,0.1388
121,1404,1525,0.1388
121,1412,1533,0.1388
119,1406,1525,0.1388
119,1397,1516,0.1388
117,1391,1508,0.1388
122,1380,1502,0.1388
124,1387,1511,0.1388
123,1385,1508,0.1388
121,1406,1527,0.1388
114,1401,1515,0.1388
111,1400,1511,0.1388
109,1403,1512,0.1388
111,1414,1525,0.1388
113,1421,1534,0.1388
113,1409,1522,0.1388
114,1404,1518,0.1388
113,1415,1528,0.1388
114,1404,1518,0.1388
112,1398,1510,0.1388
113,1399,1512,0.1388
110,1402,1512,0.1388
110,1398,1508,0.1388
115,1414,1529,0.1388
113,1418,1531,0.1388
114,1415,1529,0.1388
116,1403,1519,0.1388
116,1407,1523,0.1388
116,1410,1526,0.1388
116,1408,1524,0.1388
113,1396,1509,0.1388
113,1398,1511,0.1388
115,1399,1514,0.1388
114,1400,1514,0.1388
115,1398,1513,0.1388
111,1395,1506,0.1388
112,1387,1499,0.1388
114,1382,1496,0.1388
112,1382,1494,0.1388
112,1393,1505,0.1388
113,1391,1504,0.1388
116,1386,1502,0.1388
115,1401,1516,0.1388
114,1409,1523,0.1388
120,1401,1521,0.1388
118,1409,1527,0.1388
118,1406,1524,0.1388
117,1401,1518,0.1388
116,1413,1529,0.1388
118,1408,1526,0.1388
113,1420,1533,0.1388
111,1413,1524,0.1388
115,1417,1532,0.1388
116,1422,1538,0.1388
116,1405,1521,0.1388
115,1413,1528,0.1388
114,1416,1530,0.1388
113,1410,1523,0.1388
114,1411,1525,0.1388
109,1412,1521,0.1388
109,1402,1511,0.1388
109,1394,1503,0.1388
112,1400,1512,0.1388
111,1408,1519,0.1388
107,1392,1499,0.1388
109,1408,1517,0.1388
108,1403,1511,0.1388
102,1398,1500,0.1388
99,1407,1506,0.1388
97,1414,1511,0.1388
100,1413,1513,0.1388
101,1427,1528,0.1388
98,1424,1522,0.1388
96,1416,1512,0.1388
95,1412,1507,0.1388
97,1422,1519,0.1388
98,1415,1513,0.1388
99,1422,1521,0.1388
96,1428,1524,0.1388
94,1425,1519,0.1388
95,1425,1520,0.1388
95,1430,1525,0.1388
94,1417,1511,0.1388
93,1414,1507,0.1388
92,1424,1516,0.1388
91,1426,1517,0.1388
91,1433,1524,0.1388
94,1427,1521,0.1388
90,1434,1524,0.1388
89,1427,1516,0.1388
91,1424,1515,0.1388
94,1422,1516,0.1388
92,1419,1511,0.1388
95,1423,1518,0.1388
92,1423,1515,0.1388
92,1426,1518,0.1388
86,1413,1499,0.1388
90,1411,1501,0.1388
88,1419,1507,0.1388
87,1425,1512,0.1388
87,1422,1509,0.1388
88,1426,1514,0.1388
85,1431,1516,0.1388
86,1440,1526,0.1388
84,1431,1515,0.1388
85,1424,1509,0.1388
83,1435,1518,0.1388
84,1442,1526,0.1388
82,1418,1500,0.1388
82,1434,1516,0.1388
88,1416,1504,0.1388
92,1421,1513,0.1388
90,1421,1511,0.1388
91,1423,1514,0.1388
89,1420,1509,0.1388
91,1420,1511,0.1388
87,1432,1519,0.1388
88,1429,1517,0.1388
88,1439,1527,0.1388
88,1427,1515,0.1388
86,1428,1514,0.1388
89,1427,1516,0.1388
86,1444,1530,0.1388
86,1439,1525,0.1388
89,1439,1528,0.1388
91,1426,1517,0.1388
91,1430,1521,0.1388
92,1422,1514,0.1388
94,1419,1513,0.1388
95,1419,1514,0.1388
93,1421,1514,0.1388
93,1429,1522,0.1388
94,1437,1531,0.1388
93,1437,1530,0.1388
89,1430,1519,0.1388
90,1421,1511,0.1388
90,1406,1496,0.1388
88,1425,1513,0.1388
87,1439,1526,0.1388
87,1421,1508,0.1388
83,1418,1501,0.1388
83,1423,1506,0.1388
84,1423,1507,0.1388
84,1435,1519,0.1388
85,1431,1516,0.1388
86,1420,1506,0.1388
85,1426,1511,0.1388
86,1434,1520,0.1388
85,1438,1523,0.1388
89,1426,1515,0.1388
89,1433,1522,0.1388
88,1417,1505,0.1388
89,1416,1505,0.1388
86,1428,1514,0.1388
88,1437,1525,0.1388
87,1436,1523,0.1388
89,1430,1519,0.1388
85,1423,1508,0.1388
88,1427,1515,0.1388
86,1427,1513,0.1388
90,1430,1520,0.1388
87,1436,1523,0.1388
86,1435,1521,0.1388
89,1446,1535,0.1388
86,1440,1526,0.1388
87,1433,1520,0.1388
85,1426,1511,0.1388
85,1425,1510,0.1388
83,1412,1495,0.1388
89,1424,1513,0.1388
87,1420,1507,0.1388
86,1421,1507,0.1388
86,1424,1510,0.1388
88,1426,1514,0.1388
87,1420,1507,0.1388
88,1423,1511,0.1388
86,1435,1521,0.1388
91,1434,1525,0.1388
88,1434,1522,0.1388
85,1438,1523,0.1388
83,1425,1508,0.1388
83,1430,1513,0.1388
84,1433,1517,0.1388
86,1422,1508,0.1388
88,1435,1523,0.1388
89,1440,1529,0.1388
87,1436,1523,0.1388
87,1429,1516,0.1388
87,1434,1521,0.1388
88,1440,1528,0.1388
87,1445,1532,0.1388
88,1439,1527,0.1388
89,1428,1517,0.1388
86,1430,1516,0.1388
83,1430,1513,0.1388
84,1431,1515,0.1388
84,1438,1522,0.1388
83,1430,1513,0.1388
84,1424,1508,0.1388
80,1430,1510,0.1388
82,1427,1509,0.1388
83,1427,1510,0.1388
82,1433,1515,0.1388
85,1431,1516,0.1388
82,1436,1518,0.1388
82,1441,1523,0.1388
82,1433,1515,0.1388
82,1428,1510,0.1388
85,1442,1527,0.1388
87,1433,1520,0.1388
84,1434,1518,0.1388
84,1425,1509,0.1388
81,1433,1514,0.1388
78,1434,1512,0.1388
75,1430,1505,0.1388
75,1445,1520,0.1388
75,1446,1521,0.1388
75,1446,1521,0.1388
72,1450,1522,0.1388
73,1442,1515,0.1388
73,1442,1515,0.1388
74,1435,1509,0.1388
75,1445,1520,0.1388
72,1438,1510,0.1388
71,1436,1507,0.1388
71,1429,1500,0.1388
75,1436,1511,0.1388
77,1443,1520,0.1388
76,1434,1510,0.1388
79,1414,1493,0.1388
80,1409,1489,0.1388
81,1431,1512,0.1388
81,1438,1519,0.1388
83,1442,1525,0.1388
85,1441,1526,0.1388
84,1441,1525,0.1388
84,1430,1514,0.1388
81,1436,1517,0.1388
79,1442,1521,0.1388
81,1443,1524,0.1388
82,1439,1521,0.1388
80,1428,1508,0.1388
78,1428,1506,0.1388
76,1426,1502,0.1388
78,1432,1510,0.1388
76,1426,1502,0.1388
79,1437,1516,0.1388
82,1435,1517,0.1388
81,1433,1514,0.1388
82,1430,1512,0.1388
83,1425,1508,0.1388
83,1434,1517,0.1388
79,1430,1509,0.1388
76,1438,1514,0.1388
73,1430,1503,0.1388
74,1434,1508,0.1388
77,1435,1512,0.1388
75,1447,1522,0.1388
76,1451,1527,0.1388
72,1446,1518,0.1388
69,1433,1502,0.1388
71,1436,1507,0.1388
73,1440,1513,0.1388
71,1448,1519,0.1388
70,1448,1518,0.1388
72,1441,1513,0.1388
72,1451,1523,0.1388
70,1448,1518,0.1388
73,1465,1538,0.1388
70,1457,1527,0.1388
70,1457,1527,0.1388
69,1450,1519,0.1388
69,1443,1512,0.1388
70,1457,1527,0.1388
69,1457,1526,0.1388
71,1455,1526,0.1388
71,1452,1523,0.1388
73,1443,1516,0.1388
73,1456,1529,0.1388
72,1450,1522,0.1388
70,1453,1523,0.1388
69,1458,1527,0.1388
70,1454,1524,0.1388
68,1449,1517,0.1388
69,1453,1522,0.1388
69,1442,1511,0.1388
63,1446,1509,0.1388
65,1448,1513,0.1388
65,1451,1516,0.1388
63,1456,1519,0.1388
64,1467,1531,0.1388
62,1456,1518,0.1388
61,1461,1522,0.1388
62,1465,1527,0.1388
65,1465,1530,0.1388
64,1464,1528,0.1388
65,1450,1515,0.1388
67,1446,1513,0.1388
67,1455,1522,0.1388
65,1451,1516,0.1388
65,1452,1517,0.1388
64,1453,1517,0.1388
62,1463,1525,0.1388
62,1461,1523,0.1388
63,1450,1513,0.1388
62,1466,1528,0.1388
60,1461,1521,0.1388
63,1442,1505,0.1388
64,1449,1513,0.1388
63,1451,1514,0.1388
62,1444,1506,0.1388
61,1452,1513,0.1388
60,1454,1514,0.1388
63,1458,1521,0.1388
63,1456,1519,0.1388
63,1461,1524,0.1388
65,1464,1529,0.1388
63,1467,1530,0.1388
61,1458,1519,0.1388
60,1458,1518,0.1388
61,1459,1520,0.1388
61,1457,1518,0.1388
58,1462,1520,0.1388
60,1459,1519,0.1388
61,1454,1515,0.1388
59,1455,1514,0.1388
59,1460,1519,0.1388
60,1466,1526,0.1388
61,1463,1524,0.1388
60,1462,1522,0.1388
60,1460,1520,0.1388
57,1455,1512,0.1388
58,1463,1521,0.1388
57,1465,1522,0.1388
52,1450,1502,0.1388
53,1453,1506,0.1388
53,1454,1507,0.1388
54,1452,1506,0.1388
54,1455,1509,0.1388
53,1455,1508,0.1388
52,1473,1525,0.1388
53,1475,1528,0.1388
52,1474,1526,0.1388
53,1461,1514,0.1388
52,1464,1516,0.1388
51,1463,1514,0.1388
49,1464,1513,0.1388
52,1470,1522,0.1388
50,1471,1521,0.1388
52,1481,1533,0.1388
51,1456,1507,0.1388
48,1452,1500,0.1388
48,1463,1511,0.1388
48,1464,1512,0.1388
50,1455,1505,0.1388
49,1457,1506,0.1388
50,1470,1520,0.1388
51,1468,1519,0.1388
50,1474,1524,0.1388
50,1469,1519,0.1388
51,1471,1522,0.1388
51,1475,1526,0.1388
52,1464,1516,0.1388
52,1468,1520,0.1388
50,1465,1515,0.1388
49,1473,1522,0.1388
50,1477,1527,0.1388
51,1470,1521,0.1388
50,1464,1514,0.1388
49,1471,1520,0.1388
48,1468,1516,0.1388
47,1458,1505,0.1388
47,1471,1518,0.1388
47,1452,1499,0.1388
48,1453,1501,0.1388
48,1465,1513,0.1388
47,1469,1516,0.1388
49,1469,1518,0.1388
49,1471,1520,0.1388
47,1467,1514,0.1388
45,1457,1502,0.1388
43,1460,1503,0.1388
45,1456,1501,0.1388
47,1471,1518,0.1388
47,1472,1519,0.1388
48,1474,1522,0.1388
48,1482,1530,0.1388
49,1482,1531,0.1388
49,1480,1529,0.1388
48,1480,1528,0.1388
48,1476,1524,0.1388
49,1478,1527,0.1388
48,1472,1520,0.1388
48,1470,1518,0.1388
49,1471,1520,0.1388
45,1470,1515,0.1388
47,1472,1519,0.1388
46,1481,1527,0.1388
45,1474,1519,0.1388
47,1472,1519,0.1388
47,1477,1524,0.1388
45,1484,1529,0.1388
43,1483,1526,0.1388
42,1475,1517,0.1388
40,1483,1523,0.1388
38,1481,1519,0.1388
36,1484,1520,0.1388
36,1484,1520,0.1388
36,1473,1509,0.1388
39,1470,1509,0.1388
36,1483,1519,0.1388
34,1484,1518,0.1388
36,1495,1531,0.1388
35,1482,1517,0.1388
34,1476,1510,0.1388
32,1471,1503,0.1388
33,1481,1514,0.1388
35,1488,1523,0.1388
32,1492,1524,0.1388
32,1487,1519,0.1388
33,1486,1519,0.1388
32,1489,1521,0.1388
29,1500,1529,0.1388
30,1498,1528,0.1388
33,1489,1522,0.1388
34,1486,1520,0.1388
34,1479,1513,0.1388
34,1469,1503,0.1388
34,1457,1491,0.1388
36,1459,1495,0.1388
34,1477,1511,0.1388
34,1476,1510,0.1388
37,1478,1515,0.1388
36,1474,1510,0.1388
37,1479,1516,0.1388
36,1476,1512,0.1388
39,1490,1529,0.1388
38,1483,1521,0.1388
37,1474,1511,0.1388
36,1484,1520,0.1388
40,1481,1521,0.1388
40,1490,1530,0.1388
42,1495,1537,0.1388
40,1490,1530,0.1388
42,1482,1524,0.1388
41,1480,1521,0.1388
42,1472,1514,0.1388
44,1464,1508,0.1388
42,1480,1522,0.1388
43,1474,1517,0.1388
42,1490,1532,0.1388
44,1489,1533,0.1388
42,1493,1535,0.1388
42,1476,1518,0.1388
41,1467,1508,0.1388
40,1476,1516,0.1388
38,1466,1504,0.1388
36,1471,1507,0.1388
36,1476,1512,0.1388
37,1489,1526,0.1388
38,1497,1535,0.1388
37,1489,1526,0.1388
40,1486,1526,0.1388
39,1490,1529,0.1388
38,1499,1537,0.1388
40,1484,1524,0.1388
38,1468,1506,0.1388
40,1478,1518,0.1388
39,1479,1518,0.1388
38,1479,1517,0.1388
39,1476,1515,0.1388
40,1479,1519,0.1388
42,1470,1512,0.1388
44,1477,1521,0.1388
45,1475,1520,0.1388
47,1474,1521,0.1388
46,1480,1526,0.1388
48,1475,1523,0.1388
48,1477,1525,0.1388
49,1459,1508,0.1388
47,1453,1500,0.1388
49,1467,1516,0.1388
47,1471,1518,0.1388
45,1477,1522,0.1388
47,1475,1522,0.1388
47,1473,1520,0.1388
46,1469,1515,0.1388
44,1474,1518,0.1388
47,1476,1523,0.1388
47,1463,1510,0.1388
46,1472,1518,0.1388
46,1463,1509,0.1388
48,1474,1522,0.1388
48,1473,1521,0.1388
48,1468,1516,0.1388
48,1453,1501,0.1388
48,1452,1500,0.1388
47,1461,1508,0.1388
48,1471,1519,0.1388
51,1466,1517,0.1388
54,1460,1514,0.1388
55,1459,1514,0.1388
53,1476,1529,0.1388
51,1458,1509,0.1388
50,1466,1516,0.1388
51,1474,1525,0.1388
52,1473,1525,0.1388
51,1470,1521,0.1388
52,1463,1515,0.1388
53,1466,1519,0.1388
52,1472,1524,0.1388
51,1474,1525,0.1388
50,1479,1529,0.1388
48,1474,1522,0.1388
51,1473,1524,0.1388
48,1469,1517,0.1388
49,1470,1519,0.1388
50,1474,1524,0.1388
51,1476,1527,0.1388
52,1481,1533,0.1388
53,1477,1530,0.1388
53,1478,1531,0.1388
53,1463,1516,0.1388
54,1462,1516,0.1388
54,1460,1514,0.1388
54,1464,1518,0.1388
52,1460,1512,0.1388
50,1458,1508,0.1388
50,1459,1509,0.1388
50,1468,1518,0.1388
49,1474,1523,0.1388
49,1462,1511,0.1388
50,1466,1516,0.1388
50,1467,1517,0.1388
50,1474,1524,0.1388
49,1460,1509,0.1388
48,1470,1518,0.1388
48,1477,1525,0.1388
49,1481,1530,0.1388
49,1467,1516,0.1388
50,1468,1518,0.1388
48,1470,1518,0.1388
49,1448,1497,0.1388
52,1450,1502,0.1388
50,1454,1504,0.1388
50,1463,1513,0.1388
52,1470,1522,0.1388
51,1470,1521,0.1388
50,1466,1516,0.1388
50,1459,1509,0.1388
48,1467,1515,0.1388
48,1461,1509,0.1388
49,1459,1508,0.1388
47,1456,1503,0.1388
47,1461,1508,0.1388
47,1470,1517,0.1388
48,1471,1519,0.1388
47,1467,1514,0.1388
47,1477,1524,0.1388
47,1467,1514,0.1388
47,1467,1514,0.1388
43,1475,1518,0.1388
43,1490,1533,0.1388
41,1490,1531,0.1388
40,1483,1523,0.1388
43,1489,1532,0.1388
43,1482,1525,0.1388
43,1479,1522,0.1388
42,1486,1528,0.1388
42,1478,1520,0.1388
43,1464,1507,0.1388
43,1476,1519,0.1388
42,1467,1509,0.1388
41,1468,1509,0.1388
42,1481,1523,0.1388
43,1487,1530,0.1388
42,1474,1516,0.1388
42,1470,1512,0.1388
41,1472,1513,0.1388
40,1465,1505,0.1388
40,1467,1507,0.1388
39,1467,1506,0.1388
40,1479,1519,0.1388
40,1481,1521,0.1388
40,1487,1527,0.1388
39,1491,1530,0.1388
39,1486,1525,0.1388
40,1485,1525,0.1388
40,1481,1521,0.1388
38,1484,1522,0.1388
36,1484,1520,0.1388
35,1486,1521,0.1388
36,1480,1516,0.1388
34,1482,1516,0.1388
36,1481,1517,0.1388
36,1484,1520,0.1388
36,1473,1509,0.1388
34,1476,1510,0.1388
35,1466,1501,0.1388
35,1464,1499,0.1388
38,1474,1512,0.1388
38,1478,1516,0.1388
39,1486,1525,0.1388
39,1497,1536,0.1388
38,1490,1528,0.1388
38,1483,1521,0.1388
38,1480,1518,0.1388
38,1480,1518,0.1388
41,1469,1510,0.1388
40,1473,1513,0.1388
41,1478,1519,0.1388
39,1480,1519,0.1388
37,1474,1511,0.1388
36,1483,1519,0.1388
38,1480,1518,0.1388
39,1480,1519,0.1388
40,1473,1513,0.1388
40,1464,1504,0.1388
41,1463,1504,0.1388
42,1473,1515,0.1388
41,1479,1520,0.1388
40,1489,1529,0.1388
40,1478,1518,0.1388
41,1486,1527,0.1388
41,1477,1518,0.1388
39,1480,1519,0.1388
40,1481,1521,0.1388
40,1472,1512,0.1388
39,1478,1517,0.1388
40,1472,1512,0.1388
38,1472,1510,0.1388
40,1473,1513,0.1388
39,1473,1512,0.1388
40,1472,1512,0.1388
40,1468,1508,0.1388
41,1461,1502,0.1388
40,1464,1504,0.1388
41,1473,1514,0.1388
41,1475,1516,0.1388
41,1477,1518,0.1388
41,1472,1513,0.1388
42,1469,1511,0.1388
42,1486,1528,0.1388
41,1489,1530,0.1388
40,1475,1515,0.1388
42,1482,1524,0.1388
43,1480,1523,0.1388
43,1471,1514,0.1388
44,1472,1516,0.1388
45,1458,1503,0.1388
49,1474,1523,0.1388
49,1474,1523,0.1388
48,1474,1522,0.1388
48,1478,1526,0.1388
49,1477,1526,0.1388
48,1480,1528,0.1388
48,1481,1529,0.1388
45,1490,1535,0.1388
45,1484,1529,0.1388
42,1483,1525,0.1388
44,1477,1521,0.1388
44,1472,1516,0.1388
46,1476,1522,0.1388
45,1474,1519,0.1388
44,1473,1517,0.1388
45,1471,1516,0.1388
45,1486,1531,0.1388
44,1480,1524,0.1388
44,1472,1516,0.1388
41,1479,1520,0.1388
41,1479,1520,0.1388
42,1470,1512,0.1388
40,1472,1512,0.1388
40,1477,1517,0.1388
42,1478,1520,0.1388
38,1486,1524,0.1388
40,1496,1536,0.1388
42,1488,1530,0.1388
42,1481,1523,0.1388
41,1479,1520,0.1388
40,1482,1522,0.1388
42,1477,1519,0.1388
44,1474,1518,0.1388
44,1471,1515,0.1388
45,1487,1532,0.1388
46,1460,1506,0.1388
46,1467,1513,0.1388
45,1469,1514,0.1388
44,1471,1515,0.1388
41,1472,1513,0.1388
41,1469,1510,0.1388
42,1459,1501,0.1388
42,1472,1514,0.1388
43,1468,1511,0.1388
42,1458,1500,0.1388
42,1469,1511,0.1388
42,1460,1502,0.1388
43,1467,1510,0.1388
43,1480,1523,0.1388
42,1476,1518,0.1388
43,1477,1520,0.1388
42,1470,1512,0.1388
39,1478,1517,0.1388
40,1474,1514,0.1388
40,1463,1503,0.1388
41,1478,1519,0.1388
42,1473,1515,0.1388
39,1475,1514,0.1388
39,1471,1510,0.1388
38,1485,1523,0.1388
38,1481,1519,0.1388
37,1471,1508,0.1388
36,1470,1506,0.1388
36,1468,1504,0.1388
35,1485,1520,0.1388
35,1503,1538,0.1388
35,1493,1528,0.1388
35,1499,1534,0.1388
34,1486,1520,0.1388
34,1490,1524,0.1388
33,1496,1529,0.1388
35,1475,1510,0.1388
35,1475,1510,0.1388
36,1484,1520,0.1388
35,1492,1527,0.1388
34,1493,1527,0.1388
30,1492,1522,0.1388
30,1498,1528,0.1388
31,1489,1520,0.1388
32,1497,1529,0.1388
32,1502,1534,0.1388
33,1490,1523,0.1388
32,1484,1516,0.1388
33,1487,1520,0.1388
32,1484,1516,0.1388
32,1474,1506,0.1388
34,1477,1511,0.1388
33,1488,1521,0.1388
35,1478,1513,0.1388
31,1490,1521,0.1388
32,1492,1524,0.1388
33,1481,1514,0.1388
32,1488,1520,0.1388
31,1490,1521,0.1388
30,1493,1523,0.1388
28,1497,1525,0.1388
29,1504,1533,0.1388
29,1485,1514,0.1388
30,1486,1516,0.1388
30,1492,1522,0.1388
29,1481,1510,0.1388
29,1490,1519,0.1388
31,1490,1521,0.1388
32,1496,1528,0.1388
33,1486,1519,0.1388
33,1481,1514,0.1388
32,1471,1503,0.1388
32,1488,1520,0.1388
31,1482,1513,0.1388
33,1488,1521,0.1388
32,1476,1508,0.1388
32,1487,1519,0.1388
31,1488,1519,0.1388
31,1481,1512,0.1388
31,1469,1500,0.1388
32,1482,1514,0.1388
32,1481,1513,0.1388
32,1474,1506,0.1388
32,1466,1498,0.1388
32,1476,1508,0.1388
30,1473,1503,0.1388
30,1478,1508,0.1388
30,1480,1510,0.1388
30,1487,1517,0.1388
30,1494,1524,0.1388
30,1497,1527,0.1388
29,1492,1521,0.1388
29,1493,1522,0.1388
30,1507,1537,0.1388
29,1496,1525,0.1388
26,1492,1518,0.1388
27,1498,1525,0.1388
26,1498,1524,0.1388
25,1504,1529,0.1388
24,1495,1519,0.1388
24,1490,1514,0.1388
24,1497,1521,0.1388
25,1506,1531,0.1388
25,1491,1516,0.1388
25,1488,1513,0.1388
23,1485,1508,0.1388
24,1481,1505,0.1388
24,1491,1515,0.1388
24,1489,1513,0.1388
23,1504,1527,0.1388
23,1509,1532,0.1388
21,1509,1530,0.1388
21,1508,1529,0.1388
20,1506,1526,0.1388
20,1493,1513,0.1388
20,1507,1527,0.1388
19,1505,1524,0.1388
19,1505,1524,0.1388
19,1505,1524,0.1388
20,1505,1525,0.1388
19,1501,1520,0.1388
18,1500,1518,0.1388
19,1515,1534,0.1388
18,1500,1518,0.1388
18,1512,1530,0.1388
18,1497,1515,0.1388
18,1506,1524,0.1388
18,1503,1521,0.1388
17,1493,1510,0.1388
17,1488,1505,0.1388
17,1490,1507,0.1388
17,1492,1509,0.1388
17,1493,1510,0.1388
17,1484,1501,0.1388
18,1487,1505,0.1388
18,1478,1496,0.1388
17,1496,1513,0.1388
17,1506,1523,0.1388
16,1498,1514,0.1388
16,1499,1515,0.1388
16,1505,1521,0.1388
15,1503,1518,0.1388
16,1490,1506,0.1388
17,1478,1495,0.1388
17,1493,1510,0.1388
17,1514,1531,0.1388
19,1512,1531,0.1388
19,1501,1520,0.1388
19,1497,1516,0.1388
17,1510,1527,0.1388
18,1512,1530,0.1388
18,1509,1527,0.1388
18,1514,1532,0.1388
19,1504,1523,0.1388
18,1505,1523,0.1388
18,1503,1521,0.1388
17,1493,1510,0.1388
18,1489,1507,0.1388
18,1494,1512,0.1388
17,1494,1511,0.1388
17,1496,1513,0.1388
17,1499,1516,0.1388
17,1506,1523,0.1388
17,1499,1516,0.1388
17,1503,1520,0.1388
17,1499,1516,0.1388
17,1494,1511,0.1388
18,1505,1523,0.1388
19,1506,1525,0.1388
17,1506,1523,0.1388
17,1502,1519,0.1388
18,1501,1519,0.1388
17,1496,1513,0.1388
18,1504,1522,0.1388
19,1488,1507,0.1388
19,1486,1505,0.1388
19,1499,1518,0.1388
19,1497,1516,0.1388
19,1499,1518,0.1388
20,1500,1520,0.1388
19,1507,1526,0.1388
17,1505,1522,0.1388
19,1513,1532,0.1388
20,1523,1543,0.1388
20,1499,1519,0.1388
21,1500,1521,0.1388
23,1493,1516,0.1388
24,1492,1516,0.1388
26,1500,1526,0.1388
25,1500,1525,0.1388
25,1494,1519,0.1388
26,1497,1523,0.1388
25,1497,1522,0.1388
25,1500,1525,0.1388
25,1503,1528,0.1388
23,1501,1524,0.1388
26,1501,1527,0.1388
26,1496,1522,0.1388
26,1500,1526,0.1388
26,1490,1516,0.1388
26,1488,1514,0.1388
24,1490,1514,0.1388
24,1488,1512,0.1388
23,1488,1511,0.1388
23,1493,1516,0.1388
23,1509,1532,0.1388
22,1495,1517,0.1388
20,1499,1519,0.1388
19,1506,1525,0.1388
20,1504,1524,0.1388
19,1499,1518,0.1388
19,1502,1521,0.1388
20,1510,1530,0.1388
20,1505,1525,0.1388
19,1494,1513,0.1388
19,1485,1504,0.1388
20,1476,1496,0.1388
20,1482,1502,0.1388
20,1498,1518,0.1388
20,1489,1509,0.1388
21,1497,1518,0.1388
21,1490,1511,0.1388
20,1492,1512,0.1388
20,1484,1504,0.1388
20,1502,1522,0.1388
19,1499,1518,0.1388
20,1505,1525,0.1388
20,1487,1507,0.1388
20,1492,1512,0.1388
19,1491,1510,0.1388
18,1491,1509,0.1388
17,1503,1520,0.1388
19,1481,1500,0.1388
19,1486,1505,0.1388
18,1490,1508,0.1388
18,1501,1519,0.1388
17,1498,1515,0.1388
15,1491,1506,0.1388
16,1502,1518,0.1388
15,1488,1503,0.1388
15,1495,1510,0.1388
15,1507,1522,0.1388
16,1513,1529,0.1388
16,1510,1526,0.1388
15,1503,1518,0.1388
14,1500,1514,0.1388
12,1487,1499,0.1388
12,1487,1499,0.1388
12,1487,1499,0.1388
12,1484,1496,0.1388
12,1483,1495,0.1388
15,1491,1506,0.1388
14,1509,1523,0.1388
14,1495,1509,0.1388
13,1504,1517,0.1388
14,1502,1516,0.1388
14,1489,1503,0.1388
12,1492,1504,0.1388
15,1487,1502,0.1388
16,1491,1507,0.1388
16,1499,1515,0.1388
15,1493,1508,0.1388
14,1488,1502,0.1388
14,1505,1519,0.1388
14,1497,1511,0.1388
14,1491,1505,0.1388
14,1500,1514,0.1388
14,1500,1514,0.1388
14,1517,1531,0.1388
13,1508,1521,0.1388
13,1508,1521,0.1388
11,1515,1526,0.1388
11,1511,1522,0.1388
11,1507,1518,0.1388
11,1517,1528,0.1388
10,1519,1529,0.1388
10,1517,1527,0.1388
10,1520,1530,0.1388
10,1508,1518,0.1388
13,1504,1517,0.1388
13,1508,1521,0.1388
13,1497,1510,0.1388
12,1517,1529,0.1388
12,1507,1519,0.1388
11,1512,1523,0.1388
13,1506,1519,0.1388
13,1516,1529,0.1388
13,1514,1527,0.1388
13,1524,1537,0.1388
13,1528,1541,0.1388
12,1520,1532,0.1388
10,1518,1528,0.1388
9,1512,1521,0.1388
10,1512,1522,0.1388
10,1519,1529,0.1388
10,1528,1538,0.1388
8,1523,1531,0.1388
8,1521,1529,0.1388
9,1511,1520,0.1388
10,1502,1512,0.1388
10,1499,1509,0.1388
9,1506,1515,0.1388
9,1502,1511,0.1388
9,1499,1508,0.1388
9,1507,1516,0.1388
9,1509,1518,0.1388
8,1509,1517,0.1388
8,1507,1515,0.1388
8,1501,1509,0.1388
9,1494,1503,0.1388
9,1494,1503,0.1388
8,1487,1495,0.1388
9,1504,1513,0.1388
9,1510,1519,0.1388
8,1499,1507,0.1388
10,1511,1521,0.1388
10,1512,1522,0.1388
10,1509,1519,0.1388
10,1508,1518,0.1388
10,1499,1509,0.1388
10,1508,1518,0.1388
10,1511,1521,0.1388
11,1500,1511,0.1388
11,1484,1495,0.1388
12,1504,1516,0.1388
12,1515,1527,0.1388
12,1519,1531,0.1388
13,1520,1533,0.1388
12,1505,1517,0.1388
12,1499,1511,0.1388
13,1490,1503,0.1388
13,1504,1517,0.1388
13,1508,1521,0.1388
13,1501,1514,0.1388
14,1504,1518,0.1388
13,1508,1521,0.1388
14,1500,1514,0.1388
13,1512,1525,0.1388
14,1509,1523,0.1388
14,1519,1533,0.1388
14,1519,1533,0.1388
14,1529,1543,0.1388
14,1513,1527,0.1388
14,1514,1528,0.1388
14,1518,1532,0.1388
14,1503,1517,0.1388
14,1510,1524,0.1388
13,1518,1531,0.1388
13,1513,1526,0.1388
13,1513,1526,0.1388
13,1505,1518,0.1388
13,1506,1519,0.1388
12,1497,1509,0.1388
12,1491,1503,0.1388
13,1503,1516,0.1388
13,1490,1503,0.1388
13,1506,1519,0.1388
12,1506,1518,0.1388
12,1517,1529,0.1388
13,1508,1521,0.1388
13,1512,1525,0.1388
15,1513,1528,0.1388
15,1521,1536,0.1388
15,1525,1540,0.1388
14,1522,1536,0.1388
14,1526,1540,0.1388
14,1518,1532,0.1388
14,1519,1533,0.1388
15,1519,1534,0.1388
15,1497,1512,0.1388
15,1499,1514,0.1388
14,1488,1502,0.1388
14,1491,1505,0.1388
14,1495,1509,0.1388
14,1479,1493,0.1388
15,1494,1509,0.1388
15,1507,1522,0.1388
16,1516,1532,0.1388
16,1505,1521,0.1388
16,1495,1511,0.1388
16,1503,1519,0.1388
17,1490,1507,0.1388
17,1498,1515,0.1388
18,1504,1522,0.1388
18,1505,1523,0.1388
17,1501,1518,0.1388
19,1499,1518,0.1388
19,1499,1518,0.1388
19,1496,1515,0.1388
18,1498,1516,0.1388
18,1491,1509,0.1388
18,1481,1499,0.1388
16,1477,1493,0.1388
16,1490,1506,0.1388
16,1500,1516,0.1388
17,1496,1513,0.1388
17,1485,1502,0.1388
17,1502,1519,0.1388
19,1496,1515,0.1388
19,1495,1514,0.1388
19,1503,1522,0.1388
19,1506,1525,0.1388
19,1499,1518,0.1388
19,1499,1518,0.1388
19,1493,1512,0.1388
19,1488,1507,0.1388
18,1485,1503,0.1388
18,1492,1510,0.1388
17,1486,1503,0.1388
18,1485,1503,0.1388
18,1490,1508,0.1388
17,1501,1518,0.1388
17,1507,1524,0.1388
18,1503,1521,0.1388
16,1505,1521,0.1388
16,1506,1522,0.1388
16,1498,1514,0.1388
16,1495,1511,0.1388
16,1506,1522,0.1388
17,1501,1518,0.1388
16,1500,1516,0.1388
15,1487,1502,0.1388
14,1502,1516,0.1388
12,1492,1504,0.1388
13,1514,1527,0.1388
14,1508,1522,0.1388
14,1497,1511,0.1388
14,1496,1510,0.1388
14,1495,1509,0.1388
14,1500,1514,0.1388
14,1494,1508,0.1388
12,1502,1514,0.1388
12,1501,1513,0.1388
12,1508,1520,0.1388
12,1514,1526,0.1388
11,1512,1523,0.1388
12,1512,1524,0.1388
12,1506,1518,0.1388
12,1500,1512,0.1388
12,1505,1517,0.1388
13,1505,1518,0.1388
12,1495,1507,0.1388
11,1506,1517,0.1388
9,1495,1504,0.1388
9,1507,1516,0.1388
9,1498,1507,0.1388
8,1493,1501,0.1388
9,1489,1498,0.1388
9,1493,1502,0.1388
9,1501,1510,0.1388
9,1510,1519,0.1388
9,1503,1512,0.1388
9,1489,1498,0.1388
9,1490,1499,0.1388
9,1483,1492,0.1388
9,1491,1500,0.1388
9,1504,1513,0.1388
9,1510,1519,0.1388
9,1502,1511,0.1388
9,1507,1516,0.1388
10,1503,1513,0.1388
10,1520,1530,0.1388
10,1523,1533,0.1388
10,1510,1520,0.1388
9,1496,1505,0.1388
9,1491,1500,0.1388
9,1488,1497,0.1388
10,1497,1507,0.1388
10,1507,1517,0.1388
9,1492,1501,0.1388
7,1506,1513,0.1388
7,1500,1507,0.1388
7,1502,1509,0.1388
7,1499,1506,0.1388
7,1506,1513,0.1388
7,1489,1496,0.1388
8,1503,1511,0.1388
9,1497,1506,0.1388
9,1504,1513,0.1388
9,1503,1512,0.1388
8,1498,1506,0.1388
7,1506,1513,0.1388
8,1510,1518,0.1388
8,1509,1517,0.1388
8,1509,1517,0.1388
9,1516,1525,0.1388
9,1500,1509,0.1388
9,1487,1496,0.1388
8,1507,1515,0.1388
9,1509,1518,0.1388
10,1518,1528,0.1388
9,1514,1523,0.1388
9,1496,1505,0.1388
9,1483,1492,0.1388
10,1488,1498,0.1388
10,1501,1511,0.1388
10,1505,1515,0.1388
9,1513,1522,0.1388
9,1509,1518,0.1388
10,1506,1516,0.1388
10,1506,1516,0.1388
10,1517,1527,0.1388
10,1513,1523,0.1388
10,1528,1538,0.1388
10,1512,1522,0.1388
10,1510,1520,0.1388
9,1517,1526,0.1388
10,1521,1531,0.1388
9,1507,1516,0.1388
11,1509,1520,0.1388
10,1515,1525,0.1388
10,1514,1524,0.1388
10,1511,1521,0.1388
10,1517,1527,0.1388
9,1517,1526,0.1388
9,1504,1513,0.1388
10,1517,1527,0.1388
10,1521,1531,0.1388
10,1517,1527,0.1388
11,1512,1523,0.1388
11,1514,1525,0.1388
11,1517,1528,0.1388
11,1507,1518,0.1388
11,1502,1513,0.1388
11,1502,1513,0.1388
11,1511,1522,0.1388
10,1503,1513,0.1388
10,1508,1518,0.1388
10,1502,1512,0.1388
9,1518,1527,0.1388
8,1508,1516,0.1388
8,1501,1509,0.1388
8,1499,1507,0.1388
8,1496,1504,0.1388
9,1498,1507,0.1388
9,1511,1520,0.1388
8,1513,1521,0.1388
8,1508,1516,0.1388
8,1511,1519,0.1388
8,1508,1516,0.1388
8,1508,1516,0.1388
8,1515,1523,0.1388
8,1514,1522,0.1388
7,1505,1512,0.1388
6,1498,1504,0.1388
6,1508,1514,0.1388
6,1509,1515,0.1388
6,1511,1517,0.1388
6,1509,1515,0.1388
7,1499,1506,0.1388
8,1515,1523,0.1388
9,1514,1523,0.1388
8,1497,1505,0.1388
8,1491,1499,0.1388
8,1496,1504,0.1388
8,1498,1506,0.1388
8,1495,1503,0.1388
8,1498,1506,0.1388
8,1513,1521,0.1388
8,1509,1517,0.1388
8,1511,1519,0.1388
6,1508,1514,0.1388
7,1500,1507,0.1388
7,1499,1506,0.1388
7,1495,1502,0.1388
8,1515,1523,0.1388
8,1514,1522,0.1388
9,1505,1514,0.1388
9,1512,1521,0.1388
8,1520,1528,0.1388
8,1511,1519,0.1388
8,1517,1525,0.1388
8,1507,1515,0.1388
8,1508,1516,0.1388
6,1501,1507,0.1388
6,1502,1508,0.1388
6,1496,1502,0.1388
6,1507,1513,0.1388
6,1505,1511,0.1388
5,1513,1518,0.1388
6,1525,1531,0.1388
6,1512,1518,0.1388
6,1524,1530,0.1388
6,1526,1532,0.1388
5,1520,1525,0.1388
5,1514,1519,0.1388
5,1514,1519,0.1388
5,1512,1517,0.1388
5,1501,1506,0.1388
5,1495,1500,0.1388
4,1514,1518,0.1388
5,1512,1517,0.1388
4,1517,1521,0.1388
4,1516,1520,0.1388
4,1523,1527,0.1388
4,1514,1518,0.1388
4,1520,1524,0.1388
4,1510,1514,0.1388
4,1515,1519,0.1388
4,1512,1516,0.1388
5,1497,1502,0.1388
5,1501,1506,0.1388
5,1508,1513,0.1388
5,1507,1512,0.1388
4,1510,1514,0.1388
3,1496,1499,0.1388
3,1508,1511,0.1388
3,1518,1521,0.1388
3,1520,1523,0.1388
3,1519,1522,0.1388
3,1521,1524,0.1388
3,1510,1513,0.1388
3,1509,1512,0.1388
2,1497,1499,0.1388
2,1489,1491,0.1388
2,1498,1500,0.1388
2,1508,1510,0.1388
2,1516,1518,0.1388
2,1519,1521,0.1388
2,1513,1515,0.1388
2,1498,1500,0.1388
2,1499,1501,0.1388
2,1514,1516,0.1388
2,1519,1521,0.1388
3,1513,1516,0.1388
3,1507,1510,0.1388
3,1514,1517,0.1388
3,1503,1506,0.1388
3,1510,1513,0.1388
3,1502,1505,0.1388
3,1501,1504,0.1388
3,1509,1512,0.1388
3,1516,1519,0.1388
4,1510,1514,0.1388
4,1513,1517,0.1388
4,1517,1521,0.1388
4,1517,1521,0.1388
3,1502,1505,0.1388
3,1520,1523,0.1388
3,1522,1525,0.1388
3,1512,1515,0.1388
3,1517,1520,0.1388
2,1521,1523,0.1388
2,1502,1504,0.1388
2,1508,1510,0.1388
2,1512,1514,0.1388
2,1520,1522,0.1388
2,1521,1523,0.1388
2,1506,1508,0.1388
2,1505,1507,0.1388
2,1503,1505,0.1388
2,1501,1503,0.1388
2,1522,1524,0.1388
2,1522,1524,0.1388
2,1522,1524,0.1388
2,1523,1525,0.1388
2,1527,1529,0.1388
2,1519,1521,0.1388
2,1516,1518,0.1388
2,1513,1515,0.1388
2,1504,1506,0.1388
2,1507,1509,0.1388
2,1511,1513,0.1388
2,1523,1525,0.1388
2,1519,1521,0.1388
2,1512,1514,0.1388
2,1509,1511,0.1388
2,1513,1515,0.1388
2,1494,1496,0.1388
2,1495,1497,0.1388
3,1502,1505,0.1388
3,1509,1512,0.1388
3,1500,1503,0.1388
3,1517,1520,0.1388
3,1515,1518,0.1388
2,1513,1515,0.1388
3,1511,1514,0.1388
3,1507,1510,0.1388
3,1523,1526,0.1388
3,1503,1506,0.1388
3,1512,1515,0.1388
3,1526,1529,0.1388
3,1521,1524,0.1388
3,1511,1514,0.1388
3,1509,1512,0.1388
3,1496,1499,0.1388
3,1513,1516,0.1388
2,1509,1511,0.1388
2,1522,1524,0.1388
2,1530,1532,0.1388
2,1516,1518,0.1388
2,1519,1521,0.1388
1,1518,1519,0.1388
2,1508,1510,0.1388
2,1499,1501,0.1388
2,1514,1516,0.1388
2,1516,1518,0.1388
1,1510,1511,0.1388
1,1511,1512,0.1388
1,1505,1506,0.1388
1,1505,1506,0.1388
1,1502,1503,0.1388
1,1501,1502,0.1388
1,1512,1513,0.1388
1,1511,1512,0.1388
1,1512,1513,0.1388
1,1513,1514,0.1388
1,1510,1511,0.1388
1,1511,1512,0.1388
1,1517,1518,0.1388
1,1520,1521,0.1388
1,1524,1525,0.1388
1,1513,1514,0.1388
1,1513,1514,0.1388
1,1510,1511,0.1388
1,1507,1508,0.1388
1,1496,1497,0.1388
1,1516,1517,0.1388
1,1509,1510,0.1388
1,1511,1512,0.1388
1,1507,1508,0.1388
1,1509,1510,0.1388
1,1523,1524,0.1388
1,1519,1520,0.1388
1,1518,1519,0.1388
1,1536,1537,0.1388
1,1531,1532,0.1388
1,1535,1536,0.1388
1,1526,1527,0.1388
1,1532,1533,0.1388
1,1516,1517,0.1388
1,1508,1509,0.1388
1,1508,1509,0.1388
1,1514,1515,0.1388
1,1516,1517,0.1388
1,1520,1521,0.1388
0,1521,1521,0.1388
