1366,28,1394,0.1388
1401,27,1428,0.1388
1419,29,1448,0.1388
1440,29,1469,0.1388
1446,31,1477,0.1388
1458,31,1489,0.1388
1460,31,1491,0.1388
1454,30,1484,0.1388
1467,31,1498,0.1388
1469,31,1500,0.1388
1462,31,1493,0.1388
1451,33,1484,0.1388
1455,36,1491,0.1388
1461,37,1498,0.1388
1460,37,1497,0.1388
1460,38,1498,0.1388
1459,38,1497,0.1388
1451,38,1489,0.1388
1446,37,1483,0.1388
1436,35,1471,0.1388
1443,33,1476,0.1388
1438,34,1472,0.1388
1439,32,1471,0.1388
1443,33,1476,0.1388
1450,33,1483,0.1388
1452,33,1485,0.1388
1437,35,1472,0.1388
1454,35,1489,0.1388
1457,32,1489,0.1388
1461,30,1491,0.1388
1459,32,1491,0.1388
1470,32,1502,0.1388
1462,31,1493,0.1388
1471,31,1502,0.1388
1468,31,1499,0.1388
1476,33,1509,0.1388
1472,34,1506,0.1388
1467,33,1500,0.1388
1460,32,1492,0.1388
1469,33,1502,0.1388
1471,33,1504,0.1388
1471,33,1504,0.1388
1471,34,1505,0.1388
1452,33,1485,0.1388
1451,33,1484,0.1388
1457,33,1490,0.1388
1458,31,1489,0.1388
1456,32,1488,0.1388
1455,33,1488,0.1388
1458,33,1491,0.1388
1452,33,1485,0.1388
1448,34,1482,0.1388
1451,36,1487,0.1388
1464,37,1501,0.1388
1473,37,1510,0.1388
1471,37,1508,0.1388
1468,38,1506,0.1388
1469,39,1508,0.1388
1447,38,1485,0.1388
1449,37,1486,0.1388
1451,39,1490,0.1388
1451,38,1489,0.1388
1458,35,1493,0.1388
1450,36,1486,0.1388
1446,36,1482,0.1388
1446,36,1482,0.1388
1441,36,1477,0.1388
1453,37,1490,0.1388
1458,39,1497,0.1388
1448,42,1490,0.1388
1446,44,1490,0.1388
1449,42,1491,0.1388
1446,42,1488,0.1388
1448,43,1491,0.1388
1458,44,1502,0.1388
1440,46,1486,0.1388
1450,46,1496,0.1388
1439,46,1485,0.1388
1435,49,1484,0.1388
1433,48,1481,0.1388
1441,47,1488,0.1388
1445,48,1493,0.1388
1438,49,1487,0.1388
1421,49,1470,0.1388
1435,48,1483,0.1388
1437,48,1485,0.1388
1433,48,1481,0.1388
1434,48,1482,0.1388
1435,47,1482,0.1388
1436,48,1484,0.1388
1427,44,1471,0.1388
1433,47,1480,0.1388
1448,49,1497,0.1388
1444,51,1495,0.1388
1445,56,1501,0.1388
1445,58,1503,0.1388
1444,57,1501,0.1388
1438,59,1497,0.1388
1436,60,1496,0.1388
1432,61,1493,0.1388
1432,58,1490,0.1388
1440,56,1496,0.1388
1429,58,1487,0.1388
1450,57,1507,0.1388
1462,53,1515,0.1388
1453,54,1507,0.1388
1450,54,1504,0.1388
1445,55,1500,0.1388
1436,55,1491,0.1388
1452,53,1505,0.1388
1445,54,1499,0.1388
1439,55,1494,0.1388
1447,55,1502,0.1388
1449,55,1504,0.1388
1441,54,1495,0.1388
1443,55,1498,0.1388
1439,52,1491,0.1388
1442,52,1494,0.1388
1444,55,1499,0.1388
1445,57,1502,0.1388
1451,57,1508,0.1388
1450,57,1507,0.1388
1452,56,1508,0.1388
1440,58,1498,0.1388
1446,57,1503,0.1388
1451,52,1503,0.1388
1440,52,1492,0.1388
1457,51,1508,0.1388
1442,49,1491,0.1388
1444,50,1494,0.1388
1454,52,1506,0.1388
1462,52,1514,0.1388
1461,52,1513,0.1388
1469,53,1522,0.1388
1469,51,1520,0.1388
1466,52,1518,0.1388
1459,51,1510,0.1388
1460,52,1512,0.1388
1453,53,1506,0.1388
1455,51,1506,0.1388
1443,52,1495,0.1388
1447,52,1499,0.1388
1431,53,1484,0.1388
1436,53,1489,0.1388
1438,53,1491,0.1388
1442,54,1496,0.1388
1435,54,1489,0.1388
1435,53,1488,0.1388
1442,55,1497,0.1388
1435,57,1492,0.1388
1430,57,1487,0.1388
1428,55,1483,0.1388
1432,54,1486,0.1388
1432,54,1486,0.1388
1432,54,1486,0.1388
1440,55,1495,0.1388
1441,57,1498,0.1388
1441,59,1500,0.1388
1428,60,1488,0.1388
1423,60,1483,0.1388
1422,63,1485,0.1388
1425,62,1487,0.1388
1437,62,1499,0.1388
1430,60,1490,0.1388
1434,58,1492,0.1388
1425,60,1485,0.1388
1422,63,1485,0.1388
1439,67,1506,0.1388
1434,68,1502,0.1388
1427,72,1499,0.1388
1416,74,1490,0.1388
1417,72,1489,0.1388
1421,72,1493,0.1388
1434,72,1506,0.1388
1425,74,1499,0.1388
1435,71,1506,0.1388
1434,74,1508,0.1388
1425,76,1501,0.1388
1423,77,1500,0.1388
1419,77,1496,0.1388
1416,75,1491,0.1388
1412,78,1490,0.1388
1416,77,1493,0.1388
1411,81,1492,0.1388
1406,82,1488,0.1388
1413,81,1494,0.1388
1432,77,1509,0.1388
1439,79,1518,0.1388
1423,79,1502,0.1388
1423,80,1503,0.1388
1418,80,1498,0.1388
1407,80,1487,0.1388
1397,79,1476,0.1388
1405,81,1486,0.1388
1393,82,1475,0.1388
1387,81,1468,0.1388
1394,79,1473,0.1388
1404,84,1488,0.1388
1417,80,1497,0.1388
1424,83,1507,0.1388
1411,83,1494,0.1388
1409,82,1491,0.1388
1407,81,1488,0.1388
1409,82,1491,0.1388
1406,80,1486,0.1388
1400,83,1483,0.1388
1395,85,1480,0.1388
1405,80,1485,0.1388
1402,81,1483,0.1388
1400,81,1481,0.1388
1412,82,1494,0.1388
1414,79,1493,0.1388
1413,81,1494,0.1388
1417,80,1497,0.1388
1421,80,1501,0.1388
1411,85,1496,0.1388
1401,80,1481,0.1388
1402,79,1481,0.1388
1401,81,1482,0.1388
1396,81,1477,0.1388
1398,82,1480,0.1388
1394,83,1477,0.1388
1399,83,1482,0.1388
1394,83,1477,0.1388
1410,83,1493,0.1388
1415,88,1503,0.1388
1407,89,1496,0.1388
1403,87,1490,0.1388
1416,85,1501,0.1388
1409,83,1492,0.1388
1399,82,1481,0.1388
1407,83,1490,0.1388
1414,80,1494,0.1388
1418,80,1498,0.1388
1430,79,1509,0.1388
1430,83,1513,0.1388
1425,80,1505,0.1388
1417,81,1498,0.1388
1412,81,1493,0.1388
1412,80,1492,0.1388
1410,81,1491,0.1388
1410,85,1495,0.1388
1412,85,1497,0.1388
1421,87,1508,0.1388
1411,84,1495,0.1388
1409,87,1496,0.1388
1407,88,1495,0.1388
1408,85,1493,0.1388
1401,82,1483,0.1388
1418,86,1504,0.1388
1404,87,1491,0.1388
1407,85,1492,0.1388
1402,87,1489,0.1388
1401,89,1490,0.1388
1403,89,1492,0.1388
1396,89,1485,0.1388
1406,85,1491,0.1388
1405,85,1490,0.1388
1412,86,1498,0.1388
1412,85,1497,0.1388
1400,83,1483,0.1388
1408,84,1492,0.1388
1404,89,1493,0.1388
1397,91,1488,0.1388
1405,90,1495,0.1388
1412,93,1505,0.1388
1398,94,1492,0.1388
1393,90,1483,0.1388
1392,92,1484,0.1388
1383,96,1479,0.1388
1390,95,1485,0.1388
1391,99,1490,0.1388
1382,101,1483,0.1388
1383,101,1484,0.1388
1381,103,1484,0.1388
1378,110,1488,0.1388
1378,109,1487,0.1388
1365,113,1478,0.1388
1375,114,1489,0.1388
1389,109,1498,0.1388
1384,110,1494,0.1388
1391,109,1500,0.1388
1389,112,1501,0.1388
1388,110,1498,0.1388
1384,110,1494,0.1388
1393,109,1502,0.1388
1390,108,1498,0.1388
1378,102,1480,0.1388
1375,104,1479,0.1388
1371,104,1475,0.1388
1378,104,1482,0.1388
1380,102,1482,0.1388
1373,104,1477,0.1388
1399,107,1506,0.1388
1387,107,1494,0.1388
1387,107,1494,0.1388
1381,102,1483,0.1388
1383,101,1484,0.1388
1391,106,1497,0.1388
1398,106,1504,0.1388
1386,105,1491,0.1388
1389,107,1496,0.1388
1389,111,1500,0.1388
1387,113,1500,0.1388
1375,115,1490,0.1388
1382,109,1491,0.1388
1385,110,1495,0.1388
1396,110,1506,0.1388
1395,112,1507,0.1388
1393,114,1507,0.1388
1397,109,1506,0.1388
1394,105,1499,0.1388
1400,102,1502,0.1388
1401,106,1507,0.1388
1398,105,1503,0.1388
1380,106,1486,0.1388
1389,106,1495,0.1388
1377,104,1481,0.1388
1381,108,1489,0.1388
1375,110,1485,0.1388
1390,109,1499,0.1388
1391,108,1499,0.1388
1386,107,1493,0.1388
1386,106,1492,0.1388
1383,106,1489,0.1388
1391,106,1497,0.1388
1402,112,1514,0.1388
1399,113,1512,0.1388
1394,110,1504,0.1388
1389,108,1497,0.1388
1386,107,1493,0.1388
1391,108,1499,0.1388
1393,109,1502,0.1388
1398,108,1506,0.1388
1403,107,1510,0.1388
1391,105,1496,0.1388
1401,109,1510,0.1388
1392,107,1499,0.1388
1386,104,1490,0.1388
1389,107,1496,0.1388
1389,108,1497,0.1388
1384,109,1493,0.1388
1389,107,1496,0.1388
1390,109,1499,0.1388
1393,106,1499,0.1388
1396,107,1503,0.1388
1397,107,1504,0.1388
1393,107,1500,0.1388
1383,103,1486,0.1388
1379,107,1486,0.1388
1373,108,1481,0.1388
1386,109,1495,0.1388
1378,109,1487,0.1388
1400,110,1510,0.1388
1408,109,1517,0.1388
1406,109,1515,0.1388
1397,112,1509,0.1388
1397,114,1511,0.1388
1385,115,1500,0.1388
1391,116,1507,0.1388
1390,116,1506,0.1388
1397,115,1512,0.1388
1384,115,1499,0.1388
1362,116,1478,0.1388
1364,120,1484,0.1388
1367,120,1487,0.1388
1367,121,1488,0.1388
1352,121,1473,0.1388
1354,121,1475,0.1388
1359,122,1481,0.1388
1360,125,1485,0.1388
1360,126,1486,0.1388
1361,131,1492,0.1388
1362,133,1495,0.1388
1365,141,1506,0.1388
1365,142,1507,0.1388
1365,143,1508,0.1388
1348,140,1488,0.1388
1339,142,1481,0.1388
1347,147,1494,0.1388
1350,146,1496,0.1388
1344,146,1490,0.1388
1337,145,1482,0.1388
1332,144,1476,0.1388
1337,145,1482,0.1388
1352,145,1497,0.1388
1355,148,1503,0.1388
1357,147,1504,0.1388
1348,146,1494,0.1388
1342,147,1489,0.1388
1353,149,1502,0.1388
1345,147,1492,0.1388
1348,145,1493,0.1388
1363,142,1505,0.1388
1353,144,1497,0.1388
1359,146,1505,0.1388
1361,145,1506,0.1388
1350,150,1500,0.1388
1348,152,1500,0.1388
1348,152,1500,0.1388
1342,151,1493,0.1388
1343,151,1494,0.1388
1334,148,1482,0.1388
1333,149,1482,0.1388
1343,154,1497,0.1388
1354,154,1508,0.1388
1336,153,1489,0.1388
1338,147,1485,0.1388
1337,143,1480,0.1388
1338,145,1483,0.1388
1357,146,1503,0.1388
1355,151,1506,0.1388
1347,153,1500,0.1388
1346,152,1498,0.1388
1341,155,1496,0.1388
1325,153,1478,0.1388
1345,153,1498,0.1388
1341,150,1491,0.1388
1333,153,1486,0.1388
1347,155,1502,0.1388
1339,155,1494,0.1388
1342,156,1498,0.1388
1339,155,1494,0.1388
1344,155,1499,0.1388
1348,153,1501,0.1388
1345,152,1497,0.1388
1348,151,1499,0.1388
1358,152,1510,0.1388
1358,150,1508,0.1388
1345,152,1497,0.1388
1351,150,1501,0.1388
1359,150,1509,0.1388
1349,152,1501,0.1388
1334,152,1486,0.1388
1329,154,1483,0.1388
1315,150,1465,0.1388
1327,151,1478,0.1388
1334,147,1481,0.1388
1357,150,1507,0.1388
1361,151,1512,0.1388
1359,156,1515,0.1388
1351,154,1505,0.1388
1357,155,1512,0.1388
1355,159,1514,0.1388
1352,158,1510,0.1388
1344,157,1501,0.1388
1345,156,1501,0.1388
1345,154,1499,0.1388
1338,156,1494,0.1388
1331,161,1492,0.1388
1333,161,1494,0.1388
1330,158,1488,0.1388
1336,158,1494,0.1388
1327,159,1486,0.1388
1335,163,1498,0.1388
1338,164,1502,0.1388
1332,164,1496,0.1388
1338,161,1499,0.1388
1339,159,1498,0.1388
1335,158,1493,0.1388
1334,157,1491,0.1388
1332,160,1492,0.1388
1331,162,1493,0.1388
1331,165,1496,0.1388
1343,169,1512,0.1388
1339,169,1508,0.1388
1332,165,1497,0.1388
1333,163,1496,0.1388
1334,163,1497,0.1388
1338,163,1501,0.1388
1331,164,1495,0.1388
1332,169,1501,0.1388
1334,172,1506,0.1388
1326,173,1499,0.1388
1330,173,1503,0.1388
1322,176,1498,0.1388
1329,180,1509,0.1388
1333,181,1514,0.1388
1323,178,1501,0.1388
1318,174,1492,0.1388
1314,172,1486,0.1388
1304,178,1482,0.1388
1308,179,1487,0.1388
1296,178,1474,0.1388
1291,179,1470,0.1388
1310,175,1485,0.1388
1298,181,1479,0.1388
1324,184,1508,0.1388
1325,184,1509,0.1388
1313,184,1497,0.1388
1299,184,1483,0.1388
1299,182,1481,0.1388
1308,185,1493,0.1388
1312,185,1497,0.1388
1315,186,1501,0.1388
1316,185,1501,0.1388
1293,192,1485,0.1388
1296,188,1484,0.1388
1308,183,1491,0.1388
1312,183,1495,0.1388
1311,190,1501,0.1388
1301,194,1495,0.1388
1311,188,1499,0.1388
1309,190,1499,0.1388
1312,193,1505,0.1388
1297,188,1485,0.1388
1306,187,1493,0.1388
1302,189,1491,0.1388
1295,185,1480,0.1388
1289,180,1469,0.1388
1295,178,1473,0.1388
1282,180,1462,0.1388
1290,183,1473,0.1388
1288,187,1475,0.1388
1292,193,1485,0.1388
1297,196,1493,0.1388
1284,193,1477,0.1388
1295,191,1486,0.1388
1292,192,1484,0.1388
1292,202,1494,0.1388
1302,200,1502,0.1388
1288,200,1488,0.1388
1295,198,1493,0.1388
1300,195,1495,0.1388
1303,195,1498,0.1388
1291,193,1484,0.1388
1285,196,1481,0.1388
1277,202,1479,0.1388
1278,205,1483,0.1388
1293,202,1495,0.1388
1279,205,1484,0.1388
1270,209,1479,0.1388
1273,213,1486,0.1388
1281,214,1495,0.1388
1278,217,1495,0.1388
1278,221,1499,0.1388
1284,221,1505,0.1388
1271,219,1490,0.1388
1269,218,1487,0.1388
1260,215,1475,0.1388
1262,216,1478,0.1388
1257,220,1477,0.1388
1267,228,1495,0.1388
1254,233,1487,0.1388
1256,233,1489,0.1388
1266,232,1498,0.1388
1259,233,1492,0.1388
1247,236,1483,0.1388
1259,237,1496,0.1388
1254,237,1491,0.1388
1255,239,1494,0.1388
1264,234,1498,0.1388
1260,239,1499,0.1388
1259,237,1496,0.1388
1260,244,1504,0.1388
1258,244,1502,0.1388
1270,241,1511,0.1388
1275,240,1515,0.1388
1266,244,1510,0.1388
1266,246,1512,0.1388
1260,245,1505,0.1388
1256,247,1503,0.1388
1257,245,1502,0.1388
1252,245,1497,0.1388
1241,245,1486,0.1388
1248,244,1492,0.1388
1250,245,1495,0.1388
1256,246,1502,0.1388
1253,245,1498,0.1388
1244,244,1488,0.1388
1226,241,1467,0.1388
1225,248,1473,0.1388
1223,245,1468,0.1388
1221,247,1468,0.1388
1217,258,1475,0.1388
1219,261,1480,0.1388
1210,260,1470,0.1388
1223,259,1482,0.1388
1217,258,1475,0.1388
1223,261,1484,0.1388
1226,264,1490,0.1388
1213,264,1477,0.1388
1213,256,1469,0.1388
1228,257,1485,0.1388
1239,255,1494,0.1388
1243,260,1503,0.1388
1222,264,1486,0.1388
1224,267,1491,0.1388
1232,272,1504,0.1388
1234,266,1500,0.1388
1228,263,1491,0.1388
1227,268,1495,0.1388
1227,268,1495,0.1388
1233,270,1503,0.1388
1229,268,1497,0.1388
1223,267,1490,0.1388
1220,274,1494,0.1388
1212,274,1486,0.1388
1220,272,1492,0.1388
1221,272,1493,0.1388
1219,274,1493,0.1388
1208,277,1485,0.1388
1212,280,1492,0.1388
1222,283,1505,0.1388
1199,287,1486,0.1388
1205,283,1488,0.1388
1211,289,1500,0.1388
1207,287,1494,0.1388
1211,290,1501,0.1388
1195,296,1491,0.1388
1189,298,1487,0.1388
1180,295,1475,0.1388
1191,302,1493,0.1388
1189,305,1494,0.1388
1191,303,1494,0.1388
1195,306,1501,0.1388
1184,316,1500,0.1388
1177,313,1490,0.1388
1179,312,1491,0.1388
1178,305,1483,0.1388
1180,314,1494,0.1388
1177,321,1498,0.1388
1182,321,1503,0.1388
1182,322,1504,0.1388
1181,320,1501,0.1388
1178,322,1500,0.1388
1165,325,1490,0.1388
1175,327,1502,0.1388
1184,319,1503,0.1388
1178,319,1497,0.1388
1178,318,1496,0.1388
1181,322,1503,0.1388
1167,321,1488,0.1388
1164,326,1490,0.1388
1159,318,1477,0.1388
1162,321,1483,0.1388
1172,325,1497,0.1388
1170,325,1495,0.1388
1162,330,1492,0.1388
1173,336,1509,0.1388
1162,338,1500,0.1388
1154,337,1491,0.1388
1158,335,1493,0.1388
1160,335,1495,0.1388
1155,332,1487,0.1388
1149,334,1483,0.1388
1165,333,1498,0.1388
1153,332,1485,0.1388
1154,332,1486,0.1388
1151,332,1483,0.1388
1153,332,1485,0.1388
1160,335,1495,0.1388
1157,339,1496,0.1388
1157,336,1493,0.1388
1165,339,1504,0.1388
1164,336,1500,0.1388
1161,335,1496,0.1388
1172,329,1501,0.1388
1163,336,1499,0.1388
1144,340,1484,0.1388
1144,350,1494,0.1388
1145,345,1490,0.1388
1147,345,1492,0.1388
1147,345,1492,0.1388
1143,344,1487,0.1388
1145,350,1495,0.1388
1144,353,1497,0.1388
1137,355,1492,0.1388
1147,354,1501,0.1388
1144,353,1497,0.1388
1142,356,1498,0.1388
1137,360,1497,0.1388
1137,359,1496,0.1388
1146,356,1502,0.1388
1143,355,1498,0.1388
1149,356,1505,0.1388
1146,359,1505,0.1388
1140,367,1507,0.1388
1136,370,1506,0.1388
1118,369,1487,0.1388
1130,369,1499,0.1388
1129,370,1499,0.1388
1121,372,1493,0.1388
1119,374,1493,0.1388
1124,372,1496,0.1388
1117,368,1485,0.1388
1122,372,1494,0.1388
1120,375,1495,0.1388
1119,382,1501,0.1388
1111,378,1489,0.1388
1115,378,1493,0.1388
1115,382,1497,0.1388
1107,388,1495,0.1388
1099,392,1491,0.1388
1085,402,1487,0.1388
1080,405,1485,0.1388
1066,406,1472,0.1388
1070,417,1487,0.1388
1068,424,1492,0.1388
1059,423,1482,0.1388
1074,425,1499,0.1388
1071,425,1496,0.1388
1069,426,1495,0.1388
1061,417,1478,0.1388
1061,422,1483,0.1388
1056,430,1486,0.1388
1063,427,1490,0.1388
1065,431,1496,0.1388
1060,429,1489,0.1388
1064,424,1488,0.1388
1066,429,1495,0.1388
1060,442,1502,0.1388
1063,435,1498,0.1388
1064,433,1497,0.1388
1061,432,1493,0.1388
1065,440,1505,0.1388
1064,432,1496,0.1388
1067,427,1494,0.1388
1075,429,1504,0.1388
1067,426,1493,0.1388
1063,428,1491,0.1388
1074,422,1496,0.1388
1075,425,1500,0.1388
1067,426,1493,0.1388
1070,427,1497,0.1388
1063,428,1491,0.1388
1060,425,1485,0.1388
1074,422,1496,0.1388
1064,422,1486,0.1388
1060,423,1483,0.1388
1063,434,1497,0.1388
1049,435,1484,0.1388
1045,442,1487,0.1388
1044,442,1486,0.1388
1053,445,1498,0.1388
1053,446,1499,0.1388
1047,450,1497,0.1388
1063,448,1511,0.1388
1059,456,1515,0.1388
1065,462,1527,0.1388
1037,467,1504,0.1388
1035,468,1503,0.1388
1042,469,1511,0.1388
1033,468,1501,0.1388
1048,460,1508,0.1388
1047,466,1513,0.1388
1033,463,1496,0.1388
1027,469,1496,0.1388
1032,469,1501,0.1388
1032,474,1506,0.1388
1043,470,1513,0.1388
1042,464,1506,0.1388
1027,465,1492,0.1388
1025,474,1499,0.1388
1021,480,1501,0.1388
1025,482,1507,0.1388
1018,477,1495,0.1388
1017,485,1502,0.1388
1006,487,1493,0.1388
1006,478,1484,0.1388
1009,483,1492,0.1388
1017,486,1503,0.1388
1020,483,1503,0.1388
1015,494,1509,0.1388
1011,500,1511,0.1388
1011,500,1511,0.1388
1019,506,1525,0.1388
1010,508,1518,0.1388
1011,513,1524,0.1388
1007,510,1517,0.1388
1007,505,1512,0.1388
1008,505,1513,0.1388
1001,500,1501,0.1388
998,504,1502,0.1388
1003,503,1506,0.1388
1004,501,1505,0.1388
1002,504,1506,0.1388
1004,502,1506,0.1388
998,503,1501,0.1388
1004,503,1507,0.1388
1007,494,1501,0.1388
1015,498,1513,0.1388
1006,503,1509,0.1388
998,502,1500,0.1388
988,503,1491,0.1388
980,515,1495,0.1388
982,513,1495,0.1388
987,508,1495,0.1388
989,509,1498,0.1388
992,517,1509,0.1388
990,515,1505,0.1388
985,517,1502,0.1388
988,517,1505,0.1388
982,509,1491,0.1388
979,519,1498,0.1388
975,523,1498,0.1388
981,520,1501,0.1388
990,517,1507,0.1388
988,509,1497,0.1388
992,518,1510,0.1388
978,519,1497,0.1388
978,525,1503,0.1388
985,525,1510,0.1388
988,514,1502,0.1388
975,510,1485,0.1388
984,515,1499,0.1388
978,511,1489,0.1388
981,518,1499,0.1388
969,528,1497,0.1388
973,525,1498,0.1388
963,533,1496,0.1388
966,534,1500,0.1388
965,532,1497,0.1388
975,530,1505,0.1388
974,544,1518,0.1388
973,533,1506,0.1388
984,538,1522,0.1388
973,533,1506,0.1388
980,530,1510,0.1388
979,528,1507,0.1388
973,539,1512,0.1388
973,543,1516,0.1388
960,538,1498,0.1388
955,550,1505,0.1388
967,549,1516,0.1388
970,540,1510,0.1388
970,541,1511,0.1388
970,548,1518,0.1388
968,546,1514,0.1388
971,551,1522,0.1388
973,542,1515,0.1388
976,546,1522,0.1388
976,552,1528,0.1388
974,557,1531,0.1388
972,558,1530,0.1388
963,553,1516,0.1388
952,549,1501,0.1388
955,551,1506,0.1388
941,549,1490,0.1388
952,556,1508,0.1388
955,549,1504,0.1388
941,545,1486,0.1388
935,557,1492,0.1388
931,560,1491,0.1388
927,554,1481,0.1388
927,561,1488,0.1388
931,562,1493,0.1388
932,571,1503,0.1388
931,568,1499,0.1388
936,569,1505,0.1388
931,563,1494,0.1388
939,570,1509,0.1388
939,569,1508,0.1388
944,572,1516,0.1388
937,566,1503,0.1388
935,577,1512,0.1388
929,586,1515,0.1388
926,580,1506,0.1388
921,582,1503,0.1388
918,591,1509,0.1388
918,588,1506,0.1388
919,588,1507,0.1388
909,581,1490,0.1388
918,585,1503,0.1388
921,576,1497,0.1388
922,584,1506,0.1388
934,580,1514,0.1388
924,578,1502,0.1388
921,593,1514,0.1388
929,596,1525,0.1388
927,587,1514,0.1388
936,578,1514,0.1388
933,587,1520,0.1388
932,586,1518,0.1388
926,580,1506,0.1388
918,585,1503,0.1388
920,584,1504,0.1388
924,580,1504,0.1388
912,576,1488,0.1388
910,582,1492,0.1388
920,584,1504,0.1388
930,573,1503,0.1388
935,584,1519,0.1388
941,578,1519,0.1388
947,574,1521,0.1388
931,566,1497,0.1388
934,573,1507,0.1388
933,583,1516,0.1388
926,586,1512,0.1388
923,585,1508,0.1388
917,578,1495,0.1388
917,581,1498,0.1388
920,584,1504,0.1388
918,579,1497,0.1388
910,585,1495,0.1388
922,583,1505,0.1388
926,581,1507,0.1388
928,579,1507,0.1388
912,580,1492,0.1388
915,594,1509,0.1388
917,591,1508,0.1388
916,586,1502,0.1388
917,595,1512,0.1388
917,587,1504,0.1388
910,598,1508,0.1388
908,594,1502,0.1388
899,597,1496,0.1388
897,605,1502,0.1388
890,603,1493,0.1388
891,603,1494,0.1388
891,611,1502,0.1388
896,607,1503,0.1388
899,614,1513,0.1388
896,607,1503,0.1388
903,612,1515,0.1388
905,605,1510,0.1388
911,606,1517,0.1388
896,604,1500,0.1388
895,608,1503,0.1388
882,610,1492,0.1388
890,611,1501,0.1388
883,615,1498,0.1388
884,611,1495,0.1388
884,606,1490,0.1388
883,615,1498,0.1388
883,610,1493,0.1388
880,608,1488,0.1388
897,611,1508,0.1388
903,613,1516,0.1388
899,605,1504,0.1388
908,604,1512,0.1388
918,601,1519,0.1388
903,605,1508,0.1388
902,608,1510,0.1388
906,606,1512,0.1388
913,601,1514,0.1388
901,606,1507,0.1388
902,597,1499,0.1388
908,596,1504,0.1388
905,615,1520,0.1388
897,604,1501,0.1388
895,610,1505,0.1388
886,619,1505,0.1388
895,610,1505,0.1388
906,603,1509,0.1388
902,604,1506,0.1388
899,604,1503,0.1388
896,607,1503,0.1388
897,609,1506,0.1388
880,610,1490,0.1388
886,619,1505,0.1388
900,614,1514,0.1388
893,611,1504,0.1388
895,612,1507,0.1388
887,617,1504,0.1388
899,622,1521,0.1388
895,617,1512,0.1388
897,630,1527,0.1388
893,630,1523,0.1388
892,633,1525,0.1388
893,628,1521,0.1388
883,628,1511,0.1388
886,632,1518,0.1388
883,619,1502,0.1388
879,617,1496,0.1388
884,623,1507,0.1388
884,617,1501,0.1388
871,622,1493,0.1388
880,622,1502,0.1388
880,620,1500,0.1388
880,620,1500,0.1388
881,606,1487,0.1388
886,619,1505,0.1388
891,626,1517,0.1388
885,631,1516,0.1388
889,633,1522,0.1388
885,620,1505,0.1388
892,614,1506,0.1388
873,621,1494,0.1388
876,631,1507,0.1388
868,625,1493,0.1388
880,622,1502,0.1388
876,626,1502,0.1388
882,635,1517,0.1388
885,630,1515,0.1388
879,628,1507,0.1388
857,628,1485,0.1388
871,625,1496,0.1388
871,629,1500,0.1388
867,636,1503,0.1388
864,634,1498,0.1388
866,648,1514,0.1388
853,654,1507,0.1388
863,660,1523,0.1388
862,655,1517,0.1388
849,653,1502,0.1388
848,654,1502,0.1388
850,643,1493,0.1388
848,656,1504,0.1388
835,661,1496,0.1388
840,662,1502,0.1388
840,669,1509,0.1388
838,677,1515,0.1388
832,673,1505,0.1388
831,670,1501,0.1388
830,669,1499,0.1388
835,669,1504,0.1388
835,666,1501,0.1388
831,676,1507,0.1388
818,685,1503,0.1388
819,683,1502,0.1388
821,680,1501,0.1388
825,681,1506,0.1388
815,674,1489,0.1388
828,671,1499,0.1388
833,684,1517,0.1388
830,688,1518,0.1388
833,686,1519,0.1388
831,680,1511,0.1388
828,682,1510,0.1388
824,685,1509,0.1388
822,687,1509,0.1388
820,686,1506,0.1388
820,683,1503,0.1388
813,686,1499,0.1388
814,683,1497,0.1388
806,700,1506,0.1388
810,694,1504,0.1388
805,698,1503,0.1388
803,705,1508,0.1388
807,708,1515,0.1388
807,709,1516,0.1388
812,704,1516,0.1388
800,704,1504,0.1388
803,699,1502,0.1388
808,702,1510,0.1388
794,706,1500,0.1388
790,699,1489,0.1388
794,696,1490,0.1388
775,695,1470,0.1388
773,698,1471,0.1388
773,694,1467,0.1388
778,697,1475,0.1388
773,703,1476,0.1388
776,705,1481,0.1388
778,710,1488,0.1388
783,713,1496,0.1388
789,723,1512,0.1388
789,728,1517,0.1388
780,725,1505,0.1388
789,721,1510,0.1388
793,725,1518,0.1388
791,726,1517,0.1388
788,734,1522,0.1388
777,741,1518,0.1388
769,744,1513,0.1388
767,731,1498,0.1388
765,727,1492,0.1388
760,726,1486,0.1388
771,730,1501,0.1388
771,736,1507,0.1388
779,740,1519,0.1388
771,732,1503,0.1388
769,727,1496,0.1388
760,726,1486,0.1388
750,737,1487,0.1388
750,745,1495,0.1388
751,746,1497,0.1388
753,748,1501,0.1388
749,755,1504,0.1388
749,755,1504,0.1388
749,751,1500,0.1388
745,738,1483,0.1388
747,748,1495,0.1388
748,754,1502,0.1388
738,776,1514,0.1388
737,775,1512,0.1388
732,773,1505,0.1388
725,772,1497,0.1388
737,770,1507,0.1388
735,772,1507,0.1388
742,766,1508,0.1388
742,776,1518,0.1388
736,780,1516,0.1388
738,779,1517,0.1388
733,773,1506,0.1388
737,775,1512,0.1388
736,778,1514,0.1388
721,768,1489,0.1388
730,765,1495,0.1388
740,769,1509,0.1388
739,764,1503,0.1388
733,763,1496,0.1388
734,772,1506,0.1388
732,764,1496,0.1388
729,761,1490,0.1388
730,775,1505,0.1388
729,768,1497,0.1388
733,770,1503,0.1388
732,775,1507,0.1388
725,786,1511,0.1388
726,782,1508,0.1388
720,782,1502,0.1388
725,776,1501,0.1388
720,776,1496,0.1388
715,775,1490,0.1388
716,783,1499,0.1388
716,797,1513,0.1388
716,798,1514,0.1388
720,792,1512,0.1388
728,783,1511,0.1388
732,780,1512,0.1388
739,772,1511,0.1388
736,783,1519,0.1388
730,777,1507,0.1388
732,774,1506,0.1388
739,770,1509,0.1388
733,774,1507,0.1388
729,782,1511,0.1388
720,783,1503,0.1388
720,784,1504,0.1388
727,784,1511,0.1388
735,785,1520,0.1388
733,794,1527,0.1388
726,786,1512,0.1388
718,796,1514,0.1388
723,800,1523,0.1388
721,791,1512,0.1388
713,783,1496,0.1388
703,799,1502,0.1388
718,804,1522,0.1388
706,790,1496,0.1388
703,792,1495,0.1388
713,792,1505,0.1388
710,811,1521,0.1388
707,808,1515,0.1388
703,807,1510,0.1388
709,804,1513,0.1388
706,807,1513,0.1388
708,804,1512,0.1388
716,807,1523,0.1388
710,803,1513,0.1388
699,804,1503,0.1388
708,795,1503,0.1388
711,803,1514,0.1388
709,801,1510,0.1388
703,807,1510,0.1388
702,803,1505,0.1388
718,805,1523,0.1388
716,806,1522,0.1388
716,807,1523,0.1388
704,812,1516,0.1388
708,810,1518,0.1388
703,807,1510,0.1388
702,808,1510,0.1388
698,801,1499,0.1388
693,808,1501,0.1388
694,804,1498,0.1388
697,808,1505,0.1388
697,810,1507,0.1388
696,806,1502,0.1388
691,809,1500,0.1388
687,814,1501,0.1388
683,816,1499,0.1388
679,828,1507,0.1388
678,825,1503,0.1388
677,820,1497,0.1388
675,827,1502,0.1388
679,825,1504,0.1388
667,824,1491,0.1388
666,825,1491,0.1388
669,821,1490,0.1388
669,832,1501,0.1388
670,837,1507,0.1388
672,837,1509,0.1388
668,839,1507,0.1388
670,833,1503,0.1388
666,827,1493,0.1388
674,828,1502,0.1388
668,837,1505,0.1388
671,843,1514,0.1388
675,848,1523,0.1388
664,850,1514,0.1388
654,833,1487,0.1388
651,840,1491,0.1388
649,834,1483,0.1388
641,835,1476,0.1388
638,848,1486,0.1388
636,848,1484,0.1388
640,849,1489,0.1388
648,852,1500,0.1388
651,855,1506,0.1388
651,857,1508,0.1388
655,859,1514,0.1388
650,852,1502,0.1388
652,853,1505,0.1388
649,867,1516,0.1388
646,865,1511,0.1388
638,866,1504,0.1388
634,864,1498,0.1388
639,872,1511,0.1388
639,872,1511,0.1388
642,870,1512,0.1388
637,868,1505,0.1388
635,864,1499,0.1388
636,865,1501,0.1388
633,874,1507,0.1388
624,883,1507,0.1388
629,886,1515,0.1388
625,884,1509,0.1388
629,884,1513,0.1388
622,896,1518,0.1388
619,901,1520,0.1388
606,900,1506,0.1388
606,901,1507,0.1388
604,907,1511,0.1388
599,910,1509,0.1388
605,908,1513,0.1388
604,908,1512,0.1388
605,898,1503,0.1388
613,904,1517,0.1388
610,901,1511,0.1388
611,904,1515,0.1388
603,911,1514,0.1388
602,909,1511,0.1388
600,902,1502,0.1388
597,914,1511,0.1388
586,923,1509,0.1388
588,924,1512,0.1388
591,925,1516,0.1388
594,922,1516,0.1388
584,916,1500,0.1388
577,914,1491,0.1388
581,917,1498,0.1388
591,921,1512,0.1388
602,919,1521,0.1388
606,926,1532,0.1388
594,928,1522,0.1388
596,929,1525,0.1388
595,937,1532,0.1388
586,927,1513,0.1388
582,936,1518,0.1388
585,936,1521,0.1388
585,931,1516,0.1388
582,939,1521,0.1388
585,943,1528,0.1388
584,928,1512,0.1388
582,925,1507,0.1388
576,931,1507,0.1388
576,945,1521,0.1388
569,940,1509,0.1388
555,932,1487,0.1388
567,935,1502,0.1388
575,926,1501,0.1388
570,940,1510,0.1388
568,941,1509,0.1388
571,942,1513,0.1388
572,947,1519,0.1388
561,949,1510,0.1388
558,945,1503,0.1388
560,939,1499,0.1388
553,952,1505,0.1388
558,948,1506,0.1388
552,959,1511,0.1388
549,959,1508,0.1388
554,970,1524,0.1388
553,969,1522,0.1388
554,966,1520,0.1388
556,957,1513,0.1388
555,954,1509,0.1388
550,951,1501,0.1388
550,964,1514,0.1388
542,965,1507,0.1388
538,978,1516,0.1388
538,970,1508,0.1388
533,973,1506,0.1388
538,969,1507,0.1388
532,970,1502,0.1388
533,976,1509,0.1388
534,984,1518,0.1388
540,980,1520,0.1388
530,974,1504,0.1388
518,980,1498,0.1388
516,974,1490,0.1388
526,975,1501,0.1388
524,987,1511,0.1388
518,989,1507,0.1388
521,981,1502,0.1388
528,975,1503,0.1388
528,968,1496,0.1388
525,960,1485,0.1388
528,963,1491,0.1388
515,971,1486,0.1388
518,979,1497,0.1388
517,991,1508,0.1388
511,994,1505,0.1388
513,994,1507,0.1388
510,1002,1512,0.1388
507,1001,1508,0.1388
506,1004,1510,0.1388
517,996,1513,0.1388
509,995,1504,0.1388
512,998,1510,0.1388
504,996,1500,0.1388
511,1005,1516,0.1388
510,1008,1518,0.1388
512,1011,1523,0.1388
506,1007,1513,0.1388
508,1009,1517,0.1388
499,1003,1502,0.1388
500,990,1490,0.1388
498,993,1491,0.1388
499,1002,1501,0.1388
497,1006,1503,0.1388
501,1007,1508,0.1388
502,1003,1505,0.1388
491,992,1483,0.1388
495,1000,1495,0.1388
494,1011,1505,0.1388
486,1008,1494,0.1388
490,1006,1496,0.1388
493,1003,1496,0.1388
494,1013,1507,0.1388
495,1015,1510,0.1388
498,1025,1523,0.1388
506,1011,1517,0.1388
513,1013,1526,0.1388
501,1006,1507,0.1388
510,1012,1522,0.1388
502,1017,1519,0.1388
499,1007,1506,0.1388
494,1014,1508,0.1388
494,1015,1509,0.1388
485,1026,1511,0.1388
486,1024,1510,0.1388
485,1015,1500,0.1388
478,1020,1498,0.1388
475,1020,1495,0.1388
479,1016,1495,0.1388
479,1010,1489,0.1388
474,1028,1502,0.1388
475,1027,1502,0.1388
481,1021,1502,0.1388
487,1014,1501,0.1388
485,1013,1498,0.1388
482,1018,1500,0.1388
485,1013,1498,0.1388
475,1029,1504,0.1388
477,1022,1499,0.1388
482,1019,1501,0.1388
486,1018,1504,0.1388
487,1019,1506,0.1388
484,1023,1507,0.1388
484,1030,1514,0.1388
484,1021,1505,0.1388
487,1022,1509,0.1388
488,1021,1509,0.1388
484,1036,1520,0.1388
482,1036,1518,0.1388
477,1030,1507,0.1388
470,1038,1508,0.1388
466,1040,1506,0.1388
466,1043,1509,0.1388
469,1037,1506,0.1388
466,1036,1502,0.1388
471,1023,1494,0.1388
467,1026,1493,0.1388
471,1031,1502,0.1388
478,1029,1507,0.1388
477,1036,1513,0.1388
477,1037,1514,0.1388
480,1035,1515,0.1388
473,1026,1499,0.1388
468,1042,1510,0.1388
461,1046,1507,0.1388
466,1038,1504,0.1388
459,1044,1503,0.1388
462,1047,1509,0.1388
461,1057,1518,0.1388
452,1053,1505,0.1388
452,1054,1506,0.1388
456,1047,1503,0.1388
457,1044,1501,0.1388
454,1057,1511,0.1388
450,1060,1510,0.1388
447,1055,1502,0.1388
453,1055,1508,0.1388
458,1047,1505,0.1388
456,1049,1505,0.1388
449,1050,1499,0.1388
452,1053,1505,0.1388
456,1054,1510,0.1388
459,1051,1510,0.1388
456,1069,1525,0.1388
450,1073,1523,0.1388
445,1076,1521,0.1388
437,1075,1512,0.1388
445,1071,1516,0.1388
447,1075,1522,0.1388
448,1072,1520,0.1388
444,1073,1517,0.1388
445,1068,1513,0.1388
438,1071,1509,0.1388
435,1073,1508,0.1388
434,1067,1501,0.1388
434,1063,1497,0.1388
436,1066,1502,0.1388
435,1074,1509,0.1388
440,1065,1505,0.1388
442,1067,1509,0.1388
443,1064,1507,0.1388
441,1063,1504,0.1388
437,1065,1502,0.1388
443,1074,1517,0.1388
441,1078,1519,0.1388
444,1075,1519,0.1388
452,1069,1521,0.1388
451,1058,1509,0.1388
453,1067,1520,0.1388
451,1063,1514,0.1388
447,1072,1519,0.1388
443,1085,1528,0.1388
440,1083,1523,0.1388
442,1082,1524,0.1388
438,1080,1518,0.1388
438,1080,1518,0.1388
433,1083,1516,0.1388
433,1084,1517,0.1388
432,1090,1522,0.1388
435,1093,1528,0.1388
430,1084,1514,0.1388
428,1080,1508,0.1388
430,1087,1517,0.1388
432,1084,1516,0.1388
434,1070,1504,0.1388
437,1072,1509,0.1388
434,1076,1510,0.1388
435,1065,1500,0.1388
433,1070,1503,0.1388
436,1069,1505,0.1388
442,1072,1514,0.1388
436,1077,1513,0.1388
432,1084,1516,0.1388
431,1081,1512,0.1388
429,1073,1502,0.1388
430,1075,1505,0.1388
432,1077,1509,0.1388
437,1083,1520,0.1388
434,1081,1515,0.1388
434,1082,1516,0.1388
432,1088,1520,0.1388
438,1085,1523,0.1388
439,1085,1524,0.1388
436,1083,1519,0.1388
437,1081,1518,0.1388
438,1080,1518,0.1388
430,1093,1523,0.1388
437,1092,1529,0.1388
437,1096,1533,0.1388
436,1097,1533,0.1388
433,1081,1514,0.1388
429,1091,1520,0.1388
430,1091,1521,0.1388
432,1074,1506,0.1388
428,1071,1499,0.1388
431,1066,1497,0.1388
430,1081,1511,0.1388
430,1084,1514,0.1388
432,1097,1529,0.1388
429,1093,1522,0.1388
430,1087,1517,0.1388
427,1096,1523,0.1388
422,1084,1506,0.1388
421,1077,1498,0.1388
425,1088,1513,0.1388
419,1082,1501,0.1388
417,1080,1497,0.1388
417,1082,1499,0.1388
423,1092,1515,0.1388
423,1092,1515,0.1388
423,1091,1514,0.1388
410,1100,1510,0.1388
416,1102,1518,0.1388
426,1108,1534,0.1388
430,1100,1530,0.1388
430,1093,1523,0.1388
425,1084,1509,0.1388
424,1076,1500,0.1388
416,1079,1495,0.1388
416,1074,1490,0.1388
411,1076,1487,0.1388
422,1079,1501,0.1388
425,1073,1498,0.1388
424,1073,1497,0.1388
419,1089,1508,0.1388
420,1086,1506,0.1388
419,1075,1494,0.1388
429,1080,1509,0.1388
434,1079,1513,0.1388
429,1086,1515,0.1388
427,1095,1522,0.1388
427,1103,1530,0.1388
419,1108,1527,0.1388
415,1102,1517,0.1388
413,1109,1522,0.1388
410,1109,1519,0.1388
406,1116,1522,0.1388
410,1111,1521,0.1388
417,1104,1521,0.1388
418,1104,1522,0.1388
412,1114,1526,0.1388
405,1107,1512,0.1388
407,1094,1501,0.1388
407,1104,1511,0.1388
404,1110,1514,0.1388
408,1092,1500,0.1388
409,1096,1505,0.1388
407,1107,1514,0.1388
409,1111,1520,0.1388
406,1106,1512,0.1388
407,1096,1503,0.1388
408,1098,1506,0.1388
404,1110,1514,0.1388
399,1097,1496,0.1388
399,1103,1502,0.1388
400,1108,1508,0.1388
400,1112,1512,0.1388
397,1107,1504,0.1388
396,1110,1506,0.1388
385,1119,1504,0.1388
393,1106,1499,0.1388
392,1115,1507,0.1388
394,1121,1515,0.1388
394,1120,1514,0.1388
393,1111,1504,0.1388
388,1113,1501,0.1388
383,1106,1489,0.1388
384,1116,1500,0.1388
383,1120,1503,0.1388
381,1119,1500,0.1388
379,1120,1499,0.1388
379,1129,1508,0.1388
367,1119,1486,0.1388
371,1118,1489,0.1388
375,1125,1500,0.1388
378,1125,1503,0.1388
382,1117,1499,0.1388
381,1112,1493,0.1388
373,1120,1493,0.1388
377,1123,1500,0.1388
375,1121,1496,0.1388
374,1132,1506,0.1388
375,1127,1502,0.1388
371,1137,1508,0.1388
375,1136,1511,0.1388
371,1141,1512,0.1388
367,1147,1514,0.1388
371,1135,1506,0.1388
374,1127,1501,0.1388
379,1138,1517,0.1388
376,1139,1515,0.1388
376,1134,1510,0.1388
373,1129,1502,0.1388
362,1147,1509,0.1388
363,1143,1506,0.1388
363,1139,1502,0.1388
361,1146,1507,0.1388
364,1157,1521,0.1388
364,1161,1525,0.1388
357,1162,1519,0.1388
358,1168,1526,0.1388
354,1169,1523,0.1388
350,1158,1508,0.1388
349,1156,1505,0.1388
347,1173,1520,0.1388
346,1161,1507,0.1388
341,1163,1504,0.1388
343,1163,1506,0.1388
345,1160,1505,0.1388
344,1154,1498,0.1388
345,1166,1511,0.1388
340,1152,1492,0.1388
341,1156,1497,0.1388
333,1165,1498,0.1388
346,1165,1511,0.1388
340,1163,1503,0.1388
342,1157,1499,0.1388
341,1164,1505,0.1388
334,1169,1503,0.1388
337,1170,1507,0.1388
336,1182,1518,0.1388
332,1187,1519,0.1388
331,1186,1517,0.1388
327,1178,1505,0.1388
325,1190,1515,0.1388
324,1189,1513,0.1388
319,1189,1508,0.1388
316,1201,1517,0.1388
317,1186,1503,0.1388
315,1189,1504,0.1388
312,1191,1503,0.1388
311,1193,1504,0.1388
322,1200,1522,0.1388
323,1197,1520,0.1388
321,1187,1508,0.1388
320,1197,1517,0.1388
321,1197,1518,0.1388
321,1199,1520,0.1388
321,1191,1512,0.1388
317,1189,1506,0.1388
322,1189,1511,0.1388
316,1196,1512,0.1388
317,1191,1508,0.1388
312,1202,1514,0.1388
315,1200,1515,0.1388
317,1204,1521,0.1388
320,1198,1518,0.1388
319,1188,1507,0.1388
319,1192,1511,0.1388
317,1185,1502,0.1388
317,1188,1505,0.1388
316,1191,1507,0.1388
310,1190,1500,0.1388
311,1192,1503,0.1388
310,1196,1506,0.1388
303,1185,1488,0.1388
307,1174,1481,0.1388
311,1174,1485,0.1388
318,1174,1492,0.1388
318,1169,1487,0.1388
319,1182,1501,0.1388
319,1188,1507,0.1388
311,1203,1514,0.1388
307,1215,1522,0.1388
303,1204,1507,0.1388
308,1201,1509,0.1388
307,1210,1517,0.1388
292,1208,1500,0.1388
292,1201,1493,0.1388
296,1215,1511,0.1388
303,1221,1524,0.1388
302,1214,1516,0.1388
305,1217,1522,0.1388
312,1220,1532,0.1388
310,1208,1518,0.1388
305,1216,1521,0.1388
301,1220,1521,0.1388
301,1230,1531,0.1388
299,1221,1520,0.1388
298,1227,1525,0.1388
295,1220,1515,0.1388
293,1225,1518,0.1388
292,1230,1522,0.1388
284,1227,1511,0.1388
279,1228,1507,0.1388
281,1230,1511,0.1388
273,1227,1500,0.1388
284,1216,1500,0.1388
285,1227,1512,0.1388
288,1229,1517,0.1388
280,1230,1510,0.1388
279,1231,1510,0.1388
279,1244,1523,0.1388
270,1250,1520,0.1388
272,1252,1524,0.1388
274,1246,1520,0.1388
268,1261,1529,0.1388
270,1251,1521,0.1388
272,1256,1528,0.1388
272,1253,1525,0.1388
272,1251,1523,0.1388
271,1243,1514,0.1388
274,1239,1513,0.1388
274,1239,1513,0.1388
276,1230,1506,0.1388
279,1223,1502,0.1388
277,1232,1509,0.1388
280,1228,1508,0.1388
281,1230,1511,0.1388
279,1239,1518,0.1388
273,1242,1515,0.1388
275,1240,1515,0.1388
270,1236,1506,0.1388
265,1230,1495,0.1388
262,1237,1499,0.1388
261,1237,1498,0.1388
260,1249,1509,0.1388
261,1263,1524,0.1388
261,1265,1526,0.1388
268,1263,1531,0.1388
263,1260,1523,0.1388
262,1266,1528,0.1388
260,1272,1532,0.1388
262,1266,1528,0.1388
259,1272,1531,0.1388
255,1265,1520,0.1388
257,1254,1511,0.1388
257,1252,1509,0.1388
256,1257,1513,0.1388
250,1258,1508,0.1388
256,1256,1512,0.1388
262,1245,1507,0.1388
261,1264,1525,0.1388
260,1251,1511,0.1388
259,1246,1505,0.1388
262,1246,1508,0.1388
254,1241,1495,0.1388
253,1246,1499,0.1388
258,1255,1513,0.1388
259,1250,1509,0.1388
264,1252,1516,0.1388
263,1251,1514,0.1388
264,1252,1516,0.1388
264,1249,1513,0.1388
262,1264,1526,0.1388
259,1251,1510,0.1388
259,1259,1518,0.1388
257,1261,1518,0.1388
260,1258,1518,0.1388
258,1254,1512,0.1388
255,1243,1498,0.1388
261,1258,1519,0.1388
259,1266,1525,0.1388
260,1253,1513,0.1388
260,1257,1517,0.1388
260,1262,1522,0.1388
258,1253,1511,0.1388
262,1265,1527,0.1388
262,1262,1524,0.1388
263,1257,1520,0.1388
258,1268,1526,0.1388
261,1270,1531,0.1388
263,1257,1520,0.1388
261,1254,1515,0.1388
263,1259,1522,0.1388
261,1259,1520,0.1388
257,1252,1509,0.1388
264,1265,1529,0.1388
258,1270,1528,0.1388
253,1256,1509,0.1388
252,1263,1515,0.1388
255,1256,1511,0.1388
261,1250,1511,0.1388
258,1255,1513,0.1388
260,1250,1510,0.1388
259,1249,1508,0.1388
259,1242,1501,0.1388
265,1252,1517,0.1388
266,1252,1518,0.1388
260,1248,1508,0.1388
259,1253,1512,0.1388
256,1266,1522,0.1388
259,1261,1520,0.1388
255,1263,1518,0.1388
257,1262,1519,0.1388
258,1254,1512,0.1388
255,1255,1510,0.1388
252,1268,1520,0.1388
251,1272,1523,0.1388
249,1262,1511,0.1388
250,1266,1516,0.1388
246,1275,1521,0.1388
250,1262,1512,0.1388
254,1251,1505,0.1388
250,1247,1497,0.1388
255,1256,1511,0.1388
252,1246,1498,0.1388
251,1267,1518,0.1388
254,1276,1530,0.1388
250,1273,1523,0.1388
246,1264,1510,0.1388
248,1276,1524,0.1388
247,1261,1508,0.1388
248,1259,1507,0.1388
245,1271,1516,0.1388
243,1272,1515,0.1388
243,1280,1523,0.1388
246,1279,1525,0.1388
246,1284,1530,0.1388
242,1277,1519,0.1388
244,1280,1524,0.1388
241,1270,1511,0.1388
234,1277,1511,0.1388
233,1277,1510,0.1388
230,1286,1516,0.1388
234,1288,1522,0.1388
239,1284,1523,0.1388
236,1277,1513,0.1388
237,1273,1510,0.1388
235,1277,1512,0.1388
234,1280,1514,0.1388
241,1275,1516,0.1388
236,1266,1502,0.1388
239,1275,1514,0.1388
241,1269,1510,0.1388
243,1277,1520,0.1388
244,1275,1519,0.1388
240,1278,1518,0.1388
244,1271,1515,0.1388
238,1269,1507,0.1388
238,1272,1510,0.1388
236,1265,1501,0.1388
237,1267,1504,0.1388
242,1281,1523,0.1388
244,1284,1528,0.1388
242,1278,1520,0.1388
246,1273,1519,0.1388
242,1273,1515,0.1388
245,1277,1522,0.1388
233,1257,1490,0.1388
241,1257,1498,0.1388
246,1271,1517,0.1388
252,1259,1511,0.1388
253,1267,1520,0.1388
255,1270,1525,0.1388
250,1259,1509,0.1388
252,1258,1510,0.1388
249,1251,1500,0.1388
252,1261,1513,0.1388
250,1258,1508,0.1388
248,1247,1495,0.1388
244,1264,1508,0.1388
242,1266,1508,0.1388
242,1277,1519,0.1388
243,1278,1521,0.1388
242,1267,1509,0.1388
240,1269,1509,0.1388
239,1283,1522,0.1388
234,1273,1507,0.1388
233,1273,1506,0.1388
235,1270,1505,0.1388
238,1275,1513,0.1388
239,1280,1519,0.1388
236,1283,1519,0.1388
240,1271,1511,0.1388
241,1263,1504,0.1388
235,1274,1509,0.1388
236,1272,1508,0.1388
240,1283,1523,0.1388
241,1287,1528,0.1388
238,1265,1503,0.1388
236,1257,1493,0.1388
236,1274,1510,0.1388
236,1269,1505,0.1388
234,1272,1506,0.1388
233,1268,1501,0.1388
231,1253,1484,0.1388
233,1260,1493,0.1388
230,1271,1501,0.1388
234,1259,1493,0.1388
238,1263,1501,0.1388
234,1265,1499,0.1388
237,1286,1523,0.1388
241,1291,1532,0.1388
243,1288,1531,0.1388
242,1282,1524,0.1388
240,1281,1521,0.1388
241,1283,1524,0.1388
245,1272,1517,0.1388
245,1272,1517,0.1388
244,1260,1504,0.1388
245,1270,1515,0.1388
244,1275,1519,0.1388
243,1273,1516,0.1388
240,1273,1513,0.1388
243,1275,1518,0.1388
245,1270,1515,0.1388
241,1269,1510,0.1388
237,1267,1504,0.1388
236,1256,1492,0.1388
229,1275,1504,0.1388
231,1282,1513,0.1388
235,1281,1516,0.1388
234,1264,1498,0.1388
238,1256,1494,0.1388
241,1266,1507,0.1388
241,1263,1504,0.1388
243,1268,1511,0.1388
245,1264,1509,0.1388
245,1277,1522,0.1388
244,1266,1510,0.1388
247,1270,1517,0.1388
250,1264,1514,0.1388
253,1271,1524,0.1388
256,1270,1526,0.1388
255,1260,1515,0.1388
252,1257,1509,0.1388
253,1256,1509,0.1388
255,1243,1498,0.1388
255,1255,1510,0.1388
262,1236,1498,0.1388
261,1241,1502,0.1388
262,1248,1510,0.1388
266,1251,1517,0.1388
261,1263,1524,0.1388
251,1266,1517,0.1388
250,1251,1501,0.1388
257,1259,1516,0.1388
255,1258,1513,0.1388
254,1266,1520,0.1388
262,1268,1530,0.1388
262,1279,1541,0.1388
258,1265,1523,0.1388
254,1266,1520,0.1388
257,1254,1511,0.1388
254,1254,1508,0.1388
255,1253,1508,0.1388
259,1261,1520,0.1388
259,1252,1511,0.1388
260,1249,1509,0.1388
256,1252,1508,0.1388
258,1248,1506,0.1388
257,1251,1508,0.1388
259,1257,1516,0.1388
260,1257,1517,0.1388
255,1256,1511,0.1388
262,1248,1510,0.1388
267,1254,1521,0.1388
264,1244,1508,0.1388
260,1243,1503,0.1388
263,1232,1495,0.1388
269,1244,1513,0.1388
266,1255,1521,0.1388
264,1248,1512,0.1388
263,1248,1511,0.1388
256,1253,1509,0.1388
256,1253,1509,0.1388
256,1246,1502,0.1388
256,1250,1506,0.1388
256,1254,1510,0.1388
254,1250,1504,0.1388
256,1257,1513,0.1388
254,1253,1507,0.1388
256,1259,1515,0.1388
259,1271,1530,0.1388
257,1255,1512,0.1388
254,1257,1511,0.1388
255,1263,1518,0.1388
257,1269,1526,0.1388
256,1264,1520,0.1388
256,1262,1518,0.1388
258,1253,1511,0.1388
256,1255,1511,0.1388
254,1266,1520,0.1388
256,1255,1511,0.1388
257,1260,1517,0.1388
248,1275,1523,0.1388
247,1269,1516,0.1388
248,1270,1518,0.1388
248,1264,1512,0.1388
251,1262,1513,0.1388
253,1262,1515,0.1388
259,1256,1515,0.1388
255,1260,1515,0.1388
250,1244,1494,0.1388
249,1249,1498,0.1388
250,1255,1505,0.1388
249,1262,1511,0.1388
253,1265,1518,0.1388
251,1252,1503,0.1388
250,1259,1509,0.1388
251,1252,1503,0.1388
250,1258,1508,0.1388
248,1254,1502,0.1388
249,1265,1514,0.1388
247,1266,1513,0.1388
248,1269,1517,0.1388
252,1262,1514,0.1388
252,1261,1513,0.1388
255,1259,1514,0.1388
255,1268,1523,0.1388
249,1260,1509,0.1388
250,1261,1511,0.1388
246,1244,1490,0.1388
245,1250,1495,0.1388
244,1257,1501,0.1388
244,1259,1503,0.1388
245,1258,1503,0.1388
239,1251,1490,0.1388
243,1249,1492,0.1388
245,1251,1496,0.1388
248,1257,1505,0.1388
247,1265,1512,0.1388
248,1273,1521,0.1388
250,1262,1512,0.1388
248,1264,1512,0.1388
242,1274,1516,0.1388
236,1290,1526,0.1388
233,1284,1517,0.1388
236,1278,1514,0.1388
233,1276,1509,0.1388
237,1279,1516,0.1388
238,1282,1520,0.1388
237,1286,1523,0.1388
238,1279,1517,0.1388
232,1283,1515,0.1388
238,1285,1523,0.1388
232,1285,1517,0.1388
233,1288,1521,0.1388
230,1279,1509,0.1388
230,1297,1527,0.1388
227,1300,1527,0.1388
232,1289,1521,0.1388
229,1282,1511,0.1388
225,1286,1511,0.1388
229,1289,1518,0.1388
229,1276,1505,0.1388
231,1281,1512,0.1388
232,1280,1512,0.1388
229,1290,1519,0.1388
228,1287,1515,0.1388
226,1289,1515,0.1388
228,1290,1518,0.1388
223,1295,1518,0.1388
223,1292,1515,0.1388
223,1287,1510,0.1388
220,1283,1503,0.1388
217,1281,1498,0.1388
212,1295,1507,0.1388
209,1299,1508,0.1388
205,1309,1514,0.1388
201,1320,1521,0.1388
204,1305,1509,0.1388
206,1304,1510,0.1388
210,1306,1516,0.1388
206,1296,1502,0.1388
205,1302,1507,0.1388
206,1301,1507,0.1388
205,1302,1507,0.1388
200,1300,1500,0.1388
195,1317,1512,0.1388
193,1319,1512,0.1388
195,1322,1517,0.1388
192,1329,1521,0.1388
189,1328,1517,0.1388
188,1335,1523,0.1388
192,1338,1530,0.1388
192,1337,1529,0.1388
191,1333,1524,0.1388
193,1334,1527,0.1388
194,1327,1521,0.1388
193,1330,1523,0.1388
192,1338,1530,0.1388
194,1350,1544,0.1388
190,1341,1531,0.1388
188,1339,1527,0.1388
185,1333,1518,0.1388
184,1322,1506,0.1388
184,1314,1498,0.1388
187,1321,1508,0.1388
190,1309,1499,0.1388
191,1320,1511,0.1388
192,1309,1501,0.1388
190,1330,1520,0.1388
191,1325,1516,0.1388
192,1329,1521,0.1388
184,1321,1505,0.1388
184,1335,1519,0.1388
188,1346,1534,0.1388
189,1343,1532,0.1388
185,1350,1535,0.1388
185,1339,1524,0.1388
182,1337,1519,0.1388
181,1324,1505,0.1388
178,1323,1501,0.1388
178,1339,1517,0.1388
180,1345,1525,0.1388
181,1349,1530,0.1388
184,1339,1523,0.1388
182,1346,1528,0.1388
181,1334,1515,0.1388
182,1332,1514,0.1388
185,1323,1508,0.1388
180,1321,1501,0.1388
186,1327,1513,0.1388
184,1324,1508,0.1388
186,1334,1520,0.1388
185,1333,1518,0.1388
185,1330,1515,0.1388
189,1328,1517,0.1388
191,1330,1521,0.1388
187,1329,1516,0.1388
188,1326,1514,0.1388
186,1327,1513,0.1388
183,1328,1511,0.1388
185,1325,1510,0.1388
185,1334,1519,0.1388
182,1339,1521,0.1388
187,1327,1514,0.1388
186,1333,1519,0.1388
184,1333,1517,0.1388
183,1327,1510,0.1388
179,1354,1533,0.1388
180,1350,1530,0.1388
176,1356,1532,0.1388
170,1353,1523,0.1388
165,1349,1514,0.1388
158,1360,1518,0.1388
155,1360,1515,0.1388
154,1364,1518,0.1388
159,1358,1517,0.1388
156,1360,1516,0.1388
156,1357,1513,0.1388
155,1356,1511,0.1388
157,1362,1519,0.1388
157,1357,1514,0.1388
157,1363,1520,0.1388
156,1373,1529,0.1388
155,1374,1529,0.1388
155,1374,1529,0.1388
159,1369,1528,0.1388
155,1380,1535,0.1388
153,1372,1525,0.1388
150,1366,1516,0.1388
154,1368,1522,0.1388
155,1367,1522,0.1388
160,1366,1526,0.1388
159,1363,1522,0.1388
160,1359,1519,0.1388
158,1358,1516,0.1388
159,1340,1499,0.1388
154,1338,1492,0.1388
157,1354,1511,0.1388
155,1369,1524,0.1388
153,1355,1508,0.1388
154,1354,1508,0.1388
156,1373,1529,0.1388
146,1377,1523,0.1388
146,1381,1527,0.1388
145,1383,1528,0.1388
146,1392,1538,0.1388
143,1385,1528,0.1388
145,1370,1515,0.1388
144,1373,1517,0.1388
144,1383,1527,0.1388
137,1388,1525,0.1388
141,1384,1525,0.1388
139,1379,1518,0.1388
139,1372,1511,0.1388
133,1376,1509,0.1388
134,1387,1521,0.1388
134,1384,1518,0.1388
137,1384,1521,0.1388
132,1385,1517,0.1388
132,1376,1508,0.1388
129,1371,1500,0.1388
128,1373,1501,0.1388
127,1377,1504,0.1388
131,1368,1499,0.1388
129,1370,1499,0.1388
126,1382,1508,0.1388
130,1383,1513,0.1388
129,1386,1515,0.1388
126,1383,1509,0.1388
126,1368,1494,0.1388
120,1370,1490,0.1388
120,1370,1490,0.1388
124,1384,1508,0.1388
124,1390,1514,0.1388
123,1393,1516,0.1388
125,1388,1513,0.1388
124,1396,1520,0.1388
126,1399,1525,0.1388
128,1395,1523,0.1388
130,1394,1524,0.1388
129,1392,1521,0.1388
124,1399,1523,0.1388
122,1403,1525,0.1388
122,1414,1536,0.1388
124,1410,1534,0.1388
125,1406,1531,0.1388
123,1415,1538,0.1388
122,1406,1528,0.1388
123,1409,1532,0.1388
124,1390,1514,0.1388
122,1388,1510,0.1388
123,1387,1510,0.1388
127,1396,1523,0.1388
130,1398,1528,0.1388
132,1397,1529,0.1388
134,1396,1530,0.1388
131,1402,1533,0.1388
128,1394,1522,0.1388
130,1389,1519,0.1388
133,1393,1526,0.1388
128,1400,1528,0.1388
131,1399,1530,0.1388
124,1390,1514,0.1388
125,1386,1511,0.1388
127,1383,1510,0.1388
127,1378,1505,0.1388
126,1373,1499,0.1388
125,1382,1507,0.1388
127,1384,1511,0.1388
126,1396,1522,0.1388
125,1401,1526,0.1388
124,1397,1521,0.1388
128,1393,1521,0.1388
132,1381,1513,0.1388
130,1389,1519,0.1388
136,1381,1517,0.1388
134,1382,1516,0.1388
128,1377,1505,0.1388
127,1381,1508,0.1388
127,1387,1514,0.1388
128,1389,1517,0.1388
125,1386,1511,0.1388
121,1390,1511,0.1388
126,1387,1513,0.1388
131,1396,1527,0.1388
129,1388,1517,0.1388
128,1390,1518,0.1388
131,1390,1521,0.1388
129,1385,1514,0.1388
122,1388,1510,0.1388
118,1397,1515,0.1388
113,1391,1504,0.1388
113,1390,1503,0.1388
115,1389,1504,0.1388
120,1407,1527,0.1388
118,1406,1524,0.1388
117,1403,1520,0.1388
116,1410,1526,0.1388
114,1401,1515,0.1388
115,1405,1520,0.1388
121,1396,1517,0.1388
121,1413,1534,0.1388
117,1393,1510,0.1388
119,1401,1520,0.1388
118,1396,1514,0.1388
118,1416,1534,0.1388
118,1396,1514,0.1388
118,1395,1513,0.1388
116,1397,1513,0.1388
115,1393,1508,0.1388
116,1401,1517,0.1388
111,1401,1512,0.1388
110,1393,1503,0.1388
111,1407,1518,0.1388
108,1404,1512,0.1388
110,1411,1521,0.1388
108,1406,1514,0.1388
110,1406,1516,0.1388
108,1417,1525,0.1388
108,1414,1522,0.1388
108,1412,1520,0.1388
110,1411,1521,0.1388
110,1423,1533,0.1388
108,1411,1519,0.1388
107,1400,1507,0.1388
109,1410,1519,0.1388
108,1417,1525,0.1388
108,1405,1513,0.1388
105,1414,1519,0.1388
99,1427,1526,0.1388
98,1418,1516,0.1388
102,1416,1518,0.1388
102,1408,1510,0.1388
101,1402,1503,0.1388
101,1409,1510,0.1388
100,1408,1508,0.1388
98,1397,1495,0.1388
98,1414,1512,0.1388
98,1420,1518,0.1388
98,1421,1519,0.1388
97,1422,1519,0.1388
96,1416,1512,0.1388
97,1418,1515,0.1388
95,1400,1495,0.1388
102,1408,1510,0.1388
100,1409,1509,0.1388
101,1409,1510,0.1388
100,1398,1498,0.1388
98,1398,1496,0.1388
95,1399,1494,0.1388
95,1401,1496,0.1388
95,1406,1501,0.1388
95,1410,1505,0.1388
96,1411,1507,0.1388
96,1404,1500,0.1388
94,1399,1493,0.1388
93,1410,1503,0.1388
90,1418,1508,0.1388
90,1422,1512,0.1388
90,1422,1512,0.1388
90,1420,1510,0.1388
90,1423,1513,0.1388
93,1427,1520,0.1388
92,1433,1525,0.1388
94,1440,1534,0.1388
93,1432,1525,0.1388
91,1421,1512,0.1388
90,1417,1507,0.1388
92,1424,1516,0.1388
94,1442,1536,0.1388
92,1428,1520,0.1388
89,1421,1510,0.1388
88,1417,1505,0.1388
87,1410,1497,0.1388
90,1418,1508,0.1388
87,1419,1506,0.1388
88,1419,1507,0.1388
87,1414,1501,0.1388
88,1426,1514,0.1388
85,1432,1517,0.1388
84,1430,1514,0.1388
83,1421,1504,0.1388
83,1417,1500,0.1388
85,1423,1508,0.1388
85,1437,1522,0.1388
84,1434,1518,0.1388
85,1424,1509,0.1388
85,1419,1504,0.1388
87,1423,1510,0.1388
86,1419,1505,0.1388
86,1419,1505,0.1388
85,1431,1516,0.1388
84,1428,1512,0.1388
87,1422,1509,0.1388
88,1436,1524,0.1388
93,1427,1520,0.1388
95,1414,1509,0.1388
95,1424,1519,0.1388
97,1410,1507,0.1388
93,1395,1488,0.1388
92,1409,1501,0.1388
93,1414,1507,0.1388
93,1425,1518,0.1388
95,1422,1517,0.1388
94,1421,1515,0.1388
95,1417,1512,0.1388
95,1422,1517,0.1388
94,1417,1511,0.1388
94,1427,1521,0.1388
94,1438,1532,0.1388
93,1428,1521,0.1388
90,1436,1526,0.1388
91,1419,1510,0.1388
89,1437,1526,0.1388
91,1438,1529,0.1388
89,1446,1535,0.1388
90,1436,1526,0.1388
92,1446,1538,0.1388
90,1443,1533,0.1388
89,1437,1526,0.1388
85,1441,1526,0.1388
83,1436,1519,0.1388
83,1444,1527,0.1388
82,1438,1520,0.1388
79,1446,1525,0.1388
78,1451,1529,0.1388
79,1444,1523,0.1388
78,1443,1521,0.1388
79,1442,1521,0.1388
81,1445,1526,0.1388
82,1448,1530,0.1388
78,1437,1515,0.1388
77,1437,1514,0.1388
74,1440,1514,0.1388
73,1433,1506,0.1388
73,1423,1496,0.1388
72,1441,1513,0.1388
74,1428,1502,0.1388
76,1431,1507,0.1388
73,1439,1512,0.1388
68,1444,1512,0.1388
71,1443,1514,0.1388
70,1454,1524,0.1388
68,1438,1506,0.1388
67,1435,1502,0.1388
65,1437,1502,0.1388
66,1448,1514,0.1388
66,1446,1512,0.1388
65,1457,1522,0.1388
65,1456,1521,0.1388
65,1467,1532,0.1388
65,1455,1520,0.1388
62,1455,1517,0.1388
63,1449,1512,0.1388
60,1450,1510,0.1388
61,1459,1520,0.1388
65,1468,1533,0.1388
65,1454,1519,0.1388
64,1453,1517,0.1388
62,1449,1511,0.1388
62,1461,1523,0.1388
64,1465,1529,0.1388
60,1456,1516,0.1388
61,1454,1515,0.1388
61,1453,1514,0.1388
59,1459,1518,0.1388
62,1456,1518,0.1388
61,1459,1520,0.1388
60,1449,1509,0.1388
61,1448,1509,0.1388
61,1457,1518,0.1388
60,1468,1528,0.1388
61,1474,1535,0.1388
61,1468,1529,0.1388
60,1468,1528,0.1388
60,1477,1537,0.1388
59,1470,1529,0.1388
60,1476,1536,0.1388
60,1470,1530,0.1388
58,1468,1526,0.1388
59,1477,1536,0.1388
58,1472,1530,0.1388
57,1477,1534,0.1388
58,1481,1539,0.1388
57,1472,1529,0.1388
57,1472,1529,0.1388
57,1461,1518,0.1388
57,1467,1524,0.1388
57,1468,1525,0.1388
56,1463,1519,0.1388
54,1455,1509,0.1388
54,1458,1512,0.1388
56,1466,1522,0.1388
56,1462,1518,0.1388
57,1461,1518,0.1388
57,1468,1525,0.1388
53,1459,1512,0.1388
54,1454,1508,0.1388
54,1451,1505,0.1388
53,1463,1516,0.1388
50,1474,1524,0.1388
53,1473,1526,0.1388
53,1462,1515,0.1388
54,1461,1515,0.1388
55,1470,1525,0.1388
54,1469,1523,0.1388
55,1461,1516,0.1388
53,1460,1513,0.1388
52,1465,1517,0.1388
50,1464,1514,0.1388
50,1469,1519,0.1388
50,1452,1502,0.1388
51,1459,1510,0.1388
51,1471,1522,0.1388
49,1466,1515,0.1388
49,1466,1515,0.1388
48,1463,1511,0.1388
47,1451,1498,0.1388
47,1454,1501,0.1388
46,1469,1515,0.1388
43,1461,1504,0.1388
45,1459,1504,0.1388
46,1460,1506,0.1388
46,1465,1511,0.1388
44,1466,1510,0.1388
45,1470,1515,0.1388
44,1476,1520,0.1388
43,1495,1538,0.1388
43,1483,1526,0.1388
43,1482,1525,0.1388
42,1479,1521,0.1388
43,1468,1511,0.1388
44,1478,1522,0.1388
43,1480,1523,0.1388
43,1469,1512,0.1388
43,1461,1504,0.1388
41,1472,1513,0.1388
38,1466,1504,0.1388
37,1460,1497,0.1388
38,1458,1496,0.1388
37,1467,1504,0.1388
37,1471,1508,0.1388
36,1482,1518,0.1388
38,1480,1518,0.1388
39,1488,1527,0.1388
40,1486,1526,0.1388
40,1486,1526,0.1388
40,1481,1521,0.1388
39,1470,1509,0.1388
40,1467,1507,0.1388
40,1474,1514,0.1388
38,1471,1509,0.1388
38,1479,1517,0.1388
37,1473,1510,0.1388
40,1472,1512,0.1388
40,1461,1501,0.1388
41,1454,1495,0.1388
41,1448,1489,0.1388
40,1468,1508,0.1388
40,1479,1519,0.1388
40,1491,1531,0.1388
42,1482,1524,0.1388
41,1492,1533,0.1388
38,1486,1524,0.1388
38,1482,1520,0.1388
35,1473,1508,0.1388
34,1470,1504,0.1388
35,1470,1505,0.1388
32,1477,1509,0.1388
32,1482,1514,0.1388
33,1493,1526,0.1388
35,1489,1524,0.1388
34,1485,1519,0.1388
34,1470,1504,0.1388
34,1465,1499,0.1388
34,1475,1509,0.1388
36,1467,1503,0.1388
35,1481,1516,0.1388
35,1483,1518,0.1388
33,1485,1518,0.1388
33,1486,1519,0.1388
33,1488,1521,0.1388
33,1495,1528,0.1388
33,1486,1519,0.1388
33,1495,1528,0.1388
33,1485,1518,0.1388
32,1476,1508,0.1388
34,1493,1527,0.1388
36,1491,1527,0.1388
37,1484,1521,0.1388
37,1484,1521,0.1388
36,1481,1517,0.1388
39,1488,1527,0.1388
37,1481,1518,0.1388
36,1470,1506,0.1388
37,1480,1517,0.1388
37,1490,1527,0.1388
34,1488,1522,0.1388
33,1480,1513,0.1388
30,1485,1515,0.1388
27,1487,1514,0.1388
27,1480,1507,0.1388
29,1485,1514,0.1388
30,1490,1520,0.1388
30,1495,1525,0.1388
30,1494,1524,0.1388
30,1495,1525,0.1388
29,1491,1520,0.1388
30,1482,1512,0.1388
29,1487,1516,0.1388
28,1464,1492,0.1388
28,1468,1496,0.1388
28,1478,1506,0.1388
30,1477,1507,0.1388
29,1480,1509,0.1388
29,1495,1524,0.1388
27,1481,1508,0.1388
27,1488,1515,0.1388
27,1486,1513,0.1388
26,1479,1505,0.1388
26,1477,1503,0.1388
23,1474,1497,0.1388
22,1475,1497,0.1388
21,1492,1513,0.1388
21,1493,1514,0.1388
24,1479,1503,0.1388
24,1487,1511,0.1388
23,1492,1515,0.1388
24,1490,1514,0.1388
24,1483,1507,0.1388
25,1474,1499,0.1388
26,1482,1508,0.1388
25,1479,1504,0.1388
26,1477,1503,0.1388
25,1496,1521,0.1388
25,1490,1515,0.1388
24,1495,1519,0.1388
24,1474,1498,0.1388
23,1470,1493,0.1388
24,1478,1502,0.1388
24,1478,1502,0.1388
23,1494,1517,0.1388
23,1502,1525,0.1388
23,1503,1526,0.1388
22,1497,1519,0.1388
22,1490,1512,0.1388
22,1487,1509,0.1388
21,1495,1516,0.1388
23,1490,1513,0.1388
22,1493,1515,0.1388
22,1496,1518,0.1388
20,1488,1508,0.1388
21,1484,1505,0.1388
19,1480,1499,0.1388
18,1486,1504,0.1388
19,1494,1513,0.1388
19,1497,1516,0.1388
19,1493,1512,0.1388
17,1493,1510,0.1388
17,1487,1504,0.1388
18,1475,1493,0.1388
18,1490,1508,0.1388
18,1496,1514,0.1388
18,1481,1499,0.1388
17,1499,1516,0.1388
16,1509,1525,0.1388
16,1503,1519,0.1388
14,1496,1510,0.1388
14,1497,1511,0.1388
14,1504,1518,0.1388
16,1503,1519,0.1388
15,1511,1526,0.1388
15,1502,1517,0.1388
15,1494,1509,0.1388
14,1491,1505,0.1388
13,1484,1497,0.1388
13,1479,1492,0.1388
13,1485,1498,0.1388
14,1489,1503,0.1388
15,1493,1508,0.1388
14,1503,1517,0.1388
14,1513,1527,0.1388
13,1505,1518,0.1388
13,1499,1512,0.1388
14,1495,1509,0.1388
13,1492,1505,0.1388
12,1499,1511,0.1388
12,1491,1503,0.1388
12,1505,1517,0.1388
11,1498,1509,0.1388
11,1498,1509,0.1388
11,1500,1511,0.1388
11,1494,1505,0.1388
12,1507,1519,0.1388
11,1511,1522,0.1388
10,1489,1499,0.1388
10,1494,1504,0.1388
10,1495,1505,0.1388
10,1490,1500,0.1388
10,1502,1512,0.1388
10,1505,1515,0.1388
9,1509,1518,0.1388
9,1501,1510,0.1388
8,1507,1515,0.1388
8,1517,1525,0.1388
8,1512,1520,0.1388
8,1524,1532,0.1388
9,1505,1514,0.1388
10,1499,1509,0.1388
7,1504,1511,0.1388
7,1510,1517,0.1388
7,1521,1528,0.1388
7,1518,1525,0.1388
7,1511,1518,0.1388
7,1516,1523,0.1388
6,1521,1527,0.1388
6,1524,1530,0.1388
6,1512,1518,0.1388
6,1516,1522,0.1388
6,1522,1528,0.1388
6,1508,1514,0.1388
6,1503,1509,0.1388
7,1512,1519,0.1388
7,1509,1516,0.1388
6,1507,1513,0.1388
6,1512,1518,0.1388
6,1512,1518,0.1388
6,1508,1514,0.1388
6,1510,1516,0.1388
6,1506,1512,0.1388
7,1500,1507,0.1388
7,1501,1508,0.1388
7,1510,1517,0.1388
7,1518,1525,0.1388
7,1508,1515,0.1388
7,1503,1510,0.1388
7,1505,1512,0.1388
7,1493,1500,0.1388
7,1491,1498,0.1388
7,1503,1510,0.1388
7,1499,1506,0.1388
7,1494,1501,0.1388
7,1504,1511,0.1388
7,1497,1504,0.1388
7,1510,1517,0.1388
7,1496,1503,0.1388
7,1503,1510,0.1388
7,1504,1511,0.1388
7,1493,1500,0.1388
7,1505,1512,0.1388
8,1504,1512,0.1388
8,1495,1503,0.1388
8,1500,1508,0.1388
8,1502,1510,0.1388
7,1499,1506,0.1388
7,1509,1516,0.1388
7,1521,1528,0.1388
6,1509,1515,0.1388
6,1506,1512,0.1388
6,1511,1517,0.1388
5,1504,1509,0.1388
4,1510,1514,0.1388
4,1503,1507,0.1388
4,1513,1517,0.1388
4,1515,1519,0.1388
4,1516,1520,0.1388
4,1512,1516,0.1388
3,1503,1506,0.1388
3,1497,1500,0.1388
3,1500,1503,0.1388
3,1500,1503,0.1388
2,1515,1517,0.1388
2,1511,1513,0.1388
3,1505,1508,0.1388
3,1499,1502,0.1388
3,1506,1509,0.1388
3,1514,1517,0.1388
4,1511,1515,0.1388
5,1522,1527,0.1388
5,1526,1531,0.1388
5,1514,1519,0.1388
5,1523,1528,0.1388
5,1529,1534,0.1388
5,1514,1519,0.1388
5,1515,1520,0.1388
5,1509,1514,0.1388
4,1509,1513,0.1388
2,1505,1507,0.1388
2,1503,1505,0.1388
2,1510,1512,0.1388
2,1510,1512,0.1388
3,1510,1513,0.1388
3,1505,1508,0.1388
3,1500,1503,0.1388
2,1505,1507,0.1388
2,1498,1500,0.1388
2,1505,1507,0.1388
2,1509,1511,0.1388
2,1513,1515,0.1388
2,1501,1503,0.1388
2,1496,1498,0.1388
2,1502,1504,0.1388
2,1491,1493,0.1388
2,1500,1502,0.1388
2,1501,1503,0.1388
2,1508,1510,0.1388
2,1505,1507,0.1388
2,1506,1508,0.1388
2,1502,1504,0.1388
2,1496,1498,0.1388
2,1499,1501,0.1388
2,1519,1521,0.1388
2,1516,1518,0.1388
2,1521,1523,0.1388
2,1499,1501,0.1388
2,1502,1504,0.1388
3,1499,1502,0.1388
3,1506,1509,0.1388
3,1513,1516,0.1388
3,1513,1516,0.1388
3,1512,1515,0.1388
3,1518,1521,0.1388
3,1503,1506,0.1388
3,1513,1516,0.1388
3,1501,1504,0.1388
3,1499,1502,0.1388
3,1511,1514,0.1388
3,1505,1508,0.1388
3,1517,1520,0.1388
3,1517,1520,0.1388
3,1516,1519,0.1388
3,1529,1532,0.1388
3,1532,1535,0.1388
3,1512,1515,0.1388
3,1508,1511,0.1388
3,1497,1500,0.1388
4,1504,1508,0.1388
3,1511,1514,0.1388
2,1515,1517,0.1388
2,1513,1515,0.1388
2,1514,1516,0.1388
2,1506,1508,0.1388
2,1515,1517,0.1388
2,1511,1513,0.1388
2,1516,1518,0.1388
2,1526,1528,0.1388
3,1520,1523,0.1388
4,1526,1530,0.1388
4,1506,1510,0.1388
4,1510,1514,0.1388
4,1509,1513,0.1388
4,1504,1508,0.1388
4,1484,1488,0.1388
4,1498,1502,0.1388
4,1509,1513,0.1388
4,1516,1520,0.1388
6,1512,1518,0.1388
6,1512,1518,0.1388
6,1499,1505,0.1388
6,1496,1502,0.1388
6,1496,1502,0.1388
6,1503,1509,0.1388
7,1505,1512,0.1388
7,1506,1513,0.1388
7,1514,1521,0.1388
7,1509,1516,0.1388
8,1511,1519,0.1388
7,1508,1515,0.1388
7,1501,1508,0.1388
7,1504,1511,0.1388
7,1508,1515,0.1388
7,1509,1516,0.1388
8,1514,1522,0.1388
8,1529,1537,0.1388
8,1520,1528,0.1388
8,1508,1516,0.1388
8,1494,1502,0.1388
8,1504,1512,0.1388
7,1516,1523,0.1388
8,1510,1518,0.1388
8,1503,1511,0.1388
7,1498,1505,0.1388
8,1496,1504,0.1388
8,1508,1516,0.1388
9,1506,1515,0.1388
9,1509,1518,0.1388
9,1516,1525,0.1388
9,1504,1513,0.1388
9,1506,1515,0.1388
10,1494,1504,0.1388
10,1511,1521,0.1388
9,1514,1523,0.1388
9,1521,1530,0.1388
10,1509,1519,0.1388
9,1506,1515,0.1388
8,1506,1514,0.1388
7,1513,1520,0.1388
9,1519,1528,0.1388
8,1519,1527,0.1388
8,1527,1535,0.1388
6,1517,1523,0.1388
8,1511,1519,0.1388
8,1495,1503,0.1388
7,1504,1511,0.1388
7,1505,1512,0.1388
6,1508,1514,0.1388
6,1500,1506,0.1388
6,1491,1497,0.1388
6,1489,1495,0.1388
6,1507,1513,0.1388
6,1502,1508,0.1388
6,1506,1512,0.1388
6,1508,1514,0.1388
7,1508,1515,0.1388
7,1506,1513,0.1388
7,1505,1512,0.1388
8,1502,1510,0.1388
8,1505,1513,0.1388
8,1507,1515,0.1388
8,1507,1515,0.1388
8,1510,1518,0.1388
8,1506,1514,0.1388
8,1511,1519,0.1388
7,1497,1504,0.1388
7,1496,1503,0.1388
7,1508,1515,0.1388
7,1490,1497,0.1388
7,1508,1515,0.1388
7,1507,1514,0.1388
7,1503,1510,0.1388
7,1509,1516,0.1388
7,1507,1514,0.1388
7,1504,1511,0.1388
7,1511,1518,0.1388
7,1504,1511,0.1388
7,1508,1515,0.1388
7,1501,1508,0.1388
7,1497,1504,0.1388
7,1503,1510,0.1388
8,1489,1497,0.1388
8,1497,1505,0.1388
7,1511,1518,0.1388
9,1508,1517,0.1388
9,1497,1506,0.1388
8,1490,1498,0.1388
8,1495,1503,0.1388
7,1501,1508,0.1388
5,1501,1506,0.1388
5,1481,1486,0.1388
7,1494,1501,0.1388
7,1505,1512,0.1388
7,1499,1506,0.1388
7,1509,1516,0.1388
7,1508,1515,0.1388
6,1513,1519,0.1388
7,1506,1513,0.1388
7,1506,1513,0.1388
6,1498,1504,0.1388
6,1515,1521,0.1388
6,1516,1522,0.1388
6,1516,1522,0.1388
6,1490,1496,0.1388
6,1494,1500,0.1388
6,1495,1501,0.1388
6,1512,1518,0.1388
6,1515,1521,0.1388
6,1522,1528,0.1388
4,1523,1527,0.1388
5,1526,1531,0.1388
6,1523,1529,0.1388
6,1515,1521,0.1388
7,1519,1526,0.1388
7,1502,1509,0.1388
7,1498,1505,0.1388
7,1494,1501,0.1388
7,1506,1513,0.1388
7,1509,1516,0.1388
7,1509,1516,0.1388
7,1519,1526,0.1388
7,1515,1522,0.1388
7,1526,1533,0.1388
7,1523,1530,0.1388
7,1522,1529,0.1388
7,1517,1524,0.1388
7,1511,1518,0.1388
7,1518,1525,0.1388
7,1524,1531,0.1388
7,1515,1522,0.1388
6,1519,1525,0.1388
6,1509,1515,0.1388
6,1512,1518,0.1388
6,1507,1513,0.1388
6,1530,1536,0.1388
6,1520,1526,0.1388
5,1527,1532,0.1388
5,1515,1520,0.1388
6,1507,1513,0.1388
6,1511,1517,0.1388
6,1502,1508,0.1388
6,1504,1510,0.1388
6,1513,1519,0.1388
6,1504,1510,0.1388
6,1511,1517,0.1388
4,1522,1526,0.1388
4,1523,1527,0.1388
4,1509,1513,0.1388
5,1499,1504,0.1388
5,1515,1520,0.1388
4,1507,1511,0.1388
4,1510,1514,0.1388
4,1521,1525,0.1388
5,1509,1514,0.1388
5,1507,1512,0.1388
5,1499,1504,0.1388
5,1506,1511,0.1388
5,1512,1517,0.1388
5,1512,1517,0.1388
5,1526,1531,0.1388
5,1530,1535,0.1388
5,1524,1529,0.1388
5,1514,1519,0.1388
5,1501,1506,0.1388
5,1519,1524,0.1388
5,1526,1531,0.1388
5,1507,1512,0.1388
5,1502,1507,0.1388
5,1513,1518,0.1388
5,1507,1512,0.1388
5,1508,1513,0.1388
5,1516,1521,0.1388
5,1519,1524,0.1388
6,1508,1514,0.1388
5,1505,1510,0.1388
5,1503,1508,0.1388
5,1504,1509,0.1388
5,1508,1513,0.1388
5,1513,1518,0.1388
5,1529,1534,0.1388
5,1521,1526,0.1388
4,1517,1521,0.1388
4,1513,1517,0.1388
4,1511,1515,0.1388
3,1518,1521,0.1388
3,1520,1523,0.1388
3,1526,1529,0.1388
3,1509,1512,0.1388
3,1509,1512,0.1388
3,1503,1506,0.1388
3,1509,1512,0.1388
3,1511,1514,0.1388
2,1506,1508,0.1388
2,1507,1509,0.1388
2,1512,1514,0.1388
2,1522,1524,0.1388
2,1518,1520,0.1388
2,1517,1519,0.1388
2,1510,1512,0.1388
2,1519,1521,0.1388
2,1515,1517,0.1388
2,1527,1529,0.1388
2,1542,1544,0.1388
2,1529,1531,0.1388
2,1540,1542,0.1388
2,1538,1540,0.1388
2,1533,1535,0.1388
2,1531,1533,0.1388
2,1525,1527,0.1388
2,1521,1523,0.1388
2,1517,1519,0.1388
1,1507,1508,0.1388
1,1514,1515,0.1388
1,1512,1513,0.1388
1,1518,1519,0.1388
1,1528,1529,0.1388
1,1512,1513,0.1388
1,1518,1519,0.1388
1,1522,1523,0.1388
1,1519,1520,0.1388
1,1504,1505,0.1388
1,1516,1517,0.1388
1,1514,1515,0.1388
1,1502,1503,0.1388
1,1510,1511,0.1388
1,1500,1501,0.1388
1,1497,1498,0.1388
1,1503,1504,0.1388
1,1505,1506,0.1388
1,1496,1497,0.1388
1,1505,1506,0.1388
1,1515,1516,0.1388
1,1519,1520,0.1388
1,1521,1522,0.1388
1,1522,1523,0.1388
1,1529,1530,0.1388
0,1526,1526,0.1388
