1369,29,1398,0.1388
1408,29,1437,0.1388
1435,30,1465,0.1388
1453,30,1483,0.1388
1451,28,1479,0.1388
1461,28,1489,0.1388
1481,27,1508,0.1388
1484,29,1513,0.1388
1472,29,1501,0.1388
1473,30,1503,0.1388
1465,30,1495,0.1388
1475,29,1504,0.1388
1472,28,1500,0.1388
1469,31,1500,0.1388
1480,35,1515,0.1388
1470,36,1506,0.1388
1461,34,1495,0.1388
1449,34,1483,0.1388
1455,34,1489,0.1388
1468,31,1499,0.1388
1475,30,1505,0.1388
1470,31,1501,0.1388
1477,32,1509,0.1388
1473,34,1507,0.1388
1481,36,1517,0.1388
1468,37,1505,0.1388
1466,36,1502,0.1388
1458,35,1493,0.1388
1464,38,1502,0.1388
1457,39,1496,0.1388
1461,39,1500,0.1388
1463,39,1502,0.1388
1462,39,1501,0.1388
1447,38,1485,0.1388
1440,39,1479,0.1388
1429,39,1468,0.1388
1437,37,1474,0.1388
1446,38,1484,0.1388
1447,38,1485,0.1388
1447,37,1484,0.1388
1439,37,1476,0.1388
1443,38,1481,0.1388
1445,38,1483,0.1388
1446,36,1482,0.1388
1448,37,1485,0.1388
1447,38,1485,0.1388
1452,38,1490,0.1388
1441,37,1478,0.1388
1453,39,1492,0.1388
1453,39,1492,0.1388
1452,39,1491,0.1388
1453,40,1493,0.1388
1461,38,1499,0.1388
1443,40,1483,0.1388
1451,44,1495,0.1388
1430,45,1475,0.1388
1436,44,1480,0.1388
1440,45,1485,0.1388
1447,47,1494,0.1388
1457,46,1503,0.1388
1446,46,1492,0.1388
1438,48,1486,0.1388
1434,53,1487,0.1388
1428,52,1480,0.1388
1428,51,1479,0.1388
1430,52,1482,0.1388
1435,51,1486,0.1388
1433,52,1485,0.1388
1424,47,1471,0.1388
1444,47,1491,0.1388
1442,48,1490,0.1388
1444,43,1487,0.1388
1449,45,1494,0.1388
1459,45,1504,0.1388
1467,45,1512,0.1388
1478,46,1524,0.1388
1464,45,1509,0.1388
1455,44,1499,0.1388
1451,44,1495,0.1388
1449,45,1494,0.1388
1445,44,1489,0.1388
1440,45,1485,0.1388
1444,45,1489,0.1388
1445,43,1488,0.1388
1454,44,1498,0.1388
1454,44,1498,0.1388
1453,45,1498,0.1388
1451,43,1494,0.1388
1448,43,1491,0.1388
1446,45,1491,0.1388
1444,46,1490,0.1388
1463,46,1509,0.1388
1462,46,1508,0.1388
1447,45,1492,0.1388
1446,48,1494,0.1388
1445,49,1494,0.1388
1440,51,1491,0.1388
1442,51,1493,0.1388
1438,52,1490,0.1388
1429,50,1479,0.1388
1434,48,1482,0.1388
1438,47,1485,0.1388
1437,47,1484,0.1388
1441,46,1487,0.1388
1457,46,1503,0.1388
1450,45,1495,0.1388
1442,47,1489,0.1388
1455,47,1502,0.1388
1464,44,1508,0.1388
1467,43,1510,0.1388
1464,43,1507,0.1388
1452,46,1498,0.1388
1453,47,1500,0.1388
1454,45,1499,0.1388
1449,46,1495,0.1388
1437,45,1482,0.1388
1439,47,1486,0.1388
1442,46,1488,0.1388
1440,46,1486,0.1388
1436,45,1481,0.1388
1437,47,1484,0.1388
1427,47,1474,0.1388
1414,48,1462,0.1388
1428,47,1475,0.1388
1436,47,1483,0.1388
1437,47,1484,0.1388
1433,48,1481,0.1388
1425,47,1472,0.1388
1429,50,1479,0.1388
1433,52,1485,0.1388
1419,55,1474,0.1388
1429,56,1485,0.1388
1419,55,1474,0.1388
1422,55,1477,0.1388
1429,59,1488,0.1388
1430,60,1490,0.1388
1437,59,1496,0.1388
1441,59,1500,0.1388
1446,61,1507,0.1388
1444,62,1506,0.1388
1439,61,1500,0.1388
1447,60,1507,0.1388
1430,60,1490,0.1388
1436,62,1498,0.1388
1440,61,1501,0.1388
1456,63,1519,0.1388
1451,63,1514,0.1388
1434,61,1495,0.1388
1444,62,1506,0.1388
1444,61,1505,0.1388
1446,61,1507,0.1388
1447,60,1507,0.1388
1434,60,1494,0.1388
1449,58,1507,0.1388
1441,59,1500,0.1388
1439,61,1500,0.1388
1448,65,1513,0.1388
1447,63,1510,0.1388
1436,63,1499,0.1388
1439,62,1501,0.1388
1437,59,1496,0.1388
1431,61,1492,0.1388
1435,62,1497,0.1388
1430,62,1492,0.1388
1428,63,1491,0.1388
1438,61,1499,0.1388
1442,62,1504,0.1388
1436,62,1498,0.1388
1439,64,1503,0.1388
1438,62,1500,0.1388
1420,59,1479,0.1388
1429,64,1493,0.1388
1418,67,1485,0.1388
1420,64,1484,0.1388
1427,67,1494,0.1388
1422,66,1488,0.1388
1426,66,1492,0.1388
1425,68,1493,0.1388
1426,66,1492,0.1388
1426,65,1491,0.1388
1433,68,1501,0.1388
1444,68,1512,0.1388
1436,67,1503,0.1388
1433,67,1500,0.1388
1431,65,1496,0.1388
1424,68,1492,0.1388
1421,67,1488,0.1388
1426,65,1491,0.1388
1434,67,1501,0.1388
1427,66,1493,0.1388
1427,65,1492,0.1388
1428,65,1493,0.1388
1419,70,1489,0.1388
1419,69,1488,0.1388
1412,66,1478,0.1388
1442,67,1509,0.1388
1442,68,1510,0.1388
1434,68,1502,0.1388
1431,68,1499,0.1388
1428,73,1501,0.1388
1420,73,1493,0.1388
1413,73,1486,0.1388
1410,70,1480,0.1388
1417,73,1490,0.1388
1421,75,1496,0.1388
1424,77,1501,0.1388
1426,77,1503,0.1388
1427,76,1503,0.1388
1427,77,1504,0.1388
1417,79,1496,0.1388
1404,76,1480,0.1388
1407,77,1484,0.1388
1416,80,1496,0.1388
1425,78,1503,0.1388
1425,77,1502,0.1388
1431,73,1504,0.1388
1421,73,1494,0.1388
1416,75,1491,0.1388
1400,77,1477,0.1388
1405,79,1484,0.1388
1410,82,1492,0.1388
1424,81,1505,0.1388
1411,81,1492,0.1388
1400,83,1483,0.1388
1400,82,1482,0.1388
1409,80,1489,0.1388
1395,81,1476,0.1388
1404,82,1486,0.1388
1402,85,1487,0.1388
1405,85,1490,0.1388
1408,86,1494,0.1388
1409,81,1490,0.1388
1412,82,1494,0.1388
1423,85,1508,0.1388
1415,82,1497,0.1388
1386,83,1469,0.1388
1403,82,1485,0.1388
1399,83,1482,0.1388
1401,84,1485,0.1388
1403,86,1489,0.1388
1399,88,1487,0.1388
1407,85,1492,0.1388
1415,86,1501,0.1388
1412,84,1496,0.1388
1412,84,1496,0.1388
1414,82,1496,0.1388
1406,85,1491,0.1388
1410,86,1496,0.1388
1408,91,1499,0.1388
1403,89,1492,0.1388
1407,86,1493,0.1388
1401,84,1485,0.1388
1407,85,1492,0.1388
1410,84,1494,0.1388
1409,77,1486,0.1388
1415,81,1496,0.1388
1412,78,1490,0.1388
1417,80,1497,0.1388
1416,76,1492,0.1388
1412,74,1486,0.1388
1413,76,1489,0.1388
1417,73,1490,0.1388
1407,71,1478,0.1388
1413,72,1485,0.1388
1419,74,1493,0.1388
1422,79,1501,0.1388
1417,80,1497,0.1388
1412,81,1493,0.1388
1419,83,1502,0.1388
1417,82,1499,0.1388
1433,80,1513,0.1388
1405,80,1485,0.1388
1430,77,1507,0.1388
1424,83,1507,0.1388
1424,83,1507,0.1388
1413,84,1497,0.1388
1411,86,1497,0.1388
1395,87,1482,0.1388
1394,89,1483,0.1388
1401,87,1488,0.1388
1410,87,1497,0.1388
1411,87,1498,0.1388
1412,81,1493,0.1388
1430,82,1512,0.1388
1430,82,1512,0.1388
1421,82,1503,0.1388
1411,87,1498,0.1388
1417,84,1501,0.1388
1416,79,1495,0.1388
1415,77,1492,0.1388
1427,78,1505,0.1388
1418,77,1495,0.1388
1422,78,1500,0.1388
1433,76,1509,0.1388
1427,71,1498,0.1388
1427,69,1496,0.1388
1435,72,1507,0.1388
1427,73,1500,0.1388
1427,77,1504,0.1388
1427,79,1506,0.1388
1424,79,1503,0.1388
1428,79,1507,0.1388
1423,79,1502,0.1388
1412,79,1491,0.1388
1410,79,1489,0.1388
1413,80,1493,0.1388
1415,76,1491,0.1388
1415,78,1493,0.1388
1408,83,1491,0.1388
1419,83,1502,0.1388
1430,82,1512,0.1388
1419,81,1500,0.1388
1413,81,1494,0.1388
1415,84,1499,0.1388
1423,82,1505,0.1388
1413,83,1496,0.1388
1422,82,1504,0.1388
1409,82,1491,0.1388
1403,82,1485,0.1388
1411,81,1492,0.1388
1412,84,1496,0.1388
1422,84,1506,0.1388
1411,89,1500,0.1388
1410,88,1498,0.1388
1404,83,1487,0.1388
1404,81,1485,0.1388
1402,83,1485,0.1388
1407,81,1488,0.1388
1408,84,1492,0.1388
1413,81,1494,0.1388
1408,80,1488,0.1388
1398,81,1479,0.1388
1401,82,1483,0.1388
1392,82,1474,0.1388
1399,85,1484,0.1388
1402,85,1487,0.1388
1405,83,1488,0.1388
1404,82,1486,0.1388
1415,82,1497,0.1388
1406,84,1490,0.1388
1406,82,1488,0.1388
1393,85,1478,0.1388
1393,88,1481,0.1388
1416,88,1504,0.1388
1404,88,1492,0.1388
1399,88,1487,0.1388
1399,85,1484,0.1388
1395,91,1486,0.1388
1393,90,1483,0.1388
1400,86,1486,0.1388
1408,87,1495,0.1388
1397,85,1482,0.1388
1406,87,1493,0.1388
1415,90,1505,0.1388
1403,91,1494,0.1388
1415,92,1507,0.1388
1401,90,1491,0.1388
1414,91,1505,0.1388
1406,92,1498,0.1388
1409,90,1499,0.1388
1411,87,1498,0.1388
1420,89,1509,0.1388
1416,90,1506,0.1388
1405,91,1496,0.1388
1409,91,1500,0.1388
1399,88,1487,0.1388
1393,93,1486,0.1388
1404,90,1494,0.1388
1413,87,1500,0.1388
1404,89,1493,0.1388
1413,90,1503,0.1388
1422,93,1515,0.1388
1407,94,1501,0.1388
1400,96,1496,0.1388
1398,97,1495,0.1388
1387,98,1485,0.1388
1392,100,1492,0.1388
1400,101,1501,0.1388
1406,103,1509,0.1388
1398,105,1503,0.1388
1389,105,1494,0.1388
1395,108,1503,0.1388
1392,106,1498,0.1388
1376,107,1483,0.1388
1389,106,1495,0.1388
1384,104,1488,0.1388
1383,107,1490,0.1388
1390,108,1498,0.1388
1381,111,1492,0.1388
1377,109,1486,0.1388
1382,113,1495,0.1388
1388,113,1501,0.1388
1389,111,1500,0.1388
1381,112,1493,0.1388
1389,112,1501,0.1388
1379,115,1494,0.1388
1384,116,1500,0.1388
1377,117,1494,0.1388
1369,115,1484,0.1388
1362,123,1485,0.1388
1366,125,1491,0.1388
1361,121,1482,0.1388
1380,122,1502,0.1388
1373,124,1497,0.1388
1382,128,1510,0.1388
1385,132,1517,0.1388
1376,130,1506,0.1388
1361,132,1493,0.1388
1367,135,1502,0.1388
1349,137,1486,0.1388
1359,141,1500,0.1388
1362,146,1508,0.1388
1371,145,1516,0.1388
1377,144,1521,0.1388
1369,143,1512,0.1388
1354,143,1497,0.1388
1361,142,1503,0.1388
1345,145,1490,0.1388
1348,149,1497,0.1388
1345,152,1497,0.1388
1344,155,1499,0.1388
1335,153,1488,0.1388
1338,157,1495,0.1388
1338,153,1491,0.1388
1329,151,1480,0.1388
1328,150,1478,0.1388
1342,151,1493,0.1388
1362,152,1514,0.1388
1339,148,1487,0.1388
1336,153,1489,0.1388
1345,153,1498,0.1388
1339,156,1495,0.1388
1341,153,1494,0.1388
1342,152,1494,0.1388
1333,152,1485,0.1388
1333,154,1487,0.1388
1339,157,1496,0.1388
1342,158,1500,0.1388
1351,157,1508,0.1388
1347,152,1499,0.1388
1334,153,1487,0.1388
1333,147,1480,0.1388
1326,144,1470,0.1388
1330,145,1475,0.1388
1330,145,1475,0.1388
1336,147,1483,0.1388
1325,149,1474,0.1388
1336,151,1487,0.1388
1346,150,1496,0.1388
1343,151,1494,0.1388
1341,145,1486,0.1388
1343,153,1496,0.1388
1353,153,1506,0.1388
1364,155,1519,0.1388
1360,157,1517,0.1388
1347,161,1508,0.1388
1354,164,1518,0.1388
1340,164,1504,0.1388
1324,166,1490,0.1388
1324,164,1488,0.1388
1327,164,1491,0.1388
1320,158,1478,0.1388
1333,159,1492,0.1388
1324,159,1483,0.1388
1322,159,1481,0.1388
1337,154,1491,0.1388
1348,158,1506,0.1388
1356,158,1514,0.1388
1348,160,1508,0.1388
1352,158,1510,0.1388
1347,156,1503,0.1388
1346,154,1500,0.1388
1347,154,1501,0.1388
1345,157,1502,0.1388
1347,154,1501,0.1388
1335,153,1488,0.1388
1331,150,1481,0.1388
1333,152,1485,0.1388
1338,158,1496,0.1388
1342,158,1500,0.1388
1346,160,1506,0.1388
1347,162,1509,0.1388
1350,161,1511,0.1388
1347,167,1514,0.1388
1338,163,1501,0.1388
1341,165,1506,0.1388
1324,169,1493,0.1388
1329,168,1497,0.1388
1327,164,1491,0.1388
1320,166,1486,0.1388
1321,163,1484,0.1388
1329,163,1492,0.1388
1322,163,1485,0.1388
1340,163,1503,0.1388
1331,166,1497,0.1388
1336,168,1504,0.1388
1342,166,1508,0.1388
1342,165,1507,0.1388
1344,163,1507,0.1388
1336,165,1501,0.1388
1331,165,1496,0.1388
1331,165,1496,0.1388
1335,164,1499,0.1388
1320,165,1485,0.1388
1327,171,1498,0.1388
1311,168,1479,0.1388
1310,160,1470,0.1388
1311,162,1473,0.1388
1311,169,1480,0.1388
1310,168,1478,0.1388
1310,164,1474,0.1388
1314,171,1485,0.1388
1328,173,1501,0.1388
1325,168,1493,0.1388
1317,171,1488,0.1388
1331,174,1505,0.1388
1319,178,1497,0.1388
1323,179,1502,0.1388
1320,177,1497,0.1388
1317,178,1495,0.1388
1332,177,1509,0.1388
1323,176,1499,0.1388
1318,179,1497,0.1388
1315,180,1495,0.1388
1311,182,1493,0.1388
1297,186,1483,0.1388
1311,190,1501,0.1388
1313,190,1503,0.1388
1309,188,1497,0.1388
1292,187,1479,0.1388
1307,185,1492,0.1388
1304,181,1485,0.1388
1311,185,1496,0.1388
1300,183,1483,0.1388
1304,183,1487,0.1388
1309,183,1492,0.1388
1300,184,1484,0.1388
1308,188,1496,0.1388
1302,187,1489,0.1388
1285,183,1468,0.1388
1301,182,1483,0.1388
1303,190,1493,0.1388
1297,188,1485,0.1388
1293,188,1481,0.1388
1290,184,1474,0.1388
1301,185,1486,0.1388
1310,189,1499,0.1388
1307,190,1497,0.1388
1319,187,1506,0.1388
1316,187,1503,0.1388
1308,191,1499,0.1388
1306,188,1494,0.1388
1312,185,1497,0.1388
1308,182,1490,0.1388
1302,187,1489,0.1388
1302,187,1489,0.1388
1309,188,1497,0.1388
1303,186,1489,0.1388
1303,185,1488,0.1388
1312,187,1499,0.1388
1292,187,1479,0.1388
1289,188,1477,0.1388
1302,190,1492,0.1388
1305,187,1492,0.1388
1303,193,1496,0.1388
1306,193,1499,0.1388
1314,194,1508,0.1388
1301,192,1493,0.1388
1296,191,1487,0.1388
1291,191,1482,0.1388
1290,193,1483,0.1388
1303,190,1493,0.1388
1304,185,1489,0.1388
1304,194,1498,0.1388
1303,194,1497,0.1388
1304,200,1504,0.1388
1310,203,1513,0.1388
1302,201,1503,0.1388
1295,200,1495,0.1388
1294,204,1498,0.1388
1288,203,1491,0.1388
1283,201,1484,0.1388
1290,199,1489,0.1388
1287,205,1492,0.1388
1293,208,1501,0.1388
1290,208,1498,0.1388
1296,211,1507,0.1388
1288,209,1497,0.1388
1300,207,1507,0.1388
1303,205,1508,0.1388
1296,209,1505,0.1388
1296,215,1511,0.1388
1293,219,1512,0.1388
1275,225,1500,0.1388
1261,222,1483,0.1388
1265,220,1485,0.1388
1256,223,1479,0.1388
1264,227,1491,0.1388
1279,231,1510,0.1388
1276,226,1502,0.1388
1273,223,1496,0.1388
1278,224,1502,0.1388
1276,223,1499,0.1388
1274,228,1502,0.1388
1273,223,1496,0.1388
1272,222,1494,0.1388
1281,228,1509,0.1388
1274,229,1503,0.1388
1269,229,1498,0.1388
1281,231,1512,0.1388
1272,230,1502,0.1388
1279,226,1505,0.1388
1273,219,1492,0.1388
1273,224,1497,0.1388
1264,227,1491,0.1388
1256,228,1484,0.1388
1260,235,1495,0.1388
1264,238,1502,0.1388
1268,236,1504,0.1388
1266,239,1505,0.1388
1269,234,1503,0.1388
1279,237,1516,0.1388
1258,236,1494,0.1388
1261,238,1499,0.1388
1260,233,1493,0.1388
1266,234,1500,0.1388
1265,237,1502,0.1388
1255,240,1495,0.1388
1263,234,1497,0.1388
1259,235,1494,0.1388
1266,236,1502,0.1388
1270,242,1512,0.1388
1256,241,1497,0.1388
1264,241,1505,0.1388
1263,241,1504,0.1388
1275,242,1517,0.1388
1268,240,1508,0.1388
1263,242,1505,0.1388
1263,241,1504,0.1388
1248,245,1493,0.1388
1263,245,1508,0.1388
1266,245,1511,0.1388
1259,243,1502,0.1388
1265,245,1510,0.1388
1266,245,1511,0.1388
1254,242,1496,0.1388
1246,250,1496,0.1388
1234,253,1487,0.1388
1242,258,1500,0.1388
1242,258,1500,0.1388
1250,257,1507,0.1388
1243,258,1501,0.1388
1241,259,1500,0.1388
1250,258,1508,0.1388
1258,259,1517,0.1388
1251,255,1506,0.1388
1248,256,1504,0.1388
1243,258,1501,0.1388
1238,255,1493,0.1388
1240,266,1506,0.1388
1252,267,1519,0.1388
1236,267,1503,0.1388
1236,264,1500,0.1388
1221,259,1480,0.1388
1222,259,1481,0.1388
1224,264,1488,0.1388
1235,266,1501,0.1388
1240,265,1505,0.1388
1229,264,1493,0.1388
1224,258,1482,0.1388
1226,263,1489,0.1388
1227,262,1489,0.1388
1215,264,1479,0.1388
1202,266,1468,0.1388
1204,267,1471,0.1388
1211,273,1484,0.1388
1211,277,1488,0.1388
1221,275,1496,0.1388
1207,284,1491,0.1388
1207,288,1495,0.1388
1203,284,1487,0.1388
1200,279,1479,0.1388
1205,285,1490,0.1388
1200,285,1485,0.1388
1201,283,1484,0.1388
1200,278,1478,0.1388
1212,277,1489,0.1388
1214,286,1500,0.1388
1215,282,1497,0.1388
1220,275,1495,0.1388
1225,276,1501,0.1388
1224,274,1498,0.1388
1215,272,1487,0.1388
1218,275,1493,0.1388
1217,278,1495,0.1388
1216,280,1496,0.1388
1222,286,1508,0.1388
1217,289,1506,0.1388
1214,290,1504,0.1388
1213,286,1499,0.1388
1203,282,1485,0.1388
1202,276,1478,0.1388
1208,272,1480,0.1388
1207,270,1477,0.1388
1210,278,1488,0.1388
1195,281,1476,0.1388
1200,279,1479,0.1388
1209,283,1492,0.1388
1210,286,1496,0.1388
1211,288,1499,0.1388
1205,290,1495,0.1388
1197,291,1488,0.1388
1201,285,1486,0.1388
1204,289,1493,0.1388
1204,292,1496,0.1388
1203,293,1496,0.1388
1208,291,1499,0.1388
1208,293,1501,0.1388
1201,303,1504,0.1388
1197,303,1500,0.1388
1190,309,1499,0.1388
1203,309,1512,0.1388
1197,308,1505,0.1388
1192,304,1496,0.1388
1188,309,1497,0.1388
1186,308,1494,0.1388
1189,311,1500,0.1388
1183,316,1499,0.1388
1184,314,1498,0.1388
1182,310,1492,0.1388
1188,312,1500,0.1388
1178,312,1490,0.1388
1179,315,1494,0.1388
1182,317,1499,0.1388
1177,313,1490,0.1388
1171,311,1482,0.1388
1172,308,1480,0.1388
1170,312,1482,0.1388
1158,322,1480,0.1388
1167,323,1490,0.1388
1177,319,1496,0.1388
1175,324,1499,0.1388
1166,332,1498,0.1388
1160,329,1489,0.1388
1164,329,1493,0.1388
1153,329,1482,0.1388
1151,330,1481,0.1388
1152,336,1488,0.1388
1156,341,1497,0.1388
1139,345,1484,0.1388
1139,350,1489,0.1388
1154,344,1498,0.1388
1155,343,1498,0.1388
1147,346,1493,0.1388
1144,340,1484,0.1388
1138,343,1481,0.1388
1142,338,1480,0.1388
1146,342,1488,0.1388
1150,335,1485,0.1388
1162,334,1496,0.1388
1167,335,1502,0.1388
1170,333,1503,0.1388
1167,331,1498,0.1388
1158,332,1490,0.1388
1162,328,1490,0.1388
1165,327,1492,0.1388
1173,320,1493,0.1388
1160,327,1487,0.1388
1163,326,1489,0.1388
1170,328,1498,0.1388
1169,327,1496,0.1388
1160,324,1484,0.1388
1167,317,1484,0.1388
1170,315,1485,0.1388
1180,310,1490,0.1388
1180,313,1493,0.1388
1181,313,1494,0.1388
1177,315,1492,0.1388
1188,315,1503,0.1388
1190,310,1500,0.1388
1195,313,1508,0.1388
1182,325,1507,0.1388
1183,331,1514,0.1388
1171,324,1495,0.1388
1164,318,1482,0.1388
1156,326,1482,0.1388
1159,331,1490,0.1388
1167,331,1498,0.1388
1182,333,1515,0.1388
1174,335,1509,0.1388
1169,335,1504,0.1388
1165,330,1495,0.1388
1160,331,1491,0.1388
1164,333,1497,0.1388
1156,336,1492,0.1388
1168,333,1501,0.1388
1164,330,1494,0.1388
1159,333,1492,0.1388
1154,348,1502,0.1388
1153,347,1500,0.1388
1157,353,1510,0.1388
1148,356,1504,0.1388
1148,359,1507,0.1388
1149,354,1503,0.1388
1147,359,1506,0.1388
1152,362,1514,0.1388
1148,358,1506,0.1388
1145,356,1501,0.1388
1146,353,1499,0.1388
1149,355,1504,0.1388
1156,353,1509,0.1388
1158,354,1512,0.1388
1142,355,1497,0.1388
1131,358,1489,0.1388
1137,359,1496,0.1388
1136,362,1498,0.1388
1141,362,1503,0.1388
1145,365,1510,0.1388
1146,362,1508,0.1388
1152,359,1511,0.1388
1159,361,1520,0.1388
1144,361,1505,0.1388
1148,357,1505,0.1388
1153,352,1505,0.1388
1154,350,1504,0.1388
1151,350,1501,0.1388
1163,354,1517,0.1388
1156,358,1514,0.1388
1145,354,1499,0.1388
1137,354,1491,0.1388
1148,355,1503,0.1388
1133,354,1487,0.1388
1156,353,1509,0.1388
1156,355,1511,0.1388
1150,353,1503,0.1388
1142,367,1509,0.1388
1140,369,1509,0.1388
1141,369,1510,0.1388
1113,372,1485,0.1388
1118,376,1494,0.1388
1109,372,1481,0.1388
1111,371,1482,0.1388
1131,370,1501,0.1388
1119,373,1492,0.1388
1121,372,1493,0.1388
1122,379,1501,0.1388
1129,376,1505,0.1388
1122,372,1494,0.1388
1120,370,1490,0.1388
1124,373,1497,0.1388
1121,378,1499,0.1388
1107,384,1491,0.1388
1104,387,1491,0.1388
1105,386,1491,0.1388
1104,391,1495,0.1388
1098,398,1496,0.1388
1103,403,1506,0.1388
1103,395,1498,0.1388
1098,390,1488,0.1388
1102,397,1499,0.1388
1107,398,1505,0.1388
1110,394,1504,0.1388
1105,398,1503,0.1388
1103,389,1492,0.1388
1104,401,1505,0.1388
1099,398,1497,0.1388
1093,397,1490,0.1388
1087,394,1481,0.1388
1079,391,1470,0.1388
1076,398,1474,0.1388
1081,400,1481,0.1388
1076,408,1484,0.1388
1081,408,1489,0.1388
1088,410,1498,0.1388
1092,417,1509,0.1388
1088,415,1503,0.1388
1084,413,1497,0.1388
1080,415,1495,0.1388
1087,415,1502,0.1388
1075,414,1489,0.1388
1081,415,1496,0.1388
1078,425,1503,0.1388
1072,423,1495,0.1388
1081,430,1511,0.1388
1077,436,1513,0.1388
1066,444,1510,0.1388
1062,442,1504,0.1388
1050,438,1488,0.1388
1057,443,1500,0.1388
1055,444,1499,0.1388
1047,441,1488,0.1388
1054,444,1498,0.1388
1053,452,1505,0.1388
1063,448,1511,0.1388
1065,448,1513,0.1388
1058,441,1499,0.1388
1047,445,1492,0.1388
1040,445,1485,0.1388
1054,449,1503,0.1388
1055,442,1497,0.1388
1054,445,1499,0.1388
1048,449,1497,0.1388
1057,446,1503,0.1388
1051,440,1491,0.1388
1061,443,1504,0.1388
1059,442,1501,0.1388
1054,444,1498,0.1388
1048,441,1489,0.1388
1058,447,1505,0.1388
1053,450,1503,0.1388
1054,451,1505,0.1388
1063,444,1507,0.1388
1066,442,1508,0.1388
1057,443,1500,0.1388
1069,438,1507,0.1388
1066,440,1506,0.1388
1067,450,1517,0.1388
1062,450,1512,0.1388
1056,450,1506,0.1388
1059,451,1510,0.1388
1048,447,1495,0.1388
1058,442,1500,0.1388
1047,444,1491,0.1388
1044,447,1491,0.1388
1031,459,1490,0.1388
1032,454,1486,0.1388
1033,450,1483,0.1388
1037,461,1498,0.1388
1048,458,1506,0.1388
1046,461,1507,0.1388
1050,455,1505,0.1388
1048,454,1502,0.1388
1047,460,1507,0.1388
1046,466,1512,0.1388
1041,459,1500,0.1388
1061,455,1516,0.1388
1055,447,1502,0.1388
1054,446,1500,0.1388
1055,444,1499,0.1388
1051,455,1506,0.1388
1055,447,1502,0.1388
1061,447,1508,0.1388
1058,457,1515,0.1388
1055,458,1513,0.1388
1045,458,1503,0.1388
1050,448,1498,0.1388
1049,441,1490,0.1388
1057,440,1497,0.1388
1057,443,1500,0.1388
1051,442,1493,0.1388
1054,449,1503,0.1388
1061,452,1513,0.1388
1057,453,1510,0.1388
1051,451,1502,0.1388
1051,454,1505,0.1388
1052,456,1508,0.1388
1048,458,1506,0.1388
1056,460,1516,0.1388
1057,464,1521,0.1388
1056,460,1516,0.1388
1045,466,1511,0.1388
1038,465,1503,0.1388
1040,471,1511,0.1388
1026,473,1499,0.1388
1025,468,1493,0.1388
1016,473,1489,0.1388
1023,481,1504,0.1388
1025,482,1507,0.1388
1029,476,1505,0.1388
1019,478,1497,0.1388
1026,476,1502,0.1388
1021,479,1500,0.1388
1022,482,1504,0.1388
1021,477,1498,0.1388
1019,477,1496,0.1388
1021,469,1490,0.1388
1008,473,1481,0.1388
1011,481,1492,0.1388
1022,480,1502,0.1388
1024,483,1507,0.1388
1025,470,1495,0.1388
1007,475,1482,0.1388
1011,483,1494,0.1388
1022,482,1504,0.1388
1031,493,1524,0.1388
1027,491,1518,0.1388
1022,490,1512,0.1388
1002,494,1496,0.1388
1007,499,1506,0.1388
1012,504,1516,0.1388
1019,502,1521,0.1388
1005,509,1514,0.1388
1006,512,1518,0.1388
999,507,1506,0.1388
1012,511,1523,0.1388
996,504,1500,0.1388
1008,504,1512,0.1388
1010,502,1512,0.1388
1007,502,1509,0.1388
1006,508,1514,0.1388
1007,506,1513,0.1388
1009,516,1525,0.1388
995,519,1514,0.1388
995,514,1509,0.1388
989,505,1494,0.1388
998,498,1496,0.1388
990,506,1496,0.1388
991,505,1496,0.1388
969,500,1469,0.1388
977,503,1480,0.1388
986,513,1499,0.1388
989,513,1502,0.1388
991,513,1504,0.1388
993,517,1510,0.1388
991,507,1498,0.1388
989,517,1506,0.1388
995,516,1511,0.1388
989,513,1502,0.1388
1002,524,1526,0.1388
997,534,1531,0.1388
996,528,1524,0.1388
990,528,1518,0.1388
988,530,1518,0.1388
977,532,1509,0.1388
965,540,1505,0.1388
969,542,1511,0.1388
958,545,1503,0.1388
947,539,1486,0.1388
943,553,1496,0.1388
940,550,1490,0.1388
946,552,1498,0.1388
944,552,1496,0.1388
947,550,1497,0.1388
944,552,1496,0.1388
945,555,1500,0.1388
949,557,1506,0.1388
952,554,1506,0.1388
957,556,1513,0.1388
958,552,1510,0.1388
954,555,1509,0.1388
954,553,1507,0.1388
947,551,1498,0.1388
945,559,1504,0.1388
945,563,1508,0.1388
938,562,1500,0.1388
943,568,1511,0.1388
937,567,1504,0.1388
926,570,1496,0.1388
924,570,1494,0.1388
931,570,1501,0.1388
938,575,1513,0.1388
935,580,1515,0.1388
929,578,1507,0.1388
930,585,1515,0.1388
930,578,1508,0.1388
923,583,1506,0.1388
918,590,1508,0.1388
919,598,1517,0.1388
930,584,1514,0.1388
929,586,1515,0.1388
923,591,1514,0.1388
921,584,1505,0.1388
924,587,1511,0.1388
917,587,1504,0.1388
924,595,1519,0.1388
922,585,1507,0.1388
921,581,1502,0.1388
916,582,1498,0.1388
917,586,1503,0.1388
926,592,1518,0.1388
921,592,1513,0.1388
917,590,1507,0.1388
915,593,1508,0.1388
900,596,1496,0.1388
898,602,1500,0.1388
913,609,1522,0.1388
903,602,1505,0.1388
913,598,1511,0.1388
911,597,1508,0.1388
923,599,1522,0.1388
919,600,1519,0.1388
922,599,1521,0.1388
920,598,1518,0.1388
914,603,1517,0.1388
912,603,1515,0.1388
911,598,1509,0.1388
909,598,1507,0.1388
909,602,1511,0.1388
899,594,1493,0.1388
898,595,1493,0.1388
899,601,1500,0.1388
903,596,1499,0.1388
909,596,1505,0.1388
906,599,1505,0.1388
909,601,1510,0.1388
888,605,1493,0.1388
896,602,1498,0.1388
885,607,1492,0.1388
890,613,1503,0.1388
893,611,1504,0.1388
901,616,1517,0.1388
898,616,1514,0.1388
889,611,1500,0.1388
896,618,1514,0.1388
880,627,1507,0.1388
884,620,1504,0.1388
879,634,1513,0.1388
873,640,1513,0.1388
873,638,1511,0.1388
874,631,1505,0.1388
877,629,1506,0.1388
883,630,1513,0.1388
885,626,1511,0.1388
878,627,1505,0.1388
864,630,1494,0.1388
862,622,1484,0.1388
864,620,1484,0.1388
874,624,1498,0.1388
866,625,1491,0.1388
867,631,1498,0.1388
865,636,1501,0.1388
873,636,1509,0.1388
864,631,1495,0.1388
860,635,1495,0.1388
863,632,1495,0.1388
860,644,1504,0.1388
853,651,1504,0.1388
849,643,1492,0.1388
857,640,1497,0.1388
856,638,1494,0.1388
862,635,1497,0.1388
867,642,1509,0.1388
871,640,1511,0.1388
868,648,1516,0.1388
858,650,1508,0.1388
850,647,1497,0.1388
848,645,1493,0.1388
854,640,1494,0.1388
855,647,1502,0.1388
858,655,1513,0.1388
850,659,1509,0.1388
852,665,1517,0.1388
846,674,1520,0.1388
839,674,1513,0.1388
836,670,1506,0.1388
835,662,1497,0.1388
839,653,1492,0.1388
850,656,1506,0.1388
855,659,1514,0.1388
852,653,1505,0.1388
858,657,1515,0.1388
854,652,1506,0.1388
860,655,1515,0.1388
865,662,1527,0.1388
869,658,1527,0.1388
865,663,1528,0.1388
854,664,1518,0.1388
849,661,1510,0.1388
842,656,1498,0.1388
837,645,1482,0.1388
833,658,1491,0.1388
832,664,1496,0.1388
835,673,1508,0.1388
833,670,1503,0.1388
833,670,1503,0.1388
828,677,1505,0.1388
828,667,1495,0.1388
837,671,1508,0.1388
838,674,1512,0.1388
830,671,1501,0.1388
838,678,1516,0.1388
832,670,1502,0.1388
833,677,1510,0.1388
830,681,1511,0.1388
826,674,1500,0.1388
831,680,1511,0.1388
822,675,1497,0.1388
822,668,1490,0.1388
831,664,1495,0.1388
826,669,1495,0.1388
824,668,1492,0.1388
822,674,1496,0.1388
814,674,1488,0.1388
813,676,1489,0.1388
817,683,1500,0.1388
812,684,1496,0.1388
812,679,1491,0.1388
821,684,1505,0.1388
820,675,1495,0.1388
810,674,1484,0.1388
804,682,1486,0.1388
812,687,1499,0.1388
807,696,1503,0.1388
803,698,1501,0.1388
802,695,1497,0.1388
809,704,1513,0.1388
812,694,1506,0.1388
810,704,1514,0.1388
796,715,1511,0.1388
796,709,1505,0.1388
802,696,1498,0.1388
804,689,1493,0.1388
802,694,1496,0.1388
806,695,1501,0.1388
801,695,1496,0.1388
796,704,1500,0.1388
792,700,1492,0.1388
796,702,1498,0.1388
786,706,1492,0.1388
785,708,1493,0.1388
786,714,1500,0.1388
791,715,1506,0.1388
788,725,1513,0.1388
794,724,1518,0.1388
794,717,1511,0.1388
779,721,1500,0.1388
779,723,1502,0.1388
784,728,1512,0.1388
777,724,1501,0.1388
780,721,1501,0.1388
771,723,1494,0.1388
770,721,1491,0.1388
782,721,1503,0.1388
781,725,1506,0.1388
779,731,1510,0.1388
776,724,1500,0.1388
779,727,1506,0.1388
784,726,1510,0.1388
778,725,1503,0.1388
779,721,1500,0.1388
774,720,1494,0.1388
783,721,1504,0.1388
792,717,1509,0.1388
798,720,1518,0.1388
809,714,1523,0.1388
799,711,1510,0.1388
800,713,1513,0.1388
794,716,1510,0.1388
788,718,1506,0.1388
792,724,1516,0.1388
781,717,1498,0.1388
785,722,1507,0.1388
772,724,1496,0.1388
775,720,1495,0.1388
775,722,1497,0.1388
768,729,1497,0.1388
763,738,1501,0.1388
767,741,1508,0.1388
763,744,1507,0.1388
756,745,1501,0.1388
751,754,1505,0.1388
754,760,1514,0.1388
732,756,1488,0.1388
723,757,1480,0.1388
718,774,1492,0.1388
719,788,1507,0.1388
724,788,1512,0.1388
723,789,1512,0.1388
732,785,1517,0.1388
724,777,1501,0.1388
715,778,1493,0.1388
714,784,1498,0.1388
720,786,1506,0.1388
706,802,1508,0.1388
713,808,1521,0.1388
715,801,1516,0.1388
709,801,1510,0.1388
712,805,1517,0.1388
707,804,1511,0.1388
710,802,1512,0.1388
702,797,1499,0.1388
713,804,1517,0.1388
706,809,1515,0.1388
695,806,1501,0.1388
692,809,1501,0.1388
683,814,1497,0.1388
676,811,1487,0.1388
678,815,1493,0.1388
671,818,1489,0.1388
674,823,1497,0.1388
663,822,1485,0.1388
663,826,1489,0.1388
665,838,1503,0.1388
673,839,1512,0.1388
668,845,1513,0.1388
662,850,1512,0.1388
663,845,1508,0.1388
663,851,1514,0.1388
668,849,1517,0.1388
657,847,1504,0.1388
662,843,1505,0.1388
660,844,1504,0.1388
664,852,1516,0.1388
660,855,1515,0.1388
658,857,1515,0.1388
663,862,1525,0.1388
656,857,1513,0.1388
659,858,1517,0.1388
658,855,1513,0.1388
646,858,1504,0.1388
643,856,1499,0.1388
640,863,1503,0.1388
643,861,1504,0.1388
646,851,1497,0.1388
649,840,1489,0.1388
655,846,1501,0.1388
657,855,1512,0.1388
657,857,1514,0.1388
667,853,1520,0.1388
659,860,1519,0.1388
661,860,1521,0.1388
656,865,1521,0.1388
653,860,1513,0.1388
649,857,1506,0.1388
648,866,1514,0.1388
636,868,1504,0.1388
628,878,1506,0.1388
630,873,1503,0.1388
630,877,1507,0.1388
625,875,1500,0.1388
627,878,1505,0.1388
628,883,1511,0.1388
625,881,1506,0.1388
626,885,1511,0.1388
620,880,1500,0.1388
615,892,1507,0.1388
612,890,1502,0.1388
611,888,1499,0.1388
601,893,1494,0.1388
603,890,1493,0.1388
595,893,1488,0.1388
593,904,1497,0.1388
595,908,1503,0.1388
597,923,1520,0.1388
596,938,1534,0.1388
599,925,1524,0.1388
602,922,1524,0.1388
604,908,1512,0.1388
611,908,1519,0.1388
610,912,1522,0.1388
594,920,1514,0.1388
589,925,1514,0.1388
593,932,1525,0.1388
589,931,1520,0.1388
588,940,1528,0.1388
582,941,1523,0.1388
574,933,1507,0.1388
570,943,1513,0.1388
569,939,1508,0.1388
569,943,1512,0.1388
558,945,1503,0.1388
559,950,1509,0.1388
556,956,1512,0.1388
556,969,1525,0.1388
552,966,1518,0.1388
548,957,1505,0.1388
550,960,1510,0.1388
549,953,1502,0.1388
544,968,1512,0.1388
549,963,1512,0.1388
543,963,1506,0.1388
544,966,1510,0.1388
548,966,1514,0.1388
550,964,1514,0.1388
553,962,1515,0.1388
551,966,1517,0.1388
549,963,1512,0.1388
547,957,1504,0.1388
541,959,1500,0.1388
533,964,1497,0.1388
530,967,1497,0.1388
530,986,1516,0.1388
524,986,1510,0.1388
519,985,1504,0.1388
522,984,1506,0.1388
526,981,1507,0.1388
530,982,1512,0.1388
526,984,1510,0.1388
539,983,1522,0.1388
542,983,1525,0.1388
540,987,1527,0.1388
535,976,1511,0.1388
528,982,1510,0.1388
523,981,1504,0.1388
524,979,1503,0.1388
521,985,1506,0.1388
521,989,1510,0.1388
518,987,1505,0.1388
513,999,1512,0.1388
513,995,1508,0.1388
510,993,1503,0.1388
512,1005,1517,0.1388
513,1001,1514,0.1388
516,992,1508,0.1388
521,994,1515,0.1388
528,986,1514,0.1388
534,986,1520,0.1388
531,980,1511,0.1388
529,968,1497,0.1388
525,972,1497,0.1388
527,965,1492,0.1388
528,979,1507,0.1388
531,976,1507,0.1388
528,969,1497,0.1388
528,966,1494,0.1388
523,965,1488,0.1388
519,968,1487,0.1388
523,979,1502,0.1388
524,994,1518,0.1388
522,992,1514,0.1388
513,992,1505,0.1388
510,996,1506,0.1388
515,996,1511,0.1388
513,991,1504,0.1388
516,990,1506,0.1388
527,991,1518,0.1388
529,982,1511,0.1388
526,975,1501,0.1388
526,974,1500,0.1388
529,967,1496,0.1388
527,965,1492,0.1388
525,975,1500,0.1388
529,977,1506,0.1388
530,963,1493,0.1388
534,964,1498,0.1388
538,962,1500,0.1388
545,961,1506,0.1388
547,957,1504,0.1388
538,977,1515,0.1388
536,980,1516,0.1388
532,975,1507,0.1388
521,976,1497,0.1388
515,969,1484,0.1388
515,990,1505,0.1388
522,992,1514,0.1388
517,992,1509,0.1388
515,996,1511,0.1388
508,1005,1513,0.1388
513,1000,1513,0.1388
511,994,1505,0.1388
510,999,1509,0.1388
506,1008,1514,0.1388
500,1008,1508,0.1388
498,1013,1511,0.1388
504,1001,1505,0.1388
503,996,1499,0.1388
501,1008,1509,0.1388
494,1009,1503,0.1388
485,1012,1497,0.1388
489,1007,1496,0.1388
488,1025,1513,0.1388
486,1014,1500,0.1388
487,1010,1497,0.1388
486,1029,1515,0.1388
485,1034,1519,0.1388
482,1029,1511,0.1388
478,1025,1503,0.1388
483,1021,1504,0.1388
476,1007,1483,0.1388
477,1017,1494,0.1388
476,1024,1500,0.1388
475,1030,1505,0.1388
474,1024,1498,0.1388
465,1034,1499,0.1388
457,1042,1499,0.1388
457,1040,1497,0.1388
451,1050,1501,0.1388
458,1051,1509,0.1388
457,1049,1506,0.1388
456,1051,1507,0.1388
458,1061,1519,0.1388
453,1065,1518,0.1388
453,1062,1515,0.1388
453,1064,1517,0.1388
455,1069,1524,0.1388
460,1064,1524,0.1388
462,1061,1523,0.1388
453,1066,1519,0.1388
443,1069,1512,0.1388
443,1063,1506,0.1388
445,1070,1515,0.1388
444,1053,1497,0.1388
441,1057,1498,0.1388
442,1067,1509,0.1388
444,1071,1515,0.1388
433,1079,1512,0.1388
436,1083,1519,0.1388
430,1064,1494,0.1388
426,1074,1500,0.1388
421,1077,1498,0.1388
424,1099,1523,0.1388
428,1093,1521,0.1388
419,1087,1506,0.1388
427,1080,1507,0.1388
430,1079,1509,0.1388
426,1079,1505,0.1388
421,1068,1489,0.1388
424,1084,1508,0.1388
427,1078,1505,0.1388
422,1085,1507,0.1388
428,1079,1507,0.1388
426,1086,1512,0.1388
426,1094,1520,0.1388
427,1089,1516,0.1388
428,1091,1519,0.1388
419,1097,1516,0.1388
421,1109,1530,0.1388
421,1108,1529,0.1388
418,1100,1518,0.1388
416,1106,1522,0.1388
416,1094,1510,0.1388
416,1094,1510,0.1388
416,1094,1510,0.1388
407,1099,1506,0.1388
405,1095,1500,0.1388
403,1088,1491,0.1388
403,1092,1495,0.1388
397,1091,1488,0.1388
405,1104,1509,0.1388
404,1108,1512,0.1388
411,1113,1524,0.1388
411,1104,1515,0.1388
409,1101,1510,0.1388
400,1106,1506,0.1388
403,1099,1502,0.1388
405,1109,1514,0.1388
402,1110,1512,0.1388
401,1122,1523,0.1388
402,1127,1529,0.1388
400,1119,1519,0.1388
399,1119,1518,0.1388
402,1118,1520,0.1388
407,1118,1525,0.1388
410,1121,1531,0.1388
405,1106,1511,0.1388
409,1121,1530,0.1388
401,1137,1538,0.1388
395,1136,1531,0.1388
390,1128,1518,0.1388
385,1119,1504,0.1388
391,1113,1504,0.1388
389,1118,1507,0.1388
394,1113,1507,0.1388
396,1121,1517,0.1388
392,1126,1518,0.1388
396,1127,1523,0.1388
403,1124,1527,0.1388
395,1120,1515,0.1388
395,1136,1531,0.1388
388,1129,1517,0.1388
386,1127,1513,0.1388
386,1134,1520,0.1388
386,1131,1517,0.1388
391,1136,1527,0.1388
389,1121,1510,0.1388
387,1121,1508,0.1388
383,1127,1510,0.1388
388,1135,1523,0.1388
385,1133,1518,0.1388
383,1124,1507,0.1388
380,1119,1499,0.1388
387,1120,1507,0.1388
384,1119,1503,0.1388
382,1130,1512,0.1388
380,1131,1511,0.1388
381,1134,1515,0.1388
387,1135,1522,0.1388
383,1138,1521,0.1388
377,1138,1515,0.1388
375,1136,1511,0.1388
373,1144,1517,0.1388
375,1145,1520,0.1388
375,1150,1525,0.1388
377,1154,1531,0.1388
376,1144,1520,0.1388
370,1140,1510,0.1388
371,1142,1513,0.1388
371,1147,1518,0.1388
365,1141,1506,0.1388
367,1149,1516,0.1388
367,1142,1509,0.1388
366,1133,1499,0.1388
369,1135,1504,0.1388
377,1136,1513,0.1388
373,1150,1523,0.1388
373,1141,1514,0.1388
370,1139,1509,0.1388
371,1144,1515,0.1388
370,1151,1521,0.1388
370,1151,1521,0.1388
369,1150,1519,0.1388
364,1145,1509,0.1388
354,1150,1504,0.1388
358,1154,1512,0.1388
355,1144,1499,0.1388
355,1159,1514,0.1388
352,1158,1510,0.1388
352,1164,1516,0.1388
347,1173,1520,0.1388
340,1177,1517,0.1388
345,1176,1521,0.1388
343,1171,1514,0.1388
342,1176,1518,0.1388
334,1181,1515,0.1388
334,1182,1516,0.1388
337,1182,1519,0.1388
340,1174,1514,0.1388
335,1168,1503,0.1388
333,1166,1499,0.1388
331,1176,1507,0.1388
331,1171,1502,0.1388
330,1179,1509,0.1388
330,1189,1519,0.1388
327,1200,1527,0.1388
319,1201,1520,0.1388
324,1195,1519,0.1388
324,1192,1516,0.1388
317,1184,1501,0.1388
309,1188,1497,0.1388
300,1187,1487,0.1388
299,1201,1500,0.1388
298,1207,1505,0.1388
294,1214,1508,0.1388
294,1215,1509,0.1388
294,1210,1504,0.1388
302,1215,1517,0.1388
299,1212,1511,0.1388
296,1212,1508,0.1388
295,1214,1509,0.1388
295,1220,1515,0.1388
295,1219,1514,0.1388
293,1220,1513,0.1388
292,1225,1517,0.1388
294,1229,1523,0.1388
293,1216,1509,0.1388
284,1224,1508,0.1388
287,1228,1515,0.1388
287,1226,1513,0.1388
290,1217,1507,0.1388
284,1232,1516,0.1388
277,1233,1510,0.1388
278,1227,1505,0.1388
274,1232,1506,0.1388
277,1241,1518,0.1388
279,1238,1517,0.1388
278,1254,1532,0.1388
283,1237,1520,0.1388
279,1223,1502,0.1388
285,1227,1512,0.1388
281,1237,1518,0.1388
282,1237,1519,0.1388
280,1234,1514,0.1388
285,1241,1526,0.1388
284,1241,1525,0.1388
284,1245,1529,0.1388
287,1243,1530,0.1388
284,1235,1519,0.1388
285,1245,1530,0.1388
282,1241,1523,0.1388
280,1247,1527,0.1388
280,1252,1532,0.1388
282,1245,1527,0.1388
284,1232,1516,0.1388
280,1232,1512,0.1388
280,1221,1501,0.1388
273,1222,1495,0.1388
277,1235,1512,0.1388
277,1233,1510,0.1388
274,1233,1507,0.1388
273,1228,1501,0.1388
274,1238,1512,0.1388
272,1238,1510,0.1388
269,1234,1503,0.1388
273,1226,1499,0.1388
266,1226,1492,0.1388
275,1242,1517,0.1388
272,1238,1510,0.1388
272,1239,1511,0.1388
272,1240,1512,0.1388
268,1226,1494,0.1388
267,1232,1499,0.1388
271,1232,1503,0.1388
269,1236,1505,0.1388
270,1244,1514,0.1388
272,1251,1523,0.1388
274,1246,1520,0.1388
277,1243,1520,0.1388
280,1245,1525,0.1388
277,1240,1517,0.1388
271,1238,1509,0.1388
270,1239,1509,0.1388
274,1241,1515,0.1388
272,1241,1513,0.1388
277,1245,1522,0.1388
277,1240,1517,0.1388
277,1242,1519,0.1388
282,1233,1515,0.1388
277,1242,1519,0.1388
274,1254,1528,0.1388
275,1255,1530,0.1388
275,1249,1524,0.1388
272,1250,1522,0.1388
263,1242,1505,0.1388
258,1240,1498,0.1388
266,1246,1512,0.1388
261,1245,1506,0.1388
264,1249,1513,0.1388
261,1236,1497,0.1388
266,1231,1497,0.1388
265,1249,1514,0.1388
257,1255,1512,0.1388
261,1250,1511,0.1388
254,1248,1502,0.1388
260,1231,1491,0.1388
252,1232,1484,0.1388
256,1242,1498,0.1388
256,1247,1503,0.1388
257,1257,1514,0.1388
256,1253,1509,0.1388
256,1246,1502,0.1388
255,1246,1501,0.1388
255,1250,1505,0.1388
256,1254,1510,0.1388
253,1258,1511,0.1388
259,1255,1514,0.1388
256,1260,1516,0.1388
258,1262,1520,0.1388
251,1261,1512,0.1388
257,1261,1518,0.1388
251,1260,1511,0.1388
249,1251,1500,0.1388
256,1252,1508,0.1388
256,1251,1507,0.1388
257,1258,1515,0.1388
253,1252,1505,0.1388
253,1261,1514,0.1388
249,1268,1517,0.1388
253,1269,1522,0.1388
246,1271,1517,0.1388
234,1266,1500,0.1388
235,1284,1519,0.1388
232,1264,1496,0.1388
235,1258,1493,0.1388
239,1265,1504,0.1388
238,1263,1501,0.1388
237,1269,1506,0.1388
229,1285,1514,0.1388
228,1279,1507,0.1388
223,1289,1512,0.1388
223,1292,1515,0.1388
220,1299,1519,0.1388
218,1293,1511,0.1388
218,1285,1503,0.1388
213,1290,1503,0.1388
210,1292,1502,0.1388
216,1282,1498,0.1388
212,1308,1520,0.1388
212,1304,1516,0.1388
212,1286,1498,0.1388
216,1268,1484,0.1388
220,1280,1500,0.1388
217,1284,1501,0.1388
211,1282,1493,0.1388
214,1279,1493,0.1388
214,1289,1503,0.1388
216,1298,1514,0.1388
217,1301,1518,0.1388
218,1305,1523,0.1388
211,1304,1515,0.1388
212,1308,1520,0.1388
207,1308,1515,0.1388
205,1302,1507,0.1388
201,1317,1518,0.1388
201,1303,1504,0.1388
199,1314,1513,0.1388
198,1313,1511,0.1388
202,1322,1524,0.1388
200,1315,1515,0.1388
199,1324,1523,0.1388
201,1312,1513,0.1388
203,1319,1522,0.1388
200,1316,1516,0.1388
199,1304,1503,0.1388
194,1305,1499,0.1388
192,1307,1499,0.1388
193,1296,1489,0.1388
194,1309,1503,0.1388
197,1311,1508,0.1388
193,1307,1500,0.1388
191,1309,1500,0.1388
194,1308,1502,0.1388
190,1321,1511,0.1388
192,1318,1510,0.1388
195,1319,1514,0.1388
200,1307,1507,0.1388
197,1306,1503,0.1388
197,1310,1507,0.1388
194,1307,1501,0.1388
192,1304,1496,0.1388
192,1329,1521,0.1388
190,1324,1514,0.1388
189,1318,1507,0.1388
189,1331,1520,0.1388
186,1332,1518,0.1388
189,1340,1529,0.1388
190,1337,1527,0.1388
186,1338,1524,0.1388
194,1330,1524,0.1388
193,1323,1516,0.1388
193,1322,1515,0.1388
190,1316,1506,0.1388
190,1324,1514,0.1388
189,1325,1514,0.1388
188,1329,1517,0.1388
180,1330,1510,0.1388
182,1327,1509,0.1388
185,1332,1517,0.1388
184,1326,1510,0.1388
178,1320,1498,0.1388
174,1334,1508,0.1388
175,1344,1519,0.1388
178,1330,1508,0.1388
178,1347,1525,0.1388
179,1350,1529,0.1388
177,1347,1524,0.1388
175,1351,1526,0.1388
174,1346,1520,0.1388
170,1336,1506,0.1388
167,1333,1500,0.1388
166,1337,1503,0.1388
161,1346,1507,0.1388
165,1348,1513,0.1388
160,1333,1493,0.1388
167,1330,1497,0.1388
172,1341,1513,0.1388
170,1342,1512,0.1388
169,1328,1497,0.1388
168,1314,1482,0.1388
166,1333,1499,0.1388
165,1337,1502,0.1388
168,1336,1504,0.1388
168,1338,1506,0.1388
164,1349,1513,0.1388
163,1362,1525,0.1388
165,1364,1529,0.1388
162,1371,1533,0.1388
166,1361,1527,0.1388
164,1358,1522,0.1388
167,1354,1521,0.1388
165,1355,1520,0.1388
167,1356,1523,0.1388
169,1353,1522,0.1388
166,1354,1520,0.1388
166,1343,1509,0.1388
166,1346,1512,0.1388
161,1343,1504,0.1388
164,1352,1516,0.1388
164,1348,1512,0.1388
166,1339,1505,0.1388
164,1348,1512,0.1388
162,1346,1508,0.1388
161,1358,1519,0.1388
164,1354,1518,0.1388
165,1353,1518,0.1388
168,1346,1514,0.1388
163,1351,1514,0.1388
169,1343,1512,0.1388
169,1345,1514,0.1388
167,1353,1520,0.1388
165,1357,1522,0.1388
165,1350,1515,0.1388
166,1356,1522,0.1388
167,1353,1520,0.1388
167,1348,1515,0.1388
166,1349,1515,0.1388
161,1348,1509,0.1388
159,1354,1513,0.1388
162,1351,1513,0.1388
161,1348,1509,0.1388
163,1348,1511,0.1388
163,1357,1520,0.1388
159,1348,1507,0.1388
154,1355,1509,0.1388
153,1360,1513,0.1388
159,1366,1525,0.1388
159,1353,1512,0.1388
159,1357,1516,0.1388
162,1352,1514,0.1388
158,1350,1508,0.1388
160,1358,1518,0.1388
159,1360,1519,0.1388
160,1359,1519,0.1388
158,1355,1513,0.1388
159,1364,1523,0.1388
160,1359,1519,0.1388
159,1355,1514,0.1388
155,1359,1514,0.1388
157,1350,1507,0.1388
157,1352,1509,0.1388
155,1359,1514,0.1388
154,1359,1513,0.1388
156,1352,1508,0.1388
158,1357,1515,0.1388
156,1351,1507,0.1388
157,1358,1515,0.1388
152,1353,1505,0.1388
154,1348,1502,0.1388
152,1339,1491,0.1388
155,1342,1497,0.1388
155,1337,1492,0.1388
158,1347,1505,0.1388
158,1345,1503,0.1388
156,1345,1501,0.1388
156,1354,1510,0.1388
158,1361,1519,0.1388
159,1353,1512,0.1388
162,1363,1525,0.1388
159,1345,1504,0.1388
156,1354,1510,0.1388
155,1350,1505,0.1388
153,1351,1504,0.1388
157,1351,1508,0.1388
156,1354,1510,0.1388
153,1346,1499,0.1388
156,1359,1515,0.1388
153,1358,1511,0.1388
150,1355,1505,0.1388
152,1360,1512,0.1388
151,1365,1516,0.1388
155,1370,1525,0.1388
155,1363,1518,0.1388
156,1358,1514,0.1388
154,1361,1515,0.1388
150,1352,1502,0.1388
156,1351,1507,0.1388
153,1344,1497,0.1388
157,1353,1510,0.1388
156,1353,1509,0.1388
156,1371,1527,0.1388
160,1376,1536,0.1388
160,1359,1519,0.1388
159,1359,1518,0.1388
155,1359,1514,0.1388
155,1362,1517,0.1388
151,1358,1509,0.1388
147,1355,1502,0.1388
152,1363,1515,0.1388
154,1369,1523,0.1388
156,1371,1527,0.1388
152,1381,1533,0.1388
150,1366,1516,0.1388
149,1362,1511,0.1388
146,1353,1499,0.1388
144,1351,1495,0.1388
146,1352,1498,0.1388
154,1355,1509,0.1388
155,1364,1519,0.1388
155,1352,1507,0.1388
153,1349,1502,0.1388
151,1352,1503,0.1388
149,1350,1499,0.1388
156,1366,1522,0.1388
153,1373,1526,0.1388
153,1372,1525,0.1388
151,1365,1516,0.1388
156,1359,1515,0.1388
155,1347,1502,0.1388
156,1351,1507,0.1388
155,1362,1517,0.1388
158,1352,1510,0.1388
157,1358,1515,0.1388
156,1341,1497,0.1388
161,1359,1520,0.1388
158,1358,1516,0.1388
161,1360,1521,0.1388
160,1354,1514,0.1388
156,1361,1517,0.1388
154,1367,1521,0.1388
156,1364,1520,0.1388
154,1365,1519,0.1388
152,1363,1515,0.1388
151,1358,1509,0.1388
151,1341,1492,0.1388
150,1345,1495,0.1388
154,1348,1502,0.1388
153,1356,1509,0.1388
155,1362,1517,0.1388
157,1371,1528,0.1388
156,1368,1524,0.1388
156,1355,1511,0.1388
152,1344,1496,0.1388
153,1356,1509,0.1388
151,1357,1508,0.1388
152,1357,1509,0.1388
150,1361,1511,0.1388
151,1355,1506,0.1388
151,1351,1502,0.1388
148,1349,1497,0.1388
147,1349,1496,0.1388
149,1365,1514,0.1388
147,1363,1510,0.1388
145,1371,1516,0.1388
144,1350,1494,0.1388
143,1357,1500,0.1388
143,1360,1503,0.1388
144,1350,1494,0.1388
143,1355,1498,0.1388
143,1356,1499,0.1388
145,1361,1506,0.1388
143,1376,1519,0.1388
142,1384,1526,0.1388
145,1385,1530,0.1388
141,1379,1520,0.1388
143,1384,1527,0.1388
143,1388,1531,0.1388
141,1388,1529,0.1388
138,1390,1528,0.1388
140,1382,1522,0.1388
142,1383,1525,0.1388
141,1378,1519,0.1388
138,1384,1522,0.1388
141,1375,1516,0.1388
142,1368,1510,0.1388
140,1367,1507,0.1388
144,1369,1513,0.1388
140,1375,1515,0.1388
140,1365,1505,0.1388
135,1357,1492,0.1388
141,1375,1516,0.1388
135,1377,1512,0.1388
135,1375,1510,0.1388
135,1368,1503,0.1388
135,1381,1516,0.1388
134,1377,1511,0.1388
135,1389,1524,0.1388
138,1376,1514,0.1388
138,1380,1518,0.1388
136,1374,1510,0.1388
138,1370,1508,0.1388
139,1357,1496,0.1388
138,1373,1511,0.1388
140,1379,1519,0.1388
141,1361,1502,0.1388
135,1361,1496,0.1388
135,1358,1493,0.1388
137,1367,1504,0.1388
132,1379,1511,0.1388
132,1380,1512,0.1388
128,1390,1518,0.1388
129,1383,1512,0.1388
130,1394,1524,0.1388
130,1388,1518,0.1388
128,1391,1519,0.1388
127,1396,1523,0.1388
127,1391,1518,0.1388
128,1393,1521,0.1388
130,1389,1519,0.1388
130,1392,1522,0.1388
131,1383,1514,0.1388
128,1390,1518,0.1388
129,1381,1510,0.1388
128,1394,1522,0.1388
126,1394,1520,0.1388
126,1397,1523,0.1388
122,1405,1527,0.1388
122,1400,1522,0.1388
124,1404,1528,0.1388
125,1390,1515,0.1388
126,1391,1517,0.1388
125,1399,1524,0.1388
122,1398,1520,0.1388
123,1394,1517,0.1388
123,1401,1524,0.1388
119,1404,1523,0.1388
119,1395,1514,0.1388
118,1399,1517,0.1388
116,1397,1513,0.1388
115,1396,1511,0.1388
112,1403,1515,0.1388
105,1415,1520,0.1388
108,1411,1519,0.1388
111,1423,1534,0.1388
108,1425,1533,0.1388
109,1423,1532,0.1388
105,1408,1513,0.1388
104,1399,1503,0.1388
103,1399,1502,0.1388
103,1398,1501,0.1388
105,1400,1505,0.1388
107,1407,1514,0.1388
105,1411,1516,0.1388
104,1423,1527,0.1388
102,1422,1524,0.1388
102,1414,1516,0.1388
109,1415,1524,0.1388
108,1411,1519,0.1388
108,1403,1511,0.1388
105,1416,1521,0.1388
107,1415,1522,0.1388
103,1409,1512,0.1388
106,1416,1522,0.1388
107,1412,1519,0.1388
107,1403,1510,0.1388
106,1415,1521,0.1388
105,1422,1527,0.1388
107,1409,1516,0.1388
108,1412,1520,0.1388
108,1408,1516,0.1388
107,1402,1509,0.1388
107,1395,1502,0.1388
100,1402,1502,0.1388
101,1397,1498,0.1388
103,1408,1511,0.1388
98,1407,1505,0.1388
100,1414,1514,0.1388
101,1411,1512,0.1388
100,1413,1513,0.1388
101,1407,1508,0.1388
100,1415,1515,0.1388
102,1418,1520,0.1388
100,1408,1508,0.1388
96,1421,1517,0.1388
96,1414,1510,0.1388
94,1418,1512,0.1388
96,1412,1508,0.1388
94,1411,1505,0.1388
94,1419,1513,0.1388
95,1407,1502,0.1388
98,1417,1515,0.1388
98,1422,1520,0.1388
98,1426,1524,0.1388
99,1419,1518,0.1388
95,1433,1528,0.1388
94,1424,1518,0.1388
95,1421,1516,0.1388
91,1411,1502,0.1388
87,1426,1513,0.1388
90,1413,1503,0.1388
91,1401,1492,0.1388
85,1415,1500,0.1388
87,1429,1516,0.1388
88,1430,1518,0.1388
85,1441,1526,0.1388
84,1433,1517,0.1388
85,1426,1511,0.1388
87,1417,1504,0.1388
90,1430,1520,0.1388
91,1428,1519,0.1388
93,1426,1519,0.1388
93,1425,1518,0.1388
91,1424,1515,0.1388
90,1433,1523,0.1388
87,1431,1518,0.1388
89,1425,1514,0.1388
88,1422,1510,0.1388
86,1423,1509,0.1388
87,1416,1503,0.1388
86,1428,1514,0.1388
89,1425,1514,0.1388
88,1425,1513,0.1388
88,1418,1506,0.1388
89,1404,1493,0.1388
88,1412,1500,0.1388
88,1418,1506,0.1388
86,1405,1491,0.1388
87,1407,1494,0.1388
85,1423,1508,0.1388
83,1419,1502,0.1388
83,1422,1505,0.1388
83,1426,1509,0.1388
81,1437,1518,0.1388
79,1432,1511,0.1388
76,1416,1492,0.1388
73,1416,1489,0.1388
74,1415,1489,0.1388
73,1423,1496,0.1388
74,1426,1500,0.1388
73,1426,1499,0.1388
71,1432,1503,0.1388
72,1436,1508,0.1388
72,1444,1516,0.1388
71,1449,1520,0.1388
70,1448,1518,0.1388
69,1445,1514,0.1388
68,1466,1534,0.1388
65,1448,1513,0.1388
66,1438,1504,0.1388
68,1442,1510,0.1388
66,1428,1494,0.1388
67,1434,1501,0.1388
66,1435,1501,0.1388
66,1427,1493,0.1388
64,1436,1500,0.1388
65,1443,1508,0.1388
63,1439,1502,0.1388
64,1434,1498,0.1388
64,1444,1508,0.1388
64,1438,1502,0.1388
66,1435,1501,0.1388
68,1440,1508,0.1388
70,1437,1507,0.1388
70,1444,1514,0.1388
68,1446,1514,0.1388
67,1440,1507,0.1388
68,1445,1513,0.1388
67,1460,1527,0.1388
65,1454,1519,0.1388
66,1448,1514,0.1388
67,1461,1528,0.1388
67,1456,1523,0.1388
66,1466,1532,0.1388
65,1447,1512,0.1388
65,1452,1517,0.1388
64,1453,1517,0.1388
66,1468,1534,0.1388
64,1461,1525,0.1388
66,1438,1504,0.1388
64,1444,1508,0.1388
64,1453,1517,0.1388
60,1449,1509,0.1388
66,1444,1510,0.1388
64,1438,1502,0.1388
61,1441,1502,0.1388
62,1435,1497,0.1388
60,1450,1510,0.1388
58,1459,1517,0.1388
59,1457,1516,0.1388
60,1458,1518,0.1388
58,1448,1506,0.1388
58,1446,1504,0.1388
56,1462,1518,0.1388
57,1451,1508,0.1388
58,1446,1504,0.1388
60,1438,1498,0.1388
60,1446,1506,0.1388
58,1455,1513,0.1388
59,1455,1514,0.1388
59,1464,1523,0.1388
61,1467,1528,0.1388
59,1467,1526,0.1388
59,1461,1520,0.1388
57,1464,1521,0.1388
59,1457,1516,0.1388
60,1465,1525,0.1388
59,1453,1512,0.1388
58,1460,1518,0.1388
59,1457,1516,0.1388
58,1461,1519,0.1388
57,1467,1524,0.1388
57,1465,1522,0.1388
56,1467,1523,0.1388
55,1466,1521,0.1388
54,1468,1522,0.1388
54,1463,1517,0.1388
56,1473,1529,0.1388
54,1461,1515,0.1388
52,1461,1513,0.1388
52,1451,1503,0.1388
52,1451,1503,0.1388
51,1456,1507,0.1388
51,1462,1513,0.1388
53,1467,1520,0.1388
51,1471,1522,0.1388
47,1463,1510,0.1388
47,1471,1518,0.1388
50,1470,1520,0.1388
53,1472,1525,0.1388
53,1474,1527,0.1388
52,1463,1515,0.1388
52,1458,1510,0.1388
54,1461,1515,0.1388
55,1470,1525,0.1388
54,1463,1517,0.1388
52,1459,1511,0.1388
52,1478,1530,0.1388
50,1476,1526,0.1388
50,1478,1528,0.1388
48,1469,1517,0.1388
49,1475,1524,0.1388
49,1471,1520,0.1388
48,1479,1527,0.1388
47,1475,1522,0.1388
47,1469,1516,0.1388
48,1472,1520,0.1388
48,1475,1523,0.1388
48,1475,1523,0.1388
48,1469,1517,0.1388
47,1470,1517,0.1388
46,1465,1511,0.1388
45,1460,1505,0.1388
46,1467,1513,0.1388
47,1485,1532,0.1388
46,1477,1523,0.1388
45,1480,1525,0.1388
46,1473,1519,0.1388
46,1461,1507,0.1388
46,1486,1532,0.1388
46,1486,1532,0.1388
45,1479,1524,0.1388
46,1483,1529,0.1388
46,1480,1526,0.1388
47,1480,1527,0.1388
47,1474,1521,0.1388
47,1483,1530,0.1388
48,1477,1525,0.1388
49,1467,1516,0.1388
49,1474,1523,0.1388
50,1484,1534,0.1388
50,1477,1527,0.1388
52,1474,1526,0.1388
52,1476,1528,0.1388
52,1472,1524,0.1388
49,1463,1512,0.1388
50,1470,1520,0.1388
46,1464,1510,0.1388
45,1470,1515,0.1388
47,1466,1513,0.1388
47,1480,1527,0.1388
46,1466,1512,0.1388
47,1468,1515,0.1388
47,1464,1511,0.1388
47,1456,1503,0.1388
48,1448,1496,0.1388
48,1457,1505,0.1388
49,1451,1500,0.1388
48,1462,1510,0.1388
44,1472,1516,0.1388
44,1458,1502,0.1388
44,1462,1506,0.1388
43,1463,1506,0.1388
41,1463,1504,0.1388
43,1465,1508,0.1388
45,1474,1519,0.1388
44,1485,1529,0.1388
45,1481,1526,0.1388
46,1468,1514,0.1388
46,1465,1511,0.1388
48,1460,1508,0.1388
46,1474,1520,0.1388
45,1469,1514,0.1388
46,1461,1507,0.1388
48,1468,1516,0.1388
49,1483,1532,0.1388
49,1482,1531,0.1388
45,1473,1518,0.1388
45,1480,1525,0.1388
45,1478,1523,0.1388
47,1490,1537,0.1388
47,1484,1531,0.1388
48,1475,1523,0.1388
47,1467,1514,0.1388
46,1480,1526,0.1388
46,1463,1509,0.1388
45,1459,1504,0.1388
46,1474,1520,0.1388
48,1476,1524,0.1388
48,1477,1525,0.1388
46,1472,1518,0.1388
47,1484,1531,0.1388
46,1474,1520,0.1388
46,1487,1533,0.1388
46,1485,1531,0.1388
46,1470,1516,0.1388
47,1468,1515,0.1388
44,1469,1513,0.1388
43,1466,1509,0.1388
43,1467,1510,0.1388
42,1454,1496,0.1388
42,1458,1500,0.1388
43,1444,1487,0.1388
45,1460,1505,0.1388
43,1464,1507,0.1388
44,1469,1513,0.1388
45,1469,1514,0.1388
47,1483,1530,0.1388
48,1478,1526,0.1388
46,1481,1527,0.1388
47,1459,1506,0.1388
47,1451,1498,0.1388
49,1447,1496,0.1388
48,1457,1505,0.1388
46,1454,1500,0.1388
47,1477,1524,0.1388
45,1471,1516,0.1388
47,1471,1518,0.1388
47,1466,1513,0.1388
47,1475,1522,0.1388
47,1475,1522,0.1388
46,1473,1519,0.1388
46,1469,1515,0.1388
46,1469,1515,0.1388
45,1472,1517,0.1388
42,1472,1514,0.1388
44,1474,1518,0.1388
44,1479,1523,0.1388
43,1469,1512,0.1388
45,1461,1506,0.1388
44,1465,1509,0.1388
48,1467,1515,0.1388
48,1456,1504,0.1388
47,1470,1517,0.1388
45,1473,1518,0.1388
47,1466,1513,0.1388
49,1467,1516,0.1388
49,1469,1518,0.1388
48,1459,1507,0.1388
48,1465,1513,0.1388
47,1459,1506,0.1388
47,1465,1512,0.1388
47,1477,1524,0.1388
46,1486,1532,0.1388
47,1484,1531,0.1388
49,1471,1520,0.1388
49,1474,1523,0.1388
48,1476,1524,0.1388
49,1465,1514,0.1388
49,1465,1514,0.1388
50,1467,1517,0.1388
51,1451,1502,0.1388
53,1454,1507,0.1388
54,1448,1502,0.1388
56,1463,1519,0.1388
56,1463,1519,0.1388
55,1454,1509,0.1388
54,1440,1494,0.1388
57,1433,1490,0.1388
56,1467,1523,0.1388
58,1456,1514,0.1388
58,1461,1519,0.1388
59,1456,1515,0.1388
56,1456,1512,0.1388
57,1457,1514,0.1388
57,1453,1510,0.1388
57,1453,1510,0.1388
58,1449,1507,0.1388
57,1469,1526,0.1388
56,1477,1533,0.1388
53,1468,1521,0.1388
53,1468,1521,0.1388
53,1461,1514,0.1388
52,1465,1517,0.1388
51,1467,1518,0.1388
53,1454,1507,0.1388
53,1461,1514,0.1388
54,1451,1505,0.1388
56,1453,1509,0.1388
55,1468,1523,0.1388
53,1461,1514,0.1388
55,1462,1517,0.1388
56,1448,1504,0.1388
56,1451,1507,0.1388
56,1462,1518,0.1388
57,1460,1517,0.1388
54,1475,1529,0.1388
53,1460,1513,0.1388
51,1450,1501,0.1388
48,1462,1510,0.1388
46,1457,1503,0.1388
46,1461,1507,0.1388
48,1458,1506,0.1388
50,1463,1513,0.1388
49,1467,1516,0.1388
49,1461,1510,0.1388
48,1471,1519,0.1388
49,1466,1515,0.1388
49,1464,1513,0.1388
50,1450,1500,0.1388
51,1459,1510,0.1388
51,1453,1504,0.1388
52,1455,1507,0.1388
50,1456,1506,0.1388
53,1466,1519,0.1388
53,1444,1497,0.1388
52,1450,1502,0.1388
50,1453,1503,0.1388
49,1450,1499,0.1388
49,1461,1510,0.1388
48,1470,1518,0.1388
48,1484,1532,0.1388
49,1480,1529,0.1388
49,1478,1527,0.1388
49,1478,1527,0.1388
48,1466,1514,0.1388
48,1461,1509,0.1388
47,1472,1519,0.1388
47,1462,1509,0.1388
47,1467,1514,0.1388
46,1467,1513,0.1388
45,1460,1505,0.1388
46,1458,1504,0.1388
47,1457,1504,0.1388
46,1466,1512,0.1388
45,1475,1520,0.1388
45,1462,1507,0.1388
45,1462,1507,0.1388
46,1473,1519,0.1388
46,1463,1509,0.1388
46,1465,1511,0.1388
48,1461,1509,0.1388
46,1465,1511,0.1388
45,1464,1509,0.1388
45,1463,1508,0.1388
45,1466,1511,0.1388
45,1481,1526,0.1388
44,1478,1522,0.1388
46,1477,1523,0.1388
45,1478,1523,0.1388
44,1481,1525,0.1388
44,1477,1521,0.1388
42,1482,1524,0.1388
39,1485,1524,0.1388
38,1480,1518,0.1388
39,1473,1512,0.1388
39,1484,1523,0.1388
40,1490,1530,0.1388
35,1485,1520,0.1388
33,1484,1517,0.1388
32,1483,1515,0.1388
31,1487,1518,0.1388
31,1491,1522,0.1388
29,1491,1520,0.1388
30,1497,1527,0.1388
30,1490,1520,0.1388
30,1497,1527,0.1388
30,1496,1526,0.1388
30,1496,1526,0.1388
30,1507,1537,0.1388
30,1501,1531,0.1388
27,1502,1529,0.1388
24,1494,1518,0.1388
24,1495,1519,0.1388
25,1501,1526,0.1388
25,1503,1528,0.1388
24,1500,1524,0.1388
24,1485,1509,0.1388
23,1484,1507,0.1388
23,1487,1510,0.1388
23,1489,1512,0.1388
23,1497,1520,0.1388
25,1508,1533,0.1388
25,1491,1516,0.1388
25,1484,1509,0.1388
25,1497,1522,0.1388
25,1493,1518,0.1388
25,1497,1522,0.1388
27,1501,1528,0.1388
28,1496,1524,0.1388
28,1483,1511,0.1388
28,1476,1504,0.1388
28,1486,1514,0.1388
27,1478,1505,0.1388
27,1494,1521,0.1388
28,1496,1524,0.1388
29,1487,1516,0.1388
29,1492,1521,0.1388
29,1492,1521,0.1388
30,1488,1518,0.1388
30,1501,1531,0.1388
30,1486,1516,0.1388
30,1492,1522,0.1388
28,1490,1518,0.1388
28,1486,1514,0.1388
26,1482,1508,0.1388
28,1481,1509,0.1388
27,1479,1506,0.1388
26,1500,1526,0.1388
26,1496,1522,0.1388
26,1485,1511,0.1388
27,1500,1527,0.1388
26,1492,1518,0.1388
25,1505,1530,0.1388
23,1494,1517,0.1388
23,1495,1518,0.1388
23,1486,1509,0.1388
22,1487,1509,0.1388
22,1489,1511,0.1388
22,1498,1520,0.1388
23,1499,1522,0.1388
23,1501,1524,0.1388
19,1496,1515,0.1388
20,1486,1506,0.1388
22,1488,1510,0.1388
22,1486,1508,0.1388
22,1486,1508,0.1388
24,1488,1512,0.1388
24,1480,1504,0.1388
24,1491,1515,0.1388
23,1481,1504,0.1388
25,1482,1507,0.1388
26,1500,1526,0.1388
26,1498,1524,0.1388
24,1489,1513,0.1388
24,1496,1520,0.1388
24,1495,1519,0.1388
23,1488,1511,0.1388
21,1482,1503,0.1388
22,1495,1517,0.1388
22,1499,1521,0.1388
22,1492,1514,0.1388
22,1497,1519,0.1388
23,1501,1524,0.1388
23,1496,1519,0.1388
21,1504,1525,0.1388
22,1503,1525,0.1388
22,1491,1513,0.1388
23,1489,1512,0.1388
24,1493,1517,0.1388
25,1495,1520,0.1388
24,1492,1516,0.1388
23,1493,1516,0.1388
21,1496,1517,0.1388
21,1493,1514,0.1388
21,1484,1505,0.1388
19,1473,1492,0.1388
18,1492,1510,0.1388
18,1488,1506,0.1388
18,1499,1517,0.1388
19,1494,1513,0.1388
18,1498,1516,0.1388
18,1502,1520,0.1388
17,1496,1513,0.1388
16,1500,1516,0.1388
17,1495,1512,0.1388
17,1485,1502,0.1388
18,1486,1504,0.1388
19,1483,1502,0.1388
20,1482,1502,0.1388
19,1486,1505,0.1388
18,1494,1512,0.1388
18,1497,1515,0.1388
17,1503,1520,0.1388
17,1512,1529,0.1388
17,1502,1519,0.1388
18,1503,1521,0.1388
18,1499,1517,0.1388
18,1500,1518,0.1388
17,1491,1508,0.1388
16,1502,1518,0.1388
17,1498,1515,0.1388
16,1504,1520,0.1388
15,1509,1524,0.1388
14,1512,1526,0.1388
13,1510,1523,0.1388
13,1504,1517,0.1388
13,1498,1511,0.1388
13,1507,1520,0.1388
13,1514,1527,0.1388
12,1519,1531,0.1388
13,1503,1516,0.1388
12,1505,1517,0.1388
11,1503,1514,0.1388
11,1501,1512,0.1388
12,1501,1513,0.1388
12,1509,1521,0.1388
14,1511,1525,0.1388
13,1511,1524,0.1388
13,1510,1523,0.1388
13,1506,1519,0.1388
13,1497,1510,0.1388
13,1499,1512,0.1388
13,1514,1527,0.1388
13,1509,1522,0.1388
13,1507,1520,0.1388
12,1508,1520,0.1388
11,1491,1502,0.1388
11,1502,1513,0.1388
11,1507,1518,0.1388
11,1513,1524,0.1388
11,1508,1519,0.1388
10,1512,1522,0.1388
9,1514,1523,0.1388
9,1526,1535,0.1388
9,1529,1538,0.1388
9,1519,1528,0.1388
8,1503,1511,0.1388
8,1504,1512,0.1388
8,1500,1508,0.1388
7,1503,1510,0.1388
7,1496,1503,0.1388
7,1512,1519,0.1388
7,1516,1523,0.1388
7,1520,1527,0.1388
7,1520,1527,0.1388
7,1515,1522,0.1388
8,1505,1513,0.1388
7,1499,1506,0.1388
7,1503,1510,0.1388
7,1492,1499,0.1388
7,1507,1514,0.1388
8,1504,1512,0.1388
8,1495,1503,0.1388
8,1508,1516,0.1388
8,1503,1511,0.1388
8,1498,1506,0.1388
8,1500,1508,0.1388
8,1500,1508,0.1388
8,1503,1511,0.1388
6,1508,1514,0.1388
6,1515,1521,0.1388
6,1522,1528,0.1388
6,1518,1524,0.1388
6,1526,1532,0.1388
6,1527,1533,0.1388
6,1518,1524,0.1388
6,1518,1524,0.1388
6,1512,1518,0.1388
6,1508,1514,0.1388
8,1515,1523,0.1388
7,1513,1520,0.1388
7,1514,1521,0.1388
6,1512,1518,0.1388
6,1516,1522,0.1388
6,1504,1510,0.1388
6,1496,1502,0.1388
6,1495,1501,0.1388
6,1495,1501,0.1388
6,1506,1512,0.1388
6,1506,1512,0.1388
5,1497,1502,0.1388
5,1498,1503,0.1388
5,1507,1512,0.1388
5,1519,1524,0.1388
4,1525,1529,0.1388
4,1526,1530,0.1388
5,1523,1528,0.1388
5,1520,1525,0.1388
5,1512,1517,0.1388
5,1505,1510,0.1388
5,1501,1506,0.1388
5,1504,1509,0.1388
5,1507,1512,0.1388
5,1503,1508,0.1388
5,1502,1507,0.1388
5,1502,1507,0.1388
5,1511,1516,0.1388
5,1516,1521,0.1388
5,1506,1511,0.1388
5,1514,1519,0.1388
5,1511,1516,0.1388
5,1514,1519,0.1388
5,1514,1519,0.1388
5,1522,1527,0.1388
4,1500,1504,0.1388
4,1514,1518,0.1388
4,1508,1512,0.1388
3,1508,1511,0.1388
3,1495,1498,0.1388
3,1504,1507,0.1388
3,1519,1522,0.1388
3,1515,1518,0.1388
3,1503,1506,0.1388
3,1508,1511,0.1388
3,1506,1509,0.1388
3,1512,1515,0.1388
3,1527,1530,0.1388
3,1517,1520,0.1388
3,1517,1520,0.1388
2,1501,1503,0.1388
2,1511,1513,0.1388
2,1513,1515,0.1388
2,1509,1511,0.1388
2,1514,1516,0.1388
2,1521,1523,0.1388
2,1514,1516,0.1388
2,1522,1524,0.1388
2,1520,1522,0.1388
2,1523,1525,0.1388
2,1504,1506,0.1388
2,1497,1499,0.1388
2,1519,1521,0.1388
2,1518,1520,0.1388
2,1510,1512,0.1388
2,1517,1519,0.1388
2,1516,1518,0.1388
1,1519,1520,0.1388
1,1525,1526,0.1388
1,1516,1517,0.1388
1,1523,1524,0.1388
1,1515,1516,0.1388
1,1516,1517,0.1388
1,1509,1510,0.1388
1,1495,1496,0.1388
1,1503,1504,0.1388
1,1510,1511,0.1388
0,1511,1511,0.1388
