1374,32,1406,0.1388
1396,31,1427,0.1388
1412,30,1442,0.1388
1438,30,1468,0.1388
1454,28,1482,0.1388
1467,29,1496,0.1388
1469,30,1499,0.1388
1465,29,1494,0.1388
1459,27,1486,0.1388
1464,28,1492,0.1388
1475,29,1504,0.1388
1485,32,1517,0.1388
1486,31,1517,0.1388
1457,31,1488,0.1388
1452,31,1483,0.1388
1458,31,1489,0.1388
1467,32,1499,0.1388
1478,32,1510,0.1388
1465,32,1497,0.1388
1473,31,1504,0.1388
1479,31,1510,0.1388
1477,32,1509,0.1388
1490,31,1521,0.1388
1487,30,1517,0.1388
1485,29,1514,0.1388
1489,29,1518,0.1388
1473,29,1502,0.1388
1480,29,1509,0.1388
1483,30,1513,0.1388
1483,30,1513,0.1388
1481,29,1510,0.1388
1473,29,1502,0.1388
1488,30,1518,0.1388
1495,30,1525,0.1388
1484,29,1513,0.1388
1467,28,1495,0.1388
1464,29,1493,0.1388
1451,29,1480,0.1388
1459,27,1486,0.1388
1455,29,1484,0.1388
1460,29,1489,0.1388
1462,29,1491,0.1388
1465,30,1495,0.1388
1457,29,1486,0.1388
1457,30,1487,0.1388
1468,30,1498,0.1388
1464,29,1493,0.1388
1459,30,1489,0.1388
1472,30,1502,0.1388
1470,31,1501,0.1388
1475,30,1505,0.1388
1481,31,1512,0.1388
1471,33,1504,0.1388
1454,34,1488,0.1388
1455,33,1488,0.1388
1450,32,1482,0.1388
1461,32,1493,0.1388
1453,33,1486,0.1388
1446,32,1478,0.1388
1450,32,1482,0.1388
1461,34,1495,0.1388
1462,35,1497,0.1388
1458,34,1492,0.1388
1456,37,1493,0.1388
1470,38,1508,0.1388
1465,37,1502,0.1388
1476,39,1515,0.1388
1476,40,1516,0.1388
1471,40,1511,0.1388
1452,40,1492,0.1388
1452,39,1491,0.1388
1450,43,1493,0.1388
1460,46,1506,0.1388
1448,46,1494,0.1388
1458,45,1503,0.1388
1458,44,1502,0.1388
1461,44,1505,0.1388
1451,45,1496,0.1388
1455,45,1500,0.1388
1472,46,1518,0.1388
1473,44,1517,0.1388
1463,43,1506,0.1388
1450,44,1494,0.1388
1455,44,1499,0.1388
1455,44,1499,0.1388
1452,45,1497,0.1388
1450,46,1496,0.1388
1459,48,1507,0.1388
1459,48,1507,0.1388
1457,47,1504,0.1388
1448,46,1494,0.1388
1451,49,1500,0.1388
1446,48,1494,0.1388
1453,49,1502,0.1388
1450,47,1497,0.1388
1447,51,1498,0.1388
1458,52,1510,0.1388
1458,54,1512,0.1388
1449,54,1503,0.1388
1447,52,1499,0.1388
1441,52,1493,0.1388
1434,54,1488,0.1388
1442,54,1496,0.1388
1441,54,1495,0.1388
1449,53,1502,0.1388
1444,54,1498,0.1388
1439,53,1492,0.1388
1431,53,1484,0.1388
1433,54,1487,0.1388
1428,55,1483,0.1388
1426,54,1480,0.1388
1427,57,1484,0.1388
1432,57,1489,0.1388
1440,59,1499,0.1388
1435,60,1495,0.1388
1437,58,1495,0.1388
1444,57,1501,0.1388
1451,56,1507,0.1388
1431,53,1484,0.1388
1444,54,1498,0.1388
1435,53,1488,0.1388
1441,48,1489,0.1388
1442,48,1490,0.1388
1427,50,1477,0.1388
1440,53,1493,0.1388
1435,53,1488,0.1388
1443,53,1496,0.1388
1437,53,1490,0.1388
1443,54,1497,0.1388
1444,49,1493,0.1388
1445,49,1494,0.1388
1434,48,1482,0.1388
1436,50,1486,0.1388
1436,50,1486,0.1388
1433,50,1483,0.1388
1429,48,1477,0.1388
1419,50,1469,0.1388
1418,53,1471,0.1388
1430,53,1483,0.1388
1434,54,1488,0.1388
1433,50,1483,0.1388
1426,50,1476,0.1388
1422,50,1472,0.1388
1437,52,1489,0.1388
1443,56,1499,0.1388
1428,55,1483,0.1388
1435,57,1492,0.1388
1420,54,1474,0.1388
1423,56,1479,0.1388
1436,56,1492,0.1388
1438,57,1495,0.1388
1445,60,1505,0.1388
1443,59,1502,0.1388
1435,55,1490,0.1388
1436,55,1491,0.1388
1441,57,1498,0.1388
1430,57,1487,0.1388
1430,56,1486,0.1388
1422,55,1477,0.1388
1427,53,1480,0.1388
1455,55,1510,0.1388
1443,57,1500,0.1388
1438,57,1495,0.1388
1447,56,1503,0.1388
1463,54,1517,0.1388
1462,54,1516,0.1388
1462,54,1516,0.1388
1456,52,1508,0.1388
1450,52,1502,0.1388
1452,52,1504,0.1388
1460,52,1512,0.1388
1464,55,1519,0.1388
1455,57,1512,0.1388
1429,54,1483,0.1388
1430,52,1482,0.1388
1433,51,1484,0.1388
1423,57,1480,0.1388
1415,58,1473,0.1388
1427,56,1483,0.1388
1434,58,1492,0.1388
1428,53,1481,0.1388
1422,59,1481,0.1388
1417,55,1472,0.1388
1422,58,1480,0.1388
1411,62,1473,0.1388
1413,63,1476,0.1388
1416,63,1479,0.1388
1406,65,1471,0.1388
1417,65,1482,0.1388
1419,66,1485,0.1388
1415,68,1483,0.1388
1409,70,1479,0.1388
1411,70,1481,0.1388
1430,71,1501,0.1388
1430,69,1499,0.1388
1421,69,1490,0.1388
1419,73,1492,0.1388
1405,72,1477,0.1388
1411,74,1485,0.1388
1402,73,1475,0.1388
1405,72,1477,0.1388
1412,71,1483,0.1388
1416,71,1487,0.1388
1411,74,1485,0.1388
1412,77,1489,0.1388
1416,77,1493,0.1388
1416,79,1495,0.1388
1412,78,1490,0.1388
1408,76,1484,0.1388
1398,79,1477,0.1388
1387,77,1464,0.1388
1390,75,1465,0.1388
1402,78,1480,0.1388
1392,81,1473,0.1388
1402,80,1482,0.1388
1409,79,1488,0.1388
1401,82,1483,0.1388
1395,84,1479,0.1388
1400,86,1486,0.1388
1404,85,1489,0.1388
1403,86,1489,0.1388
1415,86,1501,0.1388
1419,83,1502,0.1388
1425,83,1508,0.1388
1419,84,1503,0.1388
1426,84,1510,0.1388
1404,85,1489,0.1388
1400,84,1484,0.1388
1394,83,1477,0.1388
1404,86,1490,0.1388
1393,87,1480,0.1388
1398,86,1484,0.1388
1403,88,1491,0.1388
1393,91,1484,0.1388
1400,90,1490,0.1388
1401,86,1487,0.1388
1397,86,1483,0.1388
1384,88,1472,0.1388
1390,87,1477,0.1388
1392,89,1481,0.1388
1402,92,1494,0.1388
1400,88,1488,0.1388
1394,90,1484,0.1388
1402,90,1492,0.1388
1401,89,1490,0.1388
1411,89,1500,0.1388
1404,93,1497,0.1388
1400,89,1489,0.1388
1399,90,1489,0.1388
1396,91,1487,0.1388
1401,88,1489,0.1388
1400,87,1487,0.1388
1406,90,1496,0.1388
1401,91,1492,0.1388
1407,93,1500,0.1388
1404,91,1495,0.1388
1401,90,1491,0.1388
1416,86,1502,0.1388
1414,86,1500,0.1388
1414,86,1500,0.1388
1434,86,1520,0.1388
1430,86,1516,0.1388
1425,87,1512,0.1388
1421,90,1511,0.1388
1417,94,1511,0.1388
1396,96,1492,0.1388
1396,94,1490,0.1388
1390,98,1488,0.1388
1389,96,1485,0.1388
1410,96,1506,0.1388
1412,93,1505,0.1388
1414,91,1505,0.1388
1404,89,1493,0.1388
1413,99,1512,0.1388
1406,98,1504,0.1388
1397,95,1492,0.1388
1395,91,1486,0.1388
1396,98,1494,0.1388
1379,100,1479,0.1388
1376,101,1477,0.1388
1375,101,1476,0.1388
1383,98,1481,0.1388
1379,97,1476,0.1388
1400,95,1495,0.1388
1398,98,1496,0.1388
1388,105,1493,0.1388
1389,103,1492,0.1388
1389,100,1489,0.1388
1394,100,1494,0.1388
1409,102,1511,0.1388
1399,105,1504,0.1388
1391,101,1492,0.1388
1387,104,1491,0.1388
1393,108,1501,0.1388
1384,111,1495,0.1388
1380,111,1491,0.1388
1368,115,1483,0.1388
1368,114,1482,0.1388
1370,114,1484,0.1388
1367,114,1481,0.1388
1372,113,1485,0.1388
1370,115,1485,0.1388
1380,117,1497,0.1388
1367,117,1484,0.1388
1361,123,1484,0.1388
1364,124,1488,0.1388
1367,122,1489,0.1388
1371,123,1494,0.1388
1379,124,1503,0.1388
1375,125,1500,0.1388
1366,125,1491,0.1388
1361,125,1486,0.1388
1349,121,1470,0.1388
1355,122,1477,0.1388
1361,124,1485,0.1388
1360,124,1484,0.1388
1367,132,1499,0.1388
1368,136,1504,0.1388
1376,134,1510,0.1388
1377,133,1510,0.1388
1368,135,1503,0.1388
1358,134,1492,0.1388
1363,133,1496,0.1388
1364,133,1497,0.1388
1365,135,1500,0.1388
1359,137,1496,0.1388
1362,136,1498,0.1388
1374,132,1506,0.1388
1381,132,1513,0.1388
1370,130,1500,0.1388
1364,131,1495,0.1388
1363,132,1495,0.1388
1361,130,1491,0.1388
1364,134,1498,0.1388
1364,138,1502,0.1388
1352,143,1495,0.1388
1342,142,1484,0.1388
1344,141,1485,0.1388
1339,139,1478,0.1388
1336,142,1478,0.1388
1345,146,1491,0.1388
1328,147,1475,0.1388
1334,145,1479,0.1388
1338,143,1481,0.1388
1331,147,1478,0.1388
1336,146,1482,0.1388
1333,140,1473,0.1388
1342,140,1482,0.1388
1362,142,1504,0.1388
1372,140,1512,0.1388
1366,136,1502,0.1388
1375,134,1509,0.1388
1373,137,1510,0.1388
1372,143,1515,0.1388
1369,141,1510,0.1388
1369,146,1515,0.1388
1352,143,1495,0.1388
1350,141,1491,0.1388
1345,138,1483,0.1388
1348,145,1493,0.1388
1343,141,1484,0.1388
1341,139,1480,0.1388
1332,138,1470,0.1388
1342,140,1482,0.1388
1352,140,1492,0.1388
1340,140,1480,0.1388
1340,144,1484,0.1388
1344,143,1487,0.1388
1350,150,1500,0.1388
1331,153,1484,0.1388
1335,158,1493,0.1388
1326,158,1484,0.1388
1334,155,1489,0.1388
1354,155,1509,0.1388
1355,156,1511,0.1388
1349,153,1502,0.1388
1345,150,1495,0.1388
1348,156,1504,0.1388
1336,152,1488,0.1388
1345,151,1496,0.1388
1342,157,1499,0.1388
1335,155,1490,0.1388
1340,154,1494,0.1388
1341,154,1495,0.1388
1352,152,1504,0.1388
1344,154,1498,0.1388
1342,154,1496,0.1388
1347,158,1505,0.1388
1342,162,1504,0.1388
1335,159,1494,0.1388
1343,155,1498,0.1388
1354,156,1510,0.1388
1353,156,1509,0.1388
1350,155,1505,0.1388
1339,156,1495,0.1388
1342,165,1507,0.1388
1345,162,1507,0.1388
1346,159,1505,0.1388
1344,156,1500,0.1388
1329,166,1495,0.1388
1318,172,1490,0.1388
1313,169,1482,0.1388
1318,172,1490,0.1388
1320,174,1494,0.1388
1316,176,1492,0.1388
1326,172,1498,0.1388
1309,168,1477,0.1388
1312,170,1482,0.1388
1316,172,1488,0.1388
1316,172,1488,0.1388
1318,171,1489,0.1388
1318,175,1493,0.1388
1320,176,1496,0.1388
1317,177,1494,0.1388
1319,176,1495,0.1388
1323,182,1505,0.1388
1316,181,1497,0.1388
1315,180,1495,0.1388
1321,183,1504,0.1388
1319,185,1504,0.1388
1329,184,1513,0.1388
1323,183,1506,0.1388
1328,188,1516,0.1388
1310,191,1501,0.1388
1305,188,1493,0.1388
1302,186,1488,0.1388
1303,182,1485,0.1388
1298,185,1483,0.1388
1287,189,1476,0.1388
1284,185,1469,0.1388
1295,184,1479,0.1388
1284,186,1470,0.1388
1296,190,1486,0.1388
1298,192,1490,0.1388
1313,190,1503,0.1388
1309,195,1504,0.1388
1306,194,1500,0.1388
1304,200,1504,0.1388
1299,201,1500,0.1388
1298,206,1504,0.1388
1285,205,1490,0.1388
1298,209,1507,0.1388
1287,205,1492,0.1388
1290,208,1498,0.1388
1295,206,1501,0.1388
1277,209,1486,0.1388
1287,214,1501,0.1388
1284,214,1498,0.1388
1287,217,1504,0.1388
1281,220,1501,0.1388
1284,224,1508,0.1388
1288,223,1511,0.1388
1281,221,1502,0.1388
1278,219,1497,0.1388
1282,223,1505,0.1388
1284,225,1509,0.1388
1275,222,1497,0.1388
1273,226,1499,0.1388
1275,221,1496,0.1388
1269,221,1490,0.1388
1267,221,1488,0.1388
1280,219,1499,0.1388
1293,216,1509,0.1388
1288,219,1507,0.1388
1276,223,1499,0.1388
1273,226,1499,0.1388
1286,229,1515,0.1388
1276,223,1499,0.1388
1273,225,1498,0.1388
1276,222,1498,0.1388
1272,222,1494,0.1388
1274,223,1497,0.1388
1270,219,1489,0.1388
1280,221,1501,0.1388
1276,213,1489,0.1388
1277,212,1489,0.1388
1260,221,1481,0.1388
1269,224,1493,0.1388
1263,222,1485,0.1388
1267,222,1489,0.1388
1267,219,1486,0.1388
1275,218,1493,0.1388
1272,220,1492,0.1388
1271,220,1491,0.1388
1274,214,1488,0.1388
1285,217,1502,0.1388
1269,214,1483,0.1388
1272,211,1483,0.1388
1264,214,1478,0.1388
1262,217,1479,0.1388
1267,214,1481,0.1388
1271,220,1491,0.1388
1269,221,1490,0.1388
1261,220,1481,0.1388
1269,217,1486,0.1388
1273,226,1499,0.1388
1271,229,1500,0.1388
1281,232,1513,0.1388
1273,235,1508,0.1388
1261,236,1497,0.1388
1261,236,1497,0.1388
1273,233,1506,0.1388
1279,229,1508,0.1388
1274,228,1502,0.1388
1277,226,1503,0.1388
1282,226,1508,0.1388
1283,229,1512,0.1388
1275,233,1508,0.1388
1273,232,1505,0.1388
1263,238,1501,0.1388
1266,244,1510,0.1388
1266,241,1507,0.1388
1260,248,1508,0.1388
1263,248,1511,0.1388
1253,249,1502,0.1388
1252,247,1499,0.1388
1247,252,1499,0.1388
1252,249,1501,0.1388
1262,248,1510,0.1388
1257,247,1504,0.1388
1263,248,1511,0.1388
1251,242,1493,0.1388
1242,250,1492,0.1388
1240,253,1493,0.1388
1236,255,1491,0.1388
1229,261,1490,0.1388
1226,264,1490,0.1388
1234,264,1498,0.1388
1227,268,1495,0.1388
1230,267,1497,0.1388
1213,265,1478,0.1388
1225,269,1494,0.1388
1213,268,1481,0.1388
1228,271,1499,0.1388
1223,268,1491,0.1388
1225,267,1492,0.1388
1220,265,1485,0.1388
1227,270,1497,0.1388
1229,270,1499,0.1388
1222,275,1497,0.1388
1201,279,1480,0.1388
1208,279,1487,0.1388
1211,278,1489,0.1388
1218,279,1497,0.1388
1215,280,1495,0.1388
1211,278,1489,0.1388
1215,276,1491,0.1388
1211,283,1494,0.1388
1218,285,1503,0.1388
1222,285,1507,0.1388
1210,282,1492,0.1388
1207,284,1491,0.1388
1205,290,1495,0.1388
1203,293,1496,0.1388
1205,289,1494,0.1388
1210,288,1498,0.1388
1190,289,1479,0.1388
1195,288,1483,0.1388
1194,293,1487,0.1388
1212,294,1506,0.1388
1213,294,1507,0.1388
1208,297,1505,0.1388
1207,294,1501,0.1388
1196,295,1491,0.1388
1203,296,1499,0.1388
1195,293,1488,0.1388
1197,299,1496,0.1388
1211,298,1509,0.1388
1202,299,1501,0.1388
1212,298,1510,0.1388
1200,305,1505,0.1388
1197,303,1500,0.1388
1196,308,1504,0.1388
1206,301,1507,0.1388
1206,300,1506,0.1388
1205,307,1512,0.1388
1190,307,1497,0.1388
1190,307,1497,0.1388
1194,310,1504,0.1388
1194,311,1505,0.1388
1187,309,1496,0.1388
1187,312,1499,0.1388
1174,303,1477,0.1388
1176,301,1477,0.1388
1183,303,1486,0.1388
1192,301,1493,0.1388
1205,305,1510,0.1388
1195,309,1504,0.1388
1195,306,1501,0.1388
1202,305,1507,0.1388
1196,307,1503,0.1388
1209,301,1510,0.1388
1198,304,1502,0.1388
1193,312,1505,0.1388
1207,301,1508,0.1388
1192,308,1500,0.1388
1204,300,1504,0.1388
1188,293,1481,0.1388
1198,298,1496,0.1388
1204,299,1503,0.1388
1197,300,1497,0.1388
1203,298,1501,0.1388
1194,297,1491,0.1388
1186,303,1489,0.1388
1189,301,1490,0.1388
1197,299,1496,0.1388
1203,299,1502,0.1388
1199,298,1497,0.1388
1207,293,1500,0.1388
1203,303,1506,0.1388
1199,307,1506,0.1388
1196,303,1499,0.1388
1194,305,1499,0.1388
1197,299,1496,0.1388
1184,305,1489,0.1388
1194,299,1493,0.1388
1194,298,1492,0.1388
1198,295,1493,0.1388
1200,299,1499,0.1388
1198,300,1498,0.1388
1201,300,1501,0.1388
1194,303,1497,0.1388
1195,301,1496,0.1388
1183,311,1494,0.1388
1189,311,1500,0.1388
1188,306,1494,0.1388
1193,305,1498,0.1388
1196,307,1503,0.1388
1181,313,1494,0.1388
1171,310,1481,0.1388
1179,314,1493,0.1388
1195,314,1509,0.1388
1192,315,1507,0.1388
1196,320,1516,0.1388
1183,323,1506,0.1388
1169,325,1494,0.1388
1173,329,1502,0.1388
1157,325,1482,0.1388
1169,323,1492,0.1388
1183,324,1507,0.1388
1177,326,1503,0.1388
1172,334,1506,0.1388
1171,336,1507,0.1388
1172,337,1509,0.1388
1179,335,1514,0.1388
1174,335,1509,0.1388
1165,341,1506,0.1388
1162,342,1504,0.1388
1157,346,1503,0.1388
1161,343,1504,0.1388
1163,342,1505,0.1388
1170,339,1509,0.1388
1152,342,1494,0.1388
1150,345,1495,0.1388
1160,345,1505,0.1388
1162,337,1499,0.1388
1154,335,1489,0.1388
1149,345,1494,0.1388
1145,352,1497,0.1388
1150,342,1492,0.1388
1154,337,1491,0.1388
1157,338,1495,0.1388
1158,341,1499,0.1388
1145,343,1488,0.1388
1152,354,1506,0.1388
1152,353,1505,0.1388
1144,348,1492,0.1388
1129,347,1476,0.1388
1146,347,1493,0.1388
1145,355,1500,0.1388
1142,357,1499,0.1388
1135,358,1493,0.1388
1141,356,1497,0.1388
1135,358,1493,0.1388
1130,361,1491,0.1388
1129,355,1484,0.1388
1131,350,1481,0.1388
1142,349,1491,0.1388
1138,349,1487,0.1388
1139,354,1493,0.1388
1142,355,1497,0.1388
1142,356,1498,0.1388
1145,361,1506,0.1388
1140,356,1496,0.1388
1150,357,1507,0.1388
1141,356,1497,0.1388
1134,353,1487,0.1388
1130,355,1485,0.1388
1136,360,1496,0.1388
1134,360,1494,0.1388
1141,357,1498,0.1388
1140,355,1495,0.1388
1139,355,1494,0.1388
1132,359,1491,0.1388
1124,356,1480,0.1388
1117,356,1473,0.1388
1122,361,1483,0.1388
1111,358,1469,0.1388
1123,364,1487,0.1388
1122,363,1485,0.1388
1123,369,1492,0.1388
1117,370,1487,0.1388
1122,372,1494,0.1388
1122,378,1500,0.1388
1128,382,1510,0.1388
1118,378,1496,0.1388
1114,383,1497,0.1388
1104,380,1484,0.1388
1113,379,1492,0.1388
1108,384,1492,0.1388
1107,382,1489,0.1388
1100,387,1487,0.1388
1104,380,1484,0.1388
1095,383,1478,0.1388
1096,389,1485,0.1388
1106,388,1494,0.1388
1110,397,1507,0.1388
1109,392,1501,0.1388
1123,394,1517,0.1388
1120,393,1513,0.1388
1106,392,1498,0.1388
1098,393,1491,0.1388
1097,400,1497,0.1388
1097,404,1501,0.1388
1095,408,1503,0.1388
1093,404,1497,0.1388
1099,399,1498,0.1388
1090,401,1491,0.1388
1089,401,1490,0.1388
1092,404,1496,0.1388
1099,402,1501,0.1388
1089,402,1491,0.1388
1093,397,1490,0.1388
1084,397,1481,0.1388
1082,398,1480,0.1388
1099,408,1507,0.1388
1097,412,1509,0.1388
1093,409,1502,0.1388
1087,419,1506,0.1388
1089,409,1498,0.1388
1085,411,1496,0.1388
1094,406,1500,0.1388
1092,401,1493,0.1388
1082,400,1482,0.1388
1075,394,1469,0.1388
1088,392,1480,0.1388
1093,395,1488,0.1388
1101,401,1502,0.1388
1096,406,1502,0.1388
1090,404,1494,0.1388
1083,409,1492,0.1388
1082,404,1486,0.1388
1079,403,1482,0.1388
1089,401,1490,0.1388
1091,407,1498,0.1388
1091,408,1499,0.1388
1096,406,1502,0.1388
1087,409,1496,0.1388
1078,418,1496,0.1388
1075,420,1495,0.1388
1079,414,1493,0.1388
1066,421,1487,0.1388
1057,425,1482,0.1388
1066,433,1499,0.1388
1064,430,1494,0.1388
1064,439,1503,0.1388
1075,438,1513,0.1388
1066,434,1500,0.1388
1074,428,1502,0.1388
1070,432,1502,0.1388
1073,436,1509,0.1388
1071,438,1509,0.1388
1076,437,1513,0.1388
1074,440,1514,0.1388
1069,441,1510,0.1388
1071,436,1507,0.1388
1078,436,1514,0.1388
1071,425,1496,0.1388
1071,433,1504,0.1388
1067,438,1505,0.1388
1045,440,1485,0.1388
1038,442,1480,0.1388
1040,444,1484,0.1388
1039,446,1485,0.1388
1045,443,1488,0.1388
1043,456,1499,0.1388
1050,455,1505,0.1388
1060,451,1511,0.1388
1049,453,1502,0.1388
1062,460,1522,0.1388
1057,447,1504,0.1388
1059,454,1513,0.1388
1056,455,1511,0.1388
1053,455,1508,0.1388
1054,459,1513,0.1388
1034,456,1490,0.1388
1032,457,1489,0.1388
1034,460,1494,0.1388
1032,459,1491,0.1388
1030,455,1485,0.1388
1031,459,1490,0.1388
1019,464,1483,0.1388
1013,462,1475,0.1388
1012,463,1475,0.1388
1017,462,1479,0.1388
1020,454,1474,0.1388
1029,453,1482,0.1388
1033,461,1494,0.1388
1030,467,1497,0.1388
1037,471,1508,0.1388
1031,473,1504,0.1388
1028,469,1497,0.1388
1021,467,1488,0.1388
1033,468,1501,0.1388
1038,469,1507,0.1388
1038,468,1506,0.1388
1044,479,1523,0.1388
1046,475,1521,0.1388
1042,483,1525,0.1388
1039,480,1519,0.1388
1029,486,1515,0.1388
1028,483,1511,0.1388
1020,486,1506,0.1388
1014,484,1498,0.1388
1029,476,1505,0.1388
1015,473,1488,0.1388
1017,477,1494,0.1388
1017,466,1483,0.1388
1024,465,1489,0.1388
1029,478,1507,0.1388
1027,474,1501,0.1388
1026,471,1497,0.1388
1028,467,1495,0.1388
1026,464,1490,0.1388
1030,467,1497,0.1388
1026,467,1493,0.1388
1030,473,1503,0.1388
1020,473,1493,0.1388
1018,471,1489,0.1388
1020,481,1501,0.1388
1031,488,1519,0.1388
1018,483,1501,0.1388
1009,480,1489,0.1388
1026,476,1502,0.1388
1026,483,1509,0.1388
1024,492,1516,0.1388
1026,491,1517,0.1388
1013,487,1500,0.1388
1019,486,1505,0.1388
1011,488,1499,0.1388
1007,490,1497,0.1388
1009,496,1505,0.1388
998,485,1483,0.1388
1006,485,1491,0.1388
1011,489,1500,0.1388
1020,483,1503,0.1388
1018,488,1506,0.1388
1012,485,1497,0.1388
1016,492,1508,0.1388
1010,493,1503,0.1388
1011,492,1503,0.1388
1012,490,1502,0.1388
1017,496,1513,0.1388
1021,497,1518,0.1388
1012,504,1516,0.1388
1005,504,1509,0.1388
1005,505,1510,0.1388
996,505,1501,0.1388
998,508,1506,0.1388
993,520,1513,0.1388
987,524,1511,0.1388
990,526,1516,0.1388
993,528,1521,0.1388
979,523,1502,0.1388
972,525,1497,0.1388
967,537,1504,0.1388
983,539,1522,0.1388
972,532,1504,0.1388
965,533,1498,0.1388
960,540,1500,0.1388
963,539,1502,0.1388
952,545,1497,0.1388
951,550,1501,0.1388
962,553,1515,0.1388
954,548,1502,0.1388
959,547,1506,0.1388
965,549,1514,0.1388
954,559,1513,0.1388
951,560,1511,0.1388
947,552,1499,0.1388
938,545,1483,0.1388
937,551,1488,0.1388
929,546,1475,0.1388
924,556,1480,0.1388
928,558,1486,0.1388
941,562,1503,0.1388
934,559,1493,0.1388
934,558,1492,0.1388
929,559,1488,0.1388
933,567,1500,0.1388
944,559,1503,0.1388
944,563,1507,0.1388
943,565,1508,0.1388
932,574,1506,0.1388
934,567,1501,0.1388
946,570,1516,0.1388
949,565,1514,0.1388
932,570,1502,0.1388
932,563,1495,0.1388
937,571,1508,0.1388
927,563,1490,0.1388
927,576,1503,0.1388
919,579,1498,0.1388
931,583,1514,0.1388
926,582,1508,0.1388
927,580,1507,0.1388
916,595,1511,0.1388
908,592,1500,0.1388
905,600,1505,0.1388
907,599,1506,0.1388
904,595,1499,0.1388
906,598,1504,0.1388
905,600,1505,0.1388
905,600,1505,0.1388
910,599,1509,0.1388
913,597,1510,0.1388
912,604,1516,0.1388
901,599,1500,0.1388
897,596,1493,0.1388
906,616,1522,0.1388
908,613,1521,0.1388
897,609,1506,0.1388
902,613,1515,0.1388
897,613,1510,0.1388
898,611,1509,0.1388
901,616,1517,0.1388
901,615,1516,0.1388
899,614,1513,0.1388
882,623,1505,0.1388
887,632,1519,0.1388
888,622,1510,0.1388
872,624,1496,0.1388
872,628,1500,0.1388
867,627,1494,0.1388
860,624,1484,0.1388
863,624,1487,0.1388
872,629,1501,0.1388
874,630,1504,0.1388
870,634,1504,0.1388
874,636,1510,0.1388
874,639,1513,0.1388
876,639,1515,0.1388
873,632,1505,0.1388
873,639,1512,0.1388
870,641,1511,0.1388
850,634,1484,0.1388
855,636,1491,0.1388
865,641,1506,0.1388
859,634,1493,0.1388
858,637,1495,0.1388
856,642,1498,0.1388
849,651,1500,0.1388
855,647,1502,0.1388
852,645,1497,0.1388
852,641,1493,0.1388
853,638,1491,0.1388
854,628,1482,0.1388
852,628,1480,0.1388
853,626,1479,0.1388
857,635,1492,0.1388
855,637,1492,0.1388
854,645,1499,0.1388
858,646,1504,0.1388
861,648,1509,0.1388
856,651,1507,0.1388
855,653,1508,0.1388
859,657,1516,0.1388
857,660,1517,0.1388
856,660,1516,0.1388
854,654,1508,0.1388
860,657,1517,0.1388
854,658,1512,0.1388
854,658,1512,0.1388
839,665,1504,0.1388
845,660,1505,0.1388
843,662,1505,0.1388
840,657,1497,0.1388
844,659,1503,0.1388
845,664,1509,0.1388
841,667,1508,0.1388
840,660,1500,0.1388
839,663,1502,0.1388
841,656,1497,0.1388
845,661,1506,0.1388
853,648,1501,0.1388
856,648,1504,0.1388
863,632,1495,0.1388
868,649,1517,0.1388
864,652,1516,0.1388
859,668,1527,0.1388
852,668,1520,0.1388
850,662,1512,0.1388
846,662,1508,0.1388
853,659,1512,0.1388
855,654,1509,0.1388
849,657,1506,0.1388
848,666,1514,0.1388
836,672,1508,0.1388
849,657,1506,0.1388
848,663,1511,0.1388
848,658,1506,0.1388
841,661,1502,0.1388
830,663,1493,0.1388
832,664,1496,0.1388
841,670,1511,0.1388
838,668,1506,0.1388
839,669,1508,0.1388
824,665,1489,0.1388
820,671,1491,0.1388
818,677,1495,0.1388
827,677,1504,0.1388
818,688,1506,0.1388
815,682,1497,0.1388
829,683,1512,0.1388
833,682,1515,0.1388
833,683,1516,0.1388
838,684,1522,0.1388
829,676,1505,0.1388
830,674,1504,0.1388
817,684,1501,0.1388
818,682,1500,0.1388
818,679,1497,0.1388
822,689,1511,0.1388
817,681,1498,0.1388
804,685,1489,0.1388
801,685,1486,0.1388
812,697,1509,0.1388
805,695,1500,0.1388
803,698,1501,0.1388
796,699,1495,0.1388
805,704,1509,0.1388
797,705,1502,0.1388
792,699,1491,0.1388
790,706,1496,0.1388
789,712,1501,0.1388
790,707,1497,0.1388
793,696,1489,0.1388
798,699,1497,0.1388
794,697,1491,0.1388
802,705,1507,0.1388
807,701,1508,0.1388
803,709,1512,0.1388
803,701,1504,0.1388
796,700,1496,0.1388
795,698,1493,0.1388
794,703,1497,0.1388
795,704,1499,0.1388
796,708,1504,0.1388
797,718,1515,0.1388
793,710,1503,0.1388
786,706,1492,0.1388
773,710,1483,0.1388
781,711,1492,0.1388
792,694,1486,0.1388
790,700,1490,0.1388
783,707,1490,0.1388
780,713,1493,0.1388
794,720,1514,0.1388
799,718,1517,0.1388
789,704,1493,0.1388
779,716,1495,0.1388
786,722,1508,0.1388
779,715,1494,0.1388
781,711,1492,0.1388
783,706,1489,0.1388
787,717,1504,0.1388
786,723,1509,0.1388
794,713,1507,0.1388
791,720,1511,0.1388
788,719,1507,0.1388
784,726,1510,0.1388
781,730,1511,0.1388
781,728,1509,0.1388
773,725,1498,0.1388
776,727,1503,0.1388
784,728,1512,0.1388
784,725,1509,0.1388
779,718,1497,0.1388
777,727,1504,0.1388
775,723,1498,0.1388
770,737,1507,0.1388
774,730,1504,0.1388
774,737,1511,0.1388
774,730,1504,0.1388
767,733,1500,0.1388
769,741,1510,0.1388
761,743,1504,0.1388
758,738,1496,0.1388
760,749,1509,0.1388
744,753,1497,0.1388
744,748,1492,0.1388
744,750,1494,0.1388
745,754,1499,0.1388
744,759,1503,0.1388
750,758,1508,0.1388
750,750,1500,0.1388
751,744,1495,0.1388
748,737,1485,0.1388
747,753,1500,0.1388
746,751,1497,0.1388
749,759,1508,0.1388
749,752,1501,0.1388
735,759,1494,0.1388
737,757,1494,0.1388
736,755,1491,0.1388
746,759,1505,0.1388
750,752,1502,0.1388
758,762,1520,0.1388
758,760,1518,0.1388
756,757,1513,0.1388
759,757,1516,0.1388
757,761,1518,0.1388
757,762,1519,0.1388
749,763,1512,0.1388
753,757,1510,0.1388
738,755,1493,0.1388
735,757,1492,0.1388
749,751,1500,0.1388
744,751,1495,0.1388
737,757,1494,0.1388
739,759,1498,0.1388
739,757,1496,0.1388
732,758,1490,0.1388
745,753,1498,0.1388
750,756,1506,0.1388
750,760,1510,0.1388
752,762,1514,0.1388
750,766,1516,0.1388
736,766,1502,0.1388
746,761,1507,0.1388
753,758,1511,0.1388
751,751,1502,0.1388
751,758,1509,0.1388
751,757,1508,0.1388
738,769,1507,0.1388
728,777,1505,0.1388
729,769,1498,0.1388
727,783,1510,0.1388
720,792,1512,0.1388
721,782,1503,0.1388
728,783,1511,0.1388
721,783,1504,0.1388
716,784,1500,0.1388
713,782,1495,0.1388
729,787,1516,0.1388
727,787,1514,0.1388
726,790,1516,0.1388
720,791,1511,0.1388
724,783,1507,0.1388
718,778,1496,0.1388
720,780,1500,0.1388
710,783,1493,0.1388
713,788,1501,0.1388
705,786,1491,0.1388
705,805,1510,0.1388
697,814,1511,0.1388
702,808,1510,0.1388
711,808,1519,0.1388
716,795,1511,0.1388
717,795,1512,0.1388
713,787,1500,0.1388
701,784,1485,0.1388
706,791,1497,0.1388
699,789,1488,0.1388
714,797,1511,0.1388
714,787,1501,0.1388
709,801,1510,0.1388
704,799,1503,0.1388
698,796,1494,0.1388
698,802,1500,0.1388
702,799,1501,0.1388
700,815,1515,0.1388
697,811,1508,0.1388
696,806,1502,0.1388
706,802,1508,0.1388
700,802,1502,0.1388
702,804,1506,0.1388
697,814,1511,0.1388
690,814,1504,0.1388
694,818,1512,0.1388
690,817,1507,0.1388
686,806,1492,0.1388
686,812,1498,0.1388
686,819,1505,0.1388
691,819,1510,0.1388
688,819,1507,0.1388
694,814,1508,0.1388
693,811,1504,0.1388
702,817,1519,0.1388
701,816,1517,0.1388
695,815,1510,0.1388
690,823,1513,0.1388
692,823,1515,0.1388
688,828,1516,0.1388
690,834,1524,0.1388
691,826,1517,0.1388
685,823,1508,0.1388
679,821,1500,0.1388
681,824,1505,0.1388
681,823,1504,0.1388
682,835,1517,0.1388
671,836,1507,0.1388
664,847,1511,0.1388
654,850,1504,0.1388
657,849,1506,0.1388
658,853,1511,0.1388
659,846,1505,0.1388
657,839,1496,0.1388
660,835,1495,0.1388
660,822,1482,0.1388
665,832,1497,0.1388
662,829,1491,0.1388
669,838,1507,0.1388
656,838,1494,0.1388
658,832,1490,0.1388
669,838,1507,0.1388
666,842,1508,0.1388
665,849,1514,0.1388
656,844,1500,0.1388
660,846,1506,0.1388
658,851,1509,0.1388
662,839,1501,0.1388
655,838,1493,0.1388
655,840,1495,0.1388
644,851,1495,0.1388
647,847,1494,0.1388
640,854,1494,0.1388
644,853,1497,0.1388
644,846,1490,0.1388
645,844,1489,0.1388
638,855,1493,0.1388
652,852,1504,0.1388
643,846,1489,0.1388
651,842,1493,0.1388
655,849,1504,0.1388
651,849,1500,0.1388
650,853,1503,0.1388
655,847,1502,0.1388
652,857,1509,0.1388
653,854,1507,0.1388
659,857,1516,0.1388
663,839,1502,0.1388
652,833,1485,0.1388
659,830,1489,0.1388
661,833,1494,0.1388
664,838,1502,0.1388
654,831,1485,0.1388
657,841,1498,0.1388
657,850,1507,0.1388
647,857,1504,0.1388
645,850,1495,0.1388
648,855,1503,0.1388
642,861,1503,0.1388
640,853,1493,0.1388
647,858,1505,0.1388
644,856,1500,0.1388
649,862,1511,0.1388
647,854,1501,0.1388
642,865,1507,0.1388
643,866,1509,0.1388
647,864,1511,0.1388
645,872,1517,0.1388
641,878,1519,0.1388
633,875,1508,0.1388
632,880,1512,0.1388
633,874,1507,0.1388
632,872,1504,0.1388
627,879,1506,0.1388
625,891,1516,0.1388
622,880,1502,0.1388
624,883,1507,0.1388
618,886,1504,0.1388
620,881,1501,0.1388
615,888,1503,0.1388
609,899,1508,0.1388
608,895,1503,0.1388
604,905,1509,0.1388
612,898,1510,0.1388
616,900,1516,0.1388
613,904,1517,0.1388
607,910,1517,0.1388
609,904,1513,0.1388
608,888,1496,0.1388
609,897,1506,0.1388
608,895,1503,0.1388
604,896,1500,0.1388
607,900,1507,0.1388
595,898,1493,0.1388
592,896,1488,0.1388
596,911,1507,0.1388
594,910,1504,0.1388
594,900,1494,0.1388
589,902,1491,0.1388
596,896,1492,0.1388
611,896,1507,0.1388
610,893,1503,0.1388
598,881,1479,0.1388
602,886,1488,0.1388
599,890,1489,0.1388
604,905,1509,0.1388
601,905,1506,0.1388
601,901,1502,0.1388
604,913,1517,0.1388
603,918,1521,0.1388
609,903,1512,0.1388
608,897,1505,0.1388
610,909,1519,0.1388
603,915,1518,0.1388
602,919,1521,0.1388
595,921,1516,0.1388
590,917,1507,0.1388
586,922,1508,0.1388
595,927,1522,0.1388
601,927,1528,0.1388
591,921,1512,0.1388
589,919,1508,0.1388
585,914,1499,0.1388
587,916,1503,0.1388
587,921,1508,0.1388
590,914,1504,0.1388
595,915,1510,0.1388
591,917,1508,0.1388
586,921,1507,0.1388
582,934,1516,0.1388
580,929,1509,0.1388
584,924,1508,0.1388
578,917,1495,0.1388
572,928,1500,0.1388
569,931,1500,0.1388
564,939,1503,0.1388
563,939,1502,0.1388
557,926,1483,0.1388
550,941,1491,0.1388
560,949,1509,0.1388
561,951,1512,0.1388
560,945,1505,0.1388
557,941,1498,0.1388
559,949,1508,0.1388
559,953,1512,0.1388
561,953,1514,0.1388
564,959,1523,0.1388
555,967,1522,0.1388
557,961,1518,0.1388
552,957,1509,0.1388
550,953,1503,0.1388
553,958,1511,0.1388
546,961,1507,0.1388
542,968,1510,0.1388
533,964,1497,0.1388
537,959,1496,0.1388
536,972,1508,0.1388
538,983,1521,0.1388
533,990,1523,0.1388
533,982,1515,0.1388
531,975,1506,0.1388
540,972,1512,0.1388
532,973,1505,0.1388
528,982,1510,0.1388
526,992,1518,0.1388
533,978,1511,0.1388
531,985,1516,0.1388
532,988,1520,0.1388
530,991,1521,0.1388
531,988,1519,0.1388
527,995,1522,0.1388
523,996,1519,0.1388
523,993,1516,0.1388
521,993,1514,0.1388
521,989,1510,0.1388
518,994,1512,0.1388
523,999,1522,0.1388
512,1007,1519,0.1388
518,1009,1527,0.1388
516,1000,1516,0.1388
518,998,1516,0.1388
520,1000,1520,0.1388
511,1004,1515,0.1388
511,1002,1513,0.1388
511,1011,1522,0.1388
507,1028,1535,0.1388
503,1020,1523,0.1388
498,1021,1519,0.1388
494,1024,1518,0.1388
498,1020,1518,0.1388
502,1025,1527,0.1388
502,1013,1515,0.1388
501,1019,1520,0.1388
507,1015,1522,0.1388
503,996,1499,0.1388
507,993,1500,0.1388
508,1001,1509,0.1388
504,990,1494,0.1388
502,1009,1511,0.1388
497,1005,1502,0.1388
498,1016,1514,0.1388
500,1024,1524,0.1388
487,1019,1506,0.1388
501,1025,1526,0.1388
495,1037,1532,0.1388
492,1022,1514,0.1388
497,1013,1510,0.1388
492,1010,1502,0.1388
490,1007,1497,0.1388
499,1003,1502,0.1388
501,1009,1510,0.1388
494,1021,1515,0.1388
497,1025,1522,0.1388
497,1028,1525,0.1388
497,1027,1524,0.1388
489,1028,1517,0.1388
482,1025,1507,0.1388
482,1014,1496,0.1388
484,1033,1517,0.1388
484,1028,1512,0.1388
486,1028,1514,0.1388
485,1035,1520,0.1388
487,1019,1506,0.1388
482,1028,1510,0.1388
472,1037,1509,0.1388
472,1031,1503,0.1388
468,1027,1495,0.1388
477,1033,1510,0.1388
478,1031,1509,0.1388
476,1021,1497,0.1388
477,1041,1518,0.1388
480,1027,1507,0.1388
477,1033,1510,0.1388
469,1033,1502,0.1388
468,1027,1495,0.1388
469,1024,1493,0.1388
470,1030,1500,0.1388
468,1030,1498,0.1388
474,1031,1505,0.1388
480,1035,1515,0.1388
486,1036,1522,0.1388
481,1038,1519,0.1388
476,1038,1514,0.1388
469,1029,1498,0.1388
463,1031,1494,0.1388
465,1036,1501,0.1388
468,1030,1498,0.1388
461,1040,1501,0.1388
467,1035,1502,0.1388
474,1029,1503,0.1388
474,1042,1516,0.1388
474,1043,1517,0.1388
469,1037,1506,0.1388
463,1044,1507,0.1388
453,1045,1498,0.1388
454,1054,1508,0.1388
447,1069,1516,0.1388
447,1079,1526,0.1388
450,1076,1526,0.1388
448,1071,1519,0.1388
446,1084,1530,0.1388
438,1077,1515,0.1388
441,1069,1510,0.1388
436,1067,1503,0.1388
427,1069,1496,0.1388
431,1065,1496,0.1388
432,1068,1500,0.1388
426,1073,1499,0.1388
423,1068,1491,0.1388
423,1072,1495,0.1388
428,1072,1500,0.1388
419,1078,1497,0.1388
420,1079,1499,0.1388
422,1077,1499,0.1388
423,1069,1492,0.1388
423,1089,1512,0.1388
424,1083,1507,0.1388
429,1095,1524,0.1388
423,1086,1509,0.1388
431,1088,1519,0.1388
422,1090,1512,0.1388
425,1082,1507,0.1388
426,1075,1501,0.1388
426,1078,1504,0.1388
424,1083,1507,0.1388
424,1082,1506,0.1388
417,1070,1487,0.1388
422,1082,1504,0.1388
421,1092,1513,0.1388
419,1091,1510,0.1388
415,1085,1500,0.1388
414,1087,1501,0.1388
416,1078,1494,0.1388
413,1075,1488,0.1388
415,1101,1516,0.1388
422,1092,1514,0.1388
426,1103,1529,0.1388
418,1101,1519,0.1388
425,1114,1539,0.1388
423,1111,1534,0.1388
416,1111,1527,0.1388
412,1102,1514,0.1388
405,1109,1514,0.1388
401,1115,1516,0.1388
401,1112,1513,0.1388
398,1113,1511,0.1388
399,1105,1504,0.1388
398,1124,1522,0.1388
394,1126,1520,0.1388
392,1125,1517,0.1388
391,1128,1519,0.1388
385,1137,1522,0.1388
388,1120,1508,0.1388
392,1113,1505,0.1388
389,1117,1506,0.1388
390,1110,1500,0.1388
397,1117,1514,0.1388
396,1112,1508,0.1388
391,1119,1510,0.1388
394,1124,1518,0.1388
397,1117,1514,0.1388
384,1114,1498,0.1388
386,1112,1498,0.1388
385,1125,1510,0.1388
382,1122,1504,0.1388
381,1119,1500,0.1388
371,1131,1502,0.1388
373,1129,1502,0.1388
381,1121,1502,0.1388
382,1133,1515,0.1388
380,1144,1524,0.1388
380,1142,1522,0.1388
386,1133,1519,0.1388
394,1118,1512,0.1388
392,1129,1521,0.1388
387,1127,1514,0.1388
386,1135,1521,0.1388
384,1140,1524,0.1388
394,1145,1539,0.1388
389,1144,1533,0.1388
389,1137,1526,0.1388
381,1136,1517,0.1388
378,1136,1514,0.1388
382,1129,1511,0.1388
385,1133,1518,0.1388
377,1147,1524,0.1388
377,1141,1518,0.1388
381,1140,1521,0.1388
377,1140,1517,0.1388
373,1135,1508,0.1388
359,1142,1501,0.1388
357,1156,1513,0.1388
360,1162,1522,0.1388
361,1163,1524,0.1388
363,1165,1528,0.1388
360,1158,1518,0.1388
354,1159,1513,0.1388
354,1155,1509,0.1388
351,1144,1495,0.1388
350,1155,1505,0.1388
356,1151,1507,0.1388
347,1161,1508,0.1388
349,1160,1509,0.1388
350,1160,1510,0.1388
351,1162,1513,0.1388
348,1162,1510,0.1388
341,1175,1516,0.1388
341,1175,1516,0.1388
342,1173,1515,0.1388
334,1169,1503,0.1388
334,1166,1500,0.1388
335,1185,1520,0.1388
327,1186,1513,0.1388
322,1186,1508,0.1388
323,1182,1505,0.1388
325,1185,1510,0.1388
323,1191,1514,0.1388
319,1190,1509,0.1388
319,1203,1522,0.1388
318,1194,1512,0.1388
313,1204,1517,0.1388
311,1205,1516,0.1388
308,1193,1501,0.1388
308,1203,1511,0.1388
302,1212,1514,0.1388
304,1211,1515,0.1388
305,1221,1526,0.1388
304,1209,1513,0.1388
306,1210,1516,0.1388
304,1218,1522,0.1388
301,1221,1522,0.1388
300,1222,1522,0.1388
306,1212,1518,0.1388
299,1221,1520,0.1388
297,1223,1520,0.1388
307,1217,1524,0.1388
306,1193,1499,0.1388
304,1195,1499,0.1388
302,1203,1505,0.1388
301,1203,1504,0.1388
300,1214,1514,0.1388
301,1207,1508,0.1388
301,1214,1515,0.1388
298,1214,1512,0.1388
294,1226,1520,0.1388
296,1217,1513,0.1388
294,1226,1520,0.1388
299,1219,1518,0.1388
299,1219,1518,0.1388
299,1217,1516,0.1388
299,1213,1512,0.1388
298,1202,1500,0.1388
295,1207,1502,0.1388
296,1214,1510,0.1388
295,1215,1510,0.1388
293,1210,1503,0.1388
295,1213,1508,0.1388
295,1209,1504,0.1388
297,1226,1523,0.1388
295,1229,1524,0.1388
294,1240,1534,0.1388
297,1223,1520,0.1388
299,1219,1518,0.1388
294,1217,1511,0.1388
298,1215,1513,0.1388
299,1215,1514,0.1388
292,1216,1508,0.1388
294,1204,1498,0.1388
295,1213,1508,0.1388
291,1219,1510,0.1388
285,1221,1506,0.1388
290,1214,1504,0.1388
285,1214,1499,0.1388
285,1219,1504,0.1388
281,1212,1493,0.1388
277,1208,1485,0.1388
278,1214,1492,0.1388
279,1227,1506,0.1388
277,1226,1503,0.1388
279,1228,1507,0.1388
280,1222,1502,0.1388
276,1229,1505,0.1388
272,1227,1499,0.1388
268,1236,1504,0.1388
269,1232,1501,0.1388
267,1233,1500,0.1388
267,1231,1498,0.1388
264,1240,1504,0.1388
260,1247,1507,0.1388
262,1250,1512,0.1388
261,1244,1505,0.1388
262,1251,1513,0.1388
264,1254,1518,0.1388
258,1257,1515,0.1388
259,1244,1503,0.1388
259,1266,1525,0.1388
265,1260,1525,0.1388
260,1256,1516,0.1388
264,1267,1531,0.1388
268,1265,1533,0.1388
262,1265,1527,0.1388
264,1251,1515,0.1388
267,1250,1517,0.1388
268,1250,1518,0.1388
267,1258,1525,0.1388
269,1250,1519,0.1388
272,1243,1515,0.1388
267,1240,1507,0.1388
268,1240,1508,0.1388
267,1247,1514,0.1388
266,1256,1522,0.1388
264,1253,1517,0.1388
262,1250,1512,0.1388
262,1262,1524,0.1388
267,1255,1522,0.1388
267,1246,1513,0.1388
263,1245,1508,0.1388
265,1249,1514,0.1388
261,1237,1498,0.1388
261,1235,1496,0.1388
260,1244,1504,0.1388
256,1250,1506,0.1388
255,1247,1502,0.1388
257,1249,1506,0.1388
255,1246,1501,0.1388
251,1256,1507,0.1388
255,1257,1512,0.1388
259,1254,1513,0.1388
261,1254,1515,0.1388
256,1256,1512,0.1388
257,1257,1514,0.1388
258,1252,1510,0.1388
253,1232,1485,0.1388
258,1234,1492,0.1388
256,1238,1494,0.1388
252,1239,1491,0.1388
256,1252,1508,0.1388
258,1247,1505,0.1388
257,1264,1521,0.1388
251,1269,1520,0.1388
255,1270,1525,0.1388
253,1268,1521,0.1388
252,1269,1521,0.1388
254,1269,1523,0.1388
256,1270,1526,0.1388
259,1274,1533,0.1388
254,1266,1520,0.1388
255,1273,1528,0.1388
253,1266,1519,0.1388
251,1260,1511,0.1388
245,1256,1501,0.1388
250,1267,1517,0.1388
253,1259,1512,0.1388
256,1259,1515,0.1388
258,1255,1513,0.1388
256,1256,1512,0.1388
257,1259,1516,0.1388
256,1277,1533,0.1388
258,1277,1535,0.1388
259,1276,1535,0.1388
254,1267,1521,0.1388
251,1266,1517,0.1388
247,1266,1513,0.1388
252,1258,1510,0.1388
253,1262,1515,0.1388
255,1253,1508,0.1388
258,1260,1518,0.1388
260,1251,1511,0.1388
260,1258,1518,0.1388
251,1261,1512,0.1388
250,1260,1510,0.1388
247,1274,1521,0.1388
249,1264,1513,0.1388
252,1259,1511,0.1388
248,1276,1524,0.1388
251,1271,1522,0.1388
248,1266,1514,0.1388
249,1260,1509,0.1388
246,1266,1512,0.1388
247,1269,1516,0.1388
246,1260,1506,0.1388
243,1270,1513,0.1388
244,1261,1505,0.1388
247,1261,1508,0.1388
251,1264,1515,0.1388
250,1259,1509,0.1388
246,1255,1501,0.1388
252,1260,1512,0.1388
249,1249,1498,0.1388
252,1247,1499,0.1388
248,1258,1506,0.1388
249,1257,1506,0.1388
251,1268,1519,0.1388
246,1276,1522,0.1388
244,1278,1522,0.1388
242,1283,1525,0.1388
236,1272,1508,0.1388
241,1273,1514,0.1388
245,1271,1516,0.1388
241,1273,1514,0.1388
243,1264,1507,0.1388
241,1260,1501,0.1388
241,1253,1494,0.1388
238,1253,1491,0.1388
235,1263,1498,0.1388
238,1261,1499,0.1388
239,1272,1511,0.1388
240,1278,1518,0.1388
239,1269,1508,0.1388
235,1273,1508,0.1388
234,1269,1503,0.1388
235,1270,1505,0.1388
228,1255,1483,0.1388
227,1260,1487,0.1388
225,1266,1491,0.1388
228,1276,1504,0.1388
228,1292,1520,0.1388
233,1286,1519,0.1388
234,1290,1524,0.1388
227,1281,1508,0.1388
227,1282,1509,0.1388
225,1276,1501,0.1388
226,1283,1509,0.1388
227,1283,1510,0.1388
227,1290,1517,0.1388
226,1294,1520,0.1388
228,1305,1533,0.1388
217,1311,1528,0.1388
214,1313,1527,0.1388
210,1304,1514,0.1388
207,1314,1521,0.1388
208,1315,1523,0.1388
211,1319,1530,0.1388
212,1301,1513,0.1388
209,1309,1518,0.1388
209,1302,1511,0.1388
215,1306,1521,0.1388
213,1308,1521,0.1388
210,1307,1517,0.1388
208,1308,1516,0.1388
206,1313,1519,0.1388
205,1314,1519,0.1388
203,1306,1509,0.1388
208,1307,1515,0.1388
204,1300,1504,0.1388
202,1290,1492,0.1388
202,1303,1505,0.1388
199,1305,1504,0.1388
202,1300,1502,0.1388
200,1301,1501,0.1388
201,1302,1503,0.1388
200,1305,1505,0.1388
205,1305,1510,0.1388
199,1310,1509,0.1388
200,1299,1499,0.1388
196,1298,1494,0.1388
190,1311,1501,0.1388
188,1317,1505,0.1388
187,1312,1499,0.1388
187,1321,1508,0.1388
197,1321,1518,0.1388
193,1323,1516,0.1388
188,1309,1497,0.1388
189,1309,1498,0.1388
187,1314,1501,0.1388
189,1320,1509,0.1388
189,1316,1505,0.1388
191,1326,1517,0.1388
192,1325,1517,0.1388
193,1331,1524,0.1388
187,1339,1526,0.1388
184,1342,1526,0.1388
186,1328,1514,0.1388
188,1331,1519,0.1388
186,1329,1515,0.1388
186,1326,1512,0.1388
187,1330,1517,0.1388
183,1321,1504,0.1388
189,1329,1518,0.1388
187,1328,1515,0.1388
183,1330,1513,0.1388
182,1334,1516,0.1388
183,1322,1505,0.1388
179,1311,1490,0.1388
181,1322,1503,0.1388
179,1334,1513,0.1388
178,1333,1511,0.1388
172,1333,1505,0.1388
174,1346,1520,0.1388
172,1340,1512,0.1388
175,1334,1509,0.1388
174,1341,1515,0.1388
173,1327,1500,0.1388
171,1323,1494,0.1388
171,1322,1493,0.1388
169,1332,1501,0.1388
170,1349,1519,0.1388
161,1350,1511,0.1388
162,1351,1513,0.1388
165,1336,1501,0.1388
158,1348,1506,0.1388
161,1359,1520,0.1388
163,1362,1525,0.1388
161,1357,1518,0.1388
160,1347,1507,0.1388
156,1346,1502,0.1388
155,1357,1512,0.1388
160,1349,1509,0.1388
158,1342,1500,0.1388
155,1344,1499,0.1388
158,1354,1512,0.1388
163,1362,1525,0.1388
159,1354,1513,0.1388
156,1361,1517,0.1388
156,1361,1517,0.1388
159,1352,1511,0.1388
160,1361,1521,0.1388
162,1348,1510,0.1388
164,1339,1503,0.1388
164,1357,1521,0.1388
159,1358,1517,0.1388
158,1353,1511,0.1388
163,1362,1525,0.1388
163,1337,1500,0.1388
161,1346,1507,0.1388
159,1355,1514,0.1388
158,1349,1507,0.1388
154,1353,1507,0.1388
155,1354,1509,0.1388
153,1348,1501,0.1388
151,1363,1514,0.1388
153,1365,1518,0.1388
154,1348,1502,0.1388
155,1351,1506,0.1388
159,1353,1512,0.1388
159,1357,1516,0.1388
152,1365,1517,0.1388
150,1364,1514,0.1388
148,1374,1522,0.1388
146,1378,1524,0.1388
144,1381,1525,0.1388
139,1378,1517,0.1388
145,1379,1524,0.1388
145,1371,1516,0.1388
146,1371,1517,0.1388
144,1384,1528,0.1388
143,1379,1522,0.1388
140,1382,1522,0.1388
142,1386,1528,0.1388
141,1381,1522,0.1388
140,1392,1532,0.1388
137,1378,1515,0.1388
140,1374,1514,0.1388
143,1370,1513,0.1388
146,1367,1513,0.1388
150,1363,1513,0.1388
148,1369,1517,0.1388
148,1372,1520,0.1388
146,1373,1519,0.1388
145,1372,1517,0.1388
143,1358,1501,0.1388
143,1363,1506,0.1388
146,1367,1513,0.1388
146,1360,1506,0.1388
149,1350,1499,0.1388
148,1359,1507,0.1388
149,1349,1498,0.1388
144,1353,1497,0.1388
145,1359,1504,0.1388
140,1356,1496,0.1388
143,1367,1510,0.1388
141,1379,1520,0.1388
139,1386,1525,0.1388
140,1380,1520,0.1388
135,1389,1524,0.1388
134,1378,1512,0.1388
136,1382,1518,0.1388
136,1401,1537,0.1388
138,1388,1526,0.1388
140,1394,1534,0.1388
136,1390,1526,0.1388
134,1386,1520,0.1388
132,1379,1511,0.1388
131,1383,1514,0.1388
131,1370,1501,0.1388
132,1379,1511,0.1388
128,1387,1515,0.1388
127,1387,1514,0.1388
125,1383,1508,0.1388
123,1390,1513,0.1388
126,1403,1529,0.1388
130,1411,1541,0.1388
131,1409,1540,0.1388
135,1416,1551,0.1388
133,1407,1540,0.1388
134,1397,1531,0.1388
132,1386,1518,0.1388
129,1386,1515,0.1388
129,1381,1510,0.1388
129,1377,1506,0.1388
130,1379,1509,0.1388
128,1370,1498,0.1388
130,1379,1509,0.1388
131,1380,1511,0.1388
125,1381,1506,0.1388
124,1377,1501,0.1388
126,1386,1512,0.1388
127,1387,1514,0.1388
132,1391,1523,0.1388
131,1387,1518,0.1388
134,1381,1515,0.1388
130,1382,1512,0.1388
130,1381,1511,0.1388
128,1385,1513,0.1388
130,1395,1525,0.1388
129,1390,1519,0.1388
130,1384,1514,0.1388
131,1371,1502,0.1388
130,1372,1502,0.1388
131,1393,1524,0.1388
134,1395,1529,0.1388
130,1393,1523,0.1388
133,1385,1518,0.1388
132,1391,1523,0.1388
128,1374,1502,0.1388
124,1383,1507,0.1388
126,1383,1509,0.1388
124,1383,1507,0.1388
121,1395,1516,0.1388
122,1389,1511,0.1388
118,1399,1517,0.1388
121,1401,1522,0.1388
126,1398,1524,0.1388
124,1393,1517,0.1388
122,1386,1508,0.1388
120,1392,1512,0.1388
122,1379,1501,0.1388
125,1383,1508,0.1388
125,1378,1503,0.1388
125,1388,1513,0.1388
124,1384,1508,0.1388
125,1378,1503,0.1388
128,1392,1520,0.1388
130,1399,1529,0.1388
123,1391,1514,0.1388
125,1404,1529,0.1388
126,1406,1532,0.1388
128,1410,1538,0.1388
122,1413,1535,0.1388
126,1409,1535,0.1388
123,1398,1521,0.1388
123,1387,1510,0.1388
121,1374,1495,0.1388
117,1392,1509,0.1388
118,1389,1507,0.1388
119,1393,1512,0.1388
117,1403,1520,0.1388
120,1396,1516,0.1388
121,1399,1520,0.1388
119,1403,1522,0.1388
118,1393,1511,0.1388
117,1380,1497,0.1388
114,1376,1490,0.1388
113,1388,1501,0.1388
111,1382,1493,0.1388
108,1391,1499,0.1388
109,1399,1508,0.1388
106,1405,1511,0.1388
107,1426,1533,0.1388
105,1423,1528,0.1388
104,1418,1522,0.1388
106,1420,1526,0.1388
102,1420,1522,0.1388
102,1407,1509,0.1388
100,1411,1511,0.1388
103,1416,1519,0.1388
103,1413,1516,0.1388
102,1417,1519,0.1388
102,1412,1514,0.1388
102,1421,1523,0.1388
102,1428,1530,0.1388
102,1416,1518,0.1388
102,1416,1518,0.1388
101,1426,1527,0.1388
101,1427,1528,0.1388
101,1423,1524,0.1388
101,1423,1524,0.1388
100,1430,1530,0.1388
98,1421,1519,0.1388
96,1420,1516,0.1388
95,1407,1502,0.1388
95,1418,1513,0.1388
91,1416,1507,0.1388
90,1421,1511,0.1388
90,1426,1516,0.1388
87,1425,1512,0.1388
88,1420,1508,0.1388
87,1435,1522,0.1388
88,1442,1530,0.1388
91,1438,1529,0.1388
93,1434,1527,0.1388
92,1420,1512,0.1388
88,1419,1507,0.1388
87,1420,1507,0.1388
89,1421,1510,0.1388
89,1433,1522,0.1388
90,1440,1530,0.1388
88,1435,1523,0.1388
86,1430,1516,0.1388
89,1437,1526,0.1388
87,1435,1522,0.1388
87,1430,1517,0.1388
89,1430,1519,0.1388
86,1431,1517,0.1388
88,1424,1512,0.1388
86,1419,1505,0.1388
82,1429,1511,0.1388
84,1433,1517,0.1388
87,1431,1518,0.1388
86,1419,1505,0.1388
85,1424,1509,0.1388
89,1412,1501,0.1388
87,1428,1515,0.1388
85,1429,1514,0.1388
83,1422,1505,0.1388
82,1427,1509,0.1388
80,1438,1518,0.1388
77,1438,1515,0.1388
72,1439,1511,0.1388
72,1442,1514,0.1388
73,1436,1509,0.1388
76,1443,1519,0.1388
77,1441,1518,0.1388
77,1433,1510,0.1388
72,1430,1502,0.1388
73,1435,1508,0.1388
76,1435,1511,0.1388
75,1426,1501,0.1388
73,1451,1524,0.1388
73,1445,1518,0.1388
71,1437,1508,0.1388
76,1436,1512,0.1388
72,1447,1519,0.1388
75,1449,1524,0.1388
74,1435,1509,0.1388
72,1440,1512,0.1388
74,1435,1509,0.1388
73,1440,1513,0.1388
71,1441,1512,0.1388
69,1450,1519,0.1388
71,1444,1515,0.1388
70,1446,1516,0.1388
70,1456,1526,0.1388
70,1454,1524,0.1388
67,1447,1514,0.1388
66,1450,1516,0.1388
64,1451,1515,0.1388
64,1458,1522,0.1388
65,1459,1524,0.1388
66,1453,1519,0.1388
67,1447,1514,0.1388
68,1450,1518,0.1388
65,1447,1512,0.1388
64,1450,1514,0.1388
61,1451,1512,0.1388
62,1455,1517,0.1388
64,1445,1509,0.1388
65,1449,1514,0.1388
67,1438,1505,0.1388
66,1440,1506,0.1388
64,1442,1506,0.1388
62,1453,1515,0.1388
64,1462,1526,0.1388
64,1460,1524,0.1388
63,1467,1530,0.1388
64,1460,1524,0.1388
62,1459,1521,0.1388
63,1462,1525,0.1388
61,1457,1518,0.1388
64,1448,1512,0.1388
64,1444,1508,0.1388
66,1438,1504,0.1388
67,1439,1506,0.1388
69,1437,1506,0.1388
69,1451,1520,0.1388
69,1446,1515,0.1388
70,1452,1522,0.1388
73,1440,1513,0.1388
72,1440,1512,0.1388
70,1446,1516,0.1388
68,1447,1515,0.1388
67,1445,1512,0.1388
67,1443,1510,0.1388
67,1448,1515,0.1388
65,1455,1520,0.1388
65,1449,1514,0.1388
63,1442,1505,0.1388
62,1443,1505,0.1388
62,1449,1511,0.1388
61,1442,1503,0.1388
60,1449,1509,0.1388
62,1448,1510,0.1388
58,1427,1485,0.1388
58,1439,1497,0.1388
58,1444,1502,0.1388
57,1454,1511,0.1388
60,1458,1518,0.1388
57,1451,1508,0.1388
57,1458,1515,0.1388
60,1466,1526,0.1388
61,1461,1522,0.1388
61,1452,1513,0.1388
62,1441,1503,0.1388
60,1439,1499,0.1388
61,1438,1499,0.1388
62,1442,1504,0.1388
59,1458,1517,0.1388
58,1462,1520,0.1388
56,1466,1522,0.1388
55,1468,1523,0.1388
57,1459,1516,0.1388
55,1460,1515,0.1388
54,1449,1503,0.1388
53,1447,1500,0.1388
52,1441,1493,0.1388
55,1446,1501,0.1388
59,1465,1524,0.1388
60,1483,1543,0.1388
61,1478,1539,0.1388
60,1472,1532,0.1388
58,1467,1525,0.1388
57,1469,1526,0.1388
58,1471,1529,0.1388
55,1456,1511,0.1388
56,1458,1514,0.1388
56,1459,1515,0.1388
59,1443,1502,0.1388
63,1449,1512,0.1388
63,1460,1523,0.1388
65,1453,1518,0.1388
62,1448,1510,0.1388
64,1451,1515,0.1388
63,1449,1512,0.1388
64,1456,1520,0.1388
63,1461,1524,0.1388
61,1454,1515,0.1388
63,1440,1503,0.1388
60,1446,1506,0.1388
62,1439,1501,0.1388
64,1443,1507,0.1388
63,1451,1514,0.1388
63,1466,1529,0.1388
61,1463,1524,0.1388
59,1452,1511,0.1388
57,1456,1513,0.1388
58,1460,1518,0.1388
58,1464,1522,0.1388
55,1463,1518,0.1388
54,1451,1505,0.1388
55,1462,1517,0.1388
54,1459,1513,0.1388
54,1462,1516,0.1388
53,1459,1512,0.1388
51,1461,1512,0.1388
55,1458,1513,0.1388
54,1469,1523,0.1388
53,1476,1529,0.1388
54,1470,1524,0.1388
54,1474,1528,0.1388
55,1478,1533,0.1388
55,1483,1538,0.1388
56,1475,1531,0.1388
54,1474,1528,0.1388
53,1487,1540,0.1388
56,1466,1522,0.1388
56,1466,1522,0.1388
57,1458,1515,0.1388
53,1447,1500,0.1388
55,1453,1508,0.1388
55,1475,1530,0.1388
54,1485,1539,0.1388
53,1473,1526,0.1388
51,1462,1513,0.1388
53,1467,1520,0.1388
52,1470,1522,0.1388
49,1467,1516,0.1388
48,1467,1515,0.1388
48,1471,1519,0.1388
49,1473,1522,0.1388
48,1470,1518,0.1388
48,1469,1517,0.1388
47,1480,1527,0.1388
44,1484,1528,0.1388
43,1472,1515,0.1388
45,1470,1515,0.1388
45,1470,1515,0.1388
45,1477,1522,0.1388
46,1468,1514,0.1388
45,1460,1505,0.1388
46,1456,1502,0.1388
46,1461,1507,0.1388
47,1466,1513,0.1388
45,1481,1526,0.1388
47,1486,1533,0.1388
46,1487,1533,0.1388
46,1474,1520,0.1388
47,1470,1517,0.1388
46,1475,1521,0.1388
46,1479,1525,0.1388
46,1475,1521,0.1388
46,1476,1522,0.1388
45,1458,1503,0.1388
46,1465,1511,0.1388
47,1471,1518,0.1388
46,1467,1513,0.1388
43,1463,1506,0.1388
40,1466,1506,0.1388
39,1471,1510,0.1388
39,1467,1506,0.1388
40,1479,1519,0.1388
40,1470,1510,0.1388
39,1473,1512,0.1388
39,1480,1519,0.1388
39,1485,1524,0.1388
40,1490,1530,0.1388
38,1485,1523,0.1388
38,1478,1516,0.1388
40,1476,1516,0.1388
38,1485,1523,0.1388
40,1497,1537,0.1388
41,1493,1534,0.1388
42,1489,1531,0.1388
41,1483,1524,0.1388
41,1495,1536,0.1388
40,1477,1517,0.1388
40,1483,1523,0.1388
40,1471,1511,0.1388
39,1474,1513,0.1388
39,1458,1497,0.1388
38,1466,1504,0.1388
40,1476,1516,0.1388
40,1484,1524,0.1388
38,1480,1518,0.1388
38,1491,1529,0.1388
36,1493,1529,0.1388
36,1486,1522,0.1388
34,1488,1522,0.1388
34,1496,1530,0.1388
34,1475,1509,0.1388
32,1467,1499,0.1388
33,1479,1512,0.1388
32,1497,1529,0.1388
32,1493,1525,0.1388
31,1484,1515,0.1388
31,1475,1506,0.1388
31,1460,1491,0.1388
30,1471,1501,0.1388
29,1470,1499,0.1388
29,1483,1512,0.1388
29,1473,1502,0.1388
29,1489,1518,0.1388
30,1488,1518,0.1388
30,1485,1515,0.1388
26,1489,1515,0.1388
28,1487,1515,0.1388
29,1484,1513,0.1388
28,1498,1526,0.1388
27,1493,1520,0.1388
25,1498,1523,0.1388
25,1491,1516,0.1388
26,1497,1523,0.1388
25,1492,1517,0.1388
26,1482,1508,0.1388
26,1476,1502,0.1388
27,1491,1518,0.1388
27,1499,1526,0.1388
26,1493,1519,0.1388
27,1469,1496,0.1388
28,1477,1505,0.1388
28,1498,1526,0.1388
28,1487,1515,0.1388
29,1481,1510,0.1388
29,1498,1527,0.1388
29,1487,1516,0.1388
29,1495,1524,0.1388
29,1490,1519,0.1388
29,1492,1521,0.1388
29,1487,1516,0.1388
29,1478,1507,0.1388
28,1487,1515,0.1388
28,1480,1508,0.1388
28,1469,1497,0.1388
30,1472,1502,0.1388
30,1460,1490,0.1388
29,1458,1487,0.1388
28,1458,1486,0.1388
27,1467,1494,0.1388
27,1474,1501,0.1388
28,1483,1511,0.1388
27,1476,1503,0.1388
27,1475,1502,0.1388
27,1470,1497,0.1388
25,1483,1508,0.1388
24,1489,1513,0.1388
22,1483,1505,0.1388
21,1493,1514,0.1388
21,1492,1513,0.1388
21,1490,1511,0.1388
21,1488,1509,0.1388
21,1493,1514,0.1388
21,1491,1512,0.1388
21,1495,1516,0.1388
21,1500,1521,0.1388
21,1504,1525,0.1388
22,1496,1518,0.1388
23,1484,1507,0.1388
21,1493,1514,0.1388
20,1497,1517,0.1388
20,1494,1514,0.1388
20,1500,1520,0.1388
21,1488,1509,0.1388
22,1502,1524,0.1388
22,1502,1524,0.1388
22,1501,1523,0.1388
23,1496,1519,0.1388
23,1491,1514,0.1388
22,1493,1515,0.1388
21,1484,1505,0.1388
19,1499,1518,0.1388
20,1497,1517,0.1388
19,1482,1501,0.1388
20,1496,1516,0.1388
19,1482,1501,0.1388
19,1489,1508,0.1388
19,1494,1513,0.1388
18,1496,1514,0.1388
18,1508,1526,0.1388
18,1508,1526,0.1388
18,1508,1526,0.1388
18,1507,1525,0.1388
18,1507,1525,0.1388
18,1515,1533,0.1388
18,1515,1533,0.1388
18,1504,1522,0.1388
16,1514,1530,0.1388
16,1514,1530,0.1388
15,1516,1531,0.1388
15,1506,1521,0.1388
15,1499,1514,0.1388
16,1515,1531,0.1388
16,1498,1514,0.1388
15,1505,1520,0.1388
15,1503,1518,0.1388
15,1503,1518,0.1388
16,1498,1514,0.1388
16,1489,1505,0.1388
16,1504,1520,0.1388
16,1497,1513,0.1388
16,1496,1512,0.1388
15,1505,1520,0.1388
13,1495,1508,0.1388
14,1505,1519,0.1388
14,1502,1516,0.1388
15,1501,1516,0.1388
14,1499,1513,0.1388
15,1507,1522,0.1388
16,1509,1525,0.1388
15,1506,1521,0.1388
14,1498,1512,0.1388
11,1498,1509,0.1388
10,1497,1507,0.1388
10,1496,1506,0.1388
11,1506,1517,0.1388
12,1499,1511,0.1388
13,1502,1515,0.1388
14,1498,1512,0.1388
14,1501,1515,0.1388
14,1504,1518,0.1388
15,1504,1519,0.1388
15,1503,1518,0.1388
13,1506,1519,0.1388
11,1489,1500,0.1388
11,1507,1518,0.1388
11,1503,1514,0.1388
12,1503,1515,0.1388
11,1509,1520,0.1388
11,1508,1519,0.1388
11,1518,1529,0.1388
10,1514,1524,0.1388
10,1517,1527,0.1388
10,1492,1502,0.1388
10,1508,1518,0.1388
11,1522,1533,0.1388
11,1513,1524,0.1388
11,1509,1520,0.1388
11,1505,1516,0.1388
10,1508,1518,0.1388
10,1516,1526,0.1388
10,1501,1511,0.1388
10,1511,1521,0.1388
10,1511,1521,0.1388
10,1509,1519,0.1388
10,1502,1512,0.1388
9,1510,1519,0.1388
8,1513,1521,0.1388
8,1504,1512,0.1388
8,1507,1515,0.1388
8,1514,1522,0.1388
8,1491,1499,0.1388
9,1504,1513,0.1388
9,1500,1509,0.1388
9,1508,1517,0.1388
8,1509,1517,0.1388
8,1505,1513,0.1388
8,1509,1517,0.1388
8,1514,1522,0.1388
8,1503,1511,0.1388
8,1510,1518,0.1388
8,1516,1524,0.1388
7,1514,1521,0.1388
8,1519,1527,0.1388
7,1515,1522,0.1388
7,1503,1510,0.1388
6,1509,1515,0.1388
7,1522,1529,0.1388
8,1521,1529,0.1388
8,1517,1525,0.1388
8,1515,1523,0.1388
8,1518,1526,0.1388
8,1521,1529,0.1388
9,1520,1529,0.1388
9,1524,1533,0.1388
10,1527,1537,0.1388
11,1510,1521,0.1388
11,1509,1520,0.1388
11,1510,1521,0.1388
11,1515,1526,0.1388
9,1504,1513,0.1388
8,1503,1511,0.1388
7,1507,1514,0.1388
7,1504,1511,0.1388
8,1510,1518,0.1388
8,1510,1518,0.1388
7,1514,1521,0.1388
7,1509,1516,0.1388
6,1507,1513,0.1388
6,1509,1515,0.1388
6,1505,1511,0.1388
4,1508,1512,0.1388
2,1508,1510,0.1388
2,1518,1520,0.1388
2,1525,1527,0.1388
4,1528,1532,0.1388
5,1519,1524,0.1388
5,1519,1524,0.1388
5,1510,1515,0.1388
5,1516,1521,0.1388
5,1502,1507,0.1388
5,1496,1501,0.1388
4,1495,1499,0.1388
4,1495,1499,0.1388
4,1511,1515,0.1388
4,1516,1520,0.1388
4,1507,1511,0.1388
5,1517,1522,0.1388
5,1510,1515,0.1388
5,1511,1516,0.1388
5,1511,1516,0.1388
5,1513,1518,0.1388
5,1504,1509,0.1388
6,1502,1508,0.1388
7,1519,1526,0.1388
7,1527,1534,0.1388
7,1517,1524,0.1388
7,1523,1530,0.1388
6,1522,1528,0.1388
5,1521,1526,0.1388
5,1518,1523,0.1388
5,1519,1524,0.1388
5,1508,1513,0.1388
5,1506,1511,0.1388
5,1504,1509,0.1388
5,1506,1511,0.1388
5,1501,1506,0.1388
5,1503,1508,0.1388
5,1519,1524,0.1388
5,1498,1503,0.1388
5,1501,1506,0.1388
5,1511,1516,0.1388
5,1509,1514,0.1388
5,1499,1504,0.1388
5,1512,1517,0.1388
4,1523,1527,0.1388
5,1523,1528,0.1388
6,1517,1523,0.1388
6,1518,1524,0.1388
6,1500,1506,0.1388
6,1498,1504,0.1388
6,1512,1518,0.1388
6,1497,1503,0.1388
6,1501,1507,0.1388
6,1508,1514,0.1388
6,1504,1510,0.1388
6,1510,1516,0.1388
6,1506,1512,0.1388
6,1508,1514,0.1388
6,1515,1521,0.1388
5,1521,1526,0.1388
5,1509,1514,0.1388
5,1512,1517,0.1388
5,1502,1507,0.1388
5,1497,1502,0.1388
5,1494,1499,0.1388
5,1504,1509,0.1388
5,1505,1510,0.1388
5,1500,1505,0.1388
5,1479,1484,0.1388
5,1501,1506,0.1388
5,1508,1513,0.1388
5,1510,1515,0.1388
5,1503,1508,0.1388
5,1507,1512,0.1388
5,1509,1514,0.1388
5,1499,1504,0.1388
5,1518,1523,0.1388
5,1513,1518,0.1388
4,1506,1510,0.1388
4,1517,1521,0.1388
4,1508,1512,0.1388
4,1514,1518,0.1388
4,1512,1516,0.1388
4,1517,1521,0.1388
4,1514,1518,0.1388
4,1516,1520,0.1388
4,1522,1526,0.1388
4,1519,1523,0.1388
4,1507,1511,0.1388
4,1505,1509,0.1388
4,1522,1526,0.1388
3,1514,1517,0.1388
3,1524,1527,0.1388
3,1521,1524,0.1388
4,1529,1533,0.1388
4,1524,1528,0.1388
4,1520,1524,0.1388
4,1528,1532,0.1388
4,1516,1520,0.1388
5,1516,1521,0.1388
5,1511,1516,0.1388
5,1517,1522,0.1388
4,1510,1514,0.1388
4,1514,1518,0.1388
4,1506,1510,0.1388
4,1512,1516,0.1388
4,1500,1504,0.1388
4,1502,1506,0.1388
4,1509,1513,0.1388
4,1520,1524,0.1388
4,1515,1519,0.1388
3,1525,1528,0.1388
3,1509,1512,0.1388
3,1508,1511,0.1388
3,1517,1520,0.1388
3,1514,1517,0.1388
4,1514,1518,0.1388
4,1513,1517,0.1388
4,1503,1507,0.1388
4,1509,1513,0.1388
5,1511,1516,0.1388
5,1514,1519,0.1388
5,1505,1510,0.1388
6,1504,1510,0.1388
6,1509,1515,0.1388
6,1518,1524,0.1388
6,1506,1512,0.1388
7,1498,1505,0.1388
7,1509,1516,0.1388
7,1526,1533,0.1388
8,1519,1527,0.1388
8,1521,1529,0.1388
8,1522,1530,0.1388
8,1521,1529,0.1388
8,1527,1535,0.1388
8,1518,1526,0.1388
8,1522,1530,0.1388
9,1507,1516,0.1388
9,1510,1519,0.1388
9,1508,1517,0.1388
8,1510,1518,0.1388
9,1507,1516,0.1388
9,1512,1521,0.1388
10,1514,1524,0.1388
12,1506,1518,0.1388
13,1505,1518,0.1388
12,1495,1507,0.1388
13,1514,1527,0.1388
13,1514,1527,0.1388
13,1501,1514,0.1388
13,1512,1525,0.1388
12,1508,1520,0.1388
13,1513,1526,0.1388
13,1489,1502,0.1388
13,1500,1513,0.1388
13,1500,1513,0.1388
12,1505,1517,0.1388
12,1506,1518,0.1388
12,1514,1526,0.1388
11,1500,1511,0.1388
11,1514,1525,0.1388
11,1525,1536,0.1388
11,1523,1534,0.1388
11,1518,1529,0.1388
10,1508,1518,0.1388
10,1511,1521,0.1388
9,1497,1506,0.1388
7,1501,1508,0.1388
7,1502,1509,0.1388
7,1527,1534,0.1388
7,1537,1544,0.1388
7,1521,1528,0.1388
7,1503,1510,0.1388
6,1501,1507,0.1388
6,1514,1520,0.1388
6,1514,1520,0.1388
6,1518,1524,0.1388
5,1495,1500,0.1388
6,1499,1505,0.1388
6,1505,1511,0.1388
5,1502,1507,0.1388
5,1523,1528,0.1388
4,1508,1512,0.1388
4,1511,1515,0.1388
4,1511,1515,0.1388
4,1517,1521,0.1388
4,1511,1515,0.1388
4,1513,1517,0.1388
4,1514,1518,0.1388
4,1508,1512,0.1388
4,1516,1520,0.1388
4,1534,1538,0.1388
4,1514,1518,0.1388
4,1516,1520,0.1388
4,1511,1515,0.1388
4,1515,1519,0.1388
4,1509,1513,0.1388
4,1511,1515,0.1388
4,1509,1513,0.1388
3,1515,1518,0.1388
3,1505,1508,0.1388
3,1506,1509,0.1388
3,1521,1524,0.1388
3,1524,1527,0.1388
3,1525,1528,0.1388
3,1519,1522,0.1388
3,1510,1513,0.1388
3,1514,1517,0.1388
3,1524,1527,0.1388
3,1516,1519,0.1388
3,1512,1515,0.1388
3,1533,1536,0.1388
3,1515,1518,0.1388
3,1517,1520,0.1388
3,1515,1518,0.1388
3,1523,1526,0.1388
3,1521,1524,0.1388
3,1519,1522,0.1388
2,1527,1529,0.1388
2,1515,1517,0.1388
2,1509,1511,0.1388
2,1507,1509,0.1388
2,1507,1509,0.1388
2,1506,1508,0.1388
2,1515,1517,0.1388
2,1511,1513,0.1388
2,1509,1511,0.1388
2,1524,1526,0.1388
2,1525,1527,0.1388
2,1532,1534,0.1388
1,1526,1527,0.1388
1,1530,1531,0.1388
1,1516,1517,0.1388
1,1521,1522,0.1388
1,1511,1512,0.1388
1,1505,1506,0.1388
1,1511,1512,0.1388
1,1519,1520,0.1388
1,1519,1520,0.1388
1,1514,1515,0.1388
1,1519,1520,0.1388
1,1503,1504,0.1388
1,1515,1516,0.1388
1,1522,1523,0.1388
1,1516,1517,0.1388
1,1512,1513,0.1388
1,1505,1506,0.1388
1,1518,1519,0.1388
1,1519,1520,0.1388
1,1527,1528,0.1388
0,1528,1528,0.1388
