1363,31,1394,0.1388
1401,31,1432,0.1388
1416,31,1447,0.1388
1428,33,1461,0.1388
1437,33,1470,0.1388
1459,34,1493,0.1388
1446,33,1479,0.1388
1438,33,1471,0.1388
1442,33,1475,0.1388
1435,34,1469,0.1388
1447,35,1482,0.1388
1450,34,1484,0.1388
1439,35,1474,0.1388
1458,35,1493,0.1388
1461,35,1496,0.1388
1475,35,1510,0.1388
1465,35,1500,0.1388
1457,37,1494,0.1388
1465,37,1502,0.1388
1455,35,1490,0.1388
1467,37,1504,0.1388
1463,38,1501,0.1388
1474,38,1512,0.1388
1459,38,1497,0.1388
1462,41,1503,0.1388
1450,40,1490,0.1388
1454,39,1493,0.1388
1447,40,1487,0.1388
1441,37,1478,0.1388
1436,38,1474,0.1388
1442,39,1481,0.1388
1447,41,1488,0.1388
1459,42,1501,0.1388
1457,40,1497,0.1388
1459,41,1500,0.1388
1458,43,1501,0.1388
1464,44,1508,0.1388
1465,46,1511,0.1388
1444,46,1490,0.1388
1442,42,1484,0.1388
1435,41,1476,0.1388
1432,41,1473,0.1388
1437,41,1478,0.1388
1423,39,1462,0.1388
1418,40,1458,0.1388
1413,40,1453,0.1388
1418,41,1459,0.1388
1432,43,1475,0.1388
1441,44,1485,0.1388
1438,44,1482,0.1388
1455,40,1495,0.1388
1455,40,1495,0.1388
1460,40,1500,0.1388
1460,42,1502,0.1388
1459,40,1499,0.1388
1461,42,1503,0.1388
1455,43,1498,0.1388
1444,41,1485,0.1388
1450,43,1493,0.1388
1443,45,1488,0.1388
1439,46,1485,0.1388
1440,47,1487,0.1388
1427,46,1473,0.1388
1437,45,1482,0.1388
1431,48,1479,0.1388
1446,48,1494,0.1388
1452,48,1500,0.1388
1450,47,1497,0.1388
1457,46,1503,0.1388
1454,42,1496,0.1388
1452,39,1491,0.1388
1443,38,1481,0.1388
1448,38,1486,0.1388
1461,40,1501,0.1388
1455,41,1496,0.1388
1456,39,1495,0.1388
1455,41,1496,0.1388
1447,41,1488,0.1388
1439,40,1479,0.1388
1433,39,1472,0.1388
1441,39,1480,0.1388
1442,41,1483,0.1388
1447,42,1489,0.1388
1450,43,1493,0.1388
1455,42,1497,0.1388
1465,43,1508,0.1388
1444,45,1489,0.1388
1452,45,1497,0.1388
1457,45,1502,0.1388
1456,45,1501,0.1388
1455,46,1501,0.1388
1448,48,1496,0.1388
1440,46,1486,0.1388
1435,48,1483,0.1388
1433,48,1481,0.1388
1447,47,1494,0.1388
1440,50,1490,0.1388
1445,53,1498,0.1388
1451,54,1505,0.1388
1444,55,1499,0.1388
1456,55,1511,0.1388
1460,54,1514,0.1388
1461,53,1514,0.1388
1460,50,1510,0.1388
1469,48,1517,0.1388
1459,51,1510,0.1388
1457,51,1508,0.1388
1461,49,1510,0.1388
1466,47,1513,0.1388
1453,48,1501,0.1388
1457,47,1504,0.1388
1460,47,1507,0.1388
1450,48,1498,0.1388
1445,50,1495,0.1388
1440,53,1493,0.1388
1438,54,1492,0.1388
1439,54,1493,0.1388
1440,56,1496,0.1388
1437,57,1494,0.1388
1444,54,1498,0.1388
1440,55,1495,0.1388
1434,55,1489,0.1388
1423,59,1482,0.1388
1436,60,1496,0.1388
1421,62,1483,0.1388
1432,65,1497,0.1388
1430,65,1495,0.1388
1431,63,1494,0.1388
1424,63,1487,0.1388
1419,62,1481,0.1388
1422,64,1486,0.1388
1420,63,1483,0.1388
1430,67,1497,0.1388
1424,71,1495,0.1388
1429,71,1500,0.1388
1420,71,1491,0.1388
1425,70,1495,0.1388
1428,69,1497,0.1388
1427,72,1499,0.1388
1425,71,1496,0.1388
1433,70,1503,0.1388
1428,71,1499,0.1388
1417,71,1488,0.1388
1410,70,1480,0.1388
1422,74,1496,0.1388
1424,73,1497,0.1388
1417,75,1492,0.1388
1410,74,1484,0.1388
1414,72,1486,0.1388
1414,70,1484,0.1388
1422,69,1491,0.1388
1430,72,1502,0.1388
1425,75,1500,0.1388
1429,78,1507,0.1388
1424,75,1499,0.1388
1420,76,1496,0.1388
1423,77,1500,0.1388
1415,76,1491,0.1388
1419,77,1496,0.1388
1421,75,1496,0.1388
1435,70,1505,0.1388
1437,72,1509,0.1388
1424,74,1498,0.1388
1428,76,1504,0.1388
1426,78,1504,0.1388
1414,79,1493,0.1388
1415,82,1497,0.1388
1404,82,1486,0.1388
1402,85,1487,0.1388
1404,86,1490,0.1388
1407,84,1491,0.1388
1397,86,1483,0.1388
1403,86,1489,0.1388
1410,87,1497,0.1388
1392,89,1481,0.1388
1393,89,1482,0.1388
1393,87,1480,0.1388
1394,84,1478,0.1388
1382,83,1465,0.1388
1396,85,1481,0.1388
1403,92,1495,0.1388
1410,93,1503,0.1388
1412,91,1503,0.1388
1402,88,1490,0.1388
1403,89,1492,0.1388
1415,90,1505,0.1388
1401,93,1494,0.1388
1398,93,1491,0.1388
1407,92,1499,0.1388
1421,91,1512,0.1388
1406,92,1498,0.1388
1393,98,1491,0.1388
1417,96,1513,0.1388
1411,99,1510,0.1388
1406,102,1508,0.1388
1399,101,1500,0.1388
1399,105,1504,0.1388
1377,105,1482,0.1388
1380,107,1487,0.1388
1380,106,1486,0.1388
1391,111,1502,0.1388
1383,110,1493,0.1388
1368,109,1477,0.1388
1382,106,1488,0.1388
1374,110,1484,0.1388
1370,110,1480,0.1388
1379,109,1488,0.1388
1373,110,1483,0.1388
1370,109,1479,0.1388
1375,117,1492,0.1388
1375,114,1489,0.1388
1379,113,1492,0.1388
1380,113,1493,0.1388
1389,108,1497,0.1388
1388,110,1498,0.1388
1373,114,1487,0.1388
1387,115,1502,0.1388
1396,117,1513,0.1388
1391,120,1511,0.1388
1390,118,1508,0.1388
1380,118,1498,0.1388
1391,112,1503,0.1388
1395,108,1503,0.1388
1398,108,1506,0.1388
1400,111,1511,0.1388
1389,115,1504,0.1388
1380,112,1492,0.1388
1374,113,1487,0.1388
1379,117,1496,0.1388
1367,115,1482,0.1388
1381,122,1503,0.1388
1388,119,1507,0.1388
1391,119,1510,0.1388
1382,118,1500,0.1388
1374,120,1494,0.1388
1366,117,1483,0.1388
1373,121,1494,0.1388
1379,122,1501,0.1388
1369,123,1492,0.1388
1369,127,1496,0.1388
1370,131,1501,0.1388
1354,133,1487,0.1388
1363,134,1497,0.1388
1359,134,1493,0.1388
1364,132,1496,0.1388
1354,135,1489,0.1388
1349,136,1485,0.1388
1347,136,1483,0.1388
1352,135,1487,0.1388
1345,130,1475,0.1388
1356,132,1488,0.1388
1361,132,1493,0.1388
1356,135,1491,0.1388
1348,138,1486,0.1388
1353,139,1492,0.1388
1352,141,1493,0.1388
1344,142,1486,0.1388
1340,143,1483,0.1388
1353,148,1501,0.1388
1367,150,1517,0.1388
1364,147,1511,0.1388
1374,146,1520,0.1388
1367,142,1509,0.1388
1352,142,1494,0.1388
1350,146,1496,0.1388
1346,148,1494,0.1388
1333,144,1477,0.1388
1335,144,1479,0.1388
1347,142,1489,0.1388
1345,141,1486,0.1388
1339,140,1479,0.1388
1337,144,1481,0.1388
1331,144,1475,0.1388
1349,147,1496,0.1388
1338,149,1487,0.1388
1341,146,1487,0.1388
1351,150,1501,0.1388
1341,154,1495,0.1388
1343,156,1499,0.1388
1360,152,1512,0.1388
1339,157,1496,0.1388
1349,155,1504,0.1388
1336,158,1494,0.1388
1334,160,1494,0.1388
1327,161,1488,0.1388
1329,160,1489,0.1388
1336,158,1494,0.1388
1339,161,1500,0.1388
1328,160,1488,0.1388
1335,160,1495,0.1388
1335,158,1493,0.1388
1338,154,1492,0.1388
1334,153,1487,0.1388
1324,156,1480,0.1388
1314,160,1474,0.1388
1340,161,1501,0.1388
1336,162,1498,0.1388
1328,165,1493,0.1388
1336,165,1501,0.1388
1337,165,1502,0.1388
1335,168,1503,0.1388
1344,170,1514,0.1388
1345,171,1516,0.1388
1331,170,1501,0.1388
1324,171,1495,0.1388
1318,175,1493,0.1388
1298,173,1471,0.1388
1300,178,1478,0.1388
1320,178,1498,0.1388
1318,170,1488,0.1388
1310,168,1478,0.1388
1309,169,1478,0.1388
1304,169,1473,0.1388
1307,177,1484,0.1388
1319,181,1500,0.1388
1309,183,1492,0.1388
1325,180,1505,0.1388
1329,179,1508,0.1388
1322,174,1496,0.1388
1341,172,1513,0.1388
1340,168,1508,0.1388
1331,171,1502,0.1388
1337,169,1506,0.1388
1331,176,1507,0.1388
1332,177,1509,0.1388
1329,182,1511,0.1388
1324,186,1510,0.1388
1327,182,1509,0.1388
1331,183,1514,0.1388
1327,182,1509,0.1388
1328,184,1512,0.1388
1321,185,1506,0.1388
1321,189,1510,0.1388
1316,182,1498,0.1388
1303,187,1490,0.1388
1302,183,1485,0.1388
1294,182,1476,0.1388
1305,185,1490,0.1388
1300,186,1486,0.1388
1318,183,1501,0.1388
1330,182,1512,0.1388
1321,183,1504,0.1388
1305,188,1493,0.1388
1292,191,1483,0.1388
1294,189,1483,0.1388
1303,189,1492,0.1388
1291,191,1482,0.1388
1301,190,1491,0.1388
1302,186,1488,0.1388
1306,187,1493,0.1388
1315,191,1506,0.1388
1317,191,1508,0.1388
1316,191,1507,0.1388
1307,187,1494,0.1388
1304,185,1489,0.1388
1303,189,1492,0.1388
1302,189,1491,0.1388
1305,185,1490,0.1388
1315,190,1505,0.1388
1320,183,1503,0.1388
1315,185,1500,0.1388
1310,189,1499,0.1388
1307,186,1493,0.1388
1306,188,1494,0.1388
1305,191,1496,0.1388
1322,194,1516,0.1388
1310,196,1506,0.1388
1311,197,1508,0.1388
1299,194,1493,0.1388
1301,194,1495,0.1388
1306,197,1503,0.1388
1314,198,1512,0.1388
1308,197,1505,0.1388
1313,197,1510,0.1388
1309,200,1509,0.1388
1304,202,1506,0.1388
1300,202,1502,0.1388
1295,199,1494,0.1388
1299,198,1497,0.1388
1300,197,1497,0.1388
1305,197,1502,0.1388
1301,204,1505,0.1388
1294,207,1501,0.1388
1289,209,1498,0.1388
1291,202,1493,0.1388
1293,206,1499,0.1388
1292,206,1498,0.1388
1278,208,1486,0.1388
1275,209,1484,0.1388
1272,211,1483,0.1388
1275,208,1483,0.1388
1281,214,1495,0.1388
1285,214,1499,0.1388
1293,207,1500,0.1388
1291,207,1498,0.1388
1283,212,1495,0.1388
1295,216,1511,0.1388
1292,222,1514,0.1388
1289,219,1508,0.1388
1270,222,1492,0.1388
1276,217,1493,0.1388
1273,215,1488,0.1388
1286,221,1507,0.1388
1288,227,1515,0.1388
1294,221,1515,0.1388
1290,222,1512,0.1388
1277,225,1502,0.1388
1280,226,1506,0.1388
1283,224,1507,0.1388
1276,223,1499,0.1388
1288,231,1519,0.1388
1287,231,1518,0.1388
1280,233,1513,0.1388
1292,225,1517,0.1388
1291,224,1515,0.1388
1286,219,1505,0.1388
1274,214,1488,0.1388
1260,218,1478,0.1388
1261,222,1483,0.1388
1260,218,1478,0.1388
1251,220,1471,0.1388
1266,216,1482,0.1388
1257,217,1474,0.1388
1261,220,1481,0.1388
1267,225,1492,0.1388
1267,225,1492,0.1388
1267,216,1483,0.1388
1267,217,1484,0.1388
1275,218,1493,0.1388
1272,220,1492,0.1388
1268,216,1484,0.1388
1275,217,1492,0.1388
1271,216,1487,0.1388
1267,219,1486,0.1388
1274,222,1496,0.1388
1282,220,1502,0.1388
1280,220,1500,0.1388
1276,226,1502,0.1388
1264,225,1489,0.1388
1255,225,1480,0.1388
1269,227,1496,0.1388
1269,225,1494,0.1388
1282,226,1508,0.1388
1289,214,1503,0.1388
1287,217,1504,0.1388
1290,218,1508,0.1388
1291,212,1503,0.1388
1301,208,1509,0.1388
1297,202,1499,0.1388
1283,210,1493,0.1388
1273,214,1487,0.1388
1268,208,1476,0.1388
1278,210,1488,0.1388
1281,212,1493,0.1388
1273,212,1485,0.1388
1275,215,1490,0.1388
1277,218,1495,0.1388
1268,223,1491,0.1388
1262,229,1491,0.1388
1267,224,1491,0.1388
1263,221,1484,0.1388
1253,223,1476,0.1388
1261,222,1483,0.1388
1264,221,1485,0.1388
1259,226,1485,0.1388
1261,234,1495,0.1388
1267,239,1506,0.1388
1269,240,1509,0.1388
1252,236,1488,0.1388
1252,229,1481,0.1388
1254,233,1487,0.1388
1245,237,1482,0.1388
1249,241,1490,0.1388
1252,242,1494,0.1388
1240,246,1486,0.1388
1252,245,1497,0.1388
1249,244,1493,0.1388
1251,249,1500,0.1388
1254,245,1499,0.1388
1246,244,1490,0.1388
1251,239,1490,0.1388
1249,242,1491,0.1388
1248,246,1494,0.1388
1255,248,1503,0.1388
1251,246,1497,0.1388
1256,252,1508,0.1388
1256,255,1511,0.1388
1247,255,1502,0.1388
1234,260,1494,0.1388
1237,265,1502,0.1388
1241,260,1501,0.1388
1245,263,1508,0.1388
1247,261,1508,0.1388
1245,261,1506,0.1388
1233,263,1496,0.1388
1217,271,1488,0.1388
1217,272,1489,0.1388
1210,275,1485,0.1388
1222,277,1499,0.1388
1213,273,1486,0.1388
1215,278,1493,0.1388
1214,282,1496,0.1388
1219,284,1503,0.1388
1214,290,1504,0.1388
1216,289,1505,0.1388
1216,286,1502,0.1388
1218,286,1504,0.1388
1212,286,1498,0.1388
1203,289,1492,0.1388
1200,285,1485,0.1388
1202,279,1481,0.1388
1198,279,1477,0.1388
1203,284,1487,0.1388
1186,288,1474,0.1388
1185,285,1470,0.1388
1194,280,1474,0.1388
1198,282,1480,0.1388
1203,284,1487,0.1388
1201,286,1487,0.1388
1206,292,1498,0.1388
1190,301,1491,0.1388
1200,291,1491,0.1388
1205,295,1500,0.1388
1198,303,1501,0.1388
1185,307,1492,0.1388
1186,307,1493,0.1388
1180,306,1486,0.1388
1181,309,1490,0.1388
1179,312,1491,0.1388
1182,309,1491,0.1388
1195,319,1514,0.1388
1183,316,1499,0.1388
1177,314,1491,0.1388
1177,320,1497,0.1388
1183,322,1505,0.1388
1191,323,1514,0.1388
1180,320,1500,0.1388
1186,316,1502,0.1388
1193,318,1511,0.1388
1188,312,1500,0.1388
1176,311,1487,0.1388
1176,317,1493,0.1388
1165,326,1491,0.1388
1162,327,1489,0.1388
1162,326,1488,0.1388
1163,320,1483,0.1388
1181,319,1500,0.1388
1178,323,1501,0.1388
1183,318,1501,0.1388
1178,317,1495,0.1388
1189,317,1506,0.1388
1196,318,1514,0.1388
1180,320,1500,0.1388
1168,327,1495,0.1388
1166,320,1486,0.1388
1173,321,1494,0.1388
1168,322,1490,0.1388
1177,320,1497,0.1388
1167,326,1493,0.1388
1161,332,1493,0.1388
1148,335,1483,0.1388
1140,340,1480,0.1388
1152,342,1494,0.1388
1147,345,1492,0.1388
1162,348,1510,0.1388
1160,344,1504,0.1388
1157,346,1503,0.1388
1170,347,1517,0.1388
1163,348,1511,0.1388
1146,347,1493,0.1388
1140,347,1487,0.1388
1151,343,1494,0.1388
1160,346,1506,0.1388
1153,339,1492,0.1388
1166,351,1517,0.1388
1153,348,1501,0.1388
1144,352,1496,0.1388
1144,349,1493,0.1388
1136,358,1494,0.1388
1131,366,1497,0.1388
1137,367,1504,0.1388
1133,366,1499,0.1388
1140,357,1497,0.1388
1128,361,1489,0.1388
1135,360,1495,0.1388
1137,357,1494,0.1388
1130,357,1487,0.1388
1136,357,1493,0.1388
1134,360,1494,0.1388
1136,358,1494,0.1388
1143,353,1496,0.1388
1140,348,1488,0.1388
1133,353,1486,0.1388
1143,351,1494,0.1388
1135,359,1494,0.1388
1138,363,1501,0.1388
1144,366,1510,0.1388
1138,364,1502,0.1388
1132,357,1489,0.1388
1137,363,1500,0.1388
1136,362,1498,0.1388
1128,361,1489,0.1388
1125,362,1487,0.1388
1118,374,1492,0.1388
1112,378,1490,0.1388
1119,380,1499,0.1388
1121,382,1503,0.1388
1124,392,1516,0.1388
1113,383,1496,0.1388
1108,382,1490,0.1388
1110,396,1506,0.1388
1108,389,1497,0.1388
1102,388,1490,0.1388
1095,391,1486,0.1388
1103,393,1496,0.1388
1091,401,1492,0.1388
1107,393,1500,0.1388
1108,401,1509,0.1388
1111,400,1511,0.1388
1106,392,1498,0.1388
1096,400,1496,0.1388
1093,403,1496,0.1388
1088,417,1505,0.1388
1085,414,1499,0.1388
1078,416,1494,0.1388
1075,417,1492,0.1388
1088,424,1512,0.1388
1088,421,1509,0.1388
1085,413,1498,0.1388
1078,416,1494,0.1388
1079,415,1494,0.1388
1073,415,1488,0.1388
1073,422,1495,0.1388
1080,423,1503,0.1388
1079,432,1511,0.1388
1080,436,1516,0.1388
1074,432,1506,0.1388
1069,432,1501,0.1388
1077,434,1511,0.1388
1057,427,1484,0.1388
1057,422,1479,0.1388
1070,435,1505,0.1388
1074,432,1506,0.1388
1067,434,1501,0.1388
1066,431,1497,0.1388
1073,425,1498,0.1388
1076,424,1500,0.1388
1071,433,1504,0.1388
1063,427,1490,0.1388
1066,430,1496,0.1388
1076,436,1512,0.1388
1081,422,1503,0.1388
1091,420,1511,0.1388
1093,420,1513,0.1388
1076,428,1504,0.1388
1066,424,1490,0.1388
1071,431,1502,0.1388
1075,432,1507,0.1388
1069,426,1495,0.1388
1063,429,1492,0.1388
1061,439,1500,0.1388
1055,433,1488,0.1388
1046,439,1485,0.1388
1051,438,1489,0.1388
1046,446,1492,0.1388
1048,448,1496,0.1388
1045,443,1488,0.1388
1042,437,1479,0.1388
1048,446,1494,0.1388
1046,440,1486,0.1388
1043,431,1474,0.1388
1046,429,1475,0.1388
1043,444,1487,0.1388
1041,442,1483,0.1388
1039,442,1481,0.1388
1044,451,1495,0.1388
1051,445,1496,0.1388
1052,443,1495,0.1388
1061,454,1515,0.1388
1056,454,1510,0.1388
1042,451,1493,0.1388
1052,451,1503,0.1388
1049,454,1503,0.1388
1057,451,1508,0.1388
1050,452,1502,0.1388
1049,460,1509,0.1388
1037,462,1499,0.1388
1037,461,1498,0.1388
1037,458,1495,0.1388
1050,464,1514,0.1388
1059,453,1512,0.1388
1051,456,1507,0.1388
1054,458,1512,0.1388
1043,462,1505,0.1388
1049,457,1506,0.1388
1054,457,1511,0.1388
1051,460,1511,0.1388
1057,465,1522,0.1388
1050,460,1510,0.1388
1039,456,1495,0.1388
1038,459,1497,0.1388
1039,457,1496,0.1388
1043,465,1508,0.1388
1046,457,1503,0.1388
1037,459,1496,0.1388
1034,464,1498,0.1388
1035,460,1495,0.1388
1042,456,1498,0.1388
1042,450,1492,0.1388
1030,465,1495,0.1388
1026,468,1494,0.1388
1017,467,1484,0.1388
1021,475,1496,0.1388
1023,479,1502,0.1388
1024,479,1503,0.1388
1027,476,1503,0.1388
1019,473,1492,0.1388
1025,471,1496,0.1388
1022,470,1492,0.1388
1023,462,1485,0.1388
1020,470,1490,0.1388
1016,459,1475,0.1388
1023,466,1489,0.1388
1020,473,1493,0.1388
1026,475,1501,0.1388
1030,481,1511,0.1388
1025,475,1500,0.1388
1029,471,1500,0.1388
1021,473,1494,0.1388
1020,479,1499,0.1388
1018,487,1505,0.1388
1022,476,1498,0.1388
1013,477,1490,0.1388
1019,479,1498,0.1388
1026,475,1501,0.1388
1020,484,1504,0.1388
1011,492,1503,0.1388
1008,484,1492,0.1388
1003,485,1488,0.1388
1005,483,1488,0.1388
1018,474,1492,0.1388
1011,486,1497,0.1388
998,480,1478,0.1388
1002,482,1484,0.1388
1001,477,1478,0.1388
997,490,1487,0.1388
989,499,1488,0.1388
988,496,1484,0.1388
991,502,1493,0.1388
996,504,1500,0.1388
988,503,1491,0.1388
996,502,1498,0.1388
993,502,1495,0.1388
990,505,1495,0.1388
998,500,1498,0.1388
993,505,1498,0.1388
987,513,1500,0.1388
988,514,1502,0.1388
989,517,1506,0.1388
984,514,1498,0.1388
987,521,1508,0.1388
987,524,1511,0.1388
985,524,1509,0.1388
984,521,1505,0.1388
982,519,1501,0.1388
961,523,1484,0.1388
966,521,1487,0.1388
965,523,1488,0.1388
968,522,1490,0.1388
960,527,1487,0.1388
964,527,1491,0.1388
963,530,1493,0.1388
967,541,1508,0.1388
954,539,1493,0.1388
958,542,1500,0.1388
955,542,1497,0.1388
952,547,1499,0.1388
951,550,1501,0.1388
956,557,1513,0.1388
947,560,1507,0.1388
944,558,1502,0.1388
945,556,1501,0.1388
955,556,1511,0.1388
950,558,1508,0.1388
940,566,1506,0.1388
932,573,1505,0.1388
933,582,1515,0.1388
932,582,1514,0.1388
936,584,1520,0.1388
939,577,1516,0.1388
929,579,1508,0.1388
926,588,1514,0.1388
924,580,1504,0.1388
917,580,1497,0.1388
917,590,1507,0.1388
922,597,1519,0.1388
917,592,1509,0.1388
927,586,1513,0.1388
918,583,1501,0.1388
912,594,1506,0.1388
908,594,1502,0.1388
914,596,1510,0.1388
914,600,1514,0.1388
911,596,1507,0.1388
911,587,1498,0.1388
908,595,1503,0.1388
898,604,1502,0.1388
900,600,1500,0.1388
893,599,1492,0.1388
895,604,1499,0.1388
891,604,1495,0.1388
892,600,1492,0.1388
896,600,1496,0.1388
895,602,1497,0.1388
894,609,1503,0.1388
897,613,1510,0.1388
896,613,1509,0.1388
893,612,1505,0.1388
903,615,1518,0.1388
888,617,1505,0.1388
871,616,1487,0.1388
868,615,1483,0.1388
867,616,1483,0.1388
863,621,1484,0.1388
862,623,1485,0.1388
864,633,1497,0.1388
866,642,1508,0.1388
862,639,1501,0.1388
855,637,1492,0.1388
854,648,1502,0.1388
859,644,1503,0.1388
855,654,1509,0.1388
855,656,1511,0.1388
854,650,1504,0.1388
859,648,1507,0.1388
860,641,1501,0.1388
869,642,1511,0.1388
862,647,1509,0.1388
855,643,1498,0.1388
861,649,1510,0.1388
855,647,1502,0.1388
850,653,1503,0.1388
860,648,1508,0.1388
860,644,1504,0.1388
858,654,1512,0.1388
856,650,1506,0.1388
858,645,1503,0.1388
865,651,1516,0.1388
862,657,1519,0.1388
850,648,1498,0.1388
849,657,1506,0.1388
848,662,1510,0.1388
857,659,1516,0.1388
856,656,1512,0.1388
856,647,1503,0.1388
851,651,1502,0.1388
869,641,1510,0.1388
868,638,1506,0.1388
869,645,1514,0.1388
863,652,1515,0.1388
856,649,1505,0.1388
853,646,1499,0.1388
849,644,1493,0.1388
853,649,1502,0.1388
846,656,1502,0.1388
834,657,1491,0.1388
841,663,1504,0.1388
843,665,1508,0.1388
840,667,1507,0.1388
832,655,1487,0.1388
830,667,1497,0.1388
831,657,1488,0.1388
831,657,1488,0.1388
833,664,1497,0.1388
834,661,1495,0.1388
836,667,1503,0.1388
838,676,1514,0.1388
847,678,1525,0.1388
844,678,1522,0.1388
838,676,1514,0.1388
838,679,1517,0.1388
826,682,1508,0.1388
815,675,1490,0.1388
817,678,1495,0.1388
826,674,1500,0.1388
821,681,1502,0.1388
828,677,1505,0.1388
825,686,1511,0.1388
815,681,1496,0.1388
807,675,1482,0.1388
806,688,1494,0.1388
803,677,1480,0.1388
813,683,1496,0.1388
814,690,1504,0.1388
812,686,1498,0.1388
820,688,1508,0.1388
815,690,1505,0.1388
818,693,1511,0.1388
810,696,1506,0.1388
815,699,1514,0.1388
821,688,1509,0.1388
813,683,1496,0.1388
813,689,1502,0.1388
809,695,1504,0.1388
812,701,1513,0.1388
811,704,1515,0.1388
818,701,1519,0.1388
812,707,1519,0.1388
809,708,1517,0.1388
809,704,1513,0.1388
804,697,1501,0.1388
812,702,1514,0.1388
804,701,1505,0.1388
797,715,1512,0.1388
800,712,1512,0.1388
806,713,1519,0.1388
803,710,1513,0.1388
801,706,1507,0.1388
799,703,1502,0.1388
797,706,1503,0.1388
798,713,1511,0.1388
804,718,1522,0.1388
795,711,1506,0.1388
791,711,1502,0.1388
783,712,1495,0.1388
789,717,1506,0.1388
799,713,1512,0.1388
791,714,1505,0.1388
784,709,1493,0.1388
783,719,1502,0.1388
774,722,1496,0.1388
771,727,1498,0.1388
782,730,1512,0.1388
786,725,1511,0.1388
786,728,1514,0.1388
780,733,1513,0.1388
776,739,1515,0.1388
777,742,1519,0.1388
776,739,1515,0.1388
771,739,1510,0.1388
777,743,1520,0.1388
779,741,1520,0.1388
779,740,1519,0.1388
773,740,1513,0.1388
763,749,1512,0.1388
766,741,1507,0.1388
756,749,1505,0.1388
764,739,1503,0.1388
765,735,1500,0.1388
771,734,1505,0.1388
771,725,1496,0.1388
779,735,1514,0.1388
768,730,1498,0.1388
759,729,1488,0.1388
756,727,1483,0.1388
758,731,1489,0.1388
762,735,1497,0.1388
770,740,1510,0.1388
766,738,1504,0.1388
768,735,1503,0.1388
771,723,1494,0.1388
770,728,1498,0.1388
780,722,1502,0.1388
780,717,1497,0.1388
770,721,1491,0.1388
770,733,1503,0.1388
781,733,1514,0.1388
782,732,1514,0.1388
778,728,1506,0.1388
780,736,1516,0.1388
783,729,1512,0.1388
785,726,1511,0.1388
785,727,1512,0.1388
782,717,1499,0.1388
777,722,1499,0.1388
778,724,1502,0.1388
780,721,1501,0.1388
772,724,1496,0.1388
770,721,1491,0.1388
766,726,1492,0.1388
762,729,1491,0.1388
755,731,1486,0.1388
761,742,1503,0.1388
758,746,1504,0.1388
761,753,1514,0.1388
765,748,1513,0.1388
756,747,1503,0.1388
755,739,1494,0.1388
750,756,1506,0.1388
753,757,1510,0.1388
749,761,1510,0.1388
746,758,1504,0.1388
738,767,1505,0.1388
739,769,1508,0.1388
744,765,1509,0.1388
740,778,1518,0.1388
736,781,1517,0.1388
726,782,1508,0.1388
718,782,1500,0.1388
715,787,1502,0.1388
711,791,1502,0.1388
715,796,1511,0.1388
714,796,1510,0.1388
719,801,1520,0.1388
705,790,1495,0.1388
714,802,1516,0.1388
706,800,1506,0.1388
711,801,1512,0.1388
707,807,1514,0.1388
706,791,1497,0.1388
710,792,1502,0.1388
718,796,1514,0.1388
709,794,1503,0.1388
709,788,1497,0.1388
704,795,1499,0.1388
707,795,1502,0.1388
704,796,1500,0.1388
709,798,1507,0.1388
717,802,1519,0.1388
720,798,1518,0.1388
715,805,1520,0.1388
707,805,1512,0.1388
711,808,1519,0.1388
711,797,1508,0.1388
703,801,1504,0.1388
689,806,1495,0.1388
688,800,1488,0.1388
689,815,1504,0.1388
689,814,1503,0.1388
673,810,1483,0.1388
682,808,1490,0.1388
681,825,1506,0.1388
687,821,1508,0.1388
690,822,1512,0.1388
691,828,1519,0.1388
689,819,1508,0.1388
688,815,1503,0.1388
689,823,1512,0.1388
689,826,1515,0.1388
693,837,1530,0.1388
690,836,1526,0.1388
691,831,1522,0.1388
687,835,1522,0.1388
679,832,1511,0.1388
674,823,1497,0.1388
679,822,1501,0.1388
681,817,1498,0.1388
679,833,1512,0.1388
673,831,1504,0.1388
672,838,1510,0.1388
674,837,1511,0.1388
669,831,1500,0.1388
666,834,1500,0.1388
668,828,1496,0.1388
663,831,1494,0.1388
655,834,1489,0.1388
660,832,1492,0.1388
666,834,1500,0.1388
667,839,1506,0.1388
662,842,1504,0.1388
663,836,1499,0.1388
665,841,1506,0.1388
656,844,1500,0.1388
655,839,1494,0.1388
646,848,1494,0.1388
649,852,1501,0.1388
653,856,1509,0.1388
642,857,1499,0.1388
649,856,1505,0.1388
658,852,1510,0.1388
656,852,1508,0.1388
654,848,1502,0.1388
653,841,1494,0.1388
648,835,1483,0.1388
648,838,1486,0.1388
655,843,1498,0.1388
656,842,1498,0.1388
657,845,1502,0.1388
663,856,1519,0.1388
660,850,1510,0.1388
657,856,1513,0.1388
656,851,1507,0.1388
660,861,1521,0.1388
652,860,1512,0.1388
637,861,1498,0.1388
639,858,1497,0.1388
647,851,1498,0.1388
643,853,1496,0.1388
641,860,1501,0.1388
646,863,1509,0.1388
645,858,1503,0.1388
647,864,1511,0.1388
650,868,1518,0.1388
646,867,1513,0.1388
653,867,1520,0.1388
648,876,1524,0.1388
648,876,1524,0.1388
644,879,1523,0.1388
643,878,1521,0.1388
635,882,1517,0.1388
641,866,1507,0.1388
629,875,1504,0.1388
634,871,1505,0.1388
637,881,1518,0.1388
638,875,1513,0.1388
640,871,1511,0.1388
632,870,1502,0.1388
635,871,1506,0.1388
637,866,1503,0.1388
642,868,1510,0.1388
635,867,1502,0.1388
642,868,1510,0.1388
637,861,1498,0.1388
645,857,1502,0.1388
648,863,1511,0.1388
647,863,1510,0.1388
644,869,1513,0.1388
642,866,1508,0.1388
634,870,1504,0.1388
629,876,1505,0.1388
624,870,1494,0.1388
622,870,1492,0.1388
614,877,1491,0.1388
615,870,1485,0.1388
617,872,1489,0.1388
617,873,1490,0.1388
622,875,1497,0.1388
620,868,1488,0.1388
622,872,1494,0.1388
614,872,1486,0.1388
606,879,1485,0.1388
610,897,1507,0.1388
611,896,1507,0.1388
610,898,1508,0.1388
609,897,1506,0.1388
604,904,1508,0.1388
602,910,1512,0.1388
608,904,1512,0.1388
598,905,1503,0.1388
606,905,1511,0.1388
597,900,1497,0.1388
602,902,1504,0.1388
609,899,1508,0.1388
605,906,1511,0.1388
603,900,1503,0.1388
597,912,1509,0.1388
604,917,1521,0.1388
599,918,1517,0.1388
592,911,1503,0.1388
589,930,1519,0.1388
594,928,1522,0.1388
588,927,1515,0.1388
589,925,1514,0.1388
585,931,1516,0.1388
579,926,1505,0.1388
574,920,1494,0.1388
566,936,1502,0.1388
561,935,1496,0.1388
562,935,1497,0.1388
574,930,1504,0.1388
567,925,1492,0.1388
573,932,1505,0.1388
568,929,1497,0.1388
569,933,1502,0.1388
580,944,1524,0.1388
571,943,1514,0.1388
570,938,1508,0.1388
566,940,1506,0.1388
571,932,1503,0.1388
569,935,1504,0.1388
570,936,1506,0.1388
573,937,1510,0.1388
579,945,1524,0.1388
575,944,1519,0.1388
570,936,1506,0.1388
571,937,1508,0.1388
564,936,1500,0.1388
564,935,1499,0.1388
563,946,1509,0.1388
568,940,1508,0.1388
568,937,1505,0.1388
565,935,1500,0.1388
558,933,1491,0.1388
561,942,1503,0.1388
567,936,1503,0.1388
557,943,1500,0.1388
552,947,1499,0.1388
549,959,1508,0.1388
548,962,1510,0.1388
547,961,1508,0.1388
550,967,1517,0.1388
560,957,1517,0.1388
555,954,1509,0.1388
551,954,1505,0.1388
553,955,1508,0.1388
553,966,1519,0.1388
545,955,1500,0.1388
537,958,1495,0.1388
534,964,1498,0.1388
540,951,1491,0.1388
539,958,1497,0.1388
541,961,1502,0.1388
546,967,1513,0.1388
544,970,1514,0.1388
535,979,1514,0.1388
535,978,1513,0.1388
526,985,1511,0.1388
525,986,1511,0.1388
530,978,1508,0.1388
534,980,1514,0.1388
537,981,1518,0.1388
537,983,1520,0.1388
542,985,1527,0.1388
528,983,1511,0.1388
530,989,1519,0.1388
541,978,1519,0.1388
541,981,1522,0.1388
540,978,1518,0.1388
532,983,1515,0.1388
529,985,1514,0.1388
530,982,1512,0.1388
537,988,1525,0.1388
529,992,1521,0.1388
522,988,1510,0.1388
528,980,1508,0.1388
536,984,1520,0.1388
539,981,1520,0.1388
535,976,1511,0.1388
533,983,1516,0.1388
531,981,1512,0.1388
534,980,1514,0.1388
537,978,1515,0.1388
533,980,1513,0.1388
524,977,1501,0.1388
526,969,1495,0.1388
525,974,1499,0.1388
527,986,1513,0.1388
526,979,1505,0.1388
534,978,1512,0.1388
535,977,1512,0.1388
536,989,1525,0.1388
532,985,1517,0.1388
530,975,1505,0.1388
535,976,1511,0.1388
539,975,1514,0.1388
542,987,1529,0.1388
531,990,1521,0.1388
527,981,1508,0.1388
529,984,1513,0.1388
526,989,1515,0.1388
532,993,1525,0.1388
523,990,1513,0.1388
523,993,1516,0.1388
522,980,1502,0.1388
515,998,1513,0.1388
515,1007,1522,0.1388
511,993,1504,0.1388
503,992,1495,0.1388
504,1000,1504,0.1388
503,1004,1507,0.1388
500,1010,1510,0.1388
503,1010,1513,0.1388
510,1010,1520,0.1388
508,1006,1514,0.1388
505,1008,1513,0.1388
509,1010,1519,0.1388
507,1008,1515,0.1388
502,1014,1516,0.1388
501,1017,1518,0.1388
498,1016,1514,0.1388
497,1014,1511,0.1388
495,1017,1512,0.1388
489,1006,1495,0.1388
490,1009,1499,0.1388
487,1020,1507,0.1388
488,1018,1506,0.1388
488,1036,1524,0.1388
485,1040,1525,0.1388
485,1039,1524,0.1388
484,1039,1523,0.1388
479,1038,1517,0.1388
482,1033,1515,0.1388
481,1029,1510,0.1388
479,1032,1511,0.1388
478,1035,1513,0.1388
476,1038,1514,0.1388
477,1039,1516,0.1388
473,1035,1508,0.1388
475,1027,1502,0.1388
475,1024,1499,0.1388
475,1022,1497,0.1388
475,1015,1490,0.1388
479,1016,1495,0.1388
483,1017,1500,0.1388
483,1025,1508,0.1388
486,1023,1509,0.1388
486,1022,1508,0.1388
484,1034,1518,0.1388
486,1037,1523,0.1388
481,1032,1513,0.1388
485,1039,1524,0.1388
482,1039,1521,0.1388
477,1032,1509,0.1388
486,1042,1528,0.1388
485,1030,1515,0.1388
490,1020,1510,0.1388
491,1033,1524,0.1388
482,1035,1517,0.1388
488,1031,1519,0.1388
477,1022,1499,0.1388
484,1027,1511,0.1388
482,1033,1515,0.1388
482,1029,1511,0.1388
490,1028,1518,0.1388
493,1029,1522,0.1388
489,1033,1522,0.1388
492,1028,1520,0.1388
488,1028,1516,0.1388
488,1026,1514,0.1388
485,1033,1518,0.1388
486,1022,1508,0.1388
482,1016,1498,0.1388
481,1021,1502,0.1388
480,1027,1507,0.1388
474,1030,1504,0.1388
475,1037,1512,0.1388
471,1031,1502,0.1388
466,1032,1498,0.1388
467,1034,1501,0.1388
470,1041,1511,0.1388
473,1047,1520,0.1388
476,1050,1526,0.1388
473,1039,1512,0.1388
467,1034,1501,0.1388
475,1038,1513,0.1388
476,1047,1523,0.1388
470,1035,1505,0.1388
469,1035,1504,0.1388
469,1045,1514,0.1388
470,1044,1514,0.1388
468,1045,1513,0.1388
467,1038,1505,0.1388
465,1041,1506,0.1388
463,1037,1500,0.1388
467,1038,1505,0.1388
458,1043,1501,0.1388
457,1043,1500,0.1388
457,1050,1507,0.1388
453,1055,1508,0.1388
453,1063,1516,0.1388
458,1060,1518,0.1388
457,1060,1517,0.1388
461,1063,1524,0.1388
457,1063,1520,0.1388
449,1063,1512,0.1388
450,1068,1518,0.1388
452,1062,1514,0.1388
444,1059,1503,0.1388
446,1071,1517,0.1388
456,1065,1521,0.1388
464,1059,1523,0.1388
465,1059,1524,0.1388
458,1053,1511,0.1388
458,1054,1512,0.1388
459,1049,1508,0.1388
452,1061,1513,0.1388
454,1069,1523,0.1388
448,1064,1512,0.1388
455,1065,1520,0.1388
450,1056,1506,0.1388
449,1069,1518,0.1388
444,1074,1518,0.1388
448,1070,1518,0.1388
443,1067,1510,0.1388
441,1069,1510,0.1388
442,1067,1509,0.1388
440,1058,1498,0.1388
441,1059,1500,0.1388
446,1075,1521,0.1388
441,1073,1514,0.1388
439,1067,1506,0.1388
436,1070,1506,0.1388
437,1072,1509,0.1388
436,1073,1509,0.1388
436,1066,1502,0.1388
442,1064,1506,0.1388
438,1074,1512,0.1388
431,1066,1497,0.1388
436,1076,1512,0.1388
430,1082,1512,0.1388
427,1077,1504,0.1388
432,1075,1507,0.1388
429,1080,1509,0.1388
433,1085,1518,0.1388
433,1076,1509,0.1388
431,1068,1499,0.1388
437,1076,1513,0.1388
435,1087,1522,0.1388
432,1081,1513,0.1388
431,1083,1514,0.1388
435,1073,1508,0.1388
437,1072,1509,0.1388
434,1079,1513,0.1388
438,1082,1520,0.1388
431,1084,1515,0.1388
432,1083,1515,0.1388
427,1072,1499,0.1388
435,1072,1507,0.1388
434,1070,1504,0.1388
432,1070,1502,0.1388
435,1063,1498,0.1388
432,1065,1497,0.1388
436,1061,1497,0.1388
442,1062,1504,0.1388
446,1066,1512,0.1388
445,1057,1502,0.1388
444,1062,1506,0.1388
444,1052,1496,0.1388
442,1068,1510,0.1388
443,1071,1514,0.1388
444,1077,1521,0.1388
445,1072,1517,0.1388
443,1067,1510,0.1388
450,1071,1521,0.1388
455,1064,1519,0.1388
454,1071,1525,0.1388
453,1064,1517,0.1388
453,1059,1512,0.1388
450,1051,1501,0.1388
448,1059,1507,0.1388
442,1060,1502,0.1388
441,1079,1520,0.1388
433,1085,1518,0.1388
423,1087,1510,0.1388
430,1086,1516,0.1388
427,1099,1526,0.1388
426,1100,1526,0.1388
429,1090,1519,0.1388
429,1094,1523,0.1388
432,1086,1518,0.1388
431,1092,1523,0.1388
428,1095,1523,0.1388
425,1084,1509,0.1388
422,1083,1505,0.1388
423,1076,1499,0.1388
423,1087,1510,0.1388
420,1076,1496,0.1388
422,1082,1504,0.1388
420,1081,1501,0.1388
417,1097,1514,0.1388
421,1104,1525,0.1388
418,1087,1505,0.1388
419,1088,1507,0.1388
424,1088,1512,0.1388
426,1093,1519,0.1388
414,1099,1513,0.1388
424,1097,1521,0.1388
420,1098,1518,0.1388
415,1100,1515,0.1388
416,1093,1509,0.1388
409,1098,1507,0.1388
405,1089,1494,0.1388
415,1094,1509,0.1388
420,1096,1516,0.1388
413,1097,1510,0.1388
416,1089,1505,0.1388
407,1088,1495,0.1388
412,1097,1509,0.1388
403,1104,1507,0.1388
402,1104,1506,0.1388
401,1111,1512,0.1388
396,1107,1503,0.1388
392,1098,1490,0.1388
391,1100,1491,0.1388
394,1098,1492,0.1388
397,1099,1496,0.1388
393,1096,1489,0.1388
396,1106,1502,0.1388
402,1110,1512,0.1388
405,1105,1510,0.1388
399,1104,1503,0.1388
401,1104,1505,0.1388
388,1107,1495,0.1388
390,1112,1502,0.1388
392,1102,1494,0.1388
387,1122,1509,0.1388
392,1124,1516,0.1388
390,1114,1504,0.1388
388,1113,1501,0.1388
392,1111,1503,0.1388
390,1125,1515,0.1388
381,1119,1500,0.1388
379,1116,1495,0.1388
379,1126,1505,0.1388
376,1125,1501,0.1388
380,1132,1512,0.1388
381,1145,1526,0.1388
370,1138,1508,0.1388
368,1134,1502,0.1388
368,1131,1499,0.1388
372,1144,1516,0.1388
372,1152,1524,0.1388
372,1149,1521,0.1388
366,1149,1515,0.1388
372,1146,1518,0.1388
368,1137,1505,0.1388
362,1137,1499,0.1388
359,1140,1499,0.1388
363,1140,1503,0.1388
366,1140,1506,0.1388
364,1140,1504,0.1388
372,1142,1514,0.1388
367,1141,1508,0.1388
359,1128,1487,0.1388
360,1138,1498,0.1388
358,1163,1521,0.1388
357,1164,1521,0.1388
348,1167,1515,0.1388
347,1167,1514,0.1388
358,1165,1523,0.1388
358,1155,1513,0.1388
354,1153,1507,0.1388
357,1158,1515,0.1388
356,1160,1516,0.1388
354,1151,1505,0.1388
356,1155,1511,0.1388
358,1152,1510,0.1388
360,1147,1507,0.1388
366,1157,1523,0.1388
363,1153,1516,0.1388
360,1155,1515,0.1388
359,1155,1514,0.1388
357,1155,1512,0.1388
353,1159,1512,0.1388
355,1164,1519,0.1388
351,1166,1517,0.1388
346,1175,1521,0.1388
337,1169,1506,0.1388
338,1180,1518,0.1388
339,1176,1515,0.1388
339,1178,1517,0.1388
341,1179,1520,0.1388
341,1184,1525,0.1388
342,1172,1514,0.1388
333,1180,1513,0.1388
332,1181,1513,0.1388
335,1184,1519,0.1388
327,1187,1514,0.1388
329,1179,1508,0.1388
330,1179,1509,0.1388
327,1190,1517,0.1388
331,1184,1515,0.1388
333,1179,1512,0.1388
340,1183,1523,0.1388
340,1181,1521,0.1388
337,1186,1523,0.1388
333,1181,1514,0.1388
331,1187,1518,0.1388
322,1182,1504,0.1388
320,1194,1514,0.1388
320,1186,1506,0.1388
318,1193,1511,0.1388
311,1193,1504,0.1388
317,1201,1518,0.1388
316,1209,1525,0.1388
314,1210,1524,0.1388
315,1205,1520,0.1388
314,1195,1509,0.1388
309,1190,1499,0.1388
310,1199,1509,0.1388
313,1195,1508,0.1388
306,1198,1504,0.1388
305,1203,1508,0.1388
307,1215,1522,0.1388
303,1209,1512,0.1388
298,1202,1500,0.1388
297,1215,1512,0.1388
298,1212,1510,0.1388
299,1209,1508,0.1388
294,1208,1502,0.1388
294,1205,1499,0.1388
292,1202,1494,0.1388
288,1208,1496,0.1388
294,1210,1504,0.1388
291,1216,1507,0.1388
289,1224,1513,0.1388
289,1219,1508,0.1388
284,1227,1511,0.1388
288,1223,1511,0.1388
288,1227,1515,0.1388
285,1236,1521,0.1388
284,1228,1512,0.1388
283,1230,1513,0.1388
283,1231,1514,0.1388
285,1219,1504,0.1388
283,1224,1507,0.1388
285,1213,1498,0.1388
282,1210,1492,0.1388
281,1237,1518,0.1388
279,1252,1531,0.1388
277,1242,1519,0.1388
275,1247,1522,0.1388
272,1237,1509,0.1388
274,1227,1501,0.1388
277,1219,1496,0.1388
280,1236,1516,0.1388
282,1241,1523,0.1388
279,1243,1522,0.1388
276,1247,1523,0.1388
271,1237,1508,0.1388
271,1247,1518,0.1388
268,1247,1515,0.1388
264,1240,1504,0.1388
261,1239,1500,0.1388
260,1248,1508,0.1388
260,1242,1502,0.1388
258,1237,1495,0.1388
262,1251,1513,0.1388
260,1242,1502,0.1388
258,1246,1504,0.1388
261,1247,1508,0.1388
266,1264,1530,0.1388
263,1258,1521,0.1388
265,1250,1515,0.1388
259,1250,1509,0.1388
258,1256,1514,0.1388
256,1240,1496,0.1388
255,1252,1507,0.1388
252,1260,1512,0.1388
249,1263,1512,0.1388
244,1269,1513,0.1388
249,1267,1516,0.1388
251,1264,1515,0.1388
249,1258,1507,0.1388
243,1266,1509,0.1388
248,1265,1513,0.1388
251,1259,1510,0.1388
249,1250,1499,0.1388
247,1249,1496,0.1388
245,1255,1500,0.1388
245,1257,1502,0.1388
244,1257,1501,0.1388
239,1264,1503,0.1388
238,1257,1495,0.1388
243,1260,1503,0.1388
243,1253,1496,0.1388
245,1256,1501,0.1388
248,1265,1513,0.1388
249,1264,1513,0.1388
246,1270,1516,0.1388
243,1281,1524,0.1388
237,1285,1522,0.1388
238,1288,1526,0.1388
244,1287,1531,0.1388
247,1278,1525,0.1388
248,1271,1519,0.1388
246,1267,1513,0.1388
239,1264,1503,0.1388
240,1258,1498,0.1388
239,1282,1521,0.1388
234,1279,1513,0.1388
233,1274,1507,0.1388
233,1264,1497,0.1388
239,1280,1519,0.1388
238,1270,1508,0.1388
233,1273,1506,0.1388
234,1271,1505,0.1388
229,1284,1513,0.1388
230,1290,1520,0.1388
231,1291,1522,0.1388
227,1291,1518,0.1388
220,1288,1508,0.1388
221,1292,1513,0.1388
223,1295,1518,0.1388
221,1286,1507,0.1388
219,1300,1519,0.1388
219,1313,1532,0.1388
217,1319,1536,0.1388
210,1315,1525,0.1388
211,1302,1513,0.1388
213,1307,1520,0.1388
218,1311,1529,0.1388
218,1310,1528,0.1388
221,1304,1525,0.1388
220,1307,1527,0.1388
211,1299,1510,0.1388
210,1303,1513,0.1388
212,1298,1510,0.1388
213,1307,1520,0.1388
211,1308,1519,0.1388
212,1303,1515,0.1388
211,1309,1520,0.1388
214,1310,1524,0.1388
218,1301,1519,0.1388
219,1300,1519,0.1388
219,1305,1524,0.1388
216,1302,1518,0.1388
214,1301,1515,0.1388
210,1318,1528,0.1388
212,1310,1522,0.1388
210,1304,1514,0.1388
211,1301,1512,0.1388
208,1315,1523,0.1388
205,1310,1515,0.1388
203,1312,1515,0.1388
202,1319,1521,0.1388
199,1303,1502,0.1388
197,1319,1516,0.1388
195,1316,1511,0.1388
195,1326,1521,0.1388
191,1337,1528,0.1388
192,1336,1528,0.1388
188,1332,1520,0.1388
183,1328,1511,0.1388
184,1333,1517,0.1388
185,1325,1510,0.1388
184,1337,1521,0.1388
178,1343,1521,0.1388
181,1344,1525,0.1388
183,1339,1522,0.1388
185,1336,1521,0.1388
185,1344,1529,0.1388
184,1345,1529,0.1388
184,1356,1540,0.1388
183,1335,1518,0.1388
176,1341,1517,0.1388
176,1338,1514,0.1388
177,1334,1511,0.1388
173,1333,1506,0.1388
168,1348,1516,0.1388
167,1349,1516,0.1388
166,1357,1523,0.1388
171,1354,1525,0.1388
170,1339,1509,0.1388
169,1347,1516,0.1388
173,1351,1524,0.1388
169,1352,1521,0.1388
171,1348,1519,0.1388
170,1348,1518,0.1388
168,1344,1512,0.1388
171,1336,1507,0.1388
172,1337,1509,0.1388
171,1327,1498,0.1388
176,1337,1513,0.1388
172,1332,1504,0.1388
174,1338,1512,0.1388
175,1337,1512,0.1388
174,1339,1513,0.1388
176,1336,1512,0.1388
174,1341,1515,0.1388
173,1332,1505,0.1388
174,1333,1507,0.1388
176,1337,1513,0.1388
176,1332,1508,0.1388
180,1337,1517,0.1388
181,1337,1518,0.1388
185,1334,1519,0.1388
189,1333,1522,0.1388
184,1330,1514,0.1388
182,1322,1504,0.1388
178,1334,1512,0.1388
176,1328,1504,0.1388
174,1326,1500,0.1388
171,1343,1514,0.1388
170,1341,1511,0.1388
171,1342,1513,0.1388
170,1346,1516,0.1388
172,1357,1529,0.1388
171,1351,1522,0.1388
164,1343,1507,0.1388
162,1358,1520,0.1388
164,1353,1517,0.1388
162,1350,1512,0.1388
158,1347,1505,0.1388
163,1356,1519,0.1388
162,1350,1512,0.1388
161,1350,1511,0.1388
155,1344,1499,0.1388
154,1357,1511,0.1388
150,1362,1512,0.1388
152,1367,1519,0.1388
153,1366,1519,0.1388
157,1355,1512,0.1388
157,1356,1513,0.1388
159,1357,1516,0.1388
157,1367,1524,0.1388
157,1354,1511,0.1388
155,1357,1512,0.1388
158,1348,1506,0.1388
159,1351,1510,0.1388
155,1344,1499,0.1388
152,1352,1504,0.1388
148,1358,1506,0.1388
152,1368,1520,0.1388
149,1376,1525,0.1388
148,1350,1498,0.1388
148,1343,1491,0.1388
146,1352,1498,0.1388
147,1370,1517,0.1388
148,1361,1509,0.1388
150,1369,1519,0.1388
148,1367,1515,0.1388
153,1366,1519,0.1388
155,1364,1519,0.1388
159,1362,1521,0.1388
158,1360,1518,0.1388
162,1357,1519,0.1388
167,1372,1539,0.1388
163,1360,1523,0.1388
162,1356,1518,0.1388
162,1362,1524,0.1388
162,1361,1523,0.1388
155,1357,1512,0.1388
159,1358,1517,0.1388
162,1360,1522,0.1388
162,1350,1512,0.1388
162,1349,1511,0.1388
163,1358,1521,0.1388
163,1351,1514,0.1388
160,1362,1522,0.1388
155,1353,1508,0.1388
157,1361,1518,0.1388
156,1365,1521,0.1388
154,1369,1523,0.1388
152,1364,1516,0.1388
154,1359,1513,0.1388
153,1354,1507,0.1388
153,1361,1514,0.1388
152,1368,1520,0.1388
151,1368,1519,0.1388
150,1373,1523,0.1388
144,1374,1518,0.1388
141,1369,1510,0.1388
143,1355,1498,0.1388
144,1370,1514,0.1388
144,1378,1522,0.1388
142,1388,1530,0.1388
138,1376,1514,0.1388
136,1383,1519,0.1388
137,1388,1525,0.1388
136,1377,1513,0.1388
136,1364,1500,0.1388
135,1373,1508,0.1388
137,1375,1512,0.1388
133,1373,1506,0.1388
131,1377,1508,0.1388
127,1389,1516,0.1388
125,1380,1505,0.1388
129,1387,1516,0.1388
125,1395,1520,0.1388
129,1395,1524,0.1388
132,1402,1534,0.1388
135,1397,1532,0.1388
133,1384,1517,0.1388
133,1378,1511,0.1388
134,1370,1504,0.1388
134,1382,1516,0.1388
135,1379,1514,0.1388
136,1369,1505,0.1388
134,1377,1511,0.1388
138,1386,1524,0.1388
143,1384,1527,0.1388
140,1372,1512,0.1388
140,1358,1498,0.1388
137,1359,1496,0.1388
138,1364,1502,0.1388
138,1370,1508,0.1388
139,1367,1506,0.1388
141,1369,1510,0.1388
140,1381,1521,0.1388
138,1381,1519,0.1388
137,1380,1517,0.1388
139,1376,1515,0.1388
138,1377,1515,0.1388
139,1370,1509,0.1388
143,1370,1513,0.1388
138,1377,1515,0.1388
137,1373,1510,0.1388
131,1384,1515,0.1388
141,1386,1527,0.1388
142,1372,1514,0.1388
136,1373,1509,0.1388
136,1363,1499,0.1388
137,1372,1509,0.1388
137,1372,1509,0.1388
137,1367,1504,0.1388
134,1374,1508,0.1388
139,1378,1517,0.1388
139,1376,1515,0.1388
139,1371,1510,0.1388
143,1367,1510,0.1388
141,1368,1509,0.1388
143,1375,1518,0.1388
141,1384,1525,0.1388
138,1375,1513,0.1388
136,1377,1513,0.1388
132,1387,1519,0.1388
132,1389,1521,0.1388
131,1378,1509,0.1388
132,1392,1524,0.1388
132,1379,1511,0.1388
134,1377,1511,0.1388
132,1381,1513,0.1388
130,1377,1507,0.1388
127,1396,1523,0.1388
127,1398,1525,0.1388
128,1409,1537,0.1388
129,1390,1519,0.1388
127,1388,1515,0.1388
126,1391,1517,0.1388
126,1397,1523,0.1388
127,1382,1509,0.1388
124,1381,1505,0.1388
121,1376,1497,0.1388
124,1377,1501,0.1388
127,1394,1521,0.1388
129,1378,1507,0.1388
131,1386,1517,0.1388
132,1383,1515,0.1388
129,1399,1528,0.1388
130,1408,1538,0.1388
130,1405,1535,0.1388
128,1398,1526,0.1388
127,1401,1528,0.1388
124,1402,1526,0.1388
125,1404,1529,0.1388
117,1400,1517,0.1388
119,1410,1529,0.1388
123,1410,1533,0.1388
121,1406,1527,0.1388
121,1407,1528,0.1388
122,1411,1533,0.1388
118,1399,1517,0.1388
118,1396,1514,0.1388
119,1391,1510,0.1388
118,1396,1514,0.1388
119,1402,1521,0.1388
116,1416,1532,0.1388
115,1402,1517,0.1388
114,1399,1513,0.1388
114,1388,1502,0.1388
114,1382,1496,0.1388
113,1389,1502,0.1388
118,1400,1518,0.1388
114,1392,1506,0.1388
114,1392,1506,0.1388
112,1398,1510,0.1388
112,1406,1518,0.1388
110,1397,1507,0.1388
113,1395,1508,0.1388
114,1403,1517,0.1388
111,1410,1521,0.1388
109,1405,1514,0.1388
107,1411,1518,0.1388
106,1407,1513,0.1388
105,1392,1497,0.1388
105,1405,1510,0.1388
108,1399,1507,0.1388
104,1410,1514,0.1388
103,1414,1517,0.1388
104,1407,1511,0.1388
103,1391,1494,0.1388
103,1400,1503,0.1388
99,1399,1498,0.1388
100,1413,1513,0.1388
99,1419,1518,0.1388
104,1411,1515,0.1388
105,1414,1519,0.1388
105,1424,1529,0.1388
105,1422,1527,0.1388
103,1410,1513,0.1388
102,1402,1504,0.1388
100,1405,1505,0.1388
102,1404,1506,0.1388
98,1400,1498,0.1388
105,1396,1501,0.1388
105,1396,1501,0.1388
106,1388,1494,0.1388
106,1387,1493,0.1388
104,1391,1495,0.1388
104,1393,1497,0.1388
108,1405,1513,0.1388
108,1406,1514,0.1388
105,1411,1516,0.1388
109,1405,1514,0.1388
112,1400,1512,0.1388
110,1397,1507,0.1388
113,1405,1518,0.1388
110,1405,1515,0.1388
113,1406,1519,0.1388
111,1394,1505,0.1388
112,1393,1505,0.1388
110,1403,1513,0.1388
110,1405,1515,0.1388
108,1400,1508,0.1388
108,1414,1522,0.1388
106,1409,1515,0.1388
105,1415,1520,0.1388
102,1428,1530,0.1388
101,1439,1540,0.1388
103,1435,1538,0.1388
100,1434,1534,0.1388
103,1429,1532,0.1388
103,1427,1530,0.1388
103,1429,1532,0.1388
103,1413,1516,0.1388
98,1420,1518,0.1388
98,1420,1518,0.1388
99,1412,1511,0.1388
98,1414,1512,0.1388
97,1422,1519,0.1388
96,1412,1508,0.1388
96,1416,1512,0.1388
98,1419,1517,0.1388
99,1424,1523,0.1388
98,1415,1513,0.1388
97,1421,1518,0.1388
96,1431,1527,0.1388
100,1434,1534,0.1388
102,1437,1539,0.1388
100,1422,1522,0.1388
100,1427,1527,0.1388
98,1427,1525,0.1388
97,1422,1519,0.1388
95,1438,1533,0.1388
98,1427,1525,0.1388
93,1428,1521,0.1388
96,1417,1513,0.1388
96,1402,1498,0.1388
96,1414,1510,0.1388
96,1413,1509,0.1388
97,1407,1504,0.1388
94,1408,1502,0.1388
94,1404,1498,0.1388
96,1411,1507,0.1388
93,1409,1502,0.1388
93,1407,1500,0.1388
94,1409,1503,0.1388
94,1415,1509,0.1388
92,1431,1523,0.1388
93,1431,1524,0.1388
93,1433,1526,0.1388
93,1436,1529,0.1388
88,1435,1523,0.1388
90,1444,1534,0.1388
90,1436,1526,0.1388
93,1427,1520,0.1388
91,1418,1509,0.1388
93,1423,1516,0.1388
92,1425,1517,0.1388
93,1420,1513,0.1388
91,1424,1515,0.1388
90,1435,1525,0.1388
91,1438,1529,0.1388
90,1440,1530,0.1388
92,1445,1537,0.1388
91,1437,1528,0.1388
86,1424,1510,0.1388
88,1428,1516,0.1388
88,1426,1514,0.1388
87,1412,1499,0.1388
83,1420,1503,0.1388
84,1420,1504,0.1388
84,1431,1515,0.1388
83,1426,1509,0.1388
85,1417,1502,0.1388
85,1425,1510,0.1388
86,1434,1520,0.1388
86,1438,1524,0.1388
84,1439,1523,0.1388
83,1441,1524,0.1388
82,1441,1523,0.1388
81,1442,1523,0.1388
80,1446,1526,0.1388
79,1449,1528,0.1388
76,1448,1524,0.1388
74,1452,1526,0.1388
74,1454,1528,0.1388
74,1445,1519,0.1388
74,1447,1521,0.1388
76,1456,1532,0.1388
70,1438,1508,0.1388
72,1452,1524,0.1388
70,1459,1529,0.1388
70,1454,1524,0.1388
68,1464,1532,0.1388
70,1456,1526,0.1388
68,1442,1510,0.1388
65,1451,1516,0.1388
63,1458,1521,0.1388
64,1462,1526,0.1388
66,1455,1521,0.1388
64,1453,1517,0.1388
64,1463,1527,0.1388
63,1457,1520,0.1388
61,1451,1512,0.1388
59,1455,1514,0.1388
60,1468,1528,0.1388
62,1461,1523,0.1388
61,1461,1522,0.1388
62,1451,1513,0.1388
60,1458,1518,0.1388
57,1452,1509,0.1388
57,1458,1515,0.1388
57,1463,1520,0.1388
54,1459,1513,0.1388
55,1461,1516,0.1388
54,1456,1510,0.1388
56,1454,1510,0.1388
55,1468,1523,0.1388
54,1461,1515,0.1388
52,1465,1517,0.1388
54,1464,1518,0.1388
54,1461,1515,0.1388
56,1465,1521,0.1388
60,1457,1517,0.1388
58,1460,1518,0.1388
59,1447,1506,0.1388
57,1441,1498,0.1388
58,1455,1513,0.1388
56,1445,1501,0.1388
58,1436,1494,0.1388
56,1452,1508,0.1388
58,1445,1503,0.1388
60,1456,1516,0.1388
59,1462,1521,0.1388
60,1455,1515,0.1388
61,1467,1528,0.1388
60,1482,1542,0.1388
61,1468,1529,0.1388
61,1470,1531,0.1388
61,1461,1522,0.1388
63,1466,1529,0.1388
60,1461,1521,0.1388
62,1464,1526,0.1388
60,1446,1506,0.1388
59,1452,1511,0.1388
58,1455,1513,0.1388
60,1458,1518,0.1388
59,1451,1510,0.1388
59,1450,1509,0.1388
59,1449,1508,0.1388
59,1469,1528,0.1388
57,1471,1528,0.1388
58,1468,1526,0.1388
54,1462,1516,0.1388
53,1456,1509,0.1388
54,1451,1505,0.1388
54,1457,1511,0.1388
54,1446,1500,0.1388
54,1449,1503,0.1388
52,1446,1498,0.1388
53,1443,1496,0.1388
53,1448,1501,0.1388
54,1452,1506,0.1388
55,1454,1509,0.1388
53,1454,1507,0.1388
57,1454,1511,0.1388
58,1465,1523,0.1388
57,1474,1531,0.1388
58,1463,1521,0.1388
57,1458,1515,0.1388
57,1459,1516,0.1388
55,1460,1515,0.1388
54,1460,1514,0.1388
56,1468,1524,0.1388
57,1469,1526,0.1388
54,1456,1510,0.1388
52,1463,1515,0.1388
53,1464,1517,0.1388
54,1455,1509,0.1388
55,1463,1518,0.1388
54,1463,1517,0.1388
53,1454,1507,0.1388
53,1468,1521,0.1388
52,1470,1522,0.1388
55,1469,1524,0.1388
55,1463,1518,0.1388
55,1462,1517,0.1388
56,1472,1528,0.1388
54,1470,1524,0.1388
53,1453,1506,0.1388
52,1450,1502,0.1388
51,1450,1501,0.1388
51,1458,1509,0.1388
52,1471,1523,0.1388
51,1471,1522,0.1388
50,1468,1518,0.1388
50,1469,1519,0.1388
49,1467,1516,0.1388
49,1470,1519,0.1388
47,1471,1518,0.1388
48,1468,1516,0.1388
49,1471,1520,0.1388
49,1474,1523,0.1388
46,1471,1517,0.1388
47,1476,1523,0.1388
47,1486,1533,0.1388
48,1479,1527,0.1388
48,1472,1520,0.1388
47,1486,1533,0.1388
46,1493,1539,0.1388
48,1483,1531,0.1388
48,1478,1526,0.1388
49,1479,1528,0.1388
50,1483,1533,0.1388
49,1478,1527,0.1388
48,1457,1505,0.1388
48,1463,1511,0.1388
48,1468,1516,0.1388
49,1458,1507,0.1388
48,1460,1508,0.1388
49,1460,1509,0.1388
49,1467,1516,0.1388
48,1467,1515,0.1388
48,1461,1509,0.1388
46,1460,1506,0.1388
45,1465,1510,0.1388
46,1463,1509,0.1388
43,1468,1511,0.1388
45,1474,1519,0.1388
44,1468,1512,0.1388
46,1469,1515,0.1388
47,1465,1512,0.1388
50,1470,1520,0.1388
48,1467,1515,0.1388
50,1479,1529,0.1388
50,1474,1524,0.1388
49,1477,1526,0.1388
51,1475,1526,0.1388
49,1473,1522,0.1388
49,1470,1519,0.1388
46,1476,1522,0.1388
46,1467,1513,0.1388
44,1475,1519,0.1388
41,1468,1509,0.1388
40,1476,1516,0.1388
39,1464,1503,0.1388
40,1465,1505,0.1388
40,1473,1513,0.1388
42,1472,1514,0.1388
42,1472,1514,0.1388
39,1472,1511,0.1388
39,1475,1514,0.1388
40,1471,1511,0.1388
39,1480,1519,0.1388
39,1483,1522,0.1388
39,1487,1526,0.1388
39,1481,1520,0.1388
38,1486,1524,0.1388
34,1481,1515,0.1388
34,1472,1506,0.1388
32,1480,1512,0.1388
32,1476,1508,0.1388
32,1475,1507,0.1388
33,1486,1519,0.1388
34,1479,1513,0.1388
35,1475,1510,0.1388
34,1486,1520,0.1388
37,1474,1511,0.1388
35,1474,1509,0.1388
34,1470,1504,0.1388
35,1463,1498,0.1388
36,1481,1517,0.1388
37,1476,1513,0.1388
39,1470,1509,0.1388
39,1480,1519,0.1388
39,1473,1512,0.1388
38,1477,1515,0.1388
39,1479,1518,0.1388
41,1476,1517,0.1388
43,1486,1529,0.1388
42,1473,1515,0.1388
43,1474,1517,0.1388
44,1475,1519,0.1388
45,1477,1522,0.1388
44,1476,1520,0.1388
43,1477,1520,0.1388
45,1472,1517,0.1388
46,1471,1517,0.1388
47,1472,1519,0.1388
45,1466,1511,0.1388
44,1473,1517,0.1388
43,1478,1521,0.1388
45,1464,1509,0.1388
44,1465,1509,0.1388
43,1458,1501,0.1388
43,1474,1517,0.1388
41,1472,1513,0.1388
42,1477,1519,0.1388
44,1478,1522,0.1388
44,1452,1496,0.1388
44,1452,1496,0.1388
41,1454,1495,0.1388
44,1462,1506,0.1388
44,1472,1516,0.1388
43,1476,1519,0.1388
46,1471,1517,0.1388
47,1475,1522,0.1388
46,1473,1519,0.1388
46,1465,1511,0.1388
48,1483,1531,0.1388
50,1475,1525,0.1388
50,1469,1519,0.1388
49,1481,1530,0.1388
48,1477,1525,0.1388
49,1470,1519,0.1388
50,1467,1517,0.1388
51,1466,1517,0.1388
51,1461,1512,0.1388
50,1464,1514,0.1388
51,1459,1510,0.1388
52,1457,1509,0.1388
53,1441,1494,0.1388
53,1444,1497,0.1388
54,1442,1496,0.1388
56,1453,1509,0.1388
57,1445,1502,0.1388
57,1455,1512,0.1388
57,1465,1522,0.1388
55,1455,1510,0.1388
59,1471,1530,0.1388
60,1462,1522,0.1388
60,1462,1522,0.1388
58,1467,1525,0.1388
57,1461,1518,0.1388
58,1465,1523,0.1388
56,1453,1509,0.1388
56,1449,1505,0.1388
55,1455,1510,0.1388
54,1468,1522,0.1388
55,1468,1523,0.1388
56,1462,1518,0.1388
56,1461,1517,0.1388
55,1469,1524,0.1388
55,1468,1523,0.1388
55,1468,1523,0.1388
55,1462,1517,0.1388
56,1473,1529,0.1388
52,1467,1519,0.1388
50,1470,1520,0.1388
50,1468,1518,0.1388
47,1470,1517,0.1388
48,1461,1509,0.1388
49,1464,1513,0.1388
46,1450,1496,0.1388
46,1457,1503,0.1388
45,1479,1524,0.1388
45,1474,1519,0.1388
46,1476,1522,0.1388
45,1466,1511,0.1388
44,1472,1516,0.1388
43,1481,1524,0.1388
43,1478,1521,0.1388
43,1478,1521,0.1388
42,1471,1513,0.1388
40,1474,1514,0.1388
39,1476,1515,0.1388
40,1465,1505,0.1388
41,1469,1510,0.1388
41,1470,1511,0.1388
39,1476,1515,0.1388
40,1476,1516,0.1388
39,1475,1514,0.1388
38,1470,1508,0.1388
37,1479,1516,0.1388
36,1470,1506,0.1388
35,1474,1509,0.1388
35,1482,1517,0.1388
36,1463,1499,0.1388
35,1472,1507,0.1388
35,1475,1510,0.1388
33,1486,1519,0.1388
32,1484,1516,0.1388
34,1482,1516,0.1388
33,1471,1504,0.1388
32,1483,1515,0.1388
34,1478,1512,0.1388
34,1497,1531,0.1388
34,1491,1525,0.1388
33,1492,1525,0.1388
33,1480,1513,0.1388
34,1479,1513,0.1388
33,1492,1525,0.1388
32,1477,1509,0.1388
32,1479,1511,0.1388
31,1486,1517,0.1388
31,1481,1512,0.1388
30,1473,1503,0.1388
30,1470,1500,0.1388
30,1480,1510,0.1388
29,1484,1513,0.1388
29,1488,1517,0.1388
31,1482,1513,0.1388
32,1484,1516,0.1388
31,1491,1522,0.1388
32,1484,1516,0.1388
28,1484,1512,0.1388
28,1486,1514,0.1388
30,1494,1524,0.1388
30,1482,1512,0.1388
32,1486,1518,0.1388
31,1496,1527,0.1388
31,1502,1533,0.1388
33,1494,1527,0.1388
33,1488,1521,0.1388
32,1482,1514,0.1388
31,1486,1517,0.1388
31,1483,1514,0.1388
30,1476,1506,0.1388
30,1472,1502,0.1388
32,1482,1514,0.1388
31,1472,1503,0.1388
30,1470,1500,0.1388
28,1470,1498,0.1388
27,1475,1502,0.1388
28,1469,1497,0.1388
28,1466,1494,0.1388
27,1472,1499,0.1388
28,1465,1493,0.1388
28,1470,1498,0.1388
30,1468,1498,0.1388
31,1475,1506,0.1388
34,1470,1504,0.1388
34,1471,1505,0.1388
34,1479,1513,0.1388
33,1486,1519,0.1388
34,1470,1504,0.1388
33,1471,1504,0.1388
33,1465,1498,0.1388
34,1479,1513,0.1388
35,1477,1512,0.1388
34,1489,1523,0.1388
34,1497,1531,0.1388
33,1501,1534,0.1388
34,1492,1526,0.1388
33,1477,1510,0.1388
32,1481,1513,0.1388
31,1476,1507,0.1388
33,1470,1503,0.1388
34,1487,1521,0.1388
33,1487,1520,0.1388
32,1485,1517,0.1388
30,1485,1515,0.1388
31,1476,1507,0.1388
31,1485,1516,0.1388
33,1490,1523,0.1388
33,1497,1530,0.1388
33,1483,1516,0.1388
34,1482,1516,0.1388
36,1479,1515,0.1388
36,1488,1524,0.1388
36,1480,1516,0.1388
36,1479,1515,0.1388
36,1476,1512,0.1388
36,1478,1514,0.1388
37,1467,1504,0.1388
37,1461,1498,0.1388
36,1462,1498,0.1388
35,1458,1493,0.1388
33,1474,1507,0.1388
34,1474,1508,0.1388
35,1481,1516,0.1388
35,1482,1517,0.1388
38,1492,1530,0.1388
38,1490,1528,0.1388
38,1477,1515,0.1388
35,1475,1510,0.1388
35,1472,1507,0.1388
34,1477,1511,0.1388
37,1486,1523,0.1388
38,1472,1510,0.1388
38,1493,1531,0.1388
37,1499,1536,0.1388
36,1499,1535,0.1388
36,1479,1515,0.1388
38,1477,1515,0.1388
39,1478,1517,0.1388
39,1472,1511,0.1388
36,1478,1514,0.1388
35,1482,1517,0.1388
35,1480,1515,0.1388
36,1486,1522,0.1388
34,1498,1532,0.1388
34,1491,1525,0.1388
36,1490,1526,0.1388
37,1487,1524,0.1388
35,1496,1531,0.1388
34,1502,1536,0.1388
33,1503,1536,0.1388
35,1492,1527,0.1388
35,1491,1526,0.1388
33,1502,1535,0.1388
34,1506,1540,0.1388
33,1490,1523,0.1388
33,1494,1527,0.1388
33,1493,1526,0.1388
32,1476,1508,0.1388
32,1467,1499,0.1388
31,1471,1502,0.1388
30,1485,1515,0.1388
31,1487,1518,0.1388
33,1483,1516,0.1388
31,1494,1525,0.1388
32,1480,1512,0.1388
35,1487,1522,0.1388
33,1498,1531,0.1388
32,1493,1525,0.1388
30,1485,1515,0.1388
28,1492,1520,0.1388
28,1491,1519,0.1388
27,1489,1516,0.1388
27,1493,1520,0.1388
26,1485,1511,0.1388
25,1488,1513,0.1388
25,1487,1512,0.1388
25,1491,1516,0.1388
25,1483,1508,0.1388
25,1487,1512,0.1388
26,1481,1507,0.1388
27,1488,1515,0.1388
28,1496,1524,0.1388
27,1481,1508,0.1388
27,1473,1500,0.1388
27,1483,1510,0.1388
28,1486,1514,0.1388
25,1485,1510,0.1388
26,1492,1518,0.1388
25,1490,1515,0.1388
27,1489,1516,0.1388
27,1496,1523,0.1388
27,1493,1520,0.1388
26,1498,1524,0.1388
25,1491,1516,0.1388
24,1488,1512,0.1388
26,1484,1510,0.1388
26,1478,1504,0.1388
25,1498,1523,0.1388
22,1497,1519,0.1388
22,1498,1520,0.1388
22,1478,1500,0.1388
22,1483,1505,0.1388
21,1494,1515,0.1388
20,1503,1523,0.1388
20,1499,1519,0.1388
20,1502,1522,0.1388
20,1496,1516,0.1388
21,1507,1528,0.1388
22,1501,1523,0.1388
22,1513,1535,0.1388
23,1514,1537,0.1388
22,1514,1536,0.1388
20,1495,1515,0.1388
20,1503,1523,0.1388
19,1503,1522,0.1388
18,1501,1519,0.1388
19,1502,1521,0.1388
18,1507,1525,0.1388
18,1499,1517,0.1388
20,1504,1524,0.1388
19,1501,1520,0.1388
20,1488,1508,0.1388
22,1503,1525,0.1388
21,1492,1513,0.1388
20,1503,1523,0.1388
20,1500,1520,0.1388
20,1509,1529,0.1388
20,1520,1540,0.1388
19,1509,1528,0.1388
18,1515,1533,0.1388
17,1516,1533,0.1388
18,1506,1524,0.1388
18,1504,1522,0.1388
18,1506,1524,0.1388
18,1508,1526,0.1388
18,1511,1529,0.1388
18,1508,1526,0.1388
18,1507,1525,0.1388
18,1501,1519,0.1388
17,1499,1516,0.1388
17,1500,1517,0.1388
15,1490,1505,0.1388
14,1496,1510,0.1388
13,1507,1520,0.1388
14,1518,1532,0.1388
15,1511,1526,0.1388
15,1511,1526,0.1388
15,1496,1511,0.1388
15,1504,1519,0.1388
15,1505,1520,0.1388
14,1514,1528,0.1388
13,1516,1529,0.1388
15,1514,1529,0.1388
14,1518,1532,0.1388
15,1511,1526,0.1388
15,1495,1510,0.1388
14,1500,1514,0.1388
14,1492,1506,0.1388
13,1501,1514,0.1388
13,1502,1515,0.1388
13,1485,1498,0.1388
13,1492,1505,0.1388
14,1490,1504,0.1388
14,1498,1512,0.1388
15,1497,1512,0.1388
15,1497,1512,0.1388
14,1514,1528,0.1388
15,1517,1532,0.1388
16,1514,1530,0.1388
16,1504,1520,0.1388
15,1504,1519,0.1388
14,1511,1525,0.1388
14,1503,1517,0.1388
13,1516,1529,0.1388
13,1517,1530,0.1388
14,1502,1516,0.1388
14,1510,1524,0.1388
13,1503,1516,0.1388
14,1510,1524,0.1388
14,1499,1513,0.1388
14,1493,1507,0.1388
13,1494,1507,0.1388
13,1489,1502,0.1388
12,1489,1501,0.1388
10,1487,1497,0.1388
11,1490,1501,0.1388
11,1494,1505,0.1388
10,1493,1503,0.1388
11,1503,1514,0.1388
11,1493,1504,0.1388
11,1490,1501,0.1388
11,1507,1518,0.1388
11,1497,1508,0.1388
11,1496,1507,0.1388
12,1489,1501,0.1388
12,1496,1508,0.1388
11,1508,1519,0.1388
10,1507,1517,0.1388
10,1505,1515,0.1388
10,1496,1506,0.1388
10,1485,1495,0.1388
11,1486,1497,0.1388
11,1495,1506,0.1388
10,1495,1505,0.1388
10,1496,1506,0.1388
10,1493,1503,0.1388
10,1497,1507,0.1388
10,1500,1510,0.1388
9,1504,1513,0.1388
8,1514,1522,0.1388
8,1504,1512,0.1388
8,1517,1525,0.1388
8,1512,1520,0.1388
9,1505,1514,0.1388
9,1513,1522,0.1388
10,1512,1522,0.1388
10,1518,1528,0.1388
10,1518,1528,0.1388
10,1516,1526,0.1388
10,1513,1523,0.1388
10,1510,1520,0.1388
10,1525,1535,0.1388
10,1497,1507,0.1388
10,1503,1513,0.1388
10,1499,1509,0.1388
10,1504,1514,0.1388
9,1518,1527,0.1388
8,1508,1516,0.1388
7,1509,1516,0.1388
8,1506,1514,0.1388
8,1515,1523,0.1388
8,1505,1513,0.1388
8,1509,1517,0.1388
7,1496,1503,0.1388
8,1519,1527,0.1388
8,1519,1527,0.1388
9,1511,1520,0.1388
10,1511,1521,0.1388
9,1507,1516,0.1388
8,1503,1511,0.1388
8,1508,1516,0.1388
9,1506,1515,0.1388
8,1516,1524,0.1388
8,1513,1521,0.1388
8,1501,1509,0.1388
10,1505,1515,0.1388
10,1506,1516,0.1388
10,1504,1514,0.1388
10,1510,1520,0.1388
9,1516,1525,0.1388
10,1510,1520,0.1388
9,1524,1533,0.1388
9,1512,1521,0.1388
9,1522,1531,0.1388
9,1507,1516,0.1388
10,1504,1514,0.1388
8,1507,1515,0.1388
8,1490,1498,0.1388
8,1488,1496,0.1388
8,1497,1505,0.1388
8,1497,1505,0.1388
8,1506,1514,0.1388
9,1505,1514,0.1388
9,1511,1520,0.1388
8,1524,1532,0.1388
8,1524,1532,0.1388
8,1517,1525,0.1388
8,1498,1506,0.1388
6,1494,1500,0.1388
6,1513,1519,0.1388
7,1523,1530,0.1388
7,1511,1518,0.1388
7,1506,1513,0.1388
7,1507,1514,0.1388
7,1518,1525,0.1388
7,1518,1525,0.1388
5,1519,1524,0.1388
5,1508,1513,0.1388
5,1494,1499,0.1388
5,1500,1505,0.1388
5,1491,1496,0.1388
5,1498,1503,0.1388
6,1499,1505,0.1388
6,1505,1511,0.1388
5,1502,1507,0.1388
5,1504,1509,0.1388
5,1510,1515,0.1388
4,1518,1522,0.1388
5,1526,1531,0.1388
5,1530,1535,0.1388
5,1517,1522,0.1388
5,1505,1510,0.1388
4,1505,1509,0.1388
4,1510,1514,0.1388
4,1499,1503,0.1388
4,1515,1519,0.1388
5,1502,1507,0.1388
4,1519,1523,0.1388
4,1517,1521,0.1388
5,1512,1517,0.1388
5,1520,1525,0.1388
5,1516,1521,0.1388
5,1520,1525,0.1388
5,1520,1525,0.1388
6,1512,1518,0.1388
6,1504,1510,0.1388
6,1518,1524,0.1388
6,1502,1508,0.1388
5,1510,1515,0.1388
5,1508,1513,0.1388
5,1498,1503,0.1388
5,1507,1512,0.1388
5,1512,1517,0.1388
5,1507,1512,0.1388
5,1507,1512,0.1388
5,1512,1517,0.1388
4,1519,1523,0.1388
4,1518,1522,0.1388
4,1506,1510,0.1388
4,1508,1512,0.1388
4,1514,1518,0.1388
4,1510,1514,0.1388
4,1515,1519,0.1388
4,1523,1527,0.1388
4,1525,1529,0.1388
4,1528,1532,0.1388
3,1519,1522,0.1388
4,1509,1513,0.1388
3,1515,1518,0.1388
3,1521,1524,0.1388
2,1531,1533,0.1388
2,1515,1517,0.1388
2,1511,1513,0.1388
2,1509,1511,0.1388
2,1497,1499,0.1388
2,1513,1515,0.1388
2,1517,1519,0.1388
2,1523,1525,0.1388
2,1512,1514,0.1388
3,1509,1512,0.1388
3,1512,1515,0.1388
4,1515,1519,0.1388
4,1504,1508,0.1388
4,1509,1513,0.1388
4,1513,1517,0.1388
3,1507,1510,0.1388
3,1511,1514,0.1388
3,1507,1510,0.1388
3,1511,1514,0.1388
3,1526,1529,0.1388
3,1529,1532,0.1388
3,1516,1519,0.1388
3,1501,1504,0.1388
2,1520,1522,0.1388
2,1509,1511,0.1388
2,1516,1518,0.1388
2,1515,1517,0.1388
2,1518,1520,0.1388
2,1510,1512,0.1388
2,1515,1517,0.1388
2,1512,1514,0.1388
2,1511,1513,0.1388
2,1513,1515,0.1388
2,1516,1518,0.1388
2,1508,1510,0.1388
2,1497,1499,0.1388
2,1507,1509,0.1388
2,1517,1519,0.1388
2,1526,1528,0.1388
2,1533,1535,0.1388
2,1529,1531,0.1388
2,1515,1517,0.1388
2,1519,1521,0.1388
2,1524,1526,0.1388
1,1515,1516,0.1388
1,1516,1517,0.1388
1,1514,1515,0.1388
1,1508,1509,0.1388
1,1503,1504,0.1388
1,1501,1502,0.1388
1,1499,1500,0.1388
1,1503,1504,0.1388
1,1510,1511,0.1388
1,1512,1513,0.1388
1,1504,1505,0.1388
1,1517,1518,0.1388
1,1534,1535,0.1388
1,1540,1541,0.1388
1,1537,1538,0.1388
0,1519,1519,0.1388
