1365,29,1394,0.1388
1402,33,1435,0.1388
1424,34,1458,0.1388
1442,35,1477,0.1388
1457,37,1494,0.1388
1450,37,1487,0.1388
1439,39,1478,0.1388
1443,37,1480,0.1388
1462,36,1498,0.1388
1456,36,1492,0.1388
1455,36,1491,0.1388
1446,37,1483,0.1388
1458,38,1496,0.1388
1460,35,1495,0.1388
1457,35,1492,0.1388
1447,36,1483,0.1388
1448,38,1486,0.1388
1445,40,1485,0.1388
1460,41,1501,0.1388
1464,41,1505,0.1388
1450,43,1493,0.1388
1450,45,1495,0.1388
1443,46,1489,0.1388
1448,46,1494,0.1388
1444,45,1489,0.1388
1429,44,1473,0.1388
1423,46,1469,0.1388
1423,43,1466,0.1388
1422,43,1465,0.1388
1420,45,1465,0.1388
1434,47,1481,0.1388
1430,48,1478,0.1388
1439,46,1485,0.1388
1443,50,1493,0.1388
1430,50,1480,0.1388
1431,51,1482,0.1388
1432,50,1482,0.1388
1438,48,1486,0.1388
1440,46,1486,0.1388
1444,48,1492,0.1388
1452,46,1498,0.1388
1453,47,1500,0.1388
1447,45,1492,0.1388
1460,43,1503,0.1388
1461,45,1506,0.1388
1447,45,1492,0.1388
1442,43,1485,0.1388
1430,40,1470,0.1388
1440,40,1480,0.1388
1446,42,1488,0.1388
1433,42,1475,0.1388
1447,42,1489,0.1388
1443,43,1486,0.1388
1438,44,1482,0.1388
1444,43,1487,0.1388
1454,43,1497,0.1388
1459,44,1503,0.1388
1453,44,1497,0.1388
1450,42,1492,0.1388
1451,41,1492,0.1388
1466,42,1508,0.1388
1465,41,1506,0.1388
1451,40,1491,0.1388
1444,42,1486,0.1388
1440,42,1482,0.1388
1439,42,1481,0.1388
1451,41,1492,0.1388
1455,39,1494,0.1388
1456,39,1495,0.1388
1453,41,1494,0.1388
1435,40,1475,0.1388
1434,41,1475,0.1388
1434,41,1475,0.1388
1434,46,1480,0.1388
1442,46,1488,0.1388
1435,45,1480,0.1388
1445,44,1489,0.1388
1448,43,1491,0.1388
1448,43,1491,0.1388
1441,43,1484,0.1388
1448,43,1491,0.1388
1446,43,1489,0.1388
1459,45,1504,0.1388
1462,45,1507,0.1388
1450,43,1493,0.1388
1449,43,1492,0.1388
1442,44,1486,0.1388
1435,45,1480,0.1388
1437,45,1482,0.1388
1439,44,1483,0.1388
1424,44,1468,0.1388
1437,46,1483,0.1388
1444,45,1489,0.1388
1447,48,1495,0.1388
1441,49,1490,0.1388
1445,47,1492,0.1388
1438,48,1486,0.1388
1448,48,1496,0.1388
1443,49,1492,0.1388
1446,49,1495,0.1388
1454,50,1504,0.1388
1445,49,1494,0.1388
1448,49,1497,0.1388
1454,51,1505,0.1388
1451,53,1504,0.1388
1438,54,1492,0.1388
1429,53,1482,0.1388
1430,53,1483,0.1388
1437,51,1488,0.1388
1428,52,1480,0.1388
1422,51,1473,0.1388
1427,51,1478,0.1388
1436,52,1488,0.1388
1447,54,1501,0.1388
1455,55,1510,0.1388
1443,58,1501,0.1388
1445,60,1505,0.1388
1444,61,1505,0.1388
1450,61,1511,0.1388
1447,61,1508,0.1388
1438,62,1500,0.1388
1445,62,1507,0.1388
1443,65,1508,0.1388
1444,65,1509,0.1388
1439,68,1507,0.1388
1434,69,1503,0.1388
1428,70,1498,0.1388
1414,71,1485,0.1388
1422,72,1494,0.1388
1412,73,1485,0.1388
1411,72,1483,0.1388
1407,69,1476,0.1388
1412,71,1483,0.1388
1419,71,1490,0.1388
1427,71,1498,0.1388
1421,75,1496,0.1388
1421,74,1495,0.1388
1415,74,1489,0.1388
1423,76,1499,0.1388
1416,78,1494,0.1388
1433,79,1512,0.1388
1426,78,1504,0.1388
1425,76,1501,0.1388
1428,74,1502,0.1388
1409,70,1479,0.1388
1426,70,1496,0.1388
1441,71,1512,0.1388
1424,68,1492,0.1388
1428,67,1495,0.1388
1421,67,1488,0.1388
1423,67,1490,0.1388
1431,65,1496,0.1388
1430,67,1497,0.1388
1427,69,1496,0.1388
1430,70,1500,0.1388
1421,73,1494,0.1388
1428,72,1500,0.1388
1421,73,1494,0.1388
1422,74,1496,0.1388
1431,74,1505,0.1388
1419,75,1494,0.1388
1428,77,1505,0.1388
1430,79,1509,0.1388
1441,77,1518,0.1388
1425,78,1503,0.1388
1407,78,1485,0.1388
1405,84,1489,0.1388
1386,87,1473,0.1388
1388,88,1476,0.1388
1387,89,1476,0.1388
1394,90,1484,0.1388
1405,95,1500,0.1388
1416,91,1507,0.1388
1420,87,1507,0.1388
1421,88,1509,0.1388
1424,86,1510,0.1388
1423,86,1509,0.1388
1420,82,1502,0.1388
1424,83,1507,0.1388
1415,87,1502,0.1388
1402,84,1486,0.1388
1397,82,1479,0.1388
1406,83,1489,0.1388
1411,87,1498,0.1388
1429,85,1514,0.1388
1422,85,1507,0.1388
1422,87,1509,0.1388
1417,82,1499,0.1388
1420,79,1499,0.1388
1413,82,1495,0.1388
1407,84,1491,0.1388
1402,84,1486,0.1388
1405,85,1490,0.1388
1408,85,1493,0.1388
1413,83,1496,0.1388
1423,87,1510,0.1388
1414,87,1501,0.1388
1421,88,1509,0.1388
1426,87,1513,0.1388
1412,86,1498,0.1388
1411,86,1497,0.1388
1407,88,1495,0.1388
1408,87,1495,0.1388
1414,89,1503,0.1388
1415,93,1508,0.1388
1401,90,1491,0.1388
1409,92,1501,0.1388
1410,93,1503,0.1388
1399,89,1488,0.1388
1398,88,1486,0.1388
1396,89,1485,0.1388
1400,92,1492,0.1388
1406,88,1494,0.1388
1402,86,1488,0.1388
1422,87,1509,0.1388
1414,88,1502,0.1388
1403,88,1491,0.1388
1404,86,1490,0.1388
1417,84,1501,0.1388
1430,85,1515,0.1388
1421,83,1504,0.1388
1419,86,1505,0.1388
1405,85,1490,0.1388
1402,85,1487,0.1388
1401,84,1485,0.1388
1397,81,1478,0.1388
1395,81,1476,0.1388
1394,80,1474,0.1388
1391,78,1469,0.1388
1396,81,1477,0.1388
1411,83,1494,0.1388
1405,81,1486,0.1388
1385,78,1463,0.1388
1390,78,1468,0.1388
1396,75,1471,0.1388
1406,75,1481,0.1388
1429,75,1504,0.1388
1419,76,1495,0.1388
1417,80,1497,0.1388
1420,80,1500,0.1388
1412,83,1495,0.1388
1403,86,1489,0.1388
1412,83,1495,0.1388
1424,82,1506,0.1388
1418,81,1499,0.1388
1417,82,1499,0.1388
1413,81,1494,0.1388
1412,81,1493,0.1388
1419,79,1498,0.1388
1421,82,1503,0.1388
1414,81,1495,0.1388
1414,80,1494,0.1388
1415,82,1497,0.1388
1413,81,1494,0.1388
1411,81,1492,0.1388
1411,79,1490,0.1388
1421,80,1501,0.1388
1420,78,1498,0.1388
1419,80,1499,0.1388
1415,83,1498,0.1388
1412,82,1494,0.1388
1413,82,1495,0.1388
1417,80,1497,0.1388
1409,82,1491,0.1388
1410,80,1490,0.1388
1405,79,1484,0.1388
1413,79,1492,0.1388
1401,79,1480,0.1388
1411,78,1489,0.1388
1418,81,1499,0.1388
1419,79,1498,0.1388
1405,77,1482,0.1388
1404,81,1485,0.1388
1403,79,1482,0.1388
1398,86,1484,0.1388
1410,87,1497,0.1388
1413,88,1501,0.1388
1413,83,1496,0.1388
1395,83,1478,0.1388
1395,85,1480,0.1388
1407,88,1495,0.1388
1421,89,1510,0.1388
1414,90,1504,0.1388
1420,93,1513,0.1388
1411,90,1501,0.1388
1397,92,1489,0.1388
1403,92,1495,0.1388
1398,88,1486,0.1388
1409,89,1498,0.1388
1408,87,1495,0.1388
1413,88,1501,0.1388
1409,90,1499,0.1388
1389,89,1478,0.1388
1383,88,1471,0.1388
1387,90,1477,0.1388
1394,91,1485,0.1388
1408,93,1501,0.1388
1398,95,1493,0.1388
1395,94,1489,0.1388
1401,94,1495,0.1388
1388,96,1484,0.1388
1383,98,1481,0.1388
1379,98,1477,0.1388
1394,99,1493,0.1388
1391,101,1492,0.1388
1404,98,1502,0.1388
1398,95,1493,0.1388
1394,97,1491,0.1388
1389,96,1485,0.1388
1386,96,1482,0.1388
1398,93,1491,0.1388
1400,91,1491,0.1388
1415,92,1507,0.1388
1412,92,1504,0.1388
1424,95,1519,0.1388
1412,95,1507,0.1388
1409,97,1506,0.1388
1413,95,1508,0.1388
1410,96,1506,0.1388
1406,96,1502,0.1388
1397,96,1493,0.1388
1399,95,1494,0.1388
1388,95,1483,0.1388
1401,94,1495,0.1388
1403,98,1501,0.1388
1399,96,1495,0.1388
1396,95,1491,0.1388
1393,93,1486,0.1388
1407,95,1502,0.1388
1409,92,1501,0.1388
1404,97,1501,0.1388
1407,99,1506,0.1388
1398,97,1495,0.1388
1407,102,1509,0.1388
1402,99,1501,0.1388
1393,97,1490,0.1388
1398,102,1500,0.1388
1407,102,1509,0.1388
1391,103,1494,0.1388
1403,104,1507,0.1388
1401,108,1509,0.1388
1396,109,1505,0.1388
1384,106,1490,0.1388
1378,110,1488,0.1388
1378,111,1489,0.1388
1390,111,1501,0.1388
1386,108,1494,0.1388
1379,109,1488,0.1388
1368,110,1478,0.1388
1374,115,1489,0.1388
1375,113,1488,0.1388
1388,112,1500,0.1388
1379,111,1490,0.1388
1379,112,1491,0.1388
1389,113,1502,0.1388
1377,110,1487,0.1388
1365,114,1479,0.1388
1368,116,1484,0.1388
1368,114,1482,0.1388
1374,119,1493,0.1388
1373,117,1490,0.1388
1375,118,1493,0.1388
1370,120,1490,0.1388
1377,116,1493,0.1388
1367,116,1483,0.1388
1355,114,1469,0.1388
1370,116,1486,0.1388
1373,113,1486,0.1388
1375,114,1489,0.1388
1379,111,1490,0.1388
1387,110,1497,0.1388
1396,110,1506,0.1388
1391,114,1505,0.1388
1395,113,1508,0.1388
1383,111,1494,0.1388
1379,112,1491,0.1388
1360,112,1472,0.1388
1368,114,1482,0.1388
1378,118,1496,0.1388
1371,120,1491,0.1388
1360,122,1482,0.1388
1356,119,1475,0.1388
1361,114,1475,0.1388
1358,117,1475,0.1388
1359,117,1476,0.1388
1361,119,1480,0.1388
1373,115,1488,0.1388
1364,118,1482,0.1388
1361,120,1481,0.1388
1354,122,1476,0.1388
1349,124,1473,0.1388
1358,123,1481,0.1388
1358,121,1479,0.1388
1371,121,1492,0.1388
1366,125,1491,0.1388
1360,132,1492,0.1388
1357,134,1491,0.1388
1362,135,1497,0.1388
1350,134,1484,0.1388
1356,136,1492,0.1388
1347,134,1481,0.1388
1349,135,1484,0.1388
1363,133,1496,0.1388
1355,133,1488,0.1388
1363,133,1496,0.1388
1363,131,1494,0.1388
1345,133,1478,0.1388
1355,135,1490,0.1388
1351,136,1487,0.1388
1342,140,1482,0.1388
1340,143,1483,0.1388
1350,144,1494,0.1388
1363,147,1510,0.1388
1360,148,1508,0.1388
1348,149,1497,0.1388
1343,150,1493,0.1388
1351,147,1498,0.1388
1353,146,1499,0.1388
1352,146,1498,0.1388
1362,148,1510,0.1388
1368,147,1515,0.1388
1360,148,1508,0.1388
1349,147,1496,0.1388
1336,147,1483,0.1388
1341,146,1487,0.1388
1356,148,1504,0.1388
1361,144,1505,0.1388
1345,144,1489,0.1388
1343,144,1487,0.1388
1332,149,1481,0.1388
1322,150,1472,0.1388
1339,151,1490,0.1388
1340,150,1490,0.1388
1340,151,1491,0.1388
1348,153,1501,0.1388
1342,151,1493,0.1388
1349,147,1496,0.1388
1358,155,1513,0.1388
1361,159,1520,0.1388
1363,155,1518,0.1388
1359,155,1514,0.1388
1353,158,1511,0.1388
1349,158,1507,0.1388
1339,158,1497,0.1388
1347,159,1506,0.1388
1345,156,1501,0.1388
1338,156,1494,0.1388
1347,157,1504,0.1388
1334,156,1490,0.1388
1329,153,1482,0.1388
1339,156,1495,0.1388
1337,158,1495,0.1388
1325,159,1484,0.1388
1320,158,1478,0.1388
1323,161,1484,0.1388
1334,159,1493,0.1388
1334,156,1490,0.1388
1314,157,1471,0.1388
1327,156,1483,0.1388
1331,156,1487,0.1388
1337,158,1495,0.1388
1347,157,1504,0.1388
1341,154,1495,0.1388
1346,154,1500,0.1388
1334,153,1487,0.1388
1330,161,1491,0.1388
1327,159,1486,0.1388
1333,162,1495,0.1388
1340,162,1502,0.1388
1345,156,1501,0.1388
1345,155,1500,0.1388
1338,158,1496,0.1388
1343,163,1506,0.1388
1336,162,1498,0.1388
1340,159,1499,0.1388
1353,161,1514,0.1388
1342,164,1506,0.1388
1340,166,1506,0.1388
1339,164,1503,0.1388
1343,161,1504,0.1388
1344,160,1504,0.1388
1343,161,1504,0.1388
1326,164,1490,0.1388
1320,165,1485,0.1388
1306,165,1471,0.1388
1307,164,1471,0.1388
1306,167,1473,0.1388
1288,167,1455,0.1388
1295,167,1462,0.1388
1298,171,1469,0.1388
1307,178,1485,0.1388
1315,178,1493,0.1388
1313,173,1486,0.1388
1322,172,1494,0.1388
1324,171,1495,0.1388
1320,172,1492,0.1388
1301,171,1472,0.1388
1317,176,1493,0.1388
1323,172,1495,0.1388
1319,179,1498,0.1388
1311,176,1487,0.1388
1316,175,1491,0.1388
1322,173,1495,0.1388
1315,174,1489,0.1388
1321,174,1495,0.1388
1330,175,1505,0.1388
1338,173,1511,0.1388
1332,178,1510,0.1388
1328,178,1506,0.1388
1318,181,1499,0.1388
1316,179,1495,0.1388
1310,181,1491,0.1388
1316,183,1499,0.1388
1320,183,1503,0.1388
1318,182,1500,0.1388
1328,185,1513,0.1388
1326,188,1514,0.1388
1316,188,1504,0.1388
1314,185,1499,0.1388
1309,182,1491,0.1388
1320,185,1505,0.1388
1312,190,1502,0.1388
1314,183,1497,0.1388
1305,183,1488,0.1388
1290,190,1480,0.1388
1289,190,1479,0.1388
1290,189,1479,0.1388
1291,195,1486,0.1388
1286,196,1482,0.1388
1292,195,1487,0.1388
1299,194,1493,0.1388
1308,196,1504,0.1388
1299,201,1500,0.1388
1297,204,1501,0.1388
1276,200,1476,0.1388
1267,204,1471,0.1388
1269,201,1470,0.1388
1279,210,1489,0.1388
1291,208,1499,0.1388
1296,212,1508,0.1388
1299,211,1510,0.1388
1280,213,1493,0.1388
1272,219,1491,0.1388
1278,220,1498,0.1388
1287,221,1508,0.1388
1283,216,1499,0.1388
1290,217,1507,0.1388
1283,215,1498,0.1388
1277,215,1492,0.1388
1264,212,1476,0.1388
1279,216,1495,0.1388
1272,222,1494,0.1388
1273,221,1494,0.1388
1277,224,1501,0.1388
1288,222,1510,0.1388
1279,218,1497,0.1388
1284,212,1496,0.1388
1291,213,1504,0.1388
1286,216,1502,0.1388
1288,219,1507,0.1388
1281,220,1501,0.1388
1276,218,1494,0.1388
1271,219,1490,0.1388
1275,223,1498,0.1388
1285,221,1506,0.1388
1285,223,1508,0.1388
1282,222,1504,0.1388
1279,217,1496,0.1388
1277,219,1496,0.1388
1277,219,1496,0.1388
1274,217,1491,0.1388
1268,218,1486,0.1388
1271,217,1488,0.1388
1279,223,1502,0.1388
1286,226,1512,0.1388
1293,227,1520,0.1388
1291,226,1517,0.1388
1282,227,1509,0.1388
1291,224,1515,0.1388
1279,226,1505,0.1388
1276,228,1504,0.1388
1273,233,1506,0.1388
1264,233,1497,0.1388
1256,235,1491,0.1388
1257,232,1489,0.1388
1265,229,1494,0.1388
1259,231,1490,0.1388
1254,231,1485,0.1388
1267,230,1497,0.1388
1273,227,1500,0.1388
1281,228,1509,0.1388
1284,230,1514,0.1388
1272,229,1501,0.1388
1276,228,1504,0.1388
1271,224,1495,0.1388
1271,222,1493,0.1388
1281,223,1504,0.1388
1276,221,1497,0.1388
1271,223,1494,0.1388
1279,222,1501,0.1388
1281,221,1502,0.1388
1267,225,1492,0.1388
1271,225,1496,0.1388
1274,225,1499,0.1388
1263,228,1491,0.1388
1275,225,1500,0.1388
1284,228,1512,0.1388
1270,229,1499,0.1388
1262,224,1486,0.1388
1269,227,1496,0.1388
1278,226,1504,0.1388
1272,224,1496,0.1388
1266,221,1487,0.1388
1268,219,1487,0.1388
1273,219,1492,0.1388
1261,223,1484,0.1388
1265,227,1492,0.1388
1272,229,1501,0.1388
1277,224,1501,0.1388
1269,226,1495,0.1388
1261,229,1490,0.1388
1252,230,1482,0.1388
1256,231,1487,0.1388
1263,235,1498,0.1388
1264,237,1501,0.1388
1269,238,1507,0.1388
1261,240,1501,0.1388
1267,243,1510,0.1388
1260,240,1500,0.1388
1249,238,1487,0.1388
1262,235,1497,0.1388
1267,237,1504,0.1388
1264,237,1501,0.1388
1265,237,1502,0.1388
1268,240,1508,0.1388
1265,240,1505,0.1388
1264,241,1505,0.1388
1275,241,1516,0.1388
1262,238,1500,0.1388
1259,239,1498,0.1388
1264,238,1502,0.1388
1259,240,1499,0.1388
1260,240,1500,0.1388
1258,245,1503,0.1388
1267,239,1506,0.1388
1261,243,1504,0.1388
1253,248,1501,0.1388
1257,248,1505,0.1388
1242,248,1490,0.1388
1244,251,1495,0.1388
1260,247,1507,0.1388
1254,244,1498,0.1388
1256,242,1498,0.1388
1258,244,1502,0.1388
1257,245,1502,0.1388
1256,241,1497,0.1388
1259,239,1498,0.1388
1251,238,1489,0.1388
1262,235,1497,0.1388
1265,239,1504,0.1388
1274,238,1512,0.1388
1272,239,1511,0.1388
1268,241,1509,0.1388
1269,236,1505,0.1388
1255,233,1488,0.1388
1257,235,1492,0.1388
1257,233,1490,0.1388
1273,229,1502,0.1388
1269,234,1503,0.1388
1264,232,1496,0.1388
1268,239,1507,0.1388
1269,242,1511,0.1388
1254,238,1492,0.1388
1254,235,1489,0.1388
1267,233,1500,0.1388
1258,230,1488,0.1388
1260,233,1493,0.1388
1263,241,1504,0.1388
1259,240,1499,0.1388
1238,238,1476,0.1388
1245,243,1488,0.1388
1253,243,1496,0.1388
1263,245,1508,0.1388
1263,245,1508,0.1388
1277,242,1519,0.1388
1280,242,1522,0.1388
1270,241,1511,0.1388
1269,243,1512,0.1388
1262,239,1501,0.1388
1261,246,1507,0.1388
1258,241,1499,0.1388
1259,249,1508,0.1388
1252,247,1499,0.1388
1242,249,1491,0.1388
1246,250,1496,0.1388
1246,251,1497,0.1388
1241,254,1495,0.1388
1243,252,1495,0.1388
1246,253,1499,0.1388
1240,256,1496,0.1388
1251,255,1506,0.1388
1257,259,1516,0.1388
1251,262,1513,0.1388
1258,264,1522,0.1388
1243,265,1508,0.1388
1239,267,1506,0.1388
1235,269,1504,0.1388
1233,269,1502,0.1388
1231,263,1494,0.1388
1223,263,1486,0.1388
1224,269,1493,0.1388
1232,267,1499,0.1388
1250,268,1518,0.1388
1259,269,1528,0.1388
1239,274,1513,0.1388
1241,265,1506,0.1388
1236,265,1501,0.1388
1237,266,1503,0.1388
1234,270,1504,0.1388
1238,270,1508,0.1388
1223,264,1487,0.1388
1226,263,1489,0.1388
1218,260,1478,0.1388
1228,263,1491,0.1388
1239,267,1506,0.1388
1238,268,1506,0.1388
1230,270,1500,0.1388
1228,272,1500,0.1388
1223,272,1495,0.1388
1220,267,1487,0.1388
1222,269,1491,0.1388
1224,279,1503,0.1388
1227,281,1508,0.1388
1218,281,1499,0.1388
1225,283,1508,0.1388
1215,278,1493,0.1388
1215,275,1490,0.1388
1221,279,1500,0.1388
1223,277,1500,0.1388
1214,278,1492,0.1388
1208,278,1486,0.1388
1220,281,1501,0.1388
1203,283,1486,0.1388
1212,277,1489,0.1388
1209,282,1491,0.1388
1213,285,1498,0.1388
1218,280,1498,0.1388
1227,275,1502,0.1388
1224,279,1503,0.1388
1217,282,1499,0.1388
1220,278,1498,0.1388
1223,282,1505,0.1388
1213,290,1503,0.1388
1214,285,1499,0.1388
1218,289,1507,0.1388
1212,294,1506,0.1388
1205,294,1499,0.1388
1198,298,1496,0.1388
1192,302,1494,0.1388
1198,303,1501,0.1388
1209,305,1514,0.1388
1211,302,1513,0.1388
1216,302,1518,0.1388
1211,301,1512,0.1388
1194,306,1500,0.1388
1194,310,1504,0.1388
1199,317,1516,0.1388
1188,314,1502,0.1388
1180,313,1493,0.1388
1191,313,1504,0.1388
1189,313,1502,0.1388
1180,316,1496,0.1388
1186,313,1499,0.1388
1192,311,1503,0.1388
1187,315,1502,0.1388
1189,318,1507,0.1388
1186,316,1502,0.1388
1180,322,1502,0.1388
1177,318,1495,0.1388
1165,323,1488,0.1388
1175,319,1494,0.1388
1185,313,1498,0.1388
1180,311,1491,0.1388
1172,313,1485,0.1388
1175,319,1494,0.1388
1176,320,1496,0.1388
1183,321,1504,0.1388
1166,316,1482,0.1388
1169,324,1493,0.1388
1167,329,1496,0.1388
1160,322,1482,0.1388
1164,321,1485,0.1388
1173,326,1499,0.1388
1169,333,1502,0.1388
1161,331,1492,0.1388
1161,333,1494,0.1388
1162,328,1490,0.1388
1167,328,1495,0.1388
1169,329,1498,0.1388
1169,338,1507,0.1388
1158,335,1493,0.1388
1150,339,1489,0.1388
1150,336,1486,0.1388
1158,335,1493,0.1388
1143,342,1485,0.1388
1144,339,1483,0.1388
1157,343,1500,0.1388
1163,341,1504,0.1388
1171,344,1515,0.1388
1156,343,1499,0.1388
1173,338,1511,0.1388
1165,337,1502,0.1388
1168,340,1508,0.1388
1162,343,1505,0.1388
1158,347,1505,0.1388
1150,346,1496,0.1388
1146,349,1495,0.1388
1156,351,1507,0.1388
1155,360,1515,0.1388
1148,353,1501,0.1388
1134,355,1489,0.1388
1149,356,1505,0.1388
1153,360,1513,0.1388
1150,369,1519,0.1388
1148,369,1517,0.1388
1154,370,1524,0.1388
1153,376,1529,0.1388
1142,375,1517,0.1388
1139,372,1511,0.1388
1127,367,1494,0.1388
1128,370,1498,0.1388
1131,379,1510,0.1388
1130,376,1506,0.1388
1126,374,1500,0.1388
1123,372,1495,0.1388
1136,374,1510,0.1388
1137,372,1509,0.1388
1134,375,1509,0.1388
1128,379,1507,0.1388
1130,380,1510,0.1388
1126,376,1502,0.1388
1129,375,1504,0.1388
1131,369,1500,0.1388
1134,378,1512,0.1388
1125,382,1507,0.1388
1110,379,1489,0.1388
1104,387,1491,0.1388
1117,381,1498,0.1388
1126,389,1515,0.1388
1131,395,1526,0.1388
1121,392,1513,0.1388
1120,393,1513,0.1388
1115,390,1505,0.1388
1106,386,1492,0.1388
1099,392,1491,0.1388
1103,388,1491,0.1388
1104,393,1497,0.1388
1109,393,1502,0.1388
1101,395,1496,0.1388
1116,400,1516,0.1388
1113,400,1513,0.1388
1114,400,1514,0.1388
1116,397,1513,0.1388
1104,404,1508,0.1388
1096,399,1495,0.1388
1108,397,1505,0.1388
1128,393,1521,0.1388
1120,394,1514,0.1388
1108,395,1503,0.1388
1109,396,1505,0.1388
1103,404,1507,0.1388
1097,398,1495,0.1388
1087,402,1489,0.1388
1099,403,1502,0.1388
1094,399,1493,0.1388
1094,404,1498,0.1388
1096,402,1498,0.1388
1102,399,1501,0.1388
1092,402,1494,0.1388
1100,402,1502,0.1388
1104,397,1501,0.1388
1105,403,1508,0.1388
1101,404,1505,0.1388
1108,408,1516,0.1388
1101,404,1505,0.1388
1111,395,1506,0.1388
1097,395,1492,0.1388
1084,396,1480,0.1388
1081,409,1490,0.1388
1073,414,1487,0.1388
1079,423,1502,0.1388
1074,419,1493,0.1388
1070,433,1503,0.1388
1061,432,1493,0.1388
1058,438,1496,0.1388
1050,433,1483,0.1388
1061,427,1488,0.1388
1047,429,1476,0.1388
1045,442,1487,0.1388
1044,439,1483,0.1388
1042,438,1480,0.1388
1058,440,1498,0.1388
1052,433,1485,0.1388
1053,435,1488,0.1388
1049,447,1496,0.1388
1050,454,1504,0.1388
1036,456,1492,0.1388
1043,459,1502,0.1388
1019,460,1479,0.1388
1030,470,1500,0.1388
1040,473,1513,0.1388
1027,476,1503,0.1388
1013,471,1484,0.1388
1024,473,1497,0.1388
1019,473,1492,0.1388
1009,480,1489,0.1388
1012,489,1501,0.1388
1008,484,1492,0.1388
1011,475,1486,0.1388
1004,468,1472,0.1388
1000,471,1471,0.1388
1000,471,1471,0.1388
1017,477,1494,0.1388
1022,477,1499,0.1388
1025,473,1498,0.1388
1021,470,1491,0.1388
1018,473,1491,0.1388
1035,479,1514,0.1388
1032,469,1501,0.1388
1035,479,1514,0.1388
1027,477,1504,0.1388
1023,472,1495,0.1388
1016,473,1489,0.1388
1028,472,1500,0.1388
1026,476,1502,0.1388
1017,483,1500,0.1388
1025,481,1506,0.1388
1023,474,1497,0.1388
1014,472,1486,0.1388
1020,481,1501,0.1388
1011,484,1495,0.1388
1007,486,1493,0.1388
1012,496,1508,0.1388
1007,493,1500,0.1388
991,492,1483,0.1388
1000,500,1500,0.1388
1002,497,1499,0.1388
1008,496,1504,0.1388
1000,494,1494,0.1388
991,499,1490,0.1388
984,498,1482,0.1388
988,502,1490,0.1388
982,503,1485,0.1388
981,502,1483,0.1388
972,506,1478,0.1388
981,521,1502,0.1388
982,518,1500,0.1388
989,523,1512,0.1388
987,524,1511,0.1388
988,522,1510,0.1388
975,518,1493,0.1388
984,515,1499,0.1388
999,519,1518,0.1388
1002,512,1514,0.1388
995,508,1503,0.1388
1006,503,1509,0.1388
1009,510,1519,0.1388
1011,508,1519,0.1388
1007,507,1514,0.1388
1009,504,1513,0.1388
998,507,1505,0.1388
999,507,1506,0.1388
1004,506,1510,0.1388
984,511,1495,0.1388
989,513,1502,0.1388
998,509,1507,0.1388
996,518,1514,0.1388
994,510,1504,0.1388
986,514,1500,0.1388
989,502,1491,0.1388
992,500,1492,0.1388
985,498,1483,0.1388
987,504,1491,0.1388
987,505,1492,0.1388
987,507,1494,0.1388
998,504,1502,0.1388
999,504,1503,0.1388
1000,516,1516,0.1388
995,522,1517,0.1388
968,529,1497,0.1388
963,534,1497,0.1388
959,533,1492,0.1388
953,535,1488,0.1388
960,528,1488,0.1388
966,533,1499,0.1388
966,536,1502,0.1388
964,546,1510,0.1388
964,554,1518,0.1388
958,554,1512,0.1388
960,546,1506,0.1388
955,544,1499,0.1388
955,545,1500,0.1388
954,544,1498,0.1388
962,542,1504,0.1388
953,549,1502,0.1388
961,550,1511,0.1388
963,556,1519,0.1388
957,551,1508,0.1388
953,550,1503,0.1388
960,551,1511,0.1388
960,550,1510,0.1388
958,548,1506,0.1388
967,550,1517,0.1388
955,548,1503,0.1388
948,544,1492,0.1388
962,544,1506,0.1388
955,544,1499,0.1388
949,541,1490,0.1388
944,553,1497,0.1388
944,556,1500,0.1388
935,549,1484,0.1388
938,548,1486,0.1388
948,552,1500,0.1388
944,549,1493,0.1388
935,559,1494,0.1388
933,559,1492,0.1388
946,560,1506,0.1388
943,567,1510,0.1388
950,562,1512,0.1388
952,562,1514,0.1388
952,570,1522,0.1388
950,559,1509,0.1388
952,560,1512,0.1388
950,552,1502,0.1388
952,564,1516,0.1388
951,563,1514,0.1388
948,559,1507,0.1388
945,555,1500,0.1388
948,552,1500,0.1388
942,546,1488,0.1388
933,546,1479,0.1388
932,545,1477,0.1388
924,556,1480,0.1388
930,551,1481,0.1388
934,556,1490,0.1388
924,562,1486,0.1388
922,557,1479,0.1388
916,567,1483,0.1388
923,566,1489,0.1388
931,570,1501,0.1388
931,563,1494,0.1388
933,561,1494,0.1388
929,572,1501,0.1388
937,572,1509,0.1388
938,580,1518,0.1388
943,581,1524,0.1388
921,579,1500,0.1388
922,570,1492,0.1388
928,570,1498,0.1388
921,562,1483,0.1388
920,562,1482,0.1388
929,569,1498,0.1388
926,569,1495,0.1388
927,574,1501,0.1388
932,568,1500,0.1388
936,574,1510,0.1388
930,580,1510,0.1388
937,581,1518,0.1388
932,575,1507,0.1388
932,573,1505,0.1388
934,575,1509,0.1388
933,586,1519,0.1388
926,591,1517,0.1388
928,584,1512,0.1388
929,569,1498,0.1388
931,580,1511,0.1388
929,587,1516,0.1388
928,592,1520,0.1388
918,590,1508,0.1388
920,580,1500,0.1388
927,580,1507,0.1388
936,579,1515,0.1388
932,589,1521,0.1388
926,588,1514,0.1388
921,583,1504,0.1388
919,586,1505,0.1388
922,589,1511,0.1388
925,583,1508,0.1388
924,583,1507,0.1388
922,583,1505,0.1388
917,592,1509,0.1388
910,603,1513,0.1388
908,605,1513,0.1388
908,611,1519,0.1388
903,608,1511,0.1388
891,607,1498,0.1388
899,610,1509,0.1388
896,613,1509,0.1388
893,615,1508,0.1388
901,609,1510,0.1388
902,602,1504,0.1388
897,606,1503,0.1388
895,605,1500,0.1388
891,596,1487,0.1388
892,597,1489,0.1388
888,598,1486,0.1388
887,605,1492,0.1388
891,600,1491,0.1388
895,606,1501,0.1388
890,607,1497,0.1388
897,608,1505,0.1388
898,607,1505,0.1388
897,603,1500,0.1388
894,603,1497,0.1388
887,600,1487,0.1388
879,611,1490,0.1388
882,621,1503,0.1388
875,619,1494,0.1388
879,617,1496,0.1388
871,609,1480,0.1388
870,621,1491,0.1388
873,615,1488,0.1388
877,617,1494,0.1388
875,625,1500,0.1388
880,632,1512,0.1388
885,634,1519,0.1388
884,640,1524,0.1388
875,643,1518,0.1388
869,637,1506,0.1388
858,635,1493,0.1388
856,639,1495,0.1388
854,640,1494,0.1388
853,639,1492,0.1388
852,644,1496,0.1388
856,656,1512,0.1388
858,658,1516,0.1388
866,658,1524,0.1388
869,647,1516,0.1388
871,649,1520,0.1388
862,642,1504,0.1388
856,652,1508,0.1388
845,646,1491,0.1388
844,654,1498,0.1388
849,656,1505,0.1388
849,659,1508,0.1388
846,660,1506,0.1388
846,653,1499,0.1388
839,654,1493,0.1388
838,658,1496,0.1388
837,667,1504,0.1388
845,663,1508,0.1388
859,663,1522,0.1388
855,667,1522,0.1388
844,669,1513,0.1388
841,669,1510,0.1388
839,661,1500,0.1388
840,655,1495,0.1388
840,666,1506,0.1388
836,669,1505,0.1388
829,671,1500,0.1388
830,671,1501,0.1388
828,670,1498,0.1388
832,668,1500,0.1388
840,662,1502,0.1388
845,660,1505,0.1388
853,661,1514,0.1388
857,667,1524,0.1388
847,659,1506,0.1388
855,667,1522,0.1388
845,671,1516,0.1388
839,668,1507,0.1388
842,672,1514,0.1388
834,664,1498,0.1388
828,654,1482,0.1388
826,659,1485,0.1388
829,665,1494,0.1388
849,658,1507,0.1388
852,663,1515,0.1388
841,665,1506,0.1388
832,659,1491,0.1388
834,661,1495,0.1388
830,659,1489,0.1388
835,658,1493,0.1388
837,654,1491,0.1388
828,666,1494,0.1388
830,671,1501,0.1388
826,675,1501,0.1388
829,669,1498,0.1388
822,673,1495,0.1388
829,669,1498,0.1388
831,671,1502,0.1388
823,680,1503,0.1388
814,693,1507,0.1388
810,690,1500,0.1388
802,685,1487,0.1388
798,689,1487,0.1388
802,691,1493,0.1388
808,697,1505,0.1388
802,700,1502,0.1388
794,694,1488,0.1388
791,705,1496,0.1388
797,703,1500,0.1388
786,701,1487,0.1388
788,711,1499,0.1388
790,709,1499,0.1388
785,715,1500,0.1388
781,710,1491,0.1388
781,712,1493,0.1388
796,705,1501,0.1388
794,718,1512,0.1388
788,717,1505,0.1388
781,714,1495,0.1388
780,713,1493,0.1388
786,722,1508,0.1388
784,722,1506,0.1388
790,722,1512,0.1388
789,722,1511,0.1388
780,719,1499,0.1388
789,725,1514,0.1388
795,714,1509,0.1388
792,724,1516,0.1388
795,721,1516,0.1388
791,730,1521,0.1388
784,729,1513,0.1388
771,727,1498,0.1388
783,730,1513,0.1388
779,734,1513,0.1388
784,727,1511,0.1388
779,728,1507,0.1388
773,728,1501,0.1388
779,730,1509,0.1388
772,728,1500,0.1388
769,728,1497,0.1388
776,732,1508,0.1388
784,731,1515,0.1388
783,736,1519,0.1388
782,729,1511,0.1388
783,723,1506,0.1388
774,722,1496,0.1388
777,723,1500,0.1388
785,726,1511,0.1388
781,723,1504,0.1388
775,734,1509,0.1388
771,736,1507,0.1388
778,730,1508,0.1388
787,732,1519,0.1388
769,733,1502,0.1388
767,733,1500,0.1388
776,721,1497,0.1388
771,728,1499,0.1388
756,738,1494,0.1388
754,728,1482,0.1388
758,734,1492,0.1388
758,735,1493,0.1388
761,743,1504,0.1388
749,750,1499,0.1388
756,746,1502,0.1388
762,752,1514,0.1388
774,748,1522,0.1388
774,742,1516,0.1388
762,738,1500,0.1388
763,745,1508,0.1388
771,731,1502,0.1388
777,731,1508,0.1388
778,743,1521,0.1388
767,735,1502,0.1388
775,727,1502,0.1388
768,740,1508,0.1388
766,744,1510,0.1388
765,746,1511,0.1388
767,745,1512,0.1388
756,742,1498,0.1388
748,736,1484,0.1388
765,734,1499,0.1388
761,740,1501,0.1388
774,744,1518,0.1388
768,745,1513,0.1388
758,737,1495,0.1388
750,748,1498,0.1388
754,747,1501,0.1388
749,745,1494,0.1388
747,746,1493,0.1388
753,751,1504,0.1388
748,756,1504,0.1388
755,749,1504,0.1388
755,764,1519,0.1388
755,764,1519,0.1388
757,758,1515,0.1388
748,756,1504,0.1388
747,754,1501,0.1388
753,748,1501,0.1388
757,759,1516,0.1388
760,756,1516,0.1388
758,756,1514,0.1388
756,763,1519,0.1388
756,761,1517,0.1388
763,755,1518,0.1388
767,757,1524,0.1388
763,750,1513,0.1388
751,753,1504,0.1388
750,755,1505,0.1388
769,747,1516,0.1388
771,737,1508,0.1388
772,740,1512,0.1388
765,736,1501,0.1388
772,741,1513,0.1388
771,735,1506,0.1388
775,739,1514,0.1388
769,734,1503,0.1388
760,740,1500,0.1388
753,745,1498,0.1388
764,745,1509,0.1388
775,742,1517,0.1388
777,746,1523,0.1388
777,743,1520,0.1388
775,744,1519,0.1388
778,758,1536,0.1388
773,753,1526,0.1388
764,752,1516,0.1388
770,755,1525,0.1388
763,755,1518,0.1388
754,756,1510,0.1388
740,767,1507,0.1388
738,771,1509,0.1388
747,777,1524,0.1388
730,765,1495,0.1388
738,758,1496,0.1388
746,757,1503,0.1388
743,754,1497,0.1388
741,760,1501,0.1388
740,751,1491,0.1388
744,757,1501,0.1388
731,768,1499,0.1388
733,769,1502,0.1388
731,770,1501,0.1388
732,778,1510,0.1388
729,779,1508,0.1388
725,777,1502,0.1388
730,769,1499,0.1388
732,771,1503,0.1388
730,774,1504,0.1388
733,781,1514,0.1388
746,789,1535,0.1388
737,782,1519,0.1388
728,777,1505,0.1388
720,777,1497,0.1388
713,782,1495,0.1388
713,786,1499,0.1388
711,781,1492,0.1388
701,790,1491,0.1388
696,792,1488,0.1388
695,793,1488,0.1388
698,799,1497,0.1388
709,798,1507,0.1388
716,794,1510,0.1388
721,790,1511,0.1388
716,799,1515,0.1388
714,797,1511,0.1388
722,794,1516,0.1388
719,799,1518,0.1388
715,797,1512,0.1388
710,794,1504,0.1388
707,791,1498,0.1388
706,803,1509,0.1388
703,808,1511,0.1388
698,807,1505,0.1388
693,810,1503,0.1388
698,813,1511,0.1388
698,819,1517,0.1388
698,811,1509,0.1388
694,823,1517,0.1388
710,797,1507,0.1388
706,796,1502,0.1388
705,802,1507,0.1388
717,808,1525,0.1388
713,800,1513,0.1388
711,792,1503,0.1388
706,792,1498,0.1388
704,790,1494,0.1388
712,805,1517,0.1388
710,801,1511,0.1388
706,801,1507,0.1388
713,808,1521,0.1388
707,807,1514,0.1388
704,814,1518,0.1388
699,819,1518,0.1388
689,823,1512,0.1388
692,811,1503,0.1388
693,825,1518,0.1388
693,823,1516,0.1388
696,819,1515,0.1388
693,825,1518,0.1388
693,826,1519,0.1388
693,826,1519,0.1388
678,825,1503,0.1388
682,819,1501,0.1388
680,824,1504,0.1388
687,820,1507,0.1388
685,823,1508,0.1388
676,821,1497,0.1388
678,837,1515,0.1388
675,840,1515,0.1388
681,839,1520,0.1388
675,826,1501,0.1388
669,829,1498,0.1388
668,817,1485,0.1388
677,832,1509,0.1388
670,834,1504,0.1388
661,838,1499,0.1388
650,840,1490,0.1388
649,843,1492,0.1388
658,851,1509,0.1388
660,853,1513,0.1388
646,854,1500,0.1388
646,858,1504,0.1388
642,857,1499,0.1388
646,851,1497,0.1388
651,853,1504,0.1388
650,850,1500,0.1388
642,848,1490,0.1388
645,851,1496,0.1388
638,843,1481,0.1388
635,851,1486,0.1388
639,859,1498,0.1388
643,859,1502,0.1388
636,868,1504,0.1388
637,871,1508,0.1388
633,869,1502,0.1388
632,880,1512,0.1388
625,875,1500,0.1388
625,879,1504,0.1388
613,877,1490,0.1388
606,884,1490,0.1388
606,884,1490,0.1388
612,887,1499,0.1388
614,886,1500,0.1388
614,888,1502,0.1388
614,893,1507,0.1388
623,895,1518,0.1388
609,903,1512,0.1388
616,904,1520,0.1388
616,902,1518,0.1388
617,894,1511,0.1388
616,884,1500,0.1388
607,889,1496,0.1388
605,881,1486,0.1388
612,886,1498,0.1388
610,879,1489,0.1388
609,887,1496,0.1388
610,888,1498,0.1388
612,885,1497,0.1388
616,889,1505,0.1388
613,897,1510,0.1388
613,907,1520,0.1388
617,913,1530,0.1388
610,894,1504,0.1388
614,896,1510,0.1388
618,890,1508,0.1388
614,909,1523,0.1388
619,899,1518,0.1388
619,883,1502,0.1388
617,891,1508,0.1388
611,903,1514,0.1388
602,913,1515,0.1388
599,909,1508,0.1388
596,912,1508,0.1388
588,920,1508,0.1388
589,921,1510,0.1388
585,909,1494,0.1388
585,907,1492,0.1388
588,904,1492,0.1388
586,913,1499,0.1388
582,914,1496,0.1388
586,922,1508,0.1388
586,908,1494,0.1388
585,906,1491,0.1388
580,911,1491,0.1388
589,912,1501,0.1388
591,908,1499,0.1388
585,914,1499,0.1388
586,911,1497,0.1388
591,920,1511,0.1388
585,916,1501,0.1388
589,915,1504,0.1388
582,920,1502,0.1388
574,919,1493,0.1388
571,923,1494,0.1388
566,933,1499,0.1388
568,945,1513,0.1388
572,949,1521,0.1388
571,939,1510,0.1388
572,930,1502,0.1388
574,932,1506,0.1388
571,924,1495,0.1388
569,942,1511,0.1388
569,942,1511,0.1388
570,938,1508,0.1388
567,935,1502,0.1388
560,934,1494,0.1388
558,939,1497,0.1388
562,945,1507,0.1388
561,949,1510,0.1388
556,950,1506,0.1388
554,944,1498,0.1388
550,948,1498,0.1388
555,944,1499,0.1388
551,953,1504,0.1388
552,957,1509,0.1388
554,956,1510,0.1388
542,958,1500,0.1388
550,960,1510,0.1388
541,972,1513,0.1388
542,971,1513,0.1388
534,967,1501,0.1388
545,955,1500,0.1388
538,962,1500,0.1388
532,964,1496,0.1388
537,972,1509,0.1388
539,984,1523,0.1388
535,987,1522,0.1388
532,984,1516,0.1388
531,974,1505,0.1388
529,968,1497,0.1388
532,962,1494,0.1388
542,961,1503,0.1388
544,961,1505,0.1388
546,969,1515,0.1388
536,975,1511,0.1388
538,973,1511,0.1388
536,985,1521,0.1388
532,979,1511,0.1388
528,991,1519,0.1388
520,984,1504,0.1388
526,987,1513,0.1388
522,980,1502,0.1388
523,978,1501,0.1388
526,990,1516,0.1388
525,988,1513,0.1388
523,987,1510,0.1388
519,984,1503,0.1388
515,986,1501,0.1388
514,982,1496,0.1388
516,979,1495,0.1388
517,986,1503,0.1388
512,999,1511,0.1388
511,1006,1517,0.1388
511,1009,1520,0.1388
511,1004,1515,0.1388
510,1003,1513,0.1388
512,1003,1515,0.1388
502,1005,1507,0.1388
492,1011,1503,0.1388
493,1004,1497,0.1388
494,1002,1496,0.1388
494,1004,1498,0.1388
494,1006,1500,0.1388
491,1009,1500,0.1388
497,1000,1497,0.1388
496,1007,1503,0.1388
490,1010,1500,0.1388
494,1020,1514,0.1388
493,1021,1514,0.1388
492,1009,1501,0.1388
495,1005,1500,0.1388
499,1011,1510,0.1388
496,1014,1510,0.1388
499,1009,1508,0.1388
494,1012,1506,0.1388
487,1015,1502,0.1388
497,1023,1520,0.1388
495,1021,1516,0.1388
490,1034,1524,0.1388
491,1030,1521,0.1388
503,1034,1537,0.1388
497,1032,1529,0.1388
484,1017,1501,0.1388
486,1014,1500,0.1388
500,1014,1514,0.1388
502,1017,1519,0.1388
496,1019,1515,0.1388
504,1011,1515,0.1388
500,1017,1517,0.1388
500,1005,1505,0.1388
495,1017,1512,0.1388
494,1011,1505,0.1388
489,1011,1500,0.1388
487,1025,1512,0.1388
487,1027,1514,0.1388
494,1033,1527,0.1388
502,1032,1534,0.1388
504,1024,1528,0.1388
500,1017,1517,0.1388
502,1009,1511,0.1388
503,1009,1512,0.1388
507,1015,1522,0.1388
501,1015,1516,0.1388
495,1019,1514,0.1388
494,1018,1512,0.1388
496,1015,1511,0.1388
483,1018,1501,0.1388
496,1020,1516,0.1388
495,1014,1509,0.1388
493,1015,1508,0.1388
489,1009,1498,0.1388
490,1013,1503,0.1388
480,1014,1494,0.1388
472,1023,1495,0.1388
474,1015,1489,0.1388
475,1017,1492,0.1388
474,1028,1502,0.1388
473,1027,1500,0.1388
473,1035,1508,0.1388
465,1032,1497,0.1388
468,1035,1503,0.1388
459,1038,1497,0.1388
456,1042,1498,0.1388
458,1034,1492,0.1388
460,1033,1493,0.1388
462,1044,1506,0.1388
466,1045,1511,0.1388
462,1051,1513,0.1388
458,1045,1503,0.1388
459,1051,1510,0.1388
451,1056,1507,0.1388
454,1070,1524,0.1388
452,1064,1516,0.1388
451,1067,1518,0.1388
460,1061,1521,0.1388
453,1056,1509,0.1388
451,1055,1506,0.1388
434,1078,1512,0.1388
425,1074,1499,0.1388
431,1089,1520,0.1388
432,1092,1524,0.1388
431,1095,1526,0.1388
416,1082,1498,0.1388
423,1075,1498,0.1388
427,1075,1502,0.1388
421,1072,1493,0.1388
419,1069,1488,0.1388
425,1077,1502,0.1388
427,1074,1501,0.1388
426,1070,1496,0.1388
425,1070,1495,0.1388
420,1066,1486,0.1388
422,1071,1493,0.1388
419,1081,1500,0.1388
420,1086,1506,0.1388
417,1085,1502,0.1388
424,1079,1503,0.1388
430,1087,1517,0.1388
427,1081,1508,0.1388
429,1079,1508,0.1388
427,1065,1492,0.1388
435,1069,1504,0.1388
436,1080,1516,0.1388
439,1076,1515,0.1388
439,1080,1519,0.1388
437,1076,1513,0.1388
435,1084,1519,0.1388
435,1072,1507,0.1388
434,1071,1505,0.1388
436,1071,1507,0.1388
434,1070,1504,0.1388
430,1072,1502,0.1388
438,1053,1491,0.1388
444,1061,1505,0.1388
450,1066,1516,0.1388
445,1069,1514,0.1388
439,1079,1518,0.1388
433,1078,1511,0.1388
437,1070,1507,0.1388
441,1080,1521,0.1388
441,1081,1522,0.1388
442,1082,1524,0.1388
449,1092,1541,0.1388
439,1091,1530,0.1388
439,1082,1521,0.1388
439,1081,1520,0.1388
436,1088,1524,0.1388
438,1093,1531,0.1388
432,1088,1520,0.1388
432,1092,1524,0.1388
437,1091,1528,0.1388
435,1092,1527,0.1388
431,1092,1523,0.1388
425,1086,1511,0.1388
417,1085,1502,0.1388
426,1090,1516,0.1388
426,1081,1507,0.1388
431,1092,1523,0.1388
420,1090,1510,0.1388
423,1094,1517,0.1388
416,1100,1516,0.1388
415,1091,1506,0.1388
412,1092,1504,0.1388
418,1096,1514,0.1388
421,1091,1512,0.1388
415,1103,1518,0.1388
421,1112,1533,0.1388
420,1108,1528,0.1388
421,1112,1533,0.1388
416,1103,1519,0.1388
415,1109,1524,0.1388
411,1103,1514,0.1388
412,1111,1523,0.1388
416,1104,1520,0.1388
410,1109,1519,0.1388
409,1105,1514,0.1388
411,1104,1515,0.1388
413,1111,1524,0.1388
414,1111,1525,0.1388
411,1109,1520,0.1388
412,1099,1511,0.1388
410,1094,1504,0.1388
411,1097,1508,0.1388
407,1107,1514,0.1388
410,1107,1517,0.1388
413,1105,1518,0.1388
408,1113,1521,0.1388
406,1110,1516,0.1388
412,1110,1522,0.1388
411,1106,1517,0.1388
415,1105,1520,0.1388
411,1102,1513,0.1388
418,1105,1523,0.1388
416,1101,1517,0.1388
420,1102,1522,0.1388
417,1095,1512,0.1388
412,1091,1503,0.1388
413,1101,1514,0.1388
419,1084,1503,0.1388
413,1082,1495,0.1388
419,1088,1507,0.1388
416,1091,1507,0.1388
422,1095,1517,0.1388
416,1083,1499,0.1388
417,1084,1501,0.1388
417,1098,1515,0.1388
417,1094,1511,0.1388
414,1090,1504,0.1388
424,1091,1515,0.1388
421,1091,1512,0.1388
417,1095,1512,0.1388
415,1093,1508,0.1388
425,1083,1508,0.1388
419,1094,1513,0.1388
418,1096,1514,0.1388
417,1104,1521,0.1388
423,1096,1519,0.1388
418,1102,1520,0.1388
415,1104,1519,0.1388
417,1102,1519,0.1388
412,1105,1517,0.1388
414,1097,1511,0.1388
407,1105,1512,0.1388
405,1103,1508,0.1388
402,1098,1500,0.1388
401,1104,1505,0.1388
395,1109,1504,0.1388
397,1109,1506,0.1388
399,1121,1520,0.1388
396,1122,1518,0.1388
395,1114,1509,0.1388
391,1120,1511,0.1388
384,1124,1508,0.1388
394,1110,1504,0.1388
391,1120,1511,0.1388
389,1116,1505,0.1388
393,1112,1505,0.1388
386,1116,1502,0.1388
379,1117,1496,0.1388
378,1133,1511,0.1388
376,1119,1495,0.1388
379,1122,1501,0.1388
374,1129,1503,0.1388
367,1134,1501,0.1388
369,1139,1508,0.1388
374,1144,1518,0.1388
374,1150,1524,0.1388
372,1143,1515,0.1388
371,1138,1509,0.1388
367,1142,1509,0.1388
373,1135,1508,0.1388
366,1144,1510,0.1388
365,1152,1517,0.1388
369,1157,1526,0.1388
372,1149,1521,0.1388
369,1147,1516,0.1388
362,1154,1516,0.1388
356,1142,1498,0.1388
354,1132,1486,0.1388
349,1153,1502,0.1388
355,1158,1513,0.1388
367,1148,1515,0.1388
356,1157,1513,0.1388
354,1150,1504,0.1388
359,1157,1516,0.1388
363,1150,1513,0.1388
358,1152,1510,0.1388
355,1160,1515,0.1388
358,1157,1515,0.1388
351,1155,1506,0.1388
353,1156,1509,0.1388
352,1160,1512,0.1388
346,1166,1512,0.1388
342,1165,1507,0.1388
339,1161,1500,0.1388
340,1177,1517,0.1388
340,1176,1516,0.1388
341,1182,1523,0.1388
343,1174,1517,0.1388
339,1185,1524,0.1388
336,1179,1515,0.1388
337,1186,1523,0.1388
336,1181,1517,0.1388
337,1180,1517,0.1388
342,1186,1528,0.1388
343,1180,1523,0.1388
343,1178,1521,0.1388
340,1178,1518,0.1388
341,1170,1511,0.1388
339,1165,1504,0.1388
342,1177,1519,0.1388
337,1181,1518,0.1388
341,1163,1504,0.1388
342,1169,1511,0.1388
347,1165,1512,0.1388
354,1177,1531,0.1388
348,1163,1511,0.1388
345,1166,1511,0.1388
344,1165,1509,0.1388
349,1178,1527,0.1388
347,1178,1525,0.1388
343,1182,1525,0.1388
340,1183,1523,0.1388
342,1164,1506,0.1388
353,1165,1518,0.1388
343,1157,1500,0.1388
340,1165,1505,0.1388
338,1164,1502,0.1388
340,1153,1493,0.1388
334,1159,1493,0.1388
328,1165,1493,0.1388
327,1165,1492,0.1388
329,1172,1501,0.1388
335,1186,1521,0.1388
338,1170,1508,0.1388
345,1170,1515,0.1388
341,1176,1517,0.1388
340,1175,1515,0.1388
346,1180,1526,0.1388
347,1180,1527,0.1388
350,1171,1521,0.1388
344,1170,1514,0.1388
339,1168,1507,0.1388
339,1183,1522,0.1388
338,1175,1513,0.1388
342,1192,1534,0.1388
341,1189,1530,0.1388
338,1188,1526,0.1388
332,1184,1516,0.1388
334,1172,1506,0.1388
341,1174,1515,0.1388
333,1170,1503,0.1388
328,1165,1493,0.1388
325,1171,1496,0.1388
328,1178,1506,0.1388
324,1182,1506,0.1388
327,1178,1505,0.1388
325,1185,1510,0.1388
321,1189,1510,0.1388
325,1187,1512,0.1388
326,1180,1506,0.1388
326,1184,1510,0.1388
328,1185,1513,0.1388
333,1185,1518,0.1388
333,1180,1513,0.1388
328,1190,1518,0.1388
332,1187,1519,0.1388
325,1190,1515,0.1388
319,1177,1496,0.1388
319,1175,1494,0.1388
316,1173,1489,0.1388
317,1186,1503,0.1388
313,1187,1500,0.1388
313,1183,1496,0.1388
310,1192,1502,0.1388
311,1202,1513,0.1388
311,1198,1509,0.1388
315,1197,1512,0.1388
315,1207,1522,0.1388
312,1215,1527,0.1388
313,1221,1534,0.1388
313,1220,1533,0.1388
311,1220,1531,0.1388
305,1218,1523,0.1388
308,1209,1517,0.1388
300,1206,1506,0.1388
300,1200,1500,0.1388
301,1207,1508,0.1388
307,1206,1513,0.1388
297,1203,1500,0.1388
298,1199,1497,0.1388
308,1196,1504,0.1388
306,1192,1498,0.1388
306,1199,1505,0.1388
308,1192,1500,0.1388
307,1211,1518,0.1388
305,1210,1515,0.1388
304,1200,1504,0.1388
307,1206,1513,0.1388
307,1208,1515,0.1388
303,1198,1501,0.1388
295,1216,1511,0.1388
293,1209,1502,0.1388
298,1213,1511,0.1388
294,1226,1520,0.1388
300,1217,1517,0.1388
306,1225,1531,0.1388
305,1219,1524,0.1388
301,1225,1526,0.1388
306,1219,1525,0.1388
304,1223,1527,0.1388
301,1221,1522,0.1388
300,1212,1512,0.1388
309,1213,1522,0.1388
302,1209,1511,0.1388
304,1214,1518,0.1388
302,1215,1517,0.1388
297,1212,1509,0.1388
300,1219,1519,0.1388
301,1216,1517,0.1388
302,1218,1520,0.1388
304,1215,1519,0.1388
302,1219,1521,0.1388
305,1210,1515,0.1388
299,1204,1503,0.1388
299,1218,1517,0.1388
305,1205,1510,0.1388
309,1201,1510,0.1388
314,1198,1512,0.1388
309,1190,1499,0.1388
308,1202,1510,0.1388
307,1203,1510,0.1388
306,1206,1512,0.1388
302,1210,1512,0.1388
303,1191,1494,0.1388
310,1207,1517,0.1388
308,1194,1502,0.1388
306,1203,1509,0.1388
307,1204,1511,0.1388
314,1206,1520,0.1388
312,1212,1524,0.1388
314,1207,1521,0.1388
312,1205,1517,0.1388
314,1208,1522,0.1388
308,1203,1511,0.1388
308,1198,1506,0.1388
306,1203,1509,0.1388
306,1207,1513,0.1388
301,1195,1496,0.1388
301,1214,1515,0.1388
299,1218,1517,0.1388
300,1224,1524,0.1388
302,1230,1532,0.1388
297,1232,1529,0.1388
301,1220,1521,0.1388
296,1224,1520,0.1388
288,1222,1510,0.1388
294,1230,1524,0.1388
292,1226,1518,0.1388
297,1221,1518,0.1388
296,1222,1518,0.1388
299,1218,1517,0.1388
292,1225,1517,0.1388
289,1234,1523,0.1388
283,1233,1516,0.1388
291,1218,1509,0.1388
285,1224,1509,0.1388
282,1222,1504,0.1388
283,1227,1510,0.1388
281,1231,1512,0.1388
280,1236,1516,0.1388
283,1233,1516,0.1388
284,1234,1518,0.1388
279,1232,1511,0.1388
280,1231,1511,0.1388
282,1218,1500,0.1388
285,1231,1516,0.1388
279,1240,1519,0.1388
275,1235,1510,0.1388
277,1242,1519,0.1388
277,1240,1517,0.1388
273,1248,1521,0.1388
273,1250,1523,0.1388
267,1243,1510,0.1388
267,1252,1519,0.1388
272,1261,1533,0.1388
272,1253,1525,0.1388
271,1245,1516,0.1388
276,1248,1524,0.1388
275,1248,1523,0.1388
273,1251,1524,0.1388
277,1245,1522,0.1388
278,1242,1520,0.1388
276,1229,1505,0.1388
282,1245,1527,0.1388
276,1234,1510,0.1388
274,1240,1514,0.1388
274,1227,1501,0.1388
276,1238,1514,0.1388
275,1240,1515,0.1388
273,1250,1523,0.1388
271,1241,1512,0.1388
273,1238,1511,0.1388
278,1242,1520,0.1388
280,1253,1533,0.1388
277,1237,1514,0.1388
280,1239,1519,0.1388
279,1236,1515,0.1388
276,1238,1514,0.1388
278,1251,1529,0.1388
275,1240,1515,0.1388
279,1247,1526,0.1388
275,1246,1521,0.1388
272,1238,1510,0.1388
279,1244,1523,0.1388
276,1247,1523,0.1388
284,1240,1524,0.1388
281,1236,1517,0.1388
280,1236,1516,0.1388
286,1237,1523,0.1388
284,1235,1519,0.1388
285,1230,1515,0.1388
282,1240,1522,0.1388
287,1233,1520,0.1388
284,1231,1515,0.1388
285,1228,1513,0.1388
284,1221,1505,0.1388
286,1230,1516,0.1388
287,1225,1512,0.1388
288,1225,1513,0.1388
293,1222,1515,0.1388
287,1231,1518,0.1388
293,1227,1520,0.1388
291,1235,1526,0.1388
289,1236,1525,0.1388
285,1230,1515,0.1388
281,1224,1505,0.1388
278,1219,1497,0.1388
278,1220,1498,0.1388
281,1217,1498,0.1388
276,1228,1504,0.1388
277,1241,1518,0.1388
279,1242,1521,0.1388
274,1230,1504,0.1388
273,1253,1526,0.1388
273,1253,1526,0.1388
269,1251,1520,0.1388
269,1231,1500,0.1388
266,1234,1500,0.1388
259,1238,1497,0.1388
260,1249,1509,0.1388
260,1259,1519,0.1388
256,1255,1511,0.1388
261,1257,1518,0.1388
261,1251,1512,0.1388
260,1242,1502,0.1388
260,1249,1509,0.1388
263,1255,1518,0.1388
259,1247,1506,0.1388
262,1244,1506,0.1388
261,1250,1511,0.1388
261,1258,1519,0.1388
261,1260,1521,0.1388
258,1257,1515,0.1388
257,1251,1508,0.1388
254,1250,1504,0.1388
255,1237,1492,0.1388
260,1247,1507,0.1388
255,1247,1502,0.1388
254,1258,1512,0.1388
253,1245,1498,0.1388
256,1247,1503,0.1388
256,1260,1516,0.1388
256,1260,1516,0.1388
255,1251,1506,0.1388
258,1250,1508,0.1388
260,1255,1515,0.1388
260,1263,1523,0.1388
261,1273,1534,0.1388
253,1264,1517,0.1388
256,1249,1505,0.1388
253,1255,1508,0.1388
253,1265,1518,0.1388
250,1270,1520,0.1388
251,1266,1517,0.1388
255,1269,1524,0.1388
252,1276,1528,0.1388
251,1269,1520,0.1388
247,1268,1515,0.1388
242,1274,1516,0.1388
235,1278,1513,0.1388
237,1281,1518,0.1388
237,1273,1510,0.1388
234,1274,1508,0.1388
234,1281,1515,0.1388
237,1276,1513,0.1388
238,1286,1524,0.1388
235,1286,1521,0.1388
230,1279,1509,0.1388
231,1274,1505,0.1388
227,1293,1520,0.1388
227,1290,1517,0.1388
225,1296,1521,0.1388
223,1289,1512,0.1388
219,1295,1514,0.1388
215,1300,1515,0.1388
219,1295,1514,0.1388
216,1305,1521,0.1388
218,1304,1522,0.1388
218,1295,1513,0.1388
214,1291,1505,0.1388
215,1306,1521,0.1388
217,1293,1510,0.1388
212,1300,1512,0.1388
209,1298,1507,0.1388
217,1292,1509,0.1388
216,1299,1515,0.1388
214,1296,1510,0.1388
214,1294,1508,0.1388
212,1297,1509,0.1388
213,1295,1508,0.1388
216,1305,1521,0.1388
219,1293,1512,0.1388
223,1301,1524,0.1388
215,1298,1513,0.1388
217,1293,1510,0.1388
216,1287,1503,0.1388
215,1294,1509,0.1388
219,1287,1506,0.1388
216,1292,1508,0.1388
215,1299,1514,0.1388
212,1311,1523,0.1388
212,1312,1524,0.1388
210,1304,1514,0.1388
209,1306,1515,0.1388
210,1314,1524,0.1388
207,1309,1516,0.1388
208,1311,1519,0.1388
208,1308,1516,0.1388
205,1320,1525,0.1388
207,1316,1523,0.1388
207,1321,1528,0.1388
213,1319,1532,0.1388
210,1306,1516,0.1388
212,1300,1512,0.1388
211,1304,1515,0.1388
214,1306,1520,0.1388
213,1305,1518,0.1388
210,1311,1521,0.1388
213,1328,1541,0.1388
205,1319,1524,0.1388
202,1317,1519,0.1388
199,1316,1515,0.1388
204,1320,1524,0.1388
204,1308,1512,0.1388
201,1310,1511,0.1388
203,1304,1507,0.1388
202,1311,1513,0.1388
200,1307,1507,0.1388
198,1309,1507,0.1388
195,1308,1503,0.1388
196,1317,1513,0.1388
193,1316,1509,0.1388
190,1323,1513,0.1388
190,1332,1522,0.1388
191,1333,1524,0.1388
190,1348,1538,0.1388
187,1344,1531,0.1388
187,1349,1536,0.1388
183,1338,1521,0.1388
182,1328,1510,0.1388
181,1325,1506,0.1388
180,1326,1506,0.1388
172,1327,1499,0.1388
171,1337,1508,0.1388
168,1335,1503,0.1388
173,1347,1520,0.1388
176,1341,1517,0.1388
176,1343,1519,0.1388
174,1347,1521,0.1388
176,1344,1520,0.1388
174,1349,1523,0.1388
175,1348,1523,0.1388
170,1351,1521,0.1388
173,1340,1513,0.1388
172,1349,1521,0.1388
170,1344,1514,0.1388
171,1349,1520,0.1388
168,1359,1527,0.1388
168,1355,1523,0.1388
171,1349,1520,0.1388
172,1354,1526,0.1388
173,1355,1528,0.1388
171,1341,1512,0.1388
173,1334,1507,0.1388
172,1334,1506,0.1388
168,1342,1510,0.1388
172,1349,1521,0.1388
172,1347,1519,0.1388
167,1341,1508,0.1388
167,1357,1524,0.1388
168,1353,1521,0.1388
168,1357,1525,0.1388
166,1341,1507,0.1388
164,1342,1506,0.1388
170,1350,1520,0.1388
170,1351,1521,0.1388
166,1350,1516,0.1388
162,1365,1527,0.1388
163,1347,1510,0.1388
164,1353,1517,0.1388
159,1355,1514,0.1388
160,1365,1525,0.1388
165,1338,1503,0.1388
166,1343,1509,0.1388
172,1344,1516,0.1388
172,1339,1511,0.1388
171,1342,1513,0.1388
173,1344,1517,0.1388
169,1336,1505,0.1388
166,1344,1510,0.1388
162,1344,1506,0.1388
161,1345,1506,0.1388
158,1355,1513,0.1388
160,1360,1520,0.1388
161,1363,1524,0.1388
163,1350,1513,0.1388
164,1348,1512,0.1388
162,1337,1499,0.1388
162,1360,1522,0.1388
162,1365,1527,0.1388
164,1358,1522,0.1388
165,1356,1521,0.1388
164,1345,1509,0.1388
163,1356,1519,0.1388
161,1347,1508,0.1388
163,1338,1501,0.1388
163,1345,1508,0.1388
160,1353,1513,0.1388
163,1352,1515,0.1388
163,1345,1508,0.1388
165,1351,1516,0.1388
164,1362,1526,0.1388
162,1370,1532,0.1388
166,1369,1535,0.1388
165,1358,1523,0.1388
164,1354,1518,0.1388
167,1349,1516,0.1388
165,1360,1525,0.1388
161,1369,1530,0.1388
160,1363,1523,0.1388
161,1353,1514,0.1388
159,1354,1513,0.1388
159,1359,1518,0.1388
155,1356,1511,0.1388
151,1369,1520,0.1388
152,1356,1508,0.1388
156,1357,1513,0.1388
160,1352,1512,0.1388
160,1356,1516,0.1388
161,1355,1516,0.1388
160,1354,1514,0.1388
163,1359,1522,0.1388
163,1352,1515,0.1388
157,1346,1503,0.1388
162,1355,1517,0.1388
164,1353,1517,0.1388
162,1370,1532,0.1388
159,1367,1526,0.1388
158,1360,1518,0.1388
158,1359,1517,0.1388
153,1356,1509,0.1388
157,1356,1513,0.1388
160,1348,1508,0.1388
159,1350,1509,0.1388
160,1353,1513,0.1388
158,1355,1513,0.1388
160,1355,1515,0.1388
159,1342,1501,0.1388
158,1343,1501,0.1388
156,1356,1512,0.1388
154,1348,1502,0.1388
155,1348,1503,0.1388
158,1348,1506,0.1388
157,1353,1510,0.1388
159,1355,1514,0.1388
154,1360,1514,0.1388
151,1362,1513,0.1388
146,1361,1507,0.1388
148,1367,1515,0.1388
145,1364,1509,0.1388
148,1359,1507,0.1388
150,1361,1511,0.1388
149,1360,1509,0.1388
149,1361,1510,0.1388
150,1370,1520,0.1388
151,1374,1525,0.1388
154,1358,1512,0.1388
151,1362,1513,0.1388
152,1371,1523,0.1388
158,1377,1535,0.1388
158,1377,1535,0.1388
153,1350,1503,0.1388
154,1356,1510,0.1388
154,1358,1512,0.1388
151,1357,1508,0.1388
156,1362,1518,0.1388
153,1362,1515,0.1388
153,1352,1505,0.1388
148,1350,1498,0.1388
151,1359,1510,0.1388
153,1366,1519,0.1388
153,1368,1521,0.1388
152,1359,1511,0.1388
153,1344,1497,0.1388
147,1347,1494,0.1388
146,1348,1494,0.1388
142,1358,1500,0.1388
144,1349,1493,0.1388
137,1356,1493,0.1388
139,1351,1490,0.1388
136,1357,1493,0.1388
139,1357,1496,0.1388
141,1364,1505,0.1388
142,1360,1502,0.1388
140,1368,1508,0.1388
143,1368,1511,0.1388
142,1355,1497,0.1388
143,1362,1505,0.1388
140,1363,1503,0.1388
139,1368,1507,0.1388
135,1378,1513,0.1388
137,1384,1521,0.1388
135,1389,1524,0.1388
136,1385,1521,0.1388
135,1378,1513,0.1388
134,1383,1517,0.1388
133,1377,1510,0.1388
133,1388,1521,0.1388
133,1387,1520,0.1388
134,1374,1508,0.1388
127,1379,1506,0.1388
132,1375,1507,0.1388
128,1377,1505,0.1388
129,1388,1517,0.1388
132,1384,1516,0.1388
131,1374,1505,0.1388
131,1380,1511,0.1388
137,1388,1525,0.1388
133,1386,1519,0.1388
129,1386,1515,0.1388
131,1398,1529,0.1388
128,1386,1514,0.1388
128,1379,1507,0.1388
131,1381,1512,0.1388
135,1374,1509,0.1388
132,1388,1520,0.1388
129,1392,1521,0.1388
127,1385,1512,0.1388
135,1380,1515,0.1388
133,1379,1512,0.1388
132,1385,1517,0.1388
135,1380,1515,0.1388
135,1389,1524,0.1388
135,1391,1526,0.1388
131,1392,1523,0.1388
128,1391,1519,0.1388
127,1396,1523,0.1388
125,1402,1527,0.1388
125,1398,1523,0.1388
125,1388,1513,0.1388
128,1385,1513,0.1388
127,1386,1513,0.1388
128,1385,1513,0.1388
132,1391,1523,0.1388
132,1393,1525,0.1388
134,1371,1505,0.1388
130,1372,1502,0.1388
131,1376,1507,0.1388
132,1380,1512,0.1388
128,1387,1515,0.1388
133,1384,1517,0.1388
135,1400,1535,0.1388
132,1382,1514,0.1388
132,1378,1510,0.1388
129,1379,1508,0.1388
129,1377,1506,0.1388
123,1375,1498,0.1388
123,1387,1510,0.1388
124,1382,1506,0.1388
118,1382,1500,0.1388
124,1394,1518,0.1388
121,1394,1515,0.1388
122,1398,1520,0.1388
122,1398,1520,0.1388
119,1386,1505,0.1388
115,1387,1502,0.1388
121,1383,1504,0.1388
122,1386,1508,0.1388
123,1393,1516,0.1388
120,1395,1515,0.1388
121,1390,1511,0.1388
119,1387,1506,0.1388
117,1394,1511,0.1388
115,1399,1514,0.1388
116,1408,1524,0.1388
118,1406,1524,0.1388
121,1415,1536,0.1388
121,1402,1523,0.1388
121,1390,1511,0.1388
124,1395,1519,0.1388
123,1399,1522,0.1388
121,1389,1510,0.1388
118,1402,1520,0.1388
114,1392,1506,0.1388
117,1404,1521,0.1388
117,1403,1520,0.1388
119,1396,1515,0.1388
116,1410,1526,0.1388
113,1401,1514,0.1388
115,1396,1511,0.1388
113,1394,1507,0.1388
109,1398,1507,0.1388
109,1394,1503,0.1388
112,1395,1507,0.1388
116,1403,1519,0.1388
115,1392,1507,0.1388
117,1395,1512,0.1388
119,1402,1521,0.1388
114,1407,1521,0.1388
112,1404,1516,0.1388
117,1400,1517,0.1388
117,1404,1521,0.1388
114,1406,1520,0.1388
112,1392,1504,0.1388
112,1388,1500,0.1388
112,1392,1504,0.1388
111,1400,1511,0.1388
111,1395,1506,0.1388
110,1396,1506,0.1388
109,1399,1508,0.1388
107,1394,1501,0.1388
111,1403,1514,0.1388
105,1397,1502,0.1388
105,1410,1515,0.1388
105,1402,1507,0.1388
106,1407,1513,0.1388
105,1394,1499,0.1388
106,1387,1493,0.1388
106,1401,1507,0.1388
105,1411,1516,0.1388
107,1397,1504,0.1388
111,1394,1505,0.1388
112,1409,1521,0.1388
108,1411,1519,0.1388
109,1426,1535,0.1388
106,1416,1522,0.1388
108,1423,1531,0.1388
107,1421,1528,0.1388
104,1418,1522,0.1388
109,1403,1512,0.1388
106,1411,1517,0.1388
104,1413,1517,0.1388
105,1416,1521,0.1388
107,1417,1524,0.1388
106,1427,1533,0.1388
103,1424,1527,0.1388
100,1428,1528,0.1388
99,1405,1504,0.1388
100,1410,1510,0.1388
101,1418,1519,0.1388
99,1413,1512,0.1388
101,1407,1508,0.1388
98,1394,1492,0.1388
102,1395,1497,0.1388
102,1407,1509,0.1388
102,1417,1519,0.1388
106,1425,1531,0.1388
108,1413,1521,0.1388
104,1404,1508,0.1388
104,1410,1514,0.1388
104,1404,1508,0.1388
102,1420,1522,0.1388
103,1421,1524,0.1388
104,1411,1515,0.1388
104,1400,1504,0.1388
104,1414,1518,0.1388
107,1412,1519,0.1388
98,1400,1498,0.1388
97,1410,1507,0.1388
102,1407,1509,0.1388
103,1406,1509,0.1388
104,1407,1511,0.1388
104,1413,1517,0.1388
105,1400,1505,0.1388
108,1400,1508,0.1388
108,1391,1499,0.1388
109,1404,1513,0.1388
106,1415,1521,0.1388
102,1414,1516,0.1388
102,1400,1502,0.1388
104,1414,1518,0.1388
109,1413,1522,0.1388
108,1412,1520,0.1388
106,1420,1526,0.1388
109,1416,1525,0.1388
108,1416,1524,0.1388
106,1410,1516,0.1388
108,1404,1512,0.1388
108,1395,1503,0.1388
104,1402,1506,0.1388
102,1404,1506,0.1388
101,1409,1510,0.1388
102,1403,1505,0.1388
101,1404,1505,0.1388
101,1415,1516,0.1388
97,1419,1516,0.1388
97,1428,1525,0.1388
98,1422,1520,0.1388
98,1420,1518,0.1388
93,1412,1505,0.1388
92,1417,1509,0.1388
89,1408,1497,0.1388
89,1409,1498,0.1388
91,1417,1508,0.1388
93,1414,1507,0.1388
96,1422,1518,0.1388
93,1426,1519,0.1388
94,1425,1519,0.1388
96,1424,1520,0.1388
98,1416,1514,0.1388
100,1408,1508,0.1388
103,1419,1522,0.1388
101,1419,1520,0.1388
101,1425,1526,0.1388
100,1432,1532,0.1388
101,1420,1521,0.1388
102,1427,1529,0.1388
100,1425,1525,0.1388
99,1422,1521,0.1388
97,1422,1519,0.1388
97,1423,1520,0.1388
97,1422,1519,0.1388
96,1420,1516,0.1388
95,1414,1509,0.1388
98,1411,1509,0.1388
97,1411,1508,0.1388
97,1409,1506,0.1388
102,1413,1515,0.1388
100,1411,1511,0.1388
100,1418,1518,0.1388
98,1420,1518,0.1388
96,1425,1521,0.1388
96,1418,1514,0.1388
92,1408,1500,0.1388
91,1423,1514,0.1388
92,1419,1511,0.1388
86,1421,1507,0.1388
89,1418,1507,0.1388
88,1404,1492,0.1388
88,1399,1487,0.1388
89,1415,1504,0.1388
90,1415,1505,0.1388
88,1429,1517,0.1388
90,1423,1513,0.1388
91,1416,1507,0.1388
91,1413,1504,0.1388
89,1409,1498,0.1388
86,1429,1515,0.1388
86,1427,1513,0.1388
88,1438,1526,0.1388
88,1437,1525,0.1388
90,1424,1514,0.1388
92,1432,1524,0.1388
91,1417,1508,0.1388
92,1404,1496,0.1388
89,1412,1501,0.1388
90,1421,1511,0.1388
87,1431,1518,0.1388
90,1430,1520,0.1388
91,1421,1512,0.1388
89,1429,1518,0.1388
86,1435,1521,0.1388
84,1434,1518,0.1388
85,1435,1520,0.1388
82,1415,1497,0.1388
84,1432,1516,0.1388
82,1442,1524,0.1388
79,1448,1527,0.1388
79,1439,1518,0.1388
77,1429,1506,0.1388
80,1433,1513,0.1388
84,1438,1522,0.1388
85,1425,1510,0.1388
86,1435,1521,0.1388
82,1425,1507,0.1388
83,1437,1520,0.1388
81,1428,1509,0.1388
84,1422,1506,0.1388
84,1420,1504,0.1388
84,1424,1508,0.1388
83,1434,1517,0.1388
84,1444,1528,0.1388
83,1451,1534,0.1388
80,1437,1517,0.1388
82,1426,1508,0.1388
80,1429,1509,0.1388
78,1423,1501,0.1388
77,1425,1502,0.1388
81,1423,1504,0.1388
78,1435,1513,0.1388
75,1431,1506,0.1388
73,1446,1519,0.1388
75,1447,1522,0.1388
76,1443,1519,0.1388
73,1434,1507,0.1388
71,1444,1515,0.1388
71,1454,1525,0.1388
70,1451,1521,0.1388
70,1456,1526,0.1388
69,1451,1520,0.1388
66,1461,1527,0.1388
66,1448,1514,0.1388
68,1450,1518,0.1388
67,1453,1520,0.1388
66,1459,1525,0.1388
66,1453,1519,0.1388
66,1457,1523,0.1388
63,1444,1507,0.1388
65,1437,1502,0.1388
66,1437,1503,0.1388
63,1448,1511,0.1388
61,1441,1502,0.1388
62,1467,1529,0.1388
61,1454,1515,0.1388
61,1450,1511,0.1388
58,1453,1511,0.1388
59,1441,1500,0.1388
58,1442,1500,0.1388
58,1444,1502,0.1388
60,1448,1508,0.1388
59,1452,1511,0.1388
56,1466,1522,0.1388
52,1462,1514,0.1388
46,1458,1504,0.1388
46,1461,1507,0.1388
47,1459,1506,0.1388
47,1448,1495,0.1388
47,1452,1499,0.1388
47,1461,1508,0.1388
46,1470,1516,0.1388
45,1477,1522,0.1388
44,1474,1518,0.1388
43,1473,1516,0.1388
42,1473,1515,0.1388
42,1473,1515,0.1388
42,1480,1522,0.1388
43,1487,1530,0.1388
40,1480,1520,0.1388
39,1491,1530,0.1388
39,1490,1529,0.1388
39,1485,1524,0.1388
39,1476,1515,0.1388
39,1484,1523,0.1388
40,1488,1528,0.1388
40,1486,1526,0.1388
42,1492,1534,0.1388
41,1495,1536,0.1388
40,1489,1529,0.1388
38,1482,1520,0.1388
38,1480,1518,0.1388
38,1495,1533,0.1388
38,1494,1532,0.1388
40,1483,1523,0.1388
41,1475,1516,0.1388
40,1475,1515,0.1388
40,1485,1525,0.1388
40,1497,1537,0.1388
40,1487,1527,0.1388
39,1485,1524,0.1388
37,1483,1520,0.1388
37,1485,1522,0.1388
38,1483,1521,0.1388
37,1477,1514,0.1388
37,1480,1517,0.1388
36,1480,1516,0.1388
35,1481,1516,0.1388
34,1470,1504,0.1388
35,1488,1523,0.1388
33,1489,1522,0.1388
33,1481,1514,0.1388
34,1497,1531,0.1388
33,1491,1524,0.1388
33,1498,1531,0.1388
35,1501,1536,0.1388
34,1498,1532,0.1388
34,1484,1518,0.1388
34,1489,1523,0.1388
35,1483,1518,0.1388
34,1492,1526,0.1388
34,1474,1508,0.1388
34,1467,1501,0.1388
36,1473,1509,0.1388
36,1468,1504,0.1388
36,1483,1519,0.1388
36,1481,1517,0.1388
36,1490,1526,0.1388
36,1482,1518,0.1388
34,1477,1511,0.1388
36,1485,1521,0.1388
36,1489,1525,0.1388
37,1473,1510,0.1388
40,1474,1514,0.1388
41,1485,1526,0.1388
38,1472,1510,0.1388
39,1468,1507,0.1388
37,1472,1509,0.1388
41,1479,1520,0.1388
42,1479,1521,0.1388
42,1473,1515,0.1388
44,1465,1509,0.1388
40,1466,1506,0.1388
42,1454,1496,0.1388
42,1467,1509,0.1388
41,1465,1506,0.1388
41,1468,1509,0.1388
40,1467,1507,0.1388
41,1460,1501,0.1388
39,1461,1500,0.1388
39,1476,1515,0.1388
39,1479,1518,0.1388
41,1479,1520,0.1388
40,1476,1516,0.1388
42,1469,1511,0.1388
46,1474,1520,0.1388
46,1474,1520,0.1388
47,1467,1514,0.1388
47,1471,1518,0.1388
49,1458,1507,0.1388
49,1461,1510,0.1388
47,1450,1497,0.1388
50,1446,1496,0.1388
51,1453,1504,0.1388
50,1459,1509,0.1388
50,1458,1508,0.1388
50,1460,1510,0.1388
52,1443,1495,0.1388
49,1455,1504,0.1388
50,1456,1506,0.1388
50,1463,1513,0.1388
50,1461,1511,0.1388
49,1459,1508,0.1388
50,1471,1521,0.1388
54,1470,1524,0.1388
53,1465,1518,0.1388
54,1467,1521,0.1388
56,1466,1522,0.1388
52,1468,1520,0.1388
51,1457,1508,0.1388
51,1454,1505,0.1388
53,1456,1509,0.1388
53,1459,1512,0.1388
51,1452,1503,0.1388
52,1459,1511,0.1388
52,1461,1513,0.1388
53,1462,1515,0.1388
51,1465,1516,0.1388
52,1458,1510,0.1388
52,1452,1504,0.1388
49,1459,1508,0.1388
48,1467,1515,0.1388
49,1452,1501,0.1388
50,1456,1506,0.1388
52,1445,1497,0.1388
54,1449,1503,0.1388
53,1453,1506,0.1388
53,1458,1511,0.1388
54,1453,1507,0.1388
56,1447,1503,0.1388
58,1459,1517,0.1388
55,1454,1509,0.1388
56,1453,1509,0.1388
59,1442,1501,0.1388
61,1450,1511,0.1388
61,1451,1512,0.1388
61,1457,1518,0.1388
60,1464,1524,0.1388
60,1460,1520,0.1388
60,1462,1522,0.1388
59,1451,1510,0.1388
60,1444,1504,0.1388
60,1459,1519,0.1388
61,1455,1516,0.1388
61,1460,1521,0.1388
61,1457,1518,0.1388
62,1467,1529,0.1388
62,1456,1518,0.1388
60,1461,1521,0.1388
59,1463,1522,0.1388
62,1460,1522,0.1388
59,1453,1512,0.1388
58,1448,1506,0.1388
56,1458,1514,0.1388
57,1452,1509,0.1388
57,1450,1507,0.1388
59,1469,1528,0.1388
59,1462,1521,0.1388
59,1466,1525,0.1388
55,1449,1504,0.1388
57,1442,1499,0.1388
64,1453,1517,0.1388
61,1455,1516,0.1388
59,1459,1518,0.1388
56,1467,1523,0.1388
57,1461,1518,0.1388
60,1453,1513,0.1388
61,1461,1522,0.1388
60,1458,1518,0.1388
59,1458,1517,0.1388
57,1450,1507,0.1388
56,1438,1494,0.1388
57,1446,1503,0.1388
58,1463,1521,0.1388
60,1465,1525,0.1388
59,1454,1513,0.1388
58,1451,1509,0.1388
61,1460,1521,0.1388
62,1455,1517,0.1388
61,1461,1522,0.1388
62,1452,1514,0.1388
63,1454,1517,0.1388
63,1451,1514,0.1388
61,1452,1513,0.1388
61,1444,1505,0.1388
63,1458,1521,0.1388
62,1453,1515,0.1388
64,1448,1512,0.1388
64,1438,1502,0.1388
65,1445,1510,0.1388
63,1443,1506,0.1388
65,1457,1522,0.1388
64,1472,1536,0.1388
63,1458,1521,0.1388
62,1454,1516,0.1388
64,1455,1519,0.1388
63,1463,1526,0.1388
61,1466,1527,0.1388
62,1463,1525,0.1388
59,1480,1539,0.1388
60,1461,1521,0.1388
62,1458,1520,0.1388
63,1448,1511,0.1388
66,1439,1505,0.1388
65,1449,1514,0.1388
63,1445,1508,0.1388
65,1437,1502,0.1388
69,1439,1508,0.1388
69,1443,1512,0.1388
71,1450,1521,0.1388
70,1434,1504,0.1388
70,1417,1487,0.1388
68,1418,1486,0.1388
69,1413,1482,0.1388
71,1429,1500,0.1388
72,1425,1497,0.1388
73,1428,1501,0.1388
72,1443,1515,0.1388
76,1436,1512,0.1388
72,1437,1509,0.1388
71,1444,1515,0.1388
73,1445,1518,0.1388
69,1448,1517,0.1388
70,1456,1526,0.1388
66,1448,1514,0.1388
64,1446,1510,0.1388
63,1443,1506,0.1388
61,1436,1497,0.1388
60,1439,1499,0.1388
59,1461,1520,0.1388
61,1457,1518,0.1388
62,1455,1517,0.1388
63,1449,1512,0.1388
66,1450,1516,0.1388
66,1440,1506,0.1388
65,1438,1503,0.1388
62,1441,1503,0.1388
62,1455,1517,0.1388
62,1451,1513,0.1388
64,1463,1527,0.1388
63,1456,1519,0.1388
62,1463,1525,0.1388
60,1450,1510,0.1388
60,1466,1526,0.1388
61,1461,1522,0.1388
57,1461,1518,0.1388
58,1458,1516,0.1388
56,1470,1526,0.1388
56,1453,1509,0.1388
54,1459,1513,0.1388
55,1462,1517,0.1388
55,1466,1521,0.1388
52,1468,1520,0.1388
53,1467,1520,0.1388
51,1455,1506,0.1388
50,1460,1510,0.1388
54,1457,1511,0.1388
54,1451,1505,0.1388
53,1453,1506,0.1388
54,1449,1503,0.1388
52,1459,1511,0.1388
52,1469,1521,0.1388
52,1481,1533,0.1388
54,1469,1523,0.1388
54,1472,1526,0.1388
53,1468,1521,0.1388
51,1476,1527,0.1388
52,1459,1511,0.1388
51,1477,1528,0.1388
50,1484,1534,0.1388
49,1485,1534,0.1388
51,1482,1533,0.1388
49,1474,1523,0.1388
48,1466,1514,0.1388
48,1453,1501,0.1388
47,1455,1502,0.1388
44,1468,1512,0.1388
45,1451,1496,0.1388
45,1457,1502,0.1388
45,1470,1515,0.1388
45,1471,1516,0.1388
47,1464,1511,0.1388
47,1467,1514,0.1388
47,1472,1519,0.1388
48,1474,1522,0.1388
48,1483,1531,0.1388
45,1469,1514,0.1388
45,1467,1512,0.1388
44,1476,1520,0.1388
45,1484,1529,0.1388
44,1478,1522,0.1388
43,1469,1512,0.1388
45,1471,1516,0.1388
45,1474,1519,0.1388
46,1467,1513,0.1388
44,1463,1507,0.1388
45,1462,1507,0.1388
45,1465,1510,0.1388
46,1467,1513,0.1388
45,1470,1515,0.1388
41,1479,1520,0.1388
39,1486,1525,0.1388
38,1469,1507,0.1388
39,1478,1517,0.1388
40,1465,1505,0.1388
41,1477,1518,0.1388
41,1483,1524,0.1388
40,1471,1511,0.1388
41,1473,1514,0.1388
41,1474,1515,0.1388
41,1466,1507,0.1388
41,1468,1509,0.1388
42,1461,1503,0.1388
42,1460,1502,0.1388
44,1477,1521,0.1388
45,1462,1507,0.1388
47,1479,1526,0.1388
49,1466,1515,0.1388
50,1467,1517,0.1388
51,1454,1505,0.1388
47,1466,1513,0.1388
46,1466,1512,0.1388
43,1468,1511,0.1388
44,1474,1518,0.1388
48,1454,1502,0.1388
47,1444,1491,0.1388
50,1446,1496,0.1388
49,1457,1506,0.1388
48,1455,1503,0.1388
50,1447,1497,0.1388
51,1450,1501,0.1388
53,1451,1504,0.1388
52,1454,1506,0.1388
52,1461,1513,0.1388
51,1470,1521,0.1388
52,1450,1502,0.1388
54,1459,1513,0.1388
54,1461,1515,0.1388
54,1474,1528,0.1388
53,1465,1518,0.1388
53,1469,1522,0.1388
52,1475,1527,0.1388
51,1465,1516,0.1388
52,1458,1510,0.1388
51,1466,1517,0.1388
51,1467,1518,0.1388
49,1476,1525,0.1388
50,1476,1526,0.1388
50,1479,1529,0.1388
49,1466,1515,0.1388
49,1458,1507,0.1388
49,1468,1517,0.1388
48,1464,1512,0.1388
46,1460,1506,0.1388
46,1455,1501,0.1388
45,1458,1503,0.1388
46,1464,1510,0.1388
45,1475,1520,0.1388
45,1467,1512,0.1388
43,1460,1503,0.1388
43,1466,1509,0.1388
42,1473,1515,0.1388
43,1466,1509,0.1388
45,1461,1506,0.1388
43,1461,1504,0.1388
45,1455,1500,0.1388
44,1457,1501,0.1388
44,1469,1513,0.1388
46,1467,1513,0.1388
47,1484,1531,0.1388
45,1473,1518,0.1388
46,1464,1510,0.1388
45,1487,1532,0.1388
45,1482,1527,0.1388
42,1478,1520,0.1388
39,1487,1526,0.1388
39,1477,1516,0.1388
39,1493,1532,0.1388
38,1479,1517,0.1388
38,1482,1520,0.1388
36,1502,1538,0.1388
36,1502,1538,0.1388
36,1502,1538,0.1388
35,1492,1527,0.1388
35,1491,1526,0.1388
35,1493,1528,0.1388
35,1490,1525,0.1388
35,1477,1512,0.1388
35,1485,1520,0.1388
34,1468,1502,0.1388
36,1480,1516,0.1388
35,1469,1504,0.1388
34,1460,1494,0.1388
35,1470,1505,0.1388
35,1469,1504,0.1388
35,1464,1499,0.1388
36,1477,1513,0.1388
35,1477,1512,0.1388
35,1497,1532,0.1388
35,1492,1527,0.1388
35,1491,1526,0.1388
35,1487,1522,0.1388
35,1487,1522,0.1388
34,1490,1524,0.1388
36,1485,1521,0.1388
36,1478,1514,0.1388
35,1478,1513,0.1388
37,1483,1520,0.1388
38,1477,1515,0.1388
38,1474,1512,0.1388
39,1468,1507,0.1388
39,1471,1510,0.1388
39,1476,1515,0.1388
38,1481,1519,0.1388
36,1488,1524,0.1388
35,1482,1517,0.1388
35,1482,1517,0.1388
36,1472,1508,0.1388
36,1476,1512,0.1388
34,1471,1505,0.1388
33,1470,1503,0.1388
33,1472,1505,0.1388
33,1477,1510,0.1388
32,1486,1518,0.1388
30,1474,1504,0.1388
30,1475,1505,0.1388
31,1476,1507,0.1388
29,1482,1511,0.1388
30,1478,1508,0.1388
30,1486,1516,0.1388
31,1474,1505,0.1388
33,1470,1503,0.1388
32,1479,1511,0.1388
31,1491,1522,0.1388
32,1481,1513,0.1388
32,1482,1514,0.1388
32,1480,1512,0.1388
32,1487,1519,0.1388
31,1484,1515,0.1388
32,1492,1524,0.1388
32,1486,1518,0.1388
32,1488,1520,0.1388
30,1486,1516,0.1388
30,1487,1517,0.1388
30,1490,1520,0.1388
30,1487,1517,0.1388
29,1477,1506,0.1388
28,1478,1506,0.1388
29,1480,1509,0.1388
26,1483,1509,0.1388
28,1484,1512,0.1388
27,1482,1509,0.1388
27,1494,1521,0.1388
25,1500,1525,0.1388
26,1496,1522,0.1388
26,1493,1519,0.1388
27,1486,1513,0.1388
26,1473,1499,0.1388
25,1479,1504,0.1388
26,1475,1501,0.1388
27,1481,1508,0.1388
24,1473,1497,0.1388
26,1477,1503,0.1388
26,1489,1515,0.1388
26,1478,1504,0.1388
25,1475,1500,0.1388
24,1480,1504,0.1388
23,1486,1509,0.1388
22,1466,1488,0.1388
22,1485,1507,0.1388
22,1487,1509,0.1388
22,1476,1498,0.1388
20,1476,1496,0.1388
20,1488,1508,0.1388
20,1507,1527,0.1388
20,1508,1528,0.1388
19,1500,1519,0.1388
19,1486,1505,0.1388
21,1492,1513,0.1388
19,1489,1508,0.1388
19,1490,1509,0.1388
17,1498,1515,0.1388
18,1487,1505,0.1388
18,1501,1519,0.1388
18,1497,1515,0.1388
17,1503,1520,0.1388
18,1505,1523,0.1388
20,1513,1533,0.1388
22,1517,1539,0.1388
22,1504,1526,0.1388
21,1496,1517,0.1388
19,1506,1525,0.1388
16,1503,1519,0.1388
16,1510,1526,0.1388
16,1512,1528,0.1388
16,1512,1528,0.1388
16,1509,1525,0.1388
16,1515,1531,0.1388
16,1520,1536,0.1388
16,1515,1531,0.1388
15,1510,1525,0.1388
15,1507,1522,0.1388
12,1502,1514,0.1388
13,1500,1513,0.1388
13,1491,1504,0.1388
14,1490,1504,0.1388
16,1499,1515,0.1388
16,1489,1505,0.1388
16,1501,1517,0.1388
16,1508,1524,0.1388
16,1512,1528,0.1388
13,1498,1511,0.1388
14,1506,1520,0.1388
14,1512,1526,0.1388
14,1506,1520,0.1388
14,1507,1521,0.1388
15,1493,1508,0.1388
15,1498,1513,0.1388
15,1498,1513,0.1388
14,1508,1522,0.1388
14,1515,1529,0.1388
12,1508,1520,0.1388
12,1503,1515,0.1388
13,1490,1503,0.1388
13,1510,1523,0.1388
13,1506,1519,0.1388
13,1503,1516,0.1388
13,1508,1521,0.1388
13,1507,1520,0.1388
14,1500,1514,0.1388
13,1493,1506,0.1388
13,1513,1526,0.1388
14,1511,1525,0.1388
14,1490,1504,0.1388
14,1509,1523,0.1388
14,1516,1530,0.1388
14,1487,1501,0.1388
14,1484,1498,0.1388
13,1501,1514,0.1388
13,1501,1514,0.1388
13,1489,1502,0.1388
12,1492,1504,0.1388
15,1498,1513,0.1388
14,1510,1524,0.1388
14,1511,1525,0.1388
14,1504,1518,0.1388
14,1501,1515,0.1388
15,1492,1507,0.1388
15,1491,1506,0.1388
15,1510,1525,0.1388
14,1512,1526,0.1388
12,1511,1523,0.1388
12,1503,1515,0.1388
12,1503,1515,0.1388
11,1505,1516,0.1388
11,1495,1506,0.1388
11,1488,1499,0.1388
12,1503,1515,0.1388
12,1505,1517,0.1388
13,1509,1522,0.1388
12,1499,1511,0.1388
11,1504,1515,0.1388
11,1502,1513,0.1388
11,1517,1528,0.1388
11,1519,1530,0.1388
11,1514,1525,0.1388
12,1500,1512,0.1388
12,1505,1517,0.1388
12,1506,1518,0.1388
13,1511,1524,0.1388
15,1509,1524,0.1388
14,1507,1521,0.1388
14,1497,1511,0.1388
14,1508,1522,0.1388
12,1505,1517,0.1388
12,1503,1515,0.1388
12,1512,1524,0.1388
13,1508,1521,0.1388
13,1526,1539,0.1388
13,1514,1527,0.1388
12,1515,1527,0.1388
11,1522,1533,0.1388
12,1516,1528,0.1388
12,1510,1522,0.1388
12,1508,1520,0.1388
12,1505,1517,0.1388
12,1504,1516,0.1388
12,1508,1520,0.1388
12,1514,1526,0.1388
13,1512,1525,0.1388
13,1502,1515,0.1388
14,1509,1523,0.1388
12,1512,1524,0.1388
12,1492,1504,0.1388
12,1491,1503,0.1388
13,1491,1504,0.1388
13,1491,1504,0.1388
13,1479,1492,0.1388
13,1491,1504,0.1388
13,1483,1496,0.1388
12,1484,1496,0.1388
12,1488,1500,0.1388
12,1490,1502,0.1388
13,1492,1505,0.1388
14,1490,1504,0.1388
14,1493,1507,0.1388
14,1496,1510,0.1388
16,1503,1519,0.1388
15,1489,1504,0.1388
15,1497,1512,0.1388
14,1499,1513,0.1388
14,1502,1516,0.1388
14,1503,1517,0.1388
14,1503,1517,0.1388
14,1503,1517,0.1388
16,1494,1510,0.1388
16,1497,1513,0.1388
15,1495,1510,0.1388
15,1497,1512,0.1388
16,1495,1511,0.1388
16,1500,1516,0.1388
16,1503,1519,0.1388
15,1517,1532,0.1388
15,1503,1518,0.1388
15,1512,1527,0.1388
15,1520,1535,0.1388
14,1511,1525,0.1388
14,1503,1517,0.1388
14,1504,1518,0.1388
13,1516,1529,0.1388
14,1502,1516,0.1388
14,1506,1520,0.1388
15,1506,1521,0.1388
14,1512,1526,0.1388
14,1516,1530,0.1388
14,1503,1517,0.1388
12,1503,1515,0.1388
13,1505,1518,0.1388
12,1505,1517,0.1388
12,1508,1520,0.1388
12,1510,1522,0.1388
13,1514,1527,0.1388
11,1524,1535,0.1388
10,1521,1531,0.1388
10,1507,1517,0.1388
10,1497,1507,0.1388
10,1494,1504,0.1388
10,1501,1511,0.1388
9,1495,1504,0.1388
8,1508,1516,0.1388
7,1510,1517,0.1388
9,1511,1520,0.1388
9,1518,1527,0.1388
9,1519,1528,0.1388
9,1522,1531,0.1388
9,1517,1526,0.1388
9,1509,1518,0.1388
10,1508,1518,0.1388
10,1508,1518,0.1388
9,1505,1514,0.1388
9,1523,1532,0.1388
9,1519,1528,0.1388
9,1512,1521,0.1388
9,1514,1523,0.1388
9,1505,1514,0.1388
9,1507,1516,0.1388
9,1511,1520,0.1388
9,1512,1521,0.1388
9,1511,1520,0.1388
8,1503,1511,0.1388
8,1520,1528,0.1388
8,1514,1522,0.1388
7,1501,1508,0.1388
9,1509,1518,0.1388
9,1504,1513,0.1388
9,1506,1515,0.1388
9,1516,1525,0.1388
9,1508,1517,0.1388
9,1518,1527,0.1388
7,1502,1509,0.1388
7,1506,1513,0.1388
8,1495,1503,0.1388
8,1507,1515,0.1388
8,1529,1537,0.1388
8,1519,1527,0.1388
8,1510,1518,0.1388
7,1509,1516,0.1388
7,1507,1514,0.1388
7,1508,1515,0.1388
8,1517,1525,0.1388
8,1509,1517,0.1388
8,1517,1525,0.1388
8,1507,1515,0.1388
7,1521,1528,0.1388
7,1517,1524,0.1388
8,1515,1523,0.1388
8,1512,1520,0.1388
8,1515,1523,0.1388
8,1517,1525,0.1388
7,1513,1520,0.1388
7,1505,1512,0.1388
7,1506,1513,0.1388
7,1503,1510,0.1388
7,1503,1510,0.1388
7,1502,1509,0.1388
7,1499,1506,0.1388
7,1512,1519,0.1388
6,1507,1513,0.1388
8,1516,1524,0.1388
8,1510,1518,0.1388
9,1515,1524,0.1388
7,1510,1517,0.1388
8,1510,1518,0.1388
8,1516,1524,0.1388
8,1519,1527,0.1388
7,1506,1513,0.1388
7,1503,1510,0.1388
8,1501,1509,0.1388
8,1513,1521,0.1388
8,1513,1521,0.1388
8,1517,1525,0.1388
8,1516,1524,0.1388
8,1500,1508,0.1388
8,1501,1509,0.1388
7,1501,1508,0.1388
8,1493,1501,0.1388
8,1506,1514,0.1388
9,1493,1502,0.1388
9,1497,1506,0.1388
9,1506,1515,0.1388
10,1516,1526,0.1388
11,1522,1533,0.1388
11,1514,1525,0.1388
12,1495,1507,0.1388
12,1498,1510,0.1388
12,1507,1519,0.1388
12,1499,1511,0.1388
12,1500,1512,0.1388
12,1503,1515,0.1388
12,1506,1518,0.1388
12,1499,1511,0.1388
12,1505,1517,0.1388
12,1491,1503,0.1388
12,1487,1499,0.1388
11,1501,1512,0.1388
11,1513,1524,0.1388
11,1508,1519,0.1388
11,1502,1513,0.1388
11,1513,1524,0.1388
12,1507,1519,0.1388
11,1515,1526,0.1388
10,1518,1528,0.1388
10,1506,1516,0.1388
10,1502,1512,0.1388
10,1510,1520,0.1388
10,1504,1514,0.1388
9,1505,1514,0.1388
9,1499,1508,0.1388
8,1500,1508,0.1388
9,1516,1525,0.1388
9,1512,1521,0.1388
9,1504,1513,0.1388
9,1515,1524,0.1388
9,1521,1530,0.1388
8,1518,1526,0.1388
8,1514,1522,0.1388
8,1505,1513,0.1388
9,1497,1506,0.1388
8,1514,1522,0.1388
8,1508,1516,0.1388
8,1496,1504,0.1388
8,1495,1503,0.1388
8,1501,1509,0.1388
9,1498,1507,0.1388
8,1497,1505,0.1388
8,1497,1505,0.1388
8,1497,1505,0.1388
8,1506,1514,0.1388
8,1508,1516,0.1388
8,1512,1520,0.1388
8,1501,1509,0.1388
8,1508,1516,0.1388
8,1485,1493,0.1388
8,1494,1502,0.1388
8,1490,1498,0.1388
8,1489,1497,0.1388
7,1496,1503,0.1388
6,1504,1510,0.1388
6,1516,1522,0.1388
6,1514,1520,0.1388
6,1518,1524,0.1388
6,1521,1527,0.1388
6,1514,1520,0.1388
6,1506,1512,0.1388
6,1509,1515,0.1388
6,1514,1520,0.1388
6,1512,1518,0.1388
6,1485,1491,0.1388
6,1498,1504,0.1388
6,1514,1520,0.1388
6,1509,1515,0.1388
6,1512,1518,0.1388
6,1515,1521,0.1388
6,1515,1521,0.1388
5,1512,1517,0.1388
5,1517,1522,0.1388
5,1502,1507,0.1388
6,1499,1505,0.1388
4,1511,1515,0.1388
4,1513,1517,0.1388
4,1511,1515,0.1388
4,1513,1517,0.1388
4,1520,1524,0.1388
3,1514,1517,0.1388
3,1520,1523,0.1388
3,1519,1522,0.1388
3,1527,1530,0.1388
3,1513,1516,0.1388
3,1520,1523,0.1388
3,1519,1522,0.1388
3,1523,1526,0.1388
3,1528,1531,0.1388
3,1520,1523,0.1388
2,1515,1517,0.1388
2,1510,1512,0.1388
2,1511,1513,0.1388
2,1516,1518,0.1388
2,1521,1523,0.1388
2,1525,1527,0.1388
2,1514,1516,0.1388
2,1496,1498,0.1388
2,1504,1506,0.1388
2,1525,1527,0.1388
2,1526,1528,0.1388
2,1509,1511,0.1388
2,1499,1501,0.1388
2,1493,1495,0.1388
2,1501,1503,0.1388
2,1507,1509,0.1388
2,1519,1521,0.1388
2,1519,1521,0.1388
2,1516,1518,0.1388
2,1524,1526,0.1388
2,1528,1530,0.1388
2,1525,1527,0.1388
2,1525,1527,0.1388
3,1524,1527,0.1388
4,1524,1528,0.1388
4,1516,1520,0.1388
4,1507,1511,0.1388
4,1506,1510,0.1388
4,1506,1510,0.1388
4,1504,1508,0.1388
4,1502,1506,0.1388
4,1489,1493,0.1388
3,1494,1497,0.1388
2,1515,1517,0.1388
2,1516,1518,0.1388
3,1506,1509,0.1388
2,1515,1517,0.1388
2,1523,1525,0.1388
2,1531,1533,0.1388
2,1521,1523,0.1388
1,1530,1531,0.1388
1,1521,1522,0.1388
1,1524,1525,0.1388
1,1516,1517,0.1388
1,1520,1521,0.1388
1,1505,1506,0.1388
1,1503,1504,0.1388
1,1525,1526,0.1388
1,1540,1541,0.1388
1,1524,1525,0.1388
1,1514,1515,0.1388
1,1514,1515,0.1388
1,1507,1508,0.1388
1,1513,1514,0.1388
1,1518,1519,0.1388
1,1503,1504,0.1388
3,1508,1511,0.1388
3,1507,1510,0.1388
3,1503,1506,0.1388
3,1515,1518,0.1388
3,1523,1526,0.1388
3,1515,1518,0.1388
2,1520,1522,0.1388
2,1518,1520,0.1388
2,1513,1515,0.1388
2,1521,1523,0.1388
2,1513,1515,0.1388
2,1512,1514,0.1388
2,1505,1507,0.1388
2,1497,1499,0.1388
2,1501,1503,0.1388
2,1507,1509,0.1388
1,1512,1513,0.1388
1,1512,1513,0.1388
1,1496,1497,0.1388
1,1507,1508,0.1388
1,1512,1513,0.1388
1,1512,1513,0.1388
1,1510,1511,0.1388
1,1513,1514,0.1388
1,1500,1501,0.1388
1,1503,1504,0.1388
1,1519,1520,0.1388
1,1516,1517,0.1388
1,1505,1506,0.1388
1,1511,1512,0.1388
1,1508,1509,0.1388
1,1514,1515,0.1388
1,1517,1518,0.1388
1,1504,1505,0.1388
1,1500,1501,0.1388
1,1493,1494,0.1388
1,1505,1506,0.1388
1,1502,1503,0.1388
1,1502,1503,0.1388
1,1512,1513,0.1388
1,1508,1509,0.1388
1,1515,1516,0.1388
1,1526,1527,0.1388
1,1526,1527,0.1388
1,1526,1527,0.1388
1,1529,1530,0.1388
2,1509,1511,0.1388
2,1517,1519,0.1388
2,1515,1517,0.1388
2,1517,1519,0.1388
2,1526,1528,0.1388
2,1523,1525,0.1388
2,1524,1526,0.1388
2,1518,1520,0.1388
2,1516,1518,0.1388
1,1512,1513,0.1388
1,1514,1515,0.1388
1,1522,1523,0.1388
1,1510,1511,0.1388
1,1516,1517,0.1388
1,1515,1516,0.1388
1,1505,1506,0.1388
1,1512,1513,0.1388
1,1517,1518,0.1388
1,1513,1514,0.1388
1,1515,1516,0.1388
1,1511,1512,0.1388
1,1512,1513,0.1388
1,1519,1520,0.1388
1,1501,1502,0.1388
1,1513,1514,0.1388
1,1508,1509,0.1388
0,1516,1516,0.1388
