1363,29,1392,0.1388
1402,28,1430,0.1388
1405,25,1430,0.1388
1433,25,1458,0.1388
1430,25,1455,0.1388
1441,26,1467,0.1388
1447,25,1472,0.1388
1449,24,1473,0.1388
1442,23,1465,0.1388
1447,25,1472,0.1388
1468,24,1492,0.1388
1470,26,1496,0.1388
1460,26,1486,0.1388
1475,25,1500,0.1388
1452,24,1476,0.1388
1453,25,1478,0.1388
1454,25,1479,0.1388
1468,27,1495,0.1388
1469,26,1495,0.1388
1460,26,1486,0.1388
1466,28,1494,0.1388
1473,29,1502,0.1388
1479,30,1509,0.1388
1467,30,1497,0.1388
1460,29,1489,0.1388
1462,28,1490,0.1388
1474,26,1500,0.1388
1480,26,1506,0.1388
1477,26,1503,0.1388
1468,26,1494,0.1388
1473,26,1499,0.1388
1477,26,1503,0.1388
1473,26,1499,0.1388
1459,29,1488,0.1388
1448,31,1479,0.1388
1448,30,1478,0.1388
1436,28,1464,0.1388
1450,30,1480,0.1388
1459,31,1490,0.1388
1467,31,1498,0.1388
1451,32,1483,0.1388
1451,35,1486,0.1388
1454,37,1491,0.1388
1450,36,1486,0.1388
1451,38,1489,0.1388
1457,41,1498,0.1388
1454,41,1495,0.1388
1452,41,1493,0.1388
1448,42,1490,0.1388
1447,44,1491,0.1388
1443,44,1487,0.1388
1451,44,1495,0.1388
1444,47,1491,0.1388
1455,47,1502,0.1388
1459,43,1502,0.1388
1460,44,1504,0.1388
1471,44,1515,0.1388
1457,43,1500,0.1388
1450,42,1492,0.1388
1462,44,1506,0.1388
1455,44,1499,0.1388
1450,43,1493,0.1388
1456,41,1497,0.1388
1452,41,1493,0.1388
1459,43,1502,0.1388
1454,44,1498,0.1388
1458,46,1504,0.1388
1457,47,1504,0.1388
1445,48,1493,0.1388
1442,49,1491,0.1388
1445,51,1496,0.1388
1450,50,1500,0.1388
1447,51,1498,0.1388
1441,53,1494,0.1388
1438,52,1490,0.1388
1449,52,1501,0.1388
1446,52,1498,0.1388
1442,52,1494,0.1388
1451,52,1503,0.1388
1439,53,1492,0.1388
1446,53,1499,0.1388
1429,55,1484,0.1388
1433,58,1491,0.1388
1433,58,1491,0.1388
1441,58,1499,0.1388
1426,59,1485,0.1388
1427,60,1487,0.1388
1439,58,1497,0.1388
1443,61,1504,0.1388
1444,61,1505,0.1388
1443,60,1503,0.1388
1437,62,1499,0.1388
1451,60,1511,0.1388
1449,58,1507,0.1388
1442,59,1501,0.1388
1441,57,1498,0.1388
1440,58,1498,0.1388
1446,58,1504,0.1388
1438,61,1499,0.1388
1439,58,1497,0.1388
1448,59,1507,0.1388
1448,63,1511,0.1388
1443,66,1509,0.1388
1443,62,1505,0.1388
1428,65,1493,0.1388
1449,67,1516,0.1388
1442,68,1510,0.1388
1443,67,1510,0.1388
1417,65,1482,0.1388
1416,64,1480,0.1388
1420,64,1484,0.1388
1419,62,1481,0.1388
1414,59,1473,0.1388
1435,60,1495,0.1388
1434,64,1498,0.1388
1427,69,1496,0.1388
1429,69,1498,0.1388
1422,73,1495,0.1388
1409,72,1481,0.1388
1407,72,1479,0.1388
1413,71,1484,0.1388
1423,74,1497,0.1388
1429,72,1501,0.1388
1429,71,1500,0.1388
1429,71,1500,0.1388
1427,67,1494,0.1388
1418,70,1488,0.1388
1427,70,1497,0.1388
1419,72,1491,0.1388
1421,73,1494,0.1388
1410,73,1483,0.1388
1417,73,1490,0.1388
1423,69,1492,0.1388
1410,69,1479,0.1388
1416,69,1485,0.1388
1436,69,1505,0.1388
1434,70,1504,0.1388
1425,71,1496,0.1388
1430,71,1501,0.1388
1441,71,1512,0.1388
1423,73,1496,0.1388
1422,77,1499,0.1388
1417,75,1492,0.1388
1412,75,1487,0.1388
1413,76,1489,0.1388
1404,77,1481,0.1388
1398,75,1473,0.1388
1409,76,1485,0.1388
1410,75,1485,0.1388
1407,77,1484,0.1388
1405,78,1483,0.1388
1413,78,1491,0.1388
1412,80,1492,0.1388
1410,80,1490,0.1388
1407,79,1486,0.1388
1410,78,1488,0.1388
1413,77,1490,0.1388
1417,75,1492,0.1388
1420,78,1498,0.1388
1430,78,1508,0.1388
1424,79,1503,0.1388
1427,77,1504,0.1388
1419,76,1495,0.1388
1422,77,1499,0.1388
1439,76,1515,0.1388
1439,76,1515,0.1388
1427,79,1506,0.1388
1417,79,1496,0.1388
1414,78,1492,0.1388
1413,75,1488,0.1388
1426,75,1501,0.1388
1420,77,1497,0.1388
1424,77,1501,0.1388
1429,80,1509,0.1388
1421,83,1504,0.1388
1412,83,1495,0.1388
1409,78,1487,0.1388
1408,76,1484,0.1388
1397,78,1475,0.1388
1408,78,1486,0.1388
1410,81,1491,0.1388
1402,83,1485,0.1388
1411,82,1493,0.1388
1401,84,1485,0.1388
1406,83,1489,0.1388
1403,86,1489,0.1388
1406,86,1492,0.1388
1402,86,1488,0.1388
1390,89,1479,0.1388
1392,88,1480,0.1388
1410,91,1501,0.1388
1402,95,1497,0.1388
1401,96,1497,0.1388
1402,94,1496,0.1388
1404,97,1501,0.1388
1409,94,1503,0.1388
1396,92,1488,0.1388
1398,96,1494,0.1388
1401,97,1498,0.1388
1407,96,1503,0.1388
1396,97,1493,0.1388
1397,96,1493,0.1388
1396,90,1486,0.1388
1382,89,1471,0.1388
1373,91,1464,0.1388
1397,97,1494,0.1388
1408,98,1506,0.1388
1409,98,1507,0.1388
1416,100,1516,0.1388
1412,97,1509,0.1388
1398,96,1494,0.1388
1388,100,1488,0.1388
1386,101,1487,0.1388
1386,101,1487,0.1388
1374,101,1475,0.1388
1391,99,1490,0.1388
1408,98,1506,0.1388
1401,96,1497,0.1388
1394,95,1489,0.1388
1389,94,1483,0.1388
1399,95,1494,0.1388
1404,92,1496,0.1388
1400,92,1492,0.1388
1391,90,1481,0.1388
1389,95,1484,0.1388
1389,97,1486,0.1388
1389,100,1489,0.1388
1402,102,1504,0.1388
1388,104,1492,0.1388
1397,112,1509,0.1388
1403,113,1516,0.1388
1400,112,1512,0.1388
1406,114,1520,0.1388
1406,115,1521,0.1388
1406,111,1517,0.1388
1399,110,1509,0.1388
1384,113,1497,0.1388
1379,111,1490,0.1388
1388,110,1498,0.1388
1383,118,1501,0.1388
1384,115,1499,0.1388
1385,112,1497,0.1388
1382,116,1498,0.1388
1388,118,1506,0.1388
1386,112,1498,0.1388
1391,114,1505,0.1388
1388,114,1502,0.1388
1384,111,1495,0.1388
1383,112,1495,0.1388
1376,107,1483,0.1388
1384,104,1488,0.1388
1386,106,1492,0.1388
1391,107,1498,0.1388
1384,109,1493,0.1388
1375,111,1486,0.1388
1365,112,1477,0.1388
1366,111,1477,0.1388
1366,113,1479,0.1388
1364,114,1478,0.1388
1382,117,1499,0.1388
1379,116,1495,0.1388
1370,117,1487,0.1388
1377,115,1492,0.1388
1368,116,1484,0.1388
1362,114,1476,0.1388
1371,115,1486,0.1388
1378,119,1497,0.1388
1376,117,1493,0.1388
1377,118,1495,0.1388
1385,116,1501,0.1388
1386,118,1504,0.1388
1375,119,1494,0.1388
1371,121,1492,0.1388
1371,120,1491,0.1388
1367,118,1485,0.1388
1367,121,1488,0.1388
1379,121,1500,0.1388
1374,122,1496,0.1388
1384,122,1506,0.1388
1369,119,1488,0.1388
1363,120,1483,0.1388
1362,121,1483,0.1388
1369,122,1491,0.1388
1365,122,1487,0.1388
1365,124,1489,0.1388
1367,124,1491,0.1388
1375,125,1500,0.1388
1355,128,1483,0.1388
1365,128,1493,0.1388
1360,129,1489,0.1388
1361,135,1496,0.1388
1356,133,1489,0.1388
1360,131,1491,0.1388
1365,132,1497,0.1388
1362,134,1496,0.1388
1373,130,1503,0.1388
1375,131,1506,0.1388
1370,132,1502,0.1388
1367,130,1497,0.1388
1378,131,1509,0.1388
1363,134,1497,0.1388
1362,137,1499,0.1388
1356,141,1497,0.1388
1362,141,1503,0.1388
1368,136,1504,0.1388
1368,143,1511,0.1388
1351,144,1495,0.1388
1349,148,1497,0.1388
1344,154,1498,0.1388
1336,152,1488,0.1388
1347,152,1499,0.1388
1347,149,1496,0.1388
1336,148,1484,0.1388
1340,150,1490,0.1388
1334,150,1484,0.1388
1345,144,1489,0.1388
1340,141,1481,0.1388
1344,142,1486,0.1388
1354,144,1498,0.1388
1347,141,1488,0.1388
1353,140,1493,0.1388
1360,143,1503,0.1388
1364,142,1506,0.1388
1361,143,1504,0.1388
1353,142,1495,0.1388
1360,144,1504,0.1388
1356,147,1503,0.1388
1362,145,1507,0.1388
1350,146,1496,0.1388
1362,145,1507,0.1388
1348,147,1495,0.1388
1340,149,1489,0.1388
1339,148,1487,0.1388
1337,145,1482,0.1388
1338,140,1478,0.1388
1333,145,1478,0.1388
1334,145,1479,0.1388
1336,142,1478,0.1388
1327,144,1471,0.1388
1334,145,1479,0.1388
1341,143,1484,0.1388
1347,144,1491,0.1388
1354,145,1499,0.1388
1361,146,1507,0.1388
1350,147,1497,0.1388
1349,157,1506,0.1388
1348,157,1505,0.1388
1345,158,1503,0.1388
1341,158,1499,0.1388
1346,154,1500,0.1388
1360,157,1517,0.1388
1350,157,1507,0.1388
1346,156,1502,0.1388
1349,153,1502,0.1388
1347,156,1503,0.1388
1339,161,1500,0.1388
1352,159,1511,0.1388
1352,163,1515,0.1388
1335,163,1498,0.1388
1336,164,1500,0.1388
1334,163,1497,0.1388
1324,164,1488,0.1388
1320,162,1482,0.1388
1332,158,1490,0.1388
1343,157,1500,0.1388
1333,154,1487,0.1388
1352,156,1508,0.1388
1342,159,1501,0.1388
1344,160,1504,0.1388
1341,162,1503,0.1388
1326,165,1491,0.1388
1318,164,1482,0.1388
1321,166,1487,0.1388
1331,167,1498,0.1388
1326,173,1499,0.1388
1324,169,1493,0.1388
1319,165,1484,0.1388
1323,164,1487,0.1388
1327,160,1487,0.1388
1332,158,1490,0.1388
1341,157,1498,0.1388
1343,159,1502,0.1388
1352,165,1517,0.1388
1353,164,1517,0.1388
1358,159,1517,0.1388
1354,162,1516,0.1388
1352,163,1515,0.1388
1345,164,1509,0.1388
1345,164,1509,0.1388
1339,168,1507,0.1388
1344,169,1513,0.1388
1345,167,1512,0.1388
1356,164,1520,0.1388
1346,163,1509,0.1388
1347,160,1507,0.1388
1336,158,1494,0.1388
1334,162,1496,0.1388
1332,165,1497,0.1388
1327,164,1491,0.1388
1323,171,1494,0.1388
1329,169,1498,0.1388
1329,166,1495,0.1388
1329,168,1497,0.1388
1331,162,1493,0.1388
1333,167,1500,0.1388
1344,166,1510,0.1388
1348,166,1514,0.1388
1336,161,1497,0.1388
1335,165,1500,0.1388
1337,167,1504,0.1388
1343,165,1508,0.1388
1335,170,1505,0.1388
1327,170,1497,0.1388
1319,170,1489,0.1388
1315,167,1482,0.1388
1324,169,1493,0.1388
1342,167,1509,0.1388
1327,166,1493,0.1388
1332,166,1498,0.1388
1330,166,1496,0.1388
1330,166,1496,0.1388
1318,166,1484,0.1388
1319,168,1487,0.1388
1319,164,1483,0.1388
1316,160,1476,0.1388
1337,158,1495,0.1388
1345,163,1508,0.1388
1352,161,1513,0.1388
1349,164,1513,0.1388
1350,165,1515,0.1388
1355,159,1514,0.1388
1348,158,1506,0.1388
1342,158,1500,0.1388
1332,157,1489,0.1388
1340,154,1494,0.1388
1336,157,1493,0.1388
1331,158,1489,0.1388
1336,154,1490,0.1388
1325,155,1480,0.1388
1332,155,1487,0.1388
1339,157,1496,0.1388
1330,157,1487,0.1388
1336,161,1497,0.1388
1339,163,1502,0.1388
1330,164,1494,0.1388
1325,160,1485,0.1388
1333,156,1489,0.1388
1336,157,1493,0.1388
1347,155,1502,0.1388
1350,155,1505,0.1388
1344,150,1494,0.1388
1330,152,1482,0.1388
1328,157,1485,0.1388
1340,160,1500,0.1388
1349,159,1508,0.1388
1345,157,1502,0.1388
1346,153,1499,0.1388
1348,153,1501,0.1388
1337,153,1490,0.1388
1342,154,1496,0.1388
1345,158,1503,0.1388
1349,160,1509,0.1388
1347,163,1510,0.1388
1333,167,1500,0.1388
1324,172,1496,0.1388
1327,167,1494,0.1388
1325,167,1492,0.1388
1333,167,1500,0.1388
1339,165,1504,0.1388
1336,170,1506,0.1388
1336,168,1504,0.1388
1324,171,1495,0.1388
1313,172,1485,0.1388
1315,170,1485,0.1388
1310,173,1483,0.1388
1324,170,1494,0.1388
1313,173,1486,0.1388
1313,167,1480,0.1388
1314,167,1481,0.1388
1314,170,1484,0.1388
1329,171,1500,0.1388
1329,174,1503,0.1388
1330,172,1502,0.1388
1330,174,1504,0.1388
1324,171,1495,0.1388
1318,173,1491,0.1388
1318,177,1495,0.1388
1318,174,1492,0.1388
1328,176,1504,0.1388
1325,172,1497,0.1388
1316,174,1490,0.1388
1326,178,1504,0.1388
1305,176,1481,0.1388
1309,181,1490,0.1388
1314,185,1499,0.1388
1318,183,1501,0.1388
1312,182,1494,0.1388
1318,182,1500,0.1388
1321,182,1503,0.1388
1332,185,1517,0.1388
1326,182,1508,0.1388
1325,191,1516,0.1388
1325,191,1516,0.1388
1308,194,1502,0.1388
1301,192,1493,0.1388
1292,183,1475,0.1388
1298,183,1481,0.1388
1297,185,1482,0.1388
1304,188,1492,0.1388
1300,191,1491,0.1388
1308,195,1503,0.1388
1301,193,1494,0.1388
1303,193,1496,0.1388
1295,195,1490,0.1388
1301,195,1496,0.1388
1300,198,1498,0.1388
1297,191,1488,0.1388
1297,196,1493,0.1388
1303,194,1497,0.1388
1298,196,1494,0.1388
1283,199,1482,0.1388
1279,205,1484,0.1388
1280,205,1485,0.1388
1274,209,1483,0.1388
1281,212,1493,0.1388
1283,213,1496,0.1388
1294,214,1508,0.1388
1284,217,1501,0.1388
1273,217,1490,0.1388
1265,217,1482,0.1388
1266,218,1484,0.1388
1265,222,1487,0.1388
1271,219,1490,0.1388
1278,219,1497,0.1388
1275,220,1495,0.1388
1277,220,1497,0.1388
1277,223,1500,0.1388
1277,225,1502,0.1388
1288,228,1516,0.1388
1281,223,1504,0.1388
1271,221,1492,0.1388
1275,221,1496,0.1388
1271,217,1488,0.1388
1267,218,1485,0.1388
1260,220,1480,0.1388
1259,228,1487,0.1388
1260,231,1491,0.1388
1268,231,1499,0.1388
1257,230,1487,0.1388
1256,236,1492,0.1388
1250,239,1489,0.1388
1254,239,1493,0.1388
1260,242,1502,0.1388
1264,242,1506,0.1388
1265,240,1505,0.1388
1275,239,1514,0.1388
1270,241,1511,0.1388
1262,230,1492,0.1388
1264,233,1497,0.1388
1269,230,1499,0.1388
1274,233,1507,0.1388
1267,234,1501,0.1388
1279,233,1512,0.1388
1279,234,1513,0.1388
1275,238,1513,0.1388
1273,236,1509,0.1388
1264,235,1499,0.1388
1267,239,1506,0.1388
1257,244,1501,0.1388
1262,243,1505,0.1388
1246,245,1491,0.1388
1246,244,1490,0.1388
1236,247,1483,0.1388
1247,247,1494,0.1388
1246,251,1497,0.1388
1237,250,1487,0.1388
1251,249,1500,0.1388
1244,242,1486,0.1388
1237,244,1481,0.1388
1249,244,1493,0.1388
1242,240,1482,0.1388
1263,239,1502,0.1388
1260,238,1498,0.1388
1241,238,1479,0.1388
1239,248,1487,0.1388
1236,245,1481,0.1388
1242,245,1487,0.1388
1238,243,1481,0.1388
1240,246,1486,0.1388
1250,248,1498,0.1388
1262,251,1513,0.1388
1267,246,1513,0.1388
1264,249,1513,0.1388
1237,243,1480,0.1388
1229,245,1474,0.1388
1234,247,1481,0.1388
1243,244,1487,0.1388
1238,250,1488,0.1388
1235,257,1492,0.1388
1231,255,1486,0.1388
1226,254,1480,0.1388
1232,256,1488,0.1388
1233,257,1490,0.1388
1246,259,1505,0.1388
1239,262,1501,0.1388
1243,258,1501,0.1388
1229,260,1489,0.1388
1222,262,1484,0.1388
1232,260,1492,0.1388
1232,259,1491,0.1388
1229,259,1488,0.1388
1226,266,1492,0.1388
1219,265,1484,0.1388
1236,261,1497,0.1388
1242,267,1509,0.1388
1246,265,1511,0.1388
1238,272,1510,0.1388
1233,273,1506,0.1388
1240,275,1515,0.1388
1236,276,1512,0.1388
1230,273,1503,0.1388
1237,279,1516,0.1388
1237,279,1516,0.1388
1228,279,1507,0.1388
1222,282,1504,0.1388
1209,282,1491,0.1388
1213,284,1497,0.1388
1211,284,1495,0.1388
1227,283,1510,0.1388
1225,284,1509,0.1388
1228,281,1509,0.1388
1223,283,1506,0.1388
1226,280,1506,0.1388
1218,277,1495,0.1388
1224,280,1504,0.1388
1220,277,1497,0.1388
1209,277,1486,0.1388
1216,278,1494,0.1388
1205,284,1489,0.1388
1205,291,1496,0.1388
1211,290,1501,0.1388
1214,284,1498,0.1388
1216,286,1502,0.1388
1227,284,1511,0.1388
1218,283,1501,0.1388
1197,288,1485,0.1388
1202,284,1486,0.1388
1192,282,1474,0.1388
1204,281,1485,0.1388
1216,284,1500,0.1388
1214,286,1500,0.1388
1217,285,1502,0.1388
1209,284,1493,0.1388
1209,289,1498,0.1388
1206,292,1498,0.1388
1208,289,1497,0.1388
1210,287,1497,0.1388
1208,289,1497,0.1388
1204,294,1498,0.1388
1202,300,1502,0.1388
1199,301,1500,0.1388
1203,298,1501,0.1388
1212,297,1509,0.1388
1208,296,1504,0.1388
1206,293,1499,0.1388
1207,297,1504,0.1388
1201,304,1505,0.1388
1195,309,1504,0.1388
1190,307,1497,0.1388
1192,307,1499,0.1388
1194,306,1500,0.1388
1188,309,1497,0.1388
1171,310,1481,0.1388
1177,311,1488,0.1388
1177,313,1490,0.1388
1182,309,1491,0.1388
1173,309,1482,0.1388
1189,305,1494,0.1388
1184,305,1489,0.1388
1188,307,1495,0.1388
1181,310,1491,0.1388
1174,307,1481,0.1388
1175,310,1485,0.1388
1166,311,1477,0.1388
1175,313,1488,0.1388
1181,315,1496,0.1388
1173,319,1492,0.1388
1169,321,1490,0.1388
1171,321,1492,0.1388
1174,325,1499,0.1388
1174,323,1497,0.1388
1162,325,1487,0.1388
1171,324,1495,0.1388
1178,330,1508,0.1388
1175,329,1504,0.1388
1178,333,1511,0.1388
1169,327,1496,0.1388
1173,325,1498,0.1388
1171,322,1493,0.1388
1181,325,1506,0.1388
1165,332,1497,0.1388
1170,327,1497,0.1388
1168,329,1497,0.1388
1172,330,1502,0.1388
1170,331,1501,0.1388
1178,328,1506,0.1388
1168,327,1495,0.1388
1161,328,1489,0.1388
1163,336,1499,0.1388
1164,334,1498,0.1388
1154,335,1489,0.1388
1152,332,1484,0.1388
1141,330,1471,0.1388
1149,337,1486,0.1388
1165,341,1506,0.1388
1170,341,1511,0.1388
1173,329,1502,0.1388
1169,330,1499,0.1388
1172,331,1503,0.1388
1167,328,1495,0.1388
1173,325,1498,0.1388
1182,326,1508,0.1388
1183,326,1509,0.1388
1175,332,1507,0.1388
1175,326,1501,0.1388
1178,326,1504,0.1388
1167,321,1488,0.1388
1171,323,1494,0.1388
1172,316,1488,0.1388
1183,321,1504,0.1388
1180,328,1508,0.1388
1170,325,1495,0.1388
1155,322,1477,0.1388
1162,316,1478,0.1388
1156,326,1482,0.1388
1152,326,1478,0.1388
1155,330,1485,0.1388
1158,331,1489,0.1388
1164,337,1501,0.1388
1164,335,1499,0.1388
1151,333,1484,0.1388
1147,340,1487,0.1388
1146,348,1494,0.1388
1140,344,1484,0.1388
1128,345,1473,0.1388
1128,350,1478,0.1388
1123,351,1474,0.1388
1126,349,1475,0.1388
1122,351,1473,0.1388
1132,344,1476,0.1388
1146,348,1494,0.1388
1153,347,1500,0.1388
1150,353,1503,0.1388
1158,355,1513,0.1388
1150,354,1504,0.1388
1143,354,1497,0.1388
1157,350,1507,0.1388
1149,348,1497,0.1388
1142,344,1486,0.1388
1155,345,1500,0.1388
1158,341,1499,0.1388
1152,338,1490,0.1388
1160,335,1495,0.1388
1156,337,1493,0.1388
1149,338,1487,0.1388
1151,343,1494,0.1388
1149,346,1495,0.1388
1150,342,1492,0.1388
1147,343,1490,0.1388
1160,345,1505,0.1388
1162,342,1504,0.1388
1167,343,1510,0.1388
1162,341,1503,0.1388
1159,346,1505,0.1388
1168,344,1512,0.1388
1167,344,1511,0.1388
1157,348,1505,0.1388
1160,350,1510,0.1388
1164,346,1510,0.1388
1155,345,1500,0.1388
1158,343,1501,0.1388
1152,347,1499,0.1388
1148,348,1496,0.1388
1153,345,1498,0.1388
1149,352,1501,0.1388
1160,350,1510,0.1388
1165,356,1521,0.1388
1154,355,1509,0.1388
1143,361,1504,0.1388
1148,353,1501,0.1388
1145,354,1499,0.1388
1150,351,1501,0.1388
1154,358,1512,0.1388
1144,361,1505,0.1388
1124,362,1486,0.1388
1125,368,1493,0.1388
1136,363,1499,0.1388
1135,366,1501,0.1388
1143,371,1514,0.1388
1132,366,1498,0.1388
1146,367,1513,0.1388
1142,371,1513,0.1388
1146,368,1514,0.1388
1141,373,1514,0.1388
1134,370,1504,0.1388
1130,362,1492,0.1388
1114,361,1475,0.1388
1115,361,1476,0.1388
1122,370,1492,0.1388
1125,366,1491,0.1388
1126,375,1501,0.1388
1120,378,1498,0.1388
1114,381,1495,0.1388
1124,375,1499,0.1388
1126,374,1500,0.1388
1128,378,1506,0.1388
1127,384,1511,0.1388
1117,383,1500,0.1388
1121,381,1502,0.1388
1120,387,1507,0.1388
1133,386,1519,0.1388
1124,391,1515,0.1388
1128,390,1518,0.1388
1119,386,1505,0.1388
1121,385,1506,0.1388
1120,380,1500,0.1388
1129,375,1504,0.1388
1133,372,1505,0.1388
1117,369,1486,0.1388
1117,376,1493,0.1388
1110,372,1482,0.1388
1103,379,1482,0.1388
1109,377,1486,0.1388
1122,381,1503,0.1388
1122,382,1504,0.1388
1121,388,1509,0.1388
1128,396,1524,0.1388
1120,391,1511,0.1388
1116,393,1509,0.1388
1115,393,1508,0.1388
1103,396,1499,0.1388
1107,398,1505,0.1388
1117,393,1510,0.1388
1110,400,1510,0.1388
1111,397,1508,0.1388
1106,399,1505,0.1388
1113,405,1518,0.1388
1105,408,1513,0.1388
1099,405,1504,0.1388
1096,411,1507,0.1388
1097,412,1509,0.1388
1089,410,1499,0.1388
1095,414,1509,0.1388
1094,414,1508,0.1388
1094,415,1509,0.1388
1098,423,1521,0.1388
1085,424,1509,0.1388
1072,425,1497,0.1388
1062,425,1487,0.1388
1075,431,1506,0.1388
1072,431,1503,0.1388
1067,431,1498,0.1388
1075,428,1503,0.1388
1079,430,1509,0.1388
1076,425,1501,0.1388
1076,438,1514,0.1388
1072,437,1509,0.1388
1069,436,1505,0.1388
1071,432,1503,0.1388
1070,431,1501,0.1388
1073,428,1501,0.1388
1074,427,1501,0.1388
1048,437,1485,0.1388
1058,437,1495,0.1388
1068,439,1507,0.1388
1080,438,1518,0.1388
1083,431,1514,0.1388
1086,425,1511,0.1388
1083,430,1513,0.1388
1078,427,1505,0.1388
1100,425,1525,0.1388
1092,426,1518,0.1388
1090,425,1515,0.1388
1086,427,1513,0.1388
1078,430,1508,0.1388
1059,429,1488,0.1388
1057,429,1486,0.1388
1071,431,1502,0.1388
1066,435,1501,0.1388
1058,433,1491,0.1388
1058,427,1485,0.1388
1052,442,1494,0.1388
1056,438,1494,0.1388
1067,439,1506,0.1388
1057,448,1505,0.1388
1045,444,1489,0.1388
1051,447,1498,0.1388
1047,455,1502,0.1388
1051,447,1498,0.1388
1053,449,1502,0.1388
1057,448,1505,0.1388
1050,452,1502,0.1388
1051,461,1512,0.1388
1046,463,1509,0.1388
1047,460,1507,0.1388
1044,461,1505,0.1388
1037,469,1506,0.1388
1042,464,1506,0.1388
1023,469,1492,0.1388
1027,465,1492,0.1388
1022,463,1485,0.1388
1017,467,1484,0.1388
1025,470,1495,0.1388
1034,468,1502,0.1388
1038,470,1508,0.1388
1024,463,1487,0.1388
1024,468,1492,0.1388
1018,460,1478,0.1388
1017,459,1476,0.1388
1023,470,1493,0.1388
1027,467,1494,0.1388
1030,465,1495,0.1388
1025,478,1503,0.1388
1014,479,1493,0.1388
1020,488,1508,0.1388
1003,481,1484,0.1388
1002,484,1486,0.1388
1008,491,1499,0.1388
1018,490,1508,0.1388
1025,493,1518,0.1388
1026,489,1515,0.1388
1033,483,1516,0.1388
1030,486,1516,0.1388
1029,483,1512,0.1388
1028,477,1505,0.1388
1025,482,1507,0.1388
1028,476,1504,0.1388
1033,482,1515,0.1388
1026,483,1509,0.1388
1020,474,1494,0.1388
1026,476,1502,0.1388
1029,476,1505,0.1388
1020,477,1497,0.1388
1023,471,1494,0.1388
1021,475,1496,0.1388
1029,475,1504,0.1388
1029,476,1505,0.1388
1026,469,1495,0.1388
1008,476,1484,0.1388
1005,480,1485,0.1388
1012,478,1490,0.1388
1019,476,1495,0.1388
1021,473,1494,0.1388
1027,466,1493,0.1388
1036,466,1502,0.1388
1029,480,1509,0.1388
1026,484,1510,0.1388
1018,477,1495,0.1388
1010,484,1494,0.1388
1000,492,1492,0.1388
1004,483,1487,0.1388
1007,487,1494,0.1388
1008,488,1496,0.1388
1010,494,1504,0.1388
1008,496,1504,0.1388
995,497,1492,0.1388
1006,483,1489,0.1388
1004,489,1493,0.1388
1014,494,1508,0.1388
1004,492,1496,0.1388
998,494,1492,0.1388
1010,494,1504,0.1388
1016,486,1502,0.1388
1018,488,1506,0.1388
1012,492,1504,0.1388
1016,496,1512,0.1388
1003,501,1504,0.1388
999,502,1501,0.1388
996,497,1493,0.1388
989,505,1494,0.1388
1000,503,1503,0.1388
990,498,1488,0.1388
994,490,1484,0.1388
989,495,1484,0.1388
991,502,1493,0.1388
1002,506,1508,0.1388
990,503,1493,0.1388
987,515,1502,0.1388
997,508,1505,0.1388
991,507,1498,0.1388
1001,506,1507,0.1388
980,512,1492,0.1388
976,515,1491,0.1388
974,527,1501,0.1388
973,525,1498,0.1388
975,515,1490,0.1388
972,524,1496,0.1388
969,524,1493,0.1388
975,524,1499,0.1388
982,527,1509,0.1388
982,516,1498,0.1388
978,511,1489,0.1388
979,519,1498,0.1388
978,525,1503,0.1388
976,519,1495,0.1388
981,519,1500,0.1388
989,514,1503,0.1388
974,519,1493,0.1388
982,527,1509,0.1388
983,524,1507,0.1388
989,522,1511,0.1388
990,525,1515,0.1388
990,526,1516,0.1388
979,531,1510,0.1388
987,538,1525,0.1388
987,533,1520,0.1388
984,533,1517,0.1388
977,540,1517,0.1388
983,533,1516,0.1388
986,534,1520,0.1388
960,522,1482,0.1388
968,524,1492,0.1388
979,525,1504,0.1388
984,528,1512,0.1388
981,534,1515,0.1388
978,529,1507,0.1388
982,533,1515,0.1388
994,530,1524,0.1388
978,524,1502,0.1388
996,528,1524,0.1388
994,528,1522,0.1388
988,528,1516,0.1388
991,521,1512,0.1388
988,512,1500,0.1388
967,518,1485,0.1388
951,532,1483,0.1388
946,531,1477,0.1388
953,530,1483,0.1388
955,540,1495,0.1388
954,540,1494,0.1388
947,542,1489,0.1388
940,547,1487,0.1388
945,553,1498,0.1388
944,556,1500,0.1388
935,559,1494,0.1388
933,566,1499,0.1388
926,568,1494,0.1388
932,572,1504,0.1388
934,576,1510,0.1388
922,572,1494,0.1388
926,570,1496,0.1388
931,571,1502,0.1388
941,573,1514,0.1388
938,579,1517,0.1388
925,586,1511,0.1388
929,576,1505,0.1388
923,576,1499,0.1388
930,583,1513,0.1388
926,584,1510,0.1388
916,584,1500,0.1388
925,577,1502,0.1388
933,571,1504,0.1388
930,579,1509,0.1388
930,581,1511,0.1388
938,577,1515,0.1388
929,583,1512,0.1388
931,589,1520,0.1388
934,573,1507,0.1388
924,584,1508,0.1388
933,577,1510,0.1388
926,581,1507,0.1388
914,577,1491,0.1388
924,582,1506,0.1388
912,582,1494,0.1388
911,579,1490,0.1388
911,584,1495,0.1388
918,586,1504,0.1388
921,592,1513,0.1388
914,597,1511,0.1388
917,596,1513,0.1388
912,594,1506,0.1388
910,577,1487,0.1388
910,586,1496,0.1388
925,590,1515,0.1388
922,585,1507,0.1388
914,586,1500,0.1388
911,592,1503,0.1388
903,595,1498,0.1388
895,598,1493,0.1388
887,597,1484,0.1388
891,599,1490,0.1388
892,600,1492,0.1388
882,605,1487,0.1388
896,593,1489,0.1388
898,603,1501,0.1388
895,598,1493,0.1388
897,603,1500,0.1388
883,604,1487,0.1388
884,599,1483,0.1388
880,602,1482,0.1388
886,612,1498,0.1388
880,619,1499,0.1388
883,616,1499,0.1388
886,616,1502,0.1388
896,615,1511,0.1388
892,619,1511,0.1388
881,620,1501,0.1388
886,625,1511,0.1388
883,625,1508,0.1388
878,638,1516,0.1388
872,638,1510,0.1388
872,635,1507,0.1388
866,630,1496,0.1388
863,621,1484,0.1388
870,630,1500,0.1388
854,638,1492,0.1388
852,637,1489,0.1388
849,642,1491,0.1388
856,645,1501,0.1388
851,637,1488,0.1388
851,637,1488,0.1388
862,638,1500,0.1388
857,648,1505,0.1388
857,644,1501,0.1388
849,642,1491,0.1388
855,638,1493,0.1388
846,650,1496,0.1388
849,651,1500,0.1388
844,649,1493,0.1388
839,656,1495,0.1388
842,666,1508,0.1388
849,666,1515,0.1388
853,663,1516,0.1388
851,673,1524,0.1388
841,678,1519,0.1388
838,677,1515,0.1388
830,672,1502,0.1388
841,672,1513,0.1388
835,679,1514,0.1388
834,686,1520,0.1388
835,684,1519,0.1388
829,679,1508,0.1388
828,684,1512,0.1388
841,694,1535,0.1388
832,694,1526,0.1388
820,690,1510,0.1388
816,695,1511,0.1388
825,691,1516,0.1388
818,688,1506,0.1388
815,680,1495,0.1388
814,682,1496,0.1388
817,680,1497,0.1388
808,682,1490,0.1388
809,682,1491,0.1388
806,686,1492,0.1388
809,682,1491,0.1388
814,687,1501,0.1388
818,688,1506,0.1388
825,684,1509,0.1388
825,681,1506,0.1388
827,690,1517,0.1388
823,686,1509,0.1388
825,683,1508,0.1388
821,681,1502,0.1388
823,679,1502,0.1388
827,682,1509,0.1388
825,678,1503,0.1388
811,672,1483,0.1388
818,675,1493,0.1388
828,686,1514,0.1388
822,676,1498,0.1388
812,689,1501,0.1388
814,692,1506,0.1388
813,690,1503,0.1388
816,676,1492,0.1388
817,683,1500,0.1388
822,684,1506,0.1388
808,689,1497,0.1388
812,687,1499,0.1388
804,691,1495,0.1388
810,695,1505,0.1388
811,690,1501,0.1388
812,692,1504,0.1388
814,690,1504,0.1388
812,694,1506,0.1388
804,708,1512,0.1388
802,701,1503,0.1388
805,711,1516,0.1388
797,714,1511,0.1388
782,718,1500,0.1388
784,721,1505,0.1388
790,726,1516,0.1388
784,716,1500,0.1388
783,718,1501,0.1388
788,721,1509,0.1388
786,720,1506,0.1388
775,714,1489,0.1388
786,715,1501,0.1388
792,717,1509,0.1388
796,720,1516,0.1388
793,724,1517,0.1388
789,718,1507,0.1388
786,717,1503,0.1388
782,724,1506,0.1388
778,737,1515,0.1388
781,729,1510,0.1388
784,726,1510,0.1388
785,732,1517,0.1388
781,744,1525,0.1388
779,738,1517,0.1388
768,741,1509,0.1388
761,746,1507,0.1388
760,748,1508,0.1388
766,744,1510,0.1388
770,738,1508,0.1388
766,735,1501,0.1388
774,732,1506,0.1388
765,740,1505,0.1388
760,741,1501,0.1388
758,734,1492,0.1388
751,738,1489,0.1388
743,753,1496,0.1388
742,742,1484,0.1388
768,752,1520,0.1388
765,752,1517,0.1388
750,758,1508,0.1388
751,755,1506,0.1388
750,760,1510,0.1388
753,752,1505,0.1388
755,757,1512,0.1388
759,758,1517,0.1388
762,760,1522,0.1388
757,759,1516,0.1388
757,756,1513,0.1388
747,750,1497,0.1388
747,759,1506,0.1388
754,763,1517,0.1388
755,766,1521,0.1388
748,762,1510,0.1388
745,762,1507,0.1388
750,747,1497,0.1388
750,752,1502,0.1388
748,761,1509,0.1388
748,771,1519,0.1388
742,767,1509,0.1388
736,761,1497,0.1388
731,758,1489,0.1388
733,763,1496,0.1388
729,765,1494,0.1388
728,775,1503,0.1388
737,772,1509,0.1388
741,773,1514,0.1388
732,773,1505,0.1388
716,782,1498,0.1388
718,790,1508,0.1388
722,795,1517,0.1388
731,793,1524,0.1388
719,796,1515,0.1388
723,798,1521,0.1388
719,793,1512,0.1388
720,785,1505,0.1388
720,801,1521,0.1388
727,796,1523,0.1388
730,801,1531,0.1388
731,802,1533,0.1388
732,797,1529,0.1388
718,788,1506,0.1388
717,795,1512,0.1388
707,796,1503,0.1388
714,794,1508,0.1388
704,797,1501,0.1388
709,803,1512,0.1388
704,806,1510,0.1388
698,803,1501,0.1388
703,816,1519,0.1388
701,812,1513,0.1388
700,796,1496,0.1388
701,805,1506,0.1388
697,813,1510,0.1388
690,816,1506,0.1388
691,825,1516,0.1388
684,820,1504,0.1388
678,827,1505,0.1388
675,822,1497,0.1388
674,835,1509,0.1388
664,829,1493,0.1388
674,839,1513,0.1388
659,845,1504,0.1388
660,842,1502,0.1388
661,843,1504,0.1388
655,839,1494,0.1388
658,842,1500,0.1388
648,844,1492,0.1388
659,848,1507,0.1388
664,851,1515,0.1388
658,857,1515,0.1388
644,861,1505,0.1388
646,865,1511,0.1388
659,866,1525,0.1388
651,863,1514,0.1388
653,861,1514,0.1388
647,861,1508,0.1388
646,855,1501,0.1388
636,860,1496,0.1388
640,868,1508,0.1388
642,873,1515,0.1388
643,871,1514,0.1388
646,873,1519,0.1388
646,870,1516,0.1388
648,874,1522,0.1388
651,875,1526,0.1388
640,876,1516,0.1388
640,876,1516,0.1388
635,875,1510,0.1388
632,873,1505,0.1388
630,868,1498,0.1388
633,875,1508,0.1388
630,871,1501,0.1388
628,872,1500,0.1388
629,879,1508,0.1388
616,877,1493,0.1388
614,883,1497,0.1388
610,885,1495,0.1388
619,891,1510,0.1388
620,888,1508,0.1388
621,889,1510,0.1388
618,892,1510,0.1388
614,891,1505,0.1388
610,877,1487,0.1388
609,884,1493,0.1388
599,889,1488,0.1388
608,890,1498,0.1388
617,895,1512,0.1388
613,891,1504,0.1388
621,910,1531,0.1388
622,897,1519,0.1388
618,890,1508,0.1388
617,890,1507,0.1388
617,899,1516,0.1388
609,900,1509,0.1388
614,906,1520,0.1388
610,901,1511,0.1388
607,907,1514,0.1388
612,908,1520,0.1388
612,911,1523,0.1388
600,914,1514,0.1388
592,907,1499,0.1388
589,906,1495,0.1388
587,914,1501,0.1388
590,918,1508,0.1388
592,913,1505,0.1388
595,916,1511,0.1388
596,915,1511,0.1388
598,908,1506,0.1388
596,901,1497,0.1388
591,900,1491,0.1388
595,902,1497,0.1388
586,909,1495,0.1388
594,911,1505,0.1388
591,912,1503,0.1388
587,923,1510,0.1388
580,917,1497,0.1388
590,914,1504,0.1388
591,928,1519,0.1388
586,912,1498,0.1388
593,919,1512,0.1388
593,926,1519,0.1388
583,914,1497,0.1388
592,921,1513,0.1388
588,921,1509,0.1388
587,923,1510,0.1388
586,930,1516,0.1388
587,921,1508,0.1388
595,915,1510,0.1388
584,914,1498,0.1388
591,931,1522,0.1388
584,907,1491,0.1388
587,915,1502,0.1388
583,912,1495,0.1388
585,913,1498,0.1388
575,921,1496,0.1388
574,928,1502,0.1388
569,932,1501,0.1388
574,941,1515,0.1388
565,937,1502,0.1388
567,937,1504,0.1388
567,938,1505,0.1388
571,944,1515,0.1388
575,928,1503,0.1388
570,936,1506,0.1388
572,925,1497,0.1388
562,928,1490,0.1388
564,927,1491,0.1388
563,935,1498,0.1388
566,931,1497,0.1388
568,935,1503,0.1388
565,935,1500,0.1388
570,941,1511,0.1388
564,951,1515,0.1388
568,958,1526,0.1388
559,964,1523,0.1388
559,955,1514,0.1388
560,951,1511,0.1388
565,953,1518,0.1388
562,944,1506,0.1388
559,941,1500,0.1388
557,946,1503,0.1388
560,946,1506,0.1388
573,946,1519,0.1388
564,941,1505,0.1388
563,934,1497,0.1388
555,934,1489,0.1388
559,943,1502,0.1388
556,948,1504,0.1388
557,947,1504,0.1388
562,950,1512,0.1388
566,940,1506,0.1388
572,940,1512,0.1388
566,946,1512,0.1388
565,944,1509,0.1388
563,943,1506,0.1388
561,948,1509,0.1388
562,939,1501,0.1388
563,942,1505,0.1388
563,945,1508,0.1388
570,955,1525,0.1388
564,944,1508,0.1388
554,954,1508,0.1388
546,962,1508,0.1388
545,958,1503,0.1388
544,953,1497,0.1388
546,953,1499,0.1388
530,958,1488,0.1388
534,958,1492,0.1388
532,967,1499,0.1388
536,968,1504,0.1388
538,967,1505,0.1388
541,970,1511,0.1388
534,974,1508,0.1388
530,980,1510,0.1388
532,968,1500,0.1388
528,971,1499,0.1388
526,977,1503,0.1388
520,977,1497,0.1388
522,970,1492,0.1388
523,983,1506,0.1388
529,988,1517,0.1388
529,981,1510,0.1388
523,986,1509,0.1388
518,990,1508,0.1388
516,990,1506,0.1388
520,989,1509,0.1388
520,977,1497,0.1388
515,991,1506,0.1388
515,994,1509,0.1388
514,995,1509,0.1388
519,995,1514,0.1388
511,992,1503,0.1388
512,988,1500,0.1388
500,991,1491,0.1388
500,978,1478,0.1388
504,993,1497,0.1388
500,1002,1502,0.1388
507,1007,1514,0.1388
513,997,1510,0.1388
511,999,1510,0.1388
504,996,1500,0.1388
499,997,1496,0.1388
503,995,1498,0.1388
498,996,1494,0.1388
496,995,1491,0.1388
493,1012,1505,0.1388
502,1010,1512,0.1388
507,1003,1510,0.1388
509,994,1503,0.1388
509,992,1501,0.1388
513,993,1506,0.1388
509,997,1506,0.1388
507,1005,1512,0.1388
509,1010,1519,0.1388
505,1005,1510,0.1388
498,1017,1515,0.1388
501,1019,1520,0.1388
504,1016,1520,0.1388
503,1008,1511,0.1388
505,1004,1509,0.1388
504,1000,1504,0.1388
505,1001,1506,0.1388
499,1002,1501,0.1388
493,998,1491,0.1388
498,995,1493,0.1388
496,1004,1500,0.1388
503,1015,1518,0.1388
499,1008,1507,0.1388
503,1006,1509,0.1388
498,1007,1505,0.1388
492,1003,1495,0.1388
496,1000,1496,0.1388
498,1006,1504,0.1388
507,1008,1515,0.1388
507,1008,1515,0.1388
506,1021,1527,0.1388
501,1010,1511,0.1388
499,1007,1506,0.1388
495,1009,1504,0.1388
495,1010,1505,0.1388
497,1017,1514,0.1388
483,1019,1502,0.1388
487,1007,1494,0.1388
482,1013,1495,0.1388
481,1022,1503,0.1388
490,1022,1512,0.1388
485,1023,1508,0.1388
487,1034,1521,0.1388
483,1046,1529,0.1388
486,1038,1524,0.1388
487,1032,1519,0.1388
483,1031,1514,0.1388
489,1022,1511,0.1388
486,1028,1514,0.1388
486,1025,1511,0.1388
481,1026,1507,0.1388
488,1022,1510,0.1388
483,1023,1506,0.1388
486,1031,1517,0.1388
486,1028,1514,0.1388
482,1032,1514,0.1388
472,1031,1503,0.1388
478,1028,1506,0.1388
475,1032,1507,0.1388
475,1040,1515,0.1388
472,1040,1512,0.1388
471,1028,1499,0.1388
477,1028,1505,0.1388
470,1032,1502,0.1388
467,1033,1500,0.1388
462,1049,1511,0.1388
462,1046,1508,0.1388
466,1046,1512,0.1388
464,1040,1504,0.1388
466,1045,1511,0.1388
463,1055,1518,0.1388
454,1051,1505,0.1388
460,1047,1507,0.1388
456,1049,1505,0.1388
451,1047,1498,0.1388
452,1042,1494,0.1388
452,1045,1497,0.1388
463,1055,1518,0.1388
460,1058,1518,0.1388
462,1049,1511,0.1388
466,1050,1516,0.1388
460,1052,1512,0.1388
463,1051,1514,0.1388
458,1061,1519,0.1388
450,1060,1510,0.1388
449,1058,1507,0.1388
441,1065,1506,0.1388
444,1058,1502,0.1388
452,1063,1515,0.1388
452,1065,1517,0.1388
452,1065,1517,0.1388
447,1051,1498,0.1388
446,1046,1492,0.1388
444,1053,1497,0.1388
446,1061,1507,0.1388
440,1059,1499,0.1388
446,1072,1518,0.1388
452,1070,1522,0.1388
453,1065,1518,0.1388
453,1064,1517,0.1388
455,1061,1516,0.1388
451,1061,1512,0.1388
448,1068,1516,0.1388
442,1084,1526,0.1388
447,1083,1530,0.1388
440,1086,1526,0.1388
433,1086,1519,0.1388
433,1078,1511,0.1388
434,1070,1504,0.1388
430,1074,1504,0.1388
427,1069,1496,0.1388
429,1065,1494,0.1388
421,1066,1487,0.1388
409,1082,1491,0.1388
406,1080,1486,0.1388
412,1079,1491,0.1388
415,1079,1494,0.1388
414,1083,1497,0.1388
416,1087,1503,0.1388
420,1081,1501,0.1388
418,1078,1496,0.1388
412,1096,1508,0.1388
412,1093,1505,0.1388
419,1089,1508,0.1388
421,1091,1512,0.1388
416,1101,1517,0.1388
415,1111,1526,0.1388
411,1122,1533,0.1388
405,1112,1517,0.1388
408,1108,1516,0.1388
401,1100,1501,0.1388
401,1105,1506,0.1388
402,1098,1500,0.1388
407,1102,1509,0.1388
402,1100,1502,0.1388
408,1101,1509,0.1388
409,1105,1514,0.1388
407,1103,1510,0.1388
393,1102,1495,0.1388
390,1094,1484,0.1388
397,1086,1483,0.1388
397,1100,1497,0.1388
398,1102,1500,0.1388
396,1100,1496,0.1388
398,1115,1513,0.1388
398,1122,1520,0.1388
403,1120,1523,0.1388
402,1115,1517,0.1388
403,1105,1508,0.1388
405,1103,1508,0.1388
402,1100,1502,0.1388
396,1105,1501,0.1388
402,1100,1502,0.1388
398,1100,1498,0.1388
400,1101,1501,0.1388
397,1104,1501,0.1388
392,1116,1508,0.1388
394,1122,1516,0.1388
392,1113,1505,0.1388
387,1110,1497,0.1388
390,1104,1494,0.1388
383,1096,1479,0.1388
387,1098,1485,0.1388
383,1101,1484,0.1388
376,1115,1491,0.1388
380,1118,1498,0.1388
375,1118,1493,0.1388
375,1123,1498,0.1388
371,1136,1507,0.1388
375,1136,1511,0.1388
379,1145,1524,0.1388
378,1138,1516,0.1388
381,1131,1512,0.1388
380,1146,1526,0.1388
377,1142,1519,0.1388
376,1140,1516,0.1388
373,1141,1514,0.1388
370,1140,1510,0.1388
375,1139,1514,0.1388
375,1136,1511,0.1388
375,1129,1504,0.1388
370,1139,1509,0.1388
364,1150,1514,0.1388
362,1146,1508,0.1388
361,1136,1497,0.1388
362,1156,1518,0.1388
364,1145,1509,0.1388
361,1147,1508,0.1388
367,1153,1520,0.1388
365,1161,1526,0.1388
364,1160,1524,0.1388
355,1164,1519,0.1388
349,1177,1526,0.1388
348,1170,1518,0.1388
353,1164,1517,0.1388
356,1173,1529,0.1388
351,1174,1525,0.1388
351,1170,1521,0.1388
347,1166,1513,0.1388
352,1165,1517,0.1388
350,1170,1520,0.1388
350,1158,1508,0.1388
357,1158,1515,0.1388
359,1166,1525,0.1388
348,1163,1511,0.1388
349,1166,1515,0.1388
352,1174,1526,0.1388
346,1176,1522,0.1388
349,1158,1507,0.1388
350,1162,1512,0.1388
347,1155,1502,0.1388
348,1162,1510,0.1388
344,1170,1514,0.1388
341,1174,1515,0.1388
338,1171,1509,0.1388
339,1171,1510,0.1388
332,1170,1502,0.1388
334,1175,1509,0.1388
330,1184,1514,0.1388
327,1186,1513,0.1388
330,1196,1526,0.1388
328,1197,1525,0.1388
330,1174,1504,0.1388
336,1169,1505,0.1388
332,1170,1502,0.1388
334,1173,1507,0.1388
334,1173,1507,0.1388
336,1170,1506,0.1388
331,1164,1495,0.1388
332,1162,1494,0.1388
332,1167,1499,0.1388
332,1186,1518,0.1388
322,1185,1507,0.1388
324,1183,1507,0.1388
323,1188,1511,0.1388
325,1186,1511,0.1388
318,1179,1497,0.1388
318,1190,1508,0.1388
317,1192,1509,0.1388
316,1181,1497,0.1388
316,1180,1496,0.1388
310,1180,1490,0.1388
319,1191,1510,0.1388
317,1186,1503,0.1388
314,1193,1507,0.1388
313,1202,1515,0.1388
308,1187,1495,0.1388
313,1208,1521,0.1388
308,1205,1513,0.1388
313,1197,1510,0.1388
312,1191,1503,0.1388
306,1193,1499,0.1388
307,1204,1511,0.1388
305,1210,1515,0.1388
307,1205,1512,0.1388
311,1200,1511,0.1388
308,1200,1508,0.1388
312,1209,1521,0.1388
321,1212,1533,0.1388
323,1208,1531,0.1388
315,1211,1526,0.1388
319,1201,1520,0.1388
309,1202,1511,0.1388
309,1204,1513,0.1388
313,1201,1514,0.1388
309,1206,1515,0.1388
310,1202,1512,0.1388
302,1200,1502,0.1388
303,1203,1506,0.1388
303,1207,1510,0.1388
301,1213,1514,0.1388
298,1219,1517,0.1388
294,1215,1509,0.1388
295,1210,1505,0.1388
300,1212,1512,0.1388
296,1226,1522,0.1388
304,1213,1517,0.1388
298,1210,1508,0.1388
297,1220,1517,0.1388
294,1217,1511,0.1388
291,1215,1506,0.1388
295,1210,1505,0.1388
288,1222,1510,0.1388
289,1216,1505,0.1388
293,1215,1508,0.1388
289,1228,1517,0.1388
288,1231,1519,0.1388
294,1234,1528,0.1388
296,1234,1530,0.1388
294,1228,1522,0.1388
297,1225,1522,0.1388
292,1223,1515,0.1388
286,1238,1524,0.1388
284,1222,1506,0.1388
280,1218,1498,0.1388
275,1216,1491,0.1388
278,1224,1502,0.1388
274,1224,1498,0.1388
280,1225,1505,0.1388
279,1234,1513,0.1388
278,1233,1511,0.1388
273,1246,1519,0.1388
279,1246,1525,0.1388
280,1257,1537,0.1388
283,1245,1528,0.1388
281,1246,1527,0.1388
282,1248,1530,0.1388
283,1245,1528,0.1388
281,1240,1521,0.1388
283,1248,1531,0.1388
286,1240,1526,0.1388
281,1227,1508,0.1388
280,1242,1522,0.1388
278,1236,1514,0.1388
273,1245,1518,0.1388
273,1244,1517,0.1388
280,1238,1518,0.1388
282,1240,1522,0.1388
284,1237,1521,0.1388
283,1243,1526,0.1388
281,1240,1521,0.1388
281,1224,1505,0.1388
283,1230,1513,0.1388
279,1233,1512,0.1388
277,1236,1513,0.1388
276,1239,1515,0.1388
279,1245,1524,0.1388
278,1240,1518,0.1388
278,1224,1502,0.1388
281,1229,1510,0.1388
284,1235,1519,0.1388
282,1228,1510,0.1388
278,1211,1489,0.1388
281,1211,1492,0.1388
281,1209,1490,0.1388
284,1207,1491,0.1388
278,1235,1513,0.1388
274,1229,1503,0.1388
278,1234,1512,0.1388
279,1237,1516,0.1388
278,1245,1523,0.1388
273,1237,1510,0.1388
274,1224,1498,0.1388
272,1228,1500,0.1388
272,1228,1500,0.1388
267,1227,1494,0.1388
267,1234,1501,0.1388
268,1239,1507,0.1388
268,1247,1515,0.1388
263,1260,1523,0.1388
264,1260,1524,0.1388
265,1269,1534,0.1388
266,1269,1535,0.1388
266,1270,1536,0.1388
265,1258,1523,0.1388
260,1257,1517,0.1388
257,1265,1522,0.1388
255,1252,1507,0.1388
259,1255,1514,0.1388
258,1256,1514,0.1388
259,1248,1507,0.1388
264,1260,1524,0.1388
264,1246,1510,0.1388
267,1251,1518,0.1388
266,1254,1520,0.1388
260,1255,1515,0.1388
258,1259,1517,0.1388
252,1259,1511,0.1388
250,1255,1505,0.1388
254,1244,1498,0.1388
255,1248,1503,0.1388
254,1255,1509,0.1388
250,1256,1506,0.1388
248,1265,1513,0.1388
249,1262,1511,0.1388
255,1265,1520,0.1388
249,1259,1508,0.1388
249,1254,1503,0.1388
245,1258,1503,0.1388
248,1256,1504,0.1388
247,1262,1509,0.1388
247,1254,1501,0.1388
245,1251,1496,0.1388
244,1261,1505,0.1388
241,1269,1510,0.1388
243,1268,1511,0.1388
240,1264,1504,0.1388
240,1272,1512,0.1388
244,1276,1520,0.1388
239,1269,1508,0.1388
240,1274,1514,0.1388
232,1281,1513,0.1388
232,1281,1513,0.1388
233,1284,1517,0.1388
232,1273,1505,0.1388
236,1274,1510,0.1388
233,1265,1498,0.1388
235,1277,1512,0.1388
236,1286,1522,0.1388
230,1273,1503,0.1388
228,1260,1488,0.1388
222,1280,1502,0.1388
220,1281,1501,0.1388
217,1284,1501,0.1388
217,1277,1494,0.1388
217,1283,1500,0.1388
214,1294,1508,0.1388
215,1311,1526,0.1388
216,1305,1521,0.1388
217,1303,1520,0.1388
213,1304,1517,0.1388
209,1300,1509,0.1388
202,1305,1507,0.1388
203,1297,1500,0.1388
201,1304,1505,0.1388
204,1302,1506,0.1388
204,1304,1508,0.1388
204,1301,1505,0.1388
202,1315,1517,0.1388
204,1309,1513,0.1388
205,1308,1513,0.1388
204,1314,1518,0.1388
206,1320,1526,0.1388
207,1314,1521,0.1388
205,1314,1519,0.1388
198,1306,1504,0.1388
198,1315,1513,0.1388
197,1306,1503,0.1388
198,1314,1512,0.1388
198,1309,1507,0.1388
201,1302,1503,0.1388
202,1316,1518,0.1388
200,1321,1521,0.1388
202,1307,1509,0.1388
198,1307,1505,0.1388
195,1300,1495,0.1388
190,1309,1499,0.1388
191,1328,1519,0.1388
192,1308,1500,0.1388
193,1307,1500,0.1388
194,1303,1497,0.1388
196,1309,1505,0.1388
191,1319,1510,0.1388
194,1324,1518,0.1388
189,1321,1510,0.1388
186,1327,1513,0.1388
190,1328,1518,0.1388
186,1337,1523,0.1388
188,1330,1518,0.1388
186,1332,1518,0.1388
185,1332,1517,0.1388
183,1334,1517,0.1388
185,1323,1508,0.1388
184,1317,1501,0.1388
191,1336,1527,0.1388
190,1335,1525,0.1388
188,1344,1532,0.1388
186,1334,1520,0.1388
185,1335,1520,0.1388
185,1329,1514,0.1388
177,1318,1495,0.1388
174,1318,1492,0.1388
171,1328,1499,0.1388
175,1331,1506,0.1388
174,1345,1519,0.1388
173,1344,1517,0.1388
170,1347,1517,0.1388
175,1338,1513,0.1388
178,1341,1519,0.1388
177,1342,1519,0.1388
183,1349,1532,0.1388
179,1358,1537,0.1388
181,1355,1536,0.1388
182,1349,1531,0.1388
183,1341,1524,0.1388
179,1340,1519,0.1388
182,1328,1510,0.1388
183,1336,1519,0.1388
184,1332,1516,0.1388
182,1322,1504,0.1388
183,1331,1514,0.1388
179,1337,1516,0.1388
176,1334,1510,0.1388
174,1331,1505,0.1388
172,1332,1504,0.1388
169,1330,1499,0.1388
167,1323,1490,0.1388
165,1329,1494,0.1388
167,1339,1506,0.1388
168,1324,1492,0.1388
170,1329,1499,0.1388
172,1334,1506,0.1388
171,1338,1509,0.1388
170,1334,1504,0.1388
169,1343,1512,0.1388
170,1347,1517,0.1388
164,1347,1511,0.1388
163,1346,1509,0.1388
162,1349,1511,0.1388
159,1359,1518,0.1388
163,1362,1525,0.1388
164,1362,1526,0.1388
159,1349,1508,0.1388
160,1344,1504,0.1388
160,1356,1516,0.1388
160,1362,1522,0.1388
156,1359,1515,0.1388
157,1351,1508,0.1388
157,1348,1505,0.1388
156,1351,1507,0.1388
158,1365,1523,0.1388
158,1368,1526,0.1388
159,1379,1538,0.1388
152,1378,1530,0.1388
148,1372,1520,0.1388
150,1376,1526,0.1388
152,1371,1523,0.1388
150,1376,1526,0.1388
147,1379,1526,0.1388
149,1384,1533,0.1388
151,1382,1533,0.1388
149,1371,1520,0.1388
147,1367,1514,0.1388
147,1370,1517,0.1388
149,1371,1520,0.1388
152,1368,1520,0.1388
148,1360,1508,0.1388
152,1357,1509,0.1388
148,1353,1501,0.1388
149,1364,1513,0.1388
148,1366,1514,0.1388
145,1368,1513,0.1388
147,1370,1517,0.1388
145,1370,1515,0.1388
144,1366,1510,0.1388
139,1367,1506,0.1388
135,1374,1509,0.1388
130,1389,1519,0.1388
128,1388,1516,0.1388
125,1387,1512,0.1388
128,1388,1516,0.1388
130,1388,1518,0.1388
133,1377,1510,0.1388
137,1378,1515,0.1388
132,1387,1519,0.1388
135,1367,1502,0.1388
133,1367,1500,0.1388
126,1367,1493,0.1388
127,1363,1490,0.1388
129,1369,1498,0.1388
126,1379,1505,0.1388
123,1386,1509,0.1388
122,1385,1507,0.1388
123,1383,1506,0.1388
123,1384,1507,0.1388
124,1388,1512,0.1388
121,1387,1508,0.1388
123,1382,1505,0.1388
119,1392,1511,0.1388
121,1407,1528,0.1388
122,1391,1513,0.1388
128,1408,1536,0.1388
129,1388,1517,0.1388
128,1382,1510,0.1388
126,1396,1522,0.1388
124,1389,1513,0.1388
123,1388,1511,0.1388
118,1389,1507,0.1388
118,1398,1516,0.1388
120,1385,1505,0.1388
119,1377,1496,0.1388
121,1386,1507,0.1388
124,1393,1517,0.1388
124,1389,1513,0.1388
126,1389,1515,0.1388
125,1395,1520,0.1388
122,1402,1524,0.1388
124,1406,1530,0.1388
119,1395,1514,0.1388
119,1379,1498,0.1388
120,1391,1511,0.1388
118,1387,1505,0.1388
118,1394,1512,0.1388
119,1389,1508,0.1388
117,1389,1506,0.1388
118,1388,1506,0.1388
118,1392,1510,0.1388
117,1395,1512,0.1388
116,1402,1518,0.1388
113,1405,1518,0.1388
117,1408,1525,0.1388
116,1403,1519,0.1388
111,1404,1515,0.1388
108,1408,1516,0.1388
108,1400,1508,0.1388
110,1416,1526,0.1388
111,1407,1518,0.1388
111,1408,1519,0.1388
108,1415,1523,0.1388
105,1409,1514,0.1388
109,1411,1520,0.1388
110,1412,1522,0.1388
107,1413,1520,0.1388
108,1414,1522,0.1388
104,1405,1509,0.1388
104,1405,1509,0.1388
103,1406,1509,0.1388
100,1407,1507,0.1388
103,1413,1516,0.1388
106,1417,1523,0.1388
107,1403,1510,0.1388
107,1410,1517,0.1388
106,1417,1523,0.1388
105,1391,1496,0.1388
108,1416,1524,0.1388
109,1407,1516,0.1388
106,1408,1514,0.1388
104,1410,1514,0.1388
106,1415,1521,0.1388
102,1429,1531,0.1388
101,1427,1528,0.1388
104,1424,1528,0.1388
102,1420,1522,0.1388
99,1417,1516,0.1388
99,1408,1507,0.1388
96,1413,1509,0.1388
95,1416,1511,0.1388
91,1422,1513,0.1388
93,1429,1522,0.1388
94,1444,1538,0.1388
95,1431,1526,0.1388
92,1424,1516,0.1388
89,1422,1511,0.1388
90,1427,1517,0.1388
90,1413,1503,0.1388
91,1417,1508,0.1388
91,1425,1516,0.1388
91,1421,1512,0.1388
90,1427,1517,0.1388
89,1436,1525,0.1388
90,1425,1515,0.1388
88,1424,1512,0.1388
89,1427,1516,0.1388
89,1445,1534,0.1388
89,1444,1533,0.1388
87,1445,1532,0.1388
85,1444,1529,0.1388
85,1441,1526,0.1388
83,1439,1522,0.1388
79,1440,1519,0.1388
84,1440,1524,0.1388
87,1426,1513,0.1388
86,1414,1500,0.1388
89,1420,1509,0.1388
86,1415,1501,0.1388
86,1418,1504,0.1388
84,1421,1505,0.1388
88,1425,1513,0.1388
88,1434,1522,0.1388
85,1440,1525,0.1388
84,1428,1512,0.1388
82,1422,1504,0.1388
84,1433,1517,0.1388
81,1435,1516,0.1388
79,1444,1523,0.1388
80,1438,1518,0.1388
79,1426,1505,0.1388
78,1434,1512,0.1388
81,1443,1524,0.1388
81,1430,1511,0.1388
83,1434,1517,0.1388
84,1434,1518,0.1388
85,1442,1527,0.1388
84,1445,1529,0.1388
83,1439,1522,0.1388
83,1430,1513,0.1388
80,1430,1510,0.1388
80,1431,1511,0.1388
79,1431,1510,0.1388
82,1432,1514,0.1388
82,1445,1527,0.1388
82,1445,1527,0.1388
83,1436,1519,0.1388
82,1448,1530,0.1388
81,1457,1538,0.1388
81,1444,1525,0.1388
80,1446,1526,0.1388
80,1448,1528,0.1388
80,1440,1520,0.1388
80,1427,1507,0.1388
79,1429,1508,0.1388
77,1431,1508,0.1388
76,1437,1513,0.1388
74,1439,1513,0.1388
76,1432,1508,0.1388
76,1439,1515,0.1388
77,1439,1516,0.1388
77,1443,1520,0.1388
77,1432,1509,0.1388
76,1441,1517,0.1388
77,1434,1511,0.1388
73,1432,1505,0.1388
73,1444,1517,0.1388
71,1446,1517,0.1388
71,1451,1522,0.1388
71,1446,1517,0.1388
70,1449,1519,0.1388
70,1441,1511,0.1388
69,1451,1520,0.1388
68,1448,1516,0.1388
68,1460,1528,0.1388
64,1454,1518,0.1388
59,1454,1513,0.1388
59,1456,1515,0.1388
60,1468,1528,0.1388
59,1467,1526,0.1388
60,1470,1530,0.1388
60,1462,1522,0.1388
62,1459,1521,0.1388
65,1458,1523,0.1388
66,1448,1514,0.1388
69,1456,1525,0.1388
65,1459,1524,0.1388
64,1443,1507,0.1388
63,1455,1518,0.1388
63,1468,1531,0.1388
65,1454,1519,0.1388
66,1434,1500,0.1388
65,1432,1497,0.1388
66,1435,1501,0.1388
66,1439,1505,0.1388
66,1453,1519,0.1388
65,1450,1515,0.1388
66,1453,1519,0.1388
65,1452,1517,0.1388
63,1455,1518,0.1388
64,1458,1522,0.1388
64,1451,1515,0.1388
64,1456,1520,0.1388
66,1447,1513,0.1388
67,1444,1511,0.1388
69,1447,1516,0.1388
71,1445,1516,0.1388
68,1445,1513,0.1388
69,1450,1519,0.1388
69,1458,1527,0.1388
68,1461,1529,0.1388
68,1456,1524,0.1388
69,1452,1521,0.1388
71,1449,1520,0.1388
75,1431,1506,0.1388
71,1436,1507,0.1388
71,1450,1521,0.1388
68,1448,1516,0.1388
69,1447,1516,0.1388
67,1444,1511,0.1388
70,1447,1517,0.1388
75,1450,1525,0.1388
74,1445,1519,0.1388
72,1451,1523,0.1388
71,1446,1517,0.1388
69,1450,1519,0.1388
72,1446,1518,0.1388
68,1457,1525,0.1388
66,1460,1526,0.1388
68,1461,1529,0.1388
70,1463,1533,0.1388
68,1460,1528,0.1388
66,1455,1521,0.1388
66,1461,1527,0.1388
67,1450,1517,0.1388
68,1446,1514,0.1388
70,1464,1534,0.1388
71,1455,1526,0.1388
72,1444,1516,0.1388
70,1447,1517,0.1388
67,1448,1515,0.1388
64,1440,1504,0.1388
64,1449,1513,0.1388
64,1453,1517,0.1388
62,1450,1512,0.1388
63,1438,1501,0.1388
61,1439,1500,0.1388
63,1433,1496,0.1388
63,1441,1504,0.1388
63,1454,1517,0.1388
60,1447,1507,0.1388
58,1439,1497,0.1388
57,1438,1495,0.1388
58,1458,1516,0.1388
59,1451,1510,0.1388
61,1456,1517,0.1388
62,1445,1507,0.1388
64,1446,1510,0.1388
60,1440,1500,0.1388
61,1448,1509,0.1388
62,1443,1505,0.1388
62,1455,1517,0.1388
57,1440,1497,0.1388
53,1449,1502,0.1388
53,1459,1512,0.1388
54,1451,1505,0.1388
55,1466,1521,0.1388
53,1478,1531,0.1388
52,1475,1527,0.1388
50,1475,1525,0.1388
49,1479,1528,0.1388
50,1473,1523,0.1388
49,1471,1520,0.1388
47,1487,1534,0.1388
49,1483,1532,0.1388
50,1482,1532,0.1388
50,1474,1524,0.1388
52,1481,1533,0.1388
53,1472,1525,0.1388
51,1474,1525,0.1388
50,1458,1508,0.1388
50,1449,1499,0.1388
51,1450,1501,0.1388
49,1448,1497,0.1388
50,1440,1490,0.1388
50,1467,1517,0.1388
53,1461,1514,0.1388
53,1464,1517,0.1388
53,1455,1508,0.1388
53,1453,1506,0.1388
52,1456,1508,0.1388
51,1470,1521,0.1388
52,1470,1522,0.1388
51,1450,1501,0.1388
51,1455,1506,0.1388
51,1471,1522,0.1388
49,1461,1510,0.1388
48,1464,1512,0.1388
49,1466,1515,0.1388
48,1455,1503,0.1388
47,1456,1503,0.1388
53,1449,1502,0.1388
55,1461,1516,0.1388
54,1466,1520,0.1388
53,1471,1524,0.1388
53,1485,1538,0.1388
53,1477,1530,0.1388
53,1470,1523,0.1388
54,1464,1518,0.1388
53,1458,1511,0.1388
52,1468,1520,0.1388
52,1472,1524,0.1388
53,1465,1518,0.1388
55,1462,1517,0.1388
55,1467,1522,0.1388
57,1462,1519,0.1388
59,1450,1509,0.1388
58,1451,1509,0.1388
53,1447,1500,0.1388
54,1443,1497,0.1388
56,1455,1511,0.1388
58,1454,1512,0.1388
60,1453,1513,0.1388
60,1446,1506,0.1388
58,1461,1519,0.1388
59,1467,1526,0.1388
57,1472,1529,0.1388
57,1474,1531,0.1388
60,1464,1524,0.1388
61,1473,1534,0.1388
60,1463,1523,0.1388
59,1460,1519,0.1388
59,1466,1525,0.1388
56,1467,1523,0.1388
55,1471,1526,0.1388
57,1465,1522,0.1388
57,1465,1522,0.1388
56,1467,1523,0.1388
58,1465,1523,0.1388
58,1445,1503,0.1388
56,1455,1511,0.1388
51,1465,1516,0.1388
52,1457,1509,0.1388
52,1461,1513,0.1388
52,1485,1537,0.1388
52,1465,1517,0.1388
52,1468,1520,0.1388
50,1466,1516,0.1388
49,1461,1510,0.1388
48,1470,1518,0.1388
47,1475,1522,0.1388
49,1473,1522,0.1388
48,1466,1514,0.1388
50,1471,1521,0.1388
47,1468,1515,0.1388
47,1470,1517,0.1388
48,1461,1509,0.1388
47,1463,1510,0.1388
47,1484,1531,0.1388
45,1471,1516,0.1388
44,1481,1525,0.1388
42,1469,1511,0.1388
44,1465,1509,0.1388
45,1456,1501,0.1388
46,1473,1519,0.1388
45,1461,1506,0.1388
43,1458,1501,0.1388
43,1462,1505,0.1388
43,1476,1519,0.1388
42,1463,1505,0.1388
43,1471,1514,0.1388
46,1469,1515,0.1388
45,1473,1518,0.1388
45,1477,1522,0.1388
46,1472,1518,0.1388
46,1467,1513,0.1388
47,1476,1523,0.1388
44,1464,1508,0.1388
45,1468,1513,0.1388
44,1472,1516,0.1388
43,1479,1522,0.1388
44,1483,1527,0.1388
43,1487,1530,0.1388
44,1487,1531,0.1388
44,1481,1525,0.1388
44,1480,1524,0.1388
44,1472,1516,0.1388
44,1469,1513,0.1388
45,1466,1511,0.1388
44,1462,1506,0.1388
43,1468,1511,0.1388
44,1451,1495,0.1388
47,1451,1498,0.1388
46,1460,1506,0.1388
45,1457,1502,0.1388
43,1471,1514,0.1388
44,1474,1518,0.1388
43,1479,1522,0.1388
43,1479,1522,0.1388
43,1478,1521,0.1388
43,1481,1524,0.1388
43,1479,1522,0.1388
41,1462,1503,0.1388
43,1458,1501,0.1388
43,1464,1507,0.1388
41,1484,1525,0.1388
43,1476,1519,0.1388
43,1474,1517,0.1388
41,1475,1516,0.1388
40,1465,1505,0.1388
40,1470,1510,0.1388
38,1463,1501,0.1388
42,1468,1510,0.1388
42,1478,1520,0.1388
41,1487,1528,0.1388
40,1499,1539,0.1388
43,1487,1530,0.1388
42,1497,1539,0.1388
39,1505,1544,0.1388
36,1498,1534,0.1388
37,1497,1534,0.1388
36,1488,1524,0.1388
35,1494,1529,0.1388
34,1477,1511,0.1388
35,1485,1520,0.1388
38,1488,1526,0.1388
37,1490,1527,0.1388
39,1480,1519,0.1388
38,1477,1515,0.1388
38,1474,1512,0.1388
38,1483,1521,0.1388
38,1488,1526,0.1388
36,1485,1521,0.1388
38,1472,1510,0.1388
39,1472,1511,0.1388
39,1460,1499,0.1388
38,1475,1513,0.1388
38,1483,1521,0.1388
38,1478,1516,0.1388
36,1473,1509,0.1388
34,1467,1501,0.1388
34,1479,1513,0.1388
36,1487,1523,0.1388
35,1486,1521,0.1388
33,1489,1522,0.1388
32,1478,1510,0.1388
33,1482,1515,0.1388
33,1492,1525,0.1388
35,1484,1519,0.1388
36,1488,1524,0.1388
36,1479,1515,0.1388
35,1470,1505,0.1388
36,1480,1516,0.1388
37,1475,1512,0.1388
36,1488,1524,0.1388
38,1491,1529,0.1388
38,1487,1525,0.1388
33,1488,1521,0.1388
30,1487,1517,0.1388
31,1491,1522,0.1388
32,1485,1517,0.1388
32,1480,1512,0.1388
33,1481,1514,0.1388
34,1472,1506,0.1388
34,1473,1507,0.1388
34,1487,1521,0.1388
33,1489,1522,0.1388
31,1486,1517,0.1388
30,1490,1520,0.1388
30,1504,1534,0.1388
30,1497,1527,0.1388
30,1496,1526,0.1388
30,1501,1531,0.1388
30,1487,1517,0.1388
26,1499,1525,0.1388
26,1506,1532,0.1388
25,1500,1525,0.1388
26,1499,1525,0.1388
26,1496,1522,0.1388
26,1498,1524,0.1388
26,1494,1520,0.1388
26,1484,1510,0.1388
25,1490,1515,0.1388
26,1482,1508,0.1388
25,1484,1509,0.1388
25,1488,1513,0.1388
25,1480,1505,0.1388
25,1486,1511,0.1388
25,1488,1513,0.1388
26,1488,1514,0.1388
26,1484,1510,0.1388
25,1484,1509,0.1388
24,1497,1521,0.1388
24,1495,1519,0.1388
23,1505,1528,0.1388
21,1500,1521,0.1388
22,1498,1520,0.1388
21,1482,1503,0.1388
20,1486,1506,0.1388
19,1487,1506,0.1388
19,1501,1520,0.1388
19,1504,1523,0.1388
19,1496,1515,0.1388
20,1488,1508,0.1388
21,1494,1515,0.1388
21,1501,1522,0.1388
21,1507,1528,0.1388
20,1501,1521,0.1388
19,1497,1516,0.1388
20,1504,1524,0.1388
19,1499,1518,0.1388
19,1494,1513,0.1388
19,1496,1515,0.1388
19,1504,1523,0.1388
19,1504,1523,0.1388
19,1500,1519,0.1388
19,1508,1527,0.1388
18,1503,1521,0.1388
18,1486,1504,0.1388
17,1499,1516,0.1388
17,1486,1503,0.1388
17,1499,1516,0.1388
17,1510,1527,0.1388
17,1507,1524,0.1388
17,1499,1516,0.1388
18,1499,1517,0.1388
18,1493,1511,0.1388
18,1502,1520,0.1388
18,1499,1517,0.1388
19,1489,1508,0.1388
19,1495,1514,0.1388
18,1501,1519,0.1388
19,1496,1515,0.1388
19,1493,1512,0.1388
19,1494,1513,0.1388
18,1500,1518,0.1388
19,1489,1508,0.1388
18,1496,1514,0.1388
16,1499,1515,0.1388
17,1505,1522,0.1388
17,1498,1515,0.1388
18,1491,1509,0.1388
18,1494,1512,0.1388
17,1494,1511,0.1388
16,1493,1509,0.1388
15,1505,1520,0.1388
13,1496,1509,0.1388
13,1506,1519,0.1388
13,1510,1523,0.1388
13,1494,1507,0.1388
13,1504,1517,0.1388
12,1515,1527,0.1388
12,1517,1529,0.1388
11,1511,1522,0.1388
13,1500,1513,0.1388
12,1495,1507,0.1388
11,1498,1509,0.1388
11,1496,1507,0.1388
11,1497,1508,0.1388
11,1510,1521,0.1388
11,1516,1527,0.1388
11,1499,1510,0.1388
10,1510,1520,0.1388
9,1511,1520,0.1388
9,1512,1521,0.1388
9,1522,1531,0.1388
9,1526,1535,0.1388
9,1533,1542,0.1388
8,1508,1516,0.1388
8,1507,1515,0.1388
7,1504,1511,0.1388
7,1508,1515,0.1388
7,1515,1522,0.1388
7,1513,1520,0.1388
6,1500,1506,0.1388
6,1501,1507,0.1388
6,1499,1505,0.1388
5,1503,1508,0.1388
5,1511,1516,0.1388
6,1511,1517,0.1388
5,1510,1515,0.1388
5,1512,1517,0.1388
4,1503,1507,0.1388
4,1503,1507,0.1388
4,1509,1513,0.1388
4,1502,1506,0.1388
4,1509,1513,0.1388
6,1502,1508,0.1388
5,1501,1506,0.1388
6,1492,1498,0.1388
6,1495,1501,0.1388
6,1502,1508,0.1388
6,1491,1497,0.1388
7,1487,1494,0.1388
6,1497,1503,0.1388
6,1495,1501,0.1388
6,1498,1504,0.1388
6,1504,1510,0.1388
5,1511,1516,0.1388
5,1514,1519,0.1388
4,1500,1504,0.1388
4,1509,1513,0.1388
4,1510,1514,0.1388
4,1511,1515,0.1388
5,1508,1513,0.1388
5,1508,1513,0.1388
6,1514,1520,0.1388
6,1512,1518,0.1388
6,1514,1520,0.1388
6,1511,1517,0.1388
6,1500,1506,0.1388
6,1500,1506,0.1388
6,1503,1509,0.1388
6,1514,1520,0.1388
6,1501,1507,0.1388
6,1509,1515,0.1388
6,1507,1513,0.1388
6,1500,1506,0.1388
6,1505,1511,0.1388
6,1513,1519,0.1388
6,1495,1501,0.1388
6,1507,1513,0.1388
5,1499,1504,0.1388
4,1505,1509,0.1388
4,1497,1501,0.1388
4,1505,1509,0.1388
4,1512,1516,0.1388
4,1521,1525,0.1388
4,1517,1521,0.1388
4,1503,1507,0.1388
5,1510,1515,0.1388
5,1510,1515,0.1388
5,1522,1527,0.1388
4,1505,1509,0.1388
4,1507,1511,0.1388
4,1498,1502,0.1388
4,1501,1505,0.1388
4,1503,1507,0.1388
4,1506,1510,0.1388
4,1513,1517,0.1388
4,1513,1517,0.1388
4,1513,1517,0.1388
4,1495,1499,0.1388
3,1499,1502,0.1388
2,1503,1505,0.1388
2,1506,1508,0.1388
2,1511,1513,0.1388
2,1519,1521,0.1388
2,1521,1523,0.1388
2,1528,1530,0.1388
2,1513,1515,0.1388
1,1524,1525,0.1388
1,1533,1534,0.1388
1,1530,1531,0.1388
1,1523,1524,0.1388
1,1515,1516,0.1388
1,1503,1504,0.1388
1,1519,1520,0.1388
1,1514,1515,0.1388
1,1519,1520,0.1388
1,1503,1504,0.1388
1,1518,1519,0.1388
1,1516,1517,0.1388
1,1514,1515,0.1388
2,1509,1511,0.1388
2,1510,1512,0.1388
2,1517,1519,0.1388
2,1526,1528,0.1388
2,1519,1521,0.1388
2,1524,1526,0.1388
2,1522,1524,0.1388
2,1526,1528,0.1388
2,1530,1532,0.1388
1,1518,1519,0.1388
1,1513,1514,0.1388
1,1523,1524,0.1388
1,1538,1539,0.1388
1,1528,1529,0.1388
1,1528,1529,0.1388
1,1529,1530,0.1388
1,1531,1532,0.1388
1,1521,1522,0.1388
1,1530,1531,0.1388
1,1524,1525,0.1388
1,1522,1523,0.1388
0,1515,1515,0.1388
