1358,29,1387,0.1388
1383,31,1414,0.1388
1408,30,1438,0.1388
1416,32,1448,0.1388
1431,31,1462,0.1388
1441,32,1473,0.1388
1439,35,1474,0.1388
1441,38,1479,0.1388
1437,39,1476,0.1388
1439,40,1479,0.1388
1437,40,1477,0.1388
1442,43,1485,0.1388
1458,42,1500,0.1388
1447,45,1492,0.1388
1442,46,1488,0.1388
1441,46,1487,0.1388
1446,46,1492,0.1388
1458,43,1501,0.1388
1464,43,1507,0.1388
1457,41,1498,0.1388
1437,41,1478,0.1388
1442,40,1482,0.1388
1433,41,1474,0.1388
1443,44,1487,0.1388
1442,46,1488,0.1388
1443,46,1489,0.1388
1436,46,1482,0.1388
1437,45,1482,0.1388
1445,41,1486,0.1388
1436,40,1476,0.1388
1440,41,1481,0.1388
1451,42,1493,0.1388
1456,42,1498,0.1388
1448,41,1489,0.1388
1432,44,1476,0.1388
1443,43,1486,0.1388
1442,42,1484,0.1388
1441,38,1479,0.1388
1436,37,1473,0.1388
1430,40,1470,0.1388
1436,40,1476,0.1388
1444,40,1484,0.1388
1444,39,1483,0.1388
1441,40,1481,0.1388
1453,40,1493,0.1388
1451,40,1491,0.1388
1451,42,1493,0.1388
1439,44,1483,0.1388
1456,43,1499,0.1388
1450,39,1489,0.1388
1455,44,1499,0.1388
1461,43,1504,0.1388
1457,43,1500,0.1388
1448,42,1490,0.1388
1448,42,1490,0.1388
1455,41,1496,0.1388
1467,44,1511,0.1388
1457,43,1500,0.1388
1446,44,1490,0.1388
1458,47,1505,0.1388
1436,46,1482,0.1388
1442,47,1489,0.1388
1444,47,1491,0.1388
1449,47,1496,0.1388
1447,46,1493,0.1388
1439,47,1486,0.1388
1444,47,1491,0.1388
1438,49,1487,0.1388
1438,47,1485,0.1388
1448,48,1496,0.1388
1447,49,1496,0.1388
1438,51,1489,0.1388
1446,53,1499,0.1388
1457,52,1509,0.1388
1458,51,1509,0.1388
1443,51,1494,0.1388
1445,50,1495,0.1388
1442,51,1493,0.1388
1456,53,1509,0.1388
1438,56,1494,0.1388
1422,59,1481,0.1388
1420,59,1479,0.1388
1434,58,1492,0.1388
1435,58,1493,0.1388
1441,58,1499,0.1388
1445,56,1501,0.1388
1441,58,1499,0.1388
1444,59,1503,0.1388
1440,60,1500,0.1388
1430,63,1493,0.1388
1416,62,1478,0.1388
1420,61,1481,0.1388
1421,61,1482,0.1388
1428,62,1490,0.1388
1433,61,1494,0.1388
1432,60,1492,0.1388
1432,62,1494,0.1388
1425,63,1488,0.1388
1427,62,1489,0.1388
1430,60,1490,0.1388
1436,63,1499,0.1388
1443,60,1503,0.1388
1448,60,1508,0.1388
1451,60,1511,0.1388
1455,62,1517,0.1388
1448,62,1510,0.1388
1438,62,1500,0.1388
1428,60,1488,0.1388
1422,63,1485,0.1388
1429,61,1490,0.1388
1431,62,1493,0.1388
1416,61,1477,0.1388
1414,64,1478,0.1388
1408,64,1472,0.1388
1410,69,1479,0.1388
1411,68,1479,0.1388
1417,69,1486,0.1388
1433,70,1503,0.1388
1430,76,1506,0.1388
1416,74,1490,0.1388
1410,74,1484,0.1388
1409,72,1481,0.1388
1408,76,1484,0.1388
1412,76,1488,0.1388
1418,73,1491,0.1388
1422,75,1497,0.1388
1421,74,1495,0.1388
1421,76,1497,0.1388
1407,76,1483,0.1388
1406,74,1480,0.1388
1427,74,1501,0.1388
1416,74,1490,0.1388
1433,75,1508,0.1388
1427,77,1504,0.1388
1426,79,1505,0.1388
1409,77,1486,0.1388
1413,76,1489,0.1388
1404,74,1478,0.1388
1408,76,1484,0.1388
1410,75,1485,0.1388
1423,80,1503,0.1388
1435,82,1517,0.1388
1441,81,1522,0.1388
1429,81,1510,0.1388
1428,82,1510,0.1388
1417,82,1499,0.1388
1417,85,1502,0.1388
1402,85,1487,0.1388
1411,84,1495,0.1388
1406,86,1492,0.1388
1412,86,1498,0.1388
1400,87,1487,0.1388
1397,87,1484,0.1388
1392,87,1479,0.1388
1395,85,1480,0.1388
1399,86,1485,0.1388
1403,85,1488,0.1388
1401,86,1487,0.1388
1404,83,1487,0.1388
1403,86,1489,0.1388
1401,85,1486,0.1388
1406,85,1491,0.1388
1410,85,1495,0.1388
1422,84,1506,0.1388
1419,84,1503,0.1388
1422,84,1506,0.1388
1424,82,1506,0.1388
1419,80,1499,0.1388
1417,83,1500,0.1388
1415,86,1501,0.1388
1418,84,1502,0.1388
1410,85,1495,0.1388
1420,88,1508,0.1388
1419,89,1508,0.1388
1420,87,1507,0.1388
1407,90,1497,0.1388
1417,89,1506,0.1388
1414,87,1501,0.1388
1413,85,1498,0.1388
1405,86,1491,0.1388
1412,90,1502,0.1388
1420,93,1513,0.1388
1408,92,1500,0.1388
1407,94,1501,0.1388
1400,93,1493,0.1388
1387,98,1485,0.1388
1386,103,1489,0.1388
1385,105,1490,0.1388
1391,104,1495,0.1388
1389,102,1491,0.1388
1379,105,1484,0.1388
1393,103,1496,0.1388
1404,104,1508,0.1388
1399,104,1503,0.1388
1394,103,1497,0.1388
1388,106,1494,0.1388
1388,102,1490,0.1388
1400,103,1503,0.1388
1416,106,1522,0.1388
1408,103,1511,0.1388
1413,104,1517,0.1388
1410,103,1513,0.1388
1404,103,1507,0.1388
1401,101,1502,0.1388
1402,104,1506,0.1388
1399,100,1499,0.1388
1397,101,1498,0.1388
1379,103,1482,0.1388
1382,103,1485,0.1388
1392,104,1496,0.1388
1394,103,1497,0.1388
1397,106,1503,0.1388
1395,108,1503,0.1388
1395,111,1506,0.1388
1382,111,1493,0.1388
1382,108,1490,0.1388
1382,109,1491,0.1388
1376,115,1491,0.1388
1381,117,1498,0.1388
1393,121,1514,0.1388
1397,124,1521,0.1388
1378,121,1499,0.1388
1379,121,1500,0.1388
1390,120,1510,0.1388
1383,122,1505,0.1388
1366,124,1490,0.1388
1372,128,1500,0.1388
1356,130,1486,0.1388
1354,128,1482,0.1388
1355,124,1479,0.1388
1363,128,1491,0.1388
1363,128,1491,0.1388
1364,129,1493,0.1388
1355,130,1485,0.1388
1355,132,1487,0.1388
1366,138,1504,0.1388
1351,139,1490,0.1388
1341,137,1478,0.1388
1356,141,1497,0.1388
1350,143,1493,0.1388
1351,143,1494,0.1388
1354,142,1496,0.1388
1353,146,1499,0.1388
1353,146,1499,0.1388
1332,147,1479,0.1388
1330,146,1476,0.1388
1340,145,1485,0.1388
1343,146,1489,0.1388
1337,150,1487,0.1388
1339,151,1490,0.1388
1340,151,1491,0.1388
1327,153,1480,0.1388
1321,155,1476,0.1388
1312,154,1466,0.1388
1304,164,1468,0.1388
1337,165,1502,0.1388
1320,163,1483,0.1388
1317,160,1477,0.1388
1319,161,1480,0.1388
1316,163,1479,0.1388
1305,163,1468,0.1388
1317,165,1482,0.1388
1327,163,1490,0.1388
1331,163,1494,0.1388
1338,163,1501,0.1388
1331,163,1494,0.1388
1325,164,1489,0.1388
1338,165,1503,0.1388
1335,164,1499,0.1388
1329,166,1495,0.1388
1321,166,1487,0.1388
1329,168,1497,0.1388
1340,169,1509,0.1388
1339,170,1509,0.1388
1338,169,1507,0.1388
1342,166,1508,0.1388
1353,166,1519,0.1388
1349,159,1508,0.1388
1352,155,1507,0.1388
1330,155,1485,0.1388
1326,154,1480,0.1388
1344,155,1499,0.1388
1356,153,1509,0.1388
1358,156,1514,0.1388
1349,155,1504,0.1388
1350,154,1504,0.1388
1350,158,1508,0.1388
1341,157,1498,0.1388
1348,159,1507,0.1388
1334,161,1495,0.1388
1334,158,1492,0.1388
1340,155,1495,0.1388
1336,159,1495,0.1388
1336,159,1495,0.1388
1330,153,1483,0.1388
1337,153,1490,0.1388
1338,155,1493,0.1388
1343,152,1495,0.1388
1353,156,1509,0.1388
1347,159,1506,0.1388
1336,158,1494,0.1388
1332,160,1492,0.1388
1328,158,1486,0.1388
1323,166,1489,0.1388
1320,165,1485,0.1388
1329,169,1498,0.1388
1326,165,1491,0.1388
1328,166,1494,0.1388
1329,166,1495,0.1388
1335,166,1501,0.1388
1324,164,1488,0.1388
1333,170,1503,0.1388
1340,166,1506,0.1388
1346,164,1510,0.1388
1341,166,1507,0.1388
1343,170,1513,0.1388
1354,173,1527,0.1388
1338,174,1512,0.1388
1337,177,1514,0.1388
1321,174,1495,0.1388
1310,177,1487,0.1388
1324,175,1499,0.1388
1324,178,1502,0.1388
1336,182,1518,0.1388
1340,180,1520,0.1388
1331,178,1509,0.1388
1332,176,1508,0.1388
1328,177,1505,0.1388
1329,178,1507,0.1388
1323,176,1499,0.1388
1303,182,1485,0.1388
1315,186,1501,0.1388
1310,184,1494,0.1388
1318,183,1501,0.1388
1313,186,1499,0.1388
1320,190,1510,0.1388
1309,191,1500,0.1388
1301,190,1491,0.1388
1306,193,1499,0.1388
1306,193,1499,0.1388
1294,199,1493,0.1388
1298,198,1496,0.1388
1323,198,1521,0.1388
1330,199,1529,0.1388
1328,196,1524,0.1388
1318,199,1517,0.1388
1306,196,1502,0.1388
1297,196,1493,0.1388
1304,196,1500,0.1388
1296,200,1496,0.1388
1298,202,1500,0.1388
1299,197,1496,0.1388
1305,200,1505,0.1388
1293,198,1491,0.1388
1299,202,1501,0.1388
1281,201,1482,0.1388
1285,202,1487,0.1388
1294,203,1497,0.1388
1286,207,1493,0.1388
1296,208,1504,0.1388
1288,207,1495,0.1388
1286,209,1495,0.1388
1287,206,1493,0.1388
1289,205,1494,0.1388
1296,206,1502,0.1388
1291,207,1498,0.1388
1286,213,1499,0.1388
1293,208,1501,0.1388
1296,211,1507,0.1388
1279,213,1492,0.1388
1273,207,1480,0.1388
1280,208,1488,0.1388
1283,215,1498,0.1388
1278,218,1496,0.1388
1275,222,1497,0.1388
1279,226,1505,0.1388
1268,223,1491,0.1388
1275,221,1496,0.1388
1270,230,1500,0.1388
1257,219,1476,0.1388
1260,220,1480,0.1388
1255,222,1477,0.1388
1254,226,1480,0.1388
1267,231,1498,0.1388
1263,231,1494,0.1388
1277,231,1508,0.1388
1276,234,1510,0.1388
1271,224,1495,0.1388
1260,227,1487,0.1388
1268,228,1496,0.1388
1278,226,1504,0.1388
1272,231,1503,0.1388
1269,226,1495,0.1388
1255,217,1472,0.1388
1247,218,1465,0.1388
1257,226,1483,0.1388
1273,226,1499,0.1388
1276,231,1507,0.1388
1277,230,1507,0.1388
1281,226,1507,0.1388
1287,225,1512,0.1388
1284,221,1505,0.1388
1292,219,1511,0.1388
1269,222,1491,0.1388
1278,219,1497,0.1388
1275,223,1498,0.1388
1267,228,1495,0.1388
1279,226,1505,0.1388
1278,228,1506,0.1388
1276,226,1502,0.1388
1258,220,1478,0.1388
1246,223,1469,0.1388
1262,214,1476,0.1388
1277,215,1492,0.1388
1280,214,1494,0.1388
1280,214,1494,0.1388
1279,215,1494,0.1388
1282,218,1500,0.1388
1284,218,1502,0.1388
1274,218,1492,0.1388
1281,220,1501,0.1388
1278,223,1501,0.1388
1270,223,1493,0.1388
1275,224,1499,0.1388
1277,220,1497,0.1388
1273,222,1495,0.1388
1268,217,1485,0.1388
1269,220,1489,0.1388
1276,222,1498,0.1388
1281,215,1496,0.1388
1299,216,1515,0.1388
1296,217,1513,0.1388
1284,224,1508,0.1388
1284,222,1506,0.1388
1279,219,1498,0.1388
1271,215,1486,0.1388
1279,216,1495,0.1388
1281,213,1494,0.1388
1278,215,1493,0.1388
1277,215,1492,0.1388
1255,217,1472,0.1388
1263,220,1483,0.1388
1275,221,1496,0.1388
1275,224,1499,0.1388
1270,222,1492,0.1388
1283,223,1506,0.1388
1282,219,1501,0.1388
1279,221,1500,0.1388
1276,224,1500,0.1388
1275,221,1496,0.1388
1275,219,1494,0.1388
1272,221,1493,0.1388
1277,221,1498,0.1388
1282,221,1503,0.1388
1282,222,1504,0.1388
1279,219,1498,0.1388
1257,218,1475,0.1388
1253,220,1473,0.1388
1251,214,1465,0.1388
1273,221,1494,0.1388
1274,221,1495,0.1388
1277,219,1496,0.1388
1283,220,1503,0.1388
1275,216,1491,0.1388
1282,220,1502,0.1388
1269,218,1487,0.1388
1271,223,1494,0.1388
1276,226,1502,0.1388
1281,222,1503,0.1388
1276,218,1494,0.1388
1278,217,1495,0.1388
1293,215,1508,0.1388
1298,211,1509,0.1388
1293,211,1504,0.1388
1287,209,1496,0.1388
1283,212,1495,0.1388
1277,207,1484,0.1388
1283,206,1489,0.1388
1276,208,1484,0.1388
1279,210,1489,0.1388
1277,208,1485,0.1388
1288,208,1496,0.1388
1298,208,1506,0.1388
1302,215,1517,0.1388
1299,213,1512,0.1388
1295,209,1504,0.1388
1302,209,1511,0.1388
1284,212,1496,0.1388
1290,208,1498,0.1388
1278,212,1490,0.1388
1280,211,1491,0.1388
1300,211,1511,0.1388
1290,212,1502,0.1388
1281,209,1490,0.1388
1273,208,1481,0.1388
1289,212,1501,0.1388
1283,213,1496,0.1388
1274,211,1485,0.1388
1289,218,1507,0.1388
1291,216,1507,0.1388
1272,214,1486,0.1388
1276,215,1491,0.1388
1278,211,1489,0.1388
1266,213,1479,0.1388
1271,217,1488,0.1388
1281,221,1502,0.1388
1273,222,1495,0.1388
1275,223,1498,0.1388
1279,217,1496,0.1388
1281,218,1499,0.1388
1273,220,1493,0.1388
1280,221,1501,0.1388
1270,226,1496,0.1388
1269,230,1499,0.1388
1267,232,1499,0.1388
1268,229,1497,0.1388
1272,231,1503,0.1388
1264,223,1487,0.1388
1254,229,1483,0.1388
1255,227,1482,0.1388
1252,226,1478,0.1388
1252,226,1478,0.1388
1265,226,1491,0.1388
1259,226,1485,0.1388
1262,230,1492,0.1388
1261,230,1491,0.1388
1271,227,1498,0.1388
1277,225,1502,0.1388
1270,229,1499,0.1388
1266,227,1493,0.1388
1271,230,1501,0.1388
1263,229,1492,0.1388
1267,228,1495,0.1388
1254,238,1492,0.1388
1269,242,1511,0.1388
1269,244,1513,0.1388
1269,242,1511,0.1388
1262,244,1506,0.1388
1262,242,1504,0.1388
1270,246,1516,0.1388
1274,248,1522,0.1388
1264,245,1509,0.1388
1265,246,1511,0.1388
1261,247,1508,0.1388
1269,244,1513,0.1388
1258,247,1505,0.1388
1258,241,1499,0.1388
1270,244,1514,0.1388
1266,249,1515,0.1388
1254,247,1501,0.1388
1252,253,1505,0.1388
1253,250,1503,0.1388
1243,244,1487,0.1388
1239,249,1488,0.1388
1246,249,1495,0.1388
1255,246,1501,0.1388
1255,256,1511,0.1388
1237,260,1497,0.1388
1245,264,1509,0.1388
1236,265,1501,0.1388
1228,257,1485,0.1388
1231,254,1485,0.1388
1237,263,1500,0.1388
1233,257,1490,0.1388
1229,257,1486,0.1388
1224,254,1478,0.1388
1218,256,1474,0.1388
1210,258,1468,0.1388
1230,263,1493,0.1388
1229,258,1487,0.1388
1240,257,1497,0.1388
1243,264,1507,0.1388
1231,272,1503,0.1388
1236,275,1511,0.1388
1230,275,1505,0.1388
1235,270,1505,0.1388
1231,270,1501,0.1388
1237,272,1509,0.1388
1219,272,1491,0.1388
1217,276,1493,0.1388
1229,272,1501,0.1388
1229,264,1493,0.1388
1225,262,1487,0.1388
1230,264,1494,0.1388
1226,271,1497,0.1388
1225,274,1499,0.1388
1229,276,1505,0.1388
1223,275,1498,0.1388
1225,277,1502,0.1388
1217,270,1487,0.1388
1218,265,1483,0.1388
1221,268,1489,0.1388
1218,272,1490,0.1388
1220,274,1494,0.1388
1212,274,1486,0.1388
1209,272,1481,0.1388
1217,275,1492,0.1388
1216,272,1488,0.1388
1219,276,1495,0.1388
1217,275,1492,0.1388
1213,275,1488,0.1388
1213,276,1489,0.1388
1217,279,1496,0.1388
1211,287,1498,0.1388
1210,289,1499,0.1388
1217,292,1509,0.1388
1221,285,1506,0.1388
1218,289,1507,0.1388
1214,294,1508,0.1388
1204,294,1498,0.1388
1209,299,1508,0.1388
1202,300,1502,0.1388
1201,303,1504,0.1388
1197,301,1498,0.1388
1201,301,1502,0.1388
1202,299,1501,0.1388
1201,303,1504,0.1388
1193,308,1501,0.1388
1193,305,1498,0.1388
1187,307,1494,0.1388
1191,310,1501,0.1388
1184,314,1498,0.1388
1188,310,1498,0.1388
1191,310,1501,0.1388
1204,313,1517,0.1388
1205,310,1515,0.1388
1197,322,1519,0.1388
1193,315,1508,0.1388
1193,314,1507,0.1388
1184,318,1502,0.1388
1175,321,1496,0.1388
1160,322,1482,0.1388
1159,328,1487,0.1388
1155,329,1484,0.1388
1156,334,1490,0.1388
1152,334,1486,0.1388
1160,340,1500,0.1388
1151,345,1496,0.1388
1165,337,1502,0.1388
1159,342,1501,0.1388
1154,338,1492,0.1388
1146,344,1490,0.1388
1143,343,1486,0.1388
1147,349,1496,0.1388
1142,353,1495,0.1388
1156,360,1516,0.1388
1145,359,1504,0.1388
1155,357,1512,0.1388
1141,364,1505,0.1388
1137,371,1508,0.1388
1142,368,1510,0.1388
1138,374,1512,0.1388
1141,368,1509,0.1388
1140,375,1515,0.1388
1128,372,1500,0.1388
1128,369,1497,0.1388
1130,374,1504,0.1388
1126,373,1499,0.1388
1131,370,1501,0.1388
1132,371,1503,0.1388
1126,372,1498,0.1388
1125,374,1499,0.1388
1116,372,1488,0.1388
1118,380,1498,0.1388
1110,378,1488,0.1388
1111,387,1498,0.1388
1115,388,1503,0.1388
1131,388,1519,0.1388
1126,386,1512,0.1388
1116,384,1500,0.1388
1106,387,1493,0.1388
1108,384,1492,0.1388
1122,379,1501,0.1388
1126,381,1507,0.1388
1115,374,1489,0.1388
1115,370,1485,0.1388
1124,376,1500,0.1388
1135,371,1506,0.1388
1127,377,1504,0.1388
1122,377,1499,0.1388
1115,374,1489,0.1388
1126,378,1504,0.1388
1127,379,1506,0.1388
1135,380,1515,0.1388
1122,382,1504,0.1388
1122,388,1510,0.1388
1110,392,1502,0.1388
1108,396,1504,0.1388
1103,396,1499,0.1388
1095,391,1486,0.1388
1100,395,1495,0.1388
1091,392,1483,0.1388
1094,391,1485,0.1388
1090,389,1479,0.1388
1092,389,1481,0.1388
1090,388,1478,0.1388
1095,389,1484,0.1388
1089,390,1479,0.1388
1092,387,1479,0.1388
1112,384,1496,0.1388
1095,394,1489,0.1388
1099,398,1497,0.1388
1091,397,1488,0.1388
1092,396,1488,0.1388
1105,400,1505,0.1388
1103,400,1503,0.1388
1104,401,1505,0.1388
1105,400,1505,0.1388
1094,402,1496,0.1388
1091,402,1493,0.1388
1098,403,1501,0.1388
1097,407,1504,0.1388
1094,406,1500,0.1388
1099,399,1498,0.1388
1089,399,1488,0.1388
1090,393,1483,0.1388
1086,396,1482,0.1388
1089,401,1490,0.1388
1095,403,1498,0.1388
1088,393,1481,0.1388
1093,398,1491,0.1388
1091,398,1489,0.1388
1093,393,1486,0.1388
1090,395,1485,0.1388
1095,401,1496,0.1388
1091,404,1495,0.1388
1091,400,1491,0.1388
1095,402,1497,0.1388
1091,403,1494,0.1388
1087,399,1486,0.1388
1095,399,1494,0.1388
1096,407,1503,0.1388
1095,405,1500,0.1388
1092,402,1494,0.1388
1095,400,1495,0.1388
1090,395,1485,0.1388
1094,404,1498,0.1388
1101,397,1498,0.1388
1113,399,1512,0.1388
1099,398,1497,0.1388
1101,399,1500,0.1388
1103,400,1503,0.1388
1081,398,1479,0.1388
1085,402,1487,0.1388
1071,403,1474,0.1388
1075,406,1481,0.1388
1078,408,1486,0.1388
1077,410,1487,0.1388
1080,412,1492,0.1388
1081,413,1494,0.1388
1074,412,1486,0.1388
1079,417,1496,0.1388
1073,423,1496,0.1388
1078,422,1500,0.1388
1072,423,1495,0.1388
1084,424,1508,0.1388
1082,428,1510,0.1388
1093,426,1519,0.1388
1084,423,1507,0.1388
1076,427,1503,0.1388
1083,423,1506,0.1388
1081,422,1503,0.1388
1081,415,1496,0.1388
1078,416,1494,0.1388
1078,418,1496,0.1388
1071,418,1489,0.1388
1068,415,1483,0.1388
1069,407,1476,0.1388
1077,415,1492,0.1388
1087,421,1508,0.1388
1093,420,1513,0.1388
1077,420,1497,0.1388
1074,425,1499,0.1388
1079,421,1500,0.1388
1071,425,1496,0.1388
1080,422,1502,0.1388
1081,431,1512,0.1388
1073,438,1511,0.1388
1066,440,1506,0.1388
1071,437,1508,0.1388
1061,441,1502,0.1388
1064,448,1512,0.1388
1052,444,1496,0.1388
1046,442,1488,0.1388
1056,442,1498,0.1388
1052,445,1497,0.1388
1044,448,1492,0.1388
1042,439,1481,0.1388
1053,446,1499,0.1388
1034,450,1484,0.1388
1038,453,1491,0.1388
1032,450,1482,0.1388
1033,454,1487,0.1388
1033,463,1496,0.1388
1039,468,1507,0.1388
1044,464,1508,0.1388
1041,464,1505,0.1388
1045,458,1503,0.1388
1037,457,1494,0.1388
1032,461,1493,0.1388
1027,472,1499,0.1388
1039,473,1512,0.1388
1031,475,1506,0.1388
1033,470,1503,0.1388
1043,469,1512,0.1388
1039,472,1511,0.1388
1037,473,1510,0.1388
1030,482,1512,0.1388
1028,475,1503,0.1388
1024,471,1495,0.1388
1015,482,1497,0.1388
1028,476,1504,0.1388
1034,474,1508,0.1388
1035,481,1516,0.1388
1031,481,1512,0.1388
1028,477,1505,0.1388
1030,478,1508,0.1388
1026,482,1508,0.1388
1030,479,1509,0.1388
1031,483,1514,0.1388
1033,485,1518,0.1388
1031,485,1516,0.1388
1024,483,1507,0.1388
1010,487,1497,0.1388
1002,486,1488,0.1388
999,485,1484,0.1388
1003,494,1497,0.1388
1008,485,1493,0.1388
1001,481,1482,0.1388
1010,480,1490,0.1388
1006,487,1493,0.1388
1017,487,1504,0.1388
1014,479,1493,0.1388
1003,482,1485,0.1388
1019,480,1499,0.1388
1017,479,1496,0.1388
1014,484,1498,0.1388
1031,484,1515,0.1388
1029,490,1519,0.1388
1020,498,1518,0.1388
1012,496,1508,0.1388
1011,491,1502,0.1388
999,489,1488,0.1388
997,495,1492,0.1388
994,495,1489,0.1388
1001,497,1498,0.1388
1003,486,1489,0.1388
1003,495,1498,0.1388
1013,491,1504,0.1388
1004,490,1494,0.1388
1004,494,1498,0.1388
1009,483,1492,0.1388
1013,489,1502,0.1388
1002,488,1490,0.1388
1020,492,1512,0.1388
1016,490,1506,0.1388
1020,493,1513,0.1388
1004,496,1500,0.1388
1011,489,1500,0.1388
1014,488,1502,0.1388
1014,498,1512,0.1388
1022,498,1520,0.1388
1010,492,1502,0.1388
997,502,1499,0.1388
1016,504,1520,0.1388
1008,505,1513,0.1388
1011,515,1526,0.1388
1002,510,1512,0.1388
999,507,1506,0.1388
1013,512,1525,0.1388
1014,502,1516,0.1388
1013,503,1516,0.1388
1008,503,1511,0.1388
1012,499,1511,0.1388
1015,503,1518,0.1388
1009,506,1515,0.1388
1004,512,1516,0.1388
999,507,1506,0.1388
992,499,1491,0.1388
992,501,1493,0.1388
1002,508,1510,0.1388
1000,513,1513,0.1388
1012,506,1518,0.1388
1005,510,1515,0.1388
1005,511,1516,0.1388
994,507,1501,0.1388
1000,499,1499,0.1388
997,497,1494,0.1388
997,499,1496,0.1388
1009,505,1514,0.1388
1009,504,1513,0.1388
995,504,1499,0.1388
982,497,1479,0.1388
996,493,1489,0.1388
997,495,1492,0.1388
990,495,1485,0.1388
985,490,1475,0.1388
992,494,1486,0.1388
994,507,1501,0.1388
1002,498,1500,0.1388
1003,503,1506,0.1388
995,507,1502,0.1388
997,507,1504,0.1388
995,500,1495,0.1388
998,504,1502,0.1388
998,494,1492,0.1388
1000,497,1497,0.1388
1004,493,1497,0.1388
992,502,1494,0.1388
993,494,1487,0.1388
995,498,1493,0.1388
998,503,1501,0.1388
1002,511,1513,0.1388
1008,502,1510,0.1388
1004,505,1509,0.1388
1009,509,1518,0.1388
997,509,1506,0.1388
1007,510,1517,0.1388
1000,516,1516,0.1388
1004,509,1513,0.1388
994,503,1497,0.1388
991,507,1498,0.1388
994,506,1500,0.1388
994,509,1503,0.1388
984,513,1497,0.1388
991,521,1512,0.1388
985,519,1504,0.1388
982,518,1500,0.1388
971,524,1495,0.1388
969,525,1494,0.1388
979,533,1512,0.1388
969,525,1494,0.1388
982,522,1504,0.1388
976,523,1499,0.1388
962,527,1489,0.1388
961,522,1483,0.1388
957,521,1478,0.1388
961,518,1479,0.1388
962,525,1487,0.1388
954,540,1494,0.1388
956,539,1495,0.1388
960,547,1507,0.1388
947,555,1502,0.1388
946,542,1488,0.1388
948,546,1494,0.1388
947,545,1492,0.1388
945,549,1494,0.1388
947,552,1499,0.1388
944,548,1492,0.1388
947,550,1497,0.1388
951,549,1500,0.1388
942,546,1488,0.1388
950,543,1493,0.1388
957,537,1494,0.1388
956,544,1500,0.1388
960,554,1514,0.1388
947,556,1503,0.1388
935,554,1489,0.1388
949,552,1501,0.1388
957,548,1505,0.1388
959,548,1507,0.1388
955,548,1503,0.1388
954,551,1505,0.1388
950,554,1504,0.1388
942,557,1499,0.1388
951,549,1500,0.1388
953,558,1511,0.1388
962,553,1515,0.1388
964,547,1511,0.1388
966,550,1516,0.1388
969,559,1528,0.1388
964,557,1521,0.1388
963,560,1523,0.1388
957,559,1516,0.1388
955,564,1519,0.1388
956,557,1513,0.1388
950,555,1505,0.1388
940,561,1501,0.1388
933,560,1493,0.1388
938,565,1503,0.1388
939,564,1503,0.1388
943,566,1509,0.1388
949,564,1513,0.1388
943,560,1503,0.1388
941,570,1511,0.1388
944,576,1520,0.1388
934,579,1513,0.1388
926,578,1504,0.1388
928,577,1505,0.1388
917,579,1496,0.1388
919,585,1504,0.1388
932,584,1516,0.1388
925,591,1516,0.1388
923,588,1511,0.1388
922,577,1499,0.1388
924,586,1510,0.1388
912,585,1497,0.1388
907,581,1488,0.1388
920,580,1500,0.1388
934,577,1511,0.1388
933,580,1513,0.1388
936,577,1513,0.1388
935,583,1518,0.1388
913,583,1496,0.1388
914,585,1499,0.1388
906,586,1492,0.1388
917,589,1506,0.1388
918,589,1507,0.1388
923,584,1507,0.1388
916,590,1506,0.1388
910,586,1496,0.1388
916,594,1510,0.1388
916,592,1508,0.1388
918,608,1526,0.1388
912,610,1522,0.1388
904,603,1507,0.1388
902,608,1510,0.1388
887,615,1502,0.1388
895,607,1502,0.1388
893,614,1507,0.1388
881,609,1490,0.1388
885,614,1499,0.1388
879,618,1497,0.1388
871,619,1490,0.1388
863,630,1493,0.1388
863,631,1494,0.1388
860,637,1497,0.1388
862,632,1494,0.1388
846,626,1472,0.1388
845,634,1479,0.1388
851,636,1487,0.1388
851,639,1490,0.1388
848,635,1483,0.1388
843,644,1487,0.1388
851,649,1500,0.1388
859,634,1493,0.1388
858,639,1497,0.1388
864,629,1493,0.1388
862,637,1499,0.1388
861,642,1503,0.1388
861,639,1500,0.1388
860,642,1502,0.1388
858,641,1499,0.1388
868,640,1508,0.1388
872,636,1508,0.1388
874,642,1516,0.1388
869,638,1507,0.1388
861,632,1493,0.1388
869,638,1507,0.1388
864,640,1504,0.1388
854,647,1501,0.1388
859,647,1506,0.1388
854,642,1496,0.1388
861,650,1511,0.1388
863,658,1521,0.1388
864,662,1526,0.1388
858,669,1527,0.1388
856,664,1520,0.1388
853,649,1502,0.1388
846,647,1493,0.1388
840,657,1497,0.1388
846,654,1500,0.1388
834,656,1490,0.1388
828,666,1494,0.1388
832,657,1489,0.1388
833,663,1496,0.1388
833,668,1501,0.1388
828,674,1502,0.1388
818,670,1488,0.1388
818,670,1488,0.1388
817,678,1495,0.1388
810,684,1494,0.1388
812,689,1501,0.1388
815,697,1512,0.1388
809,700,1509,0.1388
796,702,1498,0.1388
795,710,1505,0.1388
795,714,1509,0.1388
793,717,1510,0.1388
786,711,1497,0.1388
787,714,1501,0.1388
796,712,1508,0.1388
790,714,1504,0.1388
785,705,1490,0.1388
785,711,1496,0.1388
786,713,1499,0.1388
788,726,1514,0.1388
792,722,1514,0.1388
787,724,1511,0.1388
789,727,1516,0.1388
784,717,1501,0.1388
771,715,1486,0.1388
780,732,1512,0.1388
778,729,1507,0.1388
780,744,1524,0.1388
767,750,1517,0.1388
774,742,1516,0.1388
766,742,1508,0.1388
764,750,1514,0.1388
765,750,1515,0.1388
772,740,1512,0.1388
777,740,1517,0.1388
768,735,1503,0.1388
769,728,1497,0.1388
768,724,1492,0.1388
768,731,1499,0.1388
764,733,1497,0.1388
765,731,1496,0.1388
753,743,1496,0.1388
750,746,1496,0.1388
755,754,1509,0.1388
752,756,1508,0.1388
747,755,1502,0.1388
753,761,1514,0.1388
756,759,1515,0.1388
747,752,1499,0.1388
755,748,1503,0.1388
750,751,1501,0.1388
747,752,1499,0.1388
753,750,1503,0.1388
750,762,1512,0.1388
748,763,1511,0.1388
745,759,1504,0.1388
750,753,1503,0.1388
751,754,1505,0.1388
753,752,1505,0.1388
751,752,1503,0.1388
756,755,1511,0.1388
743,762,1505,0.1388
755,757,1512,0.1388
748,765,1513,0.1388
735,767,1502,0.1388
728,771,1499,0.1388
733,770,1503,0.1388
729,773,1502,0.1388
726,774,1500,0.1388
725,773,1498,0.1388
726,776,1502,0.1388
722,776,1498,0.1388
720,783,1503,0.1388
725,789,1514,0.1388
728,787,1515,0.1388
736,786,1522,0.1388
734,788,1522,0.1388
739,797,1536,0.1388
727,790,1517,0.1388
718,788,1506,0.1388
711,784,1495,0.1388
709,791,1500,0.1388
720,802,1522,0.1388
712,798,1510,0.1388
713,797,1510,0.1388
711,796,1507,0.1388
707,791,1498,0.1388
703,796,1499,0.1388
696,808,1504,0.1388
698,810,1508,0.1388
696,809,1505,0.1388
704,807,1511,0.1388
701,801,1502,0.1388
691,806,1497,0.1388
700,806,1506,0.1388
695,811,1506,0.1388
691,823,1514,0.1388
693,820,1513,0.1388
689,821,1510,0.1388
692,822,1514,0.1388
699,813,1512,0.1388
696,812,1508,0.1388
696,811,1507,0.1388
694,819,1513,0.1388
700,822,1522,0.1388
691,826,1517,0.1388
686,820,1506,0.1388
690,823,1513,0.1388
688,820,1508,0.1388
684,827,1511,0.1388
683,824,1507,0.1388
685,835,1520,0.1388
678,836,1514,0.1388
666,830,1496,0.1388
670,837,1507,0.1388
674,829,1503,0.1388
669,832,1501,0.1388
668,835,1503,0.1388
670,840,1510,0.1388
671,844,1515,0.1388
668,834,1502,0.1388
667,843,1510,0.1388
665,847,1512,0.1388
667,844,1511,0.1388
663,844,1507,0.1388
661,849,1510,0.1388
662,847,1509,0.1388
665,844,1509,0.1388
668,836,1504,0.1388
664,830,1494,0.1388
653,836,1489,0.1388
661,845,1506,0.1388
658,849,1507,0.1388
652,857,1509,0.1388
649,860,1509,0.1388
644,852,1496,0.1388
645,849,1494,0.1388
651,856,1507,0.1388
640,848,1488,0.1388
633,852,1485,0.1388
627,853,1480,0.1388
643,856,1499,0.1388
643,856,1499,0.1388
646,859,1505,0.1388
643,856,1499,0.1388
648,861,1509,0.1388
643,857,1500,0.1388
649,869,1518,0.1388
650,861,1511,0.1388
654,846,1500,0.1388
647,862,1509,0.1388
649,867,1516,0.1388
654,861,1515,0.1388
647,863,1510,0.1388
647,866,1513,0.1388
644,871,1515,0.1388
635,870,1505,0.1388
641,872,1513,0.1388
628,866,1494,0.1388
630,863,1493,0.1388
631,873,1504,0.1388
638,881,1519,0.1388
640,885,1525,0.1388
637,876,1513,0.1388
640,874,1514,0.1388
636,871,1507,0.1388
631,865,1496,0.1388
629,873,1502,0.1388
637,881,1518,0.1388
631,880,1511,0.1388
630,879,1509,0.1388
645,880,1525,0.1388
638,878,1516,0.1388
639,874,1513,0.1388
649,871,1520,0.1388
645,863,1508,0.1388
642,866,1508,0.1388
647,870,1517,0.1388
651,865,1516,0.1388
660,865,1525,0.1388
662,860,1522,0.1388
656,862,1518,0.1388
644,867,1511,0.1388
632,875,1507,0.1388
635,874,1509,0.1388
635,871,1506,0.1388
638,872,1510,0.1388
636,869,1505,0.1388
644,886,1530,0.1388
638,885,1523,0.1388
636,887,1523,0.1388
629,880,1509,0.1388
622,881,1503,0.1388
625,876,1501,0.1388
626,873,1499,0.1388
629,882,1511,0.1388
622,878,1500,0.1388
616,887,1503,0.1388
614,904,1518,0.1388
616,899,1515,0.1388
618,894,1512,0.1388
608,896,1504,0.1388
592,893,1485,0.1388
603,892,1495,0.1388
605,905,1510,0.1388
604,906,1510,0.1388
613,908,1521,0.1388
612,907,1519,0.1388
608,909,1517,0.1388
607,905,1512,0.1388
611,901,1512,0.1388
603,912,1515,0.1388
595,905,1500,0.1388
604,910,1514,0.1388
605,912,1517,0.1388
599,910,1509,0.1388
598,911,1509,0.1388
601,920,1521,0.1388
590,919,1509,0.1388
591,927,1518,0.1388
595,913,1508,0.1388
596,912,1508,0.1388
596,914,1510,0.1388
604,917,1521,0.1388
597,919,1516,0.1388
594,922,1516,0.1388
595,919,1514,0.1388
597,916,1513,0.1388
594,916,1510,0.1388
596,920,1516,0.1388
594,916,1510,0.1388
593,907,1500,0.1388
594,900,1494,0.1388
596,903,1499,0.1388
593,915,1508,0.1388
585,914,1499,0.1388
590,940,1530,0.1388
593,935,1528,0.1388
586,939,1525,0.1388
579,940,1519,0.1388
583,919,1502,0.1388
583,917,1500,0.1388
576,931,1507,0.1388
571,928,1499,0.1388
569,950,1519,0.1388
573,950,1523,0.1388
574,951,1525,0.1388
575,947,1522,0.1388
574,949,1523,0.1388
576,948,1524,0.1388
575,940,1515,0.1388
573,928,1501,0.1388
571,937,1508,0.1388
573,934,1507,0.1388
573,947,1520,0.1388
567,942,1509,0.1388
567,935,1502,0.1388
555,937,1492,0.1388
561,940,1501,0.1388
561,935,1496,0.1388
563,934,1497,0.1388
551,933,1484,0.1388
550,934,1484,0.1388
553,938,1491,0.1388
561,942,1503,0.1388
568,931,1499,0.1388
562,936,1498,0.1388
563,934,1497,0.1388
560,934,1494,0.1388
562,940,1502,0.1388
554,942,1496,0.1388
553,946,1499,0.1388
550,958,1508,0.1388
555,956,1511,0.1388
558,964,1522,0.1388
555,954,1509,0.1388
552,952,1504,0.1388
566,940,1506,0.1388
563,950,1513,0.1388
568,949,1517,0.1388
562,952,1514,0.1388
561,948,1509,0.1388
559,945,1504,0.1388
569,939,1508,0.1388
570,936,1506,0.1388
564,943,1507,0.1388
564,932,1496,0.1388
563,946,1509,0.1388
565,939,1504,0.1388
564,946,1510,0.1388
570,954,1524,0.1388
567,947,1514,0.1388
568,951,1519,0.1388
566,965,1531,0.1388
569,952,1521,0.1388
563,952,1515,0.1388
568,959,1527,0.1388
557,947,1504,0.1388
558,941,1499,0.1388
554,940,1494,0.1388
562,942,1504,0.1388
560,941,1501,0.1388
556,929,1485,0.1388
550,933,1483,0.1388
550,959,1509,0.1388
555,968,1523,0.1388
557,974,1531,0.1388
558,966,1524,0.1388
552,961,1513,0.1388
546,964,1510,0.1388
541,967,1508,0.1388
546,971,1517,0.1388
544,968,1512,0.1388
541,964,1505,0.1388
547,965,1512,0.1388
541,979,1520,0.1388
527,982,1509,0.1388
525,992,1517,0.1388
532,983,1515,0.1388
522,984,1506,0.1388
513,979,1492,0.1388
513,984,1497,0.1388
516,983,1499,0.1388
519,981,1500,0.1388
525,976,1501,0.1388
517,975,1492,0.1388
519,983,1502,0.1388
521,990,1511,0.1388
520,990,1510,0.1388
516,993,1509,0.1388
519,1003,1522,0.1388
518,988,1506,0.1388
521,988,1509,0.1388
517,996,1513,0.1388
519,992,1511,0.1388
517,1001,1518,0.1388
514,1006,1520,0.1388
512,1007,1519,0.1388
506,1013,1519,0.1388
509,1010,1519,0.1388
510,1012,1522,0.1388
508,995,1503,0.1388
507,991,1498,0.1388
516,997,1513,0.1388
518,1000,1518,0.1388
524,1007,1531,0.1388
526,1004,1530,0.1388
523,1002,1525,0.1388
521,993,1514,0.1388
518,992,1510,0.1388
513,991,1504,0.1388
513,995,1508,0.1388
519,994,1513,0.1388
511,986,1497,0.1388
512,994,1506,0.1388
509,1004,1513,0.1388
505,1002,1507,0.1388
504,994,1498,0.1388
503,993,1496,0.1388
503,1001,1504,0.1388
501,1012,1513,0.1388
501,1013,1514,0.1388
502,1021,1523,0.1388
499,1015,1514,0.1388
497,1011,1508,0.1388
499,1024,1523,0.1388
496,1017,1513,0.1388
501,1014,1515,0.1388
502,1006,1508,0.1388
508,1010,1518,0.1388
505,1023,1528,0.1388
508,1018,1526,0.1388
502,1016,1518,0.1388
497,1016,1513,0.1388
490,1023,1513,0.1388
490,1028,1518,0.1388
493,1018,1511,0.1388
493,1011,1504,0.1388
497,1014,1511,0.1388
497,1016,1513,0.1388
501,1024,1525,0.1388
504,1023,1527,0.1388
494,1026,1520,0.1388
496,1024,1520,0.1388
501,1028,1529,0.1388
502,1024,1526,0.1388
498,1029,1527,0.1388
493,1025,1518,0.1388
492,1030,1522,0.1388
487,1027,1514,0.1388
482,1026,1508,0.1388
487,1021,1508,0.1388
477,1031,1508,0.1388
474,1038,1512,0.1388
469,1051,1520,0.1388
477,1044,1521,0.1388
474,1043,1517,0.1388
471,1040,1511,0.1388
477,1029,1506,0.1388
470,1032,1502,0.1388
461,1033,1494,0.1388
459,1036,1495,0.1388
444,1040,1484,0.1388
445,1052,1497,0.1388
451,1046,1497,0.1388
447,1045,1492,0.1388
442,1050,1492,0.1388
446,1054,1500,0.1388
448,1034,1482,0.1388
447,1043,1490,0.1388
449,1046,1495,0.1388
451,1054,1505,0.1388
453,1067,1520,0.1388
446,1060,1506,0.1388
441,1061,1502,0.1388
448,1063,1511,0.1388
447,1075,1522,0.1388
455,1070,1525,0.1388
457,1066,1523,0.1388
452,1064,1516,0.1388
454,1062,1516,0.1388
456,1058,1514,0.1388
453,1067,1520,0.1388
455,1063,1518,0.1388
451,1070,1521,0.1388
449,1073,1522,0.1388
452,1075,1527,0.1388
452,1070,1522,0.1388
456,1058,1514,0.1388
443,1066,1509,0.1388
442,1065,1507,0.1388
450,1061,1511,0.1388
456,1065,1521,0.1388
452,1058,1510,0.1388
454,1066,1520,0.1388
448,1059,1507,0.1388
444,1061,1505,0.1388
450,1076,1526,0.1388
452,1073,1525,0.1388
455,1073,1528,0.1388
459,1063,1522,0.1388
451,1064,1515,0.1388
447,1057,1504,0.1388
455,1059,1514,0.1388
453,1073,1526,0.1388
448,1065,1513,0.1388
446,1072,1518,0.1388
438,1056,1494,0.1388
443,1068,1511,0.1388
443,1059,1502,0.1388
441,1068,1509,0.1388
438,1060,1498,0.1388
440,1055,1495,0.1388
445,1052,1497,0.1388
443,1052,1495,0.1388
438,1062,1500,0.1388
438,1070,1508,0.1388
434,1076,1510,0.1388
428,1079,1507,0.1388
427,1078,1505,0.1388
430,1069,1499,0.1388
431,1067,1498,0.1388
435,1056,1491,0.1388
434,1061,1495,0.1388
438,1059,1497,0.1388
435,1066,1501,0.1388
436,1069,1505,0.1388
442,1078,1520,0.1388
447,1060,1507,0.1388
448,1057,1505,0.1388
442,1063,1505,0.1388
443,1064,1507,0.1388
445,1072,1517,0.1388
445,1067,1512,0.1388
437,1065,1502,0.1388
440,1072,1512,0.1388
444,1064,1508,0.1388
452,1069,1521,0.1388
455,1056,1511,0.1388
452,1071,1523,0.1388
438,1065,1503,0.1388
430,1063,1493,0.1388
429,1067,1496,0.1388
433,1062,1495,0.1388
430,1062,1492,0.1388
431,1078,1509,0.1388
436,1081,1517,0.1388
424,1078,1502,0.1388
425,1089,1514,0.1388
424,1083,1507,0.1388
426,1093,1519,0.1388
418,1093,1511,0.1388
417,1090,1507,0.1388
425,1090,1515,0.1388
418,1090,1508,0.1388
415,1101,1516,0.1388
412,1107,1519,0.1388
411,1094,1505,0.1388
409,1094,1503,0.1388
410,1094,1504,0.1388
410,1093,1503,0.1388
405,1091,1496,0.1388
410,1086,1496,0.1388
413,1097,1510,0.1388
412,1099,1511,0.1388
409,1093,1502,0.1388
413,1094,1507,0.1388
420,1088,1508,0.1388
414,1083,1497,0.1388
418,1087,1505,0.1388
418,1102,1520,0.1388
416,1100,1516,0.1388
413,1105,1518,0.1388
407,1112,1519,0.1388
405,1113,1518,0.1388
398,1115,1513,0.1388
401,1118,1519,0.1388
399,1128,1527,0.1388
397,1130,1527,0.1388
402,1133,1535,0.1388
396,1125,1521,0.1388
392,1133,1525,0.1388
389,1123,1512,0.1388
388,1124,1512,0.1388
393,1118,1511,0.1388
395,1120,1515,0.1388
399,1111,1510,0.1388
396,1113,1509,0.1388
395,1118,1513,0.1388
391,1114,1505,0.1388
381,1117,1498,0.1388
382,1120,1502,0.1388
377,1120,1497,0.1388
382,1107,1489,0.1388
387,1111,1498,0.1388
387,1112,1499,0.1388
388,1116,1504,0.1388
390,1116,1506,0.1388
388,1130,1518,0.1388
395,1127,1522,0.1388
398,1123,1521,0.1388
396,1119,1515,0.1388
386,1124,1510,0.1388
392,1120,1512,0.1388
387,1124,1511,0.1388
388,1137,1525,0.1388
384,1134,1518,0.1388
378,1133,1511,0.1388
380,1134,1514,0.1388
383,1124,1507,0.1388
386,1129,1515,0.1388
389,1137,1526,0.1388
388,1131,1519,0.1388
388,1126,1514,0.1388
389,1117,1506,0.1388
386,1122,1508,0.1388
375,1125,1500,0.1388
378,1130,1508,0.1388
379,1122,1501,0.1388
381,1134,1515,0.1388
380,1132,1512,0.1388
382,1131,1513,0.1388
379,1135,1514,0.1388
382,1133,1515,0.1388
380,1127,1507,0.1388
375,1126,1501,0.1388
371,1138,1509,0.1388
369,1137,1506,0.1388
372,1127,1499,0.1388
373,1150,1523,0.1388
373,1149,1522,0.1388
379,1141,1520,0.1388
379,1140,1519,0.1388
377,1129,1506,0.1388
376,1126,1502,0.1388
378,1139,1517,0.1388
380,1139,1519,0.1388
375,1144,1519,0.1388
380,1146,1526,0.1388
374,1146,1520,0.1388
367,1146,1513,0.1388
364,1149,1513,0.1388
363,1147,1510,0.1388
366,1153,1519,0.1388
367,1165,1532,0.1388
362,1149,1511,0.1388
370,1133,1503,0.1388
369,1141,1510,0.1388
361,1150,1511,0.1388
354,1160,1514,0.1388
352,1161,1513,0.1388
348,1161,1509,0.1388
343,1167,1510,0.1388
345,1164,1509,0.1388
349,1158,1507,0.1388
350,1155,1505,0.1388
348,1164,1512,0.1388
356,1169,1525,0.1388
352,1174,1526,0.1388
352,1164,1516,0.1388
349,1165,1514,0.1388
350,1172,1522,0.1388
349,1164,1513,0.1388
350,1157,1507,0.1388
344,1161,1505,0.1388
342,1175,1517,0.1388
341,1167,1508,0.1388
338,1164,1502,0.1388
345,1174,1519,0.1388
347,1191,1538,0.1388
344,1183,1527,0.1388
347,1174,1521,0.1388
341,1169,1510,0.1388
343,1176,1519,0.1388
338,1171,1509,0.1388
340,1162,1502,0.1388
342,1163,1505,0.1388
343,1174,1517,0.1388
342,1176,1518,0.1388
340,1175,1515,0.1388
340,1166,1506,0.1388
334,1162,1496,0.1388
336,1167,1503,0.1388
336,1178,1514,0.1388
335,1177,1512,0.1388
341,1176,1517,0.1388
333,1168,1501,0.1388
335,1169,1504,0.1388
334,1170,1504,0.1388
334,1179,1513,0.1388
338,1188,1526,0.1388
332,1187,1519,0.1388
325,1193,1518,0.1388
325,1187,1512,0.1388
327,1190,1517,0.1388
326,1191,1517,0.1388
324,1189,1513,0.1388
325,1196,1521,0.1388
330,1184,1514,0.1388
332,1187,1519,0.1388
330,1194,1524,0.1388
330,1185,1515,0.1388
325,1182,1507,0.1388
322,1186,1508,0.1388
319,1181,1500,0.1388
325,1175,1500,0.1388
320,1183,1503,0.1388
325,1188,1513,0.1388
327,1198,1525,0.1388
321,1186,1507,0.1388
329,1178,1507,0.1388
328,1186,1514,0.1388
323,1191,1514,0.1388
322,1180,1502,0.1388
321,1186,1507,0.1388
321,1189,1510,0.1388
317,1201,1518,0.1388
320,1203,1523,0.1388
312,1205,1517,0.1388
313,1201,1514,0.1388
324,1201,1525,0.1388
322,1190,1512,0.1388
324,1183,1507,0.1388
325,1184,1509,0.1388
325,1189,1514,0.1388
318,1183,1501,0.1388
316,1194,1510,0.1388
317,1200,1517,0.1388
319,1194,1513,0.1388
320,1205,1525,0.1388
317,1194,1511,0.1388
317,1183,1500,0.1388
317,1197,1514,0.1388
322,1195,1517,0.1388
314,1181,1495,0.1388
310,1192,1502,0.1388
317,1192,1509,0.1388
319,1184,1503,0.1388
310,1197,1507,0.1388
310,1193,1503,0.1388
312,1206,1518,0.1388
311,1205,1516,0.1388
311,1209,1520,0.1388
315,1202,1517,0.1388
316,1202,1518,0.1388
316,1207,1523,0.1388
314,1208,1522,0.1388
312,1215,1527,0.1388
302,1207,1509,0.1388
304,1209,1513,0.1388
303,1208,1511,0.1388
304,1209,1513,0.1388
311,1210,1521,0.1388
310,1197,1507,0.1388
307,1203,1510,0.1388
302,1213,1515,0.1388
306,1220,1526,0.1388
290,1213,1503,0.1388
289,1204,1493,0.1388
293,1210,1503,0.1388
298,1211,1509,0.1388
304,1222,1526,0.1388
301,1200,1501,0.1388
300,1204,1504,0.1388
304,1210,1514,0.1388
301,1208,1509,0.1388
293,1210,1503,0.1388
290,1211,1501,0.1388
289,1212,1501,0.1388
294,1213,1507,0.1388
289,1216,1505,0.1388
288,1229,1517,0.1388
290,1223,1513,0.1388
291,1234,1525,0.1388
286,1231,1517,0.1388
286,1227,1513,0.1388
292,1231,1523,0.1388
288,1225,1513,0.1388
294,1223,1517,0.1388
295,1224,1519,0.1388
297,1214,1511,0.1388
297,1205,1502,0.1388
298,1211,1509,0.1388
297,1201,1498,0.1388
294,1198,1492,0.1388
290,1202,1492,0.1388
288,1211,1499,0.1388
291,1218,1509,0.1388
286,1227,1513,0.1388
285,1222,1507,0.1388
291,1228,1519,0.1388
288,1225,1513,0.1388
287,1222,1509,0.1388
285,1224,1509,0.1388
284,1230,1514,0.1388
285,1243,1528,0.1388
285,1232,1517,0.1388
280,1228,1508,0.1388
282,1227,1509,0.1388
290,1224,1514,0.1388
291,1225,1516,0.1388
288,1213,1501,0.1388
287,1231,1518,0.1388
287,1227,1514,0.1388
287,1224,1511,0.1388
285,1230,1515,0.1388
282,1231,1513,0.1388
281,1233,1514,0.1388
286,1236,1522,0.1388
283,1236,1519,0.1388
281,1235,1516,0.1388
277,1241,1518,0.1388
272,1243,1515,0.1388
270,1240,1510,0.1388
266,1252,1518,0.1388
266,1235,1501,0.1388
272,1228,1500,0.1388
271,1241,1512,0.1388
274,1249,1523,0.1388
273,1248,1521,0.1388
274,1260,1534,0.1388
270,1243,1513,0.1388
273,1244,1517,0.1388
272,1236,1508,0.1388
276,1222,1498,0.1388
273,1239,1512,0.1388
273,1244,1517,0.1388
274,1234,1508,0.1388
279,1230,1509,0.1388
274,1238,1512,0.1388
273,1251,1524,0.1388
273,1244,1517,0.1388
274,1240,1514,0.1388
269,1243,1512,0.1388
266,1240,1506,0.1388
268,1230,1498,0.1388
269,1236,1505,0.1388
268,1242,1510,0.1388
273,1244,1517,0.1388
270,1237,1507,0.1388
270,1242,1512,0.1388
273,1246,1519,0.1388
268,1246,1514,0.1388
270,1248,1518,0.1388
269,1248,1517,0.1388
267,1245,1512,0.1388
264,1251,1515,0.1388
266,1247,1513,0.1388
261,1236,1497,0.1388
263,1230,1493,0.1388
263,1238,1501,0.1388
259,1241,1500,0.1388
264,1240,1504,0.1388
259,1239,1498,0.1388
254,1241,1495,0.1388
257,1238,1495,0.1388
257,1236,1493,0.1388
261,1254,1515,0.1388
260,1261,1521,0.1388
258,1258,1516,0.1388
258,1262,1520,0.1388
262,1256,1518,0.1388
263,1237,1500,0.1388
259,1236,1495,0.1388
252,1260,1512,0.1388
247,1260,1507,0.1388
245,1260,1505,0.1388
242,1258,1500,0.1388
241,1248,1489,0.1388
235,1268,1503,0.1388
239,1266,1505,0.1388
245,1268,1513,0.1388
241,1280,1521,0.1388
241,1267,1508,0.1388
240,1272,1512,0.1388
246,1278,1524,0.1388
246,1265,1511,0.1388
242,1257,1499,0.1388
239,1262,1501,0.1388
239,1267,1506,0.1388
250,1280,1530,0.1388
246,1288,1534,0.1388
246,1279,1525,0.1388
242,1275,1517,0.1388
237,1271,1508,0.1388
240,1284,1524,0.1388
235,1280,1515,0.1388
241,1267,1508,0.1388
245,1267,1512,0.1388
242,1262,1504,0.1388
244,1263,1507,0.1388
245,1270,1515,0.1388
241,1263,1504,0.1388
239,1273,1512,0.1388
235,1276,1511,0.1388
236,1275,1511,0.1388
234,1277,1511,0.1388
237,1300,1537,0.1388
235,1291,1526,0.1388
232,1293,1525,0.1388
229,1279,1508,0.1388
231,1286,1517,0.1388
230,1299,1529,0.1388
228,1285,1513,0.1388
228,1283,1511,0.1388
227,1293,1520,0.1388
227,1294,1521,0.1388
227,1281,1508,0.1388
224,1274,1498,0.1388
222,1281,1503,0.1388
222,1294,1516,0.1388
224,1294,1518,0.1388
219,1305,1524,0.1388
217,1303,1520,0.1388
215,1307,1522,0.1388
215,1309,1524,0.1388
215,1309,1524,0.1388
218,1306,1524,0.1388
222,1297,1519,0.1388
226,1295,1521,0.1388
228,1301,1529,0.1388
227,1311,1538,0.1388
222,1301,1523,0.1388
219,1295,1514,0.1388
218,1286,1504,0.1388
224,1287,1511,0.1388
226,1292,1518,0.1388
225,1303,1528,0.1388
224,1289,1513,0.1388
217,1286,1503,0.1388
220,1288,1508,0.1388
223,1289,1512,0.1388
220,1290,1510,0.1388
219,1296,1515,0.1388
217,1291,1508,0.1388
215,1287,1502,0.1388
211,1282,1493,0.1388
216,1294,1510,0.1388
213,1299,1512,0.1388
217,1287,1504,0.1388
217,1279,1496,0.1388
217,1268,1485,0.1388
218,1295,1513,0.1388
213,1302,1515,0.1388
207,1311,1518,0.1388
212,1309,1521,0.1388
213,1308,1521,0.1388
217,1308,1525,0.1388
216,1304,1520,0.1388
213,1304,1517,0.1388
221,1304,1525,0.1388
220,1297,1517,0.1388
220,1304,1524,0.1388
216,1296,1512,0.1388
217,1283,1500,0.1388
218,1288,1506,0.1388
215,1298,1513,0.1388
212,1303,1515,0.1388
217,1301,1518,0.1388
212,1308,1520,0.1388
212,1303,1515,0.1388
211,1296,1507,0.1388
206,1290,1496,0.1388
207,1291,1498,0.1388
203,1292,1495,0.1388
204,1296,1500,0.1388
206,1292,1498,0.1388
201,1297,1498,0.1388
201,1314,1515,0.1388
198,1323,1521,0.1388
197,1305,1502,0.1388
200,1305,1505,0.1388
198,1306,1504,0.1388
193,1309,1502,0.1388
193,1310,1503,0.1388
198,1299,1497,0.1388
202,1295,1497,0.1388
202,1300,1502,0.1388
207,1302,1509,0.1388
207,1302,1509,0.1388
205,1313,1518,0.1388
205,1309,1514,0.1388
203,1296,1499,0.1388
208,1300,1508,0.1388
209,1303,1512,0.1388
213,1300,1513,0.1388
211,1302,1513,0.1388
209,1307,1516,0.1388
204,1311,1515,0.1388
202,1326,1528,0.1388
203,1317,1520,0.1388
201,1314,1515,0.1388
201,1304,1505,0.1388
206,1312,1518,0.1388
205,1315,1520,0.1388
201,1321,1522,0.1388
204,1316,1520,0.1388
201,1318,1519,0.1388
206,1322,1528,0.1388
200,1321,1521,0.1388
201,1322,1523,0.1388
207,1313,1520,0.1388
206,1300,1506,0.1388
209,1301,1510,0.1388
211,1305,1516,0.1388
213,1300,1513,0.1388
209,1299,1508,0.1388
209,1304,1513,0.1388
203,1311,1514,0.1388
202,1309,1511,0.1388
202,1310,1512,0.1388
201,1308,1509,0.1388
196,1309,1505,0.1388
201,1314,1515,0.1388
201,1310,1511,0.1388
206,1313,1519,0.1388
206,1307,1513,0.1388
203,1309,1512,0.1388
201,1317,1518,0.1388
208,1314,1522,0.1388
205,1303,1508,0.1388
207,1304,1511,0.1388
203,1303,1506,0.1388
203,1301,1504,0.1388
203,1303,1506,0.1388
203,1304,1507,0.1388
205,1306,1511,0.1388
207,1312,1519,0.1388
207,1306,1513,0.1388
211,1316,1527,0.1388
204,1309,1513,0.1388
209,1314,1523,0.1388
210,1310,1520,0.1388
207,1305,1512,0.1388
204,1307,1511,0.1388
208,1296,1504,0.1388
201,1302,1503,0.1388
201,1305,1506,0.1388
194,1298,1492,0.1388
194,1307,1501,0.1388
198,1316,1514,0.1388
193,1309,1502,0.1388
199,1296,1495,0.1388
200,1301,1501,0.1388
194,1312,1506,0.1388
198,1314,1512,0.1388
200,1306,1506,0.1388
204,1307,1511,0.1388
203,1315,1518,0.1388
201,1310,1511,0.1388
202,1310,1512,0.1388
202,1310,1512,0.1388
201,1321,1522,0.1388
200,1316,1516,0.1388
197,1323,1520,0.1388
198,1323,1521,0.1388
195,1316,1511,0.1388
193,1302,1495,0.1388
192,1310,1502,0.1388
195,1300,1495,0.1388
192,1315,1507,0.1388
193,1323,1516,0.1388
195,1321,1516,0.1388
196,1313,1509,0.1388
194,1324,1518,0.1388
194,1327,1521,0.1388
190,1333,1523,0.1388
190,1338,1528,0.1388
184,1336,1520,0.1388
187,1324,1511,0.1388
187,1324,1511,0.1388
190,1322,1512,0.1388
187,1329,1516,0.1388
188,1318,1506,0.1388
187,1307,1494,0.1388
187,1316,1503,0.1388
185,1313,1498,0.1388
185,1333,1518,0.1388
182,1339,1521,0.1388
181,1340,1521,0.1388
182,1330,1512,0.1388
178,1340,1518,0.1388
177,1341,1518,0.1388
173,1345,1518,0.1388
171,1346,1517,0.1388
163,1347,1510,0.1388
164,1334,1498,0.1388
164,1341,1505,0.1388
164,1353,1517,0.1388
165,1352,1517,0.1388
167,1345,1512,0.1388
166,1338,1504,0.1388
163,1344,1507,0.1388
168,1357,1525,0.1388
166,1349,1515,0.1388
163,1347,1510,0.1388
165,1348,1513,0.1388
157,1341,1498,0.1388
157,1352,1509,0.1388
158,1372,1530,0.1388
158,1368,1526,0.1388
161,1372,1533,0.1388
157,1361,1518,0.1388
157,1371,1528,0.1388
160,1364,1524,0.1388
156,1354,1510,0.1388
155,1346,1501,0.1388
157,1359,1516,0.1388
154,1362,1516,0.1388
153,1362,1515,0.1388
153,1360,1513,0.1388
152,1364,1516,0.1388
151,1373,1524,0.1388
152,1357,1509,0.1388
152,1350,1502,0.1388
152,1355,1507,0.1388
150,1344,1494,0.1388
151,1348,1499,0.1388
151,1349,1500,0.1388
152,1358,1510,0.1388
148,1369,1517,0.1388
148,1367,1515,0.1388
145,1364,1509,0.1388
143,1359,1502,0.1388
145,1366,1511,0.1388
138,1358,1496,0.1388
143,1358,1501,0.1388
140,1358,1498,0.1388
140,1358,1498,0.1388
138,1353,1491,0.1388
140,1366,1506,0.1388
144,1356,1500,0.1388
142,1356,1498,0.1388
139,1363,1502,0.1388
138,1365,1503,0.1388
144,1367,1511,0.1388
143,1356,1499,0.1388
145,1353,1498,0.1388
149,1366,1515,0.1388
148,1383,1531,0.1388
147,1373,1520,0.1388
138,1365,1503,0.1388
138,1378,1516,0.1388
141,1377,1518,0.1388
139,1392,1531,0.1388
138,1385,1523,0.1388
138,1376,1514,0.1388
138,1367,1505,0.1388
139,1369,1508,0.1388
137,1377,1514,0.1388
129,1384,1513,0.1388
134,1384,1518,0.1388
137,1388,1525,0.1388
140,1383,1523,0.1388
140,1387,1527,0.1388
140,1382,1522,0.1388
140,1386,1526,0.1388
142,1382,1524,0.1388
139,1381,1520,0.1388
138,1380,1518,0.1388
137,1373,1510,0.1388
137,1373,1510,0.1388
137,1383,1520,0.1388
134,1382,1516,0.1388
133,1385,1518,0.1388
132,1385,1517,0.1388
132,1384,1516,0.1388
128,1393,1521,0.1388
129,1389,1518,0.1388
129,1398,1527,0.1388
126,1392,1518,0.1388
125,1387,1512,0.1388
122,1381,1503,0.1388
122,1401,1523,0.1388
118,1398,1516,0.1388
115,1394,1509,0.1388
114,1385,1499,0.1388
112,1391,1503,0.1388
113,1398,1511,0.1388
116,1391,1507,0.1388
125,1390,1515,0.1388
129,1395,1524,0.1388
129,1388,1517,0.1388
127,1393,1520,0.1388
126,1385,1511,0.1388
123,1387,1510,0.1388
124,1389,1513,0.1388
124,1381,1505,0.1388
124,1376,1500,0.1388
124,1387,1511,0.1388
126,1387,1513,0.1388
127,1385,1512,0.1388
124,1384,1508,0.1388
117,1371,1488,0.1388
118,1383,1501,0.1388
114,1398,1512,0.1388
113,1391,1504,0.1388
110,1374,1484,0.1388
110,1381,1491,0.1388
111,1389,1500,0.1388
110,1394,1504,0.1388
106,1397,1503,0.1388
106,1419,1525,0.1388
104,1408,1512,0.1388
105,1405,1510,0.1388
105,1414,1519,0.1388
108,1408,1516,0.1388
106,1411,1517,0.1388
108,1421,1529,0.1388
110,1415,1525,0.1388
107,1412,1519,0.1388
108,1411,1519,0.1388
107,1409,1516,0.1388
109,1415,1524,0.1388
105,1415,1520,0.1388
103,1417,1520,0.1388
102,1423,1525,0.1388
103,1423,1526,0.1388
104,1413,1517,0.1388
103,1405,1508,0.1388
101,1417,1518,0.1388
104,1412,1516,0.1388
102,1415,1517,0.1388
100,1420,1520,0.1388
101,1422,1523,0.1388
97,1419,1516,0.1388
99,1426,1525,0.1388
96,1430,1526,0.1388
96,1423,1519,0.1388
96,1427,1523,0.1388
94,1420,1514,0.1388
92,1419,1511,0.1388
92,1413,1505,0.1388
92,1408,1500,0.1388
93,1421,1514,0.1388
90,1426,1516,0.1388
93,1429,1522,0.1388
95,1417,1512,0.1388
96,1413,1509,0.1388
94,1404,1498,0.1388
94,1405,1499,0.1388
95,1421,1516,0.1388
96,1418,1514,0.1388
94,1423,1517,0.1388
93,1415,1508,0.1388
94,1425,1519,0.1388
93,1415,1508,0.1388
92,1408,1500,0.1388
89,1403,1492,0.1388
89,1431,1520,0.1388
85,1426,1511,0.1388
89,1422,1511,0.1388
90,1428,1518,0.1388
89,1430,1519,0.1388
83,1431,1514,0.1388
82,1436,1518,0.1388
84,1436,1520,0.1388
86,1433,1519,0.1388
87,1437,1524,0.1388
85,1446,1531,0.1388
88,1441,1529,0.1388
88,1421,1509,0.1388
89,1432,1521,0.1388
92,1444,1536,0.1388
92,1449,1541,0.1388
93,1438,1531,0.1388
93,1430,1523,0.1388
94,1417,1511,0.1388
93,1409,1502,0.1388
91,1418,1509,0.1388
86,1422,1508,0.1388
83,1422,1505,0.1388
83,1424,1507,0.1388
80,1426,1506,0.1388
80,1437,1517,0.1388
82,1439,1521,0.1388
80,1440,1520,0.1388
80,1425,1505,0.1388
80,1430,1510,0.1388
78,1427,1505,0.1388
80,1428,1508,0.1388
79,1436,1515,0.1388
79,1437,1516,0.1388
78,1436,1514,0.1388
79,1437,1516,0.1388
78,1439,1517,0.1388
81,1433,1514,0.1388
82,1423,1505,0.1388
83,1425,1508,0.1388
85,1436,1521,0.1388
81,1435,1516,0.1388
80,1431,1511,0.1388
82,1433,1515,0.1388
82,1425,1507,0.1388
83,1427,1510,0.1388
80,1433,1513,0.1388
82,1418,1500,0.1388
82,1431,1513,0.1388
79,1431,1510,0.1388
81,1421,1502,0.1388
78,1430,1508,0.1388
78,1418,1496,0.1388
78,1411,1489,0.1388
76,1423,1499,0.1388
75,1437,1512,0.1388
76,1431,1507,0.1388
78,1447,1525,0.1388
79,1441,1520,0.1388
76,1442,1518,0.1388
78,1452,1530,0.1388
76,1444,1520,0.1388
73,1451,1524,0.1388
74,1447,1521,0.1388
73,1437,1510,0.1388
74,1442,1516,0.1388
75,1441,1516,0.1388
76,1446,1522,0.1388
71,1433,1504,0.1388
70,1432,1502,0.1388
69,1443,1512,0.1388
69,1441,1510,0.1388
70,1425,1495,0.1388
70,1428,1498,0.1388
71,1442,1513,0.1388
73,1446,1519,0.1388
73,1444,1517,0.1388
74,1442,1516,0.1388
76,1440,1516,0.1388
74,1449,1523,0.1388
71,1450,1521,0.1388
69,1439,1508,0.1388
72,1430,1502,0.1388
73,1430,1503,0.1388
71,1432,1503,0.1388
70,1432,1502,0.1388
67,1439,1506,0.1388
67,1440,1507,0.1388
68,1449,1517,0.1388
68,1452,1520,0.1388
68,1461,1529,0.1388
65,1453,1518,0.1388
68,1458,1526,0.1388
70,1451,1521,0.1388
73,1451,1524,0.1388
74,1454,1528,0.1388
73,1452,1525,0.1388
73,1453,1526,0.1388
71,1450,1521,0.1388
70,1448,1518,0.1388
72,1450,1522,0.1388
68,1450,1518,0.1388
68,1441,1509,0.1388
67,1446,1513,0.1388
68,1433,1501,0.1388
66,1441,1507,0.1388
64,1461,1525,0.1388
63,1454,1517,0.1388
62,1445,1507,0.1388
59,1451,1510,0.1388
60,1462,1522,0.1388
59,1459,1518,0.1388
57,1464,1521,0.1388
57,1468,1525,0.1388
57,1465,1522,0.1388
56,1456,1512,0.1388
56,1453,1509,0.1388
56,1446,1502,0.1388
55,1444,1499,0.1388
59,1438,1497,0.1388
59,1470,1529,0.1388
57,1456,1513,0.1388
58,1459,1517,0.1388
56,1454,1510,0.1388
53,1447,1500,0.1388
49,1463,1512,0.1388
51,1461,1512,0.1388
51,1459,1510,0.1388
52,1451,1503,0.1388
51,1476,1527,0.1388
50,1482,1532,0.1388
50,1474,1524,0.1388
50,1460,1510,0.1388
49,1463,1512,0.1388
52,1459,1511,0.1388
48,1460,1508,0.1388
49,1465,1514,0.1388
49,1460,1509,0.1388
48,1461,1509,0.1388
50,1460,1510,0.1388
49,1472,1521,0.1388
49,1470,1519,0.1388
48,1459,1507,0.1388
48,1476,1524,0.1388
47,1476,1523,0.1388
47,1467,1514,0.1388
47,1473,1520,0.1388
47,1459,1506,0.1388
45,1457,1502,0.1388
45,1465,1510,0.1388
45,1472,1517,0.1388
45,1474,1519,0.1388
44,1466,1510,0.1388
45,1477,1522,0.1388
45,1488,1533,0.1388
44,1485,1529,0.1388
41,1477,1518,0.1388
41,1480,1521,0.1388
43,1478,1521,0.1388
43,1477,1520,0.1388
42,1470,1512,0.1388
40,1462,1502,0.1388
40,1462,1502,0.1388
38,1460,1498,0.1388
39,1449,1488,0.1388
40,1461,1501,0.1388
40,1455,1495,0.1388
40,1464,1504,0.1388
41,1462,1503,0.1388
40,1476,1516,0.1388
39,1469,1508,0.1388
39,1472,1511,0.1388
38,1490,1528,0.1388
37,1477,1514,0.1388
38,1466,1504,0.1388
36,1466,1502,0.1388
33,1471,1504,0.1388
32,1469,1501,0.1388
32,1471,1503,0.1388
33,1480,1513,0.1388
33,1479,1512,0.1388
33,1490,1523,0.1388
33,1498,1531,0.1388
34,1471,1505,0.1388
33,1481,1514,0.1388
32,1486,1518,0.1388
31,1470,1501,0.1388
32,1489,1521,0.1388
33,1489,1522,0.1388
34,1489,1523,0.1388
34,1496,1530,0.1388
34,1497,1531,0.1388
34,1490,1524,0.1388
33,1483,1516,0.1388
34,1496,1530,0.1388
34,1495,1529,0.1388
34,1486,1520,0.1388
34,1479,1513,0.1388
32,1489,1521,0.1388
34,1492,1526,0.1388
32,1477,1509,0.1388
32,1480,1512,0.1388
31,1487,1518,0.1388
31,1478,1509,0.1388
31,1487,1518,0.1388
29,1491,1520,0.1388
29,1488,1517,0.1388
29,1487,1516,0.1388
28,1501,1529,0.1388
26,1496,1522,0.1388
25,1493,1518,0.1388
26,1490,1516,0.1388
25,1486,1511,0.1388
25,1482,1507,0.1388
26,1487,1513,0.1388
26,1488,1514,0.1388
26,1490,1516,0.1388
26,1500,1526,0.1388
27,1495,1522,0.1388
27,1493,1520,0.1388
27,1493,1520,0.1388
27,1497,1524,0.1388
26,1501,1527,0.1388
26,1484,1510,0.1388
26,1478,1504,0.1388
25,1496,1521,0.1388
25,1491,1516,0.1388
25,1499,1524,0.1388
25,1497,1522,0.1388
25,1484,1509,0.1388
24,1476,1500,0.1388
25,1467,1492,0.1388
25,1486,1511,0.1388
27,1487,1514,0.1388
27,1490,1517,0.1388
25,1485,1510,0.1388
26,1492,1518,0.1388
23,1503,1526,0.1388
24,1487,1511,0.1388
22,1487,1509,0.1388
21,1483,1504,0.1388
22,1487,1509,0.1388
22,1501,1523,0.1388
21,1499,1520,0.1388
21,1507,1528,0.1388
21,1508,1529,0.1388
20,1506,1526,0.1388
19,1496,1515,0.1388
19,1485,1504,0.1388
18,1479,1497,0.1388
17,1483,1500,0.1388
18,1490,1508,0.1388
17,1509,1526,0.1388
17,1514,1531,0.1388
17,1505,1522,0.1388
15,1516,1531,0.1388
15,1508,1523,0.1388
14,1499,1513,0.1388
14,1497,1511,0.1388
13,1504,1517,0.1388
14,1502,1516,0.1388
12,1506,1518,0.1388
11,1508,1519,0.1388
11,1507,1518,0.1388
11,1512,1523,0.1388
11,1501,1512,0.1388
11,1490,1501,0.1388
11,1494,1505,0.1388
11,1496,1507,0.1388
10,1522,1532,0.1388
10,1515,1525,0.1388
10,1508,1518,0.1388
10,1499,1509,0.1388
9,1508,1517,0.1388
9,1503,1512,0.1388
9,1507,1516,0.1388
9,1513,1522,0.1388
8,1513,1521,0.1388
8,1508,1516,0.1388
8,1501,1509,0.1388
8,1496,1504,0.1388
7,1503,1510,0.1388
7,1507,1514,0.1388
7,1518,1525,0.1388
7,1511,1518,0.1388
7,1504,1511,0.1388
7,1495,1502,0.1388
6,1507,1513,0.1388
6,1513,1519,0.1388
6,1517,1523,0.1388
6,1507,1513,0.1388
6,1509,1515,0.1388
6,1509,1515,0.1388
6,1520,1526,0.1388
6,1501,1507,0.1388
6,1505,1511,0.1388
5,1503,1508,0.1388
5,1502,1507,0.1388
5,1503,1508,0.1388
5,1504,1509,0.1388
5,1505,1510,0.1388
5,1500,1505,0.1388
5,1488,1493,0.1388
5,1495,1500,0.1388
5,1508,1513,0.1388
5,1505,1510,0.1388
6,1509,1515,0.1388
5,1496,1501,0.1388
5,1502,1507,0.1388
5,1504,1509,0.1388
5,1519,1524,0.1388
5,1509,1514,0.1388
6,1504,1510,0.1388
6,1500,1506,0.1388
6,1505,1511,0.1388
5,1510,1515,0.1388
5,1511,1516,0.1388
5,1513,1518,0.1388
4,1514,1518,0.1388
4,1528,1532,0.1388
4,1524,1528,0.1388
4,1513,1517,0.1388
4,1523,1527,0.1388
4,1514,1518,0.1388
5,1515,1520,0.1388
5,1515,1520,0.1388
5,1513,1518,0.1388
5,1530,1535,0.1388
4,1527,1531,0.1388
4,1518,1522,0.1388
4,1514,1518,0.1388
4,1513,1517,0.1388
4,1513,1517,0.1388
4,1515,1519,0.1388
4,1507,1511,0.1388
4,1520,1524,0.1388
4,1515,1519,0.1388
4,1507,1511,0.1388
4,1502,1506,0.1388
5,1505,1510,0.1388
5,1502,1507,0.1388
5,1509,1514,0.1388
5,1515,1520,0.1388
5,1512,1517,0.1388
5,1499,1504,0.1388
5,1497,1502,0.1388
5,1495,1500,0.1388
5,1497,1502,0.1388
5,1510,1515,0.1388
4,1512,1516,0.1388
5,1515,1520,0.1388
4,1524,1528,0.1388
4,1508,1512,0.1388
3,1520,1523,0.1388
2,1516,1518,0.1388
2,1520,1522,0.1388
2,1518,1520,0.1388
2,1514,1516,0.1388
2,1526,1528,0.1388
2,1524,1526,0.1388
2,1533,1535,0.1388
2,1520,1522,0.1388
2,1522,1524,0.1388
2,1526,1528,0.1388
2,1519,1521,0.1388
2,1515,1517,0.1388
2,1502,1504,0.1388
3,1506,1509,0.1388
1,1520,1521,0.1388
1,1526,1527,0.1388
1,1525,1526,0.1388
1,1517,1518,0.1388
1,1518,1519,0.1388
1,1520,1521,0.1388
1,1513,1514,0.1388
1,1509,1510,0.1388
2,1503,1505,0.1388
2,1514,1516,0.1388
2,1504,1506,0.1388
2,1498,1500,0.1388
2,1495,1497,0.1388
2,1497,1499,0.1388
2,1508,1510,0.1388
2,1505,1507,0.1388
2,1520,1522,0.1388
2,1516,1518,0.1388
2,1514,1516,0.1388
2,1514,1516,0.1388
2,1510,1512,0.1388
2,1512,1514,0.1388
2,1510,1512,0.1388
2,1498,1500,0.1388
2,1504,1506,0.1388
2,1505,1507,0.1388
2,1503,1505,0.1388
2,1505,1507,0.1388
2,1512,1514,0.1388
1,1507,1508,0.1388
1,1513,1514,0.1388
1,1506,1507,0.1388
1,1521,1522,0.1388
2,1526,1528,0.1388
2,1513,1515,0.1388
2,1502,1504,0.1388
2,1511,1513,0.1388
2,1515,1517,0.1388
2,1522,1524,0.1388
2,1522,1524,0.1388
2,1519,1521,0.1388
2,1521,1523,0.1388
2,1515,1517,0.1388
2,1505,1507,0.1388
2,1506,1508,0.1388
2,1511,1513,0.1388
2,1514,1516,0.1388
2,1507,1509,0.1388
2,1517,1519,0.1388
2,1499,1501,0.1388
2,1500,1502,0.1388
2,1511,1513,0.1388
2,1512,1514,0.1388
2,1513,1515,0.1388
2,1524,1526,0.1388
2,1526,1528,0.1388
2,1519,1521,0.1388
2,1519,1521,0.1388
2,1515,1517,0.1388
2,1501,1503,0.1388
2,1502,1504,0.1388
2,1509,1511,0.1388
2,1514,1516,0.1388
2,1514,1516,0.1388
2,1521,1523,0.1388
2,1514,1516,0.1388
2,1526,1528,0.1388
2,1521,1523,0.1388
2,1509,1511,0.1388
2,1501,1503,0.1388
2,1503,1505,0.1388
2,1498,1500,0.1388
1,1512,1513,0.1388
1,1511,1512,0.1388
1,1516,1517,0.1388
1,1527,1528,0.1388
1,1518,1519,0.1388
1,1520,1521,0.1388
1,1516,1517,0.1388
1,1511,1512,0.1388
1,1527,1528,0.1388
1,1526,1527,0.1388
1,1523,1524,0.1388
2,1514,1516,0.1388
2,1526,1528,0.1388
2,1533,1535,0.1388
2,1528,1530,0.1388
2,1528,1530,0.1388
2,1522,1524,0.1388
2,1515,1517,0.1388
2,1516,1518,0.1388
3,1513,1516,0.1388
3,1519,1522,0.1388
1,1508,1509,0.1388
1,1511,1512,0.1388
2,1515,1517,0.1388
2,1515,1517,0.1388
2,1504,1506,0.1388
2,1505,1507,0.1388
2,1505,1507,0.1388
2,1502,1504,0.1388
3,1515,1518,0.1388
3,1522,1525,0.1388
3,1519,1522,0.1388
3,1496,1499,0.1388
3,1502,1505,0.1388
3,1500,1503,0.1388
3,1514,1517,0.1388
3,1517,1520,0.1388
3,1508,1511,0.1388
3,1510,1513,0.1388
3,1519,1522,0.1388
3,1511,1514,0.1388
2,1517,1519,0.1388
3,1514,1517,0.1388
3,1527,1530,0.1388
3,1517,1520,0.1388
3,1520,1523,0.1388
3,1521,1524,0.1388
3,1524,1527,0.1388
4,1526,1530,0.1388
4,1525,1529,0.1388
4,1510,1514,0.1388
4,1513,1517,0.1388
4,1526,1530,0.1388
4,1533,1537,0.1388
4,1533,1537,0.1388
4,1527,1531,0.1388
4,1517,1521,0.1388
4,1517,1521,0.1388
3,1522,1525,0.1388
3,1515,1518,0.1388
3,1522,1525,0.1388
2,1522,1524,0.1388
2,1506,1508,0.1388
2,1519,1521,0.1388
2,1523,1525,0.1388
2,1518,1520,0.1388
2,1510,1512,0.1388
2,1501,1503,0.1388
2,1515,1517,0.1388
2,1523,1525,0.1388
2,1511,1513,0.1388
1,1514,1515,0.1388
1,1515,1516,0.1388
1,1521,1522,0.1388
1,1507,1508,0.1388
1,1507,1508,0.1388
1,1512,1513,0.1388
1,1505,1506,0.1388
1,1514,1515,0.1388
1,1511,1512,0.1388
1,1518,1519,0.1388
1,1523,1524,0.1388
1,1524,1525,0.1388
1,1517,1518,0.1388
1,1525,1526,0.1388
1,1526,1527,0.1388
1,1520,1521,0.1388
1,1519,1520,0.1388
1,1510,1511,0.1388
1,1521,1522,0.1388
1,1522,1523,0.1388
1,1527,1528,0.1388
1,1529,1530,0.1388
1,1521,1522,0.1388
1,1525,1526,0.1388
1,1519,1520,0.1388
1,1520,1521,0.1388
1,1514,1515,0.1388
1,1513,1514,0.1388
1,1526,1527,0.1388
1,1533,1534,0.1388
1,1526,1527,0.1388
1,1524,1525,0.1388
1,1527,1528,0.1388
1,1536,1537,0.1388
1,1521,1522,0.1388
1,1518,1519,0.1388
1,1520,1521,0.1388
1,1536,1537,0.1388
1,1533,1534,0.1388
1,1531,1532,0.1388
1,1525,1526,0.1388
1,1522,1523,0.1388
1,1514,1515,0.1388
1,1509,1510,0.1388
1,1519,1520,0.1388
1,1513,1514,0.1388
1,1522,1523,0.1388
1,1526,1527,0.1388
1,1508,1509,0.1388
1,1523,1524,0.1388
1,1526,1527,0.1388
1,1516,1517,0.1388
1,1517,1518,0.1388
1,1515,1516,0.1388
1,1510,1511,0.1388
1,1509,1510,0.1388
1,1502,1503,0.1388
1,1501,1502,0.1388
1,1503,1504,0.1388
1,1509,1510,0.1388
1,1511,1512,0.1388
1,1509,1510,0.1388
1,1508,1509,0.1388
1,1518,1519,0.1388
1,1506,1507,0.1388
1,1502,1503,0.1388
1,1507,1508,0.1388
1,1516,1517,0.1388
1,1523,1524,0.1388
1,1529,1530,0.1388
1,1522,1523,0.1388
1,1522,1523,0.1388
1,1509,1510,0.1388
1,1508,1509,0.1388
1,1509,1510,0.1388
1,1509,1510,0.1388
1,1503,1504,0.1388
1,1520,1521,0.1388
1,1511,1512,0.1388
1,1522,1523,0.1388
1,1534,1535,0.1388
1,1541,1542,0.1388
1,1525,1526,0.1388
1,1525,1526,0.1388
1,1513,1514,0.1388
1,1508,1509,0.1388
1,1505,1506,0.1388
1,1502,1503,0.1388
1,1509,1510,0.1388
1,1511,1512,0.1388
1,1519,1520,0.1388
1,1515,1516,0.1388
1,1498,1499,0.1388
1,1503,1504,0.1388
1,1516,1517,0.1388
1,1504,1505,0.1388
1,1511,1512,0.1388
1,1513,1514,0.1388
1,1510,1511,0.1388
1,1514,1515,0.1388
1,1521,1522,0.1388
1,1521,1522,0.1388
1,1516,1517,0.1388
1,1533,1534,0.1388
1,1536,1537,0.1388
1,1521,1522,0.1388
1,1517,1518,0.1388
1,1524,1525,0.1388
1,1532,1533,0.1388
1,1521,1522,0.1388
1,1508,1509,0.1388
1,1520,1521,0.1388
1,1526,1527,0.1388
1,1520,1521,0.1388
1,1514,1515,0.1388
1,1514,1515,0.1388
1,1517,1518,0.1388
1,1513,1514,0.1388
1,1508,1509,0.1388
1,1526,1527,0.1388
1,1528,1529,0.1388
1,1518,1519,0.1388
1,1510,1511,0.1388
1,1517,1518,0.1388
1,1515,1516,0.1388
1,1506,1507,0.1388
1,1515,1516,0.1388
1,1518,1519,0.1388
1,1503,1504,0.1388
1,1505,1506,0.1388
1,1510,1511,0.1388
1,1518,1519,0.1388
1,1524,1525,0.1388
1,1513,1514,0.1388
1,1522,1523,0.1388
1,1536,1537,0.1388
0,1534,1534,0.1388
