1370,28,1398,0.1388
1414,27,1441,0.1388
1424,27,1451,0.1388
1436,30,1466,0.1388
1422,30,1452,0.1388
1423,28,1451,0.1388
1434,27,1461,0.1388
1441,27,1468,0.1388
1441,29,1470,0.1388
1439,30,1469,0.1388
1443,29,1472,0.1388
1444,27,1471,0.1388
1464,28,1492,0.1388
1473,27,1500,0.1388
1470,27,1497,0.1388
1472,29,1501,0.1388
1456,33,1489,0.1388
1452,33,1485,0.1388
1463,34,1497,0.1388
1447,34,1481,0.1388
1446,35,1481,0.1388
1453,35,1488,0.1388
1448,34,1482,0.1388
1447,33,1480,0.1388
1451,32,1483,0.1388
1451,32,1483,0.1388
1455,34,1489,0.1388
1460,37,1497,0.1388
1448,38,1486,0.1388
1444,36,1480,0.1388
1443,38,1481,0.1388
1454,38,1492,0.1388
1455,36,1491,0.1388
1453,38,1491,0.1388
1436,40,1476,0.1388
1435,44,1479,0.1388
1440,42,1482,0.1388
1429,43,1472,0.1388
1417,46,1463,0.1388
1427,43,1470,0.1388
1437,42,1479,0.1388
1445,42,1487,0.1388
1443,43,1486,0.1388
1449,43,1492,0.1388
1451,42,1493,0.1388
1450,43,1493,0.1388
1471,44,1515,0.1388
1455,44,1499,0.1388
1445,44,1489,0.1388
1451,44,1495,0.1388
1431,42,1473,0.1388
1434,44,1478,0.1388
1439,43,1482,0.1388
1453,38,1491,0.1388
1448,38,1486,0.1388
1450,40,1490,0.1388
1450,40,1490,0.1388
1457,42,1499,0.1388
1450,43,1493,0.1388
1448,42,1490,0.1388
1439,41,1480,0.1388
1435,42,1477,0.1388
1446,37,1483,0.1388
1441,42,1483,0.1388
1446,42,1488,0.1388
1443,44,1487,0.1388
1442,42,1484,0.1388
1433,43,1476,0.1388
1433,41,1474,0.1388
1433,41,1474,0.1388
1437,40,1477,0.1388
1441,41,1482,0.1388
1438,42,1480,0.1388
1430,43,1473,0.1388
1428,44,1472,0.1388
1425,45,1470,0.1388
1432,45,1477,0.1388
1423,46,1469,0.1388
1422,51,1473,0.1388
1442,50,1492,0.1388
1443,51,1494,0.1388
1452,52,1504,0.1388
1448,52,1500,0.1388
1449,47,1496,0.1388
1441,49,1490,0.1388
1438,48,1486,0.1388
1439,46,1485,0.1388
1436,48,1484,0.1388
1432,46,1478,0.1388
1430,45,1475,0.1388
1449,47,1496,0.1388
1442,48,1490,0.1388
1432,51,1483,0.1388
1428,52,1480,0.1388
1438,53,1491,0.1388
1439,56,1495,0.1388
1437,56,1493,0.1388
1434,57,1491,0.1388
1432,61,1493,0.1388
1429,60,1489,0.1388
1427,62,1489,0.1388
1421,65,1486,0.1388
1431,65,1496,0.1388
1433,66,1499,0.1388
1435,65,1500,0.1388
1445,67,1512,0.1388
1430,62,1492,0.1388
1431,67,1498,0.1388
1429,70,1499,0.1388
1424,73,1497,0.1388
1414,76,1490,0.1388
1431,72,1503,0.1388
1441,71,1512,0.1388
1427,69,1496,0.1388
1415,72,1487,0.1388
1413,74,1487,0.1388
1420,75,1495,0.1388
1420,77,1497,0.1388
1410,80,1490,0.1388
1421,80,1501,0.1388
1424,79,1503,0.1388
1413,80,1493,0.1388
1402,83,1485,0.1388
1399,81,1480,0.1388
1421,80,1501,0.1388
1425,83,1508,0.1388
1433,83,1516,0.1388
1415,83,1498,0.1388
1414,81,1495,0.1388
1409,79,1488,0.1388
1413,83,1496,0.1388
1415,79,1494,0.1388
1406,77,1483,0.1388
1400,81,1481,0.1388
1404,82,1486,0.1388
1401,82,1483,0.1388
1399,81,1480,0.1388
1397,81,1478,0.1388
1404,80,1484,0.1388
1408,84,1492,0.1388
1406,87,1493,0.1388
1422,86,1508,0.1388
1425,86,1511,0.1388
1426,84,1510,0.1388
1404,85,1489,0.1388
1402,86,1488,0.1388
1406,86,1492,0.1388
1395,83,1478,0.1388
1408,80,1488,0.1388
1411,77,1488,0.1388
1418,76,1494,0.1388
1420,75,1495,0.1388
1415,79,1494,0.1388
1420,83,1503,0.1388
1418,83,1501,0.1388
1416,85,1501,0.1388
1403,85,1488,0.1388
1404,87,1491,0.1388
1392,86,1478,0.1388
1395,88,1483,0.1388
1386,86,1472,0.1388
1384,89,1473,0.1388
1388,88,1476,0.1388
1399,87,1486,0.1388
1396,91,1487,0.1388
1400,92,1492,0.1388
1403,92,1495,0.1388
1411,94,1505,0.1388
1406,97,1503,0.1388
1391,97,1488,0.1388
1385,101,1486,0.1388
1390,99,1489,0.1388
1388,99,1487,0.1388
1393,98,1491,0.1388
1399,98,1497,0.1388
1389,98,1487,0.1388
1393,97,1490,0.1388
1396,98,1494,0.1388
1394,101,1495,0.1388
1408,98,1506,0.1388
1413,97,1510,0.1388
1408,98,1506,0.1388
1410,99,1509,0.1388
1393,100,1493,0.1388
1403,100,1503,0.1388
1407,99,1506,0.1388
1398,98,1496,0.1388
1393,98,1491,0.1388
1400,98,1498,0.1388
1398,102,1500,0.1388
1398,102,1500,0.1388
1390,101,1491,0.1388
1390,102,1492,0.1388
1397,101,1498,0.1388
1384,100,1484,0.1388
1372,106,1478,0.1388
1381,104,1485,0.1388
1387,103,1490,0.1388
1387,107,1494,0.1388
1378,105,1483,0.1388
1376,100,1476,0.1388
1384,107,1491,0.1388
1384,108,1492,0.1388
1377,107,1484,0.1388
1378,104,1482,0.1388
1375,108,1483,0.1388
1381,108,1489,0.1388
1374,109,1483,0.1388
1380,109,1489,0.1388
1391,109,1500,0.1388
1383,107,1490,0.1388
1373,106,1479,0.1388
1381,107,1488,0.1388
1368,107,1475,0.1388
1380,108,1488,0.1388
1387,109,1496,0.1388
1393,104,1497,0.1388
1384,104,1488,0.1388
1387,107,1494,0.1388
1380,108,1488,0.1388
1388,109,1497,0.1388
1386,108,1494,0.1388
1380,108,1488,0.1388
1388,110,1498,0.1388
1388,108,1496,0.1388
1398,107,1505,0.1388
1402,110,1512,0.1388
1392,110,1502,0.1388
1393,109,1502,0.1388
1378,108,1486,0.1388
1391,108,1499,0.1388
1379,109,1488,0.1388
1379,115,1494,0.1388
1360,118,1478,0.1388
1364,122,1486,0.1388
1378,122,1500,0.1388
1376,119,1495,0.1388
1375,120,1495,0.1388
1366,120,1486,0.1388
1353,122,1475,0.1388
1363,121,1484,0.1388
1362,126,1488,0.1388
1361,123,1484,0.1388
1364,131,1495,0.1388
1351,132,1483,0.1388
1358,132,1490,0.1388
1381,131,1512,0.1388
1382,132,1514,0.1388
1365,135,1500,0.1388
1372,133,1505,0.1388
1369,131,1500,0.1388
1367,130,1497,0.1388
1365,137,1502,0.1388
1369,138,1507,0.1388
1368,134,1502,0.1388
1351,133,1484,0.1388
1332,133,1465,0.1388
1345,133,1478,0.1388
1344,137,1481,0.1388
1343,135,1478,0.1388
1342,130,1472,0.1388
1351,133,1484,0.1388
1360,136,1496,0.1388
1363,140,1503,0.1388
1357,136,1493,0.1388
1360,135,1495,0.1388
1359,137,1496,0.1388
1350,139,1489,0.1388
1354,142,1496,0.1388
1353,140,1493,0.1388
1359,139,1498,0.1388
1339,140,1479,0.1388
1353,138,1491,0.1388
1362,140,1502,0.1388
1360,141,1501,0.1388
1376,144,1520,0.1388
1380,147,1527,0.1388
1377,144,1521,0.1388
1374,145,1519,0.1388
1380,146,1526,0.1388
1371,144,1515,0.1388
1363,147,1510,0.1388
1360,148,1508,0.1388
1359,156,1515,0.1388
1349,156,1505,0.1388
1351,155,1506,0.1388
1331,153,1484,0.1388
1342,165,1507,0.1388
1336,166,1502,0.1388
1331,165,1496,0.1388
1337,167,1504,0.1388
1332,170,1502,0.1388
1327,168,1495,0.1388
1327,165,1492,0.1388
1313,170,1483,0.1388
1325,170,1495,0.1388
1330,173,1503,0.1388
1329,167,1496,0.1388
1332,166,1498,0.1388
1321,164,1485,0.1388
1325,165,1490,0.1388
1338,165,1503,0.1388
1326,161,1487,0.1388
1331,158,1489,0.1388
1320,166,1486,0.1388
1325,168,1493,0.1388
1326,172,1498,0.1388
1342,176,1518,0.1388
1335,176,1511,0.1388
1336,174,1510,0.1388
1336,173,1509,0.1388
1339,174,1513,0.1388
1331,175,1506,0.1388
1315,174,1489,0.1388
1308,177,1485,0.1388
1305,177,1482,0.1388
1301,179,1480,0.1388
1296,178,1474,0.1388
1304,178,1482,0.1388
1325,178,1503,0.1388
1321,172,1493,0.1388
1298,167,1465,0.1388
1303,177,1480,0.1388
1306,184,1490,0.1388
1306,187,1493,0.1388
1319,183,1502,0.1388
1311,186,1497,0.1388
1310,186,1496,0.1388
1310,188,1498,0.1388
1310,192,1502,0.1388
1310,190,1500,0.1388
1307,193,1500,0.1388
1298,194,1492,0.1388
1295,193,1488,0.1388
1293,192,1485,0.1388
1283,192,1475,0.1388
1289,191,1480,0.1388
1302,193,1495,0.1388
1291,199,1490,0.1388
1285,202,1487,0.1388
1288,203,1491,0.1388
1290,200,1490,0.1388
1296,200,1496,0.1388
1301,200,1501,0.1388
1289,195,1484,0.1388
1276,197,1473,0.1388
1287,196,1483,0.1388
1288,199,1487,0.1388
1273,205,1478,0.1388
1284,205,1489,0.1388
1290,204,1494,0.1388
1291,208,1499,0.1388
1286,203,1489,0.1388
1278,207,1485,0.1388
1285,213,1498,0.1388
1281,213,1494,0.1388
1277,221,1498,0.1388
1272,223,1495,0.1388
1275,222,1497,0.1388
1284,225,1509,0.1388
1284,224,1508,0.1388
1288,221,1509,0.1388
1283,222,1505,0.1388
1270,218,1488,0.1388
1274,218,1492,0.1388
1279,224,1503,0.1388
1274,215,1489,0.1388
1267,218,1485,0.1388
1266,216,1482,0.1388
1260,219,1479,0.1388
1257,222,1479,0.1388
1256,224,1480,0.1388
1248,226,1474,0.1388
1247,225,1472,0.1388
1261,228,1489,0.1388
1263,236,1499,0.1388
1264,232,1496,0.1388
1266,234,1500,0.1388
1271,236,1507,0.1388
1267,241,1508,0.1388
1270,244,1514,0.1388
1265,245,1510,0.1388
1259,243,1502,0.1388
1246,239,1485,0.1388
1252,244,1496,0.1388
1246,242,1488,0.1388
1244,241,1485,0.1388
1264,251,1515,0.1388
1262,247,1509,0.1388
1253,249,1502,0.1388
1251,251,1502,0.1388
1244,250,1494,0.1388
1244,249,1493,0.1388
1239,252,1491,0.1388
1246,255,1501,0.1388
1248,261,1509,0.1388
1253,261,1514,0.1388
1251,261,1512,0.1388
1255,262,1517,0.1388
1245,259,1504,0.1388
1236,257,1493,0.1388
1235,258,1493,0.1388
1237,260,1497,0.1388
1243,256,1499,0.1388
1248,256,1504,0.1388
1245,258,1503,0.1388
1242,253,1495,0.1388
1240,253,1493,0.1388
1243,258,1501,0.1388
1246,260,1506,0.1388
1238,263,1501,0.1388
1238,265,1503,0.1388
1232,264,1496,0.1388
1232,260,1492,0.1388
1235,265,1500,0.1388
1235,264,1499,0.1388
1224,264,1488,0.1388
1221,273,1494,0.1388
1222,272,1494,0.1388
1218,269,1487,0.1388
1217,265,1482,0.1388
1223,265,1488,0.1388
1236,264,1500,0.1388
1236,263,1499,0.1388
1230,262,1492,0.1388
1235,256,1491,0.1388
1249,261,1510,0.1388
1251,257,1508,0.1388
1260,253,1513,0.1388
1232,250,1482,0.1388
1225,253,1478,0.1388
1224,254,1478,0.1388
1230,255,1485,0.1388
1225,258,1483,0.1388
1228,269,1497,0.1388
1228,265,1493,0.1388
1236,261,1497,0.1388
1248,259,1507,0.1388
1236,256,1492,0.1388
1243,252,1495,0.1388
1256,248,1504,0.1388
1254,254,1508,0.1388
1252,256,1508,0.1388
1247,257,1504,0.1388
1239,252,1491,0.1388
1239,248,1487,0.1388
1252,244,1496,0.1388
1246,259,1505,0.1388
1247,258,1505,0.1388
1242,257,1499,0.1388
1252,260,1512,0.1388
1241,263,1504,0.1388
1236,263,1499,0.1388
1237,262,1499,0.1388
1229,263,1492,0.1388
1227,266,1493,0.1388
1231,269,1500,0.1388
1223,266,1489,0.1388
1219,261,1480,0.1388
1214,266,1480,0.1388
1222,266,1488,0.1388
1224,269,1493,0.1388
1215,270,1485,0.1388
1230,272,1502,0.1388
1231,270,1501,0.1388
1227,274,1501,0.1388
1225,273,1498,0.1388
1221,271,1492,0.1388
1224,271,1495,0.1388
1211,269,1480,0.1388
1214,275,1489,0.1388
1218,275,1493,0.1388
1227,279,1506,0.1388
1224,274,1498,0.1388
1221,268,1489,0.1388
1224,262,1486,0.1388
1233,262,1495,0.1388
1229,260,1489,0.1388
1220,263,1483,0.1388
1232,264,1496,0.1388
1237,266,1503,0.1388
1246,256,1502,0.1388
1241,259,1500,0.1388
1224,266,1490,0.1388
1214,270,1484,0.1388
1211,269,1480,0.1388
1218,268,1486,0.1388
1215,270,1485,0.1388
1222,274,1496,0.1388
1221,273,1494,0.1388
1221,274,1495,0.1388
1221,277,1498,0.1388
1225,275,1500,0.1388
1234,273,1507,0.1388
1238,276,1514,0.1388
1230,280,1510,0.1388
1224,288,1512,0.1388
1220,280,1500,0.1388
1231,279,1510,0.1388
1218,277,1495,0.1388
1223,278,1501,0.1388
1224,278,1502,0.1388
1233,283,1516,0.1388
1231,282,1513,0.1388
1217,280,1497,0.1388
1217,282,1499,0.1388
1222,286,1508,0.1388
1223,288,1511,0.1388
1224,286,1510,0.1388
1216,284,1500,0.1388
1208,287,1495,0.1388
1211,286,1497,0.1388
1202,287,1489,0.1388
1210,288,1498,0.1388
1212,287,1499,0.1388
1208,281,1489,0.1388
1224,284,1508,0.1388
1217,289,1506,0.1388
1207,290,1497,0.1388
1197,290,1487,0.1388
1207,286,1493,0.1388
1202,280,1482,0.1388
1183,285,1468,0.1388
1184,287,1471,0.1388
1196,286,1482,0.1388
1200,286,1486,0.1388
1196,292,1488,0.1388
1204,290,1494,0.1388
1216,285,1501,0.1388
1202,286,1488,0.1388
1210,286,1496,0.1388
1212,277,1489,0.1388
1208,275,1483,0.1388
1202,278,1480,0.1388
1205,276,1481,0.1388
1208,279,1487,0.1388
1198,287,1485,0.1388
1205,286,1491,0.1388
1196,285,1481,0.1388
1190,289,1479,0.1388
1206,288,1494,0.1388
1216,280,1496,0.1388
1220,278,1498,0.1388
1225,283,1508,0.1388
1218,282,1500,0.1388
1229,283,1512,0.1388
1221,280,1501,0.1388
1213,284,1497,0.1388
1221,288,1509,0.1388
1221,283,1504,0.1388
1212,281,1493,0.1388
1222,279,1501,0.1388
1218,282,1500,0.1388
1202,277,1479,0.1388
1210,284,1494,0.1388
1220,276,1496,0.1388
1224,277,1501,0.1388
1215,280,1495,0.1388
1217,280,1497,0.1388
1210,285,1495,0.1388
1211,297,1508,0.1388
1213,295,1508,0.1388
1209,290,1499,0.1388
1212,294,1506,0.1388
1208,294,1502,0.1388
1204,303,1507,0.1388
1199,298,1497,0.1388
1202,306,1508,0.1388
1185,309,1494,0.1388
1185,313,1498,0.1388
1184,316,1500,0.1388
1184,316,1500,0.1388
1185,308,1493,0.1388
1178,315,1493,0.1388
1172,314,1486,0.1388
1174,322,1496,0.1388
1177,324,1501,0.1388
1173,321,1494,0.1388
1177,327,1504,0.1388
1177,327,1504,0.1388
1176,331,1507,0.1388
1178,329,1507,0.1388
1166,334,1500,0.1388
1178,333,1511,0.1388
1163,330,1493,0.1388
1161,335,1496,0.1388
1159,343,1502,0.1388
1158,338,1496,0.1388
1163,334,1497,0.1388
1152,337,1489,0.1388
1155,340,1495,0.1388
1155,348,1503,0.1388
1156,346,1502,0.1388
1152,344,1496,0.1388
1140,343,1483,0.1388
1140,343,1483,0.1388
1135,339,1474,0.1388
1139,343,1482,0.1388
1158,345,1503,0.1388
1161,347,1508,0.1388
1157,345,1502,0.1388
1156,347,1503,0.1388
1151,345,1496,0.1388
1158,354,1512,0.1388
1163,359,1522,0.1388
1160,359,1519,0.1388
1159,361,1520,0.1388
1142,355,1497,0.1388
1141,351,1492,0.1388
1142,352,1494,0.1388
1140,350,1490,0.1388
1159,348,1507,0.1388
1165,346,1511,0.1388
1162,346,1508,0.1388
1163,341,1504,0.1388
1155,340,1495,0.1388
1146,345,1491,0.1388
1151,346,1497,0.1388
1142,352,1494,0.1388
1152,347,1499,0.1388
1153,349,1502,0.1388
1136,354,1490,0.1388
1133,358,1491,0.1388
1142,360,1502,0.1388
1142,357,1499,0.1388
1138,355,1493,0.1388
1139,353,1492,0.1388
1157,351,1508,0.1388
1165,356,1521,0.1388
1153,355,1508,0.1388
1150,356,1506,0.1388
1145,355,1500,0.1388
1154,358,1512,0.1388
1156,359,1515,0.1388
1141,358,1499,0.1388
1136,354,1490,0.1388
1148,356,1504,0.1388
1150,356,1506,0.1388
1143,363,1506,0.1388
1140,368,1508,0.1388
1137,367,1504,0.1388
1142,367,1509,0.1388
1150,365,1515,0.1388
1142,366,1508,0.1388
1143,364,1507,0.1388
1136,365,1501,0.1388
1137,363,1500,0.1388
1134,361,1495,0.1388
1140,359,1499,0.1388
1142,357,1499,0.1388
1149,358,1507,0.1388
1154,353,1507,0.1388
1146,351,1497,0.1388
1153,356,1509,0.1388
1148,355,1503,0.1388
1138,354,1492,0.1388
1142,359,1501,0.1388
1139,355,1494,0.1388
1143,363,1506,0.1388
1145,371,1516,0.1388
1140,366,1506,0.1388
1125,361,1486,0.1388
1133,365,1498,0.1388
1130,365,1495,0.1388
1130,364,1494,0.1388
1129,370,1499,0.1388
1125,378,1503,0.1388
1122,370,1492,0.1388
1115,371,1486,0.1388
1121,369,1490,0.1388
1116,370,1486,0.1388
1130,372,1502,0.1388
1131,379,1510,0.1388
1130,383,1513,0.1388
1133,379,1512,0.1388
1124,380,1504,0.1388
1131,378,1509,0.1388
1125,372,1497,0.1388
1121,371,1492,0.1388
1129,376,1505,0.1388
1131,370,1501,0.1388
1145,372,1517,0.1388
1130,376,1506,0.1388
1115,373,1488,0.1388
1129,373,1502,0.1388
1121,377,1498,0.1388
1115,380,1495,0.1388
1112,388,1500,0.1388
1120,383,1503,0.1388
1129,381,1510,0.1388
1130,382,1512,0.1388
1125,382,1507,0.1388
1130,375,1505,0.1388
1137,378,1515,0.1388
1137,381,1518,0.1388
1117,380,1497,0.1388
1115,385,1500,0.1388
1120,377,1497,0.1388
1113,375,1488,0.1388
1114,378,1492,0.1388
1113,385,1498,0.1388
1117,381,1498,0.1388
1116,383,1499,0.1388
1108,383,1491,0.1388
1113,386,1499,0.1388
1118,383,1501,0.1388
1118,385,1503,0.1388
1115,390,1505,0.1388
1108,389,1497,0.1388
1107,387,1494,0.1388
1094,391,1485,0.1388
1104,391,1495,0.1388
1107,389,1496,0.1388
1104,395,1499,0.1388
1107,397,1504,0.1388
1101,390,1491,0.1388
1089,393,1482,0.1388
1091,398,1489,0.1388
1105,399,1504,0.1388
1098,398,1496,0.1388
1102,393,1495,0.1388
1098,396,1494,0.1388
1097,400,1497,0.1388
1097,399,1496,0.1388
1094,392,1486,0.1388
1102,395,1497,0.1388
1109,400,1509,0.1388
1106,398,1504,0.1388
1107,404,1511,0.1388
1099,402,1501,0.1388
1102,400,1502,0.1388
1112,392,1504,0.1388
1110,397,1507,0.1388
1116,393,1509,0.1388
1113,395,1508,0.1388
1108,398,1506,0.1388
1114,402,1516,0.1388
1115,398,1513,0.1388
1104,393,1497,0.1388
1103,386,1489,0.1388
1117,391,1508,0.1388
1110,387,1497,0.1388
1111,393,1504,0.1388
1103,391,1494,0.1388
1105,394,1499,0.1388
1102,401,1503,0.1388
1098,404,1502,0.1388
1109,398,1507,0.1388
1118,392,1510,0.1388
1113,392,1505,0.1388
1106,404,1510,0.1388
1105,405,1510,0.1388
1092,408,1500,0.1388
1093,407,1500,0.1388
1097,406,1503,0.1388
1097,401,1498,0.1388
1102,409,1511,0.1388
1093,413,1506,0.1388
1076,414,1490,0.1388
1080,421,1501,0.1388
1078,419,1497,0.1388
1075,422,1497,0.1388
1068,427,1495,0.1388
1078,431,1509,0.1388
1072,431,1503,0.1388
1073,432,1505,0.1388
1072,425,1497,0.1388
1063,420,1483,0.1388
1079,417,1496,0.1388
1086,420,1506,0.1388
1070,420,1490,0.1388
1080,421,1501,0.1388
1082,422,1504,0.1388
1068,426,1494,0.1388
1069,419,1488,0.1388
1069,420,1489,0.1388
1065,425,1490,0.1388
1076,430,1506,0.1388
1066,426,1492,0.1388
1070,429,1499,0.1388
1086,427,1513,0.1388
1092,427,1519,0.1388
1076,429,1505,0.1388
1058,429,1487,0.1388
1059,434,1493,0.1388
1059,439,1498,0.1388
1063,440,1503,0.1388
1057,440,1497,0.1388
1061,438,1499,0.1388
1060,447,1507,0.1388
1052,449,1501,0.1388
1047,450,1497,0.1388
1033,458,1491,0.1388
1040,460,1500,0.1388
1043,471,1514,0.1388
1044,470,1514,0.1388
1041,465,1506,0.1388
1029,469,1498,0.1388
1026,472,1498,0.1388
1040,473,1513,0.1388
1051,472,1523,0.1388
1048,473,1521,0.1388
1035,471,1506,0.1388
1030,468,1498,0.1388
1033,473,1506,0.1388
1043,476,1519,0.1388
1025,474,1499,0.1388
1022,467,1489,0.1388
1021,467,1488,0.1388
1023,470,1493,0.1388
1028,475,1503,0.1388
1028,468,1496,0.1388
1026,471,1497,0.1388
1034,472,1506,0.1388
1023,472,1495,0.1388
1020,471,1491,0.1388
1021,475,1496,0.1388
1021,469,1490,0.1388
1020,471,1491,0.1388
1017,475,1492,0.1388
1015,476,1491,0.1388
1015,475,1490,0.1388
1027,477,1504,0.1388
1018,480,1498,0.1388
1019,484,1503,0.1388
1018,489,1507,0.1388
1021,480,1501,0.1388
1013,478,1491,0.1388
1003,483,1486,0.1388
1008,482,1490,0.1388
1008,485,1493,0.1388
1017,485,1502,0.1388
1020,485,1505,0.1388
1010,486,1496,0.1388
1023,488,1511,0.1388
1029,485,1514,0.1388
1026,480,1506,0.1388
1012,491,1503,0.1388
1012,501,1513,0.1388
1009,501,1510,0.1388
1007,498,1505,0.1388
1005,503,1508,0.1388
1004,506,1510,0.1388
1011,501,1512,0.1388
1011,509,1520,0.1388
999,520,1519,0.1388
1000,518,1518,0.1388
1003,515,1518,0.1388
1002,517,1519,0.1388
994,521,1515,0.1388
992,524,1516,0.1388
986,524,1510,0.1388
990,523,1513,0.1388
999,520,1519,0.1388
1002,520,1522,0.1388
994,515,1509,0.1388
989,509,1498,0.1388
1003,514,1517,0.1388
1001,509,1510,0.1388
1007,505,1512,0.1388
1003,505,1508,0.1388
998,502,1500,0.1388
998,507,1505,0.1388
994,502,1496,0.1388
989,501,1490,0.1388
975,512,1487,0.1388
983,509,1492,0.1388
989,515,1504,0.1388
979,517,1496,0.1388
981,518,1499,0.1388
981,528,1509,0.1388
979,524,1503,0.1388
971,529,1500,0.1388
970,535,1505,0.1388
967,531,1498,0.1388
974,527,1501,0.1388
973,526,1499,0.1388
977,532,1509,0.1388
969,531,1500,0.1388
977,531,1508,0.1388
988,524,1512,0.1388
984,526,1510,0.1388
987,515,1502,0.1388
993,512,1505,0.1388
995,518,1513,0.1388
991,515,1506,0.1388
981,517,1498,0.1388
981,515,1496,0.1388
983,516,1499,0.1388
986,522,1508,0.1388
978,527,1505,0.1388
985,526,1511,0.1388
983,524,1507,0.1388
977,523,1500,0.1388
978,529,1507,0.1388
979,533,1512,0.1388
984,525,1509,0.1388
980,520,1500,0.1388
980,525,1505,0.1388
976,527,1503,0.1388
971,529,1500,0.1388
979,524,1503,0.1388
987,522,1509,0.1388
970,521,1491,0.1388
971,522,1493,0.1388
979,519,1498,0.1388
977,526,1503,0.1388
975,522,1497,0.1388
962,525,1487,0.1388
958,524,1482,0.1388
961,523,1484,0.1388
964,530,1494,0.1388
961,535,1496,0.1388
960,535,1495,0.1388
961,526,1487,0.1388
965,536,1501,0.1388
961,544,1505,0.1388
964,545,1509,0.1388
961,541,1502,0.1388
958,542,1500,0.1388
957,538,1495,0.1388
959,544,1503,0.1388
959,555,1514,0.1388
961,551,1512,0.1388
966,550,1516,0.1388
963,553,1516,0.1388
957,559,1516,0.1388
961,561,1522,0.1388
954,559,1513,0.1388
950,563,1513,0.1388
943,554,1497,0.1388
942,557,1499,0.1388
938,560,1498,0.1388
936,564,1500,0.1388
929,560,1489,0.1388
928,561,1489,0.1388
925,556,1481,0.1388
934,560,1494,0.1388
931,565,1496,0.1388
928,577,1505,0.1388
926,568,1494,0.1388
927,575,1502,0.1388
922,568,1490,0.1388
922,561,1483,0.1388
926,567,1493,0.1388
924,572,1496,0.1388
929,573,1502,0.1388
926,581,1507,0.1388
919,580,1499,0.1388
914,584,1498,0.1388
911,582,1493,0.1388
908,575,1483,0.1388
915,583,1498,0.1388
917,590,1507,0.1388
912,584,1496,0.1388
914,583,1497,0.1388
916,594,1510,0.1388
911,596,1507,0.1388
917,598,1515,0.1388
913,593,1506,0.1388
904,603,1507,0.1388
899,602,1501,0.1388
903,607,1510,0.1388
900,608,1508,0.1388
890,604,1494,0.1388
879,605,1484,0.1388
886,611,1497,0.1388
886,606,1492,0.1388
887,610,1497,0.1388
896,609,1505,0.1388
898,616,1514,0.1388
894,620,1514,0.1388
892,615,1507,0.1388
889,620,1509,0.1388
879,624,1503,0.1388
889,627,1516,0.1388
886,624,1510,0.1388
886,628,1514,0.1388
879,623,1502,0.1388
875,624,1499,0.1388
880,616,1496,0.1388
883,621,1504,0.1388
886,624,1510,0.1388
885,616,1501,0.1388
875,623,1498,0.1388
875,618,1493,0.1388
884,618,1502,0.1388
876,621,1497,0.1388
878,626,1504,0.1388
884,628,1512,0.1388
882,632,1514,0.1388
887,631,1518,0.1388
893,629,1522,0.1388
886,636,1522,0.1388
883,633,1516,0.1388
884,625,1509,0.1388
876,626,1502,0.1388
875,626,1501,0.1388
876,629,1505,0.1388
872,634,1506,0.1388
885,635,1520,0.1388
878,627,1505,0.1388
866,625,1491,0.1388
876,629,1505,0.1388
874,620,1494,0.1388
883,629,1512,0.1388
886,637,1523,0.1388
875,636,1511,0.1388
863,638,1501,0.1388
858,633,1491,0.1388
859,627,1486,0.1388
869,627,1496,0.1388
868,628,1496,0.1388
868,619,1487,0.1388
880,623,1503,0.1388
885,630,1515,0.1388
887,628,1515,0.1388
873,621,1494,0.1388
865,633,1498,0.1388
873,637,1510,0.1388
874,637,1511,0.1388
871,640,1511,0.1388
870,647,1517,0.1388
873,648,1521,0.1388
874,651,1525,0.1388
875,659,1534,0.1388
872,664,1536,0.1388
858,649,1507,0.1388
857,645,1502,0.1388
859,646,1505,0.1388
851,642,1493,0.1388
852,640,1492,0.1388
856,644,1500,0.1388
854,650,1504,0.1388
848,648,1496,0.1388
841,653,1494,0.1388
845,653,1498,0.1388
847,656,1503,0.1388
840,662,1502,0.1388
839,663,1502,0.1388
856,664,1520,0.1388
848,665,1513,0.1388
839,662,1501,0.1388
821,659,1480,0.1388
830,660,1490,0.1388
828,662,1490,0.1388
838,652,1490,0.1388
834,650,1484,0.1388
848,653,1501,0.1388
851,659,1510,0.1388
850,665,1515,0.1388
847,664,1511,0.1388
845,667,1512,0.1388
844,667,1511,0.1388
836,666,1502,0.1388
848,663,1511,0.1388
832,661,1493,0.1388
837,665,1502,0.1388
836,662,1498,0.1388
850,654,1504,0.1388
849,661,1510,0.1388
842,664,1506,0.1388
828,662,1490,0.1388
834,671,1505,0.1388
836,676,1512,0.1388
837,667,1504,0.1388
837,666,1503,0.1388
844,672,1516,0.1388
839,672,1511,0.1388
838,677,1515,0.1388
831,674,1505,0.1388
818,676,1494,0.1388
820,687,1507,0.1388
829,695,1524,0.1388
822,703,1525,0.1388
814,696,1510,0.1388
806,700,1506,0.1388
804,694,1498,0.1388
803,691,1494,0.1388
799,697,1496,0.1388
781,697,1478,0.1388
782,697,1479,0.1388
788,694,1482,0.1388
796,701,1497,0.1388
790,705,1495,0.1388
791,702,1493,0.1388
789,699,1488,0.1388
781,701,1482,0.1388
775,700,1475,0.1388
784,698,1482,0.1388
781,708,1489,0.1388
794,708,1502,0.1388
785,713,1498,0.1388
779,718,1497,0.1388
788,718,1506,0.1388
785,719,1504,0.1388
789,721,1510,0.1388
784,725,1509,0.1388
783,720,1503,0.1388
785,718,1503,0.1388
782,730,1512,0.1388
781,721,1502,0.1388
782,736,1518,0.1388
774,721,1495,0.1388
772,727,1499,0.1388
779,732,1511,0.1388
769,738,1507,0.1388
762,736,1498,0.1388
760,735,1495,0.1388
769,736,1505,0.1388
767,741,1508,0.1388
758,747,1505,0.1388
745,748,1493,0.1388
742,760,1502,0.1388
748,756,1504,0.1388
751,768,1519,0.1388
746,762,1508,0.1388
743,755,1498,0.1388
744,756,1500,0.1388
749,763,1512,0.1388
740,762,1502,0.1388
736,753,1489,0.1388
739,753,1492,0.1388
744,756,1500,0.1388
754,761,1515,0.1388
752,763,1515,0.1388
748,761,1509,0.1388
739,756,1495,0.1388
742,755,1497,0.1388
737,758,1495,0.1388
733,764,1497,0.1388
725,776,1501,0.1388
729,771,1500,0.1388
727,767,1494,0.1388
730,778,1508,0.1388
736,773,1509,0.1388
731,767,1498,0.1388
721,778,1499,0.1388
728,774,1502,0.1388
723,777,1500,0.1388
724,776,1500,0.1388
730,779,1509,0.1388
724,778,1502,0.1388
720,789,1509,0.1388
722,786,1508,0.1388
729,782,1511,0.1388
721,782,1503,0.1388
721,779,1500,0.1388
722,788,1510,0.1388
705,792,1497,0.1388
709,792,1501,0.1388
710,798,1508,0.1388
713,799,1512,0.1388
709,802,1511,0.1388
703,805,1508,0.1388
712,795,1507,0.1388
712,796,1508,0.1388
706,798,1504,0.1388
706,797,1503,0.1388
704,787,1491,0.1388
695,789,1484,0.1388
697,800,1497,0.1388
698,796,1494,0.1388
696,801,1497,0.1388
712,800,1512,0.1388
711,790,1501,0.1388
709,786,1495,0.1388
715,787,1502,0.1388
711,799,1510,0.1388
703,805,1508,0.1388
697,811,1508,0.1388
684,807,1491,0.1388
690,805,1495,0.1388
699,810,1509,0.1388
701,810,1511,0.1388
700,812,1512,0.1388
703,804,1507,0.1388
705,809,1514,0.1388
701,806,1507,0.1388
707,808,1515,0.1388
706,801,1507,0.1388
687,814,1501,0.1388
690,827,1517,0.1388
686,819,1505,0.1388
693,810,1503,0.1388
699,804,1503,0.1388
694,815,1509,0.1388
689,814,1503,0.1388
692,808,1500,0.1388
679,803,1482,0.1388
687,808,1495,0.1388
677,807,1484,0.1388
678,800,1478,0.1388
679,803,1482,0.1388
692,799,1491,0.1388
698,795,1493,0.1388
698,805,1503,0.1388
702,796,1498,0.1388
697,790,1487,0.1388
695,796,1491,0.1388
691,806,1497,0.1388
692,818,1510,0.1388
693,824,1517,0.1388
691,819,1510,0.1388
699,810,1509,0.1388
698,815,1513,0.1388
700,815,1515,0.1388
703,816,1519,0.1388
701,807,1508,0.1388
697,809,1506,0.1388
695,816,1511,0.1388
687,818,1505,0.1388
697,820,1517,0.1388
698,823,1521,0.1388
694,815,1509,0.1388
680,811,1491,0.1388
665,824,1489,0.1388
671,832,1503,0.1388
666,838,1504,0.1388
665,840,1505,0.1388
669,833,1502,0.1388
668,841,1509,0.1388
677,836,1513,0.1388
668,832,1500,0.1388
667,838,1505,0.1388
675,833,1508,0.1388
670,836,1506,0.1388
667,829,1496,0.1388
674,830,1504,0.1388
674,839,1513,0.1388
671,846,1517,0.1388
671,851,1522,0.1388
675,856,1531,0.1388
672,845,1517,0.1388
670,836,1506,0.1388
674,839,1513,0.1388
672,828,1500,0.1388
667,852,1519,0.1388
669,842,1511,0.1388
664,844,1508,0.1388
660,847,1507,0.1388
665,849,1514,0.1388
664,856,1520,0.1388
663,856,1519,0.1388
650,850,1500,0.1388
653,858,1511,0.1388
649,852,1501,0.1388
656,850,1506,0.1388
667,852,1519,0.1388
665,866,1531,0.1388
661,871,1532,0.1388
655,856,1511,0.1388
654,852,1506,0.1388
657,850,1507,0.1388
657,855,1512,0.1388
652,857,1509,0.1388
653,848,1501,0.1388
650,858,1508,0.1388
648,858,1506,0.1388
645,868,1513,0.1388
651,872,1523,0.1388
642,866,1508,0.1388
641,870,1511,0.1388
637,863,1500,0.1388
649,867,1516,0.1388
646,870,1516,0.1388
638,870,1508,0.1388
627,880,1507,0.1388
624,874,1498,0.1388
626,882,1508,0.1388
627,882,1509,0.1388
623,884,1507,0.1388
632,881,1513,0.1388
627,887,1514,0.1388
630,874,1504,0.1388
628,872,1500,0.1388
632,881,1513,0.1388
631,879,1510,0.1388
618,877,1495,0.1388
622,877,1499,0.1388
619,872,1491,0.1388
618,881,1499,0.1388
615,899,1514,0.1388
618,887,1505,0.1388
623,877,1500,0.1388
620,878,1498,0.1388
627,879,1506,0.1388
624,879,1503,0.1388
618,882,1500,0.1388
622,889,1511,0.1388
616,893,1509,0.1388
622,889,1511,0.1388
607,888,1495,0.1388
609,887,1496,0.1388
615,899,1514,0.1388
615,897,1512,0.1388
613,894,1507,0.1388
606,901,1507,0.1388
602,896,1498,0.1388
596,898,1494,0.1388
605,901,1506,0.1388
605,902,1507,0.1388
606,905,1511,0.1388
612,900,1512,0.1388
608,907,1515,0.1388
612,917,1529,0.1388
610,902,1512,0.1388
602,910,1512,0.1388
602,906,1508,0.1388
602,912,1514,0.1388
601,910,1511,0.1388
608,900,1508,0.1388
608,896,1504,0.1388
606,877,1483,0.1388
594,891,1485,0.1388
586,897,1483,0.1388
598,905,1503,0.1388
595,913,1508,0.1388
591,916,1507,0.1388
581,916,1497,0.1388
583,927,1510,0.1388
587,940,1527,0.1388
581,934,1515,0.1388
574,943,1517,0.1388
583,936,1519,0.1388
575,928,1503,0.1388
577,923,1500,0.1388
581,926,1507,0.1388
574,931,1505,0.1388
567,936,1503,0.1388
565,934,1499,0.1388
574,937,1511,0.1388
572,941,1513,0.1388
569,938,1507,0.1388
572,936,1508,0.1388
575,948,1523,0.1388
566,947,1513,0.1388
553,943,1496,0.1388
551,956,1507,0.1388
549,950,1499,0.1388
553,959,1512,0.1388
554,957,1511,0.1388
551,957,1508,0.1388
539,966,1505,0.1388
545,964,1509,0.1388
546,967,1513,0.1388
546,973,1519,0.1388
544,967,1511,0.1388
545,978,1523,0.1388
541,979,1520,0.1388
538,977,1515,0.1388
537,978,1515,0.1388
539,979,1518,0.1388
541,978,1519,0.1388
536,971,1507,0.1388
534,967,1501,0.1388
529,981,1510,0.1388
535,982,1517,0.1388
534,982,1516,0.1388
529,986,1515,0.1388
519,979,1498,0.1388
534,983,1517,0.1388
535,978,1513,0.1388
527,973,1500,0.1388
523,986,1509,0.1388
519,991,1510,0.1388
525,989,1514,0.1388
520,993,1513,0.1388
505,997,1502,0.1388
504,995,1499,0.1388
510,999,1509,0.1388
513,1002,1515,0.1388
508,1006,1514,0.1388
508,1001,1509,0.1388
502,1003,1505,0.1388
496,1017,1513,0.1388
494,1005,1499,0.1388
494,1010,1504,0.1388
489,1015,1504,0.1388
486,1023,1509,0.1388
484,1023,1507,0.1388
482,1022,1504,0.1388
493,1019,1512,0.1388
488,1016,1504,0.1388
481,1023,1504,0.1388
481,1027,1508,0.1388
479,1031,1510,0.1388
478,1023,1501,0.1388
481,1038,1519,0.1388
478,1047,1525,0.1388
481,1047,1528,0.1388
476,1038,1514,0.1388
471,1048,1519,0.1388
479,1051,1530,0.1388
473,1051,1524,0.1388
470,1044,1514,0.1388
470,1040,1510,0.1388
473,1044,1517,0.1388
475,1039,1514,0.1388
470,1038,1508,0.1388
472,1034,1506,0.1388
469,1028,1497,0.1388
472,1029,1501,0.1388
473,1040,1513,0.1388
467,1034,1501,0.1388
464,1045,1509,0.1388
469,1051,1520,0.1388
468,1043,1511,0.1388
467,1039,1506,0.1388
472,1035,1507,0.1388
468,1043,1511,0.1388
465,1051,1516,0.1388
466,1045,1511,0.1388
470,1038,1508,0.1388
465,1055,1520,0.1388
460,1055,1515,0.1388
461,1056,1517,0.1388
459,1051,1510,0.1388
459,1046,1505,0.1388
456,1051,1507,0.1388
448,1057,1505,0.1388
449,1054,1503,0.1388
454,1055,1509,0.1388
454,1058,1512,0.1388
449,1044,1493,0.1388
446,1046,1492,0.1388
448,1051,1499,0.1388
449,1057,1506,0.1388
454,1058,1512,0.1388
453,1060,1513,0.1388
450,1055,1505,0.1388
450,1065,1515,0.1388
451,1064,1515,0.1388
455,1068,1523,0.1388
454,1070,1524,0.1388
461,1068,1529,0.1388
457,1065,1522,0.1388
454,1059,1513,0.1388
454,1064,1518,0.1388
444,1056,1500,0.1388
448,1066,1514,0.1388
444,1056,1500,0.1388
448,1062,1510,0.1388
457,1043,1500,0.1388
467,1048,1515,0.1388
460,1047,1507,0.1388
465,1050,1515,0.1388
458,1042,1500,0.1388
447,1042,1489,0.1388
457,1043,1500,0.1388
450,1049,1499,0.1388
451,1052,1503,0.1388
460,1058,1518,0.1388
454,1058,1512,0.1388
454,1059,1513,0.1388
460,1059,1519,0.1388
452,1053,1505,0.1388
446,1063,1509,0.1388
445,1074,1519,0.1388
444,1061,1505,0.1388
440,1069,1509,0.1388
435,1067,1502,0.1388
429,1068,1497,0.1388
433,1064,1497,0.1388
434,1079,1513,0.1388
435,1077,1512,0.1388
434,1088,1522,0.1388
442,1071,1513,0.1388
441,1065,1506,0.1388
431,1071,1502,0.1388
429,1070,1499,0.1388
424,1072,1496,0.1388
432,1082,1514,0.1388
422,1088,1510,0.1388
425,1086,1511,0.1388
424,1080,1504,0.1388
427,1086,1513,0.1388
435,1073,1508,0.1388
430,1082,1512,0.1388
437,1078,1515,0.1388
439,1079,1518,0.1388
437,1076,1513,0.1388
435,1078,1513,0.1388
437,1074,1511,0.1388
443,1068,1511,0.1388
445,1069,1514,0.1388
442,1078,1520,0.1388
436,1076,1512,0.1388
434,1087,1521,0.1388
432,1078,1510,0.1388
432,1081,1513,0.1388
429,1081,1510,0.1388
421,1084,1505,0.1388
424,1089,1513,0.1388
426,1090,1516,0.1388
428,1090,1518,0.1388
424,1090,1514,0.1388
425,1084,1509,0.1388
431,1089,1520,0.1388
433,1082,1515,0.1388
433,1074,1507,0.1388
440,1079,1519,0.1388
433,1079,1512,0.1388
428,1072,1500,0.1388
421,1064,1485,0.1388
417,1064,1481,0.1388
423,1073,1496,0.1388
424,1060,1484,0.1388
419,1070,1489,0.1388
417,1072,1489,0.1388
414,1094,1508,0.1388
418,1102,1520,0.1388
410,1110,1520,0.1388
408,1109,1517,0.1388
412,1106,1518,0.1388
403,1109,1512,0.1388
402,1105,1507,0.1388
396,1118,1514,0.1388
403,1118,1521,0.1388
397,1111,1508,0.1388
397,1116,1513,0.1388
398,1122,1520,0.1388
397,1115,1512,0.1388
397,1109,1506,0.1388
393,1113,1506,0.1388
384,1109,1493,0.1388
383,1108,1491,0.1388
380,1136,1516,0.1388
374,1138,1512,0.1388
372,1131,1503,0.1388
379,1131,1510,0.1388
386,1134,1520,0.1388
382,1147,1529,0.1388
386,1121,1507,0.1388
383,1121,1504,0.1388
381,1114,1495,0.1388
375,1118,1493,0.1388
375,1134,1509,0.1388
371,1143,1514,0.1388
368,1143,1511,0.1388
368,1140,1508,0.1388
373,1143,1516,0.1388
368,1149,1517,0.1388
362,1148,1510,0.1388
359,1167,1526,0.1388
359,1168,1527,0.1388
355,1150,1505,0.1388
348,1154,1502,0.1388
342,1149,1491,0.1388
338,1149,1487,0.1388
336,1149,1485,0.1388
343,1164,1507,0.1388
342,1162,1504,0.1388
331,1157,1488,0.1388
329,1171,1500,0.1388
331,1171,1502,0.1388
335,1168,1503,0.1388
337,1175,1512,0.1388
334,1176,1510,0.1388
336,1169,1505,0.1388
333,1184,1517,0.1388
328,1176,1504,0.1388
327,1176,1503,0.1388
326,1188,1514,0.1388
326,1189,1515,0.1388
326,1187,1513,0.1388
325,1182,1507,0.1388
329,1184,1513,0.1388
334,1182,1516,0.1388
330,1166,1496,0.1388
329,1168,1497,0.1388
328,1179,1507,0.1388
323,1200,1523,0.1388
324,1196,1520,0.1388
322,1182,1504,0.1388
320,1176,1496,0.1388
317,1178,1495,0.1388
314,1186,1500,0.1388
318,1184,1502,0.1388
316,1192,1508,0.1388
313,1193,1506,0.1388
313,1197,1510,0.1388
310,1210,1520,0.1388
309,1210,1519,0.1388
303,1215,1518,0.1388
305,1219,1524,0.1388
301,1210,1511,0.1388
308,1205,1513,0.1388
309,1208,1517,0.1388
308,1210,1518,0.1388
303,1208,1511,0.1388
302,1207,1509,0.1388
306,1216,1522,0.1388
305,1215,1520,0.1388
308,1211,1519,0.1388
298,1199,1497,0.1388
305,1207,1512,0.1388
301,1208,1509,0.1388
307,1212,1519,0.1388
303,1217,1520,0.1388
296,1211,1507,0.1388
289,1192,1481,0.1388
295,1201,1496,0.1388
297,1207,1504,0.1388
297,1207,1504,0.1388
292,1205,1497,0.1388
289,1208,1497,0.1388
289,1223,1512,0.1388
290,1218,1508,0.1388
286,1217,1503,0.1388
285,1224,1509,0.1388
279,1210,1489,0.1388
276,1225,1501,0.1388
283,1223,1506,0.1388
279,1227,1506,0.1388
279,1218,1497,0.1388
281,1227,1508,0.1388
279,1233,1512,0.1388
284,1232,1516,0.1388
286,1222,1508,0.1388
285,1213,1498,0.1388
282,1223,1505,0.1388
282,1229,1511,0.1388
278,1226,1504,0.1388
274,1237,1511,0.1388
275,1235,1510,0.1388
276,1254,1530,0.1388
274,1251,1525,0.1388
273,1242,1515,0.1388
270,1232,1502,0.1388
276,1235,1511,0.1388
274,1237,1511,0.1388
277,1226,1503,0.1388
269,1233,1502,0.1388
272,1247,1519,0.1388
270,1250,1520,0.1388
270,1259,1529,0.1388
269,1246,1515,0.1388
268,1236,1504,0.1388
270,1232,1502,0.1388
275,1231,1506,0.1388
279,1233,1512,0.1388
275,1242,1517,0.1388
274,1241,1515,0.1388
273,1250,1523,0.1388
270,1246,1516,0.1388
278,1240,1518,0.1388
277,1253,1530,0.1388
277,1246,1523,0.1388
274,1250,1524,0.1388
274,1241,1515,0.1388
271,1243,1514,0.1388
269,1245,1514,0.1388
266,1238,1504,0.1388
261,1238,1499,0.1388
268,1234,1502,0.1388
271,1233,1504,0.1388
271,1231,1502,0.1388
271,1245,1516,0.1388
274,1246,1520,0.1388
277,1239,1516,0.1388
280,1234,1514,0.1388
281,1233,1514,0.1388
280,1231,1511,0.1388
280,1240,1520,0.1388
275,1236,1511,0.1388
277,1238,1515,0.1388
276,1240,1516,0.1388
275,1228,1503,0.1388
279,1235,1514,0.1388
286,1238,1524,0.1388
285,1248,1533,0.1388
278,1240,1518,0.1388
275,1239,1514,0.1388
274,1249,1523,0.1388
272,1241,1513,0.1388
272,1237,1509,0.1388
273,1238,1511,0.1388
272,1247,1519,0.1388
273,1247,1520,0.1388
273,1256,1529,0.1388
271,1244,1515,0.1388
266,1244,1510,0.1388
266,1251,1517,0.1388
267,1242,1509,0.1388
268,1239,1507,0.1388
270,1248,1518,0.1388
263,1247,1510,0.1388
259,1248,1507,0.1388
254,1259,1513,0.1388
251,1269,1520,0.1388
256,1284,1540,0.1388
254,1269,1523,0.1388
253,1279,1532,0.1388
251,1263,1514,0.1388
255,1264,1519,0.1388
251,1267,1518,0.1388
248,1267,1515,0.1388
247,1254,1501,0.1388
245,1265,1510,0.1388
241,1271,1512,0.1388
239,1268,1507,0.1388
239,1265,1504,0.1388
241,1261,1502,0.1388
239,1263,1502,0.1388
240,1261,1501,0.1388
240,1262,1502,0.1388
233,1257,1490,0.1388
232,1264,1496,0.1388
237,1274,1511,0.1388
237,1278,1515,0.1388
237,1285,1522,0.1388
238,1288,1526,0.1388
236,1288,1524,0.1388
236,1280,1516,0.1388
235,1277,1512,0.1388
234,1285,1519,0.1388
235,1281,1516,0.1388
236,1281,1517,0.1388
231,1282,1513,0.1388
233,1276,1509,0.1388
232,1278,1510,0.1388
233,1280,1513,0.1388
229,1287,1516,0.1388
232,1287,1519,0.1388
233,1290,1523,0.1388
230,1299,1529,0.1388
230,1297,1527,0.1388
227,1295,1522,0.1388
229,1291,1520,0.1388
228,1288,1516,0.1388
228,1300,1528,0.1388
226,1294,1520,0.1388
225,1292,1517,0.1388
228,1293,1521,0.1388
225,1302,1527,0.1388
221,1302,1523,0.1388
215,1314,1529,0.1388
220,1298,1518,0.1388
220,1293,1513,0.1388
219,1300,1519,0.1388
224,1291,1515,0.1388
230,1291,1521,0.1388
225,1280,1505,0.1388
225,1283,1508,0.1388
231,1296,1527,0.1388
231,1301,1532,0.1388
233,1297,1530,0.1388
227,1290,1517,0.1388
225,1287,1512,0.1388
228,1297,1525,0.1388
228,1281,1509,0.1388
226,1265,1491,0.1388
229,1258,1487,0.1388
231,1276,1507,0.1388
223,1280,1503,0.1388
221,1278,1499,0.1388
221,1285,1506,0.1388
217,1286,1503,0.1388
213,1295,1508,0.1388
212,1301,1513,0.1388
214,1290,1504,0.1388
211,1298,1509,0.1388
208,1289,1497,0.1388
214,1304,1518,0.1388
217,1300,1517,0.1388
218,1302,1520,0.1388
221,1298,1519,0.1388
216,1297,1513,0.1388
214,1304,1518,0.1388
218,1306,1524,0.1388
220,1310,1530,0.1388
222,1306,1528,0.1388
220,1302,1522,0.1388
216,1292,1508,0.1388
216,1301,1517,0.1388
217,1293,1510,0.1388
220,1289,1509,0.1388
215,1295,1510,0.1388
213,1293,1506,0.1388
212,1285,1497,0.1388
214,1303,1517,0.1388
218,1309,1527,0.1388
220,1303,1523,0.1388
223,1290,1513,0.1388
218,1289,1507,0.1388
216,1288,1504,0.1388
213,1292,1505,0.1388
213,1285,1498,0.1388
213,1294,1507,0.1388
217,1287,1504,0.1388
215,1305,1520,0.1388
210,1291,1501,0.1388
213,1298,1511,0.1388
214,1311,1525,0.1388
217,1310,1527,0.1388
213,1313,1526,0.1388
216,1302,1518,0.1388
216,1299,1515,0.1388
211,1307,1518,0.1388
213,1300,1513,0.1388
212,1306,1518,0.1388
218,1297,1515,0.1388
213,1299,1512,0.1388
211,1311,1522,0.1388
214,1313,1527,0.1388
207,1311,1518,0.1388
210,1306,1516,0.1388
216,1296,1512,0.1388
216,1298,1514,0.1388
214,1286,1500,0.1388
216,1286,1502,0.1388
220,1283,1503,0.1388
219,1300,1519,0.1388
220,1305,1525,0.1388
217,1292,1509,0.1388
213,1290,1503,0.1388
213,1302,1515,0.1388
210,1300,1510,0.1388
198,1298,1496,0.1388
198,1305,1503,0.1388
194,1309,1503,0.1388
194,1305,1499,0.1388
197,1304,1501,0.1388
199,1314,1513,0.1388
198,1311,1509,0.1388
196,1301,1497,0.1388
201,1301,1502,0.1388
200,1298,1498,0.1388
199,1304,1503,0.1388
199,1295,1494,0.1388
196,1300,1496,0.1388
198,1313,1511,0.1388
202,1307,1509,0.1388
201,1310,1511,0.1388
200,1315,1515,0.1388
201,1316,1517,0.1388
200,1303,1503,0.1388
198,1304,1502,0.1388
199,1299,1498,0.1388
199,1303,1502,0.1388
201,1309,1510,0.1388
200,1315,1515,0.1388
201,1308,1509,0.1388
206,1289,1495,0.1388
202,1284,1486,0.1388
199,1299,1498,0.1388
205,1297,1502,0.1388
206,1323,1529,0.1388
201,1319,1520,0.1388
201,1319,1520,0.1388
199,1321,1520,0.1388
200,1336,1536,0.1388
196,1334,1530,0.1388
196,1322,1518,0.1388
200,1324,1524,0.1388
199,1314,1513,0.1388
194,1310,1504,0.1388
194,1327,1521,0.1388
196,1326,1522,0.1388
193,1321,1514,0.1388
192,1317,1509,0.1388
190,1314,1504,0.1388
188,1313,1501,0.1388
183,1326,1509,0.1388
182,1328,1510,0.1388
180,1341,1521,0.1388
181,1340,1521,0.1388
182,1327,1509,0.1388
182,1324,1506,0.1388
183,1330,1513,0.1388
181,1331,1512,0.1388
182,1320,1502,0.1388
184,1318,1502,0.1388
191,1309,1500,0.1388
190,1317,1507,0.1388
189,1325,1514,0.1388
187,1320,1507,0.1388
188,1313,1501,0.1388
191,1311,1502,0.1388
189,1310,1499,0.1388
195,1324,1519,0.1388
193,1317,1510,0.1388
189,1340,1529,0.1388
188,1332,1520,0.1388
185,1324,1509,0.1388
186,1325,1511,0.1388
188,1338,1526,0.1388
188,1334,1522,0.1388
189,1339,1528,0.1388
186,1328,1514,0.1388
185,1324,1509,0.1388
179,1333,1512,0.1388
181,1335,1516,0.1388
184,1332,1516,0.1388
184,1325,1509,0.1388
180,1321,1501,0.1388
180,1314,1494,0.1388
180,1301,1481,0.1388
183,1316,1499,0.1388
183,1316,1499,0.1388
182,1323,1505,0.1388
180,1337,1517,0.1388
177,1338,1515,0.1388
179,1340,1519,0.1388
180,1332,1512,0.1388
179,1329,1508,0.1388
183,1321,1504,0.1388
184,1329,1513,0.1388
183,1318,1501,0.1388
183,1316,1499,0.1388
188,1324,1512,0.1388
191,1321,1512,0.1388
189,1330,1519,0.1388
188,1331,1519,0.1388
187,1326,1513,0.1388
186,1337,1523,0.1388
186,1333,1519,0.1388
184,1336,1520,0.1388
185,1342,1527,0.1388
184,1338,1522,0.1388
183,1339,1522,0.1388
182,1331,1513,0.1388
188,1329,1517,0.1388
184,1331,1515,0.1388
186,1337,1523,0.1388
188,1338,1526,0.1388
182,1344,1526,0.1388
174,1351,1525,0.1388
174,1338,1512,0.1388
173,1334,1507,0.1388
173,1336,1509,0.1388
176,1323,1499,0.1388
180,1328,1508,0.1388
183,1336,1519,0.1388
179,1333,1512,0.1388
185,1326,1511,0.1388
189,1326,1515,0.1388
194,1328,1522,0.1388
190,1325,1515,0.1388
189,1329,1518,0.1388
189,1315,1504,0.1388
190,1321,1511,0.1388
187,1328,1515,0.1388
187,1318,1505,0.1388
189,1325,1514,0.1388
188,1330,1518,0.1388
188,1334,1522,0.1388
191,1325,1516,0.1388
188,1315,1503,0.1388
186,1320,1506,0.1388
182,1323,1505,0.1388
197,1318,1515,0.1388
194,1321,1515,0.1388
190,1312,1502,0.1388
192,1312,1504,0.1388
192,1318,1510,0.1388
184,1318,1502,0.1388
187,1331,1518,0.1388
185,1340,1525,0.1388
190,1348,1538,0.1388
188,1337,1525,0.1388
186,1326,1512,0.1388
186,1329,1515,0.1388
181,1319,1500,0.1388
179,1336,1515,0.1388
177,1333,1510,0.1388
179,1327,1506,0.1388
178,1349,1527,0.1388
167,1350,1517,0.1388
169,1340,1509,0.1388
166,1341,1507,0.1388
162,1332,1494,0.1388
169,1331,1500,0.1388
172,1338,1510,0.1388
170,1352,1522,0.1388
169,1340,1509,0.1388
171,1349,1520,0.1388
169,1346,1515,0.1388
171,1340,1511,0.1388
169,1349,1518,0.1388
167,1347,1514,0.1388
164,1350,1514,0.1388
164,1348,1512,0.1388
161,1345,1506,0.1388
164,1339,1503,0.1388
158,1354,1512,0.1388
158,1349,1507,0.1388
157,1355,1512,0.1388
157,1364,1521,0.1388
156,1364,1520,0.1388
154,1364,1518,0.1388
153,1371,1524,0.1388
150,1371,1521,0.1388
150,1372,1522,0.1388
152,1368,1520,0.1388
150,1377,1527,0.1388
146,1379,1525,0.1388
151,1374,1525,0.1388
147,1369,1516,0.1388
143,1371,1514,0.1388
141,1375,1516,0.1388
144,1375,1519,0.1388
145,1380,1525,0.1388
149,1375,1524,0.1388
150,1375,1525,0.1388
143,1380,1523,0.1388
144,1374,1518,0.1388
146,1374,1520,0.1388
145,1370,1515,0.1388
143,1370,1513,0.1388
142,1372,1514,0.1388
140,1369,1509,0.1388
145,1366,1511,0.1388
148,1370,1518,0.1388
147,1373,1520,0.1388
145,1379,1524,0.1388
142,1383,1525,0.1388
141,1371,1512,0.1388
145,1381,1526,0.1388
143,1385,1528,0.1388
143,1385,1528,0.1388
135,1378,1513,0.1388
132,1376,1508,0.1388
140,1375,1515,0.1388
136,1376,1512,0.1388
135,1391,1526,0.1388
136,1393,1529,0.1388
139,1393,1532,0.1388
137,1374,1511,0.1388
138,1376,1514,0.1388
139,1375,1514,0.1388
134,1370,1504,0.1388
135,1377,1512,0.1388
136,1370,1506,0.1388
130,1369,1499,0.1388
128,1386,1514,0.1388
132,1391,1523,0.1388
130,1387,1517,0.1388
131,1392,1523,0.1388
131,1396,1527,0.1388
136,1394,1530,0.1388
134,1381,1515,0.1388
133,1378,1511,0.1388
132,1381,1513,0.1388
128,1378,1506,0.1388
127,1387,1514,0.1388
123,1393,1516,0.1388
122,1390,1512,0.1388
121,1392,1513,0.1388
120,1399,1519,0.1388
121,1390,1511,0.1388
122,1391,1513,0.1388
123,1394,1517,0.1388
119,1396,1515,0.1388
113,1403,1516,0.1388
110,1402,1512,0.1388
118,1391,1509,0.1388
119,1396,1515,0.1388
122,1389,1511,0.1388
125,1382,1507,0.1388
122,1392,1514,0.1388
119,1391,1510,0.1388
117,1393,1510,0.1388
123,1386,1509,0.1388
120,1389,1509,0.1388
119,1397,1516,0.1388
121,1387,1508,0.1388
121,1383,1504,0.1388
121,1397,1518,0.1388
124,1387,1511,0.1388
122,1389,1511,0.1388
123,1401,1524,0.1388
120,1407,1527,0.1388
125,1395,1520,0.1388
128,1399,1527,0.1388
129,1401,1530,0.1388
124,1387,1511,0.1388
125,1391,1516,0.1388
123,1394,1517,0.1388
125,1404,1529,0.1388
122,1400,1522,0.1388
119,1392,1511,0.1388
120,1384,1504,0.1388
122,1400,1522,0.1388
122,1398,1520,0.1388
122,1396,1518,0.1388
124,1390,1514,0.1388
128,1407,1535,0.1388
125,1401,1526,0.1388
121,1404,1525,0.1388
124,1407,1531,0.1388
122,1399,1521,0.1388
123,1394,1517,0.1388
124,1384,1508,0.1388
123,1399,1522,0.1388
123,1387,1510,0.1388
120,1379,1499,0.1388
118,1385,1503,0.1388
119,1398,1517,0.1388
120,1393,1513,0.1388
124,1391,1515,0.1388
124,1386,1510,0.1388
121,1388,1509,0.1388
121,1395,1516,0.1388
119,1385,1504,0.1388
120,1390,1510,0.1388
119,1383,1502,0.1388
115,1397,1512,0.1388
114,1405,1519,0.1388
109,1404,1513,0.1388
109,1400,1509,0.1388
110,1399,1509,0.1388
107,1415,1522,0.1388
107,1406,1513,0.1388
110,1415,1525,0.1388
109,1415,1524,0.1388
108,1404,1512,0.1388
106,1404,1510,0.1388
106,1411,1517,0.1388
106,1412,1518,0.1388
105,1404,1509,0.1388
101,1415,1516,0.1388
99,1418,1517,0.1388
99,1405,1504,0.1388
101,1386,1487,0.1388
98,1390,1488,0.1388
100,1406,1506,0.1388
98,1407,1505,0.1388
101,1404,1505,0.1388
102,1417,1519,0.1388
101,1418,1519,0.1388
99,1412,1511,0.1388
98,1418,1516,0.1388
100,1407,1507,0.1388
104,1403,1507,0.1388
103,1403,1506,0.1388
105,1404,1509,0.1388
106,1416,1522,0.1388
104,1406,1510,0.1388
103,1414,1517,0.1388
101,1411,1512,0.1388
101,1410,1511,0.1388
100,1405,1505,0.1388
101,1415,1516,0.1388
102,1401,1503,0.1388
105,1399,1504,0.1388
103,1411,1514,0.1388
103,1410,1513,0.1388
104,1408,1512,0.1388
108,1418,1526,0.1388
109,1417,1526,0.1388
107,1407,1514,0.1388
104,1416,1520,0.1388
104,1421,1525,0.1388
103,1419,1522,0.1388
106,1416,1522,0.1388
103,1404,1507,0.1388
106,1407,1513,0.1388
104,1403,1507,0.1388
105,1392,1497,0.1388
102,1395,1497,0.1388
108,1406,1514,0.1388
111,1410,1521,0.1388
107,1403,1510,0.1388
106,1409,1515,0.1388
108,1412,1520,0.1388
106,1403,1509,0.1388
107,1404,1511,0.1388
108,1404,1512,0.1388
107,1412,1519,0.1388
108,1399,1507,0.1388
112,1394,1506,0.1388
117,1409,1526,0.1388
120,1411,1531,0.1388
117,1402,1519,0.1388
121,1405,1526,0.1388
114,1409,1523,0.1388
114,1411,1525,0.1388
111,1410,1521,0.1388
114,1407,1521,0.1388
114,1400,1514,0.1388
112,1403,1515,0.1388
112,1405,1517,0.1388
111,1395,1506,0.1388
112,1378,1490,0.1388
110,1383,1493,0.1388
115,1400,1515,0.1388
115,1387,1502,0.1388
115,1392,1507,0.1388
114,1386,1500,0.1388
111,1389,1500,0.1388
109,1396,1505,0.1388
110,1394,1504,0.1388
106,1394,1500,0.1388
106,1406,1512,0.1388
104,1409,1513,0.1388
106,1407,1513,0.1388
108,1402,1510,0.1388
107,1420,1527,0.1388
107,1413,1520,0.1388
103,1402,1505,0.1388
102,1411,1513,0.1388
101,1420,1521,0.1388
100,1421,1521,0.1388
96,1419,1515,0.1388
97,1422,1519,0.1388
93,1428,1521,0.1388
92,1423,1515,0.1388
96,1420,1516,0.1388
98,1420,1518,0.1388
97,1411,1508,0.1388
100,1416,1516,0.1388
103,1415,1518,0.1388
102,1409,1511,0.1388
105,1391,1496,0.1388
104,1404,1508,0.1388
101,1418,1519,0.1388
101,1418,1519,0.1388
98,1418,1516,0.1388
95,1417,1512,0.1388
95,1420,1515,0.1388
96,1418,1514,0.1388
95,1417,1512,0.1388
93,1419,1512,0.1388
90,1433,1523,0.1388
88,1439,1527,0.1388
85,1425,1510,0.1388
88,1415,1503,0.1388
91,1413,1504,0.1388
89,1428,1517,0.1388
92,1430,1522,0.1388
93,1425,1518,0.1388
95,1435,1530,0.1388
98,1415,1513,0.1388
97,1426,1523,0.1388
94,1424,1518,0.1388
93,1416,1509,0.1388
91,1426,1517,0.1388
93,1431,1524,0.1388
93,1426,1519,0.1388
94,1422,1516,0.1388
96,1423,1519,0.1388
96,1419,1515,0.1388
97,1419,1516,0.1388
93,1426,1519,0.1388
92,1434,1526,0.1388
89,1424,1513,0.1388
89,1426,1515,0.1388
91,1428,1519,0.1388
93,1415,1508,0.1388
92,1420,1512,0.1388
89,1415,1504,0.1388
89,1424,1513,0.1388
91,1419,1510,0.1388
90,1423,1513,0.1388
91,1423,1514,0.1388
93,1430,1523,0.1388
93,1422,1515,0.1388
93,1425,1518,0.1388
88,1431,1519,0.1388
89,1427,1516,0.1388
93,1421,1514,0.1388
93,1425,1518,0.1388
91,1419,1510,0.1388
92,1431,1523,0.1388
92,1424,1516,0.1388
87,1427,1514,0.1388
84,1423,1507,0.1388
88,1425,1513,0.1388
90,1419,1509,0.1388
90,1430,1520,0.1388
88,1434,1522,0.1388
83,1431,1514,0.1388
83,1424,1507,0.1388
86,1423,1509,0.1388
84,1431,1515,0.1388
83,1424,1507,0.1388
83,1419,1502,0.1388
81,1411,1492,0.1388
79,1418,1497,0.1388
79,1429,1508,0.1388
80,1436,1516,0.1388
79,1428,1507,0.1388
74,1440,1514,0.1388
74,1446,1520,0.1388
71,1432,1503,0.1388
72,1427,1499,0.1388
73,1429,1502,0.1388
74,1433,1507,0.1388
73,1432,1505,0.1388
73,1431,1504,0.1388
75,1436,1511,0.1388
76,1431,1507,0.1388
72,1424,1496,0.1388
72,1429,1501,0.1388
71,1434,1505,0.1388
72,1431,1503,0.1388
73,1446,1519,0.1388
76,1442,1518,0.1388
76,1438,1514,0.1388
75,1424,1499,0.1388
74,1444,1518,0.1388
75,1446,1521,0.1388
74,1441,1515,0.1388
71,1441,1512,0.1388
71,1450,1521,0.1388
72,1448,1520,0.1388
70,1447,1517,0.1388
70,1440,1510,0.1388
70,1446,1516,0.1388
70,1451,1521,0.1388
69,1453,1522,0.1388
69,1457,1526,0.1388
67,1451,1518,0.1388
67,1444,1511,0.1388
69,1439,1508,0.1388
65,1449,1514,0.1388
65,1448,1513,0.1388
67,1455,1522,0.1388
68,1458,1526,0.1388
69,1456,1525,0.1388
69,1466,1535,0.1388
69,1457,1526,0.1388
68,1455,1523,0.1388
67,1455,1522,0.1388
66,1457,1523,0.1388
65,1463,1528,0.1388
63,1437,1500,0.1388
66,1448,1514,0.1388
67,1451,1518,0.1388
69,1449,1518,0.1388
70,1448,1518,0.1388
70,1444,1514,0.1388
72,1447,1519,0.1388
70,1445,1515,0.1388
71,1442,1513,0.1388
70,1445,1515,0.1388
68,1442,1510,0.1388
70,1447,1517,0.1388
74,1449,1523,0.1388
72,1438,1510,0.1388
72,1441,1513,0.1388
71,1423,1494,0.1388
71,1441,1512,0.1388
67,1441,1508,0.1388
67,1440,1507,0.1388
65,1457,1522,0.1388
67,1450,1517,0.1388
67,1447,1514,0.1388
68,1446,1514,0.1388
70,1447,1517,0.1388
71,1444,1515,0.1388
70,1434,1504,0.1388
66,1448,1514,0.1388
64,1455,1519,0.1388
67,1458,1525,0.1388
67,1451,1518,0.1388
68,1455,1523,0.1388
67,1453,1520,0.1388
69,1464,1533,0.1388
69,1448,1517,0.1388
69,1441,1510,0.1388
68,1448,1516,0.1388
70,1444,1514,0.1388
65,1449,1514,0.1388
67,1451,1518,0.1388
63,1444,1507,0.1388
64,1459,1523,0.1388
62,1460,1522,0.1388
59,1461,1520,0.1388
58,1458,1516,0.1388
54,1455,1509,0.1388
57,1472,1529,0.1388
55,1465,1520,0.1388
54,1456,1510,0.1388
56,1460,1516,0.1388
52,1453,1505,0.1388
52,1451,1503,0.1388
51,1461,1512,0.1388
50,1475,1525,0.1388
51,1475,1526,0.1388
49,1483,1532,0.1388
51,1463,1514,0.1388
50,1460,1510,0.1388
53,1452,1505,0.1388
53,1467,1520,0.1388
51,1466,1517,0.1388
51,1472,1523,0.1388
49,1457,1506,0.1388
47,1468,1515,0.1388
48,1469,1517,0.1388
47,1475,1522,0.1388
43,1478,1521,0.1388
41,1481,1522,0.1388
40,1485,1525,0.1388
41,1485,1526,0.1388
38,1474,1512,0.1388
37,1475,1512,0.1388
37,1484,1521,0.1388
37,1484,1521,0.1388
37,1479,1516,0.1388
37,1482,1519,0.1388
38,1489,1527,0.1388
38,1489,1527,0.1388
39,1466,1505,0.1388
40,1450,1490,0.1388
39,1454,1493,0.1388
39,1436,1475,0.1388
41,1460,1501,0.1388
41,1459,1500,0.1388
39,1471,1510,0.1388
39,1470,1509,0.1388
40,1470,1510,0.1388
39,1465,1504,0.1388
40,1467,1507,0.1388
40,1483,1523,0.1388
39,1486,1525,0.1388
39,1483,1522,0.1388
37,1478,1515,0.1388
39,1479,1518,0.1388
38,1475,1513,0.1388
39,1480,1519,0.1388
37,1482,1519,0.1388
36,1493,1529,0.1388
36,1494,1530,0.1388
37,1485,1522,0.1388
37,1481,1518,0.1388
36,1469,1505,0.1388
36,1477,1513,0.1388
36,1466,1502,0.1388
36,1478,1514,0.1388
35,1483,1518,0.1388
34,1493,1527,0.1388
31,1480,1511,0.1388
31,1490,1521,0.1388
29,1496,1525,0.1388
28,1486,1514,0.1388
27,1489,1516,0.1388
26,1484,1510,0.1388
26,1474,1500,0.1388
24,1477,1501,0.1388
24,1487,1511,0.1388
23,1488,1511,0.1388
22,1484,1506,0.1388
22,1505,1527,0.1388
21,1499,1520,0.1388
22,1488,1510,0.1388
21,1486,1507,0.1388
20,1490,1510,0.1388
20,1486,1506,0.1388
22,1492,1514,0.1388
22,1500,1522,0.1388
22,1502,1524,0.1388
22,1494,1516,0.1388
21,1501,1522,0.1388
19,1494,1513,0.1388
19,1504,1523,0.1388
19,1496,1515,0.1388
19,1489,1508,0.1388
19,1503,1522,0.1388
19,1509,1528,0.1388
19,1509,1528,0.1388
17,1501,1518,0.1388
17,1491,1508,0.1388
17,1495,1512,0.1388
20,1505,1525,0.1388
21,1492,1513,0.1388
21,1488,1509,0.1388
20,1492,1512,0.1388
17,1499,1516,0.1388
18,1504,1522,0.1388
18,1495,1513,0.1388
18,1508,1526,0.1388
19,1491,1510,0.1388
20,1492,1512,0.1388
20,1499,1519,0.1388
22,1491,1513,0.1388
25,1495,1520,0.1388
24,1486,1510,0.1388
25,1487,1512,0.1388
25,1493,1518,0.1388
25,1483,1508,0.1388
23,1493,1516,0.1388
23,1495,1518,0.1388
22,1498,1520,0.1388
23,1497,1520,0.1388
21,1499,1520,0.1388
22,1493,1515,0.1388
22,1489,1511,0.1388
24,1492,1516,0.1388
24,1490,1514,0.1388
23,1489,1512,0.1388
24,1500,1524,0.1388
26,1496,1522,0.1388
24,1497,1521,0.1388
23,1481,1504,0.1388
23,1477,1500,0.1388
24,1476,1500,0.1388
25,1481,1506,0.1388
25,1479,1504,0.1388
25,1494,1519,0.1388
24,1493,1517,0.1388
23,1501,1524,0.1388
23,1480,1503,0.1388
24,1485,1509,0.1388
24,1484,1508,0.1388
23,1486,1509,0.1388
22,1487,1509,0.1388
23,1490,1513,0.1388
23,1482,1505,0.1388
24,1486,1510,0.1388
25,1475,1500,0.1388
25,1478,1503,0.1388
24,1474,1498,0.1388
23,1481,1504,0.1388
23,1485,1508,0.1388
22,1487,1509,0.1388
23,1485,1508,0.1388
22,1479,1501,0.1388
21,1471,1492,0.1388
21,1474,1495,0.1388
22,1484,1506,0.1388
21,1476,1497,0.1388
20,1493,1513,0.1388
20,1492,1512,0.1388
22,1484,1506,0.1388
22,1496,1518,0.1388
23,1492,1515,0.1388
23,1480,1503,0.1388
23,1488,1511,0.1388
24,1498,1522,0.1388
24,1498,1522,0.1388
25,1492,1517,0.1388
26,1483,1509,0.1388
26,1481,1507,0.1388
26,1482,1508,0.1388
26,1483,1509,0.1388
24,1486,1510,0.1388
25,1479,1504,0.1388
25,1499,1524,0.1388
25,1498,1523,0.1388
28,1493,1521,0.1388
28,1491,1519,0.1388
28,1483,1511,0.1388
29,1484,1513,0.1388
28,1496,1524,0.1388
27,1476,1503,0.1388
27,1487,1514,0.1388
28,1481,1509,0.1388
27,1486,1513,0.1388
25,1483,1508,0.1388
25,1485,1510,0.1388
25,1497,1522,0.1388
24,1505,1529,0.1388
24,1494,1518,0.1388
26,1499,1525,0.1388
26,1507,1533,0.1388
26,1498,1524,0.1388
27,1484,1511,0.1388
27,1506,1533,0.1388
27,1499,1526,0.1388
26,1503,1529,0.1388
25,1490,1515,0.1388
24,1483,1507,0.1388
23,1493,1516,0.1388
22,1484,1506,0.1388
22,1480,1502,0.1388
22,1482,1504,0.1388
22,1482,1504,0.1388
22,1485,1507,0.1388
21,1482,1503,0.1388
21,1485,1506,0.1388
19,1480,1499,0.1388
19,1481,1500,0.1388
19,1499,1518,0.1388
18,1486,1504,0.1388
19,1500,1519,0.1388
20,1503,1523,0.1388
21,1503,1524,0.1388
20,1506,1526,0.1388
20,1494,1514,0.1388
20,1477,1497,0.1388
20,1496,1516,0.1388
20,1485,1505,0.1388
21,1493,1514,0.1388
21,1495,1516,0.1388
21,1507,1528,0.1388
20,1510,1530,0.1388
21,1496,1517,0.1388
22,1491,1513,0.1388
22,1486,1508,0.1388
23,1483,1506,0.1388
23,1486,1509,0.1388
23,1484,1507,0.1388
25,1482,1507,0.1388
26,1490,1516,0.1388
24,1500,1524,0.1388
22,1503,1525,0.1388
20,1498,1518,0.1388
21,1501,1522,0.1388
20,1500,1520,0.1388
23,1494,1517,0.1388
23,1489,1512,0.1388
21,1492,1513,0.1388
22,1496,1518,0.1388
22,1479,1501,0.1388
22,1492,1514,0.1388
22,1501,1523,0.1388
22,1491,1513,0.1388
21,1485,1506,0.1388
21,1495,1516,0.1388
23,1507,1530,0.1388
23,1498,1521,0.1388
22,1501,1523,0.1388
21,1500,1521,0.1388
23,1490,1513,0.1388
24,1493,1517,0.1388
23,1500,1523,0.1388
23,1488,1511,0.1388
22,1482,1504,0.1388
22,1490,1512,0.1388
23,1495,1518,0.1388
24,1496,1520,0.1388
23,1502,1525,0.1388
22,1506,1528,0.1388
22,1499,1521,0.1388
21,1495,1516,0.1388
22,1510,1532,0.1388
21,1508,1529,0.1388
21,1510,1531,0.1388
21,1502,1523,0.1388
22,1499,1521,0.1388
21,1490,1511,0.1388
22,1490,1512,0.1388
21,1490,1511,0.1388
20,1493,1513,0.1388
20,1502,1522,0.1388
19,1507,1526,0.1388
19,1504,1523,0.1388
18,1515,1533,0.1388
19,1511,1530,0.1388
19,1512,1531,0.1388
18,1493,1511,0.1388
18,1497,1515,0.1388
18,1499,1517,0.1388
19,1494,1513,0.1388
20,1491,1511,0.1388
19,1477,1496,0.1388
19,1473,1492,0.1388
19,1473,1492,0.1388
19,1474,1493,0.1388
20,1478,1498,0.1388
18,1489,1507,0.1388
18,1489,1507,0.1388
18,1499,1517,0.1388
19,1510,1529,0.1388
19,1493,1512,0.1388
21,1481,1502,0.1388
21,1495,1516,0.1388
20,1487,1507,0.1388
19,1486,1505,0.1388
20,1497,1517,0.1388
21,1493,1514,0.1388
20,1497,1517,0.1388
20,1491,1511,0.1388
19,1479,1498,0.1388
19,1487,1506,0.1388
19,1496,1515,0.1388
18,1498,1516,0.1388
19,1500,1519,0.1388
20,1497,1517,0.1388
20,1501,1521,0.1388
20,1494,1514,0.1388
20,1489,1509,0.1388
21,1494,1515,0.1388
21,1495,1516,0.1388
21,1507,1528,0.1388
21,1509,1530,0.1388
21,1494,1515,0.1388
21,1491,1512,0.1388
19,1495,1514,0.1388
19,1508,1527,0.1388
19,1505,1524,0.1388
20,1502,1522,0.1388
20,1494,1514,0.1388
18,1491,1509,0.1388
18,1503,1521,0.1388
17,1501,1518,0.1388
18,1496,1514,0.1388
18,1498,1516,0.1388
18,1483,1501,0.1388
18,1487,1505,0.1388
19,1491,1510,0.1388
19,1493,1512,0.1388
21,1495,1516,0.1388
21,1495,1516,0.1388
20,1500,1520,0.1388
20,1491,1511,0.1388
21,1492,1513,0.1388
21,1504,1525,0.1388
22,1491,1513,0.1388
20,1487,1507,0.1388
21,1497,1518,0.1388
21,1496,1517,0.1388
20,1496,1516,0.1388
20,1489,1509,0.1388
21,1489,1510,0.1388
20,1491,1511,0.1388
20,1503,1523,0.1388
19,1478,1497,0.1388
20,1500,1520,0.1388
20,1497,1517,0.1388
20,1493,1513,0.1388
20,1493,1513,0.1388
20,1489,1509,0.1388
20,1495,1515,0.1388
19,1492,1511,0.1388
19,1483,1502,0.1388
18,1496,1514,0.1388
18,1492,1510,0.1388
18,1508,1526,0.1388
18,1513,1531,0.1388
18,1507,1525,0.1388
18,1509,1527,0.1388
18,1522,1540,0.1388
18,1501,1519,0.1388
17,1496,1513,0.1388
19,1495,1514,0.1388
20,1504,1524,0.1388
19,1504,1523,0.1388
19,1502,1521,0.1388
19,1521,1540,0.1388
18,1518,1536,0.1388
18,1512,1530,0.1388
16,1500,1516,0.1388
17,1497,1514,0.1388
16,1499,1515,0.1388
14,1500,1514,0.1388
15,1479,1494,0.1388
15,1498,1513,0.1388
14,1500,1514,0.1388
13,1506,1519,0.1388
14,1505,1519,0.1388
14,1511,1525,0.1388
14,1515,1529,0.1388
13,1510,1523,0.1388
14,1509,1523,0.1388
14,1502,1516,0.1388
14,1509,1523,0.1388
14,1490,1504,0.1388
13,1504,1517,0.1388
13,1494,1507,0.1388
11,1495,1506,0.1388
10,1497,1507,0.1388
10,1494,1504,0.1388
10,1502,1512,0.1388
11,1501,1512,0.1388
10,1502,1512,0.1388
9,1510,1519,0.1388
9,1496,1505,0.1388
9,1497,1506,0.1388
10,1500,1510,0.1388
10,1502,1512,0.1388
11,1516,1527,0.1388
11,1508,1519,0.1388
10,1511,1521,0.1388
10,1513,1523,0.1388
10,1515,1525,0.1388
11,1516,1527,0.1388
11,1501,1512,0.1388
11,1500,1511,0.1388
11,1506,1517,0.1388
10,1501,1511,0.1388
10,1497,1507,0.1388
11,1504,1515,0.1388
11,1510,1521,0.1388
11,1496,1507,0.1388
11,1496,1507,0.1388
11,1497,1508,0.1388
11,1500,1511,0.1388
11,1505,1516,0.1388
13,1503,1516,0.1388
12,1502,1514,0.1388
12,1488,1500,0.1388
12,1489,1501,0.1388
12,1494,1506,0.1388
12,1509,1521,0.1388
12,1507,1519,0.1388
12,1500,1512,0.1388
12,1495,1507,0.1388
11,1497,1508,0.1388
12,1496,1508,0.1388
11,1505,1516,0.1388
10,1512,1522,0.1388
10,1510,1520,0.1388
10,1507,1517,0.1388
9,1498,1507,0.1388
10,1497,1507,0.1388
10,1492,1502,0.1388
10,1504,1514,0.1388
10,1504,1514,0.1388
11,1510,1521,0.1388
10,1486,1496,0.1388
10,1485,1495,0.1388
10,1500,1510,0.1388
10,1494,1504,0.1388
10,1499,1509,0.1388
10,1507,1517,0.1388
10,1500,1510,0.1388
11,1509,1520,0.1388
11,1511,1522,0.1388
11,1500,1511,0.1388
11,1502,1513,0.1388
11,1503,1514,0.1388
12,1517,1529,0.1388
12,1514,1526,0.1388
12,1508,1520,0.1388
12,1491,1503,0.1388
11,1501,1512,0.1388
11,1503,1514,0.1388
11,1514,1525,0.1388
12,1507,1519,0.1388
12,1513,1525,0.1388
12,1510,1522,0.1388
11,1508,1519,0.1388
10,1510,1520,0.1388
10,1500,1510,0.1388
10,1493,1503,0.1388
10,1502,1512,0.1388
10,1505,1515,0.1388
11,1510,1521,0.1388
10,1515,1525,0.1388
10,1516,1526,0.1388
11,1499,1510,0.1388
10,1500,1510,0.1388
11,1502,1513,0.1388
11,1503,1514,0.1388
11,1512,1523,0.1388
11,1509,1520,0.1388
11,1511,1522,0.1388
10,1502,1512,0.1388
10,1507,1517,0.1388
10,1497,1507,0.1388
10,1508,1518,0.1388
10,1498,1508,0.1388
9,1508,1517,0.1388
9,1495,1504,0.1388
10,1484,1494,0.1388
10,1491,1501,0.1388
10,1500,1510,0.1388
10,1508,1518,0.1388
10,1512,1522,0.1388
9,1511,1520,0.1388
9,1522,1531,0.1388
8,1514,1522,0.1388
7,1504,1511,0.1388
7,1510,1517,0.1388
7,1501,1508,0.1388
7,1502,1509,0.1388
7,1504,1511,0.1388
8,1499,1507,0.1388
8,1506,1514,0.1388
8,1498,1506,0.1388
8,1503,1511,0.1388
7,1516,1523,0.1388
6,1513,1519,0.1388
7,1502,1509,0.1388
7,1494,1501,0.1388
7,1502,1509,0.1388
7,1498,1505,0.1388
7,1507,1514,0.1388
7,1495,1502,0.1388
8,1499,1507,0.1388
8,1504,1512,0.1388
9,1510,1519,0.1388
9,1513,1522,0.1388
9,1516,1525,0.1388
9,1515,1524,0.1388
9,1516,1525,0.1388
9,1503,1512,0.1388
10,1497,1507,0.1388
10,1506,1516,0.1388
10,1488,1498,0.1388
11,1498,1509,0.1388
11,1515,1526,0.1388
11,1509,1520,0.1388
11,1509,1520,0.1388
12,1508,1520,0.1388
12,1514,1526,0.1388
12,1518,1530,0.1388
11,1524,1535,0.1388
11,1516,1527,0.1388
11,1509,1520,0.1388
10,1515,1525,0.1388
10,1513,1523,0.1388
10,1518,1528,0.1388
9,1515,1524,0.1388
10,1512,1522,0.1388
10,1502,1512,0.1388
10,1495,1505,0.1388
10,1498,1508,0.1388
10,1504,1514,0.1388
11,1513,1524,0.1388
11,1522,1533,0.1388
11,1512,1523,0.1388
11,1498,1509,0.1388
10,1507,1517,0.1388
10,1504,1514,0.1388
10,1514,1524,0.1388
10,1509,1519,0.1388
10,1516,1526,0.1388
10,1514,1524,0.1388
10,1515,1525,0.1388
10,1519,1529,0.1388
10,1514,1524,0.1388
9,1513,1522,0.1388
9,1519,1528,0.1388
9,1511,1520,0.1388
9,1508,1517,0.1388
10,1515,1525,0.1388
10,1510,1520,0.1388
9,1496,1505,0.1388
8,1495,1503,0.1388
8,1511,1519,0.1388
8,1505,1513,0.1388
7,1510,1517,0.1388
7,1512,1519,0.1388
7,1514,1521,0.1388
6,1519,1525,0.1388
7,1513,1520,0.1388
7,1508,1515,0.1388
7,1503,1510,0.1388
7,1511,1518,0.1388
7,1506,1513,0.1388
7,1520,1527,0.1388
6,1505,1511,0.1388
6,1498,1504,0.1388
6,1498,1504,0.1388
6,1511,1517,0.1388
7,1508,1515,0.1388
7,1509,1516,0.1388
6,1504,1510,0.1388
6,1523,1529,0.1388
6,1526,1532,0.1388
6,1516,1522,0.1388
7,1502,1509,0.1388
7,1520,1527,0.1388
7,1522,1529,0.1388
7,1516,1523,0.1388
7,1531,1538,0.1388
7,1524,1531,0.1388
7,1528,1535,0.1388
7,1525,1532,0.1388
7,1524,1531,0.1388
7,1521,1528,0.1388
7,1516,1523,0.1388
7,1510,1517,0.1388
7,1515,1522,0.1388
6,1516,1522,0.1388
7,1515,1522,0.1388
7,1503,1510,0.1388
7,1504,1511,0.1388
7,1502,1509,0.1388
8,1497,1505,0.1388
8,1504,1512,0.1388
9,1509,1518,0.1388
8,1506,1514,0.1388
8,1527,1535,0.1388
8,1528,1536,0.1388
8,1522,1530,0.1388
8,1515,1523,0.1388
6,1511,1517,0.1388
6,1514,1520,0.1388
7,1511,1518,0.1388
7,1507,1514,0.1388
8,1516,1524,0.1388
9,1510,1519,0.1388
9,1499,1508,0.1388
9,1504,1513,0.1388
7,1515,1522,0.1388
6,1502,1508,0.1388
6,1504,1510,0.1388
6,1514,1520,0.1388
6,1498,1504,0.1388
5,1501,1506,0.1388
5,1504,1509,0.1388
6,1513,1519,0.1388
6,1513,1519,0.1388
6,1518,1524,0.1388
6,1517,1523,0.1388
6,1518,1524,0.1388
6,1517,1523,0.1388
6,1521,1527,0.1388
6,1519,1525,0.1388
6,1515,1521,0.1388
6,1520,1526,0.1388
6,1521,1527,0.1388
6,1517,1523,0.1388
6,1514,1520,0.1388
4,1510,1514,0.1388
4,1519,1523,0.1388
5,1516,1521,0.1388
4,1525,1529,0.1388
4,1511,1515,0.1388
4,1518,1522,0.1388
4,1516,1520,0.1388
4,1524,1528,0.1388
5,1522,1527,0.1388
6,1509,1515,0.1388
6,1510,1516,0.1388
6,1507,1513,0.1388
6,1510,1516,0.1388
6,1519,1525,0.1388
6,1515,1521,0.1388
6,1507,1513,0.1388
6,1499,1505,0.1388
6,1496,1502,0.1388
5,1489,1494,0.1388
7,1503,1510,0.1388
7,1503,1510,0.1388
7,1511,1518,0.1388
6,1518,1524,0.1388
6,1517,1523,0.1388
6,1508,1514,0.1388
6,1500,1506,0.1388
5,1503,1508,0.1388
5,1509,1514,0.1388
5,1507,1512,0.1388
5,1511,1516,0.1388
3,1518,1521,0.1388
3,1506,1509,0.1388
3,1517,1520,0.1388
3,1511,1514,0.1388
3,1508,1511,0.1388
3,1512,1515,0.1388
3,1519,1522,0.1388
4,1521,1525,0.1388
4,1512,1516,0.1388
4,1500,1504,0.1388
4,1522,1526,0.1388
4,1522,1526,0.1388
4,1514,1518,0.1388
4,1506,1510,0.1388
4,1512,1516,0.1388
2,1510,1512,0.1388
2,1511,1513,0.1388
2,1509,1511,0.1388
2,1503,1505,0.1388
2,1513,1515,0.1388
2,1512,1514,0.1388
2,1504,1506,0.1388
2,1508,1510,0.1388
2,1507,1509,0.1388
2,1509,1511,0.1388
2,1517,1519,0.1388
2,1515,1517,0.1388
2,1518,1520,0.1388
2,1520,1522,0.1388
2,1521,1523,0.1388
2,1505,1507,0.1388
2,1504,1506,0.1388
2,1510,1512,0.1388
2,1511,1513,0.1388
3,1517,1520,0.1388
3,1515,1518,0.1388
3,1505,1508,0.1388
3,1514,1517,0.1388
3,1511,1514,0.1388
2,1503,1505,0.1388
2,1510,1512,0.1388
2,1524,1526,0.1388
2,1500,1502,0.1388
2,1514,1516,0.1388
2,1520,1522,0.1388
2,1515,1517,0.1388
2,1510,1512,0.1388
2,1514,1516,0.1388
2,1513,1515,0.1388
2,1516,1518,0.1388
2,1510,1512,0.1388
2,1509,1511,0.1388
2,1508,1510,0.1388
2,1506,1508,0.1388
3,1500,1503,0.1388
3,1506,1509,0.1388
3,1515,1518,0.1388
3,1522,1525,0.1388
3,1535,1538,0.1388
3,1522,1525,0.1388
3,1527,1530,0.1388
3,1529,1532,0.1388
3,1510,1513,0.1388
3,1498,1501,0.1388
3,1504,1507,0.1388
2,1492,1494,0.1388
2,1504,1506,0.1388
2,1515,1517,0.1388
2,1505,1507,0.1388
2,1506,1508,0.1388
2,1511,1513,0.1388
2,1510,1512,0.1388
2,1520,1522,0.1388
2,1513,1515,0.1388
1,1504,1505,0.1388
1,1517,1518,0.1388
1,1518,1519,0.1388
1,1518,1519,0.1388
1,1524,1525,0.1388
1,1530,1531,0.1388
1,1525,1526,0.1388
1,1521,1522,0.1388
1,1529,1530,0.1388
1,1528,1529,0.1388
1,1513,1514,0.1388
1,1518,1519,0.1388
1,1530,1531,0.1388
1,1535,1536,0.1388
1,1529,1530,0.1388
1,1525,1526,0.1388
1,1505,1506,0.1388
1,1504,1505,0.1388
1,1496,1497,0.1388
1,1503,1504,0.1388
1,1511,1512,0.1388
2,1509,1511,0.1388
2,1509,1511,0.1388
2,1505,1507,0.1388
2,1506,1508,0.1388
2,1509,1511,0.1388
2,1519,1521,0.1388
2,1537,1539,0.1388
2,1533,1535,0.1388
2,1510,1512,0.1388
2,1509,1511,0.1388
2,1522,1524,0.1388
3,1520,1523,0.1388
3,1512,1515,0.1388
3,1509,1512,0.1388
2,1505,1507,0.1388
2,1513,1515,0.1388
2,1524,1526,0.1388
2,1515,1517,0.1388
2,1517,1519,0.1388
2,1519,1521,0.1388
1,1518,1519,0.1388
1,1529,1530,0.1388
1,1509,1510,0.1388
1,1523,1524,0.1388
1,1515,1516,0.1388
1,1525,1526,0.1388
1,1516,1517,0.1388
1,1531,1532,0.1388
1,1514,1515,0.1388
1,1509,1510,0.1388
1,1520,1521,0.1388
1,1520,1521,0.1388
1,1517,1518,0.1388
1,1510,1511,0.1388
1,1523,1524,0.1388
1,1533,1534,0.1388
1,1537,1538,0.1388
1,1535,1536,0.1388
1,1530,1531,0.1388
1,1525,1526,0.1388
1,1526,1527,0.1388
1,1512,1513,0.1388
1,1511,1512,0.1388
1,1509,1510,0.1388
1,1516,1517,0.1388
1,1518,1519,0.1388
1,1523,1524,0.1388
1,1524,1525,0.1388
1,1528,1529,0.1388
1,1521,1522,0.1388
1,1499,1500,0.1388
1,1502,1503,0.1388
1,1510,1511,0.1388
1,1502,1503,0.1388
1,1513,1514,0.1388
1,1516,1517,0.1388
1,1531,1532,0.1388
1,1526,1527,0.1388
1,1519,1520,0.1388
1,1524,1525,0.1388
1,1521,1522,0.1388
1,1519,1520,0.1388
2,1510,1512,0.1388
2,1518,1520,0.1388
1,1516,1517,0.1388
1,1512,1513,0.1388
1,1511,1512,0.1388
1,1508,1509,0.1388
1,1509,1510,0.1388
1,1499,1500,0.1388
0,1506,1506,0.1388
