1380,30,1410,0.1388
1410,30,1440,0.1388
1436,30,1466,0.1388
1445,31,1476,0.1388
1462,31,1493,0.1388
1469,32,1501,0.1388
1477,32,1509,0.1388
1458,34,1492,0.1388
1462,34,1496,0.1388
1460,35,1495,0.1388
1448,34,1482,0.1388
1453,38,1491,0.1388
1449,39,1488,0.1388
1451,39,1490,0.1388
1448,38,1486,0.1388
1444,39,1483,0.1388
1445,36,1481,0.1388
1454,40,1494,0.1388
1455,41,1496,0.1388
1463,42,1505,0.1388
1465,42,1507,0.1388
1462,44,1506,0.1388
1460,45,1505,0.1388
1465,47,1512,0.1388
1466,46,1512,0.1388
1467,43,1510,0.1388
1456,43,1499,0.1388
1450,45,1495,0.1388
1441,45,1486,0.1388
1461,44,1505,0.1388
1462,44,1506,0.1388
1452,42,1494,0.1388
1455,45,1500,0.1388
1459,49,1508,0.1388
1447,48,1495,0.1388
1436,47,1483,0.1388
1449,48,1497,0.1388
1450,51,1501,0.1388
1442,51,1493,0.1388
1441,53,1494,0.1388
1444,53,1497,0.1388
1452,52,1504,0.1388
1445,51,1496,0.1388
1446,51,1497,0.1388
1449,53,1502,0.1388
1448,52,1500,0.1388
1447,55,1502,0.1388
1455,57,1512,0.1388
1434,57,1491,0.1388
1426,55,1481,0.1388
1424,53,1477,0.1388
1415,53,1468,0.1388
1419,54,1473,0.1388
1426,56,1482,0.1388
1422,58,1480,0.1388
1426,54,1480,0.1388
1429,53,1482,0.1388
1427,53,1480,0.1388
1433,54,1487,0.1388
1447,55,1502,0.1388
1447,54,1501,0.1388
1434,56,1490,0.1388
1445,55,1500,0.1388
1432,53,1485,0.1388
1437,55,1492,0.1388
1450,58,1508,0.1388
1450,58,1508,0.1388
1432,58,1490,0.1388
1424,56,1480,0.1388
1416,56,1472,0.1388
1428,58,1486,0.1388
1429,59,1488,0.1388
1431,58,1489,0.1388
1417,58,1475,0.1388
1429,59,1488,0.1388
1429,60,1489,0.1388
1431,58,1489,0.1388
1428,55,1483,0.1388
1417,56,1473,0.1388
1426,54,1480,0.1388
1435,58,1493,0.1388
1440,59,1499,0.1388
1433,59,1492,0.1388
1422,61,1483,0.1388
1419,58,1477,0.1388
1422,59,1481,0.1388
1413,59,1472,0.1388
1420,64,1484,0.1388
1426,67,1493,0.1388
1419,67,1486,0.1388
1425,63,1488,0.1388
1416,60,1476,0.1388
1410,58,1468,0.1388
1415,60,1475,0.1388
1409,61,1470,0.1388
1415,58,1473,0.1388
1419,60,1479,0.1388
1415,55,1470,0.1388
1415,59,1474,0.1388
1411,58,1469,0.1388
1417,63,1480,0.1388
1422,67,1489,0.1388
1417,64,1481,0.1388
1423,65,1488,0.1388
1424,68,1492,0.1388
1419,68,1487,0.1388
1423,69,1492,0.1388
1422,69,1491,0.1388
1416,68,1484,0.1388
1423,72,1495,0.1388
1431,74,1505,0.1388
1419,74,1493,0.1388
1417,76,1493,0.1388
1416,77,1493,0.1388
1409,80,1489,0.1388
1418,81,1499,0.1388
1429,82,1511,0.1388
1413,77,1490,0.1388
1419,77,1496,0.1388
1422,78,1500,0.1388
1422,78,1500,0.1388
1421,78,1499,0.1388
1423,80,1503,0.1388
1428,75,1503,0.1388
1421,79,1500,0.1388
1417,84,1501,0.1388
1416,85,1501,0.1388
1414,85,1499,0.1388
1403,85,1488,0.1388
1406,87,1493,0.1388
1397,88,1485,0.1388
1395,86,1481,0.1388
1383,89,1472,0.1388
1390,91,1481,0.1388
1394,86,1480,0.1388
1420,88,1508,0.1388
1431,87,1518,0.1388
1419,90,1509,0.1388
1409,89,1498,0.1388
1402,89,1491,0.1388
1390,89,1479,0.1388
1386,96,1482,0.1388
1385,97,1482,0.1388
1397,98,1495,0.1388
1392,97,1489,0.1388
1377,100,1477,0.1388
1374,97,1471,0.1388
1378,97,1475,0.1388
1375,98,1473,0.1388
1378,100,1478,0.1388
1381,103,1484,0.1388
1385,101,1486,0.1388
1388,97,1485,0.1388
1383,94,1477,0.1388
1388,94,1482,0.1388
1382,96,1478,0.1388
1382,100,1482,0.1388
1376,103,1479,0.1388
1371,106,1477,0.1388
1372,105,1477,0.1388
1386,108,1494,0.1388
1384,110,1494,0.1388
1384,109,1493,0.1388
1384,111,1495,0.1388
1378,114,1492,0.1388
1371,114,1485,0.1388
1370,119,1489,0.1388
1369,120,1489,0.1388
1375,119,1494,0.1388
1393,117,1510,0.1388
1386,117,1503,0.1388
1390,117,1507,0.1388
1395,119,1514,0.1388
1386,119,1505,0.1388
1378,118,1496,0.1388
1369,122,1491,0.1388
1375,120,1495,0.1388
1376,121,1497,0.1388
1365,124,1489,0.1388
1368,123,1491,0.1388
1362,125,1487,0.1388
1359,122,1481,0.1388
1354,122,1476,0.1388
1362,120,1482,0.1388
1373,124,1497,0.1388
1357,126,1483,0.1388
1375,129,1504,0.1388
1367,126,1493,0.1388
1356,127,1483,0.1388
1354,123,1477,0.1388
1360,127,1487,0.1388
1365,128,1493,0.1388
1370,131,1501,0.1388
1373,129,1502,0.1388
1363,132,1495,0.1388
1362,133,1495,0.1388
1363,136,1499,0.1388
1364,137,1501,0.1388
1367,136,1503,0.1388
1364,143,1507,0.1388
1369,144,1513,0.1388
1355,145,1500,0.1388
1359,144,1503,0.1388
1340,148,1488,0.1388
1354,146,1500,0.1388
1339,149,1488,0.1388
1334,150,1484,0.1388
1337,150,1487,0.1388
1344,155,1499,0.1388
1349,155,1504,0.1388
1346,153,1499,0.1388
1345,154,1499,0.1388
1348,153,1501,0.1388
1344,152,1496,0.1388
1339,151,1490,0.1388
1340,154,1494,0.1388
1338,158,1496,0.1388
1344,162,1506,0.1388
1335,160,1495,0.1388
1341,161,1502,0.1388
1340,164,1504,0.1388
1327,164,1491,0.1388
1317,161,1478,0.1388
1334,162,1496,0.1388
1325,162,1487,0.1388
1329,169,1498,0.1388
1325,165,1490,0.1388
1327,169,1496,0.1388
1332,167,1499,0.1388
1329,170,1499,0.1388
1340,168,1508,0.1388
1334,163,1497,0.1388
1334,161,1495,0.1388
1332,162,1494,0.1388
1338,163,1501,0.1388
1322,162,1484,0.1388
1315,162,1477,0.1388
1322,166,1488,0.1388
1321,163,1484,0.1388
1316,167,1483,0.1388
1319,163,1482,0.1388
1323,165,1488,0.1388
1323,167,1490,0.1388
1335,166,1501,0.1388
1336,164,1500,0.1388
1326,167,1493,0.1388
1326,164,1490,0.1388
1331,166,1497,0.1388
1325,169,1494,0.1388
1324,167,1491,0.1388
1322,166,1488,0.1388
1326,167,1493,0.1388
1325,163,1488,0.1388
1336,161,1497,0.1388
1336,162,1498,0.1388
1336,163,1499,0.1388
1344,165,1509,0.1388
1336,168,1504,0.1388
1343,168,1511,0.1388
1336,172,1508,0.1388
1339,168,1507,0.1388
1327,170,1497,0.1388
1336,168,1504,0.1388
1328,167,1495,0.1388
1328,168,1496,0.1388
1338,169,1507,0.1388
1324,167,1491,0.1388
1316,165,1481,0.1388
1318,165,1483,0.1388
1322,169,1491,0.1388
1321,168,1489,0.1388
1328,170,1498,0.1388
1325,172,1497,0.1388
1328,171,1499,0.1388
1324,167,1491,0.1388
1333,170,1503,0.1388
1328,172,1500,0.1388
1333,170,1503,0.1388
1330,168,1498,0.1388
1319,173,1492,0.1388
1318,182,1500,0.1388
1309,183,1492,0.1388
1324,181,1505,0.1388
1307,181,1488,0.1388
1317,184,1501,0.1388
1313,184,1497,0.1388
1317,174,1491,0.1388
1334,170,1504,0.1388
1330,172,1502,0.1388
1317,168,1485,0.1388
1317,169,1486,0.1388
1326,166,1492,0.1388
1334,164,1498,0.1388
1336,163,1499,0.1388
1328,160,1488,0.1388
1322,160,1482,0.1388
1346,161,1507,0.1388
1345,162,1507,0.1388
1334,161,1495,0.1388
1327,161,1488,0.1388
1321,160,1481,0.1388
1326,162,1488,0.1388
1329,161,1490,0.1388
1326,162,1488,0.1388
1318,170,1488,0.1388
1322,168,1490,0.1388
1325,168,1493,0.1388
1327,163,1490,0.1388
1349,165,1514,0.1388
1349,166,1515,0.1388
1336,161,1497,0.1388
1332,163,1495,0.1388
1327,165,1492,0.1388
1328,165,1493,0.1388
1323,165,1488,0.1388
1343,161,1504,0.1388
1349,163,1512,0.1388
1338,163,1501,0.1388
1338,161,1499,0.1388
1352,157,1509,0.1388
1355,159,1514,0.1388
1341,161,1502,0.1388
1337,160,1497,0.1388
1338,158,1496,0.1388
1341,160,1501,0.1388
1327,161,1488,0.1388
1332,162,1494,0.1388
1327,159,1486,0.1388
1337,158,1495,0.1388
1329,160,1489,0.1388
1333,159,1492,0.1388
1319,162,1481,0.1388
1309,166,1475,0.1388
1314,166,1480,0.1388
1314,165,1479,0.1388
1312,168,1480,0.1388
1319,168,1487,0.1388
1337,170,1507,0.1388
1320,169,1489,0.1388
1312,172,1484,0.1388
1311,169,1480,0.1388
1310,168,1478,0.1388
1313,176,1489,0.1388
1307,174,1481,0.1388
1324,177,1501,0.1388
1323,181,1504,0.1388
1312,181,1493,0.1388
1309,182,1491,0.1388
1317,182,1499,0.1388
1324,180,1504,0.1388
1335,182,1517,0.1388
1326,176,1502,0.1388
1323,180,1503,0.1388
1312,180,1492,0.1388
1314,180,1494,0.1388
1310,183,1493,0.1388
1302,188,1490,0.1388
1304,191,1495,0.1388
1312,197,1509,0.1388
1303,194,1497,0.1388
1291,195,1486,0.1388
1305,194,1499,0.1388
1305,195,1500,0.1388
1303,199,1502,0.1388
1322,196,1518,0.1388
1297,199,1496,0.1388
1297,197,1494,0.1388
1299,202,1501,0.1388
1285,204,1489,0.1388
1298,205,1503,0.1388
1296,204,1500,0.1388
1294,199,1493,0.1388
1301,199,1500,0.1388
1313,201,1514,0.1388
1304,200,1504,0.1388
1301,204,1505,0.1388
1293,203,1496,0.1388
1289,200,1489,0.1388
1304,200,1504,0.1388
1299,199,1498,0.1388
1300,196,1496,0.1388
1295,194,1489,0.1388
1294,195,1489,0.1388
1298,201,1499,0.1388
1292,199,1491,0.1388
1298,196,1494,0.1388
1306,192,1498,0.1388
1306,193,1499,0.1388
1299,191,1490,0.1388
1301,193,1494,0.1388
1301,195,1496,0.1388
1298,199,1497,0.1388
1282,204,1486,0.1388
1291,204,1495,0.1388
1287,201,1488,0.1388
1284,201,1485,0.1388
1285,199,1484,0.1388
1291,202,1493,0.1388
1292,204,1496,0.1388
1287,204,1491,0.1388
1289,210,1499,0.1388
1292,213,1505,0.1388
1300,209,1509,0.1388
1299,209,1508,0.1388
1295,212,1507,0.1388
1293,211,1504,0.1388
1296,215,1511,0.1388
1279,213,1492,0.1388
1285,214,1499,0.1388
1285,214,1499,0.1388
1285,215,1500,0.1388
1289,212,1501,0.1388
1272,211,1483,0.1388
1271,217,1488,0.1388
1262,217,1479,0.1388
1259,216,1475,0.1388
1269,224,1493,0.1388
1267,223,1490,0.1388
1252,223,1475,0.1388
1267,222,1489,0.1388
1267,221,1488,0.1388
1268,221,1489,0.1388
1274,223,1497,0.1388
1278,222,1500,0.1388
1274,221,1495,0.1388
1279,227,1506,0.1388
1262,224,1486,0.1388
1275,229,1504,0.1388
1280,226,1506,0.1388
1287,227,1514,0.1388
1276,220,1496,0.1388
1280,217,1497,0.1388
1278,221,1499,0.1388
1274,216,1490,0.1388
1291,223,1514,0.1388
1284,224,1508,0.1388
1281,223,1504,0.1388
1284,222,1506,0.1388
1291,224,1515,0.1388
1276,221,1497,0.1388
1275,225,1500,0.1388
1263,222,1485,0.1388
1276,222,1498,0.1388
1265,234,1499,0.1388
1260,231,1491,0.1388
1272,233,1505,0.1388
1279,236,1515,0.1388
1262,233,1495,0.1388
1271,232,1503,0.1388
1273,229,1502,0.1388
1281,232,1513,0.1388
1278,231,1509,0.1388
1275,235,1510,0.1388
1282,238,1520,0.1388
1272,241,1513,0.1388
1274,238,1512,0.1388
1272,238,1510,0.1388
1257,232,1489,0.1388
1246,237,1483,0.1388
1239,240,1479,0.1388
1242,237,1479,0.1388
1246,238,1484,0.1388
1261,238,1499,0.1388
1252,240,1492,0.1388
1250,243,1493,0.1388
1257,238,1495,0.1388
1243,242,1485,0.1388
1233,243,1476,0.1388
1244,245,1489,0.1388
1247,250,1497,0.1388
1241,245,1486,0.1388
1244,241,1485,0.1388
1241,239,1480,0.1388
1243,241,1484,0.1388
1243,248,1491,0.1388
1258,248,1506,0.1388
1265,243,1508,0.1388
1264,240,1504,0.1388
1258,244,1502,0.1388
1252,245,1497,0.1388
1248,248,1496,0.1388
1246,248,1494,0.1388
1239,251,1490,0.1388
1231,249,1480,0.1388
1238,250,1488,0.1388
1247,253,1500,0.1388
1254,247,1501,0.1388
1261,248,1509,0.1388
1249,252,1501,0.1388
1251,249,1500,0.1388
1253,249,1502,0.1388
1239,249,1488,0.1388
1227,247,1474,0.1388
1243,248,1491,0.1388
1247,246,1493,0.1388
1244,249,1493,0.1388
1240,252,1492,0.1388
1243,255,1498,0.1388
1235,257,1492,0.1388
1246,254,1500,0.1388
1243,248,1491,0.1388
1255,251,1506,0.1388
1264,251,1515,0.1388
1261,255,1516,0.1388
1248,250,1498,0.1388
1249,250,1499,0.1388
1233,257,1490,0.1388
1247,253,1500,0.1388
1246,254,1500,0.1388
1253,257,1510,0.1388
1247,258,1505,0.1388
1243,258,1501,0.1388
1243,262,1505,0.1388
1233,265,1498,0.1388
1226,264,1490,0.1388
1227,271,1498,0.1388
1230,268,1498,0.1388
1229,264,1493,0.1388
1236,255,1491,0.1388
1250,257,1507,0.1388
1242,265,1507,0.1388
1235,265,1500,0.1388
1239,269,1508,0.1388
1233,269,1502,0.1388
1242,276,1518,0.1388
1239,275,1514,0.1388
1221,277,1498,0.1388
1223,276,1499,0.1388
1226,279,1505,0.1388
1218,273,1491,0.1388
1221,272,1493,0.1388
1216,274,1490,0.1388
1220,278,1498,0.1388
1211,278,1489,0.1388
1210,278,1488,0.1388
1223,276,1499,0.1388
1222,277,1499,0.1388
1212,280,1492,0.1388
1208,278,1486,0.1388
1206,276,1482,0.1388
1202,281,1483,0.1388
1199,283,1482,0.1388
1202,281,1483,0.1388
1212,279,1491,0.1388
1210,285,1495,0.1388
1203,285,1488,0.1388
1204,284,1488,0.1388
1202,290,1492,0.1388
1186,294,1480,0.1388
1188,291,1479,0.1388
1193,294,1487,0.1388
1195,291,1486,0.1388
1196,291,1487,0.1388
1202,292,1494,0.1388
1198,292,1490,0.1388
1199,292,1491,0.1388
1206,289,1495,0.1388
1200,296,1496,0.1388
1201,295,1496,0.1388
1193,300,1493,0.1388
1192,304,1496,0.1388
1190,298,1488,0.1388
1190,303,1493,0.1388
1194,306,1500,0.1388
1184,304,1488,0.1388
1186,305,1491,0.1388
1192,302,1494,0.1388
1214,302,1516,0.1388
1214,300,1514,0.1388
1213,298,1511,0.1388
1205,296,1501,0.1388
1209,295,1504,0.1388
1203,297,1500,0.1388
1193,298,1491,0.1388
1195,299,1494,0.1388
1190,305,1495,0.1388
1185,308,1493,0.1388
1184,307,1491,0.1388
1164,316,1480,0.1388
1183,321,1504,0.1388
1174,322,1496,0.1388
1182,321,1503,0.1388
1181,313,1494,0.1388
1174,309,1483,0.1388
1175,310,1485,0.1388
1182,318,1500,0.1388
1178,324,1502,0.1388
1170,331,1501,0.1388
1181,323,1504,0.1388
1183,315,1498,0.1388
1179,320,1499,0.1388
1180,326,1506,0.1388
1175,321,1496,0.1388
1175,321,1496,0.1388
1177,321,1498,0.1388
1184,318,1502,0.1388
1170,322,1492,0.1388
1179,330,1509,0.1388
1179,326,1505,0.1388
1171,323,1494,0.1388
1173,328,1501,0.1388
1172,326,1498,0.1388
1171,330,1501,0.1388
1164,328,1492,0.1388
1161,332,1493,0.1388
1170,336,1506,0.1388
1162,329,1491,0.1388
1169,333,1502,0.1388
1162,338,1500,0.1388
1168,335,1503,0.1388
1167,325,1492,0.1388
1170,334,1504,0.1388
1172,328,1500,0.1388
1171,333,1504,0.1388
1170,334,1504,0.1388
1169,334,1503,0.1388
1162,339,1501,0.1388
1155,338,1493,0.1388
1158,340,1498,0.1388
1164,339,1503,0.1388
1150,339,1489,0.1388
1154,339,1493,0.1388
1145,343,1488,0.1388
1144,336,1480,0.1388
1153,340,1493,0.1388
1152,336,1488,0.1388
1144,344,1488,0.1388
1146,348,1494,0.1388
1132,351,1483,0.1388
1148,358,1506,0.1388
1158,362,1520,0.1388
1156,359,1515,0.1388
1144,359,1503,0.1388
1139,360,1499,0.1388
1141,363,1504,0.1388
1145,359,1504,0.1388
1146,359,1505,0.1388
1140,363,1503,0.1388
1145,365,1510,0.1388
1136,359,1495,0.1388
1127,359,1486,0.1388
1127,364,1491,0.1388
1135,368,1503,0.1388
1137,368,1505,0.1388
1132,368,1500,0.1388
1122,363,1485,0.1388
1131,367,1498,0.1388
1132,370,1502,0.1388
1129,377,1506,0.1388
1128,377,1505,0.1388
1133,382,1515,0.1388
1138,377,1515,0.1388
1133,378,1511,0.1388
1116,384,1500,0.1388
1104,386,1490,0.1388
1111,392,1503,0.1388
1119,393,1512,0.1388
1101,397,1498,0.1388
1106,399,1505,0.1388
1107,399,1506,0.1388
1109,399,1508,0.1388
1110,394,1504,0.1388
1110,387,1497,0.1388
1104,394,1498,0.1388
1109,395,1504,0.1388
1100,393,1493,0.1388
1082,403,1485,0.1388
1085,400,1485,0.1388
1080,398,1478,0.1388
1084,408,1492,0.1388
1089,408,1497,0.1388
1102,409,1511,0.1388
1089,407,1496,0.1388
1086,410,1496,0.1388
1081,405,1486,0.1388
1092,409,1501,0.1388
1077,412,1489,0.1388
1078,417,1495,0.1388
1081,410,1491,0.1388
1091,412,1503,0.1388
1093,422,1515,0.1388
1087,422,1509,0.1388
1087,419,1506,0.1388
1082,419,1501,0.1388
1085,420,1505,0.1388
1079,424,1503,0.1388
1086,429,1515,0.1388
1075,425,1500,0.1388
1080,431,1511,0.1388
1078,429,1507,0.1388
1083,426,1509,0.1388
1094,418,1512,0.1388
1095,413,1508,0.1388
1087,415,1502,0.1388
1079,416,1495,0.1388
1076,413,1489,0.1388
1068,425,1493,0.1388
1064,426,1490,0.1388
1058,426,1484,0.1388
1064,428,1492,0.1388
1060,423,1483,0.1388
1046,432,1478,0.1388
1051,439,1490,0.1388
1063,438,1501,0.1388
1068,443,1511,0.1388
1062,440,1502,0.1388
1066,440,1506,0.1388
1067,441,1508,0.1388
1059,445,1504,0.1388
1061,444,1505,0.1388
1059,440,1499,0.1388
1068,443,1511,0.1388
1055,446,1501,0.1388
1062,448,1510,0.1388
1057,447,1504,0.1388
1054,443,1497,0.1388
1054,442,1496,0.1388
1057,442,1499,0.1388
1051,437,1488,0.1388
1048,444,1492,0.1388
1055,447,1502,0.1388
1072,449,1521,0.1388
1061,454,1515,0.1388
1054,456,1510,0.1388
1062,462,1524,0.1388
1059,449,1508,0.1388
1048,447,1495,0.1388
1052,452,1504,0.1388
1052,457,1509,0.1388
1052,459,1511,0.1388
1051,458,1509,0.1388
1042,458,1500,0.1388
1033,454,1487,0.1388
1042,454,1496,0.1388
1032,465,1497,0.1388
1038,462,1500,0.1388
1030,460,1490,0.1388
1035,462,1497,0.1388
1036,460,1496,0.1388
1034,459,1493,0.1388
1037,459,1496,0.1388
1037,463,1500,0.1388
1039,468,1507,0.1388
1031,467,1498,0.1388
1026,465,1491,0.1388
1025,470,1495,0.1388
1038,466,1504,0.1388
1030,466,1496,0.1388
1024,478,1502,0.1388
1035,474,1509,0.1388
1029,475,1504,0.1388
1022,476,1498,0.1388
1026,475,1501,0.1388
1030,476,1506,0.1388
1032,468,1500,0.1388
1035,466,1501,0.1388
1020,468,1488,0.1388
1023,472,1495,0.1388
1011,471,1482,0.1388
1014,478,1492,0.1388
1026,481,1507,0.1388
1018,485,1503,0.1388
1013,486,1499,0.1388
1017,495,1512,0.1388
1020,499,1519,0.1388
1022,506,1528,0.1388
1012,495,1507,0.1388
1006,496,1502,0.1388
1007,496,1503,0.1388
1008,500,1508,0.1388
1005,500,1505,0.1388
1005,495,1500,0.1388
996,495,1491,0.1388
1001,497,1498,0.1388
994,500,1494,0.1388
993,506,1499,0.1388
1000,501,1501,0.1388
1013,503,1516,0.1388
1009,496,1505,0.1388
1002,495,1497,0.1388
1003,500,1503,0.1388
1008,510,1518,0.1388
1012,506,1518,0.1388
1003,517,1520,0.1388
1008,509,1517,0.1388
1000,507,1507,0.1388
1006,511,1517,0.1388
999,520,1519,0.1388
989,521,1510,0.1388
985,520,1505,0.1388
990,515,1505,0.1388
985,521,1506,0.1388
980,523,1503,0.1388
974,521,1495,0.1388
961,529,1490,0.1388
963,541,1504,0.1388
955,542,1497,0.1388
954,537,1491,0.1388
956,538,1494,0.1388
948,535,1483,0.1388
959,548,1507,0.1388
966,550,1516,0.1388
966,548,1514,0.1388
964,541,1505,0.1388
967,542,1509,0.1388
971,536,1507,0.1388
957,536,1493,0.1388
960,535,1495,0.1388
963,536,1499,0.1388
962,545,1507,0.1388
949,548,1497,0.1388
954,544,1498,0.1388
953,546,1499,0.1388
943,550,1493,0.1388
940,554,1494,0.1388
933,557,1490,0.1388
937,560,1497,0.1388
928,558,1486,0.1388
941,563,1504,0.1388
939,569,1508,0.1388
940,565,1505,0.1388
940,561,1501,0.1388
942,564,1506,0.1388
942,568,1510,0.1388
941,570,1511,0.1388
939,576,1515,0.1388
938,578,1516,0.1388
933,575,1508,0.1388
929,573,1502,0.1388
929,569,1498,0.1388
933,568,1501,0.1388
930,563,1493,0.1388
928,567,1495,0.1388
929,573,1502,0.1388
929,575,1504,0.1388
925,574,1499,0.1388
931,571,1502,0.1388
930,577,1507,0.1388
925,573,1498,0.1388
929,576,1505,0.1388
941,571,1512,0.1388
934,570,1504,0.1388
928,568,1496,0.1388
917,558,1475,0.1388
926,567,1493,0.1388
906,569,1475,0.1388
903,578,1481,0.1388
898,594,1492,0.1388
909,591,1500,0.1388
911,590,1501,0.1388
918,600,1518,0.1388
915,602,1517,0.1388
908,603,1511,0.1388
912,600,1512,0.1388
911,606,1517,0.1388
903,595,1498,0.1388
907,596,1503,0.1388
901,603,1504,0.1388
899,604,1503,0.1388
903,603,1506,0.1388
901,606,1507,0.1388
902,602,1504,0.1388
894,605,1499,0.1388
886,608,1494,0.1388
886,611,1497,0.1388
878,609,1487,0.1388
880,614,1494,0.1388
871,607,1478,0.1388
875,616,1491,0.1388
870,623,1493,0.1388
868,628,1496,0.1388
877,626,1503,0.1388
884,626,1510,0.1388
877,620,1497,0.1388
883,624,1507,0.1388
884,622,1506,0.1388
877,623,1500,0.1388
882,625,1507,0.1388
877,620,1497,0.1388
877,629,1506,0.1388
878,627,1505,0.1388
873,624,1497,0.1388
873,622,1495,0.1388
863,632,1495,0.1388
865,625,1490,0.1388
858,630,1488,0.1388
867,638,1505,0.1388
872,642,1514,0.1388
877,637,1514,0.1388
875,649,1524,0.1388
864,649,1513,0.1388
867,651,1518,0.1388
867,652,1519,0.1388
872,652,1524,0.1388
873,654,1527,0.1388
859,648,1507,0.1388
858,651,1509,0.1388
846,654,1500,0.1388
844,649,1493,0.1388
856,648,1504,0.1388
864,652,1516,0.1388
858,643,1501,0.1388
859,643,1502,0.1388
859,651,1510,0.1388
857,647,1504,0.1388
860,650,1510,0.1388
854,650,1504,0.1388
847,642,1489,0.1388
854,653,1507,0.1388
849,649,1498,0.1388
849,648,1497,0.1388
848,658,1506,0.1388
842,666,1508,0.1388
849,671,1520,0.1388
843,666,1509,0.1388
848,669,1517,0.1388
841,670,1511,0.1388
838,669,1507,0.1388
834,659,1493,0.1388
835,664,1499,0.1388
837,656,1493,0.1388
837,667,1504,0.1388
843,666,1509,0.1388
839,678,1517,0.1388
839,678,1517,0.1388
835,677,1512,0.1388
831,680,1511,0.1388
824,678,1502,0.1388
829,683,1512,0.1388
822,676,1498,0.1388
813,687,1500,0.1388
816,684,1500,0.1388
820,694,1514,0.1388
815,695,1510,0.1388
812,685,1497,0.1388
814,689,1503,0.1388
813,688,1501,0.1388
808,689,1497,0.1388
803,703,1506,0.1388
811,706,1517,0.1388
812,699,1511,0.1388
802,695,1497,0.1388
794,702,1496,0.1388
796,717,1513,0.1388
796,716,1512,0.1388
799,713,1512,0.1388
801,723,1524,0.1388
784,710,1494,0.1388
790,708,1498,0.1388
789,719,1508,0.1388
786,718,1504,0.1388
771,722,1493,0.1388
768,725,1493,0.1388
782,725,1507,0.1388
785,724,1509,0.1388
784,727,1511,0.1388
777,725,1502,0.1388
781,724,1505,0.1388
785,728,1513,0.1388
794,726,1520,0.1388
794,725,1519,0.1388
778,735,1513,0.1388
764,740,1504,0.1388
758,747,1505,0.1388
750,764,1514,0.1388
737,764,1501,0.1388
738,757,1495,0.1388
732,764,1496,0.1388
745,767,1512,0.1388
752,771,1523,0.1388
738,769,1507,0.1388
738,768,1506,0.1388
746,769,1515,0.1388
741,759,1500,0.1388
743,768,1511,0.1388
749,763,1512,0.1388
742,763,1505,0.1388
746,766,1512,0.1388
739,774,1513,0.1388
742,777,1519,0.1388
736,762,1498,0.1388
729,764,1493,0.1388
741,769,1510,0.1388
742,766,1508,0.1388
742,761,1503,0.1388
739,759,1498,0.1388
743,767,1510,0.1388
742,763,1505,0.1388
732,772,1504,0.1388
734,773,1507,0.1388
739,767,1506,0.1388
740,776,1516,0.1388
745,772,1517,0.1388
745,772,1517,0.1388
735,769,1504,0.1388
739,772,1511,0.1388
734,769,1503,0.1388
732,766,1498,0.1388
737,769,1506,0.1388
739,762,1501,0.1388
727,761,1488,0.1388
737,769,1506,0.1388
724,765,1489,0.1388
722,770,1492,0.1388
720,774,1494,0.1388
724,774,1498,0.1388
729,775,1504,0.1388
718,764,1482,0.1388
730,772,1502,0.1388
726,778,1504,0.1388
723,784,1507,0.1388
727,785,1512,0.1388
730,789,1519,0.1388
731,788,1519,0.1388
729,784,1513,0.1388
731,780,1511,0.1388
726,781,1507,0.1388
736,776,1512,0.1388
738,775,1513,0.1388
738,779,1517,0.1388
745,783,1528,0.1388
732,779,1511,0.1388
738,768,1506,0.1388
728,765,1493,0.1388
722,777,1499,0.1388
717,778,1495,0.1388
731,768,1499,0.1388
746,766,1512,0.1388
734,769,1503,0.1388
732,776,1508,0.1388
724,781,1505,0.1388
720,775,1495,0.1388
721,780,1501,0.1388
730,780,1510,0.1388
731,785,1516,0.1388
734,778,1512,0.1388
734,779,1513,0.1388
729,792,1521,0.1388
722,796,1518,0.1388
732,789,1521,0.1388
735,787,1522,0.1388
742,780,1522,0.1388
740,780,1520,0.1388
727,796,1523,0.1388
705,801,1506,0.1388
698,804,1502,0.1388
698,802,1500,0.1388
698,808,1506,0.1388
694,807,1501,0.1388
696,813,1509,0.1388
700,807,1507,0.1388
709,812,1521,0.1388
701,810,1511,0.1388
701,815,1516,0.1388
692,812,1504,0.1388
698,808,1506,0.1388
700,814,1514,0.1388
695,806,1501,0.1388
709,810,1519,0.1388
705,812,1517,0.1388
701,814,1515,0.1388
690,814,1504,0.1388
688,812,1500,0.1388
689,822,1511,0.1388
679,822,1501,0.1388
682,823,1505,0.1388
680,821,1501,0.1388
670,829,1499,0.1388
665,828,1493,0.1388
656,833,1489,0.1388
666,828,1494,0.1388
663,830,1493,0.1388
674,832,1506,0.1388
675,839,1514,0.1388
670,840,1510,0.1388
665,848,1513,0.1388
668,838,1506,0.1388
669,845,1514,0.1388
670,855,1525,0.1388
669,860,1529,0.1388
658,846,1504,0.1388
664,853,1517,0.1388
661,851,1512,0.1388
660,846,1506,0.1388
653,843,1496,0.1388
661,852,1513,0.1388
657,853,1510,0.1388
657,851,1508,0.1388
654,856,1510,0.1388
661,860,1521,0.1388
664,854,1518,0.1388
667,841,1508,0.1388
672,834,1506,0.1388
680,838,1518,0.1388
675,839,1514,0.1388
670,836,1506,0.1388
671,845,1516,0.1388
669,852,1521,0.1388
655,844,1499,0.1388
647,841,1488,0.1388
638,848,1486,0.1388
637,849,1486,0.1388
640,863,1503,0.1388
643,866,1509,0.1388
637,867,1504,0.1388
633,873,1506,0.1388
632,869,1501,0.1388
636,865,1501,0.1388
641,866,1507,0.1388
644,873,1517,0.1388
640,878,1518,0.1388
644,887,1531,0.1388
634,890,1524,0.1388
629,890,1519,0.1388
635,885,1520,0.1388
629,894,1523,0.1388
620,889,1509,0.1388
616,898,1514,0.1388
616,889,1505,0.1388
617,890,1507,0.1388
612,888,1500,0.1388
622,895,1517,0.1388
625,896,1521,0.1388
623,900,1523,0.1388
625,902,1527,0.1388
623,903,1526,0.1388
614,906,1520,0.1388
613,916,1529,0.1388
612,922,1534,0.1388
607,915,1522,0.1388
601,907,1508,0.1388
604,907,1511,0.1388
601,916,1517,0.1388
597,915,1512,0.1388
587,920,1507,0.1388
597,919,1516,0.1388
593,917,1510,0.1388
598,917,1515,0.1388
594,909,1503,0.1388
596,903,1499,0.1388
600,910,1510,0.1388
603,914,1517,0.1388
596,918,1514,0.1388
591,925,1516,0.1388
594,919,1513,0.1388
588,917,1505,0.1388
589,918,1507,0.1388
594,931,1525,0.1388
591,926,1517,0.1388
584,919,1503,0.1388
590,921,1511,0.1388
588,929,1517,0.1388
586,917,1503,0.1388
586,907,1493,0.1388
593,911,1504,0.1388
597,920,1517,0.1388
583,932,1515,0.1388
581,929,1510,0.1388
579,938,1517,0.1388
582,938,1520,0.1388
574,934,1508,0.1388
579,944,1523,0.1388
577,950,1527,0.1388
577,947,1524,0.1388
577,937,1514,0.1388
576,941,1517,0.1388
586,935,1521,0.1388
582,938,1520,0.1388
577,939,1516,0.1388
570,948,1518,0.1388
568,943,1511,0.1388
568,953,1521,0.1388
571,958,1529,0.1388
567,951,1518,0.1388
564,950,1514,0.1388
555,947,1502,0.1388
551,955,1506,0.1388
547,954,1501,0.1388
547,962,1509,0.1388
554,956,1510,0.1388
548,954,1502,0.1388
546,961,1507,0.1388
547,965,1512,0.1388
544,970,1514,0.1388
539,961,1500,0.1388
534,968,1502,0.1388
530,979,1509,0.1388
522,992,1514,0.1388
537,992,1529,0.1388
536,999,1535,0.1388
531,989,1520,0.1388
540,985,1525,0.1388
532,989,1521,0.1388
530,986,1516,0.1388
517,979,1496,0.1388
521,987,1508,0.1388
517,998,1515,0.1388
511,1002,1513,0.1388
511,985,1496,0.1388
508,979,1487,0.1388
497,989,1486,0.1388
507,996,1503,0.1388
509,996,1505,0.1388
509,1000,1509,0.1388
502,1003,1505,0.1388
499,1000,1499,0.1388
497,1005,1502,0.1388
495,1011,1506,0.1388
489,1004,1493,0.1388
485,1015,1500,0.1388
494,1018,1512,0.1388
485,1011,1496,0.1388
486,1014,1500,0.1388
481,999,1480,0.1388
490,1010,1500,0.1388
491,1018,1509,0.1388
486,1036,1522,0.1388
483,1032,1515,0.1388
484,1036,1520,0.1388
487,1032,1519,0.1388
491,1024,1515,0.1388
491,1022,1513,0.1388
487,1014,1501,0.1388
484,1020,1504,0.1388
474,1020,1494,0.1388
470,1035,1505,0.1388
475,1031,1506,0.1388
471,1034,1505,0.1388
471,1036,1507,0.1388
463,1038,1501,0.1388
452,1038,1490,0.1388
456,1050,1506,0.1388
451,1045,1496,0.1388
447,1051,1498,0.1388
444,1055,1499,0.1388
451,1049,1500,0.1388
448,1059,1507,0.1388
450,1060,1510,0.1388
448,1064,1512,0.1388
450,1055,1505,0.1388
455,1064,1519,0.1388
450,1067,1517,0.1388
448,1072,1520,0.1388
447,1065,1512,0.1388
450,1072,1522,0.1388
444,1070,1514,0.1388
446,1063,1509,0.1388
444,1063,1507,0.1388
440,1068,1508,0.1388
441,1076,1517,0.1388
442,1074,1516,0.1388
441,1064,1505,0.1388
441,1057,1498,0.1388
434,1074,1508,0.1388
436,1072,1508,0.1388
430,1074,1504,0.1388
427,1079,1506,0.1388
433,1076,1509,0.1388
434,1069,1503,0.1388
425,1079,1504,0.1388
420,1076,1496,0.1388
421,1074,1495,0.1388
420,1079,1499,0.1388
411,1087,1498,0.1388
412,1086,1498,0.1388
410,1089,1499,0.1388
406,1096,1502,0.1388
399,1099,1498,0.1388
401,1102,1503,0.1388
395,1114,1509,0.1388
393,1116,1509,0.1388
390,1119,1509,0.1388
392,1114,1506,0.1388
400,1120,1520,0.1388
400,1121,1521,0.1388
402,1114,1516,0.1388
397,1113,1510,0.1388
401,1113,1514,0.1388
403,1114,1517,0.1388
401,1114,1515,0.1388
402,1114,1516,0.1388
397,1125,1522,0.1388
399,1132,1531,0.1388
398,1136,1534,0.1388
396,1125,1521,0.1388
388,1119,1507,0.1388
384,1116,1500,0.1388
384,1128,1512,0.1388
378,1126,1504,0.1388
377,1122,1499,0.1388
375,1125,1500,0.1388
377,1129,1506,0.1388
373,1123,1496,0.1388
380,1121,1501,0.1388
378,1118,1496,0.1388
367,1131,1498,0.1388
370,1141,1511,0.1388
369,1144,1513,0.1388
372,1143,1515,0.1388
368,1145,1513,0.1388
375,1150,1525,0.1388
372,1146,1518,0.1388
375,1142,1517,0.1388
373,1150,1523,0.1388
371,1148,1519,0.1388
377,1148,1525,0.1388
377,1150,1527,0.1388
375,1157,1532,0.1388
371,1144,1515,0.1388
373,1140,1513,0.1388
367,1140,1507,0.1388
368,1136,1504,0.1388
374,1120,1494,0.1388
374,1129,1503,0.1388
370,1129,1499,0.1388
370,1152,1522,0.1388
369,1150,1519,0.1388
368,1148,1516,0.1388
366,1152,1518,0.1388
364,1154,1518,0.1388
358,1155,1513,0.1388
357,1148,1505,0.1388
355,1160,1515,0.1388
356,1147,1503,0.1388
356,1141,1497,0.1388
357,1141,1498,0.1388
352,1150,1502,0.1388
350,1153,1503,0.1388
350,1149,1499,0.1388
352,1157,1509,0.1388
351,1148,1499,0.1388
350,1148,1498,0.1388
355,1153,1508,0.1388
348,1151,1499,0.1388
349,1167,1516,0.1388
344,1170,1514,0.1388
343,1177,1520,0.1388
344,1172,1516,0.1388
346,1177,1523,0.1388
343,1190,1533,0.1388
347,1178,1525,0.1388
345,1171,1516,0.1388
351,1161,1512,0.1388
350,1149,1499,0.1388
351,1153,1504,0.1388
345,1159,1504,0.1388
342,1160,1502,0.1388
343,1155,1498,0.1388
335,1160,1495,0.1388
332,1178,1510,0.1388
330,1183,1513,0.1388
333,1179,1512,0.1388
331,1181,1512,0.1388
327,1170,1497,0.1388
323,1168,1491,0.1388
322,1170,1492,0.1388
325,1183,1508,0.1388
320,1192,1512,0.1388
321,1197,1518,0.1388
325,1214,1539,0.1388
325,1199,1524,0.1388
318,1189,1507,0.1388
313,1197,1510,0.1388
303,1187,1490,0.1388
305,1215,1520,0.1388
313,1210,1523,0.1388
311,1206,1517,0.1388
306,1203,1509,0.1388
308,1197,1505,0.1388
309,1203,1512,0.1388
306,1201,1507,0.1388
296,1190,1486,0.1388
296,1194,1490,0.1388
292,1203,1495,0.1388
294,1207,1501,0.1388
292,1226,1518,0.1388
291,1227,1518,0.1388
288,1223,1511,0.1388
294,1226,1520,0.1388
292,1229,1521,0.1388
293,1225,1518,0.1388
297,1231,1528,0.1388
294,1225,1519,0.1388
296,1219,1515,0.1388
300,1219,1519,0.1388
302,1212,1514,0.1388
299,1210,1509,0.1388
300,1212,1512,0.1388
295,1212,1507,0.1388
296,1209,1505,0.1388
285,1218,1503,0.1388
283,1224,1507,0.1388
284,1235,1519,0.1388
287,1230,1517,0.1388
294,1217,1511,0.1388
292,1218,1510,0.1388
287,1226,1513,0.1388
282,1225,1507,0.1388
287,1227,1514,0.1388
287,1239,1526,0.1388
277,1237,1514,0.1388
279,1235,1514,0.1388
278,1235,1513,0.1388
273,1235,1508,0.1388
269,1240,1509,0.1388
266,1247,1513,0.1388
271,1249,1520,0.1388
272,1245,1517,0.1388
272,1244,1516,0.1388
272,1246,1518,0.1388
271,1250,1521,0.1388
274,1248,1522,0.1388
281,1248,1529,0.1388
276,1250,1526,0.1388
279,1253,1532,0.1388
280,1259,1539,0.1388
275,1243,1518,0.1388
270,1248,1518,0.1388
270,1250,1520,0.1388
270,1258,1528,0.1388
267,1254,1521,0.1388
268,1245,1513,0.1388
270,1239,1509,0.1388
266,1235,1501,0.1388
264,1244,1508,0.1388
268,1229,1497,0.1388
264,1236,1500,0.1388
262,1246,1508,0.1388
263,1250,1513,0.1388
261,1262,1523,0.1388
260,1253,1513,0.1388
263,1250,1513,0.1388
267,1250,1517,0.1388
260,1244,1504,0.1388
258,1239,1497,0.1388
256,1232,1488,0.1388
260,1246,1506,0.1388
262,1249,1511,0.1388
260,1261,1521,0.1388
262,1256,1518,0.1388
260,1259,1519,0.1388
263,1258,1521,0.1388
266,1242,1508,0.1388
263,1243,1506,0.1388
260,1254,1514,0.1388
257,1250,1507,0.1388
257,1257,1514,0.1388
257,1261,1518,0.1388
256,1257,1513,0.1388
259,1255,1514,0.1388
259,1256,1515,0.1388
256,1263,1519,0.1388
251,1271,1522,0.1388
254,1264,1518,0.1388
253,1244,1497,0.1388
261,1245,1506,0.1388
254,1254,1508,0.1388
254,1253,1507,0.1388
257,1264,1521,0.1388
255,1259,1514,0.1388
245,1246,1491,0.1388
247,1235,1482,0.1388
242,1252,1494,0.1388
243,1265,1508,0.1388
245,1261,1506,0.1388
243,1283,1526,0.1388
239,1281,1520,0.1388
240,1289,1529,0.1388
233,1300,1533,0.1388
235,1294,1529,0.1388
231,1291,1522,0.1388
234,1292,1526,0.1388
230,1295,1525,0.1388
219,1282,1501,0.1388
227,1291,1518,0.1388
227,1287,1514,0.1388
226,1281,1507,0.1388
227,1272,1499,0.1388
232,1287,1519,0.1388
235,1277,1512,0.1388
242,1292,1534,0.1388
240,1276,1516,0.1388
239,1280,1519,0.1388
237,1280,1517,0.1388
232,1288,1520,0.1388
231,1275,1506,0.1388
234,1281,1515,0.1388
232,1281,1513,0.1388
228,1281,1509,0.1388
231,1277,1508,0.1388
232,1291,1523,0.1388
233,1284,1517,0.1388
234,1286,1520,0.1388
231,1287,1518,0.1388
232,1271,1503,0.1388
228,1272,1500,0.1388
230,1275,1505,0.1388
234,1265,1499,0.1388
231,1271,1502,0.1388
226,1286,1512,0.1388
222,1293,1515,0.1388
221,1304,1525,0.1388
219,1299,1518,0.1388
218,1301,1519,0.1388
220,1302,1522,0.1388
225,1304,1529,0.1388
220,1312,1532,0.1388
221,1301,1522,0.1388
223,1306,1529,0.1388
218,1307,1525,0.1388
217,1297,1514,0.1388
215,1306,1521,0.1388
214,1299,1513,0.1388
213,1299,1512,0.1388
219,1301,1520,0.1388
217,1295,1512,0.1388
220,1296,1516,0.1388
223,1294,1517,0.1388
223,1302,1525,0.1388
221,1289,1510,0.1388
218,1287,1505,0.1388
219,1294,1513,0.1388
215,1301,1516,0.1388
219,1298,1517,0.1388
222,1303,1525,0.1388
219,1297,1516,0.1388
218,1302,1520,0.1388
220,1302,1522,0.1388
216,1313,1529,0.1388
218,1306,1524,0.1388
216,1310,1526,0.1388
221,1315,1536,0.1388
218,1320,1538,0.1388
219,1307,1526,0.1388
218,1299,1517,0.1388
215,1302,1517,0.1388
211,1294,1505,0.1388
209,1302,1511,0.1388
207,1304,1511,0.1388
208,1307,1515,0.1388
209,1319,1528,0.1388
205,1314,1519,0.1388
203,1313,1516,0.1388
199,1304,1503,0.1388
199,1309,1508,0.1388
200,1320,1520,0.1388
199,1335,1534,0.1388
196,1331,1527,0.1388
199,1333,1532,0.1388
198,1336,1534,0.1388
193,1329,1522,0.1388
189,1336,1525,0.1388
189,1323,1512,0.1388
191,1310,1501,0.1388
186,1313,1499,0.1388
184,1310,1494,0.1388
186,1322,1508,0.1388
182,1317,1499,0.1388
185,1325,1510,0.1388
189,1328,1517,0.1388
185,1338,1523,0.1388
186,1338,1524,0.1388
179,1330,1509,0.1388
184,1323,1507,0.1388
183,1342,1525,0.1388
186,1344,1530,0.1388
186,1332,1518,0.1388
185,1337,1522,0.1388
185,1326,1511,0.1388
183,1324,1507,0.1388
186,1326,1512,0.1388
184,1330,1514,0.1388
185,1336,1521,0.1388
183,1329,1512,0.1388
180,1330,1510,0.1388
180,1329,1509,0.1388
179,1346,1525,0.1388
176,1344,1520,0.1388
177,1340,1517,0.1388
181,1341,1522,0.1388
179,1334,1513,0.1388
178,1341,1519,0.1388
181,1341,1522,0.1388
176,1351,1527,0.1388
178,1348,1526,0.1388
178,1351,1529,0.1388
177,1354,1531,0.1388
176,1346,1522,0.1388
176,1350,1526,0.1388
175,1343,1518,0.1388
173,1338,1511,0.1388
172,1345,1517,0.1388
175,1344,1519,0.1388
175,1358,1533,0.1388
171,1351,1522,0.1388
170,1353,1523,0.1388
171,1346,1517,0.1388
171,1354,1525,0.1388
168,1350,1518,0.1388
165,1334,1499,0.1388
165,1336,1501,0.1388
162,1350,1512,0.1388
164,1347,1511,0.1388
161,1357,1518,0.1388
159,1359,1518,0.1388
154,1359,1513,0.1388
153,1361,1514,0.1388
156,1352,1508,0.1388
156,1352,1508,0.1388
156,1347,1503,0.1388
160,1352,1512,0.1388
155,1355,1510,0.1388
155,1368,1523,0.1388
158,1369,1527,0.1388
159,1375,1534,0.1388
157,1367,1524,0.1388
161,1357,1518,0.1388
156,1364,1520,0.1388
156,1359,1515,0.1388
152,1364,1516,0.1388
154,1355,1509,0.1388
157,1356,1513,0.1388
157,1358,1515,0.1388
157,1365,1522,0.1388
152,1359,1511,0.1388
153,1364,1517,0.1388
152,1374,1526,0.1388
151,1370,1521,0.1388
148,1363,1511,0.1388
148,1369,1517,0.1388
148,1365,1513,0.1388
146,1366,1512,0.1388
149,1367,1516,0.1388
146,1374,1520,0.1388
140,1366,1506,0.1388
142,1370,1512,0.1388
140,1367,1507,0.1388
136,1374,1510,0.1388
135,1383,1518,0.1388
135,1395,1530,0.1388
132,1387,1519,0.1388
132,1383,1515,0.1388
129,1385,1514,0.1388
131,1384,1515,0.1388
133,1387,1520,0.1388
129,1377,1506,0.1388
130,1388,1518,0.1388
130,1380,1510,0.1388
125,1373,1498,0.1388
128,1356,1484,0.1388
130,1378,1508,0.1388
132,1383,1515,0.1388
130,1393,1523,0.1388
129,1404,1533,0.1388
126,1403,1529,0.1388
125,1407,1532,0.1388
121,1393,1514,0.1388
122,1394,1516,0.1388
118,1402,1520,0.1388
121,1405,1526,0.1388
121,1399,1520,0.1388
125,1398,1523,0.1388
125,1395,1520,0.1388
122,1400,1522,0.1388
120,1399,1519,0.1388
121,1399,1520,0.1388
124,1396,1520,0.1388
124,1399,1523,0.1388
124,1385,1509,0.1388
125,1384,1509,0.1388
121,1387,1508,0.1388
123,1388,1511,0.1388
124,1394,1518,0.1388
124,1392,1516,0.1388
124,1394,1518,0.1388
127,1392,1519,0.1388
125,1395,1520,0.1388
127,1390,1517,0.1388
125,1390,1515,0.1388
126,1387,1513,0.1388
124,1379,1503,0.1388
122,1391,1513,0.1388
119,1398,1517,0.1388
119,1401,1520,0.1388
117,1395,1512,0.1388
113,1397,1510,0.1388
113,1395,1508,0.1388
111,1406,1517,0.1388
116,1400,1516,0.1388
118,1409,1527,0.1388
119,1409,1528,0.1388
115,1396,1511,0.1388
115,1419,1534,0.1388
115,1410,1525,0.1388
118,1402,1520,0.1388
118,1396,1514,0.1388
113,1403,1516,0.1388
114,1403,1517,0.1388
112,1419,1531,0.1388
114,1422,1536,0.1388
119,1412,1531,0.1388
116,1411,1527,0.1388
115,1422,1537,0.1388
114,1421,1535,0.1388
111,1413,1524,0.1388
109,1406,1515,0.1388
115,1388,1503,0.1388
114,1399,1513,0.1388
116,1392,1508,0.1388
119,1396,1515,0.1388
118,1396,1514,0.1388
119,1403,1522,0.1388
112,1403,1515,0.1388
110,1402,1512,0.1388
109,1409,1518,0.1388
109,1412,1521,0.1388
110,1413,1523,0.1388
112,1409,1521,0.1388
114,1408,1522,0.1388
113,1411,1524,0.1388
113,1413,1526,0.1388
112,1404,1516,0.1388
112,1408,1520,0.1388
110,1414,1524,0.1388
109,1410,1519,0.1388
106,1403,1509,0.1388
103,1417,1520,0.1388
102,1428,1530,0.1388
100,1427,1527,0.1388
100,1419,1519,0.1388
102,1426,1528,0.1388
101,1424,1525,0.1388
97,1417,1514,0.1388
96,1412,1508,0.1388
97,1416,1513,0.1388
97,1429,1526,0.1388
95,1429,1524,0.1388
92,1430,1522,0.1388
94,1425,1519,0.1388
95,1421,1516,0.1388
94,1417,1511,0.1388
93,1414,1507,0.1388
94,1416,1510,0.1388
93,1422,1515,0.1388
94,1424,1518,0.1388
88,1430,1518,0.1388
89,1425,1514,0.1388
91,1424,1515,0.1388
90,1418,1508,0.1388
87,1410,1497,0.1388
85,1414,1499,0.1388
86,1428,1514,0.1388
86,1431,1517,0.1388
84,1413,1497,0.1388
81,1420,1501,0.1388
81,1425,1506,0.1388
79,1437,1516,0.1388
78,1443,1521,0.1388
77,1440,1517,0.1388
79,1433,1512,0.1388
76,1434,1510,0.1388
78,1447,1525,0.1388
76,1449,1525,0.1388
78,1434,1512,0.1388
80,1443,1523,0.1388
79,1449,1528,0.1388
78,1449,1527,0.1388
79,1447,1526,0.1388
80,1443,1523,0.1388
81,1433,1514,0.1388
76,1433,1509,0.1388
80,1450,1530,0.1388
78,1429,1507,0.1388
79,1440,1519,0.1388
76,1452,1528,0.1388
79,1446,1525,0.1388
82,1440,1522,0.1388
80,1434,1514,0.1388
77,1446,1523,0.1388
75,1441,1516,0.1388
74,1446,1520,0.1388
73,1444,1517,0.1388
72,1456,1528,0.1388
69,1459,1528,0.1388
68,1446,1514,0.1388
67,1448,1515,0.1388
66,1442,1508,0.1388
66,1453,1519,0.1388
66,1447,1513,0.1388
62,1447,1509,0.1388
62,1446,1508,0.1388
63,1443,1506,0.1388
61,1431,1492,0.1388
62,1429,1491,0.1388
62,1438,1500,0.1388
64,1454,1518,0.1388
63,1446,1509,0.1388
62,1447,1509,0.1388
61,1455,1516,0.1388
59,1459,1518,0.1388
62,1449,1511,0.1388
63,1458,1521,0.1388
63,1451,1514,0.1388
65,1451,1516,0.1388
67,1459,1526,0.1388
65,1440,1505,0.1388
66,1433,1499,0.1388
68,1442,1510,0.1388
66,1439,1505,0.1388
65,1454,1519,0.1388
66,1451,1517,0.1388
64,1453,1517,0.1388
64,1456,1520,0.1388
65,1466,1531,0.1388
65,1467,1532,0.1388
65,1465,1530,0.1388
61,1468,1529,0.1388
60,1467,1527,0.1388
57,1476,1533,0.1388
57,1469,1526,0.1388
56,1460,1516,0.1388
58,1466,1524,0.1388
56,1455,1511,0.1388
56,1459,1515,0.1388
57,1452,1509,0.1388
58,1463,1521,0.1388
56,1455,1511,0.1388
56,1452,1508,0.1388
56,1454,1510,0.1388
57,1455,1512,0.1388
57,1448,1505,0.1388
58,1457,1515,0.1388
59,1468,1527,0.1388
54,1471,1525,0.1388
51,1466,1517,0.1388
51,1459,1510,0.1388
51,1464,1515,0.1388
54,1460,1514,0.1388
53,1474,1527,0.1388
53,1455,1508,0.1388
51,1440,1491,0.1388
52,1449,1501,0.1388
52,1463,1515,0.1388
51,1464,1515,0.1388
53,1462,1515,0.1388
50,1472,1522,0.1388
49,1464,1513,0.1388
48,1466,1514,0.1388
49,1462,1511,0.1388
49,1464,1513,0.1388
50,1468,1518,0.1388
50,1475,1525,0.1388
50,1473,1523,0.1388
51,1465,1516,0.1388
52,1471,1523,0.1388
52,1468,1520,0.1388
55,1466,1521,0.1388
54,1463,1517,0.1388
54,1463,1517,0.1388
54,1469,1523,0.1388
55,1466,1521,0.1388
54,1462,1516,0.1388
53,1460,1513,0.1388
53,1459,1512,0.1388
54,1454,1508,0.1388
53,1446,1499,0.1388
51,1444,1495,0.1388
49,1460,1509,0.1388
51,1465,1516,0.1388
50,1468,1518,0.1388
51,1468,1519,0.1388
51,1478,1529,0.1388
53,1468,1521,0.1388
52,1462,1514,0.1388
53,1460,1513,0.1388
53,1464,1517,0.1388
53,1471,1524,0.1388
51,1466,1517,0.1388
54,1455,1509,0.1388
54,1450,1504,0.1388
54,1460,1514,0.1388
51,1461,1512,0.1388
50,1471,1521,0.1388
48,1469,1517,0.1388
49,1480,1529,0.1388
49,1472,1521,0.1388
47,1472,1519,0.1388
48,1470,1518,0.1388
52,1485,1537,0.1388
52,1474,1526,0.1388
50,1466,1516,0.1388
51,1474,1525,0.1388
50,1479,1529,0.1388
48,1474,1522,0.1388
48,1476,1524,0.1388
46,1483,1529,0.1388
44,1476,1520,0.1388
42,1476,1518,0.1388
43,1486,1529,0.1388
44,1476,1520,0.1388
43,1469,1512,0.1388
43,1473,1516,0.1388
39,1464,1503,0.1388
37,1467,1504,0.1388
38,1464,1502,0.1388
38,1460,1498,0.1388
41,1464,1505,0.1388
41,1469,1510,0.1388
39,1481,1520,0.1388
39,1480,1519,0.1388
39,1477,1516,0.1388
38,1471,1509,0.1388
36,1472,1508,0.1388
35,1475,1510,0.1388
31,1474,1505,0.1388
28,1467,1495,0.1388
28,1474,1502,0.1388
30,1483,1513,0.1388
31,1475,1506,0.1388
34,1486,1520,0.1388
33,1479,1512,0.1388
34,1475,1509,0.1388
33,1473,1506,0.1388
32,1472,1504,0.1388
32,1470,1502,0.1388
33,1477,1510,0.1388
34,1464,1498,0.1388
35,1464,1499,0.1388
36,1463,1499,0.1388
36,1479,1515,0.1388
37,1485,1522,0.1388
34,1481,1515,0.1388
35,1486,1521,0.1388
36,1481,1517,0.1388
35,1473,1508,0.1388
36,1479,1515,0.1388
36,1477,1513,0.1388
37,1489,1526,0.1388
36,1488,1524,0.1388
36,1495,1531,0.1388
36,1488,1524,0.1388
37,1481,1518,0.1388
37,1489,1526,0.1388
35,1481,1516,0.1388
35,1481,1516,0.1388
35,1467,1502,0.1388
35,1474,1509,0.1388
34,1468,1502,0.1388
36,1470,1506,0.1388
34,1484,1518,0.1388
34,1479,1513,0.1388
35,1474,1509,0.1388
35,1482,1517,0.1388
36,1483,1519,0.1388
34,1490,1524,0.1388
33,1479,1512,0.1388
32,1488,1520,0.1388
33,1488,1521,0.1388
31,1483,1514,0.1388
31,1477,1508,0.1388
32,1478,1510,0.1388
33,1495,1528,0.1388
33,1484,1517,0.1388
33,1487,1520,0.1388
33,1485,1518,0.1388
32,1482,1514,0.1388
33,1489,1522,0.1388
33,1489,1522,0.1388
31,1488,1519,0.1388
29,1491,1520,0.1388
30,1483,1513,0.1388
30,1484,1514,0.1388
30,1478,1508,0.1388
30,1466,1496,0.1388
30,1478,1508,0.1388
29,1489,1518,0.1388
29,1500,1529,0.1388
31,1490,1521,0.1388
31,1485,1516,0.1388
31,1485,1516,0.1388
31,1488,1519,0.1388
31,1482,1513,0.1388
31,1501,1532,0.1388
30,1498,1528,0.1388
29,1495,1524,0.1388
29,1474,1503,0.1388
29,1473,1502,0.1388
30,1471,1501,0.1388
30,1482,1512,0.1388
32,1479,1511,0.1388
30,1475,1505,0.1388
28,1484,1512,0.1388
28,1486,1514,0.1388
28,1495,1523,0.1388
28,1494,1522,0.1388
29,1492,1521,0.1388
29,1491,1520,0.1388
29,1481,1510,0.1388
28,1474,1502,0.1388
28,1473,1501,0.1388
28,1485,1513,0.1388
27,1491,1518,0.1388
27,1493,1520,0.1388
27,1497,1524,0.1388
26,1502,1528,0.1388
23,1509,1532,0.1388
26,1498,1524,0.1388
28,1501,1529,0.1388
28,1502,1530,0.1388
27,1498,1525,0.1388
26,1496,1522,0.1388
24,1497,1521,0.1388
23,1490,1513,0.1388
23,1487,1510,0.1388
23,1486,1509,0.1388
24,1486,1510,0.1388
28,1479,1507,0.1388
28,1501,1529,0.1388
28,1496,1524,0.1388
31,1500,1531,0.1388
28,1507,1535,0.1388
26,1500,1526,0.1388
26,1493,1519,0.1388
26,1487,1513,0.1388
26,1488,1514,0.1388
25,1485,1510,0.1388
24,1498,1522,0.1388
25,1503,1528,0.1388
27,1508,1535,0.1388
28,1502,1530,0.1388
28,1504,1532,0.1388
28,1492,1520,0.1388
28,1487,1515,0.1388
28,1499,1527,0.1388
27,1499,1526,0.1388
27,1500,1527,0.1388
30,1492,1522,0.1388
29,1486,1515,0.1388
28,1487,1515,0.1388
27,1483,1510,0.1388
28,1474,1502,0.1388
27,1480,1507,0.1388
25,1487,1512,0.1388
25,1493,1518,0.1388
26,1501,1527,0.1388
26,1496,1522,0.1388
26,1499,1525,0.1388
24,1499,1523,0.1388
22,1491,1513,0.1388
22,1487,1509,0.1388
23,1499,1522,0.1388
24,1500,1524,0.1388
24,1494,1518,0.1388
24,1493,1517,0.1388
24,1478,1502,0.1388
25,1485,1510,0.1388
25,1489,1514,0.1388
25,1495,1520,0.1388
25,1499,1524,0.1388
24,1503,1527,0.1388
23,1509,1532,0.1388
24,1511,1535,0.1388
23,1499,1522,0.1388
23,1493,1516,0.1388
23,1492,1515,0.1388
21,1510,1531,0.1388
21,1507,1528,0.1388
21,1496,1517,0.1388
22,1494,1516,0.1388
23,1501,1524,0.1388
21,1493,1514,0.1388
21,1504,1525,0.1388
21,1507,1528,0.1388
20,1509,1529,0.1388
20,1494,1514,0.1388
20,1486,1506,0.1388
21,1487,1508,0.1388
19,1504,1523,0.1388
19,1501,1520,0.1388
18,1491,1509,0.1388
18,1496,1514,0.1388
18,1492,1510,0.1388
18,1505,1523,0.1388
19,1506,1525,0.1388
19,1500,1519,0.1388
19,1510,1529,0.1388
18,1505,1523,0.1388
17,1508,1525,0.1388
18,1500,1518,0.1388
17,1505,1522,0.1388
17,1502,1519,0.1388
17,1514,1531,0.1388
19,1503,1522,0.1388
19,1488,1507,0.1388
17,1482,1499,0.1388
17,1496,1513,0.1388
18,1499,1517,0.1388
18,1519,1537,0.1388
18,1515,1533,0.1388
18,1510,1528,0.1388
18,1509,1527,0.1388
18,1510,1528,0.1388
18,1498,1516,0.1388
18,1497,1515,0.1388
18,1493,1511,0.1388
18,1504,1522,0.1388
19,1494,1513,0.1388
18,1500,1518,0.1388
19,1479,1498,0.1388
17,1475,1492,0.1388
17,1484,1501,0.1388
18,1497,1515,0.1388
18,1499,1517,0.1388
17,1503,1520,0.1388
18,1494,1512,0.1388
19,1492,1511,0.1388
19,1494,1513,0.1388
16,1509,1525,0.1388
16,1505,1521,0.1388
16,1519,1535,0.1388
16,1516,1532,0.1388
17,1514,1531,0.1388
17,1518,1535,0.1388
16,1500,1516,0.1388
16,1500,1516,0.1388
16,1498,1514,0.1388
16,1508,1524,0.1388
16,1498,1514,0.1388
16,1494,1510,0.1388
16,1508,1524,0.1388
15,1509,1524,0.1388
16,1498,1514,0.1388
15,1508,1523,0.1388
16,1492,1508,0.1388
16,1497,1513,0.1388
15,1493,1508,0.1388
14,1497,1511,0.1388
14,1499,1513,0.1388
14,1513,1527,0.1388
14,1508,1522,0.1388
13,1494,1507,0.1388
14,1495,1509,0.1388
14,1512,1526,0.1388
13,1518,1531,0.1388
13,1507,1520,0.1388
13,1505,1518,0.1388
12,1506,1518,0.1388
12,1495,1507,0.1388
13,1513,1526,0.1388
13,1514,1527,0.1388
12,1524,1536,0.1388
12,1521,1533,0.1388
12,1520,1532,0.1388
12,1509,1521,0.1388
12,1510,1522,0.1388
13,1505,1518,0.1388
12,1496,1508,0.1388
11,1502,1513,0.1388
10,1503,1513,0.1388
9,1504,1513,0.1388
9,1512,1521,0.1388
9,1518,1527,0.1388
8,1532,1540,0.1388
8,1530,1538,0.1388
7,1527,1534,0.1388
7,1529,1536,0.1388
7,1518,1525,0.1388
7,1523,1530,0.1388
7,1524,1531,0.1388
7,1509,1516,0.1388
7,1518,1525,0.1388
6,1522,1528,0.1388
6,1508,1514,0.1388
5,1513,1518,0.1388
5,1518,1523,0.1388
5,1519,1524,0.1388
5,1513,1518,0.1388
5,1516,1521,0.1388
6,1508,1514,0.1388
6,1515,1521,0.1388
6,1514,1520,0.1388
6,1518,1524,0.1388
7,1511,1518,0.1388
6,1498,1504,0.1388
6,1497,1503,0.1388
6,1492,1498,0.1388
7,1505,1512,0.1388
8,1500,1508,0.1388
7,1512,1519,0.1388
7,1508,1515,0.1388
7,1510,1517,0.1388
7,1504,1511,0.1388
8,1506,1514,0.1388
8,1511,1519,0.1388
7,1505,1512,0.1388
7,1497,1504,0.1388
8,1497,1505,0.1388
8,1497,1505,0.1388
8,1502,1510,0.1388
7,1514,1521,0.1388
7,1497,1504,0.1388
7,1499,1506,0.1388
7,1511,1518,0.1388
7,1514,1521,0.1388
6,1493,1499,0.1388
6,1501,1507,0.1388
6,1507,1513,0.1388
6,1529,1535,0.1388
7,1523,1530,0.1388
7,1524,1531,0.1388
7,1515,1522,0.1388
7,1509,1516,0.1388
7,1500,1507,0.1388
7,1513,1520,0.1388
7,1506,1513,0.1388
8,1494,1502,0.1388
8,1509,1517,0.1388
8,1514,1522,0.1388
10,1523,1533,0.1388
10,1522,1532,0.1388
9,1516,1525,0.1388
10,1503,1513,0.1388
10,1503,1513,0.1388
10,1500,1510,0.1388
9,1508,1517,0.1388
9,1512,1521,0.1388
7,1494,1501,0.1388
9,1492,1501,0.1388
8,1498,1506,0.1388
7,1505,1512,0.1388
7,1490,1497,0.1388
7,1504,1511,0.1388
6,1512,1518,0.1388
6,1503,1509,0.1388
6,1500,1506,0.1388
5,1501,1506,0.1388
6,1498,1504,0.1388
6,1498,1504,0.1388
5,1500,1505,0.1388
5,1511,1516,0.1388
5,1522,1527,0.1388
5,1517,1522,0.1388
4,1507,1511,0.1388
4,1509,1513,0.1388
4,1496,1500,0.1388
4,1503,1507,0.1388
4,1510,1514,0.1388
4,1513,1517,0.1388
5,1505,1510,0.1388
6,1514,1520,0.1388
6,1519,1525,0.1388
6,1517,1523,0.1388
7,1511,1518,0.1388
7,1508,1515,0.1388
7,1502,1509,0.1388
7,1509,1516,0.1388
7,1513,1520,0.1388
6,1513,1519,0.1388
7,1499,1506,0.1388
7,1504,1511,0.1388
5,1495,1500,0.1388
5,1498,1503,0.1388
5,1501,1506,0.1388
4,1499,1503,0.1388
4,1509,1513,0.1388
4,1524,1528,0.1388
4,1518,1522,0.1388
5,1514,1519,0.1388
5,1515,1520,0.1388
4,1517,1521,0.1388
4,1521,1525,0.1388
4,1518,1522,0.1388
4,1510,1514,0.1388
3,1506,1509,0.1388
2,1502,1504,0.1388
2,1514,1516,0.1388
2,1510,1512,0.1388
2,1514,1516,0.1388
2,1528,1530,0.1388
2,1520,1522,0.1388
2,1505,1507,0.1388
2,1505,1507,0.1388
1,1508,1509,0.1388
1,1522,1523,0.1388
1,1512,1513,0.1388
1,1518,1519,0.1388
1,1517,1518,0.1388
1,1507,1508,0.1388
1,1513,1514,0.1388
1,1497,1498,0.1388
1,1492,1493,0.1388
1,1498,1499,0.1388
1,1489,1490,0.1388
1,1491,1492,0.1388
1,1491,1492,0.1388
1,1504,1505,0.1388
1,1501,1502,0.1388
1,1494,1495,0.1388
1,1508,1509,0.1388
1,1506,1507,0.1388
1,1500,1501,0.1388
1,1499,1500,0.1388
1,1497,1498,0.1388
1,1497,1498,0.1388
1,1504,1505,0.1388
1,1509,1510,0.1388
1,1518,1519,0.1388
1,1519,1520,0.1388
1,1514,1515,0.1388
1,1501,1502,0.1388
1,1497,1498,0.1388
1,1508,1509,0.1388
1,1508,1509,0.1388
1,1495,1496,0.1388
1,1512,1513,0.1388
1,1512,1513,0.1388
1,1520,1521,0.1388
1,1521,1522,0.1388
1,1520,1521,0.1388
2,1514,1516,0.1388
2,1521,1523,0.1388
2,1513,1515,0.1388
2,1512,1514,0.1388
2,1512,1514,0.1388
2,1509,1511,0.1388
2,1518,1520,0.1388
2,1508,1510,0.1388
2,1514,1516,0.1388
2,1520,1522,0.1388
2,1523,1525,0.1388
2,1523,1525,0.1388
2,1518,1520,0.1388
2,1518,1520,0.1388
2,1520,1522,0.1388
2,1529,1531,0.1388
2,1525,1527,0.1388
2,1516,1518,0.1388
2,1510,1512,0.1388
2,1511,1513,0.1388
2,1517,1519,0.1388
2,1516,1518,0.1388
2,1503,1505,0.1388
2,1506,1508,0.1388
2,1509,1511,0.1388
2,1521,1523,0.1388
2,1513,1515,0.1388
1,1506,1507,0.1388
1,1514,1515,0.1388
1,1516,1517,0.1388
1,1510,1511,0.1388
1,1512,1513,0.1388
1,1504,1505,0.1388
1,1510,1511,0.1388
1,1530,1531,0.1388
1,1509,1510,0.1388
1,1505,1506,0.1388
1,1510,1511,0.1388
1,1505,1506,0.1388
1,1508,1509,0.1388
1,1492,1493,0.1388
1,1514,1515,0.1388
1,1518,1519,0.1388
1,1514,1515,0.1388
1,1520,1521,0.1388
1,1514,1515,0.1388
1,1507,1508,0.1388
1,1501,1502,0.1388
1,1495,1496,0.1388
1,1506,1507,0.1388
1,1505,1506,0.1388
1,1506,1507,0.1388
1,1513,1514,0.1388
1,1508,1509,0.1388
1,1514,1515,0.1388
1,1510,1511,0.1388
1,1527,1528,0.1388
1,1535,1536,0.1388
1,1528,1529,0.1388
1,1529,1530,0.1388
2,1533,1535,0.1388
2,1530,1532,0.1388
2,1518,1520,0.1388
2,1511,1513,0.1388
2,1521,1523,0.1388
2,1527,1529,0.1388
1,1531,1532,0.1388
1,1517,1518,0.1388
2,1526,1528,0.1388
2,1529,1531,0.1388
1,1499,1500,0.1388
1,1501,1502,0.1388
2,1503,1505,0.1388
2,1512,1514,0.1388
2,1517,1519,0.1388
2,1518,1520,0.1388
2,1519,1521,0.1388
2,1514,1516,0.1388
2,1512,1514,0.1388
2,1514,1516,0.1388
2,1518,1520,0.1388
2,1523,1525,0.1388
2,1530,1532,0.1388
2,1542,1544,0.1388
2,1538,1540,0.1388
2,1530,1532,0.1388
2,1539,1541,0.1388
2,1523,1525,0.1388
2,1532,1534,0.1388
2,1532,1534,0.1388
2,1524,1526,0.1388
2,1514,1516,0.1388
2,1509,1511,0.1388
1,1518,1519,0.1388
1,1497,1498,0.1388
1,1511,1512,0.1388
1,1515,1516,0.1388
1,1513,1514,0.1388
1,1516,1517,0.1388
1,1506,1507,0.1388
1,1512,1513,0.1388
0,1513,1513,0.1388
