1369,31,1400,0.1388
1395,34,1429,0.1388
1427,33,1460,0.1388
1435,34,1469,0.1388
1445,35,1480,0.1388
1454,34,1488,0.1388
1450,33,1483,0.1388
1451,34,1485,0.1388
1454,35,1489,0.1388
1456,36,1492,0.1388
1453,39,1492,0.1388
1453,39,1492,0.1388
1443,39,1482,0.1388
1445,41,1486,0.1388
1451,43,1494,0.1388
1448,42,1490,0.1388
1453,42,1495,0.1388
1448,41,1489,0.1388
1452,40,1492,0.1388
1441,43,1484,0.1388
1455,40,1495,0.1388
1450,40,1490,0.1388
1440,40,1480,0.1388
1439,40,1479,0.1388
1445,38,1483,0.1388
1443,39,1482,0.1388
1449,38,1487,0.1388
1455,37,1492,0.1388
1450,40,1490,0.1388
1442,39,1481,0.1388
1449,40,1489,0.1388
1453,38,1491,0.1388
1449,38,1487,0.1388
1455,38,1493,0.1388
1456,39,1495,0.1388
1446,41,1487,0.1388
1448,41,1489,0.1388
1450,43,1493,0.1388
1443,44,1487,0.1388
1444,43,1487,0.1388
1449,45,1494,0.1388
1449,45,1494,0.1388
1459,46,1505,0.1388
1446,49,1495,0.1388
1447,51,1498,0.1388
1445,51,1496,0.1388
1457,52,1509,0.1388
1447,51,1498,0.1388
1457,53,1510,0.1388
1449,56,1505,0.1388
1440,57,1497,0.1388
1449,58,1507,0.1388
1443,57,1500,0.1388
1438,57,1495,0.1388
1440,57,1497,0.1388
1427,58,1485,0.1388
1425,57,1482,0.1388
1415,58,1473,0.1388
1416,60,1476,0.1388
1420,61,1481,0.1388
1426,64,1490,0.1388
1423,68,1491,0.1388
1425,69,1494,0.1388
1431,70,1501,0.1388
1419,68,1487,0.1388
1421,69,1490,0.1388
1409,70,1479,0.1388
1420,71,1491,0.1388
1427,76,1503,0.1388
1413,79,1492,0.1388
1414,77,1491,0.1388
1409,80,1489,0.1388
1418,79,1497,0.1388
1416,77,1493,0.1388
1424,77,1501,0.1388
1424,76,1500,0.1388
1426,79,1505,0.1388
1426,80,1506,0.1388
1417,79,1496,0.1388
1412,77,1489,0.1388
1411,78,1489,0.1388
1418,77,1495,0.1388
1406,83,1489,0.1388
1392,88,1480,0.1388
1398,85,1483,0.1388
1409,87,1496,0.1388
1410,86,1496,0.1388
1395,86,1481,0.1388
1398,84,1482,0.1388
1413,83,1496,0.1388
1406,84,1490,0.1388
1408,85,1493,0.1388
1395,90,1485,0.1388
1401,95,1496,0.1388
1403,92,1495,0.1388
1411,93,1504,0.1388
1398,90,1488,0.1388
1399,94,1493,0.1388
1384,99,1483,0.1388
1400,101,1501,0.1388
1388,101,1489,0.1388
1383,100,1483,0.1388
1380,100,1480,0.1388
1401,99,1500,0.1388
1386,96,1482,0.1388
1384,97,1481,0.1388
1386,98,1484,0.1388
1391,101,1492,0.1388
1407,103,1510,0.1388
1408,105,1513,0.1388
1391,106,1497,0.1388
1386,109,1495,0.1388
1389,104,1493,0.1388
1388,104,1492,0.1388
1396,103,1499,0.1388
1399,102,1501,0.1388
1384,100,1484,0.1388
1397,102,1499,0.1388
1395,104,1499,0.1388
1400,106,1506,0.1388
1394,109,1503,0.1388
1395,108,1503,0.1388
1393,105,1498,0.1388
1383,108,1491,0.1388
1386,109,1495,0.1388
1383,106,1489,0.1388
1381,106,1487,0.1388
1387,110,1497,0.1388
1398,111,1509,0.1388
1407,105,1512,0.1388
1414,107,1521,0.1388
1404,106,1510,0.1388
1401,112,1513,0.1388
1397,112,1509,0.1388
1398,109,1507,0.1388
1397,108,1505,0.1388
1411,106,1517,0.1388
1403,109,1512,0.1388
1407,107,1514,0.1388
1382,105,1487,0.1388
1372,106,1478,0.1388
1368,109,1477,0.1388
1379,107,1486,0.1388
1388,106,1494,0.1388
1388,106,1494,0.1388
1389,111,1500,0.1388
1386,108,1494,0.1388
1387,108,1495,0.1388
1378,107,1485,0.1388
1383,110,1493,0.1388
1398,113,1511,0.1388
1401,113,1514,0.1388
1390,113,1503,0.1388
1390,119,1509,0.1388
1384,123,1507,0.1388
1385,124,1509,0.1388
1382,119,1501,0.1388
1374,116,1490,0.1388
1372,119,1491,0.1388
1369,116,1485,0.1388
1365,113,1478,0.1388
1370,119,1489,0.1388
1375,120,1495,0.1388
1378,118,1496,0.1388
1383,116,1499,0.1388
1394,115,1509,0.1388
1384,112,1496,0.1388
1375,113,1488,0.1388
1377,119,1496,0.1388
1372,120,1492,0.1388
1367,118,1485,0.1388
1365,121,1486,0.1388
1359,123,1482,0.1388
1379,127,1506,0.1388
1373,124,1497,0.1388
1369,125,1494,0.1388
1369,127,1496,0.1388
1369,125,1494,0.1388
1379,124,1503,0.1388
1379,125,1504,0.1388
1372,127,1499,0.1388
1373,129,1502,0.1388
1377,133,1510,0.1388
1373,135,1508,0.1388
1378,136,1514,0.1388
1373,138,1511,0.1388
1367,138,1505,0.1388
1372,139,1511,0.1388
1382,141,1523,0.1388
1369,140,1509,0.1388
1367,144,1511,0.1388
1358,138,1496,0.1388
1363,145,1508,0.1388
1364,143,1507,0.1388
1350,144,1494,0.1388
1344,142,1486,0.1388
1339,142,1481,0.1388
1341,140,1481,0.1388
1348,140,1488,0.1388
1349,142,1491,0.1388
1349,140,1489,0.1388
1352,137,1489,0.1388
1359,136,1495,0.1388
1350,138,1488,0.1388
1346,139,1485,0.1388
1362,137,1499,0.1388
1369,139,1508,0.1388
1375,135,1510,0.1388
1367,137,1504,0.1388
1382,135,1517,0.1388
1370,135,1505,0.1388
1366,140,1506,0.1388
1365,137,1502,0.1388
1360,135,1495,0.1388
1363,133,1496,0.1388
1361,132,1493,0.1388
1371,137,1508,0.1388
1359,135,1494,0.1388
1339,138,1477,0.1388
1352,136,1488,0.1388
1351,138,1489,0.1388
1360,145,1505,0.1388
1346,144,1490,0.1388
1338,142,1480,0.1388
1346,140,1486,0.1388
1351,143,1494,0.1388
1358,146,1504,0.1388
1355,150,1505,0.1388
1359,151,1510,0.1388
1356,149,1505,0.1388
1350,145,1495,0.1388
1346,148,1494,0.1388
1349,145,1494,0.1388
1345,145,1490,0.1388
1358,142,1500,0.1388
1358,140,1498,0.1388
1359,141,1500,0.1388
1360,139,1499,0.1388
1355,142,1497,0.1388
1351,144,1495,0.1388
1353,144,1497,0.1388
1342,148,1490,0.1388
1337,149,1486,0.1388
1348,154,1502,0.1388
1340,157,1497,0.1388
1346,154,1500,0.1388
1353,154,1507,0.1388
1347,153,1500,0.1388
1327,150,1477,0.1388
1329,146,1475,0.1388
1336,150,1486,0.1388
1332,155,1487,0.1388
1337,151,1488,0.1388
1341,151,1492,0.1388
1342,160,1502,0.1388
1340,158,1498,0.1388
1342,160,1502,0.1388
1342,165,1507,0.1388
1337,163,1500,0.1388
1342,162,1504,0.1388
1339,166,1505,0.1388
1331,167,1498,0.1388
1343,164,1507,0.1388
1333,166,1499,0.1388
1329,168,1497,0.1388
1323,174,1497,0.1388
1328,175,1503,0.1388
1319,179,1498,0.1388
1306,179,1485,0.1388
1322,176,1498,0.1388
1321,179,1500,0.1388
1327,178,1505,0.1388
1327,175,1502,0.1388
1314,176,1490,0.1388
1319,180,1499,0.1388
1321,178,1499,0.1388
1320,181,1501,0.1388
1322,181,1503,0.1388
1335,179,1514,0.1388
1321,180,1501,0.1388
1311,184,1495,0.1388
1304,187,1491,0.1388
1307,187,1494,0.1388
1310,191,1501,0.1388
1304,196,1500,0.1388
1291,201,1492,0.1388
1287,205,1492,0.1388
1299,209,1508,0.1388
1289,207,1496,0.1388
1291,208,1499,0.1388
1300,210,1510,0.1388
1284,212,1496,0.1388
1279,218,1497,0.1388
1276,221,1497,0.1388
1272,219,1491,0.1388
1263,218,1481,0.1388
1266,220,1486,0.1388
1263,222,1485,0.1388
1263,219,1482,0.1388
1260,217,1477,0.1388
1269,213,1482,0.1388
1273,218,1491,0.1388
1284,220,1504,0.1388
1284,217,1501,0.1388
1280,214,1494,0.1388
1287,221,1508,0.1388
1279,226,1505,0.1388
1279,227,1506,0.1388
1283,225,1508,0.1388
1289,230,1519,0.1388
1296,222,1518,0.1388
1279,221,1500,0.1388
1276,218,1494,0.1388
1276,218,1494,0.1388
1272,223,1495,0.1388
1263,227,1490,0.1388
1270,229,1499,0.1388
1265,227,1492,0.1388
1261,223,1484,0.1388
1270,221,1491,0.1388
1247,225,1472,0.1388
1240,228,1468,0.1388
1254,226,1480,0.1388
1273,228,1501,0.1388
1272,231,1503,0.1388
1262,236,1498,0.1388
1255,238,1493,0.1388
1265,238,1503,0.1388
1264,233,1497,0.1388
1259,231,1490,0.1388
1271,235,1506,0.1388
1265,239,1504,0.1388
1254,240,1494,0.1388
1255,246,1501,0.1388
1245,245,1490,0.1388
1246,246,1492,0.1388
1243,247,1490,0.1388
1231,244,1475,0.1388
1236,245,1481,0.1388
1241,249,1490,0.1388
1243,253,1496,0.1388
1249,246,1495,0.1388
1242,245,1487,0.1388
1248,247,1495,0.1388
1231,254,1485,0.1388
1227,259,1486,0.1388
1235,260,1495,0.1388
1233,266,1499,0.1388
1228,266,1494,0.1388
1242,268,1510,0.1388
1238,270,1508,0.1388
1235,269,1504,0.1388
1229,271,1500,0.1388
1230,274,1504,0.1388
1222,278,1500,0.1388
1230,272,1502,0.1388
1243,279,1522,0.1388
1241,277,1518,0.1388
1234,281,1515,0.1388
1225,282,1507,0.1388
1228,283,1511,0.1388
1210,279,1489,0.1388
1203,281,1484,0.1388
1207,286,1493,0.1388
1212,284,1496,0.1388
1222,282,1504,0.1388
1214,282,1496,0.1388
1209,286,1495,0.1388
1192,284,1476,0.1388
1208,283,1491,0.1388
1210,281,1491,0.1388
1214,291,1505,0.1388
1213,287,1500,0.1388
1209,291,1500,0.1388
1205,296,1501,0.1388
1208,297,1505,0.1388
1210,299,1509,0.1388
1214,298,1512,0.1388
1201,299,1500,0.1388
1201,296,1497,0.1388
1194,297,1491,0.1388
1201,292,1493,0.1388
1200,301,1501,0.1388
1195,303,1498,0.1388
1199,305,1504,0.1388
1195,318,1513,0.1388
1193,321,1514,0.1388
1191,319,1510,0.1388
1185,319,1504,0.1388
1176,317,1493,0.1388
1167,319,1486,0.1388
1170,319,1489,0.1388
1168,318,1486,0.1388
1172,325,1497,0.1388
1172,325,1497,0.1388
1161,318,1479,0.1388
1167,312,1479,0.1388
1158,317,1475,0.1388
1175,321,1496,0.1388
1174,328,1502,0.1388
1173,329,1502,0.1388
1177,328,1505,0.1388
1187,325,1512,0.1388
1172,327,1499,0.1388
1165,331,1496,0.1388
1171,332,1503,0.1388
1162,331,1493,0.1388
1172,334,1506,0.1388
1180,335,1515,0.1388
1178,334,1512,0.1388
1171,337,1508,0.1388
1172,339,1511,0.1388
1172,335,1507,0.1388
1172,331,1503,0.1388
1167,326,1493,0.1388
1176,330,1506,0.1388
1173,325,1498,0.1388
1185,328,1513,0.1388
1181,326,1507,0.1388
1181,330,1511,0.1388
1186,327,1513,0.1388
1178,337,1515,0.1388
1171,337,1508,0.1388
1157,339,1496,0.1388
1159,337,1496,0.1388
1156,342,1498,0.1388
1153,340,1493,0.1388
1166,338,1504,0.1388
1165,337,1502,0.1388
1163,339,1502,0.1388
1173,340,1513,0.1388
1173,334,1507,0.1388
1177,341,1518,0.1388
1162,338,1500,0.1388
1154,341,1495,0.1388
1145,341,1486,0.1388
1148,333,1481,0.1388
1157,330,1487,0.1388
1167,323,1490,0.1388
1169,322,1491,0.1388
1171,322,1493,0.1388
1170,332,1502,0.1388
1173,327,1500,0.1388
1158,332,1490,0.1388
1163,333,1496,0.1388
1164,336,1500,0.1388
1161,340,1501,0.1388
1159,348,1507,0.1388
1158,350,1508,0.1388
1151,344,1495,0.1388
1159,347,1506,0.1388
1161,347,1508,0.1388
1151,347,1498,0.1388
1166,350,1516,0.1388
1154,352,1506,0.1388
1143,357,1500,0.1388
1134,355,1489,0.1388
1140,353,1493,0.1388
1151,353,1504,0.1388
1150,352,1502,0.1388
1150,351,1501,0.1388
1144,346,1490,0.1388
1156,348,1504,0.1388
1150,348,1498,0.1388
1147,352,1499,0.1388
1148,356,1504,0.1388
1144,357,1501,0.1388
1141,357,1498,0.1388
1137,361,1498,0.1388
1131,357,1488,0.1388
1131,358,1489,0.1388
1133,359,1492,0.1388
1135,358,1493,0.1388
1128,363,1491,0.1388
1128,361,1489,0.1388
1130,372,1502,0.1388
1135,375,1510,0.1388
1131,379,1510,0.1388
1122,382,1504,0.1388
1119,380,1499,0.1388
1127,380,1507,0.1388
1119,386,1505,0.1388
1126,389,1515,0.1388
1125,389,1514,0.1388
1128,387,1515,0.1388
1109,390,1499,0.1388
1120,391,1511,0.1388
1111,395,1506,0.1388
1115,392,1507,0.1388
1111,393,1504,0.1388
1108,394,1502,0.1388
1122,394,1516,0.1388
1116,384,1500,0.1388
1104,388,1492,0.1388
1103,387,1490,0.1388
1102,388,1490,0.1388
1102,389,1491,0.1388
1104,392,1496,0.1388
1087,397,1484,0.1388
1089,393,1482,0.1388
1088,392,1480,0.1388
1081,396,1477,0.1388
1081,397,1478,0.1388
1068,402,1470,0.1388
1074,418,1492,0.1388
1073,414,1487,0.1388
1072,420,1492,0.1388
1065,432,1497,0.1388
1067,433,1500,0.1388
1073,436,1509,0.1388
1067,435,1502,0.1388
1071,441,1512,0.1388
1072,443,1515,0.1388
1076,441,1517,0.1388
1071,442,1513,0.1388
1067,441,1508,0.1388
1072,441,1513,0.1388
1072,447,1519,0.1388
1056,440,1496,0.1388
1051,436,1487,0.1388
1052,440,1492,0.1388
1057,439,1496,0.1388
1053,438,1491,0.1388
1048,439,1487,0.1388
1056,431,1487,0.1388
1055,432,1487,0.1388
1058,434,1492,0.1388
1068,429,1497,0.1388
1059,427,1486,0.1388
1065,433,1498,0.1388
1071,435,1506,0.1388
1058,436,1494,0.1388
1053,437,1490,0.1388
1060,436,1496,0.1388
1060,435,1495,0.1388
1051,434,1485,0.1388
1047,437,1484,0.1388
1045,445,1490,0.1388
1042,451,1493,0.1388
1051,448,1499,0.1388
1053,450,1503,0.1388
1050,449,1499,0.1388
1062,445,1507,0.1388
1060,447,1507,0.1388
1049,445,1494,0.1388
1049,443,1492,0.1388
1045,451,1496,0.1388
1048,453,1501,0.1388
1048,458,1506,0.1388
1046,464,1510,0.1388
1044,466,1510,0.1388
1049,466,1515,0.1388
1036,465,1501,0.1388
1042,467,1509,0.1388
1049,476,1525,0.1388
1044,473,1517,0.1388
1039,468,1507,0.1388
1031,460,1491,0.1388
1035,459,1494,0.1388
1028,463,1491,0.1388
1030,462,1492,0.1388
1032,464,1496,0.1388
1040,459,1499,0.1388
1031,458,1489,0.1388
1035,463,1498,0.1388
1032,453,1485,0.1388
1042,466,1508,0.1388
1035,467,1502,0.1388
1038,467,1505,0.1388
1036,466,1502,0.1388
1043,467,1510,0.1388
1056,462,1518,0.1388
1047,460,1507,0.1388
1045,465,1510,0.1388
1045,467,1512,0.1388
1050,459,1509,0.1388
1039,456,1495,0.1388
1036,470,1506,0.1388
1038,475,1513,0.1388
1035,482,1517,0.1388
1040,478,1518,0.1388
1036,484,1520,0.1388
1030,480,1510,0.1388
1025,483,1508,0.1388
1032,482,1514,0.1388
1041,479,1520,0.1388
1028,473,1501,0.1388
1025,474,1499,0.1388
1034,469,1503,0.1388
1027,474,1501,0.1388
1027,480,1507,0.1388
1027,475,1502,0.1388
1031,484,1515,0.1388
1032,482,1514,0.1388
1032,487,1519,0.1388
1029,480,1509,0.1388
1034,475,1509,0.1388
1028,479,1507,0.1388
1023,488,1511,0.1388
1026,480,1506,0.1388
1022,478,1500,0.1388
1017,478,1495,0.1388
1016,479,1495,0.1388
1018,491,1509,0.1388
1022,485,1507,0.1388
1015,484,1499,0.1388
1011,489,1500,0.1388
1010,482,1492,0.1388
1010,484,1494,0.1388
1020,478,1498,0.1388
1012,480,1492,0.1388
1011,490,1501,0.1388
1018,492,1510,0.1388
1016,488,1504,0.1388
1023,494,1517,0.1388
1022,491,1513,0.1388
1027,493,1520,0.1388
1026,484,1510,0.1388
1015,483,1498,0.1388
1017,486,1503,0.1388
1007,490,1497,0.1388
1010,492,1502,0.1388
1022,496,1518,0.1388
1025,492,1517,0.1388
1018,498,1516,0.1388
1015,497,1512,0.1388
1010,499,1509,0.1388
1016,496,1512,0.1388
1014,500,1514,0.1388
1008,488,1496,0.1388
1019,484,1503,0.1388
1020,489,1509,0.1388
1014,496,1510,0.1388
1013,499,1512,0.1388
1015,501,1516,0.1388
1000,506,1506,0.1388
988,509,1497,0.1388
989,512,1501,0.1388
978,513,1491,0.1388
970,517,1487,0.1388
970,517,1487,0.1388
954,527,1481,0.1388
959,530,1489,0.1388
959,526,1485,0.1388
968,532,1500,0.1388
977,527,1504,0.1388
977,527,1504,0.1388
979,528,1507,0.1388
984,532,1516,0.1388
986,527,1513,0.1388
980,526,1506,0.1388
982,533,1515,0.1388
986,536,1522,0.1388
979,532,1511,0.1388
984,540,1524,0.1388
982,536,1518,0.1388
974,535,1509,0.1388
975,532,1507,0.1388
969,536,1505,0.1388
957,536,1493,0.1388
951,537,1488,0.1388
963,538,1501,0.1388
960,541,1501,0.1388
956,535,1491,0.1388
959,543,1502,0.1388
953,543,1496,0.1388
957,556,1513,0.1388
952,567,1519,0.1388
943,562,1505,0.1388
945,565,1510,0.1388
951,566,1517,0.1388
946,565,1511,0.1388
950,565,1515,0.1388
948,564,1512,0.1388
948,554,1502,0.1388
946,558,1504,0.1388
942,568,1510,0.1388
940,567,1507,0.1388
935,567,1502,0.1388
927,563,1490,0.1388
929,570,1499,0.1388
910,577,1487,0.1388
925,580,1505,0.1388
915,591,1506,0.1388
915,578,1493,0.1388
913,582,1495,0.1388
914,588,1502,0.1388
901,586,1487,0.1388
910,588,1498,0.1388
917,580,1497,0.1388
917,594,1511,0.1388
923,596,1519,0.1388
915,597,1512,0.1388
910,593,1503,0.1388
914,595,1509,0.1388
914,597,1511,0.1388
920,599,1519,0.1388
916,586,1502,0.1388
903,594,1497,0.1388
904,592,1496,0.1388
907,592,1499,0.1388
902,592,1494,0.1388
906,596,1502,0.1388
913,588,1501,0.1388
921,594,1515,0.1388
908,599,1507,0.1388
908,586,1494,0.1388
902,583,1485,0.1388
912,590,1502,0.1388
907,588,1495,0.1388
900,596,1496,0.1388
901,594,1495,0.1388
907,600,1507,0.1388
892,603,1495,0.1388
891,588,1479,0.1388
890,600,1490,0.1388
896,606,1502,0.1388
894,610,1504,0.1388
881,620,1501,0.1388
873,617,1490,0.1388
873,615,1488,0.1388
871,621,1492,0.1388
873,626,1499,0.1388
891,629,1520,0.1388
887,629,1516,0.1388
879,628,1507,0.1388
880,624,1504,0.1388
886,632,1518,0.1388
872,643,1515,0.1388
874,638,1512,0.1388
872,634,1506,0.1388
850,642,1492,0.1388
844,652,1496,0.1388
836,657,1493,0.1388
844,655,1499,0.1388
846,649,1495,0.1388
857,647,1504,0.1388
858,645,1503,0.1388
852,655,1507,0.1388
851,652,1503,0.1388
846,656,1502,0.1388
850,661,1511,0.1388
848,666,1514,0.1388
844,670,1514,0.1388
845,673,1518,0.1388
851,665,1516,0.1388
850,665,1515,0.1388
840,673,1513,0.1388
839,669,1508,0.1388
843,675,1518,0.1388
834,670,1504,0.1388
819,677,1496,0.1388
829,671,1500,0.1388
817,680,1497,0.1388
810,682,1492,0.1388
812,690,1502,0.1388
812,694,1506,0.1388
822,686,1508,0.1388
825,689,1514,0.1388
822,702,1524,0.1388
814,700,1514,0.1388
825,698,1523,0.1388
821,693,1514,0.1388
817,691,1508,0.1388
812,690,1502,0.1388
810,688,1498,0.1388
814,690,1504,0.1388
819,688,1507,0.1388
816,695,1511,0.1388
804,705,1509,0.1388
791,715,1506,0.1388
780,710,1490,0.1388
779,712,1491,0.1388
775,709,1484,0.1388
784,709,1493,0.1388
780,709,1489,0.1388
797,698,1495,0.1388
788,698,1486,0.1388
782,711,1493,0.1388
796,713,1509,0.1388
798,713,1511,0.1388
802,711,1513,0.1388
798,715,1513,0.1388
791,703,1494,0.1388
783,698,1481,0.1388
786,704,1490,0.1388
786,706,1492,0.1388
787,713,1500,0.1388
792,724,1516,0.1388
797,722,1519,0.1388
788,717,1505,0.1388
794,714,1508,0.1388
799,713,1512,0.1388
795,718,1513,0.1388
792,709,1501,0.1388
792,714,1506,0.1388
797,720,1517,0.1388
794,721,1515,0.1388
797,719,1516,0.1388
797,720,1517,0.1388
788,715,1503,0.1388
786,714,1500,0.1388
779,719,1498,0.1388
785,722,1507,0.1388
786,729,1515,0.1388
779,732,1511,0.1388
784,731,1515,0.1388
776,724,1500,0.1388
762,734,1496,0.1388
763,737,1500,0.1388
763,745,1508,0.1388
760,738,1498,0.1388
762,735,1497,0.1388
766,742,1508,0.1388
768,732,1500,0.1388
761,731,1492,0.1388
751,729,1480,0.1388
750,741,1491,0.1388
756,745,1501,0.1388
756,748,1504,0.1388
761,762,1523,0.1388
756,758,1514,0.1388
758,754,1512,0.1388
757,753,1510,0.1388
760,745,1505,0.1388
755,736,1491,0.1388
753,747,1500,0.1388
751,742,1493,0.1388
747,740,1487,0.1388
759,747,1506,0.1388
768,749,1517,0.1388
763,748,1511,0.1388
762,746,1508,0.1388
764,756,1520,0.1388
745,755,1500,0.1388
754,760,1514,0.1388
752,766,1518,0.1388
751,765,1516,0.1388
744,760,1504,0.1388
755,757,1512,0.1388
759,762,1521,0.1388
747,763,1510,0.1388
749,771,1520,0.1388
753,750,1503,0.1388
751,757,1508,0.1388
755,755,1510,0.1388
756,768,1524,0.1388
747,763,1510,0.1388
746,770,1516,0.1388
744,771,1515,0.1388
747,771,1518,0.1388
745,772,1517,0.1388
747,777,1524,0.1388
745,768,1513,0.1388
742,778,1520,0.1388
734,784,1518,0.1388
736,770,1506,0.1388
733,773,1506,0.1388
736,769,1505,0.1388
731,770,1501,0.1388
730,767,1497,0.1388
728,768,1496,0.1388
734,771,1505,0.1388
739,770,1509,0.1388
736,780,1516,0.1388
733,783,1516,0.1388
730,784,1514,0.1388
734,789,1523,0.1388
733,788,1521,0.1388
720,787,1507,0.1388
717,793,1510,0.1388
718,793,1511,0.1388
705,788,1493,0.1388
695,792,1487,0.1388
702,791,1493,0.1388
700,797,1497,0.1388
709,795,1504,0.1388
707,787,1494,0.1388
713,794,1507,0.1388
711,795,1506,0.1388
709,790,1499,0.1388
709,792,1501,0.1388
713,799,1512,0.1388
716,798,1514,0.1388
704,813,1517,0.1388
700,808,1508,0.1388
703,809,1512,0.1388
710,804,1514,0.1388
707,807,1514,0.1388
705,798,1503,0.1388
696,806,1502,0.1388
698,804,1502,0.1388
707,796,1503,0.1388
699,801,1500,0.1388
696,810,1506,0.1388
689,807,1496,0.1388
686,817,1503,0.1388
687,814,1501,0.1388
687,804,1491,0.1388
690,805,1495,0.1388
696,803,1499,0.1388
689,814,1503,0.1388
689,817,1506,0.1388
690,817,1507,0.1388
687,819,1506,0.1388
689,811,1500,0.1388
691,822,1513,0.1388
689,814,1503,0.1388
693,814,1507,0.1388
697,816,1513,0.1388
701,817,1518,0.1388
708,817,1525,0.1388
709,820,1529,0.1388
706,812,1518,0.1388
693,825,1518,0.1388
695,822,1517,0.1388
688,820,1508,0.1388
685,808,1493,0.1388
686,811,1497,0.1388
699,818,1517,0.1388
697,807,1504,0.1388
704,814,1518,0.1388
695,816,1511,0.1388
693,812,1505,0.1388
691,811,1502,0.1388
681,810,1491,0.1388
678,818,1496,0.1388
684,824,1508,0.1388
678,826,1504,0.1388
673,833,1506,0.1388
679,840,1519,0.1388
685,833,1518,0.1388
680,838,1518,0.1388
673,831,1504,0.1388
672,832,1504,0.1388
682,843,1525,0.1388
672,834,1506,0.1388
663,826,1489,0.1388
666,822,1488,0.1388
668,817,1485,0.1388
658,820,1478,0.1388
654,828,1482,0.1388
663,839,1502,0.1388
664,844,1508,0.1388
657,846,1503,0.1388
658,830,1488,0.1388
670,839,1509,0.1388
661,841,1502,0.1388
664,837,1501,0.1388
648,838,1486,0.1388
650,837,1487,0.1388
653,843,1496,0.1388
654,856,1510,0.1388
653,855,1508,0.1388
652,848,1500,0.1388
650,864,1514,0.1388
653,862,1515,0.1388
655,855,1510,0.1388
653,861,1514,0.1388
654,847,1501,0.1388
647,850,1497,0.1388
644,852,1496,0.1388
649,855,1504,0.1388
643,862,1505,0.1388
639,867,1506,0.1388
640,875,1515,0.1388
640,880,1520,0.1388
639,884,1523,0.1388
636,875,1511,0.1388
639,871,1510,0.1388
636,874,1510,0.1388
637,877,1514,0.1388
644,884,1528,0.1388
646,889,1535,0.1388
635,876,1511,0.1388
630,885,1515,0.1388
628,885,1513,0.1388
632,885,1517,0.1388
632,889,1521,0.1388
622,884,1506,0.1388
624,886,1510,0.1388
616,884,1500,0.1388
616,880,1496,0.1388
625,874,1499,0.1388
620,885,1505,0.1388
620,888,1508,0.1388
620,888,1508,0.1388
623,890,1513,0.1388
633,881,1514,0.1388
633,879,1512,0.1388
638,879,1517,0.1388
632,877,1509,0.1388
622,878,1500,0.1388
622,881,1503,0.1388
623,892,1515,0.1388
625,900,1525,0.1388
624,895,1519,0.1388
627,890,1517,0.1388
618,886,1504,0.1388
615,900,1515,0.1388
619,892,1511,0.1388
617,895,1512,0.1388
617,895,1512,0.1388
618,889,1507,0.1388
616,880,1496,0.1388
602,893,1495,0.1388
601,891,1492,0.1388
609,896,1505,0.1388
603,901,1504,0.1388
597,914,1511,0.1388
598,906,1504,0.1388
593,916,1509,0.1388
590,907,1497,0.1388
591,912,1503,0.1388
599,910,1509,0.1388
609,901,1510,0.1388
613,904,1517,0.1388
618,904,1522,0.1388
623,901,1524,0.1388
619,905,1524,0.1388
621,903,1524,0.1388
616,896,1512,0.1388
610,892,1502,0.1388
614,891,1505,0.1388
612,890,1502,0.1388
614,895,1509,0.1388
611,898,1509,0.1388
606,910,1516,0.1388
605,909,1514,0.1388
596,917,1513,0.1388
593,916,1509,0.1388
597,926,1523,0.1388
594,922,1516,0.1388
592,915,1507,0.1388
587,919,1506,0.1388
591,927,1518,0.1388
579,933,1512,0.1388
583,930,1513,0.1388
584,927,1511,0.1388
582,931,1513,0.1388
583,931,1514,0.1388
567,930,1497,0.1388
563,925,1488,0.1388
564,939,1503,0.1388
562,939,1501,0.1388
560,931,1491,0.1388
569,927,1496,0.1388
567,938,1505,0.1388
567,930,1497,0.1388
581,935,1516,0.1388
581,932,1513,0.1388
576,937,1513,0.1388
580,939,1519,0.1388
577,935,1512,0.1388
567,942,1509,0.1388
561,935,1496,0.1388
564,936,1500,0.1388
564,929,1493,0.1388
562,935,1497,0.1388
564,943,1507,0.1388
572,942,1514,0.1388
568,952,1520,0.1388
570,950,1520,0.1388
564,946,1510,0.1388
565,949,1514,0.1388
565,944,1509,0.1388
564,953,1517,0.1388
563,957,1520,0.1388
560,959,1519,0.1388
555,959,1514,0.1388
557,963,1520,0.1388
548,955,1503,0.1388
547,966,1513,0.1388
543,969,1512,0.1388
540,970,1510,0.1388
528,963,1491,0.1388
534,968,1502,0.1388
532,968,1500,0.1388
532,977,1509,0.1388
535,980,1515,0.1388
533,978,1511,0.1388
533,971,1504,0.1388
532,976,1508,0.1388
533,979,1512,0.1388
526,980,1506,0.1388
532,980,1512,0.1388
534,985,1519,0.1388
535,988,1523,0.1388
536,983,1519,0.1388
534,982,1516,0.1388
529,998,1527,0.1388
525,998,1523,0.1388
525,998,1523,0.1388
521,1004,1525,0.1388
526,999,1525,0.1388
523,994,1517,0.1388
520,988,1508,0.1388
517,993,1510,0.1388
513,1004,1517,0.1388
515,995,1510,0.1388
517,985,1502,0.1388
525,985,1510,0.1388
527,1001,1528,0.1388
526,994,1520,0.1388
519,995,1514,0.1388
513,1004,1517,0.1388
508,1006,1514,0.1388
504,997,1501,0.1388
506,1010,1516,0.1388
511,1013,1524,0.1388
504,1016,1520,0.1388
507,1010,1517,0.1388
508,1009,1517,0.1388
504,1016,1520,0.1388
503,1001,1504,0.1388
507,999,1506,0.1388
509,997,1506,0.1388
512,985,1497,0.1388
515,988,1503,0.1388
505,1000,1505,0.1388
509,1012,1521,0.1388
506,1000,1506,0.1388
505,999,1504,0.1388
501,1000,1501,0.1388
502,1007,1509,0.1388
507,1006,1513,0.1388
506,1000,1506,0.1388
510,1004,1514,0.1388
504,1013,1517,0.1388
509,1007,1516,0.1388
504,1007,1511,0.1388
503,991,1494,0.1388
502,1004,1506,0.1388
502,1000,1502,0.1388
500,1006,1506,0.1388
486,1016,1502,0.1388
481,1025,1506,0.1388
481,1020,1501,0.1388
483,1020,1503,0.1388
477,1021,1498,0.1388
479,1035,1514,0.1388
473,1035,1508,0.1388
480,1028,1508,0.1388
476,1029,1505,0.1388
482,1035,1517,0.1388
488,1032,1520,0.1388
486,1027,1513,0.1388
487,1022,1509,0.1388
490,1019,1509,0.1388
494,1026,1520,0.1388
491,1025,1516,0.1388
488,1031,1519,0.1388
482,1037,1519,0.1388
469,1039,1508,0.1388
473,1036,1509,0.1388
473,1034,1507,0.1388
465,1027,1492,0.1388
467,1020,1487,0.1388
479,1024,1503,0.1388
475,1029,1504,0.1388
470,1032,1502,0.1388
471,1036,1507,0.1388
479,1036,1515,0.1388
473,1051,1524,0.1388
477,1057,1534,0.1388
473,1048,1521,0.1388
477,1044,1521,0.1388
475,1049,1524,0.1388
472,1043,1515,0.1388
475,1040,1515,0.1388
469,1043,1512,0.1388
458,1047,1505,0.1388
459,1051,1510,0.1388
467,1049,1516,0.1388
468,1048,1516,0.1388
465,1051,1516,0.1388
466,1044,1510,0.1388
470,1046,1516,0.1388
470,1047,1517,0.1388
467,1047,1514,0.1388
464,1032,1496,0.1388
462,1033,1495,0.1388
464,1043,1507,0.1388
464,1041,1505,0.1388
464,1032,1496,0.1388
463,1042,1505,0.1388
464,1043,1507,0.1388
463,1053,1516,0.1388
467,1059,1526,0.1388
461,1067,1528,0.1388
464,1054,1518,0.1388
469,1045,1514,0.1388
465,1042,1507,0.1388
457,1054,1511,0.1388
452,1061,1513,0.1388
446,1067,1513,0.1388
452,1055,1507,0.1388
443,1055,1498,0.1388
443,1050,1493,0.1388
444,1046,1490,0.1388
443,1056,1499,0.1388
441,1059,1500,0.1388
443,1062,1505,0.1388
439,1066,1505,0.1388
432,1055,1487,0.1388
441,1064,1505,0.1388
440,1068,1508,0.1388
442,1071,1513,0.1388
446,1065,1511,0.1388
441,1068,1509,0.1388
440,1061,1501,0.1388
437,1066,1503,0.1388
438,1073,1511,0.1388
436,1068,1504,0.1388
433,1051,1484,0.1388
438,1067,1505,0.1388
437,1063,1500,0.1388
446,1065,1511,0.1388
447,1072,1519,0.1388
440,1058,1498,0.1388
436,1064,1500,0.1388
443,1061,1504,0.1388
447,1066,1513,0.1388
450,1063,1513,0.1388
448,1072,1520,0.1388
443,1074,1517,0.1388
443,1070,1513,0.1388
447,1074,1521,0.1388
449,1069,1518,0.1388
444,1073,1517,0.1388
446,1081,1527,0.1388
432,1083,1515,0.1388
441,1083,1524,0.1388
434,1084,1518,0.1388
430,1075,1505,0.1388
430,1079,1509,0.1388
419,1081,1500,0.1388
424,1079,1503,0.1388
429,1074,1503,0.1388
429,1072,1501,0.1388
430,1085,1515,0.1388
424,1086,1510,0.1388
425,1085,1510,0.1388
431,1081,1512,0.1388
431,1090,1521,0.1388
429,1096,1525,0.1388
426,1088,1514,0.1388
426,1084,1510,0.1388
423,1094,1517,0.1388
426,1081,1507,0.1388
428,1089,1517,0.1388
423,1085,1508,0.1388
422,1085,1507,0.1388
427,1080,1507,0.1388
428,1081,1509,0.1388
424,1076,1500,0.1388
431,1080,1511,0.1388
431,1087,1518,0.1388
434,1090,1524,0.1388
424,1081,1505,0.1388
424,1075,1499,0.1388
421,1077,1498,0.1388
426,1073,1499,0.1388
429,1080,1509,0.1388
428,1095,1523,0.1388
436,1086,1522,0.1388
438,1085,1523,0.1388
433,1084,1517,0.1388
424,1090,1514,0.1388
425,1088,1513,0.1388
422,1089,1511,0.1388
425,1091,1516,0.1388
420,1095,1515,0.1388
423,1085,1508,0.1388
421,1096,1517,0.1388
429,1094,1523,0.1388
427,1100,1527,0.1388
422,1098,1520,0.1388
421,1085,1506,0.1388
412,1105,1517,0.1388
414,1096,1510,0.1388
416,1094,1510,0.1388
410,1097,1507,0.1388
410,1115,1525,0.1388
410,1103,1513,0.1388
405,1103,1508,0.1388
401,1117,1518,0.1388
398,1111,1509,0.1388
398,1101,1499,0.1388
399,1116,1515,0.1388
405,1114,1519,0.1388
406,1105,1511,0.1388
414,1106,1520,0.1388
406,1100,1506,0.1388
408,1088,1496,0.1388
406,1104,1510,0.1388
400,1101,1501,0.1388
398,1120,1518,0.1388
405,1117,1522,0.1388
407,1119,1526,0.1388
405,1116,1521,0.1388
398,1119,1517,0.1388
400,1117,1517,0.1388
402,1115,1517,0.1388
396,1118,1514,0.1388
401,1125,1526,0.1388
388,1114,1502,0.1388
383,1123,1506,0.1388
386,1131,1517,0.1388
392,1120,1512,0.1388
389,1118,1507,0.1388
392,1124,1516,0.1388
384,1126,1510,0.1388
389,1132,1521,0.1388
374,1131,1505,0.1388
370,1135,1505,0.1388
372,1134,1506,0.1388
375,1147,1522,0.1388
372,1153,1525,0.1388
371,1160,1531,0.1388
364,1160,1524,0.1388
368,1149,1517,0.1388
360,1143,1503,0.1388
359,1148,1507,0.1388
358,1146,1504,0.1388
352,1144,1496,0.1388
355,1154,1509,0.1388
355,1164,1519,0.1388
354,1161,1515,0.1388
360,1163,1523,0.1388
357,1164,1521,0.1388
355,1145,1500,0.1388
358,1146,1504,0.1388
359,1150,1509,0.1388
358,1155,1513,0.1388
359,1166,1525,0.1388
361,1162,1523,0.1388
364,1166,1530,0.1388
364,1163,1527,0.1388
363,1163,1526,0.1388
354,1152,1506,0.1388
354,1153,1507,0.1388
347,1160,1507,0.1388
355,1166,1521,0.1388
348,1169,1517,0.1388
342,1178,1520,0.1388
347,1170,1517,0.1388
340,1167,1507,0.1388
342,1165,1507,0.1388
343,1165,1508,0.1388
343,1159,1502,0.1388
342,1166,1508,0.1388
343,1170,1513,0.1388
342,1173,1515,0.1388
340,1191,1531,0.1388
335,1186,1521,0.1388
336,1182,1518,0.1388
333,1170,1503,0.1388
328,1166,1494,0.1388
321,1179,1500,0.1388
324,1192,1516,0.1388
315,1201,1516,0.1388
313,1193,1506,0.1388
317,1194,1511,0.1388
315,1206,1521,0.1388
311,1196,1507,0.1388
313,1197,1510,0.1388
315,1200,1515,0.1388
316,1199,1515,0.1388
316,1187,1503,0.1388
311,1184,1495,0.1388
307,1172,1479,0.1388
316,1173,1489,0.1388
316,1162,1478,0.1388
321,1169,1490,0.1388
315,1189,1504,0.1388
309,1183,1492,0.1388
309,1203,1512,0.1388
310,1210,1520,0.1388
310,1203,1513,0.1388
315,1203,1518,0.1388
316,1198,1514,0.1388
311,1210,1521,0.1388
312,1203,1515,0.1388
306,1209,1515,0.1388
309,1205,1514,0.1388
302,1203,1505,0.1388
296,1206,1502,0.1388
294,1215,1509,0.1388
288,1214,1502,0.1388
290,1219,1509,0.1388
291,1215,1506,0.1388
291,1208,1499,0.1388
288,1211,1499,0.1388
295,1205,1500,0.1388
303,1200,1503,0.1388
296,1205,1501,0.1388
300,1201,1501,0.1388
296,1195,1491,0.1388
294,1193,1487,0.1388
297,1194,1491,0.1388
292,1207,1499,0.1388
294,1206,1500,0.1388
299,1217,1516,0.1388
299,1212,1511,0.1388
301,1212,1513,0.1388
301,1212,1513,0.1388
299,1209,1508,0.1388
291,1221,1512,0.1388
295,1213,1508,0.1388
294,1213,1507,0.1388
292,1213,1505,0.1388
293,1214,1507,0.1388
296,1202,1498,0.1388
296,1207,1503,0.1388
287,1225,1512,0.1388
284,1232,1516,0.1388
281,1235,1516,0.1388
284,1236,1520,0.1388
282,1239,1521,0.1388
280,1213,1493,0.1388
280,1208,1488,0.1388
280,1223,1503,0.1388
274,1224,1498,0.1388
275,1225,1500,0.1388
271,1239,1510,0.1388
267,1241,1508,0.1388
271,1239,1510,0.1388
266,1227,1493,0.1388
265,1236,1501,0.1388
269,1232,1501,0.1388
270,1231,1501,0.1388
269,1238,1507,0.1388
267,1242,1509,0.1388
264,1244,1508,0.1388
262,1246,1508,0.1388
257,1251,1508,0.1388
256,1243,1499,0.1388
263,1255,1518,0.1388
265,1254,1519,0.1388
260,1247,1507,0.1388
263,1261,1524,0.1388
259,1243,1502,0.1388
259,1244,1503,0.1388
262,1235,1497,0.1388
260,1242,1502,0.1388
261,1238,1499,0.1388
262,1241,1503,0.1388
259,1250,1509,0.1388
265,1262,1527,0.1388
257,1255,1512,0.1388
252,1271,1523,0.1388
249,1270,1519,0.1388
246,1255,1501,0.1388
239,1253,1492,0.1388
246,1264,1510,0.1388
244,1270,1514,0.1388
240,1273,1513,0.1388
241,1278,1519,0.1388
240,1269,1509,0.1388
240,1278,1518,0.1388
240,1271,1511,0.1388
241,1270,1511,0.1388
239,1269,1508,0.1388
237,1272,1509,0.1388
238,1276,1514,0.1388
239,1276,1515,0.1388
247,1280,1527,0.1388
240,1283,1523,0.1388
238,1289,1527,0.1388
238,1284,1522,0.1388
234,1277,1511,0.1388
230,1271,1501,0.1388
235,1272,1507,0.1388
236,1273,1509,0.1388
240,1282,1522,0.1388
240,1269,1509,0.1388
238,1274,1512,0.1388
234,1291,1525,0.1388
229,1286,1515,0.1388
231,1290,1521,0.1388
231,1276,1507,0.1388
230,1287,1517,0.1388
231,1285,1516,0.1388
228,1283,1511,0.1388
229,1285,1514,0.1388
229,1284,1513,0.1388
227,1284,1511,0.1388
224,1279,1503,0.1388
220,1278,1498,0.1388
218,1280,1498,0.1388
217,1280,1497,0.1388
216,1288,1504,0.1388
211,1295,1506,0.1388
214,1302,1516,0.1388
213,1307,1520,0.1388
212,1312,1524,0.1388
209,1300,1509,0.1388
209,1302,1511,0.1388
215,1292,1507,0.1388
212,1289,1501,0.1388
214,1292,1506,0.1388
213,1298,1511,0.1388
212,1309,1521,0.1388
210,1312,1522,0.1388
208,1303,1511,0.1388
209,1307,1516,0.1388
201,1304,1505,0.1388
204,1313,1517,0.1388
205,1306,1511,0.1388
208,1302,1510,0.1388
206,1313,1519,0.1388
210,1312,1522,0.1388
216,1305,1521,0.1388
217,1304,1521,0.1388
217,1312,1529,0.1388
215,1313,1528,0.1388
219,1314,1533,0.1388
221,1303,1524,0.1388
220,1298,1518,0.1388
214,1297,1511,0.1388
212,1297,1509,0.1388
216,1290,1506,0.1388
216,1295,1511,0.1388
208,1295,1503,0.1388
208,1300,1508,0.1388
203,1305,1508,0.1388
205,1310,1515,0.1388
203,1303,1506,0.1388
203,1305,1508,0.1388
205,1301,1506,0.1388
206,1310,1516,0.1388
202,1313,1515,0.1388
202,1318,1520,0.1388
203,1326,1529,0.1388
197,1309,1506,0.1388
197,1313,1510,0.1388
202,1310,1512,0.1388
203,1321,1524,0.1388
199,1325,1524,0.1388
199,1315,1514,0.1388
195,1314,1509,0.1388
193,1312,1505,0.1388
193,1317,1510,0.1388
196,1314,1510,0.1388
194,1314,1508,0.1388
192,1316,1508,0.1388
189,1321,1510,0.1388
188,1310,1498,0.1388
188,1310,1498,0.1388
189,1321,1510,0.1388
192,1337,1529,0.1388
192,1335,1527,0.1388
194,1325,1519,0.1388
196,1317,1513,0.1388
195,1322,1517,0.1388
194,1312,1506,0.1388
193,1327,1520,0.1388
193,1322,1515,0.1388
190,1315,1505,0.1388
188,1306,1494,0.1388
196,1313,1509,0.1388
194,1310,1504,0.1388
196,1314,1510,0.1388
197,1311,1508,0.1388
195,1317,1512,0.1388
199,1307,1506,0.1388
197,1308,1505,0.1388
196,1321,1517,0.1388
199,1325,1524,0.1388
195,1316,1511,0.1388
191,1318,1509,0.1388
186,1334,1520,0.1388
180,1346,1526,0.1388
181,1341,1522,0.1388
183,1337,1520,0.1388
186,1352,1538,0.1388
184,1357,1541,0.1388
180,1352,1532,0.1388
185,1352,1537,0.1388
181,1335,1516,0.1388
177,1335,1512,0.1388
187,1339,1526,0.1388
187,1340,1527,0.1388
185,1340,1525,0.1388
183,1341,1524,0.1388
178,1336,1514,0.1388
175,1339,1514,0.1388
176,1340,1516,0.1388
178,1341,1519,0.1388
180,1339,1519,0.1388
180,1337,1517,0.1388
182,1337,1519,0.1388
180,1336,1516,0.1388
176,1333,1509,0.1388
176,1332,1508,0.1388
172,1325,1497,0.1388
170,1333,1503,0.1388
178,1331,1509,0.1388
173,1336,1509,0.1388
174,1342,1516,0.1388
170,1341,1511,0.1388
171,1339,1510,0.1388
168,1322,1490,0.1388
163,1339,1502,0.1388
160,1345,1505,0.1388
157,1352,1509,0.1388
159,1362,1521,0.1388
156,1363,1519,0.1388
157,1363,1520,0.1388
160,1350,1510,0.1388
160,1341,1501,0.1388
160,1344,1504,0.1388
160,1337,1497,0.1388
162,1346,1508,0.1388
164,1349,1513,0.1388
166,1345,1511,0.1388
164,1342,1506,0.1388
164,1343,1507,0.1388
162,1349,1511,0.1388
164,1346,1510,0.1388
163,1351,1514,0.1388
163,1353,1516,0.1388
161,1340,1501,0.1388
162,1335,1497,0.1388
161,1350,1511,0.1388
153,1354,1507,0.1388
156,1366,1522,0.1388
155,1350,1505,0.1388
157,1354,1511,0.1388
153,1364,1517,0.1388
152,1368,1520,0.1388
154,1349,1503,0.1388
151,1356,1507,0.1388
150,1352,1502,0.1388
150,1353,1503,0.1388
147,1361,1508,0.1388
147,1350,1497,0.1388
148,1357,1505,0.1388
152,1347,1499,0.1388
154,1369,1523,0.1388
147,1370,1517,0.1388
143,1360,1503,0.1388
143,1356,1499,0.1388
139,1352,1491,0.1388
136,1351,1487,0.1388
133,1364,1497,0.1388
134,1373,1507,0.1388
138,1369,1507,0.1388
135,1376,1511,0.1388
131,1389,1520,0.1388
130,1379,1509,0.1388
131,1382,1513,0.1388
129,1382,1511,0.1388
128,1381,1509,0.1388
128,1372,1500,0.1388
125,1392,1517,0.1388
123,1390,1513,0.1388
122,1391,1513,0.1388
127,1370,1497,0.1388
129,1372,1501,0.1388
125,1377,1502,0.1388
128,1382,1510,0.1388
124,1386,1510,0.1388
124,1397,1521,0.1388
127,1388,1515,0.1388
121,1388,1509,0.1388
119,1390,1509,0.1388
119,1397,1516,0.1388
119,1404,1523,0.1388
119,1409,1528,0.1388
117,1389,1506,0.1388
114,1385,1499,0.1388
116,1388,1504,0.1388
120,1396,1516,0.1388
115,1399,1514,0.1388
111,1405,1516,0.1388
109,1405,1514,0.1388
110,1409,1519,0.1388
109,1394,1503,0.1388
109,1395,1504,0.1388
109,1399,1508,0.1388
108,1410,1518,0.1388
110,1404,1514,0.1388
114,1407,1521,0.1388
113,1404,1517,0.1388
114,1411,1525,0.1388
117,1408,1525,0.1388
114,1408,1522,0.1388
116,1404,1520,0.1388
117,1394,1511,0.1388
113,1393,1506,0.1388
113,1397,1510,0.1388
115,1390,1505,0.1388
115,1403,1518,0.1388
114,1406,1520,0.1388
112,1405,1517,0.1388
112,1401,1513,0.1388
112,1390,1502,0.1388
110,1396,1506,0.1388
111,1402,1513,0.1388
110,1407,1517,0.1388
110,1419,1529,0.1388
108,1414,1522,0.1388
111,1415,1526,0.1388
110,1416,1526,0.1388
110,1418,1528,0.1388
109,1417,1526,0.1388
108,1416,1524,0.1388
109,1400,1509,0.1388
111,1403,1514,0.1388
110,1409,1519,0.1388
108,1409,1517,0.1388
106,1410,1516,0.1388
106,1398,1504,0.1388
105,1399,1504,0.1388
105,1406,1511,0.1388
103,1411,1514,0.1388
102,1415,1517,0.1388
103,1418,1521,0.1388
103,1405,1508,0.1388
103,1406,1509,0.1388
104,1398,1502,0.1388
106,1405,1511,0.1388
102,1410,1512,0.1388
101,1408,1509,0.1388
96,1415,1511,0.1388
96,1405,1501,0.1388
98,1411,1509,0.1388
94,1406,1500,0.1388
93,1416,1509,0.1388
91,1417,1508,0.1388
92,1412,1504,0.1388
92,1405,1497,0.1388
90,1410,1500,0.1388
90,1403,1493,0.1388
91,1413,1504,0.1388
91,1417,1508,0.1388
92,1423,1515,0.1388
90,1423,1513,0.1388
89,1415,1504,0.1388
93,1429,1522,0.1388
96,1415,1511,0.1388
92,1422,1514,0.1388
94,1420,1514,0.1388
101,1421,1522,0.1388
100,1425,1525,0.1388
99,1414,1513,0.1388
97,1424,1521,0.1388
98,1418,1516,0.1388
99,1413,1512,0.1388
100,1415,1515,0.1388
99,1419,1518,0.1388
98,1416,1514,0.1388
98,1418,1516,0.1388
96,1415,1511,0.1388
97,1415,1512,0.1388
97,1416,1513,0.1388
96,1419,1515,0.1388
95,1422,1517,0.1388
93,1426,1519,0.1388
90,1414,1504,0.1388
90,1411,1501,0.1388
88,1414,1502,0.1388
89,1438,1527,0.1388
88,1423,1511,0.1388
88,1418,1506,0.1388
86,1423,1509,0.1388
87,1431,1518,0.1388
86,1427,1513,0.1388
87,1434,1521,0.1388
88,1434,1522,0.1388
87,1428,1515,0.1388
90,1435,1525,0.1388
91,1423,1514,0.1388
88,1429,1517,0.1388
87,1423,1510,0.1388
84,1421,1505,0.1388
83,1410,1493,0.1388
85,1419,1504,0.1388
88,1420,1508,0.1388
86,1430,1516,0.1388
86,1432,1518,0.1388
87,1433,1520,0.1388
88,1429,1517,0.1388
88,1414,1502,0.1388
91,1430,1521,0.1388
91,1441,1532,0.1388
90,1435,1525,0.1388
86,1422,1508,0.1388
86,1424,1510,0.1388
85,1424,1509,0.1388
83,1429,1512,0.1388
87,1419,1506,0.1388
86,1412,1498,0.1388
86,1415,1501,0.1388
87,1430,1517,0.1388
88,1430,1518,0.1388
85,1430,1515,0.1388
83,1414,1497,0.1388
87,1435,1522,0.1388
81,1451,1532,0.1388
83,1434,1517,0.1388
84,1420,1504,0.1388
84,1415,1499,0.1388
81,1421,1502,0.1388
80,1427,1507,0.1388
78,1426,1504,0.1388
74,1429,1503,0.1388
72,1436,1508,0.1388
72,1441,1513,0.1388
71,1444,1515,0.1388
68,1428,1496,0.1388
69,1435,1504,0.1388
68,1428,1496,0.1388
66,1452,1518,0.1388
66,1443,1509,0.1388
66,1448,1514,0.1388
67,1450,1517,0.1388
66,1449,1515,0.1388
67,1449,1516,0.1388
66,1446,1512,0.1388
67,1458,1525,0.1388
67,1452,1519,0.1388
65,1442,1507,0.1388
63,1436,1499,0.1388
64,1446,1510,0.1388
66,1446,1512,0.1388
66,1445,1511,0.1388
69,1444,1513,0.1388
67,1449,1516,0.1388
66,1464,1530,0.1388
64,1451,1515,0.1388
62,1455,1517,0.1388
62,1461,1523,0.1388
62,1463,1525,0.1388
62,1453,1515,0.1388
62,1457,1519,0.1388
60,1446,1506,0.1388
60,1460,1520,0.1388
64,1454,1518,0.1388
61,1450,1511,0.1388
61,1453,1514,0.1388
64,1461,1525,0.1388
62,1448,1510,0.1388
60,1448,1508,0.1388
60,1464,1524,0.1388
59,1458,1517,0.1388
60,1458,1518,0.1388
61,1457,1518,0.1388
58,1458,1516,0.1388
58,1459,1517,0.1388
59,1454,1513,0.1388
61,1456,1517,0.1388
61,1457,1518,0.1388
58,1448,1506,0.1388
57,1456,1513,0.1388
56,1474,1530,0.1388
58,1476,1534,0.1388
58,1466,1524,0.1388
57,1467,1524,0.1388
58,1459,1517,0.1388
57,1459,1516,0.1388
56,1461,1517,0.1388
56,1451,1507,0.1388
51,1453,1504,0.1388
52,1432,1484,0.1388
50,1438,1488,0.1388
52,1454,1506,0.1388
52,1465,1517,0.1388
51,1471,1522,0.1388
50,1469,1519,0.1388
51,1477,1528,0.1388
51,1465,1516,0.1388
52,1461,1513,0.1388
50,1458,1508,0.1388
46,1458,1504,0.1388
46,1456,1502,0.1388
44,1464,1508,0.1388
46,1455,1501,0.1388
45,1463,1508,0.1388
46,1468,1514,0.1388
47,1470,1517,0.1388
49,1467,1516,0.1388
47,1455,1502,0.1388
51,1462,1513,0.1388
50,1473,1523,0.1388
50,1472,1522,0.1388
52,1467,1519,0.1388
53,1461,1514,0.1388
53,1465,1518,0.1388
52,1458,1510,0.1388
51,1465,1516,0.1388
50,1479,1529,0.1388
48,1474,1522,0.1388
49,1474,1523,0.1388
50,1481,1531,0.1388
50,1470,1520,0.1388
49,1462,1511,0.1388
50,1464,1514,0.1388
49,1460,1509,0.1388
48,1464,1512,0.1388
48,1463,1511,0.1388
48,1461,1509,0.1388
48,1461,1509,0.1388
48,1464,1512,0.1388
49,1455,1504,0.1388
47,1456,1503,0.1388
49,1474,1523,0.1388
48,1462,1510,0.1388
48,1464,1512,0.1388
48,1470,1518,0.1388
48,1458,1506,0.1388
50,1461,1511,0.1388
52,1463,1515,0.1388
49,1461,1510,0.1388
50,1466,1516,0.1388
51,1471,1522,0.1388
55,1456,1511,0.1388
52,1464,1516,0.1388
54,1470,1524,0.1388
55,1478,1533,0.1388
53,1467,1520,0.1388
53,1467,1520,0.1388
53,1464,1517,0.1388
53,1481,1534,0.1388
53,1471,1524,0.1388
53,1473,1526,0.1388
55,1459,1514,0.1388
56,1461,1517,0.1388
56,1452,1508,0.1388
55,1451,1506,0.1388
56,1455,1511,0.1388
54,1456,1510,0.1388
55,1466,1521,0.1388
53,1462,1515,0.1388
53,1471,1524,0.1388
51,1483,1534,0.1388
52,1488,1540,0.1388
50,1482,1532,0.1388
48,1483,1531,0.1388
47,1470,1517,0.1388
48,1465,1513,0.1388
51,1453,1504,0.1388
51,1459,1510,0.1388
50,1472,1522,0.1388
50,1463,1513,0.1388
48,1459,1507,0.1388
48,1465,1513,0.1388
49,1457,1506,0.1388
54,1452,1506,0.1388
54,1454,1508,0.1388
52,1462,1514,0.1388
49,1466,1515,0.1388
45,1461,1506,0.1388
46,1474,1520,0.1388
45,1466,1511,0.1388
45,1471,1516,0.1388
46,1467,1513,0.1388
46,1458,1504,0.1388
47,1455,1502,0.1388
46,1463,1509,0.1388
46,1473,1519,0.1388
49,1473,1522,0.1388
49,1466,1515,0.1388
48,1467,1515,0.1388
49,1476,1525,0.1388
48,1461,1509,0.1388
47,1456,1503,0.1388
49,1470,1519,0.1388
49,1468,1517,0.1388
49,1468,1517,0.1388
50,1462,1512,0.1388
50,1442,1492,0.1388
50,1437,1487,0.1388
51,1441,1492,0.1388
51,1440,1491,0.1388
49,1449,1498,0.1388
48,1457,1505,0.1388
45,1463,1508,0.1388
45,1478,1523,0.1388
47,1472,1519,0.1388
46,1471,1517,0.1388
45,1474,1519,0.1388
45,1468,1513,0.1388
46,1461,1507,0.1388
47,1459,1506,0.1388
45,1462,1507,0.1388
49,1462,1511,0.1388
49,1465,1514,0.1388
49,1463,1512,0.1388
47,1474,1521,0.1388
47,1476,1523,0.1388
47,1476,1523,0.1388
49,1469,1518,0.1388
50,1463,1513,0.1388
48,1462,1510,0.1388
54,1469,1523,0.1388
55,1467,1522,0.1388
52,1466,1518,0.1388
53,1460,1513,0.1388
58,1463,1521,0.1388
57,1454,1511,0.1388
58,1446,1504,0.1388
59,1467,1526,0.1388
62,1459,1521,0.1388
62,1461,1523,0.1388
62,1461,1523,0.1388
63,1446,1509,0.1388
64,1451,1515,0.1388
64,1436,1500,0.1388
65,1441,1506,0.1388
64,1440,1504,0.1388
65,1448,1513,0.1388
66,1456,1522,0.1388
64,1458,1522,0.1388
65,1451,1516,0.1388
65,1456,1521,0.1388
62,1459,1521,0.1388
63,1456,1519,0.1388
62,1460,1522,0.1388
62,1452,1514,0.1388
59,1447,1506,0.1388
59,1466,1525,0.1388
57,1456,1513,0.1388
58,1455,1513,0.1388
57,1449,1506,0.1388
58,1458,1516,0.1388
57,1463,1520,0.1388
58,1451,1509,0.1388
61,1450,1511,0.1388
59,1453,1512,0.1388
58,1455,1513,0.1388
54,1455,1509,0.1388
53,1465,1518,0.1388
51,1466,1517,0.1388
53,1471,1524,0.1388
51,1460,1511,0.1388
51,1449,1500,0.1388
50,1460,1510,0.1388
50,1460,1510,0.1388
51,1473,1524,0.1388
53,1481,1534,0.1388
55,1470,1525,0.1388
51,1465,1516,0.1388
51,1454,1505,0.1388
50,1455,1505,0.1388
50,1460,1510,0.1388
51,1460,1511,0.1388
50,1464,1514,0.1388
50,1462,1512,0.1388
51,1468,1519,0.1388
51,1458,1509,0.1388
53,1458,1511,0.1388
51,1454,1505,0.1388
52,1463,1515,0.1388
51,1474,1525,0.1388
48,1466,1514,0.1388
49,1469,1518,0.1388
49,1452,1501,0.1388
49,1459,1508,0.1388
49,1470,1519,0.1388
50,1465,1515,0.1388
50,1476,1526,0.1388
49,1454,1503,0.1388
50,1461,1511,0.1388
53,1463,1516,0.1388
51,1457,1508,0.1388
50,1455,1505,0.1388
52,1472,1524,0.1388
52,1472,1524,0.1388
51,1454,1505,0.1388
51,1455,1506,0.1388
53,1459,1512,0.1388
54,1462,1516,0.1388
53,1480,1533,0.1388
54,1480,1534,0.1388
53,1478,1531,0.1388
53,1479,1532,0.1388
52,1476,1528,0.1388
52,1465,1517,0.1388
51,1467,1518,0.1388
51,1473,1524,0.1388
55,1474,1529,0.1388
53,1471,1524,0.1388
52,1458,1510,0.1388
55,1455,1510,0.1388
56,1462,1518,0.1388
55,1467,1522,0.1388
54,1466,1520,0.1388
53,1470,1523,0.1388
52,1463,1515,0.1388
50,1463,1513,0.1388
48,1460,1508,0.1388
51,1475,1526,0.1388
52,1460,1512,0.1388
52,1468,1520,0.1388
52,1459,1511,0.1388
52,1449,1501,0.1388
51,1456,1507,0.1388
53,1452,1505,0.1388
56,1464,1520,0.1388
53,1469,1522,0.1388
53,1473,1526,0.1388
55,1464,1519,0.1388
56,1463,1519,0.1388
58,1462,1520,0.1388
55,1454,1509,0.1388
55,1439,1494,0.1388
56,1442,1498,0.1388
58,1442,1500,0.1388
58,1453,1511,0.1388
58,1450,1508,0.1388
58,1435,1493,0.1388
58,1442,1500,0.1388
59,1437,1496,0.1388
61,1447,1508,0.1388
58,1458,1516,0.1388
60,1471,1531,0.1388
60,1457,1517,0.1388
59,1455,1514,0.1388
58,1451,1509,0.1388
59,1451,1510,0.1388
59,1456,1515,0.1388
59,1441,1500,0.1388
58,1434,1492,0.1388
56,1427,1483,0.1388
53,1443,1496,0.1388
54,1448,1502,0.1388
53,1455,1508,0.1388
53,1456,1509,0.1388
52,1463,1515,0.1388
50,1467,1517,0.1388
48,1459,1507,0.1388
51,1454,1505,0.1388
52,1455,1507,0.1388
53,1455,1508,0.1388
53,1464,1517,0.1388
52,1476,1528,0.1388
53,1469,1522,0.1388
51,1466,1517,0.1388
50,1479,1529,0.1388
48,1479,1527,0.1388
49,1479,1528,0.1388
48,1478,1526,0.1388
47,1475,1522,0.1388
46,1485,1531,0.1388
52,1473,1525,0.1388
50,1474,1524,0.1388
51,1477,1528,0.1388
50,1461,1511,0.1388
49,1466,1515,0.1388
50,1478,1528,0.1388
50,1475,1525,0.1388
51,1482,1533,0.1388
51,1462,1513,0.1388
48,1470,1518,0.1388
49,1452,1501,0.1388
50,1465,1515,0.1388
50,1472,1522,0.1388
52,1471,1523,0.1388
50,1474,1524,0.1388
52,1463,1515,0.1388
53,1467,1520,0.1388
53,1462,1515,0.1388
52,1462,1514,0.1388
52,1477,1529,0.1388
50,1468,1518,0.1388
50,1469,1519,0.1388
50,1473,1523,0.1388
47,1462,1509,0.1388
49,1467,1516,0.1388
48,1456,1504,0.1388
47,1438,1485,0.1388
46,1440,1486,0.1388
48,1445,1493,0.1388
49,1450,1499,0.1388
50,1448,1498,0.1388
49,1443,1492,0.1388
50,1438,1488,0.1388
46,1443,1489,0.1388
47,1451,1498,0.1388
46,1454,1500,0.1388
45,1471,1516,0.1388
45,1468,1513,0.1388
45,1468,1513,0.1388
47,1465,1512,0.1388
44,1464,1508,0.1388
43,1458,1501,0.1388
41,1461,1502,0.1388
44,1473,1517,0.1388
45,1473,1518,0.1388
47,1470,1517,0.1388
48,1460,1508,0.1388
47,1465,1512,0.1388
45,1464,1509,0.1388
45,1459,1504,0.1388
46,1462,1508,0.1388
46,1464,1510,0.1388
47,1457,1504,0.1388
45,1456,1501,0.1388
49,1454,1503,0.1388
50,1459,1509,0.1388
50,1456,1506,0.1388
49,1458,1507,0.1388
48,1453,1501,0.1388
49,1463,1512,0.1388
49,1481,1530,0.1388
51,1474,1525,0.1388
55,1481,1536,0.1388
55,1467,1522,0.1388
54,1470,1524,0.1388
53,1466,1519,0.1388
53,1464,1517,0.1388
54,1458,1512,0.1388
53,1464,1517,0.1388
52,1454,1506,0.1388
53,1442,1495,0.1388
51,1458,1509,0.1388
51,1470,1521,0.1388
51,1474,1525,0.1388
51,1464,1515,0.1388
49,1462,1511,0.1388
49,1471,1520,0.1388
50,1466,1516,0.1388
52,1455,1507,0.1388
53,1462,1515,0.1388
49,1462,1511,0.1388
50,1458,1508,0.1388
50,1464,1514,0.1388
52,1469,1521,0.1388
50,1480,1530,0.1388
50,1472,1522,0.1388
50,1463,1513,0.1388
50,1474,1524,0.1388
46,1467,1513,0.1388
45,1475,1520,0.1388
44,1473,1517,0.1388
43,1472,1515,0.1388
42,1469,1511,0.1388
43,1474,1517,0.1388
43,1460,1503,0.1388
41,1470,1511,0.1388
42,1475,1517,0.1388
41,1475,1516,0.1388
40,1466,1506,0.1388
41,1465,1506,0.1388
41,1466,1507,0.1388
40,1471,1511,0.1388
40,1488,1528,0.1388
42,1482,1524,0.1388
42,1486,1528,0.1388
41,1476,1517,0.1388
40,1483,1523,0.1388
37,1486,1523,0.1388
37,1481,1518,0.1388
39,1489,1528,0.1388
40,1483,1523,0.1388
36,1479,1515,0.1388
38,1484,1522,0.1388
37,1488,1525,0.1388
36,1480,1516,0.1388
36,1488,1524,0.1388
35,1494,1529,0.1388
34,1490,1524,0.1388
31,1487,1518,0.1388
31,1495,1526,0.1388
30,1480,1510,0.1388
30,1472,1502,0.1388
32,1472,1504,0.1388
33,1476,1509,0.1388
33,1485,1518,0.1388
32,1482,1514,0.1388
33,1494,1527,0.1388
32,1484,1516,0.1388
32,1488,1520,0.1388
33,1495,1528,0.1388
34,1485,1519,0.1388
35,1485,1520,0.1388
34,1479,1513,0.1388
34,1498,1532,0.1388
34,1490,1524,0.1388
37,1492,1529,0.1388
36,1482,1518,0.1388
36,1481,1517,0.1388
36,1484,1520,0.1388
36,1479,1515,0.1388
36,1483,1519,0.1388
37,1486,1523,0.1388
35,1483,1518,0.1388
35,1485,1520,0.1388
36,1488,1524,0.1388
39,1484,1523,0.1388
38,1483,1521,0.1388
37,1477,1514,0.1388
37,1486,1523,0.1388
34,1492,1526,0.1388
33,1486,1519,0.1388
32,1486,1518,0.1388
32,1491,1523,0.1388
31,1504,1535,0.1388
31,1499,1530,0.1388
31,1497,1528,0.1388
31,1491,1522,0.1388
32,1488,1520,0.1388
31,1484,1515,0.1388
29,1482,1511,0.1388
29,1490,1519,0.1388
29,1492,1521,0.1388
29,1487,1516,0.1388
29,1500,1529,0.1388
29,1491,1520,0.1388
29,1497,1526,0.1388
30,1493,1523,0.1388
28,1497,1525,0.1388
29,1488,1517,0.1388
28,1480,1508,0.1388
27,1482,1509,0.1388
26,1489,1515,0.1388
27,1498,1525,0.1388
28,1499,1527,0.1388
28,1507,1535,0.1388
29,1477,1506,0.1388
29,1486,1515,0.1388
26,1494,1520,0.1388
27,1492,1519,0.1388
27,1494,1521,0.1388
26,1489,1515,0.1388
26,1490,1516,0.1388
25,1483,1508,0.1388
24,1494,1518,0.1388
24,1486,1510,0.1388
24,1493,1517,0.1388
24,1482,1506,0.1388
24,1466,1490,0.1388
24,1453,1477,0.1388
23,1462,1485,0.1388
22,1471,1493,0.1388
22,1484,1506,0.1388
22,1481,1503,0.1388
23,1482,1505,0.1388
22,1486,1508,0.1388
19,1498,1517,0.1388
20,1499,1519,0.1388
21,1499,1520,0.1388
21,1491,1512,0.1388
21,1477,1498,0.1388
19,1484,1503,0.1388
17,1500,1517,0.1388
17,1496,1513,0.1388
17,1508,1525,0.1388
19,1502,1521,0.1388
17,1499,1516,0.1388
20,1506,1526,0.1388
21,1512,1533,0.1388
20,1510,1530,0.1388
21,1511,1532,0.1388
21,1499,1520,0.1388
21,1488,1509,0.1388
20,1502,1522,0.1388
20,1493,1513,0.1388
20,1497,1517,0.1388
20,1501,1521,0.1388
19,1507,1526,0.1388
20,1506,1526,0.1388
20,1510,1530,0.1388
20,1508,1528,0.1388
20,1498,1518,0.1388
21,1491,1512,0.1388
22,1487,1509,0.1388
22,1487,1509,0.1388
22,1487,1509,0.1388
23,1496,1519,0.1388
23,1500,1523,0.1388
23,1498,1521,0.1388
24,1492,1516,0.1388
24,1483,1507,0.1388
22,1500,1522,0.1388
21,1508,1529,0.1388
22,1512,1534,0.1388
20,1505,1525,0.1388
20,1507,1527,0.1388
20,1496,1516,0.1388
21,1500,1521,0.1388
21,1502,1523,0.1388
22,1509,1531,0.1388
22,1508,1530,0.1388
22,1500,1522,0.1388
21,1498,1519,0.1388
21,1501,1522,0.1388
22,1496,1518,0.1388
22,1503,1525,0.1388
22,1504,1526,0.1388
22,1488,1510,0.1388
21,1497,1518,0.1388
20,1501,1521,0.1388
20,1499,1519,0.1388
19,1507,1526,0.1388
19,1495,1514,0.1388
18,1493,1511,0.1388
19,1485,1504,0.1388
19,1494,1513,0.1388
20,1505,1525,0.1388
20,1504,1524,0.1388
21,1502,1523,0.1388
20,1502,1522,0.1388
20,1495,1515,0.1388
19,1491,1510,0.1388
17,1497,1514,0.1388
17,1502,1519,0.1388
18,1499,1517,0.1388
19,1501,1520,0.1388
17,1495,1512,0.1388
18,1499,1517,0.1388
20,1492,1512,0.1388
20,1484,1504,0.1388
20,1497,1517,0.1388
20,1503,1523,0.1388
21,1496,1517,0.1388
22,1501,1523,0.1388
23,1492,1515,0.1388
22,1487,1509,0.1388
21,1496,1517,0.1388
21,1503,1524,0.1388
22,1506,1528,0.1388
23,1503,1526,0.1388
23,1496,1519,0.1388
23,1485,1508,0.1388
23,1475,1498,0.1388
24,1488,1512,0.1388
22,1484,1506,0.1388
23,1501,1524,0.1388
23,1501,1524,0.1388
23,1516,1539,0.1388
22,1502,1524,0.1388
22,1514,1536,0.1388
23,1509,1532,0.1388
23,1501,1524,0.1388
24,1510,1534,0.1388
24,1503,1527,0.1388
24,1496,1520,0.1388
23,1494,1517,0.1388
24,1494,1518,0.1388
25,1494,1519,0.1388
25,1501,1526,0.1388
24,1494,1518,0.1388
23,1495,1518,0.1388
20,1495,1515,0.1388
19,1505,1524,0.1388
19,1505,1524,0.1388
18,1496,1514,0.1388
20,1485,1505,0.1388
20,1485,1505,0.1388
18,1481,1499,0.1388
13,1483,1496,0.1388
16,1492,1508,0.1388
16,1497,1513,0.1388
15,1495,1510,0.1388
13,1492,1505,0.1388
14,1495,1509,0.1388
14,1496,1510,0.1388
14,1500,1514,0.1388
14,1512,1526,0.1388
14,1514,1528,0.1388
14,1492,1506,0.1388
13,1508,1521,0.1388
13,1512,1525,0.1388
11,1512,1523,0.1388
10,1502,1512,0.1388
10,1503,1513,0.1388
10,1510,1520,0.1388
10,1503,1513,0.1388
10,1508,1518,0.1388
10,1527,1537,0.1388
11,1523,1534,0.1388
12,1499,1511,0.1388
12,1485,1497,0.1388
13,1499,1512,0.1388
15,1503,1518,0.1388
15,1518,1533,0.1388
13,1516,1529,0.1388
10,1512,1522,0.1388
9,1504,1513,0.1388
9,1505,1514,0.1388
9,1511,1520,0.1388
10,1510,1520,0.1388
10,1522,1532,0.1388
9,1506,1515,0.1388
9,1500,1509,0.1388
9,1500,1509,0.1388
9,1506,1515,0.1388
10,1494,1504,0.1388
10,1506,1516,0.1388
9,1514,1523,0.1388
9,1508,1517,0.1388
9,1515,1524,0.1388
9,1518,1527,0.1388
9,1513,1522,0.1388
9,1522,1531,0.1388
9,1529,1538,0.1388
10,1530,1540,0.1388
10,1538,1548,0.1388
10,1534,1544,0.1388
10,1524,1534,0.1388
10,1514,1524,0.1388
10,1517,1527,0.1388
10,1510,1520,0.1388
10,1513,1523,0.1388
10,1510,1520,0.1388
9,1502,1511,0.1388
9,1497,1506,0.1388
9,1503,1512,0.1388
9,1496,1505,0.1388
10,1505,1515,0.1388
10,1496,1506,0.1388
10,1499,1509,0.1388
11,1509,1520,0.1388
10,1498,1508,0.1388
9,1492,1501,0.1388
9,1507,1516,0.1388
9,1493,1502,0.1388
8,1493,1501,0.1388
8,1494,1502,0.1388
8,1509,1517,0.1388
8,1499,1507,0.1388
8,1485,1493,0.1388
8,1486,1494,0.1388
8,1493,1501,0.1388
8,1498,1506,0.1388
8,1516,1524,0.1388
9,1506,1515,0.1388
9,1497,1506,0.1388
9,1510,1519,0.1388
8,1491,1499,0.1388
8,1487,1495,0.1388
8,1500,1508,0.1388
8,1506,1514,0.1388
8,1501,1509,0.1388
7,1519,1526,0.1388
7,1515,1522,0.1388
7,1522,1529,0.1388
7,1509,1516,0.1388
6,1512,1518,0.1388
6,1507,1513,0.1388
5,1506,1511,0.1388
5,1512,1517,0.1388
5,1506,1511,0.1388
5,1511,1516,0.1388
6,1497,1503,0.1388
7,1493,1500,0.1388
8,1501,1509,0.1388
8,1504,1512,0.1388
8,1504,1512,0.1388
8,1501,1509,0.1388
8,1499,1507,0.1388
9,1501,1510,0.1388
9,1502,1511,0.1388
9,1507,1516,0.1388
10,1513,1523,0.1388
10,1515,1525,0.1388
10,1488,1498,0.1388
10,1486,1496,0.1388
10,1503,1513,0.1388
10,1513,1523,0.1388
10,1523,1533,0.1388
10,1526,1536,0.1388
10,1526,1536,0.1388
10,1503,1513,0.1388
10,1496,1506,0.1388
10,1501,1511,0.1388
10,1490,1500,0.1388
11,1497,1508,0.1388
11,1492,1503,0.1388
11,1498,1509,0.1388
10,1503,1513,0.1388
10,1524,1534,0.1388
11,1513,1524,0.1388
11,1508,1519,0.1388
12,1498,1510,0.1388
12,1502,1514,0.1388
13,1517,1530,0.1388
13,1517,1530,0.1388
12,1507,1519,0.1388
12,1507,1519,0.1388
12,1493,1505,0.1388
11,1502,1513,0.1388
10,1507,1517,0.1388
10,1506,1516,0.1388
10,1497,1507,0.1388
10,1499,1509,0.1388
10,1498,1508,0.1388
10,1485,1495,0.1388
11,1494,1505,0.1388
11,1503,1514,0.1388
9,1509,1518,0.1388
9,1507,1516,0.1388
9,1491,1500,0.1388
10,1494,1504,0.1388
10,1498,1508,0.1388
9,1498,1507,0.1388
9,1501,1510,0.1388
9,1495,1504,0.1388
9,1484,1493,0.1388
9,1495,1504,0.1388
9,1491,1500,0.1388
8,1490,1498,0.1388
8,1505,1513,0.1388
9,1505,1514,0.1388
9,1510,1519,0.1388
10,1497,1507,0.1388
11,1508,1519,0.1388
11,1505,1516,0.1388
11,1509,1520,0.1388
11,1509,1520,0.1388
10,1501,1511,0.1388
10,1510,1520,0.1388
10,1513,1523,0.1388
10,1509,1519,0.1388
9,1509,1518,0.1388
9,1518,1527,0.1388
9,1518,1527,0.1388
9,1520,1529,0.1388
9,1510,1519,0.1388
9,1512,1521,0.1388
7,1502,1509,0.1388
8,1521,1529,0.1388
8,1530,1538,0.1388
9,1519,1528,0.1388
9,1519,1528,0.1388
9,1520,1529,0.1388
9,1514,1523,0.1388
10,1516,1526,0.1388
10,1513,1523,0.1388
10,1517,1527,0.1388
9,1512,1521,0.1388
9,1510,1519,0.1388
9,1503,1512,0.1388
8,1506,1514,0.1388
8,1520,1528,0.1388
7,1514,1521,0.1388
8,1512,1520,0.1388
8,1514,1522,0.1388
9,1513,1522,0.1388
9,1503,1512,0.1388
9,1524,1533,0.1388
9,1524,1533,0.1388
9,1532,1541,0.1388
9,1515,1524,0.1388
8,1507,1515,0.1388
8,1512,1520,0.1388
8,1514,1522,0.1388
8,1511,1519,0.1388
8,1492,1500,0.1388
8,1500,1508,0.1388
8,1510,1518,0.1388
8,1515,1523,0.1388
8,1503,1511,0.1388
8,1489,1497,0.1388
8,1488,1496,0.1388
8,1500,1508,0.1388
8,1507,1515,0.1388
7,1506,1513,0.1388
6,1502,1508,0.1388
5,1504,1509,0.1388
7,1500,1507,0.1388
6,1504,1510,0.1388
6,1503,1509,0.1388
6,1499,1505,0.1388
6,1514,1520,0.1388
6,1516,1522,0.1388
6,1521,1527,0.1388
6,1515,1521,0.1388
7,1507,1514,0.1388
7,1509,1516,0.1388
7,1511,1518,0.1388
8,1513,1521,0.1388
9,1508,1517,0.1388
9,1523,1532,0.1388
9,1509,1518,0.1388
8,1521,1529,0.1388
9,1523,1532,0.1388
9,1525,1534,0.1388
9,1524,1533,0.1388
9,1529,1538,0.1388
9,1510,1519,0.1388
8,1510,1518,0.1388
9,1506,1515,0.1388
10,1511,1521,0.1388
9,1502,1511,0.1388
9,1515,1524,0.1388
9,1517,1526,0.1388
9,1517,1526,0.1388
8,1531,1539,0.1388
8,1513,1521,0.1388
9,1506,1515,0.1388
9,1514,1523,0.1388
9,1523,1532,0.1388
10,1516,1526,0.1388
10,1518,1528,0.1388
10,1506,1516,0.1388
10,1496,1506,0.1388
10,1494,1504,0.1388
10,1511,1521,0.1388
10,1504,1514,0.1388
11,1493,1504,0.1388
10,1518,1528,0.1388
11,1509,1520,0.1388
11,1517,1528,0.1388
10,1515,1525,0.1388
9,1517,1526,0.1388
9,1518,1527,0.1388
9,1515,1524,0.1388
9,1516,1525,0.1388
9,1510,1519,0.1388
9,1508,1517,0.1388
10,1516,1526,0.1388
10,1509,1519,0.1388
10,1512,1522,0.1388
11,1514,1525,0.1388
11,1508,1519,0.1388
12,1506,1518,0.1388
12,1508,1520,0.1388
12,1494,1506,0.1388
12,1497,1509,0.1388
12,1510,1522,0.1388
12,1514,1526,0.1388
13,1512,1525,0.1388
13,1510,1523,0.1388
13,1511,1524,0.1388
13,1514,1527,0.1388
13,1514,1527,0.1388
13,1512,1525,0.1388
13,1517,1530,0.1388
13,1518,1531,0.1388
13,1516,1529,0.1388
13,1519,1532,0.1388
14,1515,1529,0.1388
14,1524,1538,0.1388
14,1518,1532,0.1388
13,1510,1523,0.1388
13,1515,1528,0.1388
13,1516,1529,0.1388
13,1509,1522,0.1388
14,1520,1534,0.1388
13,1503,1516,0.1388
13,1508,1521,0.1388
12,1501,1513,0.1388
12,1497,1509,0.1388
12,1488,1500,0.1388
12,1486,1498,0.1388
13,1499,1512,0.1388
14,1500,1514,0.1388
14,1497,1511,0.1388
13,1492,1505,0.1388
13,1504,1517,0.1388
13,1501,1514,0.1388
13,1504,1517,0.1388
14,1510,1524,0.1388
14,1511,1525,0.1388
14,1513,1527,0.1388
14,1505,1519,0.1388
14,1493,1507,0.1388
14,1503,1517,0.1388
15,1509,1524,0.1388
14,1514,1528,0.1388
14,1514,1528,0.1388
14,1512,1526,0.1388
14,1513,1527,0.1388
14,1510,1524,0.1388
14,1498,1512,0.1388
15,1505,1520,0.1388
15,1495,1510,0.1388
14,1510,1524,0.1388
14,1508,1522,0.1388
13,1515,1528,0.1388
14,1520,1534,0.1388
13,1506,1519,0.1388
14,1501,1515,0.1388
14,1501,1515,0.1388
14,1497,1511,0.1388
14,1494,1508,0.1388
14,1508,1522,0.1388
14,1513,1527,0.1388
14,1495,1509,0.1388
13,1495,1508,0.1388
13,1487,1500,0.1388
13,1505,1518,0.1388
13,1502,1515,0.1388
13,1509,1522,0.1388
13,1509,1522,0.1388
12,1500,1512,0.1388
12,1500,1512,0.1388
12,1501,1513,0.1388
13,1501,1514,0.1388
12,1495,1507,0.1388
12,1507,1519,0.1388
12,1529,1541,0.1388
12,1508,1520,0.1388
12,1499,1511,0.1388
12,1504,1516,0.1388
13,1501,1514,0.1388
11,1500,1511,0.1388
11,1509,1520,0.1388
11,1494,1505,0.1388
11,1492,1503,0.1388
11,1492,1503,0.1388
10,1493,1503,0.1388
11,1484,1495,0.1388
11,1475,1486,0.1388
11,1481,1492,0.1388
13,1485,1498,0.1388
13,1486,1499,0.1388
14,1494,1508,0.1388
14,1496,1510,0.1388
14,1485,1499,0.1388
13,1488,1501,0.1388
11,1500,1511,0.1388
11,1516,1527,0.1388
9,1519,1528,0.1388
9,1521,1530,0.1388
9,1505,1514,0.1388
9,1506,1515,0.1388
9,1502,1511,0.1388
9,1496,1505,0.1388
9,1504,1513,0.1388
10,1513,1523,0.1388
9,1510,1519,0.1388
9,1507,1516,0.1388
9,1503,1512,0.1388
9,1509,1518,0.1388
8,1496,1504,0.1388
7,1498,1505,0.1388
7,1503,1510,0.1388
7,1497,1504,0.1388
6,1514,1520,0.1388
6,1517,1523,0.1388
6,1517,1523,0.1388
6,1518,1524,0.1388
6,1505,1511,0.1388
6,1517,1523,0.1388
6,1499,1505,0.1388
6,1507,1513,0.1388
6,1493,1499,0.1388
6,1514,1520,0.1388
7,1499,1506,0.1388
7,1510,1517,0.1388
7,1511,1518,0.1388
7,1510,1517,0.1388
7,1503,1510,0.1388
6,1498,1504,0.1388
6,1504,1510,0.1388
4,1509,1513,0.1388
4,1509,1513,0.1388
4,1515,1519,0.1388
2,1507,1509,0.1388
2,1507,1509,0.1388
1,1515,1516,0.1388
1,1515,1516,0.1388
1,1523,1524,0.1388
1,1523,1524,0.1388
1,1519,1520,0.1388
1,1520,1521,0.1388
1,1519,1520,0.1388
1,1510,1511,0.1388
1,1519,1520,0.1388
1,1517,1518,0.1388
1,1519,1520,0.1388
1,1513,1514,0.1388
1,1511,1512,0.1388
1,1522,1523,0.1388
1,1521,1522,0.1388
1,1508,1509,0.1388
1,1519,1520,0.1388
1,1508,1509,0.1388
1,1519,1520,0.1388
1,1544,1545,0.1388
1,1527,1528,0.1388
1,1516,1517,0.1388
1,1511,1512,0.1388
1,1511,1512,0.1388
1,1508,1509,0.1388
1,1508,1509,0.1388
1,1504,1505,0.1388
1,1506,1507,0.1388
1,1507,1508,0.1388
1,1495,1496,0.1388
1,1510,1511,0.1388
1,1521,1522,0.1388
1,1512,1513,0.1388
1,1509,1510,0.1388
1,1509,1510,0.1388
1,1514,1515,0.1388
2,1512,1514,0.1388
2,1508,1510,0.1388
2,1511,1513,0.1388
2,1503,1505,0.1388
2,1514,1516,0.1388
2,1495,1497,0.1388
2,1500,1502,0.1388
2,1506,1508,0.1388
2,1510,1512,0.1388
2,1505,1507,0.1388
2,1513,1515,0.1388
2,1525,1527,0.1388
2,1524,1526,0.1388
2,1512,1514,0.1388
1,1525,1526,0.1388
1,1522,1523,0.1388
1,1525,1526,0.1388
1,1517,1518,0.1388
1,1521,1522,0.1388
1,1525,1526,0.1388
1,1518,1519,0.1388
1,1512,1513,0.1388
1,1505,1506,0.1388
1,1515,1516,0.1388
1,1510,1511,0.1388
1,1519,1520,0.1388
1,1517,1518,0.1388
1,1508,1509,0.1388
1,1507,1508,0.1388
1,1502,1503,0.1388
1,1519,1520,0.1388
1,1517,1518,0.1388
1,1507,1508,0.1388
1,1514,1515,0.1388
1,1517,1518,0.1388
1,1508,1509,0.1388
1,1515,1516,0.1388
1,1520,1521,0.1388
1,1531,1532,0.1388
1,1528,1529,0.1388
1,1516,1517,0.1388
1,1501,1502,0.1388
1,1513,1514,0.1388
1,1502,1503,0.1388
1,1513,1514,0.1388
1,1517,1518,0.1388
1,1519,1520,0.1388
1,1515,1516,0.1388
1,1533,1534,0.1388
1,1524,1525,0.1388
1,1514,1515,0.1388
1,1520,1521,0.1388
1,1523,1524,0.1388
1,1534,1535,0.1388
2,1522,1524,0.1388
2,1519,1521,0.1388
2,1527,1529,0.1388
2,1529,1531,0.1388
2,1525,1527,0.1388
2,1504,1506,0.1388
2,1496,1498,0.1388
2,1498,1500,0.1388
2,1507,1509,0.1388
2,1508,1510,0.1388
3,1527,1530,0.1388
3,1514,1517,0.1388
3,1517,1520,0.1388
3,1507,1510,0.1388
3,1516,1519,0.1388
3,1512,1515,0.1388
3,1526,1529,0.1388
4,1515,1519,0.1388
4,1519,1523,0.1388
4,1512,1516,0.1388
4,1503,1507,0.1388
4,1510,1514,0.1388
4,1514,1518,0.1388
3,1519,1522,0.1388
3,1511,1514,0.1388
3,1521,1524,0.1388
3,1528,1531,0.1388
3,1529,1532,0.1388
3,1533,1536,0.1388
3,1524,1527,0.1388
3,1526,1529,0.1388
3,1511,1514,0.1388
3,1516,1519,0.1388
3,1523,1526,0.1388
3,1535,1538,0.1388
3,1539,1542,0.1388
3,1524,1527,0.1388
3,1507,1510,0.1388
3,1506,1509,0.1388
3,1515,1518,0.1388
2,1504,1506,0.1388
2,1503,1505,0.1388
2,1514,1516,0.1388
3,1515,1518,0.1388
3,1521,1524,0.1388
3,1514,1517,0.1388
3,1521,1524,0.1388
3,1534,1537,0.1388
3,1523,1526,0.1388
3,1512,1515,0.1388
4,1509,1513,0.1388
4,1502,1506,0.1388
4,1510,1514,0.1388
5,1514,1519,0.1388
5,1512,1517,0.1388
5,1524,1529,0.1388
5,1509,1514,0.1388
5,1511,1516,0.1388
5,1509,1514,0.1388
5,1511,1516,0.1388
6,1511,1517,0.1388
6,1514,1520,0.1388
6,1506,1512,0.1388
6,1515,1521,0.1388
6,1526,1532,0.1388
6,1519,1525,0.1388
6,1524,1530,0.1388
6,1522,1528,0.1388
6,1510,1516,0.1388
6,1512,1518,0.1388
6,1496,1502,0.1388
6,1501,1507,0.1388
6,1511,1517,0.1388
6,1518,1524,0.1388
6,1508,1514,0.1388
6,1496,1502,0.1388
6,1500,1506,0.1388
6,1495,1501,0.1388
6,1495,1501,0.1388
5,1504,1509,0.1388
5,1505,1510,0.1388
6,1500,1506,0.1388
6,1499,1505,0.1388
6,1501,1507,0.1388
6,1494,1500,0.1388
6,1509,1515,0.1388
6,1506,1512,0.1388
6,1494,1500,0.1388
6,1503,1509,0.1388
5,1513,1518,0.1388
5,1501,1506,0.1388
5,1507,1512,0.1388
5,1504,1509,0.1388
5,1497,1502,0.1388
5,1488,1493,0.1388
5,1496,1501,0.1388
5,1490,1495,0.1388
5,1502,1507,0.1388
4,1489,1493,0.1388
5,1497,1502,0.1388
5,1514,1519,0.1388
5,1524,1529,0.1388
5,1523,1528,0.1388
5,1509,1514,0.1388
5,1526,1531,0.1388
5,1521,1526,0.1388
5,1523,1528,0.1388
5,1505,1510,0.1388
6,1505,1511,0.1388
6,1518,1524,0.1388
7,1516,1523,0.1388
6,1513,1519,0.1388
5,1512,1517,0.1388
5,1505,1510,0.1388
5,1504,1509,0.1388
4,1515,1519,0.1388
4,1527,1531,0.1388
4,1531,1535,0.1388
5,1525,1530,0.1388
5,1519,1524,0.1388
5,1514,1519,0.1388
5,1514,1519,0.1388
5,1502,1507,0.1388
5,1499,1504,0.1388
4,1499,1503,0.1388
4,1501,1505,0.1388
4,1507,1511,0.1388
4,1502,1506,0.1388
4,1505,1509,0.1388
4,1513,1517,0.1388
4,1509,1513,0.1388
4,1508,1512,0.1388
3,1508,1511,0.1388
3,1515,1518,0.1388
3,1506,1509,0.1388
3,1498,1501,0.1388
3,1503,1506,0.1388
3,1503,1506,0.1388
3,1493,1496,0.1388
3,1500,1503,0.1388
3,1498,1501,0.1388
3,1506,1509,0.1388
3,1513,1516,0.1388
3,1516,1519,0.1388
3,1520,1523,0.1388
3,1536,1539,0.1388
3,1536,1539,0.1388
2,1524,1526,0.1388
2,1510,1512,0.1388
2,1512,1514,0.1388
2,1513,1515,0.1388
1,1530,1531,0.1388
1,1512,1513,0.1388
1,1519,1520,0.1388
1,1504,1505,0.1388
1,1515,1516,0.1388
1,1511,1512,0.1388
1,1519,1520,0.1388
1,1524,1525,0.1388
1,1522,1523,0.1388
1,1513,1514,0.1388
1,1516,1517,0.1388
1,1506,1507,0.1388
1,1514,1515,0.1388
1,1522,1523,0.1388
1,1511,1512,0.1388
1,1506,1507,0.1388
1,1512,1513,0.1388
1,1512,1513,0.1388
1,1507,1508,0.1388
1,1495,1496,0.1388
1,1494,1495,0.1388
1,1488,1489,0.1388
1,1500,1501,0.1388
1,1501,1502,0.1388
1,1514,1515,0.1388
1,1520,1521,0.1388
0,1515,1515,0.1388
