1371,30,1401,0.1388
1401,25,1426,0.1388
1407,25,1432,0.1388
1420,25,1445,0.1388
1439,25,1464,0.1388
1447,26,1473,0.1388
1448,27,1475,0.1388
1448,24,1472,0.1388
1466,24,1490,0.1388
1462,24,1486,0.1388
1458,25,1483,0.1388
1452,26,1478,0.1388
1464,25,1489,0.1388
1461,25,1486,0.1388
1470,25,1495,0.1388
1464,24,1488,0.1388
1468,25,1493,0.1388
1475,25,1500,0.1388
1467,25,1492,0.1388
1463,23,1486,0.1388
1463,23,1486,0.1388
1468,23,1491,0.1388
1480,22,1502,0.1388
1481,22,1503,0.1388
1479,23,1502,0.1388
1466,23,1489,0.1388
1472,23,1495,0.1388
1486,22,1508,0.1388
1484,23,1507,0.1388
1483,21,1504,0.1388
1476,23,1499,0.1388
1470,24,1494,0.1388
1466,24,1490,0.1388
1456,25,1481,0.1388
1449,25,1474,0.1388
1441,26,1467,0.1388
1455,26,1481,0.1388
1447,26,1473,0.1388
1452,28,1480,0.1388
1445,27,1472,0.1388
1434,27,1461,0.1388
1441,29,1470,0.1388
1446,30,1476,0.1388
1452,32,1484,0.1388
1458,33,1491,0.1388
1455,32,1487,0.1388
1447,31,1478,0.1388
1468,33,1501,0.1388
1461,32,1493,0.1388
1467,32,1499,0.1388
1475,34,1509,0.1388
1474,34,1508,0.1388
1474,34,1508,0.1388
1483,34,1517,0.1388
1473,35,1508,0.1388
1467,39,1506,0.1388
1458,39,1497,0.1388
1454,41,1495,0.1388
1451,40,1491,0.1388
1439,41,1480,0.1388
1434,39,1473,0.1388
1450,40,1490,0.1388
1449,40,1489,0.1388
1459,39,1498,0.1388
1459,41,1500,0.1388
1464,42,1506,0.1388
1470,42,1512,0.1388
1457,42,1499,0.1388
1451,43,1494,0.1388
1447,43,1490,0.1388
1441,42,1483,0.1388
1455,42,1497,0.1388
1463,40,1503,0.1388
1451,40,1491,0.1388
1452,42,1494,0.1388
1446,44,1490,0.1388
1447,47,1494,0.1388
1455,45,1500,0.1388
1439,46,1485,0.1388
1446,46,1492,0.1388
1447,45,1492,0.1388
1449,45,1494,0.1388
1451,43,1494,0.1388
1454,43,1497,0.1388
1463,42,1505,0.1388
1458,42,1500,0.1388
1450,44,1494,0.1388
1446,41,1487,0.1388
1442,42,1484,0.1388
1448,45,1493,0.1388
1462,48,1510,0.1388
1459,49,1508,0.1388
1452,50,1502,0.1388
1452,48,1500,0.1388
1449,53,1502,0.1388
1455,53,1508,0.1388
1454,53,1507,0.1388
1450,53,1503,0.1388
1447,53,1500,0.1388
1433,54,1487,0.1388
1439,49,1488,0.1388
1426,49,1475,0.1388
1446,45,1491,0.1388
1440,44,1484,0.1388
1435,47,1482,0.1388
1448,45,1493,0.1388
1462,46,1508,0.1388
1437,47,1484,0.1388
1443,48,1491,0.1388
1426,52,1478,0.1388
1419,50,1469,0.1388
1425,49,1474,0.1388
1433,51,1484,0.1388
1432,50,1482,0.1388
1425,50,1475,0.1388
1422,48,1470,0.1388
1430,48,1478,0.1388
1415,46,1461,0.1388
1425,48,1473,0.1388
1416,48,1464,0.1388
1408,53,1461,0.1388
1432,54,1486,0.1388
1446,56,1502,0.1388
1433,58,1491,0.1388
1435,57,1492,0.1388
1428,61,1489,0.1388
1417,64,1481,0.1388
1424,67,1491,0.1388
1413,63,1476,0.1388
1407,64,1471,0.1388
1406,64,1470,0.1388
1410,67,1477,0.1388
1415,70,1485,0.1388
1410,71,1481,0.1388
1406,70,1476,0.1388
1426,71,1497,0.1388
1428,70,1498,0.1388
1428,72,1500,0.1388
1431,71,1502,0.1388
1438,70,1508,0.1388
1436,68,1504,0.1388
1431,69,1500,0.1388
1422,71,1493,0.1388
1422,74,1496,0.1388
1422,74,1496,0.1388
1423,73,1496,0.1388
1428,75,1503,0.1388
1425,73,1498,0.1388
1436,73,1509,0.1388
1428,72,1500,0.1388
1432,69,1501,0.1388
1437,70,1507,0.1388
1419,70,1489,0.1388
1420,71,1491,0.1388
1427,74,1501,0.1388
1417,74,1491,0.1388
1418,72,1490,0.1388
1416,73,1489,0.1388
1419,73,1492,0.1388
1416,71,1487,0.1388
1417,71,1488,0.1388
1416,69,1485,0.1388
1413,71,1484,0.1388
1411,71,1482,0.1388
1411,68,1479,0.1388
1417,67,1484,0.1388
1416,65,1481,0.1388
1422,66,1488,0.1388
1442,67,1509,0.1388
1442,65,1507,0.1388
1437,61,1498,0.1388
1450,61,1511,0.1388
1436,63,1499,0.1388
1433,63,1496,0.1388
1433,61,1494,0.1388
1427,59,1486,0.1388
1429,57,1486,0.1388
1420,54,1474,0.1388
1415,58,1473,0.1388
1418,58,1476,0.1388
1440,59,1499,0.1388
1435,60,1495,0.1388
1436,59,1495,0.1388
1429,61,1490,0.1388
1422,59,1481,0.1388
1439,59,1498,0.1388
1434,58,1492,0.1388
1429,58,1487,0.1388
1433,58,1491,0.1388
1453,57,1510,0.1388
1441,55,1496,0.1388
1441,55,1496,0.1388
1440,58,1498,0.1388
1439,57,1496,0.1388
1442,57,1499,0.1388
1439,56,1495,0.1388
1438,53,1491,0.1388
1450,54,1504,0.1388
1448,55,1503,0.1388
1443,54,1497,0.1388
1442,53,1495,0.1388
1438,54,1492,0.1388
1442,55,1497,0.1388
1429,55,1484,0.1388
1438,55,1493,0.1388
1430,53,1483,0.1388
1444,54,1498,0.1388
1436,53,1489,0.1388
1434,50,1484,0.1388
1430,52,1482,0.1388
1443,54,1497,0.1388
1441,57,1498,0.1388
1430,56,1486,0.1388
1446,56,1502,0.1388
1457,57,1514,0.1388
1447,55,1502,0.1388
1437,56,1493,0.1388
1448,56,1504,0.1388
1451,59,1510,0.1388
1442,61,1503,0.1388
1446,60,1506,0.1388
1446,60,1506,0.1388
1441,58,1499,0.1388
1437,58,1495,0.1388
1443,58,1501,0.1388
1435,58,1493,0.1388
1423,56,1479,0.1388
1425,56,1481,0.1388
1427,57,1484,0.1388
1432,56,1488,0.1388
1428,57,1485,0.1388
1436,60,1496,0.1388
1437,59,1496,0.1388
1436,59,1495,0.1388
1429,58,1487,0.1388
1423,60,1483,0.1388
1419,58,1477,0.1388
1427,57,1484,0.1388
1423,59,1482,0.1388
1426,61,1487,0.1388
1433,60,1493,0.1388
1443,60,1503,0.1388
1426,56,1482,0.1388
1437,56,1493,0.1388
1444,56,1500,0.1388
1443,54,1497,0.1388
1441,52,1493,0.1388
1462,51,1513,0.1388
1463,49,1512,0.1388
1455,48,1503,0.1388
1446,44,1490,0.1388
1447,43,1490,0.1388
1454,44,1498,0.1388
1449,46,1495,0.1388
1451,45,1496,0.1388
1461,44,1505,0.1388
1477,45,1522,0.1388
1483,42,1525,0.1388
1473,42,1515,0.1388
1455,40,1495,0.1388
1458,40,1498,0.1388
1443,41,1484,0.1388
1457,39,1496,0.1388
1456,40,1496,0.1388
1452,38,1490,0.1388
1451,37,1488,0.1388
1453,39,1492,0.1388
1459,37,1496,0.1388
1452,35,1487,0.1388
1443,36,1479,0.1388
1444,37,1481,0.1388
1436,34,1470,0.1388
1438,36,1474,0.1388
1436,37,1473,0.1388
1441,37,1478,0.1388
1442,36,1478,0.1388
1437,41,1478,0.1388
1444,42,1486,0.1388
1431,41,1472,0.1388
1451,43,1494,0.1388
1436,44,1480,0.1388
1441,44,1485,0.1388
1454,42,1496,0.1388
1460,45,1505,0.1388
1447,48,1495,0.1388
1454,48,1502,0.1388
1455,48,1503,0.1388
1447,49,1496,0.1388
1434,49,1483,0.1388
1439,48,1487,0.1388
1434,49,1483,0.1388
1442,49,1491,0.1388
1432,50,1482,0.1388
1442,51,1493,0.1388
1446,52,1498,0.1388
1443,50,1493,0.1388
1441,53,1494,0.1388
1428,53,1481,0.1388
1427,54,1481,0.1388
1426,57,1483,0.1388
1443,57,1500,0.1388
1416,58,1474,0.1388
1428,56,1484,0.1388
1426,57,1483,0.1388
1438,55,1493,0.1388
1432,51,1483,0.1388
1440,54,1494,0.1388
1428,54,1482,0.1388
1424,54,1478,0.1388
1424,55,1479,0.1388
1428,53,1481,0.1388
1433,52,1485,0.1388
1436,53,1489,0.1388
1444,52,1496,0.1388
1430,50,1480,0.1388
1436,53,1489,0.1388
1441,50,1491,0.1388
1461,50,1511,0.1388
1444,54,1498,0.1388
1439,56,1495,0.1388
1446,60,1506,0.1388
1457,60,1517,0.1388
1449,57,1506,0.1388
1451,60,1511,0.1388
1461,58,1519,0.1388
1450,57,1507,0.1388
1459,58,1517,0.1388
1452,60,1512,0.1388
1451,59,1510,0.1388
1447,60,1507,0.1388
1446,57,1503,0.1388
1435,61,1496,0.1388
1419,60,1479,0.1388
1419,59,1478,0.1388
1423,59,1482,0.1388
1431,59,1490,0.1388
1437,56,1493,0.1388
1445,56,1501,0.1388
1435,58,1493,0.1388
1443,57,1500,0.1388
1442,58,1500,0.1388
1437,57,1494,0.1388
1439,57,1496,0.1388
1427,56,1483,0.1388
1430,58,1488,0.1388
1427,59,1486,0.1388
1437,56,1493,0.1388
1444,54,1498,0.1388
1444,56,1500,0.1388
1445,55,1500,0.1388
1437,56,1493,0.1388
1446,60,1506,0.1388
1445,57,1502,0.1388
1441,61,1502,0.1388
1445,59,1504,0.1388
1442,57,1499,0.1388
1442,60,1502,0.1388
1438,61,1499,0.1388
1442,62,1504,0.1388
1436,59,1495,0.1388
1441,61,1502,0.1388
1437,60,1497,0.1388
1420,58,1478,0.1388
1429,59,1488,0.1388
1423,59,1482,0.1388
1440,57,1497,0.1388
1440,59,1499,0.1388
1435,60,1495,0.1388
1439,61,1500,0.1388
1435,60,1495,0.1388
1428,61,1489,0.1388
1434,59,1493,0.1388
1434,61,1495,0.1388
1435,65,1500,0.1388
1421,65,1486,0.1388
1429,64,1493,0.1388
1411,63,1474,0.1388
1431,62,1493,0.1388
1427,63,1490,0.1388
1437,64,1501,0.1388
1441,65,1506,0.1388
1447,64,1511,0.1388
1439,63,1502,0.1388
1433,63,1496,0.1388
1423,61,1484,0.1388
1439,60,1499,0.1388
1444,60,1504,0.1388
1446,59,1505,0.1388
1441,61,1502,0.1388
1431,58,1489,0.1388
1435,57,1492,0.1388
1450,59,1509,0.1388
1444,56,1500,0.1388
1436,59,1495,0.1388
1443,59,1502,0.1388
1436,59,1495,0.1388
1439,59,1498,0.1388
1424,58,1482,0.1388
1428,58,1486,0.1388
1424,62,1486,0.1388
1425,63,1488,0.1388
1432,63,1495,0.1388
1437,63,1500,0.1388
1421,64,1485,0.1388
1425,64,1489,0.1388
1435,62,1497,0.1388
1448,62,1510,0.1388
1443,62,1505,0.1388
1436,66,1502,0.1388
1429,67,1496,0.1388
1441,68,1509,0.1388
1433,64,1497,0.1388
1432,64,1496,0.1388
1445,62,1507,0.1388
1433,62,1495,0.1388
1437,61,1498,0.1388
1437,63,1500,0.1388
1435,61,1496,0.1388
1432,61,1493,0.1388
1441,61,1502,0.1388
1437,61,1498,0.1388
1447,60,1507,0.1388
1443,62,1505,0.1388
1432,62,1494,0.1388
1446,60,1506,0.1388
1447,60,1507,0.1388
1436,64,1500,0.1388
1440,65,1505,0.1388
1409,61,1470,0.1388
1412,61,1473,0.1388
1428,62,1490,0.1388
1437,63,1500,0.1388
1420,65,1485,0.1388
1416,65,1481,0.1388
1423,68,1491,0.1388
1420,69,1489,0.1388
1437,69,1506,0.1388
1442,66,1508,0.1388
1424,68,1492,0.1388
1432,65,1497,0.1388
1426,65,1491,0.1388
1437,68,1505,0.1388
1442,68,1510,0.1388
1428,66,1494,0.1388
1429,68,1497,0.1388
1427,67,1494,0.1388
1425,66,1491,0.1388
1429,62,1491,0.1388
1431,63,1494,0.1388
1428,62,1490,0.1388
1431,64,1495,0.1388
1438,63,1501,0.1388
1437,63,1500,0.1388
1429,68,1497,0.1388
1437,69,1506,0.1388
1434,68,1502,0.1388
1419,69,1488,0.1388
1416,69,1485,0.1388
1401,69,1470,0.1388
1402,72,1474,0.1388
1410,69,1479,0.1388
1419,67,1486,0.1388
1430,68,1498,0.1388
1426,67,1493,0.1388
1425,66,1491,0.1388
1429,69,1498,0.1388
1422,69,1491,0.1388
1411,71,1482,0.1388
1414,73,1487,0.1388
1422,72,1494,0.1388
1425,77,1502,0.1388
1421,78,1499,0.1388
1418,76,1494,0.1388
1422,78,1500,0.1388
1417,76,1493,0.1388
1410,77,1487,0.1388
1413,78,1491,0.1388
1426,77,1503,0.1388
1423,76,1499,0.1388
1429,77,1506,0.1388
1426,78,1504,0.1388
1419,82,1501,0.1388
1413,82,1495,0.1388
1401,81,1482,0.1388
1407,82,1489,0.1388
1400,81,1481,0.1388
1387,81,1468,0.1388
1384,77,1461,0.1388
1379,78,1457,0.1388
1414,77,1491,0.1388
1422,76,1498,0.1388
1421,75,1496,0.1388
1413,74,1487,0.1388
1409,73,1482,0.1388
1422,75,1497,0.1388
1424,77,1501,0.1388
1417,75,1492,0.1388
1418,76,1494,0.1388
1420,76,1496,0.1388
1419,79,1498,0.1388
1412,80,1492,0.1388
1411,80,1491,0.1388
1408,79,1487,0.1388
1413,77,1490,0.1388
1415,79,1494,0.1388
1409,80,1489,0.1388
1406,79,1485,0.1388
1414,81,1495,0.1388
1421,83,1504,0.1388
1430,84,1514,0.1388
1434,83,1517,0.1388
1439,85,1524,0.1388
1439,80,1519,0.1388
1418,86,1504,0.1388
1415,87,1502,0.1388
1415,89,1504,0.1388
1421,86,1507,0.1388
1423,85,1508,0.1388
1423,87,1510,0.1388
1425,90,1515,0.1388
1412,90,1502,0.1388
1402,94,1496,0.1388
1398,91,1489,0.1388
1405,91,1496,0.1388
1408,90,1498,0.1388
1411,90,1501,0.1388
1416,91,1507,0.1388
1415,88,1503,0.1388
1422,90,1512,0.1388
1424,89,1513,0.1388
1421,82,1503,0.1388
1421,80,1501,0.1388
1425,78,1503,0.1388
1416,79,1495,0.1388
1416,82,1498,0.1388
1420,84,1504,0.1388
1413,82,1495,0.1388
1403,80,1483,0.1388
1403,79,1482,0.1388
1417,83,1500,0.1388
1404,85,1489,0.1388
1401,85,1486,0.1388
1405,83,1488,0.1388
1392,84,1476,0.1388
1402,84,1486,0.1388
1407,83,1490,0.1388
1406,83,1489,0.1388
1406,83,1489,0.1388
1414,85,1499,0.1388
1400,84,1484,0.1388
1395,82,1477,0.1388
1397,83,1480,0.1388
1397,85,1482,0.1388
1397,85,1482,0.1388
1399,84,1483,0.1388
1409,80,1489,0.1388
1414,84,1498,0.1388
1417,84,1501,0.1388
1407,81,1488,0.1388
1402,81,1483,0.1388
1412,81,1493,0.1388
1410,83,1493,0.1388
1415,81,1496,0.1388
1418,82,1500,0.1388
1409,81,1490,0.1388
1411,81,1492,0.1388
1415,82,1497,0.1388
1407,81,1488,0.1388
1410,81,1491,0.1388
1409,80,1489,0.1388
1400,77,1477,0.1388
1402,78,1480,0.1388
1398,78,1476,0.1388
1411,78,1489,0.1388
1417,83,1500,0.1388
1404,83,1487,0.1388
1407,83,1490,0.1388
1401,85,1486,0.1388
1409,86,1495,0.1388
1401,84,1485,0.1388
1413,85,1498,0.1388
1406,85,1491,0.1388
1413,84,1497,0.1388
1419,87,1506,0.1388
1419,86,1505,0.1388
1412,86,1498,0.1388
1411,84,1495,0.1388
1405,80,1485,0.1388
1409,80,1489,0.1388
1390,79,1469,0.1388
1385,83,1468,0.1388
1391,82,1473,0.1388
1395,85,1480,0.1388
1379,83,1462,0.1388
1384,89,1473,0.1388
1388,87,1475,0.1388
1387,91,1478,0.1388
1397,92,1489,0.1388
1393,93,1486,0.1388
1397,92,1489,0.1388
1391,92,1483,0.1388
1395,93,1488,0.1388
1401,91,1492,0.1388
1404,88,1492,0.1388
1402,89,1491,0.1388
1394,92,1486,0.1388
1395,94,1489,0.1388
1385,95,1480,0.1388
1399,92,1491,0.1388
1404,95,1499,0.1388
1414,95,1509,0.1388
1406,95,1501,0.1388
1416,96,1512,0.1388
1399,95,1494,0.1388
1405,95,1500,0.1388
1409,93,1502,0.1388
1400,93,1493,0.1388
1417,94,1511,0.1388
1425,96,1521,0.1388
1421,93,1514,0.1388
1410,94,1504,0.1388
1418,96,1514,0.1388
1413,99,1512,0.1388
1409,99,1508,0.1388
1393,101,1494,0.1388
1391,99,1490,0.1388
1403,98,1501,0.1388
1392,102,1494,0.1388
1395,100,1495,0.1388
1396,99,1495,0.1388
1391,97,1488,0.1388
1395,95,1490,0.1388
1409,100,1509,0.1388
1403,100,1503,0.1388
1404,102,1506,0.1388
1397,101,1498,0.1388
1400,100,1500,0.1388
1398,102,1500,0.1388
1394,101,1495,0.1388
1383,99,1482,0.1388
1389,98,1487,0.1388
1400,98,1498,0.1388
1400,95,1495,0.1388
1399,99,1498,0.1388
1398,100,1498,0.1388
1407,101,1508,0.1388
1397,102,1499,0.1388
1398,102,1500,0.1388
1402,106,1508,0.1388
1398,104,1502,0.1388
1397,103,1500,0.1388
1394,104,1498,0.1388
1394,105,1499,0.1388
1381,102,1483,0.1388
1387,100,1487,0.1388
1397,106,1503,0.1388
1384,106,1490,0.1388
1384,106,1490,0.1388
1398,101,1499,0.1388
1386,104,1490,0.1388
1394,100,1494,0.1388
1404,102,1506,0.1388
1396,100,1496,0.1388
1387,101,1488,0.1388
1383,103,1486,0.1388
1390,104,1494,0.1388
1378,105,1483,0.1388
1383,103,1486,0.1388
1389,104,1493,0.1388
1388,103,1491,0.1388
1401,100,1501,0.1388
1408,102,1510,0.1388
1393,107,1500,0.1388
1390,101,1491,0.1388
1385,102,1487,0.1388
1397,102,1499,0.1388
1381,103,1484,0.1388
1375,103,1478,0.1388
1392,107,1499,0.1388
1393,106,1499,0.1388
1392,108,1500,0.1388
1390,106,1496,0.1388
1377,105,1482,0.1388
1364,107,1471,0.1388
1370,106,1476,0.1388
1378,107,1485,0.1388
1380,107,1487,0.1388
1382,111,1493,0.1388
1386,114,1500,0.1388
1384,116,1500,0.1388
1385,117,1502,0.1388
1387,114,1501,0.1388
1384,115,1499,0.1388
1389,114,1503,0.1388
1382,113,1495,0.1388
1382,112,1494,0.1388
1391,112,1503,0.1388
1403,109,1512,0.1388
1397,110,1507,0.1388
1400,112,1512,0.1388
1411,111,1522,0.1388
1398,108,1506,0.1388
1406,107,1513,0.1388
1406,105,1511,0.1388
1399,109,1508,0.1388
1400,107,1507,0.1388
1396,106,1502,0.1388
1393,109,1502,0.1388
1401,108,1509,0.1388
1389,109,1498,0.1388
1389,105,1494,0.1388
1381,105,1486,0.1388
1377,105,1482,0.1388
1375,108,1483,0.1388
1374,109,1483,0.1388
1394,107,1501,0.1388
1393,112,1505,0.1388
1395,111,1506,0.1388
1393,113,1506,0.1388
1393,112,1505,0.1388
1381,114,1495,0.1388
1387,115,1502,0.1388
1375,114,1489,0.1388
1382,116,1498,0.1388
1376,115,1491,0.1388
1368,113,1481,0.1388
1371,112,1483,0.1388
1364,116,1480,0.1388
1361,117,1478,0.1388
1363,113,1476,0.1388
1377,117,1494,0.1388
1372,115,1487,0.1388
1381,117,1498,0.1388
1373,122,1495,0.1388
1373,125,1498,0.1388
1363,126,1489,0.1388
1365,128,1493,0.1388
1361,128,1489,0.1388
1364,130,1494,0.1388
1367,131,1498,0.1388
1351,130,1481,0.1388
1359,123,1482,0.1388
1355,129,1484,0.1388
1367,124,1491,0.1388
1372,120,1492,0.1388
1380,118,1498,0.1388
1382,123,1505,0.1388
1379,129,1508,0.1388
1378,126,1504,0.1388
1367,129,1496,0.1388
1354,131,1485,0.1388
1356,134,1490,0.1388
1356,134,1490,0.1388
1351,140,1491,0.1388
1343,144,1487,0.1388
1350,145,1495,0.1388
1355,145,1500,0.1388
1356,147,1503,0.1388
1359,152,1511,0.1388
1353,151,1504,0.1388
1352,149,1501,0.1388
1352,143,1495,0.1388
1358,147,1505,0.1388
1362,144,1506,0.1388
1364,144,1508,0.1388
1356,146,1502,0.1388
1364,148,1512,0.1388
1363,149,1512,0.1388
1351,150,1501,0.1388
1356,150,1506,0.1388
1351,150,1501,0.1388
1354,149,1503,0.1388
1343,148,1491,0.1388
1346,150,1496,0.1388
1335,157,1492,0.1388
1339,165,1504,0.1388
1340,169,1509,0.1388
1343,169,1512,0.1388
1345,166,1511,0.1388
1354,162,1516,0.1388
1354,168,1522,0.1388
1353,167,1520,0.1388
1341,166,1507,0.1388
1336,163,1499,0.1388
1328,172,1500,0.1388
1331,170,1501,0.1388
1321,171,1492,0.1388
1333,172,1505,0.1388
1323,174,1497,0.1388
1321,172,1493,0.1388
1303,176,1479,0.1388
1299,178,1477,0.1388
1301,171,1472,0.1388
1299,173,1472,0.1388
1302,175,1477,0.1388
1287,181,1468,0.1388
1293,179,1472,0.1388
1294,173,1467,0.1388
1294,174,1468,0.1388
1300,171,1471,0.1388
1317,171,1488,0.1388
1312,171,1483,0.1388
1311,174,1485,0.1388
1317,174,1491,0.1388
1309,169,1478,0.1388
1306,168,1474,0.1388
1306,170,1476,0.1388
1308,175,1483,0.1388
1321,176,1497,0.1388
1327,171,1498,0.1388
1323,170,1493,0.1388
1326,173,1499,0.1388
1328,174,1502,0.1388
1324,178,1502,0.1388
1317,173,1490,0.1388
1312,172,1484,0.1388
1316,172,1488,0.1388
1303,176,1479,0.1388
1298,176,1474,0.1388
1299,172,1471,0.1388
1304,172,1476,0.1388
1314,173,1487,0.1388
1306,175,1481,0.1388
1310,170,1480,0.1388
1313,171,1484,0.1388
1326,173,1499,0.1388
1331,173,1504,0.1388
1327,170,1497,0.1388
1321,175,1496,0.1388
1313,178,1491,0.1388
1320,181,1501,0.1388
1319,181,1500,0.1388
1322,179,1501,0.1388
1311,176,1487,0.1388
1319,177,1496,0.1388
1321,174,1495,0.1388
1318,175,1493,0.1388
1312,175,1487,0.1388
1311,181,1492,0.1388
1303,182,1485,0.1388
1321,180,1501,0.1388
1314,182,1496,0.1388
1315,185,1500,0.1388
1313,186,1499,0.1388
1308,185,1493,0.1388
1307,175,1482,0.1388
1300,177,1477,0.1388
1302,177,1479,0.1388
1302,179,1481,0.1388
1307,178,1485,0.1388
1315,180,1495,0.1388
1319,178,1497,0.1388
1311,185,1496,0.1388
1314,180,1494,0.1388
1313,183,1496,0.1388
1323,186,1509,0.1388
1315,185,1500,0.1388
1319,187,1506,0.1388
1309,187,1496,0.1388
1303,189,1492,0.1388
1300,190,1490,0.1388
1291,187,1478,0.1388
1293,181,1474,0.1388
1290,190,1480,0.1388
1290,190,1480,0.1388
1299,191,1490,0.1388
1302,195,1497,0.1388
1295,196,1491,0.1388
1305,196,1501,0.1388
1299,197,1496,0.1388
1303,200,1503,0.1388
1299,198,1497,0.1388
1304,200,1504,0.1388
1311,197,1508,0.1388
1294,211,1505,0.1388
1302,213,1515,0.1388
1285,218,1503,0.1388
1288,221,1509,0.1388
1279,223,1502,0.1388
1280,224,1504,0.1388
1276,225,1501,0.1388
1270,228,1498,0.1388
1271,228,1499,0.1388
1271,228,1499,0.1388
1273,231,1504,0.1388
1270,231,1501,0.1388
1264,227,1491,0.1388
1271,233,1504,0.1388
1273,230,1503,0.1388
1270,228,1498,0.1388
1274,231,1505,0.1388
1278,228,1506,0.1388
1285,230,1515,0.1388
1280,227,1507,0.1388
1270,236,1506,0.1388
1275,236,1511,0.1388
1271,234,1505,0.1388
1266,232,1498,0.1388
1268,232,1500,0.1388
1268,229,1497,0.1388
1260,234,1494,0.1388
1250,229,1479,0.1388
1254,225,1479,0.1388
1253,230,1483,0.1388
1257,230,1487,0.1388
1256,233,1489,0.1388
1260,236,1496,0.1388
1261,236,1497,0.1388
1254,243,1497,0.1388
1245,246,1491,0.1388
1253,243,1496,0.1388
1248,244,1492,0.1388
1255,244,1499,0.1388
1254,242,1496,0.1388
1252,250,1502,0.1388
1244,250,1494,0.1388
1241,253,1494,0.1388
1244,247,1491,0.1388
1248,247,1495,0.1388
1242,240,1482,0.1388
1254,243,1497,0.1388
1251,248,1499,0.1388
1244,251,1495,0.1388
1240,251,1491,0.1388
1240,254,1494,0.1388
1234,265,1499,0.1388
1231,264,1495,0.1388
1232,261,1493,0.1388
1223,256,1479,0.1388
1223,263,1486,0.1388
1221,262,1483,0.1388
1223,264,1487,0.1388
1226,267,1493,0.1388
1229,269,1498,0.1388
1208,276,1484,0.1388
1210,274,1484,0.1388
1211,281,1492,0.1388
1201,275,1476,0.1388
1208,281,1489,0.1388
1222,282,1504,0.1388
1220,284,1504,0.1388
1224,289,1513,0.1388
1220,283,1503,0.1388
1217,289,1506,0.1388
1210,291,1501,0.1388
1217,291,1508,0.1388
1206,295,1501,0.1388
1192,297,1489,0.1388
1201,305,1506,0.1388
1203,301,1504,0.1388
1200,303,1503,0.1388
1196,298,1494,0.1388
1195,302,1497,0.1388
1207,302,1509,0.1388
1197,305,1502,0.1388
1201,309,1510,0.1388
1203,309,1512,0.1388
1199,304,1503,0.1388
1189,307,1496,0.1388
1187,303,1490,0.1388
1179,306,1485,0.1388
1177,299,1476,0.1388
1180,303,1483,0.1388
1179,308,1487,0.1388
1184,307,1491,0.1388
1199,307,1506,0.1388
1199,304,1503,0.1388
1187,308,1495,0.1388
1197,306,1503,0.1388
1198,312,1510,0.1388
1196,304,1500,0.1388
1191,308,1499,0.1388
1186,314,1500,0.1388
1188,316,1504,0.1388
1191,314,1505,0.1388
1189,305,1494,0.1388
1185,312,1497,0.1388
1177,315,1492,0.1388
1178,315,1493,0.1388
1179,318,1497,0.1388
1181,318,1499,0.1388
1186,319,1505,0.1388
1189,324,1513,0.1388
1187,323,1510,0.1388
1172,323,1495,0.1388
1173,321,1494,0.1388
1164,319,1483,0.1388
1167,319,1486,0.1388
1155,325,1480,0.1388
1157,331,1488,0.1388
1165,332,1497,0.1388
1168,329,1497,0.1388
1165,333,1498,0.1388
1175,332,1507,0.1388
1170,329,1499,0.1388
1175,331,1506,0.1388
1168,334,1502,0.1388
1163,333,1496,0.1388
1157,335,1492,0.1388
1144,351,1495,0.1388
1144,350,1494,0.1388
1147,350,1497,0.1388
1145,356,1501,0.1388
1149,353,1502,0.1388
1160,357,1517,0.1388
1153,367,1520,0.1388
1143,365,1508,0.1388
1144,363,1507,0.1388
1145,354,1499,0.1388
1136,354,1490,0.1388
1138,361,1499,0.1388
1123,363,1486,0.1388
1125,369,1494,0.1388
1126,373,1499,0.1388
1131,364,1495,0.1388
1126,366,1492,0.1388
1131,371,1502,0.1388
1126,375,1501,0.1388
1133,375,1508,0.1388
1124,371,1495,0.1388
1124,367,1491,0.1388
1118,373,1491,0.1388
1118,381,1499,0.1388
1117,384,1501,0.1388
1117,386,1503,0.1388
1115,386,1501,0.1388
1107,391,1498,0.1388
1100,390,1490,0.1388
1102,395,1497,0.1388
1092,400,1492,0.1388
1085,401,1486,0.1388
1089,400,1489,0.1388
1092,400,1492,0.1388
1096,405,1501,0.1388
1101,409,1510,0.1388
1099,404,1503,0.1388
1100,406,1506,0.1388
1104,409,1513,0.1388
1103,410,1513,0.1388
1105,412,1517,0.1388
1102,420,1522,0.1388
1097,414,1511,0.1388
1078,415,1493,0.1388
1078,413,1491,0.1388
1078,409,1487,0.1388
1091,409,1500,0.1388
1084,416,1500,0.1388
1074,421,1495,0.1388
1062,419,1481,0.1388
1060,425,1485,0.1388
1063,428,1491,0.1388
1073,422,1495,0.1388
1068,427,1495,0.1388
1066,417,1483,0.1388
1073,429,1502,0.1388
1081,430,1511,0.1388
1086,435,1521,0.1388
1071,430,1501,0.1388
1078,428,1506,0.1388
1074,424,1498,0.1388
1074,421,1495,0.1388
1063,424,1487,0.1388
1063,422,1485,0.1388
1064,424,1488,0.1388
1063,424,1487,0.1388
1058,420,1478,0.1388
1059,424,1483,0.1388
1057,430,1487,0.1388
1051,427,1478,0.1388
1055,419,1474,0.1388
1066,431,1497,0.1388
1065,431,1496,0.1388
1065,438,1503,0.1388
1053,439,1492,0.1388
1046,443,1489,0.1388
1040,445,1485,0.1388
1043,444,1487,0.1388
1046,448,1494,0.1388
1044,446,1490,0.1388
1047,441,1488,0.1388
1055,438,1493,0.1388
1065,431,1496,0.1388
1061,433,1494,0.1388
1063,434,1497,0.1388
1065,439,1504,0.1388
1058,447,1505,0.1388
1047,457,1504,0.1388
1048,453,1501,0.1388
1050,453,1503,0.1388
1053,453,1506,0.1388
1052,449,1501,0.1388
1043,451,1494,0.1388
1039,459,1498,0.1388
1039,453,1492,0.1388
1026,459,1485,0.1388
1015,458,1473,0.1388
1034,463,1497,0.1388
1025,458,1483,0.1388
1027,465,1492,0.1388
1024,463,1487,0.1388
1018,463,1481,0.1388
1027,461,1488,0.1388
1026,462,1488,0.1388
1032,468,1500,0.1388
1027,458,1485,0.1388
1024,456,1480,0.1388
1024,463,1487,0.1388
1029,468,1497,0.1388
1032,465,1497,0.1388
1016,469,1485,0.1388
1018,479,1497,0.1388
1026,480,1506,0.1388
1019,480,1499,0.1388
1019,476,1495,0.1388
1020,471,1491,0.1388
1018,468,1486,0.1388
1018,470,1488,0.1388
1023,482,1505,0.1388
1018,484,1502,0.1388
1017,488,1505,0.1388
1022,482,1504,0.1388
1019,484,1503,0.1388
1022,480,1502,0.1388
1012,477,1489,0.1388
1017,481,1498,0.1388
1010,490,1500,0.1388
1013,485,1498,0.1388
1010,477,1487,0.1388
1016,487,1503,0.1388
1016,491,1507,0.1388
1009,491,1500,0.1388
1003,488,1491,0.1388
989,492,1481,0.1388
990,501,1491,0.1388
986,491,1477,0.1388
989,510,1499,0.1388
1001,516,1517,0.1388
991,509,1500,0.1388
991,509,1500,0.1388
994,517,1511,0.1388
986,532,1518,0.1388
979,533,1512,0.1388
981,525,1506,0.1388
985,541,1526,0.1388
972,537,1509,0.1388
968,531,1499,0.1388
958,543,1501,0.1388
961,545,1506,0.1388
958,544,1502,0.1388
962,540,1502,0.1388
949,545,1494,0.1388
955,546,1501,0.1388
952,552,1504,0.1388
959,544,1503,0.1388
959,540,1499,0.1388
963,551,1514,0.1388
957,553,1510,0.1388
949,556,1505,0.1388
948,556,1504,0.1388
942,560,1502,0.1388
939,561,1500,0.1388
947,567,1514,0.1388
942,567,1509,0.1388
944,575,1519,0.1388
948,570,1518,0.1388
942,580,1522,0.1388
944,582,1526,0.1388
942,577,1519,0.1388
933,584,1517,0.1388
930,581,1511,0.1388
933,573,1506,0.1388
931,583,1514,0.1388
925,586,1511,0.1388
920,585,1505,0.1388
920,586,1506,0.1388
912,585,1497,0.1388
912,591,1503,0.1388
912,587,1499,0.1388
911,578,1489,0.1388
906,581,1487,0.1388
905,586,1491,0.1388
916,593,1509,0.1388
927,581,1508,0.1388
906,571,1477,0.1388
906,576,1482,0.1388
920,584,1504,0.1388
916,588,1504,0.1388
910,583,1493,0.1388
906,588,1494,0.1388
904,592,1496,0.1388
904,600,1504,0.1388
910,588,1498,0.1388
915,589,1504,0.1388
910,594,1504,0.1388
906,593,1499,0.1388
914,600,1514,0.1388
913,602,1515,0.1388
915,603,1518,0.1388
907,610,1517,0.1388
902,610,1512,0.1388
903,607,1510,0.1388
898,608,1506,0.1388
891,613,1504,0.1388
900,620,1520,0.1388
898,620,1518,0.1388
901,618,1519,0.1388
897,623,1520,0.1388
899,622,1521,0.1388
899,621,1520,0.1388
895,632,1527,0.1388
893,629,1522,0.1388
883,637,1520,0.1388
881,634,1515,0.1388
879,635,1514,0.1388
873,633,1506,0.1388
879,635,1514,0.1388
866,630,1496,0.1388
878,632,1510,0.1388
878,631,1509,0.1388
869,621,1490,0.1388
862,628,1490,0.1388
862,627,1489,0.1388
858,634,1492,0.1388
855,633,1488,0.1388
858,637,1495,0.1388
855,639,1494,0.1388
860,644,1504,0.1388
856,646,1502,0.1388
860,645,1505,0.1388
870,646,1516,0.1388
886,651,1537,0.1388
879,640,1519,0.1388
877,643,1520,0.1388
877,648,1525,0.1388
874,651,1525,0.1388
856,659,1515,0.1388
856,653,1509,0.1388
849,649,1498,0.1388
848,653,1501,0.1388
847,657,1504,0.1388
850,651,1501,0.1388
858,656,1514,0.1388
849,654,1503,0.1388
860,654,1514,0.1388
848,648,1496,0.1388
850,650,1500,0.1388
855,663,1518,0.1388
861,659,1520,0.1388
858,659,1517,0.1388
849,659,1508,0.1388
849,662,1511,0.1388
845,658,1503,0.1388
842,658,1500,0.1388
847,654,1501,0.1388
848,657,1505,0.1388
842,655,1497,0.1388
849,662,1511,0.1388
854,660,1514,0.1388
855,664,1519,0.1388
850,672,1522,0.1388
849,661,1510,0.1388
842,666,1508,0.1388
837,663,1500,0.1388
833,660,1493,0.1388
837,653,1490,0.1388
833,660,1493,0.1388
832,658,1490,0.1388
831,663,1494,0.1388
824,663,1487,0.1388
831,659,1490,0.1388
822,670,1492,0.1388
819,667,1486,0.1388
822,671,1493,0.1388
833,673,1506,0.1388
828,682,1510,0.1388
832,684,1516,0.1388
833,693,1526,0.1388
837,685,1522,0.1388
836,683,1519,0.1388
843,684,1527,0.1388
836,686,1522,0.1388
825,674,1499,0.1388
821,677,1498,0.1388
821,678,1499,0.1388
812,677,1489,0.1388
810,687,1497,0.1388
808,697,1505,0.1388
805,697,1502,0.1388
808,691,1499,0.1388
807,700,1507,0.1388
808,699,1507,0.1388
808,694,1502,0.1388
809,698,1507,0.1388
800,689,1489,0.1388
799,701,1500,0.1388
793,703,1496,0.1388
792,696,1488,0.1388
783,708,1491,0.1388
795,714,1509,0.1388
798,714,1512,0.1388
798,713,1511,0.1388
800,703,1503,0.1388
803,706,1509,0.1388
798,705,1503,0.1388
797,707,1504,0.1388
801,708,1509,0.1388
795,713,1508,0.1388
791,716,1507,0.1388
788,720,1508,0.1388
777,718,1495,0.1388
781,727,1508,0.1388
785,721,1506,0.1388
790,721,1511,0.1388
786,725,1511,0.1388
786,717,1503,0.1388
786,717,1503,0.1388
782,715,1497,0.1388
783,716,1499,0.1388
791,722,1513,0.1388
794,726,1520,0.1388
795,716,1511,0.1388
799,718,1517,0.1388
784,719,1503,0.1388
787,711,1498,0.1388
781,722,1503,0.1388
782,718,1500,0.1388
795,710,1505,0.1388
797,715,1512,0.1388
796,713,1509,0.1388
793,713,1506,0.1388
792,720,1512,0.1388
793,726,1519,0.1388
802,724,1526,0.1388
790,718,1508,0.1388
788,726,1514,0.1388
772,727,1499,0.1388
784,731,1515,0.1388
775,730,1505,0.1388
776,738,1514,0.1388
777,744,1521,0.1388
773,747,1520,0.1388
782,737,1519,0.1388
777,737,1514,0.1388
780,731,1511,0.1388
779,745,1524,0.1388
777,747,1524,0.1388
775,746,1521,0.1388
768,739,1507,0.1388
769,736,1505,0.1388
768,738,1506,0.1388
764,744,1508,0.1388
759,740,1499,0.1388
741,752,1493,0.1388
741,767,1508,0.1388
747,776,1523,0.1388
742,774,1516,0.1388
734,772,1506,0.1388
732,776,1508,0.1388
726,775,1501,0.1388
727,776,1503,0.1388
720,779,1499,0.1388
719,783,1502,0.1388
727,781,1508,0.1388
722,793,1515,0.1388
719,789,1508,0.1388
713,780,1493,0.1388
716,793,1509,0.1388
713,789,1502,0.1388
704,787,1491,0.1388
707,782,1489,0.1388
710,776,1486,0.1388
718,788,1506,0.1388
710,789,1499,0.1388
710,787,1497,0.1388
704,785,1489,0.1388
711,792,1503,0.1388
712,796,1508,0.1388
709,790,1499,0.1388
708,792,1500,0.1388
703,800,1503,0.1388
703,802,1505,0.1388
705,812,1517,0.1388
702,810,1512,0.1388
694,810,1504,0.1388
699,806,1505,0.1388
701,809,1510,0.1388
686,810,1496,0.1388
691,815,1506,0.1388
683,818,1501,0.1388
694,821,1515,0.1388
694,821,1515,0.1388
703,819,1522,0.1388
699,816,1515,0.1388
692,811,1503,0.1388
692,817,1509,0.1388
691,821,1512,0.1388
688,816,1504,0.1388
688,822,1510,0.1388
680,819,1499,0.1388
674,820,1494,0.1388
685,824,1509,0.1388
686,830,1516,0.1388
692,825,1517,0.1388
683,831,1514,0.1388
684,839,1523,0.1388
681,841,1522,0.1388
676,838,1514,0.1388
678,829,1507,0.1388
674,826,1500,0.1388
669,831,1500,0.1388
665,837,1502,0.1388
665,833,1498,0.1388
676,823,1499,0.1388
662,831,1493,0.1388
665,832,1497,0.1388
664,837,1501,0.1388
673,836,1509,0.1388
679,835,1514,0.1388
684,832,1516,0.1388
682,822,1504,0.1388
685,814,1499,0.1388
678,818,1496,0.1388
671,823,1494,0.1388
675,831,1506,0.1388
669,830,1499,0.1388
673,828,1501,0.1388
676,828,1504,0.1388
675,832,1507,0.1388
671,837,1508,0.1388
670,836,1506,0.1388
677,834,1511,0.1388
674,838,1512,0.1388
674,840,1514,0.1388
677,830,1507,0.1388
673,835,1508,0.1388
674,830,1504,0.1388
669,838,1507,0.1388
672,840,1512,0.1388
675,845,1520,0.1388
673,840,1513,0.1388
677,833,1510,0.1388
677,835,1512,0.1388
681,834,1515,0.1388
683,831,1514,0.1388
691,831,1522,0.1388
683,836,1519,0.1388
679,822,1501,0.1388
683,819,1502,0.1388
686,822,1508,0.1388
691,829,1520,0.1388
683,831,1514,0.1388
676,827,1503,0.1388
678,825,1503,0.1388
679,825,1504,0.1388
677,829,1506,0.1388
670,840,1510,0.1388
673,833,1506,0.1388
683,823,1506,0.1388
682,832,1514,0.1388
687,822,1509,0.1388
679,828,1507,0.1388
668,828,1496,0.1388
670,830,1500,0.1388
683,835,1518,0.1388
672,841,1513,0.1388
676,838,1514,0.1388
676,831,1507,0.1388
684,833,1517,0.1388
688,840,1528,0.1388
683,826,1509,0.1388
675,832,1507,0.1388
679,838,1517,0.1388
680,847,1527,0.1388
670,838,1508,0.1388
664,846,1510,0.1388
661,853,1514,0.1388
676,850,1526,0.1388
669,847,1516,0.1388
665,845,1510,0.1388
666,830,1496,0.1388
658,830,1488,0.1388
665,836,1501,0.1388
665,840,1505,0.1388
656,839,1495,0.1388
649,841,1490,0.1388
651,839,1490,0.1388
650,848,1498,0.1388
644,856,1500,0.1388
650,862,1512,0.1388
644,855,1499,0.1388
647,857,1504,0.1388
636,861,1497,0.1388
643,864,1507,0.1388
646,863,1509,0.1388
649,849,1498,0.1388
645,847,1492,0.1388
645,852,1497,0.1388
643,851,1494,0.1388
639,854,1493,0.1388
641,858,1499,0.1388
644,868,1512,0.1388
648,862,1510,0.1388
647,858,1505,0.1388
647,856,1503,0.1388
652,863,1515,0.1388
639,863,1502,0.1388
637,864,1501,0.1388
629,857,1486,0.1388
631,860,1491,0.1388
633,861,1494,0.1388
642,870,1512,0.1388
635,873,1508,0.1388
632,875,1507,0.1388
635,868,1503,0.1388
635,868,1503,0.1388
637,876,1513,0.1388
638,874,1512,0.1388
638,882,1520,0.1388
642,884,1526,0.1388
646,881,1527,0.1388
636,891,1527,0.1388
641,878,1519,0.1388
635,874,1509,0.1388
630,876,1506,0.1388
638,871,1509,0.1388
628,868,1496,0.1388
635,870,1505,0.1388
630,858,1488,0.1388
637,869,1506,0.1388
641,866,1507,0.1388
647,871,1518,0.1388
648,862,1510,0.1388
646,863,1509,0.1388
644,868,1512,0.1388
646,875,1521,0.1388
641,868,1509,0.1388
643,878,1521,0.1388
639,878,1517,0.1388
645,880,1525,0.1388
646,880,1526,0.1388
639,879,1518,0.1388
634,877,1511,0.1388
624,872,1496,0.1388
628,867,1495,0.1388
622,864,1486,0.1388
633,865,1498,0.1388
635,867,1502,0.1388
638,862,1500,0.1388
642,865,1507,0.1388
643,868,1511,0.1388
639,873,1512,0.1388
631,874,1505,0.1388
627,884,1511,0.1388
627,872,1499,0.1388
624,868,1492,0.1388
628,879,1507,0.1388
620,877,1497,0.1388
624,881,1505,0.1388
624,881,1505,0.1388
612,879,1491,0.1388
614,886,1500,0.1388
619,888,1507,0.1388
613,896,1509,0.1388
614,895,1509,0.1388
616,906,1522,0.1388
617,900,1517,0.1388
609,888,1497,0.1388
604,905,1509,0.1388
604,907,1511,0.1388
609,909,1518,0.1388
611,905,1516,0.1388
604,907,1511,0.1388
606,912,1518,0.1388
620,915,1535,0.1388
616,915,1531,0.1388
606,918,1524,0.1388
604,909,1513,0.1388
608,899,1507,0.1388
605,909,1514,0.1388
604,905,1509,0.1388
601,900,1501,0.1388
610,904,1514,0.1388
605,898,1503,0.1388
606,911,1517,0.1388
601,926,1527,0.1388
601,918,1519,0.1388
603,914,1517,0.1388
601,909,1510,0.1388
603,917,1520,0.1388
600,913,1513,0.1388
603,907,1510,0.1388
602,906,1508,0.1388
595,906,1501,0.1388
592,906,1498,0.1388
587,909,1496,0.1388
591,906,1497,0.1388
596,906,1502,0.1388
592,912,1504,0.1388
597,904,1501,0.1388
600,911,1511,0.1388
606,921,1527,0.1388
594,917,1511,0.1388
595,930,1525,0.1388
589,926,1515,0.1388
592,921,1513,0.1388
589,927,1516,0.1388
581,918,1499,0.1388
588,926,1514,0.1388
591,929,1520,0.1388
592,925,1517,0.1388
585,919,1504,0.1388
595,909,1504,0.1388
597,905,1502,0.1388
593,907,1500,0.1388
588,906,1494,0.1388
589,916,1505,0.1388
588,921,1509,0.1388
582,924,1506,0.1388
579,930,1509,0.1388
587,936,1523,0.1388
579,923,1502,0.1388
581,924,1505,0.1388
575,927,1502,0.1388
579,920,1499,0.1388
583,929,1512,0.1388
576,930,1506,0.1388
580,934,1514,0.1388
586,938,1524,0.1388
583,935,1518,0.1388
582,930,1512,0.1388
577,926,1503,0.1388
570,927,1497,0.1388
577,923,1500,0.1388
575,921,1496,0.1388
575,931,1506,0.1388
578,939,1517,0.1388
562,936,1498,0.1388
573,935,1508,0.1388
563,933,1496,0.1388
575,939,1514,0.1388
582,940,1522,0.1388
575,934,1509,0.1388
573,941,1514,0.1388
579,947,1526,0.1388
577,941,1518,0.1388
576,945,1521,0.1388
575,944,1519,0.1388
561,931,1492,0.1388
559,926,1485,0.1388
564,937,1501,0.1388
562,933,1495,0.1388
561,942,1503,0.1388
554,946,1500,0.1388
553,945,1498,0.1388
555,943,1498,0.1388
551,949,1500,0.1388
556,956,1512,0.1388
559,955,1514,0.1388
546,948,1494,0.1388
551,952,1503,0.1388
557,953,1510,0.1388
558,950,1508,0.1388
563,953,1516,0.1388
557,949,1506,0.1388
561,951,1512,0.1388
554,956,1510,0.1388
560,956,1516,0.1388
566,952,1518,0.1388
567,962,1529,0.1388
565,964,1529,0.1388
563,963,1526,0.1388
552,964,1516,0.1388
556,953,1509,0.1388
549,957,1506,0.1388
554,955,1509,0.1388
552,966,1518,0.1388
549,960,1509,0.1388
546,952,1498,0.1388
542,959,1501,0.1388
544,957,1501,0.1388
542,961,1503,0.1388
534,959,1493,0.1388
534,958,1492,0.1388
537,957,1494,0.1388
533,953,1486,0.1388
538,945,1483,0.1388
548,943,1491,0.1388
544,942,1486,0.1388
541,965,1506,0.1388
539,970,1509,0.1388
536,972,1508,0.1388
547,980,1527,0.1388
550,973,1523,0.1388
544,976,1520,0.1388
542,973,1515,0.1388
537,967,1504,0.1388
534,966,1500,0.1388
533,970,1503,0.1388
530,987,1517,0.1388
541,970,1511,0.1388
541,974,1515,0.1388
536,975,1511,0.1388
539,985,1524,0.1388
542,992,1534,0.1388
535,981,1516,0.1388
543,967,1510,0.1388
548,973,1521,0.1388
543,968,1511,0.1388
543,960,1503,0.1388
548,949,1497,0.1388
549,957,1506,0.1388
546,959,1505,0.1388
554,955,1509,0.1388
558,958,1516,0.1388
560,951,1511,0.1388
560,950,1510,0.1388
560,949,1509,0.1388
557,955,1512,0.1388
552,963,1515,0.1388
551,962,1513,0.1388
548,976,1524,0.1388
556,973,1529,0.1388
551,965,1516,0.1388
547,962,1509,0.1388
547,964,1511,0.1388
550,960,1510,0.1388
546,969,1515,0.1388
554,971,1525,0.1388
551,972,1523,0.1388
547,966,1513,0.1388
547,967,1514,0.1388
547,973,1520,0.1388
541,983,1524,0.1388
534,990,1524,0.1388
534,990,1524,0.1388
530,975,1505,0.1388
531,990,1521,0.1388
526,983,1509,0.1388
521,989,1510,0.1388
528,987,1515,0.1388
531,988,1519,0.1388
531,988,1519,0.1388
524,988,1512,0.1388
532,991,1523,0.1388
534,989,1523,0.1388
531,979,1510,0.1388
527,979,1506,0.1388
533,983,1516,0.1388
528,994,1522,0.1388
530,991,1521,0.1388
532,991,1523,0.1388
526,981,1507,0.1388
528,983,1511,0.1388
526,977,1503,0.1388
522,983,1505,0.1388
522,989,1511,0.1388
522,984,1506,0.1388
533,988,1521,0.1388
525,988,1513,0.1388
525,994,1519,0.1388
526,990,1516,0.1388
526,995,1521,0.1388
523,995,1518,0.1388
515,1000,1515,0.1388
512,985,1497,0.1388
516,986,1502,0.1388
513,982,1495,0.1388
507,986,1493,0.1388
512,983,1495,0.1388
515,992,1507,0.1388
510,998,1508,0.1388
512,991,1503,0.1388
512,1008,1520,0.1388
512,996,1508,0.1388
499,998,1497,0.1388
496,994,1490,0.1388
505,992,1497,0.1388
507,994,1501,0.1388
501,1000,1501,0.1388
510,997,1507,0.1388
514,994,1508,0.1388
511,989,1500,0.1388
507,999,1506,0.1388
508,1004,1512,0.1388
501,1011,1512,0.1388
508,1008,1516,0.1388
508,1006,1514,0.1388
511,1001,1512,0.1388
506,1005,1511,0.1388
510,993,1503,0.1388
506,993,1499,0.1388
504,1000,1504,0.1388
510,994,1504,0.1388
504,996,1500,0.1388
507,1000,1507,0.1388
505,996,1501,0.1388
501,1004,1505,0.1388
507,1009,1516,0.1388
506,1003,1509,0.1388
498,1003,1501,0.1388
505,1005,1510,0.1388
500,1008,1508,0.1388
504,1013,1517,0.1388
500,1013,1513,0.1388
498,1018,1516,0.1388
500,1013,1513,0.1388
498,1013,1511,0.1388
501,1009,1510,0.1388
500,1002,1502,0.1388
491,1010,1501,0.1388
496,1012,1508,0.1388
498,1011,1509,0.1388
500,1008,1508,0.1388
502,1004,1506,0.1388
500,1005,1505,0.1388
498,1013,1511,0.1388
494,1012,1506,0.1388
491,1016,1507,0.1388
505,999,1504,0.1388
505,1003,1508,0.1388
498,1007,1505,0.1388
498,1009,1507,0.1388
481,1010,1491,0.1388
485,1021,1506,0.1388
495,1030,1525,0.1388
495,1013,1508,0.1388
496,1013,1509,0.1388
492,1014,1506,0.1388
494,1006,1500,0.1388
496,1009,1505,0.1388
492,1015,1507,0.1388
485,1007,1492,0.1388
479,1008,1487,0.1388
475,1012,1487,0.1388
476,1023,1499,0.1388
481,1025,1506,0.1388
486,1025,1511,0.1388
484,1034,1518,0.1388
484,1037,1521,0.1388
478,1029,1507,0.1388
474,1030,1504,0.1388
479,1040,1519,0.1388
476,1045,1521,0.1388
470,1044,1514,0.1388
467,1039,1506,0.1388
464,1044,1508,0.1388
456,1047,1503,0.1388
455,1050,1505,0.1388
457,1054,1511,0.1388
451,1060,1511,0.1388
447,1068,1515,0.1388
444,1076,1520,0.1388
451,1079,1530,0.1388
446,1073,1519,0.1388
441,1068,1509,0.1388
441,1059,1500,0.1388
439,1065,1504,0.1388
442,1054,1496,0.1388
437,1061,1498,0.1388
439,1066,1505,0.1388
442,1077,1519,0.1388
436,1068,1504,0.1388
441,1078,1519,0.1388
438,1068,1506,0.1388
438,1067,1505,0.1388
431,1078,1509,0.1388
432,1088,1520,0.1388
426,1082,1508,0.1388
423,1091,1514,0.1388
424,1093,1517,0.1388
433,1080,1513,0.1388
432,1088,1520,0.1388
433,1099,1532,0.1388
428,1094,1522,0.1388
427,1085,1512,0.1388
429,1089,1518,0.1388
422,1084,1506,0.1388
420,1079,1499,0.1388
421,1085,1506,0.1388
426,1086,1512,0.1388
422,1080,1502,0.1388
418,1067,1485,0.1388
418,1066,1484,0.1388
418,1086,1504,0.1388
414,1084,1498,0.1388
413,1068,1481,0.1388
413,1069,1482,0.1388
418,1079,1497,0.1388
424,1088,1512,0.1388
419,1089,1508,0.1388
421,1091,1512,0.1388
420,1096,1516,0.1388
418,1106,1524,0.1388
412,1099,1511,0.1388
417,1100,1517,0.1388
416,1096,1512,0.1388
413,1089,1502,0.1388
415,1091,1506,0.1388
419,1096,1515,0.1388
416,1094,1510,0.1388
413,1103,1516,0.1388
408,1108,1516,0.1388
403,1102,1505,0.1388
401,1104,1505,0.1388
398,1106,1504,0.1388
398,1114,1512,0.1388
398,1112,1510,0.1388
405,1123,1528,0.1388
400,1121,1521,0.1388
401,1136,1537,0.1388
398,1122,1520,0.1388
396,1122,1518,0.1388
398,1113,1511,0.1388
400,1113,1513,0.1388
400,1119,1519,0.1388
401,1109,1510,0.1388
399,1114,1513,0.1388
400,1118,1518,0.1388
401,1118,1519,0.1388
394,1115,1509,0.1388
388,1109,1497,0.1388
391,1122,1513,0.1388
393,1124,1517,0.1388
405,1117,1522,0.1388
399,1117,1516,0.1388
394,1117,1511,0.1388
385,1122,1507,0.1388
383,1133,1516,0.1388
382,1137,1519,0.1388
378,1130,1508,0.1388
385,1125,1510,0.1388
380,1122,1502,0.1388
378,1141,1519,0.1388
373,1137,1510,0.1388
377,1137,1514,0.1388
378,1137,1515,0.1388
370,1133,1503,0.1388
367,1139,1506,0.1388
366,1140,1506,0.1388
365,1143,1508,0.1388
367,1163,1530,0.1388
362,1155,1517,0.1388
358,1154,1512,0.1388
359,1155,1514,0.1388
362,1162,1524,0.1388
356,1168,1524,0.1388
355,1164,1519,0.1388
349,1156,1505,0.1388
346,1151,1497,0.1388
340,1146,1486,0.1388
341,1161,1502,0.1388
342,1153,1495,0.1388
340,1142,1482,0.1388
344,1151,1495,0.1388
341,1159,1500,0.1388
339,1165,1504,0.1388
341,1170,1511,0.1388
338,1173,1511,0.1388
333,1175,1508,0.1388
334,1178,1512,0.1388
337,1170,1507,0.1388
340,1174,1514,0.1388
337,1174,1511,0.1388
332,1174,1506,0.1388
335,1175,1510,0.1388
336,1179,1515,0.1388
337,1183,1520,0.1388
333,1187,1520,0.1388
333,1183,1516,0.1388
327,1182,1509,0.1388
327,1174,1501,0.1388
321,1167,1488,0.1388
329,1173,1502,0.1388
331,1179,1510,0.1388
330,1171,1501,0.1388
333,1168,1501,0.1388
336,1182,1518,0.1388
336,1172,1508,0.1388
335,1171,1506,0.1388
329,1179,1508,0.1388
331,1173,1504,0.1388
329,1173,1502,0.1388
331,1174,1505,0.1388
323,1169,1492,0.1388
318,1168,1486,0.1388
323,1179,1502,0.1388
324,1177,1501,0.1388
328,1173,1501,0.1388
329,1172,1501,0.1388
328,1183,1511,0.1388
329,1184,1513,0.1388
332,1179,1511,0.1388
335,1180,1515,0.1388
329,1192,1521,0.1388
324,1183,1507,0.1388
319,1189,1508,0.1388
322,1190,1512,0.1388
317,1193,1510,0.1388
325,1180,1505,0.1388
322,1194,1516,0.1388
316,1192,1508,0.1388
316,1193,1509,0.1388
310,1204,1514,0.1388
312,1192,1504,0.1388
310,1201,1511,0.1388
309,1207,1516,0.1388
309,1217,1526,0.1388
308,1215,1523,0.1388
312,1207,1519,0.1388
312,1201,1513,0.1388
311,1207,1518,0.1388
308,1195,1503,0.1388
309,1192,1501,0.1388
311,1192,1503,0.1388
306,1199,1505,0.1388
306,1191,1497,0.1388
303,1197,1500,0.1388
301,1201,1502,0.1388
296,1212,1508,0.1388
298,1211,1509,0.1388
306,1215,1521,0.1388
303,1213,1516,0.1388
301,1220,1521,0.1388
297,1219,1516,0.1388
290,1227,1517,0.1388
300,1227,1527,0.1388
297,1221,1518,0.1388
299,1219,1518,0.1388
295,1214,1509,0.1388
292,1223,1515,0.1388
292,1229,1521,0.1388
298,1233,1531,0.1388
298,1230,1528,0.1388
295,1223,1518,0.1388
294,1222,1516,0.1388
297,1220,1517,0.1388
290,1227,1517,0.1388
288,1220,1508,0.1388
293,1227,1520,0.1388
288,1237,1525,0.1388
286,1236,1522,0.1388
283,1230,1513,0.1388
280,1233,1513,0.1388
276,1245,1521,0.1388
277,1238,1515,0.1388
273,1234,1507,0.1388
273,1248,1521,0.1388
274,1244,1518,0.1388
274,1244,1518,0.1388
275,1249,1524,0.1388
274,1243,1517,0.1388
272,1251,1523,0.1388
271,1237,1508,0.1388
272,1234,1506,0.1388
274,1236,1510,0.1388
266,1237,1503,0.1388
265,1230,1495,0.1388
263,1231,1494,0.1388
266,1231,1497,0.1388
264,1248,1512,0.1388
262,1245,1507,0.1388
261,1246,1507,0.1388
264,1237,1501,0.1388
259,1245,1504,0.1388
257,1248,1505,0.1388
248,1243,1491,0.1388
250,1250,1500,0.1388
252,1252,1504,0.1388
251,1261,1512,0.1388
246,1274,1520,0.1388
245,1275,1520,0.1388
246,1268,1514,0.1388
250,1273,1523,0.1388
244,1268,1512,0.1388
244,1263,1507,0.1388
249,1264,1513,0.1388
253,1282,1535,0.1388
251,1275,1526,0.1388
250,1271,1521,0.1388
246,1279,1525,0.1388
242,1279,1521,0.1388
237,1270,1507,0.1388
235,1286,1521,0.1388
234,1280,1514,0.1388
235,1276,1511,0.1388
235,1277,1512,0.1388
229,1273,1502,0.1388
229,1282,1511,0.1388
233,1276,1509,0.1388
230,1279,1509,0.1388
225,1288,1513,0.1388
223,1282,1505,0.1388
222,1283,1505,0.1388
226,1280,1506,0.1388
231,1288,1519,0.1388
235,1285,1520,0.1388
233,1282,1515,0.1388
233,1285,1518,0.1388
228,1285,1513,0.1388
226,1294,1520,0.1388
226,1301,1527,0.1388
226,1293,1519,0.1388
224,1294,1518,0.1388
218,1289,1507,0.1388
221,1297,1518,0.1388
222,1302,1524,0.1388
222,1301,1523,0.1388
220,1295,1515,0.1388
216,1297,1513,0.1388
212,1298,1510,0.1388
212,1294,1506,0.1388
211,1300,1511,0.1388
215,1284,1499,0.1388
222,1297,1519,0.1388
217,1290,1507,0.1388
217,1286,1503,0.1388
218,1290,1508,0.1388
215,1296,1511,0.1388
216,1305,1521,0.1388
216,1298,1514,0.1388
214,1296,1510,0.1388
216,1290,1506,0.1388
213,1300,1513,0.1388
212,1302,1514,0.1388
214,1298,1512,0.1388
213,1307,1520,0.1388
213,1309,1522,0.1388
219,1305,1524,0.1388
214,1308,1522,0.1388
212,1318,1530,0.1388
211,1309,1520,0.1388
214,1303,1517,0.1388
213,1308,1521,0.1388
212,1298,1510,0.1388
204,1305,1509,0.1388
207,1299,1506,0.1388
213,1302,1515,0.1388
209,1294,1503,0.1388
211,1296,1507,0.1388
212,1289,1501,0.1388
214,1303,1517,0.1388
216,1293,1509,0.1388
220,1290,1510,0.1388
216,1288,1504,0.1388
215,1281,1496,0.1388
212,1274,1486,0.1388
216,1275,1491,0.1388
223,1278,1501,0.1388
221,1276,1497,0.1388
221,1291,1512,0.1388
225,1305,1530,0.1388
224,1305,1529,0.1388
227,1308,1535,0.1388
221,1310,1531,0.1388
224,1294,1518,0.1388
224,1300,1524,0.1388
221,1303,1524,0.1388
220,1305,1525,0.1388
217,1301,1518,0.1388
214,1309,1523,0.1388
213,1301,1514,0.1388
220,1292,1512,0.1388
220,1305,1525,0.1388
219,1303,1522,0.1388
216,1292,1508,0.1388
214,1290,1504,0.1388
214,1292,1506,0.1388
213,1299,1512,0.1388
208,1292,1500,0.1388
204,1309,1513,0.1388
209,1310,1519,0.1388
213,1301,1514,0.1388
213,1299,1512,0.1388
216,1311,1527,0.1388
217,1304,1521,0.1388
216,1310,1526,0.1388
213,1301,1514,0.1388
213,1310,1523,0.1388
218,1313,1531,0.1388
220,1312,1532,0.1388
219,1304,1523,0.1388
217,1309,1526,0.1388
217,1318,1535,0.1388
212,1320,1532,0.1388
214,1301,1515,0.1388
212,1298,1510,0.1388
212,1304,1516,0.1388
212,1299,1511,0.1388
209,1289,1498,0.1388
208,1286,1494,0.1388
208,1288,1496,0.1388
210,1296,1506,0.1388
213,1293,1506,0.1388
214,1288,1502,0.1388
209,1282,1491,0.1388
210,1297,1507,0.1388
211,1300,1511,0.1388
211,1306,1517,0.1388
216,1310,1526,0.1388
216,1318,1534,0.1388
215,1298,1513,0.1388
212,1303,1515,0.1388
209,1296,1505,0.1388
208,1293,1501,0.1388
205,1297,1502,0.1388
205,1304,1509,0.1388
213,1306,1519,0.1388
213,1309,1522,0.1388
212,1305,1517,0.1388
213,1320,1533,0.1388
212,1321,1533,0.1388
209,1314,1523,0.1388
209,1315,1524,0.1388
210,1302,1512,0.1388
211,1306,1517,0.1388
210,1299,1509,0.1388
206,1299,1505,0.1388
210,1295,1505,0.1388
213,1306,1519,0.1388
217,1307,1524,0.1388
217,1299,1516,0.1388
220,1293,1513,0.1388
214,1301,1515,0.1388
217,1301,1518,0.1388
219,1291,1510,0.1388
219,1291,1510,0.1388
220,1290,1510,0.1388
219,1300,1519,0.1388
220,1289,1509,0.1388
215,1284,1499,0.1388
213,1293,1506,0.1388
207,1301,1508,0.1388
212,1294,1506,0.1388
214,1292,1506,0.1388
208,1290,1498,0.1388
212,1290,1502,0.1388
210,1286,1496,0.1388
212,1296,1508,0.1388
206,1302,1508,0.1388
203,1298,1501,0.1388
205,1299,1504,0.1388
203,1300,1503,0.1388
200,1301,1501,0.1388
201,1320,1521,0.1388
199,1322,1521,0.1388
200,1316,1516,0.1388
202,1312,1514,0.1388
198,1313,1511,0.1388
194,1316,1510,0.1388
191,1301,1492,0.1388
190,1305,1495,0.1388
195,1312,1507,0.1388
196,1319,1515,0.1388
199,1327,1526,0.1388
203,1320,1523,0.1388
199,1318,1517,0.1388
201,1313,1514,0.1388
202,1305,1507,0.1388
201,1318,1519,0.1388
202,1318,1520,0.1388
199,1320,1519,0.1388
202,1321,1523,0.1388
202,1303,1505,0.1388
195,1308,1503,0.1388
196,1324,1520,0.1388
193,1311,1504,0.1388
198,1308,1506,0.1388
194,1306,1500,0.1388
202,1312,1514,0.1388
201,1306,1507,0.1388
203,1310,1513,0.1388
206,1318,1524,0.1388
203,1332,1535,0.1388
201,1327,1528,0.1388
203,1327,1530,0.1388
198,1323,1521,0.1388
192,1325,1517,0.1388
193,1322,1515,0.1388
193,1318,1511,0.1388
192,1319,1511,0.1388
191,1325,1516,0.1388
194,1311,1505,0.1388
189,1317,1506,0.1388
185,1323,1508,0.1388
189,1329,1518,0.1388
190,1337,1527,0.1388
183,1325,1508,0.1388
184,1321,1505,0.1388
185,1327,1512,0.1388
185,1326,1511,0.1388
183,1323,1506,0.1388
187,1310,1497,0.1388
184,1331,1515,0.1388
183,1334,1517,0.1388
184,1328,1512,0.1388
183,1339,1522,0.1388
182,1328,1510,0.1388
185,1334,1519,0.1388
187,1333,1520,0.1388
183,1329,1512,0.1388
182,1326,1508,0.1388
184,1329,1513,0.1388
188,1333,1521,0.1388
189,1335,1524,0.1388
185,1346,1531,0.1388
186,1319,1505,0.1388
186,1331,1517,0.1388
187,1321,1508,0.1388
185,1319,1504,0.1388
183,1325,1508,0.1388
179,1328,1507,0.1388
177,1329,1506,0.1388
181,1323,1504,0.1388
181,1327,1508,0.1388
186,1335,1521,0.1388
184,1343,1527,0.1388
182,1333,1515,0.1388
181,1345,1526,0.1388
177,1339,1516,0.1388
177,1341,1518,0.1388
175,1335,1510,0.1388
172,1352,1524,0.1388
175,1348,1523,0.1388
176,1340,1516,0.1388
170,1335,1505,0.1388
170,1336,1506,0.1388
175,1337,1512,0.1388
173,1341,1514,0.1388
173,1346,1519,0.1388
171,1336,1507,0.1388
168,1346,1514,0.1388
168,1353,1521,0.1388
169,1357,1526,0.1388
169,1345,1514,0.1388
166,1336,1502,0.1388
165,1332,1497,0.1388
165,1340,1505,0.1388
164,1360,1524,0.1388
161,1366,1527,0.1388
160,1372,1532,0.1388
161,1369,1530,0.1388
163,1360,1523,0.1388
159,1358,1517,0.1388
158,1373,1531,0.1388
156,1357,1513,0.1388
154,1352,1506,0.1388
156,1363,1519,0.1388
156,1362,1518,0.1388
153,1362,1515,0.1388
148,1369,1517,0.1388
147,1369,1516,0.1388
144,1375,1519,0.1388
142,1371,1513,0.1388
136,1374,1510,0.1388
136,1369,1505,0.1388
133,1373,1506,0.1388
131,1379,1510,0.1388
134,1383,1517,0.1388
140,1355,1495,0.1388
142,1369,1511,0.1388
142,1374,1516,0.1388
140,1376,1516,0.1388
139,1377,1516,0.1388
139,1373,1512,0.1388
137,1382,1519,0.1388
136,1380,1516,0.1388
137,1391,1528,0.1388
135,1372,1507,0.1388
134,1377,1511,0.1388
137,1379,1516,0.1388
136,1373,1509,0.1388
136,1366,1502,0.1388
133,1376,1509,0.1388
136,1366,1502,0.1388
137,1364,1501,0.1388
138,1374,1512,0.1388
138,1366,1504,0.1388
146,1365,1511,0.1388
139,1372,1511,0.1388
141,1364,1505,0.1388
143,1376,1519,0.1388
138,1370,1508,0.1388
136,1379,1515,0.1388
135,1379,1514,0.1388
129,1382,1511,0.1388
125,1388,1513,0.1388
129,1363,1492,0.1388
127,1377,1504,0.1388
125,1381,1506,0.1388
129,1375,1504,0.1388
129,1377,1506,0.1388
129,1384,1513,0.1388
130,1369,1499,0.1388
129,1384,1513,0.1388
132,1398,1530,0.1388
130,1407,1537,0.1388
129,1407,1536,0.1388
122,1397,1519,0.1388
124,1387,1511,0.1388
126,1392,1518,0.1388
129,1405,1534,0.1388
126,1404,1530,0.1388
126,1404,1530,0.1388
129,1396,1525,0.1388
127,1397,1524,0.1388
129,1394,1523,0.1388
131,1385,1516,0.1388
132,1378,1510,0.1388
128,1384,1512,0.1388
128,1392,1520,0.1388
127,1391,1518,0.1388
128,1393,1521,0.1388
122,1395,1517,0.1388
120,1396,1516,0.1388
116,1397,1513,0.1388
119,1393,1512,0.1388
115,1396,1511,0.1388
112,1396,1508,0.1388
111,1390,1501,0.1388
114,1388,1502,0.1388
115,1394,1509,0.1388
115,1406,1521,0.1388
115,1395,1510,0.1388
112,1413,1525,0.1388
112,1404,1516,0.1388
112,1408,1520,0.1388
113,1411,1524,0.1388
115,1407,1522,0.1388
115,1408,1523,0.1388
115,1407,1522,0.1388
116,1400,1516,0.1388
115,1412,1527,0.1388
116,1405,1521,0.1388
114,1402,1516,0.1388
115,1408,1523,0.1388
116,1408,1524,0.1388
118,1414,1532,0.1388
115,1420,1535,0.1388
118,1414,1532,0.1388
117,1404,1521,0.1388
115,1401,1516,0.1388
113,1401,1514,0.1388
114,1407,1521,0.1388
116,1400,1516,0.1388
115,1399,1514,0.1388
114,1408,1522,0.1388
114,1403,1517,0.1388
113,1404,1517,0.1388
110,1406,1516,0.1388
111,1388,1499,0.1388
112,1404,1516,0.1388
110,1403,1513,0.1388
115,1395,1510,0.1388
113,1406,1519,0.1388
112,1413,1525,0.1388
112,1402,1514,0.1388
113,1406,1519,0.1388
111,1414,1525,0.1388
107,1413,1520,0.1388
110,1404,1514,0.1388
112,1407,1519,0.1388
112,1400,1512,0.1388
112,1406,1518,0.1388
111,1410,1521,0.1388
111,1407,1518,0.1388
113,1417,1530,0.1388
113,1412,1525,0.1388
110,1409,1519,0.1388
104,1395,1499,0.1388
106,1403,1509,0.1388
109,1409,1518,0.1388
112,1409,1521,0.1388
109,1405,1514,0.1388
110,1393,1503,0.1388
108,1398,1506,0.1388
110,1394,1504,0.1388
111,1409,1520,0.1388
114,1405,1519,0.1388
115,1412,1527,0.1388
116,1409,1525,0.1388
117,1405,1522,0.1388
117,1388,1505,0.1388
112,1386,1498,0.1388
110,1396,1506,0.1388
106,1400,1506,0.1388
105,1408,1513,0.1388
104,1416,1520,0.1388
101,1402,1503,0.1388
103,1413,1516,0.1388
106,1408,1514,0.1388
110,1411,1521,0.1388
108,1413,1521,0.1388
111,1401,1512,0.1388
111,1413,1524,0.1388
112,1404,1516,0.1388
111,1406,1517,0.1388
106,1408,1514,0.1388
103,1401,1504,0.1388
105,1401,1506,0.1388
104,1406,1510,0.1388
103,1414,1517,0.1388
105,1416,1521,0.1388
101,1405,1506,0.1388
103,1417,1520,0.1388
105,1410,1515,0.1388
106,1409,1515,0.1388
106,1406,1512,0.1388
111,1418,1529,0.1388
108,1413,1521,0.1388
109,1421,1530,0.1388
106,1409,1515,0.1388
106,1403,1509,0.1388
107,1420,1527,0.1388
105,1419,1524,0.1388
102,1421,1523,0.1388
102,1416,1518,0.1388
100,1413,1513,0.1388
102,1407,1509,0.1388
102,1397,1499,0.1388
102,1392,1494,0.1388
104,1399,1503,0.1388
106,1406,1512,0.1388
108,1408,1516,0.1388
110,1408,1518,0.1388
104,1410,1514,0.1388
105,1402,1507,0.1388
104,1406,1510,0.1388
104,1403,1507,0.1388
108,1412,1520,0.1388
107,1397,1504,0.1388
109,1387,1496,0.1388
110,1389,1499,0.1388
110,1389,1499,0.1388
110,1398,1508,0.1388
113,1400,1513,0.1388
112,1408,1520,0.1388
113,1396,1509,0.1388
108,1403,1511,0.1388
105,1406,1511,0.1388
106,1413,1519,0.1388
107,1414,1521,0.1388
106,1408,1514,0.1388
106,1413,1519,0.1388
107,1403,1510,0.1388
103,1405,1508,0.1388
103,1403,1506,0.1388
100,1400,1500,0.1388
98,1410,1508,0.1388
96,1414,1510,0.1388
95,1407,1502,0.1388
98,1412,1510,0.1388
95,1407,1502,0.1388
97,1415,1512,0.1388
97,1419,1516,0.1388
100,1409,1509,0.1388
105,1408,1513,0.1388
105,1402,1507,0.1388
106,1410,1516,0.1388
107,1411,1518,0.1388
108,1410,1518,0.1388
106,1405,1511,0.1388
106,1413,1519,0.1388
106,1426,1532,0.1388
109,1418,1527,0.1388
110,1428,1538,0.1388
108,1429,1537,0.1388
108,1419,1527,0.1388
108,1415,1523,0.1388
108,1417,1525,0.1388
106,1418,1524,0.1388
103,1417,1520,0.1388
103,1409,1512,0.1388
104,1423,1527,0.1388
103,1423,1526,0.1388
101,1418,1519,0.1388
100,1431,1531,0.1388
98,1412,1510,0.1388
96,1419,1515,0.1388
99,1401,1500,0.1388
99,1408,1507,0.1388
99,1426,1525,0.1388
96,1426,1522,0.1388
94,1423,1517,0.1388
92,1425,1517,0.1388
93,1421,1514,0.1388
89,1416,1505,0.1388
88,1409,1497,0.1388
84,1421,1505,0.1388
83,1424,1507,0.1388
83,1419,1502,0.1388
80,1426,1506,0.1388
83,1421,1504,0.1388
83,1431,1514,0.1388
82,1436,1518,0.1388
82,1448,1530,0.1388
80,1433,1513,0.1388
82,1430,1512,0.1388
84,1435,1519,0.1388
85,1428,1513,0.1388
82,1427,1509,0.1388
79,1426,1505,0.1388
80,1448,1528,0.1388
83,1435,1518,0.1388
83,1438,1521,0.1388
85,1443,1528,0.1388
86,1436,1522,0.1388
83,1435,1518,0.1388
81,1437,1518,0.1388
84,1435,1519,0.1388
86,1416,1502,0.1388
85,1429,1514,0.1388
82,1428,1510,0.1388
83,1419,1502,0.1388
85,1412,1497,0.1388
86,1409,1495,0.1388
85,1409,1494,0.1388
86,1416,1502,0.1388
85,1418,1503,0.1388
88,1424,1512,0.1388
86,1419,1505,0.1388
86,1413,1499,0.1388
89,1418,1507,0.1388
87,1426,1513,0.1388
86,1421,1507,0.1388
85,1429,1514,0.1388
87,1438,1525,0.1388
86,1421,1507,0.1388
84,1417,1501,0.1388
85,1426,1511,0.1388
85,1441,1526,0.1388
86,1434,1520,0.1388
87,1424,1511,0.1388
85,1427,1512,0.1388
90,1425,1515,0.1388
85,1427,1512,0.1388
85,1414,1499,0.1388
83,1417,1500,0.1388
83,1421,1504,0.1388
80,1429,1509,0.1388
80,1427,1507,0.1388
84,1421,1505,0.1388
84,1425,1509,0.1388
83,1430,1513,0.1388
86,1426,1512,0.1388
85,1417,1502,0.1388
89,1421,1510,0.1388
91,1426,1517,0.1388
91,1434,1525,0.1388
93,1427,1520,0.1388
95,1427,1522,0.1388
95,1430,1525,0.1388
94,1429,1523,0.1388
94,1432,1526,0.1388
95,1432,1527,0.1388
95,1432,1527,0.1388
91,1432,1523,0.1388
90,1433,1523,0.1388
90,1426,1516,0.1388
89,1418,1507,0.1388
90,1419,1509,0.1388
89,1432,1521,0.1388
89,1435,1524,0.1388
92,1420,1512,0.1388
96,1434,1530,0.1388
97,1427,1524,0.1388
98,1423,1521,0.1388
101,1427,1528,0.1388
101,1437,1538,0.1388
100,1438,1538,0.1388
99,1421,1520,0.1388
99,1406,1505,0.1388
99,1405,1504,0.1388
101,1402,1503,0.1388
100,1409,1509,0.1388
96,1414,1510,0.1388
94,1417,1511,0.1388
91,1417,1508,0.1388
88,1433,1521,0.1388
84,1438,1522,0.1388
83,1430,1513,0.1388
82,1419,1501,0.1388
86,1422,1508,0.1388
85,1432,1517,0.1388
84,1432,1516,0.1388
84,1420,1504,0.1388
86,1431,1517,0.1388
84,1427,1511,0.1388
86,1424,1510,0.1388
87,1414,1501,0.1388
90,1426,1516,0.1388
87,1426,1513,0.1388
89,1421,1510,0.1388
87,1422,1509,0.1388
86,1408,1494,0.1388
89,1412,1501,0.1388
89,1423,1512,0.1388
88,1435,1523,0.1388
87,1423,1510,0.1388
88,1424,1512,0.1388
85,1418,1503,0.1388
85,1426,1511,0.1388
87,1421,1508,0.1388
84,1425,1509,0.1388
86,1418,1504,0.1388
88,1423,1511,0.1388
91,1416,1507,0.1388
91,1416,1507,0.1388
88,1418,1506,0.1388
87,1422,1509,0.1388
90,1412,1502,0.1388
92,1415,1507,0.1388
92,1436,1528,0.1388
88,1428,1516,0.1388
86,1435,1521,0.1388
87,1433,1520,0.1388
86,1438,1524,0.1388
86,1428,1514,0.1388
85,1427,1512,0.1388
90,1414,1504,0.1388
87,1427,1514,0.1388
85,1432,1517,0.1388
86,1434,1520,0.1388
86,1428,1514,0.1388
88,1431,1519,0.1388
86,1431,1517,0.1388
81,1426,1507,0.1388
83,1432,1515,0.1388
81,1448,1529,0.1388
83,1444,1527,0.1388
81,1439,1520,0.1388
83,1449,1532,0.1388
83,1449,1532,0.1388
81,1432,1513,0.1388
79,1436,1515,0.1388
77,1434,1511,0.1388
78,1416,1494,0.1388
83,1422,1505,0.1388
83,1433,1516,0.1388
81,1438,1519,0.1388
79,1442,1521,0.1388
77,1435,1512,0.1388
78,1445,1523,0.1388
79,1452,1531,0.1388
82,1447,1529,0.1388
82,1430,1512,0.1388
80,1420,1500,0.1388
83,1419,1502,0.1388
80,1425,1505,0.1388
78,1445,1523,0.1388
79,1444,1523,0.1388
77,1457,1534,0.1388
78,1437,1515,0.1388
79,1437,1516,0.1388
78,1440,1518,0.1388
76,1440,1516,0.1388
79,1436,1515,0.1388
77,1443,1520,0.1388
75,1436,1511,0.1388
78,1434,1512,0.1388
76,1430,1506,0.1388
73,1442,1515,0.1388
73,1444,1517,0.1388
74,1436,1510,0.1388
75,1443,1518,0.1388
73,1444,1517,0.1388
74,1450,1524,0.1388
73,1430,1503,0.1388
76,1432,1508,0.1388
75,1447,1522,0.1388
75,1460,1535,0.1388
75,1445,1520,0.1388
76,1438,1514,0.1388
72,1444,1516,0.1388
70,1446,1516,0.1388
70,1441,1511,0.1388
72,1438,1510,0.1388
72,1425,1497,0.1388
70,1441,1511,0.1388
71,1457,1528,0.1388
70,1461,1531,0.1388
70,1446,1516,0.1388
70,1457,1527,0.1388
66,1454,1520,0.1388
67,1459,1526,0.1388
70,1461,1531,0.1388
72,1458,1530,0.1388
73,1458,1531,0.1388
76,1448,1524,0.1388
74,1452,1526,0.1388
73,1447,1520,0.1388
74,1451,1525,0.1388
76,1454,1530,0.1388
75,1454,1529,0.1388
77,1442,1519,0.1388
78,1449,1527,0.1388
75,1443,1518,0.1388
75,1434,1509,0.1388
74,1440,1514,0.1388
71,1436,1507,0.1388
74,1436,1510,0.1388
75,1441,1516,0.1388
71,1428,1499,0.1388
68,1428,1496,0.1388
65,1434,1499,0.1388
60,1438,1498,0.1388
63,1443,1506,0.1388
63,1459,1522,0.1388
62,1452,1514,0.1388
64,1449,1513,0.1388
63,1443,1506,0.1388
60,1464,1524,0.1388
62,1469,1531,0.1388
64,1449,1513,0.1388
62,1447,1509,0.1388
60,1442,1502,0.1388
59,1451,1510,0.1388
57,1468,1525,0.1388
61,1467,1528,0.1388
64,1454,1518,0.1388
62,1456,1518,0.1388
59,1461,1520,0.1388
56,1459,1515,0.1388
56,1454,1510,0.1388
58,1459,1517,0.1388
58,1470,1528,0.1388
58,1459,1517,0.1388
56,1466,1522,0.1388
56,1457,1513,0.1388
56,1459,1515,0.1388
55,1463,1518,0.1388
57,1461,1518,0.1388
55,1465,1520,0.1388
54,1467,1521,0.1388
56,1444,1500,0.1388
53,1452,1505,0.1388
53,1464,1517,0.1388
54,1451,1505,0.1388
56,1458,1514,0.1388
58,1466,1524,0.1388
58,1458,1516,0.1388
58,1450,1508,0.1388
58,1458,1516,0.1388
58,1458,1516,0.1388
59,1457,1516,0.1388
57,1451,1508,0.1388
56,1466,1522,0.1388
55,1469,1524,0.1388
54,1473,1527,0.1388
53,1470,1523,0.1388
53,1458,1511,0.1388
51,1467,1518,0.1388
53,1471,1524,0.1388
52,1469,1521,0.1388
51,1459,1510,0.1388
53,1465,1518,0.1388
53,1465,1518,0.1388
53,1461,1514,0.1388
52,1464,1516,0.1388
49,1458,1507,0.1388
50,1471,1521,0.1388
50,1462,1512,0.1388
51,1466,1517,0.1388
52,1452,1504,0.1388
54,1447,1501,0.1388
55,1441,1496,0.1388
54,1456,1510,0.1388
54,1472,1526,0.1388
55,1460,1515,0.1388
56,1459,1515,0.1388
56,1475,1531,0.1388
57,1471,1528,0.1388
54,1469,1523,0.1388
55,1470,1525,0.1388
56,1467,1523,0.1388
59,1459,1518,0.1388
60,1461,1521,0.1388
60,1466,1526,0.1388
60,1460,1520,0.1388
58,1467,1525,0.1388
56,1459,1515,0.1388
55,1466,1521,0.1388
54,1443,1497,0.1388
55,1453,1508,0.1388
57,1466,1523,0.1388
59,1468,1527,0.1388
62,1451,1513,0.1388
63,1441,1504,0.1388
62,1447,1509,0.1388
63,1445,1508,0.1388
65,1440,1505,0.1388
62,1451,1513,0.1388
60,1446,1506,0.1388
60,1459,1519,0.1388
59,1465,1524,0.1388
60,1466,1526,0.1388
59,1456,1515,0.1388
60,1448,1508,0.1388
61,1449,1510,0.1388
61,1444,1505,0.1388
60,1462,1522,0.1388
61,1461,1522,0.1388
61,1459,1520,0.1388
60,1448,1508,0.1388
59,1464,1523,0.1388
61,1461,1522,0.1388
59,1466,1525,0.1388
59,1460,1519,0.1388
59,1460,1519,0.1388
59,1455,1514,0.1388
56,1453,1509,0.1388
57,1450,1507,0.1388
57,1462,1519,0.1388
57,1455,1512,0.1388
60,1463,1523,0.1388
56,1465,1521,0.1388
58,1455,1513,0.1388
59,1464,1523,0.1388
55,1464,1519,0.1388
54,1458,1512,0.1388
53,1448,1501,0.1388
51,1455,1506,0.1388
53,1459,1512,0.1388
54,1456,1510,0.1388
54,1451,1505,0.1388
53,1459,1512,0.1388
53,1460,1513,0.1388
53,1461,1514,0.1388
51,1468,1519,0.1388
50,1476,1526,0.1388
50,1478,1528,0.1388
52,1474,1526,0.1388
51,1478,1529,0.1388
53,1468,1521,0.1388
53,1465,1518,0.1388
51,1463,1514,0.1388
49,1472,1521,0.1388
49,1465,1514,0.1388
49,1462,1511,0.1388
50,1471,1521,0.1388
49,1477,1526,0.1388
48,1482,1530,0.1388
48,1476,1524,0.1388
49,1460,1509,0.1388
47,1465,1512,0.1388
45,1481,1526,0.1388
46,1475,1521,0.1388
48,1469,1517,0.1388
49,1463,1512,0.1388
49,1465,1514,0.1388
49,1468,1517,0.1388
50,1469,1519,0.1388
51,1456,1507,0.1388
50,1464,1514,0.1388
51,1457,1508,0.1388
50,1458,1508,0.1388
50,1445,1495,0.1388
51,1465,1516,0.1388
52,1469,1521,0.1388
54,1473,1527,0.1388
54,1472,1526,0.1388
55,1467,1522,0.1388
55,1459,1514,0.1388
52,1459,1511,0.1388
50,1471,1521,0.1388
51,1465,1516,0.1388
51,1465,1516,0.1388
51,1471,1522,0.1388
52,1466,1518,0.1388
53,1459,1512,0.1388
54,1453,1507,0.1388
52,1465,1517,0.1388
50,1467,1517,0.1388
52,1467,1519,0.1388
55,1470,1525,0.1388
53,1465,1518,0.1388
53,1453,1506,0.1388
52,1462,1514,0.1388
49,1468,1517,0.1388
51,1459,1510,0.1388
50,1460,1510,0.1388
50,1462,1512,0.1388
49,1459,1508,0.1388
46,1462,1508,0.1388
47,1471,1518,0.1388
49,1469,1518,0.1388
51,1457,1508,0.1388
51,1458,1509,0.1388
51,1466,1517,0.1388
50,1470,1520,0.1388
49,1479,1528,0.1388
51,1480,1531,0.1388
51,1474,1525,0.1388
50,1474,1524,0.1388
49,1472,1521,0.1388
46,1462,1508,0.1388
48,1470,1518,0.1388
48,1478,1526,0.1388
50,1475,1525,0.1388
50,1476,1526,0.1388
50,1467,1517,0.1388
50,1466,1516,0.1388
49,1458,1507,0.1388
50,1460,1510,0.1388
49,1470,1519,0.1388
47,1456,1503,0.1388
49,1467,1516,0.1388
49,1473,1522,0.1388
47,1466,1513,0.1388
45,1462,1507,0.1388
46,1470,1516,0.1388
47,1463,1510,0.1388
48,1474,1522,0.1388
49,1477,1526,0.1388
47,1467,1514,0.1388
46,1480,1526,0.1388
47,1465,1512,0.1388
47,1479,1526,0.1388
47,1463,1510,0.1388
47,1468,1515,0.1388
47,1473,1520,0.1388
43,1474,1517,0.1388
44,1454,1498,0.1388
45,1468,1513,0.1388
46,1467,1513,0.1388
44,1466,1510,0.1388
49,1465,1514,0.1388
49,1479,1528,0.1388
48,1464,1512,0.1388
48,1459,1507,0.1388
47,1453,1500,0.1388
44,1458,1502,0.1388
44,1461,1505,0.1388
44,1469,1513,0.1388
43,1476,1519,0.1388
42,1476,1518,0.1388
41,1472,1513,0.1388
40,1482,1522,0.1388
39,1482,1521,0.1388
40,1482,1522,0.1388
41,1475,1516,0.1388
40,1479,1519,0.1388
40,1481,1521,0.1388
39,1482,1521,0.1388
39,1483,1522,0.1388
40,1476,1516,0.1388
38,1473,1511,0.1388
38,1468,1506,0.1388
38,1462,1500,0.1388
41,1467,1508,0.1388
40,1480,1520,0.1388
40,1475,1515,0.1388
39,1482,1521,0.1388
39,1484,1523,0.1388
38,1482,1520,0.1388
38,1481,1519,0.1388
38,1476,1514,0.1388
38,1492,1530,0.1388
38,1479,1517,0.1388
39,1481,1520,0.1388
39,1486,1525,0.1388
39,1474,1513,0.1388
39,1471,1510,0.1388
41,1475,1516,0.1388
43,1491,1534,0.1388
44,1480,1524,0.1388
44,1481,1525,0.1388
46,1474,1520,0.1388
46,1476,1522,0.1388
46,1474,1520,0.1388
46,1469,1515,0.1388
46,1478,1524,0.1388
46,1480,1526,0.1388
46,1472,1518,0.1388
46,1473,1519,0.1388
46,1469,1515,0.1388
48,1468,1516,0.1388
49,1459,1508,0.1388
49,1449,1498,0.1388
49,1461,1510,0.1388
50,1464,1514,0.1388
47,1452,1499,0.1388
47,1454,1501,0.1388
47,1459,1506,0.1388
48,1459,1507,0.1388
46,1460,1506,0.1388
45,1452,1497,0.1388
47,1455,1502,0.1388
43,1452,1495,0.1388
43,1469,1512,0.1388
41,1459,1500,0.1388
43,1468,1511,0.1388
43,1467,1510,0.1388
43,1473,1516,0.1388
44,1467,1511,0.1388
44,1462,1506,0.1388
45,1472,1517,0.1388
45,1474,1519,0.1388
45,1481,1526,0.1388
44,1483,1527,0.1388
43,1481,1524,0.1388
44,1480,1524,0.1388
44,1477,1521,0.1388
42,1468,1510,0.1388
41,1457,1498,0.1388
41,1471,1512,0.1388
41,1471,1512,0.1388
42,1486,1528,0.1388
42,1475,1517,0.1388
39,1467,1506,0.1388
38,1476,1514,0.1388
38,1483,1521,0.1388
39,1474,1513,0.1388
39,1480,1519,0.1388
38,1489,1527,0.1388
38,1486,1524,0.1388
38,1489,1527,0.1388
38,1478,1516,0.1388
39,1480,1519,0.1388
40,1480,1520,0.1388
39,1485,1524,0.1388
40,1481,1521,0.1388
38,1483,1521,0.1388
40,1472,1512,0.1388
41,1478,1519,0.1388
43,1473,1516,0.1388
40,1465,1505,0.1388
40,1466,1506,0.1388
39,1470,1509,0.1388
39,1472,1511,0.1388
40,1475,1515,0.1388
39,1469,1508,0.1388
38,1480,1518,0.1388
39,1477,1516,0.1388
42,1477,1519,0.1388
41,1482,1523,0.1388
42,1481,1523,0.1388
43,1478,1521,0.1388
42,1479,1521,0.1388
41,1471,1512,0.1388
40,1487,1527,0.1388
39,1484,1523,0.1388
39,1469,1508,0.1388
40,1469,1509,0.1388
40,1477,1517,0.1388
40,1474,1514,0.1388
40,1485,1525,0.1388
39,1478,1517,0.1388
40,1486,1526,0.1388
42,1490,1532,0.1388
40,1482,1522,0.1388
42,1475,1517,0.1388
44,1479,1523,0.1388
43,1491,1534,0.1388
42,1485,1527,0.1388
43,1486,1529,0.1388
45,1485,1530,0.1388
44,1483,1527,0.1388
44,1487,1531,0.1388
44,1487,1531,0.1388
45,1478,1523,0.1388
43,1469,1512,0.1388
44,1473,1517,0.1388
43,1475,1518,0.1388
45,1489,1534,0.1388
42,1475,1517,0.1388
43,1469,1512,0.1388
43,1470,1513,0.1388
44,1479,1523,0.1388
44,1478,1522,0.1388
44,1474,1518,0.1388
48,1473,1521,0.1388
48,1469,1517,0.1388
48,1466,1514,0.1388
49,1469,1518,0.1388
49,1458,1507,0.1388
49,1461,1510,0.1388
47,1460,1507,0.1388
48,1462,1510,0.1388
47,1464,1511,0.1388
49,1478,1527,0.1388
49,1472,1521,0.1388
48,1472,1520,0.1388
50,1459,1509,0.1388
49,1461,1510,0.1388
49,1469,1518,0.1388
48,1480,1528,0.1388
48,1473,1521,0.1388
49,1479,1528,0.1388
48,1479,1527,0.1388
47,1475,1522,0.1388
44,1474,1518,0.1388
41,1466,1507,0.1388
43,1460,1503,0.1388
43,1479,1522,0.1388
42,1474,1516,0.1388
40,1477,1517,0.1388
39,1480,1519,0.1388
38,1477,1515,0.1388
39,1478,1517,0.1388
39,1472,1511,0.1388
38,1481,1519,0.1388
36,1477,1513,0.1388
36,1478,1514,0.1388
35,1476,1511,0.1388
32,1484,1516,0.1388
33,1482,1515,0.1388
33,1484,1517,0.1388
34,1482,1516,0.1388
33,1470,1503,0.1388
33,1463,1496,0.1388
33,1483,1516,0.1388
32,1477,1509,0.1388
32,1460,1492,0.1388
32,1486,1518,0.1388
33,1465,1498,0.1388
34,1487,1521,0.1388
33,1497,1530,0.1388
32,1480,1512,0.1388
31,1487,1518,0.1388
32,1489,1521,0.1388
33,1495,1528,0.1388
32,1488,1520,0.1388
33,1486,1519,0.1388
31,1482,1513,0.1388
29,1489,1518,0.1388
30,1486,1516,0.1388
32,1479,1511,0.1388
32,1479,1511,0.1388
29,1474,1503,0.1388
27,1492,1519,0.1388
28,1502,1530,0.1388
27,1498,1525,0.1388
28,1500,1528,0.1388
27,1491,1518,0.1388
25,1498,1523,0.1388
25,1501,1526,0.1388
25,1497,1522,0.1388
24,1485,1509,0.1388
24,1484,1508,0.1388
25,1488,1513,0.1388
26,1491,1517,0.1388
25,1492,1517,0.1388
24,1508,1532,0.1388
23,1506,1529,0.1388
22,1513,1535,0.1388
22,1515,1537,0.1388
22,1505,1527,0.1388
22,1503,1525,0.1388
22,1487,1509,0.1388
21,1495,1516,0.1388
18,1503,1521,0.1388
18,1507,1525,0.1388
18,1507,1525,0.1388
18,1500,1518,0.1388
18,1508,1526,0.1388
17,1513,1530,0.1388
17,1511,1528,0.1388
17,1505,1522,0.1388
17,1514,1531,0.1388
16,1495,1511,0.1388
16,1501,1517,0.1388
15,1499,1514,0.1388
14,1489,1503,0.1388
13,1493,1506,0.1388
14,1498,1512,0.1388
14,1511,1525,0.1388
15,1510,1525,0.1388
15,1505,1520,0.1388
15,1499,1514,0.1388
15,1497,1512,0.1388
14,1493,1507,0.1388
15,1495,1510,0.1388
16,1487,1503,0.1388
16,1489,1505,0.1388
17,1497,1514,0.1388
17,1501,1518,0.1388
16,1492,1508,0.1388
17,1499,1516,0.1388
16,1500,1516,0.1388
15,1481,1496,0.1388
15,1494,1509,0.1388
15,1497,1512,0.1388
15,1507,1522,0.1388
15,1507,1522,0.1388
15,1493,1508,0.1388
15,1508,1523,0.1388
17,1489,1506,0.1388
16,1488,1504,0.1388
15,1502,1517,0.1388
16,1496,1512,0.1388
16,1508,1524,0.1388
16,1502,1518,0.1388
17,1501,1518,0.1388
16,1517,1533,0.1388
14,1500,1514,0.1388
14,1497,1511,0.1388
14,1503,1517,0.1388
16,1507,1523,0.1388
17,1503,1520,0.1388
18,1505,1523,0.1388
16,1500,1516,0.1388
16,1502,1518,0.1388
16,1500,1516,0.1388
16,1488,1504,0.1388
15,1507,1522,0.1388
15,1506,1521,0.1388
15,1514,1529,0.1388
16,1514,1530,0.1388
16,1516,1532,0.1388
16,1496,1512,0.1388
16,1495,1511,0.1388
17,1493,1510,0.1388
18,1503,1521,0.1388
18,1500,1518,0.1388
18,1505,1523,0.1388
18,1508,1526,0.1388
18,1500,1518,0.1388
17,1494,1511,0.1388
17,1498,1515,0.1388
17,1484,1501,0.1388
17,1494,1511,0.1388
17,1499,1516,0.1388
17,1491,1508,0.1388
17,1493,1510,0.1388
16,1498,1514,0.1388
16,1496,1512,0.1388
17,1494,1511,0.1388
17,1499,1516,0.1388
17,1499,1516,0.1388
17,1505,1522,0.1388
17,1491,1508,0.1388
17,1502,1519,0.1388
16,1504,1520,0.1388
17,1492,1509,0.1388
18,1476,1494,0.1388
16,1487,1503,0.1388
16,1511,1527,0.1388
17,1510,1527,0.1388
17,1508,1525,0.1388
16,1494,1510,0.1388
16,1489,1505,0.1388
17,1497,1514,0.1388
17,1490,1507,0.1388
18,1486,1504,0.1388
17,1487,1504,0.1388
16,1490,1506,0.1388
16,1495,1511,0.1388
16,1490,1506,0.1388
15,1503,1518,0.1388
16,1499,1515,0.1388
17,1478,1495,0.1388
16,1487,1503,0.1388
16,1497,1513,0.1388
16,1487,1503,0.1388
16,1488,1504,0.1388
16,1481,1497,0.1388
15,1480,1495,0.1388
15,1470,1485,0.1388
14,1477,1491,0.1388
14,1501,1515,0.1388
15,1512,1527,0.1388
15,1508,1523,0.1388
15,1499,1514,0.1388
14,1514,1528,0.1388
13,1506,1519,0.1388
12,1504,1516,0.1388
13,1513,1526,0.1388
13,1515,1528,0.1388
13,1516,1529,0.1388
13,1506,1519,0.1388
12,1506,1518,0.1388
11,1518,1529,0.1388
11,1508,1519,0.1388
10,1510,1520,0.1388
11,1531,1542,0.1388
12,1526,1538,0.1388
11,1516,1527,0.1388
11,1520,1531,0.1388
11,1516,1527,0.1388
11,1524,1535,0.1388
11,1521,1532,0.1388
10,1517,1527,0.1388
9,1521,1530,0.1388
8,1520,1528,0.1388
8,1523,1531,0.1388
8,1530,1538,0.1388
8,1527,1535,0.1388
7,1519,1526,0.1388
6,1522,1528,0.1388
6,1521,1527,0.1388
6,1512,1518,0.1388
6,1511,1517,0.1388
5,1506,1511,0.1388
4,1509,1513,0.1388
4,1507,1511,0.1388
4,1507,1511,0.1388
4,1510,1514,0.1388
5,1523,1528,0.1388
5,1519,1524,0.1388
5,1533,1538,0.1388
5,1534,1539,0.1388
5,1527,1532,0.1388
5,1516,1521,0.1388
5,1509,1514,0.1388
5,1507,1512,0.1388
6,1508,1514,0.1388
6,1511,1517,0.1388
7,1506,1513,0.1388
7,1516,1523,0.1388
7,1516,1523,0.1388
7,1524,1531,0.1388
7,1508,1515,0.1388
7,1505,1512,0.1388
7,1519,1526,0.1388
7,1504,1511,0.1388
7,1507,1514,0.1388
8,1514,1522,0.1388
8,1505,1513,0.1388
8,1509,1517,0.1388
8,1511,1519,0.1388
7,1500,1507,0.1388
8,1508,1516,0.1388
8,1515,1523,0.1388
8,1514,1522,0.1388
8,1522,1530,0.1388
8,1538,1546,0.1388
8,1518,1526,0.1388
7,1511,1518,0.1388
7,1508,1515,0.1388
7,1511,1518,0.1388
7,1512,1519,0.1388
6,1507,1513,0.1388
6,1503,1509,0.1388
7,1504,1511,0.1388
7,1499,1506,0.1388
6,1499,1505,0.1388
5,1496,1501,0.1388
5,1493,1498,0.1388
5,1487,1492,0.1388
5,1501,1506,0.1388
4,1512,1516,0.1388
4,1507,1511,0.1388
5,1495,1500,0.1388
6,1495,1501,0.1388
6,1496,1502,0.1388
6,1501,1507,0.1388
6,1498,1504,0.1388
6,1517,1523,0.1388
6,1513,1519,0.1388
6,1509,1515,0.1388
6,1499,1505,0.1388
7,1511,1518,0.1388
7,1515,1522,0.1388
7,1512,1519,0.1388
7,1505,1512,0.1388
7,1506,1513,0.1388
7,1507,1514,0.1388
7,1510,1517,0.1388
7,1510,1517,0.1388
7,1513,1520,0.1388
7,1508,1515,0.1388
7,1521,1528,0.1388
7,1518,1525,0.1388
7,1502,1509,0.1388
6,1525,1531,0.1388
6,1515,1521,0.1388
6,1520,1526,0.1388
6,1520,1526,0.1388
6,1521,1527,0.1388
5,1524,1529,0.1388
5,1530,1535,0.1388
6,1515,1521,0.1388
6,1515,1521,0.1388
6,1508,1514,0.1388
6,1512,1518,0.1388
7,1506,1513,0.1388
6,1497,1503,0.1388
6,1508,1514,0.1388
5,1512,1517,0.1388
5,1521,1526,0.1388
6,1510,1516,0.1388
6,1509,1515,0.1388
5,1514,1519,0.1388
5,1520,1525,0.1388
5,1519,1524,0.1388
5,1526,1531,0.1388
5,1525,1530,0.1388
5,1524,1529,0.1388
6,1518,1524,0.1388
6,1519,1525,0.1388
5,1526,1531,0.1388
5,1529,1534,0.1388
5,1521,1526,0.1388
6,1502,1508,0.1388
6,1513,1519,0.1388
6,1508,1514,0.1388
6,1505,1511,0.1388
6,1500,1506,0.1388
5,1508,1513,0.1388
5,1521,1526,0.1388
5,1516,1521,0.1388
5,1509,1514,0.1388
5,1517,1522,0.1388
5,1510,1515,0.1388
4,1507,1511,0.1388
4,1488,1492,0.1388
4,1505,1509,0.1388
4,1501,1505,0.1388
4,1509,1513,0.1388
4,1494,1498,0.1388
4,1500,1504,0.1388
5,1506,1511,0.1388
5,1511,1516,0.1388
5,1504,1509,0.1388
5,1502,1507,0.1388
4,1495,1499,0.1388
4,1512,1516,0.1388
4,1517,1521,0.1388
4,1517,1521,0.1388
4,1513,1517,0.1388
4,1517,1521,0.1388
4,1508,1512,0.1388
4,1502,1506,0.1388
4,1515,1519,0.1388
4,1514,1518,0.1388
4,1506,1510,0.1388
3,1519,1522,0.1388
3,1513,1516,0.1388
3,1512,1515,0.1388
3,1506,1509,0.1388
3,1506,1509,0.1388
3,1512,1515,0.1388
3,1516,1519,0.1388
2,1521,1523,0.1388
2,1497,1499,0.1388
3,1496,1499,0.1388
3,1485,1488,0.1388
3,1503,1506,0.1388
3,1503,1506,0.1388
3,1503,1506,0.1388
2,1505,1507,0.1388
2,1506,1508,0.1388
2,1500,1502,0.1388
2,1503,1505,0.1388
2,1506,1508,0.1388
2,1503,1505,0.1388
2,1509,1511,0.1388
2,1516,1518,0.1388
2,1524,1526,0.1388
2,1520,1522,0.1388
2,1521,1523,0.1388
2,1533,1535,0.1388
2,1522,1524,0.1388
2,1526,1528,0.1388
2,1519,1521,0.1388
2,1513,1515,0.1388
2,1516,1518,0.1388
2,1502,1504,0.1388
1,1530,1531,0.1388
1,1528,1529,0.1388
1,1523,1524,0.1388
1,1513,1514,0.1388
1,1509,1510,0.1388
1,1505,1506,0.1388
1,1510,1511,0.1388
1,1521,1522,0.1388
1,1506,1507,0.1388
1,1506,1507,0.1388
1,1505,1506,0.1388
0,1522,1522,0.1388
