1371,28,1399,0.1388
1401,28,1429,0.1388
1420,35,1455,0.1388
1434,36,1470,0.1388
1458,39,1497,0.1388
1451,37,1488,0.1388
1453,35,1488,0.1388
1450,36,1486,0.1388
1447,35,1482,0.1388
1456,39,1495,0.1388
1437,40,1477,0.1388
1451,41,1492,0.1388
1448,41,1489,0.1388
1434,40,1474,0.1388
1417,41,1458,0.1388
1431,41,1472,0.1388
1423,38,1461,0.1388
1431,38,1469,0.1388
1437,38,1475,0.1388
1436,34,1470,0.1388
1446,35,1481,0.1388
1446,36,1482,0.1388
1456,37,1493,0.1388
1453,38,1491,0.1388
1437,44,1481,0.1388
1437,43,1480,0.1388
1434,44,1478,0.1388
1437,46,1483,0.1388
1439,46,1485,0.1388
1439,47,1486,0.1388
1440,50,1490,0.1388
1439,51,1490,0.1388
1427,52,1479,0.1388
1440,50,1490,0.1388
1444,50,1494,0.1388
1450,48,1498,0.1388
1447,49,1496,0.1388
1445,50,1495,0.1388
1441,47,1488,0.1388
1440,45,1485,0.1388
1444,46,1490,0.1388
1444,45,1489,0.1388
1440,49,1489,0.1388
1452,50,1502,0.1388
1459,52,1511,0.1388
1437,54,1491,0.1388
1432,55,1487,0.1388
1434,55,1489,0.1388
1437,56,1493,0.1388
1439,56,1495,0.1388
1435,61,1496,0.1388
1431,61,1492,0.1388
1433,61,1494,0.1388
1446,63,1509,0.1388
1445,60,1505,0.1388
1453,59,1512,0.1388
1445,60,1505,0.1388
1444,60,1504,0.1388
1440,60,1500,0.1388
1444,62,1506,0.1388
1435,61,1496,0.1388
1430,62,1492,0.1388
1432,67,1499,0.1388
1435,67,1502,0.1388
1433,69,1502,0.1388
1438,73,1511,0.1388
1421,72,1493,0.1388
1419,70,1489,0.1388
1403,69,1472,0.1388
1410,67,1477,0.1388
1408,69,1477,0.1388
1410,71,1481,0.1388
1403,71,1474,0.1388
1416,71,1487,0.1388
1427,70,1497,0.1388
1419,72,1491,0.1388
1417,77,1494,0.1388
1412,77,1489,0.1388
1402,76,1478,0.1388
1393,76,1469,0.1388
1389,75,1464,0.1388
1399,75,1474,0.1388
1398,77,1475,0.1388
1400,77,1477,0.1388
1390,75,1465,0.1388
1408,83,1491,0.1388
1400,83,1483,0.1388
1409,85,1494,0.1388
1422,87,1509,0.1388
1413,88,1501,0.1388
1415,85,1500,0.1388
1418,84,1502,0.1388
1408,84,1492,0.1388
1425,86,1511,0.1388
1413,86,1499,0.1388
1410,83,1493,0.1388
1420,84,1504,0.1388
1419,82,1501,0.1388
1416,80,1496,0.1388
1407,82,1489,0.1388
1404,88,1492,0.1388
1401,88,1489,0.1388
1401,86,1487,0.1388
1402,84,1486,0.1388
1402,88,1490,0.1388
1399,87,1486,0.1388
1398,90,1488,0.1388
1397,90,1487,0.1388
1411,91,1502,0.1388
1397,89,1486,0.1388
1390,91,1481,0.1388
1407,91,1498,0.1388
1407,91,1498,0.1388
1407,89,1496,0.1388
1402,87,1489,0.1388
1408,84,1492,0.1388
1417,83,1500,0.1388
1419,85,1504,0.1388
1407,87,1494,0.1388
1410,85,1495,0.1388
1405,87,1492,0.1388
1409,89,1498,0.1388
1400,91,1491,0.1388
1404,89,1493,0.1388
1409,91,1500,0.1388
1393,91,1484,0.1388
1393,94,1487,0.1388
1400,92,1492,0.1388
1393,94,1487,0.1388
1399,98,1497,0.1388
1406,100,1506,0.1388
1391,103,1494,0.1388
1378,100,1478,0.1388
1386,101,1487,0.1388
1393,103,1496,0.1388
1392,104,1496,0.1388
1388,107,1495,0.1388
1390,109,1499,0.1388
1381,110,1491,0.1388
1383,112,1495,0.1388
1391,117,1508,0.1388
1385,115,1500,0.1388
1395,114,1509,0.1388
1390,110,1500,0.1388
1381,110,1491,0.1388
1387,112,1499,0.1388
1397,114,1511,0.1388
1395,114,1509,0.1388
1384,115,1499,0.1388
1393,113,1506,0.1388
1388,114,1502,0.1388
1398,115,1513,0.1388
1376,116,1492,0.1388
1393,119,1512,0.1388
1383,118,1501,0.1388
1373,121,1494,0.1388
1365,124,1489,0.1388
1373,124,1497,0.1388
1370,125,1495,0.1388
1374,127,1501,0.1388
1368,126,1494,0.1388
1370,125,1495,0.1388
1367,128,1495,0.1388
1349,131,1480,0.1388
1358,130,1488,0.1388
1364,133,1497,0.1388
1372,127,1499,0.1388
1365,129,1494,0.1388
1364,127,1491,0.1388
1374,127,1501,0.1388
1371,126,1497,0.1388
1355,125,1480,0.1388
1360,126,1486,0.1388
1352,123,1475,0.1388
1363,120,1483,0.1388
1359,123,1482,0.1388
1359,126,1485,0.1388
1371,128,1499,0.1388
1357,132,1489,0.1388
1363,131,1494,0.1388
1365,134,1499,0.1388
1361,133,1494,0.1388
1363,138,1501,0.1388
1365,136,1501,0.1388
1366,136,1502,0.1388
1373,136,1509,0.1388
1362,136,1498,0.1388
1349,135,1484,0.1388
1350,137,1487,0.1388
1350,139,1489,0.1388
1331,138,1469,0.1388
1334,137,1471,0.1388
1346,139,1485,0.1388
1348,137,1485,0.1388
1339,140,1479,0.1388
1348,145,1493,0.1388
1347,147,1494,0.1388
1346,147,1493,0.1388
1349,144,1493,0.1388
1335,146,1481,0.1388
1337,146,1483,0.1388
1347,145,1492,0.1388
1342,144,1486,0.1388
1339,137,1476,0.1388
1353,134,1487,0.1388
1358,142,1500,0.1388
1355,142,1497,0.1388
1359,148,1507,0.1388
1362,139,1501,0.1388
1361,137,1498,0.1388
1353,140,1493,0.1388
1341,144,1485,0.1388
1358,142,1500,0.1388
1361,144,1505,0.1388
1359,144,1503,0.1388
1344,146,1490,0.1388
1354,148,1502,0.1388
1352,145,1497,0.1388
1355,139,1494,0.1388
1363,138,1501,0.1388
1362,142,1504,0.1388
1359,141,1500,0.1388
1368,139,1507,0.1388
1367,135,1502,0.1388
1370,138,1508,0.1388
1362,139,1501,0.1388
1362,138,1500,0.1388
1365,137,1502,0.1388
1352,137,1489,0.1388
1359,140,1499,0.1388
1356,143,1499,0.1388
1350,144,1494,0.1388
1349,144,1493,0.1388
1350,143,1493,0.1388
1354,143,1497,0.1388
1357,145,1502,0.1388
1356,142,1498,0.1388
1347,149,1496,0.1388
1335,149,1484,0.1388
1339,154,1493,0.1388
1351,150,1501,0.1388
1345,152,1497,0.1388
1351,152,1503,0.1388
1343,153,1496,0.1388
1348,151,1499,0.1388
1350,150,1500,0.1388
1338,148,1486,0.1388
1343,155,1498,0.1388
1350,155,1505,0.1388
1351,164,1515,0.1388
1343,161,1504,0.1388
1344,162,1506,0.1388
1343,164,1507,0.1388
1337,165,1502,0.1388
1334,171,1505,0.1388
1325,169,1494,0.1388
1327,169,1496,0.1388
1317,168,1485,0.1388
1314,170,1484,0.1388
1328,169,1497,0.1388
1327,164,1491,0.1388
1323,164,1487,0.1388
1321,166,1487,0.1388
1324,165,1489,0.1388
1331,168,1499,0.1388
1320,167,1487,0.1388
1318,170,1488,0.1388
1313,171,1484,0.1388
1307,173,1480,0.1388
1306,172,1478,0.1388
1312,177,1489,0.1388
1312,178,1490,0.1388
1318,176,1494,0.1388
1327,175,1502,0.1388
1312,175,1487,0.1388
1314,179,1493,0.1388
1317,176,1493,0.1388
1326,180,1506,0.1388
1314,183,1497,0.1388
1331,183,1514,0.1388
1322,182,1504,0.1388
1311,187,1498,0.1388
1311,183,1494,0.1388
1315,183,1498,0.1388
1320,184,1504,0.1388
1334,179,1513,0.1388
1332,178,1510,0.1388
1332,179,1511,0.1388
1317,185,1502,0.1388
1299,184,1483,0.1388
1300,185,1485,0.1388
1300,182,1482,0.1388
1303,185,1488,0.1388
1304,190,1494,0.1388
1298,193,1491,0.1388
1289,189,1478,0.1388
1295,186,1481,0.1388
1301,190,1491,0.1388
1293,192,1485,0.1388
1299,191,1490,0.1388
1304,194,1498,0.1388
1301,197,1498,0.1388
1290,202,1492,0.1388
1277,206,1483,0.1388
1274,206,1480,0.1388
1275,206,1481,0.1388
1289,210,1499,0.1388
1297,215,1512,0.1388
1287,217,1504,0.1388
1294,215,1509,0.1388
1288,217,1505,0.1388
1281,212,1493,0.1388
1291,211,1502,0.1388
1299,208,1507,0.1388
1296,209,1505,0.1388
1287,211,1498,0.1388
1291,208,1499,0.1388
1291,213,1504,0.1388
1281,214,1495,0.1388
1268,219,1487,0.1388
1271,219,1490,0.1388
1276,214,1490,0.1388
1284,211,1495,0.1388
1278,212,1490,0.1388
1266,214,1480,0.1388
1274,212,1486,0.1388
1274,212,1486,0.1388
1279,211,1490,0.1388
1277,214,1491,0.1388
1272,220,1492,0.1388
1266,224,1490,0.1388
1270,225,1495,0.1388
1278,225,1503,0.1388
1266,230,1496,0.1388
1268,227,1495,0.1388
1265,228,1493,0.1388
1270,223,1493,0.1388
1271,221,1492,0.1388
1280,227,1507,0.1388
1277,231,1508,0.1388
1267,240,1507,0.1388
1270,235,1505,0.1388
1259,227,1486,0.1388
1259,231,1490,0.1388
1256,230,1486,0.1388
1260,233,1493,0.1388
1263,234,1497,0.1388
1273,233,1506,0.1388
1258,234,1492,0.1388
1263,234,1497,0.1388
1252,230,1482,0.1388
1254,231,1485,0.1388
1260,234,1494,0.1388
1264,233,1497,0.1388
1270,239,1509,0.1388
1262,238,1500,0.1388
1247,247,1494,0.1388
1245,249,1494,0.1388
1251,247,1498,0.1388
1254,242,1496,0.1388
1245,239,1484,0.1388
1256,236,1492,0.1388
1265,236,1501,0.1388
1255,238,1493,0.1388
1250,243,1493,0.1388
1256,247,1503,0.1388
1263,246,1509,0.1388
1255,243,1498,0.1388
1262,244,1506,0.1388
1263,247,1510,0.1388
1258,254,1512,0.1388
1253,255,1508,0.1388
1237,255,1492,0.1388
1233,261,1494,0.1388
1246,259,1505,0.1388
1233,252,1485,0.1388
1244,259,1503,0.1388
1235,261,1496,0.1388
1233,270,1503,0.1388
1215,273,1488,0.1388
1218,274,1492,0.1388
1222,280,1502,0.1388
1226,279,1505,0.1388
1223,278,1501,0.1388
1216,282,1498,0.1388
1216,283,1499,0.1388
1212,284,1496,0.1388
1213,284,1497,0.1388
1197,289,1486,0.1388
1210,292,1502,0.1388
1212,290,1502,0.1388
1206,288,1494,0.1388
1210,292,1502,0.1388
1213,303,1516,0.1388
1208,304,1512,0.1388
1209,300,1509,0.1388
1192,298,1490,0.1388
1193,297,1490,0.1388
1187,301,1488,0.1388
1187,307,1494,0.1388
1186,302,1488,0.1388
1202,301,1503,0.1388
1203,305,1508,0.1388
1195,314,1509,0.1388
1194,308,1502,0.1388
1193,303,1496,0.1388
1193,308,1501,0.1388
1197,317,1514,0.1388
1195,312,1507,0.1388
1188,311,1499,0.1388
1187,309,1496,0.1388
1176,312,1488,0.1388
1182,311,1493,0.1388
1185,315,1500,0.1388
1189,320,1509,0.1388
1187,322,1509,0.1388
1180,323,1503,0.1388
1178,324,1502,0.1388
1183,323,1506,0.1388
1181,325,1506,0.1388
1177,327,1504,0.1388
1171,328,1499,0.1388
1170,325,1495,0.1388
1156,318,1474,0.1388
1157,327,1484,0.1388
1154,335,1489,0.1388
1155,342,1497,0.1388
1150,339,1489,0.1388
1159,337,1496,0.1388
1165,335,1500,0.1388
1173,335,1508,0.1388
1172,332,1504,0.1388
1169,332,1501,0.1388
1166,330,1496,0.1388
1169,331,1500,0.1388
1173,333,1506,0.1388
1179,327,1506,0.1388
1184,328,1512,0.1388
1191,323,1514,0.1388
1197,319,1516,0.1388
1187,322,1509,0.1388
1169,318,1487,0.1388
1169,323,1492,0.1388
1162,321,1483,0.1388
1167,317,1484,0.1388
1170,308,1478,0.1388
1167,306,1473,0.1388
1175,312,1487,0.1388
1173,319,1492,0.1388
1172,325,1497,0.1388
1176,322,1498,0.1388
1172,330,1502,0.1388
1180,332,1512,0.1388
1178,328,1506,0.1388
1181,318,1499,0.1388
1189,321,1510,0.1388
1188,324,1512,0.1388
1192,320,1512,0.1388
1177,325,1502,0.1388
1185,321,1506,0.1388
1183,321,1504,0.1388
1175,321,1496,0.1388
1185,318,1503,0.1388
1166,321,1487,0.1388
1168,324,1492,0.1388
1165,317,1482,0.1388
1177,319,1496,0.1388
1172,321,1493,0.1388
1164,314,1478,0.1388
1173,315,1488,0.1388
1175,312,1487,0.1388
1182,315,1497,0.1388
1184,313,1497,0.1388
1186,311,1497,0.1388
1186,316,1502,0.1388
1178,324,1502,0.1388
1179,319,1498,0.1388
1165,315,1480,0.1388
1172,317,1489,0.1388
1171,314,1485,0.1388
1185,310,1495,0.1388
1176,313,1489,0.1388
1179,316,1495,0.1388
1169,307,1476,0.1388
1171,314,1485,0.1388
1176,312,1488,0.1388
1184,309,1493,0.1388
1180,308,1488,0.1388
1176,308,1484,0.1388
1178,320,1498,0.1388
1188,320,1508,0.1388
1183,322,1505,0.1388
1166,323,1489,0.1388
1162,325,1487,0.1388
1159,328,1487,0.1388
1167,322,1489,0.1388
1177,317,1494,0.1388
1171,319,1490,0.1388
1164,326,1490,0.1388
1170,330,1500,0.1388
1165,336,1501,0.1388
1174,336,1510,0.1388
1172,334,1506,0.1388
1155,335,1490,0.1388
1149,337,1486,0.1388
1154,329,1483,0.1388
1151,330,1481,0.1388
1172,330,1502,0.1388
1166,332,1498,0.1388
1167,333,1500,0.1388
1162,332,1494,0.1388
1165,333,1498,0.1388
1161,341,1502,0.1388
1156,339,1495,0.1388
1159,344,1503,0.1388
1156,338,1494,0.1388
1160,337,1497,0.1388
1161,337,1498,0.1388
1165,332,1497,0.1388
1150,334,1484,0.1388
1138,329,1467,0.1388
1150,333,1483,0.1388
1161,332,1493,0.1388
1147,334,1481,0.1388
1146,336,1482,0.1388
1145,339,1484,0.1388
1159,338,1497,0.1388
1167,336,1503,0.1388
1159,340,1499,0.1388
1146,348,1494,0.1388
1149,342,1491,0.1388
1144,343,1487,0.1388
1139,350,1489,0.1388
1138,352,1490,0.1388
1152,350,1502,0.1388
1156,349,1505,0.1388
1163,342,1505,0.1388
1173,344,1517,0.1388
1169,342,1511,0.1388
1165,345,1510,0.1388
1163,348,1511,0.1388
1164,343,1507,0.1388
1156,346,1502,0.1388
1155,348,1503,0.1388
1159,338,1497,0.1388
1163,343,1506,0.1388
1162,346,1508,0.1388
1155,352,1507,0.1388
1152,356,1508,0.1388
1148,356,1504,0.1388
1162,351,1513,0.1388
1156,355,1511,0.1388
1154,354,1508,0.1388
1155,351,1506,0.1388
1154,352,1506,0.1388
1153,346,1499,0.1388
1154,344,1498,0.1388
1158,346,1504,0.1388
1152,349,1501,0.1388
1145,348,1493,0.1388
1144,357,1501,0.1388
1143,358,1501,0.1388
1150,352,1502,0.1388
1162,353,1515,0.1388
1166,355,1521,0.1388
1165,359,1524,0.1388
1155,365,1520,0.1388
1143,363,1506,0.1388
1143,361,1504,0.1388
1149,364,1513,0.1388
1148,360,1508,0.1388
1144,358,1502,0.1388
1132,359,1491,0.1388
1126,363,1489,0.1388
1128,355,1483,0.1388
1117,361,1478,0.1388
1119,358,1477,0.1388
1118,360,1478,0.1388
1121,360,1481,0.1388
1119,357,1476,0.1388
1121,367,1488,0.1388
1116,369,1485,0.1388
1113,373,1486,0.1388
1112,373,1485,0.1388
1115,375,1490,0.1388
1121,369,1490,0.1388
1128,374,1502,0.1388
1125,382,1507,0.1388
1132,383,1515,0.1388
1122,385,1507,0.1388
1120,388,1508,0.1388
1122,389,1511,0.1388
1117,391,1508,0.1388
1115,395,1510,0.1388
1125,389,1514,0.1388
1116,388,1504,0.1388
1124,382,1506,0.1388
1112,385,1497,0.1388
1124,387,1511,0.1388
1116,384,1500,0.1388
1117,390,1507,0.1388
1132,389,1521,0.1388
1129,384,1513,0.1388
1136,383,1519,0.1388
1119,387,1506,0.1388
1120,388,1508,0.1388
1122,386,1508,0.1388
1107,379,1486,0.1388
1106,385,1491,0.1388
1101,393,1494,0.1388
1100,402,1502,0.1388
1105,403,1508,0.1388
1106,395,1501,0.1388
1113,399,1512,0.1388
1096,402,1498,0.1388
1091,398,1489,0.1388
1088,401,1489,0.1388
1095,405,1500,0.1388
1085,404,1489,0.1388
1094,408,1502,0.1388
1101,407,1508,0.1388
1100,407,1507,0.1388
1097,404,1501,0.1388
1089,395,1484,0.1388
1082,397,1479,0.1388
1089,402,1491,0.1388
1085,405,1490,0.1388
1090,401,1491,0.1388
1093,397,1490,0.1388
1092,396,1488,0.1388
1094,404,1498,0.1388
1088,406,1494,0.1388
1079,406,1485,0.1388
1075,409,1484,0.1388
1084,409,1493,0.1388
1076,411,1487,0.1388
1087,417,1504,0.1388
1090,418,1508,0.1388
1089,417,1506,0.1388
1083,419,1502,0.1388
1095,419,1514,0.1388
1091,430,1521,0.1388
1086,434,1520,0.1388
1091,431,1522,0.1388
1083,432,1515,0.1388
1082,428,1510,0.1388
1086,433,1519,0.1388
1073,428,1501,0.1388
1062,433,1495,0.1388
1052,442,1494,0.1388
1051,433,1484,0.1388
1041,437,1478,0.1388
1050,441,1491,0.1388
1043,448,1491,0.1388
1056,451,1507,0.1388
1049,455,1504,0.1388
1047,458,1505,0.1388
1057,460,1517,0.1388
1051,453,1504,0.1388
1049,458,1507,0.1388
1044,454,1498,0.1388
1046,462,1508,0.1388
1044,461,1505,0.1388
1035,461,1496,0.1388
1029,464,1493,0.1388
1034,473,1507,0.1388
1031,468,1499,0.1388
1029,470,1499,0.1388
1026,474,1500,0.1388
1030,477,1507,0.1388
1024,475,1499,0.1388
1016,475,1491,0.1388
1016,477,1493,0.1388
1019,480,1499,0.1388
1022,479,1501,0.1388
1028,487,1515,0.1388
1023,483,1506,0.1388
1018,479,1497,0.1388
1015,474,1489,0.1388
1010,480,1490,0.1388
1012,484,1496,0.1388
1015,493,1508,0.1388
1016,493,1509,0.1388
1018,491,1509,0.1388
1011,497,1508,0.1388
1016,489,1505,0.1388
1013,495,1508,0.1388
1001,499,1500,0.1388
993,505,1498,0.1388
998,508,1506,0.1388
989,503,1492,0.1388
990,503,1493,0.1388
989,502,1491,0.1388
984,501,1485,0.1388
991,510,1501,0.1388
987,508,1495,0.1388
992,506,1498,0.1388
984,506,1490,0.1388
989,514,1503,0.1388
988,521,1509,0.1388
993,525,1518,0.1388
987,523,1510,0.1388
982,517,1499,0.1388
992,517,1509,0.1388
985,525,1510,0.1388
984,520,1504,0.1388
986,516,1502,0.1388
990,517,1507,0.1388
1001,510,1511,0.1388
995,511,1506,0.1388
984,515,1499,0.1388
979,519,1498,0.1388
979,524,1503,0.1388
981,521,1502,0.1388
973,522,1495,0.1388
992,513,1505,0.1388
995,517,1512,0.1388
988,523,1511,0.1388
988,517,1505,0.1388
981,522,1503,0.1388
981,519,1500,0.1388
974,522,1496,0.1388
968,521,1489,0.1388
977,521,1498,0.1388
980,528,1508,0.1388
976,525,1501,0.1388
977,515,1492,0.1388
975,516,1491,0.1388
973,515,1488,0.1388
978,511,1489,0.1388
974,512,1486,0.1388
982,517,1499,0.1388
973,526,1499,0.1388
980,525,1505,0.1388
976,525,1501,0.1388
974,520,1494,0.1388
971,520,1491,0.1388
978,530,1508,0.1388
981,534,1515,0.1388
979,537,1516,0.1388
985,538,1523,0.1388
979,536,1515,0.1388
968,530,1498,0.1388
976,536,1512,0.1388
965,539,1504,0.1388
968,542,1510,0.1388
962,540,1502,0.1388
954,549,1503,0.1388
952,553,1505,0.1388
957,552,1509,0.1388
959,559,1518,0.1388
960,552,1512,0.1388
960,557,1517,0.1388
956,550,1506,0.1388
954,557,1511,0.1388
961,560,1521,0.1388
953,564,1517,0.1388
950,564,1514,0.1388
942,566,1508,0.1388
949,566,1515,0.1388
949,562,1511,0.1388
946,553,1499,0.1388
934,560,1494,0.1388
932,562,1494,0.1388
943,562,1505,0.1388
945,566,1511,0.1388
949,564,1513,0.1388
940,571,1511,0.1388
926,571,1497,0.1388
928,571,1499,0.1388
920,573,1493,0.1388
921,581,1502,0.1388
924,583,1507,0.1388
925,583,1508,0.1388
923,590,1513,0.1388
913,590,1503,0.1388
929,585,1514,0.1388
921,592,1513,0.1388
919,594,1513,0.1388
924,587,1511,0.1388
913,584,1497,0.1388
920,586,1506,0.1388
920,584,1504,0.1388
916,588,1504,0.1388
914,593,1507,0.1388
919,592,1511,0.1388
913,584,1497,0.1388
914,588,1502,0.1388
915,590,1505,0.1388
918,594,1512,0.1388
914,593,1507,0.1388
903,600,1503,0.1388
904,607,1511,0.1388
903,607,1510,0.1388
909,605,1514,0.1388
911,606,1517,0.1388
892,610,1502,0.1388
900,606,1506,0.1388
897,603,1500,0.1388
892,604,1496,0.1388
898,601,1499,0.1388
902,605,1507,0.1388
895,603,1498,0.1388
914,608,1522,0.1388
903,606,1509,0.1388
903,609,1512,0.1388
897,608,1505,0.1388
899,613,1512,0.1388
897,613,1510,0.1388
899,610,1509,0.1388
880,617,1497,0.1388
882,633,1515,0.1388
880,634,1514,0.1388
867,638,1505,0.1388
873,639,1512,0.1388
864,634,1498,0.1388
858,635,1493,0.1388
860,631,1491,0.1388
867,628,1495,0.1388
861,637,1498,0.1388
858,642,1500,0.1388
858,636,1494,0.1388
859,636,1495,0.1388
860,640,1500,0.1388
869,647,1516,0.1388
863,639,1502,0.1388
869,646,1515,0.1388
865,656,1521,0.1388
868,663,1531,0.1388
859,656,1515,0.1388
851,665,1516,0.1388
851,663,1514,0.1388
848,661,1509,0.1388
855,662,1517,0.1388
859,661,1520,0.1388
860,664,1524,0.1388
849,659,1508,0.1388
844,669,1513,0.1388
836,664,1500,0.1388
830,664,1494,0.1388
828,667,1495,0.1388
831,670,1501,0.1388
827,671,1498,0.1388
817,679,1496,0.1388
826,664,1490,0.1388
828,666,1494,0.1388
823,671,1494,0.1388
822,676,1498,0.1388
830,673,1503,0.1388
831,676,1507,0.1388
830,671,1501,0.1388
825,674,1499,0.1388
820,665,1485,0.1388
825,666,1491,0.1388
837,673,1510,0.1388
832,666,1498,0.1388
832,669,1501,0.1388
834,677,1511,0.1388
828,671,1499,0.1388
833,670,1503,0.1388
838,669,1507,0.1388
840,672,1512,0.1388
840,672,1512,0.1388
846,661,1507,0.1388
851,662,1513,0.1388
844,669,1513,0.1388
840,666,1506,0.1388
833,675,1508,0.1388
832,674,1506,0.1388
835,673,1508,0.1388
837,666,1503,0.1388
839,670,1509,0.1388
828,670,1498,0.1388
829,689,1518,0.1388
834,685,1519,0.1388
834,681,1515,0.1388
826,680,1506,0.1388
809,679,1488,0.1388
814,679,1493,0.1388
823,688,1511,0.1388
816,697,1513,0.1388
808,696,1504,0.1388
811,695,1506,0.1388
808,693,1501,0.1388
812,693,1505,0.1388
817,692,1509,0.1388
800,693,1493,0.1388
800,701,1501,0.1388
809,707,1516,0.1388
800,691,1491,0.1388
799,707,1506,0.1388
790,709,1499,0.1388
783,711,1494,0.1388
791,711,1502,0.1388
790,707,1497,0.1388
792,695,1487,0.1388
790,703,1493,0.1388
795,703,1498,0.1388
795,710,1505,0.1388
799,702,1501,0.1388
798,714,1512,0.1388
796,707,1503,0.1388
801,711,1512,0.1388
794,721,1515,0.1388
793,720,1513,0.1388
789,725,1514,0.1388
787,716,1503,0.1388
776,711,1487,0.1388
785,718,1503,0.1388
786,719,1505,0.1388
794,723,1517,0.1388
790,713,1503,0.1388
787,720,1507,0.1388
784,724,1508,0.1388
782,728,1510,0.1388
773,730,1503,0.1388
764,738,1502,0.1388
763,738,1501,0.1388
764,735,1499,0.1388
764,736,1500,0.1388
770,747,1517,0.1388
763,751,1514,0.1388
754,752,1506,0.1388
762,750,1512,0.1388
773,751,1524,0.1388
760,750,1510,0.1388
750,751,1501,0.1388
752,744,1496,0.1388
754,754,1508,0.1388
741,760,1501,0.1388
738,764,1502,0.1388
734,761,1495,0.1388
730,763,1493,0.1388
734,761,1495,0.1388
744,765,1509,0.1388
740,760,1500,0.1388
735,760,1495,0.1388
733,768,1501,0.1388
733,773,1506,0.1388
734,773,1507,0.1388
727,778,1505,0.1388
718,785,1503,0.1388
721,787,1508,0.1388
714,787,1501,0.1388
712,781,1493,0.1388
723,782,1505,0.1388
725,770,1495,0.1388
731,776,1507,0.1388
732,781,1513,0.1388
735,781,1516,0.1388
730,781,1511,0.1388
724,780,1504,0.1388
712,787,1499,0.1388
724,788,1512,0.1388
721,785,1506,0.1388
713,792,1505,0.1388
712,806,1518,0.1388
709,800,1509,0.1388
706,799,1505,0.1388
707,800,1507,0.1388
704,805,1509,0.1388
699,811,1510,0.1388
700,818,1518,0.1388
695,825,1520,0.1388
694,825,1519,0.1388
700,815,1515,0.1388
709,817,1526,0.1388
705,826,1531,0.1388
705,815,1520,0.1388
689,823,1512,0.1388
688,821,1509,0.1388
687,829,1516,0.1388
700,821,1521,0.1388
694,826,1520,0.1388
694,825,1519,0.1388
697,824,1521,0.1388
684,834,1518,0.1388
679,835,1514,0.1388
677,828,1505,0.1388
672,832,1504,0.1388
675,841,1516,0.1388
683,844,1527,0.1388
682,834,1516,0.1388
694,842,1536,0.1388
677,837,1514,0.1388
683,831,1514,0.1388
677,831,1508,0.1388
674,831,1505,0.1388
679,824,1503,0.1388
677,829,1506,0.1388
668,838,1506,0.1388
662,844,1506,0.1388
665,852,1517,0.1388
669,843,1512,0.1388
660,849,1509,0.1388
663,843,1506,0.1388
664,845,1509,0.1388
667,850,1517,0.1388
681,842,1523,0.1388
671,841,1512,0.1388
668,844,1512,0.1388
669,843,1512,0.1388
655,842,1497,0.1388
652,843,1495,0.1388
654,846,1500,0.1388
657,853,1510,0.1388
663,855,1518,0.1388
669,846,1515,0.1388
669,848,1517,0.1388
667,844,1511,0.1388
667,837,1504,0.1388
664,841,1505,0.1388
670,833,1503,0.1388
667,840,1507,0.1388
663,844,1507,0.1388
663,850,1513,0.1388
671,852,1523,0.1388
659,853,1512,0.1388
664,855,1519,0.1388
662,859,1521,0.1388
660,848,1508,0.1388
662,853,1515,0.1388
654,845,1499,0.1388
658,846,1504,0.1388
651,849,1500,0.1388
649,859,1508,0.1388
644,857,1501,0.1388
654,869,1523,0.1388
651,867,1518,0.1388
655,854,1509,0.1388
657,868,1525,0.1388
652,869,1521,0.1388
643,863,1506,0.1388
651,867,1518,0.1388
650,856,1506,0.1388
647,863,1510,0.1388
643,868,1511,0.1388
633,863,1496,0.1388
628,864,1492,0.1388
640,867,1507,0.1388
642,867,1509,0.1388
645,869,1514,0.1388
644,876,1520,0.1388
628,875,1503,0.1388
629,874,1503,0.1388
629,878,1507,0.1388
629,878,1507,0.1388
622,871,1493,0.1388
624,879,1503,0.1388
625,875,1500,0.1388
629,879,1508,0.1388
623,884,1507,0.1388
624,883,1507,0.1388
624,877,1501,0.1388
620,874,1494,0.1388
612,876,1488,0.1388
616,884,1500,0.1388
611,897,1508,0.1388
621,890,1511,0.1388
620,891,1511,0.1388
617,878,1495,0.1388
614,885,1499,0.1388
612,887,1499,0.1388
610,898,1508,0.1388
615,899,1514,0.1388
610,899,1509,0.1388
607,907,1514,0.1388
606,903,1509,0.1388
610,902,1512,0.1388
603,902,1505,0.1388
605,898,1503,0.1388
600,896,1496,0.1388
602,906,1508,0.1388
595,904,1499,0.1388
601,901,1502,0.1388
608,906,1514,0.1388
605,906,1511,0.1388
604,904,1508,0.1388
595,907,1502,0.1388
590,901,1491,0.1388
597,908,1505,0.1388
593,904,1497,0.1388
597,906,1503,0.1388
583,898,1481,0.1388
589,907,1496,0.1388
598,910,1508,0.1388
590,917,1507,0.1388
598,923,1521,0.1388
594,923,1517,0.1388
590,922,1512,0.1388
591,914,1505,0.1388
593,915,1508,0.1388
593,920,1513,0.1388
589,921,1510,0.1388
590,921,1511,0.1388
588,927,1515,0.1388
590,925,1515,0.1388
588,935,1523,0.1388
592,920,1512,0.1388
584,935,1519,0.1388
580,940,1520,0.1388
575,937,1512,0.1388
568,949,1517,0.1388
561,952,1513,0.1388
570,947,1517,0.1388
563,945,1508,0.1388
560,945,1505,0.1388
561,946,1507,0.1388
559,963,1522,0.1388
560,961,1521,0.1388
552,957,1509,0.1388
550,971,1521,0.1388
552,962,1514,0.1388
548,957,1505,0.1388
554,961,1515,0.1388
560,956,1516,0.1388
567,959,1526,0.1388
563,961,1524,0.1388
556,961,1517,0.1388
552,962,1514,0.1388
546,966,1512,0.1388
543,978,1521,0.1388
546,980,1526,0.1388
548,985,1533,0.1388
544,981,1525,0.1388
550,975,1525,0.1388
545,983,1528,0.1388
551,967,1518,0.1388
549,962,1511,0.1388
545,960,1505,0.1388
547,952,1499,0.1388
544,951,1495,0.1388
544,952,1496,0.1388
548,958,1506,0.1388
552,969,1521,0.1388
543,972,1515,0.1388
549,975,1524,0.1388
547,979,1526,0.1388
543,971,1514,0.1388
540,964,1504,0.1388
536,967,1503,0.1388
539,961,1500,0.1388
536,955,1491,0.1388
533,966,1499,0.1388
540,965,1505,0.1388
538,968,1506,0.1388
538,972,1510,0.1388
541,965,1506,0.1388
546,976,1522,0.1388
537,972,1509,0.1388
537,981,1518,0.1388
536,989,1525,0.1388
535,987,1522,0.1388
530,979,1509,0.1388
527,988,1515,0.1388
526,991,1517,0.1388
519,985,1504,0.1388
518,992,1510,0.1388
510,982,1492,0.1388
510,987,1497,0.1388
514,997,1511,0.1388
511,995,1506,0.1388
517,995,1512,0.1388
513,987,1500,0.1388
513,992,1505,0.1388
514,1000,1514,0.1388
513,986,1499,0.1388
515,991,1506,0.1388
514,983,1497,0.1388
507,988,1495,0.1388
504,993,1497,0.1388
511,1004,1515,0.1388
506,1004,1510,0.1388
503,1016,1519,0.1388
502,1010,1512,0.1388
503,1007,1510,0.1388
497,1013,1510,0.1388
493,1021,1514,0.1388
495,1024,1519,0.1388
495,1016,1511,0.1388
495,1008,1503,0.1388
492,1006,1498,0.1388
485,1009,1494,0.1388
487,1012,1499,0.1388
484,1015,1499,0.1388
482,1015,1497,0.1388
489,1018,1507,0.1388
487,1026,1513,0.1388
481,1023,1504,0.1388
478,1012,1490,0.1388
478,1010,1488,0.1388
486,1005,1491,0.1388
486,1018,1504,0.1388
486,1019,1505,0.1388
484,1021,1505,0.1388
475,1016,1491,0.1388
476,1011,1487,0.1388
477,1024,1501,0.1388
478,1020,1498,0.1388
481,1018,1499,0.1388
483,1012,1495,0.1388
486,1021,1507,0.1388
480,1026,1506,0.1388
477,1024,1501,0.1388
476,1027,1503,0.1388
480,1024,1504,0.1388
477,1035,1512,0.1388
479,1031,1510,0.1388
478,1029,1507,0.1388
482,1020,1502,0.1388
485,1022,1507,0.1388
480,1026,1506,0.1388
473,1030,1503,0.1388
477,1019,1496,0.1388
474,1030,1504,0.1388
472,1028,1500,0.1388
474,1041,1515,0.1388
468,1038,1506,0.1388
469,1042,1511,0.1388
468,1032,1500,0.1388
476,1030,1506,0.1388
480,1036,1516,0.1388
479,1042,1521,0.1388
479,1037,1516,0.1388
471,1047,1518,0.1388
465,1039,1504,0.1388
454,1026,1480,0.1388
451,1042,1493,0.1388
448,1044,1492,0.1388
451,1053,1504,0.1388
448,1050,1498,0.1388
436,1061,1497,0.1388
439,1053,1492,0.1388
439,1055,1494,0.1388
443,1059,1502,0.1388
452,1044,1496,0.1388
451,1048,1499,0.1388
450,1056,1506,0.1388
446,1075,1521,0.1388
452,1078,1530,0.1388
448,1072,1520,0.1388
452,1078,1530,0.1388
443,1086,1529,0.1388
442,1075,1517,0.1388
442,1080,1522,0.1388
432,1072,1504,0.1388
435,1079,1514,0.1388
429,1090,1519,0.1388
432,1087,1519,0.1388
436,1074,1510,0.1388
435,1071,1506,0.1388
442,1082,1524,0.1388
434,1070,1504,0.1388
436,1073,1509,0.1388
436,1069,1505,0.1388
434,1079,1513,0.1388
427,1078,1505,0.1388
428,1068,1496,0.1388
425,1070,1495,0.1388
429,1071,1500,0.1388
429,1075,1504,0.1388
430,1074,1504,0.1388
433,1074,1507,0.1388
425,1079,1504,0.1388
432,1088,1520,0.1388
425,1095,1520,0.1388
422,1097,1519,0.1388
420,1097,1517,0.1388
417,1102,1519,0.1388
424,1096,1520,0.1388
424,1090,1514,0.1388
417,1090,1507,0.1388
423,1085,1508,0.1388
420,1084,1504,0.1388
419,1102,1521,0.1388
419,1101,1520,0.1388
418,1087,1505,0.1388
417,1083,1500,0.1388
415,1089,1504,0.1388
419,1098,1517,0.1388
426,1094,1520,0.1388
423,1098,1521,0.1388
418,1099,1517,0.1388
423,1098,1521,0.1388
421,1095,1516,0.1388
413,1089,1502,0.1388
408,1096,1504,0.1388
405,1100,1505,0.1388
411,1086,1497,0.1388
414,1084,1498,0.1388
409,1105,1514,0.1388
402,1103,1505,0.1388
411,1111,1522,0.1388
405,1108,1513,0.1388
401,1113,1514,0.1388
395,1119,1514,0.1388
397,1112,1509,0.1388
399,1121,1520,0.1388
402,1129,1531,0.1388
396,1125,1521,0.1388
397,1124,1521,0.1388
390,1122,1512,0.1388
394,1118,1512,0.1388
394,1125,1519,0.1388
396,1123,1519,0.1388
393,1125,1518,0.1388
394,1120,1514,0.1388
399,1126,1525,0.1388
397,1122,1519,0.1388
401,1118,1519,0.1388
403,1120,1523,0.1388
398,1123,1521,0.1388
391,1117,1508,0.1388
397,1123,1520,0.1388
398,1127,1525,0.1388
389,1126,1515,0.1388
386,1135,1521,0.1388
383,1135,1518,0.1388
373,1149,1522,0.1388
369,1150,1519,0.1388
370,1151,1521,0.1388
368,1138,1506,0.1388
368,1149,1517,0.1388
372,1149,1521,0.1388
374,1139,1513,0.1388
372,1149,1521,0.1388
375,1148,1523,0.1388
377,1153,1530,0.1388
371,1159,1530,0.1388
373,1160,1533,0.1388
368,1151,1519,0.1388
366,1147,1513,0.1388
362,1141,1503,0.1388
369,1143,1512,0.1388
365,1131,1496,0.1388
374,1133,1507,0.1388
373,1136,1509,0.1388
376,1138,1514,0.1388
378,1129,1507,0.1388
373,1133,1506,0.1388
372,1135,1507,0.1388
375,1146,1521,0.1388
372,1145,1517,0.1388
375,1136,1511,0.1388
375,1143,1518,0.1388
369,1146,1515,0.1388
365,1154,1519,0.1388
359,1155,1514,0.1388
359,1147,1506,0.1388
359,1138,1497,0.1388
352,1147,1499,0.1388
359,1150,1509,0.1388
358,1137,1495,0.1388
356,1144,1500,0.1388
348,1149,1497,0.1388
349,1150,1499,0.1388
348,1154,1502,0.1388
351,1162,1513,0.1388
346,1161,1507,0.1388
347,1160,1507,0.1388
337,1169,1506,0.1388
337,1171,1508,0.1388
338,1188,1526,0.1388
339,1187,1526,0.1388
332,1186,1518,0.1388
326,1188,1514,0.1388
331,1190,1521,0.1388
336,1173,1509,0.1388
342,1168,1510,0.1388
346,1169,1515,0.1388
343,1164,1507,0.1388
343,1167,1510,0.1388
344,1172,1516,0.1388
339,1174,1513,0.1388
337,1167,1504,0.1388
335,1180,1515,0.1388
329,1189,1518,0.1388
326,1188,1514,0.1388
330,1187,1517,0.1388
326,1179,1505,0.1388
329,1173,1502,0.1388
332,1176,1508,0.1388
336,1176,1512,0.1388
338,1173,1511,0.1388
336,1181,1517,0.1388
337,1178,1515,0.1388
342,1186,1528,0.1388
346,1173,1519,0.1388
350,1174,1524,0.1388
349,1173,1522,0.1388
340,1182,1522,0.1388
335,1194,1529,0.1388
335,1181,1516,0.1388
335,1177,1512,0.1388
334,1183,1517,0.1388
332,1179,1511,0.1388
331,1172,1503,0.1388
330,1180,1510,0.1388
325,1188,1513,0.1388
324,1191,1515,0.1388
323,1194,1517,0.1388
318,1199,1517,0.1388
324,1191,1515,0.1388
318,1194,1512,0.1388
315,1184,1499,0.1388
323,1186,1509,0.1388
317,1191,1508,0.1388
313,1205,1518,0.1388
310,1199,1509,0.1388
311,1186,1497,0.1388
318,1195,1513,0.1388
311,1202,1513,0.1388
313,1212,1525,0.1388
316,1216,1532,0.1388
319,1212,1531,0.1388
315,1204,1519,0.1388
311,1207,1518,0.1388
316,1214,1530,0.1388
315,1211,1526,0.1388
311,1199,1510,0.1388
309,1198,1507,0.1388
315,1208,1523,0.1388
314,1223,1537,0.1388
308,1220,1528,0.1388
313,1213,1526,0.1388
305,1217,1522,0.1388
305,1213,1518,0.1388
304,1209,1513,0.1388
303,1208,1511,0.1388
300,1210,1510,0.1388
300,1216,1516,0.1388
301,1217,1518,0.1388
297,1225,1522,0.1388
297,1234,1531,0.1388
297,1229,1526,0.1388
296,1222,1518,0.1388
297,1220,1517,0.1388
295,1221,1516,0.1388
298,1222,1520,0.1388
296,1215,1511,0.1388
291,1219,1510,0.1388
287,1219,1506,0.1388
286,1206,1492,0.1388
287,1211,1498,0.1388
287,1216,1503,0.1388
287,1233,1520,0.1388
283,1224,1507,0.1388
282,1220,1502,0.1388
275,1222,1497,0.1388
276,1226,1502,0.1388
280,1226,1506,0.1388
276,1242,1518,0.1388
273,1256,1529,0.1388
271,1254,1525,0.1388
268,1258,1526,0.1388
263,1252,1515,0.1388
262,1258,1520,0.1388
261,1265,1526,0.1388
256,1256,1512,0.1388
254,1247,1501,0.1388
260,1254,1514,0.1388
256,1251,1507,0.1388
255,1253,1508,0.1388
260,1255,1515,0.1388
257,1252,1509,0.1388
252,1250,1502,0.1388
256,1252,1508,0.1388
253,1254,1507,0.1388
251,1254,1505,0.1388
258,1266,1524,0.1388
252,1261,1513,0.1388
249,1272,1521,0.1388
252,1277,1529,0.1388
246,1275,1521,0.1388
242,1268,1510,0.1388
237,1289,1526,0.1388
237,1273,1510,0.1388
233,1265,1498,0.1388
235,1275,1510,0.1388
238,1280,1518,0.1388
240,1278,1518,0.1388
240,1284,1524,0.1388
237,1280,1517,0.1388
237,1279,1516,0.1388
229,1271,1500,0.1388
235,1277,1512,0.1388
236,1276,1512,0.1388
238,1269,1507,0.1388
238,1295,1533,0.1388
236,1302,1538,0.1388
234,1295,1529,0.1388
231,1292,1523,0.1388
231,1287,1518,0.1388
232,1291,1523,0.1388
228,1286,1514,0.1388
227,1276,1503,0.1388
230,1289,1519,0.1388
227,1281,1508,0.1388
226,1279,1505,0.1388
226,1278,1504,0.1388
220,1279,1499,0.1388
222,1286,1508,0.1388
217,1277,1494,0.1388
219,1294,1513,0.1388
214,1287,1501,0.1388
221,1300,1521,0.1388
219,1300,1519,0.1388
220,1300,1520,0.1388
218,1298,1516,0.1388
218,1294,1512,0.1388
212,1288,1500,0.1388
217,1293,1510,0.1388
217,1302,1519,0.1388
222,1297,1519,0.1388
221,1303,1524,0.1388
217,1299,1516,0.1388
218,1292,1510,0.1388
219,1307,1526,0.1388
217,1302,1519,0.1388
217,1293,1510,0.1388
215,1303,1518,0.1388
219,1299,1518,0.1388
217,1292,1509,0.1388
219,1291,1510,0.1388
212,1288,1500,0.1388
210,1286,1496,0.1388
213,1285,1498,0.1388
212,1288,1500,0.1388
208,1284,1492,0.1388
212,1299,1511,0.1388
213,1311,1524,0.1388
209,1310,1519,0.1388
203,1312,1515,0.1388
203,1300,1503,0.1388
200,1309,1509,0.1388
197,1290,1487,0.1388
192,1313,1505,0.1388
191,1317,1508,0.1388
196,1319,1515,0.1388
196,1311,1507,0.1388
193,1322,1515,0.1388
193,1323,1516,0.1388
195,1316,1511,0.1388
199,1310,1509,0.1388
192,1318,1510,0.1388
187,1326,1513,0.1388
185,1320,1505,0.1388
187,1325,1512,0.1388
191,1323,1514,0.1388
189,1315,1504,0.1388
186,1327,1513,0.1388
185,1321,1506,0.1388
186,1340,1526,0.1388
183,1348,1531,0.1388
181,1343,1524,0.1388
177,1336,1513,0.1388
179,1352,1531,0.1388
178,1348,1526,0.1388
177,1342,1519,0.1388
177,1357,1534,0.1388
178,1351,1529,0.1388
176,1350,1526,0.1388
172,1356,1528,0.1388
172,1350,1522,0.1388
168,1340,1508,0.1388
168,1347,1515,0.1388
171,1353,1524,0.1388
171,1343,1514,0.1388
167,1342,1509,0.1388
165,1346,1511,0.1388
164,1346,1510,0.1388
165,1355,1520,0.1388
166,1356,1522,0.1388
165,1372,1537,0.1388
165,1369,1534,0.1388
165,1356,1521,0.1388
165,1347,1512,0.1388
168,1359,1527,0.1388
169,1353,1522,0.1388
170,1332,1502,0.1388
172,1324,1496,0.1388
170,1325,1495,0.1388
169,1317,1486,0.1388
170,1320,1490,0.1388
175,1327,1502,0.1388
172,1331,1503,0.1388
171,1336,1507,0.1388
170,1329,1499,0.1388
168,1334,1502,0.1388
168,1328,1496,0.1388
165,1344,1509,0.1388
161,1356,1517,0.1388
165,1363,1528,0.1388
163,1360,1523,0.1388
169,1358,1527,0.1388
165,1356,1521,0.1388
171,1360,1531,0.1388
175,1344,1519,0.1388
175,1344,1519,0.1388
170,1349,1519,0.1388
166,1354,1520,0.1388
164,1350,1514,0.1388
164,1354,1518,0.1388
165,1342,1507,0.1388
161,1356,1517,0.1388
164,1368,1532,0.1388
169,1363,1532,0.1388
166,1358,1524,0.1388
164,1353,1517,0.1388
168,1356,1524,0.1388
169,1346,1515,0.1388
171,1354,1525,0.1388
169,1365,1534,0.1388
170,1360,1530,0.1388
170,1358,1528,0.1388
166,1349,1515,0.1388
158,1347,1505,0.1388
157,1345,1502,0.1388
159,1359,1518,0.1388
158,1355,1513,0.1388
156,1358,1514,0.1388
157,1359,1516,0.1388
158,1364,1522,0.1388
160,1360,1520,0.1388
159,1364,1523,0.1388
160,1363,1523,0.1388
154,1368,1522,0.1388
156,1361,1517,0.1388
156,1361,1517,0.1388
150,1361,1511,0.1388
151,1376,1527,0.1388
150,1375,1525,0.1388
145,1368,1513,0.1388
142,1359,1501,0.1388
144,1365,1509,0.1388
144,1355,1499,0.1388
143,1380,1523,0.1388
144,1371,1515,0.1388
143,1374,1517,0.1388
137,1379,1516,0.1388
134,1376,1510,0.1388
132,1381,1513,0.1388
129,1376,1505,0.1388
131,1385,1516,0.1388
130,1373,1503,0.1388
132,1388,1520,0.1388
132,1385,1517,0.1388
135,1395,1530,0.1388
133,1390,1523,0.1388
134,1381,1515,0.1388
132,1377,1509,0.1388
131,1388,1519,0.1388
136,1391,1527,0.1388
134,1390,1524,0.1388
135,1375,1510,0.1388
135,1380,1515,0.1388
139,1382,1521,0.1388
136,1387,1523,0.1388
139,1384,1523,0.1388
137,1371,1508,0.1388
137,1362,1499,0.1388
134,1374,1508,0.1388
133,1383,1516,0.1388
132,1393,1525,0.1388
128,1386,1514,0.1388
124,1375,1499,0.1388
126,1387,1513,0.1388
127,1389,1516,0.1388
129,1396,1525,0.1388
131,1395,1526,0.1388
131,1383,1514,0.1388
132,1385,1517,0.1388
131,1388,1519,0.1388
132,1383,1515,0.1388
131,1371,1502,0.1388
136,1373,1509,0.1388
134,1385,1519,0.1388
131,1381,1512,0.1388
132,1389,1521,0.1388
130,1381,1511,0.1388
127,1391,1518,0.1388
122,1402,1524,0.1388
120,1405,1525,0.1388
115,1395,1510,0.1388
116,1389,1505,0.1388
120,1388,1508,0.1388
118,1385,1503,0.1388
122,1400,1522,0.1388
123,1387,1510,0.1388
122,1389,1511,0.1388
124,1381,1505,0.1388
122,1383,1505,0.1388
119,1376,1495,0.1388
118,1381,1499,0.1388
116,1398,1514,0.1388
117,1387,1504,0.1388
115,1379,1494,0.1388
115,1394,1509,0.1388
117,1391,1508,0.1388
115,1393,1508,0.1388
118,1394,1512,0.1388
118,1402,1520,0.1388
116,1389,1505,0.1388
121,1394,1515,0.1388
120,1397,1517,0.1388
123,1397,1520,0.1388
122,1389,1511,0.1388
122,1392,1514,0.1388
121,1391,1512,0.1388
116,1394,1510,0.1388
116,1397,1513,0.1388
113,1396,1509,0.1388
111,1397,1508,0.1388
109,1405,1514,0.1388
110,1402,1512,0.1388
113,1410,1523,0.1388
110,1403,1513,0.1388
106,1406,1512,0.1388
108,1398,1506,0.1388
104,1411,1515,0.1388
102,1413,1515,0.1388
103,1413,1516,0.1388
103,1414,1517,0.1388
104,1420,1524,0.1388
103,1420,1523,0.1388
102,1425,1527,0.1388
101,1419,1520,0.1388
98,1411,1509,0.1388
98,1413,1511,0.1388
100,1416,1516,0.1388
104,1409,1513,0.1388
108,1411,1519,0.1388
104,1406,1510,0.1388
106,1404,1510,0.1388
105,1415,1520,0.1388
110,1407,1517,0.1388
109,1421,1530,0.1388
108,1414,1522,0.1388
106,1408,1514,0.1388
107,1403,1510,0.1388
110,1404,1514,0.1388
104,1413,1517,0.1388
108,1419,1527,0.1388
110,1415,1525,0.1388
110,1414,1524,0.1388
109,1420,1529,0.1388
105,1404,1509,0.1388
106,1403,1509,0.1388
109,1400,1509,0.1388
110,1406,1516,0.1388
107,1404,1511,0.1388
107,1399,1506,0.1388
103,1390,1493,0.1388
102,1392,1494,0.1388
100,1399,1499,0.1388
99,1398,1497,0.1388
99,1392,1491,0.1388
105,1394,1499,0.1388
106,1394,1500,0.1388
106,1389,1495,0.1388
105,1394,1499,0.1388
105,1408,1513,0.1388
105,1414,1519,0.1388
108,1410,1518,0.1388
109,1411,1520,0.1388
110,1410,1520,0.1388
112,1399,1511,0.1388
111,1399,1510,0.1388
109,1394,1503,0.1388
106,1407,1513,0.1388
105,1420,1525,0.1388
104,1422,1526,0.1388
103,1417,1520,0.1388
108,1410,1518,0.1388
108,1409,1517,0.1388
108,1417,1525,0.1388
107,1407,1514,0.1388
106,1399,1505,0.1388
101,1400,1501,0.1388
105,1418,1523,0.1388
105,1423,1528,0.1388
102,1415,1517,0.1388
104,1427,1531,0.1388
102,1416,1518,0.1388
101,1417,1518,0.1388
101,1410,1511,0.1388
101,1407,1508,0.1388
101,1400,1501,0.1388
97,1413,1510,0.1388
99,1405,1504,0.1388
98,1402,1500,0.1388
96,1405,1501,0.1388
93,1414,1507,0.1388
95,1422,1517,0.1388
98,1432,1530,0.1388
99,1432,1531,0.1388
95,1425,1520,0.1388
96,1422,1518,0.1388
94,1416,1510,0.1388
93,1418,1511,0.1388
94,1430,1524,0.1388
93,1423,1516,0.1388
92,1416,1508,0.1388
89,1426,1515,0.1388
89,1404,1493,0.1388
91,1416,1507,0.1388
88,1425,1513,0.1388
89,1428,1517,0.1388
89,1427,1516,0.1388
87,1426,1513,0.1388
86,1423,1509,0.1388
87,1420,1507,0.1388
88,1433,1521,0.1388
84,1443,1527,0.1388
85,1430,1515,0.1388
83,1438,1521,0.1388
82,1443,1525,0.1388
80,1439,1519,0.1388
80,1450,1530,0.1388
83,1450,1533,0.1388
82,1435,1517,0.1388
80,1445,1525,0.1388
78,1440,1518,0.1388
80,1449,1529,0.1388
78,1454,1532,0.1388
78,1461,1539,0.1388
80,1438,1518,0.1388
81,1448,1529,0.1388
81,1444,1525,0.1388
77,1442,1519,0.1388
78,1431,1509,0.1388
80,1434,1514,0.1388
85,1431,1516,0.1388
87,1414,1501,0.1388
84,1425,1509,0.1388
84,1434,1518,0.1388
86,1415,1501,0.1388
87,1421,1508,0.1388
86,1417,1503,0.1388
85,1429,1514,0.1388
86,1423,1509,0.1388
87,1434,1521,0.1388
86,1444,1530,0.1388
82,1439,1521,0.1388
83,1441,1524,0.1388
86,1440,1526,0.1388
84,1430,1514,0.1388
84,1439,1523,0.1388
80,1430,1510,0.1388
85,1435,1520,0.1388
85,1434,1519,0.1388
82,1443,1525,0.1388
81,1440,1521,0.1388
79,1447,1526,0.1388
77,1448,1525,0.1388
77,1439,1516,0.1388
76,1437,1513,0.1388
75,1442,1517,0.1388
77,1445,1522,0.1388
79,1438,1517,0.1388
75,1435,1510,0.1388
78,1446,1524,0.1388
78,1447,1525,0.1388
74,1446,1520,0.1388
71,1436,1507,0.1388
71,1451,1522,0.1388
68,1445,1513,0.1388
68,1447,1515,0.1388
70,1454,1524,0.1388
71,1446,1517,0.1388
67,1447,1514,0.1388
68,1441,1509,0.1388
69,1448,1517,0.1388
69,1455,1524,0.1388
71,1445,1516,0.1388
70,1441,1511,0.1388
67,1441,1508,0.1388
63,1442,1505,0.1388
63,1446,1509,0.1388
65,1441,1506,0.1388
66,1443,1509,0.1388
64,1446,1510,0.1388
63,1453,1516,0.1388
63,1465,1528,0.1388
61,1463,1524,0.1388
62,1457,1519,0.1388
64,1449,1513,0.1388
62,1452,1514,0.1388
62,1450,1512,0.1388
64,1446,1510,0.1388
65,1446,1511,0.1388
64,1448,1512,0.1388
62,1444,1506,0.1388
60,1441,1501,0.1388
58,1449,1507,0.1388
59,1453,1512,0.1388
58,1469,1527,0.1388
60,1448,1508,0.1388
62,1439,1501,0.1388
60,1461,1521,0.1388
57,1464,1521,0.1388
58,1453,1511,0.1388
56,1459,1515,0.1388
56,1469,1525,0.1388
56,1465,1521,0.1388
57,1465,1522,0.1388
56,1454,1510,0.1388
55,1454,1509,0.1388
55,1459,1514,0.1388
56,1455,1511,0.1388
56,1461,1517,0.1388
58,1462,1520,0.1388
58,1466,1524,0.1388
59,1458,1517,0.1388
60,1450,1510,0.1388
60,1442,1502,0.1388
63,1448,1511,0.1388
65,1450,1515,0.1388
63,1444,1507,0.1388
63,1450,1513,0.1388
66,1444,1510,0.1388
65,1434,1499,0.1388
65,1443,1508,0.1388
65,1444,1509,0.1388
67,1435,1502,0.1388
66,1447,1513,0.1388
63,1450,1513,0.1388
63,1452,1515,0.1388
63,1463,1526,0.1388
62,1464,1526,0.1388
64,1464,1528,0.1388
63,1460,1523,0.1388
64,1449,1513,0.1388
63,1446,1509,0.1388
66,1451,1517,0.1388
64,1435,1499,0.1388
65,1443,1508,0.1388
65,1456,1521,0.1388
67,1455,1522,0.1388
67,1467,1534,0.1388
68,1459,1527,0.1388
69,1450,1519,0.1388
70,1453,1523,0.1388
69,1452,1521,0.1388
66,1443,1509,0.1388
66,1455,1521,0.1388
64,1454,1518,0.1388
65,1454,1519,0.1388
65,1447,1512,0.1388
65,1456,1521,0.1388
61,1454,1515,0.1388
59,1452,1511,0.1388
61,1453,1514,0.1388
60,1462,1522,0.1388
59,1464,1523,0.1388
59,1460,1519,0.1388
58,1455,1513,0.1388
54,1454,1508,0.1388
56,1462,1518,0.1388
56,1463,1519,0.1388
56,1464,1520,0.1388
55,1477,1532,0.1388
55,1474,1529,0.1388
52,1474,1526,0.1388
53,1467,1520,0.1388
55,1467,1522,0.1388
54,1477,1531,0.1388
50,1473,1523,0.1388
49,1452,1501,0.1388
50,1457,1507,0.1388
52,1451,1503,0.1388
52,1451,1503,0.1388
52,1459,1511,0.1388
53,1473,1526,0.1388
53,1458,1511,0.1388
52,1466,1518,0.1388
50,1458,1508,0.1388
51,1457,1508,0.1388
51,1455,1506,0.1388
52,1454,1506,0.1388
51,1464,1515,0.1388
49,1457,1506,0.1388
49,1471,1520,0.1388
47,1459,1506,0.1388
50,1466,1516,0.1388
49,1472,1521,0.1388
49,1478,1527,0.1388
50,1480,1530,0.1388
51,1474,1525,0.1388
49,1468,1517,0.1388
48,1467,1515,0.1388
46,1461,1507,0.1388
46,1480,1526,0.1388
45,1489,1534,0.1388
46,1485,1531,0.1388
47,1486,1533,0.1388
47,1488,1535,0.1388
47,1498,1545,0.1388
45,1485,1530,0.1388
44,1466,1510,0.1388
45,1478,1523,0.1388
45,1475,1520,0.1388
42,1480,1522,0.1388
42,1478,1520,0.1388
42,1477,1519,0.1388
43,1466,1509,0.1388
44,1473,1517,0.1388
43,1467,1510,0.1388
43,1478,1521,0.1388
42,1474,1516,0.1388
45,1479,1524,0.1388
45,1483,1528,0.1388
44,1478,1522,0.1388
45,1474,1519,0.1388
41,1479,1520,0.1388
40,1480,1520,0.1388
42,1474,1516,0.1388
41,1465,1506,0.1388
40,1460,1500,0.1388
39,1465,1504,0.1388
39,1456,1495,0.1388
40,1463,1503,0.1388
41,1470,1511,0.1388
41,1472,1513,0.1388
41,1463,1504,0.1388
40,1477,1517,0.1388
39,1470,1509,0.1388
40,1457,1497,0.1388
39,1477,1516,0.1388
38,1497,1535,0.1388
38,1481,1519,0.1388
37,1484,1521,0.1388
39,1477,1516,0.1388
39,1477,1516,0.1388
38,1460,1498,0.1388
38,1470,1508,0.1388
34,1473,1507,0.1388
33,1470,1503,0.1388
29,1478,1507,0.1388
30,1489,1519,0.1388
30,1496,1526,0.1388
29,1488,1517,0.1388
29,1495,1524,0.1388
34,1497,1531,0.1388
33,1492,1525,0.1388
30,1478,1508,0.1388
30,1482,1512,0.1388
32,1474,1506,0.1388
31,1460,1491,0.1388
29,1474,1503,0.1388
29,1472,1501,0.1388
28,1465,1493,0.1388
30,1461,1491,0.1388
27,1480,1507,0.1388
26,1488,1514,0.1388
25,1483,1508,0.1388
24,1481,1505,0.1388
23,1472,1495,0.1388
25,1481,1506,0.1388
25,1481,1506,0.1388
25,1494,1519,0.1388
24,1496,1520,0.1388
24,1482,1506,0.1388
24,1486,1510,0.1388
25,1510,1535,0.1388
25,1500,1525,0.1388
25,1505,1530,0.1388
25,1489,1514,0.1388
26,1500,1526,0.1388
27,1497,1524,0.1388
27,1501,1528,0.1388
28,1491,1519,0.1388
27,1496,1523,0.1388
25,1492,1517,0.1388
26,1487,1513,0.1388
27,1471,1498,0.1388
26,1473,1499,0.1388
25,1478,1503,0.1388
25,1483,1508,0.1388
24,1496,1520,0.1388
22,1507,1529,0.1388
23,1507,1530,0.1388
25,1501,1526,0.1388
26,1502,1528,0.1388
25,1503,1528,0.1388
24,1488,1512,0.1388
23,1485,1508,0.1388
23,1492,1515,0.1388
23,1485,1508,0.1388
22,1479,1501,0.1388
21,1490,1511,0.1388
21,1494,1515,0.1388
21,1509,1530,0.1388
21,1496,1517,0.1388
22,1488,1510,0.1388
23,1492,1515,0.1388
24,1491,1515,0.1388
23,1498,1521,0.1388
21,1484,1505,0.1388
21,1494,1515,0.1388
23,1494,1517,0.1388
22,1506,1528,0.1388
21,1512,1533,0.1388
22,1514,1536,0.1388
22,1500,1522,0.1388
22,1492,1514,0.1388
19,1518,1537,0.1388
19,1505,1524,0.1388
18,1492,1510,0.1388
18,1488,1506,0.1388
18,1493,1511,0.1388
18,1504,1522,0.1388
18,1505,1523,0.1388
18,1495,1513,0.1388
17,1479,1496,0.1388
18,1495,1513,0.1388
18,1502,1520,0.1388
18,1498,1516,0.1388
19,1503,1522,0.1388
18,1513,1531,0.1388
19,1505,1524,0.1388
20,1500,1520,0.1388
21,1494,1515,0.1388
21,1510,1531,0.1388
22,1503,1525,0.1388
22,1505,1527,0.1388
23,1506,1529,0.1388
21,1507,1528,0.1388
21,1511,1532,0.1388
20,1514,1534,0.1388
20,1507,1527,0.1388
19,1512,1531,0.1388
18,1516,1534,0.1388
17,1507,1524,0.1388
17,1514,1531,0.1388
18,1511,1529,0.1388
18,1507,1525,0.1388
18,1501,1519,0.1388
19,1498,1517,0.1388
19,1492,1511,0.1388
18,1495,1513,0.1388
18,1508,1526,0.1388
19,1505,1524,0.1388
20,1501,1521,0.1388
20,1501,1521,0.1388
20,1501,1521,0.1388
18,1500,1518,0.1388
18,1497,1515,0.1388
17,1496,1513,0.1388
17,1495,1512,0.1388
18,1494,1512,0.1388
19,1487,1506,0.1388
18,1490,1508,0.1388
17,1492,1509,0.1388
17,1500,1517,0.1388
17,1498,1515,0.1388
19,1494,1513,0.1388
19,1502,1521,0.1388
19,1498,1517,0.1388
17,1510,1527,0.1388
16,1503,1519,0.1388
16,1497,1513,0.1388
16,1493,1509,0.1388
18,1504,1522,0.1388
18,1496,1514,0.1388
18,1493,1511,0.1388
17,1499,1516,0.1388
17,1506,1523,0.1388
17,1498,1515,0.1388
16,1506,1522,0.1388
16,1514,1530,0.1388
16,1518,1534,0.1388
15,1514,1529,0.1388
15,1503,1518,0.1388
15,1507,1522,0.1388
15,1510,1525,0.1388
14,1501,1515,0.1388
14,1492,1506,0.1388
13,1500,1513,0.1388
14,1509,1523,0.1388
14,1514,1528,0.1388
13,1513,1526,0.1388
13,1506,1519,0.1388
15,1512,1527,0.1388
16,1501,1517,0.1388
16,1496,1512,0.1388
17,1511,1528,0.1388
18,1514,1532,0.1388
18,1504,1522,0.1388
17,1500,1517,0.1388
17,1492,1509,0.1388
17,1504,1521,0.1388
17,1510,1527,0.1388
17,1504,1521,0.1388
16,1493,1509,0.1388
17,1498,1515,0.1388
17,1497,1514,0.1388
17,1491,1508,0.1388
17,1494,1511,0.1388
16,1491,1507,0.1388
16,1490,1506,0.1388
16,1495,1511,0.1388
16,1492,1508,0.1388
18,1503,1521,0.1388
17,1504,1521,0.1388
17,1508,1525,0.1388
17,1496,1513,0.1388
17,1498,1515,0.1388
17,1486,1503,0.1388
17,1484,1501,0.1388
16,1479,1495,0.1388
16,1475,1491,0.1388
16,1471,1487,0.1388
16,1479,1495,0.1388
16,1487,1503,0.1388
16,1498,1514,0.1388
15,1493,1508,0.1388
14,1506,1520,0.1388
14,1499,1513,0.1388
13,1515,1528,0.1388
14,1508,1522,0.1388
14,1502,1516,0.1388
14,1499,1513,0.1388
13,1501,1514,0.1388
14,1501,1515,0.1388
13,1507,1520,0.1388
13,1506,1519,0.1388
14,1506,1520,0.1388
13,1501,1514,0.1388
13,1492,1505,0.1388
13,1499,1512,0.1388
12,1498,1510,0.1388
10,1497,1507,0.1388
9,1508,1517,0.1388
8,1505,1513,0.1388
7,1511,1518,0.1388
8,1513,1521,0.1388
7,1520,1527,0.1388
8,1524,1532,0.1388
8,1514,1522,0.1388
8,1513,1521,0.1388
8,1512,1520,0.1388
8,1519,1527,0.1388
8,1516,1524,0.1388
9,1505,1514,0.1388
9,1499,1508,0.1388
9,1505,1514,0.1388
9,1507,1516,0.1388
9,1503,1512,0.1388
9,1505,1514,0.1388
9,1505,1514,0.1388
9,1508,1517,0.1388
9,1511,1520,0.1388
9,1514,1523,0.1388
9,1513,1522,0.1388
8,1505,1513,0.1388
8,1511,1519,0.1388
8,1506,1514,0.1388
8,1506,1514,0.1388
8,1503,1511,0.1388
8,1494,1502,0.1388
6,1493,1499,0.1388
6,1490,1496,0.1388
6,1491,1497,0.1388
6,1513,1519,0.1388
6,1515,1521,0.1388
6,1519,1525,0.1388
7,1526,1533,0.1388
7,1521,1528,0.1388
7,1507,1514,0.1388
6,1511,1517,0.1388
6,1513,1519,0.1388
6,1513,1519,0.1388
6,1521,1527,0.1388
6,1501,1507,0.1388
6,1512,1518,0.1388
6,1514,1520,0.1388
6,1498,1504,0.1388
6,1507,1513,0.1388
4,1506,1510,0.1388
4,1520,1524,0.1388
4,1513,1517,0.1388
2,1514,1516,0.1388
2,1512,1514,0.1388
3,1490,1493,0.1388
3,1507,1510,0.1388
3,1526,1529,0.1388
3,1523,1526,0.1388
3,1517,1520,0.1388
3,1516,1519,0.1388
3,1510,1513,0.1388
3,1512,1515,0.1388
2,1508,1510,0.1388
2,1525,1527,0.1388
2,1515,1517,0.1388
2,1508,1510,0.1388
2,1507,1509,0.1388
2,1504,1506,0.1388
2,1504,1506,0.1388
2,1505,1507,0.1388
2,1505,1507,0.1388
2,1502,1504,0.1388
2,1508,1510,0.1388
2,1506,1508,0.1388
2,1507,1509,0.1388
2,1508,1510,0.1388
1,1504,1505,0.1388
1,1507,1508,0.1388
1,1518,1519,0.1388
1,1514,1515,0.1388
1,1497,1498,0.1388
1,1508,1509,0.1388
1,1511,1512,0.1388
1,1523,1524,0.1388
1,1526,1527,0.1388
1,1514,1515,0.1388
1,1511,1512,0.1388
1,1513,1514,0.1388
1,1514,1515,0.1388
1,1509,1510,0.1388
1,1506,1507,0.1388
1,1499,1500,0.1388
1,1500,1501,0.1388
1,1510,1511,0.1388
1,1516,1517,0.1388
1,1506,1507,0.1388
1,1501,1502,0.1388
1,1509,1510,0.1388
0,1511,1511,0.1388
