1364,30,1394,0.1388
1407,27,1434,0.1388
1434,26,1460,0.1388
1439,25,1464,0.1388
1451,27,1478,0.1388
1452,29,1481,0.1388
1466,29,1495,0.1388
1457,28,1485,0.1388
1447,26,1473,0.1388
1455,28,1483,0.1388
1446,27,1473,0.1388
1436,27,1463,0.1388
1440,27,1467,0.1388
1451,27,1478,0.1388
1451,26,1477,0.1388
1452,25,1477,0.1388
1448,25,1473,0.1388
1451,24,1475,0.1388
1449,25,1474,0.1388
1468,25,1493,0.1388
1463,25,1488,0.1388
1462,25,1487,0.1388
1457,24,1481,0.1388
1452,28,1480,0.1388
1465,26,1491,0.1388
1468,26,1494,0.1388
1454,26,1480,0.1388
1462,26,1488,0.1388
1467,25,1492,0.1388
1472,25,1497,0.1388
1462,25,1487,0.1388
1465,25,1490,0.1388
1475,26,1501,0.1388
1471,27,1498,0.1388
1466,29,1495,0.1388
1464,30,1494,0.1388
1480,31,1511,0.1388
1471,31,1502,0.1388
1455,32,1487,0.1388
1448,34,1482,0.1388
1448,36,1484,0.1388
1449,36,1485,0.1388
1452,37,1489,0.1388
1456,38,1494,0.1388
1456,40,1496,0.1388
1466,39,1505,0.1388
1466,37,1503,0.1388
1467,39,1506,0.1388
1469,41,1510,0.1388
1467,42,1509,0.1388
1459,39,1498,0.1388
1456,40,1496,0.1388
1451,37,1488,0.1388
1458,36,1494,0.1388
1448,36,1484,0.1388
1440,37,1477,0.1388
1442,38,1480,0.1388
1432,36,1468,0.1388
1429,35,1464,0.1388
1435,36,1471,0.1388
1439,37,1476,0.1388
1451,36,1487,0.1388
1441,34,1475,0.1388
1444,33,1477,0.1388
1452,34,1486,0.1388
1452,32,1484,0.1388
1452,31,1483,0.1388
1447,30,1477,0.1388
1449,31,1480,0.1388
1449,32,1481,0.1388
1455,33,1488,0.1388
1452,35,1487,0.1388
1461,35,1496,0.1388
1467,34,1501,0.1388
1458,35,1493,0.1388
1456,35,1491,0.1388
1459,34,1493,0.1388
1460,36,1496,0.1388
1463,36,1499,0.1388
1462,33,1495,0.1388
1473,32,1505,0.1388
1464,34,1498,0.1388
1462,33,1495,0.1388
1461,35,1496,0.1388
1452,33,1485,0.1388
1457,33,1490,0.1388
1468,29,1497,0.1388
1459,30,1489,0.1388
1476,29,1505,0.1388
1470,28,1498,0.1388
1474,29,1503,0.1388
1487,29,1516,0.1388
1474,28,1502,0.1388
1477,31,1508,0.1388
1473,33,1506,0.1388
1478,34,1512,0.1388
1470,34,1504,0.1388
1475,35,1510,0.1388
1471,34,1505,0.1388
1468,34,1502,0.1388
1470,34,1504,0.1388
1453,37,1490,0.1388
1449,40,1489,0.1388
1455,41,1496,0.1388
1445,40,1485,0.1388
1447,38,1485,0.1388
1440,37,1477,0.1388
1453,38,1491,0.1388
1448,38,1486,0.1388
1464,34,1498,0.1388
1467,37,1504,0.1388
1470,39,1509,0.1388
1476,36,1512,0.1388
1471,35,1506,0.1388
1469,35,1504,0.1388
1469,36,1505,0.1388
1472,32,1504,0.1388
1464,35,1499,0.1388
1465,36,1501,0.1388
1452,37,1489,0.1388
1470,36,1506,0.1388
1455,38,1493,0.1388
1450,39,1489,0.1388
1461,38,1499,0.1388
1448,37,1485,0.1388
1441,38,1479,0.1388
1442,38,1480,0.1388
1456,37,1493,0.1388
1463,36,1499,0.1388
1450,35,1485,0.1388
1469,37,1506,0.1388
1465,38,1503,0.1388
1469,38,1507,0.1388
1473,38,1511,0.1388
1467,37,1504,0.1388
1462,37,1499,0.1388
1458,41,1499,0.1388
1474,40,1514,0.1388
1472,38,1510,0.1388
1465,37,1502,0.1388
1459,36,1495,0.1388
1445,39,1484,0.1388
1437,39,1476,0.1388
1437,38,1475,0.1388
1442,38,1480,0.1388
1445,38,1483,0.1388
1441,39,1480,0.1388
1431,40,1471,0.1388
1442,43,1485,0.1388
1449,44,1493,0.1388
1465,44,1509,0.1388
1461,44,1505,0.1388
1458,43,1501,0.1388
1454,45,1499,0.1388
1450,45,1495,0.1388
1456,45,1501,0.1388
1450,44,1494,0.1388
1449,44,1493,0.1388
1445,45,1490,0.1388
1449,48,1497,0.1388
1434,48,1482,0.1388
1432,49,1481,0.1388
1440,52,1492,0.1388
1441,52,1493,0.1388
1445,51,1496,0.1388
1436,52,1488,0.1388
1434,51,1485,0.1388
1440,49,1489,0.1388
1454,48,1502,0.1388
1448,50,1498,0.1388
1449,52,1501,0.1388
1439,52,1491,0.1388
1437,52,1489,0.1388
1437,53,1490,0.1388
1440,53,1493,0.1388
1420,53,1473,0.1388
1411,53,1464,0.1388
1423,54,1477,0.1388
1432,55,1487,0.1388
1441,54,1495,0.1388
1431,53,1484,0.1388
1442,54,1496,0.1388
1431,52,1483,0.1388
1444,50,1494,0.1388
1447,53,1500,0.1388
1446,54,1500,0.1388
1446,53,1499,0.1388
1448,55,1503,0.1388
1457,52,1509,0.1388
1458,54,1512,0.1388
1452,55,1507,0.1388
1455,55,1510,0.1388
1454,54,1508,0.1388
1438,54,1492,0.1388
1448,54,1502,0.1388
1453,55,1508,0.1388
1448,57,1505,0.1388
1439,56,1495,0.1388
1435,56,1491,0.1388
1445,56,1501,0.1388
1429,57,1486,0.1388
1432,59,1491,0.1388
1413,58,1471,0.1388
1416,58,1474,0.1388
1421,50,1471,0.1388
1423,50,1473,0.1388
1425,54,1479,0.1388
1417,57,1474,0.1388
1432,55,1487,0.1388
1441,54,1495,0.1388
1441,54,1495,0.1388
1432,52,1484,0.1388
1420,54,1474,0.1388
1415,54,1469,0.1388
1428,56,1484,0.1388
1427,56,1483,0.1388
1427,54,1481,0.1388
1443,54,1497,0.1388
1435,54,1489,0.1388
1440,51,1491,0.1388
1444,52,1496,0.1388
1455,52,1507,0.1388
1451,51,1502,0.1388
1458,53,1511,0.1388
1463,53,1516,0.1388
1447,56,1503,0.1388
1448,56,1504,0.1388
1441,55,1496,0.1388
1445,57,1502,0.1388
1432,58,1490,0.1388
1441,58,1499,0.1388
1435,58,1493,0.1388
1430,56,1486,0.1388
1431,55,1486,0.1388
1437,57,1494,0.1388
1437,57,1494,0.1388
1448,60,1508,0.1388
1454,63,1517,0.1388
1441,61,1502,0.1388
1452,58,1510,0.1388
1446,61,1507,0.1388
1443,59,1502,0.1388
1438,62,1500,0.1388
1435,63,1498,0.1388
1434,62,1496,0.1388
1440,62,1502,0.1388
1430,59,1489,0.1388
1426,58,1484,0.1388
1417,59,1476,0.1388
1427,64,1491,0.1388
1427,67,1494,0.1388
1422,65,1487,0.1388
1436,67,1503,0.1388
1441,68,1509,0.1388
1450,66,1516,0.1388
1446,64,1510,0.1388
1434,68,1502,0.1388
1428,69,1497,0.1388
1429,69,1498,0.1388
1433,69,1502,0.1388
1423,71,1494,0.1388
1421,70,1491,0.1388
1418,72,1490,0.1388
1419,73,1492,0.1388
1414,73,1487,0.1388
1424,73,1497,0.1388
1429,75,1504,0.1388
1407,77,1484,0.1388
1405,75,1480,0.1388
1406,75,1481,0.1388
1402,76,1478,0.1388
1396,76,1472,0.1388
1420,79,1499,0.1388
1424,80,1504,0.1388
1427,80,1507,0.1388
1415,81,1496,0.1388
1421,79,1500,0.1388
1419,81,1500,0.1388
1413,81,1494,0.1388
1412,82,1494,0.1388
1418,83,1501,0.1388
1427,85,1512,0.1388
1407,82,1489,0.1388
1418,79,1497,0.1388
1408,76,1484,0.1388
1415,78,1493,0.1388
1400,77,1477,0.1388
1399,79,1478,0.1388
1407,82,1489,0.1388
1418,82,1500,0.1388
1424,81,1505,0.1388
1419,82,1501,0.1388
1402,82,1484,0.1388
1410,82,1492,0.1388
1414,83,1497,0.1388
1417,86,1503,0.1388
1416,87,1503,0.1388
1409,87,1496,0.1388
1402,91,1493,0.1388
1393,91,1484,0.1388
1385,95,1480,0.1388
1385,97,1482,0.1388
1384,98,1482,0.1388
1383,97,1480,0.1388
1388,98,1486,0.1388
1391,102,1493,0.1388
1393,101,1494,0.1388
1399,100,1499,0.1388
1399,98,1497,0.1388
1390,100,1490,0.1388
1377,102,1479,0.1388
1386,103,1489,0.1388
1395,102,1497,0.1388
1389,106,1495,0.1388
1392,108,1500,0.1388
1395,109,1504,0.1388
1399,107,1506,0.1388
1389,104,1493,0.1388
1391,104,1495,0.1388
1384,105,1489,0.1388
1384,105,1489,0.1388
1385,108,1493,0.1388
1387,108,1495,0.1388
1387,109,1496,0.1388
1400,113,1513,0.1388
1397,115,1512,0.1388
1387,113,1500,0.1388
1383,110,1493,0.1388
1385,112,1497,0.1388
1393,112,1505,0.1388
1392,108,1500,0.1388
1380,107,1487,0.1388
1384,110,1494,0.1388
1383,110,1493,0.1388
1380,114,1494,0.1388
1395,112,1507,0.1388
1389,113,1502,0.1388
1384,111,1495,0.1388
1373,109,1482,0.1388
1367,110,1477,0.1388
1380,106,1486,0.1388
1387,106,1493,0.1388
1386,108,1494,0.1388
1394,110,1504,0.1388
1385,107,1492,0.1388
1386,106,1492,0.1388
1397,105,1502,0.1388
1398,103,1501,0.1388
1387,109,1496,0.1388
1400,110,1510,0.1388
1394,112,1506,0.1388
1386,109,1495,0.1388
1395,107,1502,0.1388
1400,105,1505,0.1388
1398,105,1503,0.1388
1411,108,1519,0.1388
1399,109,1508,0.1388
1401,109,1510,0.1388
1400,107,1507,0.1388
1397,105,1502,0.1388
1393,108,1501,0.1388
1390,102,1492,0.1388
1383,98,1481,0.1388
1373,100,1473,0.1388
1374,102,1476,0.1388
1381,102,1483,0.1388
1393,103,1496,0.1388
1398,104,1502,0.1388
1391,103,1494,0.1388
1391,101,1492,0.1388
1384,102,1486,0.1388
1387,101,1488,0.1388
1384,98,1482,0.1388
1377,102,1479,0.1388
1380,106,1486,0.1388
1385,111,1496,0.1388
1390,114,1504,0.1388
1396,111,1507,0.1388
1390,109,1499,0.1388
1376,108,1484,0.1388
1388,113,1501,0.1388
1383,111,1494,0.1388
1370,116,1486,0.1388
1379,117,1496,0.1388
1374,117,1491,0.1388
1376,121,1497,0.1388
1374,121,1495,0.1388
1384,121,1505,0.1388
1372,124,1496,0.1388
1368,128,1496,0.1388
1360,125,1485,0.1388
1363,131,1494,0.1388
1356,129,1485,0.1388
1362,131,1493,0.1388
1365,136,1501,0.1388
1380,136,1516,0.1388
1380,135,1515,0.1388
1371,135,1506,0.1388
1371,134,1505,0.1388
1364,135,1499,0.1388
1352,135,1487,0.1388
1364,138,1502,0.1388
1361,137,1498,0.1388
1360,139,1499,0.1388
1344,142,1486,0.1388
1351,149,1500,0.1388
1368,150,1518,0.1388
1365,150,1515,0.1388
1369,148,1517,0.1388
1371,148,1519,0.1388
1361,147,1508,0.1388
1352,146,1498,0.1388
1347,148,1495,0.1388
1360,149,1509,0.1388
1359,149,1508,0.1388
1362,142,1504,0.1388
1360,140,1500,0.1388
1360,149,1509,0.1388
1364,147,1511,0.1388
1360,151,1511,0.1388
1357,148,1505,0.1388
1352,152,1504,0.1388
1346,148,1494,0.1388
1345,151,1496,0.1388
1349,152,1501,0.1388
1326,150,1476,0.1388
1337,154,1491,0.1388
1332,153,1485,0.1388
1341,153,1494,0.1388
1340,152,1492,0.1388
1353,156,1509,0.1388
1344,157,1501,0.1388
1343,158,1501,0.1388
1331,159,1490,0.1388
1334,161,1495,0.1388
1337,161,1498,0.1388
1336,161,1497,0.1388
1334,161,1495,0.1388
1339,158,1497,0.1388
1336,160,1496,0.1388
1348,162,1510,0.1388
1352,159,1511,0.1388
1357,156,1513,0.1388
1340,153,1493,0.1388
1341,149,1490,0.1388
1344,152,1496,0.1388
1339,150,1489,0.1388
1325,149,1474,0.1388
1315,149,1464,0.1388
1328,146,1474,0.1388
1336,147,1483,0.1388
1350,148,1498,0.1388
1362,147,1509,0.1388
1360,150,1510,0.1388
1348,150,1498,0.1388
1343,154,1497,0.1388
1331,152,1483,0.1388
1319,160,1479,0.1388
1324,158,1482,0.1388
1326,158,1484,0.1388
1331,163,1494,0.1388
1337,162,1499,0.1388
1340,164,1504,0.1388
1336,160,1496,0.1388
1336,166,1502,0.1388
1337,166,1503,0.1388
1335,172,1507,0.1388
1343,170,1513,0.1388
1341,172,1513,0.1388
1325,169,1494,0.1388
1334,168,1502,0.1388
1318,169,1487,0.1388
1317,176,1493,0.1388
1330,175,1505,0.1388
1330,173,1503,0.1388
1328,171,1499,0.1388
1327,172,1499,0.1388
1316,178,1494,0.1388
1314,177,1491,0.1388
1309,178,1487,0.1388
1320,176,1496,0.1388
1327,174,1501,0.1388
1325,178,1503,0.1388
1320,183,1503,0.1388
1318,185,1503,0.1388
1310,185,1495,0.1388
1310,191,1501,0.1388
1310,191,1501,0.1388
1300,191,1491,0.1388
1296,194,1490,0.1388
1300,196,1496,0.1388
1301,196,1497,0.1388
1296,192,1488,0.1388
1284,194,1478,0.1388
1294,197,1491,0.1388
1292,193,1485,0.1388
1306,189,1495,0.1388
1315,193,1508,0.1388
1316,191,1507,0.1388
1304,194,1498,0.1388
1303,194,1497,0.1388
1288,194,1482,0.1388
1290,197,1487,0.1388
1283,198,1481,0.1388
1283,197,1480,0.1388
1287,199,1486,0.1388
1284,198,1482,0.1388
1285,205,1490,0.1388
1293,207,1500,0.1388
1296,204,1500,0.1388
1298,206,1504,0.1388
1298,206,1504,0.1388
1288,210,1498,0.1388
1280,213,1493,0.1388
1273,213,1486,0.1388
1265,212,1477,0.1388
1279,218,1497,0.1388
1272,218,1490,0.1388
1273,215,1488,0.1388
1280,214,1494,0.1388
1279,216,1495,0.1388
1274,215,1489,0.1388
1272,213,1485,0.1388
1279,207,1486,0.1388
1279,213,1492,0.1388
1291,215,1506,0.1388
1277,220,1497,0.1388
1272,222,1494,0.1388
1280,223,1503,0.1388
1273,225,1498,0.1388
1273,224,1497,0.1388
1283,225,1508,0.1388
1273,222,1495,0.1388
1273,218,1491,0.1388
1279,223,1502,0.1388
1281,229,1510,0.1388
1270,236,1506,0.1388
1256,237,1493,0.1388
1261,235,1496,0.1388
1251,239,1490,0.1388
1261,241,1502,0.1388
1257,238,1495,0.1388
1267,234,1501,0.1388
1276,237,1513,0.1388
1261,238,1499,0.1388
1253,243,1496,0.1388
1257,244,1501,0.1388
1262,246,1508,0.1388
1259,247,1506,0.1388
1269,248,1517,0.1388
1250,247,1497,0.1388
1254,248,1502,0.1388
1271,244,1515,0.1388
1255,242,1497,0.1388
1260,250,1510,0.1388
1267,248,1515,0.1388
1270,250,1520,0.1388
1266,247,1513,0.1388
1262,248,1510,0.1388
1245,249,1494,0.1388
1234,250,1484,0.1388
1241,249,1490,0.1388
1236,249,1485,0.1388
1248,250,1498,0.1388
1240,243,1483,0.1388
1256,244,1500,0.1388
1252,240,1492,0.1388
1258,239,1497,0.1388
1252,235,1487,0.1388
1251,238,1489,0.1388
1264,235,1499,0.1388
1268,232,1500,0.1388
1276,229,1505,0.1388
1273,224,1497,0.1388
1260,226,1486,0.1388
1281,222,1503,0.1388
1278,226,1504,0.1388
1271,225,1496,0.1388
1267,229,1496,0.1388
1263,232,1495,0.1388
1263,235,1498,0.1388
1268,240,1508,0.1388
1254,239,1493,0.1388
1262,240,1502,0.1388
1261,238,1499,0.1388
1244,239,1483,0.1388
1234,232,1466,0.1388
1242,233,1475,0.1388
1245,239,1484,0.1388
1247,248,1495,0.1388
1249,255,1504,0.1388
1245,257,1502,0.1388
1246,256,1502,0.1388
1245,250,1495,0.1388
1254,245,1499,0.1388
1247,243,1490,0.1388
1251,247,1498,0.1388
1241,255,1496,0.1388
1240,257,1497,0.1388
1239,259,1498,0.1388
1239,259,1498,0.1388
1231,257,1488,0.1388
1227,259,1486,0.1388
1232,255,1487,0.1388
1237,251,1488,0.1388
1237,244,1481,0.1388
1237,252,1489,0.1388
1236,254,1490,0.1388
1234,256,1490,0.1388
1231,258,1489,0.1388
1232,253,1485,0.1388
1233,260,1493,0.1388
1226,262,1488,0.1388
1236,258,1494,0.1388
1240,259,1499,0.1388
1231,265,1496,0.1388
1234,262,1496,0.1388
1238,263,1501,0.1388
1223,256,1479,0.1388
1214,255,1469,0.1388
1223,263,1486,0.1388
1223,262,1485,0.1388
1224,263,1487,0.1388
1221,266,1487,0.1388
1227,263,1490,0.1388
1236,260,1496,0.1388
1228,262,1490,0.1388
1237,261,1498,0.1388
1224,266,1490,0.1388
1231,267,1498,0.1388
1219,270,1489,0.1388
1204,270,1474,0.1388
1208,270,1478,0.1388
1211,265,1476,0.1388
1205,268,1473,0.1388
1221,270,1491,0.1388
1226,272,1498,0.1388
1226,283,1509,0.1388
1217,287,1504,0.1388
1225,283,1508,0.1388
1215,286,1501,0.1388
1205,285,1490,0.1388
1199,283,1482,0.1388
1206,284,1490,0.1388
1219,288,1507,0.1388
1219,292,1511,0.1388
1195,288,1483,0.1388
1212,292,1504,0.1388
1212,297,1509,0.1388
1210,297,1507,0.1388
1219,297,1516,0.1388
1202,304,1506,0.1388
1201,309,1510,0.1388
1203,310,1513,0.1388
1194,305,1499,0.1388
1201,303,1504,0.1388
1196,305,1501,0.1388
1195,298,1493,0.1388
1187,294,1481,0.1388
1187,293,1480,0.1388
1194,294,1488,0.1388
1192,290,1482,0.1388
1205,287,1492,0.1388
1203,287,1490,0.1388
1207,290,1497,0.1388
1215,301,1516,0.1388
1207,296,1503,0.1388
1203,298,1501,0.1388
1202,299,1501,0.1388
1203,308,1511,0.1388
1199,306,1505,0.1388
1194,306,1500,0.1388
1189,303,1492,0.1388
1199,306,1505,0.1388
1194,309,1503,0.1388
1177,310,1487,0.1388
1185,318,1503,0.1388
1182,317,1499,0.1388
1189,314,1503,0.1388
1189,313,1502,0.1388
1196,311,1507,0.1388
1200,314,1514,0.1388
1206,321,1527,0.1388
1189,317,1506,0.1388
1191,318,1509,0.1388
1192,314,1506,0.1388
1191,313,1504,0.1388
1177,312,1489,0.1388
1171,314,1485,0.1388
1177,317,1494,0.1388
1183,313,1496,0.1388
1182,309,1491,0.1388
1177,310,1487,0.1388
1188,316,1504,0.1388
1178,317,1495,0.1388
1182,314,1496,0.1388
1177,317,1494,0.1388
1178,321,1499,0.1388
1194,319,1513,0.1388
1183,317,1500,0.1388
1175,321,1496,0.1388
1169,317,1486,0.1388
1172,320,1492,0.1388
1177,317,1494,0.1388
1163,318,1481,0.1388
1172,317,1489,0.1388
1165,319,1484,0.1388
1172,322,1494,0.1388
1166,321,1487,0.1388
1156,326,1482,0.1388
1161,328,1489,0.1388
1156,330,1486,0.1388
1155,327,1482,0.1388
1161,333,1494,0.1388
1154,335,1489,0.1388
1155,335,1490,0.1388
1155,345,1500,0.1388
1164,344,1508,0.1388
1156,343,1499,0.1388
1162,344,1506,0.1388
1164,343,1507,0.1388
1160,344,1504,0.1388
1144,344,1488,0.1388
1147,341,1488,0.1388
1145,347,1492,0.1388
1149,355,1504,0.1388
1153,356,1509,0.1388
1149,352,1501,0.1388
1137,354,1491,0.1388
1141,353,1494,0.1388
1138,361,1499,0.1388
1121,364,1485,0.1388
1128,366,1494,0.1388
1131,365,1496,0.1388
1135,365,1500,0.1388
1144,366,1510,0.1388
1141,369,1510,0.1388
1129,371,1500,0.1388
1138,370,1508,0.1388
1142,373,1515,0.1388
1144,377,1521,0.1388
1125,377,1502,0.1388
1118,376,1494,0.1388
1122,375,1497,0.1388
1116,371,1487,0.1388
1122,373,1495,0.1388
1124,375,1499,0.1388
1120,379,1499,0.1388
1129,377,1506,0.1388
1115,375,1490,0.1388
1116,378,1494,0.1388
1122,378,1500,0.1388
1127,383,1510,0.1388
1121,379,1500,0.1388
1111,385,1496,0.1388
1117,385,1502,0.1388
1118,379,1497,0.1388
1114,383,1497,0.1388
1114,383,1497,0.1388
1111,386,1497,0.1388
1114,391,1505,0.1388
1123,383,1506,0.1388
1118,379,1497,0.1388
1119,374,1493,0.1388
1104,376,1480,0.1388
1104,384,1488,0.1388
1115,385,1500,0.1388
1111,390,1501,0.1388
1111,383,1494,0.1388
1105,393,1498,0.1388
1104,383,1487,0.1388
1117,385,1502,0.1388
1112,390,1502,0.1388
1113,392,1505,0.1388
1116,392,1508,0.1388
1124,390,1514,0.1388
1117,391,1508,0.1388
1122,396,1518,0.1388
1113,397,1510,0.1388
1104,398,1502,0.1388
1109,405,1514,0.1388
1097,400,1497,0.1388
1089,402,1491,0.1388
1092,408,1500,0.1388
1093,403,1496,0.1388
1072,406,1478,0.1388
1085,404,1489,0.1388
1083,407,1490,0.1388
1083,406,1489,0.1388
1090,407,1497,0.1388
1083,409,1492,0.1388
1084,415,1499,0.1388
1081,417,1498,0.1388
1072,417,1489,0.1388
1080,417,1497,0.1388
1074,423,1497,0.1388
1075,423,1498,0.1388
1071,421,1492,0.1388
1080,422,1502,0.1388
1076,415,1491,0.1388
1079,419,1498,0.1388
1079,418,1497,0.1388
1073,411,1484,0.1388
1077,418,1495,0.1388
1073,423,1496,0.1388
1077,429,1506,0.1388
1069,428,1497,0.1388
1072,429,1501,0.1388
1070,433,1503,0.1388
1067,431,1498,0.1388
1069,427,1496,0.1388
1066,431,1497,0.1388
1071,434,1505,0.1388
1069,432,1501,0.1388
1073,435,1508,0.1388
1064,432,1496,0.1388
1069,436,1505,0.1388
1059,440,1499,0.1388
1058,441,1499,0.1388
1055,445,1500,0.1388
1052,446,1498,0.1388
1052,441,1493,0.1388
1049,455,1504,0.1388
1050,447,1497,0.1388
1031,442,1473,0.1388
1034,449,1483,0.1388
1045,444,1489,0.1388
1056,453,1509,0.1388
1053,452,1505,0.1388
1049,449,1498,0.1388
1044,456,1500,0.1388
1036,458,1494,0.1388
1028,462,1490,0.1388
1021,469,1490,0.1388
1019,476,1495,0.1388
1019,476,1495,0.1388
1013,476,1489,0.1388
1019,474,1493,0.1388
1021,474,1495,0.1388
1025,481,1506,0.1388
1021,477,1498,0.1388
999,480,1479,0.1388
1009,483,1492,0.1388
1014,480,1494,0.1388
1012,475,1487,0.1388
1021,476,1497,0.1388
1012,489,1501,0.1388
1018,490,1508,0.1388
1020,483,1503,0.1388
1014,475,1489,0.1388
1015,470,1485,0.1388
1007,470,1477,0.1388
1012,466,1478,0.1388
1022,475,1497,0.1388
1027,475,1502,0.1388
1031,469,1500,0.1388
1030,474,1504,0.1388
1019,474,1493,0.1388
1012,479,1491,0.1388
1009,483,1492,0.1388
1017,483,1500,0.1388
1029,481,1510,0.1388
1023,480,1503,0.1388
1018,481,1499,0.1388
1012,491,1503,0.1388
1020,489,1509,0.1388
1016,497,1513,0.1388
1001,497,1498,0.1388
1006,495,1501,0.1388
1002,502,1504,0.1388
1011,505,1516,0.1388
1011,498,1509,0.1388
1000,502,1502,0.1388
992,507,1499,0.1388
974,501,1475,0.1388
976,508,1484,0.1388
983,510,1493,0.1388
988,515,1503,0.1388
996,516,1512,0.1388
995,506,1501,0.1388
991,509,1500,0.1388
992,510,1502,0.1388
985,507,1492,0.1388
989,511,1500,0.1388
991,512,1503,0.1388
990,514,1504,0.1388
981,515,1496,0.1388
973,520,1493,0.1388
982,529,1511,0.1388
973,530,1503,0.1388
969,531,1500,0.1388
965,525,1490,0.1388
961,530,1491,0.1388
961,534,1495,0.1388
964,537,1501,0.1388
967,539,1506,0.1388
964,545,1509,0.1388
958,548,1506,0.1388
951,540,1491,0.1388
952,548,1500,0.1388
957,544,1501,0.1388
946,547,1493,0.1388
957,548,1505,0.1388
944,547,1491,0.1388
946,554,1500,0.1388
941,560,1501,0.1388
937,564,1501,0.1388
938,567,1505,0.1388
940,563,1503,0.1388
931,557,1488,0.1388
934,558,1492,0.1388
935,562,1497,0.1388
941,562,1503,0.1388
931,561,1492,0.1388
930,556,1486,0.1388
923,563,1486,0.1388
927,566,1493,0.1388
928,568,1496,0.1388
935,567,1502,0.1388
937,577,1514,0.1388
938,572,1510,0.1388
925,575,1500,0.1388
923,578,1501,0.1388
923,578,1501,0.1388
938,577,1515,0.1388
934,571,1505,0.1388
937,576,1513,0.1388
936,575,1511,0.1388
928,583,1511,0.1388
925,585,1510,0.1388
926,583,1509,0.1388
922,575,1497,0.1388
917,579,1496,0.1388
928,570,1498,0.1388
929,570,1499,0.1388
929,574,1503,0.1388
933,570,1503,0.1388
935,574,1509,0.1388
929,570,1499,0.1388
919,575,1494,0.1388
922,573,1495,0.1388
918,569,1487,0.1388
920,573,1493,0.1388
922,570,1492,0.1388
916,579,1495,0.1388
915,582,1497,0.1388
926,584,1510,0.1388
909,581,1490,0.1388
926,584,1510,0.1388
935,592,1527,0.1388
928,592,1520,0.1388
923,593,1516,0.1388
917,587,1504,0.1388
915,584,1499,0.1388
916,577,1493,0.1388
915,579,1494,0.1388
925,573,1498,0.1388
920,584,1504,0.1388
929,583,1512,0.1388
923,582,1505,0.1388
920,586,1506,0.1388
914,580,1494,0.1388
908,585,1493,0.1388
905,597,1502,0.1388
912,594,1506,0.1388
922,599,1521,0.1388
928,605,1533,0.1388
918,605,1523,0.1388
919,608,1527,0.1388
917,599,1516,0.1388
922,606,1528,0.1388
916,606,1522,0.1388
905,608,1513,0.1388
899,602,1501,0.1388
901,595,1496,0.1388
903,604,1507,0.1388
895,610,1505,0.1388
891,619,1510,0.1388
883,611,1494,0.1388
882,611,1493,0.1388
880,616,1496,0.1388
880,623,1503,0.1388
883,626,1509,0.1388
878,633,1511,0.1388
870,623,1493,0.1388
871,624,1495,0.1388
877,621,1498,0.1388
871,622,1493,0.1388
869,635,1504,0.1388
866,643,1509,0.1388
848,639,1487,0.1388
846,642,1488,0.1388
857,632,1489,0.1388
863,640,1503,0.1388
864,651,1515,0.1388
862,650,1512,0.1388
870,648,1518,0.1388
871,644,1515,0.1388
860,645,1505,0.1388
855,644,1499,0.1388
850,642,1492,0.1388
850,654,1504,0.1388
841,663,1504,0.1388
841,650,1491,0.1388
837,658,1495,0.1388
842,652,1494,0.1388
841,663,1504,0.1388
835,663,1498,0.1388
836,655,1491,0.1388
836,657,1493,0.1388
830,664,1494,0.1388
830,672,1502,0.1388
829,672,1501,0.1388
827,682,1509,0.1388
823,683,1506,0.1388
817,678,1495,0.1388
815,681,1496,0.1388
822,680,1502,0.1388
806,684,1490,0.1388
804,685,1489,0.1388
806,687,1493,0.1388
810,690,1500,0.1388
805,681,1486,0.1388
804,683,1487,0.1388
802,690,1492,0.1388
809,693,1502,0.1388
803,696,1499,0.1388
796,700,1496,0.1388
795,696,1491,0.1388
794,699,1493,0.1388
792,693,1485,0.1388
804,687,1491,0.1388
804,697,1501,0.1388
810,690,1500,0.1388
820,688,1508,0.1388
824,692,1516,0.1388
824,699,1523,0.1388
822,699,1521,0.1388
805,695,1500,0.1388
809,694,1503,0.1388
806,699,1505,0.1388
791,695,1486,0.1388
789,691,1480,0.1388
783,689,1472,0.1388
785,696,1481,0.1388
794,691,1485,0.1388
802,697,1499,0.1388
810,695,1505,0.1388
811,695,1506,0.1388
815,696,1511,0.1388
802,698,1500,0.1388
800,698,1498,0.1388
801,695,1496,0.1388
800,698,1498,0.1388
806,691,1497,0.1388
802,701,1503,0.1388
794,702,1496,0.1388
779,699,1478,0.1388
778,702,1480,0.1388
774,697,1471,0.1388
782,705,1487,0.1388
788,711,1499,0.1388
784,704,1488,0.1388
783,705,1488,0.1388
782,707,1489,0.1388
775,709,1484,0.1388
776,707,1483,0.1388
773,716,1489,0.1388
779,723,1502,0.1388
776,722,1498,0.1388
776,719,1495,0.1388
783,728,1511,0.1388
782,719,1501,0.1388
779,726,1505,0.1388
784,723,1507,0.1388
774,735,1509,0.1388
776,735,1511,0.1388
775,738,1513,0.1388
787,735,1522,0.1388
780,728,1508,0.1388
781,731,1512,0.1388
782,730,1512,0.1388
775,736,1511,0.1388
781,737,1518,0.1388
775,723,1498,0.1388
774,732,1506,0.1388
773,742,1515,0.1388
775,739,1514,0.1388
763,745,1508,0.1388
755,741,1496,0.1388
747,748,1495,0.1388
737,754,1491,0.1388
744,753,1497,0.1388
754,758,1512,0.1388
760,757,1517,0.1388
758,751,1509,0.1388
759,757,1516,0.1388
755,759,1514,0.1388
746,756,1502,0.1388
750,759,1509,0.1388
752,762,1514,0.1388
751,765,1516,0.1388
745,771,1516,0.1388
744,771,1515,0.1388
744,758,1502,0.1388
744,768,1512,0.1388
742,764,1506,0.1388
730,762,1492,0.1388
731,762,1493,0.1388
726,762,1488,0.1388
729,775,1504,0.1388
728,773,1501,0.1388
730,770,1500,0.1388
728,786,1514,0.1388
725,786,1511,0.1388
729,799,1528,0.1388
729,804,1533,0.1388
719,796,1515,0.1388
726,794,1520,0.1388
729,783,1512,0.1388
716,786,1502,0.1388
716,784,1500,0.1388
721,791,1512,0.1388
716,791,1507,0.1388
718,797,1515,0.1388
716,798,1514,0.1388
712,799,1511,0.1388
709,799,1508,0.1388
701,795,1496,0.1388
703,803,1506,0.1388
701,808,1509,0.1388
705,796,1501,0.1388
697,807,1504,0.1388
693,806,1499,0.1388
698,806,1504,0.1388
695,799,1494,0.1388
692,792,1484,0.1388
688,802,1490,0.1388
685,803,1488,0.1388
675,804,1479,0.1388
674,813,1487,0.1388
677,819,1496,0.1388
677,824,1501,0.1388
676,827,1503,0.1388
675,828,1503,0.1388
680,824,1504,0.1388
680,837,1517,0.1388
683,831,1514,0.1388
684,834,1518,0.1388
676,835,1511,0.1388
676,832,1508,0.1388
681,832,1513,0.1388
679,835,1514,0.1388
671,835,1506,0.1388
675,837,1512,0.1388
674,830,1504,0.1388
672,830,1502,0.1388
679,832,1511,0.1388
681,828,1509,0.1388
678,829,1507,0.1388
670,831,1501,0.1388
672,833,1505,0.1388
672,839,1511,0.1388
676,840,1516,0.1388
673,844,1517,0.1388
679,850,1529,0.1388
682,841,1523,0.1388
676,837,1513,0.1388
679,840,1519,0.1388
677,845,1522,0.1388
679,847,1526,0.1388
676,835,1511,0.1388
672,839,1511,0.1388
671,840,1511,0.1388
669,836,1505,0.1388
669,843,1512,0.1388
667,848,1515,0.1388
664,848,1512,0.1388
661,847,1508,0.1388
664,853,1517,0.1388
665,856,1521,0.1388
661,844,1505,0.1388
662,838,1500,0.1388
659,845,1504,0.1388
652,838,1490,0.1388
648,846,1494,0.1388
642,858,1500,0.1388
640,859,1499,0.1388
647,866,1513,0.1388
648,859,1507,0.1388
645,872,1517,0.1388
657,871,1528,0.1388
659,863,1522,0.1388
656,869,1525,0.1388
642,874,1516,0.1388
641,862,1503,0.1388
640,865,1505,0.1388
637,862,1499,0.1388
634,876,1510,0.1388
629,874,1503,0.1388
634,873,1507,0.1388
630,867,1497,0.1388
636,877,1513,0.1388
638,881,1519,0.1388
637,878,1515,0.1388
629,874,1503,0.1388
627,866,1493,0.1388
633,878,1511,0.1388
629,873,1502,0.1388
630,877,1507,0.1388
621,893,1514,0.1388
620,883,1503,0.1388
619,878,1497,0.1388
620,878,1498,0.1388
620,880,1500,0.1388
607,880,1487,0.1388
614,885,1499,0.1388
617,882,1499,0.1388
616,882,1498,0.1388
611,888,1499,0.1388
617,888,1505,0.1388
615,893,1508,0.1388
616,891,1507,0.1388
615,895,1510,0.1388
616,894,1510,0.1388
615,902,1517,0.1388
621,893,1514,0.1388
617,888,1505,0.1388
620,890,1510,0.1388
613,898,1511,0.1388
606,896,1502,0.1388
604,905,1509,0.1388
599,905,1504,0.1388
591,907,1498,0.1388
592,911,1503,0.1388
590,905,1495,0.1388
595,907,1502,0.1388
583,902,1485,0.1388
584,905,1489,0.1388
583,922,1505,0.1388
574,928,1502,0.1388
575,926,1501,0.1388
573,925,1498,0.1388
571,932,1503,0.1388
569,937,1506,0.1388
569,937,1506,0.1388
560,932,1492,0.1388
562,933,1495,0.1388
573,925,1498,0.1388
570,919,1489,0.1388
579,925,1504,0.1388
580,927,1507,0.1388
584,934,1518,0.1388
579,941,1520,0.1388
574,931,1505,0.1388
573,930,1503,0.1388
571,937,1508,0.1388
567,937,1504,0.1388
563,939,1502,0.1388
565,936,1501,0.1388
571,938,1509,0.1388
572,938,1510,0.1388
565,935,1500,0.1388
565,937,1502,0.1388
563,938,1501,0.1388
566,943,1509,0.1388
567,943,1510,0.1388
574,944,1518,0.1388
574,947,1521,0.1388
570,944,1514,0.1388
573,947,1520,0.1388
575,936,1511,0.1388
572,937,1509,0.1388
574,937,1511,0.1388
576,938,1514,0.1388
571,947,1518,0.1388
568,942,1510,0.1388
577,953,1530,0.1388
576,947,1523,0.1388
573,944,1517,0.1388
562,947,1509,0.1388
559,950,1509,0.1388
566,955,1521,0.1388
560,938,1498,0.1388
558,947,1505,0.1388
561,948,1509,0.1388
556,956,1512,0.1388
554,959,1513,0.1388
555,947,1502,0.1388
556,952,1508,0.1388
546,966,1512,0.1388
549,969,1518,0.1388
553,966,1519,0.1388
554,971,1525,0.1388
554,964,1518,0.1388
550,967,1517,0.1388
537,975,1512,0.1388
530,973,1503,0.1388
530,963,1493,0.1388
531,964,1495,0.1388
537,961,1498,0.1388
533,974,1507,0.1388
524,969,1493,0.1388
523,966,1489,0.1388
527,964,1491,0.1388
526,967,1493,0.1388
536,962,1498,0.1388
533,967,1500,0.1388
529,969,1498,0.1388
526,977,1503,0.1388
521,985,1506,0.1388
524,978,1502,0.1388
531,987,1518,0.1388
526,980,1506,0.1388
529,982,1511,0.1388
533,982,1515,0.1388
531,976,1507,0.1388
532,984,1516,0.1388
535,992,1527,0.1388
529,989,1518,0.1388
525,984,1509,0.1388
528,990,1518,0.1388
528,991,1519,0.1388
524,977,1501,0.1388
522,988,1510,0.1388
521,989,1510,0.1388
526,991,1517,0.1388
527,991,1518,0.1388
525,989,1514,0.1388
520,989,1509,0.1388
517,997,1514,0.1388
518,996,1514,0.1388
516,997,1513,0.1388
514,984,1498,0.1388
500,987,1487,0.1388
489,995,1484,0.1388
497,997,1494,0.1388
497,991,1488,0.1388
500,994,1494,0.1388
500,1000,1500,0.1388
502,995,1497,0.1388
498,1007,1505,0.1388
510,1002,1512,0.1388
516,1011,1527,0.1388
506,1006,1512,0.1388
501,1009,1510,0.1388
507,1010,1517,0.1388
504,1008,1512,0.1388
506,1009,1515,0.1388
508,1008,1516,0.1388
505,1005,1510,0.1388
512,1013,1525,0.1388
508,1000,1508,0.1388
504,1015,1519,0.1388
499,1014,1513,0.1388
493,1018,1511,0.1388
492,1031,1523,0.1388
488,1018,1506,0.1388
493,1017,1510,0.1388
500,1002,1502,0.1388
506,1010,1516,0.1388
511,1010,1521,0.1388
506,1007,1513,0.1388
502,1000,1502,0.1388
502,993,1495,0.1388
508,999,1507,0.1388
506,1005,1511,0.1388
505,1017,1522,0.1388
505,1015,1520,0.1388
512,1017,1529,0.1388
508,1011,1519,0.1388
504,1027,1531,0.1388
500,1014,1514,0.1388
498,1014,1512,0.1388
500,1019,1519,0.1388
494,1012,1506,0.1388
492,1013,1505,0.1388
491,1001,1492,0.1388
490,1009,1499,0.1388
487,1006,1493,0.1388
489,1013,1502,0.1388
495,1008,1503,0.1388
499,1005,1504,0.1388
487,1008,1495,0.1388
480,1011,1491,0.1388
479,1015,1494,0.1388
477,1024,1501,0.1388
483,1028,1511,0.1388
474,1029,1503,0.1388
474,1034,1508,0.1388
471,1036,1507,0.1388
474,1036,1510,0.1388
472,1027,1499,0.1388
476,1036,1512,0.1388
473,1039,1512,0.1388
477,1040,1517,0.1388
474,1045,1519,0.1388
463,1042,1505,0.1388
465,1046,1511,0.1388
462,1047,1509,0.1388
464,1040,1504,0.1388
468,1047,1515,0.1388
470,1045,1515,0.1388
466,1043,1509,0.1388
455,1040,1495,0.1388
457,1047,1504,0.1388
462,1053,1515,0.1388
459,1053,1512,0.1388
461,1051,1512,0.1388
464,1040,1504,0.1388
473,1033,1506,0.1388
473,1037,1510,0.1388
477,1049,1526,0.1388
476,1045,1521,0.1388
467,1048,1515,0.1388
475,1047,1522,0.1388
477,1045,1522,0.1388
470,1054,1524,0.1388
470,1048,1518,0.1388
465,1043,1508,0.1388
470,1036,1506,0.1388
470,1045,1515,0.1388
473,1044,1517,0.1388
471,1043,1514,0.1388
460,1042,1502,0.1388
463,1028,1491,0.1388
464,1024,1488,0.1388
466,1033,1499,0.1388
469,1042,1511,0.1388
468,1043,1511,0.1388
468,1041,1509,0.1388
472,1039,1511,0.1388
475,1037,1512,0.1388
465,1049,1514,0.1388
456,1050,1506,0.1388
458,1054,1512,0.1388
460,1047,1507,0.1388
459,1055,1514,0.1388
456,1045,1501,0.1388
452,1053,1505,0.1388
464,1051,1515,0.1388
458,1044,1502,0.1388
464,1041,1505,0.1388
461,1052,1513,0.1388
464,1049,1513,0.1388
468,1056,1524,0.1388
459,1051,1510,0.1388
461,1048,1509,0.1388
461,1046,1507,0.1388
472,1056,1528,0.1388
469,1052,1521,0.1388
462,1054,1516,0.1388
451,1040,1491,0.1388
447,1035,1482,0.1388
452,1046,1498,0.1388
455,1050,1505,0.1388
456,1056,1512,0.1388
453,1065,1518,0.1388
443,1064,1507,0.1388
450,1070,1520,0.1388
451,1066,1517,0.1388
456,1068,1524,0.1388
455,1065,1520,0.1388
451,1059,1510,0.1388
446,1069,1515,0.1388
449,1062,1511,0.1388
443,1062,1505,0.1388
439,1066,1505,0.1388
437,1071,1508,0.1388
437,1083,1520,0.1388
443,1089,1532,0.1388
425,1086,1511,0.1388
426,1085,1511,0.1388
433,1076,1509,0.1388
435,1080,1515,0.1388
426,1069,1495,0.1388
422,1074,1496,0.1388
423,1068,1491,0.1388
421,1081,1502,0.1388
418,1085,1503,0.1388
418,1088,1506,0.1388
414,1094,1508,0.1388
414,1093,1507,0.1388
412,1096,1508,0.1388
416,1091,1507,0.1388
424,1091,1515,0.1388
426,1089,1515,0.1388
431,1085,1516,0.1388
433,1089,1522,0.1388
429,1081,1510,0.1388
421,1086,1507,0.1388
415,1088,1503,0.1388
417,1098,1515,0.1388
421,1107,1528,0.1388
410,1096,1506,0.1388
404,1095,1499,0.1388
398,1095,1493,0.1388
404,1094,1498,0.1388
405,1095,1500,0.1388
406,1105,1511,0.1388
403,1108,1511,0.1388
397,1104,1501,0.1388
403,1106,1509,0.1388
407,1097,1504,0.1388
406,1096,1502,0.1388
407,1103,1510,0.1388
407,1103,1510,0.1388
404,1111,1515,0.1388
409,1103,1512,0.1388
408,1099,1507,0.1388
405,1110,1515,0.1388
410,1105,1515,0.1388
414,1104,1518,0.1388
408,1100,1508,0.1388
403,1100,1503,0.1388
396,1108,1504,0.1388
395,1113,1508,0.1388
397,1115,1512,0.1388
395,1108,1503,0.1388
392,1101,1493,0.1388
401,1107,1508,0.1388
395,1109,1504,0.1388
399,1111,1510,0.1388
394,1109,1503,0.1388
399,1109,1508,0.1388
392,1110,1502,0.1388
391,1113,1504,0.1388
392,1110,1502,0.1388
387,1109,1496,0.1388
380,1107,1487,0.1388
386,1120,1506,0.1388
387,1111,1498,0.1388
390,1127,1517,0.1388
384,1128,1512,0.1388
382,1130,1512,0.1388
384,1138,1522,0.1388
384,1137,1521,0.1388
386,1129,1515,0.1388
386,1127,1513,0.1388
382,1131,1513,0.1388
381,1129,1510,0.1388
375,1128,1503,0.1388
374,1129,1503,0.1388
373,1128,1501,0.1388
372,1128,1500,0.1388
374,1143,1517,0.1388
376,1139,1515,0.1388
373,1143,1516,0.1388
372,1143,1515,0.1388
370,1152,1522,0.1388
374,1143,1517,0.1388
376,1148,1524,0.1388
374,1155,1529,0.1388
369,1157,1526,0.1388
366,1152,1518,0.1388
366,1161,1527,0.1388
359,1147,1506,0.1388
363,1147,1510,0.1388
361,1151,1512,0.1388
355,1166,1521,0.1388
355,1167,1522,0.1388
356,1165,1521,0.1388
351,1161,1512,0.1388
361,1166,1527,0.1388
361,1170,1531,0.1388
362,1162,1524,0.1388
356,1152,1508,0.1388
354,1151,1505,0.1388
359,1159,1518,0.1388
358,1165,1523,0.1388
356,1160,1516,0.1388
357,1156,1513,0.1388
355,1168,1523,0.1388
358,1157,1515,0.1388
351,1158,1509,0.1388
345,1179,1524,0.1388
339,1179,1518,0.1388
342,1170,1512,0.1388
344,1168,1512,0.1388
340,1167,1507,0.1388
341,1157,1498,0.1388
336,1167,1503,0.1388
331,1173,1504,0.1388
330,1167,1497,0.1388
331,1178,1509,0.1388
332,1182,1514,0.1388
332,1185,1517,0.1388
329,1196,1525,0.1388
332,1197,1529,0.1388
330,1192,1522,0.1388
326,1204,1530,0.1388
325,1207,1532,0.1388
321,1185,1506,0.1388
320,1178,1498,0.1388
322,1190,1512,0.1388
324,1186,1510,0.1388
322,1200,1522,0.1388
323,1208,1531,0.1388
324,1204,1528,0.1388
321,1196,1517,0.1388
318,1190,1508,0.1388
326,1193,1519,0.1388
331,1192,1523,0.1388
318,1197,1515,0.1388
322,1188,1510,0.1388
314,1182,1496,0.1388
319,1182,1501,0.1388
320,1179,1499,0.1388
317,1188,1505,0.1388
324,1182,1506,0.1388
320,1191,1511,0.1388
322,1192,1514,0.1388
321,1212,1533,0.1388
325,1202,1527,0.1388
320,1200,1520,0.1388
322,1194,1516,0.1388
317,1190,1507,0.1388
320,1189,1509,0.1388
318,1184,1502,0.1388
321,1186,1507,0.1388
320,1193,1513,0.1388
322,1195,1517,0.1388
316,1203,1519,0.1388
323,1191,1514,0.1388
318,1177,1495,0.1388
321,1193,1514,0.1388
320,1187,1507,0.1388
326,1177,1503,0.1388
328,1168,1496,0.1388
322,1186,1508,0.1388
318,1191,1509,0.1388
320,1192,1512,0.1388
318,1201,1519,0.1388
315,1188,1503,0.1388
310,1205,1515,0.1388
306,1208,1514,0.1388
301,1206,1507,0.1388
297,1197,1494,0.1388
301,1188,1489,0.1388
300,1203,1503,0.1388
300,1213,1513,0.1388
298,1219,1517,0.1388
295,1225,1520,0.1388
286,1210,1496,0.1388
285,1221,1506,0.1388
282,1219,1501,0.1388
280,1214,1494,0.1388
280,1214,1494,0.1388
284,1221,1505,0.1388
287,1228,1515,0.1388
283,1240,1523,0.1388
284,1216,1500,0.1388
290,1220,1510,0.1388
283,1220,1503,0.1388
284,1211,1495,0.1388
286,1224,1510,0.1388
287,1218,1505,0.1388
294,1216,1510,0.1388
293,1207,1500,0.1388
290,1210,1500,0.1388
289,1213,1502,0.1388
291,1219,1510,0.1388
290,1219,1509,0.1388
290,1231,1521,0.1388
287,1230,1517,0.1388
283,1232,1515,0.1388
284,1229,1513,0.1388
283,1222,1505,0.1388
286,1237,1523,0.1388
288,1225,1513,0.1388
284,1223,1507,0.1388
282,1234,1516,0.1388
284,1220,1504,0.1388
282,1221,1503,0.1388
286,1217,1503,0.1388
278,1217,1495,0.1388
278,1210,1488,0.1388
283,1225,1508,0.1388
279,1231,1510,0.1388
282,1220,1502,0.1388
277,1228,1505,0.1388
278,1225,1503,0.1388
273,1218,1491,0.1388
273,1227,1500,0.1388
269,1230,1499,0.1388
265,1230,1495,0.1388
269,1236,1505,0.1388
270,1239,1509,0.1388
268,1236,1504,0.1388
280,1244,1524,0.1388
279,1241,1520,0.1388
279,1238,1517,0.1388
278,1241,1519,0.1388
278,1233,1511,0.1388
280,1235,1515,0.1388
273,1231,1504,0.1388
265,1238,1503,0.1388
264,1240,1504,0.1388
263,1246,1509,0.1388
266,1259,1525,0.1388
266,1265,1531,0.1388
269,1256,1525,0.1388
268,1253,1521,0.1388
267,1251,1518,0.1388
263,1254,1517,0.1388
259,1264,1523,0.1388
258,1268,1526,0.1388
261,1265,1526,0.1388
258,1262,1520,0.1388
258,1264,1522,0.1388
259,1248,1507,0.1388
253,1251,1504,0.1388
256,1255,1511,0.1388
254,1255,1509,0.1388
253,1255,1508,0.1388
244,1258,1502,0.1388
242,1253,1495,0.1388
242,1264,1506,0.1388
242,1268,1510,0.1388
239,1270,1509,0.1388
239,1266,1505,0.1388
235,1270,1505,0.1388
238,1280,1518,0.1388
239,1278,1517,0.1388
239,1258,1497,0.1388
239,1265,1504,0.1388
239,1264,1503,0.1388
236,1277,1513,0.1388
243,1281,1524,0.1388
239,1285,1524,0.1388
242,1278,1520,0.1388
236,1277,1513,0.1388
239,1270,1509,0.1388
241,1273,1514,0.1388
245,1271,1516,0.1388
245,1277,1522,0.1388
247,1272,1519,0.1388
250,1268,1518,0.1388
247,1263,1510,0.1388
249,1270,1519,0.1388
248,1263,1511,0.1388
245,1253,1498,0.1388
251,1251,1502,0.1388
252,1253,1505,0.1388
246,1262,1508,0.1388
248,1265,1513,0.1388
243,1265,1508,0.1388
247,1270,1517,0.1388
250,1282,1532,0.1388
251,1269,1520,0.1388
253,1264,1517,0.1388
249,1265,1514,0.1388
250,1277,1527,0.1388
249,1279,1528,0.1388
249,1273,1522,0.1388
245,1269,1514,0.1388
250,1280,1530,0.1388
247,1277,1524,0.1388
248,1271,1519,0.1388
248,1283,1531,0.1388
247,1292,1539,0.1388
246,1285,1531,0.1388
242,1280,1522,0.1388
244,1280,1524,0.1388
240,1284,1524,0.1388
237,1265,1502,0.1388
230,1264,1494,0.1388
233,1260,1493,0.1388
239,1275,1514,0.1388
233,1281,1514,0.1388
235,1291,1526,0.1388
239,1292,1531,0.1388
240,1283,1523,0.1388
239,1267,1506,0.1388
241,1276,1517,0.1388
237,1287,1524,0.1388
239,1267,1506,0.1388
239,1271,1510,0.1388
242,1279,1521,0.1388
239,1282,1521,0.1388
239,1300,1539,0.1388
237,1290,1527,0.1388
232,1295,1527,0.1388
225,1292,1517,0.1388
225,1294,1519,0.1388
226,1292,1518,0.1388
221,1293,1514,0.1388
222,1311,1533,0.1388
225,1301,1526,0.1388
226,1289,1515,0.1388
219,1298,1517,0.1388
220,1295,1515,0.1388
209,1306,1515,0.1388
209,1301,1510,0.1388
209,1313,1522,0.1388
209,1306,1515,0.1388
208,1308,1516,0.1388
212,1298,1510,0.1388
206,1303,1509,0.1388
212,1297,1509,0.1388
214,1302,1516,0.1388
212,1304,1516,0.1388
210,1300,1510,0.1388
215,1301,1516,0.1388
205,1307,1512,0.1388
208,1304,1512,0.1388
207,1303,1510,0.1388
206,1310,1516,0.1388
202,1308,1510,0.1388
206,1308,1514,0.1388
206,1294,1500,0.1388
209,1301,1510,0.1388
216,1295,1511,0.1388
217,1285,1502,0.1388
216,1284,1500,0.1388
213,1287,1500,0.1388
209,1297,1506,0.1388
210,1297,1507,0.1388
206,1305,1511,0.1388
211,1301,1512,0.1388
211,1315,1526,0.1388
211,1306,1517,0.1388
215,1302,1517,0.1388
218,1291,1509,0.1388
222,1282,1504,0.1388
219,1295,1514,0.1388
220,1296,1516,0.1388
217,1288,1505,0.1388
211,1285,1496,0.1388
206,1293,1499,0.1388
212,1292,1504,0.1388
215,1289,1504,0.1388
212,1299,1511,0.1388
215,1282,1497,0.1388
210,1288,1498,0.1388
211,1302,1513,0.1388
208,1315,1523,0.1388
206,1314,1520,0.1388
202,1315,1517,0.1388
201,1313,1514,0.1388
198,1326,1524,0.1388
198,1322,1520,0.1388
196,1319,1515,0.1388
196,1324,1520,0.1388
191,1316,1507,0.1388
189,1332,1521,0.1388
189,1334,1523,0.1388
190,1333,1523,0.1388
195,1335,1530,0.1388
193,1325,1518,0.1388
191,1333,1524,0.1388
189,1321,1510,0.1388
183,1332,1515,0.1388
179,1329,1508,0.1388
181,1330,1511,0.1388
180,1346,1526,0.1388
175,1348,1523,0.1388
175,1350,1525,0.1388
176,1347,1523,0.1388
172,1352,1524,0.1388
177,1346,1523,0.1388
177,1349,1526,0.1388
178,1337,1515,0.1388
177,1342,1519,0.1388
176,1346,1522,0.1388
183,1344,1527,0.1388
182,1345,1527,0.1388
182,1337,1519,0.1388
184,1333,1517,0.1388
178,1334,1512,0.1388
179,1336,1515,0.1388
178,1341,1519,0.1388
182,1321,1503,0.1388
181,1336,1517,0.1388
177,1346,1523,0.1388
177,1347,1524,0.1388
174,1348,1522,0.1388
173,1335,1508,0.1388
174,1335,1509,0.1388
175,1336,1511,0.1388
173,1337,1510,0.1388
170,1348,1518,0.1388
168,1350,1518,0.1388
168,1357,1525,0.1388
166,1357,1523,0.1388
166,1343,1509,0.1388
167,1348,1515,0.1388
170,1358,1528,0.1388
165,1351,1516,0.1388
166,1345,1511,0.1388
167,1351,1518,0.1388
170,1335,1505,0.1388
171,1335,1506,0.1388
166,1339,1505,0.1388
166,1339,1505,0.1388
172,1346,1518,0.1388
169,1340,1509,0.1388
168,1343,1511,0.1388
167,1350,1517,0.1388
166,1346,1512,0.1388
164,1340,1504,0.1388
165,1352,1517,0.1388
166,1351,1517,0.1388
158,1361,1519,0.1388
158,1368,1526,0.1388
155,1364,1519,0.1388
154,1369,1523,0.1388
154,1371,1525,0.1388
161,1375,1536,0.1388
157,1370,1527,0.1388
154,1363,1517,0.1388
152,1364,1516,0.1388
150,1356,1506,0.1388
151,1361,1512,0.1388
153,1355,1508,0.1388
154,1351,1505,0.1388
157,1356,1513,0.1388
158,1363,1521,0.1388
153,1366,1519,0.1388
151,1368,1519,0.1388
148,1352,1500,0.1388
153,1359,1512,0.1388
151,1362,1513,0.1388
154,1360,1514,0.1388
156,1355,1511,0.1388
158,1359,1517,0.1388
154,1376,1530,0.1388
154,1368,1522,0.1388
156,1361,1517,0.1388
161,1359,1520,0.1388
164,1363,1527,0.1388
165,1357,1522,0.1388
160,1357,1517,0.1388
154,1358,1512,0.1388
155,1359,1514,0.1388
153,1359,1512,0.1388
152,1357,1509,0.1388
150,1354,1504,0.1388
151,1354,1505,0.1388
153,1349,1502,0.1388
157,1357,1514,0.1388
156,1352,1508,0.1388
158,1355,1513,0.1388
161,1363,1524,0.1388
159,1364,1523,0.1388
155,1367,1522,0.1388
155,1359,1514,0.1388
154,1369,1523,0.1388
151,1378,1529,0.1388
148,1363,1511,0.1388
153,1366,1519,0.1388
155,1369,1524,0.1388
155,1364,1519,0.1388
147,1367,1514,0.1388
150,1372,1522,0.1388
152,1367,1519,0.1388
155,1353,1508,0.1388
157,1349,1506,0.1388
154,1352,1506,0.1388
156,1342,1498,0.1388
156,1367,1523,0.1388
158,1357,1515,0.1388
156,1355,1511,0.1388
157,1357,1514,0.1388
158,1357,1515,0.1388
156,1355,1511,0.1388
153,1358,1511,0.1388
151,1354,1505,0.1388
150,1361,1511,0.1388
149,1357,1506,0.1388
150,1340,1490,0.1388
153,1353,1506,0.1388
156,1364,1520,0.1388
155,1363,1518,0.1388
157,1357,1514,0.1388
159,1359,1518,0.1388
156,1351,1507,0.1388
154,1370,1524,0.1388
154,1367,1521,0.1388
156,1372,1528,0.1388
155,1370,1525,0.1388
156,1372,1528,0.1388
151,1377,1528,0.1388
155,1378,1533,0.1388
158,1362,1520,0.1388
156,1367,1523,0.1388
150,1364,1514,0.1388
149,1371,1520,0.1388
150,1372,1522,0.1388
150,1377,1527,0.1388
148,1371,1519,0.1388
148,1373,1521,0.1388
146,1362,1508,0.1388
146,1360,1506,0.1388
145,1363,1508,0.1388
146,1379,1525,0.1388
148,1384,1532,0.1388
142,1374,1516,0.1388
145,1382,1527,0.1388
143,1379,1522,0.1388
142,1381,1523,0.1388
141,1382,1523,0.1388
141,1382,1523,0.1388
139,1387,1526,0.1388
139,1395,1534,0.1388
135,1397,1532,0.1388
136,1377,1513,0.1388
135,1376,1511,0.1388
132,1388,1520,0.1388
137,1381,1518,0.1388
136,1374,1510,0.1388
138,1384,1522,0.1388
136,1388,1524,0.1388
134,1384,1518,0.1388
134,1390,1524,0.1388
135,1387,1522,0.1388
134,1384,1518,0.1388
134,1378,1512,0.1388
136,1377,1513,0.1388
133,1383,1516,0.1388
133,1389,1522,0.1388
133,1384,1517,0.1388
132,1385,1517,0.1388
129,1385,1514,0.1388
127,1383,1510,0.1388
126,1391,1517,0.1388
130,1390,1520,0.1388
130,1386,1516,0.1388
130,1378,1508,0.1388
130,1384,1514,0.1388
130,1376,1506,0.1388
133,1380,1513,0.1388
133,1378,1511,0.1388
137,1376,1513,0.1388
135,1372,1507,0.1388
134,1380,1514,0.1388
132,1395,1527,0.1388
132,1385,1517,0.1388
126,1384,1510,0.1388
121,1386,1507,0.1388
126,1386,1512,0.1388
128,1393,1521,0.1388
125,1395,1520,0.1388
125,1398,1523,0.1388
124,1400,1524,0.1388
118,1406,1524,0.1388
120,1417,1537,0.1388
120,1410,1530,0.1388
120,1400,1520,0.1388
116,1395,1511,0.1388
114,1392,1506,0.1388
114,1400,1514,0.1388
119,1382,1501,0.1388
119,1400,1519,0.1388
116,1405,1521,0.1388
116,1404,1520,0.1388
119,1417,1536,0.1388
120,1422,1542,0.1388
117,1404,1521,0.1388
118,1412,1530,0.1388
118,1407,1525,0.1388
118,1412,1530,0.1388
116,1410,1526,0.1388
115,1406,1521,0.1388
115,1405,1520,0.1388
113,1402,1515,0.1388
110,1409,1519,0.1388
107,1403,1510,0.1388
106,1396,1502,0.1388
106,1396,1502,0.1388
106,1416,1522,0.1388
106,1412,1518,0.1388
108,1421,1529,0.1388
107,1419,1526,0.1388
108,1421,1529,0.1388
108,1418,1526,0.1388
111,1432,1543,0.1388
112,1427,1539,0.1388
109,1416,1525,0.1388
109,1418,1527,0.1388
106,1415,1521,0.1388
112,1418,1530,0.1388
116,1405,1521,0.1388
116,1411,1527,0.1388
118,1404,1522,0.1388
118,1403,1521,0.1388
115,1395,1510,0.1388
114,1395,1509,0.1388
115,1403,1518,0.1388
115,1395,1510,0.1388
116,1393,1509,0.1388
113,1402,1515,0.1388
116,1399,1515,0.1388
116,1394,1510,0.1388
115,1399,1514,0.1388
112,1409,1521,0.1388
111,1405,1516,0.1388
112,1409,1521,0.1388
110,1403,1513,0.1388
111,1410,1521,0.1388
109,1404,1513,0.1388
113,1402,1515,0.1388
112,1415,1527,0.1388
112,1411,1523,0.1388
107,1422,1529,0.1388
109,1410,1519,0.1388
107,1413,1520,0.1388
104,1427,1531,0.1388
104,1424,1528,0.1388
104,1426,1530,0.1388
104,1416,1520,0.1388
104,1424,1528,0.1388
102,1417,1519,0.1388
101,1422,1523,0.1388
99,1428,1527,0.1388
100,1423,1523,0.1388
97,1421,1518,0.1388
95,1421,1516,0.1388
97,1411,1508,0.1388
97,1417,1514,0.1388
97,1421,1518,0.1388
93,1424,1517,0.1388
91,1420,1511,0.1388
91,1414,1505,0.1388
93,1414,1507,0.1388
92,1412,1504,0.1388
88,1407,1495,0.1388
89,1431,1520,0.1388
89,1432,1521,0.1388
86,1427,1513,0.1388
87,1414,1501,0.1388
85,1410,1495,0.1388
84,1411,1495,0.1388
85,1424,1509,0.1388
84,1427,1511,0.1388
81,1440,1521,0.1388
81,1434,1515,0.1388
76,1441,1517,0.1388
77,1439,1516,0.1388
77,1437,1514,0.1388
76,1432,1508,0.1388
78,1421,1499,0.1388
80,1421,1501,0.1388
80,1422,1502,0.1388
79,1435,1514,0.1388
81,1437,1518,0.1388
81,1431,1512,0.1388
79,1420,1499,0.1388
79,1433,1512,0.1388
81,1433,1514,0.1388
81,1433,1514,0.1388
83,1424,1507,0.1388
85,1436,1521,0.1388
87,1427,1514,0.1388
86,1421,1507,0.1388
85,1434,1519,0.1388
87,1435,1522,0.1388
88,1428,1516,0.1388
86,1431,1517,0.1388
85,1428,1513,0.1388
82,1427,1509,0.1388
82,1428,1510,0.1388
81,1420,1501,0.1388
75,1426,1501,0.1388
75,1431,1506,0.1388
75,1433,1508,0.1388
76,1435,1511,0.1388
77,1429,1506,0.1388
80,1428,1508,0.1388
78,1419,1497,0.1388
76,1428,1504,0.1388
76,1419,1495,0.1388
78,1432,1510,0.1388
76,1432,1508,0.1388
76,1428,1504,0.1388
74,1427,1501,0.1388
76,1435,1511,0.1388
76,1451,1527,0.1388
76,1447,1523,0.1388
78,1453,1531,0.1388
76,1454,1530,0.1388
78,1443,1521,0.1388
77,1440,1517,0.1388
77,1443,1520,0.1388
77,1444,1521,0.1388
79,1433,1512,0.1388
80,1441,1521,0.1388
81,1437,1518,0.1388
83,1426,1509,0.1388
83,1422,1505,0.1388
82,1432,1514,0.1388
79,1422,1501,0.1388
75,1422,1497,0.1388
74,1424,1498,0.1388
73,1428,1501,0.1388
73,1426,1499,0.1388
70,1425,1495,0.1388
73,1438,1511,0.1388
74,1445,1519,0.1388
74,1447,1521,0.1388
76,1445,1521,0.1388
75,1443,1518,0.1388
73,1438,1511,0.1388
74,1450,1524,0.1388
71,1448,1519,0.1388
70,1448,1518,0.1388
68,1448,1516,0.1388
69,1438,1507,0.1388
70,1438,1508,0.1388
73,1430,1503,0.1388
73,1441,1514,0.1388
72,1435,1507,0.1388
72,1441,1513,0.1388
73,1447,1520,0.1388
69,1459,1528,0.1388
71,1453,1524,0.1388
70,1441,1511,0.1388
69,1439,1508,0.1388
69,1441,1510,0.1388
71,1442,1513,0.1388
72,1437,1509,0.1388
73,1431,1504,0.1388
72,1434,1506,0.1388
69,1440,1509,0.1388
66,1444,1510,0.1388
68,1452,1520,0.1388
67,1463,1530,0.1388
66,1461,1527,0.1388
68,1448,1516,0.1388
68,1445,1513,0.1388
68,1455,1523,0.1388
67,1448,1515,0.1388
64,1446,1510,0.1388
68,1453,1521,0.1388
67,1449,1516,0.1388
68,1459,1527,0.1388
68,1459,1527,0.1388
67,1450,1517,0.1388
68,1450,1518,0.1388
67,1444,1511,0.1388
64,1445,1509,0.1388
64,1446,1510,0.1388
59,1446,1505,0.1388
57,1449,1506,0.1388
59,1458,1517,0.1388
59,1460,1519,0.1388
61,1452,1513,0.1388
61,1465,1526,0.1388
56,1460,1516,0.1388
57,1452,1509,0.1388
57,1451,1508,0.1388
59,1454,1513,0.1388
62,1444,1506,0.1388
59,1467,1526,0.1388
58,1468,1526,0.1388
58,1472,1530,0.1388
60,1459,1519,0.1388
61,1459,1520,0.1388
58,1445,1503,0.1388
56,1451,1507,0.1388
55,1447,1502,0.1388
53,1455,1508,0.1388
53,1461,1514,0.1388
54,1456,1510,0.1388
52,1467,1519,0.1388
50,1466,1516,0.1388
51,1454,1505,0.1388
52,1456,1508,0.1388
52,1470,1522,0.1388
51,1475,1526,0.1388
51,1466,1517,0.1388
50,1472,1522,0.1388
51,1477,1528,0.1388
50,1481,1531,0.1388
49,1472,1521,0.1388
48,1473,1521,0.1388
50,1463,1513,0.1388
51,1458,1509,0.1388
51,1464,1515,0.1388
51,1455,1506,0.1388
50,1452,1502,0.1388
51,1461,1512,0.1388
49,1457,1506,0.1388
52,1469,1521,0.1388
49,1469,1518,0.1388
49,1477,1526,0.1388
47,1471,1518,0.1388
48,1462,1510,0.1388
48,1463,1511,0.1388
49,1467,1516,0.1388
51,1469,1520,0.1388
51,1478,1529,0.1388
53,1461,1514,0.1388
52,1465,1517,0.1388
54,1451,1505,0.1388
54,1467,1521,0.1388
55,1464,1519,0.1388
56,1463,1519,0.1388
56,1456,1512,0.1388
55,1458,1513,0.1388
54,1456,1510,0.1388
54,1456,1510,0.1388
53,1458,1511,0.1388
54,1461,1515,0.1388
54,1466,1520,0.1388
51,1471,1522,0.1388
54,1464,1518,0.1388
55,1462,1517,0.1388
53,1455,1508,0.1388
54,1453,1507,0.1388
54,1459,1513,0.1388
55,1459,1514,0.1388
56,1456,1512,0.1388
56,1455,1511,0.1388
57,1455,1512,0.1388
56,1450,1506,0.1388
57,1454,1511,0.1388
60,1453,1513,0.1388
56,1461,1517,0.1388
57,1464,1521,0.1388
56,1463,1519,0.1388
54,1459,1513,0.1388
56,1451,1507,0.1388
54,1467,1521,0.1388
55,1478,1533,0.1388
56,1475,1531,0.1388
54,1470,1524,0.1388
51,1458,1509,0.1388
53,1454,1507,0.1388
50,1457,1507,0.1388
50,1457,1507,0.1388
52,1457,1509,0.1388
52,1450,1502,0.1388
53,1455,1508,0.1388
53,1466,1519,0.1388
51,1476,1527,0.1388
51,1465,1516,0.1388
50,1463,1513,0.1388
52,1459,1511,0.1388
52,1451,1503,0.1388
50,1456,1506,0.1388
49,1449,1498,0.1388
50,1452,1502,0.1388
51,1452,1503,0.1388
50,1462,1512,0.1388
49,1460,1509,0.1388
47,1454,1501,0.1388
47,1462,1509,0.1388
46,1478,1524,0.1388
48,1476,1524,0.1388
48,1457,1505,0.1388
47,1450,1497,0.1388
48,1456,1504,0.1388
48,1466,1514,0.1388
48,1467,1515,0.1388
48,1472,1520,0.1388
53,1469,1522,0.1388
53,1474,1527,0.1388
53,1467,1520,0.1388
54,1456,1510,0.1388
53,1455,1508,0.1388
56,1456,1512,0.1388
55,1455,1510,0.1388
56,1457,1513,0.1388
60,1456,1516,0.1388
60,1458,1518,0.1388
56,1471,1527,0.1388
53,1458,1511,0.1388
55,1464,1519,0.1388
55,1462,1517,0.1388
55,1468,1523,0.1388
56,1478,1534,0.1388
56,1462,1518,0.1388
55,1474,1529,0.1388
54,1476,1530,0.1388
52,1481,1533,0.1388
54,1481,1535,0.1388
57,1474,1531,0.1388
59,1473,1532,0.1388
59,1469,1528,0.1388
58,1471,1529,0.1388
60,1462,1522,0.1388
59,1461,1520,0.1388
59,1459,1518,0.1388
58,1465,1523,0.1388
57,1458,1515,0.1388
57,1473,1530,0.1388
57,1460,1517,0.1388
56,1456,1512,0.1388
55,1460,1515,0.1388
55,1467,1522,0.1388
56,1463,1519,0.1388
56,1453,1509,0.1388
55,1452,1507,0.1388
57,1451,1508,0.1388
57,1457,1514,0.1388
56,1461,1517,0.1388
58,1472,1530,0.1388
57,1475,1532,0.1388
57,1479,1536,0.1388
56,1481,1537,0.1388
56,1461,1517,0.1388
56,1459,1515,0.1388
54,1449,1503,0.1388
55,1450,1505,0.1388
54,1455,1509,0.1388
53,1457,1510,0.1388
53,1448,1501,0.1388
55,1449,1504,0.1388
54,1460,1514,0.1388
57,1461,1518,0.1388
57,1466,1523,0.1388
57,1465,1522,0.1388
58,1467,1525,0.1388
57,1472,1529,0.1388
54,1467,1521,0.1388
51,1477,1528,0.1388
54,1478,1532,0.1388
53,1478,1531,0.1388
53,1464,1517,0.1388
53,1462,1515,0.1388
53,1467,1520,0.1388
53,1475,1528,0.1388
55,1470,1525,0.1388
55,1467,1522,0.1388
55,1465,1520,0.1388
54,1464,1518,0.1388
54,1470,1524,0.1388
54,1485,1539,0.1388
54,1486,1540,0.1388
54,1481,1535,0.1388
51,1480,1531,0.1388
50,1476,1526,0.1388
50,1466,1516,0.1388
49,1468,1517,0.1388
47,1458,1505,0.1388
46,1466,1512,0.1388
46,1453,1499,0.1388
47,1453,1500,0.1388
47,1448,1495,0.1388
45,1453,1498,0.1388
46,1452,1498,0.1388
46,1444,1490,0.1388
47,1445,1492,0.1388
48,1447,1495,0.1388
46,1460,1506,0.1388
44,1466,1510,0.1388
44,1459,1503,0.1388
44,1465,1509,0.1388
42,1470,1512,0.1388
41,1472,1513,0.1388
40,1478,1518,0.1388
38,1477,1515,0.1388
39,1485,1524,0.1388
42,1475,1517,0.1388
42,1473,1515,0.1388
40,1475,1515,0.1388
37,1471,1508,0.1388
39,1475,1514,0.1388
40,1463,1503,0.1388
42,1472,1514,0.1388
42,1455,1497,0.1388
40,1464,1504,0.1388
41,1467,1508,0.1388
44,1467,1511,0.1388
43,1464,1507,0.1388
43,1479,1522,0.1388
42,1476,1518,0.1388
42,1480,1522,0.1388
40,1480,1520,0.1388
38,1471,1509,0.1388
40,1479,1519,0.1388
41,1472,1513,0.1388
40,1481,1521,0.1388
41,1491,1532,0.1388
43,1495,1538,0.1388
41,1488,1529,0.1388
41,1475,1516,0.1388
43,1467,1510,0.1388
42,1452,1494,0.1388
46,1456,1502,0.1388
47,1459,1506,0.1388
48,1466,1514,0.1388
49,1451,1500,0.1388
50,1438,1488,0.1388
49,1451,1500,0.1388
49,1473,1522,0.1388
50,1469,1519,0.1388
51,1468,1519,0.1388
50,1460,1510,0.1388
52,1476,1528,0.1388
49,1460,1509,0.1388
49,1453,1502,0.1388
48,1460,1508,0.1388
48,1466,1514,0.1388
49,1460,1509,0.1388
49,1460,1509,0.1388
47,1466,1513,0.1388
47,1462,1509,0.1388
47,1455,1502,0.1388
46,1455,1501,0.1388
46,1472,1518,0.1388
47,1482,1529,0.1388
47,1479,1526,0.1388
45,1469,1514,0.1388
45,1465,1510,0.1388
44,1465,1509,0.1388
45,1468,1513,0.1388
47,1469,1516,0.1388
45,1469,1514,0.1388
44,1474,1518,0.1388
43,1463,1506,0.1388
47,1463,1510,0.1388
46,1461,1507,0.1388
46,1469,1515,0.1388
46,1470,1516,0.1388
46,1468,1514,0.1388
43,1482,1525,0.1388
43,1471,1514,0.1388
41,1477,1518,0.1388
41,1485,1526,0.1388
41,1471,1512,0.1388
43,1469,1512,0.1388
44,1466,1510,0.1388
42,1455,1497,0.1388
39,1467,1506,0.1388
39,1463,1502,0.1388
39,1470,1509,0.1388
39,1473,1512,0.1388
43,1477,1520,0.1388
41,1478,1519,0.1388
43,1471,1514,0.1388
42,1466,1508,0.1388
45,1461,1506,0.1388
46,1462,1508,0.1388
45,1465,1510,0.1388
45,1478,1523,0.1388
47,1472,1519,0.1388
48,1472,1520,0.1388
47,1472,1519,0.1388
49,1466,1515,0.1388
48,1465,1513,0.1388
48,1459,1507,0.1388
47,1468,1515,0.1388
45,1475,1520,0.1388
45,1481,1526,0.1388
44,1468,1512,0.1388
42,1469,1511,0.1388
41,1470,1511,0.1388
42,1458,1500,0.1388
42,1458,1500,0.1388
43,1467,1510,0.1388
44,1463,1507,0.1388
45,1469,1514,0.1388
45,1469,1514,0.1388
44,1474,1518,0.1388
46,1482,1528,0.1388
44,1475,1519,0.1388
44,1475,1519,0.1388
44,1467,1511,0.1388
46,1460,1506,0.1388
46,1462,1508,0.1388
43,1466,1509,0.1388
45,1472,1517,0.1388
45,1481,1526,0.1388
46,1477,1523,0.1388
45,1464,1509,0.1388
45,1472,1517,0.1388
46,1482,1528,0.1388
45,1490,1535,0.1388
45,1489,1534,0.1388
43,1472,1515,0.1388
42,1475,1517,0.1388
40,1462,1502,0.1388
41,1469,1510,0.1388
40,1470,1510,0.1388
42,1469,1511,0.1388
42,1473,1515,0.1388
41,1485,1526,0.1388
40,1486,1526,0.1388
40,1475,1515,0.1388
39,1471,1510,0.1388
38,1470,1508,0.1388
37,1477,1514,0.1388
38,1482,1520,0.1388
39,1478,1517,0.1388
37,1473,1510,0.1388
37,1468,1505,0.1388
37,1478,1515,0.1388
33,1485,1518,0.1388
32,1487,1519,0.1388
32,1474,1506,0.1388
32,1467,1499,0.1388
33,1472,1505,0.1388
34,1480,1514,0.1388
34,1488,1522,0.1388
33,1487,1520,0.1388
32,1488,1520,0.1388
32,1478,1510,0.1388
33,1494,1527,0.1388
30,1491,1521,0.1388
31,1491,1522,0.1388
31,1484,1515,0.1388
30,1484,1514,0.1388
31,1488,1519,0.1388
31,1486,1517,0.1388
31,1489,1520,0.1388
31,1488,1519,0.1388
34,1488,1522,0.1388
31,1479,1510,0.1388
29,1490,1519,0.1388
29,1483,1512,0.1388
29,1491,1520,0.1388
29,1495,1524,0.1388
30,1506,1536,0.1388
31,1499,1530,0.1388
30,1495,1525,0.1388
31,1478,1509,0.1388
29,1483,1512,0.1388
29,1495,1524,0.1388
31,1497,1528,0.1388
30,1489,1519,0.1388
30,1487,1517,0.1388
30,1474,1504,0.1388
29,1479,1508,0.1388
30,1482,1512,0.1388
29,1476,1505,0.1388
28,1480,1508,0.1388
28,1478,1506,0.1388
29,1475,1504,0.1388
29,1472,1501,0.1388
28,1479,1507,0.1388
26,1480,1506,0.1388
26,1480,1506,0.1388
26,1486,1512,0.1388
26,1488,1514,0.1388
26,1482,1508,0.1388
24,1492,1516,0.1388
24,1497,1521,0.1388
24,1499,1523,0.1388
24,1495,1519,0.1388
25,1502,1527,0.1388
24,1498,1522,0.1388
23,1485,1508,0.1388
21,1482,1503,0.1388
20,1485,1505,0.1388
22,1486,1508,0.1388
21,1490,1511,0.1388
21,1489,1510,0.1388
20,1485,1505,0.1388
19,1476,1495,0.1388
18,1494,1512,0.1388
19,1491,1510,0.1388
18,1501,1519,0.1388
19,1509,1528,0.1388
19,1509,1528,0.1388
19,1510,1529,0.1388
18,1501,1519,0.1388
17,1494,1511,0.1388
18,1502,1520,0.1388
19,1503,1522,0.1388
19,1500,1519,0.1388
20,1497,1517,0.1388
22,1502,1524,0.1388
22,1501,1523,0.1388
21,1505,1526,0.1388
21,1514,1535,0.1388
21,1515,1536,0.1388
20,1524,1544,0.1388
21,1505,1526,0.1388
21,1497,1518,0.1388
21,1496,1517,0.1388
21,1498,1519,0.1388
21,1498,1519,0.1388
21,1501,1522,0.1388
19,1504,1523,0.1388
17,1507,1524,0.1388
17,1517,1534,0.1388
16,1515,1531,0.1388
16,1523,1539,0.1388
16,1507,1523,0.1388
16,1511,1527,0.1388
16,1514,1530,0.1388
16,1516,1532,0.1388
17,1497,1514,0.1388
17,1505,1522,0.1388
19,1508,1527,0.1388
20,1508,1528,0.1388
20,1511,1531,0.1388
20,1504,1524,0.1388
21,1496,1517,0.1388
22,1497,1519,0.1388
21,1500,1521,0.1388
21,1492,1513,0.1388
19,1484,1503,0.1388
19,1480,1499,0.1388
19,1494,1513,0.1388
20,1508,1528,0.1388
19,1506,1525,0.1388
19,1499,1518,0.1388
19,1486,1505,0.1388
21,1490,1511,0.1388
23,1496,1519,0.1388
23,1509,1532,0.1388
24,1506,1530,0.1388
24,1505,1529,0.1388
22,1494,1516,0.1388
22,1501,1523,0.1388
22,1500,1522,0.1388
22,1495,1517,0.1388
21,1496,1517,0.1388
22,1493,1515,0.1388
22,1503,1525,0.1388
21,1516,1537,0.1388
21,1507,1528,0.1388
21,1494,1515,0.1388
20,1484,1504,0.1388
20,1476,1496,0.1388
22,1472,1494,0.1388
22,1484,1506,0.1388
22,1504,1526,0.1388
19,1491,1510,0.1388
18,1496,1514,0.1388
18,1505,1523,0.1388
18,1510,1528,0.1388
16,1503,1519,0.1388
18,1501,1519,0.1388
18,1494,1512,0.1388
18,1477,1495,0.1388
16,1486,1502,0.1388
16,1490,1506,0.1388
16,1494,1510,0.1388
15,1499,1514,0.1388
14,1509,1523,0.1388
13,1498,1511,0.1388
16,1509,1525,0.1388
16,1501,1517,0.1388
16,1510,1526,0.1388
16,1511,1527,0.1388
16,1508,1524,0.1388
16,1510,1526,0.1388
15,1501,1516,0.1388
15,1516,1531,0.1388
15,1506,1521,0.1388
15,1503,1518,0.1388
15,1505,1520,0.1388
15,1498,1513,0.1388
15,1512,1527,0.1388
14,1506,1520,0.1388
15,1494,1509,0.1388
16,1497,1513,0.1388
15,1503,1518,0.1388
15,1501,1516,0.1388
17,1504,1521,0.1388
17,1491,1508,0.1388
18,1495,1513,0.1388
18,1489,1507,0.1388
20,1490,1510,0.1388
21,1504,1525,0.1388
21,1502,1523,0.1388
22,1498,1520,0.1388
22,1502,1524,0.1388
21,1501,1522,0.1388
21,1496,1517,0.1388
20,1496,1516,0.1388
20,1497,1517,0.1388
21,1509,1530,0.1388
22,1505,1527,0.1388
21,1501,1522,0.1388
22,1501,1523,0.1388
21,1499,1520,0.1388
20,1504,1524,0.1388
20,1504,1524,0.1388
21,1505,1526,0.1388
23,1501,1524,0.1388
23,1495,1518,0.1388
24,1504,1528,0.1388
23,1495,1518,0.1388
23,1504,1527,0.1388
23,1501,1524,0.1388
23,1499,1522,0.1388
22,1494,1516,0.1388
23,1500,1523,0.1388
25,1488,1513,0.1388
24,1506,1530,0.1388
24,1511,1535,0.1388
22,1516,1538,0.1388
21,1513,1534,0.1388
22,1518,1540,0.1388
22,1519,1541,0.1388
22,1510,1532,0.1388
18,1512,1530,0.1388
21,1496,1517,0.1388
21,1507,1528,0.1388
19,1507,1526,0.1388
20,1498,1518,0.1388
20,1506,1526,0.1388
21,1510,1531,0.1388
21,1508,1529,0.1388
18,1503,1521,0.1388
18,1504,1522,0.1388
20,1510,1530,0.1388
20,1503,1523,0.1388
20,1492,1512,0.1388
20,1491,1511,0.1388
20,1490,1510,0.1388
22,1497,1519,0.1388
22,1493,1515,0.1388
23,1485,1508,0.1388
23,1478,1501,0.1388
20,1479,1499,0.1388
21,1487,1508,0.1388
23,1485,1508,0.1388
24,1477,1501,0.1388
24,1481,1505,0.1388
24,1504,1528,0.1388
22,1503,1525,0.1388
22,1500,1522,0.1388
21,1489,1510,0.1388
24,1485,1509,0.1388
24,1484,1508,0.1388
24,1473,1497,0.1388
25,1481,1506,0.1388
21,1481,1502,0.1388
20,1478,1498,0.1388
20,1483,1503,0.1388
21,1485,1506,0.1388
21,1491,1512,0.1388
21,1500,1521,0.1388
20,1494,1514,0.1388
20,1504,1524,0.1388
20,1479,1499,0.1388
20,1496,1516,0.1388
21,1504,1525,0.1388
20,1505,1525,0.1388
19,1498,1517,0.1388
19,1501,1520,0.1388
18,1495,1513,0.1388
16,1508,1524,0.1388
16,1506,1522,0.1388
16,1503,1519,0.1388
15,1500,1515,0.1388
15,1487,1502,0.1388
14,1490,1504,0.1388
14,1489,1503,0.1388
15,1501,1516,0.1388
14,1492,1506,0.1388
15,1485,1500,0.1388
16,1494,1510,0.1388
15,1499,1514,0.1388
15,1493,1508,0.1388
15,1499,1514,0.1388
17,1493,1510,0.1388
17,1496,1513,0.1388
18,1482,1500,0.1388
16,1487,1503,0.1388
17,1490,1507,0.1388
18,1486,1504,0.1388
19,1494,1513,0.1388
20,1498,1518,0.1388
20,1497,1517,0.1388
19,1482,1501,0.1388
18,1491,1509,0.1388
18,1486,1504,0.1388
17,1487,1504,0.1388
19,1503,1522,0.1388
19,1494,1513,0.1388
19,1501,1520,0.1388
19,1485,1504,0.1388
20,1480,1500,0.1388
20,1474,1494,0.1388
20,1486,1506,0.1388
20,1482,1502,0.1388
18,1489,1507,0.1388
17,1498,1515,0.1388
18,1489,1507,0.1388
18,1496,1514,0.1388
18,1507,1525,0.1388
17,1501,1518,0.1388
17,1496,1513,0.1388
18,1497,1515,0.1388
18,1514,1532,0.1388
19,1512,1531,0.1388
19,1501,1520,0.1388
19,1501,1520,0.1388
19,1495,1514,0.1388
19,1497,1516,0.1388
20,1494,1514,0.1388
19,1488,1507,0.1388
18,1487,1505,0.1388
16,1491,1507,0.1388
16,1499,1515,0.1388
17,1507,1524,0.1388
17,1503,1520,0.1388
16,1501,1517,0.1388
16,1504,1520,0.1388
15,1508,1523,0.1388
15,1493,1508,0.1388
14,1501,1515,0.1388
14,1514,1528,0.1388
14,1511,1525,0.1388
15,1512,1527,0.1388
15,1512,1527,0.1388
15,1512,1527,0.1388
13,1508,1521,0.1388
13,1521,1534,0.1388
13,1514,1527,0.1388
13,1510,1523,0.1388
13,1509,1522,0.1388
14,1507,1521,0.1388
15,1503,1518,0.1388
15,1500,1515,0.1388
16,1512,1528,0.1388
16,1504,1520,0.1388
14,1492,1506,0.1388
13,1501,1514,0.1388
13,1510,1523,0.1388
13,1500,1513,0.1388
12,1503,1515,0.1388
11,1516,1527,0.1388
13,1505,1518,0.1388
12,1499,1511,0.1388
13,1495,1508,0.1388
13,1500,1513,0.1388
13,1513,1526,0.1388
13,1491,1504,0.1388
13,1510,1523,0.1388
13,1514,1527,0.1388
13,1508,1521,0.1388
13,1502,1515,0.1388
13,1497,1510,0.1388
12,1493,1505,0.1388
12,1497,1509,0.1388
11,1492,1503,0.1388
11,1502,1513,0.1388
11,1501,1512,0.1388
12,1506,1518,0.1388
11,1494,1505,0.1388
9,1511,1520,0.1388
9,1496,1505,0.1388
10,1491,1501,0.1388
11,1498,1509,0.1388
9,1504,1513,0.1388
9,1510,1519,0.1388
9,1508,1517,0.1388
9,1517,1526,0.1388
9,1522,1531,0.1388
9,1523,1532,0.1388
9,1509,1518,0.1388
8,1501,1509,0.1388
8,1498,1506,0.1388
7,1496,1503,0.1388
7,1492,1499,0.1388
7,1494,1501,0.1388
7,1501,1508,0.1388
7,1500,1507,0.1388
7,1501,1508,0.1388
7,1508,1515,0.1388
7,1499,1506,0.1388
7,1506,1513,0.1388
7,1512,1519,0.1388
7,1507,1514,0.1388
8,1515,1523,0.1388
8,1508,1516,0.1388
7,1513,1520,0.1388
7,1505,1512,0.1388
6,1498,1504,0.1388
6,1495,1501,0.1388
7,1500,1507,0.1388
6,1514,1520,0.1388
7,1502,1509,0.1388
7,1510,1517,0.1388
8,1513,1521,0.1388
8,1497,1505,0.1388
7,1498,1505,0.1388
6,1499,1505,0.1388
6,1502,1508,0.1388
7,1502,1509,0.1388
7,1502,1509,0.1388
7,1507,1514,0.1388
7,1513,1520,0.1388
7,1525,1532,0.1388
6,1511,1517,0.1388
6,1527,1533,0.1388
6,1519,1525,0.1388
6,1520,1526,0.1388
6,1515,1521,0.1388
7,1507,1514,0.1388
8,1514,1522,0.1388
7,1504,1511,0.1388
8,1504,1512,0.1388
8,1495,1503,0.1388
9,1505,1514,0.1388
9,1510,1519,0.1388
9,1510,1519,0.1388
9,1520,1529,0.1388
9,1512,1521,0.1388
10,1504,1514,0.1388
11,1514,1525,0.1388
11,1509,1520,0.1388
11,1508,1519,0.1388
11,1520,1531,0.1388
11,1518,1529,0.1388
11,1517,1528,0.1388
10,1505,1515,0.1388
10,1513,1523,0.1388
10,1505,1515,0.1388
10,1488,1498,0.1388
10,1504,1514,0.1388
11,1498,1509,0.1388
11,1511,1522,0.1388
11,1508,1519,0.1388
10,1508,1518,0.1388
11,1513,1524,0.1388
10,1501,1511,0.1388
10,1510,1520,0.1388
10,1512,1522,0.1388
9,1499,1508,0.1388
9,1503,1512,0.1388
9,1504,1513,0.1388
8,1511,1519,0.1388
9,1515,1524,0.1388
9,1512,1521,0.1388
9,1512,1521,0.1388
8,1507,1515,0.1388
9,1501,1510,0.1388
9,1519,1528,0.1388
10,1519,1529,0.1388
9,1514,1523,0.1388
9,1506,1515,0.1388
9,1513,1522,0.1388
9,1512,1521,0.1388
9,1522,1531,0.1388
9,1521,1530,0.1388
8,1513,1521,0.1388
7,1513,1520,0.1388
7,1512,1519,0.1388
10,1505,1515,0.1388
12,1497,1509,0.1388
12,1502,1514,0.1388
12,1497,1509,0.1388
11,1496,1507,0.1388
11,1502,1513,0.1388
11,1505,1516,0.1388
11,1502,1513,0.1388
11,1508,1519,0.1388
11,1504,1515,0.1388
11,1515,1526,0.1388
11,1519,1530,0.1388
11,1518,1529,0.1388
11,1515,1526,0.1388
11,1505,1516,0.1388
11,1516,1527,0.1388
11,1510,1521,0.1388
10,1517,1527,0.1388
10,1516,1526,0.1388
9,1513,1522,0.1388
9,1497,1506,0.1388
9,1493,1502,0.1388
9,1502,1511,0.1388
9,1495,1504,0.1388
9,1505,1514,0.1388
9,1499,1508,0.1388
9,1508,1517,0.1388
9,1506,1515,0.1388
11,1502,1513,0.1388
11,1501,1512,0.1388
11,1505,1516,0.1388
9,1506,1515,0.1388
8,1508,1516,0.1388
9,1502,1511,0.1388
9,1508,1517,0.1388
9,1506,1515,0.1388
9,1503,1512,0.1388
8,1507,1515,0.1388
8,1511,1519,0.1388
8,1511,1519,0.1388
8,1503,1511,0.1388
8,1500,1508,0.1388
9,1522,1531,0.1388
9,1524,1533,0.1388
8,1504,1512,0.1388
8,1501,1509,0.1388
8,1511,1519,0.1388
8,1505,1513,0.1388
8,1511,1519,0.1388
8,1487,1495,0.1388
8,1491,1499,0.1388
8,1500,1508,0.1388
8,1503,1511,0.1388
8,1503,1511,0.1388
8,1505,1513,0.1388
8,1509,1517,0.1388
8,1519,1527,0.1388
9,1512,1521,0.1388
8,1508,1516,0.1388
8,1507,1515,0.1388
7,1503,1510,0.1388
6,1511,1517,0.1388
6,1484,1490,0.1388
6,1481,1487,0.1388
7,1476,1483,0.1388
8,1500,1508,0.1388
8,1502,1510,0.1388
7,1498,1505,0.1388
6,1505,1511,0.1388
6,1510,1516,0.1388
6,1512,1518,0.1388
6,1510,1516,0.1388
6,1512,1518,0.1388
6,1513,1519,0.1388
6,1514,1520,0.1388
6,1509,1515,0.1388
6,1506,1512,0.1388
6,1494,1500,0.1388
6,1492,1498,0.1388
6,1493,1499,0.1388
6,1507,1513,0.1388
6,1519,1525,0.1388
6,1527,1533,0.1388
6,1523,1529,0.1388
6,1517,1523,0.1388
6,1529,1535,0.1388
6,1520,1526,0.1388
6,1515,1521,0.1388
6,1505,1511,0.1388
6,1509,1515,0.1388
6,1514,1520,0.1388
6,1503,1509,0.1388
6,1495,1501,0.1388
6,1501,1507,0.1388
6,1498,1504,0.1388
6,1512,1518,0.1388
5,1527,1532,0.1388
5,1515,1520,0.1388
5,1515,1520,0.1388
5,1515,1520,0.1388
5,1514,1519,0.1388
5,1507,1512,0.1388
5,1514,1519,0.1388
5,1514,1519,0.1388
5,1514,1519,0.1388
5,1514,1519,0.1388
5,1513,1518,0.1388
5,1521,1526,0.1388
4,1503,1507,0.1388
4,1515,1519,0.1388
4,1503,1507,0.1388
4,1519,1523,0.1388
4,1520,1524,0.1388
4,1518,1522,0.1388
4,1511,1515,0.1388
4,1511,1515,0.1388
4,1516,1520,0.1388
4,1518,1522,0.1388
4,1517,1521,0.1388
4,1530,1534,0.1388
5,1518,1523,0.1388
5,1518,1523,0.1388
5,1491,1496,0.1388
5,1509,1514,0.1388
5,1521,1526,0.1388
5,1527,1532,0.1388
5,1523,1528,0.1388
5,1517,1522,0.1388
5,1521,1526,0.1388
5,1518,1523,0.1388
5,1515,1520,0.1388
5,1508,1513,0.1388
5,1501,1506,0.1388
5,1506,1511,0.1388
6,1503,1509,0.1388
6,1505,1511,0.1388
7,1512,1519,0.1388
7,1508,1515,0.1388
7,1502,1509,0.1388
7,1502,1509,0.1388
8,1507,1515,0.1388
8,1507,1515,0.1388
8,1498,1506,0.1388
8,1499,1507,0.1388
7,1509,1516,0.1388
7,1517,1524,0.1388
7,1513,1520,0.1388
6,1509,1515,0.1388
7,1511,1518,0.1388
7,1499,1506,0.1388
7,1507,1514,0.1388
7,1510,1517,0.1388
7,1519,1526,0.1388
6,1517,1523,0.1388
6,1521,1527,0.1388
6,1522,1528,0.1388
6,1530,1536,0.1388
6,1512,1518,0.1388
6,1509,1515,0.1388
6,1512,1518,0.1388
6,1508,1514,0.1388
6,1518,1524,0.1388
6,1511,1517,0.1388
6,1506,1512,0.1388
6,1508,1514,0.1388
5,1504,1509,0.1388
5,1508,1513,0.1388
5,1509,1514,0.1388
5,1516,1521,0.1388
5,1526,1531,0.1388
5,1517,1522,0.1388
4,1503,1507,0.1388
4,1518,1522,0.1388
4,1520,1524,0.1388
5,1515,1520,0.1388
6,1514,1520,0.1388
5,1521,1526,0.1388
6,1517,1523,0.1388
6,1500,1506,0.1388
6,1501,1507,0.1388
6,1503,1509,0.1388
4,1509,1513,0.1388
4,1513,1517,0.1388
5,1501,1506,0.1388
6,1508,1514,0.1388
6,1511,1517,0.1388
8,1512,1520,0.1388
8,1512,1520,0.1388
8,1515,1523,0.1388
8,1518,1526,0.1388
7,1519,1526,0.1388
7,1510,1517,0.1388
8,1514,1522,0.1388
7,1517,1524,0.1388
8,1498,1506,0.1388
9,1499,1508,0.1388
8,1496,1504,0.1388
8,1491,1499,0.1388
8,1505,1513,0.1388
8,1499,1507,0.1388
7,1492,1499,0.1388
7,1511,1518,0.1388
6,1511,1517,0.1388
6,1525,1531,0.1388
7,1518,1525,0.1388
6,1520,1526,0.1388
6,1522,1528,0.1388
7,1511,1518,0.1388
7,1505,1512,0.1388
7,1506,1513,0.1388
7,1496,1503,0.1388
7,1501,1508,0.1388
7,1497,1504,0.1388
7,1507,1514,0.1388
7,1519,1526,0.1388
7,1538,1545,0.1388
7,1525,1532,0.1388
7,1522,1529,0.1388
7,1512,1519,0.1388
7,1505,1512,0.1388
8,1515,1523,0.1388
8,1515,1523,0.1388
8,1523,1531,0.1388
8,1526,1534,0.1388
7,1513,1520,0.1388
7,1521,1528,0.1388
6,1535,1541,0.1388
6,1517,1523,0.1388
6,1522,1528,0.1388
6,1520,1526,0.1388
6,1520,1526,0.1388
6,1504,1510,0.1388
4,1508,1512,0.1388
4,1523,1527,0.1388
4,1520,1524,0.1388
4,1522,1526,0.1388
5,1510,1515,0.1388
7,1500,1507,0.1388
7,1511,1518,0.1388
8,1519,1527,0.1388
8,1526,1534,0.1388
7,1525,1532,0.1388
8,1533,1541,0.1388
8,1531,1539,0.1388
8,1527,1535,0.1388
7,1522,1529,0.1388
7,1513,1520,0.1388
7,1518,1525,0.1388
7,1521,1528,0.1388
7,1526,1533,0.1388
7,1529,1536,0.1388
8,1518,1526,0.1388
7,1524,1531,0.1388
7,1524,1531,0.1388
8,1527,1535,0.1388
9,1518,1527,0.1388
9,1510,1519,0.1388
8,1515,1523,0.1388
8,1505,1513,0.1388
8,1504,1512,0.1388
8,1513,1521,0.1388
7,1508,1515,0.1388
7,1507,1514,0.1388
6,1505,1511,0.1388
6,1502,1508,0.1388
6,1488,1494,0.1388
6,1504,1510,0.1388
6,1509,1515,0.1388
6,1515,1521,0.1388
5,1510,1515,0.1388
5,1515,1520,0.1388
5,1508,1513,0.1388
5,1503,1508,0.1388
5,1516,1521,0.1388
5,1507,1512,0.1388
5,1502,1507,0.1388
5,1498,1503,0.1388
5,1504,1509,0.1388
5,1512,1517,0.1388
5,1509,1514,0.1388
5,1514,1519,0.1388
5,1509,1514,0.1388
5,1504,1509,0.1388
5,1515,1520,0.1388
5,1511,1516,0.1388
5,1510,1515,0.1388
5,1510,1515,0.1388
5,1511,1516,0.1388
5,1518,1523,0.1388
5,1506,1511,0.1388
3,1507,1510,0.1388
3,1514,1517,0.1388
3,1503,1506,0.1388
3,1504,1507,0.1388
2,1516,1518,0.1388
2,1516,1518,0.1388
2,1507,1509,0.1388
2,1522,1524,0.1388
2,1527,1529,0.1388
2,1524,1526,0.1388
2,1524,1526,0.1388
2,1516,1518,0.1388
3,1522,1525,0.1388
3,1528,1531,0.1388
3,1523,1526,0.1388
3,1523,1526,0.1388
3,1521,1524,0.1388
3,1508,1511,0.1388
2,1502,1504,0.1388
2,1510,1512,0.1388
2,1501,1503,0.1388
1,1505,1506,0.1388
1,1512,1513,0.1388
1,1512,1513,0.1388
1,1508,1509,0.1388
1,1493,1494,0.1388
1,1504,1505,0.1388
1,1516,1517,0.1388
1,1507,1508,0.1388
1,1513,1514,0.1388
1,1514,1515,0.1388
1,1515,1516,0.1388
1,1523,1524,0.1388
1,1522,1523,0.1388
1,1513,1514,0.1388
1,1500,1501,0.1388
1,1498,1499,0.1388
1,1506,1507,0.1388
1,1515,1516,0.1388
1,1514,1515,0.1388
1,1508,1509,0.1388
1,1522,1523,0.1388
1,1525,1526,0.1388
1,1517,1518,0.1388
1,1512,1513,0.1388
1,1513,1514,0.1388
1,1501,1502,0.1388
1,1505,1506,0.1388
1,1513,1514,0.1388
1,1513,1514,0.1388
1,1512,1513,0.1388
2,1524,1526,0.1388
2,1511,1513,0.1388
2,1522,1524,0.1388
2,1526,1528,0.1388
2,1521,1523,0.1388
2,1512,1514,0.1388
2,1525,1527,0.1388
1,1519,1520,0.1388
1,1513,1514,0.1388
1,1513,1514,0.1388
1,1516,1517,0.1388
1,1507,1508,0.1388
1,1518,1519,0.1388
1,1517,1518,0.1388
1,1526,1527,0.1388
1,1529,1530,0.1388
1,1527,1528,0.1388
1,1520,1521,0.1388
1,1523,1524,0.1388
1,1525,1526,0.1388
1,1516,1517,0.1388
1,1520,1521,0.1388
1,1511,1512,0.1388
1,1524,1525,0.1388
1,1521,1522,0.1388
1,1521,1522,0.1388
1,1529,1530,0.1388
1,1533,1534,0.1388
1,1532,1533,0.1388
1,1528,1529,0.1388
1,1530,1531,0.1388
1,1523,1524,0.1388
1,1529,1530,0.1388
1,1535,1536,0.1388
1,1530,1531,0.1388
1,1523,1524,0.1388
1,1526,1527,0.1388
1,1522,1523,0.1388
1,1520,1521,0.1388
1,1509,1510,0.1388
1,1504,1505,0.1388
1,1503,1504,0.1388
1,1506,1507,0.1388
1,1508,1509,0.1388
1,1515,1516,0.1388
1,1513,1514,0.1388
1,1515,1516,0.1388
0,1509,1509,0.1388
