1362,29,1391,0.1388
1394,29,1423,0.1388
1424,28,1452,0.1388
1427,27,1454,0.1388
1425,26,1451,0.1388
1441,26,1467,0.1388
1460,25,1485,0.1388
1463,24,1487,0.1388
1466,20,1486,0.1388
1478,18,1496,0.1388
1480,16,1496,0.1388
1485,15,1500,0.1388
1475,16,1491,0.1388
1471,16,1487,0.1388
1485,16,1501,0.1388
1501,16,1517,0.1388
1483,18,1501,0.1388
1470,17,1487,0.1388
1476,18,1494,0.1388
1482,17,1499,0.1388
1476,17,1493,0.1388
1489,17,1506,0.1388
1469,15,1484,0.1388
1467,15,1482,0.1388
1478,15,1493,0.1388
1465,14,1479,0.1388
1484,13,1497,0.1388
1493,14,1507,0.1388
1490,14,1504,0.1388
1483,14,1497,0.1388
1484,16,1500,0.1388
1502,15,1517,0.1388
1498,15,1513,0.1388
1503,15,1518,0.1388
1508,15,1523,0.1388
1504,15,1519,0.1388
1500,14,1514,0.1388
1496,16,1512,0.1388
1482,15,1497,0.1388
1487,15,1502,0.1388
1477,16,1493,0.1388
1469,14,1483,0.1388
1468,13,1481,0.1388
1462,14,1476,0.1388
1479,14,1493,0.1388
1476,12,1488,0.1388
1482,13,1495,0.1388
1483,13,1496,0.1388
1479,14,1493,0.1388
1478,14,1492,0.1388
1491,13,1504,0.1388
1487,14,1501,0.1388
1486,14,1500,0.1388
1497,13,1510,0.1388
1495,13,1508,0.1388
1500,14,1514,0.1388
1501,14,1515,0.1388
1487,14,1501,0.1388
1492,15,1507,0.1388
1494,14,1508,0.1388
1474,12,1486,0.1388
1469,12,1481,0.1388
1481,15,1496,0.1388
1477,14,1491,0.1388
1472,14,1486,0.1388
1469,15,1484,0.1388
1473,14,1487,0.1388
1456,15,1471,0.1388
1466,15,1481,0.1388
1478,15,1493,0.1388
1474,16,1490,0.1388
1483,16,1499,0.1388
1485,17,1502,0.1388
1480,17,1497,0.1388
1475,16,1491,0.1388
1470,16,1486,0.1388
1457,17,1474,0.1388
1472,17,1489,0.1388
1463,18,1481,0.1388
1449,19,1468,0.1388
1469,19,1488,0.1388
1480,19,1499,0.1388
1470,17,1487,0.1388
1472,17,1489,0.1388
1469,18,1487,0.1388
1479,16,1495,0.1388
1494,16,1510,0.1388
1487,16,1503,0.1388
1474,17,1491,0.1388
1469,17,1486,0.1388
1474,17,1491,0.1388
1467,17,1484,0.1388
1478,17,1495,0.1388
1476,17,1493,0.1388
1460,16,1476,0.1388
1462,17,1479,0.1388
1457,16,1473,0.1388
1463,16,1479,0.1388
1475,17,1492,0.1388
1467,17,1484,0.1388
1468,17,1485,0.1388
1466,17,1483,0.1388
1466,15,1481,0.1388
1470,14,1484,0.1388
1473,14,1487,0.1388
1474,14,1488,0.1388
1485,14,1499,0.1388
1478,13,1491,0.1388
1474,14,1488,0.1388
1476,15,1491,0.1388
1475,14,1489,0.1388
1476,15,1491,0.1388
1459,14,1473,0.1388
1468,12,1480,0.1388
1483,12,1495,0.1388
1480,13,1493,0.1388
1472,13,1485,0.1388
1485,13,1498,0.1388
1487,13,1500,0.1388
1488,13,1501,0.1388
1489,13,1502,0.1388
1499,13,1512,0.1388
1497,14,1511,0.1388
1494,14,1508,0.1388
1487,13,1500,0.1388
1497,14,1511,0.1388
1474,14,1488,0.1388
1463,15,1478,0.1388
1467,14,1481,0.1388
1473,15,1488,0.1388
1481,14,1495,0.1388
1472,14,1486,0.1388
1465,13,1478,0.1388
1473,12,1485,0.1388
1465,12,1477,0.1388
1473,11,1484,0.1388
1475,10,1485,0.1388
1477,10,1487,0.1388
1484,12,1496,0.1388
1493,12,1505,0.1388
1500,12,1512,0.1388
1489,11,1500,0.1388
1484,11,1495,0.1388
1468,11,1479,0.1388
1470,11,1481,0.1388
1468,11,1479,0.1388
1476,11,1487,0.1388
1493,11,1504,0.1388
1480,11,1491,0.1388
1479,11,1490,0.1388
1488,11,1499,0.1388
1487,11,1498,0.1388
1472,12,1484,0.1388
1487,11,1498,0.1388
1478,11,1489,0.1388
1468,13,1481,0.1388
1473,11,1484,0.1388
1476,11,1487,0.1388
1485,11,1496,0.1388
1478,11,1489,0.1388
1468,10,1478,0.1388
1476,11,1487,0.1388
1482,12,1494,0.1388
1498,13,1511,0.1388
1490,12,1502,0.1388
1505,11,1516,0.1388
1509,10,1519,0.1388
1498,11,1509,0.1388
1484,12,1496,0.1388
1483,12,1495,0.1388
1497,11,1508,0.1388
1486,10,1496,0.1388
1491,11,1502,0.1388
1491,10,1501,0.1388
1490,9,1499,0.1388
1498,9,1507,0.1388
1504,8,1512,0.1388
1505,8,1513,0.1388
1510,6,1516,0.1388
1503,8,1511,0.1388
1502,7,1509,0.1388
1494,8,1502,0.1388
1490,8,1498,0.1388
1491,8,1499,0.1388
1485,8,1493,0.1388
1472,8,1480,0.1388
1481,8,1489,0.1388
1479,9,1488,0.1388
1467,9,1476,0.1388
1476,11,1487,0.1388
1488,12,1500,0.1388
1492,12,1504,0.1388
1484,12,1496,0.1388
1493,11,1504,0.1388
1485,10,1495,0.1388
1470,9,1479,0.1388
1474,9,1483,0.1388
1483,8,1491,0.1388
1483,8,1491,0.1388
1490,9,1499,0.1388
1488,9,1497,0.1388
1491,9,1500,0.1388
1483,8,1491,0.1388
1488,8,1496,0.1388
1491,9,1500,0.1388
1496,10,1506,0.1388
1492,10,1502,0.1388
1495,11,1506,0.1388
1482,10,1492,0.1388
1484,10,1494,0.1388
1475,11,1486,0.1388
1478,11,1489,0.1388
1472,10,1482,0.1388
1477,11,1488,0.1388
1480,11,1491,0.1388
1483,12,1495,0.1388
1487,11,1498,0.1388
1503,11,1514,0.1388
1484,12,1496,0.1388
1487,12,1499,0.1388
1468,12,1480,0.1388
1475,13,1488,0.1388
1466,13,1479,0.1388
1473,13,1486,0.1388
1469,14,1483,0.1388
1477,15,1492,0.1388
1485,16,1501,0.1388
1492,16,1508,0.1388
1490,16,1506,0.1388
1492,16,1508,0.1388
1498,16,1514,0.1388
1485,16,1501,0.1388
1486,15,1501,0.1388
1488,14,1502,0.1388
1463,14,1477,0.1388
1459,14,1473,0.1388
1453,13,1466,0.1388
1457,13,1470,0.1388
1478,13,1491,0.1388
1477,13,1490,0.1388
1477,14,1491,0.1388
1476,14,1490,0.1388
1486,14,1500,0.1388
1481,14,1495,0.1388
1468,13,1481,0.1388
1458,13,1471,0.1388
1462,14,1476,0.1388
1467,14,1481,0.1388
1486,15,1501,0.1388
1482,16,1498,0.1388
1482,17,1499,0.1388
1489,17,1506,0.1388
1488,18,1506,0.1388
1477,17,1494,0.1388
1486,18,1504,0.1388
1487,18,1505,0.1388
1487,18,1505,0.1388
1476,19,1495,0.1388
1476,19,1495,0.1388
1477,20,1497,0.1388
1477,19,1496,0.1388
1469,20,1489,0.1388
1482,21,1503,0.1388
1484,21,1505,0.1388
1479,21,1500,0.1388
1478,22,1500,0.1388
1466,22,1488,0.1388
1468,22,1490,0.1388
1469,23,1492,0.1388
1475,23,1498,0.1388
1474,22,1496,0.1388
1473,21,1494,0.1388
1468,22,1490,0.1388
1475,22,1497,0.1388
1466,23,1489,0.1388
1473,23,1496,0.1388
1467,24,1491,0.1388
1478,23,1501,0.1388
1474,23,1497,0.1388
1457,24,1481,0.1388
1456,25,1481,0.1388
1452,23,1475,0.1388
1449,20,1469,0.1388
1462,19,1481,0.1388
1471,21,1492,0.1388
1465,21,1486,0.1388
1471,21,1492,0.1388
1481,21,1502,0.1388
1474,23,1497,0.1388
1481,25,1506,0.1388
1470,24,1494,0.1388
1469,24,1493,0.1388
1454,24,1478,0.1388
1459,25,1484,0.1388
1469,25,1494,0.1388
1468,25,1493,0.1388
1465,26,1491,0.1388
1456,26,1482,0.1388
1454,24,1478,0.1388
1457,24,1481,0.1388
1462,23,1485,0.1388
1449,23,1472,0.1388
1452,24,1476,0.1388
1454,25,1479,0.1388
1459,27,1486,0.1388
1446,25,1471,0.1388
1466,26,1492,0.1388
1459,26,1485,0.1388
1460,27,1487,0.1388
1459,27,1486,0.1388
1478,26,1504,0.1388
1477,27,1504,0.1388
1484,27,1511,0.1388
1494,27,1521,0.1388
1478,26,1504,0.1388
1477,26,1503,0.1388
1475,27,1502,0.1388
1467,28,1495,0.1388
1461,27,1488,0.1388
1457,27,1484,0.1388
1459,29,1488,0.1388
1455,29,1484,0.1388
1451,31,1482,0.1388
1455,31,1486,0.1388
1470,31,1501,0.1388
1469,32,1501,0.1388
1468,31,1499,0.1388
1467,31,1498,0.1388
1471,31,1502,0.1388
1479,31,1510,0.1388
1477,30,1507,0.1388
1482,29,1511,0.1388
1480,27,1507,0.1388
1475,26,1501,0.1388
1476,27,1503,0.1388
1456,26,1482,0.1388
1455,28,1483,0.1388
1463,25,1488,0.1388
1455,27,1482,0.1388
1457,28,1485,0.1388
1450,27,1477,0.1388
1454,27,1481,0.1388
1462,27,1489,0.1388
1456,28,1484,0.1388
1454,30,1484,0.1388
1467,30,1497,0.1388
1463,31,1494,0.1388
1462,31,1493,0.1388
1455,30,1485,0.1388
1464,31,1495,0.1388
1469,31,1500,0.1388
1470,31,1501,0.1388
1452,30,1482,0.1388
1453,29,1482,0.1388
1451,28,1479,0.1388
1468,30,1498,0.1388
1469,30,1499,0.1388
1466,29,1495,0.1388
1469,31,1500,0.1388
1475,31,1506,0.1388
1456,32,1488,0.1388
1459,32,1491,0.1388
1466,33,1499,0.1388
1466,33,1499,0.1388
1455,34,1489,0.1388
1440,36,1476,0.1388
1438,35,1473,0.1388
1438,32,1470,0.1388
1443,32,1475,0.1388
1454,34,1488,0.1388
1446,36,1482,0.1388
1451,36,1487,0.1388
1441,37,1478,0.1388
1453,35,1488,0.1388
1457,37,1494,0.1388
1452,38,1490,0.1388
1452,38,1490,0.1388
1447,37,1484,0.1388
1455,39,1494,0.1388
1455,40,1495,0.1388
1466,41,1507,0.1388
1460,40,1500,0.1388
1451,39,1490,0.1388
1454,38,1492,0.1388
1452,37,1489,0.1388
1454,36,1490,0.1388
1441,35,1476,0.1388
1433,37,1470,0.1388
1443,38,1481,0.1388
1454,38,1492,0.1388
1450,38,1488,0.1388
1444,40,1484,0.1388
1451,40,1491,0.1388
1446,41,1487,0.1388
1454,38,1492,0.1388
1456,38,1494,0.1388
1446,40,1486,0.1388
1451,41,1492,0.1388
1454,45,1499,0.1388
1443,43,1486,0.1388
1436,41,1477,0.1388
1432,40,1472,0.1388
1445,40,1485,0.1388
1464,43,1507,0.1388
1455,42,1497,0.1388
1458,41,1499,0.1388
1448,41,1489,0.1388
1450,41,1491,0.1388
1454,40,1494,0.1388
1460,37,1497,0.1388
1460,39,1499,0.1388
1446,42,1488,0.1388
1438,42,1480,0.1388
1443,41,1484,0.1388
1443,42,1485,0.1388
1435,41,1476,0.1388
1464,40,1504,0.1388
1467,42,1509,0.1388
1469,42,1511,0.1388
1458,42,1500,0.1388
1444,43,1487,0.1388
1458,44,1502,0.1388
1459,43,1502,0.1388
1451,44,1495,0.1388
1453,44,1497,0.1388
1443,43,1486,0.1388
1459,45,1504,0.1388
1450,44,1494,0.1388
1462,44,1506,0.1388
1456,43,1499,0.1388
1449,44,1493,0.1388
1459,44,1503,0.1388
1463,43,1506,0.1388
1463,43,1506,0.1388
1450,41,1491,0.1388
1458,39,1497,0.1388
1446,38,1484,0.1388
1457,41,1498,0.1388
1456,40,1496,0.1388
1453,42,1495,0.1388
1462,42,1504,0.1388
1466,43,1509,0.1388
1476,41,1517,0.1388
1469,42,1511,0.1388
1456,40,1496,0.1388
1454,39,1493,0.1388
1452,38,1490,0.1388
1447,38,1485,0.1388
1441,41,1482,0.1388
1447,41,1488,0.1388
1457,41,1498,0.1388
1461,43,1504,0.1388
1439,43,1482,0.1388
1442,42,1484,0.1388
1450,41,1491,0.1388
1445,41,1486,0.1388
1453,44,1497,0.1388
1459,45,1504,0.1388
1459,45,1504,0.1388
1450,43,1493,0.1388
1458,44,1502,0.1388
1437,42,1479,0.1388
1441,43,1484,0.1388
1444,42,1486,0.1388
1448,43,1491,0.1388
1456,42,1498,0.1388
1451,43,1494,0.1388
1455,43,1498,0.1388
1451,44,1495,0.1388
1453,43,1496,0.1388
1453,44,1497,0.1388
1452,43,1495,0.1388
1446,42,1488,0.1388
1447,40,1487,0.1388
1437,43,1480,0.1388
1450,45,1495,0.1388
1450,46,1496,0.1388
1450,46,1496,0.1388
1454,47,1501,0.1388
1452,48,1500,0.1388
1449,48,1497,0.1388
1451,48,1499,0.1388
1441,51,1492,0.1388
1431,54,1485,0.1388
1448,55,1503,0.1388
1450,55,1505,0.1388
1458,53,1511,0.1388
1450,55,1505,0.1388
1444,56,1500,0.1388
1424,56,1480,0.1388
1430,53,1483,0.1388
1441,55,1496,0.1388
1450,54,1504,0.1388
1456,57,1513,0.1388
1443,58,1501,0.1388
1445,58,1503,0.1388
1426,60,1486,0.1388
1435,61,1496,0.1388
1437,62,1499,0.1388
1444,62,1506,0.1388
1444,63,1507,0.1388
1433,59,1492,0.1388
1432,59,1491,0.1388
1445,58,1503,0.1388
1431,62,1493,0.1388
1429,61,1490,0.1388
1432,59,1491,0.1388
1421,59,1480,0.1388
1436,60,1496,0.1388
1447,59,1506,0.1388
1440,63,1503,0.1388
1433,62,1495,0.1388
1440,63,1503,0.1388
1442,62,1504,0.1388
1449,64,1513,0.1388
1451,64,1515,0.1388
1427,63,1490,0.1388
1432,59,1491,0.1388
1434,56,1490,0.1388
1436,60,1496,0.1388
1424,61,1485,0.1388
1430,60,1490,0.1388
1429,59,1488,0.1388
1429,58,1487,0.1388
1440,57,1497,0.1388
1447,58,1505,0.1388
1448,58,1506,0.1388
1444,61,1505,0.1388
1440,63,1503,0.1388
1434,63,1497,0.1388
1431,65,1496,0.1388
1424,65,1489,0.1388
1426,66,1492,0.1388
1438,67,1505,0.1388
1427,65,1492,0.1388
1426,64,1490,0.1388
1433,64,1497,0.1388
1425,65,1490,0.1388
1427,68,1495,0.1388
1424,75,1499,0.1388
1417,71,1488,0.1388
1417,71,1488,0.1388
1414,71,1485,0.1388
1422,71,1493,0.1388
1416,73,1489,0.1388
1418,72,1490,0.1388
1423,70,1493,0.1388
1423,69,1492,0.1388
1417,70,1487,0.1388
1421,70,1491,0.1388
1418,71,1489,0.1388
1415,72,1487,0.1388
1422,71,1493,0.1388
1431,73,1504,0.1388
1431,74,1505,0.1388
1450,74,1524,0.1388
1432,74,1506,0.1388
1431,73,1504,0.1388
1425,72,1497,0.1388
1416,73,1489,0.1388
1418,74,1492,0.1388
1426,76,1502,0.1388
1415,73,1488,0.1388
1424,77,1501,0.1388
1425,78,1503,0.1388
1399,81,1480,0.1388
1400,78,1478,0.1388
1419,78,1497,0.1388
1424,80,1504,0.1388
1422,78,1500,0.1388
1418,81,1499,0.1388
1415,82,1497,0.1388
1429,80,1509,0.1388
1427,78,1505,0.1388
1412,79,1491,0.1388
1415,81,1496,0.1388
1415,82,1497,0.1388
1411,82,1493,0.1388
1398,79,1477,0.1388
1392,81,1473,0.1388
1403,82,1485,0.1388
1406,80,1486,0.1388
1422,77,1499,0.1388
1428,78,1506,0.1388
1419,76,1495,0.1388
1426,77,1503,0.1388
1409,79,1488,0.1388
1411,78,1489,0.1388
1419,79,1498,0.1388
1415,79,1494,0.1388
1413,81,1494,0.1388
1415,78,1493,0.1388
1414,77,1491,0.1388
1424,81,1505,0.1388
1420,84,1504,0.1388
1408,83,1491,0.1388
1411,81,1492,0.1388
1409,83,1492,0.1388
1403,84,1487,0.1388
1401,83,1484,0.1388
1405,83,1488,0.1388
1403,81,1484,0.1388
1400,82,1482,0.1388
1410,80,1490,0.1388
1414,77,1491,0.1388
1411,75,1486,0.1388
1414,74,1488,0.1388
1410,74,1484,0.1388
1427,75,1502,0.1388
1412,75,1487,0.1388
1422,76,1498,0.1388
1415,76,1491,0.1388
1418,76,1494,0.1388
1419,73,1492,0.1388
1413,76,1489,0.1388
1431,78,1509,0.1388
1422,79,1501,0.1388
1406,81,1487,0.1388
1397,84,1481,0.1388
1405,82,1487,0.1388
1409,86,1495,0.1388
1412,87,1499,0.1388
1409,86,1495,0.1388
1412,86,1498,0.1388
1415,86,1501,0.1388
1432,86,1518,0.1388
1425,89,1514,0.1388
1426,86,1512,0.1388
1428,91,1519,0.1388
1419,89,1508,0.1388
1434,85,1519,0.1388
1406,88,1494,0.1388
1404,88,1492,0.1388
1398,89,1487,0.1388
1387,91,1478,0.1388
1388,90,1478,0.1388
1388,90,1478,0.1388
1388,92,1480,0.1388
1386,92,1478,0.1388
1397,91,1488,0.1388
1391,91,1482,0.1388
1391,97,1488,0.1388
1387,102,1489,0.1388
1386,102,1488,0.1388
1396,99,1495,0.1388
1394,99,1493,0.1388
1402,101,1503,0.1388
1402,103,1505,0.1388
1405,105,1510,0.1388
1405,99,1504,0.1388
1399,104,1503,0.1388
1379,105,1484,0.1388
1391,105,1496,0.1388
1389,106,1495,0.1388
1384,104,1488,0.1388
1388,103,1491,0.1388
1389,103,1492,0.1388
1385,104,1489,0.1388
1386,109,1495,0.1388
1389,112,1501,0.1388
1386,112,1498,0.1388
1392,113,1505,0.1388
1381,115,1496,0.1388
1387,112,1499,0.1388
1384,114,1498,0.1388
1397,114,1511,0.1388
1389,112,1501,0.1388
1389,114,1503,0.1388
1386,110,1496,0.1388
1377,111,1488,0.1388
1374,109,1483,0.1388
1375,108,1483,0.1388
1381,107,1488,0.1388
1374,106,1480,0.1388
1388,108,1496,0.1388
1376,109,1485,0.1388
1383,111,1494,0.1388
1396,109,1505,0.1388
1388,109,1497,0.1388
1396,108,1504,0.1388
1399,107,1506,0.1388
1388,110,1498,0.1388
1389,111,1500,0.1388
1374,113,1487,0.1388
1371,113,1484,0.1388
1375,113,1488,0.1388
1369,114,1483,0.1388
1395,118,1513,0.1388
1389,118,1507,0.1388
1375,117,1492,0.1388
1379,119,1498,0.1388
1387,118,1505,0.1388
1385,117,1502,0.1388
1376,115,1491,0.1388
1373,110,1483,0.1388
1385,113,1498,0.1388
1391,113,1504,0.1388
1393,112,1505,0.1388
1390,114,1504,0.1388
1376,116,1492,0.1388
1374,117,1491,0.1388
1379,115,1494,0.1388
1377,115,1492,0.1388
1365,112,1477,0.1388
1368,111,1479,0.1388
1365,109,1474,0.1388
1365,109,1474,0.1388
1376,109,1485,0.1388
1378,111,1489,0.1388
1381,110,1491,0.1388
1390,112,1502,0.1388
1383,109,1492,0.1388
1381,107,1488,0.1388
1381,108,1489,0.1388
1372,111,1483,0.1388
1374,113,1487,0.1388
1378,115,1493,0.1388
1375,115,1490,0.1388
1369,113,1482,0.1388
1367,113,1480,0.1388
1366,112,1478,0.1388
1359,113,1472,0.1388
1366,112,1478,0.1388
1374,111,1485,0.1388
1380,116,1496,0.1388
1389,115,1504,0.1388
1380,116,1496,0.1388
1375,115,1490,0.1388
1378,118,1496,0.1388
1376,120,1496,0.1388
1387,119,1506,0.1388
1392,121,1513,0.1388
1395,123,1518,0.1388
1380,122,1502,0.1388
1369,124,1493,0.1388
1374,124,1498,0.1388
1359,125,1484,0.1388
1371,125,1496,0.1388
1368,125,1493,0.1388
1365,125,1490,0.1388
1366,124,1490,0.1388
1355,123,1478,0.1388
1348,123,1471,0.1388
1345,124,1469,0.1388
1359,125,1484,0.1388
1353,121,1474,0.1388
1367,121,1488,0.1388
1371,124,1495,0.1388
1352,126,1478,0.1388
1362,125,1487,0.1388
1364,122,1486,0.1388
1352,129,1481,0.1388
1358,126,1484,0.1388
1357,132,1489,0.1388
1357,133,1490,0.1388
1359,134,1493,0.1388
1353,133,1486,0.1388
1368,133,1501,0.1388
1350,134,1484,0.1388
1351,131,1482,0.1388
1349,128,1477,0.1388
1342,127,1469,0.1388
1350,131,1481,0.1388
1347,130,1477,0.1388
1346,129,1475,0.1388
1343,130,1473,0.1388
1352,128,1480,0.1388
1360,127,1487,0.1388
1359,127,1486,0.1388
1354,127,1481,0.1388
1359,131,1490,0.1388
1358,129,1487,0.1388
1348,130,1478,0.1388
1350,130,1480,0.1388
1348,131,1479,0.1388
1356,134,1490,0.1388
1349,136,1485,0.1388
1350,136,1486,0.1388
1364,139,1503,0.1388
1369,142,1511,0.1388
1367,142,1509,0.1388
1347,141,1488,0.1388
1348,143,1491,0.1388
1346,145,1491,0.1388
1340,146,1486,0.1388
1331,148,1479,0.1388
1346,147,1493,0.1388
1347,145,1492,0.1388
1348,149,1497,0.1388
1359,150,1509,0.1388
1361,152,1513,0.1388
1358,148,1506,0.1388
1353,151,1504,0.1388
1331,145,1476,0.1388
1330,150,1480,0.1388
1345,150,1495,0.1388
1346,146,1492,0.1388
1352,147,1499,0.1388
1348,144,1492,0.1388
1339,143,1482,0.1388
1322,144,1466,0.1388
1330,140,1470,0.1388
1334,140,1474,0.1388
1343,142,1485,0.1388
1341,148,1489,0.1388
1346,147,1493,0.1388
1352,148,1500,0.1388
1355,145,1500,0.1388
1347,145,1492,0.1388
1346,144,1490,0.1388
1328,146,1474,0.1388
1329,143,1472,0.1388
1334,145,1479,0.1388
1331,149,1480,0.1388
1324,151,1475,0.1388
1333,150,1483,0.1388
1338,151,1489,0.1388
1337,152,1489,0.1388
1349,153,1502,0.1388
1341,150,1491,0.1388
1360,148,1508,0.1388
1364,147,1511,0.1388
1355,147,1502,0.1388
1358,151,1509,0.1388
1350,153,1503,0.1388
1345,152,1497,0.1388
1335,155,1490,0.1388
1343,153,1496,0.1388
1360,151,1511,0.1388
1356,153,1509,0.1388
1347,150,1497,0.1388
1327,153,1480,0.1388
1324,152,1476,0.1388
1315,151,1466,0.1388
1336,152,1488,0.1388
1337,153,1490,0.1388
1340,157,1497,0.1388
1341,159,1500,0.1388
1352,158,1510,0.1388
1346,152,1498,0.1388
1357,153,1510,0.1388
1346,153,1499,0.1388
1351,146,1497,0.1388
1359,151,1510,0.1388
1351,150,1501,0.1388
1348,152,1500,0.1388
1353,154,1507,0.1388
1342,156,1498,0.1388
1353,154,1507,0.1388
1346,153,1499,0.1388
1335,149,1484,0.1388
1327,153,1480,0.1388
1332,153,1485,0.1388
1328,155,1483,0.1388
1320,149,1469,0.1388
1330,152,1482,0.1388
1339,152,1491,0.1388
1341,152,1493,0.1388
1333,149,1482,0.1388
1340,150,1490,0.1388
1335,152,1487,0.1388
1345,152,1497,0.1388
1350,149,1499,0.1388
1347,146,1493,0.1388
1339,150,1489,0.1388
1330,150,1480,0.1388
1335,154,1489,0.1388
1339,152,1491,0.1388
1343,156,1499,0.1388
1342,156,1498,0.1388
1355,158,1513,0.1388
1347,159,1506,0.1388
1344,158,1502,0.1388
1347,155,1502,0.1388
1332,156,1488,0.1388
1344,156,1500,0.1388
1351,160,1511,0.1388
1343,161,1504,0.1388
1335,169,1504,0.1388
1342,172,1514,0.1388
1344,169,1513,0.1388
1326,163,1489,0.1388
1330,168,1498,0.1388
1335,162,1497,0.1388
1336,163,1499,0.1388
1339,162,1501,0.1388
1344,159,1503,0.1388
1341,159,1500,0.1388
1346,159,1505,0.1388
1345,160,1505,0.1388
1356,159,1515,0.1388
1339,156,1495,0.1388
1334,157,1491,0.1388
1341,158,1499,0.1388
1339,156,1495,0.1388
1346,153,1499,0.1388
1332,149,1481,0.1388
1336,149,1485,0.1388
1326,149,1475,0.1388
1338,149,1487,0.1388
1341,149,1490,0.1388
1346,151,1497,0.1388
1328,152,1480,0.1388
1339,157,1496,0.1388
1335,157,1492,0.1388
1335,159,1494,0.1388
1344,154,1498,0.1388
1348,158,1506,0.1388
1337,159,1496,0.1388
1338,164,1502,0.1388
1340,166,1506,0.1388
1338,168,1506,0.1388
1347,172,1519,0.1388
1343,173,1516,0.1388
1338,172,1510,0.1388
1337,172,1509,0.1388
1333,173,1506,0.1388
1327,175,1502,0.1388
1326,177,1503,0.1388
1322,175,1497,0.1388
1310,174,1484,0.1388
1309,173,1482,0.1388
1309,168,1477,0.1388
1321,167,1488,0.1388
1321,168,1489,0.1388
1315,169,1484,0.1388
1319,172,1491,0.1388
1306,170,1476,0.1388
1305,171,1476,0.1388
1314,171,1485,0.1388
1310,176,1486,0.1388
1306,183,1489,0.1388
1307,185,1492,0.1388
1308,186,1494,0.1388
1313,189,1502,0.1388
1305,187,1492,0.1388
1314,188,1502,0.1388
1302,194,1496,0.1388
1309,190,1499,0.1388
1306,195,1501,0.1388
1308,192,1500,0.1388
1314,199,1513,0.1388
1311,197,1508,0.1388
1313,200,1513,0.1388
1307,197,1504,0.1388
1310,197,1507,0.1388
1317,199,1516,0.1388
1311,203,1514,0.1388
1306,207,1513,0.1388
1288,208,1496,0.1388
1287,210,1497,0.1388
1288,205,1493,0.1388
1273,211,1484,0.1388
1280,211,1491,0.1388
1276,216,1492,0.1388
1275,217,1492,0.1388
1267,218,1485,0.1388
1270,219,1489,0.1388
1277,219,1496,0.1388
1282,217,1499,0.1388
1269,218,1487,0.1388
1261,217,1478,0.1388
1250,220,1470,0.1388
1243,224,1467,0.1388
1239,221,1460,0.1388
1243,223,1466,0.1388
1261,222,1483,0.1388
1259,220,1479,0.1388
1260,219,1479,0.1388
1264,223,1487,0.1388
1259,224,1483,0.1388
1266,223,1489,0.1388
1264,228,1492,0.1388
1263,224,1487,0.1388
1254,224,1478,0.1388
1264,223,1487,0.1388
1263,223,1486,0.1388
1277,227,1504,0.1388
1276,227,1503,0.1388
1267,228,1495,0.1388
1276,229,1505,0.1388
1282,229,1511,0.1388
1282,231,1513,0.1388
1266,230,1496,0.1388
1259,229,1488,0.1388
1266,232,1498,0.1388
1272,232,1504,0.1388
1265,226,1491,0.1388
1266,227,1493,0.1388
1268,229,1497,0.1388
1263,233,1496,0.1388
1261,234,1495,0.1388
1260,233,1493,0.1388
1263,231,1494,0.1388
1244,237,1481,0.1388
1244,238,1482,0.1388
1251,233,1484,0.1388
1255,240,1495,0.1388
1258,237,1495,0.1388
1274,233,1507,0.1388
1270,232,1502,0.1388
1261,235,1496,0.1388
1274,235,1509,0.1388
1280,238,1518,0.1388
1277,236,1513,0.1388
1278,229,1507,0.1388
1285,236,1521,0.1388
1287,233,1520,0.1388
1265,228,1493,0.1388
1270,228,1498,0.1388
1271,227,1498,0.1388
1260,229,1489,0.1388
1263,231,1494,0.1388
1259,233,1492,0.1388
1264,233,1497,0.1388
1266,228,1494,0.1388
1267,230,1497,0.1388
1256,228,1484,0.1388
1254,230,1484,0.1388
1263,224,1487,0.1388
1258,225,1483,0.1388
1259,225,1484,0.1388
1244,227,1471,0.1388
1241,230,1471,0.1388
1253,229,1482,0.1388
1255,232,1487,0.1388
1254,227,1481,0.1388
1262,227,1489,0.1388
1258,229,1487,0.1388
1256,234,1490,0.1388
1257,231,1488,0.1388
1251,236,1487,0.1388
1252,243,1495,0.1388
1266,243,1509,0.1388
1271,242,1513,0.1388
1270,239,1509,0.1388
1268,241,1509,0.1388
1259,245,1504,0.1388
1250,241,1491,0.1388
1244,244,1488,0.1388
1251,244,1495,0.1388
1252,244,1496,0.1388
1248,245,1493,0.1388
1248,242,1490,0.1388
1246,242,1488,0.1388
1253,239,1492,0.1388
1254,235,1489,0.1388
1253,241,1494,0.1388
1265,244,1509,0.1388
1255,245,1500,0.1388
1262,240,1502,0.1388
1262,237,1499,0.1388
1257,246,1503,0.1388
1244,245,1489,0.1388
1229,245,1474,0.1388
1242,253,1495,0.1388
1232,252,1484,0.1388
1244,254,1498,0.1388
1229,258,1487,0.1388
1244,260,1504,0.1388
1241,261,1502,0.1388
1233,261,1494,0.1388
1231,260,1491,0.1388
1225,263,1488,0.1388
1223,262,1485,0.1388
1237,269,1506,0.1388
1237,271,1508,0.1388
1227,264,1491,0.1388
1217,264,1481,0.1388
1209,261,1470,0.1388
1222,258,1480,0.1388
1213,259,1472,0.1388
1211,268,1479,0.1388
1219,268,1487,0.1388
1217,268,1485,0.1388
1202,270,1472,0.1388
1203,270,1473,0.1388
1202,273,1475,0.1388
1195,278,1473,0.1388
1203,278,1481,0.1388
1209,280,1489,0.1388
1205,280,1485,0.1388
1221,277,1498,0.1388
1220,278,1498,0.1388
1219,280,1499,0.1388
1226,278,1504,0.1388
1225,278,1503,0.1388
1224,284,1508,0.1388
1216,287,1503,0.1388
1222,290,1512,0.1388
1222,289,1511,0.1388
1224,288,1512,0.1388
1215,298,1513,0.1388
1213,294,1507,0.1388
1213,291,1504,0.1388
1216,292,1508,0.1388
1225,291,1516,0.1388
1215,291,1506,0.1388
1213,282,1495,0.1388
1207,286,1493,0.1388
1206,288,1494,0.1388
1210,292,1502,0.1388
1202,296,1498,0.1388
1203,301,1504,0.1388
1196,301,1497,0.1388
1200,301,1501,0.1388
1201,299,1500,0.1388
1197,296,1493,0.1388
1191,294,1485,0.1388
1195,291,1486,0.1388
1191,298,1489,0.1388
1190,298,1488,0.1388
1185,305,1490,0.1388
1186,308,1494,0.1388
1182,309,1491,0.1388
1196,305,1501,0.1388
1205,301,1506,0.1388
1204,304,1508,0.1388
1200,304,1504,0.1388
1194,306,1500,0.1388
1184,304,1488,0.1388
1193,308,1501,0.1388
1192,306,1498,0.1388
1183,307,1490,0.1388
1179,308,1487,0.1388
1183,312,1495,0.1388
1185,310,1495,0.1388
1192,308,1500,0.1388
1193,309,1502,0.1388
1203,313,1516,0.1388
1205,310,1515,0.1388
1200,312,1512,0.1388
1201,308,1509,0.1388
1196,309,1505,0.1388
1202,310,1512,0.1388
1195,309,1504,0.1388
1196,307,1503,0.1388
1193,308,1501,0.1388
1182,309,1491,0.1388
1192,308,1500,0.1388
1196,307,1503,0.1388
1189,306,1495,0.1388
1193,312,1505,0.1388
1194,312,1506,0.1388
1203,306,1509,0.1388
1207,307,1514,0.1388
1202,309,1511,0.1388
1189,314,1503,0.1388
1205,314,1519,0.1388
1201,315,1516,0.1388
1197,314,1511,0.1388
1189,318,1507,0.1388
1185,319,1504,0.1388
1189,322,1511,0.1388
1186,313,1499,0.1388
1177,315,1492,0.1388
1182,319,1501,0.1388
1184,319,1503,0.1388
1184,318,1502,0.1388
1187,319,1506,0.1388
1183,319,1502,0.1388
1190,321,1511,0.1388
1181,323,1504,0.1388
1178,324,1502,0.1388
1183,319,1502,0.1388
1181,328,1509,0.1388
1171,329,1500,0.1388
1169,326,1495,0.1388
1173,325,1498,0.1388
1161,319,1480,0.1388
1170,325,1495,0.1388
1179,330,1509,0.1388
1183,330,1513,0.1388
1185,330,1515,0.1388
1187,330,1517,0.1388
1175,329,1504,0.1388
1170,326,1496,0.1388
1167,329,1496,0.1388
1169,328,1497,0.1388
1166,331,1497,0.1388
1166,333,1499,0.1388
1174,337,1511,0.1388
1169,334,1503,0.1388
1179,330,1509,0.1388
1177,336,1513,0.1388
1179,336,1515,0.1388
1175,324,1499,0.1388
1178,328,1506,0.1388
1176,323,1499,0.1388
1167,326,1493,0.1388
1163,335,1498,0.1388
1163,330,1493,0.1388
1156,340,1496,0.1388
1152,342,1494,0.1388
1162,339,1501,0.1388
1158,335,1493,0.1388
1151,336,1487,0.1388
1152,341,1493,0.1388
1151,338,1489,0.1388
1151,338,1489,0.1388
1154,344,1498,0.1388
1146,346,1492,0.1388
1151,353,1504,0.1388
1138,353,1491,0.1388
1132,354,1486,0.1388
1135,352,1487,0.1388
1136,357,1493,0.1388
1142,354,1496,0.1388
1138,358,1496,0.1388
1142,353,1495,0.1388
1149,358,1507,0.1388
1138,354,1492,0.1388
1143,357,1500,0.1388
1146,359,1505,0.1388
1142,356,1498,0.1388
1147,357,1504,0.1388
1150,355,1505,0.1388
1148,358,1506,0.1388
1140,361,1501,0.1388
1137,358,1495,0.1388
1133,357,1490,0.1388
1124,363,1487,0.1388
1124,368,1492,0.1388
1127,372,1499,0.1388
1129,370,1499,0.1388
1127,374,1501,0.1388
1117,382,1499,0.1388
1114,379,1493,0.1388
1117,381,1498,0.1388
1105,383,1488,0.1388
1112,384,1496,0.1388
1118,385,1503,0.1388
1122,386,1508,0.1388
1129,384,1513,0.1388
1132,387,1519,0.1388
1128,383,1511,0.1388
1111,385,1496,0.1388
1110,390,1500,0.1388
1127,389,1516,0.1388
1129,389,1518,0.1388
1122,383,1505,0.1388
1115,384,1499,0.1388
1120,389,1509,0.1388
1109,393,1502,0.1388
1114,398,1512,0.1388
1110,397,1507,0.1388
1116,400,1516,0.1388
1122,391,1513,0.1388
1114,388,1502,0.1388
1107,391,1498,0.1388
1118,389,1507,0.1388
1122,391,1513,0.1388
1114,392,1506,0.1388
1105,393,1498,0.1388
1103,389,1492,0.1388
1104,388,1492,0.1388
1104,383,1487,0.1388
1110,391,1501,0.1388
1099,385,1484,0.1388
1106,391,1497,0.1388
1099,389,1488,0.1388
1096,394,1490,0.1388
1111,397,1508,0.1388
1108,398,1506,0.1388
1098,400,1498,0.1388
1085,402,1487,0.1388
1082,411,1493,0.1388
1079,412,1491,0.1388
1080,414,1494,0.1388
1086,413,1499,0.1388
1080,414,1494,0.1388
1069,422,1491,0.1388
1069,425,1494,0.1388
1070,430,1500,0.1388
1079,427,1506,0.1388
1068,429,1497,0.1388
1054,427,1481,0.1388
1055,427,1482,0.1388
1069,421,1490,0.1388
1056,427,1483,0.1388
1055,426,1481,0.1388
1057,422,1479,0.1388
1062,417,1479,0.1388
1071,424,1495,0.1388
1073,426,1499,0.1388
1070,425,1495,0.1388
1061,431,1492,0.1388
1072,432,1504,0.1388
1079,429,1508,0.1388
1069,436,1505,0.1388
1067,425,1492,0.1388
1075,428,1503,0.1388
1071,425,1496,0.1388
1069,430,1499,0.1388
1070,433,1503,0.1388
1064,431,1495,0.1388
1071,435,1506,0.1388
1073,431,1504,0.1388
1072,433,1505,0.1388
1069,428,1497,0.1388
1072,433,1505,0.1388
1076,436,1512,0.1388
1060,433,1493,0.1388
1059,433,1492,0.1388
1062,429,1491,0.1388
1064,432,1496,0.1388
1068,435,1503,0.1388
1062,432,1494,0.1388
1060,428,1488,0.1388
1063,426,1489,0.1388
1065,428,1493,0.1388
1060,435,1495,0.1388
1069,429,1498,0.1388
1072,437,1509,0.1388
1062,435,1497,0.1388
1066,437,1503,0.1388
1065,434,1499,0.1388
1050,435,1485,0.1388
1064,433,1497,0.1388
1070,440,1510,0.1388
1077,441,1518,0.1388
1072,439,1511,0.1388
1061,441,1502,0.1388
1052,442,1494,0.1388
1050,441,1491,0.1388
1046,440,1486,0.1388
1042,446,1488,0.1388
1044,443,1487,0.1388
1043,437,1480,0.1388
1048,436,1484,0.1388
1049,444,1493,0.1388
1048,444,1492,0.1388
1047,436,1483,0.1388
1066,441,1507,0.1388
1069,439,1508,0.1388
1056,442,1498,0.1388
1045,447,1492,0.1388
1039,453,1492,0.1388
1037,448,1485,0.1388
1046,445,1491,0.1388
1049,454,1503,0.1388
1043,453,1496,0.1388
1058,458,1516,0.1388
1045,455,1500,0.1388
1041,465,1506,0.1388
1031,463,1494,0.1388
1026,464,1490,0.1388
1032,466,1498,0.1388
1027,468,1495,0.1388
1039,463,1502,0.1388
1037,461,1498,0.1388
1023,465,1488,0.1388
1025,462,1487,0.1388
1020,460,1480,0.1388
1027,454,1481,0.1388
1038,453,1491,0.1388
1035,459,1494,0.1388
1018,464,1482,0.1388
1025,472,1497,0.1388
1033,468,1501,0.1388
1019,475,1494,0.1388
1021,485,1506,0.1388
1024,481,1505,0.1388
1027,480,1507,0.1388
1041,479,1520,0.1388
1027,482,1509,0.1388
1023,483,1506,0.1388
1019,477,1496,0.1388
1022,475,1497,0.1388
1031,474,1505,0.1388
1022,469,1491,0.1388
1020,476,1496,0.1388
1029,471,1500,0.1388
1030,473,1503,0.1388
1027,474,1501,0.1388
1018,474,1492,0.1388
1016,470,1486,0.1388
1024,475,1499,0.1388
1017,477,1494,0.1388
1008,495,1503,0.1388
1005,499,1504,0.1388
1008,495,1503,0.1388
1012,494,1506,0.1388
1012,493,1505,0.1388
1019,502,1521,0.1388
1009,496,1505,0.1388
1011,503,1514,0.1388
1010,503,1513,0.1388
1006,502,1508,0.1388
996,498,1494,0.1388
1005,505,1510,0.1388
1004,502,1506,0.1388
1008,497,1505,0.1388
1010,500,1510,0.1388
1010,495,1505,0.1388
1009,491,1500,0.1388
1010,498,1508,0.1388
1011,494,1505,0.1388
1009,494,1503,0.1388
1012,491,1503,0.1388
1023,497,1520,0.1388
1010,496,1506,0.1388
1011,491,1502,0.1388
1004,488,1492,0.1388
1015,499,1514,0.1388
1015,498,1513,0.1388
1005,500,1505,0.1388
1012,504,1516,0.1388
998,503,1501,0.1388
1000,507,1507,0.1388
993,514,1507,0.1388
988,511,1499,0.1388
983,508,1491,0.1388
967,507,1474,0.1388
973,509,1482,0.1388
970,519,1489,0.1388
964,525,1489,0.1388
955,519,1474,0.1388
967,524,1491,0.1388
974,520,1494,0.1388
966,521,1487,0.1388
967,513,1480,0.1388
966,515,1481,0.1388
965,520,1485,0.1388
967,520,1487,0.1388
969,529,1498,0.1388
960,534,1494,0.1388
965,526,1491,0.1388
974,526,1500,0.1388
970,523,1493,0.1388
976,526,1502,0.1388
975,524,1499,0.1388
980,519,1499,0.1388
983,521,1504,0.1388
979,516,1495,0.1388
974,521,1495,0.1388
967,516,1483,0.1388
971,507,1478,0.1388
969,511,1480,0.1388
973,510,1483,0.1388
966,511,1477,0.1388
967,519,1486,0.1388
969,517,1486,0.1388
973,528,1501,0.1388
970,536,1506,0.1388
976,530,1506,0.1388
987,528,1515,0.1388
987,522,1509,0.1388
991,522,1513,0.1388
999,515,1514,0.1388
990,519,1509,0.1388
990,519,1509,0.1388
977,520,1497,0.1388
972,524,1496,0.1388
972,519,1491,0.1388
981,520,1501,0.1388
981,531,1512,0.1388
979,531,1510,0.1388
975,530,1505,0.1388
978,531,1509,0.1388
976,538,1514,0.1388
978,526,1504,0.1388
986,532,1518,0.1388
972,527,1499,0.1388
971,528,1499,0.1388
965,530,1495,0.1388
972,530,1502,0.1388
968,533,1501,0.1388
966,528,1494,0.1388
974,527,1501,0.1388
977,533,1510,0.1388
978,526,1504,0.1388
983,530,1513,0.1388
973,528,1501,0.1388
982,528,1510,0.1388
970,529,1499,0.1388
976,531,1507,0.1388
969,532,1501,0.1388
971,533,1504,0.1388
964,535,1499,0.1388
968,532,1500,0.1388
960,541,1501,0.1388
962,539,1501,0.1388
961,539,1500,0.1388
964,540,1504,0.1388
963,531,1494,0.1388
959,550,1509,0.1388
950,551,1501,0.1388
955,548,1503,0.1388
953,552,1505,0.1388
952,550,1502,0.1388
963,546,1509,0.1388
962,553,1515,0.1388
970,553,1523,0.1388
966,550,1516,0.1388
957,541,1498,0.1388
971,546,1517,0.1388
966,545,1511,0.1388
956,546,1502,0.1388
950,543,1493,0.1388
949,553,1502,0.1388
954,560,1514,0.1388
956,560,1516,0.1388
958,568,1526,0.1388
940,560,1500,0.1388
948,559,1507,0.1388
943,571,1514,0.1388
945,568,1513,0.1388
932,575,1507,0.1388
931,572,1503,0.1388
928,575,1503,0.1388
930,580,1510,0.1388
931,581,1512,0.1388
935,586,1521,0.1388
929,589,1518,0.1388
930,588,1518,0.1388
929,584,1513,0.1388
910,595,1505,0.1388
922,599,1521,0.1388
907,600,1507,0.1388
908,598,1506,0.1388
915,603,1518,0.1388
904,607,1511,0.1388
911,603,1514,0.1388
912,604,1516,0.1388
908,603,1511,0.1388
900,605,1505,0.1388
895,607,1502,0.1388
899,604,1503,0.1388
905,606,1511,0.1388
902,608,1510,0.1388
899,610,1509,0.1388
897,609,1506,0.1388
900,607,1507,0.1388
898,612,1510,0.1388
902,611,1513,0.1388
905,615,1520,0.1388
899,609,1508,0.1388
901,602,1503,0.1388
903,605,1508,0.1388
898,604,1502,0.1388
900,611,1511,0.1388
886,611,1497,0.1388
894,606,1500,0.1388
895,607,1502,0.1388
895,621,1516,0.1388
903,617,1520,0.1388
888,617,1505,0.1388
886,622,1508,0.1388
878,624,1502,0.1388
872,633,1505,0.1388
874,632,1506,0.1388
869,637,1506,0.1388
862,633,1495,0.1388
858,629,1487,0.1388
874,628,1502,0.1388
866,636,1502,0.1388
846,643,1489,0.1388
847,640,1487,0.1388
849,637,1486,0.1388
845,637,1482,0.1388
857,634,1491,0.1388
852,634,1486,0.1388
847,630,1477,0.1388
855,629,1484,0.1388
859,624,1483,0.1388
856,621,1477,0.1388
870,624,1494,0.1388
868,633,1501,0.1388
856,638,1494,0.1388
865,636,1501,0.1388
866,636,1502,0.1388
863,637,1500,0.1388
863,637,1500,0.1388
866,646,1512,0.1388
864,648,1512,0.1388
871,649,1520,0.1388
875,641,1516,0.1388
875,634,1509,0.1388
868,637,1505,0.1388
870,639,1509,0.1388
870,638,1508,0.1388
877,637,1514,0.1388
879,640,1519,0.1388
886,642,1528,0.1388
864,640,1504,0.1388
867,638,1505,0.1388
864,639,1503,0.1388
873,631,1504,0.1388
877,628,1505,0.1388
881,628,1509,0.1388
884,640,1524,0.1388
883,637,1520,0.1388
883,633,1516,0.1388
871,633,1504,0.1388
876,633,1509,0.1388
875,627,1502,0.1388
872,629,1501,0.1388
876,623,1499,0.1388
877,627,1504,0.1388
874,635,1509,0.1388
867,642,1509,0.1388
857,653,1510,0.1388
855,653,1508,0.1388
858,644,1502,0.1388
860,645,1505,0.1388
861,652,1513,0.1388
853,648,1501,0.1388
851,650,1501,0.1388
850,646,1496,0.1388
852,643,1495,0.1388
863,653,1516,0.1388
866,654,1520,0.1388
867,645,1512,0.1388
838,641,1479,0.1388
839,651,1490,0.1388
836,640,1476,0.1388
837,652,1489,0.1388
839,664,1503,0.1388
837,663,1500,0.1388
841,663,1504,0.1388
840,662,1502,0.1388
838,670,1508,0.1388
830,667,1497,0.1388
822,670,1492,0.1388
820,673,1493,0.1388
820,675,1495,0.1388
821,665,1486,0.1388
816,678,1494,0.1388
830,676,1506,0.1388
824,679,1503,0.1388
829,682,1511,0.1388
834,680,1514,0.1388
835,682,1517,0.1388
833,673,1506,0.1388
829,677,1506,0.1388
833,676,1509,0.1388
836,675,1511,0.1388
834,677,1511,0.1388
835,690,1525,0.1388
826,692,1518,0.1388
814,680,1494,0.1388
823,678,1501,0.1388
820,684,1504,0.1388
821,692,1513,0.1388
823,688,1511,0.1388
822,688,1510,0.1388
824,685,1509,0.1388
817,681,1498,0.1388
818,684,1502,0.1388
812,682,1494,0.1388
812,684,1496,0.1388
810,678,1488,0.1388
818,681,1499,0.1388
816,685,1501,0.1388
815,690,1505,0.1388
814,688,1502,0.1388
813,689,1502,0.1388
811,703,1514,0.1388
809,700,1509,0.1388
807,708,1515,0.1388
812,708,1520,0.1388
803,709,1512,0.1388
809,703,1512,0.1388
817,688,1505,0.1388
820,696,1516,0.1388
815,691,1506,0.1388
812,702,1514,0.1388
808,702,1510,0.1388
805,699,1504,0.1388
799,691,1490,0.1388
799,688,1487,0.1388
797,692,1489,0.1388
801,688,1489,0.1388
798,689,1487,0.1388
804,690,1494,0.1388
799,693,1492,0.1388
806,704,1510,0.1388
804,709,1513,0.1388
797,708,1505,0.1388
797,704,1501,0.1388
790,708,1498,0.1388
790,706,1496,0.1388
793,704,1497,0.1388
790,710,1500,0.1388
783,711,1494,0.1388
784,702,1486,0.1388
783,705,1488,0.1388
781,707,1488,0.1388
794,705,1499,0.1388
794,709,1503,0.1388
790,708,1498,0.1388
789,715,1504,0.1388
786,709,1495,0.1388
788,723,1511,0.1388
790,724,1514,0.1388
787,722,1509,0.1388
782,725,1507,0.1388
764,731,1495,0.1388
776,736,1512,0.1388
776,744,1520,0.1388
783,745,1528,0.1388
789,732,1521,0.1388
779,731,1510,0.1388
778,736,1514,0.1388
771,729,1500,0.1388
770,725,1495,0.1388
763,729,1492,0.1388
759,732,1491,0.1388
760,742,1502,0.1388
761,740,1501,0.1388
762,734,1496,0.1388
764,739,1503,0.1388
766,744,1510,0.1388
763,739,1502,0.1388
764,753,1517,0.1388
763,749,1512,0.1388
780,744,1524,0.1388
766,748,1514,0.1388
765,749,1514,0.1388
762,754,1516,0.1388
766,746,1512,0.1388
769,742,1511,0.1388
766,743,1509,0.1388
764,751,1515,0.1388
762,751,1513,0.1388
751,746,1497,0.1388
751,745,1496,0.1388
744,747,1491,0.1388
744,747,1491,0.1388
738,758,1496,0.1388
743,754,1497,0.1388
741,757,1498,0.1388
743,751,1494,0.1388
748,749,1497,0.1388
747,753,1500,0.1388
735,757,1492,0.1388
728,763,1491,0.1388
739,762,1501,0.1388
743,763,1506,0.1388
737,769,1506,0.1388
745,771,1516,0.1388
737,771,1508,0.1388
743,771,1514,0.1388
750,777,1527,0.1388
744,772,1516,0.1388
749,765,1514,0.1388
749,763,1512,0.1388
744,771,1515,0.1388
739,778,1517,0.1388
748,777,1525,0.1388
745,775,1520,0.1388
735,772,1507,0.1388
733,767,1500,0.1388
731,766,1497,0.1388
737,767,1504,0.1388
740,770,1510,0.1388
744,775,1519,0.1388
733,775,1508,0.1388
729,770,1499,0.1388
728,774,1502,0.1388
735,775,1510,0.1388
744,770,1514,0.1388
742,773,1515,0.1388
732,770,1502,0.1388
720,767,1487,0.1388
721,770,1491,0.1388
729,770,1499,0.1388
737,775,1512,0.1388
729,772,1501,0.1388
732,775,1507,0.1388
726,776,1502,0.1388
729,777,1506,0.1388
730,779,1509,0.1388
735,787,1522,0.1388
728,781,1509,0.1388
738,779,1517,0.1388
728,784,1512,0.1388
728,781,1509,0.1388
722,787,1509,0.1388
715,786,1501,0.1388
729,789,1518,0.1388
721,787,1508,0.1388
720,800,1520,0.1388
712,797,1509,0.1388
722,798,1520,0.1388
711,803,1514,0.1388
700,803,1503,0.1388
691,806,1497,0.1388
701,807,1508,0.1388
699,807,1506,0.1388
700,807,1507,0.1388
701,811,1512,0.1388
709,810,1519,0.1388
703,816,1519,0.1388
699,820,1519,0.1388
690,824,1514,0.1388
688,811,1499,0.1388
686,824,1510,0.1388
682,817,1499,0.1388
679,818,1497,0.1388
680,819,1499,0.1388
685,814,1499,0.1388
688,817,1505,0.1388
684,818,1502,0.1388
695,820,1515,0.1388
695,809,1504,0.1388
682,813,1495,0.1388
678,817,1495,0.1388
682,811,1493,0.1388
680,817,1497,0.1388
682,808,1490,0.1388
685,817,1502,0.1388
682,823,1505,0.1388
686,825,1511,0.1388
692,823,1515,0.1388
686,823,1509,0.1388
689,823,1512,0.1388
688,819,1507,0.1388
688,809,1497,0.1388
684,811,1495,0.1388
684,812,1496,0.1388
679,810,1489,0.1388
680,807,1487,0.1388
679,815,1494,0.1388
680,819,1499,0.1388
662,818,1480,0.1388
671,826,1497,0.1388
669,828,1497,0.1388
664,832,1496,0.1388
660,837,1497,0.1388
667,841,1508,0.1388
671,836,1507,0.1388
662,836,1498,0.1388
667,844,1511,0.1388
666,839,1505,0.1388
667,849,1516,0.1388
668,845,1513,0.1388
663,848,1511,0.1388
659,852,1511,0.1388
660,847,1507,0.1388
660,857,1517,0.1388
657,862,1519,0.1388
647,861,1508,0.1388
644,862,1506,0.1388
657,862,1519,0.1388
657,863,1520,0.1388
646,859,1505,0.1388
645,866,1511,0.1388
643,853,1496,0.1388
644,858,1502,0.1388
641,861,1502,0.1388
638,872,1510,0.1388
646,873,1519,0.1388
650,862,1512,0.1388
647,861,1508,0.1388
642,862,1504,0.1388
641,872,1513,0.1388
643,873,1516,0.1388
649,875,1524,0.1388
651,868,1519,0.1388
643,874,1517,0.1388
636,877,1513,0.1388
626,878,1504,0.1388
625,884,1509,0.1388
633,887,1520,0.1388
629,870,1499,0.1388
626,873,1499,0.1388
627,867,1494,0.1388
624,873,1497,0.1388
626,878,1504,0.1388
625,877,1502,0.1388
627,873,1500,0.1388
623,867,1490,0.1388
623,883,1506,0.1388
626,887,1513,0.1388
633,883,1516,0.1388
629,880,1509,0.1388
628,887,1515,0.1388
623,881,1504,0.1388
617,887,1504,0.1388
625,893,1518,0.1388
627,891,1518,0.1388
614,897,1511,0.1388
623,908,1531,0.1388
624,890,1514,0.1388
628,892,1520,0.1388
625,886,1511,0.1388
625,896,1521,0.1388
618,909,1527,0.1388
615,905,1520,0.1388
607,899,1506,0.1388
606,899,1505,0.1388
607,912,1519,0.1388
590,907,1497,0.1388
588,904,1492,0.1388
595,903,1498,0.1388
598,901,1499,0.1388
599,899,1498,0.1388
610,897,1507,0.1388
605,899,1504,0.1388
611,906,1517,0.1388
600,911,1511,0.1388
603,910,1513,0.1388
606,911,1517,0.1388
607,912,1519,0.1388
607,908,1515,0.1388
611,898,1509,0.1388
607,905,1512,0.1388
606,904,1510,0.1388
611,904,1515,0.1388
616,897,1513,0.1388
611,907,1518,0.1388
611,911,1522,0.1388
602,905,1507,0.1388
605,903,1508,0.1388
606,899,1505,0.1388
605,917,1522,0.1388
609,909,1518,0.1388
607,900,1507,0.1388
599,898,1497,0.1388
602,902,1504,0.1388
597,908,1505,0.1388
585,914,1499,0.1388
595,912,1507,0.1388
593,915,1508,0.1388
596,925,1521,0.1388
587,919,1506,0.1388
586,911,1497,0.1388
580,901,1481,0.1388
581,911,1492,0.1388
583,918,1501,0.1388
580,922,1502,0.1388
580,915,1495,0.1388
577,921,1498,0.1388
572,917,1489,0.1388
569,914,1483,0.1388
572,924,1496,0.1388
579,929,1508,0.1388
574,932,1506,0.1388
580,925,1505,0.1388
574,934,1508,0.1388
569,940,1509,0.1388
561,936,1497,0.1388
562,939,1501,0.1388
565,942,1507,0.1388
570,947,1517,0.1388
577,939,1516,0.1388
574,947,1521,0.1388
567,940,1507,0.1388
570,942,1512,0.1388
572,947,1519,0.1388
573,947,1520,0.1388
568,939,1507,0.1388
567,936,1503,0.1388
566,942,1508,0.1388
569,949,1518,0.1388
567,946,1513,0.1388
559,947,1506,0.1388
558,956,1514,0.1388
560,940,1500,0.1388
568,939,1507,0.1388
572,942,1514,0.1388
568,939,1507,0.1388
560,942,1502,0.1388
560,945,1505,0.1388
563,947,1510,0.1388
562,941,1503,0.1388
559,941,1500,0.1388
558,937,1495,0.1388
544,943,1487,0.1388
541,956,1497,0.1388
541,955,1496,0.1388
543,959,1502,0.1388
541,965,1506,0.1388
537,951,1488,0.1388
545,965,1510,0.1388
552,949,1501,0.1388
556,961,1517,0.1388
553,965,1518,0.1388
550,963,1513,0.1388
549,964,1513,0.1388
548,966,1514,0.1388
552,975,1527,0.1388
546,965,1511,0.1388
541,961,1502,0.1388
532,967,1499,0.1388
536,960,1496,0.1388
530,966,1496,0.1388
539,965,1504,0.1388
546,966,1512,0.1388
542,968,1510,0.1388
547,960,1507,0.1388
549,963,1512,0.1388
544,962,1506,0.1388
540,958,1498,0.1388
543,944,1487,0.1388
554,950,1504,0.1388
544,972,1516,0.1388
551,966,1517,0.1388
539,962,1501,0.1388
547,964,1511,0.1388
555,965,1520,0.1388
552,955,1507,0.1388
547,955,1502,0.1388
554,958,1512,0.1388
550,960,1510,0.1388
544,962,1506,0.1388
545,966,1511,0.1388
546,973,1519,0.1388
550,968,1518,0.1388
551,970,1521,0.1388
554,966,1520,0.1388
555,963,1518,0.1388
555,965,1520,0.1388
551,967,1518,0.1388
548,954,1502,0.1388
544,961,1505,0.1388
556,957,1513,0.1388
559,964,1523,0.1388
556,967,1523,0.1388
552,961,1513,0.1388
547,962,1509,0.1388
547,962,1509,0.1388
549,966,1515,0.1388
550,968,1518,0.1388
551,968,1519,0.1388
543,968,1511,0.1388
546,960,1506,0.1388
544,961,1505,0.1388
544,962,1506,0.1388
546,966,1512,0.1388
545,975,1520,0.1388
551,968,1519,0.1388
551,959,1510,0.1388
551,963,1514,0.1388
543,958,1501,0.1388
552,964,1516,0.1388
550,971,1521,0.1388
554,970,1524,0.1388
551,972,1523,0.1388
543,972,1515,0.1388
542,975,1517,0.1388
538,976,1514,0.1388
537,980,1517,0.1388
534,954,1488,0.1388
535,958,1493,0.1388
539,961,1500,0.1388
543,960,1503,0.1388
545,948,1493,0.1388
544,948,1492,0.1388
530,957,1487,0.1388
541,953,1494,0.1388
543,953,1496,0.1388
540,950,1490,0.1388
533,969,1502,0.1388
536,959,1495,0.1388
537,962,1499,0.1388
536,965,1501,0.1388
538,970,1508,0.1388
532,970,1502,0.1388
539,953,1492,0.1388
534,972,1506,0.1388
542,978,1520,0.1388
545,978,1523,0.1388
542,978,1520,0.1388
547,974,1521,0.1388
548,977,1525,0.1388
546,971,1517,0.1388
537,969,1506,0.1388
536,984,1520,0.1388
541,972,1513,0.1388
535,961,1496,0.1388
537,976,1513,0.1388
541,969,1510,0.1388
539,965,1504,0.1388
537,970,1507,0.1388
532,973,1505,0.1388
533,980,1513,0.1388
531,978,1509,0.1388
534,972,1506,0.1388
534,966,1500,0.1388
531,969,1500,0.1388
533,963,1496,0.1388
538,964,1502,0.1388
541,955,1496,0.1388
548,965,1513,0.1388
538,971,1509,0.1388
542,965,1507,0.1388
537,974,1511,0.1388
542,964,1506,0.1388
541,964,1505,0.1388
535,976,1511,0.1388
529,977,1506,0.1388
523,987,1510,0.1388
518,988,1506,0.1388
516,977,1493,0.1388
524,979,1503,0.1388
530,989,1519,0.1388
532,983,1515,0.1388
526,992,1518,0.1388
535,985,1520,0.1388
533,982,1515,0.1388
525,989,1514,0.1388
529,975,1504,0.1388
531,976,1507,0.1388
534,971,1505,0.1388
541,977,1518,0.1388
539,987,1526,0.1388
532,989,1521,0.1388
537,987,1524,0.1388
536,988,1524,0.1388
533,990,1523,0.1388
528,997,1525,0.1388
527,989,1516,0.1388
534,989,1523,0.1388
536,993,1529,0.1388
530,982,1512,0.1388
536,975,1511,0.1388
533,980,1513,0.1388
535,987,1522,0.1388
527,995,1522,0.1388
529,994,1523,0.1388
530,991,1521,0.1388
526,991,1517,0.1388
516,990,1506,0.1388
519,971,1490,0.1388
530,977,1507,0.1388
530,976,1506,0.1388
529,977,1506,0.1388
535,975,1510,0.1388
532,972,1504,0.1388
529,976,1505,0.1388
534,977,1511,0.1388
525,974,1499,0.1388
528,975,1503,0.1388
532,976,1508,0.1388
525,991,1516,0.1388
521,985,1506,0.1388
529,979,1508,0.1388
525,973,1498,0.1388
535,987,1522,0.1388
536,976,1512,0.1388
537,975,1512,0.1388
540,978,1518,0.1388
534,982,1516,0.1388
533,997,1530,0.1388
527,999,1526,0.1388
533,989,1522,0.1388
531,987,1518,0.1388
531,993,1524,0.1388
530,1004,1534,0.1388
530,1004,1534,0.1388
529,1002,1531,0.1388
523,996,1519,0.1388
524,985,1509,0.1388
524,980,1504,0.1388
526,987,1513,0.1388
523,988,1511,0.1388
521,988,1509,0.1388
527,974,1501,0.1388
521,991,1512,0.1388
519,993,1512,0.1388
523,988,1511,0.1388
524,989,1513,0.1388
514,992,1506,0.1388
515,1001,1516,0.1388
520,1002,1522,0.1388
518,990,1508,0.1388
521,987,1508,0.1388
517,992,1509,0.1388
522,986,1508,0.1388
523,984,1507,0.1388
530,986,1516,0.1388
525,985,1510,0.1388
514,994,1508,0.1388
518,993,1511,0.1388
520,998,1518,0.1388
506,992,1498,0.1388
511,1000,1511,0.1388
514,993,1507,0.1388
508,992,1500,0.1388
500,1007,1507,0.1388
504,1006,1510,0.1388
509,1002,1511,0.1388
510,990,1500,0.1388
511,990,1501,0.1388
516,993,1509,0.1388
514,1003,1517,0.1388
522,1002,1524,0.1388
525,998,1523,0.1388
522,998,1520,0.1388
523,987,1510,0.1388
524,983,1507,0.1388
527,973,1500,0.1388
532,982,1514,0.1388
520,989,1509,0.1388
523,983,1506,0.1388
526,996,1522,0.1388
520,988,1508,0.1388
521,991,1512,0.1388
526,995,1521,0.1388
528,986,1514,0.1388
527,979,1506,0.1388
523,977,1500,0.1388
520,987,1507,0.1388
516,994,1510,0.1388
511,987,1498,0.1388
513,989,1502,0.1388
519,988,1507,0.1388
523,1001,1524,0.1388
520,990,1510,0.1388
523,989,1512,0.1388
520,994,1514,0.1388
525,998,1523,0.1388
523,999,1522,0.1388
521,991,1512,0.1388
520,997,1517,0.1388
522,996,1518,0.1388
519,993,1512,0.1388
512,985,1497,0.1388
518,996,1514,0.1388
516,1003,1519,0.1388
513,1011,1524,0.1388
512,1008,1520,0.1388
507,1009,1516,0.1388
507,1000,1507,0.1388
500,1002,1502,0.1388
501,1011,1512,0.1388
501,1004,1505,0.1388
504,1004,1508,0.1388
499,1009,1508,0.1388
496,1005,1501,0.1388
496,1007,1503,0.1388
492,1009,1501,0.1388
491,1010,1501,0.1388
482,1014,1496,0.1388
489,1013,1502,0.1388
501,1013,1514,0.1388
502,1005,1507,0.1388
505,1005,1510,0.1388
500,1016,1516,0.1388
498,1000,1498,0.1388
502,1009,1511,0.1388
505,1013,1518,0.1388
507,1006,1513,0.1388
501,1000,1501,0.1388
499,1001,1500,0.1388
498,1003,1501,0.1388
495,1004,1499,0.1388
504,1000,1504,0.1388
501,1003,1504,0.1388
498,1003,1501,0.1388
495,1006,1501,0.1388
483,993,1476,0.1388
485,1003,1488,0.1388
488,992,1480,0.1388
493,992,1485,0.1388
492,987,1479,0.1388
492,980,1472,0.1388
497,985,1482,0.1388
492,984,1476,0.1388
491,992,1483,0.1388
499,993,1492,0.1388
503,997,1500,0.1388
502,987,1489,0.1388
503,997,1500,0.1388
496,1005,1501,0.1388
492,1006,1498,0.1388
489,1003,1492,0.1388
498,1000,1498,0.1388
496,1001,1497,0.1388
494,1006,1500,0.1388
500,1004,1504,0.1388
493,1008,1501,0.1388
489,1013,1502,0.1388
485,1011,1496,0.1388
482,1010,1492,0.1388
483,1008,1491,0.1388
483,1013,1496,0.1388
484,1031,1515,0.1388
490,1032,1522,0.1388
492,1036,1528,0.1388
490,1034,1524,0.1388
490,1021,1511,0.1388
492,1023,1515,0.1388
484,1021,1505,0.1388
482,1023,1505,0.1388
484,1013,1497,0.1388
482,1013,1495,0.1388
485,1028,1513,0.1388
489,1023,1512,0.1388
489,1020,1509,0.1388
489,1014,1503,0.1388
481,1026,1507,0.1388
483,1027,1510,0.1388
487,1020,1507,0.1388
488,1027,1515,0.1388
487,1032,1519,0.1388
486,1031,1517,0.1388
482,1031,1513,0.1388
478,1029,1507,0.1388
474,1030,1504,0.1388
473,1018,1491,0.1388
466,1016,1482,0.1388
466,1018,1484,0.1388
473,1023,1496,0.1388
481,1018,1499,0.1388
484,1024,1508,0.1388
479,1019,1498,0.1388
484,1024,1508,0.1388
482,1025,1507,0.1388
484,1031,1515,0.1388
487,1026,1513,0.1388
486,1035,1521,0.1388
480,1035,1515,0.1388
481,1036,1517,0.1388
482,1023,1505,0.1388
478,1022,1500,0.1388
476,1025,1501,0.1388
483,1034,1517,0.1388
476,1034,1510,0.1388
479,1024,1503,0.1388
481,1019,1500,0.1388
479,1022,1501,0.1388
482,1022,1504,0.1388
477,1037,1514,0.1388
478,1030,1508,0.1388
473,1027,1500,0.1388
476,1032,1508,0.1388
483,1027,1510,0.1388
478,1039,1517,0.1388
484,1037,1521,0.1388
482,1035,1517,0.1388
482,1039,1521,0.1388
474,1041,1515,0.1388
473,1035,1508,0.1388
474,1033,1507,0.1388
480,1041,1521,0.1388
476,1039,1515,0.1388
478,1025,1503,0.1388
472,1031,1503,0.1388
469,1030,1499,0.1388
471,1036,1507,0.1388
464,1035,1499,0.1388
470,1028,1498,0.1388
472,1017,1489,0.1388
469,1027,1496,0.1388
471,1035,1506,0.1388
469,1037,1506,0.1388
469,1025,1494,0.1388
473,1023,1496,0.1388
473,1038,1511,0.1388
473,1031,1504,0.1388
475,1037,1512,0.1388
475,1038,1513,0.1388
481,1029,1510,0.1388
479,1031,1510,0.1388
476,1044,1520,0.1388
475,1044,1519,0.1388
475,1052,1527,0.1388
477,1049,1526,0.1388
478,1047,1525,0.1388
476,1041,1517,0.1388
471,1046,1517,0.1388
464,1034,1498,0.1388
467,1034,1501,0.1388
468,1039,1507,0.1388
466,1038,1504,0.1388
470,1039,1509,0.1388
463,1051,1514,0.1388
465,1042,1507,0.1388
479,1036,1515,0.1388
469,1040,1509,0.1388
477,1029,1506,0.1388
472,1036,1508,0.1388
469,1040,1509,0.1388
470,1032,1502,0.1388
466,1036,1502,0.1388
469,1033,1502,0.1388
476,1031,1507,0.1388
477,1035,1512,0.1388
482,1042,1524,0.1388
484,1036,1520,0.1388
493,1036,1529,0.1388
487,1043,1530,0.1388
483,1037,1520,0.1388
486,1048,1534,0.1388
476,1050,1526,0.1388
475,1035,1510,0.1388
478,1044,1522,0.1388
475,1043,1518,0.1388
476,1048,1524,0.1388
473,1041,1514,0.1388
463,1048,1511,0.1388
465,1054,1519,0.1388
463,1046,1509,0.1388
464,1033,1497,0.1388
461,1043,1504,0.1388
462,1042,1504,0.1388
467,1046,1513,0.1388
461,1047,1508,0.1388
463,1045,1508,0.1388
462,1047,1509,0.1388
468,1033,1501,0.1388
465,1033,1498,0.1388
463,1049,1512,0.1388
470,1046,1516,0.1388
464,1046,1510,0.1388
457,1048,1505,0.1388
456,1045,1501,0.1388
459,1061,1520,0.1388
457,1057,1514,0.1388
460,1055,1515,0.1388
465,1057,1522,0.1388
464,1057,1521,0.1388
455,1043,1498,0.1388
451,1055,1506,0.1388
459,1051,1510,0.1388
457,1062,1519,0.1388
457,1066,1523,0.1388
453,1070,1523,0.1388
459,1069,1528,0.1388
454,1063,1517,0.1388
457,1053,1510,0.1388
452,1049,1501,0.1388
448,1045,1493,0.1388
454,1058,1512,0.1388
453,1058,1511,0.1388
452,1061,1513,0.1388
449,1050,1499,0.1388
443,1046,1489,0.1388
439,1040,1479,0.1388
444,1058,1502,0.1388
442,1060,1502,0.1388
446,1060,1506,0.1388
451,1054,1505,0.1388
455,1057,1512,0.1388
455,1061,1516,0.1388
459,1058,1517,0.1388
454,1063,1517,0.1388
450,1075,1525,0.1388
442,1068,1510,0.1388
442,1068,1510,0.1388
443,1068,1511,0.1388
439,1073,1512,0.1388
434,1072,1506,0.1388
442,1074,1516,0.1388
444,1072,1516,0.1388
441,1083,1524,0.1388
444,1081,1525,0.1388
451,1083,1534,0.1388
450,1062,1512,0.1388
432,1079,1511,0.1388
437,1074,1511,0.1388
435,1075,1510,0.1388
433,1082,1515,0.1388
430,1077,1507,0.1388
432,1088,1520,0.1388
433,1088,1521,0.1388
429,1092,1521,0.1388
429,1091,1520,0.1388
422,1090,1512,0.1388
429,1096,1525,0.1388
423,1091,1514,0.1388
427,1091,1518,0.1388
420,1092,1512,0.1388
413,1098,1511,0.1388
408,1105,1513,0.1388
412,1102,1514,0.1388
413,1098,1511,0.1388
411,1086,1497,0.1388
410,1084,1494,0.1388
411,1105,1516,0.1388
404,1109,1513,0.1388
404,1106,1510,0.1388
407,1110,1517,0.1388
409,1106,1515,0.1388
411,1104,1515,0.1388
415,1106,1521,0.1388
414,1094,1508,0.1388
411,1094,1505,0.1388
408,1099,1507,0.1388
415,1088,1503,0.1388
414,1098,1512,0.1388
410,1096,1506,0.1388
405,1097,1502,0.1388
401,1100,1501,0.1388
401,1104,1505,0.1388
406,1113,1519,0.1388
404,1101,1505,0.1388
396,1109,1505,0.1388
400,1107,1507,0.1388
412,1116,1528,0.1388
405,1119,1524,0.1388
408,1119,1527,0.1388
412,1120,1532,0.1388
409,1106,1515,0.1388
412,1098,1510,0.1388
410,1107,1517,0.1388
409,1117,1526,0.1388
410,1105,1515,0.1388
413,1091,1504,0.1388
406,1095,1501,0.1388
402,1099,1501,0.1388
404,1098,1502,0.1388
401,1102,1503,0.1388
405,1095,1500,0.1388
410,1097,1507,0.1388
406,1106,1512,0.1388
411,1111,1522,0.1388
406,1108,1514,0.1388
404,1121,1525,0.1388
408,1124,1532,0.1388
406,1114,1520,0.1388
403,1110,1513,0.1388
406,1113,1519,0.1388
404,1116,1520,0.1388
397,1114,1511,0.1388
401,1111,1512,0.1388
407,1107,1514,0.1388
403,1111,1514,0.1388
404,1115,1519,0.1388
397,1118,1515,0.1388
390,1118,1508,0.1388
392,1121,1513,0.1388
400,1114,1514,0.1388
397,1111,1508,0.1388
393,1116,1509,0.1388
395,1119,1514,0.1388
390,1117,1507,0.1388
386,1116,1502,0.1388
389,1131,1520,0.1388
390,1132,1522,0.1388
386,1140,1526,0.1388
391,1124,1515,0.1388
385,1117,1502,0.1388
382,1133,1515,0.1388
381,1135,1516,0.1388
387,1124,1511,0.1388
390,1122,1512,0.1388
390,1123,1513,0.1388
383,1126,1509,0.1388
379,1126,1505,0.1388
377,1113,1490,0.1388
386,1125,1511,0.1388
383,1124,1507,0.1388
384,1129,1513,0.1388
389,1133,1522,0.1388
384,1133,1517,0.1388
384,1132,1516,0.1388
381,1124,1505,0.1388
383,1125,1508,0.1388
379,1131,1510,0.1388
380,1133,1513,0.1388
377,1136,1513,0.1388
375,1128,1503,0.1388
374,1136,1510,0.1388
378,1136,1514,0.1388
375,1135,1510,0.1388
385,1138,1523,0.1388
383,1134,1517,0.1388
381,1130,1511,0.1388
381,1142,1523,0.1388
381,1141,1522,0.1388
385,1138,1523,0.1388
388,1137,1525,0.1388
382,1146,1528,0.1388
379,1146,1525,0.1388
381,1146,1527,0.1388
379,1140,1519,0.1388
372,1136,1508,0.1388
374,1143,1517,0.1388
377,1140,1517,0.1388
370,1134,1504,0.1388
371,1137,1508,0.1388
373,1126,1499,0.1388
375,1142,1517,0.1388
374,1133,1507,0.1388
369,1143,1512,0.1388
372,1129,1501,0.1388
368,1135,1503,0.1388
376,1148,1524,0.1388
372,1154,1526,0.1388
368,1147,1515,0.1388
374,1148,1522,0.1388
375,1134,1509,0.1388
370,1145,1515,0.1388
368,1146,1514,0.1388
368,1152,1520,0.1388
373,1154,1527,0.1388
376,1155,1531,0.1388
366,1156,1522,0.1388
366,1152,1518,0.1388
373,1145,1518,0.1388
367,1150,1517,0.1388
367,1149,1516,0.1388
356,1142,1498,0.1388
355,1132,1487,0.1388
359,1143,1502,0.1388
360,1151,1511,0.1388
358,1157,1515,0.1388
360,1159,1519,0.1388
362,1156,1518,0.1388
364,1152,1516,0.1388
361,1156,1517,0.1388
358,1159,1517,0.1388
358,1151,1509,0.1388
360,1149,1509,0.1388
362,1148,1510,0.1388
359,1159,1518,0.1388
350,1150,1500,0.1388
353,1149,1502,0.1388
351,1150,1501,0.1388
351,1146,1497,0.1388
350,1151,1501,0.1388
348,1161,1509,0.1388
353,1157,1510,0.1388
356,1158,1514,0.1388
348,1166,1514,0.1388
349,1166,1515,0.1388
345,1156,1501,0.1388
341,1165,1506,0.1388
341,1164,1505,0.1388
339,1163,1502,0.1388
341,1169,1510,0.1388
339,1178,1517,0.1388
335,1174,1509,0.1388
340,1174,1514,0.1388
345,1169,1514,0.1388
345,1165,1510,0.1388
348,1158,1506,0.1388
345,1167,1512,0.1388
342,1157,1499,0.1388
354,1161,1515,0.1388
353,1164,1517,0.1388
354,1157,1511,0.1388
354,1166,1520,0.1388
356,1168,1524,0.1388
357,1174,1531,0.1388
349,1170,1519,0.1388
349,1174,1523,0.1388
345,1168,1513,0.1388
338,1171,1509,0.1388
335,1176,1511,0.1388
339,1165,1504,0.1388
335,1173,1508,0.1388
333,1171,1504,0.1388
328,1162,1490,0.1388
336,1168,1504,0.1388
337,1168,1505,0.1388
337,1172,1509,0.1388
334,1182,1516,0.1388
329,1194,1523,0.1388
328,1189,1517,0.1388
329,1191,1520,0.1388
326,1197,1523,0.1388
326,1187,1513,0.1388
325,1186,1511,0.1388
329,1181,1510,0.1388
332,1179,1511,0.1388
334,1180,1514,0.1388
332,1176,1508,0.1388
334,1178,1512,0.1388
333,1184,1517,0.1388
333,1178,1511,0.1388
338,1167,1505,0.1388
334,1169,1503,0.1388
339,1165,1504,0.1388
338,1161,1499,0.1388
338,1161,1499,0.1388
342,1168,1510,0.1388
338,1169,1507,0.1388
336,1166,1502,0.1388
330,1185,1515,0.1388
331,1179,1510,0.1388
333,1190,1523,0.1388
330,1182,1512,0.1388
333,1177,1510,0.1388
337,1179,1516,0.1388
336,1186,1522,0.1388
332,1182,1514,0.1388
329,1189,1518,0.1388
324,1185,1509,0.1388
323,1185,1508,0.1388
325,1185,1510,0.1388
323,1178,1501,0.1388
326,1185,1511,0.1388
319,1171,1490,0.1388
322,1175,1497,0.1388
322,1175,1497,0.1388
329,1160,1489,0.1388
331,1169,1500,0.1388
327,1181,1508,0.1388
326,1189,1515,0.1388
324,1185,1509,0.1388
325,1178,1503,0.1388
322,1182,1504,0.1388
321,1183,1504,0.1388
324,1181,1505,0.1388
323,1188,1511,0.1388
317,1181,1498,0.1388
315,1178,1493,0.1388
321,1189,1510,0.1388
324,1187,1511,0.1388
317,1184,1501,0.1388
321,1184,1505,0.1388
331,1191,1522,0.1388
330,1186,1516,0.1388
331,1180,1511,0.1388
328,1182,1510,0.1388
326,1201,1527,0.1388
330,1198,1528,0.1388
330,1196,1526,0.1388
329,1187,1516,0.1388
335,1178,1513,0.1388
333,1174,1507,0.1388
331,1175,1506,0.1388
326,1166,1492,0.1388
332,1171,1503,0.1388
334,1175,1509,0.1388
323,1178,1501,0.1388
322,1188,1510,0.1388
328,1180,1508,0.1388
325,1177,1502,0.1388
328,1192,1520,0.1388
325,1184,1509,0.1388
320,1196,1516,0.1388
319,1193,1512,0.1388
323,1204,1527,0.1388
326,1195,1521,0.1388
329,1187,1516,0.1388
326,1192,1518,0.1388
325,1201,1526,0.1388
329,1197,1526,0.1388
326,1188,1514,0.1388
325,1194,1519,0.1388
325,1190,1515,0.1388
320,1200,1520,0.1388
318,1201,1519,0.1388
312,1219,1531,0.1388
314,1207,1521,0.1388
306,1200,1506,0.1388
308,1207,1515,0.1388
306,1211,1517,0.1388
308,1216,1524,0.1388
307,1217,1524,0.1388
307,1210,1517,0.1388
308,1198,1506,0.1388
303,1208,1511,0.1388
298,1210,1508,0.1388
309,1202,1511,0.1388
310,1206,1516,0.1388
306,1194,1500,0.1388
298,1204,1502,0.1388
297,1214,1511,0.1388
295,1218,1513,0.1388
295,1218,1513,0.1388
296,1216,1512,0.1388
296,1221,1517,0.1388
300,1226,1526,0.1388
293,1228,1521,0.1388
286,1233,1519,0.1388
288,1227,1515,0.1388
291,1217,1508,0.1388
294,1210,1504,0.1388
290,1209,1499,0.1388
292,1202,1494,0.1388
304,1200,1504,0.1388
302,1207,1509,0.1388
299,1197,1496,0.1388
296,1200,1496,0.1388
289,1223,1512,0.1388
289,1229,1518,0.1388
283,1226,1509,0.1388
280,1226,1506,0.1388
281,1234,1515,0.1388
275,1244,1519,0.1388
281,1232,1513,0.1388
284,1238,1522,0.1388
282,1240,1522,0.1388
281,1228,1509,0.1388
277,1233,1510,0.1388
280,1242,1522,0.1388
279,1236,1515,0.1388
276,1233,1509,0.1388
275,1234,1509,0.1388
276,1239,1515,0.1388
279,1238,1517,0.1388
272,1244,1516,0.1388
273,1228,1501,0.1388
269,1236,1505,0.1388
266,1230,1496,0.1388
266,1236,1502,0.1388
267,1241,1508,0.1388
262,1252,1514,0.1388
262,1258,1520,0.1388
257,1260,1517,0.1388
260,1261,1521,0.1388
259,1246,1505,0.1388
258,1255,1513,0.1388
257,1252,1509,0.1388
256,1271,1527,0.1388
260,1263,1523,0.1388
259,1270,1529,0.1388
259,1263,1522,0.1388
252,1260,1512,0.1388
249,1259,1508,0.1388
254,1265,1519,0.1388
254,1250,1504,0.1388
254,1254,1508,0.1388
253,1254,1507,0.1388
259,1252,1511,0.1388
261,1260,1521,0.1388
256,1265,1521,0.1388
259,1277,1536,0.1388
261,1268,1529,0.1388
262,1262,1524,0.1388
262,1251,1513,0.1388
261,1243,1504,0.1388
259,1254,1513,0.1388
257,1244,1501,0.1388
253,1247,1500,0.1388
249,1251,1500,0.1388
250,1257,1507,0.1388
252,1249,1501,0.1388
256,1245,1501,0.1388
256,1243,1499,0.1388
256,1248,1504,0.1388
253,1253,1506,0.1388
250,1242,1492,0.1388
253,1252,1505,0.1388
255,1250,1505,0.1388
255,1247,1502,0.1388
253,1253,1506,0.1388
246,1251,1497,0.1388
246,1257,1503,0.1388
242,1260,1502,0.1388
240,1266,1506,0.1388
238,1269,1507,0.1388
240,1270,1510,0.1388
241,1275,1516,0.1388
243,1270,1513,0.1388
246,1264,1510,0.1388
244,1263,1507,0.1388
240,1272,1512,0.1388
235,1271,1506,0.1388
241,1284,1525,0.1388
237,1297,1534,0.1388
233,1293,1526,0.1388
236,1293,1529,0.1388
236,1284,1520,0.1388
237,1286,1523,0.1388
238,1273,1511,0.1388
235,1272,1507,0.1388
231,1272,1503,0.1388
231,1279,1510,0.1388
232,1276,1508,0.1388
232,1288,1520,0.1388
234,1282,1516,0.1388
234,1284,1518,0.1388
228,1284,1512,0.1388
239,1269,1508,0.1388
241,1277,1518,0.1388
244,1281,1525,0.1388
240,1275,1515,0.1388
239,1276,1515,0.1388
234,1275,1509,0.1388
233,1279,1512,0.1388
235,1278,1513,0.1388
228,1289,1517,0.1388
228,1292,1520,0.1388
226,1294,1520,0.1388
223,1277,1500,0.1388
219,1279,1498,0.1388
222,1285,1507,0.1388
220,1289,1509,0.1388
221,1295,1516,0.1388
226,1296,1522,0.1388
223,1300,1523,0.1388
226,1296,1522,0.1388
225,1296,1521,0.1388
222,1295,1517,0.1388
223,1289,1512,0.1388
222,1283,1505,0.1388
220,1281,1501,0.1388
219,1282,1501,0.1388
225,1290,1515,0.1388
220,1299,1519,0.1388
220,1291,1511,0.1388
227,1299,1526,0.1388
219,1289,1508,0.1388
215,1304,1519,0.1388
216,1304,1520,0.1388
219,1298,1517,0.1388
213,1301,1514,0.1388
211,1301,1512,0.1388
204,1304,1508,0.1388
205,1298,1503,0.1388
205,1292,1497,0.1388
204,1302,1506,0.1388
219,1301,1520,0.1388
222,1305,1527,0.1388
222,1298,1520,0.1388
220,1291,1511,0.1388
219,1292,1511,0.1388
224,1301,1525,0.1388
225,1301,1526,0.1388
221,1308,1529,0.1388
220,1309,1529,0.1388
219,1299,1518,0.1388
213,1296,1509,0.1388
211,1292,1503,0.1388
211,1288,1499,0.1388
214,1306,1520,0.1388
214,1304,1518,0.1388
216,1304,1520,0.1388
220,1295,1515,0.1388
220,1283,1503,0.1388
220,1294,1514,0.1388
225,1304,1529,0.1388
221,1299,1520,0.1388
218,1289,1507,0.1388
216,1289,1505,0.1388
219,1290,1509,0.1388
217,1291,1508,0.1388
214,1275,1489,0.1388
217,1275,1492,0.1388
219,1281,1500,0.1388
227,1279,1506,0.1388
227,1282,1509,0.1388
222,1286,1508,0.1388
220,1289,1509,0.1388
215,1297,1512,0.1388
214,1301,1515,0.1388
213,1317,1530,0.1388
211,1312,1523,0.1388
207,1312,1519,0.1388
206,1300,1506,0.1388
208,1295,1503,0.1388
209,1297,1506,0.1388
207,1301,1508,0.1388
210,1297,1507,0.1388
206,1298,1504,0.1388
206,1299,1505,0.1388
205,1296,1501,0.1388
209,1317,1526,0.1388
209,1316,1525,0.1388
208,1313,1521,0.1388
207,1310,1517,0.1388
206,1314,1520,0.1388
208,1308,1516,0.1388
207,1307,1514,0.1388
207,1314,1521,0.1388
208,1308,1516,0.1388
211,1305,1516,0.1388
205,1301,1506,0.1388
208,1305,1513,0.1388
207,1311,1518,0.1388
207,1322,1529,0.1388
207,1323,1530,0.1388
206,1308,1514,0.1388
206,1307,1513,0.1388
209,1310,1519,0.1388
203,1312,1515,0.1388
205,1311,1516,0.1388
202,1304,1506,0.1388
202,1313,1515,0.1388
204,1317,1521,0.1388
209,1308,1517,0.1388
206,1300,1506,0.1388
210,1293,1503,0.1388
215,1296,1511,0.1388
219,1297,1516,0.1388
220,1293,1513,0.1388
220,1285,1505,0.1388
226,1286,1512,0.1388
223,1281,1504,0.1388
223,1300,1523,0.1388
222,1303,1525,0.1388
217,1291,1508,0.1388
214,1294,1508,0.1388
212,1286,1498,0.1388
211,1294,1505,0.1388
211,1297,1508,0.1388
217,1291,1508,0.1388
219,1294,1513,0.1388
219,1287,1506,0.1388
220,1283,1503,0.1388
221,1286,1507,0.1388
220,1276,1496,0.1388
222,1287,1509,0.1388
226,1289,1515,0.1388
223,1292,1515,0.1388
218,1293,1511,0.1388
216,1313,1529,0.1388
216,1308,1524,0.1388
216,1312,1528,0.1388
215,1309,1524,0.1388
212,1301,1513,0.1388
211,1304,1515,0.1388
205,1301,1506,0.1388
208,1299,1507,0.1388
206,1298,1504,0.1388
203,1298,1501,0.1388
205,1311,1516,0.1388
204,1304,1508,0.1388
206,1311,1517,0.1388
202,1308,1510,0.1388
200,1305,1505,0.1388
204,1306,1510,0.1388
201,1308,1509,0.1388
199,1313,1512,0.1388
200,1310,1510,0.1388
201,1309,1510,0.1388
201,1319,1520,0.1388
201,1317,1518,0.1388
199,1322,1521,0.1388
201,1325,1526,0.1388
204,1321,1525,0.1388
202,1311,1513,0.1388
205,1309,1514,0.1388
203,1313,1516,0.1388
204,1313,1517,0.1388
210,1309,1519,0.1388
205,1289,1494,0.1388
206,1300,1506,0.1388
209,1293,1502,0.1388
209,1302,1511,0.1388
204,1304,1508,0.1388
203,1310,1513,0.1388
202,1304,1506,0.1388
205,1293,1498,0.1388
204,1300,1504,0.1388
201,1303,1504,0.1388
205,1307,1512,0.1388
205,1313,1518,0.1388
200,1316,1516,0.1388
201,1309,1510,0.1388
203,1303,1506,0.1388
204,1306,1510,0.1388
202,1303,1505,0.1388
206,1306,1512,0.1388
207,1301,1508,0.1388
206,1307,1513,0.1388
205,1291,1496,0.1388
203,1297,1500,0.1388
204,1298,1502,0.1388
205,1301,1506,0.1388
208,1294,1502,0.1388
209,1298,1507,0.1388
211,1304,1515,0.1388
207,1303,1510,0.1388
200,1292,1492,0.1388
202,1302,1504,0.1388
202,1298,1500,0.1388
207,1294,1501,0.1388
204,1301,1505,0.1388
201,1302,1503,0.1388
204,1307,1511,0.1388
206,1310,1516,0.1388
206,1306,1512,0.1388
203,1307,1510,0.1388
203,1309,1512,0.1388
207,1318,1525,0.1388
207,1306,1513,0.1388
203,1316,1519,0.1388
196,1319,1515,0.1388
202,1308,1510,0.1388
204,1317,1521,0.1388
202,1309,1511,0.1388
201,1310,1511,0.1388
203,1307,1510,0.1388
204,1304,1508,0.1388
201,1315,1516,0.1388
201,1319,1520,0.1388
203,1327,1530,0.1388
204,1333,1537,0.1388
203,1333,1536,0.1388
197,1315,1512,0.1388
200,1311,1511,0.1388
198,1314,1512,0.1388
194,1306,1500,0.1388
188,1305,1493,0.1388
190,1319,1509,0.1388
197,1311,1508,0.1388
196,1318,1514,0.1388
196,1319,1515,0.1388
198,1312,1510,0.1388
198,1303,1501,0.1388
205,1307,1512,0.1388
206,1313,1519,0.1388
207,1321,1528,0.1388
207,1322,1529,0.1388
204,1310,1514,0.1388
202,1309,1511,0.1388
204,1304,1508,0.1388
205,1313,1518,0.1388
202,1316,1518,0.1388
201,1315,1516,0.1388
204,1311,1515,0.1388
198,1321,1519,0.1388
200,1327,1527,0.1388
201,1331,1532,0.1388
203,1319,1522,0.1388
201,1318,1519,0.1388
201,1322,1523,0.1388
202,1324,1526,0.1388
196,1333,1529,0.1388
190,1325,1515,0.1388
187,1330,1517,0.1388
191,1319,1510,0.1388
190,1322,1512,0.1388
188,1323,1511,0.1388
192,1313,1505,0.1388
191,1307,1498,0.1388
194,1308,1502,0.1388
198,1308,1506,0.1388
195,1310,1505,0.1388
195,1322,1517,0.1388
195,1333,1528,0.1388
194,1326,1520,0.1388
190,1320,1510,0.1388
188,1317,1505,0.1388
190,1309,1499,0.1388
194,1304,1498,0.1388
194,1306,1500,0.1388
195,1293,1488,0.1388
196,1302,1498,0.1388
199,1305,1504,0.1388
198,1312,1510,0.1388
198,1317,1515,0.1388
197,1322,1519,0.1388
200,1328,1528,0.1388
198,1319,1517,0.1388
196,1318,1514,0.1388
196,1319,1515,0.1388
192,1323,1515,0.1388
195,1315,1510,0.1388
192,1313,1505,0.1388
192,1321,1513,0.1388
191,1323,1514,0.1388
192,1335,1527,0.1388
189,1327,1516,0.1388
186,1327,1513,0.1388
186,1319,1505,0.1388
194,1309,1503,0.1388
192,1316,1508,0.1388
193,1322,1515,0.1388
192,1327,1519,0.1388
191,1326,1517,0.1388
188,1329,1517,0.1388
187,1343,1530,0.1388
185,1336,1521,0.1388
178,1343,1521,0.1388
177,1338,1515,0.1388
177,1344,1521,0.1388
177,1345,1522,0.1388
175,1329,1504,0.1388
175,1325,1500,0.1388
174,1327,1501,0.1388
173,1339,1512,0.1388
174,1336,1510,0.1388
172,1343,1515,0.1388
167,1330,1497,0.1388
166,1345,1511,0.1388
163,1346,1509,0.1388
164,1354,1518,0.1388
160,1352,1512,0.1388
159,1357,1516,0.1388
161,1366,1527,0.1388
159,1379,1538,0.1388
159,1374,1533,0.1388
159,1367,1526,0.1388
153,1370,1523,0.1388
152,1366,1518,0.1388
152,1366,1518,0.1388
155,1364,1519,0.1388
154,1366,1520,0.1388
155,1366,1521,0.1388
155,1367,1522,0.1388
153,1369,1522,0.1388
158,1365,1523,0.1388
151,1372,1523,0.1388
153,1374,1527,0.1388
152,1370,1522,0.1388
149,1358,1507,0.1388
150,1353,1503,0.1388
153,1358,1511,0.1388
151,1363,1514,0.1388
149,1366,1515,0.1388
147,1360,1507,0.1388
149,1362,1511,0.1388
148,1357,1505,0.1388
146,1359,1505,0.1388
148,1369,1517,0.1388
149,1382,1531,0.1388
151,1379,1530,0.1388
145,1369,1514,0.1388
149,1369,1518,0.1388
145,1377,1522,0.1388
145,1372,1517,0.1388
141,1365,1506,0.1388
141,1370,1511,0.1388
140,1361,1501,0.1388
143,1371,1514,0.1388
144,1367,1511,0.1388
144,1369,1513,0.1388
145,1371,1516,0.1388
146,1378,1524,0.1388
142,1376,1518,0.1388
137,1365,1502,0.1388
138,1364,1502,0.1388
134,1367,1501,0.1388
137,1362,1499,0.1388
138,1370,1508,0.1388
136,1380,1516,0.1388
135,1374,1509,0.1388
136,1367,1503,0.1388
131,1381,1512,0.1388
129,1389,1518,0.1388
129,1393,1522,0.1388
131,1399,1530,0.1388
133,1390,1523,0.1388
132,1386,1518,0.1388
129,1382,1511,0.1388
130,1375,1505,0.1388
131,1380,1511,0.1388
127,1387,1514,0.1388
128,1393,1521,0.1388
127,1389,1516,0.1388
129,1390,1519,0.1388
127,1389,1516,0.1388
126,1377,1503,0.1388
129,1372,1501,0.1388
127,1381,1508,0.1388
124,1394,1518,0.1388
124,1387,1511,0.1388
127,1380,1507,0.1388
127,1382,1509,0.1388
126,1394,1520,0.1388
125,1384,1509,0.1388
124,1378,1502,0.1388
124,1393,1517,0.1388
125,1390,1515,0.1388
124,1389,1513,0.1388
125,1368,1493,0.1388
122,1376,1498,0.1388
119,1389,1508,0.1388
116,1399,1515,0.1388
114,1395,1509,0.1388
115,1399,1514,0.1388
114,1399,1513,0.1388
114,1394,1508,0.1388
113,1399,1512,0.1388
114,1407,1521,0.1388
114,1408,1522,0.1388
116,1407,1523,0.1388
113,1407,1520,0.1388
113,1400,1513,0.1388
114,1402,1516,0.1388
114,1400,1514,0.1388
115,1409,1524,0.1388
117,1401,1518,0.1388
122,1397,1519,0.1388
119,1378,1497,0.1388
117,1377,1494,0.1388
122,1375,1497,0.1388
122,1369,1491,0.1388
121,1372,1493,0.1388
121,1377,1498,0.1388
123,1374,1497,0.1388
122,1368,1490,0.1388
123,1395,1518,0.1388
123,1401,1524,0.1388
123,1410,1533,0.1388
124,1411,1535,0.1388
119,1408,1527,0.1388
117,1399,1516,0.1388
110,1401,1511,0.1388
111,1412,1523,0.1388
111,1408,1519,0.1388
115,1408,1523,0.1388
113,1405,1518,0.1388
109,1409,1518,0.1388
115,1399,1514,0.1388
113,1403,1516,0.1388
112,1403,1515,0.1388
112,1410,1522,0.1388
109,1420,1529,0.1388
106,1418,1524,0.1388
107,1427,1534,0.1388
107,1437,1544,0.1388
107,1417,1524,0.1388
102,1409,1511,0.1388
103,1414,1517,0.1388
102,1415,1517,0.1388
100,1404,1504,0.1388
98,1401,1499,0.1388
96,1403,1499,0.1388
97,1404,1501,0.1388
96,1407,1503,0.1388
96,1409,1505,0.1388
94,1408,1502,0.1388
94,1421,1515,0.1388
94,1426,1520,0.1388
96,1426,1522,0.1388
96,1427,1523,0.1388
96,1423,1519,0.1388
97,1429,1526,0.1388
96,1414,1510,0.1388
94,1412,1506,0.1388
95,1406,1501,0.1388
94,1421,1515,0.1388
94,1428,1522,0.1388
93,1431,1524,0.1388
94,1432,1526,0.1388
93,1430,1523,0.1388
91,1445,1536,0.1388
89,1446,1535,0.1388
87,1441,1528,0.1388
88,1441,1529,0.1388
88,1437,1525,0.1388
88,1429,1517,0.1388
89,1434,1523,0.1388
88,1436,1524,0.1388
86,1440,1526,0.1388
84,1436,1520,0.1388
85,1430,1515,0.1388
83,1423,1506,0.1388
85,1419,1504,0.1388
83,1422,1505,0.1388
80,1417,1497,0.1388
79,1426,1505,0.1388
79,1424,1503,0.1388
78,1427,1505,0.1388
76,1434,1510,0.1388
81,1425,1506,0.1388
80,1432,1512,0.1388
78,1437,1515,0.1388
76,1433,1509,0.1388
73,1440,1513,0.1388
72,1450,1522,0.1388
74,1452,1526,0.1388
73,1455,1528,0.1388
72,1458,1530,0.1388
74,1461,1535,0.1388
77,1454,1531,0.1388
76,1431,1507,0.1388
76,1445,1521,0.1388
75,1449,1524,0.1388
68,1454,1522,0.1388
69,1454,1523,0.1388
68,1449,1517,0.1388
69,1455,1524,0.1388
67,1448,1515,0.1388
70,1448,1518,0.1388
67,1442,1509,0.1388
68,1452,1520,0.1388
68,1437,1505,0.1388
71,1446,1517,0.1388
72,1450,1522,0.1388
70,1452,1522,0.1388
71,1458,1529,0.1388
69,1456,1525,0.1388
67,1455,1522,0.1388
69,1446,1515,0.1388
68,1443,1511,0.1388
69,1453,1522,0.1388
69,1446,1515,0.1388
67,1446,1513,0.1388
66,1449,1515,0.1388
66,1444,1510,0.1388
67,1452,1519,0.1388
68,1464,1532,0.1388
66,1449,1515,0.1388
67,1450,1517,0.1388
63,1442,1505,0.1388
62,1442,1504,0.1388
63,1443,1506,0.1388
65,1456,1521,0.1388
64,1467,1531,0.1388
65,1466,1531,0.1388
65,1470,1535,0.1388
64,1449,1513,0.1388
63,1456,1519,0.1388
61,1453,1514,0.1388
61,1462,1523,0.1388
60,1454,1514,0.1388
62,1449,1511,0.1388
61,1448,1509,0.1388
58,1462,1520,0.1388
59,1462,1521,0.1388
59,1451,1510,0.1388
57,1451,1508,0.1388
57,1451,1508,0.1388
56,1445,1501,0.1388
56,1455,1511,0.1388
52,1456,1508,0.1388
54,1459,1513,0.1388
54,1453,1507,0.1388
54,1451,1505,0.1388
54,1452,1506,0.1388
55,1464,1519,0.1388
57,1445,1502,0.1388
59,1455,1514,0.1388
57,1458,1515,0.1388
56,1452,1508,0.1388
57,1459,1516,0.1388
54,1471,1525,0.1388
56,1463,1519,0.1388
55,1456,1511,0.1388
54,1465,1519,0.1388
52,1476,1528,0.1388
53,1463,1516,0.1388
54,1470,1524,0.1388
53,1478,1531,0.1388
53,1466,1519,0.1388
52,1470,1522,0.1388
49,1473,1522,0.1388
48,1479,1527,0.1388
47,1481,1528,0.1388
47,1464,1511,0.1388
48,1467,1515,0.1388
48,1465,1513,0.1388
49,1480,1529,0.1388
46,1473,1519,0.1388
44,1471,1515,0.1388
42,1466,1508,0.1388
43,1472,1515,0.1388
44,1472,1516,0.1388
46,1465,1511,0.1388
46,1464,1510,0.1388
45,1462,1507,0.1388
44,1468,1512,0.1388
44,1479,1523,0.1388
43,1475,1518,0.1388
43,1477,1520,0.1388
43,1473,1516,0.1388
45,1468,1513,0.1388
41,1472,1513,0.1388
39,1473,1512,0.1388
40,1471,1511,0.1388
40,1471,1511,0.1388
40,1468,1508,0.1388
39,1467,1506,0.1388
40,1472,1512,0.1388
40,1463,1503,0.1388
36,1463,1499,0.1388
37,1470,1507,0.1388
34,1463,1497,0.1388
37,1485,1522,0.1388
36,1482,1518,0.1388
34,1491,1525,0.1388
36,1495,1531,0.1388
36,1478,1514,0.1388
35,1481,1516,0.1388
37,1488,1525,0.1388
39,1484,1523,0.1388
39,1486,1525,0.1388
40,1493,1533,0.1388
40,1481,1521,0.1388
43,1483,1526,0.1388
42,1477,1519,0.1388
44,1484,1528,0.1388
43,1486,1529,0.1388
44,1488,1532,0.1388
43,1492,1535,0.1388
43,1479,1522,0.1388
42,1474,1516,0.1388
41,1467,1508,0.1388
39,1485,1524,0.1388
39,1496,1535,0.1388
38,1491,1529,0.1388
39,1485,1524,0.1388
39,1483,1522,0.1388
38,1465,1503,0.1388
38,1461,1499,0.1388
36,1459,1495,0.1388
36,1469,1505,0.1388
38,1465,1503,0.1388
38,1480,1518,0.1388
39,1472,1511,0.1388
41,1471,1512,0.1388
43,1471,1514,0.1388
42,1464,1506,0.1388
43,1481,1524,0.1388
39,1483,1522,0.1388
39,1479,1518,0.1388
40,1479,1519,0.1388
36,1470,1506,0.1388
36,1488,1524,0.1388
35,1479,1514,0.1388
35,1477,1512,0.1388
35,1487,1522,0.1388
34,1483,1517,0.1388
32,1487,1519,0.1388
32,1482,1514,0.1388
32,1480,1512,0.1388
32,1483,1515,0.1388
32,1486,1518,0.1388
33,1491,1524,0.1388
31,1479,1510,0.1388
31,1480,1511,0.1388
31,1473,1504,0.1388
32,1481,1513,0.1388
32,1490,1522,0.1388
32,1473,1505,0.1388
31,1485,1516,0.1388
30,1478,1508,0.1388
29,1481,1510,0.1388
29,1484,1513,0.1388
30,1478,1508,0.1388
32,1483,1515,0.1388
32,1484,1516,0.1388
32,1475,1507,0.1388
34,1475,1509,0.1388
33,1486,1519,0.1388
33,1494,1527,0.1388
32,1492,1524,0.1388
32,1498,1530,0.1388
32,1485,1517,0.1388
33,1487,1520,0.1388
32,1488,1520,0.1388
33,1473,1506,0.1388
34,1481,1515,0.1388
34,1474,1508,0.1388
33,1484,1517,0.1388
32,1483,1515,0.1388
32,1493,1525,0.1388
32,1492,1524,0.1388
32,1483,1515,0.1388
33,1493,1526,0.1388
33,1492,1525,0.1388
34,1502,1536,0.1388
33,1497,1530,0.1388
30,1497,1527,0.1388
30,1493,1523,0.1388
29,1486,1515,0.1388
28,1494,1522,0.1388
27,1508,1535,0.1388
27,1492,1519,0.1388
27,1493,1520,0.1388
27,1484,1511,0.1388
26,1507,1533,0.1388
28,1493,1521,0.1388
27,1496,1523,0.1388
26,1496,1522,0.1388
26,1493,1519,0.1388
26,1500,1526,0.1388
27,1497,1524,0.1388
28,1495,1523,0.1388
28,1480,1508,0.1388
25,1489,1514,0.1388
24,1494,1518,0.1388
23,1489,1512,0.1388
23,1503,1526,0.1388
24,1504,1528,0.1388
24,1499,1523,0.1388
24,1510,1534,0.1388
25,1505,1530,0.1388
24,1504,1528,0.1388
24,1491,1515,0.1388
24,1494,1518,0.1388
24,1487,1511,0.1388
26,1487,1513,0.1388
27,1489,1516,0.1388
25,1467,1492,0.1388
25,1457,1482,0.1388
24,1480,1504,0.1388
24,1494,1518,0.1388
24,1494,1518,0.1388
24,1486,1510,0.1388
25,1491,1516,0.1388
26,1494,1520,0.1388
26,1490,1516,0.1388
27,1493,1520,0.1388
27,1486,1513,0.1388
26,1486,1512,0.1388
25,1494,1519,0.1388
28,1493,1521,0.1388
26,1493,1519,0.1388
26,1488,1514,0.1388
27,1491,1518,0.1388
28,1492,1520,0.1388
30,1482,1512,0.1388
31,1481,1512,0.1388
32,1471,1503,0.1388
32,1485,1517,0.1388
31,1494,1525,0.1388
31,1501,1532,0.1388
32,1494,1526,0.1388
32,1472,1504,0.1388
29,1464,1493,0.1388
27,1483,1510,0.1388
24,1491,1515,0.1388
26,1499,1525,0.1388
26,1502,1528,0.1388
26,1499,1525,0.1388
26,1488,1514,0.1388
26,1503,1529,0.1388
25,1491,1516,0.1388
25,1494,1519,0.1388
26,1508,1534,0.1388
26,1503,1529,0.1388
26,1496,1522,0.1388
26,1490,1516,0.1388
25,1485,1510,0.1388
25,1481,1506,0.1388
26,1494,1520,0.1388
26,1486,1512,0.1388
26,1482,1508,0.1388
26,1485,1511,0.1388
27,1485,1512,0.1388
27,1469,1496,0.1388
28,1484,1512,0.1388
28,1483,1511,0.1388
28,1479,1507,0.1388
28,1481,1509,0.1388
29,1498,1527,0.1388
28,1504,1532,0.1388
27,1500,1527,0.1388
27,1498,1525,0.1388
28,1495,1523,0.1388
27,1494,1521,0.1388
26,1492,1518,0.1388
24,1491,1515,0.1388
23,1504,1527,0.1388
24,1513,1537,0.1388
24,1507,1531,0.1388
25,1516,1541,0.1388
25,1519,1544,0.1388
22,1521,1543,0.1388
21,1505,1526,0.1388
21,1490,1511,0.1388
22,1483,1505,0.1388
22,1488,1510,0.1388
22,1490,1512,0.1388
23,1486,1509,0.1388
24,1497,1521,0.1388
24,1488,1512,0.1388
24,1483,1507,0.1388
25,1490,1515,0.1388
25,1481,1506,0.1388
26,1469,1495,0.1388
26,1475,1501,0.1388
25,1476,1501,0.1388
22,1479,1501,0.1388
22,1500,1522,0.1388
21,1494,1515,0.1388
20,1499,1519,0.1388
20,1494,1514,0.1388
21,1495,1516,0.1388
21,1497,1518,0.1388
20,1486,1506,0.1388
20,1484,1504,0.1388
20,1483,1503,0.1388
21,1488,1509,0.1388
20,1484,1504,0.1388
23,1494,1517,0.1388
22,1482,1504,0.1388
21,1501,1522,0.1388
23,1515,1538,0.1388
23,1494,1517,0.1388
24,1500,1524,0.1388
24,1505,1529,0.1388
25,1515,1540,0.1388
24,1506,1530,0.1388
25,1489,1514,0.1388
25,1495,1520,0.1388
25,1497,1522,0.1388
26,1487,1513,0.1388
25,1492,1517,0.1388
24,1479,1503,0.1388
24,1472,1496,0.1388
25,1483,1508,0.1388
25,1500,1525,0.1388
25,1486,1511,0.1388
25,1478,1503,0.1388
26,1488,1514,0.1388
27,1495,1522,0.1388
28,1485,1513,0.1388
29,1487,1516,0.1388
28,1487,1515,0.1388
28,1493,1521,0.1388
27,1477,1504,0.1388
25,1483,1508,0.1388
26,1487,1513,0.1388
26,1495,1521,0.1388
26,1507,1533,0.1388
25,1490,1515,0.1388
25,1489,1514,0.1388
26,1487,1513,0.1388
27,1493,1520,0.1388
27,1490,1517,0.1388
27,1485,1512,0.1388
28,1492,1520,0.1388
26,1490,1516,0.1388
26,1498,1524,0.1388
26,1505,1531,0.1388
25,1509,1534,0.1388
26,1502,1528,0.1388
26,1501,1527,0.1388
25,1503,1528,0.1388
25,1503,1528,0.1388
26,1505,1531,0.1388
26,1487,1513,0.1388
26,1484,1510,0.1388
25,1484,1509,0.1388
25,1473,1498,0.1388
25,1484,1509,0.1388
25,1486,1511,0.1388
27,1492,1519,0.1388
27,1497,1524,0.1388
26,1497,1523,0.1388
27,1495,1522,0.1388
28,1477,1505,0.1388
29,1482,1511,0.1388
27,1474,1501,0.1388
26,1483,1509,0.1388
27,1489,1516,0.1388
25,1484,1509,0.1388
25,1481,1506,0.1388
25,1479,1504,0.1388
25,1478,1503,0.1388
24,1473,1497,0.1388
24,1473,1497,0.1388
22,1483,1505,0.1388
23,1492,1515,0.1388
23,1493,1516,0.1388
23,1490,1513,0.1388
23,1488,1511,0.1388
22,1491,1513,0.1388
22,1506,1528,0.1388
22,1499,1521,0.1388
23,1493,1516,0.1388
25,1482,1507,0.1388
24,1480,1504,0.1388
24,1491,1515,0.1388
25,1495,1520,0.1388
25,1481,1506,0.1388
25,1508,1533,0.1388
25,1491,1516,0.1388
25,1490,1515,0.1388
25,1489,1514,0.1388
25,1487,1512,0.1388
21,1478,1499,0.1388
21,1483,1504,0.1388
19,1479,1498,0.1388
17,1475,1492,0.1388
17,1488,1505,0.1388
17,1485,1502,0.1388
18,1488,1506,0.1388
17,1478,1495,0.1388
18,1473,1491,0.1388
17,1492,1509,0.1388
17,1498,1515,0.1388
17,1496,1513,0.1388
16,1500,1516,0.1388
16,1493,1509,0.1388
16,1500,1516,0.1388
15,1501,1516,0.1388
14,1501,1515,0.1388
14,1503,1517,0.1388
14,1501,1515,0.1388
13,1490,1503,0.1388
14,1500,1514,0.1388
14,1504,1518,0.1388
14,1496,1510,0.1388
14,1502,1516,0.1388
14,1511,1525,0.1388
14,1503,1517,0.1388
14,1504,1518,0.1388
14,1507,1521,0.1388
14,1505,1519,0.1388
14,1500,1514,0.1388
13,1512,1525,0.1388
13,1510,1523,0.1388
15,1498,1513,0.1388
15,1498,1513,0.1388
14,1504,1518,0.1388
17,1504,1521,0.1388
19,1503,1522,0.1388
19,1502,1521,0.1388
19,1496,1515,0.1388
21,1479,1500,0.1388
22,1487,1509,0.1388
23,1501,1524,0.1388
23,1496,1519,0.1388
22,1498,1520,0.1388
23,1497,1520,0.1388
23,1485,1508,0.1388
24,1494,1518,0.1388
23,1492,1515,0.1388
25,1509,1534,0.1388
28,1507,1535,0.1388
28,1505,1533,0.1388
25,1499,1524,0.1388
25,1507,1532,0.1388
25,1507,1532,0.1388
25,1505,1530,0.1388
26,1490,1516,0.1388
25,1483,1508,0.1388
24,1494,1518,0.1388
23,1500,1523,0.1388
22,1504,1526,0.1388
22,1508,1530,0.1388
23,1486,1509,0.1388
24,1497,1521,0.1388
25,1484,1509,0.1388
24,1496,1520,0.1388
23,1508,1531,0.1388
23,1495,1518,0.1388
21,1493,1514,0.1388
21,1501,1522,0.1388
23,1492,1515,0.1388
22,1509,1531,0.1388
24,1500,1524,0.1388
24,1493,1517,0.1388
25,1471,1496,0.1388
25,1479,1504,0.1388
25,1483,1508,0.1388
26,1494,1520,0.1388
26,1491,1517,0.1388
26,1501,1527,0.1388
24,1495,1519,0.1388
23,1494,1517,0.1388
23,1488,1511,0.1388
22,1491,1513,0.1388
21,1505,1526,0.1388
21,1484,1505,0.1388
23,1487,1510,0.1388
24,1489,1513,0.1388
22,1484,1506,0.1388
21,1497,1518,0.1388
21,1491,1512,0.1388
21,1499,1520,0.1388
21,1499,1520,0.1388
22,1512,1534,0.1388
22,1491,1513,0.1388
21,1492,1513,0.1388
20,1478,1498,0.1388
20,1492,1512,0.1388
20,1477,1497,0.1388
20,1497,1517,0.1388
20,1502,1522,0.1388
19,1496,1515,0.1388
18,1496,1514,0.1388
17,1502,1519,0.1388
18,1498,1516,0.1388
18,1492,1510,0.1388
18,1488,1506,0.1388
18,1505,1523,0.1388
19,1505,1524,0.1388
18,1500,1518,0.1388
18,1506,1524,0.1388
19,1502,1521,0.1388
19,1507,1526,0.1388
19,1515,1534,0.1388
19,1514,1533,0.1388
19,1496,1515,0.1388
18,1499,1517,0.1388
18,1515,1533,0.1388
17,1506,1523,0.1388
16,1497,1513,0.1388
16,1514,1530,0.1388
16,1506,1522,0.1388
16,1499,1515,0.1388
16,1507,1523,0.1388
15,1507,1522,0.1388
15,1519,1534,0.1388
15,1502,1517,0.1388
16,1493,1509,0.1388
15,1505,1520,0.1388
16,1479,1495,0.1388
16,1496,1512,0.1388
16,1498,1514,0.1388
17,1495,1512,0.1388
17,1487,1504,0.1388
16,1494,1510,0.1388
14,1497,1511,0.1388
14,1504,1518,0.1388
14,1505,1519,0.1388
15,1496,1511,0.1388
15,1499,1514,0.1388
16,1498,1514,0.1388
16,1493,1509,0.1388
16,1497,1513,0.1388
17,1507,1524,0.1388
17,1494,1511,0.1388
18,1492,1510,0.1388
19,1488,1507,0.1388
21,1481,1502,0.1388
21,1490,1511,0.1388
21,1492,1513,0.1388
21,1498,1519,0.1388
22,1496,1518,0.1388
23,1481,1504,0.1388
23,1470,1493,0.1388
24,1475,1499,0.1388
24,1491,1515,0.1388
24,1499,1523,0.1388
25,1494,1519,0.1388
25,1490,1515,0.1388
26,1472,1498,0.1388
26,1467,1493,0.1388
26,1483,1509,0.1388
25,1470,1495,0.1388
25,1487,1512,0.1388
25,1495,1520,0.1388
25,1491,1516,0.1388
24,1474,1498,0.1388
24,1488,1512,0.1388
24,1477,1501,0.1388
26,1468,1494,0.1388
25,1484,1509,0.1388
23,1491,1514,0.1388
23,1493,1516,0.1388
23,1486,1509,0.1388
23,1489,1512,0.1388
23,1487,1510,0.1388
22,1473,1495,0.1388
22,1481,1503,0.1388
21,1477,1498,0.1388
21,1478,1499,0.1388
20,1481,1501,0.1388
19,1487,1506,0.1388
18,1496,1514,0.1388
17,1501,1518,0.1388
16,1505,1521,0.1388
15,1507,1522,0.1388
15,1504,1519,0.1388
15,1515,1530,0.1388
15,1510,1525,0.1388
15,1516,1531,0.1388
15,1500,1515,0.1388
17,1507,1524,0.1388
17,1511,1528,0.1388
18,1502,1520,0.1388
17,1494,1511,0.1388
17,1500,1517,0.1388
15,1495,1510,0.1388
16,1499,1515,0.1388
16,1506,1522,0.1388
16,1499,1515,0.1388
15,1493,1508,0.1388
14,1510,1524,0.1388
14,1508,1522,0.1388
14,1519,1533,0.1388
14,1507,1521,0.1388
15,1512,1527,0.1388
14,1506,1520,0.1388
12,1485,1497,0.1388
13,1491,1504,0.1388
12,1500,1512,0.1388
12,1499,1511,0.1388
12,1504,1516,0.1388
12,1498,1510,0.1388
11,1503,1514,0.1388
11,1491,1502,0.1388
11,1493,1504,0.1388
11,1499,1510,0.1388
11,1510,1521,0.1388
11,1509,1520,0.1388
10,1512,1522,0.1388
10,1506,1516,0.1388
9,1510,1519,0.1388
9,1507,1516,0.1388
9,1506,1515,0.1388
9,1509,1518,0.1388
10,1517,1527,0.1388
11,1522,1533,0.1388
10,1508,1518,0.1388
10,1506,1516,0.1388
10,1500,1510,0.1388
10,1499,1509,0.1388
10,1503,1513,0.1388
10,1517,1527,0.1388
8,1517,1525,0.1388
8,1512,1520,0.1388
8,1515,1523,0.1388
8,1497,1505,0.1388
8,1501,1509,0.1388
7,1509,1516,0.1388
7,1516,1523,0.1388
7,1519,1526,0.1388
6,1505,1511,0.1388
6,1498,1504,0.1388
6,1507,1513,0.1388
6,1516,1522,0.1388
6,1512,1518,0.1388
5,1510,1515,0.1388
5,1522,1527,0.1388
6,1520,1526,0.1388
5,1531,1536,0.1388
5,1520,1525,0.1388
5,1516,1521,0.1388
5,1514,1519,0.1388
5,1514,1519,0.1388
4,1504,1508,0.1388
4,1513,1517,0.1388
4,1519,1523,0.1388
4,1503,1507,0.1388
4,1493,1497,0.1388
5,1513,1518,0.1388
4,1503,1507,0.1388
4,1508,1512,0.1388
4,1506,1510,0.1388
3,1522,1525,0.1388
3,1514,1517,0.1388
4,1503,1507,0.1388
4,1504,1508,0.1388
4,1505,1509,0.1388
4,1501,1505,0.1388
3,1502,1505,0.1388
4,1499,1503,0.1388
4,1500,1504,0.1388
4,1496,1500,0.1388
4,1509,1513,0.1388
4,1499,1503,0.1388
4,1507,1511,0.1388
4,1508,1512,0.1388
4,1516,1520,0.1388
4,1511,1515,0.1388
3,1507,1510,0.1388
3,1504,1507,0.1388
3,1502,1505,0.1388
3,1499,1502,0.1388
3,1495,1498,0.1388
3,1511,1514,0.1388
4,1516,1520,0.1388
4,1515,1519,0.1388
4,1514,1518,0.1388
4,1506,1510,0.1388
4,1518,1522,0.1388
4,1515,1519,0.1388
5,1507,1512,0.1388
5,1506,1511,0.1388
6,1498,1504,0.1388
5,1490,1495,0.1388
6,1493,1499,0.1388
5,1501,1506,0.1388
5,1508,1513,0.1388
4,1498,1502,0.1388
4,1518,1522,0.1388
4,1508,1512,0.1388
4,1510,1514,0.1388
4,1519,1523,0.1388
4,1518,1522,0.1388
4,1521,1525,0.1388
4,1521,1525,0.1388
3,1525,1528,0.1388
3,1527,1530,0.1388
3,1510,1513,0.1388
3,1521,1524,0.1388
3,1521,1524,0.1388
3,1508,1511,0.1388
3,1502,1505,0.1388
2,1506,1508,0.1388
2,1507,1509,0.1388
2,1519,1521,0.1388
2,1538,1540,0.1388
2,1536,1538,0.1388
2,1521,1523,0.1388
2,1511,1513,0.1388
2,1512,1514,0.1388
2,1522,1524,0.1388
2,1524,1526,0.1388
2,1518,1520,0.1388
2,1517,1519,0.1388
2,1502,1504,0.1388
1,1511,1512,0.1388
1,1518,1519,0.1388
1,1527,1528,0.1388
1,1527,1528,0.1388
1,1535,1536,0.1388
1,1532,1533,0.1388
1,1517,1518,0.1388
1,1520,1521,0.1388
1,1518,1519,0.1388
1,1513,1514,0.1388
1,1529,1530,0.1388
1,1526,1527,0.1388
1,1521,1522,0.1388
1,1523,1524,0.1388
1,1519,1520,0.1388
1,1529,1530,0.1388
1,1518,1519,0.1388
1,1515,1516,0.1388
1,1507,1508,0.1388
1,1513,1514,0.1388
1,1504,1505,0.1388
1,1516,1517,0.1388
1,1529,1530,0.1388
1,1521,1522,0.1388
1,1506,1507,0.1388
1,1514,1515,0.1388
1,1507,1508,0.1388
1,1507,1508,0.1388
1,1512,1513,0.1388
1,1512,1513,0.1388
1,1515,1516,0.1388
1,1526,1527,0.1388
1,1524,1525,0.1388
1,1523,1524,0.1388
1,1518,1519,0.1388
1,1530,1531,0.1388
1,1516,1517,0.1388
1,1511,1512,0.1388
1,1520,1521,0.1388
1,1514,1515,0.1388
1,1517,1518,0.1388
2,1518,1520,0.1388
1,1518,1519,0.1388
1,1509,1510,0.1388
1,1524,1525,0.1388
1,1522,1523,0.1388
1,1507,1508,0.1388
1,1506,1507,0.1388
1,1522,1523,0.1388
1,1511,1512,0.1388
1,1498,1499,0.1388
1,1501,1502,0.1388
1,1504,1505,0.1388
1,1500,1501,0.1388
1,1516,1517,0.1388
1,1516,1517,0.1388
1,1522,1523,0.1388
1,1525,1526,0.1388
1,1524,1525,0.1388
1,1507,1508,0.1388
1,1509,1510,0.1388
1,1511,1512,0.1388
1,1507,1508,0.1388
1,1508,1509,0.1388
1,1507,1508,0.1388
1,1513,1514,0.1388
1,1498,1499,0.1388
1,1494,1495,0.1388
1,1504,1505,0.1388
1,1509,1510,0.1388
1,1503,1504,0.1388
1,1512,1513,0.1388
1,1517,1518,0.1388
1,1517,1518,0.1388
1,1517,1518,0.1388
1,1508,1509,0.1388
1,1503,1504,0.1388
1,1514,1515,0.1388
1,1525,1526,0.1388
1,1536,1537,0.1388
1,1533,1534,0.1388
1,1525,1526,0.1388
1,1532,1533,0.1388
1,1533,1534,0.1388
1,1523,1524,0.1388
1,1524,1525,0.1388
1,1521,1522,0.1388
1,1522,1523,0.1388
1,1511,1512,0.1388
1,1521,1522,0.1388
1,1522,1523,0.1388
1,1532,1533,0.1388
1,1522,1523,0.1388
1,1515,1516,0.1388
1,1522,1523,0.1388
1,1509,1510,0.1388
1,1514,1515,0.1388
1,1517,1518,0.1388
1,1513,1514,0.1388
1,1522,1523,0.1388
1,1523,1524,0.1388
1,1517,1518,0.1388
1,1511,1512,0.1388
1,1514,1515,0.1388
1,1513,1514,0.1388
1,1497,1498,0.1388
1,1496,1497,0.1388
1,1508,1509,0.1388
1,1523,1524,0.1388
1,1532,1533,0.1388
1,1530,1531,0.1388
1,1520,1521,0.1388
2,1515,1517,0.1388
2,1528,1530,0.1388
2,1524,1526,0.1388
2,1508,1510,0.1388
2,1511,1513,0.1388
2,1510,1512,0.1388
2,1520,1522,0.1388
2,1511,1513,0.1388
2,1513,1515,0.1388
2,1514,1516,0.1388
1,1520,1521,0.1388
1,1514,1515,0.1388
2,1508,1510,0.1388
2,1529,1531,0.1388
3,1518,1521,0.1388
3,1514,1517,0.1388
3,1501,1504,0.1388
3,1511,1514,0.1388
3,1522,1525,0.1388
3,1516,1519,0.1388
3,1511,1514,0.1388
3,1512,1515,0.1388
3,1510,1513,0.1388
3,1503,1506,0.1388
3,1512,1515,0.1388
3,1495,1498,0.1388
4,1504,1508,0.1388
4,1525,1529,0.1388
4,1526,1530,0.1388
4,1504,1508,0.1388
4,1516,1520,0.1388
4,1514,1518,0.1388
4,1509,1513,0.1388
4,1499,1503,0.1388
4,1501,1505,0.1388
4,1510,1514,0.1388
4,1492,1496,0.1388
4,1506,1510,0.1388
4,1508,1512,0.1388
4,1514,1518,0.1388
4,1515,1519,0.1388
3,1508,1511,0.1388
3,1508,1511,0.1388
3,1508,1511,0.1388
3,1514,1517,0.1388
3,1514,1517,0.1388
3,1515,1518,0.1388
3,1504,1507,0.1388
3,1504,1507,0.1388
4,1516,1520,0.1388
4,1501,1505,0.1388
4,1516,1520,0.1388
4,1517,1521,0.1388
4,1505,1509,0.1388
4,1513,1517,0.1388
4,1521,1525,0.1388
4,1501,1505,0.1388
4,1512,1516,0.1388
4,1513,1517,0.1388
4,1515,1519,0.1388
4,1512,1516,0.1388
3,1513,1516,0.1388
3,1513,1516,0.1388
3,1517,1520,0.1388
2,1519,1521,0.1388
2,1518,1520,0.1388
2,1520,1522,0.1388
2,1531,1533,0.1388
2,1515,1517,0.1388
2,1526,1528,0.1388
2,1503,1505,0.1388
2,1502,1504,0.1388
2,1511,1513,0.1388
2,1520,1522,0.1388
2,1525,1527,0.1388
2,1527,1529,0.1388
2,1522,1524,0.1388
1,1520,1521,0.1388
1,1518,1519,0.1388
1,1518,1519,0.1388
1,1526,1527,0.1388
1,1527,1528,0.1388
1,1514,1515,0.1388
1,1509,1510,0.1388
1,1512,1513,0.1388
1,1511,1512,0.1388
1,1508,1509,0.1388
1,1514,1515,0.1388
1,1507,1508,0.1388
1,1518,1519,0.1388
1,1510,1511,0.1388
1,1502,1503,0.1388
1,1485,1486,0.1388
1,1491,1492,0.1388
1,1504,1505,0.1388
1,1522,1523,0.1388
1,1517,1518,0.1388
1,1520,1521,0.1388
1,1515,1516,0.1388
1,1526,1527,0.1388
1,1531,1532,0.1388
1,1533,1534,0.1388
1,1516,1517,0.1388
1,1504,1505,0.1388
1,1493,1494,0.1388
1,1509,1510,0.1388
0,1521,1521,0.1388
