1374,28,1402,0.1388
1406,28,1434,0.1388
1424,27,1451,0.1388
1435,29,1464,0.1388
1449,28,1477,0.1388
1463,29,1492,0.1388
1454,28,1482,0.1388
1460,26,1486,0.1388
1458,25,1483,0.1388
1476,25,1501,0.1388
1485,26,1511,0.1388
1484,26,1510,0.1388
1476,27,1503,0.1388
1476,27,1503,0.1388
1467,26,1493,0.1388
1466,26,1492,0.1388
1468,28,1496,0.1388
1459,31,1490,0.1388
1465,32,1497,0.1388
1473,32,1505,0.1388
1469,31,1500,0.1388
1467,31,1498,0.1388
1474,32,1506,0.1388
1472,31,1503,0.1388
1467,32,1499,0.1388
1455,32,1487,0.1388
1464,32,1496,0.1388
1460,35,1495,0.1388
1458,37,1495,0.1388
1454,37,1491,0.1388
1468,37,1505,0.1388
1462,37,1499,0.1388
1454,38,1492,0.1388
1452,41,1493,0.1388
1467,43,1510,0.1388
1463,44,1507,0.1388
1459,48,1507,0.1388
1458,49,1507,0.1388
1462,49,1511,0.1388
1455,49,1504,0.1388
1444,48,1492,0.1388
1443,48,1491,0.1388
1425,47,1472,0.1388
1427,47,1474,0.1388
1428,51,1479,0.1388
1427,53,1480,0.1388
1424,52,1476,0.1388
1444,53,1497,0.1388
1444,51,1495,0.1388
1443,53,1496,0.1388
1450,55,1505,0.1388
1441,53,1494,0.1388
1450,52,1502,0.1388
1449,51,1500,0.1388
1442,49,1491,0.1388
1439,51,1490,0.1388
1440,54,1494,0.1388
1439,56,1495,0.1388
1443,53,1496,0.1388
1444,54,1498,0.1388
1453,51,1504,0.1388
1448,50,1498,0.1388
1456,54,1510,0.1388
1456,53,1509,0.1388
1450,53,1503,0.1388
1453,52,1505,0.1388
1437,51,1488,0.1388
1429,50,1479,0.1388
1440,49,1489,0.1388
1437,49,1486,0.1388
1443,49,1492,0.1388
1423,49,1472,0.1388
1435,51,1486,0.1388
1439,50,1489,0.1388
1443,52,1495,0.1388
1431,50,1481,0.1388
1427,49,1476,0.1388
1441,47,1488,0.1388
1448,48,1496,0.1388
1435,47,1482,0.1388
1448,49,1497,0.1388
1438,47,1485,0.1388
1421,46,1467,0.1388
1434,49,1483,0.1388
1432,50,1482,0.1388
1444,53,1497,0.1388
1438,53,1491,0.1388
1450,54,1504,0.1388
1450,56,1506,0.1388
1433,54,1487,0.1388
1442,56,1498,0.1388
1432,55,1487,0.1388
1434,57,1491,0.1388
1436,55,1491,0.1388
1438,54,1492,0.1388
1441,53,1494,0.1388
1437,55,1492,0.1388
1432,55,1487,0.1388
1432,56,1488,0.1388
1438,59,1497,0.1388
1440,59,1499,0.1388
1446,61,1507,0.1388
1441,64,1505,0.1388
1435,62,1497,0.1388
1441,62,1503,0.1388
1433,60,1493,0.1388
1430,59,1489,0.1388
1424,63,1487,0.1388
1437,66,1503,0.1388
1426,65,1491,0.1388
1423,65,1488,0.1388
1426,65,1491,0.1388
1424,64,1488,0.1388
1426,63,1489,0.1388
1420,64,1484,0.1388
1421,66,1487,0.1388
1429,64,1493,0.1388
1430,66,1496,0.1388
1421,65,1486,0.1388
1416,64,1480,0.1388
1430,64,1494,0.1388
1435,63,1498,0.1388
1427,65,1492,0.1388
1434,62,1496,0.1388
1431,60,1491,0.1388
1437,59,1496,0.1388
1426,62,1488,0.1388
1423,65,1488,0.1388
1423,63,1486,0.1388
1425,65,1490,0.1388
1429,65,1494,0.1388
1428,65,1493,0.1388
1425,65,1490,0.1388
1425,67,1492,0.1388
1428,67,1495,0.1388
1428,65,1493,0.1388
1434,65,1499,0.1388
1425,65,1490,0.1388
1426,67,1493,0.1388
1427,65,1492,0.1388
1437,68,1505,0.1388
1438,69,1507,0.1388
1428,70,1498,0.1388
1430,69,1499,0.1388
1430,69,1499,0.1388
1442,71,1513,0.1388
1436,71,1507,0.1388
1440,72,1512,0.1388
1437,71,1508,0.1388
1424,75,1499,0.1388
1408,73,1481,0.1388
1392,76,1468,0.1388
1401,77,1478,0.1388
1408,79,1487,0.1388
1418,75,1493,0.1388
1427,71,1498,0.1388
1418,72,1490,0.1388
1414,75,1489,0.1388
1421,77,1498,0.1388
1412,80,1492,0.1388
1413,80,1493,0.1388
1424,80,1504,0.1388
1422,83,1505,0.1388
1419,84,1503,0.1388
1410,87,1497,0.1388
1407,88,1495,0.1388
1405,88,1493,0.1388
1409,90,1499,0.1388
1409,92,1501,0.1388
1411,92,1503,0.1388
1403,92,1495,0.1388
1399,93,1492,0.1388
1400,94,1494,0.1388
1404,93,1497,0.1388
1404,91,1495,0.1388
1417,92,1509,0.1388
1420,93,1513,0.1388
1408,95,1503,0.1388
1401,95,1496,0.1388
1397,96,1493,0.1388
1388,91,1479,0.1388
1387,90,1477,0.1388
1392,90,1482,0.1388
1390,90,1480,0.1388
1385,93,1478,0.1388
1385,95,1480,0.1388
1392,92,1484,0.1388
1396,93,1489,0.1388
1383,94,1477,0.1388
1398,92,1490,0.1388
1414,92,1506,0.1388
1412,93,1505,0.1388
1414,92,1506,0.1388
1402,94,1496,0.1388
1400,94,1494,0.1388
1387,95,1482,0.1388
1385,94,1479,0.1388
1387,93,1480,0.1388
1395,96,1491,0.1388
1395,100,1495,0.1388
1391,100,1491,0.1388
1379,101,1480,0.1388
1392,102,1494,0.1388
1394,100,1494,0.1388
1398,99,1497,0.1388
1391,97,1488,0.1388
1393,97,1490,0.1388
1403,100,1503,0.1388
1403,101,1504,0.1388
1408,101,1509,0.1388
1391,101,1492,0.1388
1390,100,1490,0.1388
1381,99,1480,0.1388
1376,99,1475,0.1388
1382,101,1483,0.1388
1396,100,1496,0.1388
1382,99,1481,0.1388
1396,98,1494,0.1388
1391,101,1492,0.1388
1381,101,1482,0.1388
1381,100,1481,0.1388
1378,95,1473,0.1388
1375,95,1470,0.1388
1385,97,1482,0.1388
1377,101,1478,0.1388
1371,104,1475,0.1388
1385,101,1486,0.1388
1382,103,1485,0.1388
1397,97,1494,0.1388
1404,97,1501,0.1388
1387,93,1480,0.1388
1372,94,1466,0.1388
1368,92,1460,0.1388
1380,92,1472,0.1388
1388,92,1480,0.1388
1393,91,1484,0.1388
1394,88,1482,0.1388
1400,89,1489,0.1388
1413,92,1505,0.1388
1401,93,1494,0.1388
1409,98,1507,0.1388
1388,98,1486,0.1388
1402,101,1503,0.1388
1392,104,1496,0.1388
1379,108,1487,0.1388
1398,106,1504,0.1388
1396,108,1504,0.1388
1380,106,1486,0.1388
1378,106,1484,0.1388
1373,108,1481,0.1388
1378,115,1493,0.1388
1375,115,1490,0.1388
1365,119,1484,0.1388
1365,116,1481,0.1388
1376,120,1496,0.1388
1367,122,1489,0.1388
1359,118,1477,0.1388
1358,122,1480,0.1388
1367,122,1489,0.1388
1365,122,1487,0.1388
1371,118,1489,0.1388
1376,116,1492,0.1388
1376,121,1497,0.1388
1373,124,1497,0.1388
1370,121,1491,0.1388
1356,122,1478,0.1388
1369,123,1492,0.1388
1361,124,1485,0.1388
1369,132,1501,0.1388
1370,130,1500,0.1388
1375,131,1506,0.1388
1355,133,1488,0.1388
1360,130,1490,0.1388
1355,137,1492,0.1388
1364,135,1499,0.1388
1361,134,1495,0.1388
1362,136,1498,0.1388
1370,135,1505,0.1388
1363,133,1496,0.1388
1367,134,1501,0.1388
1357,133,1490,0.1388
1358,135,1493,0.1388
1352,133,1485,0.1388
1349,134,1483,0.1388
1336,131,1467,0.1388
1336,135,1471,0.1388
1337,143,1480,0.1388
1338,146,1484,0.1388
1353,144,1497,0.1388
1348,144,1492,0.1388
1362,146,1508,0.1388
1364,145,1509,0.1388
1358,144,1502,0.1388
1361,145,1506,0.1388
1354,148,1502,0.1388
1352,149,1501,0.1388
1352,145,1497,0.1388
1354,140,1494,0.1388
1345,145,1490,0.1388
1346,143,1489,0.1388
1342,143,1485,0.1388
1355,139,1494,0.1388
1352,135,1487,0.1388
1351,142,1493,0.1388
1343,147,1490,0.1388
1352,149,1501,0.1388
1352,154,1506,0.1388
1341,153,1494,0.1388
1353,153,1506,0.1388
1348,150,1498,0.1388
1346,151,1497,0.1388
1345,153,1498,0.1388
1342,158,1500,0.1388
1350,160,1510,0.1388
1346,160,1506,0.1388
1345,160,1505,0.1388
1341,166,1507,0.1388
1347,164,1511,0.1388
1333,166,1499,0.1388
1340,168,1508,0.1388
1327,165,1492,0.1388
1322,167,1489,0.1388
1336,167,1503,0.1388
1329,161,1490,0.1388
1334,159,1493,0.1388
1325,155,1480,0.1388
1334,159,1493,0.1388
1334,160,1494,0.1388
1346,160,1506,0.1388
1354,163,1517,0.1388
1357,160,1517,0.1388
1346,160,1506,0.1388
1341,166,1507,0.1388
1352,167,1519,0.1388
1349,167,1516,0.1388
1339,169,1508,0.1388
1332,171,1503,0.1388
1328,172,1500,0.1388
1326,175,1501,0.1388
1332,176,1508,0.1388
1323,178,1501,0.1388
1316,178,1494,0.1388
1317,177,1494,0.1388
1307,180,1487,0.1388
1311,183,1494,0.1388
1322,182,1504,0.1388
1319,177,1496,0.1388
1309,177,1486,0.1388
1315,173,1488,0.1388
1321,173,1494,0.1388
1315,176,1491,0.1388
1313,180,1493,0.1388
1314,180,1494,0.1388
1305,186,1491,0.1388
1298,186,1484,0.1388
1308,186,1494,0.1388
1303,183,1486,0.1388
1298,179,1477,0.1388
1306,188,1494,0.1388
1307,192,1499,0.1388
1314,192,1506,0.1388
1309,191,1500,0.1388
1308,191,1499,0.1388
1303,195,1498,0.1388
1297,191,1488,0.1388
1288,190,1478,0.1388
1285,191,1476,0.1388
1284,190,1474,0.1388
1283,189,1472,0.1388
1291,191,1482,0.1388
1292,195,1487,0.1388
1292,191,1483,0.1388
1284,186,1470,0.1388
1294,187,1481,0.1388
1306,188,1494,0.1388
1316,187,1503,0.1388
1310,190,1500,0.1388
1304,195,1499,0.1388
1316,185,1501,0.1388
1323,192,1515,0.1388
1311,196,1507,0.1388
1312,199,1511,0.1388
1306,204,1510,0.1388
1307,202,1509,0.1388
1305,200,1505,0.1388
1309,198,1507,0.1388
1302,195,1497,0.1388
1294,196,1490,0.1388
1270,199,1469,0.1388
1268,190,1458,0.1388
1272,192,1464,0.1388
1287,193,1480,0.1388
1307,190,1497,0.1388
1306,194,1500,0.1388
1303,198,1501,0.1388
1308,201,1509,0.1388
1299,199,1498,0.1388
1320,200,1520,0.1388
1315,199,1514,0.1388
1310,197,1507,0.1388
1296,199,1495,0.1388
1294,197,1491,0.1388
1287,200,1487,0.1388
1285,206,1491,0.1388
1280,205,1485,0.1388
1287,201,1488,0.1388
1290,202,1492,0.1388
1284,196,1480,0.1388
1282,194,1476,0.1388
1279,201,1480,0.1388
1285,198,1483,0.1388
1273,201,1474,0.1388
1273,199,1472,0.1388
1279,197,1476,0.1388
1294,199,1493,0.1388
1287,201,1488,0.1388
1276,206,1482,0.1388
1273,211,1484,0.1388
1272,218,1490,0.1388
1273,217,1490,0.1388
1266,216,1482,0.1388
1256,222,1478,0.1388
1262,222,1484,0.1388
1253,225,1478,0.1388
1258,228,1486,0.1388
1257,234,1491,0.1388
1267,235,1502,0.1388
1260,235,1495,0.1388
1263,237,1500,0.1388
1258,237,1495,0.1388
1258,232,1490,0.1388
1257,234,1491,0.1388
1262,241,1503,0.1388
1265,238,1503,0.1388
1259,240,1499,0.1388
1255,238,1493,0.1388
1260,234,1494,0.1388
1254,241,1495,0.1388
1260,246,1506,0.1388
1262,243,1505,0.1388
1251,241,1492,0.1388
1255,242,1497,0.1388
1253,247,1500,0.1388
1249,244,1493,0.1388
1249,245,1494,0.1388
1241,246,1487,0.1388
1237,248,1485,0.1388
1252,247,1499,0.1388
1254,248,1502,0.1388
1256,250,1506,0.1388
1260,249,1509,0.1388
1261,250,1511,0.1388
1257,254,1511,0.1388
1246,257,1503,0.1388
1242,259,1501,0.1388
1244,259,1503,0.1388
1239,262,1501,0.1388
1229,262,1491,0.1388
1243,260,1503,0.1388
1242,255,1497,0.1388
1251,250,1501,0.1388
1241,251,1492,0.1388
1243,255,1498,0.1388
1242,259,1501,0.1388
1244,256,1500,0.1388
1227,258,1485,0.1388
1229,262,1491,0.1388
1238,268,1506,0.1388
1228,267,1495,0.1388
1224,268,1492,0.1388
1226,264,1490,0.1388
1233,266,1499,0.1388
1229,266,1495,0.1388
1222,262,1484,0.1388
1232,264,1496,0.1388
1233,263,1496,0.1388
1235,263,1498,0.1388
1239,265,1504,0.1388
1235,270,1505,0.1388
1236,269,1505,0.1388
1216,271,1487,0.1388
1217,271,1488,0.1388
1230,265,1495,0.1388
1229,263,1492,0.1388
1234,263,1497,0.1388
1234,267,1501,0.1388
1226,272,1498,0.1388
1213,276,1489,0.1388
1217,274,1491,0.1388
1217,273,1490,0.1388
1220,280,1500,0.1388
1216,279,1495,0.1388
1221,279,1500,0.1388
1225,282,1507,0.1388
1210,281,1491,0.1388
1216,280,1496,0.1388
1206,279,1485,0.1388
1207,278,1485,0.1388
1202,272,1474,0.1388
1194,274,1468,0.1388
1205,277,1482,0.1388
1206,273,1479,0.1388
1211,277,1488,0.1388
1208,283,1491,0.1388
1202,286,1488,0.1388
1206,285,1491,0.1388
1216,288,1504,0.1388
1213,288,1501,0.1388
1212,297,1509,0.1388
1209,292,1501,0.1388
1205,295,1500,0.1388
1207,293,1500,0.1388
1211,298,1509,0.1388
1208,301,1509,0.1388
1206,304,1510,0.1388
1197,302,1499,0.1388
1191,304,1495,0.1388
1187,304,1491,0.1388
1185,304,1489,0.1388
1185,306,1491,0.1388
1188,311,1499,0.1388
1184,307,1491,0.1388
1188,308,1496,0.1388
1183,306,1489,0.1388
1187,308,1495,0.1388
1191,302,1493,0.1388
1193,308,1501,0.1388
1192,306,1498,0.1388
1196,304,1500,0.1388
1191,316,1507,0.1388
1194,319,1513,0.1388
1190,317,1507,0.1388
1184,316,1500,0.1388
1180,316,1496,0.1388
1180,317,1497,0.1388
1180,316,1496,0.1388
1177,322,1499,0.1388
1181,323,1504,0.1388
1163,323,1486,0.1388
1162,319,1481,0.1388
1167,320,1487,0.1388
1164,325,1489,0.1388
1157,334,1491,0.1388
1163,341,1504,0.1388
1164,337,1501,0.1388
1154,336,1490,0.1388
1151,340,1491,0.1388
1147,344,1491,0.1388
1152,337,1489,0.1388
1156,336,1492,0.1388
1168,335,1503,0.1388
1179,333,1512,0.1388
1170,336,1506,0.1388
1171,336,1507,0.1388
1170,338,1508,0.1388
1178,340,1518,0.1388
1158,347,1505,0.1388
1162,344,1506,0.1388
1155,350,1505,0.1388
1158,346,1504,0.1388
1161,345,1506,0.1388
1168,349,1517,0.1388
1171,349,1520,0.1388
1168,351,1519,0.1388
1170,350,1520,0.1388
1165,352,1517,0.1388
1153,353,1506,0.1388
1155,348,1503,0.1388
1158,348,1506,0.1388
1158,346,1504,0.1388
1153,351,1504,0.1388
1145,349,1494,0.1388
1133,353,1486,0.1388
1126,354,1480,0.1388
1143,353,1496,0.1388
1147,356,1503,0.1388
1134,359,1493,0.1388
1150,361,1511,0.1388
1151,358,1509,0.1388
1135,358,1493,0.1388
1133,362,1495,0.1388
1134,356,1490,0.1388
1137,357,1494,0.1388
1141,355,1496,0.1388
1147,355,1502,0.1388
1144,363,1507,0.1388
1147,365,1512,0.1388
1145,360,1505,0.1388
1141,360,1501,0.1388
1128,360,1488,0.1388
1122,367,1489,0.1388
1125,368,1493,0.1388
1121,369,1490,0.1388
1114,367,1481,0.1388
1114,372,1486,0.1388
1110,361,1471,0.1388
1108,367,1475,0.1388
1104,362,1466,0.1388
1111,368,1479,0.1388
1125,372,1497,0.1388
1134,372,1506,0.1388
1143,372,1515,0.1388
1132,371,1503,0.1388
1119,372,1491,0.1388
1130,373,1503,0.1388
1127,382,1509,0.1388
1127,374,1501,0.1388
1125,373,1498,0.1388
1127,373,1500,0.1388
1119,369,1488,0.1388
1122,374,1496,0.1388
1122,378,1500,0.1388
1120,378,1498,0.1388
1111,385,1496,0.1388
1119,384,1503,0.1388
1116,381,1497,0.1388
1119,371,1490,0.1388
1122,379,1501,0.1388
1119,380,1499,0.1388
1115,386,1501,0.1388
1114,392,1506,0.1388
1113,377,1490,0.1388
1118,382,1500,0.1388
1115,388,1503,0.1388
1119,384,1503,0.1388
1109,382,1491,0.1388
1111,386,1497,0.1388
1093,383,1476,0.1388
1095,387,1482,0.1388
1094,384,1478,0.1388
1103,384,1487,0.1388
1118,388,1506,0.1388
1119,392,1511,0.1388
1117,391,1508,0.1388
1117,392,1509,0.1388
1109,399,1508,0.1388
1107,404,1511,0.1388
1110,404,1514,0.1388
1102,397,1499,0.1388
1103,399,1502,0.1388
1095,394,1489,0.1388
1112,400,1512,0.1388
1100,399,1499,0.1388
1098,400,1498,0.1388
1103,396,1499,0.1388
1100,397,1497,0.1388
1109,398,1507,0.1388
1108,402,1510,0.1388
1116,408,1524,0.1388
1112,404,1516,0.1388
1097,397,1494,0.1388
1097,401,1498,0.1388
1096,406,1502,0.1388
1092,401,1493,0.1388
1083,406,1489,0.1388
1077,400,1477,0.1388
1088,403,1491,0.1388
1091,407,1498,0.1388
1089,404,1493,0.1388
1101,409,1510,0.1388
1099,414,1513,0.1388
1089,412,1501,0.1388
1096,412,1508,0.1388
1096,411,1507,0.1388
1083,413,1496,0.1388
1084,410,1494,0.1388
1084,412,1496,0.1388
1087,411,1498,0.1388
1089,413,1502,0.1388
1076,415,1491,0.1388
1072,414,1486,0.1388
1080,416,1496,0.1388
1068,424,1492,0.1388
1049,423,1472,0.1388
1058,420,1478,0.1388
1070,417,1487,0.1388
1085,416,1501,0.1388
1092,414,1506,0.1388
1080,419,1499,0.1388
1084,411,1495,0.1388
1077,413,1490,0.1388
1090,410,1500,0.1388
1085,410,1495,0.1388
1089,413,1502,0.1388
1090,418,1508,0.1388
1089,417,1506,0.1388
1088,415,1503,0.1388
1092,411,1503,0.1388
1077,420,1497,0.1388
1064,428,1492,0.1388
1057,438,1495,0.1388
1061,441,1502,0.1388
1068,439,1507,0.1388
1063,437,1500,0.1388
1070,429,1499,0.1388
1071,427,1498,0.1388
1063,426,1489,0.1388
1062,433,1495,0.1388
1073,432,1505,0.1388
1069,425,1494,0.1388
1069,432,1501,0.1388
1047,428,1475,0.1388
1048,432,1480,0.1388
1045,443,1488,0.1388
1041,439,1480,0.1388
1046,441,1487,0.1388
1060,443,1503,0.1388
1064,439,1503,0.1388
1063,433,1496,0.1388
1064,438,1502,0.1388
1046,436,1482,0.1388
1046,445,1491,0.1388
1042,447,1489,0.1388
1040,451,1491,0.1388
1050,450,1500,0.1388
1061,454,1515,0.1388
1056,457,1513,0.1388
1050,453,1503,0.1388
1051,457,1508,0.1388
1048,456,1504,0.1388
1044,458,1502,0.1388
1041,458,1499,0.1388
1038,466,1504,0.1388
1039,476,1515,0.1388
1032,468,1500,0.1388
1030,470,1500,0.1388
1026,470,1496,0.1388
1034,474,1508,0.1388
1041,463,1504,0.1388
1050,467,1517,0.1388
1046,466,1512,0.1388
1051,472,1523,0.1388
1052,468,1520,0.1388
1053,466,1519,0.1388
1037,462,1499,0.1388
1045,459,1504,0.1388
1033,461,1494,0.1388
1036,462,1498,0.1388
1025,468,1493,0.1388
1026,469,1495,0.1388
1028,465,1493,0.1388
1026,479,1505,0.1388
1030,473,1503,0.1388
1034,475,1509,0.1388
1028,474,1502,0.1388
1038,475,1513,0.1388
1035,469,1504,0.1388
1027,462,1489,0.1388
1024,472,1496,0.1388
1022,477,1499,0.1388
1027,479,1506,0.1388
1027,479,1506,0.1388
1028,474,1502,0.1388
1035,483,1518,0.1388
1026,482,1508,0.1388
1022,482,1504,0.1388
1025,483,1508,0.1388
1019,478,1497,0.1388
1020,476,1496,0.1388
1013,471,1484,0.1388
1017,484,1501,0.1388
1015,485,1500,0.1388
1012,490,1502,0.1388
1013,484,1497,0.1388
1015,483,1498,0.1388
1021,484,1505,0.1388
1011,488,1499,0.1388
1000,489,1489,0.1388
1003,496,1499,0.1388
1006,497,1503,0.1388
1009,500,1509,0.1388
1008,490,1498,0.1388
1000,494,1494,0.1388
996,497,1493,0.1388
1007,496,1503,0.1388
1001,491,1492,0.1388
1007,502,1509,0.1388
1008,494,1502,0.1388
1013,493,1506,0.1388
1025,489,1514,0.1388
1029,488,1517,0.1388
1025,486,1511,0.1388
1033,485,1518,0.1388
1024,486,1510,0.1388
1020,493,1513,0.1388
1001,499,1500,0.1388
1005,497,1502,0.1388
1006,494,1500,0.1388
1008,505,1513,0.1388
1002,500,1502,0.1388
994,507,1501,0.1388
993,511,1504,0.1388
980,522,1502,0.1388
969,527,1496,0.1388
967,528,1495,0.1388
976,526,1502,0.1388
968,529,1497,0.1388
981,531,1512,0.1388
972,529,1501,0.1388
965,528,1493,0.1388
969,533,1502,0.1388
952,534,1486,0.1388
956,537,1493,0.1388
958,537,1495,0.1388
964,540,1504,0.1388
960,546,1506,0.1388
955,550,1505,0.1388
949,550,1499,0.1388
951,551,1502,0.1388
947,550,1497,0.1388
950,548,1498,0.1388
951,555,1506,0.1388
950,550,1500,0.1388
940,550,1490,0.1388
940,553,1493,0.1388
945,548,1493,0.1388
951,550,1501,0.1388
949,549,1498,0.1388
952,553,1505,0.1388
953,551,1504,0.1388
948,549,1497,0.1388
958,545,1503,0.1388
964,543,1507,0.1388
959,544,1503,0.1388
963,541,1504,0.1388
962,544,1506,0.1388
951,535,1486,0.1388
953,537,1490,0.1388
948,541,1489,0.1388
946,541,1487,0.1388
954,556,1510,0.1388
951,552,1503,0.1388
949,559,1508,0.1388
950,557,1507,0.1388
958,552,1510,0.1388
957,550,1507,0.1388
952,553,1505,0.1388
951,546,1497,0.1388
944,548,1492,0.1388
940,560,1500,0.1388
939,558,1497,0.1388
931,564,1495,0.1388
924,567,1491,0.1388
921,562,1483,0.1388
926,570,1496,0.1388
936,559,1495,0.1388
939,562,1501,0.1388
947,571,1518,0.1388
937,563,1500,0.1388
942,568,1510,0.1388
936,569,1505,0.1388
939,571,1510,0.1388
931,577,1508,0.1388
928,580,1508,0.1388
918,584,1502,0.1388
905,577,1482,0.1388
911,575,1486,0.1388
917,578,1495,0.1388
921,578,1499,0.1388
920,586,1506,0.1388
915,586,1501,0.1388
926,589,1515,0.1388
934,588,1522,0.1388
923,592,1515,0.1388
927,591,1518,0.1388
922,597,1519,0.1388
918,596,1514,0.1388
906,596,1502,0.1388
909,597,1506,0.1388
903,600,1503,0.1388
908,592,1500,0.1388
905,602,1507,0.1388
898,606,1504,0.1388
890,604,1494,0.1388
893,607,1500,0.1388
899,611,1510,0.1388
888,602,1490,0.1388
889,609,1498,0.1388
884,616,1500,0.1388
882,629,1511,0.1388
886,622,1508,0.1388
887,627,1514,0.1388
892,621,1513,0.1388
897,614,1511,0.1388
885,628,1513,0.1388
873,628,1501,0.1388
882,630,1512,0.1388
886,633,1519,0.1388
886,623,1509,0.1388
884,627,1511,0.1388
887,627,1514,0.1388
882,630,1512,0.1388
881,633,1514,0.1388
865,631,1496,0.1388
856,630,1486,0.1388
858,625,1483,0.1388
857,625,1482,0.1388
858,631,1489,0.1388
858,635,1493,0.1388
854,642,1496,0.1388
851,638,1489,0.1388
836,643,1479,0.1388
851,660,1511,0.1388
858,667,1525,0.1388
851,663,1514,0.1388
850,657,1507,0.1388
843,658,1501,0.1388
849,653,1502,0.1388
851,650,1501,0.1388
854,658,1512,0.1388
850,659,1509,0.1388
851,652,1503,0.1388
859,648,1507,0.1388
849,658,1507,0.1388
849,662,1511,0.1388
850,670,1520,0.1388
849,666,1515,0.1388
850,670,1520,0.1388
859,670,1529,0.1388
859,670,1529,0.1388
855,661,1516,0.1388
844,654,1498,0.1388
849,650,1499,0.1388
854,646,1500,0.1388
862,649,1511,0.1388
856,655,1511,0.1388
851,656,1507,0.1388
854,655,1509,0.1388
852,655,1507,0.1388
851,658,1509,0.1388
848,665,1513,0.1388
848,663,1511,0.1388
850,671,1521,0.1388
840,672,1512,0.1388
842,669,1511,0.1388
847,668,1515,0.1388
838,668,1506,0.1388
837,668,1505,0.1388
826,678,1504,0.1388
827,678,1505,0.1388
821,688,1509,0.1388
804,685,1489,0.1388
808,687,1495,0.1388
817,689,1506,0.1388
816,692,1508,0.1388
822,690,1512,0.1388
825,694,1519,0.1388
811,684,1495,0.1388
799,684,1483,0.1388
797,683,1480,0.1388
807,689,1496,0.1388
803,698,1501,0.1388
804,699,1503,0.1388
805,695,1500,0.1388
801,696,1497,0.1388
798,694,1492,0.1388
810,689,1499,0.1388
815,703,1518,0.1388
812,704,1516,0.1388
804,712,1516,0.1388
807,710,1517,0.1388
800,712,1512,0.1388
803,710,1513,0.1388
801,703,1504,0.1388
797,714,1511,0.1388
794,706,1500,0.1388
799,704,1503,0.1388
804,710,1514,0.1388
801,717,1518,0.1388
791,721,1512,0.1388
788,722,1510,0.1388
788,722,1510,0.1388
782,733,1515,0.1388
774,737,1511,0.1388
768,732,1500,0.1388
773,734,1507,0.1388
769,730,1499,0.1388
761,732,1493,0.1388
758,740,1498,0.1388
757,744,1501,0.1388
757,738,1495,0.1388
764,740,1504,0.1388
762,742,1504,0.1388
754,749,1503,0.1388
757,757,1514,0.1388
758,760,1518,0.1388
759,757,1516,0.1388
746,754,1500,0.1388
747,752,1499,0.1388
748,760,1508,0.1388
754,760,1514,0.1388
748,761,1509,0.1388
742,755,1497,0.1388
741,756,1497,0.1388
740,771,1511,0.1388
730,768,1498,0.1388
730,772,1502,0.1388
729,772,1501,0.1388
732,776,1508,0.1388
726,779,1505,0.1388
724,781,1505,0.1388
722,775,1497,0.1388
727,782,1509,0.1388
730,773,1503,0.1388
718,778,1496,0.1388
710,791,1501,0.1388
719,790,1509,0.1388
716,785,1501,0.1388
711,791,1502,0.1388
708,779,1487,0.1388
709,781,1490,0.1388
713,781,1494,0.1388
719,783,1502,0.1388
716,779,1495,0.1388
719,786,1505,0.1388
715,795,1510,0.1388
716,804,1520,0.1388
705,809,1514,0.1388
700,811,1511,0.1388
697,818,1515,0.1388
688,822,1510,0.1388
692,816,1508,0.1388
696,814,1510,0.1388
704,804,1508,0.1388
699,810,1509,0.1388
700,812,1512,0.1388
688,808,1496,0.1388
694,797,1491,0.1388
695,795,1490,0.1388
701,797,1498,0.1388
696,787,1483,0.1388
694,798,1492,0.1388
691,802,1493,0.1388
690,793,1483,0.1388
677,799,1476,0.1388
684,813,1497,0.1388
684,813,1497,0.1388
688,814,1502,0.1388
679,816,1495,0.1388
670,820,1490,0.1388
685,823,1508,0.1388
690,817,1507,0.1388
697,816,1513,0.1388
683,810,1493,0.1388
677,818,1495,0.1388
691,815,1506,0.1388
689,822,1511,0.1388
690,827,1517,0.1388
693,841,1534,0.1388
688,830,1518,0.1388
690,820,1510,0.1388
682,818,1500,0.1388
684,823,1507,0.1388
687,813,1500,0.1388
689,815,1504,0.1388
701,812,1513,0.1388
689,821,1510,0.1388
693,827,1520,0.1388
693,828,1521,0.1388
695,829,1524,0.1388
694,824,1518,0.1388
682,825,1507,0.1388
683,819,1502,0.1388
676,830,1506,0.1388
674,830,1504,0.1388
672,837,1509,0.1388
675,832,1507,0.1388
673,835,1508,0.1388
672,836,1508,0.1388
666,836,1502,0.1388
665,838,1503,0.1388
660,844,1504,0.1388
667,832,1499,0.1388
665,844,1509,0.1388
664,850,1514,0.1388
657,850,1507,0.1388
657,856,1513,0.1388
659,860,1519,0.1388
656,857,1513,0.1388
657,862,1519,0.1388
643,857,1500,0.1388
645,858,1503,0.1388
650,851,1501,0.1388
646,857,1503,0.1388
648,851,1499,0.1388
656,852,1508,0.1388
652,849,1501,0.1388
656,854,1510,0.1388
660,857,1517,0.1388
663,857,1520,0.1388
657,855,1512,0.1388
653,843,1496,0.1388
659,841,1500,0.1388
660,847,1507,0.1388
648,847,1495,0.1388
653,841,1494,0.1388
657,841,1498,0.1388
648,848,1496,0.1388
645,841,1486,0.1388
641,848,1489,0.1388
646,849,1495,0.1388
636,862,1498,0.1388
642,861,1503,0.1388
653,856,1509,0.1388
659,850,1509,0.1388
662,848,1510,0.1388
659,848,1507,0.1388
660,848,1508,0.1388
661,845,1506,0.1388
663,840,1503,0.1388
659,843,1502,0.1388
665,843,1508,0.1388
654,855,1509,0.1388
658,858,1516,0.1388
654,851,1505,0.1388
666,851,1517,0.1388
661,852,1513,0.1388
660,858,1518,0.1388
654,860,1514,0.1388
654,861,1515,0.1388
651,861,1512,0.1388
650,856,1506,0.1388
649,871,1520,0.1388
645,876,1521,0.1388
636,868,1504,0.1388
639,878,1517,0.1388
633,883,1516,0.1388
628,881,1509,0.1388
632,881,1513,0.1388
625,880,1505,0.1388
625,886,1511,0.1388
624,885,1509,0.1388
619,882,1501,0.1388
619,885,1504,0.1388
621,875,1496,0.1388
624,882,1506,0.1388
617,889,1506,0.1388
617,880,1497,0.1388
620,891,1511,0.1388
609,891,1500,0.1388
610,879,1489,0.1388
607,889,1496,0.1388
605,880,1485,0.1388
605,888,1493,0.1388
615,887,1502,0.1388
615,894,1509,0.1388
612,891,1503,0.1388
614,882,1496,0.1388
612,880,1492,0.1388
600,891,1491,0.1388
612,887,1499,0.1388
612,887,1499,0.1388
618,895,1513,0.1388
606,896,1502,0.1388
609,909,1518,0.1388
612,907,1519,0.1388
609,907,1516,0.1388
606,907,1513,0.1388
602,914,1516,0.1388
601,919,1520,0.1388
597,913,1510,0.1388
592,912,1504,0.1388
588,915,1503,0.1388
589,923,1512,0.1388
594,924,1518,0.1388
593,928,1521,0.1388
596,927,1523,0.1388
590,917,1507,0.1388
585,915,1500,0.1388
588,921,1509,0.1388
589,929,1518,0.1388
588,930,1518,0.1388
588,927,1515,0.1388
582,934,1516,0.1388
579,924,1503,0.1388
576,925,1501,0.1388
566,936,1502,0.1388
556,938,1494,0.1388
553,942,1495,0.1388
550,943,1493,0.1388
548,938,1486,0.1388
544,945,1489,0.1388
544,944,1488,0.1388
538,956,1494,0.1388
539,957,1496,0.1388
530,971,1501,0.1388
526,976,1502,0.1388
531,966,1497,0.1388
533,969,1502,0.1388
537,972,1509,0.1388
539,962,1501,0.1388
540,960,1500,0.1388
537,969,1506,0.1388
540,964,1504,0.1388
544,965,1509,0.1388
538,966,1504,0.1388
541,965,1506,0.1388
543,956,1499,0.1388
542,946,1488,0.1388
534,951,1485,0.1388
522,951,1473,0.1388
534,949,1483,0.1388
524,951,1475,0.1388
529,950,1479,0.1388
528,960,1488,0.1388
528,966,1494,0.1388
532,971,1503,0.1388
537,964,1501,0.1388
535,969,1504,0.1388
534,976,1510,0.1388
541,968,1509,0.1388
540,973,1513,0.1388
536,979,1515,0.1388
533,987,1520,0.1388
526,988,1514,0.1388
525,977,1502,0.1388
531,976,1507,0.1388
535,974,1509,0.1388
532,970,1502,0.1388
533,967,1500,0.1388
529,977,1506,0.1388
526,971,1497,0.1388
533,971,1504,0.1388
533,968,1501,0.1388
532,981,1513,0.1388
535,974,1509,0.1388
529,990,1519,0.1388
528,997,1525,0.1388
530,996,1526,0.1388
524,983,1507,0.1388
527,977,1504,0.1388
531,980,1511,0.1388
532,984,1516,0.1388
524,984,1508,0.1388
533,985,1518,0.1388
529,984,1513,0.1388
534,991,1525,0.1388
531,996,1527,0.1388
528,985,1513,0.1388
530,976,1506,0.1388
525,980,1505,0.1388
525,976,1501,0.1388
524,985,1509,0.1388
517,979,1496,0.1388
517,991,1508,0.1388
515,986,1501,0.1388
513,995,1508,0.1388
507,994,1501,0.1388
507,993,1500,0.1388
508,989,1497,0.1388
509,996,1505,0.1388
517,1006,1523,0.1388
506,1001,1507,0.1388
503,1007,1510,0.1388
506,1020,1526,0.1388
493,1016,1509,0.1388
493,1013,1506,0.1388
497,1017,1514,0.1388
489,1018,1507,0.1388
499,1022,1521,0.1388
487,1017,1504,0.1388
492,1012,1504,0.1388
496,1012,1508,0.1388
496,1016,1512,0.1388
495,1017,1512,0.1388
491,1013,1504,0.1388
490,1016,1506,0.1388
490,1029,1519,0.1388
494,1022,1516,0.1388
493,1035,1528,0.1388
488,1036,1524,0.1388
495,1035,1530,0.1388
496,1033,1529,0.1388
496,1028,1524,0.1388
492,1017,1509,0.1388
493,1028,1521,0.1388
493,1023,1516,0.1388
490,1016,1506,0.1388
484,1017,1501,0.1388
477,1033,1510,0.1388
478,1031,1509,0.1388
472,1029,1501,0.1388
474,1018,1492,0.1388
470,1022,1492,0.1388
471,1027,1498,0.1388
470,1036,1506,0.1388
474,1023,1497,0.1388
472,1027,1499,0.1388
475,1023,1498,0.1388
464,1028,1492,0.1388
459,1033,1492,0.1388
451,1034,1485,0.1388
457,1043,1500,0.1388
465,1033,1498,0.1388
471,1042,1513,0.1388
462,1046,1508,0.1388
461,1042,1503,0.1388
462,1038,1500,0.1388
465,1035,1500,0.1388
469,1036,1505,0.1388
469,1030,1499,0.1388
475,1042,1517,0.1388
471,1039,1510,0.1388
472,1045,1517,0.1388
465,1034,1499,0.1388
474,1045,1519,0.1388
474,1036,1510,0.1388
476,1036,1512,0.1388
479,1027,1506,0.1388
477,1040,1517,0.1388
477,1047,1524,0.1388
480,1042,1522,0.1388
475,1047,1522,0.1388
473,1041,1514,0.1388
467,1043,1510,0.1388
462,1033,1495,0.1388
468,1034,1502,0.1388
467,1038,1505,0.1388
466,1042,1508,0.1388
468,1043,1511,0.1388
471,1040,1511,0.1388
461,1052,1513,0.1388
463,1067,1530,0.1388
454,1062,1516,0.1388
451,1060,1511,0.1388
451,1053,1504,0.1388
449,1057,1506,0.1388
451,1061,1512,0.1388
448,1070,1518,0.1388
449,1082,1531,0.1388
445,1079,1524,0.1388
447,1078,1525,0.1388
447,1072,1519,0.1388
447,1071,1518,0.1388
443,1070,1513,0.1388
442,1072,1514,0.1388
447,1063,1510,0.1388
451,1062,1513,0.1388
453,1054,1507,0.1388
447,1071,1518,0.1388
436,1064,1500,0.1388
439,1059,1498,0.1388
436,1064,1500,0.1388
435,1070,1505,0.1388
434,1066,1500,0.1388
437,1071,1508,0.1388
435,1073,1508,0.1388
426,1065,1491,0.1388
430,1066,1496,0.1388
435,1072,1507,0.1388
432,1074,1506,0.1388
431,1074,1505,0.1388
423,1086,1509,0.1388
422,1084,1506,0.1388
422,1084,1506,0.1388
418,1074,1492,0.1388
426,1075,1501,0.1388
420,1076,1496,0.1388
423,1073,1496,0.1388
419,1065,1484,0.1388
422,1059,1481,0.1388
426,1072,1498,0.1388
421,1066,1487,0.1388
419,1063,1482,0.1388
416,1072,1488,0.1388
422,1079,1501,0.1388
423,1084,1507,0.1388
414,1087,1501,0.1388
420,1092,1512,0.1388
421,1085,1506,0.1388
421,1094,1515,0.1388
422,1087,1509,0.1388
419,1092,1511,0.1388
425,1101,1526,0.1388
424,1095,1519,0.1388
421,1093,1514,0.1388
416,1095,1511,0.1388
423,1087,1510,0.1388
414,1101,1515,0.1388
409,1104,1513,0.1388
413,1109,1522,0.1388
410,1102,1512,0.1388
416,1097,1513,0.1388
428,1098,1526,0.1388
423,1095,1518,0.1388
422,1097,1519,0.1388
423,1099,1522,0.1388
424,1088,1512,0.1388
419,1092,1511,0.1388
415,1091,1506,0.1388
419,1081,1500,0.1388
412,1085,1497,0.1388
419,1076,1495,0.1388
414,1075,1489,0.1388
417,1083,1500,0.1388
422,1086,1508,0.1388
426,1078,1504,0.1388
426,1085,1511,0.1388
415,1082,1497,0.1388
416,1080,1496,0.1388
413,1078,1491,0.1388
409,1083,1492,0.1388
405,1086,1491,0.1388
398,1087,1485,0.1388
396,1099,1495,0.1388
396,1104,1500,0.1388
395,1097,1492,0.1388
395,1093,1488,0.1388
397,1091,1488,0.1388
389,1110,1499,0.1388
385,1121,1506,0.1388
379,1119,1498,0.1388
381,1134,1515,0.1388
379,1133,1512,0.1388
379,1139,1518,0.1388
377,1134,1511,0.1388
384,1138,1522,0.1388
382,1132,1514,0.1388
382,1128,1510,0.1388
387,1122,1509,0.1388
381,1128,1509,0.1388
380,1125,1505,0.1388
378,1131,1509,0.1388
382,1133,1515,0.1388
385,1124,1509,0.1388
383,1129,1512,0.1388
373,1116,1489,0.1388
377,1126,1503,0.1388
381,1119,1500,0.1388
377,1134,1511,0.1388
373,1133,1506,0.1388
373,1135,1508,0.1388
373,1119,1492,0.1388
368,1138,1506,0.1388
367,1130,1497,0.1388
364,1136,1500,0.1388
366,1144,1510,0.1388
367,1132,1499,0.1388
358,1141,1499,0.1388
366,1127,1493,0.1388
368,1135,1503,0.1388
368,1129,1497,0.1388
368,1131,1499,0.1388
365,1140,1505,0.1388
364,1139,1503,0.1388
355,1147,1502,0.1388
359,1148,1507,0.1388
358,1160,1518,0.1388
349,1162,1511,0.1388
354,1155,1509,0.1388
352,1160,1512,0.1388
358,1150,1508,0.1388
357,1153,1510,0.1388
352,1152,1504,0.1388
354,1150,1504,0.1388
357,1142,1499,0.1388
355,1166,1521,0.1388
355,1168,1523,0.1388
361,1162,1523,0.1388
356,1165,1521,0.1388
354,1172,1526,0.1388
355,1164,1519,0.1388
359,1159,1518,0.1388
358,1150,1508,0.1388
348,1147,1495,0.1388
338,1157,1495,0.1388
339,1148,1487,0.1388
340,1161,1501,0.1388
344,1163,1507,0.1388
350,1157,1507,0.1388
346,1169,1515,0.1388
349,1170,1519,0.1388
350,1171,1521,0.1388
349,1174,1523,0.1388
346,1172,1518,0.1388
344,1162,1506,0.1388
343,1168,1511,0.1388
346,1180,1526,0.1388
341,1165,1506,0.1388
341,1162,1503,0.1388
344,1163,1507,0.1388
344,1171,1515,0.1388
346,1168,1514,0.1388
337,1164,1501,0.1388
338,1168,1506,0.1388
347,1162,1509,0.1388
343,1158,1501,0.1388
338,1164,1502,0.1388
341,1168,1509,0.1388
343,1173,1516,0.1388
340,1181,1521,0.1388
332,1181,1513,0.1388
341,1172,1513,0.1388
336,1172,1508,0.1388
338,1169,1507,0.1388
342,1173,1515,0.1388
338,1182,1520,0.1388
339,1179,1518,0.1388
338,1175,1513,0.1388
333,1183,1516,0.1388
329,1184,1513,0.1388
327,1191,1518,0.1388
330,1177,1507,0.1388
330,1176,1506,0.1388
327,1197,1524,0.1388
315,1190,1505,0.1388
322,1186,1508,0.1388
322,1196,1518,0.1388
322,1196,1518,0.1388
318,1189,1507,0.1388
314,1176,1490,0.1388
316,1177,1493,0.1388
313,1175,1488,0.1388
317,1186,1503,0.1388
318,1196,1514,0.1388
317,1192,1509,0.1388
311,1213,1524,0.1388
306,1222,1528,0.1388
302,1211,1513,0.1388
304,1226,1530,0.1388
306,1211,1517,0.1388
304,1206,1510,0.1388
304,1206,1510,0.1388
300,1217,1517,0.1388
294,1219,1513,0.1388
298,1210,1508,0.1388
293,1202,1495,0.1388
287,1198,1485,0.1388
289,1223,1512,0.1388
289,1220,1509,0.1388
288,1230,1518,0.1388
297,1217,1514,0.1388
295,1233,1528,0.1388
292,1234,1526,0.1388
289,1235,1524,0.1388
290,1223,1513,0.1388
298,1225,1523,0.1388
298,1225,1523,0.1388
297,1230,1527,0.1388
300,1214,1514,0.1388
303,1218,1521,0.1388
298,1202,1500,0.1388
294,1210,1504,0.1388
293,1201,1494,0.1388
298,1198,1496,0.1388
299,1202,1501,0.1388
302,1204,1506,0.1388
295,1210,1505,0.1388
298,1200,1498,0.1388
293,1193,1486,0.1388
294,1204,1498,0.1388
294,1214,1508,0.1388
288,1209,1497,0.1388
292,1220,1512,0.1388
281,1217,1498,0.1388
287,1223,1510,0.1388
286,1215,1501,0.1388
276,1230,1506,0.1388
275,1236,1511,0.1388
272,1235,1507,0.1388
268,1230,1498,0.1388
269,1219,1488,0.1388
267,1231,1498,0.1388
268,1222,1490,0.1388
268,1228,1496,0.1388
265,1241,1506,0.1388
270,1250,1520,0.1388
271,1249,1520,0.1388
270,1231,1501,0.1388
274,1246,1520,0.1388
279,1237,1516,0.1388
273,1241,1514,0.1388
264,1256,1520,0.1388
265,1257,1522,0.1388
263,1261,1524,0.1388
260,1260,1520,0.1388
259,1252,1511,0.1388
256,1248,1504,0.1388
258,1254,1512,0.1388
257,1254,1511,0.1388
259,1256,1515,0.1388
257,1261,1518,0.1388
251,1264,1515,0.1388
252,1265,1517,0.1388
256,1263,1519,0.1388
253,1265,1518,0.1388
248,1271,1519,0.1388
250,1278,1528,0.1388
245,1278,1523,0.1388
242,1263,1505,0.1388
243,1259,1502,0.1388
240,1271,1511,0.1388
246,1268,1514,0.1388
244,1262,1506,0.1388
243,1264,1507,0.1388
240,1266,1506,0.1388
241,1260,1501,0.1388
241,1256,1497,0.1388
242,1271,1513,0.1388
245,1270,1515,0.1388
240,1273,1513,0.1388
240,1277,1517,0.1388
244,1263,1507,0.1388
246,1258,1504,0.1388
238,1257,1495,0.1388
237,1277,1514,0.1388
238,1275,1513,0.1388
235,1271,1506,0.1388
238,1272,1510,0.1388
239,1272,1511,0.1388
233,1280,1513,0.1388
228,1276,1504,0.1388
233,1265,1498,0.1388
233,1280,1513,0.1388
238,1281,1519,0.1388
236,1283,1519,0.1388
233,1279,1512,0.1388
228,1281,1509,0.1388
228,1278,1506,0.1388
232,1272,1504,0.1388
233,1266,1499,0.1388
239,1278,1517,0.1388
237,1285,1522,0.1388
236,1288,1524,0.1388
232,1279,1511,0.1388
234,1283,1517,0.1388
230,1281,1511,0.1388
229,1291,1520,0.1388
229,1293,1522,0.1388
228,1295,1523,0.1388
225,1293,1518,0.1388
219,1301,1520,0.1388
222,1301,1523,0.1388
223,1310,1533,0.1388
224,1300,1524,0.1388
224,1299,1523,0.1388
230,1299,1529,0.1388
226,1299,1525,0.1388
230,1299,1529,0.1388
234,1292,1526,0.1388
231,1300,1531,0.1388
227,1287,1514,0.1388
226,1285,1511,0.1388
229,1280,1509,0.1388
225,1280,1505,0.1388
230,1298,1528,0.1388
229,1294,1523,0.1388
232,1294,1526,0.1388
227,1294,1521,0.1388
231,1284,1515,0.1388
226,1279,1505,0.1388
227,1282,1509,0.1388
230,1281,1511,0.1388
229,1278,1507,0.1388
232,1283,1515,0.1388
226,1279,1505,0.1388
228,1284,1512,0.1388
227,1275,1502,0.1388
221,1268,1489,0.1388
227,1273,1500,0.1388
224,1277,1501,0.1388
225,1280,1505,0.1388
227,1278,1505,0.1388
231,1269,1500,0.1388
221,1263,1484,0.1388
223,1264,1487,0.1388
228,1284,1512,0.1388
228,1292,1520,0.1388
228,1297,1525,0.1388
225,1301,1526,0.1388
217,1303,1520,0.1388
215,1295,1510,0.1388
214,1297,1511,0.1388
218,1292,1510,0.1388
217,1292,1509,0.1388
215,1296,1511,0.1388
216,1301,1517,0.1388
218,1292,1510,0.1388
220,1307,1527,0.1388
218,1301,1519,0.1388
218,1294,1512,0.1388
216,1296,1512,0.1388
214,1289,1503,0.1388
211,1278,1489,0.1388
214,1285,1499,0.1388
217,1291,1508,0.1388
214,1291,1505,0.1388
214,1297,1511,0.1388
208,1299,1507,0.1388
215,1307,1522,0.1388
210,1306,1516,0.1388
208,1306,1514,0.1388
203,1317,1520,0.1388
211,1306,1517,0.1388
214,1300,1514,0.1388
211,1301,1512,0.1388
207,1295,1502,0.1388
208,1291,1499,0.1388
199,1298,1497,0.1388
196,1305,1501,0.1388
193,1310,1503,0.1388
195,1323,1518,0.1388
195,1312,1507,0.1388
195,1328,1523,0.1388
202,1311,1513,0.1388
203,1316,1519,0.1388
202,1315,1517,0.1388
201,1310,1511,0.1388
209,1304,1513,0.1388
209,1299,1508,0.1388
210,1305,1515,0.1388
206,1301,1507,0.1388
206,1305,1511,0.1388
204,1302,1506,0.1388
205,1314,1519,0.1388
198,1308,1506,0.1388
197,1311,1508,0.1388
198,1320,1518,0.1388
200,1314,1514,0.1388
201,1314,1515,0.1388
199,1321,1520,0.1388
196,1306,1502,0.1388
199,1310,1509,0.1388
192,1323,1515,0.1388
188,1322,1510,0.1388
193,1318,1511,0.1388
192,1319,1511,0.1388
191,1321,1512,0.1388
195,1319,1514,0.1388
200,1323,1523,0.1388
198,1313,1511,0.1388
197,1301,1498,0.1388
199,1307,1506,0.1388
197,1322,1519,0.1388
197,1321,1518,0.1388
198,1312,1510,0.1388
200,1315,1515,0.1388
203,1303,1506,0.1388
201,1308,1509,0.1388
199,1313,1512,0.1388
195,1311,1506,0.1388
197,1296,1493,0.1388
202,1316,1518,0.1388
206,1318,1524,0.1388
204,1316,1520,0.1388
200,1319,1519,0.1388
201,1312,1513,0.1388
201,1314,1515,0.1388
198,1313,1511,0.1388
191,1313,1504,0.1388
194,1320,1514,0.1388
196,1330,1526,0.1388
194,1322,1516,0.1388
197,1323,1520,0.1388
194,1320,1514,0.1388
197,1324,1521,0.1388
204,1326,1530,0.1388
198,1323,1521,0.1388
203,1313,1516,0.1388
203,1306,1509,0.1388
200,1305,1505,0.1388
196,1312,1508,0.1388
203,1305,1508,0.1388
201,1306,1507,0.1388
200,1319,1519,0.1388
196,1313,1509,0.1388
196,1305,1501,0.1388
197,1318,1515,0.1388
198,1311,1509,0.1388
199,1322,1521,0.1388
205,1308,1513,0.1388
204,1297,1501,0.1388
203,1308,1511,0.1388
206,1310,1516,0.1388
205,1322,1527,0.1388
205,1325,1530,0.1388
204,1327,1531,0.1388
206,1310,1516,0.1388
202,1309,1511,0.1388
195,1314,1509,0.1388
191,1309,1500,0.1388
195,1306,1501,0.1388
197,1317,1514,0.1388
201,1317,1518,0.1388
198,1307,1505,0.1388
193,1311,1504,0.1388
196,1319,1515,0.1388
193,1315,1508,0.1388
191,1316,1507,0.1388
189,1318,1507,0.1388
194,1319,1513,0.1388
196,1305,1501,0.1388
192,1310,1502,0.1388
194,1317,1511,0.1388
197,1315,1512,0.1388
192,1323,1515,0.1388
194,1323,1517,0.1388
194,1319,1513,0.1388
194,1315,1509,0.1388
195,1309,1504,0.1388
194,1309,1503,0.1388
190,1314,1504,0.1388
196,1314,1510,0.1388
201,1322,1523,0.1388
202,1321,1523,0.1388
202,1317,1519,0.1388
198,1320,1518,0.1388
198,1321,1519,0.1388
198,1314,1512,0.1388
197,1330,1527,0.1388
195,1327,1522,0.1388
193,1326,1519,0.1388
193,1324,1517,0.1388
197,1316,1513,0.1388
197,1315,1512,0.1388
194,1318,1512,0.1388
195,1321,1516,0.1388
197,1327,1524,0.1388
191,1328,1519,0.1388
187,1332,1519,0.1388
187,1327,1514,0.1388
188,1323,1511,0.1388
184,1323,1507,0.1388
187,1324,1511,0.1388
186,1324,1510,0.1388
184,1335,1519,0.1388
180,1326,1506,0.1388
183,1331,1514,0.1388
182,1333,1515,0.1388
177,1338,1515,0.1388
177,1342,1519,0.1388
171,1344,1515,0.1388
173,1333,1506,0.1388
172,1327,1499,0.1388
172,1327,1499,0.1388
179,1318,1497,0.1388
174,1315,1489,0.1388
172,1315,1487,0.1388
173,1317,1490,0.1388
176,1325,1501,0.1388
177,1336,1513,0.1388
175,1331,1506,0.1388
175,1351,1526,0.1388
171,1345,1516,0.1388
174,1343,1517,0.1388
174,1337,1511,0.1388
172,1341,1513,0.1388
169,1338,1507,0.1388
170,1325,1495,0.1388
174,1325,1499,0.1388
172,1322,1494,0.1388
172,1330,1502,0.1388
169,1338,1507,0.1388
167,1342,1509,0.1388
168,1337,1505,0.1388
166,1339,1505,0.1388
166,1339,1505,0.1388
166,1355,1521,0.1388
169,1354,1523,0.1388
165,1354,1519,0.1388
165,1347,1512,0.1388
162,1354,1516,0.1388
166,1364,1530,0.1388
169,1360,1529,0.1388
163,1347,1510,0.1388
165,1349,1514,0.1388
165,1345,1510,0.1388
162,1341,1503,0.1388
165,1343,1508,0.1388
161,1363,1524,0.1388
161,1372,1533,0.1388
156,1363,1519,0.1388
155,1363,1518,0.1388
152,1361,1513,0.1388
151,1361,1512,0.1388
152,1381,1533,0.1388
155,1365,1520,0.1388
155,1364,1519,0.1388
153,1359,1512,0.1388
148,1359,1507,0.1388
146,1352,1498,0.1388
148,1351,1499,0.1388
145,1364,1509,0.1388
142,1371,1513,0.1388
138,1378,1516,0.1388
142,1376,1518,0.1388
140,1380,1520,0.1388
137,1384,1521,0.1388
139,1362,1501,0.1388
141,1362,1503,0.1388
143,1357,1500,0.1388
141,1356,1497,0.1388
141,1368,1509,0.1388
141,1381,1522,0.1388
140,1376,1516,0.1388
140,1376,1516,0.1388
141,1361,1502,0.1388
140,1365,1505,0.1388
140,1372,1512,0.1388
140,1377,1517,0.1388
139,1378,1517,0.1388
138,1368,1506,0.1388
132,1377,1509,0.1388
133,1392,1525,0.1388
133,1385,1518,0.1388
133,1383,1516,0.1388
132,1373,1505,0.1388
133,1369,1502,0.1388
129,1366,1495,0.1388
126,1373,1499,0.1388
127,1387,1514,0.1388
128,1400,1528,0.1388
126,1395,1521,0.1388
126,1389,1515,0.1388
130,1387,1517,0.1388
131,1389,1520,0.1388
132,1388,1520,0.1388
125,1388,1513,0.1388
125,1396,1521,0.1388
124,1396,1520,0.1388
124,1394,1518,0.1388
121,1396,1517,0.1388
121,1400,1521,0.1388
121,1405,1526,0.1388
119,1394,1513,0.1388
117,1389,1506,0.1388
118,1390,1508,0.1388
119,1397,1516,0.1388
116,1397,1513,0.1388
115,1403,1518,0.1388
115,1405,1520,0.1388
113,1394,1507,0.1388
113,1399,1512,0.1388
116,1404,1520,0.1388
113,1405,1518,0.1388
112,1406,1518,0.1388
108,1389,1497,0.1388
106,1393,1499,0.1388
105,1393,1498,0.1388
104,1404,1508,0.1388
102,1408,1510,0.1388
102,1408,1510,0.1388
103,1413,1516,0.1388
100,1427,1527,0.1388
102,1418,1520,0.1388
103,1421,1524,0.1388
105,1425,1530,0.1388
104,1428,1532,0.1388
104,1424,1528,0.1388
106,1417,1523,0.1388
107,1416,1523,0.1388
106,1411,1517,0.1388
106,1418,1524,0.1388
105,1425,1530,0.1388
110,1429,1539,0.1388
112,1425,1537,0.1388
112,1414,1526,0.1388
107,1416,1523,0.1388
106,1411,1517,0.1388
106,1413,1519,0.1388
105,1411,1516,0.1388
104,1400,1504,0.1388
105,1397,1502,0.1388
107,1410,1517,0.1388
105,1411,1516,0.1388
105,1410,1515,0.1388
107,1419,1526,0.1388
107,1418,1525,0.1388
102,1410,1512,0.1388
104,1409,1513,0.1388
103,1410,1513,0.1388
103,1405,1508,0.1388
103,1413,1516,0.1388
100,1423,1523,0.1388
99,1424,1523,0.1388
97,1422,1519,0.1388
97,1420,1517,0.1388
96,1406,1502,0.1388
97,1415,1512,0.1388
95,1421,1516,0.1388
95,1426,1521,0.1388
96,1423,1519,0.1388
98,1422,1520,0.1388
95,1411,1506,0.1388
93,1420,1513,0.1388
91,1418,1509,0.1388
91,1414,1505,0.1388
87,1421,1508,0.1388
91,1426,1517,0.1388
90,1421,1511,0.1388
87,1410,1497,0.1388
83,1417,1500,0.1388
79,1422,1501,0.1388
77,1411,1488,0.1388
80,1424,1504,0.1388
81,1425,1506,0.1388
78,1430,1508,0.1388
80,1436,1516,0.1388
81,1430,1511,0.1388
79,1432,1511,0.1388
79,1451,1530,0.1388
75,1454,1529,0.1388
76,1447,1523,0.1388
73,1445,1518,0.1388
68,1438,1506,0.1388
68,1433,1501,0.1388
68,1442,1510,0.1388
68,1455,1523,0.1388
69,1446,1515,0.1388
70,1451,1521,0.1388
71,1458,1529,0.1388
73,1451,1524,0.1388
72,1450,1522,0.1388
74,1453,1527,0.1388
75,1460,1535,0.1388
74,1461,1535,0.1388
72,1459,1531,0.1388
71,1452,1523,0.1388
68,1446,1514,0.1388
69,1432,1501,0.1388
66,1434,1500,0.1388
66,1429,1495,0.1388
66,1438,1504,0.1388
69,1446,1515,0.1388
71,1438,1509,0.1388
71,1443,1514,0.1388
70,1451,1521,0.1388
70,1449,1519,0.1388
75,1451,1526,0.1388
73,1443,1516,0.1388
75,1448,1523,0.1388
75,1446,1521,0.1388
77,1450,1527,0.1388
76,1435,1511,0.1388
77,1421,1498,0.1388
76,1443,1519,0.1388
74,1438,1512,0.1388
71,1446,1517,0.1388
71,1452,1523,0.1388
72,1443,1515,0.1388
72,1443,1515,0.1388
67,1440,1507,0.1388
65,1437,1502,0.1388
65,1424,1489,0.1388
66,1433,1499,0.1388
65,1443,1508,0.1388
68,1441,1509,0.1388
73,1440,1513,0.1388
72,1451,1523,0.1388
72,1456,1528,0.1388
73,1438,1511,0.1388
73,1436,1509,0.1388
73,1455,1528,0.1388
71,1446,1517,0.1388
71,1438,1509,0.1388
73,1444,1517,0.1388
72,1444,1516,0.1388
74,1446,1520,0.1388
74,1427,1501,0.1388
72,1432,1504,0.1388
71,1450,1521,0.1388
72,1452,1524,0.1388
72,1456,1528,0.1388
73,1454,1527,0.1388
69,1466,1535,0.1388
68,1459,1527,0.1388
68,1448,1516,0.1388
68,1448,1516,0.1388
65,1453,1518,0.1388
64,1452,1516,0.1388
65,1467,1532,0.1388
61,1458,1519,0.1388
61,1455,1516,0.1388
62,1448,1510,0.1388
61,1449,1510,0.1388
62,1444,1506,0.1388
61,1443,1504,0.1388
63,1437,1500,0.1388
61,1443,1504,0.1388
63,1454,1517,0.1388
64,1453,1517,0.1388
62,1458,1520,0.1388
65,1457,1522,0.1388
63,1462,1525,0.1388
62,1458,1520,0.1388
61,1467,1528,0.1388
60,1462,1522,0.1388
61,1458,1519,0.1388
60,1445,1505,0.1388
63,1456,1519,0.1388
61,1453,1514,0.1388
63,1447,1510,0.1388
61,1446,1507,0.1388
63,1454,1517,0.1388
63,1462,1525,0.1388
61,1454,1515,0.1388
62,1458,1520,0.1388
62,1453,1515,0.1388
62,1456,1518,0.1388
61,1445,1506,0.1388
63,1452,1515,0.1388
60,1457,1517,0.1388
61,1450,1511,0.1388
63,1460,1523,0.1388
62,1463,1525,0.1388
61,1456,1517,0.1388
64,1449,1513,0.1388
63,1456,1519,0.1388
63,1457,1520,0.1388
62,1451,1513,0.1388
63,1447,1510,0.1388
62,1455,1517,0.1388
61,1459,1520,0.1388
63,1454,1517,0.1388
64,1447,1511,0.1388
63,1451,1514,0.1388
64,1457,1521,0.1388
62,1462,1524,0.1388
58,1456,1514,0.1388
62,1464,1526,0.1388
58,1462,1520,0.1388
59,1456,1515,0.1388
59,1461,1520,0.1388
62,1454,1516,0.1388
61,1458,1519,0.1388
62,1442,1504,0.1388
64,1433,1497,0.1388
65,1442,1507,0.1388
64,1451,1515,0.1388
63,1451,1514,0.1388
60,1447,1507,0.1388
61,1457,1518,0.1388
61,1464,1525,0.1388
61,1434,1495,0.1388
62,1432,1494,0.1388
63,1436,1499,0.1388
62,1446,1508,0.1388
62,1450,1512,0.1388
62,1458,1520,0.1388
63,1451,1514,0.1388
62,1455,1517,0.1388
60,1455,1515,0.1388
60,1467,1527,0.1388
60,1467,1527,0.1388
60,1466,1526,0.1388
63,1460,1523,0.1388
60,1461,1521,0.1388
57,1464,1521,0.1388
58,1458,1516,0.1388
59,1457,1516,0.1388
59,1457,1516,0.1388
58,1457,1515,0.1388
57,1455,1512,0.1388
58,1457,1515,0.1388
57,1454,1511,0.1388
60,1450,1510,0.1388
61,1452,1513,0.1388
60,1448,1508,0.1388
58,1458,1516,0.1388
60,1452,1512,0.1388
58,1456,1514,0.1388
57,1466,1523,0.1388
56,1458,1514,0.1388
56,1474,1530,0.1388
56,1457,1513,0.1388
55,1472,1527,0.1388
55,1461,1516,0.1388
56,1464,1520,0.1388
56,1466,1522,0.1388
55,1464,1519,0.1388
55,1461,1516,0.1388
54,1468,1522,0.1388
54,1461,1515,0.1388
51,1470,1521,0.1388
51,1460,1511,0.1388
53,1457,1510,0.1388
54,1465,1519,0.1388
54,1458,1512,0.1388
51,1452,1503,0.1388
49,1457,1506,0.1388
49,1456,1505,0.1388
48,1462,1510,0.1388
47,1464,1511,0.1388
49,1468,1517,0.1388
46,1470,1516,0.1388
48,1470,1518,0.1388
51,1471,1522,0.1388
50,1459,1509,0.1388
49,1469,1518,0.1388
50,1467,1517,0.1388
48,1471,1519,0.1388
53,1460,1513,0.1388
53,1463,1516,0.1388
52,1460,1512,0.1388
51,1457,1508,0.1388
53,1471,1524,0.1388
53,1466,1519,0.1388
51,1463,1514,0.1388
53,1468,1521,0.1388
53,1464,1517,0.1388
51,1461,1512,0.1388
51,1457,1508,0.1388
51,1466,1517,0.1388
52,1462,1514,0.1388
52,1465,1517,0.1388
54,1461,1515,0.1388
54,1466,1520,0.1388
55,1475,1530,0.1388
54,1467,1521,0.1388
53,1483,1536,0.1388
53,1475,1528,0.1388
53,1471,1524,0.1388
55,1478,1533,0.1388
57,1478,1535,0.1388
56,1471,1527,0.1388
56,1476,1532,0.1388
56,1474,1530,0.1388
58,1470,1528,0.1388
56,1472,1528,0.1388
55,1468,1523,0.1388
52,1466,1518,0.1388
52,1482,1534,0.1388
51,1488,1539,0.1388
49,1478,1527,0.1388
48,1477,1525,0.1388
51,1477,1528,0.1388
51,1470,1521,0.1388
49,1466,1515,0.1388
49,1464,1513,0.1388
50,1463,1513,0.1388
50,1452,1502,0.1388
49,1454,1503,0.1388
48,1460,1508,0.1388
46,1455,1501,0.1388
46,1461,1507,0.1388
47,1463,1510,0.1388
47,1470,1517,0.1388
46,1472,1518,0.1388
46,1483,1529,0.1388
45,1479,1524,0.1388
46,1491,1537,0.1388
46,1484,1530,0.1388
43,1475,1518,0.1388
45,1470,1515,0.1388
43,1465,1508,0.1388
43,1481,1524,0.1388
43,1488,1531,0.1388
43,1483,1526,0.1388
43,1469,1512,0.1388
45,1473,1518,0.1388
44,1462,1506,0.1388
45,1477,1522,0.1388
42,1482,1524,0.1388
41,1473,1514,0.1388
40,1477,1517,0.1388
42,1466,1508,0.1388
42,1458,1500,0.1388
41,1447,1488,0.1388
42,1454,1496,0.1388
42,1466,1508,0.1388
42,1449,1491,0.1388
42,1459,1501,0.1388
40,1469,1509,0.1388
41,1470,1511,0.1388
41,1481,1522,0.1388
39,1491,1530,0.1388
38,1485,1523,0.1388
36,1473,1509,0.1388
34,1481,1515,0.1388
30,1480,1510,0.1388
30,1483,1513,0.1388
30,1481,1511,0.1388
31,1486,1517,0.1388
30,1489,1519,0.1388
31,1498,1529,0.1388
33,1485,1518,0.1388
33,1486,1519,0.1388
34,1488,1522,0.1388
33,1477,1510,0.1388
32,1481,1513,0.1388
32,1479,1511,0.1388
31,1471,1502,0.1388
32,1486,1518,0.1388
31,1483,1514,0.1388
30,1497,1527,0.1388
30,1496,1526,0.1388
32,1488,1520,0.1388
34,1484,1518,0.1388
34,1477,1511,0.1388
34,1486,1520,0.1388
35,1483,1518,0.1388
35,1476,1511,0.1388
35,1474,1509,0.1388
35,1477,1512,0.1388
33,1469,1502,0.1388
32,1483,1515,0.1388
33,1476,1509,0.1388
35,1470,1505,0.1388
35,1469,1504,0.1388
36,1472,1508,0.1388
35,1471,1506,0.1388
37,1484,1521,0.1388
38,1490,1528,0.1388
36,1480,1516,0.1388
38,1472,1510,0.1388
37,1470,1507,0.1388
37,1468,1505,0.1388
36,1474,1510,0.1388
38,1484,1522,0.1388
38,1463,1501,0.1388
37,1471,1508,0.1388
38,1471,1509,0.1388
38,1477,1515,0.1388
39,1480,1519,0.1388
38,1489,1527,0.1388
37,1473,1510,0.1388
37,1473,1510,0.1388
37,1489,1526,0.1388
37,1479,1516,0.1388
38,1476,1514,0.1388
39,1483,1522,0.1388
38,1482,1520,0.1388
39,1476,1515,0.1388
40,1484,1524,0.1388
38,1480,1518,0.1388
40,1462,1502,0.1388
39,1466,1505,0.1388
36,1483,1519,0.1388
33,1495,1528,0.1388
32,1497,1529,0.1388
36,1499,1535,0.1388
35,1485,1520,0.1388
37,1485,1522,0.1388
37,1473,1510,0.1388
36,1486,1522,0.1388
34,1475,1509,0.1388
37,1482,1519,0.1388
37,1481,1518,0.1388
36,1489,1525,0.1388
36,1491,1527,0.1388
36,1489,1525,0.1388
36,1492,1528,0.1388
37,1506,1543,0.1388
35,1482,1517,0.1388
35,1489,1524,0.1388
35,1484,1519,0.1388
35,1493,1528,0.1388
33,1491,1524,0.1388
33,1483,1516,0.1388
34,1486,1520,0.1388
35,1487,1522,0.1388
34,1483,1517,0.1388
34,1479,1513,0.1388
33,1480,1513,0.1388
33,1479,1512,0.1388
32,1484,1516,0.1388
32,1498,1530,0.1388
32,1498,1530,0.1388
29,1494,1523,0.1388
28,1500,1528,0.1388
25,1487,1512,0.1388
25,1489,1514,0.1388
25,1479,1504,0.1388
24,1488,1512,0.1388
25,1498,1523,0.1388
23,1514,1537,0.1388
23,1508,1531,0.1388
22,1513,1535,0.1388
22,1499,1521,0.1388
23,1505,1528,0.1388
23,1486,1509,0.1388
25,1477,1502,0.1388
21,1487,1508,0.1388
21,1488,1509,0.1388
22,1480,1502,0.1388
22,1482,1504,0.1388
22,1495,1517,0.1388
22,1490,1512,0.1388
22,1482,1504,0.1388
22,1483,1505,0.1388
22,1485,1507,0.1388
21,1488,1509,0.1388
21,1495,1516,0.1388
21,1487,1508,0.1388
21,1491,1512,0.1388
21,1486,1507,0.1388
20,1496,1516,0.1388
20,1500,1520,0.1388
21,1504,1525,0.1388
21,1508,1529,0.1388
21,1512,1533,0.1388
20,1512,1532,0.1388
21,1501,1522,0.1388
22,1499,1521,0.1388
21,1505,1526,0.1388
20,1494,1514,0.1388
21,1502,1523,0.1388
22,1505,1527,0.1388
21,1507,1528,0.1388
23,1495,1518,0.1388
22,1492,1514,0.1388
22,1490,1512,0.1388
24,1493,1517,0.1388
24,1506,1530,0.1388
24,1504,1528,0.1388
25,1491,1516,0.1388
25,1485,1510,0.1388
23,1481,1504,0.1388
24,1474,1498,0.1388
23,1480,1503,0.1388
24,1492,1516,0.1388
25,1484,1509,0.1388
24,1482,1506,0.1388
25,1480,1505,0.1388
25,1477,1502,0.1388
25,1469,1494,0.1388
26,1466,1492,0.1388
25,1487,1512,0.1388
25,1484,1509,0.1388
25,1503,1528,0.1388
25,1491,1516,0.1388
26,1499,1525,0.1388
28,1493,1521,0.1388
29,1481,1510,0.1388
29,1489,1518,0.1388
28,1479,1507,0.1388
28,1473,1501,0.1388
27,1491,1518,0.1388
27,1490,1517,0.1388
26,1489,1515,0.1388
26,1487,1513,0.1388
25,1470,1495,0.1388
25,1482,1507,0.1388
23,1475,1498,0.1388
25,1479,1504,0.1388
23,1488,1511,0.1388
23,1496,1519,0.1388
22,1493,1515,0.1388
22,1498,1520,0.1388
22,1494,1516,0.1388
21,1492,1513,0.1388
20,1490,1510,0.1388
19,1498,1517,0.1388
18,1502,1520,0.1388
17,1489,1506,0.1388
16,1496,1512,0.1388
18,1486,1504,0.1388
18,1499,1517,0.1388
18,1510,1528,0.1388
19,1508,1527,0.1388
17,1513,1530,0.1388
17,1495,1512,0.1388
18,1497,1515,0.1388
19,1493,1512,0.1388
18,1502,1520,0.1388
19,1514,1533,0.1388
19,1510,1529,0.1388
18,1508,1526,0.1388
18,1507,1525,0.1388
20,1499,1519,0.1388
20,1495,1515,0.1388
20,1513,1533,0.1388
20,1509,1529,0.1388
20,1516,1536,0.1388
20,1519,1539,0.1388
20,1522,1542,0.1388
20,1504,1524,0.1388
20,1493,1513,0.1388
19,1499,1518,0.1388
19,1491,1510,0.1388
20,1502,1522,0.1388
20,1496,1516,0.1388
19,1513,1532,0.1388
19,1508,1527,0.1388
19,1510,1529,0.1388
17,1504,1521,0.1388
16,1497,1513,0.1388
16,1508,1524,0.1388
16,1509,1525,0.1388
18,1498,1516,0.1388
20,1499,1519,0.1388
20,1486,1506,0.1388
19,1472,1491,0.1388
18,1488,1506,0.1388
20,1493,1513,0.1388
20,1495,1515,0.1388
20,1506,1526,0.1388
20,1509,1529,0.1388
20,1503,1523,0.1388
20,1495,1515,0.1388
19,1495,1514,0.1388
19,1490,1509,0.1388
20,1478,1498,0.1388
20,1473,1493,0.1388
19,1476,1495,0.1388
19,1484,1503,0.1388
16,1486,1502,0.1388
16,1477,1493,0.1388
17,1479,1496,0.1388
16,1496,1512,0.1388
16,1494,1510,0.1388
17,1496,1513,0.1388
16,1474,1490,0.1388
16,1479,1495,0.1388
15,1472,1487,0.1388
17,1487,1504,0.1388
17,1487,1504,0.1388
18,1491,1509,0.1388
18,1492,1510,0.1388
17,1493,1510,0.1388
17,1501,1518,0.1388
17,1498,1515,0.1388
17,1512,1529,0.1388
16,1506,1522,0.1388
15,1507,1522,0.1388
14,1494,1508,0.1388
13,1493,1506,0.1388
13,1494,1507,0.1388
13,1508,1521,0.1388
13,1503,1516,0.1388
14,1490,1504,0.1388
15,1479,1494,0.1388
16,1477,1493,0.1388
16,1479,1495,0.1388
15,1488,1503,0.1388
16,1500,1516,0.1388
16,1493,1509,0.1388
15,1484,1499,0.1388
14,1490,1504,0.1388
14,1485,1499,0.1388
14,1485,1499,0.1388
14,1488,1502,0.1388
14,1488,1502,0.1388
14,1498,1512,0.1388
14,1489,1503,0.1388
13,1494,1507,0.1388
13,1504,1517,0.1388
12,1506,1518,0.1388
12,1504,1516,0.1388
12,1508,1520,0.1388
12,1510,1522,0.1388
13,1507,1520,0.1388
13,1496,1509,0.1388
11,1498,1509,0.1388
12,1497,1509,0.1388
12,1503,1515,0.1388
12,1506,1518,0.1388
12,1508,1520,0.1388
12,1504,1516,0.1388
13,1493,1506,0.1388
12,1492,1504,0.1388
12,1494,1506,0.1388
13,1485,1498,0.1388
13,1486,1499,0.1388
13,1494,1507,0.1388
13,1508,1521,0.1388
13,1502,1515,0.1388
12,1504,1516,0.1388
13,1502,1515,0.1388
13,1500,1513,0.1388
13,1507,1520,0.1388
13,1506,1519,0.1388
13,1509,1522,0.1388
13,1511,1524,0.1388
13,1501,1514,0.1388
13,1493,1506,0.1388
13,1494,1507,0.1388
13,1501,1514,0.1388
13,1494,1507,0.1388
12,1491,1503,0.1388
11,1488,1499,0.1388
9,1498,1507,0.1388
9,1499,1508,0.1388
8,1489,1497,0.1388
8,1497,1505,0.1388
9,1499,1508,0.1388
9,1511,1520,0.1388
9,1515,1524,0.1388
9,1501,1510,0.1388
9,1500,1509,0.1388
9,1502,1511,0.1388
10,1516,1526,0.1388
10,1507,1517,0.1388
10,1509,1519,0.1388
10,1513,1523,0.1388
10,1516,1526,0.1388
8,1517,1525,0.1388
7,1508,1515,0.1388
9,1494,1503,0.1388
9,1484,1493,0.1388
9,1497,1506,0.1388
9,1497,1506,0.1388
10,1494,1504,0.1388
10,1487,1497,0.1388
10,1504,1514,0.1388
10,1503,1513,0.1388
9,1499,1508,0.1388
10,1501,1511,0.1388
10,1512,1522,0.1388
10,1513,1523,0.1388
10,1500,1510,0.1388
10,1495,1505,0.1388
10,1497,1507,0.1388
9,1484,1493,0.1388
9,1494,1503,0.1388
9,1493,1502,0.1388
8,1499,1507,0.1388
8,1493,1501,0.1388
9,1496,1505,0.1388
8,1504,1512,0.1388
9,1512,1521,0.1388
9,1505,1514,0.1388
9,1517,1526,0.1388
9,1514,1523,0.1388
9,1508,1517,0.1388
8,1504,1512,0.1388
8,1510,1518,0.1388
8,1515,1523,0.1388
9,1513,1522,0.1388
9,1510,1519,0.1388
9,1508,1517,0.1388
8,1511,1519,0.1388
8,1512,1520,0.1388
8,1520,1528,0.1388
8,1525,1533,0.1388
8,1518,1526,0.1388
9,1506,1515,0.1388
9,1503,1512,0.1388
9,1501,1510,0.1388
9,1506,1515,0.1388
9,1509,1518,0.1388
10,1509,1519,0.1388
10,1500,1510,0.1388
10,1506,1516,0.1388
9,1508,1517,0.1388
10,1521,1531,0.1388
8,1522,1530,0.1388
8,1518,1526,0.1388
7,1508,1515,0.1388
7,1513,1520,0.1388
7,1505,1512,0.1388
7,1492,1499,0.1388
7,1499,1506,0.1388
7,1503,1510,0.1388
7,1490,1497,0.1388
7,1509,1516,0.1388
7,1523,1530,0.1388
7,1519,1526,0.1388
6,1511,1517,0.1388
6,1514,1520,0.1388
5,1519,1524,0.1388
5,1533,1538,0.1388
5,1519,1524,0.1388
5,1517,1522,0.1388
5,1505,1510,0.1388
5,1506,1511,0.1388
5,1498,1503,0.1388
5,1506,1511,0.1388
5,1511,1516,0.1388
5,1510,1515,0.1388
5,1511,1516,0.1388
5,1513,1518,0.1388
5,1507,1512,0.1388
5,1519,1524,0.1388
5,1519,1524,0.1388
5,1510,1515,0.1388
5,1513,1518,0.1388
5,1508,1513,0.1388
5,1510,1515,0.1388
6,1504,1510,0.1388
6,1498,1504,0.1388
6,1507,1513,0.1388
6,1515,1521,0.1388
6,1510,1516,0.1388
6,1513,1519,0.1388
6,1510,1516,0.1388
6,1517,1523,0.1388
6,1514,1520,0.1388
5,1509,1514,0.1388
4,1505,1509,0.1388
4,1511,1515,0.1388
5,1503,1508,0.1388
4,1508,1512,0.1388
4,1507,1511,0.1388
4,1506,1510,0.1388
4,1511,1515,0.1388
5,1515,1520,0.1388
5,1511,1516,0.1388
5,1510,1515,0.1388
5,1513,1518,0.1388
6,1502,1508,0.1388
7,1502,1509,0.1388
7,1497,1504,0.1388
7,1497,1504,0.1388
7,1501,1508,0.1388
7,1513,1520,0.1388
7,1522,1529,0.1388
7,1519,1526,0.1388
7,1522,1529,0.1388
7,1522,1529,0.1388
7,1512,1519,0.1388
7,1501,1508,0.1388
6,1490,1496,0.1388
6,1499,1505,0.1388
6,1494,1500,0.1388
6,1505,1511,0.1388
7,1510,1517,0.1388
7,1526,1533,0.1388
7,1528,1535,0.1388
8,1534,1542,0.1388
7,1516,1523,0.1388
7,1511,1518,0.1388
7,1508,1515,0.1388
7,1511,1518,0.1388
7,1520,1527,0.1388
7,1507,1514,0.1388
7,1512,1519,0.1388
7,1513,1520,0.1388
7,1507,1514,0.1388
6,1516,1522,0.1388
6,1518,1524,0.1388
6,1517,1523,0.1388
6,1511,1517,0.1388
6,1514,1520,0.1388
5,1512,1517,0.1388
5,1516,1521,0.1388
4,1507,1511,0.1388
4,1492,1496,0.1388
4,1479,1483,0.1388
5,1477,1482,0.1388
6,1498,1504,0.1388
6,1493,1499,0.1388
6,1494,1500,0.1388
6,1503,1509,0.1388
6,1510,1516,0.1388
6,1513,1519,0.1388
7,1522,1529,0.1388
6,1528,1534,0.1388
6,1515,1521,0.1388
7,1517,1524,0.1388
8,1523,1531,0.1388
8,1520,1528,0.1388
8,1505,1513,0.1388
8,1512,1520,0.1388
10,1517,1527,0.1388
10,1520,1530,0.1388
10,1522,1532,0.1388
10,1505,1515,0.1388
8,1507,1515,0.1388
8,1507,1515,0.1388
7,1508,1515,0.1388
8,1522,1530,0.1388
8,1513,1521,0.1388
8,1515,1523,0.1388
9,1517,1526,0.1388
9,1520,1529,0.1388
9,1512,1521,0.1388
9,1510,1519,0.1388
9,1514,1523,0.1388
9,1515,1524,0.1388
9,1513,1522,0.1388
9,1505,1514,0.1388
9,1497,1506,0.1388
9,1501,1510,0.1388
8,1507,1515,0.1388
8,1511,1519,0.1388
9,1509,1518,0.1388
8,1509,1517,0.1388
7,1513,1520,0.1388
7,1518,1525,0.1388
8,1505,1513,0.1388
8,1513,1521,0.1388
8,1503,1511,0.1388
9,1508,1517,0.1388
8,1509,1517,0.1388
8,1508,1516,0.1388
8,1511,1519,0.1388
8,1514,1522,0.1388
8,1515,1523,0.1388
8,1508,1516,0.1388
8,1511,1519,0.1388
8,1509,1517,0.1388
8,1519,1527,0.1388
8,1513,1521,0.1388
8,1506,1514,0.1388
8,1512,1520,0.1388
8,1499,1507,0.1388
8,1508,1516,0.1388
8,1500,1508,0.1388
7,1512,1519,0.1388
8,1503,1511,0.1388
8,1503,1511,0.1388
8,1512,1520,0.1388
9,1510,1519,0.1388
9,1497,1506,0.1388
8,1507,1515,0.1388
8,1512,1520,0.1388
8,1511,1519,0.1388
9,1506,1515,0.1388
9,1486,1495,0.1388
10,1490,1500,0.1388
10,1496,1506,0.1388
9,1500,1509,0.1388
8,1496,1504,0.1388
8,1496,1504,0.1388
8,1496,1504,0.1388
7,1493,1500,0.1388
8,1501,1509,0.1388
8,1511,1519,0.1388
8,1516,1524,0.1388
8,1513,1521,0.1388
8,1503,1511,0.1388
8,1493,1501,0.1388
9,1510,1519,0.1388
9,1511,1520,0.1388
9,1503,1512,0.1388
9,1507,1516,0.1388
6,1509,1515,0.1388
6,1501,1507,0.1388
6,1506,1512,0.1388
6,1512,1518,0.1388
6,1508,1514,0.1388
6,1507,1513,0.1388
6,1514,1520,0.1388
6,1507,1513,0.1388
6,1503,1509,0.1388
6,1511,1517,0.1388
6,1506,1512,0.1388
6,1511,1517,0.1388
6,1505,1511,0.1388
6,1523,1529,0.1388
6,1521,1527,0.1388
6,1513,1519,0.1388
6,1511,1517,0.1388
6,1492,1498,0.1388
6,1500,1506,0.1388
5,1508,1513,0.1388
5,1513,1518,0.1388
6,1503,1509,0.1388
6,1513,1519,0.1388
6,1524,1530,0.1388
6,1520,1526,0.1388
6,1504,1510,0.1388
6,1501,1507,0.1388
6,1507,1513,0.1388
6,1510,1516,0.1388
6,1517,1523,0.1388
6,1521,1527,0.1388
6,1511,1517,0.1388
6,1501,1507,0.1388
6,1496,1502,0.1388
6,1487,1493,0.1388
6,1502,1508,0.1388
6,1510,1516,0.1388
6,1505,1511,0.1388
5,1509,1514,0.1388
6,1517,1523,0.1388
5,1523,1528,0.1388
5,1518,1523,0.1388
5,1513,1518,0.1388
5,1510,1515,0.1388
5,1511,1516,0.1388
5,1508,1513,0.1388
6,1512,1518,0.1388
6,1513,1519,0.1388
6,1520,1526,0.1388
5,1503,1508,0.1388
5,1493,1498,0.1388
5,1512,1517,0.1388
5,1522,1527,0.1388
6,1515,1521,0.1388
6,1519,1525,0.1388
6,1511,1517,0.1388
6,1502,1508,0.1388
6,1490,1496,0.1388
5,1493,1498,0.1388
5,1498,1503,0.1388
5,1497,1502,0.1388
6,1504,1510,0.1388
6,1525,1531,0.1388
7,1511,1518,0.1388
8,1518,1526,0.1388
8,1519,1527,0.1388
7,1507,1514,0.1388
8,1505,1513,0.1388
8,1500,1508,0.1388
9,1513,1522,0.1388
9,1521,1530,0.1388
9,1523,1532,0.1388
9,1522,1531,0.1388
9,1519,1528,0.1388
8,1515,1523,0.1388
8,1509,1517,0.1388
8,1504,1512,0.1388
8,1500,1508,0.1388
9,1504,1513,0.1388
9,1497,1506,0.1388
9,1510,1519,0.1388
9,1506,1515,0.1388
9,1502,1511,0.1388
9,1513,1522,0.1388
8,1499,1507,0.1388
8,1495,1503,0.1388
8,1496,1504,0.1388
8,1496,1504,0.1388
8,1490,1498,0.1388
8,1501,1509,0.1388
8,1490,1498,0.1388
8,1495,1503,0.1388
8,1485,1493,0.1388
8,1493,1501,0.1388
8,1490,1498,0.1388
8,1499,1507,0.1388
9,1503,1512,0.1388
9,1506,1515,0.1388
9,1506,1515,0.1388
8,1512,1520,0.1388
8,1521,1529,0.1388
8,1524,1532,0.1388
7,1524,1531,0.1388
8,1514,1522,0.1388
7,1501,1508,0.1388
7,1506,1513,0.1388
7,1507,1514,0.1388
7,1496,1503,0.1388
7,1501,1508,0.1388
7,1510,1517,0.1388
6,1495,1501,0.1388
7,1498,1505,0.1388
7,1494,1501,0.1388
7,1500,1507,0.1388
7,1500,1507,0.1388
7,1510,1517,0.1388
6,1503,1509,0.1388
6,1499,1505,0.1388
6,1498,1504,0.1388
5,1502,1507,0.1388
6,1505,1511,0.1388
6,1492,1498,0.1388
6,1488,1494,0.1388
6,1490,1496,0.1388
6,1510,1516,0.1388
6,1510,1516,0.1388
6,1516,1522,0.1388
6,1521,1527,0.1388
6,1509,1515,0.1388
6,1515,1521,0.1388
6,1518,1524,0.1388
5,1524,1529,0.1388
6,1518,1524,0.1388
6,1521,1527,0.1388
6,1525,1531,0.1388
5,1523,1528,0.1388
5,1537,1542,0.1388
5,1525,1530,0.1388
5,1526,1531,0.1388
4,1516,1520,0.1388
5,1523,1528,0.1388
5,1516,1521,0.1388
5,1520,1525,0.1388
3,1511,1514,0.1388
3,1525,1528,0.1388
3,1519,1522,0.1388
4,1518,1522,0.1388
4,1512,1516,0.1388
4,1510,1514,0.1388
4,1509,1513,0.1388
4,1519,1523,0.1388
4,1513,1517,0.1388
4,1515,1519,0.1388
4,1517,1521,0.1388
4,1505,1509,0.1388
4,1507,1511,0.1388
4,1497,1501,0.1388
4,1504,1508,0.1388
4,1492,1496,0.1388
4,1511,1515,0.1388
4,1508,1512,0.1388
4,1512,1516,0.1388
4,1510,1514,0.1388
4,1510,1514,0.1388
4,1515,1519,0.1388
3,1509,1512,0.1388
3,1516,1519,0.1388
4,1515,1519,0.1388
4,1516,1520,0.1388
4,1518,1522,0.1388
4,1512,1516,0.1388
4,1505,1509,0.1388
4,1502,1506,0.1388
3,1512,1515,0.1388
3,1507,1510,0.1388
3,1517,1520,0.1388
3,1516,1519,0.1388
2,1518,1520,0.1388
2,1522,1524,0.1388
2,1519,1521,0.1388
2,1522,1524,0.1388
2,1512,1514,0.1388
2,1507,1509,0.1388
2,1501,1503,0.1388
2,1501,1503,0.1388
2,1507,1509,0.1388
2,1512,1514,0.1388
2,1513,1515,0.1388
2,1509,1511,0.1388
2,1506,1508,0.1388
2,1500,1502,0.1388
2,1517,1519,0.1388
2,1516,1518,0.1388
2,1517,1519,0.1388
2,1526,1528,0.1388
2,1503,1505,0.1388
2,1499,1501,0.1388
2,1510,1512,0.1388
2,1499,1501,0.1388
2,1521,1523,0.1388
2,1521,1523,0.1388
2,1524,1526,0.1388
2,1518,1520,0.1388
2,1506,1508,0.1388
2,1515,1517,0.1388
2,1505,1507,0.1388
2,1511,1513,0.1388
2,1517,1519,0.1388
2,1524,1526,0.1388
2,1512,1514,0.1388
2,1508,1510,0.1388
2,1515,1517,0.1388
2,1514,1516,0.1388
2,1507,1509,0.1388
2,1521,1523,0.1388
2,1526,1528,0.1388
2,1525,1527,0.1388
2,1529,1531,0.1388
2,1512,1514,0.1388
2,1508,1510,0.1388
2,1520,1522,0.1388
2,1515,1517,0.1388
2,1519,1521,0.1388
2,1517,1519,0.1388
2,1518,1520,0.1388
2,1522,1524,0.1388
2,1533,1535,0.1388
2,1532,1534,0.1388
2,1515,1517,0.1388
2,1506,1508,0.1388
2,1521,1523,0.1388
2,1522,1524,0.1388
2,1527,1529,0.1388
2,1520,1522,0.1388
2,1522,1524,0.1388
2,1521,1523,0.1388
2,1519,1521,0.1388
3,1512,1515,0.1388
4,1510,1514,0.1388
3,1507,1510,0.1388
3,1498,1501,0.1388
3,1513,1516,0.1388
3,1525,1528,0.1388
3,1520,1523,0.1388
3,1526,1529,0.1388
3,1514,1517,0.1388
3,1514,1517,0.1388
3,1522,1525,0.1388
3,1524,1527,0.1388
3,1520,1523,0.1388
3,1531,1534,0.1388
3,1529,1532,0.1388
3,1520,1523,0.1388
3,1519,1522,0.1388
3,1506,1509,0.1388
3,1505,1508,0.1388
3,1516,1519,0.1388
3,1514,1517,0.1388
3,1508,1511,0.1388
4,1507,1511,0.1388
4,1502,1506,0.1388
4,1492,1496,0.1388
4,1501,1505,0.1388
5,1514,1519,0.1388
4,1518,1522,0.1388
4,1511,1515,0.1388
4,1516,1520,0.1388
4,1518,1522,0.1388
4,1512,1516,0.1388
4,1515,1519,0.1388
4,1518,1522,0.1388
4,1512,1516,0.1388
4,1502,1506,0.1388
5,1496,1501,0.1388
5,1487,1492,0.1388
5,1491,1496,0.1388
5,1509,1514,0.1388
5,1499,1504,0.1388
5,1500,1505,0.1388
5,1502,1507,0.1388
4,1500,1504,0.1388
3,1507,1510,0.1388
3,1515,1518,0.1388
3,1513,1516,0.1388
3,1508,1511,0.1388
3,1524,1527,0.1388
3,1515,1518,0.1388
3,1526,1529,0.1388
3,1514,1517,0.1388
3,1511,1514,0.1388
3,1514,1517,0.1388
3,1512,1515,0.1388
3,1522,1525,0.1388
3,1514,1517,0.1388
4,1519,1523,0.1388
4,1517,1521,0.1388
4,1512,1516,0.1388
4,1520,1524,0.1388
5,1529,1534,0.1388
4,1519,1523,0.1388
4,1509,1513,0.1388
3,1509,1512,0.1388
3,1520,1523,0.1388
3,1507,1510,0.1388
4,1506,1510,0.1388
4,1506,1510,0.1388
4,1515,1519,0.1388
4,1517,1521,0.1388
4,1509,1513,0.1388
4,1513,1517,0.1388
4,1510,1514,0.1388
4,1504,1508,0.1388
4,1513,1517,0.1388
4,1517,1521,0.1388
4,1525,1529,0.1388
4,1518,1522,0.1388
3,1523,1526,0.1388
3,1527,1530,0.1388
3,1519,1522,0.1388
2,1532,1534,0.1388
2,1527,1529,0.1388
2,1524,1526,0.1388
2,1525,1527,0.1388
2,1518,1520,0.1388
2,1512,1514,0.1388
2,1506,1508,0.1388
1,1515,1516,0.1388
1,1518,1519,0.1388
1,1521,1522,0.1388
1,1529,1530,0.1388
1,1515,1516,0.1388
1,1515,1516,0.1388
1,1508,1509,0.1388
1,1504,1505,0.1388
1,1509,1510,0.1388
1,1513,1514,0.1388
1,1513,1514,0.1388
1,1511,1512,0.1388
2,1520,1522,0.1388
2,1521,1523,0.1388
2,1507,1509,0.1388
2,1514,1516,0.1388
2,1515,1517,0.1388
1,1525,1526,0.1388
1,1526,1527,0.1388
1,1518,1519,0.1388
1,1516,1517,0.1388
1,1511,1512,0.1388
1,1514,1515,0.1388
1,1526,1527,0.1388
1,1526,1527,0.1388
1,1514,1515,0.1388
1,1517,1518,0.1388
1,1523,1524,0.1388
1,1519,1520,0.1388
1,1528,1529,0.1388
1,1519,1520,0.1388
1,1522,1523,0.1388
1,1531,1532,0.1388
1,1529,1530,0.1388
1,1520,1521,0.1388
1,1519,1520,0.1388
1,1525,1526,0.1388
1,1512,1513,0.1388
1,1512,1513,0.1388
1,1524,1525,0.1388
1,1534,1535,0.1388
1,1533,1534,0.1388
1,1519,1520,0.1388
1,1511,1512,0.1388
1,1522,1523,0.1388
1,1510,1511,0.1388
1,1511,1512,0.1388
1,1523,1524,0.1388
1,1513,1514,0.1388
1,1532,1533,0.1388
1,1523,1524,0.1388
1,1514,1515,0.1388
1,1515,1516,0.1388
1,1514,1515,0.1388
1,1516,1517,0.1388
1,1515,1516,0.1388
1,1521,1522,0.1388
0,1516,1516,0.1388
