1378,29,1407,0.1388
1418,29,1447,0.1388
1434,31,1465,0.1388
1441,32,1473,0.1388
1450,31,1481,0.1388
1450,31,1481,0.1388
1455,32,1487,0.1388
1461,31,1492,0.1388
1440,33,1473,0.1388
1450,33,1483,0.1388
1450,33,1483,0.1388
1465,33,1498,0.1388
1465,34,1499,0.1388
1460,35,1495,0.1388
1455,36,1491,0.1388
1458,35,1493,0.1388
1470,36,1506,0.1388
1456,37,1493,0.1388
1451,35,1486,0.1388
1443,38,1481,0.1388
1448,40,1488,0.1388
1444,39,1483,0.1388
1457,38,1495,0.1388
1456,38,1494,0.1388
1445,39,1484,0.1388
1455,40,1495,0.1388
1445,40,1485,0.1388
1460,39,1499,0.1388
1456,44,1500,0.1388
1450,43,1493,0.1388
1451,42,1493,0.1388
1464,44,1508,0.1388
1468,43,1511,0.1388
1468,42,1510,0.1388
1461,45,1506,0.1388
1457,45,1502,0.1388
1462,44,1506,0.1388
1451,44,1495,0.1388
1458,43,1501,0.1388
1457,42,1499,0.1388
1462,42,1504,0.1388
1470,47,1517,0.1388
1454,49,1503,0.1388
1451,51,1502,0.1388
1451,52,1503,0.1388
1445,53,1498,0.1388
1446,54,1500,0.1388
1428,56,1484,0.1388
1426,57,1483,0.1388
1423,59,1482,0.1388
1430,59,1489,0.1388
1435,60,1495,0.1388
1429,60,1489,0.1388
1435,61,1496,0.1388
1421,58,1479,0.1388
1425,59,1484,0.1388
1411,59,1470,0.1388
1419,61,1480,0.1388
1420,60,1480,0.1388
1427,61,1488,0.1388
1419,63,1482,0.1388
1420,64,1484,0.1388
1411,66,1477,0.1388
1412,65,1477,0.1388
1428,64,1492,0.1388
1427,67,1494,0.1388
1433,66,1499,0.1388
1429,66,1495,0.1388
1433,66,1499,0.1388
1424,65,1489,0.1388
1403,64,1467,0.1388
1416,61,1477,0.1388
1398,62,1460,0.1388
1409,65,1474,0.1388
1412,65,1477,0.1388
1416,63,1479,0.1388
1421,63,1484,0.1388
1429,64,1493,0.1388
1417,63,1480,0.1388
1416,64,1480,0.1388
1409,61,1470,0.1388
1407,63,1470,0.1388
1400,64,1464,0.1388
1417,64,1481,0.1388
1427,62,1489,0.1388
1434,63,1497,0.1388
1437,62,1499,0.1388
1441,61,1502,0.1388
1437,61,1498,0.1388
1444,61,1505,0.1388
1431,64,1495,0.1388
1435,65,1500,0.1388
1432,64,1496,0.1388
1419,65,1484,0.1388
1418,64,1482,0.1388
1416,64,1480,0.1388
1411,62,1473,0.1388
1427,58,1485,0.1388
1439,58,1497,0.1388
1443,60,1503,0.1388
1445,60,1505,0.1388
1440,61,1501,0.1388
1436,60,1496,0.1388
1448,60,1508,0.1388
1444,59,1503,0.1388
1434,63,1497,0.1388
1423,62,1485,0.1388
1426,65,1491,0.1388
1434,68,1502,0.1388
1437,67,1504,0.1388
1440,69,1509,0.1388
1430,66,1496,0.1388
1422,68,1490,0.1388
1428,67,1495,0.1388
1440,72,1512,0.1388
1434,76,1510,0.1388
1440,80,1520,0.1388
1433,78,1511,0.1388
1426,78,1504,0.1388
1413,79,1492,0.1388
1410,85,1495,0.1388
1398,84,1482,0.1388
1405,85,1490,0.1388
1415,85,1500,0.1388
1421,89,1510,0.1388
1423,87,1510,0.1388
1417,88,1505,0.1388
1418,87,1505,0.1388
1421,84,1505,0.1388
1416,84,1500,0.1388
1417,84,1501,0.1388
1407,87,1494,0.1388
1403,91,1494,0.1388
1401,92,1493,0.1388
1408,92,1500,0.1388
1402,90,1492,0.1388
1398,89,1487,0.1388
1403,87,1490,0.1388
1397,88,1485,0.1388
1401,88,1489,0.1388
1415,87,1502,0.1388
1415,86,1501,0.1388
1419,88,1507,0.1388
1417,87,1504,0.1388
1405,87,1492,0.1388
1414,90,1504,0.1388
1417,95,1512,0.1388
1409,93,1502,0.1388
1400,96,1496,0.1388
1401,98,1499,0.1388
1401,98,1499,0.1388
1391,103,1494,0.1388
1400,105,1505,0.1388
1394,103,1497,0.1388
1410,99,1509,0.1388
1411,97,1508,0.1388
1421,99,1520,0.1388
1406,99,1505,0.1388
1398,100,1498,0.1388
1402,99,1501,0.1388
1396,101,1497,0.1388
1398,102,1500,0.1388
1395,102,1497,0.1388
1387,96,1483,0.1388
1379,98,1477,0.1388
1377,95,1472,0.1388
1380,96,1476,0.1388
1382,94,1476,0.1388
1375,95,1470,0.1388
1377,99,1476,0.1388
1388,98,1486,0.1388
1389,97,1486,0.1388
1384,93,1477,0.1388
1378,92,1470,0.1388
1390,95,1485,0.1388
1399,99,1498,0.1388
1391,100,1491,0.1388
1392,100,1492,0.1388
1377,102,1479,0.1388
1390,98,1488,0.1388
1397,97,1494,0.1388
1399,101,1500,0.1388
1394,99,1493,0.1388
1393,99,1492,0.1388
1405,100,1505,0.1388
1409,103,1512,0.1388
1404,104,1508,0.1388
1395,106,1501,0.1388
1389,100,1489,0.1388
1376,104,1480,0.1388
1375,105,1480,0.1388
1385,106,1491,0.1388
1380,109,1489,0.1388
1388,106,1494,0.1388
1386,108,1494,0.1388
1387,111,1498,0.1388
1376,109,1485,0.1388
1361,110,1471,0.1388
1366,108,1474,0.1388
1368,114,1482,0.1388
1366,118,1484,0.1388
1371,119,1490,0.1388
1383,118,1501,0.1388
1405,119,1524,0.1388
1398,116,1514,0.1388
1405,115,1520,0.1388
1386,114,1500,0.1388
1393,116,1509,0.1388
1396,118,1514,0.1388
1396,116,1512,0.1388
1386,118,1504,0.1388
1391,110,1501,0.1388
1387,109,1496,0.1388
1383,112,1495,0.1388
1383,113,1496,0.1388
1384,117,1501,0.1388
1390,120,1510,0.1388
1389,120,1509,0.1388
1384,118,1502,0.1388
1380,119,1499,0.1388
1390,117,1507,0.1388
1370,118,1488,0.1388
1372,117,1489,0.1388
1369,117,1486,0.1388
1370,119,1489,0.1388
1374,123,1497,0.1388
1373,123,1496,0.1388
1385,128,1513,0.1388
1383,133,1516,0.1388
1373,130,1503,0.1388
1376,128,1504,0.1388
1369,129,1498,0.1388
1369,133,1502,0.1388
1386,132,1518,0.1388
1377,135,1512,0.1388
1375,140,1515,0.1388
1360,139,1499,0.1388
1368,139,1507,0.1388
1344,142,1486,0.1388
1348,147,1495,0.1388
1336,143,1479,0.1388
1331,145,1476,0.1388
1333,144,1477,0.1388
1330,150,1480,0.1388
1341,149,1490,0.1388
1348,147,1495,0.1388
1352,145,1497,0.1388
1352,149,1501,0.1388
1356,152,1508,0.1388
1356,154,1510,0.1388
1349,158,1507,0.1388
1344,155,1499,0.1388
1341,154,1495,0.1388
1335,155,1490,0.1388
1329,152,1481,0.1388
1330,158,1488,0.1388
1326,160,1486,0.1388
1334,152,1486,0.1388
1334,157,1491,0.1388
1344,152,1496,0.1388
1323,154,1477,0.1388
1327,153,1480,0.1388
1339,155,1494,0.1388
1345,158,1503,0.1388
1330,159,1489,0.1388
1338,155,1493,0.1388
1338,158,1496,0.1388
1346,160,1506,0.1388
1354,159,1513,0.1388
1358,161,1519,0.1388
1359,160,1519,0.1388
1369,161,1530,0.1388
1354,161,1515,0.1388
1342,160,1502,0.1388
1343,153,1496,0.1388
1341,154,1495,0.1388
1356,158,1514,0.1388
1346,161,1507,0.1388
1351,157,1508,0.1388
1355,160,1515,0.1388
1353,160,1513,0.1388
1348,158,1506,0.1388
1339,161,1500,0.1388
1337,161,1498,0.1388
1329,157,1486,0.1388
1335,155,1490,0.1388
1335,156,1491,0.1388
1325,161,1486,0.1388
1327,160,1487,0.1388
1327,161,1488,0.1388
1331,162,1493,0.1388
1339,168,1507,0.1388
1330,172,1502,0.1388
1336,169,1505,0.1388
1323,167,1490,0.1388
1318,168,1486,0.1388
1326,167,1493,0.1388
1308,166,1474,0.1388
1307,168,1475,0.1388
1310,167,1477,0.1388
1314,166,1480,0.1388
1322,170,1492,0.1388
1321,172,1493,0.1388
1311,176,1487,0.1388
1316,173,1489,0.1388
1325,174,1499,0.1388
1315,168,1483,0.1388
1317,174,1491,0.1388
1324,175,1499,0.1388
1331,176,1507,0.1388
1328,175,1503,0.1388
1317,171,1488,0.1388
1309,171,1480,0.1388
1303,175,1478,0.1388
1309,178,1487,0.1388
1314,179,1493,0.1388
1306,180,1486,0.1388
1306,182,1488,0.1388
1306,187,1493,0.1388
1307,179,1486,0.1388
1298,182,1480,0.1388
1300,179,1479,0.1388
1295,181,1476,0.1388
1280,178,1458,0.1388
1270,178,1448,0.1388
1281,183,1464,0.1388
1282,183,1465,0.1388
1291,188,1479,0.1388
1300,188,1488,0.1388
1306,190,1496,0.1388
1307,196,1503,0.1388
1292,196,1488,0.1388
1283,199,1482,0.1388
1281,203,1484,0.1388
1281,207,1488,0.1388
1279,206,1485,0.1388
1281,208,1489,0.1388
1288,209,1497,0.1388
1296,208,1504,0.1388
1290,213,1503,0.1388
1289,207,1496,0.1388
1295,207,1502,0.1388
1283,210,1493,0.1388
1292,214,1506,0.1388
1294,212,1506,0.1388
1286,214,1500,0.1388
1281,217,1498,0.1388
1273,217,1490,0.1388
1271,217,1488,0.1388
1285,222,1507,0.1388
1285,219,1504,0.1388
1284,221,1505,0.1388
1279,219,1498,0.1388
1280,222,1502,0.1388
1277,218,1495,0.1388
1281,219,1500,0.1388
1269,221,1490,0.1388
1271,221,1492,0.1388
1261,219,1480,0.1388
1268,220,1488,0.1388
1276,219,1495,0.1388
1279,220,1499,0.1388
1265,219,1484,0.1388
1266,222,1488,0.1388
1272,225,1497,0.1388
1275,225,1500,0.1388
1276,220,1496,0.1388
1271,224,1495,0.1388
1268,225,1493,0.1388
1283,220,1503,0.1388
1270,222,1492,0.1388
1273,226,1499,0.1388
1267,223,1490,0.1388
1268,229,1497,0.1388
1264,230,1494,0.1388
1264,235,1499,0.1388
1267,233,1500,0.1388
1264,238,1502,0.1388
1264,239,1503,0.1388
1255,238,1493,0.1388
1250,239,1489,0.1388
1253,239,1492,0.1388
1265,234,1499,0.1388
1262,238,1500,0.1388
1276,237,1513,0.1388
1270,231,1501,0.1388
1277,232,1509,0.1388
1264,235,1499,0.1388
1263,233,1496,0.1388
1271,236,1507,0.1388
1269,235,1504,0.1388
1260,236,1496,0.1388
1267,234,1501,0.1388
1263,238,1501,0.1388
1246,236,1482,0.1388
1253,237,1490,0.1388
1263,234,1497,0.1388
1261,239,1500,0.1388
1263,235,1498,0.1388
1252,237,1489,0.1388
1256,238,1494,0.1388
1246,244,1490,0.1388
1248,243,1491,0.1388
1256,246,1502,0.1388
1268,245,1513,0.1388
1260,245,1505,0.1388
1241,243,1484,0.1388
1240,248,1488,0.1388
1235,250,1485,0.1388
1242,253,1495,0.1388
1247,254,1501,0.1388
1237,252,1489,0.1388
1239,259,1498,0.1388
1236,256,1492,0.1388
1247,260,1507,0.1388
1256,263,1519,0.1388
1247,270,1517,0.1388
1245,269,1514,0.1388
1237,269,1506,0.1388
1244,264,1508,0.1388
1236,268,1504,0.1388
1239,269,1508,0.1388
1235,271,1506,0.1388
1228,270,1498,0.1388
1224,273,1497,0.1388
1227,278,1505,0.1388
1214,282,1496,0.1388
1214,281,1495,0.1388
1214,289,1503,0.1388
1207,286,1493,0.1388
1205,289,1494,0.1388
1198,293,1491,0.1388
1209,294,1503,0.1388
1217,290,1507,0.1388
1213,289,1502,0.1388
1209,279,1488,0.1388
1201,286,1487,0.1388
1200,287,1487,0.1388
1209,294,1503,0.1388
1222,295,1517,0.1388
1222,300,1522,0.1388
1213,300,1513,0.1388
1210,297,1507,0.1388
1209,288,1497,0.1388
1206,293,1499,0.1388
1197,294,1491,0.1388
1212,290,1502,0.1388
1195,292,1487,0.1388
1206,299,1505,0.1388
1217,294,1511,0.1388
1203,294,1497,0.1388
1198,284,1482,0.1388
1201,290,1491,0.1388
1204,295,1499,0.1388
1204,299,1503,0.1388
1192,296,1488,0.1388
1196,295,1491,0.1388
1190,293,1483,0.1388
1193,301,1494,0.1388
1187,297,1484,0.1388
1180,299,1479,0.1388
1190,303,1493,0.1388
1186,303,1489,0.1388
1185,302,1487,0.1388
1201,307,1508,0.1388
1181,309,1490,0.1388
1169,313,1482,0.1388
1163,310,1473,0.1388
1160,312,1472,0.1388
1173,313,1486,0.1388
1165,318,1483,0.1388
1161,321,1482,0.1388
1167,324,1491,0.1388
1163,327,1490,0.1388
1165,323,1488,0.1388
1165,321,1486,0.1388
1179,322,1501,0.1388
1178,327,1505,0.1388
1176,329,1505,0.1388
1176,330,1506,0.1388
1166,333,1499,0.1388
1177,329,1506,0.1388
1166,326,1492,0.1388
1155,328,1483,0.1388
1160,329,1489,0.1388
1170,334,1504,0.1388
1168,330,1498,0.1388
1175,327,1502,0.1388
1176,330,1506,0.1388
1165,332,1497,0.1388
1164,340,1504,0.1388
1165,343,1508,0.1388
1154,342,1496,0.1388
1153,340,1493,0.1388
1152,345,1497,0.1388
1158,345,1503,0.1388
1162,338,1500,0.1388
1158,340,1498,0.1388
1166,341,1507,0.1388
1173,342,1515,0.1388
1171,343,1514,0.1388
1161,339,1500,0.1388
1156,343,1499,0.1388
1164,346,1510,0.1388
1163,344,1507,0.1388
1162,349,1511,0.1388
1160,347,1507,0.1388
1157,341,1498,0.1388
1157,347,1504,0.1388
1167,349,1516,0.1388
1162,347,1509,0.1388
1156,344,1500,0.1388
1157,344,1501,0.1388
1160,341,1501,0.1388
1159,345,1504,0.1388
1151,346,1497,0.1388
1141,355,1496,0.1388
1154,358,1512,0.1388
1146,356,1502,0.1388
1158,357,1515,0.1388
1157,359,1516,0.1388
1147,362,1509,0.1388
1143,364,1507,0.1388
1132,359,1491,0.1388
1132,360,1492,0.1388
1132,361,1493,0.1388
1134,365,1499,0.1388
1135,362,1497,0.1388
1141,361,1502,0.1388
1138,360,1498,0.1388
1140,356,1496,0.1388
1138,360,1498,0.1388
1132,362,1494,0.1388
1134,361,1495,0.1388
1139,360,1499,0.1388
1129,357,1486,0.1388
1126,365,1491,0.1388
1138,362,1500,0.1388
1133,365,1498,0.1388
1149,362,1511,0.1388
1146,363,1509,0.1388
1138,357,1495,0.1388
1143,348,1491,0.1388
1140,344,1484,0.1388
1134,353,1487,0.1388
1131,347,1478,0.1388
1137,355,1492,0.1388
1127,357,1484,0.1388
1141,354,1495,0.1388
1144,355,1499,0.1388
1145,359,1504,0.1388
1133,359,1492,0.1388
1134,359,1493,0.1388
1135,365,1500,0.1388
1136,363,1499,0.1388
1122,355,1477,0.1388
1127,353,1480,0.1388
1128,357,1485,0.1388
1133,359,1492,0.1388
1136,363,1499,0.1388
1129,365,1494,0.1388
1122,364,1486,0.1388
1116,369,1485,0.1388
1117,365,1482,0.1388
1127,366,1493,0.1388
1139,375,1514,0.1388
1134,373,1507,0.1388
1137,374,1511,0.1388
1139,377,1516,0.1388
1148,373,1521,0.1388
1135,373,1508,0.1388
1133,374,1507,0.1388
1135,382,1517,0.1388
1133,378,1511,0.1388
1120,385,1505,0.1388
1114,381,1495,0.1388
1122,385,1507,0.1388
1127,393,1520,0.1388
1128,392,1520,0.1388
1139,391,1530,0.1388
1132,388,1520,0.1388
1129,385,1514,0.1388
1119,391,1510,0.1388
1116,386,1502,0.1388
1120,386,1506,0.1388
1129,378,1507,0.1388
1130,376,1506,0.1388
1123,393,1516,0.1388
1117,387,1504,0.1388
1119,386,1505,0.1388
1111,390,1501,0.1388
1113,389,1502,0.1388
1111,390,1501,0.1388
1109,387,1496,0.1388
1109,390,1499,0.1388
1096,386,1482,0.1388
1110,385,1495,0.1388
1106,389,1495,0.1388
1092,388,1480,0.1388
1098,387,1485,0.1388
1110,392,1502,0.1388
1102,395,1497,0.1388
1090,395,1485,0.1388
1090,398,1488,0.1388
1094,405,1499,0.1388
1103,404,1507,0.1388
1095,406,1501,0.1388
1103,409,1512,0.1388
1096,415,1511,0.1388
1081,415,1496,0.1388
1084,409,1493,0.1388
1067,407,1474,0.1388
1070,410,1480,0.1388
1062,415,1477,0.1388
1068,418,1486,0.1388
1073,414,1487,0.1388
1068,414,1482,0.1388
1071,409,1480,0.1388
1063,412,1475,0.1388
1055,411,1466,0.1388
1056,410,1466,0.1388
1058,417,1475,0.1388
1081,422,1503,0.1388
1086,414,1500,0.1388
1079,416,1495,0.1388
1082,420,1502,0.1388
1084,423,1507,0.1388
1083,421,1504,0.1388
1085,425,1510,0.1388
1083,431,1514,0.1388
1087,431,1518,0.1388
1092,426,1518,0.1388
1083,431,1514,0.1388
1063,429,1492,0.1388
1070,427,1497,0.1388
1060,427,1487,0.1388
1062,422,1484,0.1388
1064,422,1486,0.1388
1061,422,1483,0.1388
1067,415,1482,0.1388
1072,419,1491,0.1388
1086,421,1507,0.1388
1081,422,1503,0.1388
1083,426,1509,0.1388
1079,419,1498,0.1388
1068,424,1492,0.1388
1067,427,1494,0.1388
1062,436,1498,0.1388
1059,436,1495,0.1388
1075,434,1509,0.1388
1075,432,1507,0.1388
1074,431,1505,0.1388
1075,433,1508,0.1388
1068,430,1498,0.1388
1066,432,1498,0.1388
1054,438,1492,0.1388
1058,440,1498,0.1388
1062,445,1507,0.1388
1070,447,1517,0.1388
1066,444,1510,0.1388
1060,437,1497,0.1388
1057,444,1501,0.1388
1060,441,1501,0.1388
1051,446,1497,0.1388
1057,442,1499,0.1388
1054,442,1496,0.1388
1050,438,1488,0.1388
1049,445,1494,0.1388
1033,438,1471,0.1388
1034,443,1477,0.1388
1049,447,1496,0.1388
1051,445,1496,0.1388
1044,455,1499,0.1388
1044,444,1488,0.1388
1059,442,1501,0.1388
1070,450,1520,0.1388
1071,449,1520,0.1388
1065,445,1510,0.1388
1070,449,1519,0.1388
1068,455,1523,0.1388
1066,456,1522,0.1388
1069,449,1518,0.1388
1061,445,1506,0.1388
1054,444,1498,0.1388
1050,454,1504,0.1388
1055,450,1505,0.1388
1035,451,1486,0.1388
1041,456,1497,0.1388
1043,452,1495,0.1388
1039,447,1486,0.1388
1048,454,1502,0.1388
1047,452,1499,0.1388
1037,448,1485,0.1388
1033,455,1488,0.1388
1033,460,1493,0.1388
1041,461,1502,0.1388
1049,459,1508,0.1388
1060,460,1520,0.1388
1059,460,1519,0.1388
1057,460,1517,0.1388
1048,461,1509,0.1388
1043,458,1501,0.1388
1036,458,1494,0.1388
1038,458,1496,0.1388
1035,465,1500,0.1388
1024,465,1489,0.1388
1027,470,1497,0.1388
1031,469,1500,0.1388
1035,466,1501,0.1388
1028,470,1498,0.1388
1026,474,1500,0.1388
1029,475,1504,0.1388
1037,472,1509,0.1388
1050,461,1511,0.1388
1040,459,1499,0.1388
1034,455,1489,0.1388
1039,469,1508,0.1388
1038,474,1512,0.1388
1039,466,1505,0.1388
1038,467,1505,0.1388
1045,474,1519,0.1388
1046,472,1518,0.1388
1038,465,1503,0.1388
1043,475,1518,0.1388
1052,474,1526,0.1388
1034,473,1507,0.1388
1030,485,1515,0.1388
1013,489,1502,0.1388
1015,486,1501,0.1388
1008,488,1496,0.1388
1009,492,1501,0.1388
1012,492,1504,0.1388
1012,488,1500,0.1388
1012,491,1503,0.1388
1008,499,1507,0.1388
1013,490,1503,0.1388
1023,496,1519,0.1388
1019,492,1511,0.1388
1012,496,1508,0.1388
1009,501,1510,0.1388
1009,497,1506,0.1388
999,496,1495,0.1388
1003,494,1497,0.1388
995,481,1476,0.1388
1002,477,1479,0.1388
1007,485,1492,0.1388
1018,493,1511,0.1388
999,494,1493,0.1388
990,499,1489,0.1388
991,496,1487,0.1388
985,495,1480,0.1388
997,494,1491,0.1388
994,499,1493,0.1388
999,491,1490,0.1388
997,492,1489,0.1388
995,499,1494,0.1388
999,499,1498,0.1388
990,500,1490,0.1388
989,499,1488,0.1388
998,510,1508,0.1388
1007,505,1512,0.1388
1001,508,1509,0.1388
1002,515,1517,0.1388
995,506,1501,0.1388
993,506,1499,0.1388
998,505,1503,0.1388
994,510,1504,0.1388
1000,508,1508,0.1388
998,499,1497,0.1388
995,491,1486,0.1388
991,501,1492,0.1388
982,508,1490,0.1388
990,505,1495,0.1388
981,505,1486,0.1388
982,505,1487,0.1388
986,497,1483,0.1388
991,500,1491,0.1388
993,498,1491,0.1388
987,502,1489,0.1388
993,507,1500,0.1388
991,500,1491,0.1388
989,495,1484,0.1388
997,511,1508,0.1388
986,515,1501,0.1388
985,512,1497,0.1388
989,521,1510,0.1388
1001,516,1517,0.1388
1008,508,1516,0.1388
994,504,1498,0.1388
990,504,1494,0.1388
987,511,1498,0.1388
990,515,1505,0.1388
986,517,1503,0.1388
987,515,1502,0.1388
982,516,1498,0.1388
980,518,1498,0.1388
977,516,1493,0.1388
973,515,1488,0.1388
985,519,1504,0.1388
983,519,1502,0.1388
980,517,1497,0.1388
979,514,1493,0.1388
982,512,1494,0.1388
980,514,1494,0.1388
980,520,1500,0.1388
982,518,1500,0.1388
988,522,1510,0.1388
989,524,1513,0.1388
987,525,1512,0.1388
987,521,1508,0.1388
978,520,1498,0.1388
979,530,1509,0.1388
976,537,1513,0.1388
972,534,1506,0.1388
974,533,1507,0.1388
972,531,1503,0.1388
971,527,1498,0.1388
958,534,1492,0.1388
958,543,1501,0.1388
951,531,1482,0.1388
966,530,1496,0.1388
975,533,1508,0.1388
968,540,1508,0.1388
971,538,1509,0.1388
962,542,1504,0.1388
973,540,1513,0.1388
971,533,1504,0.1388
982,525,1507,0.1388
985,531,1516,0.1388
985,537,1522,0.1388
975,537,1512,0.1388
972,539,1511,0.1388
955,536,1491,0.1388
947,545,1492,0.1388
954,551,1505,0.1388
952,557,1509,0.1388
941,561,1502,0.1388
942,562,1504,0.1388
935,574,1509,0.1388
932,570,1502,0.1388
929,580,1509,0.1388
925,576,1501,0.1388
921,582,1503,0.1388
914,580,1494,0.1388
913,566,1479,0.1388
931,569,1500,0.1388
940,570,1510,0.1388
945,570,1515,0.1388
944,569,1513,0.1388
935,570,1505,0.1388
936,566,1502,0.1388
937,568,1505,0.1388
940,563,1503,0.1388
937,565,1502,0.1388
941,560,1501,0.1388
939,553,1492,0.1388
942,557,1499,0.1388
936,556,1492,0.1388
942,560,1502,0.1388
926,570,1496,0.1388
920,576,1496,0.1388
928,575,1503,0.1388
919,578,1497,0.1388
915,581,1496,0.1388
909,578,1487,0.1388
910,582,1492,0.1388
909,582,1491,0.1388
906,574,1480,0.1388
903,576,1479,0.1388
912,576,1488,0.1388
920,580,1500,0.1388
920,586,1506,0.1388
928,588,1516,0.1388
934,588,1522,0.1388
928,577,1505,0.1388
922,580,1502,0.1388
922,586,1508,0.1388
919,582,1501,0.1388
914,578,1492,0.1388
919,580,1499,0.1388
914,588,1502,0.1388
910,588,1498,0.1388
905,595,1500,0.1388
909,591,1500,0.1388
915,582,1497,0.1388
924,587,1511,0.1388
918,581,1499,0.1388
919,591,1510,0.1388
909,593,1502,0.1388
910,594,1504,0.1388
918,598,1516,0.1388
903,588,1491,0.1388
912,586,1498,0.1388
912,595,1507,0.1388
909,598,1507,0.1388
903,602,1505,0.1388
899,602,1501,0.1388
896,601,1497,0.1388
893,606,1499,0.1388
895,600,1495,0.1388
885,593,1478,0.1388
901,600,1501,0.1388
904,600,1504,0.1388
911,596,1507,0.1388
908,597,1505,0.1388
900,598,1498,0.1388
894,611,1505,0.1388
898,607,1505,0.1388
907,601,1508,0.1388
902,601,1503,0.1388
900,610,1510,0.1388
884,613,1497,0.1388
883,610,1493,0.1388
887,619,1506,0.1388
896,620,1516,0.1388
887,607,1494,0.1388
881,612,1493,0.1388
888,628,1516,0.1388
889,616,1505,0.1388
884,615,1499,0.1388
882,622,1504,0.1388
884,628,1512,0.1388
885,630,1515,0.1388
881,623,1504,0.1388
873,623,1496,0.1388
865,626,1491,0.1388
862,636,1498,0.1388
869,635,1504,0.1388
865,638,1503,0.1388
869,635,1504,0.1388
874,640,1514,0.1388
873,644,1517,0.1388
866,647,1513,0.1388
864,649,1513,0.1388
869,645,1514,0.1388
870,647,1517,0.1388
862,646,1508,0.1388
868,642,1510,0.1388
868,644,1512,0.1388
873,652,1525,0.1388
869,652,1521,0.1388
869,649,1518,0.1388
870,641,1511,0.1388
876,642,1518,0.1388
874,644,1518,0.1388
864,643,1507,0.1388
861,643,1504,0.1388
857,635,1492,0.1388
864,641,1505,0.1388
859,642,1501,0.1388
856,642,1498,0.1388
854,644,1498,0.1388
853,649,1502,0.1388
844,649,1493,0.1388
841,651,1492,0.1388
840,656,1496,0.1388
838,660,1498,0.1388
840,660,1500,0.1388
835,658,1493,0.1388
838,657,1495,0.1388
839,661,1500,0.1388
841,666,1507,0.1388
843,668,1511,0.1388
834,664,1498,0.1388
839,667,1506,0.1388
837,664,1501,0.1388
835,659,1494,0.1388
841,661,1502,0.1388
843,657,1500,0.1388
846,670,1516,0.1388
841,670,1511,0.1388
839,664,1503,0.1388
839,670,1509,0.1388
835,666,1501,0.1388
831,665,1496,0.1388
834,677,1511,0.1388
840,677,1517,0.1388
841,669,1510,0.1388
841,675,1516,0.1388
837,686,1523,0.1388
836,681,1517,0.1388
833,680,1513,0.1388
837,676,1513,0.1388
843,680,1523,0.1388
837,668,1505,0.1388
826,670,1496,0.1388
822,670,1492,0.1388
819,679,1498,0.1388
829,687,1516,0.1388
827,681,1508,0.1388
823,681,1504,0.1388
820,685,1505,0.1388
821,688,1509,0.1388
822,687,1509,0.1388
811,687,1498,0.1388
817,685,1502,0.1388
805,683,1488,0.1388
801,693,1494,0.1388
815,688,1503,0.1388
818,694,1512,0.1388
811,702,1513,0.1388
804,698,1502,0.1388
795,691,1486,0.1388
789,690,1479,0.1388
800,701,1501,0.1388
796,705,1501,0.1388
799,703,1502,0.1388
801,696,1497,0.1388
790,706,1496,0.1388
786,707,1493,0.1388
792,701,1493,0.1388
799,703,1502,0.1388
796,701,1497,0.1388
804,698,1502,0.1388
804,707,1511,0.1388
798,709,1507,0.1388
797,703,1500,0.1388
793,705,1498,0.1388
798,704,1502,0.1388
787,719,1506,0.1388
796,718,1514,0.1388
787,718,1505,0.1388
786,713,1499,0.1388
777,723,1500,0.1388
789,720,1509,0.1388
787,711,1498,0.1388
787,705,1492,0.1388
795,707,1502,0.1388
810,703,1513,0.1388
811,707,1518,0.1388
807,702,1509,0.1388
804,696,1500,0.1388
814,700,1514,0.1388
805,700,1505,0.1388
804,704,1508,0.1388
795,709,1504,0.1388
795,710,1505,0.1388
789,702,1491,0.1388
791,702,1493,0.1388
801,711,1512,0.1388
788,715,1503,0.1388
784,717,1501,0.1388
793,716,1509,0.1388
785,713,1498,0.1388
789,713,1502,0.1388
791,714,1505,0.1388
787,718,1505,0.1388
797,715,1512,0.1388
803,726,1529,0.1388
803,720,1523,0.1388
800,715,1515,0.1388
791,713,1504,0.1388
796,715,1511,0.1388
789,714,1503,0.1388
789,716,1505,0.1388
792,727,1519,0.1388
796,723,1519,0.1388
788,728,1516,0.1388
786,727,1513,0.1388
794,729,1523,0.1388
781,723,1504,0.1388
782,722,1504,0.1388
780,725,1505,0.1388
790,727,1517,0.1388
779,732,1511,0.1388
777,721,1498,0.1388
769,710,1479,0.1388
775,712,1487,0.1388
777,721,1498,0.1388
776,720,1496,0.1388
781,722,1503,0.1388
773,712,1485,0.1388
765,732,1497,0.1388
761,743,1504,0.1388
764,745,1509,0.1388
761,740,1501,0.1388
756,736,1492,0.1388
744,734,1478,0.1388
756,735,1491,0.1388
753,741,1494,0.1388
747,738,1485,0.1388
746,738,1484,0.1388
744,748,1492,0.1388
743,748,1491,0.1388
740,748,1488,0.1388
733,752,1485,0.1388
734,761,1495,0.1388
740,759,1499,0.1388
737,757,1494,0.1388
740,758,1498,0.1388
745,763,1508,0.1388
747,764,1511,0.1388
749,759,1508,0.1388
752,756,1508,0.1388
750,752,1502,0.1388
753,757,1510,0.1388
752,745,1497,0.1388
751,743,1494,0.1388
743,745,1488,0.1388
753,753,1506,0.1388
745,759,1504,0.1388
752,766,1518,0.1388
751,776,1527,0.1388
744,760,1504,0.1388
749,760,1509,0.1388
753,762,1515,0.1388
738,758,1496,0.1388
740,757,1497,0.1388
741,750,1491,0.1388
744,767,1511,0.1388
732,771,1503,0.1388
731,764,1495,0.1388
731,763,1494,0.1388
737,765,1502,0.1388
743,765,1508,0.1388
745,767,1512,0.1388
746,774,1520,0.1388
739,770,1509,0.1388
738,762,1500,0.1388
733,771,1504,0.1388
734,770,1504,0.1388
746,772,1518,0.1388
744,771,1515,0.1388
742,767,1509,0.1388
739,766,1505,0.1388
746,771,1517,0.1388
741,773,1514,0.1388
742,766,1508,0.1388
744,759,1503,0.1388
745,758,1503,0.1388
737,751,1488,0.1388
739,755,1494,0.1388
735,765,1500,0.1388
742,767,1509,0.1388
736,772,1508,0.1388
735,781,1516,0.1388
728,777,1505,0.1388
728,768,1496,0.1388
739,773,1512,0.1388
738,770,1508,0.1388
734,775,1509,0.1388
726,777,1503,0.1388
729,770,1499,0.1388
729,771,1500,0.1388
722,770,1492,0.1388
717,774,1491,0.1388
713,779,1492,0.1388
718,779,1497,0.1388
715,791,1506,0.1388
708,797,1505,0.1388
711,796,1507,0.1388
712,803,1515,0.1388
706,797,1503,0.1388
709,798,1507,0.1388
707,804,1511,0.1388
694,803,1497,0.1388
696,806,1502,0.1388
699,802,1501,0.1388
695,801,1496,0.1388
698,802,1500,0.1388
703,792,1495,0.1388
697,813,1510,0.1388
684,808,1492,0.1388
691,814,1505,0.1388
691,818,1509,0.1388
689,825,1514,0.1388
680,829,1509,0.1388
686,824,1510,0.1388
684,821,1505,0.1388
682,825,1507,0.1388
691,819,1510,0.1388
689,817,1506,0.1388
692,803,1495,0.1388
686,801,1487,0.1388
690,804,1494,0.1388
688,806,1494,0.1388
687,815,1502,0.1388
689,815,1504,0.1388
686,812,1498,0.1388
679,819,1498,0.1388
682,818,1500,0.1388
683,821,1504,0.1388
681,825,1506,0.1388
685,827,1512,0.1388
682,830,1512,0.1388
681,833,1514,0.1388
682,831,1513,0.1388
682,821,1503,0.1388
670,836,1506,0.1388
668,836,1504,0.1388
670,839,1509,0.1388
673,840,1513,0.1388
676,835,1511,0.1388
670,832,1502,0.1388
670,837,1507,0.1388
664,831,1495,0.1388
663,835,1498,0.1388
665,835,1500,0.1388
665,840,1505,0.1388
665,836,1501,0.1388
660,831,1491,0.1388
660,832,1492,0.1388
669,830,1499,0.1388
668,835,1503,0.1388
664,838,1502,0.1388
668,838,1506,0.1388
670,845,1515,0.1388
670,849,1519,0.1388
659,844,1503,0.1388
661,857,1518,0.1388
664,863,1527,0.1388
660,861,1521,0.1388
658,864,1522,0.1388
650,850,1500,0.1388
644,845,1489,0.1388
649,862,1511,0.1388
642,861,1503,0.1388
653,863,1516,0.1388
643,868,1511,0.1388
643,869,1512,0.1388
645,863,1508,0.1388
640,862,1502,0.1388
644,861,1505,0.1388
640,869,1509,0.1388
638,870,1508,0.1388
631,877,1508,0.1388
621,869,1490,0.1388
627,867,1494,0.1388
630,868,1498,0.1388
629,877,1506,0.1388
635,874,1509,0.1388
634,882,1516,0.1388
640,879,1519,0.1388
640,868,1508,0.1388
636,877,1513,0.1388
632,868,1500,0.1388
627,876,1503,0.1388
629,873,1502,0.1388
630,875,1505,0.1388
634,880,1514,0.1388
630,889,1519,0.1388
621,894,1515,0.1388
626,890,1516,0.1388
620,886,1506,0.1388
616,888,1504,0.1388
610,897,1507,0.1388
609,901,1510,0.1388
615,892,1507,0.1388
611,902,1513,0.1388
614,902,1516,0.1388
617,902,1519,0.1388
617,892,1509,0.1388
611,899,1510,0.1388
606,905,1511,0.1388
610,903,1513,0.1388
617,901,1518,0.1388
607,894,1501,0.1388
599,902,1501,0.1388
598,912,1510,0.1388
602,906,1508,0.1388
604,902,1506,0.1388
606,897,1503,0.1388
604,897,1501,0.1388
601,896,1497,0.1388
605,906,1511,0.1388
607,904,1511,0.1388
604,903,1507,0.1388
593,916,1509,0.1388
596,910,1506,0.1388
603,914,1517,0.1388
594,923,1517,0.1388
591,913,1504,0.1388
592,926,1518,0.1388
596,921,1517,0.1388
589,919,1508,0.1388
578,917,1495,0.1388
590,930,1520,0.1388
586,932,1518,0.1388
588,931,1519,0.1388
584,925,1509,0.1388
586,926,1512,0.1388
590,918,1508,0.1388
588,924,1512,0.1388
582,922,1504,0.1388
584,926,1510,0.1388
585,919,1504,0.1388
581,926,1507,0.1388
587,925,1512,0.1388
580,929,1509,0.1388
577,924,1501,0.1388
581,922,1503,0.1388
575,928,1503,0.1388
581,934,1515,0.1388
573,941,1514,0.1388
576,935,1511,0.1388
590,934,1524,0.1388
591,941,1532,0.1388
590,926,1516,0.1388
584,916,1500,0.1388
581,916,1497,0.1388
570,925,1495,0.1388
574,928,1502,0.1388
565,934,1499,0.1388
568,936,1504,0.1388
573,943,1516,0.1388
571,953,1524,0.1388
570,951,1521,0.1388
579,939,1518,0.1388
579,935,1514,0.1388
577,940,1517,0.1388
568,946,1514,0.1388
573,940,1513,0.1388
575,943,1518,0.1388
566,932,1498,0.1388
561,947,1508,0.1388
559,947,1506,0.1388
559,948,1507,0.1388
544,955,1499,0.1388
548,958,1506,0.1388
560,947,1507,0.1388
560,944,1504,0.1388
555,947,1502,0.1388
558,936,1494,0.1388
549,945,1494,0.1388
553,943,1496,0.1388
547,936,1483,0.1388
545,947,1492,0.1388
550,957,1507,0.1388
550,958,1508,0.1388
554,950,1504,0.1388
545,952,1497,0.1388
558,942,1500,0.1388
554,950,1504,0.1388
554,948,1502,0.1388
559,950,1509,0.1388
565,950,1515,0.1388
560,948,1508,0.1388
556,962,1518,0.1388
552,954,1506,0.1388
552,958,1510,0.1388
541,958,1499,0.1388
542,957,1499,0.1388
543,952,1495,0.1388
550,959,1509,0.1388
552,966,1518,0.1388
551,967,1518,0.1388
549,966,1515,0.1388
543,963,1506,0.1388
543,967,1510,0.1388
547,972,1519,0.1388
543,968,1511,0.1388
537,966,1503,0.1388
542,961,1503,0.1388
548,950,1498,0.1388
553,960,1513,0.1388
549,963,1512,0.1388
545,964,1509,0.1388
545,968,1513,0.1388
539,970,1509,0.1388
545,965,1510,0.1388
548,964,1512,0.1388
545,951,1496,0.1388
543,954,1497,0.1388
547,955,1502,0.1388
562,958,1520,0.1388
552,955,1507,0.1388
554,963,1517,0.1388
561,960,1521,0.1388
556,960,1516,0.1388
551,960,1511,0.1388
543,966,1509,0.1388
541,960,1501,0.1388
553,963,1516,0.1388
551,968,1519,0.1388
562,960,1522,0.1388
556,966,1522,0.1388
547,952,1499,0.1388
552,960,1512,0.1388
547,957,1504,0.1388
549,952,1501,0.1388
548,967,1515,0.1388
546,963,1509,0.1388
546,970,1516,0.1388
535,970,1505,0.1388
534,966,1500,0.1388
540,964,1504,0.1388
533,953,1486,0.1388
545,958,1503,0.1388
542,968,1510,0.1388
534,963,1497,0.1388
531,960,1491,0.1388
524,963,1487,0.1388
524,969,1493,0.1388
523,975,1498,0.1388
518,978,1496,0.1388
527,986,1513,0.1388
524,969,1493,0.1388
528,977,1505,0.1388
526,973,1499,0.1388
521,982,1503,0.1388
526,988,1514,0.1388
516,980,1496,0.1388
523,985,1508,0.1388
533,985,1518,0.1388
531,985,1516,0.1388
525,987,1512,0.1388
529,993,1522,0.1388
526,989,1515,0.1388
527,988,1515,0.1388
523,982,1505,0.1388
531,973,1504,0.1388
533,989,1522,0.1388
527,980,1507,0.1388
521,992,1513,0.1388
517,990,1507,0.1388
518,991,1509,0.1388
519,996,1515,0.1388
517,996,1513,0.1388
520,992,1512,0.1388
522,998,1520,0.1388
522,1001,1523,0.1388
521,997,1518,0.1388
519,989,1508,0.1388
516,995,1511,0.1388
523,993,1516,0.1388
516,985,1501,0.1388
510,977,1487,0.1388
512,992,1504,0.1388
521,995,1516,0.1388
518,995,1513,0.1388
517,991,1508,0.1388
512,979,1491,0.1388
516,970,1486,0.1388
513,972,1485,0.1388
520,977,1497,0.1388
516,990,1506,0.1388
511,999,1510,0.1388
517,992,1509,0.1388
517,987,1504,0.1388
512,979,1491,0.1388
514,984,1498,0.1388
511,988,1499,0.1388
511,980,1491,0.1388
511,992,1503,0.1388
509,985,1494,0.1388
510,991,1501,0.1388
510,990,1500,0.1388
517,998,1515,0.1388
505,994,1499,0.1388
505,1006,1511,0.1388
509,993,1502,0.1388
505,996,1501,0.1388
500,1001,1501,0.1388
501,999,1500,0.1388
503,1012,1515,0.1388
503,1012,1515,0.1388
504,998,1502,0.1388
504,1001,1505,0.1388
498,1000,1498,0.1388
499,1000,1499,0.1388
497,1006,1503,0.1388
505,1021,1526,0.1388
502,1017,1519,0.1388
496,1027,1523,0.1388
489,1028,1517,0.1388
489,1027,1516,0.1388
491,1017,1508,0.1388
500,1022,1522,0.1388
499,1019,1518,0.1388
496,1016,1512,0.1388
488,1026,1514,0.1388
491,1022,1513,0.1388
490,1020,1510,0.1388
492,1029,1521,0.1388
477,1033,1510,0.1388
477,1034,1511,0.1388
486,1027,1513,0.1388
480,1021,1501,0.1388
478,1029,1507,0.1388
471,1026,1497,0.1388
477,1030,1507,0.1388
473,1032,1505,0.1388
473,1031,1504,0.1388
474,1028,1502,0.1388
467,1029,1496,0.1388
469,1028,1497,0.1388
467,1034,1501,0.1388
472,1036,1508,0.1388
469,1028,1497,0.1388
476,1028,1504,0.1388
472,1027,1499,0.1388
468,1041,1509,0.1388
469,1052,1521,0.1388
470,1037,1507,0.1388
476,1039,1515,0.1388
470,1034,1504,0.1388
467,1034,1501,0.1388
468,1042,1510,0.1388
471,1047,1518,0.1388
472,1049,1521,0.1388
474,1039,1513,0.1388
474,1037,1511,0.1388
477,1027,1504,0.1388
473,1028,1501,0.1388
466,1034,1500,0.1388
457,1036,1493,0.1388
461,1035,1496,0.1388
469,1036,1505,0.1388
467,1051,1518,0.1388
467,1050,1517,0.1388
470,1052,1522,0.1388
469,1053,1522,0.1388
471,1057,1528,0.1388
460,1056,1516,0.1388
458,1062,1520,0.1388
452,1068,1520,0.1388
446,1054,1500,0.1388
445,1046,1491,0.1388
445,1050,1495,0.1388
444,1057,1501,0.1388
446,1061,1507,0.1388
448,1064,1512,0.1388
443,1057,1500,0.1388
445,1063,1508,0.1388
445,1063,1508,0.1388
441,1068,1509,0.1388
446,1068,1514,0.1388
442,1066,1508,0.1388
439,1071,1510,0.1388
445,1067,1512,0.1388
449,1067,1516,0.1388
452,1066,1518,0.1388
453,1053,1506,0.1388
444,1058,1502,0.1388
447,1070,1517,0.1388
447,1059,1506,0.1388
448,1068,1516,0.1388
449,1073,1522,0.1388
449,1064,1513,0.1388
447,1061,1508,0.1388
450,1058,1508,0.1388
449,1062,1511,0.1388
447,1067,1514,0.1388
450,1060,1510,0.1388
444,1053,1497,0.1388
451,1052,1503,0.1388
443,1054,1497,0.1388
447,1052,1499,0.1388
450,1054,1504,0.1388
441,1059,1500,0.1388
447,1072,1519,0.1388
449,1059,1508,0.1388
449,1061,1510,0.1388
442,1066,1508,0.1388
439,1068,1507,0.1388
443,1065,1508,0.1388
440,1066,1506,0.1388
439,1071,1510,0.1388
447,1064,1511,0.1388
445,1062,1507,0.1388
447,1080,1527,0.1388
441,1082,1523,0.1388
446,1081,1527,0.1388
438,1072,1510,0.1388
437,1051,1488,0.1388
438,1067,1505,0.1388
448,1073,1521,0.1388
452,1072,1524,0.1388
446,1072,1518,0.1388
444,1073,1517,0.1388
448,1067,1515,0.1388
441,1079,1520,0.1388
443,1071,1514,0.1388
439,1077,1516,0.1388
440,1072,1512,0.1388
440,1070,1510,0.1388
437,1081,1518,0.1388
436,1085,1521,0.1388
442,1073,1515,0.1388
443,1073,1516,0.1388
447,1065,1512,0.1388
441,1058,1499,0.1388
437,1065,1502,0.1388
433,1063,1496,0.1388
427,1064,1491,0.1388
427,1063,1490,0.1388
425,1080,1505,0.1388
431,1075,1506,0.1388
428,1071,1499,0.1388
426,1072,1498,0.1388
432,1080,1512,0.1388
430,1089,1519,0.1388
429,1081,1510,0.1388
427,1083,1510,0.1388
432,1084,1516,0.1388
426,1094,1520,0.1388
425,1090,1515,0.1388
426,1077,1503,0.1388
431,1072,1503,0.1388
434,1084,1518,0.1388
435,1085,1520,0.1388
437,1075,1512,0.1388
434,1074,1508,0.1388
433,1073,1506,0.1388
433,1073,1506,0.1388
432,1080,1512,0.1388
423,1086,1509,0.1388
420,1081,1501,0.1388
425,1080,1505,0.1388
427,1086,1513,0.1388
424,1091,1515,0.1388
423,1092,1515,0.1388
429,1084,1513,0.1388
428,1095,1523,0.1388
430,1101,1531,0.1388
430,1098,1528,0.1388
431,1098,1529,0.1388
432,1091,1523,0.1388
434,1085,1519,0.1388
424,1088,1512,0.1388
429,1093,1522,0.1388
424,1091,1515,0.1388
420,1090,1510,0.1388
422,1077,1499,0.1388
418,1085,1503,0.1388
422,1075,1497,0.1388
414,1068,1482,0.1388
420,1091,1511,0.1388
417,1092,1509,0.1388
418,1095,1513,0.1388
413,1103,1516,0.1388
413,1096,1509,0.1388
416,1096,1512,0.1388
418,1093,1511,0.1388
415,1099,1514,0.1388
419,1095,1514,0.1388
422,1088,1510,0.1388
423,1093,1516,0.1388
420,1103,1523,0.1388
414,1090,1504,0.1388
412,1096,1508,0.1388
416,1108,1524,0.1388
407,1101,1508,0.1388
409,1096,1505,0.1388
412,1095,1507,0.1388
409,1109,1518,0.1388
413,1109,1522,0.1388
414,1106,1520,0.1388
411,1107,1518,0.1388
407,1110,1517,0.1388
406,1112,1518,0.1388
403,1113,1516,0.1388
408,1115,1523,0.1388
406,1117,1523,0.1388
405,1112,1517,0.1388
409,1116,1525,0.1388
402,1111,1513,0.1388
409,1107,1516,0.1388
402,1104,1506,0.1388
402,1093,1495,0.1388
406,1101,1507,0.1388
404,1108,1512,0.1388
406,1112,1518,0.1388
400,1103,1503,0.1388
401,1108,1509,0.1388
401,1118,1519,0.1388
394,1122,1516,0.1388
389,1128,1517,0.1388
386,1120,1506,0.1388
396,1129,1525,0.1388
402,1136,1538,0.1388
404,1130,1534,0.1388
408,1122,1530,0.1388
408,1109,1517,0.1388
407,1116,1523,0.1388
411,1096,1507,0.1388
406,1101,1507,0.1388
404,1101,1505,0.1388
405,1117,1522,0.1388
400,1119,1519,0.1388
395,1121,1516,0.1388
398,1113,1511,0.1388
390,1110,1500,0.1388
392,1112,1504,0.1388
394,1110,1504,0.1388
391,1119,1510,0.1388
389,1118,1507,0.1388
391,1112,1503,0.1388
389,1116,1505,0.1388
390,1122,1512,0.1388
382,1126,1508,0.1388
390,1132,1522,0.1388
387,1131,1518,0.1388
395,1125,1520,0.1388
400,1122,1522,0.1388
394,1123,1517,0.1388
392,1123,1515,0.1388
391,1121,1512,0.1388
387,1117,1504,0.1388
376,1126,1502,0.1388
377,1126,1503,0.1388
377,1122,1499,0.1388
382,1126,1508,0.1388
380,1138,1518,0.1388
379,1133,1512,0.1388
373,1129,1502,0.1388
377,1128,1505,0.1388
376,1118,1494,0.1388
382,1127,1509,0.1388
379,1132,1511,0.1388
387,1124,1511,0.1388
381,1118,1499,0.1388
385,1115,1500,0.1388
378,1114,1492,0.1388
375,1126,1501,0.1388
378,1138,1516,0.1388
380,1133,1513,0.1388
379,1136,1515,0.1388
380,1132,1512,0.1388
378,1126,1504,0.1388
367,1130,1497,0.1388
370,1134,1504,0.1388
368,1137,1505,0.1388
365,1134,1499,0.1388
363,1143,1506,0.1388
366,1151,1517,0.1388
363,1150,1513,0.1388
357,1157,1514,0.1388
350,1167,1517,0.1388
349,1167,1516,0.1388
352,1159,1511,0.1388
355,1167,1522,0.1388
354,1166,1520,0.1388
349,1154,1503,0.1388
353,1155,1508,0.1388
356,1161,1517,0.1388
350,1160,1510,0.1388
346,1170,1516,0.1388
347,1171,1518,0.1388
347,1173,1520,0.1388
346,1168,1514,0.1388
347,1167,1514,0.1388
354,1160,1514,0.1388
350,1159,1509,0.1388
345,1171,1516,0.1388
343,1169,1512,0.1388
345,1161,1506,0.1388
345,1168,1513,0.1388
350,1163,1513,0.1388
345,1150,1495,0.1388
344,1163,1507,0.1388
344,1164,1508,0.1388
342,1169,1511,0.1388
344,1167,1511,0.1388
335,1173,1508,0.1388
342,1162,1504,0.1388
337,1171,1508,0.1388
340,1178,1518,0.1388
332,1175,1507,0.1388
337,1181,1518,0.1388
337,1159,1496,0.1388
330,1163,1493,0.1388
335,1177,1512,0.1388
335,1177,1512,0.1388
335,1175,1510,0.1388
332,1180,1512,0.1388
329,1177,1506,0.1388
332,1189,1521,0.1388
336,1182,1518,0.1388
342,1186,1528,0.1388
336,1184,1520,0.1388
339,1200,1539,0.1388
336,1197,1533,0.1388
338,1192,1530,0.1388
341,1189,1530,0.1388
338,1183,1521,0.1388
338,1174,1512,0.1388
331,1181,1512,0.1388
331,1191,1522,0.1388
333,1185,1518,0.1388
335,1180,1515,0.1388
334,1187,1521,0.1388
334,1193,1527,0.1388
329,1188,1517,0.1388
323,1188,1511,0.1388
320,1193,1513,0.1388
317,1195,1512,0.1388
305,1197,1502,0.1388
302,1180,1482,0.1388
304,1180,1484,0.1388
300,1190,1490,0.1388
302,1209,1511,0.1388
304,1190,1494,0.1388
303,1188,1491,0.1388
301,1191,1492,0.1388
299,1201,1500,0.1388
297,1199,1496,0.1388
302,1199,1501,0.1388
300,1205,1505,0.1388
300,1192,1492,0.1388
295,1208,1503,0.1388
297,1203,1500,0.1388
294,1203,1497,0.1388
294,1210,1504,0.1388
300,1214,1514,0.1388
303,1205,1508,0.1388
293,1215,1508,0.1388
287,1205,1492,0.1388
290,1213,1503,0.1388
292,1217,1509,0.1388
288,1230,1518,0.1388
294,1224,1518,0.1388
289,1221,1510,0.1388
289,1209,1498,0.1388
291,1222,1513,0.1388
290,1219,1509,0.1388
290,1222,1512,0.1388
288,1223,1511,0.1388
286,1218,1504,0.1388
293,1232,1525,0.1388
292,1226,1518,0.1388
297,1226,1523,0.1388
296,1226,1522,0.1388
294,1214,1508,0.1388
295,1216,1511,0.1388
294,1225,1519,0.1388
292,1221,1513,0.1388
293,1220,1513,0.1388
295,1221,1516,0.1388
294,1228,1522,0.1388
298,1224,1522,0.1388
292,1233,1525,0.1388
293,1241,1534,0.1388
293,1226,1519,0.1388
287,1232,1519,0.1388
287,1224,1511,0.1388
289,1229,1518,0.1388
287,1237,1524,0.1388
285,1234,1519,0.1388
287,1244,1531,0.1388
288,1238,1526,0.1388
289,1228,1517,0.1388
286,1222,1508,0.1388
287,1235,1522,0.1388
274,1235,1509,0.1388
272,1236,1508,0.1388
275,1241,1516,0.1388
273,1233,1506,0.1388
276,1227,1503,0.1388
267,1226,1493,0.1388
268,1232,1500,0.1388
270,1230,1500,0.1388
269,1229,1498,0.1388
270,1240,1510,0.1388
269,1231,1500,0.1388
273,1233,1506,0.1388
275,1235,1510,0.1388
276,1237,1513,0.1388
278,1237,1515,0.1388
279,1246,1525,0.1388
273,1239,1512,0.1388
271,1258,1529,0.1388
271,1255,1526,0.1388
267,1244,1511,0.1388
260,1248,1508,0.1388
260,1242,1502,0.1388
258,1245,1503,0.1388
252,1242,1494,0.1388
251,1249,1500,0.1388
250,1257,1507,0.1388
250,1267,1517,0.1388
250,1259,1509,0.1388
254,1263,1517,0.1388
253,1269,1522,0.1388
255,1261,1516,0.1388
251,1258,1509,0.1388
253,1258,1511,0.1388
248,1258,1506,0.1388
246,1260,1506,0.1388
242,1261,1503,0.1388
241,1270,1511,0.1388
241,1273,1514,0.1388
239,1270,1509,0.1388
244,1262,1506,0.1388
245,1255,1500,0.1388
244,1259,1503,0.1388
246,1274,1520,0.1388
242,1265,1507,0.1388
241,1256,1497,0.1388
239,1267,1506,0.1388
245,1263,1508,0.1388
245,1257,1502,0.1388
240,1263,1503,0.1388
247,1267,1514,0.1388
243,1266,1509,0.1388
241,1265,1506,0.1388
241,1275,1516,0.1388
244,1263,1507,0.1388
244,1261,1505,0.1388
241,1281,1522,0.1388
243,1277,1520,0.1388
240,1273,1513,0.1388
236,1277,1513,0.1388
234,1279,1513,0.1388
236,1282,1518,0.1388
227,1283,1510,0.1388
225,1281,1506,0.1388
229,1285,1514,0.1388
230,1277,1507,0.1388
232,1263,1495,0.1388
234,1265,1499,0.1388
231,1275,1506,0.1388
239,1280,1519,0.1388
234,1285,1519,0.1388
231,1284,1515,0.1388
235,1293,1528,0.1388
233,1287,1520,0.1388
233,1277,1510,0.1388
234,1271,1505,0.1388
233,1268,1501,0.1388
234,1282,1516,0.1388
232,1278,1510,0.1388
231,1292,1523,0.1388
228,1285,1513,0.1388
228,1286,1514,0.1388
230,1299,1529,0.1388
233,1300,1533,0.1388
234,1296,1530,0.1388
231,1285,1516,0.1388
232,1281,1513,0.1388
232,1275,1507,0.1388
231,1272,1503,0.1388
232,1276,1508,0.1388
238,1270,1508,0.1388
237,1272,1509,0.1388
246,1263,1509,0.1388
244,1267,1511,0.1388
241,1281,1522,0.1388
243,1285,1528,0.1388
239,1284,1523,0.1388
244,1291,1535,0.1388
247,1282,1529,0.1388
242,1272,1514,0.1388
247,1267,1514,0.1388
245,1275,1520,0.1388
247,1274,1521,0.1388
248,1264,1512,0.1388
240,1270,1510,0.1388
234,1269,1503,0.1388
241,1265,1506,0.1388
242,1253,1495,0.1388
241,1258,1499,0.1388
242,1246,1488,0.1388
242,1245,1487,0.1388
237,1252,1489,0.1388
238,1267,1505,0.1388
235,1264,1499,0.1388
238,1272,1510,0.1388
239,1272,1511,0.1388
236,1278,1514,0.1388
233,1278,1511,0.1388
232,1271,1503,0.1388
231,1281,1512,0.1388
231,1278,1509,0.1388
232,1283,1515,0.1388
237,1292,1529,0.1388
233,1292,1525,0.1388
231,1289,1520,0.1388
225,1275,1500,0.1388
222,1279,1501,0.1388
223,1288,1511,0.1388
225,1281,1506,0.1388
218,1291,1509,0.1388
219,1296,1515,0.1388
224,1298,1522,0.1388
224,1297,1521,0.1388
230,1293,1523,0.1388
235,1279,1514,0.1388
231,1285,1516,0.1388
230,1289,1519,0.1388
232,1290,1522,0.1388
227,1297,1524,0.1388
228,1292,1520,0.1388
229,1294,1523,0.1388
232,1295,1527,0.1388
232,1289,1521,0.1388
230,1287,1517,0.1388
235,1269,1504,0.1388
240,1295,1535,0.1388
238,1300,1538,0.1388
239,1294,1533,0.1388
234,1297,1531,0.1388
231,1284,1515,0.1388
224,1294,1518,0.1388
225,1287,1512,0.1388
224,1294,1518,0.1388
224,1302,1526,0.1388
221,1310,1531,0.1388
224,1300,1524,0.1388
222,1294,1516,0.1388
217,1290,1507,0.1388
213,1295,1508,0.1388
212,1307,1519,0.1388
209,1307,1516,0.1388
214,1307,1521,0.1388
218,1309,1527,0.1388
220,1295,1515,0.1388
219,1292,1511,0.1388
220,1296,1516,0.1388
210,1297,1507,0.1388
217,1285,1502,0.1388
219,1293,1512,0.1388
220,1290,1510,0.1388
219,1281,1500,0.1388
220,1295,1515,0.1388
218,1301,1519,0.1388
218,1319,1537,0.1388
220,1311,1531,0.1388
218,1314,1532,0.1388
219,1301,1520,0.1388
221,1295,1516,0.1388
213,1308,1521,0.1388
209,1311,1520,0.1388
207,1310,1517,0.1388
208,1310,1518,0.1388
205,1298,1503,0.1388
206,1308,1514,0.1388
201,1312,1513,0.1388
200,1319,1519,0.1388
196,1320,1516,0.1388
198,1317,1515,0.1388
200,1312,1512,0.1388
200,1311,1511,0.1388
194,1296,1490,0.1388
194,1293,1487,0.1388
197,1305,1502,0.1388
203,1303,1506,0.1388
200,1308,1508,0.1388
199,1321,1520,0.1388
194,1314,1508,0.1388
194,1312,1506,0.1388
194,1310,1504,0.1388
194,1305,1499,0.1388
192,1308,1500,0.1388
193,1311,1504,0.1388
194,1323,1517,0.1388
195,1327,1522,0.1388
192,1316,1508,0.1388
196,1330,1526,0.1388
197,1315,1512,0.1388
195,1314,1509,0.1388
193,1317,1510,0.1388
195,1335,1530,0.1388
197,1326,1523,0.1388
192,1325,1517,0.1388
192,1328,1520,0.1388
191,1324,1515,0.1388
190,1324,1514,0.1388
189,1327,1516,0.1388
186,1314,1500,0.1388
190,1332,1522,0.1388
189,1325,1514,0.1388
186,1322,1508,0.1388
180,1326,1506,0.1388
182,1332,1514,0.1388
185,1336,1521,0.1388
181,1335,1516,0.1388
182,1330,1512,0.1388
181,1332,1513,0.1388
180,1336,1516,0.1388
180,1330,1510,0.1388
177,1330,1507,0.1388
186,1326,1512,0.1388
184,1323,1507,0.1388
181,1321,1502,0.1388
180,1325,1505,0.1388
185,1338,1523,0.1388
186,1342,1528,0.1388
189,1334,1523,0.1388
188,1336,1524,0.1388
190,1331,1521,0.1388
190,1332,1522,0.1388
191,1335,1526,0.1388
187,1333,1520,0.1388
187,1336,1523,0.1388
191,1327,1518,0.1388
188,1322,1510,0.1388
189,1340,1529,0.1388
185,1333,1518,0.1388
181,1325,1506,0.1388
179,1332,1511,0.1388
181,1320,1501,0.1388
176,1318,1494,0.1388
181,1326,1507,0.1388
183,1332,1515,0.1388
181,1325,1506,0.1388
181,1344,1525,0.1388
179,1336,1515,0.1388
180,1344,1524,0.1388
176,1342,1518,0.1388
175,1344,1519,0.1388
176,1327,1503,0.1388
179,1335,1514,0.1388
182,1335,1517,0.1388
182,1339,1521,0.1388
179,1342,1521,0.1388
175,1340,1515,0.1388
174,1337,1511,0.1388
166,1333,1499,0.1388
171,1333,1504,0.1388
172,1334,1506,0.1388
175,1326,1501,0.1388
176,1340,1516,0.1388
172,1348,1520,0.1388
176,1353,1529,0.1388
176,1349,1525,0.1388
180,1326,1506,0.1388
181,1325,1506,0.1388
180,1340,1520,0.1388
179,1344,1523,0.1388
183,1348,1531,0.1388
180,1338,1518,0.1388
177,1338,1515,0.1388
178,1342,1520,0.1388
179,1334,1513,0.1388
184,1349,1533,0.1388
181,1336,1517,0.1388
182,1328,1510,0.1388
180,1341,1521,0.1388
181,1336,1517,0.1388
178,1339,1517,0.1388
179,1348,1527,0.1388
177,1342,1519,0.1388
175,1330,1505,0.1388
182,1336,1518,0.1388
178,1336,1514,0.1388
177,1331,1508,0.1388
177,1341,1518,0.1388
174,1328,1502,0.1388
172,1324,1496,0.1388
173,1331,1504,0.1388
172,1331,1503,0.1388
174,1341,1515,0.1388
175,1345,1520,0.1388
171,1347,1518,0.1388
176,1347,1523,0.1388
180,1355,1535,0.1388
182,1345,1527,0.1388
179,1338,1517,0.1388
177,1347,1524,0.1388
177,1337,1514,0.1388
177,1336,1513,0.1388
178,1333,1511,0.1388
175,1327,1502,0.1388
170,1330,1500,0.1388
172,1340,1512,0.1388
170,1347,1517,0.1388
171,1352,1523,0.1388
167,1342,1509,0.1388
172,1331,1503,0.1388
174,1334,1508,0.1388
174,1341,1515,0.1388
177,1335,1512,0.1388
177,1334,1511,0.1388
172,1344,1516,0.1388
176,1348,1524,0.1388
179,1343,1522,0.1388
176,1353,1529,0.1388
177,1339,1516,0.1388
173,1355,1528,0.1388
175,1353,1528,0.1388
173,1342,1515,0.1388
175,1341,1516,0.1388
176,1339,1515,0.1388
178,1337,1515,0.1388
179,1337,1516,0.1388
179,1342,1521,0.1388
179,1348,1527,0.1388
178,1338,1516,0.1388
178,1340,1518,0.1388
179,1335,1514,0.1388
177,1335,1512,0.1388
178,1335,1513,0.1388
174,1339,1513,0.1388
177,1335,1512,0.1388
177,1334,1511,0.1388
178,1330,1508,0.1388
181,1333,1514,0.1388
186,1333,1519,0.1388
185,1338,1523,0.1388
181,1331,1512,0.1388
182,1319,1501,0.1388
181,1318,1499,0.1388
181,1320,1501,0.1388
182,1325,1507,0.1388
182,1323,1505,0.1388
181,1319,1500,0.1388
178,1332,1510,0.1388
182,1325,1507,0.1388
184,1331,1515,0.1388
183,1343,1526,0.1388
182,1334,1516,0.1388
182,1335,1517,0.1388
184,1335,1519,0.1388
184,1348,1532,0.1388
185,1342,1527,0.1388
186,1323,1509,0.1388
186,1333,1519,0.1388
187,1333,1520,0.1388
185,1334,1519,0.1388
197,1331,1528,0.1388
195,1329,1524,0.1388
193,1340,1533,0.1388
193,1326,1519,0.1388
191,1316,1507,0.1388
191,1324,1515,0.1388
188,1329,1517,0.1388
191,1328,1519,0.1388
188,1316,1504,0.1388
184,1328,1512,0.1388
179,1325,1504,0.1388
183,1329,1512,0.1388
184,1334,1518,0.1388
181,1333,1514,0.1388
181,1329,1510,0.1388
182,1328,1510,0.1388
184,1324,1508,0.1388
184,1318,1502,0.1388
188,1324,1512,0.1388
190,1321,1511,0.1388
189,1325,1514,0.1388
184,1333,1517,0.1388
183,1336,1519,0.1388
183,1320,1503,0.1388
178,1325,1503,0.1388
176,1335,1511,0.1388
175,1334,1509,0.1388
179,1344,1523,0.1388
178,1339,1517,0.1388
177,1320,1497,0.1388
174,1322,1496,0.1388
176,1318,1494,0.1388
174,1336,1510,0.1388
178,1334,1512,0.1388
177,1334,1511,0.1388
171,1343,1514,0.1388
172,1334,1506,0.1388
172,1346,1518,0.1388
165,1338,1503,0.1388
174,1338,1512,0.1388
178,1346,1524,0.1388
173,1343,1516,0.1388
177,1340,1517,0.1388
178,1333,1511,0.1388
184,1337,1521,0.1388
185,1334,1519,0.1388
182,1324,1506,0.1388
180,1336,1516,0.1388
180,1331,1511,0.1388
182,1332,1514,0.1388
183,1334,1517,0.1388
183,1337,1520,0.1388
183,1328,1511,0.1388
185,1334,1519,0.1388
179,1329,1508,0.1388
181,1331,1512,0.1388
177,1339,1516,0.1388
180,1348,1528,0.1388
180,1343,1523,0.1388
179,1344,1523,0.1388
176,1333,1509,0.1388
173,1336,1509,0.1388
175,1323,1498,0.1388
175,1336,1511,0.1388
172,1341,1513,0.1388
172,1340,1512,0.1388
171,1336,1507,0.1388
168,1357,1525,0.1388
170,1357,1527,0.1388
171,1360,1531,0.1388
172,1360,1532,0.1388
173,1356,1529,0.1388
170,1347,1517,0.1388
172,1343,1515,0.1388
173,1344,1517,0.1388
166,1347,1513,0.1388
167,1340,1507,0.1388
167,1328,1495,0.1388
168,1329,1497,0.1388
168,1331,1499,0.1388
165,1336,1501,0.1388
168,1347,1515,0.1388
164,1350,1514,0.1388
168,1354,1522,0.1388
161,1348,1509,0.1388
164,1344,1508,0.1388
163,1354,1517,0.1388
165,1346,1511,0.1388
161,1340,1501,0.1388
160,1348,1508,0.1388
159,1354,1513,0.1388
159,1354,1513,0.1388
160,1344,1504,0.1388
162,1350,1512,0.1388
161,1349,1510,0.1388
160,1348,1508,0.1388
158,1355,1513,0.1388
158,1358,1516,0.1388
159,1357,1516,0.1388
162,1357,1519,0.1388
158,1352,1510,0.1388
162,1358,1520,0.1388
162,1363,1525,0.1388
164,1359,1523,0.1388
162,1351,1513,0.1388
163,1355,1518,0.1388
161,1365,1526,0.1388
161,1363,1524,0.1388
158,1358,1516,0.1388
161,1353,1514,0.1388
163,1352,1515,0.1388
162,1339,1501,0.1388
163,1343,1506,0.1388
158,1340,1498,0.1388
157,1350,1507,0.1388
157,1337,1494,0.1388
157,1343,1500,0.1388
157,1347,1504,0.1388
163,1355,1518,0.1388
156,1350,1506,0.1388
158,1340,1498,0.1388
159,1348,1507,0.1388
157,1350,1507,0.1388
159,1343,1502,0.1388
160,1337,1497,0.1388
156,1343,1499,0.1388
157,1347,1504,0.1388
154,1348,1502,0.1388
155,1350,1505,0.1388
151,1358,1509,0.1388
156,1353,1509,0.1388
156,1364,1520,0.1388
157,1352,1509,0.1388
155,1364,1519,0.1388
159,1366,1525,0.1388
159,1375,1534,0.1388
151,1371,1522,0.1388
150,1354,1504,0.1388
149,1363,1512,0.1388
147,1362,1509,0.1388
150,1370,1520,0.1388
148,1380,1528,0.1388
148,1387,1535,0.1388
142,1383,1525,0.1388
140,1375,1515,0.1388
139,1388,1527,0.1388
141,1374,1515,0.1388
140,1369,1509,0.1388
139,1378,1517,0.1388
139,1381,1520,0.1388
141,1387,1528,0.1388
142,1388,1530,0.1388
145,1376,1521,0.1388
143,1375,1518,0.1388
139,1377,1516,0.1388
138,1368,1506,0.1388
138,1376,1514,0.1388
137,1382,1519,0.1388
136,1375,1511,0.1388
136,1375,1511,0.1388
135,1389,1524,0.1388
136,1382,1518,0.1388
134,1390,1524,0.1388
137,1367,1504,0.1388
138,1372,1510,0.1388
135,1391,1526,0.1388
140,1375,1515,0.1388
138,1387,1525,0.1388
139,1381,1520,0.1388
139,1382,1521,0.1388
138,1388,1526,0.1388
142,1388,1530,0.1388
136,1373,1509,0.1388
133,1368,1501,0.1388
131,1382,1513,0.1388
135,1380,1515,0.1388
132,1385,1517,0.1388
130,1382,1512,0.1388
129,1383,1512,0.1388
126,1391,1517,0.1388
128,1382,1510,0.1388
130,1387,1517,0.1388
131,1391,1522,0.1388
132,1373,1505,0.1388
131,1374,1505,0.1388
131,1378,1509,0.1388
128,1375,1503,0.1388
131,1377,1508,0.1388
131,1381,1512,0.1388
132,1386,1518,0.1388
134,1386,1520,0.1388
138,1389,1527,0.1388
139,1376,1515,0.1388
137,1384,1521,0.1388
138,1375,1513,0.1388
136,1386,1522,0.1388
138,1386,1524,0.1388
136,1387,1523,0.1388
134,1395,1529,0.1388
140,1384,1524,0.1388
138,1387,1525,0.1388
135,1374,1509,0.1388
133,1376,1509,0.1388
133,1389,1522,0.1388
132,1390,1522,0.1388
136,1385,1521,0.1388
135,1382,1517,0.1388
138,1385,1523,0.1388
138,1391,1529,0.1388
140,1386,1526,0.1388
144,1374,1518,0.1388
145,1373,1518,0.1388
139,1377,1516,0.1388
138,1383,1521,0.1388
140,1380,1520,0.1388
139,1385,1524,0.1388
137,1388,1525,0.1388
139,1394,1533,0.1388
139,1398,1537,0.1388
136,1388,1524,0.1388
135,1394,1529,0.1388
133,1402,1535,0.1388
132,1398,1530,0.1388
130,1405,1535,0.1388
129,1406,1535,0.1388
127,1407,1534,0.1388
129,1397,1526,0.1388
130,1388,1518,0.1388
132,1398,1530,0.1388
127,1390,1517,0.1388
127,1393,1520,0.1388
128,1393,1521,0.1388
124,1407,1531,0.1388
124,1399,1523,0.1388
119,1401,1520,0.1388
120,1406,1526,0.1388
119,1407,1526,0.1388
118,1411,1529,0.1388
119,1420,1539,0.1388
119,1412,1531,0.1388
117,1414,1531,0.1388
116,1410,1526,0.1388
120,1402,1522,0.1388
119,1400,1519,0.1388
118,1399,1517,0.1388
115,1398,1513,0.1388
116,1404,1520,0.1388
115,1402,1517,0.1388
115,1407,1522,0.1388
112,1408,1520,0.1388
112,1401,1513,0.1388
115,1399,1514,0.1388
117,1402,1519,0.1388
113,1400,1513,0.1388
109,1393,1502,0.1388
111,1405,1516,0.1388
111,1403,1514,0.1388
112,1398,1510,0.1388
113,1410,1523,0.1388
108,1416,1524,0.1388
101,1418,1519,0.1388
102,1417,1519,0.1388
102,1396,1498,0.1388
104,1405,1509,0.1388
108,1407,1515,0.1388
110,1412,1522,0.1388
109,1411,1520,0.1388
108,1407,1515,0.1388
106,1405,1511,0.1388
102,1414,1516,0.1388
105,1414,1519,0.1388
109,1413,1522,0.1388
113,1410,1523,0.1388
111,1402,1513,0.1388
107,1406,1513,0.1388
106,1409,1515,0.1388
109,1401,1510,0.1388
107,1408,1515,0.1388
104,1417,1521,0.1388
104,1415,1519,0.1388
103,1427,1530,0.1388
100,1405,1505,0.1388
99,1406,1505,0.1388
100,1396,1496,0.1388
99,1401,1500,0.1388
100,1409,1509,0.1388
99,1390,1489,0.1388
100,1409,1509,0.1388
102,1405,1507,0.1388
96,1414,1510,0.1388
92,1425,1517,0.1388
93,1429,1522,0.1388
96,1413,1509,0.1388
97,1407,1504,0.1388
97,1408,1505,0.1388
95,1412,1507,0.1388
97,1418,1515,0.1388
99,1416,1515,0.1388
95,1412,1507,0.1388
91,1415,1506,0.1388
95,1409,1504,0.1388
97,1412,1509,0.1388
95,1412,1507,0.1388
96,1400,1496,0.1388
96,1409,1505,0.1388
94,1407,1501,0.1388
96,1406,1502,0.1388
98,1410,1508,0.1388
96,1411,1507,0.1388
97,1415,1512,0.1388
101,1412,1513,0.1388
104,1407,1511,0.1388
101,1420,1521,0.1388
99,1426,1525,0.1388
100,1404,1504,0.1388
101,1398,1499,0.1388
104,1401,1505,0.1388
103,1403,1506,0.1388
104,1387,1491,0.1388
103,1383,1486,0.1388
101,1401,1502,0.1388
101,1415,1516,0.1388
100,1430,1530,0.1388
101,1416,1517,0.1388
102,1421,1523,0.1388
103,1414,1517,0.1388
105,1411,1516,0.1388
102,1416,1518,0.1388
100,1401,1501,0.1388
100,1417,1517,0.1388
96,1426,1522,0.1388
96,1414,1510,0.1388
91,1418,1509,0.1388
91,1409,1500,0.1388
92,1414,1506,0.1388
96,1426,1522,0.1388
97,1423,1520,0.1388
100,1420,1520,0.1388
99,1417,1516,0.1388
97,1407,1504,0.1388
97,1421,1518,0.1388
97,1415,1512,0.1388
100,1413,1513,0.1388
95,1421,1516,0.1388
92,1425,1517,0.1388
93,1430,1523,0.1388
92,1423,1515,0.1388
88,1433,1521,0.1388
87,1436,1523,0.1388
90,1430,1520,0.1388
86,1427,1513,0.1388
84,1427,1511,0.1388
82,1437,1519,0.1388
79,1435,1514,0.1388
80,1421,1501,0.1388
78,1435,1513,0.1388
80,1442,1522,0.1388
77,1453,1530,0.1388
78,1456,1534,0.1388
81,1458,1539,0.1388
81,1440,1521,0.1388
79,1447,1526,0.1388
79,1445,1524,0.1388
78,1450,1528,0.1388
75,1446,1521,0.1388
75,1444,1519,0.1388
75,1447,1522,0.1388
71,1447,1518,0.1388
70,1454,1524,0.1388
70,1458,1528,0.1388
68,1433,1501,0.1388
70,1423,1493,0.1388
68,1417,1485,0.1388
67,1435,1502,0.1388
69,1447,1516,0.1388
68,1451,1519,0.1388
69,1449,1518,0.1388
68,1449,1517,0.1388
68,1454,1522,0.1388
68,1455,1523,0.1388
68,1452,1520,0.1388
69,1459,1528,0.1388
65,1463,1528,0.1388
64,1450,1514,0.1388
65,1455,1520,0.1388
68,1451,1519,0.1388
69,1444,1513,0.1388
69,1441,1510,0.1388
72,1429,1501,0.1388
71,1425,1496,0.1388
69,1429,1498,0.1388
71,1430,1501,0.1388
74,1441,1515,0.1388
77,1445,1522,0.1388
77,1455,1532,0.1388
77,1451,1528,0.1388
77,1443,1520,0.1388
79,1443,1522,0.1388
79,1431,1510,0.1388
78,1438,1516,0.1388
78,1440,1518,0.1388
83,1448,1531,0.1388
81,1442,1523,0.1388
80,1446,1526,0.1388
76,1443,1519,0.1388
75,1444,1519,0.1388
73,1442,1515,0.1388
74,1445,1519,0.1388
72,1433,1505,0.1388
74,1416,1490,0.1388
75,1442,1517,0.1388
77,1448,1525,0.1388
80,1443,1523,0.1388
76,1442,1518,0.1388
77,1436,1513,0.1388
77,1437,1514,0.1388
77,1447,1524,0.1388
78,1444,1522,0.1388
74,1434,1508,0.1388
75,1433,1508,0.1388
73,1442,1515,0.1388
70,1437,1507,0.1388
71,1420,1491,0.1388
70,1434,1504,0.1388
68,1444,1512,0.1388
64,1439,1503,0.1388
66,1447,1513,0.1388
66,1446,1512,0.1388
65,1450,1515,0.1388
64,1441,1505,0.1388
65,1445,1510,0.1388
65,1454,1519,0.1388
65,1450,1515,0.1388
63,1458,1521,0.1388
64,1458,1522,0.1388
62,1452,1514,0.1388
61,1449,1510,0.1388
64,1451,1515,0.1388
66,1450,1516,0.1388
66,1453,1519,0.1388
62,1453,1515,0.1388
58,1456,1514,0.1388
62,1463,1525,0.1388
63,1443,1506,0.1388
63,1442,1505,0.1388
62,1432,1494,0.1388
63,1443,1506,0.1388
61,1454,1515,0.1388
61,1442,1503,0.1388
63,1468,1531,0.1388
63,1458,1521,0.1388
64,1452,1516,0.1388
65,1448,1513,0.1388
65,1444,1509,0.1388
63,1441,1504,0.1388
64,1442,1506,0.1388
65,1452,1517,0.1388
65,1454,1519,0.1388
64,1444,1508,0.1388
63,1447,1510,0.1388
64,1446,1510,0.1388
64,1454,1518,0.1388
63,1460,1523,0.1388
61,1468,1529,0.1388
61,1460,1521,0.1388
59,1463,1522,0.1388
59,1467,1526,0.1388
58,1480,1538,0.1388
60,1479,1539,0.1388
60,1468,1528,0.1388
58,1472,1530,0.1388
60,1468,1528,0.1388
58,1468,1526,0.1388
58,1471,1529,0.1388
56,1469,1525,0.1388
56,1472,1528,0.1388
55,1473,1528,0.1388
52,1468,1520,0.1388
52,1457,1509,0.1388
53,1461,1514,0.1388
56,1453,1509,0.1388
55,1467,1522,0.1388
54,1458,1512,0.1388
54,1457,1511,0.1388
53,1469,1522,0.1388
52,1471,1523,0.1388
55,1463,1518,0.1388
55,1461,1516,0.1388
53,1457,1510,0.1388
53,1465,1518,0.1388
51,1473,1524,0.1388
50,1473,1523,0.1388
50,1472,1522,0.1388
49,1465,1514,0.1388
51,1467,1518,0.1388
53,1465,1518,0.1388
53,1458,1511,0.1388
52,1464,1516,0.1388
51,1462,1513,0.1388
52,1460,1512,0.1388
50,1466,1516,0.1388
47,1467,1514,0.1388
43,1472,1515,0.1388
42,1470,1512,0.1388
42,1477,1519,0.1388
43,1486,1529,0.1388
47,1479,1526,0.1388
47,1466,1513,0.1388
46,1466,1512,0.1388
47,1472,1519,0.1388
45,1475,1520,0.1388
45,1471,1516,0.1388
48,1482,1530,0.1388
47,1483,1530,0.1388
46,1476,1522,0.1388
48,1467,1515,0.1388
48,1448,1496,0.1388
47,1468,1515,0.1388
44,1461,1505,0.1388
45,1479,1524,0.1388
44,1471,1515,0.1388
44,1473,1517,0.1388
45,1476,1521,0.1388
45,1484,1529,0.1388
46,1479,1525,0.1388
43,1482,1525,0.1388
41,1483,1524,0.1388
42,1478,1520,0.1388
43,1480,1523,0.1388
43,1468,1511,0.1388
41,1468,1509,0.1388
40,1477,1517,0.1388
41,1475,1516,0.1388
43,1456,1499,0.1388
43,1458,1501,0.1388
44,1456,1500,0.1388
44,1454,1498,0.1388
41,1466,1507,0.1388
39,1470,1509,0.1388
38,1483,1521,0.1388
40,1475,1515,0.1388
43,1465,1508,0.1388
41,1479,1520,0.1388
40,1487,1527,0.1388
40,1485,1525,0.1388
39,1482,1521,0.1388
39,1474,1513,0.1388
40,1470,1510,0.1388
39,1468,1507,0.1388
38,1460,1498,0.1388
37,1464,1501,0.1388
39,1477,1516,0.1388
39,1491,1530,0.1388
38,1481,1519,0.1388
37,1487,1524,0.1388
37,1490,1527,0.1388
39,1483,1522,0.1388
39,1459,1498,0.1388
37,1472,1509,0.1388
38,1483,1521,0.1388
39,1475,1514,0.1388
38,1474,1512,0.1388
34,1473,1507,0.1388
37,1479,1516,0.1388
37,1474,1511,0.1388
37,1494,1531,0.1388
35,1496,1531,0.1388
35,1494,1529,0.1388
34,1497,1531,0.1388
35,1497,1532,0.1388
35,1487,1522,0.1388
34,1476,1510,0.1388
35,1465,1500,0.1388
37,1477,1514,0.1388
36,1475,1511,0.1388
35,1489,1524,0.1388
36,1487,1523,0.1388
40,1483,1523,0.1388
38,1482,1520,0.1388
36,1479,1515,0.1388
36,1479,1515,0.1388
37,1480,1517,0.1388
37,1488,1525,0.1388
38,1474,1512,0.1388
39,1476,1515,0.1388
39,1465,1504,0.1388
38,1464,1502,0.1388
38,1459,1497,0.1388
38,1470,1508,0.1388
40,1472,1512,0.1388
42,1470,1512,0.1388
42,1482,1524,0.1388
43,1479,1522,0.1388
45,1452,1497,0.1388
46,1455,1501,0.1388
45,1462,1507,0.1388
47,1473,1520,0.1388
49,1472,1521,0.1388
49,1473,1522,0.1388
47,1450,1497,0.1388
47,1451,1498,0.1388
48,1449,1497,0.1388
48,1462,1510,0.1388
50,1456,1506,0.1388
54,1455,1509,0.1388
52,1458,1510,0.1388
51,1472,1523,0.1388
52,1469,1521,0.1388
52,1462,1514,0.1388
53,1465,1518,0.1388
52,1465,1517,0.1388
53,1465,1518,0.1388
52,1468,1520,0.1388
52,1471,1523,0.1388
53,1465,1518,0.1388
54,1464,1518,0.1388
52,1471,1523,0.1388
53,1473,1526,0.1388
52,1477,1529,0.1388
53,1455,1508,0.1388
52,1457,1509,0.1388
54,1465,1519,0.1388
54,1452,1506,0.1388
54,1470,1524,0.1388
56,1456,1512,0.1388
58,1459,1517,0.1388
59,1464,1523,0.1388
58,1463,1521,0.1388
54,1447,1501,0.1388
54,1448,1502,0.1388
52,1456,1508,0.1388
51,1474,1525,0.1388
51,1461,1512,0.1388
51,1461,1512,0.1388
52,1457,1509,0.1388
54,1457,1511,0.1388
53,1468,1521,0.1388
52,1463,1515,0.1388
52,1456,1508,0.1388
51,1454,1505,0.1388
51,1465,1516,0.1388
50,1468,1518,0.1388
50,1466,1516,0.1388
51,1474,1525,0.1388
51,1459,1510,0.1388
50,1466,1516,0.1388
50,1456,1506,0.1388
49,1467,1516,0.1388
48,1471,1519,0.1388
47,1466,1513,0.1388
49,1459,1508,0.1388
46,1465,1511,0.1388
45,1472,1517,0.1388
44,1479,1523,0.1388
44,1470,1514,0.1388
45,1465,1510,0.1388
43,1473,1516,0.1388
43,1477,1520,0.1388
46,1476,1522,0.1388
43,1469,1512,0.1388
45,1470,1515,0.1388
44,1458,1502,0.1388
45,1467,1512,0.1388
46,1459,1505,0.1388
46,1456,1502,0.1388
48,1460,1508,0.1388
47,1465,1512,0.1388
46,1458,1504,0.1388
48,1459,1507,0.1388
46,1462,1508,0.1388
49,1462,1511,0.1388
48,1468,1516,0.1388
51,1474,1525,0.1388
51,1467,1518,0.1388
51,1469,1520,0.1388
51,1463,1514,0.1388
51,1462,1513,0.1388
51,1466,1517,0.1388
51,1467,1518,0.1388
52,1467,1519,0.1388
52,1464,1516,0.1388
52,1459,1511,0.1388
52,1459,1511,0.1388
49,1450,1499,0.1388
50,1446,1496,0.1388
55,1458,1513,0.1388
53,1458,1511,0.1388
51,1458,1509,0.1388
49,1476,1525,0.1388
51,1475,1526,0.1388
49,1478,1527,0.1388
48,1480,1528,0.1388
49,1482,1531,0.1388
45,1481,1526,0.1388
47,1484,1531,0.1388
47,1471,1518,0.1388
47,1472,1519,0.1388
47,1466,1513,0.1388
45,1458,1503,0.1388
45,1462,1507,0.1388
42,1463,1505,0.1388
43,1480,1523,0.1388
44,1476,1520,0.1388
43,1481,1524,0.1388
43,1478,1521,0.1388
45,1480,1525,0.1388
43,1481,1524,0.1388
43,1469,1512,0.1388
43,1468,1511,0.1388
43,1461,1504,0.1388
42,1471,1513,0.1388
45,1460,1505,0.1388
43,1449,1492,0.1388
47,1455,1502,0.1388
48,1465,1513,0.1388
47,1453,1500,0.1388
48,1462,1510,0.1388
50,1462,1512,0.1388
50,1467,1517,0.1388
51,1466,1517,0.1388
51,1462,1513,0.1388
52,1463,1515,0.1388
53,1462,1515,0.1388
54,1465,1519,0.1388
54,1469,1523,0.1388
50,1466,1516,0.1388
51,1470,1521,0.1388
51,1465,1516,0.1388
50,1450,1500,0.1388
51,1456,1507,0.1388
52,1446,1498,0.1388
52,1458,1510,0.1388
51,1467,1518,0.1388
49,1469,1518,0.1388
50,1466,1516,0.1388
52,1463,1515,0.1388
53,1457,1510,0.1388
53,1452,1505,0.1388
54,1447,1501,0.1388
50,1451,1501,0.1388
51,1448,1499,0.1388
52,1449,1501,0.1388
50,1454,1504,0.1388
50,1454,1504,0.1388
50,1467,1517,0.1388
50,1462,1512,0.1388
53,1465,1518,0.1388
51,1477,1528,0.1388
53,1479,1532,0.1388
52,1478,1530,0.1388
51,1473,1524,0.1388
52,1471,1523,0.1388
52,1473,1525,0.1388
56,1469,1525,0.1388
57,1475,1532,0.1388
54,1472,1526,0.1388
54,1461,1515,0.1388
54,1454,1508,0.1388
54,1449,1503,0.1388
55,1449,1504,0.1388
52,1440,1492,0.1388
53,1448,1501,0.1388
53,1450,1503,0.1388
54,1450,1504,0.1388
55,1460,1515,0.1388
56,1461,1517,0.1388
57,1452,1509,0.1388
56,1447,1503,0.1388
53,1452,1505,0.1388
55,1456,1511,0.1388
55,1446,1501,0.1388
57,1466,1523,0.1388
56,1475,1531,0.1388
54,1468,1522,0.1388
53,1460,1513,0.1388
56,1474,1530,0.1388
55,1464,1519,0.1388
56,1457,1513,0.1388
54,1445,1499,0.1388
55,1443,1498,0.1388
56,1443,1499,0.1388
55,1441,1496,0.1388
55,1453,1508,0.1388
54,1454,1508,0.1388
55,1452,1507,0.1388
54,1453,1507,0.1388
55,1471,1526,0.1388
53,1470,1523,0.1388
52,1454,1506,0.1388
53,1471,1524,0.1388
54,1456,1510,0.1388
50,1446,1496,0.1388
48,1447,1495,0.1388
53,1451,1504,0.1388
52,1447,1499,0.1388
55,1454,1509,0.1388
57,1453,1510,0.1388
58,1464,1522,0.1388
60,1446,1506,0.1388
60,1440,1500,0.1388
58,1431,1489,0.1388
58,1447,1505,0.1388
58,1459,1517,0.1388
59,1452,1511,0.1388
60,1449,1509,0.1388
62,1460,1522,0.1388
62,1448,1510,0.1388
61,1448,1509,0.1388
61,1449,1510,0.1388
61,1450,1511,0.1388
61,1450,1511,0.1388
61,1442,1503,0.1388
62,1456,1518,0.1388
62,1463,1525,0.1388
61,1458,1519,0.1388
62,1456,1518,0.1388
61,1457,1518,0.1388
62,1443,1505,0.1388
63,1439,1502,0.1388
61,1445,1506,0.1388
63,1454,1517,0.1388
63,1456,1519,0.1388
65,1453,1518,0.1388
65,1454,1519,0.1388
62,1465,1527,0.1388
60,1472,1532,0.1388
62,1471,1533,0.1388
60,1454,1514,0.1388
64,1464,1528,0.1388
69,1452,1521,0.1388
71,1460,1531,0.1388
67,1467,1534,0.1388
66,1465,1531,0.1388
70,1454,1524,0.1388
68,1452,1520,0.1388
68,1467,1535,0.1388
68,1448,1516,0.1388
65,1434,1499,0.1388
68,1441,1509,0.1388
67,1440,1507,0.1388
67,1445,1512,0.1388
64,1457,1521,0.1388
64,1454,1518,0.1388
65,1450,1515,0.1388
64,1437,1501,0.1388
67,1439,1506,0.1388
66,1433,1499,0.1388
67,1429,1496,0.1388
67,1448,1515,0.1388
68,1444,1512,0.1388
70,1446,1516,0.1388
70,1446,1516,0.1388
72,1435,1507,0.1388
73,1442,1515,0.1388
73,1448,1521,0.1388
71,1450,1521,0.1388
73,1446,1519,0.1388
71,1449,1520,0.1388
72,1448,1520,0.1388
69,1457,1526,0.1388
63,1456,1519,0.1388
64,1455,1519,0.1388
65,1451,1516,0.1388
63,1458,1521,0.1388
63,1461,1524,0.1388
64,1449,1513,0.1388
61,1449,1510,0.1388
60,1454,1514,0.1388
60,1461,1521,0.1388
62,1455,1517,0.1388
60,1471,1531,0.1388
58,1458,1516,0.1388
61,1458,1519,0.1388
60,1461,1521,0.1388
62,1460,1522,0.1388
60,1455,1515,0.1388
60,1459,1519,0.1388
61,1457,1518,0.1388
59,1462,1521,0.1388
59,1468,1527,0.1388
58,1468,1526,0.1388
59,1466,1525,0.1388
59,1466,1525,0.1388
58,1455,1513,0.1388
55,1454,1509,0.1388
56,1461,1517,0.1388
54,1466,1520,0.1388
55,1465,1520,0.1388
57,1463,1520,0.1388
54,1476,1530,0.1388
54,1468,1522,0.1388
53,1470,1523,0.1388
53,1464,1517,0.1388
57,1466,1523,0.1388
57,1464,1521,0.1388
56,1465,1521,0.1388
58,1471,1529,0.1388
57,1469,1526,0.1388
58,1467,1525,0.1388
58,1464,1522,0.1388
55,1461,1516,0.1388
56,1457,1513,0.1388
55,1454,1509,0.1388
56,1464,1520,0.1388
56,1470,1526,0.1388
57,1459,1516,0.1388
59,1456,1515,0.1388
58,1440,1498,0.1388
57,1441,1498,0.1388
57,1453,1510,0.1388
55,1440,1495,0.1388
54,1444,1498,0.1388
58,1451,1509,0.1388
59,1449,1508,0.1388
60,1468,1528,0.1388
57,1467,1524,0.1388
56,1463,1519,0.1388
53,1458,1511,0.1388
52,1472,1524,0.1388
53,1464,1517,0.1388
51,1457,1508,0.1388
48,1466,1514,0.1388
48,1485,1533,0.1388
46,1492,1538,0.1388
44,1481,1525,0.1388
42,1471,1513,0.1388
41,1473,1514,0.1388
41,1465,1506,0.1388
42,1466,1508,0.1388
43,1482,1525,0.1388
42,1463,1505,0.1388
42,1464,1506,0.1388
43,1464,1507,0.1388
41,1471,1512,0.1388
40,1469,1509,0.1388
40,1472,1512,0.1388
40,1459,1499,0.1388
37,1466,1503,0.1388
36,1475,1511,0.1388
35,1487,1522,0.1388
34,1479,1513,0.1388
34,1476,1510,0.1388
34,1484,1518,0.1388
33,1491,1524,0.1388
33,1495,1528,0.1388
33,1501,1534,0.1388
31,1493,1524,0.1388
31,1499,1530,0.1388
34,1495,1529,0.1388
34,1479,1513,0.1388
35,1489,1524,0.1388
35,1485,1520,0.1388
34,1495,1529,0.1388
33,1490,1523,0.1388
34,1495,1529,0.1388
33,1498,1531,0.1388
34,1492,1526,0.1388
34,1498,1532,0.1388
34,1497,1531,0.1388
35,1496,1531,0.1388
35,1487,1522,0.1388
35,1483,1518,0.1388
35,1478,1513,0.1388
36,1484,1520,0.1388
36,1472,1508,0.1388
36,1467,1503,0.1388
35,1483,1518,0.1388
36,1489,1525,0.1388
35,1493,1528,0.1388
36,1480,1516,0.1388
37,1480,1517,0.1388
37,1479,1516,0.1388
39,1489,1528,0.1388
36,1495,1531,0.1388
37,1498,1535,0.1388
37,1496,1533,0.1388
35,1495,1530,0.1388
35,1474,1509,0.1388
36,1475,1511,0.1388
37,1476,1513,0.1388
38,1477,1515,0.1388
39,1483,1522,0.1388
39,1480,1519,0.1388
38,1470,1508,0.1388
38,1467,1505,0.1388
37,1467,1504,0.1388
36,1480,1516,0.1388
37,1473,1510,0.1388
34,1484,1518,0.1388
34,1478,1512,0.1388
35,1478,1513,0.1388
37,1483,1520,0.1388
39,1486,1525,0.1388
37,1487,1524,0.1388
36,1494,1530,0.1388
37,1478,1515,0.1388
36,1475,1511,0.1388
39,1468,1507,0.1388
40,1472,1512,0.1388
39,1475,1514,0.1388
39,1475,1514,0.1388
38,1479,1517,0.1388
38,1476,1514,0.1388
40,1475,1515,0.1388
39,1464,1503,0.1388
39,1479,1518,0.1388
39,1467,1506,0.1388
40,1467,1507,0.1388
39,1480,1519,0.1388
38,1461,1499,0.1388
36,1478,1514,0.1388
37,1483,1520,0.1388
37,1486,1523,0.1388
38,1473,1511,0.1388
38,1463,1501,0.1388
39,1470,1509,0.1388
40,1474,1514,0.1388
41,1478,1519,0.1388
41,1480,1521,0.1388
42,1478,1520,0.1388
41,1486,1527,0.1388
39,1478,1517,0.1388
41,1460,1501,0.1388
39,1474,1513,0.1388
37,1466,1503,0.1388
37,1474,1511,0.1388
39,1484,1523,0.1388
39,1484,1523,0.1388
40,1483,1523,0.1388
41,1490,1531,0.1388
41,1492,1533,0.1388
40,1480,1520,0.1388
40,1485,1525,0.1388
40,1485,1525,0.1388
39,1478,1517,0.1388
38,1475,1513,0.1388
38,1473,1511,0.1388
36,1477,1513,0.1388
35,1455,1490,0.1388
34,1459,1493,0.1388
35,1476,1511,0.1388
37,1493,1530,0.1388
36,1487,1523,0.1388
34,1477,1511,0.1388
34,1479,1513,0.1388
35,1489,1524,0.1388
39,1478,1517,0.1388
39,1472,1511,0.1388
39,1472,1511,0.1388
40,1478,1518,0.1388
40,1482,1522,0.1388
40,1486,1526,0.1388
39,1477,1516,0.1388
39,1479,1518,0.1388
39,1483,1522,0.1388
39,1481,1520,0.1388
39,1475,1514,0.1388
40,1469,1509,0.1388
38,1474,1512,0.1388
37,1470,1507,0.1388
36,1473,1509,0.1388
36,1474,1510,0.1388
34,1482,1516,0.1388
33,1483,1516,0.1388
35,1488,1523,0.1388
35,1496,1531,0.1388
34,1488,1522,0.1388
33,1467,1500,0.1388
34,1473,1507,0.1388
36,1481,1517,0.1388
37,1477,1514,0.1388
36,1489,1525,0.1388
35,1484,1519,0.1388
36,1480,1516,0.1388
35,1478,1513,0.1388
36,1486,1522,0.1388
36,1497,1533,0.1388
35,1494,1529,0.1388
35,1492,1527,0.1388
35,1490,1525,0.1388
35,1490,1525,0.1388
36,1490,1526,0.1388
36,1488,1524,0.1388
36,1487,1523,0.1388
35,1481,1516,0.1388
35,1479,1514,0.1388
36,1495,1531,0.1388
35,1496,1531,0.1388
31,1489,1520,0.1388
33,1491,1524,0.1388
35,1491,1526,0.1388
36,1496,1532,0.1388
37,1486,1523,0.1388
38,1484,1522,0.1388
38,1489,1527,0.1388
36,1485,1521,0.1388
38,1485,1523,0.1388
38,1499,1537,0.1388
38,1496,1534,0.1388
38,1492,1530,0.1388
38,1485,1523,0.1388
36,1486,1522,0.1388
36,1484,1520,0.1388
33,1480,1513,0.1388
33,1473,1506,0.1388
33,1490,1523,0.1388
33,1481,1514,0.1388
35,1487,1522,0.1388
35,1480,1515,0.1388
37,1482,1519,0.1388
37,1482,1519,0.1388
38,1481,1519,0.1388
35,1470,1505,0.1388
36,1481,1517,0.1388
33,1490,1523,0.1388
34,1496,1530,0.1388
34,1482,1516,0.1388
34,1489,1523,0.1388
34,1480,1514,0.1388
33,1487,1520,0.1388
33,1483,1516,0.1388
33,1494,1527,0.1388
33,1494,1527,0.1388
33,1482,1515,0.1388
33,1483,1516,0.1388
32,1481,1513,0.1388
32,1485,1517,0.1388
32,1497,1529,0.1388
34,1484,1518,0.1388
34,1474,1508,0.1388
33,1481,1514,0.1388
31,1471,1502,0.1388
30,1481,1511,0.1388
30,1485,1515,0.1388
30,1486,1516,0.1388
30,1479,1509,0.1388
28,1485,1513,0.1388
28,1487,1515,0.1388
28,1490,1518,0.1388
28,1490,1518,0.1388
26,1490,1516,0.1388
28,1501,1529,0.1388
28,1485,1513,0.1388
27,1489,1516,0.1388
28,1484,1512,0.1388
29,1482,1511,0.1388
30,1483,1513,0.1388
31,1470,1501,0.1388
32,1477,1509,0.1388
32,1483,1515,0.1388
31,1497,1528,0.1388
31,1486,1517,0.1388
31,1473,1504,0.1388
31,1477,1508,0.1388
29,1488,1517,0.1388
28,1480,1508,0.1388
27,1480,1507,0.1388
27,1485,1512,0.1388
26,1491,1517,0.1388
26,1484,1510,0.1388
27,1492,1519,0.1388
26,1501,1527,0.1388
26,1495,1521,0.1388
28,1491,1519,0.1388
27,1492,1519,0.1388
27,1488,1515,0.1388
28,1489,1517,0.1388
28,1478,1506,0.1388
28,1488,1516,0.1388
27,1480,1507,0.1388
27,1476,1503,0.1388
29,1483,1512,0.1388
29,1475,1504,0.1388
28,1484,1512,0.1388
28,1481,1509,0.1388
28,1486,1514,0.1388
27,1489,1516,0.1388
28,1487,1515,0.1388
27,1487,1514,0.1388
26,1478,1504,0.1388
25,1495,1520,0.1388
25,1503,1528,0.1388
24,1495,1519,0.1388
24,1497,1521,0.1388
24,1482,1506,0.1388
25,1488,1513,0.1388
26,1495,1521,0.1388
26,1482,1508,0.1388
26,1504,1530,0.1388
27,1495,1522,0.1388
27,1478,1505,0.1388
27,1479,1506,0.1388
26,1498,1524,0.1388
27,1489,1516,0.1388
26,1489,1515,0.1388
25,1490,1515,0.1388
23,1496,1519,0.1388
24,1490,1514,0.1388
25,1495,1520,0.1388
24,1508,1532,0.1388
24,1506,1530,0.1388
22,1513,1535,0.1388
22,1507,1529,0.1388
21,1495,1516,0.1388
22,1492,1514,0.1388
22,1493,1515,0.1388
22,1495,1517,0.1388
21,1484,1505,0.1388
21,1494,1515,0.1388
20,1490,1510,0.1388
20,1500,1520,0.1388
20,1510,1530,0.1388
20,1502,1522,0.1388
20,1503,1523,0.1388
20,1493,1513,0.1388
19,1498,1517,0.1388
19,1502,1521,0.1388
17,1501,1518,0.1388
16,1509,1525,0.1388
17,1513,1530,0.1388
16,1509,1525,0.1388
16,1502,1518,0.1388
17,1489,1506,0.1388
17,1499,1516,0.1388
17,1505,1522,0.1388
16,1498,1514,0.1388
17,1504,1521,0.1388
15,1496,1511,0.1388
16,1516,1532,0.1388
16,1505,1521,0.1388
16,1512,1528,0.1388
15,1511,1526,0.1388
15,1511,1526,0.1388
15,1502,1517,0.1388
17,1490,1507,0.1388
17,1487,1504,0.1388
18,1494,1512,0.1388
18,1486,1504,0.1388
16,1495,1511,0.1388
17,1490,1507,0.1388
17,1493,1510,0.1388
17,1493,1510,0.1388
16,1494,1510,0.1388
18,1493,1511,0.1388
17,1499,1516,0.1388
18,1493,1511,0.1388
18,1493,1511,0.1388
19,1498,1517,0.1388
19,1488,1507,0.1388
19,1487,1506,0.1388
19,1493,1512,0.1388
18,1492,1510,0.1388
17,1490,1507,0.1388
17,1505,1522,0.1388
18,1489,1507,0.1388
18,1493,1511,0.1388
19,1484,1503,0.1388
20,1496,1516,0.1388
19,1489,1508,0.1388
19,1491,1510,0.1388
19,1495,1514,0.1388
18,1489,1507,0.1388
17,1503,1520,0.1388
18,1508,1526,0.1388
18,1484,1502,0.1388
18,1496,1514,0.1388
17,1497,1514,0.1388
18,1498,1516,0.1388
18,1502,1520,0.1388
18,1492,1510,0.1388
18,1495,1513,0.1388
18,1493,1511,0.1388
18,1501,1519,0.1388
18,1496,1514,0.1388
19,1511,1530,0.1388
19,1510,1529,0.1388
17,1508,1525,0.1388
17,1508,1525,0.1388
17,1492,1509,0.1388
18,1496,1514,0.1388
17,1507,1524,0.1388
17,1496,1513,0.1388
17,1496,1513,0.1388
16,1488,1504,0.1388
16,1489,1505,0.1388
16,1481,1497,0.1388
15,1490,1505,0.1388
14,1487,1501,0.1388
14,1486,1500,0.1388
13,1495,1508,0.1388
12,1504,1516,0.1388
12,1495,1507,0.1388
11,1494,1505,0.1388
12,1512,1524,0.1388
12,1523,1535,0.1388
11,1511,1522,0.1388
11,1492,1503,0.1388
10,1500,1510,0.1388
10,1511,1521,0.1388
10,1507,1517,0.1388
10,1510,1520,0.1388
11,1511,1522,0.1388
12,1505,1517,0.1388
11,1501,1512,0.1388
10,1485,1495,0.1388
10,1494,1504,0.1388
11,1499,1510,0.1388
11,1515,1526,0.1388
9,1508,1517,0.1388
8,1495,1503,0.1388
10,1497,1507,0.1388
11,1499,1510,0.1388
11,1509,1520,0.1388
11,1507,1518,0.1388
11,1502,1513,0.1388
11,1502,1513,0.1388
11,1517,1528,0.1388
10,1504,1514,0.1388
10,1493,1503,0.1388
10,1502,1512,0.1388
10,1499,1509,0.1388
10,1493,1503,0.1388
9,1503,1512,0.1388
9,1512,1521,0.1388
9,1506,1515,0.1388
11,1502,1513,0.1388
11,1520,1531,0.1388
11,1510,1521,0.1388
11,1512,1523,0.1388
11,1513,1524,0.1388
11,1512,1523,0.1388
10,1499,1509,0.1388
10,1506,1516,0.1388
9,1511,1520,0.1388
9,1506,1515,0.1388
9,1499,1508,0.1388
9,1508,1517,0.1388
10,1514,1524,0.1388
10,1512,1522,0.1388
10,1515,1525,0.1388
10,1508,1518,0.1388
10,1507,1517,0.1388
10,1507,1517,0.1388
10,1502,1512,0.1388
10,1507,1517,0.1388
10,1518,1528,0.1388
10,1508,1518,0.1388
10,1516,1526,0.1388
11,1502,1513,0.1388
11,1498,1509,0.1388
11,1499,1510,0.1388
10,1500,1510,0.1388
10,1499,1509,0.1388
10,1495,1505,0.1388
10,1497,1507,0.1388
11,1495,1506,0.1388
10,1500,1510,0.1388
9,1510,1519,0.1388
9,1508,1517,0.1388
9,1505,1514,0.1388
10,1503,1513,0.1388
10,1508,1518,0.1388
10,1515,1525,0.1388
11,1520,1531,0.1388
11,1517,1528,0.1388
11,1505,1516,0.1388
10,1506,1516,0.1388
11,1524,1535,0.1388
12,1521,1533,0.1388
12,1512,1524,0.1388
13,1513,1526,0.1388
13,1514,1527,0.1388
12,1508,1520,0.1388
13,1508,1521,0.1388
15,1507,1522,0.1388
14,1508,1522,0.1388
15,1507,1522,0.1388
15,1507,1522,0.1388
14,1515,1529,0.1388
14,1514,1528,0.1388
14,1512,1526,0.1388
13,1510,1523,0.1388
12,1508,1520,0.1388
12,1506,1518,0.1388
12,1503,1515,0.1388
11,1514,1525,0.1388
10,1526,1536,0.1388
10,1514,1524,0.1388
10,1502,1512,0.1388
10,1509,1519,0.1388
9,1517,1526,0.1388
8,1508,1516,0.1388
10,1503,1513,0.1388
11,1524,1535,0.1388
9,1519,1528,0.1388
8,1516,1524,0.1388
7,1526,1533,0.1388
7,1519,1526,0.1388
9,1513,1522,0.1388
10,1515,1525,0.1388
10,1512,1522,0.1388
10,1499,1509,0.1388
11,1498,1509,0.1388
11,1494,1505,0.1388
10,1505,1515,0.1388
10,1515,1525,0.1388
10,1513,1523,0.1388
10,1507,1517,0.1388
11,1515,1526,0.1388
11,1522,1533,0.1388
10,1506,1516,0.1388
11,1499,1510,0.1388
11,1506,1517,0.1388
11,1513,1524,0.1388
10,1510,1520,0.1388
10,1509,1519,0.1388
11,1514,1525,0.1388
11,1504,1515,0.1388
10,1494,1504,0.1388
9,1493,1502,0.1388
9,1510,1519,0.1388
10,1504,1514,0.1388
9,1503,1512,0.1388
9,1506,1515,0.1388
9,1504,1513,0.1388
7,1510,1517,0.1388
7,1513,1520,0.1388
7,1514,1521,0.1388
7,1527,1534,0.1388
8,1516,1524,0.1388
8,1514,1522,0.1388
8,1521,1529,0.1388
9,1510,1519,0.1388
9,1494,1503,0.1388
9,1492,1501,0.1388
9,1498,1507,0.1388
9,1511,1520,0.1388
9,1512,1521,0.1388
9,1510,1519,0.1388
8,1513,1521,0.1388
8,1515,1523,0.1388
8,1499,1507,0.1388
9,1495,1504,0.1388
10,1497,1507,0.1388
9,1511,1520,0.1388
10,1505,1515,0.1388
10,1512,1522,0.1388
10,1514,1524,0.1388
10,1495,1505,0.1388
9,1505,1514,0.1388
9,1509,1518,0.1388
9,1511,1520,0.1388
9,1507,1516,0.1388
8,1508,1516,0.1388
8,1505,1513,0.1388
8,1505,1513,0.1388
8,1503,1511,0.1388
9,1502,1511,0.1388
9,1507,1516,0.1388
9,1495,1504,0.1388
9,1497,1506,0.1388
9,1501,1510,0.1388
9,1506,1515,0.1388
9,1499,1508,0.1388
9,1496,1505,0.1388
9,1505,1514,0.1388
10,1504,1514,0.1388
10,1496,1506,0.1388
10,1504,1514,0.1388
10,1508,1518,0.1388
10,1508,1518,0.1388
10,1511,1521,0.1388
10,1503,1513,0.1388
9,1504,1513,0.1388
8,1520,1528,0.1388
9,1506,1515,0.1388
9,1502,1511,0.1388
9,1493,1502,0.1388
9,1509,1518,0.1388
8,1501,1509,0.1388
9,1499,1508,0.1388
9,1505,1514,0.1388
9,1521,1530,0.1388
8,1525,1533,0.1388
8,1532,1540,0.1388
9,1534,1543,0.1388
9,1510,1519,0.1388
9,1516,1525,0.1388
9,1513,1522,0.1388
9,1513,1522,0.1388
9,1519,1528,0.1388
9,1511,1520,0.1388
9,1508,1517,0.1388
9,1512,1521,0.1388
9,1520,1529,0.1388
9,1507,1516,0.1388
10,1498,1508,0.1388
10,1501,1511,0.1388
10,1499,1509,0.1388
10,1512,1522,0.1388
10,1515,1525,0.1388
10,1507,1517,0.1388
10,1510,1520,0.1388
10,1514,1524,0.1388
10,1516,1526,0.1388
10,1499,1509,0.1388
9,1507,1516,0.1388
9,1508,1517,0.1388
9,1507,1516,0.1388
9,1504,1513,0.1388
9,1507,1516,0.1388
9,1515,1524,0.1388
9,1525,1534,0.1388
8,1512,1520,0.1388
9,1521,1530,0.1388
8,1512,1520,0.1388
8,1504,1512,0.1388
8,1502,1510,0.1388
8,1529,1537,0.1388
8,1508,1516,0.1388
8,1511,1519,0.1388
9,1510,1519,0.1388
9,1507,1516,0.1388
9,1508,1517,0.1388
10,1514,1524,0.1388
10,1514,1524,0.1388
9,1519,1528,0.1388
9,1526,1535,0.1388
10,1525,1535,0.1388
10,1512,1522,0.1388
9,1512,1521,0.1388
9,1505,1514,0.1388
9,1500,1509,0.1388
8,1492,1500,0.1388
8,1500,1508,0.1388
8,1499,1507,0.1388
8,1514,1522,0.1388
8,1522,1530,0.1388
8,1512,1520,0.1388
7,1501,1508,0.1388
9,1504,1513,0.1388
10,1495,1505,0.1388
10,1501,1511,0.1388
10,1503,1513,0.1388
9,1511,1520,0.1388
10,1515,1525,0.1388
10,1520,1530,0.1388
9,1503,1512,0.1388
10,1506,1516,0.1388
10,1505,1515,0.1388
10,1496,1506,0.1388
9,1502,1511,0.1388
8,1517,1525,0.1388
10,1525,1535,0.1388
9,1513,1522,0.1388
9,1506,1515,0.1388
9,1506,1515,0.1388
9,1502,1511,0.1388
10,1497,1507,0.1388
9,1499,1508,0.1388
10,1499,1509,0.1388
11,1510,1521,0.1388
9,1507,1516,0.1388
10,1504,1514,0.1388
12,1499,1511,0.1388
12,1493,1505,0.1388
11,1497,1508,0.1388
10,1486,1496,0.1388
10,1485,1495,0.1388
11,1502,1513,0.1388
11,1494,1505,0.1388
10,1500,1510,0.1388
11,1491,1502,0.1388
12,1500,1512,0.1388
12,1513,1525,0.1388
13,1507,1520,0.1388
13,1509,1522,0.1388
13,1510,1523,0.1388
12,1518,1530,0.1388
12,1503,1515,0.1388
12,1501,1513,0.1388
11,1506,1517,0.1388
12,1503,1515,0.1388
12,1501,1513,0.1388
12,1515,1527,0.1388
12,1511,1523,0.1388
12,1503,1515,0.1388
12,1494,1506,0.1388
12,1504,1516,0.1388
12,1502,1514,0.1388
12,1499,1511,0.1388
12,1503,1515,0.1388
10,1500,1510,0.1388
10,1498,1508,0.1388
9,1503,1512,0.1388
9,1500,1509,0.1388
9,1498,1507,0.1388
10,1497,1507,0.1388
8,1516,1524,0.1388
8,1510,1518,0.1388
8,1502,1510,0.1388
9,1507,1516,0.1388
10,1500,1510,0.1388
10,1516,1526,0.1388
9,1519,1528,0.1388
8,1517,1525,0.1388
7,1517,1524,0.1388
6,1504,1510,0.1388
6,1501,1507,0.1388
6,1512,1518,0.1388
6,1514,1520,0.1388
6,1516,1522,0.1388
5,1519,1524,0.1388
5,1515,1520,0.1388
4,1511,1515,0.1388
4,1516,1520,0.1388
4,1514,1518,0.1388
4,1508,1512,0.1388
4,1512,1516,0.1388
4,1507,1511,0.1388
5,1516,1521,0.1388
5,1518,1523,0.1388
4,1506,1510,0.1388
2,1514,1516,0.1388
2,1518,1520,0.1388
2,1521,1523,0.1388
2,1517,1519,0.1388
2,1516,1518,0.1388
2,1513,1515,0.1388
2,1515,1517,0.1388
2,1502,1504,0.1388
2,1513,1515,0.1388
2,1523,1525,0.1388
2,1518,1520,0.1388
2,1515,1517,0.1388
2,1515,1517,0.1388
2,1535,1537,0.1388
2,1527,1529,0.1388
2,1519,1521,0.1388
2,1517,1519,0.1388
2,1511,1513,0.1388
2,1512,1514,0.1388
2,1512,1514,0.1388
2,1509,1511,0.1388
2,1516,1518,0.1388
2,1518,1520,0.1388
2,1516,1518,0.1388
2,1513,1515,0.1388
2,1516,1518,0.1388
2,1525,1527,0.1388
2,1520,1522,0.1388
2,1523,1525,0.1388
2,1501,1503,0.1388
2,1497,1499,0.1388
2,1503,1505,0.1388
2,1514,1516,0.1388
2,1509,1511,0.1388
2,1515,1517,0.1388
2,1509,1511,0.1388
3,1519,1522,0.1388
3,1523,1526,0.1388
3,1508,1511,0.1388
3,1515,1518,0.1388
3,1508,1511,0.1388
3,1512,1515,0.1388
3,1509,1512,0.1388
3,1513,1516,0.1388
4,1522,1526,0.1388
3,1526,1529,0.1388
3,1513,1516,0.1388
3,1514,1517,0.1388
3,1522,1525,0.1388
3,1525,1528,0.1388
3,1514,1517,0.1388
3,1516,1519,0.1388
3,1515,1518,0.1388
2,1505,1507,0.1388
2,1501,1503,0.1388
1,1510,1511,0.1388
1,1512,1513,0.1388
0,1513,1513,0.1388
