1373,26,1399,0.1388
1407,27,1434,0.1388
1435,29,1464,0.1388
1444,28,1472,0.1388
1451,29,1480,0.1388
1448,28,1476,0.1388
1462,30,1492,0.1388
1482,29,1511,0.1388
1470,29,1499,0.1388
1467,29,1496,0.1388
1471,32,1503,0.1388
1467,28,1495,0.1388
1467,28,1495,0.1388
1459,29,1488,0.1388
1460,28,1488,0.1388
1466,29,1495,0.1388
1473,29,1502,0.1388
1474,31,1505,0.1388
1468,30,1498,0.1388
1467,27,1494,0.1388
1473,27,1500,0.1388
1468,28,1496,0.1388
1456,26,1482,0.1388
1448,25,1473,0.1388
1451,29,1480,0.1388
1462,31,1493,0.1388
1460,31,1491,0.1388
1468,29,1497,0.1388
1449,28,1477,0.1388
1445,31,1476,0.1388
1455,31,1486,0.1388
1453,33,1486,0.1388
1452,33,1485,0.1388
1454,32,1486,0.1388
1455,32,1487,0.1388
1465,33,1498,0.1388
1458,32,1490,0.1388
1457,33,1490,0.1388
1461,34,1495,0.1388
1457,34,1491,0.1388
1461,35,1496,0.1388
1447,35,1482,0.1388
1457,35,1492,0.1388
1458,36,1494,0.1388
1465,35,1500,0.1388
1466,37,1503,0.1388
1471,37,1508,0.1388
1463,38,1501,0.1388
1456,37,1493,0.1388
1461,37,1498,0.1388
1467,37,1504,0.1388
1466,37,1503,0.1388
1478,36,1514,0.1388
1476,35,1511,0.1388
1473,34,1507,0.1388
1467,36,1503,0.1388
1458,37,1495,0.1388
1452,34,1486,0.1388
1442,34,1476,0.1388
1451,33,1484,0.1388
1459,34,1493,0.1388
1472,35,1507,0.1388
1468,37,1505,0.1388
1469,37,1506,0.1388
1466,36,1502,0.1388
1468,35,1503,0.1388
1468,33,1501,0.1388
1451,33,1484,0.1388
1456,34,1490,0.1388
1442,33,1475,0.1388
1449,35,1484,0.1388
1460,34,1494,0.1388
1454,37,1491,0.1388
1448,37,1485,0.1388
1450,38,1488,0.1388
1449,38,1487,0.1388
1436,38,1474,0.1388
1447,39,1486,0.1388
1459,38,1497,0.1388
1467,37,1504,0.1388
1475,37,1512,0.1388
1462,35,1497,0.1388
1455,39,1494,0.1388
1445,41,1486,0.1388
1453,40,1493,0.1388
1459,40,1499,0.1388
1463,40,1503,0.1388
1468,39,1507,0.1388
1467,39,1506,0.1388
1439,41,1480,0.1388
1445,39,1484,0.1388
1450,41,1491,0.1388
1453,43,1496,0.1388
1447,44,1491,0.1388
1460,45,1505,0.1388
1456,46,1502,0.1388
1458,45,1503,0.1388
1455,45,1500,0.1388
1460,46,1506,0.1388
1451,48,1499,0.1388
1462,48,1510,0.1388
1448,46,1494,0.1388
1449,43,1492,0.1388
1442,47,1489,0.1388
1444,47,1491,0.1388
1428,45,1473,0.1388
1427,46,1473,0.1388
1437,48,1485,0.1388
1434,46,1480,0.1388
1439,47,1486,0.1388
1444,48,1492,0.1388
1454,50,1504,0.1388
1455,47,1502,0.1388
1449,48,1497,0.1388
1440,47,1487,0.1388
1436,46,1482,0.1388
1441,50,1491,0.1388
1445,48,1493,0.1388
1438,49,1487,0.1388
1439,49,1488,0.1388
1433,49,1482,0.1388
1439,51,1490,0.1388
1443,50,1493,0.1388
1441,49,1490,0.1388
1447,50,1497,0.1388
1450,50,1500,0.1388
1435,52,1487,0.1388
1444,48,1492,0.1388
1438,49,1487,0.1388
1452,50,1502,0.1388
1432,53,1485,0.1388
1429,51,1480,0.1388
1428,51,1479,0.1388
1427,53,1480,0.1388
1433,57,1490,0.1388
1441,55,1496,0.1388
1443,56,1499,0.1388
1444,58,1502,0.1388
1435,61,1496,0.1388
1430,61,1491,0.1388
1428,57,1485,0.1388
1439,56,1495,0.1388
1449,55,1504,0.1388
1432,54,1486,0.1388
1425,55,1480,0.1388
1434,56,1490,0.1388
1440,52,1492,0.1388
1439,55,1494,0.1388
1420,54,1474,0.1388
1409,53,1462,0.1388
1411,56,1467,0.1388
1428,55,1483,0.1388
1434,57,1491,0.1388
1428,60,1488,0.1388
1418,59,1477,0.1388
1433,60,1493,0.1388
1424,61,1485,0.1388
1430,63,1493,0.1388
1424,62,1486,0.1388
1427,63,1490,0.1388
1431,61,1492,0.1388
1431,60,1491,0.1388
1420,61,1481,0.1388
1421,62,1483,0.1388
1419,62,1481,0.1388
1434,65,1499,0.1388
1431,66,1497,0.1388
1430,67,1497,0.1388
1434,67,1501,0.1388
1430,69,1499,0.1388
1432,68,1500,0.1388
1427,71,1498,0.1388
1424,70,1494,0.1388
1425,72,1497,0.1388
1420,72,1492,0.1388
1413,72,1485,0.1388
1411,72,1483,0.1388
1425,72,1497,0.1388
1423,69,1492,0.1388
1416,72,1488,0.1388
1421,74,1495,0.1388
1434,76,1510,0.1388
1428,76,1504,0.1388
1433,77,1510,0.1388
1439,74,1513,0.1388
1432,75,1507,0.1388
1426,77,1503,0.1388
1437,76,1513,0.1388
1418,76,1494,0.1388
1423,76,1499,0.1388
1410,75,1485,0.1388
1398,77,1475,0.1388
1406,76,1482,0.1388
1414,79,1493,0.1388
1410,79,1489,0.1388
1421,80,1501,0.1388
1423,78,1501,0.1388
1419,79,1498,0.1388
1418,82,1500,0.1388
1419,83,1502,0.1388
1425,81,1506,0.1388
1422,81,1503,0.1388
1406,77,1483,0.1388
1397,77,1474,0.1388
1398,77,1475,0.1388
1406,78,1484,0.1388
1417,77,1494,0.1388
1415,78,1493,0.1388
1409,81,1490,0.1388
1407,81,1488,0.1388
1406,79,1485,0.1388
1425,78,1503,0.1388
1415,81,1496,0.1388
1416,82,1498,0.1388
1419,84,1503,0.1388
1424,83,1507,0.1388
1424,84,1508,0.1388
1419,84,1503,0.1388
1417,88,1505,0.1388
1401,91,1492,0.1388
1392,94,1486,0.1388
1399,94,1493,0.1388
1402,93,1495,0.1388
1411,93,1504,0.1388
1414,95,1509,0.1388
1400,92,1492,0.1388
1391,88,1479,0.1388
1394,89,1483,0.1388
1399,91,1490,0.1388
1392,94,1486,0.1388
1390,98,1488,0.1388
1390,98,1488,0.1388
1401,99,1500,0.1388
1393,101,1494,0.1388
1390,104,1494,0.1388
1387,104,1491,0.1388
1389,106,1495,0.1388
1396,108,1504,0.1388
1386,110,1496,0.1388
1386,116,1502,0.1388
1389,113,1502,0.1388
1385,113,1498,0.1388
1397,115,1512,0.1388
1392,111,1503,0.1388
1385,113,1498,0.1388
1372,120,1492,0.1388
1364,122,1486,0.1388
1365,125,1490,0.1388
1379,118,1497,0.1388
1385,117,1502,0.1388
1383,116,1499,0.1388
1369,115,1484,0.1388
1379,115,1494,0.1388
1376,121,1497,0.1388
1371,123,1494,0.1388
1367,126,1493,0.1388
1378,126,1504,0.1388
1382,128,1510,0.1388
1373,127,1500,0.1388
1367,130,1497,0.1388
1362,128,1490,0.1388
1362,132,1494,0.1388
1368,133,1501,0.1388
1369,131,1500,0.1388
1363,135,1498,0.1388
1379,136,1515,0.1388
1362,141,1503,0.1388
1363,143,1506,0.1388
1369,143,1512,0.1388
1363,139,1502,0.1388
1350,145,1495,0.1388
1342,145,1487,0.1388
1352,147,1499,0.1388
1360,145,1505,0.1388
1365,145,1510,0.1388
1371,144,1515,0.1388
1356,142,1498,0.1388
1361,143,1504,0.1388
1350,143,1493,0.1388
1349,144,1493,0.1388
1348,145,1493,0.1388
1349,142,1491,0.1388
1336,146,1482,0.1388
1352,146,1498,0.1388
1357,148,1505,0.1388
1362,151,1513,0.1388
1355,145,1500,0.1388
1360,150,1510,0.1388
1356,150,1506,0.1388
1362,146,1508,0.1388
1351,144,1495,0.1388
1352,149,1501,0.1388
1346,149,1495,0.1388
1349,152,1501,0.1388
1348,151,1499,0.1388
1365,152,1517,0.1388
1362,152,1514,0.1388
1360,152,1512,0.1388
1361,149,1510,0.1388
1353,151,1504,0.1388
1345,150,1495,0.1388
1343,157,1500,0.1388
1352,155,1507,0.1388
1344,158,1502,0.1388
1344,153,1497,0.1388
1336,158,1494,0.1388
1336,155,1491,0.1388
1320,159,1479,0.1388
1332,157,1489,0.1388
1333,158,1491,0.1388
1336,161,1497,0.1388
1328,162,1490,0.1388
1326,161,1487,0.1388
1325,163,1488,0.1388
1327,162,1489,0.1388
1323,165,1488,0.1388
1317,162,1479,0.1388
1326,163,1489,0.1388
1332,163,1495,0.1388
1333,161,1494,0.1388
1340,161,1501,0.1388
1329,157,1486,0.1388
1340,150,1490,0.1388
1342,152,1494,0.1388
1347,155,1502,0.1388
1346,155,1501,0.1388
1331,159,1490,0.1388
1329,158,1487,0.1388
1324,160,1484,0.1388
1328,160,1488,0.1388
1327,160,1487,0.1388
1324,156,1480,0.1388
1322,153,1475,0.1388
1312,155,1467,0.1388
1320,154,1474,0.1388
1332,154,1486,0.1388
1336,163,1499,0.1388
1332,161,1493,0.1388
1327,158,1485,0.1388
1340,157,1497,0.1388
1330,159,1489,0.1388
1336,153,1489,0.1388
1332,163,1495,0.1388
1326,162,1488,0.1388
1329,161,1490,0.1388
1314,166,1480,0.1388
1317,168,1485,0.1388
1320,172,1492,0.1388
1317,179,1496,0.1388
1310,179,1489,0.1388
1304,177,1481,0.1388
1307,176,1483,0.1388
1292,179,1471,0.1388
1291,176,1467,0.1388
1290,179,1469,0.1388
1297,180,1477,0.1388
1304,183,1487,0.1388
1299,186,1485,0.1388
1304,186,1490,0.1388
1310,185,1495,0.1388
1309,190,1499,0.1388
1322,190,1512,0.1388
1323,187,1510,0.1388
1322,189,1511,0.1388
1310,186,1496,0.1388
1313,188,1501,0.1388
1315,188,1503,0.1388
1311,182,1493,0.1388
1319,180,1499,0.1388
1312,179,1491,0.1388
1333,182,1515,0.1388
1320,178,1498,0.1388
1312,181,1493,0.1388
1312,183,1495,0.1388
1310,179,1489,0.1388
1299,180,1479,0.1388
1304,179,1483,0.1388
1320,181,1501,0.1388
1315,177,1492,0.1388
1314,181,1495,0.1388
1313,179,1492,0.1388
1313,183,1496,0.1388
1312,182,1494,0.1388
1314,181,1495,0.1388
1319,186,1505,0.1388
1312,182,1494,0.1388
1312,182,1494,0.1388
1296,183,1479,0.1388
1307,183,1490,0.1388
1305,182,1487,0.1388
1319,182,1501,0.1388
1306,181,1487,0.1388
1314,185,1499,0.1388
1314,186,1500,0.1388
1317,194,1511,0.1388
1308,194,1502,0.1388
1318,186,1504,0.1388
1311,191,1502,0.1388
1305,193,1498,0.1388
1314,189,1503,0.1388
1321,189,1510,0.1388
1315,186,1501,0.1388
1302,186,1488,0.1388
1306,187,1493,0.1388
1301,187,1488,0.1388
1301,190,1491,0.1388
1307,192,1499,0.1388
1299,191,1490,0.1388
1300,192,1492,0.1388
1309,193,1502,0.1388
1304,194,1498,0.1388
1296,199,1495,0.1388
1290,198,1488,0.1388
1293,200,1493,0.1388
1285,202,1487,0.1388
1283,201,1484,0.1388
1281,200,1481,0.1388
1285,207,1492,0.1388
1283,211,1494,0.1388
1290,214,1504,0.1388
1287,215,1502,0.1388
1275,218,1493,0.1388
1273,218,1491,0.1388
1278,217,1495,0.1388
1267,219,1486,0.1388
1277,221,1498,0.1388
1275,218,1493,0.1388
1272,216,1488,0.1388
1262,214,1476,0.1388
1277,219,1496,0.1388
1262,224,1486,0.1388
1268,227,1495,0.1388
1281,229,1510,0.1388
1272,228,1500,0.1388
1273,228,1501,0.1388
1266,231,1497,0.1388
1258,232,1490,0.1388
1269,230,1499,0.1388
1262,233,1495,0.1388
1265,237,1502,0.1388
1272,239,1511,0.1388
1271,242,1513,0.1388
1247,245,1492,0.1388
1263,246,1509,0.1388
1261,242,1503,0.1388
1255,246,1501,0.1388
1245,251,1496,0.1388
1243,246,1489,0.1388
1248,245,1493,0.1388
1250,240,1490,0.1388
1244,239,1483,0.1388
1252,240,1492,0.1388
1250,244,1494,0.1388
1243,240,1483,0.1388
1240,240,1480,0.1388
1243,243,1486,0.1388
1244,242,1486,0.1388
1260,241,1501,0.1388
1259,240,1499,0.1388
1271,241,1512,0.1388
1275,243,1518,0.1388
1273,245,1518,0.1388
1267,243,1510,0.1388
1257,249,1506,0.1388
1261,250,1511,0.1388
1266,251,1517,0.1388
1256,250,1506,0.1388
1249,252,1501,0.1388
1245,253,1498,0.1388
1252,251,1503,0.1388
1242,250,1492,0.1388
1237,258,1495,0.1388
1239,260,1499,0.1388
1247,257,1504,0.1388
1245,253,1498,0.1388
1239,249,1488,0.1388
1242,247,1489,0.1388
1244,247,1491,0.1388
1231,246,1477,0.1388
1242,245,1487,0.1388
1241,254,1495,0.1388
1236,255,1491,0.1388
1233,264,1497,0.1388
1211,266,1477,0.1388
1221,265,1486,0.1388
1224,265,1489,0.1388
1227,269,1496,0.1388
1224,264,1488,0.1388
1235,272,1507,0.1388
1236,273,1509,0.1388
1236,276,1512,0.1388
1224,276,1500,0.1388
1219,277,1496,0.1388
1212,279,1491,0.1388
1213,272,1485,0.1388
1209,277,1486,0.1388
1205,273,1478,0.1388
1211,278,1489,0.1388
1210,279,1489,0.1388
1214,281,1495,0.1388
1199,280,1479,0.1388
1200,284,1484,0.1388
1204,286,1490,0.1388
1211,285,1496,0.1388
1211,285,1496,0.1388
1214,286,1500,0.1388
1211,287,1498,0.1388
1211,288,1499,0.1388
1220,286,1506,0.1388
1218,287,1505,0.1388
1201,287,1488,0.1388
1200,285,1485,0.1388
1207,284,1491,0.1388
1198,288,1486,0.1388
1185,291,1476,0.1388
1202,287,1489,0.1388
1210,284,1494,0.1388
1208,285,1493,0.1388
1213,288,1501,0.1388
1202,287,1489,0.1388
1195,287,1482,0.1388
1196,292,1488,0.1388
1203,290,1493,0.1388
1210,294,1504,0.1388
1204,292,1496,0.1388
1193,286,1479,0.1388
1190,286,1476,0.1388
1206,283,1489,0.1388
1213,287,1500,0.1388
1214,285,1499,0.1388
1203,278,1481,0.1388
1197,284,1481,0.1388
1194,278,1472,0.1388
1198,275,1473,0.1388
1187,274,1461,0.1388
1199,275,1474,0.1388
1207,283,1490,0.1388
1201,284,1485,0.1388
1209,282,1491,0.1388
1209,281,1490,0.1388
1212,282,1494,0.1388
1208,283,1491,0.1388
1214,282,1496,0.1388
1202,280,1482,0.1388
1212,286,1498,0.1388
1216,289,1505,0.1388
1209,290,1499,0.1388
1214,284,1498,0.1388
1205,281,1486,0.1388
1208,277,1485,0.1388
1217,277,1494,0.1388
1212,275,1487,0.1388
1220,275,1495,0.1388
1230,273,1503,0.1388
1215,274,1489,0.1388
1218,281,1499,0.1388
1205,281,1486,0.1388
1220,282,1502,0.1388
1229,286,1515,0.1388
1224,283,1507,0.1388
1212,279,1491,0.1388
1211,271,1482,0.1388
1221,276,1497,0.1388
1222,277,1499,0.1388
1215,276,1491,0.1388
1207,279,1486,0.1388
1209,282,1491,0.1388
1202,284,1486,0.1388
1204,283,1487,0.1388
1194,281,1475,0.1388
1196,279,1475,0.1388
1199,271,1470,0.1388
1202,271,1473,0.1388
1194,281,1475,0.1388
1208,275,1483,0.1388
1204,283,1487,0.1388
1199,288,1487,0.1388
1211,293,1504,0.1388
1198,286,1484,0.1388
1200,293,1493,0.1388
1206,300,1506,0.1388
1202,303,1505,0.1388
1202,303,1505,0.1388
1208,301,1509,0.1388
1209,303,1512,0.1388
1203,300,1503,0.1388
1194,296,1490,0.1388
1193,294,1487,0.1388
1184,291,1475,0.1388
1181,290,1471,0.1388
1200,291,1491,0.1388
1205,291,1496,0.1388
1201,291,1492,0.1388
1207,291,1498,0.1388
1199,287,1486,0.1388
1198,294,1492,0.1388
1196,293,1489,0.1388
1196,291,1487,0.1388
1193,295,1488,0.1388
1194,291,1485,0.1388
1206,299,1505,0.1388
1206,297,1503,0.1388
1201,300,1501,0.1388
1196,303,1499,0.1388
1196,307,1503,0.1388
1193,305,1498,0.1388
1188,300,1488,0.1388
1187,298,1485,0.1388
1198,300,1498,0.1388
1197,295,1492,0.1388
1203,303,1506,0.1388
1204,301,1505,0.1388
1208,297,1505,0.1388
1202,299,1501,0.1388
1188,294,1482,0.1388
1193,297,1490,0.1388
1205,297,1502,0.1388
1205,297,1502,0.1388
1207,294,1501,0.1388
1198,301,1499,0.1388
1209,302,1511,0.1388
1199,303,1502,0.1388
1191,300,1491,0.1388
1190,303,1493,0.1388
1196,305,1501,0.1388
1192,305,1497,0.1388
1194,305,1499,0.1388
1199,297,1496,0.1388
1196,302,1498,0.1388
1206,304,1510,0.1388
1202,302,1504,0.1388
1204,306,1510,0.1388
1198,307,1505,0.1388
1212,308,1520,0.1388
1198,307,1505,0.1388
1196,302,1498,0.1388
1196,306,1502,0.1388
1206,305,1511,0.1388
1200,304,1504,0.1388
1185,302,1487,0.1388
1182,303,1485,0.1388
1187,308,1495,0.1388
1192,305,1497,0.1388
1204,303,1507,0.1388
1208,301,1509,0.1388
1198,299,1497,0.1388
1197,306,1503,0.1388
1202,302,1504,0.1388
1192,308,1500,0.1388
1189,306,1495,0.1388
1202,308,1510,0.1388
1193,313,1506,0.1388
1189,315,1504,0.1388
1188,316,1504,0.1388
1170,317,1487,0.1388
1178,316,1494,0.1388
1173,313,1486,0.1388
1175,308,1483,0.1388
1183,308,1491,0.1388
1177,313,1490,0.1388
1172,312,1484,0.1388
1176,308,1484,0.1388
1176,310,1486,0.1388
1180,306,1486,0.1388
1191,313,1504,0.1388
1185,318,1503,0.1388
1177,321,1498,0.1388
1183,323,1506,0.1388
1182,321,1503,0.1388
1175,321,1496,0.1388
1173,313,1486,0.1388
1172,308,1480,0.1388
1174,318,1492,0.1388
1177,317,1494,0.1388
1176,317,1493,0.1388
1189,324,1513,0.1388
1177,324,1501,0.1388
1177,319,1496,0.1388
1189,323,1512,0.1388
1182,327,1509,0.1388
1180,329,1509,0.1388
1179,331,1510,0.1388
1184,332,1516,0.1388
1183,329,1512,0.1388
1179,336,1515,0.1388
1174,334,1508,0.1388
1171,333,1504,0.1388
1159,337,1496,0.1388
1156,348,1504,0.1388
1151,349,1500,0.1388
1147,346,1493,0.1388
1138,350,1488,0.1388
1128,359,1487,0.1388
1129,357,1486,0.1388
1139,365,1504,0.1388
1136,362,1498,0.1388
1139,365,1504,0.1388
1126,364,1490,0.1388
1133,367,1500,0.1388
1132,362,1494,0.1388
1130,361,1491,0.1388
1117,373,1490,0.1388
1120,374,1494,0.1388
1114,373,1487,0.1388
1118,373,1491,0.1388
1115,370,1485,0.1388
1115,374,1489,0.1388
1106,379,1485,0.1388
1107,383,1490,0.1388
1109,375,1484,0.1388
1113,384,1497,0.1388
1116,383,1499,0.1388
1118,386,1504,0.1388
1118,393,1511,0.1388
1120,386,1506,0.1388
1112,379,1491,0.1388
1115,384,1499,0.1388
1115,385,1500,0.1388
1116,382,1498,0.1388
1120,384,1504,0.1388
1117,375,1492,0.1388
1110,392,1502,0.1388
1108,391,1499,0.1388
1096,392,1488,0.1388
1108,397,1505,0.1388
1096,400,1496,0.1388
1091,402,1493,0.1388
1096,401,1497,0.1388
1097,397,1494,0.1388
1101,386,1487,0.1388
1104,396,1500,0.1388
1111,401,1512,0.1388
1104,402,1506,0.1388
1101,402,1503,0.1388
1101,394,1495,0.1388
1095,396,1491,0.1388
1109,395,1504,0.1388
1111,391,1502,0.1388
1119,405,1524,0.1388
1107,404,1511,0.1388
1096,406,1502,0.1388
1104,404,1508,0.1388
1110,398,1508,0.1388
1102,400,1502,0.1388
1101,400,1501,0.1388
1088,404,1492,0.1388
1091,400,1491,0.1388
1093,399,1492,0.1388
1094,400,1494,0.1388
1092,403,1495,0.1388
1081,414,1495,0.1388
1072,418,1490,0.1388
1074,422,1496,0.1388
1054,424,1478,0.1388
1064,429,1493,0.1388
1064,433,1497,0.1388
1074,430,1504,0.1388
1086,431,1517,0.1388
1079,439,1518,0.1388
1067,442,1509,0.1388
1063,442,1505,0.1388
1051,441,1492,0.1388
1054,440,1494,0.1388
1048,447,1495,0.1388
1042,446,1488,0.1388
1029,441,1470,0.1388
1039,447,1486,0.1388
1043,453,1496,0.1388
1045,455,1500,0.1388
1038,458,1496,0.1388
1040,457,1497,0.1388
1035,459,1494,0.1388
1039,462,1501,0.1388
1030,462,1492,0.1388
1034,459,1493,0.1388
1033,461,1494,0.1388
1035,459,1494,0.1388
1031,465,1496,0.1388
1039,456,1495,0.1388
1031,458,1489,0.1388
1028,459,1487,0.1388
1033,464,1497,0.1388
1037,458,1495,0.1388
1042,455,1497,0.1388
1041,457,1498,0.1388
1032,457,1489,0.1388
1036,454,1490,0.1388
1048,451,1499,0.1388
1057,454,1511,0.1388
1046,456,1502,0.1388
1044,463,1507,0.1388
1048,465,1513,0.1388
1044,463,1507,0.1388
1038,464,1502,0.1388
1034,459,1493,0.1388
1041,462,1503,0.1388
1035,460,1495,0.1388
1033,465,1498,0.1388
1020,475,1495,0.1388
1016,474,1490,0.1388
1016,481,1497,0.1388
1026,478,1504,0.1388
1022,469,1491,0.1388
1024,474,1498,0.1388
1021,482,1503,0.1388
1026,478,1504,0.1388
1042,477,1519,0.1388
1038,468,1506,0.1388
1035,467,1502,0.1388
1034,465,1499,0.1388
1032,469,1501,0.1388
1028,472,1500,0.1388
1038,461,1499,0.1388
1035,470,1505,0.1388
1028,472,1500,0.1388
1041,475,1516,0.1388
1036,468,1504,0.1388
1027,479,1506,0.1388
1028,479,1507,0.1388
1027,466,1493,0.1388
1024,476,1500,0.1388
1020,474,1494,0.1388
1022,477,1499,0.1388
1021,473,1494,0.1388
1021,481,1502,0.1388
1022,483,1505,0.1388
1006,486,1492,0.1388
998,484,1482,0.1388
997,490,1487,0.1388
1008,495,1503,0.1388
1007,495,1502,0.1388
999,493,1492,0.1388
1007,503,1510,0.1388
1000,502,1502,0.1388
999,504,1503,0.1388
1005,506,1511,0.1388
1006,502,1508,0.1388
1018,505,1523,0.1388
1004,517,1521,0.1388
1003,512,1515,0.1388
992,515,1507,0.1388
993,517,1510,0.1388
986,516,1502,0.1388
987,515,1502,0.1388
979,520,1499,0.1388
976,522,1498,0.1388
965,530,1495,0.1388
967,526,1493,0.1388
961,522,1483,0.1388
964,527,1491,0.1388
961,522,1483,0.1388
960,530,1490,0.1388
966,533,1499,0.1388
962,532,1494,0.1388
965,539,1504,0.1388
959,542,1501,0.1388
958,546,1504,0.1388
954,544,1498,0.1388
952,547,1499,0.1388
968,542,1510,0.1388
973,535,1508,0.1388
968,525,1493,0.1388
966,535,1501,0.1388
955,543,1498,0.1388
959,544,1503,0.1388
954,549,1503,0.1388
952,545,1497,0.1388
966,540,1506,0.1388
967,547,1514,0.1388
964,552,1516,0.1388
957,557,1514,0.1388
960,541,1501,0.1388
960,534,1494,0.1388
967,536,1503,0.1388
961,539,1500,0.1388
954,537,1491,0.1388
950,545,1495,0.1388
958,547,1505,0.1388
952,553,1505,0.1388
950,553,1503,0.1388
942,556,1498,0.1388
936,558,1494,0.1388
939,565,1504,0.1388
937,563,1500,0.1388
931,574,1505,0.1388
928,577,1505,0.1388
937,580,1517,0.1388
944,576,1520,0.1388
929,577,1506,0.1388
937,574,1511,0.1388
936,576,1512,0.1388
938,582,1520,0.1388
934,580,1514,0.1388
927,586,1513,0.1388
913,591,1504,0.1388
901,591,1492,0.1388
895,594,1489,0.1388
905,598,1503,0.1388
905,594,1499,0.1388
904,589,1493,0.1388
910,593,1503,0.1388
898,586,1484,0.1388
898,587,1485,0.1388
916,588,1504,0.1388
910,582,1492,0.1388
915,589,1504,0.1388
912,595,1507,0.1388
920,589,1509,0.1388
923,593,1516,0.1388
915,593,1508,0.1388
916,596,1512,0.1388
918,597,1515,0.1388
924,587,1511,0.1388
916,581,1497,0.1388
902,585,1487,0.1388
908,591,1499,0.1388
909,590,1499,0.1388
911,591,1502,0.1388
901,592,1493,0.1388
897,594,1491,0.1388
896,593,1489,0.1388
896,600,1496,0.1388
889,603,1492,0.1388
895,599,1494,0.1388
892,605,1497,0.1388
883,607,1490,0.1388
884,605,1489,0.1388
877,618,1495,0.1388
887,624,1511,0.1388
888,614,1502,0.1388
893,617,1510,0.1388
882,619,1501,0.1388
887,620,1507,0.1388
884,616,1500,0.1388
888,618,1506,0.1388
882,623,1505,0.1388
887,621,1508,0.1388
881,619,1500,0.1388
888,624,1512,0.1388
886,633,1519,0.1388
875,630,1505,0.1388
879,632,1511,0.1388
878,640,1518,0.1388
882,632,1514,0.1388
881,639,1520,0.1388
878,642,1520,0.1388
868,639,1507,0.1388
872,637,1509,0.1388
865,641,1506,0.1388
872,630,1502,0.1388
872,637,1509,0.1388
861,634,1495,0.1388
869,620,1489,0.1388
873,628,1501,0.1388
870,635,1505,0.1388
863,638,1501,0.1388
873,640,1513,0.1388
868,644,1512,0.1388
879,641,1520,0.1388
877,635,1512,0.1388
872,633,1505,0.1388
869,626,1495,0.1388
867,626,1493,0.1388
872,627,1499,0.1388
881,634,1515,0.1388
869,634,1503,0.1388
863,634,1497,0.1388
863,637,1500,0.1388
858,632,1490,0.1388
862,631,1493,0.1388
870,633,1503,0.1388
871,635,1506,0.1388
864,647,1511,0.1388
859,638,1497,0.1388
859,638,1497,0.1388
860,638,1498,0.1388
861,638,1499,0.1388
868,635,1503,0.1388
870,638,1508,0.1388
862,641,1503,0.1388
855,642,1497,0.1388
855,644,1499,0.1388
873,643,1516,0.1388
870,647,1517,0.1388
865,642,1507,0.1388
866,648,1514,0.1388
860,644,1504,0.1388
853,644,1497,0.1388
859,651,1510,0.1388
858,646,1504,0.1388
858,654,1512,0.1388
853,646,1499,0.1388
864,652,1516,0.1388
853,652,1505,0.1388
853,659,1512,0.1388
850,655,1505,0.1388
855,649,1504,0.1388
851,651,1502,0.1388
839,656,1495,0.1388
837,657,1494,0.1388
846,655,1501,0.1388
851,658,1509,0.1388
853,660,1513,0.1388
853,655,1508,0.1388
856,654,1510,0.1388
853,660,1513,0.1388
844,660,1504,0.1388
837,665,1502,0.1388
832,678,1510,0.1388
835,675,1510,0.1388
835,679,1514,0.1388
828,682,1510,0.1388
821,689,1510,0.1388
828,689,1517,0.1388
817,685,1502,0.1388
827,679,1506,0.1388
820,692,1512,0.1388
818,693,1511,0.1388
823,685,1508,0.1388
817,689,1506,0.1388
817,692,1509,0.1388
812,688,1500,0.1388
817,684,1501,0.1388
811,694,1505,0.1388
809,689,1498,0.1388
798,698,1496,0.1388
810,702,1512,0.1388
798,700,1498,0.1388
800,686,1486,0.1388
802,691,1493,0.1388
803,690,1493,0.1388
805,687,1492,0.1388
805,681,1486,0.1388
817,672,1489,0.1388
822,680,1502,0.1388
830,678,1508,0.1388
825,688,1513,0.1388
817,691,1508,0.1388
812,692,1504,0.1388
810,694,1504,0.1388
800,708,1508,0.1388
794,708,1502,0.1388
797,703,1500,0.1388
796,710,1506,0.1388
794,708,1502,0.1388
789,714,1503,0.1388
785,714,1499,0.1388
781,716,1497,0.1388
779,716,1495,0.1388
776,726,1502,0.1388
779,728,1507,0.1388
775,725,1500,0.1388
779,724,1503,0.1388
777,736,1513,0.1388
773,729,1502,0.1388
771,740,1511,0.1388
762,741,1503,0.1388
762,745,1507,0.1388
768,745,1513,0.1388
761,748,1509,0.1388
755,746,1501,0.1388
754,740,1494,0.1388
754,737,1491,0.1388
755,735,1490,0.1388
762,749,1511,0.1388
765,751,1516,0.1388
770,758,1528,0.1388
764,761,1525,0.1388
752,760,1512,0.1388
752,756,1508,0.1388
749,767,1516,0.1388
748,755,1503,0.1388
753,762,1515,0.1388
742,759,1501,0.1388
743,774,1517,0.1388
741,764,1505,0.1388
742,771,1513,0.1388
740,773,1513,0.1388
741,776,1517,0.1388
748,771,1519,0.1388
748,772,1520,0.1388
749,762,1511,0.1388
737,762,1499,0.1388
733,756,1489,0.1388
737,773,1510,0.1388
736,774,1510,0.1388
738,773,1511,0.1388
734,777,1511,0.1388
739,771,1510,0.1388
723,783,1506,0.1388
723,778,1501,0.1388
724,784,1508,0.1388
722,781,1503,0.1388
720,784,1504,0.1388
724,794,1518,0.1388
718,784,1502,0.1388
713,788,1501,0.1388
717,797,1514,0.1388
720,803,1523,0.1388
717,800,1517,0.1388
714,806,1520,0.1388
715,809,1524,0.1388
711,805,1516,0.1388
707,803,1510,0.1388
706,798,1504,0.1388
702,797,1499,0.1388
703,790,1493,0.1388
696,797,1493,0.1388
695,795,1490,0.1388
685,797,1482,0.1388
687,807,1494,0.1388
689,813,1502,0.1388
683,812,1495,0.1388
689,813,1502,0.1388
693,819,1512,0.1388
692,823,1515,0.1388
704,815,1519,0.1388
693,824,1517,0.1388
684,828,1512,0.1388
669,836,1505,0.1388
671,840,1511,0.1388
663,839,1502,0.1388
669,842,1511,0.1388
673,843,1516,0.1388
673,840,1513,0.1388
667,846,1513,0.1388
659,845,1504,0.1388
658,850,1508,0.1388
652,858,1510,0.1388
644,853,1497,0.1388
645,847,1492,0.1388
649,858,1507,0.1388
642,866,1508,0.1388
641,863,1504,0.1388
643,872,1515,0.1388
632,870,1502,0.1388
636,870,1506,0.1388
636,872,1508,0.1388
631,877,1508,0.1388
625,873,1498,0.1388
623,885,1508,0.1388
623,878,1501,0.1388
621,891,1512,0.1388
618,890,1508,0.1388
613,892,1505,0.1388
622,884,1506,0.1388
625,891,1516,0.1388
619,893,1512,0.1388
622,890,1512,0.1388
621,889,1510,0.1388
621,885,1506,0.1388
620,893,1513,0.1388
629,898,1527,0.1388
630,897,1527,0.1388
625,891,1516,0.1388
622,884,1506,0.1388
627,883,1510,0.1388
624,879,1503,0.1388
624,881,1505,0.1388
615,886,1501,0.1388
616,888,1504,0.1388
621,889,1510,0.1388
612,896,1508,0.1388
613,896,1509,0.1388
610,904,1514,0.1388
608,896,1504,0.1388
613,889,1502,0.1388
622,895,1517,0.1388
622,896,1518,0.1388
615,895,1510,0.1388
611,900,1511,0.1388
611,910,1521,0.1388
610,913,1523,0.1388
613,908,1521,0.1388
612,912,1524,0.1388
603,920,1523,0.1388
607,924,1531,0.1388
605,921,1526,0.1388
605,915,1520,0.1388
606,910,1516,0.1388
599,906,1505,0.1388
604,916,1520,0.1388
593,918,1511,0.1388
598,913,1511,0.1388
587,917,1504,0.1388
578,923,1501,0.1388
567,926,1493,0.1388
569,932,1501,0.1388
574,938,1512,0.1388
575,931,1506,0.1388
575,936,1511,0.1388
581,932,1513,0.1388
581,928,1509,0.1388
576,926,1502,0.1388
578,925,1503,0.1388
573,935,1508,0.1388
576,944,1520,0.1388
575,950,1525,0.1388
578,949,1527,0.1388
579,942,1521,0.1388
582,935,1517,0.1388
576,933,1509,0.1388
574,934,1508,0.1388
581,936,1517,0.1388
572,945,1517,0.1388
570,934,1504,0.1388
560,936,1496,0.1388
568,939,1507,0.1388
575,942,1517,0.1388
581,946,1527,0.1388
575,940,1515,0.1388
575,935,1510,0.1388
579,929,1508,0.1388
577,928,1505,0.1388
574,926,1500,0.1388
581,922,1503,0.1388
579,924,1503,0.1388
580,922,1502,0.1388
591,921,1512,0.1388
593,926,1519,0.1388
586,941,1527,0.1388
581,942,1523,0.1388
573,926,1499,0.1388
572,929,1501,0.1388
578,934,1512,0.1388
575,925,1500,0.1388
565,927,1492,0.1388
564,934,1498,0.1388
566,925,1491,0.1388
561,931,1492,0.1388
556,925,1481,0.1388
558,930,1488,0.1388
560,928,1488,0.1388
553,938,1491,0.1388
551,931,1482,0.1388
565,943,1508,0.1388
572,941,1513,0.1388
566,945,1511,0.1388
564,941,1505,0.1388
553,948,1501,0.1388
547,941,1488,0.1388
537,950,1487,0.1388
531,956,1487,0.1388
540,952,1492,0.1388
543,954,1497,0.1388
543,970,1513,0.1388
543,961,1504,0.1388
546,972,1518,0.1388
545,954,1499,0.1388
553,953,1506,0.1388
548,964,1512,0.1388
550,965,1515,0.1388
554,966,1520,0.1388
549,956,1505,0.1388
549,945,1494,0.1388
550,954,1504,0.1388
549,961,1510,0.1388
554,948,1502,0.1388
551,954,1505,0.1388
548,947,1495,0.1388
553,948,1501,0.1388
558,948,1506,0.1388
561,948,1509,0.1388
564,944,1508,0.1388
554,955,1509,0.1388
560,942,1502,0.1388
564,940,1504,0.1388
563,948,1511,0.1388
556,944,1500,0.1388
558,943,1501,0.1388
557,950,1507,0.1388
550,962,1512,0.1388
554,964,1518,0.1388
555,970,1525,0.1388
553,974,1527,0.1388
553,976,1529,0.1388
542,970,1512,0.1388
538,969,1507,0.1388
539,973,1512,0.1388
536,974,1510,0.1388
537,984,1521,0.1388
540,976,1516,0.1388
541,975,1516,0.1388
544,968,1512,0.1388
543,973,1516,0.1388
546,967,1513,0.1388
551,968,1519,0.1388
545,970,1515,0.1388
549,974,1523,0.1388
549,967,1516,0.1388
544,973,1517,0.1388
539,968,1507,0.1388
539,960,1499,0.1388
533,961,1494,0.1388
532,962,1494,0.1388
530,967,1497,0.1388
531,969,1500,0.1388
530,978,1508,0.1388
532,980,1512,0.1388
537,978,1515,0.1388
534,979,1513,0.1388
531,974,1505,0.1388
532,980,1512,0.1388
529,989,1518,0.1388
525,985,1510,0.1388
517,985,1502,0.1388
521,986,1507,0.1388
532,997,1529,0.1388
534,994,1528,0.1388
533,995,1528,0.1388
527,1002,1529,0.1388
522,991,1513,0.1388
530,984,1514,0.1388
525,992,1517,0.1388
521,992,1513,0.1388
532,986,1518,0.1388
526,975,1501,0.1388
524,985,1509,0.1388
522,986,1508,0.1388
530,996,1526,0.1388
531,992,1523,0.1388
532,996,1528,0.1388
521,989,1510,0.1388
518,995,1513,0.1388
524,997,1521,0.1388
519,985,1504,0.1388
513,998,1511,0.1388
510,1012,1522,0.1388
510,1012,1522,0.1388
504,1006,1510,0.1388
501,1022,1523,0.1388
503,1010,1513,0.1388
501,1007,1508,0.1388
498,1016,1514,0.1388
506,1015,1521,0.1388
512,997,1509,0.1388
512,1001,1513,0.1388
512,998,1510,0.1388
517,992,1509,0.1388
515,996,1511,0.1388
513,999,1512,0.1388
514,1007,1521,0.1388
511,1007,1518,0.1388
508,1008,1516,0.1388
518,1010,1528,0.1388
516,1019,1535,0.1388
508,1014,1522,0.1388
513,1011,1524,0.1388
515,1013,1528,0.1388
508,1016,1524,0.1388
506,1009,1515,0.1388
506,1003,1509,0.1388
507,989,1496,0.1388
514,994,1508,0.1388
517,995,1512,0.1388
518,996,1514,0.1388
512,1006,1518,0.1388
514,999,1513,0.1388
508,999,1507,0.1388
515,989,1504,0.1388
512,987,1499,0.1388
509,995,1504,0.1388
502,999,1501,0.1388
496,1011,1507,0.1388
497,1016,1513,0.1388
492,1018,1510,0.1388
491,1015,1506,0.1388
493,1013,1506,0.1388
491,1013,1504,0.1388
496,1018,1514,0.1388
500,1009,1509,0.1388
493,1019,1512,0.1388
491,1022,1513,0.1388
488,1019,1507,0.1388
493,1022,1515,0.1388
496,1024,1520,0.1388
492,1018,1510,0.1388
492,1021,1513,0.1388
495,1010,1505,0.1388
492,1017,1509,0.1388
482,1022,1504,0.1388
485,1035,1520,0.1388
492,1028,1520,0.1388
493,1031,1524,0.1388
483,1029,1512,0.1388
486,1041,1527,0.1388
472,1035,1507,0.1388
473,1046,1519,0.1388
466,1045,1511,0.1388
461,1051,1512,0.1388
461,1047,1508,0.1388
465,1045,1510,0.1388
464,1042,1506,0.1388
460,1047,1507,0.1388
461,1044,1505,0.1388
456,1041,1497,0.1388
450,1041,1491,0.1388
453,1052,1505,0.1388
453,1061,1514,0.1388
451,1065,1516,0.1388
446,1074,1520,0.1388
443,1068,1511,0.1388
448,1062,1510,0.1388
445,1059,1504,0.1388
439,1069,1508,0.1388
442,1073,1515,0.1388
442,1074,1516,0.1388
439,1084,1523,0.1388
437,1082,1519,0.1388
434,1080,1514,0.1388
438,1090,1528,0.1388
432,1078,1510,0.1388
426,1082,1508,0.1388
429,1071,1500,0.1388
434,1061,1495,0.1388
424,1060,1484,0.1388
418,1068,1486,0.1388
413,1058,1471,0.1388
418,1063,1481,0.1388
418,1079,1497,0.1388
423,1074,1497,0.1388
422,1085,1507,0.1388
429,1082,1511,0.1388
428,1080,1508,0.1388
424,1078,1502,0.1388
427,1079,1506,0.1388
431,1077,1508,0.1388
430,1075,1505,0.1388
434,1082,1516,0.1388
433,1085,1518,0.1388
430,1074,1504,0.1388
435,1068,1503,0.1388
431,1074,1505,0.1388
432,1074,1506,0.1388
426,1085,1511,0.1388
430,1100,1530,0.1388
430,1095,1525,0.1388
434,1090,1524,0.1388
438,1097,1535,0.1388
431,1088,1519,0.1388
428,1101,1529,0.1388
432,1107,1539,0.1388
427,1099,1526,0.1388
424,1096,1520,0.1388
420,1106,1526,0.1388
421,1104,1525,0.1388
422,1102,1524,0.1388
421,1108,1529,0.1388
419,1096,1515,0.1388
418,1099,1517,0.1388
416,1099,1515,0.1388
414,1102,1516,0.1388
417,1104,1521,0.1388
418,1101,1519,0.1388
415,1101,1516,0.1388
412,1096,1508,0.1388
414,1097,1511,0.1388
404,1099,1503,0.1388
409,1089,1498,0.1388
411,1088,1499,0.1388
411,1091,1502,0.1388
414,1097,1511,0.1388
403,1105,1508,0.1388
414,1107,1521,0.1388
419,1099,1518,0.1388
421,1101,1522,0.1388
419,1095,1514,0.1388
419,1091,1510,0.1388
423,1093,1516,0.1388
413,1093,1506,0.1388
407,1107,1514,0.1388
404,1105,1509,0.1388
414,1096,1510,0.1388
417,1083,1500,0.1388
416,1078,1494,0.1388
411,1084,1495,0.1388
415,1084,1499,0.1388
415,1094,1509,0.1388
405,1095,1500,0.1388
402,1092,1494,0.1388
412,1099,1511,0.1388
406,1100,1506,0.1388
402,1107,1509,0.1388
400,1102,1502,0.1388
404,1110,1514,0.1388
400,1109,1509,0.1388
403,1114,1517,0.1388
403,1113,1516,0.1388
405,1113,1518,0.1388
406,1114,1520,0.1388
409,1107,1516,0.1388
410,1101,1511,0.1388
406,1108,1514,0.1388
400,1121,1521,0.1388
393,1119,1512,0.1388
393,1112,1505,0.1388
399,1103,1502,0.1388
401,1100,1501,0.1388
407,1109,1516,0.1388
409,1106,1515,0.1388
410,1114,1524,0.1388
417,1106,1523,0.1388
414,1110,1524,0.1388
414,1105,1519,0.1388
413,1100,1513,0.1388
403,1117,1520,0.1388
400,1121,1521,0.1388
388,1119,1507,0.1388
387,1122,1509,0.1388
389,1115,1504,0.1388
387,1117,1504,0.1388
386,1132,1518,0.1388
386,1131,1517,0.1388
391,1126,1517,0.1388
390,1134,1524,0.1388
383,1139,1522,0.1388
380,1138,1518,0.1388
379,1136,1515,0.1388
377,1129,1506,0.1388
374,1125,1499,0.1388
366,1138,1504,0.1388
367,1146,1513,0.1388
366,1147,1513,0.1388
363,1148,1511,0.1388
362,1134,1496,0.1388
363,1138,1501,0.1388
365,1140,1505,0.1388
373,1142,1515,0.1388
370,1137,1507,0.1388
361,1146,1507,0.1388
365,1151,1516,0.1388
365,1156,1521,0.1388
369,1153,1522,0.1388
365,1147,1512,0.1388
364,1152,1516,0.1388
356,1149,1505,0.1388
357,1153,1510,0.1388
351,1150,1501,0.1388
345,1158,1503,0.1388
348,1169,1517,0.1388
345,1165,1510,0.1388
345,1169,1514,0.1388
351,1168,1519,0.1388
350,1167,1517,0.1388
345,1179,1524,0.1388
345,1177,1522,0.1388
343,1175,1518,0.1388
343,1182,1525,0.1388
339,1174,1513,0.1388
332,1168,1500,0.1388
339,1170,1509,0.1388
340,1180,1520,0.1388
340,1175,1515,0.1388
341,1181,1522,0.1388
344,1180,1524,0.1388
347,1186,1533,0.1388
339,1176,1515,0.1388
338,1159,1497,0.1388
339,1161,1500,0.1388
341,1174,1515,0.1388
344,1174,1518,0.1388
335,1175,1510,0.1388
337,1178,1515,0.1388
332,1175,1507,0.1388
329,1179,1508,0.1388
330,1177,1507,0.1388
337,1170,1507,0.1388
338,1172,1510,0.1388
341,1167,1508,0.1388
344,1184,1528,0.1388
344,1190,1534,0.1388
334,1185,1519,0.1388
332,1175,1507,0.1388
329,1171,1500,0.1388
327,1179,1506,0.1388
327,1189,1516,0.1388
320,1198,1518,0.1388
329,1202,1531,0.1388
326,1186,1512,0.1388
326,1194,1520,0.1388
323,1194,1517,0.1388
314,1197,1511,0.1388
318,1196,1514,0.1388
319,1192,1511,0.1388
319,1195,1514,0.1388
322,1190,1512,0.1388
320,1191,1511,0.1388
317,1199,1516,0.1388
313,1201,1514,0.1388
312,1193,1505,0.1388
309,1185,1494,0.1388
315,1178,1493,0.1388
324,1181,1505,0.1388
332,1179,1511,0.1388
334,1184,1518,0.1388
333,1196,1529,0.1388
336,1196,1532,0.1388
336,1197,1533,0.1388
331,1189,1520,0.1388
326,1195,1521,0.1388
324,1184,1508,0.1388
319,1190,1509,0.1388
314,1197,1511,0.1388
313,1200,1513,0.1388
319,1204,1523,0.1388
326,1203,1529,0.1388
322,1196,1518,0.1388
319,1207,1526,0.1388
319,1197,1516,0.1388
320,1193,1513,0.1388
318,1194,1512,0.1388
318,1194,1512,0.1388
320,1198,1518,0.1388
322,1208,1530,0.1388
318,1205,1523,0.1388
315,1198,1513,0.1388
308,1190,1498,0.1388
306,1198,1504,0.1388
310,1204,1514,0.1388
313,1200,1513,0.1388
310,1193,1503,0.1388
312,1200,1512,0.1388
313,1190,1503,0.1388
316,1190,1506,0.1388
318,1196,1514,0.1388
314,1192,1506,0.1388
312,1193,1505,0.1388
310,1192,1502,0.1388
310,1198,1508,0.1388
308,1202,1510,0.1388
306,1211,1517,0.1388
308,1227,1535,0.1388
306,1218,1524,0.1388
306,1217,1523,0.1388
304,1217,1521,0.1388
304,1219,1523,0.1388
305,1217,1522,0.1388
302,1221,1523,0.1388
307,1215,1522,0.1388
304,1212,1516,0.1388
301,1211,1512,0.1388
304,1220,1524,0.1388
299,1210,1509,0.1388
299,1211,1510,0.1388
293,1215,1508,0.1388
295,1218,1513,0.1388
295,1217,1512,0.1388
298,1210,1508,0.1388
294,1216,1510,0.1388
291,1227,1518,0.1388
288,1225,1513,0.1388
294,1223,1517,0.1388
301,1222,1523,0.1388
303,1221,1524,0.1388
302,1221,1523,0.1388
292,1217,1509,0.1388
288,1233,1521,0.1388
280,1222,1502,0.1388
281,1222,1503,0.1388
282,1229,1511,0.1388
287,1226,1513,0.1388
286,1220,1506,0.1388
289,1225,1514,0.1388
289,1228,1517,0.1388
291,1218,1509,0.1388
295,1232,1527,0.1388
296,1232,1528,0.1388
295,1228,1523,0.1388
292,1236,1528,0.1388
294,1235,1529,0.1388
293,1228,1521,0.1388
294,1226,1520,0.1388
287,1229,1516,0.1388
287,1224,1511,0.1388
284,1226,1510,0.1388
281,1226,1507,0.1388
283,1227,1510,0.1388
281,1221,1502,0.1388
278,1232,1510,0.1388
281,1233,1514,0.1388
277,1248,1525,0.1388
277,1252,1529,0.1388
276,1234,1510,0.1388
280,1238,1518,0.1388
275,1241,1516,0.1388
274,1242,1516,0.1388
270,1244,1514,0.1388
278,1236,1514,0.1388
280,1242,1522,0.1388
280,1242,1522,0.1388
280,1236,1516,0.1388
283,1234,1517,0.1388
278,1234,1512,0.1388
279,1240,1519,0.1388
278,1240,1518,0.1388
280,1235,1515,0.1388
275,1230,1505,0.1388
277,1237,1514,0.1388
277,1238,1515,0.1388
275,1238,1513,0.1388
276,1233,1509,0.1388
275,1227,1502,0.1388
272,1226,1498,0.1388
273,1232,1505,0.1388
276,1240,1516,0.1388
272,1245,1517,0.1388
272,1240,1512,0.1388
266,1242,1508,0.1388
269,1242,1511,0.1388
270,1243,1513,0.1388
270,1237,1507,0.1388
257,1244,1501,0.1388
266,1241,1507,0.1388
263,1245,1508,0.1388
268,1263,1531,0.1388
271,1267,1538,0.1388
270,1261,1531,0.1388
267,1267,1534,0.1388
267,1262,1529,0.1388
265,1257,1522,0.1388
263,1248,1511,0.1388
261,1255,1516,0.1388
257,1270,1527,0.1388
257,1270,1527,0.1388
257,1269,1526,0.1388
259,1259,1518,0.1388
255,1250,1505,0.1388
248,1256,1504,0.1388
251,1254,1505,0.1388
249,1254,1503,0.1388
247,1252,1499,0.1388
246,1240,1486,0.1388
250,1251,1501,0.1388
251,1251,1502,0.1388
251,1266,1517,0.1388
257,1262,1519,0.1388
250,1265,1515,0.1388
238,1262,1500,0.1388
239,1272,1511,0.1388
238,1263,1501,0.1388
238,1267,1505,0.1388
235,1264,1499,0.1388
236,1253,1489,0.1388
238,1267,1505,0.1388
240,1279,1519,0.1388
238,1279,1517,0.1388
243,1282,1525,0.1388
233,1296,1529,0.1388
236,1296,1532,0.1388
239,1287,1526,0.1388
234,1276,1510,0.1388
228,1269,1497,0.1388
218,1267,1485,0.1388
221,1288,1509,0.1388
225,1289,1514,0.1388
224,1280,1504,0.1388
228,1279,1507,0.1388
234,1296,1530,0.1388
222,1295,1517,0.1388
221,1295,1516,0.1388
220,1299,1519,0.1388
220,1286,1506,0.1388
219,1283,1502,0.1388
223,1285,1508,0.1388
219,1286,1505,0.1388
215,1289,1504,0.1388
214,1298,1512,0.1388
210,1305,1515,0.1388
213,1292,1505,0.1388
213,1290,1503,0.1388
213,1298,1511,0.1388
212,1295,1507,0.1388
209,1284,1493,0.1388
210,1301,1511,0.1388
208,1296,1504,0.1388
210,1300,1510,0.1388
208,1305,1513,0.1388
208,1307,1515,0.1388
210,1314,1524,0.1388
206,1318,1524,0.1388
206,1321,1527,0.1388
206,1315,1521,0.1388
200,1320,1520,0.1388
195,1319,1514,0.1388
199,1313,1512,0.1388
196,1313,1509,0.1388
200,1312,1512,0.1388
198,1308,1506,0.1388
193,1322,1515,0.1388
193,1314,1507,0.1388
196,1313,1509,0.1388
196,1314,1510,0.1388
193,1324,1517,0.1388
195,1324,1519,0.1388
197,1320,1517,0.1388
197,1323,1520,0.1388
195,1331,1526,0.1388
196,1317,1513,0.1388
195,1333,1528,0.1388
197,1329,1526,0.1388
197,1319,1516,0.1388
198,1311,1509,0.1388
193,1322,1515,0.1388
195,1318,1513,0.1388
195,1324,1519,0.1388
193,1333,1526,0.1388
195,1324,1519,0.1388
197,1322,1519,0.1388
198,1324,1522,0.1388
197,1333,1530,0.1388
193,1315,1508,0.1388
193,1328,1521,0.1388
192,1337,1529,0.1388
193,1313,1506,0.1388
197,1316,1513,0.1388
196,1318,1514,0.1388
198,1316,1514,0.1388
195,1322,1517,0.1388
194,1326,1520,0.1388
196,1316,1512,0.1388
195,1315,1510,0.1388
200,1332,1532,0.1388
203,1330,1533,0.1388
194,1333,1527,0.1388
193,1326,1519,0.1388
191,1324,1515,0.1388
186,1318,1504,0.1388
183,1322,1505,0.1388
180,1330,1510,0.1388
180,1335,1515,0.1388
178,1324,1502,0.1388
184,1342,1526,0.1388
181,1346,1527,0.1388
182,1344,1526,0.1388
183,1340,1523,0.1388
176,1339,1515,0.1388
179,1334,1513,0.1388
180,1327,1507,0.1388
178,1322,1500,0.1388
182,1317,1499,0.1388
178,1321,1499,0.1388
180,1326,1506,0.1388
186,1342,1528,0.1388
188,1344,1532,0.1388
185,1337,1522,0.1388
186,1338,1524,0.1388
187,1334,1521,0.1388
188,1343,1531,0.1388
190,1341,1531,0.1388
188,1341,1529,0.1388
187,1332,1519,0.1388
185,1332,1517,0.1388
179,1334,1513,0.1388
180,1336,1516,0.1388
183,1326,1509,0.1388
183,1327,1510,0.1388
182,1324,1506,0.1388
182,1326,1508,0.1388
184,1331,1515,0.1388
188,1323,1511,0.1388
186,1335,1521,0.1388
186,1333,1519,0.1388
189,1337,1526,0.1388
183,1340,1523,0.1388
183,1343,1526,0.1388
183,1333,1516,0.1388
182,1331,1513,0.1388
181,1330,1511,0.1388
174,1334,1508,0.1388
178,1329,1507,0.1388
179,1330,1509,0.1388
182,1324,1506,0.1388
184,1335,1519,0.1388
178,1343,1521,0.1388
183,1335,1518,0.1388
180,1334,1514,0.1388
180,1327,1507,0.1388
178,1330,1508,0.1388
185,1337,1522,0.1388
186,1322,1508,0.1388
191,1313,1504,0.1388
191,1318,1509,0.1388
192,1319,1511,0.1388
190,1326,1516,0.1388
188,1342,1530,0.1388
193,1324,1517,0.1388
193,1326,1519,0.1388
195,1323,1518,0.1388
188,1333,1521,0.1388
187,1336,1523,0.1388
188,1321,1509,0.1388
187,1318,1505,0.1388
188,1310,1498,0.1388
188,1312,1500,0.1388
189,1322,1511,0.1388
184,1319,1503,0.1388
185,1321,1506,0.1388
188,1317,1505,0.1388
193,1318,1511,0.1388
197,1303,1500,0.1388
194,1303,1497,0.1388
195,1301,1496,0.1388
189,1314,1503,0.1388
186,1313,1499,0.1388
191,1316,1507,0.1388
189,1323,1512,0.1388
194,1319,1513,0.1388
195,1321,1516,0.1388
192,1323,1515,0.1388
188,1325,1513,0.1388
184,1319,1503,0.1388
185,1314,1499,0.1388
190,1312,1502,0.1388
191,1316,1507,0.1388
193,1320,1513,0.1388
192,1324,1516,0.1388
196,1320,1516,0.1388
196,1317,1513,0.1388
195,1319,1514,0.1388
196,1318,1514,0.1388
192,1315,1507,0.1388
191,1309,1500,0.1388
194,1304,1498,0.1388
190,1299,1489,0.1388
187,1306,1493,0.1388
190,1304,1494,0.1388
192,1308,1500,0.1388
190,1306,1496,0.1388
192,1297,1489,0.1388
189,1298,1487,0.1388
187,1303,1490,0.1388
187,1305,1492,0.1388
180,1313,1493,0.1388
182,1308,1490,0.1388
183,1322,1505,0.1388
186,1325,1511,0.1388
184,1331,1515,0.1388
183,1321,1504,0.1388
187,1329,1516,0.1388
182,1343,1525,0.1388
177,1333,1510,0.1388
175,1336,1511,0.1388
179,1324,1503,0.1388
180,1336,1516,0.1388
181,1332,1513,0.1388
182,1322,1504,0.1388
182,1330,1512,0.1388
182,1336,1518,0.1388
180,1323,1503,0.1388
180,1335,1515,0.1388
179,1334,1513,0.1388
180,1346,1526,0.1388
177,1339,1516,0.1388
176,1334,1510,0.1388
171,1331,1502,0.1388
171,1335,1506,0.1388
171,1328,1499,0.1388
175,1337,1512,0.1388
178,1334,1512,0.1388
179,1335,1514,0.1388
177,1336,1513,0.1388
171,1334,1505,0.1388
169,1328,1497,0.1388
173,1328,1501,0.1388
177,1338,1515,0.1388
174,1334,1508,0.1388
183,1336,1519,0.1388
177,1340,1517,0.1388
172,1332,1504,0.1388
171,1327,1498,0.1388
172,1328,1500,0.1388
174,1331,1505,0.1388
174,1346,1520,0.1388
178,1343,1521,0.1388
176,1347,1523,0.1388
173,1346,1519,0.1388
173,1335,1508,0.1388
167,1330,1497,0.1388
169,1333,1502,0.1388
171,1347,1518,0.1388
172,1352,1524,0.1388
176,1348,1524,0.1388
170,1340,1510,0.1388
168,1339,1507,0.1388
172,1349,1521,0.1388
168,1349,1517,0.1388
170,1345,1515,0.1388
168,1338,1506,0.1388
166,1344,1510,0.1388
164,1353,1517,0.1388
162,1354,1516,0.1388
161,1351,1512,0.1388
163,1351,1514,0.1388
159,1353,1512,0.1388
158,1345,1503,0.1388
160,1348,1508,0.1388
161,1354,1515,0.1388
159,1358,1517,0.1388
158,1371,1529,0.1388
156,1362,1518,0.1388
156,1366,1522,0.1388
158,1360,1518,0.1388
163,1351,1514,0.1388
166,1350,1516,0.1388
168,1344,1512,0.1388
167,1348,1515,0.1388
165,1342,1507,0.1388
166,1357,1523,0.1388
171,1359,1530,0.1388
167,1349,1516,0.1388
169,1346,1515,0.1388
167,1346,1513,0.1388
169,1356,1525,0.1388
168,1348,1516,0.1388
164,1364,1528,0.1388
166,1354,1520,0.1388
166,1363,1529,0.1388
169,1362,1531,0.1388
170,1356,1526,0.1388
169,1346,1515,0.1388
169,1341,1510,0.1388
170,1344,1514,0.1388
168,1357,1525,0.1388
167,1352,1519,0.1388
164,1363,1527,0.1388
162,1348,1510,0.1388
156,1351,1507,0.1388
161,1352,1513,0.1388
158,1345,1503,0.1388
156,1346,1502,0.1388
158,1350,1508,0.1388
158,1355,1513,0.1388
158,1352,1510,0.1388
165,1370,1535,0.1388
166,1376,1542,0.1388
165,1373,1538,0.1388
170,1377,1547,0.1388
167,1376,1543,0.1388
165,1357,1522,0.1388
160,1353,1513,0.1388
164,1349,1513,0.1388
160,1344,1504,0.1388
159,1331,1490,0.1388
161,1349,1510,0.1388
164,1348,1512,0.1388
163,1346,1509,0.1388
164,1342,1506,0.1388
166,1345,1511,0.1388
161,1352,1513,0.1388
159,1356,1515,0.1388
159,1361,1520,0.1388
155,1364,1519,0.1388
153,1366,1519,0.1388
152,1367,1519,0.1388
148,1360,1508,0.1388
149,1369,1518,0.1388
143,1355,1498,0.1388
137,1368,1505,0.1388
141,1367,1508,0.1388
143,1377,1520,0.1388
150,1369,1519,0.1388
148,1363,1511,0.1388
147,1348,1495,0.1388
141,1364,1505,0.1388
142,1364,1506,0.1388
145,1372,1517,0.1388
143,1370,1513,0.1388
143,1366,1509,0.1388
143,1373,1516,0.1388
139,1367,1506,0.1388
142,1367,1509,0.1388
141,1374,1515,0.1388
138,1379,1517,0.1388
135,1380,1515,0.1388
133,1377,1510,0.1388
133,1384,1517,0.1388
135,1379,1514,0.1388
140,1384,1524,0.1388
139,1384,1523,0.1388
139,1388,1527,0.1388
139,1374,1513,0.1388
136,1383,1519,0.1388
138,1378,1516,0.1388
139,1370,1509,0.1388
136,1378,1514,0.1388
134,1378,1512,0.1388
130,1374,1504,0.1388
130,1375,1505,0.1388
131,1377,1508,0.1388
131,1380,1511,0.1388
128,1380,1508,0.1388
128,1377,1505,0.1388
129,1388,1517,0.1388
133,1397,1530,0.1388
135,1379,1514,0.1388
138,1382,1520,0.1388
139,1390,1529,0.1388
137,1377,1514,0.1388
140,1373,1513,0.1388
138,1382,1520,0.1388
137,1385,1522,0.1388
138,1378,1516,0.1388
134,1375,1509,0.1388
136,1360,1496,0.1388
134,1376,1510,0.1388
131,1381,1512,0.1388
129,1378,1507,0.1388
134,1390,1524,0.1388
137,1388,1525,0.1388
140,1388,1528,0.1388
142,1370,1512,0.1388
139,1387,1526,0.1388
138,1375,1513,0.1388
134,1376,1510,0.1388
134,1375,1509,0.1388
135,1378,1513,0.1388
136,1385,1521,0.1388
136,1386,1522,0.1388
135,1390,1525,0.1388
136,1391,1527,0.1388
137,1381,1518,0.1388
136,1385,1521,0.1388
135,1376,1511,0.1388
134,1385,1519,0.1388
135,1399,1534,0.1388
135,1394,1529,0.1388
134,1384,1518,0.1388
133,1382,1515,0.1388
135,1384,1519,0.1388
138,1386,1524,0.1388
136,1385,1521,0.1388
136,1381,1517,0.1388
138,1377,1515,0.1388
141,1375,1516,0.1388
138,1383,1521,0.1388
136,1383,1519,0.1388
138,1370,1508,0.1388
138,1364,1502,0.1388
133,1371,1504,0.1388
135,1380,1515,0.1388
133,1374,1507,0.1388
133,1379,1512,0.1388
134,1380,1514,0.1388
132,1391,1523,0.1388
135,1385,1520,0.1388
135,1382,1517,0.1388
135,1366,1501,0.1388
138,1366,1504,0.1388
137,1371,1508,0.1388
136,1376,1512,0.1388
135,1377,1512,0.1388
137,1383,1520,0.1388
132,1380,1512,0.1388
130,1390,1520,0.1388
132,1380,1512,0.1388
128,1382,1510,0.1388
122,1387,1509,0.1388
122,1387,1509,0.1388
121,1390,1511,0.1388
122,1384,1506,0.1388
121,1391,1512,0.1388
121,1395,1516,0.1388
118,1406,1524,0.1388
119,1402,1521,0.1388
119,1406,1525,0.1388
121,1394,1515,0.1388
122,1377,1499,0.1388
123,1373,1496,0.1388
121,1378,1499,0.1388
121,1390,1511,0.1388
119,1389,1508,0.1388
120,1389,1509,0.1388
115,1386,1501,0.1388
114,1395,1509,0.1388
115,1391,1506,0.1388
115,1394,1509,0.1388
113,1401,1514,0.1388
108,1394,1502,0.1388
111,1401,1512,0.1388
110,1414,1524,0.1388
115,1408,1523,0.1388
116,1403,1519,0.1388
115,1399,1514,0.1388
118,1407,1525,0.1388
118,1406,1524,0.1388
116,1408,1524,0.1388
120,1399,1519,0.1388
119,1412,1531,0.1388
117,1409,1526,0.1388
120,1403,1523,0.1388
120,1393,1513,0.1388
113,1391,1504,0.1388
111,1393,1504,0.1388
113,1408,1521,0.1388
114,1416,1530,0.1388
115,1414,1529,0.1388
114,1412,1526,0.1388
113,1412,1525,0.1388
111,1411,1522,0.1388
110,1410,1520,0.1388
115,1404,1519,0.1388
116,1409,1525,0.1388
114,1407,1521,0.1388
120,1391,1511,0.1388
124,1392,1516,0.1388
123,1399,1522,0.1388
121,1396,1517,0.1388
121,1397,1518,0.1388
120,1398,1518,0.1388
118,1407,1525,0.1388
113,1401,1514,0.1388
118,1390,1508,0.1388
115,1395,1510,0.1388
115,1403,1518,0.1388
116,1402,1518,0.1388
116,1410,1526,0.1388
114,1403,1517,0.1388
110,1389,1499,0.1388
114,1399,1513,0.1388
115,1397,1512,0.1388
110,1404,1514,0.1388
109,1415,1524,0.1388
109,1410,1519,0.1388
109,1417,1526,0.1388
110,1407,1517,0.1388
110,1401,1511,0.1388
110,1401,1511,0.1388
112,1408,1520,0.1388
112,1410,1522,0.1388
113,1408,1521,0.1388
112,1421,1533,0.1388
112,1414,1526,0.1388
110,1404,1514,0.1388
109,1393,1502,0.1388
109,1396,1505,0.1388
112,1408,1520,0.1388
113,1404,1517,0.1388
110,1388,1498,0.1388
108,1411,1519,0.1388
108,1405,1513,0.1388
106,1405,1511,0.1388
107,1410,1517,0.1388
113,1409,1522,0.1388
112,1406,1518,0.1388
110,1412,1522,0.1388
113,1410,1523,0.1388
110,1390,1500,0.1388
108,1411,1519,0.1388
109,1421,1530,0.1388
110,1424,1534,0.1388
106,1416,1522,0.1388
106,1406,1512,0.1388
105,1404,1509,0.1388
103,1410,1513,0.1388
105,1412,1517,0.1388
104,1423,1527,0.1388
107,1417,1524,0.1388
108,1399,1507,0.1388
105,1404,1509,0.1388
105,1403,1508,0.1388
106,1431,1537,0.1388
106,1418,1524,0.1388
105,1417,1522,0.1388
101,1420,1521,0.1388
101,1412,1513,0.1388
103,1400,1503,0.1388
103,1404,1507,0.1388
102,1414,1516,0.1388
100,1408,1508,0.1388
100,1410,1510,0.1388
101,1423,1524,0.1388
102,1434,1536,0.1388
101,1421,1522,0.1388
100,1425,1525,0.1388
99,1425,1524,0.1388
101,1416,1517,0.1388
100,1412,1512,0.1388
100,1404,1504,0.1388
102,1410,1512,0.1388
100,1413,1513,0.1388
101,1410,1511,0.1388
102,1414,1516,0.1388
101,1417,1518,0.1388
99,1411,1510,0.1388
96,1420,1516,0.1388
100,1402,1502,0.1388
100,1414,1514,0.1388
101,1422,1523,0.1388
100,1430,1530,0.1388
97,1433,1530,0.1388
94,1428,1522,0.1388
95,1441,1536,0.1388
97,1428,1525,0.1388
95,1424,1519,0.1388
95,1414,1509,0.1388
92,1413,1505,0.1388
94,1412,1506,0.1388
92,1428,1520,0.1388
93,1432,1525,0.1388
90,1433,1523,0.1388
89,1419,1508,0.1388
91,1427,1518,0.1388
90,1423,1513,0.1388
89,1434,1523,0.1388
88,1429,1517,0.1388
87,1412,1499,0.1388
87,1428,1515,0.1388
88,1428,1516,0.1388
88,1422,1510,0.1388
90,1430,1520,0.1388
87,1421,1508,0.1388
86,1432,1518,0.1388
87,1423,1510,0.1388
86,1428,1514,0.1388
88,1429,1517,0.1388
90,1419,1509,0.1388
89,1414,1503,0.1388
88,1423,1511,0.1388
86,1426,1512,0.1388
82,1438,1520,0.1388
84,1434,1518,0.1388
83,1441,1524,0.1388
82,1431,1513,0.1388
84,1428,1512,0.1388
85,1430,1515,0.1388
80,1415,1495,0.1388
84,1418,1502,0.1388
83,1407,1490,0.1388
84,1412,1496,0.1388
85,1405,1490,0.1388
84,1415,1499,0.1388
85,1429,1514,0.1388
86,1431,1517,0.1388
86,1445,1531,0.1388
88,1434,1522,0.1388
88,1426,1514,0.1388
81,1424,1505,0.1388
80,1431,1511,0.1388
81,1405,1486,0.1388
82,1416,1498,0.1388
86,1426,1512,0.1388
85,1433,1518,0.1388
86,1416,1502,0.1388
88,1425,1513,0.1388
86,1421,1507,0.1388
87,1422,1509,0.1388
88,1443,1531,0.1388
89,1434,1523,0.1388
90,1432,1522,0.1388
91,1433,1524,0.1388
90,1420,1510,0.1388
88,1433,1521,0.1388
86,1432,1518,0.1388
85,1439,1524,0.1388
84,1434,1518,0.1388
81,1437,1518,0.1388
79,1446,1525,0.1388
78,1437,1515,0.1388
78,1414,1492,0.1388
78,1417,1495,0.1388
78,1419,1497,0.1388
78,1429,1507,0.1388
80,1420,1500,0.1388
78,1415,1493,0.1388
78,1416,1494,0.1388
74,1419,1493,0.1388
76,1427,1503,0.1388
76,1438,1514,0.1388
76,1442,1518,0.1388
77,1450,1527,0.1388
79,1443,1522,0.1388
76,1450,1526,0.1388
74,1449,1523,0.1388
75,1447,1522,0.1388
74,1446,1520,0.1388
78,1439,1517,0.1388
79,1436,1515,0.1388
79,1442,1521,0.1388
80,1449,1529,0.1388
82,1450,1532,0.1388
83,1447,1530,0.1388
82,1439,1521,0.1388
79,1440,1519,0.1388
78,1455,1533,0.1388
79,1448,1527,0.1388
80,1440,1520,0.1388
83,1432,1515,0.1388
83,1437,1520,0.1388
81,1429,1510,0.1388
80,1431,1511,0.1388
79,1435,1514,0.1388
83,1439,1522,0.1388
88,1439,1527,0.1388
87,1439,1526,0.1388
85,1433,1518,0.1388
81,1438,1519,0.1388
80,1454,1534,0.1388
81,1427,1508,0.1388
80,1422,1502,0.1388
83,1428,1511,0.1388
80,1429,1509,0.1388
83,1421,1504,0.1388
83,1436,1519,0.1388
82,1435,1517,0.1388
80,1427,1507,0.1388
77,1426,1503,0.1388
77,1438,1515,0.1388
79,1423,1502,0.1388
77,1424,1501,0.1388
76,1418,1494,0.1388
76,1442,1518,0.1388
77,1438,1515,0.1388
77,1434,1511,0.1388
79,1431,1510,0.1388
75,1439,1514,0.1388
74,1438,1512,0.1388
74,1442,1516,0.1388
72,1452,1524,0.1388
69,1442,1511,0.1388
70,1450,1520,0.1388
69,1451,1520,0.1388
69,1446,1515,0.1388
69,1447,1516,0.1388
67,1441,1508,0.1388
65,1432,1497,0.1388
64,1429,1493,0.1388
62,1431,1493,0.1388
62,1443,1505,0.1388
61,1447,1508,0.1388
63,1444,1507,0.1388
64,1442,1506,0.1388
66,1446,1512,0.1388
67,1447,1514,0.1388
64,1448,1512,0.1388
64,1452,1516,0.1388
60,1444,1504,0.1388
60,1461,1521,0.1388
61,1461,1522,0.1388
64,1445,1509,0.1388
64,1450,1514,0.1388
64,1448,1512,0.1388
64,1458,1522,0.1388
63,1462,1525,0.1388
64,1457,1521,0.1388
64,1461,1525,0.1388
63,1465,1528,0.1388
61,1469,1530,0.1388
61,1456,1517,0.1388
62,1450,1512,0.1388
62,1458,1520,0.1388
60,1450,1510,0.1388
62,1446,1508,0.1388
63,1454,1517,0.1388
60,1453,1513,0.1388
61,1448,1509,0.1388
62,1449,1511,0.1388
63,1450,1513,0.1388
58,1454,1512,0.1388
58,1452,1510,0.1388
56,1455,1511,0.1388
58,1461,1519,0.1388
60,1463,1523,0.1388
57,1466,1523,0.1388
56,1464,1520,0.1388
57,1463,1520,0.1388
57,1456,1513,0.1388
58,1462,1520,0.1388
59,1463,1522,0.1388
59,1454,1513,0.1388
59,1442,1501,0.1388
60,1445,1505,0.1388
62,1441,1503,0.1388
59,1438,1497,0.1388
59,1441,1500,0.1388
57,1452,1509,0.1388
56,1456,1512,0.1388
55,1456,1511,0.1388
56,1463,1519,0.1388
56,1467,1523,0.1388
53,1455,1508,0.1388
54,1454,1508,0.1388
55,1454,1509,0.1388
51,1455,1506,0.1388
52,1451,1503,0.1388
54,1455,1509,0.1388
55,1444,1499,0.1388
53,1455,1508,0.1388
53,1440,1493,0.1388
53,1441,1494,0.1388
55,1446,1501,0.1388
55,1442,1497,0.1388
53,1444,1497,0.1388
53,1449,1502,0.1388
51,1453,1504,0.1388
56,1454,1510,0.1388
55,1443,1498,0.1388
53,1448,1501,0.1388
54,1436,1490,0.1388
56,1439,1495,0.1388
54,1456,1510,0.1388
52,1461,1513,0.1388
51,1461,1512,0.1388
50,1460,1510,0.1388
51,1462,1513,0.1388
50,1456,1506,0.1388
49,1459,1508,0.1388
48,1452,1500,0.1388
48,1463,1511,0.1388
48,1464,1512,0.1388
48,1464,1512,0.1388
50,1469,1519,0.1388
50,1469,1519,0.1388
51,1471,1522,0.1388
51,1467,1518,0.1388
49,1468,1517,0.1388
47,1465,1512,0.1388
47,1466,1513,0.1388
47,1468,1515,0.1388
44,1479,1523,0.1388
43,1482,1525,0.1388
40,1481,1521,0.1388
40,1478,1518,0.1388
38,1472,1510,0.1388
39,1481,1520,0.1388
38,1485,1523,0.1388
39,1481,1520,0.1388
40,1475,1515,0.1388
40,1465,1505,0.1388
40,1477,1517,0.1388
39,1477,1516,0.1388
38,1470,1508,0.1388
39,1468,1507,0.1388
40,1475,1515,0.1388
40,1474,1514,0.1388
42,1476,1518,0.1388
43,1484,1527,0.1388
41,1488,1529,0.1388
41,1482,1523,0.1388
43,1477,1520,0.1388
44,1471,1515,0.1388
43,1470,1513,0.1388
40,1472,1512,0.1388
39,1474,1513,0.1388
40,1490,1530,0.1388
37,1486,1523,0.1388
36,1483,1519,0.1388
36,1480,1516,0.1388
37,1478,1515,0.1388
38,1477,1515,0.1388
38,1482,1520,0.1388
39,1469,1508,0.1388
39,1482,1521,0.1388
38,1471,1509,0.1388
38,1474,1512,0.1388
39,1464,1503,0.1388
39,1470,1509,0.1388
39,1472,1511,0.1388
38,1472,1510,0.1388
36,1476,1512,0.1388
37,1469,1506,0.1388
36,1478,1514,0.1388
35,1479,1514,0.1388
34,1477,1511,0.1388
31,1466,1497,0.1388
30,1460,1490,0.1388
30,1476,1506,0.1388
29,1476,1505,0.1388
27,1482,1509,0.1388
27,1483,1510,0.1388
29,1477,1506,0.1388
30,1486,1516,0.1388
31,1484,1515,0.1388
33,1492,1525,0.1388
29,1492,1521,0.1388
27,1487,1514,0.1388
27,1481,1508,0.1388
26,1482,1508,0.1388
28,1483,1511,0.1388
29,1479,1508,0.1388
29,1473,1502,0.1388
29,1474,1503,0.1388
29,1473,1502,0.1388
29,1457,1486,0.1388
29,1466,1495,0.1388
29,1480,1509,0.1388
29,1486,1515,0.1388
29,1482,1511,0.1388
26,1484,1510,0.1388
26,1503,1529,0.1388
27,1494,1521,0.1388
27,1491,1518,0.1388
28,1489,1517,0.1388
27,1485,1512,0.1388
27,1478,1505,0.1388
27,1486,1513,0.1388
27,1498,1525,0.1388
28,1490,1518,0.1388
27,1485,1512,0.1388
25,1484,1509,0.1388
25,1486,1511,0.1388
24,1513,1537,0.1388
23,1501,1524,0.1388
20,1503,1523,0.1388
18,1503,1521,0.1388
18,1501,1519,0.1388
18,1495,1513,0.1388
18,1482,1500,0.1388
20,1489,1509,0.1388
20,1489,1509,0.1388
19,1485,1504,0.1388
19,1486,1505,0.1388
20,1499,1519,0.1388
21,1503,1524,0.1388
22,1505,1527,0.1388
23,1497,1520,0.1388
23,1504,1527,0.1388
23,1503,1526,0.1388
23,1483,1506,0.1388
24,1493,1517,0.1388
24,1499,1523,0.1388
24,1489,1513,0.1388
25,1488,1513,0.1388
26,1492,1518,0.1388
26,1499,1525,0.1388
24,1497,1521,0.1388
22,1484,1506,0.1388
23,1491,1514,0.1388
22,1487,1509,0.1388
23,1469,1492,0.1388
22,1483,1505,0.1388
22,1487,1509,0.1388
22,1509,1531,0.1388
23,1506,1529,0.1388
23,1495,1518,0.1388
23,1494,1517,0.1388
23,1491,1514,0.1388
23,1496,1519,0.1388
23,1494,1517,0.1388
24,1513,1537,0.1388
23,1500,1523,0.1388
21,1507,1528,0.1388
21,1497,1518,0.1388
21,1505,1526,0.1388
20,1502,1522,0.1388
21,1505,1526,0.1388
20,1514,1534,0.1388
20,1504,1524,0.1388
19,1496,1515,0.1388
18,1492,1510,0.1388
17,1486,1503,0.1388
18,1492,1510,0.1388
18,1486,1504,0.1388
18,1497,1515,0.1388
18,1508,1526,0.1388
18,1513,1531,0.1388
17,1497,1514,0.1388
16,1491,1507,0.1388
16,1505,1521,0.1388
16,1498,1514,0.1388
17,1490,1507,0.1388
17,1493,1510,0.1388
18,1487,1505,0.1388
18,1489,1507,0.1388
18,1492,1510,0.1388
17,1488,1505,0.1388
17,1500,1517,0.1388
18,1502,1520,0.1388
18,1496,1514,0.1388
17,1510,1527,0.1388
16,1507,1523,0.1388
16,1508,1524,0.1388
16,1501,1517,0.1388
16,1484,1500,0.1388
16,1505,1521,0.1388
15,1499,1514,0.1388
15,1505,1520,0.1388
14,1502,1516,0.1388
14,1500,1514,0.1388
14,1497,1511,0.1388
14,1510,1524,0.1388
13,1517,1530,0.1388
13,1509,1522,0.1388
14,1500,1514,0.1388
13,1510,1523,0.1388
12,1509,1521,0.1388
12,1511,1523,0.1388
12,1513,1525,0.1388
14,1517,1531,0.1388
14,1507,1521,0.1388
15,1506,1521,0.1388
15,1509,1524,0.1388
15,1507,1522,0.1388
16,1513,1529,0.1388
14,1506,1520,0.1388
15,1504,1519,0.1388
15,1497,1512,0.1388
15,1497,1512,0.1388
16,1491,1507,0.1388
16,1500,1516,0.1388
16,1497,1513,0.1388
16,1496,1512,0.1388
16,1489,1505,0.1388
16,1481,1497,0.1388
16,1491,1507,0.1388
16,1498,1514,0.1388
16,1501,1517,0.1388
16,1502,1518,0.1388
17,1483,1500,0.1388
16,1503,1519,0.1388
18,1509,1527,0.1388
17,1518,1535,0.1388
17,1519,1536,0.1388
18,1500,1518,0.1388
20,1493,1513,0.1388
19,1507,1526,0.1388
19,1504,1523,0.1388
20,1503,1523,0.1388
20,1495,1515,0.1388
21,1500,1521,0.1388
21,1496,1517,0.1388
21,1489,1510,0.1388
20,1503,1523,0.1388
20,1513,1533,0.1388
18,1499,1517,0.1388
18,1484,1502,0.1388
17,1482,1499,0.1388
17,1495,1512,0.1388
18,1504,1522,0.1388
18,1506,1524,0.1388
18,1511,1529,0.1388
18,1516,1534,0.1388
18,1518,1536,0.1388
19,1514,1533,0.1388
19,1514,1533,0.1388
17,1501,1518,0.1388
17,1492,1509,0.1388
16,1492,1508,0.1388
17,1494,1511,0.1388
16,1493,1509,0.1388
15,1509,1524,0.1388
15,1510,1525,0.1388
15,1513,1528,0.1388
15,1506,1521,0.1388
14,1508,1522,0.1388
14,1503,1517,0.1388
12,1499,1511,0.1388
13,1497,1510,0.1388
13,1501,1514,0.1388
13,1507,1520,0.1388
13,1505,1518,0.1388
13,1494,1507,0.1388
13,1493,1506,0.1388
11,1499,1510,0.1388
10,1494,1504,0.1388
11,1499,1510,0.1388
11,1496,1507,0.1388
11,1493,1504,0.1388
11,1495,1506,0.1388
10,1504,1514,0.1388
10,1512,1522,0.1388
9,1515,1524,0.1388
9,1515,1524,0.1388
9,1514,1523,0.1388
8,1527,1535,0.1388
7,1524,1531,0.1388
7,1527,1534,0.1388
6,1515,1521,0.1388
6,1518,1524,0.1388
6,1523,1529,0.1388
6,1526,1532,0.1388
6,1525,1531,0.1388
6,1512,1518,0.1388
6,1502,1508,0.1388
6,1508,1514,0.1388
6,1523,1529,0.1388
6,1516,1522,0.1388
6,1515,1521,0.1388
6,1504,1510,0.1388
6,1506,1512,0.1388
5,1498,1503,0.1388
5,1523,1528,0.1388
5,1516,1521,0.1388
5,1506,1511,0.1388
5,1509,1514,0.1388
5,1507,1512,0.1388
5,1510,1515,0.1388
5,1501,1506,0.1388
5,1505,1510,0.1388
6,1500,1506,0.1388
4,1491,1495,0.1388
3,1508,1511,0.1388
3,1501,1504,0.1388
3,1492,1495,0.1388
3,1508,1511,0.1388
3,1506,1509,0.1388
3,1515,1518,0.1388
3,1524,1527,0.1388
3,1526,1529,0.1388
3,1527,1530,0.1388
3,1520,1523,0.1388
3,1511,1514,0.1388
3,1511,1514,0.1388
3,1510,1513,0.1388
3,1505,1508,0.1388
3,1507,1510,0.1388
3,1498,1501,0.1388
3,1515,1518,0.1388
3,1513,1516,0.1388
3,1515,1518,0.1388
3,1520,1523,0.1388
3,1511,1514,0.1388
3,1509,1512,0.1388
3,1508,1511,0.1388
3,1503,1506,0.1388
3,1521,1524,0.1388
3,1528,1531,0.1388
3,1509,1512,0.1388
3,1513,1516,0.1388
3,1513,1516,0.1388
4,1525,1529,0.1388
4,1516,1520,0.1388
4,1497,1501,0.1388
4,1507,1511,0.1388
4,1521,1525,0.1388
3,1522,1525,0.1388
3,1525,1528,0.1388
3,1516,1519,0.1388
2,1514,1516,0.1388
2,1508,1510,0.1388
2,1508,1510,0.1388
2,1513,1515,0.1388
2,1516,1518,0.1388
2,1496,1498,0.1388
2,1499,1501,0.1388
2,1500,1502,0.1388
2,1496,1498,0.1388
2,1514,1516,0.1388
2,1512,1514,0.1388
2,1506,1508,0.1388
2,1496,1498,0.1388
2,1507,1509,0.1388
2,1518,1520,0.1388
1,1514,1515,0.1388
1,1510,1511,0.1388
1,1500,1501,0.1388
1,1513,1514,0.1388
1,1529,1530,0.1388
1,1522,1523,0.1388
0,1506,1506,0.1388
