1361,27,1388,0.1388
1386,27,1413,0.1388
1414,28,1442,0.1388
1435,27,1462,0.1388
1441,30,1471,0.1388
1450,32,1482,0.1388
1461,34,1495,0.1388
1457,35,1492,0.1388
1464,36,1500,0.1388
1454,37,1491,0.1388
1450,37,1487,0.1388
1458,38,1496,0.1388
1456,39,1495,0.1388
1457,38,1495,0.1388
1447,40,1487,0.1388
1440,38,1478,0.1388
1450,40,1490,0.1388
1457,38,1495,0.1388
1465,40,1505,0.1388
1470,42,1512,0.1388
1460,43,1503,0.1388
1447,44,1491,0.1388
1434,45,1479,0.1388
1455,44,1499,0.1388
1432,41,1473,0.1388
1435,38,1473,0.1388
1447,38,1485,0.1388
1450,40,1490,0.1388
1445,39,1484,0.1388
1442,40,1482,0.1388
1439,43,1482,0.1388
1452,42,1494,0.1388
1454,42,1496,0.1388
1463,42,1505,0.1388
1463,41,1504,0.1388
1464,41,1505,0.1388
1454,39,1493,0.1388
1460,43,1503,0.1388
1456,43,1499,0.1388
1462,45,1507,0.1388
1439,45,1484,0.1388
1426,46,1472,0.1388
1441,46,1487,0.1388
1431,48,1479,0.1388
1435,48,1483,0.1388
1435,47,1482,0.1388
1450,48,1498,0.1388
1453,49,1502,0.1388
1450,51,1501,0.1388
1454,52,1506,0.1388
1437,53,1490,0.1388
1445,53,1498,0.1388
1436,53,1489,0.1388
1431,55,1486,0.1388
1440,55,1495,0.1388
1438,57,1495,0.1388
1439,56,1495,0.1388
1446,54,1500,0.1388
1444,55,1499,0.1388
1431,55,1486,0.1388
1431,56,1487,0.1388
1434,58,1492,0.1388
1426,60,1486,0.1388
1422,58,1480,0.1388
1416,60,1476,0.1388
1417,56,1473,0.1388
1418,57,1475,0.1388
1411,61,1472,0.1388
1417,62,1479,0.1388
1415,61,1476,0.1388
1426,60,1486,0.1388
1427,59,1486,0.1388
1424,62,1486,0.1388
1433,62,1495,0.1388
1429,58,1487,0.1388
1438,58,1496,0.1388
1422,59,1481,0.1388
1421,58,1479,0.1388
1424,60,1484,0.1388
1446,62,1508,0.1388
1454,65,1519,0.1388
1438,64,1502,0.1388
1423,62,1485,0.1388
1423,64,1487,0.1388
1428,63,1491,0.1388
1433,66,1499,0.1388
1415,68,1483,0.1388
1434,67,1501,0.1388
1435,66,1501,0.1388
1437,65,1502,0.1388
1432,66,1498,0.1388
1430,66,1496,0.1388
1428,67,1495,0.1388
1428,67,1495,0.1388
1421,67,1488,0.1388
1427,67,1494,0.1388
1416,70,1486,0.1388
1409,74,1483,0.1388
1411,77,1488,0.1388
1402,75,1477,0.1388
1402,79,1481,0.1388
1410,78,1488,0.1388
1420,80,1500,0.1388
1412,78,1490,0.1388
1432,78,1510,0.1388
1434,77,1511,0.1388
1433,77,1510,0.1388
1436,76,1512,0.1388
1427,78,1505,0.1388
1421,78,1499,0.1388
1414,79,1493,0.1388
1422,81,1503,0.1388
1433,82,1515,0.1388
1428,84,1512,0.1388
1424,83,1507,0.1388
1432,88,1520,0.1388
1424,86,1510,0.1388
1419,85,1504,0.1388
1406,85,1491,0.1388
1396,84,1480,0.1388
1402,85,1487,0.1388
1396,87,1483,0.1388
1413,86,1499,0.1388
1407,83,1490,0.1388
1397,84,1481,0.1388
1407,82,1489,0.1388
1407,82,1489,0.1388
1424,85,1509,0.1388
1409,82,1491,0.1388
1417,84,1501,0.1388
1412,86,1498,0.1388
1409,85,1494,0.1388
1405,86,1491,0.1388
1415,87,1502,0.1388
1411,86,1497,0.1388
1404,83,1487,0.1388
1403,84,1487,0.1388
1406,86,1492,0.1388
1416,87,1503,0.1388
1409,88,1497,0.1388
1416,90,1506,0.1388
1408,91,1499,0.1388
1407,91,1498,0.1388
1403,91,1494,0.1388
1400,91,1491,0.1388
1405,91,1496,0.1388
1401,93,1494,0.1388
1403,92,1495,0.1388
1397,96,1493,0.1388
1391,99,1490,0.1388
1388,95,1483,0.1388
1381,96,1477,0.1388
1379,97,1476,0.1388
1396,99,1495,0.1388
1400,99,1499,0.1388
1390,100,1490,0.1388
1388,98,1486,0.1388
1391,99,1490,0.1388
1387,98,1485,0.1388
1401,102,1503,0.1388
1389,104,1493,0.1388
1400,100,1500,0.1388
1404,97,1501,0.1388
1387,100,1487,0.1388
1392,100,1492,0.1388
1397,101,1498,0.1388
1395,105,1500,0.1388
1388,105,1493,0.1388
1392,106,1498,0.1388
1387,103,1490,0.1388
1397,102,1499,0.1388
1392,100,1492,0.1388
1386,102,1488,0.1388
1379,105,1484,0.1388
1392,105,1497,0.1388
1386,105,1491,0.1388
1386,105,1491,0.1388
1390,106,1496,0.1388
1388,108,1496,0.1388
1384,109,1493,0.1388
1390,110,1500,0.1388
1387,111,1498,0.1388
1390,110,1500,0.1388
1388,111,1499,0.1388
1389,113,1502,0.1388
1400,112,1512,0.1388
1393,111,1504,0.1388
1385,110,1495,0.1388
1392,111,1503,0.1388
1386,111,1497,0.1388
1397,111,1508,0.1388
1409,109,1518,0.1388
1406,110,1516,0.1388
1408,113,1521,0.1388
1402,111,1513,0.1388
1383,112,1495,0.1388
1370,116,1486,0.1388
1373,116,1489,0.1388
1377,119,1496,0.1388
1377,120,1497,0.1388
1380,120,1500,0.1388
1378,119,1497,0.1388
1374,121,1495,0.1388
1370,123,1493,0.1388
1380,123,1503,0.1388
1377,122,1499,0.1388
1372,119,1491,0.1388
1377,117,1494,0.1388
1372,115,1487,0.1388
1373,119,1492,0.1388
1360,119,1479,0.1388
1366,119,1485,0.1388
1357,116,1473,0.1388
1370,118,1488,0.1388
1380,115,1495,0.1388
1390,112,1502,0.1388
1398,114,1512,0.1388
1385,113,1498,0.1388
1394,112,1506,0.1388
1384,109,1493,0.1388
1376,110,1486,0.1388
1376,110,1486,0.1388
1369,116,1485,0.1388
1370,121,1491,0.1388
1381,117,1498,0.1388
1381,120,1501,0.1388
1386,120,1506,0.1388
1381,123,1504,0.1388
1377,122,1499,0.1388
1385,123,1508,0.1388
1378,125,1503,0.1388
1373,128,1501,0.1388
1393,125,1518,0.1388
1402,122,1524,0.1388
1395,124,1519,0.1388
1379,125,1504,0.1388
1365,128,1493,0.1388
1371,130,1501,0.1388
1378,130,1508,0.1388
1368,132,1500,0.1388
1362,129,1491,0.1388
1361,129,1490,0.1388
1351,127,1478,0.1388
1351,129,1480,0.1388
1347,130,1477,0.1388
1359,130,1489,0.1388
1360,130,1490,0.1388
1371,128,1499,0.1388
1357,131,1488,0.1388
1358,131,1489,0.1388
1355,129,1484,0.1388
1355,134,1489,0.1388
1360,136,1496,0.1388
1364,135,1499,0.1388
1358,134,1492,0.1388
1362,135,1497,0.1388
1365,133,1498,0.1388
1350,135,1485,0.1388
1350,134,1484,0.1388
1363,129,1492,0.1388
1353,134,1487,0.1388
1347,132,1479,0.1388
1337,131,1468,0.1388
1345,133,1478,0.1388
1354,132,1486,0.1388
1357,136,1493,0.1388
1352,140,1492,0.1388
1352,135,1487,0.1388
1357,135,1492,0.1388
1351,137,1488,0.1388
1360,136,1496,0.1388
1370,139,1509,0.1388
1358,141,1499,0.1388
1361,142,1503,0.1388
1357,142,1499,0.1388
1364,143,1507,0.1388
1356,142,1498,0.1388
1357,141,1498,0.1388
1355,139,1494,0.1388
1342,143,1485,0.1388
1333,144,1477,0.1388
1346,150,1496,0.1388
1348,149,1497,0.1388
1351,150,1501,0.1388
1354,147,1501,0.1388
1336,147,1483,0.1388
1349,148,1497,0.1388
1356,147,1503,0.1388
1349,149,1498,0.1388
1349,152,1501,0.1388
1346,154,1500,0.1388
1354,155,1509,0.1388
1343,159,1502,0.1388
1323,160,1483,0.1388
1320,161,1481,0.1388
1316,162,1478,0.1388
1326,164,1490,0.1388
1336,163,1499,0.1388
1339,166,1505,0.1388
1338,167,1505,0.1388
1332,169,1501,0.1388
1334,169,1503,0.1388
1338,173,1511,0.1388
1330,173,1503,0.1388
1331,176,1507,0.1388
1333,176,1509,0.1388
1316,175,1491,0.1388
1316,174,1490,0.1388
1324,169,1493,0.1388
1337,168,1505,0.1388
1349,172,1521,0.1388
1345,171,1516,0.1388
1338,167,1505,0.1388
1335,169,1504,0.1388
1330,168,1498,0.1388
1340,170,1510,0.1388
1335,177,1512,0.1388
1335,178,1513,0.1388
1328,179,1507,0.1388
1321,178,1499,0.1388
1319,179,1498,0.1388
1326,180,1506,0.1388
1319,179,1498,0.1388
1319,181,1500,0.1388
1313,178,1491,0.1388
1305,179,1484,0.1388
1311,178,1489,0.1388
1290,182,1472,0.1388
1309,183,1492,0.1388
1305,183,1488,0.1388
1296,186,1482,0.1388
1306,186,1492,0.1388
1307,187,1494,0.1388
1319,188,1507,0.1388
1314,184,1498,0.1388
1320,182,1502,0.1388
1320,186,1506,0.1388
1325,184,1509,0.1388
1320,183,1503,0.1388
1320,183,1503,0.1388
1312,184,1496,0.1388
1305,184,1489,0.1388
1307,186,1493,0.1388
1306,187,1493,0.1388
1300,190,1490,0.1388
1306,187,1493,0.1388
1317,184,1501,0.1388
1321,183,1504,0.1388
1330,185,1515,0.1388
1324,186,1510,0.1388
1323,185,1508,0.1388
1317,183,1500,0.1388
1318,185,1503,0.1388
1313,183,1496,0.1388
1311,184,1495,0.1388
1296,182,1478,0.1388
1302,184,1486,0.1388
1309,186,1495,0.1388
1306,185,1491,0.1388
1308,185,1493,0.1388
1314,189,1503,0.1388
1310,192,1502,0.1388
1308,188,1496,0.1388
1306,191,1497,0.1388
1305,189,1494,0.1388
1309,195,1504,0.1388
1306,192,1498,0.1388
1309,192,1501,0.1388
1321,190,1511,0.1388
1311,189,1500,0.1388
1311,193,1504,0.1388
1313,196,1509,0.1388
1318,195,1513,0.1388
1305,197,1502,0.1388
1284,196,1480,0.1388
1282,198,1480,0.1388
1286,197,1483,0.1388
1278,197,1475,0.1388
1295,199,1494,0.1388
1300,202,1502,0.1388
1299,198,1497,0.1388
1288,199,1487,0.1388
1284,197,1481,0.1388
1278,194,1472,0.1388
1268,194,1462,0.1388
1277,193,1470,0.1388
1279,195,1474,0.1388
1291,197,1488,0.1388
1296,196,1492,0.1388
1295,194,1489,0.1388
1294,196,1490,0.1388
1303,198,1501,0.1388
1295,195,1490,0.1388
1289,201,1490,0.1388
1287,197,1484,0.1388
1303,196,1499,0.1388
1298,192,1490,0.1388
1299,187,1486,0.1388
1307,193,1500,0.1388
1300,200,1500,0.1388
1298,199,1497,0.1388
1317,198,1515,0.1388
1306,196,1502,0.1388
1299,196,1495,0.1388
1290,201,1491,0.1388
1308,197,1505,0.1388
1288,200,1488,0.1388
1284,201,1485,0.1388
1291,198,1489,0.1388
1302,195,1497,0.1388
1301,196,1497,0.1388
1302,200,1502,0.1388
1300,203,1503,0.1388
1279,204,1483,0.1388
1283,209,1492,0.1388
1268,208,1476,0.1388
1290,211,1501,0.1388
1285,217,1502,0.1388
1279,218,1497,0.1388
1275,219,1494,0.1388
1270,220,1490,0.1388
1286,225,1511,0.1388
1286,225,1511,0.1388
1278,224,1502,0.1388
1267,228,1495,0.1388
1273,229,1502,0.1388
1249,231,1480,0.1388
1254,236,1490,0.1388
1270,236,1506,0.1388
1273,233,1506,0.1388
1277,233,1510,0.1388
1283,232,1515,0.1388
1274,236,1510,0.1388
1271,234,1505,0.1388
1259,242,1501,0.1388
1275,241,1516,0.1388
1267,244,1511,0.1388
1259,243,1502,0.1388
1260,240,1500,0.1388
1272,238,1510,0.1388
1266,234,1500,0.1388
1255,232,1487,0.1388
1254,229,1483,0.1388
1262,231,1493,0.1388
1268,228,1496,0.1388
1258,225,1483,0.1388
1251,230,1481,0.1388
1250,233,1483,0.1388
1246,238,1484,0.1388
1241,245,1486,0.1388
1235,248,1483,0.1388
1244,247,1491,0.1388
1233,242,1475,0.1388
1228,239,1467,0.1388
1233,236,1469,0.1388
1240,239,1479,0.1388
1253,242,1495,0.1388
1252,238,1490,0.1388
1256,233,1489,0.1388
1255,238,1493,0.1388
1266,234,1500,0.1388
1260,236,1496,0.1388
1249,236,1485,0.1388
1244,236,1480,0.1388
1242,236,1478,0.1388
1250,239,1489,0.1388
1248,243,1491,0.1388
1258,242,1500,0.1388
1258,243,1501,0.1388
1260,245,1505,0.1388
1250,246,1496,0.1388
1248,251,1499,0.1388
1245,257,1502,0.1388
1243,256,1499,0.1388
1231,251,1482,0.1388
1239,255,1494,0.1388
1236,259,1495,0.1388
1241,262,1503,0.1388
1239,265,1504,0.1388
1243,271,1514,0.1388
1239,268,1507,0.1388
1249,265,1514,0.1388
1241,263,1504,0.1388
1237,264,1501,0.1388
1226,266,1492,0.1388
1233,273,1506,0.1388
1231,269,1500,0.1388
1233,268,1501,0.1388
1226,270,1496,0.1388
1209,271,1480,0.1388
1212,272,1484,0.1388
1212,274,1486,0.1388
1220,268,1488,0.1388
1224,269,1493,0.1388
1222,271,1493,0.1388
1221,275,1496,0.1388
1230,274,1504,0.1388
1221,276,1497,0.1388
1213,280,1493,0.1388
1211,279,1490,0.1388
1202,275,1477,0.1388
1220,277,1497,0.1388
1210,276,1486,0.1388
1205,276,1481,0.1388
1217,276,1493,0.1388
1227,275,1502,0.1388
1221,278,1499,0.1388
1239,281,1520,0.1388
1224,280,1504,0.1388
1232,271,1503,0.1388
1231,268,1499,0.1388
1223,273,1496,0.1388
1226,274,1500,0.1388
1225,270,1495,0.1388
1228,268,1496,0.1388
1230,274,1504,0.1388
1222,276,1498,0.1388
1225,273,1498,0.1388
1222,274,1496,0.1388
1210,266,1476,0.1388
1216,265,1481,0.1388
1217,266,1483,0.1388
1221,269,1490,0.1388
1222,269,1491,0.1388
1221,270,1491,0.1388
1228,266,1494,0.1388
1234,264,1498,0.1388
1236,260,1496,0.1388
1238,269,1507,0.1388
1246,263,1509,0.1388
1231,265,1496,0.1388
1229,260,1489,0.1388
1239,262,1501,0.1388
1242,261,1503,0.1388
1248,264,1512,0.1388
1244,265,1509,0.1388
1242,263,1505,0.1388
1239,263,1502,0.1388
1240,265,1505,0.1388
1221,273,1494,0.1388
1227,269,1496,0.1388
1234,269,1503,0.1388
1230,277,1507,0.1388
1222,279,1501,0.1388
1229,273,1502,0.1388
1236,277,1513,0.1388
1237,273,1510,0.1388
1225,274,1499,0.1388
1232,269,1501,0.1388
1231,270,1501,0.1388
1221,269,1490,0.1388
1204,271,1475,0.1388
1192,270,1462,0.1388
1201,270,1471,0.1388
1216,273,1489,0.1388
1219,274,1493,0.1388
1208,278,1486,0.1388
1202,279,1481,0.1388
1202,287,1489,0.1388
1201,284,1485,0.1388
1207,281,1488,0.1388
1223,287,1510,0.1388
1226,288,1514,0.1388
1224,282,1506,0.1388
1228,282,1510,0.1388
1221,281,1502,0.1388
1221,281,1502,0.1388
1213,283,1496,0.1388
1208,283,1491,0.1388
1215,279,1494,0.1388
1219,281,1500,0.1388
1217,283,1500,0.1388
1216,281,1497,0.1388
1222,280,1502,0.1388
1217,287,1504,0.1388
1218,287,1505,0.1388
1223,289,1512,0.1388
1209,288,1497,0.1388
1207,289,1496,0.1388
1189,297,1486,0.1388
1199,298,1497,0.1388
1207,298,1505,0.1388
1203,296,1499,0.1388
1194,292,1486,0.1388
1189,298,1487,0.1388
1198,298,1496,0.1388
1197,300,1497,0.1388
1178,304,1482,0.1388
1175,307,1482,0.1388
1184,310,1494,0.1388
1183,311,1494,0.1388
1193,311,1504,0.1388
1188,303,1491,0.1388
1180,305,1485,0.1388
1185,299,1484,0.1388
1192,306,1498,0.1388
1186,301,1487,0.1388
1172,300,1472,0.1388
1188,295,1483,0.1388
1193,301,1494,0.1388
1199,302,1501,0.1388
1200,301,1501,0.1388
1184,305,1489,0.1388
1180,309,1489,0.1388
1171,311,1482,0.1388
1167,311,1478,0.1388
1174,309,1483,0.1388
1182,306,1488,0.1388
1194,298,1492,0.1388
1193,290,1483,0.1388
1201,291,1492,0.1388
1186,291,1477,0.1388
1190,299,1489,0.1388
1184,297,1481,0.1388
1177,297,1474,0.1388
1191,299,1490,0.1388
1202,295,1497,0.1388
1209,303,1512,0.1388
1205,299,1504,0.1388
1198,302,1500,0.1388
1194,303,1497,0.1388
1197,299,1496,0.1388
1191,297,1488,0.1388
1183,292,1475,0.1388
1173,293,1466,0.1388
1182,296,1478,0.1388
1188,298,1486,0.1388
1183,299,1482,0.1388
1199,301,1500,0.1388
1213,302,1515,0.1388
1198,299,1497,0.1388
1194,298,1492,0.1388
1199,299,1498,0.1388
1211,299,1510,0.1388
1203,292,1495,0.1388
1190,291,1481,0.1388
1203,293,1496,0.1388
1186,304,1490,0.1388
1174,305,1479,0.1388
1184,308,1492,0.1388
1199,308,1507,0.1388
1195,308,1503,0.1388
1198,309,1507,0.1388
1190,308,1498,0.1388
1176,305,1481,0.1388
1175,314,1489,0.1388
1178,314,1492,0.1388
1184,311,1495,0.1388
1187,315,1502,0.1388
1175,308,1483,0.1388
1184,310,1494,0.1388
1184,318,1502,0.1388
1181,315,1496,0.1388
1177,319,1496,0.1388
1188,316,1504,0.1388
1176,315,1491,0.1388
1192,310,1502,0.1388
1192,314,1506,0.1388
1201,313,1514,0.1388
1196,309,1505,0.1388
1183,312,1495,0.1388
1188,316,1504,0.1388
1186,310,1496,0.1388
1177,313,1490,0.1388
1166,309,1475,0.1388
1174,304,1478,0.1388
1175,307,1482,0.1388
1177,310,1487,0.1388
1188,312,1500,0.1388
1185,314,1499,0.1388
1174,323,1497,0.1388
1174,317,1491,0.1388
1173,320,1493,0.1388
1173,320,1493,0.1388
1173,322,1495,0.1388
1166,325,1491,0.1388
1176,330,1506,0.1388
1186,331,1517,0.1388
1183,328,1511,0.1388
1186,329,1515,0.1388
1180,327,1507,0.1388
1170,322,1492,0.1388
1167,318,1485,0.1388
1160,316,1476,0.1388
1164,322,1486,0.1388
1165,326,1491,0.1388
1163,336,1499,0.1388
1157,328,1485,0.1388
1170,328,1498,0.1388
1163,329,1492,0.1388
1159,327,1486,0.1388
1164,331,1495,0.1388
1165,336,1501,0.1388
1172,338,1510,0.1388
1178,344,1522,0.1388
1176,337,1513,0.1388
1164,339,1503,0.1388
1174,333,1507,0.1388
1163,329,1492,0.1388
1169,334,1503,0.1388
1174,333,1507,0.1388
1176,334,1510,0.1388
1168,339,1507,0.1388
1165,335,1500,0.1388
1182,336,1518,0.1388
1170,333,1503,0.1388
1174,334,1508,0.1388
1170,333,1503,0.1388
1164,334,1498,0.1388
1172,346,1518,0.1388
1164,347,1511,0.1388
1155,342,1497,0.1388
1158,342,1500,0.1388
1152,344,1496,0.1388
1152,347,1499,0.1388
1149,347,1496,0.1388
1142,351,1493,0.1388
1151,352,1503,0.1388
1150,354,1504,0.1388
1153,354,1507,0.1388
1153,360,1513,0.1388
1144,360,1504,0.1388
1142,369,1511,0.1388
1137,366,1503,0.1388
1143,359,1502,0.1388
1138,361,1499,0.1388
1143,358,1501,0.1388
1144,361,1505,0.1388
1146,361,1507,0.1388
1130,360,1490,0.1388
1132,367,1499,0.1388
1134,373,1507,0.1388
1138,373,1511,0.1388
1143,369,1512,0.1388
1135,368,1503,0.1388
1139,376,1515,0.1388
1132,378,1510,0.1388
1142,380,1522,0.1388
1127,377,1504,0.1388
1133,376,1509,0.1388
1127,377,1504,0.1388
1127,381,1508,0.1388
1116,381,1497,0.1388
1124,383,1507,0.1388
1112,390,1502,0.1388
1109,398,1507,0.1388
1100,397,1497,0.1388
1092,399,1491,0.1388
1084,392,1476,0.1388
1100,393,1493,0.1388
1100,395,1495,0.1388
1108,396,1504,0.1388
1113,393,1506,0.1388
1107,394,1501,0.1388
1109,400,1509,0.1388
1100,397,1497,0.1388
1111,396,1507,0.1388
1103,396,1499,0.1388
1102,394,1496,0.1388
1111,392,1503,0.1388
1119,390,1509,0.1388
1124,396,1520,0.1388
1124,398,1522,0.1388
1116,399,1515,0.1388
1115,406,1521,0.1388
1112,403,1515,0.1388
1114,401,1515,0.1388
1109,403,1512,0.1388
1100,397,1497,0.1388
1109,390,1499,0.1388
1111,392,1503,0.1388
1102,393,1495,0.1388
1097,391,1488,0.1388
1125,390,1515,0.1388
1125,389,1514,0.1388
1122,391,1513,0.1388
1108,396,1504,0.1388
1110,391,1501,0.1388
1109,395,1504,0.1388
1115,394,1509,0.1388
1108,387,1495,0.1388
1109,386,1495,0.1388
1118,390,1508,0.1388
1121,390,1511,0.1388
1125,390,1515,0.1388
1123,392,1515,0.1388
1129,387,1516,0.1388
1125,393,1518,0.1388
1119,395,1514,0.1388
1113,391,1504,0.1388
1107,393,1500,0.1388
1112,386,1498,0.1388
1122,384,1506,0.1388
1124,377,1501,0.1388
1116,383,1499,0.1388
1100,390,1490,0.1388
1122,387,1509,0.1388
1116,393,1509,0.1388
1108,394,1502,0.1388
1089,390,1479,0.1388
1092,390,1482,0.1388
1098,388,1486,0.1388
1110,377,1487,0.1388
1117,381,1498,0.1388
1118,383,1501,0.1388
1116,380,1496,0.1388
1114,383,1497,0.1388
1121,388,1509,0.1388
1129,388,1517,0.1388
1116,388,1504,0.1388
1107,380,1487,0.1388
1106,384,1490,0.1388
1110,384,1494,0.1388
1118,382,1500,0.1388
1121,391,1512,0.1388
1121,388,1509,0.1388
1117,387,1504,0.1388
1111,391,1502,0.1388
1106,389,1495,0.1388
1112,389,1501,0.1388
1110,387,1497,0.1388
1114,386,1500,0.1388
1114,386,1500,0.1388
1102,383,1485,0.1388
1101,387,1488,0.1388
1102,384,1486,0.1388
1102,390,1492,0.1388
1112,388,1500,0.1388
1107,382,1489,0.1388
1108,382,1490,0.1388
1111,378,1489,0.1388
1116,381,1497,0.1388
1109,382,1491,0.1388
1113,387,1500,0.1388
1112,384,1496,0.1388
1097,377,1474,0.1388
1106,379,1485,0.1388
1111,383,1494,0.1388
1115,381,1496,0.1388
1114,381,1495,0.1388
1123,387,1510,0.1388
1106,384,1490,0.1388
1111,384,1495,0.1388
1103,380,1483,0.1388
1104,385,1489,0.1388
1118,387,1505,0.1388
1134,387,1521,0.1388
1130,386,1516,0.1388
1122,386,1508,0.1388
1117,381,1498,0.1388
1110,380,1490,0.1388
1104,378,1482,0.1388
1103,383,1486,0.1388
1107,390,1497,0.1388
1105,389,1494,0.1388
1101,388,1489,0.1388
1115,395,1510,0.1388
1096,398,1494,0.1388
1090,406,1496,0.1388
1096,410,1506,0.1388
1080,411,1491,0.1388
1076,411,1487,0.1388
1078,414,1492,0.1388
1075,412,1487,0.1388
1084,416,1500,0.1388
1084,416,1500,0.1388
1081,419,1500,0.1388
1085,419,1504,0.1388
1078,416,1494,0.1388
1094,416,1510,0.1388
1095,419,1514,0.1388
1091,418,1509,0.1388
1089,417,1506,0.1388
1094,412,1506,0.1388
1094,414,1508,0.1388
1091,409,1500,0.1388
1085,407,1492,0.1388
1082,408,1490,0.1388
1088,410,1498,0.1388
1076,408,1484,0.1388
1092,411,1503,0.1388
1085,421,1506,0.1388
1085,414,1499,0.1388
1085,412,1497,0.1388
1085,417,1502,0.1388
1079,415,1494,0.1388
1060,424,1484,0.1388
1065,433,1498,0.1388
1066,441,1507,0.1388
1071,434,1505,0.1388
1066,442,1508,0.1388
1060,443,1503,0.1388
1057,445,1502,0.1388
1050,436,1486,0.1388
1054,437,1491,0.1388
1046,439,1485,0.1388
1055,440,1495,0.1388
1060,440,1500,0.1388
1059,446,1505,0.1388
1050,447,1497,0.1388
1047,451,1498,0.1388
1044,455,1499,0.1388
1061,452,1513,0.1388
1060,449,1509,0.1388
1065,445,1510,0.1388
1067,451,1518,0.1388
1055,450,1505,0.1388
1056,454,1510,0.1388
1059,456,1515,0.1388
1053,451,1504,0.1388
1054,453,1507,0.1388
1055,460,1515,0.1388
1043,460,1503,0.1388
1046,456,1502,0.1388
1039,470,1509,0.1388
1040,464,1504,0.1388
1040,469,1509,0.1388
1034,466,1500,0.1388
1035,472,1507,0.1388
1040,475,1515,0.1388
1040,469,1509,0.1388
1033,470,1503,0.1388
1026,471,1497,0.1388
1028,472,1500,0.1388
1027,474,1501,0.1388
1038,472,1510,0.1388
1037,475,1512,0.1388
1031,473,1504,0.1388
1039,473,1512,0.1388
1030,472,1502,0.1388
1025,475,1500,0.1388
1026,490,1516,0.1388
1013,483,1496,0.1388
1009,493,1502,0.1388
1022,492,1514,0.1388
1016,493,1509,0.1388
1014,497,1511,0.1388
1010,504,1514,0.1388
1005,502,1507,0.1388
1003,495,1498,0.1388
1011,494,1505,0.1388
1008,497,1505,0.1388
1001,497,1498,0.1388
997,502,1499,0.1388
1008,502,1510,0.1388
1007,510,1517,0.1388
1012,503,1515,0.1388
1003,506,1509,0.1388
1001,506,1507,0.1388
1006,502,1508,0.1388
991,500,1491,0.1388
982,507,1489,0.1388
989,506,1495,0.1388
991,506,1497,0.1388
992,508,1500,0.1388
984,508,1492,0.1388
984,507,1491,0.1388
988,505,1493,0.1388
986,499,1485,0.1388
985,504,1489,0.1388
979,510,1489,0.1388
976,506,1482,0.1388
986,505,1491,0.1388
981,507,1488,0.1388
979,513,1492,0.1388
986,518,1504,0.1388
982,526,1508,0.1388
976,531,1507,0.1388
971,529,1500,0.1388
987,526,1513,0.1388
974,524,1498,0.1388
975,529,1504,0.1388
982,535,1517,0.1388
983,535,1518,0.1388
985,530,1515,0.1388
973,537,1510,0.1388
975,533,1508,0.1388
976,532,1508,0.1388
979,532,1511,0.1388
967,542,1509,0.1388
959,539,1498,0.1388
961,534,1495,0.1388
968,538,1506,0.1388
964,538,1502,0.1388
968,542,1510,0.1388
957,540,1497,0.1388
954,538,1492,0.1388
957,538,1495,0.1388
957,545,1502,0.1388
956,553,1509,0.1388
959,549,1508,0.1388
965,552,1517,0.1388
957,552,1509,0.1388
961,551,1512,0.1388
959,550,1509,0.1388
964,547,1511,0.1388
963,548,1511,0.1388
964,551,1515,0.1388
957,543,1500,0.1388
952,544,1496,0.1388
951,537,1488,0.1388
960,533,1493,0.1388
968,533,1501,0.1388
961,540,1501,0.1388
951,546,1497,0.1388
944,540,1484,0.1388
949,546,1495,0.1388
952,549,1501,0.1388
946,548,1494,0.1388
935,548,1483,0.1388
925,551,1476,0.1388
932,555,1487,0.1388
926,562,1488,0.1388
933,568,1501,0.1388
934,561,1495,0.1388
945,566,1511,0.1388
941,564,1505,0.1388
951,568,1519,0.1388
948,572,1520,0.1388
945,580,1525,0.1388
945,573,1518,0.1388
937,580,1517,0.1388
932,576,1508,0.1388
929,568,1497,0.1388
929,574,1503,0.1388
943,575,1518,0.1388
934,576,1510,0.1388
932,575,1507,0.1388
945,581,1526,0.1388
926,578,1504,0.1388
926,591,1517,0.1388
910,587,1497,0.1388
915,580,1495,0.1388
915,579,1494,0.1388
923,573,1496,0.1388
919,581,1500,0.1388
912,581,1493,0.1388
919,584,1503,0.1388
925,583,1508,0.1388
919,588,1507,0.1388
929,589,1518,0.1388
927,589,1516,0.1388
917,581,1498,0.1388
923,584,1507,0.1388
927,593,1520,0.1388
925,591,1516,0.1388
921,597,1518,0.1388
914,592,1506,0.1388
909,594,1503,0.1388
899,593,1492,0.1388
899,598,1497,0.1388
903,596,1499,0.1388
906,599,1505,0.1388
903,596,1499,0.1388
904,593,1497,0.1388
916,596,1512,0.1388
908,595,1503,0.1388
916,602,1518,0.1388
908,600,1508,0.1388
900,606,1506,0.1388
896,592,1488,0.1388
904,601,1505,0.1388
900,604,1504,0.1388
890,606,1496,0.1388
887,604,1491,0.1388
892,608,1500,0.1388
900,607,1507,0.1388
909,601,1510,0.1388
904,605,1509,0.1388
910,607,1517,0.1388
904,606,1510,0.1388
897,614,1511,0.1388
890,617,1507,0.1388
898,622,1520,0.1388
900,625,1525,0.1388
893,627,1520,0.1388
899,624,1523,0.1388
892,612,1504,0.1388
889,619,1508,0.1388
882,623,1505,0.1388
876,616,1492,0.1388
875,623,1498,0.1388
867,621,1488,0.1388
874,619,1493,0.1388
878,621,1499,0.1388
865,623,1488,0.1388
867,630,1497,0.1388
872,633,1505,0.1388
874,631,1505,0.1388
874,641,1515,0.1388
873,644,1517,0.1388
867,643,1510,0.1388
868,650,1518,0.1388
866,652,1518,0.1388
859,658,1517,0.1388
857,653,1510,0.1388
851,649,1500,0.1388
851,646,1497,0.1388
842,657,1499,0.1388
839,654,1493,0.1388
836,655,1491,0.1388
847,648,1495,0.1388
847,657,1504,0.1388
846,660,1506,0.1388
843,667,1510,0.1388
842,660,1502,0.1388
842,666,1508,0.1388
838,666,1504,0.1388
833,656,1489,0.1388
830,670,1500,0.1388
833,670,1503,0.1388
830,673,1503,0.1388
831,668,1499,0.1388
833,675,1508,0.1388
821,670,1491,0.1388
821,664,1485,0.1388
832,677,1509,0.1388
837,676,1513,0.1388
834,677,1511,0.1388
834,681,1515,0.1388
831,689,1520,0.1388
828,686,1514,0.1388
818,691,1509,0.1388
814,688,1502,0.1388
816,686,1502,0.1388
818,680,1498,0.1388
817,679,1496,0.1388
804,675,1479,0.1388
803,680,1483,0.1388
803,678,1481,0.1388
793,694,1487,0.1388
787,703,1490,0.1388
791,708,1499,0.1388
799,704,1503,0.1388
798,708,1506,0.1388
797,714,1511,0.1388
790,718,1508,0.1388
787,712,1499,0.1388
793,709,1502,0.1388
788,712,1500,0.1388
785,716,1501,0.1388
788,712,1500,0.1388
784,710,1494,0.1388
795,710,1505,0.1388
799,708,1507,0.1388
801,711,1512,0.1388
793,707,1500,0.1388
792,713,1505,0.1388
796,709,1505,0.1388
794,700,1494,0.1388
793,709,1502,0.1388
780,717,1497,0.1388
780,712,1492,0.1388
786,717,1503,0.1388
782,718,1500,0.1388
780,718,1498,0.1388
792,728,1520,0.1388
797,720,1517,0.1388
798,720,1518,0.1388
785,725,1510,0.1388
792,724,1516,0.1388
780,722,1502,0.1388
781,710,1491,0.1388
786,717,1503,0.1388
790,717,1507,0.1388
788,724,1512,0.1388
786,723,1509,0.1388
786,715,1501,0.1388
780,720,1500,0.1388
778,722,1500,0.1388
789,728,1517,0.1388
790,733,1523,0.1388
786,727,1513,0.1388
781,729,1510,0.1388
773,728,1501,0.1388
780,731,1511,0.1388
783,730,1513,0.1388
794,730,1524,0.1388
795,737,1532,0.1388
791,732,1523,0.1388
785,734,1519,0.1388
790,726,1516,0.1388
781,725,1506,0.1388
776,722,1498,0.1388
783,724,1507,0.1388
775,723,1498,0.1388
770,727,1497,0.1388
760,739,1499,0.1388
752,749,1501,0.1388
752,758,1510,0.1388
746,758,1504,0.1388
741,771,1512,0.1388
735,759,1494,0.1388
745,763,1508,0.1388
745,764,1509,0.1388
746,763,1509,0.1388
747,766,1513,0.1388
741,762,1503,0.1388
737,764,1501,0.1388
741,753,1494,0.1388
730,755,1485,0.1388
725,762,1487,0.1388
724,762,1486,0.1388
724,761,1485,0.1388
718,748,1466,0.1388
733,769,1502,0.1388
728,769,1497,0.1388
721,781,1502,0.1388
715,783,1498,0.1388
708,797,1505,0.1388
706,800,1506,0.1388
711,794,1505,0.1388
709,798,1507,0.1388
704,805,1509,0.1388
707,792,1499,0.1388
714,793,1507,0.1388
712,789,1501,0.1388
706,789,1495,0.1388
705,790,1495,0.1388
701,795,1496,0.1388
695,798,1493,0.1388
688,810,1498,0.1388
691,807,1498,0.1388
688,809,1497,0.1388
694,807,1501,0.1388
688,822,1510,0.1388
684,819,1503,0.1388
686,825,1511,0.1388
686,816,1502,0.1388
689,815,1504,0.1388
686,831,1517,0.1388
685,827,1512,0.1388
685,826,1511,0.1388
677,825,1502,0.1388
672,812,1484,0.1388
679,816,1495,0.1388
671,823,1494,0.1388
671,831,1502,0.1388
667,829,1496,0.1388
672,829,1501,0.1388
676,827,1503,0.1388
692,814,1506,0.1388
690,808,1498,0.1388
683,811,1494,0.1388
683,822,1505,0.1388
691,820,1511,0.1388
686,829,1515,0.1388
684,827,1511,0.1388
687,828,1515,0.1388
688,834,1522,0.1388
692,838,1530,0.1388
687,826,1513,0.1388
683,840,1523,0.1388
683,838,1521,0.1388
677,842,1519,0.1388
675,846,1521,0.1388
670,859,1529,0.1388
669,852,1521,0.1388
662,845,1507,0.1388
659,844,1503,0.1388
661,841,1502,0.1388
661,849,1510,0.1388
662,850,1512,0.1388
654,845,1499,0.1388
651,842,1493,0.1388
644,849,1493,0.1388
638,862,1500,0.1388
652,868,1520,0.1388
650,870,1520,0.1388
642,866,1508,0.1388
640,860,1500,0.1388
641,868,1509,0.1388
640,871,1511,0.1388
639,876,1515,0.1388
633,886,1519,0.1388
622,885,1507,0.1388
627,891,1518,0.1388
632,886,1518,0.1388
630,882,1512,0.1388
629,886,1515,0.1388
625,880,1505,0.1388
616,886,1502,0.1388
608,881,1489,0.1388
618,885,1503,0.1388
621,876,1497,0.1388
621,878,1499,0.1388
621,883,1504,0.1388
604,882,1486,0.1388
610,887,1497,0.1388
606,898,1504,0.1388
603,895,1498,0.1388
601,899,1500,0.1388
608,896,1504,0.1388
600,899,1499,0.1388
597,906,1503,0.1388
595,909,1504,0.1388
598,911,1509,0.1388
599,911,1510,0.1388
605,907,1512,0.1388
610,907,1517,0.1388
610,908,1518,0.1388
606,910,1516,0.1388
612,906,1518,0.1388
608,901,1509,0.1388
607,896,1503,0.1388
604,899,1503,0.1388
605,900,1505,0.1388
604,902,1506,0.1388
604,909,1513,0.1388
594,903,1497,0.1388
593,916,1509,0.1388
583,911,1494,0.1388
570,915,1485,0.1388
575,921,1496,0.1388
576,917,1493,0.1388
587,914,1501,0.1388
592,913,1505,0.1388
596,920,1516,0.1388
592,919,1511,0.1388
587,913,1500,0.1388
581,923,1504,0.1388
586,918,1504,0.1388
592,922,1514,0.1388
603,933,1536,0.1388
596,935,1531,0.1388
592,927,1519,0.1388
599,908,1507,0.1388
592,903,1495,0.1388
583,903,1486,0.1388
591,907,1498,0.1388
591,911,1502,0.1388
591,916,1507,0.1388
582,912,1494,0.1388
578,928,1506,0.1388
571,937,1508,0.1388
577,935,1512,0.1388
570,939,1509,0.1388
561,955,1516,0.1388
558,949,1507,0.1388
559,955,1514,0.1388
550,952,1502,0.1388
554,950,1504,0.1388
563,950,1513,0.1388
558,946,1504,0.1388
561,953,1514,0.1388
559,958,1517,0.1388
557,953,1510,0.1388
550,952,1502,0.1388
551,962,1513,0.1388
554,959,1513,0.1388
553,956,1509,0.1388
546,957,1503,0.1388
551,952,1503,0.1388
553,953,1506,0.1388
555,955,1510,0.1388
551,964,1515,0.1388
548,960,1508,0.1388
550,965,1515,0.1388
552,966,1518,0.1388
541,965,1506,0.1388
550,960,1510,0.1388
551,963,1514,0.1388
552,961,1513,0.1388
557,960,1517,0.1388
568,958,1526,0.1388
559,951,1510,0.1388
561,956,1517,0.1388
556,960,1516,0.1388
555,968,1523,0.1388
551,972,1523,0.1388
551,980,1531,0.1388
551,970,1521,0.1388
551,967,1518,0.1388
559,968,1527,0.1388
551,975,1526,0.1388
546,979,1525,0.1388
536,977,1513,0.1388
525,969,1494,0.1388
528,961,1489,0.1388
541,963,1504,0.1388
540,957,1497,0.1388
536,967,1503,0.1388
544,970,1514,0.1388
545,976,1521,0.1388
544,981,1525,0.1388
535,986,1521,0.1388
531,977,1508,0.1388
537,976,1513,0.1388
538,958,1496,0.1388
538,973,1511,0.1388
526,991,1517,0.1388
521,980,1501,0.1388
530,972,1502,0.1388
538,970,1508,0.1388
532,977,1509,0.1388
537,972,1509,0.1388
544,977,1521,0.1388
539,968,1507,0.1388
538,969,1507,0.1388
534,975,1509,0.1388
533,977,1510,0.1388
533,970,1503,0.1388
529,966,1495,0.1388
532,976,1508,0.1388
538,977,1515,0.1388
532,974,1506,0.1388
535,971,1506,0.1388
534,968,1502,0.1388
534,975,1509,0.1388
539,977,1516,0.1388
532,977,1509,0.1388
525,981,1506,0.1388
521,989,1510,0.1388
535,986,1521,0.1388
534,986,1520,0.1388
530,993,1523,0.1388
535,992,1527,0.1388
528,998,1526,0.1388
519,981,1500,0.1388
529,980,1509,0.1388
528,982,1510,0.1388
520,999,1519,0.1388
520,987,1507,0.1388
515,982,1497,0.1388
511,990,1501,0.1388
515,979,1494,0.1388
514,987,1501,0.1388
518,980,1498,0.1388
512,985,1497,0.1388
516,984,1500,0.1388
520,988,1508,0.1388
517,994,1511,0.1388
519,991,1510,0.1388
520,997,1517,0.1388
526,994,1520,0.1388
521,1000,1521,0.1388
523,991,1514,0.1388
506,996,1502,0.1388
510,992,1502,0.1388
510,988,1498,0.1388
505,993,1498,0.1388
509,988,1497,0.1388
512,998,1510,0.1388
512,1002,1514,0.1388
514,1005,1519,0.1388
506,1010,1516,0.1388
506,1022,1528,0.1388
499,1022,1521,0.1388
500,1016,1516,0.1388
505,1012,1517,0.1388
496,1010,1506,0.1388
497,1010,1507,0.1388
494,1012,1506,0.1388
490,1015,1505,0.1388
491,1010,1501,0.1388
486,1009,1495,0.1388
485,1019,1504,0.1388
488,1026,1514,0.1388
487,1018,1505,0.1388
483,1023,1506,0.1388
486,1007,1493,0.1388
483,1017,1500,0.1388
482,1018,1500,0.1388
481,1024,1505,0.1388
483,1034,1517,0.1388
476,1042,1518,0.1388
476,1044,1520,0.1388
472,1048,1520,0.1388
480,1047,1527,0.1388
479,1038,1517,0.1388
479,1045,1524,0.1388
478,1034,1512,0.1388
478,1037,1515,0.1388
469,1035,1504,0.1388
462,1032,1494,0.1388
470,1029,1499,0.1388
485,1029,1514,0.1388
483,1020,1503,0.1388
479,1020,1499,0.1388
485,1021,1506,0.1388
476,1019,1495,0.1388
479,1042,1521,0.1388
481,1040,1521,0.1388
486,1037,1523,0.1388
480,1036,1516,0.1388
479,1026,1505,0.1388
478,1030,1508,0.1388
477,1023,1500,0.1388
475,1025,1500,0.1388
469,1043,1512,0.1388
466,1039,1505,0.1388
468,1049,1517,0.1388
469,1053,1522,0.1388
466,1045,1511,0.1388
467,1039,1506,0.1388
463,1043,1506,0.1388
461,1043,1504,0.1388
461,1061,1522,0.1388
460,1065,1525,0.1388
455,1049,1504,0.1388
454,1045,1499,0.1388
444,1053,1497,0.1388
453,1060,1513,0.1388
454,1059,1513,0.1388
454,1062,1516,0.1388
457,1073,1530,0.1388
448,1081,1529,0.1388
447,1072,1519,0.1388
444,1063,1507,0.1388
445,1063,1508,0.1388
450,1067,1517,0.1388
453,1054,1507,0.1388
454,1061,1515,0.1388
460,1063,1523,0.1388
455,1060,1515,0.1388
449,1062,1511,0.1388
445,1068,1513,0.1388
448,1059,1507,0.1388
450,1056,1506,0.1388
447,1063,1510,0.1388
450,1063,1513,0.1388
447,1068,1515,0.1388
437,1076,1513,0.1388
441,1069,1510,0.1388
436,1077,1513,0.1388
426,1070,1496,0.1388
430,1068,1498,0.1388
425,1073,1498,0.1388
430,1082,1512,0.1388
435,1082,1517,0.1388
433,1074,1507,0.1388
440,1078,1518,0.1388
439,1083,1522,0.1388
432,1079,1511,0.1388
432,1076,1508,0.1388
437,1079,1516,0.1388
429,1078,1507,0.1388
424,1084,1508,0.1388
431,1067,1498,0.1388
439,1072,1511,0.1388
439,1079,1518,0.1388
442,1070,1512,0.1388
438,1071,1509,0.1388
442,1069,1511,0.1388
443,1072,1515,0.1388
440,1073,1513,0.1388
429,1079,1508,0.1388
428,1069,1497,0.1388
429,1074,1503,0.1388
433,1069,1502,0.1388
432,1085,1517,0.1388
424,1074,1498,0.1388
418,1071,1489,0.1388
417,1083,1500,0.1388
416,1088,1504,0.1388
409,1084,1493,0.1388
404,1088,1492,0.1388
400,1096,1496,0.1388
400,1095,1495,0.1388
397,1105,1502,0.1388
395,1113,1508,0.1388
394,1115,1509,0.1388
399,1115,1514,0.1388
398,1121,1519,0.1388
398,1120,1518,0.1388
403,1119,1522,0.1388
402,1107,1509,0.1388
393,1113,1506,0.1388
386,1123,1509,0.1388
393,1116,1509,0.1388
393,1123,1516,0.1388
396,1107,1503,0.1388
394,1115,1509,0.1388
389,1111,1500,0.1388
386,1111,1497,0.1388
390,1104,1494,0.1388
387,1110,1497,0.1388
388,1102,1490,0.1388
385,1106,1491,0.1388
391,1107,1498,0.1388
395,1120,1515,0.1388
390,1132,1522,0.1388
394,1124,1518,0.1388
396,1123,1519,0.1388
392,1128,1520,0.1388
392,1127,1519,0.1388
389,1123,1512,0.1388
387,1103,1490,0.1388
383,1110,1493,0.1388
386,1107,1493,0.1388
381,1112,1493,0.1388
381,1113,1494,0.1388
385,1120,1505,0.1388
396,1117,1513,0.1388
395,1124,1519,0.1388
389,1113,1502,0.1388
388,1112,1500,0.1388
389,1118,1507,0.1388
391,1122,1513,0.1388
390,1114,1504,0.1388
387,1109,1496,0.1388
388,1109,1497,0.1388
382,1120,1502,0.1388
383,1133,1516,0.1388
379,1125,1504,0.1388
380,1119,1499,0.1388
379,1127,1506,0.1388
379,1134,1513,0.1388
383,1134,1517,0.1388
380,1129,1509,0.1388
374,1136,1510,0.1388
371,1134,1505,0.1388
371,1136,1507,0.1388
373,1132,1505,0.1388
375,1140,1515,0.1388
370,1147,1517,0.1388
378,1133,1511,0.1388
380,1131,1511,0.1388
373,1126,1499,0.1388
378,1135,1513,0.1388
378,1128,1506,0.1388
378,1121,1499,0.1388
370,1135,1505,0.1388
372,1126,1498,0.1388
373,1132,1505,0.1388
382,1121,1503,0.1388
383,1145,1528,0.1388
387,1143,1530,0.1388
377,1149,1526,0.1388
373,1135,1508,0.1388
375,1141,1516,0.1388
369,1136,1505,0.1388
366,1141,1507,0.1388
365,1144,1509,0.1388
357,1143,1500,0.1388
355,1153,1508,0.1388
355,1155,1510,0.1388
354,1143,1497,0.1388
352,1123,1475,0.1388
360,1140,1500,0.1388
361,1158,1519,0.1388
355,1158,1513,0.1388
357,1154,1511,0.1388
357,1153,1510,0.1388
359,1158,1517,0.1388
363,1172,1535,0.1388
362,1158,1520,0.1388
356,1163,1519,0.1388
350,1149,1499,0.1388
349,1157,1506,0.1388
345,1156,1501,0.1388
343,1167,1510,0.1388
342,1168,1510,0.1388
339,1165,1504,0.1388
341,1166,1507,0.1388
340,1168,1508,0.1388
336,1165,1501,0.1388
337,1182,1519,0.1388
334,1185,1519,0.1388
332,1177,1509,0.1388
335,1176,1511,0.1388
332,1182,1514,0.1388
335,1180,1515,0.1388
332,1176,1508,0.1388
332,1179,1511,0.1388
333,1192,1525,0.1388
337,1189,1526,0.1388
334,1190,1524,0.1388
334,1194,1528,0.1388
332,1191,1523,0.1388
329,1186,1515,0.1388
329,1184,1513,0.1388
321,1190,1511,0.1388
325,1194,1519,0.1388
325,1185,1510,0.1388
328,1184,1512,0.1388
320,1188,1508,0.1388
320,1193,1513,0.1388
318,1186,1504,0.1388
320,1176,1496,0.1388
322,1186,1508,0.1388
323,1183,1506,0.1388
324,1190,1514,0.1388
319,1191,1510,0.1388
323,1189,1512,0.1388
328,1190,1518,0.1388
319,1186,1505,0.1388
322,1188,1510,0.1388
326,1187,1513,0.1388
323,1190,1513,0.1388
325,1196,1521,0.1388
324,1194,1518,0.1388
323,1195,1518,0.1388
317,1195,1512,0.1388
312,1202,1514,0.1388
308,1209,1517,0.1388
299,1195,1494,0.1388
298,1214,1512,0.1388
300,1217,1517,0.1388
301,1227,1528,0.1388
298,1229,1527,0.1388
305,1217,1522,0.1388
303,1213,1516,0.1388
303,1217,1520,0.1388
307,1224,1531,0.1388
305,1216,1521,0.1388
306,1215,1521,0.1388
309,1207,1516,0.1388
312,1200,1512,0.1388
316,1196,1512,0.1388
310,1198,1508,0.1388
312,1198,1510,0.1388
312,1213,1525,0.1388
311,1219,1530,0.1388
309,1213,1522,0.1388
310,1206,1516,0.1388
312,1210,1522,0.1388
309,1215,1524,0.1388
311,1213,1524,0.1388
308,1214,1522,0.1388
310,1216,1526,0.1388
307,1224,1531,0.1388
304,1222,1526,0.1388
305,1232,1537,0.1388
299,1219,1518,0.1388
291,1220,1511,0.1388
291,1220,1511,0.1388
288,1222,1510,0.1388
290,1231,1521,0.1388
283,1231,1514,0.1388
290,1228,1518,0.1388
292,1217,1509,0.1388
294,1218,1512,0.1388
295,1224,1519,0.1388
295,1222,1517,0.1388
296,1224,1520,0.1388
297,1215,1512,0.1388
290,1223,1513,0.1388
292,1224,1516,0.1388
289,1221,1510,0.1388
286,1223,1509,0.1388
287,1223,1510,0.1388
289,1220,1509,0.1388
287,1208,1495,0.1388
290,1205,1495,0.1388
286,1219,1505,0.1388
284,1229,1513,0.1388
282,1240,1522,0.1388
278,1242,1520,0.1388
280,1239,1519,0.1388
279,1242,1521,0.1388
279,1249,1528,0.1388
274,1256,1530,0.1388
278,1255,1533,0.1388
275,1245,1520,0.1388
275,1256,1531,0.1388
275,1243,1518,0.1388
275,1249,1524,0.1388
276,1248,1524,0.1388
279,1249,1528,0.1388
280,1243,1523,0.1388
279,1254,1533,0.1388
275,1254,1529,0.1388
275,1247,1522,0.1388
273,1236,1509,0.1388
274,1247,1521,0.1388
272,1247,1519,0.1388
267,1245,1512,0.1388
267,1243,1510,0.1388
262,1253,1515,0.1388
264,1248,1512,0.1388
257,1250,1507,0.1388
251,1259,1510,0.1388
246,1263,1509,0.1388
247,1267,1514,0.1388
251,1259,1510,0.1388
250,1262,1512,0.1388
257,1263,1520,0.1388
258,1263,1521,0.1388
259,1263,1522,0.1388
258,1258,1516,0.1388
258,1262,1520,0.1388
257,1258,1515,0.1388
260,1262,1522,0.1388
255,1263,1518,0.1388
253,1254,1507,0.1388
254,1256,1510,0.1388
255,1251,1506,0.1388
252,1258,1510,0.1388
256,1265,1521,0.1388
254,1263,1517,0.1388
253,1258,1511,0.1388
249,1248,1497,0.1388
246,1263,1509,0.1388
246,1256,1502,0.1388
242,1260,1502,0.1388
235,1267,1502,0.1388
233,1267,1500,0.1388
236,1269,1505,0.1388
236,1277,1513,0.1388
240,1273,1513,0.1388
239,1275,1514,0.1388
239,1272,1511,0.1388
236,1269,1505,0.1388
238,1277,1515,0.1388
238,1285,1523,0.1388
239,1276,1515,0.1388
236,1280,1516,0.1388
236,1279,1515,0.1388
235,1286,1521,0.1388
238,1275,1513,0.1388
238,1284,1522,0.1388
238,1278,1516,0.1388
244,1276,1520,0.1388
243,1280,1523,0.1388
242,1278,1520,0.1388
244,1279,1523,0.1388
242,1281,1523,0.1388
241,1283,1524,0.1388
240,1287,1527,0.1388
238,1287,1525,0.1388
238,1274,1512,0.1388
239,1271,1510,0.1388
238,1281,1519,0.1388
237,1278,1515,0.1388
231,1287,1518,0.1388
229,1297,1526,0.1388
229,1285,1514,0.1388
223,1285,1508,0.1388
223,1280,1503,0.1388
216,1281,1497,0.1388
216,1290,1506,0.1388
218,1299,1517,0.1388
215,1311,1526,0.1388
212,1297,1509,0.1388
214,1293,1507,0.1388
216,1297,1513,0.1388
211,1302,1513,0.1388
207,1304,1511,0.1388
213,1294,1507,0.1388
216,1290,1506,0.1388
212,1289,1501,0.1388
211,1275,1486,0.1388
207,1292,1499,0.1388
207,1295,1502,0.1388
208,1311,1519,0.1388
211,1305,1516,0.1388
209,1309,1518,0.1388
209,1312,1521,0.1388
205,1317,1522,0.1388
199,1308,1507,0.1388
198,1326,1524,0.1388
195,1317,1512,0.1388
194,1316,1510,0.1388
197,1326,1523,0.1388
197,1324,1521,0.1388
196,1321,1517,0.1388
198,1301,1499,0.1388
195,1308,1503,0.1388
191,1315,1506,0.1388
187,1324,1511,0.1388
183,1327,1510,0.1388
186,1326,1512,0.1388
182,1331,1513,0.1388
180,1348,1528,0.1388
178,1348,1526,0.1388
178,1343,1521,0.1388
178,1337,1515,0.1388
181,1341,1522,0.1388
182,1338,1520,0.1388
183,1334,1517,0.1388
185,1338,1523,0.1388
181,1347,1528,0.1388
183,1342,1525,0.1388
184,1345,1529,0.1388
185,1337,1522,0.1388
178,1333,1511,0.1388
178,1338,1516,0.1388
176,1334,1510,0.1388
176,1328,1504,0.1388
175,1332,1507,0.1388
169,1328,1497,0.1388
170,1326,1496,0.1388
172,1323,1495,0.1388
175,1325,1500,0.1388
176,1326,1502,0.1388
174,1314,1488,0.1388
172,1321,1493,0.1388
174,1331,1505,0.1388
177,1326,1503,0.1388
178,1330,1508,0.1388
174,1342,1516,0.1388
180,1342,1522,0.1388
180,1341,1521,0.1388
175,1334,1509,0.1388
177,1328,1505,0.1388
175,1335,1510,0.1388
169,1339,1508,0.1388
165,1345,1510,0.1388
171,1350,1521,0.1388
164,1355,1519,0.1388
163,1347,1510,0.1388
163,1341,1504,0.1388
160,1347,1507,0.1388
162,1348,1510,0.1388
162,1352,1514,0.1388
164,1355,1519,0.1388
162,1359,1521,0.1388
160,1367,1527,0.1388
160,1367,1527,0.1388
165,1371,1536,0.1388
164,1372,1536,0.1388
166,1365,1531,0.1388
163,1356,1519,0.1388
165,1359,1524,0.1388
163,1356,1519,0.1388
165,1358,1523,0.1388
167,1346,1513,0.1388
161,1346,1507,0.1388
163,1345,1508,0.1388
160,1351,1511,0.1388
157,1351,1508,0.1388
160,1352,1512,0.1388
159,1362,1521,0.1388
157,1363,1520,0.1388
155,1363,1518,0.1388
155,1360,1515,0.1388
153,1357,1510,0.1388
149,1383,1532,0.1388
151,1385,1536,0.1388
150,1375,1525,0.1388
152,1383,1535,0.1388
154,1385,1539,0.1388
152,1379,1531,0.1388
150,1382,1532,0.1388
149,1373,1522,0.1388
148,1369,1517,0.1388
145,1368,1513,0.1388
139,1383,1522,0.1388
134,1385,1519,0.1388
138,1372,1510,0.1388
139,1375,1514,0.1388
137,1370,1507,0.1388
136,1381,1517,0.1388
135,1389,1524,0.1388
134,1390,1524,0.1388
131,1384,1515,0.1388
132,1364,1496,0.1388
132,1375,1507,0.1388
132,1375,1507,0.1388
132,1374,1506,0.1388
130,1379,1509,0.1388
131,1366,1497,0.1388
131,1364,1495,0.1388
131,1367,1498,0.1388
131,1366,1497,0.1388
131,1379,1510,0.1388
136,1401,1537,0.1388
136,1386,1522,0.1388
138,1386,1524,0.1388
141,1373,1514,0.1388
140,1355,1495,0.1388
139,1353,1492,0.1388
138,1362,1500,0.1388
138,1375,1513,0.1388
139,1376,1515,0.1388
136,1382,1518,0.1388
134,1386,1520,0.1388
134,1383,1517,0.1388
137,1386,1523,0.1388
133,1383,1516,0.1388
135,1389,1524,0.1388
135,1380,1515,0.1388
133,1385,1518,0.1388
130,1390,1520,0.1388
129,1387,1516,0.1388
126,1400,1526,0.1388
124,1396,1520,0.1388
124,1396,1520,0.1388
127,1388,1515,0.1388
128,1377,1505,0.1388
131,1377,1508,0.1388
130,1386,1516,0.1388
128,1391,1519,0.1388
130,1388,1518,0.1388
126,1389,1515,0.1388
125,1392,1517,0.1388
126,1394,1520,0.1388
123,1384,1507,0.1388
121,1387,1508,0.1388
116,1397,1513,0.1388
117,1398,1515,0.1388
116,1396,1512,0.1388
114,1402,1516,0.1388
115,1397,1512,0.1388
115,1408,1523,0.1388
118,1401,1519,0.1388
117,1400,1517,0.1388
118,1401,1519,0.1388
115,1399,1514,0.1388
114,1417,1531,0.1388
112,1407,1519,0.1388
109,1404,1513,0.1388
106,1414,1520,0.1388
105,1408,1513,0.1388
105,1408,1513,0.1388
103,1407,1510,0.1388
103,1411,1514,0.1388
103,1419,1522,0.1388
101,1417,1518,0.1388
101,1430,1531,0.1388
96,1410,1506,0.1388
95,1422,1517,0.1388
92,1431,1523,0.1388
95,1428,1523,0.1388
91,1428,1519,0.1388
91,1428,1519,0.1388
94,1425,1519,0.1388
89,1424,1513,0.1388
88,1427,1515,0.1388
89,1437,1526,0.1388
87,1431,1518,0.1388
86,1434,1520,0.1388
85,1429,1514,0.1388
85,1423,1508,0.1388
86,1425,1511,0.1388
85,1425,1510,0.1388
86,1427,1513,0.1388
85,1405,1490,0.1388
87,1419,1506,0.1388
89,1428,1517,0.1388
90,1439,1529,0.1388
91,1442,1533,0.1388
89,1437,1526,0.1388
93,1433,1526,0.1388
91,1430,1521,0.1388
96,1424,1520,0.1388
96,1425,1521,0.1388
97,1423,1520,0.1388
95,1425,1520,0.1388
93,1431,1524,0.1388
93,1424,1517,0.1388
90,1432,1522,0.1388
96,1426,1522,0.1388
95,1425,1520,0.1388
91,1419,1510,0.1388
90,1414,1504,0.1388
88,1416,1504,0.1388
91,1413,1504,0.1388
87,1425,1512,0.1388
87,1420,1507,0.1388
87,1428,1515,0.1388
92,1434,1526,0.1388
91,1432,1523,0.1388
93,1419,1512,0.1388
91,1413,1504,0.1388
86,1407,1493,0.1388
83,1416,1499,0.1388
87,1417,1504,0.1388
87,1417,1504,0.1388
88,1430,1518,0.1388
88,1438,1526,0.1388
90,1434,1524,0.1388
88,1433,1521,0.1388
87,1430,1517,0.1388
86,1439,1525,0.1388
86,1436,1522,0.1388
88,1432,1520,0.1388
84,1423,1507,0.1388
83,1423,1506,0.1388
84,1421,1505,0.1388
82,1427,1509,0.1388
84,1441,1525,0.1388
81,1435,1516,0.1388
77,1433,1510,0.1388
78,1431,1509,0.1388
79,1440,1519,0.1388
77,1440,1517,0.1388
78,1422,1500,0.1388
78,1419,1497,0.1388
78,1432,1510,0.1388
77,1435,1512,0.1388
78,1439,1517,0.1388
77,1442,1519,0.1388
75,1447,1522,0.1388
75,1441,1516,0.1388
76,1448,1524,0.1388
72,1438,1510,0.1388
73,1442,1515,0.1388
70,1433,1503,0.1388
73,1443,1516,0.1388
73,1438,1511,0.1388
75,1429,1504,0.1388
76,1438,1514,0.1388
74,1434,1508,0.1388
73,1431,1504,0.1388
73,1433,1506,0.1388
74,1430,1504,0.1388
75,1430,1505,0.1388
73,1441,1514,0.1388
73,1441,1514,0.1388
72,1438,1510,0.1388
72,1437,1509,0.1388
71,1440,1511,0.1388
69,1441,1510,0.1388
70,1441,1511,0.1388
71,1444,1515,0.1388
72,1450,1522,0.1388
76,1440,1516,0.1388
78,1452,1530,0.1388
79,1439,1518,0.1388
78,1435,1513,0.1388
79,1418,1497,0.1388
78,1436,1514,0.1388
75,1444,1519,0.1388
75,1431,1506,0.1388
77,1427,1504,0.1388
74,1438,1512,0.1388
74,1445,1519,0.1388
72,1440,1512,0.1388
72,1453,1525,0.1388
72,1454,1526,0.1388
69,1453,1522,0.1388
69,1444,1513,0.1388
67,1447,1514,0.1388
67,1441,1508,0.1388
69,1444,1513,0.1388
67,1440,1507,0.1388
67,1436,1503,0.1388
65,1438,1503,0.1388
67,1454,1521,0.1388
66,1443,1509,0.1388
67,1448,1515,0.1388
71,1446,1517,0.1388
72,1443,1515,0.1388
70,1443,1513,0.1388
71,1440,1511,0.1388
71,1436,1507,0.1388
72,1441,1513,0.1388
72,1439,1511,0.1388
72,1447,1519,0.1388
72,1446,1518,0.1388
71,1455,1526,0.1388
70,1460,1530,0.1388
68,1453,1521,0.1388
67,1449,1516,0.1388
68,1447,1515,0.1388
69,1445,1514,0.1388
70,1440,1510,0.1388
68,1440,1508,0.1388
70,1441,1511,0.1388
69,1449,1518,0.1388
68,1455,1523,0.1388
68,1438,1506,0.1388
70,1448,1518,0.1388
68,1442,1510,0.1388
66,1436,1502,0.1388
65,1431,1496,0.1388
66,1437,1503,0.1388
64,1445,1509,0.1388
64,1439,1503,0.1388
66,1446,1512,0.1388
67,1447,1514,0.1388
68,1444,1512,0.1388
67,1441,1508,0.1388
66,1436,1502,0.1388
65,1428,1493,0.1388
65,1443,1508,0.1388
64,1445,1509,0.1388
66,1446,1512,0.1388
64,1446,1510,0.1388
66,1446,1512,0.1388
64,1449,1513,0.1388
64,1429,1493,0.1388
64,1448,1512,0.1388
61,1451,1512,0.1388
58,1452,1510,0.1388
59,1454,1513,0.1388
60,1469,1529,0.1388
58,1473,1531,0.1388
59,1486,1545,0.1388
55,1474,1529,0.1388
54,1464,1518,0.1388
53,1460,1513,0.1388
52,1471,1523,0.1388
53,1476,1529,0.1388
55,1469,1524,0.1388
55,1463,1518,0.1388
57,1445,1502,0.1388
55,1445,1500,0.1388
54,1449,1503,0.1388
54,1453,1507,0.1388
52,1453,1505,0.1388
51,1463,1514,0.1388
51,1456,1507,0.1388
52,1453,1505,0.1388
54,1461,1515,0.1388
51,1461,1512,0.1388
49,1457,1506,0.1388
48,1458,1506,0.1388
51,1468,1519,0.1388
54,1465,1519,0.1388
53,1454,1507,0.1388
52,1464,1516,0.1388
52,1465,1517,0.1388
51,1463,1514,0.1388
50,1467,1517,0.1388
48,1469,1517,0.1388
49,1439,1488,0.1388
48,1451,1499,0.1388
49,1461,1510,0.1388
50,1448,1498,0.1388
49,1460,1509,0.1388
49,1464,1513,0.1388
49,1465,1514,0.1388
54,1465,1519,0.1388
51,1449,1500,0.1388
49,1474,1523,0.1388
49,1474,1523,0.1388
49,1481,1530,0.1388
49,1468,1517,0.1388
49,1478,1527,0.1388
48,1474,1522,0.1388
48,1469,1517,0.1388
46,1471,1517,0.1388
46,1461,1507,0.1388
45,1468,1513,0.1388
45,1459,1504,0.1388
47,1466,1513,0.1388
48,1459,1507,0.1388
47,1447,1494,0.1388
46,1470,1516,0.1388
44,1481,1525,0.1388
43,1487,1530,0.1388
43,1485,1528,0.1388
43,1477,1520,0.1388
42,1459,1501,0.1388
41,1466,1507,0.1388
40,1481,1521,0.1388
40,1464,1504,0.1388
39,1454,1493,0.1388
38,1452,1490,0.1388
38,1450,1488,0.1388
39,1457,1496,0.1388
42,1472,1514,0.1388
42,1479,1521,0.1388
42,1478,1520,0.1388
40,1481,1521,0.1388
41,1478,1519,0.1388
41,1474,1515,0.1388
41,1468,1509,0.1388
38,1470,1508,0.1388
40,1473,1513,0.1388
39,1480,1519,0.1388
37,1477,1514,0.1388
36,1482,1518,0.1388
34,1485,1519,0.1388
35,1496,1531,0.1388
33,1498,1531,0.1388
33,1482,1515,0.1388
33,1496,1529,0.1388
31,1492,1523,0.1388
31,1484,1515,0.1388
30,1480,1510,0.1388
31,1490,1521,0.1388
32,1497,1529,0.1388
32,1480,1512,0.1388
32,1490,1522,0.1388
31,1503,1534,0.1388
32,1489,1521,0.1388
33,1491,1524,0.1388
31,1484,1515,0.1388
29,1479,1508,0.1388
29,1475,1504,0.1388
29,1475,1504,0.1388
29,1485,1514,0.1388
30,1488,1518,0.1388
33,1495,1528,0.1388
31,1482,1513,0.1388
31,1485,1516,0.1388
31,1483,1514,0.1388
32,1479,1511,0.1388
31,1474,1505,0.1388
31,1484,1515,0.1388
30,1482,1512,0.1388
31,1482,1513,0.1388
30,1477,1507,0.1388
31,1485,1516,0.1388
33,1490,1523,0.1388
31,1484,1515,0.1388
30,1472,1502,0.1388
32,1483,1515,0.1388
32,1479,1511,0.1388
34,1494,1528,0.1388
34,1480,1514,0.1388
34,1463,1497,0.1388
35,1474,1509,0.1388
37,1473,1510,0.1388
37,1465,1502,0.1388
37,1461,1498,0.1388
36,1470,1506,0.1388
36,1473,1509,0.1388
38,1475,1513,0.1388
37,1475,1512,0.1388
34,1476,1510,0.1388
32,1488,1520,0.1388
34,1477,1511,0.1388
34,1478,1512,0.1388
34,1485,1519,0.1388
35,1487,1522,0.1388
36,1485,1521,0.1388
35,1499,1534,0.1388
36,1480,1516,0.1388
34,1490,1524,0.1388
33,1492,1525,0.1388
34,1500,1534,0.1388
34,1493,1527,0.1388
33,1488,1521,0.1388
33,1480,1513,0.1388
33,1490,1523,0.1388
34,1490,1524,0.1388
32,1486,1518,0.1388
32,1485,1517,0.1388
35,1488,1523,0.1388
36,1492,1528,0.1388
35,1487,1522,0.1388
35,1478,1513,0.1388
34,1482,1516,0.1388
34,1473,1507,0.1388
35,1477,1512,0.1388
36,1469,1505,0.1388
36,1469,1505,0.1388
34,1482,1516,0.1388
32,1482,1514,0.1388
31,1483,1514,0.1388
31,1493,1524,0.1388
34,1487,1521,0.1388
35,1496,1531,0.1388
36,1484,1520,0.1388
36,1480,1516,0.1388
36,1470,1506,0.1388
36,1463,1499,0.1388
36,1472,1508,0.1388
37,1476,1513,0.1388
37,1490,1527,0.1388
37,1490,1527,0.1388
36,1488,1524,0.1388
36,1477,1513,0.1388
34,1475,1509,0.1388
33,1475,1508,0.1388
30,1477,1507,0.1388
31,1480,1511,0.1388
30,1476,1506,0.1388
31,1463,1494,0.1388
32,1487,1519,0.1388
32,1481,1513,0.1388
34,1479,1513,0.1388
35,1477,1512,0.1388
36,1481,1517,0.1388
36,1481,1517,0.1388
36,1466,1502,0.1388
34,1464,1498,0.1388
34,1461,1495,0.1388
33,1468,1501,0.1388
32,1468,1500,0.1388
32,1468,1500,0.1388
32,1462,1494,0.1388
31,1463,1494,0.1388
33,1462,1495,0.1388
31,1454,1485,0.1388
30,1461,1491,0.1388
28,1460,1488,0.1388
28,1476,1504,0.1388
29,1495,1524,0.1388
28,1505,1533,0.1388
29,1487,1516,0.1388
27,1482,1509,0.1388
25,1480,1505,0.1388
26,1480,1506,0.1388
26,1484,1510,0.1388
27,1483,1510,0.1388
28,1479,1507,0.1388
29,1488,1517,0.1388
27,1492,1519,0.1388
28,1487,1515,0.1388
27,1493,1520,0.1388
26,1484,1510,0.1388
26,1492,1518,0.1388
25,1479,1504,0.1388
25,1467,1492,0.1388
25,1488,1513,0.1388
25,1490,1515,0.1388
24,1483,1507,0.1388
26,1489,1515,0.1388
25,1495,1520,0.1388
26,1492,1518,0.1388
25,1493,1518,0.1388
28,1500,1528,0.1388
27,1493,1520,0.1388
28,1487,1515,0.1388
27,1496,1523,0.1388
24,1493,1517,0.1388
24,1511,1535,0.1388
23,1502,1525,0.1388
23,1506,1529,0.1388
21,1507,1528,0.1388
20,1492,1512,0.1388
20,1488,1508,0.1388
20,1505,1525,0.1388
19,1503,1522,0.1388
19,1500,1519,0.1388
19,1509,1528,0.1388
19,1504,1523,0.1388
19,1505,1524,0.1388
19,1499,1518,0.1388
17,1506,1523,0.1388
14,1510,1524,0.1388
14,1500,1514,0.1388
15,1503,1518,0.1388
16,1499,1515,0.1388
17,1507,1524,0.1388
16,1489,1505,0.1388
16,1498,1514,0.1388
16,1498,1514,0.1388
16,1502,1518,0.1388
14,1504,1518,0.1388
14,1511,1525,0.1388
14,1498,1512,0.1388
14,1495,1509,0.1388
15,1503,1518,0.1388
16,1504,1520,0.1388
16,1496,1512,0.1388
15,1503,1518,0.1388
14,1501,1515,0.1388
14,1504,1518,0.1388
13,1503,1516,0.1388
13,1497,1510,0.1388
12,1496,1508,0.1388
13,1505,1518,0.1388
12,1513,1525,0.1388
11,1490,1501,0.1388
11,1507,1518,0.1388
11,1510,1521,0.1388
10,1500,1510,0.1388
10,1490,1500,0.1388
10,1501,1511,0.1388
10,1500,1510,0.1388
11,1513,1524,0.1388
11,1508,1519,0.1388
9,1505,1514,0.1388
8,1492,1500,0.1388
9,1490,1499,0.1388
9,1496,1505,0.1388
10,1492,1502,0.1388
10,1502,1512,0.1388
10,1503,1513,0.1388
9,1496,1505,0.1388
8,1502,1510,0.1388
9,1513,1522,0.1388
9,1504,1513,0.1388
9,1508,1517,0.1388
9,1503,1512,0.1388
9,1503,1512,0.1388
9,1507,1516,0.1388
9,1511,1520,0.1388
9,1506,1515,0.1388
9,1510,1519,0.1388
9,1502,1511,0.1388
8,1508,1516,0.1388
8,1499,1507,0.1388
10,1498,1508,0.1388
11,1501,1512,0.1388
11,1526,1537,0.1388
11,1526,1537,0.1388
12,1514,1526,0.1388
11,1504,1515,0.1388
11,1502,1513,0.1388
10,1504,1514,0.1388
11,1480,1491,0.1388
8,1497,1505,0.1388
9,1500,1509,0.1388
9,1507,1516,0.1388
9,1506,1515,0.1388
10,1515,1525,0.1388
9,1508,1517,0.1388
9,1498,1507,0.1388
7,1504,1511,0.1388
7,1486,1493,0.1388
6,1491,1497,0.1388
5,1493,1498,0.1388
4,1498,1502,0.1388
5,1501,1506,0.1388
5,1505,1510,0.1388
5,1513,1518,0.1388
6,1506,1512,0.1388
6,1505,1511,0.1388
6,1501,1507,0.1388
6,1501,1507,0.1388
6,1508,1514,0.1388
6,1515,1521,0.1388
6,1507,1513,0.1388
6,1508,1514,0.1388
6,1510,1516,0.1388
6,1512,1518,0.1388
6,1499,1505,0.1388
7,1497,1504,0.1388
7,1506,1513,0.1388
9,1513,1522,0.1388
6,1496,1502,0.1388
6,1508,1514,0.1388
7,1526,1533,0.1388
7,1506,1513,0.1388
7,1516,1523,0.1388
7,1512,1519,0.1388
6,1514,1520,0.1388
6,1517,1523,0.1388
6,1516,1522,0.1388
6,1517,1523,0.1388
6,1523,1529,0.1388
6,1523,1529,0.1388
5,1526,1531,0.1388
5,1527,1532,0.1388
5,1511,1516,0.1388
5,1500,1505,0.1388
6,1519,1525,0.1388
6,1519,1525,0.1388
6,1520,1526,0.1388
6,1507,1513,0.1388
6,1514,1520,0.1388
6,1521,1527,0.1388
6,1517,1523,0.1388
4,1511,1515,0.1388
4,1528,1532,0.1388
4,1516,1520,0.1388
4,1506,1510,0.1388
4,1502,1506,0.1388
4,1511,1515,0.1388
4,1532,1536,0.1388
4,1524,1528,0.1388
5,1519,1524,0.1388
4,1517,1521,0.1388
4,1520,1524,0.1388
4,1528,1532,0.1388
4,1513,1517,0.1388
4,1508,1512,0.1388
3,1509,1512,0.1388
3,1503,1506,0.1388
3,1508,1511,0.1388
3,1510,1513,0.1388
2,1512,1514,0.1388
2,1513,1515,0.1388
2,1525,1527,0.1388
2,1524,1526,0.1388
2,1517,1519,0.1388
3,1525,1528,0.1388
3,1524,1527,0.1388
3,1516,1519,0.1388
3,1523,1526,0.1388
3,1511,1514,0.1388
3,1511,1514,0.1388
3,1506,1509,0.1388
2,1512,1514,0.1388
2,1509,1511,0.1388
2,1499,1501,0.1388
2,1505,1507,0.1388
2,1497,1499,0.1388
2,1506,1508,0.1388
2,1517,1519,0.1388
2,1518,1520,0.1388
2,1514,1516,0.1388
2,1524,1526,0.1388
2,1526,1528,0.1388
2,1513,1515,0.1388
2,1510,1512,0.1388
2,1512,1514,0.1388
2,1513,1515,0.1388
2,1520,1522,0.1388
3,1534,1537,0.1388
3,1524,1527,0.1388
3,1516,1519,0.1388
3,1517,1520,0.1388
4,1517,1521,0.1388
3,1523,1526,0.1388
3,1523,1526,0.1388
2,1532,1534,0.1388
2,1528,1530,0.1388
2,1527,1529,0.1388
2,1509,1511,0.1388
2,1505,1507,0.1388
2,1499,1501,0.1388
2,1501,1503,0.1388
2,1504,1506,0.1388
2,1499,1501,0.1388
2,1506,1508,0.1388
1,1502,1503,0.1388
1,1501,1502,0.1388
1,1511,1512,0.1388
1,1501,1502,0.1388
1,1490,1491,0.1388
1,1490,1491,0.1388
1,1494,1495,0.1388
1,1496,1497,0.1388
1,1508,1509,0.1388
1,1507,1508,0.1388
1,1515,1516,0.1388
1,1514,1515,0.1388
1,1511,1512,0.1388
1,1516,1517,0.1388
1,1522,1523,0.1388
1,1516,1517,0.1388
1,1527,1528,0.1388
1,1526,1527,0.1388
1,1521,1522,0.1388
1,1520,1521,0.1388
1,1525,1526,0.1388
1,1531,1532,0.1388
1,1517,1518,0.1388
1,1514,1515,0.1388
1,1503,1504,0.1388
1,1508,1509,0.1388
1,1505,1506,0.1388
1,1514,1515,0.1388
1,1537,1538,0.1388
2,1539,1541,0.1388
2,1526,1528,0.1388
1,1536,1537,0.1388
1,1528,1529,0.1388
1,1517,1518,0.1388
1,1520,1521,0.1388
0,1525,1525,0.1388
