1345,26,1371,0.1388
1379,24,1403,0.1388
1407,22,1429,0.1388
1423,19,1442,0.1388
1430,20,1450,0.1388
1446,21,1467,0.1388
1451,22,1473,0.1388
1453,22,1475,0.1388
1464,22,1486,0.1388
1469,23,1492,0.1388
1473,24,1497,0.1388
1470,24,1494,0.1388
1469,25,1494,0.1388
1471,24,1495,0.1388
1467,24,1491,0.1388
1462,23,1485,0.1388
1474,22,1496,0.1388
1484,22,1506,0.1388
1472,22,1494,0.1388
1467,23,1490,0.1388
1471,22,1493,0.1388
1488,20,1508,0.1388
1490,20,1510,0.1388
1485,21,1506,0.1388
1473,20,1493,0.1388
1472,21,1493,0.1388
1479,20,1499,0.1388
1479,19,1498,0.1388
1479,18,1497,0.1388
1493,18,1511,0.1388
1499,20,1519,0.1388
1492,20,1512,0.1388
1490,21,1511,0.1388
1478,22,1500,0.1388
1472,23,1495,0.1388
1464,22,1486,0.1388
1470,24,1494,0.1388
1477,22,1499,0.1388
1461,23,1484,0.1388
1472,23,1495,0.1388
1470,23,1493,0.1388
1472,24,1496,0.1388
1476,25,1501,0.1388
1468,25,1493,0.1388
1458,26,1484,0.1388
1464,26,1490,0.1388
1454,26,1480,0.1388
1461,24,1485,0.1388
1465,24,1489,0.1388
1462,23,1485,0.1388
1456,23,1479,0.1388
1464,22,1486,0.1388
1462,20,1482,0.1388
1475,21,1496,0.1388
1462,21,1483,0.1388
1468,20,1488,0.1388
1467,21,1488,0.1388
1457,20,1477,0.1388
1446,20,1466,0.1388
1461,20,1481,0.1388
1476,19,1495,0.1388
1469,18,1487,0.1388
1471,17,1488,0.1388
1473,17,1490,0.1388
1473,19,1492,0.1388
1470,18,1488,0.1388
1474,18,1492,0.1388
1484,16,1500,0.1388
1472,18,1490,0.1388
1480,17,1497,0.1388
1474,16,1490,0.1388
1478,17,1495,0.1388
1471,18,1489,0.1388
1479,17,1496,0.1388
1468,20,1488,0.1388
1473,20,1493,0.1388
1475,19,1494,0.1388
1473,17,1490,0.1388
1483,17,1500,0.1388
1505,17,1522,0.1388
1490,16,1506,0.1388
1490,15,1505,0.1388
1474,17,1491,0.1388
1481,16,1497,0.1388
1483,18,1501,0.1388
1486,19,1505,0.1388
1491,18,1509,0.1388
1486,18,1504,0.1388
1472,19,1491,0.1388
1480,19,1499,0.1388
1478,20,1498,0.1388
1474,18,1492,0.1388
1481,18,1499,0.1388
1485,19,1504,0.1388
1478,20,1498,0.1388
1480,20,1500,0.1388
1480,20,1500,0.1388
1475,21,1496,0.1388
1485,21,1506,0.1388
1479,21,1500,0.1388
1485,22,1507,0.1388
1491,22,1513,0.1388
1483,22,1505,0.1388
1490,20,1510,0.1388
1478,17,1495,0.1388
1463,17,1480,0.1388
1461,16,1477,0.1388
1483,18,1501,0.1388
1487,17,1504,0.1388
1472,16,1488,0.1388
1463,16,1479,0.1388
1481,16,1497,0.1388
1484,18,1502,0.1388
1474,18,1492,0.1388
1467,17,1484,0.1388
1463,16,1479,0.1388
1481,16,1497,0.1388
1475,16,1491,0.1388
1477,16,1493,0.1388
1490,17,1507,0.1388
1482,17,1499,0.1388
1470,17,1487,0.1388
1461,17,1478,0.1388
1452,16,1468,0.1388
1456,16,1472,0.1388
1473,17,1490,0.1388
1484,17,1501,0.1388
1483,17,1500,0.1388
1492,16,1508,0.1388
1494,16,1510,0.1388
1484,16,1500,0.1388
1483,16,1499,0.1388
1483,16,1499,0.1388
1482,16,1498,0.1388
1481,16,1497,0.1388
1480,16,1496,0.1388
1481,19,1500,0.1388
1474,18,1492,0.1388
1457,20,1477,0.1388
1459,19,1478,0.1388
1463,19,1482,0.1388
1465,17,1482,0.1388
1467,17,1484,0.1388
1459,16,1475,0.1388
1453,17,1470,0.1388
1480,16,1496,0.1388
1478,16,1494,0.1388
1476,16,1492,0.1388
1480,16,1496,0.1388
1482,17,1499,0.1388
1483,17,1500,0.1388
1483,19,1502,0.1388
1495,17,1512,0.1388
1488,17,1505,0.1388
1477,17,1494,0.1388
1472,17,1489,0.1388
1482,18,1500,0.1388
1482,17,1499,0.1388
1478,18,1496,0.1388
1459,20,1479,0.1388
1456,18,1474,0.1388
1458,18,1476,0.1388
1458,17,1475,0.1388
1464,17,1481,0.1388
1468,17,1485,0.1388
1464,17,1481,0.1388
1478,17,1495,0.1388
1468,14,1482,0.1388
1461,14,1475,0.1388
1469,12,1481,0.1388
1469,13,1482,0.1388
1459,15,1474,0.1388
1469,17,1486,0.1388
1472,16,1488,0.1388
1475,16,1491,0.1388
1474,15,1489,0.1388
1464,15,1479,0.1388
1474,16,1490,0.1388
1471,15,1486,0.1388
1472,14,1486,0.1388
1462,14,1476,0.1388
1462,13,1475,0.1388
1472,13,1485,0.1388
1480,14,1494,0.1388
1496,15,1511,0.1388
1487,14,1501,0.1388
1476,16,1492,0.1388
1466,16,1482,0.1388
1474,15,1489,0.1388
1474,16,1490,0.1388
1471,18,1489,0.1388
1479,17,1496,0.1388
1482,17,1499,0.1388
1462,17,1479,0.1388
1471,17,1488,0.1388
1459,17,1476,0.1388
1465,19,1484,0.1388
1461,19,1480,0.1388
1453,19,1472,0.1388
1457,20,1477,0.1388
1465,20,1485,0.1388
1464,22,1486,0.1388
1472,22,1494,0.1388
1474,21,1495,0.1388
1470,22,1492,0.1388
1469,21,1490,0.1388
1480,21,1501,0.1388
1501,22,1523,0.1388
1488,22,1510,0.1388
1485,24,1509,0.1388
1471,26,1497,0.1388
1460,28,1488,0.1388
1456,28,1484,0.1388
1454,29,1483,0.1388
1460,29,1489,0.1388
1459,29,1488,0.1388
1475,29,1504,0.1388
1465,30,1495,0.1388
1470,29,1499,0.1388
1467,28,1495,0.1388
1464,30,1494,0.1388
1471,30,1501,0.1388
1465,28,1493,0.1388
1463,29,1492,0.1388
1457,31,1488,0.1388
1447,32,1479,0.1388
1449,32,1481,0.1388
1453,32,1485,0.1388
1467,32,1499,0.1388
1467,34,1501,0.1388
1486,33,1519,0.1388
1476,32,1508,0.1388
1483,33,1516,0.1388
1479,35,1514,0.1388
1472,33,1505,0.1388
1458,34,1492,0.1388
1455,33,1488,0.1388
1456,33,1489,0.1388
1460,33,1493,0.1388
1453,36,1489,0.1388
1454,39,1493,0.1388
1450,39,1489,0.1388
1455,38,1493,0.1388
1446,37,1483,0.1388
1450,36,1486,0.1388
1447,36,1483,0.1388
1463,34,1497,0.1388
1468,34,1502,0.1388
1466,35,1501,0.1388
1464,35,1499,0.1388
1454,37,1491,0.1388
1453,36,1489,0.1388
1455,37,1492,0.1388
1452,36,1488,0.1388
1451,39,1490,0.1388
1449,40,1489,0.1388
1458,40,1498,0.1388
1454,42,1496,0.1388
1453,43,1496,0.1388
1456,39,1495,0.1388
1458,40,1498,0.1388
1446,43,1489,0.1388
1443,42,1485,0.1388
1441,43,1484,0.1388
1451,45,1496,0.1388
1455,46,1501,0.1388
1444,45,1489,0.1388
1448,47,1495,0.1388
1452,49,1501,0.1388
1448,46,1494,0.1388
1440,46,1486,0.1388
1448,46,1494,0.1388
1444,48,1492,0.1388
1441,47,1488,0.1388
1433,47,1480,0.1388
1443,48,1491,0.1388
1435,49,1484,0.1388
1447,50,1497,0.1388
1440,49,1489,0.1388
1422,52,1474,0.1388
1411,53,1464,0.1388
1420,53,1473,0.1388
1429,52,1481,0.1388
1427,53,1480,0.1388
1430,54,1484,0.1388
1438,52,1490,0.1388
1434,54,1488,0.1388
1442,54,1496,0.1388
1434,57,1491,0.1388
1449,55,1504,0.1388
1434,58,1492,0.1388
1441,58,1499,0.1388
1449,59,1508,0.1388
1453,57,1510,0.1388
1436,58,1494,0.1388
1440,56,1496,0.1388
1441,60,1501,0.1388
1439,63,1502,0.1388
1433,60,1493,0.1388
1431,61,1492,0.1388
1430,63,1493,0.1388
1431,63,1494,0.1388
1424,61,1485,0.1388
1431,64,1495,0.1388
1437,63,1500,0.1388
1435,62,1497,0.1388
1424,64,1488,0.1388
1440,60,1500,0.1388
1441,60,1501,0.1388
1439,62,1501,0.1388
1427,64,1491,0.1388
1431,63,1494,0.1388
1441,64,1505,0.1388
1429,64,1493,0.1388
1419,66,1485,0.1388
1439,65,1504,0.1388
1432,70,1502,0.1388
1436,68,1504,0.1388
1434,66,1500,0.1388
1428,68,1496,0.1388
1429,67,1496,0.1388
1435,68,1503,0.1388
1431,67,1498,0.1388
1428,68,1496,0.1388
1432,67,1499,0.1388
1429,68,1497,0.1388
1421,72,1493,0.1388
1422,71,1493,0.1388
1425,69,1494,0.1388
1426,63,1489,0.1388
1432,64,1496,0.1388
1438,68,1506,0.1388
1442,67,1509,0.1388
1423,68,1491,0.1388
1417,68,1485,0.1388
1416,68,1484,0.1388
1420,68,1488,0.1388
1422,69,1491,0.1388
1427,67,1494,0.1388
1425,68,1493,0.1388
1430,69,1499,0.1388
1431,67,1498,0.1388
1430,66,1496,0.1388
1439,66,1505,0.1388
1438,66,1504,0.1388
1425,69,1494,0.1388
1421,68,1489,0.1388
1421,66,1487,0.1388
1433,65,1498,0.1388
1425,66,1491,0.1388
1433,69,1502,0.1388
1447,72,1519,0.1388
1443,73,1516,0.1388
1436,72,1508,0.1388
1434,70,1504,0.1388
1426,70,1496,0.1388
1431,70,1501,0.1388
1423,72,1495,0.1388
1428,71,1499,0.1388
1428,73,1501,0.1388
1428,66,1494,0.1388
1439,67,1506,0.1388
1436,67,1503,0.1388
1440,65,1505,0.1388
1452,67,1519,0.1388
1444,69,1513,0.1388
1432,70,1502,0.1388
1428,68,1496,0.1388
1418,68,1486,0.1388
1423,69,1492,0.1388
1427,68,1495,0.1388
1425,71,1496,0.1388
1422,71,1493,0.1388
1421,67,1488,0.1388
1431,65,1496,0.1388
1448,66,1514,0.1388
1436,64,1500,0.1388
1433,69,1502,0.1388
1421,69,1490,0.1388
1402,69,1471,0.1388
1417,69,1486,0.1388
1411,72,1483,0.1388
1418,73,1491,0.1388
1413,77,1490,0.1388
1413,78,1491,0.1388
1410,76,1486,0.1388
1407,77,1484,0.1388
1413,75,1488,0.1388
1404,75,1479,0.1388
1405,74,1479,0.1388
1401,74,1475,0.1388
1415,72,1487,0.1388
1407,69,1476,0.1388
1412,70,1482,0.1388
1431,69,1500,0.1388
1432,69,1501,0.1388
1438,71,1509,0.1388
1443,69,1512,0.1388
1439,68,1507,0.1388
1437,65,1502,0.1388
1436,68,1504,0.1388
1428,66,1494,0.1388
1433,65,1498,0.1388
1430,67,1497,0.1388
1419,69,1488,0.1388
1423,70,1493,0.1388
1430,75,1505,0.1388
1441,77,1518,0.1388
1436,76,1512,0.1388
1431,77,1508,0.1388
1425,76,1501,0.1388
1432,79,1511,0.1388
1434,80,1514,0.1388
1438,80,1518,0.1388
1425,77,1502,0.1388
1423,79,1502,0.1388
1431,79,1510,0.1388
1435,80,1515,0.1388
1416,80,1496,0.1388
1405,79,1484,0.1388
1409,83,1492,0.1388
1394,83,1477,0.1388
1385,87,1472,0.1388
1388,84,1472,0.1388
1402,80,1482,0.1388
1414,81,1495,0.1388
1411,82,1493,0.1388
1412,84,1496,0.1388
1398,83,1481,0.1388
1411,81,1492,0.1388
1408,81,1489,0.1388
1408,80,1488,0.1388
1409,80,1489,0.1388
1396,79,1475,0.1388
1394,79,1473,0.1388
1389,82,1471,0.1388
1401,85,1486,0.1388
1404,84,1488,0.1388
1397,85,1482,0.1388
1410,82,1492,0.1388
1403,85,1488,0.1388
1404,86,1490,0.1388
1401,84,1485,0.1388
1402,83,1485,0.1388
1404,85,1489,0.1388
1409,84,1493,0.1388
1409,83,1492,0.1388
1412,83,1495,0.1388
1412,86,1498,0.1388
1413,86,1499,0.1388
1389,87,1476,0.1388
1397,87,1484,0.1388
1398,86,1484,0.1388
1398,89,1487,0.1388
1388,88,1476,0.1388
1386,88,1474,0.1388
1390,86,1476,0.1388
1384,87,1471,0.1388
1399,92,1491,0.1388
1394,93,1487,0.1388
1386,94,1480,0.1388
1398,94,1492,0.1388
1384,91,1475,0.1388
1386,92,1478,0.1388
1396,95,1491,0.1388
1385,93,1478,0.1388
1397,94,1491,0.1388
1398,91,1489,0.1388
1400,93,1493,0.1388
1407,93,1500,0.1388
1403,93,1496,0.1388
1402,94,1496,0.1388
1396,97,1493,0.1388
1383,96,1479,0.1388
1381,96,1477,0.1388
1372,101,1473,0.1388
1366,100,1466,0.1388
1392,99,1491,0.1388
1394,99,1493,0.1388
1400,100,1500,0.1388
1404,101,1505,0.1388
1401,101,1502,0.1388
1407,103,1510,0.1388
1400,105,1505,0.1388
1393,105,1498,0.1388
1384,104,1488,0.1388
1381,104,1485,0.1388
1392,107,1499,0.1388
1387,107,1494,0.1388
1385,110,1495,0.1388
1370,113,1483,0.1388
1368,112,1480,0.1388
1374,113,1487,0.1388
1377,116,1493,0.1388
1372,114,1486,0.1388
1372,115,1487,0.1388
1372,113,1485,0.1388
1363,118,1481,0.1388
1382,116,1498,0.1388
1378,118,1496,0.1388
1383,117,1500,0.1388
1381,117,1498,0.1388
1393,121,1514,0.1388
1394,119,1513,0.1388
1385,121,1506,0.1388
1375,122,1497,0.1388
1367,122,1489,0.1388
1355,124,1479,0.1388
1343,122,1465,0.1388
1353,127,1480,0.1388
1350,121,1471,0.1388
1355,124,1479,0.1388
1361,128,1489,0.1388
1362,128,1490,0.1388
1376,128,1504,0.1388
1367,129,1496,0.1388
1371,132,1503,0.1388
1369,132,1501,0.1388
1381,132,1513,0.1388
1370,135,1505,0.1388
1361,135,1496,0.1388
1361,133,1494,0.1388
1374,132,1506,0.1388
1372,131,1503,0.1388
1369,129,1498,0.1388
1363,127,1490,0.1388
1356,129,1485,0.1388
1361,131,1492,0.1388
1363,131,1494,0.1388
1361,131,1492,0.1388
1364,129,1493,0.1388
1361,127,1488,0.1388
1356,129,1485,0.1388
1370,125,1495,0.1388
1367,124,1491,0.1388
1363,125,1488,0.1388
1350,127,1477,0.1388
1368,126,1494,0.1388
1359,125,1484,0.1388
1357,128,1485,0.1388
1355,123,1478,0.1388
1364,128,1492,0.1388
1362,126,1488,0.1388
1356,133,1489,0.1388
1356,132,1488,0.1388
1362,131,1493,0.1388
1357,131,1488,0.1388
1364,133,1497,0.1388
1366,131,1497,0.1388
1364,132,1496,0.1388
1362,134,1496,0.1388
1347,138,1485,0.1388
1332,137,1469,0.1388
1352,139,1491,0.1388
1344,136,1480,0.1388
1338,132,1470,0.1388
1351,139,1490,0.1388
1345,143,1488,0.1388
1347,142,1489,0.1388
1357,142,1499,0.1388
1362,141,1503,0.1388
1353,147,1500,0.1388
1346,151,1497,0.1388
1341,155,1496,0.1388
1349,160,1509,0.1388
1336,162,1498,0.1388
1336,159,1495,0.1388
1337,157,1494,0.1388
1339,160,1499,0.1388
1337,167,1504,0.1388
1327,166,1493,0.1388
1318,162,1480,0.1388
1316,164,1480,0.1388
1304,163,1467,0.1388
1307,163,1470,0.1388
1303,169,1472,0.1388
1328,172,1500,0.1388
1328,169,1497,0.1388
1337,170,1507,0.1388
1332,176,1508,0.1388
1334,174,1508,0.1388
1325,178,1503,0.1388
1337,179,1516,0.1388
1325,179,1504,0.1388
1330,177,1507,0.1388
1325,178,1503,0.1388
1318,178,1496,0.1388
1319,173,1492,0.1388
1316,172,1488,0.1388
1307,173,1480,0.1388
1313,171,1484,0.1388
1321,170,1491,0.1388
1321,175,1496,0.1388
1314,174,1488,0.1388
1327,174,1501,0.1388
1323,173,1496,0.1388
1315,169,1484,0.1388
1299,175,1474,0.1388
1302,177,1479,0.1388
1315,183,1498,0.1388
1318,187,1505,0.1388
1319,184,1503,0.1388
1316,185,1501,0.1388
1317,180,1497,0.1388
1310,182,1492,0.1388
1304,180,1484,0.1388
1309,178,1487,0.1388
1318,179,1497,0.1388
1325,182,1507,0.1388
1320,178,1498,0.1388
1318,183,1501,0.1388
1300,185,1485,0.1388
1303,190,1493,0.1388
1311,191,1502,0.1388
1313,195,1508,0.1388
1314,190,1504,0.1388
1304,192,1496,0.1388
1306,194,1500,0.1388
1308,196,1504,0.1388
1305,192,1497,0.1388
1300,190,1490,0.1388
1302,189,1491,0.1388
1307,193,1500,0.1388
1310,196,1506,0.1388
1303,199,1502,0.1388
1303,202,1505,0.1388
1303,199,1502,0.1388
1309,191,1500,0.1388
1310,191,1501,0.1388
1302,191,1493,0.1388
1296,184,1480,0.1388
1290,187,1477,0.1388
1284,192,1476,0.1388
1286,193,1479,0.1388
1299,195,1494,0.1388
1298,193,1491,0.1388
1304,195,1499,0.1388
1299,190,1489,0.1388
1295,187,1482,0.1388
1298,184,1482,0.1388
1297,190,1487,0.1388
1302,189,1491,0.1388
1312,189,1501,0.1388
1313,192,1505,0.1388
1310,194,1504,0.1388
1311,196,1507,0.1388
1305,198,1503,0.1388
1301,202,1503,0.1388
1290,203,1493,0.1388
1292,208,1500,0.1388
1301,207,1508,0.1388
1303,204,1507,0.1388
1300,211,1511,0.1388
1282,214,1496,0.1388
1283,214,1497,0.1388
1287,208,1495,0.1388
1278,216,1494,0.1388
1272,214,1486,0.1388
1264,216,1480,0.1388
1270,215,1485,0.1388
1274,221,1495,0.1388
1279,218,1497,0.1388
1274,220,1494,0.1388
1275,221,1496,0.1388
1262,223,1485,0.1388
1258,224,1482,0.1388
1254,228,1482,0.1388
1264,229,1493,0.1388
1266,234,1500,0.1388
1268,232,1500,0.1388
1266,237,1503,0.1388
1262,234,1496,0.1388
1257,233,1490,0.1388
1259,234,1493,0.1388
1251,233,1484,0.1388
1251,238,1489,0.1388
1257,235,1492,0.1388
1250,233,1483,0.1388
1247,241,1488,0.1388
1236,241,1477,0.1388
1245,248,1493,0.1388
1238,253,1491,0.1388
1247,254,1501,0.1388
1250,249,1499,0.1388
1250,247,1497,0.1388
1241,250,1491,0.1388
1240,249,1489,0.1388
1240,257,1497,0.1388
1229,255,1484,0.1388
1242,260,1502,0.1388
1259,263,1522,0.1388
1249,264,1513,0.1388
1249,263,1512,0.1388
1252,256,1508,0.1388
1237,256,1493,0.1388
1235,257,1492,0.1388
1237,257,1494,0.1388
1226,255,1481,0.1388
1236,257,1493,0.1388
1241,261,1502,0.1388
1235,261,1496,0.1388
1232,254,1486,0.1388
1229,250,1479,0.1388
1227,254,1481,0.1388
1231,250,1481,0.1388
1233,260,1493,0.1388
1235,262,1497,0.1388
1233,264,1497,0.1388
1232,265,1497,0.1388
1229,269,1498,0.1388
1239,267,1506,0.1388
1238,266,1504,0.1388
1233,263,1496,0.1388
1220,265,1485,0.1388
1220,264,1484,0.1388
1208,272,1480,0.1388
1200,275,1475,0.1388
1211,276,1487,0.1388
1229,270,1499,0.1388
1225,266,1491,0.1388
1225,268,1493,0.1388
1214,276,1490,0.1388
1209,274,1483,0.1388
1215,275,1490,0.1388
1209,283,1492,0.1388
1205,290,1495,0.1388
1211,289,1500,0.1388
1207,292,1499,0.1388
1205,298,1503,0.1388
1202,294,1496,0.1388
1200,297,1497,0.1388
1213,295,1508,0.1388
1210,291,1501,0.1388
1198,288,1486,0.1388
1197,294,1491,0.1388
1194,289,1483,0.1388
1191,288,1479,0.1388
1200,286,1486,0.1388
1202,286,1488,0.1388
1218,292,1510,0.1388
1210,298,1508,0.1388
1209,293,1502,0.1388
1209,288,1497,0.1388
1209,285,1494,0.1388
1197,287,1484,0.1388
1197,288,1485,0.1388
1203,296,1499,0.1388
1208,299,1507,0.1388
1205,299,1504,0.1388
1194,301,1495,0.1388
1202,304,1506,0.1388
1183,305,1488,0.1388
1191,302,1493,0.1388
1185,300,1485,0.1388
1189,299,1488,0.1388
1198,309,1507,0.1388
1198,310,1508,0.1388
1188,306,1494,0.1388
1186,310,1496,0.1388
1175,307,1482,0.1388
1185,307,1492,0.1388
1186,309,1495,0.1388
1192,314,1506,0.1388
1182,316,1498,0.1388
1182,313,1495,0.1388
1186,311,1497,0.1388
1178,308,1486,0.1388
1166,312,1478,0.1388
1175,310,1485,0.1388
1170,317,1487,0.1388
1167,319,1486,0.1388
1163,322,1485,0.1388
1168,327,1495,0.1388
1183,331,1514,0.1388
1170,328,1498,0.1388
1162,333,1495,0.1388
1164,336,1500,0.1388
1173,334,1507,0.1388
1166,335,1501,0.1388
1158,331,1489,0.1388
1174,334,1508,0.1388
1162,329,1491,0.1388
1167,334,1501,0.1388
1155,335,1490,0.1388
1161,341,1502,0.1388
1167,343,1510,0.1388
1156,344,1500,0.1388
1155,341,1496,0.1388
1161,338,1499,0.1388
1159,347,1506,0.1388
1156,351,1507,0.1388
1146,348,1494,0.1388
1136,350,1486,0.1388
1132,345,1477,0.1388
1147,350,1497,0.1388
1150,348,1498,0.1388
1146,350,1496,0.1388
1152,343,1495,0.1388
1160,342,1502,0.1388
1140,347,1487,0.1388
1152,346,1498,0.1388
1158,343,1501,0.1388
1153,348,1501,0.1388
1147,342,1489,0.1388
1149,348,1497,0.1388
1148,341,1489,0.1388
1150,346,1496,0.1388
1153,349,1502,0.1388
1159,353,1512,0.1388
1151,356,1507,0.1388
1143,361,1504,0.1388
1139,359,1498,0.1388
1141,356,1497,0.1388
1138,352,1490,0.1388
1139,355,1494,0.1388
1136,350,1486,0.1388
1135,348,1483,0.1388
1134,357,1491,0.1388
1133,364,1497,0.1388
1131,365,1496,0.1388
1127,369,1496,0.1388
1127,367,1494,0.1388
1124,358,1482,0.1388
1130,359,1489,0.1388
1134,353,1487,0.1388
1130,352,1482,0.1388
1120,360,1480,0.1388
1124,361,1485,0.1388
1120,369,1489,0.1388
1115,369,1484,0.1388
1118,363,1481,0.1388
1113,365,1478,0.1388
1123,367,1490,0.1388
1122,360,1482,0.1388
1124,365,1489,0.1388
1125,360,1485,0.1388
1127,363,1490,0.1388
1139,358,1497,0.1388
1135,362,1497,0.1388
1133,361,1494,0.1388
1140,361,1501,0.1388
1137,357,1494,0.1388
1146,357,1503,0.1388
1140,353,1493,0.1388
1139,360,1499,0.1388
1155,363,1518,0.1388
1154,355,1509,0.1388
1149,356,1505,0.1388
1153,360,1513,0.1388
1145,357,1502,0.1388
1145,362,1507,0.1388
1141,362,1503,0.1388
1151,353,1504,0.1388
1149,355,1504,0.1388
1139,352,1491,0.1388
1141,357,1498,0.1388
1150,360,1510,0.1388
1147,356,1503,0.1388
1140,356,1496,0.1388
1156,358,1514,0.1388
1160,358,1518,0.1388
1155,359,1514,0.1388
1158,352,1510,0.1388
1144,354,1498,0.1388
1153,360,1513,0.1388
1153,359,1512,0.1388
1161,356,1517,0.1388
1163,353,1516,0.1388
1158,358,1516,0.1388
1155,362,1517,0.1388
1149,362,1511,0.1388
1155,362,1517,0.1388
1156,361,1517,0.1388
1150,366,1516,0.1388
1145,365,1510,0.1388
1132,366,1498,0.1388
1127,363,1490,0.1388
1130,368,1498,0.1388
1124,368,1492,0.1388
1128,366,1494,0.1388
1131,367,1498,0.1388
1135,364,1499,0.1388
1139,363,1502,0.1388
1142,361,1503,0.1388
1135,364,1499,0.1388
1131,356,1487,0.1388
1137,351,1488,0.1388
1137,353,1490,0.1388
1139,358,1497,0.1388
1133,360,1493,0.1388
1149,358,1507,0.1388
1130,359,1489,0.1388
1134,355,1489,0.1388
1140,356,1496,0.1388
1143,364,1507,0.1388
1141,358,1499,0.1388
1138,369,1507,0.1388
1153,364,1517,0.1388
1155,358,1513,0.1388
1154,359,1513,0.1388
1156,363,1519,0.1388
1150,361,1511,0.1388
1147,363,1510,0.1388
1137,365,1502,0.1388
1133,362,1495,0.1388
1125,360,1485,0.1388
1125,368,1493,0.1388
1118,372,1490,0.1388
1119,371,1490,0.1388
1118,369,1487,0.1388
1133,368,1501,0.1388
1131,370,1501,0.1388
1124,373,1497,0.1388
1128,378,1506,0.1388
1132,382,1514,0.1388
1121,377,1498,0.1388
1126,376,1502,0.1388
1135,380,1515,0.1388
1140,384,1524,0.1388
1131,386,1517,0.1388
1129,380,1509,0.1388
1130,378,1508,0.1388
1120,375,1495,0.1388
1114,379,1493,0.1388
1101,380,1481,0.1388
1103,378,1481,0.1388
1101,381,1482,0.1388
1109,383,1492,0.1388
1108,388,1496,0.1388
1128,385,1513,0.1388
1127,380,1507,0.1388
1123,380,1503,0.1388
1134,378,1512,0.1388
1128,373,1501,0.1388
1117,378,1495,0.1388
1118,384,1502,0.1388
1126,381,1507,0.1388
1125,381,1506,0.1388
1123,380,1503,0.1388
1128,376,1504,0.1388
1110,384,1494,0.1388
1118,383,1501,0.1388
1110,382,1492,0.1388
1121,381,1502,0.1388
1112,381,1493,0.1388
1110,383,1493,0.1388
1118,379,1497,0.1388
1119,380,1499,0.1388
1120,377,1497,0.1388
1130,374,1504,0.1388
1124,377,1501,0.1388
1126,373,1499,0.1388
1127,374,1501,0.1388
1127,371,1498,0.1388
1133,372,1505,0.1388
1127,368,1495,0.1388
1138,362,1500,0.1388
1130,364,1494,0.1388
1127,361,1488,0.1388
1119,366,1485,0.1388
1127,366,1493,0.1388
1129,366,1495,0.1388
1125,371,1496,0.1388
1127,371,1498,0.1388
1124,379,1503,0.1388
1117,384,1501,0.1388
1120,383,1503,0.1388
1107,391,1498,0.1388
1097,385,1482,0.1388
1092,380,1472,0.1388
1091,380,1471,0.1388
1103,384,1487,0.1388
1108,385,1493,0.1388
1116,384,1500,0.1388
1112,385,1497,0.1388
1129,388,1517,0.1388
1115,389,1504,0.1388
1121,396,1517,0.1388
1122,392,1514,0.1388
1119,397,1516,0.1388
1110,397,1507,0.1388
1115,400,1515,0.1388
1102,404,1506,0.1388
1094,403,1497,0.1388
1101,407,1508,0.1388
1097,406,1503,0.1388
1083,411,1494,0.1388
1080,406,1486,0.1388
1100,403,1503,0.1388
1113,414,1527,0.1388
1102,410,1512,0.1388
1089,408,1497,0.1388
1090,410,1500,0.1388
1094,409,1503,0.1388
1101,408,1509,0.1388
1089,411,1500,0.1388
1091,408,1499,0.1388
1096,409,1505,0.1388
1091,412,1503,0.1388
1082,420,1502,0.1388
1080,425,1505,0.1388
1090,425,1515,0.1388
1092,427,1519,0.1388
1091,419,1510,0.1388
1092,424,1516,0.1388
1090,423,1513,0.1388
1087,422,1509,0.1388
1081,425,1506,0.1388
1076,425,1501,0.1388
1075,427,1502,0.1388
1066,430,1496,0.1388
1068,433,1501,0.1388
1059,434,1493,0.1388
1054,435,1489,0.1388
1062,433,1495,0.1388
1065,435,1500,0.1388
1063,438,1501,0.1388
1069,432,1501,0.1388
1070,430,1500,0.1388
1064,427,1491,0.1388
1062,432,1494,0.1388
1075,430,1505,0.1388
1078,427,1505,0.1388
1083,426,1509,0.1388
1079,424,1503,0.1388
1077,430,1507,0.1388
1085,422,1507,0.1388
1081,427,1508,0.1388
1083,428,1511,0.1388
1080,431,1511,0.1388
1073,429,1502,0.1388
1072,434,1506,0.1388
1082,434,1516,0.1388
1077,434,1511,0.1388
1080,436,1516,0.1388
1073,433,1506,0.1388
1075,434,1509,0.1388
1081,436,1517,0.1388
1077,435,1512,0.1388
1081,442,1523,0.1388
1071,445,1516,0.1388
1070,433,1503,0.1388
1070,433,1503,0.1388
1065,441,1506,0.1388
1061,440,1501,0.1388
1051,447,1498,0.1388
1048,446,1494,0.1388
1048,452,1500,0.1388
1052,453,1505,0.1388
1051,451,1502,0.1388
1056,450,1506,0.1388
1049,454,1503,0.1388
1053,448,1501,0.1388
1058,449,1507,0.1388
1052,445,1497,0.1388
1049,443,1492,0.1388
1045,448,1493,0.1388
1051,442,1493,0.1388
1047,443,1490,0.1388
1047,448,1495,0.1388
1052,452,1504,0.1388
1046,453,1499,0.1388
1042,453,1495,0.1388
1053,451,1504,0.1388
1055,447,1502,0.1388
1054,445,1499,0.1388
1062,445,1507,0.1388
1060,454,1514,0.1388
1056,455,1511,0.1388
1049,451,1500,0.1388
1051,448,1499,0.1388
1049,458,1507,0.1388
1054,459,1513,0.1388
1050,446,1496,0.1388
1042,441,1483,0.1388
1040,444,1484,0.1388
1042,464,1506,0.1388
1040,467,1507,0.1388
1032,470,1502,0.1388
1025,474,1499,0.1388
1024,470,1494,0.1388
1038,466,1504,0.1388
1038,461,1499,0.1388
1048,460,1508,0.1388
1049,465,1514,0.1388
1055,460,1515,0.1388
1047,459,1506,0.1388
1039,467,1506,0.1388
1034,466,1500,0.1388
1035,469,1504,0.1388
1025,471,1496,0.1388
1037,465,1502,0.1388
1032,464,1496,0.1388
1022,468,1490,0.1388
1022,465,1487,0.1388
1025,470,1495,0.1388
1033,466,1499,0.1388
1028,463,1491,0.1388
1029,464,1493,0.1388
1034,467,1501,0.1388
1029,466,1495,0.1388
1027,459,1486,0.1388
1026,466,1492,0.1388
1040,467,1507,0.1388
1023,471,1494,0.1388
1023,472,1495,0.1388
1016,471,1487,0.1388
1025,469,1494,0.1388
1022,474,1496,0.1388
1032,475,1507,0.1388
1033,484,1517,0.1388
1026,484,1510,0.1388
1017,485,1502,0.1388
1011,483,1494,0.1388
1010,478,1488,0.1388
1008,488,1496,0.1388
1005,482,1487,0.1388
999,487,1486,0.1388
998,484,1482,0.1388
1003,488,1491,0.1388
1012,486,1498,0.1388
1012,480,1492,0.1388
1023,480,1503,0.1388
1018,484,1502,0.1388
1013,477,1490,0.1388
1022,476,1498,0.1388
1011,478,1489,0.1388
1015,484,1499,0.1388
1007,490,1497,0.1388
1014,493,1507,0.1388
1005,497,1502,0.1388
996,491,1487,0.1388
1002,504,1506,0.1388
1000,505,1505,0.1388
1000,505,1505,0.1388
1000,502,1502,0.1388
999,510,1509,0.1388
999,518,1517,0.1388
993,516,1509,0.1388
990,511,1501,0.1388
990,502,1492,0.1388
997,503,1500,0.1388
998,503,1501,0.1388
999,505,1504,0.1388
992,506,1498,0.1388
995,512,1507,0.1388
971,506,1477,0.1388
975,496,1471,0.1388
977,493,1470,0.1388
996,501,1497,0.1388
1001,509,1510,0.1388
992,510,1502,0.1388
1000,510,1510,0.1388
1005,516,1521,0.1388
999,509,1508,0.1388
1004,511,1515,0.1388
995,515,1510,0.1388
982,525,1507,0.1388
982,523,1505,0.1388
980,517,1497,0.1388
968,521,1489,0.1388
979,519,1498,0.1388
980,517,1497,0.1388
987,514,1501,0.1388
986,525,1511,0.1388
998,523,1521,0.1388
999,529,1528,0.1388
986,536,1522,0.1388
964,536,1500,0.1388
970,533,1503,0.1388
966,527,1493,0.1388
982,529,1511,0.1388
981,525,1506,0.1388
970,518,1488,0.1388
967,508,1475,0.1388
969,513,1482,0.1388
971,519,1490,0.1388
983,521,1504,0.1388
977,524,1501,0.1388
972,515,1487,0.1388
966,520,1486,0.1388
970,527,1497,0.1388
973,535,1508,0.1388
971,532,1503,0.1388
977,522,1499,0.1388
975,537,1512,0.1388
974,549,1523,0.1388
958,535,1493,0.1388
955,539,1494,0.1388
958,542,1500,0.1388
964,542,1506,0.1388
959,543,1502,0.1388
962,539,1501,0.1388
960,539,1499,0.1388
962,545,1507,0.1388
961,546,1507,0.1388
959,550,1509,0.1388
954,548,1502,0.1388
948,543,1491,0.1388
950,546,1496,0.1388
957,545,1502,0.1388
949,548,1497,0.1388
949,553,1502,0.1388
953,550,1503,0.1388
949,552,1501,0.1388
949,551,1500,0.1388
948,552,1500,0.1388
939,556,1495,0.1388
939,561,1500,0.1388
939,556,1495,0.1388
940,559,1499,0.1388
935,562,1497,0.1388
934,558,1492,0.1388
932,557,1489,0.1388
942,562,1504,0.1388
944,565,1509,0.1388
933,567,1500,0.1388
935,573,1508,0.1388
923,582,1505,0.1388
926,580,1506,0.1388
927,581,1508,0.1388
931,580,1511,0.1388
922,583,1505,0.1388
912,586,1498,0.1388
929,586,1515,0.1388
925,591,1516,0.1388
918,591,1509,0.1388
922,590,1512,0.1388
915,586,1501,0.1388
910,591,1501,0.1388
897,595,1492,0.1388
891,606,1497,0.1388
897,612,1509,0.1388
899,612,1511,0.1388
893,605,1498,0.1388
895,610,1505,0.1388
914,608,1522,0.1388
921,603,1524,0.1388
912,606,1518,0.1388
905,608,1513,0.1388
905,604,1509,0.1388
898,602,1500,0.1388
898,602,1500,0.1388
900,600,1500,0.1388
908,593,1501,0.1388
913,589,1502,0.1388
917,602,1519,0.1388
924,604,1528,0.1388
916,594,1510,0.1388
913,601,1514,0.1388
908,600,1508,0.1388
899,597,1496,0.1388
903,593,1496,0.1388
906,595,1501,0.1388
903,596,1499,0.1388
896,601,1497,0.1388
897,600,1497,0.1388
905,600,1505,0.1388
904,608,1512,0.1388
905,611,1516,0.1388
894,616,1510,0.1388
894,615,1509,0.1388
903,606,1509,0.1388
901,616,1517,0.1388
888,611,1499,0.1388
879,620,1499,0.1388
888,625,1513,0.1388
885,617,1502,0.1388
884,612,1496,0.1388
890,617,1507,0.1388
896,617,1513,0.1388
877,615,1492,0.1388
881,611,1492,0.1388
900,612,1512,0.1388
898,613,1511,0.1388
889,620,1509,0.1388
891,614,1505,0.1388
891,614,1505,0.1388
895,604,1499,0.1388
897,605,1502,0.1388
884,609,1493,0.1388
885,611,1496,0.1388
885,610,1495,0.1388
885,605,1490,0.1388
896,606,1502,0.1388
902,610,1512,0.1388
896,608,1504,0.1388
893,608,1501,0.1388
897,607,1504,0.1388
899,607,1506,0.1388
897,598,1495,0.1388
911,607,1518,0.1388
913,608,1521,0.1388
925,611,1536,0.1388
923,609,1532,0.1388
920,600,1520,0.1388
922,601,1523,0.1388
914,604,1518,0.1388
912,613,1525,0.1388
911,610,1521,0.1388
898,615,1513,0.1388
893,618,1511,0.1388
888,620,1508,0.1388
890,626,1516,0.1388
889,614,1503,0.1388
886,616,1502,0.1388
882,620,1502,0.1388
886,621,1507,0.1388
888,617,1505,0.1388
893,605,1498,0.1388
893,616,1509,0.1388
892,619,1511,0.1388
888,614,1502,0.1388
882,622,1504,0.1388
884,607,1491,0.1388
884,608,1492,0.1388
889,607,1496,0.1388
885,607,1492,0.1388
868,619,1487,0.1388
883,606,1489,0.1388
890,609,1499,0.1388
886,617,1503,0.1388
891,624,1515,0.1388
887,628,1515,0.1388
887,627,1514,0.1388
884,626,1510,0.1388
879,623,1502,0.1388
887,622,1509,0.1388
884,622,1506,0.1388
874,630,1504,0.1388
857,624,1481,0.1388
861,628,1489,0.1388
853,627,1480,0.1388
847,637,1484,0.1388
864,630,1494,0.1388
857,636,1493,0.1388
853,628,1481,0.1388
863,620,1483,0.1388
868,629,1497,0.1388
867,637,1504,0.1388
866,641,1507,0.1388
877,636,1513,0.1388
867,635,1502,0.1388
867,636,1503,0.1388
878,634,1512,0.1388
874,634,1508,0.1388
877,641,1518,0.1388
872,643,1515,0.1388
878,640,1518,0.1388
871,646,1517,0.1388
868,645,1513,0.1388
849,640,1489,0.1388
851,643,1494,0.1388
845,645,1490,0.1388
850,643,1493,0.1388
857,635,1492,0.1388
856,646,1502,0.1388
853,648,1501,0.1388
845,654,1499,0.1388
841,649,1490,0.1388
847,650,1497,0.1388
847,655,1502,0.1388
837,649,1486,0.1388
832,654,1486,0.1388
838,656,1494,0.1388
842,659,1501,0.1388
860,652,1512,0.1388
848,657,1505,0.1388
850,658,1508,0.1388
842,660,1502,0.1388
842,663,1505,0.1388
834,661,1495,0.1388
847,661,1508,0.1388
844,669,1513,0.1388
840,665,1505,0.1388
841,668,1509,0.1388
840,664,1504,0.1388
841,655,1496,0.1388
842,655,1497,0.1388
835,658,1493,0.1388
833,668,1501,0.1388
830,667,1497,0.1388
835,667,1502,0.1388
839,671,1510,0.1388
847,669,1516,0.1388
849,668,1517,0.1388
837,671,1508,0.1388
847,672,1519,0.1388
837,684,1521,0.1388
839,681,1520,0.1388
843,685,1528,0.1388
832,685,1517,0.1388
823,682,1505,0.1388
813,677,1490,0.1388
817,671,1488,0.1388
826,677,1503,0.1388
833,682,1515,0.1388
831,690,1521,0.1388
835,695,1530,0.1388
823,690,1513,0.1388
809,700,1509,0.1388
812,698,1510,0.1388
811,699,1510,0.1388
816,690,1506,0.1388
818,692,1510,0.1388
809,701,1510,0.1388
807,703,1510,0.1388
810,691,1501,0.1388
821,686,1507,0.1388
829,682,1511,0.1388
820,679,1499,0.1388
813,674,1487,0.1388
810,690,1500,0.1388
813,677,1490,0.1388
821,682,1503,0.1388
817,694,1511,0.1388
806,691,1497,0.1388
799,688,1487,0.1388
797,689,1486,0.1388
801,684,1485,0.1388
798,693,1491,0.1388
792,692,1484,0.1388
796,693,1489,0.1388
789,694,1483,0.1388
792,688,1480,0.1388
788,688,1476,0.1388
800,690,1490,0.1388
792,694,1486,0.1388
784,704,1488,0.1388
782,709,1491,0.1388
784,707,1491,0.1388
787,721,1508,0.1388
784,719,1503,0.1388
787,719,1506,0.1388
790,713,1503,0.1388
783,708,1491,0.1388
777,709,1486,0.1388
783,706,1489,0.1388
778,715,1493,0.1388
789,714,1503,0.1388
779,717,1496,0.1388
781,707,1488,0.1388
784,703,1487,0.1388
790,704,1494,0.1388
772,717,1489,0.1388
771,728,1499,0.1388
769,715,1484,0.1388
782,713,1495,0.1388
787,706,1493,0.1388
786,715,1501,0.1388
785,719,1504,0.1388
790,723,1513,0.1388
794,724,1518,0.1388
792,724,1516,0.1388
782,721,1503,0.1388
776,735,1511,0.1388
779,744,1523,0.1388
781,742,1523,0.1388
777,738,1515,0.1388
769,736,1505,0.1388
764,737,1501,0.1388
775,738,1513,0.1388
772,735,1507,0.1388
769,738,1507,0.1388
767,730,1497,0.1388
769,722,1491,0.1388
764,725,1489,0.1388
761,739,1500,0.1388
750,746,1496,0.1388
748,751,1499,0.1388
741,747,1488,0.1388
744,751,1495,0.1388
754,758,1512,0.1388
736,760,1496,0.1388
743,760,1503,0.1388
742,768,1510,0.1388
739,773,1512,0.1388
732,767,1499,0.1388
729,769,1498,0.1388
731,771,1502,0.1388
729,767,1496,0.1388
719,777,1496,0.1388
724,789,1513,0.1388
711,787,1498,0.1388
718,786,1504,0.1388
722,784,1506,0.1388
713,790,1503,0.1388
716,787,1503,0.1388
710,785,1495,0.1388
726,786,1512,0.1388
725,785,1510,0.1388
729,784,1513,0.1388
727,792,1519,0.1388
731,798,1529,0.1388
730,797,1527,0.1388
721,797,1518,0.1388
716,802,1518,0.1388
713,807,1520,0.1388
708,806,1514,0.1388
706,804,1510,0.1388
703,813,1516,0.1388
696,815,1511,0.1388
705,820,1525,0.1388
704,824,1528,0.1388
706,826,1532,0.1388
701,823,1524,0.1388
705,829,1534,0.1388
692,827,1519,0.1388
697,822,1519,0.1388
691,827,1518,0.1388
687,822,1509,0.1388
687,823,1510,0.1388
675,817,1492,0.1388
668,821,1489,0.1388
669,834,1503,0.1388
670,828,1498,0.1388
682,829,1511,0.1388
688,830,1518,0.1388
675,839,1514,0.1388
679,850,1529,0.1388
674,842,1516,0.1388
671,845,1516,0.1388
669,851,1520,0.1388
665,842,1507,0.1388
663,838,1501,0.1388
670,837,1507,0.1388
664,849,1513,0.1388
658,850,1508,0.1388
653,857,1510,0.1388
642,853,1495,0.1388
650,847,1497,0.1388
650,853,1503,0.1388
644,847,1491,0.1388
654,850,1504,0.1388
652,852,1504,0.1388
653,856,1509,0.1388
652,858,1510,0.1388
650,853,1503,0.1388
638,854,1492,0.1388
639,860,1499,0.1388
634,866,1500,0.1388
637,864,1501,0.1388
636,864,1500,0.1388
641,855,1496,0.1388
641,852,1493,0.1388
645,863,1508,0.1388
636,862,1498,0.1388
638,863,1501,0.1388
647,856,1503,0.1388
650,865,1515,0.1388
646,873,1519,0.1388
640,869,1509,0.1388
640,859,1499,0.1388
635,865,1500,0.1388
634,872,1506,0.1388
635,875,1510,0.1388
633,879,1512,0.1388
638,883,1521,0.1388
645,884,1529,0.1388
636,891,1527,0.1388
630,892,1522,0.1388
630,884,1514,0.1388
619,888,1507,0.1388
621,885,1506,0.1388
620,888,1508,0.1388
617,880,1497,0.1388
617,897,1514,0.1388
616,900,1516,0.1388
611,902,1513,0.1388
609,891,1500,0.1388
608,892,1500,0.1388
604,900,1504,0.1388
601,888,1489,0.1388
604,894,1498,0.1388
611,898,1509,0.1388
607,906,1513,0.1388
610,906,1516,0.1388
605,899,1504,0.1388
608,899,1507,0.1388
606,905,1511,0.1388
604,906,1510,0.1388
605,900,1505,0.1388
614,899,1513,0.1388
616,901,1517,0.1388
609,911,1520,0.1388
602,909,1511,0.1388
606,904,1510,0.1388
608,904,1512,0.1388
601,912,1513,0.1388
588,918,1506,0.1388
586,917,1503,0.1388
580,917,1497,0.1388
584,914,1498,0.1388
584,909,1493,0.1388
585,905,1490,0.1388
579,922,1501,0.1388
580,914,1494,0.1388
576,917,1493,0.1388
580,927,1507,0.1388
584,935,1519,0.1388
581,930,1511,0.1388
580,930,1510,0.1388
576,933,1509,0.1388
576,935,1511,0.1388
569,939,1508,0.1388
578,937,1515,0.1388
581,933,1514,0.1388
581,935,1516,0.1388
573,938,1511,0.1388
573,940,1513,0.1388
574,942,1516,0.1388
572,931,1503,0.1388
570,936,1506,0.1388
573,943,1516,0.1388
571,943,1514,0.1388
568,940,1508,0.1388
577,934,1511,0.1388
576,938,1514,0.1388
575,935,1510,0.1388
569,937,1506,0.1388
566,932,1498,0.1388
575,926,1501,0.1388
560,940,1500,0.1388
562,932,1494,0.1388
557,933,1490,0.1388
554,937,1491,0.1388
552,947,1499,0.1388
556,953,1509,0.1388
558,951,1509,0.1388
557,956,1513,0.1388
552,965,1517,0.1388
550,951,1501,0.1388
553,958,1511,0.1388
555,951,1506,0.1388
548,954,1502,0.1388
547,950,1497,0.1388
548,950,1498,0.1388
552,962,1514,0.1388
553,951,1504,0.1388
556,958,1514,0.1388
551,949,1500,0.1388
547,954,1501,0.1388
549,955,1504,0.1388
552,962,1514,0.1388
546,954,1500,0.1388
548,957,1505,0.1388
553,956,1509,0.1388
557,950,1507,0.1388
561,950,1511,0.1388
558,963,1521,0.1388
549,967,1516,0.1388
544,967,1511,0.1388
552,960,1512,0.1388
550,963,1513,0.1388
552,962,1514,0.1388
543,972,1515,0.1388
539,985,1524,0.1388
535,997,1532,0.1388
525,991,1516,0.1388
525,987,1512,0.1388
529,975,1504,0.1388
531,970,1501,0.1388
529,982,1511,0.1388
541,988,1529,0.1388
532,992,1524,0.1388
530,981,1511,0.1388
528,985,1513,0.1388
522,992,1514,0.1388
519,997,1516,0.1388
518,990,1508,0.1388
519,996,1515,0.1388
512,993,1505,0.1388
505,992,1497,0.1388
506,1007,1513,0.1388
498,1021,1519,0.1388
488,1027,1515,0.1388
497,1025,1522,0.1388
497,1029,1526,0.1388
495,1034,1529,0.1388
492,1023,1515,0.1388
492,1021,1513,0.1388
489,1029,1518,0.1388
487,1019,1506,0.1388
491,1016,1507,0.1388
484,1027,1511,0.1388
491,1027,1518,0.1388
491,1029,1520,0.1388
487,1019,1506,0.1388
478,1027,1505,0.1388
474,1026,1500,0.1388
473,1038,1511,0.1388
469,1043,1512,0.1388
474,1032,1506,0.1388
473,1035,1508,0.1388
476,1045,1521,0.1388
465,1040,1505,0.1388
461,1045,1506,0.1388
464,1051,1515,0.1388
464,1036,1500,0.1388
460,1041,1501,0.1388
458,1039,1497,0.1388
455,1044,1499,0.1388
455,1041,1496,0.1388
467,1036,1503,0.1388
468,1042,1510,0.1388
463,1046,1509,0.1388
468,1052,1520,0.1388
467,1045,1512,0.1388
460,1049,1509,0.1388
451,1057,1508,0.1388
454,1073,1527,0.1388
460,1066,1526,0.1388
461,1059,1520,0.1388
457,1057,1514,0.1388
454,1045,1499,0.1388
448,1040,1488,0.1388
453,1042,1495,0.1388
455,1059,1514,0.1388
457,1047,1504,0.1388
454,1056,1510,0.1388
455,1060,1515,0.1388
444,1060,1504,0.1388
446,1064,1510,0.1388
448,1059,1507,0.1388
452,1048,1500,0.1388
456,1063,1519,0.1388
457,1052,1509,0.1388
454,1057,1511,0.1388
456,1058,1514,0.1388
459,1049,1508,0.1388
461,1044,1505,0.1388
453,1057,1510,0.1388
449,1056,1505,0.1388
445,1055,1500,0.1388
448,1056,1504,0.1388
443,1069,1512,0.1388
445,1073,1518,0.1388
440,1074,1514,0.1388
432,1071,1503,0.1388
434,1066,1500,0.1388
435,1080,1515,0.1388
424,1076,1500,0.1388
428,1086,1514,0.1388
424,1093,1517,0.1388
422,1086,1508,0.1388
422,1092,1514,0.1388
424,1091,1515,0.1388
420,1094,1514,0.1388
424,1088,1512,0.1388
427,1090,1517,0.1388
421,1092,1513,0.1388
423,1084,1507,0.1388
418,1078,1496,0.1388
416,1093,1509,0.1388
412,1098,1510,0.1388
408,1107,1515,0.1388
409,1097,1506,0.1388
400,1093,1493,0.1388
395,1104,1499,0.1388
386,1106,1492,0.1388
386,1106,1492,0.1388
381,1111,1492,0.1388
384,1117,1501,0.1388
375,1121,1496,0.1388
378,1120,1498,0.1388
384,1112,1496,0.1388
386,1123,1509,0.1388
387,1117,1504,0.1388
378,1117,1495,0.1388
383,1119,1502,0.1388
381,1116,1497,0.1388
388,1119,1507,0.1388
389,1129,1518,0.1388
388,1132,1520,0.1388
388,1132,1520,0.1388
396,1133,1529,0.1388
393,1120,1513,0.1388
386,1125,1511,0.1388
389,1135,1524,0.1388
383,1141,1524,0.1388
382,1135,1517,0.1388
377,1138,1515,0.1388
372,1133,1505,0.1388
374,1144,1518,0.1388
373,1144,1517,0.1388
370,1149,1519,0.1388
372,1133,1505,0.1388
373,1139,1512,0.1388
374,1131,1505,0.1388
374,1129,1503,0.1388
373,1142,1515,0.1388
369,1131,1500,0.1388
364,1137,1501,0.1388
361,1149,1510,0.1388
360,1149,1509,0.1388
354,1170,1524,0.1388
355,1151,1506,0.1388
357,1166,1523,0.1388
360,1165,1525,0.1388
354,1165,1519,0.1388
352,1162,1514,0.1388
350,1158,1508,0.1388
351,1165,1516,0.1388
347,1171,1518,0.1388
347,1168,1515,0.1388
340,1164,1504,0.1388
341,1171,1512,0.1388
340,1177,1517,0.1388
336,1165,1501,0.1388
341,1164,1505,0.1388
339,1160,1499,0.1388
344,1160,1504,0.1388
346,1173,1519,0.1388
343,1175,1518,0.1388
340,1164,1504,0.1388
335,1162,1497,0.1388
333,1166,1499,0.1388
334,1170,1504,0.1388
342,1174,1516,0.1388
335,1171,1506,0.1388
335,1172,1507,0.1388
334,1174,1508,0.1388
334,1182,1516,0.1388
327,1185,1512,0.1388
332,1188,1520,0.1388
335,1190,1525,0.1388
327,1183,1510,0.1388
327,1184,1511,0.1388
318,1181,1499,0.1388
319,1181,1500,0.1388
312,1187,1499,0.1388
315,1178,1493,0.1388
309,1191,1500,0.1388
307,1195,1502,0.1388
301,1200,1501,0.1388
298,1199,1497,0.1388
298,1209,1507,0.1388
299,1198,1497,0.1388
298,1202,1500,0.1388
299,1213,1512,0.1388
296,1215,1511,0.1388
301,1200,1501,0.1388
301,1204,1505,0.1388
303,1209,1512,0.1388
300,1220,1520,0.1388
298,1222,1520,0.1388
295,1227,1522,0.1388
297,1235,1532,0.1388
300,1219,1519,0.1388
297,1222,1519,0.1388
301,1216,1517,0.1388
296,1219,1515,0.1388
294,1215,1509,0.1388
290,1223,1513,0.1388
286,1220,1506,0.1388
286,1211,1497,0.1388
291,1223,1514,0.1388
296,1221,1517,0.1388
292,1231,1523,0.1388
295,1229,1524,0.1388
291,1214,1505,0.1388
287,1211,1498,0.1388
281,1213,1494,0.1388
284,1218,1502,0.1388
290,1218,1508,0.1388
292,1227,1519,0.1388
286,1221,1507,0.1388
284,1208,1492,0.1388
285,1214,1499,0.1388
285,1207,1492,0.1388
281,1219,1500,0.1388
279,1224,1503,0.1388
274,1225,1499,0.1388
269,1238,1507,0.1388
267,1241,1508,0.1388
271,1239,1510,0.1388
272,1247,1519,0.1388
270,1239,1509,0.1388
265,1246,1511,0.1388
268,1251,1519,0.1388
260,1246,1506,0.1388
263,1252,1515,0.1388
261,1247,1508,0.1388
262,1247,1509,0.1388
260,1258,1518,0.1388
264,1250,1514,0.1388
259,1248,1507,0.1388
255,1254,1509,0.1388
261,1240,1501,0.1388
266,1240,1506,0.1388
270,1240,1510,0.1388
269,1246,1515,0.1388
264,1243,1507,0.1388
266,1254,1520,0.1388
262,1259,1521,0.1388
264,1256,1520,0.1388
266,1247,1513,0.1388
271,1246,1517,0.1388
271,1257,1528,0.1388
273,1250,1523,0.1388
271,1245,1516,0.1388
268,1247,1515,0.1388
259,1252,1511,0.1388
255,1267,1522,0.1388
260,1263,1523,0.1388
258,1263,1521,0.1388
253,1259,1512,0.1388
255,1261,1516,0.1388
256,1257,1513,0.1388
256,1249,1505,0.1388
254,1238,1492,0.1388
249,1254,1503,0.1388
251,1267,1518,0.1388
250,1267,1517,0.1388
246,1267,1513,0.1388
254,1271,1525,0.1388
257,1265,1522,0.1388
256,1263,1519,0.1388
254,1261,1515,0.1388
255,1265,1520,0.1388
253,1272,1525,0.1388
245,1273,1518,0.1388
239,1278,1517,0.1388
239,1272,1511,0.1388
234,1257,1491,0.1388
236,1277,1513,0.1388
236,1270,1506,0.1388
233,1266,1499,0.1388
234,1270,1504,0.1388
234,1275,1509,0.1388
234,1291,1525,0.1388
232,1291,1523,0.1388
229,1282,1511,0.1388
233,1281,1514,0.1388
229,1275,1504,0.1388
231,1271,1502,0.1388
234,1278,1512,0.1388
234,1283,1517,0.1388
235,1279,1514,0.1388
236,1279,1515,0.1388
235,1286,1521,0.1388
231,1285,1516,0.1388
232,1285,1517,0.1388
231,1280,1511,0.1388
232,1282,1514,0.1388
233,1289,1522,0.1388
233,1286,1519,0.1388
234,1290,1524,0.1388
232,1297,1529,0.1388
227,1287,1514,0.1388
219,1291,1510,0.1388
221,1296,1517,0.1388
219,1302,1521,0.1388
219,1296,1515,0.1388
224,1290,1514,0.1388
222,1282,1504,0.1388
222,1299,1521,0.1388
223,1297,1520,0.1388
222,1301,1523,0.1388
229,1306,1535,0.1388
228,1303,1531,0.1388
233,1290,1523,0.1388
228,1284,1512,0.1388
226,1280,1506,0.1388
226,1297,1523,0.1388
225,1295,1520,0.1388
226,1294,1520,0.1388
223,1285,1508,0.1388
222,1300,1522,0.1388
224,1288,1512,0.1388
226,1289,1515,0.1388
226,1296,1522,0.1388
227,1287,1514,0.1388
220,1287,1507,0.1388
221,1269,1490,0.1388
219,1279,1498,0.1388
212,1285,1497,0.1388
217,1293,1510,0.1388
218,1297,1515,0.1388
221,1291,1512,0.1388
220,1284,1504,0.1388
216,1294,1510,0.1388
216,1288,1504,0.1388
213,1302,1515,0.1388
212,1301,1513,0.1388
213,1299,1512,0.1388
207,1297,1504,0.1388
208,1310,1518,0.1388
204,1307,1511,0.1388
210,1303,1513,0.1388
211,1299,1510,0.1388
215,1301,1516,0.1388
211,1303,1514,0.1388
215,1299,1514,0.1388
216,1301,1517,0.1388
215,1307,1522,0.1388
211,1312,1523,0.1388
209,1311,1520,0.1388
209,1311,1520,0.1388
204,1301,1505,0.1388
204,1310,1514,0.1388
205,1312,1517,0.1388
199,1312,1511,0.1388
198,1312,1510,0.1388
200,1313,1513,0.1388
200,1305,1505,0.1388
197,1304,1501,0.1388
194,1306,1500,0.1388
198,1318,1516,0.1388
192,1318,1510,0.1388
197,1324,1521,0.1388
194,1314,1508,0.1388
189,1306,1495,0.1388
189,1309,1498,0.1388
188,1303,1491,0.1388
188,1300,1488,0.1388
189,1312,1501,0.1388
194,1319,1513,0.1388
193,1317,1510,0.1388
187,1319,1506,0.1388
190,1321,1511,0.1388
190,1326,1516,0.1388
193,1336,1529,0.1388
188,1340,1528,0.1388
189,1341,1530,0.1388
187,1326,1513,0.1388
190,1328,1518,0.1388
186,1337,1523,0.1388
188,1335,1523,0.1388
181,1338,1519,0.1388
178,1342,1520,0.1388
178,1334,1512,0.1388
174,1346,1520,0.1388
179,1342,1521,0.1388
177,1336,1513,0.1388
175,1323,1498,0.1388
175,1332,1507,0.1388
182,1340,1522,0.1388
182,1344,1526,0.1388
188,1345,1533,0.1388
181,1342,1523,0.1388
179,1339,1518,0.1388
179,1334,1513,0.1388
174,1329,1503,0.1388
174,1339,1513,0.1388
176,1335,1511,0.1388
180,1338,1518,0.1388
178,1335,1513,0.1388
173,1343,1516,0.1388
176,1349,1525,0.1388
177,1344,1521,0.1388
180,1340,1520,0.1388
179,1345,1524,0.1388
179,1341,1520,0.1388
177,1333,1510,0.1388
176,1333,1509,0.1388
179,1330,1509,0.1388
183,1327,1510,0.1388
180,1311,1491,0.1388
176,1320,1496,0.1388
175,1329,1504,0.1388
179,1339,1518,0.1388
176,1331,1507,0.1388
174,1339,1513,0.1388
178,1341,1519,0.1388
181,1343,1524,0.1388
177,1342,1519,0.1388
177,1338,1515,0.1388
177,1336,1513,0.1388
178,1342,1520,0.1388
173,1351,1524,0.1388
176,1340,1516,0.1388
172,1338,1510,0.1388
168,1334,1502,0.1388
172,1335,1507,0.1388
177,1333,1510,0.1388
174,1344,1518,0.1388
172,1326,1498,0.1388
169,1324,1493,0.1388
173,1346,1519,0.1388
167,1337,1504,0.1388
162,1353,1515,0.1388
165,1347,1512,0.1388
165,1353,1518,0.1388
167,1342,1509,0.1388
165,1347,1512,0.1388
166,1355,1521,0.1388
165,1339,1504,0.1388
163,1337,1500,0.1388
162,1338,1500,0.1388
162,1350,1512,0.1388
161,1348,1509,0.1388
164,1344,1508,0.1388
162,1363,1525,0.1388
166,1358,1524,0.1388
163,1354,1517,0.1388
161,1348,1509,0.1388
163,1352,1515,0.1388
163,1344,1507,0.1388
161,1352,1513,0.1388
161,1361,1522,0.1388
162,1360,1522,0.1388
163,1370,1533,0.1388
161,1371,1532,0.1388
158,1362,1520,0.1388
157,1359,1516,0.1388
156,1363,1519,0.1388
159,1350,1509,0.1388
159,1346,1505,0.1388
157,1345,1502,0.1388
155,1364,1519,0.1388
154,1355,1509,0.1388
154,1346,1500,0.1388
150,1353,1503,0.1388
147,1357,1504,0.1388
146,1350,1496,0.1388
147,1352,1499,0.1388
148,1355,1503,0.1388
148,1350,1498,0.1388
148,1356,1504,0.1388
150,1364,1514,0.1388
152,1361,1513,0.1388
150,1361,1511,0.1388
149,1374,1523,0.1388
149,1362,1511,0.1388
149,1361,1510,0.1388
145,1366,1511,0.1388
146,1368,1514,0.1388
142,1360,1502,0.1388
144,1370,1514,0.1388
144,1375,1519,0.1388
142,1354,1496,0.1388
145,1367,1512,0.1388
143,1372,1515,0.1388
146,1377,1523,0.1388
144,1385,1529,0.1388
139,1368,1507,0.1388
139,1383,1522,0.1388
142,1390,1532,0.1388
143,1386,1529,0.1388
147,1384,1531,0.1388
151,1373,1524,0.1388
151,1363,1514,0.1388
153,1356,1509,0.1388
151,1359,1510,0.1388
152,1355,1507,0.1388
150,1352,1502,0.1388
149,1363,1512,0.1388
146,1352,1498,0.1388
148,1366,1514,0.1388
151,1374,1525,0.1388
150,1389,1539,0.1388
149,1390,1539,0.1388
146,1386,1532,0.1388
144,1381,1525,0.1388
140,1387,1527,0.1388
137,1394,1531,0.1388
134,1391,1525,0.1388
132,1390,1522,0.1388
131,1382,1513,0.1388
132,1369,1501,0.1388
137,1372,1509,0.1388
137,1369,1506,0.1388
137,1391,1528,0.1388
136,1392,1528,0.1388
133,1378,1511,0.1388
130,1385,1515,0.1388
128,1385,1513,0.1388
120,1386,1506,0.1388
125,1382,1507,0.1388
129,1377,1506,0.1388
129,1375,1504,0.1388
130,1381,1511,0.1388
130,1376,1506,0.1388
130,1371,1501,0.1388
132,1364,1496,0.1388
133,1375,1508,0.1388
134,1382,1516,0.1388
131,1380,1511,0.1388
134,1388,1522,0.1388
135,1398,1533,0.1388
131,1397,1528,0.1388
131,1391,1522,0.1388
130,1396,1526,0.1388
129,1386,1515,0.1388
130,1382,1512,0.1388
129,1385,1514,0.1388
128,1376,1504,0.1388
127,1384,1511,0.1388
124,1387,1511,0.1388
125,1389,1514,0.1388
127,1397,1524,0.1388
122,1390,1512,0.1388
122,1391,1513,0.1388
119,1392,1511,0.1388
118,1388,1506,0.1388
119,1384,1503,0.1388
117,1397,1514,0.1388
119,1398,1517,0.1388
116,1404,1520,0.1388
115,1396,1511,0.1388
112,1393,1505,0.1388
113,1395,1508,0.1388
113,1397,1510,0.1388
111,1395,1506,0.1388
114,1393,1507,0.1388
115,1391,1506,0.1388
113,1394,1507,0.1388
110,1403,1513,0.1388
110,1396,1506,0.1388
109,1399,1508,0.1388
106,1408,1514,0.1388
105,1405,1510,0.1388
101,1412,1513,0.1388
99,1415,1514,0.1388
98,1418,1516,0.1388
102,1422,1524,0.1388
102,1423,1525,0.1388
100,1427,1527,0.1388
106,1427,1533,0.1388
107,1417,1524,0.1388
104,1405,1509,0.1388
102,1415,1517,0.1388
104,1422,1526,0.1388
105,1414,1519,0.1388
101,1402,1503,0.1388
98,1389,1487,0.1388
92,1406,1498,0.1388
94,1407,1501,0.1388
98,1429,1527,0.1388
98,1420,1518,0.1388
99,1422,1521,0.1388
99,1408,1507,0.1388
94,1408,1502,0.1388
95,1409,1504,0.1388
92,1414,1506,0.1388
93,1410,1503,0.1388
96,1408,1504,0.1388
98,1409,1507,0.1388
97,1418,1515,0.1388
97,1429,1526,0.1388
98,1437,1535,0.1388
96,1430,1526,0.1388
94,1411,1505,0.1388
97,1410,1507,0.1388
96,1419,1515,0.1388
90,1414,1504,0.1388
90,1421,1511,0.1388
90,1429,1519,0.1388
88,1433,1521,0.1388
88,1439,1527,0.1388
86,1444,1530,0.1388
80,1437,1517,0.1388
82,1425,1507,0.1388
82,1439,1521,0.1388
84,1440,1524,0.1388
83,1441,1524,0.1388
80,1446,1526,0.1388
78,1457,1535,0.1388
79,1454,1533,0.1388
75,1446,1521,0.1388
76,1446,1522,0.1388
76,1462,1538,0.1388
75,1454,1529,0.1388
76,1449,1525,0.1388
78,1441,1519,0.1388
77,1447,1524,0.1388
76,1439,1515,0.1388
78,1428,1506,0.1388
78,1427,1505,0.1388
80,1436,1516,0.1388
81,1429,1510,0.1388
80,1428,1508,0.1388
78,1442,1520,0.1388
76,1442,1518,0.1388
75,1456,1531,0.1388
74,1451,1525,0.1388
76,1437,1513,0.1388
77,1429,1506,0.1388
79,1442,1521,0.1388
79,1443,1522,0.1388
79,1447,1526,0.1388
77,1460,1537,0.1388
80,1436,1516,0.1388
81,1441,1522,0.1388
79,1444,1523,0.1388
78,1434,1512,0.1388
75,1455,1530,0.1388
76,1441,1517,0.1388
75,1433,1508,0.1388
77,1439,1516,0.1388
78,1446,1524,0.1388
79,1450,1529,0.1388
77,1451,1528,0.1388
79,1456,1535,0.1388
79,1443,1522,0.1388
76,1464,1540,0.1388
73,1457,1530,0.1388
74,1454,1528,0.1388
76,1452,1528,0.1388
78,1443,1521,0.1388
78,1451,1529,0.1388
76,1448,1524,0.1388
76,1448,1524,0.1388
77,1443,1520,0.1388
78,1448,1526,0.1388
78,1440,1518,0.1388
79,1438,1517,0.1388
79,1438,1517,0.1388
78,1433,1511,0.1388
80,1439,1519,0.1388
77,1437,1514,0.1388
76,1444,1520,0.1388
72,1437,1509,0.1388
72,1452,1524,0.1388
71,1440,1511,0.1388
72,1438,1510,0.1388
74,1430,1504,0.1388
73,1425,1498,0.1388
73,1423,1496,0.1388
72,1440,1512,0.1388
69,1447,1516,0.1388
73,1451,1524,0.1388
72,1456,1528,0.1388
74,1452,1526,0.1388
73,1429,1502,0.1388
72,1432,1504,0.1388
72,1434,1506,0.1388
77,1441,1518,0.1388
75,1453,1528,0.1388
78,1448,1526,0.1388
78,1448,1526,0.1388
76,1453,1529,0.1388
77,1444,1521,0.1388
75,1442,1517,0.1388
73,1440,1513,0.1388
75,1431,1506,0.1388
72,1437,1509,0.1388
70,1437,1507,0.1388
71,1444,1515,0.1388
70,1462,1532,0.1388
66,1466,1532,0.1388
66,1443,1509,0.1388
64,1435,1499,0.1388
65,1448,1513,0.1388
64,1443,1507,0.1388
66,1451,1517,0.1388
66,1454,1520,0.1388
70,1464,1534,0.1388
69,1453,1522,0.1388
67,1444,1511,0.1388
68,1454,1522,0.1388
70,1448,1518,0.1388
73,1445,1518,0.1388
72,1437,1509,0.1388
73,1440,1513,0.1388
70,1426,1496,0.1388
67,1426,1493,0.1388
70,1432,1502,0.1388
67,1441,1508,0.1388
67,1445,1512,0.1388
67,1451,1518,0.1388
68,1448,1516,0.1388
69,1455,1524,0.1388
69,1449,1518,0.1388
65,1442,1507,0.1388
62,1452,1514,0.1388
63,1449,1512,0.1388
63,1454,1517,0.1388
61,1449,1510,0.1388
60,1440,1500,0.1388
61,1442,1503,0.1388
61,1447,1508,0.1388
59,1451,1510,0.1388
58,1454,1512,0.1388
59,1457,1516,0.1388
60,1468,1528,0.1388
60,1465,1525,0.1388
60,1469,1529,0.1388
58,1469,1527,0.1388
59,1466,1525,0.1388
60,1466,1526,0.1388
58,1459,1517,0.1388
60,1450,1510,0.1388
58,1453,1511,0.1388
54,1449,1503,0.1388
54,1465,1519,0.1388
52,1460,1512,0.1388
50,1468,1518,0.1388
48,1470,1518,0.1388
46,1469,1515,0.1388
44,1464,1508,0.1388
44,1467,1511,0.1388
42,1471,1513,0.1388
44,1472,1516,0.1388
46,1471,1517,0.1388
47,1479,1526,0.1388
45,1481,1526,0.1388
43,1495,1538,0.1388
41,1482,1523,0.1388
41,1487,1528,0.1388
43,1481,1524,0.1388
40,1485,1525,0.1388
39,1491,1530,0.1388
38,1494,1532,0.1388
36,1482,1518,0.1388
37,1477,1514,0.1388
40,1488,1528,0.1388
40,1474,1514,0.1388
42,1461,1503,0.1388
42,1468,1510,0.1388
42,1462,1504,0.1388
44,1461,1505,0.1388
47,1472,1519,0.1388
46,1478,1524,0.1388
45,1480,1525,0.1388
45,1481,1526,0.1388
43,1473,1516,0.1388
44,1477,1521,0.1388
45,1470,1515,0.1388
46,1453,1499,0.1388
46,1457,1503,0.1388
44,1461,1505,0.1388
43,1464,1507,0.1388
45,1458,1503,0.1388
46,1473,1519,0.1388
46,1474,1520,0.1388
45,1475,1520,0.1388
45,1473,1518,0.1388
45,1495,1540,0.1388
44,1478,1522,0.1388
44,1491,1535,0.1388
44,1491,1535,0.1388
43,1483,1526,0.1388
42,1496,1538,0.1388
42,1493,1535,0.1388
42,1483,1525,0.1388
42,1497,1539,0.1388
42,1491,1533,0.1388
43,1481,1524,0.1388
42,1489,1531,0.1388
43,1477,1520,0.1388
43,1466,1509,0.1388
43,1474,1517,0.1388
40,1469,1509,0.1388
42,1467,1509,0.1388
43,1473,1516,0.1388
43,1470,1513,0.1388
43,1477,1520,0.1388
42,1483,1525,0.1388
42,1466,1508,0.1388
43,1469,1512,0.1388
42,1472,1514,0.1388
41,1475,1516,0.1388
42,1488,1530,0.1388
40,1486,1526,0.1388
39,1490,1529,0.1388
40,1482,1522,0.1388
38,1481,1519,0.1388
39,1484,1523,0.1388
39,1483,1522,0.1388
39,1483,1522,0.1388
39,1481,1520,0.1388
38,1489,1527,0.1388
40,1494,1534,0.1388
39,1491,1530,0.1388
40,1491,1531,0.1388
39,1491,1530,0.1388
39,1475,1514,0.1388
39,1483,1522,0.1388
40,1478,1518,0.1388
40,1481,1521,0.1388
39,1493,1532,0.1388
37,1490,1527,0.1388
39,1482,1521,0.1388
39,1477,1516,0.1388
39,1482,1521,0.1388
39,1477,1516,0.1388
40,1465,1505,0.1388
39,1476,1515,0.1388
38,1470,1508,0.1388
37,1469,1506,0.1388
37,1465,1502,0.1388
40,1468,1508,0.1388
43,1480,1523,0.1388
45,1474,1519,0.1388
44,1473,1517,0.1388
43,1453,1496,0.1388
45,1463,1508,0.1388
46,1473,1519,0.1388
42,1467,1509,0.1388
42,1471,1513,0.1388
43,1458,1501,0.1388
44,1457,1501,0.1388
45,1469,1514,0.1388
46,1467,1513,0.1388
46,1470,1516,0.1388
45,1469,1514,0.1388
45,1465,1510,0.1388
43,1477,1520,0.1388
43,1479,1522,0.1388
45,1484,1529,0.1388
48,1478,1526,0.1388
48,1480,1528,0.1388
47,1467,1514,0.1388
49,1462,1511,0.1388
50,1465,1515,0.1388
48,1457,1505,0.1388
46,1472,1518,0.1388
44,1460,1504,0.1388
44,1475,1519,0.1388
45,1464,1509,0.1388
44,1479,1523,0.1388
41,1490,1531,0.1388
40,1490,1530,0.1388
36,1491,1527,0.1388
39,1477,1516,0.1388
40,1488,1528,0.1388
40,1486,1526,0.1388
40,1485,1525,0.1388
39,1481,1520,0.1388
40,1480,1520,0.1388
40,1481,1521,0.1388
39,1468,1507,0.1388
40,1479,1519,0.1388
43,1480,1523,0.1388
43,1458,1501,0.1388
42,1468,1510,0.1388
41,1471,1512,0.1388
42,1474,1516,0.1388
42,1481,1523,0.1388
42,1486,1528,0.1388
40,1488,1528,0.1388
39,1492,1531,0.1388
40,1493,1533,0.1388
40,1491,1531,0.1388
39,1476,1515,0.1388
37,1481,1518,0.1388
37,1477,1514,0.1388
38,1487,1525,0.1388
36,1484,1520,0.1388
36,1477,1513,0.1388
37,1495,1532,0.1388
39,1491,1530,0.1388
39,1494,1533,0.1388
38,1484,1522,0.1388
38,1488,1526,0.1388
41,1484,1525,0.1388
41,1478,1519,0.1388
41,1473,1514,0.1388
42,1488,1530,0.1388
40,1497,1537,0.1388
40,1500,1540,0.1388
40,1485,1525,0.1388
40,1490,1530,0.1388
40,1486,1526,0.1388
39,1481,1520,0.1388
39,1487,1526,0.1388
38,1489,1527,0.1388
38,1475,1513,0.1388
38,1478,1516,0.1388
38,1476,1514,0.1388
39,1478,1517,0.1388
36,1473,1509,0.1388
36,1473,1509,0.1388
36,1476,1512,0.1388
37,1479,1516,0.1388
39,1468,1507,0.1388
39,1477,1516,0.1388
39,1486,1525,0.1388
38,1489,1527,0.1388
37,1490,1527,0.1388
36,1491,1527,0.1388
36,1491,1527,0.1388
36,1493,1529,0.1388
38,1482,1520,0.1388
36,1480,1516,0.1388
37,1470,1507,0.1388
35,1483,1518,0.1388
37,1466,1503,0.1388
36,1470,1506,0.1388
38,1474,1512,0.1388
37,1470,1507,0.1388
36,1479,1515,0.1388
36,1475,1511,0.1388
36,1490,1526,0.1388
36,1487,1523,0.1388
36,1490,1526,0.1388
37,1487,1524,0.1388
33,1490,1523,0.1388
34,1485,1519,0.1388
35,1479,1514,0.1388
32,1470,1502,0.1388
30,1471,1501,0.1388
31,1466,1497,0.1388
31,1470,1501,0.1388
29,1495,1524,0.1388
32,1492,1524,0.1388
30,1484,1514,0.1388
30,1478,1508,0.1388
30,1484,1514,0.1388
30,1473,1503,0.1388
31,1491,1522,0.1388
32,1498,1530,0.1388
31,1493,1524,0.1388
29,1499,1528,0.1388
29,1512,1541,0.1388
28,1505,1533,0.1388
30,1515,1545,0.1388
28,1503,1531,0.1388
29,1501,1530,0.1388
29,1500,1529,0.1388
29,1500,1529,0.1388
28,1494,1522,0.1388
27,1499,1526,0.1388
27,1501,1528,0.1388
29,1493,1522,0.1388
30,1494,1524,0.1388
31,1489,1520,0.1388
29,1485,1514,0.1388
29,1513,1542,0.1388
28,1503,1531,0.1388
28,1484,1512,0.1388
28,1493,1521,0.1388
27,1492,1519,0.1388
28,1494,1522,0.1388
29,1501,1530,0.1388
29,1489,1518,0.1388
29,1492,1521,0.1388
27,1500,1527,0.1388
27,1502,1529,0.1388
28,1490,1518,0.1388
28,1491,1519,0.1388
29,1476,1505,0.1388
28,1480,1508,0.1388
28,1473,1501,0.1388
29,1472,1501,0.1388
29,1485,1514,0.1388
29,1471,1500,0.1388
27,1486,1513,0.1388
31,1477,1508,0.1388
30,1484,1514,0.1388
30,1474,1504,0.1388
30,1494,1524,0.1388
28,1481,1509,0.1388
28,1480,1508,0.1388
30,1485,1515,0.1388
31,1480,1511,0.1388
30,1490,1520,0.1388
30,1495,1525,0.1388
30,1498,1528,0.1388
30,1508,1538,0.1388
32,1491,1523,0.1388
32,1483,1515,0.1388
32,1478,1510,0.1388
30,1485,1515,0.1388
31,1493,1524,0.1388
32,1501,1533,0.1388
31,1505,1536,0.1388
28,1488,1516,0.1388
27,1506,1533,0.1388
28,1506,1534,0.1388
29,1509,1538,0.1388
29,1493,1522,0.1388
29,1492,1521,0.1388
27,1496,1523,0.1388
28,1501,1529,0.1388
29,1491,1520,0.1388
28,1478,1506,0.1388
28,1486,1514,0.1388
29,1480,1509,0.1388
28,1494,1522,0.1388
29,1490,1519,0.1388
28,1482,1510,0.1388
26,1481,1507,0.1388
26,1470,1496,0.1388
27,1456,1483,0.1388
27,1469,1496,0.1388
27,1476,1503,0.1388
27,1495,1522,0.1388
27,1496,1523,0.1388
27,1501,1528,0.1388
28,1500,1528,0.1388
28,1503,1531,0.1388
29,1499,1528,0.1388
28,1482,1510,0.1388
28,1487,1515,0.1388
27,1492,1519,0.1388
25,1490,1515,0.1388
28,1492,1520,0.1388
28,1489,1517,0.1388
28,1487,1515,0.1388
29,1491,1520,0.1388
27,1493,1520,0.1388
27,1493,1520,0.1388
29,1481,1510,0.1388
29,1472,1501,0.1388
31,1482,1513,0.1388
30,1485,1515,0.1388
30,1486,1516,0.1388
30,1495,1525,0.1388
28,1508,1536,0.1388
28,1510,1538,0.1388
28,1496,1524,0.1388
28,1495,1523,0.1388
28,1486,1514,0.1388
30,1486,1516,0.1388
31,1495,1526,0.1388
30,1491,1521,0.1388
29,1480,1509,0.1388
30,1471,1501,0.1388
29,1466,1495,0.1388
31,1473,1504,0.1388
32,1482,1514,0.1388
33,1482,1515,0.1388
34,1475,1509,0.1388
34,1482,1516,0.1388
33,1473,1506,0.1388
33,1483,1516,0.1388
32,1486,1518,0.1388
31,1478,1509,0.1388
33,1476,1509,0.1388
36,1489,1525,0.1388
33,1499,1532,0.1388
33,1500,1533,0.1388
33,1495,1528,0.1388
33,1492,1525,0.1388
30,1489,1519,0.1388
31,1494,1525,0.1388
30,1492,1522,0.1388
29,1491,1520,0.1388
29,1491,1520,0.1388
31,1488,1519,0.1388
30,1493,1523,0.1388
31,1492,1523,0.1388
30,1473,1503,0.1388
28,1476,1504,0.1388
29,1484,1513,0.1388
28,1481,1509,0.1388
28,1487,1515,0.1388
30,1498,1528,0.1388
31,1495,1526,0.1388
32,1489,1521,0.1388
31,1481,1512,0.1388
30,1494,1524,0.1388
30,1504,1534,0.1388
30,1496,1526,0.1388
30,1501,1531,0.1388
31,1495,1526,0.1388
31,1506,1537,0.1388
31,1494,1525,0.1388
30,1498,1528,0.1388
29,1504,1533,0.1388
29,1510,1539,0.1388
28,1512,1540,0.1388
28,1496,1524,0.1388
28,1492,1520,0.1388
29,1484,1513,0.1388
29,1487,1516,0.1388
30,1493,1523,0.1388
29,1499,1528,0.1388
29,1489,1518,0.1388
27,1490,1517,0.1388
27,1497,1524,0.1388
29,1488,1517,0.1388
30,1481,1511,0.1388
30,1487,1517,0.1388
29,1498,1527,0.1388
28,1490,1518,0.1388
27,1488,1515,0.1388
28,1482,1510,0.1388
27,1475,1502,0.1388
29,1473,1502,0.1388
29,1473,1502,0.1388
29,1472,1501,0.1388
28,1477,1505,0.1388
30,1481,1511,0.1388
30,1483,1513,0.1388
28,1475,1503,0.1388
28,1479,1507,0.1388
29,1495,1524,0.1388
27,1486,1513,0.1388
28,1489,1517,0.1388
29,1487,1516,0.1388
29,1491,1520,0.1388
30,1488,1518,0.1388
30,1505,1535,0.1388
31,1493,1524,0.1388
31,1498,1529,0.1388
30,1497,1527,0.1388
30,1482,1512,0.1388
30,1470,1500,0.1388
30,1480,1510,0.1388
30,1474,1504,0.1388
30,1472,1502,0.1388
30,1481,1511,0.1388
30,1493,1523,0.1388
31,1482,1513,0.1388
30,1483,1513,0.1388
29,1479,1508,0.1388
29,1497,1526,0.1388
29,1485,1514,0.1388
29,1483,1512,0.1388
29,1487,1516,0.1388
28,1474,1502,0.1388
29,1464,1493,0.1388
27,1470,1497,0.1388
30,1471,1501,0.1388
31,1476,1507,0.1388
31,1476,1507,0.1388
31,1475,1506,0.1388
32,1472,1504,0.1388
30,1484,1514,0.1388
30,1498,1528,0.1388
31,1502,1533,0.1388
30,1506,1536,0.1388
30,1493,1523,0.1388
31,1489,1520,0.1388
31,1498,1529,0.1388
31,1493,1524,0.1388
32,1494,1526,0.1388
31,1498,1529,0.1388
31,1491,1522,0.1388
31,1491,1522,0.1388
30,1491,1521,0.1388
29,1479,1508,0.1388
27,1485,1512,0.1388
28,1480,1508,0.1388
29,1481,1510,0.1388
29,1484,1513,0.1388
31,1488,1519,0.1388
30,1473,1503,0.1388
30,1478,1508,0.1388
28,1481,1509,0.1388
27,1480,1507,0.1388
26,1481,1507,0.1388
26,1492,1518,0.1388
28,1482,1510,0.1388
26,1483,1509,0.1388
26,1497,1523,0.1388
26,1491,1517,0.1388
29,1492,1521,0.1388
27,1494,1521,0.1388
27,1504,1531,0.1388
27,1497,1524,0.1388
27,1492,1519,0.1388
29,1484,1513,0.1388
29,1494,1523,0.1388
28,1488,1516,0.1388
26,1479,1505,0.1388
25,1483,1508,0.1388
25,1482,1507,0.1388
25,1488,1513,0.1388
26,1504,1530,0.1388
27,1497,1524,0.1388
29,1481,1510,0.1388
31,1484,1515,0.1388
31,1495,1526,0.1388
27,1494,1521,0.1388
27,1493,1520,0.1388
27,1491,1518,0.1388
27,1498,1525,0.1388
26,1488,1514,0.1388
26,1496,1522,0.1388
26,1494,1520,0.1388
25,1489,1514,0.1388
25,1491,1516,0.1388
23,1497,1520,0.1388
23,1491,1514,0.1388
24,1496,1520,0.1388
25,1494,1519,0.1388
24,1499,1523,0.1388
22,1498,1520,0.1388
22,1496,1518,0.1388
24,1491,1515,0.1388
22,1499,1521,0.1388
22,1504,1526,0.1388
22,1481,1503,0.1388
22,1482,1504,0.1388
24,1482,1506,0.1388
24,1492,1516,0.1388
24,1496,1520,0.1388
23,1501,1524,0.1388
22,1494,1516,0.1388
23,1495,1518,0.1388
22,1502,1524,0.1388
20,1502,1522,0.1388
20,1515,1535,0.1388
20,1502,1522,0.1388
21,1501,1522,0.1388
20,1512,1532,0.1388
20,1510,1530,0.1388
21,1508,1529,0.1388
20,1515,1535,0.1388
20,1501,1521,0.1388
18,1496,1514,0.1388
16,1486,1502,0.1388
16,1492,1508,0.1388
17,1488,1505,0.1388
18,1489,1507,0.1388
18,1480,1498,0.1388
17,1492,1509,0.1388
17,1502,1519,0.1388
18,1518,1536,0.1388
17,1503,1520,0.1388
16,1492,1508,0.1388
16,1493,1509,0.1388
16,1501,1517,0.1388
16,1503,1519,0.1388
18,1494,1512,0.1388
19,1495,1514,0.1388
21,1501,1522,0.1388
20,1502,1522,0.1388
20,1497,1517,0.1388
20,1498,1518,0.1388
20,1492,1512,0.1388
21,1502,1523,0.1388
19,1501,1520,0.1388
18,1498,1516,0.1388
18,1499,1517,0.1388
19,1495,1514,0.1388
19,1496,1515,0.1388
19,1503,1522,0.1388
20,1497,1517,0.1388
18,1506,1524,0.1388
17,1498,1515,0.1388
16,1499,1515,0.1388
16,1502,1518,0.1388
16,1500,1516,0.1388
16,1504,1520,0.1388
16,1504,1520,0.1388
16,1505,1521,0.1388
15,1512,1527,0.1388
16,1503,1519,0.1388
16,1507,1523,0.1388
16,1509,1525,0.1388
16,1519,1535,0.1388
16,1498,1514,0.1388
16,1507,1523,0.1388
15,1507,1522,0.1388
15,1508,1523,0.1388
15,1500,1515,0.1388
14,1510,1524,0.1388
15,1506,1521,0.1388
16,1492,1508,0.1388
16,1474,1490,0.1388
16,1475,1491,0.1388
13,1484,1497,0.1388
13,1482,1495,0.1388
12,1495,1507,0.1388
11,1497,1508,0.1388
11,1497,1508,0.1388
12,1487,1499,0.1388
12,1500,1512,0.1388
11,1497,1508,0.1388
10,1503,1513,0.1388
12,1496,1508,0.1388
12,1491,1503,0.1388
11,1504,1515,0.1388
11,1507,1518,0.1388
11,1517,1528,0.1388
11,1501,1512,0.1388
11,1504,1515,0.1388
12,1499,1511,0.1388
12,1504,1516,0.1388
12,1508,1520,0.1388
12,1515,1527,0.1388
11,1518,1529,0.1388
10,1512,1522,0.1388
10,1501,1511,0.1388
9,1500,1509,0.1388
9,1501,1510,0.1388
10,1504,1514,0.1388
10,1494,1504,0.1388
9,1498,1507,0.1388
9,1504,1513,0.1388
9,1506,1515,0.1388
9,1520,1529,0.1388
8,1506,1514,0.1388
9,1519,1528,0.1388
10,1504,1514,0.1388
10,1508,1518,0.1388
9,1509,1518,0.1388
9,1500,1509,0.1388
10,1499,1509,0.1388
10,1502,1512,0.1388
9,1500,1509,0.1388
9,1496,1505,0.1388
9,1499,1508,0.1388
8,1506,1514,0.1388
8,1487,1495,0.1388
8,1502,1510,0.1388
9,1501,1510,0.1388
9,1503,1512,0.1388
8,1495,1503,0.1388
8,1493,1501,0.1388
8,1502,1510,0.1388
8,1492,1500,0.1388
8,1502,1510,0.1388
8,1505,1513,0.1388
8,1508,1516,0.1388
8,1516,1524,0.1388
8,1517,1525,0.1388
9,1513,1522,0.1388
8,1529,1537,0.1388
8,1506,1514,0.1388
7,1503,1510,0.1388
8,1510,1518,0.1388
8,1516,1524,0.1388
7,1523,1530,0.1388
7,1506,1513,0.1388
7,1518,1525,0.1388
7,1510,1517,0.1388
7,1516,1523,0.1388
8,1516,1524,0.1388
8,1508,1516,0.1388
8,1488,1496,0.1388
8,1509,1517,0.1388
8,1523,1531,0.1388
7,1519,1526,0.1388
7,1514,1521,0.1388
6,1509,1515,0.1388
7,1512,1519,0.1388
6,1511,1517,0.1388
6,1523,1529,0.1388
6,1519,1525,0.1388
6,1513,1519,0.1388
6,1512,1518,0.1388
6,1493,1499,0.1388
6,1507,1513,0.1388
5,1505,1510,0.1388
5,1502,1507,0.1388
4,1499,1503,0.1388
4,1505,1509,0.1388
3,1517,1520,0.1388
3,1511,1514,0.1388
3,1506,1509,0.1388
3,1507,1510,0.1388
3,1509,1512,0.1388
3,1498,1501,0.1388
3,1506,1509,0.1388
3,1517,1520,0.1388
3,1509,1512,0.1388
3,1517,1520,0.1388
4,1521,1525,0.1388
5,1514,1519,0.1388
5,1517,1522,0.1388
5,1514,1519,0.1388
5,1513,1518,0.1388
5,1518,1523,0.1388
4,1521,1525,0.1388
4,1517,1521,0.1388
4,1520,1524,0.1388
3,1514,1517,0.1388
3,1522,1525,0.1388
3,1515,1518,0.1388
3,1516,1519,0.1388
3,1513,1516,0.1388
3,1511,1514,0.1388
2,1515,1517,0.1388
2,1520,1522,0.1388
2,1509,1511,0.1388
2,1501,1503,0.1388
2,1512,1514,0.1388
2,1509,1511,0.1388
2,1519,1521,0.1388
2,1506,1508,0.1388
2,1501,1503,0.1388
2,1503,1505,0.1388
2,1501,1503,0.1388
2,1495,1497,0.1388
2,1497,1499,0.1388
2,1503,1505,0.1388
2,1507,1509,0.1388
2,1506,1508,0.1388
2,1501,1503,0.1388
2,1508,1510,0.1388
2,1516,1518,0.1388
2,1516,1518,0.1388
2,1508,1510,0.1388
1,1513,1514,0.1388
1,1518,1519,0.1388
1,1517,1518,0.1388
1,1511,1512,0.1388
1,1514,1515,0.1388
1,1523,1524,0.1388
1,1522,1523,0.1388
1,1516,1517,0.1388
1,1524,1525,0.1388
1,1507,1508,0.1388
1,1494,1495,0.1388
1,1494,1495,0.1388
1,1487,1488,0.1388
1,1495,1496,0.1388
1,1508,1509,0.1388
1,1505,1506,0.1388
1,1498,1499,0.1388
1,1514,1515,0.1388
1,1521,1522,0.1388
1,1524,1525,0.1388
1,1523,1524,0.1388
1,1517,1518,0.1388
1,1525,1526,0.1388
1,1536,1537,0.1388
1,1535,1536,0.1388
1,1518,1519,0.1388
1,1524,1525,0.1388
1,1515,1516,0.1388
0,1497,1497,0.1388
